,data,area,Vaccinazioni giornaliere,sesso_maschile,sesso_femminile,prima_dose,seconda_dose,pregressa_infezione,codice_NUTS1,codice_NUTS2,codice_regione_ISTAT,nome_area,Regione,popolazione,Totale vaccinazioni,Totale vaccinazioni ogni cento ab,Vaccinazioni giornaliere ogni cento ab
0,2021-02-12,PAB,730,217,513,482,248,0,ITH,ITH1,4,Provincia Autonoma Bolzano / Bozen,P.A. Bolzano,533050,730,0.14,0.14
1,2021-04-10,PAB,5396,2666,2730,4802,588,6,ITH,ITH1,4,Provincia Autonoma Bolzano / Bozen,P.A. Bolzano,533050,6126,1.15,1.01
2,2020-12-31,PAB,913,519,394,913,0,0,ITH,ITH1,4,Provincia Autonoma Bolzano / Bozen,P.A. Bolzano,533050,7039,1.32,0.17
3,2021-04-19,PAB,1873,859,1014,1689,182,2,ITH,ITH1,4,Provincia Autonoma Bolzano / Bozen,P.A. Bolzano,533050,8912,1.67,0.35
4,2021-06-15,PAB,2017,1165,852,486,1531,0,ITH,ITH1,4,Provincia Autonoma Bolzano / Bozen,P.A. Bolzano,533050,10929,2.05,0.38
5,2021-04-17,PAB,5239,2602,2637,5184,44,11,ITH,ITH1,4,Provincia Autonoma Bolzano / Bozen,P.A. Bolzano,533050,16168,3.03,0.98
6,2021-01-07,PAB,918,327,591,918,0,0,ITH,ITH1,4,Provincia Autonoma Bolzano / Bozen,P.A. Bolzano,533050,17086,3.21,0.17
7,2021-05-20,PAB,4726,2336,2390,3229,1469,28,ITH,ITH1,4,Provincia Autonoma Bolzano / Bozen,P.A. Bolzano,533050,21812,4.09,0.89
8,2021-07-09,PAB,4860,2407,2453,730,4130,0,ITH,ITH1,4,Provincia Autonoma Bolzano / Bozen,P.A. Bolzano,533050,26672,5.0,0.91
9,2021-03-31,PAB,1832,694,1138,821,1011,0,ITH,ITH1,4,Provincia Autonoma Bolzano / Bozen,P.A. Bolzano,533050,28504,5.35,0.34
10,2021-04-24,PAB,5110,2452,2658,4607,485,18,ITH,ITH1,4,Provincia Autonoma Bolzano / Bozen,P.A. Bolzano,533050,33614,6.31,0.96
11,2021-04-05,PAB,301,144,157,22,278,1,ITH,ITH1,4,Provincia Autonoma Bolzano / Bozen,P.A. Bolzano,533050,33915,6.36,0.06
12,2021-06-27,PAB,4424,2313,2111,618,3806,0,ITH,ITH1,4,Provincia Autonoma Bolzano / Bozen,P.A. Bolzano,533050,38339,7.19,0.83
13,2021-01-12,PAB,1709,459,1250,1709,0,0,ITH,ITH1,4,Provincia Autonoma Bolzano / Bozen,P.A. Bolzano,533050,40048,7.51,0.32
14,2021-06-06,PAB,4535,2178,2357,858,3677,0,ITH,ITH1,4,Provincia Autonoma Bolzano / Bozen,P.A. Bolzano,533050,44583,8.36,0.85
15,2021-02-26,PAB,1527,551,976,1494,30,3,ITH,ITH1,4,Provincia Autonoma Bolzano / Bozen,P.A. Bolzano,533050,46110,8.65,0.29
16,2021-06-01,PAB,3559,2318,1241,2087,1472,0,ITH,ITH1,4,Provincia Autonoma Bolzano / Bozen,P.A. Bolzano,533050,49669,9.32,0.67
17,2021-02-19,PAB,2252,512,1740,2241,11,0,ITH,ITH1,4,Provincia Autonoma Bolzano / Bozen,P.A. Bolzano,533050,51921,9.74,0.42
18,2021-01-26,PAB,810,291,519,1,809,0,ITH,ITH1,4,Provincia Autonoma Bolzano / Bozen,P.A. Bolzano,533050,52731,9.89,0.15
19,2021-07-02,PAB,3195,1657,1538,1023,2172,0,ITH,ITH1,4,Provincia Autonoma Bolzano / Bozen,P.A. Bolzano,533050,55926,10.49,0.6
20,2021-03-24,PAB,2064,999,1065,2049,13,2,ITH,ITH1,4,Provincia Autonoma Bolzano / Bozen,P.A. Bolzano,533050,57990,10.88,0.39
21,2021-03-10,PAB,1268,529,739,1123,143,2,ITH,ITH1,4,Provincia Autonoma Bolzano / Bozen,P.A. Bolzano,533050,59258,11.12,0.24
22,2021-05-06,PAB,5181,2747,2434,2590,2568,23,ITH,ITH1,4,Provincia Autonoma Bolzano / Bozen,P.A. Bolzano,533050,64439,12.09,0.97
23,2021-01-24,PAB,12,10,2,0,12,0,ITH,ITH1,4,Provincia Autonoma Bolzano / Bozen,P.A. Bolzano,533050,64451,12.09,0.0
24,2021-07-04,PAB,4412,2129,2283,188,4224,0,ITH,ITH1,4,Provincia Autonoma Bolzano / Bozen,P.A. Bolzano,533050,68863,12.92,0.83
25,2021-06-20,PAB,5227,2843,2384,610,4593,24,ITH,ITH1,4,Provincia Autonoma Bolzano / Bozen,P.A. Bolzano,533050,74090,13.9,0.98
26,2021-02-07,PAB,2362,1058,1304,14,2348,0,ITH,ITH1,4,Provincia Autonoma Bolzano / Bozen,P.A. Bolzano,533050,76452,14.34,0.44
27,2021-05-18,PAB,3342,1753,1589,2134,1186,22,ITH,ITH1,4,Provincia Autonoma Bolzano / Bozen,P.A. Bolzano,533050,79794,14.97,0.63
28,2021-03-22,PAB,1144,523,621,1138,5,1,ITH,ITH1,4,Provincia Autonoma Bolzano / Bozen,P.A. Bolzano,533050,80938,15.18,0.21
29,2021-04-12,PAB,2105,946,1159,2095,7,3,ITH,ITH1,4,Provincia Autonoma Bolzano / Bozen,P.A. Bolzano,533050,83043,15.58,0.39
30,2021-03-07,PAB,114,13,101,9,105,0,ITH,ITH1,4,Provincia Autonoma Bolzano / Bozen,P.A. Bolzano,533050,83157,15.6,0.02
31,2021-04-21,PAB,3013,1468,1545,2156,848,9,ITH,ITH1,4,Provincia Autonoma Bolzano / Bozen,P.A. Bolzano,533050,86170,16.17,0.57
32,2021-06-24,PAB,3917,2026,1891,1727,2190,0,ITH,ITH1,4,Provincia Autonoma Bolzano / Bozen,P.A. Bolzano,533050,90087,16.9,0.73
33,2021-06-08,PAB,4149,2118,2031,832,3317,0,ITH,ITH1,4,Provincia Autonoma Bolzano / Bozen,P.A. Bolzano,533050,94236,17.68,0.78
34,2021-04-28,PAB,2464,1302,1162,2444,5,15,ITH,ITH1,4,Provincia Autonoma Bolzano / Bozen,P.A. Bolzano,533050,96700,18.14,0.46
35,2021-01-05,PAB,830,286,544,830,0,0,ITH,ITH1,4,Provincia Autonoma Bolzano / Bozen,P.A. Bolzano,533050,97530,18.3,0.16
36,2021-01-23,PAB,197,117,80,0,197,0,ITH,ITH1,4,Provincia Autonoma Bolzano / Bozen,P.A. Bolzano,533050,97727,18.33,0.04
37,2021-05-03,PAB,1831,847,984,417,1413,1,ITH,ITH1,4,Provincia Autonoma Bolzano / Bozen,P.A. Bolzano,533050,99558,18.68,0.34
38,2021-02-23,PAB,769,324,445,763,6,0,ITH,ITH1,4,Provincia Autonoma Bolzano / Bozen,P.A. Bolzano,533050,100327,18.82,0.14
39,2021-05-17,PAB,3139,1516,1623,2436,694,9,ITH,ITH1,4,Provincia Autonoma Bolzano / Bozen,P.A. Bolzano,533050,103466,19.41,0.59
40,2021-06-03,PAB,4724,2567,2157,3777,947,0,ITH,ITH1,4,Provincia Autonoma Bolzano / Bozen,P.A. Bolzano,533050,108190,20.3,0.89
41,2021-06-29,PAB,1873,1010,863,257,1616,0,ITH,ITH1,4,Provincia Autonoma Bolzano / Bozen,P.A. Bolzano,533050,110063,20.65,0.35
42,2021-03-21,PAB,768,285,483,14,754,0,ITH,ITH1,4,Provincia Autonoma Bolzano / Bozen,P.A. Bolzano,533050,110831,20.79,0.14
43,2021-06-12,PAB,5041,2735,2306,1753,3288,0,ITH,ITH1,4,Provincia Autonoma Bolzano / Bozen,P.A. Bolzano,533050,115872,21.74,0.95
44,2021-01-14,PAB,1946,575,1371,1946,0,0,ITH,ITH1,4,Provincia Autonoma Bolzano / Bozen,P.A. Bolzano,533050,117818,22.1,0.37
45,2021-04-07,PAB,1798,823,975,1255,540,3,ITH,ITH1,4,Provincia Autonoma Bolzano / Bozen,P.A. Bolzano,533050,119616,22.44,0.34
46,2021-03-17,PAB,582,213,369,580,2,0,ITH,ITH1,4,Provincia Autonoma Bolzano / Bozen,P.A. Bolzano,533050,120198,22.55,0.11
47,2021-05-13,PAB,2995,1355,1640,1059,1930,6,ITH,ITH1,4,Provincia Autonoma Bolzano / Bozen,P.A. Bolzano,533050,123193,23.11,0.56
48,2021-04-29,PAB,2631,1351,1280,1925,694,12,ITH,ITH1,4,Provincia Autonoma Bolzano / Bozen,P.A. Bolzano,533050,125824,23.6,0.49
49,2021-01-19,PAB,853,371,482,723,130,0,ITH,ITH1,4,Provincia Autonoma Bolzano / Bozen,P.A. Bolzano,533050,126677,23.76,0.16
50,2021-06-25,PAB,4159,2293,1866,1153,3006,0,ITH,ITH1,4,Provincia Autonoma Bolzano / Bozen,P.A. Bolzano,533050,130836,24.54,0.78
51,2021-05-15,PAB,7005,3691,3314,6679,294,32,ITH,ITH1,4,Provincia Autonoma Bolzano / Bozen,P.A. Bolzano,533050,137841,25.86,1.31
52,2021-02-04,PAB,1958,593,1365,8,1950,0,ITH,ITH1,4,Provincia Autonoma Bolzano / Bozen,P.A. Bolzano,533050,139799,26.23,0.37
53,2021-07-11,PAB,5691,2878,2813,853,4838,0,ITH,ITH1,4,Provincia Autonoma Bolzano / Bozen,P.A. Bolzano,533050,145490,27.29,1.07
54,2021-05-01,PAB,2104,1067,1037,1940,160,4,ITH,ITH1,4,Provincia Autonoma Bolzano / Bozen,P.A. Bolzano,533050,147594,27.69,0.39
55,2021-03-12,PAB,1664,734,930,1250,413,1,ITH,ITH1,4,Provincia Autonoma Bolzano / Bozen,P.A. Bolzano,533050,149258,28.0,0.31
56,2021-03-29,PAB,1171,499,672,411,759,1,ITH,ITH1,4,Provincia Autonoma Bolzano / Bozen,P.A. Bolzano,533050,150429,28.22,0.22
57,2021-03-05,PAB,1840,625,1215,1395,443,2,ITH,ITH1,4,Provincia Autonoma Bolzano / Bozen,P.A. Bolzano,533050,152269,28.57,0.35
58,2021-05-27,PAB,6088,3201,2887,4021,2010,57,ITH,ITH1,4,Provincia Autonoma Bolzano / Bozen,P.A. Bolzano,533050,158357,29.71,1.14
59,2021-06-13,PAB,3682,2049,1633,490,3192,0,ITH,ITH1,4,Provincia Autonoma Bolzano / Bozen,P.A. Bolzano,533050,162039,30.4,0.69
60,2021-05-25,PAB,3839,1992,1847,2935,886,18,ITH,ITH1,4,Provincia Autonoma Bolzano / Bozen,P.A. Bolzano,533050,165878,31.12,0.72
61,2021-02-14,PAB,297,130,167,297,0,0,ITH,ITH1,4,Provincia Autonoma Bolzano / Bozen,P.A. Bolzano,533050,166175,31.17,0.06
62,2021-05-08,PAB,4427,2382,2045,3749,663,15,ITH,ITH1,4,Provincia Autonoma Bolzano / Bozen,P.A. Bolzano,533050,170602,32.0,0.83
63,2021-03-03,PAB,1181,395,786,1168,13,0,ITH,ITH1,4,Provincia Autonoma Bolzano / Bozen,P.A. Bolzano,533050,171783,32.23,0.22
64,2021-01-09,PAB,612,326,286,612,0,0,ITH,ITH1,4,Provincia Autonoma Bolzano / Bozen,P.A. Bolzano,533050,172395,32.34,0.11
65,2021-06-17,PAB,1757,976,781,679,1078,0,ITH,ITH1,4,Provincia Autonoma Bolzano / Bozen,P.A. Bolzano,533050,174152,32.67,0.33
66,2021-01-02,PAB,91,48,43,91,0,0,ITH,ITH1,4,Provincia Autonoma Bolzano / Bozen,P.A. Bolzano,533050,174243,32.69,0.02
67,2021-01-16,PAB,2840,1265,1575,2840,0,0,ITH,ITH1,4,Provincia Autonoma Bolzano / Bozen,P.A. Bolzano,533050,177083,33.22,0.53
68,2021-06-10,PAB,4443,2307,2136,1348,3095,0,ITH,ITH1,4,Provincia Autonoma Bolzano / Bozen,P.A. Bolzano,533050,181526,34.05,0.83
69,2021-04-26,PAB,1543,771,772,1532,5,6,ITH,ITH1,4,Provincia Autonoma Bolzano / Bozen,P.A. Bolzano,533050,183069,34.34,0.29
70,2021-03-02,PAB,695,200,495,692,2,1,ITH,ITH1,4,Provincia Autonoma Bolzano / Bozen,P.A. Bolzano,533050,183764,34.47,0.13
71,2021-03-19,PAB,1906,773,1133,794,1107,5,ITH,ITH1,4,Provincia Autonoma Bolzano / Bozen,P.A. Bolzano,533050,185670,34.83,0.36
72,2021-07-01,PAB,4623,2296,2327,1459,3164,0,ITH,ITH1,4,Provincia Autonoma Bolzano / Bozen,P.A. Bolzano,533050,190293,35.7,0.87
73,2021-02-09,PAB,317,126,191,1,316,0,ITH,ITH1,4,Provincia Autonoma Bolzano / Bozen,P.A. Bolzano,533050,190610,35.76,0.06
74,2021-02-02,PAB,1745,506,1239,8,1737,0,ITH,ITH1,4,Provincia Autonoma Bolzano / Bozen,P.A. Bolzano,533050,192355,36.09,0.33
75,2021-05-31,PAB,2987,1464,1523,2105,867,15,ITH,ITH1,4,Provincia Autonoma Bolzano / Bozen,P.A. Bolzano,533050,195342,36.65,0.56
76,2021-01-01,PAB,6,5,1,6,0,0,ITH,ITH1,4,Provincia Autonoma Bolzano / Bozen,P.A. Bolzano,533050,195348,36.65,0.0
77,2021-06-07,PAB,2902,1506,1396,2583,319,0,ITH,ITH1,4,Provincia Autonoma Bolzano / Bozen,P.A. Bolzano,533050,198250,37.19,0.54
78,2021-02-27,PAB,2458,759,1699,2445,10,3,ITH,ITH1,4,Provincia Autonoma Bolzano / Bozen,P.A. Bolzano,533050,200708,37.65,0.46
79,2021-07-06,PAB,1573,843,730,614,959,0,ITH,ITH1,4,Provincia Autonoma Bolzano / Bozen,P.A. Bolzano,533050,202281,37.95,0.3
80,2021-06-22,PAB,2452,1410,1042,335,2117,0,ITH,ITH1,4,Provincia Autonoma Bolzano / Bozen,P.A. Bolzano,533050,204733,38.41,0.46
81,2021-03-14,PAB,758,336,422,25,733,0,ITH,ITH1,4,Provincia Autonoma Bolzano / Bozen,P.A. Bolzano,533050,205491,38.55,0.14
82,2021-04-14,PAB,3593,1645,1948,3488,91,14,ITH,ITH1,4,Provincia Autonoma Bolzano / Bozen,P.A. Bolzano,533050,209084,39.22,0.67
83,2021-01-04,PAB,508,201,307,508,0,0,ITH,ITH1,4,Provincia Autonoma Bolzano / Bozen,P.A. Bolzano,533050,209592,39.32,0.1
84,2021-02-06,PAB,2627,1172,1455,18,2608,1,ITH,ITH1,4,Provincia Autonoma Bolzano / Bozen,P.A. Bolzano,533050,212219,39.81,0.49
85,2021-06-21,PAB,3162,1612,1550,295,2867,0,ITH,ITH1,4,Provincia Autonoma Bolzano / Bozen,P.A. Bolzano,533050,215381,40.41,0.59
86,2021-03-28,PAB,569,212,357,11,558,0,ITH,ITH1,4,Provincia Autonoma Bolzano / Bozen,P.A. Bolzano,533050,215950,40.51,0.11
87,2021-05-10,PAB,3018,1300,1718,1412,1605,1,ITH,ITH1,4,Provincia Autonoma Bolzano / Bozen,P.A. Bolzano,533050,218968,41.08,0.57
88,2021-02-16,PAB,530,205,325,530,0,0,ITH,ITH1,4,Provincia Autonoma Bolzano / Bozen,P.A. Bolzano,533050,219498,41.18,0.1
89,2021-01-28,PAB,871,308,563,9,862,0,ITH,ITH1,4,Provincia Autonoma Bolzano / Bozen,P.A. Bolzano,533050,220369,41.34,0.16
90,2021-04-25,PAB,3073,1497,1576,2398,672,3,ITH,ITH1,4,Provincia Autonoma Bolzano / Bozen,P.A. Bolzano,533050,223442,41.92,0.58
91,2021-01-13,PAB,1691,557,1134,1691,0,0,ITH,ITH1,4,Provincia Autonoma Bolzano / Bozen,P.A. Bolzano,533050,225133,42.23,0.32
92,2021-01-30,PAB,498,245,253,4,494,0,ITH,ITH1,4,Provincia Autonoma Bolzano / Bozen,P.A. Bolzano,533050,225631,42.33,0.09
93,2021-04-23,PAB,4543,2151,2392,3243,1291,9,ITH,ITH1,4,Provincia Autonoma Bolzano / Bozen,P.A. Bolzano,533050,230174,43.18,0.85
94,2021-06-26,PAB,4523,2319,2204,1451,3072,0,ITH,ITH1,4,Provincia Autonoma Bolzano / Bozen,P.A. Bolzano,533050,234697,44.03,0.85
95,2021-03-18,PAB,1302,531,771,226,1076,0,ITH,ITH1,4,Provincia Autonoma Bolzano / Bozen,P.A. Bolzano,533050,235999,44.27,0.24
96,2021-05-14,PAB,5134,2320,2814,3086,2037,11,ITH,ITH1,4,Provincia Autonoma Bolzano / Bozen,P.A. Bolzano,533050,241133,45.24,0.96
97,2021-03-16,PAB,1290,532,758,124,1166,0,ITH,ITH1,4,Provincia Autonoma Bolzano / Bozen,P.A. Bolzano,533050,242423,45.48,0.24
98,2021-05-12,PAB,3792,2058,1734,3621,153,18,ITH,ITH1,4,Provincia Autonoma Bolzano / Bozen,P.A. Bolzano,533050,246215,46.19,0.71
99,2021-02-01,PAB,1452,440,1012,12,1440,0,ITH,ITH1,4,Provincia Autonoma Bolzano / Bozen,P.A. Bolzano,533050,247667,46.46,0.27
100,2021-02-13,PAB,318,79,239,312,6,0,ITH,ITH1,4,Provincia Autonoma Bolzano / Bozen,P.A. Bolzano,533050,247985,46.52,0.06
101,2021-04-11,PAB,2724,1294,1430,2543,177,4,ITH,ITH1,4,Provincia Autonoma Bolzano / Bozen,P.A. Bolzano,533050,250709,47.03,0.51
102,2021-05-24,PAB,1444,762,682,1093,333,18,ITH,ITH1,4,Provincia Autonoma Bolzano / Bozen,P.A. Bolzano,533050,252153,47.3,0.27
103,2021-02-20,PAB,1802,540,1262,1784,18,0,ITH,ITH1,4,Provincia Autonoma Bolzano / Bozen,P.A. Bolzano,533050,253955,47.64,0.34
104,2021-04-18,PAB,3110,1607,1503,2099,1010,1,ITH,ITH1,4,Provincia Autonoma Bolzano / Bozen,P.A. Bolzano,533050,257065,48.23,0.58
105,2021-01-21,PAB,953,442,511,139,814,0,ITH,ITH1,4,Provincia Autonoma Bolzano / Bozen,P.A. Bolzano,533050,258018,48.4,0.18
106,2021-06-05,PAB,6073,3026,3047,4978,1095,0,ITH,ITH1,4,Provincia Autonoma Bolzano / Bozen,P.A. Bolzano,533050,264091,49.54,1.14
107,2021-04-30,PAB,3342,1594,1748,1559,1776,7,ITH,ITH1,4,Provincia Autonoma Bolzano / Bozen,P.A. Bolzano,533050,267433,50.17,0.63
108,2021-01-20,PAB,618,253,365,410,208,0,ITH,ITH1,4,Provincia Autonoma Bolzano / Bozen,P.A. Bolzano,533050,268051,50.29,0.12
109,2021-01-06,PAB,59,18,41,59,0,0,ITH,ITH1,4,Provincia Autonoma Bolzano / Bozen,P.A. Bolzano,533050,268110,50.3,0.01
110,2021-03-30,PAB,1299,532,767,219,1080,0,ITH,ITH1,4,Provincia Autonoma Bolzano / Bozen,P.A. Bolzano,533050,269409,50.54,0.24
111,2021-04-16,PAB,2951,1419,1532,2437,511,3,ITH,ITH1,4,Provincia Autonoma Bolzano / Bozen,P.A. Bolzano,533050,272360,51.09,0.55
112,2021-07-08,PAB,5136,2588,2548,310,4826,0,ITH,ITH1,4,Provincia Autonoma Bolzano / Bozen,P.A. Bolzano,533050,277496,52.06,0.96
113,2021-07-10,PAB,5605,2883,2722,877,4728,0,ITH,ITH1,4,Provincia Autonoma Bolzano / Bozen,P.A. Bolzano,533050,283101,53.11,1.05
114,2021-01-18,PAB,1772,687,1085,1767,5,0,ITH,ITH1,4,Provincia Autonoma Bolzano / Bozen,P.A. Bolzano,533050,284873,53.44,0.33
115,2021-03-04,PAB,1715,1005,710,1481,229,5,ITH,ITH1,4,Provincia Autonoma Bolzano / Bozen,P.A. Bolzano,533050,286588,53.76,0.32
116,2021-05-26,PAB,4939,2492,2447,2946,1974,19,ITH,ITH1,4,Provincia Autonoma Bolzano / Bozen,P.A. Bolzano,533050,291527,54.69,0.93
117,2021-06-14,PAB,2961,1606,1355,604,2357,0,ITH,ITH1,4,Provincia Autonoma Bolzano / Bozen,P.A. Bolzano,533050,294488,55.25,0.56
118,2021-02-15,PAB,72,42,30,26,46,0,ITH,ITH1,4,Provincia Autonoma Bolzano / Bozen,P.A. Bolzano,533050,294560,55.26,0.01
119,2021-05-11,PAB,2844,1335,1509,1309,1523,12,ITH,ITH1,4,Provincia Autonoma Bolzano / Bozen,P.A. Bolzano,533050,297404,55.79,0.53
120,2021-05-07,PAB,4194,2062,2132,3650,528,16,ITH,ITH1,4,Provincia Autonoma Bolzano / Bozen,P.A. Bolzano,533050,301598,56.58,0.79
121,2021-07-03,PAB,5632,2790,2842,1072,4560,0,ITH,ITH1,4,Provincia Autonoma Bolzano / Bozen,P.A. Bolzano,533050,307230,57.64,1.06
122,2021-05-05,PAB,4154,1945,2209,2025,2116,13,ITH,ITH1,4,Provincia Autonoma Bolzano / Bozen,P.A. Bolzano,533050,311384,58.42,0.78
123,2021-01-25,PAB,487,183,304,3,484,0,ITH,ITH1,4,Provincia Autonoma Bolzano / Bozen,P.A. Bolzano,533050,311871,58.51,0.09
124,2021-03-23,PAB,1555,760,795,1554,1,0,ITH,ITH1,4,Provincia Autonoma Bolzano / Bozen,P.A. Bolzano,533050,313426,58.8,0.29
125,2021-04-01,PAB,2787,1407,1380,2638,144,5,ITH,ITH1,4,Provincia Autonoma Bolzano / Bozen,P.A. Bolzano,533050,316213,59.32,0.52
126,2021-07-05,PAB,2933,1406,1527,950,1983,0,ITH,ITH1,4,Provincia Autonoma Bolzano / Bozen,P.A. Bolzano,533050,319146,59.87,0.55
127,2021-05-30,PAB,4763,2516,2247,749,4011,3,ITH,ITH1,4,Provincia Autonoma Bolzano / Bozen,P.A. Bolzano,533050,323909,60.77,0.89
128,2021-07-12,PAB,1717,833,884,0,1717,0,ITH,ITH1,4,Provincia Autonoma Bolzano / Bozen,P.A. Bolzano,533050,325626,61.09,0.32
129,2021-04-03,PAB,831,364,467,20,810,1,ITH,ITH1,4,Provincia Autonoma Bolzano / Bozen,P.A. Bolzano,533050,326457,61.24,0.16
130,2021-03-25,PAB,2151,1063,1088,1707,443,1,ITH,ITH1,4,Provincia Autonoma Bolzano / Bozen,P.A. Bolzano,533050,328608,61.65,0.4
131,2021-01-27,PAB,85,29,56,2,83,0,ITH,ITH1,4,Provincia Autonoma Bolzano / Bozen,P.A. Bolzano,533050,328693,61.66,0.02
132,2021-06-04,PAB,6467,3238,3229,4937,1530,0,ITH,ITH1,4,Provincia Autonoma Bolzano / Bozen,P.A. Bolzano,533050,335160,62.88,1.21
133,2021-02-24,PAB,1367,406,961,1354,12,1,ITH,ITH1,4,Provincia Autonoma Bolzano / Bozen,P.A. Bolzano,533050,336527,63.13,0.26
134,2021-01-11,PAB,1574,513,1061,1574,0,0,ITH,ITH1,4,Provincia Autonoma Bolzano / Bozen,P.A. Bolzano,533050,338101,63.43,0.3
135,2021-04-06,PAB,2250,1118,1132,2146,103,1,ITH,ITH1,4,Provincia Autonoma Bolzano / Bozen,P.A. Bolzano,533050,340351,63.85,0.42
136,2021-04-08,PAB,2767,1347,1420,2561,204,2,ITH,ITH1,4,Provincia Autonoma Bolzano / Bozen,P.A. Bolzano,533050,343118,64.37,0.52
137,2020-12-27,PAB,144,65,79,144,0,0,ITH,ITH1,4,Provincia Autonoma Bolzano / Bozen,P.A. Bolzano,533050,343262,64.4,0.03
138,2021-06-30,PAB,3060,1564,1496,456,2604,0,ITH,ITH1,4,Provincia Autonoma Bolzano / Bozen,P.A. Bolzano,533050,346322,64.97,0.57
139,2021-06-11,PAB,5755,2952,2803,2285,3470,0,ITH,ITH1,4,Provincia Autonoma Bolzano / Bozen,P.A. Bolzano,533050,352077,66.05,1.08
140,2021-03-20,PAB,1758,849,909,1132,625,1,ITH,ITH1,4,Provincia Autonoma Bolzano / Bozen,P.A. Bolzano,533050,353835,66.38,0.33
141,2021-01-29,PAB,1497,510,987,24,1473,0,ITH,ITH1,4,Provincia Autonoma Bolzano / Bozen,P.A. Bolzano,533050,355332,66.66,0.28
142,2021-04-22,PAB,2924,1501,1423,1975,942,7,ITH,ITH1,4,Provincia Autonoma Bolzano / Bozen,P.A. Bolzano,533050,358256,67.21,0.55
143,2021-05-09,PAB,4241,2410,1831,3084,1152,5,ITH,ITH1,4,Provincia Autonoma Bolzano / Bozen,P.A. Bolzano,533050,362497,68.0,0.8
144,2021-03-06,PAB,3973,2081,1892,3758,211,4,ITH,ITH1,4,Provincia Autonoma Bolzano / Bozen,P.A. Bolzano,533050,366470,68.75,0.75
145,2021-05-28,PAB,5684,2897,2787,3778,1890,16,ITH,ITH1,4,Provincia Autonoma Bolzano / Bozen,P.A. Bolzano,533050,372154,69.82,1.07
146,2021-02-17,PAB,156,51,105,139,17,0,ITH,ITH1,4,Provincia Autonoma Bolzano / Bozen,P.A. Bolzano,533050,372310,69.85,0.03
147,2021-03-09,PAB,1194,543,651,1192,2,0,ITH,ITH1,4,Provincia Autonoma Bolzano / Bozen,P.A. Bolzano,533050,373504,70.07,0.22
148,2021-05-23,PAB,4338,2303,2035,4311,8,19,ITH,ITH1,4,Provincia Autonoma Bolzano / Bozen,P.A. Bolzano,533050,377842,70.88,0.81
149,2021-02-03,PAB,1503,478,1025,5,1498,0,ITH,ITH1,4,Provincia Autonoma Bolzano / Bozen,P.A. Bolzano,533050,379345,71.16,0.28
150,2021-06-19,PAB,5658,3012,2646,625,5033,0,ITH,ITH1,4,Provincia Autonoma Bolzano / Bozen,P.A. Bolzano,533050,385003,72.23,1.06
151,2021-03-11,PAB,1685,825,860,1136,538,11,ITH,ITH1,4,Provincia Autonoma Bolzano / Bozen,P.A. Bolzano,533050,386688,72.54,0.32
152,2021-02-25,PAB,1498,549,949,1496,1,1,ITH,ITH1,4,Provincia Autonoma Bolzano / Bozen,P.A. Bolzano,533050,388186,72.82,0.28
153,2021-06-02,PAB,1444,809,635,987,457,0,ITH,ITH1,4,Provincia Autonoma Bolzano / Bozen,P.A. Bolzano,533050,389630,73.09,0.27
154,2021-02-08,PAB,2,1,1,1,1,0,ITH,ITH1,4,Provincia Autonoma Bolzano / Bozen,P.A. Bolzano,533050,389632,73.09,0.0
155,2021-05-19,PAB,3637,1850,1787,1843,1786,8,ITH,ITH1,4,Provincia Autonoma Bolzano / Bozen,P.A. Bolzano,533050,393269,73.78,0.68
156,2021-01-03,PAB,41,16,25,41,0,0,ITH,ITH1,4,Provincia Autonoma Bolzano / Bozen,P.A. Bolzano,533050,393310,73.78,0.01
157,2021-04-13,PAB,2394,1132,1262,2385,7,2,ITH,ITH1,4,Provincia Autonoma Bolzano / Bozen,P.A. Bolzano,533050,395704,74.23,0.45
158,2021-02-22,PAB,526,143,383,514,12,0,ITH,ITH1,4,Provincia Autonoma Bolzano / Bozen,P.A. Bolzano,533050,396230,74.33,0.1
159,2021-07-07,PAB,1607,818,789,296,1311,0,ITH,ITH1,4,Provincia Autonoma Bolzano / Bozen,P.A. Bolzano,533050,397837,74.63,0.3
160,2021-03-27,PAB,3051,1554,1497,1543,1508,0,ITH,ITH1,4,Provincia Autonoma Bolzano / Bozen,P.A. Bolzano,533050,400888,75.21,0.57
161,2021-03-13,PAB,2885,1459,1426,2782,101,2,ITH,ITH1,4,Provincia Autonoma Bolzano / Bozen,P.A. Bolzano,533050,403773,75.75,0.54
162,2021-02-05,PAB,3195,1181,2014,8,3187,0,ITH,ITH1,4,Provincia Autonoma Bolzano / Bozen,P.A. Bolzano,533050,406968,76.35,0.6
163,2021-04-15,PAB,4399,2307,2092,4116,263,20,ITH,ITH1,4,Provincia Autonoma Bolzano / Bozen,P.A. Bolzano,533050,411367,77.17,0.83
164,2021-06-28,PAB,4607,2304,2303,240,4367,0,ITH,ITH1,4,Provincia Autonoma Bolzano / Bozen,P.A. Bolzano,533050,415974,78.04,0.86
165,2021-01-15,PAB,3282,1228,2054,3282,0,0,ITH,ITH1,4,Provincia Autonoma Bolzano / Bozen,P.A. Bolzano,533050,419256,78.65,0.62
166,2021-06-18,PAB,4157,2162,1995,1258,2899,0,ITH,ITH1,4,Provincia Autonoma Bolzano / Bozen,P.A. Bolzano,533050,423413,79.43,0.78
167,2021-01-08,PAB,1521,479,1042,1521,0,0,ITH,ITH1,4,Provincia Autonoma Bolzano / Bozen,P.A. Bolzano,533050,424934,79.72,0.29
168,2021-02-10,PAB,1636,605,1031,26,1610,0,ITH,ITH1,4,Provincia Autonoma Bolzano / Bozen,P.A. Bolzano,533050,426570,80.02,0.31
169,2021-05-21,PAB,6925,3806,3119,5044,1846,35,ITH,ITH1,4,Provincia Autonoma Bolzano / Bozen,P.A. Bolzano,533050,433495,81.32,1.3
170,2021-05-16,PAB,2025,932,1093,1329,692,4,ITH,ITH1,4,Provincia Autonoma Bolzano / Bozen,P.A. Bolzano,533050,435520,81.7,0.38
171,2021-05-02,PAB,2457,1288,1169,1531,921,5,ITH,ITH1,4,Provincia Autonoma Bolzano / Bozen,P.A. Bolzano,533050,437977,82.16,0.46
172,2021-01-22,PAB,248,143,105,124,124,0,ITH,ITH1,4,Provincia Autonoma Bolzano / Bozen,P.A. Bolzano,533050,438225,82.21,0.05
173,2021-04-02,PAB,2077,837,1240,718,1357,2,ITH,ITH1,4,Provincia Autonoma Bolzano / Bozen,P.A. Bolzano,533050,440302,82.6,0.39
174,2021-05-29,PAB,7135,3769,3366,3969,3139,27,ITH,ITH1,4,Provincia Autonoma Bolzano / Bozen,P.A. Bolzano,533050,447437,83.94,1.34
175,2021-03-26,PAB,1657,733,924,523,1134,0,ITH,ITH1,4,Provincia Autonoma Bolzano / Bozen,P.A. Bolzano,533050,449094,84.25,0.31
176,2021-04-09,PAB,2937,1301,1636,2200,730,7,ITH,ITH1,4,Provincia Autonoma Bolzano / Bozen,P.A. Bolzano,533050,452031,84.8,0.55
177,2021-05-22,PAB,6821,3553,3268,4620,2166,35,ITH,ITH1,4,Provincia Autonoma Bolzano / Bozen,P.A. Bolzano,533050,458852,86.08,1.28
178,2021-02-11,PAB,1094,432,662,239,855,0,ITH,ITH1,4,Provincia Autonoma Bolzano / Bozen,P.A. Bolzano,533050,459946,86.29,0.21
179,2021-02-18,PAB,1839,457,1382,1832,7,0,ITH,ITH1,4,Provincia Autonoma Bolzano / Bozen,P.A. Bolzano,533050,461785,86.63,0.34
180,2020-12-30,PAB,388,182,206,388,0,0,ITH,ITH1,4,Provincia Autonoma Bolzano / Bozen,P.A. Bolzano,533050,462173,86.7,0.07
181,2021-06-09,PAB,3789,1884,1905,1314,2475,0,ITH,ITH1,4,Provincia Autonoma Bolzano / Bozen,P.A. Bolzano,533050,465962,87.41,0.71
182,2021-03-01,PAB,922,221,701,918,1,3,ITH,ITH1,4,Provincia Autonoma Bolzano / Bozen,P.A. Bolzano,533050,466884,87.59,0.17
183,2021-03-15,PAB,1192,451,741,710,482,0,ITH,ITH1,4,Provincia Autonoma Bolzano / Bozen,P.A. Bolzano,533050,468076,87.81,0.22
184,2021-04-27,PAB,2226,1013,1213,1146,1077,3,ITH,ITH1,4,Provincia Autonoma Bolzano / Bozen,P.A. Bolzano,533050,470302,88.23,0.42
185,2021-01-17,PAB,2328,1044,1284,2317,11,0,ITH,ITH1,4,Provincia Autonoma Bolzano / Bozen,P.A. Bolzano,533050,472630,88.67,0.44
186,2021-06-23,PAB,1148,591,557,384,764,0,ITH,ITH1,4,Provincia Autonoma Bolzano / Bozen,P.A. Bolzano,533050,473778,88.88,0.22
187,2021-04-20,PAB,1562,784,778,1558,2,2,ITH,ITH1,4,Provincia Autonoma Bolzano / Bozen,P.A. Bolzano,533050,475340,89.17,0.29
188,2021-01-10,PAB,2,2,0,2,0,0,ITH,ITH1,4,Provincia Autonoma Bolzano / Bozen,P.A. Bolzano,533050,475342,89.17,0.0
189,2021-06-16,PAB,3812,2018,1794,9,3803,0,ITH,ITH1,4,Provincia Autonoma Bolzano / Bozen,P.A. Bolzano,533050,479154,89.89,0.72
190,2021-03-08,PAB,1210,534,676,1183,27,0,ITH,ITH1,4,Provincia Autonoma Bolzano / Bozen,P.A. Bolzano,533050,480364,90.12,0.23
191,2021-05-04,PAB,3449,1843,1606,2400,1037,12,ITH,ITH1,4,Provincia Autonoma Bolzano / Bozen,P.A. Bolzano,533050,483813,90.76,0.65
192,2021-03-23,PIE,13106,5486,7620,6560,6241,305,ITC,ITC1,1,Piemonte,Piemonte,4356406,13106,0.3,0.3
193,2021-01-16,PIE,7761,2624,5137,7754,0,7,ITC,ITC1,1,Piemonte,Piemonte,4356406,20867,0.48,0.18
194,2021-07-08,PIE,40782,20862,19920,7946,32819,17,ITC,ITC1,1,Piemonte,Piemonte,4356406,61649,1.42,0.94
195,2021-01-23,PIE,4254,1325,2929,876,3376,2,ITC,ITC1,1,Piemonte,Piemonte,4356406,65903,1.51,0.1
196,2021-03-21,PIE,10722,4739,5983,4023,6532,167,ITC,ITC1,1,Piemonte,Piemonte,4356406,76625,1.76,0.25
197,2021-06-19,PIE,40007,20299,19708,23362,16645,0,ITC,ITC1,1,Piemonte,Piemonte,4356406,116632,2.68,0.92
198,2021-02-04,PIE,10200,3339,6861,581,9617,2,ITC,ITC1,1,Piemonte,Piemonte,4356406,126832,2.91,0.23
199,2021-04-30,PIE,31825,14317,17508,17833,13326,666,ITC,ITC1,1,Piemonte,Piemonte,4356406,158657,3.64,0.73
200,2021-04-23,PIE,27412,12594,14818,19964,6757,691,ITC,ITC1,1,Piemonte,Piemonte,4356406,186069,4.27,0.63
201,2021-05-19,PIE,33137,15297,17840,21435,11122,580,ITC,ITC1,1,Piemonte,Piemonte,4356406,219206,5.03,0.76
202,2021-03-14,PIE,8201,3335,4866,5170,2896,135,ITC,ITC1,1,Piemonte,Piemonte,4356406,227407,5.22,0.19
203,2021-05-10,PIE,28950,13954,14996,15414,13107,429,ITC,ITC1,1,Piemonte,Piemonte,4356406,256357,5.88,0.66
204,2021-01-30,PIE,5980,2135,3845,216,5763,1,ITC,ITC1,1,Piemonte,Piemonte,4356406,262337,6.02,0.14
205,2021-06-24,PIE,39143,19640,19503,18870,20273,0,ITC,ITC1,1,Piemonte,Piemonte,4356406,301480,6.92,0.9
206,2021-03-16,PIE,10511,4269,6242,4369,6051,91,ITC,ITC1,1,Piemonte,Piemonte,4356406,311991,7.16,0.24
207,2021-05-12,PIE,31884,15185,16699,18369,12900,615,ITC,ITC1,1,Piemonte,Piemonte,4356406,343875,7.89,0.73
208,2021-02-11,PIE,6755,2104,4651,2978,3758,19,ITC,ITC1,1,Piemonte,Piemonte,4356406,350630,8.05,0.16
209,2021-04-09,PIE,25833,11383,14450,20774,4503,556,ITC,ITC1,1,Piemonte,Piemonte,4356406,376463,8.64,0.59
210,2020-12-30,PIE,730,322,408,730,0,0,ITC,ITC1,1,Piemonte,Piemonte,4356406,377193,8.66,0.02
211,2021-06-05,PIE,36928,18918,18010,32472,4456,0,ITC,ITC1,1,Piemonte,Piemonte,4356406,414121,9.51,0.85
212,2021-02-25,PIE,12207,5245,6962,11485,545,177,ITC,ITC1,1,Piemonte,Piemonte,4356406,426328,9.79,0.28
213,2021-06-07,PIE,34882,17860,17022,30086,4792,4,ITC,ITC1,1,Piemonte,Piemonte,4356406,461210,10.59,0.8
214,2020-12-28,PIE,1,1,0,1,0,0,ITC,ITC1,1,Piemonte,Piemonte,4356406,461211,10.59,0.0
215,2021-07-06,PIE,38219,19364,18855,9170,29049,0,ITC,ITC1,1,Piemonte,Piemonte,4356406,499430,11.46,0.88
216,2021-03-28,PIE,16056,6898,9158,8114,7621,321,ITC,ITC1,1,Piemonte,Piemonte,4356406,515486,11.83,0.37
217,2021-04-11,PIE,20823,9319,11504,18221,2149,453,ITC,ITC1,1,Piemonte,Piemonte,4356406,536309,12.31,0.48
218,2021-01-04,PIE,5558,1676,3882,5557,0,1,ITC,ITC1,1,Piemonte,Piemonte,4356406,541867,12.44,0.13
219,2021-04-28,PIE,26028,11730,14298,15451,10032,545,ITC,ITC1,1,Piemonte,Piemonte,4356406,567895,13.04,0.6
220,2021-01-18,PIE,6164,2046,4118,5911,249,4,ITC,ITC1,1,Piemonte,Piemonte,4356406,574059,13.18,0.14
221,2021-05-24,PIE,28969,13417,15552,16629,11962,378,ITC,ITC1,1,Piemonte,Piemonte,4356406,603028,13.84,0.66
222,2021-03-02,PIE,11191,4500,6691,10192,815,184,ITC,ITC1,1,Piemonte,Piemonte,4356406,614219,14.1,0.26
223,2021-06-12,PIE,42526,22423,20103,39897,2629,0,ITC,ITC1,1,Piemonte,Piemonte,4356406,656745,15.08,0.98
224,2021-05-05,PIE,32185,15096,17089,18545,13012,628,ITC,ITC1,1,Piemonte,Piemonte,4356406,688930,15.81,0.74
225,2021-07-01,PIE,41830,20938,20892,20716,21112,2,ITC,ITC1,1,Piemonte,Piemonte,4356406,730760,16.77,0.96
226,2021-07-03,PIE,40042,20105,19937,16014,24028,0,ITC,ITC1,1,Piemonte,Piemonte,4356406,770802,17.69,0.92
227,2021-02-08,PIE,6914,2354,4560,661,6249,4,ITC,ITC1,1,Piemonte,Piemonte,4356406,777716,17.85,0.16
228,2021-05-21,PIE,36068,16740,19328,19929,15636,503,ITC,ITC1,1,Piemonte,Piemonte,4356406,813784,18.68,0.83
229,2021-06-02,PIE,26530,12997,13533,22063,4467,0,ITC,ITC1,1,Piemonte,Piemonte,4356406,840314,19.29,0.61
230,2021-02-22,PIE,8477,3468,5009,7787,590,100,ITC,ITC1,1,Piemonte,Piemonte,4356406,848791,19.48,0.19
231,2021-03-11,PIE,13794,5110,8684,10462,3093,239,ITC,ITC1,1,Piemonte,Piemonte,4356406,862585,19.8,0.32
232,2021-03-25,PIE,17057,7206,9851,7987,8635,435,ITC,ITC1,1,Piemonte,Piemonte,4356406,879642,20.19,0.39
233,2021-06-26,PIE,41113,20916,20197,22606,18507,0,ITC,ITC1,1,Piemonte,Piemonte,4356406,920755,21.14,0.94
234,2021-04-04,PIE,9252,4057,5195,6393,2710,149,ITC,ITC1,1,Piemonte,Piemonte,4356406,930007,21.35,0.21
235,2021-04-21,PIE,25726,11826,13900,19774,5337,615,ITC,ITC1,1,Piemonte,Piemonte,4356406,955733,21.94,0.59
236,2021-01-11,PIE,8736,2978,5758,8730,0,6,ITC,ITC1,1,Piemonte,Piemonte,4356406,964469,22.14,0.2
237,2021-06-28,PIE,38379,19057,19322,15665,22712,2,ITC,ITC1,1,Piemonte,Piemonte,4356406,1002848,23.02,0.88
238,2021-04-06,PIE,20233,8807,11426,14587,5194,452,ITC,ITC1,1,Piemonte,Piemonte,4356406,1023081,23.48,0.46
239,2020-12-27,PIE,913,369,544,913,0,0,ITC,ITC1,1,Piemonte,Piemonte,4356406,1023994,23.51,0.02
240,2021-04-02,PIE,20112,8295,11817,11297,8421,394,ITC,ITC1,1,Piemonte,Piemonte,4356406,1044106,23.97,0.46
241,2021-05-29,PIE,32795,15226,17569,20266,12166,363,ITC,ITC1,1,Piemonte,Piemonte,4356406,1076901,24.72,0.75
242,2021-02-18,PIE,4788,2094,2694,4273,430,85,ITC,ITC1,1,Piemonte,Piemonte,4356406,1081689,24.83,0.11
243,2021-04-16,PIE,28390,13205,15185,22648,4989,753,ITC,ITC1,1,Piemonte,Piemonte,4356406,1110079,25.48,0.65
244,2021-05-02,PIE,25080,11268,13812,13956,10742,382,ITC,ITC1,1,Piemonte,Piemonte,4356406,1135159,26.06,0.58
245,2021-02-27,PIE,12673,4845,7828,12103,344,226,ITC,ITC1,1,Piemonte,Piemonte,4356406,1147832,26.35,0.29
246,2021-05-17,PIE,30909,14601,16308,17480,13149,280,ITC,ITC1,1,Piemonte,Piemonte,4356406,1178741,27.06,0.71
247,2021-02-06,PIE,7992,2665,5327,396,7594,2,ITC,ITC1,1,Piemonte,Piemonte,4356406,1186733,27.24,0.18
248,2021-02-23,PIE,9231,3713,5518,8482,581,168,ITC,ITC1,1,Piemonte,Piemonte,4356406,1195964,27.45,0.21
249,2021-05-31,PIE,29101,14054,15047,20138,8577,386,ITC,ITC1,1,Piemonte,Piemonte,4356406,1225065,28.12,0.67
250,2021-06-17,PIE,41003,20585,20418,24697,16306,0,ITC,ITC1,1,Piemonte,Piemonte,4356406,1266068,29.06,0.94
251,2021-03-09,PIE,14045,5507,8538,11482,2339,224,ITC,ITC1,1,Piemonte,Piemonte,4356406,1280113,29.38,0.32
252,2021-07-12,PIE,20192,10389,9803,1769,18403,20,ITC,ITC1,1,Piemonte,Piemonte,4356406,1300305,29.85,0.46
253,2021-04-20,PIE,25473,11664,13809,18516,6342,615,ITC,ITC1,1,Piemonte,Piemonte,4356406,1325778,30.43,0.58
254,2021-05-07,PIE,33063,15635,17428,18553,14119,391,ITC,ITC1,1,Piemonte,Piemonte,4356406,1358841,31.19,0.76
255,2021-01-27,PIE,4193,1451,2742,994,3197,2,ITC,ITC1,1,Piemonte,Piemonte,4356406,1363034,31.29,0.1
256,2021-02-13,PIE,4151,1334,2817,2915,1222,14,ITC,ITC1,1,Piemonte,Piemonte,4356406,1367185,31.38,0.1
257,2021-03-30,PIE,16911,7051,9860,8658,7870,383,ITC,ITC1,1,Piemonte,Piemonte,4356406,1384096,31.77,0.39
258,2021-07-10,PIE,41010,20783,20227,7166,33801,43,ITC,ITC1,1,Piemonte,Piemonte,4356406,1425106,32.71,0.94
259,2021-04-01,PIE,19329,8071,11258,10904,8119,306,ITC,ITC1,1,Piemonte,Piemonte,4356406,1444435,33.16,0.44
260,2021-05-28,PIE,35031,16597,18434,18662,15977,392,ITC,ITC1,1,Piemonte,Piemonte,4356406,1479466,33.96,0.8
261,2021-01-25,PIE,6211,1937,4274,976,5233,2,ITC,ITC1,1,Piemonte,Piemonte,4356406,1485677,34.1,0.14
262,2021-02-01,PIE,8642,3052,5590,575,8066,1,ITC,ITC1,1,Piemonte,Piemonte,4356406,1494319,34.3,0.2
263,2021-05-14,PIE,33400,16271,17129,17326,15416,658,ITC,ITC1,1,Piemonte,Piemonte,4356406,1527719,35.07,0.77
264,2021-06-09,PIE,38572,20331,18241,35851,2715,6,ITC,ITC1,1,Piemonte,Piemonte,4356406,1566291,35.95,0.89
265,2021-03-18,PIE,11756,4804,6952,3836,7730,190,ITC,ITC1,1,Piemonte,Piemonte,4356406,1578047,36.22,0.27
266,2021-01-13,PIE,10072,3225,6847,10063,0,9,ITC,ITC1,1,Piemonte,Piemonte,4356406,1588119,36.45,0.23
267,2021-06-16,PIE,40332,20216,20116,24087,16245,0,ITC,ITC1,1,Piemonte,Piemonte,4356406,1628451,37.38,0.93
268,2021-01-06,PIE,3107,1103,2004,3106,0,1,ITC,ITC1,1,Piemonte,Piemonte,4356406,1631558,37.45,0.07
269,2021-06-23,PIE,39654,19689,19965,16837,22817,0,ITC,ITC1,1,Piemonte,Piemonte,4356406,1671212,38.36,0.91
270,2021-03-08,PIE,14012,5356,8656,11073,2711,228,ITC,ITC1,1,Piemonte,Piemonte,4356406,1685224,38.68,0.32
271,2021-05-04,PIE,28572,13136,15436,15882,12174,516,ITC,ITC1,1,Piemonte,Piemonte,4356406,1713796,39.34,0.66
272,2021-01-24,PIE,3153,959,2194,432,2719,2,ITC,ITC1,1,Piemonte,Piemonte,4356406,1716949,39.41,0.07
273,2021-06-30,PIE,41193,20148,21045,19271,21919,3,ITC,ITC1,1,Piemonte,Piemonte,4356406,1758142,40.36,0.95
274,2021-03-22,PIE,11513,4884,6629,3707,7599,207,ITC,ITC1,1,Piemonte,Piemonte,4356406,1769655,40.62,0.26
275,2021-04-13,PIE,25923,11607,14316,21878,3457,588,ITC,ITC1,1,Piemonte,Piemonte,4356406,1795578,41.22,0.6
276,2021-01-20,PIE,6600,2084,4516,5875,718,7,ITC,ITC1,1,Piemonte,Piemonte,4356406,1802178,41.37,0.15
277,2021-02-03,PIE,10199,3304,6895,606,9591,2,ITC,ITC1,1,Piemonte,Piemonte,4356406,1812377,41.6,0.23
278,2021-05-18,PIE,32113,14826,17287,19023,12657,433,ITC,ITC1,1,Piemonte,Piemonte,4356406,1844490,42.34,0.74
279,2021-01-03,PIE,3059,965,2094,3057,0,2,ITC,ITC1,1,Piemonte,Piemonte,4356406,1847549,42.41,0.07
280,2021-05-09,PIE,27141,12927,14214,13144,13618,379,ITC,ITC1,1,Piemonte,Piemonte,4356406,1874690,43.03,0.62
281,2021-05-26,PIE,32739,15098,17641,15315,17076,348,ITC,ITC1,1,Piemonte,Piemonte,4356406,1907429,43.78,0.75
282,2021-02-15,PIE,4424,1596,2828,3195,1205,24,ITC,ITC1,1,Piemonte,Piemonte,4356406,1911853,43.89,0.1
283,2021-03-04,PIE,14521,5761,8760,11364,2939,218,ITC,ITC1,1,Piemonte,Piemonte,4356406,1926374,44.22,0.33
284,2021-06-25,PIE,45339,22575,22764,20827,24510,2,ITC,ITC1,1,Piemonte,Piemonte,4356406,1971713,45.26,1.04
285,2021-04-03,PIE,19443,8179,11264,10597,8543,303,ITC,ITC1,1,Piemonte,Piemonte,4356406,1991156,45.71,0.45
286,2021-01-10,PIE,5205,2272,2933,5203,0,2,ITC,ITC1,1,Piemonte,Piemonte,4356406,1996361,45.83,0.12
287,2021-04-22,PIE,27647,12733,14914,20176,6687,784,ITC,ITC1,1,Piemonte,Piemonte,4356406,2024008,46.46,0.63
288,2021-01-12,PIE,10076,3410,6666,10069,0,7,ITC,ITC1,1,Piemonte,Piemonte,4356406,2034084,46.69,0.23
289,2021-01-29,PIE,5937,1883,4054,452,5485,0,ITC,ITC1,1,Piemonte,Piemonte,4356406,2040021,46.83,0.14
290,2021-05-30,PIE,27696,13181,14515,18004,9322,370,ITC,ITC1,1,Piemonte,Piemonte,4356406,2067717,47.46,0.64
291,2021-02-19,PIE,5531,2174,3357,4911,501,119,ITC,ITC1,1,Piemonte,Piemonte,4356406,2073248,47.59,0.13
292,2021-06-04,PIE,37528,19627,17901,34576,2950,2,ITC,ITC1,1,Piemonte,Piemonte,4356406,2110776,48.45,0.86
293,2021-02-24,PIE,11373,4602,6771,10732,504,137,ITC,ITC1,1,Piemonte,Piemonte,4356406,2122149,48.71,0.26
294,2021-04-27,PIE,22591,10205,12386,16816,5140,635,ITC,ITC1,1,Piemonte,Piemonte,4356406,2144740,49.23,0.52
295,2021-01-17,PIE,3515,1168,2347,2864,649,2,ITC,ITC1,1,Piemonte,Piemonte,4356406,2148255,49.31,0.08
296,2021-03-15,PIE,10660,4174,6486,4898,5611,151,ITC,ITC1,1,Piemonte,Piemonte,4356406,2158915,49.56,0.24
297,2021-05-11,PIE,32043,15443,16600,18196,13214,633,ITC,ITC1,1,Piemonte,Piemonte,4356406,2190958,50.29,0.74
298,2021-01-31,PIE,4114,1754,2360,111,4003,0,ITC,ITC1,1,Piemonte,Piemonte,4356406,2195072,50.39,0.09
299,2021-01-01,PIE,1038,395,643,1037,0,1,ITC,ITC1,1,Piemonte,Piemonte,4356406,2196110,50.41,0.02
300,2021-07-05,PIE,35551,17783,17768,12352,23198,1,ITC,ITC1,1,Piemonte,Piemonte,4356406,2231661,51.23,0.82
301,2021-02-20,PIE,3831,1253,2578,3559,173,99,ITC,ITC1,1,Piemonte,Piemonte,4356406,2235492,51.32,0.09
302,2021-04-29,PIE,48425,21945,26480,34647,12612,1166,ITC,ITC1,1,Piemonte,Piemonte,4356406,2283917,52.43,1.11
303,2021-05-16,PIE,28124,12765,15359,14700,13055,369,ITC,ITC1,1,Piemonte,Piemonte,4356406,2312041,53.07,0.65
304,2021-02-05,PIE,9597,3135,6462,653,8942,2,ITC,ITC1,1,Piemonte,Piemonte,4356406,2321638,53.29,0.22
305,2021-04-17,PIE,30441,14143,16298,26440,3306,695,ITC,ITC1,1,Piemonte,Piemonte,4356406,2352079,53.99,0.7
306,2021-06-13,PIE,37867,19992,17875,33737,4130,0,ITC,ITC1,1,Piemonte,Piemonte,4356406,2389946,54.86,0.87
307,2021-02-10,PIE,7528,2368,5160,1298,6215,15,ITC,ITC1,1,Piemonte,Piemonte,4356406,2397474,55.03,0.17
308,2021-04-08,PIE,25123,10918,14205,19849,4723,551,ITC,ITC1,1,Piemonte,Piemonte,4356406,2422597,55.61,0.58
309,2021-03-03,PIE,12112,4640,7472,11106,818,188,ITC,ITC1,1,Piemonte,Piemonte,4356406,2434709,55.89,0.28
310,2021-03-20,PIE,11915,4896,7019,5776,5896,243,ITC,ITC1,1,Piemonte,Piemonte,4356406,2446624,56.16,0.27
311,2021-05-06,PIE,33465,15788,17677,19317,13553,595,ITC,ITC1,1,Piemonte,Piemonte,4356406,2480089,56.93,0.77
312,2021-05-23,PIE,28720,13140,15580,15464,12948,308,ITC,ITC1,1,Piemonte,Piemonte,4356406,2508809,57.59,0.66
313,2021-02-12,PIE,6883,2212,4671,3899,2961,23,ITC,ITC1,1,Piemonte,Piemonte,4356406,2515692,57.75,0.16
314,2021-03-01,PIE,12029,4839,7190,11052,808,169,ITC,ITC1,1,Piemonte,Piemonte,4356406,2527721,58.02,0.28
315,2021-05-25,PIE,31142,14449,16693,15616,15141,385,ITC,ITC1,1,Piemonte,Piemonte,4356406,2558863,58.74,0.71
316,2021-06-11,PIE,43511,23031,20480,40671,2834,6,ITC,ITC1,1,Piemonte,Piemonte,4356406,2602374,59.74,1.0
317,2021-04-10,PIE,30143,13402,16741,25244,4263,636,ITC,ITC1,1,Piemonte,Piemonte,4356406,2632517,60.43,0.69
318,2021-04-15,PIE,29558,13545,16013,23416,5478,664,ITC,ITC1,1,Piemonte,Piemonte,4356406,2662075,61.11,0.68
319,2021-01-05,PIE,5373,1600,3773,5369,0,4,ITC,ITC1,1,Piemonte,Piemonte,4356406,2667448,61.23,0.12
320,2021-06-22,PIE,40501,19997,20504,18285,22216,0,ITC,ITC1,1,Piemonte,Piemonte,4356406,2707949,62.16,0.93
321,2021-01-07,PIE,5367,1729,3638,5365,0,2,ITC,ITC1,1,Piemonte,Piemonte,4356406,2713316,62.28,0.12
322,2021-03-05,PIE,15367,6059,9308,11284,3815,268,ITC,ITC1,1,Piemonte,Piemonte,4356406,2728683,62.64,0.35
323,2021-06-15,PIE,38874,20021,18853,27104,11766,4,ITC,ITC1,1,Piemonte,Piemonte,4356406,2767557,63.53,0.89
324,2021-03-07,PIE,11965,4655,7310,10850,876,239,ITC,ITC1,1,Piemonte,Piemonte,4356406,2779522,63.8,0.27
325,2020-12-31,PIE,3878,1320,2558,3878,0,0,ITC,ITC1,1,Piemonte,Piemonte,4356406,2783400,63.89,0.09
326,2021-07-07,PIE,37884,18833,19051,10202,27667,15,ITC,ITC1,1,Piemonte,Piemonte,4356406,2821284,64.76,0.87
327,2021-03-29,PIE,15168,6401,8767,8299,6610,259,ITC,ITC1,1,Piemonte,Piemonte,4356406,2836452,65.11,0.35
328,2021-04-12,PIE,22925,10357,12568,19504,2985,436,ITC,ITC1,1,Piemonte,Piemonte,4356406,2859377,65.64,0.53
329,2021-01-02,PIE,3539,1132,2407,3538,0,1,ITC,ITC1,1,Piemonte,Piemonte,4356406,2862916,65.72,0.08
330,2021-05-01,PIE,28519,12988,15531,16294,11788,437,ITC,ITC1,1,Piemonte,Piemonte,4356406,2891435,66.37,0.65
331,2021-01-21,PIE,6868,2311,4557,3366,3496,6,ITC,ITC1,1,Piemonte,Piemonte,4356406,2898303,66.53,0.16
332,2021-02-28,PIE,10807,4057,6750,10394,240,173,ITC,ITC1,1,Piemonte,Piemonte,4356406,2909110,66.78,0.25
333,2021-03-17,PIE,12511,5053,7458,5041,7290,180,ITC,ITC1,1,Piemonte,Piemonte,4356406,2921621,67.06,0.29
334,2021-06-10,PIE,40326,21071,19255,37762,2559,5,ITC,ITC1,1,Piemonte,Piemonte,4356406,2961947,67.99,0.93
335,2021-06-27,PIE,37422,18562,18860,15686,21736,0,ITC,ITC1,1,Piemonte,Piemonte,4356406,2999369,68.85,0.86
336,2021-03-19,PIE,11022,4516,6506,4214,6602,206,ITC,ITC1,1,Piemonte,Piemonte,4356406,3010391,69.1,0.25
337,2021-04-05,PIE,14742,6232,8510,11941,2550,251,ITC,ITC1,1,Piemonte,Piemonte,4356406,3025133,69.44,0.34
338,2021-06-29,PIE,40448,20212,20236,19806,20641,1,ITC,ITC1,1,Piemonte,Piemonte,4356406,3065581,70.37,0.93
339,2021-04-19,PIE,22527,10756,11771,17621,4349,557,ITC,ITC1,1,Piemonte,Piemonte,4356406,3088108,70.89,0.52
340,2021-01-09,PIE,6177,2182,3995,6176,0,1,ITC,ITC1,1,Piemonte,Piemonte,4356406,3094285,71.03,0.14
341,2021-01-26,PIE,6331,1880,4451,731,5599,1,ITC,ITC1,1,Piemonte,Piemonte,4356406,3100616,71.17,0.15
342,2021-05-08,PIE,34253,16255,17998,18110,15633,510,ITC,ITC1,1,Piemonte,Piemonte,4356406,3134869,71.96,0.79
343,2021-01-28,PIE,5587,1808,3779,380,5207,0,ITC,ITC1,1,Piemonte,Piemonte,4356406,3140456,72.09,0.13
344,2021-06-06,PIE,35069,18320,16749,32581,2488,0,ITC,ITC1,1,Piemonte,Piemonte,4356406,3175525,72.89,0.8
345,2021-02-17,PIE,4790,2156,2634,3742,990,58,ITC,ITC1,1,Piemonte,Piemonte,4356406,3180315,73.0,0.11
346,2021-06-08,PIE,37639,19491,18148,34801,2838,0,ITC,ITC1,1,Piemonte,Piemonte,4356406,3217954,73.87,0.86
347,2021-04-26,PIE,19787,8743,11044,14886,4397,504,ITC,ITC1,1,Piemonte,Piemonte,4356406,3237741,74.32,0.45
348,2021-06-18,PIE,40511,20232,20279,26359,14152,0,ITC,ITC1,1,Piemonte,Piemonte,4356406,3278252,75.25,0.93
349,2021-03-10,PIE,13672,5211,8461,11134,2289,249,ITC,ITC1,1,Piemonte,Piemonte,4356406,3291924,75.57,0.31
350,2021-03-27,PIE,18384,7822,10562,9128,8822,434,ITC,ITC1,1,Piemonte,Piemonte,4356406,3310308,75.99,0.42
351,2021-01-19,PIE,6452,2102,4350,6434,9,9,ITC,ITC1,1,Piemonte,Piemonte,4356406,3316760,76.14,0.15
352,2021-04-14,PIE,27674,12546,15128,22460,4519,695,ITC,ITC1,1,Piemonte,Piemonte,4356406,3344434,76.77,0.64
353,2021-06-03,PIE,34606,17878,16728,30201,4403,2,ITC,ITC1,1,Piemonte,Piemonte,4356406,3379040,77.56,0.79
354,2021-05-15,PIE,33764,15739,18025,19401,13713,650,ITC,ITC1,1,Piemonte,Piemonte,4356406,3412804,78.34,0.78
355,2021-06-01,PIE,29282,14690,14592,24858,4424,0,ITC,ITC1,1,Piemonte,Piemonte,4356406,3442086,79.01,0.67
356,2021-02-21,PIE,5088,2083,3005,4936,102,50,ITC,ITC1,1,Piemonte,Piemonte,4356406,3447174,79.13,0.12
357,2021-06-20,PIE,33998,17028,16970,19274,14724,0,ITC,ITC1,1,Piemonte,Piemonte,4356406,3481172,79.91,0.78
358,2021-03-12,PIE,13997,5236,8761,10786,2935,276,ITC,ITC1,1,Piemonte,Piemonte,4356406,3495169,80.23,0.32
359,2021-02-14,PIE,1476,498,978,869,600,7,ITC,ITC1,1,Piemonte,Piemonte,4356406,3496645,80.26,0.03
360,2021-02-07,PIE,3083,971,2112,440,2642,1,ITC,ITC1,1,Piemonte,Piemonte,4356406,3499728,80.34,0.07
361,2021-07-11,PIE,32949,16810,16139,4815,28132,2,ITC,ITC1,1,Piemonte,Piemonte,4356406,3532677,81.09,0.76
362,2021-05-22,PIE,33464,15106,18358,16855,16214,395,ITC,ITC1,1,Piemonte,Piemonte,4356406,3566141,81.86,0.77
363,2021-05-03,PIE,26633,12161,14472,12035,14159,439,ITC,ITC1,1,Piemonte,Piemonte,4356406,3592774,82.47,0.61
364,2021-02-26,PIE,12284,4928,7356,11344,736,204,ITC,ITC1,1,Piemonte,Piemonte,4356406,3605058,82.75,0.28
365,2021-04-24,PIE,27493,12429,15064,21283,5657,553,ITC,ITC1,1,Piemonte,Piemonte,4356406,3632551,83.38,0.63
366,2021-01-14,PIE,9754,3146,6608,9747,0,7,ITC,ITC1,1,Piemonte,Piemonte,4356406,3642305,83.61,0.22
367,2021-07-04,PIE,33698,16980,16718,11821,21876,1,ITC,ITC1,1,Piemonte,Piemonte,4356406,3676003,84.38,0.77
368,2021-03-26,PIE,17777,7015,10762,8373,8882,522,ITC,ITC1,1,Piemonte,Piemonte,4356406,3693780,84.79,0.41
369,2021-04-25,PIE,20227,9306,10921,17268,2501,458,ITC,ITC1,1,Piemonte,Piemonte,4356406,3714007,85.25,0.46
370,2021-01-15,PIE,9100,3006,6094,9094,0,6,ITC,ITC1,1,Piemonte,Piemonte,4356406,3723107,85.46,0.21
371,2021-06-21,PIE,38326,19125,19201,17635,20691,0,ITC,ITC1,1,Piemonte,Piemonte,4356406,3761433,86.34,0.88
372,2021-03-13,PIE,13023,4714,8309,11324,1432,267,ITC,ITC1,1,Piemonte,Piemonte,4356406,3774456,86.64,0.3
373,2021-04-18,PIE,22927,10797,12130,19623,2747,557,ITC,ITC1,1,Piemonte,Piemonte,4356406,3797383,87.17,0.53
374,2021-01-08,PIE,5523,1758,3765,5521,0,2,ITC,ITC1,1,Piemonte,Piemonte,4356406,3802906,87.29,0.13
375,2021-06-14,PIE,37918,19539,18379,30823,7093,2,ITC,ITC1,1,Piemonte,Piemonte,4356406,3840824,88.16,0.87
376,2021-03-06,PIE,13985,5208,8777,11027,2786,172,ITC,ITC1,1,Piemonte,Piemonte,4356406,3854809,88.49,0.32
377,2021-01-22,PIE,3865,1249,2616,2523,1340,2,ITC,ITC1,1,Piemonte,Piemonte,4356406,3858674,88.57,0.09
378,2021-07-02,PIE,43551,21906,21645,18094,25455,2,ITC,ITC1,1,Piemonte,Piemonte,4356406,3902225,89.57,1.0
379,2021-05-13,PIE,35664,17519,18145,19854,15111,699,ITC,ITC1,1,Piemonte,Piemonte,4356406,3937889,90.39,0.82
380,2021-02-02,PIE,10217,3504,6713,805,9411,1,ITC,ITC1,1,Piemonte,Piemonte,4356406,3948106,90.63,0.23
381,2021-07-09,PIE,40039,20452,19587,6145,33837,57,ITC,ITC1,1,Piemonte,Piemonte,4356406,3988145,91.55,0.92
382,2021-03-31,PIE,19093,8093,11000,10068,8690,335,ITC,ITC1,1,Piemonte,Piemonte,4356406,4007238,91.98,0.44
383,2021-05-27,PIE,37372,17378,19994,18810,18130,432,ITC,ITC1,1,Piemonte,Piemonte,4356406,4044610,92.84,0.86
384,2021-02-16,PIE,3964,1754,2210,3158,758,48,ITC,ITC1,1,Piemonte,Piemonte,4356406,4048574,92.93,0.09
385,2021-03-24,PIE,15519,6361,9158,6071,9120,328,ITC,ITC1,1,Piemonte,Piemonte,4356406,4064093,93.29,0.36
386,2021-05-20,PIE,38608,17935,20673,13317,24938,353,ITC,ITC1,1,Piemonte,Piemonte,4356406,4102701,94.18,0.89
387,2021-02-09,PIE,7385,2312,5073,714,6669,2,ITC,ITC1,1,Piemonte,Piemonte,4356406,4110086,94.35,0.17
388,2021-04-07,PIE,23590,9986,13604,17618,5458,514,ITC,ITC1,1,Piemonte,Piemonte,4356406,4133676,94.89,0.54
389,2021-04-19,PUG,27704,12879,14825,24312,3044,348,ITF,ITF4,16,Puglia,Puglia,4029053,27704,0.69,0.69
390,2021-04-24,PUG,29375,13373,16002,25092,3944,339,ITF,ITF4,16,Puglia,Puglia,4029053,57079,1.42,0.73
391,2021-01-14,PUG,4072,1591,2481,4066,0,6,ITF,ITF4,16,Puglia,Puglia,4029053,61151,1.52,0.1
392,2021-01-07,PUG,5717,2459,3258,5717,0,0,ITF,ITF4,16,Puglia,Puglia,4029053,66868,1.66,0.14
393,2021-04-17,PUG,39987,18954,21033,35995,3569,423,ITF,ITF4,16,Puglia,Puglia,4029053,106855,2.65,0.99
394,2021-01-12,PUG,4213,1770,2443,4211,0,2,ITF,ITF4,16,Puglia,Puglia,4029053,111068,2.76,0.1
395,2021-04-07,PUG,15703,7127,8576,8823,6678,202,ITF,ITF4,16,Puglia,Puglia,4029053,126771,3.15,0.39
396,2021-02-07,PUG,1580,670,910,254,1326,0,ITF,ITF4,16,Puglia,Puglia,4029053,128351,3.19,0.04
397,2021-01-21,PUG,2132,904,1228,1269,861,2,ITF,ITF4,16,Puglia,Puglia,4029053,130483,3.24,0.05
398,2021-05-01,PUG,27613,12647,14966,16691,10651,271,ITF,ITF4,16,Puglia,Puglia,4029053,158096,3.92,0.69
399,2021-01-02,PUG,2951,1302,1649,2951,0,0,ITF,ITF4,16,Puglia,Puglia,4029053,161047,4.0,0.07
400,2021-04-12,PUG,29268,13789,15479,26077,2877,314,ITF,ITF4,16,Puglia,Puglia,4029053,190315,4.72,0.73
401,2021-07-04,PUG,19274,9357,9917,7564,11429,281,ITF,ITF4,16,Puglia,Puglia,4029053,209589,5.2,0.48
402,2021-03-05,PUG,17686,7168,10518,15169,2305,212,ITF,ITF4,16,Puglia,Puglia,4029053,227275,5.64,0.44
403,2021-02-26,PUG,13767,5055,8712,12535,1036,196,ITF,ITF4,16,Puglia,Puglia,4029053,241042,5.98,0.34
404,2020-12-31,PUG,1635,782,853,1635,0,0,ITF,ITF4,16,Puglia,Puglia,4029053,242677,6.02,0.04
405,2021-06-15,PUG,42361,20720,21641,22147,19570,644,ITF,ITF4,16,Puglia,Puglia,4029053,285038,7.07,1.05
406,2021-06-08,PUG,39193,19084,20109,20854,17757,582,ITF,ITF4,16,Puglia,Puglia,4029053,324231,8.05,0.97
407,2021-02-09,PUG,3839,1569,2270,2149,1672,18,ITF,ITF4,16,Puglia,Puglia,4029053,328070,8.14,0.1
408,2021-05-20,PUG,33580,15237,18343,20722,12345,513,ITF,ITF4,16,Puglia,Puglia,4029053,361650,8.98,0.83
409,2021-03-24,PUG,13569,6508,7061,6147,7307,115,ITF,ITF4,16,Puglia,Puglia,4029053,375219,9.31,0.34
410,2021-01-26,PUG,5365,2398,2967,570,4794,1,ITF,ITF4,16,Puglia,Puglia,4029053,380584,9.45,0.13
411,2021-07-02,PUG,46408,22044,24364,17048,28412,948,ITF,ITF4,16,Puglia,Puglia,4029053,426992,10.6,1.15
412,2021-05-06,PUG,39569,17302,22267,19322,19688,559,ITF,ITF4,16,Puglia,Puglia,4029053,466561,11.58,0.98
413,2021-07-11,PUG,11416,5359,6057,2446,8884,86,ITF,ITF4,16,Puglia,Puglia,4029053,477977,11.86,0.28
414,2021-01-31,PUG,1816,832,984,75,1741,0,ITF,ITF4,16,Puglia,Puglia,4029053,479793,11.91,0.05
415,2021-04-05,PUG,12750,6192,6558,12076,533,141,ITF,ITF4,16,Puglia,Puglia,4029053,492543,12.22,0.32
416,2021-03-19,PUG,7965,3654,4311,3378,4550,37,ITF,ITF4,16,Puglia,Puglia,4029053,500508,12.42,0.2
417,2021-06-27,PUG,18442,9164,9278,9910,8252,280,ITF,ITF4,16,Puglia,Puglia,4029053,518950,12.88,0.46
418,2021-02-14,PUG,786,347,439,658,124,4,ITF,ITF4,16,Puglia,Puglia,4029053,519736,12.9,0.02
419,2021-02-21,PUG,2177,474,1703,2046,62,69,ITF,ITF4,16,Puglia,Puglia,4029053,521913,12.95,0.05
420,2021-06-01,PUG,34849,17435,17414,21600,12866,383,ITF,ITF4,16,Puglia,Puglia,4029053,556762,13.82,0.86
421,2021-05-15,PUG,43550,18961,24589,22820,20010,720,ITF,ITF4,16,Puglia,Puglia,4029053,600312,14.9,1.08
422,2021-06-03,PUG,50420,24460,25960,30430,19249,741,ITF,ITF4,16,Puglia,Puglia,4029053,650732,16.15,1.25
423,2021-03-10,PUG,14809,6613,8196,11534,3124,151,ITF,ITF4,16,Puglia,Puglia,4029053,665541,16.52,0.37
424,2021-03-29,PUG,13538,6599,6939,6603,6743,192,ITF,ITF4,16,Puglia,Puglia,4029053,679079,16.85,0.34
425,2021-02-19,PUG,4735,2012,2723,4289,392,54,ITF,ITF4,16,Puglia,Puglia,4029053,683814,16.97,0.12
426,2021-06-22,PUG,42063,20392,21671,18794,22658,611,ITF,ITF4,16,Puglia,Puglia,4029053,725877,18.02,1.04
427,2021-04-26,PUG,26268,12035,14233,22639,3234,395,ITF,ITF4,16,Puglia,Puglia,4029053,752145,18.67,0.65
428,2021-03-16,PUG,9872,4688,5184,3455,6360,57,ITF,ITF4,16,Puglia,Puglia,4029053,762017,18.91,0.25
429,2021-06-24,PUG,52289,25293,26996,23264,28194,831,ITF,ITF4,16,Puglia,Puglia,4029053,814306,20.21,1.3
430,2021-04-28,PUG,19806,8879,10927,14765,4770,271,ITF,ITF4,16,Puglia,Puglia,4029053,834112,20.7,0.49
431,2021-06-13,PUG,21702,10877,10825,16192,5178,332,ITF,ITF4,16,Puglia,Puglia,4029053,855814,21.24,0.54
432,2021-02-28,PUG,6059,1807,4252,5799,186,74,ITF,ITF4,16,Puglia,Puglia,4029053,861873,21.39,0.15
433,2021-05-12,PUG,36560,16310,20250,23474,12489,597,ITF,ITF4,16,Puglia,Puglia,4029053,898433,22.3,0.91
434,2021-05-27,PUG,40691,19223,21468,22727,17288,676,ITF,ITF4,16,Puglia,Puglia,4029053,939124,23.31,1.01
435,2021-03-02,PUG,16388,6092,10296,14843,1302,243,ITF,ITF4,16,Puglia,Puglia,4029053,955512,23.72,0.41
436,2021-06-10,PUG,46925,23065,23860,29166,16994,765,ITF,ITF4,16,Puglia,Puglia,4029053,1002437,24.88,1.16
437,2021-04-04,PUG,5969,2964,3005,5883,5,81,ITF,ITF4,16,Puglia,Puglia,4029053,1008406,25.03,0.15
438,2021-01-19,PUG,1221,452,769,1210,10,1,ITF,ITF4,16,Puglia,Puglia,4029053,1009627,25.06,0.03
439,2021-07-08,PUG,39478,18237,21241,5391,33622,465,ITF,ITF4,16,Puglia,Puglia,4029053,1049105,26.04,0.98
440,2021-01-04,PUG,4509,2016,2493,4507,0,2,ITF,ITF4,16,Puglia,Puglia,4029053,1053614,26.15,0.11
441,2021-03-31,PUG,14554,6818,7736,8846,5560,148,ITF,ITF4,16,Puglia,Puglia,4029053,1068168,26.51,0.36
442,2021-02-02,PUG,4344,1846,2498,591,3752,1,ITF,ITF4,16,Puglia,Puglia,4029053,1072512,26.62,0.11
443,2021-07-09,PUG,34378,16432,17946,6067,27691,620,ITF,ITF4,16,Puglia,Puglia,4029053,1106890,27.47,0.85
444,2021-05-13,PUG,38711,17260,21451,20953,17177,581,ITF,ITF4,16,Puglia,Puglia,4029053,1145601,28.43,0.96
445,2021-03-17,PUG,10341,4700,5641,4105,6174,62,ITF,ITF4,16,Puglia,Puglia,4029053,1155942,28.69,0.26
446,2021-05-29,PUG,30496,14365,16131,20541,9408,547,ITF,ITF4,16,Puglia,Puglia,4029053,1186438,29.45,0.76
447,2021-04-02,PUG,12843,6000,6843,8168,4524,151,ITF,ITF4,16,Puglia,Puglia,4029053,1199281,29.77,0.32
448,2021-04-16,PUG,36032,16936,19096,32321,3282,429,ITF,ITF4,16,Puglia,Puglia,4029053,1235313,30.66,0.89
449,2021-05-25,PUG,34676,16180,18496,20580,13510,586,ITF,ITF4,16,Puglia,Puglia,4029053,1269989,31.52,0.86
450,2021-05-08,PUG,54265,22970,31295,24020,29734,511,ITF,ITF4,16,Puglia,Puglia,4029053,1324254,32.87,1.35
451,2021-03-12,PUG,14278,6436,7842,10212,3929,137,ITF,ITF4,16,Puglia,Puglia,4029053,1338532,33.22,0.35
452,2021-06-20,PUG,21410,10771,10639,13926,7136,348,ITF,ITF4,16,Puglia,Puglia,4029053,1359942,33.75,0.53
453,2021-02-04,PUG,5928,2365,3563,1184,4735,9,ITF,ITF4,16,Puglia,Puglia,4029053,1365870,33.9,0.15
454,2021-05-17,PUG,32838,15214,17624,20474,11859,505,ITF,ITF4,16,Puglia,Puglia,4029053,1398708,34.72,0.82
455,2021-01-09,PUG,4887,2250,2637,4883,0,4,ITF,ITF4,16,Puglia,Puglia,4029053,1403595,34.84,0.12
456,2021-07-01,PUG,47573,22261,25312,11308,35614,651,ITF,ITF4,16,Puglia,Puglia,4029053,1451168,36.02,1.18
457,2021-03-14,PUG,3330,1435,1895,2475,819,36,ITF,ITF4,16,Puglia,Puglia,4029053,1454498,36.1,0.08
458,2021-01-16,PUG,2506,1034,1472,2504,0,2,ITF,ITF4,16,Puglia,Puglia,4029053,1457004,36.16,0.06
459,2021-01-23,PUG,3039,1294,1745,885,2153,1,ITF,ITF4,16,Puglia,Puglia,4029053,1460043,36.24,0.08
460,2021-05-03,PUG,33309,14885,18424,22093,10634,582,ITF,ITF4,16,Puglia,Puglia,4029053,1493352,37.06,0.83
461,2021-03-07,PUG,4983,2000,2983,4373,571,39,ITF,ITF4,16,Puglia,Puglia,4029053,1498335,37.19,0.12
462,2021-05-05,PUG,39153,17160,21993,24367,14190,596,ITF,ITF4,16,Puglia,Puglia,4029053,1537488,38.16,0.97
463,2021-06-17,PUG,42454,20754,21700,21183,20667,604,ITF,ITF4,16,Puglia,Puglia,4029053,1579942,39.21,1.05
464,2021-03-26,PUG,11999,5838,6161,7228,4645,126,ITF,ITF4,16,Puglia,Puglia,4029053,1591941,39.51,0.3
465,2021-03-09,PUG,13618,6083,7535,11426,2010,182,ITF,ITF4,16,Puglia,Puglia,4029053,1605559,39.85,0.34
466,2021-04-14,PUG,31968,15085,16883,28352,3307,309,ITF,ITF4,16,Puglia,Puglia,4029053,1637527,40.64,0.79
467,2021-03-28,PUG,3541,1654,1887,1180,2327,34,ITF,ITF4,16,Puglia,Puglia,4029053,1641068,40.73,0.09
468,2021-07-06,PUG,41909,19295,22614,6146,35337,426,ITF,ITF4,16,Puglia,Puglia,4029053,1682977,41.77,1.04
469,2021-06-19,PUG,34442,17265,17177,21914,11821,707,ITF,ITF4,16,Puglia,Puglia,4029053,1717419,42.63,0.85
470,2021-05-31,PUG,37782,18199,19583,23083,14146,553,ITF,ITF4,16,Puglia,Puglia,4029053,1755201,43.56,0.94
471,2021-04-25,PUG,11310,5237,6073,10021,1158,131,ITF,ITF4,16,Puglia,Puglia,4029053,1766511,43.84,0.28
472,2021-02-27,PUG,14223,4818,9405,12816,1226,181,ITF,ITF4,16,Puglia,Puglia,4029053,1780734,44.2,0.35
473,2021-01-01,PUG,148,61,87,148,0,0,ITF,ITF4,16,Puglia,Puglia,4029053,1780882,44.2,0.0
474,2021-06-07,PUG,44193,21587,22606,30187,13199,807,ITF,ITF4,16,Puglia,Puglia,4029053,1825075,45.3,1.1
475,2021-04-11,PUG,16465,7253,9212,14630,1658,177,ITF,ITF4,16,Puglia,Puglia,4029053,1841540,45.71,0.41
476,2021-03-21,PUG,2694,1227,1467,579,2104,11,ITF,ITF4,16,Puglia,Puglia,4029053,1844234,45.77,0.07
477,2021-06-29,PUG,46112,22100,24012,15120,30274,718,ITF,ITF4,16,Puglia,Puglia,4029053,1890346,46.92,1.14
478,2021-01-11,PUG,3753,1588,2165,3752,0,1,ITF,ITF4,16,Puglia,Puglia,4029053,1894099,47.01,0.09
479,2021-04-21,PUG,23119,10673,12446,19077,3733,309,ITF,ITF4,16,Puglia,Puglia,4029053,1917218,47.58,0.57
480,2021-05-24,PUG,36094,17032,19062,24485,10994,615,ITF,ITF4,16,Puglia,Puglia,4029053,1953312,48.48,0.9
481,2021-02-16,PUG,3383,1455,1928,2707,646,30,ITF,ITF4,16,Puglia,Puglia,4029053,1956695,48.56,0.08
482,2021-01-30,PUG,5531,2514,3017,408,5122,1,ITF,ITF4,16,Puglia,Puglia,4029053,1962226,48.7,0.14
483,2021-05-10,PUG,37722,16664,21058,19297,17952,473,ITF,ITF4,16,Puglia,Puglia,4029053,1999948,49.64,0.94
484,2021-02-13,PUG,3727,1456,2271,3015,696,16,ITF,ITF4,16,Puglia,Puglia,4029053,2003675,49.73,0.09
485,2021-06-28,PUG,48021,23293,24728,21364,25787,870,ITF,ITF4,16,Puglia,Puglia,4029053,2051696,50.92,1.19
486,2021-02-23,PUG,9360,4421,4939,8781,488,91,ITF,ITF4,16,Puglia,Puglia,4029053,2061056,51.15,0.23
487,2021-01-18,PUG,1844,771,1073,1494,349,1,ITF,ITF4,16,Puglia,Puglia,4029053,2062900,51.2,0.05
488,2021-02-06,PUG,4550,1931,2619,1578,2957,15,ITF,ITF4,16,Puglia,Puglia,4029053,2067450,51.31,0.11
489,2021-01-20,PUG,1548,542,1006,1537,8,3,ITF,ITF4,16,Puglia,Puglia,4029053,2068998,51.35,0.04
490,2021-04-30,PUG,34930,15647,19283,22391,11969,570,ITF,ITF4,16,Puglia,Puglia,4029053,2103928,52.22,0.87
491,2021-04-13,PUG,28739,13630,15109,25027,3403,309,ITF,ITF4,16,Puglia,Puglia,4029053,2132667,52.93,0.71
492,2021-07-05,PUG,37475,17598,19877,7023,29912,540,ITF,ITF4,16,Puglia,Puglia,4029053,2170142,53.86,0.93
493,2021-05-02,PUG,21318,9662,11656,13869,7266,183,ITF,ITF4,16,Puglia,Puglia,4029053,2191460,54.39,0.53
494,2021-05-21,PUG,39015,18519,20496,28181,10043,791,ITF,ITF4,16,Puglia,Puglia,4029053,2230475,55.36,0.97
495,2021-05-19,PUG,26386,12758,13628,19513,6435,438,ITF,ITF4,16,Puglia,Puglia,4029053,2256861,56.01,0.65
496,2021-03-23,PUG,11100,5630,5470,4541,6476,83,ITF,ITF4,16,Puglia,Puglia,4029053,2267961,56.29,0.28
497,2021-03-06,PUG,16146,6124,10022,13887,2093,166,ITF,ITF4,16,Puglia,Puglia,4029053,2284107,56.69,0.4
498,2021-01-08,PUG,5650,2370,3280,5644,0,6,ITF,ITF4,16,Puglia,Puglia,4029053,2289757,56.83,0.14
499,2021-06-14,PUG,41776,20440,21336,28572,12339,865,ITF,ITF4,16,Puglia,Puglia,4029053,2331533,57.87,1.04
500,2021-04-18,PUG,22630,10828,11802,21376,1056,198,ITF,ITF4,16,Puglia,Puglia,4029053,2354163,58.43,0.56
501,2021-02-20,PUG,2970,1079,1891,2685,257,28,ITF,ITF4,16,Puglia,Puglia,4029053,2357133,58.5,0.07
502,2021-06-12,PUG,34052,16989,17063,24549,8858,645,ITF,ITF4,16,Puglia,Puglia,4029053,2391185,59.35,0.85
503,2021-01-28,PUG,5474,2277,3197,471,5003,0,ITF,ITF4,16,Puglia,Puglia,4029053,2396659,59.48,0.14
504,2021-04-23,PUG,29502,13712,15790,23829,5254,419,ITF,ITF4,16,Puglia,Puglia,4029053,2426161,60.22,0.73
505,2021-03-18,PUG,9566,4342,5224,3330,6171,65,ITF,ITF4,16,Puglia,Puglia,4029053,2435727,60.45,0.24
506,2021-06-26,PUG,32016,16128,15888,15743,15674,599,ITF,ITF4,16,Puglia,Puglia,4029053,2467743,61.25,0.79
507,2021-03-04,PUG,15346,6093,9253,13703,1421,222,ITF,ITF4,16,Puglia,Puglia,4029053,2483089,61.63,0.38
508,2021-06-09,PUG,41668,20633,21035,29719,11184,765,ITF,ITF4,16,Puglia,Puglia,4029053,2524757,62.66,1.03
509,2021-02-15,PUG,3258,1270,1988,2592,622,44,ITF,ITF4,16,Puglia,Puglia,4029053,2528015,62.74,0.08
510,2021-05-26,PUG,38495,18490,20005,26164,11679,652,ITF,ITF4,16,Puglia,Puglia,4029053,2566510,63.7,0.96
511,2021-03-30,PUG,12362,5920,6442,6286,5922,154,ITF,ITF4,16,Puglia,Puglia,4029053,2578872,64.01,0.31
512,2021-02-01,PUG,3966,1660,2306,369,3595,2,ITF,ITF4,16,Puglia,Puglia,4029053,2582838,64.11,0.1
513,2021-05-14,PUG,44917,20527,24390,27925,16126,866,ITF,ITF4,16,Puglia,Puglia,4029053,2627755,65.22,1.11
514,2021-01-25,PUG,3828,1680,2148,424,3403,1,ITF,ITF4,16,Puglia,Puglia,4029053,2631583,65.32,0.1
515,2021-06-21,PUG,41485,20220,21265,21193,19610,682,ITF,ITF4,16,Puglia,Puglia,4029053,2673068,66.34,1.03
516,2021-03-11,PUG,14809,6571,8238,11441,3172,196,ITF,ITF4,16,Puglia,Puglia,4029053,2687877,66.71,0.37
517,2021-06-02,PUG,26996,13203,13793,21811,4815,370,ITF,ITF4,16,Puglia,Puglia,4029053,2714873,67.38,0.67
518,2021-03-13,PUG,10468,4134,6334,8562,1808,98,ITF,ITF4,16,Puglia,Puglia,4029053,2725341,67.64,0.26
519,2021-02-24,PUG,10046,4706,5340,9362,594,90,ITF,ITF4,16,Puglia,Puglia,4029053,2735387,67.89,0.25
520,2021-06-04,PUG,52566,25435,27131,34070,17655,841,ITF,ITF4,16,Puglia,Puglia,4029053,2787953,69.2,1.3
521,2021-05-18,PUG,28872,13434,15438,15843,12779,250,ITF,ITF4,16,Puglia,Puglia,4029053,2816825,69.91,0.72
522,2021-07-10,PUG,20912,10295,10617,4275,16345,292,ITF,ITF4,16,Puglia,Puglia,4029053,2837737,70.43,0.52
523,2021-04-08,PUG,17486,7586,9900,11093,6177,216,ITF,ITF4,16,Puglia,Puglia,4029053,2855223,70.87,0.43
524,2021-06-06,PUG,30637,15420,15217,25260,5031,346,ITF,ITF4,16,Puglia,Puglia,4029053,2885860,71.63,0.76
525,2021-04-10,PUG,30894,13103,17791,26291,4224,379,ITF,ITF4,16,Puglia,Puglia,4029053,2916754,72.39,0.77
526,2021-04-01,PUG,13932,6541,7391,7373,6347,212,ITF,ITF4,16,Puglia,Puglia,4029053,2930686,72.74,0.35
527,2021-02-03,PUG,5038,2006,3032,727,4308,3,ITF,ITF4,16,Puglia,Puglia,4029053,2935724,72.86,0.13
528,2021-05-09,PUG,30696,12587,18109,14698,15617,381,ITF,ITF4,16,Puglia,Puglia,4029053,2966420,73.63,0.76
529,2021-04-22,PUG,23017,10536,12481,17708,4919,390,ITF,ITF4,16,Puglia,Puglia,4029053,2989437,74.2,0.57
530,2021-02-12,PUG,4212,1672,2540,3098,1092,22,ITF,ITF4,16,Puglia,Puglia,4029053,2993649,74.3,0.1
531,2021-06-18,PUG,47324,23293,24031,28510,17815,999,ITF,ITF4,16,Puglia,Puglia,4029053,3040973,75.48,1.17
532,2021-01-03,PUG,2006,942,1064,2005,0,1,ITF,ITF4,16,Puglia,Puglia,4029053,3042979,75.53,0.05
533,2021-03-27,PUG,12155,5710,6445,6875,5171,109,ITF,ITF4,16,Puglia,Puglia,4029053,3055134,75.83,0.3
534,2021-01-05,PUG,5109,2251,2858,5106,0,3,ITF,ITF4,16,Puglia,Puglia,4029053,3060243,75.95,0.13
535,2021-04-15,PUG,32683,15254,17429,28680,3605,398,ITF,ITF4,16,Puglia,Puglia,4029053,3092926,76.77,0.81
536,2021-07-07,PUG,37379,17818,19561,6040,30831,508,ITF,ITF4,16,Puglia,Puglia,4029053,3130305,77.69,0.93
537,2021-04-29,PUG,26168,12108,14060,19082,6662,424,ITF,ITF4,16,Puglia,Puglia,4029053,3156473,78.34,0.65
538,2021-02-22,PUG,9633,4535,5098,9212,334,87,ITF,ITF4,16,Puglia,Puglia,4029053,3166106,78.58,0.24
539,2021-03-25,PUG,11708,5996,5712,5370,6244,94,ITF,ITF4,16,Puglia,Puglia,4029053,3177814,78.87,0.29
540,2021-07-03,PUG,32048,15993,16055,13062,18469,517,ITF,ITF4,16,Puglia,Puglia,4029053,3209862,79.67,0.8
541,2021-02-08,PUG,3994,1611,2383,1581,2397,16,ITF,ITF4,16,Puglia,Puglia,4029053,3213856,79.77,0.1
542,2021-02-10,PUG,3646,1436,2210,2114,1511,21,ITF,ITF4,16,Puglia,Puglia,4029053,3217502,79.86,0.09
543,2021-01-27,PUG,4602,1941,2661,629,3972,1,ITF,ITF4,16,Puglia,Puglia,4029053,3222104,79.97,0.11
544,2021-05-07,PUG,50024,22329,27695,26005,23463,556,ITF,ITF4,16,Puglia,Puglia,4029053,3272128,81.21,1.24
545,2021-01-13,PUG,4544,1729,2815,4541,0,3,ITF,ITF4,16,Puglia,Puglia,4029053,3276672,81.33,0.11
546,2021-04-06,PUG,13839,6250,7589,6915,6755,169,ITF,ITF4,16,Puglia,Puglia,4029053,3290511,81.67,0.34
547,2021-03-01,PUG,15104,5867,9237,13580,1372,152,ITF,ITF4,16,Puglia,Puglia,4029053,3305615,82.04,0.37
548,2021-01-10,PUG,2348,1061,1287,2347,0,1,ITF,ITF4,16,Puglia,Puglia,4029053,3307963,82.1,0.06
549,2021-04-20,PUG,21163,9832,11331,17433,3465,265,ITF,ITF4,16,Puglia,Puglia,4029053,3329126,82.63,0.53
550,2020-12-27,PUG,510,252,258,510,0,0,ITF,ITF4,16,Puglia,Puglia,4029053,3329636,82.64,0.01
551,2021-01-29,PUG,6201,2663,3538,424,5772,5,ITF,ITF4,16,Puglia,Puglia,4029053,3335837,82.79,0.15
552,2021-03-20,PUG,8413,3878,4535,3776,4594,43,ITF,ITF4,16,Puglia,Puglia,4029053,3344250,83.0,0.21
553,2021-03-03,PUG,16780,6799,9981,14713,1917,150,ITF,ITF4,16,Puglia,Puglia,4029053,3361030,83.42,0.42
554,2021-06-11,PUG,47635,23304,24331,32705,13956,974,ITF,ITF4,16,Puglia,Puglia,4029053,3408665,84.6,1.18
555,2021-07-12,PUG,10212,4702,5510,2765,7275,172,ITF,ITF4,16,Puglia,Puglia,4029053,3418877,84.86,0.25
556,2021-02-05,PUG,5636,2273,3363,1328,4303,5,ITF,ITF4,16,Puglia,Puglia,4029053,3424513,85.0,0.14
557,2021-05-16,PUG,24540,11066,13474,12485,11830,225,ITF,ITF4,16,Puglia,Puglia,4029053,3449053,85.6,0.61
558,2021-01-15,PUG,4552,1866,2686,4547,0,5,ITF,ITF4,16,Puglia,Puglia,4029053,3453605,85.72,0.11
559,2021-01-22,PUG,1409,578,831,990,418,1,ITF,ITF4,16,Puglia,Puglia,4029053,3455014,85.75,0.03
560,2021-06-25,PUG,50327,24787,25540,23610,25769,948,ITF,ITF4,16,Puglia,Puglia,4029053,3505341,87.0,1.25
561,2021-05-23,PUG,17917,8373,9544,13850,3805,262,ITF,ITF4,16,Puglia,Puglia,4029053,3523258,87.45,0.44
562,2021-02-17,PUG,4279,1747,2532,3634,605,40,ITF,ITF4,16,Puglia,Puglia,4029053,3527537,87.55,0.11
563,2021-05-28,PUG,43890,20786,23104,27403,15684,803,ITF,ITF4,16,Puglia,Puglia,4029053,3571427,88.64,1.09
564,2021-05-30,PUG,20981,10046,10935,15685,5037,259,ITF,ITF4,16,Puglia,Puglia,4029053,3592408,89.16,0.52
565,2021-04-03,PUG,10559,4644,5915,6804,3559,196,ITF,ITF4,16,Puglia,Puglia,4029053,3602967,89.42,0.26
566,2021-02-18,PUG,4380,1846,2534,3715,606,59,ITF,ITF4,16,Puglia,Puglia,4029053,3607347,89.53,0.11
567,2021-04-09,PUG,22055,9506,12549,17045,4625,385,ITF,ITF4,16,Puglia,Puglia,4029053,3629402,90.08,0.55
568,2021-02-11,PUG,3697,1401,2296,2393,1278,26,ITF,ITF4,16,Puglia,Puglia,4029053,3633099,90.17,0.09
569,2021-05-22,PUG,34620,15859,18761,23680,10395,545,ITF,ITF4,16,Puglia,Puglia,4029053,3667719,91.03,0.86
570,2021-02-25,PUG,11968,5062,6906,10661,1173,134,ITF,ITF4,16,Puglia,Puglia,4029053,3679687,91.33,0.3
571,2021-06-05,PUG,42365,20767,21598,29008,12613,744,ITF,ITF4,16,Puglia,Puglia,4029053,3722052,92.38,1.05
572,2021-01-06,PUG,3952,1674,2278,3951,0,1,ITF,ITF4,16,Puglia,Puglia,4029053,3726004,92.48,0.1
573,2021-06-16,PUG,41759,20534,21225,26603,14371,785,ITF,ITF4,16,Puglia,Puglia,4029053,3767763,93.51,1.04
574,2020-12-30,PUG,1,0,1,1,0,0,ITF,ITF4,16,Puglia,Puglia,4029053,3767764,93.51,0.0
575,2021-03-22,PUG,9945,5109,4836,4239,5646,60,ITF,ITF4,16,Puglia,Puglia,4029053,3777709,93.76,0.25
576,2021-01-24,PUG,1670,750,920,154,1516,0,ITF,ITF4,16,Puglia,Puglia,4029053,3779379,93.8,0.04
577,2021-06-30,PUG,46856,22749,24107,18383,27596,877,ITF,ITF4,16,Puglia,Puglia,4029053,3826235,94.97,1.16
578,2021-03-15,PUG,12338,6146,6192,5733,6505,100,ITF,ITF4,16,Puglia,Puglia,4029053,3838573,95.27,0.31
579,2021-01-17,PUG,1309,591,718,1239,69,1,ITF,ITF4,16,Puglia,Puglia,4029053,3839882,95.3,0.03
580,2021-06-23,PUG,29136,14230,14906,16778,11715,643,ITF,ITF4,16,Puglia,Puglia,4029053,3869018,96.03,0.72
581,2021-04-27,PUG,26678,12069,14609,20750,5604,324,ITF,ITF4,16,Puglia,Puglia,4029053,3895696,96.69,0.66
582,2021-05-11,PUG,32561,14364,18197,13644,18423,494,ITF,ITF4,16,Puglia,Puglia,4029053,3928257,97.5,0.81
583,2021-05-04,PUG,35053,14826,20227,18173,16464,416,ITF,ITF4,16,Puglia,Puglia,4029053,3963310,98.37,0.87
584,2021-03-08,PUG,14993,6438,8555,12438,2402,153,ITF,ITF4,16,Puglia,Puglia,4029053,3978303,98.74,0.37
585,2021-06-07,CAM,57578,27717,29861,52867,4034,677,ITF,ITF3,15,Campania,Campania,5801692,57578,0.99,0.99
586,2021-02-25,CAM,12426,4479,7947,10968,1188,270,ITF,ITF3,15,Campania,Campania,5801692,70004,1.21,0.21
587,2021-04-09,CAM,30045,14154,15891,23314,6134,597,ITF,ITF3,15,Campania,Campania,5801692,100049,1.72,0.52
588,2021-06-05,CAM,77611,37572,40039,70879,6021,711,ITF,ITF3,15,Campania,Campania,5801692,177660,3.06,1.34
589,2021-06-14,CAM,37104,17910,19194,18783,18012,309,ITF,ITF3,15,Campania,Campania,5801692,214764,3.7,0.64
590,2021-03-02,CAM,12761,4558,8203,8214,4345,202,ITF,ITF3,15,Campania,Campania,5801692,227525,3.92,0.22
591,2021-01-11,CAM,4070,1871,2199,3961,0,109,ITF,ITF3,15,Campania,Campania,5801692,231595,3.99,0.07
592,2021-03-28,CAM,15557,7504,8053,13602,1625,330,ITF,ITF3,15,Campania,Campania,5801692,247152,4.26,0.27
593,2021-01-04,CAM,5826,2963,2863,5727,0,99,ITF,ITF3,15,Campania,Campania,5801692,252978,4.36,0.1
594,2021-06-19,CAM,62348,29693,32655,24239,37734,375,ITF,ITF3,15,Campania,Campania,5801692,315326,5.44,1.07
595,2021-03-09,CAM,14128,6870,7258,9961,3785,382,ITF,ITF3,15,Campania,Campania,5801692,329454,5.68,0.24
596,2021-02-11,CAM,6280,2704,3576,5929,66,285,ITF,ITF3,15,Campania,Campania,5801692,335734,5.79,0.11
597,2021-04-16,CAM,34326,16560,17766,23021,10665,640,ITF,ITF3,15,Campania,Campania,5801692,370060,6.38,0.59
598,2021-06-24,CAM,66035,31806,34229,13471,52235,329,ITF,ITF3,15,Campania,Campania,5801692,436095,7.52,1.14
599,2021-03-16,CAM,8086,3519,4567,3700,4314,72,ITF,ITF3,15,Campania,Campania,5801692,444181,7.66,0.14
600,2021-01-25,CAM,5746,2927,2819,163,5583,0,ITF,ITF3,15,Campania,Campania,5801692,449927,7.76,0.1
601,2021-07-01,CAM,61465,29823,31642,19842,40974,649,ITF,ITF3,15,Campania,Campania,5801692,511392,8.81,1.06
602,2021-03-23,CAM,15742,7445,8297,12924,2513,305,ITF,ITF3,15,Campania,Campania,5801692,527134,9.09,0.27
603,2021-05-19,CAM,51156,22605,28551,33827,16608,721,ITF,ITF3,15,Campania,Campania,5801692,578290,9.97,0.88
604,2021-01-30,CAM,10724,5081,5643,36,10686,2,ITF,ITF3,15,Campania,Campania,5801692,589014,10.15,0.18
605,2021-07-03,CAM,67269,32489,34780,8201,58692,376,ITF,ITF3,15,Campania,Campania,5801692,656283,11.31,1.16
606,2021-01-16,CAM,3371,1677,1694,3262,0,109,ITF,ITF3,15,Campania,Campania,5801692,659654,11.37,0.06
607,2021-05-24,CAM,31357,15150,16207,15863,15149,345,ITF,ITF3,15,Campania,Campania,5801692,691011,11.91,0.54
608,2021-02-13,CAM,5508,2550,2958,5109,217,182,ITF,ITF3,15,Campania,Campania,5801692,696519,12.01,0.09
609,2021-04-23,CAM,32323,15521,16802,22484,9149,690,ITF,ITF3,15,Campania,Campania,5801692,728842,12.56,0.56
610,2021-04-11,CAM,17523,8606,8917,15068,2082,373,ITF,ITF3,15,Campania,Campania,5801692,746365,12.86,0.3
611,2021-04-28,CAM,36434,17641,18793,25916,9756,762,ITF,ITF3,15,Campania,Campania,5801692,782799,13.49,0.63
612,2021-01-18,CAM,959,399,560,683,244,32,ITF,ITF3,15,Campania,Campania,5801692,783758,13.51,0.02
613,2021-02-27,CAM,13948,4473,9475,12008,1642,298,ITF,ITF3,15,Campania,Campania,5801692,797706,13.75,0.24
614,2021-06-16,CAM,31590,14977,16613,20539,10757,294,ITF,ITF3,15,Campania,Campania,5801692,829296,14.29,0.54
615,2021-01-06,CAM,7650,3749,3901,7506,0,144,ITF,ITF3,15,Campania,Campania,5801692,836946,14.43,0.13
616,2021-02-18,CAM,9080,3813,5267,8151,707,222,ITF,ITF3,15,Campania,Campania,5801692,846026,14.58,0.16
617,2021-04-25,CAM,30734,15170,15564,24599,5396,739,ITF,ITF3,15,Campania,Campania,5801692,876760,15.11,0.53
618,2021-01-13,CAM,8020,3666,4354,7780,0,240,ITF,ITF3,15,Campania,Campania,5801692,884780,15.25,0.14
619,2021-05-26,CAM,52669,25833,26836,21107,31097,465,ITF,ITF3,15,Campania,Campania,5801692,937449,16.16,0.91
620,2021-04-06,CAM,24510,11561,12949,19506,4523,481,ITF,ITF3,15,Campania,Campania,5801692,961959,16.58,0.42
621,2021-07-12,CAM,23647,11215,12432,1329,22211,107,ITF,ITF3,15,Campania,Campania,5801692,985606,16.99,0.41
622,2020-12-27,CAM,720,422,298,716,0,4,ITF,ITF3,15,Campania,Campania,5801692,986326,17.0,0.01
623,2021-05-31,CAM,40725,20663,20062,29850,10310,565,ITF,ITF3,15,Campania,Campania,5801692,1027051,17.7,0.7
624,2021-05-05,CAM,51172,24857,26315,43286,6386,1500,ITF,ITF3,15,Campania,Campania,5801692,1078223,18.58,0.88
625,2021-05-12,CAM,40888,19950,20938,30592,9156,1140,ITF,ITF3,15,Campania,Campania,5801692,1119111,19.29,0.7
626,2021-07-08,CAM,60817,29171,31646,5659,54857,301,ITF,ITF3,15,Campania,Campania,5801692,1179928,20.34,1.05
627,2021-01-23,CAM,3839,2029,1810,267,3566,6,ITF,ITF3,15,Campania,Campania,5801692,1183767,20.4,0.07
628,2021-03-21,CAM,10071,4674,5397,7507,2390,174,ITF,ITF3,15,Campania,Campania,5801692,1193838,20.58,0.17
629,2021-02-10,CAM,6905,3413,3492,6484,177,244,ITF,ITF3,15,Campania,Campania,5801692,1200743,20.7,0.12
630,2021-04-08,CAM,28391,13749,14642,21993,5843,555,ITF,ITF3,15,Campania,Campania,5801692,1229134,21.19,0.49
631,2021-06-04,CAM,74487,35804,38683,64782,9060,645,ITF,ITF3,15,Campania,Campania,5801692,1303621,22.47,1.28
632,2021-05-21,CAM,63708,29605,34103,42177,20526,1005,ITF,ITF3,15,Campania,Campania,5801692,1367329,23.57,1.1
633,2021-06-26,CAM,62914,30683,32231,14657,47849,408,ITF,ITF3,15,Campania,Campania,5801692,1430243,24.65,1.08
634,2021-04-04,CAM,7966,4017,3949,6701,1047,218,ITF,ITF3,15,Campania,Campania,5801692,1438209,24.79,0.14
635,2021-06-12,CAM,63980,31538,32442,55944,7215,821,ITF,ITF3,15,Campania,Campania,5801692,1502189,25.89,1.1
636,2021-03-04,CAM,14708,5396,9312,8555,5894,259,ITF,ITF3,15,Campania,Campania,5801692,1516897,26.15,0.25
637,2021-05-07,CAM,59769,29208,30561,42784,15947,1038,ITF,ITF3,15,Campania,Campania,5801692,1576666,27.18,1.03
638,2021-01-27,CAM,7738,3820,3918,157,7576,5,ITF,ITF3,15,Campania,Campania,5801692,1584404,27.31,0.13
639,2021-05-17,CAM,49361,21701,27660,23653,25257,451,ITF,ITF3,15,Campania,Campania,5801692,1633765,28.16,0.85
640,2021-02-06,CAM,5341,2666,2675,2006,3239,96,ITF,ITF3,15,Campania,Campania,5801692,1639106,28.25,0.09
641,2021-04-30,CAM,42324,20192,22132,25038,16498,788,ITF,ITF3,15,Campania,Campania,5801692,1681430,28.98,0.73
642,2021-02-04,CAM,7943,3429,4514,1249,6635,59,ITF,ITF3,15,Campania,Campania,5801692,1689373,29.12,0.14
643,2021-01-01,CAM,919,506,413,900,0,19,ITF,ITF3,15,Campania,Campania,5801692,1690292,29.13,0.02
644,2021-03-25,CAM,20321,9653,10668,16390,3503,428,ITF,ITF3,15,Campania,Campania,5801692,1710613,29.48,0.35
645,2021-05-02,CAM,43496,21541,21955,31287,11359,850,ITF,ITF3,15,Campania,Campania,5801692,1754109,30.23,0.75
646,2021-01-22,CAM,1525,776,749,659,852,14,ITF,ITF3,15,Campania,Campania,5801692,1755634,30.26,0.03
647,2021-03-06,CAM,16370,6814,9556,10411,5669,290,ITF,ITF3,15,Campania,Campania,5801692,1772004,30.54,0.28
648,2021-04-18,CAM,27220,13285,13935,17823,8900,497,ITF,ITF3,15,Campania,Campania,5801692,1799224,31.01,0.47
649,2021-01-08,CAM,10453,4967,5486,10194,0,259,ITF,ITF3,15,Campania,Campania,5801692,1809677,31.19,0.18
650,2021-04-27,CAM,32158,15625,16533,23497,7921,740,ITF,ITF3,15,Campania,Campania,5801692,1841835,31.75,0.55
651,2021-06-23,CAM,46736,22078,24658,10750,35780,206,ITF,ITF3,15,Campania,Campania,5801692,1888571,32.55,0.81
652,2021-01-15,CAM,4979,2381,2598,4823,0,156,ITF,ITF3,15,Campania,Campania,5801692,1893550,32.64,0.09
653,2021-06-21,CAM,46820,22607,24213,11349,35188,283,ITF,ITF3,15,Campania,Campania,5801692,1940370,33.44,0.81
654,2021-03-13,CAM,14518,7038,7480,8989,5282,247,ITF,ITF3,15,Campania,Campania,5801692,1954888,33.7,0.25
655,2021-03-22,CAM,13181,6344,6837,10864,2041,276,ITF,ITF3,15,Campania,Campania,5801692,1968069,33.92,0.23
656,2021-06-02,CAM,42828,20142,22686,37716,4676,436,ITF,ITF3,15,Campania,Campania,5801692,2010897,34.66,0.74
657,2021-02-22,CAM,10682,3294,7388,10194,263,225,ITF,ITF3,15,Campania,Campania,5801692,2021579,34.84,0.18
658,2021-03-11,CAM,17998,9056,8942,10331,7279,388,ITF,ITF3,15,Campania,Campania,5801692,2039577,35.15,0.31
659,2021-05-16,CAM,51148,23226,27922,32869,17573,706,ITF,ITF3,15,Campania,Campania,5801692,2090725,36.04,0.88
660,2021-02-20,CAM,8573,3080,5493,8109,303,161,ITF,ITF3,15,Campania,Campania,5801692,2099298,36.18,0.15
661,2021-02-03,CAM,8903,4003,4900,842,8025,36,ITF,ITF3,15,Campania,Campania,5801692,2108201,36.34,0.15
662,2021-02-08,CAM,5113,2449,2664,4164,803,146,ITF,ITF3,15,Campania,Campania,5801692,2113314,36.43,0.09
663,2021-02-01,CAM,3984,1813,2171,102,3874,8,ITF,ITF3,15,Campania,Campania,5801692,2117298,36.49,0.07
664,2021-03-30,CAM,22051,10576,11475,18597,2957,497,ITF,ITF3,15,Campania,Campania,5801692,2139349,36.87,0.38
665,2021-04-17,CAM,36184,17511,18673,23985,11512,687,ITF,ITF3,15,Campania,Campania,5801692,2175533,37.5,0.62
666,2021-06-13,CAM,43422,21236,22186,38101,4728,593,ITF,ITF3,15,Campania,Campania,5801692,2218955,38.25,0.75
667,2021-05-30,CAM,52153,25441,26712,37961,13313,879,ITF,ITF3,15,Campania,Campania,5801692,2271108,39.15,0.9
668,2021-02-19,CAM,9571,3559,6012,8714,650,207,ITF,ITF3,15,Campania,Campania,5801692,2280679,39.31,0.16
669,2021-04-20,CAM,32039,15500,16539,20161,11312,566,ITF,ITF3,15,Campania,Campania,5801692,2312718,39.86,0.55
670,2021-06-28,CAM,46486,22720,23766,20579,25384,523,ITF,ITF3,15,Campania,Campania,5801692,2359204,40.66,0.8
671,2021-03-20,CAM,13986,6526,7460,10011,3739,236,ITF,ITF3,15,Campania,Campania,5801692,2373190,40.91,0.24
672,2021-02-15,CAM,5472,2516,2956,5160,175,137,ITF,ITF3,15,Campania,Campania,5801692,2378662,41.0,0.09
673,2021-06-09,CAM,53048,26047,27001,41701,10903,444,ITF,ITF3,15,Campania,Campania,5801692,2431710,41.91,0.91
674,2021-03-01,CAM,12130,4248,7882,7784,4112,234,ITF,ITF3,15,Campania,Campania,5801692,2443840,42.12,0.21
675,2021-05-09,CAM,43201,20285,22916,30970,11096,1135,ITF,ITF3,15,Campania,Campania,5801692,2487041,42.87,0.74
676,2021-01-10,CAM,8165,3736,4429,7963,0,202,ITF,ITF3,15,Campania,Campania,5801692,2495206,43.01,0.14
677,2021-04-03,CAM,21117,10316,10801,18282,2381,454,ITF,ITF3,15,Campania,Campania,5801692,2516323,43.37,0.36
678,2021-01-20,CAM,1257,650,607,1226,0,31,ITF,ITF3,15,Campania,Campania,5801692,2517580,43.39,0.02
679,2021-04-13,CAM,26608,12685,13923,20576,5534,498,ITF,ITF3,15,Campania,Campania,5801692,2544188,43.85,0.46
680,2021-01-03,CAM,3836,2009,1827,3787,0,49,ITF,ITF3,15,Campania,Campania,5801692,2548024,43.92,0.07
681,2021-07-05,CAM,63274,30503,32771,12749,49858,667,ITF,ITF3,15,Campania,Campania,5801692,2611298,45.01,1.09
682,2021-07-07,CAM,52036,24616,27420,7268,44390,378,ITF,ITF3,15,Campania,Campania,5801692,2663334,45.91,0.9
683,2021-03-29,CAM,19404,9577,9827,17470,1547,387,ITF,ITF3,15,Campania,Campania,5801692,2682738,46.24,0.33
684,2021-03-08,CAM,14685,6846,7839,9504,4775,406,ITF,ITF3,15,Campania,Campania,5801692,2697423,46.49,0.25
685,2021-05-04,CAM,48480,23346,25134,38349,8901,1230,ITF,ITF3,15,Campania,Campania,5801692,2745903,47.33,0.84
686,2021-01-24,CAM,4122,2119,2003,360,3745,17,ITF,ITF3,15,Campania,Campania,5801692,2750025,47.4,0.07
687,2021-05-13,CAM,55451,24828,30623,37877,16005,1569,ITF,ITF3,15,Campania,Campania,5801692,2805476,48.36,0.96
688,2021-07-09,CAM,61361,29690,31671,4373,56697,291,ITF,ITF3,15,Campania,Campania,5801692,2866837,49.41,1.06
689,2021-01-31,CAM,8070,3712,4358,22,8047,1,ITF,ITF3,15,Campania,Campania,5801692,2874907,49.55,0.14
690,2020-12-31,CAM,1489,810,679,1470,0,19,ITF,ITF3,15,Campania,Campania,5801692,2876396,49.58,0.03
691,2021-06-06,CAM,63225,31444,31781,61929,648,648,ITF,ITF3,15,Campania,Campania,5801692,2939621,50.67,1.09
692,2021-02-26,CAM,13335,4227,9108,11731,1336,268,ITF,ITF3,15,Campania,Campania,5801692,2952956,50.9,0.23
693,2021-04-24,CAM,36363,17527,18836,24360,11248,755,ITF,ITF3,15,Campania,Campania,5801692,2989319,51.52,0.63
694,2021-04-10,CAM,28355,13493,14862,22827,4914,614,ITF,ITF3,15,Campania,Campania,5801692,3017674,52.01,0.49
695,2021-03-18,CAM,12175,5380,6795,5795,6189,191,ITF,ITF3,15,Campania,Campania,5801692,3029849,52.22,0.21
696,2021-04-05,CAM,11638,5542,6096,8939,2424,275,ITF,ITF3,15,Campania,Campania,5801692,3041487,52.42,0.2
697,2021-03-17,CAM,11590,5100,6490,4860,6581,149,ITF,ITF3,15,Campania,Campania,5801692,3053077,52.62,0.2
698,2021-06-11,CAM,70787,34388,36399,63911,6034,842,ITF,ITF3,15,Campania,Campania,5801692,3123864,53.84,1.22
699,2021-03-03,CAM,13924,5496,8428,7099,6630,195,ITF,ITF3,15,Campania,Campania,5801692,3137788,54.08,0.24
700,2021-06-25,CAM,65493,31793,33700,13793,51321,379,ITF,ITF3,15,Campania,Campania,5801692,3203281,55.21,1.13
701,2021-02-07,CAM,2928,1381,1547,2067,771,90,ITF,ITF3,15,Campania,Campania,5801692,3206209,55.26,0.05
702,2021-06-30,CAM,47574,22729,24845,18364,28596,614,ITF,ITF3,15,Campania,Campania,5801692,3253783,56.08,0.82
703,2021-05-18,CAM,52184,23231,28953,31875,19656,653,ITF,ITF3,15,Campania,Campania,5801692,3305967,56.98,0.9
704,2021-02-05,CAM,7261,3463,3798,2019,5128,114,ITF,ITF3,15,Campania,Campania,5801692,3313228,57.11,0.13
705,2021-04-29,CAM,41328,20036,21292,24096,16481,751,ITF,ITF3,15,Campania,Campania,5801692,3354556,57.82,0.71
706,2021-01-19,CAM,1095,474,621,1042,3,50,ITF,ITF3,15,Campania,Campania,5801692,3355651,57.84,0.02
707,2021-01-21,CAM,2092,1115,977,670,1416,6,ITF,ITF3,15,Campania,Campania,5801692,3357743,57.88,0.04
708,2021-04-14,CAM,27650,13338,14312,18670,8570,410,ITF,ITF3,15,Campania,Campania,5801692,3385393,58.35,0.48
709,2021-05-01,CAM,46346,22662,23684,29339,16105,902,ITF,ITF3,15,Campania,Campania,5801692,3431739,59.15,0.8
710,2021-01-17,CAM,1155,551,604,682,453,20,ITF,ITF3,15,Campania,Campania,5801692,3432894,59.17,0.02
711,2021-03-15,CAM,13345,6490,6855,8353,4746,246,ITF,ITF3,15,Campania,Campania,5801692,3446239,59.4,0.23
712,2021-07-02,CAM,55850,26985,28865,14439,40927,484,ITF,ITF3,15,Campania,Campania,5801692,3502089,60.36,0.96
713,2021-05-27,CAM,72908,35348,37560,25819,46533,556,ITF,ITF3,15,Campania,Campania,5801692,3574997,61.62,1.26
714,2021-02-16,CAM,5440,2412,3028,4494,771,175,ITF,ITF3,15,Campania,Campania,5801692,3580437,61.71,0.09
715,2021-05-22,CAM,67951,32507,35444,45622,21485,844,ITF,ITF3,15,Campania,Campania,5801692,3648388,62.88,1.17
716,2021-03-24,CAM,17923,8370,9553,14626,2958,339,ITF,ITF3,15,Campania,Campania,5801692,3666311,63.19,0.31
717,2021-05-20,CAM,60809,28121,32688,42222,17628,959,ITF,ITF3,15,Campania,Campania,5801692,3727120,64.24,1.05
718,2021-02-09,CAM,4643,2202,2441,4234,252,157,ITF,ITF3,15,Campania,Campania,5801692,3731763,64.32,0.08
719,2021-05-29,CAM,67815,32258,35557,43107,23869,839,ITF,ITF3,15,Campania,Campania,5801692,3799578,65.49,1.17
720,2021-05-23,CAM,58744,28638,30106,37220,20895,629,ITF,ITF3,15,Campania,Campania,5801692,3858322,66.5,1.01
721,2021-02-12,CAM,6531,2861,3670,6092,188,251,ITF,ITF3,15,Campania,Campania,5801692,3864853,66.62,0.11
722,2021-01-29,CAM,10053,4812,5241,43,10006,4,ITF,ITF3,15,Campania,Campania,5801692,3874906,66.79,0.17
723,2021-06-27,CAM,43541,21448,22093,14102,29065,374,ITF,ITF3,15,Campania,Campania,5801692,3918447,67.54,0.75
724,2021-03-19,CAM,11143,4973,6170,7096,3873,174,ITF,ITF3,15,Campania,Campania,5801692,3929590,67.73,0.19
725,2021-06-10,CAM,75898,36673,39225,67991,7033,874,ITF,ITF3,15,Campania,Campania,5801692,4005488,69.04,1.31
726,2021-06-20,CAM,47595,22740,24855,14333,32977,285,ITF,ITF3,15,Campania,Campania,5801692,4053083,69.86,0.82
727,2021-03-27,CAM,21513,10242,11271,17256,3865,392,ITF,ITF3,15,Campania,Campania,5801692,4074596,70.23,0.37
728,2021-06-01,CAM,42018,20853,21165,31309,10490,219,ITF,ITF3,15,Campania,Campania,5801692,4116614,70.96,0.72
729,2021-06-18,CAM,65880,31396,34484,35098,30293,489,ITF,ITF3,15,Campania,Campania,5801692,4182494,72.09,1.14
730,2021-03-10,CAM,15612,7720,7892,8464,6835,313,ITF,ITF3,15,Campania,Campania,5801692,4198106,72.36,0.27
731,2021-05-15,CAM,62655,29040,33615,42155,18712,1788,ITF,ITF3,15,Campania,Campania,5801692,4260761,73.44,1.08
732,2021-03-12,CAM,14573,7409,7164,8198,6083,292,ITF,ITF3,15,Campania,Campania,5801692,4275334,73.69,0.25
733,2021-06-03,CAM,72635,35227,37408,61158,10673,804,ITF,ITF3,15,Campania,Campania,5801692,4347969,74.94,1.25
734,2021-02-23,CAM,11002,3388,7614,10206,526,270,ITF,ITF3,15,Campania,Campania,5801692,4358971,75.13,0.19
735,2021-02-21,CAM,5836,2241,3595,5496,225,115,ITF,ITF3,15,Campania,Campania,5801692,4364807,75.23,0.1
736,2021-07-06,CAM,56618,27027,29591,16322,39847,449,ITF,ITF3,15,Campania,Campania,5801692,4421425,76.21,0.98
737,2021-04-12,CAM,23306,10920,12386,19772,3035,499,ITF,ITF3,15,Campania,Campania,5801692,4444731,76.61,0.4
738,2021-01-02,CAM,3672,1962,1710,3614,0,58,ITF,ITF3,15,Campania,Campania,5801692,4448403,76.67,0.06
739,2021-06-17,CAM,60134,28836,31298,32875,26760,499,ITF,ITF3,15,Campania,Campania,5801692,4508537,77.71,1.04
740,2021-07-04,CAM,48817,23764,25053,6328,42307,182,ITF,ITF3,15,Campania,Campania,5801692,4557354,78.55,0.84
741,2021-03-26,CAM,19862,9321,10541,15650,3815,397,ITF,ITF3,15,Campania,Campania,5801692,4577216,78.89,0.34
742,2021-05-11,CAM,39861,19237,20624,29550,9400,911,ITF,ITF3,15,Campania,Campania,5801692,4617077,79.58,0.69
743,2021-07-11,CAM,40849,19658,21191,1015,39753,81,ITF,ITF3,15,Campania,Campania,5801692,4657926,80.29,0.7
744,2021-05-25,CAM,46501,22382,24119,22544,23409,548,ITF,ITF3,15,Campania,Campania,5801692,4704427,81.09,0.8
745,2021-04-22,CAM,33962,16540,17422,20932,12405,625,ITF,ITF3,15,Campania,Campania,5801692,4738389,81.67,0.59
746,2021-01-12,CAM,5215,2564,2651,5076,0,139,ITF,ITF3,15,Campania,Campania,5801692,4743604,81.76,0.09
747,2021-05-06,CAM,57283,27909,29374,41311,14452,1520,ITF,ITF3,15,Campania,Campania,5801692,4800887,82.75,0.99
748,2021-02-28,CAM,10412,3207,7205,8315,1900,197,ITF,ITF3,15,Campania,Campania,5801692,4811299,82.93,0.18
749,2021-02-14,CAM,3928,1923,2005,3844,34,50,ITF,ITF3,15,Campania,Campania,5801692,4815227,83.0,0.07
750,2021-01-26,CAM,7341,3726,3615,331,6989,21,ITF,ITF3,15,Campania,Campania,5801692,4822568,83.12,0.13
751,2021-04-19,CAM,30770,14830,15940,18693,11572,505,ITF,ITF3,15,Campania,Campania,5801692,4853338,83.65,0.53
752,2021-01-09,CAM,10567,5024,5543,10306,0,261,ITF,ITF3,15,Campania,Campania,5801692,4863905,83.84,0.18
753,2021-05-08,CAM,56429,27142,29287,39153,15828,1448,ITF,ITF3,15,Campania,Campania,5801692,4920334,84.81,0.97
754,2021-01-28,CAM,8833,4122,4711,126,8699,8,ITF,ITF3,15,Campania,Campania,5801692,4929167,84.96,0.15
755,2021-04-21,CAM,30231,14728,15503,17481,12227,523,ITF,ITF3,15,Campania,Campania,5801692,4959398,85.48,0.52
756,2021-01-07,CAM,8910,4167,4743,8737,0,173,ITF,ITF3,15,Campania,Campania,5801692,4968308,85.64,0.15
757,2021-03-05,CAM,16812,6665,10147,9864,6663,285,ITF,ITF3,15,Campania,Campania,5801692,4985120,85.93,0.29
758,2021-01-14,CAM,7074,2978,4096,6810,0,264,ITF,ITF3,15,Campania,Campania,5801692,4992194,86.05,0.12
759,2021-02-02,CAM,5724,2805,2919,413,5280,31,ITF,ITF3,15,Campania,Campania,5801692,4997918,86.15,0.1
760,2021-03-31,CAM,23185,11370,11815,19357,3440,388,ITF,ITF3,15,Campania,Campania,5801692,5021103,86.55,0.4
761,2021-04-07,CAM,24970,11985,12985,19712,4725,533,ITF,ITF3,15,Campania,Campania,5801692,5046073,86.98,0.43
762,2021-04-02,CAM,21861,10522,11339,19096,2322,443,ITF,ITF3,15,Campania,Campania,5801692,5067934,87.35,0.38
763,2021-04-01,CAM,24680,12010,12670,20080,4133,467,ITF,ITF3,15,Campania,Campania,5801692,5092614,87.78,0.43
764,2021-05-28,CAM,73015,35283,37732,26276,46125,614,ITF,ITF3,15,Campania,Campania,5801692,5165629,89.04,1.26
765,2021-05-14,CAM,61038,27583,33455,34851,24706,1481,ITF,ITF3,15,Campania,Campania,5801692,5226667,90.09,1.05
766,2021-07-10,CAM,66859,32648,34211,2749,63915,195,ITF,ITF3,15,Campania,Campania,5801692,5293526,91.24,1.15
767,2021-02-24,CAM,11784,4149,7635,10849,688,247,ITF,ITF3,15,Campania,Campania,5801692,5305310,91.44,0.2
768,2021-01-05,CAM,7237,3637,3600,7076,0,161,ITF,ITF3,15,Campania,Campania,5801692,5312547,91.57,0.12
769,2021-02-17,CAM,7389,3211,4178,6205,1060,124,ITF,ITF3,15,Campania,Campania,5801692,5319936,91.7,0.13
770,2021-04-15,CAM,34343,16663,17680,23813,9902,628,ITF,ITF3,15,Campania,Campania,5801692,5354279,92.29,0.59
771,2021-06-22,CAM,52437,25008,27429,13198,38992,247,ITF,ITF3,15,Campania,Campania,5801692,5406716,93.19,0.9
772,2021-03-14,CAM,8617,3827,4790,4380,4140,97,ITF,ITF3,15,Campania,Campania,5801692,5415333,93.34,0.15
773,2021-05-10,CAM,35465,16388,19077,24998,9927,540,ITF,ITF3,15,Campania,Campania,5801692,5450798,93.95,0.61
774,2021-06-08,CAM,53031,25848,27183,45455,6996,580,ITF,ITF3,15,Campania,Campania,5801692,5503829,94.87,0.91
775,2021-04-26,CAM,34031,16648,17383,27571,5622,838,ITF,ITF3,15,Campania,Campania,5801692,5537860,95.45,0.59
776,2021-03-07,CAM,11973,5404,6569,7816,3843,314,ITF,ITF3,15,Campania,Campania,5801692,5549833,95.66,0.21
777,2021-05-03,CAM,40777,19898,20879,27957,11857,963,ITF,ITF3,15,Campania,Campania,5801692,5590610,96.36,0.7
778,2021-06-29,CAM,49295,23974,25321,19838,28997,460,ITF,ITF3,15,Campania,Campania,5801692,5639905,97.21,0.85
779,2021-06-15,CAM,18654,9073,9581,11014,7410,230,ITF,ITF3,15,Campania,Campania,5801692,5658559,97.53,0.32
780,2021-04-06,UMB,5287,2165,3122,2863,2387,37,ITI,ITI2,10,Umbria,Umbria,882015,5287,0.6,0.6
781,2021-03-28,UMB,1095,441,654,1040,24,31,ITI,ITI2,10,Umbria,Umbria,882015,6382,0.72,0.12
782,2021-01-30,UMB,1575,486,1089,44,1531,0,ITI,ITI2,10,Umbria,Umbria,882015,7957,0.9,0.18
783,2021-02-13,UMB,114,27,87,111,3,0,ITI,ITI2,10,Umbria,Umbria,882015,8071,0.92,0.01
784,2021-05-24,UMB,9055,4509,4546,8008,879,168,ITI,ITI2,10,Umbria,Umbria,882015,17126,1.94,1.03
785,2021-04-18,UMB,1531,681,850,578,930,23,ITI,ITI2,10,Umbria,Umbria,882015,18657,2.12,0.17
786,2021-01-11,UMB,1303,341,962,1303,0,0,ITI,ITI2,10,Umbria,Umbria,882015,19960,2.26,0.15
787,2021-05-05,UMB,7209,3300,3909,3825,3304,80,ITI,ITI2,10,Umbria,Umbria,882015,27169,3.08,0.82
788,2021-01-25,UMB,648,323,325,5,643,0,ITI,ITI2,10,Umbria,Umbria,882015,27817,3.15,0.07
789,2021-07-03,UMB,6451,3236,3215,2922,3474,55,ITI,ITI2,10,Umbria,Umbria,882015,34268,3.89,0.73
790,2021-03-23,UMB,3790,1682,2108,2124,1629,37,ITI,ITI2,10,Umbria,Umbria,882015,38058,4.31,0.43
791,2021-07-01,UMB,9656,4782,4874,3360,6255,41,ITI,ITI2,10,Umbria,Umbria,882015,47714,5.41,1.09
792,2021-02-08,UMB,635,203,432,88,547,0,ITI,ITI2,10,Umbria,Umbria,882015,48349,5.48,0.07
793,2021-05-19,UMB,9413,4211,5202,5584,3743,86,ITI,ITI2,10,Umbria,Umbria,882015,57762,6.55,1.07
794,2021-02-06,UMB,396,138,258,34,362,0,ITI,ITI2,10,Umbria,Umbria,882015,58158,6.59,0.04
795,2021-06-14,UMB,5378,2745,2633,3368,2010,0,ITI,ITI2,10,Umbria,Umbria,882015,63536,7.2,0.61
796,2021-04-23,UMB,6612,2784,3828,3297,3120,195,ITI,ITI2,10,Umbria,Umbria,882015,70148,7.95,0.75
797,2021-02-25,UMB,1332,495,837,1272,52,8,ITI,ITI2,10,Umbria,Umbria,882015,71480,8.1,0.15
798,2021-03-11,UMB,3582,1722,1860,2564,1006,12,ITI,ITI2,10,Umbria,Umbria,882015,75062,8.51,0.41
799,2021-01-13,UMB,449,139,310,449,0,0,ITI,ITI2,10,Umbria,Umbria,882015,75511,8.56,0.05
800,2021-06-19,UMB,4568,2199,2369,2538,2030,0,ITI,ITI2,10,Umbria,Umbria,882015,80079,9.08,0.52
801,2021-01-06,UMB,846,325,521,846,0,0,ITI,ITI2,10,Umbria,Umbria,882015,80925,9.18,0.1
802,2021-06-12,UMB,7708,3683,4025,6130,1577,1,ITI,ITI2,10,Umbria,Umbria,882015,88633,10.05,0.87
803,2021-04-16,UMB,8096,3740,4356,6081,1838,177,ITI,ITI2,10,Umbria,Umbria,882015,96729,10.97,0.92
804,2021-04-30,UMB,6251,2971,3280,2733,3397,121,ITI,ITI2,10,Umbria,Umbria,882015,102980,11.68,0.71
805,2021-03-04,UMB,4484,1855,2629,3643,827,14,ITI,ITI2,10,Umbria,Umbria,882015,107464,12.18,0.51
806,2021-01-20,UMB,602,221,381,602,0,0,ITI,ITI2,10,Umbria,Umbria,882015,108066,12.25,0.07
807,2021-05-07,UMB,10097,4699,5398,6702,3191,204,ITI,ITI2,10,Umbria,Umbria,882015,118163,13.4,1.14
808,2021-06-02,UMB,3914,1881,2033,3873,40,1,ITI,ITI2,10,Umbria,Umbria,882015,122077,13.84,0.44
809,2021-02-20,UMB,283,101,182,259,24,0,ITI,ITI2,10,Umbria,Umbria,882015,122360,13.87,0.03
810,2021-03-09,UMB,4088,2000,2088,2791,1288,9,ITI,ITI2,10,Umbria,Umbria,882015,126448,14.34,0.46
811,2021-07-08,UMB,9440,4571,4869,170,9228,42,ITI,ITI2,10,Umbria,Umbria,882015,135888,15.41,1.07
812,2021-05-12,UMB,6487,3024,3463,4193,2146,148,ITI,ITI2,10,Umbria,Umbria,882015,142375,16.14,0.74
813,2021-03-30,UMB,3976,1729,2247,2400,1540,36,ITI,ITI2,10,Umbria,Umbria,882015,146351,16.59,0.45
814,2020-12-27,UMB,84,44,40,84,0,0,ITI,ITI2,10,Umbria,Umbria,882015,146435,16.6,0.01
815,2021-02-22,UMB,1889,807,1082,1803,86,0,ITI,ITI2,10,Umbria,Umbria,882015,148324,16.82,0.21
816,2021-05-26,UMB,9645,4563,5082,8204,1250,191,ITI,ITI2,10,Umbria,Umbria,882015,157969,17.91,1.09
817,2021-05-28,UMB,9583,4435,5148,7107,2295,181,ITI,ITI2,10,Umbria,Umbria,882015,167552,19.0,1.09
818,2021-04-15,UMB,7636,3493,4143,5679,1887,70,ITI,ITI2,10,Umbria,Umbria,882015,175188,19.86,0.87
819,2021-02-17,UMB,1618,748,870,1266,351,1,ITI,ITI2,10,Umbria,Umbria,882015,176806,20.05,0.18
820,2021-04-04,UMB,57,20,37,22,35,0,ITI,ITI2,10,Umbria,Umbria,882015,176863,20.05,0.01
821,2021-06-07,UMB,6942,3425,3517,6248,694,0,ITI,ITI2,10,Umbria,Umbria,882015,183805,20.84,0.79
822,2021-03-16,UMB,3538,1454,2084,1909,1627,2,ITI,ITI2,10,Umbria,Umbria,882015,187343,21.24,0.4
823,2021-02-27,UMB,1658,354,1304,1642,16,0,ITI,ITI2,10,Umbria,Umbria,882015,189001,21.43,0.19
824,2021-04-03,UMB,2097,712,1385,1034,1052,11,ITI,ITI2,10,Umbria,Umbria,882015,191098,21.67,0.24
825,2021-07-12,UMB,1460,722,738,60,1397,3,ITI,ITI2,10,Umbria,Umbria,882015,192558,21.83,0.17
826,2021-01-08,UMB,1187,344,843,1187,0,0,ITI,ITI2,10,Umbria,Umbria,882015,193745,21.97,0.13
827,2021-01-01,UMB,273,104,169,273,0,0,ITI,ITI2,10,Umbria,Umbria,882015,194018,22.0,0.03
828,2021-04-11,UMB,3097,1504,1593,3031,49,17,ITI,ITI2,10,Umbria,Umbria,882015,197115,22.35,0.35
829,2021-01-18,UMB,613,218,395,529,84,0,ITI,ITI2,10,Umbria,Umbria,882015,197728,22.42,0.07
830,2021-05-30,UMB,5982,2999,2983,5665,202,115,ITI,ITI2,10,Umbria,Umbria,882015,203710,23.1,0.68
831,2021-03-08,UMB,3696,1822,1874,2323,1361,12,ITI,ITI2,10,Umbria,Umbria,882015,207406,23.52,0.42
832,2021-06-16,UMB,6316,3093,3223,3222,3093,1,ITI,ITI2,10,Umbria,Umbria,882015,213722,24.23,0.72
833,2021-03-25,UMB,3898,1698,2200,2794,1063,41,ITI,ITI2,10,Umbria,Umbria,882015,217620,24.67,0.44
834,2021-04-25,UMB,4357,1684,2673,3866,82,409,ITI,ITI2,10,Umbria,Umbria,882015,221977,25.17,0.49
835,2021-06-21,UMB,7495,3927,3568,5158,2337,0,ITI,ITI2,10,Umbria,Umbria,882015,229472,26.02,0.85
836,2021-06-30,UMB,10462,5293,5169,3761,6701,0,ITI,ITI2,10,Umbria,Umbria,882015,239934,27.2,1.19
837,2021-07-07,UMB,9384,4445,4939,87,9273,24,ITI,ITI2,10,Umbria,Umbria,882015,249318,28.27,1.06
838,2021-03-18,UMB,2965,1171,1794,1699,1262,4,ITI,ITI2,10,Umbria,Umbria,882015,252283,28.6,0.34
839,2021-06-26,UMB,9304,4726,4578,5685,3619,0,ITI,ITI2,10,Umbria,Umbria,882015,261587,29.66,1.05
840,2021-07-10,UMB,7640,3787,3853,69,7563,8,ITI,ITI2,10,Umbria,Umbria,882015,269227,30.52,0.87
841,2021-04-20,UMB,5450,2364,3086,3430,1947,73,ITI,ITI2,10,Umbria,Umbria,882015,274677,31.14,0.62
842,2021-01-27,UMB,840,330,510,13,827,0,ITI,ITI2,10,Umbria,Umbria,882015,275517,31.24,0.1
843,2021-01-10,UMB,1065,274,791,1065,0,0,ITI,ITI2,10,Umbria,Umbria,882015,276582,31.36,0.12
844,2021-05-31,UMB,5802,2837,2965,4839,884,79,ITI,ITI2,10,Umbria,Umbria,882015,282384,32.02,0.66
845,2021-05-14,UMB,5324,2508,2816,3351,1817,156,ITI,ITI2,10,Umbria,Umbria,882015,287708,32.62,0.6
846,2021-02-01,UMB,1284,341,943,48,1236,0,ITI,ITI2,10,Umbria,Umbria,882015,288992,32.76,0.15
847,2021-02-18,UMB,1496,582,914,1029,466,1,ITI,ITI2,10,Umbria,Umbria,882015,290488,32.93,0.17
848,2021-06-11,UMB,6909,3468,3441,6143,766,0,ITI,ITI2,10,Umbria,Umbria,882015,297397,33.72,0.78
849,2021-04-08,UMB,5863,2509,3354,4006,1789,68,ITI,ITI2,10,Umbria,Umbria,882015,303260,34.38,0.66
850,2021-06-04,UMB,8905,4401,4504,7709,1194,2,ITI,ITI2,10,Umbria,Umbria,882015,312165,35.39,1.01
851,2021-04-13,UMB,7674,3396,4278,5917,1668,89,ITI,ITI2,10,Umbria,Umbria,882015,319839,36.26,0.87
852,2021-02-15,UMB,1367,692,675,1364,1,2,ITI,ITI2,10,Umbria,Umbria,882015,321206,36.42,0.15
853,2021-01-03,UMB,270,112,158,270,0,0,ITI,ITI2,10,Umbria,Umbria,882015,321476,36.45,0.03
854,2021-04-22,UMB,5446,2247,3199,2702,2664,80,ITI,ITI2,10,Umbria,Umbria,882015,326922,37.07,0.62
855,2021-03-27,UMB,4251,1513,2738,3855,340,56,ITI,ITI2,10,Umbria,Umbria,882015,331173,37.55,0.48
856,2021-06-18,UMB,4769,2353,2416,1615,3153,1,ITI,ITI2,10,Umbria,Umbria,882015,335942,38.09,0.54
857,2021-03-06,UMB,4304,1146,3158,4134,138,32,ITI,ITI2,10,Umbria,Umbria,882015,340246,38.58,0.49
858,2021-01-22,UMB,276,105,171,32,244,0,ITI,ITI2,10,Umbria,Umbria,882015,340522,38.61,0.03
859,2021-06-28,UMB,9676,4782,4894,3778,5898,0,ITI,ITI2,10,Umbria,Umbria,882015,350198,39.7,1.1
860,2021-05-02,UMB,3780,1866,1914,1294,2454,32,ITI,ITI2,10,Umbria,Umbria,882015,353978,40.13,0.43
861,2021-03-20,UMB,2319,845,1474,2290,25,4,ITI,ITI2,10,Umbria,Umbria,882015,356297,40.4,0.26
862,2021-03-13,UMB,1734,523,1211,1485,249,0,ITI,ITI2,10,Umbria,Umbria,882015,358031,40.59,0.2
863,2021-01-15,UMB,695,213,482,695,0,0,ITI,ITI2,10,Umbria,Umbria,882015,358726,40.67,0.08
864,2021-01-29,UMB,1230,348,882,79,1151,0,ITI,ITI2,10,Umbria,Umbria,882015,359956,40.81,0.14
865,2021-05-09,UMB,5753,2752,3001,5242,391,120,ITI,ITI2,10,Umbria,Umbria,882015,365709,41.46,0.65
866,2021-07-09,UMB,9363,4526,4837,117,9232,14,ITI,ITI2,10,Umbria,Umbria,882015,375072,42.52,1.06
867,2021-05-23,UMB,5068,1854,3214,635,4416,17,ITI,ITI2,10,Umbria,Umbria,882015,380140,43.1,0.57
868,2021-03-17,UMB,3329,1313,2016,1855,1472,2,ITI,ITI2,10,Umbria,Umbria,882015,383469,43.48,0.38
869,2021-01-07,UMB,1300,387,913,1300,0,0,ITI,ITI2,10,Umbria,Umbria,882015,384769,43.62,0.15
870,2021-06-25,UMB,10097,5226,4871,5390,4706,1,ITI,ITI2,10,Umbria,Umbria,882015,394866,44.77,1.14
871,2021-01-26,UMB,815,389,426,17,798,0,ITI,ITI2,10,Umbria,Umbria,882015,395681,44.86,0.09
872,2021-02-12,UMB,670,224,446,664,6,0,ITI,ITI2,10,Umbria,Umbria,882015,396351,44.94,0.08
873,2021-02-26,UMB,660,253,407,650,8,2,ITI,ITI2,10,Umbria,Umbria,882015,397011,45.01,0.07
874,2021-05-16,UMB,5218,2492,2726,5087,49,82,ITI,ITI2,10,Umbria,Umbria,882015,402229,45.6,0.59
875,2021-04-27,UMB,5663,2401,3262,3053,2578,32,ITI,ITI2,10,Umbria,Umbria,882015,407892,46.25,0.64
876,2021-02-03,UMB,724,174,550,67,657,0,ITI,ITI2,10,Umbria,Umbria,882015,408616,46.33,0.08
877,2021-02-05,UMB,780,234,546,18,762,0,ITI,ITI2,10,Umbria,Umbria,882015,409396,46.42,0.09
878,2021-07-04,UMB,3406,1740,1666,2410,967,29,ITI,ITI2,10,Umbria,Umbria,882015,412802,46.8,0.39
879,2021-04-12,UMB,7084,3081,4003,5310,1717,57,ITI,ITI2,10,Umbria,Umbria,882015,419886,47.61,0.8
880,2021-01-19,UMB,102,23,79,102,0,0,ITI,ITI2,10,Umbria,Umbria,882015,419988,47.62,0.01
881,2021-04-29,UMB,5214,2248,2966,2805,2320,89,ITI,ITI2,10,Umbria,Umbria,882015,425202,48.21,0.59
882,2021-03-24,UMB,4104,1792,2312,2744,1323,37,ITI,ITI2,10,Umbria,Umbria,882015,429306,48.67,0.47
883,2021-07-02,UMB,8691,4300,4391,3047,5554,90,ITI,ITI2,10,Umbria,Umbria,882015,437997,49.66,0.99
884,2021-04-10,UMB,7389,3477,3912,7173,84,132,ITI,ITI2,10,Umbria,Umbria,882015,445386,50.5,0.84
885,2021-01-17,UMB,54,17,37,54,0,0,ITI,ITI2,10,Umbria,Umbria,882015,445440,50.5,0.01
886,2021-06-13,UMB,6763,3556,3207,6533,230,0,ITI,ITI2,10,Umbria,Umbria,882015,452203,51.27,0.77
887,2021-05-01,UMB,5370,2638,2732,2096,3230,44,ITI,ITI2,10,Umbria,Umbria,882015,457573,51.88,0.61
888,2021-03-05,UMB,4618,1402,3216,3947,656,15,ITI,ITI2,10,Umbria,Umbria,882015,462191,52.4,0.52
889,2021-03-03,UMB,4431,1770,2661,3718,710,3,ITI,ITI2,10,Umbria,Umbria,882015,466622,52.9,0.5
890,2021-05-20,UMB,9831,4585,5246,6100,3650,81,ITI,ITI2,10,Umbria,Umbria,882015,476453,54.02,1.11
891,2021-05-21,UMB,8969,3667,5302,4058,4828,83,ITI,ITI2,10,Umbria,Umbria,882015,485422,55.04,1.02
892,2021-05-04,UMB,5537,2544,2993,2352,3125,60,ITI,ITI2,10,Umbria,Umbria,882015,490959,55.66,0.63
893,2021-04-01,UMB,4372,1837,2535,2327,2009,36,ITI,ITI2,10,Umbria,Umbria,882015,495331,56.16,0.5
894,2021-03-01,UMB,1504,774,730,1384,114,6,ITI,ITI2,10,Umbria,Umbria,882015,496835,56.33,0.17
895,2021-06-09,UMB,8062,3907,4155,7340,722,0,ITI,ITI2,10,Umbria,Umbria,882015,504897,57.24,0.91
896,2021-06-23,UMB,11195,5717,5478,7796,3399,0,ITI,ITI2,10,Umbria,Umbria,882015,516092,58.51,1.27
897,2021-03-15,UMB,4594,1938,2656,2825,1766,3,ITI,ITI2,10,Umbria,Umbria,882015,520686,59.03,0.52
898,2021-02-10,UMB,714,348,366,699,15,0,ITI,ITI2,10,Umbria,Umbria,882015,521400,59.11,0.08
899,2021-01-24,UMB,258,106,152,1,257,0,ITI,ITI2,10,Umbria,Umbria,882015,521658,59.14,0.03
900,2021-06-08,UMB,7374,3639,3735,6831,543,0,ITI,ITI2,10,Umbria,Umbria,882015,529032,59.98,0.84
901,2021-04-17,UMB,6676,3069,3607,5171,1340,165,ITI,ITI2,10,Umbria,Umbria,882015,535708,60.74,0.76
902,2021-01-05,UMB,854,429,425,854,0,0,ITI,ITI2,10,Umbria,Umbria,882015,536562,60.83,0.1
903,2021-07-05,UMB,8394,4066,4328,162,8226,6,ITI,ITI2,10,Umbria,Umbria,882015,544956,61.79,0.95
904,2021-05-13,UMB,5914,2657,3257,3701,2083,130,ITI,ITI2,10,Umbria,Umbria,882015,550870,62.46,0.67
905,2021-02-19,UMB,743,293,450,525,217,1,ITI,ITI2,10,Umbria,Umbria,882015,551613,62.54,0.08
906,2021-06-01,UMB,4381,2089,2292,4226,155,0,ITI,ITI2,10,Umbria,Umbria,882015,555994,63.04,0.5
907,2021-03-10,UMB,4031,1943,2088,2760,1256,15,ITI,ITI2,10,Umbria,Umbria,882015,560025,63.49,0.46
908,2021-01-16,UMB,217,71,146,216,0,1,ITI,ITI2,10,Umbria,Umbria,882015,560242,63.52,0.02
909,2021-02-02,UMB,942,272,670,32,910,0,ITI,ITI2,10,Umbria,Umbria,882015,561184,63.63,0.11
910,2021-06-20,UMB,6211,3000,3211,1583,4628,0,ITI,ITI2,10,Umbria,Umbria,882015,567395,64.33,0.7
911,2021-04-24,UMB,4561,1961,2600,3276,1182,103,ITI,ITI2,10,Umbria,Umbria,882015,571956,64.85,0.52
912,2021-01-12,UMB,834,247,587,834,0,0,ITI,ITI2,10,Umbria,Umbria,882015,572790,64.94,0.09
913,2021-03-14,UMB,66,48,18,66,0,0,ITI,ITI2,10,Umbria,Umbria,882015,572856,64.95,0.01
914,2021-06-22,UMB,8030,4077,3953,5245,2784,1,ITI,ITI2,10,Umbria,Umbria,882015,580886,65.86,0.91
915,2021-03-12,UMB,2694,1081,1613,2191,495,8,ITI,ITI2,10,Umbria,Umbria,882015,583580,66.16,0.31
916,2021-03-21,UMB,675,338,337,672,0,3,ITI,ITI2,10,Umbria,Umbria,882015,584255,66.24,0.08
917,2021-06-29,UMB,9867,5024,4843,4192,5675,0,ITI,ITI2,10,Umbria,Umbria,882015,594122,67.36,1.12
918,2021-05-17,UMB,6368,3060,3308,4140,2177,51,ITI,ITI2,10,Umbria,Umbria,882015,600490,68.08,0.72
919,2021-01-14,UMB,722,192,530,722,0,0,ITI,ITI2,10,Umbria,Umbria,882015,601212,68.16,0.08
920,2021-03-19,UMB,1740,565,1175,1079,656,5,ITI,ITI2,10,Umbria,Umbria,882015,602952,68.36,0.2
921,2021-05-06,UMB,9450,4313,5137,6012,3314,124,ITI,ITI2,10,Umbria,Umbria,882015,612402,69.43,1.07
922,2021-06-10,UMB,7457,3718,3739,6683,774,0,ITI,ITI2,10,Umbria,Umbria,882015,619859,70.28,0.85
923,2020-12-31,UMB,322,127,195,322,0,0,ITI,ITI2,10,Umbria,Umbria,882015,620181,70.31,0.04
924,2021-06-15,UMB,5976,3012,2964,3909,2067,0,ITI,ITI2,10,Umbria,Umbria,882015,626157,70.99,0.68
925,2021-06-17,UMB,6944,3518,3426,4881,2055,8,ITI,ITI2,10,Umbria,Umbria,882015,633101,71.78,0.79
926,2021-03-26,UMB,4588,1712,2876,4345,172,71,ITI,ITI2,10,Umbria,Umbria,882015,637689,72.3,0.52
927,2021-01-02,UMB,304,111,193,304,0,0,ITI,ITI2,10,Umbria,Umbria,882015,637993,72.33,0.03
928,2021-03-07,UMB,845,180,665,837,7,1,ITI,ITI2,10,Umbria,Umbria,882015,638838,72.43,0.1
929,2021-05-29,UMB,7854,3609,4245,6174,1566,114,ITI,ITI2,10,Umbria,Umbria,882015,646692,73.32,0.89
930,2021-04-26,UMB,5390,2337,3053,3098,2251,41,ITI,ITI2,10,Umbria,Umbria,882015,652082,73.93,0.61
931,2021-04-09,UMB,6730,3125,3605,6405,209,116,ITI,ITI2,10,Umbria,Umbria,882015,658812,74.69,0.76
932,2021-04-28,UMB,5379,2327,3052,2938,2395,46,ITI,ITI2,10,Umbria,Umbria,882015,664191,75.3,0.61
933,2021-02-04,UMB,733,226,507,25,708,0,ITI,ITI2,10,Umbria,Umbria,882015,664924,75.39,0.08
934,2021-05-15,UMB,4990,1882,3108,1764,3164,62,ITI,ITI2,10,Umbria,Umbria,882015,669914,75.95,0.57
935,2021-06-06,UMB,7608,3904,3704,6913,693,2,ITI,ITI2,10,Umbria,Umbria,882015,677522,76.82,0.86
936,2021-02-24,UMB,1518,563,955,1503,15,0,ITI,ITI2,10,Umbria,Umbria,882015,679040,76.99,0.17
937,2021-07-06,UMB,8574,4084,4490,142,8411,21,ITI,ITI2,10,Umbria,Umbria,882015,687614,77.96,0.97
938,2021-05-10,UMB,5977,2793,3184,3761,2148,68,ITI,ITI2,10,Umbria,Umbria,882015,693591,78.64,0.68
939,2021-06-27,UMB,7455,3730,3725,1768,5687,0,ITI,ITI2,10,Umbria,Umbria,882015,701046,79.48,0.85
940,2021-02-11,UMB,839,348,491,834,5,0,ITI,ITI2,10,Umbria,Umbria,882015,701885,79.58,0.1
941,2021-05-22,UMB,6960,2752,4208,2594,4319,47,ITI,ITI2,10,Umbria,Umbria,882015,708845,80.37,0.79
942,2021-07-11,UMB,5863,2955,2908,84,5778,1,ITI,ITI2,10,Umbria,Umbria,882015,714708,81.03,0.66
943,2021-04-02,UMB,4343,1778,2565,3545,755,43,ITI,ITI2,10,Umbria,Umbria,882015,719051,81.52,0.49
944,2021-01-09,UMB,1717,495,1222,1717,0,0,ITI,ITI2,10,Umbria,Umbria,882015,720768,81.72,0.19
945,2021-04-21,UMB,5320,2316,3004,3054,2227,39,ITI,ITI2,10,Umbria,Umbria,882015,726088,82.32,0.6
946,2021-03-02,UMB,3641,1346,2295,3634,4,3,ITI,ITI2,10,Umbria,Umbria,882015,729729,82.73,0.41
947,2021-06-24,UMB,10125,5106,5019,6137,3988,0,ITI,ITI2,10,Umbria,Umbria,882015,739854,83.88,1.15
948,2021-03-31,UMB,3897,1728,2169,2179,1686,32,ITI,ITI2,10,Umbria,Umbria,882015,743751,84.32,0.44
949,2021-02-16,UMB,1308,655,653,1299,9,0,ITI,ITI2,10,Umbria,Umbria,882015,745059,84.47,0.15
950,2021-05-27,UMB,9963,4862,5101,8471,1317,175,ITI,ITI2,10,Umbria,Umbria,882015,755022,85.6,1.13
951,2021-01-04,UMB,809,398,411,809,0,0,ITI,ITI2,10,Umbria,Umbria,882015,755831,85.69,0.09
952,2021-04-14,UMB,8152,3680,4472,6096,1979,77,ITI,ITI2,10,Umbria,Umbria,882015,763983,86.62,0.92
953,2021-06-03,UMB,9035,4466,4569,8747,288,0,ITI,ITI2,10,Umbria,Umbria,882015,773018,87.64,1.02
954,2021-04-07,UMB,5571,2291,3280,3481,2005,85,ITI,ITI2,10,Umbria,Umbria,882015,778589,88.27,0.63
955,2021-02-23,UMB,1691,657,1034,1649,42,0,ITI,ITI2,10,Umbria,Umbria,882015,780280,88.47,0.19
956,2021-04-19,UMB,5033,2226,2807,2930,2048,55,ITI,ITI2,10,Umbria,Umbria,882015,785313,89.04,0.57
957,2021-05-08,UMB,8128,3739,4389,4793,3226,109,ITI,ITI2,10,Umbria,Umbria,882015,793441,89.96,0.92
958,2021-01-28,UMB,1248,394,854,19,1229,0,ITI,ITI2,10,Umbria,Umbria,882015,794689,90.1,0.14
959,2021-05-03,UMB,5086,2270,2816,2098,2887,101,ITI,ITI2,10,Umbria,Umbria,882015,799775,90.68,0.58
960,2021-01-23,UMB,280,100,180,2,278,0,ITI,ITI2,10,Umbria,Umbria,882015,800055,90.71,0.03
961,2021-01-21,UMB,608,202,406,338,269,1,ITI,ITI2,10,Umbria,Umbria,882015,800663,90.78,0.07
962,2021-05-11,UMB,6233,2833,3400,3899,2193,141,ITI,ITI2,10,Umbria,Umbria,882015,806896,91.48,0.71
963,2021-03-29,UMB,3628,1599,2029,2151,1419,58,ITI,ITI2,10,Umbria,Umbria,882015,810524,91.89,0.41
964,2021-01-31,UMB,1058,276,782,25,1033,0,ITI,ITI2,10,Umbria,Umbria,882015,811582,92.01,0.12
965,2021-05-25,UMB,8812,4300,4512,7583,1062,167,ITI,ITI2,10,Umbria,Umbria,882015,820394,93.01,1.0
966,2021-05-18,UMB,7737,3351,4386,3818,3837,82,ITI,ITI2,10,Umbria,Umbria,882015,828131,93.89,0.88
967,2021-03-22,UMB,3560,1655,1905,2304,1246,10,ITI,ITI2,10,Umbria,Umbria,882015,831691,94.29,0.4
968,2021-04-05,UMB,4248,1728,2520,2181,2055,12,ITI,ITI2,10,Umbria,Umbria,882015,835939,94.78,0.48
969,2021-02-07,UMB,54,17,37,1,53,0,ITI,ITI2,10,Umbria,Umbria,882015,835993,94.78,0.01
970,2021-06-05,UMB,8221,3775,4446,5566,2654,1,ITI,ITI2,10,Umbria,Umbria,882015,844214,95.71,0.93
971,2021-05-20,MAR,12587,5909,6678,7534,4802,251,ITI,ITI3,11,Marche,Marche,1525271,12587,0.83,0.83
972,2021-02-07,MAR,1871,735,1136,332,1527,12,ITI,ITI3,11,Marche,Marche,1525271,14458,0.95,0.12
973,2021-01-31,MAR,1918,769,1149,98,1816,4,ITI,ITI3,11,Marche,Marche,1525271,16376,1.07,0.13
974,2021-05-15,MAR,14043,6410,7633,7831,5967,245,ITI,ITI3,11,Marche,Marche,1525271,30419,1.99,0.92
975,2021-02-19,MAR,2002,739,1263,1826,135,41,ITI,ITI3,11,Marche,Marche,1525271,32421,2.13,0.13
976,2021-01-26,MAR,2021,747,1274,80,1932,9,ITI,ITI3,11,Marche,Marche,1525271,34442,2.26,0.13
977,2021-07-11,MAR,10414,5231,5183,1626,8652,136,ITI,ITI3,11,Marche,Marche,1525271,44856,2.94,0.68
978,2021-04-19,MAR,9602,4498,5104,7901,1581,120,ITI,ITI3,11,Marche,Marche,1525271,54458,3.57,0.63
979,2021-02-14,MAR,739,301,438,727,0,12,ITI,ITI3,11,Marche,Marche,1525271,55197,3.62,0.05
980,2021-05-27,MAR,13732,6817,6915,9180,4301,251,ITI,ITI3,11,Marche,Marche,1525271,68929,4.52,0.9
981,2021-03-31,MAR,7374,3086,4288,4268,3023,83,ITI,ITI3,11,Marche,Marche,1525271,76303,5.0,0.48
982,2021-07-09,MAR,15010,7550,7460,2570,12227,213,ITI,ITI3,11,Marche,Marche,1525271,91313,5.99,0.98
983,2021-01-21,MAR,919,261,658,574,328,17,ITI,ITI3,11,Marche,Marche,1525271,92232,6.05,0.06
984,2021-05-01,MAR,9318,3924,5394,3500,5742,76,ITI,ITI3,11,Marche,Marche,1525271,101550,6.66,0.61
985,2021-03-05,MAR,6224,2872,3352,4693,1468,63,ITI,ITI3,11,Marche,Marche,1525271,107774,7.07,0.41
986,2021-01-07,MAR,1809,636,1173,1793,0,16,ITI,ITI3,11,Marche,Marche,1525271,109583,7.18,0.12
987,2021-06-15,MAR,13190,6567,6623,9823,3050,317,ITI,ITI3,11,Marche,Marche,1525271,122773,8.05,0.86
988,2021-01-12,MAR,1230,416,814,1217,0,13,ITI,ITI3,11,Marche,Marche,1525271,124003,8.13,0.08
989,2021-06-22,MAR,13203,6474,6729,6475,6445,283,ITI,ITI3,11,Marche,Marche,1525271,137206,9.0,0.87
990,2021-04-26,MAR,9170,4062,5108,6024,3022,124,ITI,ITI3,11,Marche,Marche,1525271,146376,9.6,0.6
991,2021-03-24,MAR,7063,2998,4065,3296,3699,68,ITI,ITI3,11,Marche,Marche,1525271,153439,10.06,0.46
992,2021-06-01,MAR,12071,6162,5909,9692,2095,284,ITI,ITI3,11,Marche,Marche,1525271,165510,10.85,0.79
993,2021-03-10,MAR,5695,2426,3269,4480,1163,52,ITI,ITI3,11,Marche,Marche,1525271,171205,11.22,0.37
994,2021-02-21,MAR,376,141,235,363,1,12,ITI,ITI3,11,Marche,Marche,1525271,171581,11.25,0.02
995,2021-01-19,MAR,232,87,145,139,90,3,ITI,ITI3,11,Marche,Marche,1525271,171813,11.26,0.02
996,2021-04-05,MAR,5691,2358,3333,4346,1269,76,ITI,ITI3,11,Marche,Marche,1525271,177504,11.64,0.37
997,2021-06-27,MAR,9949,4820,5129,4487,5291,171,ITI,ITI3,11,Marche,Marche,1525271,187453,12.29,0.65
998,2021-03-19,MAR,3860,1610,2250,325,3523,12,ITI,ITI3,11,Marche,Marche,1525271,191313,12.54,0.25
999,2021-03-17,MAR,3451,1507,1944,105,3344,2,ITI,ITI3,11,Marche,Marche,1525271,194764,12.77,0.23
1000,2021-04-07,MAR,8178,3615,4563,7716,347,115,ITI,ITI3,11,Marche,Marche,1525271,202942,13.31,0.54
1001,2021-02-09,MAR,124,42,82,46,78,0,ITI,ITI3,11,Marche,Marche,1525271,203066,13.31,0.01
1002,2021-06-12,MAR,13716,7292,6424,12105,1280,331,ITI,ITI3,11,Marche,Marche,1525271,216782,14.21,0.9
1003,2021-04-16,MAR,10082,4702,5380,9361,525,196,ITI,ITI3,11,Marche,Marche,1525271,226864,14.87,0.66
1004,2021-01-04,MAR,1513,573,940,1501,0,12,ITI,ITI3,11,Marche,Marche,1525271,228377,14.97,0.1
1005,2021-03-29,MAR,5881,2574,3307,3392,2442,47,ITI,ITI3,11,Marche,Marche,1525271,234258,15.36,0.39
1006,2021-06-03,MAR,14639,7481,7158,12079,2256,304,ITI,ITI3,11,Marche,Marche,1525271,248897,16.32,0.96
1007,2021-02-18,MAR,2143,785,1358,1808,286,49,ITI,ITI3,11,Marche,Marche,1525271,251040,16.46,0.14
1008,2021-05-29,MAR,12860,6232,6628,8114,4528,218,ITI,ITI3,11,Marche,Marche,1525271,263900,17.3,0.84
1009,2021-07-04,MAR,10895,5445,5450,3204,7529,162,ITI,ITI3,11,Marche,Marche,1525271,274795,18.02,0.71
1010,2020-12-31,MAR,392,184,208,390,0,2,ITI,ITI3,11,Marche,Marche,1525271,275187,18.04,0.03
1011,2021-02-04,MAR,2385,843,1542,107,2273,5,ITI,ITI3,11,Marche,Marche,1525271,277572,18.2,0.16
1012,2021-01-18,MAR,696,237,459,536,149,11,ITI,ITI3,11,Marche,Marche,1525271,278268,18.24,0.05
1013,2021-05-08,MAR,12269,5476,6793,4857,7247,165,ITI,ITI3,11,Marche,Marche,1525271,290537,19.05,0.8
1014,2021-01-09,MAR,1715,606,1109,1695,0,20,ITI,ITI3,11,Marche,Marche,1525271,292252,19.16,0.11
1015,2021-04-02,MAR,6886,2983,3903,6039,739,108,ITI,ITI3,11,Marche,Marche,1525271,299138,19.61,0.45
1016,2021-03-16,MAR,3492,1499,1993,285,3201,6,ITI,ITI3,11,Marche,Marche,1525271,302630,19.84,0.23
1017,2021-03-12,MAR,4659,1984,2675,3348,1257,54,ITI,ITI3,11,Marche,Marche,1525271,307289,20.15,0.31
1018,2021-01-14,MAR,2012,694,1318,1988,0,24,ITI,ITI3,11,Marche,Marche,1525271,309301,20.28,0.13
1019,2021-06-20,MAR,11157,5545,5612,5990,4985,182,ITI,ITI3,11,Marche,Marche,1525271,320458,21.01,0.73
1020,2021-04-24,MAR,12165,5363,6802,7558,4464,143,ITI,ITI3,11,Marche,Marche,1525271,332623,21.81,0.8
1021,2021-02-26,MAR,3676,1522,2154,3097,476,103,ITI,ITI3,11,Marche,Marche,1525271,336299,22.05,0.24
1022,2021-01-23,MAR,557,190,367,120,434,3,ITI,ITI3,11,Marche,Marche,1525271,336856,22.08,0.04
1023,2021-06-29,MAR,13372,6599,6773,4929,8216,227,ITI,ITI3,11,Marche,Marche,1525271,350228,22.96,0.88
1024,2021-05-03,MAR,10389,4681,5708,4848,5409,132,ITI,ITI3,11,Marche,Marche,1525271,360617,23.64,0.68
1025,2021-03-28,MAR,4125,1739,2386,2396,1691,38,ITI,ITI3,11,Marche,Marche,1525271,364742,23.91,0.27
1026,2021-01-30,MAR,1905,668,1237,27,1878,0,ITI,ITI3,11,Marche,Marche,1525271,366647,24.04,0.12
1027,2021-02-02,MAR,1193,398,795,72,1121,0,ITI,ITI3,11,Marche,Marche,1525271,367840,24.12,0.08
1028,2021-05-13,MAR,12603,5695,6908,6827,5499,277,ITI,ITI3,11,Marche,Marche,1525271,380443,24.94,0.83
1029,2021-04-12,MAR,8565,3771,4794,7936,482,147,ITI,ITI3,11,Marche,Marche,1525271,389008,25.5,0.56
1030,2021-01-02,MAR,456,141,315,454,0,2,ITI,ITI3,11,Marche,Marche,1525271,389464,25.53,0.03
1031,2021-03-07,MAR,5180,2107,3073,4379,754,47,ITI,ITI3,11,Marche,Marche,1525271,394644,25.87,0.34
1032,2021-02-28,MAR,2836,1251,1585,2822,6,8,ITI,ITI3,11,Marche,Marche,1525271,397480,26.06,0.19
1033,2021-06-08,MAR,14099,7096,7003,11197,2611,291,ITI,ITI3,11,Marche,Marche,1525271,411579,26.98,0.92
1034,2021-03-02,MAR,5002,1967,3035,4371,566,65,ITI,ITI3,11,Marche,Marche,1525271,416581,27.31,0.33
1035,2021-06-10,MAR,14921,7690,7231,12566,2013,342,ITI,ITI3,11,Marche,Marche,1525271,431502,28.29,0.98
1036,2021-04-14,MAR,10215,4564,5651,9661,371,183,ITI,ITI3,11,Marche,Marche,1525271,441717,28.96,0.67
1037,2020-12-30,MAR,17,5,12,17,0,0,ITI,ITI3,11,Marche,Marche,1525271,441734,28.96,0.0
1038,2021-04-09,MAR,9571,4191,5380,9158,200,213,ITI,ITI3,11,Marche,Marche,1525271,451305,29.59,0.63
1039,2021-02-16,MAR,1287,475,812,1226,30,31,ITI,ITI3,11,Marche,Marche,1525271,452592,29.67,0.08
1040,2021-02-25,MAR,3559,1463,2096,3319,181,59,ITI,ITI3,11,Marche,Marche,1525271,456151,29.91,0.23
1041,2021-06-05,MAR,13940,7008,6932,11517,2059,364,ITI,ITI3,11,Marche,Marche,1525271,470091,30.82,0.91
1042,2021-04-23,MAR,11305,5218,6087,8090,3055,160,ITI,ITI3,11,Marche,Marche,1525271,481396,31.56,0.74
1043,2021-02-23,MAR,3314,1432,1882,3243,56,15,ITI,ITI3,11,Marche,Marche,1525271,484710,31.78,0.22
1044,2021-06-24,MAR,13829,6671,7158,6186,7372,271,ITI,ITI3,11,Marche,Marche,1525271,498539,32.69,0.91
1045,2021-01-11,MAR,1177,412,765,1159,0,18,ITI,ITI3,11,Marche,Marche,1525271,499716,32.76,0.08
1046,2021-04-21,MAR,10783,4967,5816,9436,1194,153,ITI,ITI3,11,Marche,Marche,1525271,510499,33.47,0.71
1047,2021-01-28,MAR,2086,725,1361,163,1922,1,ITI,ITI3,11,Marche,Marche,1525271,512585,33.61,0.14
1048,2021-04-04,MAR,3824,1792,2032,2606,1169,49,ITI,ITI3,11,Marche,Marche,1525271,516409,33.86,0.25
1049,2021-05-12,MAR,10428,4689,5739,4737,5501,190,ITI,ITI3,11,Marche,Marche,1525271,526837,34.54,0.68
1050,2021-07-08,MAR,15044,7543,7501,2790,12029,225,ITI,ITI3,11,Marche,Marche,1525271,541881,35.53,0.99
1051,2021-07-01,MAR,14686,7364,7322,4659,9749,278,ITI,ITI3,11,Marche,Marche,1525271,556567,36.49,0.96
1052,2021-02-15,MAR,967,412,555,939,13,15,ITI,ITI3,11,Marche,Marche,1525271,557534,36.55,0.06
1053,2021-05-26,MAR,11872,5947,5925,8449,3209,214,ITI,ITI3,11,Marche,Marche,1525271,569406,37.33,0.78
1054,2021-03-30,MAR,7475,3075,4400,4580,2823,72,ITI,ITI3,11,Marche,Marche,1525271,576881,37.82,0.49
1055,2021-02-01,MAR,1363,480,883,95,1265,3,ITI,ITI3,11,Marche,Marche,1525271,578244,37.91,0.09
1056,2021-04-28,MAR,10924,4978,5946,6023,4732,169,ITI,ITI3,11,Marche,Marche,1525271,589168,38.63,0.72
1057,2021-03-26,MAR,6350,2610,3740,3469,2825,56,ITI,ITI3,11,Marche,Marche,1525271,595518,39.04,0.42
1058,2021-06-17,MAR,15191,7557,7634,8800,6096,295,ITI,ITI3,11,Marche,Marche,1525271,610709,40.04,1.0
1059,2021-03-09,MAR,5431,2293,3138,4465,881,85,ITI,ITI3,11,Marche,Marche,1525271,616140,40.4,0.36
1060,2021-04-13,MAR,9838,4260,5578,9412,233,193,ITI,ITI3,11,Marche,Marche,1525271,625978,41.04,0.65
1061,2021-07-05,MAR,13154,6501,6653,2923,10060,171,ITI,ITI3,11,Marche,Marche,1525271,639132,41.9,0.86
1062,2021-06-16,MAR,13759,6915,6844,9130,4366,263,ITI,ITI3,11,Marche,Marche,1525271,652891,42.8,0.9
1063,2021-06-02,MAR,11899,5937,5962,11028,676,195,ITI,ITI3,11,Marche,Marche,1525271,664790,43.59,0.78
1064,2021-02-22,MAR,3459,1531,1928,3350,75,34,ITI,ITI3,11,Marche,Marche,1525271,668249,43.81,0.23
1065,2021-05-24,MAR,10897,5151,5746,7944,2776,177,ITI,ITI3,11,Marche,Marche,1525271,679146,44.53,0.71
1066,2021-05-22,MAR,11937,5719,6218,7319,4448,170,ITI,ITI3,11,Marche,Marche,1525271,691083,45.31,0.78
1067,2021-02-11,MAR,1987,657,1330,1557,389,41,ITI,ITI3,11,Marche,Marche,1525271,693070,45.44,0.13
1068,2021-05-05,MAR,11691,5320,6371,5105,6429,157,ITI,ITI3,11,Marche,Marche,1525271,704761,46.21,0.77
1069,2021-05-07,MAR,12840,5807,7033,3584,9179,77,ITI,ITI3,11,Marche,Marche,1525271,717601,47.05,0.84
1070,2021-02-13,MAR,1093,462,631,988,82,23,ITI,ITI3,11,Marche,Marche,1525271,718694,47.12,0.07
1071,2021-01-27,MAR,2119,780,1339,118,1999,2,ITI,ITI3,11,Marche,Marche,1525271,720813,47.26,0.14
1072,2021-04-20,MAR,10733,5019,5714,9153,1451,129,ITI,ITI3,11,Marche,Marche,1525271,731546,47.96,0.7
1073,2021-01-25,MAR,1596,558,1038,94,1502,0,ITI,ITI3,11,Marche,Marche,1525271,733142,48.07,0.1
1074,2021-01-06,MAR,2204,801,1403,2185,0,19,ITI,ITI3,11,Marche,Marche,1525271,735346,48.21,0.14
1075,2021-03-04,MAR,6536,2892,3644,5084,1393,59,ITI,ITI3,11,Marche,Marche,1525271,741882,48.64,0.43
1076,2021-03-13,MAR,5790,2674,3116,1765,3985,40,ITI,ITI3,11,Marche,Marche,1525271,747672,49.02,0.38
1077,2021-06-21,MAR,12603,6182,6421,5481,6877,245,ITI,ITI3,11,Marche,Marche,1525271,760275,49.85,0.83
1078,2021-05-09,MAR,8863,4020,4843,3559,5227,77,ITI,ITI3,11,Marche,Marche,1525271,769138,50.43,0.58
1079,2021-04-06,MAR,8875,3694,5181,7932,810,133,ITI,ITI3,11,Marche,Marche,1525271,778013,51.01,0.58
1080,2021-03-23,MAR,5823,2548,3275,2227,3561,35,ITI,ITI3,11,Marche,Marche,1525271,783836,51.39,0.38
1081,2021-02-08,MAR,833,258,575,366,462,5,ITI,ITI3,11,Marche,Marche,1525271,784669,51.44,0.05
1082,2021-05-19,MAR,11572,5318,6254,8369,3008,195,ITI,ITI3,11,Marche,Marche,1525271,796241,52.2,0.76
1083,2021-07-06,MAR,13968,6923,7045,3144,10601,223,ITI,ITI3,11,Marche,Marche,1525271,810209,53.12,0.92
1084,2021-01-16,MAR,2036,733,1303,1986,0,50,ITI,ITI3,11,Marche,Marche,1525271,812245,53.25,0.13
1085,2021-06-19,MAR,14687,7402,7285,7749,6673,265,ITI,ITI3,11,Marche,Marche,1525271,826932,54.22,0.96
1086,2021-05-31,MAR,11781,5942,5839,8599,2930,252,ITI,ITI3,11,Marche,Marche,1525271,838713,54.99,0.77
1087,2021-05-17,MAR,11962,5614,6348,7469,4273,220,ITI,ITI3,11,Marche,Marche,1525271,850675,55.77,0.78
1088,2021-04-30,MAR,14133,6188,7945,5402,8544,187,ITI,ITI3,11,Marche,Marche,1525271,864808,56.7,0.93
1089,2021-04-11,MAR,7116,3115,4001,6692,286,138,ITI,ITI3,11,Marche,Marche,1525271,871924,57.17,0.47
1090,2021-03-11,MAR,6615,2806,3809,5149,1391,75,ITI,ITI3,11,Marche,Marche,1525271,878539,57.6,0.43
1091,2021-03-25,MAR,6664,2778,3886,3190,3418,56,ITI,ITI3,11,Marche,Marche,1525271,885203,58.04,0.44
1092,2021-01-15,MAR,1771,500,1271,1754,0,17,ITI,ITI3,11,Marche,Marche,1525271,886974,58.15,0.12
1093,2021-04-25,MAR,8599,3993,4606,6897,1575,127,ITI,ITI3,11,Marche,Marche,1525271,895573,58.72,0.56
1094,2021-01-13,MAR,2107,746,1361,2066,0,41,ITI,ITI3,11,Marche,Marche,1525271,897680,58.85,0.14
1095,2021-06-09,MAR,14278,7416,6862,12107,1870,301,ITI,ITI3,11,Marche,Marche,1525271,911958,59.79,0.94
1096,2021-06-07,MAR,13320,6588,6732,10568,2450,302,ITI,ITI3,11,Marche,Marche,1525271,925278,60.66,0.87
1097,2021-02-27,MAR,3401,1457,1944,3158,209,34,ITI,ITI3,11,Marche,Marche,1525271,928679,60.89,0.22
1098,2021-03-18,MAR,3412,1489,1923,150,3250,12,ITI,ITI3,11,Marche,Marche,1525271,932091,61.11,0.22
1099,2021-06-26,MAR,13575,6904,6671,5688,7670,217,ITI,ITI3,11,Marche,Marche,1525271,945666,62.0,0.89
1100,2021-05-23,MAR,9208,4282,4926,7413,1671,124,ITI,ITI3,11,Marche,Marche,1525271,954874,62.6,0.6
1101,2021-05-06,MAR,12655,5822,6833,5362,7071,222,ITI,ITI3,11,Marche,Marche,1525271,967529,63.43,0.83
1102,2021-02-12,MAR,1582,618,964,1404,152,26,ITI,ITI3,11,Marche,Marche,1525271,969111,63.54,0.1
1103,2021-05-02,MAR,8900,3937,4963,3082,5739,79,ITI,ITI3,11,Marche,Marche,1525271,978011,64.12,0.58
1104,2021-06-28,MAR,12306,6002,6304,4611,7460,235,ITI,ITI3,11,Marche,Marche,1525271,990317,64.93,0.81
1105,2021-03-22,MAR,5677,2391,3286,2482,3152,43,ITI,ITI3,11,Marche,Marche,1525271,995994,65.3,0.37
1106,2021-01-24,MAR,881,339,542,5,876,0,ITI,ITI3,11,Marche,Marche,1525271,996875,65.36,0.06
1107,2021-06-30,MAR,13657,6667,6990,4461,8985,211,ITI,ITI3,11,Marche,Marche,1525271,1010532,66.25,0.9
1108,2021-05-04,MAR,10970,4839,6131,4926,5903,141,ITI,ITI3,11,Marche,Marche,1525271,1021502,66.97,0.72
1109,2021-03-20,MAR,4156,1749,2407,1035,3107,14,ITI,ITI3,11,Marche,Marche,1525271,1025658,67.24,0.27
1110,2021-01-22,MAR,489,168,321,193,294,2,ITI,ITI3,11,Marche,Marche,1525271,1026147,67.28,0.03
1111,2021-07-07,MAR,14281,7082,7199,2961,11079,241,ITI,ITI3,11,Marche,Marche,1525271,1040428,68.21,0.94
1112,2021-03-27,MAR,7406,3086,4320,4950,2384,72,ITI,ITI3,11,Marche,Marche,1525271,1047834,68.7,0.49
1113,2021-04-10,MAR,10918,4621,6297,10370,313,235,ITI,ITI3,11,Marche,Marche,1525271,1058752,69.41,0.72
1114,2021-01-03,MAR,907,354,553,897,0,10,ITI,ITI3,11,Marche,Marche,1525271,1059659,69.47,0.06
1115,2021-03-08,MAR,6297,2759,3538,5187,1002,108,ITI,ITI3,11,Marche,Marche,1525271,1065956,69.89,0.41
1116,2021-01-08,MAR,1582,592,990,1567,0,15,ITI,ITI3,11,Marche,Marche,1525271,1067538,69.99,0.1
1117,2021-04-18,MAR,8824,4131,4693,7735,921,168,ITI,ITI3,11,Marche,Marche,1525271,1076362,70.57,0.58
1118,2021-01-10,MAR,1745,701,1044,1731,0,14,ITI,ITI3,11,Marche,Marche,1525271,1078107,70.68,0.11
1119,2021-07-12,MAR,6344,3162,3182,513,5789,42,ITI,ITI3,11,Marche,Marche,1525271,1084451,71.1,0.42
1120,2021-04-03,MAR,7572,3204,4368,6737,667,168,ITI,ITI3,11,Marche,Marche,1525271,1092023,71.6,0.5
1121,2021-06-25,MAR,14343,7172,7171,6423,7633,287,ITI,ITI3,11,Marche,Marche,1525271,1106366,72.54,0.94
1122,2021-02-10,MAR,1439,452,987,1038,359,42,ITI,ITI3,11,Marche,Marche,1525271,1107805,72.63,0.09
1123,2021-06-11,MAR,13992,7152,6840,11368,2321,303,ITI,ITI3,11,Marche,Marche,1525271,1121797,73.55,0.92
1124,2021-05-25,MAR,11700,5771,5929,8498,2982,220,ITI,ITI3,11,Marche,Marche,1525271,1133497,74.31,0.77
1125,2021-03-01,MAR,3772,1520,2252,3503,248,21,ITI,ITI3,11,Marche,Marche,1525271,1137269,74.56,0.25
1126,2021-03-06,MAR,5736,2640,3096,4422,1267,47,ITI,ITI3,11,Marche,Marche,1525271,1143005,74.94,0.38
1127,2021-06-14,MAR,12834,6485,6349,9256,3309,269,ITI,ITI3,11,Marche,Marche,1525271,1155839,75.78,0.84
1128,2021-01-29,MAR,1992,730,1262,161,1826,5,ITI,ITI3,11,Marche,Marche,1525271,1157831,75.91,0.13
1129,2021-05-18,MAR,11165,5311,5854,7478,3510,177,ITI,ITI3,11,Marche,Marche,1525271,1168996,76.64,0.73
1130,2021-07-03,MAR,13841,6990,6851,4136,9393,312,ITI,ITI3,11,Marche,Marche,1525271,1182837,77.55,0.91
1131,2021-02-20,MAR,4162,1732,2430,4041,111,10,ITI,ITI3,11,Marche,Marche,1525271,1186999,77.82,0.27
1132,2021-01-20,MAR,405,100,305,384,19,2,ITI,ITI3,11,Marche,Marche,1525271,1187404,77.85,0.03
1133,2021-02-03,MAR,2124,741,1383,98,2005,21,ITI,ITI3,11,Marche,Marche,1525271,1189528,77.99,0.14
1134,2021-05-14,MAR,13562,6255,7307,6509,6841,212,ITI,ITI3,11,Marche,Marche,1525271,1203090,78.88,0.89
1135,2021-07-02,MAR,14544,7173,7371,4674,9639,231,ITI,ITI3,11,Marche,Marche,1525271,1217634,79.83,0.95
1136,2021-06-18,MAR,15349,7649,7700,8299,6751,299,ITI,ITI3,11,Marche,Marche,1525271,1232983,80.84,1.01
1137,2021-04-29,MAR,13438,6153,7285,7163,6098,177,ITI,ITI3,11,Marche,Marche,1525271,1246421,81.72,0.88
1138,2021-02-05,MAR,2155,654,1501,438,1716,1,ITI,ITI3,11,Marche,Marche,1525271,1248576,81.86,0.14
1139,2021-05-16,MAR,10898,4957,5941,6551,4228,119,ITI,ITI3,11,Marche,Marche,1525271,1259474,82.57,0.71
1140,2021-05-30,MAR,9732,4690,5042,6547,2989,196,ITI,ITI3,11,Marche,Marche,1525271,1269206,83.21,0.64
1141,2021-04-27,MAR,9589,4388,5201,5509,3986,94,ITI,ITI3,11,Marche,Marche,1525271,1278795,83.84,0.63
1142,2021-04-17,MAR,11704,5316,6388,10400,1073,231,ITI,ITI3,11,Marche,Marche,1525271,1290499,84.61,0.77
1143,2021-06-13,MAR,10746,5563,5183,9203,1294,249,ITI,ITI3,11,Marche,Marche,1525271,1301245,85.31,0.7
1144,2020-12-27,MAR,204,99,105,202,0,2,ITI,ITI3,11,Marche,Marche,1525271,1301449,85.33,0.01
1145,2021-06-06,MAR,12449,6135,6314,10637,1577,235,ITI,ITI3,11,Marche,Marche,1525271,1313898,86.14,0.82
1146,2021-05-11,MAR,10622,4832,5790,5490,4943,189,ITI,ITI3,11,Marche,Marche,1525271,1324520,86.84,0.7
1147,2021-03-15,MAR,4425,2040,2385,1291,3113,21,ITI,ITI3,11,Marche,Marche,1525271,1328945,87.13,0.29
1148,2021-06-23,MAR,13887,6816,7071,6619,7013,255,ITI,ITI3,11,Marche,Marche,1525271,1342832,88.04,0.91
1149,2021-01-17,MAR,1616,693,923,1550,60,6,ITI,ITI3,11,Marche,Marche,1525271,1344448,88.14,0.11
1150,2021-05-10,MAR,9450,4337,5113,4769,4553,128,ITI,ITI3,11,Marche,Marche,1525271,1353898,88.76,0.62
1151,2021-03-14,MAR,2499,1032,1467,1897,592,10,ITI,ITI3,11,Marche,Marche,1525271,1356397,88.93,0.16
1152,2021-03-21,MAR,4505,1873,2632,1614,2876,15,ITI,ITI3,11,Marche,Marche,1525271,1360902,89.22,0.3
1153,2021-02-06,MAR,2463,902,1561,513,1941,9,ITI,ITI3,11,Marche,Marche,1525271,1363365,89.39,0.16
1154,2021-05-21,MAR,13818,6555,7263,7226,6381,211,ITI,ITI3,11,Marche,Marche,1525271,1377183,90.29,0.91
1155,2021-05-28,MAR,13956,6736,7220,8801,4857,298,ITI,ITI3,11,Marche,Marche,1525271,1391139,91.21,0.91
1156,2021-04-01,MAR,7576,3182,4394,4068,3416,92,ITI,ITI3,11,Marche,Marche,1525271,1398715,91.7,0.5
1157,2021-07-10,MAR,14183,7242,6941,1677,12301,205,ITI,ITI3,11,Marche,Marche,1525271,1412898,92.63,0.93
1158,2021-04-22,MAR,10797,4931,5866,9083,1578,136,ITI,ITI3,11,Marche,Marche,1525271,1423695,93.34,0.71
1159,2021-02-24,MAR,3534,1547,1987,3424,78,32,ITI,ITI3,11,Marche,Marche,1525271,1427229,93.57,0.23
1160,2021-06-04,MAR,14334,7289,7045,11589,2438,307,ITI,ITI3,11,Marche,Marche,1525271,1441563,94.51,0.94
1161,2021-04-08,MAR,8691,3805,4886,8216,345,130,ITI,ITI3,11,Marche,Marche,1525271,1450254,95.08,0.57
1162,2021-03-03,MAR,6699,3076,3623,5718,884,97,ITI,ITI3,11,Marche,Marche,1525271,1456953,95.52,0.44
1163,2021-01-05,MAR,1577,591,986,1558,0,19,ITI,ITI3,11,Marche,Marche,1525271,1458530,95.62,0.1
1164,2021-04-15,MAR,10376,4674,5702,9577,565,234,ITI,ITI3,11,Marche,Marche,1525271,1468906,96.3,0.68
1165,2021-02-17,MAR,1827,700,1127,1641,118,68,ITI,ITI3,11,Marche,Marche,1525271,1470733,96.42,0.12
1166,2021-01-10,ABR,1139,409,730,1135,0,4,ITF,ITF1,13,Abruzzo,Abruzzo,1304970,1139,0.09,0.09
1167,2021-04-29,ABR,12674,5852,6822,9277,3095,302,ITF,ITF1,13,Abruzzo,Abruzzo,1304970,13813,1.06,0.97
1168,2021-06-25,ABR,10977,5432,5545,4829,6007,141,ITF,ITF1,13,Abruzzo,Abruzzo,1304970,24790,1.9,0.84
1169,2021-01-15,ABR,379,149,230,365,0,14,ITF,ITF1,13,Abruzzo,Abruzzo,1304970,25169,1.93,0.03
1170,2021-04-27,ABR,9084,4368,4716,6506,2467,111,ITF,ITF1,13,Abruzzo,Abruzzo,1304970,34253,2.62,0.7
1171,2021-07-02,ABR,11834,5946,5888,4831,6821,182,ITF,ITF1,13,Abruzzo,Abruzzo,1304970,46087,3.53,0.91
1172,2020-12-27,ABR,37,19,18,37,0,0,ITF,ITF1,13,Abruzzo,Abruzzo,1304970,46124,3.53,0.0
1173,2021-03-20,ABR,4793,2199,2594,2560,2171,62,ITF,ITF1,13,Abruzzo,Abruzzo,1304970,50917,3.9,0.37
1174,2021-06-13,ABR,9850,4926,4924,7849,1836,165,ITF,ITF1,13,Abruzzo,Abruzzo,1304970,60767,4.66,0.75
1175,2021-01-22,ABR,118,57,61,118,0,0,ITF,ITF1,13,Abruzzo,Abruzzo,1304970,60885,4.67,0.01
1176,2021-01-03,ABR,471,185,286,469,0,2,ITF,ITF1,13,Abruzzo,Abruzzo,1304970,61356,4.7,0.04
1177,2021-05-04,ABR,10860,5099,5761,7054,3616,190,ITF,ITF1,13,Abruzzo,Abruzzo,1304970,72216,5.53,0.83
1178,2021-03-08,ABR,5151,1693,3458,4090,970,91,ITF,ITF1,13,Abruzzo,Abruzzo,1304970,77367,5.93,0.39
1179,2021-01-24,ABR,50,22,28,6,44,0,ITF,ITF1,13,Abruzzo,Abruzzo,1304970,77417,5.93,0.0
1180,2021-03-01,ABR,3478,1385,2093,2704,751,23,ITF,ITF1,13,Abruzzo,Abruzzo,1304970,80895,6.2,0.27
1181,2021-06-18,ABR,10170,4994,5176,6541,3487,142,ITF,ITF1,13,Abruzzo,Abruzzo,1304970,91065,6.98,0.78
1182,2021-05-30,ABR,8658,4110,4548,5326,3253,79,ITF,ITF1,13,Abruzzo,Abruzzo,1304970,99723,7.64,0.66
1183,2021-04-03,ABR,5160,2257,2903,3484,1597,79,ITF,ITF1,13,Abruzzo,Abruzzo,1304970,104883,8.04,0.4
1184,2021-07-12,ABR,6201,3057,3144,825,5322,54,ITF,ITF1,13,Abruzzo,Abruzzo,1304970,111084,8.51,0.48
1185,2021-02-10,ABR,947,312,635,493,444,10,ITF,ITF1,13,Abruzzo,Abruzzo,1304970,112031,8.58,0.07
1186,2021-03-03,ABR,4632,1891,2741,3703,906,23,ITF,ITF1,13,Abruzzo,Abruzzo,1304970,116663,8.94,0.35
1187,2021-04-08,ABR,7394,3337,4057,4933,2330,131,ITF,ITF1,13,Abruzzo,Abruzzo,1304970,124057,9.51,0.57
1188,2021-04-22,ABR,6731,3250,3481,4828,1729,174,ITF,ITF1,13,Abruzzo,Abruzzo,1304970,130788,10.02,0.52
1189,2021-03-22,ABR,4344,1908,2436,2312,1971,61,ITF,ITF1,13,Abruzzo,Abruzzo,1304970,135132,10.36,0.33
1190,2021-06-30,ABR,11084,5393,5691,4445,6474,165,ITF,ITF1,13,Abruzzo,Abruzzo,1304970,146216,11.2,0.85
1191,2021-02-22,ABR,2643,1174,1469,2588,30,25,ITF,ITF1,13,Abruzzo,Abruzzo,1304970,148859,11.41,0.2
1192,2021-02-05,ABR,1534,521,1013,772,746,16,ITF,ITF1,13,Abruzzo,Abruzzo,1304970,150393,11.52,0.12
1193,2021-05-16,ABR,9577,4137,5440,5647,3813,117,ITF,ITF1,13,Abruzzo,Abruzzo,1304970,159970,12.26,0.73
1194,2021-06-04,ABR,15633,7390,8243,10754,4695,184,ITF,ITF1,13,Abruzzo,Abruzzo,1304970,175603,13.46,1.2
1195,2021-05-18,ABR,12110,5660,6450,7562,4380,168,ITF,ITF1,13,Abruzzo,Abruzzo,1304970,187713,14.38,0.93
1196,2021-02-24,ABR,3305,1441,1864,3112,176,17,ITF,ITF1,13,Abruzzo,Abruzzo,1304970,191018,14.64,0.25
1197,2021-03-15,ABR,3683,1447,2236,1845,1807,31,ITF,ITF1,13,Abruzzo,Abruzzo,1304970,194701,14.92,0.28
1198,2021-01-17,ABR,188,59,129,180,7,1,ITF,ITF1,13,Abruzzo,Abruzzo,1304970,194889,14.93,0.01
1199,2021-06-23,ABR,11010,5283,5727,5581,5284,145,ITF,ITF1,13,Abruzzo,Abruzzo,1304970,205899,15.78,0.84
1200,2021-03-17,ABR,4539,1873,2666,2776,1740,23,ITF,ITF1,13,Abruzzo,Abruzzo,1304970,210438,16.13,0.35
1201,2021-02-02,ABR,1763,668,1095,218,1541,4,ITF,ITF1,13,Abruzzo,Abruzzo,1304970,212201,16.26,0.14
1202,2021-05-13,ABR,11146,5042,6104,6959,3959,228,ITF,ITF1,13,Abruzzo,Abruzzo,1304970,223347,17.12,0.85
1203,2021-03-31,ABR,6715,2939,3776,4556,2069,90,ITF,ITF1,13,Abruzzo,Abruzzo,1304970,230062,17.63,0.51
1204,2021-05-15,ABR,11425,5177,6248,5947,5302,176,ITF,ITF1,13,Abruzzo,Abruzzo,1304970,241487,18.51,0.88
1205,2021-07-11,ABR,9882,4971,4911,2373,7381,128,ITF,ITF1,13,Abruzzo,Abruzzo,1304970,251369,19.26,0.76
1206,2021-01-29,ABR,1387,449,938,73,1313,1,ITF,ITF1,13,Abruzzo,Abruzzo,1304970,252756,19.37,0.11
1207,2021-05-27,ABR,13310,6093,7217,8316,4820,174,ITF,ITF1,13,Abruzzo,Abruzzo,1304970,266066,20.39,1.02
1208,2021-03-19,ABR,5794,2584,3210,2733,3020,41,ITF,ITF1,13,Abruzzo,Abruzzo,1304970,271860,20.83,0.44
1209,2021-03-27,ABR,6121,2620,3501,3564,2486,71,ITF,ITF1,13,Abruzzo,Abruzzo,1304970,277981,21.3,0.47
1210,2021-01-05,ABR,1615,604,1011,1610,0,5,ITF,ITF1,13,Abruzzo,Abruzzo,1304970,279596,21.43,0.12
1211,2021-04-15,ABR,7818,3678,4140,5833,1840,145,ITF,ITF1,13,Abruzzo,Abruzzo,1304970,287414,22.02,0.6
1212,2021-07-07,ABR,11995,5884,6111,4027,7730,238,ITF,ITF1,13,Abruzzo,Abruzzo,1304970,299409,22.94,0.92
1213,2021-07-09,ABR,13601,6790,6811,2896,10572,133,ITF,ITF1,13,Abruzzo,Abruzzo,1304970,313010,23.99,1.04
1214,2021-06-22,ABR,10400,4875,5525,5384,4838,178,ITF,ITF1,13,Abruzzo,Abruzzo,1304970,323410,24.78,0.8
1215,2021-02-12,ABR,1228,567,661,1026,189,13,ITF,ITF1,13,Abruzzo,Abruzzo,1304970,324638,24.88,0.09
1216,2021-05-23,ABR,9881,4696,5185,7068,2692,121,ITF,ITF1,13,Abruzzo,Abruzzo,1304970,334519,25.63,0.76
1217,2021-06-06,ABR,11149,5309,5840,8778,2242,129,ITF,ITF1,13,Abruzzo,Abruzzo,1304970,345668,26.49,0.85
1218,2021-04-10,ABR,8774,4057,4717,6127,2508,139,ITF,ITF1,13,Abruzzo,Abruzzo,1304970,354442,27.16,0.67
1219,2021-02-03,ABR,2062,717,1345,411,1643,8,ITF,ITF1,13,Abruzzo,Abruzzo,1304970,356504,27.32,0.16
1220,2021-02-28,ABR,1704,510,1194,1668,2,34,ITF,ITF1,13,Abruzzo,Abruzzo,1304970,358208,27.45,0.13
1221,2021-01-02,ABR,552,220,332,551,0,1,ITF,ITF1,13,Abruzzo,Abruzzo,1304970,358760,27.49,0.04
1222,2021-06-08,ABR,12853,6611,6242,10419,2198,236,ITF,ITF1,13,Abruzzo,Abruzzo,1304970,371613,28.48,0.98
1223,2021-04-26,ABR,8562,4065,4497,7142,1214,206,ITF,ITF1,13,Abruzzo,Abruzzo,1304970,380175,29.13,0.66
1224,2021-06-01,ABR,11006,4883,6123,6513,4373,120,ITF,ITF1,13,Abruzzo,Abruzzo,1304970,391181,29.98,0.84
1225,2021-02-17,ABR,2071,948,1123,1780,282,9,ITF,ITF1,13,Abruzzo,Abruzzo,1304970,393252,30.13,0.16
1226,2021-06-11,ABR,11773,5850,5923,8829,2763,181,ITF,ITF1,13,Abruzzo,Abruzzo,1304970,405025,31.04,0.9
1227,2021-05-11,ABR,10761,5118,5643,5736,4851,174,ITF,ITF1,13,Abruzzo,Abruzzo,1304970,415786,31.86,0.82
1228,2021-01-19,ABR,111,55,56,90,20,1,ITF,ITF1,13,Abruzzo,Abruzzo,1304970,415897,31.87,0.01
1229,2021-02-07,ABR,779,308,471,200,578,1,ITF,ITF1,13,Abruzzo,Abruzzo,1304970,416676,31.93,0.06
1230,2021-03-24,ABR,6384,2785,3599,3998,2251,135,ITF,ITF1,13,Abruzzo,Abruzzo,1304970,423060,32.42,0.49
1231,2021-02-09,ABR,909,312,597,499,409,1,ITF,ITF1,13,Abruzzo,Abruzzo,1304970,423969,32.49,0.07
1232,2021-07-04,ABR,8374,4215,4159,3333,4917,124,ITF,ITF1,13,Abruzzo,Abruzzo,1304970,432343,33.13,0.64
1233,2021-03-10,ABR,5048,1682,3366,4027,957,64,ITF,ITF1,13,Abruzzo,Abruzzo,1304970,437391,33.52,0.39
1234,2021-01-26,ABR,1542,567,975,29,1513,0,ITF,ITF1,13,Abruzzo,Abruzzo,1304970,438933,33.64,0.12
1235,2021-05-06,ABR,12974,6073,6901,7795,5026,153,ITF,ITF1,13,Abruzzo,Abruzzo,1304970,451907,34.63,0.99
1236,2021-03-29,ABR,5708,2599,3109,3020,2639,49,ITF,ITF1,13,Abruzzo,Abruzzo,1304970,457615,35.07,0.44
1237,2021-06-03,ABR,13184,6278,6906,9238,3776,170,ITF,ITF1,13,Abruzzo,Abruzzo,1304970,470799,36.08,1.01
1238,2021-03-12,ABR,6016,1987,4029,4356,1583,77,ITF,ITF1,13,Abruzzo,Abruzzo,1304970,476815,36.54,0.46
1239,2021-04-17,ABR,7357,3401,3956,4217,3051,89,ITF,ITF1,13,Abruzzo,Abruzzo,1304970,484172,37.1,0.56
1240,2021-02-19,ABR,3300,1551,1749,3162,100,38,ITF,ITF1,13,Abruzzo,Abruzzo,1304970,487472,37.36,0.25
1241,2021-01-07,ABR,1605,553,1052,1598,0,7,ITF,ITF1,13,Abruzzo,Abruzzo,1304970,489077,37.48,0.12
1242,2021-02-26,ABR,3925,1680,2245,2930,969,26,ITF,ITF1,13,Abruzzo,Abruzzo,1304970,493002,37.78,0.3
1243,2021-01-18,ABR,125,51,74,46,79,0,ITF,ITF1,13,Abruzzo,Abruzzo,1304970,493127,37.79,0.01
1244,2021-06-24,ABR,10821,5384,5437,5685,4969,167,ITF,ITF1,13,Abruzzo,Abruzzo,1304970,503948,38.62,0.83
1245,2021-04-28,ABR,9511,4586,4925,7315,2023,173,ITF,ITF1,13,Abruzzo,Abruzzo,1304970,513459,39.35,0.73
1246,2021-05-12,ABR,9630,4601,5029,5875,3581,174,ITF,ITF1,13,Abruzzo,Abruzzo,1304970,523089,40.08,0.74
1247,2021-03-16,ABR,3484,1452,2032,1802,1654,28,ITF,ITF1,13,Abruzzo,Abruzzo,1304970,526573,40.35,0.27
1248,2021-03-05,ABR,5349,1958,3391,4593,697,59,ITF,ITF1,13,Abruzzo,Abruzzo,1304970,531922,40.76,0.41
1249,2021-06-27,ABR,8373,4304,4069,5014,3218,141,ITF,ITF1,13,Abruzzo,Abruzzo,1304970,540295,41.4,0.64
1250,2021-04-07,ABR,7222,3333,3889,4314,2784,124,ITF,ITF1,13,Abruzzo,Abruzzo,1304970,547517,41.96,0.55
1251,2021-05-08,ABR,10291,4870,5421,6338,3832,121,ITF,ITF1,13,Abruzzo,Abruzzo,1304970,557808,42.74,0.79
1252,2021-04-24,ABR,8727,3975,4752,6943,1531,253,ITF,ITF1,13,Abruzzo,Abruzzo,1304970,566535,43.41,0.67
1253,2021-01-14,ABR,530,189,341,528,0,2,ITF,ITF1,13,Abruzzo,Abruzzo,1304970,567065,43.45,0.04
1254,2021-02-16,ABR,1917,842,1075,1892,12,13,ITF,ITF1,13,Abruzzo,Abruzzo,1304970,568982,43.6,0.15
1255,2021-03-02,ABR,3965,1675,2290,3261,684,20,ITF,ITF1,13,Abruzzo,Abruzzo,1304970,572947,43.9,0.3
1256,2021-06-10,ABR,12704,6317,6387,10306,2160,238,ITF,ITF1,13,Abruzzo,Abruzzo,1304970,585651,44.88,0.97
1257,2021-01-21,ABR,157,47,110,157,0,0,ITF,ITF1,13,Abruzzo,Abruzzo,1304970,585808,44.89,0.01
1258,2021-05-01,ABR,10734,5042,5692,5628,4974,132,ITF,ITF1,13,Abruzzo,Abruzzo,1304970,596542,45.71,0.82
1259,2021-05-20,ABR,12801,5927,6874,7413,5262,126,ITF,ITF1,13,Abruzzo,Abruzzo,1304970,609343,46.69,0.98
1260,2021-06-19,ABR,10483,5163,5320,6484,3828,171,ITF,ITF1,13,Abruzzo,Abruzzo,1304970,619826,47.5,0.8
1261,2021-03-28,ABR,2418,1017,1401,1994,374,50,ITF,ITF1,13,Abruzzo,Abruzzo,1304970,622244,47.68,0.19
1262,2021-07-06,ABR,9913,4940,4973,4099,5650,164,ITF,ITF1,13,Abruzzo,Abruzzo,1304970,632157,48.44,0.76
1263,2021-04-14,ABR,6593,2949,3644,4341,2120,132,ITF,ITF1,13,Abruzzo,Abruzzo,1304970,638750,48.95,0.51
1264,2021-01-04,ABR,1403,576,827,1397,0,6,ITF,ITF1,13,Abruzzo,Abruzzo,1304970,640153,49.05,0.11
1265,2021-01-23,ABR,264,115,149,51,207,6,ITF,ITF1,13,Abruzzo,Abruzzo,1304970,640417,49.08,0.02
1266,2021-05-03,ABR,11147,5256,5891,7135,3833,179,ITF,ITF1,13,Abruzzo,Abruzzo,1304970,651564,49.93,0.85
1267,2021-02-11,ABR,816,262,554,771,43,2,ITF,ITF1,13,Abruzzo,Abruzzo,1304970,652380,49.99,0.06
1268,2021-05-24,ABR,12222,5838,6384,8724,3339,159,ITF,ITF1,13,Abruzzo,Abruzzo,1304970,664602,50.93,0.94
1269,2021-02-18,ABR,2288,933,1355,2140,130,18,ITF,ITF1,13,Abruzzo,Abruzzo,1304970,666890,51.1,0.18
1270,2021-05-05,ABR,11629,5568,6061,6268,5203,158,ITF,ITF1,13,Abruzzo,Abruzzo,1304970,678519,51.99,0.89
1271,2021-03-09,ABR,5177,1804,3373,4156,938,83,ITF,ITF1,13,Abruzzo,Abruzzo,1304970,683696,52.39,0.4
1272,2021-07-01,ABR,12752,6278,6474,5770,6759,223,ITF,ITF1,13,Abruzzo,Abruzzo,1304970,696448,53.37,0.98
1273,2021-06-17,ABR,10912,5456,5456,7299,3455,158,ITF,ITF1,13,Abruzzo,Abruzzo,1304970,707360,54.21,0.84
1274,2021-04-05,ABR,2692,1147,1545,1731,879,82,ITF,ITF1,13,Abruzzo,Abruzzo,1304970,710052,54.41,0.21
1275,2021-01-12,ABR,1805,667,1138,1791,0,14,ITF,ITF1,13,Abruzzo,Abruzzo,1304970,711857,54.55,0.14
1276,2021-05-25,ABR,11417,5324,6093,8083,3137,197,ITF,ITF1,13,Abruzzo,Abruzzo,1304970,723274,55.42,0.87
1277,2021-01-31,ABR,1521,494,1027,288,1232,1,ITF,ITF1,13,Abruzzo,Abruzzo,1304970,724795,55.54,0.12
1278,2021-05-10,ABR,10109,4782,5327,5374,4649,86,ITF,ITF1,13,Abruzzo,Abruzzo,1304970,734904,56.32,0.77
1279,2021-04-23,ABR,7390,3392,3998,4922,2305,163,ITF,ITF1,13,Abruzzo,Abruzzo,1304970,742294,56.88,0.57
1280,2021-01-30,ABR,1511,568,943,68,1442,1,ITF,ITF1,13,Abruzzo,Abruzzo,1304970,743805,57.0,0.12
1281,2021-04-09,ABR,8989,4259,4730,6248,2602,139,ITF,ITF1,13,Abruzzo,Abruzzo,1304970,752794,57.69,0.69
1282,2021-04-02,ABR,6692,3102,3590,5117,1487,88,ITF,ITF1,13,Abruzzo,Abruzzo,1304970,759486,58.2,0.51
1283,2021-02-04,ABR,1682,616,1066,598,1072,12,ITF,ITF1,13,Abruzzo,Abruzzo,1304970,761168,58.33,0.13
1284,2021-06-20,ABR,8442,4238,4204,5414,2928,100,ITF,ITF1,13,Abruzzo,Abruzzo,1304970,769610,58.98,0.65
1285,2021-03-14,ABR,1883,731,1152,1201,666,16,ITF,ITF1,13,Abruzzo,Abruzzo,1304970,771493,59.12,0.14
1286,2021-02-25,ABR,3052,1340,1712,2506,528,18,ITF,ITF1,13,Abruzzo,Abruzzo,1304970,774545,59.35,0.23
1287,2021-06-05,ABR,14614,6862,7752,10371,4044,199,ITF,ITF1,13,Abruzzo,Abruzzo,1304970,789159,60.47,1.12
1288,2021-05-17,ABR,11034,5037,5997,6024,4854,156,ITF,ITF1,13,Abruzzo,Abruzzo,1304970,800193,61.32,0.85
1289,2021-02-23,ABR,2781,1274,1507,2755,11,15,ITF,ITF1,13,Abruzzo,Abruzzo,1304970,802974,61.53,0.21
1290,2021-02-06,ABR,1610,743,867,595,1008,7,ITF,ITF1,13,Abruzzo,Abruzzo,1304970,804584,61.66,0.12
1291,2021-02-08,ABR,1194,395,799,486,708,0,ITF,ITF1,13,Abruzzo,Abruzzo,1304970,805778,61.75,0.09
1292,2021-05-19,ABR,10728,5124,5604,7568,3037,123,ITF,ITF1,13,Abruzzo,Abruzzo,1304970,816506,62.57,0.82
1293,2021-04-04,ABR,1632,768,864,1460,129,43,ITF,ITF1,13,Abruzzo,Abruzzo,1304970,818138,62.69,0.13
1294,2021-06-16,ABR,10878,5444,5434,7989,2675,214,ITF,ITF1,13,Abruzzo,Abruzzo,1304970,829016,63.53,0.83
1295,2021-02-27,ABR,2813,1339,1474,2513,267,33,ITF,ITF1,13,Abruzzo,Abruzzo,1304970,831829,63.74,0.22
1296,2021-06-07,ABR,11090,5287,5803,9067,1838,185,ITF,ITF1,13,Abruzzo,Abruzzo,1304970,842919,64.59,0.85
1297,2021-04-11,ABR,5380,2628,2752,4842,487,51,ITF,ITF1,13,Abruzzo,Abruzzo,1304970,848299,65.01,0.41
1298,2021-06-09,ABR,11573,6093,5480,9707,1685,181,ITF,ITF1,13,Abruzzo,Abruzzo,1304970,859872,65.89,0.89
1299,2021-03-06,ABR,4179,1359,2820,3569,570,40,ITF,ITF1,13,Abruzzo,Abruzzo,1304970,864051,66.21,0.32
1300,2021-01-28,ABR,1433,495,938,12,1421,0,ITF,ITF1,13,Abruzzo,Abruzzo,1304970,865484,66.32,0.11
1301,2021-01-11,ABR,1553,557,996,1549,0,4,ITF,ITF1,13,Abruzzo,Abruzzo,1304970,867037,66.44,0.12
1302,2021-04-21,ABR,6389,3101,3288,4637,1674,78,ITF,ITF1,13,Abruzzo,Abruzzo,1304970,873426,66.93,0.49
1303,2021-06-28,ABR,10048,4833,5215,5307,4574,167,ITF,ITF1,13,Abruzzo,Abruzzo,1304970,883474,67.7,0.77
1304,2021-04-06,ABR,7677,3578,4099,5234,2318,125,ITF,ITF1,13,Abruzzo,Abruzzo,1304970,891151,68.29,0.59
1305,2021-07-08,ABR,13488,6675,6813,3416,9909,163,ITF,ITF1,13,Abruzzo,Abruzzo,1304970,904639,69.32,1.03
1306,2021-04-16,ABR,7536,3487,4049,5498,1916,122,ITF,ITF1,13,Abruzzo,Abruzzo,1304970,912175,69.9,0.58
1307,2021-03-11,ABR,5494,2220,3274,4272,1138,84,ITF,ITF1,13,Abruzzo,Abruzzo,1304970,917669,70.32,0.42
1308,2021-06-02,ABR,9763,4744,5019,6836,2810,117,ITF,ITF1,13,Abruzzo,Abruzzo,1304970,927432,71.07,0.75
1309,2021-03-13,ABR,4125,1420,2705,3015,1043,67,ITF,ITF1,13,Abruzzo,Abruzzo,1304970,931557,71.39,0.32
1310,2021-06-21,ABR,11031,5381,5650,4931,5972,128,ITF,ITF1,13,Abruzzo,Abruzzo,1304970,942588,72.23,0.85
1311,2021-03-30,ABR,5127,2261,2866,3147,1822,158,ITF,ITF1,13,Abruzzo,Abruzzo,1304970,947715,72.62,0.39
1312,2021-01-06,ABR,1832,664,1168,1822,0,10,ITF,ITF1,13,Abruzzo,Abruzzo,1304970,949547,72.76,0.14
1313,2021-04-30,ABR,12501,5867,6634,6515,5722,264,ITF,ITF1,13,Abruzzo,Abruzzo,1304970,962048,73.72,0.96
1314,2021-04-13,ABR,5893,2754,3139,4561,1237,95,ITF,ITF1,13,Abruzzo,Abruzzo,1304970,967941,74.17,0.45
1315,2021-01-20,ABR,447,156,291,425,2,20,ITF,ITF1,13,Abruzzo,Abruzzo,1304970,968388,74.21,0.03
1316,2021-07-05,ABR,10812,5305,5507,3975,6652,185,ITF,ITF1,13,Abruzzo,Abruzzo,1304970,979200,75.04,0.83
1317,2021-05-02,ABR,10459,5111,5348,5089,5228,142,ITF,ITF1,13,Abruzzo,Abruzzo,1304970,989659,75.84,0.8
1318,2021-05-29,ABR,10316,4428,5888,4456,5771,89,ITF,ITF1,13,Abruzzo,Abruzzo,1304970,999975,76.63,0.79
1319,2021-05-22,ABR,13152,6390,6762,8130,4910,112,ITF,ITF1,13,Abruzzo,Abruzzo,1304970,1013127,77.64,1.01
1320,2021-03-26,ABR,5355,2312,3043,3178,2075,102,ITF,ITF1,13,Abruzzo,Abruzzo,1304970,1018482,78.05,0.41
1321,2021-05-31,ABR,11332,5112,6220,6761,4443,128,ITF,ITF1,13,Abruzzo,Abruzzo,1304970,1029814,78.91,0.87
1322,2021-04-20,ABR,5637,2714,2923,4110,1455,72,ITF,ITF1,13,Abruzzo,Abruzzo,1304970,1035451,79.35,0.43
1323,2021-04-25,ABR,9068,4623,4445,8058,810,200,ITF,ITF1,13,Abruzzo,Abruzzo,1304970,1044519,80.04,0.69
1324,2021-06-29,ABR,11388,5619,5769,5223,5979,186,ITF,ITF1,13,Abruzzo,Abruzzo,1304970,1055907,80.91,0.87
1325,2021-03-21,ABR,2134,914,1220,840,1290,4,ITF,ITF1,13,Abruzzo,Abruzzo,1304970,1058041,81.08,0.16
1326,2021-06-12,ABR,11404,5905,5499,9889,1337,178,ITF,ITF1,13,Abruzzo,Abruzzo,1304970,1069445,81.95,0.87
1327,2021-01-13,ABR,1258,441,817,1250,0,8,ITF,ITF1,13,Abruzzo,Abruzzo,1304970,1070703,82.05,0.1
1328,2021-02-13,ABR,854,385,469,434,416,4,ITF,ITF1,13,Abruzzo,Abruzzo,1304970,1071557,82.11,0.07
1329,2021-03-04,ABR,5935,2360,3575,4973,922,40,ITF,ITF1,13,Abruzzo,Abruzzo,1304970,1077492,82.57,0.45
1330,2021-05-28,ABR,14013,6307,7706,7490,6354,169,ITF,ITF1,13,Abruzzo,Abruzzo,1304970,1091505,83.64,1.07
1331,2021-05-09,ABR,9156,4090,5066,4175,4870,111,ITF,ITF1,13,Abruzzo,Abruzzo,1304970,1100661,84.34,0.7
1332,2021-02-15,ABR,1795,832,963,1736,42,17,ITF,ITF1,13,Abruzzo,Abruzzo,1304970,1102456,84.48,0.14
1333,2021-05-26,ABR,13542,6039,7503,8390,4991,161,ITF,ITF1,13,Abruzzo,Abruzzo,1304970,1115998,85.52,1.04
1334,2021-06-14,ABR,10970,5427,5543,7432,3368,170,ITF,ITF1,13,Abruzzo,Abruzzo,1304970,1126968,86.36,0.84
1335,2021-02-01,ABR,1631,573,1058,270,1360,1,ITF,ITF1,13,Abruzzo,Abruzzo,1304970,1128599,86.48,0.12
1336,2021-03-23,ABR,4831,2187,2644,2213,2566,52,ITF,ITF1,13,Abruzzo,Abruzzo,1304970,1133430,86.85,0.37
1337,2021-01-25,ABR,1604,632,972,15,1587,2,ITF,ITF1,13,Abruzzo,Abruzzo,1304970,1135034,86.98,0.12
1338,2021-01-08,ABR,1525,507,1018,1516,0,9,ITF,ITF1,13,Abruzzo,Abruzzo,1304970,1136559,87.09,0.12
1339,2021-04-18,ABR,5813,2727,3086,4725,943,145,ITF,ITF1,13,Abruzzo,Abruzzo,1304970,1142372,87.54,0.45
1340,2021-02-20,ABR,4776,1842,2934,4660,76,40,ITF,ITF1,13,Abruzzo,Abruzzo,1304970,1147148,87.91,0.37
1341,2021-04-19,ABR,6231,2861,3370,3787,2375,69,ITF,ITF1,13,Abruzzo,Abruzzo,1304970,1153379,88.38,0.48
1342,2021-02-21,ABR,1218,550,668,1193,1,24,ITF,ITF1,13,Abruzzo,Abruzzo,1304970,1154597,88.48,0.09
1343,2021-06-15,ABR,11317,5561,5756,8683,2428,206,ITF,ITF1,13,Abruzzo,Abruzzo,1304970,1165914,89.34,0.87
1344,2021-04-12,ABR,6240,2958,3282,4987,1174,79,ITF,ITF1,13,Abruzzo,Abruzzo,1304970,1172154,89.82,0.48
1345,2021-01-16,ABR,934,430,504,926,0,8,ITF,ITF1,13,Abruzzo,Abruzzo,1304970,1173088,89.89,0.07
1346,2021-03-07,ABR,2523,630,1893,2484,0,39,ITF,ITF1,13,Abruzzo,Abruzzo,1304970,1175611,90.09,0.19
1347,2021-01-09,ABR,1484,566,918,1472,0,12,ITF,ITF1,13,Abruzzo,Abruzzo,1304970,1177095,90.2,0.11
1348,2021-05-07,ABR,12198,5710,6488,7666,4413,119,ITF,ITF1,13,Abruzzo,Abruzzo,1304970,1189293,91.14,0.93
1349,2021-03-25,ABR,5793,2662,3131,3065,2617,111,ITF,ITF1,13,Abruzzo,Abruzzo,1304970,1195086,91.58,0.44
1350,2021-01-27,ABR,1365,515,850,39,1326,0,ITF,ITF1,13,Abruzzo,Abruzzo,1304970,1196451,91.68,0.1
1351,2021-07-03,ABR,10206,5151,5055,3500,6558,148,ITF,ITF1,13,Abruzzo,Abruzzo,1304970,1206657,92.47,0.78
1352,2021-05-21,ABR,13015,6327,6688,7862,4979,174,ITF,ITF1,13,Abruzzo,Abruzzo,1304970,1219672,93.46,1.0
1353,2021-03-18,ABR,3896,1651,2245,2039,1831,26,ITF,ITF1,13,Abruzzo,Abruzzo,1304970,1223568,93.76,0.3
1354,2021-06-26,ABR,10033,5011,5022,5679,4196,158,ITF,ITF1,13,Abruzzo,Abruzzo,1304970,1233601,94.53,0.77
1355,2021-07-10,ABR,13136,6638,6498,3021,9952,163,ITF,ITF1,13,Abruzzo,Abruzzo,1304970,1246737,95.54,1.01
1356,2021-05-14,ABR,10593,5069,5524,5285,5147,161,ITF,ITF1,13,Abruzzo,Abruzzo,1304970,1257330,96.35,0.81
1357,2021-04-01,ABR,5591,2505,3086,3430,2087,74,ITF,ITF1,13,Abruzzo,Abruzzo,1304970,1262921,96.78,0.43
1358,2021-05-30,VDA,865,429,436,682,171,12,ITC,ITC2,2,Valle d'Aosta / Vallée d'Aoste,Valle d'Aosta,125666,865,0.69,0.69
1359,2021-05-28,VDA,975,414,561,544,412,19,ITC,ITC2,2,Valle d'Aosta / Vallée d'Aoste,Valle d'Aosta,125666,1840,1.46,0.78
1360,2021-02-17,VDA,327,144,183,223,100,4,ITC,ITC2,2,Valle d'Aosta / Vallée d'Aoste,Valle d'Aosta,125666,2167,1.72,0.26
1361,2021-07-12,VDA,419,206,213,9,410,0,ITC,ITC2,2,Valle d'Aosta / Vallée d'Aoste,Valle d'Aosta,125666,2586,2.06,0.33
1362,2021-04-03,VDA,676,341,335,649,15,12,ITC,ITC2,2,Valle d'Aosta / Vallée d'Aoste,Valle d'Aosta,125666,3262,2.6,0.54
1363,2021-03-20,VDA,208,86,122,167,36,5,ITC,ITC2,2,Valle d'Aosta / Vallée d'Aoste,Valle d'Aosta,125666,3470,2.76,0.17
1364,2021-06-28,VDA,986,496,490,329,657,0,ITC,ITC2,2,Valle d'Aosta / Vallée d'Aoste,Valle d'Aosta,125666,4456,3.55,0.78
1365,2021-06-11,VDA,1047,483,564,764,283,0,ITC,ITC2,2,Valle d'Aosta / Vallée d'Aoste,Valle d'Aosta,125666,5503,4.38,0.83
1366,2021-05-23,VDA,999,465,534,652,341,6,ITC,ITC2,2,Valle d'Aosta / Vallée d'Aoste,Valle d'Aosta,125666,6502,5.17,0.79
1367,2021-01-29,VDA,318,138,180,2,316,0,ITC,ITC2,2,Valle d'Aosta / Vallée d'Aoste,Valle d'Aosta,125666,6820,5.43,0.25
1368,2021-02-05,VDA,294,102,192,101,193,0,ITC,ITC2,2,Valle d'Aosta / Vallée d'Aoste,Valle d'Aosta,125666,7114,5.66,0.23
1369,2021-02-22,VDA,316,94,222,210,103,3,ITC,ITC2,2,Valle d'Aosta / Vallée d'Aoste,Valle d'Aosta,125666,7430,5.91,0.25
1370,2021-05-16,VDA,688,341,347,338,341,9,ITC,ITC2,2,Valle d'Aosta / Vallée d'Aoste,Valle d'Aosta,125666,8118,6.46,0.55
1371,2021-02-03,VDA,351,114,237,14,337,0,ITC,ITC2,2,Valle d'Aosta / Vallée d'Aoste,Valle d'Aosta,125666,8469,6.74,0.28
1372,2021-04-01,VDA,777,394,383,746,12,19,ITC,ITC2,2,Valle d'Aosta / Vallée d'Aoste,Valle d'Aosta,125666,9246,7.36,0.62
1373,2021-05-02,VDA,765,345,420,581,160,24,ITC,ITC2,2,Valle d'Aosta / Vallée d'Aoste,Valle d'Aosta,125666,10011,7.97,0.61
1374,2021-01-22,VDA,56,21,35,20,36,0,ITC,ITC2,2,Valle d'Aosta / Vallée d'Aoste,Valle d'Aosta,125666,10067,8.01,0.04
1375,2021-01-08,VDA,299,130,169,299,0,0,ITC,ITC2,2,Valle d'Aosta / Vallée d'Aoste,Valle d'Aosta,125666,10366,8.25,0.24
1376,2021-03-06,VDA,22,4,18,18,0,4,ITC,ITC2,2,Valle d'Aosta / Vallée d'Aoste,Valle d'Aosta,125666,10388,8.27,0.02
1377,2021-03-08,VDA,485,233,252,237,245,3,ITC,ITC2,2,Valle d'Aosta / Vallée d'Aoste,Valle d'Aosta,125666,10873,8.65,0.39
1378,2021-05-04,VDA,1135,510,625,434,673,28,ITC,ITC2,2,Valle d'Aosta / Vallée d'Aoste,Valle d'Aosta,125666,12008,9.56,0.9
1379,2021-06-16,VDA,683,365,318,642,41,0,ITC,ITC2,2,Valle d'Aosta / Vallée d'Aoste,Valle d'Aosta,125666,12691,10.1,0.54
1380,2021-03-15,VDA,362,123,239,150,203,9,ITC,ITC2,2,Valle d'Aosta / Vallée d'Aoste,Valle d'Aosta,125666,13053,10.39,0.29
1381,2021-05-11,VDA,647,325,322,469,151,27,ITC,ITC2,2,Valle d'Aosta / Vallée d'Aoste,Valle d'Aosta,125666,13700,10.9,0.51
1382,2021-04-27,VDA,978,423,555,650,292,36,ITC,ITC2,2,Valle d'Aosta / Vallée d'Aoste,Valle d'Aosta,125666,14678,11.68,0.78
1383,2021-01-17,VDA,131,56,75,131,0,0,ITC,ITC2,2,Valle d'Aosta / Vallée d'Aoste,Valle d'Aosta,125666,14809,11.78,0.1
1384,2021-06-23,VDA,1043,551,492,427,616,0,ITC,ITC2,2,Valle d'Aosta / Vallée d'Aoste,Valle d'Aosta,125666,15852,12.61,0.83
1385,2021-01-27,VDA,151,71,80,79,72,0,ITC,ITC2,2,Valle d'Aosta / Vallée d'Aoste,Valle d'Aosta,125666,16003,12.73,0.12
1386,2021-04-20,VDA,933,430,503,707,194,32,ITC,ITC2,2,Valle d'Aosta / Vallée d'Aoste,Valle d'Aosta,125666,16936,13.48,0.74
1387,2021-01-10,VDA,220,71,149,208,0,12,ITC,ITC2,2,Valle d'Aosta / Vallée d'Aoste,Valle d'Aosta,125666,17156,13.65,0.18
1388,2020-12-27,VDA,20,9,11,20,0,0,ITC,ITC2,2,Valle d'Aosta / Vallée d'Aoste,Valle d'Aosta,125666,17176,13.67,0.02
1389,2021-04-15,VDA,810,377,433,638,139,33,ITC,ITC2,2,Valle d'Aosta / Vallée d'Aoste,Valle d'Aosta,125666,17986,14.31,0.64
1390,2021-07-07,VDA,792,439,353,430,362,0,ITC,ITC2,2,Valle d'Aosta / Vallée d'Aoste,Valle d'Aosta,125666,18778,14.94,0.63
1391,2021-02-10,VDA,248,77,171,141,107,0,ITC,ITC2,2,Valle d'Aosta / Vallée d'Aoste,Valle d'Aosta,125666,19026,15.14,0.2
1392,2021-03-25,VDA,389,154,235,364,10,15,ITC,ITC2,2,Valle d'Aosta / Vallée d'Aoste,Valle d'Aosta,125666,19415,15.45,0.31
1393,2021-05-21,VDA,917,433,484,515,386,16,ITC,ITC2,2,Valle d'Aosta / Vallée d'Aoste,Valle d'Aosta,125666,20332,16.18,0.73
1394,2021-04-17,VDA,638,407,231,593,2,43,ITC,ITC2,2,Valle d'Aosta / Vallée d'Aoste,Valle d'Aosta,125666,20970,16.69,0.51
1395,2021-01-07,VDA,276,111,165,276,0,0,ITC,ITC2,2,Valle d'Aosta / Vallée d'Aoste,Valle d'Aosta,125666,21246,16.91,0.22
1396,2021-02-19,VDA,292,102,190,266,24,2,ITC,ITC2,2,Valle d'Aosta / Vallée d'Aoste,Valle d'Aosta,125666,21538,17.14,0.23
1397,2021-02-24,VDA,183,82,101,162,19,2,ITC,ITC2,2,Valle d'Aosta / Vallée d'Aoste,Valle d'Aosta,125666,21721,17.28,0.15
1398,2021-04-08,VDA,584,282,302,420,143,21,ITC,ITC2,2,Valle d'Aosta / Vallée d'Aoste,Valle d'Aosta,125666,22305,17.75,0.46
1399,2021-06-13,VDA,851,399,452,373,478,0,ITC,ITC2,2,Valle d'Aosta / Vallée d'Aoste,Valle d'Aosta,125666,23156,18.43,0.68
1400,2021-06-08,VDA,712,356,356,679,33,0,ITC,ITC2,2,Valle d'Aosta / Vallée d'Aoste,Valle d'Aosta,125666,23868,18.99,0.57
1401,2021-04-22,VDA,1068,450,618,652,383,33,ITC,ITC2,2,Valle d'Aosta / Vallée d'Aoste,Valle d'Aosta,125666,24936,19.84,0.85
1402,2021-05-09,VDA,574,287,287,425,130,19,ITC,ITC2,2,Valle d'Aosta / Vallée d'Aoste,Valle d'Aosta,125666,25510,20.3,0.46
1403,2021-03-17,VDA,433,185,248,259,160,14,ITC,ITC2,2,Valle d'Aosta / Vallée d'Aoste,Valle d'Aosta,125666,25943,20.64,0.34
1404,2021-03-03,VDA,255,118,137,182,68,5,ITC,ITC2,2,Valle d'Aosta / Vallée d'Aoste,Valle d'Aosta,125666,26198,20.85,0.2
1405,2021-06-04,VDA,908,383,525,475,433,0,ITC,ITC2,2,Valle d'Aosta / Vallée d'Aoste,Valle d'Aosta,125666,27106,21.57,0.72
1406,2021-01-19,VDA,256,77,179,256,0,0,ITC,ITC2,2,Valle d'Aosta / Vallée d'Aoste,Valle d'Aosta,125666,27362,21.77,0.2
1407,2021-04-12,VDA,486,186,300,306,163,17,ITC,ITC2,2,Valle d'Aosta / Vallée d'Aoste,Valle d'Aosta,125666,27848,22.16,0.39
1408,2021-03-13,VDA,147,88,59,141,0,6,ITC,ITC2,2,Valle d'Aosta / Vallée d'Aoste,Valle d'Aosta,125666,27995,22.28,0.12
1409,2021-01-15,VDA,218,82,136,218,0,0,ITC,ITC2,2,Valle d'Aosta / Vallée d'Aoste,Valle d'Aosta,125666,28213,22.45,0.17
1410,2021-06-30,VDA,1117,542,575,425,692,0,ITC,ITC2,2,Valle d'Aosta / Vallée d'Aoste,Valle d'Aosta,125666,29330,23.34,0.89
1411,2021-01-31,VDA,291,91,200,58,233,0,ITC,ITC2,2,Valle d'Aosta / Vallée d'Aoste,Valle d'Aosta,125666,29621,23.57,0.23
1412,2021-06-09,VDA,1027,535,492,991,36,0,ITC,ITC2,2,Valle d'Aosta / Vallée d'Aoste,Valle d'Aosta,125666,30648,24.39,0.82
1413,2021-03-01,VDA,181,66,115,139,34,8,ITC,ITC2,2,Valle d'Aosta / Vallée d'Aoste,Valle d'Aosta,125666,30829,24.53,0.14
1414,2021-02-15,VDA,264,136,128,225,35,4,ITC,ITC2,2,Valle d'Aosta / Vallée d'Aoste,Valle d'Aosta,125666,31093,24.74,0.21
1415,2021-04-13,VDA,373,171,202,311,44,18,ITC,ITC2,2,Valle d'Aosta / Vallée d'Aoste,Valle d'Aosta,125666,31466,25.04,0.3
1416,2021-07-05,VDA,834,355,479,326,508,0,ITC,ITC2,2,Valle d'Aosta / Vallée d'Aoste,Valle d'Aosta,125666,32300,25.7,0.66
1417,2021-03-27,VDA,333,164,169,289,31,13,ITC,ITC2,2,Valle d'Aosta / Vallée d'Aoste,Valle d'Aosta,125666,32633,25.97,0.26
1418,2021-06-18,VDA,998,443,555,599,399,0,ITC,ITC2,2,Valle d'Aosta / Vallée d'Aoste,Valle d'Aosta,125666,33631,26.76,0.79
1419,2021-03-29,VDA,493,233,260,448,40,5,ITC,ITC2,2,Valle d'Aosta / Vallée d'Aoste,Valle d'Aosta,125666,34124,27.15,0.39
1420,2021-01-05,VDA,150,54,96,150,0,0,ITC,ITC2,2,Valle d'Aosta / Vallée d'Aoste,Valle d'Aosta,125666,34274,27.27,0.12
1421,2021-01-14,VDA,237,69,168,237,0,0,ITC,ITC2,2,Valle d'Aosta / Vallée d'Aoste,Valle d'Aosta,125666,34511,27.46,0.19
1422,2021-04-24,VDA,722,400,322,533,167,22,ITC,ITC2,2,Valle d'Aosta / Vallée d'Aoste,Valle d'Aosta,125666,35233,28.04,0.57
1423,2021-04-19,VDA,751,325,426,519,209,23,ITC,ITC2,2,Valle d'Aosta / Vallée d'Aoste,Valle d'Aosta,125666,35984,28.63,0.6
1424,2021-02-26,VDA,207,58,149,108,85,14,ITC,ITC2,2,Valle d'Aosta / Vallée d'Aoste,Valle d'Aosta,125666,36191,28.8,0.16
1425,2021-04-10,VDA,404,190,214,387,5,12,ITC,ITC2,2,Valle d'Aosta / Vallée d'Aoste,Valle d'Aosta,125666,36595,29.12,0.32
1426,2020-12-31,VDA,18,4,14,18,0,0,ITC,ITC2,2,Valle d'Aosta / Vallée d'Aoste,Valle d'Aosta,125666,36613,29.14,0.01
1427,2021-06-06,VDA,1160,582,578,787,373,0,ITC,ITC2,2,Valle d'Aosta / Vallée d'Aoste,Valle d'Aosta,125666,37773,30.06,0.92
1428,2021-06-15,VDA,876,479,397,621,255,0,ITC,ITC2,2,Valle d'Aosta / Vallée d'Aoste,Valle d'Aosta,125666,38649,30.76,0.7
1429,2021-03-05,VDA,275,124,151,52,222,1,ITC,ITC2,2,Valle d'Aosta / Vallée d'Aoste,Valle d'Aosta,125666,38924,30.97,0.22
1430,2021-04-29,VDA,1291,634,657,736,534,21,ITC,ITC2,2,Valle d'Aosta / Vallée d'Aoste,Valle d'Aosta,125666,40215,32.0,1.03
1431,2021-07-04,VDA,1191,530,661,351,840,0,ITC,ITC2,2,Valle d'Aosta / Vallée d'Aoste,Valle d'Aosta,125666,41406,32.95,0.95
1432,2021-05-18,VDA,970,484,486,349,617,4,ITC,ITC2,2,Valle d'Aosta / Vallée d'Aoste,Valle d'Aosta,125666,42376,33.72,0.77
1433,2021-02-07,VDA,292,120,172,190,102,0,ITC,ITC2,2,Valle d'Aosta / Vallée d'Aoste,Valle d'Aosta,125666,42668,33.95,0.23
1434,2021-03-31,VDA,555,302,253,511,26,18,ITC,ITC2,2,Valle d'Aosta / Vallée d'Aoste,Valle d'Aosta,125666,43223,34.4,0.44
1435,2021-05-27,VDA,1089,497,592,574,503,12,ITC,ITC2,2,Valle d'Aosta / Vallée d'Aoste,Valle d'Aosta,125666,44312,35.26,0.87
1436,2021-05-13,VDA,1139,556,583,515,599,25,ITC,ITC2,2,Valle d'Aosta / Vallée d'Aoste,Valle d'Aosta,125666,45451,36.17,0.91
1437,2021-02-02,VDA,273,70,203,2,271,0,ITC,ITC2,2,Valle d'Aosta / Vallée d'Aoste,Valle d'Aosta,125666,45724,36.39,0.22
1438,2021-07-09,VDA,945,446,499,289,656,0,ITC,ITC2,2,Valle d'Aosta / Vallée d'Aoste,Valle d'Aosta,125666,46669,37.14,0.75
1439,2021-06-25,VDA,977,445,532,324,653,0,ITC,ITC2,2,Valle d'Aosta / Vallée d'Aoste,Valle d'Aosta,125666,47646,37.91,0.78
1440,2021-05-20,VDA,807,363,444,358,440,9,ITC,ITC2,2,Valle d'Aosta / Vallée d'Aoste,Valle d'Aosta,125666,48453,38.56,0.64
1441,2021-07-02,VDA,865,383,482,305,560,0,ITC,ITC2,2,Valle d'Aosta / Vallée d'Aoste,Valle d'Aosta,125666,49318,39.25,0.69
1442,2021-03-24,VDA,515,230,285,255,257,3,ITC,ITC2,2,Valle d'Aosta / Vallée d'Aoste,Valle d'Aosta,125666,49833,39.66,0.41
1443,2021-05-06,VDA,1065,510,555,647,384,34,ITC,ITC2,2,Valle d'Aosta / Vallée d'Aoste,Valle d'Aosta,125666,50898,40.5,0.85
1444,2021-02-16,VDA,326,53,273,309,6,11,ITC,ITC2,2,Valle d'Aosta / Vallée d'Aoste,Valle d'Aosta,125666,51224,40.76,0.26
1445,2021-01-26,VDA,139,48,91,0,139,0,ITC,ITC2,2,Valle d'Aosta / Vallée d'Aoste,Valle d'Aosta,125666,51363,40.87,0.11
1446,2021-02-12,VDA,263,96,167,216,46,1,ITC,ITC2,2,Valle d'Aosta / Vallée d'Aoste,Valle d'Aosta,125666,51626,41.08,0.21
1447,2021-01-12,VDA,302,72,230,302,0,0,ITC,ITC2,2,Valle d'Aosta / Vallée d'Aoste,Valle d'Aosta,125666,51928,41.32,0.24
1448,2021-05-24,VDA,1136,516,620,673,447,16,ITC,ITC2,2,Valle d'Aosta / Vallée d'Aoste,Valle d'Aosta,125666,53064,42.23,0.9
1449,2021-05-10,VDA,782,381,401,532,235,15,ITC,ITC2,2,Valle d'Aosta / Vallée d'Aoste,Valle d'Aosta,125666,53846,42.85,0.62
1450,2021-04-21,VDA,868,410,458,588,248,32,ITC,ITC2,2,Valle d'Aosta / Vallée d'Aoste,Valle d'Aosta,125666,54714,43.54,0.69
1451,2021-03-21,VDA,355,165,190,346,0,9,ITC,ITC2,2,Valle d'Aosta / Vallée d'Aoste,Valle d'Aosta,125666,55069,43.82,0.28
1452,2021-06-29,VDA,780,390,390,238,542,0,ITC,ITC2,2,Valle d'Aosta / Vallée d'Aoste,Valle d'Aosta,125666,55849,44.44,0.62
1453,2021-06-20,VDA,1131,545,586,487,644,0,ITC,ITC2,2,Valle d'Aosta / Vallée d'Aoste,Valle d'Aosta,125666,56980,45.34,0.9
1454,2021-03-12,VDA,531,175,356,291,226,14,ITC,ITC2,2,Valle d'Aosta / Vallée d'Aoste,Valle d'Aosta,125666,57511,45.76,0.42
1455,2021-03-10,VDA,438,183,255,220,213,5,ITC,ITC2,2,Valle d'Aosta / Vallée d'Aoste,Valle d'Aosta,125666,57949,46.11,0.35
1456,2021-02-21,VDA,18,3,15,0,18,0,ITC,ITC2,2,Valle d'Aosta / Vallée d'Aoste,Valle d'Aosta,125666,57967,46.13,0.01
1457,2021-06-01,VDA,871,469,402,518,353,0,ITC,ITC2,2,Valle d'Aosta / Vallée d'Aoste,Valle d'Aosta,125666,58838,46.82,0.69
1458,2021-02-23,VDA,216,123,93,215,0,1,ITC,ITC2,2,Valle d'Aosta / Vallée d'Aoste,Valle d'Aosta,125666,59054,46.99,0.17
1459,2021-06-03,VDA,1306,667,639,896,410,0,ITC,ITC2,2,Valle d'Aosta / Vallée d'Aoste,Valle d'Aosta,125666,60360,48.03,1.04
1460,2021-05-17,VDA,809,417,392,370,434,5,ITC,ITC2,2,Valle d'Aosta / Vallée d'Aoste,Valle d'Aosta,125666,61169,48.68,0.64
1461,2021-01-16,VDA,237,80,157,237,0,0,ITC,ITC2,2,Valle d'Aosta / Vallée d'Aoste,Valle d'Aosta,125666,61406,48.86,0.19
1462,2021-06-22,VDA,1189,666,523,541,648,0,ITC,ITC2,2,Valle d'Aosta / Vallée d'Aoste,Valle d'Aosta,125666,62595,49.81,0.95
1463,2021-03-14,VDA,392,200,192,373,0,19,ITC,ITC2,2,Valle d'Aosta / Vallée d'Aoste,Valle d'Aosta,125666,62987,50.12,0.31
1464,2021-04-26,VDA,715,327,388,512,170,33,ITC,ITC2,2,Valle d'Aosta / Vallée d'Aoste,Valle d'Aosta,125666,63702,50.69,0.57
1465,2021-07-01,VDA,962,473,489,341,621,0,ITC,ITC2,2,Valle d'Aosta / Vallée d'Aoste,Valle d'Aosta,125666,64664,51.46,0.77
1466,2021-04-07,VDA,910,474,436,654,229,27,ITC,ITC2,2,Valle d'Aosta / Vallée d'Aoste,Valle d'Aosta,125666,65574,52.18,0.72
1467,2021-02-09,VDA,251,84,167,67,183,1,ITC,ITC2,2,Valle d'Aosta / Vallée d'Aoste,Valle d'Aosta,125666,65825,52.38,0.2
1468,2021-05-25,VDA,1115,530,585,529,574,12,ITC,ITC2,2,Valle d'Aosta / Vallée d'Aoste,Valle d'Aosta,125666,66940,53.27,0.89
1469,2021-02-14,VDA,48,16,32,1,47,0,ITC,ITC2,2,Valle d'Aosta / Vallée d'Aoste,Valle d'Aosta,125666,66988,53.31,0.04
1470,2021-05-08,VDA,904,540,364,497,378,29,ITC,ITC2,2,Valle d'Aosta / Vallée d'Aoste,Valle d'Aosta,125666,67892,54.03,0.72
1471,2021-04-05,VDA,464,223,241,439,6,19,ITC,ITC2,2,Valle d'Aosta / Vallée d'Aoste,Valle d'Aosta,125666,68356,54.39,0.37
1472,2021-06-27,VDA,1250,607,643,322,928,0,ITC,ITC2,2,Valle d'Aosta / Vallée d'Aoste,Valle d'Aosta,125666,69606,55.39,0.99
1473,2021-01-28,VDA,291,123,168,56,235,0,ITC,ITC2,2,Valle d'Aosta / Vallée d'Aoste,Valle d'Aosta,125666,69897,55.62,0.23
1474,2021-02-28,VDA,260,86,174,73,183,4,ITC,ITC2,2,Valle d'Aosta / Vallée d'Aoste,Valle d'Aosta,125666,70157,55.83,0.21
1475,2021-05-05,VDA,1038,566,472,434,582,22,ITC,ITC2,2,Valle d'Aosta / Vallée d'Aoste,Valle d'Aosta,125666,71195,56.65,0.83
1476,2021-05-01,VDA,940,563,377,439,484,17,ITC,ITC2,2,Valle d'Aosta / Vallée d'Aoste,Valle d'Aosta,125666,72135,57.4,0.75
1477,2021-04-14,VDA,941,430,511,689,224,28,ITC,ITC2,2,Valle d'Aosta / Vallée d'Aoste,Valle d'Aosta,125666,73076,58.15,0.75
1478,2021-07-06,VDA,878,477,401,160,718,0,ITC,ITC2,2,Valle d'Aosta / Vallée d'Aoste,Valle d'Aosta,125666,73954,58.85,0.7
1479,2021-01-02,VDA,6,5,1,6,0,0,ITC,ITC2,2,Valle d'Aosta / Vallée d'Aoste,Valle d'Aosta,125666,73960,58.85,0.0
1480,2021-03-26,VDA,498,204,294,472,7,19,ITC,ITC2,2,Valle d'Aosta / Vallée d'Aoste,Valle d'Aosta,125666,74458,59.25,0.4
1481,2021-06-17,VDA,775,422,353,626,149,0,ITC,ITC2,2,Valle d'Aosta / Vallée d'Aoste,Valle d'Aosta,125666,75233,59.87,0.62
1482,2021-01-21,VDA,33,12,21,33,0,0,ITC,ITC2,2,Valle d'Aosta / Vallée d'Aoste,Valle d'Aosta,125666,75266,59.89,0.03
1483,2021-01-04,VDA,142,59,83,142,0,0,ITC,ITC2,2,Valle d'Aosta / Vallée d'Aoste,Valle d'Aosta,125666,75408,60.01,0.11
1484,2021-03-28,VDA,522,212,310,492,1,29,ITC,ITC2,2,Valle d'Aosta / Vallée d'Aoste,Valle d'Aosta,125666,75930,60.42,0.42
1485,2021-03-11,VDA,197,76,121,66,131,0,ITC,ITC2,2,Valle d'Aosta / Vallée d'Aoste,Valle d'Aosta,125666,76127,60.58,0.16
1486,2021-06-02,VDA,1215,688,527,814,401,0,ITC,ITC2,2,Valle d'Aosta / Vallée d'Aoste,Valle d'Aosta,125666,77342,61.55,0.97
1487,2021-06-19,VDA,1288,667,621,669,619,0,ITC,ITC2,2,Valle d'Aosta / Vallée d'Aoste,Valle d'Aosta,125666,78630,62.57,1.02
1488,2021-05-03,VDA,839,400,439,458,351,30,ITC,ITC2,2,Valle d'Aosta / Vallée d'Aoste,Valle d'Aosta,125666,79469,63.24,0.67
1489,2021-03-07,VDA,64,30,34,11,53,0,ITC,ITC2,2,Valle d'Aosta / Vallée d'Aoste,Valle d'Aosta,125666,79533,63.29,0.05
1490,2021-01-30,VDA,439,202,237,12,425,2,ITC,ITC2,2,Valle d'Aosta / Vallée d'Aoste,Valle d'Aosta,125666,79972,63.64,0.35
1491,2021-01-25,VDA,147,65,82,0,147,0,ITC,ITC2,2,Valle d'Aosta / Vallée d'Aoste,Valle d'Aosta,125666,80119,63.76,0.12
1492,2021-07-10,VDA,1289,667,622,332,957,0,ITC,ITC2,2,Valle d'Aosta / Vallée d'Aoste,Valle d'Aosta,125666,81408,64.78,1.03
1493,2021-05-14,VDA,960,442,518,249,669,42,ITC,ITC2,2,Valle d'Aosta / Vallée d'Aoste,Valle d'Aosta,125666,82368,65.55,0.76
1494,2021-02-01,VDA,404,127,277,84,317,3,ITC,ITC2,2,Valle d'Aosta / Vallée d'Aoste,Valle d'Aosta,125666,82772,65.87,0.32
1495,2021-07-08,VDA,1275,709,566,351,924,0,ITC,ITC2,2,Valle d'Aosta / Vallée d'Aoste,Valle d'Aosta,125666,84047,66.88,1.01
1496,2021-03-30,VDA,402,223,179,365,20,17,ITC,ITC2,2,Valle d'Aosta / Vallée d'Aoste,Valle d'Aosta,125666,84449,67.2,0.32
1497,2021-05-12,VDA,1140,549,591,439,670,31,ITC,ITC2,2,Valle d'Aosta / Vallée d'Aoste,Valle d'Aosta,125666,85589,68.11,0.91
1498,2021-06-10,VDA,1002,558,444,960,42,0,ITC,ITC2,2,Valle d'Aosta / Vallée d'Aoste,Valle d'Aosta,125666,86591,68.91,0.8
1499,2021-03-02,VDA,339,166,173,291,3,45,ITC,ITC2,2,Valle d'Aosta / Vallée d'Aoste,Valle d'Aosta,125666,86930,69.18,0.27
1500,2021-01-11,VDA,325,112,213,325,0,0,ITC,ITC2,2,Valle d'Aosta / Vallée d'Aoste,Valle d'Aosta,125666,87255,69.43,0.26
1501,2021-05-15,VDA,1065,614,451,367,685,13,ITC,ITC2,2,Valle d'Aosta / Vallée d'Aoste,Valle d'Aosta,125666,88320,70.28,0.85
1502,2021-02-04,VDA,294,86,208,8,286,0,ITC,ITC2,2,Valle d'Aosta / Vallée d'Aoste,Valle d'Aosta,125666,88614,70.52,0.23
1503,2021-04-28,VDA,1218,632,586,681,503,34,ITC,ITC2,2,Valle d'Aosta / Vallée d'Aoste,Valle d'Aosta,125666,89832,71.48,0.97
1504,2021-02-06,VDA,289,104,185,91,197,1,ITC,ITC2,2,Valle d'Aosta / Vallée d'Aoste,Valle d'Aosta,125666,90121,71.71,0.23
1505,2021-04-30,VDA,831,355,476,467,346,18,ITC,ITC2,2,Valle d'Aosta / Vallée d'Aoste,Valle d'Aosta,125666,90952,72.38,0.66
1506,2021-01-20,VDA,23,8,15,23,0,0,ITC,ITC2,2,Valle d'Aosta / Vallée d'Aoste,Valle d'Aosta,125666,90975,72.39,0.02
1507,2021-01-18,VDA,213,74,139,213,0,0,ITC,ITC2,2,Valle d'Aosta / Vallée d'Aoste,Valle d'Aosta,125666,91188,72.56,0.17
1508,2021-03-09,VDA,206,96,110,166,32,8,ITC,ITC2,2,Valle d'Aosta / Vallée d'Aoste,Valle d'Aosta,125666,91394,72.73,0.16
1509,2021-02-20,VDA,251,210,41,238,10,3,ITC,ITC2,2,Valle d'Aosta / Vallée d'Aoste,Valle d'Aosta,125666,91645,72.93,0.2
1510,2021-01-09,VDA,443,199,244,442,0,1,ITC,ITC2,2,Valle d'Aosta / Vallée d'Aoste,Valle d'Aosta,125666,92088,73.28,0.35
1511,2021-06-24,VDA,1221,629,592,388,833,0,ITC,ITC2,2,Valle d'Aosta / Vallée d'Aoste,Valle d'Aosta,125666,93309,74.25,0.97
1512,2021-07-03,VDA,935,484,451,399,536,0,ITC,ITC2,2,Valle d'Aosta / Vallée d'Aoste,Valle d'Aosta,125666,94244,75.0,0.74
1513,2021-02-08,VDA,223,83,140,25,198,0,ITC,ITC2,2,Valle d'Aosta / Vallée d'Aoste,Valle d'Aosta,125666,94467,75.17,0.18
1514,2021-06-12,VDA,1232,599,633,1066,166,0,ITC,ITC2,2,Valle d'Aosta / Vallée d'Aoste,Valle d'Aosta,125666,95699,76.15,0.98
1515,2021-03-19,VDA,322,85,237,277,35,10,ITC,ITC2,2,Valle d'Aosta / Vallée d'Aoste,Valle d'Aosta,125666,96021,76.41,0.26
1516,2021-05-07,VDA,564,245,319,519,31,14,ITC,ITC2,2,Valle d'Aosta / Vallée d'Aoste,Valle d'Aosta,125666,96585,76.86,0.45
1517,2021-04-23,VDA,921,443,478,509,383,29,ITC,ITC2,2,Valle d'Aosta / Vallée d'Aoste,Valle d'Aosta,125666,97506,77.59,0.73
1518,2021-01-13,VDA,337,110,227,337,0,0,ITC,ITC2,2,Valle d'Aosta / Vallée d'Aoste,Valle d'Aosta,125666,97843,77.86,0.27
1519,2021-04-06,VDA,741,381,360,595,112,34,ITC,ITC2,2,Valle d'Aosta / Vallée d'Aoste,Valle d'Aosta,125666,98584,78.45,0.59
1520,2021-03-18,VDA,136,43,93,96,37,3,ITC,ITC2,2,Valle d'Aosta / Vallée d'Aoste,Valle d'Aosta,125666,98720,78.56,0.11
1521,2021-06-26,VDA,1061,509,552,357,704,0,ITC,ITC2,2,Valle d'Aosta / Vallée d'Aoste,Valle d'Aosta,125666,99781,79.4,0.84
1522,2021-03-04,VDA,291,139,152,40,249,2,ITC,ITC2,2,Valle d'Aosta / Vallée d'Aoste,Valle d'Aosta,125666,100072,79.63,0.23
1523,2021-05-26,VDA,1209,587,622,565,633,11,ITC,ITC2,2,Valle d'Aosta / Vallée d'Aoste,Valle d'Aosta,125666,101281,80.6,0.96
1524,2021-04-04,VDA,572,253,319,550,1,21,ITC,ITC2,2,Valle d'Aosta / Vallée d'Aoste,Valle d'Aosta,125666,101853,81.05,0.46
1525,2021-04-11,VDA,479,208,271,462,0,17,ITC,ITC2,2,Valle d'Aosta / Vallée d'Aoste,Valle d'Aosta,125666,102332,81.43,0.38
1526,2021-04-18,VDA,522,254,268,492,4,26,ITC,ITC2,2,Valle d'Aosta / Vallée d'Aoste,Valle d'Aosta,125666,102854,81.85,0.42
1527,2021-06-14,VDA,306,163,143,12,294,0,ITC,ITC2,2,Valle d'Aosta / Vallée d'Aoste,Valle d'Aosta,125666,103160,82.09,0.24
1528,2021-05-31,VDA,880,396,484,490,379,11,ITC,ITC2,2,Valle d'Aosta / Vallée d'Aoste,Valle d'Aosta,125666,104040,82.79,0.7
1529,2021-04-25,VDA,849,408,441,673,139,37,ITC,ITC2,2,Valle d'Aosta / Vallée d'Aoste,Valle d'Aosta,125666,104889,83.47,0.68
1530,2021-06-21,VDA,1122,600,522,617,505,0,ITC,ITC2,2,Valle d'Aosta / Vallée d'Aoste,Valle d'Aosta,125666,106011,84.36,0.89
1531,2021-06-07,VDA,710,347,363,649,61,0,ITC,ITC2,2,Valle d'Aosta / Vallée d'Aoste,Valle d'Aosta,125666,106721,84.92,0.56
1532,2021-02-27,VDA,231,85,146,119,107,5,ITC,ITC2,2,Valle d'Aosta / Vallée d'Aoste,Valle d'Aosta,125666,106952,85.11,0.18
1533,2021-03-23,VDA,379,150,229,228,134,17,ITC,ITC2,2,Valle d'Aosta / Vallée d'Aoste,Valle d'Aosta,125666,107331,85.41,0.3
1534,2021-05-19,VDA,993,498,495,411,575,7,ITC,ITC2,2,Valle d'Aosta / Vallée d'Aoste,Valle d'Aosta,125666,108324,86.2,0.79
1535,2021-03-16,VDA,182,37,145,109,64,9,ITC,ITC2,2,Valle d'Aosta / Vallée d'Aoste,Valle d'Aosta,125666,108506,86.34,0.14
1536,2021-02-13,VDA,216,196,20,213,1,2,ITC,ITC2,2,Valle d'Aosta / Vallée d'Aoste,Valle d'Aosta,125666,108722,86.52,0.17
1537,2021-03-22,VDA,560,205,355,324,227,9,ITC,ITC2,2,Valle d'Aosta / Vallée d'Aoste,Valle d'Aosta,125666,109282,86.96,0.45
1538,2021-06-05,VDA,925,476,449,737,188,0,ITC,ITC2,2,Valle d'Aosta / Vallée d'Aoste,Valle d'Aosta,125666,110207,87.7,0.74
1539,2021-02-11,VDA,231,107,124,221,9,1,ITC,ITC2,2,Valle d'Aosta / Vallée d'Aoste,Valle d'Aosta,125666,110438,87.88,0.18
1540,2021-04-09,VDA,237,111,126,200,33,4,ITC,ITC2,2,Valle d'Aosta / Vallée d'Aoste,Valle d'Aosta,125666,110675,88.07,0.19
1541,2021-05-22,VDA,940,494,446,531,400,9,ITC,ITC2,2,Valle d'Aosta / Vallée d'Aoste,Valle d'Aosta,125666,111615,88.82,0.75
1542,2021-04-16,VDA,599,261,338,565,2,32,ITC,ITC2,2,Valle d'Aosta / Vallée d'Aoste,Valle d'Aosta,125666,112214,89.3,0.48
1543,2021-04-02,VDA,873,344,529,595,225,53,ITC,ITC2,2,Valle d'Aosta / Vallée d'Aoste,Valle d'Aosta,125666,113087,89.99,0.69
1544,2021-05-29,VDA,798,434,364,553,237,8,ITC,ITC2,2,Valle d'Aosta / Vallée d'Aoste,Valle d'Aosta,125666,113885,90.63,0.64
1545,2021-07-11,VDA,907,471,436,265,642,0,ITC,ITC2,2,Valle d'Aosta / Vallée d'Aoste,Valle d'Aosta,125666,114792,91.35,0.72
1546,2021-02-25,VDA,201,101,100,190,7,4,ITC,ITC2,2,Valle d'Aosta / Vallée d'Aoste,Valle d'Aosta,125666,114993,91.51,0.16
1547,2021-01-06,VDA,65,33,32,65,0,0,ITC,ITC2,2,Valle d'Aosta / Vallée d'Aoste,Valle d'Aosta,125666,115058,91.56,0.05
1548,2021-02-18,VDA,349,153,196,255,88,6,ITC,ITC2,2,Valle d'Aosta / Vallée d'Aoste,Valle d'Aosta,125666,115407,91.84,0.28
1549,2021-06-14,CAL,14331,6493,7838,9620,4635,76,ITF,ITF6,18,Calabria,Calabria,1947131,14331,0.74,0.74
1550,2021-03-04,CAL,5483,3191,2292,4666,797,20,ITF,ITF6,18,Calabria,Calabria,1947131,19814,1.02,0.28
1551,2021-06-12,CAL,13219,6286,6933,10755,2401,63,ITF,ITF6,18,Calabria,Calabria,1947131,33033,1.7,0.68
1552,2021-01-11,CAL,2170,1050,1120,2168,0,2,ITF,ITF6,18,Calabria,Calabria,1947131,35203,1.81,0.11
1553,2021-01-25,CAL,1078,517,561,148,930,0,ITF,ITF6,18,Calabria,Calabria,1947131,36281,1.86,0.06
1554,2021-05-05,CAL,13532,6472,7060,8409,5052,71,ITF,ITF6,18,Calabria,Calabria,1947131,49813,2.56,0.69
1555,2021-03-02,CAL,4371,2494,1877,3607,756,8,ITF,ITF6,18,Calabria,Calabria,1947131,54184,2.78,0.22
1556,2021-03-16,CAL,3857,1891,1966,2186,1660,11,ITF,ITF6,18,Calabria,Calabria,1947131,58041,2.98,0.2
1557,2021-03-09,CAL,6412,3312,3100,5368,981,63,ITF,ITF6,18,Calabria,Calabria,1947131,64453,3.31,0.33
1558,2021-02-20,CAL,1438,765,673,1104,320,14,ITF,ITF6,18,Calabria,Calabria,1947131,65891,3.38,0.07
1559,2021-05-31,CAL,15273,7328,7945,7310,7882,81,ITF,ITF6,18,Calabria,Calabria,1947131,81164,4.17,0.78
1560,2021-01-06,CAL,936,505,431,936,0,0,ITF,ITF6,18,Calabria,Calabria,1947131,82100,4.22,0.05
1561,2021-04-16,CAL,10208,4975,5233,8570,1585,53,ITF,ITF6,18,Calabria,Calabria,1947131,92308,4.74,0.52
1562,2021-02-18,CAL,1851,850,1001,1608,228,15,ITF,ITF6,18,Calabria,Calabria,1947131,94159,4.84,0.1
1563,2021-06-21,CAL,15345,7057,8288,7976,7334,35,ITF,ITF6,18,Calabria,Calabria,1947131,109504,5.62,0.79
1564,2021-01-04,CAL,1069,530,539,1066,0,3,ITF,ITF6,18,Calabria,Calabria,1947131,110573,5.68,0.05
1565,2021-07-01,CAL,12308,5803,6505,5402,6823,83,ITF,ITF6,18,Calabria,Calabria,1947131,122881,6.31,0.63
1566,2021-02-01,CAL,2526,1201,1325,241,2282,3,ITF,ITF6,18,Calabria,Calabria,1947131,125407,6.44,0.13
1567,2021-07-08,CAL,12042,5617,6425,2698,9302,42,ITF,ITF6,18,Calabria,Calabria,1947131,137449,7.06,0.62
1568,2021-05-12,CAL,16410,8003,8407,10822,5496,92,ITF,ITF6,18,Calabria,Calabria,1947131,153859,7.9,0.84
1569,2021-05-26,CAL,18676,9285,9391,10310,8274,92,ITF,ITF6,18,Calabria,Calabria,1947131,172535,8.86,0.96
1570,2021-02-06,CAL,2912,1341,1571,444,2467,1,ITF,ITF6,18,Calabria,Calabria,1947131,175447,9.01,0.15
1571,2021-07-10,CAL,15930,7529,8401,3247,12640,43,ITF,ITF6,18,Calabria,Calabria,1947131,191377,9.83,0.82
1572,2021-01-23,CAL,401,186,215,359,42,0,ITF,ITF6,18,Calabria,Calabria,1947131,191778,9.85,0.02
1573,2021-03-28,CAL,2689,1231,1458,1564,1121,4,ITF,ITF6,18,Calabria,Calabria,1947131,194467,9.99,0.14
1574,2021-04-18,CAL,5846,2794,3052,4912,913,21,ITF,ITF6,18,Calabria,Calabria,1947131,200313,10.29,0.3
1575,2021-04-04,CAL,1571,785,786,1140,421,10,ITF,ITF6,18,Calabria,Calabria,1947131,201884,10.37,0.08
1576,2021-06-26,CAL,15558,7186,8372,7553,7938,67,ITF,ITF6,18,Calabria,Calabria,1947131,217442,11.17,0.8
1577,2021-06-07,CAL,18001,8421,9580,14712,3210,79,ITF,ITF6,18,Calabria,Calabria,1947131,235443,12.09,0.92
1578,2021-04-30,CAL,15021,7361,7660,10553,4400,68,ITF,ITF6,18,Calabria,Calabria,1947131,250464,12.86,0.77
1579,2021-01-18,CAL,1296,586,710,1051,241,4,ITF,ITF6,18,Calabria,Calabria,1947131,251760,12.93,0.07
1580,2021-02-25,CAL,2891,1556,1335,2256,595,40,ITF,ITF6,18,Calabria,Calabria,1947131,254651,13.08,0.15
1581,2021-03-06,CAL,8452,4353,4099,7638,795,19,ITF,ITF6,18,Calabria,Calabria,1947131,263103,13.51,0.43
1582,2021-04-23,CAL,13119,6441,6678,9429,3594,96,ITF,ITF6,18,Calabria,Calabria,1947131,276222,14.19,0.67
1583,2021-01-13,CAL,2054,1036,1018,2042,0,12,ITF,ITF6,18,Calabria,Calabria,1947131,278276,14.29,0.11
1584,2021-06-23,CAL,17120,7811,9309,8091,8948,81,ITF,ITF6,18,Calabria,Calabria,1947131,295396,15.17,0.88
1585,2021-02-11,CAL,2340,1044,1296,1062,1256,22,ITF,ITF6,18,Calabria,Calabria,1947131,297736,15.29,0.12
1586,2021-05-23,CAL,11387,5552,5835,6995,4349,43,ITF,ITF6,18,Calabria,Calabria,1947131,309123,15.88,0.58
1587,2021-03-01,CAL,2730,1550,1180,2270,456,4,ITF,ITF6,18,Calabria,Calabria,1947131,311853,16.02,0.14
1588,2021-03-11,CAL,7236,3430,3806,5924,1267,45,ITF,ITF6,18,Calabria,Calabria,1947131,319089,16.39,0.37
1589,2021-06-19,CAL,15838,7411,8427,8493,7280,65,ITF,ITF6,18,Calabria,Calabria,1947131,334927,17.2,0.81
1590,2021-05-14,CAL,19916,9566,10350,12942,6866,108,ITF,ITF6,18,Calabria,Calabria,1947131,354843,18.22,1.02
1591,2021-04-27,CAL,9954,4894,5060,7963,1945,46,ITF,ITF6,18,Calabria,Calabria,1947131,364797,18.74,0.51
1592,2021-02-03,CAL,2824,1452,1372,562,2257,5,ITF,ITF6,18,Calabria,Calabria,1947131,367621,18.88,0.15
1593,2021-03-30,CAL,6391,2759,3632,3622,2752,17,ITF,ITF6,18,Calabria,Calabria,1947131,374012,19.21,0.33
1594,2021-05-19,CAL,18311,9069,9242,11266,6973,72,ITF,ITF6,18,Calabria,Calabria,1947131,392323,20.15,0.94
1595,2021-03-23,CAL,5245,2460,2785,3415,1809,21,ITF,ITF6,18,Calabria,Calabria,1947131,397568,20.42,0.27
1596,2021-01-30,CAL,2187,1153,1034,341,1843,3,ITF,ITF6,18,Calabria,Calabria,1947131,399755,20.53,0.11
1597,2021-02-17,CAL,1868,826,1042,1644,211,13,ITF,ITF6,18,Calabria,Calabria,1947131,401623,20.63,0.1
1598,2021-05-28,CAL,20983,10196,10787,11414,9458,111,ITF,ITF6,18,Calabria,Calabria,1947131,422606,21.7,1.08
1599,2021-04-15,CAL,7734,3794,3940,5971,1725,38,ITF,ITF6,18,Calabria,Calabria,1947131,430340,22.1,0.4
1600,2021-04-01,CAL,8671,3947,4724,4160,4479,32,ITF,ITF6,18,Calabria,Calabria,1947131,439011,22.55,0.45
1601,2021-05-24,CAL,17710,8843,8867,9932,7695,83,ITF,ITF6,18,Calabria,Calabria,1947131,456721,23.46,0.91
1602,2021-05-07,CAL,16118,7595,8523,9657,6387,74,ITF,ITF6,18,Calabria,Calabria,1947131,472839,24.28,0.83
1603,2021-02-13,CAL,1398,604,794,1030,365,3,ITF,ITF6,18,Calabria,Calabria,1947131,474237,24.36,0.07
1604,2021-06-11,CAL,17814,8754,9060,15114,2585,115,ITF,ITF6,18,Calabria,Calabria,1947131,492051,25.27,0.91
1605,2021-01-08,CAL,2178,1038,1140,2171,0,7,ITF,ITF6,18,Calabria,Calabria,1947131,494229,25.38,0.11
1606,2021-03-18,CAL,4424,2067,2357,2332,2069,23,ITF,ITF6,18,Calabria,Calabria,1947131,498653,25.61,0.23
1607,2021-07-03,CAL,15137,7128,8009,5257,9805,75,ITF,ITF6,18,Calabria,Calabria,1947131,513790,26.39,0.78
1608,2021-04-11,CAL,4189,1904,2285,2230,1943,16,ITF,ITF6,18,Calabria,Calabria,1947131,517979,26.6,0.22
1609,2021-04-13,CAL,6903,3385,3518,5570,1312,21,ITF,ITF6,18,Calabria,Calabria,1947131,524882,26.96,0.35
1610,2021-01-20,CAL,1404,628,776,1400,1,3,ITF,ITF6,18,Calabria,Calabria,1947131,526286,27.03,0.07
1611,2021-01-03,CAL,6,3,3,6,0,0,ITF,ITF6,18,Calabria,Calabria,1947131,526292,27.03,0.0
1612,2021-05-09,CAL,9620,4484,5136,6043,3536,41,ITF,ITF6,18,Calabria,Calabria,1947131,535912,27.52,0.49
1613,2021-01-29,CAL,2061,993,1068,227,1833,1,ITF,ITF6,18,Calabria,Calabria,1947131,537973,27.63,0.11
1614,2021-05-04,CAL,16432,7575,8857,11646,4701,85,ITF,ITF6,18,Calabria,Calabria,1947131,554405,28.47,0.84
1615,2021-01-22,CAL,659,275,384,657,2,0,ITF,ITF6,18,Calabria,Calabria,1947131,555064,28.51,0.03
1616,2021-05-02,CAL,12518,5843,6675,10611,1850,57,ITF,ITF6,18,Calabria,Calabria,1947131,567582,29.15,0.64
1617,2021-03-13,CAL,6948,3019,3929,5934,986,28,ITF,ITF6,18,Calabria,Calabria,1947131,574530,29.51,0.36
1618,2021-01-15,CAL,2803,1260,1543,2797,0,6,ITF,ITF6,18,Calabria,Calabria,1947131,577333,29.65,0.14
1619,2021-04-25,CAL,15884,8059,7825,14794,1030,60,ITF,ITF6,18,Calabria,Calabria,1947131,593217,30.47,0.82
1620,2021-06-30,CAL,16369,7496,8873,7007,9267,95,ITF,ITF6,18,Calabria,Calabria,1947131,609586,31.31,0.84
1621,2021-06-28,CAL,13258,6099,7159,5366,7828,64,ITF,ITF6,18,Calabria,Calabria,1947131,622844,31.99,0.68
1622,2021-03-20,CAL,6713,3074,3639,4183,2514,16,ITF,ITF6,18,Calabria,Calabria,1947131,629557,32.33,0.34
1623,2021-02-22,CAL,2054,1043,1011,1487,558,9,ITF,ITF6,18,Calabria,Calabria,1947131,631611,32.44,0.11
1624,2021-06-02,CAL,12097,5802,6295,8786,3265,46,ITF,ITF6,18,Calabria,Calabria,1947131,643708,33.06,0.62
1625,2021-05-16,CAL,13780,6724,7056,9917,3811,52,ITF,ITF6,18,Calabria,Calabria,1947131,657488,33.77,0.71
1626,2021-02-15,CAL,1150,546,604,995,151,4,ITF,ITF6,18,Calabria,Calabria,1947131,658638,33.83,0.06
1627,2020-12-27,CAL,312,170,142,312,0,0,ITF,ITF6,18,Calabria,Calabria,1947131,658950,33.84,0.02
1628,2021-04-06,CAL,8079,3664,4415,4418,3637,24,ITF,ITF6,18,Calabria,Calabria,1947131,667029,34.26,0.41
1629,2021-02-08,CAL,1856,737,1119,659,1194,3,ITF,ITF6,18,Calabria,Calabria,1947131,668885,34.35,0.1
1630,2021-04-24,CAL,19248,9578,9670,15727,3436,85,ITF,ITF6,18,Calabria,Calabria,1947131,688133,35.34,0.99
1631,2021-02-26,CAL,3082,1644,1438,2614,453,15,ITF,ITF6,18,Calabria,Calabria,1947131,691215,35.5,0.16
1632,2021-06-20,CAL,6645,3149,3496,3808,2809,28,ITF,ITF6,18,Calabria,Calabria,1947131,697860,35.84,0.34
1633,2021-06-06,CAL,13712,6590,7122,11951,1698,63,ITF,ITF6,18,Calabria,Calabria,1947131,711572,36.54,0.7
1634,2021-06-09,CAL,18211,8594,9617,15894,2235,82,ITF,ITF6,18,Calabria,Calabria,1947131,729783,37.48,0.94
1635,2021-07-12,CAL,6127,2864,3263,934,5176,17,ITF,ITF6,18,Calabria,Calabria,1947131,735910,37.79,0.31
1636,2021-01-10,CAL,936,529,407,936,0,0,ITF,ITF6,18,Calabria,Calabria,1947131,736846,37.84,0.05
1637,2021-04-20,CAL,7853,3963,3890,6054,1727,72,ITF,ITF6,18,Calabria,Calabria,1947131,744699,38.25,0.4
1638,2021-02-12,CAL,1710,668,1042,941,763,6,ITF,ITF6,18,Calabria,Calabria,1947131,746409,38.33,0.09
1639,2021-06-27,CAL,8418,3938,4480,4980,3402,36,ITF,ITF6,18,Calabria,Calabria,1947131,754827,38.77,0.43
1640,2021-03-27,CAL,8762,3984,4778,4651,4068,43,ITF,ITF6,18,Calabria,Calabria,1947131,763589,39.22,0.45
1641,2021-07-05,CAL,13381,6257,7124,4287,9038,56,ITF,ITF6,18,Calabria,Calabria,1947131,776970,39.9,0.69
1642,2021-03-08,CAL,5432,2914,2518,4338,1068,26,ITF,ITF6,18,Calabria,Calabria,1947131,782402,40.18,0.28
1643,2021-03-25,CAL,7451,3503,3948,4553,2868,30,ITF,ITF6,18,Calabria,Calabria,1947131,789853,40.56,0.38
1644,2021-06-16,CAL,18302,8451,9851,12114,6103,85,ITF,ITF6,18,Calabria,Calabria,1947131,808155,41.5,0.94
1645,2021-06-18,CAL,18845,8780,10065,11247,7491,107,ITF,ITF6,18,Calabria,Calabria,1947131,827000,42.47,0.97
1646,2021-03-10,CAL,6735,3421,3314,5371,1335,29,ITF,ITF6,18,Calabria,Calabria,1947131,833735,42.82,0.35
1647,2021-06-01,CAL,12856,5960,6896,7883,4915,58,ITF,ITF6,18,Calabria,Calabria,1947131,846591,43.48,0.66
1648,2021-03-29,CAL,5740,2468,3272,3956,1760,24,ITF,ITF6,18,Calabria,Calabria,1947131,852331,43.77,0.29
1649,2021-01-31,CAL,1115,556,559,153,962,0,ITF,ITF6,18,Calabria,Calabria,1947131,853446,43.83,0.06
1650,2021-07-07,CAL,13944,6567,7377,3910,9963,71,ITF,ITF6,18,Calabria,Calabria,1947131,867390,44.55,0.72
1651,2021-05-11,CAL,15056,7286,7770,10213,4777,66,ITF,ITF6,18,Calabria,Calabria,1947131,882446,45.32,0.77
1652,2021-01-07,CAL,2202,1077,1125,2198,0,4,ITF,ITF6,18,Calabria,Calabria,1947131,884648,45.43,0.11
1653,2021-06-13,CAL,6800,3337,3463,5713,1035,52,ITF,ITF6,18,Calabria,Calabria,1947131,891448,45.78,0.35
1654,2021-04-17,CAL,10825,5073,5752,9003,1777,45,ITF,ITF6,18,Calabria,Calabria,1947131,902273,46.34,0.56
1655,2021-05-01,CAL,16695,7954,8741,12375,4234,86,ITF,ITF6,18,Calabria,Calabria,1947131,918968,47.2,0.86
1656,2021-03-05,CAL,6236,3619,2617,5646,575,15,ITF,ITF6,18,Calabria,Calabria,1947131,925204,47.52,0.32
1657,2021-02-27,CAL,4004,2061,1943,3615,382,7,ITF,ITF6,18,Calabria,Calabria,1947131,929208,47.72,0.21
1658,2021-01-27,CAL,1475,745,730,395,1079,1,ITF,ITF6,18,Calabria,Calabria,1947131,930683,47.8,0.08
1659,2021-02-14,CAL,471,215,256,440,30,1,ITF,ITF6,18,Calabria,Calabria,1947131,931154,47.82,0.02
1660,2021-05-25,CAL,16368,8000,8368,10206,6078,84,ITF,ITF6,18,Calabria,Calabria,1947131,947522,48.66,0.84
1661,2021-01-26,CAL,1852,883,969,276,1575,1,ITF,ITF6,18,Calabria,Calabria,1947131,949374,48.76,0.1
1662,2021-04-22,CAL,9750,4867,4883,6820,2887,43,ITF,ITF6,18,Calabria,Calabria,1947131,959124,49.26,0.5
1663,2021-05-06,CAL,13258,6276,6982,8923,4269,66,ITF,ITF6,18,Calabria,Calabria,1947131,972382,49.94,0.68
1664,2021-03-15,CAL,3583,1711,1872,2127,1447,9,ITF,ITF6,18,Calabria,Calabria,1947131,975965,50.12,0.18
1665,2021-07-02,CAL,16249,7527,8722,6238,9930,81,ITF,ITF6,18,Calabria,Calabria,1947131,992214,50.96,0.83
1666,2021-05-20,CAL,16932,8455,8477,11259,5606,67,ITF,ITF6,18,Calabria,Calabria,1947131,1009146,51.83,0.87
1667,2021-02-07,CAL,861,430,431,146,713,2,ITF,ITF6,18,Calabria,Calabria,1947131,1010007,51.87,0.04
1668,2021-05-18,CAL,15317,7655,7662,11833,3416,68,ITF,ITF6,18,Calabria,Calabria,1947131,1025324,52.66,0.79
1669,2021-01-17,CAL,897,431,466,797,95,5,ITF,ITF6,18,Calabria,Calabria,1947131,1026221,52.7,0.05
1670,2021-03-24,CAL,7817,3576,4241,4514,3281,22,ITF,ITF6,18,Calabria,Calabria,1947131,1034038,53.11,0.4
1671,2021-04-10,CAL,11645,5267,6378,6747,4855,43,ITF,ITF6,18,Calabria,Calabria,1947131,1045683,53.7,0.6
1672,2021-02-05,CAL,3821,1721,2100,474,3332,15,ITF,ITF6,18,Calabria,Calabria,1947131,1049504,53.9,0.2
1673,2021-04-29,CAL,12458,6052,6406,8657,3750,51,ITF,ITF6,18,Calabria,Calabria,1947131,1061962,54.54,0.64
1674,2021-04-12,CAL,7032,3422,3610,5365,1645,22,ITF,ITF6,18,Calabria,Calabria,1947131,1068994,54.9,0.36
1675,2021-01-19,CAL,1119,493,626,1105,12,2,ITF,ITF6,18,Calabria,Calabria,1947131,1070113,54.96,0.06
1676,2021-07-04,CAL,5933,2811,3122,1979,3919,35,ITF,ITF6,18,Calabria,Calabria,1947131,1076046,55.26,0.3
1677,2021-06-17,CAL,15763,7201,8562,9588,6125,50,ITF,ITF6,18,Calabria,Calabria,1947131,1091809,56.07,0.81
1678,2021-03-26,CAL,8085,3836,4249,4935,3122,28,ITF,ITF6,18,Calabria,Calabria,1947131,1099894,56.49,0.42
1679,2021-03-22,CAL,4953,2323,2630,3165,1764,24,ITF,ITF6,18,Calabria,Calabria,1947131,1104847,56.74,0.25
1680,2021-02-09,CAL,2158,912,1246,946,1203,9,ITF,ITF6,18,Calabria,Calabria,1947131,1107005,56.85,0.11
1681,2021-05-29,CAL,19267,8947,10320,9342,9849,76,ITF,ITF6,18,Calabria,Calabria,1947131,1126272,57.84,0.99
1682,2021-04-14,CAL,8072,3896,4176,6584,1444,44,ITF,ITF6,18,Calabria,Calabria,1947131,1134344,58.26,0.41
1683,2021-02-16,CAL,1740,736,1004,1456,279,5,ITF,ITF6,18,Calabria,Calabria,1947131,1136084,58.35,0.09
1684,2021-05-27,CAL,17617,8692,8925,9754,7781,82,ITF,ITF6,18,Calabria,Calabria,1947131,1153701,59.25,0.9
1685,2021-04-03,CAL,9372,4056,5316,4503,4811,58,ITF,ITF6,18,Calabria,Calabria,1947131,1163073,59.73,0.48
1686,2021-01-28,CAL,2266,1126,1140,82,2184,0,ITF,ITF6,18,Calabria,Calabria,1947131,1165339,59.85,0.12
1687,2021-05-08,CAL,18453,8389,10064,10543,7846,64,ITF,ITF6,18,Calabria,Calabria,1947131,1183792,60.8,0.95
1688,2021-05-22,CAL,22177,10553,11624,14232,7855,90,ITF,ITF6,18,Calabria,Calabria,1947131,1205969,61.94,1.14
1689,2021-04-21,CAL,11547,5800,5747,8603,2893,51,ITF,ITF6,18,Calabria,Calabria,1947131,1217516,62.53,0.59
1690,2021-05-13,CAL,15933,7662,8271,11159,4708,66,ITF,ITF6,18,Calabria,Calabria,1947131,1233449,63.35,0.82
1691,2021-02-19,CAL,1509,682,827,1239,261,9,ITF,ITF6,18,Calabria,Calabria,1947131,1234958,63.42,0.08
1692,2021-05-30,CAL,10955,5267,5688,6768,4151,36,ITF,ITF6,18,Calabria,Calabria,1947131,1245913,63.99,0.56
1693,2021-05-17,CAL,14892,7443,7449,10128,4714,50,ITF,ITF6,18,Calabria,Calabria,1947131,1260805,64.75,0.76
1694,2021-02-21,CAL,624,295,329,546,77,1,ITF,ITF6,18,Calabria,Calabria,1947131,1261429,64.78,0.03
1695,2021-04-28,CAL,12527,6060,6467,9592,2864,71,ITF,ITF6,18,Calabria,Calabria,1947131,1273956,65.43,0.64
1696,2021-02-04,CAL,3601,1711,1890,647,2948,6,ITF,ITF6,18,Calabria,Calabria,1947131,1277557,65.61,0.18
1697,2021-05-15,CAL,27243,13032,14211,20260,6852,131,ITF,ITF6,18,Calabria,Calabria,1947131,1304800,67.01,1.4
1698,2021-02-02,CAL,2353,1153,1200,177,2176,0,ITF,ITF6,18,Calabria,Calabria,1947131,1307153,67.13,0.12
1699,2021-01-16,CAL,2402,1126,1276,2399,0,3,ITF,ITF6,18,Calabria,Calabria,1947131,1309555,67.26,0.12
1700,2021-07-06,CAL,11850,5467,6383,3613,8179,58,ITF,ITF6,18,Calabria,Calabria,1947131,1321405,67.86,0.61
1701,2021-01-02,CAL,166,94,72,166,0,0,ITF,ITF6,18,Calabria,Calabria,1947131,1321571,67.87,0.01
1702,2021-01-24,CAL,45,18,27,39,6,0,ITF,ITF6,18,Calabria,Calabria,1947131,1321616,67.88,0.0
1703,2021-07-09,CAL,15639,7294,8345,3625,11945,69,ITF,ITF6,18,Calabria,Calabria,1947131,1337255,68.68,0.8
1704,2020-12-28,CAL,6,2,4,6,0,0,ITF,ITF6,18,Calabria,Calabria,1947131,1337261,68.68,0.0
1705,2021-06-03,CAL,14223,6648,7575,9583,4585,55,ITF,ITF6,18,Calabria,Calabria,1947131,1351484,69.41,0.73
1706,2021-04-07,CAL,7111,3225,3886,4053,3013,45,ITF,ITF6,18,Calabria,Calabria,1947131,1358595,69.77,0.37
1707,2021-02-23,CAL,1593,754,839,1473,115,5,ITF,ITF6,18,Calabria,Calabria,1947131,1360188,69.86,0.08
1708,2021-04-05,CAL,3643,1728,1915,2672,959,12,ITF,ITF6,18,Calabria,Calabria,1947131,1363831,70.04,0.19
1709,2021-06-08,CAL,16650,7891,8759,14509,2024,117,ITF,ITF6,18,Calabria,Calabria,1947131,1380481,70.9,0.86
1710,2021-03-17,CAL,4108,1827,2281,2181,1920,7,ITF,ITF6,18,Calabria,Calabria,1947131,1384589,71.11,0.21
1711,2021-06-25,CAL,18787,8724,10063,8067,10643,77,ITF,ITF6,18,Calabria,Calabria,1947131,1403376,72.07,0.96
1712,2021-04-19,CAL,7874,3799,4075,6154,1675,45,ITF,ITF6,18,Calabria,Calabria,1947131,1411250,72.48,0.4
1713,2021-01-09,CAL,1976,1064,912,1968,0,8,ITF,ITF6,18,Calabria,Calabria,1947131,1413226,72.58,0.1
1714,2021-02-28,CAL,2338,1061,1277,2181,154,3,ITF,ITF6,18,Calabria,Calabria,1947131,1415564,72.7,0.12
1715,2021-04-02,CAL,8527,3904,4623,4578,3917,32,ITF,ITF6,18,Calabria,Calabria,1947131,1424091,73.14,0.44
1716,2021-06-24,CAL,15247,6937,8310,6881,8292,74,ITF,ITF6,18,Calabria,Calabria,1947131,1439338,73.92,0.78
1717,2021-03-19,CAL,4187,1955,2232,1887,2293,7,ITF,ITF6,18,Calabria,Calabria,1947131,1443525,74.14,0.22
1718,2021-07-11,CAL,6427,2982,3445,848,5569,10,ITF,ITF6,18,Calabria,Calabria,1947131,1449952,74.47,0.33
1719,2021-06-10,CAL,15827,7273,8554,12964,2770,93,ITF,ITF6,18,Calabria,Calabria,1947131,1465779,75.28,0.81
1720,2021-03-12,CAL,5152,2468,2684,4079,1055,18,ITF,ITF6,18,Calabria,Calabria,1947131,1470931,75.54,0.26
1721,2021-01-14,CAL,2643,1253,1390,2637,0,6,ITF,ITF6,18,Calabria,Calabria,1947131,1473574,75.68,0.14
1722,2021-01-21,CAL,966,450,516,932,31,3,ITF,ITF6,18,Calabria,Calabria,1947131,1474540,75.73,0.05
1723,2021-03-31,CAL,9089,4138,4951,5015,4040,34,ITF,ITF6,18,Calabria,Calabria,1947131,1483629,76.2,0.47
1724,2021-04-09,CAL,7951,3729,4222,4983,2888,80,ITF,ITF6,18,Calabria,Calabria,1947131,1491580,76.6,0.41
1725,2021-06-05,CAL,20673,9680,10993,17603,2991,79,ITF,ITF6,18,Calabria,Calabria,1947131,1512253,77.67,1.06
1726,2021-04-08,CAL,9265,4377,4888,5752,3468,45,ITF,ITF6,18,Calabria,Calabria,1947131,1521518,78.14,0.48
1727,2021-02-10,CAL,2513,1081,1432,868,1630,15,ITF,ITF6,18,Calabria,Calabria,1947131,1524031,78.27,0.13
1728,2021-06-04,CAL,17520,8152,9368,12949,4502,69,ITF,ITF6,18,Calabria,Calabria,1947131,1541551,79.17,0.9
1729,2021-05-21,CAL,21329,10862,10467,13865,7357,107,ITF,ITF6,18,Calabria,Calabria,1947131,1562880,80.27,1.1
1730,2021-01-05,CAL,1523,713,810,1521,0,2,ITF,ITF6,18,Calabria,Calabria,1947131,1564403,80.34,0.08
1731,2021-01-12,CAL,2076,1027,1049,2067,0,9,ITF,ITF6,18,Calabria,Calabria,1947131,1566479,80.45,0.11
1732,2021-02-24,CAL,1915,976,939,1430,479,6,ITF,ITF6,18,Calabria,Calabria,1947131,1568394,80.55,0.1
1733,2021-03-03,CAL,5057,2762,2295,3964,1080,13,ITF,ITF6,18,Calabria,Calabria,1947131,1573451,80.81,0.26
1734,2021-06-29,CAL,13017,6011,7006,5329,7638,50,ITF,ITF6,18,Calabria,Calabria,1947131,1586468,81.48,0.67
1735,2021-05-03,CAL,14768,6770,7998,10461,4220,87,ITF,ITF6,18,Calabria,Calabria,1947131,1601236,82.24,0.76
1736,2021-03-21,CAL,4452,1922,2530,2726,1716,10,ITF,ITF6,18,Calabria,Calabria,1947131,1605688,82.46,0.23
1737,2021-03-07,CAL,3396,1732,1664,3291,92,13,ITF,ITF6,18,Calabria,Calabria,1947131,1609084,82.64,0.17
1738,2021-06-15,CAL,9816,4541,5275,6432,3330,54,ITF,ITF6,18,Calabria,Calabria,1947131,1618900,83.14,0.5
1739,2021-03-14,CAL,2716,1056,1660,2281,429,6,ITF,ITF6,18,Calabria,Calabria,1947131,1621616,83.28,0.14
1740,2021-06-22,CAL,14531,6855,7676,7350,7089,92,ITF,ITF6,18,Calabria,Calabria,1947131,1636147,84.03,0.75
1741,2021-05-10,CAL,13120,6086,7034,7667,5399,54,ITF,ITF6,18,Calabria,Calabria,1947131,1649267,84.7,0.67
1742,2021-04-26,CAL,10183,5059,5124,7723,2416,44,ITF,ITF6,18,Calabria,Calabria,1947131,1659450,85.23,0.52
1743,2021-02-11,SAR,1311,488,823,1200,111,0,ITG,ITG2,20,Sardegna,Sardegna,1639591,1311,0.08,0.08
1744,2021-05-24,SAR,14469,7256,7213,8354,5983,132,ITG,ITG2,20,Sardegna,Sardegna,1639591,15780,0.96,0.88
1745,2021-02-13,SAR,1440,560,880,1434,2,4,ITG,ITG2,20,Sardegna,Sardegna,1639591,17220,1.05,0.09
1746,2021-05-29,SAR,17997,8650,9347,13237,4593,167,ITG,ITG2,20,Sardegna,Sardegna,1639591,35217,2.15,1.1
1747,2021-02-18,SAR,1726,669,1057,1625,64,37,ITG,ITG2,20,Sardegna,Sardegna,1639591,36943,2.25,0.11
1748,2021-07-01,SAR,19820,9756,10064,7257,12471,92,ITG,ITG2,20,Sardegna,Sardegna,1639591,56763,3.46,1.21
1749,2021-03-23,SAR,6389,2863,3526,5172,1065,152,ITG,ITG2,20,Sardegna,Sardegna,1639591,63152,3.85,0.39
1750,2021-05-12,SAR,11129,5257,5872,7785,3138,206,ITG,ITG2,20,Sardegna,Sardegna,1639591,74281,4.53,0.68
1751,2021-05-19,SAR,17020,8665,8355,12626,4237,157,ITG,ITG2,20,Sardegna,Sardegna,1639591,91301,5.57,1.04
1752,2021-06-05,SAR,17878,8436,9442,11287,6457,134,ITG,ITG2,20,Sardegna,Sardegna,1639591,109179,6.66,1.09
1753,2021-02-25,SAR,2797,1200,1597,2162,604,31,ITG,ITG2,20,Sardegna,Sardegna,1639591,111976,6.83,0.17
1754,2021-03-14,SAR,604,376,228,595,0,9,ITG,ITG2,20,Sardegna,Sardegna,1639591,112580,6.87,0.04
1755,2021-04-09,SAR,12264,5456,6808,7794,4351,119,ITG,ITG2,20,Sardegna,Sardegna,1639591,124844,7.61,0.75
1756,2021-04-11,SAR,5392,2441,2951,4245,1121,26,ITG,ITG2,20,Sardegna,Sardegna,1639591,130236,7.94,0.33
1757,2021-06-07,SAR,12562,6142,6420,9436,3005,121,ITG,ITG2,20,Sardegna,Sardegna,1639591,142798,8.71,0.77
1758,2021-02-04,SAR,2253,810,1443,895,1355,3,ITG,ITG2,20,Sardegna,Sardegna,1639591,145051,8.85,0.14
1759,2021-04-02,SAR,8840,3493,5347,5454,3237,149,ITG,ITG2,20,Sardegna,Sardegna,1639591,153891,9.39,0.54
1760,2021-03-09,SAR,5513,2726,2787,4728,728,57,ITG,ITG2,20,Sardegna,Sardegna,1639591,159404,9.72,0.34
1761,2021-05-05,SAR,10152,4642,5510,7946,2012,194,ITG,ITG2,20,Sardegna,Sardegna,1639591,169556,10.34,0.62
1762,2021-01-16,SAR,1488,525,963,1488,0,0,ITG,ITG2,20,Sardegna,Sardegna,1639591,171044,10.43,0.09
1763,2021-04-23,SAR,12640,5635,7005,7041,5462,137,ITG,ITG2,20,Sardegna,Sardegna,1639591,183684,11.2,0.77
1764,2021-05-10,SAR,9731,4337,5394,7027,2538,166,ITG,ITG2,20,Sardegna,Sardegna,1639591,193415,11.8,0.59
1765,2021-01-30,SAR,3864,1392,2472,362,3502,0,ITG,ITG2,20,Sardegna,Sardegna,1639591,197279,12.03,0.24
1766,2021-06-19,SAR,15333,7510,7823,9114,6120,99,ITG,ITG2,20,Sardegna,Sardegna,1639591,212612,12.97,0.94
1767,2021-07-06,SAR,16002,7752,8250,4665,11241,96,ITG,ITG2,20,Sardegna,Sardegna,1639591,228614,13.94,0.98
1768,2021-03-28,SAR,4518,1784,2734,4377,78,63,ITG,ITG2,20,Sardegna,Sardegna,1639591,233132,14.22,0.28
1769,2021-01-04,SAR,586,215,371,586,0,0,ITG,ITG2,20,Sardegna,Sardegna,1639591,233718,14.25,0.04
1770,2021-07-08,SAR,18251,8816,9435,3810,14362,79,ITG,ITG2,20,Sardegna,Sardegna,1639591,251969,15.37,1.11
1771,2021-05-31,SAR,11366,5409,5957,8157,3110,99,ITG,ITG2,20,Sardegna,Sardegna,1639591,263335,16.06,0.69
1772,2021-04-18,SAR,5118,2220,2898,2223,2867,28,ITG,ITG2,20,Sardegna,Sardegna,1639591,268453,16.37,0.31
1773,2021-01-08,SAR,3241,1178,2063,3239,0,2,ITG,ITG2,20,Sardegna,Sardegna,1639591,271694,16.57,0.2
1774,2021-06-02,SAR,9789,4693,5096,8063,1640,86,ITG,ITG2,20,Sardegna,Sardegna,1639591,281483,17.17,0.6
1775,2021-04-20,SAR,10967,4975,5992,7674,3202,91,ITG,ITG2,20,Sardegna,Sardegna,1639591,292450,17.84,0.67
1776,2021-04-04,SAR,1,0,1,0,1,0,ITG,ITG2,20,Sardegna,Sardegna,1639591,292451,17.84,0.0
1777,2021-06-16,SAR,17633,8276,9357,12170,5303,160,ITG,ITG2,20,Sardegna,Sardegna,1639591,310084,18.91,1.08
1778,2020-12-28,SAR,65,25,40,65,0,0,ITG,ITG2,20,Sardegna,Sardegna,1639591,310149,18.92,0.0
1779,2021-06-14,SAR,13744,6638,7106,9995,3610,139,ITG,ITG2,20,Sardegna,Sardegna,1639591,323893,19.75,0.84
1780,2021-03-06,SAR,2626,1074,1552,773,1780,73,ITG,ITG2,20,Sardegna,Sardegna,1639591,326519,19.91,0.16
1781,2021-06-28,SAR,14988,7039,7949,3052,11871,65,ITG,ITG2,20,Sardegna,Sardegna,1639591,341507,20.83,0.91
1782,2021-04-06,SAR,7454,3123,4331,4968,2428,58,ITG,ITG2,20,Sardegna,Sardegna,1639591,348961,21.28,0.45
1783,2020-12-27,SAR,65,34,31,65,0,0,ITG,ITG2,20,Sardegna,Sardegna,1639591,349026,21.29,0.0
1784,2021-04-30,SAR,11120,5294,5826,6746,4203,171,ITG,ITG2,20,Sardegna,Sardegna,1639591,360146,21.97,0.68
1785,2021-05-17,SAR,12785,6245,6540,9124,3516,145,ITG,ITG2,20,Sardegna,Sardegna,1639591,372931,22.75,0.78
1786,2021-02-06,SAR,1969,697,1272,564,1402,3,ITG,ITG2,20,Sardegna,Sardegna,1639591,374900,22.87,0.12
1787,2021-02-23,SAR,1500,992,508,1233,252,15,ITG,ITG2,20,Sardegna,Sardegna,1639591,376400,22.96,0.09
1788,2021-05-02,SAR,5880,2669,3211,5214,576,90,ITG,ITG2,20,Sardegna,Sardegna,1639591,382280,23.32,0.36
1789,2021-02-08,SAR,1466,531,935,852,613,1,ITG,ITG2,20,Sardegna,Sardegna,1639591,383746,23.4,0.09
1790,2021-03-02,SAR,3033,1629,1404,1815,1152,66,ITG,ITG2,20,Sardegna,Sardegna,1639591,386779,23.59,0.18
1791,2021-04-28,SAR,8996,4267,4729,5158,3691,147,ITG,ITG2,20,Sardegna,Sardegna,1639591,395775,24.14,0.55
1792,2021-01-18,SAR,866,312,554,743,123,0,ITG,ITG2,20,Sardegna,Sardegna,1639591,396641,24.19,0.05
1793,2021-06-24,SAR,19163,9202,9961,8113,10949,101,ITG,ITG2,20,Sardegna,Sardegna,1639591,415804,25.36,1.17
1794,2021-03-16,SAR,4303,1904,2399,3342,921,40,ITG,ITG2,20,Sardegna,Sardegna,1639591,420107,25.62,0.26
1795,2021-04-21,SAR,12038,5542,6496,6432,5508,98,ITG,ITG2,20,Sardegna,Sardegna,1639591,432145,26.36,0.73
1796,2021-01-11,SAR,1172,500,672,1171,0,1,ITG,ITG2,20,Sardegna,Sardegna,1639591,433317,26.43,0.07
1797,2021-06-17,SAR,18450,8524,9926,9918,8412,120,ITG,ITG2,20,Sardegna,Sardegna,1639591,451767,27.55,1.13
1798,2021-06-26,SAR,19124,9000,10124,5443,13607,74,ITG,ITG2,20,Sardegna,Sardegna,1639591,470891,28.72,1.17
1799,2021-05-07,SAR,14308,6554,7754,9584,4496,228,ITG,ITG2,20,Sardegna,Sardegna,1639591,485199,29.59,0.87
1800,2021-01-27,SAR,1370,481,889,78,1292,0,ITG,ITG2,20,Sardegna,Sardegna,1639591,486569,29.68,0.08
1801,2021-07-03,SAR,15830,7555,8275,3236,12563,31,ITG,ITG2,20,Sardegna,Sardegna,1639591,502399,30.64,0.97
1802,2021-03-25,SAR,9097,3965,5132,7679,1302,116,ITG,ITG2,20,Sardegna,Sardegna,1639591,511496,31.2,0.55
1803,2021-06-12,SAR,14754,7192,7562,9939,4700,115,ITG,ITG2,20,Sardegna,Sardegna,1639591,526250,32.1,0.9
1804,2021-03-04,SAR,4343,2279,2064,3041,1248,54,ITG,ITG2,20,Sardegna,Sardegna,1639591,530593,32.36,0.26
1805,2021-03-21,SAR,4017,1804,2213,2571,1427,19,ITG,ITG2,20,Sardegna,Sardegna,1639591,534610,32.61,0.25
1806,2021-04-16,SAR,14433,6485,7948,8934,5337,162,ITG,ITG2,20,Sardegna,Sardegna,1639591,549043,33.49,0.88
1807,2021-01-23,SAR,50,18,32,0,50,0,ITG,ITG2,20,Sardegna,Sardegna,1639591,549093,33.49,0.0
1808,2021-02-22,SAR,1625,941,684,1371,228,26,ITG,ITG2,20,Sardegna,Sardegna,1639591,550718,33.59,0.1
1809,2021-03-11,SAR,6377,3052,3325,5112,1197,68,ITG,ITG2,20,Sardegna,Sardegna,1639591,557095,33.98,0.39
1810,2021-02-20,SAR,2002,831,1171,1645,334,23,ITG,ITG2,20,Sardegna,Sardegna,1639591,559097,34.1,0.12
1811,2021-01-01,SAR,32,17,15,32,0,0,ITG,ITG2,20,Sardegna,Sardegna,1639591,559129,34.1,0.0
1812,2021-02-27,SAR,1867,622,1245,1271,555,41,ITG,ITG2,20,Sardegna,Sardegna,1639591,560996,34.22,0.11
1813,2021-04-13,SAR,7535,3562,3973,5654,1824,57,ITG,ITG2,20,Sardegna,Sardegna,1639591,568531,34.68,0.46
1814,2021-06-09,SAR,15462,7366,8096,11576,3738,148,ITG,ITG2,20,Sardegna,Sardegna,1639591,583993,35.62,0.94
1815,2021-01-20,SAR,210,77,133,208,2,0,ITG,ITG2,20,Sardegna,Sardegna,1639591,584203,35.63,0.01
1816,2021-01-25,SAR,591,214,377,22,569,0,ITG,ITG2,20,Sardegna,Sardegna,1639591,584794,35.67,0.04
1817,2021-05-16,SAR,8221,3831,4390,5987,2160,74,ITG,ITG2,20,Sardegna,Sardegna,1639591,593015,36.17,0.5
1818,2021-07-12,SAR,7184,3503,3681,931,6235,18,ITG,ITG2,20,Sardegna,Sardegna,1639591,600199,36.61,0.44
1819,2021-07-05,SAR,15564,7565,7999,3327,12188,49,ITG,ITG2,20,Sardegna,Sardegna,1639591,615763,37.56,0.95
1820,2021-02-05,SAR,1894,747,1147,430,1462,2,ITG,ITG2,20,Sardegna,Sardegna,1639591,617657,37.67,0.12
1821,2021-04-03,SAR,4657,1803,2854,2629,1964,64,ITG,ITG2,20,Sardegna,Sardegna,1639591,622314,37.96,0.28
1822,2021-05-30,SAR,9727,4836,4891,7300,2357,70,ITG,ITG2,20,Sardegna,Sardegna,1639591,632041,38.55,0.59
1823,2021-02-19,SAR,1473,463,1010,1374,56,43,ITG,ITG2,20,Sardegna,Sardegna,1639591,633514,38.64,0.09
1824,2021-04-25,SAR,4491,2266,2225,3668,777,46,ITG,ITG2,20,Sardegna,Sardegna,1639591,638005,38.91,0.27
1825,2021-01-15,SAR,1275,499,776,1273,0,2,ITG,ITG2,20,Sardegna,Sardegna,1639591,639280,38.99,0.08
1826,2021-02-01,SAR,1523,605,918,224,1299,0,ITG,ITG2,20,Sardegna,Sardegna,1639591,640803,39.08,0.09
1827,2021-05-09,SAR,6124,2872,3252,5111,926,87,ITG,ITG2,20,Sardegna,Sardegna,1639591,646927,39.46,0.37
1828,2021-05-26,SAR,15531,8188,7343,9702,5645,184,ITG,ITG2,20,Sardegna,Sardegna,1639591,662458,40.4,0.95
1829,2021-02-15,SAR,954,347,607,917,31,6,ITG,ITG2,20,Sardegna,Sardegna,1639591,663412,40.46,0.06
1830,2021-03-20,SAR,5174,2066,3108,2890,2258,26,ITG,ITG2,20,Sardegna,Sardegna,1639591,668586,40.78,0.32
1831,2021-06-13,SAR,9498,4674,4824,6158,3260,80,ITG,ITG2,20,Sardegna,Sardegna,1639591,678084,41.36,0.58
1832,2021-01-29,SAR,2955,1070,1885,45,2908,2,ITG,ITG2,20,Sardegna,Sardegna,1639591,681039,41.54,0.18
1833,2021-06-04,SAR,14487,6934,7553,9775,4554,158,ITG,ITG2,20,Sardegna,Sardegna,1639591,695526,42.42,0.88
1834,2021-06-21,SAR,14014,6730,7284,5122,8820,72,ITG,ITG2,20,Sardegna,Sardegna,1639591,709540,43.28,0.85
1835,2021-03-13,SAR,2740,1070,1670,2422,279,39,ITG,ITG2,20,Sardegna,Sardegna,1639591,712280,43.44,0.17
1836,2021-03-30,SAR,8708,3566,5142,6335,2235,138,ITG,ITG2,20,Sardegna,Sardegna,1639591,720988,43.97,0.53
1837,2021-01-06,SAR,1609,546,1063,1609,0,0,ITG,ITG2,20,Sardegna,Sardegna,1639591,722597,44.07,0.1
1838,2021-06-23,SAR,20534,9661,10873,6192,14251,91,ITG,ITG2,20,Sardegna,Sardegna,1639591,743131,45.32,1.25
1839,2021-05-18,SAR,14748,7375,7373,9444,5200,104,ITG,ITG2,20,Sardegna,Sardegna,1639591,757879,46.22,0.9
1840,2021-02-24,SAR,2406,1290,1116,2182,189,35,ITG,ITG2,20,Sardegna,Sardegna,1639591,760285,46.37,0.15
1841,2021-04-29,SAR,11115,5102,6013,6613,4351,151,ITG,ITG2,20,Sardegna,Sardegna,1639591,771400,47.05,0.68
1842,2021-06-25,SAR,16938,7984,8954,4017,12864,57,ITG,ITG2,20,Sardegna,Sardegna,1639591,788338,48.08,1.03
1843,2021-01-10,SAR,2167,746,1421,2167,0,0,ITG,ITG2,20,Sardegna,Sardegna,1639591,790505,48.21,0.13
1844,2021-03-27,SAR,5729,2192,3537,5220,422,87,ITG,ITG2,20,Sardegna,Sardegna,1639591,796234,48.56,0.35
1845,2021-05-23,SAR,9964,4805,5159,7624,2244,96,ITG,ITG2,20,Sardegna,Sardegna,1639591,806198,49.17,0.61
1846,2021-02-12,SAR,2216,920,1296,2152,59,5,ITG,ITG2,20,Sardegna,Sardegna,1639591,808414,49.31,0.14
1847,2021-04-10,SAR,10461,4737,5724,8447,1914,100,ITG,ITG2,20,Sardegna,Sardegna,1639591,818875,49.94,0.64
1848,2021-01-13,SAR,571,178,393,571,0,0,ITG,ITG2,20,Sardegna,Sardegna,1639591,819446,49.98,0.03
1849,2021-05-28,SAR,17950,8696,9254,13487,4275,188,ITG,ITG2,20,Sardegna,Sardegna,1639591,837396,51.07,1.09
1850,2021-02-17,SAR,1380,570,810,1250,74,56,ITG,ITG2,20,Sardegna,Sardegna,1639591,838776,51.16,0.08
1851,2021-05-25,SAR,15138,7702,7436,8487,6476,175,ITG,ITG2,20,Sardegna,Sardegna,1639591,853914,52.08,0.92
1852,2021-06-11,SAR,14777,7021,7756,9093,5533,151,ITG,ITG2,20,Sardegna,Sardegna,1639591,868691,52.98,0.9
1853,2021-03-03,SAR,4108,2274,1834,2736,1296,76,ITG,ITG2,20,Sardegna,Sardegna,1639591,872799,53.23,0.25
1854,2021-06-30,SAR,17770,8511,9259,4814,12875,81,ITG,ITG2,20,Sardegna,Sardegna,1639591,890569,54.32,1.08
1855,2021-03-22,SAR,3667,1491,2176,3094,498,75,ITG,ITG2,20,Sardegna,Sardegna,1639591,894236,54.54,0.22
1856,2021-03-08,SAR,4670,2419,2251,3412,1219,39,ITG,ITG2,20,Sardegna,Sardegna,1639591,898906,54.83,0.28
1857,2021-05-04,SAR,9536,4384,5152,7539,1852,145,ITG,ITG2,20,Sardegna,Sardegna,1639591,908442,55.41,0.58
1858,2021-01-24,SAR,90,34,56,5,85,0,ITG,ITG2,20,Sardegna,Sardegna,1639591,908532,55.41,0.01
1859,2021-03-29,SAR,4507,1755,2752,3944,486,77,ITG,ITG2,20,Sardegna,Sardegna,1639591,913039,55.69,0.27
1860,2021-04-15,SAR,11750,5490,6260,6763,4876,111,ITG,ITG2,20,Sardegna,Sardegna,1639591,924789,56.4,0.72
1861,2021-01-05,SAR,1321,443,878,1321,0,0,ITG,ITG2,20,Sardegna,Sardegna,1639591,926110,56.48,0.08
1862,2021-01-22,SAR,83,47,36,55,28,0,ITG,ITG2,20,Sardegna,Sardegna,1639591,926193,56.49,0.01
1863,2021-04-17,SAR,9984,4464,5520,5397,4509,78,ITG,ITG2,20,Sardegna,Sardegna,1639591,936177,57.1,0.61
1864,2021-01-03,SAR,90,36,54,90,0,0,ITG,ITG2,20,Sardegna,Sardegna,1639591,936267,57.1,0.01
1865,2021-07-07,SAR,15896,7724,8172,4086,11759,51,ITG,ITG2,20,Sardegna,Sardegna,1639591,952163,58.07,0.97
1866,2021-06-22,SAR,19332,8986,10346,7169,12061,102,ITG,ITG2,20,Sardegna,Sardegna,1639591,971495,59.25,1.18
1867,2021-06-18,SAR,16483,7506,8977,8602,7766,115,ITG,ITG2,20,Sardegna,Sardegna,1639591,987978,60.26,1.01
1868,2021-03-10,SAR,6019,2940,3079,5128,829,62,ITG,ITG2,20,Sardegna,Sardegna,1639591,993997,60.62,0.37
1869,2021-05-06,SAR,12940,6007,6933,9558,3145,237,ITG,ITG2,20,Sardegna,Sardegna,1639591,1006937,61.41,0.79
1870,2021-03-01,SAR,2042,962,1080,1358,658,26,ITG,ITG2,20,Sardegna,Sardegna,1639591,1008979,61.54,0.12
1871,2021-05-13,SAR,12363,5858,6505,8718,3446,199,ITG,ITG2,20,Sardegna,Sardegna,1639591,1021342,62.29,0.75
1872,2021-02-02,SAR,1498,669,829,257,1241,0,ITG,ITG2,20,Sardegna,Sardegna,1639591,1022840,62.38,0.09
1873,2021-05-15,SAR,13782,6418,7364,10188,3433,161,ITG,ITG2,20,Sardegna,Sardegna,1639591,1036622,63.22,0.84
1874,2021-07-11,SAR,6365,3112,3253,1424,4906,35,ITG,ITG2,20,Sardegna,Sardegna,1639591,1042987,63.61,0.39
1875,2021-01-26,SAR,1336,453,883,27,1309,0,ITG,ITG2,20,Sardegna,Sardegna,1639591,1044323,63.69,0.08
1876,2021-01-28,SAR,2970,1044,1926,68,2902,0,ITG,ITG2,20,Sardegna,Sardegna,1639591,1047293,63.88,0.18
1877,2021-05-27,SAR,17814,9255,8559,12072,5534,208,ITG,ITG2,20,Sardegna,Sardegna,1639591,1065107,64.96,1.09
1878,2021-02-16,SAR,699,289,410,663,27,9,ITG,ITG2,20,Sardegna,Sardegna,1639591,1065806,65.0,0.04
1879,2021-06-06,SAR,10039,5004,5035,6319,3651,69,ITG,ITG2,20,Sardegna,Sardegna,1639591,1075845,65.62,0.61
1880,2021-04-14,SAR,8214,3882,4332,6917,1237,60,ITG,ITG2,20,Sardegna,Sardegna,1639591,1084059,66.12,0.5
1881,2021-05-01,SAR,9875,4747,5128,5329,4455,91,ITG,ITG2,20,Sardegna,Sardegna,1639591,1093934,66.72,0.6
1882,2021-01-21,SAR,126,60,66,94,32,0,ITG,ITG2,20,Sardegna,Sardegna,1639591,1094060,66.73,0.01
1883,2021-02-07,SAR,1117,395,722,227,889,1,ITG,ITG2,20,Sardegna,Sardegna,1639591,1095177,66.8,0.07
1884,2021-05-03,SAR,8167,3808,4359,6470,1596,101,ITG,ITG2,20,Sardegna,Sardegna,1639591,1103344,67.29,0.5
1885,2021-05-20,SAR,16359,7879,8480,11268,4893,198,ITG,ITG2,20,Sardegna,Sardegna,1639591,1119703,68.29,1.0
1886,2021-02-09,SAR,2284,835,1449,1283,996,5,ITG,ITG2,20,Sardegna,Sardegna,1639591,1121987,68.43,0.14
1887,2021-02-26,SAR,2711,1068,1643,2357,306,48,ITG,ITG2,20,Sardegna,Sardegna,1639591,1124698,68.6,0.17
1888,2021-07-09,SAR,15873,7598,8275,3437,12357,79,ITG,ITG2,20,Sardegna,Sardegna,1639591,1140571,69.56,0.97
1889,2021-03-31,SAR,10203,4129,6074,7656,2425,122,ITG,ITG2,20,Sardegna,Sardegna,1639591,1150774,70.19,0.62
1890,2021-06-03,SAR,16399,7644,8755,10571,5688,140,ITG,ITG2,20,Sardegna,Sardegna,1639591,1167173,71.19,1.0
1891,2021-06-20,SAR,6288,2804,3484,3636,2620,32,ITG,ITG2,20,Sardegna,Sardegna,1639591,1173461,71.57,0.38
1892,2021-07-02,SAR,18921,8884,10037,4407,14418,96,ITG,ITG2,20,Sardegna,Sardegna,1639591,1192382,72.72,1.15
1893,2021-04-27,SAR,7610,3547,4063,5471,2041,98,ITG,ITG2,20,Sardegna,Sardegna,1639591,1199992,73.19,0.46
1894,2021-01-17,SAR,859,277,582,858,1,0,ITG,ITG2,20,Sardegna,Sardegna,1639591,1200851,73.24,0.05
1895,2021-03-15,SAR,2793,1316,1477,2380,373,40,ITG,ITG2,20,Sardegna,Sardegna,1639591,1203644,73.41,0.17
1896,2021-07-04,SAR,8199,3986,4213,2068,6116,15,ITG,ITG2,20,Sardegna,Sardegna,1639591,1211843,73.91,0.5
1897,2021-03-26,SAR,8422,3486,4936,6776,1526,120,ITG,ITG2,20,Sardegna,Sardegna,1639591,1220265,74.42,0.51
1898,2021-05-22,SAR,24828,11945,12883,19392,5131,305,ITG,ITG2,20,Sardegna,Sardegna,1639591,1245093,75.94,1.51
1899,2021-01-19,SAR,739,265,474,686,52,1,ITG,ITG2,20,Sardegna,Sardegna,1639591,1245832,75.98,0.05
1900,2021-03-17,SAR,6456,2808,3648,4822,1597,37,ITG,ITG2,20,Sardegna,Sardegna,1639591,1252288,76.38,0.39
1901,2021-04-08,SAR,13418,5928,7490,8199,5110,109,ITG,ITG2,20,Sardegna,Sardegna,1639591,1265706,77.2,0.82
1902,2020-12-29,SAR,55,31,24,55,0,0,ITG,ITG2,20,Sardegna,Sardegna,1639591,1265761,77.2,0.0
1903,2021-04-22,SAR,10439,4631,5808,5498,4857,84,ITG,ITG2,20,Sardegna,Sardegna,1639591,1276200,77.84,0.64
1904,2021-01-12,SAR,863,406,457,863,0,0,ITG,ITG2,20,Sardegna,Sardegna,1639591,1277063,77.89,0.05
1905,2021-05-11,SAR,8806,4087,4719,6303,2377,126,ITG,ITG2,20,Sardegna,Sardegna,1639591,1285869,78.43,0.54
1906,2021-01-31,SAR,2117,749,1368,45,2072,0,ITG,ITG2,20,Sardegna,Sardegna,1639591,1287986,78.56,0.13
1907,2021-02-14,SAR,537,263,274,535,2,0,ITG,ITG2,20,Sardegna,Sardegna,1639591,1288523,78.59,0.03
1908,2021-04-05,SAR,2031,782,1249,1999,1,31,ITG,ITG2,20,Sardegna,Sardegna,1639591,1290554,78.71,0.12
1909,2021-06-29,SAR,17879,8598,9281,3756,14075,48,ITG,ITG2,20,Sardegna,Sardegna,1639591,1308433,79.8,1.09
1910,2021-03-05,SAR,5188,2593,2595,2803,2350,35,ITG,ITG2,20,Sardegna,Sardegna,1639591,1313621,80.12,0.32
1911,2021-03-19,SAR,7259,3044,4215,4993,2213,53,ITG,ITG2,20,Sardegna,Sardegna,1639591,1320880,80.56,0.44
1912,2021-04-07,SAR,13519,6041,7478,7809,5642,68,ITG,ITG2,20,Sardegna,Sardegna,1639591,1334399,81.39,0.82
1913,2021-04-24,SAR,10315,4822,5493,7855,2333,127,ITG,ITG2,20,Sardegna,Sardegna,1639591,1344714,82.02,0.63
1914,2021-05-08,SAR,13058,5954,7104,10647,2281,130,ITG,ITG2,20,Sardegna,Sardegna,1639591,1357772,82.81,0.8
1915,2021-03-12,SAR,5963,2611,3352,4515,1304,144,ITG,ITG2,20,Sardegna,Sardegna,1639591,1363735,83.18,0.36
1916,2021-01-07,SAR,3094,1069,2025,3090,0,4,ITG,ITG2,20,Sardegna,Sardegna,1639591,1366829,83.36,0.19
1917,2021-06-10,SAR,17807,8477,9330,11647,6036,124,ITG,ITG2,20,Sardegna,Sardegna,1639591,1384636,84.45,1.09
1918,2020-12-31,SAR,27,15,12,27,0,0,ITG,ITG2,20,Sardegna,Sardegna,1639591,1384663,84.45,0.0
1919,2021-06-27,SAR,9010,4306,4704,2956,6026,28,ITG,ITG2,20,Sardegna,Sardegna,1639591,1393673,85.0,0.55
1920,2021-03-24,SAR,7384,3101,4283,5896,1356,132,ITG,ITG2,20,Sardegna,Sardegna,1639591,1401057,85.45,0.45
1921,2021-01-14,SAR,1104,425,679,1104,0,0,ITG,ITG2,20,Sardegna,Sardegna,1639591,1402161,85.52,0.07
1922,2021-05-21,SAR,22639,11204,11435,16259,6100,280,ITG,ITG2,20,Sardegna,Sardegna,1639591,1424800,86.9,1.38
1923,2021-03-18,SAR,7249,3068,4181,5571,1605,73,ITG,ITG2,20,Sardegna,Sardegna,1639591,1432049,87.34,0.44
1924,2021-05-14,SAR,14539,6860,7679,10759,3618,162,ITG,ITG2,20,Sardegna,Sardegna,1639591,1446588,88.23,0.89
1925,2021-02-03,SAR,1118,418,700,424,693,1,ITG,ITG2,20,Sardegna,Sardegna,1639591,1447706,88.3,0.07
1926,2021-07-10,SAR,14222,6877,7345,2706,11484,32,ITG,ITG2,20,Sardegna,Sardegna,1639591,1461928,89.16,0.87
1927,2021-04-01,SAR,10124,4055,6069,6983,3006,135,ITG,ITG2,20,Sardegna,Sardegna,1639591,1472052,89.78,0.62
1928,2021-02-10,SAR,1954,765,1189,1430,518,6,ITG,ITG2,20,Sardegna,Sardegna,1639591,1474006,89.9,0.12
1929,2021-04-12,SAR,6977,3172,3805,5200,1713,64,ITG,ITG2,20,Sardegna,Sardegna,1639591,1480983,90.33,0.43
1930,2021-01-02,SAR,59,21,38,59,0,0,ITG,ITG2,20,Sardegna,Sardegna,1639591,1481042,90.33,0.0
1931,2021-06-08,SAR,14828,7069,7759,11171,3504,153,ITG,ITG2,20,Sardegna,Sardegna,1639591,1495870,91.23,0.9
1932,2021-02-28,SAR,367,169,198,139,226,2,ITG,ITG2,20,Sardegna,Sardegna,1639591,1496237,91.26,0.02
1933,2021-04-26,SAR,6848,3274,3574,5857,903,88,ITG,ITG2,20,Sardegna,Sardegna,1639591,1503085,91.67,0.42
1934,2021-06-01,SAR,14341,6663,7678,9654,4590,97,ITG,ITG2,20,Sardegna,Sardegna,1639591,1517426,92.55,0.87
1935,2021-02-21,SAR,1588,709,879,1557,30,1,ITG,ITG2,20,Sardegna,Sardegna,1639591,1519014,92.65,0.1
1936,2021-04-19,SAR,10154,4606,5548,8599,1423,132,ITG,ITG2,20,Sardegna,Sardegna,1639591,1529168,93.27,0.62
1937,2021-01-09,SAR,4001,1412,2589,4001,0,0,ITG,ITG2,20,Sardegna,Sardegna,1639591,1533169,93.51,0.24
1938,2021-06-15,SAR,14683,6802,7881,9815,4735,133,ITG,ITG2,20,Sardegna,Sardegna,1639591,1547852,94.4,0.9
1939,2021-03-07,SAR,1631,725,906,1088,539,4,ITG,ITG2,20,Sardegna,Sardegna,1639591,1549483,94.5,0.1
1940,2021-01-23,PAT,577,334,243,387,189,1,ITH,ITH2,4,Provincia Autonoma Trento,P.A. Trento,541380,577,0.11,0.11
1941,2021-05-03,PAT,4260,2197,2063,3807,154,299,ITH,ITH2,4,Provincia Autonoma Trento,P.A. Trento,541380,4837,0.89,0.79
1942,2021-07-01,PAT,6919,3599,3320,3424,3321,174,ITH,ITH2,4,Provincia Autonoma Trento,P.A. Trento,541380,11756,2.17,1.28
1943,2021-05-05,PAT,4989,2580,2409,4382,297,310,ITH,ITH2,4,Provincia Autonoma Trento,P.A. Trento,541380,16745,3.09,0.92
1944,2021-01-16,PAT,319,148,171,319,0,0,ITH,ITH2,4,Provincia Autonoma Trento,P.A. Trento,541380,17064,3.15,0.06
1945,2021-03-26,PAT,3231,1257,1974,2480,610,141,ITH,ITH2,4,Provincia Autonoma Trento,P.A. Trento,541380,20295,3.75,0.6
1946,2021-06-19,PAT,3098,1696,1402,224,2842,32,ITH,ITH2,4,Provincia Autonoma Trento,P.A. Trento,541380,23393,4.32,0.57
1947,2021-04-21,PAT,2910,1359,1551,2710,50,150,ITH,ITH2,4,Provincia Autonoma Trento,P.A. Trento,541380,26303,4.86,0.54
1948,2021-01-28,PAT,530,147,383,48,482,0,ITH,ITH2,4,Provincia Autonoma Trento,P.A. Trento,541380,26833,4.96,0.1
1949,2021-01-11,PAT,732,223,509,732,0,0,ITH,ITH2,4,Provincia Autonoma Trento,P.A. Trento,541380,27565,5.09,0.14
1950,2021-02-16,PAT,666,246,420,650,5,11,ITH,ITH2,4,Provincia Autonoma Trento,P.A. Trento,541380,28231,5.21,0.12
1951,2021-04-23,PAT,3638,1770,1868,3405,54,179,ITH,ITH2,4,Provincia Autonoma Trento,P.A. Trento,541380,31869,5.89,0.67
1952,2021-01-30,PAT,386,132,254,152,234,0,ITH,ITH2,4,Provincia Autonoma Trento,P.A. Trento,541380,32255,5.96,0.07
1953,2021-03-09,PAT,1585,591,994,908,646,31,ITH,ITH2,4,Provincia Autonoma Trento,P.A. Trento,541380,33840,6.25,0.29
1954,2021-06-17,PAT,6601,3461,3140,1959,4479,163,ITH,ITH2,4,Provincia Autonoma Trento,P.A. Trento,541380,40441,7.47,1.22
1955,2021-03-14,PAT,108,65,43,19,87,2,ITH,ITH2,4,Provincia Autonoma Trento,P.A. Trento,541380,40549,7.49,0.02
1956,2021-04-09,PAT,2740,1162,1578,1473,1200,67,ITH,ITH2,4,Provincia Autonoma Trento,P.A. Trento,541380,43289,8.0,0.51
1957,2021-02-11,PAT,1135,365,770,795,339,1,ITH,ITH2,4,Provincia Autonoma Trento,P.A. Trento,541380,44424,8.21,0.21
1958,2021-02-25,PAT,1641,643,998,1190,441,10,ITH,ITH2,4,Provincia Autonoma Trento,P.A. Trento,541380,46065,8.51,0.3
1959,2020-12-30,PAT,7,3,4,7,0,0,ITH,ITH2,4,Provincia Autonoma Trento,P.A. Trento,541380,46072,8.51,0.0
1960,2021-06-05,PAT,4081,1915,2166,674,3331,76,ITH,ITH2,4,Provincia Autonoma Trento,P.A. Trento,541380,50153,9.26,0.75
1961,2021-05-22,PAT,3258,1598,1660,832,2333,93,ITH,ITH2,4,Provincia Autonoma Trento,P.A. Trento,541380,53411,9.87,0.6
1962,2021-05-31,PAT,4722,2174,2548,1565,3045,112,ITH,ITH2,4,Provincia Autonoma Trento,P.A. Trento,541380,58133,10.74,0.87
1963,2021-02-06,PAT,575,299,276,434,141,0,ITH,ITH2,4,Provincia Autonoma Trento,P.A. Trento,541380,58708,10.84,0.11
1964,2021-02-23,PAT,1112,395,717,878,213,21,ITH,ITH2,4,Provincia Autonoma Trento,P.A. Trento,541380,59820,11.05,0.21
1965,2021-05-17,PAT,4294,2122,2172,3710,351,233,ITH,ITH2,4,Provincia Autonoma Trento,P.A. Trento,541380,64114,11.84,0.79
1966,2021-04-14,PAT,3119,1465,1654,2231,737,151,ITH,ITH2,4,Provincia Autonoma Trento,P.A. Trento,541380,67233,12.42,0.58
1967,2021-03-28,PAT,753,294,459,705,2,46,ITH,ITH2,4,Provincia Autonoma Trento,P.A. Trento,541380,67986,12.56,0.14
1968,2021-06-29,PAT,6219,3133,3086,2645,3504,70,ITH,ITH2,4,Provincia Autonoma Trento,P.A. Trento,541380,74205,13.71,1.15
1969,2021-06-12,PAT,5359,2688,2671,424,4887,48,ITH,ITH2,4,Provincia Autonoma Trento,P.A. Trento,541380,79564,14.7,0.99
1970,2021-03-21,PAT,129,69,60,125,0,4,ITH,ITH2,4,Provincia Autonoma Trento,P.A. Trento,541380,79693,14.72,0.02
1971,2021-05-24,PAT,4385,2014,2371,1248,3023,114,ITH,ITH2,4,Provincia Autonoma Trento,P.A. Trento,541380,84078,15.53,0.81
1972,2021-03-02,PAT,1307,440,867,902,376,29,ITH,ITH2,4,Provincia Autonoma Trento,P.A. Trento,541380,85385,15.77,0.24
1973,2021-06-10,PAT,6128,2979,3149,1787,4212,129,ITH,ITH2,4,Provincia Autonoma Trento,P.A. Trento,541380,91513,16.9,1.13
1974,2021-04-28,PAT,4251,1977,2274,3869,138,244,ITH,ITH2,4,Provincia Autonoma Trento,P.A. Trento,541380,95764,17.69,0.79
1975,2021-04-01,PAT,2905,1231,1674,1720,1094,91,ITH,ITH2,4,Provincia Autonoma Trento,P.A. Trento,541380,98669,18.23,0.54
1976,2021-07-10,PAT,1006,521,485,134,848,24,ITH,ITH2,4,Provincia Autonoma Trento,P.A. Trento,541380,99675,18.41,0.19
1977,2021-03-23,PAT,2448,944,1504,1609,740,99,ITH,ITH2,4,Provincia Autonoma Trento,P.A. Trento,541380,102123,18.86,0.45
1978,2021-03-07,PAT,22,6,16,22,0,0,ITH,ITH2,4,Provincia Autonoma Trento,P.A. Trento,541380,102145,18.87,0.0
1979,2021-01-09,PAT,190,40,150,190,0,0,ITH,ITH2,4,Provincia Autonoma Trento,P.A. Trento,541380,102335,18.9,0.04
1980,2021-06-24,PAT,5922,3103,2819,3549,2185,188,ITH,ITH2,4,Provincia Autonoma Trento,P.A. Trento,541380,108257,20.0,1.09
1981,2021-05-12,PAT,3305,1494,1811,1952,1188,165,ITH,ITH2,4,Provincia Autonoma Trento,P.A. Trento,541380,111562,20.61,0.61
1982,2021-03-16,PAT,1391,506,885,577,783,31,ITH,ITH2,4,Provincia Autonoma Trento,P.A. Trento,541380,112953,20.86,0.26
1983,2021-05-14,PAT,5321,2543,2778,3638,1387,296,ITH,ITH2,4,Provincia Autonoma Trento,P.A. Trento,541380,118274,21.85,0.98
1984,2021-02-08,PAT,1153,319,834,342,811,0,ITH,ITH2,4,Provincia Autonoma Trento,P.A. Trento,541380,119427,22.06,0.21
1985,2021-07-08,PAT,3930,2097,1833,2338,1432,160,ITH,ITH2,4,Provincia Autonoma Trento,P.A. Trento,541380,123357,22.79,0.73
1986,2021-02-04,PAT,976,304,672,421,554,1,ITH,ITH2,4,Provincia Autonoma Trento,P.A. Trento,541380,124333,22.97,0.18
1987,2021-04-13,PAT,2556,1059,1497,1970,507,79,ITH,ITH2,4,Provincia Autonoma Trento,P.A. Trento,541380,126889,23.44,0.47
1988,2021-01-20,PAT,292,73,219,280,12,0,ITH,ITH2,4,Provincia Autonoma Trento,P.A. Trento,541380,127181,23.49,0.05
1989,2021-04-30,PAT,4931,2405,2526,4410,152,369,ITH,ITH2,4,Provincia Autonoma Trento,P.A. Trento,541380,132112,24.4,0.91
1990,2021-05-19,PAT,5103,2459,2644,3599,1256,248,ITH,ITH2,4,Provincia Autonoma Trento,P.A. Trento,541380,137215,25.35,0.94
1991,2021-05-10,PAT,3212,1646,1566,2498,505,209,ITH,ITH2,4,Provincia Autonoma Trento,P.A. Trento,541380,140427,25.94,0.59
1992,2021-03-18,PAT,2320,957,1363,1216,1080,24,ITH,ITH2,4,Provincia Autonoma Trento,P.A. Trento,541380,142747,26.37,0.43
1993,2021-06-09,PAT,6238,3078,3160,2085,4074,79,ITH,ITH2,4,Provincia Autonoma Trento,P.A. Trento,541380,148985,27.52,1.15
1994,2021-06-26,PAT,1390,726,664,660,712,18,ITH,ITH2,4,Provincia Autonoma Trento,P.A. Trento,541380,150375,27.78,0.26
1995,2021-05-29,PAT,2236,1167,1069,755,1397,84,ITH,ITH2,4,Provincia Autonoma Trento,P.A. Trento,541380,152611,28.19,0.41
1996,2021-04-02,PAT,2845,1157,1688,2009,675,161,ITH,ITH2,4,Provincia Autonoma Trento,P.A. Trento,541380,155456,28.71,0.53
1997,2021-04-16,PAT,2866,1360,1506,2566,145,155,ITH,ITH2,4,Provincia Autonoma Trento,P.A. Trento,541380,158322,29.24,0.53
1998,2021-02-18,PAT,1211,429,782,1136,63,12,ITH,ITH2,4,Provincia Autonoma Trento,P.A. Trento,541380,159533,29.47,0.22
1999,2021-02-20,PAT,407,245,162,122,284,1,ITH,ITH2,4,Provincia Autonoma Trento,P.A. Trento,541380,159940,29.54,0.08
2000,2021-01-08,PAT,1451,314,1137,1450,0,1,ITH,ITH2,4,Provincia Autonoma Trento,P.A. Trento,541380,161391,29.81,0.27
2001,2021-06-14,PAT,5741,2968,2773,2001,3625,115,ITH,ITH2,4,Provincia Autonoma Trento,P.A. Trento,541380,167132,30.87,1.06
2002,2021-04-18,PAT,1855,845,1010,1788,9,58,ITH,ITH2,4,Provincia Autonoma Trento,P.A. Trento,541380,168987,31.21,0.34
2003,2021-01-04,PAT,872,229,643,870,0,2,ITH,ITH2,4,Provincia Autonoma Trento,P.A. Trento,541380,169859,31.38,0.16
2004,2021-07-06,PAT,4997,2630,2367,2908,1907,182,ITH,ITH2,4,Provincia Autonoma Trento,P.A. Trento,541380,174856,32.3,0.92
2005,2021-01-18,PAT,644,154,490,589,55,0,ITH,ITH2,4,Provincia Autonoma Trento,P.A. Trento,541380,175500,32.42,0.12
2006,2021-03-04,PAT,2362,794,1568,1542,779,41,ITH,ITH2,4,Provincia Autonoma Trento,P.A. Trento,541380,177862,32.85,0.44
2007,2021-05-28,PAT,3721,1736,1985,1359,2228,134,ITH,ITH2,4,Provincia Autonoma Trento,P.A. Trento,541380,181583,33.54,0.69
2008,2021-01-25,PAT,818,215,603,24,794,0,ITH,ITH2,4,Provincia Autonoma Trento,P.A. Trento,541380,182401,33.69,0.15
2009,2021-03-25,PAT,2875,1105,1770,1720,1049,106,ITH,ITH2,4,Provincia Autonoma Trento,P.A. Trento,541380,185276,34.22,0.53
2010,2021-07-03,PAT,1255,669,586,79,1170,6,ITH,ITH2,4,Provincia Autonoma Trento,P.A. Trento,541380,186531,34.45,0.23
2011,2021-03-30,PAT,2388,973,1415,1652,637,99,ITH,ITH2,4,Provincia Autonoma Trento,P.A. Trento,541380,188919,34.9,0.44
2012,2021-05-21,PAT,5055,2422,2633,3078,1711,266,ITH,ITH2,4,Provincia Autonoma Trento,P.A. Trento,541380,193974,35.83,0.93
2013,2021-02-01,PAT,1224,338,886,92,1132,0,ITH,ITH2,4,Provincia Autonoma Trento,P.A. Trento,541380,195198,36.06,0.23
2014,2021-06-28,PAT,6745,3482,3263,2891,3799,55,ITH,ITH2,4,Provincia Autonoma Trento,P.A. Trento,541380,201943,37.3,1.25
2015,2021-04-06,PAT,2261,950,1311,1439,765,57,ITH,ITH2,4,Provincia Autonoma Trento,P.A. Trento,541380,204204,37.72,0.42
2016,2021-01-13,PAT,421,123,298,421,0,0,ITH,ITH2,4,Provincia Autonoma Trento,P.A. Trento,541380,204625,37.8,0.08
2017,2021-01-06,PAT,42,13,29,42,0,0,ITH,ITH2,4,Provincia Autonoma Trento,P.A. Trento,541380,204667,37.8,0.01
2018,2021-06-16,PAT,6214,3348,2866,1928,4166,120,ITH,ITH2,4,Provincia Autonoma Trento,P.A. Trento,541380,210881,38.95,1.15
2019,2021-03-15,PAT,1411,545,866,893,464,54,ITH,ITH2,4,Provincia Autonoma Trento,P.A. Trento,541380,212292,39.21,0.26
2020,2021-01-17,PAT,251,195,56,251,0,0,ITH,ITH2,4,Provincia Autonoma Trento,P.A. Trento,541380,212543,39.26,0.05
2021,2021-06-23,PAT,6513,3450,3063,4446,1870,197,ITH,ITH2,4,Provincia Autonoma Trento,P.A. Trento,541380,219056,40.46,1.2
2022,2021-05-11,PAT,3702,1751,1951,2612,851,239,ITH,ITH2,4,Provincia Autonoma Trento,P.A. Trento,541380,222758,41.15,0.68
2023,2021-04-27,PAT,3915,1882,2033,3569,69,277,ITH,ITH2,4,Provincia Autonoma Trento,P.A. Trento,541380,226673,41.87,0.72
2024,2021-06-02,PAT,2838,1359,1479,877,1894,67,ITH,ITH2,4,Provincia Autonoma Trento,P.A. Trento,541380,229511,42.39,0.52
2025,2021-03-11,PAT,2300,853,1447,1431,826,43,ITH,ITH2,4,Provincia Autonoma Trento,P.A. Trento,541380,231811,42.82,0.42
2026,2021-07-07,PAT,4301,2302,1999,2729,1375,197,ITH,ITH2,4,Provincia Autonoma Trento,P.A. Trento,541380,236112,43.61,0.79
2027,2021-01-03,PAT,493,160,333,493,0,0,ITH,ITH2,4,Provincia Autonoma Trento,P.A. Trento,541380,236605,43.7,0.09
2028,2021-02-22,PAT,747,259,488,657,84,6,ITH,ITH2,4,Provincia Autonoma Trento,P.A. Trento,541380,237352,43.84,0.14
2029,2021-01-27,PAT,810,280,530,92,716,2,ITH,ITH2,4,Provincia Autonoma Trento,P.A. Trento,541380,238162,43.99,0.15
2030,2021-02-13,PAT,537,333,204,172,365,0,ITH,ITH2,4,Provincia Autonoma Trento,P.A. Trento,541380,238699,44.09,0.1
2031,2021-05-07,PAT,5999,3086,2913,4797,841,361,ITH,ITH2,4,Provincia Autonoma Trento,P.A. Trento,541380,244698,45.2,1.11
2032,2021-04-20,PAT,2879,1377,1502,2670,36,173,ITH,ITH2,4,Provincia Autonoma Trento,P.A. Trento,541380,247577,45.73,0.53
2033,2021-05-09,PAT,2324,1210,1114,1850,344,130,ITH,ITH2,4,Provincia Autonoma Trento,P.A. Trento,541380,249901,46.16,0.43
2034,2021-02-15,PAT,534,188,346,418,114,2,ITH,ITH2,4,Provincia Autonoma Trento,P.A. Trento,541380,250435,46.26,0.1
2035,2021-05-26,PAT,3918,1843,2075,1106,2692,120,ITH,ITH2,4,Provincia Autonoma Trento,P.A. Trento,541380,254353,46.98,0.72
2036,2021-06-06,PAT,2229,1061,1168,423,1784,22,ITH,ITH2,4,Provincia Autonoma Trento,P.A. Trento,541380,256582,47.39,0.41
2037,2021-07-12,PAT,1465,744,721,691,702,72,ITH,ITH2,4,Provincia Autonoma Trento,P.A. Trento,541380,258047,47.66,0.27
2038,2021-02-17,PAT,1113,425,688,1017,91,5,ITH,ITH2,4,Provincia Autonoma Trento,P.A. Trento,541380,259160,47.87,0.21
2039,2021-05-30,PAT,1770,872,898,862,840,68,ITH,ITH2,4,Provincia Autonoma Trento,P.A. Trento,541380,260930,48.2,0.33
2040,2021-05-04,PAT,4511,2448,2063,4124,94,293,ITH,ITH2,4,Provincia Autonoma Trento,P.A. Trento,541380,265441,49.03,0.83
2041,2021-03-08,PAT,1411,434,977,1028,354,29,ITH,ITH2,4,Provincia Autonoma Trento,P.A. Trento,541380,266852,49.29,0.26
2042,2021-03-22,PAT,2306,973,1333,1375,875,56,ITH,ITH2,4,Provincia Autonoma Trento,P.A. Trento,541380,269158,49.72,0.43
2043,2021-01-24,PAT,548,276,272,224,324,0,ITH,ITH2,4,Provincia Autonoma Trento,P.A. Trento,541380,269706,49.82,0.1
2044,2021-06-30,PAT,6661,3426,3235,2582,4000,79,ITH,ITH2,4,Provincia Autonoma Trento,P.A. Trento,541380,276367,51.05,1.23
2045,2021-05-02,PAT,3514,1955,1559,3266,37,211,ITH,ITH2,4,Provincia Autonoma Trento,P.A. Trento,541380,279881,51.7,0.65
2046,2021-03-13,PAT,835,384,451,719,48,68,ITH,ITH2,4,Provincia Autonoma Trento,P.A. Trento,541380,280716,51.85,0.15
2047,2021-07-05,PAT,5230,2741,2489,3617,1375,238,ITH,ITH2,4,Provincia Autonoma Trento,P.A. Trento,541380,285946,52.82,0.97
2048,2021-06-21,PAT,6131,3309,2822,3553,2398,180,ITH,ITH2,4,Provincia Autonoma Trento,P.A. Trento,541380,292077,53.95,1.13
2049,2021-04-29,PAT,4650,2245,2405,4136,214,300,ITH,ITH2,4,Provincia Autonoma Trento,P.A. Trento,541380,296727,54.81,0.86
2050,2021-01-22,PAT,1673,435,1238,330,1342,1,ITH,ITH2,4,Provincia Autonoma Trento,P.A. Trento,541380,298400,55.12,0.31
2051,2021-02-05,PAT,805,272,533,283,522,0,ITH,ITH2,4,Provincia Autonoma Trento,P.A. Trento,541380,299205,55.27,0.15
2052,2021-05-16,PAT,1331,736,595,1026,239,66,ITH,ITH2,4,Provincia Autonoma Trento,P.A. Trento,541380,300536,55.51,0.25
2053,2021-01-05,PAT,711,233,478,711,0,0,ITH,ITH2,4,Provincia Autonoma Trento,P.A. Trento,541380,301247,55.64,0.13
2054,2021-04-15,PAT,3202,1443,1759,2810,154,238,ITH,ITH2,4,Provincia Autonoma Trento,P.A. Trento,541380,304449,56.24,0.59
2055,2021-02-03,PAT,847,315,532,414,433,0,ITH,ITH2,4,Provincia Autonoma Trento,P.A. Trento,541380,305296,56.39,0.16
2056,2021-05-23,PAT,1956,994,962,420,1508,28,ITH,ITH2,4,Provincia Autonoma Trento,P.A. Trento,541380,307252,56.75,0.36
2057,2021-04-10,PAT,2823,1321,1502,1949,795,79,ITH,ITH2,4,Provincia Autonoma Trento,P.A. Trento,541380,310075,57.27,0.52
2058,2021-02-12,PAT,1013,341,672,588,423,2,ITH,ITH2,4,Provincia Autonoma Trento,P.A. Trento,541380,311088,57.46,0.19
2059,2021-03-01,PAT,1237,454,783,918,295,24,ITH,ITH2,4,Provincia Autonoma Trento,P.A. Trento,541380,312325,57.69,0.23
2060,2021-03-20,PAT,874,403,471,658,203,13,ITH,ITH2,4,Provincia Autonoma Trento,P.A. Trento,541380,313199,57.85,0.16
2061,2021-03-03,PAT,1659,622,1037,1107,518,34,ITH,ITH2,4,Provincia Autonoma Trento,P.A. Trento,541380,314858,58.16,0.31
2062,2021-06-11,PAT,7196,3426,3770,1473,5621,102,ITH,ITH2,4,Provincia Autonoma Trento,P.A. Trento,541380,322054,59.49,1.33
2063,2021-06-13,PAT,3686,2033,1653,272,3391,23,ITH,ITH2,4,Provincia Autonoma Trento,P.A. Trento,541380,325740,60.17,0.68
2064,2020-12-27,PAT,103,40,63,103,0,0,ITH,ITH2,4,Provincia Autonoma Trento,P.A. Trento,541380,325843,60.19,0.02
2065,2021-02-10,PAT,854,291,563,511,342,1,ITH,ITH2,4,Provincia Autonoma Trento,P.A. Trento,541380,326697,60.35,0.16
2066,2021-04-08,PAT,3141,1316,1825,1930,1119,92,ITH,ITH2,4,Provincia Autonoma Trento,P.A. Trento,541380,329838,60.93,0.58
2067,2020-12-31,PAT,1626,449,1177,1626,0,0,ITH,ITH2,4,Provincia Autonoma Trento,P.A. Trento,541380,331464,61.23,0.3
2068,2021-06-22,PAT,6187,3379,2808,3466,2537,184,ITH,ITH2,4,Provincia Autonoma Trento,P.A. Trento,541380,337651,62.37,1.14
2069,2021-03-05,PAT,2248,704,1544,1590,566,92,ITH,ITH2,4,Provincia Autonoma Trento,P.A. Trento,541380,339899,62.78,0.42
2070,2021-01-07,PAT,1272,310,962,1269,0,3,ITH,ITH2,4,Provincia Autonoma Trento,P.A. Trento,541380,341171,63.02,0.23
2071,2021-04-17,PAT,2232,1139,1093,2072,57,103,ITH,ITH2,4,Provincia Autonoma Trento,P.A. Trento,541380,343403,63.43,0.41
2072,2021-04-19,PAT,2625,1235,1390,2420,22,183,ITH,ITH2,4,Provincia Autonoma Trento,P.A. Trento,541380,346028,63.92,0.48
2073,2021-06-15,PAT,6241,3284,2957,1589,4518,134,ITH,ITH2,4,Provincia Autonoma Trento,P.A. Trento,541380,352269,65.07,1.15
2074,2021-05-18,PAT,4253,2010,2243,3129,846,278,ITH,ITH2,4,Provincia Autonoma Trento,P.A. Trento,541380,356522,65.85,0.79
2075,2021-03-12,PAT,2518,940,1578,1641,806,71,ITH,ITH2,4,Provincia Autonoma Trento,P.A. Trento,541380,359040,66.32,0.47
2076,2021-06-20,PAT,1869,1034,835,27,1837,5,ITH,ITH2,4,Provincia Autonoma Trento,P.A. Trento,541380,360909,66.66,0.35
2077,2021-01-02,PAT,502,143,359,502,0,0,ITH,ITH2,4,Provincia Autonoma Trento,P.A. Trento,541380,361411,66.76,0.09
2078,2021-01-10,PAT,85,20,65,85,0,0,ITH,ITH2,4,Provincia Autonoma Trento,P.A. Trento,541380,361496,66.77,0.02
2079,2021-01-29,PAT,1358,334,1024,55,1303,0,ITH,ITH2,4,Provincia Autonoma Trento,P.A. Trento,541380,362854,67.02,0.25
2080,2021-04-22,PAT,3152,1470,1682,2933,45,174,ITH,ITH2,4,Provincia Autonoma Trento,P.A. Trento,541380,366006,67.61,0.58
2081,2021-04-07,PAT,2622,1017,1605,1565,942,115,ITH,ITH2,4,Provincia Autonoma Trento,P.A. Trento,541380,368628,68.09,0.48
2082,2021-06-27,PAT,1303,698,605,359,940,4,ITH,ITH2,4,Provincia Autonoma Trento,P.A. Trento,541380,369931,68.33,0.24
2083,2021-01-12,PAT,507,158,349,506,0,1,ITH,ITH2,4,Provincia Autonoma Trento,P.A. Trento,541380,370438,68.42,0.09
2084,2021-03-19,PAT,2423,915,1508,1493,852,78,ITH,ITH2,4,Provincia Autonoma Trento,P.A. Trento,541380,372861,68.87,0.45
2085,2021-05-25,PAT,4770,2269,2501,1721,2902,147,ITH,ITH2,4,Provincia Autonoma Trento,P.A. Trento,541380,377631,69.75,0.88
2086,2021-05-08,PAT,3162,1726,1436,2548,422,192,ITH,ITH2,4,Provincia Autonoma Trento,P.A. Trento,541380,380793,70.34,0.58
2087,2021-02-14,PAT,246,186,60,11,235,0,ITH,ITH2,4,Provincia Autonoma Trento,P.A. Trento,541380,381039,70.38,0.05
2088,2021-05-27,PAT,4294,1991,2303,1123,3042,129,ITH,ITH2,4,Provincia Autonoma Trento,P.A. Trento,541380,385333,71.18,0.79
2089,2021-04-03,PAT,1142,471,671,905,170,67,ITH,ITH2,4,Provincia Autonoma Trento,P.A. Trento,541380,386475,71.39,0.21
2090,2021-04-24,PAT,3549,1701,1848,3335,15,199,ITH,ITH2,4,Provincia Autonoma Trento,P.A. Trento,541380,390024,72.04,0.66
2091,2021-02-26,PAT,1218,435,783,900,295,23,ITH,ITH2,4,Provincia Autonoma Trento,P.A. Trento,541380,391242,72.27,0.22
2092,2021-01-14,PAT,701,203,498,699,0,2,ITH,ITH2,4,Provincia Autonoma Trento,P.A. Trento,541380,391943,72.4,0.13
2093,2021-06-18,PAT,6935,3691,3244,1724,5118,93,ITH,ITH2,4,Provincia Autonoma Trento,P.A. Trento,541380,398878,73.68,1.28
2094,2021-03-27,PAT,1620,710,910,1289,257,74,ITH,ITH2,4,Provincia Autonoma Trento,P.A. Trento,541380,400498,73.98,0.3
2095,2021-06-04,PAT,5828,2606,3222,1707,3994,127,ITH,ITH2,4,Provincia Autonoma Trento,P.A. Trento,541380,406326,75.05,1.08
2096,2021-02-24,PAT,1325,525,800,905,399,21,ITH,ITH2,4,Provincia Autonoma Trento,P.A. Trento,541380,407651,75.3,0.24
2097,2021-06-03,PAT,4767,2235,2532,1203,3465,99,ITH,ITH2,4,Provincia Autonoma Trento,P.A. Trento,541380,412418,76.18,0.88
2098,2021-01-19,PAT,407,77,330,407,0,0,ITH,ITH2,4,Provincia Autonoma Trento,P.A. Trento,541380,412825,76.25,0.08
2099,2021-03-10,PAT,2405,929,1476,1426,922,57,ITH,ITH2,4,Provincia Autonoma Trento,P.A. Trento,541380,415230,76.7,0.44
2100,2021-03-29,PAT,2494,967,1527,1640,735,119,ITH,ITH2,4,Provincia Autonoma Trento,P.A. Trento,541380,417724,77.16,0.46
2101,2021-04-12,PAT,3085,1408,1677,2468,496,121,ITH,ITH2,4,Provincia Autonoma Trento,P.A. Trento,541380,420809,77.73,0.57
2102,2021-01-21,PAT,353,95,258,229,124,0,ITH,ITH2,4,Provincia Autonoma Trento,P.A. Trento,541380,421162,77.79,0.07
2103,2021-05-01,PAT,4851,2470,2381,4531,36,284,ITH,ITH2,4,Provincia Autonoma Trento,P.A. Trento,541380,426013,78.69,0.9
2104,2021-02-21,PAT,155,92,63,43,112,0,ITH,ITH2,4,Provincia Autonoma Trento,P.A. Trento,541380,426168,78.72,0.03
2105,2021-05-15,PAT,1569,815,754,638,890,41,ITH,ITH2,4,Provincia Autonoma Trento,P.A. Trento,541380,427737,79.01,0.29
2106,2021-04-05,PAT,35,17,18,30,2,3,ITH,ITH2,4,Provincia Autonoma Trento,P.A. Trento,541380,427772,79.02,0.01
2107,2021-01-31,PAT,76,16,60,1,75,0,ITH,ITH2,4,Provincia Autonoma Trento,P.A. Trento,541380,427848,79.03,0.01
2108,2021-07-04,PAT,211,119,92,61,148,2,ITH,ITH2,4,Provincia Autonoma Trento,P.A. Trento,541380,428059,79.07,0.04
2109,2021-07-11,PAT,997,549,448,119,870,8,ITH,ITH2,4,Provincia Autonoma Trento,P.A. Trento,541380,429056,79.25,0.18
2110,2021-02-28,PAT,242,121,121,232,0,10,ITH,ITH2,4,Provincia Autonoma Trento,P.A. Trento,541380,429298,79.3,0.04
2111,2021-06-08,PAT,5919,2863,3056,1751,4049,119,ITH,ITH2,4,Provincia Autonoma Trento,P.A. Trento,541380,435217,80.39,1.09
2112,2021-04-26,PAT,2659,1254,1405,2399,95,165,ITH,ITH2,4,Provincia Autonoma Trento,P.A. Trento,541380,437876,80.88,0.49
2113,2021-02-19,PAT,929,359,570,838,59,32,ITH,ITH2,4,Provincia Autonoma Trento,P.A. Trento,541380,438805,81.05,0.17
2114,2021-06-01,PAT,4014,1876,2138,1049,2857,108,ITH,ITH2,4,Provincia Autonoma Trento,P.A. Trento,541380,442819,81.79,0.74
2115,2021-03-06,PAT,786,277,509,595,151,40,ITH,ITH2,4,Provincia Autonoma Trento,P.A. Trento,541380,443605,81.94,0.15
2116,2021-04-11,PAT,2340,1135,1205,2161,91,88,ITH,ITH2,4,Provincia Autonoma Trento,P.A. Trento,541380,445945,82.37,0.43
2117,2021-02-27,PAT,1031,458,573,590,422,19,ITH,ITH2,4,Provincia Autonoma Trento,P.A. Trento,541380,446976,82.56,0.19
2118,2021-01-01,PAT,214,50,164,214,0,0,ITH,ITH2,4,Provincia Autonoma Trento,P.A. Trento,541380,447190,82.6,0.04
2119,2021-06-07,PAT,5789,2880,2909,2630,2983,176,ITH,ITH2,4,Provincia Autonoma Trento,P.A. Trento,541380,452979,83.67,1.07
2120,2021-04-25,PAT,1971,940,1031,1850,7,114,ITH,ITH2,4,Provincia Autonoma Trento,P.A. Trento,541380,454950,84.04,0.36
2121,2021-06-25,PAT,7480,4008,3472,4028,3371,81,ITH,ITH2,4,Provincia Autonoma Trento,P.A. Trento,541380,462430,85.42,1.38
2122,2021-07-02,PAT,7163,3894,3269,3385,3557,221,ITH,ITH2,4,Provincia Autonoma Trento,P.A. Trento,541380,469593,86.74,1.32
2123,2021-01-15,PAT,597,132,465,596,0,1,ITH,ITH2,4,Provincia Autonoma Trento,P.A. Trento,541380,470190,86.85,0.11
2124,2021-05-20,PAT,5015,2358,2657,3103,1636,276,ITH,ITH2,4,Provincia Autonoma Trento,P.A. Trento,541380,475205,87.78,0.93
2125,2021-03-24,PAT,2377,940,1437,1444,820,113,ITH,ITH2,4,Provincia Autonoma Trento,P.A. Trento,541380,477582,88.22,0.44
2126,2021-02-09,PAT,918,287,631,442,475,1,ITH,ITH2,4,Provincia Autonoma Trento,P.A. Trento,541380,478500,88.39,0.17
2127,2021-03-17,PAT,2071,792,1279,1120,871,80,ITH,ITH2,4,Provincia Autonoma Trento,P.A. Trento,541380,480571,88.77,0.38
2128,2021-02-02,PAT,910,240,670,191,719,0,ITH,ITH2,4,Provincia Autonoma Trento,P.A. Trento,541380,481481,88.94,0.17
2129,2021-07-09,PAT,4797,2550,2247,2806,1786,205,ITH,ITH2,4,Provincia Autonoma Trento,P.A. Trento,541380,486278,89.82,0.89
2130,2021-05-13,PAT,3407,1580,1827,2087,1102,218,ITH,ITH2,4,Provincia Autonoma Trento,P.A. Trento,541380,489685,90.45,0.63
2131,2021-03-31,PAT,2586,983,1603,1632,858,96,ITH,ITH2,4,Provincia Autonoma Trento,P.A. Trento,541380,492271,90.93,0.48
2132,2021-01-26,PAT,543,154,389,27,516,0,ITH,ITH2,4,Provincia Autonoma Trento,P.A. Trento,541380,492814,91.03,0.1
2133,2021-05-06,PAT,5532,2740,2792,4383,781,368,ITH,ITH2,4,Provincia Autonoma Trento,P.A. Trento,541380,498346,92.05,1.02
2134,2021-01-30,SIC,7694,3535,4159,166,7526,2,ITG,ITG1,19,Sicilia,Sicilia,4999891,7694,0.15,0.15
2135,2021-03-28,SIC,10980,5147,5833,6909,4011,60,ITG,ITG1,19,Sicilia,Sicilia,4999891,18674,0.37,0.22
2136,2021-04-04,SIC,6805,3322,3483,5451,1292,62,ITG,ITG1,19,Sicilia,Sicilia,4999891,25479,0.51,0.14
2137,2021-06-24,SIC,42259,19619,22640,17569,24337,353,ITG,ITG1,19,Sicilia,Sicilia,4999891,67738,1.35,0.85
2138,2021-06-07,SIC,49678,23409,26269,41114,8034,530,ITG,ITG1,19,Sicilia,Sicilia,4999891,117416,2.35,0.99
2139,2021-01-25,SIC,7423,3674,3749,284,7132,7,ITG,ITG1,19,Sicilia,Sicilia,4999891,124839,2.5,0.15
2140,2021-05-05,SIC,26296,12187,14109,16245,9627,424,ITG,ITG1,19,Sicilia,Sicilia,4999891,151135,3.02,0.53
2141,2021-05-19,SIC,42856,20760,22096,28188,14302,366,ITG,ITG1,19,Sicilia,Sicilia,4999891,193991,3.88,0.86
2142,2021-04-11,SIC,15368,7591,7777,8234,7031,103,ITG,ITG1,19,Sicilia,Sicilia,4999891,209359,4.19,0.31
2143,2020-12-30,SIC,184,109,75,183,0,1,ITG,ITG1,19,Sicilia,Sicilia,4999891,209543,4.19,0.0
2144,2021-01-16,SIC,2716,1211,1505,2695,0,21,ITG,ITG1,19,Sicilia,Sicilia,4999891,212259,4.25,0.05
2145,2021-07-01,SIC,30900,14032,16868,10724,19921,255,ITG,ITG1,19,Sicilia,Sicilia,4999891,243159,4.86,0.62
2146,2021-04-09,SIC,20269,9875,10394,10947,9076,246,ITG,ITG1,19,Sicilia,Sicilia,4999891,263428,5.27,0.41
2147,2021-03-23,SIC,20897,10040,10857,15184,5562,151,ITG,ITG1,19,Sicilia,Sicilia,4999891,284325,5.69,0.42
2148,2020-12-28,SIC,215,129,86,214,0,1,ITG,ITG1,19,Sicilia,Sicilia,4999891,284540,5.69,0.0
2149,2021-02-13,SIC,2977,1123,1854,2686,255,36,ITG,ITG1,19,Sicilia,Sicilia,4999891,287517,5.75,0.06
2150,2021-05-24,SIC,35770,17350,18420,15588,19950,232,ITG,ITG1,19,Sicilia,Sicilia,4999891,323287,6.47,0.72
2151,2021-05-17,SIC,31927,15399,16528,19026,12616,285,ITG,ITG1,19,Sicilia,Sicilia,4999891,355214,7.1,0.64
2152,2021-03-21,SIC,15217,7340,7877,11181,3969,67,ITG,ITG1,19,Sicilia,Sicilia,4999891,370431,7.41,0.3
2153,2021-02-06,SIC,4699,2099,2600,1444,3234,21,ITG,ITG1,19,Sicilia,Sicilia,4999891,375130,7.5,0.09
2154,2021-03-02,SIC,14708,6331,8377,11821,2774,113,ITG,ITG1,19,Sicilia,Sicilia,4999891,389838,7.8,0.29
2155,2021-01-04,SIC,8400,4199,4201,8355,0,45,ITG,ITG1,19,Sicilia,Sicilia,4999891,398238,7.96,0.17
2156,2021-01-18,SIC,1594,652,942,1430,153,11,ITG,ITG1,19,Sicilia,Sicilia,4999891,399832,8.0,0.03
2157,2021-04-28,SIC,29258,13714,15544,19732,9144,382,ITG,ITG1,19,Sicilia,Sicilia,4999891,429090,8.58,0.59
2158,2021-06-19,SIC,44253,21042,23211,18750,25187,316,ITG,ITG1,19,Sicilia,Sicilia,4999891,473343,9.47,0.89
2159,2021-04-23,SIC,28565,13695,14870,22367,5835,363,ITG,ITG1,19,Sicilia,Sicilia,4999891,501908,10.04,0.57
2160,2021-06-26,SIC,37242,17770,19472,16356,20588,298,ITG,ITG1,19,Sicilia,Sicilia,4999891,539150,10.78,0.74
2161,2021-04-30,SIC,34998,16337,18661,23529,11023,446,ITG,ITG1,19,Sicilia,Sicilia,4999891,574148,11.48,0.7
2162,2021-02-25,SIC,9941,5205,4736,8692,1164,85,ITG,ITG1,19,Sicilia,Sicilia,4999891,584089,11.68,0.2
2163,2021-06-05,SIC,59936,28510,31426,48745,10571,620,ITG,ITG1,19,Sicilia,Sicilia,4999891,644025,12.88,1.2
2164,2021-03-14,SIC,8773,3927,4846,4886,3836,51,ITG,ITG1,19,Sicilia,Sicilia,4999891,652798,13.06,0.18
2165,2021-02-11,SIC,5236,2059,3177,4656,463,117,ITG,ITG1,19,Sicilia,Sicilia,4999891,658034,13.16,0.1
2166,2021-05-31,SIC,38025,17091,20934,21282,16446,297,ITG,ITG1,19,Sicilia,Sicilia,4999891,696059,13.92,0.76
2167,2021-06-04,SIC,57823,26726,31097,45381,11943,499,ITG,ITG1,19,Sicilia,Sicilia,4999891,753882,15.08,1.16
2168,2021-04-06,SIC,17743,8478,9265,13263,4283,197,ITG,ITG1,19,Sicilia,Sicilia,4999891,771625,15.43,0.35
2169,2021-02-04,SIC,6749,3074,3675,1423,5297,29,ITG,ITG1,19,Sicilia,Sicilia,4999891,778374,15.57,0.13
2170,2021-01-01,SIC,819,438,381,815,0,4,ITG,ITG1,19,Sicilia,Sicilia,4999891,779193,15.58,0.02
2171,2021-04-20,SIC,18994,9003,9991,13456,5247,291,ITG,ITG1,19,Sicilia,Sicilia,4999891,798187,15.96,0.38
2172,2021-03-16,SIC,9619,4321,5298,3556,5996,67,ITG,ITG1,19,Sicilia,Sicilia,4999891,807806,16.16,0.19
2173,2021-07-08,SIC,38242,17419,20823,6465,31567,210,ITG,ITG1,19,Sicilia,Sicilia,4999891,846048,16.92,0.76
2174,2021-02-27,SIC,12235,5501,6734,10936,1204,95,ITG,ITG1,19,Sicilia,Sicilia,4999891,858283,17.17,0.24
2175,2021-07-12,SIC,22081,10093,11988,2348,19664,69,ITG,ITG1,19,Sicilia,Sicilia,4999891,880364,17.61,0.44
2176,2021-02-08,SIC,3884,1680,2204,2080,1755,49,ITG,ITG1,19,Sicilia,Sicilia,4999891,884248,17.69,0.08
2177,2021-06-16,SIC,40360,18772,21588,21212,18796,352,ITG,ITG1,19,Sicilia,Sicilia,4999891,924608,18.49,0.81
2178,2021-03-25,SIC,20434,9509,10925,14724,5543,167,ITG,ITG1,19,Sicilia,Sicilia,4999891,945042,18.9,0.41
2179,2021-07-03,SIC,33934,16277,17657,9073,24623,238,ITG,ITG1,19,Sicilia,Sicilia,4999891,978976,19.58,0.68
2180,2021-02-23,SIC,8745,4634,4111,8200,466,79,ITG,ITG1,19,Sicilia,Sicilia,4999891,987721,19.75,0.17
2181,2021-03-09,SIC,13081,5702,7379,10757,2200,124,ITG,ITG1,19,Sicilia,Sicilia,4999891,1000802,20.02,0.26
2182,2021-01-11,SIC,5828,2572,3256,5770,0,58,ITG,ITG1,19,Sicilia,Sicilia,4999891,1006630,20.13,0.12
2183,2021-03-04,SIC,15157,6625,8532,10916,4117,124,ITG,ITG1,19,Sicilia,Sicilia,4999891,1021787,20.44,0.3
2184,2021-06-12,SIC,45760,22384,23376,39347,5889,524,ITG,ITG1,19,Sicilia,Sicilia,4999891,1067547,21.35,0.92
2185,2021-05-07,SIC,36553,17259,19294,24621,11614,318,ITG,ITG1,19,Sicilia,Sicilia,4999891,1104100,22.08,0.73
2186,2021-03-11,SIC,15387,6655,8732,12830,2419,138,ITG,ITG1,19,Sicilia,Sicilia,4999891,1119487,22.39,0.31
2187,2021-01-27,SIC,7287,3712,3575,176,7110,1,ITG,ITG1,19,Sicilia,Sicilia,4999891,1126774,22.54,0.15
2188,2021-01-13,SIC,5175,2437,2738,5141,0,34,ITG,ITG1,19,Sicilia,Sicilia,4999891,1131949,22.64,0.1
2189,2021-04-16,SIC,28850,14491,14359,20252,8293,305,ITG,ITG1,19,Sicilia,Sicilia,4999891,1160799,23.22,0.58
2190,2021-01-23,SIC,4433,2280,2153,193,4230,10,ITG,ITG1,19,Sicilia,Sicilia,4999891,1165232,23.31,0.09
2191,2021-01-06,SIC,6242,3286,2956,6182,0,60,ITG,ITG1,19,Sicilia,Sicilia,4999891,1171474,23.43,0.12
2192,2021-04-02,SIC,13879,6547,7332,9041,4734,104,ITG,ITG1,19,Sicilia,Sicilia,4999891,1185353,23.71,0.28
2193,2021-02-10,SIC,4353,1775,2578,3888,381,84,ITG,ITG1,19,Sicilia,Sicilia,4999891,1189706,23.79,0.09
2194,2021-05-21,SIC,48657,23055,25602,26652,21583,422,ITG,ITG1,19,Sicilia,Sicilia,4999891,1238363,24.77,0.97
2195,2021-02-18,SIC,5332,3139,2193,4838,430,64,ITG,ITG1,19,Sicilia,Sicilia,4999891,1243695,24.87,0.11
2196,2021-05-12,SIC,36781,17320,19461,21343,14909,529,ITG,ITG1,19,Sicilia,Sicilia,4999891,1280476,25.61,0.74
2197,2021-04-08,SIC,16705,8253,8452,8082,8472,151,ITG,ITG1,19,Sicilia,Sicilia,4999891,1297181,25.94,0.33
2198,2021-02-22,SIC,7946,4132,3814,7375,493,78,ITG,ITG1,19,Sicilia,Sicilia,4999891,1305127,26.1,0.16
2199,2020-12-27,SIC,92,55,37,91,0,1,ITG,ITG1,19,Sicilia,Sicilia,4999891,1305219,26.1,0.0
2200,2021-06-02,SIC,35263,16295,18968,27094,7774,395,ITG,ITG1,19,Sicilia,Sicilia,4999891,1340482,26.81,0.71
2201,2021-03-01,SIC,12761,6070,6691,10980,1657,124,ITG,ITG1,19,Sicilia,Sicilia,4999891,1353243,27.07,0.26
2202,2021-06-09,SIC,49814,23705,26109,41945,7253,616,ITG,ITG1,19,Sicilia,Sicilia,4999891,1403057,28.06,1.0
2203,2021-02-15,SIC,3730,1733,1997,3092,564,74,ITG,ITG1,19,Sicilia,Sicilia,4999891,1406787,28.14,0.07
2204,2021-05-26,SIC,44537,20901,23636,23829,20363,345,ITG,ITG1,19,Sicilia,Sicilia,4999891,1451324,29.03,0.89
2205,2021-01-03,SIC,4784,2498,2286,4754,0,30,ITG,ITG1,19,Sicilia,Sicilia,4999891,1456108,29.12,0.1
2206,2021-04-13,SIC,20234,9862,10372,11240,8835,159,ITG,ITG1,19,Sicilia,Sicilia,4999891,1476342,29.53,0.4
2207,2021-03-06,SIC,12638,5058,7580,9761,2782,95,ITG,ITG1,19,Sicilia,Sicilia,4999891,1488980,29.78,0.25
2208,2021-06-14,SIC,43467,20646,22821,28159,14892,416,ITG,ITG1,19,Sicilia,Sicilia,4999891,1532447,30.65,0.87
2209,2021-05-28,SIC,51209,22956,28253,24313,26487,409,ITG,ITG1,19,Sicilia,Sicilia,4999891,1583656,31.67,1.02
2210,2021-05-16,SIC,33693,16435,17258,21890,11512,291,ITG,ITG1,19,Sicilia,Sicilia,4999891,1617349,32.35,0.67
2211,2021-05-02,SIC,24601,11427,13174,17705,6601,295,ITG,ITG1,19,Sicilia,Sicilia,4999891,1641950,32.84,0.49
2212,2021-03-20,SIC,18574,8967,9607,13352,5138,84,ITG,ITG1,19,Sicilia,Sicilia,4999891,1660524,33.21,0.37
2213,2021-06-28,SIC,31883,14836,17047,14877,16715,291,ITG,ITG1,19,Sicilia,Sicilia,4999891,1692407,33.85,0.64
2214,2021-07-05,SIC,37444,17588,19856,8931,28282,231,ITG,ITG1,19,Sicilia,Sicilia,4999891,1729851,34.6,0.75
2215,2021-06-21,SIC,40231,18627,21604,18425,21484,322,ITG,ITG1,19,Sicilia,Sicilia,4999891,1770082,35.4,0.8
2216,2021-05-09,SIC,28404,13306,15098,19778,8284,342,ITG,ITG1,19,Sicilia,Sicilia,4999891,1798486,35.97,0.57
2217,2021-02-05,SIC,6742,2980,3762,2090,4614,38,ITG,ITG1,19,Sicilia,Sicilia,4999891,1805228,36.11,0.13
2218,2021-04-03,SIC,16411,7815,8596,13423,2834,154,ITG,ITG1,19,Sicilia,Sicilia,4999891,1821639,36.43,0.33
2219,2021-01-22,SIC,1280,637,643,260,1018,2,ITG,ITG1,19,Sicilia,Sicilia,4999891,1822919,36.46,0.03
2220,2021-01-08,SIC,8116,3783,4333,8027,0,89,ITG,ITG1,19,Sicilia,Sicilia,4999891,1831035,36.62,0.16
2221,2021-04-18,SIC,19821,9911,9910,15285,4360,176,ITG,ITG1,19,Sicilia,Sicilia,4999891,1850856,37.02,0.4
2222,2021-03-30,SIC,14557,6760,7797,9700,4764,93,ITG,ITG1,19,Sicilia,Sicilia,4999891,1865413,37.31,0.29
2223,2021-03-13,SIC,12210,5387,6823,7627,4492,91,ITG,ITG1,19,Sicilia,Sicilia,4999891,1877623,37.55,0.24
2224,2021-04-17,SIC,26000,13151,12849,18673,7064,263,ITG,ITG1,19,Sicilia,Sicilia,4999891,1903623,38.07,0.52
2225,2021-03-17,SIC,15041,7435,7606,9073,5846,122,ITG,ITG1,19,Sicilia,Sicilia,4999891,1918664,38.37,0.3
2226,2021-06-25,SIC,39808,18682,21126,17427,22049,332,ITG,ITG1,19,Sicilia,Sicilia,4999891,1958472,39.17,0.8
2227,2021-07-09,SIC,44622,20531,24091,6384,38069,169,ITG,ITG1,19,Sicilia,Sicilia,4999891,2003094,40.06,0.89
2228,2021-06-06,SIC,49542,23929,25613,41161,7824,557,ITG,ITG1,19,Sicilia,Sicilia,4999891,2052636,41.05,0.99
2229,2021-02-20,SIC,7138,3692,3446,6800,241,97,ITG,ITG1,19,Sicilia,Sicilia,4999891,2059774,41.2,0.14
2230,2021-02-03,SIC,5921,2779,3142,713,5200,8,ITG,ITG1,19,Sicilia,Sicilia,4999891,2065695,41.31,0.12
2231,2021-04-27,SIC,26416,12667,13749,15173,10923,320,ITG,ITG1,19,Sicilia,Sicilia,4999891,2092111,41.84,0.53
2232,2021-05-14,SIC,52171,24453,27718,35751,15668,752,ITG,ITG1,19,Sicilia,Sicilia,4999891,2144282,42.89,1.04
2233,2021-01-15,SIC,5252,2294,2958,5185,0,67,ITG,ITG1,19,Sicilia,Sicilia,4999891,2149534,42.99,0.11
2234,2021-04-25,SIC,21392,10201,11191,16153,5014,225,ITG,ITG1,19,Sicilia,Sicilia,4999891,2170926,43.42,0.43
2235,2021-02-01,SIC,5905,2626,3279,305,5588,12,ITG,ITG1,19,Sicilia,Sicilia,4999891,2176831,43.54,0.12
2236,2021-03-22,SIC,16647,7885,8762,11135,5423,89,ITG,ITG1,19,Sicilia,Sicilia,4999891,2193478,43.87,0.33
2237,2021-06-30,SIC,32489,14980,17509,11387,20785,317,ITG,ITG1,19,Sicilia,Sicilia,4999891,2225967,44.52,0.65
2238,2020-12-29,SIC,243,152,91,243,0,0,ITG,ITG1,19,Sicilia,Sicilia,4999891,2226210,44.53,0.0
2239,2021-06-13,SIC,34528,17154,17374,30593,3504,431,ITG,ITG1,19,Sicilia,Sicilia,4999891,2260738,45.22,0.69
2240,2021-01-19,SIC,1498,662,836,1262,222,14,ITG,ITG1,19,Sicilia,Sicilia,4999891,2262236,45.25,0.03
2241,2021-06-11,SIC,49913,23813,26100,41555,7702,656,ITG,ITG1,19,Sicilia,Sicilia,4999891,2312149,46.24,1.0
2242,2021-04-29,SIC,31789,14830,16959,21795,9557,437,ITG,ITG1,19,Sicilia,Sicilia,4999891,2343938,46.88,0.64
2243,2021-03-03,SIC,14502,6491,8011,11313,3065,124,ITG,ITG1,19,Sicilia,Sicilia,4999891,2358440,47.17,0.29
2244,2021-03-27,SIC,15624,7357,8267,10654,4852,118,ITG,ITG1,19,Sicilia,Sicilia,4999891,2374064,47.48,0.31
2245,2021-01-29,SIC,9176,4253,4923,413,8751,12,ITG,ITG1,19,Sicilia,Sicilia,4999891,2383240,47.67,0.18
2246,2021-02-12,SIC,4586,1811,2775,4242,266,78,ITG,ITG1,19,Sicilia,Sicilia,4999891,2387826,47.76,0.09
2247,2021-05-23,SIC,34086,16594,17492,19845,14012,229,ITG,ITG1,19,Sicilia,Sicilia,4999891,2421912,48.44,0.68
2248,2021-04-01,SIC,14288,6617,7671,9496,4664,128,ITG,ITG1,19,Sicilia,Sicilia,4999891,2436200,48.73,0.29
2249,2021-07-10,SIC,47031,22384,24647,6129,40697,205,ITG,ITG1,19,Sicilia,Sicilia,4999891,2483231,49.67,0.94
2250,2021-06-23,SIC,44444,20676,23768,17885,26229,330,ITG,ITG1,19,Sicilia,Sicilia,4999891,2527675,50.55,0.89
2251,2021-01-24,SIC,4319,2258,2061,132,4185,2,ITG,ITG1,19,Sicilia,Sicilia,4999891,2531994,50.64,0.09
2252,2021-05-04,SIC,26828,12469,14359,17150,9291,387,ITG,ITG1,19,Sicilia,Sicilia,4999891,2558822,51.18,0.54
2253,2021-01-10,SIC,3534,1578,1956,3513,0,21,ITG,ITG1,19,Sicilia,Sicilia,4999891,2562356,51.25,0.07
2254,2021-01-05,SIC,10337,5079,5258,10262,0,75,ITG,ITG1,19,Sicilia,Sicilia,4999891,2572693,51.45,0.21
2255,2021-04-15,SIC,21538,10475,11063,11998,9339,201,ITG,ITG1,19,Sicilia,Sicilia,4999891,2594231,51.89,0.43
2256,2021-06-20,SIC,33387,15801,17586,15115,18013,259,ITG,ITG1,19,Sicilia,Sicilia,4999891,2627618,52.55,0.67
2257,2021-02-19,SIC,4978,2694,2284,4334,563,81,ITG,ITG1,19,Sicilia,Sicilia,4999891,2632596,52.65,0.1
2258,2021-03-08,SIC,13392,5865,7527,10665,2613,114,ITG,ITG1,19,Sicilia,Sicilia,4999891,2645988,52.92,0.27
2259,2021-05-30,SIC,35767,16169,19598,17423,18047,297,ITG,ITG1,19,Sicilia,Sicilia,4999891,2681755,53.64,0.72
2260,2021-05-13,SIC,47420,22213,25207,30265,16536,619,ITG,ITG1,19,Sicilia,Sicilia,4999891,2729175,54.58,0.95
2261,2021-01-31,SIC,4032,1927,2105,110,3920,2,ITG,ITG1,19,Sicilia,Sicilia,4999891,2733207,54.67,0.08
2262,2021-05-11,SIC,32542,15465,17077,19581,12486,475,ITG,ITG1,19,Sicilia,Sicilia,4999891,2765749,55.32,0.65
2263,2021-02-17,SIC,5216,3204,2012,4502,668,46,ITG,ITG1,19,Sicilia,Sicilia,4999891,2770965,55.42,0.1
2264,2021-04-24,SIC,31136,14696,16440,23121,7630,385,ITG,ITG1,19,Sicilia,Sicilia,4999891,2802101,56.04,0.62
2265,2021-04-22,SIC,26732,12627,14105,19879,6457,396,ITG,ITG1,19,Sicilia,Sicilia,4999891,2828833,56.58,0.53
2266,2021-03-10,SIC,13861,6059,7802,11548,2183,130,ITG,ITG1,19,Sicilia,Sicilia,4999891,2842694,56.86,0.28
2267,2021-01-12,SIC,4326,2120,2206,4283,0,43,ITG,ITG1,19,Sicilia,Sicilia,4999891,2847020,56.94,0.09
2268,2021-06-18,SIC,43523,20121,23402,18837,24320,366,ITG,ITG1,19,Sicilia,Sicilia,4999891,2890543,57.81,0.87
2269,2021-06-27,SIC,25294,12194,13100,12103,12965,226,ITG,ITG1,19,Sicilia,Sicilia,4999891,2915837,58.32,0.51
2270,2021-05-15,SIC,56462,26381,30081,40335,15236,891,ITG,ITG1,19,Sicilia,Sicilia,4999891,2972299,59.45,1.13
2271,2021-03-19,SIC,16305,8048,8257,10646,5571,88,ITG,ITG1,19,Sicilia,Sicilia,4999891,2988604,59.77,0.33
2272,2021-03-12,SIC,12846,5541,7305,10632,2067,147,ITG,ITG1,19,Sicilia,Sicilia,4999891,3001450,60.03,0.26
2273,2021-06-29,SIC,31270,14648,16622,15666,15207,397,ITG,ITG1,19,Sicilia,Sicilia,4999891,3032720,60.66,0.63
2274,2021-02-26,SIC,11976,5874,6102,10181,1682,113,ITG,ITG1,19,Sicilia,Sicilia,4999891,3044696,60.9,0.24
2275,2021-05-06,SIC,29437,13998,15439,18138,10830,469,ITG,ITG1,19,Sicilia,Sicilia,4999891,3074133,61.48,0.59
2276,2021-03-31,SIC,14519,6706,7813,9447,4932,140,ITG,ITG1,19,Sicilia,Sicilia,4999891,3088652,61.77,0.29
2277,2021-01-07,SIC,8928,4132,4796,8848,0,80,ITG,ITG1,19,Sicilia,Sicilia,4999891,3097580,61.95,0.18
2278,2021-04-10,SIC,20433,9971,10462,11314,8963,156,ITG,ITG1,19,Sicilia,Sicilia,4999891,3118013,62.36,0.41
2279,2021-01-17,SIC,1305,592,713,1236,60,9,ITG,ITG1,19,Sicilia,Sicilia,4999891,3119318,62.39,0.03
2280,2021-07-02,SIC,30510,14209,16301,9931,20301,278,ITG,ITG1,19,Sicilia,Sicilia,4999891,3149828,63.0,0.61
2281,2021-03-05,SIC,15728,6804,8924,11351,4235,142,ITG,ITG1,19,Sicilia,Sicilia,4999891,3165556,63.31,0.31
2282,2021-02-16,SIC,4200,2207,1993,3664,465,71,ITG,ITG1,19,Sicilia,Sicilia,4999891,3169756,63.4,0.08
2283,2021-06-17,SIC,41811,19470,22341,20310,21135,366,ITG,ITG1,19,Sicilia,Sicilia,4999891,3211567,64.23,0.84
2284,2020-12-31,SIC,887,473,414,879,0,8,ITG,ITG1,19,Sicilia,Sicilia,4999891,3212454,64.25,0.02
2285,2021-03-07,SIC,9259,3454,5805,8117,1083,59,ITG,ITG1,19,Sicilia,Sicilia,4999891,3221713,64.44,0.19
2286,2021-06-15,SIC,46132,21747,24385,28224,17479,429,ITG,ITG1,19,Sicilia,Sicilia,4999891,3267845,65.36,0.92
2287,2021-03-24,SIC,20953,9859,11094,15029,5735,189,ITG,ITG1,19,Sicilia,Sicilia,4999891,3288798,65.78,0.42
2288,2021-04-26,SIC,21672,10260,11412,13291,8079,302,ITG,ITG1,19,Sicilia,Sicilia,4999891,3310470,66.21,0.43
2289,2021-02-02,SIC,5271,2472,2799,617,4644,10,ITG,ITG1,19,Sicilia,Sicilia,4999891,3315741,66.32,0.11
2290,2021-01-14,SIC,5251,2483,2768,5189,0,62,ITG,ITG1,19,Sicilia,Sicilia,4999891,3320992,66.42,0.11
2291,2021-02-24,SIC,9371,4803,4568,8707,560,104,ITG,ITG1,19,Sicilia,Sicilia,4999891,3330363,66.61,0.19
2292,2021-01-21,SIC,1435,706,729,490,934,11,ITG,ITG1,19,Sicilia,Sicilia,4999891,3331798,66.64,0.03
2293,2021-05-01,SIC,24439,11311,13128,19001,5164,274,ITG,ITG1,19,Sicilia,Sicilia,4999891,3356237,67.13,0.49
2294,2021-07-06,SIC,37126,17196,19930,10280,26546,300,ITG,ITG1,19,Sicilia,Sicilia,4999891,3393363,67.87,0.74
2295,2021-03-15,SIC,10670,4725,5945,5646,4948,76,ITG,ITG1,19,Sicilia,Sicilia,4999891,3404033,68.08,0.21
2296,2021-06-22,SIC,39954,18361,21593,18290,21293,371,ITG,ITG1,19,Sicilia,Sicilia,4999891,3443987,68.88,0.8
2297,2021-05-22,SIC,47958,22782,25176,28249,19310,399,ITG,ITG1,19,Sicilia,Sicilia,4999891,3491945,69.84,0.96
2298,2021-02-28,SIC,7165,3062,4103,6484,630,51,ITG,ITG1,19,Sicilia,Sicilia,4999891,3499110,69.98,0.14
2299,2021-06-08,SIC,47663,22382,25281,40474,6672,517,ITG,ITG1,19,Sicilia,Sicilia,4999891,3546773,70.94,0.95
2300,2021-01-09,SIC,7186,3388,3798,7126,0,60,ITG,ITG1,19,Sicilia,Sicilia,4999891,3553959,71.08,0.14
2301,2021-05-03,SIC,23306,10793,12513,13273,9787,246,ITG,ITG1,19,Sicilia,Sicilia,4999891,3577265,71.55,0.47
2302,2021-07-11,SIC,36085,16889,19196,3687,32299,99,ITG,ITG1,19,Sicilia,Sicilia,4999891,3613350,72.27,0.72
2303,2021-04-19,SIC,18281,8661,9620,12479,5581,221,ITG,ITG1,19,Sicilia,Sicilia,4999891,3631631,72.63,0.37
2304,2021-02-09,SIC,4346,1798,2548,3246,1035,65,ITG,ITG1,19,Sicilia,Sicilia,4999891,3635977,72.72,0.09
2305,2021-05-20,SIC,44067,21113,22954,27743,15911,413,ITG,ITG1,19,Sicilia,Sicilia,4999891,3680044,73.6,0.88
2306,2021-05-29,SIC,47166,21461,25705,23528,23191,447,ITG,ITG1,19,Sicilia,Sicilia,4999891,3727210,74.55,0.94
2307,2021-06-10,SIC,52985,24874,28111,45130,7208,647,ITG,ITG1,19,Sicilia,Sicilia,4999891,3780195,75.61,1.06
2308,2021-05-27,SIC,47428,21783,25645,24430,22583,415,ITG,ITG1,19,Sicilia,Sicilia,4999891,3827623,76.55,0.95
2309,2021-04-14,SIC,20573,9936,10637,11629,8760,184,ITG,ITG1,19,Sicilia,Sicilia,4999891,3848196,76.97,0.41
2310,2021-04-21,SIC,22382,10743,11639,15997,6119,266,ITG,ITG1,19,Sicilia,Sicilia,4999891,3870578,77.41,0.45
2311,2021-04-07,SIC,15496,7624,7872,8192,7130,174,ITG,ITG1,19,Sicilia,Sicilia,4999891,3886074,77.72,0.31
2312,2021-06-03,SIC,45923,21045,24878,33759,11652,512,ITG,ITG1,19,Sicilia,Sicilia,4999891,3931997,78.64,0.92
2313,2021-05-10,SIC,28724,13784,14940,16254,12199,271,ITG,ITG1,19,Sicilia,Sicilia,4999891,3960721,79.22,0.57
2314,2021-03-26,SIC,17989,8355,9634,12356,5499,134,ITG,ITG1,19,Sicilia,Sicilia,4999891,3978710,79.58,0.36
2315,2021-01-28,SIC,9028,4271,4757,390,8637,1,ITG,ITG1,19,Sicilia,Sicilia,4999891,3987738,79.76,0.18
2316,2021-07-04,SIC,26559,12825,13734,7627,18763,169,ITG,ITG1,19,Sicilia,Sicilia,4999891,4014297,80.29,0.53
2317,2021-05-08,SIC,35629,17027,18602,24984,10298,347,ITG,ITG1,19,Sicilia,Sicilia,4999891,4049926,81.0,0.71
2318,2021-01-26,SIC,9530,4715,4815,246,9283,1,ITG,ITG1,19,Sicilia,Sicilia,4999891,4059456,81.19,0.19
2319,2021-01-20,SIC,958,509,449,688,267,3,ITG,ITG1,19,Sicilia,Sicilia,4999891,4060414,81.21,0.02
2320,2021-03-18,SIC,15359,7715,7644,9738,5571,50,ITG,ITG1,19,Sicilia,Sicilia,4999891,4075773,81.52,0.31
2321,2021-02-07,SIC,2322,982,1340,665,1648,9,ITG,ITG1,19,Sicilia,Sicilia,4999891,4078095,81.56,0.05
2322,2021-05-18,SIC,36161,17402,18759,23293,12473,395,ITG,ITG1,19,Sicilia,Sicilia,4999891,4114256,82.29,0.72
2323,2021-07-07,SIC,35328,16148,19180,6034,29060,234,ITG,ITG1,19,Sicilia,Sicilia,4999891,4149584,82.99,0.71
2324,2021-05-25,SIC,33438,15329,18109,13926,19255,257,ITG,ITG1,19,Sicilia,Sicilia,4999891,4183022,83.66,0.67
2325,2021-03-29,SIC,15020,7065,7955,10389,4497,134,ITG,ITG1,19,Sicilia,Sicilia,4999891,4198042,83.96,0.3
2326,2021-06-01,SIC,38900,17684,21216,24622,13929,349,ITG,ITG1,19,Sicilia,Sicilia,4999891,4236942,84.74,0.78
2327,2021-04-05,SIC,8013,3954,4059,6510,1440,63,ITG,ITG1,19,Sicilia,Sicilia,4999891,4244955,84.9,0.16
2328,2021-04-12,SIC,19001,9210,9791,11485,7274,242,ITG,ITG1,19,Sicilia,Sicilia,4999891,4263956,85.28,0.38
2329,2021-02-14,SIC,1055,402,653,907,140,8,ITG,ITG1,19,Sicilia,Sicilia,4999891,4265011,85.3,0.02
2330,2021-01-02,SIC,4850,2526,2324,4820,0,30,ITG,ITG1,19,Sicilia,Sicilia,4999891,4269861,85.4,0.1
2331,2021-02-21,SIC,5168,2501,2667,5047,106,15,ITG,ITG1,19,Sicilia,Sicilia,4999891,4275029,85.5,0.1
2332,2021-04-28,FVG,7293,3222,4071,3672,3490,131,ITH,ITH4,6,Friuli-Venezia Giulia,Friuli Venezia Giulia,1215220,7293,0.6,0.6
2333,2021-01-23,FVG,814,323,491,4,810,0,ITH,ITH4,6,Friuli-Venezia Giulia,Friuli Venezia Giulia,1215220,8107,0.67,0.07
2334,2021-05-05,FVG,9759,4262,5497,6052,3469,238,ITH,ITH4,6,Friuli-Venezia Giulia,Friuli Venezia Giulia,1215220,17866,1.47,0.8
2335,2021-07-08,FVG,12188,6553,5635,1222,10781,185,ITH,ITH4,6,Friuli-Venezia Giulia,Friuli Venezia Giulia,1215220,30054,2.47,1.0
2336,2021-02-04,FVG,2725,808,1917,35,2690,0,ITH,ITH4,6,Friuli-Venezia Giulia,Friuli Venezia Giulia,1215220,32779,2.7,0.22
2337,2021-04-30,FVG,7348,3244,4104,3528,3650,170,ITH,ITH4,6,Friuli-Venezia Giulia,Friuli Venezia Giulia,1215220,40127,3.3,0.6
2338,2021-01-30,FVG,2277,745,1532,270,2007,0,ITH,ITH4,6,Friuli-Venezia Giulia,Friuli Venezia Giulia,1215220,42404,3.49,0.19
2339,2021-06-26,FVG,10043,5101,4942,3899,6142,2,ITH,ITH4,6,Friuli-Venezia Giulia,Friuli Venezia Giulia,1215220,52447,4.32,0.83
2340,2021-04-21,FVG,7754,3458,4296,3989,3680,85,ITH,ITH4,6,Friuli-Venezia Giulia,Friuli Venezia Giulia,1215220,60201,4.95,0.64
2341,2021-06-24,FVG,11024,5618,5406,1949,9067,8,ITH,ITH4,6,Friuli-Venezia Giulia,Friuli Venezia Giulia,1215220,71225,5.86,0.91
2342,2021-03-16,FVG,3187,1299,1888,1033,2081,73,ITH,ITH4,6,Friuli-Venezia Giulia,Friuli Venezia Giulia,1215220,74412,6.12,0.26
2343,2021-05-12,FVG,10868,5035,5833,9068,1408,392,ITH,ITH4,6,Friuli-Venezia Giulia,Friuli Venezia Giulia,1215220,85280,7.02,0.89
2344,2021-05-19,FVG,12041,5934,6107,9296,2345,400,ITH,ITH4,6,Friuli-Venezia Giulia,Friuli Venezia Giulia,1215220,97321,8.01,0.99
2345,2021-02-18,FVG,3218,1492,1726,2791,407,20,ITH,ITH4,6,Friuli-Venezia Giulia,Friuli Venezia Giulia,1215220,100539,8.27,0.26
2346,2021-04-02,FVG,6594,2926,3668,4643,1838,113,ITH,ITH4,6,Friuli-Venezia Giulia,Friuli Venezia Giulia,1215220,107133,8.82,0.54
2347,2021-04-16,FVG,6961,3026,3935,4909,1925,127,ITH,ITH4,6,Friuli-Venezia Giulia,Friuli Venezia Giulia,1215220,114094,9.39,0.57
2348,2021-01-06,FVG,710,264,446,710,0,0,ITH,ITH4,6,Friuli-Venezia Giulia,Friuli Venezia Giulia,1215220,114804,9.45,0.06
2349,2021-04-11,FVG,3432,1519,1913,2435,906,91,ITH,ITH4,6,Friuli-Venezia Giulia,Friuli Venezia Giulia,1215220,118236,9.73,0.28
2350,2021-06-07,FVG,9159,4747,4412,8145,990,24,ITH,ITH4,6,Friuli-Venezia Giulia,Friuli Venezia Giulia,1215220,127395,10.48,0.75
2351,2021-05-31,FVG,8897,4418,4479,6502,2183,212,ITH,ITH4,6,Friuli-Venezia Giulia,Friuli Venezia Giulia,1215220,136292,11.22,0.73
2352,2021-03-28,FVG,4937,2354,2583,4726,158,53,ITH,ITH4,6,Friuli-Venezia Giulia,Friuli Venezia Giulia,1215220,141229,11.62,0.41
2353,2021-01-18,FVG,1961,606,1355,1867,94,0,ITH,ITH4,6,Friuli-Venezia Giulia,Friuli Venezia Giulia,1215220,143190,11.78,0.16
2354,2021-01-04,FVG,1507,558,949,1507,0,0,ITH,ITH4,6,Friuli-Venezia Giulia,Friuli Venezia Giulia,1215220,144697,11.91,0.12
2355,2021-02-06,FVG,1154,338,816,21,1132,1,ITH,ITH4,6,Friuli-Venezia Giulia,Friuli Venezia Giulia,1215220,145851,12.0,0.09
2356,2021-02-23,FVG,2644,1278,1366,2461,180,3,ITH,ITH4,6,Friuli-Venezia Giulia,Friuli Venezia Giulia,1215220,148495,12.22,0.22
2357,2021-05-24,FVG,11422,5524,5898,7554,3617,251,ITH,ITH4,6,Friuli-Venezia Giulia,Friuli Venezia Giulia,1215220,159917,13.16,0.94
2358,2021-02-13,FVG,566,179,387,559,6,1,ITH,ITH4,6,Friuli-Venezia Giulia,Friuli Venezia Giulia,1215220,160483,13.21,0.05
2359,2021-03-02,FVG,4220,1519,2701,2701,1499,20,ITH,ITH4,6,Friuli-Venezia Giulia,Friuli Venezia Giulia,1215220,164703,13.55,0.35
2360,2021-03-04,FVG,3452,1598,1854,2770,660,22,ITH,ITH4,6,Friuli-Venezia Giulia,Friuli Venezia Giulia,1215220,168155,13.84,0.28
2361,2021-06-12,FVG,8080,4634,3446,6903,1159,18,ITH,ITH4,6,Friuli-Venezia Giulia,Friuli Venezia Giulia,1215220,176235,14.5,0.66
2362,2021-03-21,FVG,2673,1000,1673,2228,409,36,ITH,ITH4,6,Friuli-Venezia Giulia,Friuli Venezia Giulia,1215220,178908,14.72,0.22
2363,2021-01-25,FVG,1583,567,1016,194,1389,0,ITH,ITH4,6,Friuli-Venezia Giulia,Friuli Venezia Giulia,1215220,180491,14.85,0.13
2364,2021-07-01,FVG,12190,6342,5848,2525,9397,268,ITH,ITH4,6,Friuli-Venezia Giulia,Friuli Venezia Giulia,1215220,192681,15.86,1.0
2365,2021-03-23,FVG,3888,1681,2207,1733,2141,14,ITH,ITH4,6,Friuli-Venezia Giulia,Friuli Venezia Giulia,1215220,196569,16.18,0.32
2366,2021-01-16,FVG,1230,360,870,1230,0,0,ITH,ITH4,6,Friuli-Venezia Giulia,Friuli Venezia Giulia,1215220,197799,16.28,0.1
2367,2021-07-03,FVG,11338,6050,5288,1069,10115,154,ITH,ITH4,6,Friuli-Venezia Giulia,Friuli Venezia Giulia,1215220,209137,17.21,0.93
2368,2021-03-25,FVG,5529,2421,3108,3337,2137,55,ITH,ITH4,6,Friuli-Venezia Giulia,Friuli Venezia Giulia,1215220,214666,17.66,0.45
2369,2021-03-30,FVG,7225,3254,3971,6191,923,111,ITH,ITH4,6,Friuli-Venezia Giulia,Friuli Venezia Giulia,1215220,221891,18.26,0.59
2370,2021-03-14,FVG,1398,550,848,1124,252,22,ITH,ITH4,6,Friuli-Venezia Giulia,Friuli Venezia Giulia,1215220,223289,18.37,0.12
2371,2021-04-08,FVG,7445,3217,4228,5403,1922,120,ITH,ITH4,6,Friuli-Venezia Giulia,Friuli Venezia Giulia,1215220,230734,18.99,0.61
2372,2021-05-21,FVG,11204,5013,6191,7918,2968,318,ITH,ITH4,6,Friuli-Venezia Giulia,Friuli Venezia Giulia,1215220,241938,19.91,0.92
2373,2021-02-10,FVG,1350,496,854,1264,86,0,ITH,ITH4,6,Friuli-Venezia Giulia,Friuli Venezia Giulia,1215220,243288,20.02,0.11
2374,2021-02-01,FVG,2097,688,1409,16,2081,0,ITH,ITH4,6,Friuli-Venezia Giulia,Friuli Venezia Giulia,1215220,245385,20.19,0.17
2375,2021-06-19,FVG,8491,4427,4064,1364,7127,0,ITH,ITH4,6,Friuli-Venezia Giulia,Friuli Venezia Giulia,1215220,253876,20.89,0.7
2376,2021-03-11,FVG,3476,1517,1959,1713,1751,12,ITH,ITH4,6,Friuli-Venezia Giulia,Friuli Venezia Giulia,1215220,257352,21.18,0.29
2377,2021-01-11,FVG,1882,608,1274,1882,0,0,ITH,ITH4,6,Friuli-Venezia Giulia,Friuli Venezia Giulia,1215220,259234,21.33,0.15
2378,2021-04-23,FVG,7467,3376,4091,3463,3866,138,ITH,ITH4,6,Friuli-Venezia Giulia,Friuli Venezia Giulia,1215220,266701,21.95,0.61
2379,2021-02-11,FVG,1930,664,1266,1735,192,3,ITH,ITH4,6,Friuli-Venezia Giulia,Friuli Venezia Giulia,1215220,268631,22.11,0.16
2380,2021-04-09,FVG,7914,3658,4256,6507,1248,159,ITH,ITH4,6,Friuli-Venezia Giulia,Friuli Venezia Giulia,1215220,276545,22.76,0.65
2381,2020-12-30,FVG,626,244,382,626,0,0,ITH,ITH4,6,Friuli-Venezia Giulia,Friuli Venezia Giulia,1215220,277171,22.81,0.05
2382,2021-06-05,FVG,10297,5320,4977,8737,1548,12,ITH,ITH4,6,Friuli-Venezia Giulia,Friuli Venezia Giulia,1215220,287468,23.66,0.85
2383,2021-02-25,FVG,3165,1652,1513,3112,29,24,ITH,ITH4,6,Friuli-Venezia Giulia,Friuli Venezia Giulia,1215220,290633,23.92,0.26
2384,2021-02-27,FVG,3531,1201,2330,3511,1,19,ITH,ITH4,6,Friuli-Venezia Giulia,Friuli Venezia Giulia,1215220,294164,24.21,0.29
2385,2021-04-25,FVG,2365,989,1376,2177,11,177,ITH,ITH4,6,Friuli-Venezia Giulia,Friuli Venezia Giulia,1215220,296529,24.4,0.19
2386,2021-01-15,FVG,2021,605,1416,2020,0,1,ITH,ITH4,6,Friuli-Venezia Giulia,Friuli Venezia Giulia,1215220,298550,24.57,0.17
2387,2021-05-17,FVG,8808,4089,4719,6097,2485,226,ITH,ITH4,6,Friuli-Venezia Giulia,Friuli Venezia Giulia,1215220,307358,25.29,0.72
2388,2021-03-09,FVG,4012,1723,2289,1237,2750,25,ITH,ITH4,6,Friuli-Venezia Giulia,Friuli Venezia Giulia,1215220,311370,25.62,0.33
2389,2021-06-04,FVG,12043,6186,5857,10624,1385,34,ITH,ITH4,6,Friuli-Venezia Giulia,Friuli Venezia Giulia,1215220,323413,26.61,0.99
2390,2021-01-27,FVG,1271,425,846,448,821,2,ITH,ITH4,6,Friuli-Venezia Giulia,Friuli Venezia Giulia,1215220,324684,26.72,0.1
2391,2021-05-07,FVG,10610,4851,5759,6934,3511,165,ITH,ITH4,6,Friuli-Venezia Giulia,Friuli Venezia Giulia,1215220,335294,27.59,0.87
2392,2021-05-09,FVG,7356,3302,4054,3370,3858,128,ITH,ITH4,6,Friuli-Venezia Giulia,Friuli Venezia Giulia,1215220,342650,28.2,0.61
2393,2021-07-10,FVG,8223,4252,3971,125,8070,28,ITH,ITH4,6,Friuli-Venezia Giulia,Friuli Venezia Giulia,1215220,350873,28.87,0.68
2394,2021-04-01,FVG,6398,3054,3344,5314,1015,69,ITH,ITH4,6,Friuli-Venezia Giulia,Friuli Venezia Giulia,1215220,357271,29.4,0.53
2395,2021-05-28,FVG,10596,5078,5518,6237,4111,248,ITH,ITH4,6,Friuli-Venezia Giulia,Friuli Venezia Giulia,1215220,367867,30.27,0.87
2396,2021-07-12,FVG,1,1,0,0,1,0,ITH,ITH4,6,Friuli-Venezia Giulia,Friuli Venezia Giulia,1215220,367868,30.27,0.0
2397,2021-05-14,FVG,10754,5355,5399,7885,2593,276,ITH,ITH4,6,Friuli-Venezia Giulia,Friuli Venezia Giulia,1215220,378622,31.16,0.88
2398,2021-02-03,FVG,2647,791,1856,22,2624,1,ITH,ITH4,6,Friuli-Venezia Giulia,Friuli Venezia Giulia,1215220,381269,31.37,0.22
2399,2021-02-08,FVG,2356,694,1662,90,2265,1,ITH,ITH4,6,Friuli-Venezia Giulia,Friuli Venezia Giulia,1215220,383625,31.57,0.19
2400,2021-06-09,FVG,11172,5880,5292,9760,1392,20,ITH,ITH4,6,Friuli-Venezia Giulia,Friuli Venezia Giulia,1215220,394797,32.49,0.92
2401,2021-03-01,FVG,2958,1041,1917,2887,52,19,ITH,ITH4,6,Friuli-Venezia Giulia,Friuli Venezia Giulia,1215220,397755,32.73,0.24
2402,2021-03-18,FVG,3373,1422,1951,1683,1682,8,ITH,ITH4,6,Friuli-Venezia Giulia,Friuli Venezia Giulia,1215220,401128,33.01,0.28
2403,2021-06-28,FVG,9816,4944,4872,2126,7679,11,ITH,ITH4,6,Friuli-Venezia Giulia,Friuli Venezia Giulia,1215220,410944,33.82,0.81
2404,2021-03-20,FVG,3401,1409,1992,1300,2091,10,ITH,ITH4,6,Friuli-Venezia Giulia,Friuli Venezia Giulia,1215220,414345,34.1,0.28
2405,2021-01-13,FVG,2650,834,1816,2650,0,0,ITH,ITH4,6,Friuli-Venezia Giulia,Friuli Venezia Giulia,1215220,416995,34.31,0.22
2406,2021-04-06,FVG,6669,3126,3543,5425,1150,94,ITH,ITH4,6,Friuli-Venezia Giulia,Friuli Venezia Giulia,1215220,423664,34.86,0.55
2407,2021-06-16,FVG,12072,5862,6210,4064,8005,3,ITH,ITH4,6,Friuli-Venezia Giulia,Friuli Venezia Giulia,1215220,435736,35.86,0.99
2408,2021-06-23,FVG,12013,5809,6204,2093,9916,4,ITH,ITH4,6,Friuli-Venezia Giulia,Friuli Venezia Giulia,1215220,447749,36.85,0.99
2409,2021-04-27,FVG,8112,3723,4389,3529,4485,98,ITH,ITH4,6,Friuli-Venezia Giulia,Friuli Venezia Giulia,1215220,455861,37.51,0.67
2410,2021-05-04,FVG,9544,4302,5242,5981,3361,202,ITH,ITH4,6,Friuli-Venezia Giulia,Friuli Venezia Giulia,1215220,465405,38.3,0.79
2411,2021-01-24,FVG,305,119,186,1,304,0,ITH,ITH4,6,Friuli-Venezia Giulia,Friuli Venezia Giulia,1215220,465710,38.32,0.03
2412,2021-06-30,FVG,13109,6672,6437,1365,11560,184,ITH,ITH4,6,Friuli-Venezia Giulia,Friuli Venezia Giulia,1215220,478819,39.4,1.08
2413,2021-03-08,FVG,4120,1642,2478,2020,2086,14,ITH,ITH4,6,Friuli-Venezia Giulia,Friuli Venezia Giulia,1215220,482939,39.74,0.34
2414,2021-03-22,FVG,3659,1446,2213,1673,1954,32,ITH,ITH4,6,Friuli-Venezia Giulia,Friuli Venezia Giulia,1215220,486598,40.04,0.3
2415,2021-04-13,FVG,7375,3291,4084,5647,1603,125,ITH,ITH4,6,Friuli-Venezia Giulia,Friuli Venezia Giulia,1215220,493973,40.65,0.61
2416,2021-01-03,FVG,312,122,190,312,0,0,ITH,ITH4,6,Friuli-Venezia Giulia,Friuli Venezia Giulia,1215220,494285,40.67,0.03
2417,2021-01-20,FVG,748,320,428,13,735,0,ITH,ITH4,6,Friuli-Venezia Giulia,Friuli Venezia Giulia,1215220,495033,40.74,0.06
2418,2021-02-22,FVG,2485,1193,1292,2064,418,3,ITH,ITH4,6,Friuli-Venezia Giulia,Friuli Venezia Giulia,1215220,497518,40.94,0.2
2419,2021-06-02,FVG,9407,4950,4457,9117,280,10,ITH,ITH4,6,Friuli-Venezia Giulia,Friuli Venezia Giulia,1215220,506925,41.71,0.77
2420,2021-02-07,FVG,1564,482,1082,384,1179,1,ITH,ITH4,6,Friuli-Venezia Giulia,Friuli Venezia Giulia,1215220,508489,41.84,0.13
2421,2021-05-18,FVG,10786,5395,5391,8379,2077,330,ITH,ITH4,6,Friuli-Venezia Giulia,Friuli Venezia Giulia,1215220,519275,42.73,0.89
2422,2021-06-01,FVG,10095,5108,4987,7947,2121,27,ITH,ITH4,6,Friuli-Venezia Giulia,Friuli Venezia Giulia,1215220,529370,43.56,0.83
2423,2021-06-20,FVG,6504,3222,3282,1567,4933,4,ITH,ITH4,6,Friuli-Venezia Giulia,Friuli Venezia Giulia,1215220,535874,44.1,0.54
2424,2021-03-29,FVG,7021,3125,3896,5378,1582,61,ITH,ITH4,6,Friuli-Venezia Giulia,Friuli Venezia Giulia,1215220,542895,44.67,0.58
2425,2021-05-26,FVG,13420,6702,6718,9663,3437,320,ITH,ITH4,6,Friuli-Venezia Giulia,Friuli Venezia Giulia,1215220,556315,45.78,1.1
2426,2021-02-15,FVG,2454,911,1543,2196,254,4,ITH,ITH4,6,Friuli-Venezia Giulia,Friuli Venezia Giulia,1215220,558769,45.98,0.2
2427,2021-04-20,FVG,7115,3063,4052,3078,3906,131,ITH,ITH4,6,Friuli-Venezia Giulia,Friuli Venezia Giulia,1215220,565884,46.57,0.59
2428,2021-01-10,FVG,2940,918,2022,2940,0,0,ITH,ITH4,6,Friuli-Venezia Giulia,Friuli Venezia Giulia,1215220,568824,46.81,0.24
2429,2021-04-05,FVG,2895,1438,1457,2830,15,50,ITH,ITH4,6,Friuli-Venezia Giulia,Friuli Venezia Giulia,1215220,571719,47.05,0.24
2430,2021-01-12,FVG,2257,713,1544,2257,0,0,ITH,ITH4,6,Friuli-Venezia Giulia,Friuli Venezia Giulia,1215220,573976,47.23,0.19
2431,2021-01-29,FVG,2412,813,1599,264,2148,0,ITH,ITH4,6,Friuli-Venezia Giulia,Friuli Venezia Giulia,1215220,576388,47.43,0.2
2432,2021-04-22,FVG,6782,3085,3697,3032,3688,62,ITH,ITH4,6,Friuli-Venezia Giulia,Friuli Venezia Giulia,1215220,583170,47.99,0.56
2433,2021-02-19,FVG,3253,1291,1962,2814,427,12,ITH,ITH4,6,Friuli-Venezia Giulia,Friuli Venezia Giulia,1215220,586423,48.26,0.27
2434,2021-04-24,FVG,6681,2950,3731,5207,1243,231,ITH,ITH4,6,Friuli-Venezia Giulia,Friuli Venezia Giulia,1215220,593104,48.81,0.55
2435,2021-06-06,FVG,9459,4616,4843,7907,1548,4,ITH,ITH4,6,Friuli-Venezia Giulia,Friuli Venezia Giulia,1215220,602563,49.58,0.78
2436,2021-02-26,FVG,3735,2093,1642,3560,148,27,ITH,ITH4,6,Friuli-Venezia Giulia,Friuli Venezia Giulia,1215220,606298,49.89,0.31
2437,2021-02-17,FVG,2355,1000,1355,1873,480,2,ITH,ITH4,6,Friuli-Venezia Giulia,Friuli Venezia Giulia,1215220,608653,50.09,0.19
2438,2021-01-17,FVG,1715,522,1193,1713,0,2,ITH,ITH4,6,Friuli-Venezia Giulia,Friuli Venezia Giulia,1215220,610368,50.23,0.14
2439,2021-03-15,FVG,3951,1809,2142,1612,2321,18,ITH,ITH4,6,Friuli-Venezia Giulia,Friuli Venezia Giulia,1215220,614319,50.55,0.33
2440,2021-05-11,FVG,9033,4333,4700,7015,1802,216,ITH,ITH4,6,Friuli-Venezia Giulia,Friuli Venezia Giulia,1215220,623352,51.3,0.74
2441,2021-01-31,FVG,2717,838,1879,385,2332,0,ITH,ITH4,6,Friuli-Venezia Giulia,Friuli Venezia Giulia,1215220,626069,51.52,0.22
2442,2021-07-05,FVG,9456,4811,4645,1280,8030,146,ITH,ITH4,6,Friuli-Venezia Giulia,Friuli Venezia Giulia,1215220,635525,52.3,0.78
2443,2021-06-21,FVG,9131,4453,4678,1899,7229,3,ITH,ITH4,6,Friuli-Venezia Giulia,Friuli Venezia Giulia,1215220,644656,53.05,0.75
2444,2021-03-13,FVG,2942,1124,1818,1658,1272,12,ITH,ITH4,6,Friuli-Venezia Giulia,Friuli Venezia Giulia,1215220,647598,53.29,0.24
2445,2021-05-02,FVG,6897,3247,3650,3805,2958,134,ITH,ITH4,6,Friuli-Venezia Giulia,Friuli Venezia Giulia,1215220,654495,53.86,0.57
2446,2021-05-16,FVG,9989,4780,5209,8364,1399,226,ITH,ITH4,6,Friuli-Venezia Giulia,Friuli Venezia Giulia,1215220,664484,54.68,0.82
2447,2021-06-18,FVG,10651,5207,5444,3382,7263,6,ITH,ITH4,6,Friuli-Venezia Giulia,Friuli Venezia Giulia,1215220,675135,55.56,0.88
2448,2021-03-10,FVG,3587,1698,1889,1740,1794,53,ITH,ITH4,6,Friuli-Venezia Giulia,Friuli Venezia Giulia,1215220,678722,55.85,0.3
2449,2021-02-24,FVG,2524,1088,1436,2496,18,10,ITH,ITH4,6,Friuli-Venezia Giulia,Friuli Venezia Giulia,1215220,681246,56.06,0.21
2450,2021-03-27,FVG,5376,2917,2459,3938,1411,27,ITH,ITH4,6,Friuli-Venezia Giulia,Friuli Venezia Giulia,1215220,686622,56.5,0.44
2451,2021-06-13,FVG,8648,4501,4147,5311,3321,16,ITH,ITH4,6,Friuli-Venezia Giulia,Friuli Venezia Giulia,1215220,695270,57.21,0.71
2452,2021-04-17,FVG,7452,3235,4217,5807,1483,162,ITH,ITH4,6,Friuli-Venezia Giulia,Friuli Venezia Giulia,1215220,702722,57.83,0.61
2453,2021-04-10,FVG,5049,2213,2836,3758,1225,66,ITH,ITH4,6,Friuli-Venezia Giulia,Friuli Venezia Giulia,1215220,707771,58.24,0.42
2454,2021-05-23,FVG,10276,4856,5420,5928,4150,198,ITH,ITH4,6,Friuli-Venezia Giulia,Friuli Venezia Giulia,1215220,718047,59.09,0.85
2455,2020-12-27,FVG,262,149,113,261,0,1,ITH,ITH4,6,Friuli-Venezia Giulia,Friuli Venezia Giulia,1215220,718309,59.11,0.02
2456,2021-02-12,FVG,1193,428,765,1142,47,4,ITH,ITH4,6,Friuli-Venezia Giulia,Friuli Venezia Giulia,1215220,719502,59.21,0.1
2457,2021-05-25,FVG,12918,6382,6536,9290,3312,316,ITH,ITH4,6,Friuli-Venezia Giulia,Friuli Venezia Giulia,1215220,732420,60.27,1.06
2458,2021-06-11,FVG,10620,5783,4837,9762,829,29,ITH,ITH4,6,Friuli-Venezia Giulia,Friuli Venezia Giulia,1215220,743040,61.14,0.87
2459,2021-03-03,FVG,3646,1634,2012,2357,1275,14,ITH,ITH4,6,Friuli-Venezia Giulia,Friuli Venezia Giulia,1215220,746686,61.44,0.3
2460,2021-05-27,FVG,12823,6140,6683,7407,5228,188,ITH,ITH4,6,Friuli-Venezia Giulia,Friuli Venezia Giulia,1215220,759509,62.5,1.06
2461,2021-01-07,FVG,2093,718,1375,2093,0,0,ITH,ITH4,6,Friuli-Venezia Giulia,Friuli Venezia Giulia,1215220,761602,62.67,0.17
2462,2021-03-05,FVG,3772,1511,2261,2633,1074,65,ITH,ITH4,6,Friuli-Venezia Giulia,Friuli Venezia Giulia,1215220,765374,62.98,0.31
2463,2021-04-19,FVG,6712,3134,3578,3205,3416,91,ITH,ITH4,6,Friuli-Venezia Giulia,Friuli Venezia Giulia,1215220,772086,63.53,0.55
2464,2021-01-09,FVG,2513,841,1672,2511,0,2,ITH,ITH4,6,Friuli-Venezia Giulia,Friuli Venezia Giulia,1215220,774599,63.74,0.21
2465,2021-06-15,FVG,11757,5944,5813,5299,6453,5,ITH,ITH4,6,Friuli-Venezia Giulia,Friuli Venezia Giulia,1215220,786356,64.71,0.97
2466,2021-03-07,FVG,2545,932,1613,2489,1,55,ITH,ITH4,6,Friuli-Venezia Giulia,Friuli Venezia Giulia,1215220,788901,64.92,0.21
2467,2020-12-31,FVG,1048,381,667,1047,0,1,ITH,ITH4,6,Friuli-Venezia Giulia,Friuli Venezia Giulia,1215220,789949,65.0,0.09
2468,2021-06-17,FVG,11316,5714,5602,2305,9008,3,ITH,ITH4,6,Friuli-Venezia Giulia,Friuli Venezia Giulia,1215220,801265,65.94,0.93
2469,2021-07-07,FVG,11107,5695,5412,1386,9590,131,ITH,ITH4,6,Friuli-Venezia Giulia,Friuli Venezia Giulia,1215220,812372,66.85,0.91
2470,2021-05-15,FVG,12658,6106,6552,7683,4699,276,ITH,ITH4,6,Friuli-Venezia Giulia,Friuli Venezia Giulia,1215220,825030,67.89,1.04
2471,2021-05-01,FVG,7196,3246,3950,5898,1045,253,ITH,ITH4,6,Friuli-Venezia Giulia,Friuli Venezia Giulia,1215220,832226,68.48,0.59
2472,2021-01-21,FVG,896,345,551,1,895,0,ITH,ITH4,6,Friuli-Venezia Giulia,Friuli Venezia Giulia,1215220,833122,68.56,0.07
2473,2021-02-21,FVG,801,281,520,421,378,2,ITH,ITH4,6,Friuli-Venezia Giulia,Friuli Venezia Giulia,1215220,833923,68.62,0.07
2474,2021-04-03,FVG,4012,1990,2022,2638,1331,43,ITH,ITH4,6,Friuli-Venezia Giulia,Friuli Venezia Giulia,1215220,837935,68.95,0.33
2475,2021-06-10,FVG,10717,5612,5105,9662,1037,18,ITH,ITH4,6,Friuli-Venezia Giulia,Friuli Venezia Giulia,1215220,848652,69.84,0.88
2476,2021-03-19,FVG,3251,1350,1901,1301,1936,14,ITH,ITH4,6,Friuli-Venezia Giulia,Friuli Venezia Giulia,1215220,851903,70.1,0.27
2477,2021-06-27,FVG,7331,3659,3672,3520,3809,2,ITH,ITH4,6,Friuli-Venezia Giulia,Friuli Venezia Giulia,1215220,859234,70.71,0.6
2478,2021-06-29,FVG,11250,5735,5515,1155,9977,118,ITH,ITH4,6,Friuli-Venezia Giulia,Friuli Venezia Giulia,1215220,870484,71.63,0.93
2479,2021-04-07,FVG,7827,3624,4203,6941,782,104,ITH,ITH4,6,Friuli-Venezia Giulia,Friuli Venezia Giulia,1215220,878311,72.28,0.64
2480,2021-01-28,FVG,2240,794,1446,355,1885,0,ITH,ITH4,6,Friuli-Venezia Giulia,Friuli Venezia Giulia,1215220,880551,72.46,0.18
2481,2021-05-08,FVG,10272,4645,5627,5309,4783,180,ITH,ITH4,6,Friuli-Venezia Giulia,Friuli Venezia Giulia,1215220,890823,73.31,0.85
2482,2021-02-14,FVG,1,0,1,0,1,0,ITH,ITH4,6,Friuli-Venezia Giulia,Friuli Venezia Giulia,1215220,890824,73.31,0.0
2483,2021-05-10,FVG,7940,3529,4411,6230,1542,168,ITH,ITH4,6,Friuli-Venezia Giulia,Friuli Venezia Giulia,1215220,898764,73.96,0.65
2484,2021-05-30,FVG,11061,4989,6072,7243,3588,230,ITH,ITH4,6,Friuli-Venezia Giulia,Friuli Venezia Giulia,1215220,909825,74.87,0.91
2485,2021-04-15,FVG,6513,2878,3635,5104,1270,139,ITH,ITH4,6,Friuli-Venezia Giulia,Friuli Venezia Giulia,1215220,916338,75.41,0.54
2486,2021-04-29,FVG,6758,2978,3780,3971,2592,195,ITH,ITH4,6,Friuli-Venezia Giulia,Friuli Venezia Giulia,1215220,923096,75.96,0.56
2487,2021-01-05,FVG,1678,551,1127,1677,0,1,ITH,ITH4,6,Friuli-Venezia Giulia,Friuli Venezia Giulia,1215220,924774,76.1,0.14
2488,2021-02-05,FVG,2610,784,1826,89,2521,0,ITH,ITH4,6,Friuli-Venezia Giulia,Friuli Venezia Giulia,1215220,927384,76.31,0.21
2489,2021-04-14,FVG,7228,3122,4106,5398,1712,118,ITH,ITH4,6,Friuli-Venezia Giulia,Friuli Venezia Giulia,1215220,934612,76.91,0.59
2490,2021-07-06,FVG,10516,5521,4995,827,9598,91,ITH,ITH4,6,Friuli-Venezia Giulia,Friuli Venezia Giulia,1215220,945128,77.77,0.87
2491,2021-06-03,FVG,12372,6713,5659,10258,2076,38,ITH,ITH4,6,Friuli-Venezia Giulia,Friuli Venezia Giulia,1215220,957500,78.79,1.02
2492,2021-01-19,FVG,6,2,4,6,0,0,ITH,ITH4,6,Friuli-Venezia Giulia,Friuli Venezia Giulia,1215220,957506,78.79,0.0
2493,2021-07-04,FVG,8558,4386,4172,2731,5563,264,ITH,ITH4,6,Friuli-Venezia Giulia,Friuli Venezia Giulia,1215220,966064,79.5,0.7
2494,2021-03-26,FVG,6004,2605,3399,3830,2017,157,ITH,ITH4,6,Friuli-Venezia Giulia,Friuli Venezia Giulia,1215220,972068,79.99,0.49
2495,2021-03-12,FVG,4102,1696,2406,2698,1381,23,ITH,ITH4,6,Friuli-Venezia Giulia,Friuli Venezia Giulia,1215220,976170,80.33,0.34
2496,2021-01-02,FVG,1216,470,746,1216,0,0,ITH,ITH4,6,Friuli-Venezia Giulia,Friuli Venezia Giulia,1215220,977386,80.43,0.1
2497,2021-04-12,FVG,7271,3187,4084,5999,1132,140,ITH,ITH4,6,Friuli-Venezia Giulia,Friuli Venezia Giulia,1215220,984657,81.03,0.6
2498,2021-06-22,FVG,11472,5914,5558,2391,9073,8,ITH,ITH4,6,Friuli-Venezia Giulia,Friuli Venezia Giulia,1215220,996129,81.97,0.94
2499,2021-05-29,FVG,12018,5846,6172,6792,4987,239,ITH,ITH4,6,Friuli-Venezia Giulia,Friuli Venezia Giulia,1215220,1008147,82.96,0.99
2500,2021-07-11,FVG,6494,3407,3087,2178,4002,314,ITH,ITH4,6,Friuli-Venezia Giulia,Friuli Venezia Giulia,1215220,1014641,83.49,0.53
2501,2021-05-22,FVG,11580,5202,6378,7096,4239,245,ITH,ITH4,6,Friuli-Venezia Giulia,Friuli Venezia Giulia,1215220,1026221,84.45,0.95
2502,2021-05-03,FVG,7215,3290,3925,3315,3785,115,ITH,ITH4,6,Friuli-Venezia Giulia,Friuli Venezia Giulia,1215220,1033436,85.04,0.59
2503,2021-01-14,FVG,2584,789,1795,2581,0,3,ITH,ITH4,6,Friuli-Venezia Giulia,Friuli Venezia Giulia,1215220,1036020,85.25,0.21
2504,2021-06-08,FVG,10324,5410,4914,9849,446,29,ITH,ITH4,6,Friuli-Venezia Giulia,Friuli Venezia Giulia,1215220,1046344,86.1,0.85
2505,2021-02-28,FVG,2686,1003,1683,2265,394,27,ITH,ITH4,6,Friuli-Venezia Giulia,Friuli Venezia Giulia,1215220,1049030,86.32,0.22
2506,2021-04-26,FVG,5461,2450,3011,3691,1649,121,ITH,ITH4,6,Friuli-Venezia Giulia,Friuli Venezia Giulia,1215220,1054491,86.77,0.45
2507,2021-04-18,FVG,6037,2799,3238,5448,407,182,ITH,ITH4,6,Friuli-Venezia Giulia,Friuli Venezia Giulia,1215220,1060528,87.27,0.5
2508,2021-01-08,FVG,2321,746,1575,2321,0,0,ITH,ITH4,6,Friuli-Venezia Giulia,Friuli Venezia Giulia,1215220,1062849,87.46,0.19
2509,2021-06-14,FVG,10035,4844,5191,5223,4805,7,ITH,ITH4,6,Friuli-Venezia Giulia,Friuli Venezia Giulia,1215220,1072884,88.29,0.83
2510,2021-02-20,FVG,2068,933,1135,1921,144,3,ITH,ITH4,6,Friuli-Venezia Giulia,Friuli Venezia Giulia,1215220,1074952,88.46,0.17
2511,2021-01-22,FVG,89,29,60,0,89,0,ITH,ITH4,6,Friuli-Venezia Giulia,Friuli Venezia Giulia,1215220,1075041,88.46,0.01
2512,2021-03-06,FVG,3500,1196,2304,3147,325,28,ITH,ITH4,6,Friuli-Venezia Giulia,Friuli Venezia Giulia,1215220,1078541,88.75,0.29
2513,2021-05-06,FVG,11902,5530,6372,7673,3968,261,ITH,ITH4,6,Friuli-Venezia Giulia,Friuli Venezia Giulia,1215220,1090443,89.73,0.98
2514,2021-07-02,FVG,10905,5634,5271,1933,8768,204,ITH,ITH4,6,Friuli-Venezia Giulia,Friuli Venezia Giulia,1215220,1101348,90.63,0.9
2515,2021-06-25,FVG,10720,5394,5326,2192,8521,7,ITH,ITH4,6,Friuli-Venezia Giulia,Friuli Venezia Giulia,1215220,1112068,91.51,0.88
2516,2021-07-09,FVG,11377,6007,5370,1981,9106,290,ITH,ITH4,6,Friuli-Venezia Giulia,Friuli Venezia Giulia,1215220,1123445,92.45,0.94
2517,2021-03-17,FVG,3236,1267,1969,739,2491,6,ITH,ITH4,6,Friuli-Venezia Giulia,Friuli Venezia Giulia,1215220,1126681,92.71,0.27
2518,2021-05-13,FVG,11154,5378,5776,8730,2061,363,ITH,ITH4,6,Friuli-Venezia Giulia,Friuli Venezia Giulia,1215220,1137835,93.63,0.92
2519,2021-02-16,FVG,2516,1135,1381,2397,116,3,ITH,ITH4,6,Friuli-Venezia Giulia,Friuli Venezia Giulia,1215220,1140351,93.84,0.21
2520,2021-03-24,FVG,3974,1717,2257,2464,1481,29,ITH,ITH4,6,Friuli-Venezia Giulia,Friuli Venezia Giulia,1215220,1144325,94.17,0.33
2521,2021-05-20,FVG,12697,6309,6388,9808,2514,375,ITH,ITH4,6,Friuli-Venezia Giulia,Friuli Venezia Giulia,1215220,1157022,95.21,1.04
2522,2021-01-26,FVG,1977,647,1330,216,1760,1,ITH,ITH4,6,Friuli-Venezia Giulia,Friuli Venezia Giulia,1215220,1158999,95.37,0.16
2523,2021-02-09,FVG,1842,555,1287,1556,286,0,ITH,ITH4,6,Friuli-Venezia Giulia,Friuli Venezia Giulia,1215220,1160841,95.53,0.15
2524,2021-02-02,FVG,2467,806,1661,217,2250,0,ITH,ITH4,6,Friuli-Venezia Giulia,Friuli Venezia Giulia,1215220,1163308,95.73,0.2
2525,2021-03-31,FVG,8116,3560,4556,7156,846,114,ITH,ITH4,6,Friuli-Venezia Giulia,Friuli Venezia Giulia,1215220,1171424,96.4,0.67
2526,2021-06-05,LIG,8088,4115,3973,4936,3152,0,ITC,ITC3,7,Liguria,Liguria,1550640,8088,0.52,0.52
2527,2021-04-09,LIG,12456,5560,6896,10550,1766,140,ITC,ITC3,7,Liguria,Liguria,1550640,20544,1.32,0.8
2528,2021-03-31,LIG,11925,5275,6650,9049,2770,106,ITC,ITC3,7,Liguria,Liguria,1550640,32469,2.09,0.77
2529,2021-02-11,LIG,1981,769,1212,1094,878,9,ITC,ITC3,7,Liguria,Liguria,1550640,34450,2.22,0.13
2530,2021-05-22,LIG,6649,3220,3429,4870,1684,95,ITC,ITC3,7,Liguria,Liguria,1550640,41099,2.65,0.43
2531,2021-06-10,LIG,18739,9671,9068,13112,5623,4,ITC,ITC3,7,Liguria,Liguria,1550640,59838,3.86,1.21
2532,2021-03-19,LIG,5296,2234,3062,2095,3146,55,ITC,ITC3,7,Liguria,Liguria,1550640,65134,4.2,0.34
2533,2021-03-02,LIG,4074,1689,2385,3753,310,11,ITC,ITC3,7,Liguria,Liguria,1550640,69208,4.46,0.26
2534,2021-07-11,LIG,2137,1187,950,1234,894,9,ITC,ITC3,7,Liguria,Liguria,1550640,71345,4.6,0.14
2535,2021-06-24,LIG,11033,5388,5645,6247,4774,12,ITC,ITC3,7,Liguria,Liguria,1550640,82378,5.31,0.71
2536,2021-04-02,LIG,11789,5219,6570,9207,2487,95,ITC,ITC3,7,Liguria,Liguria,1550640,94167,6.07,0.76
2537,2021-03-26,LIG,9332,4025,5307,6068,3155,109,ITC,ITC3,7,Liguria,Liguria,1550640,103499,6.67,0.6
2538,2021-07-04,LIG,4845,2576,2269,3838,992,15,ITC,ITC3,7,Liguria,Liguria,1550640,108344,6.99,0.31
2539,2021-01-02,LIG,691,245,446,691,0,0,ITC,ITC3,7,Liguria,Liguria,1550640,109035,7.03,0.04
2540,2021-06-15,LIG,17400,8460,8940,9326,8061,13,ITC,ITC3,7,Liguria,Liguria,1550640,126435,8.15,1.12
2541,2021-02-16,LIG,2427,956,1471,1995,423,9,ITC,ITC3,7,Liguria,Liguria,1550640,128862,8.31,0.16
2542,2021-05-27,LIG,16885,8654,8231,12571,4146,168,ITC,ITC3,7,Liguria,Liguria,1550640,145747,9.4,1.09
2543,2021-04-14,LIG,13075,5671,7404,10749,2201,125,ITC,ITC3,7,Liguria,Liguria,1550640,158822,10.24,0.84
2544,2021-05-29,LIG,6865,3253,3612,3976,2870,19,ITC,ITC3,7,Liguria,Liguria,1550640,165687,10.69,0.44
2545,2021-02-09,LIG,1952,694,1258,264,1686,2,ITC,ITC3,7,Liguria,Liguria,1550640,167639,10.81,0.13
2546,2021-01-28,LIG,2847,971,1876,39,2808,0,ITC,ITC3,7,Liguria,Liguria,1550640,170486,10.99,0.18
2547,2021-01-21,LIG,1106,385,721,674,431,1,ITC,ITC3,7,Liguria,Liguria,1550640,171592,11.07,0.07
2548,2021-03-14,LIG,1659,752,907,1033,604,22,ITC,ITC3,7,Liguria,Liguria,1550640,173251,11.17,0.11
2549,2021-06-22,LIG,15772,7446,8326,7638,8110,24,ITC,ITC3,7,Liguria,Liguria,1550640,189023,12.19,1.02
2550,2021-07-06,LIG,12203,6008,6195,5652,6517,34,ITC,ITC3,7,Liguria,Liguria,1550640,201226,12.98,0.79
2551,2021-05-10,LIG,12647,5641,7006,6209,6374,64,ITC,ITC3,7,Liguria,Liguria,1550640,213873,13.79,0.82
2552,2021-05-03,LIG,13279,5922,7357,6327,6815,137,ITC,ITC3,7,Liguria,Liguria,1550640,227152,14.65,0.86
2553,2021-03-21,LIG,550,220,330,69,481,0,ITC,ITC3,7,Liguria,Liguria,1550640,227702,14.68,0.04
2554,2021-01-23,LIG,809,295,514,153,656,0,ITC,ITC3,7,Liguria,Liguria,1550640,228511,14.74,0.05
2555,2021-02-28,LIG,1058,580,478,1042,9,7,ITC,ITC3,7,Liguria,Liguria,1550640,229569,14.8,0.07
2556,2021-04-26,LIG,10559,4982,5577,7817,2637,105,ITC,ITC3,7,Liguria,Liguria,1550640,240128,15.49,0.68
2557,2021-01-16,LIG,1278,557,721,1273,0,5,ITC,ITC3,7,Liguria,Liguria,1550640,241406,15.57,0.08
2558,2021-02-02,LIG,2671,1005,1666,127,2542,2,ITC,ITC3,7,Liguria,Liguria,1550640,244077,15.74,0.17
2559,2021-04-28,LIG,14447,6520,7927,6345,7986,116,ITC,ITC3,7,Liguria,Liguria,1550640,258524,16.67,0.93
2560,2021-02-04,LIG,2817,986,1831,179,2638,0,ITC,ITC3,7,Liguria,Liguria,1550640,261341,16.85,0.18
2561,2021-05-15,LIG,7306,3264,4042,4274,2954,78,ITC,ITC3,7,Liguria,Liguria,1550640,268647,17.32,0.47
2562,2021-02-21,LIG,869,491,378,857,4,8,ITC,ITC3,7,Liguria,Liguria,1550640,269516,17.38,0.06
2563,2020-12-28,LIG,80,30,50,80,0,0,ITC,ITC3,7,Liguria,Liguria,1550640,269596,17.39,0.01
2564,2021-06-03,LIG,15520,7689,7831,9152,6361,7,ITC,ITC3,7,Liguria,Liguria,1550640,285116,18.39,1.0
2565,2021-04-07,LIG,13679,6108,7571,11301,2288,90,ITC,ITC3,7,Liguria,Liguria,1550640,298795,19.27,0.88
2566,2021-02-23,LIG,3806,1559,2247,3657,109,40,ITC,ITC3,7,Liguria,Liguria,1550640,302601,19.51,0.25
2567,2021-06-14,LIG,15093,7288,7805,8247,6844,2,ITC,ITC3,7,Liguria,Liguria,1550640,317694,20.49,0.97
2568,2021-02-25,LIG,3457,1349,2108,3307,130,20,ITC,ITC3,7,Liguria,Liguria,1550640,321151,20.71,0.22
2569,2021-04-23,LIG,14672,6638,8034,8408,6120,144,ITC,ITC3,7,Liguria,Liguria,1550640,335823,21.66,0.95
2570,2021-03-11,LIG,6398,3089,3309,4331,2010,57,ITC,ITC3,7,Liguria,Liguria,1550640,342221,22.07,0.41
2571,2021-01-13,LIG,2758,1014,1744,2757,0,1,ITC,ITC3,7,Liguria,Liguria,1550640,344979,22.25,0.18
2572,2021-04-21,LIG,14249,6434,7815,8800,5328,121,ITC,ITC3,7,Liguria,Liguria,1550640,359228,23.17,0.92
2573,2021-05-08,LIG,7527,3333,4194,2270,5213,44,ITC,ITC3,7,Liguria,Liguria,1550640,366755,23.65,0.49
2574,2021-01-25,LIG,2727,889,1838,476,2250,1,ITC,ITC3,7,Liguria,Liguria,1550640,369482,23.83,0.18
2575,2021-05-05,LIG,13712,6135,7577,5188,8418,106,ITC,ITC3,7,Liguria,Liguria,1550640,383194,24.71,0.88
2576,2021-03-07,LIG,1915,1138,777,1590,301,24,ITC,ITC3,7,Liguria,Liguria,1550640,385109,24.84,0.12
2577,2021-06-17,LIG,16614,7891,8723,9089,7509,16,ITC,ITC3,7,Liguria,Liguria,1550640,401723,25.91,1.07
2578,2021-06-02,LIG,8529,4341,4188,5361,3168,0,ITC,ITC3,7,Liguria,Liguria,1550640,410252,26.46,0.55
2579,2021-01-14,LIG,2982,1055,1927,2980,0,2,ITC,ITC3,7,Liguria,Liguria,1550640,413234,26.65,0.19
2580,2021-03-12,LIG,6216,2873,3343,3688,2471,57,ITC,ITC3,7,Liguria,Liguria,1550640,419450,27.05,0.4
2581,2021-07-01,LIG,13414,6465,6949,7321,6061,32,ITC,ITC3,7,Liguria,Liguria,1550640,432864,27.92,0.87
2582,2021-06-29,LIG,15070,7175,7895,8656,6382,32,ITC,ITC3,7,Liguria,Liguria,1550640,447934,28.89,0.97
2583,2021-05-17,LIG,12026,5520,6506,8654,3322,50,ITC,ITC3,7,Liguria,Liguria,1550640,459960,29.66,0.78
2584,2021-01-30,LIG,1661,567,1094,23,1637,1,ITC,ITC3,7,Liguria,Liguria,1550640,461621,29.77,0.11
2585,2021-03-28,LIG,1141,511,630,378,751,12,ITC,ITC3,7,Liguria,Liguria,1550640,462762,29.84,0.07
2586,2021-01-09,LIG,1335,481,854,1334,0,1,ITC,ITC3,7,Liguria,Liguria,1550640,464097,29.93,0.09
2587,2021-04-19,LIG,12833,5618,7215,8899,3831,103,ITC,ITC3,7,Liguria,Liguria,1550640,476930,30.76,0.83
2588,2020-12-30,LIG,12,5,7,12,0,0,ITC,ITC3,7,Liguria,Liguria,1550640,476942,30.76,0.0
2589,2021-07-03,LIG,8776,4351,4425,5466,3298,12,ITC,ITC3,7,Liguria,Liguria,1550640,485718,31.32,0.57
2590,2021-04-11,LIG,4246,1929,2317,3942,249,55,ITC,ITC3,7,Liguria,Liguria,1550640,489964,31.6,0.27
2591,2021-03-04,LIG,4738,2118,2620,3834,847,57,ITC,ITC3,7,Liguria,Liguria,1550640,494702,31.9,0.31
2592,2021-06-12,LIG,10230,4974,5256,7478,2752,0,ITC,ITC3,7,Liguria,Liguria,1550640,504932,32.56,0.66
2593,2021-04-30,LIG,14420,6440,7980,5732,8568,120,ITC,ITC3,7,Liguria,Liguria,1550640,519352,33.49,0.93
2594,2021-01-04,LIG,2616,855,1761,2615,0,1,ITC,ITC3,7,Liguria,Liguria,1550640,521968,33.66,0.17
2595,2021-06-21,LIG,14796,7020,7776,8554,6227,15,ITC,ITC3,7,Liguria,Liguria,1550640,536764,34.62,0.95
2596,2021-04-16,LIG,12002,5293,6709,10004,1829,169,ITC,ITC3,7,Liguria,Liguria,1550640,548766,35.39,0.77
2597,2021-01-06,LIG,1660,616,1044,1657,0,3,ITC,ITC3,7,Liguria,Liguria,1550640,550426,35.5,0.11
2598,2021-06-19,LIG,7364,3749,3615,5688,1660,16,ITC,ITC3,7,Liguria,Liguria,1550640,557790,35.97,0.47
2599,2021-02-18,LIG,2768,1126,1642,2422,335,11,ITC,ITC3,7,Liguria,Liguria,1550640,560558,36.15,0.18
2600,2021-05-14,LIG,13107,5838,7269,8593,4327,187,ITC,ITC3,7,Liguria,Liguria,1550640,573665,37.0,0.85
2601,2021-05-31,LIG,14640,7329,7311,9031,5514,95,ITC,ITC3,7,Liguria,Liguria,1550640,588305,37.94,0.94
2602,2021-03-09,LIG,5932,2754,3178,4440,1431,61,ITC,ITC3,7,Liguria,Liguria,1550640,594237,38.32,0.38
2603,2021-05-19,LIG,13571,5962,7609,10306,3120,145,ITC,ITC3,7,Liguria,Liguria,1550640,607808,39.2,0.88
2604,2021-03-23,LIG,9273,4221,5052,5981,3209,83,ITC,ITC3,7,Liguria,Liguria,1550640,617081,39.8,0.6
2605,2021-02-01,LIG,2559,923,1636,90,2469,0,ITC,ITC3,7,Liguria,Liguria,1550640,619640,39.96,0.17
2606,2021-07-08,LIG,13432,6590,6842,6131,7264,37,ITC,ITC3,7,Liguria,Liguria,1550640,633072,40.83,0.87
2607,2021-05-12,LIG,12035,5452,6583,6575,5347,113,ITC,ITC3,7,Liguria,Liguria,1550640,645107,41.6,0.78
2608,2021-05-26,LIG,16656,8412,8244,12128,4373,155,ITC,ITC3,7,Liguria,Liguria,1550640,661763,42.68,1.07
2609,2021-03-30,LIG,12214,5428,6786,8737,3388,89,ITC,ITC3,7,Liguria,Liguria,1550640,673977,43.46,0.79
2610,2021-04-06,LIG,13247,5902,7345,10881,2260,106,ITC,ITC3,7,Liguria,Liguria,1550640,687224,44.32,0.85
2611,2021-02-08,LIG,1978,742,1236,306,1672,0,ITC,ITC3,7,Liguria,Liguria,1550640,689202,44.45,0.13
2612,2020-12-27,LIG,135,56,79,134,0,1,ITC,ITC3,7,Liguria,Liguria,1550640,689337,44.45,0.01
2613,2021-03-16,LIG,6083,2731,3352,2309,3733,41,ITC,ITC3,7,Liguria,Liguria,1550640,695420,44.85,0.39
2614,2021-01-11,LIG,2654,991,1663,2653,0,1,ITC,ITC3,7,Liguria,Liguria,1550640,698074,45.02,0.17
2615,2021-07-12,LIG,4448,2149,2299,1466,2966,16,ITC,ITC3,7,Liguria,Liguria,1550640,702522,45.31,0.29
2616,2021-01-10,LIG,648,262,386,644,0,4,ITC,ITC3,7,Liguria,Liguria,1550640,703170,45.35,0.04
2617,2021-04-20,LIG,14232,6516,7716,9708,4351,173,ITC,ITC3,7,Liguria,Liguria,1550640,717402,46.26,0.92
2618,2021-05-23,LIG,2305,1119,1186,1169,1123,13,ITC,ITC3,7,Liguria,Liguria,1550640,719707,46.41,0.15
2619,2021-01-18,LIG,2142,747,1395,1983,157,2,ITC,ITC3,7,Liguria,Liguria,1550640,721849,46.55,0.14
2620,2021-06-16,LIG,15974,7684,8290,8969,6995,10,ITC,ITC3,7,Liguria,Liguria,1550640,737823,47.58,1.03
2621,2021-03-08,LIG,5624,2459,3165,3894,1689,41,ITC,ITC3,7,Liguria,Liguria,1550640,743447,47.94,0.36
2622,2021-03-25,LIG,9767,4232,5535,6227,3392,148,ITC,ITC3,7,Liguria,Liguria,1550640,753214,48.57,0.63
2623,2021-01-01,LIG,144,55,89,144,0,0,ITC,ITC3,7,Liguria,Liguria,1550640,753358,48.58,0.01
2624,2021-03-27,LIG,3932,1549,2383,2485,1395,52,ITC,ITC3,7,Liguria,Liguria,1550640,757290,48.84,0.25
2625,2021-07-05,LIG,11778,5720,6058,5321,6422,35,ITC,ITC3,7,Liguria,Liguria,1550640,769068,49.6,0.76
2626,2021-03-06,LIG,3304,1842,1462,2550,705,49,ITC,ITC3,7,Liguria,Liguria,1550640,772372,49.81,0.21
2627,2021-01-22,LIG,1819,604,1215,1330,486,3,ITC,ITC3,7,Liguria,Liguria,1550640,774191,49.93,0.12
2628,2021-05-02,LIG,3978,1836,2142,505,3467,6,ITC,ITC3,7,Liguria,Liguria,1550640,778169,50.18,0.26
2629,2021-05-04,LIG,13647,6085,7562,5333,8228,86,ITC,ITC3,7,Liguria,Liguria,1550640,791816,51.06,0.88
2630,2021-05-09,LIG,2824,1244,1580,1086,1709,29,ITC,ITC3,7,Liguria,Liguria,1550640,794640,51.25,0.18
2631,2021-01-29,LIG,3082,1064,2018,67,3015,0,ITC,ITC3,7,Liguria,Liguria,1550640,797722,51.44,0.2
2632,2021-02-15,LIG,2262,839,1423,1855,397,10,ITC,ITC3,7,Liguria,Liguria,1550640,799984,51.59,0.15
2633,2021-01-03,LIG,734,230,504,732,0,2,ITC,ITC3,7,Liguria,Liguria,1550640,800718,51.64,0.05
2634,2021-05-24,LIG,11829,5565,6264,9232,2495,102,ITC,ITC3,7,Liguria,Liguria,1550640,812547,52.4,0.76
2635,2021-05-07,LIG,13593,6040,7553,5733,7792,68,ITC,ITC3,7,Liguria,Liguria,1550640,826140,53.28,0.88
2636,2021-02-13,LIG,1080,508,572,797,280,3,ITC,ITC3,7,Liguria,Liguria,1550640,827220,53.35,0.07
2637,2021-06-07,LIG,15685,7654,8031,8666,7012,7,ITC,ITC3,7,Liguria,Liguria,1550640,842905,54.36,1.01
2638,2021-06-26,LIG,7137,3311,3826,4486,2641,10,ITC,ITC3,7,Liguria,Liguria,1550640,850042,54.82,0.46
2639,2021-07-10,LIG,6767,3416,3351,2743,4016,8,ITC,ITC3,7,Liguria,Liguria,1550640,856809,55.26,0.44
2640,2021-04-04,LIG,756,366,390,499,249,8,ITC,ITC3,7,Liguria,Liguria,1550640,857565,55.3,0.05
2641,2021-04-18,LIG,2613,1164,1449,2074,468,71,ITC,ITC3,7,Liguria,Liguria,1550640,860178,55.47,0.17
2642,2021-01-08,LIG,2930,999,1931,2928,0,2,ITC,ITC3,7,Liguria,Liguria,1550640,863108,55.66,0.19
2643,2021-01-27,LIG,1744,603,1141,140,1603,1,ITC,ITC3,7,Liguria,Liguria,1550640,864852,55.77,0.11
2644,2021-05-21,LIG,12843,5954,6889,9573,3125,145,ITC,ITC3,7,Liguria,Liguria,1550640,877695,56.6,0.83
2645,2021-02-27,LIG,1888,921,967,1750,129,9,ITC,ITC3,7,Liguria,Liguria,1550640,879583,56.72,0.12
2646,2021-02-10,LIG,2315,837,1478,1015,1296,4,ITC,ITC3,7,Liguria,Liguria,1550640,881898,56.87,0.15
2647,2021-06-28,LIG,11559,5591,5968,7240,4279,40,ITC,ITC3,7,Liguria,Liguria,1550640,893457,57.62,0.75
2648,2021-03-20,LIG,2316,995,1321,1124,1174,18,ITC,ITC3,7,Liguria,Liguria,1550640,895773,57.77,0.15
2649,2021-06-30,LIG,15017,7164,7853,8209,6767,41,ITC,ITC3,7,Liguria,Liguria,1550640,910790,58.74,0.97
2650,2021-01-15,LIG,2257,755,1502,2252,0,5,ITC,ITC3,7,Liguria,Liguria,1550640,913047,58.88,0.15
2651,2021-04-25,LIG,1935,920,1015,1506,415,14,ITC,ITC3,7,Liguria,Liguria,1550640,914982,59.01,0.12
2652,2021-02-20,LIG,1335,637,698,1330,1,4,ITC,ITC3,7,Liguria,Liguria,1550640,916317,59.09,0.09
2653,2021-05-16,LIG,3705,1862,1843,2118,1560,27,ITC,ITC3,7,Liguria,Liguria,1550640,920022,59.33,0.24
2654,2021-02-22,LIG,3343,1476,1867,3191,142,10,ITC,ITC3,7,Liguria,Liguria,1550640,923365,59.55,0.22
2655,2021-04-27,LIG,14779,6682,8097,7108,7586,85,ITC,ITC3,7,Liguria,Liguria,1550640,938144,60.5,0.95
2656,2021-02-03,LIG,2316,791,1525,54,2262,0,ITC,ITC3,7,Liguria,Liguria,1550640,940460,60.65,0.15
2657,2021-04-29,LIG,15579,6979,8600,6582,8842,155,ITC,ITC3,7,Liguria,Liguria,1550640,956039,61.65,1.0
2658,2021-04-12,LIG,12389,5476,6913,10276,2019,94,ITC,ITC3,7,Liguria,Liguria,1550640,968428,62.45,0.8
2659,2021-01-19,LIG,1374,439,935,1280,90,4,ITC,ITC3,7,Liguria,Liguria,1550640,969802,62.54,0.09
2660,2021-02-05,LIG,2682,987,1695,303,2377,2,ITC,ITC3,7,Liguria,Liguria,1550640,972484,62.72,0.17
2661,2021-03-13,LIG,3849,1637,2212,2949,855,45,ITC,ITC3,7,Liguria,Liguria,1550640,976333,62.96,0.25
2662,2021-06-23,LIG,14254,6818,7436,9066,5169,19,ITC,ITC3,7,Liguria,Liguria,1550640,990587,63.88,0.92
2663,2021-02-14,LIG,233,122,111,233,0,0,ITC,ITC3,7,Liguria,Liguria,1550640,990820,63.9,0.02
2664,2021-05-25,LIG,14113,6866,7247,10806,3179,128,ITC,ITC3,7,Liguria,Liguria,1550640,1004933,64.81,0.91
2665,2021-03-22,LIG,7745,3467,4278,4735,2937,73,ITC,ITC3,7,Liguria,Liguria,1550640,1012678,65.31,0.5
2666,2021-02-07,LIG,407,153,254,2,405,0,ITC,ITC3,7,Liguria,Liguria,1550640,1013085,65.33,0.03
2667,2021-05-18,LIG,13465,6119,7346,10035,3293,137,ITC,ITC3,7,Liguria,Liguria,1550640,1026550,66.2,0.87
2668,2021-05-20,LIG,12871,5973,6898,8720,4025,126,ITC,ITC3,7,Liguria,Liguria,1550640,1039421,67.03,0.83
2669,2021-03-01,LIG,3539,1447,2092,3383,136,20,ITC,ITC3,7,Liguria,Liguria,1550640,1042960,67.26,0.23
2670,2021-06-09,LIG,19044,9557,9487,12482,6558,4,ITC,ITC3,7,Liguria,Liguria,1550640,1062004,68.49,1.23
2671,2021-04-03,LIG,5407,2499,2908,4428,943,36,ITC,ITC3,7,Liguria,Liguria,1550640,1067411,68.84,0.35
2672,2021-04-13,LIG,13079,5867,7212,10940,2025,114,ITC,ITC3,7,Liguria,Liguria,1550640,1080490,69.68,0.84
2673,2021-05-13,LIG,13296,6080,7216,8882,4246,168,ITC,ITC3,7,Liguria,Liguria,1550640,1093786,70.54,0.86
2674,2021-02-19,LIG,3219,1306,1913,2988,176,55,ITC,ITC3,7,Liguria,Liguria,1550640,1097005,70.75,0.21
2675,2021-05-30,LIG,3302,1613,1689,1348,1941,13,ITC,ITC3,7,Liguria,Liguria,1550640,1100307,70.96,0.21
2676,2021-06-01,LIG,16160,8116,8044,10790,5366,4,ITC,ITC3,7,Liguria,Liguria,1550640,1116467,72.0,1.04
2677,2021-06-18,LIG,15300,7455,7845,8150,7132,18,ITC,ITC3,7,Liguria,Liguria,1550640,1131767,72.99,0.99
2678,2021-03-10,LIG,5901,2862,3039,3929,1907,65,ITC,ITC3,7,Liguria,Liguria,1550640,1137668,73.37,0.38
2679,2021-03-24,LIG,9180,4033,5147,5808,3287,85,ITC,ITC3,7,Liguria,Liguria,1550640,1146848,73.96,0.59
2680,2021-07-02,LIG,12910,6339,6571,6419,6460,31,ITC,ITC3,7,Liguria,Liguria,1550640,1159758,74.79,0.83
2681,2020-12-31,LIG,990,353,637,990,0,0,ITC,ITC3,7,Liguria,Liguria,1550640,1160748,74.86,0.06
2682,2021-04-10,LIG,7888,3561,4327,6890,914,84,ITC,ITC3,7,Liguria,Liguria,1550640,1168636,75.36,0.51
2683,2021-01-17,LIG,866,301,565,865,0,1,ITC,ITC3,7,Liguria,Liguria,1550640,1169502,75.42,0.06
2684,2021-01-20,LIG,1552,555,997,1537,12,3,ITC,ITC3,7,Liguria,Liguria,1550640,1171054,75.52,0.1
2685,2021-07-09,LIG,12572,6149,6423,4208,8345,19,ITC,ITC3,7,Liguria,Liguria,1550640,1183626,76.33,0.81
2686,2021-03-18,LIG,4986,2124,2862,1972,2979,35,ITC,ITC3,7,Liguria,Liguria,1550640,1188612,76.65,0.32
2687,2021-04-01,LIG,12426,5511,6915,9567,2770,89,ITC,ITC3,7,Liguria,Liguria,1550640,1201038,77.45,0.8
2688,2021-06-08,LIG,18081,9019,9062,11446,6629,6,ITC,ITC3,7,Liguria,Liguria,1550640,1219119,78.62,1.17
2689,2021-03-17,LIG,5552,2368,3184,2451,3079,22,ITC,ITC3,7,Liguria,Liguria,1550640,1224671,78.98,0.36
2690,2021-06-25,LIG,13746,6574,7172,6870,6862,14,ITC,ITC3,7,Liguria,Liguria,1550640,1238417,79.86,0.89
2691,2021-05-06,LIG,14521,6442,8079,6039,8325,157,ITC,ITC3,7,Liguria,Liguria,1550640,1252938,80.8,0.94
2692,2021-01-26,LIG,2488,807,1681,16,2472,0,ITC,ITC3,7,Liguria,Liguria,1550640,1255426,80.96,0.16
2693,2021-01-24,LIG,757,237,520,114,643,0,ITC,ITC3,7,Liguria,Liguria,1550640,1256183,81.01,0.05
2694,2021-06-27,LIG,1942,890,1052,691,1241,10,ITC,ITC3,7,Liguria,Liguria,1550640,1258125,81.14,0.13
2695,2021-02-12,LIG,1935,690,1245,895,1038,2,ITC,ITC3,7,Liguria,Liguria,1550640,1260060,81.26,0.12
2696,2021-01-07,LIG,3226,1095,2131,3223,0,3,ITC,ITC3,7,Liguria,Liguria,1550640,1263286,81.47,0.21
2697,2021-06-13,LIG,5616,2695,2921,5162,454,0,ITC,ITC3,7,Liguria,Liguria,1550640,1268902,81.83,0.36
2698,2021-04-17,LIG,7384,3218,4166,6562,750,72,ITC,ITC3,7,Liguria,Liguria,1550640,1276286,82.31,0.48
2699,2021-05-01,LIG,7143,3257,3886,1303,5801,39,ITC,ITC3,7,Liguria,Liguria,1550640,1283429,82.77,0.46
2700,2021-03-05,LIG,4869,2150,2719,3674,1132,63,ITC,ITC3,7,Liguria,Liguria,1550640,1288298,83.08,0.31
2701,2021-06-06,LIG,3809,2031,1778,2947,862,0,ITC,ITC3,7,Liguria,Liguria,1550640,1292107,83.33,0.25
2702,2021-04-24,LIG,8218,3795,4423,4957,3152,109,ITC,ITC3,7,Liguria,Liguria,1550640,1300325,83.86,0.53
2703,2021-02-26,LIG,3766,1524,2242,3412,329,25,ITC,ITC3,7,Liguria,Liguria,1550640,1304091,84.1,0.24
2704,2021-06-20,LIG,1333,658,675,1051,275,7,ITC,ITC3,7,Liguria,Liguria,1550640,1305424,84.19,0.09
2705,2021-04-05,LIG,3978,1753,2225,2303,1649,26,ITC,ITC3,7,Liguria,Liguria,1550640,1309402,84.44,0.26
2706,2021-05-11,LIG,13916,6389,7527,7180,6617,119,ITC,ITC3,7,Liguria,Liguria,1550640,1323318,85.34,0.9
2707,2021-03-29,LIG,10583,4621,5962,7344,3132,107,ITC,ITC3,7,Liguria,Liguria,1550640,1333901,86.02,0.68
2708,2021-01-31,LIG,624,270,354,9,615,0,ITC,ITC3,7,Liguria,Liguria,1550640,1334525,86.06,0.04
2709,2021-07-07,LIG,11633,5571,6062,4912,6704,17,ITC,ITC3,7,Liguria,Liguria,1550640,1346158,86.81,0.75
2710,2021-03-15,LIG,7245,3096,4149,4490,2706,49,ITC,ITC3,7,Liguria,Liguria,1550640,1353403,87.28,0.47
2711,2021-02-06,LIG,1892,768,1124,145,1747,0,ITC,ITC3,7,Liguria,Liguria,1550640,1355295,87.4,0.12
2712,2021-06-11,LIG,17814,9072,8742,11747,6065,2,ITC,ITC3,7,Liguria,Liguria,1550640,1373109,88.55,1.15
2713,2021-04-15,LIG,11841,5236,6605,9885,1851,105,ITC,ITC3,7,Liguria,Liguria,1550640,1384950,89.31,0.76
2714,2021-04-08,LIG,13748,6162,7586,11550,2045,153,ITC,ITC3,7,Liguria,Liguria,1550640,1398698,90.2,0.89
2715,2021-06-04,LIG,14737,7235,7502,9244,5487,6,ITC,ITC3,7,Liguria,Liguria,1550640,1413435,91.15,0.95
2716,2021-02-17,LIG,2690,1182,1508,2252,426,12,ITC,ITC3,7,Liguria,Liguria,1550640,1416125,91.33,0.17
2717,2021-05-28,LIG,16278,8127,8151,11592,4538,148,ITC,ITC3,7,Liguria,Liguria,1550640,1432403,92.37,1.05
2718,2021-01-05,LIG,2878,895,1983,2878,0,0,ITC,ITC3,7,Liguria,Liguria,1550640,1435281,92.56,0.19
2719,2021-03-03,LIG,4581,1847,2734,3444,1027,110,ITC,ITC3,7,Liguria,Liguria,1550640,1439862,92.86,0.3
2720,2021-02-24,LIG,3764,1560,2204,3448,258,58,ITC,ITC3,7,Liguria,Liguria,1550640,1443626,93.1,0.24
2721,2020-12-29,LIG,125,33,92,125,0,0,ITC,ITC3,7,Liguria,Liguria,1550640,1443751,93.11,0.01
2722,2021-01-12,LIG,2469,887,1582,2468,0,1,ITC,ITC3,7,Liguria,Liguria,1550640,1446220,93.27,0.16
2723,2021-04-22,LIG,13854,6209,7645,8615,5079,160,ITC,ITC3,7,Liguria,Liguria,1550640,1460074,94.16,0.89
2724,2021-06-05,TOS,28425,13594,14831,20551,7610,264,ITI,ITI1,9,Toscana,Toscana,3729641,28425,0.76,0.76
2725,2021-01-11,TOS,5095,1691,3404,4995,0,100,ITI,ITI1,9,Toscana,Toscana,3729641,33520,0.9,0.14
2726,2021-04-21,TOS,29621,12678,16943,16864,12127,630,ITI,ITI1,9,Toscana,Toscana,3729641,63141,1.69,0.79
2727,2021-02-23,TOS,7723,3325,4398,7219,161,343,ITI,ITI1,9,Toscana,Toscana,3729641,70864,1.9,0.21
2728,2021-06-03,TOS,31999,15412,16587,27129,4548,322,ITI,ITI1,9,Toscana,Toscana,3729641,102863,2.76,0.86
2729,2021-01-16,TOS,3271,1046,2225,3213,0,58,ITI,ITI1,9,Toscana,Toscana,3729641,106134,2.85,0.09
2730,2021-04-26,TOS,10143,4933,5210,7458,2553,132,ITI,ITI1,9,Toscana,Toscana,3729641,116277,3.12,0.27
2731,2021-01-02,TOS,3497,1096,2401,3453,0,44,ITI,ITI1,9,Toscana,Toscana,3729641,119774,3.21,0.09
2732,2021-03-07,TOS,5647,2357,3290,1997,3544,106,ITI,ITI1,9,Toscana,Toscana,3729641,125421,3.36,0.15
2733,2021-05-22,TOS,26017,12658,13359,21457,4286,274,ITI,ITI1,9,Toscana,Toscana,3729641,151438,4.06,0.7
2734,2021-05-05,TOS,30112,13439,16673,14880,14511,721,ITI,ITI1,9,Toscana,Toscana,3729641,181550,4.87,0.81
2735,2021-02-28,TOS,1649,667,982,851,727,71,ITI,ITI1,9,Toscana,Toscana,3729641,183199,4.91,0.04
2736,2021-02-11,TOS,5384,2022,3362,5064,242,78,ITI,ITI1,9,Toscana,Toscana,3729641,188583,5.06,0.14
2737,2021-02-09,TOS,4488,1468,3020,3763,611,114,ITI,ITI1,9,Toscana,Toscana,3729641,193071,5.18,0.12
2738,2021-04-07,TOS,35824,15462,20362,28167,7249,408,ITI,ITI1,9,Toscana,Toscana,3729641,228895,6.14,0.96
2739,2021-06-12,TOS,29382,15147,14235,24650,4387,345,ITI,ITI1,9,Toscana,Toscana,3729641,258277,6.92,0.79
2740,2021-04-16,TOS,28946,12879,16067,21426,6898,622,ITI,ITI1,9,Toscana,Toscana,3729641,287223,7.7,0.78
2741,2021-06-22,TOS,31005,15593,15412,22439,8192,374,ITI,ITI1,9,Toscana,Toscana,3729641,318228,8.53,0.83
2742,2021-05-17,TOS,29695,14813,14882,20621,8873,201,ITI,ITI1,9,Toscana,Toscana,3729641,347923,9.33,0.8
2743,2021-03-21,TOS,3293,1627,1666,1818,1433,42,ITI,ITI1,9,Toscana,Toscana,3729641,351216,9.42,0.09
2744,2021-01-23,TOS,3966,1360,2606,634,3326,6,ITI,ITI1,9,Toscana,Toscana,3729641,355182,9.52,0.11
2745,2021-06-29,TOS,36971,17995,18976,7977,28851,143,ITI,ITI1,9,Toscana,Toscana,3729641,392153,10.51,0.99
2746,2021-05-03,TOS,11927,5507,6420,10369,1317,241,ITI,ITI1,9,Toscana,Toscana,3729641,404080,10.83,0.32
2747,2021-01-28,TOS,6282,1882,4400,347,5928,7,ITI,ITI1,9,Toscana,Toscana,3729641,410362,11.0,0.17
2748,2021-03-19,TOS,10142,4460,5682,7131,2868,143,ITI,ITI1,9,Toscana,Toscana,3729641,420504,11.27,0.27
2749,2021-07-01,TOS,32014,15484,16530,10716,21031,267,ITI,ITI1,9,Toscana,Toscana,3729641,452518,12.13,0.86
2750,2021-03-26,TOS,20679,9393,11286,14716,5765,198,ITI,ITI1,9,Toscana,Toscana,3729641,473197,12.69,0.55
2751,2021-03-09,TOS,11130,4568,6562,5504,5552,74,ITI,ITI1,9,Toscana,Toscana,3729641,484327,12.99,0.3
2752,2021-04-09,TOS,24596,10580,14016,20744,3409,443,ITI,ITI1,9,Toscana,Toscana,3729641,508923,13.65,0.66
2753,2021-06-17,TOS,32495,16635,15860,26650,5514,331,ITI,ITI1,9,Toscana,Toscana,3729641,541418,14.52,0.87
2754,2021-02-04,TOS,4253,1594,2659,934,3292,27,ITI,ITI1,9,Toscana,Toscana,3729641,545671,14.63,0.11
2755,2021-04-02,TOS,31989,13569,18420,23714,8027,248,ITI,ITI1,9,Toscana,Toscana,3729641,577660,15.49,0.86
2756,2021-07-11,TOS,25450,12322,13128,9120,16163,167,ITI,ITI1,9,Toscana,Toscana,3729641,603110,16.17,0.68
2757,2021-06-24,TOS,29420,14601,14819,19299,9734,387,ITI,ITI1,9,Toscana,Toscana,3729641,632530,16.96,0.79
2758,2021-02-16,TOS,9280,3340,5940,8329,721,230,ITI,ITI1,9,Toscana,Toscana,3729641,641810,17.21,0.25
2759,2021-05-02,TOS,11167,4931,6236,8968,1964,235,ITI,ITI1,9,Toscana,Toscana,3729641,652977,17.51,0.3
2760,2021-02-25,TOS,10633,4306,6327,9471,998,164,ITI,ITI1,9,Toscana,Toscana,3729641,663610,17.79,0.29
2761,2021-06-28,TOS,37638,18100,19538,8437,29035,166,ITI,ITI1,9,Toscana,Toscana,3729641,701248,18.8,1.01
2762,2021-01-20,TOS,1332,638,694,1021,248,63,ITI,ITI1,9,Toscana,Toscana,3729641,702580,18.84,0.04
2763,2021-03-02,TOS,10599,3799,6800,7046,3444,109,ITI,ITI1,9,Toscana,Toscana,3729641,713179,19.12,0.28
2764,2021-01-04,TOS,5066,1895,3171,5001,0,65,ITI,ITI1,9,Toscana,Toscana,3729641,718245,19.26,0.14
2765,2021-04-14,TOS,20183,8345,11838,14539,5109,535,ITI,ITI1,9,Toscana,Toscana,3729641,738428,19.8,0.54
2766,2021-06-14,TOS,31782,16321,15461,27397,4104,281,ITI,ITI1,9,Toscana,Toscana,3729641,770210,20.65,0.85
2767,2021-03-04,TOS,17847,6950,10897,14616,3082,149,ITI,ITI1,9,Toscana,Toscana,3729641,788057,21.13,0.48
2768,2021-06-10,TOS,26361,13522,12839,25486,534,341,ITI,ITI1,9,Toscana,Toscana,3729641,814418,21.84,0.71
2769,2021-05-24,TOS,33727,16705,17022,23857,9568,302,ITI,ITI1,9,Toscana,Toscana,3729641,848145,22.74,0.9
2770,2021-01-25,TOS,5127,1895,3232,242,4880,5,ITI,ITI1,9,Toscana,Toscana,3729641,853272,22.88,0.14
2771,2021-04-18,TOS,8359,4091,4268,7060,1029,270,ITI,ITI1,9,Toscana,Toscana,3729641,861631,23.1,0.22
2772,2021-03-28,TOS,6212,2808,3404,5880,254,78,ITI,ITI1,9,Toscana,Toscana,3729641,867843,23.27,0.17
2773,2021-01-30,TOS,4622,1622,3000,179,4425,18,ITI,ITI1,9,Toscana,Toscana,3729641,872465,23.39,0.12
2774,2021-07-06,TOS,25751,13020,12731,11042,14491,218,ITI,ITI1,9,Toscana,Toscana,3729641,898216,24.08,0.69
2775,2021-05-10,TOS,26191,12386,13805,15328,10619,244,ITI,ITI1,9,Toscana,Toscana,3729641,924407,24.79,0.7
2776,2021-03-14,TOS,7174,2569,4605,3150,3935,89,ITI,ITI1,9,Toscana,Toscana,3729641,931581,24.98,0.19
2777,2021-01-21,TOS,1589,686,903,858,722,9,ITI,ITI1,9,Toscana,Toscana,3729641,933170,25.02,0.04
2778,2021-06-02,TOS,27570,13606,13964,21835,5507,228,ITI,ITI1,9,Toscana,Toscana,3729641,960740,25.76,0.74
2779,2021-04-06,TOS,22225,9823,12402,18095,3717,413,ITI,ITI1,9,Toscana,Toscana,3729641,982965,26.36,0.6
2780,2021-02-08,TOS,4097,1360,2737,3527,459,111,ITI,ITI1,9,Toscana,Toscana,3729641,987062,26.47,0.11
2781,2021-05-19,TOS,27948,13569,14379,18624,9044,280,ITI,ITI1,9,Toscana,Toscana,3729641,1015010,27.21,0.75
2782,2021-04-13,TOS,8486,3505,4981,5749,2457,280,ITI,ITI1,9,Toscana,Toscana,3729641,1023496,27.44,0.23
2783,2021-05-15,TOS,29339,13851,15488,22864,5887,588,ITI,ITI1,9,Toscana,Toscana,3729641,1052835,28.23,0.79
2784,2021-04-28,TOS,19121,8179,10942,3466,15307,348,ITI,ITI1,9,Toscana,Toscana,3729641,1071956,28.74,0.51
2785,2021-02-18,TOS,8822,3285,5537,7744,896,182,ITI,ITI1,9,Toscana,Toscana,3729641,1080778,28.98,0.24
2786,2021-05-29,TOS,31560,15258,16302,23172,8161,227,ITI,ITI1,9,Toscana,Toscana,3729641,1112338,29.82,0.85
2787,2021-03-23,TOS,9428,4402,5026,6963,2275,190,ITI,ITI1,9,Toscana,Toscana,3729641,1121766,30.08,0.25
2788,2020-12-30,TOS,327,104,223,326,0,1,ITI,ITI1,9,Toscana,Toscana,3729641,1122093,30.09,0.01
2789,2021-01-09,TOS,4485,1596,2889,4419,0,66,ITI,ITI1,9,Toscana,Toscana,3729641,1126578,30.21,0.12
2790,2021-03-18,TOS,9980,3984,5996,5870,3972,138,ITI,ITI1,9,Toscana,Toscana,3729641,1136558,30.47,0.27
2791,2021-06-26,TOS,34526,16749,17777,9999,24302,225,ITI,ITI1,9,Toscana,Toscana,3729641,1171084,31.4,0.93
2792,2021-06-09,TOS,34749,17518,17231,33908,425,416,ITI,ITI1,9,Toscana,Toscana,3729641,1205833,32.33,0.93
2793,2021-04-30,TOS,40194,17787,22407,19650,19894,650,ITI,ITI1,9,Toscana,Toscana,3729641,1246027,33.41,1.08
2794,2021-04-25,TOS,11058,5248,5810,8758,2140,160,ITI,ITI1,9,Toscana,Toscana,3729641,1257085,33.71,0.3
2795,2021-01-13,TOS,4062,1398,2664,3998,0,64,ITI,ITI1,9,Toscana,Toscana,3729641,1261147,33.81,0.11
2796,2021-04-23,TOS,25645,11415,14230,8838,16305,502,ITI,ITI1,9,Toscana,Toscana,3729641,1286792,34.5,0.69
2797,2021-06-21,TOS,31154,15455,15699,18135,12765,254,ITI,ITI1,9,Toscana,Toscana,3729641,1317946,35.34,0.84
2798,2021-01-06,TOS,4519,1460,3059,4467,0,52,ITI,ITI1,9,Toscana,Toscana,3729641,1322465,35.46,0.12
2799,2021-03-11,TOS,15897,6348,9549,12393,3329,175,ITI,ITI1,9,Toscana,Toscana,3729641,1338362,35.88,0.43
2800,2021-06-19,TOS,26464,13888,12576,21384,4752,328,ITI,ITI1,9,Toscana,Toscana,3729641,1364826,36.59,0.71
2801,2021-07-10,TOS,28922,13975,14947,7913,20829,180,ITI,ITI1,9,Toscana,Toscana,3729641,1393748,37.37,0.78
2802,2021-05-07,TOS,32128,14694,17434,11572,20148,408,ITI,ITI1,9,Toscana,Toscana,3729641,1425876,38.23,0.86
2803,2021-02-13,TOS,7786,2361,5425,7416,227,143,ITI,ITI1,9,Toscana,Toscana,3729641,1433662,38.44,0.21
2804,2021-02-06,TOS,4527,1550,2977,1262,3233,32,ITI,ITI1,9,Toscana,Toscana,3729641,1438189,38.56,0.12
2805,2021-06-11,TOS,29704,15452,14252,24728,4623,353,ITI,ITI1,9,Toscana,Toscana,3729641,1467893,39.36,0.8
2806,2021-04-15,TOS,24404,10195,14209,15305,8573,526,ITI,ITI1,9,Toscana,Toscana,3729641,1492297,40.01,0.65
2807,2021-02-17,TOS,8176,3170,5006,7305,752,119,ITI,ITI1,9,Toscana,Toscana,3729641,1500473,40.23,0.22
2808,2021-02-20,TOS,4640,1789,2851,3995,513,132,ITI,ITI1,9,Toscana,Toscana,3729641,1505113,40.36,0.12
2809,2021-05-31,TOS,30286,14607,15679,19222,10823,241,ITI,ITI1,9,Toscana,Toscana,3729641,1535399,41.17,0.81
2810,2021-05-14,TOS,33316,15405,17911,20019,12663,634,ITI,ITI1,9,Toscana,Toscana,3729641,1568715,42.06,0.89
2811,2021-01-01,TOS,2370,788,1582,2325,0,45,ITI,ITI1,9,Toscana,Toscana,3729641,1571085,42.12,0.06
2812,2021-04-11,TOS,3645,1680,1965,3337,155,153,ITI,ITI1,9,Toscana,Toscana,3729641,1574730,42.22,0.1
2813,2021-07-03,TOS,29367,14790,14577,11853,17142,372,ITI,ITI1,9,Toscana,Toscana,3729641,1604097,43.01,0.79
2814,2021-03-06,TOS,7110,2852,4258,2832,4196,82,ITI,ITI1,9,Toscana,Toscana,3729641,1611207,43.2,0.19
2815,2021-02-03,TOS,4222,1452,2770,237,3981,4,ITI,ITI1,9,Toscana,Toscana,3729641,1615429,43.31,0.11
2816,2021-01-15,TOS,3878,1347,2531,3818,0,60,ITI,ITI1,9,Toscana,Toscana,3729641,1619307,43.42,0.1
2817,2021-04-04,TOS,13922,6609,7313,13508,253,161,ITI,ITI1,9,Toscana,Toscana,3729641,1633229,43.79,0.37
2818,2021-03-16,TOS,4899,1882,3017,2565,2251,83,ITI,ITI1,9,Toscana,Toscana,3729641,1638128,43.92,0.13
2819,2021-02-27,TOS,1984,756,1228,1007,902,75,ITI,ITI1,9,Toscana,Toscana,3729641,1640112,43.98,0.05
2820,2021-06-07,TOS,34849,17072,17777,30914,3604,331,ITI,ITI1,9,Toscana,Toscana,3729641,1674961,44.91,0.93
2821,2021-05-21,TOS,28893,13459,15434,17201,11419,273,ITI,ITI1,9,Toscana,Toscana,3729641,1703854,45.68,0.77
2822,2021-03-01,TOS,4474,1734,2740,767,3641,66,ITI,ITI1,9,Toscana,Toscana,3729641,1708328,45.8,0.12
2823,2021-05-23,TOS,28411,13660,14751,25559,2560,292,ITI,ITI1,9,Toscana,Toscana,3729641,1736739,46.57,0.76
2824,2021-03-20,TOS,6586,2977,3609,5363,1136,87,ITI,ITI1,9,Toscana,Toscana,3729641,1743325,46.74,0.18
2825,2021-01-22,TOS,2866,1064,1802,525,2338,3,ITI,ITI1,9,Toscana,Toscana,3729641,1746191,46.82,0.08
2826,2021-07-07,TOS,25296,12431,12865,9326,15792,178,ITI,ITI1,9,Toscana,Toscana,3729641,1771487,47.5,0.68
2827,2021-03-27,TOS,8863,4154,4709,8514,215,134,ITI,ITI1,9,Toscana,Toscana,3729641,1780350,47.74,0.24
2828,2021-05-28,TOS,30083,13917,16166,17412,12444,227,ITI,ITI1,9,Toscana,Toscana,3729641,1810433,48.54,0.81
2829,2021-04-22,TOS,35696,15293,20403,17387,17486,823,ITI,ITI1,9,Toscana,Toscana,3729641,1846129,49.5,0.96
2830,2021-02-24,TOS,10371,4467,5904,10040,197,134,ITI,ITI1,9,Toscana,Toscana,3729641,1856500,49.78,0.28
2831,2021-06-04,TOS,28282,13408,14874,20240,7780,262,ITI,ITI1,9,Toscana,Toscana,3729641,1884782,50.54,0.76
2832,2021-04-08,TOS,29683,12557,17126,22937,6386,360,ITI,ITI1,9,Toscana,Toscana,3729641,1914465,51.33,0.8
2833,2021-03-03,TOS,18228,6538,11690,14498,3606,124,ITI,ITI1,9,Toscana,Toscana,3729641,1932693,51.82,0.49
2834,2021-01-05,TOS,5249,1755,3494,5193,0,56,ITI,ITI1,9,Toscana,Toscana,3729641,1937942,51.96,0.14
2835,2021-05-12,TOS,34200,15574,18626,13581,20032,587,ITI,ITI1,9,Toscana,Toscana,3729641,1972142,52.88,0.92
2836,2021-01-18,TOS,1119,636,483,971,98,50,ITI,ITI1,9,Toscana,Toscana,3729641,1973261,52.91,0.03
2837,2021-02-01,TOS,5509,1958,3551,511,4988,10,ITI,ITI1,9,Toscana,Toscana,3729641,1978770,53.06,0.15
2838,2021-04-27,TOS,10354,4916,5438,3667,6487,200,ITI,ITI1,9,Toscana,Toscana,3729641,1989124,53.33,0.28
2839,2021-01-17,TOS,2535,870,1665,1986,514,35,ITI,ITI1,9,Toscana,Toscana,3729641,1991659,53.4,0.07
2840,2021-02-05,TOS,5749,2245,3504,1890,3825,34,ITI,ITI1,9,Toscana,Toscana,3729641,1997408,53.55,0.15
2841,2021-05-16,TOS,26675,12886,13789,23888,2467,320,ITI,ITI1,9,Toscana,Toscana,3729641,2024083,54.27,0.72
2842,2021-05-11,TOS,27950,12983,14967,12115,15467,368,ITI,ITI1,9,Toscana,Toscana,3729641,2052033,55.02,0.75
2843,2021-03-13,TOS,9288,3310,5978,5172,3964,152,ITI,ITI1,9,Toscana,Toscana,3729641,2061321,55.27,0.25
2844,2021-01-08,TOS,5947,1643,4304,5854,0,93,ITI,ITI1,9,Toscana,Toscana,3729641,2067268,55.43,0.16
2845,2021-07-12,TOS,11245,5479,5766,4360,6742,143,ITI,ITI1,9,Toscana,Toscana,3729641,2078513,55.73,0.3
2846,2021-04-01,TOS,27056,11230,15826,16162,10662,232,ITI,ITI1,9,Toscana,Toscana,3729641,2105569,56.46,0.73
2847,2021-03-15,TOS,8698,3645,5053,4084,4443,171,ITI,ITI1,9,Toscana,Toscana,3729641,2114267,56.69,0.23
2848,2021-06-23,TOS,31508,15272,16236,19786,11371,351,ITI,ITI1,9,Toscana,Toscana,3729641,2145775,57.53,0.84
2849,2021-01-10,TOS,3002,1105,1897,2948,0,54,ITI,ITI1,9,Toscana,Toscana,3729641,2148777,57.61,0.08
2850,2021-04-20,TOS,18160,8109,10051,12229,5574,357,ITI,ITI1,9,Toscana,Toscana,3729641,2166937,58.1,0.49
2851,2021-04-03,TOS,15013,6646,8367,13674,1126,213,ITI,ITI1,9,Toscana,Toscana,3729641,2181950,58.5,0.4
2852,2021-01-27,TOS,4835,1573,3262,201,4629,5,ITI,ITI1,9,Toscana,Toscana,3729641,2186785,58.63,0.13
2853,2021-03-17,TOS,11421,4587,6834,6799,4529,93,ITI,ITI1,9,Toscana,Toscana,3729641,2198206,58.94,0.31
2854,2021-06-25,TOS,33569,16771,16798,12112,21182,275,ITI,ITI1,9,Toscana,Toscana,3729641,2231775,59.84,0.9
2855,2021-06-08,TOS,32522,16661,15861,31724,442,356,ITI,ITI1,9,Toscana,Toscana,3729641,2264297,60.71,0.87
2856,2021-02-26,TOS,10080,3834,6246,8659,1206,215,ITI,ITI1,9,Toscana,Toscana,3729641,2274377,60.98,0.27
2857,2021-01-29,TOS,6144,1700,4444,292,5840,12,ITI,ITI1,9,Toscana,Toscana,3729641,2280521,61.15,0.16
2858,2021-05-09,TOS,22533,9768,12765,9418,12861,254,ITI,ITI1,9,Toscana,Toscana,3729641,2303054,61.75,0.6
2859,2021-05-20,TOS,29734,13887,15847,18607,10815,312,ITI,ITI1,9,Toscana,Toscana,3729641,2332788,62.55,0.8
2860,2021-01-31,TOS,3050,1129,1921,103,2944,3,ITI,ITI1,9,Toscana,Toscana,3729641,2335838,62.63,0.08
2861,2021-04-05,TOS,15285,6826,8459,14376,737,172,ITI,ITI1,9,Toscana,Toscana,3729641,2351123,63.04,0.41
2862,2021-02-07,TOS,2807,953,1854,867,1920,20,ITI,ITI1,9,Toscana,Toscana,3729641,2353930,63.11,0.08
2863,2021-05-18,TOS,28835,14269,14566,19742,8821,272,ITI,ITI1,9,Toscana,Toscana,3729641,2382765,63.89,0.77
2864,2021-06-18,TOS,30744,16210,14534,24980,5368,396,ITI,ITI1,9,Toscana,Toscana,3729641,2413509,64.71,0.82
2865,2021-03-25,TOS,23896,10377,13519,15296,8352,248,ITI,ITI1,9,Toscana,Toscana,3729641,2437405,65.35,0.64
2866,2021-04-12,TOS,2616,1187,1429,1795,654,167,ITI,ITI1,9,Toscana,Toscana,3729641,2440021,65.42,0.07
2867,2021-05-13,TOS,35041,15452,19589,13200,21201,640,ITI,ITI1,9,Toscana,Toscana,3729641,2475062,66.36,0.94
2868,2021-04-29,TOS,39303,17703,21600,18565,20081,657,ITI,ITI1,9,Toscana,Toscana,3729641,2514365,67.42,1.05
2869,2021-03-24,TOS,20015,8303,11712,10418,9456,141,ITI,ITI1,9,Toscana,Toscana,3729641,2534380,67.95,0.54
2870,2021-02-10,TOS,4263,1281,2982,3584,523,156,ITI,ITI1,9,Toscana,Toscana,3729641,2538643,68.07,0.11
2871,2021-05-04,TOS,18313,8215,10098,12428,5451,434,ITI,ITI1,9,Toscana,Toscana,3729641,2556956,68.56,0.49
2872,2021-02-12,TOS,7618,2694,4924,7296,213,109,ITI,ITI1,9,Toscana,Toscana,3729641,2564574,68.76,0.2
2873,2021-01-26,TOS,5393,1792,3601,216,5173,4,ITI,ITI1,9,Toscana,Toscana,3729641,2569967,68.91,0.14
2874,2021-05-06,TOS,31329,13620,17709,13481,17168,680,ITI,ITI1,9,Toscana,Toscana,3729641,2601296,69.75,0.84
2875,2021-04-19,TOS,9097,4510,4587,7755,1032,310,ITI,ITI1,9,Toscana,Toscana,3729641,2610393,69.99,0.24
2876,2021-04-17,TOS,20534,9207,11327,17921,2134,479,ITI,ITI1,9,Toscana,Toscana,3729641,2630927,70.54,0.55
2877,2021-01-24,TOS,3349,1073,2276,198,3148,3,ITI,ITI1,9,Toscana,Toscana,3729641,2634276,70.63,0.09
2878,2021-06-06,TOS,28297,13649,14648,22577,5361,359,ITI,ITI1,9,Toscana,Toscana,3729641,2662573,71.39,0.76
2879,2021-06-30,TOS,38236,18498,19738,8451,29572,213,ITI,ITI1,9,Toscana,Toscana,3729641,2700809,72.41,1.03
2880,2021-02-14,TOS,9000,2569,6431,8740,110,150,ITI,ITI1,9,Toscana,Toscana,3729641,2709809,72.66,0.24
2881,2021-05-25,TOS,34167,16487,17680,19264,14619,284,ITI,ITI1,9,Toscana,Toscana,3729641,2743976,73.57,0.92
2882,2021-03-29,TOS,9670,4828,4842,9216,324,130,ITI,ITI1,9,Toscana,Toscana,3729641,2753646,73.83,0.26
2883,2021-07-05,TOS,30449,15034,15415,10339,19882,228,ITI,ITI1,9,Toscana,Toscana,3729641,2784095,74.65,0.82
2884,2021-03-08,TOS,6707,2945,3762,1844,4820,43,ITI,ITI1,9,Toscana,Toscana,3729641,2790802,74.83,0.18
2885,2021-06-16,TOS,31739,16249,15490,26254,5169,316,ITI,ITI1,9,Toscana,Toscana,3729641,2822541,75.68,0.85
2886,2021-05-30,TOS,28682,13946,14736,21495,6945,242,ITI,ITI1,9,Toscana,Toscana,3729641,2851223,76.45,0.77
2887,2021-07-04,TOS,31491,15285,16206,9371,21833,287,ITI,ITI1,9,Toscana,Toscana,3729641,2882714,77.29,0.84
2888,2020-12-31,TOS,802,201,601,798,0,4,ITI,ITI1,9,Toscana,Toscana,3729641,2883516,77.31,0.02
2889,2021-04-10,TOS,11722,5349,6373,10746,743,233,ITI,ITI1,9,Toscana,Toscana,3729641,2895238,77.63,0.31
2890,2021-02-19,TOS,8292,2952,5340,7602,513,177,ITI,ITI1,9,Toscana,Toscana,3729641,2903530,77.85,0.22
2891,2021-02-21,TOS,5105,2089,3016,4730,170,205,ITI,ITI1,9,Toscana,Toscana,3729641,2908635,77.99,0.14
2892,2021-06-01,TOS,26911,13366,13545,22852,3814,245,ITI,ITI1,9,Toscana,Toscana,3729641,2935546,78.71,0.72
2893,2021-07-02,TOS,28186,14134,14052,10802,17105,279,ITI,ITI1,9,Toscana,Toscana,3729641,2963732,79.46,0.76
2894,2021-06-15,TOS,31186,16055,15131,26289,4564,333,ITI,ITI1,9,Toscana,Toscana,3729641,2994918,80.3,0.84
2895,2021-03-10,TOS,18373,7408,10965,14252,4018,103,ITI,ITI1,9,Toscana,Toscana,3729641,3013291,80.79,0.49
2896,2021-02-02,TOS,3743,1475,2268,189,3547,7,ITI,ITI1,9,Toscana,Toscana,3729641,3017034,80.89,0.1
2897,2021-01-07,TOS,6018,1751,4267,5932,0,86,ITI,ITI1,9,Toscana,Toscana,3729641,3023052,81.05,0.16
2898,2021-01-19,TOS,1106,533,573,1064,0,42,ITI,ITI1,9,Toscana,Toscana,3729641,3024158,81.08,0.03
2899,2021-01-12,TOS,3581,1398,2183,3508,0,73,ITI,ITI1,9,Toscana,Toscana,3729641,3027739,81.18,0.1
2900,2021-05-27,TOS,28325,13173,15152,13268,14835,222,ITI,ITI1,9,Toscana,Toscana,3729641,3056064,81.94,0.76
2901,2021-03-31,TOS,32709,13253,19456,20220,12163,326,ITI,ITI1,9,Toscana,Toscana,3729641,3088773,82.82,0.88
2902,2021-07-09,TOS,28795,13948,14847,7690,20915,190,ITI,ITI1,9,Toscana,Toscana,3729641,3117568,83.59,0.77
2903,2021-03-22,TOS,5251,2763,2488,4678,444,129,ITI,ITI1,9,Toscana,Toscana,3729641,3122819,83.73,0.14
2904,2021-05-26,TOS,35592,17103,18489,20123,15201,268,ITI,ITI1,9,Toscana,Toscana,3729641,3158411,84.68,0.95
2905,2021-03-30,TOS,17019,7643,9376,13267,3564,188,ITI,ITI1,9,Toscana,Toscana,3729641,3175430,85.14,0.46
2906,2021-07-08,TOS,20909,10261,10648,9223,11450,236,ITI,ITI1,9,Toscana,Toscana,3729641,3196339,85.7,0.56
2907,2020-12-27,TOS,620,267,353,615,0,5,ITI,ITI1,9,Toscana,Toscana,3729641,3196959,85.72,0.02
2908,2021-01-03,TOS,3336,1052,2284,3290,0,46,ITI,ITI1,9,Toscana,Toscana,3729641,3200295,85.81,0.09
2909,2021-02-15,TOS,8770,3376,5394,7775,826,169,ITI,ITI1,9,Toscana,Toscana,3729641,3209065,86.04,0.24
2910,2021-02-22,TOS,9817,4253,5564,9168,277,372,ITI,ITI1,9,Toscana,Toscana,3729641,3218882,86.31,0.26
2911,2021-05-08,TOS,29150,13112,16038,13287,15472,391,ITI,ITI1,9,Toscana,Toscana,3729641,3248032,87.09,0.78
2912,2021-03-12,TOS,16976,6614,10362,13267,3528,181,ITI,ITI1,9,Toscana,Toscana,3729641,3265008,87.54,0.46
2913,2021-01-14,TOS,3255,1179,2076,3220,0,35,ITI,ITI1,9,Toscana,Toscana,3729641,3268263,87.63,0.09
2914,2021-06-20,TOS,25176,12486,12690,15421,9517,238,ITI,ITI1,9,Toscana,Toscana,3729641,3293439,88.3,0.68
2915,2021-04-24,TOS,13434,6168,7266,5623,7443,368,ITI,ITI1,9,Toscana,Toscana,3729641,3306873,88.66,0.36
2916,2021-06-27,TOS,33295,16073,17222,5924,27243,128,ITI,ITI1,9,Toscana,Toscana,3729641,3340168,89.56,0.89
2917,2021-05-01,TOS,23317,10065,13252,13724,9183,410,ITI,ITI1,9,Toscana,Toscana,3729641,3363485,90.18,0.63
2918,2021-03-05,TOS,16877,6688,10189,11947,4754,176,ITI,ITI1,9,Toscana,Toscana,3729641,3380362,90.64,0.45
2919,2021-06-13,TOS,24607,12347,12260,22597,1662,348,ITI,ITI1,9,Toscana,Toscana,3729641,3404969,91.29,0.66
2920,2021-02-04,LOM,27821,8109,19712,2007,25808,6,ITC,ITC4,3,Lombardia,Lombardia,10060574,27821,0.28,0.28
2921,2021-04-09,LOM,52384,22366,30018,35553,15993,838,ITC,ITC4,3,Lombardia,Lombardia,10060574,80205,0.8,0.52
2922,2021-04-04,LOM,7611,3230,4381,3682,3895,34,ITC,ITC4,3,Lombardia,Lombardia,10060574,87816,0.87,0.08
2923,2021-04-02,LOM,41264,16881,24383,26191,14514,559,ITC,ITC4,3,Lombardia,Lombardia,10060574,129080,1.28,0.41
2924,2021-02-16,LOM,9506,3073,6433,8957,448,101,ITC,ITC4,3,Lombardia,Lombardia,10060574,138586,1.38,0.09
2925,2021-06-10,LOM,102586,52222,50364,86378,14410,1798,ITC,ITC4,3,Lombardia,Lombardia,10060574,241172,2.4,1.02
2926,2021-03-02,LOM,22814,9703,13111,19505,3040,269,ITC,ITC4,3,Lombardia,Lombardia,10060574,263986,2.62,0.23
2927,2020-12-28,LOM,107,47,60,107,0,0,ITC,ITC4,3,Lombardia,Lombardia,10060574,264093,2.63,0.0
2928,2021-04-21,LOM,71825,32562,39263,55786,14664,1375,ITC,ITC4,3,Lombardia,Lombardia,10060574,335918,3.34,0.71
2929,2021-01-11,LOM,16264,5379,10885,16254,0,10,ITC,ITC4,3,Lombardia,Lombardia,10060574,352182,3.5,0.16
2930,2021-01-28,LOM,12227,3703,8524,794,11426,7,ITC,ITC4,3,Lombardia,Lombardia,10060574,364409,3.62,0.12
2931,2021-03-28,LOM,20483,7818,12665,13934,6165,384,ITC,ITC4,3,Lombardia,Lombardia,10060574,384892,3.83,0.2
2932,2021-04-14,LOM,47173,21025,26148,33523,12971,679,ITC,ITC4,3,Lombardia,Lombardia,10060574,432065,4.29,0.47
2933,2021-01-04,LOM,6105,2106,3999,6099,0,6,ITC,ITC4,3,Lombardia,Lombardia,10060574,438170,4.36,0.06
2934,2021-06-19,LOM,104261,51968,52293,56248,46590,1423,ITC,ITC4,3,Lombardia,Lombardia,10060574,542431,5.39,1.04
2935,2021-07-06,LOM,99237,49385,49852,22421,75443,1373,ITC,ITC4,3,Lombardia,Lombardia,10060574,641668,6.38,0.99
2936,2021-05-24,LOM,89510,43482,46028,48580,39996,934,ITC,ITC4,3,Lombardia,Lombardia,10060574,731178,7.27,0.89
2937,2021-02-11,LOM,17082,5011,12071,9629,7374,79,ITC,ITC4,3,Lombardia,Lombardia,10060574,748260,7.44,0.17
2938,2021-05-31,LOM,95646,47395,48251,78341,16200,1105,ITC,ITC4,3,Lombardia,Lombardia,10060574,843906,8.39,0.95
2939,2021-03-26,LOM,41312,15696,25616,27493,13149,670,ITC,ITC4,3,Lombardia,Lombardia,10060574,885218,8.8,0.41
2940,2021-05-22,LOM,70592,33833,36759,31721,38157,714,ITC,ITC4,3,Lombardia,Lombardia,10060574,955810,9.5,0.7
2941,2021-04-28,LOM,95726,43664,52062,66846,26904,1976,ITC,ITC4,3,Lombardia,Lombardia,10060574,1051536,10.45,0.95
2942,2021-06-24,LOM,109512,56628,52884,78327,28799,2386,ITC,ITC4,3,Lombardia,Lombardia,10060574,1161048,11.54,1.09
2943,2021-03-16,LOM,25497,10113,15384,16297,9078,122,ITC,ITC4,3,Lombardia,Lombardia,10060574,1186545,11.79,0.25
2944,2021-05-12,LOM,87479,41745,45734,57400,27559,2520,ITC,ITC4,3,Lombardia,Lombardia,10060574,1274024,12.66,0.87
2945,2021-01-16,LOM,15438,5737,9701,15427,0,11,ITC,ITC4,3,Lombardia,Lombardia,10060574,1289462,12.82,0.15
2946,2021-04-23,LOM,73525,33324,40201,55562,16577,1386,ITC,ITC4,3,Lombardia,Lombardia,10060574,1362987,13.55,0.73
2947,2021-05-10,LOM,85266,40881,44385,62033,21577,1656,ITC,ITC4,3,Lombardia,Lombardia,10060574,1448253,14.4,0.85
2948,2021-01-30,LOM,12314,4566,7748,145,12160,9,ITC,ITC4,3,Lombardia,Lombardia,10060574,1460567,14.52,0.12
2949,2021-06-05,LOM,102425,52953,49472,91099,9815,1511,ITC,ITC4,3,Lombardia,Lombardia,10060574,1562992,15.54,1.02
2950,2021-03-14,LOM,14874,5348,9526,11218,3283,373,ITC,ITC4,3,Lombardia,Lombardia,10060574,1577866,15.68,0.15
2951,2021-02-23,LOM,11829,4803,7026,11289,332,208,ITC,ITC4,3,Lombardia,Lombardia,10060574,1589695,15.8,0.12
2952,2021-04-11,LOM,32220,13944,18276,24314,7395,511,ITC,ITC4,3,Lombardia,Lombardia,10060574,1621915,16.12,0.32
2953,2021-01-01,LOM,24,7,17,24,0,0,ITC,ITC4,3,Lombardia,Lombardia,10060574,1621939,16.12,0.0
2954,2021-06-07,LOM,98952,50424,48528,84017,13316,1619,ITC,ITC4,3,Lombardia,Lombardia,10060574,1720891,17.11,0.98
2955,2021-02-27,LOM,13946,5871,8075,13151,641,154,ITC,ITC4,3,Lombardia,Lombardia,10060574,1734837,17.24,0.14
2956,2021-05-29,LOM,88297,42407,45890,41396,46059,842,ITC,ITC4,3,Lombardia,Lombardia,10060574,1823134,18.12,0.88
2957,2021-02-18,LOM,14050,4924,9126,12816,1037,197,ITC,ITC4,3,Lombardia,Lombardia,10060574,1837184,18.26,0.14
2958,2021-04-25,LOM,51503,23615,27888,45536,4744,1223,ITC,ITC4,3,Lombardia,Lombardia,10060574,1888687,18.77,0.51
2959,2021-06-28,LOM,107878,54968,52910,74270,30999,2609,ITC,ITC4,3,Lombardia,Lombardia,10060574,1996565,19.85,1.07
2960,2021-07-08,LOM,114126,58113,56013,13149,99953,1024,ITC,ITC4,3,Lombardia,Lombardia,10060574,2110691,20.98,1.13
2961,2021-04-16,LOM,53674,23923,29751,38424,14358,892,ITC,ITC4,3,Lombardia,Lombardia,10060574,2164365,21.51,0.53
2962,2021-05-03,LOM,83703,39755,43948,69456,12125,2122,ITC,ITC4,3,Lombardia,Lombardia,10060574,2248068,22.35,0.83
2963,2021-01-23,LOM,1116,357,759,914,199,3,ITC,ITC4,3,Lombardia,Lombardia,10060574,2249184,22.36,0.01
2964,2021-06-21,LOM,113215,58010,55205,78337,32702,2176,ITC,ITC4,3,Lombardia,Lombardia,10060574,2362399,23.48,1.13
2965,2021-06-17,LOM,108527,52697,55830,51064,56283,1180,ITC,ITC4,3,Lombardia,Lombardia,10060574,2470926,24.56,1.08
2966,2021-03-09,LOM,33221,12863,20358,25242,7397,582,ITC,ITC4,3,Lombardia,Lombardia,10060574,2504147,24.89,0.33
2967,2021-05-05,LOM,87933,41924,46009,70356,15315,2262,ITC,ITC4,3,Lombardia,Lombardia,10060574,2592080,25.76,0.87
2968,2021-07-01,LOM,104851,52785,52066,53323,49134,2394,ITC,ITC4,3,Lombardia,Lombardia,10060574,2696931,26.81,1.04
2969,2021-01-09,LOM,12426,4577,7849,12418,0,8,ITC,ITC4,3,Lombardia,Lombardia,10060574,2709357,26.93,0.12
2970,2021-03-07,LOM,12087,5361,6726,9337,2560,190,ITC,ITC4,3,Lombardia,Lombardia,10060574,2721444,27.05,0.12
2971,2021-01-27,LOM,8042,2677,5365,807,7233,2,ITC,ITC4,3,Lombardia,Lombardia,10060574,2729486,27.13,0.08
2972,2021-07-03,LOM,102314,51617,50697,44532,55674,2108,ITC,ITC4,3,Lombardia,Lombardia,10060574,2831800,28.15,1.02
2973,2021-03-25,LOM,42827,16018,26809,29236,12688,903,ITC,ITC4,3,Lombardia,Lombardia,10060574,2874627,28.57,0.43
2974,2021-05-21,LOM,93833,45235,48598,28374,64695,764,ITC,ITC4,3,Lombardia,Lombardia,10060574,2968460,29.51,0.93
2975,2021-06-12,LOM,89307,48059,41248,84309,3156,1842,ITC,ITC4,3,Lombardia,Lombardia,10060574,3057767,30.39,0.89
2976,2021-06-29,LOM,107068,53107,53961,57366,47699,2003,ITC,ITC4,3,Lombardia,Lombardia,10060574,3164835,31.46,1.06
2977,2021-03-21,LOM,23513,8494,15019,17730,5194,589,ITC,ITC4,3,Lombardia,Lombardia,10060574,3188348,31.69,0.23
2978,2021-02-13,LOM,6419,2441,3978,4882,1477,60,ITC,ITC4,3,Lombardia,Lombardia,10060574,3194767,31.76,0.06
2979,2021-05-17,LOM,94633,45350,49283,29521,64409,703,ITC,ITC4,3,Lombardia,Lombardia,10060574,3289400,32.7,0.94
2980,2021-05-19,LOM,82881,39587,43294,33041,49065,775,ITC,ITC4,3,Lombardia,Lombardia,10060574,3372281,33.52,0.82
2981,2021-02-08,LOM,10083,2919,7164,2121,7953,9,ITC,ITC4,3,Lombardia,Lombardia,10060574,3382364,33.62,0.1
2982,2021-02-25,LOM,15293,6349,8944,13520,1572,201,ITC,ITC4,3,Lombardia,Lombardia,10060574,3397657,33.77,0.15
2983,2020-12-30,LOM,114,42,72,114,0,0,ITC,ITC4,3,Lombardia,Lombardia,10060574,3397771,33.77,0.0
2984,2021-06-16,LOM,99211,50417,48794,49917,48140,1154,ITC,ITC4,3,Lombardia,Lombardia,10060574,3496982,34.76,0.99
2985,2021-03-06,LOM,21339,9099,12240,16523,4513,303,ITC,ITC4,3,Lombardia,Lombardia,10060574,3518321,34.97,0.21
2986,2021-06-09,LOM,103598,52202,51396,87415,14463,1720,ITC,ITC4,3,Lombardia,Lombardia,10060574,3621919,36.0,1.03
2987,2021-02-20,LOM,9339,3868,5471,8844,298,197,ITC,ITC4,3,Lombardia,Lombardia,10060574,3631258,36.09,0.09
2988,2021-04-18,LOM,36404,16229,20175,30522,5240,642,ITC,ITC4,3,Lombardia,Lombardia,10060574,3667662,36.46,0.36
2989,2021-01-08,LOM,12714,3923,8791,12703,0,11,ITC,ITC4,3,Lombardia,Lombardia,10060574,3680376,36.58,0.13
2990,2021-06-02,LOM,84635,43576,41059,76987,6331,1317,ITC,ITC4,3,Lombardia,Lombardia,10060574,3765011,37.42,0.84
2991,2021-03-11,LOM,36217,13477,22740,25624,9909,684,ITC,ITC4,3,Lombardia,Lombardia,10060574,3801228,37.78,0.36
2992,2021-03-30,LOM,39630,15590,24040,24239,14780,611,ITC,ITC4,3,Lombardia,Lombardia,10060574,3840858,38.18,0.39
2993,2021-01-06,LOM,7061,2493,4568,7056,0,5,ITC,ITC4,3,Lombardia,Lombardia,10060574,3847919,38.25,0.07
2994,2021-01-18,LOM,9202,2972,6230,8212,975,15,ITC,ITC4,3,Lombardia,Lombardia,10060574,3857121,38.34,0.09
2995,2021-03-23,LOM,42573,15466,27107,28858,12860,855,ITC,ITC4,3,Lombardia,Lombardia,10060574,3899694,38.76,0.42
2996,2021-01-25,LOM,7022,2373,4649,472,6547,3,ITC,ITC4,3,Lombardia,Lombardia,10060574,3906716,38.83,0.07
2997,2021-02-01,LOM,16066,5322,10744,307,15757,2,ITC,ITC4,3,Lombardia,Lombardia,10060574,3922782,38.99,0.16
2998,2021-07-05,LOM,101360,49511,51849,31225,68250,1885,ITC,ITC4,3,Lombardia,Lombardia,10060574,4024142,40.0,1.01
2999,2021-07-12,LOM,49039,24894,24145,4971,43662,406,ITC,ITC4,3,Lombardia,Lombardia,10060574,4073181,40.49,0.49
3000,2021-04-03,LOM,36243,14861,21382,25771,10091,381,ITC,ITC4,3,Lombardia,Lombardia,10060574,4109424,40.85,0.36
3001,2021-04-06,LOM,43065,17585,25480,24439,17936,690,ITC,ITC4,3,Lombardia,Lombardia,10060574,4152489,41.27,0.43
3002,2021-06-14,LOM,94744,48139,46605,49092,44513,1139,ITC,ITC4,3,Lombardia,Lombardia,10060574,4247233,42.22,0.94
3003,2021-05-26,LOM,93657,44645,49012,42731,50035,891,ITC,ITC4,3,Lombardia,Lombardia,10060574,4340890,43.15,0.93
3004,2021-02-15,LOM,8950,3137,5813,8353,418,179,ITC,ITC4,3,Lombardia,Lombardia,10060574,4349840,43.24,0.09
3005,2021-03-20,LOM,32592,12163,20429,22241,9851,500,ITC,ITC4,3,Lombardia,Lombardia,10060574,4382432,43.56,0.32
3006,2020-12-27,LOM,718,414,304,718,0,0,ITC,ITC4,3,Lombardia,Lombardia,10060574,4383150,43.57,0.01
3007,2021-02-06,LOM,15264,5539,9725,1011,14249,4,ITC,ITC4,3,Lombardia,Lombardia,10060574,4398414,43.72,0.15
3008,2021-05-02,LOM,83502,38336,45166,59259,22464,1779,ITC,ITC4,3,Lombardia,Lombardia,10060574,4481916,44.55,0.83
3009,2021-04-13,LOM,47650,21269,26381,32928,14079,643,ITC,ITC4,3,Lombardia,Lombardia,10060574,4529566,45.02,0.47
3010,2021-04-30,LOM,117252,54794,62458,87197,27491,2564,ITC,ITC4,3,Lombardia,Lombardia,10060574,4646818,46.19,1.17
3011,2021-01-20,LOM,5667,1377,4290,5547,114,6,ITC,ITC4,3,Lombardia,Lombardia,10060574,4652485,46.24,0.06
3012,2021-01-22,LOM,3143,869,2274,3069,69,5,ITC,ITC4,3,Lombardia,Lombardia,10060574,4655628,46.28,0.03
3013,2021-07-07,LOM,111748,56010,55738,17974,92607,1167,ITC,ITC4,3,Lombardia,Lombardia,10060574,4767376,47.39,1.11
3014,2021-03-08,LOM,29748,11187,18561,22150,7079,519,ITC,ITC4,3,Lombardia,Lombardia,10060574,4797124,47.68,0.3
3015,2021-05-04,LOM,86818,41076,45742,70283,14393,2142,ITC,ITC4,3,Lombardia,Lombardia,10060574,4883942,48.55,0.86
3016,2021-01-24,LOM,1199,457,742,536,663,0,ITC,ITC4,3,Lombardia,Lombardia,10060574,4885141,48.56,0.01
3017,2021-05-30,LOM,74367,35587,38780,33790,39957,620,ITC,ITC4,3,Lombardia,Lombardia,10060574,4959508,49.3,0.74
3018,2021-05-23,LOM,60762,28927,31835,26293,33955,514,ITC,ITC4,3,Lombardia,Lombardia,10060574,5020270,49.9,0.6
3019,2021-02-12,LOM,13964,4366,9598,8869,4935,160,ITC,ITC4,3,Lombardia,Lombardia,10060574,5034234,50.04,0.14
3020,2021-04-10,LOM,52739,21837,30902,40030,11956,753,ITC,ITC4,3,Lombardia,Lombardia,10060574,5086973,50.56,0.52
3021,2021-06-06,LOM,90132,46348,43784,79530,9221,1381,ITC,ITC4,3,Lombardia,Lombardia,10060574,5177105,51.46,0.9
3022,2021-01-07,LOM,11763,3636,8127,11723,0,40,ITC,ITC4,3,Lombardia,Lombardia,10060574,5188868,51.58,0.12
3023,2021-01-13,LOM,26432,8072,18360,26405,0,27,ITC,ITC4,3,Lombardia,Lombardia,10060574,5215300,51.84,0.26
3024,2021-03-04,LOM,29322,12110,17212,20038,9064,220,ITC,ITC4,3,Lombardia,Lombardia,10060574,5244622,52.13,0.29
3025,2021-06-30,LOM,106736,52890,53846,56567,48063,2106,ITC,ITC4,3,Lombardia,Lombardia,10060574,5351358,53.19,1.06
3026,2021-03-22,LOM,40336,14302,26034,28944,10557,835,ITC,ITC4,3,Lombardia,Lombardia,10060574,5391694,53.59,0.4
3027,2021-04-08,LOM,52357,21762,30595,35223,16459,675,ITC,ITC4,3,Lombardia,Lombardia,10060574,5444051,54.11,0.52
3028,2020-12-29,LOM,106,45,61,106,0,0,ITC,ITC4,3,Lombardia,Lombardia,10060574,5444157,54.11,0.0
3029,2021-04-22,LOM,73923,33393,40530,56199,16336,1388,ITC,ITC4,3,Lombardia,Lombardia,10060574,5518080,54.85,0.73
3030,2021-03-03,LOM,26971,11515,15456,19470,7282,219,ITC,ITC4,3,Lombardia,Lombardia,10060574,5545051,55.12,0.27
3031,2021-01-15,LOM,25221,7435,17786,25169,0,52,ITC,ITC4,3,Lombardia,Lombardia,10060574,5570272,55.37,0.25
3032,2021-04-29,LOM,115515,53589,61926,83090,29845,2580,ITC,ITC4,3,Lombardia,Lombardia,10060574,5685787,56.52,1.15
3033,2021-06-25,LOM,108022,56060,51962,78191,27522,2309,ITC,ITC4,3,Lombardia,Lombardia,10060574,5793809,57.59,1.07
3034,2021-04-20,LOM,67670,30833,36837,55899,10340,1431,ITC,ITC4,3,Lombardia,Lombardia,10060574,5861479,58.26,0.67
3035,2021-01-10,LOM,10519,3960,6559,10510,0,9,ITC,ITC4,3,Lombardia,Lombardia,10060574,5871998,58.37,0.1
3036,2021-01-17,LOM,8350,3347,5003,8143,201,6,ITC,ITC4,3,Lombardia,Lombardia,10060574,5880348,58.45,0.08
3037,2021-06-23,LOM,110769,57315,53454,76718,31904,2147,ITC,ITC4,3,Lombardia,Lombardia,10060574,5991117,59.55,1.1
3038,2021-03-15,LOM,31557,11333,20224,22426,8517,614,ITC,ITC4,3,Lombardia,Lombardia,10060574,6022674,59.86,0.31
3039,2021-05-18,LOM,88201,42158,46043,31865,55570,766,ITC,ITC4,3,Lombardia,Lombardia,10060574,6110875,60.74,0.88
3040,2021-06-04,LOM,104603,54300,50303,93188,9628,1787,ITC,ITC4,3,Lombardia,Lombardia,10060574,6215478,61.78,1.04
3041,2021-02-24,LOM,14720,5957,8763,13557,954,209,ITC,ITC4,3,Lombardia,Lombardia,10060574,6230198,61.93,0.15
3042,2021-05-16,LOM,68699,32505,36194,35586,32203,910,ITC,ITC4,3,Lombardia,Lombardia,10060574,6298897,62.61,0.68
3043,2021-02-05,LOM,25706,7456,18250,2409,23278,19,ITC,ITC4,3,Lombardia,Lombardia,10060574,6324603,62.87,0.26
3044,2021-02-22,LOM,11897,4809,7088,11393,305,199,ITC,ITC4,3,Lombardia,Lombardia,10060574,6336500,62.98,0.12
3045,2021-03-13,LOM,27177,9772,17405,20530,6095,552,ITC,ITC4,3,Lombardia,Lombardia,10060574,6363677,63.25,0.27
3046,2021-05-01,LOM,95978,43675,52303,65054,29212,1712,ITC,ITC4,3,Lombardia,Lombardia,10060574,6459655,64.21,0.95
3047,2021-01-21,LOM,5465,1598,3867,4759,690,16,ITC,ITC4,3,Lombardia,Lombardia,10060574,6465120,64.26,0.05
3048,2021-02-07,LOM,7312,2825,4487,335,6974,3,ITC,ITC4,3,Lombardia,Lombardia,10060574,6472432,64.33,0.07
3049,2021-04-27,LOM,86013,39981,46032,67641,16565,1807,ITC,ITC4,3,Lombardia,Lombardia,10060574,6558445,65.19,0.85
3050,2021-03-17,LOM,26258,10496,15762,15099,10999,160,ITC,ITC4,3,Lombardia,Lombardia,10060574,6584703,65.45,0.26
3051,2021-07-04,LOM,86637,43333,43304,40178,44505,1954,ITC,ITC4,3,Lombardia,Lombardia,10060574,6671340,66.31,0.86
3052,2021-07-02,LOM,103728,51975,51753,48847,52674,2207,ITC,ITC4,3,Lombardia,Lombardia,10060574,6775068,67.34,1.03
3053,2021-03-24,LOM,43240,15609,27631,30466,11883,891,ITC,ITC4,3,Lombardia,Lombardia,10060574,6818308,67.77,0.43
3054,2021-05-09,LOM,69708,32884,36824,54466,13269,1973,ITC,ITC4,3,Lombardia,Lombardia,10060574,6888016,68.47,0.69
3055,2021-01-29,LOM,13489,4127,9362,683,12803,3,ITC,ITC4,3,Lombardia,Lombardia,10060574,6901505,68.6,0.13
3056,2021-06-13,LOM,75998,40559,35439,72287,2124,1587,ITC,ITC4,3,Lombardia,Lombardia,10060574,6977503,69.35,0.76
3057,2021-03-05,LOM,28948,11940,17008,20229,8419,300,ITC,ITC4,3,Lombardia,Lombardia,10060574,7006451,69.64,0.29
3058,2021-06-27,LOM,90904,46794,44110,69780,18828,2296,ITC,ITC4,3,Lombardia,Lombardia,10060574,7097355,70.55,0.9
3059,2021-03-19,LOM,32428,12915,19513,18905,13200,323,ITC,ITC4,3,Lombardia,Lombardia,10060574,7129783,70.87,0.32
3060,2021-04-15,LOM,49449,21860,27589,34871,13825,753,ITC,ITC4,3,Lombardia,Lombardia,10060574,7179232,71.36,0.49
3061,2021-01-05,LOM,7856,2576,5280,7850,0,6,ITC,ITC4,3,Lombardia,Lombardia,10060574,7187088,71.44,0.08
3062,2021-03-27,LOM,32441,12377,20064,23102,8708,631,ITC,ITC4,3,Lombardia,Lombardia,10060574,7219529,71.76,0.32
3063,2021-01-03,LOM,854,316,538,853,0,1,ITC,ITC4,3,Lombardia,Lombardia,10060574,7220383,71.77,0.01
3064,2021-06-22,LOM,110940,57909,53031,78986,29831,2123,ITC,ITC4,3,Lombardia,Lombardia,10060574,7331323,72.87,1.1
3065,2021-07-09,LOM,115234,58762,56472,11691,102664,879,ITC,ITC4,3,Lombardia,Lombardia,10060574,7446557,74.02,1.15
3066,2021-06-03,LOM,97131,49711,47420,84598,10870,1663,ITC,ITC4,3,Lombardia,Lombardia,10060574,7543688,74.98,0.97
3067,2021-06-20,LOM,88928,44325,44603,52829,34861,1238,ITC,ITC4,3,Lombardia,Lombardia,10060574,7632616,75.87,0.88
3068,2021-03-12,LOM,35269,12967,22302,24447,10204,618,ITC,ITC4,3,Lombardia,Lombardia,10060574,7667885,76.22,0.35
3069,2021-03-29,LOM,40046,15542,24504,24528,14837,681,ITC,ITC4,3,Lombardia,Lombardia,10060574,7707931,76.62,0.4
3070,2021-01-19,LOM,8053,2329,5724,7571,468,14,ITC,ITC4,3,Lombardia,Lombardia,10060574,7715984,76.7,0.08
3071,2021-05-20,LOM,94434,45634,48800,31236,62554,644,ITC,ITC4,3,Lombardia,Lombardia,10060574,7810418,77.63,0.94
3072,2021-06-18,LOM,107583,52844,54739,51939,54406,1238,ITC,ITC4,3,Lombardia,Lombardia,10060574,7918001,78.7,1.07
3073,2021-03-01,LOM,18794,8233,10561,16882,1705,207,ITC,ITC4,3,Lombardia,Lombardia,10060574,7936795,78.89,0.19
3074,2021-05-15,LOM,80905,38782,42123,45474,33383,2048,ITC,ITC4,3,Lombardia,Lombardia,10060574,8017700,79.69,0.8
3075,2021-07-11,LOM,90179,45617,44562,11770,77351,1058,ITC,ITC4,3,Lombardia,Lombardia,10060574,8107879,80.59,0.9
3076,2021-05-11,LOM,86876,41434,45442,58241,26223,2412,ITC,ITC4,3,Lombardia,Lombardia,10060574,8194755,81.45,0.86
3077,2021-05-28,LOM,93525,44820,48705,42026,50587,912,ITC,ITC4,3,Lombardia,Lombardia,10060574,8288280,82.38,0.93
3078,2021-02-17,LOM,11990,3756,8234,10407,1390,193,ITC,ITC4,3,Lombardia,Lombardia,10060574,8300270,82.5,0.12
3079,2021-06-11,LOM,101372,51653,49719,84887,14589,1896,ITC,ITC4,3,Lombardia,Lombardia,10060574,8401642,83.51,1.01
3080,2021-04-05,LOM,27380,11695,15685,19023,8103,254,ITC,ITC4,3,Lombardia,Lombardia,10060574,8429022,83.78,0.27
3081,2021-01-31,LOM,9740,3765,5975,29,9711,0,ITC,ITC4,3,Lombardia,Lombardia,10060574,8438762,83.88,0.1
3082,2021-05-25,LOM,91160,43622,47538,43842,46493,825,ITC,ITC4,3,Lombardia,Lombardia,10060574,8529922,84.79,0.91
3083,2021-02-14,LOM,3583,1547,2036,2934,635,14,ITC,ITC4,3,Lombardia,Lombardia,10060574,8533505,84.82,0.04
3084,2021-01-12,LOM,20230,6701,13529,20201,0,29,ITC,ITC4,3,Lombardia,Lombardia,10060574,8553735,85.02,0.2
3085,2021-05-27,LOM,94817,45434,49383,40603,53425,789,ITC,ITC4,3,Lombardia,Lombardia,10060574,8648552,85.96,0.94
3086,2021-04-24,LOM,75814,33600,42214,53437,21132,1245,ITC,ITC4,3,Lombardia,Lombardia,10060574,8724366,86.72,0.75
3087,2021-01-14,LOM,26919,7803,19116,26864,0,55,ITC,ITC4,3,Lombardia,Lombardia,10060574,8751285,86.99,0.27
3088,2021-05-08,LOM,87728,40756,46972,63467,22043,2218,ITC,ITC4,3,Lombardia,Lombardia,10060574,8839013,87.86,0.87
3089,2021-02-09,LOM,12217,3334,8883,4023,8180,14,ITC,ITC4,3,Lombardia,Lombardia,10060574,8851230,87.98,0.12
3090,2021-02-19,LOM,14218,5400,8818,13320,723,175,ITC,ITC4,3,Lombardia,Lombardia,10060574,8865448,88.12,0.14
3091,2021-04-17,LOM,48512,21305,27207,36944,10850,718,ITC,ITC4,3,Lombardia,Lombardia,10060574,8913960,88.6,0.48
3092,2021-02-26,LOM,18396,7554,10842,16319,1873,204,ITC,ITC4,3,Lombardia,Lombardia,10060574,8932356,88.79,0.18
3093,2020-12-31,LOM,714,302,412,714,0,0,ITC,ITC4,3,Lombardia,Lombardia,10060574,8933070,88.79,0.01
3094,2021-05-13,LOM,87155,41768,45387,55713,28853,2589,ITC,ITC4,3,Lombardia,Lombardia,10060574,9020225,89.66,0.87
3095,2021-02-02,LOM,19880,6598,13282,496,19381,3,ITC,ITC4,3,Lombardia,Lombardia,10060574,9040105,89.86,0.2
3096,2021-03-31,LOM,42112,17078,25034,26182,15253,677,ITC,ITC4,3,Lombardia,Lombardia,10060574,9082217,90.28,0.42
3097,2021-03-10,LOM,33250,12716,20534,24800,7863,587,ITC,ITC4,3,Lombardia,Lombardia,10060574,9115467,90.61,0.33
3098,2021-05-06,LOM,89833,42194,47639,70967,16499,2367,ITC,ITC4,3,Lombardia,Lombardia,10060574,9205300,91.5,0.89
3099,2021-01-26,LOM,8342,2706,5636,349,7993,0,ITC,ITC4,3,Lombardia,Lombardia,10060574,9213642,91.58,0.08
3100,2021-04-07,LOM,50590,20923,29667,34072,15811,707,ITC,ITC4,3,Lombardia,Lombardia,10060574,9264232,92.08,0.5
3101,2021-05-07,LOM,92287,43696,48591,68363,22385,1539,ITC,ITC4,3,Lombardia,Lombardia,10060574,9356519,93.0,0.92
3102,2021-03-18,LOM,27391,10955,16436,15928,11238,225,ITC,ITC4,3,Lombardia,Lombardia,10060574,9383910,93.27,0.27
3103,2021-05-14,LOM,85930,41381,44549,53236,30311,2383,ITC,ITC4,3,Lombardia,Lombardia,10060574,9469840,94.13,0.85
3104,2021-07-10,LOM,107070,54210,52860,13911,91990,1169,ITC,ITC4,3,Lombardia,Lombardia,10060574,9576910,95.19,1.06
3105,2021-06-26,LOM,105866,55423,50443,77784,25682,2400,ITC,ITC4,3,Lombardia,Lombardia,10060574,9682776,96.24,1.05
3106,2021-02-10,LOM,14402,4507,9895,7547,6824,31,ITC,ITC4,3,Lombardia,Lombardia,10060574,9697178,96.39,0.14
3107,2021-02-03,LOM,25646,7917,17729,1076,24565,5,ITC,ITC4,3,Lombardia,Lombardia,10060574,9722824,96.64,0.25
3108,2021-04-01,LOM,42964,17235,25729,26049,16204,711,ITC,ITC4,3,Lombardia,Lombardia,10060574,9765788,97.07,0.43
3109,2021-06-01,LOM,93945,46100,47845,75743,17095,1107,ITC,ITC4,3,Lombardia,Lombardia,10060574,9859733,98.0,0.93
3110,2021-01-02,LOM,202,74,128,202,0,0,ITC,ITC4,3,Lombardia,Lombardia,10060574,9859935,98.01,0.0
3111,2021-06-08,LOM,102849,52285,50564,87144,14036,1669,ITC,ITC4,3,Lombardia,Lombardia,10060574,9962784,99.03,1.02
3112,2021-02-28,LOM,7884,3254,4630,7602,210,72,ITC,ITC4,3,Lombardia,Lombardia,10060574,9970668,99.11,0.08
3113,2021-04-26,LOM,87965,40930,47035,67032,19165,1768,ITC,ITC4,3,Lombardia,Lombardia,10060574,10058633,99.98,0.87
3114,2021-04-12,LOM,47244,20583,26661,32264,14343,637,ITC,ITC4,3,Lombardia,Lombardia,10060574,10105877,100.45,0.47
3115,2021-02-21,LOM,5053,1864,3189,4942,17,94,ITC,ITC4,3,Lombardia,Lombardia,10060574,10110930,100.5,0.05
3116,2021-04-19,LOM,60116,27349,32767,49441,9403,1272,ITC,ITC4,3,Lombardia,Lombardia,10060574,10171046,101.1,0.6
3117,2021-06-15,LOM,95964,48837,47127,49001,45889,1074,ITC,ITC4,3,Lombardia,Lombardia,10060574,10267010,102.05,0.95
3118,2021-02-20,LAZ,9208,4273,4935,8368,773,67,ITI,ITI4,12,Lazio,Lazio,5879082,9208,0.16,0.16
3119,2021-05-31,LAZ,51617,22965,28652,30790,19799,1028,ITI,ITI4,12,Lazio,Lazio,5879082,60825,1.03,0.88
3120,2021-04-04,LAZ,17533,8106,9427,12158,5265,110,ITI,ITI4,12,Lazio,Lazio,5879082,78358,1.33,0.3
3121,2021-03-30,LAZ,26832,12992,13840,19359,7149,324,ITI,ITI4,12,Lazio,Lazio,5879082,105190,1.79,0.46
3122,2021-07-08,LAZ,63402,31076,32326,27998,34778,626,ITI,ITI4,12,Lazio,Lazio,5879082,168592,2.87,1.08
3123,2021-04-18,LAZ,23809,10577,13232,15892,7650,267,ITI,ITI4,12,Lazio,Lazio,5879082,192401,3.27,0.4
3124,2021-05-19,LAZ,47128,21633,25495,36405,10106,617,ITI,ITI4,12,Lazio,Lazio,5879082,239529,4.07,0.8
3125,2021-05-26,LAZ,47481,21808,25673,34725,12102,654,ITI,ITI4,12,Lazio,Lazio,5879082,287010,4.88,0.81
3126,2021-03-04,LAZ,19414,8721,10693,14182,5018,214,ITI,ITI4,12,Lazio,Lazio,5879082,306424,5.21,0.33
3127,2021-06-12,LAZ,69796,32051,37745,39819,29363,614,ITI,ITI4,12,Lazio,Lazio,5879082,376220,6.4,1.19
3128,2021-06-14,LAZ,62756,29418,33338,32093,30133,530,ITI,ITI4,12,Lazio,Lazio,5879082,438976,7.47,1.07
3129,2021-03-21,LAZ,18229,7163,11066,13005,5051,173,ITI,ITI4,12,Lazio,Lazio,5879082,457205,7.78,0.31
3130,2020-12-30,LAZ,1630,629,1001,1619,0,11,ITI,ITI4,12,Lazio,Lazio,5879082,458835,7.8,0.03
3131,2021-07-01,LAZ,48029,22952,25077,7099,40737,193,ITI,ITI4,12,Lazio,Lazio,5879082,506864,8.62,0.82
3132,2021-05-17,LAZ,44506,20369,24137,35522,8572,412,ITI,ITI4,12,Lazio,Lazio,5879082,551370,9.38,0.76
3133,2021-02-06,LAZ,6160,2493,3667,834,5320,6,ITI,ITI4,12,Lazio,Lazio,5879082,557530,9.48,0.1
3134,2021-02-11,LAZ,6999,3011,3988,6443,533,23,ITI,ITI4,12,Lazio,Lazio,5879082,564529,9.6,0.12
3135,2021-04-11,LAZ,19159,8472,10687,13115,5883,161,ITI,ITI4,12,Lazio,Lazio,5879082,583688,9.93,0.33
3136,2021-03-16,LAZ,13544,5739,7805,7021,6444,79,ITI,ITI4,12,Lazio,Lazio,5879082,597232,10.16,0.23
3137,2021-03-09,LAZ,21968,9916,12052,16444,5200,324,ITI,ITI4,12,Lazio,Lazio,5879082,619200,10.53,0.37
3138,2021-01-11,LAZ,5542,2109,3433,5397,0,145,ITI,ITI4,12,Lazio,Lazio,5879082,624742,10.63,0.09
3139,2021-06-26,LAZ,56005,26382,29623,24583,30857,565,ITI,ITI4,12,Lazio,Lazio,5879082,680747,11.58,0.95
3140,2021-04-30,LAZ,41375,18327,23048,26498,14221,656,ITI,ITI4,12,Lazio,Lazio,5879082,722122,12.28,0.7
3141,2021-06-19,LAZ,66311,31250,35061,35224,30319,768,ITI,ITI4,12,Lazio,Lazio,5879082,788433,13.41,1.13
3142,2021-04-16,LAZ,34430,15697,18733,21965,12093,372,ITI,ITI4,12,Lazio,Lazio,5879082,822863,14.0,0.59
3143,2021-01-23,LAZ,7214,2869,4345,585,6629,0,ITI,ITI4,12,Lazio,Lazio,5879082,830077,14.12,0.12
3144,2021-01-06,LAZ,5123,1962,3161,5003,0,120,ITI,ITI4,12,Lazio,Lazio,5879082,835200,14.21,0.09
3145,2021-02-25,LAZ,12679,5537,7142,11435,1078,166,ITI,ITI4,12,Lazio,Lazio,5879082,847879,14.42,0.22
3146,2021-06-05,LAZ,66034,32564,33470,42659,22731,644,ITI,ITI4,12,Lazio,Lazio,5879082,913913,15.55,1.12
3147,2021-02-18,LAZ,10017,4974,5043,9109,811,97,ITI,ITI4,12,Lazio,Lazio,5879082,923930,15.72,0.17
3148,2021-05-12,LAZ,47546,21577,25969,30263,16649,634,ITI,ITI4,12,Lazio,Lazio,5879082,971476,16.52,0.81
3149,2021-02-01,LAZ,5675,2178,3497,353,5321,1,ITI,ITI4,12,Lazio,Lazio,5879082,977151,16.62,0.1
3150,2021-01-13,LAZ,5694,2151,3543,5532,0,162,ITI,ITI4,12,Lazio,Lazio,5879082,982845,16.72,0.1
3151,2021-04-23,LAZ,37695,18098,19597,21973,15278,444,ITI,ITI4,12,Lazio,Lazio,5879082,1020540,17.36,0.64
3152,2021-03-28,LAZ,19130,7776,11354,13493,5310,327,ITI,ITI4,12,Lazio,Lazio,5879082,1039670,17.68,0.33
3153,2021-06-09,LAZ,70116,33137,36979,35788,33709,619,ITI,ITI4,12,Lazio,Lazio,5879082,1109786,18.88,1.19
3154,2021-02-13,LAZ,6611,2627,3984,6151,418,42,ITI,ITI4,12,Lazio,Lazio,5879082,1116397,18.99,0.11
3155,2021-05-24,LAZ,43935,20136,23799,33503,9764,668,ITI,ITI4,12,Lazio,Lazio,5879082,1160332,19.74,0.75
3156,2021-01-03,LAZ,5255,1973,3282,5196,0,59,ITI,ITI4,12,Lazio,Lazio,5879082,1165587,19.83,0.09
3157,2021-04-13,LAZ,25777,11951,13826,17676,7717,384,ITI,ITI4,12,Lazio,Lazio,5879082,1191364,20.26,0.44
3158,2021-01-08,LAZ,7731,2895,4836,7534,0,197,ITI,ITI4,12,Lazio,Lazio,5879082,1199095,20.4,0.13
3159,2021-01-04,LAZ,7485,2909,4576,7381,0,104,ITI,ITI4,12,Lazio,Lazio,5879082,1206580,20.52,0.13
3160,2021-06-24,LAZ,63596,30321,33275,28488,34478,630,ITI,ITI4,12,Lazio,Lazio,5879082,1270176,21.61,1.08
3161,2021-06-07,LAZ,62245,29096,33149,32485,29175,585,ITI,ITI4,12,Lazio,Lazio,5879082,1332421,22.66,1.06
3162,2021-06-21,LAZ,61429,28485,32944,28352,32498,579,ITI,ITI4,12,Lazio,Lazio,5879082,1393850,23.71,1.04
3163,2021-03-13,LAZ,21803,8727,13076,15691,5894,218,ITI,ITI4,12,Lazio,Lazio,5879082,1415653,24.08,0.37
3164,2021-04-09,LAZ,27588,12519,15069,19059,8255,274,ITI,ITI4,12,Lazio,Lazio,5879082,1443241,24.55,0.47
3165,2021-03-23,LAZ,25358,11895,13463,18450,6596,312,ITI,ITI4,12,Lazio,Lazio,5879082,1468599,24.98,0.43
3166,2021-02-15,LAZ,8026,3540,4486,7316,632,78,ITI,ITI4,12,Lazio,Lazio,5879082,1476625,25.12,0.14
3167,2021-01-29,LAZ,8044,3081,4963,812,7230,2,ITI,ITI4,12,Lazio,Lazio,5879082,1484669,25.25,0.14
3168,2021-01-25,LAZ,8111,3246,4865,770,7341,0,ITI,ITI4,12,Lazio,Lazio,5879082,1492780,25.39,0.14
3169,2021-05-05,LAZ,46793,21467,25326,30397,15840,556,ITI,ITI4,12,Lazio,Lazio,5879082,1539573,26.19,0.8
3170,2021-03-02,LAZ,17189,7608,9581,13099,3936,154,ITI,ITI4,12,Lazio,Lazio,5879082,1556762,26.48,0.29
3171,2021-01-18,LAZ,6269,2559,3710,5165,978,126,ITI,ITI4,12,Lazio,Lazio,5879082,1563031,26.59,0.11
3172,2021-04-28,LAZ,32931,15027,17904,20962,11573,396,ITI,ITI4,12,Lazio,Lazio,5879082,1595962,27.15,0.56
3173,2021-03-27,LAZ,26359,10690,15669,19388,6475,496,ITI,ITI4,12,Lazio,Lazio,5879082,1622321,27.59,0.45
3174,2021-07-05,LAZ,60988,29323,31665,25502,34483,1003,ITI,ITI4,12,Lazio,Lazio,5879082,1683309,28.63,1.04
3175,2021-05-07,LAZ,48225,22609,25616,30103,17754,368,ITI,ITI4,12,Lazio,Lazio,5879082,1731534,29.45,0.82
3176,2021-03-11,LAZ,25358,11951,13407,18819,6232,307,ITI,ITI4,12,Lazio,Lazio,5879082,1756892,29.88,0.43
3177,2021-07-03,LAZ,53022,24962,28060,4605,48284,133,ITI,ITI4,12,Lazio,Lazio,5879082,1809914,30.79,0.9
3178,2021-02-03,LAZ,6489,2488,4001,958,5524,7,ITI,ITI4,12,Lazio,Lazio,5879082,1816403,30.9,0.11
3179,2021-01-20,LAZ,4814,1947,2867,3267,1544,3,ITI,ITI4,12,Lazio,Lazio,5879082,1821217,30.98,0.08
3180,2021-01-30,LAZ,7014,2895,4119,808,6205,1,ITI,ITI4,12,Lazio,Lazio,5879082,1828231,31.1,0.12
3181,2021-01-15,LAZ,6584,2708,3876,6414,0,170,ITI,ITI4,12,Lazio,Lazio,5879082,1834815,31.21,0.11
3182,2021-04-25,LAZ,24524,11251,13273,16417,7817,290,ITI,ITI4,12,Lazio,Lazio,5879082,1859339,31.63,0.42
3183,2021-04-27,LAZ,30711,13865,16846,19456,10849,406,ITI,ITI4,12,Lazio,Lazio,5879082,1890050,32.15,0.52
3184,2021-03-01,LAZ,17118,7368,9750,13018,3886,214,ITI,ITI4,12,Lazio,Lazio,5879082,1907168,32.44,0.29
3185,2021-02-22,LAZ,11458,4990,6468,10833,502,123,ITI,ITI4,12,Lazio,Lazio,5879082,1918626,32.63,0.19
3186,2021-06-02,LAZ,43241,21486,21755,31202,11500,539,ITI,ITI4,12,Lazio,Lazio,5879082,1961867,33.37,0.74
3187,2021-06-11,LAZ,69343,32581,36762,36486,32267,590,ITI,ITI4,12,Lazio,Lazio,5879082,2031210,34.55,1.18
3188,2021-01-01,LAZ,3555,1382,2173,3515,0,40,ITI,ITI4,12,Lazio,Lazio,5879082,2034765,34.61,0.06
3189,2021-01-10,LAZ,4044,1702,2342,3977,0,67,ITI,ITI4,12,Lazio,Lazio,5879082,2038809,34.68,0.07
3190,2021-06-16,LAZ,64319,30807,33512,31984,31728,607,ITI,ITI4,12,Lazio,Lazio,5879082,2103128,35.77,1.09
3191,2021-04-20,LAZ,31083,14273,16810,19418,11300,365,ITI,ITI4,12,Lazio,Lazio,5879082,2134211,36.3,0.53
3192,2021-03-08,LAZ,20864,9046,11818,15318,5273,273,ITI,ITI4,12,Lazio,Lazio,5879082,2155075,36.66,0.35
3193,2021-02-17,LAZ,9188,4608,4580,8246,877,65,ITI,ITI4,12,Lazio,Lazio,5879082,2164263,36.81,0.16
3194,2021-05-28,LAZ,57031,26490,30541,42973,13261,797,ITI,ITI4,12,Lazio,Lazio,5879082,2221294,37.78,0.97
3195,2021-03-06,LAZ,18357,7083,11274,13891,4257,209,ITI,ITI4,12,Lazio,Lazio,5879082,2239651,38.1,0.31
3196,2021-05-23,LAZ,47090,22845,24245,39036,7382,672,ITI,ITI4,12,Lazio,Lazio,5879082,2286741,38.9,0.8
3197,2021-05-09,LAZ,37541,17259,20282,25822,11273,446,ITI,ITI4,12,Lazio,Lazio,5879082,2324282,39.53,0.64
3198,2021-07-12,LAZ,18847,9455,9392,2380,16402,65,ITI,ITI4,12,Lazio,Lazio,5879082,2343129,39.86,0.32
3199,2021-05-16,LAZ,50947,24535,26412,36918,13488,541,ITI,ITI4,12,Lazio,Lazio,5879082,2394076,40.72,0.87
3200,2021-06-28,LAZ,58770,28079,30691,27446,30910,414,ITI,ITI4,12,Lazio,Lazio,5879082,2452846,41.72,1.0
3201,2021-02-12,LAZ,6848,2849,3999,6353,416,79,ITI,ITI4,12,Lazio,Lazio,5879082,2459694,41.84,0.12
3202,2020-12-31,LAZ,5293,2121,3172,5233,0,60,ITI,ITI4,12,Lazio,Lazio,5879082,2464987,41.93,0.09
3203,2021-02-08,LAZ,9741,4154,5587,4505,5234,2,ITI,ITI4,12,Lazio,Lazio,5879082,2474728,42.09,0.17
3204,2021-05-02,LAZ,32637,14340,18297,22813,9363,461,ITI,ITI4,12,Lazio,Lazio,5879082,2507365,42.65,0.56
3205,2021-01-22,LAZ,4006,1636,2370,491,3515,0,ITI,ITI4,12,Lazio,Lazio,5879082,2511371,42.72,0.07
3206,2021-02-27,LAZ,11448,4284,7164,10343,978,127,ITI,ITI4,12,Lazio,Lazio,5879082,2522819,42.91,0.19
3207,2021-05-20,LAZ,51518,24767,26751,37060,13731,727,ITI,ITI4,12,Lazio,Lazio,5879082,2574337,43.79,0.88
3208,2021-06-20,LAZ,55244,25396,29848,29621,24900,723,ITI,ITI4,12,Lazio,Lazio,5879082,2629581,44.73,0.94
3209,2021-06-06,LAZ,58055,27989,30066,34983,22500,572,ITI,ITI4,12,Lazio,Lazio,5879082,2687636,45.72,0.99
3210,2021-02-26,LAZ,13120,5728,7392,11561,1395,164,ITI,ITI4,12,Lazio,Lazio,5879082,2700756,45.94,0.22
3211,2021-07-09,LAZ,63965,30838,33127,27505,35772,688,ITI,ITI4,12,Lazio,Lazio,5879082,2764721,47.03,1.09
3212,2021-04-06,LAZ,24403,11124,13279,16981,7115,307,ITI,ITI4,12,Lazio,Lazio,5879082,2789124,47.44,0.42
3213,2020-12-27,LAZ,274,132,142,274,0,0,ITI,ITI4,12,Lazio,Lazio,5879082,2789398,47.45,0.0
3214,2021-03-20,LAZ,19188,7637,11551,13052,5885,251,ITI,ITI4,12,Lazio,Lazio,5879082,2808586,47.77,0.33
3215,2021-06-30,LAZ,62740,29498,33242,29722,32498,520,ITI,ITI4,12,Lazio,Lazio,5879082,2871326,48.84,1.07
3216,2021-04-08,LAZ,26740,12248,14492,18694,7698,348,ITI,ITI4,12,Lazio,Lazio,5879082,2898066,49.29,0.45
3217,2021-07-02,LAZ,48145,23059,25086,6557,41417,171,ITI,ITI4,12,Lazio,Lazio,5879082,2946211,50.11,0.82
3218,2021-05-06,LAZ,48742,22697,26045,30541,17550,651,ITI,ITI4,12,Lazio,Lazio,5879082,2994953,50.94,0.83
3219,2021-01-17,LAZ,4893,2027,2866,4618,212,63,ITI,ITI4,12,Lazio,Lazio,5879082,2999846,51.03,0.08
3220,2021-01-19,LAZ,4773,1959,2814,4316,454,3,ITI,ITI4,12,Lazio,Lazio,5879082,3004619,51.11,0.08
3221,2021-04-10,LAZ,23930,10409,13521,16496,7189,245,ITI,ITI4,12,Lazio,Lazio,5879082,3028549,51.51,0.41
3222,2021-02-05,LAZ,7309,2979,4330,1208,6099,2,ITI,ITI4,12,Lazio,Lazio,5879082,3035858,51.64,0.12
3223,2021-04-03,LAZ,24787,11186,13601,17874,6700,213,ITI,ITI4,12,Lazio,Lazio,5879082,3060645,52.06,0.42
3224,2021-02-19,LAZ,10044,5079,4965,9072,832,140,ITI,ITI4,12,Lazio,Lazio,5879082,3070689,52.23,0.17
3225,2021-04-01,LAZ,29639,14040,15599,22137,7141,361,ITI,ITI4,12,Lazio,Lazio,5879082,3100328,52.73,0.5
3226,2021-07-10,LAZ,70564,35410,35154,24999,44963,602,ITI,ITI4,12,Lazio,Lazio,5879082,3170892,53.94,1.2
3227,2021-06-23,LAZ,62041,29181,32860,28334,33238,469,ITI,ITI4,12,Lazio,Lazio,5879082,3232933,54.99,1.06
3228,2021-04-15,LAZ,31943,14312,17631,20692,10813,438,ITI,ITI4,12,Lazio,Lazio,5879082,3264876,55.53,0.54
3229,2021-02-10,LAZ,8195,3405,4790,4844,3346,5,ITI,ITI4,12,Lazio,Lazio,5879082,3273071,55.67,0.14
3230,2021-05-21,LAZ,51854,24881,26973,37175,13954,725,ITI,ITI4,12,Lazio,Lazio,5879082,3324925,56.56,0.88
3231,2021-06-04,LAZ,61560,30025,31535,43217,17744,599,ITI,ITI4,12,Lazio,Lazio,5879082,3386485,57.6,1.05
3232,2021-05-04,LAZ,39877,18345,21532,25886,13522,469,ITI,ITI4,12,Lazio,Lazio,5879082,3426362,58.28,0.68
3233,2021-02-24,LAZ,12050,5209,6841,10944,995,111,ITI,ITI4,12,Lazio,Lazio,5879082,3438412,58.49,0.2
3234,2021-07-07,LAZ,61907,30606,31301,28319,33056,532,ITI,ITI4,12,Lazio,Lazio,5879082,3500319,59.54,1.05
3235,2021-03-29,LAZ,25259,11934,13325,17946,7037,276,ITI,ITI4,12,Lazio,Lazio,5879082,3525578,59.97,0.43
3236,2021-03-15,LAZ,20945,9825,11120,13978,6744,223,ITI,ITI4,12,Lazio,Lazio,5879082,3546523,60.32,0.36
3237,2021-04-22,LAZ,38879,19234,19645,23672,14622,585,ITI,ITI4,12,Lazio,Lazio,5879082,3585402,60.99,0.66
3238,2021-03-10,LAZ,23330,10652,12678,17369,5647,314,ITI,ITI4,12,Lazio,Lazio,5879082,3608732,61.38,0.4
3239,2021-01-12,LAZ,5413,1981,3432,5270,0,143,ITI,ITI4,12,Lazio,Lazio,5879082,3614145,61.47,0.09
3240,2021-06-18,LAZ,64005,30767,33238,30206,33093,706,ITI,ITI4,12,Lazio,Lazio,5879082,3678150,62.56,1.09
3241,2021-03-17,LAZ,13812,5914,7898,7453,6256,103,ITI,ITI4,12,Lazio,Lazio,5879082,3691962,62.8,0.23
3242,2021-06-25,LAZ,62743,30199,32544,27936,34248,559,ITI,ITI4,12,Lazio,Lazio,5879082,3754705,63.87,1.07
3243,2021-01-31,LAZ,4462,1855,2607,477,3984,1,ITI,ITI4,12,Lazio,Lazio,5879082,3759167,63.94,0.08
3244,2021-05-11,LAZ,48288,22173,26115,31152,16542,594,ITI,ITI4,12,Lazio,Lazio,5879082,3807455,64.76,0.82
3245,2021-04-24,LAZ,33429,15079,18350,20170,12777,482,ITI,ITI4,12,Lazio,Lazio,5879082,3840884,65.33,0.57
3246,2021-05-30,LAZ,41208,17634,23574,33180,7355,673,ITI,ITI4,12,Lazio,Lazio,5879082,3882092,66.03,0.7
3247,2021-05-13,LAZ,50136,22529,27607,31670,17795,671,ITI,ITI4,12,Lazio,Lazio,5879082,3932228,66.89,0.85
3248,2021-06-29,LAZ,59268,28172,31096,27647,31065,556,ITI,ITI4,12,Lazio,Lazio,5879082,3991496,67.89,1.01
3249,2021-06-27,LAZ,47148,21541,25607,20581,26113,454,ITI,ITI4,12,Lazio,Lazio,5879082,4038644,68.7,0.8
3250,2021-02-04,LAZ,6337,2506,3831,1020,5316,1,ITI,ITI4,12,Lazio,Lazio,5879082,4044981,68.8,0.11
3251,2021-05-22,LAZ,55127,27002,28125,43527,10683,917,ITI,ITI4,12,Lazio,Lazio,5879082,4100108,69.74,0.94
3252,2021-05-15,LAZ,57365,27407,29958,40056,16521,788,ITI,ITI4,12,Lazio,Lazio,5879082,4157473,70.72,0.98
3253,2021-03-19,LAZ,17449,7565,9884,10993,6328,128,ITI,ITI4,12,Lazio,Lazio,5879082,4174922,71.01,0.3
3254,2021-05-01,LAZ,37972,17090,20882,25573,11969,430,ITI,ITI4,12,Lazio,Lazio,5879082,4212894,71.66,0.65
3255,2021-04-17,LAZ,32394,14219,18175,20003,11994,397,ITI,ITI4,12,Lazio,Lazio,5879082,4245288,72.21,0.55
3256,2021-03-12,LAZ,23986,11075,12911,17359,6317,310,ITI,ITI4,12,Lazio,Lazio,5879082,4269274,72.62,0.41
3257,2021-03-22,LAZ,23277,10490,12787,16292,6676,309,ITI,ITI4,12,Lazio,Lazio,5879082,4292551,73.01,0.4
3258,2020-12-29,LAZ,488,176,312,484,0,4,ITI,ITI4,12,Lazio,Lazio,5879082,4293039,73.02,0.01
3259,2021-06-13,LAZ,58363,26185,32178,33044,24827,492,ITI,ITI4,12,Lazio,Lazio,5879082,4351402,74.01,0.99
3260,2021-03-07,LAZ,14133,5466,8667,10343,3593,197,ITI,ITI4,12,Lazio,Lazio,5879082,4365535,74.26,0.24
3261,2021-06-15,LAZ,65663,31669,33994,33155,31968,540,ITI,ITI4,12,Lazio,Lazio,5879082,4431198,75.37,1.12
3262,2021-03-24,LAZ,27817,13035,14782,21218,6237,362,ITI,ITI4,12,Lazio,Lazio,5879082,4459015,75.85,0.47
3263,2021-05-29,LAZ,51976,23361,28615,40119,10985,872,ITI,ITI4,12,Lazio,Lazio,5879082,4510991,76.73,0.88
3264,2021-05-10,LAZ,44438,20304,24134,30589,13415,434,ITI,ITI4,12,Lazio,Lazio,5879082,4555429,77.49,0.76
3265,2021-05-27,LAZ,58144,26984,31160,43654,13694,796,ITI,ITI4,12,Lazio,Lazio,5879082,4613573,78.47,0.99
3266,2021-01-14,LAZ,5489,2146,3343,5315,0,174,ITI,ITI4,12,Lazio,Lazio,5879082,4619062,78.57,0.09
3267,2021-04-07,LAZ,25865,12056,13809,18227,7314,324,ITI,ITI4,12,Lazio,Lazio,5879082,4644927,79.01,0.44
3268,2020-12-28,LAZ,959,412,547,954,0,5,ITI,ITI4,12,Lazio,Lazio,5879082,4645886,79.02,0.02
3269,2021-01-16,LAZ,5646,2281,3365,5500,0,146,ITI,ITI4,12,Lazio,Lazio,5879082,4651532,79.12,0.1
3270,2021-04-26,LAZ,29241,13464,15777,19599,9204,438,ITI,ITI4,12,Lazio,Lazio,5879082,4680773,79.62,0.5
3271,2021-02-02,LAZ,5911,2213,3698,636,5272,3,ITI,ITI4,12,Lazio,Lazio,5879082,4686684,79.72,0.1
3272,2021-04-29,LAZ,38665,17250,21415,24826,13235,604,ITI,ITI4,12,Lazio,Lazio,5879082,4725349,80.38,0.66
3273,2021-03-03,LAZ,17858,7865,9993,13342,4294,222,ITI,ITI4,12,Lazio,Lazio,5879082,4743207,80.68,0.3
3274,2021-01-26,LAZ,7965,3129,4836,727,7238,0,ITI,ITI4,12,Lazio,Lazio,5879082,4751172,80.81,0.14
3275,2021-04-02,LAZ,29329,14027,15302,21632,7338,359,ITI,ITI4,12,Lazio,Lazio,5879082,4780501,81.31,0.5
3276,2021-07-11,LAZ,43785,22025,21760,3662,39982,141,ITI,ITI4,12,Lazio,Lazio,5879082,4824286,82.06,0.74
3277,2021-01-05,LAZ,7375,2803,4572,7273,0,102,ITI,ITI4,12,Lazio,Lazio,5879082,4831661,82.18,0.13
3278,2021-01-24,LAZ,5697,2229,3468,613,5084,0,ITI,ITI4,12,Lazio,Lazio,5879082,4837358,82.28,0.1
3279,2021-02-07,LAZ,4944,2026,2918,386,4557,1,ITI,ITI4,12,Lazio,Lazio,5879082,4842302,82.36,0.08
3280,2021-05-18,LAZ,44926,20545,24381,34813,9543,570,ITI,ITI4,12,Lazio,Lazio,5879082,4887228,83.13,0.76
3281,2021-05-03,LAZ,39226,17708,21518,26038,12609,579,ITI,ITI4,12,Lazio,Lazio,5879082,4926454,83.8,0.67
3282,2021-06-22,LAZ,62504,28838,33666,28515,33318,671,ITI,ITI4,12,Lazio,Lazio,5879082,4988958,84.86,1.06
3283,2021-03-14,LAZ,17240,6754,10486,11838,5154,248,ITI,ITI4,12,Lazio,Lazio,5879082,5006198,85.15,0.29
3284,2021-02-09,LAZ,8807,3774,5033,4575,4225,7,ITI,ITI4,12,Lazio,Lazio,5879082,5015005,85.3,0.15
3285,2021-02-23,LAZ,11095,4784,6311,10207,765,123,ITI,ITI4,12,Lazio,Lazio,5879082,5026100,85.49,0.19
3286,2021-01-21,LAZ,5603,2348,3255,550,5053,0,ITI,ITI4,12,Lazio,Lazio,5879082,5031703,85.59,0.1
3287,2021-03-31,LAZ,27655,13347,14308,20243,7098,314,ITI,ITI4,12,Lazio,Lazio,5879082,5059358,86.06,0.47
3288,2021-03-05,LAZ,19568,8669,10899,14622,4734,212,ITI,ITI4,12,Lazio,Lazio,5879082,5078926,86.39,0.33
3289,2021-02-16,LAZ,8359,4035,4324,7712,607,40,ITI,ITI4,12,Lazio,Lazio,5879082,5087285,86.53,0.14
3290,2021-06-17,LAZ,66596,31957,34639,31700,34206,690,ITI,ITI4,12,Lazio,Lazio,5879082,5153881,87.66,1.13
3291,2021-04-21,LAZ,33039,15015,18024,20307,12375,357,ITI,ITI4,12,Lazio,Lazio,5879082,5186920,88.23,0.56
3292,2021-06-03,LAZ,56359,28505,27854,37974,17692,693,ITI,ITI4,12,Lazio,Lazio,5879082,5243279,89.19,0.96
3293,2021-06-10,LAZ,71605,33787,37818,36978,33832,795,ITI,ITI4,12,Lazio,Lazio,5879082,5314884,90.4,1.22
3294,2021-04-14,LAZ,29313,13287,16026,18880,10123,310,ITI,ITI4,12,Lazio,Lazio,5879082,5344197,90.9,0.5
3295,2021-01-28,LAZ,8280,3166,5114,782,7497,1,ITI,ITI4,12,Lazio,Lazio,5879082,5352477,91.04,0.14
3296,2021-07-04,LAZ,46487,21627,24860,4073,42331,83,ITI,ITI4,12,Lazio,Lazio,5879082,5398964,91.83,0.79
3297,2021-05-08,LAZ,45439,20740,24699,29369,15414,656,ITI,ITI4,12,Lazio,Lazio,5879082,5444403,92.61,0.77
3298,2021-03-26,LAZ,30031,13836,16195,22773,6846,412,ITI,ITI4,12,Lazio,Lazio,5879082,5474434,93.12,0.51
3299,2021-07-06,LAZ,61912,30049,31863,28439,33013,460,ITI,ITI4,12,Lazio,Lazio,5879082,5536346,94.17,1.05
3300,2021-01-07,LAZ,7751,2903,4848,7594,0,157,ITI,ITI4,12,Lazio,Lazio,5879082,5544097,94.3,0.13
3301,2021-05-14,LAZ,51489,23522,27967,32506,18324,659,ITI,ITI4,12,Lazio,Lazio,5879082,5595586,95.18,0.88
3302,2021-03-18,LAZ,14224,6077,8147,7762,6391,71,ITI,ITI4,12,Lazio,Lazio,5879082,5609810,95.42,0.24
3303,2021-03-25,LAZ,29153,13475,15678,22118,6611,424,ITI,ITI4,12,Lazio,Lazio,5879082,5638963,95.92,0.5
3304,2021-01-27,LAZ,6116,2389,3727,999,5117,0,ITI,ITI4,12,Lazio,Lazio,5879082,5645079,96.02,0.1
3305,2021-06-01,LAZ,48815,23554,25261,29873,18489,453,ITI,ITI4,12,Lazio,Lazio,5879082,5693894,96.85,0.83
3306,2021-04-05,LAZ,19846,9065,10781,13518,6181,147,ITI,ITI4,12,Lazio,Lazio,5879082,5713740,97.19,0.34
3307,2021-05-25,LAZ,47440,22247,25193,35159,11678,603,ITI,ITI4,12,Lazio,Lazio,5879082,5761180,97.99,0.81
3308,2021-04-12,LAZ,23846,10749,13097,16671,6901,274,ITI,ITI4,12,Lazio,Lazio,5879082,5785026,98.4,0.41
3309,2021-06-08,LAZ,66485,31724,34761,35961,29897,627,ITI,ITI4,12,Lazio,Lazio,5879082,5851511,99.53,1.13
3310,2021-01-09,LAZ,6298,2562,3736,6186,0,112,ITI,ITI4,12,Lazio,Lazio,5879082,5857809,99.64,0.11
3311,2021-04-19,LAZ,30104,13684,16420,19007,10683,414,ITI,ITI4,12,Lazio,Lazio,5879082,5887913,100.15,0.51
3312,2021-02-21,LAZ,6990,3180,3810,6487,463,40,ITI,ITI4,12,Lazio,Lazio,5879082,5894903,100.27,0.12
3313,2021-02-14,LAZ,5777,2372,3405,5276,471,30,ITI,ITI4,12,Lazio,Lazio,5879082,5900680,100.37,0.1
3314,2021-02-28,LAZ,10262,4017,6245,9657,515,90,ITI,ITI4,12,Lazio,Lazio,5879082,5910942,100.54,0.17
3315,2021-01-02,LAZ,6708,2631,4077,6628,0,80,ITI,ITI4,12,Lazio,Lazio,5879082,5917650,100.66,0.11
3316,2021-01-10,BAS,77,24,53,77,0,0,ITF,ITF5,17,Basilicata,Basilicata,559084,77,0.01,0.01
3317,2021-04-20,BAS,4036,1921,2115,2178,1834,24,ITF,ITF5,17,Basilicata,Basilicata,559084,4113,0.74,0.72
3318,2021-01-08,BAS,554,219,335,554,0,0,ITF,ITF5,17,Basilicata,Basilicata,559084,4667,0.83,0.1
3319,2021-03-15,BAS,2362,987,1375,508,1838,16,ITF,ITF5,17,Basilicata,Basilicata,559084,7029,1.26,0.42
3320,2021-01-17,BAS,328,133,195,327,1,0,ITF,ITF5,17,Basilicata,Basilicata,559084,7357,1.32,0.06
3321,2021-01-15,BAS,816,351,465,816,0,0,ITF,ITF5,17,Basilicata,Basilicata,559084,8173,1.46,0.15
3322,2020-12-27,BAS,106,41,65,106,0,0,ITF,ITF5,17,Basilicata,Basilicata,559084,8279,1.48,0.02
3323,2021-03-20,BAS,1294,573,721,274,1013,7,ITF,ITF5,17,Basilicata,Basilicata,559084,9573,1.71,0.23
3324,2021-06-28,BAS,3672,1761,1911,2113,1541,18,ITF,ITF5,17,Basilicata,Basilicata,559084,13245,2.37,0.66
3325,2021-03-06,BAS,1361,538,823,750,599,12,ITF,ITF5,17,Basilicata,Basilicata,559084,14606,2.61,0.24
3326,2021-01-22,BAS,67,24,43,67,0,0,ITF,ITF5,17,Basilicata,Basilicata,559084,14673,2.62,0.01
3327,2021-05-02,BAS,4180,2001,2179,3491,629,60,ITF,ITF5,17,Basilicata,Basilicata,559084,18853,3.37,0.75
3328,2021-04-15,BAS,3386,1659,1727,2589,754,43,ITF,ITF5,17,Basilicata,Basilicata,559084,22239,3.98,0.61
3329,2021-07-07,BAS,5209,2474,2735,2022,3175,12,ITF,ITF5,17,Basilicata,Basilicata,559084,27448,4.91,0.93
3330,2021-05-04,BAS,4137,1991,2146,3566,523,48,ITF,ITF5,17,Basilicata,Basilicata,559084,31585,5.65,0.74
3331,2021-03-08,BAS,1463,715,748,818,615,30,ITF,ITF5,17,Basilicata,Basilicata,559084,33048,5.91,0.26
3332,2021-06-16,BAS,4596,2083,2513,2122,2454,20,ITF,ITF5,17,Basilicata,Basilicata,559084,37644,6.73,0.82
3333,2021-05-30,BAS,2776,1420,1356,919,1852,5,ITF,ITF5,17,Basilicata,Basilicata,559084,40420,7.23,0.5
3334,2021-04-03,BAS,1808,749,1059,1460,336,12,ITF,ITF5,17,Basilicata,Basilicata,559084,42228,7.55,0.32
3335,2021-02-05,BAS,988,444,544,63,924,1,ITF,ITF5,17,Basilicata,Basilicata,559084,43216,7.73,0.18
3336,2021-07-12,BAS,2932,1383,1549,859,2053,20,ITF,ITF5,17,Basilicata,Basilicata,559084,46148,8.25,0.52
3337,2021-03-25,BAS,1884,604,1280,1519,344,21,ITF,ITF5,17,Basilicata,Basilicata,559084,48032,8.59,0.34
3338,2021-01-27,BAS,412,175,237,113,299,0,ITF,ITF5,17,Basilicata,Basilicata,559084,48444,8.66,0.07
3339,2021-02-10,BAS,549,238,311,495,52,2,ITF,ITF5,17,Basilicata,Basilicata,559084,48993,8.76,0.1
3340,2021-05-21,BAS,4574,2320,2254,1479,3083,12,ITF,ITF5,17,Basilicata,Basilicata,559084,53567,9.58,0.82
3341,2021-04-01,BAS,2705,1111,1594,1955,722,28,ITF,ITF5,17,Basilicata,Basilicata,559084,56272,10.07,0.48
3342,2021-02-03,BAS,669,301,368,32,637,0,ITF,ITF5,17,Basilicata,Basilicata,559084,56941,10.18,0.12
3343,2021-04-08,BAS,767,352,415,742,10,15,ITF,ITF5,17,Basilicata,Basilicata,559084,57708,10.32,0.14
3344,2021-04-22,BAS,5045,2350,2695,3381,1610,54,ITF,ITF5,17,Basilicata,Basilicata,559084,62753,11.22,0.9
3345,2021-06-30,BAS,3453,1669,1784,2316,1111,26,ITF,ITF5,17,Basilicata,Basilicata,559084,66206,11.84,0.62
3346,2021-02-17,BAS,1135,493,642,1057,76,2,ITF,ITF5,17,Basilicata,Basilicata,559084,67341,12.04,0.2
3347,2021-05-28,BAS,3615,1810,1805,919,2663,33,ITF,ITF5,17,Basilicata,Basilicata,559084,70956,12.69,0.65
3348,2021-06-04,BAS,4832,2289,2543,3750,1046,36,ITF,ITF5,17,Basilicata,Basilicata,559084,75788,13.56,0.86
3349,2021-02-24,BAS,1807,743,1064,1723,73,11,ITF,ITF5,17,Basilicata,Basilicata,559084,77595,13.88,0.32
3350,2021-02-22,BAS,1791,773,1018,1730,53,8,ITF,ITF5,17,Basilicata,Basilicata,559084,79386,14.2,0.32
3351,2021-04-27,BAS,4727,2242,2485,4351,325,51,ITF,ITF5,17,Basilicata,Basilicata,559084,84113,15.04,0.85
3352,2021-06-27,BAS,3007,1477,1530,2377,616,14,ITF,ITF5,17,Basilicata,Basilicata,559084,87120,15.58,0.54
3353,2021-06-09,BAS,4422,2071,2351,3966,424,32,ITF,ITF5,17,Basilicata,Basilicata,559084,91542,16.37,0.79
3354,2021-04-13,BAS,2119,1053,1066,1285,817,17,ITF,ITF5,17,Basilicata,Basilicata,559084,93661,16.75,0.38
3355,2021-03-01,BAS,550,286,264,383,167,0,ITF,ITF5,17,Basilicata,Basilicata,559084,94211,16.85,0.1
3356,2021-06-18,BAS,4547,2086,2461,2183,2338,26,ITF,ITF5,17,Basilicata,Basilicata,559084,98758,17.66,0.81
3357,2021-01-24,BAS,842,305,537,57,784,1,ITF,ITF5,17,Basilicata,Basilicata,559084,99600,17.81,0.15
3358,2021-05-13,BAS,5985,2967,3018,3299,2596,90,ITF,ITF5,17,Basilicata,Basilicata,559084,105585,18.89,1.07
3359,2021-05-09,BAS,4683,2339,2344,2940,1694,49,ITF,ITF5,17,Basilicata,Basilicata,559084,110268,19.72,0.84
3360,2021-02-15,BAS,622,232,390,566,42,14,ITF,ITF5,17,Basilicata,Basilicata,559084,110890,19.83,0.11
3361,2021-01-29,BAS,617,231,386,63,554,0,ITF,ITF5,17,Basilicata,Basilicata,559084,111507,19.94,0.11
3362,2021-03-05,BAS,1856,857,999,1096,747,13,ITF,ITF5,17,Basilicata,Basilicata,559084,113363,20.28,0.33
3363,2021-06-13,BAS,3014,1439,1575,2678,308,28,ITF,ITF5,17,Basilicata,Basilicata,559084,116377,20.82,0.54
3364,2021-05-27,BAS,3602,1855,1747,1059,2529,14,ITF,ITF5,17,Basilicata,Basilicata,559084,119979,21.46,0.64
3365,2021-01-03,BAS,901,344,557,901,0,0,ITF,ITF5,17,Basilicata,Basilicata,559084,120880,21.62,0.16
3366,2021-05-16,BAS,4972,2468,2504,2811,2113,48,ITF,ITF5,17,Basilicata,Basilicata,559084,125852,22.51,0.89
3367,2021-05-23,BAS,4518,2302,2216,1527,2984,7,ITF,ITF5,17,Basilicata,Basilicata,559084,130370,23.32,0.81
3368,2021-03-27,BAS,2251,862,1389,1808,429,14,ITF,ITF5,17,Basilicata,Basilicata,559084,132621,23.72,0.4
3369,2021-07-05,BAS,3269,1614,1655,2214,1022,33,ITF,ITF5,17,Basilicata,Basilicata,559084,135890,24.31,0.58
3370,2021-06-01,BAS,6136,2926,3210,3033,3076,27,ITF,ITF5,17,Basilicata,Basilicata,559084,142026,25.4,1.1
3371,2021-06-08,BAS,4585,2193,2392,4189,358,38,ITF,ITF5,17,Basilicata,Basilicata,559084,146611,26.22,0.82
3372,2021-06-11,BAS,4237,1982,2255,3168,1028,41,ITF,ITF5,17,Basilicata,Basilicata,559084,150848,26.98,0.76
3373,2021-05-11,BAS,2654,1353,1301,1597,1033,24,ITF,ITF5,17,Basilicata,Basilicata,559084,153502,27.46,0.47
3374,2021-04-05,BAS,724,233,491,412,302,10,ITF,ITF5,17,Basilicata,Basilicata,559084,154226,27.59,0.13
3375,2021-06-23,BAS,3384,1587,1797,2412,940,32,ITF,ITF5,17,Basilicata,Basilicata,559084,157610,28.19,0.61
3376,2021-03-13,BAS,1799,890,909,735,1045,19,ITF,ITF5,17,Basilicata,Basilicata,559084,159409,28.51,0.32
3377,2021-02-07,BAS,376,159,217,49,327,0,ITF,ITF5,17,Basilicata,Basilicata,559084,159785,28.58,0.07
3378,2021-05-18,BAS,5897,2857,3040,3385,2492,20,ITF,ITF5,17,Basilicata,Basilicata,559084,165682,29.63,1.05
3379,2021-05-01,BAS,4706,2138,2568,3887,752,67,ITF,ITF5,17,Basilicata,Basilicata,559084,170388,30.48,0.84
3380,2021-04-29,BAS,4832,2385,2447,4339,421,72,ITF,ITF5,17,Basilicata,Basilicata,559084,175220,31.34,0.86
3381,2021-03-17,BAS,1456,611,845,24,1428,4,ITF,ITF5,17,Basilicata,Basilicata,559084,176676,31.6,0.26
3382,2021-01-19,BAS,199,84,115,199,0,0,ITF,ITF5,17,Basilicata,Basilicata,559084,176875,31.64,0.04
3383,2021-06-25,BAS,3317,1572,1745,2453,831,33,ITF,ITF5,17,Basilicata,Basilicata,559084,180192,32.23,0.59
3384,2021-07-04,BAS,3109,1562,1547,2163,921,25,ITF,ITF5,17,Basilicata,Basilicata,559084,183301,32.79,0.56
3385,2021-03-24,BAS,1898,724,1174,1478,398,22,ITF,ITF5,17,Basilicata,Basilicata,559084,185199,33.13,0.34
3386,2021-07-02,BAS,3690,1838,1852,2485,1176,29,ITF,ITF5,17,Basilicata,Basilicata,559084,188889,33.79,0.66
3387,2021-05-08,BAS,4835,2399,2436,3386,1407,42,ITF,ITF5,17,Basilicata,Basilicata,559084,193724,34.65,0.86
3388,2021-03-10,BAS,1681,843,838,833,839,9,ITF,ITF5,17,Basilicata,Basilicata,559084,195405,34.95,0.3
3389,2021-01-26,BAS,801,354,447,101,700,0,ITF,ITF5,17,Basilicata,Basilicata,559084,196206,35.09,0.14
3390,2021-05-06,BAS,5052,2435,2617,3432,1569,51,ITF,ITF5,17,Basilicata,Basilicata,559084,201258,36.0,0.9
3391,2021-07-09,BAS,5403,2638,2765,1703,3691,9,ITF,ITF5,17,Basilicata,Basilicata,559084,206661,36.96,0.97
3392,2021-04-17,BAS,3461,1655,1806,2171,1262,28,ITF,ITF5,17,Basilicata,Basilicata,559084,210122,37.58,0.62
3393,2021-03-29,BAS,2470,892,1578,2132,287,51,ITF,ITF5,17,Basilicata,Basilicata,559084,212592,38.03,0.44
3394,2021-01-05,BAS,946,409,537,946,0,0,ITF,ITF5,17,Basilicata,Basilicata,559084,213538,38.19,0.17
3395,2021-06-20,BAS,4011,1884,2127,1941,2036,34,ITF,ITF5,17,Basilicata,Basilicata,559084,217549,38.91,0.72
3396,2021-01-07,BAS,641,319,322,641,0,0,ITF,ITF5,17,Basilicata,Basilicata,559084,218190,39.03,0.11
3397,2021-02-19,BAS,1623,738,885,1556,62,5,ITF,ITF5,17,Basilicata,Basilicata,559084,219813,39.32,0.29
3398,2021-02-12,BAS,776,332,444,744,31,1,ITF,ITF5,17,Basilicata,Basilicata,559084,220589,39.46,0.14
3399,2021-04-10,BAS,1033,378,655,924,83,26,ITF,ITF5,17,Basilicata,Basilicata,559084,221622,39.64,0.18
3400,2021-06-24,BAS,4141,1959,2182,2201,1903,37,ITF,ITF5,17,Basilicata,Basilicata,559084,225763,40.38,0.74
3401,2021-04-28,BAS,4706,2159,2547,4206,441,59,ITF,ITF5,17,Basilicata,Basilicata,559084,230469,41.22,0.84
3402,2021-03-02,BAS,798,385,413,657,136,5,ITF,ITF5,17,Basilicata,Basilicata,559084,231267,41.37,0.14
3403,2021-06-10,BAS,4346,2102,2244,3870,441,35,ITF,ITF5,17,Basilicata,Basilicata,559084,235613,42.14,0.78
3404,2021-04-24,BAS,4541,2197,2344,3473,1013,55,ITF,ITF5,17,Basilicata,Basilicata,559084,240154,42.95,0.81
3405,2021-03-19,BAS,2296,995,1301,259,2030,7,ITF,ITF5,17,Basilicata,Basilicata,559084,242450,43.37,0.41
3406,2021-02-16,BAS,907,377,530,790,98,19,ITF,ITF5,17,Basilicata,Basilicata,559084,243357,43.53,0.16
3407,2021-01-28,BAS,907,402,505,119,788,0,ITF,ITF5,17,Basilicata,Basilicata,559084,244264,43.69,0.16
3408,2021-02-26,BAS,2151,904,1247,2064,81,6,ITF,ITF5,17,Basilicata,Basilicata,559084,246415,44.07,0.38
3409,2021-05-20,BAS,5878,2977,2901,2883,2967,28,ITF,ITF5,17,Basilicata,Basilicata,559084,252293,45.13,1.05
3410,2021-06-06,BAS,4516,2076,2440,3697,780,39,ITF,ITF5,17,Basilicata,Basilicata,559084,256809,45.93,0.81
3411,2021-04-14,BAS,2041,1000,1041,1351,674,16,ITF,ITF5,17,Basilicata,Basilicata,559084,258850,46.3,0.37
3412,2021-01-21,BAS,30,10,20,30,0,0,ITF,ITF5,17,Basilicata,Basilicata,559084,258880,46.3,0.01
3413,2021-01-04,BAS,608,271,337,608,0,0,ITF,ITF5,17,Basilicata,Basilicata,559084,259488,46.41,0.11
3414,2021-07-06,BAS,4071,1942,2129,2032,2005,34,ITF,ITF5,17,Basilicata,Basilicata,559084,263559,47.14,0.73
3415,2021-02-11,BAS,952,401,551,867,83,2,ITF,ITF5,17,Basilicata,Basilicata,559084,264511,47.31,0.17
3416,2021-05-22,BAS,5489,2723,2766,1927,3551,11,ITF,ITF5,17,Basilicata,Basilicata,559084,270000,48.29,0.98
3417,2021-03-26,BAS,1955,703,1252,1669,260,26,ITF,ITF5,17,Basilicata,Basilicata,559084,271955,48.64,0.35
3418,2021-06-17,BAS,4432,2038,2394,2089,2319,24,ITF,ITF5,17,Basilicata,Basilicata,559084,276387,49.44,0.79
3419,2021-04-21,BAS,3920,1834,2086,2241,1650,29,ITF,ITF5,17,Basilicata,Basilicata,559084,280307,50.14,0.7
3420,2021-01-18,BAS,463,157,306,364,99,0,ITF,ITF5,17,Basilicata,Basilicata,559084,280770,50.22,0.08
3421,2021-03-22,BAS,1190,537,653,634,548,8,ITF,ITF5,17,Basilicata,Basilicata,559084,281960,50.43,0.21
3422,2021-03-03,BAS,1748,818,930,1167,559,22,ITF,ITF5,17,Basilicata,Basilicata,559084,283708,50.75,0.31
3423,2021-05-25,BAS,4195,2112,2083,864,3321,10,ITF,ITF5,17,Basilicata,Basilicata,559084,287903,51.5,0.75
3424,2021-02-14,BAS,151,48,103,105,0,46,ITF,ITF5,17,Basilicata,Basilicata,559084,288054,51.52,0.03
3425,2021-01-31,BAS,77,24,53,0,77,0,ITF,ITF5,17,Basilicata,Basilicata,559084,288131,51.54,0.01
3426,2021-01-12,BAS,217,88,129,217,0,0,ITF,ITF5,17,Basilicata,Basilicata,559084,288348,51.58,0.04
3427,2021-05-10,BAS,4804,2382,2422,2718,2042,44,ITF,ITF5,17,Basilicata,Basilicata,559084,293152,52.43,0.86
3428,2021-05-15,BAS,6529,3344,3185,3875,2571,83,ITF,ITF5,17,Basilicata,Basilicata,559084,299681,53.6,1.17
3429,2021-04-02,BAS,2340,1056,1284,1714,605,21,ITF,ITF5,17,Basilicata,Basilicata,559084,302021,54.02,0.42
3430,2021-02-04,BAS,1099,443,656,63,1036,0,ITF,ITF5,17,Basilicata,Basilicata,559084,303120,54.22,0.2
3431,2021-07-11,BAS,5038,2405,2633,1516,3497,25,ITF,ITF5,17,Basilicata,Basilicata,559084,308158,55.12,0.9
3432,2021-02-02,BAS,367,143,224,174,192,1,ITF,ITF5,17,Basilicata,Basilicata,559084,308525,55.18,0.07
3433,2021-04-09,BAS,1151,350,801,1064,63,24,ITF,ITF5,17,Basilicata,Basilicata,559084,309676,55.39,0.21
3434,2021-03-14,BAS,1010,477,533,529,469,12,ITF,ITF5,17,Basilicata,Basilicata,559084,310686,55.57,0.18
3435,2021-03-31,BAS,3100,1261,1839,2288,782,30,ITF,ITF5,17,Basilicata,Basilicata,559084,313786,56.13,0.55
3436,2021-06-22,BAS,4371,2071,2300,2237,2102,32,ITF,ITF5,17,Basilicata,Basilicata,559084,318157,56.91,0.78
3437,2021-06-05,BAS,4799,2209,2590,3823,941,35,ITF,ITF5,17,Basilicata,Basilicata,559084,322956,57.77,0.86
3438,2021-02-23,BAS,1902,771,1131,1746,139,17,ITF,ITF5,17,Basilicata,Basilicata,559084,324858,58.11,0.34
3439,2021-06-03,BAS,4918,2256,2662,3700,1180,38,ITF,ITF5,17,Basilicata,Basilicata,559084,329776,58.99,0.88
3440,2021-03-12,BAS,1908,981,927,780,1102,26,ITF,ITF5,17,Basilicata,Basilicata,559084,331684,59.33,0.34
3441,2021-05-17,BAS,5540,2732,2808,3359,2132,49,ITF,ITF5,17,Basilicata,Basilicata,559084,337224,60.32,0.99
3442,2021-02-27,BAS,1993,861,1132,1812,164,17,ITF,ITF5,17,Basilicata,Basilicata,559084,339217,60.67,0.36
3443,2021-06-07,BAS,4242,1922,2320,3891,315,36,ITF,ITF5,17,Basilicata,Basilicata,559084,343459,61.43,0.76
3444,2021-04-11,BAS,853,331,522,756,68,29,ITF,ITF5,17,Basilicata,Basilicata,559084,344312,61.59,0.15
3445,2021-04-04,BAS,610,225,385,191,413,6,ITF,ITF5,17,Basilicata,Basilicata,559084,344922,61.69,0.11
3446,2021-01-14,BAS,969,413,556,969,0,0,ITF,ITF5,17,Basilicata,Basilicata,559084,345891,61.87,0.17
3447,2021-04-07,BAS,1213,552,661,1157,36,20,ITF,ITF5,17,Basilicata,Basilicata,559084,347104,62.08,0.22
3448,2021-04-25,BAS,2988,1457,1531,2904,52,32,ITF,ITF5,17,Basilicata,Basilicata,559084,350092,62.62,0.53
3449,2021-05-12,BAS,4724,2327,2397,2794,1882,48,ITF,ITF5,17,Basilicata,Basilicata,559084,354816,63.46,0.84
3450,2021-01-23,BAS,724,308,416,33,691,0,ITF,ITF5,17,Basilicata,Basilicata,559084,355540,63.59,0.13
3451,2021-05-03,BAS,4510,2042,2468,3621,827,62,ITF,ITF5,17,Basilicata,Basilicata,559084,360050,64.4,0.81
3452,2021-02-09,BAS,491,213,278,316,175,0,ITF,ITF5,17,Basilicata,Basilicata,559084,360541,64.49,0.09
3453,2021-06-21,BAS,4252,2042,2210,2142,2091,19,ITF,ITF5,17,Basilicata,Basilicata,559084,364793,65.25,0.76
3454,2021-06-19,BAS,4466,2178,2288,2371,2073,22,ITF,ITF5,17,Basilicata,Basilicata,559084,369259,66.05,0.8
3455,2021-03-28,BAS,2143,743,1400,2109,17,17,ITF,ITF5,17,Basilicata,Basilicata,559084,371402,66.43,0.38
3456,2021-03-11,BAS,1794,928,866,817,959,18,ITF,ITF5,17,Basilicata,Basilicata,559084,373196,66.75,0.32
3457,2021-03-30,BAS,2745,1159,1586,2384,346,15,ITF,ITF5,17,Basilicata,Basilicata,559084,375941,67.24,0.49
3458,2021-07-08,BAS,5134,2428,2706,1854,3256,24,ITF,ITF5,17,Basilicata,Basilicata,559084,381075,68.16,0.92
3459,2021-01-06,BAS,294,129,165,294,0,0,ITF,ITF5,17,Basilicata,Basilicata,559084,381369,68.21,0.05
3460,2021-02-08,BAS,558,193,365,151,407,0,ITF,ITF5,17,Basilicata,Basilicata,559084,381927,68.31,0.1
3461,2021-05-19,BAS,2871,1498,1373,1182,1676,13,ITF,ITF5,17,Basilicata,Basilicata,559084,384798,68.83,0.51
3462,2021-02-25,BAS,1789,738,1051,1732,46,11,ITF,ITF5,17,Basilicata,Basilicata,559084,386587,69.15,0.32
3463,2021-02-06,BAS,907,370,537,146,761,0,ITF,ITF5,17,Basilicata,Basilicata,559084,387494,69.31,0.16
3464,2021-04-30,BAS,5285,2375,2910,4066,1162,57,ITF,ITF5,17,Basilicata,Basilicata,559084,392779,70.25,0.95
3465,2021-01-20,BAS,84,22,62,84,0,0,ITF,ITF5,17,Basilicata,Basilicata,559084,392863,70.27,0.02
3466,2021-02-13,BAS,800,314,486,701,61,38,ITF,ITF5,17,Basilicata,Basilicata,559084,393663,70.41,0.14
3467,2021-05-24,BAS,4833,2343,2490,1090,3730,13,ITF,ITF5,17,Basilicata,Basilicata,559084,398496,71.28,0.86
3468,2021-06-29,BAS,3882,1892,1990,2815,1041,26,ITF,ITF5,17,Basilicata,Basilicata,559084,402378,71.97,0.69
3469,2021-03-21,BAS,1062,489,573,364,696,2,ITF,ITF5,17,Basilicata,Basilicata,559084,403440,72.16,0.19
3470,2021-05-29,BAS,3060,1534,1526,826,2225,9,ITF,ITF5,17,Basilicata,Basilicata,559084,406500,72.71,0.55
3471,2021-01-13,BAS,916,387,529,916,0,0,ITF,ITF5,17,Basilicata,Basilicata,559084,407416,72.87,0.16
3472,2021-04-23,BAS,4537,2186,2351,3480,998,59,ITF,ITF5,17,Basilicata,Basilicata,559084,411953,73.68,0.81
3473,2021-01-30,BAS,706,229,477,129,577,0,ITF,ITF5,17,Basilicata,Basilicata,559084,412659,73.81,0.13
3474,2021-03-04,BAS,1885,893,992,1063,799,23,ITF,ITF5,17,Basilicata,Basilicata,559084,414544,74.15,0.34
3475,2021-06-12,BAS,3672,1687,1985,2957,676,39,ITF,ITF5,17,Basilicata,Basilicata,559084,418216,74.8,0.66
3476,2021-04-06,BAS,1273,464,809,1074,184,15,ITF,ITF5,17,Basilicata,Basilicata,559084,419489,75.03,0.23
3477,2021-06-14,BAS,4825,2156,2669,2092,2709,24,ITF,ITF5,17,Basilicata,Basilicata,559084,424314,75.89,0.86
3478,2021-03-23,BAS,1592,611,981,1407,168,17,ITF,ITF5,17,Basilicata,Basilicata,559084,425906,76.18,0.28
3479,2021-07-01,BAS,3706,1855,1851,2563,1110,33,ITF,ITF5,17,Basilicata,Basilicata,559084,429612,76.84,0.66
3480,2021-04-16,BAS,3321,1634,1687,2400,898,23,ITF,ITF5,17,Basilicata,Basilicata,559084,432933,77.44,0.59
3481,2021-03-16,BAS,1908,802,1106,226,1679,3,ITF,ITF5,17,Basilicata,Basilicata,559084,434841,77.78,0.34
3482,2021-05-05,BAS,4334,2048,2286,3378,890,66,ITF,ITF5,17,Basilicata,Basilicata,559084,439175,78.55,0.78
3483,2021-03-09,BAS,1404,717,687,778,608,18,ITF,ITF5,17,Basilicata,Basilicata,559084,440579,78.8,0.25
3484,2021-01-25,BAS,1026,430,596,73,952,1,ITF,ITF5,17,Basilicata,Basilicata,559084,441605,78.99,0.18
3485,2021-01-11,BAS,183,66,117,183,0,0,ITF,ITF5,17,Basilicata,Basilicata,559084,441788,79.02,0.03
3486,2021-06-02,BAS,5959,2804,3155,4375,1543,41,ITF,ITF5,17,Basilicata,Basilicata,559084,447747,80.09,1.07
3487,2021-04-18,BAS,3717,1843,1874,2329,1366,22,ITF,ITF5,17,Basilicata,Basilicata,559084,451464,80.75,0.66
3488,2021-02-20,BAS,1163,532,631,1044,119,0,ITF,ITF5,17,Basilicata,Basilicata,559084,452627,80.96,0.21
3489,2021-05-31,BAS,4229,2009,2220,1713,2508,8,ITF,ITF5,17,Basilicata,Basilicata,559084,456856,81.72,0.76
3490,2021-02-18,BAS,1070,401,669,852,215,3,ITF,ITF5,17,Basilicata,Basilicata,559084,457926,81.91,0.19
3491,2021-02-01,BAS,242,91,151,46,196,0,ITF,ITF5,17,Basilicata,Basilicata,559084,458168,81.95,0.04
3492,2021-05-26,BAS,4488,2259,2229,1677,2782,29,ITF,ITF5,17,Basilicata,Basilicata,559084,462656,82.75,0.8
3493,2021-04-12,BAS,2172,1053,1119,1654,489,29,ITF,ITF5,17,Basilicata,Basilicata,559084,464828,83.14,0.39
3494,2021-04-19,BAS,4166,1913,2253,2398,1638,130,ITF,ITF5,17,Basilicata,Basilicata,559084,468994,83.89,0.75
3495,2021-06-15,BAS,3219,1415,1804,2224,975,20,ITF,ITF5,17,Basilicata,Basilicata,559084,472213,84.46,0.58
3496,2021-02-28,BAS,810,346,464,771,35,4,ITF,ITF5,17,Basilicata,Basilicata,559084,473023,84.61,0.14
3497,2021-01-02,BAS,950,381,569,949,0,1,ITF,ITF5,17,Basilicata,Basilicata,559084,473973,84.78,0.17
3498,2021-01-16,BAS,722,304,418,722,0,0,ITF,ITF5,17,Basilicata,Basilicata,559084,474695,84.91,0.13
3499,2021-04-26,BAS,4470,2166,2304,4202,221,47,ITF,ITF5,17,Basilicata,Basilicata,559084,479165,85.71,0.8
3500,2021-02-21,BAS,284,113,171,284,0,0,ITF,ITF5,17,Basilicata,Basilicata,559084,479449,85.76,0.05
3501,2021-03-07,BAS,889,309,580,841,38,10,ITF,ITF5,17,Basilicata,Basilicata,559084,480338,85.92,0.16
3502,2021-01-09,BAS,557,160,397,557,0,0,ITF,ITF5,17,Basilicata,Basilicata,559084,480895,86.01,0.1
3503,2021-07-03,BAS,3945,2102,1843,2756,1146,43,ITF,ITF5,17,Basilicata,Basilicata,559084,484840,86.72,0.71
3504,2021-05-07,BAS,4649,2284,2365,3271,1354,24,ITF,ITF5,17,Basilicata,Basilicata,559084,489489,87.55,0.83
3505,2021-07-10,BAS,5576,2693,2883,1598,3970,8,ITF,ITF5,17,Basilicata,Basilicata,559084,495065,88.55,1.0
3506,2021-05-14,BAS,5907,2799,3108,3273,2531,103,ITF,ITF5,17,Basilicata,Basilicata,559084,500972,89.61,1.06
3507,2021-03-18,BAS,1352,565,787,17,1326,9,ITF,ITF5,17,Basilicata,Basilicata,559084,502324,89.85,0.24
3508,2021-06-26,BAS,3327,1611,1716,2742,557,28,ITF,ITF5,17,Basilicata,Basilicata,559084,505651,90.44,0.6
3509,2021-04-11,EMR,15278,6935,8343,11981,3048,249,ITH,ITH5,8,Emilia-Romagna,Emilia-Romagna,4459477,15278,0.34,0.34
3510,2021-02-11,EMR,4255,1415,2840,3397,842,16,ITH,ITH5,8,Emilia-Romagna,Emilia-Romagna,4459477,19533,0.44,0.1
3511,2021-04-16,EMR,29229,13763,15466,20026,8838,365,ITH,ITH5,8,Emilia-Romagna,Emilia-Romagna,4459477,48762,1.09,0.66
3512,2021-01-06,EMR,8287,2955,5332,8286,0,1,ITH,ITH5,8,Emilia-Romagna,Emilia-Romagna,4459477,57049,1.28,0.19
3513,2021-04-30,EMR,36605,16788,19817,21186,14794,625,ITH,ITH5,8,Emilia-Romagna,Emilia-Romagna,4459477,93654,2.1,0.82
3514,2021-03-28,EMR,13500,6026,7474,9505,3870,125,ITH,ITH5,8,Emilia-Romagna,Emilia-Romagna,4459477,107154,2.4,0.3
3515,2021-02-25,EMR,9249,3499,5750,8273,954,22,ITH,ITH5,8,Emilia-Romagna,Emilia-Romagna,4459477,116403,2.61,0.21
3516,2021-06-19,EMR,36599,18318,18281,17021,19370,208,ITH,ITH5,8,Emilia-Romagna,Emilia-Romagna,4459477,153002,3.43,0.82
3517,2021-01-30,EMR,10080,3520,6560,140,9939,1,ITH,ITH5,8,Emilia-Romagna,Emilia-Romagna,4459477,163082,3.66,0.23
3518,2021-04-23,EMR,29563,13811,15752,14299,14882,382,ITH,ITH5,8,Emilia-Romagna,Emilia-Romagna,4459477,192645,4.32,0.66
3519,2021-01-13,EMR,9077,2942,6135,9072,0,5,ITH,ITH5,8,Emilia-Romagna,Emilia-Romagna,4459477,201722,4.52,0.2
3520,2021-02-18,EMR,7039,2892,4147,6440,583,16,ITH,ITH5,8,Emilia-Romagna,Emilia-Romagna,4459477,208761,4.68,0.16
3521,2021-06-07,EMR,40430,20752,19678,33822,6247,361,ITH,ITH5,8,Emilia-Romagna,Emilia-Romagna,4459477,249191,5.59,0.91
3522,2021-01-23,EMR,2448,871,1577,443,2005,0,ITH,ITH5,8,Emilia-Romagna,Emilia-Romagna,4459477,251639,5.64,0.05
3523,2021-05-07,EMR,35272,16962,18310,22724,11856,692,ITH,ITH5,8,Emilia-Romagna,Emilia-Romagna,4459477,286911,6.43,0.79
3524,2021-07-03,EMR,32021,15881,16140,11774,19956,291,ITH,ITH5,8,Emilia-Romagna,Emilia-Romagna,4459477,318932,7.15,0.72
3525,2021-05-12,EMR,38902,18286,20616,28373,9675,854,ITH,ITH5,8,Emilia-Romagna,Emilia-Romagna,4459477,357834,8.02,0.87
3526,2021-02-01,EMR,10320,3610,6710,360,9958,2,ITH,ITH5,8,Emilia-Romagna,Emilia-Romagna,4459477,368154,8.26,0.23
3527,2021-01-18,EMR,3128,879,2249,2446,679,3,ITH,ITH5,8,Emilia-Romagna,Emilia-Romagna,4459477,371282,8.33,0.07
3528,2021-03-16,EMR,12246,5027,7219,4871,7309,66,ITH,ITH5,8,Emilia-Romagna,Emilia-Romagna,4459477,383528,8.6,0.27
3529,2021-01-25,EMR,6462,2146,4316,206,6255,1,ITH,ITH5,8,Emilia-Romagna,Emilia-Romagna,4459477,389990,8.75,0.14
3530,2021-07-01,EMR,34453,16837,17616,15333,18809,311,ITH,ITH5,8,Emilia-Romagna,Emilia-Romagna,4459477,424443,9.52,0.77
3531,2021-03-23,EMR,18797,8144,10653,11951,6687,159,ITH,ITH5,8,Emilia-Romagna,Emilia-Romagna,4459477,443240,9.94,0.42
3532,2021-06-21,EMR,37514,18968,18546,16389,20861,264,ITH,ITH5,8,Emilia-Romagna,Emilia-Romagna,4459477,480754,10.78,0.84
3533,2021-07-08,EMR,38279,19081,19198,4762,33248,269,ITH,ITH5,8,Emilia-Romagna,Emilia-Romagna,4459477,519033,11.64,0.86
3534,2021-03-30,EMR,23345,10338,13007,18008,5041,296,ITH,ITH5,8,Emilia-Romagna,Emilia-Romagna,4459477,542378,12.16,0.52
3535,2021-01-04,EMR,7315,2527,4788,7312,0,3,ITH,ITH5,8,Emilia-Romagna,Emilia-Romagna,4459477,549693,12.33,0.16
3536,2021-05-26,EMR,33236,14731,18505,9925,22927,384,ITH,ITH5,8,Emilia-Romagna,Emilia-Romagna,4459477,582929,13.07,0.75
3537,2021-06-12,EMR,41257,21816,19441,35790,4910,557,ITH,ITH5,8,Emilia-Romagna,Emilia-Romagna,4459477,624186,14.0,0.93
3538,2021-03-04,EMR,16452,5350,11102,13344,3017,91,ITH,ITH5,8,Emilia-Romagna,Emilia-Romagna,4459477,640638,14.37,0.37
3539,2021-05-24,EMR,29947,13715,16232,17951,11479,517,ITH,ITH5,8,Emilia-Romagna,Emilia-Romagna,4459477,670585,15.04,0.67
3540,2021-02-13,EMR,3627,1084,2543,3014,598,15,ITH,ITH5,8,Emilia-Romagna,Emilia-Romagna,4459477,674212,15.12,0.08
3541,2021-04-18,EMR,17504,8396,9108,12361,4918,225,ITH,ITH5,8,Emilia-Romagna,Emilia-Romagna,4459477,691716,15.51,0.39
3542,2021-06-14,EMR,41220,21301,19919,27710,13063,447,ITH,ITH5,8,Emilia-Romagna,Emilia-Romagna,4459477,732936,16.44,0.92
3543,2021-01-10,EMR,7171,2684,4487,7170,0,1,ITH,ITH5,8,Emilia-Romagna,Emilia-Romagna,4459477,740107,16.6,0.16
3544,2021-06-16,EMR,45684,23342,22342,25374,19916,394,ITH,ITH5,8,Emilia-Romagna,Emilia-Romagna,4459477,785791,17.62,1.02
3545,2021-03-08,EMR,12190,5092,7098,9465,2646,79,ITH,ITH5,8,Emilia-Romagna,Emilia-Romagna,4459477,797981,17.89,0.27
3546,2021-05-31,EMR,29736,13754,15982,17720,11468,548,ITH,ITH5,8,Emilia-Romagna,Emilia-Romagna,4459477,827717,18.56,0.67
3547,2021-02-20,EMR,5319,2094,3225,5049,263,7,ITH,ITH5,8,Emilia-Romagna,Emilia-Romagna,4459477,833036,18.68,0.12
3548,2021-01-15,EMR,7750,2404,5346,7742,0,8,ITH,ITH5,8,Emilia-Romagna,Emilia-Romagna,4459477,840786,18.85,0.17
3549,2021-06-09,EMR,42946,21826,21120,36083,6360,503,ITH,ITH5,8,Emilia-Romagna,Emilia-Romagna,4459477,883732,19.82,0.96
3550,2021-03-01,EMR,10096,3582,6514,7813,2258,25,ITH,ITH5,8,Emilia-Romagna,Emilia-Romagna,4459477,893828,20.04,0.23
3551,2021-05-04,EMR,29273,13703,15570,15118,13659,496,ITH,ITH5,8,Emilia-Romagna,Emilia-Romagna,4459477,923101,20.7,0.66
3552,2021-03-11,EMR,17453,7306,10147,11431,5851,171,ITH,ITH5,8,Emilia-Romagna,Emilia-Romagna,4459477,940554,21.09,0.39
3553,2021-02-06,EMR,7594,2404,5190,2105,5485,4,ITH,ITH5,8,Emilia-Romagna,Emilia-Romagna,4459477,948148,21.26,0.17
3554,2021-04-04,EMR,9879,4717,5162,7525,2267,87,ITH,ITH5,8,Emilia-Romagna,Emilia-Romagna,4459477,958027,21.48,0.22
3555,2021-01-11,EMR,9347,3273,6074,9338,0,9,ITH,ITH5,8,Emilia-Romagna,Emilia-Romagna,4459477,967374,21.69,0.21
3556,2021-06-26,EMR,37401,18951,18450,21503,15508,390,ITH,ITH5,8,Emilia-Romagna,Emilia-Romagna,4459477,1004775,22.53,0.84
3557,2021-07-10,EMR,39376,20084,19292,6983,32048,345,ITH,ITH5,8,Emilia-Romagna,Emilia-Romagna,4459477,1044151,23.41,0.88
3558,2021-03-09,EMR,14754,6019,8735,10706,3953,95,ITH,ITH5,8,Emilia-Romagna,Emilia-Romagna,4459477,1058905,23.75,0.33
3559,2021-05-05,EMR,30092,13985,16107,18269,11250,573,ITH,ITH5,8,Emilia-Romagna,Emilia-Romagna,4459477,1088997,24.42,0.67
3560,2021-05-23,EMR,25481,11859,13622,13576,11593,312,ITH,ITH5,8,Emilia-Romagna,Emilia-Romagna,4459477,1114478,24.99,0.57
3561,2021-05-19,EMR,33725,14961,18764,18027,15177,521,ITH,ITH5,8,Emilia-Romagna,Emilia-Romagna,4459477,1148203,25.75,0.76
3562,2021-06-02,EMR,24092,12061,12031,18918,4968,206,ITH,ITH5,8,Emilia-Romagna,Emilia-Romagna,4459477,1172295,26.29,0.54
3563,2021-03-13,EMR,16136,6361,9775,10586,5313,237,ITH,ITH5,8,Emilia-Romagna,Emilia-Romagna,4459477,1188431,26.65,0.36
3564,2021-07-05,EMR,33006,16091,16915,11408,21283,315,ITH,ITH5,8,Emilia-Romagna,Emilia-Romagna,4459477,1221437,27.39,0.74
3565,2021-03-27,EMR,21661,9059,12602,14508,6908,245,ITH,ITH5,8,Emilia-Romagna,Emilia-Romagna,4459477,1243098,27.88,0.49
3566,2021-04-13,EMR,23713,11127,12586,19024,4342,347,ITH,ITH5,8,Emilia-Romagna,Emilia-Romagna,4459477,1266811,28.41,0.53
3567,2021-05-09,EMR,25609,12252,13357,18229,6967,413,ITH,ITH5,8,Emilia-Romagna,Emilia-Romagna,4459477,1292420,28.98,0.57
3568,2021-01-29,EMR,10414,3496,6918,289,10124,1,ITH,ITH5,8,Emilia-Romagna,Emilia-Romagna,4459477,1302834,29.21,0.23
3569,2021-02-15,EMR,2904,851,2053,2712,125,67,ITH,ITH5,8,Emilia-Romagna,Emilia-Romagna,4459477,1305738,29.28,0.07
3570,2021-01-27,EMR,8361,2947,5414,462,7899,0,ITH,ITH5,8,Emilia-Romagna,Emilia-Romagna,4459477,1314099,29.47,0.19
3571,2021-04-20,EMR,22622,10404,12218,13871,8353,398,ITH,ITH5,8,Emilia-Romagna,Emilia-Romagna,4459477,1336721,29.97,0.51
3572,2021-06-23,EMR,37726,18875,18851,18628,18819,279,ITH,ITH5,8,Emilia-Romagna,Emilia-Romagna,4459477,1374447,30.82,0.85
3573,2021-01-08,EMR,10867,3580,7287,10864,0,3,ITH,ITH5,8,Emilia-Romagna,Emilia-Romagna,4459477,1385314,31.06,0.24
3574,2021-03-06,EMR,20906,5939,14967,18048,2735,123,ITH,ITH5,8,Emilia-Romagna,Emilia-Romagna,4459477,1406220,31.53,0.47
3575,2021-02-27,EMR,10961,3998,6963,9192,1738,31,ITH,ITH5,8,Emilia-Romagna,Emilia-Romagna,4459477,1417181,31.78,0.25
3576,2021-04-25,EMR,22350,10239,12111,14390,7511,449,ITH,ITH5,8,Emilia-Romagna,Emilia-Romagna,4459477,1439531,32.28,0.5
3577,2021-04-27,EMR,32101,14863,17238,19195,12461,445,ITH,ITH5,8,Emilia-Romagna,Emilia-Romagna,4459477,1471632,33.0,0.72
3578,2021-06-30,EMR,34186,17254,16932,18228,15634,324,ITH,ITH5,8,Emilia-Romagna,Emilia-Romagna,4459477,1505818,33.77,0.77
3579,2021-06-11,EMR,45774,23769,22005,38690,6500,584,ITH,ITH5,8,Emilia-Romagna,Emilia-Romagna,4459477,1551592,34.79,1.03
3580,2021-06-28,EMR,39984,19618,20366,20005,19537,442,ITH,ITH5,8,Emilia-Romagna,Emilia-Romagna,4459477,1591576,35.69,0.9
3581,2021-03-20,EMR,16085,6829,9256,8955,6964,166,ITH,ITH5,8,Emilia-Romagna,Emilia-Romagna,4459477,1607661,36.05,0.36
3582,2021-04-06,EMR,24745,11172,13573,19718,4742,285,ITH,ITH5,8,Emilia-Romagna,Emilia-Romagna,4459477,1632406,36.61,0.55
3583,2020-12-27,EMR,972,373,599,972,0,0,ITH,ITH5,8,Emilia-Romagna,Emilia-Romagna,4459477,1633378,36.63,0.02
3584,2021-03-25,EMR,21481,9417,12064,14233,6989,259,ITH,ITH5,8,Emilia-Romagna,Emilia-Romagna,4459477,1654859,37.11,0.48
3585,2021-05-21,EMR,39277,17532,21745,21626,17038,613,ITH,ITH5,8,Emilia-Romagna,Emilia-Romagna,4459477,1694136,37.99,0.88
3586,2021-02-10,EMR,4023,1385,2638,2761,1256,6,ITH,ITH5,8,Emilia-Romagna,Emilia-Romagna,4459477,1698159,38.08,0.09
3587,2021-04-08,EMR,31212,14332,16880,25213,5303,696,ITH,ITH5,8,Emilia-Romagna,Emilia-Romagna,4459477,1729371,38.78,0.7
3588,2021-03-18,EMR,13675,5806,7869,5584,8000,91,ITH,ITH5,8,Emilia-Romagna,Emilia-Romagna,4459477,1743046,39.09,0.31
3589,2021-05-14,EMR,37256,17168,20088,26748,9608,900,ITH,ITH5,8,Emilia-Romagna,Emilia-Romagna,4459477,1780302,39.92,0.84
3590,2021-02-03,EMR,9338,2989,6349,964,8373,1,ITH,ITH5,8,Emilia-Romagna,Emilia-Romagna,4459477,1789640,40.13,0.21
3591,2021-04-01,EMR,23952,10772,13180,19064,4550,338,ITH,ITH5,8,Emilia-Romagna,Emilia-Romagna,4459477,1813592,40.67,0.54
3592,2021-02-17,EMR,6538,2764,3774,5754,772,12,ITH,ITH5,8,Emilia-Romagna,Emilia-Romagna,4459477,1820130,40.81,0.15
3593,2021-06-01,EMR,27133,13085,14048,17051,9893,189,ITH,ITH5,8,Emilia-Romagna,Emilia-Romagna,4459477,1847263,41.42,0.61
3594,2021-06-04,EMR,45609,22970,22639,37146,8136,327,ITH,ITH5,8,Emilia-Romagna,Emilia-Romagna,4459477,1892872,42.45,1.02
3595,2021-01-20,EMR,1326,270,1056,1324,1,1,ITH,ITH5,8,Emilia-Romagna,Emilia-Romagna,4459477,1894198,42.48,0.03
3596,2021-04-15,EMR,29349,13981,15368,19246,9674,429,ITH,ITH5,8,Emilia-Romagna,Emilia-Romagna,4459477,1923547,43.13,0.66
3597,2021-06-18,EMR,42453,21245,21208,16358,25824,271,ITH,ITH5,8,Emilia-Romagna,Emilia-Romagna,4459477,1966000,44.09,0.95
3598,2021-03-10,EMR,18799,7741,11058,12975,5645,179,ITH,ITH5,8,Emilia-Romagna,Emilia-Romagna,4459477,1984799,44.51,0.42
3599,2021-05-18,EMR,29103,13247,15856,18089,10527,487,ITH,ITH5,8,Emilia-Romagna,Emilia-Romagna,4459477,2013902,45.16,0.65
3600,2021-02-07,EMR,4785,1536,3249,1722,3061,2,ITH,ITH5,8,Emilia-Romagna,Emilia-Romagna,4459477,2018687,45.27,0.11
3601,2021-02-24,EMR,9351,3566,5785,8450,884,17,ITH,ITH5,8,Emilia-Romagna,Emilia-Romagna,4459477,2028038,45.48,0.21
3602,2021-01-05,EMR,9361,3170,6191,9357,0,4,ITH,ITH5,8,Emilia-Romagna,Emilia-Romagna,4459477,2037399,45.69,0.21
3603,2021-04-29,EMR,44951,21134,23817,26591,17548,812,ITH,ITH5,8,Emilia-Romagna,Emilia-Romagna,4459477,2082350,46.69,1.01
3604,2021-01-19,EMR,2046,505,1541,2028,17,1,ITH,ITH5,8,Emilia-Romagna,Emilia-Romagna,4459477,2084396,46.74,0.05
3605,2021-05-28,EMR,41184,18934,22250,17259,23334,591,ITH,ITH5,8,Emilia-Romagna,Emilia-Romagna,4459477,2125580,47.66,0.92
3606,2021-04-22,EMR,29053,13452,15601,14600,14077,376,ITH,ITH5,8,Emilia-Romagna,Emilia-Romagna,4459477,2154633,48.32,0.65
3607,2021-01-12,EMR,9476,3124,6352,9466,0,10,ITH,ITH5,8,Emilia-Romagna,Emilia-Romagna,4459477,2164109,48.53,0.21
3608,2021-06-27,EMR,29528,14850,14678,16520,12715,293,ITH,ITH5,8,Emilia-Romagna,Emilia-Romagna,4459477,2193637,49.19,0.66
3609,2021-04-05,EMR,14848,6802,8046,11779,2892,177,ITH,ITH5,8,Emilia-Romagna,Emilia-Romagna,4459477,2208485,49.52,0.33
3610,2021-05-20,EMR,40270,18310,21960,18403,21371,496,ITH,ITH5,8,Emilia-Romagna,Emilia-Romagna,4459477,2248755,50.43,0.9
3611,2021-06-25,EMR,42467,21503,20964,19793,22261,413,ITH,ITH5,8,Emilia-Romagna,Emilia-Romagna,4459477,2291222,51.38,0.95
3612,2021-03-17,EMR,13718,5692,8026,5814,7846,58,ITH,ITH5,8,Emilia-Romagna,Emilia-Romagna,4459477,2304940,51.69,0.31
3613,2021-04-12,EMR,19246,9007,10239,14446,4447,353,ITH,ITH5,8,Emilia-Romagna,Emilia-Romagna,4459477,2324186,52.12,0.43
3614,2021-06-08,EMR,44864,22965,21899,37017,7460,387,ITH,ITH5,8,Emilia-Romagna,Emilia-Romagna,4459477,2369050,53.12,1.01
3615,2021-01-03,EMR,2763,943,1820,2763,0,0,ITH,ITH5,8,Emilia-Romagna,Emilia-Romagna,4459477,2371813,53.19,0.06
3616,2021-05-02,EMR,25578,11651,13927,13185,11990,403,ITH,ITH5,8,Emilia-Romagna,Emilia-Romagna,4459477,2397391,53.76,0.57
3617,2021-01-22,EMR,1829,477,1352,1086,741,2,ITH,ITH5,8,Emilia-Romagna,Emilia-Romagna,4459477,2399220,53.8,0.04
3618,2021-02-08,EMR,5231,1534,3697,2315,2913,3,ITH,ITH5,8,Emilia-Romagna,Emilia-Romagna,4459477,2404451,53.92,0.12
3619,2021-05-16,EMR,25845,12168,13677,18354,7112,379,ITH,ITH5,8,Emilia-Romagna,Emilia-Romagna,4459477,2430296,54.5,0.58
3620,2021-02-22,EMR,7482,3091,4391,7197,272,13,ITH,ITH5,8,Emilia-Romagna,Emilia-Romagna,4459477,2437778,54.67,0.17
3621,2021-05-01,EMR,28402,12774,15628,15266,12776,360,ITH,ITH5,8,Emilia-Romagna,Emilia-Romagna,4459477,2466180,55.3,0.64
3622,2021-05-06,EMR,35927,16602,19325,22155,13056,716,ITH,ITH5,8,Emilia-Romagna,Emilia-Romagna,4459477,2502107,56.11,0.81
3623,2021-01-26,EMR,8334,3000,5334,212,8121,1,ITH,ITH5,8,Emilia-Romagna,Emilia-Romagna,4459477,2510441,56.29,0.19
3624,2021-07-02,EMR,34661,17042,17619,12668,21663,330,ITH,ITH5,8,Emilia-Romagna,Emilia-Romagna,4459477,2545102,57.07,0.78
3625,2021-03-24,EMR,21219,9401,11818,13618,7382,219,ITH,ITH5,8,Emilia-Romagna,Emilia-Romagna,4459477,2566321,57.55,0.48
3626,2021-01-24,EMR,2443,885,1558,298,2145,0,ITH,ITH5,8,Emilia-Romagna,Emilia-Romagna,4459477,2568764,57.6,0.05
3627,2021-06-13,EMR,28690,14960,13730,24111,4270,309,ITH,ITH5,8,Emilia-Romagna,Emilia-Romagna,4459477,2597454,58.25,0.64
3628,2021-03-05,EMR,17864,5842,12022,14290,3454,120,ITH,ITH5,8,Emilia-Romagna,Emilia-Romagna,4459477,2615318,58.65,0.4
3629,2021-03-22,EMR,17647,7814,9833,10617,6862,168,ITH,ITH5,8,Emilia-Romagna,Emilia-Romagna,4459477,2632965,59.04,0.4
3630,2021-03-03,EMR,15857,5253,10604,13320,2485,52,ITH,ITH5,8,Emilia-Romagna,Emilia-Romagna,4459477,2648822,59.4,0.36
3631,2021-05-25,EMR,25079,11194,13885,11291,13364,424,ITH,ITH5,8,Emilia-Romagna,Emilia-Romagna,4459477,2673901,59.96,0.56
3632,2021-02-14,EMR,1403,378,1025,1275,120,8,ITH,ITH5,8,Emilia-Romagna,Emilia-Romagna,4459477,2675304,59.99,0.03
3633,2021-05-27,EMR,42246,18742,23504,13623,28191,432,ITH,ITH5,8,Emilia-Romagna,Emilia-Romagna,4459477,2717550,60.94,0.95
3634,2021-07-09,EMR,42559,21716,20843,5156,37129,274,ITH,ITH5,8,Emilia-Romagna,Emilia-Romagna,4459477,2760109,61.89,0.95
3635,2021-01-17,EMR,2890,887,2003,2643,246,1,ITH,ITH5,8,Emilia-Romagna,Emilia-Romagna,4459477,2762999,61.96,0.06
3636,2021-04-02,EMR,23394,10552,12842,18559,4481,354,ITH,ITH5,8,Emilia-Romagna,Emilia-Romagna,4459477,2786393,62.48,0.52
3637,2021-05-29,EMR,37841,16496,21345,16645,20677,519,ITH,ITH5,8,Emilia-Romagna,Emilia-Romagna,4459477,2824234,63.33,0.85
3638,2021-07-11,EMR,28067,14081,13986,2785,25155,127,ITH,ITH5,8,Emilia-Romagna,Emilia-Romagna,4459477,2852301,63.96,0.63
3639,2021-03-31,EMR,25264,11043,14221,19490,5453,321,ITH,ITH5,8,Emilia-Romagna,Emilia-Romagna,4459477,2877565,64.53,0.57
3640,2021-07-07,EMR,35719,18053,17666,13801,21668,250,ITH,ITH5,8,Emilia-Romagna,Emilia-Romagna,4459477,2913284,65.33,0.8
3641,2021-03-29,EMR,21424,9613,11811,16535,4650,239,ITH,ITH5,8,Emilia-Romagna,Emilia-Romagna,4459477,2934708,65.81,0.48
3642,2021-02-21,EMR,4450,1708,2742,4000,440,10,ITH,ITH5,8,Emilia-Romagna,Emilia-Romagna,4459477,2939158,65.91,0.1
3643,2021-04-24,EMR,28634,13242,15392,14041,14230,363,ITH,ITH5,8,Emilia-Romagna,Emilia-Romagna,4459477,2967792,66.55,0.64
3644,2021-05-11,EMR,35787,16794,18993,27772,7254,761,ITH,ITH5,8,Emilia-Romagna,Emilia-Romagna,4459477,3003579,67.35,0.8
3645,2021-01-31,EMR,7698,2763,4935,241,7457,0,ITH,ITH5,8,Emilia-Romagna,Emilia-Romagna,4459477,3011277,67.53,0.17
3646,2021-06-29,EMR,37570,18519,19051,18524,18725,321,ITH,ITH5,8,Emilia-Romagna,Emilia-Romagna,4459477,3048847,68.37,0.84
3647,2021-03-21,EMR,11956,5296,6660,7261,4605,90,ITH,ITH5,8,Emilia-Romagna,Emilia-Romagna,4459477,3060803,68.64,0.27
3648,2021-06-10,EMR,44905,23063,21842,39008,5350,547,ITH,ITH5,8,Emilia-Romagna,Emilia-Romagna,4459477,3105708,69.64,1.01
3649,2021-03-02,EMR,12659,4272,8387,10527,2077,55,ITH,ITH5,8,Emilia-Romagna,Emilia-Romagna,4459477,3118367,69.93,0.28
3650,2021-03-19,EMR,15925,6972,8953,7799,7969,157,ITH,ITH5,8,Emilia-Romagna,Emilia-Romagna,4459477,3134292,70.28,0.36
3651,2021-04-07,EMR,26116,11890,14226,19790,6011,315,ITH,ITH5,8,Emilia-Romagna,Emilia-Romagna,4459477,3160408,70.87,0.59
3652,2021-01-14,EMR,8129,2593,5536,8119,0,10,ITH,ITH5,8,Emilia-Romagna,Emilia-Romagna,4459477,3168537,71.05,0.18
3653,2021-02-16,EMR,5772,2446,3326,5227,531,14,ITH,ITH5,8,Emilia-Romagna,Emilia-Romagna,4459477,3174309,71.18,0.13
3654,2021-05-10,EMR,33842,16125,17717,26010,7245,587,ITH,ITH5,8,Emilia-Romagna,Emilia-Romagna,4459477,3208151,71.94,0.76
3655,2021-04-21,EMR,23959,10963,12996,13846,9744,369,ITH,ITH5,8,Emilia-Romagna,Emilia-Romagna,4459477,3232110,72.48,0.54
3656,2021-05-08,EMR,32345,15095,17250,20374,11421,550,ITH,ITH5,8,Emilia-Romagna,Emilia-Romagna,4459477,3264455,73.2,0.73
3657,2021-01-28,EMR,10255,3339,6916,348,9907,0,ITH,ITH5,8,Emilia-Romagna,Emilia-Romagna,4459477,3274710,73.43,0.23
3658,2021-05-13,EMR,35785,16494,19291,27249,7797,739,ITH,ITH5,8,Emilia-Romagna,Emilia-Romagna,4459477,3310495,74.24,0.8
3659,2021-03-15,EMR,13444,6244,7200,6849,6499,96,ITH,ITH5,8,Emilia-Romagna,Emilia-Romagna,4459477,3323939,74.54,0.3
3660,2021-02-09,EMR,4154,1249,2905,2306,1847,1,ITH,ITH5,8,Emilia-Romagna,Emilia-Romagna,4459477,3328093,74.63,0.09
3661,2021-02-05,EMR,9290,2956,6334,1601,7683,6,ITH,ITH5,8,Emilia-Romagna,Emilia-Romagna,4459477,3337383,74.84,0.21
3662,2021-06-20,EMR,30704,15582,15122,15932,14646,126,ITH,ITH5,8,Emilia-Romagna,Emilia-Romagna,4459477,3368087,75.53,0.69
3663,2021-04-14,EMR,27043,12844,14199,20511,6104,428,ITH,ITH5,8,Emilia-Romagna,Emilia-Romagna,4459477,3395130,76.13,0.61
3664,2021-01-21,EMR,2165,729,1436,819,1346,0,ITH,ITH5,8,Emilia-Romagna,Emilia-Romagna,4459477,3397295,76.18,0.05
3665,2021-06-03,EMR,37871,18425,19446,30078,7514,279,ITH,ITH5,8,Emilia-Romagna,Emilia-Romagna,4459477,3435166,77.03,0.85
3666,2021-02-23,EMR,8216,3219,4997,7819,386,11,ITH,ITH5,8,Emilia-Romagna,Emilia-Romagna,4459477,3443382,77.21,0.18
3667,2021-03-12,EMR,18306,7701,10605,11305,6717,284,ITH,ITH5,8,Emilia-Romagna,Emilia-Romagna,4459477,3461688,77.63,0.41
3668,2021-01-02,EMR,2375,916,1459,2375,0,0,ITH,ITH5,8,Emilia-Romagna,Emilia-Romagna,4459477,3464063,77.68,0.05
3669,2021-06-05,EMR,44195,22339,21856,36932,6867,396,ITH,ITH5,8,Emilia-Romagna,Emilia-Romagna,4459477,3508258,78.67,0.99
3670,2021-06-22,EMR,36007,17920,18087,16314,19436,257,ITH,ITH5,8,Emilia-Romagna,Emilia-Romagna,4459477,3544265,79.48,0.81
3671,2021-07-06,EMR,36100,18134,17966,13088,22720,292,ITH,ITH5,8,Emilia-Romagna,Emilia-Romagna,4459477,3580365,80.29,0.81
3672,2021-05-17,EMR,32398,15391,17007,22367,9491,540,ITH,ITH5,8,Emilia-Romagna,Emilia-Romagna,4459477,3612763,81.01,0.73
3673,2021-07-04,EMR,24197,12025,12172,10413,13573,211,ITH,ITH5,8,Emilia-Romagna,Emilia-Romagna,4459477,3636960,81.56,0.54
3674,2021-03-26,EMR,23704,10110,13594,16997,6437,270,ITH,ITH5,8,Emilia-Romagna,Emilia-Romagna,4459477,3660664,82.09,0.53
3675,2021-04-19,EMR,20900,9796,11104,14322,6273,305,ITH,ITH5,8,Emilia-Romagna,Emilia-Romagna,4459477,3681564,82.56,0.47
3676,2021-01-09,EMR,9988,3452,6536,9984,0,4,ITH,ITH5,8,Emilia-Romagna,Emilia-Romagna,4459477,3691552,82.78,0.22
3677,2021-06-15,EMR,43606,22470,21136,28024,15028,554,ITH,ITH5,8,Emilia-Romagna,Emilia-Romagna,4459477,3735158,83.76,0.98
3678,2021-03-07,EMR,7839,2958,4881,6287,1520,32,ITH,ITH5,8,Emilia-Romagna,Emilia-Romagna,4459477,3742997,83.93,0.18
3679,2021-05-03,EMR,28701,13560,15141,17361,10878,462,ITH,ITH5,8,Emilia-Romagna,Emilia-Romagna,4459477,3771698,84.58,0.64
3680,2021-02-28,EMR,6819,2527,4292,4955,1845,19,ITH,ITH5,8,Emilia-Romagna,Emilia-Romagna,4459477,3778517,84.73,0.15
3681,2021-04-26,EMR,27903,12936,14967,18006,9322,575,ITH,ITH5,8,Emilia-Romagna,Emilia-Romagna,4459477,3806420,85.36,0.63
3682,2021-01-16,EMR,5628,1718,3910,5627,0,1,ITH,ITH5,8,Emilia-Romagna,Emilia-Romagna,4459477,3812048,85.48,0.13
3683,2021-03-14,EMR,8802,3839,4963,4941,3798,63,ITH,ITH5,8,Emilia-Romagna,Emilia-Romagna,4459477,3820850,85.68,0.2
3684,2021-05-15,EMR,33251,14983,18268,22195,10408,648,ITH,ITH5,8,Emilia-Romagna,Emilia-Romagna,4459477,3854101,86.42,0.75
3685,2021-02-04,EMR,9920,3201,6719,1229,8690,1,ITH,ITH5,8,Emilia-Romagna,Emilia-Romagna,4459477,3864021,86.65,0.22
3686,2021-05-22,EMR,33052,14137,18915,16454,16138,460,ITH,ITH5,8,Emilia-Romagna,Emilia-Romagna,4459477,3897073,87.39,0.74
3687,2021-04-09,EMR,25724,11667,14057,19527,5698,499,ITH,ITH5,8,Emilia-Romagna,Emilia-Romagna,4459477,3922797,87.97,0.58
3688,2021-02-02,EMR,9474,3048,6426,515,8959,0,ITH,ITH5,8,Emilia-Romagna,Emilia-Romagna,4459477,3932271,88.18,0.21
3689,2021-07-12,EMR,11856,5947,5909,1319,10467,70,ITH,ITH5,8,Emilia-Romagna,Emilia-Romagna,4459477,3944127,88.44,0.27
3690,2021-02-12,EMR,5313,1673,3640,3886,1403,24,ITH,ITH5,8,Emilia-Romagna,Emilia-Romagna,4459477,3949440,88.56,0.12
3691,2021-04-10,EMR,20920,9300,11620,16444,4143,333,ITH,ITH5,8,Emilia-Romagna,Emilia-Romagna,4459477,3970360,89.03,0.47
3692,2021-04-17,EMR,27300,13073,14227,17569,9345,386,ITH,ITH5,8,Emilia-Romagna,Emilia-Romagna,4459477,3997660,89.64,0.61
3693,2021-01-07,EMR,10274,3406,6868,10270,0,4,ITH,ITH5,8,Emilia-Romagna,Emilia-Romagna,4459477,4007934,89.87,0.23
3694,2021-04-03,EMR,19939,8767,11172,15954,3740,245,ITH,ITH5,8,Emilia-Romagna,Emilia-Romagna,4459477,4027873,90.32,0.45
3695,2021-05-30,EMR,27075,12792,14283,12976,13693,406,ITH,ITH5,8,Emilia-Romagna,Emilia-Romagna,4459477,4054948,90.93,0.61
3696,2021-02-19,EMR,7327,3010,4317,6800,514,13,ITH,ITH5,8,Emilia-Romagna,Emilia-Romagna,4459477,4062275,91.09,0.16
3697,2020-12-31,EMR,2215,780,1435,2214,0,1,ITH,ITH5,8,Emilia-Romagna,Emilia-Romagna,4459477,4064490,91.14,0.05
3698,2021-06-06,EMR,36560,18982,17578,31973,4406,181,ITH,ITH5,8,Emilia-Romagna,Emilia-Romagna,4459477,4101050,91.96,0.82
3699,2021-02-26,EMR,9634,3673,5961,8566,1048,20,ITH,ITH5,8,Emilia-Romagna,Emilia-Romagna,4459477,4110684,92.18,0.22
3700,2021-04-28,EMR,33715,15588,18127,20244,12887,584,ITH,ITH5,8,Emilia-Romagna,Emilia-Romagna,4459477,4144399,92.93,0.76
3701,2021-06-24,EMR,40154,20082,20072,20254,19540,360,ITH,ITH5,8,Emilia-Romagna,Emilia-Romagna,4459477,4184553,93.84,0.9
3702,2021-06-17,EMR,46292,23400,22892,21797,24137,358,ITH,ITH5,8,Emilia-Romagna,Emilia-Romagna,4459477,4230845,94.87,1.04
3703,2021-04-23,VEN,31244,13841,17403,21382,8708,1154,ITH,ITH3,5,Veneto,Veneto,4905854,31244,0.64,0.64
3704,2021-02-16,VEN,6644,2870,3774,6438,176,30,ITH,ITH3,5,Veneto,Veneto,4905854,37888,0.77,0.14
3705,2021-04-04,VEN,7773,3529,4244,6501,1148,124,ITH,ITH3,5,Veneto,Veneto,4905854,45661,0.93,0.16
3706,2021-05-24,VEN,33026,16407,16619,7625,24998,403,ITH,ITH3,5,Veneto,Veneto,4905854,78687,1.6,0.67
3707,2021-05-17,VEN,26493,12977,13516,15648,10015,830,ITH,ITH3,5,Veneto,Veneto,4905854,105180,2.14,0.54
3708,2021-02-06,VEN,4095,1354,2741,709,3386,0,ITH,ITH3,5,Veneto,Veneto,4905854,109275,2.23,0.08
3709,2021-02-23,VEN,7383,3254,4129,7028,271,84,ITH,ITH3,5,Veneto,Veneto,4905854,116658,2.38,0.15
3710,2021-04-28,VEN,32404,15176,17228,22189,9019,1196,ITH,ITH3,5,Veneto,Veneto,4905854,149062,3.04,0.66
3711,2021-02-25,VEN,7898,3339,4559,7156,605,137,ITH,ITH3,5,Veneto,Veneto,4905854,156960,3.2,0.16
3712,2021-04-09,VEN,31193,13763,17430,21912,8341,940,ITH,ITH3,5,Veneto,Veneto,4905854,188153,3.84,0.64
3713,2021-06-05,VEN,46800,24105,22695,37289,8045,1466,ITH,ITH3,5,Veneto,Veneto,4905854,234953,4.79,0.95
3714,2021-01-23,VEN,4051,1246,2805,31,4020,0,ITH,ITH3,5,Veneto,Veneto,4905854,239004,4.87,0.08
3715,2021-06-29,VEN,45451,22674,22777,18985,25751,715,ITH,ITH3,5,Veneto,Veneto,4905854,284455,5.8,0.93
3716,2021-03-21,VEN,11981,4753,7228,8278,3463,240,ITH,ITH3,5,Veneto,Veneto,4905854,296436,6.04,0.24
3717,2021-01-16,VEN,4611,1542,3069,4611,0,0,ITH,ITH3,5,Veneto,Veneto,4905854,301047,6.14,0.09
3718,2021-03-14,VEN,15176,5942,9234,13845,894,437,ITH,ITH3,5,Veneto,Veneto,4905854,316223,6.45,0.31
3719,2021-05-05,VEN,44346,21246,23100,36132,6567,1647,ITH,ITH3,5,Veneto,Veneto,4905854,360569,7.35,0.9
3720,2021-07-01,VEN,50544,25817,24727,20538,28974,1032,ITH,ITH3,5,Veneto,Veneto,4905854,411113,8.38,1.03
3721,2021-05-12,VEN,36839,17836,19003,30109,5107,1623,ITH,ITH3,5,Veneto,Veneto,4905854,447952,9.13,0.75
3722,2021-07-08,VEN,46316,24114,22202,4408,41613,295,ITH,ITH3,5,Veneto,Veneto,4905854,494268,10.08,0.94
3723,2021-01-11,VEN,7241,2102,5139,7240,0,1,ITH,ITH3,5,Veneto,Veneto,4905854,501509,10.22,0.15
3724,2021-04-21,VEN,32336,13182,19154,15499,16059,778,ITH,ITH3,5,Veneto,Veneto,4905854,533845,10.88,0.66
3725,2021-05-22,VEN,34766,16672,18094,12699,21398,669,ITH,ITH3,5,Veneto,Veneto,4905854,568611,11.59,0.71
3726,2021-02-11,VEN,4012,1238,2774,3345,628,39,ITH,ITH3,5,Veneto,Veneto,4905854,572623,11.67,0.08
3727,2021-01-28,VEN,9212,2664,6548,170,9040,2,ITH,ITH3,5,Veneto,Veneto,4905854,581835,11.86,0.19
3728,2021-06-17,VEN,51565,25844,25721,25382,24962,1221,ITH,ITH3,5,Veneto,Veneto,4905854,633400,12.91,1.05
3729,2021-03-09,VEN,16543,7446,9097,9824,6323,396,ITH,ITH3,5,Veneto,Veneto,4905854,649943,13.25,0.34
3730,2021-05-31,VEN,31611,16226,15385,20872,9916,823,ITH,ITH3,5,Veneto,Veneto,4905854,681554,13.89,0.64
3731,2021-03-26,VEN,29582,13143,16439,23265,5461,856,ITH,ITH3,5,Veneto,Veneto,4905854,711136,14.5,0.6
3732,2021-03-28,VEN,31297,13603,17694,26876,3612,809,ITH,ITH3,5,Veneto,Veneto,4905854,742433,15.13,0.64
3733,2021-06-19,VEN,49203,25041,24162,25592,22515,1096,ITH,ITH3,5,Veneto,Veneto,4905854,791636,16.14,1.0
3734,2021-07-06,VEN,35964,18541,17423,13131,22184,649,ITH,ITH3,5,Veneto,Veneto,4905854,827600,16.87,0.73
3735,2021-05-29,VEN,33000,16673,16327,24228,7655,1117,ITH,ITH3,5,Veneto,Veneto,4905854,860600,17.54,0.67
3736,2021-02-18,VEN,5828,2455,3373,5725,64,39,ITH,ITH3,5,Veneto,Veneto,4905854,866428,17.66,0.12
3737,2021-04-16,VEN,24448,10493,13955,11880,11886,682,ITH,ITH3,5,Veneto,Veneto,4905854,890876,18.16,0.5
3738,2021-04-18,VEN,17513,7253,10260,9499,7564,450,ITH,ITH3,5,Veneto,Veneto,4905854,908389,18.52,0.36
3739,2021-06-12,VEN,48561,24439,24122,36208,10767,1586,ITH,ITH3,5,Veneto,Veneto,4905854,956950,19.51,0.99
3740,2021-05-02,VEN,37229,17261,19968,25609,10324,1296,ITH,ITH3,5,Veneto,Veneto,4905854,994179,20.27,0.76
3741,2021-06-14,VEN,42582,21538,21044,26224,15300,1058,ITH,ITH3,5,Veneto,Veneto,4905854,1036761,21.13,0.87
3742,2021-03-06,VEN,10667,4356,6311,7218,3262,187,ITH,ITH3,5,Veneto,Veneto,4905854,1047428,21.35,0.22
3743,2021-01-09,VEN,7928,2539,5389,7922,0,6,ITH,ITH3,5,Veneto,Veneto,4905854,1055356,21.51,0.16
3744,2021-03-18,VEN,12612,5138,7474,7033,5228,351,ITH,ITH3,5,Veneto,Veneto,4905854,1067968,21.77,0.26
3745,2021-06-26,VEN,48001,24482,23519,13551,33943,507,ITH,ITH3,5,Veneto,Veneto,4905854,1115969,22.75,0.98
3746,2021-01-18,VEN,2762,776,1986,2558,199,5,ITH,ITH3,5,Veneto,Veneto,4905854,1118731,22.8,0.06
3747,2021-02-04,VEN,7386,2025,5361,550,6835,1,ITH,ITH3,5,Veneto,Veneto,4905854,1126117,22.95,0.15
3748,2021-04-30,VEN,49990,23474,26516,32923,15661,1406,ITH,ITH3,5,Veneto,Veneto,4905854,1176107,23.97,1.02
3749,2021-01-20,VEN,1038,368,670,386,652,0,ITH,ITH3,5,Veneto,Veneto,4905854,1177145,23.99,0.02
3750,2021-05-10,VEN,36494,17075,19419,25399,9851,1244,ITH,ITH3,5,Veneto,Veneto,4905854,1213639,24.74,0.74
3751,2021-01-30,VEN,8747,2672,6075,693,8054,0,ITH,ITH3,5,Veneto,Veneto,4905854,1222386,24.92,0.18
3752,2021-03-07,VEN,4493,1768,2725,3863,561,69,ITH,ITH3,5,Veneto,Veneto,4905854,1226879,25.01,0.09
3753,2021-05-03,VEN,40670,19791,20879,32757,6441,1472,ITH,ITH3,5,Veneto,Veneto,4905854,1267549,25.84,0.83
3754,2021-06-24,VEN,55977,28345,27632,17528,37751,698,ITH,ITH3,5,Veneto,Veneto,4905854,1323526,26.98,1.14
3755,2021-03-16,VEN,12527,5353,7174,6640,5620,267,ITH,ITH3,5,Veneto,Veneto,4905854,1336053,27.23,0.26
3756,2021-03-23,VEN,22211,10239,11972,16864,4712,635,ITH,ITH3,5,Veneto,Veneto,4905854,1358264,27.69,0.45
3757,2021-05-19,VEN,33014,15119,17895,16173,15913,928,ITH,ITH3,5,Veneto,Veneto,4905854,1391278,28.36,0.67
3758,2021-03-02,VEN,11490,4625,6865,7934,3309,247,ITH,ITH3,5,Veneto,Veneto,4905854,1402768,28.59,0.23
3759,2021-06-10,VEN,52175,26934,25241,41062,9296,1817,ITH,ITH3,5,Veneto,Veneto,4905854,1454943,29.66,1.06
3760,2021-04-02,VEN,24078,10615,13463,17113,6328,637,ITH,ITH3,5,Veneto,Veneto,4905854,1479021,30.15,0.49
3761,2021-06-09,VEN,42668,21891,20777,33608,7414,1646,ITH,ITH3,5,Veneto,Veneto,4905854,1521689,31.02,0.87
3762,2021-04-14,VEN,15909,6897,9012,8740,6627,542,ITH,ITH3,5,Veneto,Veneto,4905854,1537598,31.34,0.32
3763,2021-01-04,VEN,6736,2034,4702,6734,0,2,ITH,ITH3,5,Veneto,Veneto,4905854,1544334,31.48,0.14
3764,2021-05-14,VEN,46726,22224,24502,24283,20865,1578,ITH,ITH3,5,Veneto,Veneto,4905854,1591060,32.43,0.95
3765,2021-02-20,VEN,6424,2014,4410,6273,71,80,ITH,ITH3,5,Veneto,Veneto,4905854,1597484,32.56,0.13
3766,2021-06-02,VEN,20307,10235,10072,15351,4343,613,ITH,ITH3,5,Veneto,Veneto,4905854,1617791,32.98,0.41
3767,2021-01-08,VEN,9407,2835,6572,9393,0,14,ITH,ITH3,5,Veneto,Veneto,4905854,1627198,33.17,0.19
3768,2021-01-13,VEN,5985,1606,4379,5982,0,3,ITH,ITH3,5,Veneto,Veneto,4905854,1633183,33.29,0.12
3769,2021-04-25,VEN,18319,8151,10168,12877,4836,606,ITH,ITH3,5,Veneto,Veneto,4905854,1651502,33.66,0.37
3770,2021-06-21,VEN,44279,22161,22118,20400,22943,936,ITH,ITH3,5,Veneto,Veneto,4905854,1695781,34.57,0.9
3771,2021-01-06,VEN,8135,2387,5748,8132,0,3,ITH,ITH3,5,Veneto,Veneto,4905854,1703916,34.73,0.17
3772,2020-12-30,VEN,699,245,454,699,0,0,ITH,ITH3,5,Veneto,Veneto,4905854,1704615,34.75,0.01
3773,2021-06-07,VEN,44655,23297,21358,36071,7018,1566,ITH,ITH3,5,Veneto,Veneto,4905854,1749270,35.66,0.91
3774,2021-02-27,VEN,8990,2692,6298,7963,847,180,ITH,ITH3,5,Veneto,Veneto,4905854,1758260,35.84,0.18
3775,2021-03-04,VEN,12981,4884,8097,9119,3473,389,ITH,ITH3,5,Veneto,Veneto,4905854,1771241,36.1,0.26
3776,2021-07-03,VEN,38647,20082,18565,11005,27060,582,ITH,ITH3,5,Veneto,Veneto,4905854,1809888,36.89,0.79
3777,2021-06-16,VEN,47643,23505,24138,25172,21331,1140,ITH,ITH3,5,Veneto,Veneto,4905854,1857531,37.86,0.97
3778,2021-01-01,VEN,1528,471,1057,1527,0,1,ITH,ITH3,5,Veneto,Veneto,4905854,1859059,37.89,0.03
3779,2021-03-25,VEN,25954,11056,14898,18964,6099,891,ITH,ITH3,5,Veneto,Veneto,4905854,1885013,38.42,0.53
3780,2021-04-11,VEN,20997,8868,12129,14217,6293,487,ITH,ITH3,5,Veneto,Veneto,4905854,1906010,38.85,0.43
3781,2021-04-13,VEN,14023,6322,7701,8047,5478,498,ITH,ITH3,5,Veneto,Veneto,4905854,1920033,39.14,0.29
3782,2021-07-05,VEN,39019,20234,18785,14069,24136,814,ITH,ITH3,5,Veneto,Veneto,4905854,1959052,39.93,0.8
3783,2021-05-28,VEN,46692,22862,23830,23667,21828,1197,ITH,ITH3,5,Veneto,Veneto,4905854,2005744,40.88,0.95
3784,2021-07-10,VEN,42887,23072,19815,6145,36383,359,ITH,ITH3,5,Veneto,Veneto,4905854,2048631,41.76,0.87
3785,2021-05-21,VEN,44779,22025,22754,19914,23759,1106,ITH,ITH3,5,Veneto,Veneto,4905854,2093410,42.67,0.91
3786,2021-02-17,VEN,6022,2772,3250,5900,94,28,ITH,ITH3,5,Veneto,Veneto,4905854,2099432,42.79,0.12
3787,2021-04-01,VEN,25334,11159,14175,18155,6410,769,ITH,ITH3,5,Veneto,Veneto,4905854,2124766,43.31,0.52
3788,2021-04-15,VEN,20907,8634,12273,9339,10823,745,ITH,ITH3,5,Veneto,Veneto,4905854,2145673,43.74,0.43
3789,2021-01-05,VEN,7330,2183,5147,7328,0,2,ITH,ITH3,5,Veneto,Veneto,4905854,2153003,43.89,0.15
3790,2021-05-07,VEN,48541,23261,25280,37520,8667,2354,ITH,ITH3,5,Veneto,Veneto,4905854,2201544,44.88,0.99
3791,2021-01-27,VEN,7141,2064,5077,240,6900,1,ITH,ITH3,5,Veneto,Veneto,4905854,2208685,45.02,0.15
3792,2021-02-13,VEN,3266,1473,1793,3230,20,16,ITH,ITH3,5,Veneto,Veneto,4905854,2211951,45.09,0.07
3793,2021-03-03,VEN,12097,4647,7450,8387,3499,211,ITH,ITH3,5,Veneto,Veneto,4905854,2224048,45.33,0.25
3794,2021-06-11,VEN,47248,24570,22678,34595,11154,1499,ITH,ITH3,5,Veneto,Veneto,4905854,2271296,46.3,0.96
3795,2021-06-25,VEN,51565,26095,25470,14978,35934,653,ITH,ITH3,5,Veneto,Veneto,4905854,2322861,47.35,1.05
3796,2021-03-11,VEN,19827,8888,10939,13792,5571,464,ITH,ITH3,5,Veneto,Veneto,4905854,2342688,47.75,0.4
3797,2021-04-27,VEN,28137,12758,15379,20052,6914,1171,ITH,ITH3,5,Veneto,Veneto,4905854,2370825,48.33,0.57
3798,2021-01-17,VEN,1933,781,1152,1584,349,0,ITH,ITH3,5,Veneto,Veneto,4905854,2372758,48.37,0.04
3799,2021-02-03,VEN,5946,1668,4278,476,5466,4,ITH,ITH3,5,Veneto,Veneto,4905854,2378704,48.49,0.12
3800,2021-04-29,VEN,50264,23378,26886,35344,13175,1745,ITH,ITH3,5,Veneto,Veneto,4905854,2428968,49.51,1.02
3801,2021-02-05,VEN,8378,2535,5843,1409,6960,9,ITH,ITH3,5,Veneto,Veneto,4905854,2437346,49.68,0.17
3802,2021-02-22,VEN,7014,3041,3973,6580,387,47,ITH,ITH3,5,Veneto,Veneto,4905854,2444360,49.83,0.14
3803,2021-05-16,VEN,28414,14008,14406,20305,7081,1028,ITH,ITH3,5,Veneto,Veneto,4905854,2472774,50.4,0.58
3804,2021-06-23,VEN,48999,24283,24716,14548,33619,832,ITH,ITH3,5,Veneto,Veneto,4905854,2521773,51.4,1.0
3805,2021-03-15,VEN,16668,7328,9340,10958,5208,502,ITH,ITH3,5,Veneto,Veneto,4905854,2538441,51.74,0.34
3806,2021-05-18,VEN,26892,12508,14384,12622,13570,700,ITH,ITH3,5,Veneto,Veneto,4905854,2565333,52.29,0.55
3807,2021-02-10,VEN,4752,1588,3164,3688,1055,9,ITH,ITH3,5,Veneto,Veneto,4905854,2570085,52.39,0.1
3808,2021-04-08,VEN,32366,14366,18000,23322,7875,1169,ITH,ITH3,5,Veneto,Veneto,4905854,2602451,53.05,0.66
3809,2021-06-04,VEN,49578,25812,23766,39785,8119,1674,ITH,ITH3,5,Veneto,Veneto,4905854,2652029,54.06,1.01
3810,2021-02-24,VEN,8616,3679,4937,7994,488,134,ITH,ITH3,5,Veneto,Veneto,4905854,2660645,54.23,0.18
3811,2021-06-28,VEN,47547,24059,23488,18348,28474,725,ITH,ITH3,5,Veneto,Veneto,4905854,2708192,55.2,0.97
3812,2021-01-25,VEN,6468,2075,4393,159,6309,0,ITH,ITH3,5,Veneto,Veneto,4905854,2714660,55.34,0.13
3813,2021-04-20,VEN,22427,9496,12931,7861,13999,567,ITH,ITH3,5,Veneto,Veneto,4905854,2737087,55.79,0.46
3814,2021-05-09,VEN,35070,16136,18934,23765,10057,1248,ITH,ITH3,5,Veneto,Veneto,4905854,2772157,56.51,0.71
3815,2021-05-26,VEN,31091,15193,15898,13954,16461,676,ITH,ITH3,5,Veneto,Veneto,4905854,2803248,57.14,0.63
3816,2021-03-01,VEN,9395,3716,5679,7410,1822,163,ITH,ITH3,5,Veneto,Veneto,4905854,2812643,57.33,0.19
3817,2021-07-12,VEN,16574,8713,7861,1403,15063,108,ITH,ITH3,5,Veneto,Veneto,4905854,2829217,57.67,0.34
3818,2021-04-03,VEN,21955,9628,12327,13843,7708,404,ITH,ITH3,5,Veneto,Veneto,4905854,2851172,58.12,0.45
3819,2021-03-20,VEN,13021,5388,7633,10649,2081,291,ITH,ITH3,5,Veneto,Veneto,4905854,2864193,58.38,0.27
3820,2021-07-07,VEN,40366,20995,19371,15531,24032,803,ITH,ITH3,5,Veneto,Veneto,4905854,2904559,59.21,0.82
3821,2021-05-11,VEN,33159,16497,16662,27118,4720,1321,ITH,ITH3,5,Veneto,Veneto,4905854,2937718,59.88,0.68
3822,2021-01-22,VEN,1080,332,748,25,1055,0,ITH,ITH3,5,Veneto,Veneto,4905854,2938798,59.9,0.02
3823,2021-05-04,VEN,42945,20339,22606,33261,8026,1658,ITH,ITH3,5,Veneto,Veneto,4905854,2981743,60.78,0.88
3824,2021-01-03,VEN,5157,1562,3595,5157,0,0,ITH,ITH3,5,Veneto,Veneto,4905854,2986900,60.88,0.11
3825,2021-03-08,VEN,13630,6271,7359,9299,4069,262,ITH,ITH3,5,Veneto,Veneto,4905854,3000530,61.16,0.28
3826,2021-06-18,VEN,53500,26711,26789,23905,28507,1088,ITH,ITH3,5,Veneto,Veneto,4905854,3054030,62.25,1.09
3827,2021-03-27,VEN,32068,14011,18057,25365,5798,905,ITH,ITH3,5,Veneto,Veneto,4905854,3086098,62.91,0.65
3828,2021-06-03,VEN,54429,27982,26447,40825,11961,1643,ITH,ITH3,5,Veneto,Veneto,4905854,3140527,64.02,1.11
3829,2021-06-20,VEN,41171,20052,21119,18881,21517,773,ITH,ITH3,5,Veneto,Veneto,4905854,3181698,64.86,0.84
3830,2021-01-24,VEN,4117,1219,2898,28,4089,0,ITH,ITH3,5,Veneto,Veneto,4905854,3185815,64.94,0.08
3831,2021-04-07,VEN,36007,16183,19824,27562,7337,1108,ITH,ITH3,5,Veneto,Veneto,4905854,3221822,65.67,0.73
3832,2021-01-31,VEN,4769,1563,3206,391,4378,0,ITH,ITH3,5,Veneto,Veneto,4905854,3226591,65.77,0.1
3833,2021-03-29,VEN,31451,13696,17755,26636,3822,993,ITH,ITH3,5,Veneto,Veneto,4905854,3258042,66.41,0.64
3834,2021-05-13,VEN,44252,21837,22415,32536,9884,1832,ITH,ITH3,5,Veneto,Veneto,4905854,3302294,67.31,0.9
3835,2021-02-02,VEN,6512,1881,4631,396,6116,0,ITH,ITH3,5,Veneto,Veneto,4905854,3308806,67.45,0.13
3836,2021-07-09,VEN,44758,23623,21135,4016,40467,275,ITH,ITH3,5,Veneto,Veneto,4905854,3353564,68.36,0.91
3837,2021-03-31,VEN,38823,16395,22428,30291,7498,1034,ITH,ITH3,5,Veneto,Veneto,4905854,3392387,69.15,0.79
3838,2021-07-11,VEN,34208,17913,16295,3682,30268,258,ITH,ITH3,5,Veneto,Veneto,4905854,3426595,69.85,0.7
3839,2021-04-22,VEN,32007,13920,18087,15442,15747,818,ITH,ITH3,5,Veneto,Veneto,4905854,3458602,70.5,0.65
3840,2021-06-08,VEN,43798,22640,21158,36060,6128,1610,ITH,ITH3,5,Veneto,Veneto,4905854,3502400,71.39,0.89
3841,2021-05-25,VEN,27767,13406,14361,11246,16022,499,ITH,ITH3,5,Veneto,Veneto,4905854,3530167,71.96,0.57
3842,2021-02-14,VEN,126,56,70,113,13,0,ITH,ITH3,5,Veneto,Veneto,4905854,3530293,71.96,0.0
3843,2020-12-31,VEN,3220,1042,2178,3220,0,0,ITH,ITH3,5,Veneto,Veneto,4905854,3533513,72.03,0.07
3844,2021-07-04,VEN,33859,17571,16288,14964,18276,619,ITH,ITH3,5,Veneto,Veneto,4905854,3567372,72.72,0.69
3845,2021-04-12,VEN,14900,6334,8566,6387,8213,300,ITH,ITH3,5,Veneto,Veneto,4905854,3582272,73.02,0.3
3846,2021-01-02,VEN,5744,1767,3977,5743,0,1,ITH,ITH3,5,Veneto,Veneto,4905854,3588016,73.14,0.12
3847,2021-01-19,VEN,1310,473,837,1159,150,1,ITH,ITH3,5,Veneto,Veneto,4905854,3589326,73.16,0.03
3848,2021-05-01,VEN,38852,18235,20617,28687,8937,1228,ITH,ITH3,5,Veneto,Veneto,4905854,3628178,73.96,0.79
3849,2021-02-19,VEN,7322,3140,4182,6992,204,126,ITH,ITH3,5,Veneto,Veneto,4905854,3635500,74.11,0.15
3850,2021-02-21,VEN,4638,1211,3427,4514,5,119,ITH,ITH3,5,Veneto,Veneto,4905854,3640138,74.2,0.09
3851,2021-05-15,VEN,36210,17499,18711,24784,9991,1435,ITH,ITH3,5,Veneto,Veneto,4905854,3676348,74.94,0.74
3852,2021-06-01,VEN,26953,13552,13401,15778,10532,643,ITH,ITH3,5,Veneto,Veneto,4905854,3703301,75.49,0.55
3853,2021-06-30,VEN,45585,22991,22594,17751,27060,774,ITH,ITH3,5,Veneto,Veneto,4905854,3748886,76.42,0.93
3854,2021-03-22,VEN,18144,8177,9967,12582,5046,516,ITH,ITH3,5,Veneto,Veneto,4905854,3767030,76.79,0.37
3855,2021-03-13,VEN,17230,7303,9927,13728,3131,371,ITH,ITH3,5,Veneto,Veneto,4905854,3784260,77.14,0.35
3856,2021-01-15,VEN,5875,1820,4055,5869,0,6,ITH,ITH3,5,Veneto,Veneto,4905854,3790135,77.26,0.12
3857,2021-05-20,VEN,44780,21237,23543,19348,24326,1106,ITH,ITH3,5,Veneto,Veneto,4905854,3834915,78.17,0.91
3858,2021-02-09,VEN,5248,1891,3357,3432,1803,13,ITH,ITH3,5,Veneto,Veneto,4905854,3840163,78.28,0.11
3859,2021-01-10,VEN,5034,1672,3362,5033,0,1,ITH,ITH3,5,Veneto,Veneto,4905854,3845197,78.38,0.1
3860,2021-05-23,VEN,34484,16464,18020,10615,23400,469,ITH,ITH3,5,Veneto,Veneto,4905854,3879681,79.08,0.7
3861,2021-02-12,VEN,4314,1447,2867,3671,572,71,ITH,ITH3,5,Veneto,Veneto,4905854,3883995,79.17,0.09
3862,2021-01-29,VEN,9023,2788,6235,366,8657,0,ITH,ITH3,5,Veneto,Veneto,4905854,3893018,79.35,0.18
3863,2021-05-08,VEN,41450,18751,22699,28197,11809,1444,ITH,ITH3,5,Veneto,Veneto,4905854,3934468,80.2,0.84
3864,2021-06-27,VEN,40228,20549,19679,15330,24298,600,ITH,ITH3,5,Veneto,Veneto,4905854,3974696,81.02,0.82
3865,2021-03-19,VEN,13791,5668,8123,7404,6095,292,ITH,ITH3,5,Veneto,Veneto,4905854,3988487,81.3,0.28
3866,2021-02-28,VEN,4136,1389,2747,3225,837,74,ITH,ITH3,5,Veneto,Veneto,4905854,3992623,81.38,0.08
3867,2021-03-17,VEN,14645,5992,8653,7526,6796,323,ITH,ITH3,5,Veneto,Veneto,4905854,4007268,81.68,0.3
3868,2021-01-12,VEN,5231,1517,3714,5223,0,8,ITH,ITH3,5,Veneto,Veneto,4905854,4012499,81.79,0.11
3869,2021-04-19,VEN,21543,8922,12621,4708,16408,427,ITH,ITH3,5,Veneto,Veneto,4905854,4034042,82.23,0.44
3870,2021-04-05,VEN,19154,8371,10783,13418,5435,301,ITH,ITH3,5,Veneto,Veneto,4905854,4053196,82.62,0.39
3871,2021-01-26,VEN,6919,2090,4829,149,6770,0,ITH,ITH3,5,Veneto,Veneto,4905854,4060115,82.76,0.14
3872,2021-03-10,VEN,19039,8727,10312,12962,5683,394,ITH,ITH3,5,Veneto,Veneto,4905854,4079154,83.15,0.39
3873,2021-06-22,VEN,43679,21599,22080,18426,24360,893,ITH,ITH3,5,Veneto,Veneto,4905854,4122833,84.04,0.89
3874,2021-04-26,VEN,20719,9455,11264,14899,5139,681,ITH,ITH3,5,Veneto,Veneto,4905854,4143552,84.46,0.42
3875,2021-06-15,VEN,47746,24247,23499,29008,17504,1234,ITH,ITH3,5,Veneto,Veneto,4905854,4191298,85.43,0.97
3876,2021-05-27,VEN,46518,22861,23657,22318,23160,1040,ITH,ITH3,5,Veneto,Veneto,4905854,4237816,86.38,0.95
3877,2021-02-07,VEN,2315,862,1453,713,1601,1,ITH,ITH3,5,Veneto,Veneto,4905854,4240131,86.43,0.05
3878,2021-07-02,VEN,49359,25044,24315,16183,32372,804,ITH,ITH3,5,Veneto,Veneto,4905854,4289490,87.44,1.01
3879,2021-03-24,VEN,22109,9573,12536,14660,6802,647,ITH,ITH3,5,Veneto,Veneto,4905854,4311599,87.89,0.45
3880,2021-05-06,VEN,46960,22026,24934,36462,8472,2026,ITH,ITH3,5,Veneto,Veneto,4905854,4358559,88.84,0.96
3881,2021-02-08,VEN,5003,1559,3444,1923,3074,6,ITH,ITH3,5,Veneto,Veneto,4905854,4363562,88.95,0.1
3882,2021-04-06,VEN,28956,13327,15629,23191,5042,723,ITH,ITH3,5,Veneto,Veneto,4905854,4392518,89.54,0.59
3883,2021-02-01,VEN,8561,2502,6059,159,8402,0,ITH,ITH3,5,Veneto,Veneto,4905854,4401079,89.71,0.17
3884,2021-02-15,VEN,4389,1824,2565,4140,240,9,ITH,ITH3,5,Veneto,Veneto,4905854,4405468,89.8,0.09
3885,2021-03-30,VEN,35958,15293,20665,29708,5242,1008,ITH,ITH3,5,Veneto,Veneto,4905854,4441426,90.53,0.73
3886,2021-04-10,VEN,27463,11975,15488,18372,8468,623,ITH,ITH3,5,Veneto,Veneto,4905854,4468889,91.09,0.56
3887,2021-06-06,VEN,37420,19154,18266,31477,4722,1221,ITH,ITH3,5,Veneto,Veneto,4905854,4506309,91.86,0.76
3888,2020-12-27,VEN,880,395,485,880,0,0,ITH,ITH3,5,Veneto,Veneto,4905854,4507189,91.87,0.02
3889,2021-05-30,VEN,22540,11265,11275,15203,6687,650,ITH,ITH3,5,Veneto,Veneto,4905854,4529729,92.33,0.46
3890,2021-02-26,VEN,8295,3271,5024,6942,1259,94,ITH,ITH3,5,Veneto,Veneto,4905854,4538024,92.5,0.17
3891,2021-04-24,VEN,24753,10826,13927,14949,9079,725,ITH,ITH3,5,Veneto,Veneto,4905854,4562777,93.01,0.5
3892,2021-01-14,VEN,7063,1924,5139,7043,0,20,ITH,ITH3,5,Veneto,Veneto,4905854,4569840,93.15,0.14
3893,2021-03-12,VEN,18658,8194,10464,11330,6748,580,ITH,ITH3,5,Veneto,Veneto,4905854,4588498,93.53,0.38
3894,2021-04-17,VEN,22420,9085,13335,14347,7274,799,ITH,ITH3,5,Veneto,Veneto,4905854,4610918,93.99,0.46
3895,2021-01-07,VEN,8360,2318,6042,8359,0,1,ITH,ITH3,5,Veneto,Veneto,4905854,4619278,94.16,0.17
3896,2021-06-13,VEN,37329,19248,18081,29221,6966,1142,ITH,ITH3,5,Veneto,Veneto,4905854,4656607,94.92,0.76
3897,2021-01-21,VEN,2293,719,1574,21,2272,0,ITH,ITH3,5,Veneto,Veneto,4905854,4658900,94.97,0.05
3898,2021-03-05,VEN,13336,5020,8316,9222,3670,444,ITH,ITH3,5,Veneto,Veneto,4905854,4672236,95.24,0.27
3899,2021-04-05,MOL,391,189,202,292,99,0,ITF,ITF2,14,Molise,Molise,305617,391,0.13,0.13
3900,2021-03-29,MOL,2033,835,1198,1518,486,29,ITF,ITF2,14,Molise,Molise,305617,2424,0.79,0.67
3901,2021-01-31,MOL,268,70,198,6,262,0,ITF,ITF2,14,Molise,Molise,305617,2692,0.88,0.09
3902,2021-07-09,MOL,3137,1509,1628,163,2958,16,ITF,ITF2,14,Molise,Molise,305617,5829,1.91,1.03
3903,2021-01-26,MOL,450,184,266,8,442,0,ITF,ITF2,14,Molise,Molise,305617,6279,2.05,0.15
3904,2021-05-06,MOL,2679,1214,1465,2042,598,39,ITF,ITF2,14,Molise,Molise,305617,8958,2.93,0.88
3905,2021-03-24,MOL,1631,658,973,1212,402,17,ITF,ITF2,14,Molise,Molise,305617,10589,3.46,0.53
3906,2021-07-02,MOL,2626,1274,1352,120,2498,8,ITF,ITF2,14,Molise,Molise,305617,13215,4.32,0.86
3907,2021-07-04,MOL,2111,1057,1054,573,1515,23,ITF,ITF2,14,Molise,Molise,305617,15326,5.01,0.69
3908,2021-01-17,MOL,78,38,40,48,30,0,ITF,ITF2,14,Molise,Molise,305617,15404,5.04,0.03
3909,2021-02-07,MOL,66,32,34,19,47,0,ITF,ITF2,14,Molise,Molise,305617,15470,5.06,0.02
3910,2021-05-18,MOL,1645,877,768,984,655,6,ITF,ITF2,14,Molise,Molise,305617,17115,5.6,0.54
3911,2021-03-22,MOL,1149,441,708,889,244,16,ITF,ITF2,14,Molise,Molise,305617,18264,5.98,0.38
3912,2021-05-20,MOL,2661,1371,1290,2397,186,78,ITF,ITF2,14,Molise,Molise,305617,20925,6.85,0.87
3913,2021-01-12,MOL,336,114,222,336,0,0,ITF,ITF2,14,Molise,Molise,305617,21261,6.96,0.11
3914,2021-02-24,MOL,666,278,388,325,333,8,ITF,ITF2,14,Molise,Molise,305617,21927,7.17,0.22
3915,2021-05-01,MOL,2647,1268,1379,405,2223,19,ITF,ITF2,14,Molise,Molise,305617,24574,8.04,0.87
3916,2021-03-05,MOL,1219,649,570,1003,204,12,ITF,ITF2,14,Molise,Molise,305617,25793,8.44,0.4
3917,2021-06-13,MOL,2786,1486,1300,2428,325,33,ITF,ITF2,14,Molise,Molise,305617,28579,9.35,0.91
3918,2021-04-17,MOL,3054,1501,1553,1543,1486,25,ITF,ITF2,14,Molise,Molise,305617,31633,10.35,1.0
3919,2021-06-20,MOL,422,174,248,47,371,4,ITF,ITF2,14,Molise,Molise,305617,32055,10.49,0.14
3920,2021-04-24,MOL,2551,1202,1349,695,1841,15,ITF,ITF2,14,Molise,Molise,305617,34606,11.32,0.83
3921,2021-02-26,MOL,563,260,303,489,73,1,ITF,ITF2,14,Molise,Molise,305617,35169,11.51,0.18
3922,2021-06-06,MOL,2060,1059,1001,1720,323,17,ITF,ITF2,14,Molise,Molise,305617,37229,12.18,0.67
3923,2021-06-27,MOL,2363,1119,1244,1128,1225,10,ITF,ITF2,14,Molise,Molise,305617,39592,12.95,0.77
3924,2021-01-07,MOL,598,209,389,598,0,0,ITF,ITF2,14,Molise,Molise,305617,40190,13.15,0.2
3925,2021-02-12,MOL,332,150,182,207,124,1,ITF,ITF2,14,Molise,Molise,305617,40522,13.26,0.11
3926,2021-02-19,MOL,169,93,76,167,2,0,ITF,ITF2,14,Molise,Molise,305617,40691,13.31,0.06
3927,2021-03-10,MOL,1737,720,1017,1667,50,20,ITF,ITF2,14,Molise,Molise,305617,42428,13.88,0.57
3928,2021-06-01,MOL,2598,1322,1276,2454,108,36,ITF,ITF2,14,Molise,Molise,305617,45026,14.73,0.85
3929,2021-03-31,MOL,2193,919,1274,1307,819,67,ITF,ITF2,14,Molise,Molise,305617,47219,15.45,0.72
3930,2021-05-25,MOL,1963,887,1076,1297,630,36,ITF,ITF2,14,Molise,Molise,305617,49182,16.09,0.64
3931,2021-01-04,MOL,314,131,183,314,0,0,ITF,ITF2,14,Molise,Molise,305617,49496,16.2,0.1
3932,2021-04-14,MOL,1806,767,1039,1135,661,10,ITF,ITF2,14,Molise,Molise,305617,51302,16.79,0.59
3933,2021-02-16,MOL,156,70,86,149,6,1,ITF,ITF2,14,Molise,Molise,305617,51458,16.84,0.05
3934,2021-05-27,MOL,2835,1348,1487,1962,836,37,ITF,ITF2,14,Molise,Molise,305617,54293,17.77,0.93
3935,2021-03-17,MOL,908,385,523,518,332,58,ITF,ITF2,14,Molise,Molise,305617,55201,18.06,0.3
3936,2021-06-25,MOL,3431,1688,1743,1464,1915,52,ITF,ITF2,14,Molise,Molise,305617,58632,19.18,1.12
3937,2021-06-08,MOL,2886,1593,1293,2187,696,3,ITF,ITF2,14,Molise,Molise,305617,61518,20.13,0.94
3938,2021-01-09,MOL,450,152,298,450,0,0,ITF,ITF2,14,Molise,Molise,305617,61968,20.28,0.15
3939,2021-04-10,MOL,2640,1261,1379,2453,152,35,ITF,ITF2,14,Molise,Molise,305617,64608,21.14,0.86
3940,2021-02-05,MOL,593,269,324,55,538,0,ITF,ITF2,14,Molise,Molise,305617,65201,21.33,0.19
3941,2021-01-19,MOL,173,63,110,162,11,0,ITF,ITF2,14,Molise,Molise,305617,65374,21.39,0.06
3942,2021-04-29,MOL,2239,1146,1093,877,1348,14,ITF,ITF2,14,Molise,Molise,305617,67613,22.12,0.73
3943,2021-04-12,MOL,1299,557,742,1037,251,11,ITF,ITF2,14,Molise,Molise,305617,68912,22.55,0.43
3944,2021-03-03,MOL,672,316,356,586,82,4,ITF,ITF2,14,Molise,Molise,305617,69584,22.77,0.22
3945,2021-01-05,MOL,449,180,269,449,0,0,ITF,ITF2,14,Molise,Molise,305617,70033,22.92,0.15
3946,2021-03-19,MOL,1184,482,702,740,427,17,ITF,ITF2,14,Molise,Molise,305617,71217,23.3,0.39
3947,2021-01-21,MOL,6,2,4,6,0,0,ITF,ITF2,14,Molise,Molise,305617,71223,23.3,0.0
3948,2021-03-15,MOL,832,338,494,570,245,17,ITF,ITF2,14,Molise,Molise,305617,72055,23.58,0.27
3949,2021-06-24,MOL,3308,1542,1766,432,2840,36,ITF,ITF2,14,Molise,Molise,305617,75363,24.66,1.08
3950,2021-03-02,MOL,667,383,284,504,158,5,ITF,ITF2,14,Molise,Molise,305617,76030,24.88,0.22
3951,2021-06-10,MOL,2571,1182,1389,1233,1301,37,ITF,ITF2,14,Molise,Molise,305617,78601,25.72,0.84
3952,2021-05-13,MOL,3039,1410,1629,2528,457,54,ITF,ITF2,14,Molise,Molise,305617,81640,26.71,0.99
3953,2021-04-28,MOL,1694,924,770,469,1218,7,ITF,ITF2,14,Molise,Molise,305617,83334,27.27,0.55
3954,2021-02-21,MOL,574,227,347,572,2,0,ITF,ITF2,14,Molise,Molise,305617,83908,27.46,0.19
3955,2021-02-23,MOL,582,223,359,361,219,2,ITF,ITF2,14,Molise,Molise,305617,84490,27.65,0.19
3956,2021-06-03,MOL,3291,1566,1725,2704,554,33,ITF,ITF2,14,Molise,Molise,305617,87781,28.72,1.08
3957,2021-04-07,MOL,1688,847,841,1368,275,45,ITF,ITF2,14,Molise,Molise,305617,89469,29.27,0.55
3958,2021-06-05,MOL,2966,1505,1461,2784,155,27,ITF,ITF2,14,Molise,Molise,305617,92435,30.25,0.97
3959,2021-05-29,MOL,2351,1223,1128,1918,390,43,ITF,ITF2,14,Molise,Molise,305617,94786,31.01,0.77
3960,2021-02-09,MOL,359,170,189,197,162,0,ITF,ITF2,14,Molise,Molise,305617,95145,31.13,0.12
3961,2021-03-07,MOL,1132,501,631,1127,2,3,ITF,ITF2,14,Molise,Molise,305617,96277,31.5,0.37
3962,2021-06-15,MOL,2215,1042,1173,748,1451,16,ITF,ITF2,14,Molise,Molise,305617,98492,32.23,0.72
3963,2021-06-17,MOL,2307,1017,1290,911,1369,27,ITF,ITF2,14,Molise,Molise,305617,100799,32.98,0.75
3964,2021-07-06,MOL,1697,806,891,17,1677,3,ITF,ITF2,14,Molise,Molise,305617,102496,33.54,0.56
3965,2021-05-10,MOL,2890,1285,1605,2489,373,28,ITF,ITF2,14,Molise,Molise,305617,105386,34.48,0.95
3966,2021-06-29,MOL,2459,1147,1312,376,2057,26,ITF,ITF2,14,Molise,Molise,305617,107845,35.29,0.8
3967,2021-05-03,MOL,2486,1166,1320,2290,163,33,ITF,ITF2,14,Molise,Molise,305617,110331,36.1,0.81
3968,2021-05-17,MOL,2228,1092,1136,1705,496,27,ITF,ITF2,14,Molise,Molise,305617,112559,36.83,0.73
3969,2021-03-21,MOL,1246,542,704,477,767,2,ITF,ITF2,14,Molise,Molise,305617,113805,37.24,0.41
3970,2021-03-14,MOL,596,240,356,17,579,0,ITF,ITF2,14,Molise,Molise,305617,114401,37.43,0.2
3971,2021-06-22,MOL,2960,1368,1592,669,2274,17,ITF,ITF2,14,Molise,Molise,305617,117361,38.4,0.97
3972,2021-03-28,MOL,1626,747,879,517,1102,7,ITF,ITF2,14,Molise,Molise,305617,118987,38.93,0.53
3973,2021-01-30,MOL,461,158,303,12,449,0,ITF,ITF2,14,Molise,Molise,305617,119448,39.08,0.15
3974,2021-04-19,MOL,1827,842,985,987,778,62,ITF,ITF2,14,Molise,Molise,305617,121275,39.68,0.6
3975,2021-02-28,MOL,832,334,498,788,42,2,ITF,ITF2,14,Molise,Molise,305617,122107,39.95,0.27
3976,2021-02-27,MOL,1366,568,798,1342,19,5,ITF,ITF2,14,Molise,Molise,305617,123473,40.4,0.45
3977,2021-06-07,MOL,1953,859,1094,1113,819,21,ITF,ITF2,14,Molise,Molise,305617,125426,41.04,0.64
3978,2021-02-13,MOL,132,80,52,132,0,0,ITF,ITF2,14,Molise,Molise,305617,125558,41.08,0.04
3979,2021-05-24,MOL,1964,853,1111,1271,666,27,ITF,ITF2,14,Molise,Molise,305617,127522,41.73,0.64
3980,2021-05-07,MOL,2643,1228,1415,2021,597,25,ITF,ITF2,14,Molise,Molise,305617,130165,42.59,0.86
3981,2021-04-18,MOL,1083,483,600,144,934,5,ITF,ITF2,14,Molise,Molise,305617,131248,42.95,0.35
3982,2021-07-10,MOL,3721,1781,1940,321,3386,14,ITF,ITF2,14,Molise,Molise,305617,134969,44.16,1.22
3983,2021-04-04,MOL,253,141,112,233,15,5,ITF,ITF2,14,Molise,Molise,305617,135222,44.25,0.08
3984,2021-03-18,MOL,1156,476,680,633,464,59,ITF,ITF2,14,Molise,Molise,305617,136378,44.62,0.38
3985,2021-06-26,MOL,3119,1529,1590,523,2581,15,ITF,ITF2,14,Molise,Molise,305617,139497,45.64,1.02
3986,2021-02-04,MOL,758,295,463,77,681,0,ITF,ITF2,14,Molise,Molise,305617,140255,45.89,0.25
3987,2021-05-15,MOL,2980,1398,1582,2545,384,51,ITF,ITF2,14,Molise,Molise,305617,143235,46.87,0.98
3988,2021-02-02,MOL,539,176,363,215,323,1,ITF,ITF2,14,Molise,Molise,305617,143774,47.04,0.18
3989,2021-01-16,MOL,422,166,256,422,0,0,ITF,ITF2,14,Molise,Molise,305617,144196,47.18,0.14
3990,2021-04-26,MOL,1157,521,636,809,331,17,ITF,ITF2,14,Molise,Molise,305617,145353,47.56,0.38
3991,2021-04-09,MOL,2324,1251,1073,2105,191,28,ITF,ITF2,14,Molise,Molise,305617,147677,48.32,0.76
3992,2021-01-18,MOL,115,48,67,115,0,0,ITF,ITF2,14,Molise,Molise,305617,147792,48.36,0.04
3993,2021-04-11,MOL,1196,591,605,1168,14,14,ITF,ITF2,14,Molise,Molise,305617,148988,48.75,0.39
3994,2021-07-03,MOL,2736,1376,1360,565,2151,20,ITF,ITF2,14,Molise,Molise,305617,151724,49.65,0.9
3995,2021-03-04,MOL,850,417,433,514,324,12,ITF,ITF2,14,Molise,Molise,305617,152574,49.92,0.28
3996,2021-06-12,MOL,3407,1751,1656,3242,114,51,ITF,ITF2,14,Molise,Molise,305617,155981,51.04,1.11
3997,2021-06-14,MOL,1627,810,817,535,1075,17,ITF,ITF2,14,Molise,Molise,305617,157608,51.57,0.53
3998,2021-02-06,MOL,430,179,251,29,401,0,ITF,ITF2,14,Molise,Molise,305617,158038,51.71,0.14
3999,2021-06-04,MOL,3037,1490,1547,2566,442,29,ITF,ITF2,14,Molise,Molise,305617,161075,52.7,0.99
4000,2021-04-08,MOL,1767,904,863,1540,202,25,ITF,ITF2,14,Molise,Molise,305617,162842,53.28,0.58
4001,2021-04-02,MOL,1456,710,746,663,778,15,ITF,ITF2,14,Molise,Molise,305617,164298,53.76,0.48
4002,2021-07-11,MOL,2167,1055,1112,170,1994,3,ITF,ITF2,14,Molise,Molise,305617,166465,54.47,0.71
4003,2021-05-08,MOL,2976,1455,1521,1698,1244,34,ITF,ITF2,14,Molise,Molise,305617,169441,55.44,0.97
4004,2021-04-21,MOL,1869,791,1078,968,895,6,ITF,ITF2,14,Molise,Molise,305617,171310,56.05,0.61
4005,2021-02-11,MOL,294,133,161,257,37,0,ITF,ITF2,14,Molise,Molise,305617,171604,56.15,0.1
4006,2021-05-22,MOL,1316,712,604,1225,84,7,ITF,ITF2,14,Molise,Molise,305617,172920,56.58,0.43
4007,2021-03-16,MOL,614,230,384,265,347,2,ITF,ITF2,14,Molise,Molise,305617,173534,56.78,0.2
4008,2021-03-11,MOL,1465,637,828,1446,6,13,ITF,ITF2,14,Molise,Molise,305617,174999,57.26,0.48
4009,2021-01-06,MOL,689,260,429,689,0,0,ITF,ITF2,14,Molise,Molise,305617,175688,57.49,0.23
4010,2021-04-16,MOL,2431,1033,1398,1177,1233,21,ITF,ITF2,14,Molise,Molise,305617,178119,58.28,0.8
4011,2021-06-21,MOL,2901,1350,1551,1623,1232,46,ITF,ITF2,14,Molise,Molise,305617,181020,59.23,0.95
4012,2021-04-25,MOL,792,395,397,555,233,4,ITF,ITF2,14,Molise,Molise,305617,181812,59.49,0.26
4013,2021-03-26,MOL,2575,1045,1530,1889,642,44,ITF,ITF2,14,Molise,Molise,305617,184387,60.33,0.84
4014,2021-02-18,MOL,319,74,245,302,13,4,ITF,ITF2,14,Molise,Molise,305617,184706,60.44,0.1
4015,2021-03-09,MOL,1329,579,750,1149,152,28,ITF,ITF2,14,Molise,Molise,305617,186035,60.87,0.43
4016,2021-02-20,MOL,1018,441,577,998,20,0,ITF,ITF2,14,Molise,Molise,305617,187053,61.21,0.33
4017,2021-05-31,MOL,2358,1144,1214,1897,418,43,ITF,ITF2,14,Molise,Molise,305617,189411,61.98,0.77
4018,2021-05-14,MOL,2644,1215,1429,1890,718,36,ITF,ITF2,14,Molise,Molise,305617,192055,62.84,0.87
4019,2021-06-02,MOL,2806,1355,1451,2687,99,20,ITF,ITF2,14,Molise,Molise,305617,194861,63.76,0.92
4020,2021-01-13,MOL,474,160,314,474,0,0,ITF,ITF2,14,Molise,Molise,305617,195335,63.91,0.16
4021,2021-06-19,MOL,2327,1156,1171,1275,1010,42,ITF,ITF2,14,Molise,Molise,305617,197662,64.68,0.76
4022,2021-04-23,MOL,2050,882,1168,1374,659,17,ITF,ITF2,14,Molise,Molise,305617,199712,65.35,0.67
4023,2021-06-30,MOL,2927,1392,1535,873,1973,81,ITF,ITF2,14,Molise,Molise,305617,202639,66.3,0.96
4024,2021-03-13,MOL,1189,594,595,183,989,17,ITF,ITF2,14,Molise,Molise,305617,203828,66.69,0.39
4025,2021-01-15,MOL,538,242,296,538,0,0,ITF,ITF2,14,Molise,Molise,305617,204366,66.87,0.18
4026,2021-06-23,MOL,2787,1284,1503,220,2557,10,ITF,ITF2,14,Molise,Molise,305617,207153,67.78,0.91
4027,2021-03-20,MOL,2321,968,1353,992,1321,8,ITF,ITF2,14,Molise,Molise,305617,209474,68.54,0.76
4028,2021-06-28,MOL,2888,1347,1541,996,1870,22,ITF,ITF2,14,Molise,Molise,305617,212362,69.49,0.94
4029,2021-02-10,MOL,151,79,72,131,20,0,ITF,ITF2,14,Molise,Molise,305617,212513,69.54,0.05
4030,2021-05-21,MOL,2100,1053,1047,1699,322,79,ITF,ITF2,14,Molise,Molise,305617,214613,70.22,0.69
4031,2021-01-27,MOL,674,251,423,8,666,0,ITF,ITF2,14,Molise,Molise,305617,215287,70.44,0.22
4032,2021-03-25,MOL,1806,730,1076,1284,497,25,ITF,ITF2,14,Molise,Molise,305617,217093,71.03,0.59
4033,2021-03-08,MOL,1379,522,857,1202,140,37,ITF,ITF2,14,Molise,Molise,305617,218472,71.49,0.45
4034,2021-06-16,MOL,2002,1013,989,1133,855,14,ITF,ITF2,14,Molise,Molise,305617,220474,72.14,0.66
4035,2021-04-13,MOL,1632,718,914,1037,587,8,ITF,ITF2,14,Molise,Molise,305617,222106,72.67,0.53
4036,2021-03-27,MOL,2743,1273,1470,1295,1433,15,ITF,ITF2,14,Molise,Molise,305617,224849,73.57,0.9
4037,2021-07-05,MOL,2728,1277,1451,39,2687,2,ITF,ITF2,14,Molise,Molise,305617,227577,74.46,0.89
4038,2021-06-18,MOL,2767,1248,1519,1283,1458,26,ITF,ITF2,14,Molise,Molise,305617,230344,75.37,0.91
4039,2021-05-30,MOL,1864,929,935,1552,285,27,ITF,ITF2,14,Molise,Molise,305617,232208,75.98,0.61
4040,2021-02-03,MOL,731,249,482,338,393,0,ITF,ITF2,14,Molise,Molise,305617,232939,76.22,0.24
4041,2021-04-27,MOL,1594,768,826,443,1129,22,ITF,ITF2,14,Molise,Molise,305617,234533,76.74,0.52
4042,2021-05-16,MOL,1248,572,676,1046,182,20,ITF,ITF2,14,Molise,Molise,305617,235781,77.15,0.41
4043,2021-01-20,MOL,18,8,10,18,0,0,ITF,ITF2,14,Molise,Molise,305617,235799,77.16,0.01
4044,2021-04-30,MOL,2938,1557,1381,818,2108,12,ITF,ITF2,14,Molise,Molise,305617,238737,78.12,0.96
4045,2021-02-25,MOL,541,239,302,470,68,3,ITF,ITF2,14,Molise,Molise,305617,239278,78.29,0.18
4046,2021-01-11,MOL,557,194,363,557,0,0,ITF,ITF2,14,Molise,Molise,305617,239835,78.48,0.18
4047,2021-01-25,MOL,319,130,189,3,316,0,ITF,ITF2,14,Molise,Molise,305617,240154,78.58,0.1
4048,2021-05-05,MOL,2415,1042,1373,2250,141,24,ITF,ITF2,14,Molise,Molise,305617,242569,79.37,0.79
4049,2021-05-04,MOL,2705,1181,1524,2541,128,36,ITF,ITF2,14,Molise,Molise,305617,245274,80.26,0.89
4050,2021-01-10,MOL,270,72,198,270,0,0,ITF,ITF2,14,Molise,Molise,305617,245544,80.34,0.09
4051,2021-04-20,MOL,2320,1027,1293,1212,1099,9,ITF,ITF2,14,Molise,Molise,305617,247864,81.1,0.76
4052,2021-06-09,MOL,1023,565,458,507,500,16,ITF,ITF2,14,Molise,Molise,305617,248887,81.44,0.33
4053,2021-05-23,MOL,1703,866,837,1689,6,8,ITF,ITF2,14,Molise,Molise,305617,250590,81.99,0.56
4054,2021-03-01,MOL,662,274,388,430,215,17,ITF,ITF2,14,Molise,Molise,305617,251252,82.21,0.22
4055,2021-04-03,MOL,1773,851,922,1716,35,22,ITF,ITF2,14,Molise,Molise,305617,253025,82.79,0.58
4056,2021-07-12,MOL,1082,514,568,157,916,9,ITF,ITF2,14,Molise,Molise,305617,254107,83.15,0.35
4057,2021-01-08,MOL,429,141,288,429,0,0,ITF,ITF2,14,Molise,Molise,305617,254536,83.29,0.14
4058,2021-04-01,MOL,1469,667,802,729,726,14,ITF,ITF2,14,Molise,Molise,305617,256005,83.77,0.48
4059,2021-04-22,MOL,1846,864,982,1057,779,10,ITF,ITF2,14,Molise,Molise,305617,257851,84.37,0.6
4060,2021-02-17,MOL,72,32,40,50,15,7,ITF,ITF2,14,Molise,Molise,305617,257923,84.39,0.02
4061,2021-05-28,MOL,2649,1364,1285,2037,547,65,ITF,ITF2,14,Molise,Molise,305617,260572,85.26,0.87
4062,2021-06-11,MOL,3444,1655,1789,1972,1429,43,ITF,ITF2,14,Molise,Molise,305617,264016,86.39,1.13
4063,2021-04-15,MOL,1926,794,1132,1074,845,7,ITF,ITF2,14,Molise,Molise,305617,265942,87.02,0.63
4064,2021-01-29,MOL,421,136,285,6,415,0,ITF,ITF2,14,Molise,Molise,305617,266363,87.16,0.14
4065,2021-05-09,MOL,2053,933,1120,1923,97,33,ITF,ITF2,14,Molise,Molise,305617,268416,87.83,0.67
4066,2021-07-07,MOL,2956,1368,1588,56,2896,4,ITF,ITF2,14,Molise,Molise,305617,271372,88.79,0.97
4067,2021-05-11,MOL,3207,1414,1793,2909,250,48,ITF,ITF2,14,Molise,Molise,305617,274579,89.84,1.05
4068,2021-01-22,MOL,128,36,92,128,0,0,ITF,ITF2,14,Molise,Molise,305617,274707,89.89,0.04
4069,2021-05-02,MOL,1894,932,962,577,1306,11,ITF,ITF2,14,Molise,Molise,305617,276601,90.51,0.62
4070,2021-03-06,MOL,1728,807,921,1559,159,10,ITF,ITF2,14,Molise,Molise,305617,278329,91.07,0.57
4071,2021-01-28,MOL,613,217,396,17,596,0,ITF,ITF2,14,Molise,Molise,305617,278942,91.27,0.2
4072,2021-03-12,MOL,1459,637,822,1404,36,19,ITF,ITF2,14,Molise,Molise,305617,280401,91.75,0.48
4073,2021-01-14,MOL,646,239,407,646,0,0,ITF,ITF2,14,Molise,Molise,305617,281047,91.96,0.21
4074,2021-05-26,MOL,1549,698,851,769,754,26,ITF,ITF2,14,Molise,Molise,305617,282596,92.47,0.51
4075,2021-03-30,MOL,2003,857,1146,1472,512,19,ITF,ITF2,14,Molise,Molise,305617,284599,93.12,0.66
4076,2021-02-01,MOL,562,201,361,14,548,0,ITF,ITF2,14,Molise,Molise,305617,285161,93.31,0.18
4077,2021-07-08,MOL,3290,1584,1706,107,3160,23,ITF,ITF2,14,Molise,Molise,305617,288451,94.38,1.08
4078,2021-05-12,MOL,2852,1294,1558,2691,96,65,ITF,ITF2,14,Molise,Molise,305617,291303,95.32,0.93
4079,2021-04-06,MOL,1494,701,793,1131,343,20,ITF,ITF2,14,Molise,Molise,305617,292797,95.81,0.49
4080,2021-02-08,MOL,335,141,194,216,119,0,ITF,ITF2,14,Molise,Molise,305617,293132,95.91,0.11
4081,2021-05-19,MOL,2342,1205,1137,1880,425,37,ITF,ITF2,14,Molise,Molise,305617,295474,96.68,0.77
4082,2021-03-23,MOL,1642,694,948,1411,207,24,ITF,ITF2,14,Molise,Molise,305617,297116,97.22,0.54
4083,2021-07-01,MOL,2659,1293,1366,269,2375,15,ITF,ITF2,14,Molise,Molise,305617,299775,98.09,0.87
4084,2021-02-15,MOL,144,70,74,141,3,0,ITF,ITF2,14,Molise,Molise,305617,299919,98.14,0.05
4085,2021-02-22,MOL,265,129,136,248,15,2,ITF,ITF2,14,Molise,Molise,305617,300184,98.22,0.09
4086,2020-12-27,MOL,50,20,30,50,0,0,ITF,ITF2,14,Molise,Molise,305617,300234,98.24,0.02
