,data,area,Vaccinazioni giornaliere,sesso_maschile,sesso_femminile,prima_dose,seconda_dose,pregressa_infezione,codice_NUTS1,codice_NUTS2,codice_regione_ISTAT,nome_area,Regione,popolazione,Totale vaccinazioni,Totale vaccinazioni ogni cento ab,Vaccinazioni giornaliere ogni cento ab
0,2021-02-12,PAB,730,217,513,464,248,18,ITH,ITH1,4,Provincia Autonoma Bolzano / Bozen,P.A. Bolzano,533050,730,0.14,0.14
1,2021-04-10,PAB,5396,2666,2730,4631,588,177,ITH,ITH1,4,Provincia Autonoma Bolzano / Bozen,P.A. Bolzano,533050,6126,1.15,1.01
2,2020-12-31,PAB,914,520,394,914,0,0,ITH,ITH1,4,Provincia Autonoma Bolzano / Bozen,P.A. Bolzano,533050,7040,1.32,0.17
3,2021-04-19,PAB,1873,859,1014,1600,182,91,ITH,ITH1,4,Provincia Autonoma Bolzano / Bozen,P.A. Bolzano,533050,8913,1.67,0.35
4,2021-06-15,PAB,2024,1167,857,461,1532,31,ITH,ITH1,4,Provincia Autonoma Bolzano / Bozen,P.A. Bolzano,533050,10937,2.05,0.38
5,2021-04-17,PAB,5239,2602,2637,4941,44,254,ITH,ITH1,4,Provincia Autonoma Bolzano / Bozen,P.A. Bolzano,533050,16176,3.03,0.98
6,2021-05-20,PAB,4917,2473,2444,3268,1469,180,ITH,ITH1,4,Provincia Autonoma Bolzano / Bozen,P.A. Bolzano,533050,21093,3.96,0.92
7,2021-07-09,PAB,5214,2606,2608,1054,4160,0,ITH,ITH1,4,Provincia Autonoma Bolzano / Bozen,P.A. Bolzano,533050,26307,4.94,0.98
8,2021-03-31,PAB,1832,694,1138,727,1011,94,ITH,ITH1,4,Provincia Autonoma Bolzano / Bozen,P.A. Bolzano,533050,28139,5.28,0.34
9,2021-06-06,PAB,4536,2179,2357,808,3678,50,ITH,ITH1,4,Provincia Autonoma Bolzano / Bozen,P.A. Bolzano,533050,32675,6.13,0.85
10,2021-02-26,PAB,1527,551,976,1469,30,28,ITH,ITH1,4,Provincia Autonoma Bolzano / Bozen,P.A. Bolzano,533050,34202,6.42,0.29
11,2021-06-01,PAB,3635,2365,1270,2012,1473,150,ITH,ITH1,4,Provincia Autonoma Bolzano / Bozen,P.A. Bolzano,533050,37837,7.1,0.68
12,2021-02-19,PAB,2252,512,1740,2192,11,49,ITH,ITH1,4,Provincia Autonoma Bolzano / Bozen,P.A. Bolzano,533050,40089,7.52,0.42
13,2021-07-16,PAB,4320,2346,1974,1016,3304,0,ITH,ITH1,4,Provincia Autonoma Bolzano / Bozen,P.A. Bolzano,533050,44409,8.33,0.81
14,2021-04-24,PAB,5110,2452,2658,4287,485,338,ITH,ITH1,4,Provincia Autonoma Bolzano / Bozen,P.A. Bolzano,533050,49519,9.29,0.96
15,2021-07-14,PAB,867,449,418,509,358,0,ITH,ITH1,4,Provincia Autonoma Bolzano / Bozen,P.A. Bolzano,533050,50386,9.45,0.16
16,2021-04-05,PAB,301,144,157,22,278,1,ITH,ITH1,4,Provincia Autonoma Bolzano / Bozen,P.A. Bolzano,533050,50687,9.51,0.06
17,2021-06-27,PAB,4425,2314,2111,570,3807,48,ITH,ITH1,4,Provincia Autonoma Bolzano / Bozen,P.A. Bolzano,533050,55112,10.34,0.83
18,2021-01-12,PAB,1709,459,1250,1709,0,0,ITH,ITH1,4,Provincia Autonoma Bolzano / Bozen,P.A. Bolzano,533050,56821,10.66,0.32
19,2021-03-22,PAB,1144,523,621,1110,5,29,ITH,ITH1,4,Provincia Autonoma Bolzano / Bozen,P.A. Bolzano,533050,57965,10.87,0.21
20,2021-01-24,PAB,12,10,2,0,12,0,ITH,ITH1,4,Provincia Autonoma Bolzano / Bozen,P.A. Bolzano,533050,57977,10.88,0.0
21,2021-07-04,PAB,4412,2129,2283,188,4224,0,ITH,ITH1,4,Provincia Autonoma Bolzano / Bozen,P.A. Bolzano,533050,62389,11.7,0.83
22,2021-06-20,PAB,5232,2845,2387,592,4593,47,ITH,ITH1,4,Provincia Autonoma Bolzano / Bozen,P.A. Bolzano,533050,67621,12.69,0.98
23,2021-02-07,PAB,2362,1058,1304,14,2348,0,ITH,ITH1,4,Provincia Autonoma Bolzano / Bozen,P.A. Bolzano,533050,69983,13.13,0.44
24,2021-05-18,PAB,3343,1754,1589,2052,1186,105,ITH,ITH1,4,Provincia Autonoma Bolzano / Bozen,P.A. Bolzano,533050,73326,13.76,0.63
25,2021-01-07,PAB,918,327,591,918,0,0,ITH,ITH1,4,Provincia Autonoma Bolzano / Bozen,P.A. Bolzano,533050,74244,13.93,0.17
26,2021-07-21,PAB,2983,1747,1236,345,2638,0,ITH,ITH1,4,Provincia Autonoma Bolzano / Bozen,P.A. Bolzano,533050,77227,14.49,0.56
27,2021-04-12,PAB,2105,946,1159,2022,7,76,ITH,ITH1,4,Provincia Autonoma Bolzano / Bozen,P.A. Bolzano,533050,79332,14.88,0.39
28,2021-03-07,PAB,114,13,101,9,105,0,ITH,ITH1,4,Provincia Autonoma Bolzano / Bozen,P.A. Bolzano,533050,79446,14.9,0.02
29,2021-04-21,PAB,3013,1468,1545,2032,848,133,ITH,ITH1,4,Provincia Autonoma Bolzano / Bozen,P.A. Bolzano,533050,82459,15.47,0.57
30,2021-06-08,PAB,4192,2140,2052,846,3318,28,ITH,ITH1,4,Provincia Autonoma Bolzano / Bozen,P.A. Bolzano,533050,86651,16.26,0.79
31,2021-01-05,PAB,830,286,544,829,0,1,ITH,ITH1,4,Provincia Autonoma Bolzano / Bozen,P.A. Bolzano,533050,87481,16.41,0.16
32,2021-01-23,PAB,197,117,80,0,197,0,ITH,ITH1,4,Provincia Autonoma Bolzano / Bozen,P.A. Bolzano,533050,87678,16.45,0.04
33,2021-05-03,PAB,1831,847,984,397,1413,21,ITH,ITH1,4,Provincia Autonoma Bolzano / Bozen,P.A. Bolzano,533050,89509,16.79,0.34
34,2021-02-23,PAB,769,324,445,760,6,3,ITH,ITH1,4,Provincia Autonoma Bolzano / Bozen,P.A. Bolzano,533050,90278,16.94,0.14
35,2021-05-17,PAB,3139,1516,1623,2266,694,179,ITH,ITH1,4,Provincia Autonoma Bolzano / Bozen,P.A. Bolzano,533050,93417,17.52,0.59
36,2021-06-03,PAB,4801,2614,2187,3625,947,229,ITH,ITH1,4,Provincia Autonoma Bolzano / Bozen,P.A. Bolzano,533050,98218,18.43,0.9
37,2021-06-29,PAB,1874,1011,863,235,1617,22,ITH,ITH1,4,Provincia Autonoma Bolzano / Bozen,P.A. Bolzano,533050,100092,18.78,0.35
38,2021-03-21,PAB,768,285,483,13,754,1,ITH,ITH1,4,Provincia Autonoma Bolzano / Bozen,P.A. Bolzano,533050,100860,18.92,0.14
39,2021-06-12,PAB,5057,2744,2313,1639,3288,130,ITH,ITH1,4,Provincia Autonoma Bolzano / Bozen,P.A. Bolzano,533050,105917,19.87,0.95
40,2021-01-14,PAB,1946,575,1371,1946,0,0,ITH,ITH1,4,Provincia Autonoma Bolzano / Bozen,P.A. Bolzano,533050,107863,20.24,0.37
41,2021-03-05,PAB,1840,625,1215,1380,443,17,ITH,ITH1,4,Provincia Autonoma Bolzano / Bozen,P.A. Bolzano,533050,109703,20.58,0.35
42,2021-05-27,PAB,6146,3236,2910,3793,2010,343,ITH,ITH1,4,Provincia Autonoma Bolzano / Bozen,P.A. Bolzano,533050,115849,21.73,1.15
43,2021-06-13,PAB,3682,2049,1633,450,3192,40,ITH,ITH1,4,Provincia Autonoma Bolzano / Bozen,P.A. Bolzano,533050,119531,22.42,0.69
44,2021-05-25,PAB,3859,2000,1859,2847,886,126,ITH,ITH1,4,Provincia Autonoma Bolzano / Bozen,P.A. Bolzano,533050,123390,23.15,0.72
45,2021-02-14,PAB,297,130,167,295,0,2,ITH,ITH1,4,Provincia Autonoma Bolzano / Bozen,P.A. Bolzano,533050,123687,23.2,0.06
46,2021-05-08,PAB,4427,2382,2045,3558,663,206,ITH,ITH1,4,Provincia Autonoma Bolzano / Bozen,P.A. Bolzano,533050,128114,24.03,0.83
47,2021-03-03,PAB,1181,395,786,1144,13,24,ITH,ITH1,4,Provincia Autonoma Bolzano / Bozen,P.A. Bolzano,533050,129295,24.26,0.22
48,2021-05-15,PAB,7005,3691,3314,6287,294,424,ITH,ITH1,4,Provincia Autonoma Bolzano / Bozen,P.A. Bolzano,533050,136300,25.57,1.31
49,2021-02-04,PAB,1958,593,1365,8,1950,0,ITH,ITH1,4,Provincia Autonoma Bolzano / Bozen,P.A. Bolzano,533050,138258,25.94,0.37
50,2021-07-11,PAB,6060,3088,2972,1191,4869,0,ITH,ITH1,4,Provincia Autonoma Bolzano / Bozen,P.A. Bolzano,533050,144318,27.07,1.14
51,2021-05-01,PAB,2104,1067,1037,1810,160,134,ITH,ITH1,4,Provincia Autonoma Bolzano / Bozen,P.A. Bolzano,533050,146422,27.47,0.39
52,2021-03-12,PAB,1664,734,930,1219,413,32,ITH,ITH1,4,Provincia Autonoma Bolzano / Bozen,P.A. Bolzano,533050,148086,27.78,0.31
53,2021-03-29,PAB,1171,499,672,390,759,22,ITH,ITH1,4,Provincia Autonoma Bolzano / Bozen,P.A. Bolzano,533050,149257,28.0,0.22
54,2021-06-24,PAB,3922,2029,1893,1552,2194,176,ITH,ITH1,4,Provincia Autonoma Bolzano / Bozen,P.A. Bolzano,533050,153179,28.74,0.74
55,2021-01-09,PAB,612,326,286,612,0,0,ITH,ITH1,4,Provincia Autonoma Bolzano / Bozen,P.A. Bolzano,533050,153791,28.85,0.11
56,2021-06-17,PAB,1763,977,786,611,1079,73,ITH,ITH1,4,Provincia Autonoma Bolzano / Bozen,P.A. Bolzano,533050,155554,29.18,0.33
57,2021-04-28,PAB,2464,1302,1162,2241,5,218,ITH,ITH1,4,Provincia Autonoma Bolzano / Bozen,P.A. Bolzano,533050,158018,29.64,0.46
58,2021-01-16,PAB,2840,1265,1575,2840,0,0,ITH,ITH1,4,Provincia Autonoma Bolzano / Bozen,P.A. Bolzano,533050,160858,30.18,0.53
59,2021-06-10,PAB,4458,2313,2145,1271,3095,92,ITH,ITH1,4,Provincia Autonoma Bolzano / Bozen,P.A. Bolzano,533050,165316,31.01,0.84
60,2021-01-26,PAB,810,291,519,1,809,0,ITH,ITH1,4,Provincia Autonoma Bolzano / Bozen,P.A. Bolzano,533050,166126,31.17,0.15
61,2021-07-02,PAB,3199,1657,1542,1027,2172,0,ITH,ITH1,4,Provincia Autonoma Bolzano / Bozen,P.A. Bolzano,533050,169325,31.77,0.6
62,2021-03-24,PAB,2064,999,1065,1997,13,54,ITH,ITH1,4,Provincia Autonoma Bolzano / Bozen,P.A. Bolzano,533050,171389,32.15,0.39
63,2021-03-10,PAB,1268,529,739,1073,143,52,ITH,ITH1,4,Provincia Autonoma Bolzano / Bozen,P.A. Bolzano,533050,172657,32.39,0.24
64,2021-05-06,PAB,5181,2747,2434,2344,2568,269,ITH,ITH1,4,Provincia Autonoma Bolzano / Bozen,P.A. Bolzano,533050,177838,33.36,0.97
65,2021-07-06,PAB,1719,924,795,738,981,0,ITH,ITH1,4,Provincia Autonoma Bolzano / Bozen,P.A. Bolzano,533050,179557,33.68,0.32
66,2021-06-22,PAB,2453,1410,1043,307,2118,28,ITH,ITH1,4,Provincia Autonoma Bolzano / Bozen,P.A. Bolzano,533050,182010,34.15,0.46
67,2021-03-14,PAB,758,336,422,14,733,11,ITH,ITH1,4,Provincia Autonoma Bolzano / Bozen,P.A. Bolzano,533050,182768,34.29,0.14
68,2021-04-14,PAB,3593,1645,1948,3215,91,287,ITH,ITH1,4,Provincia Autonoma Bolzano / Bozen,P.A. Bolzano,533050,186361,34.96,0.67
69,2021-01-04,PAB,508,201,307,508,0,0,ITH,ITH1,4,Provincia Autonoma Bolzano / Bozen,P.A. Bolzano,533050,186869,35.06,0.1
70,2021-04-07,PAB,1798,823,975,1160,540,98,ITH,ITH1,4,Provincia Autonoma Bolzano / Bozen,P.A. Bolzano,533050,188667,35.39,0.34
71,2021-03-02,PAB,695,200,495,673,2,20,ITH,ITH1,4,Provincia Autonoma Bolzano / Bozen,P.A. Bolzano,533050,189362,35.52,0.13
72,2021-03-19,PAB,1906,773,1133,748,1107,51,ITH,ITH1,4,Provincia Autonoma Bolzano / Bozen,P.A. Bolzano,533050,191268,35.88,0.36
73,2021-07-01,PAB,4626,2297,2329,1316,3165,145,ITH,ITH1,4,Provincia Autonoma Bolzano / Bozen,P.A. Bolzano,533050,195894,36.75,0.87
74,2021-05-10,PAB,3018,1300,1718,1331,1605,82,ITH,ITH1,4,Provincia Autonoma Bolzano / Bozen,P.A. Bolzano,533050,198912,37.32,0.57
75,2021-02-16,PAB,530,205,325,529,0,1,ITH,ITH1,4,Provincia Autonoma Bolzano / Bozen,P.A. Bolzano,533050,199442,37.42,0.1
76,2021-01-28,PAB,871,308,563,9,862,0,ITH,ITH1,4,Provincia Autonoma Bolzano / Bozen,P.A. Bolzano,533050,200313,37.58,0.16
77,2021-01-02,PAB,91,48,43,91,0,0,ITH,ITH1,4,Provincia Autonoma Bolzano / Bozen,P.A. Bolzano,533050,200404,37.6,0.02
78,2021-06-26,PAB,4539,2326,2213,1356,3072,111,ITH,ITH1,4,Provincia Autonoma Bolzano / Bozen,P.A. Bolzano,533050,204943,38.45,0.85
79,2021-03-18,PAB,1302,531,771,216,1076,10,ITH,ITH1,4,Provincia Autonoma Bolzano / Bozen,P.A. Bolzano,533050,206245,38.69,0.24
80,2021-05-14,PAB,5135,2320,2815,2888,2038,209,ITH,ITH1,4,Provincia Autonoma Bolzano / Bozen,P.A. Bolzano,533050,211380,39.65,0.96
81,2021-03-16,PAB,1290,532,758,116,1166,8,ITH,ITH1,4,Provincia Autonoma Bolzano / Bozen,P.A. Bolzano,533050,212670,39.9,0.24
82,2021-05-12,PAB,3792,2058,1734,3393,153,246,ITH,ITH1,4,Provincia Autonoma Bolzano / Bozen,P.A. Bolzano,533050,216462,40.61,0.71
83,2021-02-01,PAB,1452,440,1012,11,1440,1,ITH,ITH1,4,Provincia Autonoma Bolzano / Bozen,P.A. Bolzano,533050,217914,40.88,0.27
84,2021-04-26,PAB,1543,771,772,1446,5,92,ITH,ITH1,4,Provincia Autonoma Bolzano / Bozen,P.A. Bolzano,533050,219457,41.17,0.29
85,2021-07-10,PAB,5792,2991,2801,1057,4735,0,ITH,ITH1,4,Provincia Autonoma Bolzano / Bozen,P.A. Bolzano,533050,225249,42.26,1.09
86,2021-01-18,PAB,1772,687,1085,1766,5,1,ITH,ITH1,4,Provincia Autonoma Bolzano / Bozen,P.A. Bolzano,533050,227021,42.59,0.33
87,2021-01-21,PAB,954,443,511,139,815,0,ITH,ITH1,4,Provincia Autonoma Bolzano / Bozen,P.A. Bolzano,533050,227975,42.77,0.18
88,2021-03-09,PAB,1194,543,651,1164,2,28,ITH,ITH1,4,Provincia Autonoma Bolzano / Bozen,P.A. Bolzano,533050,229169,42.99,0.22
89,2021-05-23,PAB,4338,2303,2035,4116,8,214,ITH,ITH1,4,Provincia Autonoma Bolzano / Bozen,P.A. Bolzano,533050,233507,43.81,0.81
90,2021-07-19,PAB,2760,1381,1379,714,2046,0,ITH,ITH1,4,Provincia Autonoma Bolzano / Bozen,P.A. Bolzano,533050,236267,44.32,0.52
91,2021-02-03,PAB,1503,478,1025,5,1498,0,ITH,ITH1,4,Provincia Autonoma Bolzano / Bozen,P.A. Bolzano,533050,237770,44.61,0.28
92,2021-03-17,PAB,582,213,369,545,2,35,ITH,ITH1,4,Provincia Autonoma Bolzano / Bozen,P.A. Bolzano,533050,238352,44.71,0.11
93,2021-05-13,PAB,2995,1355,1640,1009,1930,56,ITH,ITH1,4,Provincia Autonoma Bolzano / Bozen,P.A. Bolzano,533050,241347,45.28,0.56
94,2021-04-29,PAB,2631,1351,1280,1731,694,206,ITH,ITH1,4,Provincia Autonoma Bolzano / Bozen,P.A. Bolzano,533050,243978,45.77,0.49
95,2021-01-19,PAB,853,371,482,723,130,0,ITH,ITH1,4,Provincia Autonoma Bolzano / Bozen,P.A. Bolzano,533050,244831,45.93,0.16
96,2021-06-25,PAB,4171,2304,1867,1016,3014,141,ITH,ITH1,4,Provincia Autonoma Bolzano / Bozen,P.A. Bolzano,533050,249002,46.71,0.78
97,2021-03-04,PAB,1715,1005,710,1430,229,56,ITH,ITH1,4,Provincia Autonoma Bolzano / Bozen,P.A. Bolzano,533050,250717,47.03,0.32
98,2021-05-26,PAB,4990,2517,2473,2826,1974,190,ITH,ITH1,4,Provincia Autonoma Bolzano / Bozen,P.A. Bolzano,533050,255707,47.97,0.94
99,2021-04-25,PAB,3073,1497,1576,2274,672,127,ITH,ITH1,4,Provincia Autonoma Bolzano / Bozen,P.A. Bolzano,533050,258780,48.55,0.58
100,2021-01-13,PAB,1691,557,1134,1691,0,0,ITH,ITH1,4,Provincia Autonoma Bolzano / Bozen,P.A. Bolzano,533050,260471,48.86,0.32
101,2021-06-05,PAB,6080,3030,3050,4695,1096,289,ITH,ITH1,4,Provincia Autonoma Bolzano / Bozen,P.A. Bolzano,533050,266551,50.0,1.14
102,2021-04-30,PAB,3342,1594,1748,1428,1776,138,ITH,ITH1,4,Provincia Autonoma Bolzano / Bozen,P.A. Bolzano,533050,269893,50.63,0.63
103,2021-01-20,PAB,618,253,365,410,208,0,ITH,ITH1,4,Provincia Autonoma Bolzano / Bozen,P.A. Bolzano,533050,270511,50.75,0.12
104,2021-07-22,PAB,3485,1806,1679,1708,1777,0,ITH,ITH1,4,Provincia Autonoma Bolzano / Bozen,P.A. Bolzano,533050,273996,51.4,0.65
105,2021-01-06,PAB,59,18,41,59,0,0,ITH,ITH1,4,Provincia Autonoma Bolzano / Bozen,P.A. Bolzano,533050,274055,51.41,0.01
106,2021-03-30,PAB,1299,532,767,204,1080,15,ITH,ITH1,4,Provincia Autonoma Bolzano / Bozen,P.A. Bolzano,533050,275354,51.66,0.24
107,2021-04-16,PAB,2951,1419,1532,2275,511,165,ITH,ITH1,4,Provincia Autonoma Bolzano / Bozen,P.A. Bolzano,533050,278305,52.21,0.55
108,2021-05-07,PAB,4194,2062,2132,3375,528,291,ITH,ITH1,4,Provincia Autonoma Bolzano / Bozen,P.A. Bolzano,533050,282499,53.0,0.79
109,2021-07-03,PAB,5632,2790,2842,1072,4560,0,ITH,ITH1,4,Provincia Autonoma Bolzano / Bozen,P.A. Bolzano,533050,288131,54.05,1.06
110,2021-05-05,PAB,4155,1945,2210,1810,2116,229,ITH,ITH1,4,Provincia Autonoma Bolzano / Bozen,P.A. Bolzano,533050,292286,54.83,0.78
111,2021-01-25,PAB,487,183,304,3,484,0,ITH,ITH1,4,Provincia Autonoma Bolzano / Bozen,P.A. Bolzano,533050,292773,54.92,0.09
112,2021-03-23,PAB,1555,760,795,1516,1,38,ITH,ITH1,4,Provincia Autonoma Bolzano / Bozen,P.A. Bolzano,533050,294328,55.22,0.29
113,2021-02-06,PAB,2627,1172,1455,18,2608,1,ITH,ITH1,4,Provincia Autonoma Bolzano / Bozen,P.A. Bolzano,533050,296955,55.71,0.49
114,2021-06-21,PAB,3162,1612,1550,255,2867,40,ITH,ITH1,4,Provincia Autonoma Bolzano / Bozen,P.A. Bolzano,533050,300117,56.3,0.59
115,2021-02-10,PAB,1636,605,1031,25,1610,1,ITH,ITH1,4,Provincia Autonoma Bolzano / Bozen,P.A. Bolzano,533050,301753,56.61,0.31
116,2021-05-21,PAB,6952,3821,3131,4787,1847,318,ITH,ITH1,4,Provincia Autonoma Bolzano / Bozen,P.A. Bolzano,533050,308705,57.91,1.3
117,2021-06-14,PAB,2964,1607,1357,561,2357,46,ITH,ITH1,4,Provincia Autonoma Bolzano / Bozen,P.A. Bolzano,533050,311669,58.47,0.56
118,2021-02-15,PAB,72,42,30,23,46,3,ITH,ITH1,4,Provincia Autonoma Bolzano / Bozen,P.A. Bolzano,533050,311741,58.48,0.01
119,2021-01-30,PAB,498,245,253,4,494,0,ITH,ITH1,4,Provincia Autonoma Bolzano / Bozen,P.A. Bolzano,533050,312239,58.58,0.09
120,2021-04-23,PAB,4543,2151,2392,3040,1291,212,ITH,ITH1,4,Provincia Autonoma Bolzano / Bozen,P.A. Bolzano,533050,316782,59.43,0.85
121,2021-01-11,PAB,1574,513,1061,1574,0,0,ITH,ITH1,4,Provincia Autonoma Bolzano / Bozen,P.A. Bolzano,533050,318356,59.72,0.3
122,2021-07-15,PAB,4301,2265,2036,1613,2688,0,ITH,ITH1,4,Provincia Autonoma Bolzano / Bozen,P.A. Bolzano,533050,322657,60.53,0.81
123,2021-04-06,PAB,2250,1118,1132,1940,103,207,ITH,ITH1,4,Provincia Autonoma Bolzano / Bozen,P.A. Bolzano,533050,324907,60.95,0.42
124,2021-02-09,PAB,317,126,191,1,316,0,ITH,ITH1,4,Provincia Autonoma Bolzano / Bozen,P.A. Bolzano,533050,325224,61.01,0.06
125,2021-07-13,PAB,3370,1723,1647,1444,1926,0,ITH,ITH1,4,Provincia Autonoma Bolzano / Bozen,P.A. Bolzano,533050,328594,61.64,0.63
126,2021-02-02,PAB,1745,506,1239,8,1737,0,ITH,ITH1,4,Provincia Autonoma Bolzano / Bozen,P.A. Bolzano,533050,330339,61.97,0.33
127,2021-07-20,PAB,3088,1703,1385,1570,1518,0,ITH,ITH1,4,Provincia Autonoma Bolzano / Bozen,P.A. Bolzano,533050,333427,62.55,0.58
128,2021-07-08,PAB,5501,2780,2721,622,4879,0,ITH,ITH1,4,Provincia Autonoma Bolzano / Bozen,P.A. Bolzano,533050,338928,63.58,1.03
129,2021-06-19,PAB,5660,3014,2646,554,5033,73,ITH,ITH1,4,Provincia Autonoma Bolzano / Bozen,P.A. Bolzano,533050,344588,64.64,1.06
130,2021-03-11,PAB,1685,825,860,1092,538,55,ITH,ITH1,4,Provincia Autonoma Bolzano / Bozen,P.A. Bolzano,533050,346273,64.96,0.32
131,2021-02-25,PAB,1498,549,949,1487,1,10,ITH,ITH1,4,Provincia Autonoma Bolzano / Bozen,P.A. Bolzano,533050,347771,65.24,0.28
132,2021-06-02,PAB,1452,814,638,963,457,32,ITH,ITH1,4,Provincia Autonoma Bolzano / Bozen,P.A. Bolzano,533050,349223,65.51,0.27
133,2021-02-08,PAB,2,1,1,1,1,0,ITH,ITH1,4,Provincia Autonoma Bolzano / Bozen,P.A. Bolzano,533050,349225,65.51,0.0
134,2021-05-16,PAB,2025,932,1093,1279,692,54,ITH,ITH1,4,Provincia Autonoma Bolzano / Bozen,P.A. Bolzano,533050,351250,65.89,0.38
135,2021-04-01,PAB,2787,1407,1380,2498,144,145,ITH,ITH1,4,Provincia Autonoma Bolzano / Bozen,P.A. Bolzano,533050,354037,66.42,0.52
136,2021-07-05,PAB,2934,1406,1528,951,1983,0,ITH,ITH1,4,Provincia Autonoma Bolzano / Bozen,P.A. Bolzano,533050,356971,66.97,0.55
137,2021-05-30,PAB,4766,2517,2249,713,4014,39,ITH,ITH1,4,Provincia Autonoma Bolzano / Bozen,P.A. Bolzano,533050,361737,67.86,0.89
138,2021-07-12,PAB,3528,1753,1775,287,3241,0,ITH,ITH1,4,Provincia Autonoma Bolzano / Bozen,P.A. Bolzano,533050,365265,68.52,0.66
139,2021-04-03,PAB,831,364,467,12,810,9,ITH,ITH1,4,Provincia Autonoma Bolzano / Bozen,P.A. Bolzano,533050,366096,68.68,0.16
140,2021-03-25,PAB,2151,1063,1088,1645,443,63,ITH,ITH1,4,Provincia Autonoma Bolzano / Bozen,P.A. Bolzano,533050,368247,69.08,0.4
141,2021-01-27,PAB,85,29,56,2,83,0,ITH,ITH1,4,Provincia Autonoma Bolzano / Bozen,P.A. Bolzano,533050,368332,69.1,0.02
142,2021-07-17,PAB,3022,1723,1299,682,2340,0,ITH,ITH1,4,Provincia Autonoma Bolzano / Bozen,P.A. Bolzano,533050,371354,69.67,0.57
143,2021-04-08,PAB,2767,1347,1420,2472,204,91,ITH,ITH1,4,Provincia Autonoma Bolzano / Bozen,P.A. Bolzano,533050,374121,70.18,0.52
144,2020-12-27,PAB,144,65,79,144,0,0,ITH,ITH1,4,Provincia Autonoma Bolzano / Bozen,P.A. Bolzano,533050,374265,70.21,0.03
145,2021-06-30,PAB,3060,1564,1496,383,2604,73,ITH,ITH1,4,Provincia Autonoma Bolzano / Bozen,P.A. Bolzano,533050,377325,70.79,0.57
146,2021-05-31,PAB,3001,1476,1525,2009,867,125,ITH,ITH1,4,Provincia Autonoma Bolzano / Bozen,P.A. Bolzano,533050,380326,71.35,0.56
147,2021-01-01,PAB,6,5,1,6,0,0,ITH,ITH1,4,Provincia Autonoma Bolzano / Bozen,P.A. Bolzano,533050,380332,71.35,0.0
148,2021-05-11,PAB,2844,1335,1509,1241,1522,81,ITH,ITH1,4,Provincia Autonoma Bolzano / Bozen,P.A. Bolzano,533050,383176,71.88,0.53
149,2021-01-29,PAB,1497,510,987,24,1473,0,ITH,ITH1,4,Provincia Autonoma Bolzano / Bozen,P.A. Bolzano,533050,384673,72.16,0.28
150,2021-04-22,PAB,2924,1501,1423,1852,942,130,ITH,ITH1,4,Provincia Autonoma Bolzano / Bozen,P.A. Bolzano,533050,387597,72.71,0.55
151,2021-05-09,PAB,4241,2410,1831,2923,1152,166,ITH,ITH1,4,Provincia Autonoma Bolzano / Bozen,P.A. Bolzano,533050,391838,73.51,0.8
152,2021-05-19,PAB,3850,1977,1873,1921,1786,143,ITH,ITH1,4,Provincia Autonoma Bolzano / Bozen,P.A. Bolzano,533050,395688,74.23,0.72
153,2021-01-03,PAB,41,16,25,41,0,0,ITH,ITH1,4,Provincia Autonoma Bolzano / Bozen,P.A. Bolzano,533050,395729,74.24,0.01
154,2021-04-13,PAB,2394,1132,1262,2298,7,89,ITH,ITH1,4,Provincia Autonoma Bolzano / Bozen,P.A. Bolzano,533050,398123,74.69,0.45
155,2021-02-22,PAB,526,143,383,496,12,18,ITH,ITH1,4,Provincia Autonoma Bolzano / Bozen,P.A. Bolzano,533050,398649,74.79,0.1
156,2021-03-28,PAB,569,212,357,11,558,0,ITH,ITH1,4,Provincia Autonoma Bolzano / Bozen,P.A. Bolzano,533050,399218,74.89,0.11
157,2021-06-11,PAB,5784,2975,2809,2083,3480,221,ITH,ITH1,4,Provincia Autonoma Bolzano / Bozen,P.A. Bolzano,533050,405002,75.98,1.09
158,2021-03-20,PAB,1759,850,909,1108,625,26,ITH,ITH1,4,Provincia Autonoma Bolzano / Bozen,P.A. Bolzano,533050,406761,76.31,0.33
159,2021-06-28,PAB,4607,2304,2303,215,4367,25,ITH,ITH1,4,Provincia Autonoma Bolzano / Bozen,P.A. Bolzano,533050,411368,77.17,0.86
160,2021-06-07,PAB,2951,1537,1414,2493,319,139,ITH,ITH1,4,Provincia Autonoma Bolzano / Bozen,P.A. Bolzano,533050,414319,77.73,0.55
161,2021-02-27,PAB,2458,759,1699,2411,10,37,ITH,ITH1,4,Provincia Autonoma Bolzano / Bozen,P.A. Bolzano,533050,416777,78.19,0.46
162,2021-02-13,PAB,318,79,239,310,6,2,ITH,ITH1,4,Provincia Autonoma Bolzano / Bozen,P.A. Bolzano,533050,417095,78.25,0.06
163,2021-04-11,PAB,2724,1294,1430,2446,177,101,ITH,ITH1,4,Provincia Autonoma Bolzano / Bozen,P.A. Bolzano,533050,419819,78.76,0.51
164,2021-05-24,PAB,1454,766,688,1039,333,82,ITH,ITH1,4,Provincia Autonoma Bolzano / Bozen,P.A. Bolzano,533050,421273,79.03,0.27
165,2021-02-20,PAB,1802,540,1262,1753,18,31,ITH,ITH1,4,Provincia Autonoma Bolzano / Bozen,P.A. Bolzano,533050,423075,79.37,0.34
166,2021-04-18,PAB,3110,1607,1503,2004,1010,96,ITH,ITH1,4,Provincia Autonoma Bolzano / Bozen,P.A. Bolzano,533050,426185,79.95,0.58
167,2021-03-06,PAB,3973,2081,1892,3674,211,88,ITH,ITH1,4,Provincia Autonoma Bolzano / Bozen,P.A. Bolzano,533050,430158,80.7,0.75
168,2021-05-28,PAB,6891,3610,3281,4782,1890,219,ITH,ITH1,4,Provincia Autonoma Bolzano / Bozen,P.A. Bolzano,533050,437049,81.99,1.29
169,2021-02-17,PAB,156,51,105,139,17,0,ITH,ITH1,4,Provincia Autonoma Bolzano / Bozen,P.A. Bolzano,533050,437205,82.02,0.03
170,2021-07-07,PAB,1978,1026,952,644,1334,0,ITH,ITH1,4,Provincia Autonoma Bolzano / Bozen,P.A. Bolzano,533050,439183,82.39,0.37
171,2021-06-04,PAB,6562,3296,3266,4798,1529,235,ITH,ITH1,4,Provincia Autonoma Bolzano / Bozen,P.A. Bolzano,533050,445745,83.62,1.23
172,2021-02-24,PAB,1367,406,961,1316,12,39,ITH,ITH1,4,Provincia Autonoma Bolzano / Bozen,P.A. Bolzano,533050,447112,83.88,0.26
173,2021-03-27,PAB,3051,1554,1497,1477,1508,66,ITH,ITH1,4,Provincia Autonoma Bolzano / Bozen,P.A. Bolzano,533050,450163,84.45,0.57
174,2021-03-13,PAB,2885,1459,1426,2724,101,60,ITH,ITH1,4,Provincia Autonoma Bolzano / Bozen,P.A. Bolzano,533050,453048,84.99,0.54
175,2021-02-05,PAB,3195,1181,2014,8,3187,0,ITH,ITH1,4,Provincia Autonoma Bolzano / Bozen,P.A. Bolzano,533050,456243,85.59,0.6
176,2021-01-15,PAB,3282,1228,2054,3281,0,1,ITH,ITH1,4,Provincia Autonoma Bolzano / Bozen,P.A. Bolzano,533050,459525,86.21,0.62
177,2021-06-18,PAB,4157,2162,1995,1131,2899,127,ITH,ITH1,4,Provincia Autonoma Bolzano / Bozen,P.A. Bolzano,533050,463682,86.99,0.78
178,2021-04-15,PAB,4399,2307,2092,3899,263,237,ITH,ITH1,4,Provincia Autonoma Bolzano / Bozen,P.A. Bolzano,533050,468081,87.81,0.83
179,2021-05-02,PAB,2457,1288,1169,1423,921,113,ITH,ITH1,4,Provincia Autonoma Bolzano / Bozen,P.A. Bolzano,533050,470538,88.27,0.46
180,2021-01-22,PAB,248,143,105,124,124,0,ITH,ITH1,4,Provincia Autonoma Bolzano / Bozen,P.A. Bolzano,533050,470786,88.32,0.05
181,2021-01-08,PAB,1521,479,1042,1521,0,0,ITH,ITH1,4,Provincia Autonoma Bolzano / Bozen,P.A. Bolzano,533050,472307,88.6,0.29
182,2021-04-02,PAB,2077,837,1240,578,1357,142,ITH,ITH1,4,Provincia Autonoma Bolzano / Bozen,P.A. Bolzano,533050,474384,88.99,0.39
183,2021-05-29,PAB,7316,3893,3423,3985,3139,192,ITH,ITH1,4,Provincia Autonoma Bolzano / Bozen,P.A. Bolzano,533050,481700,90.37,1.37
184,2021-03-26,PAB,1657,733,924,503,1134,20,ITH,ITH1,4,Provincia Autonoma Bolzano / Bozen,P.A. Bolzano,533050,483357,90.68,0.31
185,2021-04-09,PAB,2937,1301,1636,1936,730,271,ITH,ITH1,4,Provincia Autonoma Bolzano / Bozen,P.A. Bolzano,533050,486294,91.23,0.55
186,2021-05-22,PAB,6832,3562,3270,4435,2166,231,ITH,ITH1,4,Provincia Autonoma Bolzano / Bozen,P.A. Bolzano,533050,493126,92.51,1.28
187,2021-02-11,PAB,1094,432,662,238,855,1,ITH,ITH1,4,Provincia Autonoma Bolzano / Bozen,P.A. Bolzano,533050,494220,92.72,0.21
188,2021-07-18,PAB,1594,878,716,461,1133,0,ITH,ITH1,4,Provincia Autonoma Bolzano / Bozen,P.A. Bolzano,533050,495814,93.01,0.3
189,2021-02-18,PAB,1839,457,1382,1810,7,22,ITH,ITH1,4,Provincia Autonoma Bolzano / Bozen,P.A. Bolzano,533050,497653,93.36,0.34
190,2020-12-30,PAB,388,182,206,388,0,0,ITH,ITH1,4,Provincia Autonoma Bolzano / Bozen,P.A. Bolzano,533050,498041,93.43,0.07
191,2021-06-09,PAB,3813,1898,1915,1229,2475,109,ITH,ITH1,4,Provincia Autonoma Bolzano / Bozen,P.A. Bolzano,533050,501854,94.15,0.72
192,2021-03-01,PAB,922,221,701,885,1,36,ITH,ITH1,4,Provincia Autonoma Bolzano / Bozen,P.A. Bolzano,533050,502776,94.32,0.17
193,2021-03-15,PAB,1193,452,741,696,482,15,ITH,ITH1,4,Provincia Autonoma Bolzano / Bozen,P.A. Bolzano,533050,503969,94.54,0.22
194,2021-04-27,PAB,2226,1013,1213,1051,1077,98,ITH,ITH1,4,Provincia Autonoma Bolzano / Bozen,P.A. Bolzano,533050,506195,94.96,0.42
195,2021-01-17,PAB,2328,1044,1284,2317,11,0,ITH,ITH1,4,Provincia Autonoma Bolzano / Bozen,P.A. Bolzano,533050,508523,95.4,0.44
196,2021-06-23,PAB,1149,592,557,333,765,51,ITH,ITH1,4,Provincia Autonoma Bolzano / Bozen,P.A. Bolzano,533050,509672,95.61,0.22
197,2021-04-20,PAB,1563,785,778,1486,3,74,ITH,ITH1,4,Provincia Autonoma Bolzano / Bozen,P.A. Bolzano,533050,511235,95.91,0.29
198,2021-01-10,PAB,2,2,0,2,0,0,ITH,ITH1,4,Provincia Autonoma Bolzano / Bozen,P.A. Bolzano,533050,511237,95.91,0.0
199,2021-06-16,PAB,3812,2018,1794,5,3803,4,ITH,ITH1,4,Provincia Autonoma Bolzano / Bozen,P.A. Bolzano,533050,515049,96.62,0.72
200,2021-03-08,PAB,1210,534,676,1161,27,22,ITH,ITH1,4,Provincia Autonoma Bolzano / Bozen,P.A. Bolzano,533050,516259,96.85,0.23
201,2021-05-04,PAB,3449,1843,1606,2252,1037,160,ITH,ITH1,4,Provincia Autonoma Bolzano / Bozen,P.A. Bolzano,533050,519708,97.5,0.65
202,2021-03-23,PIE,13182,5556,7626,6631,6243,308,ITC,ITC1,1,Piemonte,Piemonte,4356406,13182,0.3,0.3
203,2021-01-16,PIE,7761,2624,5137,7754,0,7,ITC,ITC1,1,Piemonte,Piemonte,4356406,20943,0.48,0.18
204,2021-07-08,PIE,40892,20914,19978,7494,32905,493,ITC,ITC1,1,Piemonte,Piemonte,4356406,61835,1.42,0.94
205,2021-01-23,PIE,4256,1327,2929,878,3376,2,ITC,ITC1,1,Piemonte,Piemonte,4356406,66091,1.52,0.1
206,2021-06-19,PIE,40031,20308,19723,22861,16655,515,ITC,ITC1,1,Piemonte,Piemonte,4356406,106122,2.44,0.92
207,2021-02-04,PIE,10202,3339,6863,581,9619,2,ITC,ITC1,1,Piemonte,Piemonte,4356406,116324,2.67,0.23
208,2021-05-19,PIE,33125,15295,17830,21423,11121,581,ITC,ITC1,1,Piemonte,Piemonte,4356406,149449,3.43,0.76
209,2021-03-14,PIE,8201,3335,4866,5170,2896,135,ITC,ITC1,1,Piemonte,Piemonte,4356406,157650,3.62,0.19
210,2021-05-10,PIE,28949,13953,14996,15251,13107,591,ITC,ITC1,1,Piemonte,Piemonte,4356406,186599,4.28,0.66
211,2021-01-30,PIE,5980,2135,3845,216,5763,1,ITC,ITC1,1,Piemonte,Piemonte,4356406,192579,4.42,0.14
212,2021-06-24,PIE,39177,19666,19511,18307,20302,568,ITC,ITC1,1,Piemonte,Piemonte,4356406,231756,5.32,0.9
213,2021-03-16,PIE,10512,4269,6243,4369,6051,92,ITC,ITC1,1,Piemonte,Piemonte,4356406,242268,5.56,0.24
214,2021-05-12,PIE,31864,15177,16687,18350,12897,617,ITC,ITC1,1,Piemonte,Piemonte,4356406,274132,6.29,0.73
215,2021-07-15,PIE,42406,21931,20475,4046,37921,439,ITC,ITC1,1,Piemonte,Piemonte,4356406,316538,7.27,0.97
216,2021-04-23,PIE,27416,12596,14820,19973,6760,683,ITC,ITC1,1,Piemonte,Piemonte,4356406,343954,7.9,0.63
217,2021-05-24,PIE,28975,13419,15556,16632,11964,379,ITC,ITC1,1,Piemonte,Piemonte,4356406,372929,8.56,0.67
218,2021-03-02,PIE,11245,4548,6697,10246,815,184,ITC,ITC1,1,Piemonte,Piemonte,4356406,384174,8.82,0.26
219,2021-06-07,PIE,34888,17862,17026,29499,4790,599,ITC,ITC1,1,Piemonte,Piemonte,4356406,419062,9.62,0.8
220,2020-12-28,PIE,1,1,0,1,0,0,ITC,ITC1,1,Piemonte,Piemonte,4356406,419063,9.62,0.0
221,2021-07-06,PIE,38256,19375,18881,8686,29076,494,ITC,ITC1,1,Piemonte,Piemonte,4356406,457319,10.5,0.88
222,2021-03-28,PIE,16056,6897,9159,8112,7621,323,ITC,ITC1,1,Piemonte,Piemonte,4356406,473375,10.87,0.37
223,2021-07-20,PIE,38836,20416,18420,5986,32577,273,ITC,ITC1,1,Piemonte,Piemonte,4356406,512211,11.76,0.89
224,2021-04-11,PIE,20823,9319,11504,18221,2149,453,ITC,ITC1,1,Piemonte,Piemonte,4356406,533034,12.24,0.48
225,2021-01-04,PIE,5559,1677,3882,5558,0,1,ITC,ITC1,1,Piemonte,Piemonte,4356406,538593,12.36,0.13
226,2021-04-28,PIE,26030,11730,14300,15463,10033,534,ITC,ITC1,1,Piemonte,Piemonte,4356406,564623,12.96,0.6
227,2021-01-18,PIE,6165,2046,4119,5912,249,4,ITC,ITC1,1,Piemonte,Piemonte,4356406,570788,13.1,0.14
228,2021-03-21,PIE,10722,4739,5983,4023,6532,167,ITC,ITC1,1,Piemonte,Piemonte,4356406,581510,13.35,0.25
229,2021-05-05,PIE,32236,15143,17093,18544,13062,630,ITC,ITC1,1,Piemonte,Piemonte,4356406,613746,14.09,0.74
230,2021-07-01,PIE,41837,20942,20895,19845,21119,873,ITC,ITC1,1,Piemonte,Piemonte,4356406,655583,15.05,0.96
231,2021-02-08,PIE,6915,2354,4561,661,6250,4,ITC,ITC1,1,Piemonte,Piemonte,4356406,662498,15.21,0.16
232,2021-04-30,PIE,31830,14320,17510,17838,13327,665,ITC,ITC1,1,Piemonte,Piemonte,4356406,694328,15.94,0.73
233,2021-06-02,PIE,26531,12997,13534,21623,4467,441,ITC,ITC1,1,Piemonte,Piemonte,4356406,720859,16.55,0.61
234,2021-02-22,PIE,8477,3468,5009,7786,590,101,ITC,ITC1,1,Piemonte,Piemonte,4356406,729336,16.74,0.19
235,2021-03-11,PIE,13899,5205,8694,10557,3097,245,ITC,ITC1,1,Piemonte,Piemonte,4356406,743235,17.06,0.32
236,2021-06-26,PIE,41145,20935,20210,21933,18537,675,ITC,ITC1,1,Piemonte,Piemonte,4356406,784380,18.01,0.94
237,2021-07-13,PIE,38813,20031,18782,3669,34832,312,ITC,ITC1,1,Piemonte,Piemonte,4356406,823193,18.9,0.89
238,2021-04-04,PIE,9252,4057,5195,6393,2710,149,ITC,ITC1,1,Piemonte,Piemonte,4356406,832445,19.11,0.21
239,2021-04-21,PIE,25731,11826,13905,19740,5338,653,ITC,ITC1,1,Piemonte,Piemonte,4356406,858176,19.7,0.59
240,2021-01-11,PIE,8738,2978,5760,8732,0,6,ITC,ITC1,1,Piemonte,Piemonte,4356406,866914,19.9,0.2
241,2021-06-28,PIE,38382,19061,19321,15124,22716,542,ITC,ITC1,1,Piemonte,Piemonte,4356406,905296,20.78,0.88
242,2021-04-06,PIE,20238,8808,11430,14593,5196,449,ITC,ITC1,1,Piemonte,Piemonte,4356406,925534,21.25,0.46
243,2020-12-27,PIE,913,369,544,913,0,0,ITC,ITC1,1,Piemonte,Piemonte,4356406,926447,21.27,0.02
244,2021-06-12,PIE,42574,22444,20130,39206,2626,742,ITC,ITC1,1,Piemonte,Piemonte,4356406,969021,22.24,0.98
245,2021-07-12,PIE,39112,20169,18943,4530,34140,442,ITC,ITC1,1,Piemonte,Piemonte,4356406,1008133,23.14,0.9
246,2021-04-20,PIE,25481,11666,13815,18528,6344,609,ITC,ITC1,1,Piemonte,Piemonte,4356406,1033614,23.73,0.58
247,2021-05-07,PIE,33060,15632,17428,18355,14121,584,ITC,ITC1,1,Piemonte,Piemonte,4356406,1066674,24.49,0.76
248,2021-01-27,PIE,4193,1451,2742,994,3197,2,ITC,ITC1,1,Piemonte,Piemonte,4356406,1070867,24.58,0.1
249,2021-02-13,PIE,4156,1338,2818,2917,1225,14,ITC,ITC1,1,Piemonte,Piemonte,4356406,1075023,24.68,0.1
250,2021-05-02,PIE,25081,11268,13813,13959,10742,380,ITC,ITC1,1,Piemonte,Piemonte,4356406,1100104,25.25,0.58
251,2021-05-17,PIE,30909,14601,16308,17358,13149,402,ITC,ITC1,1,Piemonte,Piemonte,4356406,1131013,25.96,0.71
252,2021-02-06,PIE,7992,2665,5327,396,7594,2,ITC,ITC1,1,Piemonte,Piemonte,4356406,1139005,26.15,0.18
253,2021-02-23,PIE,9232,3713,5519,8479,581,172,ITC,ITC1,1,Piemonte,Piemonte,4356406,1148237,26.36,0.21
254,2021-05-31,PIE,29103,14054,15049,20119,8577,407,ITC,ITC1,1,Piemonte,Piemonte,4356406,1177340,27.03,0.67
255,2021-06-17,PIE,41027,20596,20431,24122,16315,590,ITC,ITC1,1,Piemonte,Piemonte,4356406,1218367,27.97,0.94
256,2021-03-09,PIE,14207,5652,8555,11639,2341,227,ITC,ITC1,1,Piemonte,Piemonte,4356406,1232574,28.29,0.33
257,2021-07-03,PIE,40043,20106,19937,15356,24027,660,ITC,ITC1,1,Piemonte,Piemonte,4356406,1272617,29.21,0.92
258,2021-03-30,PIE,16979,7110,9869,8725,7870,384,ITC,ITC1,1,Piemonte,Piemonte,4356406,1289596,29.6,0.39
259,2021-07-10,PIE,41122,20833,20289,6709,33897,516,ITC,ITC1,1,Piemonte,Piemonte,4356406,1330718,30.55,0.94
260,2021-04-01,PIE,19371,8108,11263,10941,8121,309,ITC,ITC1,1,Piemonte,Piemonte,4356406,1350089,30.99,0.44
261,2021-05-21,PIE,36068,16740,19328,19926,15637,505,ITC,ITC1,1,Piemonte,Piemonte,4356406,1386157,31.82,0.83
262,2021-07-17,PIE,41890,22055,19835,4954,36473,463,ITC,ITC1,1,Piemonte,Piemonte,4356406,1428047,32.78,0.96
263,2021-02-01,PIE,8656,3052,5604,575,8080,1,ITC,ITC1,1,Piemonte,Piemonte,4356406,1436703,32.98,0.2
264,2021-05-14,PIE,33406,16274,17132,17324,15420,662,ITC,ITC1,1,Piemonte,Piemonte,4356406,1470109,33.75,0.77
265,2021-02-11,PIE,6758,2105,4653,2981,3758,19,ITC,ITC1,1,Piemonte,Piemonte,4356406,1476867,33.9,0.16
266,2021-04-09,PIE,25868,11391,14477,20815,4503,550,ITC,ITC1,1,Piemonte,Piemonte,4356406,1502735,34.49,0.59
267,2020-12-30,PIE,731,322,409,731,0,0,ITC,ITC1,1,Piemonte,Piemonte,4356406,1503466,34.51,0.02
268,2021-06-05,PIE,36929,18919,18010,31871,4455,603,ITC,ITC1,1,Piemonte,Piemonte,4356406,1540395,35.36,0.85
269,2021-02-25,PIE,12208,5246,6962,11485,545,178,ITC,ITC1,1,Piemonte,Piemonte,4356406,1552603,35.64,0.28
270,2021-03-25,PIE,17125,7266,9859,8054,8635,436,ITC,ITC1,1,Piemonte,Piemonte,4356406,1569728,36.03,0.39
271,2021-07-22,PIE,40587,21383,19204,7014,33294,279,ITC,ITC1,1,Piemonte,Piemonte,4356406,1610315,36.96,0.93
272,2021-04-13,PIE,25932,11610,14322,21830,3457,645,ITC,ITC1,1,Piemonte,Piemonte,4356406,1636247,37.56,0.6
273,2021-01-20,PIE,6601,2084,4517,5875,719,7,ITC,ITC1,1,Piemonte,Piemonte,4356406,1642848,37.71,0.15
274,2021-02-03,PIE,10202,3306,6896,606,9594,2,ITC,ITC1,1,Piemonte,Piemonte,4356406,1653050,37.95,0.23
275,2021-06-09,PIE,38575,20332,18243,35100,2713,762,ITC,ITC1,1,Piemonte,Piemonte,4356406,1691625,38.83,0.89
276,2021-03-18,PIE,11758,4804,6954,3836,7731,191,ITC,ITC1,1,Piemonte,Piemonte,4356406,1703383,39.1,0.27
277,2021-05-09,PIE,27143,12928,14215,13146,13618,379,ITC,ITC1,1,Piemonte,Piemonte,4356406,1730526,39.72,0.62
278,2021-05-26,PIE,32745,15102,17643,15316,17077,352,ITC,ITC1,1,Piemonte,Piemonte,4356406,1763271,40.48,0.75
279,2021-02-15,PIE,4425,1597,2828,3196,1205,24,ITC,ITC1,1,Piemonte,Piemonte,4356406,1767696,40.58,0.1
280,2021-03-04,PIE,14633,5859,8774,11474,2941,218,ITC,ITC1,1,Piemonte,Piemonte,4356406,1782329,40.91,0.34
281,2021-05-28,PIE,35048,16604,18444,18659,15982,407,ITC,ITC1,1,Piemonte,Piemonte,4356406,1817377,41.72,0.8
282,2021-01-25,PIE,6211,1937,4274,975,5234,2,ITC,ITC1,1,Piemonte,Piemonte,4356406,1823588,41.86,0.14
283,2021-05-30,PIE,27703,13185,14518,18009,9325,369,ITC,ITC1,1,Piemonte,Piemonte,4356406,1851291,42.5,0.64
284,2021-02-19,PIE,5532,2174,3358,4911,501,120,ITC,ITC1,1,Piemonte,Piemonte,4356406,1856823,42.62,0.13
285,2021-06-04,PIE,37546,19632,17914,34027,2949,570,ITC,ITC1,1,Piemonte,Piemonte,4356406,1894369,43.48,0.86
286,2021-02-24,PIE,11375,4602,6773,10728,504,143,ITC,ITC1,1,Piemonte,Piemonte,4356406,1905744,43.75,0.26
287,2021-04-17,PIE,30444,14146,16298,26447,3306,691,ITC,ITC1,1,Piemonte,Piemonte,4356406,1936188,44.44,0.7
288,2021-06-13,PIE,37959,20037,17922,33106,4122,731,ITC,ITC1,1,Piemonte,Piemonte,4356406,1974147,45.32,0.87
289,2021-02-10,PIE,7528,2368,5160,1298,6215,15,ITC,ITC1,1,Piemonte,Piemonte,4356406,1981675,45.49,0.17
290,2021-04-08,PIE,25291,11003,14288,20019,4723,549,ITC,ITC1,1,Piemonte,Piemonte,4356406,2006966,46.07,0.58
291,2021-01-01,PIE,1038,395,643,1037,0,1,ITC,ITC1,1,Piemonte,Piemonte,4356406,2008004,46.09,0.02
292,2021-07-05,PIE,35563,17789,17774,11735,23209,619,ITC,ITC1,1,Piemonte,Piemonte,4356406,2043567,46.91,0.82
293,2021-06-06,PIE,35076,18327,16749,32050,2488,538,ITC,ITC1,1,Piemonte,Piemonte,4356406,2078643,47.71,0.81
294,2021-02-17,PIE,4790,2156,2634,3742,990,58,ITC,ITC1,1,Piemonte,Piemonte,4356406,2083433,47.82,0.11
295,2021-06-08,PIE,37647,19494,18153,34131,2839,677,ITC,ITC1,1,Piemonte,Piemonte,4356406,2121080,48.69,0.86
296,2021-04-26,PIE,19800,8752,11048,14911,4397,492,ITC,ITC1,1,Piemonte,Piemonte,4356406,2140880,49.14,0.45
297,2021-04-02,PIE,20140,8315,11825,11326,8421,393,ITC,ITC1,1,Piemonte,Piemonte,4356406,2161020,49.61,0.46
298,2021-05-29,PIE,32798,15228,17570,20273,12165,360,ITC,ITC1,1,Piemonte,Piemonte,4356406,2193818,50.36,0.75
299,2021-02-18,PIE,4788,2094,2694,4272,430,86,ITC,ITC1,1,Piemonte,Piemonte,4356406,2198606,50.47,0.11
300,2021-04-16,PIE,28394,13207,15187,22652,4991,751,ITC,ITC1,1,Piemonte,Piemonte,4356406,2227000,51.12,0.65
301,2021-03-03,PIE,12257,4771,7486,11250,818,189,ITC,ITC1,1,Piemonte,Piemonte,4356406,2239257,51.4,0.28
302,2021-03-20,PIE,11915,4896,7019,5775,5896,244,ITC,ITC1,1,Piemonte,Piemonte,4356406,2251172,51.67,0.27
303,2021-06-25,PIE,45430,22643,22787,20262,24518,650,ITC,ITC1,1,Piemonte,Piemonte,4356406,2296602,52.72,1.04
304,2021-04-03,PIE,19444,8179,11265,10595,8543,306,ITC,ITC1,1,Piemonte,Piemonte,4356406,2316046,53.16,0.45
305,2021-01-10,PIE,5205,2272,2933,5203,0,2,ITC,ITC1,1,Piemonte,Piemonte,4356406,2321251,53.28,0.12
306,2021-07-14,PIE,38927,20030,18897,3568,34942,417,ITC,ITC1,1,Piemonte,Piemonte,4356406,2360178,54.18,0.89
307,2021-02-20,PIE,3831,1253,2578,3559,173,99,ITC,ITC1,1,Piemonte,Piemonte,4356406,2364009,54.27,0.09
308,2021-04-29,PIE,48418,21944,26474,34650,12613,1155,ITC,ITC1,1,Piemonte,Piemonte,4356406,2412427,55.38,1.11
309,2021-05-16,PIE,28157,12784,15373,14732,13055,370,ITC,ITC1,1,Piemonte,Piemonte,4356406,2440584,56.02,0.65
310,2021-02-05,PIE,9597,3135,6462,653,8942,2,ITC,ITC1,1,Piemonte,Piemonte,4356406,2450181,56.24,0.22
311,2021-07-19,PIE,39491,20558,18933,4604,34608,279,ITC,ITC1,1,Piemonte,Piemonte,4356406,2489672,57.15,0.91
312,2021-04-10,PIE,30149,13403,16746,25253,4263,633,ITC,ITC1,1,Piemonte,Piemonte,4356406,2519821,57.84,0.69
313,2021-04-15,PIE,29521,13528,15993,23384,5476,661,ITC,ITC1,1,Piemonte,Piemonte,4356406,2549342,58.52,0.68
314,2021-01-05,PIE,5373,1601,3772,5368,0,5,ITC,ITC1,1,Piemonte,Piemonte,4356406,2554715,58.64,0.12
315,2021-06-22,PIE,40543,20027,20516,17791,22249,503,ITC,ITC1,1,Piemonte,Piemonte,4356406,2595258,59.57,0.93
316,2021-05-18,PIE,32117,14826,17291,19017,12660,440,ITC,ITC1,1,Piemonte,Piemonte,4356406,2627375,60.31,0.74
317,2021-05-03,PIE,26681,12206,14475,12038,14207,436,ITC,ITC1,1,Piemonte,Piemonte,4356406,2654056,60.92,0.61
318,2021-02-26,PIE,12284,4928,7356,11344,736,204,ITC,ITC1,1,Piemonte,Piemonte,4356406,2666340,61.21,0.28
319,2021-04-24,PIE,27496,12431,15065,21292,5657,547,ITC,ITC1,1,Piemonte,Piemonte,4356406,2693836,61.84,0.63
320,2021-01-14,PIE,9754,3146,6608,9748,0,6,ITC,ITC1,1,Piemonte,Piemonte,4356406,2703590,62.06,0.22
321,2021-05-06,PIE,33381,15757,17624,19267,13522,592,ITC,ITC1,1,Piemonte,Piemonte,4356406,2736971,62.83,0.77
322,2021-05-23,PIE,28721,13141,15580,15459,12949,313,ITC,ITC1,1,Piemonte,Piemonte,4356406,2765692,63.49,0.66
323,2021-02-12,PIE,6883,2212,4671,3899,2961,23,ITC,ITC1,1,Piemonte,Piemonte,4356406,2772575,63.64,0.16
324,2021-03-01,PIE,12109,4910,7199,11132,808,169,ITC,ITC1,1,Piemonte,Piemonte,4356406,2784684,63.92,0.28
325,2021-05-25,PIE,31141,14447,16694,15613,15141,387,ITC,ITC1,1,Piemonte,Piemonte,4356406,2815825,64.64,0.71
326,2021-06-11,PIE,43528,23041,20487,39919,2832,777,ITC,ITC1,1,Piemonte,Piemonte,4356406,2859353,65.64,1.0
327,2021-04-22,PIE,27655,12736,14919,20191,6688,776,ITC,ITC1,1,Piemonte,Piemonte,4356406,2887008,66.27,0.63
328,2021-01-12,PIE,10077,3411,6666,10070,0,7,ITC,ITC1,1,Piemonte,Piemonte,4356406,2897085,66.5,0.23
329,2021-01-29,PIE,5937,1883,4054,452,5485,0,ITC,ITC1,1,Piemonte,Piemonte,4356406,2903022,66.64,0.14
330,2021-02-28,PIE,10807,4057,6750,10395,240,172,ITC,ITC1,1,Piemonte,Piemonte,4356406,2913829,66.89,0.25
331,2021-03-17,PIE,12514,5054,7460,5041,7293,180,ITC,ITC1,1,Piemonte,Piemonte,4356406,2926343,67.17,0.29
332,2021-01-13,PIE,10072,3225,6847,10063,0,9,ITC,ITC1,1,Piemonte,Piemonte,4356406,2936415,67.4,0.23
333,2021-06-16,PIE,40343,20222,20121,23489,16249,605,ITC,ITC1,1,Piemonte,Piemonte,4356406,2976758,68.33,0.93
334,2021-01-06,PIE,3107,1103,2004,3106,0,1,ITC,ITC1,1,Piemonte,Piemonte,4356406,2979865,68.4,0.07
335,2021-06-18,PIE,40541,20256,20285,25734,14170,637,ITC,ITC1,1,Piemonte,Piemonte,4356406,3020406,69.33,0.93
336,2021-03-10,PIE,13812,5338,8474,11266,2292,254,ITC,ITC1,1,Piemonte,Piemonte,4356406,3034218,69.65,0.32
337,2021-03-27,PIE,18386,7823,10563,9128,8823,435,ITC,ITC1,1,Piemonte,Piemonte,4356406,3052604,70.07,0.42
338,2021-01-07,PIE,5368,1729,3639,5366,0,2,ITC,ITC1,1,Piemonte,Piemonte,4356406,3057972,70.19,0.12
339,2021-03-05,PIE,15550,6225,9325,11464,3816,270,ITC,ITC1,1,Piemonte,Piemonte,4356406,3073522,70.55,0.36
340,2021-06-15,PIE,38884,20026,18858,26478,11765,641,ITC,ITC1,1,Piemonte,Piemonte,4356406,3112406,71.44,0.89
341,2021-03-07,PIE,11977,4664,7313,10857,878,242,ITC,ITC1,1,Piemonte,Piemonte,4356406,3124383,71.72,0.27
342,2020-12-31,PIE,3878,1320,2558,3878,0,0,ITC,ITC1,1,Piemonte,Piemonte,4356406,3128261,71.81,0.09
343,2021-06-10,PIE,40357,21087,19270,36946,2568,843,ITC,ITC1,1,Piemonte,Piemonte,4356406,3168618,72.73,0.93
344,2021-06-27,PIE,37497,18592,18905,15195,21735,567,ITC,ITC1,1,Piemonte,Piemonte,4356406,3206115,73.6,0.86
345,2021-03-19,PIE,11025,4517,6508,4216,6603,206,ITC,ITC1,1,Piemonte,Piemonte,4356406,3217140,73.85,0.25
346,2021-04-05,PIE,14741,6232,8509,11940,2550,251,ITC,ITC1,1,Piemonte,Piemonte,4356406,3231881,74.19,0.34
347,2021-06-29,PIE,40481,20221,20260,19218,20648,615,ITC,ITC1,1,Piemonte,Piemonte,4356406,3272362,75.12,0.93
348,2021-06-23,PIE,39669,19696,19973,16378,22828,463,ITC,ITC1,1,Piemonte,Piemonte,4356406,3312031,76.03,0.91
349,2021-03-08,PIE,14130,5462,8668,11187,2711,232,ITC,ITC1,1,Piemonte,Piemonte,4356406,3326161,76.35,0.32
350,2021-05-04,PIE,28576,13139,15437,15893,12178,505,ITC,ITC1,1,Piemonte,Piemonte,4356406,3354737,77.01,0.66
351,2021-01-24,PIE,3153,959,2194,432,2719,2,ITC,ITC1,1,Piemonte,Piemonte,4356406,3357890,77.08,0.07
352,2021-06-30,PIE,41198,20149,21049,18482,21924,792,ITC,ITC1,1,Piemonte,Piemonte,4356406,3399088,78.03,0.95
353,2021-04-19,PIE,22539,10761,11778,17640,4350,549,ITC,ITC1,1,Piemonte,Piemonte,4356406,3421627,78.54,0.52
354,2021-01-09,PIE,6177,2182,3995,6176,0,1,ITC,ITC1,1,Piemonte,Piemonte,4356406,3427804,78.68,0.14
355,2021-01-26,PIE,6332,1881,4451,731,5600,1,ITC,ITC1,1,Piemonte,Piemonte,4356406,3434136,78.83,0.15
356,2021-01-19,PIE,6453,2102,4351,6435,9,9,ITC,ITC1,1,Piemonte,Piemonte,4356406,3440589,78.98,0.15
357,2021-04-14,PIE,27672,12546,15126,22457,4519,696,ITC,ITC1,1,Piemonte,Piemonte,4356406,3468261,79.61,0.64
358,2021-01-03,PIE,3059,965,2094,3057,0,2,ITC,ITC1,1,Piemonte,Piemonte,4356406,3471320,79.68,0.07
359,2021-07-07,PIE,37912,18843,19069,9698,27695,519,ITC,ITC1,1,Piemonte,Piemonte,4356406,3509232,80.55,0.87
360,2021-03-29,PIE,15242,6469,8773,8375,6610,257,ITC,ITC1,1,Piemonte,Piemonte,4356406,3524474,80.9,0.35
361,2021-07-21,PIE,37535,19912,17623,6734,30559,242,ITC,ITC1,1,Piemonte,Piemonte,4356406,3562009,81.76,0.86
362,2021-04-12,PIE,22925,10356,12569,19437,2985,503,ITC,ITC1,1,Piemonte,Piemonte,4356406,3584934,82.29,0.53
363,2021-01-02,PIE,3539,1132,2407,3538,0,1,ITC,ITC1,1,Piemonte,Piemonte,4356406,3588473,82.37,0.08
364,2021-03-22,PIE,11524,4892,6632,3715,7600,209,ITC,ITC1,1,Piemonte,Piemonte,4356406,3599997,82.64,0.26
365,2021-04-27,PIE,22611,10217,12394,16832,5145,634,ITC,ITC1,1,Piemonte,Piemonte,4356406,3622608,83.16,0.52
366,2021-01-17,PIE,3515,1168,2347,2864,649,2,ITC,ITC1,1,Piemonte,Piemonte,4356406,3626123,83.24,0.08
367,2021-03-15,PIE,10680,4193,6487,4917,5611,152,ITC,ITC1,1,Piemonte,Piemonte,4356406,3636803,83.48,0.25
368,2021-05-11,PIE,32037,15441,16596,18185,13215,637,ITC,ITC1,1,Piemonte,Piemonte,4356406,3668840,84.22,0.74
369,2021-05-08,PIE,34264,16262,18002,18115,15633,516,ITC,ITC1,1,Piemonte,Piemonte,4356406,3703104,85.0,0.79
370,2021-01-28,PIE,5588,1808,3780,380,5208,0,ITC,ITC1,1,Piemonte,Piemonte,4356406,3708692,85.13,0.13
371,2021-02-14,PIE,1476,498,978,869,600,7,ITC,ITC1,1,Piemonte,Piemonte,4356406,3710168,85.17,0.03
372,2021-06-03,PIE,34614,17881,16733,29699,4407,508,ITC,ITC1,1,Piemonte,Piemonte,4356406,3744782,85.96,0.79
373,2021-05-01,PIE,28523,12989,15534,16303,11788,432,ITC,ITC1,1,Piemonte,Piemonte,4356406,3773305,86.62,0.65
374,2021-01-21,PIE,6868,2311,4557,3366,3496,6,ITC,ITC1,1,Piemonte,Piemonte,4356406,3780173,86.77,0.16
375,2021-05-15,PIE,33765,15737,18028,19393,13715,657,ITC,ITC1,1,Piemonte,Piemonte,4356406,3813938,87.55,0.78
376,2021-06-01,PIE,29301,14700,14601,24456,4424,421,ITC,ITC1,1,Piemonte,Piemonte,4356406,3843239,88.22,0.67
377,2021-02-21,PIE,5088,2083,3005,4936,102,50,ITC,ITC1,1,Piemonte,Piemonte,4356406,3848327,88.34,0.12
378,2021-01-31,PIE,4114,1754,2360,111,4003,0,ITC,ITC1,1,Piemonte,Piemonte,4356406,3852441,88.43,0.09
379,2021-07-18,PIE,32863,17241,15622,3276,29303,284,ITC,ITC1,1,Piemonte,Piemonte,4356406,3885304,89.19,0.75
380,2021-02-07,PIE,3083,971,2112,440,2642,1,ITC,ITC1,1,Piemonte,Piemonte,4356406,3888387,89.26,0.07
381,2021-07-11,PIE,33122,16885,16237,4518,28302,302,ITC,ITC1,1,Piemonte,Piemonte,4356406,3921509,90.02,0.76
382,2021-06-20,PIE,34044,17074,16970,18737,14770,537,ITC,ITC1,1,Piemonte,Piemonte,4356406,3955553,90.8,0.78
383,2021-03-12,PIE,14098,5327,8771,10886,2935,277,ITC,ITC1,1,Piemonte,Piemonte,4356406,3969651,91.12,0.32
384,2021-07-04,PIE,33725,16998,16727,11234,21905,586,ITC,ITC1,1,Piemonte,Piemonte,4356406,4003376,91.9,0.77
385,2021-03-26,PIE,17882,7103,10779,8475,8882,525,ITC,ITC1,1,Piemonte,Piemonte,4356406,4021258,92.31,0.41
386,2021-05-22,PIE,33487,15121,18366,16868,16216,403,ITC,ITC1,1,Piemonte,Piemonte,4356406,4054745,93.08,0.77
387,2021-02-27,PIE,12673,4845,7828,12102,344,227,ITC,ITC1,1,Piemonte,Piemonte,4356406,4067418,93.37,0.29
388,2021-04-25,PIE,20230,9306,10924,17285,2501,444,ITC,ITC1,1,Piemonte,Piemonte,4356406,4087648,93.83,0.46
389,2021-01-15,PIE,9100,3006,6094,9094,0,6,ITC,ITC1,1,Piemonte,Piemonte,4356406,4096748,94.04,0.21
390,2021-06-21,PIE,38343,19141,19202,17101,20707,535,ITC,ITC1,1,Piemonte,Piemonte,4356406,4135091,94.92,0.88
391,2021-03-13,PIE,13023,4714,8309,11323,1432,268,ITC,ITC1,1,Piemonte,Piemonte,4356406,4148114,95.22,0.3
392,2021-04-18,PIE,22927,10797,12130,19625,2747,555,ITC,ITC1,1,Piemonte,Piemonte,4356406,4171041,95.75,0.53
393,2021-01-08,PIE,5523,1758,3765,5521,0,2,ITC,ITC1,1,Piemonte,Piemonte,4356406,4176564,95.87,0.13
394,2021-06-14,PIE,37939,19551,18388,30186,7091,662,ITC,ITC1,1,Piemonte,Piemonte,4356406,4214503,96.74,0.87
395,2021-03-06,PIE,13997,5217,8780,11038,2788,171,ITC,ITC1,1,Piemonte,Piemonte,4356406,4228500,97.06,0.32
396,2021-01-22,PIE,3865,1249,2616,2523,1340,2,ITC,ITC1,1,Piemonte,Piemonte,4356406,4232365,97.15,0.09
397,2021-07-02,PIE,43700,21989,21711,17441,25501,758,ITC,ITC1,1,Piemonte,Piemonte,4356406,4276065,98.16,1.0
398,2021-05-13,PIE,35675,17526,18149,19859,15115,701,ITC,ITC1,1,Piemonte,Piemonte,4356406,4311740,98.97,0.82
399,2021-02-02,PIE,10251,3513,6738,805,9445,1,ITC,ITC1,1,Piemonte,Piemonte,4356406,4321991,99.21,0.24
400,2021-07-09,PIE,40372,20594,19778,5763,34108,501,ITC,ITC1,1,Piemonte,Piemonte,4356406,4362363,100.14,0.93
401,2021-03-31,PIE,19125,8120,11005,10099,8690,336,ITC,ITC1,1,Piemonte,Piemonte,4356406,4381488,100.58,0.44
402,2021-05-27,PIE,37379,17383,19996,18809,18134,436,ITC,ITC1,1,Piemonte,Piemonte,4356406,4418867,101.43,0.86
403,2021-02-16,PIE,3965,1755,2210,3159,758,48,ITC,ITC1,1,Piemonte,Piemonte,4356406,4422832,101.52,0.09
404,2021-03-24,PIE,15552,6391,9161,6104,9120,328,ITC,ITC1,1,Piemonte,Piemonte,4356406,4438384,101.88,0.36
405,2021-05-20,PIE,38610,17936,20674,13318,24939,353,ITC,ITC1,1,Piemonte,Piemonte,4356406,4476994,102.77,0.89
406,2021-02-09,PIE,7385,2312,5073,713,6670,2,ITC,ITC1,1,Piemonte,Piemonte,4356406,4484379,102.94,0.17
407,2021-07-16,PIE,41817,21855,19962,3590,37845,382,ITC,ITC1,1,Piemonte,Piemonte,4356406,4526196,103.9,0.96
408,2021-04-07,PIE,23590,9987,13603,17617,5458,515,ITC,ITC1,1,Piemonte,Piemonte,4356406,4549786,104.44,0.54
409,2021-07-14,MOL,3399,1662,1737,194,3189,16,ITF,ITF2,14,Molise,Molise,305617,3399,1.11,1.11
410,2021-04-05,MOL,391,189,202,292,99,0,ITF,ITF2,14,Molise,Molise,305617,3790,1.24,0.13
411,2021-03-29,MOL,2033,835,1198,1518,486,29,ITF,ITF2,14,Molise,Molise,305617,5823,1.91,0.67
412,2021-01-31,MOL,268,70,198,6,262,0,ITF,ITF2,14,Molise,Molise,305617,6091,1.99,0.09
413,2021-01-26,MOL,450,184,266,8,442,0,ITF,ITF2,14,Molise,Molise,305617,6541,2.14,0.15
414,2021-05-06,MOL,2679,1214,1465,2042,598,39,ITF,ITF2,14,Molise,Molise,305617,9220,3.02,0.88
415,2021-02-07,MOL,66,32,34,19,47,0,ITF,ITF2,14,Molise,Molise,305617,9286,3.04,0.02
416,2021-05-18,MOL,1645,877,768,984,655,6,ITF,ITF2,14,Molise,Molise,305617,10931,3.58,0.54
417,2021-03-22,MOL,1149,441,708,889,244,16,ITF,ITF2,14,Molise,Molise,305617,12080,3.95,0.38
418,2021-05-20,MOL,2661,1371,1290,2397,186,78,ITF,ITF2,14,Molise,Molise,305617,14741,4.82,0.87
419,2021-03-24,MOL,1631,658,973,1214,402,15,ITF,ITF2,14,Molise,Molise,305617,16372,5.36,0.53
420,2021-07-02,MOL,2628,1275,1353,121,2499,8,ITF,ITF2,14,Molise,Molise,305617,19000,6.22,0.86
421,2021-07-04,MOL,2150,1085,1065,577,1550,23,ITF,ITF2,14,Molise,Molise,305617,21150,6.92,0.7
422,2021-01-17,MOL,78,38,40,48,30,0,ITF,ITF2,14,Molise,Molise,305617,21228,6.95,0.03
423,2021-02-19,MOL,169,93,76,167,2,0,ITF,ITF2,14,Molise,Molise,305617,21397,7.0,0.06
424,2021-03-10,MOL,1737,720,1017,1667,50,20,ITF,ITF2,14,Molise,Molise,305617,23134,7.57,0.57
425,2021-06-01,MOL,2600,1322,1278,2457,108,35,ITF,ITF2,14,Molise,Molise,305617,25734,8.42,0.85
426,2021-05-01,MOL,2649,1269,1380,406,2224,19,ITF,ITF2,14,Molise,Molise,305617,28383,9.29,0.87
427,2021-03-05,MOL,1219,649,570,1002,204,13,ITF,ITF2,14,Molise,Molise,305617,29602,9.69,0.4
428,2021-06-13,MOL,2807,1498,1309,2448,325,34,ITF,ITF2,14,Molise,Molise,305617,32409,10.6,0.92
429,2021-04-17,MOL,3055,1501,1554,1543,1487,25,ITF,ITF2,14,Molise,Molise,305617,35464,11.6,1.0
430,2021-06-20,MOL,422,174,248,47,371,4,ITF,ITF2,14,Molise,Molise,305617,35886,11.74,0.14
431,2021-04-24,MOL,2551,1202,1349,695,1841,15,ITF,ITF2,14,Molise,Molise,305617,38437,12.58,0.83
432,2021-02-26,MOL,563,260,303,489,73,1,ITF,ITF2,14,Molise,Molise,305617,39000,12.76,0.18
433,2021-06-06,MOL,2065,1063,1002,1725,323,17,ITF,ITF2,14,Molise,Molise,305617,41065,13.44,0.68
434,2021-06-27,MOL,2364,1119,1245,1128,1226,10,ITF,ITF2,14,Molise,Molise,305617,43429,14.21,0.77
435,2021-01-07,MOL,598,209,389,598,0,0,ITF,ITF2,14,Molise,Molise,305617,44027,14.41,0.2
436,2021-02-12,MOL,332,150,182,207,124,1,ITF,ITF2,14,Molise,Molise,305617,44359,14.51,0.11
437,2021-07-16,MOL,2982,1513,1469,379,2575,28,ITF,ITF2,14,Molise,Molise,305617,47341,15.49,0.98
438,2021-07-09,MOL,3436,1649,1787,166,3252,18,ITF,ITF2,14,Molise,Molise,305617,50777,16.61,1.12
439,2021-03-31,MOL,2193,919,1274,1307,819,67,ITF,ITF2,14,Molise,Molise,305617,52970,17.33,0.72
440,2021-05-25,MOL,1963,887,1076,1297,630,36,ITF,ITF2,14,Molise,Molise,305617,54933,17.97,0.64
441,2021-01-04,MOL,314,131,183,314,0,0,ITF,ITF2,14,Molise,Molise,305617,55247,18.08,0.1
442,2021-04-14,MOL,1806,767,1039,1135,661,10,ITF,ITF2,14,Molise,Molise,305617,57053,18.67,0.59
443,2021-02-16,MOL,156,70,86,149,6,1,ITF,ITF2,14,Molise,Molise,305617,57209,18.72,0.05
444,2021-05-27,MOL,2835,1348,1487,1962,836,37,ITF,ITF2,14,Molise,Molise,305617,60044,19.65,0.93
445,2021-03-17,MOL,908,385,523,518,332,58,ITF,ITF2,14,Molise,Molise,305617,60952,19.94,0.3
446,2021-06-25,MOL,3431,1688,1743,1464,1915,52,ITF,ITF2,14,Molise,Molise,305617,64383,21.07,1.12
447,2021-06-08,MOL,2895,1599,1296,2196,696,3,ITF,ITF2,14,Molise,Molise,305617,67278,22.01,0.95
448,2021-04-10,MOL,2641,1262,1379,2454,152,35,ITF,ITF2,14,Molise,Molise,305617,69919,22.88,0.86
449,2021-02-05,MOL,593,269,324,55,538,0,ITF,ITF2,14,Molise,Molise,305617,70512,23.07,0.19
450,2021-01-19,MOL,173,63,110,162,11,0,ITF,ITF2,14,Molise,Molise,305617,70685,23.13,0.06
451,2021-04-29,MOL,2240,1147,1093,878,1348,14,ITF,ITF2,14,Molise,Molise,305617,72925,23.86,0.73
452,2021-04-12,MOL,1299,557,742,1037,251,11,ITF,ITF2,14,Molise,Molise,305617,74224,24.29,0.43
453,2021-07-21,MOL,1366,689,677,559,791,16,ITF,ITF2,14,Molise,Molise,305617,75590,24.73,0.45
454,2021-05-13,MOL,3039,1410,1629,2528,457,54,ITF,ITF2,14,Molise,Molise,305617,78629,25.73,0.99
455,2021-04-28,MOL,1696,925,771,471,1218,7,ITF,ITF2,14,Molise,Molise,305617,80325,26.28,0.55
456,2021-03-19,MOL,1184,482,702,740,427,17,ITF,ITF2,14,Molise,Molise,305617,81509,26.67,0.39
457,2021-01-21,MOL,6,2,4,6,0,0,ITF,ITF2,14,Molise,Molise,305617,81515,26.67,0.0
458,2021-03-15,MOL,832,338,494,570,245,17,ITF,ITF2,14,Molise,Molise,305617,82347,26.94,0.27
459,2021-06-24,MOL,3326,1549,1777,432,2858,36,ITF,ITF2,14,Molise,Molise,305617,85673,28.03,1.09
460,2021-03-02,MOL,667,383,284,504,158,5,ITF,ITF2,14,Molise,Molise,305617,86340,28.25,0.22
461,2021-06-10,MOL,2571,1182,1389,1233,1301,37,ITF,ITF2,14,Molise,Molise,305617,88911,29.09,0.84
462,2021-02-23,MOL,582,223,359,361,219,2,ITF,ITF2,14,Molise,Molise,305617,89493,29.28,0.19
463,2021-06-03,MOL,3295,1568,1727,2707,555,33,ITF,ITF2,14,Molise,Molise,305617,92788,30.36,1.08
464,2021-04-07,MOL,1688,847,841,1368,275,45,ITF,ITF2,14,Molise,Molise,305617,94476,30.91,0.55
465,2021-06-05,MOL,2980,1511,1469,2793,160,27,ITF,ITF2,14,Molise,Molise,305617,97456,31.89,0.98
466,2021-05-29,MOL,2354,1225,1129,1924,390,40,ITF,ITF2,14,Molise,Molise,305617,99810,32.66,0.77
467,2021-02-09,MOL,359,170,189,197,162,0,ITF,ITF2,14,Molise,Molise,305617,100169,32.78,0.12
468,2021-01-12,MOL,336,114,222,336,0,0,ITF,ITF2,14,Molise,Molise,305617,100505,32.89,0.11
469,2021-02-24,MOL,666,278,388,325,333,8,ITF,ITF2,14,Molise,Molise,305617,101171,33.1,0.22
470,2021-01-09,MOL,450,152,298,450,0,0,ITF,ITF2,14,Molise,Molise,305617,101621,33.25,0.15
471,2021-04-19,MOL,1828,843,985,988,778,62,ITF,ITF2,14,Molise,Molise,305617,103449,33.85,0.6
472,2021-07-13,MOL,2803,1424,1379,318,2468,17,ITF,ITF2,14,Molise,Molise,305617,106252,34.77,0.92
473,2021-03-07,MOL,1132,501,631,1127,2,3,ITF,ITF2,14,Molise,Molise,305617,107384,35.14,0.37
474,2021-06-15,MOL,2215,1042,1173,748,1451,16,ITF,ITF2,14,Molise,Molise,305617,109599,35.86,0.72
475,2021-06-17,MOL,2307,1017,1290,911,1369,27,ITF,ITF2,14,Molise,Molise,305617,111906,36.62,0.75
476,2021-02-21,MOL,574,227,347,572,2,0,ITF,ITF2,14,Molise,Molise,305617,112480,36.8,0.19
477,2021-02-04,MOL,759,295,464,77,682,0,ITF,ITF2,14,Molise,Molise,305617,113239,37.05,0.25
478,2021-05-15,MOL,2980,1398,1582,2545,384,51,ITF,ITF2,14,Molise,Molise,305617,116219,38.03,0.98
479,2021-02-02,MOL,539,176,363,215,323,1,ITF,ITF2,14,Molise,Molise,305617,116758,38.2,0.18
480,2021-01-16,MOL,422,166,256,422,0,0,ITF,ITF2,14,Molise,Molise,305617,117180,38.34,0.14
481,2021-04-26,MOL,1158,521,637,810,331,17,ITF,ITF2,14,Molise,Molise,305617,118338,38.72,0.38
482,2021-04-09,MOL,2325,1252,1073,2106,191,28,ITF,ITF2,14,Molise,Molise,305617,120663,39.48,0.76
483,2021-07-18,MOL,1663,828,835,122,1532,9,ITF,ITF2,14,Molise,Molise,305617,122326,40.03,0.54
484,2021-03-04,MOL,851,417,434,514,325,12,ITF,ITF2,14,Molise,Molise,305617,123177,40.3,0.28
485,2021-06-12,MOL,3409,1753,1656,3244,114,51,ITF,ITF2,14,Molise,Molise,305617,126586,41.42,1.12
486,2021-06-14,MOL,1628,810,818,535,1075,18,ITF,ITF2,14,Molise,Molise,305617,128214,41.95,0.53
487,2021-03-11,MOL,1465,637,828,1446,6,13,ITF,ITF2,14,Molise,Molise,305617,129679,42.43,0.48
488,2021-01-06,MOL,689,260,429,689,0,0,ITF,ITF2,14,Molise,Molise,305617,130368,42.66,0.23
489,2021-04-16,MOL,2431,1033,1398,1176,1233,22,ITF,ITF2,14,Molise,Molise,305617,132799,43.45,0.8
490,2021-06-21,MOL,2901,1350,1551,1623,1232,46,ITF,ITF2,14,Molise,Molise,305617,135700,44.4,0.95
491,2021-04-02,MOL,1456,710,746,663,778,15,ITF,ITF2,14,Molise,Molise,305617,137156,44.88,0.48
492,2021-07-11,MOL,2455,1196,1259,179,2273,3,ITF,ITF2,14,Molise,Molise,305617,139611,45.68,0.8
493,2021-05-08,MOL,2976,1455,1521,1698,1244,34,ITF,ITF2,14,Molise,Molise,305617,142587,46.66,0.97
494,2021-04-21,MOL,1871,791,1080,969,896,6,ITF,ITF2,14,Molise,Molise,305617,144458,47.27,0.61
495,2021-01-20,MOL,18,8,10,18,0,0,ITF,ITF2,14,Molise,Molise,305617,144476,47.27,0.01
496,2021-04-30,MOL,2940,1557,1383,819,2109,12,ITF,ITF2,14,Molise,Molise,305617,147416,48.24,0.96
497,2021-02-25,MOL,542,239,303,471,68,3,ITF,ITF2,14,Molise,Molise,305617,147958,48.41,0.18
498,2021-03-03,MOL,672,316,356,586,82,4,ITF,ITF2,14,Molise,Molise,305617,148630,48.63,0.22
499,2021-01-05,MOL,449,180,269,449,0,0,ITF,ITF2,14,Molise,Molise,305617,149079,48.78,0.15
500,2021-03-26,MOL,2575,1045,1530,1889,642,44,ITF,ITF2,14,Molise,Molise,305617,151654,49.62,0.84
501,2021-02-18,MOL,319,74,245,302,13,4,ITF,ITF2,14,Molise,Molise,305617,151973,49.73,0.1
502,2021-01-18,MOL,115,48,67,115,0,0,ITF,ITF2,14,Molise,Molise,305617,152088,49.76,0.04
503,2021-04-11,MOL,1196,591,605,1168,14,14,ITF,ITF2,14,Molise,Molise,305617,153284,50.16,0.39
504,2021-07-20,MOL,2163,1094,1069,1009,1107,47,ITF,ITF2,14,Molise,Molise,305617,155447,50.86,0.71
505,2021-07-03,MOL,2738,1378,1360,565,2153,20,ITF,ITF2,14,Molise,Molise,305617,158185,51.76,0.9
506,2021-07-22,MOL,1433,697,736,577,830,26,ITF,ITF2,14,Molise,Molise,305617,159618,52.23,0.47
507,2021-02-11,MOL,295,133,162,258,37,0,ITF,ITF2,14,Molise,Molise,305617,159913,52.32,0.1
508,2021-05-22,MOL,1318,713,605,1227,84,7,ITF,ITF2,14,Molise,Molise,305617,161231,52.76,0.43
509,2021-04-25,MOL,794,397,397,557,233,4,ITF,ITF2,14,Molise,Molise,305617,162025,53.02,0.26
510,2021-01-13,MOL,474,160,314,474,0,0,ITF,ITF2,14,Molise,Molise,305617,162499,53.17,0.16
511,2021-06-19,MOL,2333,1161,1172,1278,1013,42,ITF,ITF2,14,Molise,Molise,305617,164832,53.93,0.76
512,2021-04-23,MOL,2051,882,1169,1375,660,16,ITF,ITF2,14,Molise,Molise,305617,166883,54.61,0.67
513,2021-06-30,MOL,2965,1407,1558,873,2010,82,ITF,ITF2,14,Molise,Molise,305617,169848,55.58,0.97
514,2021-02-28,MOL,832,334,498,788,42,2,ITF,ITF2,14,Molise,Molise,305617,170680,55.85,0.27
515,2021-02-27,MOL,1367,569,798,1343,19,5,ITF,ITF2,14,Molise,Molise,305617,172047,56.29,0.45
516,2021-06-07,MOL,1953,859,1094,1113,819,21,ITF,ITF2,14,Molise,Molise,305617,174000,56.93,0.64
517,2021-02-13,MOL,132,80,52,132,0,0,ITF,ITF2,14,Molise,Molise,305617,174132,56.98,0.04
518,2021-05-24,MOL,1964,853,1111,1271,666,27,ITF,ITF2,14,Molise,Molise,305617,176096,57.62,0.64
519,2021-05-07,MOL,2643,1228,1415,2021,597,25,ITF,ITF2,14,Molise,Molise,305617,178739,58.48,0.86
520,2021-04-18,MOL,1083,483,600,143,934,6,ITF,ITF2,14,Molise,Molise,305617,179822,58.84,0.35
521,2021-01-29,MOL,422,136,286,6,416,0,ITF,ITF2,14,Molise,Molise,305617,180244,58.98,0.14
522,2021-05-09,MOL,2056,934,1122,1926,97,33,ITF,ITF2,14,Molise,Molise,305617,182300,59.65,0.67
523,2021-07-07,MOL,2957,1368,1589,56,2897,4,ITF,ITF2,14,Molise,Molise,305617,185257,60.62,0.97
524,2021-05-11,MOL,3210,1415,1795,2910,252,48,ITF,ITF2,14,Molise,Molise,305617,188467,61.67,1.05
525,2021-03-09,MOL,1329,579,750,1149,152,28,ITF,ITF2,14,Molise,Molise,305617,189796,62.1,0.43
526,2021-02-20,MOL,1019,442,577,999,20,0,ITF,ITF2,14,Molise,Molise,305617,190815,62.44,0.33
527,2021-05-31,MOL,2367,1148,1219,1902,424,41,ITF,ITF2,14,Molise,Molise,305617,193182,63.21,0.77
528,2021-05-14,MOL,2644,1215,1429,1890,718,36,ITF,ITF2,14,Molise,Molise,305617,195826,64.08,0.87
529,2021-06-02,MOL,2810,1356,1454,2692,99,19,ITF,ITF2,14,Molise,Molise,305617,198636,65.0,0.92
530,2021-03-25,MOL,1806,730,1076,1284,497,25,ITF,ITF2,14,Molise,Molise,305617,200442,65.59,0.59
531,2021-03-08,MOL,1380,523,857,1203,140,37,ITF,ITF2,14,Molise,Molise,305617,201822,66.04,0.45
532,2021-07-06,MOL,3059,1427,1632,35,3020,4,ITF,ITF2,14,Molise,Molise,305617,204881,67.04,1.0
533,2021-05-10,MOL,2894,1286,1608,2493,373,28,ITF,ITF2,14,Molise,Molise,305617,207775,67.99,0.95
534,2021-06-29,MOL,2491,1159,1332,377,2088,26,ITF,ITF2,14,Molise,Molise,305617,210266,68.8,0.82
535,2021-05-03,MOL,2486,1166,1320,2290,163,33,ITF,ITF2,14,Molise,Molise,305617,212752,69.61,0.81
536,2021-05-17,MOL,2228,1092,1136,1705,496,27,ITF,ITF2,14,Molise,Molise,305617,214980,70.34,0.73
537,2021-03-21,MOL,1246,542,704,477,767,2,ITF,ITF2,14,Molise,Molise,305617,216226,70.75,0.41
538,2021-03-16,MOL,614,230,384,265,347,2,ITF,ITF2,14,Molise,Molise,305617,216840,70.95,0.2
539,2021-01-11,MOL,557,194,363,557,0,0,ITF,ITF2,14,Molise,Molise,305617,217397,71.13,0.18
540,2021-01-25,MOL,319,130,189,3,316,0,ITF,ITF2,14,Molise,Molise,305617,217716,71.24,0.1
541,2021-01-22,MOL,128,36,92,128,0,0,ITF,ITF2,14,Molise,Molise,305617,217844,71.28,0.04
542,2021-05-02,MOL,1894,932,962,577,1306,11,ITF,ITF2,14,Molise,Molise,305617,219738,71.9,0.62
543,2021-03-06,MOL,1728,807,921,1559,159,10,ITF,ITF2,14,Molise,Molise,305617,221466,72.47,0.57
544,2021-03-13,MOL,1189,594,595,183,989,17,ITF,ITF2,14,Molise,Molise,305617,222655,72.85,0.39
545,2021-01-15,MOL,538,242,296,538,0,0,ITF,ITF2,14,Molise,Molise,305617,223193,73.03,0.18
546,2021-06-23,MOL,2791,1286,1505,221,2560,10,ITF,ITF2,14,Molise,Molise,305617,225984,73.94,0.91
547,2021-06-16,MOL,2006,1015,991,1135,857,14,ITF,ITF2,14,Molise,Molise,305617,227990,74.6,0.66
548,2021-04-13,MOL,1632,718,914,1037,587,8,ITF,ITF2,14,Molise,Molise,305617,229622,75.13,0.53
549,2021-03-27,MOL,2743,1273,1470,1295,1433,15,ITF,ITF2,14,Molise,Molise,305617,232365,76.03,0.9
550,2021-07-05,MOL,2739,1282,1457,39,2698,2,ITF,ITF2,14,Molise,Molise,305617,235104,76.93,0.9
551,2021-06-18,MOL,2767,1248,1519,1283,1458,26,ITF,ITF2,14,Molise,Molise,305617,237871,77.83,0.91
552,2021-03-14,MOL,596,240,356,17,579,0,ITF,ITF2,14,Molise,Molise,305617,238467,78.03,0.2
553,2021-06-22,MOL,2960,1368,1592,669,2274,17,ITF,ITF2,14,Molise,Molise,305617,241427,79.0,0.97
554,2021-03-28,MOL,1627,748,879,518,1102,7,ITF,ITF2,14,Molise,Molise,305617,243054,79.53,0.53
555,2021-01-30,MOL,461,158,303,12,449,0,ITF,ITF2,14,Molise,Molise,305617,243515,79.68,0.15
556,2021-07-19,MOL,2715,1326,1389,499,2189,27,ITF,ITF2,14,Molise,Molise,305617,246230,80.57,0.89
557,2021-02-03,MOL,734,249,485,341,393,0,ITF,ITF2,14,Molise,Molise,305617,246964,80.81,0.24
558,2021-04-27,MOL,1597,769,828,445,1130,22,ITF,ITF2,14,Molise,Molise,305617,248561,81.33,0.52
559,2021-05-05,MOL,2416,1042,1374,2250,142,24,ITF,ITF2,14,Molise,Molise,305617,250977,82.12,0.79
560,2021-05-04,MOL,2706,1181,1525,2545,128,33,ITF,ITF2,14,Molise,Molise,305617,253683,83.01,0.89
561,2021-01-10,MOL,270,72,198,270,0,0,ITF,ITF2,14,Molise,Molise,305617,253953,83.1,0.09
562,2021-04-20,MOL,2322,1028,1294,1213,1100,9,ITF,ITF2,14,Molise,Molise,305617,256275,83.85,0.76
563,2021-06-09,MOL,1778,892,886,819,928,31,ITF,ITF2,14,Molise,Molise,305617,258053,84.44,0.58
564,2021-05-23,MOL,1703,866,837,1689,6,8,ITF,ITF2,14,Molise,Molise,305617,259756,84.99,0.56
565,2021-03-01,MOL,662,274,388,430,215,17,ITF,ITF2,14,Molise,Molise,305617,260418,85.21,0.22
566,2021-07-10,MOL,3721,1781,1940,321,3386,14,ITF,ITF2,14,Molise,Molise,305617,264139,86.43,1.22
567,2021-04-04,MOL,253,141,112,233,15,5,ITF,ITF2,14,Molise,Molise,305617,264392,86.51,0.08
568,2021-03-18,MOL,1157,476,681,633,465,59,ITF,ITF2,14,Molise,Molise,305617,265549,86.89,0.38
569,2021-06-26,MOL,3119,1529,1590,523,2581,15,ITF,ITF2,14,Molise,Molise,305617,268668,87.91,1.02
570,2021-02-10,MOL,151,79,72,131,20,0,ITF,ITF2,14,Molise,Molise,305617,268819,87.96,0.05
571,2021-05-21,MOL,2100,1053,1047,1699,322,79,ITF,ITF2,14,Molise,Molise,305617,270919,88.65,0.69
572,2021-01-27,MOL,674,251,423,8,666,0,ITF,ITF2,14,Molise,Molise,305617,271593,88.87,0.22
573,2021-03-20,MOL,2321,968,1353,992,1321,8,ITF,ITF2,14,Molise,Molise,305617,273914,89.63,0.76
574,2021-06-28,MOL,2903,1353,1550,997,1884,22,ITF,ITF2,14,Molise,Molise,305617,276817,90.58,0.95
575,2021-05-30,MOL,1864,929,935,1552,285,27,ITF,ITF2,14,Molise,Molise,305617,278681,91.19,0.61
576,2021-02-06,MOL,430,179,251,29,401,0,ITF,ITF2,14,Molise,Molise,305617,279111,91.33,0.14
577,2021-05-16,MOL,1248,572,676,1046,182,20,ITF,ITF2,14,Molise,Molise,305617,280359,91.74,0.41
578,2021-04-03,MOL,1773,851,922,1716,35,22,ITF,ITF2,14,Molise,Molise,305617,282132,92.32,0.58
579,2021-07-12,MOL,2665,1314,1351,353,2291,21,ITF,ITF2,14,Molise,Molise,305617,284797,93.19,0.87
580,2021-01-08,MOL,430,141,289,430,0,0,ITF,ITF2,14,Molise,Molise,305617,285227,93.33,0.14
581,2021-04-01,MOL,1469,667,802,729,726,14,ITF,ITF2,14,Molise,Molise,305617,286696,93.81,0.48
582,2021-06-04,MOL,3058,1499,1559,2574,457,27,ITF,ITF2,14,Molise,Molise,305617,289754,94.81,1.0
583,2021-04-08,MOL,1767,904,863,1540,202,25,ITF,ITF2,14,Molise,Molise,305617,291521,95.39,0.58
584,2021-07-17,MOL,2842,1519,1323,292,2528,22,ITF,ITF2,14,Molise,Molise,305617,294363,96.32,0.93
585,2021-04-22,MOL,1847,864,983,1060,779,8,ITF,ITF2,14,Molise,Molise,305617,296210,96.92,0.6
586,2021-02-17,MOL,72,32,40,50,15,7,ITF,ITF2,14,Molise,Molise,305617,296282,96.95,0.02
587,2021-05-28,MOL,2650,1365,1285,2038,547,65,ITF,ITF2,14,Molise,Molise,305617,298932,97.81,0.87
588,2021-06-11,MOL,3446,1656,1790,1973,1430,43,ITF,ITF2,14,Molise,Molise,305617,302378,98.94,1.13
589,2021-04-15,MOL,1926,794,1132,1074,845,7,ITF,ITF2,14,Molise,Molise,305617,304304,99.57,0.63
590,2021-01-28,MOL,613,217,396,17,596,0,ITF,ITF2,14,Molise,Molise,305617,304917,99.77,0.2
591,2021-03-12,MOL,1459,637,822,1404,36,19,ITF,ITF2,14,Molise,Molise,305617,306376,100.25,0.48
592,2021-01-14,MOL,647,239,408,647,0,0,ITF,ITF2,14,Molise,Molise,305617,307023,100.46,0.21
593,2021-05-26,MOL,1550,699,851,770,754,26,ITF,ITF2,14,Molise,Molise,305617,308573,100.97,0.51
594,2021-03-30,MOL,2003,857,1146,1472,512,19,ITF,ITF2,14,Molise,Molise,305617,310576,101.62,0.66
595,2021-02-01,MOL,562,201,361,14,548,0,ITF,ITF2,14,Molise,Molise,305617,311138,101.81,0.18
596,2021-07-08,MOL,3426,1649,1777,107,3296,23,ITF,ITF2,14,Molise,Molise,305617,314564,102.93,1.12
597,2021-05-12,MOL,2853,1294,1559,2692,96,65,ITF,ITF2,14,Molise,Molise,305617,317417,103.86,0.93
598,2021-04-06,MOL,1494,701,793,1131,343,20,ITF,ITF2,14,Molise,Molise,305617,318911,104.35,0.49
599,2021-02-08,MOL,335,141,194,216,119,0,ITF,ITF2,14,Molise,Molise,305617,319246,104.46,0.11
600,2021-07-15,MOL,3211,1614,1597,209,2988,14,ITF,ITF2,14,Molise,Molise,305617,322457,105.51,1.05
601,2021-05-19,MOL,2342,1205,1137,1880,425,37,ITF,ITF2,14,Molise,Molise,305617,324799,106.28,0.77
602,2021-03-23,MOL,1642,694,948,1411,207,24,ITF,ITF2,14,Molise,Molise,305617,326441,106.81,0.54
603,2021-07-01,MOL,2659,1293,1366,269,2375,15,ITF,ITF2,14,Molise,Molise,305617,329100,107.68,0.87
604,2021-02-15,MOL,144,70,74,141,3,0,ITF,ITF2,14,Molise,Molise,305617,329244,107.73,0.05
605,2021-02-22,MOL,265,129,136,248,15,2,ITF,ITF2,14,Molise,Molise,305617,329509,107.82,0.09
606,2020-12-27,MOL,50,20,30,50,0,0,ITF,ITF2,14,Molise,Molise,305617,329559,107.83,0.02
607,2021-04-19,PUG,27715,12880,14835,24334,3043,338,ITF,ITF4,16,Puglia,Puglia,4029053,27715,0.69,0.69
608,2021-04-24,PUG,29403,13388,16015,25130,3944,329,ITF,ITF4,16,Puglia,Puglia,4029053,57118,1.42,0.73
609,2021-01-12,PUG,4213,1770,2443,4211,0,2,ITF,ITF4,16,Puglia,Puglia,4029053,61331,1.52,0.1
610,2021-04-07,PUG,15708,7130,8578,8825,6680,203,ITF,ITF4,16,Puglia,Puglia,4029053,77039,1.91,0.39
611,2021-07-16,PUG,44045,21386,22659,12238,31021,786,ITF,ITF4,16,Puglia,Puglia,4029053,121084,3.01,1.09
612,2021-03-05,PUG,17694,7172,10522,15177,2304,213,ITF,ITF4,16,Puglia,Puglia,4029053,138778,3.44,0.44
613,2021-02-26,PUG,13770,5059,8711,12537,1037,196,ITF,ITF4,16,Puglia,Puglia,4029053,152548,3.79,0.34
614,2020-12-31,PUG,1636,783,853,1636,0,0,ITF,ITF4,16,Puglia,Puglia,4029053,154184,3.83,0.04
615,2021-06-15,PUG,42580,20824,21756,22391,19595,594,ITF,ITF4,16,Puglia,Puglia,4029053,196764,4.88,1.06
616,2021-06-08,PUG,39289,19133,20156,20960,17771,558,ITF,ITF4,16,Puglia,Puglia,4029053,236053,5.86,0.98
617,2021-02-07,PUG,1579,669,910,253,1326,0,ITF,ITF4,16,Puglia,Puglia,4029053,237632,5.9,0.04
618,2021-01-21,PUG,2133,905,1228,1269,862,2,ITF,ITF4,16,Puglia,Puglia,4029053,239765,5.95,0.05
619,2021-05-01,PUG,27629,12657,14972,16703,10654,272,ITF,ITF4,16,Puglia,Puglia,4029053,267394,6.64,0.69
620,2021-01-02,PUG,2951,1302,1649,2951,0,0,ITF,ITF4,16,Puglia,Puglia,4029053,270345,6.71,0.07
621,2021-04-12,PUG,29320,13811,15509,26094,2912,314,ITF,ITF4,16,Puglia,Puglia,4029053,299665,7.44,0.73
622,2021-07-21,PUG,40698,20088,20610,11344,28556,798,ITF,ITF4,16,Puglia,Puglia,4029053,340363,8.45,1.01
623,2021-02-21,PUG,2177,474,1703,2066,62,49,ITF,ITF4,16,Puglia,Puglia,4029053,342540,8.5,0.05
624,2021-06-01,PUG,34897,17474,17423,21625,12886,386,ITF,ITF4,16,Puglia,Puglia,4029053,377437,9.37,0.87
625,2021-05-15,PUG,43591,18982,24609,22842,20037,712,ITF,ITF4,16,Puglia,Puglia,4029053,421028,10.45,1.08
626,2021-06-03,PUG,50520,24512,26008,30506,19287,727,ITF,ITF4,16,Puglia,Puglia,4029053,471548,11.7,1.25
627,2021-03-10,PUG,14816,6619,8197,11540,3124,152,ITF,ITF4,16,Puglia,Puglia,4029053,486364,12.07,0.37
628,2021-07-11,PUG,12125,5732,6393,2641,9381,103,ITF,ITF4,16,Puglia,Puglia,4029053,498489,12.37,0.3
629,2021-01-31,PUG,1818,833,985,76,1742,0,ITF,ITF4,16,Puglia,Puglia,4029053,500307,12.42,0.05
630,2021-04-05,PUG,12757,6197,6560,12082,533,142,ITF,ITF4,16,Puglia,Puglia,4029053,513064,12.73,0.32
631,2021-03-19,PUG,7970,3658,4312,3378,4555,37,ITF,ITF4,16,Puglia,Puglia,4029053,521034,12.93,0.2
632,2021-06-27,PUG,18476,9177,9299,9917,8279,280,ITF,ITF4,16,Puglia,Puglia,4029053,539510,13.39,0.46
633,2021-01-14,PUG,4075,1593,2482,4069,0,6,ITF,ITF4,16,Puglia,Puglia,4029053,543585,13.49,0.1
634,2021-01-07,PUG,5719,2461,3258,5719,0,0,ITF,ITF4,16,Puglia,Puglia,4029053,549304,13.63,0.14
635,2021-04-17,PUG,40007,18961,21046,36015,3572,420,ITF,ITF4,16,Puglia,Puglia,4029053,589311,14.63,0.99
636,2021-02-19,PUG,4735,2012,2723,4290,391,54,ITF,ITF4,16,Puglia,Puglia,4029053,594046,14.74,0.12
637,2021-06-22,PUG,42181,20448,21733,18884,22704,593,ITF,ITF4,16,Puglia,Puglia,4029053,636227,15.79,1.05
638,2021-04-26,PUG,26289,12047,14242,22665,3235,389,ITF,ITF4,16,Puglia,Puglia,4029053,662516,16.44,0.65
639,2021-03-16,PUG,9876,4690,5186,3454,6364,58,ITF,ITF4,16,Puglia,Puglia,4029053,672392,16.69,0.25
640,2021-06-24,PUG,52454,25371,27083,23352,28277,825,ITF,ITF4,16,Puglia,Puglia,4029053,724846,17.99,1.3
641,2021-04-28,PUG,19829,8891,10938,14793,4771,265,ITF,ITF4,16,Puglia,Puglia,4029053,744675,18.48,0.49
642,2021-06-13,PUG,21790,10916,10874,16313,5184,293,ITF,ITF4,16,Puglia,Puglia,4029053,766465,19.02,0.54
643,2021-02-28,PUG,6061,1807,4254,5800,187,74,ITF,ITF4,16,Puglia,Puglia,4029053,772526,19.17,0.15
644,2021-05-12,PUG,36577,16316,20261,23494,12493,590,ITF,ITF4,16,Puglia,Puglia,4029053,809103,20.08,0.91
645,2021-05-27,PUG,40872,19317,21555,22888,17308,676,ITF,ITF4,16,Puglia,Puglia,4029053,849975,21.1,1.01
646,2021-03-02,PUG,16389,6093,10296,14844,1302,243,ITF,ITF4,16,Puglia,Puglia,4029053,866364,21.5,0.41
647,2021-06-10,PUG,47089,23154,23935,29347,17022,720,ITF,ITF4,16,Puglia,Puglia,4029053,913453,22.67,1.17
648,2021-04-04,PUG,5973,2966,3007,5887,5,81,ITF,ITF4,16,Puglia,Puglia,4029053,919426,22.82,0.15
649,2021-07-13,PUG,48351,22800,25551,7959,39794,598,ITF,ITF4,16,Puglia,Puglia,4029053,967777,24.02,1.2
650,2021-07-04,PUG,19766,9614,10152,7888,11579,299,ITF,ITF4,16,Puglia,Puglia,4029053,987543,24.51,0.49
651,2021-01-19,PUG,1222,453,769,1211,10,1,ITF,ITF4,16,Puglia,Puglia,4029053,988765,24.54,0.03
652,2021-07-08,PUG,41297,19134,22163,5546,35277,474,ITF,ITF4,16,Puglia,Puglia,4029053,1030062,25.57,1.02
653,2021-03-29,PUG,13550,6610,6940,6610,6746,194,ITF,ITF4,16,Puglia,Puglia,4029053,1043612,25.9,0.34
654,2021-03-12,PUG,14284,6439,7845,10216,3931,137,ITF,ITF4,16,Puglia,Puglia,4029053,1057896,26.26,0.35
655,2021-06-20,PUG,21453,10791,10662,13954,7157,342,ITF,ITF4,16,Puglia,Puglia,4029053,1079349,26.79,0.53
656,2021-02-04,PUG,5926,2364,3562,1181,4736,9,ITF,ITF4,16,Puglia,Puglia,4029053,1085275,26.94,0.15
657,2021-05-17,PUG,32854,15222,17632,20486,11868,500,ITF,ITF4,16,Puglia,Puglia,4029053,1118129,27.75,0.82
658,2021-05-29,PUG,30547,14392,16155,20567,9434,546,ITF,ITF4,16,Puglia,Puglia,4029053,1148676,28.51,0.76
659,2021-04-02,PUG,12846,6001,6845,8170,4526,150,ITF,ITF4,16,Puglia,Puglia,4029053,1161522,28.83,0.32
660,2021-02-14,PUG,786,347,439,658,124,4,ITF,ITF4,16,Puglia,Puglia,4029053,1162308,28.85,0.02
661,2021-05-25,PUG,34707,16196,18511,20596,13525,586,ITF,ITF4,16,Puglia,Puglia,4029053,1197015,29.71,0.86
662,2021-05-08,PUG,54294,22984,31310,24026,29751,517,ITF,ITF4,16,Puglia,Puglia,4029053,1251309,31.06,1.35
663,2021-01-09,PUG,4887,2250,2637,4883,0,4,ITF,ITF4,16,Puglia,Puglia,4029053,1256196,31.18,0.12
664,2021-07-01,PUG,47858,22404,25454,11341,35864,653,ITF,ITF4,16,Puglia,Puglia,4029053,1304054,32.37,1.19
665,2021-01-23,PUG,3039,1294,1745,885,2153,1,ITF,ITF4,16,Puglia,Puglia,4029053,1307093,32.44,0.08
666,2021-05-03,PUG,33341,14905,18436,22124,10648,569,ITF,ITF4,16,Puglia,Puglia,4029053,1340434,33.27,0.83
667,2021-03-07,PUG,4985,2002,2983,4373,571,41,ITF,ITF4,16,Puglia,Puglia,4029053,1345419,33.39,0.12
668,2021-05-05,PUG,39191,17179,22012,24401,14201,589,ITF,ITF4,16,Puglia,Puglia,4029053,1384610,34.37,0.97
669,2021-06-17,PUG,42747,20890,21857,21365,20808,574,ITF,ITF4,16,Puglia,Puglia,4029053,1427357,35.43,1.06
670,2021-02-09,PUG,3841,1570,2271,2150,1673,18,ITF,ITF4,16,Puglia,Puglia,4029053,1431198,35.52,0.1
671,2021-05-20,PUG,33603,15252,18351,20729,12356,518,ITF,ITF4,16,Puglia,Puglia,4029053,1464801,36.36,0.83
672,2021-03-24,PUG,13584,6519,7065,6146,7322,116,ITF,ITF4,16,Puglia,Puglia,4029053,1478385,36.69,0.34
673,2021-01-26,PUG,5368,2399,2969,571,4796,1,ITF,ITF4,16,Puglia,Puglia,4029053,1483753,36.83,0.13
674,2021-07-02,PUG,46902,22282,24620,17208,28733,961,ITF,ITF4,16,Puglia,Puglia,4029053,1530655,37.99,1.16
675,2021-05-06,PUG,39607,17313,22294,19343,19708,556,ITF,ITF4,16,Puglia,Puglia,4029053,1570262,38.97,0.98
676,2021-03-21,PUG,2694,1227,1467,579,2104,11,ITF,ITF4,16,Puglia,Puglia,4029053,1572956,39.04,0.07
677,2021-06-29,PUG,46266,22189,24077,15186,30359,721,ITF,ITF4,16,Puglia,Puglia,4029053,1619222,40.19,1.15
678,2021-01-11,PUG,3754,1589,2165,3753,0,1,ITF,ITF4,16,Puglia,Puglia,4029053,1622976,40.28,0.09
679,2021-04-21,PUG,23136,10687,12449,19096,3736,304,ITF,ITF4,16,Puglia,Puglia,4029053,1646112,40.86,0.57
680,2021-05-24,PUG,36114,17039,19075,24498,11004,612,ITF,ITF4,16,Puglia,Puglia,4029053,1682226,41.75,0.9
681,2021-02-16,PUG,3385,1455,1930,2707,647,31,ITF,ITF4,16,Puglia,Puglia,4029053,1685611,41.84,0.08
682,2021-01-30,PUG,5533,2514,3019,406,5126,1,ITF,ITF4,16,Puglia,Puglia,4029053,1691144,41.97,0.14
683,2021-05-10,PUG,37756,16681,21075,19312,17970,474,ITF,ITF4,16,Puglia,Puglia,4029053,1728900,42.91,0.94
684,2021-01-04,PUG,4510,2017,2493,4508,0,2,ITF,ITF4,16,Puglia,Puglia,4029053,1733410,43.02,0.11
685,2021-03-26,PUG,12009,5844,6165,7229,4652,128,ITF,ITF4,16,Puglia,Puglia,4029053,1745419,43.32,0.3
686,2021-03-09,PUG,13630,6091,7539,11433,2013,184,ITF,ITF4,16,Puglia,Puglia,4029053,1759049,43.66,0.34
687,2021-04-14,PUG,31994,15095,16899,28378,3308,308,ITF,ITF4,16,Puglia,Puglia,4029053,1791043,44.45,0.79
688,2021-03-28,PUG,3541,1654,1887,1179,2328,34,ITF,ITF4,16,Puglia,Puglia,4029053,1794584,44.54,0.09
689,2021-07-06,PUG,42171,19420,22751,6198,35536,437,ITF,ITF4,16,Puglia,Puglia,4029053,1836755,45.59,1.05
690,2021-02-23,PUG,9369,4425,4944,8786,491,92,ITF,ITF4,16,Puglia,Puglia,4029053,1846124,45.82,0.23
691,2021-03-14,PUG,3372,1459,1913,2475,861,36,ITF,ITF4,16,Puglia,Puglia,4029053,1849496,45.9,0.08
692,2021-01-16,PUG,2508,1036,1472,2506,0,2,ITF,ITF4,16,Puglia,Puglia,4029053,1852004,45.97,0.06
693,2021-05-21,PUG,39105,18564,20541,28237,10078,790,ITF,ITF4,16,Puglia,Puglia,4029053,1891109,46.94,0.97
694,2021-05-19,PUG,26390,12762,13628,19514,6438,438,ITF,ITF4,16,Puglia,Puglia,4029053,1917499,47.59,0.65
695,2021-03-30,PUG,12370,5927,6443,6289,5927,154,ITF,ITF4,16,Puglia,Puglia,4029053,1929869,47.9,0.31
696,2021-02-01,PUG,3969,1662,2307,366,3601,2,ITF,ITF4,16,Puglia,Puglia,4029053,1933838,48.0,0.1
697,2021-07-17,PUG,28342,14172,14170,8932,18835,575,ITF,ITF4,16,Puglia,Puglia,4029053,1962180,48.7,0.7
698,2021-05-14,PUG,44966,20553,24413,27950,16152,864,ITF,ITF4,16,Puglia,Puglia,4029053,2007146,49.82,1.12
699,2021-06-12,PUG,34503,17199,17304,25023,8888,592,ITF,ITF4,16,Puglia,Puglia,4029053,2041649,50.67,0.86
700,2021-01-28,PUG,5475,2278,3197,469,5006,0,ITF,ITF4,16,Puglia,Puglia,4029053,2047124,50.81,0.14
701,2021-03-23,PUG,11118,5644,5474,4543,6485,90,ITF,ITF4,16,Puglia,Puglia,4029053,2058242,51.09,0.28
702,2021-03-25,PUG,11726,6007,5719,5371,6258,97,ITF,ITF4,16,Puglia,Puglia,4029053,2069968,51.38,0.29
703,2021-07-03,PUG,32984,16548,16436,13359,19095,530,ITF,ITF4,16,Puglia,Puglia,4029053,2102952,52.19,0.82
704,2021-02-08,PUG,3997,1612,2385,1582,2399,16,ITF,ITF4,16,Puglia,Puglia,4029053,2106949,52.29,0.1
705,2021-03-31,PUG,14563,6826,7737,8850,5563,150,ITF,ITF4,16,Puglia,Puglia,4029053,2121512,52.66,0.36
706,2021-02-02,PUG,4346,1847,2499,590,3755,1,ITF,ITF4,16,Puglia,Puglia,4029053,2125858,52.76,0.11
707,2021-07-09,PUG,36782,17714,19068,6501,29594,687,ITF,ITF4,16,Puglia,Puglia,4029053,2162640,53.68,0.91
708,2021-05-13,PUG,38753,17280,21473,20982,17200,571,ITF,ITF4,16,Puglia,Puglia,4029053,2201393,54.64,0.96
709,2021-03-17,PUG,10345,4702,5643,4106,6177,62,ITF,ITF4,16,Puglia,Puglia,4029053,2211738,54.89,0.26
710,2021-06-19,PUG,34604,17354,17250,22074,11842,688,ITF,ITF4,16,Puglia,Puglia,4029053,2246342,55.75,0.86
711,2021-06-21,PUG,41543,20243,21300,21248,19623,672,ITF,ITF4,16,Puglia,Puglia,4029053,2287885,56.78,1.03
712,2021-01-18,PUG,1845,771,1074,1495,349,1,ITF,ITF4,16,Puglia,Puglia,4029053,2289730,56.83,0.05
713,2021-02-06,PUG,4551,1933,2618,1577,2959,15,ITF,ITF4,16,Puglia,Puglia,4029053,2294281,56.94,0.11
714,2021-01-20,PUG,1548,542,1006,1537,8,3,ITF,ITF4,16,Puglia,Puglia,4029053,2295829,56.98,0.04
715,2021-04-30,PUG,34975,15674,19301,22433,11975,567,ITF,ITF4,16,Puglia,Puglia,4029053,2330804,57.85,0.87
716,2021-04-13,PUG,28747,13636,15111,25028,3410,309,ITF,ITF4,16,Puglia,Puglia,4029053,2359551,58.56,0.71
717,2021-07-22,PUG,43146,21406,21740,8059,34469,618,ITF,ITF4,16,Puglia,Puglia,4029053,2402697,59.63,1.07
718,2021-07-05,PUG,38622,18125,20497,7364,30694,564,ITF,ITF4,16,Puglia,Puglia,4029053,2441319,60.59,0.96
719,2021-04-23,PUG,29546,13731,15815,23878,5255,413,ITF,ITF4,16,Puglia,Puglia,4029053,2470865,61.33,0.73
720,2021-03-18,PUG,9582,4352,5230,3336,6181,65,ITF,ITF4,16,Puglia,Puglia,4029053,2480447,61.56,0.24
721,2021-06-26,PUG,32228,16223,16005,15796,15835,597,ITF,ITF4,16,Puglia,Puglia,4029053,2512675,62.36,0.8
722,2021-03-04,PUG,15352,6097,9255,13705,1424,223,ITF,ITF4,16,Puglia,Puglia,4029053,2528027,62.74,0.38
723,2021-06-09,PUG,41830,20702,21128,29894,11227,709,ITF,ITF4,16,Puglia,Puglia,4029053,2569857,63.78,1.04
724,2021-01-25,PUG,3829,1680,2149,424,3404,1,ITF,ITF4,16,Puglia,Puglia,4029053,2573686,63.88,0.1
725,2021-07-10,PUG,22258,10961,11297,4494,17461,303,ITF,ITF4,16,Puglia,Puglia,4029053,2595944,64.43,0.55
726,2021-02-13,PUG,3730,1458,2272,3018,696,16,ITF,ITF4,16,Puglia,Puglia,4029053,2599674,64.52,0.09
727,2021-06-28,PUG,48319,23429,24890,21521,25927,871,ITF,ITF4,16,Puglia,Puglia,4029053,2647993,65.72,1.2
728,2021-02-10,PUG,3649,1439,2210,2117,1511,21,ITF,ITF4,16,Puglia,Puglia,4029053,2651642,65.81,0.09
729,2021-05-23,PUG,17926,8377,9549,13858,3807,261,ITF,ITF4,16,Puglia,Puglia,4029053,2669568,66.26,0.44
730,2021-02-17,PUG,4287,1750,2537,3634,612,41,ITF,ITF4,16,Puglia,Puglia,4029053,2673855,66.36,0.11
731,2021-05-28,PUG,43972,20825,23147,27442,15727,803,ITF,ITF4,16,Puglia,Puglia,4029053,2717827,67.46,1.09
732,2021-03-11,PUG,14816,6578,8238,11443,3175,198,ITF,ITF4,16,Puglia,Puglia,4029053,2732643,67.82,0.37
733,2021-06-02,PUG,27029,13216,13813,21849,4823,357,ITF,ITF4,16,Puglia,Puglia,4029053,2759672,68.49,0.67
734,2021-03-13,PUG,10470,4135,6335,8563,1809,98,ITF,ITF4,16,Puglia,Puglia,4029053,2770142,68.75,0.26
735,2021-05-02,PUG,21332,9669,11663,13886,7266,180,ITF,ITF4,16,Puglia,Puglia,4029053,2791474,69.28,0.53
736,2021-06-18,PUG,47553,23407,24146,28690,17895,968,ITF,ITF4,16,Puglia,Puglia,4029053,2839027,70.46,1.18
737,2021-07-20,PUG,44489,21838,22651,8208,35769,512,ITF,ITF4,16,Puglia,Puglia,4029053,2883516,71.57,1.1
738,2021-05-31,PUG,37867,18249,19618,23131,14184,552,ITF,ITF4,16,Puglia,Puglia,4029053,2921383,72.51,0.94
739,2021-02-15,PUG,3258,1270,1988,2592,622,44,ITF,ITF4,16,Puglia,Puglia,4029053,2924641,72.59,0.08
740,2021-05-26,PUG,38551,18518,20033,26208,11693,650,ITF,ITF4,16,Puglia,Puglia,4029053,2963192,73.55,0.96
741,2021-01-27,PUG,4603,1941,2662,629,3972,2,ITF,ITF4,16,Puglia,Puglia,4029053,2967795,73.66,0.11
742,2021-05-07,PUG,50085,22356,27729,26022,23506,557,ITF,ITF4,16,Puglia,Puglia,4029053,3017880,74.9,1.24
743,2021-01-13,PUG,4545,1729,2816,4542,0,3,ITF,ITF4,16,Puglia,Puglia,4029053,3022425,75.02,0.11
744,2021-04-06,PUG,13849,6254,7595,6925,6756,168,ITF,ITF4,16,Puglia,Puglia,4029053,3036274,75.36,0.34
745,2021-05-30,PUG,21008,10057,10951,15708,5043,257,ITF,ITF4,16,Puglia,Puglia,4029053,3057282,75.88,0.52
746,2021-04-08,PUG,17491,7590,9901,11095,6180,216,ITF,ITF4,16,Puglia,Puglia,4029053,3074773,76.32,0.43
747,2021-06-06,PUG,30665,15440,15225,25301,5037,327,ITF,ITF4,16,Puglia,Puglia,4029053,3105438,77.08,0.76
748,2021-04-10,PUG,30909,13110,17799,26302,4227,380,ITF,ITF4,16,Puglia,Puglia,4029053,3136347,77.84,0.77
749,2021-07-19,PUG,45786,22445,23341,10540,34500,746,ITF,ITF4,16,Puglia,Puglia,4029053,3182133,78.98,1.14
750,2021-04-01,PUG,13944,6548,7396,7382,6348,214,ITF,ITF4,16,Puglia,Puglia,4029053,3196077,79.33,0.35
751,2021-02-03,PUG,5041,2006,3035,726,4312,3,ITF,ITF4,16,Puglia,Puglia,4029053,3201118,79.45,0.13
752,2021-01-03,PUG,2007,943,1064,2006,0,1,ITF,ITF4,16,Puglia,Puglia,4029053,3203125,79.5,0.05
753,2021-03-27,PUG,12160,5715,6445,6879,5172,109,ITF,ITF4,16,Puglia,Puglia,4029053,3215285,79.8,0.3
754,2021-01-05,PUG,5110,2251,2859,5107,0,3,ITF,ITF4,16,Puglia,Puglia,4029053,3220395,79.93,0.13
755,2021-04-15,PUG,32712,15265,17447,28691,3621,400,ITF,ITF4,16,Puglia,Puglia,4029053,3253107,80.74,0.81
756,2021-04-25,PUG,11300,5234,6066,10024,1144,132,ITF,ITF4,16,Puglia,Puglia,4029053,3264407,81.02,0.28
757,2021-02-27,PUG,14225,4818,9407,12817,1226,182,ITF,ITF4,16,Puglia,Puglia,4029053,3278632,81.37,0.35
758,2021-01-01,PUG,148,61,87,148,0,0,ITF,ITF4,16,Puglia,Puglia,4029053,3278780,81.38,0.0
759,2021-06-07,PUG,44297,21633,22664,30317,13218,762,ITF,ITF4,16,Puglia,Puglia,4029053,3323077,82.48,1.1
760,2021-04-11,PUG,16469,7255,9214,14634,1658,177,ITF,ITF4,16,Puglia,Puglia,4029053,3339546,82.89,0.41
761,2021-02-24,PUG,10052,4709,5343,9367,595,90,ITF,ITF4,16,Puglia,Puglia,4029053,3349598,83.14,0.25
762,2021-06-04,PUG,52655,25479,27176,34130,17697,828,ITF,ITF4,16,Puglia,Puglia,4029053,3402253,84.44,1.31
763,2021-05-18,PUG,28896,13447,15449,15849,12794,253,ITF,ITF4,16,Puglia,Puglia,4029053,3431149,85.16,0.72
764,2021-04-29,PUG,26225,12129,14096,19134,6670,421,ITF,ITF4,16,Puglia,Puglia,4029053,3457374,85.81,0.65
765,2021-07-15,PUG,43087,20885,22202,8917,33485,685,ITF,ITF4,16,Puglia,Puglia,4029053,3500461,86.88,1.07
766,2021-07-14,PUG,44376,21272,23104,13096,30454,826,ITF,ITF4,16,Puglia,Puglia,4029053,3544837,87.98,1.1
767,2021-03-01,PUG,15109,5869,9240,13582,1374,153,ITF,ITF4,16,Puglia,Puglia,4029053,3559946,88.36,0.38
768,2021-05-09,PUG,30742,12613,18129,14746,15623,373,ITF,ITF4,16,Puglia,Puglia,4029053,3590688,89.12,0.76
769,2021-04-22,PUG,23043,10547,12496,17731,4925,387,ITF,ITF4,16,Puglia,Puglia,4029053,3613731,89.69,0.57
770,2021-07-12,PUG,44193,20866,23327,12414,31040,739,ITF,ITF4,16,Puglia,Puglia,4029053,3657924,90.79,1.1
771,2021-07-07,PUG,38487,18426,20061,6235,31728,524,ITF,ITF4,16,Puglia,Puglia,4029053,3696411,91.74,0.96
772,2021-03-06,PUG,16151,6127,10024,13888,2096,167,ITF,ITF4,16,Puglia,Puglia,4029053,3712562,92.14,0.4
773,2021-01-08,PUG,5656,2374,3282,5650,0,6,ITF,ITF4,16,Puglia,Puglia,4029053,3718218,92.29,0.14
774,2021-06-14,PUG,41937,20521,21416,28791,12348,798,ITF,ITF4,16,Puglia,Puglia,4029053,3760155,93.33,1.04
775,2021-04-18,PUG,22645,10833,11812,21393,1056,196,ITF,ITF4,16,Puglia,Puglia,4029053,3782800,93.89,0.56
776,2021-02-20,PUG,2971,1079,1892,2685,257,29,ITF,ITF4,16,Puglia,Puglia,4029053,3785771,93.96,0.07
777,2021-02-22,PUG,9635,4537,5098,9214,334,87,ITF,ITF4,16,Puglia,Puglia,4029053,3795406,94.2,0.24
778,2021-02-05,PUG,5637,2274,3363,1327,4305,5,ITF,ITF4,16,Puglia,Puglia,4029053,3801043,94.34,0.14
779,2021-05-16,PUG,24555,11074,13481,12494,11840,221,ITF,ITF4,16,Puglia,Puglia,4029053,3825598,94.95,0.61
780,2021-01-10,PUG,2349,1062,1287,2348,0,1,ITF,ITF4,16,Puglia,Puglia,4029053,3827947,95.01,0.06
781,2021-04-20,PUG,21174,9837,11337,17445,3467,262,ITF,ITF4,16,Puglia,Puglia,4029053,3849121,95.53,0.53
782,2020-12-27,PUG,510,252,258,510,0,0,ITF,ITF4,16,Puglia,Puglia,4029053,3849631,95.55,0.01
783,2021-02-12,PUG,4213,1672,2541,3098,1093,22,ITF,ITF4,16,Puglia,Puglia,4029053,3853844,95.65,0.1
784,2021-01-29,PUG,6205,2665,3540,394,5807,4,ITF,ITF4,16,Puglia,Puglia,4029053,3860049,95.81,0.15
785,2021-03-20,PUG,8416,3880,4536,3778,4595,43,ITF,ITF4,16,Puglia,Puglia,4029053,3868465,96.01,0.21
786,2021-03-03,PUG,16786,6805,9981,14715,1921,150,ITF,ITF4,16,Puglia,Puglia,4029053,3885251,96.43,0.42
787,2021-06-11,PUG,47852,23410,24442,32960,13983,909,ITF,ITF4,16,Puglia,Puglia,4029053,3933103,97.62,1.19
788,2021-01-15,PUG,4552,1866,2686,4547,0,5,ITF,ITF4,16,Puglia,Puglia,4029053,3937655,97.73,0.11
789,2021-01-22,PUG,1412,579,833,991,420,1,ITF,ITF4,16,Puglia,Puglia,4029053,3939067,97.77,0.04
790,2021-04-03,PUG,10567,4652,5915,6814,3560,193,ITF,ITF4,16,Puglia,Puglia,4029053,3949634,98.03,0.26
791,2021-06-25,PUG,50534,24895,25639,23681,25907,946,ITF,ITF4,16,Puglia,Puglia,4029053,4000168,99.28,1.25
792,2021-04-16,PUG,36061,16951,19110,32355,3286,420,ITF,ITF4,16,Puglia,Puglia,4029053,4036229,100.18,0.9
793,2021-02-18,PUG,4383,1848,2535,3717,606,60,ITF,ITF4,16,Puglia,Puglia,4029053,4040612,100.29,0.11
794,2021-04-09,PUG,22066,9511,12555,17054,4627,385,ITF,ITF4,16,Puglia,Puglia,4029053,4062678,100.83,0.55
795,2021-02-11,PUG,3697,1401,2296,2392,1278,27,ITF,ITF4,16,Puglia,Puglia,4029053,4066375,100.93,0.09
796,2021-07-18,PUG,17234,8811,8423,5548,11406,280,ITF,ITF4,16,Puglia,Puglia,4029053,4083609,101.35,0.43
797,2021-05-22,PUG,34650,15870,18780,23693,10413,544,ITF,ITF4,16,Puglia,Puglia,4029053,4118259,102.21,0.86
798,2021-02-25,PUG,11972,5062,6910,10662,1175,135,ITF,ITF4,16,Puglia,Puglia,4029053,4130231,102.51,0.3
799,2021-06-05,PUG,42476,20818,21658,29108,12645,723,ITF,ITF4,16,Puglia,Puglia,4029053,4172707,103.57,1.05
800,2021-01-06,PUG,3952,1675,2277,3951,0,1,ITF,ITF4,16,Puglia,Puglia,4029053,4176659,103.66,0.1
801,2021-06-16,PUG,41971,20645,21326,26831,14405,735,ITF,ITF4,16,Puglia,Puglia,4029053,4218630,104.71,1.04
802,2020-12-30,PUG,1,0,1,1,0,0,ITF,ITF4,16,Puglia,Puglia,4029053,4218631,104.71,0.0
803,2021-03-22,PUG,9959,5122,4837,4246,5648,65,ITF,ITF4,16,Puglia,Puglia,4029053,4228590,104.95,0.25
804,2021-01-24,PUG,1671,751,920,154,1517,0,ITF,ITF4,16,Puglia,Puglia,4029053,4230261,104.99,0.04
805,2021-06-30,PUG,47458,23041,24417,18720,27852,886,ITF,ITF4,16,Puglia,Puglia,4029053,4277719,106.17,1.18
806,2021-03-15,PUG,12343,6151,6192,5736,6506,101,ITF,ITF4,16,Puglia,Puglia,4029053,4290062,106.48,0.31
807,2021-01-17,PUG,1309,591,718,1239,69,1,ITF,ITF4,16,Puglia,Puglia,4029053,4291371,106.51,0.03
808,2021-06-23,PUG,29258,14299,14959,16891,11731,636,ITF,ITF4,16,Puglia,Puglia,4029053,4320629,107.24,0.73
809,2021-04-27,PUG,26686,12072,14614,20757,5605,324,ITF,ITF4,16,Puglia,Puglia,4029053,4347315,107.9,0.66
810,2021-05-11,PUG,32595,14386,18209,13665,18443,487,ITF,ITF4,16,Puglia,Puglia,4029053,4379910,108.71,0.81
811,2021-05-04,PUG,35117,14855,20262,18225,16479,413,ITF,ITF4,16,Puglia,Puglia,4029053,4415027,109.58,0.87
812,2021-03-08,PUG,14996,6441,8555,12441,2402,153,ITF,ITF4,16,Puglia,Puglia,4029053,4430023,109.95,0.37
813,2021-06-07,CAM,57582,27719,29863,52871,4033,678,ITF,ITF3,15,Campania,Campania,5801692,57582,0.99,0.99
814,2021-02-25,CAM,12426,4479,7947,10968,1188,270,ITF,ITF3,15,Campania,Campania,5801692,70008,1.21,0.21
815,2021-04-09,CAM,30048,14153,15895,23316,6134,598,ITF,ITF3,15,Campania,Campania,5801692,100056,1.72,0.52
816,2021-06-05,CAM,77624,37580,40044,70891,6022,711,ITF,ITF3,15,Campania,Campania,5801692,177680,3.06,1.34
817,2021-06-14,CAM,37116,17918,19198,18787,18013,316,ITF,ITF3,15,Campania,Campania,5801692,214796,3.7,0.64
818,2021-03-02,CAM,12761,4558,8203,8215,4345,201,ITF,ITF3,15,Campania,Campania,5801692,227557,3.92,0.22
819,2021-07-15,CAM,66664,32026,34638,9369,57027,268,ITF,ITF3,15,Campania,Campania,5801692,294221,5.07,1.15
820,2021-01-11,CAM,4070,1871,2199,3961,0,109,ITF,ITF3,15,Campania,Campania,5801692,298291,5.14,0.07
821,2021-02-11,CAM,6280,2704,3576,5929,66,285,ITF,ITF3,15,Campania,Campania,5801692,304571,5.25,0.11
822,2021-03-28,CAM,15563,7509,8054,13608,1625,330,ITF,ITF3,15,Campania,Campania,5801692,320134,5.52,0.27
823,2021-01-04,CAM,5826,2963,2863,5727,0,99,ITF,ITF3,15,Campania,Campania,5801692,325960,5.62,0.1
824,2021-06-19,CAM,62374,29701,32673,24258,37740,376,ITF,ITF3,15,Campania,Campania,5801692,388334,6.69,1.08
825,2021-03-09,CAM,14128,6870,7258,9959,3785,384,ITF,ITF3,15,Campania,Campania,5801692,402462,6.94,0.24
826,2021-04-11,CAM,17524,8606,8918,15067,2083,374,ITF,ITF3,15,Campania,Campania,5801692,419986,7.24,0.3
827,2021-04-28,CAM,36438,17642,18796,25919,9757,762,ITF,ITF3,15,Campania,Campania,5801692,456424,7.87,0.63
828,2021-01-18,CAM,959,399,560,683,244,32,ITF,ITF3,15,Campania,Campania,5801692,457383,7.88,0.02
829,2021-07-20,CAM,40083,19784,20299,6353,33316,414,ITF,ITF3,15,Campania,Campania,5801692,497466,8.57,0.69
830,2021-01-30,CAM,10724,5081,5643,36,10686,2,ITF,ITF3,15,Campania,Campania,5801692,508190,8.76,0.18
831,2021-07-03,CAM,67283,32495,34788,8204,58702,377,ITF,ITF3,15,Campania,Campania,5801692,575473,9.92,1.16
832,2021-01-16,CAM,3371,1677,1694,3262,0,109,ITF,ITF3,15,Campania,Campania,5801692,578844,9.98,0.06
833,2021-05-24,CAM,31358,15151,16207,15863,15150,345,ITF,ITF3,15,Campania,Campania,5801692,610202,10.52,0.54
834,2021-02-13,CAM,5508,2550,2958,5109,217,182,ITF,ITF3,15,Campania,Campania,5801692,615710,10.61,0.09
835,2021-04-23,CAM,32329,15524,16805,22485,9154,690,ITF,ITF3,15,Campania,Campania,5801692,648039,11.17,0.56
836,2021-02-27,CAM,13947,4472,9475,12006,1642,299,ITF,ITF3,15,Campania,Campania,5801692,661986,11.41,0.24
837,2021-06-16,CAM,31602,14983,16619,20547,10760,295,ITF,ITF3,15,Campania,Campania,5801692,693588,11.95,0.54
838,2021-04-16,CAM,34329,16560,17769,23025,10665,639,ITF,ITF3,15,Campania,Campania,5801692,727917,12.55,0.59
839,2021-01-06,CAM,7649,3749,3900,7505,0,144,ITF,ITF3,15,Campania,Campania,5801692,735566,12.68,0.13
840,2021-02-18,CAM,9080,3813,5267,8151,707,222,ITF,ITF3,15,Campania,Campania,5801692,744646,12.83,0.16
841,2021-04-25,CAM,30740,15175,15565,24599,5402,739,ITF,ITF3,15,Campania,Campania,5801692,775386,13.36,0.53
842,2021-01-13,CAM,8020,3666,4354,7780,0,240,ITF,ITF3,15,Campania,Campania,5801692,783406,13.5,0.14
843,2021-05-26,CAM,52677,25838,26839,21111,31102,464,ITF,ITF3,15,Campania,Campania,5801692,836083,14.41,0.91
844,2021-04-06,CAM,24510,11561,12949,19506,4523,481,ITF,ITF3,15,Campania,Campania,5801692,860593,14.83,0.42
845,2021-07-12,CAM,56674,27362,29312,3769,52587,318,ITF,ITF3,15,Campania,Campania,5801692,917267,15.81,0.98
846,2020-12-27,CAM,720,422,298,716,0,4,ITF,ITF3,15,Campania,Campania,5801692,917987,15.82,0.01
847,2021-05-31,CAM,40729,20665,20064,29850,10313,566,ITF,ITF3,15,Campania,Campania,5801692,958716,16.52,0.7
848,2021-05-17,CAM,49366,21702,27664,23654,25260,452,ITF,ITF3,15,Campania,Campania,5801692,1008082,17.38,0.85
849,2021-02-06,CAM,5341,2666,2675,2006,3239,96,ITF,ITF3,15,Campania,Campania,5801692,1013423,17.47,0.09
850,2021-07-22,CAM,61653,30437,31216,6529,54631,493,ITF,ITF3,15,Campania,Campania,5801692,1075076,18.53,1.06
851,2021-04-30,CAM,42331,20196,22135,25040,16501,790,ITF,ITF3,15,Campania,Campania,5801692,1117407,19.26,0.73
852,2021-02-04,CAM,7943,3429,4514,1249,6635,59,ITF,ITF3,15,Campania,Campania,5801692,1125350,19.4,0.14
853,2021-01-01,CAM,919,506,413,900,0,19,ITF,ITF3,15,Campania,Campania,5801692,1126269,19.41,0.02
854,2021-03-25,CAM,20321,9654,10667,16389,3505,427,ITF,ITF3,15,Campania,Campania,5801692,1146590,19.76,0.35
855,2021-01-23,CAM,3842,2031,1811,267,3569,6,ITF,ITF3,15,Campania,Campania,5801692,1150432,19.83,0.07
856,2021-03-21,CAM,10072,4675,5397,7508,2390,174,ITF,ITF3,15,Campania,Campania,5801692,1160504,20.0,0.17
857,2021-02-10,CAM,6905,3413,3492,6483,177,245,ITF,ITF3,15,Campania,Campania,5801692,1167409,20.12,0.12
858,2021-07-17,CAM,55235,27547,27688,3527,51518,190,ITF,ITF3,15,Campania,Campania,5801692,1222644,21.07,0.95
859,2021-04-08,CAM,28393,13751,14642,21992,5845,556,ITF,ITF3,15,Campania,Campania,5801692,1251037,21.56,0.49
860,2021-06-04,CAM,74497,35809,38688,64788,9064,645,ITF,ITF3,15,Campania,Campania,5801692,1325534,22.85,1.28
861,2021-05-21,CAM,63712,29607,34105,42178,20529,1005,ITF,ITF3,15,Campania,Campania,5801692,1389246,23.95,1.1
862,2021-06-26,CAM,62937,30691,32246,14671,47852,414,ITF,ITF3,15,Campania,Campania,5801692,1452183,25.03,1.08
863,2021-07-13,CAM,53673,25787,27886,4938,48486,249,ITF,ITF3,15,Campania,Campania,5801692,1505856,25.96,0.93
864,2021-04-04,CAM,7966,4017,3949,6701,1047,218,ITF,ITF3,15,Campania,Campania,5801692,1513822,26.09,0.14
865,2021-06-12,CAM,63996,31548,32448,55943,7216,837,ITF,ITF3,15,Campania,Campania,5801692,1577818,27.2,1.1
866,2021-03-04,CAM,14709,5396,9313,8556,5894,259,ITF,ITF3,15,Campania,Campania,5801692,1592527,27.45,0.25
867,2021-05-02,CAM,43496,21541,21955,31286,11360,850,ITF,ITF3,15,Campania,Campania,5801692,1636023,28.2,0.75
868,2021-01-22,CAM,1525,776,749,659,852,14,ITF,ITF3,15,Campania,Campania,5801692,1637548,28.23,0.03
869,2021-03-06,CAM,16371,6815,9556,10411,5669,291,ITF,ITF3,15,Campania,Campania,5801692,1653919,28.51,0.28
870,2021-04-18,CAM,27221,13286,13935,17823,8901,497,ITF,ITF3,15,Campania,Campania,5801692,1681140,28.98,0.47
871,2021-01-08,CAM,10453,4967,5486,10194,0,259,ITF,ITF3,15,Campania,Campania,5801692,1691593,29.16,0.18
872,2021-04-27,CAM,32161,15626,16535,23498,7923,740,ITF,ITF3,15,Campania,Campania,5801692,1723754,29.71,0.55
873,2021-06-23,CAM,46740,22083,24657,10752,35782,206,ITF,ITF3,15,Campania,Campania,5801692,1770494,30.52,0.81
874,2021-01-15,CAM,4979,2381,2598,4823,0,156,ITF,ITF3,15,Campania,Campania,5801692,1775473,30.6,0.09
875,2021-06-21,CAM,46863,22632,24231,11347,35233,283,ITF,ITF3,15,Campania,Campania,5801692,1822336,31.41,0.81
876,2021-03-13,CAM,14518,7038,7480,8989,5282,247,ITF,ITF3,15,Campania,Campania,5801692,1836854,31.66,0.25
877,2021-06-24,CAM,66052,31817,34235,13477,52245,330,ITF,ITF3,15,Campania,Campania,5801692,1902906,32.8,1.14
878,2021-03-16,CAM,8086,3519,4567,3700,4314,72,ITF,ITF3,15,Campania,Campania,5801692,1910992,32.94,0.14
879,2021-01-25,CAM,5746,2927,2819,163,5583,0,ITF,ITF3,15,Campania,Campania,5801692,1916738,33.04,0.1
880,2021-07-01,CAM,61504,29845,31659,19853,41002,649,ITF,ITF3,15,Campania,Campania,5801692,1978242,34.1,1.06
881,2021-03-23,CAM,15743,7446,8297,12923,2513,307,ITF,ITF3,15,Campania,Campania,5801692,1993985,34.37,0.27
882,2021-05-19,CAM,51154,22602,28552,33822,16611,721,ITF,ITF3,15,Campania,Campania,5801692,2045139,35.25,0.88
883,2021-04-20,CAM,32039,15500,16539,20161,11312,566,ITF,ITF3,15,Campania,Campania,5801692,2077178,35.8,0.55
884,2021-06-28,CAM,46520,22740,23780,20589,25407,524,ITF,ITF3,15,Campania,Campania,5801692,2123698,36.6,0.8
885,2021-03-20,CAM,13989,6529,7460,10013,3739,237,ITF,ITF3,15,Campania,Campania,5801692,2137687,36.85,0.24
886,2021-02-15,CAM,5472,2516,2956,5159,175,138,ITF,ITF3,15,Campania,Campania,5801692,2143159,36.94,0.09
887,2021-06-09,CAM,53060,26053,27007,41706,10904,450,ITF,ITF3,15,Campania,Campania,5801692,2196219,37.85,0.91
888,2021-06-02,CAM,42852,20153,22699,37743,4676,433,ITF,ITF3,15,Campania,Campania,5801692,2239071,38.59,0.74
889,2021-02-22,CAM,10683,3295,7388,10195,263,225,ITF,ITF3,15,Campania,Campania,5801692,2249754,38.78,0.18
890,2021-03-11,CAM,18001,9058,8943,10331,7279,391,ITF,ITF3,15,Campania,Campania,5801692,2267755,39.09,0.31
891,2021-05-16,CAM,51148,23227,27921,32867,17575,706,ITF,ITF3,15,Campania,Campania,5801692,2318903,39.97,0.88
892,2021-02-20,CAM,8573,3080,5493,8109,303,161,ITF,ITF3,15,Campania,Campania,5801692,2327476,40.12,0.15
893,2021-02-03,CAM,8903,4003,4900,842,8025,36,ITF,ITF3,15,Campania,Campania,5801692,2336379,40.27,0.15
894,2021-01-20,CAM,1257,650,607,1226,0,31,ITF,ITF3,15,Campania,Campania,5801692,2337636,40.29,0.02
895,2021-04-13,CAM,26609,12686,13923,20577,5534,498,ITF,ITF3,15,Campania,Campania,5801692,2364245,40.75,0.46
896,2021-01-03,CAM,3836,2009,1827,3787,0,49,ITF,ITF3,15,Campania,Campania,5801692,2368081,40.82,0.07
897,2021-03-08,CAM,14687,6846,7841,9503,4777,407,ITF,ITF3,15,Campania,Campania,5801692,2382768,41.07,0.25
898,2021-05-04,CAM,48483,23348,25135,38352,8902,1229,ITF,ITF3,15,Campania,Campania,5801692,2431251,41.91,0.84
899,2021-01-24,CAM,4122,2119,2003,360,3745,17,ITF,ITF3,15,Campania,Campania,5801692,2435373,41.98,0.07
900,2021-05-13,CAM,55445,24827,30618,37864,16012,1569,ITF,ITF3,15,Campania,Campania,5801692,2490818,42.93,0.96
901,2021-07-09,CAM,61449,29752,31697,4366,56792,291,ITF,ITF3,15,Campania,Campania,5801692,2552267,43.99,1.06
902,2021-03-22,CAM,13182,6345,6837,10863,2042,277,ITF,ITF3,15,Campania,Campania,5801692,2565449,44.22,0.23
903,2021-02-07,CAM,2928,1381,1547,2067,771,90,ITF,ITF3,15,Campania,Campania,5801692,2568377,44.27,0.05
904,2021-06-30,CAM,47618,22747,24871,18384,28620,614,ITF,ITF3,15,Campania,Campania,5801692,2615995,45.09,0.82
905,2021-05-07,CAM,59772,29207,30565,42780,15952,1040,ITF,ITF3,15,Campania,Campania,5801692,2675767,46.12,1.03
906,2021-01-27,CAM,7738,3820,3918,157,7576,5,ITF,ITF3,15,Campania,Campania,5801692,2683505,46.25,0.13
907,2021-03-18,CAM,12176,5381,6795,5796,6189,191,ITF,ITF3,15,Campania,Campania,5801692,2695681,46.46,0.21
908,2021-01-31,CAM,8070,3712,4358,22,8047,1,ITF,ITF3,15,Campania,Campania,5801692,2703751,46.6,0.14
909,2021-05-11,CAM,39870,19242,20628,29558,9401,911,ITF,ITF3,15,Campania,Campania,5801692,2743621,47.29,0.69
910,2021-07-11,CAM,40861,19664,21197,1014,39765,82,ITF,ITF3,15,Campania,Campania,5801692,2784482,47.99,0.7
911,2021-05-05,CAM,51171,24856,26315,43283,6386,1502,ITF,ITF3,15,Campania,Campania,5801692,2835653,48.88,0.88
912,2021-05-12,CAM,40896,19951,20945,30594,9162,1140,ITF,ITF3,15,Campania,Campania,5801692,2876549,49.58,0.7
913,2021-07-08,CAM,61093,29402,31691,5662,55127,304,ITF,ITF3,15,Campania,Campania,5801692,2937642,50.63,1.05
914,2021-05-18,CAM,52184,23229,28955,31875,19656,653,ITF,ITF3,15,Campania,Campania,5801692,2989826,51.53,0.9
915,2021-02-05,CAM,7261,3463,3798,2019,5128,114,ITF,ITF3,15,Campania,Campania,5801692,2997087,51.66,0.13
916,2021-07-05,CAM,63289,30508,32781,12747,49871,671,ITF,ITF3,15,Campania,Campania,5801692,3060376,52.75,1.09
917,2021-07-14,CAM,51089,24568,26521,4332,46478,279,ITF,ITF3,15,Campania,Campania,5801692,3111465,53.63,0.88
918,2021-04-05,CAM,11639,5542,6097,8940,2424,275,ITF,ITF3,15,Campania,Campania,5801692,3123104,53.83,0.2
919,2021-03-17,CAM,11589,5100,6489,4859,6581,149,ITF,ITF3,15,Campania,Campania,5801692,3134693,54.03,0.2
920,2021-06-11,CAM,70800,34396,36404,63914,6035,851,ITF,ITF3,15,Campania,Campania,5801692,3205493,55.25,1.22
921,2021-03-03,CAM,13924,5496,8428,7099,6630,195,ITF,ITF3,15,Campania,Campania,5801692,3219417,55.49,0.24
922,2021-01-17,CAM,1155,551,604,682,453,20,ITF,ITF3,15,Campania,Campania,5801692,3220572,55.51,0.02
923,2021-03-15,CAM,13346,6491,6855,8351,4746,249,ITF,ITF3,15,Campania,Campania,5801692,3233918,55.74,0.23
924,2021-07-02,CAM,55864,26992,28872,14437,40944,483,ITF,ITF3,15,Campania,Campania,5801692,3289782,56.7,0.96
925,2021-05-27,CAM,72917,35352,37565,25820,46539,558,ITF,ITF3,15,Campania,Campania,5801692,3362699,57.96,1.26
926,2021-03-01,CAM,12131,4248,7883,7783,4112,236,ITF,ITF3,15,Campania,Campania,5801692,3374830,58.17,0.21
927,2021-05-09,CAM,43203,20285,22918,30970,11097,1136,ITF,ITF3,15,Campania,Campania,5801692,3418033,58.91,0.74
928,2021-01-10,CAM,8165,3736,4429,7963,0,202,ITF,ITF3,15,Campania,Campania,5801692,3426198,59.06,0.14
929,2021-04-03,CAM,21117,10316,10801,18282,2381,454,ITF,ITF3,15,Campania,Campania,5801692,3447315,59.42,0.36
930,2021-02-02,CAM,5724,2805,2919,413,5280,31,ITF,ITF3,15,Campania,Campania,5801692,3453039,59.52,0.1
931,2021-03-31,CAM,23190,11372,11818,19363,3440,387,ITF,ITF3,15,Campania,Campania,5801692,3476229,59.92,0.4
932,2021-07-18,CAM,31333,15760,15573,3847,27156,330,ITF,ITF3,15,Campania,Campania,5801692,3507562,60.46,0.54
933,2021-04-07,CAM,24972,11987,12985,19714,4725,533,ITF,ITF3,15,Campania,Campania,5801692,3532534,60.89,0.43
934,2021-04-29,CAM,41331,20039,21292,24096,16484,751,ITF,ITF3,15,Campania,Campania,5801692,3573865,61.6,0.71
935,2021-01-19,CAM,1095,474,621,1042,3,50,ITF,ITF3,15,Campania,Campania,5801692,3574960,61.62,0.02
936,2021-07-21,CAM,50149,24435,25714,8673,40843,633,ITF,ITF3,15,Campania,Campania,5801692,3625109,62.48,0.86
937,2021-01-21,CAM,2093,1116,977,670,1417,6,ITF,ITF3,15,Campania,Campania,5801692,3627202,62.52,0.04
938,2021-07-07,CAM,52244,24792,27452,7267,44590,387,ITF,ITF3,15,Campania,Campania,5801692,3679446,63.42,0.9
939,2021-03-29,CAM,19405,9578,9827,17471,1547,387,ITF,ITF3,15,Campania,Campania,5801692,3698851,63.75,0.33
940,2021-06-20,CAM,47604,22743,24861,14333,32986,285,ITF,ITF3,15,Campania,Campania,5801692,3746455,64.58,0.82
941,2021-03-27,CAM,21513,10242,11271,17255,3865,393,ITF,ITF3,15,Campania,Campania,5801692,3767968,64.95,0.37
942,2021-06-01,CAM,42104,20892,21212,31386,10499,219,ITF,ITF3,15,Campania,Campania,5801692,3810072,65.67,0.73
943,2021-06-18,CAM,65885,31400,34485,35097,30296,492,ITF,ITF3,15,Campania,Campania,5801692,3875957,66.81,1.14
944,2021-03-10,CAM,15615,7722,7893,8463,6837,315,ITF,ITF3,15,Campania,Campania,5801692,3891572,67.08,0.27
945,2021-05-15,CAM,62659,29041,33618,42157,18714,1788,ITF,ITF3,15,Campania,Campania,5801692,3954231,68.16,1.08
946,2021-02-08,CAM,5113,2449,2664,4164,803,146,ITF,ITF3,15,Campania,Campania,5801692,3959344,68.24,0.09
947,2021-06-25,CAM,65510,31803,33707,13793,51338,379,ITF,ITF3,15,Campania,Campania,5801692,4024854,69.37,1.13
948,2021-05-25,CAM,46504,22384,24120,22545,23411,548,ITF,ITF3,15,Campania,Campania,5801692,4071358,70.18,0.8
949,2021-04-22,CAM,33965,16542,17423,20932,12409,624,ITF,ITF3,15,Campania,Campania,5801692,4105323,70.76,0.59
950,2021-01-12,CAM,5215,2564,2651,5076,0,139,ITF,ITF3,15,Campania,Campania,5801692,4110538,70.85,0.09
951,2021-07-16,CAM,60984,29832,31152,6745,53860,379,ITF,ITF3,15,Campania,Campania,5801692,4171522,71.9,1.05
952,2021-04-02,CAM,21864,10524,11340,19098,2323,443,ITF,ITF3,15,Campania,Campania,5801692,4193386,72.28,0.38
953,2021-02-16,CAM,5440,2412,3028,4495,771,174,ITF,ITF3,15,Campania,Campania,5801692,4198826,72.37,0.09
954,2021-05-22,CAM,67967,32516,35451,45626,21495,846,ITF,ITF3,15,Campania,Campania,5801692,4266793,73.54,1.17
955,2021-03-12,CAM,14574,7410,7164,8198,6084,292,ITF,ITF3,15,Campania,Campania,5801692,4281367,73.8,0.25
956,2021-06-03,CAM,72637,35229,37408,61157,10674,806,ITF,ITF3,15,Campania,Campania,5801692,4354004,75.05,1.25
957,2021-02-01,CAM,3984,1813,2171,102,3874,8,ITF,ITF3,15,Campania,Campania,5801692,4357988,75.12,0.07
958,2021-03-30,CAM,22052,10577,11475,18598,2957,497,ITF,ITF3,15,Campania,Campania,5801692,4380040,75.5,0.38
959,2021-04-17,CAM,36195,17513,18682,23998,11512,685,ITF,ITF3,15,Campania,Campania,5801692,4416235,76.12,0.62
960,2021-06-13,CAM,43430,21244,22186,38100,4730,600,ITF,ITF3,15,Campania,Campania,5801692,4459665,76.87,0.75
961,2021-05-30,CAM,52153,25441,26712,37960,13313,880,ITF,ITF3,15,Campania,Campania,5801692,4511818,77.77,0.9
962,2021-04-14,CAM,27651,13338,14313,18670,8570,411,ITF,ITF3,15,Campania,Campania,5801692,4539469,78.24,0.48
963,2021-05-01,CAM,46349,22662,23687,29342,16106,901,ITF,ITF3,15,Campania,Campania,5801692,4585818,79.04,0.8
964,2021-07-06,CAM,56592,27017,29575,16242,39902,448,ITF,ITF3,15,Campania,Campania,5801692,4642410,80.02,0.98
965,2021-04-12,CAM,23307,10921,12386,19773,3035,499,ITF,ITF3,15,Campania,Campania,5801692,4665717,80.42,0.4
966,2021-01-02,CAM,3673,1963,1710,3615,0,58,ITF,ITF3,15,Campania,Campania,5801692,4669390,80.48,0.06
967,2021-06-17,CAM,60173,28851,31322,32908,26764,501,ITF,ITF3,15,Campania,Campania,5801692,4729563,81.52,1.04
968,2021-07-04,CAM,48818,23764,25054,6327,42309,182,ITF,ITF3,15,Campania,Campania,5801692,4778381,82.36,0.84
969,2021-03-26,CAM,19865,9324,10541,15653,3815,397,ITF,ITF3,15,Campania,Campania,5801692,4798246,82.7,0.34
970,2021-05-06,CAM,57285,27910,29375,41310,14452,1523,ITF,ITF3,15,Campania,Campania,5801692,4855531,83.69,0.99
971,2021-02-28,CAM,10412,3207,7205,8313,1900,199,ITF,ITF3,15,Campania,Campania,5801692,4865943,83.87,0.18
972,2021-02-14,CAM,3929,1923,2006,3845,34,50,ITF,ITF3,15,Campania,Campania,5801692,4869872,83.94,0.07
973,2021-05-23,CAM,58748,28639,30109,37221,20898,629,ITF,ITF3,15,Campania,Campania,5801692,4928620,84.95,1.01
974,2021-02-12,CAM,6531,2861,3670,6092,188,251,ITF,ITF3,15,Campania,Campania,5801692,4935151,85.06,0.11
975,2021-01-29,CAM,10053,4812,5241,43,10006,4,ITF,ITF3,15,Campania,Campania,5801692,4945204,85.24,0.17
976,2021-06-27,CAM,43552,21450,22102,14109,29067,376,ITF,ITF3,15,Campania,Campania,5801692,4988756,85.99,0.75
977,2021-03-19,CAM,11143,4973,6170,7096,3873,174,ITF,ITF3,15,Campania,Campania,5801692,4999899,86.18,0.19
978,2021-03-24,CAM,17922,8369,9553,14625,2958,339,ITF,ITF3,15,Campania,Campania,5801692,5017821,86.49,0.31
979,2021-05-20,CAM,60831,28142,32689,42228,17638,965,ITF,ITF3,15,Campania,Campania,5801692,5078652,87.54,1.05
980,2021-02-09,CAM,4643,2202,2441,4234,252,157,ITF,ITF3,15,Campania,Campania,5801692,5083295,87.62,0.08
981,2021-05-29,CAM,67817,32259,35558,43107,23871,839,ITF,ITF3,15,Campania,Campania,5801692,5151112,88.79,1.17
982,2021-02-23,CAM,11002,3388,7614,10204,526,272,ITF,ITF3,15,Campania,Campania,5801692,5162114,88.98,0.19
983,2021-02-21,CAM,5836,2241,3595,5496,225,115,ITF,ITF3,15,Campania,Campania,5801692,5167950,89.08,0.1
984,2021-02-19,CAM,9572,3560,6012,8714,650,208,ITF,ITF3,15,Campania,Campania,5801692,5177522,89.24,0.16
985,2020-12-31,CAM,1490,811,679,1471,0,19,ITF,ITF3,15,Campania,Campania,5801692,5179012,89.27,0.03
986,2021-06-06,CAM,63228,31446,31782,61927,648,653,ITF,ITF3,15,Campania,Campania,5801692,5242240,90.36,1.09
987,2021-02-26,CAM,13335,4227,9108,11731,1336,268,ITF,ITF3,15,Campania,Campania,5801692,5255575,90.59,0.23
988,2021-04-24,CAM,36364,17528,18836,24362,11248,754,ITF,ITF3,15,Campania,Campania,5801692,5291939,91.21,0.63
989,2021-07-19,CAM,43951,21520,22431,5227,38334,390,ITF,ITF3,15,Campania,Campania,5801692,5335890,91.97,0.76
990,2021-04-10,CAM,28354,13492,14862,22825,4914,615,ITF,ITF3,15,Campania,Campania,5801692,5364244,92.46,0.49
991,2021-01-26,CAM,7341,3726,3615,331,6989,21,ITF,ITF3,15,Campania,Campania,5801692,5371585,92.59,0.13
992,2021-04-19,CAM,30771,14830,15941,18691,11573,507,ITF,ITF3,15,Campania,Campania,5801692,5402356,93.12,0.53
993,2021-01-09,CAM,10566,5024,5542,10305,0,261,ITF,ITF3,15,Campania,Campania,5801692,5412922,93.3,0.18
994,2021-06-10,CAM,75918,36678,39240,68000,7036,882,ITF,ITF3,15,Campania,Campania,5801692,5488840,94.61,1.31
995,2021-05-08,CAM,56432,27143,29289,39151,15831,1450,ITF,ITF3,15,Campania,Campania,5801692,5545272,95.58,0.97
996,2021-01-28,CAM,8833,4122,4711,125,8700,8,ITF,ITF3,15,Campania,Campania,5801692,5554105,95.73,0.15
997,2021-01-07,CAM,8909,4167,4742,8736,0,173,ITF,ITF3,15,Campania,Campania,5801692,5563014,95.89,0.15
998,2021-03-05,CAM,16814,6667,10147,9865,6663,286,ITF,ITF3,15,Campania,Campania,5801692,5579828,96.18,0.29
999,2021-04-21,CAM,30236,14729,15507,17487,12227,522,ITF,ITF3,15,Campania,Campania,5801692,5610064,96.7,0.52
1000,2021-01-14,CAM,7074,2978,4096,6810,0,264,ITF,ITF3,15,Campania,Campania,5801692,5617138,96.82,0.12
1001,2021-04-01,CAM,24679,12009,12670,20081,4133,465,ITF,ITF3,15,Campania,Campania,5801692,5641817,97.24,0.43
1002,2021-05-28,CAM,73052,35312,37740,26284,46154,614,ITF,ITF3,15,Campania,Campania,5801692,5714869,98.5,1.26
1003,2021-05-14,CAM,61043,27586,33457,34849,24713,1481,ITF,ITF3,15,Campania,Campania,5801692,5775912,99.56,1.05
1004,2021-07-10,CAM,66882,32658,34224,2752,63933,197,ITF,ITF3,15,Campania,Campania,5801692,5842794,100.71,1.15
1005,2021-02-24,CAM,11784,4149,7635,10848,688,248,ITF,ITF3,15,Campania,Campania,5801692,5854578,100.91,0.2
1006,2021-01-05,CAM,7237,3637,3600,7076,0,161,ITF,ITF3,15,Campania,Campania,5801692,5861815,101.04,0.12
1007,2021-02-17,CAM,7391,3213,4178,6207,1060,124,ITF,ITF3,15,Campania,Campania,5801692,5869206,101.16,0.13
1008,2021-04-15,CAM,34345,16664,17681,23814,9903,628,ITF,ITF3,15,Campania,Campania,5801692,5903551,101.76,0.59
1009,2021-06-22,CAM,52446,25009,27437,13200,38999,247,ITF,ITF3,15,Campania,Campania,5801692,5955997,102.66,0.9
1010,2021-03-14,CAM,8616,3827,4789,4379,4140,97,ITF,ITF3,15,Campania,Campania,5801692,5964613,102.81,0.15
1011,2021-05-10,CAM,35471,16390,19081,25004,9927,540,ITF,ITF3,15,Campania,Campania,5801692,6000084,103.42,0.61
1012,2021-06-08,CAM,53039,25853,27186,45458,6998,583,ITF,ITF3,15,Campania,Campania,5801692,6053123,104.33,0.91
1013,2021-04-26,CAM,34035,16650,17385,27573,5623,839,ITF,ITF3,15,Campania,Campania,5801692,6087158,104.92,0.59
1014,2021-03-07,CAM,11973,5404,6569,7816,3843,314,ITF,ITF3,15,Campania,Campania,5801692,6099131,105.13,0.21
1015,2021-05-03,CAM,40783,19904,20879,27961,11858,964,ITF,ITF3,15,Campania,Campania,5801692,6139914,105.83,0.7
1016,2021-06-29,CAM,49313,23986,25327,19814,29038,461,ITF,ITF3,15,Campania,Campania,5801692,6189227,106.68,0.85
1017,2021-06-15,CAM,18672,9085,9587,11028,7411,233,ITF,ITF3,15,Campania,Campania,5801692,6207899,107.0,0.32
1018,2021-04-06,UMB,5286,2164,3122,2862,2387,37,ITI,ITI2,10,Umbria,Umbria,882015,5286,0.6,0.6
1019,2021-03-28,UMB,1095,441,654,1040,24,31,ITI,ITI2,10,Umbria,Umbria,882015,6381,0.72,0.12
1020,2021-01-30,UMB,1575,486,1089,44,1531,0,ITI,ITI2,10,Umbria,Umbria,882015,7956,0.9,0.18
1021,2021-07-15,UMB,10548,5168,5380,607,9889,52,ITI,ITI2,10,Umbria,Umbria,882015,18504,2.1,1.2
1022,2021-02-13,UMB,114,27,87,111,3,0,ITI,ITI2,10,Umbria,Umbria,882015,18618,2.11,0.01
1023,2021-05-24,UMB,9055,4509,4546,8009,879,167,ITI,ITI2,10,Umbria,Umbria,882015,27673,3.14,1.03
1024,2021-04-18,UMB,1531,681,850,578,930,23,ITI,ITI2,10,Umbria,Umbria,882015,29204,3.31,0.17
1025,2021-01-11,UMB,1303,341,962,1303,0,0,ITI,ITI2,10,Umbria,Umbria,882015,30507,3.46,0.15
1026,2021-05-05,UMB,7219,3305,3914,3834,3304,81,ITI,ITI2,10,Umbria,Umbria,882015,37726,4.28,0.82
1027,2021-01-25,UMB,648,323,325,5,643,0,ITI,ITI2,10,Umbria,Umbria,882015,38374,4.35,0.07
1028,2021-03-23,UMB,3824,1713,2111,2158,1629,37,ITI,ITI2,10,Umbria,Umbria,882015,42198,4.78,0.43
1029,2021-07-01,UMB,9676,4789,4887,3359,6275,42,ITI,ITI2,10,Umbria,Umbria,882015,51874,5.88,1.1
1030,2021-02-08,UMB,635,203,432,88,547,0,ITI,ITI2,10,Umbria,Umbria,882015,52509,5.95,0.07
1031,2021-05-19,UMB,9418,4215,5203,5590,3743,85,ITI,ITI2,10,Umbria,Umbria,882015,61927,7.02,1.07
1032,2021-02-06,UMB,396,138,258,34,362,0,ITI,ITI2,10,Umbria,Umbria,882015,62323,7.07,0.04
1033,2021-07-03,UMB,6466,3242,3224,2922,3489,55,ITI,ITI2,10,Umbria,Umbria,882015,68789,7.8,0.73
1034,2021-07-20,UMB,8249,4103,4146,1146,7069,34,ITI,ITI2,10,Umbria,Umbria,882015,77038,8.73,0.94
1035,2021-07-22,UMB,9720,4727,4993,1646,8027,47,ITI,ITI2,10,Umbria,Umbria,882015,86758,9.84,1.1
1036,2021-06-02,UMB,3916,1883,2033,3874,42,0,ITI,ITI2,10,Umbria,Umbria,882015,90674,10.28,0.44
1037,2021-02-20,UMB,283,101,182,259,24,0,ITI,ITI2,10,Umbria,Umbria,882015,90957,10.31,0.03
1038,2021-03-09,UMB,4088,2000,2088,2791,1288,9,ITI,ITI2,10,Umbria,Umbria,882015,95045,10.78,0.46
1039,2021-04-23,UMB,6613,2785,3828,3298,3120,195,ITI,ITI2,10,Umbria,Umbria,882015,101658,11.53,0.75
1040,2021-02-25,UMB,1332,495,837,1272,52,8,ITI,ITI2,10,Umbria,Umbria,882015,102990,11.68,0.15
1041,2021-03-11,UMB,3582,1722,1860,2564,1006,12,ITI,ITI2,10,Umbria,Umbria,882015,106572,12.08,0.41
1042,2021-01-13,UMB,449,139,310,449,0,0,ITI,ITI2,10,Umbria,Umbria,882015,107021,12.13,0.05
1043,2021-06-19,UMB,4568,2199,2369,2538,2030,0,ITI,ITI2,10,Umbria,Umbria,882015,111589,12.65,0.52
1044,2021-01-06,UMB,846,325,521,846,0,0,ITI,ITI2,10,Umbria,Umbria,882015,112435,12.75,0.1
1045,2021-06-12,UMB,7709,3683,4026,6127,1578,4,ITI,ITI2,10,Umbria,Umbria,882015,120144,13.62,0.87
1046,2021-04-16,UMB,8096,3740,4356,6080,1838,178,ITI,ITI2,10,Umbria,Umbria,882015,128240,14.54,0.92
1047,2021-04-30,UMB,6252,2971,3281,2734,3397,121,ITI,ITI2,10,Umbria,Umbria,882015,134492,15.25,0.71
1048,2021-03-04,UMB,4484,1855,2629,3643,827,14,ITI,ITI2,10,Umbria,Umbria,882015,138976,15.76,0.51
1049,2021-01-20,UMB,602,221,381,602,0,0,ITI,ITI2,10,Umbria,Umbria,882015,139578,15.82,0.07
1050,2021-05-07,UMB,10102,4701,5401,6708,3192,202,ITI,ITI2,10,Umbria,Umbria,882015,149680,16.97,1.15
1051,2021-07-08,UMB,9488,4596,4892,171,9272,45,ITI,ITI2,10,Umbria,Umbria,882015,159168,18.05,1.08
1052,2021-05-12,UMB,6488,3025,3463,4194,2146,148,ITI,ITI2,10,Umbria,Umbria,882015,165656,18.78,0.74
1053,2021-03-30,UMB,3976,1729,2247,2400,1540,36,ITI,ITI2,10,Umbria,Umbria,882015,169632,19.23,0.45
1054,2020-12-27,UMB,84,44,40,84,0,0,ITI,ITI2,10,Umbria,Umbria,882015,169716,19.24,0.01
1055,2021-02-22,UMB,1889,807,1082,1803,86,0,ITI,ITI2,10,Umbria,Umbria,882015,171605,19.46,0.21
1056,2021-05-26,UMB,9648,4565,5083,8204,1250,194,ITI,ITI2,10,Umbria,Umbria,882015,181253,20.55,1.09
1057,2021-05-28,UMB,9589,4437,5152,7111,2296,182,ITI,ITI2,10,Umbria,Umbria,882015,190842,21.64,1.09
1058,2021-04-15,UMB,7646,3498,4148,5689,1887,70,ITI,ITI2,10,Umbria,Umbria,882015,198488,22.5,0.87
1059,2021-04-04,UMB,57,20,37,22,35,0,ITI,ITI2,10,Umbria,Umbria,882015,198545,22.51,0.01
1060,2021-06-07,UMB,6943,3426,3517,6246,695,2,ITI,ITI2,10,Umbria,Umbria,882015,205488,23.3,0.79
1061,2021-03-16,UMB,3538,1454,2084,1909,1627,2,ITI,ITI2,10,Umbria,Umbria,882015,209026,23.7,0.4
1062,2021-02-27,UMB,1658,354,1304,1642,16,0,ITI,ITI2,10,Umbria,Umbria,882015,210684,23.89,0.19
1063,2021-04-03,UMB,2097,712,1385,1034,1052,11,ITI,ITI2,10,Umbria,Umbria,882015,212781,24.12,0.24
1064,2021-07-12,UMB,4568,2195,2373,107,4452,9,ITI,ITI2,10,Umbria,Umbria,882015,217349,24.64,0.52
1065,2021-01-01,UMB,273,104,169,273,0,0,ITI,ITI2,10,Umbria,Umbria,882015,217622,24.67,0.03
1066,2021-04-11,UMB,3098,1504,1594,3032,49,17,ITI,ITI2,10,Umbria,Umbria,882015,220720,25.02,0.35
1067,2021-01-18,UMB,613,218,395,529,84,0,ITI,ITI2,10,Umbria,Umbria,882015,221333,25.09,0.07
1068,2021-05-30,UMB,5982,2999,2983,5664,202,116,ITI,ITI2,10,Umbria,Umbria,882015,227315,25.77,0.68
1069,2021-03-08,UMB,3696,1822,1874,2323,1361,12,ITI,ITI2,10,Umbria,Umbria,882015,231011,26.19,0.42
1070,2021-05-31,UMB,5810,2843,2967,4848,884,78,ITI,ITI2,10,Umbria,Umbria,882015,236821,26.85,0.66
1071,2021-05-14,UMB,5328,2510,2818,3353,1817,158,ITI,ITI2,10,Umbria,Umbria,882015,242149,27.45,0.6
1072,2021-02-01,UMB,1284,341,943,48,1236,0,ITI,ITI2,10,Umbria,Umbria,882015,243433,27.6,0.15
1073,2021-02-18,UMB,1496,582,914,1029,466,1,ITI,ITI2,10,Umbria,Umbria,882015,244929,27.77,0.17
1074,2021-06-30,UMB,10473,5295,5178,3767,6704,2,ITI,ITI2,10,Umbria,Umbria,882015,255402,28.96,1.19
1075,2021-07-07,UMB,9402,4450,4952,86,9290,26,ITI,ITI2,10,Umbria,Umbria,882015,264804,30.02,1.07
1076,2021-03-18,UMB,2965,1171,1794,1699,1262,4,ITI,ITI2,10,Umbria,Umbria,882015,267769,30.36,0.34
1077,2021-06-26,UMB,9311,4728,4583,5690,3621,0,ITI,ITI2,10,Umbria,Umbria,882015,277080,31.41,1.06
1078,2021-07-10,UMB,7679,3808,3871,71,7600,8,ITI,ITI2,10,Umbria,Umbria,882015,284759,32.29,0.87
1079,2021-04-20,UMB,5450,2364,3086,3430,1947,73,ITI,ITI2,10,Umbria,Umbria,882015,290209,32.9,0.62
1080,2021-06-11,UMB,6910,3468,3442,6143,767,0,ITI,ITI2,10,Umbria,Umbria,882015,297119,33.69,0.78
1081,2021-04-08,UMB,5864,2509,3355,4007,1789,68,ITI,ITI2,10,Umbria,Umbria,882015,302983,34.35,0.66
1082,2021-07-17,UMB,7649,3849,3800,1367,6216,66,ITI,ITI2,10,Umbria,Umbria,882015,310632,35.22,0.87
1083,2021-06-04,UMB,8911,4404,4507,7707,1198,6,ITI,ITI2,10,Umbria,Umbria,882015,319543,36.23,1.01
1084,2021-02-17,UMB,1618,748,870,1266,351,1,ITI,ITI2,10,Umbria,Umbria,882015,321161,36.41,0.18
1085,2021-04-13,UMB,7677,3398,4279,5920,1668,89,ITI,ITI2,10,Umbria,Umbria,882015,328838,37.28,0.87
1086,2021-02-15,UMB,1367,692,675,1364,1,2,ITI,ITI2,10,Umbria,Umbria,882015,330205,37.44,0.15
1087,2021-01-03,UMB,270,112,158,270,0,0,ITI,ITI2,10,Umbria,Umbria,882015,330475,37.47,0.03
1088,2021-06-14,UMB,5379,2745,2634,3368,2010,1,ITI,ITI2,10,Umbria,Umbria,882015,335854,38.08,0.61
1089,2021-01-08,UMB,1187,344,843,1187,0,0,ITI,ITI2,10,Umbria,Umbria,882015,337041,38.21,0.13
1090,2021-05-23,UMB,5068,1854,3214,635,4416,17,ITI,ITI2,10,Umbria,Umbria,882015,342109,38.79,0.57
1091,2021-06-16,UMB,6316,3093,3223,3222,3093,1,ITI,ITI2,10,Umbria,Umbria,882015,348425,39.5,0.72
1092,2021-03-25,UMB,3929,1724,2205,2821,1063,45,ITI,ITI2,10,Umbria,Umbria,882015,352354,39.95,0.45
1093,2021-03-27,UMB,4251,1513,2738,3855,340,56,ITI,ITI2,10,Umbria,Umbria,882015,356605,40.43,0.48
1094,2021-05-16,UMB,5218,2492,2726,5087,49,82,ITI,ITI2,10,Umbria,Umbria,882015,361823,41.02,0.59
1095,2021-07-19,UMB,7603,3797,3806,1544,6013,46,ITI,ITI2,10,Umbria,Umbria,882015,369426,41.88,0.86
1096,2021-04-27,UMB,5665,2401,3264,3054,2578,33,ITI,ITI2,10,Umbria,Umbria,882015,375091,42.53,0.64
1097,2021-02-03,UMB,724,174,550,67,657,0,ITI,ITI2,10,Umbria,Umbria,882015,375815,42.61,0.08
1098,2021-06-13,UMB,6763,3556,3207,6532,230,1,ITI,ITI2,10,Umbria,Umbria,882015,382578,43.38,0.77
1099,2021-05-01,UMB,5370,2638,2732,2096,3230,44,ITI,ITI2,10,Umbria,Umbria,882015,387948,43.98,0.61
1100,2021-03-05,UMB,4618,1402,3216,3947,656,15,ITI,ITI2,10,Umbria,Umbria,882015,392566,44.51,0.52
1101,2021-03-03,UMB,4431,1770,2661,3718,710,3,ITI,ITI2,10,Umbria,Umbria,882015,396997,45.01,0.5
1102,2021-04-22,UMB,5449,2249,3200,2701,2667,81,ITI,ITI2,10,Umbria,Umbria,882015,402446,45.63,0.62
1103,2021-04-17,UMB,6677,3069,3608,5172,1340,165,ITI,ITI2,10,Umbria,Umbria,882015,409123,46.39,0.76
1104,2021-01-05,UMB,854,429,425,854,0,0,ITI,ITI2,10,Umbria,Umbria,882015,409977,46.48,0.1
1105,2021-01-27,UMB,840,330,510,13,827,0,ITI,ITI2,10,Umbria,Umbria,882015,410817,46.58,0.1
1106,2021-01-10,UMB,1065,274,791,1065,0,0,ITI,ITI2,10,Umbria,Umbria,882015,411882,46.7,0.12
1107,2021-05-21,UMB,8972,3669,5303,4058,4829,85,ITI,ITI2,10,Umbria,Umbria,882015,420854,47.72,1.02
1108,2021-05-04,UMB,5538,2544,2994,2353,3125,60,ITI,ITI2,10,Umbria,Umbria,882015,426392,48.34,0.63
1109,2021-04-01,UMB,4372,1837,2535,2327,2009,36,ITI,ITI2,10,Umbria,Umbria,882015,430764,48.84,0.5
1110,2021-03-01,UMB,1504,774,730,1384,114,6,ITI,ITI2,10,Umbria,Umbria,882015,432268,49.01,0.17
1111,2021-06-09,UMB,8063,3908,4155,7338,722,3,ITI,ITI2,10,Umbria,Umbria,882015,440331,49.92,0.91
1112,2021-06-23,UMB,11199,5720,5479,7796,3403,0,ITI,ITI2,10,Umbria,Umbria,882015,451530,51.19,1.27
1113,2021-03-15,UMB,4594,1938,2656,2825,1766,3,ITI,ITI2,10,Umbria,Umbria,882015,456124,51.71,0.52
1114,2021-02-10,UMB,714,348,366,699,15,0,ITI,ITI2,10,Umbria,Umbria,882015,456838,51.79,0.08
1115,2021-06-06,UMB,7608,3904,3704,6913,693,2,ITI,ITI2,10,Umbria,Umbria,882015,464446,52.66,0.86
1116,2021-02-24,UMB,1518,563,955,1503,15,0,ITI,ITI2,10,Umbria,Umbria,882015,465964,52.83,0.17
1117,2021-07-06,UMB,8590,4092,4498,152,8417,21,ITI,ITI2,10,Umbria,Umbria,882015,474554,53.8,0.97
1118,2021-05-10,UMB,5980,2795,3185,3763,2148,69,ITI,ITI2,10,Umbria,Umbria,882015,480534,54.48,0.68
1119,2021-04-25,UMB,4357,1684,2673,3866,82,409,ITI,ITI2,10,Umbria,Umbria,882015,484891,54.98,0.49
1120,2021-06-21,UMB,7499,3931,3568,5161,2337,1,ITI,ITI2,10,Umbria,Umbria,882015,492390,55.83,0.85
1121,2021-06-18,UMB,4762,2348,2414,1605,3156,1,ITI,ITI2,10,Umbria,Umbria,882015,497152,56.37,0.54
1122,2021-07-05,UMB,8404,4073,4331,161,8236,7,ITI,ITI2,10,Umbria,Umbria,882015,505556,57.32,0.95
1123,2021-05-13,UMB,5914,2658,3256,3703,2083,128,ITI,ITI2,10,Umbria,Umbria,882015,511470,57.99,0.67
1124,2021-02-19,UMB,743,293,450,525,217,1,ITI,ITI2,10,Umbria,Umbria,882015,512213,58.07,0.08
1125,2021-02-05,UMB,780,234,546,18,762,0,ITI,ITI2,10,Umbria,Umbria,882015,512993,58.16,0.09
1126,2021-07-21,UMB,9416,4565,4851,1082,8290,44,ITI,ITI2,10,Umbria,Umbria,882015,522409,59.23,1.07
1127,2021-07-04,UMB,3407,1740,1667,2409,968,30,ITI,ITI2,10,Umbria,Umbria,882015,525816,59.62,0.39
1128,2021-04-12,UMB,7084,3081,4003,5310,1717,57,ITI,ITI2,10,Umbria,Umbria,882015,532900,60.42,0.8
1129,2021-01-19,UMB,102,23,79,102,0,0,ITI,ITI2,10,Umbria,Umbria,882015,533002,60.43,0.01
1130,2021-04-29,UMB,5216,2250,2966,2808,2320,88,ITI,ITI2,10,Umbria,Umbria,882015,538218,61.02,0.59
1131,2021-03-24,UMB,4104,1792,2312,2744,1323,37,ITI,ITI2,10,Umbria,Umbria,882015,542322,61.49,0.47
1132,2021-01-24,UMB,258,106,152,1,257,0,ITI,ITI2,10,Umbria,Umbria,882015,542580,61.52,0.03
1133,2021-06-08,UMB,7377,3641,3736,6826,546,5,ITI,ITI2,10,Umbria,Umbria,882015,549957,62.35,0.84
1134,2021-06-20,UMB,6213,3001,3212,1589,4624,0,ITI,ITI2,10,Umbria,Umbria,882015,556170,63.06,0.7
1135,2021-04-24,UMB,4561,1961,2600,3276,1182,103,ITI,ITI2,10,Umbria,Umbria,882015,560731,63.57,0.52
1136,2021-01-12,UMB,834,247,587,834,0,0,ITI,ITI2,10,Umbria,Umbria,882015,561565,63.67,0.09
1137,2021-03-14,UMB,66,48,18,66,0,0,ITI,ITI2,10,Umbria,Umbria,882015,561631,63.68,0.01
1138,2021-06-22,UMB,8035,4080,3955,5244,2789,2,ITI,ITI2,10,Umbria,Umbria,882015,569666,64.59,0.91
1139,2021-03-17,UMB,3329,1313,2016,1855,1472,2,ITI,ITI2,10,Umbria,Umbria,882015,572995,64.96,0.38
1140,2021-01-07,UMB,1300,387,913,1300,0,0,ITI,ITI2,10,Umbria,Umbria,882015,574295,65.11,0.15
1141,2021-06-25,UMB,10159,5283,4876,5385,4770,4,ITI,ITI2,10,Umbria,Umbria,882015,584454,66.26,1.15
1142,2021-01-26,UMB,815,389,426,17,798,0,ITI,ITI2,10,Umbria,Umbria,882015,585269,66.36,0.09
1143,2021-05-08,UMB,8130,3739,4391,4796,3226,108,ITI,ITI2,10,Umbria,Umbria,882015,593399,67.28,0.92
1144,2021-01-28,UMB,1248,394,854,19,1229,0,ITI,ITI2,10,Umbria,Umbria,882015,594647,67.42,0.14
1145,2021-05-03,UMB,5086,2270,2816,2098,2887,101,ITI,ITI2,10,Umbria,Umbria,882015,599733,68.0,0.58
1146,2021-01-23,UMB,280,100,180,2,278,0,ITI,ITI2,10,Umbria,Umbria,882015,600013,68.03,0.03
1147,2021-01-21,UMB,608,202,406,338,269,1,ITI,ITI2,10,Umbria,Umbria,882015,600621,68.1,0.07
1148,2021-06-01,UMB,4381,2089,2292,4226,155,0,ITI,ITI2,10,Umbria,Umbria,882015,605002,68.59,0.5
1149,2021-03-10,UMB,4031,1943,2088,2760,1256,15,ITI,ITI2,10,Umbria,Umbria,882015,609033,69.05,0.46
1150,2021-01-16,UMB,217,71,146,216,0,1,ITI,ITI2,10,Umbria,Umbria,882015,609250,69.07,0.02
1151,2021-07-02,UMB,8736,4321,4415,3047,5599,90,ITI,ITI2,10,Umbria,Umbria,882015,617986,70.07,0.99
1152,2021-04-10,UMB,7391,3478,3913,7175,84,132,ITI,ITI2,10,Umbria,Umbria,882015,625377,70.9,0.84
1153,2021-01-17,UMB,54,17,37,54,0,0,ITI,ITI2,10,Umbria,Umbria,882015,625431,70.91,0.01
1154,2020-12-31,UMB,322,127,195,322,0,0,ITI,ITI2,10,Umbria,Umbria,882015,625753,70.95,0.04
1155,2021-06-15,UMB,5967,3007,2960,3899,2067,1,ITI,ITI2,10,Umbria,Umbria,882015,631720,71.62,0.68
1156,2021-03-06,UMB,4303,1146,3157,4133,138,32,ITI,ITI2,10,Umbria,Umbria,882015,636023,72.11,0.49
1157,2021-01-22,UMB,276,105,171,32,244,0,ITI,ITI2,10,Umbria,Umbria,882015,636299,72.14,0.03
1158,2021-06-28,UMB,9709,4796,4913,3784,5925,0,ITI,ITI2,10,Umbria,Umbria,882015,646008,73.24,1.1
1159,2021-05-02,UMB,3780,1866,1914,1298,2454,28,ITI,ITI2,10,Umbria,Umbria,882015,649788,73.67,0.43
1160,2021-03-20,UMB,2319,845,1474,2290,25,4,ITI,ITI2,10,Umbria,Umbria,882015,652107,73.93,0.26
1161,2021-06-27,UMB,7454,3728,3726,1769,5685,0,ITI,ITI2,10,Umbria,Umbria,882015,659561,74.78,0.85
1162,2021-03-12,UMB,2694,1081,1613,2191,495,8,ITI,ITI2,10,Umbria,Umbria,882015,662255,75.08,0.31
1163,2021-03-21,UMB,675,338,337,672,0,3,ITI,ITI2,10,Umbria,Umbria,882015,662930,75.16,0.08
1164,2021-06-29,UMB,9871,5027,4844,4190,5681,0,ITI,ITI2,10,Umbria,Umbria,882015,672801,76.28,1.12
1165,2021-05-17,UMB,6371,3062,3309,4142,2177,52,ITI,ITI2,10,Umbria,Umbria,882015,679172,77.0,0.72
1166,2021-01-14,UMB,722,192,530,722,0,0,ITI,ITI2,10,Umbria,Umbria,882015,679894,77.08,0.08
1167,2021-06-17,UMB,6968,3542,3426,4878,2079,11,ITI,ITI2,10,Umbria,Umbria,882015,686862,77.87,0.79
1168,2021-03-26,UMB,4589,1712,2877,4346,172,71,ITI,ITI2,10,Umbria,Umbria,882015,691451,78.39,0.52
1169,2021-01-02,UMB,304,111,193,304,0,0,ITI,ITI2,10,Umbria,Umbria,882015,691755,78.43,0.03
1170,2021-03-07,UMB,845,180,665,837,7,1,ITI,ITI2,10,Umbria,Umbria,882015,692600,78.52,0.1
1171,2021-03-13,UMB,1735,524,1211,1486,249,0,ITI,ITI2,10,Umbria,Umbria,882015,694335,78.72,0.2
1172,2021-01-15,UMB,695,213,482,695,0,0,ITI,ITI2,10,Umbria,Umbria,882015,695030,78.8,0.08
1173,2021-01-29,UMB,1230,348,882,79,1151,0,ITI,ITI2,10,Umbria,Umbria,882015,696260,78.94,0.14
1174,2021-05-09,UMB,5754,2753,3001,5242,391,121,ITI,ITI2,10,Umbria,Umbria,882015,702014,79.59,0.65
1175,2021-07-09,UMB,9475,4583,4892,117,9344,14,ITI,ITI2,10,Umbria,Umbria,882015,711489,80.67,1.07
1176,2021-02-02,UMB,942,272,670,32,910,0,ITI,ITI2,10,Umbria,Umbria,882015,712431,80.77,0.11
1177,2021-04-26,UMB,5394,2340,3054,3103,2251,40,ITI,ITI2,10,Umbria,Umbria,882015,717825,81.38,0.61
1178,2021-04-09,UMB,6732,3126,3606,6406,209,117,ITI,ITI2,10,Umbria,Umbria,882015,724557,82.15,0.76
1179,2021-02-11,UMB,839,348,491,834,5,0,ITI,ITI2,10,Umbria,Umbria,882015,725396,82.24,0.1
1180,2021-05-22,UMB,6966,2754,4212,2595,4324,47,ITI,ITI2,10,Umbria,Umbria,882015,732362,83.03,0.79
1181,2021-02-12,UMB,670,224,446,664,6,0,ITI,ITI2,10,Umbria,Umbria,882015,733032,83.11,0.08
1182,2021-02-26,UMB,660,253,407,650,8,2,ITI,ITI2,10,Umbria,Umbria,882015,733692,83.18,0.07
1183,2021-05-06,UMB,9456,4315,5141,6020,3314,122,ITI,ITI2,10,Umbria,Umbria,882015,743148,84.26,1.07
1184,2021-03-19,UMB,1741,565,1176,1080,656,5,ITI,ITI2,10,Umbria,Umbria,882015,744889,84.45,0.2
1185,2021-05-29,UMB,7855,3610,4245,6175,1566,114,ITI,ITI2,10,Umbria,Umbria,882015,752744,85.34,0.89
1186,2021-07-16,UMB,9609,4893,4716,699,8871,39,ITI,ITI2,10,Umbria,Umbria,882015,762353,86.43,1.09
1187,2021-05-20,UMB,9834,4587,5247,6101,3650,83,ITI,ITI2,10,Umbria,Umbria,882015,772187,87.55,1.11
1188,2021-04-28,UMB,5383,2327,3056,2942,2396,45,ITI,ITI2,10,Umbria,Umbria,882015,777570,88.16,0.61
1189,2021-02-04,UMB,733,226,507,25,708,0,ITI,ITI2,10,Umbria,Umbria,882015,778303,88.24,0.08
1190,2021-05-15,UMB,4991,1883,3108,1764,3164,63,ITI,ITI2,10,Umbria,Umbria,882015,783294,88.81,0.57
1191,2021-07-11,UMB,5864,2956,2908,83,5780,1,ITI,ITI2,10,Umbria,Umbria,882015,789158,89.47,0.66
1192,2021-04-02,UMB,4343,1778,2565,3545,755,43,ITI,ITI2,10,Umbria,Umbria,882015,793501,89.96,0.49
1193,2021-01-09,UMB,1717,495,1222,1717,0,0,ITI,ITI2,10,Umbria,Umbria,882015,795218,90.16,0.19
1194,2021-04-19,UMB,5034,2227,2807,2931,2048,55,ITI,ITI2,10,Umbria,Umbria,882015,800252,90.73,0.57
1195,2021-06-10,UMB,7461,3719,3742,6686,772,3,ITI,ITI2,10,Umbria,Umbria,882015,807713,91.58,0.85
1196,2021-07-13,UMB,4220,2002,2218,81,4133,6,ITI,ITI2,10,Umbria,Umbria,882015,811933,92.05,0.48
1197,2021-04-21,UMB,5322,2317,3005,3056,2227,39,ITI,ITI2,10,Umbria,Umbria,882015,817255,92.66,0.6
1198,2021-03-31,UMB,3897,1728,2169,2179,1686,32,ITI,ITI2,10,Umbria,Umbria,882015,821152,93.1,0.44
1199,2021-02-16,UMB,1308,655,653,1299,9,0,ITI,ITI2,10,Umbria,Umbria,882015,822460,93.25,0.15
1200,2021-05-27,UMB,9970,4864,5106,8474,1318,178,ITI,ITI2,10,Umbria,Umbria,882015,832430,94.38,1.13
1201,2021-01-04,UMB,809,398,411,809,0,0,ITI,ITI2,10,Umbria,Umbria,882015,833239,94.47,0.09
1202,2021-04-14,UMB,8152,3679,4473,6096,1979,77,ITI,ITI2,10,Umbria,Umbria,882015,841391,95.39,0.92
1203,2021-06-03,UMB,9039,4469,4570,8751,288,0,ITI,ITI2,10,Umbria,Umbria,882015,850430,96.42,1.02
1204,2021-04-07,UMB,5571,2291,3280,3481,2005,85,ITI,ITI2,10,Umbria,Umbria,882015,856001,97.05,0.63
1205,2021-03-02,UMB,3641,1346,2295,3634,4,3,ITI,ITI2,10,Umbria,Umbria,882015,859642,97.46,0.41
1206,2021-06-24,UMB,10140,5113,5027,6140,4000,0,ITI,ITI2,10,Umbria,Umbria,882015,869782,98.61,1.15
1207,2021-02-23,UMB,1691,657,1034,1649,42,0,ITI,ITI2,10,Umbria,Umbria,882015,871473,98.8,0.19
1208,2021-05-11,UMB,6236,2835,3401,3903,2193,140,ITI,ITI2,10,Umbria,Umbria,882015,877709,99.51,0.71
1209,2021-03-29,UMB,3630,1600,2030,2152,1420,58,ITI,ITI2,10,Umbria,Umbria,882015,881339,99.92,0.41
1210,2021-01-31,UMB,1058,276,782,25,1033,0,ITI,ITI2,10,Umbria,Umbria,882015,882397,100.04,0.12
1211,2021-05-25,UMB,8815,4301,4514,7584,1063,168,ITI,ITI2,10,Umbria,Umbria,882015,891212,101.04,1.0
1212,2021-05-18,UMB,7744,3355,4389,3825,3837,82,ITI,ITI2,10,Umbria,Umbria,882015,898956,101.92,0.88
1213,2021-03-22,UMB,3561,1656,1905,2305,1246,10,ITI,ITI2,10,Umbria,Umbria,882015,902517,102.32,0.4
1214,2021-04-05,UMB,4248,1728,2520,2181,2055,12,ITI,ITI2,10,Umbria,Umbria,882015,906765,102.81,0.48
1215,2021-02-07,UMB,54,17,37,1,53,0,ITI,ITI2,10,Umbria,Umbria,882015,906819,102.81,0.01
1216,2021-07-14,UMB,6192,3005,3187,1751,4257,184,ITI,ITI2,10,Umbria,Umbria,882015,913011,103.51,0.7
1217,2021-07-18,UMB,7852,4063,3789,296,7552,4,ITI,ITI2,10,Umbria,Umbria,882015,920863,104.4,0.89
1218,2021-06-05,UMB,8222,3775,4447,5564,2654,4,ITI,ITI2,10,Umbria,Umbria,882015,929085,105.34,0.93
1219,2021-05-20,MAR,12681,5960,6721,7534,4896,251,ITI,ITI3,11,Marche,Marche,1525271,12681,0.83,0.83
1220,2021-02-07,MAR,1871,735,1136,332,1527,12,ITI,ITI3,11,Marche,Marche,1525271,14552,0.95,0.12
1221,2021-05-15,MAR,14114,6438,7676,7831,6038,245,ITI,ITI3,11,Marche,Marche,1525271,28666,1.88,0.93
1222,2021-02-19,MAR,2002,739,1263,1826,135,41,ITI,ITI3,11,Marche,Marche,1525271,30668,2.01,0.13
1223,2021-05-27,MAR,13733,6817,6916,9180,4302,251,ITI,ITI3,11,Marche,Marche,1525271,44401,2.91,0.9
1224,2021-03-31,MAR,7374,3086,4288,4268,3023,83,ITI,ITI3,11,Marche,Marche,1525271,51775,3.39,0.48
1225,2021-07-09,MAR,14894,7497,7397,2556,12124,214,ITI,ITI3,11,Marche,Marche,1525271,66669,4.37,0.98
1226,2021-01-26,MAR,2021,747,1274,80,1932,9,ITI,ITI3,11,Marche,Marche,1525271,68690,4.5,0.13
1227,2021-07-11,MAR,10398,5220,5178,1606,8656,136,ITI,ITI3,11,Marche,Marche,1525271,79088,5.19,0.68
1228,2021-04-19,MAR,9603,4498,5105,7902,1581,120,ITI,ITI3,11,Marche,Marche,1525271,88691,5.81,0.63
1229,2021-04-05,MAR,5702,2367,3335,4357,1269,76,ITI,ITI3,11,Marche,Marche,1525271,94393,6.19,0.37
1230,2021-06-27,MAR,9950,4820,5130,4487,5292,171,ITI,ITI3,11,Marche,Marche,1525271,104343,6.84,0.65
1231,2021-03-19,MAR,3881,1621,2260,325,3544,12,ITI,ITI3,11,Marche,Marche,1525271,108224,7.1,0.25
1232,2021-03-17,MAR,3476,1525,1951,105,3369,2,ITI,ITI3,11,Marche,Marche,1525271,111700,7.32,0.23
1233,2021-06-15,MAR,13191,6566,6625,9822,3052,317,ITI,ITI3,11,Marche,Marche,1525271,124891,8.19,0.86
1234,2021-01-12,MAR,1231,417,814,1218,0,13,ITI,ITI3,11,Marche,Marche,1525271,126122,8.27,0.08
1235,2021-06-22,MAR,13218,6482,6736,6474,6461,283,ITI,ITI3,11,Marche,Marche,1525271,139340,9.14,0.87
1236,2021-04-26,MAR,9170,4062,5108,6023,3022,125,ITI,ITI3,11,Marche,Marche,1525271,148510,9.74,0.6
1237,2021-03-24,MAR,7081,3009,4072,3297,3716,68,ITI,ITI3,11,Marche,Marche,1525271,155591,10.2,0.46
1238,2021-06-01,MAR,12057,6158,5899,9683,2090,284,ITI,ITI3,11,Marche,Marche,1525271,167648,10.99,0.79
1239,2021-03-10,MAR,5710,2440,3270,4480,1178,52,ITI,ITI3,11,Marche,Marche,1525271,173358,11.37,0.37
1240,2021-02-21,MAR,376,141,235,363,1,12,ITI,ITI3,11,Marche,Marche,1525271,173734,11.39,0.02
1241,2021-07-18,MAR,12124,6310,5814,1336,10670,118,ITI,ITI3,11,Marche,Marche,1525271,185858,12.19,0.79
1242,2021-01-31,MAR,1920,771,1149,97,1819,4,ITI,ITI3,11,Marche,Marche,1525271,187778,12.31,0.13
1243,2021-04-07,MAR,8179,3616,4563,7717,347,115,ITI,ITI3,11,Marche,Marche,1525271,195957,12.85,0.54
1244,2021-02-09,MAR,124,42,82,46,78,0,ITI,ITI3,11,Marche,Marche,1525271,196081,12.86,0.01
1245,2021-07-16,MAR,15837,8237,7600,1845,13734,258,ITI,ITI3,11,Marche,Marche,1525271,211918,13.89,1.04
1246,2021-06-12,MAR,13776,7312,6464,12106,1339,331,ITI,ITI3,11,Marche,Marche,1525271,225694,14.8,0.9
1247,2021-04-16,MAR,10082,4702,5380,9361,525,196,ITI,ITI3,11,Marche,Marche,1525271,235776,15.46,0.66
1248,2021-03-29,MAR,5894,2581,3313,3392,2455,47,ITI,ITI3,11,Marche,Marche,1525271,241670,15.84,0.39
1249,2021-06-03,MAR,14633,7481,7152,12076,2252,305,ITI,ITI3,11,Marche,Marche,1525271,256303,16.8,0.96
1250,2021-02-18,MAR,2143,785,1358,1808,286,49,ITI,ITI3,11,Marche,Marche,1525271,258446,16.94,0.14
1251,2021-05-29,MAR,12860,6233,6627,8114,4528,218,ITI,ITI3,11,Marche,Marche,1525271,271306,17.79,0.84
1252,2021-07-04,MAR,10894,5444,5450,3203,7529,162,ITI,ITI3,11,Marche,Marche,1525271,282200,18.5,0.71
1253,2020-12-31,MAR,392,184,208,390,0,2,ITI,ITI3,11,Marche,Marche,1525271,282592,18.53,0.03
1254,2021-02-04,MAR,2386,843,1543,107,2274,5,ITI,ITI3,11,Marche,Marche,1525271,284978,18.68,0.16
1255,2021-02-14,MAR,739,301,438,727,0,12,ITI,ITI3,11,Marche,Marche,1525271,285717,18.73,0.05
1256,2021-05-08,MAR,12277,5479,6798,4858,7250,169,ITI,ITI3,11,Marche,Marche,1525271,297994,19.54,0.8
1257,2021-01-09,MAR,1717,606,1111,1697,0,20,ITI,ITI3,11,Marche,Marche,1525271,299711,19.65,0.11
1258,2021-04-02,MAR,6886,2983,3903,6039,739,108,ITI,ITI3,11,Marche,Marche,1525271,306597,20.1,0.45
1259,2021-03-16,MAR,3519,1521,1998,285,3228,6,ITI,ITI3,11,Marche,Marche,1525271,310116,20.33,0.23
1260,2021-02-28,MAR,2836,1251,1585,2822,6,8,ITI,ITI3,11,Marche,Marche,1525271,312952,20.52,0.19
1261,2021-06-08,MAR,14098,7095,7003,11198,2609,291,ITI,ITI3,11,Marche,Marche,1525271,327050,21.44,0.92
1262,2021-03-02,MAR,5002,1967,3035,4371,566,65,ITI,ITI3,11,Marche,Marche,1525271,332052,21.77,0.33
1263,2021-06-10,MAR,14927,7693,7234,12572,2013,342,ITI,ITI3,11,Marche,Marche,1525271,346979,22.75,0.98
1264,2021-01-23,MAR,558,190,368,119,436,3,ITI,ITI3,11,Marche,Marche,1525271,347537,22.79,0.04
1265,2021-06-29,MAR,13372,6600,6772,4927,8218,227,ITI,ITI3,11,Marche,Marche,1525271,360909,23.66,0.88
1266,2021-05-03,MAR,10410,4691,5719,4866,5409,135,ITI,ITI3,11,Marche,Marche,1525271,371319,24.34,0.68
1267,2021-03-28,MAR,4125,1739,2386,2396,1691,38,ITI,ITI3,11,Marche,Marche,1525271,375444,24.61,0.27
1268,2021-01-19,MAR,232,87,145,139,90,3,ITI,ITI3,11,Marche,Marche,1525271,375676,24.63,0.02
1269,2021-02-02,MAR,1193,398,795,71,1122,0,ITI,ITI3,11,Marche,Marche,1525271,376869,24.71,0.08
1270,2021-05-13,MAR,12605,5695,6910,6827,5501,277,ITI,ITI3,11,Marche,Marche,1525271,389474,25.53,0.83
1271,2021-04-12,MAR,8565,3771,4794,7936,482,147,ITI,ITI3,11,Marche,Marche,1525271,398039,26.1,0.56
1272,2021-01-02,MAR,456,141,315,454,0,2,ITI,ITI3,11,Marche,Marche,1525271,398495,26.13,0.03
1273,2021-03-07,MAR,5180,2107,3073,4379,754,47,ITI,ITI3,11,Marche,Marche,1525271,403675,26.47,0.34
1274,2021-01-04,MAR,1514,573,941,1502,0,12,ITI,ITI3,11,Marche,Marche,1525271,405189,26.57,0.1
1275,2021-04-14,MAR,10214,4563,5651,9660,370,184,ITI,ITI3,11,Marche,Marche,1525271,415403,27.23,0.67
1276,2020-12-30,MAR,17,5,12,17,0,0,ITI,ITI3,11,Marche,Marche,1525271,415420,27.24,0.0
1277,2021-04-09,MAR,9571,4191,5380,9158,200,213,ITI,ITI3,11,Marche,Marche,1525271,424991,27.86,0.63
1278,2021-02-16,MAR,1288,476,812,1226,30,32,ITI,ITI3,11,Marche,Marche,1525271,426279,27.95,0.08
1279,2021-02-25,MAR,3560,1464,2096,3320,181,59,ITI,ITI3,11,Marche,Marche,1525271,429839,28.18,0.23
1280,2021-06-05,MAR,13944,7011,6933,11520,2059,365,ITI,ITI3,11,Marche,Marche,1525271,443783,29.1,0.91
1281,2021-04-23,MAR,11306,5218,6088,8091,3055,160,ITI,ITI3,11,Marche,Marche,1525271,455089,29.84,0.74
1282,2021-01-21,MAR,919,261,658,574,328,17,ITI,ITI3,11,Marche,Marche,1525271,456008,29.9,0.06
1283,2021-05-01,MAR,9318,3924,5394,3500,5742,76,ITI,ITI3,11,Marche,Marche,1525271,465326,30.51,0.61
1284,2021-03-05,MAR,6224,2872,3352,4693,1468,63,ITI,ITI3,11,Marche,Marche,1525271,471550,30.92,0.41
1285,2021-01-07,MAR,1810,637,1173,1794,0,16,ITI,ITI3,11,Marche,Marche,1525271,473360,31.03,0.12
1286,2021-01-18,MAR,696,237,459,536,149,11,ITI,ITI3,11,Marche,Marche,1525271,474056,31.08,0.05
1287,2021-04-28,MAR,10928,4979,5949,6026,4733,169,ITI,ITI3,11,Marche,Marche,1525271,484984,31.8,0.72
1288,2021-03-26,MAR,6389,2626,3763,3478,2855,56,ITI,ITI3,11,Marche,Marche,1525271,491373,32.22,0.42
1289,2021-06-17,MAR,15194,7558,7636,8800,6099,295,ITI,ITI3,11,Marche,Marche,1525271,506567,33.21,1.0
1290,2021-03-09,MAR,5431,2293,3138,4465,881,85,ITI,ITI3,11,Marche,Marche,1525271,511998,33.57,0.36
1291,2021-06-24,MAR,13827,6670,7157,6185,7371,271,ITI,ITI3,11,Marche,Marche,1525271,525825,34.47,0.91
1292,2021-01-11,MAR,1177,412,765,1159,0,18,ITI,ITI3,11,Marche,Marche,1525271,527002,34.55,0.08
1293,2021-04-21,MAR,10786,4969,5817,9439,1194,153,ITI,ITI3,11,Marche,Marche,1525271,537788,35.26,0.71
1294,2021-05-24,MAR,10996,5192,5804,7956,2863,177,ITI,ITI3,11,Marche,Marche,1525271,548784,35.98,0.72
1295,2021-05-22,MAR,11938,5719,6219,7319,4448,171,ITI,ITI3,11,Marche,Marche,1525271,560722,36.76,0.78
1296,2021-02-11,MAR,1987,657,1330,1557,389,41,ITI,ITI3,11,Marche,Marche,1525271,562709,36.89,0.13
1297,2021-05-05,MAR,11691,5320,6371,5105,6429,157,ITI,ITI3,11,Marche,Marche,1525271,574400,37.66,0.77
1298,2021-01-06,MAR,2205,801,1404,2186,0,19,ITI,ITI3,11,Marche,Marche,1525271,576605,37.8,0.14
1299,2021-03-04,MAR,6537,2893,3644,5084,1393,60,ITI,ITI3,11,Marche,Marche,1525271,583142,38.23,0.43
1300,2021-03-13,MAR,5804,2680,3124,1765,3999,40,ITI,ITI3,11,Marche,Marche,1525271,588946,38.61,0.38
1301,2021-06-21,MAR,12604,6183,6421,5482,6877,245,ITI,ITI3,11,Marche,Marche,1525271,601550,39.44,0.83
1302,2021-05-09,MAR,8863,4020,4843,3559,5227,77,ITI,ITI3,11,Marche,Marche,1525271,610413,40.02,0.58
1303,2021-02-23,MAR,3314,1432,1882,3243,56,15,ITI,ITI3,11,Marche,Marche,1525271,613727,40.24,0.22
1304,2021-01-15,MAR,1771,500,1271,1754,0,17,ITI,ITI3,11,Marche,Marche,1525271,615498,40.35,0.12
1305,2021-04-25,MAR,8600,3994,4606,6897,1575,128,ITI,ITI3,11,Marche,Marche,1525271,624098,40.92,0.56
1306,2021-07-06,MAR,13963,6921,7042,3143,10597,223,ITI,ITI3,11,Marche,Marche,1525271,638061,41.83,0.92
1307,2021-07-20,MAR,14399,7435,6964,1773,12452,174,ITI,ITI3,11,Marche,Marche,1525271,652460,42.78,0.94
1308,2021-01-16,MAR,2036,733,1303,1986,0,50,ITI,ITI3,11,Marche,Marche,1525271,654496,42.91,0.13
1309,2021-06-19,MAR,14695,7403,7292,7750,6680,265,ITI,ITI3,11,Marche,Marche,1525271,669191,43.87,0.96
1310,2021-05-31,MAR,11782,5944,5838,8600,2930,252,ITI,ITI3,11,Marche,Marche,1525271,680973,44.65,0.77
1311,2021-03-06,MAR,5737,2641,3096,4423,1267,47,ITI,ITI3,11,Marche,Marche,1525271,686710,45.02,0.38
1312,2021-06-14,MAR,12835,6485,6350,9257,3308,270,ITI,ITI3,11,Marche,Marche,1525271,699545,45.86,0.84
1313,2021-03-12,MAR,4682,2000,2682,3348,1280,54,ITI,ITI3,11,Marche,Marche,1525271,704227,46.17,0.31
1314,2021-01-14,MAR,2012,694,1318,1988,0,24,ITI,ITI3,11,Marche,Marche,1525271,706239,46.3,0.13
1315,2021-06-20,MAR,11157,5545,5612,5990,4985,182,ITI,ITI3,11,Marche,Marche,1525271,717396,47.03,0.73
1316,2021-04-24,MAR,12167,5364,6803,7560,4464,143,ITI,ITI3,11,Marche,Marche,1525271,729563,47.83,0.8
1317,2021-02-26,MAR,3678,1524,2154,3098,476,104,ITI,ITI3,11,Marche,Marche,1525271,733241,48.07,0.24
1318,2021-01-28,MAR,2086,725,1361,163,1922,1,ITI,ITI3,11,Marche,Marche,1525271,735327,48.21,0.14
1319,2021-04-04,MAR,3835,1797,2038,2617,1169,49,ITI,ITI3,11,Marche,Marche,1525271,739162,48.46,0.25
1320,2021-07-13,MAR,14854,7279,7575,1457,13267,130,ITI,ITI3,11,Marche,Marche,1525271,754016,49.43,0.97
1321,2021-06-09,MAR,14279,7417,6862,12109,1869,301,ITI,ITI3,11,Marche,Marche,1525271,768295,50.37,0.94
1322,2021-06-07,MAR,13320,6588,6732,10567,2450,303,ITI,ITI3,11,Marche,Marche,1525271,781615,51.24,0.87
1323,2021-02-27,MAR,3401,1457,1944,3158,209,34,ITI,ITI3,11,Marche,Marche,1525271,785016,51.47,0.22
1324,2021-05-07,MAR,12840,5806,7034,3583,9179,78,ITI,ITI3,11,Marche,Marche,1525271,797856,52.31,0.84
1325,2021-02-13,MAR,1093,462,631,988,82,23,ITI,ITI3,11,Marche,Marche,1525271,798949,52.38,0.07
1326,2021-01-27,MAR,2119,780,1339,116,2001,2,ITI,ITI3,11,Marche,Marche,1525271,801068,52.52,0.14
1327,2021-05-17,MAR,12046,5649,6397,7472,4354,220,ITI,ITI3,11,Marche,Marche,1525271,813114,53.31,0.79
1328,2021-04-30,MAR,14151,6200,7951,5404,8560,187,ITI,ITI3,11,Marche,Marche,1525271,827265,54.24,0.93
1329,2021-04-11,MAR,7116,3115,4001,6692,286,138,ITI,ITI3,11,Marche,Marche,1525271,834381,54.7,0.47
1330,2021-03-11,MAR,6635,2824,3811,5149,1411,75,ITI,ITI3,11,Marche,Marche,1525271,841016,55.14,0.44
1331,2021-01-13,MAR,2107,746,1361,2066,0,41,ITI,ITI3,11,Marche,Marche,1525271,843123,55.28,0.14
1332,2021-05-02,MAR,8901,3938,4963,3082,5739,80,ITI,ITI3,11,Marche,Marche,1525271,852024,55.86,0.58
1333,2021-06-28,MAR,12308,6002,6306,4610,7461,237,ITI,ITI3,11,Marche,Marche,1525271,864332,56.67,0.81
1334,2021-07-22,MAR,15733,8045,7688,2019,13474,240,ITI,ITI3,11,Marche,Marche,1525271,880065,57.7,1.03
1335,2021-04-13,MAR,9838,4260,5578,9412,233,193,ITI,ITI3,11,Marche,Marche,1525271,889903,58.34,0.65
1336,2021-07-05,MAR,13163,6505,6658,2920,10072,171,ITI,ITI3,11,Marche,Marche,1525271,903066,59.21,0.86
1337,2021-06-16,MAR,13757,6913,6844,9129,4366,262,ITI,ITI3,11,Marche,Marche,1525271,916823,60.11,0.9
1338,2021-06-02,MAR,11901,5939,5962,11030,676,195,ITI,ITI3,11,Marche,Marche,1525271,928724,60.89,0.78
1339,2021-01-29,MAR,1994,731,1263,160,1829,5,ITI,ITI3,11,Marche,Marche,1525271,930718,61.02,0.13
1340,2021-05-18,MAR,11269,5348,5921,7490,3601,178,ITI,ITI3,11,Marche,Marche,1525271,941987,61.76,0.74
1341,2021-05-11,MAR,10623,4832,5791,5490,4943,190,ITI,ITI3,11,Marche,Marche,1525271,952610,62.46,0.7
1342,2021-03-18,MAR,3438,1505,1933,150,3276,12,ITI,ITI3,11,Marche,Marche,1525271,956048,62.68,0.23
1343,2021-06-26,MAR,13574,6904,6670,5688,7669,217,ITI,ITI3,11,Marche,Marche,1525271,969622,63.57,0.89
1344,2021-05-23,MAR,9209,4283,4926,7413,1672,124,ITI,ITI3,11,Marche,Marche,1525271,978831,64.17,0.6
1345,2021-05-06,MAR,12655,5822,6833,5363,7071,221,ITI,ITI3,11,Marche,Marche,1525271,991486,65.0,0.83
1346,2021-04-20,MAR,10753,5028,5725,9154,1470,129,ITI,ITI3,11,Marche,Marche,1525271,1002239,65.71,0.7
1347,2021-01-25,MAR,1596,558,1038,94,1502,0,ITI,ITI3,11,Marche,Marche,1525271,1003835,65.81,0.1
1348,2021-01-08,MAR,1582,592,990,1567,0,15,ITI,ITI3,11,Marche,Marche,1525271,1005417,65.92,0.1
1349,2021-04-18,MAR,8824,4131,4693,7735,921,168,ITI,ITI3,11,Marche,Marche,1525271,1014241,66.5,0.58
1350,2021-05-12,MAR,10430,4691,5739,4737,5503,190,ITI,ITI3,11,Marche,Marche,1525271,1024671,67.18,0.68
1351,2021-07-08,MAR,15038,7539,7499,2790,12023,225,ITI,ITI3,11,Marche,Marche,1525271,1039709,68.17,0.99
1352,2021-07-01,MAR,14686,7365,7321,4658,9750,278,ITI,ITI3,11,Marche,Marche,1525271,1054395,69.13,0.96
1353,2021-03-25,MAR,6702,2794,3908,3190,3456,56,ITI,ITI3,11,Marche,Marche,1525271,1061097,69.57,0.44
1354,2021-07-03,MAR,13842,6990,6852,4136,9394,312,ITI,ITI3,11,Marche,Marche,1525271,1074939,70.48,0.91
1355,2021-02-20,MAR,4163,1733,2430,4042,111,10,ITI,ITI3,11,Marche,Marche,1525271,1079102,70.75,0.27
1356,2021-01-20,MAR,406,100,306,384,20,2,ITI,ITI3,11,Marche,Marche,1525271,1079508,70.77,0.03
1357,2021-02-03,MAR,2124,741,1383,98,2005,21,ITI,ITI3,11,Marche,Marche,1525271,1081632,70.91,0.14
1358,2021-03-15,MAR,4449,2059,2390,1291,3137,21,ITI,ITI3,11,Marche,Marche,1525271,1086081,71.21,0.29
1359,2021-06-23,MAR,13893,6817,7076,6626,7012,255,ITI,ITI3,11,Marche,Marche,1525271,1099974,72.12,0.91
1360,2021-03-22,MAR,5700,2409,3291,2482,3175,43,ITI,ITI3,11,Marche,Marche,1525271,1105674,72.49,0.37
1361,2021-01-24,MAR,882,340,542,5,877,0,ITI,ITI3,11,Marche,Marche,1525271,1106556,72.55,0.06
1362,2021-06-30,MAR,13648,6663,6985,4452,8985,211,ITI,ITI3,11,Marche,Marche,1525271,1120204,73.44,0.89
1363,2021-05-04,MAR,10974,4839,6135,4929,5903,142,ITI,ITI3,11,Marche,Marche,1525271,1131178,74.16,0.72
1364,2021-03-20,MAR,4178,1759,2419,1035,3129,14,ITI,ITI3,11,Marche,Marche,1525271,1135356,74.44,0.27
1365,2021-01-22,MAR,489,168,321,193,294,2,ITI,ITI3,11,Marche,Marche,1525271,1135845,74.47,0.03
1366,2021-07-14,MAR,13849,6819,7030,1784,11874,191,ITI,ITI3,11,Marche,Marche,1525271,1149694,75.38,0.91
1367,2021-01-10,MAR,1746,702,1044,1732,0,14,ITI,ITI3,11,Marche,Marche,1525271,1151440,75.49,0.11
1368,2021-07-12,MAR,13722,6804,6918,1228,12376,118,ITI,ITI3,11,Marche,Marche,1525271,1165162,76.39,0.9
1369,2021-04-03,MAR,7574,3205,4369,6738,667,169,ITI,ITI3,11,Marche,Marche,1525271,1172736,76.89,0.5
1370,2021-06-25,MAR,14343,7171,7172,6422,7634,287,ITI,ITI3,11,Marche,Marche,1525271,1187079,77.83,0.94
1371,2021-02-15,MAR,967,412,555,939,13,15,ITI,ITI3,11,Marche,Marche,1525271,1188046,77.89,0.06
1372,2021-05-26,MAR,11888,5952,5936,8449,3225,214,ITI,ITI3,11,Marche,Marche,1525271,1199934,78.67,0.78
1373,2021-03-30,MAR,7476,3075,4401,4581,2823,72,ITI,ITI3,11,Marche,Marche,1525271,1207410,79.16,0.49
1374,2021-02-01,MAR,1362,479,883,94,1265,3,ITI,ITI3,11,Marche,Marche,1525271,1208772,79.25,0.09
1375,2021-02-12,MAR,1582,618,964,1404,152,26,ITI,ITI3,11,Marche,Marche,1525271,1210354,79.35,0.1
1376,2021-02-10,MAR,1439,452,987,1038,359,42,ITI,ITI3,11,Marche,Marche,1525271,1211793,79.45,0.09
1377,2021-06-11,MAR,13991,7151,6840,11366,2321,304,ITI,ITI3,11,Marche,Marche,1525271,1225784,80.36,0.92
1378,2021-05-14,MAR,13633,6292,7341,6509,6912,212,ITI,ITI3,11,Marche,Marche,1525271,1239417,81.26,0.89
1379,2021-07-02,MAR,14544,7173,7371,4673,9641,230,ITI,ITI3,11,Marche,Marche,1525271,1253961,82.21,0.95
1380,2021-06-18,MAR,15348,7648,7700,8298,6751,299,ITI,ITI3,11,Marche,Marche,1525271,1269309,83.22,1.01
1381,2021-07-21,MAR,14922,7617,7305,2068,12641,213,ITI,ITI3,11,Marche,Marche,1525271,1284231,84.2,0.98
1382,2021-04-29,MAR,13439,6153,7286,7164,6098,177,ITI,ITI3,11,Marche,Marche,1525271,1297670,85.08,0.88
1383,2021-02-22,MAR,3461,1532,1929,3352,75,34,ITI,ITI3,11,Marche,Marche,1525271,1301131,85.3,0.23
1384,2021-03-27,MAR,7416,3092,4324,4951,2393,72,ITI,ITI3,11,Marche,Marche,1525271,1308547,85.79,0.49
1385,2021-04-10,MAR,10928,4625,6303,10380,313,235,ITI,ITI3,11,Marche,Marche,1525271,1319475,86.51,0.72
1386,2021-01-03,MAR,909,356,553,899,0,10,ITI,ITI3,11,Marche,Marche,1525271,1320384,86.57,0.06
1387,2021-07-19,MAR,14676,7531,7145,1927,12535,214,ITI,ITI3,11,Marche,Marche,1525271,1335060,87.53,0.96
1388,2021-07-07,MAR,14255,7067,7188,2937,11077,241,ITI,ITI3,11,Marche,Marche,1525271,1349315,88.46,0.93
1389,2021-04-06,MAR,8873,3692,5181,7930,810,133,ITI,ITI3,11,Marche,Marche,1525271,1358188,89.05,0.58
1390,2021-03-23,MAR,5838,2556,3282,2227,3576,35,ITI,ITI3,11,Marche,Marche,1525271,1364026,89.43,0.38
1391,2021-02-08,MAR,833,258,575,366,462,5,ITI,ITI3,11,Marche,Marche,1525271,1364859,89.48,0.05
1392,2021-07-15,MAR,16008,8286,7722,1750,14030,228,ITI,ITI3,11,Marche,Marche,1525271,1380867,90.53,1.05
1393,2021-05-19,MAR,11660,5362,6298,8369,3096,195,ITI,ITI3,11,Marche,Marche,1525271,1392527,91.3,0.76
1394,2021-05-25,MAR,11767,5798,5969,8497,3050,220,ITI,ITI3,11,Marche,Marche,1525271,1404294,92.07,0.77
1395,2021-03-01,MAR,3772,1520,2252,3503,248,21,ITI,ITI3,11,Marche,Marche,1525271,1408066,92.32,0.25
1396,2021-03-08,MAR,6298,2759,3539,5187,1002,109,ITI,ITI3,11,Marche,Marche,1525271,1414364,92.73,0.41
1397,2021-02-05,MAR,2155,654,1501,438,1716,1,ITI,ITI3,11,Marche,Marche,1525271,1416519,92.87,0.14
1398,2021-05-16,MAR,10898,4957,5941,6551,4228,119,ITI,ITI3,11,Marche,Marche,1525271,1427417,93.58,0.71
1399,2021-05-30,MAR,9732,4690,5042,6546,2989,197,ITI,ITI3,11,Marche,Marche,1525271,1437149,94.22,0.64
1400,2021-04-17,MAR,11704,5316,6388,10400,1073,231,ITI,ITI3,11,Marche,Marche,1525271,1448853,94.99,0.77
1401,2021-06-13,MAR,10748,5564,5184,9204,1295,249,ITI,ITI3,11,Marche,Marche,1525271,1459601,95.69,0.7
1402,2020-12-27,MAR,205,100,105,203,0,2,ITI,ITI3,11,Marche,Marche,1525271,1459806,95.71,0.01
1403,2021-04-27,MAR,9591,4389,5202,5511,3987,93,ITI,ITI3,11,Marche,Marche,1525271,1469397,96.34,0.63
1404,2021-01-17,MAR,1618,695,923,1551,61,6,ITI,ITI3,11,Marche,Marche,1525271,1471015,96.44,0.11
1405,2021-06-06,MAR,12451,6136,6315,10638,1577,236,ITI,ITI3,11,Marche,Marche,1525271,1483466,97.26,0.82
1406,2021-01-30,MAR,1905,668,1237,25,1880,0,ITI,ITI3,11,Marche,Marche,1525271,1485371,97.38,0.12
1407,2021-05-10,MAR,9452,4338,5114,4771,4553,128,ITI,ITI3,11,Marche,Marche,1525271,1494823,98.0,0.62
1408,2021-03-14,MAR,2499,1032,1467,1897,592,10,ITI,ITI3,11,Marche,Marche,1525271,1497322,98.17,0.16
1409,2021-03-21,MAR,4505,1873,2632,1614,2876,15,ITI,ITI3,11,Marche,Marche,1525271,1501827,98.46,0.3
1410,2021-02-06,MAR,2463,902,1561,513,1941,9,ITI,ITI3,11,Marche,Marche,1525271,1504290,98.62,0.16
1411,2021-07-17,MAR,15136,7793,7343,1386,13539,211,ITI,ITI3,11,Marche,Marche,1525271,1519426,99.62,0.99
1412,2021-05-21,MAR,13901,6590,7311,7226,6464,211,ITI,ITI3,11,Marche,Marche,1525271,1533327,100.53,0.91
1413,2021-05-28,MAR,13956,6736,7220,8801,4857,298,ITI,ITI3,11,Marche,Marche,1525271,1547283,101.44,0.91
1414,2021-04-01,MAR,7576,3182,4394,4068,3416,92,ITI,ITI3,11,Marche,Marche,1525271,1554859,101.94,0.5
1415,2021-07-10,MAR,14160,7233,6927,1658,12300,202,ITI,ITI3,11,Marche,Marche,1525271,1569019,102.87,0.93
1416,2021-04-22,MAR,10797,4930,5867,9083,1578,136,ITI,ITI3,11,Marche,Marche,1525271,1579816,103.58,0.71
1417,2021-02-24,MAR,3534,1547,1987,3424,78,32,ITI,ITI3,11,Marche,Marche,1525271,1583350,103.81,0.23
1418,2021-06-04,MAR,14338,7290,7048,11590,2439,309,ITI,ITI3,11,Marche,Marche,1525271,1597688,104.75,0.94
1419,2021-04-08,MAR,8696,3808,4888,8218,347,131,ITI,ITI3,11,Marche,Marche,1525271,1606384,105.32,0.57
1420,2021-03-03,MAR,6699,3076,3623,5718,884,97,ITI,ITI3,11,Marche,Marche,1525271,1613083,105.76,0.44
1421,2021-01-05,MAR,1578,591,987,1559,0,19,ITI,ITI3,11,Marche,Marche,1525271,1614661,105.86,0.1
1422,2021-04-15,MAR,10377,4675,5702,9578,565,234,ITI,ITI3,11,Marche,Marche,1525271,1625038,106.54,0.68
1423,2021-02-17,MAR,1828,701,1127,1642,118,68,ITI,ITI3,11,Marche,Marche,1525271,1626866,106.66,0.12
1424,2021-01-10,ABR,1139,409,730,1135,0,4,ITF,ITF1,13,Abruzzo,Abruzzo,1304970,1139,0.09,0.09
1425,2021-04-29,ABR,12676,5851,6825,9280,3093,303,ITF,ITF1,13,Abruzzo,Abruzzo,1304970,13815,1.06,0.97
1426,2021-06-25,ABR,11059,5477,5582,4904,6012,143,ITF,ITF1,13,Abruzzo,Abruzzo,1304970,24874,1.91,0.85
1427,2021-01-15,ABR,380,150,230,366,0,14,ITF,ITF1,13,Abruzzo,Abruzzo,1304970,25254,1.94,0.03
1428,2021-04-27,ABR,9084,4367,4717,6507,2465,112,ITF,ITF1,13,Abruzzo,Abruzzo,1304970,34338,2.63,0.7
1429,2021-07-02,ABR,11841,5948,5893,4831,6828,182,ITF,ITF1,13,Abruzzo,Abruzzo,1304970,46179,3.54,0.91
1430,2020-12-27,ABR,38,19,19,38,0,0,ITF,ITF1,13,Abruzzo,Abruzzo,1304970,46217,3.54,0.0
1431,2021-03-20,ABR,4793,2199,2594,2560,2171,62,ITF,ITF1,13,Abruzzo,Abruzzo,1304970,51010,3.91,0.37
1432,2021-06-13,ABR,9841,4922,4919,7845,1831,165,ITF,ITF1,13,Abruzzo,Abruzzo,1304970,60851,4.66,0.75
1433,2021-05-04,ABR,10860,5100,5760,7055,3615,190,ITF,ITF1,13,Abruzzo,Abruzzo,1304970,71711,5.5,0.83
1434,2021-03-08,ABR,5152,1693,3459,4090,971,91,ITF,ITF1,13,Abruzzo,Abruzzo,1304970,76863,5.89,0.39
1435,2021-01-24,ABR,50,22,28,6,44,0,ITF,ITF1,13,Abruzzo,Abruzzo,1304970,76913,5.89,0.0
1436,2021-03-01,ABR,3478,1385,2093,2704,751,23,ITF,ITF1,13,Abruzzo,Abruzzo,1304970,80391,6.16,0.27
1437,2021-06-18,ABR,10178,5001,5177,6548,3486,144,ITF,ITF1,13,Abruzzo,Abruzzo,1304970,90569,6.94,0.78
1438,2021-01-22,ABR,118,57,61,118,0,0,ITF,ITF1,13,Abruzzo,Abruzzo,1304970,90687,6.95,0.01
1439,2021-01-03,ABR,471,185,286,469,0,2,ITF,ITF1,13,Abruzzo,Abruzzo,1304970,91158,6.99,0.04
1440,2021-02-22,ABR,2643,1174,1469,2588,30,25,ITF,ITF1,13,Abruzzo,Abruzzo,1304970,93801,7.19,0.2
1441,2021-02-05,ABR,1534,521,1013,772,746,16,ITF,ITF1,13,Abruzzo,Abruzzo,1304970,95335,7.31,0.12
1442,2021-05-16,ABR,9577,4136,5441,5646,3813,118,ITF,ITF1,13,Abruzzo,Abruzzo,1304970,104912,8.04,0.73
1443,2021-06-04,ABR,15634,7391,8243,10755,4694,185,ITF,ITF1,13,Abruzzo,Abruzzo,1304970,120546,9.24,1.2
1444,2021-05-18,ABR,12110,5660,6450,7563,4380,167,ITF,ITF1,13,Abruzzo,Abruzzo,1304970,132656,10.17,0.93
1445,2021-02-24,ABR,3305,1441,1864,3112,176,17,ITF,ITF1,13,Abruzzo,Abruzzo,1304970,135961,10.42,0.25
1446,2021-02-10,ABR,946,311,635,492,444,10,ITF,ITF1,13,Abruzzo,Abruzzo,1304970,136907,10.49,0.07
1447,2021-03-03,ABR,4633,1891,2742,3704,906,23,ITF,ITF1,13,Abruzzo,Abruzzo,1304970,141540,10.85,0.36
1448,2021-07-14,ABR,13717,6795,6922,2435,11131,151,ITF,ITF1,13,Abruzzo,Abruzzo,1304970,155257,11.9,1.05
1449,2021-04-08,ABR,7395,3337,4058,4935,2330,130,ITF,ITF1,13,Abruzzo,Abruzzo,1304970,162652,12.46,0.57
1450,2021-04-22,ABR,6731,3249,3482,4829,1728,174,ITF,ITF1,13,Abruzzo,Abruzzo,1304970,169383,12.98,0.52
1451,2021-03-22,ABR,4344,1908,2436,2311,1970,63,ITF,ITF1,13,Abruzzo,Abruzzo,1304970,173727,13.31,0.33
1452,2021-06-30,ABR,11140,5422,5718,4492,6483,165,ITF,ITF1,13,Abruzzo,Abruzzo,1304970,184867,14.17,0.85
1453,2021-03-15,ABR,3683,1447,2236,1845,1807,31,ITF,ITF1,13,Abruzzo,Abruzzo,1304970,188550,14.45,0.28
1454,2021-01-17,ABR,188,59,129,180,7,1,ITF,ITF1,13,Abruzzo,Abruzzo,1304970,188738,14.46,0.01
1455,2021-06-23,ABR,11012,5282,5730,5582,5284,146,ITF,ITF1,13,Abruzzo,Abruzzo,1304970,199750,15.31,0.84
1456,2021-03-17,ABR,4539,1873,2666,2776,1740,23,ITF,ITF1,13,Abruzzo,Abruzzo,1304970,204289,15.65,0.35
1457,2021-02-02,ABR,1763,668,1095,218,1541,4,ITF,ITF1,13,Abruzzo,Abruzzo,1304970,206052,15.79,0.14
1458,2021-05-13,ABR,11147,5042,6105,6960,3959,228,ITF,ITF1,13,Abruzzo,Abruzzo,1304970,217199,16.64,0.85
1459,2021-03-31,ABR,6716,2940,3776,4556,2069,91,ITF,ITF1,13,Abruzzo,Abruzzo,1304970,223915,17.16,0.51
1460,2021-05-15,ABR,11427,5179,6248,5948,5303,176,ITF,ITF1,13,Abruzzo,Abruzzo,1304970,235342,18.03,0.88
1461,2021-01-29,ABR,1388,449,939,73,1314,1,ITF,ITF1,13,Abruzzo,Abruzzo,1304970,236730,18.14,0.11
1462,2021-05-27,ABR,13309,6094,7215,8313,4821,175,ITF,ITF1,13,Abruzzo,Abruzzo,1304970,250039,19.16,1.02
1463,2021-03-19,ABR,5795,2584,3211,2732,3022,41,ITF,ITF1,13,Abruzzo,Abruzzo,1304970,255834,19.6,0.44
1464,2021-03-27,ABR,6121,2620,3501,3564,2486,71,ITF,ITF1,13,Abruzzo,Abruzzo,1304970,261955,20.07,0.47
1465,2021-01-05,ABR,1615,604,1011,1610,0,5,ITF,ITF1,13,Abruzzo,Abruzzo,1304970,263570,20.2,0.12
1466,2021-04-15,ABR,7820,3679,4141,5834,1840,146,ITF,ITF1,13,Abruzzo,Abruzzo,1304970,271390,20.8,0.6
1467,2021-07-07,ABR,12013,5890,6123,4026,7749,238,ITF,ITF1,13,Abruzzo,Abruzzo,1304970,283403,21.72,0.92
1468,2021-07-09,ABR,13602,6790,6812,2894,10574,134,ITF,ITF1,13,Abruzzo,Abruzzo,1304970,297005,22.76,1.04
1469,2021-01-19,ABR,111,55,56,90,20,1,ITF,ITF1,13,Abruzzo,Abruzzo,1304970,297116,22.77,0.01
1470,2021-02-07,ABR,779,308,471,200,578,1,ITF,ITF1,13,Abruzzo,Abruzzo,1304970,297895,22.83,0.06
1471,2021-07-21,ABR,11089,5725,5364,2430,8526,133,ITF,ITF1,13,Abruzzo,Abruzzo,1304970,308984,23.68,0.85
1472,2021-02-03,ABR,2062,717,1345,411,1643,8,ITF,ITF1,13,Abruzzo,Abruzzo,1304970,311046,23.84,0.16
1473,2021-02-28,ABR,1704,510,1194,1668,2,34,ITF,ITF1,13,Abruzzo,Abruzzo,1304970,312750,23.97,0.13
1474,2021-01-02,ABR,552,220,332,551,0,1,ITF,ITF1,13,Abruzzo,Abruzzo,1304970,313302,24.01,0.04
1475,2021-06-08,ABR,12866,6620,6246,10432,2195,239,ITF,ITF1,13,Abruzzo,Abruzzo,1304970,326168,24.99,0.99
1476,2021-04-26,ABR,8564,4068,4496,7143,1213,208,ITF,ITF1,13,Abruzzo,Abruzzo,1304970,334732,25.65,0.66
1477,2021-06-01,ABR,11004,4883,6121,6511,4373,120,ITF,ITF1,13,Abruzzo,Abruzzo,1304970,345736,26.49,0.84
1478,2021-02-17,ABR,2071,948,1123,1780,282,9,ITF,ITF1,13,Abruzzo,Abruzzo,1304970,347807,26.65,0.16
1479,2021-06-11,ABR,11779,5852,5927,8835,2761,183,ITF,ITF1,13,Abruzzo,Abruzzo,1304970,359586,27.56,0.9
1480,2021-05-11,ABR,10761,5118,5643,5735,4851,175,ITF,ITF1,13,Abruzzo,Abruzzo,1304970,370347,28.38,0.82
1481,2021-03-24,ABR,6383,2784,3599,3998,2250,135,ITF,ITF1,13,Abruzzo,Abruzzo,1304970,376730,28.87,0.49
1482,2021-02-09,ABR,909,312,597,499,409,1,ITF,ITF1,13,Abruzzo,Abruzzo,1304970,377639,28.94,0.07
1483,2021-07-04,ABR,8374,4215,4159,3333,4917,124,ITF,ITF1,13,Abruzzo,Abruzzo,1304970,386013,29.58,0.64
1484,2021-07-11,ABR,9885,4971,4914,2370,7385,130,ITF,ITF1,13,Abruzzo,Abruzzo,1304970,395898,30.34,0.76
1485,2021-03-10,ABR,5048,1682,3366,4027,957,64,ITF,ITF1,13,Abruzzo,Abruzzo,1304970,400946,30.72,0.39
1486,2021-01-26,ABR,1542,567,975,29,1513,0,ITF,ITF1,13,Abruzzo,Abruzzo,1304970,402488,30.84,0.12
1487,2021-05-06,ABR,12975,6074,6901,7794,5028,153,ITF,ITF1,13,Abruzzo,Abruzzo,1304970,415463,31.84,0.99
1488,2021-05-30,ABR,8658,4110,4548,5326,3253,79,ITF,ITF1,13,Abruzzo,Abruzzo,1304970,424121,32.5,0.66
1489,2021-04-03,ABR,5160,2257,2903,3484,1597,79,ITF,ITF1,13,Abruzzo,Abruzzo,1304970,429281,32.9,0.4
1490,2021-07-12,ABR,15070,7454,7616,2362,12594,114,ITF,ITF1,13,Abruzzo,Abruzzo,1304970,444351,34.05,1.15
1491,2021-03-05,ABR,5349,1958,3391,4592,697,60,ITF,ITF1,13,Abruzzo,Abruzzo,1304970,449700,34.46,0.41
1492,2021-06-27,ABR,8373,4303,4070,5015,3217,141,ITF,ITF1,13,Abruzzo,Abruzzo,1304970,458073,35.1,0.64
1493,2021-04-07,ABR,7222,3333,3889,4314,2784,124,ITF,ITF1,13,Abruzzo,Abruzzo,1304970,465295,35.66,0.55
1494,2021-07-16,ABR,16147,8236,7911,2473,13558,116,ITF,ITF1,13,Abruzzo,Abruzzo,1304970,481442,36.89,1.24
1495,2021-05-08,ABR,10292,4870,5422,6339,3832,121,ITF,ITF1,13,Abruzzo,Abruzzo,1304970,491734,37.68,0.79
1496,2021-06-22,ABR,10411,4878,5533,5385,4848,178,ITF,ITF1,13,Abruzzo,Abruzzo,1304970,502145,38.48,0.8
1497,2021-03-29,ABR,5707,2598,3109,3019,2639,49,ITF,ITF1,13,Abruzzo,Abruzzo,1304970,507852,38.92,0.44
1498,2021-01-21,ABR,157,47,110,157,0,0,ITF,ITF1,13,Abruzzo,Abruzzo,1304970,508009,38.93,0.01
1499,2021-05-01,ABR,10736,5042,5694,5629,4975,132,ITF,ITF1,13,Abruzzo,Abruzzo,1304970,518745,39.75,0.82
1500,2021-05-20,ABR,12802,5927,6875,7414,5262,126,ITF,ITF1,13,Abruzzo,Abruzzo,1304970,531547,40.73,0.98
1501,2021-02-11,ABR,816,262,554,771,43,2,ITF,ITF1,13,Abruzzo,Abruzzo,1304970,532363,40.8,0.06
1502,2021-05-24,ABR,12222,5838,6384,8724,3339,159,ITF,ITF1,13,Abruzzo,Abruzzo,1304970,544585,41.73,0.94
1503,2021-04-09,ABR,8989,4258,4731,6248,2602,139,ITF,ITF1,13,Abruzzo,Abruzzo,1304970,553574,42.42,0.69
1504,2021-07-18,ABR,12202,6309,5893,2006,10077,119,ITF,ITF1,13,Abruzzo,Abruzzo,1304970,565776,43.36,0.94
1505,2021-04-02,ABR,6691,3101,3590,5116,1487,88,ITF,ITF1,13,Abruzzo,Abruzzo,1304970,572467,43.87,0.51
1506,2021-02-04,ABR,1683,617,1066,599,1072,12,ITF,ITF1,13,Abruzzo,Abruzzo,1304970,574150,44.0,0.13
1507,2021-07-20,ABR,12589,6390,6199,3226,9177,186,ITF,ITF1,13,Abruzzo,Abruzzo,1304970,586739,44.96,0.96
1508,2021-04-05,ABR,2692,1147,1545,1731,879,82,ITF,ITF1,13,Abruzzo,Abruzzo,1304970,589431,45.17,0.21
1509,2021-01-12,ABR,1805,667,1138,1791,0,14,ITF,ITF1,13,Abruzzo,Abruzzo,1304970,591236,45.31,0.14
1510,2021-05-25,ABR,11421,5326,6095,8085,3138,198,ITF,ITF1,13,Abruzzo,Abruzzo,1304970,602657,46.18,0.88
1511,2021-02-18,ABR,2288,933,1355,2140,130,18,ITF,ITF1,13,Abruzzo,Abruzzo,1304970,604945,46.36,0.18
1512,2021-05-29,ABR,10318,4430,5888,4458,5771,89,ITF,ITF1,13,Abruzzo,Abruzzo,1304970,615263,47.15,0.79
1513,2021-05-22,ABR,13154,6391,6763,8131,4911,112,ITF,ITF1,13,Abruzzo,Abruzzo,1304970,628417,48.16,1.01
1514,2021-03-26,ABR,5355,2312,3043,3178,2075,102,ITF,ITF1,13,Abruzzo,Abruzzo,1304970,633772,48.57,0.41
1515,2021-05-31,ABR,11334,5113,6221,6762,4444,128,ITF,ITF1,13,Abruzzo,Abruzzo,1304970,645106,49.43,0.87
1516,2021-04-20,ABR,5636,2713,2923,4109,1455,72,ITF,ITF1,13,Abruzzo,Abruzzo,1304970,650742,49.87,0.43
1517,2021-02-12,ABR,1228,567,661,1026,189,13,ITF,ITF1,13,Abruzzo,Abruzzo,1304970,651970,49.96,0.09
1518,2021-07-19,ABR,11777,5985,5792,2666,8941,170,ITF,ITF1,13,Abruzzo,Abruzzo,1304970,663747,50.86,0.9
1519,2021-05-23,ABR,9881,4695,5186,7068,2692,121,ITF,ITF1,13,Abruzzo,Abruzzo,1304970,673628,51.62,0.76
1520,2021-06-06,ABR,11149,5307,5842,8778,2242,129,ITF,ITF1,13,Abruzzo,Abruzzo,1304970,684777,52.47,0.85
1521,2021-04-10,ABR,8775,4058,4717,6127,2509,139,ITF,ITF1,13,Abruzzo,Abruzzo,1304970,693552,53.15,0.67
1522,2021-06-03,ABR,13186,6278,6908,9239,3776,171,ITF,ITF1,13,Abruzzo,Abruzzo,1304970,706738,54.16,1.01
1523,2021-03-12,ABR,6016,1987,4029,4356,1583,77,ITF,ITF1,13,Abruzzo,Abruzzo,1304970,712754,54.62,0.46
1524,2021-06-20,ABR,8444,4238,4206,5411,2930,103,ITF,ITF1,13,Abruzzo,Abruzzo,1304970,721198,55.27,0.65
1525,2021-03-14,ABR,1884,731,1153,1201,667,16,ITF,ITF1,13,Abruzzo,Abruzzo,1304970,723082,55.41,0.14
1526,2021-02-25,ABR,3053,1341,1712,2506,529,18,ITF,ITF1,13,Abruzzo,Abruzzo,1304970,726135,55.64,0.23
1527,2021-06-05,ABR,14612,6861,7751,10369,4044,199,ITF,ITF1,13,Abruzzo,Abruzzo,1304970,740747,56.76,1.12
1528,2021-06-19,ABR,10555,5200,5355,6487,3897,171,ITF,ITF1,13,Abruzzo,Abruzzo,1304970,751302,57.57,0.81
1529,2021-03-28,ABR,2421,1018,1403,1994,377,50,ITF,ITF1,13,Abruzzo,Abruzzo,1304970,753723,57.76,0.19
1530,2021-07-06,ABR,9905,4940,4965,4095,5645,165,ITF,ITF1,13,Abruzzo,Abruzzo,1304970,763628,58.52,0.76
1531,2021-04-14,ABR,6593,2949,3644,4341,2120,132,ITF,ITF1,13,Abruzzo,Abruzzo,1304970,770221,59.02,0.51
1532,2021-01-04,ABR,1403,576,827,1397,0,6,ITF,ITF1,13,Abruzzo,Abruzzo,1304970,771624,59.13,0.11
1533,2021-01-23,ABR,264,115,149,51,207,6,ITF,ITF1,13,Abruzzo,Abruzzo,1304970,771888,59.15,0.02
1534,2021-01-31,ABR,1521,494,1027,288,1232,1,ITF,ITF1,13,Abruzzo,Abruzzo,1304970,773409,59.27,0.12
1535,2021-05-10,ABR,10107,4782,5325,5373,4648,86,ITF,ITF1,13,Abruzzo,Abruzzo,1304970,783516,60.04,0.77
1536,2021-04-23,ABR,7392,3394,3998,4924,2305,163,ITF,ITF1,13,Abruzzo,Abruzzo,1304970,790908,60.61,0.57
1537,2021-01-30,ABR,1511,568,943,68,1442,1,ITF,ITF1,13,Abruzzo,Abruzzo,1304970,792419,60.72,0.12
1538,2021-04-04,ABR,1632,768,864,1460,129,43,ITF,ITF1,13,Abruzzo,Abruzzo,1304970,794051,60.85,0.13
1539,2021-07-13,ABR,15516,7746,7770,2826,12512,178,ITF,ITF1,13,Abruzzo,Abruzzo,1304970,809567,62.04,1.19
1540,2021-06-16,ABR,10882,5447,5435,7993,2676,213,ITF,ITF1,13,Abruzzo,Abruzzo,1304970,820449,62.87,0.83
1541,2021-04-24,ABR,8727,3974,4753,6943,1530,254,ITF,ITF1,13,Abruzzo,Abruzzo,1304970,829176,63.54,0.67
1542,2021-01-14,ABR,530,189,341,528,0,2,ITF,ITF1,13,Abruzzo,Abruzzo,1304970,829706,63.58,0.04
1543,2021-02-16,ABR,1916,841,1075,1891,12,13,ITF,ITF1,13,Abruzzo,Abruzzo,1304970,831622,63.73,0.15
1544,2021-03-02,ABR,3966,1676,2290,3261,685,20,ITF,ITF1,13,Abruzzo,Abruzzo,1304970,835588,64.03,0.3
1545,2021-06-10,ABR,12704,6318,6386,10306,2161,237,ITF,ITF1,13,Abruzzo,Abruzzo,1304970,848292,65.0,0.97
1546,2021-04-25,ABR,9066,4622,4444,8058,809,199,ITF,ITF1,13,Abruzzo,Abruzzo,1304970,857358,65.7,0.69
1547,2021-01-08,ABR,1527,507,1020,1518,0,9,ITF,ITF1,13,Abruzzo,Abruzzo,1304970,858885,65.82,0.12
1548,2021-04-18,ABR,5813,2727,3086,4725,943,145,ITF,ITF1,13,Abruzzo,Abruzzo,1304970,864698,66.26,0.45
1549,2021-05-17,ABR,11032,5036,5996,6022,4852,158,ITF,ITF1,13,Abruzzo,Abruzzo,1304970,875730,67.11,0.85
1550,2021-02-23,ABR,2780,1273,1507,2754,11,15,ITF,ITF1,13,Abruzzo,Abruzzo,1304970,878510,67.32,0.21
1551,2021-02-06,ABR,1610,743,867,595,1008,7,ITF,ITF1,13,Abruzzo,Abruzzo,1304970,880120,67.44,0.12
1552,2021-05-03,ABR,11147,5257,5890,7134,3834,179,ITF,ITF1,13,Abruzzo,Abruzzo,1304970,891267,68.3,0.85
1553,2021-07-08,ABR,13495,6681,6814,3420,9912,163,ITF,ITF1,13,Abruzzo,Abruzzo,1304970,904762,69.33,1.03
1554,2021-04-16,ABR,7536,3487,4049,5498,1916,122,ITF,ITF1,13,Abruzzo,Abruzzo,1304970,912298,69.91,0.58
1555,2021-03-11,ABR,5494,2219,3275,4272,1138,84,ITF,ITF1,13,Abruzzo,Abruzzo,1304970,917792,70.33,0.42
1556,2021-04-17,ABR,7356,3401,3955,4215,3051,90,ITF,ITF1,13,Abruzzo,Abruzzo,1304970,925148,70.89,0.56
1557,2021-02-19,ABR,3300,1551,1749,3161,100,39,ITF,ITF1,13,Abruzzo,Abruzzo,1304970,928448,71.15,0.25
1558,2021-01-07,ABR,1605,553,1052,1598,0,7,ITF,ITF1,13,Abruzzo,Abruzzo,1304970,930053,71.27,0.12
1559,2021-06-29,ABR,11414,5636,5778,5248,5980,186,ITF,ITF1,13,Abruzzo,Abruzzo,1304970,941467,72.14,0.87
1560,2021-03-21,ABR,2133,913,1220,839,1290,4,ITF,ITF1,13,Abruzzo,Abruzzo,1304970,943600,72.31,0.16
1561,2021-06-12,ABR,11405,5906,5499,9888,1338,179,ITF,ITF1,13,Abruzzo,Abruzzo,1304970,955005,73.18,0.87
1562,2021-02-20,ABR,4777,1843,2934,4659,76,42,ITF,ITF1,13,Abruzzo,Abruzzo,1304970,959782,73.55,0.37
1563,2021-02-27,ABR,2813,1339,1474,2513,267,33,ITF,ITF1,13,Abruzzo,Abruzzo,1304970,962595,73.76,0.22
1564,2021-06-07,ABR,11098,5289,5809,9071,1842,185,ITF,ITF1,13,Abruzzo,Abruzzo,1304970,973693,74.61,0.85
1565,2021-04-11,ABR,5380,2628,2752,4842,487,51,ITF,ITF1,13,Abruzzo,Abruzzo,1304970,979073,75.03,0.41
1566,2021-06-09,ABR,11570,6092,5478,9705,1684,181,ITF,ITF1,13,Abruzzo,Abruzzo,1304970,990643,75.91,0.89
1567,2021-06-02,ABR,9763,4744,5019,6836,2810,117,ITF,ITF1,13,Abruzzo,Abruzzo,1304970,1000406,76.66,0.75
1568,2021-03-13,ABR,4124,1420,2704,3014,1043,67,ITF,ITF1,13,Abruzzo,Abruzzo,1304970,1004530,76.98,0.32
1569,2021-06-21,ABR,11052,5388,5664,4935,5989,128,ITF,ITF1,13,Abruzzo,Abruzzo,1304970,1015582,77.82,0.85
1570,2021-03-30,ABR,5128,2261,2867,3148,1822,158,ITF,ITF1,13,Abruzzo,Abruzzo,1304970,1020710,78.22,0.39
1571,2021-01-06,ABR,1833,664,1169,1823,0,10,ITF,ITF1,13,Abruzzo,Abruzzo,1304970,1022543,78.36,0.14
1572,2021-02-26,ABR,3925,1680,2245,2930,969,26,ITF,ITF1,13,Abruzzo,Abruzzo,1304970,1026468,78.66,0.3
1573,2021-01-18,ABR,128,52,76,46,82,0,ITF,ITF1,13,Abruzzo,Abruzzo,1304970,1026596,78.67,0.01
1574,2021-06-24,ABR,10864,5411,5453,5727,4970,167,ITF,ITF1,13,Abruzzo,Abruzzo,1304970,1037460,79.5,0.83
1575,2021-04-28,ABR,9510,4586,4924,7315,2022,173,ITF,ITF1,13,Abruzzo,Abruzzo,1304970,1046970,80.23,0.73
1576,2021-05-12,ABR,9630,4601,5029,5875,3581,174,ITF,ITF1,13,Abruzzo,Abruzzo,1304970,1056600,80.97,0.74
1577,2021-02-08,ABR,1196,395,801,487,709,0,ITF,ITF1,13,Abruzzo,Abruzzo,1304970,1057796,81.06,0.09
1578,2021-05-19,ABR,10729,5125,5604,7569,3037,123,ITF,ITF1,13,Abruzzo,Abruzzo,1304970,1068525,81.88,0.82
1579,2021-04-30,ABR,12502,5867,6635,6515,5722,265,ITF,ITF1,13,Abruzzo,Abruzzo,1304970,1081027,82.84,0.96
1580,2021-04-13,ABR,5893,2754,3139,4561,1237,95,ITF,ITF1,13,Abruzzo,Abruzzo,1304970,1086920,83.29,0.45
1581,2021-01-20,ABR,447,156,291,425,2,20,ITF,ITF1,13,Abruzzo,Abruzzo,1304970,1087367,83.33,0.03
1582,2021-07-05,ABR,10889,5345,5544,4047,6655,187,ITF,ITF1,13,Abruzzo,Abruzzo,1304970,1098256,84.16,0.83
1583,2021-07-22,ABR,14464,7395,7069,3506,10750,208,ITF,ITF1,13,Abruzzo,Abruzzo,1304970,1112720,85.27,1.11
1584,2021-01-13,ABR,1260,441,819,1252,0,8,ITF,ITF1,13,Abruzzo,Abruzzo,1304970,1113980,85.36,0.1
1585,2021-02-13,ABR,857,387,470,434,419,4,ITF,ITF1,13,Abruzzo,Abruzzo,1304970,1114837,85.43,0.07
1586,2021-07-17,ABR,14096,7386,6710,2663,11257,176,ITF,ITF1,13,Abruzzo,Abruzzo,1304970,1128933,86.51,1.08
1587,2021-03-04,ABR,5936,2360,3576,4974,922,40,ITF,ITF1,13,Abruzzo,Abruzzo,1304970,1134869,86.97,0.45
1588,2021-01-28,ABR,1433,495,938,12,1421,0,ITF,ITF1,13,Abruzzo,Abruzzo,1304970,1136302,87.07,0.11
1589,2021-01-11,ABR,1553,557,996,1549,0,4,ITF,ITF1,13,Abruzzo,Abruzzo,1304970,1137855,87.19,0.12
1590,2021-04-21,ABR,6389,3102,3287,4640,1672,77,ITF,ITF1,13,Abruzzo,Abruzzo,1304970,1144244,87.68,0.49
1591,2021-07-15,ABR,15942,8086,7856,3133,12634,175,ITF,ITF1,13,Abruzzo,Abruzzo,1304970,1160186,88.91,1.22
1592,2021-06-28,ABR,10059,4840,5219,5311,4580,168,ITF,ITF1,13,Abruzzo,Abruzzo,1304970,1170245,89.68,0.77
1593,2021-03-06,ABR,4179,1359,2820,3569,570,40,ITF,ITF1,13,Abruzzo,Abruzzo,1304970,1174424,90.0,0.32
1594,2021-03-16,ABR,3484,1452,2032,1802,1654,28,ITF,ITF1,13,Abruzzo,Abruzzo,1304970,1177908,90.26,0.27
1595,2021-05-05,ABR,11630,5569,6061,6269,5203,158,ITF,ITF1,13,Abruzzo,Abruzzo,1304970,1189538,91.15,0.89
1596,2021-03-09,ABR,5177,1804,3373,4156,938,83,ITF,ITF1,13,Abruzzo,Abruzzo,1304970,1194715,91.55,0.4
1597,2021-07-01,ABR,12760,6283,6477,5769,6767,224,ITF,ITF1,13,Abruzzo,Abruzzo,1304970,1207475,92.53,0.98
1598,2021-05-02,ABR,10460,5112,5348,5090,5228,142,ITF,ITF1,13,Abruzzo,Abruzzo,1304970,1217935,93.33,0.8
1599,2021-05-28,ABR,14014,6307,7707,7489,6356,169,ITF,ITF1,13,Abruzzo,Abruzzo,1304970,1231949,94.4,1.07
1600,2021-04-06,ABR,7679,3578,4101,5234,2318,127,ITF,ITF1,13,Abruzzo,Abruzzo,1304970,1239628,94.99,0.59
1601,2021-05-09,ABR,9156,4090,5066,4175,4870,111,ITF,ITF1,13,Abruzzo,Abruzzo,1304970,1248784,95.69,0.7
1602,2021-02-15,ABR,1795,832,963,1736,42,17,ITF,ITF1,13,Abruzzo,Abruzzo,1304970,1250579,95.83,0.14
1603,2021-06-17,ABR,10917,5459,5458,7304,3454,159,ITF,ITF1,13,Abruzzo,Abruzzo,1304970,1261496,96.67,0.84
1604,2021-05-26,ABR,13545,6042,7503,8392,4992,161,ITF,ITF1,13,Abruzzo,Abruzzo,1304970,1275041,97.71,1.04
1605,2021-06-14,ABR,10981,5434,5547,7431,3377,173,ITF,ITF1,13,Abruzzo,Abruzzo,1304970,1286022,98.55,0.84
1606,2021-02-01,ABR,1631,573,1058,270,1360,1,ITF,ITF1,13,Abruzzo,Abruzzo,1304970,1287653,98.67,0.12
1607,2021-03-23,ABR,4833,2188,2645,2213,2566,54,ITF,ITF1,13,Abruzzo,Abruzzo,1304970,1292486,99.04,0.37
1608,2021-01-25,ABR,1605,633,972,15,1588,2,ITF,ITF1,13,Abruzzo,Abruzzo,1304970,1294091,99.17,0.12
1609,2021-04-19,ABR,6230,2860,3370,3787,2372,71,ITF,ITF1,13,Abruzzo,Abruzzo,1304970,1300321,99.64,0.48
1610,2021-02-21,ABR,1218,550,668,1193,1,24,ITF,ITF1,13,Abruzzo,Abruzzo,1304970,1301539,99.74,0.09
1611,2021-06-15,ABR,11316,5562,5754,8681,2427,208,ITF,ITF1,13,Abruzzo,Abruzzo,1304970,1312855,100.6,0.87
1612,2021-04-12,ABR,6239,2958,3281,4986,1174,79,ITF,ITF1,13,Abruzzo,Abruzzo,1304970,1319094,101.08,0.48
1613,2021-01-16,ABR,936,430,506,928,0,8,ITF,ITF1,13,Abruzzo,Abruzzo,1304970,1320030,101.15,0.07
1614,2021-03-07,ABR,2522,630,1892,2483,0,39,ITF,ITF1,13,Abruzzo,Abruzzo,1304970,1322552,101.35,0.19
1615,2021-01-09,ABR,1484,566,918,1472,0,12,ITF,ITF1,13,Abruzzo,Abruzzo,1304970,1324036,101.46,0.11
1616,2021-05-07,ABR,12197,5710,6487,7664,4413,120,ITF,ITF1,13,Abruzzo,Abruzzo,1304970,1336233,102.4,0.93
1617,2021-03-25,ABR,5794,2663,3131,3065,2618,111,ITF,ITF1,13,Abruzzo,Abruzzo,1304970,1342027,102.84,0.44
1618,2021-01-27,ABR,1365,515,850,38,1327,0,ITF,ITF1,13,Abruzzo,Abruzzo,1304970,1343392,102.94,0.1
1619,2021-07-03,ABR,10206,5151,5055,3500,6558,148,ITF,ITF1,13,Abruzzo,Abruzzo,1304970,1353598,103.73,0.78
1620,2021-05-21,ABR,13017,6328,6689,7863,4980,174,ITF,ITF1,13,Abruzzo,Abruzzo,1304970,1366615,104.72,1.0
1621,2021-03-18,ABR,3896,1651,2245,2039,1831,26,ITF,ITF1,13,Abruzzo,Abruzzo,1304970,1370511,105.02,0.3
1622,2021-06-26,ABR,10035,5012,5023,5681,4196,158,ITF,ITF1,13,Abruzzo,Abruzzo,1304970,1380546,105.79,0.77
1623,2021-07-10,ABR,13129,6634,6495,3017,9949,163,ITF,ITF1,13,Abruzzo,Abruzzo,1304970,1393675,106.8,1.01
1624,2021-05-14,ABR,10594,5070,5524,5285,5148,161,ITF,ITF1,13,Abruzzo,Abruzzo,1304970,1404269,107.61,0.81
1625,2021-04-01,ABR,5592,2505,3087,3431,2087,74,ITF,ITF1,13,Abruzzo,Abruzzo,1304970,1409861,108.04,0.43
1626,2021-05-30,VDA,865,429,436,682,171,12,ITC,ITC2,2,Valle d'Aosta / Vallée d'Aoste,Valle d'Aosta,125666,865,0.69,0.69
1627,2021-05-28,VDA,975,414,561,544,412,19,ITC,ITC2,2,Valle d'Aosta / Vallée d'Aoste,Valle d'Aosta,125666,1840,1.46,0.78
1628,2021-02-17,VDA,327,144,183,223,100,4,ITC,ITC2,2,Valle d'Aosta / Vallée d'Aoste,Valle d'Aosta,125666,2167,1.72,0.26
1629,2021-07-12,VDA,978,483,495,239,731,8,ITC,ITC2,2,Valle d'Aosta / Vallée d'Aoste,Valle d'Aosta,125666,3145,2.5,0.78
1630,2021-04-03,VDA,676,341,335,649,15,12,ITC,ITC2,2,Valle d'Aosta / Vallée d'Aoste,Valle d'Aosta,125666,3821,3.04,0.54
1631,2021-03-20,VDA,208,86,122,167,36,5,ITC,ITC2,2,Valle d'Aosta / Vallée d'Aoste,Valle d'Aosta,125666,4029,3.21,0.17
1632,2021-06-28,VDA,986,496,490,326,657,3,ITC,ITC2,2,Valle d'Aosta / Vallée d'Aoste,Valle d'Aosta,125666,5015,3.99,0.78
1633,2021-06-11,VDA,1047,483,564,756,283,8,ITC,ITC2,2,Valle d'Aosta / Vallée d'Aoste,Valle d'Aosta,125666,6062,4.82,0.83
1634,2021-05-23,VDA,999,465,534,653,340,6,ITC,ITC2,2,Valle d'Aosta / Vallée d'Aoste,Valle d'Aosta,125666,7061,5.62,0.79
1635,2021-02-03,VDA,351,114,237,14,337,0,ITC,ITC2,2,Valle d'Aosta / Vallée d'Aoste,Valle d'Aosta,125666,7412,5.9,0.28
1636,2021-04-01,VDA,778,394,384,747,12,19,ITC,ITC2,2,Valle d'Aosta / Vallée d'Aoste,Valle d'Aosta,125666,8190,6.52,0.62
1637,2021-07-19,VDA,877,460,417,257,620,0,ITC,ITC2,2,Valle d'Aosta / Vallée d'Aoste,Valle d'Aosta,125666,9067,7.22,0.7
1638,2021-02-05,VDA,294,102,192,101,193,0,ITC,ITC2,2,Valle d'Aosta / Vallée d'Aoste,Valle d'Aosta,125666,9361,7.45,0.23
1639,2021-02-22,VDA,316,94,222,210,103,3,ITC,ITC2,2,Valle d'Aosta / Vallée d'Aoste,Valle d'Aosta,125666,9677,7.7,0.25
1640,2021-05-16,VDA,688,341,347,338,341,9,ITC,ITC2,2,Valle d'Aosta / Vallée d'Aoste,Valle d'Aosta,125666,10365,8.25,0.55
1641,2021-04-15,VDA,810,377,433,638,139,33,ITC,ITC2,2,Valle d'Aosta / Vallée d'Aoste,Valle d'Aosta,125666,11175,8.89,0.64
1642,2021-07-07,VDA,792,439,353,413,362,17,ITC,ITC2,2,Valle d'Aosta / Vallée d'Aoste,Valle d'Aosta,125666,11967,9.52,0.63
1643,2021-03-08,VDA,485,233,252,237,245,3,ITC,ITC2,2,Valle d'Aosta / Vallée d'Aoste,Valle d'Aosta,125666,12452,9.91,0.39
1644,2021-05-04,VDA,1135,510,625,434,673,28,ITC,ITC2,2,Valle d'Aosta / Vallée d'Aoste,Valle d'Aosta,125666,13587,10.81,0.9
1645,2021-06-16,VDA,683,365,318,639,40,4,ITC,ITC2,2,Valle d'Aosta / Vallée d'Aoste,Valle d'Aosta,125666,14270,11.36,0.54
1646,2021-03-15,VDA,362,123,239,150,203,9,ITC,ITC2,2,Valle d'Aosta / Vallée d'Aoste,Valle d'Aosta,125666,14632,11.64,0.29
1647,2021-05-11,VDA,647,325,322,468,151,28,ITC,ITC2,2,Valle d'Aosta / Vallée d'Aoste,Valle d'Aosta,125666,15279,12.16,0.51
1648,2021-04-27,VDA,978,423,555,650,292,36,ITC,ITC2,2,Valle d'Aosta / Vallée d'Aoste,Valle d'Aosta,125666,16257,12.94,0.78
1649,2021-01-17,VDA,131,56,75,131,0,0,ITC,ITC2,2,Valle d'Aosta / Vallée d'Aoste,Valle d'Aosta,125666,16388,13.04,0.1
1650,2021-06-23,VDA,1043,551,492,423,616,4,ITC,ITC2,2,Valle d'Aosta / Vallée d'Aoste,Valle d'Aosta,125666,17431,13.87,0.83
1651,2021-01-27,VDA,152,72,80,79,73,0,ITC,ITC2,2,Valle d'Aosta / Vallée d'Aoste,Valle d'Aosta,125666,17583,13.99,0.12
1652,2021-04-20,VDA,933,430,503,707,194,32,ITC,ITC2,2,Valle d'Aosta / Vallée d'Aoste,Valle d'Aosta,125666,18516,14.73,0.74
1653,2021-01-10,VDA,220,71,149,208,0,12,ITC,ITC2,2,Valle d'Aosta / Vallée d'Aoste,Valle d'Aosta,125666,18736,14.91,0.18
1654,2020-12-27,VDA,20,9,11,20,0,0,ITC,ITC2,2,Valle d'Aosta / Vallée d'Aoste,Valle d'Aosta,125666,18756,14.93,0.02
1655,2021-02-10,VDA,248,77,171,141,107,0,ITC,ITC2,2,Valle d'Aosta / Vallée d'Aoste,Valle d'Aosta,125666,19004,15.12,0.2
1656,2021-03-25,VDA,389,154,235,364,10,15,ITC,ITC2,2,Valle d'Aosta / Vallée d'Aoste,Valle d'Aosta,125666,19393,15.43,0.31
1657,2021-05-21,VDA,917,433,484,515,386,16,ITC,ITC2,2,Valle d'Aosta / Vallée d'Aoste,Valle d'Aosta,125666,20310,16.16,0.73
1658,2021-04-17,VDA,638,407,231,593,2,43,ITC,ITC2,2,Valle d'Aosta / Vallée d'Aoste,Valle d'Aosta,125666,20948,16.67,0.51
1659,2021-01-07,VDA,276,111,165,276,0,0,ITC,ITC2,2,Valle d'Aosta / Vallée d'Aoste,Valle d'Aosta,125666,21224,16.89,0.22
1660,2021-02-19,VDA,292,102,190,266,24,2,ITC,ITC2,2,Valle d'Aosta / Vallée d'Aoste,Valle d'Aosta,125666,21516,17.12,0.23
1661,2021-02-24,VDA,183,82,101,162,19,2,ITC,ITC2,2,Valle d'Aosta / Vallée d'Aoste,Valle d'Aosta,125666,21699,17.27,0.15
1662,2021-04-08,VDA,584,282,302,420,143,21,ITC,ITC2,2,Valle d'Aosta / Vallée d'Aoste,Valle d'Aosta,125666,22283,17.73,0.46
1663,2021-06-13,VDA,852,400,452,371,478,3,ITC,ITC2,2,Valle d'Aosta / Vallée d'Aoste,Valle d'Aosta,125666,23135,18.41,0.68
1664,2021-06-08,VDA,712,356,356,675,33,4,ITC,ITC2,2,Valle d'Aosta / Vallée d'Aoste,Valle d'Aosta,125666,23847,18.98,0.57
1665,2021-01-29,VDA,318,138,180,2,316,0,ITC,ITC2,2,Valle d'Aosta / Vallée d'Aoste,Valle d'Aosta,125666,24165,19.23,0.25
1666,2021-04-22,VDA,1068,450,618,652,383,33,ITC,ITC2,2,Valle d'Aosta / Vallée d'Aoste,Valle d'Aosta,125666,25233,20.08,0.85
1667,2021-05-09,VDA,574,287,287,425,130,19,ITC,ITC2,2,Valle d'Aosta / Vallée d'Aoste,Valle d'Aosta,125666,25807,20.54,0.46
1668,2021-03-17,VDA,433,185,248,259,160,14,ITC,ITC2,2,Valle d'Aosta / Vallée d'Aoste,Valle d'Aosta,125666,26240,20.88,0.34
1669,2021-03-03,VDA,255,118,137,182,68,5,ITC,ITC2,2,Valle d'Aosta / Vallée d'Aoste,Valle d'Aosta,125666,26495,21.08,0.2
1670,2021-06-04,VDA,908,383,525,470,433,5,ITC,ITC2,2,Valle d'Aosta / Vallée d'Aoste,Valle d'Aosta,125666,27403,21.81,0.72
1671,2021-04-13,VDA,373,171,202,311,44,18,ITC,ITC2,2,Valle d'Aosta / Vallée d'Aoste,Valle d'Aosta,125666,27776,22.1,0.3
1672,2021-07-05,VDA,834,355,479,312,508,14,ITC,ITC2,2,Valle d'Aosta / Vallée d'Aoste,Valle d'Aosta,125666,28610,22.77,0.66
1673,2021-03-27,VDA,333,164,169,289,31,13,ITC,ITC2,2,Valle d'Aosta / Vallée d'Aoste,Valle d'Aosta,125666,28943,23.03,0.26
1674,2021-06-18,VDA,998,443,555,589,399,10,ITC,ITC2,2,Valle d'Aosta / Vallée d'Aoste,Valle d'Aosta,125666,29941,23.83,0.79
1675,2021-06-30,VDA,1117,542,575,415,692,10,ITC,ITC2,2,Valle d'Aosta / Vallée d'Aoste,Valle d'Aosta,125666,31058,24.71,0.89
1676,2021-01-31,VDA,291,91,200,58,233,0,ITC,ITC2,2,Valle d'Aosta / Vallée d'Aoste,Valle d'Aosta,125666,31349,24.95,0.23
1677,2021-06-09,VDA,1027,535,492,984,35,8,ITC,ITC2,2,Valle d'Aosta / Vallée d'Aoste,Valle d'Aosta,125666,32376,25.76,0.82
1678,2021-03-01,VDA,181,66,115,139,34,8,ITC,ITC2,2,Valle d'Aosta / Vallée d'Aoste,Valle d'Aosta,125666,32557,25.91,0.14
1679,2021-02-15,VDA,264,136,128,225,35,4,ITC,ITC2,2,Valle d'Aosta / Vallée d'Aoste,Valle d'Aosta,125666,32821,26.12,0.21
1680,2021-01-05,VDA,150,54,96,150,0,0,ITC,ITC2,2,Valle d'Aosta / Vallée d'Aoste,Valle d'Aosta,125666,32971,26.24,0.12
1681,2021-01-14,VDA,237,69,168,237,0,0,ITC,ITC2,2,Valle d'Aosta / Vallée d'Aoste,Valle d'Aosta,125666,33208,26.43,0.19
1682,2021-04-24,VDA,722,400,322,533,167,22,ITC,ITC2,2,Valle d'Aosta / Vallée d'Aoste,Valle d'Aosta,125666,33930,27.0,0.57
1683,2021-04-19,VDA,752,325,427,520,209,23,ITC,ITC2,2,Valle d'Aosta / Vallée d'Aoste,Valle d'Aosta,125666,34682,27.6,0.6
1684,2021-02-26,VDA,207,58,149,108,85,14,ITC,ITC2,2,Valle d'Aosta / Vallée d'Aoste,Valle d'Aosta,125666,34889,27.76,0.16
1685,2021-04-10,VDA,404,190,214,387,5,12,ITC,ITC2,2,Valle d'Aosta / Vallée d'Aoste,Valle d'Aosta,125666,35293,28.08,0.32
1686,2020-12-31,VDA,18,4,14,18,0,0,ITC,ITC2,2,Valle d'Aosta / Vallée d'Aoste,Valle d'Aosta,125666,35311,28.1,0.01
1687,2021-06-06,VDA,1160,582,578,782,373,5,ITC,ITC2,2,Valle d'Aosta / Vallée d'Aoste,Valle d'Aosta,125666,36471,29.02,0.92
1688,2021-06-15,VDA,876,479,397,608,255,13,ITC,ITC2,2,Valle d'Aosta / Vallée d'Aoste,Valle d'Aosta,125666,37347,29.72,0.7
1689,2021-05-02,VDA,765,345,420,581,160,24,ITC,ITC2,2,Valle d'Aosta / Vallée d'Aoste,Valle d'Aosta,125666,38112,30.33,0.61
1690,2021-01-22,VDA,56,21,35,20,36,0,ITC,ITC2,2,Valle d'Aosta / Vallée d'Aoste,Valle d'Aosta,125666,38168,30.37,0.04
1691,2021-01-08,VDA,299,130,169,299,0,0,ITC,ITC2,2,Valle d'Aosta / Vallée d'Aoste,Valle d'Aosta,125666,38467,30.61,0.24
1692,2021-03-06,VDA,22,4,18,18,0,4,ITC,ITC2,2,Valle d'Aosta / Vallée d'Aoste,Valle d'Aosta,125666,38489,30.63,0.02
1693,2021-07-16,VDA,1075,552,523,346,729,0,ITC,ITC2,2,Valle d'Aosta / Vallée d'Aoste,Valle d'Aosta,125666,39564,31.48,0.86
1694,2021-01-26,VDA,140,49,91,0,140,0,ITC,ITC2,2,Valle d'Aosta / Vallée d'Aoste,Valle d'Aosta,125666,39704,31.59,0.11
1695,2021-02-12,VDA,263,96,167,216,46,1,ITC,ITC2,2,Valle d'Aosta / Vallée d'Aoste,Valle d'Aosta,125666,39967,31.8,0.21
1696,2021-01-12,VDA,302,72,230,302,0,0,ITC,ITC2,2,Valle d'Aosta / Vallée d'Aoste,Valle d'Aosta,125666,40269,32.04,0.24
1697,2021-01-19,VDA,256,77,179,256,0,0,ITC,ITC2,2,Valle d'Aosta / Vallée d'Aoste,Valle d'Aosta,125666,40525,32.25,0.2
1698,2021-04-12,VDA,486,186,300,306,163,17,ITC,ITC2,2,Valle d'Aosta / Vallée d'Aoste,Valle d'Aosta,125666,41011,32.63,0.39
1699,2021-04-29,VDA,1291,634,657,736,534,21,ITC,ITC2,2,Valle d'Aosta / Vallée d'Aoste,Valle d'Aosta,125666,42302,33.66,1.03
1700,2021-07-21,VDA,1164,635,529,315,849,0,ITC,ITC2,2,Valle d'Aosta / Vallée d'Aoste,Valle d'Aosta,125666,43466,34.59,0.93
1701,2021-07-04,VDA,1191,530,661,338,838,15,ITC,ITC2,2,Valle d'Aosta / Vallée d'Aoste,Valle d'Aosta,125666,44657,35.54,0.95
1702,2021-03-29,VDA,493,233,260,448,40,5,ITC,ITC2,2,Valle d'Aosta / Vallée d'Aoste,Valle d'Aosta,125666,45150,35.93,0.39
1703,2021-06-20,VDA,1131,545,586,478,643,10,ITC,ITC2,2,Valle d'Aosta / Vallée d'Aoste,Valle d'Aosta,125666,46281,36.83,0.9
1704,2021-03-12,VDA,531,175,356,291,226,14,ITC,ITC2,2,Valle d'Aosta / Vallée d'Aoste,Valle d'Aosta,125666,46812,37.25,0.42
1705,2021-03-10,VDA,438,183,255,220,213,5,ITC,ITC2,2,Valle d'Aosta / Vallée d'Aoste,Valle d'Aosta,125666,47250,37.6,0.35
1706,2021-02-21,VDA,18,3,15,0,18,0,ITC,ITC2,2,Valle d'Aosta / Vallée d'Aoste,Valle d'Aosta,125666,47268,37.61,0.01
1707,2021-06-01,VDA,871,469,402,510,353,8,ITC,ITC2,2,Valle d'Aosta / Vallée d'Aoste,Valle d'Aosta,125666,48139,38.31,0.69
1708,2021-01-16,VDA,237,80,157,237,0,0,ITC,ITC2,2,Valle d'Aosta / Vallée d'Aoste,Valle d'Aosta,125666,48376,38.5,0.19
1709,2021-06-22,VDA,1189,666,523,529,648,12,ITC,ITC2,2,Valle d'Aosta / Vallée d'Aoste,Valle d'Aosta,125666,49565,39.44,0.95
1710,2021-03-14,VDA,392,200,192,373,0,19,ITC,ITC2,2,Valle d'Aosta / Vallée d'Aoste,Valle d'Aosta,125666,49957,39.75,0.31
1711,2021-04-26,VDA,715,327,388,512,170,33,ITC,ITC2,2,Valle d'Aosta / Vallée d'Aoste,Valle d'Aosta,125666,50672,40.32,0.57
1712,2021-07-01,VDA,962,473,489,328,621,13,ITC,ITC2,2,Valle d'Aosta / Vallée d'Aoste,Valle d'Aosta,125666,51634,41.09,0.77
1713,2021-03-05,VDA,276,124,152,52,223,1,ITC,ITC2,2,Valle d'Aosta / Vallée d'Aoste,Valle d'Aosta,125666,51910,41.31,0.22
1714,2021-02-28,VDA,260,86,174,73,183,4,ITC,ITC2,2,Valle d'Aosta / Vallée d'Aoste,Valle d'Aosta,125666,52170,41.51,0.21
1715,2021-05-05,VDA,1038,566,472,434,582,22,ITC,ITC2,2,Valle d'Aosta / Vallée d'Aoste,Valle d'Aosta,125666,53208,42.34,0.83
1716,2021-05-25,VDA,1115,530,585,529,574,12,ITC,ITC2,2,Valle d'Aosta / Vallée d'Aoste,Valle d'Aosta,125666,54323,43.23,0.89
1717,2021-02-14,VDA,48,16,32,1,47,0,ITC,ITC2,2,Valle d'Aosta / Vallée d'Aoste,Valle d'Aosta,125666,54371,43.27,0.04
1718,2021-05-08,VDA,904,540,364,497,378,29,ITC,ITC2,2,Valle d'Aosta / Vallée d'Aoste,Valle d'Aosta,125666,55275,43.99,0.72
1719,2021-04-05,VDA,464,223,241,439,6,19,ITC,ITC2,2,Valle d'Aosta / Vallée d'Aoste,Valle d'Aosta,125666,55739,44.35,0.37
1720,2021-01-09,VDA,443,199,244,442,0,1,ITC,ITC2,2,Valle d'Aosta / Vallée d'Aoste,Valle d'Aosta,125666,56182,44.71,0.35
1721,2021-06-24,VDA,1221,629,592,379,833,9,ITC,ITC2,2,Valle d'Aosta / Vallée d'Aoste,Valle d'Aosta,125666,57403,45.68,0.97
1722,2021-07-03,VDA,935,484,451,390,536,9,ITC,ITC2,2,Valle d'Aosta / Vallée d'Aoste,Valle d'Aosta,125666,58338,46.42,0.74
1723,2021-03-13,VDA,147,88,59,141,0,6,ITC,ITC2,2,Valle d'Aosta / Vallée d'Aoste,Valle d'Aosta,125666,58485,46.54,0.12
1724,2021-01-15,VDA,218,82,136,218,0,0,ITC,ITC2,2,Valle d'Aosta / Vallée d'Aoste,Valle d'Aosta,125666,58703,46.71,0.17
1725,2021-05-18,VDA,970,484,486,349,617,4,ITC,ITC2,2,Valle d'Aosta / Vallée d'Aoste,Valle d'Aosta,125666,59673,47.49,0.77
1726,2021-02-07,VDA,292,120,172,190,102,0,ITC,ITC2,2,Valle d'Aosta / Vallée d'Aoste,Valle d'Aosta,125666,59965,47.72,0.23
1727,2021-05-01,VDA,940,563,377,439,484,17,ITC,ITC2,2,Valle d'Aosta / Vallée d'Aoste,Valle d'Aosta,125666,60905,48.47,0.75
1728,2021-04-14,VDA,941,430,511,689,224,28,ITC,ITC2,2,Valle d'Aosta / Vallée d'Aoste,Valle d'Aosta,125666,61846,49.21,0.75
1729,2021-07-06,VDA,882,479,403,155,722,5,ITC,ITC2,2,Valle d'Aosta / Vallée d'Aoste,Valle d'Aosta,125666,62728,49.92,0.7
1730,2021-01-02,VDA,6,5,1,6,0,0,ITC,ITC2,2,Valle d'Aosta / Vallée d'Aoste,Valle d'Aosta,125666,62734,49.92,0.0
1731,2021-03-26,VDA,498,204,294,472,7,19,ITC,ITC2,2,Valle d'Aosta / Vallée d'Aoste,Valle d'Aosta,125666,63232,50.32,0.4
1732,2021-06-17,VDA,775,422,353,614,149,12,ITC,ITC2,2,Valle d'Aosta / Vallée d'Aoste,Valle d'Aosta,125666,64007,50.93,0.62
1733,2021-02-23,VDA,216,123,93,215,0,1,ITC,ITC2,2,Valle d'Aosta / Vallée d'Aoste,Valle d'Aosta,125666,64223,51.11,0.17
1734,2021-06-27,VDA,1250,607,643,312,928,10,ITC,ITC2,2,Valle d'Aosta / Vallée d'Aoste,Valle d'Aosta,125666,65473,52.1,0.99
1735,2021-07-14,VDA,1019,532,487,293,726,0,ITC,ITC2,2,Valle d'Aosta / Vallée d'Aoste,Valle d'Aosta,125666,66492,52.91,0.81
1736,2021-01-28,VDA,291,123,168,56,235,0,ITC,ITC2,2,Valle d'Aosta / Vallée d'Aoste,Valle d'Aosta,125666,66783,53.14,0.23
1737,2021-05-03,VDA,839,400,439,458,351,30,ITC,ITC2,2,Valle d'Aosta / Vallée d'Aoste,Valle d'Aosta,125666,67622,53.81,0.67
1738,2021-03-07,VDA,64,30,34,11,53,0,ITC,ITC2,2,Valle d'Aosta / Vallée d'Aoste,Valle d'Aosta,125666,67686,53.86,0.05
1739,2021-01-30,VDA,439,202,237,12,425,2,ITC,ITC2,2,Valle d'Aosta / Vallée d'Aoste,Valle d'Aosta,125666,68125,54.21,0.35
1740,2021-05-24,VDA,1136,516,620,673,447,16,ITC,ITC2,2,Valle d'Aosta / Vallée d'Aoste,Valle d'Aosta,125666,69261,55.12,0.9
1741,2021-05-10,VDA,782,381,401,531,235,16,ITC,ITC2,2,Valle d'Aosta / Vallée d'Aoste,Valle d'Aosta,125666,70043,55.74,0.62
1742,2021-04-21,VDA,868,410,458,588,248,32,ITC,ITC2,2,Valle d'Aosta / Vallée d'Aoste,Valle d'Aosta,125666,70911,56.43,0.69
1743,2021-07-13,VDA,1061,567,494,307,748,6,ITC,ITC2,2,Valle d'Aosta / Vallée d'Aoste,Valle d'Aosta,125666,71972,57.27,0.84
1744,2021-03-21,VDA,355,165,190,346,0,9,ITC,ITC2,2,Valle d'Aosta / Vallée d'Aoste,Valle d'Aosta,125666,72327,57.55,0.28
1745,2021-02-08,VDA,223,83,140,25,198,0,ITC,ITC2,2,Valle d'Aosta / Vallée d'Aoste,Valle d'Aosta,125666,72550,57.73,0.18
1746,2021-03-23,VDA,379,150,229,228,134,17,ITC,ITC2,2,Valle d'Aosta / Vallée d'Aoste,Valle d'Aosta,125666,72929,58.03,0.3
1747,2021-05-19,VDA,993,498,495,411,575,7,ITC,ITC2,2,Valle d'Aosta / Vallée d'Aoste,Valle d'Aosta,125666,73922,58.82,0.79
1748,2021-01-21,VDA,33,12,21,33,0,0,ITC,ITC2,2,Valle d'Aosta / Vallée d'Aoste,Valle d'Aosta,125666,73955,58.85,0.03
1749,2021-01-04,VDA,142,59,83,142,0,0,ITC,ITC2,2,Valle d'Aosta / Vallée d'Aoste,Valle d'Aosta,125666,74097,58.96,0.11
1750,2021-03-28,VDA,522,212,310,493,1,28,ITC,ITC2,2,Valle d'Aosta / Vallée d'Aoste,Valle d'Aosta,125666,74619,59.38,0.42
1751,2021-03-11,VDA,197,76,121,66,131,0,ITC,ITC2,2,Valle d'Aosta / Vallée d'Aoste,Valle d'Aosta,125666,74816,59.54,0.16
1752,2021-06-03,VDA,1306,667,639,884,410,12,ITC,ITC2,2,Valle d'Aosta / Vallée d'Aoste,Valle d'Aosta,125666,76122,60.57,1.04
1753,2021-05-17,VDA,809,417,392,367,434,8,ITC,ITC2,2,Valle d'Aosta / Vallée d'Aoste,Valle d'Aosta,125666,76931,61.22,0.64
1754,2021-05-15,VDA,1065,614,451,367,685,13,ITC,ITC2,2,Valle d'Aosta / Vallée d'Aoste,Valle d'Aosta,125666,77996,62.07,0.85
1755,2021-02-04,VDA,294,86,208,8,286,0,ITC,ITC2,2,Valle d'Aosta / Vallée d'Aoste,Valle d'Aosta,125666,78290,62.3,0.23
1756,2021-04-28,VDA,1218,632,586,681,503,34,ITC,ITC2,2,Valle d'Aosta / Vallée d'Aoste,Valle d'Aosta,125666,79508,63.27,0.97
1757,2021-03-31,VDA,555,302,253,511,26,18,ITC,ITC2,2,Valle d'Aosta / Vallée d'Aoste,Valle d'Aosta,125666,80063,63.71,0.44
1758,2021-05-27,VDA,1089,497,592,574,503,12,ITC,ITC2,2,Valle d'Aosta / Vallée d'Aoste,Valle d'Aosta,125666,81152,64.58,0.87
1759,2021-05-13,VDA,1139,556,583,515,599,25,ITC,ITC2,2,Valle d'Aosta / Vallée d'Aoste,Valle d'Aosta,125666,82291,65.48,0.91
1760,2021-02-02,VDA,273,70,203,2,271,0,ITC,ITC2,2,Valle d'Aosta / Vallée d'Aoste,Valle d'Aosta,125666,82564,65.7,0.22
1761,2021-07-09,VDA,945,446,499,280,656,9,ITC,ITC2,2,Valle d'Aosta / Vallée d'Aoste,Valle d'Aosta,125666,83509,66.45,0.75
1762,2021-06-25,VDA,977,445,532,323,652,2,ITC,ITC2,2,Valle d'Aosta / Vallée d'Aoste,Valle d'Aosta,125666,84486,67.23,0.78
1763,2021-05-20,VDA,823,370,453,373,440,10,ITC,ITC2,2,Valle d'Aosta / Vallée d'Aoste,Valle d'Aosta,125666,85309,67.89,0.65
1764,2021-07-02,VDA,866,383,483,301,560,5,ITC,ITC2,2,Valle d'Aosta / Vallée d'Aoste,Valle d'Aosta,125666,86175,68.57,0.69
1765,2021-03-24,VDA,515,230,285,255,257,3,ITC,ITC2,2,Valle d'Aosta / Vallée d'Aoste,Valle d'Aosta,125666,86690,68.98,0.41
1766,2021-05-06,VDA,1080,513,567,662,384,34,ITC,ITC2,2,Valle d'Aosta / Vallée d'Aoste,Valle d'Aosta,125666,87770,69.84,0.86
1767,2021-06-12,VDA,1233,599,634,1063,166,4,ITC,ITC2,2,Valle d'Aosta / Vallée d'Aoste,Valle d'Aosta,125666,89003,70.83,0.98
1768,2021-03-19,VDA,322,85,237,277,35,10,ITC,ITC2,2,Valle d'Aosta / Vallée d'Aoste,Valle d'Aosta,125666,89325,71.08,0.26
1769,2021-03-16,VDA,182,37,145,109,64,9,ITC,ITC2,2,Valle d'Aosta / Vallée d'Aoste,Valle d'Aosta,125666,89507,71.23,0.14
1770,2021-01-25,VDA,147,65,82,0,147,0,ITC,ITC2,2,Valle d'Aosta / Vallée d'Aoste,Valle d'Aosta,125666,89654,71.34,0.12
1771,2021-07-10,VDA,1289,667,622,321,957,11,ITC,ITC2,2,Valle d'Aosta / Vallée d'Aoste,Valle d'Aosta,125666,90943,72.37,1.03
1772,2021-05-14,VDA,960,442,518,249,669,42,ITC,ITC2,2,Valle d'Aosta / Vallée d'Aoste,Valle d'Aosta,125666,91903,73.13,0.76
1773,2021-02-06,VDA,289,104,185,91,197,1,ITC,ITC2,2,Valle d'Aosta / Vallée d'Aoste,Valle d'Aosta,125666,92192,73.36,0.23
1774,2021-04-30,VDA,831,355,476,467,346,18,ITC,ITC2,2,Valle d'Aosta / Vallée d'Aoste,Valle d'Aosta,125666,93023,74.02,0.66
1775,2021-01-20,VDA,23,8,15,23,0,0,ITC,ITC2,2,Valle d'Aosta / Vallée d'Aoste,Valle d'Aosta,125666,93046,74.04,0.02
1776,2021-02-16,VDA,326,53,273,309,6,11,ITC,ITC2,2,Valle d'Aosta / Vallée d'Aoste,Valle d'Aosta,125666,93372,74.3,0.26
1777,2021-06-02,VDA,1215,688,527,812,401,2,ITC,ITC2,2,Valle d'Aosta / Vallée d'Aoste,Valle d'Aosta,125666,94587,75.27,0.97
1778,2021-06-19,VDA,1288,667,621,657,619,12,ITC,ITC2,2,Valle d'Aosta / Vallée d'Aoste,Valle d'Aosta,125666,95875,76.29,1.02
1779,2021-03-09,VDA,206,96,110,166,32,8,ITC,ITC2,2,Valle d'Aosta / Vallée d'Aoste,Valle d'Aosta,125666,96081,76.46,0.16
1780,2021-02-20,VDA,251,210,41,238,10,3,ITC,ITC2,2,Valle d'Aosta / Vallée d'Aoste,Valle d'Aosta,125666,96332,76.66,0.2
1781,2021-05-07,VDA,564,245,319,517,31,16,ITC,ITC2,2,Valle d'Aosta / Vallée d'Aoste,Valle d'Aosta,125666,96896,77.11,0.45
1782,2021-04-23,VDA,922,443,479,510,383,29,ITC,ITC2,2,Valle d'Aosta / Vallée d'Aoste,Valle d'Aosta,125666,97818,77.84,0.73
1783,2021-01-13,VDA,337,110,227,337,0,0,ITC,ITC2,2,Valle d'Aosta / Vallée d'Aoste,Valle d'Aosta,125666,98155,78.11,0.27
1784,2021-07-15,VDA,1085,589,496,297,788,0,ITC,ITC2,2,Valle d'Aosta / Vallée d'Aoste,Valle d'Aosta,125666,99240,78.97,0.86
1785,2021-04-06,VDA,741,381,360,595,112,34,ITC,ITC2,2,Valle d'Aosta / Vallée d'Aoste,Valle d'Aosta,125666,99981,79.56,0.59
1786,2021-03-18,VDA,136,43,93,96,37,3,ITC,ITC2,2,Valle d'Aosta / Vallée d'Aoste,Valle d'Aosta,125666,100117,79.67,0.11
1787,2021-06-26,VDA,1061,509,552,350,704,7,ITC,ITC2,2,Valle d'Aosta / Vallée d'Aoste,Valle d'Aosta,125666,101178,80.51,0.84
1788,2021-03-04,VDA,291,139,152,39,250,2,ITC,ITC2,2,Valle d'Aosta / Vallée d'Aoste,Valle d'Aosta,125666,101469,80.74,0.23
1789,2021-05-26,VDA,1209,587,622,565,633,11,ITC,ITC2,2,Valle d'Aosta / Vallée d'Aoste,Valle d'Aosta,125666,102678,81.71,0.96
1790,2021-06-29,VDA,780,390,390,235,542,3,ITC,ITC2,2,Valle d'Aosta / Vallée d'Aoste,Valle d'Aosta,125666,103458,82.33,0.62
1791,2021-06-10,VDA,1002,558,444,953,42,7,ITC,ITC2,2,Valle d'Aosta / Vallée d'Aoste,Valle d'Aosta,125666,104460,83.13,0.8
1792,2021-03-02,VDA,339,166,173,291,3,45,ITC,ITC2,2,Valle d'Aosta / Vallée d'Aoste,Valle d'Aosta,125666,104799,83.39,0.27
1793,2021-02-01,VDA,404,127,277,84,317,3,ITC,ITC2,2,Valle d'Aosta / Vallée d'Aoste,Valle d'Aosta,125666,105203,83.72,0.32
1794,2021-07-08,VDA,1275,709,566,341,924,10,ITC,ITC2,2,Valle d'Aosta / Vallée d'Aoste,Valle d'Aosta,125666,106478,84.73,1.01
1795,2021-03-30,VDA,402,223,179,365,20,17,ITC,ITC2,2,Valle d'Aosta / Vallée d'Aoste,Valle d'Aosta,125666,106880,85.05,0.32
1796,2021-05-12,VDA,1140,549,591,439,670,31,ITC,ITC2,2,Valle d'Aosta / Vallée d'Aoste,Valle d'Aosta,125666,108020,85.96,0.91
1797,2021-07-17,VDA,985,519,466,255,730,0,ITC,ITC2,2,Valle d'Aosta / Vallée d'Aoste,Valle d'Aosta,125666,109005,86.74,0.78
1798,2021-07-22,VDA,971,513,458,275,696,0,ITC,ITC2,2,Valle d'Aosta / Vallée d'Aoste,Valle d'Aosta,125666,109976,87.51,0.77
1799,2021-01-18,VDA,213,74,139,213,0,0,ITC,ITC2,2,Valle d'Aosta / Vallée d'Aoste,Valle d'Aosta,125666,110189,87.68,0.17
1800,2021-04-11,VDA,479,208,271,462,0,17,ITC,ITC2,2,Valle d'Aosta / Vallée d'Aoste,Valle d'Aosta,125666,110668,88.07,0.38
1801,2021-04-07,VDA,910,474,436,654,229,27,ITC,ITC2,2,Valle d'Aosta / Vallée d'Aoste,Valle d'Aosta,125666,111578,88.79,0.72
1802,2021-02-09,VDA,251,84,167,67,183,1,ITC,ITC2,2,Valle d'Aosta / Vallée d'Aoste,Valle d'Aosta,125666,111829,88.99,0.2
1803,2021-01-11,VDA,325,112,213,325,0,0,ITC,ITC2,2,Valle d'Aosta / Vallée d'Aoste,Valle d'Aosta,125666,112154,89.25,0.26
1804,2021-04-04,VDA,572,253,319,550,1,21,ITC,ITC2,2,Valle d'Aosta / Vallée d'Aoste,Valle d'Aosta,125666,112726,89.7,0.46
1805,2021-07-20,VDA,1117,583,534,396,721,0,ITC,ITC2,2,Valle d'Aosta / Vallée d'Aoste,Valle d'Aosta,125666,113843,90.59,0.89
1806,2021-04-18,VDA,522,254,268,492,4,26,ITC,ITC2,2,Valle d'Aosta / Vallée d'Aoste,Valle d'Aosta,125666,114365,91.01,0.42
1807,2021-06-14,VDA,311,167,144,12,299,0,ITC,ITC2,2,Valle d'Aosta / Vallée d'Aoste,Valle d'Aosta,125666,114676,91.25,0.25
1808,2021-05-31,VDA,880,396,484,490,379,11,ITC,ITC2,2,Valle d'Aosta / Vallée d'Aoste,Valle d'Aosta,125666,115556,91.95,0.7
1809,2021-02-13,VDA,216,196,20,213,1,2,ITC,ITC2,2,Valle d'Aosta / Vallée d'Aoste,Valle d'Aosta,125666,115772,92.13,0.17
1810,2021-04-25,VDA,849,408,441,673,139,37,ITC,ITC2,2,Valle d'Aosta / Vallée d'Aoste,Valle d'Aosta,125666,116621,92.8,0.68
1811,2021-06-21,VDA,1122,600,522,607,505,10,ITC,ITC2,2,Valle d'Aosta / Vallée d'Aoste,Valle d'Aosta,125666,117743,93.7,0.89
1812,2021-06-07,VDA,710,347,363,638,61,11,ITC,ITC2,2,Valle d'Aosta / Vallée d'Aoste,Valle d'Aosta,125666,118453,94.26,0.56
1813,2021-02-27,VDA,231,85,146,119,107,5,ITC,ITC2,2,Valle d'Aosta / Vallée d'Aoste,Valle d'Aosta,125666,118684,94.44,0.18
1814,2021-03-22,VDA,560,205,355,324,227,9,ITC,ITC2,2,Valle d'Aosta / Vallée d'Aoste,Valle d'Aosta,125666,119244,94.89,0.45
1815,2021-06-05,VDA,925,476,449,729,188,8,ITC,ITC2,2,Valle d'Aosta / Vallée d'Aoste,Valle d'Aosta,125666,120169,95.63,0.74
1816,2021-02-11,VDA,231,107,124,221,9,1,ITC,ITC2,2,Valle d'Aosta / Vallée d'Aoste,Valle d'Aosta,125666,120400,95.81,0.18
1817,2021-07-18,VDA,926,454,472,252,674,0,ITC,ITC2,2,Valle d'Aosta / Vallée d'Aoste,Valle d'Aosta,125666,121326,96.55,0.74
1818,2021-04-09,VDA,237,111,126,200,33,4,ITC,ITC2,2,Valle d'Aosta / Vallée d'Aoste,Valle d'Aosta,125666,121563,96.73,0.19
1819,2021-05-22,VDA,941,495,446,532,400,9,ITC,ITC2,2,Valle d'Aosta / Vallée d'Aoste,Valle d'Aosta,125666,122504,97.48,0.75
1820,2021-04-16,VDA,599,261,338,565,2,32,ITC,ITC2,2,Valle d'Aosta / Vallée d'Aoste,Valle d'Aosta,125666,123103,97.96,0.48
1821,2021-04-02,VDA,873,344,529,595,225,53,ITC,ITC2,2,Valle d'Aosta / Vallée d'Aoste,Valle d'Aosta,125666,123976,98.66,0.69
1822,2021-05-29,VDA,798,434,364,553,237,8,ITC,ITC2,2,Valle d'Aosta / Vallée d'Aoste,Valle d'Aosta,125666,124774,99.29,0.64
1823,2021-07-11,VDA,907,471,436,254,642,11,ITC,ITC2,2,Valle d'Aosta / Vallée d'Aoste,Valle d'Aosta,125666,125681,100.01,0.72
1824,2021-02-25,VDA,201,101,100,190,7,4,ITC,ITC2,2,Valle d'Aosta / Vallée d'Aoste,Valle d'Aosta,125666,125882,100.17,0.16
1825,2021-01-06,VDA,65,33,32,65,0,0,ITC,ITC2,2,Valle d'Aosta / Vallée d'Aoste,Valle d'Aosta,125666,125947,100.22,0.05
1826,2021-02-18,VDA,349,153,196,255,88,6,ITC,ITC2,2,Valle d'Aosta / Vallée d'Aoste,Valle d'Aosta,125666,126296,100.5,0.28
1827,2021-07-18,LIG,2382,1222,1160,391,1980,11,ITC,ITC3,7,Liguria,Liguria,1550640,2382,0.15,0.15
1828,2021-06-05,LIG,8098,4116,3982,4944,3152,2,ITC,ITC3,7,Liguria,Liguria,1550640,10480,0.68,0.52
1829,2021-04-09,LIG,12468,5561,6907,10551,1777,140,ITC,ITC3,7,Liguria,Liguria,1550640,22948,1.48,0.8
1830,2021-03-31,LIG,11925,5276,6649,9047,2770,108,ITC,ITC3,7,Liguria,Liguria,1550640,34873,2.25,0.77
1831,2021-02-11,LIG,1988,771,1217,1094,885,9,ITC,ITC3,7,Liguria,Liguria,1550640,36861,2.38,0.13
1832,2021-05-22,LIG,6649,3220,3429,4870,1684,95,ITC,ITC3,7,Liguria,Liguria,1550640,43510,2.81,0.43
1833,2021-06-10,LIG,18755,9679,9076,13123,5626,6,ITC,ITC3,7,Liguria,Liguria,1550640,62265,4.02,1.21
1834,2021-03-19,LIG,5296,2234,3062,2094,3147,55,ITC,ITC3,7,Liguria,Liguria,1550640,67561,4.36,0.34
1835,2021-03-02,LIG,4074,1689,2385,3753,310,11,ITC,ITC3,7,Liguria,Liguria,1550640,71635,4.62,0.26
1836,2021-07-11,LIG,2148,1191,957,1236,903,9,ITC,ITC3,7,Liguria,Liguria,1550640,73783,4.76,0.14
1837,2021-06-24,LIG,11112,5426,5686,6264,4835,13,ITC,ITC3,7,Liguria,Liguria,1550640,84895,5.47,0.72
1838,2021-04-02,LIG,11789,5220,6569,9207,2487,95,ITC,ITC3,7,Liguria,Liguria,1550640,96684,6.24,0.76
1839,2021-02-16,LIG,2428,957,1471,1996,424,8,ITC,ITC3,7,Liguria,Liguria,1550640,99112,6.39,0.16
1840,2021-05-27,LIG,16968,8706,8262,12646,4153,169,ITC,ITC3,7,Liguria,Liguria,1550640,116080,7.49,1.09
1841,2021-04-14,LIG,13076,5671,7405,10752,2201,123,ITC,ITC3,7,Liguria,Liguria,1550640,129156,8.33,0.84
1842,2021-05-29,LIG,6866,3253,3613,3977,2870,19,ITC,ITC3,7,Liguria,Liguria,1550640,136022,8.77,0.44
1843,2021-03-26,LIG,9339,4030,5309,6071,3156,112,ITC,ITC3,7,Liguria,Liguria,1550640,145361,9.37,0.6
1844,2021-07-04,LIG,4850,2579,2271,3841,993,16,ITC,ITC3,7,Liguria,Liguria,1550640,150211,9.69,0.31
1845,2021-01-02,LIG,691,245,446,691,0,0,ITC,ITC3,7,Liguria,Liguria,1550640,150902,9.73,0.04
1846,2021-06-15,LIG,17408,8462,8946,9325,8068,15,ITC,ITC3,7,Liguria,Liguria,1550640,168310,10.85,1.12
1847,2021-04-26,LIG,10566,4985,5581,7844,2636,86,ITC,ITC3,7,Liguria,Liguria,1550640,178876,11.54,0.68
1848,2021-01-16,LIG,1278,557,721,1273,0,5,ITC,ITC3,7,Liguria,Liguria,1550640,180154,11.62,0.08
1849,2021-02-02,LIG,2673,1007,1666,127,2544,2,ITC,ITC3,7,Liguria,Liguria,1550640,182827,11.79,0.17
1850,2021-04-28,LIG,14460,6523,7937,6380,7987,93,ITC,ITC3,7,Liguria,Liguria,1550640,197287,12.72,0.93
1851,2021-02-04,LIG,2817,987,1830,178,2639,0,ITC,ITC3,7,Liguria,Liguria,1550640,200104,12.9,0.18
1852,2021-05-15,LIG,7320,3272,4048,4286,2955,79,ITC,ITC3,7,Liguria,Liguria,1550640,207424,13.38,0.47
1853,2021-02-21,LIG,869,491,378,857,4,8,ITC,ITC3,7,Liguria,Liguria,1550640,208293,13.43,0.06
1854,2021-03-14,LIG,1659,752,907,1033,604,22,ITC,ITC3,7,Liguria,Liguria,1550640,209952,13.54,0.11
1855,2021-06-22,LIG,15795,7456,8339,7652,8116,27,ITC,ITC3,7,Liguria,Liguria,1550640,225747,14.56,1.02
1856,2021-07-06,LIG,12326,6055,6271,5680,6610,36,ITC,ITC3,7,Liguria,Liguria,1550640,238073,15.35,0.79
1857,2021-05-10,LIG,12650,5642,7008,6211,6375,64,ITC,ITC3,7,Liguria,Liguria,1550640,250723,16.17,0.82
1858,2021-05-03,LIG,13255,5918,7337,6306,6815,134,ITC,ITC3,7,Liguria,Liguria,1550640,263978,17.02,0.85
1859,2021-03-21,LIG,551,220,331,69,482,0,ITC,ITC3,7,Liguria,Liguria,1550640,264529,17.06,0.04
1860,2021-02-28,LIG,1059,580,479,1043,9,7,ITC,ITC3,7,Liguria,Liguria,1550640,265588,17.13,0.07
1861,2020-12-28,LIG,80,30,50,80,0,0,ITC,ITC3,7,Liguria,Liguria,1550640,265668,17.13,0.01
1862,2021-06-03,LIG,15528,7694,7834,9150,6368,10,ITC,ITC3,7,Liguria,Liguria,1550640,281196,18.13,1.0
1863,2021-04-07,LIG,13681,6108,7573,11304,2288,89,ITC,ITC3,7,Liguria,Liguria,1550640,294877,19.02,0.88
1864,2021-02-23,LIG,3806,1559,2247,3657,109,40,ITC,ITC3,7,Liguria,Liguria,1550640,298683,19.26,0.25
1865,2021-06-14,LIG,15133,7307,7826,8275,6856,2,ITC,ITC3,7,Liguria,Liguria,1550640,313816,20.24,0.98
1866,2021-02-25,LIG,3457,1349,2108,3307,130,20,ITC,ITC3,7,Liguria,Liguria,1550640,317273,20.46,0.22
1867,2021-02-09,LIG,1952,694,1258,264,1686,2,ITC,ITC3,7,Liguria,Liguria,1550640,319225,20.59,0.13
1868,2021-04-23,LIG,14679,6640,8039,8450,6119,110,ITC,ITC3,7,Liguria,Liguria,1550640,333904,21.53,0.95
1869,2021-03-11,LIG,6401,3091,3310,4332,2012,57,ITC,ITC3,7,Liguria,Liguria,1550640,340305,21.95,0.41
1870,2021-01-13,LIG,2758,1014,1744,2757,0,1,ITC,ITC3,7,Liguria,Liguria,1550640,343063,22.12,0.18
1871,2021-04-21,LIG,14271,6446,7825,8844,5329,98,ITC,ITC3,7,Liguria,Liguria,1550640,357334,23.04,0.92
1872,2021-05-08,LIG,7528,3334,4194,2270,5214,44,ITC,ITC3,7,Liguria,Liguria,1550640,364862,23.53,0.49
1873,2021-01-25,LIG,2727,889,1838,477,2249,1,ITC,ITC3,7,Liguria,Liguria,1550640,367589,23.71,0.18
1874,2021-05-05,LIG,13716,6138,7578,5195,8418,103,ITC,ITC3,7,Liguria,Liguria,1550640,381305,24.59,0.88
1875,2021-03-07,LIG,1915,1138,777,1590,301,24,ITC,ITC3,7,Liguria,Liguria,1550640,383220,24.71,0.12
1876,2021-06-17,LIG,16683,7926,8757,9138,7526,19,ITC,ITC3,7,Liguria,Liguria,1550640,399903,25.79,1.08
1877,2020-12-30,LIG,12,5,7,12,0,0,ITC,ITC3,7,Liguria,Liguria,1550640,399915,25.79,0.0
1878,2021-01-23,LIG,810,296,514,154,656,0,ITC,ITC3,7,Liguria,Liguria,1550640,400725,25.84,0.05
1879,2021-06-29,LIG,15163,7220,7943,8700,6431,32,ITC,ITC3,7,Liguria,Liguria,1550640,415888,26.82,0.98
1880,2021-05-17,LIG,12034,5521,6513,8653,3329,52,ITC,ITC3,7,Liguria,Liguria,1550640,427922,27.6,0.78
1881,2021-01-30,LIG,1661,567,1094,23,1637,1,ITC,ITC3,7,Liguria,Liguria,1550640,429583,27.7,0.11
1882,2021-03-28,LIG,1141,511,630,378,751,12,ITC,ITC3,7,Liguria,Liguria,1550640,430724,27.78,0.07
1883,2021-01-09,LIG,1335,481,854,1334,0,1,ITC,ITC3,7,Liguria,Liguria,1550640,432059,27.86,0.09
1884,2021-04-19,LIG,12838,5619,7219,8919,3831,88,ITC,ITC3,7,Liguria,Liguria,1550640,444897,28.69,0.83
1885,2021-07-13,LIG,13053,6418,6635,3497,9534,22,ITC,ITC3,7,Liguria,Liguria,1550640,457950,29.53,0.84
1886,2021-03-04,LIG,4738,2118,2620,3834,847,57,ITC,ITC3,7,Liguria,Liguria,1550640,462688,29.84,0.31
1887,2021-06-12,LIG,10233,4977,5256,7479,2752,2,ITC,ITC3,7,Liguria,Liguria,1550640,472921,30.5,0.66
1888,2021-04-30,LIG,14420,6440,7980,5736,8568,116,ITC,ITC3,7,Liguria,Liguria,1550640,487341,31.43,0.93
1889,2021-01-04,LIG,2616,855,1761,2615,0,1,ITC,ITC3,7,Liguria,Liguria,1550640,489957,31.6,0.17
1890,2021-06-21,LIG,14822,7032,7790,8569,6236,17,ITC,ITC3,7,Liguria,Liguria,1550640,504779,32.55,0.96
1891,2021-04-16,LIG,12001,5293,6708,10008,1829,164,ITC,ITC3,7,Liguria,Liguria,1550640,516780,33.33,0.77
1892,2021-01-06,LIG,1664,618,1046,1661,0,3,ITC,ITC3,7,Liguria,Liguria,1550640,518444,33.43,0.11
1893,2021-01-28,LIG,2848,972,1876,39,2809,0,ITC,ITC3,7,Liguria,Liguria,1550640,521292,33.62,0.18
1894,2021-03-16,LIG,6084,2731,3353,2310,3733,41,ITC,ITC3,7,Liguria,Liguria,1550640,527376,34.01,0.39
1895,2021-06-02,LIG,8529,4341,4188,5360,3168,1,ITC,ITC3,7,Liguria,Liguria,1550640,535905,34.56,0.55
1896,2021-06-19,LIG,7409,3775,3634,5725,1666,18,ITC,ITC3,7,Liguria,Liguria,1550640,543314,35.04,0.48
1897,2021-02-18,LIG,2771,1128,1643,2425,335,11,ITC,ITC3,7,Liguria,Liguria,1550640,546085,35.22,0.18
1898,2021-05-14,LIG,13146,5863,7283,8634,4327,185,ITC,ITC3,7,Liguria,Liguria,1550640,559231,36.06,0.85
1899,2021-07-03,LIG,8799,4356,4443,5477,3309,13,ITC,ITC3,7,Liguria,Liguria,1550640,568030,36.63,0.57
1900,2021-04-11,LIG,4247,1929,2318,3943,249,55,ITC,ITC3,7,Liguria,Liguria,1550640,572277,36.91,0.27
1901,2021-07-20,LIG,13918,6860,7058,2752,11132,34,ITC,ITC3,7,Liguria,Liguria,1550640,586195,37.8,0.9
1902,2021-01-18,LIG,2143,747,1396,1984,157,2,ITC,ITC3,7,Liguria,Liguria,1550640,588338,37.94,0.14
1903,2021-07-22,LIG,15894,8013,7881,3114,12735,45,ITC,ITC3,7,Liguria,Liguria,1550640,604232,38.97,1.02
1904,2021-03-06,LIG,3304,1842,1462,2551,705,48,ITC,ITC3,7,Liguria,Liguria,1550640,607536,39.18,0.21
1905,2021-01-22,LIG,1820,604,1216,1330,487,3,ITC,ITC3,7,Liguria,Liguria,1550640,609356,39.3,0.12
1906,2021-05-02,LIG,3978,1836,2142,505,3467,6,ITC,ITC3,7,Liguria,Liguria,1550640,613334,39.55,0.26
1907,2021-05-04,LIG,13650,6088,7562,5336,8229,85,ITC,ITC3,7,Liguria,Liguria,1550640,626984,40.43,0.88
1908,2021-06-28,LIG,11596,5606,5990,7254,4300,42,ITC,ITC3,7,Liguria,Liguria,1550640,638580,41.18,0.75
1909,2021-03-20,LIG,2316,995,1321,1124,1174,18,ITC,ITC3,7,Liguria,Liguria,1550640,640896,41.33,0.15
1910,2021-06-30,LIG,15065,7186,7879,8232,6789,44,ITC,ITC3,7,Liguria,Liguria,1550640,655961,42.3,0.97
1911,2021-05-24,LIG,11871,5586,6285,9273,2496,102,ITC,ITC3,7,Liguria,Liguria,1550640,667832,43.07,0.77
1912,2021-05-07,LIG,13594,6041,7553,5734,7793,67,ITC,ITC3,7,Liguria,Liguria,1550640,681426,43.94,0.88
1913,2021-02-13,LIG,1080,508,572,797,280,3,ITC,ITC3,7,Liguria,Liguria,1550640,682506,44.01,0.07
1914,2021-06-07,LIG,15685,7653,8032,8665,7012,8,ITC,ITC3,7,Liguria,Liguria,1550640,698191,45.03,1.01
1915,2021-06-26,LIG,7211,3353,3858,4490,2708,13,ITC,ITC3,7,Liguria,Liguria,1550640,705402,45.49,0.47
1916,2021-05-09,LIG,2824,1244,1580,1086,1709,29,ITC,ITC3,7,Liguria,Liguria,1550640,708226,45.67,0.18
1917,2021-01-29,LIG,3082,1064,2018,67,3015,0,ITC,ITC3,7,Liguria,Liguria,1550640,711308,45.87,0.2
1918,2021-01-20,LIG,1555,556,999,1542,12,1,ITC,ITC3,7,Liguria,Liguria,1550640,712863,45.97,0.1
1919,2021-01-21,LIG,1107,385,722,675,431,1,ITC,ITC3,7,Liguria,Liguria,1550640,713970,46.04,0.07
1920,2021-01-14,LIG,2983,1056,1927,2982,0,1,ITC,ITC3,7,Liguria,Liguria,1550640,716953,46.24,0.19
1921,2021-03-12,LIG,6215,2873,3342,3688,2470,57,ITC,ITC3,7,Liguria,Liguria,1550640,723168,46.64,0.4
1922,2021-05-31,LIG,14712,7377,7335,9114,5514,84,ITC,ITC3,7,Liguria,Liguria,1550640,737880,47.59,0.95
1923,2021-03-09,LIG,5932,2754,3178,4440,1431,61,ITC,ITC3,7,Liguria,Liguria,1550640,743812,47.97,0.38
1924,2021-02-20,LIG,1335,637,698,1330,1,4,ITC,ITC3,7,Liguria,Liguria,1550640,745147,48.05,0.09
1925,2021-05-16,LIG,3705,1862,1843,2118,1560,27,ITC,ITC3,7,Liguria,Liguria,1550640,748852,48.29,0.24
1926,2021-02-22,LIG,3343,1476,1867,3191,142,10,ITC,ITC3,7,Liguria,Liguria,1550640,752195,48.51,0.22
1927,2021-06-16,LIG,16386,7913,8473,9264,7111,11,ITC,ITC3,7,Liguria,Liguria,1550640,768581,49.57,1.06
1928,2021-03-08,LIG,5625,2460,3165,3895,1689,41,ITC,ITC3,7,Liguria,Liguria,1550640,774206,49.93,0.36
1929,2021-03-25,LIG,9769,4232,5537,6227,3392,150,ITC,ITC3,7,Liguria,Liguria,1550640,783975,50.56,0.63
1930,2021-01-01,LIG,145,55,90,145,0,0,ITC,ITC3,7,Liguria,Liguria,1550640,784120,50.57,0.01
1931,2021-07-10,LIG,6892,3473,3419,2759,4125,8,ITC,ITC3,7,Liguria,Liguria,1550640,791012,51.01,0.44
1932,2021-04-04,LIG,756,366,390,499,249,8,ITC,ITC3,7,Liguria,Liguria,1550640,791768,51.06,0.05
1933,2021-04-18,LIG,2613,1164,1449,2072,468,73,ITC,ITC3,7,Liguria,Liguria,1550640,794381,51.23,0.17
1934,2021-01-08,LIG,2930,999,1931,2928,0,2,ITC,ITC3,7,Liguria,Liguria,1550640,797311,51.42,0.19
1935,2021-01-27,LIG,1744,603,1141,140,1603,1,ITC,ITC3,7,Liguria,Liguria,1550640,799055,51.53,0.11
1936,2021-05-21,LIG,12845,5956,6889,9576,3126,143,ITC,ITC3,7,Liguria,Liguria,1550640,811900,52.36,0.83
1937,2021-01-15,LIG,2257,755,1502,2252,0,5,ITC,ITC3,7,Liguria,Liguria,1550640,814157,52.5,0.15
1938,2021-04-25,LIG,1935,920,1015,1506,415,14,ITC,ITC3,7,Liguria,Liguria,1550640,816092,52.63,0.12
1939,2021-03-13,LIG,3849,1637,2212,2949,855,45,ITC,ITC3,7,Liguria,Liguria,1550640,819941,52.88,0.25
1940,2021-06-23,LIG,14297,6840,7457,9092,5186,19,ITC,ITC3,7,Liguria,Liguria,1550640,834238,53.8,0.92
1941,2021-02-14,LIG,233,122,111,233,0,0,ITC,ITC3,7,Liguria,Liguria,1550640,834471,53.81,0.02
1942,2021-05-25,LIG,14261,6953,7308,10950,3181,130,ITC,ITC3,7,Liguria,Liguria,1550640,848732,54.73,0.92
1943,2021-01-11,LIG,2655,992,1663,2654,0,1,ITC,ITC3,7,Liguria,Liguria,1550640,851387,54.91,0.17
1944,2021-07-12,LIG,13391,6425,6966,4164,9198,29,ITC,ITC3,7,Liguria,Liguria,1550640,864778,55.77,0.86
1945,2021-01-10,LIG,648,262,386,644,0,4,ITC,ITC3,7,Liguria,Liguria,1550640,865426,55.81,0.04
1946,2021-04-20,LIG,14240,6520,7720,9733,4352,155,ITC,ITC3,7,Liguria,Liguria,1550640,879666,56.73,0.92
1947,2021-07-09,LIG,12790,6306,6484,4227,8543,20,ITC,ITC3,7,Liguria,Liguria,1550640,892456,57.55,0.82
1948,2021-04-05,LIG,3978,1753,2225,2303,1649,26,ITC,ITC3,7,Liguria,Liguria,1550640,896434,57.81,0.26
1949,2021-07-16,LIG,12586,6206,6380,3149,9398,39,ITC,ITC3,7,Liguria,Liguria,1550640,909020,58.62,0.81
1950,2021-07-19,LIG,12065,6017,6048,3387,8639,39,ITC,ITC3,7,Liguria,Liguria,1550640,921085,59.4,0.78
1951,2021-04-27,LIG,14799,6688,8111,7144,7587,68,ITC,ITC3,7,Liguria,Liguria,1550640,935884,60.35,0.95
1952,2021-02-03,LIG,2317,792,1525,54,2263,0,ITC,ITC3,7,Liguria,Liguria,1550640,938201,60.5,0.15
1953,2021-07-21,LIG,18690,9234,9456,3669,14978,43,ITC,ITC3,7,Liguria,Liguria,1550640,956891,61.71,1.21
1954,2021-04-29,LIG,15588,6983,8605,6600,8843,145,ITC,ITC3,7,Liguria,Liguria,1550640,972479,62.71,1.01
1955,2021-03-27,LIG,3932,1549,2383,2485,1395,52,ITC,ITC3,7,Liguria,Liguria,1550640,976411,62.97,0.25
1956,2021-07-05,LIG,11866,5752,6114,5340,6490,36,ITC,ITC3,7,Liguria,Liguria,1550640,988277,63.73,0.77
1957,2021-04-13,LIG,13081,5869,7212,10944,2025,112,ITC,ITC3,7,Liguria,Liguria,1550640,1001358,64.58,0.84
1958,2021-07-01,LIG,13513,6513,7000,7354,6126,33,ITC,ITC3,7,Liguria,Liguria,1550640,1014871,65.45,0.87
1959,2021-05-19,LIG,13571,5962,7609,10306,3120,145,ITC,ITC3,7,Liguria,Liguria,1550640,1028442,66.32,0.88
1960,2021-03-23,LIG,9273,4221,5052,5981,3209,83,ITC,ITC3,7,Liguria,Liguria,1550640,1037715,66.92,0.6
1961,2021-07-15,LIG,14734,7451,7283,5207,9456,71,ITC,ITC3,7,Liguria,Liguria,1550640,1052449,67.87,0.95
1962,2021-02-01,LIG,2559,923,1636,90,2469,0,ITC,ITC3,7,Liguria,Liguria,1550640,1055008,68.04,0.17
1963,2021-07-08,LIG,13590,6692,6898,6186,7366,38,ITC,ITC3,7,Liguria,Liguria,1550640,1068598,68.91,0.88
1964,2021-05-12,LIG,12052,5460,6592,6592,5348,112,ITC,ITC3,7,Liguria,Liguria,1550640,1080650,69.69,0.78
1965,2021-05-26,LIG,16668,8417,8251,12139,4374,155,ITC,ITC3,7,Liguria,Liguria,1550640,1097318,70.77,1.07
1966,2021-03-30,LIG,12215,5428,6787,8739,3388,88,ITC,ITC3,7,Liguria,Liguria,1550640,1109533,71.55,0.79
1967,2021-02-27,LIG,1888,921,967,1750,129,9,ITC,ITC3,7,Liguria,Liguria,1550640,1111421,71.67,0.12
1968,2021-02-10,LIG,2316,837,1479,1015,1297,4,ITC,ITC3,7,Liguria,Liguria,1550640,1113737,71.82,0.15
1969,2021-03-18,LIG,4986,2124,2862,1972,2979,35,ITC,ITC3,7,Liguria,Liguria,1550640,1118723,72.15,0.32
1970,2021-04-01,LIG,12428,5512,6916,9568,2770,90,ITC,ITC3,7,Liguria,Liguria,1550640,1131151,72.95,0.8
1971,2021-05-11,LIG,13917,6390,7527,7181,6617,119,ITC,ITC3,7,Liguria,Liguria,1550640,1145068,73.84,0.9
1972,2021-03-29,LIG,10581,4620,5961,7344,3132,105,ITC,ITC3,7,Liguria,Liguria,1550640,1155649,74.53,0.68
1973,2021-01-31,LIG,624,270,354,9,615,0,ITC,ITC3,7,Liguria,Liguria,1550640,1156273,74.57,0.04
1974,2021-07-07,LIG,11732,5631,6101,4967,6746,19,ITC,ITC3,7,Liguria,Liguria,1550640,1168005,75.32,0.76
1975,2021-03-22,LIG,7748,3470,4278,4737,2938,73,ITC,ITC3,7,Liguria,Liguria,1550640,1175753,75.82,0.5
1976,2021-02-07,LIG,407,153,254,2,405,0,ITC,ITC3,7,Liguria,Liguria,1550640,1176160,75.85,0.03
1977,2021-05-18,LIG,13467,6120,7347,10037,3293,137,ITC,ITC3,7,Liguria,Liguria,1550640,1189627,76.72,0.87
1978,2021-05-13,LIG,13300,6082,7218,8887,4246,167,ITC,ITC3,7,Liguria,Liguria,1550640,1202927,77.58,0.86
1979,2021-02-19,LIG,3218,1306,1912,2987,176,55,ITC,ITC3,7,Liguria,Liguria,1550640,1206145,77.78,0.21
1980,2021-05-30,LIG,3302,1613,1689,1348,1941,13,ITC,ITC3,7,Liguria,Liguria,1550640,1209447,78.0,0.21
1981,2021-06-01,LIG,16331,8222,8109,10961,5365,5,ITC,ITC3,7,Liguria,Liguria,1550640,1225778,79.05,1.05
1982,2021-06-18,LIG,15393,7493,7900,8182,7192,19,ITC,ITC3,7,Liguria,Liguria,1550640,1241171,80.04,0.99
1983,2021-03-10,LIG,5902,2863,3039,3927,1908,67,ITC,ITC3,7,Liguria,Liguria,1550640,1247073,80.42,0.38
1984,2021-04-06,LIG,13249,5902,7347,10883,2260,106,ITC,ITC3,7,Liguria,Liguria,1550640,1260322,81.28,0.85
1985,2021-02-08,LIG,1979,742,1237,306,1673,0,ITC,ITC3,7,Liguria,Liguria,1550640,1262301,81.41,0.13
1986,2020-12-27,LIG,135,56,79,134,0,1,ITC,ITC3,7,Liguria,Liguria,1550640,1262436,81.41,0.01
1987,2021-04-12,LIG,12391,5477,6914,10278,2019,94,ITC,ITC3,7,Liguria,Liguria,1550640,1274827,82.21,0.8
1988,2021-01-19,LIG,1374,439,935,1280,90,4,ITC,ITC3,7,Liguria,Liguria,1550640,1276201,82.3,0.09
1989,2021-02-05,LIG,2685,989,1696,305,2379,1,ITC,ITC3,7,Liguria,Liguria,1550640,1278886,82.47,0.17
1990,2021-03-24,LIG,9180,4033,5147,5808,3287,85,ITC,ITC3,7,Liguria,Liguria,1550640,1288066,83.07,0.59
1991,2021-07-02,LIG,12928,6348,6580,6433,6464,31,ITC,ITC3,7,Liguria,Liguria,1550640,1300994,83.9,0.83
1992,2020-12-31,LIG,990,353,637,990,0,0,ITC,ITC3,7,Liguria,Liguria,1550640,1301984,83.96,0.06
1993,2021-06-08,LIG,18094,9024,9070,11456,6629,9,ITC,ITC3,7,Liguria,Liguria,1550640,1320078,85.13,1.17
1994,2021-03-17,LIG,5552,2368,3184,2451,3079,22,ITC,ITC3,7,Liguria,Liguria,1550640,1325630,85.49,0.36
1995,2021-06-25,LIG,13798,6604,7194,6888,6896,14,ITC,ITC3,7,Liguria,Liguria,1550640,1339428,86.38,0.89
1996,2021-07-14,LIG,11447,5640,5807,3436,7986,25,ITC,ITC3,7,Liguria,Liguria,1550640,1350875,87.12,0.74
1997,2021-05-06,LIG,14523,6443,8080,6039,8328,156,ITC,ITC3,7,Liguria,Liguria,1550640,1365398,88.05,0.94
1998,2021-01-26,LIG,2488,807,1681,16,2472,0,ITC,ITC3,7,Liguria,Liguria,1550640,1367886,88.21,0.16
1999,2021-05-23,LIG,2305,1119,1186,1169,1123,13,ITC,ITC3,7,Liguria,Liguria,1550640,1370191,88.36,0.15
2000,2021-03-01,LIG,3539,1447,2092,3383,136,20,ITC,ITC3,7,Liguria,Liguria,1550640,1373730,88.59,0.23
2001,2021-06-09,LIG,19051,9559,9492,12484,6559,8,ITC,ITC3,7,Liguria,Liguria,1550640,1392781,89.82,1.23
2002,2021-04-03,LIG,5407,2499,2908,4428,943,36,ITC,ITC3,7,Liguria,Liguria,1550640,1398188,90.17,0.35
2003,2021-05-20,LIG,12932,6003,6929,8778,4026,128,ITC,ITC3,7,Liguria,Liguria,1550640,1411120,91.0,0.83
2004,2021-02-15,LIG,2262,839,1423,1855,397,10,ITC,ITC3,7,Liguria,Liguria,1550640,1413382,91.15,0.15
2005,2021-01-03,LIG,734,230,504,732,0,2,ITC,ITC3,7,Liguria,Liguria,1550640,1414116,91.2,0.05
2006,2021-04-10,LIG,7888,3561,4327,6890,914,84,ITC,ITC3,7,Liguria,Liguria,1550640,1422004,91.7,0.51
2007,2021-01-17,LIG,866,301,565,865,0,1,ITC,ITC3,7,Liguria,Liguria,1550640,1422870,91.76,0.06
2008,2021-01-24,LIG,756,237,519,113,643,0,ITC,ITC3,7,Liguria,Liguria,1550640,1423626,91.81,0.05
2009,2021-06-27,LIG,1944,892,1052,691,1243,10,ITC,ITC3,7,Liguria,Liguria,1550640,1425570,91.93,0.13
2010,2021-02-12,LIG,1937,691,1246,895,1040,2,ITC,ITC3,7,Liguria,Liguria,1550640,1427507,92.06,0.12
2011,2021-01-07,LIG,3226,1095,2131,3223,0,3,ITC,ITC3,7,Liguria,Liguria,1550640,1430733,92.27,0.21
2012,2021-06-13,LIG,5616,2695,2921,5162,454,0,ITC,ITC3,7,Liguria,Liguria,1550640,1436349,92.63,0.36
2013,2021-04-17,LIG,7386,3219,4167,6564,751,71,ITC,ITC3,7,Liguria,Liguria,1550640,1443735,93.11,0.48
2014,2021-05-01,LIG,7143,3257,3886,1303,5801,39,ITC,ITC3,7,Liguria,Liguria,1550640,1450878,93.57,0.46
2015,2021-03-05,LIG,4869,2150,2719,3674,1132,63,ITC,ITC3,7,Liguria,Liguria,1550640,1455747,93.88,0.31
2016,2021-03-15,LIG,7251,3098,4153,4495,2707,49,ITC,ITC3,7,Liguria,Liguria,1550640,1462998,94.35,0.47
2017,2021-06-06,LIG,3809,2031,1778,2947,862,0,ITC,ITC3,7,Liguria,Liguria,1550640,1466807,94.59,0.25
2018,2021-04-24,LIG,8218,3795,4423,4959,3152,107,ITC,ITC3,7,Liguria,Liguria,1550640,1475025,95.12,0.53
2019,2021-02-26,LIG,3766,1524,2242,3412,329,25,ITC,ITC3,7,Liguria,Liguria,1550640,1478791,95.37,0.24
2020,2021-06-20,LIG,1335,658,677,1053,275,7,ITC,ITC3,7,Liguria,Liguria,1550640,1480126,95.45,0.09
2021,2021-02-06,LIG,1892,768,1124,145,1747,0,ITC,ITC3,7,Liguria,Liguria,1550640,1482018,95.57,0.12
2022,2021-06-11,LIG,17823,9076,8747,11752,6068,3,ITC,ITC3,7,Liguria,Liguria,1550640,1499841,96.72,1.15
2023,2021-04-15,LIG,11845,5237,6608,9889,1851,105,ITC,ITC3,7,Liguria,Liguria,1550640,1511686,97.49,0.76
2024,2021-04-08,LIG,13787,6179,7608,11589,2045,153,ITC,ITC3,7,Liguria,Liguria,1550640,1525473,98.38,0.89
2025,2021-07-17,LIG,6487,3347,3140,1809,4674,4,ITC,ITC3,7,Liguria,Liguria,1550640,1531960,98.8,0.42
2026,2021-06-04,LIG,14786,7257,7529,9292,5487,7,ITC,ITC3,7,Liguria,Liguria,1550640,1546746,99.75,0.95
2027,2021-02-17,LIG,2694,1184,1510,2254,428,12,ITC,ITC3,7,Liguria,Liguria,1550640,1549440,99.92,0.17
2028,2021-05-28,LIG,16293,8138,8155,11609,4538,146,ITC,ITC3,7,Liguria,Liguria,1550640,1565733,100.97,1.05
2029,2021-01-05,LIG,2879,896,1983,2879,0,0,ITC,ITC3,7,Liguria,Liguria,1550640,1568612,101.16,0.19
2030,2021-03-03,LIG,4581,1847,2734,3444,1027,110,ITC,ITC3,7,Liguria,Liguria,1550640,1573193,101.45,0.3
2031,2021-02-24,LIG,3764,1560,2204,3448,258,58,ITC,ITC3,7,Liguria,Liguria,1550640,1576957,101.7,0.24
2032,2020-12-29,LIG,125,33,92,125,0,0,ITC,ITC3,7,Liguria,Liguria,1550640,1577082,101.71,0.01
2033,2021-01-12,LIG,2474,890,1584,2473,0,1,ITC,ITC3,7,Liguria,Liguria,1550640,1579556,101.86,0.16
2034,2021-04-22,LIG,13865,6212,7653,8643,5084,138,ITC,ITC3,7,Liguria,Liguria,1550640,1593421,102.76,0.89
2035,2021-07-20,LOM,94856,48975,45881,6878,87239,739,ITC,ITC4,3,Lombardia,Lombardia,10060574,94856,0.94,0.94
2036,2021-02-04,LOM,27838,8117,19721,2010,25823,5,ITC,ITC4,3,Lombardia,Lombardia,10060574,122694,1.22,0.28
2037,2021-07-18,LOM,97099,50589,46510,8544,87862,693,ITC,ITC4,3,Lombardia,Lombardia,10060574,219793,2.18,0.97
2038,2021-04-09,LOM,52402,22372,30030,35570,15996,836,ITC,ITC4,3,Lombardia,Lombardia,10060574,272195,2.71,0.52
2039,2021-07-13,LOM,108421,56675,51746,15418,91762,1241,ITC,ITC4,3,Lombardia,Lombardia,10060574,380616,3.78,1.08
2040,2021-04-04,LOM,7612,3230,4382,3682,3896,34,ITC,ITC4,3,Lombardia,Lombardia,10060574,388228,3.86,0.08
2041,2021-02-16,LOM,9506,3073,6433,8957,448,101,ITC,ITC4,3,Lombardia,Lombardia,10060574,397734,3.95,0.09
2042,2021-06-10,LOM,102613,52233,50380,86393,14421,1799,ITC,ITC4,3,Lombardia,Lombardia,10060574,500347,4.97,1.02
2043,2021-03-02,LOM,22833,9706,13127,19531,3040,262,ITC,ITC4,3,Lombardia,Lombardia,10060574,523180,5.2,0.23
2044,2020-12-28,LOM,108,47,61,108,0,0,ITC,ITC4,3,Lombardia,Lombardia,10060574,523288,5.2,0.0
2045,2021-04-21,LOM,71834,32566,39268,55834,14666,1334,ITC,ITC4,3,Lombardia,Lombardia,10060574,595122,5.92,0.71
2046,2021-01-11,LOM,16293,5389,10904,16283,0,10,ITC,ITC4,3,Lombardia,Lombardia,10060574,611415,6.08,0.16
2047,2021-01-28,LOM,12231,3705,8526,795,11429,7,ITC,ITC4,3,Lombardia,Lombardia,10060574,623646,6.2,0.12
2048,2021-05-24,LOM,89543,43494,46049,48584,40025,934,ITC,ITC4,3,Lombardia,Lombardia,10060574,713189,7.09,0.89
2049,2021-02-11,LOM,17087,5014,12073,9632,7376,79,ITC,ITC4,3,Lombardia,Lombardia,10060574,730276,7.26,0.17
2050,2021-05-31,LOM,95659,47402,48257,78347,16208,1104,ITC,ITC4,3,Lombardia,Lombardia,10060574,825935,8.21,0.95
2051,2021-03-26,LOM,41331,15709,25622,27506,13154,671,ITC,ITC4,3,Lombardia,Lombardia,10060574,867266,8.62,0.41
2052,2021-05-22,LOM,70602,33839,36763,31724,38164,714,ITC,ITC4,3,Lombardia,Lombardia,10060574,937868,9.32,0.7
2053,2021-03-28,LOM,20545,7840,12705,13938,6223,384,ITC,ITC4,3,Lombardia,Lombardia,10060574,958413,9.53,0.2
2054,2021-04-14,LOM,47194,21034,26160,33537,12971,686,ITC,ITC4,3,Lombardia,Lombardia,10060574,1005607,10.0,0.47
2055,2021-01-04,LOM,6117,2110,4007,6111,0,6,ITC,ITC4,3,Lombardia,Lombardia,10060574,1011724,10.06,0.06
2056,2021-06-19,LOM,104303,51985,52318,56247,46632,1424,ITC,ITC4,3,Lombardia,Lombardia,10060574,1116027,11.09,1.04
2057,2021-07-06,LOM,101810,50688,51122,23066,77325,1419,ITC,ITC4,3,Lombardia,Lombardia,10060574,1217837,12.11,1.01
2058,2021-06-05,LOM,102430,52954,49476,91102,9817,1511,ITC,ITC4,3,Lombardia,Lombardia,10060574,1320267,13.12,1.02
2059,2021-03-14,LOM,14874,5348,9526,11218,3283,373,ITC,ITC4,3,Lombardia,Lombardia,10060574,1335141,13.27,0.15
2060,2021-02-23,LOM,11830,4804,7026,11290,332,208,ITC,ITC4,3,Lombardia,Lombardia,10060574,1346971,13.39,0.12
2061,2021-01-16,LOM,15617,5778,9839,15606,0,11,ITC,ITC4,3,Lombardia,Lombardia,10060574,1362588,13.54,0.16
2062,2021-04-23,LOM,73577,33342,40235,55584,16606,1387,ITC,ITC4,3,Lombardia,Lombardia,10060574,1436165,14.28,0.73
2063,2021-05-10,LOM,85282,40890,44392,62041,21582,1659,ITC,ITC4,3,Lombardia,Lombardia,10060574,1521447,15.12,0.85
2064,2021-01-30,LOM,12317,4567,7750,146,12162,9,ITC,ITC4,3,Lombardia,Lombardia,10060574,1533764,15.25,0.12
2065,2021-04-02,LOM,41283,16890,24393,26205,14524,554,ITC,ITC4,3,Lombardia,Lombardia,10060574,1575047,15.66,0.41
2066,2021-04-11,LOM,32221,13944,18277,24315,7395,511,ITC,ITC4,3,Lombardia,Lombardia,10060574,1607268,15.98,0.32
2067,2021-01-01,LOM,24,7,17,24,0,0,ITC,ITC4,3,Lombardia,Lombardia,10060574,1607292,15.98,0.0
2068,2021-06-07,LOM,98966,50432,48534,84026,13322,1618,ITC,ITC4,3,Lombardia,Lombardia,10060574,1706258,16.96,0.98
2069,2021-02-27,LOM,13950,5874,8076,13154,641,155,ITC,ITC4,3,Lombardia,Lombardia,10060574,1720208,17.1,0.14
2070,2021-05-29,LOM,88312,42414,45898,41398,46072,842,ITC,ITC4,3,Lombardia,Lombardia,10060574,1808520,17.98,0.88
2071,2021-02-18,LOM,14052,4925,9127,12818,1037,197,ITC,ITC4,3,Lombardia,Lombardia,10060574,1822572,18.12,0.14
2072,2021-04-25,LOM,51540,23636,27904,45538,4783,1219,ITC,ITC4,3,Lombardia,Lombardia,10060574,1874112,18.63,0.51
2073,2021-06-28,LOM,107889,54974,52915,74275,31006,2608,ITC,ITC4,3,Lombardia,Lombardia,10060574,1982001,19.7,1.07
2074,2021-07-08,LOM,114372,58288,56084,13165,100175,1032,ITC,ITC4,3,Lombardia,Lombardia,10060574,2096373,20.84,1.14
2075,2021-04-16,LOM,53694,23932,29762,38431,14375,888,ITC,ITC4,3,Lombardia,Lombardia,10060574,2150067,21.37,0.53
2076,2021-05-03,LOM,83710,39761,43949,69459,12129,2122,ITC,ITC4,3,Lombardia,Lombardia,10060574,2233777,22.2,0.83
2077,2021-01-23,LOM,1126,360,766,924,199,3,ITC,ITC4,3,Lombardia,Lombardia,10060574,2234903,22.21,0.01
2078,2021-05-17,LOM,94645,45355,49290,29529,64413,703,ITC,ITC4,3,Lombardia,Lombardia,10060574,2329548,23.16,0.94
2079,2021-05-19,LOM,83257,39765,43492,33099,49352,806,ITC,ITC4,3,Lombardia,Lombardia,10060574,2412805,23.98,0.83
2080,2021-02-08,LOM,10088,2919,7169,2122,7957,9,ITC,ITC4,3,Lombardia,Lombardia,10060574,2422893,24.08,0.1
2081,2021-01-09,LOM,12481,4602,7879,12473,0,8,ITC,ITC4,3,Lombardia,Lombardia,10060574,2435374,24.21,0.12
2082,2021-03-07,LOM,12088,5362,6726,9337,2560,191,ITC,ITC4,3,Lombardia,Lombardia,10060574,2447462,24.33,0.12
2083,2021-01-27,LOM,8045,2677,5368,808,7235,2,ITC,ITC4,3,Lombardia,Lombardia,10060574,2455507,24.41,0.08
2084,2021-07-03,LOM,102327,51625,50702,44533,55686,2108,ITC,ITC4,3,Lombardia,Lombardia,10060574,2557834,25.42,1.02
2085,2021-03-25,LOM,42867,16034,26833,29240,12722,905,ITC,ITC4,3,Lombardia,Lombardia,10060574,2600701,25.85,0.43
2086,2021-05-21,LOM,93862,45247,48615,28382,64719,761,ITC,ITC4,3,Lombardia,Lombardia,10060574,2694563,26.78,0.93
2087,2021-06-12,LOM,89310,48060,41250,84313,3156,1841,ITC,ITC4,3,Lombardia,Lombardia,10060574,2783873,27.67,0.89
2088,2021-06-29,LOM,107129,53140,53989,57395,47725,2009,ITC,ITC4,3,Lombardia,Lombardia,10060574,2891002,28.74,1.06
2089,2021-03-21,LOM,23516,8495,15021,17732,5194,590,ITC,ITC4,3,Lombardia,Lombardia,10060574,2914518,28.97,0.23
2090,2021-02-13,LOM,6420,2441,3979,4883,1477,60,ITC,ITC4,3,Lombardia,Lombardia,10060574,2920938,29.03,0.06
2091,2021-07-17,LOM,108486,57284,51202,10217,97345,924,ITC,ITC4,3,Lombardia,Lombardia,10060574,3029424,30.11,1.08
2092,2020-12-30,LOM,114,42,72,114,0,0,ITC,ITC4,3,Lombardia,Lombardia,10060574,3029538,30.11,0.0
2093,2021-06-16,LOM,99250,50431,48819,49935,48162,1153,ITC,ITC4,3,Lombardia,Lombardia,10060574,3128788,31.1,0.99
2094,2021-03-06,LOM,21347,9100,12247,16533,4516,298,ITC,ITC4,3,Lombardia,Lombardia,10060574,3150135,31.31,0.21
2095,2021-02-20,LOM,9343,3869,5474,8846,302,195,ITC,ITC4,3,Lombardia,Lombardia,10060574,3159478,31.4,0.09
2096,2021-04-18,LOM,36406,16230,20176,30522,5241,643,ITC,ITC4,3,Lombardia,Lombardia,10060574,3195884,31.77,0.36
2097,2021-01-08,LOM,12720,3926,8794,12709,0,11,ITC,ITC4,3,Lombardia,Lombardia,10060574,3208604,31.89,0.13
2098,2021-04-28,LOM,95741,43673,52068,66921,26907,1913,ITC,ITC4,3,Lombardia,Lombardia,10060574,3304345,32.84,0.95
2099,2021-06-24,LOM,109523,56632,52891,78327,28809,2387,ITC,ITC4,3,Lombardia,Lombardia,10060574,3413868,33.93,1.09
2100,2021-03-16,LOM,25499,10114,15385,16299,9078,122,ITC,ITC4,3,Lombardia,Lombardia,10060574,3439367,34.19,0.25
2101,2021-05-12,LOM,87494,41751,45743,57410,27561,2523,ITC,ITC4,3,Lombardia,Lombardia,10060574,3526861,35.06,0.87
2102,2021-07-15,LOM,108754,55937,52817,12893,94659,1202,ITC,ITC4,3,Lombardia,Lombardia,10060574,3635615,36.14,1.08
2103,2021-04-06,LOM,43077,17588,25489,24441,17946,690,ITC,ITC4,3,Lombardia,Lombardia,10060574,3678692,36.57,0.43
2104,2021-06-14,LOM,94767,48150,46617,49109,44528,1130,ITC,ITC4,3,Lombardia,Lombardia,10060574,3773459,37.51,0.94
2105,2021-05-26,LOM,93682,44654,49028,42732,50058,892,ITC,ITC4,3,Lombardia,Lombardia,10060574,3867141,38.44,0.93
2106,2021-02-15,LOM,8956,3140,5816,8357,420,179,ITC,ITC4,3,Lombardia,Lombardia,10060574,3876097,38.53,0.09
2107,2021-06-21,LOM,113271,58032,55239,78355,32741,2175,ITC,ITC4,3,Lombardia,Lombardia,10060574,3989368,39.65,1.13
2108,2021-06-02,LOM,84635,43574,41061,76986,6331,1318,ITC,ITC4,3,Lombardia,Lombardia,10060574,4074003,40.49,0.84
2109,2021-03-11,LOM,36228,13481,22747,25628,9916,684,ITC,ITC4,3,Lombardia,Lombardia,10060574,4110231,40.85,0.36
2110,2021-03-30,LOM,39641,15593,24048,24249,14784,608,ITC,ITC4,3,Lombardia,Lombardia,10060574,4149872,41.25,0.39
2111,2021-02-25,LOM,15300,6353,8947,13525,1575,200,ITC,ITC4,3,Lombardia,Lombardia,10060574,4165172,41.4,0.15
2112,2021-02-06,LOM,15268,5541,9727,1010,14253,5,ITC,ITC4,3,Lombardia,Lombardia,10060574,4180440,41.55,0.15
2113,2021-05-02,LOM,83511,38338,45173,59265,22466,1780,ITC,ITC4,3,Lombardia,Lombardia,10060574,4263951,42.38,0.83
2114,2021-07-22,LOM,98588,51655,46933,11989,85192,1407,ITC,ITC4,3,Lombardia,Lombardia,10060574,4362539,43.36,0.98
2115,2021-04-13,LOM,47662,21275,26387,32931,14087,644,ITC,ITC4,3,Lombardia,Lombardia,10060574,4410201,43.84,0.47
2116,2021-06-09,LOM,103636,52222,51414,87424,14493,1719,ITC,ITC4,3,Lombardia,Lombardia,10060574,4513837,44.87,1.03
2117,2021-03-08,LOM,29763,11193,18570,22163,7083,517,ITC,ITC4,3,Lombardia,Lombardia,10060574,4543600,45.16,0.3
2118,2021-05-04,LOM,86842,41085,45757,70290,14399,2153,ITC,ITC4,3,Lombardia,Lombardia,10060574,4630442,46.03,0.86
2119,2021-01-24,LOM,1201,458,743,538,663,0,ITC,ITC4,3,Lombardia,Lombardia,10060574,4631643,46.04,0.01
2120,2021-01-15,LOM,25264,7444,17820,25212,0,52,ITC,ITC4,3,Lombardia,Lombardia,10060574,4656907,46.29,0.25
2121,2021-04-29,LOM,115555,53605,61950,83118,29862,2575,ITC,ITC4,3,Lombardia,Lombardia,10060574,4772462,47.44,1.15
2122,2021-06-25,LOM,108038,56067,51971,78202,27531,2305,ITC,ITC4,3,Lombardia,Lombardia,10060574,4880500,48.51,1.07
2123,2021-04-20,LOM,67678,30834,36844,55903,10346,1429,ITC,ITC4,3,Lombardia,Lombardia,10060574,4948178,49.18,0.67
2124,2021-01-13,LOM,26441,8076,18365,26414,0,27,ITC,ITC4,3,Lombardia,Lombardia,10060574,4974619,49.45,0.26
2125,2021-06-18,LOM,107592,52849,54743,51944,54412,1236,ITC,ITC4,3,Lombardia,Lombardia,10060574,5082211,50.52,1.07
2126,2021-03-01,LOM,18797,8233,10564,16884,1707,206,ITC,ITC4,3,Lombardia,Lombardia,10060574,5101008,50.7,0.19
2127,2021-06-17,LOM,108553,52709,55844,51077,56297,1179,ITC,ITC4,3,Lombardia,Lombardia,10060574,5209561,51.78,1.08
2128,2021-03-09,LOM,33226,12863,20363,25244,7398,584,ITC,ITC4,3,Lombardia,Lombardia,10060574,5242787,52.11,0.33
2129,2021-05-05,LOM,87959,41937,46022,70366,15317,2276,ITC,ITC4,3,Lombardia,Lombardia,10060574,5330746,52.99,0.87
2130,2021-07-01,LOM,104940,52822,52118,53334,49212,2394,ITC,ITC4,3,Lombardia,Lombardia,10060574,5435686,54.03,1.04
2131,2021-01-06,LOM,7158,2528,4630,7151,0,7,ITC,ITC4,3,Lombardia,Lombardia,10060574,5442844,54.1,0.07
2132,2021-05-18,LOM,88218,42165,46053,31872,55579,767,ITC,ITC4,3,Lombardia,Lombardia,10060574,5531062,54.98,0.88
2133,2021-06-04,LOM,104618,54307,50311,93194,9639,1785,ITC,ITC4,3,Lombardia,Lombardia,10060574,5635680,56.02,1.04
2134,2021-02-24,LOM,14722,5958,8764,13574,954,194,ITC,ITC4,3,Lombardia,Lombardia,10060574,5650402,56.16,0.15
2135,2021-05-16,LOM,68701,32506,36195,35586,32204,911,ITC,ITC4,3,Lombardia,Lombardia,10060574,5719103,56.85,0.68
2136,2021-02-05,LOM,25718,7461,18257,2410,23289,19,ITC,ITC4,3,Lombardia,Lombardia,10060574,5744821,57.1,0.26
2137,2021-02-22,LOM,11901,4810,7091,11397,306,198,ITC,ITC4,3,Lombardia,Lombardia,10060574,5756722,57.22,0.12
2138,2021-04-30,LOM,117446,54872,62574,87233,27643,2570,ITC,ITC4,3,Lombardia,Lombardia,10060574,5874168,58.39,1.17
2139,2021-01-20,LOM,5680,1382,4298,5561,114,5,ITC,ITC4,3,Lombardia,Lombardia,10060574,5879848,58.44,0.06
2140,2021-01-22,LOM,3158,874,2284,3084,69,5,ITC,ITC4,3,Lombardia,Lombardia,10060574,5883006,58.48,0.03
2141,2021-03-04,LOM,29334,12116,17218,20041,9073,220,ITC,ITC4,3,Lombardia,Lombardia,10060574,5912340,58.77,0.29
2142,2021-06-30,LOM,106775,52911,53864,56577,48093,2105,ITC,ITC4,3,Lombardia,Lombardia,10060574,6019115,59.83,1.06
2143,2021-03-22,LOM,40339,14303,26036,28948,10557,834,ITC,ITC4,3,Lombardia,Lombardia,10060574,6059454,60.23,0.4
2144,2021-04-08,LOM,52397,21773,30624,35261,16464,672,ITC,ITC4,3,Lombardia,Lombardia,10060574,6111851,60.75,0.52
2145,2020-12-29,LOM,106,45,61,106,0,0,ITC,ITC4,3,Lombardia,Lombardia,10060574,6111957,60.75,0.0
2146,2021-07-14,LOM,109192,56741,52451,14333,93452,1407,ITC,ITC4,3,Lombardia,Lombardia,10060574,6221149,61.84,1.09
2147,2021-04-22,LOM,73951,33402,40549,56209,16360,1382,ITC,ITC4,3,Lombardia,Lombardia,10060574,6295100,62.57,0.74
2148,2021-03-03,LOM,26998,11520,15478,19481,7300,217,ITC,ITC4,3,Lombardia,Lombardia,10060574,6322098,62.84,0.27
2149,2021-01-10,LOM,10530,3968,6562,10521,0,9,ITC,ITC4,3,Lombardia,Lombardia,10060574,6332628,62.94,0.1
2150,2021-01-17,LOM,8351,3347,5004,8144,201,6,ITC,ITC4,3,Lombardia,Lombardia,10060574,6340979,63.03,0.08
2151,2021-06-23,LOM,110928,57399,53529,76753,32037,2138,ITC,ITC4,3,Lombardia,Lombardia,10060574,6451907,64.13,1.1
2152,2021-03-15,LOM,31563,11337,20226,22429,8520,614,ITC,ITC4,3,Lombardia,Lombardia,10060574,6483470,64.44,0.31
2153,2021-04-27,LOM,86038,39992,46046,67639,16591,1808,ITC,ITC4,3,Lombardia,Lombardia,10060574,6569508,65.3,0.86
2154,2021-03-20,LOM,32594,12165,20429,22242,9852,500,ITC,ITC4,3,Lombardia,Lombardia,10060574,6602102,65.62,0.32
2155,2020-12-27,LOM,718,414,304,718,0,0,ITC,ITC4,3,Lombardia,Lombardia,10060574,6602820,65.63,0.01
2156,2021-05-15,LOM,80909,38784,42125,45478,33385,2046,ITC,ITC4,3,Lombardia,Lombardia,10060574,6683729,66.43,0.8
2157,2021-07-11,LOM,90176,45614,44562,11766,77352,1058,ITC,ITC4,3,Lombardia,Lombardia,10060574,6773905,67.33,0.9
2158,2021-05-13,LOM,87192,41780,45412,55721,28878,2593,ITC,ITC4,3,Lombardia,Lombardia,10060574,6861097,68.2,0.87
2159,2021-02-02,LOM,19893,6600,13293,496,19394,3,ITC,ITC4,3,Lombardia,Lombardia,10060574,6880990,68.4,0.2
2160,2021-03-31,LOM,42169,17104,25065,26188,15304,677,ITC,ITC4,3,Lombardia,Lombardia,10060574,6923159,68.81,0.42
2161,2021-03-10,LOM,33296,12734,20562,24844,7865,587,ITC,ITC4,3,Lombardia,Lombardia,10060574,6956455,69.15,0.33
2162,2021-03-13,LOM,27191,9779,17412,20544,6096,551,ITC,ITC4,3,Lombardia,Lombardia,10060574,6983646,69.42,0.27
2163,2021-05-01,LOM,95985,43678,52307,65053,29219,1713,ITC,ITC4,3,Lombardia,Lombardia,10060574,7079631,70.37,0.95
2164,2021-07-07,LOM,111813,56053,55760,17984,92660,1169,ITC,ITC4,3,Lombardia,Lombardia,10060574,7191444,71.48,1.11
2165,2021-04-15,LOM,49460,21863,27597,34883,13826,751,ITC,ITC4,3,Lombardia,Lombardia,10060574,7240904,71.97,0.49
2166,2021-01-05,LOM,7862,2576,5286,7856,0,6,ITC,ITC4,3,Lombardia,Lombardia,10060574,7248766,72.05,0.08
2167,2021-03-27,LOM,32453,12382,20071,23104,8717,632,ITC,ITC4,3,Lombardia,Lombardia,10060574,7281219,72.37,0.32
2168,2021-01-03,LOM,854,316,538,853,0,1,ITC,ITC4,3,Lombardia,Lombardia,10060574,7282073,72.38,0.01
2169,2021-01-18,LOM,9232,2978,6254,8242,975,15,ITC,ITC4,3,Lombardia,Lombardia,10060574,7291305,72.47,0.09
2170,2021-03-23,LOM,42581,15470,27111,28860,12866,855,ITC,ITC4,3,Lombardia,Lombardia,10060574,7333886,72.9,0.42
2171,2021-01-25,LOM,7027,2376,4651,475,6549,3,ITC,ITC4,3,Lombardia,Lombardia,10060574,7340913,72.97,0.07
2172,2021-02-01,LOM,16072,5323,10749,307,15763,2,ITC,ITC4,3,Lombardia,Lombardia,10060574,7356985,73.13,0.16
2173,2021-05-11,LOM,86903,41445,45458,58254,26234,2415,ITC,ITC4,3,Lombardia,Lombardia,10060574,7443888,73.99,0.86
2174,2021-05-28,LOM,93571,44837,48734,42025,50632,914,ITC,ITC4,3,Lombardia,Lombardia,10060574,7537459,74.92,0.93
2175,2021-02-17,LOM,11993,3756,8237,10410,1390,193,ITC,ITC4,3,Lombardia,Lombardia,10060574,7549452,75.04,0.12
2176,2021-06-11,LOM,101458,51687,49771,84929,14638,1891,ITC,ITC4,3,Lombardia,Lombardia,10060574,7650910,76.05,1.01
2177,2021-05-06,LOM,89864,42207,47657,70978,16520,2366,ITC,ITC4,3,Lombardia,Lombardia,10060574,7740774,76.94,0.89
2178,2021-01-26,LOM,8345,2706,5639,349,7996,0,ITC,ITC4,3,Lombardia,Lombardia,10060574,7749119,77.02,0.08
2179,2021-03-17,LOM,26262,10498,15764,15101,11001,160,ITC,ITC4,3,Lombardia,Lombardia,10060574,7775381,77.29,0.26
2180,2021-07-04,LOM,86638,43333,43305,40178,44506,1954,ITC,ITC4,3,Lombardia,Lombardia,10060574,7862019,78.15,0.86
2181,2021-06-22,LOM,111000,57929,53071,78999,29884,2117,ITC,ITC4,3,Lombardia,Lombardia,10060574,7973019,79.25,1.1
2182,2021-07-09,LOM,115525,58889,56636,11724,102915,886,ITC,ITC4,3,Lombardia,Lombardia,10060574,8088544,80.4,1.15
2183,2021-06-03,LOM,97142,49718,47424,84604,10876,1662,ITC,ITC4,3,Lombardia,Lombardia,10060574,8185686,81.36,0.97
2184,2021-06-20,LOM,88960,44337,44623,52835,34886,1239,ITC,ITC4,3,Lombardia,Lombardia,10060574,8274646,82.25,0.88
2185,2021-03-12,LOM,35278,12972,22306,24454,10207,617,ITC,ITC4,3,Lombardia,Lombardia,10060574,8309924,82.6,0.35
2186,2021-03-29,LOM,40050,15542,24508,24532,14839,679,ITC,ITC4,3,Lombardia,Lombardia,10060574,8349974,83.0,0.4
2187,2021-07-05,LOM,101403,49536,51867,31238,68275,1890,ITC,ITC4,3,Lombardia,Lombardia,10060574,8451377,84.0,1.01
2188,2021-01-21,LOM,5491,1604,3887,4784,690,17,ITC,ITC4,3,Lombardia,Lombardia,10060574,8456868,84.06,0.05
2189,2021-02-07,LOM,7312,2825,4487,335,6974,3,ITC,ITC4,3,Lombardia,Lombardia,10060574,8464180,84.13,0.07
2190,2021-01-19,LOM,8053,2329,5724,7571,468,14,ITC,ITC4,3,Lombardia,Lombardia,10060574,8472233,84.21,0.08
2191,2021-04-05,LOM,27385,11696,15689,19027,8104,254,ITC,ITC4,3,Lombardia,Lombardia,10060574,8499618,84.48,0.27
2192,2021-01-31,LOM,9748,3770,5978,29,9719,0,ITC,ITC4,3,Lombardia,Lombardia,10060574,8509366,84.58,0.1
2193,2021-05-25,LOM,91166,43624,47542,43844,46497,825,ITC,ITC4,3,Lombardia,Lombardia,10060574,8600532,85.49,0.91
2194,2021-02-14,LOM,3583,1547,2036,2934,635,14,ITC,ITC4,3,Lombardia,Lombardia,10060574,8604115,85.52,0.04
2195,2021-01-12,LOM,20291,6719,13572,20262,0,29,ITC,ITC4,3,Lombardia,Lombardia,10060574,8624406,85.72,0.2
2196,2021-05-09,LOM,69717,32889,36828,54470,13274,1973,ITC,ITC4,3,Lombardia,Lombardia,10060574,8694123,86.42,0.69
2197,2021-01-29,LOM,13505,4131,9374,686,12816,3,ITC,ITC4,3,Lombardia,Lombardia,10060574,8707628,86.55,0.13
2198,2021-06-13,LOM,76001,40564,35437,72290,2125,1586,ITC,ITC4,3,Lombardia,Lombardia,10060574,8783629,87.31,0.76
2199,2021-03-05,LOM,28953,11943,17010,20234,8420,299,ITC,ITC4,3,Lombardia,Lombardia,10060574,8812582,87.6,0.29
2200,2021-06-27,LOM,90905,46795,44110,69780,18829,2296,ITC,ITC4,3,Lombardia,Lombardia,10060574,8903487,88.5,0.9
2201,2021-03-19,LOM,32456,12928,19528,18910,13223,323,ITC,ITC4,3,Lombardia,Lombardia,10060574,8935943,88.82,0.32
2202,2021-07-02,LOM,103806,52039,51767,48858,52741,2207,ITC,ITC4,3,Lombardia,Lombardia,10060574,9039749,89.85,1.03
2203,2021-03-24,LOM,43253,15616,27637,30470,11893,890,ITC,ITC4,3,Lombardia,Lombardia,10060574,9083002,90.28,0.43
2204,2021-02-09,LOM,12220,3335,8885,4024,8182,14,ITC,ITC4,3,Lombardia,Lombardia,10060574,9095222,90.4,0.12
2205,2021-07-12,LOM,111651,57402,54249,14789,95717,1145,ITC,ITC4,3,Lombardia,Lombardia,10060574,9206873,91.51,1.11
2206,2021-04-03,LOM,36267,14870,21397,25780,10107,380,ITC,ITC4,3,Lombardia,Lombardia,10060574,9243140,91.87,0.36
2207,2021-05-30,LOM,74370,35588,38782,33793,39958,619,ITC,ITC4,3,Lombardia,Lombardia,10060574,9317510,92.61,0.74
2208,2021-05-20,LOM,94448,45640,48808,31244,62562,642,ITC,ITC4,3,Lombardia,Lombardia,10060574,9411958,93.55,0.94
2209,2021-05-27,LOM,94854,45447,49407,40619,53447,788,ITC,ITC4,3,Lombardia,Lombardia,10060574,9506812,94.5,0.94
2210,2021-04-24,LOM,75822,33602,42220,53438,21144,1240,ITC,ITC4,3,Lombardia,Lombardia,10060574,9582634,95.25,0.75
2211,2021-01-14,LOM,26939,7810,19129,26884,0,55,ITC,ITC4,3,Lombardia,Lombardia,10060574,9609573,95.52,0.27
2212,2021-05-08,LOM,87764,40764,47000,63474,22068,2222,ITC,ITC4,3,Lombardia,Lombardia,10060574,9697337,96.39,0.87
2213,2021-05-23,LOM,60764,28929,31835,26293,33957,514,ITC,ITC4,3,Lombardia,Lombardia,10060574,9758101,96.99,0.6
2214,2021-02-12,LOM,13968,4369,9599,8870,4938,160,ITC,ITC4,3,Lombardia,Lombardia,10060574,9772069,97.13,0.14
2215,2021-07-19,LOM,96869,50297,46572,10800,84989,1080,ITC,ITC4,3,Lombardia,Lombardia,10060574,9868938,98.1,0.96
2216,2021-04-10,LOM,52753,21847,30906,40044,11958,751,ITC,ITC4,3,Lombardia,Lombardia,10060574,9921691,98.62,0.52
2217,2021-06-06,LOM,90130,46347,43783,79530,9222,1378,ITC,ITC4,3,Lombardia,Lombardia,10060574,10011821,99.52,0.9
2218,2021-01-07,LOM,11780,3643,8137,11740,0,40,ITC,ITC4,3,Lombardia,Lombardia,10060574,10023601,99.63,0.12
2219,2021-02-19,LOM,14219,5400,8819,13321,723,175,ITC,ITC4,3,Lombardia,Lombardia,10060574,10037820,99.77,0.14
2220,2021-04-17,LOM,48515,21306,27209,36945,10852,718,ITC,ITC4,3,Lombardia,Lombardia,10060574,10086335,100.26,0.48
2221,2021-02-26,LOM,18432,7563,10869,16324,1904,204,ITC,ITC4,3,Lombardia,Lombardia,10060574,10104767,100.44,0.18
2222,2021-07-16,LOM,108844,56681,52163,11121,96554,1169,ITC,ITC4,3,Lombardia,Lombardia,10060574,10213611,101.52,1.08
2223,2021-04-07,LOM,50601,20926,29675,34079,15817,705,ITC,ITC4,3,Lombardia,Lombardia,10060574,10264212,102.02,0.5
2224,2020-12-31,LOM,714,302,412,714,0,0,ITC,ITC4,3,Lombardia,Lombardia,10060574,10264926,102.03,0.01
2225,2021-05-07,LOM,92320,43710,48610,68372,22404,1544,ITC,ITC4,3,Lombardia,Lombardia,10060574,10357246,102.95,0.92
2226,2021-03-18,LOM,27406,10960,16446,15935,11244,227,ITC,ITC4,3,Lombardia,Lombardia,10060574,10384652,103.22,0.27
2227,2021-05-14,LOM,85960,41396,44564,53254,30323,2383,ITC,ITC4,3,Lombardia,Lombardia,10060574,10470612,104.08,0.85
2228,2021-07-10,LOM,107107,54218,52889,13911,92015,1181,ITC,ITC4,3,Lombardia,Lombardia,10060574,10577719,105.14,1.06
2229,2021-06-26,LOM,105871,55425,50446,77786,25685,2400,ITC,ITC4,3,Lombardia,Lombardia,10060574,10683590,106.19,1.05
2230,2021-02-10,LOM,14403,4508,9895,7547,6825,31,ITC,ITC4,3,Lombardia,Lombardia,10060574,10697993,106.34,0.14
2231,2021-02-03,LOM,25652,7919,17733,1076,24571,5,ITC,ITC4,3,Lombardia,Lombardia,10060574,10723645,106.59,0.25
2232,2021-04-01,LOM,43018,17254,25764,26074,16231,713,ITC,ITC4,3,Lombardia,Lombardia,10060574,10766663,107.02,0.43
2233,2021-06-01,LOM,93960,46104,47856,75754,17100,1106,ITC,ITC4,3,Lombardia,Lombardia,10060574,10860623,107.95,0.93
2234,2021-01-02,LOM,202,74,128,202,0,0,ITC,ITC4,3,Lombardia,Lombardia,10060574,10860825,107.95,0.0
2235,2021-06-08,LOM,102885,52298,50587,87147,14063,1675,ITC,ITC4,3,Lombardia,Lombardia,10060574,10963710,108.98,1.02
2236,2021-02-28,LOM,7884,3254,4630,7602,210,72,ITC,ITC4,3,Lombardia,Lombardia,10060574,10971594,109.06,0.08
2237,2021-04-26,LOM,87989,40936,47053,67055,19166,1768,ITC,ITC4,3,Lombardia,Lombardia,10060574,11059583,109.93,0.87
2238,2021-07-21,LOM,93810,48384,45426,8539,84404,867,ITC,ITC4,3,Lombardia,Lombardia,10060574,11153393,110.86,0.93
2239,2021-04-12,LOM,47252,20587,26665,32268,14348,636,ITC,ITC4,3,Lombardia,Lombardia,10060574,11200645,111.33,0.47
2240,2021-02-21,LOM,5053,1864,3189,4942,17,94,ITC,ITC4,3,Lombardia,Lombardia,10060574,11205698,111.38,0.05
2241,2021-04-19,LOM,60125,27351,32774,49449,9406,1270,ITC,ITC4,3,Lombardia,Lombardia,10060574,11265823,111.98,0.6
2242,2021-06-15,LOM,95976,48846,47130,49017,45894,1065,ITC,ITC4,3,Lombardia,Lombardia,10060574,11361799,112.93,0.95
2243,2021-06-14,CAL,14353,6509,7844,9631,4645,77,ITF,ITF6,18,Calabria,Calabria,1947131,14353,0.74,0.74
2244,2021-03-04,CAL,5484,3192,2292,4667,797,20,ITF,ITF6,18,Calabria,Calabria,1947131,19837,1.02,0.28
2245,2021-06-12,CAL,13236,6294,6942,10773,2398,65,ITF,ITF6,18,Calabria,Calabria,1947131,33073,1.7,0.68
2246,2021-01-11,CAL,2174,1054,1120,2172,0,2,ITF,ITF6,18,Calabria,Calabria,1947131,35247,1.81,0.11
2247,2021-01-25,CAL,1082,519,563,149,933,0,ITF,ITF6,18,Calabria,Calabria,1947131,36329,1.87,0.06
2248,2021-05-05,CAL,13540,6479,7061,8409,5059,72,ITF,ITF6,18,Calabria,Calabria,1947131,49869,2.56,0.7
2249,2021-03-02,CAL,4374,2493,1881,3607,759,8,ITF,ITF6,18,Calabria,Calabria,1947131,54243,2.79,0.22
2250,2021-03-16,CAL,3859,1892,1967,2185,1662,12,ITF,ITF6,18,Calabria,Calabria,1947131,58102,2.98,0.2
2251,2021-01-06,CAL,939,506,433,939,0,0,ITF,ITF6,18,Calabria,Calabria,1947131,59041,3.03,0.05
2252,2021-04-16,CAL,10264,5005,5259,8596,1615,53,ITF,ITF6,18,Calabria,Calabria,1947131,69305,3.56,0.53
2253,2021-02-18,CAL,1853,852,1001,1609,228,16,ITF,ITF6,18,Calabria,Calabria,1947131,71158,3.65,0.1
2254,2021-06-21,CAL,15377,7080,8297,7979,7362,36,ITF,ITF6,18,Calabria,Calabria,1947131,86535,4.44,0.79
2255,2021-01-04,CAL,1070,530,540,1067,0,3,ITF,ITF6,18,Calabria,Calabria,1947131,87605,4.5,0.05
2256,2021-03-09,CAL,6509,3392,3117,5458,988,63,ITF,ITF6,18,Calabria,Calabria,1947131,94114,4.83,0.33
2257,2021-02-20,CAL,1445,766,679,1109,322,14,ITF,ITF6,18,Calabria,Calabria,1947131,95559,4.91,0.07
2258,2021-05-31,CAL,15292,7342,7950,7308,7903,81,ITF,ITF6,18,Calabria,Calabria,1947131,110851,5.69,0.79
2259,2021-07-22,CAL,17986,8830,9156,3425,14479,82,ITF,ITF6,18,Calabria,Calabria,1947131,128837,6.62,0.92
2260,2021-04-30,CAL,15039,7368,7671,10545,4424,70,ITF,ITF6,18,Calabria,Calabria,1947131,143876,7.39,0.77
2261,2021-01-18,CAL,1301,591,710,1052,245,4,ITF,ITF6,18,Calabria,Calabria,1947131,145177,7.46,0.07
2262,2021-02-06,CAL,2914,1343,1571,444,2469,1,ITF,ITF6,18,Calabria,Calabria,1947131,148091,7.61,0.15
2263,2021-07-10,CAL,15932,7531,8401,3244,12645,43,ITF,ITF6,18,Calabria,Calabria,1947131,164023,8.42,0.82
2264,2021-01-23,CAL,402,187,215,359,43,0,ITF,ITF6,18,Calabria,Calabria,1947131,164425,8.44,0.02
2265,2021-03-28,CAL,2690,1231,1459,1566,1120,4,ITF,ITF6,18,Calabria,Calabria,1947131,167115,8.58,0.14
2266,2021-04-18,CAL,5853,2796,3057,4919,913,21,ITF,ITF6,18,Calabria,Calabria,1947131,172968,8.88,0.3
2267,2021-04-04,CAL,1572,786,786,1141,421,10,ITF,ITF6,18,Calabria,Calabria,1947131,174540,8.96,0.08
2268,2021-06-26,CAL,15564,7185,8379,7556,7941,67,ITF,ITF6,18,Calabria,Calabria,1947131,190104,9.76,0.8
2269,2021-02-25,CAL,2895,1559,1336,2258,597,40,ITF,ITF6,18,Calabria,Calabria,1947131,192999,9.91,0.15
2270,2021-03-06,CAL,8474,4364,4110,7658,797,19,ITF,ITF6,18,Calabria,Calabria,1947131,201473,10.35,0.44
2271,2021-04-23,CAL,13125,6444,6681,9430,3599,96,ITF,ITF6,18,Calabria,Calabria,1947131,214598,11.02,0.67
2272,2021-01-13,CAL,2060,1041,1019,2048,0,12,ITF,ITF6,18,Calabria,Calabria,1947131,216658,11.13,0.11
2273,2021-06-23,CAL,17158,7845,9313,8092,8985,81,ITF,ITF6,18,Calabria,Calabria,1947131,233816,12.01,0.88
2274,2021-02-11,CAL,2344,1047,1297,1062,1260,22,ITF,ITF6,18,Calabria,Calabria,1947131,236160,12.13,0.12
2275,2021-05-23,CAL,11389,5553,5836,6996,4350,43,ITF,ITF6,18,Calabria,Calabria,1947131,247549,12.71,0.58
2276,2021-03-11,CAL,7266,3454,3812,5951,1270,45,ITF,ITF6,18,Calabria,Calabria,1947131,254815,13.09,0.37
2277,2021-06-19,CAL,15842,7412,8430,8498,7279,65,ITF,ITF6,18,Calabria,Calabria,1947131,270657,13.9,0.81
2278,2021-05-14,CAL,19916,9568,10348,12940,6866,110,ITF,ITF6,18,Calabria,Calabria,1947131,290573,14.92,1.02
2279,2021-07-03,CAL,15143,7133,8010,5259,9809,75,ITF,ITF6,18,Calabria,Calabria,1947131,305716,15.7,0.78
2280,2021-04-11,CAL,4193,1905,2288,2233,1944,16,ITF,ITF6,18,Calabria,Calabria,1947131,309909,15.92,0.22
2281,2021-07-20,CAL,17477,8477,9000,3205,14204,68,ITF,ITF6,18,Calabria,Calabria,1947131,327386,16.81,0.9
2282,2021-04-13,CAL,6917,3392,3525,5577,1319,21,ITF,ITF6,18,Calabria,Calabria,1947131,334303,17.17,0.36
2283,2021-01-20,CAL,1406,629,777,1402,1,3,ITF,ITF6,18,Calabria,Calabria,1947131,335709,17.24,0.07
2284,2021-01-30,CAL,2193,1156,1037,337,1853,3,ITF,ITF6,18,Calabria,Calabria,1947131,337902,17.35,0.11
2285,2021-02-17,CAL,1870,827,1043,1645,211,14,ITF,ITF6,18,Calabria,Calabria,1947131,339772,17.45,0.1
2286,2021-05-28,CAL,20978,10195,10783,11415,9452,111,ITF,ITF6,18,Calabria,Calabria,1947131,360750,18.53,1.08
2287,2021-04-15,CAL,7756,3804,3952,5976,1740,40,ITF,ITF6,18,Calabria,Calabria,1947131,368506,18.93,0.4
2288,2021-04-01,CAL,8677,3949,4728,4161,4483,33,ITF,ITF6,18,Calabria,Calabria,1947131,377183,19.37,0.45
2289,2021-06-07,CAL,18001,8421,9580,14712,3209,80,ITF,ITF6,18,Calabria,Calabria,1947131,395184,20.3,0.92
2290,2021-05-24,CAL,17763,8895,8868,9933,7748,82,ITF,ITF6,18,Calabria,Calabria,1947131,412947,21.21,0.91
2291,2021-05-07,CAL,16134,7599,8535,9657,6403,74,ITF,ITF6,18,Calabria,Calabria,1947131,429081,22.04,0.83
2292,2021-02-13,CAL,1400,605,795,1031,366,3,ITF,ITF6,18,Calabria,Calabria,1947131,430481,22.11,0.07
2293,2021-06-11,CAL,17823,8759,9064,15125,2577,121,ITF,ITF6,18,Calabria,Calabria,1947131,448304,23.02,0.92
2294,2021-01-08,CAL,2183,1041,1142,2176,0,7,ITF,ITF6,18,Calabria,Calabria,1947131,450487,23.14,0.11
2295,2021-05-09,CAL,9639,4499,5140,6056,3542,41,ITF,ITF6,18,Calabria,Calabria,1947131,460126,23.63,0.5
2296,2021-01-29,CAL,2064,995,1069,227,1836,1,ITF,ITF6,18,Calabria,Calabria,1947131,462190,23.74,0.11
2297,2021-05-04,CAL,16443,7579,8864,11648,4709,86,ITF,ITF6,18,Calabria,Calabria,1947131,478633,24.58,0.84
2298,2021-03-13,CAL,6955,3019,3936,5936,990,29,ITF,ITF6,18,Calabria,Calabria,1947131,485588,24.94,0.36
2299,2021-01-15,CAL,2807,1260,1547,2801,0,6,ITF,ITF6,18,Calabria,Calabria,1947131,488395,25.08,0.14
2300,2021-04-25,CAL,15890,8062,7828,14802,1025,63,ITF,ITF6,18,Calabria,Calabria,1947131,504285,25.9,0.82
2301,2021-06-30,CAL,16370,7495,8875,7009,9266,95,ITF,ITF6,18,Calabria,Calabria,1947131,520655,26.74,0.84
2302,2021-06-28,CAL,13282,6117,7165,5367,7851,64,ITF,ITF6,18,Calabria,Calabria,1947131,533937,27.42,0.68
2303,2021-07-01,CAL,12302,5800,6502,5400,6819,83,ITF,ITF6,18,Calabria,Calabria,1947131,546239,28.05,0.63
2304,2021-02-01,CAL,2536,1206,1330,241,2292,3,ITF,ITF6,18,Calabria,Calabria,1947131,548775,28.18,0.13
2305,2021-07-08,CAL,12043,5617,6426,2695,9306,42,ITF,ITF6,18,Calabria,Calabria,1947131,560818,28.8,0.62
2306,2021-05-12,CAL,16436,8019,8417,10836,5508,92,ITF,ITF6,18,Calabria,Calabria,1947131,577254,29.65,0.84
2307,2021-05-26,CAL,18714,9320,9394,10312,8309,93,ITF,ITF6,18,Calabria,Calabria,1947131,595968,30.61,0.96
2308,2021-03-01,CAL,2733,1551,1182,2272,457,4,ITF,ITF6,18,Calabria,Calabria,1947131,598701,30.75,0.14
2309,2021-06-09,CAL,18215,8594,9621,15907,2225,83,ITF,ITF6,18,Calabria,Calabria,1947131,616916,31.68,0.94
2310,2021-07-12,CAL,17967,8533,9434,2677,15241,49,ITF,ITF6,18,Calabria,Calabria,1947131,634883,32.61,0.92
2311,2021-01-10,CAL,939,530,409,939,0,0,ITF,ITF6,18,Calabria,Calabria,1947131,635822,32.65,0.05
2312,2021-04-20,CAL,7859,3966,3893,6059,1728,72,ITF,ITF6,18,Calabria,Calabria,1947131,643681,33.06,0.4
2313,2021-04-27,CAL,9958,4895,5063,7961,1951,46,ITF,ITF6,18,Calabria,Calabria,1947131,653639,33.57,0.51
2314,2021-02-03,CAL,2858,1469,1389,559,2293,6,ITF,ITF6,18,Calabria,Calabria,1947131,656497,33.72,0.15
2315,2021-07-19,CAL,18993,9099,9894,3034,15913,46,ITF,ITF6,18,Calabria,Calabria,1947131,675490,34.69,0.98
2316,2021-02-22,CAL,2058,1045,1013,1491,558,9,ITF,ITF6,18,Calabria,Calabria,1947131,677548,34.8,0.11
2317,2021-06-02,CAL,12094,5799,6295,8783,3264,47,ITF,ITF6,18,Calabria,Calabria,1947131,689642,35.42,0.62
2318,2021-01-03,CAL,6,3,3,6,0,0,ITF,ITF6,18,Calabria,Calabria,1947131,689648,35.42,0.0
2319,2021-03-27,CAL,8780,3995,4785,4650,4086,44,ITF,ITF6,18,Calabria,Calabria,1947131,698428,35.87,0.45
2320,2021-07-05,CAL,13383,6257,7126,4288,9039,56,ITF,ITF6,18,Calabria,Calabria,1947131,711811,36.56,0.69
2321,2021-03-08,CAL,5498,2975,2523,4400,1071,27,ITF,ITF6,18,Calabria,Calabria,1947131,717309,36.84,0.28
2322,2021-03-25,CAL,7490,3530,3960,4570,2890,30,ITF,ITF6,18,Calabria,Calabria,1947131,724799,37.22,0.38
2323,2021-06-16,CAL,18318,8467,9851,12118,6114,86,ITF,ITF6,18,Calabria,Calabria,1947131,743117,38.16,0.94
2324,2021-01-22,CAL,659,275,384,657,2,0,ITF,ITF6,18,Calabria,Calabria,1947131,743776,38.2,0.03
2325,2021-05-02,CAL,12551,5860,6691,10614,1878,59,ITF,ITF6,18,Calabria,Calabria,1947131,756327,38.84,0.64
2326,2021-03-29,CAL,5764,2491,3273,3979,1761,24,ITF,ITF6,18,Calabria,Calabria,1947131,762091,39.14,0.3
2327,2021-01-31,CAL,1117,557,560,152,965,0,ITF,ITF6,18,Calabria,Calabria,1947131,763208,39.2,0.06
2328,2021-07-07,CAL,13961,6581,7380,3909,9981,71,ITF,ITF6,18,Calabria,Calabria,1947131,777169,39.91,0.72
2329,2021-05-11,CAL,15086,7308,7778,10237,4783,66,ITF,ITF6,18,Calabria,Calabria,1947131,792255,40.69,0.77
2330,2021-07-16,CAL,21028,10017,11011,3386,17574,68,ITF,ITF6,18,Calabria,Calabria,1947131,813283,41.77,1.08
2331,2021-03-20,CAL,6721,3079,3642,4182,2523,16,ITF,ITF6,18,Calabria,Calabria,1947131,820004,42.11,0.35
2332,2021-03-15,CAL,3622,1745,1877,2160,1452,10,ITF,ITF6,18,Calabria,Calabria,1947131,823626,42.3,0.19
2333,2021-07-02,CAL,16253,7528,8725,6236,9936,81,ITF,ITF6,18,Calabria,Calabria,1947131,839879,43.13,0.83
2334,2021-05-20,CAL,16968,8488,8480,11260,5641,67,ITF,ITF6,18,Calabria,Calabria,1947131,856847,44.01,0.87
2335,2021-03-18,CAL,4433,2073,2360,2332,2078,23,ITF,ITF6,18,Calabria,Calabria,1947131,861280,44.23,0.23
2336,2021-02-27,CAL,4012,2066,1946,3623,382,7,ITF,ITF6,18,Calabria,Calabria,1947131,865292,44.44,0.21
2337,2021-01-27,CAL,1477,746,731,393,1083,1,ITF,ITF6,18,Calabria,Calabria,1947131,866769,44.52,0.08
2338,2021-01-24,CAL,46,19,27,40,6,0,ITF,ITF6,18,Calabria,Calabria,1947131,866815,44.52,0.0
2339,2021-07-09,CAL,15646,7300,8346,3625,11952,69,ITF,ITF6,18,Calabria,Calabria,1947131,882461,45.32,0.8
2340,2020-12-28,CAL,6,2,4,6,0,0,ITF,ITF6,18,Calabria,Calabria,1947131,882467,45.32,0.0
2341,2021-03-30,CAL,6433,2792,3641,3646,2769,18,ITF,ITF6,18,Calabria,Calabria,1947131,888900,45.65,0.33
2342,2021-05-19,CAL,18301,9066,9235,11250,6977,74,ITF,ITF6,18,Calabria,Calabria,1947131,907201,46.59,0.94
2343,2021-03-23,CAL,5254,2468,2786,3420,1813,21,ITF,ITF6,18,Calabria,Calabria,1947131,912455,46.86,0.27
2344,2021-07-15,CAL,18283,8808,9475,2532,15705,46,ITF,ITF6,18,Calabria,Calabria,1947131,930738,47.8,0.94
2345,2021-05-16,CAL,13781,6725,7056,9916,3813,52,ITF,ITF6,18,Calabria,Calabria,1947131,944519,48.51,0.71
2346,2021-07-21,CAL,22096,10613,11483,4524,17459,113,ITF,ITF6,18,Calabria,Calabria,1947131,966615,49.64,1.13
2347,2021-01-17,CAL,897,431,466,797,95,5,ITF,ITF6,18,Calabria,Calabria,1947131,967512,49.69,0.05
2348,2021-03-24,CAL,7829,3583,4246,4518,3289,22,ITF,ITF6,18,Calabria,Calabria,1947131,975341,50.09,0.4
2349,2021-04-10,CAL,11662,5278,6384,6763,4855,44,ITF,ITF6,18,Calabria,Calabria,1947131,987003,50.69,0.6
2350,2021-06-18,CAL,18854,8783,10071,11255,7491,108,ITF,ITF6,18,Calabria,Calabria,1947131,1005857,51.66,0.97
2351,2021-03-10,CAL,6822,3466,3356,5451,1340,31,ITF,ITF6,18,Calabria,Calabria,1947131,1012679,52.01,0.35
2352,2021-02-14,CAL,475,219,256,444,30,1,ITF,ITF6,18,Calabria,Calabria,1947131,1013154,52.03,0.02
2353,2021-05-25,CAL,16404,8032,8372,10208,6111,85,ITF,ITF6,18,Calabria,Calabria,1947131,1029558,52.88,0.84
2354,2021-01-26,CAL,1860,889,971,275,1584,1,ITF,ITF6,18,Calabria,Calabria,1947131,1031418,52.97,0.1
2355,2021-04-22,CAL,9789,4891,4898,6850,2894,45,ITF,ITF6,18,Calabria,Calabria,1947131,1041207,53.47,0.5
2356,2021-02-07,CAL,862,430,432,146,714,2,ITF,ITF6,18,Calabria,Calabria,1947131,1042069,53.52,0.04
2357,2021-05-18,CAL,15333,7672,7661,11849,3416,68,ITF,ITF6,18,Calabria,Calabria,1947131,1057402,54.31,0.79
2358,2021-03-22,CAL,4968,2331,2637,3175,1769,24,ITF,ITF6,18,Calabria,Calabria,1947131,1062370,54.56,0.26
2359,2021-02-12,CAL,1710,668,1042,941,763,6,ITF,ITF6,18,Calabria,Calabria,1947131,1064080,54.65,0.09
2360,2021-06-27,CAL,8412,3937,4475,4980,3396,36,ITF,ITF6,18,Calabria,Calabria,1947131,1072492,55.08,0.43
2361,2021-06-03,CAL,14227,6649,7578,9587,4585,55,ITF,ITF6,18,Calabria,Calabria,1947131,1086719,55.81,0.73
2362,2021-04-07,CAL,7143,3253,3890,4079,3019,45,ITF,ITF6,18,Calabria,Calabria,1947131,1093862,56.18,0.37
2363,2021-02-23,CAL,1598,755,843,1478,115,5,ITF,ITF6,18,Calabria,Calabria,1947131,1095460,56.26,0.08
2364,2021-02-05,CAL,3852,1738,2114,473,3364,15,ITF,ITF6,18,Calabria,Calabria,1947131,1099312,56.46,0.2
2365,2021-04-29,CAL,12471,6062,6409,8660,3760,51,ITF,ITF6,18,Calabria,Calabria,1947131,1111783,57.1,0.64
2366,2021-04-12,CAL,7002,3411,3591,5334,1647,21,ITF,ITF6,18,Calabria,Calabria,1947131,1118785,57.46,0.36
2367,2021-01-19,CAL,1122,495,627,1108,12,2,ITF,ITF6,18,Calabria,Calabria,1947131,1119907,57.52,0.06
2368,2021-07-04,CAL,5933,2812,3121,1980,3918,35,ITF,ITF6,18,Calabria,Calabria,1947131,1125840,57.82,0.3
2369,2021-06-17,CAL,15805,7219,8586,9596,6157,52,ITF,ITF6,18,Calabria,Calabria,1947131,1141645,58.63,0.81
2370,2021-06-01,CAL,12865,5966,6899,7887,4920,58,ITF,ITF6,18,Calabria,Calabria,1947131,1154510,59.29,0.66
2371,2021-05-13,CAL,15948,7674,8274,11170,4709,69,ITF,ITF6,18,Calabria,Calabria,1947131,1170458,60.11,0.82
2372,2021-02-19,CAL,1510,683,827,1239,262,9,ITF,ITF6,18,Calabria,Calabria,1947131,1171968,60.19,0.08
2373,2021-05-30,CAL,10965,5275,5690,6778,4151,36,ITF,ITF6,18,Calabria,Calabria,1947131,1182933,60.75,0.56
2374,2021-02-15,CAL,1155,550,605,998,152,5,ITF,ITF6,18,Calabria,Calabria,1947131,1184088,60.81,0.06
2375,2021-05-06,CAL,13277,6281,6996,8927,4284,66,ITF,ITF6,18,Calabria,Calabria,1947131,1197365,61.49,0.68
2376,2021-07-14,CAL,22609,10666,11943,4152,18383,74,ITF,ITF6,18,Calabria,Calabria,1947131,1219974,62.65,1.16
2377,2021-04-05,CAL,3642,1727,1915,2671,959,12,ITF,ITF6,18,Calabria,Calabria,1947131,1223616,62.84,0.19
2378,2021-06-08,CAL,16674,7898,8776,14519,2034,121,ITF,ITF6,18,Calabria,Calabria,1947131,1240290,63.7,0.86
2379,2021-03-17,CAL,4128,1837,2291,2184,1936,8,ITF,ITF6,18,Calabria,Calabria,1947131,1244418,63.91,0.21
2380,2021-03-31,CAL,9109,4154,4955,5030,4045,34,ITF,ITF6,18,Calabria,Calabria,1947131,1253527,64.38,0.47
2381,2021-04-09,CAL,7970,3733,4237,5002,2888,80,ITF,ITF6,18,Calabria,Calabria,1947131,1261497,64.79,0.41
2382,2021-07-18,CAL,8776,4200,4576,1272,7472,32,ITF,ITF6,18,Calabria,Calabria,1947131,1270273,65.24,0.45
2383,2021-06-05,CAL,20687,9686,11001,17617,2991,79,ITF,ITF6,18,Calabria,Calabria,1947131,1290960,66.3,1.06
2384,2021-02-09,CAL,2160,912,1248,947,1204,9,ITF,ITF6,18,Calabria,Calabria,1947131,1293120,66.41,0.11
2385,2021-05-29,CAL,19277,8954,10323,9346,9855,76,ITF,ITF6,18,Calabria,Calabria,1947131,1312397,67.4,0.99
2386,2021-04-14,CAL,8073,3896,4177,6583,1444,46,ITF,ITF6,18,Calabria,Calabria,1947131,1320470,67.82,0.41
2387,2021-02-16,CAL,1748,742,1006,1463,280,5,ITF,ITF6,18,Calabria,Calabria,1947131,1322218,67.91,0.09
2388,2021-05-17,CAL,14917,7466,7451,10152,4715,50,ITF,ITF6,18,Calabria,Calabria,1947131,1337135,68.67,0.77
2389,2021-02-21,CAL,630,298,332,552,77,1,ITF,ITF6,18,Calabria,Calabria,1947131,1337765,68.7,0.03
2390,2021-04-28,CAL,12564,6094,6470,9626,2867,71,ITF,ITF6,18,Calabria,Calabria,1947131,1350329,69.35,0.65
2391,2021-02-04,CAL,3650,1736,1914,646,2998,6,ITF,ITF6,18,Calabria,Calabria,1947131,1353979,69.54,0.19
2392,2021-05-15,CAL,27245,13033,14212,20262,6852,131,ITF,ITF6,18,Calabria,Calabria,1947131,1381224,70.94,1.4
2393,2020-12-27,CAL,312,170,142,312,0,0,ITF,ITF6,18,Calabria,Calabria,1947131,1381536,70.95,0.02
2394,2021-04-06,CAL,8133,3703,4430,4455,3653,25,ITF,ITF6,18,Calabria,Calabria,1947131,1389669,71.37,0.42
2395,2021-02-08,CAL,1858,739,1119,659,1196,3,ITF,ITF6,18,Calabria,Calabria,1947131,1391527,71.47,0.1
2396,2021-04-24,CAL,19265,9588,9677,15744,3437,84,ITF,ITF6,18,Calabria,Calabria,1947131,1410792,72.45,0.99
2397,2021-02-26,CAL,3100,1653,1447,2631,454,15,ITF,ITF6,18,Calabria,Calabria,1947131,1413892,72.61,0.16
2398,2021-06-20,CAL,6650,3151,3499,3811,2811,28,ITF,ITF6,18,Calabria,Calabria,1947131,1420542,72.96,0.34
2399,2021-06-06,CAL,13770,6618,7152,12005,1698,67,ITF,ITF6,18,Calabria,Calabria,1947131,1434312,73.66,0.71
2400,2021-03-26,CAL,8092,3841,4251,4940,3124,28,ITF,ITF6,18,Calabria,Calabria,1947131,1442404,74.08,0.42
2401,2021-06-25,CAL,18801,8729,10072,8069,10655,77,ITF,ITF6,18,Calabria,Calabria,1947131,1461205,75.04,0.97
2402,2021-07-13,CAL,17424,8153,9271,2315,15043,66,ITF,ITF6,18,Calabria,Calabria,1947131,1478629,75.94,0.89
2403,2021-04-19,CAL,7879,3801,4078,6159,1675,45,ITF,ITF6,18,Calabria,Calabria,1947131,1486508,76.34,0.4
2404,2021-01-09,CAL,1985,1070,915,1977,0,8,ITF,ITF6,18,Calabria,Calabria,1947131,1488493,76.45,0.1
2405,2021-04-03,CAL,9416,4073,5343,4509,4849,58,ITF,ITF6,18,Calabria,Calabria,1947131,1497909,76.93,0.48
2406,2021-01-28,CAL,2280,1129,1151,81,2199,0,ITF,ITF6,18,Calabria,Calabria,1947131,1500189,77.05,0.12
2407,2021-05-08,CAL,18479,8398,10081,10540,7874,65,ITF,ITF6,18,Calabria,Calabria,1947131,1518668,78.0,0.95
2408,2021-05-22,CAL,22203,10562,11641,14228,7885,90,ITF,ITF6,18,Calabria,Calabria,1947131,1540871,79.14,1.14
2409,2021-04-21,CAL,11572,5812,5760,8616,2903,53,ITF,ITF6,18,Calabria,Calabria,1947131,1552443,79.73,0.59
2410,2021-05-27,CAL,17655,8728,8927,9769,7805,81,ITF,ITF6,18,Calabria,Calabria,1947131,1570098,80.64,0.91
2411,2021-02-02,CAL,2362,1159,1203,177,2185,0,ITF,ITF6,18,Calabria,Calabria,1947131,1572460,80.76,0.12
2412,2021-01-16,CAL,2403,1127,1276,2400,0,3,ITF,ITF6,18,Calabria,Calabria,1947131,1574863,80.88,0.12
2413,2021-01-07,CAL,2205,1077,1128,2201,0,4,ITF,ITF6,18,Calabria,Calabria,1947131,1577068,80.99,0.11
2414,2021-06-13,CAL,6832,3353,3479,5727,1053,52,ITF,ITF6,18,Calabria,Calabria,1947131,1583900,81.35,0.35
2415,2021-04-17,CAL,10805,5059,5746,8996,1765,44,ITF,ITF6,18,Calabria,Calabria,1947131,1594705,81.9,0.55
2416,2021-05-01,CAL,16702,7958,8744,12378,4238,86,ITF,ITF6,18,Calabria,Calabria,1947131,1611407,82.76,0.86
2417,2021-03-05,CAL,6238,3621,2617,5646,576,16,ITF,ITF6,18,Calabria,Calabria,1947131,1617645,83.08,0.32
2418,2021-07-06,CAL,11820,5454,6366,3615,8147,58,ITF,ITF6,18,Calabria,Calabria,1947131,1629465,83.69,0.61
2419,2021-01-02,CAL,166,94,72,166,0,0,ITF,ITF6,18,Calabria,Calabria,1947131,1629631,83.69,0.01
2420,2021-02-28,CAL,2344,1065,1279,2187,154,3,ITF,ITF6,18,Calabria,Calabria,1947131,1631975,83.81,0.12
2421,2021-04-02,CAL,8531,3906,4625,4581,3918,32,ITF,ITF6,18,Calabria,Calabria,1947131,1640506,84.25,0.44
2422,2021-06-24,CAL,15286,6966,8320,6883,8329,74,ITF,ITF6,18,Calabria,Calabria,1947131,1655792,85.04,0.79
2423,2021-03-19,CAL,4203,1964,2239,1888,2308,7,ITF,ITF6,18,Calabria,Calabria,1947131,1659995,85.25,0.22
2424,2021-07-11,CAL,6426,2981,3445,843,5573,10,ITF,ITF6,18,Calabria,Calabria,1947131,1666421,85.58,0.33
2425,2021-06-10,CAL,15897,7332,8565,12990,2808,99,ITF,ITF6,18,Calabria,Calabria,1947131,1682318,86.4,0.82
2426,2021-03-12,CAL,5152,2467,2685,4078,1056,18,ITF,ITF6,18,Calabria,Calabria,1947131,1687470,86.66,0.26
2427,2021-01-14,CAL,2652,1258,1394,2646,0,6,ITF,ITF6,18,Calabria,Calabria,1947131,1690122,86.8,0.14
2428,2021-01-21,CAL,971,454,517,936,32,3,ITF,ITF6,18,Calabria,Calabria,1947131,1691093,86.85,0.05
2429,2021-04-08,CAL,9309,4404,4905,5797,3467,45,ITF,ITF6,18,Calabria,Calabria,1947131,1700402,87.33,0.48
2430,2021-02-10,CAL,2515,1081,1434,869,1631,15,ITF,ITF6,18,Calabria,Calabria,1947131,1702917,87.46,0.13
2431,2021-07-17,CAL,18321,9039,9282,2717,15541,63,ITF,ITF6,18,Calabria,Calabria,1947131,1721238,88.4,0.94
2432,2021-06-04,CAL,17522,8154,9368,12950,4502,70,ITF,ITF6,18,Calabria,Calabria,1947131,1738760,89.3,0.9
2433,2021-05-21,CAL,21334,10865,10469,13865,7361,108,ITF,ITF6,18,Calabria,Calabria,1947131,1760094,90.39,1.1
2434,2021-01-05,CAL,1527,716,811,1525,0,2,ITF,ITF6,18,Calabria,Calabria,1947131,1761621,90.47,0.08
2435,2021-01-12,CAL,2080,1030,1050,2071,0,9,ITF,ITF6,18,Calabria,Calabria,1947131,1763701,90.58,0.11
2436,2021-02-24,CAL,1920,976,944,1436,478,6,ITF,ITF6,18,Calabria,Calabria,1947131,1765621,90.68,0.1
2437,2021-03-03,CAL,5063,2766,2297,3970,1080,13,ITF,ITF6,18,Calabria,Calabria,1947131,1770684,90.94,0.26
2438,2021-06-29,CAL,13018,6012,7006,5330,7638,50,ITF,ITF6,18,Calabria,Calabria,1947131,1783702,91.61,0.67
2439,2021-05-03,CAL,14781,6776,8005,10465,4230,86,ITF,ITF6,18,Calabria,Calabria,1947131,1798483,92.37,0.76
2440,2021-03-21,CAL,4455,1924,2531,2727,1718,10,ITF,ITF6,18,Calabria,Calabria,1947131,1802938,92.59,0.23
2441,2021-03-07,CAL,3398,1733,1665,3293,92,13,ITF,ITF6,18,Calabria,Calabria,1947131,1806336,92.77,0.17
2442,2021-06-15,CAL,9851,4564,5287,6443,3348,60,ITF,ITF6,18,Calabria,Calabria,1947131,1816187,93.28,0.51
2443,2021-03-14,CAL,2722,1059,1663,2280,435,7,ITF,ITF6,18,Calabria,Calabria,1947131,1818909,93.41,0.14
2444,2021-06-22,CAL,14581,6897,7684,7355,7134,92,ITF,ITF6,18,Calabria,Calabria,1947131,1833490,94.16,0.75
2445,2021-05-10,CAL,13163,6124,7039,7708,5401,54,ITF,ITF6,18,Calabria,Calabria,1947131,1846653,94.84,0.68
2446,2021-04-26,CAL,10187,5060,5127,7722,2420,45,ITF,ITF6,18,Calabria,Calabria,1947131,1856840,95.36,0.52
2447,2021-02-11,SAR,1311,488,823,1200,111,0,ITG,ITG2,20,Sardegna,Sardegna,1639591,1311,0.08,0.08
2448,2021-05-24,SAR,14471,7256,7215,8354,5985,132,ITG,ITG2,20,Sardegna,Sardegna,1639591,15782,0.96,0.88
2449,2021-02-13,SAR,1446,562,884,1440,2,4,ITG,ITG2,20,Sardegna,Sardegna,1639591,17228,1.05,0.09
2450,2021-05-29,SAR,17993,8647,9346,13234,4592,167,ITG,ITG2,20,Sardegna,Sardegna,1639591,35221,2.15,1.1
2451,2021-02-18,SAR,1876,731,1145,1775,64,37,ITG,ITG2,20,Sardegna,Sardegna,1639591,37097,2.26,0.11
2452,2021-07-01,SAR,19829,9761,10068,7257,12480,92,ITG,ITG2,20,Sardegna,Sardegna,1639591,56926,3.47,1.21
2453,2021-03-23,SAR,6410,2879,3531,5180,1078,152,ITG,ITG2,20,Sardegna,Sardegna,1639591,63336,3.86,0.39
2454,2021-07-15,SAR,18777,9237,9540,4647,14031,99,ITG,ITG2,20,Sardegna,Sardegna,1639591,82113,5.01,1.15
2455,2021-05-12,SAR,11137,5261,5876,7793,3138,206,ITG,ITG2,20,Sardegna,Sardegna,1639591,93250,5.69,0.68
2456,2021-04-09,SAR,12303,5470,6833,7828,4355,120,ITG,ITG2,20,Sardegna,Sardegna,1639591,105553,6.44,0.75
2457,2021-07-20,SAR,16152,7933,8219,3650,12412,90,ITG,ITG2,20,Sardegna,Sardegna,1639591,121705,7.42,0.99
2458,2021-04-11,SAR,5398,2444,2954,4251,1121,26,ITG,ITG2,20,Sardegna,Sardegna,1639591,127103,7.75,0.33
2459,2021-06-07,SAR,12562,6143,6419,9436,3004,122,ITG,ITG2,20,Sardegna,Sardegna,1639591,139665,8.52,0.77
2460,2021-02-04,SAR,2270,815,1455,910,1357,3,ITG,ITG2,20,Sardegna,Sardegna,1639591,141935,8.66,0.14
2461,2021-04-02,SAR,8981,3546,5435,5588,3243,150,ITG,ITG2,20,Sardegna,Sardegna,1639591,150916,9.2,0.55
2462,2021-05-19,SAR,17027,8667,8360,12632,4239,156,ITG,ITG2,20,Sardegna,Sardegna,1639591,167943,10.24,1.04
2463,2021-06-05,SAR,17880,8437,9443,11286,6460,134,ITG,ITG2,20,Sardegna,Sardegna,1639591,185823,11.33,1.09
2464,2021-02-25,SAR,2896,1254,1642,2261,604,31,ITG,ITG2,20,Sardegna,Sardegna,1639591,188719,11.51,0.18
2465,2021-03-14,SAR,605,377,228,596,0,9,ITG,ITG2,20,Sardegna,Sardegna,1639591,189324,11.55,0.04
2466,2021-06-19,SAR,15339,7513,7826,9119,6121,99,ITG,ITG2,20,Sardegna,Sardegna,1639591,204663,12.48,0.94
2467,2021-07-06,SAR,15918,7717,8201,4665,11157,96,ITG,ITG2,20,Sardegna,Sardegna,1639591,220581,13.45,0.97
2468,2021-03-28,SAR,4529,1792,2737,4388,78,63,ITG,ITG2,20,Sardegna,Sardegna,1639591,225110,13.73,0.28
2469,2021-01-04,SAR,587,215,372,587,0,0,ITG,ITG2,20,Sardegna,Sardegna,1639591,225697,13.77,0.04
2470,2021-01-16,SAR,1491,525,966,1491,0,0,ITG,ITG2,20,Sardegna,Sardegna,1639591,227188,13.86,0.09
2471,2021-04-23,SAR,12867,5746,7121,7243,5485,139,ITG,ITG2,20,Sardegna,Sardegna,1639591,240055,14.64,0.78
2472,2021-05-10,SAR,9739,4341,5398,7033,2538,168,ITG,ITG2,20,Sardegna,Sardegna,1639591,249794,15.24,0.59
2473,2021-01-30,SAR,3866,1393,2473,363,3503,0,ITG,ITG2,20,Sardegna,Sardegna,1639591,253660,15.47,0.24
2474,2021-05-31,SAR,11366,5409,5957,8157,3110,99,ITG,ITG2,20,Sardegna,Sardegna,1639591,265026,16.16,0.69
2475,2021-04-18,SAR,5127,2225,2902,2230,2869,28,ITG,ITG2,20,Sardegna,Sardegna,1639591,270153,16.48,0.31
2476,2021-01-08,SAR,3257,1184,2073,3255,0,2,ITG,ITG2,20,Sardegna,Sardegna,1639591,273410,16.68,0.2
2477,2021-07-13,SAR,17800,8519,9281,3253,14470,77,ITG,ITG2,20,Sardegna,Sardegna,1639591,291210,17.76,1.09
2478,2021-04-04,SAR,2,1,1,0,2,0,ITG,ITG2,20,Sardegna,Sardegna,1639591,291212,17.76,0.0
2479,2021-06-16,SAR,17643,8279,9364,12173,5306,164,ITG,ITG2,20,Sardegna,Sardegna,1639591,308855,18.84,1.08
2480,2020-12-28,SAR,65,25,40,65,0,0,ITG,ITG2,20,Sardegna,Sardegna,1639591,308920,18.84,0.0
2481,2021-06-14,SAR,13748,6640,7108,9995,3610,143,ITG,ITG2,20,Sardegna,Sardegna,1639591,322668,19.68,0.84
2482,2021-03-06,SAR,2635,1078,1557,781,1781,73,ITG,ITG2,20,Sardegna,Sardegna,1639591,325303,19.84,0.16
2483,2021-06-28,SAR,14990,7040,7950,3052,11873,65,ITG,ITG2,20,Sardegna,Sardegna,1639591,340293,20.75,0.91
2484,2021-04-06,SAR,7457,3123,4334,4970,2429,58,ITG,ITG2,20,Sardegna,Sardegna,1639591,347750,21.21,0.45
2485,2020-12-27,SAR,65,34,31,65,0,0,ITG,ITG2,20,Sardegna,Sardegna,1639591,347815,21.21,0.0
2486,2021-04-30,SAR,11130,5299,5831,6752,4205,173,ITG,ITG2,20,Sardegna,Sardegna,1639591,358945,21.89,0.68
2487,2021-05-17,SAR,12818,6260,6558,9127,3545,146,ITG,ITG2,20,Sardegna,Sardegna,1639591,371763,22.67,0.78
2488,2021-02-06,SAR,1972,699,1273,564,1405,3,ITG,ITG2,20,Sardegna,Sardegna,1639591,373735,22.79,0.12
2489,2021-02-23,SAR,1565,1043,522,1270,280,15,ITG,ITG2,20,Sardegna,Sardegna,1639591,375300,22.89,0.1
2490,2021-05-02,SAR,5883,2670,3213,5215,577,91,ITG,ITG2,20,Sardegna,Sardegna,1639591,381183,23.25,0.36
2491,2021-02-08,SAR,1467,532,935,852,614,1,ITG,ITG2,20,Sardegna,Sardegna,1639591,382650,23.34,0.09
2492,2021-07-08,SAR,18438,8966,9472,3834,14521,83,ITG,ITG2,20,Sardegna,Sardegna,1639591,401088,24.46,1.12
2493,2021-04-16,SAR,14442,6486,7956,8940,5339,163,ITG,ITG2,20,Sardegna,Sardegna,1639591,415530,25.34,0.88
2494,2021-01-23,SAR,60,22,38,0,60,0,ITG,ITG2,20,Sardegna,Sardegna,1639591,415590,25.35,0.0
2495,2021-02-22,SAR,1638,948,690,1384,228,26,ITG,ITG2,20,Sardegna,Sardegna,1639591,417228,25.45,0.1
2496,2021-03-11,SAR,6414,3084,3330,5146,1200,68,ITG,ITG2,20,Sardegna,Sardegna,1639591,423642,25.84,0.39
2497,2021-06-26,SAR,19126,9002,10124,5443,13608,75,ITG,ITG2,20,Sardegna,Sardegna,1639591,442768,27.0,1.17
2498,2021-05-07,SAR,14471,6635,7836,9718,4524,229,ITG,ITG2,20,Sardegna,Sardegna,1639591,457239,27.89,0.88
2499,2021-01-27,SAR,1414,498,916,78,1336,0,ITG,ITG2,20,Sardegna,Sardegna,1639591,458653,27.97,0.09
2500,2021-07-03,SAR,15836,7561,8275,3236,12569,31,ITG,ITG2,20,Sardegna,Sardegna,1639591,474489,28.94,0.97
2501,2021-06-12,SAR,14757,7195,7562,9941,4701,115,ITG,ITG2,20,Sardegna,Sardegna,1639591,489246,29.84,0.9
2502,2021-03-04,SAR,4363,2293,2070,3054,1255,54,ITG,ITG2,20,Sardegna,Sardegna,1639591,493609,30.11,0.27
2503,2021-03-21,SAR,4030,1809,2221,2571,1440,19,ITG,ITG2,20,Sardegna,Sardegna,1639591,497639,30.35,0.25
2504,2021-06-02,SAR,9785,4691,5094,8059,1640,86,ITG,ITG2,20,Sardegna,Sardegna,1639591,507424,30.95,0.6
2505,2021-04-20,SAR,10991,4988,6003,7694,3206,91,ITG,ITG2,20,Sardegna,Sardegna,1639591,518415,31.62,0.67
2506,2021-01-01,SAR,32,17,15,32,0,0,ITG,ITG2,20,Sardegna,Sardegna,1639591,518447,31.62,0.0
2507,2021-02-27,SAR,1915,642,1273,1318,556,41,ITG,ITG2,20,Sardegna,Sardegna,1639591,520362,31.74,0.12
2508,2021-07-22,SAR,18301,9252,9049,4490,13704,107,ITG,ITG2,20,Sardegna,Sardegna,1639591,538663,32.85,1.12
2509,2021-04-13,SAR,7617,3598,4019,5734,1826,57,ITG,ITG2,20,Sardegna,Sardegna,1639591,546280,33.32,0.46
2510,2021-06-09,SAR,15463,7367,8096,11575,3739,149,ITG,ITG2,20,Sardegna,Sardegna,1639591,561743,34.26,0.94
2511,2021-03-09,SAR,5529,2738,2791,4744,728,57,ITG,ITG2,20,Sardegna,Sardegna,1639591,567272,34.6,0.34
2512,2021-05-05,SAR,10175,4649,5526,7953,2027,195,ITG,ITG2,20,Sardegna,Sardegna,1639591,577447,35.22,0.62
2513,2021-04-25,SAR,4497,2269,2228,3673,778,46,ITG,ITG2,20,Sardegna,Sardegna,1639591,581944,35.49,0.27
2514,2021-01-15,SAR,1559,572,987,1557,0,2,ITG,ITG2,20,Sardegna,Sardegna,1639591,583503,35.59,0.1
2515,2021-02-01,SAR,1523,605,918,224,1299,0,ITG,ITG2,20,Sardegna,Sardegna,1639591,585026,35.68,0.09
2516,2021-05-09,SAR,6127,2873,3254,5114,926,87,ITG,ITG2,20,Sardegna,Sardegna,1639591,591153,36.05,0.37
2517,2021-05-26,SAR,15533,8188,7345,9702,5647,184,ITG,ITG2,20,Sardegna,Sardegna,1639591,606686,37.0,0.95
2518,2021-02-15,SAR,955,347,608,918,31,6,ITG,ITG2,20,Sardegna,Sardegna,1639591,607641,37.06,0.06
2519,2021-06-04,SAR,14480,6931,7549,9769,4554,157,ITG,ITG2,20,Sardegna,Sardegna,1639591,622121,37.94,0.88
2520,2021-06-21,SAR,14015,6731,7284,5122,8821,72,ITG,ITG2,20,Sardegna,Sardegna,1639591,636136,38.8,0.85
2521,2021-03-13,SAR,2756,1075,1681,2436,281,39,ITG,ITG2,20,Sardegna,Sardegna,1639591,638892,38.97,0.17
2522,2021-03-30,SAR,8757,3582,5175,6345,2274,138,ITG,ITG2,20,Sardegna,Sardegna,1639591,647649,39.5,0.53
2523,2021-01-06,SAR,1613,547,1066,1613,0,0,ITG,ITG2,20,Sardegna,Sardegna,1639591,649262,39.6,0.1
2524,2021-02-20,SAR,2040,854,1186,1683,334,23,ITG,ITG2,20,Sardegna,Sardegna,1639591,651302,39.72,0.12
2525,2021-04-29,SAR,11121,5104,6017,6617,4353,151,ITG,ITG2,20,Sardegna,Sardegna,1639591,662423,40.4,0.68
2526,2021-06-25,SAR,16496,7802,8694,3896,12543,57,ITG,ITG2,20,Sardegna,Sardegna,1639591,678919,41.41,1.01
2527,2021-01-10,SAR,2176,748,1428,2176,0,0,ITG,ITG2,20,Sardegna,Sardegna,1639591,681095,41.54,0.13
2528,2021-03-08,SAR,4685,2432,2253,3420,1222,43,ITG,ITG2,20,Sardegna,Sardegna,1639591,685780,41.83,0.29
2529,2021-05-04,SAR,9539,4385,5154,7541,1853,145,ITG,ITG2,20,Sardegna,Sardegna,1639591,695319,42.41,0.58
2530,2021-01-24,SAR,90,34,56,5,85,0,ITG,ITG2,20,Sardegna,Sardegna,1639591,695409,42.41,0.01
2531,2021-01-13,SAR,574,178,396,574,0,0,ITG,ITG2,20,Sardegna,Sardegna,1639591,695983,42.45,0.04
2532,2021-07-17,SAR,12871,6301,6570,3179,9625,67,ITG,ITG2,20,Sardegna,Sardegna,1639591,708854,43.23,0.79
2533,2021-07-02,SAR,18922,8884,10038,4407,14419,96,ITG,ITG2,20,Sardegna,Sardegna,1639591,727776,44.39,1.15
2534,2021-04-27,SAR,7617,3554,4063,5476,2042,99,ITG,ITG2,20,Sardegna,Sardegna,1639591,735393,44.85,0.46
2535,2021-01-17,SAR,859,277,582,858,1,0,ITG,ITG2,20,Sardegna,Sardegna,1639591,736252,44.9,0.05
2536,2021-03-15,SAR,2796,1317,1479,2382,374,40,ITG,ITG2,20,Sardegna,Sardegna,1639591,739048,45.08,0.17
2537,2021-07-04,SAR,8201,3987,4214,2068,6118,15,ITG,ITG2,20,Sardegna,Sardegna,1639591,747249,45.58,0.5
2538,2021-03-26,SAR,8456,3512,4944,6810,1526,120,ITG,ITG2,20,Sardegna,Sardegna,1639591,755705,46.09,0.52
2539,2021-05-22,SAR,24841,11952,12889,19398,5138,305,ITG,ITG2,20,Sardegna,Sardegna,1639591,780546,47.61,1.52
2540,2021-03-02,SAR,3034,1629,1405,1815,1153,66,ITG,ITG2,20,Sardegna,Sardegna,1639591,783580,47.79,0.19
2541,2021-04-28,SAR,9014,4277,4737,5167,3700,147,ITG,ITG2,20,Sardegna,Sardegna,1639591,792594,48.34,0.55
2542,2021-01-18,SAR,903,324,579,779,124,0,ITG,ITG2,20,Sardegna,Sardegna,1639591,793497,48.4,0.06
2543,2021-06-24,SAR,19192,9210,9982,8115,10976,101,ITG,ITG2,20,Sardegna,Sardegna,1639591,812689,49.57,1.17
2544,2021-03-16,SAR,4396,1953,2443,3434,922,40,ITG,ITG2,20,Sardegna,Sardegna,1639591,817085,49.83,0.27
2545,2021-04-21,SAR,12068,5552,6516,6439,5531,98,ITG,ITG2,20,Sardegna,Sardegna,1639591,829153,50.57,0.74
2546,2021-01-11,SAR,1182,504,678,1181,0,1,ITG,ITG2,20,Sardegna,Sardegna,1639591,830335,50.64,0.07
2547,2021-06-17,SAR,18466,8532,9934,9928,8417,121,ITG,ITG2,20,Sardegna,Sardegna,1639591,848801,51.77,1.13
2548,2021-01-20,SAR,210,77,133,208,2,0,ITG,ITG2,20,Sardegna,Sardegna,1639591,849011,51.78,0.01
2549,2021-03-29,SAR,4736,1845,2891,4071,588,77,ITG,ITG2,20,Sardegna,Sardegna,1639591,853747,52.07,0.29
2550,2021-04-15,SAR,11844,5538,6306,6777,4956,111,ITG,ITG2,20,Sardegna,Sardegna,1639591,865591,52.79,0.72
2551,2021-01-05,SAR,1321,443,878,1321,0,0,ITG,ITG2,20,Sardegna,Sardegna,1639591,866912,52.87,0.08
2552,2021-01-22,SAR,83,47,36,55,28,0,ITG,ITG2,20,Sardegna,Sardegna,1639591,866995,52.88,0.01
2553,2021-04-17,SAR,10077,4499,5578,5403,4596,78,ITG,ITG2,20,Sardegna,Sardegna,1639591,877072,53.49,0.61
2554,2021-06-23,SAR,20537,9664,10873,6191,14255,91,ITG,ITG2,20,Sardegna,Sardegna,1639591,897609,54.75,1.25
2555,2021-05-18,SAR,14752,7378,7374,9447,5200,105,ITG,ITG2,20,Sardegna,Sardegna,1639591,912361,55.65,0.9
2556,2021-05-28,SAR,17952,8697,9255,13489,4275,188,ITG,ITG2,20,Sardegna,Sardegna,1639591,930313,56.74,1.09
2557,2021-02-17,SAR,1404,577,827,1273,74,57,ITG,ITG2,20,Sardegna,Sardegna,1639591,931717,56.83,0.09
2558,2021-05-25,SAR,15140,7703,7437,8489,6476,175,ITG,ITG2,20,Sardegna,Sardegna,1639591,946857,57.75,0.92
2559,2021-06-11,SAR,14779,7023,7756,9092,5535,152,ITG,ITG2,20,Sardegna,Sardegna,1639591,961636,58.65,0.9
2560,2021-03-03,SAR,4112,2277,1835,2739,1297,76,ITG,ITG2,20,Sardegna,Sardegna,1639591,965748,58.9,0.25
2561,2021-06-18,SAR,16482,7503,8979,8602,7764,116,ITG,ITG2,20,Sardegna,Sardegna,1639591,982230,59.91,1.01
2562,2021-03-10,SAR,6052,2955,3097,5137,853,62,ITG,ITG2,20,Sardegna,Sardegna,1639591,988282,60.28,0.37
2563,2021-05-06,SAR,12948,6010,6938,9565,3146,237,ITG,ITG2,20,Sardegna,Sardegna,1639591,1001230,61.07,0.79
2564,2021-03-01,SAR,2264,1154,1110,1579,659,26,ITG,ITG2,20,Sardegna,Sardegna,1639591,1003494,61.2,0.14
2565,2021-03-20,SAR,5194,2075,3119,2891,2277,26,ITG,ITG2,20,Sardegna,Sardegna,1639591,1008688,61.52,0.32
2566,2021-06-13,SAR,9498,4674,4824,6158,3260,80,ITG,ITG2,20,Sardegna,Sardegna,1639591,1018186,62.1,0.58
2567,2021-01-19,SAR,746,269,477,690,55,1,ITG,ITG2,20,Sardegna,Sardegna,1639591,1018932,62.15,0.05
2568,2021-03-17,SAR,6549,2846,3703,4904,1608,37,ITG,ITG2,20,Sardegna,Sardegna,1639591,1025481,62.54,0.4
2569,2021-06-27,SAR,9011,4306,4705,2956,6027,28,ITG,ITG2,20,Sardegna,Sardegna,1639591,1034492,63.09,0.55
2570,2021-03-24,SAR,7392,3104,4288,5904,1356,132,ITG,ITG2,20,Sardegna,Sardegna,1639591,1041884,63.55,0.45
2571,2021-01-03,SAR,90,36,54,90,0,0,ITG,ITG2,20,Sardegna,Sardegna,1639591,1041974,63.55,0.01
2572,2021-07-07,SAR,15899,7725,8174,4085,11763,51,ITG,ITG2,20,Sardegna,Sardegna,1639591,1057873,64.52,0.97
2573,2021-02-24,SAR,2413,1295,1118,2184,193,36,ITG,ITG2,20,Sardegna,Sardegna,1639591,1060286,64.67,0.15
2574,2021-06-06,SAR,10034,5001,5033,6314,3651,69,ITG,ITG2,20,Sardegna,Sardegna,1639591,1070320,65.28,0.61
2575,2021-01-25,SAR,591,214,377,22,569,0,ITG,ITG2,20,Sardegna,Sardegna,1639591,1070911,65.32,0.04
2576,2021-05-16,SAR,8221,3831,4390,5985,2160,76,ITG,ITG2,20,Sardegna,Sardegna,1639591,1079132,65.82,0.5
2577,2021-07-12,SAR,15332,7413,7919,2403,12874,55,ITG,ITG2,20,Sardegna,Sardegna,1639591,1094464,66.75,0.94
2578,2021-07-05,SAR,15579,7570,8009,3327,12203,49,ITG,ITG2,20,Sardegna,Sardegna,1639591,1110043,67.7,0.95
2579,2021-06-30,SAR,17775,8514,9261,4814,12880,81,ITG,ITG2,20,Sardegna,Sardegna,1639591,1127818,68.79,1.08
2580,2021-03-22,SAR,3687,1492,2195,3099,513,75,ITG,ITG2,20,Sardegna,Sardegna,1639591,1131505,69.01,0.22
2581,2021-04-08,SAR,13437,5935,7502,8211,5117,109,ITG,ITG2,20,Sardegna,Sardegna,1639591,1144942,69.83,0.82
2582,2021-07-14,SAR,16907,8190,8717,3776,13020,111,ITG,ITG2,20,Sardegna,Sardegna,1639591,1161849,70.86,1.03
2583,2020-12-29,SAR,57,32,25,57,0,0,ITG,ITG2,20,Sardegna,Sardegna,1639591,1161906,70.87,0.0
2584,2021-04-22,SAR,10504,4662,5842,5502,4918,84,ITG,ITG2,20,Sardegna,Sardegna,1639591,1172410,71.51,0.64
2585,2021-01-12,SAR,865,408,457,865,0,0,ITG,ITG2,20,Sardegna,Sardegna,1639591,1173275,71.56,0.05
2586,2021-05-11,SAR,8917,4146,4771,6397,2393,127,ITG,ITG2,20,Sardegna,Sardegna,1639591,1182192,72.1,0.54
2587,2021-05-13,SAR,12370,5861,6509,8724,3446,200,ITG,ITG2,20,Sardegna,Sardegna,1639591,1194562,72.86,0.75
2588,2021-02-02,SAR,1499,669,830,257,1242,0,ITG,ITG2,20,Sardegna,Sardegna,1639591,1196061,72.95,0.09
2589,2021-05-15,SAR,13793,6424,7369,10197,3433,163,ITG,ITG2,20,Sardegna,Sardegna,1639591,1209854,73.79,0.84
2590,2021-07-11,SAR,6370,3115,3255,1424,4911,35,ITG,ITG2,20,Sardegna,Sardegna,1639591,1216224,74.18,0.39
2591,2021-01-26,SAR,1337,454,883,27,1310,0,ITG,ITG2,20,Sardegna,Sardegna,1639591,1217561,74.26,0.08
2592,2021-04-14,SAR,8260,3905,4355,6963,1237,60,ITG,ITG2,20,Sardegna,Sardegna,1639591,1225821,74.76,0.5
2593,2021-05-01,SAR,9915,4764,5151,5368,4455,92,ITG,ITG2,20,Sardegna,Sardegna,1639591,1235736,75.37,0.6
2594,2021-01-21,SAR,127,61,66,94,33,0,ITG,ITG2,20,Sardegna,Sardegna,1639591,1235863,75.38,0.01
2595,2021-02-07,SAR,1119,396,723,227,891,1,ITG,ITG2,20,Sardegna,Sardegna,1639591,1236982,75.44,0.07
2596,2021-02-05,SAR,1898,750,1148,431,1465,2,ITG,ITG2,20,Sardegna,Sardegna,1639591,1238880,75.56,0.12
2597,2021-04-03,SAR,4674,1809,2865,2641,1970,63,ITG,ITG2,20,Sardegna,Sardegna,1639591,1243554,75.85,0.29
2598,2021-05-30,SAR,9727,4836,4891,7300,2357,70,ITG,ITG2,20,Sardegna,Sardegna,1639591,1253281,76.44,0.59
2599,2021-02-19,SAR,1497,470,1027,1398,56,43,ITG,ITG2,20,Sardegna,Sardegna,1639591,1254778,76.53,0.09
2600,2021-06-22,SAR,19339,8991,10348,7169,12068,102,ITG,ITG2,20,Sardegna,Sardegna,1639591,1274117,77.71,1.18
2601,2021-07-09,SAR,15876,7600,8276,3433,12363,80,ITG,ITG2,20,Sardegna,Sardegna,1639591,1289993,78.68,0.97
2602,2021-03-31,SAR,10253,4150,6103,7702,2429,122,ITG,ITG2,20,Sardegna,Sardegna,1639591,1300246,79.3,0.63
2603,2021-01-31,SAR,2117,749,1368,45,2072,0,ITG,ITG2,20,Sardegna,Sardegna,1639591,1302363,79.43,0.13
2604,2021-02-14,SAR,538,263,275,536,2,0,ITG,ITG2,20,Sardegna,Sardegna,1639591,1302901,79.47,0.03
2605,2021-07-18,SAR,5691,2873,2818,981,4700,10,ITG,ITG2,20,Sardegna,Sardegna,1639591,1308592,79.81,0.35
2606,2021-04-05,SAR,2035,783,1252,2003,1,31,ITG,ITG2,20,Sardegna,Sardegna,1639591,1310627,79.94,0.12
2607,2021-01-29,SAR,2957,1071,1886,45,2910,2,ITG,ITG2,20,Sardegna,Sardegna,1639591,1313584,80.12,0.18
2608,2021-01-28,SAR,2974,1045,1929,69,2905,0,ITG,ITG2,20,Sardegna,Sardegna,1639591,1316558,80.3,0.18
2609,2021-05-08,SAR,13083,5970,7113,10668,2285,130,ITG,ITG2,20,Sardegna,Sardegna,1639591,1329641,81.1,0.8
2610,2021-05-03,SAR,8190,3823,4367,6490,1598,102,ITG,ITG2,20,Sardegna,Sardegna,1639591,1337831,81.6,0.5
2611,2021-05-20,SAR,16364,7881,8483,11271,4893,200,ITG,ITG2,20,Sardegna,Sardegna,1639591,1354195,82.59,1.0
2612,2021-02-09,SAR,2285,835,1450,1284,996,5,ITG,ITG2,20,Sardegna,Sardegna,1639591,1356480,82.73,0.14
2613,2021-02-26,SAR,2798,1106,1692,2444,306,48,ITG,ITG2,20,Sardegna,Sardegna,1639591,1359278,82.9,0.17
2614,2021-03-27,SAR,5733,2192,3541,5224,422,87,ITG,ITG2,20,Sardegna,Sardegna,1639591,1365011,83.25,0.35
2615,2021-05-23,SAR,9965,4807,5158,7624,2245,96,ITG,ITG2,20,Sardegna,Sardegna,1639591,1374976,83.86,0.61
2616,2021-02-12,SAR,2236,933,1303,2172,59,5,ITG,ITG2,20,Sardegna,Sardegna,1639591,1377212,84.0,0.14
2617,2021-07-19,SAR,14730,7394,7336,2705,11975,50,ITG,ITG2,20,Sardegna,Sardegna,1639591,1391942,84.9,0.9
2618,2021-04-10,SAR,10494,4748,5746,8455,1939,100,ITG,ITG2,20,Sardegna,Sardegna,1639591,1402436,85.54,0.64
2619,2021-06-03,SAR,16394,7643,8751,10566,5688,140,ITG,ITG2,20,Sardegna,Sardegna,1639591,1418830,86.54,1.0
2620,2021-06-20,SAR,6290,2805,3485,3636,2622,32,ITG,ITG2,20,Sardegna,Sardegna,1639591,1425120,86.92,0.38
2621,2021-03-12,SAR,5968,2617,3351,4517,1306,145,ITG,ITG2,20,Sardegna,Sardegna,1639591,1431088,87.28,0.36
2622,2021-06-29,SAR,17889,8605,9284,3755,14086,48,ITG,ITG2,20,Sardegna,Sardegna,1639591,1448977,88.37,1.09
2623,2021-05-27,SAR,17822,9260,8562,12080,5534,208,ITG,ITG2,20,Sardegna,Sardegna,1639591,1466799,89.46,1.09
2624,2021-02-16,SAR,699,289,410,663,27,9,ITG,ITG2,20,Sardegna,Sardegna,1639591,1467498,89.5,0.04
2625,2021-03-05,SAR,5202,2602,2600,2813,2354,35,ITG,ITG2,20,Sardegna,Sardegna,1639591,1472700,89.82,0.32
2626,2021-03-19,SAR,7260,3046,4214,4991,2216,53,ITG,ITG2,20,Sardegna,Sardegna,1639591,1479960,90.26,0.44
2627,2021-01-07,SAR,3103,1072,2031,3099,0,4,ITG,ITG2,20,Sardegna,Sardegna,1639591,1483063,90.45,0.19
2628,2021-06-10,SAR,17809,8477,9332,11643,6040,126,ITG,ITG2,20,Sardegna,Sardegna,1639591,1500872,91.54,1.09
2629,2021-07-16,SAR,16933,8473,8460,4552,12248,133,ITG,ITG2,20,Sardegna,Sardegna,1639591,1517805,92.57,1.03
2630,2021-04-07,SAR,13545,6050,7495,7825,5652,68,ITG,ITG2,20,Sardegna,Sardegna,1639591,1531350,93.4,0.83
2631,2021-04-24,SAR,10356,4845,5511,7890,2339,127,ITG,ITG2,20,Sardegna,Sardegna,1639591,1541706,94.03,0.63
2632,2021-01-14,SAR,1105,425,680,1105,0,0,ITG,ITG2,20,Sardegna,Sardegna,1639591,1542811,94.1,0.07
2633,2020-12-31,SAR,32,16,16,32,0,0,ITG,ITG2,20,Sardegna,Sardegna,1639591,1542843,94.1,0.0
2634,2021-03-25,SAR,9106,3970,5136,7687,1303,116,ITG,ITG2,20,Sardegna,Sardegna,1639591,1551949,94.65,0.56
2635,2021-05-21,SAR,22640,11203,11437,16262,6098,280,ITG,ITG2,20,Sardegna,Sardegna,1639591,1574589,96.04,1.38
2636,2021-03-18,SAR,7254,3072,4182,5574,1607,73,ITG,ITG2,20,Sardegna,Sardegna,1639591,1581843,96.48,0.44
2637,2021-05-14,SAR,14568,6866,7702,10765,3641,162,ITG,ITG2,20,Sardegna,Sardegna,1639591,1596411,97.37,0.89
2638,2021-02-03,SAR,1119,419,700,424,694,1,ITG,ITG2,20,Sardegna,Sardegna,1639591,1597530,97.43,0.07
2639,2021-07-10,SAR,14222,6878,7344,2704,11485,33,ITG,ITG2,20,Sardegna,Sardegna,1639591,1611752,98.3,0.87
2640,2021-04-01,SAR,10153,4067,6086,7005,3012,136,ITG,ITG2,20,Sardegna,Sardegna,1639591,1621905,98.92,0.62
2641,2021-07-21,SAR,19401,9500,9901,3916,15401,84,ITG,ITG2,20,Sardegna,Sardegna,1639591,1641306,100.1,1.18
2642,2021-02-10,SAR,1958,765,1193,1434,518,6,ITG,ITG2,20,Sardegna,Sardegna,1639591,1643264,100.22,0.12
2643,2021-04-12,SAR,6993,3180,3813,5216,1713,64,ITG,ITG2,20,Sardegna,Sardegna,1639591,1650257,100.65,0.43
2644,2021-01-02,SAR,60,21,39,60,0,0,ITG,ITG2,20,Sardegna,Sardegna,1639591,1650317,100.65,0.0
2645,2021-06-08,SAR,14830,7070,7760,11172,3505,153,ITG,ITG2,20,Sardegna,Sardegna,1639591,1665147,101.56,0.9
2646,2021-02-28,SAR,367,169,198,139,226,2,ITG,ITG2,20,Sardegna,Sardegna,1639591,1665514,101.58,0.02
2647,2021-04-26,SAR,6856,3275,3581,5865,903,88,ITG,ITG2,20,Sardegna,Sardegna,1639591,1672370,102.0,0.42
2648,2021-06-01,SAR,14319,6654,7665,9636,4589,94,ITG,ITG2,20,Sardegna,Sardegna,1639591,1686689,102.87,0.87
2649,2021-02-21,SAR,1588,709,879,1557,30,1,ITG,ITG2,20,Sardegna,Sardegna,1639591,1688277,102.97,0.1
2650,2021-04-19,SAR,10185,4623,5562,8626,1427,132,ITG,ITG2,20,Sardegna,Sardegna,1639591,1698462,103.59,0.62
2651,2021-01-09,SAR,4013,1414,2599,4013,0,0,ITG,ITG2,20,Sardegna,Sardegna,1639591,1702475,103.84,0.24
2652,2021-06-15,SAR,14692,6807,7885,9818,4740,134,ITG,ITG2,20,Sardegna,Sardegna,1639591,1717167,104.73,0.9
2653,2021-03-07,SAR,1658,751,907,1113,541,4,ITG,ITG2,20,Sardegna,Sardegna,1639591,1718825,104.83,0.1
2654,2021-01-23,PAT,577,334,243,387,189,1,ITH,ITH2,4,Provincia Autonoma Trento,P.A. Trento,541380,577,0.11,0.11
2655,2021-05-03,PAT,4262,2197,2065,3809,154,299,ITH,ITH2,4,Provincia Autonoma Trento,P.A. Trento,541380,4839,0.89,0.79
2656,2021-07-01,PAT,6934,3606,3328,3444,3313,177,ITH,ITH2,4,Provincia Autonoma Trento,P.A. Trento,541380,11773,2.17,1.28
2657,2021-05-05,PAT,4991,2580,2411,4384,298,309,ITH,ITH2,4,Provincia Autonoma Trento,P.A. Trento,541380,16764,3.1,0.92
2658,2021-01-16,PAT,319,148,171,319,0,0,ITH,ITH2,4,Provincia Autonoma Trento,P.A. Trento,541380,17083,3.16,0.06
2659,2021-03-26,PAT,3233,1259,1974,2481,610,142,ITH,ITH2,4,Provincia Autonoma Trento,P.A. Trento,541380,20316,3.75,0.6
2660,2021-06-19,PAT,3098,1696,1402,227,2839,32,ITH,ITH2,4,Provincia Autonoma Trento,P.A. Trento,541380,23414,4.32,0.57
2661,2021-03-09,PAT,1585,591,994,908,646,31,ITH,ITH2,4,Provincia Autonoma Trento,P.A. Trento,541380,24999,4.62,0.29
2662,2021-06-17,PAT,6602,3462,3140,1973,4464,165,ITH,ITH2,4,Provincia Autonoma Trento,P.A. Trento,541380,31601,5.84,1.22
2663,2021-03-14,PAT,108,65,43,19,87,2,ITH,ITH2,4,Provincia Autonoma Trento,P.A. Trento,541380,31709,5.86,0.02
2664,2021-07-13,PAT,3643,1843,1800,1644,1885,114,ITH,ITH2,4,Provincia Autonoma Trento,P.A. Trento,541380,35352,6.53,0.67
2665,2021-04-21,PAT,2910,1359,1551,2710,50,150,ITH,ITH2,4,Provincia Autonoma Trento,P.A. Trento,541380,38262,7.07,0.54
2666,2021-01-28,PAT,530,147,383,48,482,0,ITH,ITH2,4,Provincia Autonoma Trento,P.A. Trento,541380,38792,7.17,0.1
2667,2021-01-11,PAT,732,223,509,732,0,0,ITH,ITH2,4,Provincia Autonoma Trento,P.A. Trento,541380,39524,7.3,0.14
2668,2021-02-16,PAT,667,246,421,651,5,11,ITH,ITH2,4,Provincia Autonoma Trento,P.A. Trento,541380,40191,7.42,0.12
2669,2021-06-29,PAT,6229,3138,3091,2664,3492,73,ITH,ITH2,4,Provincia Autonoma Trento,P.A. Trento,541380,46420,8.57,1.15
2670,2021-06-12,PAT,5363,2690,2673,426,4889,48,ITH,ITH2,4,Provincia Autonoma Trento,P.A. Trento,541380,51783,9.57,0.99
2671,2021-03-21,PAT,129,69,60,125,0,4,ITH,ITH2,4,Provincia Autonoma Trento,P.A. Trento,541380,51912,9.59,0.02
2672,2021-05-24,PAT,4387,2015,2372,1249,3025,113,ITH,ITH2,4,Provincia Autonoma Trento,P.A. Trento,541380,56299,10.4,0.81
2673,2021-03-02,PAT,1307,440,867,902,376,29,ITH,ITH2,4,Provincia Autonoma Trento,P.A. Trento,541380,57606,10.64,0.24
2674,2021-06-10,PAT,6130,2980,3150,1788,4214,128,ITH,ITH2,4,Provincia Autonoma Trento,P.A. Trento,541380,63736,11.77,1.13
2675,2021-05-31,PAT,4725,2175,2550,1569,3047,109,ITH,ITH2,4,Provincia Autonoma Trento,P.A. Trento,541380,68461,12.65,0.87
2676,2021-07-20,PAT,4525,2450,2075,1536,2862,127,ITH,ITH2,4,Provincia Autonoma Trento,P.A. Trento,541380,72986,13.48,0.84
2677,2021-02-06,PAT,575,299,276,434,141,0,ITH,ITH2,4,Provincia Autonoma Trento,P.A. Trento,541380,73561,13.59,0.11
2678,2021-02-23,PAT,1112,395,717,878,213,21,ITH,ITH2,4,Provincia Autonoma Trento,P.A. Trento,541380,74673,13.79,0.21
2679,2021-05-17,PAT,4294,2122,2172,3710,351,233,ITH,ITH2,4,Provincia Autonoma Trento,P.A. Trento,541380,78967,14.59,0.79
2680,2021-04-14,PAT,3119,1465,1654,2231,737,151,ITH,ITH2,4,Provincia Autonoma Trento,P.A. Trento,541380,82086,15.16,0.58
2681,2021-03-28,PAT,753,294,459,705,2,46,ITH,ITH2,4,Provincia Autonoma Trento,P.A. Trento,541380,82839,15.3,0.14
2682,2021-04-28,PAT,4254,1979,2275,3870,138,246,ITH,ITH2,4,Provincia Autonoma Trento,P.A. Trento,541380,87093,16.09,0.79
2683,2021-04-01,PAT,2906,1232,1674,1721,1094,91,ITH,ITH2,4,Provincia Autonoma Trento,P.A. Trento,541380,89999,16.62,0.54
2684,2021-07-10,PAT,1047,540,507,138,883,26,ITH,ITH2,4,Provincia Autonoma Trento,P.A. Trento,541380,91046,16.82,0.19
2685,2021-03-07,PAT,22,6,16,22,0,0,ITH,ITH2,4,Provincia Autonoma Trento,P.A. Trento,541380,91068,16.82,0.0
2686,2021-01-09,PAT,190,40,150,190,0,0,ITH,ITH2,4,Provincia Autonoma Trento,P.A. Trento,541380,91258,16.86,0.04
2687,2021-06-24,PAT,5927,3106,2821,3560,2181,186,ITH,ITH2,4,Provincia Autonoma Trento,P.A. Trento,541380,97185,17.95,1.09
2688,2021-05-12,PAT,3307,1495,1812,1953,1189,165,ITH,ITH2,4,Provincia Autonoma Trento,P.A. Trento,541380,100492,18.56,0.61
2689,2021-03-16,PAT,1391,506,885,577,783,31,ITH,ITH2,4,Provincia Autonoma Trento,P.A. Trento,541380,101883,18.82,0.26
2690,2021-05-14,PAT,5325,2544,2781,3640,1389,296,ITH,ITH2,4,Provincia Autonoma Trento,P.A. Trento,541380,107208,19.8,0.98
2691,2021-07-08,PAT,3964,2110,1854,2368,1434,162,ITH,ITH2,4,Provincia Autonoma Trento,P.A. Trento,541380,111172,20.53,0.73
2692,2021-02-04,PAT,976,304,672,421,554,1,ITH,ITH2,4,Provincia Autonoma Trento,P.A. Trento,541380,112148,20.72,0.18
2693,2021-04-13,PAT,2556,1059,1497,1970,507,79,ITH,ITH2,4,Provincia Autonoma Trento,P.A. Trento,541380,114704,21.19,0.47
2694,2021-01-20,PAT,292,73,219,280,12,0,ITH,ITH2,4,Provincia Autonoma Trento,P.A. Trento,541380,114996,21.24,0.05
2695,2021-04-30,PAT,4933,2406,2527,4413,152,368,ITH,ITH2,4,Provincia Autonoma Trento,P.A. Trento,541380,119929,22.15,0.91
2696,2021-05-19,PAT,5104,2460,2644,3600,1256,248,ITH,ITH2,4,Provincia Autonoma Trento,P.A. Trento,541380,125033,23.1,0.94
2697,2021-04-23,PAT,3640,1772,1868,3407,54,179,ITH,ITH2,4,Provincia Autonoma Trento,P.A. Trento,541380,128673,23.77,0.67
2698,2021-01-30,PAT,386,132,254,152,234,0,ITH,ITH2,4,Provincia Autonoma Trento,P.A. Trento,541380,129059,23.84,0.07
2699,2021-05-10,PAT,3213,1647,1566,2498,506,209,ITH,ITH2,4,Provincia Autonoma Trento,P.A. Trento,541380,132272,24.43,0.59
2700,2021-03-18,PAT,2320,957,1363,1216,1080,24,ITH,ITH2,4,Provincia Autonoma Trento,P.A. Trento,541380,134592,24.86,0.43
2701,2021-06-09,PAT,6246,3080,3166,2089,4080,77,ITH,ITH2,4,Provincia Autonoma Trento,P.A. Trento,541380,140838,26.01,1.15
2702,2021-03-04,PAT,2362,794,1568,1542,779,41,ITH,ITH2,4,Provincia Autonoma Trento,P.A. Trento,541380,143200,26.45,0.44
2703,2021-02-20,PAT,407,245,162,122,284,1,ITH,ITH2,4,Provincia Autonoma Trento,P.A. Trento,541380,143607,26.53,0.08
2704,2021-01-08,PAT,1451,314,1137,1450,0,1,ITH,ITH2,4,Provincia Autonoma Trento,P.A. Trento,541380,145058,26.79,0.27
2705,2021-06-14,PAT,5744,2970,2774,2015,3614,115,ITH,ITH2,4,Provincia Autonoma Trento,P.A. Trento,541380,150802,27.86,1.06
2706,2021-01-04,PAT,872,229,643,870,0,2,ITH,ITH2,4,Provincia Autonoma Trento,P.A. Trento,541380,151674,28.02,0.16
2707,2021-07-06,PAT,5006,2633,2373,2942,1881,183,ITH,ITH2,4,Provincia Autonoma Trento,P.A. Trento,541380,156680,28.94,0.92
2708,2021-01-18,PAT,644,154,490,589,55,0,ITH,ITH2,4,Provincia Autonoma Trento,P.A. Trento,541380,157324,29.06,0.12
2709,2021-03-23,PAT,2448,944,1504,1609,740,99,ITH,ITH2,4,Provincia Autonoma Trento,P.A. Trento,541380,159772,29.51,0.45
2710,2021-05-28,PAT,3725,1738,1987,1360,2230,135,ITH,ITH2,4,Provincia Autonoma Trento,P.A. Trento,541380,163497,30.2,0.69
2711,2021-01-25,PAT,818,215,603,24,794,0,ITH,ITH2,4,Provincia Autonoma Trento,P.A. Trento,541380,164315,30.35,0.15
2712,2021-03-25,PAT,2875,1105,1770,1719,1049,107,ITH,ITH2,4,Provincia Autonoma Trento,P.A. Trento,541380,167190,30.88,0.53
2713,2021-07-03,PAT,1256,669,587,80,1170,6,ITH,ITH2,4,Provincia Autonoma Trento,P.A. Trento,541380,168446,31.11,0.23
2714,2021-03-30,PAT,2388,973,1415,1652,637,99,ITH,ITH2,4,Provincia Autonoma Trento,P.A. Trento,541380,170834,31.56,0.44
2715,2021-02-08,PAT,1153,319,834,342,811,0,ITH,ITH2,4,Provincia Autonoma Trento,P.A. Trento,541380,171987,31.77,0.21
2716,2021-07-17,PAT,1047,508,539,245,786,16,ITH,ITH2,4,Provincia Autonoma Trento,P.A. Trento,541380,173034,31.96,0.19
2717,2021-05-21,PAT,5060,2423,2637,3079,1715,266,ITH,ITH2,4,Provincia Autonoma Trento,P.A. Trento,541380,178094,32.9,0.93
2718,2021-02-01,PAT,1224,338,886,92,1132,0,ITH,ITH2,4,Provincia Autonoma Trento,P.A. Trento,541380,179318,33.12,0.23
2719,2021-04-09,PAT,2742,1163,1579,1475,1200,67,ITH,ITH2,4,Provincia Autonoma Trento,P.A. Trento,541380,182060,33.63,0.51
2720,2021-02-11,PAT,1136,365,771,795,340,1,ITH,ITH2,4,Provincia Autonoma Trento,P.A. Trento,541380,183196,33.84,0.21
2721,2021-07-18,PAT,449,238,211,107,337,5,ITH,ITH2,4,Provincia Autonoma Trento,P.A. Trento,541380,183645,33.92,0.08
2722,2021-02-25,PAT,1641,643,998,1190,441,10,ITH,ITH2,4,Provincia Autonoma Trento,P.A. Trento,541380,185286,34.22,0.3
2723,2020-12-30,PAT,7,3,4,7,0,0,ITH,ITH2,4,Provincia Autonoma Trento,P.A. Trento,541380,185293,34.23,0.0
2724,2021-06-05,PAT,4083,1916,2167,679,3333,71,ITH,ITH2,4,Provincia Autonoma Trento,P.A. Trento,541380,189376,34.98,0.75
2725,2021-05-22,PAT,3258,1598,1660,832,2333,93,ITH,ITH2,4,Provincia Autonoma Trento,P.A. Trento,541380,192634,35.58,0.6
2726,2021-06-02,PAT,2839,1359,1480,882,1894,63,ITH,ITH2,4,Provincia Autonoma Trento,P.A. Trento,541380,195473,36.11,0.52
2727,2021-03-11,PAT,2318,864,1454,1445,830,43,ITH,ITH2,4,Provincia Autonoma Trento,P.A. Trento,541380,197791,36.53,0.43
2728,2021-07-22,PAT,3729,2000,1729,1325,2302,102,ITH,ITH2,4,Provincia Autonoma Trento,P.A. Trento,541380,201520,37.22,0.69
2729,2021-06-26,PAT,1391,726,665,660,713,18,ITH,ITH2,4,Provincia Autonoma Trento,P.A. Trento,541380,202911,37.48,0.26
2730,2021-06-28,PAT,6760,3487,3273,2904,3799,57,ITH,ITH2,4,Provincia Autonoma Trento,P.A. Trento,541380,209671,38.73,1.25
2731,2021-04-06,PAT,2261,950,1311,1439,765,57,ITH,ITH2,4,Provincia Autonoma Trento,P.A. Trento,541380,211932,39.15,0.42
2732,2021-07-15,PAT,4012,2123,1889,1574,2313,125,ITH,ITH2,4,Provincia Autonoma Trento,P.A. Trento,541380,215944,39.89,0.74
2733,2021-01-13,PAT,421,123,298,421,0,0,ITH,ITH2,4,Provincia Autonoma Trento,P.A. Trento,541380,216365,39.97,0.08
2734,2021-01-27,PAT,810,280,530,92,716,2,ITH,ITH2,4,Provincia Autonoma Trento,P.A. Trento,541380,217175,40.12,0.15
2735,2021-02-13,PAT,538,333,205,172,366,0,ITH,ITH2,4,Provincia Autonoma Trento,P.A. Trento,541380,217713,40.21,0.1
2736,2021-05-07,PAT,6000,3086,2914,4798,841,361,ITH,ITH2,4,Provincia Autonoma Trento,P.A. Trento,541380,223713,41.32,1.11
2737,2021-04-20,PAT,2879,1377,1502,2670,36,173,ITH,ITH2,4,Provincia Autonoma Trento,P.A. Trento,541380,226592,41.85,0.53
2738,2021-05-09,PAT,2324,1210,1114,1849,344,131,ITH,ITH2,4,Provincia Autonoma Trento,P.A. Trento,541380,228916,42.28,0.43
2739,2021-02-15,PAT,534,188,346,418,114,2,ITH,ITH2,4,Provincia Autonoma Trento,P.A. Trento,541380,229450,42.38,0.1
2740,2021-05-26,PAT,3918,1843,2075,1105,2693,120,ITH,ITH2,4,Provincia Autonoma Trento,P.A. Trento,541380,233368,43.11,0.72
2741,2021-06-06,PAT,2231,1063,1168,424,1786,21,ITH,ITH2,4,Provincia Autonoma Trento,P.A. Trento,541380,235599,43.52,0.41
2742,2021-07-12,PAT,4057,2030,2027,1934,1947,176,ITH,ITH2,4,Provincia Autonoma Trento,P.A. Trento,541380,239656,44.27,0.75
2743,2021-02-17,PAT,1115,426,689,1019,91,5,ITH,ITH2,4,Provincia Autonoma Trento,P.A. Trento,541380,240771,44.47,0.21
2744,2021-02-03,PAT,847,315,532,414,433,0,ITH,ITH2,4,Provincia Autonoma Trento,P.A. Trento,541380,241618,44.63,0.16
2745,2021-07-19,PAT,4607,2415,2192,1319,3173,115,ITH,ITH2,4,Provincia Autonoma Trento,P.A. Trento,541380,246225,45.48,0.85
2746,2021-05-23,PAT,1957,994,963,420,1509,28,ITH,ITH2,4,Provincia Autonoma Trento,P.A. Trento,541380,248182,45.84,0.36
2747,2021-04-10,PAT,2824,1322,1502,1949,796,79,ITH,ITH2,4,Provincia Autonoma Trento,P.A. Trento,541380,251006,46.36,0.52
2748,2021-05-02,PAT,3514,1955,1559,3266,37,211,ITH,ITH2,4,Provincia Autonoma Trento,P.A. Trento,541380,254520,47.01,0.65
2749,2021-03-13,PAT,836,385,451,719,48,69,ITH,ITH2,4,Provincia Autonoma Trento,P.A. Trento,541380,255356,47.17,0.15
2750,2021-07-05,PAT,5239,2745,2494,3640,1361,238,ITH,ITH2,4,Provincia Autonoma Trento,P.A. Trento,541380,260595,48.14,0.97
2751,2021-05-30,PAT,1770,872,898,862,840,68,ITH,ITH2,4,Provincia Autonoma Trento,P.A. Trento,541380,262365,48.46,0.33
2752,2021-04-03,PAT,1143,471,672,905,171,67,ITH,ITH2,4,Provincia Autonoma Trento,P.A. Trento,541380,263508,48.67,0.21
2753,2021-04-24,PAT,3550,1701,1849,3336,15,199,ITH,ITH2,4,Provincia Autonoma Trento,P.A. Trento,541380,267058,49.33,0.66
2754,2021-02-26,PAT,1218,435,783,900,295,23,ITH,ITH2,4,Provincia Autonoma Trento,P.A. Trento,541380,268276,49.55,0.22
2755,2021-01-14,PAT,701,203,498,699,0,2,ITH,ITH2,4,Provincia Autonoma Trento,P.A. Trento,541380,268977,49.68,0.13
2756,2021-05-29,PAT,2239,1168,1071,755,1400,84,ITH,ITH2,4,Provincia Autonoma Trento,P.A. Trento,541380,271216,50.1,0.41
2757,2021-04-02,PAT,2847,1158,1689,2011,675,161,ITH,ITH2,4,Provincia Autonoma Trento,P.A. Trento,541380,274063,50.62,0.53
2758,2021-04-16,PAT,2869,1362,1507,2569,145,155,ITH,ITH2,4,Provincia Autonoma Trento,P.A. Trento,541380,276932,51.15,0.53
2759,2021-02-18,PAT,1211,429,782,1138,63,10,ITH,ITH2,4,Provincia Autonoma Trento,P.A. Trento,541380,278143,51.38,0.22
2760,2021-02-12,PAT,1013,341,672,588,423,2,ITH,ITH2,4,Provincia Autonoma Trento,P.A. Trento,541380,279156,51.56,0.19
2761,2021-03-01,PAT,1237,454,783,918,295,24,ITH,ITH2,4,Provincia Autonoma Trento,P.A. Trento,541380,280393,51.79,0.23
2762,2021-03-20,PAT,874,403,471,658,203,13,ITH,ITH2,4,Provincia Autonoma Trento,P.A. Trento,541380,281267,51.95,0.16
2763,2021-03-03,PAT,1659,622,1037,1107,518,34,ITH,ITH2,4,Provincia Autonoma Trento,P.A. Trento,541380,282926,52.26,0.31
2764,2021-06-21,PAT,6135,3313,2822,3560,2394,181,ITH,ITH2,4,Provincia Autonoma Trento,P.A. Trento,541380,289061,53.39,1.13
2765,2021-04-29,PAT,4647,2243,2404,4139,209,299,ITH,ITH2,4,Provincia Autonoma Trento,P.A. Trento,541380,293708,54.25,0.86
2766,2021-01-22,PAT,1674,435,1239,330,1343,1,ITH,ITH2,4,Provincia Autonoma Trento,P.A. Trento,541380,295382,54.56,0.31
2767,2021-02-05,PAT,805,272,533,283,522,0,ITH,ITH2,4,Provincia Autonoma Trento,P.A. Trento,541380,296187,54.71,0.15
2768,2021-05-16,PAT,1331,736,595,1025,239,67,ITH,ITH2,4,Provincia Autonoma Trento,P.A. Trento,541380,297518,54.96,0.25
2769,2021-02-10,PAT,854,291,563,511,342,1,ITH,ITH2,4,Provincia Autonoma Trento,P.A. Trento,541380,298372,55.11,0.16
2770,2021-04-08,PAT,3142,1317,1825,1932,1118,92,ITH,ITH2,4,Provincia Autonoma Trento,P.A. Trento,541380,301514,55.69,0.58
2771,2021-07-07,PAT,4341,2326,2015,2761,1382,198,ITH,ITH2,4,Provincia Autonoma Trento,P.A. Trento,541380,305855,56.5,0.8
2772,2021-01-03,PAT,493,160,333,493,0,0,ITH,ITH2,4,Provincia Autonoma Trento,P.A. Trento,541380,306348,56.59,0.09
2773,2021-07-21,PAT,4307,2316,1991,1272,2953,82,ITH,ITH2,4,Provincia Autonoma Trento,P.A. Trento,541380,310655,57.38,0.8
2774,2021-02-28,PAT,242,121,121,232,0,10,ITH,ITH2,4,Provincia Autonoma Trento,P.A. Trento,541380,310897,57.43,0.04
2775,2021-06-08,PAT,5922,2863,3059,1755,4051,116,ITH,ITH2,4,Provincia Autonoma Trento,P.A. Trento,541380,316819,58.52,1.09
2776,2021-04-26,PAT,2660,1254,1406,2400,95,165,ITH,ITH2,4,Provincia Autonoma Trento,P.A. Trento,541380,319479,59.01,0.49
2777,2021-02-19,PAT,929,359,570,838,59,32,ITH,ITH2,4,Provincia Autonoma Trento,P.A. Trento,541380,320408,59.18,0.17
2778,2021-06-11,PAT,7206,3431,3775,1475,5629,102,ITH,ITH2,4,Provincia Autonoma Trento,P.A. Trento,541380,327614,60.51,1.33
2779,2021-06-13,PAT,3686,2033,1653,274,3389,23,ITH,ITH2,4,Provincia Autonoma Trento,P.A. Trento,541380,331300,61.2,0.68
2780,2020-12-27,PAT,103,40,63,103,0,0,ITH,ITH2,4,Provincia Autonoma Trento,P.A. Trento,541380,331403,61.21,0.02
2781,2021-01-10,PAT,85,20,65,85,0,0,ITH,ITH2,4,Provincia Autonoma Trento,P.A. Trento,541380,331488,61.23,0.02
2782,2021-01-29,PAT,1358,334,1024,55,1303,0,ITH,ITH2,4,Provincia Autonoma Trento,P.A. Trento,541380,332846,61.48,0.25
2783,2021-07-14,PAT,3973,2071,1902,1591,2283,99,ITH,ITH2,4,Provincia Autonoma Trento,P.A. Trento,541380,336819,62.21,0.73
2784,2021-04-22,PAT,3152,1470,1682,2932,45,175,ITH,ITH2,4,Provincia Autonoma Trento,P.A. Trento,541380,339971,62.8,0.58
2785,2021-01-06,PAT,42,13,29,42,0,0,ITH,ITH2,4,Provincia Autonoma Trento,P.A. Trento,541380,340013,62.8,0.01
2786,2021-06-16,PAT,6217,3348,2869,1944,4152,121,ITH,ITH2,4,Provincia Autonoma Trento,P.A. Trento,541380,346230,63.95,1.15
2787,2021-01-05,PAT,711,233,478,711,0,0,ITH,ITH2,4,Provincia Autonoma Trento,P.A. Trento,541380,346941,64.08,0.13
2788,2021-04-15,PAT,3202,1443,1759,2810,154,238,ITH,ITH2,4,Provincia Autonoma Trento,P.A. Trento,541380,350143,64.68,0.59
2789,2021-06-18,PAT,6941,3693,3248,1737,5114,90,ITH,ITH2,4,Provincia Autonoma Trento,P.A. Trento,541380,357084,65.96,1.28
2790,2021-03-27,PAT,1620,710,910,1289,257,74,ITH,ITH2,4,Provincia Autonoma Trento,P.A. Trento,541380,358704,66.26,0.3
2791,2021-06-04,PAT,5835,2610,3225,1716,3998,121,ITH,ITH2,4,Provincia Autonoma Trento,P.A. Trento,541380,364539,67.34,1.08
2792,2020-12-31,PAT,1627,449,1178,1627,0,0,ITH,ITH2,4,Provincia Autonoma Trento,P.A. Trento,541380,366166,67.64,0.3
2793,2021-06-22,PAT,6191,3381,2810,3478,2531,182,ITH,ITH2,4,Provincia Autonoma Trento,P.A. Trento,541380,372357,68.78,1.14
2794,2021-03-05,PAT,2248,704,1544,1590,566,92,ITH,ITH2,4,Provincia Autonoma Trento,P.A. Trento,541380,374605,69.19,0.42
2795,2021-01-07,PAT,1272,310,962,1269,0,3,ITH,ITH2,4,Provincia Autonoma Trento,P.A. Trento,541380,375877,69.43,0.23
2796,2021-04-17,PAT,2233,1139,1094,2073,57,103,ITH,ITH2,4,Provincia Autonoma Trento,P.A. Trento,541380,378110,69.84,0.41
2797,2021-04-07,PAT,2628,1018,1610,1570,943,115,ITH,ITH2,4,Provincia Autonoma Trento,P.A. Trento,541380,380738,70.33,0.49
2798,2021-07-16,PAT,4360,2235,2125,1590,2632,138,ITH,ITH2,4,Provincia Autonoma Trento,P.A. Trento,541380,385098,71.13,0.81
2799,2021-06-27,PAT,1303,698,605,361,938,4,ITH,ITH2,4,Provincia Autonoma Trento,P.A. Trento,541380,386401,71.37,0.24
2800,2021-03-15,PAT,1412,545,867,894,464,54,ITH,ITH2,4,Provincia Autonoma Trento,P.A. Trento,541380,387813,71.63,0.26
2801,2021-01-17,PAT,251,195,56,251,0,0,ITH,ITH2,4,Provincia Autonoma Trento,P.A. Trento,541380,388064,71.68,0.05
2802,2021-06-23,PAT,6518,3453,3065,4466,1859,193,ITH,ITH2,4,Provincia Autonoma Trento,P.A. Trento,541380,394582,72.88,1.2
2803,2021-05-11,PAT,3703,1752,1951,2616,851,236,ITH,ITH2,4,Provincia Autonoma Trento,P.A. Trento,541380,398285,73.57,0.68
2804,2021-04-27,PAT,3916,1882,2034,3569,69,278,ITH,ITH2,4,Provincia Autonoma Trento,P.A. Trento,541380,402201,74.29,0.72
2805,2021-05-25,PAT,4772,2268,2504,1721,2904,147,ITH,ITH2,4,Provincia Autonoma Trento,P.A. Trento,541380,406973,75.17,0.88
2806,2021-05-08,PAT,3162,1726,1436,2548,422,192,ITH,ITH2,4,Provincia Autonoma Trento,P.A. Trento,541380,410135,75.76,0.58
2807,2021-02-14,PAT,246,186,60,11,235,0,ITH,ITH2,4,Provincia Autonoma Trento,P.A. Trento,541380,410381,75.8,0.05
2808,2021-05-27,PAT,4295,1992,2303,1124,3043,128,ITH,ITH2,4,Provincia Autonoma Trento,P.A. Trento,541380,414676,76.6,0.79
2809,2021-02-24,PAT,1325,525,800,905,399,21,ITH,ITH2,4,Provincia Autonoma Trento,P.A. Trento,541380,416001,76.84,0.24
2810,2021-06-03,PAT,4773,2237,2536,1211,3470,92,ITH,ITH2,4,Provincia Autonoma Trento,P.A. Trento,541380,420774,77.72,0.88
2811,2021-01-19,PAT,407,77,330,407,0,0,ITH,ITH2,4,Provincia Autonoma Trento,P.A. Trento,541380,421181,77.8,0.08
2812,2021-02-22,PAT,747,259,488,657,84,6,ITH,ITH2,4,Provincia Autonoma Trento,P.A. Trento,541380,421928,77.94,0.14
2813,2021-05-18,PAT,4255,2010,2245,3131,846,278,ITH,ITH2,4,Provincia Autonoma Trento,P.A. Trento,541380,426183,78.72,0.79
2814,2021-03-12,PAT,2518,940,1578,1641,806,71,ITH,ITH2,4,Provincia Autonoma Trento,P.A. Trento,541380,428701,79.19,0.47
2815,2021-06-20,PAT,1869,1034,835,28,1836,5,ITH,ITH2,4,Provincia Autonoma Trento,P.A. Trento,541380,430570,79.53,0.35
2816,2021-04-19,PAT,2625,1235,1390,2419,22,184,ITH,ITH2,4,Provincia Autonoma Trento,P.A. Trento,541380,433195,80.02,0.48
2817,2021-06-15,PAT,6242,3284,2958,1597,4511,134,ITH,ITH2,4,Provincia Autonoma Trento,P.A. Trento,541380,439437,81.17,1.15
2818,2021-01-12,PAT,507,158,349,506,0,1,ITH,ITH2,4,Provincia Autonoma Trento,P.A. Trento,541380,439944,81.26,0.09
2819,2021-03-19,PAT,2424,915,1509,1492,853,79,ITH,ITH2,4,Provincia Autonoma Trento,P.A. Trento,541380,442368,81.71,0.45
2820,2021-04-05,PAT,35,17,18,30,2,3,ITH,ITH2,4,Provincia Autonoma Trento,P.A. Trento,541380,442403,81.72,0.01
2821,2021-05-04,PAT,4512,2448,2064,4123,95,294,ITH,ITH2,4,Provincia Autonoma Trento,P.A. Trento,541380,446915,82.55,0.83
2822,2021-03-08,PAT,1411,434,977,1027,354,30,ITH,ITH2,4,Provincia Autonoma Trento,P.A. Trento,541380,448326,82.81,0.26
2823,2021-03-22,PAT,2306,973,1333,1375,875,56,ITH,ITH2,4,Provincia Autonoma Trento,P.A. Trento,541380,450632,83.24,0.43
2824,2021-01-24,PAT,548,276,272,224,324,0,ITH,ITH2,4,Provincia Autonoma Trento,P.A. Trento,541380,451180,83.34,0.1
2825,2021-06-30,PAT,6675,3434,3241,2604,3992,79,ITH,ITH2,4,Provincia Autonoma Trento,P.A. Trento,541380,457855,84.57,1.23
2826,2021-03-10,PAT,2405,929,1476,1425,922,58,ITH,ITH2,4,Provincia Autonoma Trento,P.A. Trento,541380,460260,85.02,0.44
2827,2021-01-02,PAT,502,143,359,502,0,0,ITH,ITH2,4,Provincia Autonoma Trento,P.A. Trento,541380,460762,85.11,0.09
2828,2021-03-29,PAT,2494,967,1527,1640,735,119,ITH,ITH2,4,Provincia Autonoma Trento,P.A. Trento,541380,463256,85.57,0.46
2829,2021-04-12,PAT,3086,1409,1677,2467,497,122,ITH,ITH2,4,Provincia Autonoma Trento,P.A. Trento,541380,466342,86.14,0.57
2830,2021-01-21,PAT,353,95,258,229,124,0,ITH,ITH2,4,Provincia Autonoma Trento,P.A. Trento,541380,466695,86.2,0.07
2831,2021-05-01,PAT,4851,2470,2381,4531,36,284,ITH,ITH2,4,Provincia Autonoma Trento,P.A. Trento,541380,471546,87.1,0.9
2832,2021-01-31,PAT,76,16,60,1,75,0,ITH,ITH2,4,Provincia Autonoma Trento,P.A. Trento,541380,471622,87.11,0.01
2833,2021-07-04,PAT,212,119,93,61,149,2,ITH,ITH2,4,Provincia Autonoma Trento,P.A. Trento,541380,471834,87.15,0.04
2834,2021-02-21,PAT,155,92,63,43,112,0,ITH,ITH2,4,Provincia Autonoma Trento,P.A. Trento,541380,471989,87.18,0.03
2835,2021-05-15,PAT,1570,815,755,638,891,41,ITH,ITH2,4,Provincia Autonoma Trento,P.A. Trento,541380,473559,87.47,0.29
2836,2021-06-01,PAT,4019,1879,2140,1054,2859,106,ITH,ITH2,4,Provincia Autonoma Trento,P.A. Trento,541380,477578,88.21,0.74
2837,2021-07-11,PAT,998,549,449,121,869,8,ITH,ITH2,4,Provincia Autonoma Trento,P.A. Trento,541380,478576,88.4,0.18
2838,2021-04-18,PAT,1855,845,1010,1788,9,58,ITH,ITH2,4,Provincia Autonoma Trento,P.A. Trento,541380,480431,88.74,0.34
2839,2021-03-06,PAT,786,277,509,595,151,40,ITH,ITH2,4,Provincia Autonoma Trento,P.A. Trento,541380,481217,88.89,0.15
2840,2021-04-11,PAT,2340,1135,1205,2161,91,88,ITH,ITH2,4,Provincia Autonoma Trento,P.A. Trento,541380,483557,89.32,0.43
2841,2021-02-27,PAT,1032,458,574,590,422,20,ITH,ITH2,4,Provincia Autonoma Trento,P.A. Trento,541380,484589,89.51,0.19
2842,2021-01-01,PAT,214,50,164,214,0,0,ITH,ITH2,4,Provincia Autonoma Trento,P.A. Trento,541380,484803,89.55,0.04
2843,2021-06-07,PAT,5793,2883,2910,2638,2986,169,ITH,ITH2,4,Provincia Autonoma Trento,P.A. Trento,541380,490596,90.62,1.07
2844,2021-04-25,PAT,1971,940,1031,1849,7,115,ITH,ITH2,4,Provincia Autonoma Trento,P.A. Trento,541380,492567,90.98,0.36
2845,2021-06-25,PAT,7504,4022,3482,4047,3378,79,ITH,ITH2,4,Provincia Autonoma Trento,P.A. Trento,541380,500071,92.37,1.39
2846,2021-07-02,PAT,7165,3895,3270,3413,3528,224,ITH,ITH2,4,Provincia Autonoma Trento,P.A. Trento,541380,507236,93.69,1.32
2847,2021-01-15,PAT,597,132,465,596,0,1,ITH,ITH2,4,Provincia Autonoma Trento,P.A. Trento,541380,507833,93.8,0.11
2848,2021-05-20,PAT,5017,2358,2659,3104,1637,276,ITH,ITH2,4,Provincia Autonoma Trento,P.A. Trento,541380,512850,94.73,0.93
2849,2021-03-24,PAT,2377,940,1437,1444,820,113,ITH,ITH2,4,Provincia Autonoma Trento,P.A. Trento,541380,515227,95.17,0.44
2850,2021-02-09,PAT,918,287,631,442,475,1,ITH,ITH2,4,Provincia Autonoma Trento,P.A. Trento,541380,516145,95.34,0.17
2851,2021-03-17,PAT,2071,792,1279,1120,871,80,ITH,ITH2,4,Provincia Autonoma Trento,P.A. Trento,541380,518216,95.72,0.38
2852,2021-02-02,PAT,910,240,670,191,719,0,ITH,ITH2,4,Provincia Autonoma Trento,P.A. Trento,541380,519126,95.89,0.17
2853,2021-07-09,PAT,4918,2614,2304,2865,1843,210,ITH,ITH2,4,Provincia Autonoma Trento,P.A. Trento,541380,524044,96.8,0.91
2854,2021-05-13,PAT,3409,1580,1829,2088,1104,217,ITH,ITH2,4,Provincia Autonoma Trento,P.A. Trento,541380,527453,97.43,0.63
2855,2021-03-31,PAT,2586,983,1603,1632,858,96,ITH,ITH2,4,Provincia Autonoma Trento,P.A. Trento,541380,530039,97.91,0.48
2856,2021-01-26,PAT,543,154,389,27,516,0,ITH,ITH2,4,Provincia Autonoma Trento,P.A. Trento,541380,530582,98.01,0.1
2857,2021-05-06,PAT,5533,2741,2792,4387,780,366,ITH,ITH2,4,Provincia Autonoma Trento,P.A. Trento,541380,536115,99.03,1.02
2858,2021-01-30,SIC,7696,3536,4160,163,7531,2,ITG,ITG1,19,Sicilia,Sicilia,4999891,7696,0.15,0.15
2859,2021-03-28,SIC,10983,5148,5835,6910,4011,62,ITG,ITG1,19,Sicilia,Sicilia,4999891,18679,0.37,0.22
2860,2021-07-15,SIC,48332,22440,25892,7991,40080,261,ITG,ITG1,19,Sicilia,Sicilia,4999891,67011,1.34,0.97
2861,2021-04-04,SIC,6805,3322,3483,5451,1292,62,ITG,ITG1,19,Sicilia,Sicilia,4999891,73816,1.48,0.14
2862,2021-06-24,SIC,42271,19624,22647,17571,24346,354,ITG,ITG1,19,Sicilia,Sicilia,4999891,116087,2.32,0.85
2863,2021-06-07,SIC,49677,23410,26267,41113,8035,529,ITG,ITG1,19,Sicilia,Sicilia,4999891,165764,3.32,0.99
2864,2021-01-25,SIC,7431,3678,3753,279,7145,7,ITG,ITG1,19,Sicilia,Sicilia,4999891,173195,3.46,0.15
2865,2021-05-05,SIC,26308,12190,14118,16256,9628,424,ITG,ITG1,19,Sicilia,Sicilia,4999891,199503,3.99,0.53
2866,2021-05-19,SIC,42853,20759,22094,28186,14301,366,ITG,ITG1,19,Sicilia,Sicilia,4999891,242356,4.85,0.86
2867,2021-02-13,SIC,2978,1123,1855,2687,255,36,ITG,ITG1,19,Sicilia,Sicilia,4999891,245334,4.91,0.06
2868,2021-05-24,SIC,35868,17434,18434,15587,20048,233,ITG,ITG1,19,Sicilia,Sicilia,4999891,281202,5.62,0.72
2869,2021-05-17,SIC,31899,15394,16505,18996,12617,286,ITG,ITG1,19,Sicilia,Sicilia,4999891,313101,6.26,0.64
2870,2021-03-21,SIC,15218,7341,7877,11181,3969,68,ITG,ITG1,19,Sicilia,Sicilia,4999891,328319,6.57,0.3
2871,2021-02-06,SIC,4700,2099,2601,1445,3234,21,ITG,ITG1,19,Sicilia,Sicilia,4999891,333019,6.66,0.09
2872,2021-04-11,SIC,15367,7590,7777,8234,7030,103,ITG,ITG1,19,Sicilia,Sicilia,4999891,348386,6.97,0.31
2873,2021-07-20,SIC,48461,23612,24849,12800,35312,349,ITG,ITG1,19,Sicilia,Sicilia,4999891,396847,7.94,0.97
2874,2020-12-30,SIC,185,109,76,184,0,1,ITG,ITG1,19,Sicilia,Sicilia,4999891,397032,7.94,0.0
2875,2021-01-16,SIC,2716,1211,1505,2695,0,21,ITG,ITG1,19,Sicilia,Sicilia,4999891,399748,8.0,0.05
2876,2021-07-01,SIC,30958,14062,16896,10720,19983,255,ITG,ITG1,19,Sicilia,Sicilia,4999891,430706,8.61,0.62
2877,2021-04-09,SIC,20270,9875,10395,10946,9076,248,ITG,ITG1,19,Sicilia,Sicilia,4999891,450976,9.02,0.41
2878,2021-03-23,SIC,20940,10079,10861,15224,5564,152,ITG,ITG1,19,Sicilia,Sicilia,4999891,471916,9.44,0.42
2879,2021-05-31,SIC,38078,17145,20933,21271,16510,297,ITG,ITG1,19,Sicilia,Sicilia,4999891,509994,10.2,0.76
2880,2021-06-19,SIC,44259,21043,23216,18750,25191,318,ITG,ITG1,19,Sicilia,Sicilia,4999891,554253,11.09,0.89
2881,2021-04-23,SIC,28566,13696,14870,22366,5835,365,ITG,ITG1,19,Sicilia,Sicilia,4999891,582819,11.66,0.57
2882,2021-06-26,SIC,37247,17770,19477,16356,20593,298,ITG,ITG1,19,Sicilia,Sicilia,4999891,620066,12.4,0.74
2883,2021-04-30,SIC,35016,16344,18672,23538,11031,447,ITG,ITG1,19,Sicilia,Sicilia,4999891,655082,13.1,0.7
2884,2021-02-25,SIC,9940,5204,4736,8691,1164,85,ITG,ITG1,19,Sicilia,Sicilia,4999891,665022,13.3,0.2
2885,2021-06-05,SIC,59929,28507,31422,48733,10577,619,ITG,ITG1,19,Sicilia,Sicilia,4999891,724951,14.5,1.2
2886,2021-03-14,SIC,8773,3927,4846,4886,3836,51,ITG,ITG1,19,Sicilia,Sicilia,4999891,733724,14.67,0.18
2887,2021-02-11,SIC,5236,2059,3177,4656,463,117,ITG,ITG1,19,Sicilia,Sicilia,4999891,738960,14.78,0.1
2888,2021-07-13,SIC,46052,21144,24908,6893,38945,214,ITG,ITG1,19,Sicilia,Sicilia,4999891,785012,15.7,0.92
2889,2021-06-04,SIC,57849,26760,31089,45405,11945,499,ITG,ITG1,19,Sicilia,Sicilia,4999891,842861,16.86,1.16
2890,2021-02-04,SIC,6753,3076,3677,1423,5301,29,ITG,ITG1,19,Sicilia,Sicilia,4999891,849614,16.99,0.14
2891,2021-01-01,SIC,819,438,381,815,0,4,ITG,ITG1,19,Sicilia,Sicilia,4999891,850433,17.01,0.02
2892,2021-04-20,SIC,18995,9003,9992,13455,5248,292,ITG,ITG1,19,Sicilia,Sicilia,4999891,869428,17.39,0.38
2893,2021-03-16,SIC,9619,4321,5298,3555,5996,68,ITG,ITG1,19,Sicilia,Sicilia,4999891,879047,17.58,0.19
2894,2021-07-08,SIC,38342,17470,20872,6524,31601,217,ITG,ITG1,19,Sicilia,Sicilia,4999891,917389,18.35,0.77
2895,2021-02-27,SIC,12235,5501,6734,10935,1204,96,ITG,ITG1,19,Sicilia,Sicilia,4999891,929624,18.59,0.24
2896,2021-07-12,SIC,48972,22572,26400,6469,42308,195,ITG,ITG1,19,Sicilia,Sicilia,4999891,978596,19.57,0.98
2897,2021-02-08,SIC,3884,1680,2204,2080,1755,49,ITG,ITG1,19,Sicilia,Sicilia,4999891,982480,19.65,0.08
2898,2020-12-28,SIC,218,132,86,217,0,1,ITG,ITG1,19,Sicilia,Sicilia,4999891,982698,19.65,0.0
2899,2021-06-16,SIC,40397,18787,21610,21243,18799,355,ITG,ITG1,19,Sicilia,Sicilia,4999891,1023095,20.46,0.81
2900,2021-02-18,SIC,5332,3139,2193,4837,430,65,ITG,ITG1,19,Sicilia,Sicilia,4999891,1028427,20.57,0.11
2901,2021-05-12,SIC,36837,17366,19471,21393,14915,529,ITG,ITG1,19,Sicilia,Sicilia,4999891,1065264,21.31,0.74
2902,2021-07-17,SIC,49312,24283,25029,9335,39680,297,ITG,ITG1,19,Sicilia,Sicilia,4999891,1114576,22.29,0.99
2903,2021-04-08,SIC,18025,8867,9158,8770,9103,152,ITG,ITG1,19,Sicilia,Sicilia,4999891,1132601,22.65,0.36
2904,2021-03-04,SIC,15228,6689,8539,10985,4117,126,ITG,ITG1,19,Sicilia,Sicilia,4999891,1147829,22.96,0.3
2905,2021-06-12,SIC,45779,22394,23385,39367,5888,524,ITG,ITG1,19,Sicilia,Sicilia,4999891,1193608,23.87,0.92
2906,2021-05-07,SIC,36560,17261,19299,24621,11614,325,ITG,ITG1,19,Sicilia,Sicilia,4999891,1230168,24.6,0.73
2907,2021-03-11,SIC,15434,6700,8734,12876,2418,140,ITG,ITG1,19,Sicilia,Sicilia,4999891,1245602,24.91,0.31
2908,2021-01-27,SIC,7292,3714,3578,175,7116,1,ITG,ITG1,19,Sicilia,Sicilia,4999891,1252894,25.06,0.15
2909,2021-01-13,SIC,5179,2439,2740,5145,0,34,ITG,ITG1,19,Sicilia,Sicilia,4999891,1258073,25.16,0.1
2910,2021-04-16,SIC,28849,14491,14358,20253,8293,303,ITG,ITG1,19,Sicilia,Sicilia,4999891,1286922,25.74,0.58
2911,2021-01-23,SIC,4445,2289,2156,192,4243,10,ITG,ITG1,19,Sicilia,Sicilia,4999891,1291367,25.83,0.09
2912,2021-01-06,SIC,6245,3288,2957,6185,0,60,ITG,ITG1,19,Sicilia,Sicilia,4999891,1297612,25.95,0.12
2913,2021-04-02,SIC,13882,6547,7335,9041,4735,106,ITG,ITG1,19,Sicilia,Sicilia,4999891,1311494,26.23,0.28
2914,2021-02-10,SIC,4353,1775,2578,3888,381,84,ITG,ITG1,19,Sicilia,Sicilia,4999891,1315847,26.32,0.09
2915,2021-05-21,SIC,48668,23059,25609,26656,21590,422,ITG,ITG1,19,Sicilia,Sicilia,4999891,1364515,27.29,0.97
2916,2021-04-06,SIC,17743,8478,9265,13262,4283,198,ITG,ITG1,19,Sicilia,Sicilia,4999891,1382258,27.65,0.35
2917,2021-02-22,SIC,7946,4132,3814,7375,493,78,ITG,ITG1,19,Sicilia,Sicilia,4999891,1390204,27.8,0.16
2918,2020-12-27,SIC,92,55,37,91,0,1,ITG,ITG1,19,Sicilia,Sicilia,4999891,1390296,27.81,0.0
2919,2021-06-02,SIC,35279,16298,18981,27107,7778,394,ITG,ITG1,19,Sicilia,Sicilia,4999891,1425575,28.51,0.71
2920,2021-03-01,SIC,12764,6071,6693,10983,1657,124,ITG,ITG1,19,Sicilia,Sicilia,4999891,1438339,28.77,0.26
2921,2021-06-09,SIC,49779,23676,26103,41909,7253,617,ITG,ITG1,19,Sicilia,Sicilia,4999891,1488118,29.76,1.0
2922,2021-02-15,SIC,3730,1733,1997,3092,564,74,ITG,ITG1,19,Sicilia,Sicilia,4999891,1491848,29.84,0.07
2923,2021-07-22,SIC,40379,19831,20548,11136,28968,275,ITG,ITG1,19,Sicilia,Sicilia,4999891,1532227,30.65,0.81
2924,2021-05-26,SIC,44685,21010,23675,23892,20450,343,ITG,ITG1,19,Sicilia,Sicilia,4999891,1576912,31.54,0.89
2925,2021-01-03,SIC,4791,2502,2289,4761,0,30,ITG,ITG1,19,Sicilia,Sicilia,4999891,1581703,31.63,0.1
2926,2021-04-13,SIC,20239,9865,10374,11242,8835,162,ITG,ITG1,19,Sicilia,Sicilia,4999891,1601942,32.04,0.4
2927,2021-03-02,SIC,14752,6370,8382,11862,2777,113,ITG,ITG1,19,Sicilia,Sicilia,4999891,1616694,32.33,0.3
2928,2021-01-04,SIC,8436,4215,4221,8391,0,45,ITG,ITG1,19,Sicilia,Sicilia,4999891,1625130,32.5,0.17
2929,2021-01-18,SIC,1596,654,942,1430,155,11,ITG,ITG1,19,Sicilia,Sicilia,4999891,1626726,32.54,0.03
2930,2021-04-28,SIC,29258,13713,15545,19731,9144,383,ITG,ITG1,19,Sicilia,Sicilia,4999891,1655984,33.12,0.59
2931,2021-01-22,SIC,1283,639,644,261,1020,2,ITG,ITG1,19,Sicilia,Sicilia,4999891,1657267,33.15,0.03
2932,2021-01-08,SIC,8124,3785,4339,8035,0,89,ITG,ITG1,19,Sicilia,Sicilia,4999891,1665391,33.31,0.16
2933,2021-04-18,SIC,19825,9914,9911,15286,4360,179,ITG,ITG1,19,Sicilia,Sicilia,4999891,1685216,33.71,0.4
2934,2021-03-25,SIC,20458,9527,10931,14743,5543,172,ITG,ITG1,19,Sicilia,Sicilia,4999891,1705674,34.11,0.41
2935,2021-07-03,SIC,33910,16298,17612,9035,24636,239,ITG,ITG1,19,Sicilia,Sicilia,4999891,1739584,34.79,0.68
2936,2021-03-06,SIC,12639,5058,7581,9761,2782,96,ITG,ITG1,19,Sicilia,Sicilia,4999891,1752223,35.05,0.25
2937,2021-06-14,SIC,43479,20651,22828,28165,14892,422,ITG,ITG1,19,Sicilia,Sicilia,4999891,1795702,35.91,0.87
2938,2021-05-28,SIC,51241,22974,28267,24306,26520,415,ITG,ITG1,19,Sicilia,Sicilia,4999891,1846943,36.94,1.02
2939,2021-02-20,SIC,7139,3692,3447,6801,241,97,ITG,ITG1,19,Sicilia,Sicilia,4999891,1854082,37.08,0.14
2940,2021-02-03,SIC,5923,2780,3143,713,5202,8,ITG,ITG1,19,Sicilia,Sicilia,4999891,1860005,37.2,0.12
2941,2021-04-27,SIC,26416,12669,13747,15172,10921,323,ITG,ITG1,19,Sicilia,Sicilia,4999891,1886421,37.73,0.53
2942,2021-05-14,SIC,52180,24464,27716,35760,15668,752,ITG,ITG1,19,Sicilia,Sicilia,4999891,1938601,38.77,1.04
2943,2021-01-19,SIC,1507,666,841,1263,230,14,ITG,ITG1,19,Sicilia,Sicilia,4999891,1940108,38.8,0.03
2944,2021-06-11,SIC,49921,23816,26105,41563,7702,656,ITG,ITG1,19,Sicilia,Sicilia,4999891,1990029,39.8,1.0
2945,2021-04-29,SIC,31794,14833,16961,21801,9555,438,ITG,ITG1,19,Sicilia,Sicilia,4999891,2021823,40.44,0.64
2946,2021-03-03,SIC,14563,6544,8019,11372,3067,124,ITG,ITG1,19,Sicilia,Sicilia,4999891,2036386,40.73,0.29
2947,2021-01-10,SIC,3535,1579,1956,3514,0,21,ITG,ITG1,19,Sicilia,Sicilia,4999891,2039921,40.8,0.07
2948,2021-01-05,SIC,10356,5090,5266,10280,0,76,ITG,ITG1,19,Sicilia,Sicilia,4999891,2050277,41.01,0.21
2949,2021-04-15,SIC,21554,10484,11070,12008,9340,206,ITG,ITG1,19,Sicilia,Sicilia,4999891,2071831,41.44,0.43
2950,2021-04-01,SIC,14292,6617,7675,9496,4665,131,ITG,ITG1,19,Sicilia,Sicilia,4999891,2086123,41.72,0.29
2951,2021-07-10,SIC,46869,22324,24545,6059,40607,203,ITG,ITG1,19,Sicilia,Sicilia,4999891,2132992,42.66,0.94
2952,2021-06-23,SIC,44447,20678,23769,17883,26234,330,ITG,ITG1,19,Sicilia,Sicilia,4999891,2177439,43.55,0.89
2953,2021-02-24,SIC,9377,4805,4572,8708,565,104,ITG,ITG1,19,Sicilia,Sicilia,4999891,2186816,43.74,0.19
2954,2021-01-21,SIC,1441,708,733,490,940,11,ITG,ITG1,19,Sicilia,Sicilia,4999891,2188257,43.77,0.03
2955,2021-05-01,SIC,24441,11312,13129,19003,5164,274,ITG,ITG1,19,Sicilia,Sicilia,4999891,2212698,44.25,0.49
2956,2021-02-23,SIC,8745,4634,4111,8198,466,81,ITG,ITG1,19,Sicilia,Sicilia,4999891,2221443,44.43,0.17
2957,2021-03-09,SIC,13155,5764,7391,10831,2200,124,ITG,ITG1,19,Sicilia,Sicilia,4999891,2234598,44.69,0.26
2958,2021-01-11,SIC,5829,2573,3256,5771,0,58,ITG,ITG1,19,Sicilia,Sicilia,4999891,2240427,44.81,0.12
2959,2021-02-19,SIC,4979,2695,2284,4333,564,82,ITG,ITG1,19,Sicilia,Sicilia,4999891,2245406,44.91,0.1
2960,2021-03-08,SIC,13494,5953,7541,10766,2613,115,ITG,ITG1,19,Sicilia,Sicilia,4999891,2258900,45.18,0.27
2961,2021-05-30,SIC,35764,16169,19595,17421,18045,298,ITG,ITG1,19,Sicilia,Sicilia,4999891,2294664,45.89,0.72
2962,2021-05-13,SIC,47453,22250,25203,30296,16537,620,ITG,ITG1,19,Sicilia,Sicilia,4999891,2342117,46.84,0.95
2963,2021-01-15,SIC,5252,2294,2958,5185,0,67,ITG,ITG1,19,Sicilia,Sicilia,4999891,2347369,46.95,0.11
2964,2021-04-25,SIC,21394,10204,11190,16153,5015,226,ITG,ITG1,19,Sicilia,Sicilia,4999891,2368763,47.38,0.43
2965,2021-02-01,SIC,5905,2625,3280,304,5588,13,ITG,ITG1,19,Sicilia,Sicilia,4999891,2374668,47.49,0.12
2966,2021-03-22,SIC,16678,7914,8764,11164,5424,90,ITG,ITG1,19,Sicilia,Sicilia,4999891,2391346,47.83,0.33
2967,2021-06-30,SIC,32536,15002,17534,11394,20825,317,ITG,ITG1,19,Sicilia,Sicilia,4999891,2423882,48.48,0.65
2968,2020-12-29,SIC,243,152,91,243,0,0,ITG,ITG1,19,Sicilia,Sicilia,4999891,2424125,48.48,0.0
2969,2021-06-13,SIC,34538,17161,17377,30601,3504,433,ITG,ITG1,19,Sicilia,Sicilia,4999891,2458663,49.17,0.69
2970,2021-01-24,SIC,4325,2263,2062,131,4192,2,ITG,ITG1,19,Sicilia,Sicilia,4999891,2462988,49.26,0.09
2971,2021-05-04,SIC,26838,12469,14369,17159,9292,387,ITG,ITG1,19,Sicilia,Sicilia,4999891,2489826,49.8,0.54
2972,2021-06-20,SIC,33393,15804,17589,15115,18019,259,ITG,ITG1,19,Sicilia,Sicilia,4999891,2523219,50.47,0.67
2973,2021-04-22,SIC,26736,12628,14108,19880,6458,398,ITG,ITG1,19,Sicilia,Sicilia,4999891,2549955,51.0,0.53
2974,2021-03-10,SIC,13928,6121,7807,11614,2183,131,ITG,ITG1,19,Sicilia,Sicilia,4999891,2563883,51.28,0.28
2975,2021-01-12,SIC,4328,2122,2206,4284,0,44,ITG,ITG1,19,Sicilia,Sicilia,4999891,2568211,51.37,0.09
2976,2021-06-18,SIC,43570,20139,23431,18845,24359,366,ITG,ITG1,19,Sicilia,Sicilia,4999891,2611781,52.24,0.87
2977,2021-06-27,SIC,25303,12200,13103,12100,12977,226,ITG,ITG1,19,Sicilia,Sicilia,4999891,2637084,52.74,0.51
2978,2021-05-15,SIC,56480,26387,30093,40352,15237,891,ITG,ITG1,19,Sicilia,Sicilia,4999891,2693564,53.87,1.13
2979,2021-03-19,SIC,16310,8052,8258,10650,5572,88,ITG,ITG1,19,Sicilia,Sicilia,4999891,2709874,54.2,0.33
2980,2021-03-30,SIC,14558,6760,7798,9700,4764,94,ITG,ITG1,19,Sicilia,Sicilia,4999891,2724432,54.49,0.29
2981,2021-03-13,SIC,12211,5387,6824,7627,4493,91,ITG,ITG1,19,Sicilia,Sicilia,4999891,2736643,54.73,0.24
2982,2021-04-17,SIC,26000,13151,12849,18672,7065,263,ITG,ITG1,19,Sicilia,Sicilia,4999891,2762643,55.25,0.52
2983,2021-03-17,SIC,15044,7436,7608,9074,5846,124,ITG,ITG1,19,Sicilia,Sicilia,4999891,2777687,55.55,0.3
2984,2021-06-25,SIC,39760,18664,21096,17364,22064,332,ITG,ITG1,19,Sicilia,Sicilia,4999891,2817447,56.35,0.8
2985,2021-07-09,SIC,44752,20621,24131,6413,38165,174,ITG,ITG1,19,Sicilia,Sicilia,4999891,2862199,57.25,0.9
2986,2021-07-06,SIC,37081,17149,19932,10284,26497,300,ITG,ITG1,19,Sicilia,Sicilia,4999891,2899280,57.99,0.74
2987,2021-05-10,SIC,28727,13789,14938,16239,12211,277,ITG,ITG1,19,Sicilia,Sicilia,4999891,2928007,58.56,0.57
2988,2021-03-26,SIC,17989,8355,9634,12355,5499,135,ITG,ITG1,19,Sicilia,Sicilia,4999891,2945996,58.92,0.36
2989,2021-01-28,SIC,9031,4272,4759,388,8642,1,ITG,ITG1,19,Sicilia,Sicilia,4999891,2955027,59.1,0.18
2990,2021-07-04,SIC,26520,12804,13716,7602,18749,169,ITG,ITG1,19,Sicilia,Sicilia,4999891,2981547,59.63,0.53
2991,2021-05-08,SIC,35630,17028,18602,24978,10298,354,ITG,ITG1,19,Sicilia,Sicilia,4999891,3017177,60.34,0.71
2992,2021-01-26,SIC,9557,4730,4827,242,9314,1,ITG,ITG1,19,Sicilia,Sicilia,4999891,3026734,60.54,0.19
2993,2021-01-31,SIC,4035,1928,2107,110,3923,2,ITG,ITG1,19,Sicilia,Sicilia,4999891,3030769,60.62,0.08
2994,2021-05-11,SIC,32676,15498,17178,19695,12488,493,ITG,ITG1,19,Sicilia,Sicilia,4999891,3063445,61.27,0.65
2995,2021-02-17,SIC,5216,3203,2013,4501,669,46,ITG,ITG1,19,Sicilia,Sicilia,4999891,3068661,61.37,0.1
2996,2021-04-24,SIC,31136,14695,16441,23120,7630,386,ITG,ITG1,19,Sicilia,Sicilia,4999891,3099797,62.0,0.62
2997,2021-04-10,SIC,20434,9972,10462,11314,8963,157,ITG,ITG1,19,Sicilia,Sicilia,4999891,3120231,62.41,0.41
2998,2021-01-17,SIC,1307,594,713,1237,61,9,ITG,ITG1,19,Sicilia,Sicilia,4999891,3121538,62.43,0.03
2999,2021-07-02,SIC,30542,14222,16320,9923,20337,282,ITG,ITG1,19,Sicilia,Sicilia,4999891,3152080,63.04,0.61
3000,2021-07-19,SIC,48852,23524,25328,11677,36820,355,ITG,ITG1,19,Sicilia,Sicilia,4999891,3200932,64.02,0.98
3001,2021-03-05,SIC,15759,6836,8923,11379,4236,144,ITG,ITG1,19,Sicilia,Sicilia,4999891,3216691,64.34,0.32
3002,2021-05-16,SIC,33697,16436,17261,21890,11514,293,ITG,ITG1,19,Sicilia,Sicilia,4999891,3250388,65.01,0.67
3003,2021-05-02,SIC,24602,11428,13174,17705,6601,296,ITG,ITG1,19,Sicilia,Sicilia,4999891,3274990,65.5,0.49
3004,2021-03-20,SIC,18587,8979,9608,13363,5138,86,ITG,ITG1,19,Sicilia,Sicilia,4999891,3293577,65.87,0.37
3005,2021-06-28,SIC,31902,14855,17047,14883,16728,291,ITG,ITG1,19,Sicilia,Sicilia,4999891,3325479,66.51,0.64
3006,2021-03-15,SIC,10670,4725,5945,5646,4948,76,ITG,ITG1,19,Sicilia,Sicilia,4999891,3336149,66.72,0.21
3007,2021-03-12,SIC,12865,5559,7306,10649,2067,149,ITG,ITG1,19,Sicilia,Sicilia,4999891,3349014,66.98,0.26
3008,2021-02-16,SIC,4200,2207,1993,3664,465,71,ITG,ITG1,19,Sicilia,Sicilia,4999891,3353214,67.07,0.08
3009,2021-06-17,SIC,41820,19473,22347,20315,21139,366,ITG,ITG1,19,Sicilia,Sicilia,4999891,3395034,67.9,0.84
3010,2020-12-31,SIC,889,473,416,881,0,8,ITG,ITG1,19,Sicilia,Sicilia,4999891,3395923,67.92,0.02
3011,2021-07-05,SIC,37507,17604,19903,8916,28359,232,ITG,ITG1,19,Sicilia,Sicilia,4999891,3433430,68.67,0.75
3012,2021-06-21,SIC,40240,18630,21610,18426,21491,323,ITG,ITG1,19,Sicilia,Sicilia,4999891,3473670,69.47,0.8
3013,2021-05-09,SIC,28410,13307,15103,19779,8285,346,ITG,ITG1,19,Sicilia,Sicilia,4999891,3502080,70.04,0.57
3014,2021-02-05,SIC,6741,2980,3761,2089,4614,38,ITG,ITG1,19,Sicilia,Sicilia,4999891,3508821,70.18,0.13
3015,2021-04-26,SIC,21673,10262,11411,13290,8081,302,ITG,ITG1,19,Sicilia,Sicilia,4999891,3530494,70.61,0.43
3016,2021-02-02,SIC,5270,2471,2799,617,4643,10,ITG,ITG1,19,Sicilia,Sicilia,4999891,3535764,70.72,0.11
3017,2021-07-18,SIC,39298,19791,19507,8107,30963,228,ITG,ITG1,19,Sicilia,Sicilia,4999891,3575062,71.5,0.79
3018,2021-01-14,SIC,5252,2484,2768,5190,0,62,ITG,ITG1,19,Sicilia,Sicilia,4999891,3580314,71.61,0.11
3019,2021-06-22,SIC,39963,18366,21597,18289,21302,372,ITG,ITG1,19,Sicilia,Sicilia,4999891,3620277,72.41,0.8
3020,2021-05-22,SIC,48012,22805,25207,28301,19313,398,ITG,ITG1,19,Sicilia,Sicilia,4999891,3668289,73.37,0.96
3021,2021-02-28,SIC,7165,3062,4103,6484,630,51,ITG,ITG1,19,Sicilia,Sicilia,4999891,3675454,73.51,0.14
3022,2021-06-08,SIC,47683,22397,25286,40455,6704,524,ITG,ITG1,19,Sicilia,Sicilia,4999891,3723137,74.46,0.95
3023,2021-06-06,SIC,49523,23918,25605,41147,7821,555,ITG,ITG1,19,Sicilia,Sicilia,4999891,3772660,75.45,0.99
3024,2021-02-26,SIC,11975,5875,6100,10181,1681,113,ITG,ITG1,19,Sicilia,Sicilia,4999891,3784635,75.69,0.24
3025,2021-05-06,SIC,29469,14007,15462,18169,10830,470,ITG,ITG1,19,Sicilia,Sicilia,4999891,3814104,76.28,0.59
3026,2021-03-31,SIC,14520,6706,7814,9448,4932,140,ITG,ITG1,19,Sicilia,Sicilia,4999891,3828624,76.57,0.29
3027,2021-06-29,SIC,31355,14685,16670,15647,15310,398,ITG,ITG1,19,Sicilia,Sicilia,4999891,3859979,77.2,0.63
3028,2021-03-07,SIC,9259,3454,5805,8116,1083,60,ITG,ITG1,19,Sicilia,Sicilia,4999891,3869238,77.39,0.19
3029,2021-06-15,SIC,46182,21762,24420,28231,17520,431,ITG,ITG1,19,Sicilia,Sicilia,4999891,3915420,78.31,0.92
3030,2021-03-24,SIC,20962,9867,11095,15037,5735,190,ITG,ITG1,19,Sicilia,Sicilia,4999891,3936382,78.73,0.42
3031,2021-05-29,SIC,47167,21461,25706,23528,23192,447,ITG,ITG1,19,Sicilia,Sicilia,4999891,3983549,79.67,0.94
3032,2021-04-03,SIC,16414,7816,8598,13423,2835,156,ITG,ITG1,19,Sicilia,Sicilia,4999891,3999963,80.0,0.33
3033,2021-03-27,SIC,15648,7377,8271,10676,4852,120,ITG,ITG1,19,Sicilia,Sicilia,4999891,4015611,80.31,0.31
3034,2021-01-29,SIC,9184,4256,4928,413,8759,12,ITG,ITG1,19,Sicilia,Sicilia,4999891,4024795,80.5,0.18
3035,2021-02-12,SIC,4586,1811,2775,4242,266,78,ITG,ITG1,19,Sicilia,Sicilia,4999891,4029381,80.59,0.09
3036,2021-01-09,SIC,7192,3390,3802,7132,0,60,ITG,ITG1,19,Sicilia,Sicilia,4999891,4036573,80.73,0.14
3037,2021-05-03,SIC,23296,10788,12508,13262,9788,246,ITG,ITG1,19,Sicilia,Sicilia,4999891,4059869,81.2,0.47
3038,2021-07-11,SIC,36032,16870,19162,3663,32274,95,ITG,ITG1,19,Sicilia,Sicilia,4999891,4095901,81.92,0.72
3039,2021-04-19,SIC,18282,8662,9620,12479,5581,222,ITG,ITG1,19,Sicilia,Sicilia,4999891,4114183,82.29,0.37
3040,2021-01-07,SIC,8939,4136,4803,8859,0,80,ITG,ITG1,19,Sicilia,Sicilia,4999891,4123122,82.46,0.18
3041,2021-02-09,SIC,4347,1799,2548,3247,1035,65,ITG,ITG1,19,Sicilia,Sicilia,4999891,4127469,82.55,0.09
3042,2021-05-23,SIC,34088,16595,17493,19845,14014,229,ITG,ITG1,19,Sicilia,Sicilia,4999891,4161557,83.23,0.68
3043,2021-06-10,SIC,53007,24884,28123,45141,7218,648,ITG,ITG1,19,Sicilia,Sicilia,4999891,4214564,84.29,1.06
3044,2021-05-27,SIC,47565,21902,25663,24458,22693,414,ITG,ITG1,19,Sicilia,Sicilia,4999891,4262129,85.24,0.95
3045,2021-04-14,SIC,20573,9936,10637,11629,8759,185,ITG,ITG1,19,Sicilia,Sicilia,4999891,4282702,85.66,0.41
3046,2021-04-21,SIC,22388,10744,11644,16001,6119,268,ITG,ITG1,19,Sicilia,Sicilia,4999891,4305090,86.1,0.45
3047,2021-04-07,SIC,16035,7909,8126,8451,7409,175,ITG,ITG1,19,Sicilia,Sicilia,4999891,4321125,86.42,0.32
3048,2021-07-16,SIC,49245,23294,25951,8711,40253,281,ITG,ITG1,19,Sicilia,Sicilia,4999891,4370370,87.41,0.98
3049,2021-05-20,SIC,44059,21113,22946,27734,15912,413,ITG,ITG1,19,Sicilia,Sicilia,4999891,4414429,88.29,0.88
3050,2021-06-03,SIC,45969,21087,24882,33762,11693,514,ITG,ITG1,19,Sicilia,Sicilia,4999891,4460398,89.21,0.92
3051,2021-01-20,SIC,961,510,451,689,269,3,ITG,ITG1,19,Sicilia,Sicilia,4999891,4461359,89.23,0.02
3052,2021-03-18,SIC,15359,7714,7645,9738,5571,50,ITG,ITG1,19,Sicilia,Sicilia,4999891,4476718,89.54,0.31
3053,2021-02-07,SIC,2322,982,1340,665,1648,9,ITG,ITG1,19,Sicilia,Sicilia,4999891,4479040,89.58,0.05
3054,2021-07-14,SIC,47500,21999,25501,7942,39304,254,ITG,ITG1,19,Sicilia,Sicilia,4999891,4526540,90.53,0.95
3055,2021-05-18,SIC,36112,17384,18728,23243,12474,395,ITG,ITG1,19,Sicilia,Sicilia,4999891,4562652,91.26,0.72
3056,2021-07-21,SIC,42848,20933,21915,10616,31925,307,ITG,ITG1,19,Sicilia,Sicilia,4999891,4605500,92.11,0.86
3057,2021-07-07,SIC,35420,16203,19217,6053,29133,234,ITG,ITG1,19,Sicilia,Sicilia,4999891,4640920,92.82,0.71
3058,2021-05-25,SIC,33543,15424,18119,13939,19347,257,ITG,ITG1,19,Sicilia,Sicilia,4999891,4674463,93.49,0.67
3059,2021-03-29,SIC,15030,7074,7956,10397,4497,136,ITG,ITG1,19,Sicilia,Sicilia,4999891,4689493,93.79,0.3
3060,2021-06-01,SIC,38984,17720,21264,24596,14038,350,ITG,ITG1,19,Sicilia,Sicilia,4999891,4728477,94.57,0.78
3061,2021-04-05,SIC,8015,3954,4061,6511,1440,64,ITG,ITG1,19,Sicilia,Sicilia,4999891,4736492,94.73,0.16
3062,2021-04-12,SIC,19000,9209,9791,11485,7274,241,ITG,ITG1,19,Sicilia,Sicilia,4999891,4755492,95.11,0.38
3063,2021-02-14,SIC,1055,402,653,907,140,8,ITG,ITG1,19,Sicilia,Sicilia,4999891,4756547,95.13,0.02
3064,2021-01-02,SIC,4852,2527,2325,4822,0,30,ITG,ITG1,19,Sicilia,Sicilia,4999891,4761399,95.23,0.1
3065,2021-02-21,SIC,5168,2501,2667,5047,106,15,ITG,ITG1,19,Sicilia,Sicilia,4999891,4766567,95.33,0.1
3066,2021-04-28,FVG,7309,3229,4080,3683,3495,131,ITH,ITH4,6,Friuli-Venezia Giulia,Friuli Venezia Giulia,1215220,7309,0.6,0.6
3067,2021-01-23,FVG,814,323,491,4,810,0,ITH,ITH4,6,Friuli-Venezia Giulia,Friuli Venezia Giulia,1215220,8123,0.67,0.07
3068,2021-05-05,FVG,9767,4265,5502,6059,3471,237,ITH,ITH4,6,Friuli-Venezia Giulia,Friuli Venezia Giulia,1215220,17890,1.47,0.8
3069,2021-07-08,FVG,12912,6978,5934,1286,11428,198,ITH,ITH4,6,Friuli-Venezia Giulia,Friuli Venezia Giulia,1215220,30802,2.53,1.06
3070,2021-02-04,FVG,2725,808,1917,35,2690,0,ITH,ITH4,6,Friuli-Venezia Giulia,Friuli Venezia Giulia,1215220,33527,2.76,0.22
3071,2021-04-30,FVG,7362,3249,4113,3541,3653,168,ITH,ITH4,6,Friuli-Venezia Giulia,Friuli Venezia Giulia,1215220,40889,3.36,0.61
3072,2021-06-24,FVG,11075,5649,5426,1980,9085,10,ITH,ITH4,6,Friuli-Venezia Giulia,Friuli Venezia Giulia,1215220,51964,4.28,0.91
3073,2021-03-16,FVG,3187,1299,1888,1031,2081,75,ITH,ITH4,6,Friuli-Venezia Giulia,Friuli Venezia Giulia,1215220,55151,4.54,0.26
3074,2021-05-12,FVG,10877,5041,5836,9071,1412,394,ITH,ITH4,6,Friuli-Venezia Giulia,Friuli Venezia Giulia,1215220,66028,5.43,0.9
3075,2021-01-30,FVG,2277,745,1532,270,2007,0,ITH,ITH4,6,Friuli-Venezia Giulia,Friuli Venezia Giulia,1215220,68305,5.62,0.19
3076,2021-07-13,FVG,10920,5630,5290,1047,9718,155,ITH,ITH4,6,Friuli-Venezia Giulia,Friuli Venezia Giulia,1215220,79225,6.52,0.9
3077,2021-06-26,FVG,10202,5194,5008,4037,6153,12,ITH,ITH4,6,Friuli-Venezia Giulia,Friuli Venezia Giulia,1215220,89427,7.36,0.84
3078,2021-05-24,FVG,11427,5527,5900,7557,3619,251,ITH,ITH4,6,Friuli-Venezia Giulia,Friuli Venezia Giulia,1215220,100854,8.3,0.94
3079,2021-02-13,FVG,566,179,387,559,6,1,ITH,ITH4,6,Friuli-Venezia Giulia,Friuli Venezia Giulia,1215220,101420,8.35,0.05
3080,2021-03-02,FVG,4222,1519,2703,2702,1500,20,ITH,ITH4,6,Friuli-Venezia Giulia,Friuli Venezia Giulia,1215220,105642,8.69,0.35
3081,2021-03-04,FVG,3452,1598,1854,2769,660,23,ITH,ITH4,6,Friuli-Venezia Giulia,Friuli Venezia Giulia,1215220,109094,8.98,0.28
3082,2021-06-12,FVG,8204,4703,3501,7019,1160,25,ITH,ITH4,6,Friuli-Venezia Giulia,Friuli Venezia Giulia,1215220,117298,9.65,0.68
3083,2021-03-21,FVG,2673,1001,1672,2228,409,36,ITH,ITH4,6,Friuli-Venezia Giulia,Friuli Venezia Giulia,1215220,119971,9.87,0.22
3084,2021-07-20,FVG,8631,4519,4112,1908,6438,285,ITH,ITH4,6,Friuli-Venezia Giulia,Friuli Venezia Giulia,1215220,128602,10.58,0.71
3085,2021-04-11,FVG,3433,1519,1914,2436,906,91,ITH,ITH4,6,Friuli-Venezia Giulia,Friuli Venezia Giulia,1215220,132035,10.87,0.28
3086,2021-06-07,FVG,9203,4770,4433,8182,994,27,ITH,ITH4,6,Friuli-Venezia Giulia,Friuli Venezia Giulia,1215220,141238,11.62,0.76
3087,2021-05-31,FVG,8907,4426,4481,6506,2189,212,ITH,ITH4,6,Friuli-Venezia Giulia,Friuli Venezia Giulia,1215220,150145,12.36,0.73
3088,2021-03-28,FVG,4938,2354,2584,4726,158,54,ITH,ITH4,6,Friuli-Venezia Giulia,Friuli Venezia Giulia,1215220,155083,12.76,0.41
3089,2021-01-18,FVG,1961,606,1355,1867,94,0,ITH,ITH4,6,Friuli-Venezia Giulia,Friuli Venezia Giulia,1215220,157044,12.92,0.16
3090,2021-01-04,FVG,1507,558,949,1507,0,0,ITH,ITH4,6,Friuli-Venezia Giulia,Friuli Venezia Giulia,1215220,158551,13.05,0.12
3091,2021-02-06,FVG,1154,338,816,21,1132,1,ITH,ITH4,6,Friuli-Venezia Giulia,Friuli Venezia Giulia,1215220,159705,13.14,0.09
3092,2021-02-23,FVG,2644,1278,1366,2461,180,3,ITH,ITH4,6,Friuli-Venezia Giulia,Friuli Venezia Giulia,1215220,162349,13.36,0.22
3093,2021-01-25,FVG,1583,567,1016,194,1389,0,ITH,ITH4,6,Friuli-Venezia Giulia,Friuli Venezia Giulia,1215220,163932,13.49,0.13
3094,2021-07-01,FVG,12241,6363,5878,2530,9442,269,ITH,ITH4,6,Friuli-Venezia Giulia,Friuli Venezia Giulia,1215220,176173,14.5,1.01
3095,2021-03-23,FVG,3892,1685,2207,1737,2141,14,ITH,ITH4,6,Friuli-Venezia Giulia,Friuli Venezia Giulia,1215220,180065,14.82,0.32
3096,2021-01-16,FVG,1230,360,870,1230,0,0,ITH,ITH4,6,Friuli-Venezia Giulia,Friuli Venezia Giulia,1215220,181295,14.92,0.1
3097,2021-07-03,FVG,11385,6076,5309,1077,10154,154,ITH,ITH4,6,Friuli-Venezia Giulia,Friuli Venezia Giulia,1215220,192680,15.86,0.94
3098,2021-03-25,FVG,5534,2425,3109,3339,2137,58,ITH,ITH4,6,Friuli-Venezia Giulia,Friuli Venezia Giulia,1215220,198214,16.31,0.46
3099,2021-05-19,FVG,12044,5935,6109,9298,2346,400,ITH,ITH4,6,Friuli-Venezia Giulia,Friuli Venezia Giulia,1215220,210258,17.3,0.99
3100,2021-03-14,FVG,1398,550,848,1124,252,22,ITH,ITH4,6,Friuli-Venezia Giulia,Friuli Venezia Giulia,1215220,211656,17.42,0.12
3101,2021-04-08,FVG,7451,3222,4229,5407,1922,122,ITH,ITH4,6,Friuli-Venezia Giulia,Friuli Venezia Giulia,1215220,219107,18.03,0.61
3102,2021-05-21,FVG,11215,5020,6195,7922,2975,318,ITH,ITH4,6,Friuli-Venezia Giulia,Friuli Venezia Giulia,1215220,230322,18.95,0.92
3103,2021-02-10,FVG,1350,496,854,1264,86,0,ITH,ITH4,6,Friuli-Venezia Giulia,Friuli Venezia Giulia,1215220,231672,19.06,0.11
3104,2021-07-17,FVG,7164,3844,3320,550,6527,87,ITH,ITH4,6,Friuli-Venezia Giulia,Friuli Venezia Giulia,1215220,238836,19.65,0.59
3105,2021-02-01,FVG,2099,688,1411,16,2083,0,ITH,ITH4,6,Friuli-Venezia Giulia,Friuli Venezia Giulia,1215220,240935,19.83,0.17
3106,2021-06-19,FVG,8506,4435,4071,1367,7132,7,ITH,ITH4,6,Friuli-Venezia Giulia,Friuli Venezia Giulia,1215220,249441,20.53,0.7
3107,2021-03-11,FVG,3478,1517,1961,1715,1751,12,ITH,ITH4,6,Friuli-Venezia Giulia,Friuli Venezia Giulia,1215220,252919,20.81,0.29
3108,2021-04-21,FVG,7774,3468,4306,4019,3680,75,ITH,ITH4,6,Friuli-Venezia Giulia,Friuli Venezia Giulia,1215220,260693,21.45,0.64
3109,2021-01-11,FVG,1882,608,1274,1882,0,0,ITH,ITH4,6,Friuli-Venezia Giulia,Friuli Venezia Giulia,1215220,262575,21.61,0.15
3110,2021-07-15,FVG,9977,5085,4892,901,8827,249,ITH,ITH4,6,Friuli-Venezia Giulia,Friuli Venezia Giulia,1215220,272552,22.43,0.82
3111,2021-04-23,FVG,7473,3379,4094,3477,3866,130,ITH,ITH4,6,Friuli-Venezia Giulia,Friuli Venezia Giulia,1215220,280025,23.04,0.61
3112,2021-01-27,FVG,1272,426,846,449,821,2,ITH,ITH4,6,Friuli-Venezia Giulia,Friuli Venezia Giulia,1215220,281297,23.15,0.1
3113,2021-05-07,FVG,10637,4871,5766,6945,3527,165,ITH,ITH4,6,Friuli-Venezia Giulia,Friuli Venezia Giulia,1215220,291934,24.02,0.88
3114,2021-05-09,FVG,7368,3309,4059,3374,3865,129,ITH,ITH4,6,Friuli-Venezia Giulia,Friuli Venezia Giulia,1215220,299302,24.63,0.61
3115,2021-02-27,FVG,3531,1201,2330,3511,1,19,ITH,ITH4,6,Friuli-Venezia Giulia,Friuli Venezia Giulia,1215220,302833,24.92,0.29
3116,2021-04-25,FVG,2373,991,1382,2187,11,175,ITH,ITH4,6,Friuli-Venezia Giulia,Friuli Venezia Giulia,1215220,305206,25.12,0.2
3117,2021-01-15,FVG,2020,605,1415,2019,0,1,ITH,ITH4,6,Friuli-Venezia Giulia,Friuli Venezia Giulia,1215220,307226,25.28,0.17
3118,2021-05-17,FVG,8810,4088,4722,6095,2488,227,ITH,ITH4,6,Friuli-Venezia Giulia,Friuli Venezia Giulia,1215220,316036,26.01,0.72
3119,2021-03-09,FVG,4012,1723,2289,1237,2750,25,ITH,ITH4,6,Friuli-Venezia Giulia,Friuli Venezia Giulia,1215220,320048,26.34,0.33
3120,2021-03-30,FVG,7230,3256,3974,6192,926,112,ITH,ITH4,6,Friuli-Venezia Giulia,Friuli Venezia Giulia,1215220,327278,26.93,0.59
3121,2021-07-10,FVG,8766,4517,4249,132,8606,28,ITH,ITH4,6,Friuli-Venezia Giulia,Friuli Venezia Giulia,1215220,336044,27.65,0.72
3122,2021-04-01,FVG,6423,3069,3354,5338,1015,70,ITH,ITH4,6,Friuli-Venezia Giulia,Friuli Venezia Giulia,1215220,342467,28.18,0.53
3123,2021-05-28,FVG,10615,5089,5526,6254,4112,249,ITH,ITH4,6,Friuli-Venezia Giulia,Friuli Venezia Giulia,1215220,353082,29.05,0.87
3124,2021-05-14,FVG,10763,5361,5402,7891,2596,276,ITH,ITH4,6,Friuli-Venezia Giulia,Friuli Venezia Giulia,1215220,363845,29.94,0.89
3125,2021-02-03,FVG,2648,791,1857,22,2625,1,ITH,ITH4,6,Friuli-Venezia Giulia,Friuli Venezia Giulia,1215220,366493,30.16,0.22
3126,2021-02-08,FVG,2356,694,1662,90,2265,1,ITH,ITH4,6,Friuli-Venezia Giulia,Friuli Venezia Giulia,1215220,368849,30.35,0.19
3127,2021-02-18,FVG,3218,1492,1726,2791,407,20,ITH,ITH4,6,Friuli-Venezia Giulia,Friuli Venezia Giulia,1215220,372067,30.62,0.26
3128,2021-04-02,FVG,6595,2927,3668,4644,1838,113,ITH,ITH4,6,Friuli-Venezia Giulia,Friuli Venezia Giulia,1215220,378662,31.16,0.54
3129,2021-04-16,FVG,6963,3027,3936,4910,1926,127,ITH,ITH4,6,Friuli-Venezia Giulia,Friuli Venezia Giulia,1215220,385625,31.73,0.57
3130,2021-01-06,FVG,716,265,451,716,0,0,ITH,ITH4,6,Friuli-Venezia Giulia,Friuli Venezia Giulia,1215220,386341,31.79,0.06
3131,2021-04-13,FVG,7378,3293,4085,5648,1603,127,ITH,ITH4,6,Friuli-Venezia Giulia,Friuli Venezia Giulia,1215220,393719,32.4,0.61
3132,2021-01-03,FVG,312,122,190,312,0,0,ITH,ITH4,6,Friuli-Venezia Giulia,Friuli Venezia Giulia,1215220,394031,32.42,0.03
3133,2021-07-22,FVG,7290,3855,3435,2922,4052,316,ITH,ITH4,6,Friuli-Venezia Giulia,Friuli Venezia Giulia,1215220,401321,33.02,0.6
3134,2021-01-20,FVG,748,320,428,13,735,0,ITH,ITH4,6,Friuli-Venezia Giulia,Friuli Venezia Giulia,1215220,402069,33.09,0.06
3135,2021-06-09,FVG,11321,5959,5362,9896,1395,30,ITH,ITH4,6,Friuli-Venezia Giulia,Friuli Venezia Giulia,1215220,413390,34.02,0.93
3136,2021-03-01,FVG,2960,1041,1919,2888,53,19,ITH,ITH4,6,Friuli-Venezia Giulia,Friuli Venezia Giulia,1215220,416350,34.26,0.24
3137,2021-03-18,FVG,3376,1423,1953,1683,1685,8,ITH,ITH4,6,Friuli-Venezia Giulia,Friuli Venezia Giulia,1215220,419726,34.54,0.28
3138,2021-06-28,FVG,9832,4953,4879,2126,7687,19,ITH,ITH4,6,Friuli-Venezia Giulia,Friuli Venezia Giulia,1215220,429558,35.35,0.81
3139,2021-03-20,FVG,3404,1411,1993,1302,2091,11,ITH,ITH4,6,Friuli-Venezia Giulia,Friuli Venezia Giulia,1215220,432962,35.63,0.28
3140,2021-05-26,FVG,13430,6705,6725,9671,3440,319,ITH,ITH4,6,Friuli-Venezia Giulia,Friuli Venezia Giulia,1215220,446392,36.73,1.11
3141,2021-02-15,FVG,2455,911,1544,2196,254,5,ITH,ITH4,6,Friuli-Venezia Giulia,Friuli Venezia Giulia,1215220,448847,36.94,0.2
3142,2021-07-12,FVG,9906,5087,4819,1037,8711,158,ITH,ITH4,6,Friuli-Venezia Giulia,Friuli Venezia Giulia,1215220,458753,37.75,0.82
3143,2021-02-19,FVG,3256,1292,1964,2817,427,12,ITH,ITH4,6,Friuli-Venezia Giulia,Friuli Venezia Giulia,1215220,462009,38.02,0.27
3144,2021-04-24,FVG,6685,2950,3735,5216,1244,225,ITH,ITH4,6,Friuli-Venezia Giulia,Friuli Venezia Giulia,1215220,468694,38.57,0.55
3145,2021-06-13,FVG,8687,4522,4165,5344,3324,19,ITH,ITH4,6,Friuli-Venezia Giulia,Friuli Venezia Giulia,1215220,477381,39.28,0.71
3146,2021-04-17,FVG,7459,3238,4221,5817,1483,159,ITH,ITH4,6,Friuli-Venezia Giulia,Friuli Venezia Giulia,1215220,484840,39.9,0.61
3147,2021-07-19,FVG,9338,4885,4453,808,8368,162,ITH,ITH4,6,Friuli-Venezia Giulia,Friuli Venezia Giulia,1215220,494178,40.67,0.77
3148,2021-04-10,FVG,5049,2213,2836,3757,1225,67,ITH,ITH4,6,Friuli-Venezia Giulia,Friuli Venezia Giulia,1215220,499227,41.08,0.42
3149,2021-05-23,FVG,10280,4859,5421,5930,4152,198,ITH,ITH4,6,Friuli-Venezia Giulia,Friuli Venezia Giulia,1215220,509507,41.93,0.85
3150,2021-06-04,FVG,12063,6200,5863,10636,1386,41,ITH,ITH4,6,Friuli-Venezia Giulia,Friuli Venezia Giulia,1215220,521570,42.92,0.99
3151,2021-07-05,FVG,9520,4833,4687,1297,8075,148,ITH,ITH4,6,Friuli-Venezia Giulia,Friuli Venezia Giulia,1215220,531090,43.7,0.78
3152,2021-06-21,FVG,9155,4474,4681,1901,7245,9,ITH,ITH4,6,Friuli-Venezia Giulia,Friuli Venezia Giulia,1215220,540245,44.46,0.75
3153,2021-03-13,FVG,2943,1124,1819,1658,1273,12,ITH,ITH4,6,Friuli-Venezia Giulia,Friuli Venezia Giulia,1215220,543188,44.7,0.24
3154,2021-06-06,FVG,9480,4626,4854,7913,1563,4,ITH,ITH4,6,Friuli-Venezia Giulia,Friuli Venezia Giulia,1215220,552668,45.48,0.78
3155,2021-02-26,FVG,3735,2093,1642,3560,148,27,ITH,ITH4,6,Friuli-Venezia Giulia,Friuli Venezia Giulia,1215220,556403,45.79,0.31
3156,2021-02-17,FVG,2357,1002,1355,1873,482,2,ITH,ITH4,6,Friuli-Venezia Giulia,Friuli Venezia Giulia,1215220,558760,45.98,0.19
3157,2021-05-30,FVG,11062,4990,6072,7244,3588,230,ITH,ITH4,6,Friuli-Venezia Giulia,Friuli Venezia Giulia,1215220,569822,46.89,0.91
3158,2021-02-11,FVG,1930,664,1266,1735,192,3,ITH,ITH4,6,Friuli-Venezia Giulia,Friuli Venezia Giulia,1215220,571752,47.05,0.16
3159,2021-04-09,FVG,7916,3659,4257,6508,1248,160,ITH,ITH4,6,Friuli-Venezia Giulia,Friuli Venezia Giulia,1215220,579668,47.7,0.65
3160,2020-12-30,FVG,626,244,382,626,0,0,ITH,ITH4,6,Friuli-Venezia Giulia,Friuli Venezia Giulia,1215220,580294,47.75,0.05
3161,2021-06-05,FVG,10312,5330,4982,8747,1548,17,ITH,ITH4,6,Friuli-Venezia Giulia,Friuli Venezia Giulia,1215220,590606,48.6,0.85
3162,2021-02-25,FVG,3165,1651,1514,3111,29,25,ITH,ITH4,6,Friuli-Venezia Giulia,Friuli Venezia Giulia,1215220,593771,48.86,0.26
3163,2021-01-13,FVG,2650,834,1816,2650,0,0,ITH,ITH4,6,Friuli-Venezia Giulia,Friuli Venezia Giulia,1215220,596421,49.08,0.22
3164,2021-04-06,FVG,6678,3132,3546,5429,1153,96,ITH,ITH4,6,Friuli-Venezia Giulia,Friuli Venezia Giulia,1215220,603099,49.63,0.55
3165,2020-12-27,FVG,262,149,113,261,0,1,ITH,ITH4,6,Friuli-Venezia Giulia,Friuli Venezia Giulia,1215220,603361,49.65,0.02
3166,2021-02-12,FVG,1193,428,765,1142,47,4,ITH,ITH4,6,Friuli-Venezia Giulia,Friuli Venezia Giulia,1215220,604554,49.75,0.1
3167,2021-04-20,FVG,7129,3071,4058,3101,3907,121,ITH,ITH4,6,Friuli-Venezia Giulia,Friuli Venezia Giulia,1215220,611683,50.34,0.59
3168,2021-01-10,FVG,2940,918,2022,2940,0,0,ITH,ITH4,6,Friuli-Venezia Giulia,Friuli Venezia Giulia,1215220,614623,50.58,0.24
3169,2021-07-14,FVG,10722,5471,5251,1166,9354,202,ITH,ITH4,6,Friuli-Venezia Giulia,Friuli Venezia Giulia,1215220,625345,51.46,0.88
3170,2021-04-05,FVG,2895,1438,1457,2830,15,50,ITH,ITH4,6,Friuli-Venezia Giulia,Friuli Venezia Giulia,1215220,628240,51.7,0.24
3171,2021-01-12,FVG,2257,713,1544,2257,0,0,ITH,ITH4,6,Friuli-Venezia Giulia,Friuli Venezia Giulia,1215220,630497,51.88,0.19
3172,2021-01-29,FVG,2412,813,1599,264,2148,0,ITH,ITH4,6,Friuli-Venezia Giulia,Friuli Venezia Giulia,1215220,632909,52.08,0.2
3173,2021-04-22,FVG,6791,3089,3702,3043,3690,58,ITH,ITH4,6,Friuli-Venezia Giulia,Friuli Venezia Giulia,1215220,639700,52.64,0.56
3174,2021-05-02,FVG,6898,3248,3650,3809,2958,131,ITH,ITH4,6,Friuli-Venezia Giulia,Friuli Venezia Giulia,1215220,646598,53.21,0.57
3175,2021-05-16,FVG,10000,4784,5216,8372,1401,227,ITH,ITH4,6,Friuli-Venezia Giulia,Friuli Venezia Giulia,1215220,656598,54.03,0.82
3176,2021-06-18,FVG,10782,5310,5472,3464,7294,24,ITH,ITH4,6,Friuli-Venezia Giulia,Friuli Venezia Giulia,1215220,667380,54.92,0.89
3177,2021-03-10,FVG,3592,1702,1890,1744,1795,53,ITH,ITH4,6,Friuli-Venezia Giulia,Friuli Venezia Giulia,1215220,670972,55.21,0.3
3178,2021-02-24,FVG,2524,1088,1436,2496,18,10,ITH,ITH4,6,Friuli-Venezia Giulia,Friuli Venezia Giulia,1215220,673496,55.42,0.21
3179,2021-01-07,FVG,2096,720,1376,2096,0,0,ITH,ITH4,6,Friuli-Venezia Giulia,Friuli Venezia Giulia,1215220,675592,55.59,0.17
3180,2021-03-05,FVG,3775,1513,2262,2634,1076,65,ITH,ITH4,6,Friuli-Venezia Giulia,Friuli Venezia Giulia,1215220,679367,55.9,0.31
3181,2021-02-22,FVG,2485,1193,1292,2064,418,3,ITH,ITH4,6,Friuli-Venezia Giulia,Friuli Venezia Giulia,1215220,681852,56.11,0.2
3182,2021-06-02,FVG,9416,4953,4463,9119,282,15,ITH,ITH4,6,Friuli-Venezia Giulia,Friuli Venezia Giulia,1215220,691268,56.88,0.77
3183,2021-02-07,FVG,1564,482,1082,384,1179,1,ITH,ITH4,6,Friuli-Venezia Giulia,Friuli Venezia Giulia,1215220,692832,57.01,0.13
3184,2021-05-18,FVG,10791,5396,5395,8382,2079,330,ITH,ITH4,6,Friuli-Venezia Giulia,Friuli Venezia Giulia,1215220,703623,57.9,0.89
3185,2021-06-01,FVG,10110,5118,4992,7955,2123,32,ITH,ITH4,6,Friuli-Venezia Giulia,Friuli Venezia Giulia,1215220,713733,58.73,0.83
3186,2021-06-20,FVG,6507,3225,3282,1562,4935,10,ITH,ITH4,6,Friuli-Venezia Giulia,Friuli Venezia Giulia,1215220,720240,59.27,0.54
3187,2021-05-03,FVG,7228,3293,3935,3329,3785,114,ITH,ITH4,6,Friuli-Venezia Giulia,Friuli Venezia Giulia,1215220,727468,59.86,0.59
3188,2021-01-14,FVG,2584,789,1795,2581,0,3,ITH,ITH4,6,Friuli-Venezia Giulia,Friuli Venezia Giulia,1215220,730052,60.08,0.21
3189,2021-06-08,FVG,10482,5487,4995,9996,448,38,ITH,ITH4,6,Friuli-Venezia Giulia,Friuli Venezia Giulia,1215220,740534,60.94,0.86
3190,2021-02-28,FVG,2686,1003,1683,2265,394,27,ITH,ITH4,6,Friuli-Venezia Giulia,Friuli Venezia Giulia,1215220,743220,61.16,0.22
3191,2021-05-25,FVG,12929,6390,6539,9300,3312,317,ITH,ITH4,6,Friuli-Venezia Giulia,Friuli Venezia Giulia,1215220,756149,62.22,1.06
3192,2021-06-11,FVG,10859,5917,4942,10001,829,29,ITH,ITH4,6,Friuli-Venezia Giulia,Friuli Venezia Giulia,1215220,767008,63.12,0.89
3193,2021-03-03,FVG,3646,1634,2012,2356,1275,15,ITH,ITH4,6,Friuli-Venezia Giulia,Friuli Venezia Giulia,1215220,770654,63.42,0.3
3194,2021-05-27,FVG,12830,6143,6687,7410,5230,190,ITH,ITH4,6,Friuli-Venezia Giulia,Friuli Venezia Giulia,1215220,783484,64.47,1.06
3195,2021-04-03,FVG,4019,1992,2027,2638,1337,44,ITH,ITH4,6,Friuli-Venezia Giulia,Friuli Venezia Giulia,1215220,787503,64.8,0.33
3196,2021-06-10,FVG,11116,5821,5295,10051,1038,27,ITH,ITH4,6,Friuli-Venezia Giulia,Friuli Venezia Giulia,1215220,798619,65.72,0.91
3197,2021-03-19,FVG,3251,1350,1901,1301,1936,14,ITH,ITH4,6,Friuli-Venezia Giulia,Friuli Venezia Giulia,1215220,801870,65.99,0.27
3198,2021-06-16,FVG,12153,5901,6252,4121,8019,13,ITH,ITH4,6,Friuli-Venezia Giulia,Friuli Venezia Giulia,1215220,814023,66.99,1.0
3199,2021-06-23,FVG,12060,5832,6228,2118,9934,8,ITH,ITH4,6,Friuli-Venezia Giulia,Friuli Venezia Giulia,1215220,826083,67.98,0.99
3200,2021-04-27,FVG,8131,3735,4396,3550,4486,95,ITH,ITH4,6,Friuli-Venezia Giulia,Friuli Venezia Giulia,1215220,834214,68.65,0.67
3201,2021-03-27,FVG,5379,2920,2459,3941,1411,27,ITH,ITH4,6,Friuli-Venezia Giulia,Friuli Venezia Giulia,1215220,839593,69.09,0.44
3202,2021-04-15,FVG,6514,2878,3636,5106,1270,138,ITH,ITH4,6,Friuli-Venezia Giulia,Friuli Venezia Giulia,1215220,846107,69.63,0.54
3203,2021-04-29,FVG,6784,2988,3796,4010,2592,182,ITH,ITH4,6,Friuli-Venezia Giulia,Friuli Venezia Giulia,1215220,852891,70.18,0.56
3204,2021-01-05,FVG,1678,551,1127,1677,0,1,ITH,ITH4,6,Friuli-Venezia Giulia,Friuli Venezia Giulia,1215220,854569,70.32,0.14
3205,2021-04-26,FVG,5471,2454,3017,3706,1650,115,ITH,ITH4,6,Friuli-Venezia Giulia,Friuli Venezia Giulia,1215220,860040,70.77,0.45
3206,2021-04-19,FVG,6722,3137,3585,3217,3417,88,ITH,ITH4,6,Friuli-Venezia Giulia,Friuli Venezia Giulia,1215220,866762,71.33,0.55
3207,2021-01-09,FVG,2513,841,1672,2511,0,2,ITH,ITH4,6,Friuli-Venezia Giulia,Friuli Venezia Giulia,1215220,869275,71.53,0.21
3208,2021-06-15,FVG,12081,6147,5934,5581,6488,12,ITH,ITH4,6,Friuli-Venezia Giulia,Friuli Venezia Giulia,1215220,881356,72.53,0.99
3209,2021-03-07,FVG,2544,932,1612,2488,1,55,ITH,ITH4,6,Friuli-Venezia Giulia,Friuli Venezia Giulia,1215220,883900,72.74,0.21
3210,2020-12-31,FVG,1048,381,667,1047,0,1,ITH,ITH4,6,Friuli-Venezia Giulia,Friuli Venezia Giulia,1215220,884948,72.82,0.09
3211,2021-06-17,FVG,11404,5761,5643,2380,9018,6,ITH,ITH4,6,Friuli-Venezia Giulia,Friuli Venezia Giulia,1215220,896352,73.76,0.94
3212,2021-06-27,FVG,7418,3700,3718,3598,3816,4,ITH,ITH4,6,Friuli-Venezia Giulia,Friuli Venezia Giulia,1215220,903770,74.37,0.61
3213,2021-06-29,FVG,11297,5760,5537,1163,10015,119,ITH,ITH4,6,Friuli-Venezia Giulia,Friuli Venezia Giulia,1215220,915067,75.3,0.93
3214,2021-07-16,FVG,9639,5150,4489,1592,7881,166,ITH,ITH4,6,Friuli-Venezia Giulia,Friuli Venezia Giulia,1215220,924706,76.09,0.79
3215,2021-04-07,FVG,7837,3631,4206,6948,782,107,ITH,ITH4,6,Friuli-Venezia Giulia,Friuli Venezia Giulia,1215220,932543,76.74,0.64
3216,2021-05-04,FVG,9549,4304,5245,5984,3361,204,ITH,ITH4,6,Friuli-Venezia Giulia,Friuli Venezia Giulia,1215220,942092,77.52,0.79
3217,2021-01-24,FVG,305,119,186,1,304,0,ITH,ITH4,6,Friuli-Venezia Giulia,Friuli Venezia Giulia,1215220,942397,77.55,0.03
3218,2021-06-30,FVG,13150,6696,6454,1367,11599,184,ITH,ITH4,6,Friuli-Venezia Giulia,Friuli Venezia Giulia,1215220,955547,78.63,1.08
3219,2021-03-08,FVG,4123,1643,2480,2021,2087,15,ITH,ITH4,6,Friuli-Venezia Giulia,Friuli Venezia Giulia,1215220,959670,78.97,0.34
3220,2021-03-22,FVG,3662,1449,2213,1675,1954,33,ITH,ITH4,6,Friuli-Venezia Giulia,Friuli Venezia Giulia,1215220,963332,79.27,0.3
3221,2021-01-28,FVG,2241,794,1447,355,1886,0,ITH,ITH4,6,Friuli-Venezia Giulia,Friuli Venezia Giulia,1215220,965573,79.46,0.18
3222,2021-05-08,FVG,10278,4648,5630,5313,4785,180,ITH,ITH4,6,Friuli-Venezia Giulia,Friuli Venezia Giulia,1215220,975851,80.3,0.85
3223,2021-02-05,FVG,2610,784,1826,89,2521,0,ITH,ITH4,6,Friuli-Venezia Giulia,Friuli Venezia Giulia,1215220,978461,80.52,0.21
3224,2021-04-14,FVG,7242,3129,4113,5414,1712,116,ITH,ITH4,6,Friuli-Venezia Giulia,Friuli Venezia Giulia,1215220,985703,81.11,0.6
3225,2021-07-06,FVG,11165,5833,5332,1325,9726,114,ITH,ITH4,6,Friuli-Venezia Giulia,Friuli Venezia Giulia,1215220,996868,82.03,0.92
3226,2021-06-03,FVG,12396,6727,5669,10273,2083,40,ITH,ITH4,6,Friuli-Venezia Giulia,Friuli Venezia Giulia,1215220,1009264,83.05,1.02
3227,2021-03-29,FVG,7023,3127,3896,5379,1582,62,ITH,ITH4,6,Friuli-Venezia Giulia,Friuli Venezia Giulia,1215220,1016287,83.63,0.58
3228,2021-07-07,FVG,11238,5755,5483,1394,9712,132,ITH,ITH4,6,Friuli-Venezia Giulia,Friuli Venezia Giulia,1215220,1027525,84.55,0.92
3229,2021-07-21,FVG,8114,4140,3974,1886,5960,268,ITH,ITH4,6,Friuli-Venezia Giulia,Friuli Venezia Giulia,1215220,1035639,85.22,0.67
3230,2021-05-15,FVG,12670,6112,6558,7693,4700,277,ITH,ITH4,6,Friuli-Venezia Giulia,Friuli Venezia Giulia,1215220,1048309,86.26,1.04
3231,2021-06-22,FVG,11522,5936,5586,2431,9082,9,ITH,ITH4,6,Friuli-Venezia Giulia,Friuli Venezia Giulia,1215220,1059831,87.21,0.95
3232,2021-01-17,FVG,1715,522,1193,1713,0,2,ITH,ITH4,6,Friuli-Venezia Giulia,Friuli Venezia Giulia,1215220,1061546,87.35,0.14
3233,2021-03-15,FVG,3951,1809,2142,1612,2321,18,ITH,ITH4,6,Friuli-Venezia Giulia,Friuli Venezia Giulia,1215220,1065497,87.68,0.33
3234,2021-05-11,FVG,9043,4341,4702,7021,1805,217,ITH,ITH4,6,Friuli-Venezia Giulia,Friuli Venezia Giulia,1215220,1074540,88.42,0.74
3235,2021-01-31,FVG,2718,839,1879,385,2333,0,ITH,ITH4,6,Friuli-Venezia Giulia,Friuli Venezia Giulia,1215220,1077258,88.65,0.22
3236,2021-02-14,FVG,1,0,1,0,1,0,ITH,ITH4,6,Friuli-Venezia Giulia,Friuli Venezia Giulia,1215220,1077259,88.65,0.0
3237,2021-05-10,FVG,7946,3531,4415,6237,1542,167,ITH,ITH4,6,Friuli-Venezia Giulia,Friuli Venezia Giulia,1215220,1085205,89.3,0.65
3238,2021-01-19,FVG,6,2,4,6,0,0,ITH,ITH4,6,Friuli-Venezia Giulia,Friuli Venezia Giulia,1215220,1085211,89.3,0.0
3239,2021-05-01,FVG,7197,3246,3951,5899,1045,253,ITH,ITH4,6,Friuli-Venezia Giulia,Friuli Venezia Giulia,1215220,1092408,89.89,0.59
3240,2021-01-21,FVG,896,345,551,1,895,0,ITH,ITH4,6,Friuli-Venezia Giulia,Friuli Venezia Giulia,1215220,1093304,89.97,0.07
3241,2021-02-21,FVG,801,281,520,421,378,2,ITH,ITH4,6,Friuli-Venezia Giulia,Friuli Venezia Giulia,1215220,1094105,90.03,0.07
3242,2021-07-04,FVG,9181,4708,4473,2732,6185,264,ITH,ITH4,6,Friuli-Venezia Giulia,Friuli Venezia Giulia,1215220,1103286,90.79,0.76
3243,2021-03-26,FVG,6007,2608,3399,3832,2018,157,ITH,ITH4,6,Friuli-Venezia Giulia,Friuli Venezia Giulia,1215220,1109293,91.28,0.49
3244,2021-03-12,FVG,4103,1696,2407,2698,1381,24,ITH,ITH4,6,Friuli-Venezia Giulia,Friuli Venezia Giulia,1215220,1113396,91.62,0.34
3245,2021-05-29,FVG,12025,5848,6177,6804,4987,234,ITH,ITH4,6,Friuli-Venezia Giulia,Friuli Venezia Giulia,1215220,1125421,92.61,0.99
3246,2021-07-11,FVG,6658,3495,3163,2182,4161,315,ITH,ITH4,6,Friuli-Venezia Giulia,Friuli Venezia Giulia,1215220,1132079,93.16,0.55
3247,2021-01-02,FVG,1216,470,746,1216,0,0,ITH,ITH4,6,Friuli-Venezia Giulia,Friuli Venezia Giulia,1215220,1133295,93.26,0.1
3248,2021-04-12,FVG,7270,3188,4082,5998,1132,140,ITH,ITH4,6,Friuli-Venezia Giulia,Friuli Venezia Giulia,1215220,1140565,93.86,0.6
3249,2021-05-22,FVG,11584,5203,6381,7099,4239,246,ITH,ITH4,6,Friuli-Venezia Giulia,Friuli Venezia Giulia,1215220,1152149,94.81,0.95
3250,2021-07-18,FVG,4952,2676,2276,11,4941,0,ITH,ITH4,6,Friuli-Venezia Giulia,Friuli Venezia Giulia,1215220,1157101,95.22,0.41
3251,2021-04-18,FVG,6048,2808,3240,5456,407,185,ITH,ITH4,6,Friuli-Venezia Giulia,Friuli Venezia Giulia,1215220,1163149,95.72,0.5
3252,2021-01-08,FVG,2321,746,1575,2321,0,0,ITH,ITH4,6,Friuli-Venezia Giulia,Friuli Venezia Giulia,1215220,1165470,95.91,0.19
3253,2021-06-14,FVG,10267,4983,5284,5434,4812,21,ITH,ITH4,6,Friuli-Venezia Giulia,Friuli Venezia Giulia,1215220,1175737,96.75,0.84
3254,2021-02-20,FVG,2067,932,1135,1920,144,3,ITH,ITH4,6,Friuli-Venezia Giulia,Friuli Venezia Giulia,1215220,1177804,96.92,0.17
3255,2021-01-22,FVG,89,29,60,0,89,0,ITH,ITH4,6,Friuli-Venezia Giulia,Friuli Venezia Giulia,1215220,1177893,96.93,0.01
3256,2021-03-06,FVG,3500,1196,2304,3147,325,28,ITH,ITH4,6,Friuli-Venezia Giulia,Friuli Venezia Giulia,1215220,1181393,97.22,0.29
3257,2021-05-06,FVG,11922,5539,6383,7687,3972,263,ITH,ITH4,6,Friuli-Venezia Giulia,Friuli Venezia Giulia,1215220,1193315,98.2,0.98
3258,2021-07-02,FVG,10929,5647,5282,1935,8790,204,ITH,ITH4,6,Friuli-Venezia Giulia,Friuli Venezia Giulia,1215220,1204244,99.1,0.9
3259,2021-06-25,FVG,10779,5422,5357,2231,8540,8,ITH,ITH4,6,Friuli-Venezia Giulia,Friuli Venezia Giulia,1215220,1215023,99.98,0.89
3260,2021-07-09,FVG,11821,6279,5542,2031,9492,298,ITH,ITH4,6,Friuli-Venezia Giulia,Friuli Venezia Giulia,1215220,1226844,100.96,0.97
3261,2021-03-17,FVG,3237,1268,1969,739,2492,6,ITH,ITH4,6,Friuli-Venezia Giulia,Friuli Venezia Giulia,1215220,1230081,101.22,0.27
3262,2021-05-13,FVG,11162,5384,5778,8734,2065,363,ITH,ITH4,6,Friuli-Venezia Giulia,Friuli Venezia Giulia,1215220,1241243,102.14,0.92
3263,2021-02-16,FVG,2516,1135,1381,2397,116,3,ITH,ITH4,6,Friuli-Venezia Giulia,Friuli Venezia Giulia,1215220,1243759,102.35,0.21
3264,2021-03-24,FVG,3978,1720,2258,2466,1482,30,ITH,ITH4,6,Friuli-Venezia Giulia,Friuli Venezia Giulia,1215220,1247737,102.68,0.33
3265,2021-05-20,FVG,12707,6318,6389,9814,2519,374,ITH,ITH4,6,Friuli-Venezia Giulia,Friuli Venezia Giulia,1215220,1260444,103.72,1.05
3266,2021-01-26,FVG,1977,647,1330,216,1760,1,ITH,ITH4,6,Friuli-Venezia Giulia,Friuli Venezia Giulia,1215220,1262421,103.88,0.16
3267,2021-02-09,FVG,1842,555,1287,1556,286,0,ITH,ITH4,6,Friuli-Venezia Giulia,Friuli Venezia Giulia,1215220,1264263,104.04,0.15
3268,2021-02-02,FVG,2467,806,1661,217,2250,0,ITH,ITH4,6,Friuli-Venezia Giulia,Friuli Venezia Giulia,1215220,1266730,104.24,0.2
3269,2021-03-31,FVG,8140,3570,4570,7179,847,114,ITH,ITH4,6,Friuli-Venezia Giulia,Friuli Venezia Giulia,1215220,1274870,104.91,0.67
3270,2021-06-05,TOS,28439,13599,14840,20561,7614,264,ITI,ITI1,9,Toscana,Toscana,3729641,28439,0.76,0.76
3271,2021-01-11,TOS,5095,1691,3404,4995,0,100,ITI,ITI1,9,Toscana,Toscana,3729641,33534,0.9,0.14
3272,2021-04-21,TOS,29620,12676,16944,16861,12129,630,ITI,ITI1,9,Toscana,Toscana,3729641,63154,1.69,0.79
3273,2021-02-23,TOS,7723,3325,4398,7219,161,343,ITI,ITI1,9,Toscana,Toscana,3729641,70877,1.9,0.21
3274,2021-06-03,TOS,32053,15454,16599,27149,4582,322,ITI,ITI1,9,Toscana,Toscana,3729641,102930,2.76,0.86
3275,2021-01-16,TOS,3271,1046,2225,3213,0,58,ITI,ITI1,9,Toscana,Toscana,3729641,106201,2.85,0.09
3276,2021-04-26,TOS,10146,4933,5213,7460,2554,132,ITI,ITI1,9,Toscana,Toscana,3729641,116347,3.12,0.27
3277,2021-01-02,TOS,3498,1096,2402,3454,0,44,ITI,ITI1,9,Toscana,Toscana,3729641,119845,3.21,0.09
3278,2021-03-07,TOS,5647,2357,3290,1997,3544,106,ITI,ITI1,9,Toscana,Toscana,3729641,125492,3.36,0.15
3279,2021-04-07,TOS,35827,15465,20362,28169,7250,408,ITI,ITI1,9,Toscana,Toscana,3729641,161319,4.33,0.96
3280,2021-06-12,TOS,29381,15146,14235,24648,4387,346,ITI,ITI1,9,Toscana,Toscana,3729641,190700,5.11,0.79
3281,2021-04-16,TOS,28947,12879,16068,21427,6898,622,ITI,ITI1,9,Toscana,Toscana,3729641,219647,5.89,0.78
3282,2021-05-22,TOS,26018,12658,13360,21458,4286,274,ITI,ITI1,9,Toscana,Toscana,3729641,245665,6.59,0.7
3283,2021-05-05,TOS,30119,13444,16675,14878,14520,721,ITI,ITI1,9,Toscana,Toscana,3729641,275784,7.39,0.81
3284,2021-02-28,TOS,1649,667,982,851,727,71,ITI,ITI1,9,Toscana,Toscana,3729641,277433,7.44,0.04
3285,2021-02-11,TOS,5384,2022,3362,5064,242,78,ITI,ITI1,9,Toscana,Toscana,3729641,282817,7.58,0.14
3286,2021-02-09,TOS,4488,1468,3020,3763,611,114,ITI,ITI1,9,Toscana,Toscana,3729641,287305,7.7,0.12
3287,2021-07-13,TOS,29319,14726,14593,7711,21438,170,ITI,ITI1,9,Toscana,Toscana,3729641,316624,8.49,0.79
3288,2021-04-02,TOS,31990,13570,18420,23714,8028,248,ITI,ITI1,9,Toscana,Toscana,3729641,348614,9.35,0.86
3289,2021-07-11,TOS,26113,12684,13429,9131,16815,167,ITI,ITI1,9,Toscana,Toscana,3729641,374727,10.05,0.7
3290,2021-06-24,TOS,29427,14607,14820,19299,9740,388,ITI,ITI1,9,Toscana,Toscana,3729641,404154,10.84,0.79
3291,2021-01-28,TOS,6282,1882,4400,346,5929,7,ITI,ITI1,9,Toscana,Toscana,3729641,410436,11.0,0.17
3292,2021-03-19,TOS,10143,4460,5683,7132,2868,143,ITI,ITI1,9,Toscana,Toscana,3729641,420579,11.28,0.27
3293,2021-07-01,TOS,32039,15504,16535,10720,21052,267,ITI,ITI1,9,Toscana,Toscana,3729641,452618,12.14,0.86
3294,2021-03-26,TOS,20680,9393,11287,14716,5766,198,ITI,ITI1,9,Toscana,Toscana,3729641,473298,12.69,0.55
3295,2021-03-09,TOS,11133,4570,6563,5506,5552,75,ITI,ITI1,9,Toscana,Toscana,3729641,484431,12.99,0.3
3296,2021-04-09,TOS,24603,10583,14020,20749,3410,444,ITI,ITI1,9,Toscana,Toscana,3729641,509034,13.65,0.66
3297,2021-07-18,TOS,30354,15260,15094,8336,21810,208,ITI,ITI1,9,Toscana,Toscana,3729641,539388,14.46,0.81
3298,2021-06-17,TOS,32533,16667,15866,26658,5545,330,ITI,ITI1,9,Toscana,Toscana,3729641,571921,15.33,0.87
3299,2021-02-04,TOS,4253,1594,2659,934,3292,27,ITI,ITI1,9,Toscana,Toscana,3729641,576174,15.45,0.11
3300,2021-02-16,TOS,9280,3340,5940,8329,721,230,ITI,ITI1,9,Toscana,Toscana,3729641,585454,15.7,0.25
3301,2021-05-02,TOS,11167,4931,6236,8968,1964,235,ITI,ITI1,9,Toscana,Toscana,3729641,596621,16.0,0.3
3302,2021-02-25,TOS,10633,4306,6327,9471,998,164,ITI,ITI1,9,Toscana,Toscana,3729641,607254,16.28,0.29
3303,2021-03-02,TOS,10599,3799,6800,7046,3444,109,ITI,ITI1,9,Toscana,Toscana,3729641,617853,16.57,0.28
3304,2021-01-04,TOS,5066,1895,3171,5001,0,65,ITI,ITI1,9,Toscana,Toscana,3729641,622919,16.7,0.14
3305,2021-04-14,TOS,20187,8349,11838,14540,5111,536,ITI,ITI1,9,Toscana,Toscana,3729641,643106,17.24,0.54
3306,2021-06-14,TOS,31789,16324,15465,27400,4108,281,ITI,ITI1,9,Toscana,Toscana,3729641,674895,18.1,0.85
3307,2021-07-20,TOS,37202,19040,18162,7939,29081,182,ITI,ITI1,9,Toscana,Toscana,3729641,712097,19.09,1.0
3308,2021-06-10,TOS,26386,13538,12848,25499,546,341,ITI,ITI1,9,Toscana,Toscana,3729641,738483,19.8,0.71
3309,2021-05-24,TOS,33737,16716,17021,23857,9578,302,ITI,ITI1,9,Toscana,Toscana,3729641,772220,20.7,0.9
3310,2021-01-25,TOS,5127,1895,3232,242,4880,5,ITI,ITI1,9,Toscana,Toscana,3729641,777347,20.84,0.14
3311,2021-04-18,TOS,8360,4091,4269,7061,1029,270,ITI,ITI1,9,Toscana,Toscana,3729641,785707,21.07,0.22
3312,2021-01-09,TOS,4485,1596,2889,4419,0,66,ITI,ITI1,9,Toscana,Toscana,3729641,790192,21.19,0.12
3313,2021-03-18,TOS,9980,3984,5996,5870,3972,138,ITI,ITI1,9,Toscana,Toscana,3729641,800172,21.45,0.27
3314,2021-06-26,TOS,34531,16754,17777,9993,24312,226,ITI,ITI1,9,Toscana,Toscana,3729641,834703,22.38,0.93
3315,2021-01-21,TOS,1589,686,903,858,722,9,ITI,ITI1,9,Toscana,Toscana,3729641,836292,22.42,0.04
3316,2021-06-02,TOS,27590,13617,13973,21856,5506,228,ITI,ITI1,9,Toscana,Toscana,3729641,863882,23.16,0.74
3317,2021-04-06,TOS,22226,9824,12402,18095,3718,413,ITI,ITI1,9,Toscana,Toscana,3729641,886108,23.76,0.6
3318,2021-02-08,TOS,4099,1362,2737,3529,459,111,ITI,ITI1,9,Toscana,Toscana,3729641,890207,23.87,0.11
3319,2021-07-15,TOS,31146,15238,15908,8072,22835,239,ITI,ITI1,9,Toscana,Toscana,3729641,921353,24.7,0.84
3320,2021-05-19,TOS,27960,13579,14381,18624,9056,280,ITI,ITI1,9,Toscana,Toscana,3729641,949313,25.45,0.75
3321,2021-04-13,TOS,8488,3505,4983,5750,2458,280,ITI,ITI1,9,Toscana,Toscana,3729641,957801,25.68,0.23
3322,2021-05-15,TOS,29344,13853,15491,22864,5892,588,ITI,ITI1,9,Toscana,Toscana,3729641,987145,26.47,0.79
3323,2021-04-28,TOS,19123,8180,10943,3465,15310,348,ITI,ITI1,9,Toscana,Toscana,3729641,1006268,26.98,0.51
3324,2021-02-18,TOS,8822,3285,5537,7744,896,182,ITI,ITI1,9,Toscana,Toscana,3729641,1015090,27.22,0.24
3325,2021-05-29,TOS,31569,15261,16308,23173,8169,227,ITI,ITI1,9,Toscana,Toscana,3729641,1046659,28.06,0.85
3326,2021-03-23,TOS,9429,4402,5027,6964,2275,190,ITI,ITI1,9,Toscana,Toscana,3729641,1056088,28.32,0.25
3327,2021-06-28,TOS,37668,18123,19545,8440,29063,165,ITI,ITI1,9,Toscana,Toscana,3729641,1093756,29.33,1.01
3328,2021-01-20,TOS,1332,638,694,1021,248,63,ITI,ITI1,9,Toscana,Toscana,3729641,1095088,29.36,0.04
3329,2021-04-30,TOS,40195,17787,22408,19649,19896,650,ITI,ITI1,9,Toscana,Toscana,3729641,1135283,30.44,1.08
3330,2021-04-25,TOS,11058,5248,5810,8758,2140,160,ITI,ITI1,9,Toscana,Toscana,3729641,1146341,30.74,0.3
3331,2021-01-13,TOS,4062,1398,2664,3998,0,64,ITI,ITI1,9,Toscana,Toscana,3729641,1150403,30.84,0.11
3332,2021-04-23,TOS,25653,11419,14234,8837,16314,502,ITI,ITI1,9,Toscana,Toscana,3729641,1176056,31.53,0.69
3333,2021-03-04,TOS,17847,6950,10897,14616,3082,149,ITI,ITI1,9,Toscana,Toscana,3729641,1193903,32.01,0.48
3334,2021-06-21,TOS,31178,15478,15700,18135,12787,256,ITI,ITI1,9,Toscana,Toscana,3729641,1225081,32.85,0.84
3335,2021-01-06,TOS,4519,1460,3059,4467,0,52,ITI,ITI1,9,Toscana,Toscana,3729641,1229600,32.97,0.12
3336,2021-03-11,TOS,15899,6350,9549,12395,3329,175,ITI,ITI1,9,Toscana,Toscana,3729641,1245499,33.39,0.43
3337,2021-06-19,TOS,26468,13891,12577,21383,4757,328,ITI,ITI1,9,Toscana,Toscana,3729641,1271967,34.1,0.71
3338,2021-06-22,TOS,31016,15604,15412,22437,8205,374,ITI,ITI1,9,Toscana,Toscana,3729641,1302983,34.94,0.83
3339,2021-05-17,TOS,29758,14872,14886,20624,8933,201,ITI,ITI1,9,Toscana,Toscana,3729641,1332741,35.73,0.8
3340,2021-03-21,TOS,3294,1628,1666,1819,1433,42,ITI,ITI1,9,Toscana,Toscana,3729641,1336035,35.82,0.09
3341,2021-01-23,TOS,3966,1360,2606,634,3326,6,ITI,ITI1,9,Toscana,Toscana,3729641,1340001,35.93,0.11
3342,2021-06-29,TOS,36998,18014,18984,7974,28882,142,ITI,ITI1,9,Toscana,Toscana,3729641,1376999,36.92,0.99
3343,2021-05-03,TOS,11929,5509,6420,10369,1319,241,ITI,ITI1,9,Toscana,Toscana,3729641,1388928,37.24,0.32
3344,2021-02-20,TOS,4640,1789,2851,3995,513,132,ITI,ITI1,9,Toscana,Toscana,3729641,1393568,37.36,0.12
3345,2021-05-31,TOS,30328,14636,15692,19260,10827,241,ITI,ITI1,9,Toscana,Toscana,3729641,1423896,38.18,0.81
3346,2021-05-14,TOS,33355,15434,17921,20020,12701,634,ITI,ITI1,9,Toscana,Toscana,3729641,1457251,39.07,0.89
3347,2021-07-10,TOS,29289,14174,15115,7957,21150,182,ITI,ITI1,9,Toscana,Toscana,3729641,1486540,39.86,0.79
3348,2021-05-07,TOS,32142,14707,17435,11568,20166,408,ITI,ITI1,9,Toscana,Toscana,3729641,1518682,40.72,0.86
3349,2021-06-09,TOS,34821,17570,17251,33942,463,416,ITI,ITI1,9,Toscana,Toscana,3729641,1553503,41.65,0.93
3350,2021-04-04,TOS,13922,6609,7313,13508,253,161,ITI,ITI1,9,Toscana,Toscana,3729641,1567425,42.03,0.37
3351,2021-03-16,TOS,4900,1883,3017,2565,2252,83,ITI,ITI1,9,Toscana,Toscana,3729641,1572325,42.16,0.13
3352,2021-02-27,TOS,1984,756,1228,1007,902,75,ITI,ITI1,9,Toscana,Toscana,3729641,1574309,42.21,0.05
3353,2021-03-20,TOS,6587,2978,3609,5364,1136,87,ITI,ITI1,9,Toscana,Toscana,3729641,1580896,42.39,0.18
3354,2021-01-22,TOS,2866,1064,1802,525,2338,3,ITI,ITI1,9,Toscana,Toscana,3729641,1583762,42.46,0.08
3355,2021-07-07,TOS,25627,12601,13026,9336,16107,184,ITI,ITI1,9,Toscana,Toscana,3729641,1609389,43.15,0.69
3356,2021-02-05,TOS,5750,2245,3505,1890,3826,34,ITI,ITI1,9,Toscana,Toscana,3729641,1615139,43.31,0.15
3357,2021-05-16,TOS,26676,12886,13790,23889,2467,320,ITI,ITI1,9,Toscana,Toscana,3729641,1641815,44.02,0.72
3358,2021-05-11,TOS,27949,12983,14966,12113,15468,368,ITI,ITI1,9,Toscana,Toscana,3729641,1669764,44.77,0.75
3359,2020-12-30,TOS,327,104,223,326,0,1,ITI,ITI1,9,Toscana,Toscana,3729641,1670091,44.78,0.01
3360,2021-05-12,TOS,34204,15576,18628,13581,20036,587,ITI,ITI1,9,Toscana,Toscana,3729641,1704295,45.7,0.92
3361,2021-01-18,TOS,1120,637,483,972,98,50,ITI,ITI1,9,Toscana,Toscana,3729641,1705415,45.73,0.03
3362,2021-02-01,TOS,5509,1958,3551,511,4988,10,ITI,ITI1,9,Toscana,Toscana,3729641,1710924,45.87,0.15
3363,2021-03-27,TOS,8863,4154,4709,8514,215,134,ITI,ITI1,9,Toscana,Toscana,3729641,1719787,46.11,0.24
3364,2021-06-30,TOS,38247,18503,19744,8452,29582,213,ITI,ITI1,9,Toscana,Toscana,3729641,1758034,47.14,1.03
3365,2021-02-14,TOS,9000,2569,6431,8740,110,150,ITI,ITI1,9,Toscana,Toscana,3729641,1767034,47.38,0.24
3366,2021-05-25,TOS,34177,16497,17680,19263,14630,284,ITI,ITI1,9,Toscana,Toscana,3729641,1801211,48.29,0.92
3367,2021-03-29,TOS,9674,4831,4843,9219,324,131,ITI,ITI1,9,Toscana,Toscana,3729641,1810885,48.55,0.26
3368,2021-03-28,TOS,6212,2808,3404,5880,254,78,ITI,ITI1,9,Toscana,Toscana,3729641,1817097,48.72,0.17
3369,2021-01-30,TOS,4622,1622,3000,179,4425,18,ITI,ITI1,9,Toscana,Toscana,3729641,1821719,48.84,0.12
3370,2021-07-06,TOS,25769,13025,12744,11046,14505,218,ITI,ITI1,9,Toscana,Toscana,3729641,1847488,49.54,0.69
3371,2021-05-10,TOS,26206,12399,13807,15330,10632,244,ITI,ITI1,9,Toscana,Toscana,3729641,1873694,50.24,0.7
3372,2021-03-14,TOS,7174,2569,4605,3150,3935,89,ITI,ITI1,9,Toscana,Toscana,3729641,1880868,50.43,0.19
3373,2021-02-13,TOS,7786,2361,5425,7416,227,143,ITI,ITI1,9,Toscana,Toscana,3729641,1888654,50.64,0.21
3374,2021-01-08,TOS,5947,1643,4304,5854,0,93,ITI,ITI1,9,Toscana,Toscana,3729641,1894601,50.8,0.16
3375,2021-07-12,TOS,28252,13986,14266,9666,18292,294,ITI,ITI1,9,Toscana,Toscana,3729641,1922853,51.56,0.76
3376,2021-04-01,TOS,27061,11233,15828,16166,10663,232,ITI,ITI1,9,Toscana,Toscana,3729641,1949914,52.28,0.73
3377,2021-06-07,TOS,34939,17139,17800,30962,3646,331,ITI,ITI1,9,Toscana,Toscana,3729641,1984853,53.22,0.94
3378,2021-05-21,TOS,28922,13479,15443,17203,11444,275,ITI,ITI1,9,Toscana,Toscana,3729641,2013775,53.99,0.78
3379,2021-03-01,TOS,4474,1734,2740,767,3641,66,ITI,ITI1,9,Toscana,Toscana,3729641,2018249,54.11,0.12
3380,2021-04-27,TOS,10356,4917,5439,3666,6489,201,ITI,ITI1,9,Toscana,Toscana,3729641,2028605,54.39,0.28
3381,2021-07-19,TOS,37913,18864,19049,8812,28872,229,ITI,ITI1,9,Toscana,Toscana,3729641,2066518,55.41,1.02
3382,2021-03-13,TOS,9288,3310,5978,5172,3964,152,ITI,ITI1,9,Toscana,Toscana,3729641,2075806,55.66,0.25
3383,2021-07-14,TOS,28778,14210,14568,8564,19970,244,ITI,ITI1,9,Toscana,Toscana,3729641,2104584,56.43,0.77
3384,2021-01-29,TOS,6144,1700,4444,292,5840,12,ITI,ITI1,9,Toscana,Toscana,3729641,2110728,56.59,0.16
3385,2021-05-09,TOS,22534,9769,12765,9420,12860,254,ITI,ITI1,9,Toscana,Toscana,3729641,2133262,57.2,0.6
3386,2021-01-01,TOS,2370,788,1582,2325,0,45,ITI,ITI1,9,Toscana,Toscana,3729641,2135632,57.26,0.06
3387,2021-04-11,TOS,3645,1680,1965,3337,155,153,ITI,ITI1,9,Toscana,Toscana,3729641,2139277,57.36,0.1
3388,2021-07-03,TOS,29371,14793,14578,11851,17146,374,ITI,ITI1,9,Toscana,Toscana,3729641,2168648,58.15,0.79
3389,2021-03-06,TOS,7110,2852,4258,2832,4196,82,ITI,ITI1,9,Toscana,Toscana,3729641,2175758,58.34,0.19
3390,2021-02-03,TOS,4222,1452,2770,237,3981,4,ITI,ITI1,9,Toscana,Toscana,3729641,2179980,58.45,0.11
3391,2021-01-15,TOS,3879,1348,2531,3819,0,60,ITI,ITI1,9,Toscana,Toscana,3729641,2183859,58.55,0.1
3392,2021-05-27,TOS,28353,13197,15156,13269,14861,223,ITI,ITI1,9,Toscana,Toscana,3729641,2212212,59.31,0.76
3393,2021-03-15,TOS,8699,3646,5053,4084,4443,172,ITI,ITI1,9,Toscana,Toscana,3729641,2220911,59.55,0.23
3394,2021-06-23,TOS,31511,15274,16237,19786,11374,351,ITI,ITI1,9,Toscana,Toscana,3729641,2252422,60.39,0.84
3395,2021-01-10,TOS,3002,1105,1897,2948,0,54,ITI,ITI1,9,Toscana,Toscana,3729641,2255424,60.47,0.08
3396,2021-04-20,TOS,18160,8110,10050,12228,5575,357,ITI,ITI1,9,Toscana,Toscana,3729641,2273584,60.96,0.49
3397,2021-04-03,TOS,15014,6646,8368,13675,1126,213,ITI,ITI1,9,Toscana,Toscana,3729641,2288598,61.36,0.4
3398,2021-01-27,TOS,4835,1573,3262,201,4629,5,ITI,ITI1,9,Toscana,Toscana,3729641,2293433,61.49,0.13
3399,2021-05-23,TOS,28418,13662,14756,25566,2560,292,ITI,ITI1,9,Toscana,Toscana,3729641,2321851,62.25,0.76
3400,2021-02-10,TOS,4263,1281,2982,3584,523,156,ITI,ITI1,9,Toscana,Toscana,3729641,2326114,62.37,0.11
3401,2021-05-04,TOS,18315,8216,10099,12429,5452,434,ITI,ITI1,9,Toscana,Toscana,3729641,2344429,62.86,0.49
3402,2021-02-06,TOS,4527,1550,2977,1262,3233,32,ITI,ITI1,9,Toscana,Toscana,3729641,2348956,62.98,0.12
3403,2021-01-17,TOS,2536,871,1665,1987,514,35,ITI,ITI1,9,Toscana,Toscana,3729641,2351492,63.05,0.07
3404,2021-07-05,TOS,30492,15069,15423,10339,19925,228,ITI,ITI1,9,Toscana,Toscana,3729641,2381984,63.87,0.82
3405,2021-03-08,TOS,6708,2946,3762,1844,4820,44,ITI,ITI1,9,Toscana,Toscana,3729641,2388692,64.05,0.18
3406,2021-06-16,TOS,31751,16256,15495,26257,5178,316,ITI,ITI1,9,Toscana,Toscana,3729641,2420443,64.9,0.85
3407,2021-05-30,TOS,28687,13947,14740,21498,6947,242,ITI,ITI1,9,Toscana,Toscana,3729641,2449130,65.67,0.77
3408,2021-03-31,TOS,32716,13257,19459,20224,12166,326,ITI,ITI1,9,Toscana,Toscana,3729641,2481846,66.54,0.88
3409,2021-07-09,TOS,29109,14099,15010,7708,21209,192,ITI,ITI1,9,Toscana,Toscana,3729641,2510955,67.32,0.78
3410,2021-03-22,TOS,5254,2766,2488,4679,446,129,ITI,ITI1,9,Toscana,Toscana,3729641,2516209,67.47,0.14
3411,2021-07-16,TOS,27602,14012,13590,7683,19678,241,ITI,ITI1,9,Toscana,Toscana,3729641,2543811,68.21,0.74
3412,2021-05-20,TOS,29759,13910,15849,18608,10839,312,ITI,ITI1,9,Toscana,Toscana,3729641,2573570,69.0,0.8
3413,2021-01-31,TOS,3050,1129,1921,103,2944,3,ITI,ITI1,9,Toscana,Toscana,3729641,2576620,69.08,0.08
3414,2021-04-05,TOS,15285,6826,8459,14376,737,172,ITI,ITI1,9,Toscana,Toscana,3729641,2591905,69.49,0.41
3415,2021-02-07,TOS,2808,954,1854,867,1921,20,ITI,ITI1,9,Toscana,Toscana,3729641,2594713,69.57,0.08
3416,2021-02-12,TOS,7618,2694,4924,7296,213,109,ITI,ITI1,9,Toscana,Toscana,3729641,2602331,69.77,0.2
3417,2021-01-26,TOS,5393,1792,3601,216,5173,4,ITI,ITI1,9,Toscana,Toscana,3729641,2607724,69.92,0.14
3418,2021-05-06,TOS,31343,13633,17710,13481,17182,680,ITI,ITI1,9,Toscana,Toscana,3729641,2639067,70.76,0.84
3419,2021-07-17,TOS,27727,14328,13399,8965,18525,237,ITI,ITI1,9,Toscana,Toscana,3729641,2666794,71.5,0.74
3420,2021-06-11,TOS,29731,15478,14253,24722,4656,353,ITI,ITI1,9,Toscana,Toscana,3729641,2696525,72.3,0.8
3421,2021-04-15,TOS,24402,10194,14208,15303,8573,526,ITI,ITI1,9,Toscana,Toscana,3729641,2720927,72.95,0.65
3422,2021-02-17,TOS,8176,3170,5006,7305,752,119,ITI,ITI1,9,Toscana,Toscana,3729641,2729103,73.17,0.22
3423,2021-03-17,TOS,11421,4587,6834,6799,4529,93,ITI,ITI1,9,Toscana,Toscana,3729641,2740524,73.48,0.31
3424,2021-06-25,TOS,33605,16793,16812,12110,21220,275,ITI,ITI1,9,Toscana,Toscana,3729641,2774129,74.38,0.9
3425,2021-06-08,TOS,32591,16717,15874,31746,488,357,ITI,ITI1,9,Toscana,Toscana,3729641,2806720,75.25,0.87
3426,2021-02-26,TOS,10080,3834,6246,8659,1206,215,ITI,ITI1,9,Toscana,Toscana,3729641,2816800,75.52,0.27
3427,2021-06-06,TOS,28307,13655,14652,22586,5362,359,ITI,ITI1,9,Toscana,Toscana,3729641,2845107,76.28,0.76
3428,2021-07-04,TOS,31511,15296,16215,9367,21857,287,ITI,ITI1,9,Toscana,Toscana,3729641,2876618,77.13,0.84
3429,2020-12-31,TOS,802,201,601,798,0,4,ITI,ITI1,9,Toscana,Toscana,3729641,2877420,77.15,0.02
3430,2021-04-10,TOS,11724,5351,6373,10748,743,233,ITI,ITI1,9,Toscana,Toscana,3729641,2889144,77.46,0.31
3431,2021-06-18,TOS,30786,16247,14539,24990,5400,396,ITI,ITI1,9,Toscana,Toscana,3729641,2919930,78.29,0.83
3432,2021-03-25,TOS,23897,10377,13520,15297,8352,248,ITI,ITI1,9,Toscana,Toscana,3729641,2943827,78.93,0.64
3433,2021-04-12,TOS,2623,1191,1432,1802,654,167,ITI,ITI1,9,Toscana,Toscana,3729641,2946450,79.0,0.07
3434,2021-07-21,TOS,38369,19580,18789,7311,30828,230,ITI,ITI1,9,Toscana,Toscana,3729641,2984819,80.03,1.03
3435,2021-05-13,TOS,35118,15521,19597,13201,21277,640,ITI,ITI1,9,Toscana,Toscana,3729641,3019937,80.97,0.94
3436,2021-05-18,TOS,28839,14273,14566,19744,8823,272,ITI,ITI1,9,Toscana,Toscana,3729641,3048776,81.74,0.77
3437,2021-04-19,TOS,9098,4511,4587,7756,1032,310,ITI,ITI1,9,Toscana,Toscana,3729641,3057874,81.99,0.24
3438,2021-04-17,TOS,20537,9208,11329,17921,2136,480,ITI,ITI1,9,Toscana,Toscana,3729641,3078411,82.54,0.55
3439,2021-01-24,TOS,3350,1073,2277,198,3149,3,ITI,ITI1,9,Toscana,Toscana,3729641,3081761,82.63,0.09
3440,2021-01-07,TOS,6018,1751,4267,5932,0,86,ITI,ITI1,9,Toscana,Toscana,3729641,3087779,82.79,0.16
3441,2021-05-28,TOS,30114,13946,16168,17421,12466,227,ITI,ITI1,9,Toscana,Toscana,3729641,3117893,83.6,0.81
3442,2021-04-22,TOS,35699,15293,20406,17389,17487,823,ITI,ITI1,9,Toscana,Toscana,3729641,3153592,84.55,0.96
3443,2021-02-24,TOS,10371,4467,5904,10040,197,134,ITI,ITI1,9,Toscana,Toscana,3729641,3163963,84.83,0.28
3444,2021-06-04,TOS,28312,13429,14883,20257,7793,262,ITI,ITI1,9,Toscana,Toscana,3729641,3192275,85.59,0.76
3445,2021-04-08,TOS,29683,12557,17126,22937,6386,360,ITI,ITI1,9,Toscana,Toscana,3729641,3221958,86.39,0.8
3446,2021-02-19,TOS,8292,2952,5340,7602,513,177,ITI,ITI1,9,Toscana,Toscana,3729641,3230250,86.61,0.22
3447,2021-04-29,TOS,39313,17709,21604,18572,20084,657,ITI,ITI1,9,Toscana,Toscana,3729641,3269563,87.66,1.05
3448,2021-03-24,TOS,20018,8304,11714,10419,9458,141,ITI,ITI1,9,Toscana,Toscana,3729641,3289581,88.2,0.54
3449,2021-02-21,TOS,5105,2089,3016,4730,170,205,ITI,ITI1,9,Toscana,Toscana,3729641,3294686,88.34,0.14
3450,2021-06-01,TOS,26950,13394,13556,22868,3837,245,ITI,ITI1,9,Toscana,Toscana,3729641,3321636,89.06,0.72
3451,2021-07-02,TOS,28187,14134,14053,10801,17107,279,ITI,ITI1,9,Toscana,Toscana,3729641,3349823,89.82,0.76
3452,2021-06-15,TOS,31189,16057,15132,26287,4569,333,ITI,ITI1,9,Toscana,Toscana,3729641,3381012,90.65,0.84
3453,2021-03-10,TOS,18376,7411,10965,14254,4018,104,ITI,ITI1,9,Toscana,Toscana,3729641,3399388,91.15,0.49
3454,2021-03-03,TOS,18229,6539,11690,14499,3606,124,ITI,ITI1,9,Toscana,Toscana,3729641,3417617,91.63,0.49
3455,2021-01-05,TOS,5249,1755,3494,5193,0,56,ITI,ITI1,9,Toscana,Toscana,3729641,3422866,91.77,0.14
3456,2021-01-19,TOS,1106,533,573,1064,0,42,ITI,ITI1,9,Toscana,Toscana,3729641,3423972,91.8,0.03
3457,2021-02-02,TOS,3742,1475,2267,189,3546,7,ITI,ITI1,9,Toscana,Toscana,3729641,3427714,91.9,0.1
3458,2021-01-12,TOS,3581,1398,2183,3508,0,73,ITI,ITI1,9,Toscana,Toscana,3729641,3431295,92.0,0.1
3459,2021-07-22,TOS,26495,13158,13337,2764,23629,102,ITI,ITI1,9,Toscana,Toscana,3729641,3457790,92.71,0.71
3460,2021-05-26,TOS,35594,17104,18490,20124,15202,268,ITI,ITI1,9,Toscana,Toscana,3729641,3493384,93.67,0.95
3461,2021-03-30,TOS,17019,7643,9376,13267,3564,188,ITI,ITI1,9,Toscana,Toscana,3729641,3510403,94.12,0.46
3462,2021-07-08,TOS,21049,10345,10704,9250,11559,240,ITI,ITI1,9,Toscana,Toscana,3729641,3531452,94.69,0.56
3463,2020-12-27,TOS,620,267,353,615,0,5,ITI,ITI1,9,Toscana,Toscana,3729641,3532072,94.7,0.02
3464,2021-01-03,TOS,3336,1052,2284,3290,0,46,ITI,ITI1,9,Toscana,Toscana,3729641,3535408,94.79,0.09
3465,2021-02-15,TOS,8770,3376,5394,7775,826,169,ITI,ITI1,9,Toscana,Toscana,3729641,3544178,95.03,0.24
3466,2021-02-22,TOS,9818,4254,5564,9169,277,372,ITI,ITI1,9,Toscana,Toscana,3729641,3553996,95.29,0.26
3467,2021-05-08,TOS,29150,13112,16038,13287,15472,391,ITI,ITI1,9,Toscana,Toscana,3729641,3583146,96.07,0.78
3468,2021-03-12,TOS,16980,6617,10363,13270,3528,182,ITI,ITI1,9,Toscana,Toscana,3729641,3600126,96.53,0.46
3469,2021-01-14,TOS,3255,1179,2076,3220,0,35,ITI,ITI1,9,Toscana,Toscana,3729641,3603381,96.61,0.09
3470,2021-06-20,TOS,25175,12485,12690,15420,9517,238,ITI,ITI1,9,Toscana,Toscana,3729641,3628556,97.29,0.67
3471,2021-04-24,TOS,13435,6168,7267,5620,7447,368,ITI,ITI1,9,Toscana,Toscana,3729641,3641991,97.65,0.36
3472,2021-06-27,TOS,33294,16072,17222,5922,27244,128,ITI,ITI1,9,Toscana,Toscana,3729641,3675285,98.54,0.89
3473,2021-05-01,TOS,23319,10066,13253,13723,9186,410,ITI,ITI1,9,Toscana,Toscana,3729641,3698604,99.17,0.63
3474,2021-03-05,TOS,16879,6689,10190,11948,4755,176,ITI,ITI1,9,Toscana,Toscana,3729641,3715483,99.62,0.45
3475,2021-06-13,TOS,24608,12347,12261,22601,1659,348,ITI,ITI1,9,Toscana,Toscana,3729641,3740091,100.28,0.66
3476,2021-02-20,LAZ,9207,4272,4935,8363,773,71,ITI,ITI4,12,Lazio,Lazio,5879082,9207,0.16,0.16
3477,2021-05-31,LAZ,51743,23037,28706,30853,19866,1024,ITI,ITI4,12,Lazio,Lazio,5879082,60950,1.04,0.88
3478,2021-04-04,LAZ,17592,8161,9431,12213,5268,111,ITI,ITI4,12,Lazio,Lazio,5879082,78542,1.34,0.3
3479,2021-03-30,LAZ,26964,13104,13860,19465,7152,347,ITI,ITI4,12,Lazio,Lazio,5879082,105506,1.79,0.46
3480,2021-07-08,LAZ,63961,31415,32546,28165,35152,644,ITI,ITI4,12,Lazio,Lazio,5879082,169467,2.88,1.09
3481,2021-04-18,LAZ,23814,10579,13235,15890,7654,270,ITI,ITI4,12,Lazio,Lazio,5879082,193281,3.29,0.41
3482,2021-07-22,LAZ,60077,30009,30068,28096,30533,1448,ITI,ITI4,12,Lazio,Lazio,5879082,253358,4.31,1.02
3483,2021-05-17,LAZ,44575,20416,24159,35585,8587,403,ITI,ITI4,12,Lazio,Lazio,5879082,297933,5.07,0.76
3484,2021-02-06,LAZ,6168,2498,3670,839,5323,6,ITI,ITI4,12,Lazio,Lazio,5879082,304101,5.17,0.1
3485,2021-02-11,LAZ,6998,3011,3987,6441,533,24,ITI,ITI4,12,Lazio,Lazio,5879082,311099,5.29,0.12
3486,2021-05-26,LAZ,47579,21866,25713,34816,12113,650,ITI,ITI4,12,Lazio,Lazio,5879082,358678,6.1,0.81
3487,2021-03-04,LAZ,19424,8727,10697,14172,5019,233,ITI,ITI4,12,Lazio,Lazio,5879082,378102,6.43,0.33
3488,2021-06-12,LAZ,69859,32078,37781,39853,29376,630,ITI,ITI4,12,Lazio,Lazio,5879082,447961,7.62,1.19
3489,2021-06-14,LAZ,62819,29444,33375,32125,30151,543,ITI,ITI4,12,Lazio,Lazio,5879082,510780,8.69,1.07
3490,2021-03-21,LAZ,18247,7179,11068,13007,5051,189,ITI,ITI4,12,Lazio,Lazio,5879082,529027,9.0,0.31
3491,2020-12-30,LAZ,1631,630,1001,1620,0,11,ITI,ITI4,12,Lazio,Lazio,5879082,530658,9.03,0.03
3492,2021-07-01,LAZ,48379,23112,25267,7171,41004,204,ITI,ITI4,12,Lazio,Lazio,5879082,579037,9.85,0.82
3493,2021-02-18,LAZ,10020,4976,5044,9101,814,105,ITI,ITI4,12,Lazio,Lazio,5879082,589057,10.02,0.17
3494,2021-05-12,LAZ,47577,21593,25984,30269,16667,641,ITI,ITI4,12,Lazio,Lazio,5879082,636634,10.83,0.81
3495,2021-02-01,LAZ,5678,2180,3498,353,5324,1,ITI,ITI4,12,Lazio,Lazio,5879082,642312,10.93,0.1
3496,2021-07-15,LAZ,44773,21923,22850,6710,37665,398,ITI,ITI4,12,Lazio,Lazio,5879082,687085,11.69,0.76
3497,2021-01-13,LAZ,5695,2152,3543,5533,0,162,ITI,ITI4,12,Lazio,Lazio,5879082,692780,11.78,0.1
3498,2021-04-23,LAZ,37847,18232,19615,22105,15291,451,ITI,ITI4,12,Lazio,Lazio,5879082,730627,12.43,0.64
3499,2021-06-26,LAZ,56118,26444,29674,24661,30889,568,ITI,ITI4,12,Lazio,Lazio,5879082,786745,13.38,0.95
3500,2021-04-30,LAZ,41431,18364,23067,26523,14253,655,ITI,ITI4,12,Lazio,Lazio,5879082,828176,14.09,0.7
3501,2021-06-19,LAZ,66408,31301,35107,35265,30360,783,ITI,ITI4,12,Lazio,Lazio,5879082,894584,15.22,1.13
3502,2021-04-16,LAZ,34446,15706,18740,21961,12103,382,ITI,ITI4,12,Lazio,Lazio,5879082,929030,15.8,0.59
3503,2021-01-23,LAZ,7214,2869,4345,585,6629,0,ITI,ITI4,12,Lazio,Lazio,5879082,936244,15.93,0.12
3504,2021-01-06,LAZ,5124,1963,3161,5004,0,120,ITI,ITI4,12,Lazio,Lazio,5879082,941368,16.01,0.09
3505,2021-02-25,LAZ,12680,5538,7142,11416,1081,183,ITI,ITI4,12,Lazio,Lazio,5879082,954048,16.23,0.22
3506,2021-03-28,LAZ,19189,7831,11358,13543,5310,336,ITI,ITI4,12,Lazio,Lazio,5879082,973237,16.55,0.33
3507,2021-06-09,LAZ,70240,33228,37012,35826,33787,627,ITI,ITI4,12,Lazio,Lazio,5879082,1043477,17.75,1.19
3508,2021-04-11,LAZ,19166,8480,10686,13118,5886,162,ITI,ITI4,12,Lazio,Lazio,5879082,1062643,18.07,0.33
3509,2021-02-13,LAZ,6613,2627,3986,6149,418,46,ITI,ITI4,12,Lazio,Lazio,5879082,1069256,18.19,0.11
3510,2021-07-20,LAZ,63194,31538,31656,28428,33605,1161,ITI,ITI4,12,Lazio,Lazio,5879082,1132450,19.26,1.07
3511,2021-05-24,LAZ,43986,20168,23818,33540,9783,663,ITI,ITI4,12,Lazio,Lazio,5879082,1176436,20.01,0.75
3512,2021-01-03,LAZ,5255,1973,3282,5196,0,59,ITI,ITI4,12,Lazio,Lazio,5879082,1181691,20.1,0.09
3513,2021-04-13,LAZ,25793,11958,13835,17680,7720,393,ITI,ITI4,12,Lazio,Lazio,5879082,1207484,20.54,0.44
3514,2021-01-08,LAZ,7732,2895,4837,7535,0,197,ITI,ITI4,12,Lazio,Lazio,5879082,1215216,20.67,0.13
3515,2021-05-19,LAZ,47227,21684,25543,36501,10120,606,ITI,ITI4,12,Lazio,Lazio,5879082,1262443,21.47,0.8
3516,2021-01-04,LAZ,7487,2910,4577,7383,0,104,ITI,ITI4,12,Lazio,Lazio,5879082,1269930,21.6,0.13
3517,2021-06-24,LAZ,63914,30496,33418,28593,34679,642,ITI,ITI4,12,Lazio,Lazio,5879082,1333844,22.69,1.09
3518,2021-06-07,LAZ,62410,29199,33211,32534,29292,584,ITI,ITI4,12,Lazio,Lazio,5879082,1396254,23.75,1.06
3519,2021-06-21,LAZ,61906,28755,33151,28488,32831,587,ITI,ITI4,12,Lazio,Lazio,5879082,1458160,24.8,1.05
3520,2021-03-13,LAZ,21807,8730,13077,15681,5894,232,ITI,ITI4,12,Lazio,Lazio,5879082,1479967,25.17,0.37
3521,2021-04-09,LAZ,27647,12564,15083,19108,8255,284,ITI,ITI4,12,Lazio,Lazio,5879082,1507614,25.64,0.47
3522,2021-03-23,LAZ,25381,11914,13467,18442,6600,339,ITI,ITI4,12,Lazio,Lazio,5879082,1532995,26.08,0.43
3523,2021-02-15,LAZ,8032,3543,4489,7310,638,84,ITI,ITI4,12,Lazio,Lazio,5879082,1541027,26.21,0.14
3524,2021-01-29,LAZ,8047,3081,4966,814,7231,2,ITI,ITI4,12,Lazio,Lazio,5879082,1549074,26.35,0.14
3525,2021-01-30,LAZ,7014,2895,4119,808,6205,1,ITI,ITI4,12,Lazio,Lazio,5879082,1556088,26.47,0.12
3526,2021-07-19,LAZ,62840,30903,31937,28299,33458,1083,ITI,ITI4,12,Lazio,Lazio,5879082,1618928,27.54,1.07
3527,2021-01-15,LAZ,6591,2714,3877,6421,0,170,ITI,ITI4,12,Lazio,Lazio,5879082,1625519,27.65,0.11
3528,2021-04-25,LAZ,24528,11255,13273,16425,7821,282,ITI,ITI4,12,Lazio,Lazio,5879082,1650047,28.07,0.42
3529,2021-05-07,LAZ,48261,22626,25635,30079,17771,411,ITI,ITI4,12,Lazio,Lazio,5879082,1698308,28.89,0.82
3530,2021-03-11,LAZ,25376,11966,13410,18803,6233,340,ITI,ITI4,12,Lazio,Lazio,5879082,1723684,29.32,0.43
3531,2021-07-03,LAZ,53139,25022,28117,4638,48365,136,ITI,ITI4,12,Lazio,Lazio,5879082,1776823,30.22,0.9
3532,2021-02-03,LAZ,6490,2489,4001,957,5526,7,ITI,ITI4,12,Lazio,Lazio,5879082,1783313,30.33,0.11
3533,2021-01-20,LAZ,4813,1947,2866,3265,1544,4,ITI,ITI4,12,Lazio,Lazio,5879082,1788126,30.42,0.08
3534,2021-06-05,LAZ,66147,32615,33532,42751,22747,649,ITI,ITI4,12,Lazio,Lazio,5879082,1854273,31.54,1.13
3535,2021-04-27,LAZ,30719,13868,16851,19462,10852,405,ITI,ITI4,12,Lazio,Lazio,5879082,1884992,32.06,0.52
3536,2021-03-01,LAZ,17121,7369,9752,13004,3886,231,ITI,ITI4,12,Lazio,Lazio,5879082,1902113,32.35,0.29
3537,2021-02-22,LAZ,11455,4989,6466,10804,502,149,ITI,ITI4,12,Lazio,Lazio,5879082,1913568,32.55,0.19
3538,2021-06-02,LAZ,43302,21519,21783,31247,11516,539,ITI,ITI4,12,Lazio,Lazio,5879082,1956870,33.29,0.74
3539,2021-06-11,LAZ,69552,32733,36819,36530,32403,619,ITI,ITI4,12,Lazio,Lazio,5879082,2026422,34.47,1.18
3540,2021-01-01,LAZ,3554,1382,2172,3514,0,40,ITI,ITI4,12,Lazio,Lazio,5879082,2029976,34.53,0.06
3541,2021-01-10,LAZ,4044,1702,2342,3977,0,67,ITI,ITI4,12,Lazio,Lazio,5879082,2034020,34.6,0.07
3542,2021-06-16,LAZ,64546,30945,33601,32037,31894,615,ITI,ITI4,12,Lazio,Lazio,5879082,2098566,35.7,1.1
3543,2021-03-16,LAZ,13544,5739,7805,7020,6444,80,ITI,ITI4,12,Lazio,Lazio,5879082,2112110,35.93,0.23
3544,2021-03-09,LAZ,21978,9928,12050,16430,5200,348,ITI,ITI4,12,Lazio,Lazio,5879082,2134088,36.3,0.37
3545,2021-01-11,LAZ,5542,2109,3433,5397,0,145,ITI,ITI4,12,Lazio,Lazio,5879082,2139630,36.39,0.09
3546,2021-02-08,LAZ,9743,4155,5588,4506,5235,2,ITI,ITI4,12,Lazio,Lazio,5879082,2149373,36.56,0.17
3547,2021-05-02,LAZ,32643,14341,18302,22815,9367,461,ITI,ITI4,12,Lazio,Lazio,5879082,2182016,37.11,0.56
3548,2021-01-22,LAZ,4008,1637,2371,493,3515,0,ITI,ITI4,12,Lazio,Lazio,5879082,2186024,37.18,0.07
3549,2021-02-27,LAZ,11453,4287,7166,10334,983,136,ITI,ITI4,12,Lazio,Lazio,5879082,2197477,37.38,0.19
3550,2021-02-17,LAZ,9189,4605,4584,8241,880,68,ITI,ITI4,12,Lazio,Lazio,5879082,2206666,37.53,0.16
3551,2021-05-28,LAZ,57185,26581,30604,43079,13311,795,ITI,ITI4,12,Lazio,Lazio,5879082,2263851,38.51,0.97
3552,2021-03-06,LAZ,18357,7084,11273,13883,4257,217,ITI,ITI4,12,Lazio,Lazio,5879082,2282208,38.82,0.31
3553,2021-04-06,LAZ,24486,11189,13297,17054,7114,318,ITI,ITI4,12,Lazio,Lazio,5879082,2306694,39.24,0.42
3554,2020-12-27,LAZ,274,132,142,274,0,0,ITI,ITI4,12,Lazio,Lazio,5879082,2306968,39.24,0.0
3555,2021-03-20,LAZ,19196,7642,11554,13050,5885,261,ITI,ITI4,12,Lazio,Lazio,5879082,2326164,39.57,0.33
3556,2021-07-17,LAZ,43737,22057,21680,2162,41473,102,ITI,ITI4,12,Lazio,Lazio,5879082,2369901,40.31,0.74
3557,2021-06-30,LAZ,62860,29566,33294,29759,32570,531,ITI,ITI4,12,Lazio,Lazio,5879082,2432761,41.38,1.07
3558,2021-04-08,LAZ,26834,12300,14534,18783,7701,350,ITI,ITI4,12,Lazio,Lazio,5879082,2459595,41.84,0.46
3559,2021-05-06,LAZ,48840,22759,26081,30605,17575,660,ITI,ITI4,12,Lazio,Lazio,5879082,2508435,42.67,0.83
3560,2021-01-17,LAZ,4893,2027,2866,4617,212,64,ITI,ITI4,12,Lazio,Lazio,5879082,2513328,42.75,0.08
3561,2021-04-20,LAZ,31087,14274,16813,19410,11304,373,ITI,ITI4,12,Lazio,Lazio,5879082,2544415,43.28,0.53
3562,2021-03-08,LAZ,20874,9056,11818,15311,5274,289,ITI,ITI4,12,Lazio,Lazio,5879082,2565289,43.63,0.36
3563,2021-04-22,LAZ,39105,19445,19660,23890,14627,588,ITI,ITI4,12,Lazio,Lazio,5879082,2604394,44.3,0.67
3564,2021-03-10,LAZ,23340,10660,12680,17361,5647,332,ITI,ITI4,12,Lazio,Lazio,5879082,2627734,44.7,0.4
3565,2021-01-12,LAZ,5416,1982,3434,5273,0,143,ITI,ITI4,12,Lazio,Lazio,5879082,2633150,44.79,0.09
3566,2021-06-18,LAZ,64250,30921,33329,30274,33261,715,ITI,ITI4,12,Lazio,Lazio,5879082,2697400,45.88,1.09
3567,2021-04-01,LAZ,29700,14092,15608,22180,7142,378,ITI,ITI4,12,Lazio,Lazio,5879082,2727100,46.39,0.51
3568,2021-07-10,LAZ,70849,35558,35291,25038,45195,616,ITI,ITI4,12,Lazio,Lazio,5879082,2797949,47.59,1.21
3569,2021-06-23,LAZ,62258,29314,32944,28423,33357,478,ITI,ITI4,12,Lazio,Lazio,5879082,2860207,48.65,1.06
3570,2021-04-15,LAZ,31958,14317,17641,20698,10815,445,ITI,ITI4,12,Lazio,Lazio,5879082,2892165,49.19,0.54
3571,2021-02-10,LAZ,8198,3407,4791,4845,3348,5,ITI,ITI4,12,Lazio,Lazio,5879082,2900363,49.33,0.14
3572,2021-05-21,LAZ,52029,25023,27006,37248,14074,707,ITI,ITI4,12,Lazio,Lazio,5879082,2952392,50.22,0.88
3573,2021-06-04,LAZ,61764,30151,31613,43346,17811,607,ITI,ITI4,12,Lazio,Lazio,5879082,3014156,51.27,1.05
3574,2021-01-19,LAZ,4775,1961,2814,4318,454,3,ITI,ITI4,12,Lazio,Lazio,5879082,3018931,51.35,0.08
3575,2021-04-29,LAZ,38706,17276,21430,24856,13245,605,ITI,ITI4,12,Lazio,Lazio,5879082,3057637,52.01,0.66
3576,2021-03-03,LAZ,17866,7873,9993,13337,4295,234,ITI,ITI4,12,Lazio,Lazio,5879082,3075503,52.31,0.3
3577,2021-01-26,LAZ,7971,3131,4840,730,7241,0,ITI,ITI4,12,Lazio,Lazio,5879082,3083474,52.45,0.14
3578,2021-04-02,LAZ,29409,14094,15315,21685,7340,384,ITI,ITI4,12,Lazio,Lazio,5879082,3112883,52.95,0.5
3579,2021-01-25,LAZ,8116,3248,4868,774,7342,0,ITI,ITI4,12,Lazio,Lazio,5879082,3120999,53.09,0.14
3580,2021-05-05,LAZ,46814,21480,25334,30406,15846,562,ITI,ITI4,12,Lazio,Lazio,5879082,3167813,53.88,0.8
3581,2021-03-02,LAZ,17194,7612,9582,13095,3936,163,ITI,ITI4,12,Lazio,Lazio,5879082,3185007,54.18,0.29
3582,2021-01-18,LAZ,6272,2561,3711,5167,979,126,ITI,ITI4,12,Lazio,Lazio,5879082,3191279,54.28,0.11
3583,2021-04-28,LAZ,32945,15035,17910,20977,11580,388,ITI,ITI4,12,Lazio,Lazio,5879082,3224224,54.84,0.56
3584,2021-01-31,LAZ,4463,1856,2607,478,3984,1,ITI,ITI4,12,Lazio,Lazio,5879082,3228687,54.92,0.08
3585,2021-05-11,LAZ,48328,22190,26138,31182,16549,597,ITI,ITI4,12,Lazio,Lazio,5879082,3277015,55.74,0.82
3586,2021-07-02,LAZ,48309,23137,25172,6592,41542,175,ITI,ITI4,12,Lazio,Lazio,5879082,3325324,56.56,0.82
3587,2021-05-04,LAZ,39905,18361,21544,25906,13531,468,ITI,ITI4,12,Lazio,Lazio,5879082,3365229,57.24,0.68
3588,2021-02-24,LAZ,12049,5208,6841,10932,995,122,ITI,ITI4,12,Lazio,Lazio,5879082,3377278,57.45,0.2
3589,2021-07-07,LAZ,62370,30928,31442,28395,33427,548,ITI,ITI4,12,Lazio,Lazio,5879082,3439648,58.51,1.06
3590,2021-03-29,LAZ,25441,12083,13358,18106,7038,297,ITI,ITI4,12,Lazio,Lazio,5879082,3465089,58.94,0.43
3591,2021-03-17,LAZ,13815,5916,7899,7448,6258,109,ITI,ITI4,12,Lazio,Lazio,5879082,3478904,59.17,0.23
3592,2021-06-25,LAZ,63209,30512,32697,28052,34587,570,ITI,ITI4,12,Lazio,Lazio,5879082,3542113,60.25,1.08
3593,2021-06-27,LAZ,47207,21569,25638,20614,26135,458,ITI,ITI4,12,Lazio,Lazio,5879082,3589320,61.05,0.8
3594,2021-05-20,LAZ,51760,24981,26779,37111,13928,721,ITI,ITI4,12,Lazio,Lazio,5879082,3641080,61.93,0.88
3595,2021-06-20,LAZ,55269,25409,29860,29628,24912,729,ITI,ITI4,12,Lazio,Lazio,5879082,3696349,62.87,0.94
3596,2021-06-06,LAZ,58105,28008,30097,35014,22510,581,ITI,ITI4,12,Lazio,Lazio,5879082,3754454,63.86,0.99
3597,2021-02-26,LAZ,13124,5730,7394,11549,1401,174,ITI,ITI4,12,Lazio,Lazio,5879082,3767578,64.08,0.22
3598,2021-07-11,LAZ,43957,22153,21804,3768,40048,141,ITI,ITI4,12,Lazio,Lazio,5879082,3811535,64.83,0.75
3599,2021-01-28,LAZ,8282,3167,5115,784,7497,1,ITI,ITI4,12,Lazio,Lazio,5879082,3819817,64.97,0.14
3600,2021-07-04,LAZ,46552,21663,24889,4118,42351,83,ITI,ITI4,12,Lazio,Lazio,5879082,3866369,65.76,0.79
3601,2021-05-08,LAZ,45484,20766,24718,29396,15435,653,ITI,ITI4,12,Lazio,Lazio,5879082,3911853,66.54,0.77
3602,2021-07-13,LAZ,42378,20741,21637,5474,36579,325,ITI,ITI4,12,Lazio,Lazio,5879082,3954231,67.26,0.72
3603,2021-03-26,LAZ,30225,14001,16224,22938,6850,437,ITI,ITI4,12,Lazio,Lazio,5879082,3984456,67.77,0.51
3604,2021-07-16,LAZ,43772,20892,22880,2913,40687,172,ITI,ITI4,12,Lazio,Lazio,5879082,4028228,68.52,0.74
3605,2021-04-24,LAZ,33454,15100,18354,20179,12783,492,ITI,ITI4,12,Lazio,Lazio,5879082,4061682,69.09,0.57
3606,2021-05-30,LAZ,41235,17645,23590,33210,7356,669,ITI,ITI4,12,Lazio,Lazio,5879082,4102917,69.79,0.7
3607,2021-05-13,LAZ,50194,22554,27640,31691,17825,678,ITI,ITI4,12,Lazio,Lazio,5879082,4153111,70.64,0.85
3608,2021-06-29,LAZ,59420,28244,31176,27728,31130,562,ITI,ITI4,12,Lazio,Lazio,5879082,4212531,71.65,1.01
3609,2021-03-22,LAZ,23332,10536,12796,16323,6681,328,ITI,ITI4,12,Lazio,Lazio,5879082,4235863,72.05,0.4
3610,2020-12-29,LAZ,488,176,312,484,0,4,ITI,ITI4,12,Lazio,Lazio,5879082,4236351,72.06,0.01
3611,2021-06-13,LAZ,58411,26210,32201,33078,24838,495,ITI,ITI4,12,Lazio,Lazio,5879082,4294762,73.05,0.99
3612,2021-03-07,LAZ,14133,5466,8667,10334,3593,206,ITI,ITI4,12,Lazio,Lazio,5879082,4308895,73.29,0.24
3613,2021-06-15,LAZ,65861,31810,34051,33188,32127,546,ITI,ITI4,12,Lazio,Lazio,5879082,4374756,74.41,1.12
3614,2021-03-24,LAZ,27881,13094,14787,21258,6239,384,ITI,ITI4,12,Lazio,Lazio,5879082,4402637,74.89,0.47
3615,2021-03-27,LAZ,26442,10761,15681,19429,6476,537,ITI,ITI4,12,Lazio,Lazio,5879082,4429079,75.34,0.45
3616,2021-07-05,LAZ,61247,29456,31791,25598,34640,1009,ITI,ITI4,12,Lazio,Lazio,5879082,4490326,76.38,1.04
3617,2021-05-23,LAZ,47141,22877,24264,39086,7396,659,ITI,ITI4,12,Lazio,Lazio,5879082,4537467,77.18,0.8
3618,2021-05-09,LAZ,37546,17262,20284,25821,11275,450,ITI,ITI4,12,Lazio,Lazio,5879082,4575013,77.82,0.64
3619,2021-07-12,LAZ,41117,20537,20580,5855,35041,221,ITI,ITI4,12,Lazio,Lazio,5879082,4616130,78.52,0.7
3620,2021-05-16,LAZ,50967,24546,26421,36938,13492,537,ITI,ITI4,12,Lazio,Lazio,5879082,4667097,79.38,0.87
3621,2021-06-28,LAZ,58902,28156,30746,27524,30960,418,ITI,ITI4,12,Lazio,Lazio,5879082,4725999,80.39,1.0
3622,2021-03-15,LAZ,20965,9841,11124,13983,6745,237,ITI,ITI4,12,Lazio,Lazio,5879082,4746964,80.74,0.36
3623,2021-01-05,LAZ,7376,2803,4573,7274,0,102,ITI,ITI4,12,Lazio,Lazio,5879082,4754340,80.87,0.13
3624,2021-01-24,LAZ,5697,2229,3468,613,5084,0,ITI,ITI4,12,Lazio,Lazio,5879082,4760037,80.97,0.1
3625,2021-02-07,LAZ,4944,2026,2918,386,4557,1,ITI,ITI4,12,Lazio,Lazio,5879082,4764981,81.05,0.08
3626,2021-05-18,LAZ,44969,20567,24402,34863,9548,558,ITI,ITI4,12,Lazio,Lazio,5879082,4809950,81.81,0.76
3627,2021-07-06,LAZ,62155,30178,31977,28528,33161,466,ITI,ITI4,12,Lazio,Lazio,5879082,4872105,82.87,1.06
3628,2021-02-04,LAZ,6341,2509,3832,1023,5317,1,ITI,ITI4,12,Lazio,Lazio,5879082,4878446,82.98,0.11
3629,2021-05-22,LAZ,55150,27016,28134,43582,10683,885,ITI,ITI4,12,Lazio,Lazio,5879082,4933596,83.92,0.94
3630,2021-05-29,LAZ,52061,23414,28647,40157,11035,869,ITI,ITI4,12,Lazio,Lazio,5879082,4985657,84.8,0.89
3631,2021-05-10,LAZ,44478,20338,24140,30597,13427,454,ITI,ITI4,12,Lazio,Lazio,5879082,5030135,85.56,0.76
3632,2021-02-12,LAZ,6852,2852,4000,6351,419,82,ITI,ITI4,12,Lazio,Lazio,5879082,5036987,85.68,0.12
3633,2021-01-14,LAZ,5491,2147,3344,5317,0,174,ITI,ITI4,12,Lazio,Lazio,5879082,5042478,85.77,0.09
3634,2021-04-07,LAZ,25996,12155,13841,18345,7315,336,ITI,ITI4,12,Lazio,Lazio,5879082,5068474,86.21,0.44
3635,2020-12-28,LAZ,959,412,547,954,0,5,ITI,ITI4,12,Lazio,Lazio,5879082,5069433,86.23,0.02
3636,2021-01-16,LAZ,5648,2283,3365,5500,0,148,ITI,ITI4,12,Lazio,Lazio,5879082,5075081,86.32,0.1
3637,2021-04-26,LAZ,29247,13469,15778,19612,9205,430,ITI,ITI4,12,Lazio,Lazio,5879082,5104328,86.82,0.5
3638,2021-02-02,LAZ,5913,2215,3698,637,5273,3,ITI,ITI4,12,Lazio,Lazio,5879082,5110241,86.92,0.1
3639,2021-07-18,LAZ,58125,29616,28509,22801,34563,761,ITI,ITI4,12,Lazio,Lazio,5879082,5168366,87.91,0.99
3640,2021-05-03,LAZ,39257,17730,21527,26042,12635,580,ITI,ITI4,12,Lazio,Lazio,5879082,5207623,88.58,0.67
3641,2021-06-22,LAZ,62752,29022,33730,28603,33473,676,ITI,ITI4,12,Lazio,Lazio,5879082,5270375,89.65,1.07
3642,2021-03-14,LAZ,17241,6754,10487,11828,5155,258,ITI,ITI4,12,Lazio,Lazio,5879082,5287616,89.94,0.29
3643,2021-07-09,LAZ,64708,31238,33470,27613,36389,706,ITI,ITI4,12,Lazio,Lazio,5879082,5352324,91.04,1.1
3644,2021-05-01,LAZ,37979,17094,20885,25569,11974,436,ITI,ITI4,12,Lazio,Lazio,5879082,5390303,91.69,0.65
3645,2021-04-17,LAZ,32416,14224,18192,20020,11998,398,ITI,ITI4,12,Lazio,Lazio,5879082,5422719,92.24,0.55
3646,2021-05-15,LAZ,57390,27418,29972,40052,16532,806,ITI,ITI4,12,Lazio,Lazio,5879082,5480109,93.21,0.98
3647,2021-03-19,LAZ,17452,7568,9884,10974,6329,149,ITI,ITI4,12,Lazio,Lazio,5879082,5497561,93.51,0.3
3648,2021-05-27,LAZ,58359,27110,31249,43818,13751,790,ITI,ITI4,12,Lazio,Lazio,5879082,5555920,94.5,0.99
3649,2021-03-05,LAZ,19569,8671,10898,14610,4735,224,ITI,ITI4,12,Lazio,Lazio,5879082,5575489,94.84,0.33
3650,2021-02-16,LAZ,8363,4038,4325,7710,610,43,ITI,ITI4,12,Lazio,Lazio,5879082,5583852,94.98,0.14
3651,2020-12-31,LAZ,5293,2121,3172,5233,0,60,ITI,ITI4,12,Lazio,Lazio,5879082,5589145,95.07,0.09
3652,2021-04-10,LAZ,23939,10414,13525,16503,7190,246,ITI,ITI4,12,Lazio,Lazio,5879082,5613084,95.48,0.41
3653,2021-02-05,LAZ,7325,2990,4335,1215,6107,3,ITI,ITI4,12,Lazio,Lazio,5879082,5620409,95.6,0.12
3654,2021-04-03,LAZ,24794,11194,13600,17875,6701,218,ITI,ITI4,12,Lazio,Lazio,5879082,5645203,96.02,0.42
3655,2021-03-12,LAZ,24006,11091,12915,17344,6317,345,ITI,ITI4,12,Lazio,Lazio,5879082,5669209,96.43,0.41
3656,2021-02-09,LAZ,8810,3777,5033,4575,4228,7,ITI,ITI4,12,Lazio,Lazio,5879082,5678019,96.58,0.15
3657,2021-02-23,LAZ,11091,4783,6308,10198,766,127,ITI,ITI4,12,Lazio,Lazio,5879082,5689110,96.77,0.19
3658,2021-02-19,LAZ,10047,5080,4967,9067,835,145,ITI,ITI4,12,Lazio,Lazio,5879082,5699157,96.94,0.17
3659,2021-06-17,LAZ,66871,32135,34736,31774,34387,710,ITI,ITI4,12,Lazio,Lazio,5879082,5766028,98.08,1.14
3660,2021-04-21,LAZ,33054,15022,18032,20308,12386,360,ITI,ITI4,12,Lazio,Lazio,5879082,5799082,98.64,0.56
3661,2021-06-03,LAZ,56538,28599,27939,38041,17808,689,ITI,ITI4,12,Lazio,Lazio,5879082,5855620,99.6,0.96
3662,2021-01-21,LAZ,5604,2348,3256,551,5053,0,ITI,ITI4,12,Lazio,Lazio,5879082,5861224,99.7,0.1
3663,2021-03-31,LAZ,27755,13425,14330,20322,7101,332,ITI,ITI4,12,Lazio,Lazio,5879082,5888979,100.17,0.47
3664,2021-01-07,LAZ,7752,2903,4849,7595,0,157,ITI,ITI4,12,Lazio,Lazio,5879082,5896731,100.3,0.13
3665,2021-06-10,LAZ,71854,33936,37918,37101,33944,809,ITI,ITI4,12,Lazio,Lazio,5879082,5968585,101.52,1.22
3666,2021-04-14,LAZ,29326,13291,16035,18882,10125,319,ITI,ITI4,12,Lazio,Lazio,5879082,5997911,102.02,0.5
3667,2021-05-14,LAZ,51550,23555,27995,32541,18346,663,ITI,ITI4,12,Lazio,Lazio,5879082,6049461,102.9,0.88
3668,2021-03-18,LAZ,14224,6077,8147,7750,6391,83,ITI,ITI4,12,Lazio,Lazio,5879082,6063685,103.14,0.24
3669,2021-03-25,LAZ,29373,13631,15742,22299,6618,456,ITI,ITI4,12,Lazio,Lazio,5879082,6093058,103.64,0.5
3670,2021-01-27,LAZ,6119,2389,3730,1002,5117,0,ITI,ITI4,12,Lazio,Lazio,5879082,6099177,103.74,0.1
3671,2021-06-01,LAZ,48913,23606,25307,29913,18539,461,ITI,ITI4,12,Lazio,Lazio,5879082,6148090,104.58,0.83
3672,2021-04-05,LAZ,19867,9085,10782,13534,6181,152,ITI,ITI4,12,Lazio,Lazio,5879082,6167957,104.91,0.34
3673,2021-05-25,LAZ,47544,22314,25230,35259,11687,598,ITI,ITI4,12,Lazio,Lazio,5879082,6215501,105.72,0.81
3674,2021-04-12,LAZ,23876,10771,13105,16690,6908,278,ITI,ITI4,12,Lazio,Lazio,5879082,6239377,106.13,0.41
3675,2021-07-21,LAZ,62551,31592,30959,28626,32617,1308,ITI,ITI4,12,Lazio,Lazio,5879082,6301928,107.19,1.06
3676,2021-06-08,LAZ,66602,31793,34809,36014,29955,633,ITI,ITI4,12,Lazio,Lazio,5879082,6368530,108.33,1.13
3677,2021-07-14,LAZ,41917,20421,21496,6175,35394,348,ITI,ITI4,12,Lazio,Lazio,5879082,6410447,109.04,0.71
3678,2021-01-09,LAZ,6300,2562,3738,6187,0,113,ITI,ITI4,12,Lazio,Lazio,5879082,6416747,109.15,0.11
3679,2021-04-19,LAZ,30109,13688,16421,19006,10686,417,ITI,ITI4,12,Lazio,Lazio,5879082,6446856,109.66,0.51
3680,2021-02-21,LAZ,6991,3181,3810,6483,464,44,ITI,ITI4,12,Lazio,Lazio,5879082,6453847,109.78,0.12
3681,2021-02-14,LAZ,5778,2372,3406,5276,472,30,ITI,ITI4,12,Lazio,Lazio,5879082,6459625,109.87,0.1
3682,2021-02-28,LAZ,10257,4016,6241,9649,515,93,ITI,ITI4,12,Lazio,Lazio,5879082,6469882,110.05,0.17
3683,2021-01-02,LAZ,6708,2631,4077,6628,0,80,ITI,ITI4,12,Lazio,Lazio,5879082,6476590,110.16,0.11
3684,2021-01-10,BAS,77,24,53,77,0,0,ITF,ITF5,17,Basilicata,Basilicata,559084,77,0.01,0.01
3685,2021-04-20,BAS,4082,1947,2135,2180,1878,24,ITF,ITF5,17,Basilicata,Basilicata,559084,4159,0.74,0.73
3686,2021-01-08,BAS,554,219,335,554,0,0,ITF,ITF5,17,Basilicata,Basilicata,559084,4713,0.84,0.1
3687,2021-03-15,BAS,2363,988,1375,508,1839,16,ITF,ITF5,17,Basilicata,Basilicata,559084,7076,1.27,0.42
3688,2021-01-17,BAS,329,133,196,328,1,0,ITF,ITF5,17,Basilicata,Basilicata,559084,7405,1.32,0.06
3689,2021-01-15,BAS,817,352,465,817,0,0,ITF,ITF5,17,Basilicata,Basilicata,559084,8222,1.47,0.15
3690,2020-12-27,BAS,106,41,65,106,0,0,ITF,ITF5,17,Basilicata,Basilicata,559084,8328,1.49,0.02
3691,2021-03-20,BAS,1295,574,721,275,1013,7,ITF,ITF5,17,Basilicata,Basilicata,559084,9623,1.72,0.23
3692,2021-06-28,BAS,3642,1747,1895,2114,1510,18,ITF,ITF5,17,Basilicata,Basilicata,559084,13265,2.37,0.65
3693,2021-03-06,BAS,1365,540,825,751,602,12,ITF,ITF5,17,Basilicata,Basilicata,559084,14630,2.62,0.24
3694,2021-05-04,BAS,4138,1992,2146,3566,523,49,ITF,ITF5,17,Basilicata,Basilicata,559084,18768,3.36,0.74
3695,2021-03-08,BAS,1465,717,748,819,616,30,ITF,ITF5,17,Basilicata,Basilicata,559084,20233,3.62,0.26
3696,2021-06-16,BAS,4602,2083,2519,2126,2456,20,ITF,ITF5,17,Basilicata,Basilicata,559084,24835,4.44,0.82
3697,2021-01-22,BAS,67,24,43,67,0,0,ITF,ITF5,17,Basilicata,Basilicata,559084,24902,4.45,0.01
3698,2021-05-02,BAS,4180,2001,2179,3491,629,60,ITF,ITF5,17,Basilicata,Basilicata,559084,29082,5.2,0.75
3699,2021-04-15,BAS,3386,1659,1727,2589,754,43,ITF,ITF5,17,Basilicata,Basilicata,559084,32468,5.81,0.61
3700,2021-06-04,BAS,4831,2288,2543,3748,1046,37,ITF,ITF5,17,Basilicata,Basilicata,559084,37299,6.67,0.86
3701,2021-02-24,BAS,1807,743,1064,1723,73,11,ITF,ITF5,17,Basilicata,Basilicata,559084,39106,6.99,0.32
3702,2021-02-22,BAS,1791,773,1018,1730,53,8,ITF,ITF5,17,Basilicata,Basilicata,559084,40897,7.32,0.32
3703,2021-03-25,BAS,1883,603,1280,1518,344,21,ITF,ITF5,17,Basilicata,Basilicata,559084,42780,7.65,0.34
3704,2021-01-27,BAS,413,175,238,113,300,0,ITF,ITF5,17,Basilicata,Basilicata,559084,43193,7.73,0.07
3705,2021-02-10,BAS,550,239,311,495,53,2,ITF,ITF5,17,Basilicata,Basilicata,559084,43743,7.82,0.1
3706,2021-05-21,BAS,4578,2322,2256,1480,3086,12,ITF,ITF5,17,Basilicata,Basilicata,559084,48321,8.64,0.82
3707,2021-04-01,BAS,2721,1115,1606,1970,723,28,ITF,ITF5,17,Basilicata,Basilicata,559084,51042,9.13,0.49
3708,2021-02-03,BAS,670,301,369,32,638,0,ITF,ITF5,17,Basilicata,Basilicata,559084,51712,9.25,0.12
3709,2021-04-08,BAS,767,352,415,742,10,15,ITF,ITF5,17,Basilicata,Basilicata,559084,52479,9.39,0.14
3710,2021-04-22,BAS,5045,2350,2695,3380,1610,55,ITF,ITF5,17,Basilicata,Basilicata,559084,57524,10.29,0.9
3711,2021-07-17,BAS,5856,2914,2942,1710,4107,39,ITF,ITF5,17,Basilicata,Basilicata,559084,63380,11.34,1.05
3712,2021-06-30,BAS,3452,1668,1784,2315,1111,26,ITF,ITF5,17,Basilicata,Basilicata,559084,66832,11.95,0.62
3713,2021-02-17,BAS,1135,493,642,1057,76,2,ITF,ITF5,17,Basilicata,Basilicata,559084,67967,12.16,0.2
3714,2021-04-27,BAS,4727,2242,2485,4351,325,51,ITF,ITF5,17,Basilicata,Basilicata,559084,72694,13.0,0.85
3715,2021-06-27,BAS,3007,1477,1530,2378,615,14,ITF,ITF5,17,Basilicata,Basilicata,559084,75701,13.54,0.54
3716,2021-06-09,BAS,4424,2072,2352,3967,424,33,ITF,ITF5,17,Basilicata,Basilicata,559084,80125,14.33,0.79
3717,2021-04-13,BAS,2118,1053,1065,1284,817,17,ITF,ITF5,17,Basilicata,Basilicata,559084,82243,14.71,0.38
3718,2021-03-01,BAS,551,286,265,383,168,0,ITF,ITF5,17,Basilicata,Basilicata,559084,82794,14.81,0.1
3719,2021-06-18,BAS,4463,2065,2398,2179,2258,26,ITF,ITF5,17,Basilicata,Basilicata,559084,87257,15.61,0.8
3720,2021-01-24,BAS,845,306,539,57,787,1,ITF,ITF5,17,Basilicata,Basilicata,559084,88102,15.76,0.15
3721,2021-05-13,BAS,5985,2967,3018,3299,2596,90,ITF,ITF5,17,Basilicata,Basilicata,559084,94087,16.83,1.07
3722,2021-05-09,BAS,4683,2339,2344,2940,1694,49,ITF,ITF5,17,Basilicata,Basilicata,559084,98770,17.67,0.84
3723,2021-02-15,BAS,622,232,390,566,42,14,ITF,ITF5,17,Basilicata,Basilicata,559084,99392,17.78,0.11
3724,2021-01-29,BAS,617,231,386,63,554,0,ITF,ITF5,17,Basilicata,Basilicata,559084,100009,17.89,0.11
3725,2021-03-05,BAS,1859,860,999,1096,750,13,ITF,ITF5,17,Basilicata,Basilicata,559084,101868,18.22,0.33
3726,2021-06-13,BAS,3015,1441,1574,2678,308,29,ITF,ITF5,17,Basilicata,Basilicata,559084,104883,18.76,0.54
3727,2021-07-07,BAS,5208,2474,2734,2022,3174,12,ITF,ITF5,17,Basilicata,Basilicata,559084,110091,19.69,0.93
3728,2021-01-03,BAS,901,344,557,901,0,0,ITF,ITF5,17,Basilicata,Basilicata,559084,110992,19.85,0.16
3729,2021-06-23,BAS,3258,1532,1726,2350,876,32,ITF,ITF5,17,Basilicata,Basilicata,559084,114250,20.44,0.58
3730,2021-03-13,BAS,1800,890,910,735,1046,19,ITF,ITF5,17,Basilicata,Basilicata,559084,116050,20.76,0.32
3731,2021-02-07,BAS,378,159,219,49,329,0,ITF,ITF5,17,Basilicata,Basilicata,559084,116428,20.82,0.07
3732,2021-05-18,BAS,5897,2857,3040,3385,2492,20,ITF,ITF5,17,Basilicata,Basilicata,559084,122325,21.88,1.05
3733,2021-05-01,BAS,4707,2138,2569,3887,753,67,ITF,ITF5,17,Basilicata,Basilicata,559084,127032,22.72,0.84
3734,2021-06-01,BAS,6136,2926,3210,3033,3076,27,ITF,ITF5,17,Basilicata,Basilicata,559084,133168,23.82,1.1
3735,2021-05-28,BAS,3615,1810,1805,919,2663,33,ITF,ITF5,17,Basilicata,Basilicata,559084,136783,24.47,0.65
3736,2021-06-11,BAS,4237,1982,2255,3168,1028,41,ITF,ITF5,17,Basilicata,Basilicata,559084,141020,25.22,0.76
3737,2021-05-11,BAS,2654,1354,1300,1597,1033,24,ITF,ITF5,17,Basilicata,Basilicata,559084,143674,25.7,0.47
3738,2021-07-14,BAS,5642,2720,2922,1627,3990,25,ITF,ITF5,17,Basilicata,Basilicata,559084,149316,26.71,1.01
3739,2021-04-05,BAS,724,233,491,412,302,10,ITF,ITF5,17,Basilicata,Basilicata,559084,150040,26.84,0.13
3740,2021-04-29,BAS,4832,2385,2447,4339,421,72,ITF,ITF5,17,Basilicata,Basilicata,559084,154872,27.7,0.86
3741,2021-03-17,BAS,1460,612,848,24,1432,4,ITF,ITF5,17,Basilicata,Basilicata,559084,156332,27.96,0.26
3742,2021-01-19,BAS,199,84,115,199,0,0,ITF,ITF5,17,Basilicata,Basilicata,559084,156531,28.0,0.04
3743,2021-06-25,BAS,3312,1570,1742,2448,831,33,ITF,ITF5,17,Basilicata,Basilicata,559084,159843,28.59,0.59
3744,2021-07-04,BAS,3109,1562,1547,2163,921,25,ITF,ITF5,17,Basilicata,Basilicata,559084,162952,29.15,0.56
3745,2021-03-24,BAS,1899,724,1175,1479,398,22,ITF,ITF5,17,Basilicata,Basilicata,559084,164851,29.49,0.34
3746,2021-05-08,BAS,4837,2402,2435,3385,1410,42,ITF,ITF5,17,Basilicata,Basilicata,559084,169688,30.35,0.87
3747,2021-03-10,BAS,1682,843,839,834,839,9,ITF,ITF5,17,Basilicata,Basilicata,559084,171370,30.65,0.3
3748,2021-05-30,BAS,2776,1420,1356,919,1852,5,ITF,ITF5,17,Basilicata,Basilicata,559084,174146,31.15,0.5
3749,2021-04-03,BAS,1809,750,1059,1461,336,12,ITF,ITF5,17,Basilicata,Basilicata,559084,175955,31.47,0.32
3750,2021-02-05,BAS,991,445,546,63,927,1,ITF,ITF5,17,Basilicata,Basilicata,559084,176946,31.65,0.18
3751,2021-07-12,BAS,5442,2593,2849,1606,3810,26,ITF,ITF5,17,Basilicata,Basilicata,559084,182388,32.62,0.97
3752,2021-05-27,BAS,3606,1858,1748,1063,2529,14,ITF,ITF5,17,Basilicata,Basilicata,559084,185994,33.27,0.64
3753,2021-04-24,BAS,4544,2198,2346,3475,1014,55,ITF,ITF5,17,Basilicata,Basilicata,559084,190538,34.08,0.81
3754,2021-07-16,BAS,5931,2899,3032,1802,4095,34,ITF,ITF5,17,Basilicata,Basilicata,559084,196469,35.14,1.06
3755,2021-07-09,BAS,5345,2613,2732,1699,3637,9,ITF,ITF5,17,Basilicata,Basilicata,559084,201814,36.1,0.96
3756,2021-04-17,BAS,3462,1656,1806,2172,1262,28,ITF,ITF5,17,Basilicata,Basilicata,559084,205276,36.72,0.62
3757,2021-03-29,BAS,2471,892,1579,2133,287,51,ITF,ITF5,17,Basilicata,Basilicata,559084,207747,37.16,0.44
3758,2021-01-05,BAS,947,409,538,947,0,0,ITF,ITF5,17,Basilicata,Basilicata,559084,208694,37.33,0.17
3759,2021-06-20,BAS,4011,1884,2127,1941,2036,34,ITF,ITF5,17,Basilicata,Basilicata,559084,212705,38.05,0.72
3760,2021-02-26,BAS,2152,904,1248,2065,81,6,ITF,ITF5,17,Basilicata,Basilicata,559084,214857,38.43,0.38
3761,2021-05-20,BAS,5878,2977,2901,2883,2967,28,ITF,ITF5,17,Basilicata,Basilicata,559084,220735,39.48,1.05
3762,2021-06-06,BAS,4513,2074,2439,3696,779,38,ITF,ITF5,17,Basilicata,Basilicata,559084,225248,40.29,0.81
3763,2021-07-02,BAS,3690,1838,1852,2484,1177,29,ITF,ITF5,17,Basilicata,Basilicata,559084,228938,40.95,0.66
3764,2021-02-11,BAS,952,401,551,867,83,2,ITF,ITF5,17,Basilicata,Basilicata,559084,229890,41.12,0.17
3765,2021-01-26,BAS,805,356,449,101,704,0,ITF,ITF5,17,Basilicata,Basilicata,559084,230695,41.26,0.14
3766,2021-05-06,BAS,5067,2439,2628,3431,1585,51,ITF,ITF5,17,Basilicata,Basilicata,559084,235762,42.17,0.91
3767,2021-05-15,BAS,6528,3344,3184,3874,2571,83,ITF,ITF5,17,Basilicata,Basilicata,559084,242290,43.34,1.17
3768,2021-04-02,BAS,2340,1056,1284,1714,605,21,ITF,ITF5,17,Basilicata,Basilicata,559084,244630,43.76,0.42
3769,2021-02-04,BAS,1100,444,656,63,1037,0,ITF,ITF5,17,Basilicata,Basilicata,559084,245730,43.95,0.2
3770,2021-07-11,BAS,5032,2405,2627,1510,3497,25,ITF,ITF5,17,Basilicata,Basilicata,559084,250762,44.85,0.9
3771,2021-02-02,BAS,367,143,224,174,192,1,ITF,ITF5,17,Basilicata,Basilicata,559084,251129,44.92,0.07
3772,2021-04-09,BAS,1151,350,801,1064,63,24,ITF,ITF5,17,Basilicata,Basilicata,559084,252280,45.12,0.21
3773,2021-03-22,BAS,1193,538,655,636,549,8,ITF,ITF5,17,Basilicata,Basilicata,559084,253473,45.34,0.21
3774,2021-03-03,BAS,1749,819,930,1167,560,22,ITF,ITF5,17,Basilicata,Basilicata,559084,255222,45.65,0.31
3775,2021-05-25,BAS,4199,2114,2085,867,3322,10,ITF,ITF5,17,Basilicata,Basilicata,559084,259421,46.4,0.75
3776,2021-02-14,BAS,151,48,103,105,0,46,ITF,ITF5,17,Basilicata,Basilicata,559084,259572,46.43,0.03
3777,2021-01-31,BAS,77,24,53,0,77,0,ITF,ITF5,17,Basilicata,Basilicata,559084,259649,46.44,0.01
3778,2021-05-22,BAS,5488,2723,2765,1926,3551,11,ITF,ITF5,17,Basilicata,Basilicata,559084,265137,47.42,0.98
3779,2021-03-26,BAS,1956,703,1253,1669,260,27,ITF,ITF5,17,Basilicata,Basilicata,559084,267093,47.77,0.35
3780,2021-02-13,BAS,800,314,486,701,61,38,ITF,ITF5,17,Basilicata,Basilicata,559084,267893,47.92,0.14
3781,2021-05-16,BAS,4973,2468,2505,2812,2113,48,ITF,ITF5,17,Basilicata,Basilicata,559084,272866,48.81,0.89
3782,2021-07-19,BAS,5931,2892,3039,2002,3888,41,ITF,ITF5,17,Basilicata,Basilicata,559084,278797,49.87,1.06
3783,2021-05-23,BAS,4518,2302,2216,1527,2984,7,ITF,ITF5,17,Basilicata,Basilicata,559084,283315,50.67,0.81
3784,2021-03-27,BAS,2253,864,1389,1808,431,14,ITF,ITF5,17,Basilicata,Basilicata,559084,285568,51.08,0.4
3785,2021-03-14,BAS,1010,477,533,529,469,12,ITF,ITF5,17,Basilicata,Basilicata,559084,286578,51.26,0.18
3786,2021-03-31,BAS,3101,1262,1839,2289,782,30,ITF,ITF5,17,Basilicata,Basilicata,559084,289679,51.81,0.55
3787,2021-04-14,BAS,2043,1001,1042,1353,674,16,ITF,ITF5,17,Basilicata,Basilicata,559084,291722,52.18,0.37
3788,2021-01-21,BAS,30,10,20,30,0,0,ITF,ITF5,17,Basilicata,Basilicata,559084,291752,52.18,0.01
3789,2021-01-04,BAS,608,271,337,608,0,0,ITF,ITF5,17,Basilicata,Basilicata,559084,292360,52.29,0.11
3790,2021-07-06,BAS,4072,1942,2130,2033,2005,34,ITF,ITF5,17,Basilicata,Basilicata,559084,296432,53.02,0.73
3791,2021-01-12,BAS,217,88,129,217,0,0,ITF,ITF5,17,Basilicata,Basilicata,559084,296649,53.06,0.04
3792,2021-05-10,BAS,4804,2382,2422,2718,2042,44,ITF,ITF5,17,Basilicata,Basilicata,559084,301453,53.92,0.86
3793,2021-07-13,BAS,5856,2825,3031,1773,4035,48,ITF,ITF5,17,Basilicata,Basilicata,559084,307309,54.97,1.05
3794,2021-02-27,BAS,1993,861,1132,1812,164,17,ITF,ITF5,17,Basilicata,Basilicata,559084,309302,55.32,0.36
3795,2021-07-20,BAS,5725,2812,2913,1700,3985,40,ITF,ITF5,17,Basilicata,Basilicata,559084,315027,56.35,1.02
3796,2021-03-19,BAS,2298,996,1302,259,2032,7,ITF,ITF5,17,Basilicata,Basilicata,559084,317325,56.76,0.41
3797,2021-02-16,BAS,907,377,530,790,98,19,ITF,ITF5,17,Basilicata,Basilicata,559084,318232,56.92,0.16
3798,2021-01-28,BAS,911,405,506,119,792,0,ITF,ITF5,17,Basilicata,Basilicata,559084,319143,57.08,0.16
3799,2021-05-24,BAS,4833,2343,2490,1090,3730,13,ITF,ITF5,17,Basilicata,Basilicata,559084,323976,57.95,0.86
3800,2021-06-02,BAS,5960,2805,3155,4376,1543,41,ITF,ITF5,17,Basilicata,Basilicata,559084,329936,59.01,1.07
3801,2021-04-18,BAS,3718,1843,1875,2329,1367,22,ITF,ITF5,17,Basilicata,Basilicata,559084,333654,59.68,0.67
3802,2021-02-20,BAS,1163,532,631,1044,119,0,ITF,ITF5,17,Basilicata,Basilicata,559084,334817,59.89,0.21
3803,2021-05-31,BAS,4229,2009,2220,1713,2508,8,ITF,ITF5,17,Basilicata,Basilicata,559084,339046,60.64,0.76
3804,2021-06-22,BAS,4364,2068,2296,2229,2102,33,ITF,ITF5,17,Basilicata,Basilicata,559084,343410,61.42,0.78
3805,2021-06-05,BAS,4800,2210,2590,3824,941,35,ITF,ITF5,17,Basilicata,Basilicata,559084,348210,62.28,0.86
3806,2021-02-23,BAS,1902,771,1131,1746,139,17,ITF,ITF5,17,Basilicata,Basilicata,559084,350112,62.62,0.34
3807,2021-06-03,BAS,4921,2258,2663,3703,1180,38,ITF,ITF5,17,Basilicata,Basilicata,559084,355033,63.5,0.88
3808,2021-03-12,BAS,1910,981,929,780,1103,27,ITF,ITF5,17,Basilicata,Basilicata,559084,356943,63.84,0.34
3809,2021-05-17,BAS,5544,2734,2810,3361,2134,49,ITF,ITF5,17,Basilicata,Basilicata,559084,362487,64.84,0.99
3810,2021-01-23,BAS,734,314,420,33,701,0,ITF,ITF5,17,Basilicata,Basilicata,559084,363221,64.97,0.13
3811,2021-05-03,BAS,4511,2043,2468,3622,827,62,ITF,ITF5,17,Basilicata,Basilicata,559084,367732,65.77,0.81
3812,2021-02-09,BAS,492,213,279,317,175,0,ITF,ITF5,17,Basilicata,Basilicata,559084,368224,65.86,0.09
3813,2021-06-21,BAS,4253,2042,2211,2142,2092,19,ITF,ITF5,17,Basilicata,Basilicata,559084,372477,66.62,0.76
3814,2021-07-05,BAS,3269,1614,1655,2214,1022,33,ITF,ITF5,17,Basilicata,Basilicata,559084,375746,67.21,0.58
3815,2021-01-07,BAS,641,319,322,641,0,0,ITF,ITF5,17,Basilicata,Basilicata,559084,376387,67.32,0.11
3816,2021-02-19,BAS,1623,738,885,1556,62,5,ITF,ITF5,17,Basilicata,Basilicata,559084,378010,67.61,0.29
3817,2021-02-12,BAS,777,332,445,744,32,1,ITF,ITF5,17,Basilicata,Basilicata,559084,378787,67.75,0.14
3818,2021-07-18,BAS,4386,2162,2224,1576,2784,26,ITF,ITF5,17,Basilicata,Basilicata,559084,383173,68.54,0.78
3819,2021-06-29,BAS,3857,1882,1975,2792,1039,26,ITF,ITF5,17,Basilicata,Basilicata,559084,387030,69.23,0.69
3820,2021-03-21,BAS,1124,516,608,422,699,3,ITF,ITF5,17,Basilicata,Basilicata,559084,388154,69.43,0.2
3821,2021-05-29,BAS,3060,1534,1526,826,2225,9,ITF,ITF5,17,Basilicata,Basilicata,559084,391214,69.97,0.55
3822,2021-02-18,BAS,1070,401,669,852,215,3,ITF,ITF5,17,Basilicata,Basilicata,559084,392284,70.17,0.19
3823,2021-06-07,BAS,4237,1920,2317,3884,315,38,ITF,ITF5,17,Basilicata,Basilicata,559084,396521,70.92,0.76
3824,2021-04-11,BAS,913,359,554,760,124,29,ITF,ITF5,17,Basilicata,Basilicata,559084,397434,71.09,0.16
3825,2021-04-04,BAS,610,225,385,191,413,6,ITF,ITF5,17,Basilicata,Basilicata,559084,398044,71.2,0.11
3826,2021-06-19,BAS,4465,2178,2287,2370,2073,22,ITF,ITF5,17,Basilicata,Basilicata,559084,402509,71.99,0.8
3827,2021-03-28,BAS,2143,743,1400,2109,17,17,ITF,ITF5,17,Basilicata,Basilicata,559084,404652,72.38,0.38
3828,2021-03-11,BAS,1794,928,866,817,959,18,ITF,ITF5,17,Basilicata,Basilicata,559084,406446,72.7,0.32
3829,2021-04-10,BAS,1033,378,655,924,83,26,ITF,ITF5,17,Basilicata,Basilicata,559084,407479,72.88,0.18
3830,2021-06-24,BAS,4120,1949,2171,2180,1903,37,ITF,ITF5,17,Basilicata,Basilicata,559084,411599,73.62,0.74
3831,2021-04-28,BAS,4707,2158,2549,4206,441,60,ITF,ITF5,17,Basilicata,Basilicata,559084,416306,74.46,0.84
3832,2021-03-02,BAS,801,387,414,659,137,5,ITF,ITF5,17,Basilicata,Basilicata,559084,417107,74.61,0.14
3833,2021-06-10,BAS,4347,2103,2244,3869,441,37,ITF,ITF5,17,Basilicata,Basilicata,559084,421454,75.38,0.78
3834,2021-02-08,BAS,559,193,366,151,408,0,ITF,ITF5,17,Basilicata,Basilicata,559084,422013,75.48,0.1
3835,2021-05-19,BAS,2872,1499,1373,1183,1676,13,ITF,ITF5,17,Basilicata,Basilicata,559084,424885,76.0,0.51
3836,2021-02-25,BAS,1789,738,1051,1732,46,11,ITF,ITF5,17,Basilicata,Basilicata,559084,426674,76.32,0.32
3837,2021-02-06,BAS,907,370,537,146,761,0,ITF,ITF5,17,Basilicata,Basilicata,559084,427581,76.48,0.16
3838,2021-04-30,BAS,5286,2376,2910,4066,1163,57,ITF,ITF5,17,Basilicata,Basilicata,559084,432867,77.42,0.95
3839,2021-01-13,BAS,916,387,529,916,0,0,ITF,ITF5,17,Basilicata,Basilicata,559084,433783,77.59,0.16
3840,2021-04-23,BAS,4539,2186,2353,3481,999,59,ITF,ITF5,17,Basilicata,Basilicata,559084,438322,78.4,0.81
3841,2021-01-30,BAS,707,229,478,129,578,0,ITF,ITF5,17,Basilicata,Basilicata,559084,439029,78.53,0.13
3842,2021-01-14,BAS,969,413,556,969,0,0,ITF,ITF5,17,Basilicata,Basilicata,559084,439998,78.7,0.17
3843,2021-04-07,BAS,1211,551,660,1155,36,20,ITF,ITF5,17,Basilicata,Basilicata,559084,441209,78.92,0.22
3844,2021-04-25,BAS,2988,1457,1531,2904,52,32,ITF,ITF5,17,Basilicata,Basilicata,559084,444197,79.45,0.53
3845,2021-05-12,BAS,4727,2329,2398,2797,1882,48,ITF,ITF5,17,Basilicata,Basilicata,559084,448924,80.3,0.85
3846,2021-07-22,BAS,5753,2866,2887,1744,3950,59,ITF,ITF5,17,Basilicata,Basilicata,559084,454677,81.33,1.03
3847,2021-03-30,BAS,2794,1182,1612,2433,346,15,ITF,ITF5,17,Basilicata,Basilicata,559084,457471,81.83,0.5
3848,2021-07-08,BAS,5137,2429,2708,1854,3259,24,ITF,ITF5,17,Basilicata,Basilicata,559084,462608,82.74,0.92
3849,2021-01-06,BAS,294,129,165,294,0,0,ITF,ITF5,17,Basilicata,Basilicata,559084,462902,82.8,0.05
3850,2021-04-16,BAS,3321,1634,1687,2400,898,23,ITF,ITF5,17,Basilicata,Basilicata,559084,466223,83.39,0.59
3851,2021-06-17,BAS,4440,2044,2396,2088,2327,25,ITF,ITF5,17,Basilicata,Basilicata,559084,470663,84.18,0.79
3852,2021-04-21,BAS,3931,1837,2094,2244,1658,29,ITF,ITF5,17,Basilicata,Basilicata,559084,474594,84.89,0.7
3853,2021-01-20,BAS,85,22,63,84,1,0,ITF,ITF5,17,Basilicata,Basilicata,559084,474679,84.9,0.02
3854,2021-03-04,BAS,1889,894,995,1064,802,23,ITF,ITF5,17,Basilicata,Basilicata,559084,476568,85.24,0.34
3855,2021-06-12,BAS,3675,1688,1987,2958,678,39,ITF,ITF5,17,Basilicata,Basilicata,559084,480243,85.9,0.66
3856,2021-07-15,BAS,6497,3220,3277,1671,4801,25,ITF,ITF5,17,Basilicata,Basilicata,559084,486740,87.06,1.16
3857,2021-04-06,BAS,1274,465,809,1075,184,15,ITF,ITF5,17,Basilicata,Basilicata,559084,488014,87.29,0.23
3858,2021-06-14,BAS,4825,2156,2669,2092,2709,24,ITF,ITF5,17,Basilicata,Basilicata,559084,492839,88.15,0.86
3859,2021-03-23,BAS,1592,611,981,1407,168,17,ITF,ITF5,17,Basilicata,Basilicata,559084,494431,88.44,0.28
3860,2021-07-01,BAS,3707,1856,1851,2563,1111,33,ITF,ITF5,17,Basilicata,Basilicata,559084,498138,89.1,0.66
3861,2021-01-18,BAS,463,157,306,364,99,0,ITF,ITF5,17,Basilicata,Basilicata,559084,498601,89.18,0.08
3862,2021-03-16,BAS,1914,806,1108,226,1685,3,ITF,ITF5,17,Basilicata,Basilicata,559084,500515,89.52,0.34
3863,2021-05-05,BAS,4338,2050,2288,3380,891,67,ITF,ITF5,17,Basilicata,Basilicata,559084,504853,90.3,0.78
3864,2021-03-09,BAS,1407,718,689,779,610,18,ITF,ITF5,17,Basilicata,Basilicata,559084,506260,90.55,0.25
3865,2021-01-25,BAS,1029,430,599,73,955,1,ITF,ITF5,17,Basilicata,Basilicata,559084,507289,90.74,0.18
3866,2021-02-01,BAS,243,91,152,46,197,0,ITF,ITF5,17,Basilicata,Basilicata,559084,507532,90.78,0.04
3867,2021-05-26,BAS,4488,2259,2229,1677,2782,29,ITF,ITF5,17,Basilicata,Basilicata,559084,512020,91.58,0.8
3868,2021-01-11,BAS,183,66,117,183,0,0,ITF,ITF5,17,Basilicata,Basilicata,559084,512203,91.61,0.03
3869,2021-06-08,BAS,4585,2194,2391,4190,357,38,ITF,ITF5,17,Basilicata,Basilicata,559084,516788,92.43,0.82
3870,2021-04-12,BAS,2172,1052,1120,1653,490,29,ITF,ITF5,17,Basilicata,Basilicata,559084,518960,92.82,0.39
3871,2021-07-21,BAS,5849,2942,2907,1615,4201,33,ITF,ITF5,17,Basilicata,Basilicata,559084,524809,93.87,1.05
3872,2021-04-19,BAS,4167,1913,2254,2398,1639,130,ITF,ITF5,17,Basilicata,Basilicata,559084,528976,94.61,0.75
3873,2021-06-15,BAS,3223,1418,1805,2228,975,20,ITF,ITF5,17,Basilicata,Basilicata,559084,532199,95.19,0.58
3874,2021-02-28,BAS,810,346,464,771,35,4,ITF,ITF5,17,Basilicata,Basilicata,559084,533009,95.34,0.14
3875,2021-01-02,BAS,950,381,569,949,0,1,ITF,ITF5,17,Basilicata,Basilicata,559084,533959,95.51,0.17
3876,2021-01-16,BAS,722,304,418,722,0,0,ITF,ITF5,17,Basilicata,Basilicata,559084,534681,95.64,0.13
3877,2021-04-26,BAS,4467,2166,2301,4200,221,46,ITF,ITF5,17,Basilicata,Basilicata,559084,539148,96.43,0.8
3878,2021-02-21,BAS,284,113,171,284,0,0,ITF,ITF5,17,Basilicata,Basilicata,559084,539432,96.48,0.05
3879,2021-03-07,BAS,891,310,581,842,39,10,ITF,ITF5,17,Basilicata,Basilicata,559084,540323,96.64,0.16
3880,2021-01-09,BAS,557,160,397,557,0,0,ITF,ITF5,17,Basilicata,Basilicata,559084,540880,96.74,0.1
3881,2021-07-03,BAS,3945,2102,1843,2757,1145,43,ITF,ITF5,17,Basilicata,Basilicata,559084,544825,97.45,0.71
3882,2021-05-07,BAS,4634,2279,2355,3272,1338,24,ITF,ITF5,17,Basilicata,Basilicata,559084,549459,98.28,0.83
3883,2021-07-10,BAS,5555,2681,2874,1597,3949,9,ITF,ITF5,17,Basilicata,Basilicata,559084,555014,99.27,0.99
3884,2021-05-14,BAS,5907,2799,3108,3273,2531,103,ITF,ITF5,17,Basilicata,Basilicata,559084,560921,100.33,1.06
3885,2021-03-18,BAS,1353,565,788,17,1327,9,ITF,ITF5,17,Basilicata,Basilicata,559084,562274,100.57,0.24
3886,2021-06-26,BAS,3327,1611,1716,2741,558,28,ITF,ITF5,17,Basilicata,Basilicata,559084,565601,101.17,0.6
3887,2021-07-20,EMR,42745,22362,20383,6979,35498,268,ITH,ITH5,8,Emilia-Romagna,Emilia-Romagna,4459477,42745,0.96,0.96
3888,2021-04-11,EMR,15278,6935,8343,11980,3048,250,ITH,ITH5,8,Emilia-Romagna,Emilia-Romagna,4459477,58023,1.3,0.34
3889,2021-02-11,EMR,4256,1415,2841,3397,843,16,ITH,ITH5,8,Emilia-Romagna,Emilia-Romagna,4459477,62279,1.4,0.1
3890,2021-04-16,EMR,29227,13761,15466,20024,8838,365,ITH,ITH5,8,Emilia-Romagna,Emilia-Romagna,4459477,91506,2.05,0.66
3891,2021-01-06,EMR,8287,2955,5332,8286,0,1,ITH,ITH5,8,Emilia-Romagna,Emilia-Romagna,4459477,99793,2.24,0.19
3892,2021-04-30,EMR,36614,16790,19824,21201,14798,615,ITH,ITH5,8,Emilia-Romagna,Emilia-Romagna,4459477,136407,3.06,0.82
3893,2021-03-28,EMR,13501,6027,7474,9506,3870,125,ITH,ITH5,8,Emilia-Romagna,Emilia-Romagna,4459477,149908,3.36,0.3
3894,2021-02-25,EMR,9249,3499,5750,8273,954,22,ITH,ITH5,8,Emilia-Romagna,Emilia-Romagna,4459477,159157,3.57,0.21
3895,2021-02-18,EMR,7038,2891,4147,6439,583,16,ITH,ITH5,8,Emilia-Romagna,Emilia-Romagna,4459477,166195,3.73,0.16
3896,2021-06-07,EMR,40474,20777,19697,33887,6251,336,ITH,ITH5,8,Emilia-Romagna,Emilia-Romagna,4459477,206669,4.63,0.91
3897,2021-01-30,EMR,10081,3520,6561,140,9940,1,ITH,ITH5,8,Emilia-Romagna,Emilia-Romagna,4459477,216750,4.86,0.23
3898,2021-07-15,EMR,49876,25978,23898,8189,41339,348,ITH,ITH5,8,Emilia-Romagna,Emilia-Romagna,4459477,266626,5.98,1.12
3899,2021-05-26,EMR,33266,14737,18529,9929,22953,384,ITH,ITH5,8,Emilia-Romagna,Emilia-Romagna,4459477,299892,6.72,0.75
3900,2021-06-12,EMR,41319,21854,19465,35898,4914,507,ITH,ITH5,8,Emilia-Romagna,Emilia-Romagna,4459477,341211,7.65,0.93
3901,2021-03-04,EMR,16451,5349,11102,13344,3017,90,ITH,ITH5,8,Emilia-Romagna,Emilia-Romagna,4459477,357662,8.02,0.37
3902,2021-05-24,EMR,29964,13724,16240,17954,11493,517,ITH,ITH5,8,Emilia-Romagna,Emilia-Romagna,4459477,387626,8.69,0.67
3903,2021-02-13,EMR,3628,1084,2544,3015,598,15,ITH,ITH5,8,Emilia-Romagna,Emilia-Romagna,4459477,391254,8.77,0.08
3904,2021-05-12,EMR,38925,18295,20630,28405,9689,831,ITH,ITH5,8,Emilia-Romagna,Emilia-Romagna,4459477,430179,9.65,0.87
3905,2021-02-01,EMR,10320,3610,6710,360,9958,2,ITH,ITH5,8,Emilia-Romagna,Emilia-Romagna,4459477,440499,9.88,0.23
3906,2021-01-18,EMR,3128,879,2249,2446,679,3,ITH,ITH5,8,Emilia-Romagna,Emilia-Romagna,4459477,443627,9.95,0.07
3907,2021-03-16,EMR,12246,5027,7219,4871,7309,66,ITH,ITH5,8,Emilia-Romagna,Emilia-Romagna,4459477,455873,10.22,0.27
3908,2021-01-25,EMR,6462,2146,4316,206,6255,1,ITH,ITH5,8,Emilia-Romagna,Emilia-Romagna,4459477,462335,10.37,0.14
3909,2021-07-01,EMR,34477,16851,17626,15345,18819,313,ITH,ITH5,8,Emilia-Romagna,Emilia-Romagna,4459477,496812,11.14,0.77
3910,2021-03-23,EMR,18799,8145,10654,11951,6687,161,ITH,ITH5,8,Emilia-Romagna,Emilia-Romagna,4459477,515611,11.56,0.42
3911,2021-06-21,EMR,37539,18980,18559,16390,20869,280,ITH,ITH5,8,Emilia-Romagna,Emilia-Romagna,4459477,553150,12.4,0.84
3912,2021-07-08,EMR,41228,20540,20688,4859,36093,276,ITH,ITH5,8,Emilia-Romagna,Emilia-Romagna,4459477,594378,13.33,0.92
3913,2021-03-30,EMR,23345,10339,13006,18008,5041,296,ITH,ITH5,8,Emilia-Romagna,Emilia-Romagna,4459477,617723,13.85,0.52
3914,2021-07-22,EMR,39591,21165,18426,15249,23674,668,ITH,ITH5,8,Emilia-Romagna,Emilia-Romagna,4459477,657314,14.74,0.89
3915,2021-01-04,EMR,7315,2527,4788,7312,0,3,ITH,ITH5,8,Emilia-Romagna,Emilia-Romagna,4459477,664629,14.9,0.16
3916,2021-04-18,EMR,17504,8396,9108,12362,4918,224,ITH,ITH5,8,Emilia-Romagna,Emilia-Romagna,4459477,682133,15.3,0.39
3917,2021-06-14,EMR,41291,21349,19942,27802,13073,416,ITH,ITH5,8,Emilia-Romagna,Emilia-Romagna,4459477,723424,16.22,0.93
3918,2021-05-31,EMR,29758,13765,15993,17724,11490,544,ITH,ITH5,8,Emilia-Romagna,Emilia-Romagna,4459477,753182,16.89,0.67
3919,2021-02-20,EMR,5319,2094,3225,5049,263,7,ITH,ITH5,8,Emilia-Romagna,Emilia-Romagna,4459477,758501,17.01,0.12
3920,2021-01-15,EMR,7750,2404,5346,7742,0,8,ITH,ITH5,8,Emilia-Romagna,Emilia-Romagna,4459477,766251,17.18,0.17
3921,2021-06-09,EMR,43020,21859,21161,36180,6373,467,ITH,ITH5,8,Emilia-Romagna,Emilia-Romagna,4459477,809271,18.15,0.96
3922,2021-03-01,EMR,10097,3582,6515,7814,2258,25,ITH,ITH5,8,Emilia-Romagna,Emilia-Romagna,4459477,819368,18.37,0.23
3923,2021-05-04,EMR,29281,13709,15572,15135,13661,485,ITH,ITH5,8,Emilia-Romagna,Emilia-Romagna,4459477,848649,19.03,0.66
3924,2021-06-19,EMR,36628,18333,18295,17034,19384,210,ITH,ITH5,8,Emilia-Romagna,Emilia-Romagna,4459477,885277,19.85,0.82
3925,2021-03-11,EMR,17455,7306,10149,11433,5851,171,ITH,ITH5,8,Emilia-Romagna,Emilia-Romagna,4459477,902732,20.24,0.39
3926,2021-02-06,EMR,7594,2404,5190,2105,5485,4,ITH,ITH5,8,Emilia-Romagna,Emilia-Romagna,4459477,910326,20.41,0.17
3927,2021-04-23,EMR,29563,13811,15752,14305,14883,375,ITH,ITH5,8,Emilia-Romagna,Emilia-Romagna,4459477,939889,21.08,0.66
3928,2021-01-13,EMR,9076,2941,6135,9071,0,5,ITH,ITH5,8,Emilia-Romagna,Emilia-Romagna,4459477,948965,21.28,0.2
3929,2021-04-04,EMR,9879,4717,5162,7525,2267,87,ITH,ITH5,8,Emilia-Romagna,Emilia-Romagna,4459477,958844,21.5,0.22
3930,2021-01-11,EMR,9347,3273,6074,9338,0,9,ITH,ITH5,8,Emilia-Romagna,Emilia-Romagna,4459477,968191,21.71,0.21
3931,2021-05-09,EMR,25613,12254,13359,18237,6968,408,ITH,ITH5,8,Emilia-Romagna,Emilia-Romagna,4459477,993804,22.29,0.57
3932,2021-01-29,EMR,10416,3496,6920,289,10126,1,ITH,ITH5,8,Emilia-Romagna,Emilia-Romagna,4459477,1004220,22.52,0.23
3933,2021-02-15,EMR,2904,851,2053,2712,125,67,ITH,ITH5,8,Emilia-Romagna,Emilia-Romagna,4459477,1007124,22.58,0.07
3934,2021-01-27,EMR,8362,2948,5414,462,7900,0,ITH,ITH5,8,Emilia-Romagna,Emilia-Romagna,4459477,1015486,22.77,0.19
3935,2021-03-09,EMR,14758,6020,8738,10710,3953,95,ITH,ITH5,8,Emilia-Romagna,Emilia-Romagna,4459477,1030244,23.1,0.33
3936,2021-05-05,EMR,30120,13995,16125,18283,11267,570,ITH,ITH5,8,Emilia-Romagna,Emilia-Romagna,4459477,1060364,23.78,0.68
3937,2021-05-23,EMR,25488,11861,13627,13580,11596,312,ITH,ITH5,8,Emilia-Romagna,Emilia-Romagna,4459477,1085852,24.35,0.57
3938,2021-07-19,EMR,41811,22027,19784,6975,34607,229,ITH,ITH5,8,Emilia-Romagna,Emilia-Romagna,4459477,1127663,25.29,0.94
3939,2021-05-19,EMR,33743,14970,18773,18031,15192,520,ITH,ITH5,8,Emilia-Romagna,Emilia-Romagna,4459477,1161406,26.04,0.76
3940,2021-06-02,EMR,24103,12065,12038,18940,4972,191,ITH,ITH5,8,Emilia-Romagna,Emilia-Romagna,4459477,1185509,26.58,0.54
3941,2021-03-13,EMR,16137,6361,9776,10589,5313,235,ITH,ITH5,8,Emilia-Romagna,Emilia-Romagna,4459477,1201646,26.95,0.36
3942,2021-07-05,EMR,33175,16181,16994,11520,21334,321,ITH,ITH5,8,Emilia-Romagna,Emilia-Romagna,4459477,1234821,27.69,0.74
3943,2021-01-10,EMR,7171,2684,4487,7170,0,1,ITH,ITH5,8,Emilia-Romagna,Emilia-Romagna,4459477,1241992,27.85,0.16
3944,2021-06-16,EMR,45728,23370,22358,25442,19928,358,ITH,ITH5,8,Emilia-Romagna,Emilia-Romagna,4459477,1287720,28.88,1.03
3945,2021-03-08,EMR,12191,5092,7099,9465,2647,79,ITH,ITH5,8,Emilia-Romagna,Emilia-Romagna,4459477,1299911,29.15,0.27
3946,2021-04-20,EMR,22625,10406,12219,13884,8354,387,ITH,ITH5,8,Emilia-Romagna,Emilia-Romagna,4459477,1322536,29.66,0.51
3947,2021-06-23,EMR,37750,18886,18864,18639,18832,279,ITH,ITH5,8,Emilia-Romagna,Emilia-Romagna,4459477,1360286,30.5,0.85
3948,2021-02-27,EMR,10961,3998,6963,9192,1738,31,ITH,ITH5,8,Emilia-Romagna,Emilia-Romagna,4459477,1371247,30.75,0.25
3949,2021-04-25,EMR,22351,10240,12111,14398,7511,442,ITH,ITH5,8,Emilia-Romagna,Emilia-Romagna,4459477,1393598,31.25,0.5
3950,2021-04-27,EMR,32108,14865,17243,19223,12463,422,ITH,ITH5,8,Emilia-Romagna,Emilia-Romagna,4459477,1425706,31.97,0.72
3951,2021-01-23,EMR,2448,871,1577,440,2008,0,ITH,ITH5,8,Emilia-Romagna,Emilia-Romagna,4459477,1428154,32.03,0.05
3952,2021-05-07,EMR,35287,16964,18323,22743,11864,680,ITH,ITH5,8,Emilia-Romagna,Emilia-Romagna,4459477,1463441,32.82,0.79
3953,2021-07-03,EMR,32055,15899,16156,11782,19978,295,ITH,ITH5,8,Emilia-Romagna,Emilia-Romagna,4459477,1495496,33.54,0.72
3954,2021-06-04,EMR,45633,22981,22652,37173,8144,316,ITH,ITH5,8,Emilia-Romagna,Emilia-Romagna,4459477,1541129,34.56,1.02
3955,2021-01-20,EMR,1327,270,1057,1325,1,1,ITH,ITH5,8,Emilia-Romagna,Emilia-Romagna,4459477,1542456,34.59,0.03
3956,2021-06-30,EMR,34212,17267,16945,18232,15653,327,ITH,ITH5,8,Emilia-Romagna,Emilia-Romagna,4459477,1576668,35.36,0.77
3957,2021-07-17,EMR,43363,22872,20491,7466,35463,434,ITH,ITH5,8,Emilia-Romagna,Emilia-Romagna,4459477,1620031,36.33,0.97
3958,2021-06-11,EMR,45870,23818,22052,38818,6511,541,ITH,ITH5,8,Emilia-Romagna,Emilia-Romagna,4459477,1665901,37.36,1.03
3959,2021-06-28,EMR,40023,19633,20390,20019,19563,441,ITH,ITH5,8,Emilia-Romagna,Emilia-Romagna,4459477,1705924,38.25,0.9
3960,2021-03-20,EMR,16086,6830,9256,8956,6964,166,ITH,ITH5,8,Emilia-Romagna,Emilia-Romagna,4459477,1722010,38.61,0.36
3961,2021-04-06,EMR,24751,11174,13577,19720,4746,285,ITH,ITH5,8,Emilia-Romagna,Emilia-Romagna,4459477,1746761,39.17,0.56
3962,2020-12-27,EMR,972,373,599,972,0,0,ITH,ITH5,8,Emilia-Romagna,Emilia-Romagna,4459477,1747733,39.19,0.02
3963,2021-01-08,EMR,10868,3580,7288,10865,0,3,ITH,ITH5,8,Emilia-Romagna,Emilia-Romagna,4459477,1758601,39.44,0.24
3964,2021-03-06,EMR,20911,5941,14970,18050,2738,123,ITH,ITH5,8,Emilia-Romagna,Emilia-Romagna,4459477,1779512,39.9,0.47
3965,2021-05-20,EMR,40303,18321,21982,18403,21402,498,ITH,ITH5,8,Emilia-Romagna,Emilia-Romagna,4459477,1819815,40.81,0.9
3966,2021-05-06,EMR,35938,16607,19331,22163,13062,713,ITH,ITH5,8,Emilia-Romagna,Emilia-Romagna,4459477,1855753,41.61,0.81
3967,2021-01-26,EMR,8334,3000,5334,211,8122,1,ITH,ITH5,8,Emilia-Romagna,Emilia-Romagna,4459477,1864087,41.8,0.19
3968,2021-07-02,EMR,34696,17064,17632,12679,21685,332,ITH,ITH5,8,Emilia-Romagna,Emilia-Romagna,4459477,1898783,42.58,0.78
3969,2021-03-24,EMR,21221,9402,11819,13619,7383,219,ITH,ITH5,8,Emilia-Romagna,Emilia-Romagna,4459477,1920004,43.05,0.48
3970,2021-01-24,EMR,2444,886,1558,298,2146,0,ITH,ITH5,8,Emilia-Romagna,Emilia-Romagna,4459477,1922448,43.11,0.05
3971,2021-03-27,EMR,21660,9059,12601,14507,6908,245,ITH,ITH5,8,Emilia-Romagna,Emilia-Romagna,4459477,1944108,43.59,0.49
3972,2021-04-13,EMR,23717,11127,12590,19028,4343,346,ITH,ITH5,8,Emilia-Romagna,Emilia-Romagna,4459477,1967825,44.13,0.53
3973,2021-01-03,EMR,2763,943,1820,2763,0,0,ITH,ITH5,8,Emilia-Romagna,Emilia-Romagna,4459477,1970588,44.19,0.06
3974,2021-05-02,EMR,25580,11653,13927,13189,11991,400,ITH,ITH5,8,Emilia-Romagna,Emilia-Romagna,4459477,1996168,44.76,0.57
3975,2021-01-22,EMR,1829,477,1352,1086,741,2,ITH,ITH5,8,Emilia-Romagna,Emilia-Romagna,4459477,1997997,44.8,0.04
3976,2021-02-08,EMR,5231,1534,3697,2315,2913,3,ITH,ITH5,8,Emilia-Romagna,Emilia-Romagna,4459477,2003228,44.92,0.12
3977,2021-05-16,EMR,25858,12175,13683,18360,7121,377,ITH,ITH5,8,Emilia-Romagna,Emilia-Romagna,4459477,2029086,45.5,0.58
3978,2021-02-22,EMR,7482,3091,4391,7197,272,13,ITH,ITH5,8,Emilia-Romagna,Emilia-Romagna,4459477,2036568,45.67,0.17
3979,2021-06-25,EMR,42505,21520,20985,19803,22284,418,ITH,ITH5,8,Emilia-Romagna,Emilia-Romagna,4459477,2079073,46.62,0.95
3980,2021-03-17,EMR,13719,5692,8027,5814,7847,58,ITH,ITH5,8,Emilia-Romagna,Emilia-Romagna,4459477,2092792,46.93,0.31
3981,2021-05-13,EMR,35803,16503,19300,27263,7811,729,ITH,ITH5,8,Emilia-Romagna,Emilia-Romagna,4459477,2128595,47.73,0.8
3982,2021-03-15,EMR,13449,6249,7200,6849,6500,100,ITH,ITH5,8,Emilia-Romagna,Emilia-Romagna,4459477,2142044,48.03,0.3
3983,2021-06-26,EMR,37427,18967,18460,21519,15518,390,ITH,ITH5,8,Emilia-Romagna,Emilia-Romagna,4459477,2179471,48.87,0.84
3984,2021-07-10,EMR,41949,21360,20589,7073,34522,354,ITH,ITH5,8,Emilia-Romagna,Emilia-Romagna,4459477,2221420,49.81,0.94
3985,2021-06-13,EMR,28708,14969,13739,24142,4277,289,ITH,ITH5,8,Emilia-Romagna,Emilia-Romagna,4459477,2250128,50.46,0.64
3986,2021-03-05,EMR,17868,5843,12025,14293,3455,120,ITH,ITH5,8,Emilia-Romagna,Emilia-Romagna,4459477,2267996,50.86,0.4
3987,2021-03-22,EMR,17646,7813,9833,10616,6862,168,ITH,ITH5,8,Emilia-Romagna,Emilia-Romagna,4459477,2285642,51.25,0.4
3988,2021-05-28,EMR,41217,18943,22274,17270,23356,591,ITH,ITH5,8,Emilia-Romagna,Emilia-Romagna,4459477,2326859,52.18,0.92
3989,2021-04-22,EMR,29054,13453,15601,14615,14077,362,ITH,ITH5,8,Emilia-Romagna,Emilia-Romagna,4459477,2355913,52.83,0.65
3990,2021-01-12,EMR,9476,3124,6352,9466,0,10,ITH,ITH5,8,Emilia-Romagna,Emilia-Romagna,4459477,2365389,53.04,0.21
3991,2021-07-16,EMR,49643,26203,23440,7286,41946,411,ITH,ITH5,8,Emilia-Romagna,Emilia-Romagna,4459477,2415032,54.16,1.11
3992,2021-06-27,EMR,29542,14859,14683,16527,12721,294,ITH,ITH5,8,Emilia-Romagna,Emilia-Romagna,4459477,2444574,54.82,0.66
3993,2021-07-14,EMR,47815,24451,23364,5760,41699,356,ITH,ITH5,8,Emilia-Romagna,Emilia-Romagna,4459477,2492389,55.89,1.07
3994,2021-04-05,EMR,14847,6802,8045,11779,2892,176,ITH,ITH5,8,Emilia-Romagna,Emilia-Romagna,4459477,2507236,56.22,0.33
3995,2021-05-01,EMR,28409,12776,15633,15274,12779,356,ITH,ITH5,8,Emilia-Romagna,Emilia-Romagna,4459477,2535645,56.86,0.64
3996,2021-07-09,EMR,44744,22850,21894,5536,38920,288,ITH,ITH5,8,Emilia-Romagna,Emilia-Romagna,4459477,2580389,57.86,1.0
3997,2021-01-17,EMR,2890,887,2003,2643,246,1,ITH,ITH5,8,Emilia-Romagna,Emilia-Romagna,4459477,2583279,57.93,0.06
3998,2021-04-02,EMR,23395,10553,12842,18561,4481,353,ITH,ITH5,8,Emilia-Romagna,Emilia-Romagna,4459477,2606674,58.45,0.52
3999,2021-05-29,EMR,37858,16500,21358,16650,20691,517,ITH,ITH5,8,Emilia-Romagna,Emilia-Romagna,4459477,2644532,59.3,0.85
4000,2021-04-15,EMR,29351,13982,15369,19247,9674,430,ITH,ITH5,8,Emilia-Romagna,Emilia-Romagna,4459477,2673883,59.96,0.66
4001,2021-06-18,EMR,42510,21278,21232,16376,25865,269,ITH,ITH5,8,Emilia-Romagna,Emilia-Romagna,4459477,2716393,60.91,0.95
4002,2021-03-10,EMR,18803,7742,11061,12979,5645,179,ITH,ITH5,8,Emilia-Romagna,Emilia-Romagna,4459477,2735196,61.33,0.42
4003,2021-05-18,EMR,29125,13253,15872,18096,10543,486,ITH,ITH5,8,Emilia-Romagna,Emilia-Romagna,4459477,2764321,61.99,0.65
4004,2021-02-07,EMR,4785,1536,3249,1722,3061,2,ITH,ITH5,8,Emilia-Romagna,Emilia-Romagna,4459477,2769106,62.09,0.11
4005,2021-02-24,EMR,9353,3567,5786,8451,885,17,ITH,ITH5,8,Emilia-Romagna,Emilia-Romagna,4459477,2778459,62.3,0.21
4006,2021-01-05,EMR,9363,3171,6192,9359,0,4,ITH,ITH5,8,Emilia-Romagna,Emilia-Romagna,4459477,2787822,62.51,0.21
4007,2021-04-29,EMR,44960,21140,23820,26597,17553,810,ITH,ITH5,8,Emilia-Romagna,Emilia-Romagna,4459477,2832782,63.52,1.01
4008,2021-02-09,EMR,4154,1249,2905,2306,1847,1,ITH,ITH5,8,Emilia-Romagna,Emilia-Romagna,4459477,2836936,63.62,0.09
4009,2021-05-15,EMR,33270,14990,18280,22201,10424,645,ITH,ITH5,8,Emilia-Romagna,Emilia-Romagna,4459477,2870206,64.36,0.75
4010,2021-02-04,EMR,9920,3201,6719,1229,8690,1,ITH,ITH5,8,Emilia-Romagna,Emilia-Romagna,4459477,2880126,64.58,0.22
4011,2021-05-22,EMR,33067,14139,18928,16457,16150,460,ITH,ITH5,8,Emilia-Romagna,Emilia-Romagna,4459477,2913193,65.33,0.74
4012,2021-07-18,EMR,34403,17832,16571,8479,25694,230,ITH,ITH5,8,Emilia-Romagna,Emilia-Romagna,4459477,2947596,66.1,0.77
4013,2021-04-09,EMR,25731,11668,14063,19532,5700,499,ITH,ITH5,8,Emilia-Romagna,Emilia-Romagna,4459477,2973327,66.67,0.58
4014,2021-02-02,EMR,9474,3048,6426,515,8959,0,ITH,ITH5,8,Emilia-Romagna,Emilia-Romagna,4459477,2982801,66.89,0.21
4015,2021-03-03,EMR,15864,5253,10611,13327,2485,52,ITH,ITH5,8,Emilia-Romagna,Emilia-Romagna,4459477,2998665,67.24,0.36
4016,2021-05-25,EMR,25141,11210,13931,11297,13420,424,ITH,ITH5,8,Emilia-Romagna,Emilia-Romagna,4459477,3023806,67.81,0.56
4017,2021-02-14,EMR,1403,378,1025,1275,120,8,ITH,ITH5,8,Emilia-Romagna,Emilia-Romagna,4459477,3025209,67.84,0.03
4018,2021-04-24,EMR,28635,13243,15392,14059,14230,346,ITH,ITH5,8,Emilia-Romagna,Emilia-Romagna,4459477,3053844,68.48,0.64
4019,2021-05-11,EMR,35790,16796,18994,27792,7257,741,ITH,ITH5,8,Emilia-Romagna,Emilia-Romagna,4459477,3089634,69.28,0.8
4020,2021-01-31,EMR,7698,2763,4935,241,7457,0,ITH,ITH5,8,Emilia-Romagna,Emilia-Romagna,4459477,3097332,69.46,0.17
4021,2021-03-25,EMR,21482,9417,12065,14233,6990,259,ITH,ITH5,8,Emilia-Romagna,Emilia-Romagna,4459477,3118814,69.94,0.48
4022,2021-05-21,EMR,39295,17539,21756,21633,17051,611,ITH,ITH5,8,Emilia-Romagna,Emilia-Romagna,4459477,3158109,70.82,0.88
4023,2021-02-10,EMR,4023,1385,2638,2761,1256,6,ITH,ITH5,8,Emilia-Romagna,Emilia-Romagna,4459477,3162132,70.91,0.09
4024,2021-04-08,EMR,31215,14333,16882,25213,5304,698,ITH,ITH5,8,Emilia-Romagna,Emilia-Romagna,4459477,3193347,71.61,0.7
4025,2021-02-05,EMR,9290,2956,6334,1601,7683,6,ITH,ITH5,8,Emilia-Romagna,Emilia-Romagna,4459477,3202637,71.82,0.21
4026,2021-06-20,EMR,30716,15590,15126,15928,14653,135,ITH,ITH5,8,Emilia-Romagna,Emilia-Romagna,4459477,3233353,72.51,0.69
4027,2021-07-11,EMR,30303,15195,15108,2895,27278,130,ITH,ITH5,8,Emilia-Romagna,Emilia-Romagna,4459477,3263656,73.18,0.68
4028,2021-03-31,EMR,25267,11045,14222,19494,5453,320,ITH,ITH5,8,Emilia-Romagna,Emilia-Romagna,4459477,3288923,73.75,0.57
4029,2021-06-29,EMR,37621,18553,19068,18530,18770,321,ITH,ITH5,8,Emilia-Romagna,Emilia-Romagna,4459477,3326544,74.59,0.84
4030,2021-03-21,EMR,11956,5296,6660,7261,4605,90,ITH,ITH5,8,Emilia-Romagna,Emilia-Romagna,4459477,3338500,74.86,0.27
4031,2021-06-10,EMR,44966,23093,21873,39120,5357,489,ITH,ITH5,8,Emilia-Romagna,Emilia-Romagna,4459477,3383466,75.87,1.01
4032,2021-03-02,EMR,12659,4272,8387,10526,2077,56,ITH,ITH5,8,Emilia-Romagna,Emilia-Romagna,4459477,3396125,76.16,0.28
4033,2021-03-19,EMR,15925,6972,8953,7799,7969,157,ITH,ITH5,8,Emilia-Romagna,Emilia-Romagna,4459477,3412050,76.51,0.36
4034,2021-03-18,EMR,13677,5807,7870,5584,8002,91,ITH,ITH5,8,Emilia-Romagna,Emilia-Romagna,4459477,3425727,76.82,0.31
4035,2021-05-14,EMR,37281,17178,20103,26759,9625,897,ITH,ITH5,8,Emilia-Romagna,Emilia-Romagna,4459477,3463008,77.66,0.84
4036,2021-02-03,EMR,9340,2989,6351,964,8375,1,ITH,ITH5,8,Emilia-Romagna,Emilia-Romagna,4459477,3472348,77.86,0.21
4037,2021-04-01,EMR,23953,10772,13181,19064,4551,338,ITH,ITH5,8,Emilia-Romagna,Emilia-Romagna,4459477,3496301,78.4,0.54
4038,2021-02-17,EMR,6538,2764,3774,5754,772,12,ITH,ITH5,8,Emilia-Romagna,Emilia-Romagna,4459477,3502839,78.55,0.15
4039,2021-06-01,EMR,27154,13095,14059,17056,9909,189,ITH,ITH5,8,Emilia-Romagna,Emilia-Romagna,4459477,3529993,79.16,0.61
4040,2021-05-27,EMR,42260,18746,23514,13624,28204,432,ITH,ITH5,8,Emilia-Romagna,Emilia-Romagna,4459477,3572253,80.1,0.95
4041,2021-02-16,EMR,5772,2446,3326,5227,531,14,ITH,ITH5,8,Emilia-Romagna,Emilia-Romagna,4459477,3578025,80.23,0.13
4042,2021-05-10,EMR,33860,16140,17720,26035,7255,570,ITH,ITH5,8,Emilia-Romagna,Emilia-Romagna,4459477,3611885,80.99,0.76
4043,2021-04-14,EMR,27043,12844,14199,20512,6104,427,ITH,ITH5,8,Emilia-Romagna,Emilia-Romagna,4459477,3638928,81.6,0.61
4044,2021-01-21,EMR,2165,729,1436,819,1346,0,ITH,ITH5,8,Emilia-Romagna,Emilia-Romagna,4459477,3641093,81.65,0.05
4045,2021-01-19,EMR,2046,505,1541,2028,17,1,ITH,ITH5,8,Emilia-Romagna,Emilia-Romagna,4459477,3643139,81.69,0.05
4046,2021-07-07,EMR,37829,19109,18720,13921,23651,257,ITH,ITH5,8,Emilia-Romagna,Emilia-Romagna,4459477,3680968,82.54,0.85
4047,2021-03-29,EMR,21425,9614,11811,16535,4650,240,ITH,ITH5,8,Emilia-Romagna,Emilia-Romagna,4459477,3702393,83.02,0.48
4048,2021-02-21,EMR,4450,1708,2742,4000,440,10,ITH,ITH5,8,Emilia-Romagna,Emilia-Romagna,4459477,3706843,83.12,0.1
4049,2021-07-13,EMR,48292,24734,23558,6780,41150,362,ITH,ITH5,8,Emilia-Romagna,Emilia-Romagna,4459477,3755135,84.21,1.08
4050,2021-07-04,EMR,24240,12050,12190,10432,13595,213,ITH,ITH5,8,Emilia-Romagna,Emilia-Romagna,4459477,3779375,84.75,0.54
4051,2021-03-26,EMR,23705,10111,13594,16998,6437,270,ITH,ITH5,8,Emilia-Romagna,Emilia-Romagna,4459477,3803080,85.28,0.53
4052,2021-04-07,EMR,26118,11891,14227,19790,6013,315,ITH,ITH5,8,Emilia-Romagna,Emilia-Romagna,4459477,3829198,85.87,0.59
4053,2021-01-14,EMR,8129,2593,5536,8119,0,10,ITH,ITH5,8,Emilia-Romagna,Emilia-Romagna,4459477,3837327,86.05,0.18
4054,2021-04-12,EMR,19246,9007,10239,14446,4447,353,ITH,ITH5,8,Emilia-Romagna,Emilia-Romagna,4459477,3856573,86.48,0.43
4055,2021-06-08,EMR,44984,23024,21960,37174,7460,350,ITH,ITH5,8,Emilia-Romagna,Emilia-Romagna,4459477,3901557,87.49,1.01
4056,2021-04-21,EMR,23961,10964,12997,13855,9745,361,ITH,ITH5,8,Emilia-Romagna,Emilia-Romagna,4459477,3925518,88.03,0.54
4057,2021-05-08,EMR,32348,15097,17251,20382,11423,543,ITH,ITH5,8,Emilia-Romagna,Emilia-Romagna,4459477,3957866,88.75,0.73
4058,2021-01-28,EMR,10255,3339,6916,348,9907,0,ITH,ITH5,8,Emilia-Romagna,Emilia-Romagna,4459477,3968121,88.98,0.23
4059,2021-06-03,EMR,37893,18432,19461,30103,7531,259,ITH,ITH5,8,Emilia-Romagna,Emilia-Romagna,4459477,4006014,89.83,0.85
4060,2021-02-23,EMR,8216,3219,4997,7819,386,11,ITH,ITH5,8,Emilia-Romagna,Emilia-Romagna,4459477,4014230,90.02,0.18
4061,2021-03-12,EMR,18306,7701,10605,11305,6717,284,ITH,ITH5,8,Emilia-Romagna,Emilia-Romagna,4459477,4032536,90.43,0.41
4062,2021-01-02,EMR,2379,917,1462,2379,0,0,ITH,ITH5,8,Emilia-Romagna,Emilia-Romagna,4459477,4034915,90.48,0.05
4063,2021-06-05,EMR,44258,22362,21896,36972,6905,381,ITH,ITH5,8,Emilia-Romagna,Emilia-Romagna,4459477,4079173,91.47,0.99
4064,2021-06-22,EMR,36390,18122,18268,16532,19599,259,ITH,ITH5,8,Emilia-Romagna,Emilia-Romagna,4459477,4115563,92.29,0.82
4065,2021-07-21,EMR,41899,22320,19579,10607,30851,441,ITH,ITH5,8,Emilia-Romagna,Emilia-Romagna,4459477,4157462,93.23,0.94
4066,2021-04-19,EMR,20901,9796,11105,14335,6273,293,ITH,ITH5,8,Emilia-Romagna,Emilia-Romagna,4459477,4178363,93.7,0.47
4067,2021-01-09,EMR,9988,3452,6536,9984,0,4,ITH,ITH5,8,Emilia-Romagna,Emilia-Romagna,4459477,4188351,93.92,0.22
4068,2021-06-15,EMR,43679,22513,21166,28142,15037,500,ITH,ITH5,8,Emilia-Romagna,Emilia-Romagna,4459477,4232030,94.9,0.98
4069,2021-03-07,EMR,7840,2959,4881,6288,1520,32,ITH,ITH5,8,Emilia-Romagna,Emilia-Romagna,4459477,4239870,95.08,0.18
4070,2021-05-03,EMR,28717,13567,15150,17380,10880,457,ITH,ITH5,8,Emilia-Romagna,Emilia-Romagna,4459477,4268587,95.72,0.64
4071,2021-02-28,EMR,6819,2527,4292,4954,1846,19,ITH,ITH5,8,Emilia-Romagna,Emilia-Romagna,4459477,4275406,95.87,0.15
4072,2021-04-26,EMR,27908,12938,14970,18036,9323,549,ITH,ITH5,8,Emilia-Romagna,Emilia-Romagna,4459477,4303314,96.5,0.63
4073,2021-01-16,EMR,5628,1718,3910,5627,0,1,ITH,ITH5,8,Emilia-Romagna,Emilia-Romagna,4459477,4308942,96.62,0.13
4074,2021-07-06,EMR,36734,18462,18272,13287,23149,298,ITH,ITH5,8,Emilia-Romagna,Emilia-Romagna,4459477,4345676,97.45,0.82
4075,2021-05-17,EMR,32430,15403,17027,22367,9522,541,ITH,ITH5,8,Emilia-Romagna,Emilia-Romagna,4459477,4378106,98.18,0.73
4076,2021-03-14,EMR,8802,3839,4963,4941,3798,63,ITH,ITH5,8,Emilia-Romagna,Emilia-Romagna,4459477,4386908,98.37,0.2
4077,2021-07-12,EMR,43929,22255,21674,5601,38015,313,ITH,ITH5,8,Emilia-Romagna,Emilia-Romagna,4459477,4430837,99.36,0.99
4078,2021-02-12,EMR,5314,1673,3641,3887,1403,24,ITH,ITH5,8,Emilia-Romagna,Emilia-Romagna,4459477,4436151,99.48,0.12
4079,2021-04-10,EMR,20922,9301,11621,16447,4143,332,ITH,ITH5,8,Emilia-Romagna,Emilia-Romagna,4459477,4457073,99.95,0.47
4080,2021-04-17,EMR,27303,13076,14227,17573,9345,385,ITH,ITH5,8,Emilia-Romagna,Emilia-Romagna,4459477,4484376,100.56,0.61
4081,2021-01-07,EMR,10275,3406,6869,10271,0,4,ITH,ITH5,8,Emilia-Romagna,Emilia-Romagna,4459477,4494651,100.79,0.23
4082,2021-04-03,EMR,19938,8766,11172,15953,3740,245,ITH,ITH5,8,Emilia-Romagna,Emilia-Romagna,4459477,4514589,101.24,0.45
4083,2021-05-30,EMR,27079,12793,14286,12977,13696,406,ITH,ITH5,8,Emilia-Romagna,Emilia-Romagna,4459477,4541668,101.84,0.61
4084,2021-02-19,EMR,7327,3010,4317,6800,514,13,ITH,ITH5,8,Emilia-Romagna,Emilia-Romagna,4459477,4548995,102.01,0.16
4085,2020-12-31,EMR,2215,780,1435,2214,0,1,ITH,ITH5,8,Emilia-Romagna,Emilia-Romagna,4459477,4551210,102.06,0.05
4086,2021-06-06,EMR,36569,18985,17584,31997,4407,165,ITH,ITH5,8,Emilia-Romagna,Emilia-Romagna,4459477,4587779,102.88,0.82
4087,2021-02-26,EMR,9635,3673,5962,8567,1048,20,ITH,ITH5,8,Emilia-Romagna,Emilia-Romagna,4459477,4597414,103.09,0.22
4088,2021-04-28,EMR,33728,15595,18133,20258,12891,579,ITH,ITH5,8,Emilia-Romagna,Emilia-Romagna,4459477,4631142,103.85,0.76
4089,2021-06-24,EMR,40324,20177,20147,20415,19549,360,ITH,ITH5,8,Emilia-Romagna,Emilia-Romagna,4459477,4671466,104.75,0.9
4090,2021-06-17,EMR,46420,23463,22957,21892,24189,339,ITH,ITH5,8,Emilia-Romagna,Emilia-Romagna,4459477,4717886,105.79,1.04
4091,2021-04-23,VEN,31265,13845,17420,21404,8707,1154,ITH,ITH3,5,Veneto,Veneto,4905854,31265,0.64,0.64
4092,2021-02-16,VEN,6644,2870,3774,6438,176,30,ITH,ITH3,5,Veneto,Veneto,4905854,37909,0.77,0.14
4093,2021-07-13,VEN,43430,22531,20899,5374,37741,315,ITH,ITH3,5,Veneto,Veneto,4905854,81339,1.66,0.89
4094,2021-04-04,VEN,7783,3531,4252,6511,1148,124,ITH,ITH3,5,Veneto,Veneto,4905854,89122,1.82,0.16
4095,2021-05-24,VEN,33040,16412,16628,7627,25008,405,ITH,ITH3,5,Veneto,Veneto,4905854,122162,2.49,0.67
4096,2021-07-18,VEN,37699,19749,17950,3839,33610,250,ITH,ITH3,5,Veneto,Veneto,4905854,159861,3.26,0.77
4097,2021-02-25,VEN,7898,3339,4559,7156,605,137,ITH,ITH3,5,Veneto,Veneto,4905854,167759,3.42,0.16
4098,2021-04-09,VEN,31197,13765,17432,21912,8345,940,ITH,ITH3,5,Veneto,Veneto,4905854,198956,4.06,0.64
4099,2021-06-05,VEN,46815,24110,22705,37317,8053,1445,ITH,ITH3,5,Veneto,Veneto,4905854,245771,5.01,0.95
4100,2021-05-17,VEN,26506,12981,13525,15654,10025,827,ITH,ITH3,5,Veneto,Veneto,4905854,272277,5.55,0.54
4101,2021-02-06,VEN,4095,1354,2741,709,3386,0,ITH,ITH3,5,Veneto,Veneto,4905854,276372,5.63,0.08
4102,2021-02-23,VEN,7383,3253,4130,7029,270,84,ITH,ITH3,5,Veneto,Veneto,4905854,283755,5.78,0.15
4103,2021-06-17,VEN,51648,25886,25762,25511,24989,1148,ITH,ITH3,5,Veneto,Veneto,4905854,335403,6.84,1.05
4104,2021-03-09,VEN,16543,7446,9097,9824,6323,396,ITH,ITH3,5,Veneto,Veneto,4905854,351946,7.17,0.34
4105,2021-05-31,VEN,31630,16235,15395,20885,9923,822,ITH,ITH3,5,Veneto,Veneto,4905854,383576,7.82,0.64
4106,2021-03-26,VEN,29597,13150,16447,23278,5462,857,ITH,ITH3,5,Veneto,Veneto,4905854,413173,8.42,0.6
4107,2021-03-28,VEN,31302,13604,17698,26880,3612,810,ITH,ITH3,5,Veneto,Veneto,4905854,444475,9.06,0.64
4108,2021-06-19,VEN,49263,25065,24198,25611,22564,1088,ITH,ITH3,5,Veneto,Veneto,4905854,493738,10.06,1.0
4109,2021-05-05,VEN,44367,21256,23111,36163,6568,1636,ITH,ITH3,5,Veneto,Veneto,4905854,538105,10.97,0.9
4110,2021-07-01,VEN,50737,25910,24827,20577,29129,1031,ITH,ITH3,5,Veneto,Veneto,4905854,588842,12.0,1.03
4111,2021-05-12,VEN,36918,17874,19044,30180,5123,1615,ITH,ITH3,5,Veneto,Veneto,4905854,625760,12.76,0.75
4112,2021-01-11,VEN,7242,2102,5140,7241,0,1,ITH,ITH3,5,Veneto,Veneto,4905854,633002,12.9,0.15
4113,2021-04-21,VEN,32371,13191,19180,15542,16057,772,ITH,ITH3,5,Veneto,Veneto,4905854,665373,13.56,0.66
4114,2021-05-22,VEN,34780,16679,18101,12702,21409,669,ITH,ITH3,5,Veneto,Veneto,4905854,700153,14.27,0.71
4115,2021-02-11,VEN,4012,1238,2774,3345,628,39,ITH,ITH3,5,Veneto,Veneto,4905854,704165,14.35,0.08
4116,2021-01-28,VEN,9212,2664,6548,168,9042,2,ITH,ITH3,5,Veneto,Veneto,4905854,713377,14.54,0.19
4117,2021-05-29,VEN,33014,16679,16335,24233,7666,1115,ITH,ITH3,5,Veneto,Veneto,4905854,746391,15.21,0.67
4118,2021-02-18,VEN,5828,2455,3373,5725,64,39,ITH,ITH3,5,Veneto,Veneto,4905854,752219,15.33,0.12
4119,2021-04-16,VEN,24451,10493,13958,11889,11885,677,ITH,ITH3,5,Veneto,Veneto,4905854,776670,15.83,0.5
4120,2021-04-18,VEN,17514,7253,10261,9499,7565,450,ITH,ITH3,5,Veneto,Veneto,4905854,794184,16.19,0.36
4121,2021-06-12,VEN,48647,24481,24166,36401,10786,1460,ITH,ITH3,5,Veneto,Veneto,4905854,842831,17.18,0.99
4122,2021-05-02,VEN,37239,17264,19975,25612,10331,1296,ITH,ITH3,5,Veneto,Veneto,4905854,880070,17.94,0.76
4123,2021-06-14,VEN,42606,21546,21060,26299,15305,1002,ITH,ITH3,5,Veneto,Veneto,4905854,922676,18.81,0.87
4124,2021-01-09,VEN,7929,2539,5390,7923,0,6,ITH,ITH3,5,Veneto,Veneto,4905854,930605,18.97,0.16
4125,2021-03-18,VEN,12612,5139,7473,7031,5229,352,ITH,ITH3,5,Veneto,Veneto,4905854,943217,19.23,0.26
4126,2021-06-26,VEN,48035,24493,23542,13554,33975,506,ITH,ITH3,5,Veneto,Veneto,4905854,991252,20.21,0.98
4127,2021-04-28,VEN,32421,15181,17240,22224,9017,1180,ITH,ITH3,5,Veneto,Veneto,4905854,1023673,20.87,0.66
4128,2021-07-20,VEN,44109,23553,20556,6816,36783,510,ITH,ITH3,5,Veneto,Veneto,4905854,1067782,21.77,0.9
4129,2021-01-18,VEN,2763,776,1987,2559,199,5,ITH,ITH3,5,Veneto,Veneto,4905854,1070545,21.82,0.06
4130,2021-02-04,VEN,7390,2027,5363,550,6839,1,ITH,ITH3,5,Veneto,Veneto,4905854,1077935,21.97,0.15
4131,2021-04-30,VEN,50017,23489,26528,32950,15666,1401,ITH,ITH3,5,Veneto,Veneto,4905854,1127952,22.99,1.02
4132,2021-01-20,VEN,1038,368,670,386,652,0,ITH,ITH3,5,Veneto,Veneto,4905854,1128990,23.01,0.02
4133,2021-07-06,VEN,36038,18574,17464,13147,22239,652,ITH,ITH3,5,Veneto,Veneto,4905854,1165028,23.75,0.73
4134,2021-04-14,VEN,15923,6904,9019,8752,6630,541,ITH,ITH3,5,Veneto,Veneto,4905854,1180951,24.07,0.32
4135,2021-01-04,VEN,6737,2035,4702,6735,0,2,ITH,ITH3,5,Veneto,Veneto,4905854,1187688,24.21,0.14
4136,2021-05-14,VEN,46747,22231,24516,24292,20880,1575,ITH,ITH3,5,Veneto,Veneto,4905854,1234435,25.16,0.95
4137,2021-02-20,VEN,6425,2015,4410,6274,71,80,ITH,ITH3,5,Veneto,Veneto,4905854,1240860,25.29,0.13
4138,2021-07-08,VEN,46496,24195,22301,4428,41765,303,ITH,ITH3,5,Veneto,Veneto,4905854,1287356,26.24,0.95
4139,2021-06-24,VEN,56023,28374,27649,17542,37779,702,ITH,ITH3,5,Veneto,Veneto,4905854,1343379,27.38,1.14
4140,2021-03-16,VEN,12529,5354,7175,6640,5622,267,ITH,ITH3,5,Veneto,Veneto,4905854,1355908,27.64,0.26
4141,2021-03-23,VEN,22216,10241,11975,16868,4713,635,ITH,ITH3,5,Veneto,Veneto,4905854,1378124,28.09,0.45
4142,2021-05-19,VEN,33072,15140,17932,16184,15956,932,ITH,ITH3,5,Veneto,Veneto,4905854,1411196,28.77,0.67
4143,2021-03-02,VEN,11493,4627,6866,7934,3312,247,ITH,ITH3,5,Veneto,Veneto,4905854,1422689,29.0,0.23
4144,2021-06-10,VEN,52275,26982,25293,41280,9304,1691,ITH,ITH3,5,Veneto,Veneto,4905854,1474964,30.07,1.07
4145,2021-04-02,VEN,24096,10620,13476,17127,6328,641,ITH,ITH3,5,Veneto,Veneto,4905854,1499060,30.56,0.49
4146,2021-06-09,VEN,42732,21927,20805,33769,7422,1541,ITH,ITH3,5,Veneto,Veneto,4905854,1541792,31.43,0.87
4147,2021-01-08,VEN,9407,2835,6572,9393,0,14,ITH,ITH3,5,Veneto,Veneto,4905854,1551199,31.62,0.19
4148,2021-01-13,VEN,5986,1606,4380,5983,0,3,ITH,ITH3,5,Veneto,Veneto,4905854,1557185,31.74,0.12
4149,2021-04-25,VEN,18335,8157,10178,12903,4834,598,ITH,ITH3,5,Veneto,Veneto,4905854,1575520,32.12,0.37
4150,2021-06-21,VEN,44293,22168,22125,20413,22947,933,ITH,ITH3,5,Veneto,Veneto,4905854,1619813,33.02,0.9
4151,2021-03-06,VEN,10667,4356,6311,7218,3262,187,ITH,ITH3,5,Veneto,Veneto,4905854,1630480,33.24,0.22
4152,2020-12-30,VEN,699,245,454,699,0,0,ITH,ITH3,5,Veneto,Veneto,4905854,1631179,33.25,0.01
4153,2021-06-07,VEN,44677,23308,21369,36188,7015,1474,ITH,ITH3,5,Veneto,Veneto,4905854,1675856,34.16,0.91
4154,2021-02-27,VEN,8991,2692,6299,7963,847,181,ITH,ITH3,5,Veneto,Veneto,4905854,1684847,34.34,0.18
4155,2021-01-23,VEN,4051,1246,2805,31,4020,0,ITH,ITH3,5,Veneto,Veneto,4905854,1688898,34.43,0.08
4156,2021-06-29,VEN,45506,22702,22804,19006,25789,711,ITH,ITH3,5,Veneto,Veneto,4905854,1734404,35.35,0.93
4157,2021-03-21,VEN,11983,4754,7229,8279,3464,240,ITH,ITH3,5,Veneto,Veneto,4905854,1746387,35.6,0.24
4158,2021-01-16,VEN,4611,1542,3069,4611,0,0,ITH,ITH3,5,Veneto,Veneto,4905854,1750998,35.69,0.09
4159,2021-03-14,VEN,15176,5942,9234,13845,894,437,ITH,ITH3,5,Veneto,Veneto,4905854,1766174,36.0,0.31
4160,2021-05-07,VEN,48580,23279,25301,37558,8668,2354,ITH,ITH3,5,Veneto,Veneto,4905854,1814754,36.99,0.99
4161,2021-01-27,VEN,7141,2064,5077,240,6900,1,ITH,ITH3,5,Veneto,Veneto,4905854,1821895,37.14,0.15
4162,2021-02-13,VEN,3266,1473,1793,3230,20,16,ITH,ITH3,5,Veneto,Veneto,4905854,1825161,37.2,0.07
4163,2021-07-03,VEN,38678,20106,18572,11013,27080,585,ITH,ITH3,5,Veneto,Veneto,4905854,1863839,37.99,0.79
4164,2021-06-16,VEN,47712,23535,24177,25268,21366,1078,ITH,ITH3,5,Veneto,Veneto,4905854,1911551,38.96,0.97
4165,2021-01-01,VEN,1528,471,1057,1527,0,1,ITH,ITH3,5,Veneto,Veneto,4905854,1913079,39.0,0.03
4166,2021-03-25,VEN,25960,11057,14903,18965,6100,895,ITH,ITH3,5,Veneto,Veneto,4905854,1939039,39.53,0.53
4167,2021-04-11,VEN,21004,8871,12133,14224,6293,487,ITH,ITH3,5,Veneto,Veneto,4905854,1960043,39.95,0.43
4168,2021-06-02,VEN,20304,10234,10070,15351,4340,613,ITH,ITH3,5,Veneto,Veneto,4905854,1980347,40.37,0.41
4169,2021-03-11,VEN,19829,8889,10940,13794,5571,464,ITH,ITH3,5,Veneto,Veneto,4905854,2000176,40.77,0.4
4170,2021-01-06,VEN,8136,2388,5748,8133,0,3,ITH,ITH3,5,Veneto,Veneto,4905854,2008312,40.94,0.17
4171,2021-06-23,VEN,49203,24378,24825,14548,33823,832,ITH,ITH3,5,Veneto,Veneto,4905854,2057515,41.94,1.0
4172,2021-03-15,VEN,16670,7328,9342,10959,5209,502,ITH,ITH3,5,Veneto,Veneto,4905854,2074185,42.28,0.34
4173,2021-03-04,VEN,12982,4885,8097,9120,3473,389,ITH,ITH3,5,Veneto,Veneto,4905854,2087167,42.54,0.26
4174,2021-07-07,VEN,40780,21218,19562,15572,24401,807,ITH,ITH3,5,Veneto,Veneto,4905854,2127947,43.38,0.83
4175,2021-05-11,VEN,33164,16499,16665,27126,4722,1316,ITH,ITH3,5,Veneto,Veneto,4905854,2161111,44.05,0.68
4176,2021-01-22,VEN,1080,332,748,25,1055,0,ITH,ITH3,5,Veneto,Veneto,4905854,2162191,44.07,0.02
4177,2021-06-28,VEN,47568,24071,23497,18354,28491,723,ITH,ITH3,5,Veneto,Veneto,4905854,2209759,45.04,0.97
4178,2021-01-25,VEN,6470,2077,4393,159,6311,0,ITH,ITH3,5,Veneto,Veneto,4905854,2216229,45.18,0.13
4179,2021-07-15,VEN,51021,26719,24302,5932,44719,370,ITH,ITH3,5,Veneto,Veneto,4905854,2267250,46.22,1.04
4180,2021-04-20,VEN,22438,9499,12939,7869,14000,569,ITH,ITH3,5,Veneto,Veneto,4905854,2289688,46.67,0.46
4181,2021-05-09,VEN,35073,16138,18935,23771,10055,1247,ITH,ITH3,5,Veneto,Veneto,4905854,2324761,47.39,0.71
4182,2021-05-18,VEN,27003,12541,14462,12638,13602,763,ITH,ITH3,5,Veneto,Veneto,4905854,2351764,47.94,0.55
4183,2021-06-30,VEN,45659,23021,22638,17775,27112,772,ITH,ITH3,5,Veneto,Veneto,4905854,2397423,48.87,0.93
4184,2021-03-22,VEN,18146,8178,9968,12583,5046,517,ITH,ITH3,5,Veneto,Veneto,4905854,2415569,49.24,0.37
4185,2021-03-13,VEN,17232,7306,9926,13730,3131,371,ITH,ITH3,5,Veneto,Veneto,4905854,2432801,49.59,0.35
4186,2021-01-15,VEN,5876,1821,4055,5870,0,6,ITH,ITH3,5,Veneto,Veneto,4905854,2438677,49.71,0.12
4187,2021-05-20,VEN,44792,21238,23554,19348,24342,1102,ITH,ITH3,5,Veneto,Veneto,4905854,2483469,50.62,0.91
4188,2021-02-09,VEN,5248,1891,3357,3432,1803,13,ITH,ITH3,5,Veneto,Veneto,4905854,2488717,50.73,0.11
4189,2021-05-10,VEN,36500,17078,19422,25418,9847,1235,ITH,ITH3,5,Veneto,Veneto,4905854,2525217,51.47,0.74
4190,2021-01-30,VEN,8747,2672,6075,692,8055,0,ITH,ITH3,5,Veneto,Veneto,4905854,2533964,51.65,0.18
4191,2021-03-07,VEN,4493,1768,2725,3863,561,69,ITH,ITH3,5,Veneto,Veneto,4905854,2538457,51.74,0.09
4192,2021-05-03,VEN,40698,19803,20895,32789,6444,1465,ITH,ITH3,5,Veneto,Veneto,4905854,2579155,52.57,0.83
4193,2021-07-22,VEN,46939,24348,22591,12883,33458,598,ITH,ITH3,5,Veneto,Veneto,4905854,2626094,53.53,0.96
4194,2021-04-13,VEN,14029,6325,7704,8052,5478,499,ITH,ITH3,5,Veneto,Veneto,4905854,2640123,53.82,0.29
4195,2021-07-05,VEN,39077,20262,18815,14092,24171,814,ITH,ITH3,5,Veneto,Veneto,4905854,2679200,54.61,0.8
4196,2021-01-03,VEN,5157,1562,3595,5157,0,0,ITH,ITH3,5,Veneto,Veneto,4905854,2684357,54.72,0.11
4197,2021-04-27,VEN,28185,12782,15403,20117,6911,1157,ITH,ITH3,5,Veneto,Veneto,4905854,2712542,55.29,0.57
4198,2021-01-17,VEN,1933,781,1152,1584,349,0,ITH,ITH3,5,Veneto,Veneto,4905854,2714475,55.33,0.04
4199,2021-02-03,VEN,5948,1669,4279,476,5468,4,ITH,ITH3,5,Veneto,Veneto,4905854,2720423,55.45,0.12
4200,2021-04-29,VEN,50283,23391,26892,35383,13171,1729,ITH,ITH3,5,Veneto,Veneto,4905854,2770706,56.48,1.02
4201,2021-07-21,VEN,42634,22021,20613,8579,33574,481,ITH,ITH3,5,Veneto,Veneto,4905854,2813340,57.35,0.87
4202,2021-02-05,VEN,8379,2536,5843,1409,6961,9,ITH,ITH3,5,Veneto,Veneto,4905854,2821719,57.52,0.17
4203,2021-02-22,VEN,7014,3041,3973,6580,387,47,ITH,ITH3,5,Veneto,Veneto,4905854,2828733,57.66,0.14
4204,2021-05-16,VEN,28416,14010,14406,20309,7080,1027,ITH,ITH3,5,Veneto,Veneto,4905854,2857149,58.24,0.58
4205,2021-05-26,VEN,31121,15213,15908,13969,16476,676,ITH,ITH3,5,Veneto,Veneto,4905854,2888270,58.87,0.63
4206,2021-03-01,VEN,9394,3716,5678,7409,1822,163,ITH,ITH3,5,Veneto,Veneto,4905854,2897664,59.07,0.19
4207,2021-07-12,VEN,43202,22763,20439,3986,38887,329,ITH,ITH3,5,Veneto,Veneto,4905854,2940866,59.95,0.88
4208,2021-04-03,VEN,21961,9631,12330,13847,7710,404,ITH,ITH3,5,Veneto,Veneto,4905854,2962827,60.39,0.45
4209,2021-05-04,VEN,42992,20359,22633,33306,8034,1652,ITH,ITH3,5,Veneto,Veneto,4905854,3005819,61.27,0.88
4210,2021-01-24,VEN,4117,1219,2898,28,4089,0,ITH,ITH3,5,Veneto,Veneto,4905854,3009936,61.35,0.08
4211,2021-04-07,VEN,36016,16188,19828,27571,7337,1108,ITH,ITH3,5,Veneto,Veneto,4905854,3045952,62.09,0.73
4212,2021-07-16,VEN,44538,23966,20572,6886,37181,471,ITH,ITH3,5,Veneto,Veneto,4905854,3090490,63.0,0.91
4213,2021-01-31,VEN,4771,1565,3206,391,4380,0,ITH,ITH3,5,Veneto,Veneto,4905854,3095261,63.09,0.1
4214,2021-03-03,VEN,12098,4647,7451,8387,3500,211,ITH,ITH3,5,Veneto,Veneto,4905854,3107359,63.34,0.25
4215,2021-06-11,VEN,47287,24594,22693,34700,11167,1420,ITH,ITH3,5,Veneto,Veneto,4905854,3154646,64.3,0.96
4216,2021-06-25,VEN,51631,26126,25505,14999,35981,651,ITH,ITH3,5,Veneto,Veneto,4905854,3206277,65.36,1.05
4217,2021-05-27,VEN,46568,22884,23684,22330,23201,1037,ITH,ITH3,5,Veneto,Veneto,4905854,3252845,66.31,0.95
4218,2021-02-07,VEN,2316,863,1453,714,1601,1,ITH,ITH3,5,Veneto,Veneto,4905854,3255161,66.35,0.05
4219,2021-03-08,VEN,13631,6271,7360,9300,4069,262,ITH,ITH3,5,Veneto,Veneto,4905854,3268792,66.63,0.28
4220,2021-06-18,VEN,53571,26740,26831,23933,28562,1076,ITH,ITH3,5,Veneto,Veneto,4905854,3322363,67.72,1.09
4221,2021-03-27,VEN,32071,14013,18058,25368,5798,905,ITH,ITH3,5,Veneto,Veneto,4905854,3354434,68.38,0.65
4222,2021-06-03,VEN,54463,28003,26460,40855,11969,1639,ITH,ITH3,5,Veneto,Veneto,4905854,3408897,69.49,1.11
4223,2020-12-31,VEN,3219,1042,2177,3219,0,0,ITH,ITH3,5,Veneto,Veneto,4905854,3412116,69.55,0.07
4224,2021-07-04,VEN,33866,17573,16293,14969,18278,619,ITH,ITH3,5,Veneto,Veneto,4905854,3445982,70.24,0.69
4225,2021-05-28,VEN,46747,22888,23859,23668,21883,1196,ITH,ITH3,5,Veneto,Veneto,4905854,3492729,71.2,0.95
4226,2021-07-10,VEN,43100,23179,19921,6285,36453,362,ITH,ITH3,5,Veneto,Veneto,4905854,3535829,72.07,0.88
4227,2021-07-17,VEN,40298,21314,18984,4260,35700,338,ITH,ITH3,5,Veneto,Veneto,4905854,3576127,72.9,0.82
4228,2021-05-21,VEN,44791,22031,22760,19918,23769,1104,ITH,ITH3,5,Veneto,Veneto,4905854,3620918,73.81,0.91
4229,2021-03-20,VEN,13023,5388,7635,10650,2082,291,ITH,ITH3,5,Veneto,Veneto,4905854,3633941,74.07,0.27
4230,2021-01-10,VEN,5035,1673,3362,5034,0,1,ITH,ITH3,5,Veneto,Veneto,4905854,3638976,74.18,0.1
4231,2021-05-23,VEN,34488,16466,18022,10618,23401,469,ITH,ITH3,5,Veneto,Veneto,4905854,3673464,74.88,0.7
4232,2021-02-12,VEN,4314,1447,2867,3671,572,71,ITH,ITH3,5,Veneto,Veneto,4905854,3677778,74.97,0.09
4233,2021-07-02,VEN,49414,25076,24338,16193,32415,806,ITH,ITH3,5,Veneto,Veneto,4905854,3727192,75.97,1.01
4234,2021-03-24,VEN,22113,9574,12539,14662,6803,648,ITH,ITH3,5,Veneto,Veneto,4905854,3749305,76.43,0.45
4235,2021-03-29,VEN,31451,13695,17756,26637,3820,994,ITH,ITH3,5,Veneto,Veneto,4905854,3780756,77.07,0.64
4236,2021-05-13,VEN,44267,21844,22423,32555,9882,1830,ITH,ITH3,5,Veneto,Veneto,4905854,3825023,77.97,0.9
4237,2021-02-02,VEN,6512,1881,4631,396,6116,0,ITH,ITH3,5,Veneto,Veneto,4905854,3831535,78.1,0.13
4238,2021-07-09,VEN,44979,23733,21246,4083,40605,291,ITH,ITH3,5,Veneto,Veneto,4905854,3876514,79.02,0.92
4239,2021-03-31,VEN,38856,16411,22445,30316,7500,1040,ITH,ITH3,5,Veneto,Veneto,4905854,3915370,79.81,0.79
4240,2021-04-12,VEN,14909,6339,8570,6393,8216,300,ITH,ITH3,5,Veneto,Veneto,4905854,3930279,80.11,0.3
4241,2021-01-02,VEN,5744,1767,3977,5743,0,1,ITH,ITH3,5,Veneto,Veneto,4905854,3936023,80.23,0.12
4242,2021-01-19,VEN,1310,473,837,1159,150,1,ITH,ITH3,5,Veneto,Veneto,4905854,3937333,80.26,0.03
4243,2021-02-17,VEN,6022,2772,3250,5900,94,28,ITH,ITH3,5,Veneto,Veneto,4905854,3943355,80.38,0.12
4244,2021-04-01,VEN,25347,11168,14179,18160,6412,775,ITH,ITH3,5,Veneto,Veneto,4905854,3968702,80.9,0.52
4245,2021-04-15,VEN,20914,8637,12277,9344,10824,746,ITH,ITH3,5,Veneto,Veneto,4905854,3989616,81.32,0.43
4246,2021-06-20,VEN,41190,20057,21133,18891,21532,767,ITH,ITH3,5,Veneto,Veneto,4905854,4030806,82.16,0.84
4247,2021-02-19,VEN,7323,3140,4183,6993,204,126,ITH,ITH3,5,Veneto,Veneto,4905854,4038129,82.31,0.15
4248,2021-01-29,VEN,9023,2788,6235,366,8657,0,ITH,ITH3,5,Veneto,Veneto,4905854,4047152,82.5,0.18
4249,2021-05-08,VEN,41472,18760,22712,28209,11823,1440,ITH,ITH3,5,Veneto,Veneto,4905854,4088624,83.34,0.85
4250,2021-06-27,VEN,40233,20554,19679,15330,24303,600,ITH,ITH3,5,Veneto,Veneto,4905854,4128857,84.16,0.82
4251,2021-03-19,VEN,13793,5669,8124,7404,6097,292,ITH,ITH3,5,Veneto,Veneto,4905854,4142650,84.44,0.28
4252,2021-07-14,VEN,43411,22318,21093,5258,37761,392,ITH,ITH3,5,Veneto,Veneto,4905854,4186061,85.33,0.88
4253,2021-04-22,VEN,32035,13933,18102,15464,15750,821,ITH,ITH3,5,Veneto,Veneto,4905854,4218096,85.98,0.65
4254,2021-07-11,VEN,34221,17917,16304,3688,30275,258,ITH,ITH3,5,Veneto,Veneto,4905854,4252317,86.68,0.7
4255,2021-05-01,VEN,38855,18239,20616,28693,8935,1227,ITH,ITH3,5,Veneto,Veneto,4905854,4291172,87.47,0.79
4256,2021-01-05,VEN,7331,2184,5147,7329,0,2,ITH,ITH3,5,Veneto,Veneto,4905854,4298503,87.62,0.15
4257,2021-02-10,VEN,4754,1589,3165,3690,1055,9,ITH,ITH3,5,Veneto,Veneto,4905854,4303257,87.72,0.1
4258,2021-04-08,VEN,32373,14370,18003,23327,7876,1170,ITH,ITH3,5,Veneto,Veneto,4905854,4335630,88.38,0.66
4259,2021-06-04,VEN,49611,25822,23789,39808,8136,1667,ITH,ITH3,5,Veneto,Veneto,4905854,4385241,89.39,1.01
4260,2021-02-24,VEN,8616,3679,4937,7994,488,134,ITH,ITH3,5,Veneto,Veneto,4905854,4393857,89.56,0.18
4261,2021-02-21,VEN,4640,1212,3428,4516,5,119,ITH,ITH3,5,Veneto,Veneto,4905854,4398497,89.66,0.09
4262,2021-05-15,VEN,36230,17505,18725,24796,10005,1429,ITH,ITH3,5,Veneto,Veneto,4905854,4434727,90.4,0.74
4263,2021-06-01,VEN,26968,13557,13411,15782,10543,643,ITH,ITH3,5,Veneto,Veneto,4905854,4461695,90.95,0.55
4264,2021-03-10,VEN,19040,8727,10313,12963,5683,394,ITH,ITH3,5,Veneto,Veneto,4905854,4480735,91.33,0.39
4265,2021-06-08,VEN,43839,22666,21173,36189,6141,1509,ITH,ITH3,5,Veneto,Veneto,4905854,4524574,92.23,0.89
4266,2021-05-25,VEN,27796,13419,14377,11255,16043,498,ITH,ITH3,5,Veneto,Veneto,4905854,4552370,92.79,0.57
4267,2021-02-14,VEN,126,56,70,113,13,0,ITH,ITH3,5,Veneto,Veneto,4905854,4552496,92.8,0.0
4268,2021-02-28,VEN,4136,1389,2747,3225,837,74,ITH,ITH3,5,Veneto,Veneto,4905854,4556632,92.88,0.08
4269,2021-03-17,VEN,14645,5992,8653,7526,6796,323,ITH,ITH3,5,Veneto,Veneto,4905854,4571277,93.18,0.3
4270,2021-06-22,VEN,43698,21608,22090,18448,24369,881,ITH,ITH3,5,Veneto,Veneto,4905854,4614975,94.07,0.89
4271,2021-04-26,VEN,20722,9456,11266,14908,5137,677,ITH,ITH3,5,Veneto,Veneto,4905854,4635697,94.49,0.42
4272,2021-01-12,VEN,5231,1517,3714,5223,0,8,ITH,ITH3,5,Veneto,Veneto,4905854,4640928,94.6,0.11
4273,2021-04-19,VEN,21544,8923,12621,4709,16409,426,ITH,ITH3,5,Veneto,Veneto,4905854,4662472,95.04,0.44
4274,2021-04-05,VEN,19155,8371,10784,13419,5435,301,ITH,ITH3,5,Veneto,Veneto,4905854,4681627,95.43,0.39
4275,2021-01-26,VEN,6921,2091,4830,149,6772,0,ITH,ITH3,5,Veneto,Veneto,4905854,4688548,95.57,0.14
4276,2021-05-06,VEN,46990,22039,24951,36508,8474,2008,ITH,ITH3,5,Veneto,Veneto,4905854,4735538,96.53,0.96
4277,2021-06-15,VEN,47787,24270,23517,29119,17512,1156,ITH,ITH3,5,Veneto,Veneto,4905854,4783325,97.5,0.97
4278,2021-02-08,VEN,5004,1559,3445,1923,3075,6,ITH,ITH3,5,Veneto,Veneto,4905854,4788329,97.6,0.1
4279,2021-04-06,VEN,28963,13329,15634,23198,5042,723,ITH,ITH3,5,Veneto,Veneto,4905854,4817292,98.19,0.59
4280,2021-02-01,VEN,8563,2502,6061,159,8404,0,ITH,ITH3,5,Veneto,Veneto,4905854,4825855,98.37,0.17
4281,2021-02-15,VEN,4389,1824,2565,4140,240,9,ITH,ITH3,5,Veneto,Veneto,4905854,4830244,98.46,0.09
4282,2021-03-30,VEN,35965,15297,20668,29714,5244,1007,ITH,ITH3,5,Veneto,Veneto,4905854,4866209,99.19,0.73
4283,2021-04-10,VEN,27469,11978,15491,18378,8468,623,ITH,ITH3,5,Veneto,Veneto,4905854,4893678,99.75,0.56
4284,2021-06-06,VEN,37428,19161,18267,31485,4725,1218,ITH,ITH3,5,Veneto,Veneto,4905854,4931106,100.51,0.76
4285,2020-12-27,VEN,880,395,485,880,0,0,ITH,ITH3,5,Veneto,Veneto,4905854,4931986,100.53,0.02
4286,2021-05-30,VEN,22541,11265,11276,15204,6687,650,ITH,ITH3,5,Veneto,Veneto,4905854,4954527,100.99,0.46
4287,2021-07-19,VEN,44646,23513,21133,7901,36341,404,ITH,ITH3,5,Veneto,Veneto,4905854,4999173,101.9,0.91
4288,2021-02-26,VEN,8297,3273,5024,6943,1260,94,ITH,ITH3,5,Veneto,Veneto,4905854,5007470,102.07,0.17
4289,2021-04-24,VEN,24761,10828,13933,14961,9078,722,ITH,ITH3,5,Veneto,Veneto,4905854,5032231,102.58,0.5
4290,2021-01-14,VEN,7064,1925,5139,7044,0,20,ITH,ITH3,5,Veneto,Veneto,4905854,5039295,102.72,0.14
4291,2021-03-12,VEN,18658,8194,10464,11330,6748,580,ITH,ITH3,5,Veneto,Veneto,4905854,5057953,103.1,0.38
4292,2021-04-17,VEN,22430,9088,13342,14357,7274,799,ITH,ITH3,5,Veneto,Veneto,4905854,5080383,103.56,0.46
4293,2021-01-07,VEN,8360,2317,6043,8359,0,1,ITH,ITH3,5,Veneto,Veneto,4905854,5088743,103.73,0.17
4294,2021-06-13,VEN,37331,19250,18081,29309,6957,1065,ITH,ITH3,5,Veneto,Veneto,4905854,5126074,104.49,0.76
4295,2021-01-21,VEN,2293,719,1574,21,2272,0,ITH,ITH3,5,Veneto,Veneto,4905854,5128367,104.54,0.05
4296,2021-03-05,VEN,13336,5020,8316,9222,3670,444,ITH,ITH3,5,Veneto,Veneto,4905854,5141703,104.81,0.27
