,data,area,Vaccinazioni giornaliere,sesso_maschile,sesso_femminile,Operatori sanitari - sociosanitari,Personale non sanitario,categoria_altro,Ospiti RSA,categoria_over80,categoria_forze_armate,categoria_personale_scolastico,prima_dose,seconda_dose,codice_NUTS1,codice_NUTS2,codice_regione_ISTAT,nome_area,Regione,popolazione,Totale vaccinazioni,Totale vaccinazioni ogni cento ab,Vaccinazioni giornaliere ogni cento ab
0,2020-12-27,CAL,275,150,125,274,0,1,0,0,0,0,275,0,ITF,ITF6,18,Calabria,Calabria,1947131,275,0.01,0.01
1,2021-03-18,CAL,4240,1978,2262,359,49,1316,232,2195,44,45,2271,1969,ITF,ITF6,18,Calabria,Calabria,1947131,4515,0.23,0.22
2,2021-03-19,CAL,4185,1947,2238,486,5,1326,293,1965,8,102,1899,2286,ITF,ITF6,18,Calabria,Calabria,1947131,8700,0.45,0.21
3,2021-03-08,CAL,5313,2816,2497,707,25,1788,453,1514,823,3,4255,1058,ITF,ITF6,18,Calabria,Calabria,1947131,14013,0.72,0.27
4,2021-01-29,CAL,2048,984,1064,1752,4,243,49,0,0,0,234,1814,ITF,ITF6,18,Calabria,Calabria,1947131,16061,0.82,0.11
5,2021-03-12,CAL,5092,2438,2654,468,26,1300,217,1963,333,785,4049,1043,ITF,ITF6,18,Calabria,Calabria,1947131,21153,1.09,0.26
6,2021-03-29,CAL,1170,494,676,33,3,601,42,189,5,297,754,416,ITF,ITF6,18,Calabria,Calabria,1947131,22323,1.15,0.06
7,2021-03-09,CAL,5820,3031,2789,803,23,1916,419,1768,873,18,4843,977,ITF,ITF6,18,Calabria,Calabria,1947131,28143,1.45,0.3
8,2021-01-04,CAL,996,492,504,969,0,27,0,0,0,0,996,0,ITF,ITF6,18,Calabria,Calabria,1947131,29139,1.5,0.05
9,2021-03-02,CAL,4131,2390,1741,705,58,677,427,1390,872,2,3422,709,ITF,ITF6,18,Calabria,Calabria,1947131,33270,1.71,0.21
10,2021-02-02,CAL,2289,1112,1177,1863,4,347,75,0,0,0,177,2112,ITF,ITF6,18,Calabria,Calabria,1947131,35559,1.83,0.12
11,2021-01-27,CAL,1457,734,723,1226,2,206,23,0,0,0,396,1061,ITF,ITF6,18,Calabria,Calabria,1947131,37016,1.9,0.07
12,2021-02-08,CAL,1847,733,1114,1214,158,354,121,0,0,0,661,1186,ITF,ITF6,18,Calabria,Calabria,1947131,38863,2.0,0.09
13,2021-02-14,CAL,371,145,226,146,13,129,83,0,0,0,341,30,ITF,ITF6,18,Calabria,Calabria,1947131,39234,2.01,0.02
14,2021-01-08,CAL,2109,1014,1095,1898,0,211,0,0,0,0,2109,0,ITF,ITF6,18,Calabria,Calabria,1947131,41343,2.12,0.11
15,2021-03-27,CAL,6731,3069,3662,282,4,2559,144,3004,23,715,3162,3569,ITF,ITF6,18,Calabria,Calabria,1947131,48074,2.47,0.35
16,2021-03-15,CAL,3448,1652,1796,542,38,889,136,1093,163,587,2019,1429,ITF,ITF6,18,Calabria,Calabria,1947131,51522,2.65,0.18
17,2021-01-14,CAL,2557,1214,1343,1962,0,592,3,0,0,0,2557,0,ITF,ITF6,18,Calabria,Calabria,1947131,54079,2.78,0.13
18,2021-01-26,CAL,1805,861,944,1571,18,146,70,0,0,0,285,1520,ITF,ITF6,18,Calabria,Calabria,1947131,55884,2.87,0.09
19,2021-01-03,CAL,6,3,3,4,0,2,0,0,0,0,6,0,ITF,ITF6,18,Calabria,Calabria,1947131,55890,2.87,0.0
20,2021-01-18,CAL,1230,550,680,982,0,237,11,0,0,0,1040,190,ITF,ITF6,18,Calabria,Calabria,1947131,57120,2.93,0.06
21,2021-03-06,CAL,7945,4053,3892,701,69,1803,758,3795,813,6,7190,755,ITF,ITF6,18,Calabria,Calabria,1947131,65065,3.34,0.41
22,2021-01-28,CAL,2232,1107,1125,1920,1,311,0,0,0,0,84,2148,ITF,ITF6,18,Calabria,Calabria,1947131,67297,3.46,0.11
23,2021-03-17,CAL,3634,1621,2013,277,49,931,165,2093,26,93,1937,1697,ITF,ITF6,18,Calabria,Calabria,1947131,70931,3.64,0.19
24,2021-03-03,CAL,4866,2651,2215,631,110,1047,917,1368,789,4,3803,1063,ITF,ITF6,18,Calabria,Calabria,1947131,75797,3.89,0.25
25,2021-02-04,CAL,3391,1623,1768,2560,38,571,222,0,0,0,644,2747,ITF,ITF6,18,Calabria,Calabria,1947131,79188,4.07,0.17
26,2021-02-06,CAL,2909,1337,1572,2095,30,537,247,0,0,0,442,2467,ITF,ITF6,18,Calabria,Calabria,1947131,82097,4.22,0.15
27,2021-02-26,CAL,3079,1631,1448,539,57,631,407,1147,294,4,2611,468,ITF,ITF6,18,Calabria,Calabria,1947131,85176,4.37,0.16
28,2021-02-05,CAL,3795,1709,2086,2327,298,616,554,0,0,0,488,3307,ITF,ITF6,18,Calabria,Calabria,1947131,88971,4.57,0.19
29,2021-01-17,CAL,867,418,449,527,9,283,48,0,0,0,801,66,ITF,ITF6,18,Calabria,Calabria,1947131,89838,4.61,0.04
30,2021-02-27,CAL,3679,1913,1766,421,37,551,395,1971,302,2,3301,378,ITF,ITF6,18,Calabria,Calabria,1947131,93517,4.8,0.19
31,2021-01-20,CAL,1395,622,773,864,6,346,179,0,0,0,1394,1,ITF,ITF6,18,Calabria,Calabria,1947131,94912,4.87,0.07
32,2021-03-11,CAL,6875,3276,3599,934,25,2038,570,2379,329,600,5619,1256,ITF,ITF6,18,Calabria,Calabria,1947131,101787,5.23,0.35
33,2021-03-16,CAL,3769,1847,1922,459,5,1116,22,2079,58,30,2171,1598,ITF,ITF6,18,Calabria,Calabria,1947131,105556,5.42,0.19
34,2021-02-25,CAL,2821,1519,1302,736,49,587,234,863,348,4,2242,579,ITF,ITF6,18,Calabria,Calabria,1947131,108377,5.57,0.14
35,2021-02-22,CAL,1996,1013,983,727,48,495,166,552,3,5,1441,555,ITF,ITF6,18,Calabria,Calabria,1947131,110373,5.67,0.1
36,2021-03-22,CAL,4707,2202,2505,194,10,1197,147,1994,40,1125,3041,1666,ITF,ITF6,18,Calabria,Calabria,1947131,115080,5.91,0.24
37,2021-02-15,CAL,1137,538,599,499,26,386,159,66,0,1,989,148,ITF,ITF6,18,Calabria,Calabria,1947131,116217,5.97,0.06
38,2021-02-03,CAL,2763,1428,1335,2170,22,468,103,0,0,0,583,2180,ITF,ITF6,18,Calabria,Calabria,1947131,118980,6.11,0.14
39,2021-02-11,CAL,2341,1043,1298,1464,71,565,241,0,0,0,1081,1260,ITF,ITF6,18,Calabria,Calabria,1947131,121321,6.23,0.12
40,2021-02-21,CAL,608,286,322,36,28,136,47,331,30,0,531,77,ITF,ITF6,18,Calabria,Calabria,1947131,121929,6.26,0.03
41,2021-01-13,CAL,2028,1022,1006,1800,0,194,34,0,0,0,2028,0,ITF,ITF6,18,Calabria,Calabria,1947131,123957,6.37,0.1
42,2021-03-13,CAL,6655,2933,3722,425,44,1333,338,3765,65,685,5681,974,ITF,ITF6,18,Calabria,Calabria,1947131,130612,6.71,0.34
43,2021-02-07,CAL,859,428,431,566,15,197,81,0,0,0,147,712,ITF,ITF6,18,Calabria,Calabria,1947131,131471,6.75,0.04
44,2021-01-19,CAL,1109,488,621,853,8,172,76,0,0,0,1098,11,ITF,ITF6,18,Calabria,Calabria,1947131,132580,6.81,0.06
45,2021-01-23,CAL,400,186,214,325,1,51,23,0,0,0,358,42,ITF,ITF6,18,Calabria,Calabria,1947131,132980,6.83,0.02
46,2021-01-10,CAL,929,524,405,830,0,99,0,0,0,0,929,0,ITF,ITF6,18,Calabria,Calabria,1947131,133909,6.88,0.05
47,2021-01-30,CAL,2173,1147,1026,1974,0,199,0,0,0,0,358,1815,ITF,ITF6,18,Calabria,Calabria,1947131,136082,6.99,0.11
48,2021-01-12,CAL,2058,1017,1041,1706,0,323,29,0,0,0,2058,0,ITF,ITF6,18,Calabria,Calabria,1947131,138140,7.09,0.11
49,2021-02-16,CAL,1534,643,891,659,11,506,240,118,0,0,1255,279,ITF,ITF6,18,Calabria,Calabria,1947131,139674,7.17,0.08
50,2021-03-25,CAL,6926,3270,3656,291,34,2861,428,2157,57,1098,4433,2493,ITF,ITF6,18,Calabria,Calabria,1947131,146600,7.53,0.36
51,2021-02-10,CAL,2463,1074,1389,1469,66,571,357,0,0,0,839,1624,ITF,ITF6,18,Calabria,Calabria,1947131,149063,7.66,0.13
52,2021-03-21,CAL,3396,1404,1992,105,0,555,198,1791,23,724,1696,1700,ITF,ITF6,18,Calabria,Calabria,1947131,152459,7.83,0.17
53,2021-03-05,CAL,6145,3540,2605,695,33,1556,710,1854,1292,5,5570,575,ITF,ITF6,18,Calabria,Calabria,1947131,158604,8.15,0.32
54,2021-01-07,CAL,2180,1061,1119,1883,0,297,0,0,0,0,2180,0,ITF,ITF6,18,Calabria,Calabria,1947131,160784,8.26,0.11
55,2021-02-23,CAL,1549,728,821,437,33,348,206,522,2,1,1434,115,ITF,ITF6,18,Calabria,Calabria,1947131,162333,8.34,0.08
56,2021-02-28,CAL,2167,983,1184,113,8,144,190,1706,6,0,2016,151,ITF,ITF6,18,Calabria,Calabria,1947131,164500,8.45,0.11
57,2021-01-21,CAL,958,444,514,735,1,107,115,0,0,0,929,29,ITF,ITF6,18,Calabria,Calabria,1947131,165458,8.5,0.05
58,2021-03-14,CAL,2542,1018,1524,322,2,374,312,802,9,721,2142,400,ITF,ITF6,18,Calabria,Calabria,1947131,168000,8.63,0.13
59,2021-02-09,CAL,2147,904,1243,1422,220,274,231,0,0,0,948,1199,ITF,ITF6,18,Calabria,Calabria,1947131,170147,8.74,0.11
60,2021-01-09,CAL,1916,1036,880,1529,0,387,0,0,0,0,1916,0,ITF,ITF6,18,Calabria,Calabria,1947131,172063,8.84,0.1
61,2021-03-04,CAL,5384,3106,2278,646,105,1309,731,1540,1051,2,4588,796,ITF,ITF6,18,Calabria,Calabria,1947131,177447,9.11,0.28
62,2021-01-31,CAL,1108,554,554,765,1,284,58,0,0,0,155,953,ITF,ITF6,18,Calabria,Calabria,1947131,178555,9.17,0.06
63,2021-03-28,CAL,2316,1086,1230,116,20,1151,26,705,12,286,1195,1121,ITF,ITF6,18,Calabria,Calabria,1947131,180871,9.29,0.12
64,2021-02-12,CAL,1711,669,1042,815,42,718,136,0,0,0,943,768,ITF,ITF6,18,Calabria,Calabria,1947131,182582,9.38,0.09
65,2021-02-13,CAL,1331,583,748,731,18,470,111,1,0,0,968,363,ITF,ITF6,18,Calabria,Calabria,1947131,183913,9.45,0.07
66,2021-02-18,CAL,1800,803,997,586,55,454,299,345,0,61,1577,223,ITF,ITF6,18,Calabria,Calabria,1947131,185713,9.54,0.09
67,2021-01-25,CAL,1064,512,552,1021,0,43,0,0,0,0,156,908,ITF,ITF6,18,Calabria,Calabria,1947131,186777,9.59,0.05
68,2021-02-19,CAL,1461,652,809,544,21,320,195,380,1,0,1200,261,ITF,ITF6,18,Calabria,Calabria,1947131,188238,9.67,0.08
69,2021-03-10,CAL,6441,3278,3163,742,42,2309,586,2021,677,64,5250,1191,ITF,ITF6,18,Calabria,Calabria,1947131,194679,10.0,0.33
70,2021-01-11,CAL,2154,1040,1114,1759,0,392,3,0,0,0,2154,0,ITF,ITF6,18,Calabria,Calabria,1947131,196833,10.11,0.11
71,2021-01-06,CAL,926,500,426,822,0,104,0,0,0,0,926,0,ITF,ITF6,18,Calabria,Calabria,1947131,197759,10.16,0.05
72,2021-03-01,CAL,2688,1533,1155,399,6,416,257,971,636,3,2238,450,ITF,ITF6,18,Calabria,Calabria,1947131,200447,10.29,0.14
73,2021-02-17,CAL,1681,672,1009,673,21,322,285,299,0,81,1471,210,ITF,ITF6,18,Calabria,Calabria,1947131,202128,10.38,0.09
74,2021-01-05,CAL,1350,618,732,1256,0,94,0,0,0,0,1350,0,ITF,ITF6,18,Calabria,Calabria,1947131,203478,10.45,0.07
75,2021-03-24,CAL,6529,3012,3517,362,23,2138,696,2360,63,887,3395,3134,ITF,ITF6,18,Calabria,Calabria,1947131,210007,10.79,0.34
76,2021-01-16,CAL,2394,1120,1274,1664,22,467,241,0,0,0,2394,0,ITF,ITF6,18,Calabria,Calabria,1947131,212401,10.91,0.12
77,2021-03-26,CAL,6544,3101,3443,493,21,2768,211,2155,68,828,3882,2662,ITF,ITF6,18,Calabria,Calabria,1947131,218945,11.24,0.34
78,2021-01-24,CAL,44,18,26,15,0,3,26,0,0,0,39,5,ITF,ITF6,18,Calabria,Calabria,1947131,218989,11.25,0.0
79,2021-03-23,CAL,5158,2411,2747,280,4,1798,47,1869,77,1083,3388,1770,ITF,ITF6,18,Calabria,Calabria,1947131,224147,11.51,0.26
80,2021-01-02,CAL,165,94,71,165,0,0,0,0,0,0,165,0,ITF,ITF6,18,Calabria,Calabria,1947131,224312,11.52,0.01
81,2021-02-24,CAL,1843,940,903,658,7,359,115,653,47,4,1368,475,ITF,ITF6,18,Calabria,Calabria,1947131,226155,11.61,0.09
82,2021-01-22,CAL,656,274,382,298,4,244,110,0,0,0,654,2,ITF,ITF6,18,Calabria,Calabria,1947131,226811,11.65,0.03
83,2021-03-20,CAL,6478,2982,3496,432,7,1581,398,3561,34,465,4090,2388,ITF,ITF6,18,Calabria,Calabria,1947131,233289,11.98,0.33
84,2020-12-28,CAL,6,2,4,6,0,0,0,0,0,0,6,0,ITF,ITF6,18,Calabria,Calabria,1947131,233295,11.98,0.0
85,2021-01-15,CAL,2793,1258,1535,1690,35,656,412,0,0,0,2793,0,ITF,ITF6,18,Calabria,Calabria,1947131,236088,12.12,0.14
86,2021-02-20,CAL,1358,735,623,438,23,388,55,433,19,2,1043,315,ITF,ITF6,18,Calabria,Calabria,1947131,237446,12.19,0.07
87,2021-02-01,CAL,2497,1192,1305,2044,4,406,43,0,0,0,248,2249,ITF,ITF6,18,Calabria,Calabria,1947131,239943,12.32,0.13
88,2021-03-07,CAL,3131,1561,1570,105,0,655,348,1674,347,2,3042,89,ITF,ITF6,18,Calabria,Calabria,1947131,243074,12.48,0.16
89,2021-01-05,LIG,2877,895,1982,2306,107,196,261,0,0,7,2877,0,ITC,ITC3,7,Liguria,Liguria,1550640,2877,0.19,0.19
90,2021-02-07,LIG,407,153,254,191,12,17,187,0,0,0,2,405,ITC,ITC3,7,Liguria,Liguria,1550640,3284,0.21,0.03
91,2020-12-31,LIG,988,354,634,750,17,38,155,28,0,0,988,0,ITC,ITC3,7,Liguria,Liguria,1550640,4272,0.28,0.06
92,2021-03-11,LIG,6196,2976,3220,1141,107,513,262,3672,499,2,4194,2002,ITC,ITC3,7,Liguria,Liguria,1550640,10468,0.68,0.4
93,2021-01-20,LIG,1546,554,992,724,121,219,480,0,0,2,1534,12,ITC,ITC3,7,Liguria,Liguria,1550640,12014,0.77,0.1
94,2021-01-15,LIG,2245,751,1494,1323,271,137,512,0,0,2,2245,0,ITC,ITC3,7,Liguria,Liguria,1550640,14259,0.92,0.14
95,2021-03-04,LIG,4721,2111,2610,920,106,212,276,2921,282,4,3891,830,ITC,ITC3,7,Liguria,Liguria,1550640,18980,1.22,0.3
96,2021-01-26,LIG,2482,802,1680,1963,152,110,252,0,0,5,13,2469,ITC,ITC3,7,Liguria,Liguria,1550640,21462,1.38,0.16
97,2021-03-09,LIG,5789,2692,3097,1027,148,497,131,3453,533,0,4367,1422,ITC,ITC3,7,Liguria,Liguria,1550640,27251,1.76,0.37
98,2021-01-04,LIG,2614,853,1761,2196,81,158,176,0,0,3,2614,0,ITC,ITC3,7,Liguria,Liguria,1550640,29865,1.93,0.17
99,2021-03-15,LIG,7180,3050,4130,781,149,1247,47,3772,221,963,4478,2702,ITC,ITC3,7,Liguria,Liguria,1550640,37045,2.39,0.46
100,2021-02-21,LIG,869,491,378,183,21,296,102,267,0,0,865,4,ITC,ITC3,7,Liguria,Liguria,1550640,37914,2.45,0.06
101,2021-01-21,LIG,1102,385,717,584,69,116,332,1,0,0,672,430,ITC,ITC3,7,Liguria,Liguria,1550640,39016,2.52,0.07
102,2021-02-20,LIG,1334,636,698,159,28,436,122,589,0,0,1333,1,ITC,ITC3,7,Liguria,Liguria,1550640,40350,2.6,0.09
103,2021-01-27,LIG,1743,603,1140,1336,89,90,227,0,0,1,142,1601,ITC,ITC3,7,Liguria,Liguria,1550640,42093,2.71,0.11
104,2021-02-14,LIG,233,122,111,31,0,30,112,60,0,0,233,0,ITC,ITC3,7,Liguria,Liguria,1550640,42326,2.73,0.02
105,2021-03-14,LIG,1648,747,901,64,36,347,176,567,27,431,1044,604,ITC,ITC3,7,Liguria,Liguria,1550640,43974,2.84,0.11
106,2021-02-25,LIG,3438,1347,2091,550,91,122,88,2584,2,1,3309,129,ITC,ITC3,7,Liguria,Liguria,1550640,47412,3.06,0.22
107,2020-12-28,LIG,80,30,50,77,0,3,0,0,0,0,80,0,ITC,ITC3,7,Liguria,Liguria,1550640,47492,3.06,0.01
108,2021-03-23,LIG,8649,3913,4736,634,79,2227,56,3919,458,1276,5443,3206,ITC,ITC3,7,Liguria,Liguria,1550640,56141,3.62,0.56
109,2021-01-24,LIG,755,236,519,632,60,3,60,0,0,0,113,642,ITC,ITC3,7,Liguria,Liguria,1550640,56896,3.67,0.05
110,2021-03-25,LIG,9267,3944,5323,634,167,2688,152,3672,379,1575,5914,3353,ITC,ITC3,7,Liguria,Liguria,1550640,66163,4.27,0.6
111,2021-03-24,LIG,8755,3757,4998,522,104,2125,61,4206,401,1336,5468,3287,ITC,ITC3,7,Liguria,Liguria,1550640,74918,4.83,0.56
112,2021-03-07,LIG,1858,1085,773,184,8,516,258,508,383,1,1557,301,ITC,ITC3,7,Liguria,Liguria,1550640,76776,4.95,0.12
113,2021-01-14,LIG,2978,1054,1924,1869,335,220,553,0,0,1,2978,0,ITC,ITC3,7,Liguria,Liguria,1550640,79754,5.14,0.19
114,2020-12-27,LIG,135,56,79,88,0,2,45,0,0,0,135,0,ITC,ITC3,7,Liguria,Liguria,1550640,79889,5.15,0.01
115,2021-02-16,LIG,2391,948,1443,982,199,211,283,714,0,2,1998,393,ITC,ITC3,7,Liguria,Liguria,1550640,82280,5.31,0.15
116,2021-01-09,LIG,1335,481,854,998,73,74,188,0,0,2,1335,0,ITC,ITC3,7,Liguria,Liguria,1550640,83615,5.39,0.09
117,2021-03-21,LIG,552,221,331,7,1,19,0,525,0,0,69,483,ITC,ITC3,7,Liguria,Liguria,1550640,84167,5.43,0.04
118,2021-02-27,LIG,1888,921,967,139,13,527,5,1204,0,0,1759,129,ITC,ITC3,7,Liguria,Liguria,1550640,86055,5.55,0.12
119,2021-03-26,LIG,8932,3771,5161,603,180,2619,65,3861,316,1288,5778,3154,ITC,ITC3,7,Liguria,Liguria,1550640,94987,6.13,0.58
120,2020-12-29,LIG,125,33,92,93,11,0,21,0,0,0,125,0,ITC,ITC3,7,Liguria,Liguria,1550640,95112,6.13,0.01
121,2021-01-29,LIG,3040,1057,1983,2298,194,117,429,0,0,2,66,2974,ITC,ITC3,7,Liguria,Liguria,1550640,98152,6.33,0.2
122,2021-01-22,LIG,1813,603,1210,1064,143,41,565,0,0,0,1328,485,ITC,ITC3,7,Liguria,Liguria,1550640,99965,6.45,0.12
123,2021-02-13,LIG,1079,508,571,543,77,58,147,254,0,0,800,279,ITC,ITC3,7,Liguria,Liguria,1550640,101044,6.52,0.07
124,2021-03-12,LIG,5992,2764,3228,1193,209,712,77,3360,437,4,3552,2440,ITC,ITC3,7,Liguria,Liguria,1550640,107036,6.9,0.39
125,2021-01-16,LIG,1278,557,721,753,62,163,299,0,0,1,1278,0,ITC,ITC3,7,Liguria,Liguria,1550640,108314,6.99,0.08
126,2021-02-11,LIG,1953,758,1195,1234,125,133,455,0,0,6,1091,862,ITC,ITC3,7,Liguria,Liguria,1550640,110267,7.11,0.13
127,2021-01-01,LIG,144,55,89,139,4,1,0,0,0,0,144,0,ITC,ITC3,7,Liguria,Liguria,1550640,110411,7.12,0.01
128,2021-03-22,LIG,7307,3240,4067,575,115,1569,81,3822,281,864,4469,2838,ITC,ITC3,7,Liguria,Liguria,1550640,117718,7.59,0.47
129,2021-03-17,LIG,5503,2351,3152,774,112,287,76,4246,2,6,2446,3057,ITC,ITC3,7,Liguria,Liguria,1550640,123221,7.95,0.35
130,2021-02-09,LIG,1897,680,1217,1084,193,143,455,0,0,22,256,1641,ITC,ITC3,7,Liguria,Liguria,1550640,125118,8.07,0.12
131,2021-02-24,LIG,3757,1556,2201,803,92,183,154,2524,0,1,3499,258,ITC,ITC3,7,Liguria,Liguria,1550640,128875,8.31,0.24
132,2021-02-23,LIG,3804,1560,2244,687,79,192,116,2727,2,1,3695,109,ITC,ITC3,7,Liguria,Liguria,1550640,132679,8.56,0.25
133,2021-02-17,LIG,2623,1165,1458,883,131,231,262,1115,0,1,2260,363,ITC,ITC3,7,Liguria,Liguria,1550640,135302,8.73,0.17
134,2021-03-06,LIG,3302,1841,1461,377,12,785,120,1537,471,0,2597,705,ITC,ITC3,7,Liguria,Liguria,1550640,138604,8.94,0.21
135,2021-01-25,LIG,2717,888,1829,2208,128,62,317,0,0,2,471,2246,ITC,ITC3,7,Liguria,Liguria,1550640,141321,9.11,0.18
136,2021-01-07,LIG,3165,1076,2089,2313,143,276,428,0,1,4,3165,0,ITC,ITC3,7,Liguria,Liguria,1550640,144486,9.32,0.2
137,2021-01-08,LIG,2926,999,1927,2084,167,239,431,0,1,4,2926,0,ITC,ITC3,7,Liguria,Liguria,1550640,147412,9.51,0.19
138,2021-02-15,LIG,2257,838,1419,1084,185,82,241,662,1,2,1861,396,ITC,ITC3,7,Liguria,Liguria,1550640,149669,9.65,0.15
139,2021-02-04,LIG,2814,985,1829,1866,376,92,471,0,1,8,179,2635,ITC,ITC3,7,Liguria,Liguria,1550640,152483,9.83,0.18
140,2021-01-17,LIG,861,300,561,516,16,66,262,0,0,1,861,0,ITC,ITC3,7,Liguria,Liguria,1550640,153344,9.89,0.06
141,2021-01-23,LIG,809,295,514,633,94,38,43,0,0,1,153,656,ITC,ITC3,7,Liguria,Liguria,1550640,154153,9.94,0.05
142,2021-02-12,LIG,1912,684,1228,865,119,104,393,430,0,1,896,1016,ITC,ITC3,7,Liguria,Liguria,1550640,156065,10.06,0.12
143,2021-02-26,LIG,3761,1521,2240,781,128,97,168,2585,0,2,3433,328,ITC,ITC3,7,Liguria,Liguria,1550640,159826,10.31,0.24
144,2021-03-20,LIG,2316,995,1321,224,44,184,0,1855,9,0,1142,1174,ITC,ITC3,7,Liguria,Liguria,1550640,162142,10.46,0.15
145,2021-01-13,LIG,2753,1012,1741,1912,226,124,487,0,0,4,2753,0,ITC,ITC3,7,Liguria,Liguria,1550640,164895,10.63,0.18
146,2021-01-30,LIG,1661,567,1094,1261,88,53,257,0,0,2,25,1636,ITC,ITC3,7,Liguria,Liguria,1550640,166556,10.74,0.11
147,2021-02-19,LIG,3094,1279,1815,988,123,469,97,1414,0,3,2918,176,ITC,ITC3,7,Liguria,Liguria,1550640,169650,10.94,0.2
148,2021-02-06,LIG,1891,767,1124,1309,161,45,375,0,0,1,145,1746,ITC,ITC3,7,Liguria,Liguria,1550640,171541,11.06,0.12
149,2021-01-19,LIG,1357,430,927,710,130,186,328,0,0,3,1267,90,ITC,ITC3,7,Liguria,Liguria,1550640,172898,11.15,0.09
150,2021-02-18,LIG,2761,1126,1635,958,119,303,349,1030,0,2,2431,330,ITC,ITC3,7,Liguria,Liguria,1550640,175659,11.33,0.18
151,2021-01-28,LIG,2839,968,1871,2237,182,105,309,0,1,5,39,2800,ITC,ITC3,7,Liguria,Liguria,1550640,178498,11.51,0.18
152,2021-01-03,LIG,734,230,504,658,23,52,0,0,0,1,734,0,ITC,ITC3,7,Liguria,Liguria,1550640,179232,11.56,0.05
153,2021-02-03,LIG,2242,771,1471,1602,197,60,382,0,0,1,54,2188,ITC,ITC3,7,Liguria,Liguria,1550640,181474,11.7,0.14
154,2021-02-05,LIG,2628,975,1653,1728,357,75,464,0,0,4,301,2327,ITC,ITC3,7,Liguria,Liguria,1550640,184102,11.87,0.17
155,2021-01-02,LIG,691,245,446,595,54,42,0,0,0,0,691,0,ITC,ITC3,7,Liguria,Liguria,1550640,184793,11.92,0.04
156,2021-01-11,LIG,2652,990,1662,1990,143,202,316,0,0,1,2652,0,ITC,ITC3,7,Liguria,Liguria,1550640,187445,12.09,0.17
157,2021-01-31,LIG,624,270,354,418,67,4,135,0,0,0,9,615,ITC,ITC3,7,Liguria,Liguria,1550640,188069,12.13,0.04
158,2021-02-10,LIG,2275,827,1448,1350,233,186,496,5,0,5,1014,1261,ITC,ITC3,7,Liguria,Liguria,1550640,190344,12.28,0.15
159,2021-03-10,LIG,5737,2776,2961,822,92,698,88,3620,416,1,3839,1898,ITC,ITC3,7,Liguria,Liguria,1550640,196081,12.65,0.37
160,2021-03-08,LIG,5589,2444,3145,1121,171,355,80,3549,306,7,3905,1684,ITC,ITC3,7,Liguria,Liguria,1550640,201670,13.01,0.36
161,2021-03-27,LIG,3713,1458,2255,172,13,710,0,2044,69,705,2317,1396,ITC,ITC3,7,Liguria,Liguria,1550640,205383,13.25,0.24
162,2021-03-02,LIG,4072,1688,2384,726,60,126,76,3079,1,4,3762,310,ITC,ITC3,7,Liguria,Liguria,1550640,209455,13.51,0.26
163,2021-03-01,LIG,3497,1424,2073,528,62,57,105,2744,0,1,3375,122,ITC,ITC3,7,Liguria,Liguria,1550640,212952,13.73,0.23
164,2021-01-12,LIG,2459,885,1574,1749,174,95,439,0,0,2,2459,0,ITC,ITC3,7,Liguria,Liguria,1550640,215411,13.89,0.16
165,2021-03-29,LIG,1326,582,744,56,7,360,2,784,35,82,543,783,ITC,ITC3,7,Liguria,Liguria,1550640,216737,13.98,0.09
166,2021-02-08,LIG,1858,716,1142,1224,200,185,242,0,0,7,306,1552,ITC,ITC3,7,Liguria,Liguria,1550640,218595,14.1,0.12
167,2021-03-03,LIG,4548,1825,2723,1029,118,127,288,2978,3,5,3555,993,ITC,ITC3,7,Liguria,Liguria,1550640,223143,14.39,0.29
168,2021-02-02,LIG,2664,1002,1662,1970,195,33,464,0,0,2,198,2466,ITC,ITC3,7,Liguria,Liguria,1550640,225807,14.56,0.17
169,2021-01-06,LIG,1660,616,1044,1230,40,210,113,64,0,3,1660,0,ITC,ITC3,7,Liguria,Liguria,1550640,227467,14.67,0.11
170,2021-01-10,LIG,648,262,386,369,84,19,176,0,0,0,648,0,ITC,ITC3,7,Liguria,Liguria,1550640,228115,14.71,0.04
171,2021-03-28,LIG,1063,464,599,135,91,173,144,519,1,0,312,751,ITC,ITC3,7,Liguria,Liguria,1550640,229178,14.78,0.07
172,2021-03-19,LIG,5198,2213,2985,711,157,441,105,3680,21,83,2126,3072,ITC,ITC3,7,Liguria,Liguria,1550640,234376,15.11,0.34
173,2021-02-01,LIG,2442,904,1538,1914,158,54,315,0,0,1,76,2366,ITC,ITC3,7,Liguria,Liguria,1550640,236818,15.27,0.16
174,2020-12-30,LIG,12,5,7,12,0,0,0,0,0,0,12,0,ITC,ITC3,7,Liguria,Liguria,1550640,236830,15.27,0.0
175,2021-02-28,LIG,1060,581,479,12,1,570,3,474,0,0,1059,1,ITC,ITC3,7,Liguria,Liguria,1550640,237890,15.34,0.07
176,2021-03-18,LIG,4979,2125,2854,630,68,493,94,3683,6,5,2016,2963,ITC,ITC3,7,Liguria,Liguria,1550640,242869,15.66,0.32
177,2021-03-05,LIG,4861,2147,2714,798,65,264,81,3336,312,5,3737,1124,ITC,ITC3,7,Liguria,Liguria,1550640,247730,15.98,0.31
178,2021-03-13,LIG,3523,1493,2030,329,77,634,71,1502,120,790,2670,853,ITC,ITC3,7,Liguria,Liguria,1550640,251253,16.2,0.23
179,2021-01-18,LIG,2127,740,1387,1249,182,248,438,0,0,10,1970,157,ITC,ITC3,7,Liguria,Liguria,1550640,253380,16.34,0.14
180,2021-02-22,LIG,3329,1463,1866,712,100,113,235,2167,0,2,3191,138,ITC,ITC3,7,Liguria,Liguria,1550640,256709,16.56,0.21
181,2021-03-16,LIG,6025,2696,3329,932,108,408,323,4246,3,5,2308,3717,ITC,ITC3,7,Liguria,Liguria,1550640,262734,16.94,0.39
182,2021-02-03,MAR,2125,742,1383,1344,2,613,166,0,0,0,119,2006,ITI,ITI3,11,Marche,Marche,1525271,2125,0.14,0.14
183,2021-01-15,MAR,1771,500,1271,985,60,360,366,0,0,0,1771,0,ITI,ITI3,11,Marche,Marche,1525271,3896,0.26,0.12
184,2021-01-24,MAR,891,342,549,772,0,119,0,0,0,0,17,874,ITI,ITI3,11,Marche,Marche,1525271,4787,0.31,0.06
185,2021-03-23,MAR,5783,2524,3259,259,9,329,127,4587,144,328,2246,3537,ITI,ITI3,11,Marche,Marche,1525271,10570,0.69,0.38
186,2021-01-20,MAR,398,99,299,146,15,47,190,0,0,0,386,12,ITI,ITI3,11,Marche,Marche,1525271,10968,0.72,0.03
187,2021-01-10,MAR,1737,699,1038,1462,0,275,0,0,0,0,1737,0,ITI,ITI3,11,Marche,Marche,1525271,12705,0.83,0.11
188,2021-03-24,MAR,6918,2945,3973,483,20,844,187,4728,64,592,3277,3641,ITI,ITI3,11,Marche,Marche,1525271,19623,1.29,0.45
189,2021-01-09,MAR,1709,605,1104,1406,0,303,0,0,0,0,1709,0,ITI,ITI3,11,Marche,Marche,1525271,21332,1.4,0.11
190,2021-02-12,MAR,1583,618,965,815,11,669,88,0,0,0,1431,152,ITI,ITI3,11,Marche,Marche,1525271,22915,1.5,0.1
191,2021-03-28,MAR,4066,1713,2353,45,1,965,5,2650,4,396,2374,1692,ITI,ITI3,11,Marche,Marche,1525271,26981,1.77,0.27
192,2021-01-03,MAR,896,348,548,759,0,137,0,0,0,0,896,0,ITI,ITI3,11,Marche,Marche,1525271,27877,1.83,0.06
193,2021-01-04,MAR,1500,563,937,1290,36,163,11,0,0,0,1500,0,ITI,ITI3,11,Marche,Marche,1525271,29377,1.93,0.1
194,2021-03-15,MAR,4489,2109,2380,300,4,469,8,3453,14,241,1422,3067,ITI,ITI3,11,Marche,Marche,1525271,33866,2.22,0.29
195,2021-01-16,MAR,2006,723,1283,1059,43,619,285,0,0,0,2006,0,ITI,ITI3,11,Marche,Marche,1525271,35872,2.35,0.13
196,2021-03-12,MAR,4711,2015,2696,820,10,718,0,1904,330,929,3466,1245,ITI,ITI3,11,Marche,Marche,1525271,40583,2.66,0.31
197,2021-02-07,MAR,1871,735,1136,1156,5,664,46,0,0,0,344,1527,ITI,ITI3,11,Marche,Marche,1525271,42454,2.78,0.12
198,2021-01-25,MAR,1596,559,1037,1426,12,102,56,0,0,0,97,1499,ITI,ITI3,11,Marche,Marche,1525271,44050,2.89,0.1
199,2021-01-07,MAR,1802,633,1169,1480,0,322,0,0,0,0,1802,0,ITI,ITI3,11,Marche,Marche,1525271,45852,3.01,0.12
200,2021-03-19,MAR,3843,1598,2245,495,1,233,267,2837,4,6,343,3500,ITI,ITI3,11,Marche,Marche,1525271,49695,3.26,0.25
201,2021-03-26,MAR,6144,2538,3606,335,21,1121,182,3928,56,501,3348,2796,ITI,ITI3,11,Marche,Marche,1525271,55839,3.66,0.4
202,2021-03-08,MAR,6363,2805,3558,768,14,604,219,3101,643,1014,5361,1002,ITI,ITI3,11,Marche,Marche,1525271,62202,4.08,0.42
203,2021-02-01,MAR,1365,480,885,1057,1,226,81,0,0,0,98,1267,ITI,ITI3,11,Marche,Marche,1525271,63567,4.17,0.09
204,2021-01-29,MAR,1991,730,1261,1479,4,434,74,0,0,0,168,1823,ITI,ITI3,11,Marche,Marche,1525271,65558,4.3,0.13
205,2021-01-08,MAR,1574,588,986,1226,0,348,0,0,0,0,1574,0,ITI,ITI3,11,Marche,Marche,1525271,67132,4.4,0.1
206,2021-01-26,MAR,2016,746,1270,1736,1,193,86,0,0,0,92,1924,ITI,ITI3,11,Marche,Marche,1525271,69148,4.53,0.13
207,2020-12-31,MAR,383,178,205,370,0,13,0,0,0,0,383,0,ITI,ITI3,11,Marche,Marche,1525271,69531,4.56,0.03
208,2021-02-14,MAR,738,301,437,578,2,158,0,0,0,0,738,0,ITI,ITI3,11,Marche,Marche,1525271,70269,4.61,0.05
209,2021-02-13,MAR,1064,455,609,457,28,489,90,0,0,0,1012,52,ITI,ITI3,11,Marche,Marche,1525271,71333,4.68,0.07
210,2021-03-04,MAR,6622,2973,3649,1064,8,930,106,2800,945,769,5228,1394,ITI,ITI3,11,Marche,Marche,1525271,77955,5.11,0.43
211,2021-03-10,MAR,5778,2488,3290,721,22,799,101,2673,424,1038,4641,1137,ITI,ITI3,11,Marche,Marche,1525271,83733,5.49,0.38
212,2021-01-18,MAR,673,230,443,370,5,166,132,0,0,0,547,126,ITI,ITI3,11,Marche,Marche,1525271,84406,5.53,0.04
213,2021-02-19,MAR,1971,716,1255,1273,11,481,203,1,0,2,1836,135,ITI,ITI3,11,Marche,Marche,1525271,86377,5.66,0.13
214,2021-02-18,MAR,2104,746,1358,1150,41,509,402,1,0,1,1816,288,ITI,ITI3,11,Marche,Marche,1525271,88481,5.8,0.14
215,2021-03-27,MAR,7032,2958,4074,278,1,2116,131,3725,70,711,4668,2364,ITI,ITI3,11,Marche,Marche,1525271,95513,6.26,0.46
216,2021-02-10,MAR,1439,452,987,881,26,317,215,0,0,0,1080,359,ITI,ITI3,11,Marche,Marche,1525271,96952,6.36,0.09
217,2021-03-17,MAR,3435,1497,1938,301,5,178,117,2822,7,5,111,3324,ITI,ITI3,11,Marche,Marche,1525271,100387,6.58,0.23
218,2021-03-06,MAR,5731,2646,3085,973,4,833,125,2400,649,747,4463,1268,ITI,ITI3,11,Marche,Marche,1525271,106118,6.96,0.38
219,2021-02-17,MAR,1791,664,1127,968,24,498,300,1,0,0,1672,119,ITI,ITI3,11,Marche,Marche,1525271,107909,7.07,0.12
220,2021-03-01,MAR,3727,1489,2238,387,6,171,82,2790,5,286,3480,247,ITI,ITI3,11,Marche,Marche,1525271,111636,7.32,0.24
221,2021-02-04,MAR,2342,810,1532,1406,54,607,275,0,0,0,112,2230,ITI,ITI3,11,Marche,Marche,1525271,113978,7.47,0.15
222,2021-02-09,MAR,125,42,83,78,0,21,26,0,0,0,47,78,ITI,ITI3,11,Marche,Marche,1525271,114103,7.48,0.01
223,2021-02-21,MAR,377,142,235,204,1,114,57,0,0,1,376,1,ITI,ITI3,11,Marche,Marche,1525271,114480,7.51,0.02
224,2021-01-02,MAR,453,139,314,444,0,9,0,0,0,0,453,0,ITI,ITI3,11,Marche,Marche,1525271,114933,7.54,0.03
225,2021-02-15,MAR,973,413,560,544,60,368,1,0,0,0,960,13,ITI,ITI3,11,Marche,Marche,1525271,115906,7.6,0.06
226,2021-03-29,MAR,2330,1075,1255,80,0,349,4,1837,3,57,1056,1274,ITI,ITI3,11,Marche,Marche,1525271,118236,7.75,0.15
227,2021-03-09,MAR,5529,2373,3156,754,8,461,36,2588,612,1070,4640,889,ITI,ITI3,11,Marche,Marche,1525271,123765,8.11,0.36
228,2021-02-02,MAR,1193,397,796,804,17,279,93,0,0,0,73,1120,ITI,ITI3,11,Marche,Marche,1525271,124958,8.19,0.08
229,2021-02-08,MAR,833,258,575,408,21,142,262,0,0,0,371,462,ITI,ITI3,11,Marche,Marche,1525271,125791,8.25,0.05
230,2021-01-05,MAR,1562,586,976,1436,0,126,0,0,0,0,1562,0,ITI,ITI3,11,Marche,Marche,1525271,127353,8.35,0.1
231,2021-01-27,MAR,2120,780,1340,1754,7,219,140,0,0,0,122,1998,ITI,ITI3,11,Marche,Marche,1525271,129473,8.49,0.14
232,2021-02-27,MAR,3374,1440,1934,186,9,163,161,2848,6,1,3165,209,ITI,ITI3,11,Marche,Marche,1525271,132847,8.71,0.22
233,2021-01-06,MAR,2181,792,1389,1738,40,256,147,0,0,0,2181,0,ITI,ITI3,11,Marche,Marche,1525271,135028,8.85,0.14
234,2021-03-14,MAR,2515,1036,1479,442,0,80,0,1535,2,456,1917,598,ITI,ITI3,11,Marche,Marche,1525271,137543,9.02,0.16
235,2021-02-23,MAR,3274,1400,1874,219,4,133,116,2794,8,0,3218,56,ITI,ITI3,11,Marche,Marche,1525271,140817,9.23,0.21
236,2021-02-28,MAR,2839,1250,1589,19,0,18,0,2798,2,2,2833,6,ITI,ITI3,11,Marche,Marche,1525271,143656,9.42,0.19
237,2021-03-18,MAR,3445,1514,1931,326,6,258,123,2653,76,3,216,3229,ITI,ITI3,11,Marche,Marche,1525271,147101,9.64,0.23
238,2021-02-25,MAR,3563,1447,2116,432,6,207,423,2491,3,1,3384,179,ITI,ITI3,11,Marche,Marche,1525271,150664,9.88,0.23
239,2020-12-27,MAR,200,97,103,184,4,8,4,0,0,0,200,0,ITI,ITI3,11,Marche,Marche,1525271,150864,9.89,0.01
240,2021-03-05,MAR,6286,2952,3334,1128,13,864,143,2377,959,802,4819,1467,ITI,ITI3,11,Marche,Marche,1525271,157150,10.3,0.41
241,2021-01-22,MAR,487,167,320,315,19,66,87,0,0,0,194,293,ITI,ITI3,11,Marche,Marche,1525271,157637,10.34,0.03
242,2021-03-03,MAR,6758,3091,3667,818,23,798,254,3133,949,783,5877,881,ITI,ITI3,11,Marche,Marche,1525271,164395,10.78,0.44
243,2021-03-25,MAR,6533,2718,3815,464,12,823,365,4307,43,519,3142,3391,ITI,ITI3,11,Marche,Marche,1525271,170928,11.21,0.43
244,2021-02-16,MAR,1292,475,817,737,8,455,92,0,0,0,1262,30,ITI,ITI3,11,Marche,Marche,1525271,172220,11.29,0.08
245,2021-01-28,MAR,1973,659,1314,1581,0,291,101,0,0,0,167,1806,ITI,ITI3,11,Marche,Marche,1525271,174193,11.42,0.13
246,2021-01-23,MAR,557,190,367,440,14,40,63,0,0,0,123,434,ITI,ITI3,11,Marche,Marche,1525271,174750,11.46,0.04
247,2021-03-22,MAR,5660,2378,3282,407,8,448,69,4182,113,433,2531,3129,ITI,ITI3,11,Marche,Marche,1525271,180410,11.83,0.37
248,2021-01-11,MAR,1176,411,765,1021,2,153,0,0,0,0,1176,0,ITI,ITI3,11,Marche,Marche,1525271,181586,11.91,0.08
249,2021-01-30,MAR,1908,669,1239,1566,0,342,0,0,0,0,29,1879,ITI,ITI3,11,Marche,Marche,1525271,183494,12.03,0.13
250,2021-02-05,MAR,2156,653,1503,1317,20,400,419,0,0,0,440,1716,ITI,ITI3,11,Marche,Marche,1525271,185650,12.17,0.14
251,2021-01-13,MAR,2105,746,1359,1408,11,610,76,0,0,0,2105,0,ITI,ITI3,11,Marche,Marche,1525271,187755,12.31,0.14
252,2021-02-06,MAR,2460,900,1560,1402,40,603,415,0,0,0,523,1937,ITI,ITI3,11,Marche,Marche,1525271,190215,12.47,0.16
253,2021-02-20,MAR,4127,1708,2419,118,24,387,261,3334,3,0,4016,111,ITI,ITI3,11,Marche,Marche,1525271,194342,12.74,0.27
254,2021-03-20,MAR,4146,1745,2401,181,8,110,111,3641,6,89,1054,3092,ITI,ITI3,11,Marche,Marche,1525271,198488,13.01,0.27
255,2021-02-24,MAR,3442,1506,1936,226,11,224,166,2811,3,1,3362,80,ITI,ITI3,11,Marche,Marche,1525271,201930,13.24,0.23
256,2020-12-30,MAR,17,5,12,14,0,3,0,0,0,0,17,0,ITI,ITI3,11,Marche,Marche,1525271,201947,13.24,0.0
257,2021-01-17,MAR,1598,682,916,964,14,574,46,0,0,0,1549,49,ITI,ITI3,11,Marche,Marche,1525271,203545,13.34,0.1
258,2021-03-02,MAR,4965,1943,3022,589,24,251,242,3318,3,538,4399,566,ITI,ITI3,11,Marche,Marche,1525271,208510,13.67,0.33
259,2021-03-16,MAR,3577,1549,2028,317,3,193,54,2928,77,5,394,3183,ITI,ITI3,11,Marche,Marche,1525271,212087,13.9,0.23
260,2021-02-22,MAR,3414,1499,1915,326,10,398,77,2596,5,2,3339,75,ITI,ITI3,11,Marche,Marche,1525271,215501,14.13,0.22
261,2021-02-11,MAR,1988,658,1330,1155,15,606,212,0,0,0,1599,389,ITI,ITI3,11,Marche,Marche,1525271,217489,14.26,0.13
262,2021-01-12,MAR,1226,413,813,912,0,264,50,0,0,0,1226,0,ITI,ITI3,11,Marche,Marche,1525271,218715,14.34,0.08
263,2021-03-07,MAR,5183,2108,3075,607,2,355,0,3007,316,896,4430,753,ITI,ITI3,11,Marche,Marche,1525271,223898,14.68,0.34
264,2021-01-21,MAR,896,253,643,460,41,59,336,0,0,0,585,311,ITI,ITI3,11,Marche,Marche,1525271,224794,14.74,0.06
265,2021-03-21,MAR,4511,1878,2633,87,0,109,54,4046,10,205,1631,2880,ITI,ITI3,11,Marche,Marche,1525271,229305,15.03,0.3
266,2021-01-31,MAR,1927,772,1155,1532,0,395,0,0,0,0,105,1822,ITI,ITI3,11,Marche,Marche,1525271,231232,15.16,0.13
267,2021-01-14,MAR,2010,692,1318,1112,67,533,298,0,0,0,2010,0,ITI,ITI3,11,Marche,Marche,1525271,233242,15.29,0.13
268,2021-03-13,MAR,5713,2554,3159,664,21,353,57,4248,133,237,1752,3961,ITI,ITI3,11,Marche,Marche,1525271,238955,15.67,0.37
269,2021-03-11,MAR,6831,2929,3902,1094,11,910,38,3227,403,1148,5460,1371,ITI,ITI3,11,Marche,Marche,1525271,245786,16.11,0.45
270,2021-01-19,MAR,225,81,144,120,0,20,85,0,0,0,141,84,ITI,ITI3,11,Marche,Marche,1525271,246011,16.13,0.01
271,2021-02-26,MAR,3635,1502,2133,449,34,205,385,2519,4,39,3159,476,ITI,ITI3,11,Marche,Marche,1525271,249646,16.37,0.24
272,2021-02-26,ABR,3920,1671,2249,1025,13,552,160,1651,257,262,2951,969,ITF,ITF1,13,Abruzzo,Abruzzo,1304970,3920,0.3,0.3
273,2021-01-12,ABR,1804,666,1138,1470,42,292,0,0,0,0,1804,0,ITF,ITF1,13,Abruzzo,Abruzzo,1304970,5724,0.44,0.14
274,2021-02-12,ABR,968,319,649,438,11,209,310,0,0,0,779,189,ITF,ITF1,13,Abruzzo,Abruzzo,1304970,6692,0.51,0.07
275,2021-03-06,ABR,4174,1354,2820,432,24,344,52,1748,15,1559,3604,570,ITF,ITF1,13,Abruzzo,Abruzzo,1304970,10866,0.83,0.32
276,2021-01-22,ABR,118,57,61,2,1,3,112,0,0,0,118,0,ITF,ITF1,13,Abruzzo,Abruzzo,1304970,10984,0.84,0.01
277,2021-02-24,ABR,3304,1440,1864,391,17,324,247,1968,226,131,3128,176,ITF,ITF1,13,Abruzzo,Abruzzo,1304970,14288,1.09,0.25
278,2021-01-29,ABR,1386,449,937,1290,2,94,0,0,0,0,74,1312,ITF,ITF1,13,Abruzzo,Abruzzo,1304970,15674,1.2,0.11
279,2021-01-03,ABR,471,185,286,464,0,7,0,0,0,0,471,0,ITF,ITF1,13,Abruzzo,Abruzzo,1304970,16145,1.24,0.04
280,2021-03-15,ABR,3517,1378,2139,656,8,562,78,1963,41,209,1701,1816,ITF,ITF1,13,Abruzzo,Abruzzo,1304970,19662,1.51,0.27
281,2021-02-03,ABR,2061,717,1344,1541,47,355,118,0,0,0,419,1642,ITF,ITF1,13,Abruzzo,Abruzzo,1304970,21723,1.66,0.16
282,2021-01-28,ABR,1433,495,938,1370,1,61,1,0,0,0,12,1421,ITF,ITF1,13,Abruzzo,Abruzzo,1304970,23156,1.77,0.11
283,2021-03-21,ABR,2135,913,1222,9,0,47,1,1919,29,130,844,1291,ITF,ITF1,13,Abruzzo,Abruzzo,1304970,25291,1.94,0.16
284,2021-03-05,ABR,5262,1938,3324,561,10,447,108,2582,202,1352,4564,698,ITF,ITF1,13,Abruzzo,Abruzzo,1304970,30553,2.34,0.4
285,2021-03-14,ABR,1895,733,1162,8,0,150,0,1488,0,249,1228,667,ITF,ITF1,13,Abruzzo,Abruzzo,1304970,32448,2.49,0.15
286,2021-01-10,ABR,1139,409,730,1091,0,48,0,0,0,0,1139,0,ITF,ITF1,13,Abruzzo,Abruzzo,1304970,33587,2.57,0.09
287,2021-02-20,ABR,4782,1843,2939,310,7,563,192,1417,406,1887,4706,76,ITF,ITF1,13,Abruzzo,Abruzzo,1304970,38369,2.94,0.37
288,2021-02-17,ABR,2077,952,1125,512,27,215,394,718,210,1,1794,283,ITF,ITF1,13,Abruzzo,Abruzzo,1304970,40446,3.1,0.16
289,2021-03-20,ABR,4733,2159,2574,318,15,509,60,3650,84,97,2569,2164,ITF,ITF1,13,Abruzzo,Abruzzo,1304970,45179,3.46,0.36
290,2021-01-25,ABR,1604,633,971,1584,0,20,0,0,0,0,20,1584,ITF,ITF1,13,Abruzzo,Abruzzo,1304970,46783,3.58,0.12
291,2021-01-19,ABR,111,55,56,27,1,33,50,0,0,0,91,20,ITF,ITF1,13,Abruzzo,Abruzzo,1304970,46894,3.59,0.01
292,2021-01-14,ABR,530,189,341,364,0,166,0,0,0,0,530,0,ITF,ITF1,13,Abruzzo,Abruzzo,1304970,47424,3.63,0.04
293,2021-01-26,ABR,1542,567,975,1513,0,29,0,0,0,0,29,1513,ITF,ITF1,13,Abruzzo,Abruzzo,1304970,48966,3.75,0.12
294,2021-03-04,ABR,5936,2358,3578,1170,14,521,93,2992,328,818,5015,921,ITF,ITF1,13,Abruzzo,Abruzzo,1304970,54902,4.21,0.45
295,2021-01-24,ABR,50,22,28,49,0,1,0,0,0,0,6,44,ITF,ITF1,13,Abruzzo,Abruzzo,1304970,54952,4.21,0.0
296,2021-02-25,ABR,3086,1347,1739,615,29,528,18,1508,262,126,2558,528,ITF,ITF1,13,Abruzzo,Abruzzo,1304970,58038,4.45,0.24
297,2021-02-10,ABR,948,313,635,622,42,168,116,0,0,0,504,444,ITF,ITF1,13,Abruzzo,Abruzzo,1304970,58986,4.52,0.07
298,2021-01-31,ABR,1502,488,1014,1154,85,160,103,0,0,0,287,1215,ITF,ITF1,13,Abruzzo,Abruzzo,1304970,60488,4.64,0.12
299,2021-01-27,ABR,1364,515,849,1301,1,62,0,0,0,0,39,1325,ITF,ITF1,13,Abruzzo,Abruzzo,1304970,61852,4.74,0.1
300,2021-03-09,ABR,5169,1795,3374,987,21,507,84,1320,204,2046,4230,939,ITF,ITF1,13,Abruzzo,Abruzzo,1304970,67021,5.14,0.4
301,2021-03-02,ABR,3963,1676,2287,934,15,424,53,1856,276,405,3279,684,ITF,ITF1,13,Abruzzo,Abruzzo,1304970,70984,5.44,0.3
302,2021-01-11,ABR,1551,557,994,1337,62,104,48,0,0,0,1551,0,ITF,ITF1,13,Abruzzo,Abruzzo,1304970,72535,5.56,0.12
303,2021-03-29,ABR,1454,662,792,172,1,260,1,1008,2,10,783,671,ITF,ITF1,13,Abruzzo,Abruzzo,1304970,73989,5.67,0.11
304,2021-02-15,ABR,1796,831,965,625,30,457,221,217,246,0,1754,42,ITF,ITF1,13,Abruzzo,Abruzzo,1304970,75785,5.81,0.14
305,2021-03-19,ABR,5795,2584,3211,755,28,432,118,4398,51,13,2774,3021,ITF,ITF1,13,Abruzzo,Abruzzo,1304970,81580,6.25,0.44
306,2021-01-21,ABR,157,47,110,10,4,2,141,0,0,0,157,0,ITF,ITF1,13,Abruzzo,Abruzzo,1304970,81737,6.26,0.01
307,2021-02-02,ABR,1798,677,1121,1243,67,346,142,0,0,0,241,1557,ITF,ITF1,13,Abruzzo,Abruzzo,1304970,83535,6.4,0.14
308,2021-03-25,ABR,5354,2408,2946,249,10,796,39,3599,213,448,2923,2431,ITF,ITF1,13,Abruzzo,Abruzzo,1304970,88889,6.81,0.41
309,2021-03-27,ABR,5708,2475,3233,144,11,1154,42,4234,35,88,3231,2477,ITF,ITF1,13,Abruzzo,Abruzzo,1304970,94597,7.25,0.44
310,2021-03-28,ABR,2098,881,1217,178,0,637,0,876,234,173,1726,372,ITF,ITF1,13,Abruzzo,Abruzzo,1304970,96695,7.41,0.16
311,2021-01-06,ABR,1830,664,1166,1546,119,32,133,0,0,0,1830,0,ITF,ITF1,13,Abruzzo,Abruzzo,1304970,98525,7.55,0.14
312,2021-03-24,ABR,5828,2540,3288,479,10,1404,143,3148,215,429,3799,2029,ITF,ITF1,13,Abruzzo,Abruzzo,1304970,104353,8.0,0.45
313,2021-01-17,ABR,187,59,128,136,13,38,0,0,0,0,180,7,ITF,ITF1,13,Abruzzo,Abruzzo,1304970,104540,8.01,0.01
314,2021-03-17,ABR,4544,1876,2668,285,26,187,144,3874,17,11,2801,1743,ITF,ITF1,13,Abruzzo,Abruzzo,1304970,109084,8.36,0.35
315,2021-01-05,ABR,1614,604,1010,1604,0,10,0,0,0,0,1614,0,ITF,ITF1,13,Abruzzo,Abruzzo,1304970,110698,8.48,0.12
316,2021-01-13,ABR,1253,440,813,1103,0,150,0,0,0,0,1253,0,ITF,ITF1,13,Abruzzo,Abruzzo,1304970,111951,8.58,0.1
317,2021-03-07,ABR,2523,630,1893,28,0,210,0,461,1,1823,2523,0,ITF,ITF1,13,Abruzzo,Abruzzo,1304970,114474,8.77,0.19
318,2021-02-28,ABR,1707,511,1196,23,0,34,0,79,149,1422,1705,2,ITF,ITF1,13,Abruzzo,Abruzzo,1304970,116181,8.9,0.13
319,2021-01-23,ABR,264,114,150,224,0,14,26,0,0,0,57,207,ITF,ITF1,13,Abruzzo,Abruzzo,1304970,116445,8.92,0.02
320,2021-03-22,ABR,4276,1918,2358,340,8,771,50,2578,136,393,2306,1970,ITF,ITF1,13,Abruzzo,Abruzzo,1304970,120721,9.25,0.33
321,2021-02-09,ABR,908,311,597,612,56,109,131,0,0,0,499,409,ITF,ITF1,13,Abruzzo,Abruzzo,1304970,121629,9.32,0.07
322,2021-02-04,ABR,1681,616,1065,1168,47,409,57,0,0,0,609,1072,ITF,ITF1,13,Abruzzo,Abruzzo,1304970,123310,9.45,0.13
323,2021-02-18,ABR,2291,934,1357,670,36,344,416,610,215,0,2161,130,ITF,ITF1,13,Abruzzo,Abruzzo,1304970,125601,9.62,0.18
324,2021-01-09,ABR,1483,565,918,1430,0,53,0,0,0,0,1483,0,ITF,ITF1,13,Abruzzo,Abruzzo,1304970,127084,9.74,0.11
325,2021-02-19,ABR,3301,1552,1749,990,32,401,371,1111,388,8,3201,100,ITF,ITF1,13,Abruzzo,Abruzzo,1304970,130385,9.99,0.25
326,2021-01-08,ABR,1525,507,1018,1487,0,38,0,0,0,0,1525,0,ITF,ITF1,13,Abruzzo,Abruzzo,1304970,131910,10.11,0.12
327,2021-01-07,ABR,1603,552,1051,1566,0,37,0,0,0,0,1603,0,ITF,ITF1,13,Abruzzo,Abruzzo,1304970,133513,10.23,0.12
328,2020-12-27,ABR,37,19,18,34,0,1,2,0,0,0,37,0,ITF,ITF1,13,Abruzzo,Abruzzo,1304970,133550,10.23,0.0
329,2021-02-16,ABR,1978,869,1109,841,20,493,139,410,75,0,1966,12,ITF,ITF1,13,Abruzzo,Abruzzo,1304970,135528,10.39,0.15
330,2021-03-01,ABR,3489,1392,2097,698,29,264,174,1914,128,282,2725,764,ITF,ITF1,13,Abruzzo,Abruzzo,1304970,139017,10.65,0.27
331,2021-03-08,ABR,5127,1669,3458,1190,30,477,112,1019,104,2195,4153,974,ITF,ITF1,13,Abruzzo,Abruzzo,1304970,144144,11.05,0.39
332,2021-03-03,ABR,4629,1883,2746,1222,6,577,36,1587,346,855,3723,906,ITF,ITF1,13,Abruzzo,Abruzzo,1304970,148773,11.4,0.35
333,2021-02-23,ABR,2784,1274,1510,324,22,401,215,1436,286,100,2773,11,ITF,ITF1,13,Abruzzo,Abruzzo,1304970,151557,11.61,0.21
334,2021-03-10,ABR,4948,1640,3308,735,29,426,242,1518,127,1871,3992,956,ITF,ITF1,13,Abruzzo,Abruzzo,1304970,156505,11.99,0.38
335,2021-03-11,ABR,5428,2190,3238,1327,39,519,241,1539,199,1564,4289,1139,ITF,ITF1,13,Abruzzo,Abruzzo,1304970,161933,12.41,0.42
336,2021-01-04,ABR,1401,575,826,1396,0,5,0,0,0,0,1401,0,ITF,ITF1,13,Abruzzo,Abruzzo,1304970,163334,12.52,0.11
337,2021-01-20,ABR,447,156,291,147,1,95,204,0,0,0,445,2,ITF,ITF1,13,Abruzzo,Abruzzo,1304970,163781,12.55,0.03
338,2021-02-01,ABR,1632,573,1059,1384,34,213,1,0,0,0,271,1361,ITF,ITF1,13,Abruzzo,Abruzzo,1304970,165413,12.68,0.13
339,2021-03-13,ABR,4253,1460,2793,539,17,1008,137,1468,23,1061,3177,1076,ITF,ITF1,13,Abruzzo,Abruzzo,1304970,169666,13.0,0.33
340,2021-03-12,ABR,6022,1989,4033,1005,28,848,135,1700,117,2189,4439,1583,ITF,ITF1,13,Abruzzo,Abruzzo,1304970,175688,13.46,0.46
341,2021-03-26,ABR,4920,2100,2820,263,1,855,37,3151,164,449,3033,1887,ITF,ITF1,13,Abruzzo,Abruzzo,1304970,180608,13.84,0.38
342,2021-01-16,ABR,927,428,499,710,7,195,15,0,0,0,927,0,ITF,ITF1,13,Abruzzo,Abruzzo,1304970,181535,13.91,0.07
343,2021-02-22,ABR,2644,1175,1469,477,5,352,46,1094,419,251,2614,30,ITF,ITF1,13,Abruzzo,Abruzzo,1304970,184179,14.11,0.2
344,2021-02-11,ABR,816,262,554,473,26,163,154,0,0,0,773,43,ITF,ITF1,13,Abruzzo,Abruzzo,1304970,184995,14.18,0.06
345,2021-03-16,ABR,3486,1453,2033,284,3,163,169,2849,6,12,1831,1655,ITF,ITF1,13,Abruzzo,Abruzzo,1304970,188481,14.44,0.27
346,2021-02-05,ABR,1536,521,1015,1188,11,230,107,0,0,0,789,747,ITF,ITF1,13,Abruzzo,Abruzzo,1304970,190017,14.56,0.12
347,2021-01-30,ABR,1509,566,943,1348,1,113,47,0,0,0,69,1440,ITF,ITF1,13,Abruzzo,Abruzzo,1304970,191526,14.68,0.12
348,2021-03-23,ABR,4765,2180,2585,180,25,499,183,3273,206,399,2278,2487,ITF,ITF1,13,Abruzzo,Abruzzo,1304970,196291,15.04,0.37
349,2021-03-18,ABR,3896,1651,2245,281,2,284,3,3297,22,7,2065,1831,ITF,ITF1,13,Abruzzo,Abruzzo,1304970,200187,15.34,0.3
350,2021-02-13,ABR,845,383,462,549,25,199,72,0,0,0,437,408,ITF,ITF1,13,Abruzzo,Abruzzo,1304970,201032,15.41,0.06
351,2021-01-02,ABR,548,218,330,540,0,8,0,0,0,0,548,0,ITF,ITF1,13,Abruzzo,Abruzzo,1304970,201580,15.45,0.04
352,2021-02-06,ABR,1611,742,869,1168,29,342,72,0,0,0,602,1009,ITF,ITF1,13,Abruzzo,Abruzzo,1304970,203191,15.57,0.12
353,2021-02-08,ABR,1201,398,803,710,122,105,264,0,0,0,491,710,ITF,ITF1,13,Abruzzo,Abruzzo,1304970,204392,15.66,0.09
354,2021-01-15,ABR,379,149,230,223,6,115,35,0,0,0,379,0,ITF,ITF1,13,Abruzzo,Abruzzo,1304970,204771,15.69,0.03
355,2021-01-18,ABR,122,48,74,106,0,14,2,0,0,0,46,76,ITF,ITF1,13,Abruzzo,Abruzzo,1304970,204893,15.7,0.01
356,2021-02-27,ABR,2809,1337,1472,253,23,162,123,732,642,874,2543,266,ITF,ITF1,13,Abruzzo,Abruzzo,1304970,207702,15.92,0.22
357,2021-02-21,ABR,1221,551,670,2,0,4,3,1210,2,0,1220,1,ITF,ITF1,13,Abruzzo,Abruzzo,1304970,208923,16.01,0.09
358,2021-02-07,ABR,777,307,470,646,6,124,1,0,0,0,201,576,ITF,ITF1,13,Abruzzo,Abruzzo,1304970,209700,16.07,0.06
359,2021-03-03,SAR,3742,2036,1706,1058,273,443,525,702,740,1,2604,1138,ITG,ITG2,20,Sardegna,Sardegna,1639591,3742,0.23,0.23
360,2021-01-09,SAR,4026,1417,2609,3181,602,243,0,0,0,0,4026,0,ITG,ITG2,20,Sardegna,Sardegna,1639591,7768,0.47,0.25
361,2021-01-29,SAR,2951,1067,1884,2580,226,142,3,0,0,0,48,2903,ITG,ITG2,20,Sardegna,Sardegna,1639591,10719,0.65,0.18
362,2021-02-18,SAR,1877,732,1145,1073,301,61,298,1,33,110,1813,64,ITG,ITG2,20,Sardegna,Sardegna,1639591,12596,0.77,0.11
363,2021-01-08,SAR,3257,1184,2073,2929,230,98,0,0,0,0,3257,0,ITG,ITG2,20,Sardegna,Sardegna,1639591,15853,0.97,0.2
364,2021-01-14,SAR,1105,426,679,885,167,53,0,0,0,0,1105,0,ITG,ITG2,20,Sardegna,Sardegna,1639591,16958,1.03,0.07
365,2021-01-12,SAR,865,408,457,504,88,273,0,0,0,0,865,0,ITG,ITG2,20,Sardegna,Sardegna,1639591,17823,1.09,0.05
366,2021-01-23,SAR,60,22,38,60,0,0,0,0,0,0,0,60,ITG,ITG2,20,Sardegna,Sardegna,1639591,17883,1.09,0.0
367,2021-03-01,SAR,2160,1054,1106,1135,233,212,141,104,334,1,1501,659,ITG,ITG2,20,Sardegna,Sardegna,1639591,20043,1.22,0.13
368,2021-02-17,SAR,1406,576,830,689,292,85,313,0,27,0,1332,74,ITG,ITG2,20,Sardegna,Sardegna,1639591,21449,1.31,0.09
369,2021-03-06,SAR,2637,1079,1558,1106,542,401,461,12,79,36,857,1780,ITG,ITG2,20,Sardegna,Sardegna,1639591,24086,1.47,0.16
370,2021-02-16,SAR,700,289,411,376,135,77,112,0,0,0,673,27,ITG,ITG2,20,Sardegna,Sardegna,1639591,24786,1.51,0.04
371,2021-02-27,SAR,1920,647,1273,1059,291,88,306,176,0,0,1365,555,ITG,ITG2,20,Sardegna,Sardegna,1639591,26706,1.63,0.12
372,2021-02-04,SAR,2271,816,1455,1737,307,56,170,1,0,0,916,1355,ITG,ITG2,20,Sardegna,Sardegna,1639591,28977,1.77,0.14
373,2021-03-07,SAR,1590,724,866,307,227,11,32,1011,0,2,1117,473,ITG,ITG2,20,Sardegna,Sardegna,1639591,30567,1.86,0.1
374,2021-03-02,SAR,2760,1423,1337,1045,277,454,278,320,384,2,1709,1051,ITG,ITG2,20,Sardegna,Sardegna,1639591,33327,2.03,0.17
375,2021-02-11,SAR,1314,490,824,588,240,116,369,1,0,0,1203,111,ITG,ITG2,20,Sardegna,Sardegna,1639591,34641,2.11,0.08
376,2021-01-21,SAR,126,60,66,60,44,22,0,0,0,0,94,32,ITG,ITG2,20,Sardegna,Sardegna,1639591,34767,2.12,0.01
377,2021-02-03,SAR,1119,419,700,920,169,11,19,0,0,0,426,693,ITG,ITG2,20,Sardegna,Sardegna,1639591,35886,2.19,0.07
378,2021-01-30,SAR,3862,1392,2470,2987,500,374,0,1,0,0,362,3500,ITG,ITG2,20,Sardegna,Sardegna,1639591,39748,2.42,0.24
379,2021-03-12,SAR,5735,2400,3335,1037,482,779,456,2551,271,159,4426,1309,ITG,ITG2,20,Sardegna,Sardegna,1639591,45483,2.77,0.35
380,2021-02-01,SAR,1524,605,919,896,151,400,77,0,0,0,225,1299,ITG,ITG2,20,Sardegna,Sardegna,1639591,47007,2.87,0.09
381,2021-01-04,SAR,591,217,374,565,15,11,0,0,0,0,591,0,ITG,ITG2,20,Sardegna,Sardegna,1639591,47598,2.9,0.04
382,2020-12-31,SAR,32,16,16,28,0,4,0,0,0,0,32,0,ITG,ITG2,20,Sardegna,Sardegna,1639591,47630,2.9,0.0
383,2021-01-17,SAR,860,277,583,747,113,0,0,0,0,0,859,1,ITG,ITG2,20,Sardegna,Sardegna,1639591,48490,2.96,0.05
384,2021-03-19,SAR,6927,2861,4066,1315,444,1537,222,3210,189,10,4712,2215,ITG,ITG2,20,Sardegna,Sardegna,1639591,55417,3.38,0.42
385,2021-01-16,SAR,1492,525,967,1282,165,44,0,0,0,1,1492,0,ITG,ITG2,20,Sardegna,Sardegna,1639591,56909,3.47,0.09
386,2021-01-19,SAR,747,270,477,423,163,0,160,0,0,1,692,55,ITG,ITG2,20,Sardegna,Sardegna,1639591,57656,3.52,0.05
387,2021-01-18,SAR,904,326,578,714,173,17,0,0,0,0,780,124,ITG,ITG2,20,Sardegna,Sardegna,1639591,58560,3.57,0.06
388,2021-02-07,SAR,1116,394,722,975,136,5,0,0,0,0,228,888,ITG,ITG2,20,Sardegna,Sardegna,1639591,59676,3.64,0.07
389,2021-03-20,SAR,5093,2029,3064,695,255,379,127,2677,105,855,2817,2276,ITG,ITG2,20,Sardegna,Sardegna,1639591,64769,3.95,0.31
390,2021-02-08,SAR,1470,533,937,998,315,30,126,1,0,0,856,614,ITG,ITG2,20,Sardegna,Sardegna,1639591,66239,4.04,0.09
391,2021-02-22,SAR,1623,944,679,599,239,163,180,2,440,0,1395,228,ITG,ITG2,20,Sardegna,Sardegna,1639591,67862,4.14,0.1
392,2021-03-04,SAR,3887,1894,1993,955,306,555,463,1094,475,39,2739,1148,ITG,ITG2,20,Sardegna,Sardegna,1639591,71749,4.38,0.24
393,2021-01-01,SAR,30,16,14,30,0,0,0,0,0,0,30,0,ITG,ITG2,20,Sardegna,Sardegna,1639591,71779,4.38,0.0
394,2020-12-28,SAR,65,25,40,65,0,0,0,0,0,0,65,0,ITG,ITG2,20,Sardegna,Sardegna,1639591,71844,4.38,0.0
395,2021-01-13,SAR,573,178,395,494,76,3,0,0,0,0,573,0,ITG,ITG2,20,Sardegna,Sardegna,1639591,72417,4.42,0.03
396,2021-03-21,SAR,4026,1807,2219,64,5,405,0,2875,102,575,2586,1440,ITG,ITG2,20,Sardegna,Sardegna,1639591,76443,4.66,0.25
397,2021-02-23,SAR,1519,1010,509,602,191,330,89,6,301,0,1285,234,ITG,ITG2,20,Sardegna,Sardegna,1639591,77962,4.75,0.09
398,2021-01-07,SAR,3111,1077,2034,2720,311,69,0,0,11,0,3111,0,ITG,ITG2,20,Sardegna,Sardegna,1639591,81073,4.94,0.19
399,2021-03-25,SAR,7983,3339,4644,810,152,1749,188,3274,248,1562,6795,1188,ITG,ITG2,20,Sardegna,Sardegna,1639591,89056,5.43,0.49
400,2021-02-10,SAR,1959,765,1194,1169,245,56,488,0,0,1,1441,518,ITG,ITG2,20,Sardegna,Sardegna,1639591,91015,5.55,0.12
401,2021-03-27,SAR,4822,1826,2996,312,117,716,186,2438,15,1038,4429,393,ITG,ITG2,20,Sardegna,Sardegna,1639591,95837,5.85,0.29
402,2021-02-26,SAR,2797,1107,1690,1224,509,561,221,203,74,5,2491,306,ITG,ITG2,20,Sardegna,Sardegna,1639591,98634,6.02,0.17
403,2021-03-11,SAR,5898,2668,3230,1010,419,650,416,2811,490,102,4679,1219,ITG,ITG2,20,Sardegna,Sardegna,1639591,104532,6.38,0.36
404,2021-01-28,SAR,2968,1044,1924,2554,327,76,0,0,11,0,69,2899,ITG,ITG2,20,Sardegna,Sardegna,1639591,107500,6.56,0.18
405,2021-01-10,SAR,2183,750,1433,1632,228,323,0,0,0,0,2183,0,ITG,ITG2,20,Sardegna,Sardegna,1639591,109683,6.69,0.13
406,2021-03-17,SAR,6097,2622,3475,1074,452,953,528,2959,3,128,4488,1609,ITG,ITG2,20,Sardegna,Sardegna,1639591,115780,7.06,0.37
407,2021-03-13,SAR,2724,1061,1663,274,103,291,145,1735,43,133,2443,281,ITG,ITG2,20,Sardegna,Sardegna,1639591,118504,7.23,0.17
408,2021-02-20,SAR,2041,855,1186,484,128,31,195,1202,0,1,1707,334,ITG,ITG2,20,Sardegna,Sardegna,1639591,120545,7.35,0.12
409,2021-02-15,SAR,958,349,609,440,226,13,279,0,0,0,927,31,ITG,ITG2,20,Sardegna,Sardegna,1639591,121503,7.41,0.06
410,2021-03-29,SAR,1710,661,1049,260,68,256,177,478,87,384,1450,260,ITG,ITG2,20,Sardegna,Sardegna,1639591,123213,7.51,0.1
411,2021-03-09,SAR,5140,2368,2772,1055,367,525,285,2266,332,310,4410,730,ITG,ITG2,20,Sardegna,Sardegna,1639591,128353,7.83,0.31
412,2021-03-16,SAR,4066,1810,2256,645,173,702,311,2227,0,8,3135,931,ITG,ITG2,20,Sardegna,Sardegna,1639591,132419,8.08,0.25
413,2021-02-19,SAR,1495,470,1025,677,336,101,379,1,1,0,1439,56,ITG,ITG2,20,Sardegna,Sardegna,1639591,133914,8.17,0.09
414,2021-03-26,SAR,7391,2864,4527,832,256,1820,413,2406,151,1513,5869,1522,ITG,ITG2,20,Sardegna,Sardegna,1639591,141305,8.62,0.45
415,2021-02-14,SAR,539,263,276,286,187,6,57,3,0,0,537,2,ITG,ITG2,20,Sardegna,Sardegna,1639591,141844,8.65,0.03
416,2021-03-15,SAR,2680,1214,1466,458,171,477,85,322,149,1018,2307,373,ITG,ITG2,20,Sardegna,Sardegna,1639591,144524,8.81,0.16
417,2021-01-02,SAR,60,21,39,60,0,0,0,0,0,0,60,0,ITG,ITG2,20,Sardegna,Sardegna,1639591,144584,8.82,0.0
418,2021-02-09,SAR,2286,837,1449,1308,408,71,497,1,0,1,1290,996,ITG,ITG2,20,Sardegna,Sardegna,1639591,146870,8.96,0.14
419,2021-02-25,SAR,2899,1255,1644,1474,348,390,466,161,51,9,2293,606,ITG,ITG2,20,Sardegna,Sardegna,1639591,149769,9.13,0.18
420,2021-01-06,SAR,1615,549,1066,1510,67,38,0,0,0,0,1615,0,ITG,ITG2,20,Sardegna,Sardegna,1639591,151384,9.23,0.1
421,2021-02-21,SAR,1585,710,875,66,25,8,59,1421,6,0,1555,30,ITG,ITG2,20,Sardegna,Sardegna,1639591,152969,9.33,0.1
422,2021-01-31,SAR,2121,750,1371,1544,128,448,0,1,0,0,48,2073,ITG,ITG2,20,Sardegna,Sardegna,1639591,155090,9.46,0.13
423,2021-01-26,SAR,1336,453,883,1296,27,12,0,0,0,1,27,1309,ITG,ITG2,20,Sardegna,Sardegna,1639591,156426,9.54,0.08
424,2021-02-28,SAR,368,169,199,245,69,7,47,0,0,0,142,226,ITG,ITG2,20,Sardegna,Sardegna,1639591,156794,9.56,0.02
425,2021-03-05,SAR,4963,2430,2533,1692,775,587,669,570,660,10,2675,2288,ITG,ITG2,20,Sardegna,Sardegna,1639591,161757,9.87,0.3
426,2021-01-11,SAR,1183,505,678,656,139,387,0,1,0,0,1183,0,ITG,ITG2,20,Sardegna,Sardegna,1639591,162940,9.94,0.07
427,2021-01-25,SAR,588,212,376,553,29,6,0,0,0,0,22,566,ITG,ITG2,20,Sardegna,Sardegna,1639591,163528,9.97,0.04
428,2021-03-08,SAR,3965,1777,2188,732,492,668,624,852,444,153,2776,1189,ITG,ITG2,20,Sardegna,Sardegna,1639591,167493,10.22,0.24
429,2021-02-12,SAR,2237,933,1304,986,660,89,501,1,0,0,2178,59,ITG,ITG2,20,Sardegna,Sardegna,1639591,169730,10.35,0.14
430,2021-01-15,SAR,1563,573,990,1170,338,52,0,0,3,0,1563,0,ITG,ITG2,20,Sardegna,Sardegna,1639591,171293,10.45,0.1
431,2021-03-23,SAR,5703,2409,3294,1089,179,824,234,2146,90,1141,4653,1050,ITG,ITG2,20,Sardegna,Sardegna,1639591,176996,10.8,0.35
432,2021-02-02,SAR,1482,655,827,988,187,307,0,0,0,0,241,1241,ITG,ITG2,20,Sardegna,Sardegna,1639591,178478,10.89,0.09
433,2021-01-05,SAR,1327,446,881,1283,33,11,0,0,0,0,1327,0,ITG,ITG2,20,Sardegna,Sardegna,1639591,179805,10.97,0.08
434,2020-12-27,SAR,65,34,31,65,0,0,0,0,0,0,65,0,ITG,ITG2,20,Sardegna,Sardegna,1639591,179870,10.97,0.0
435,2021-01-20,SAR,210,77,133,154,56,0,0,0,0,0,208,2,ITG,ITG2,20,Sardegna,Sardegna,1639591,180080,10.98,0.01
436,2021-01-27,SAR,1408,494,914,1303,75,30,0,0,0,0,79,1329,ITG,ITG2,20,Sardegna,Sardegna,1639591,181488,11.07,0.09
437,2021-03-22,SAR,3492,1322,2170,838,151,412,109,781,66,1135,2979,513,ITG,ITG2,20,Sardegna,Sardegna,1639591,184980,11.28,0.21
438,2021-03-24,SAR,6671,2740,3931,736,159,1445,383,2709,184,1055,5321,1350,ITG,ITG2,20,Sardegna,Sardegna,1639591,191651,11.69,0.41
439,2021-02-24,SAR,2410,1292,1118,1193,311,303,301,3,299,0,2221,189,ITG,ITG2,20,Sardegna,Sardegna,1639591,194061,11.84,0.15
440,2021-03-28,SAR,4326,1700,2626,83,19,361,21,3149,12,681,4248,78,ITG,ITG2,20,Sardegna,Sardegna,1639591,198387,12.1,0.26
441,2021-01-22,SAR,83,47,36,45,38,0,0,0,0,0,55,28,ITG,ITG2,20,Sardegna,Sardegna,1639591,198470,12.1,0.01
442,2021-03-10,SAR,6001,2913,3088,719,384,516,414,2976,657,335,5146,855,ITG,ITG2,20,Sardegna,Sardegna,1639591,204471,12.47,0.37
443,2021-02-13,SAR,1454,563,891,732,400,64,253,0,0,5,1452,2,ITG,ITG2,20,Sardegna,Sardegna,1639591,205925,12.56,0.09
444,2021-02-06,SAR,1970,697,1273,1544,237,49,139,0,0,1,569,1401,ITG,ITG2,20,Sardegna,Sardegna,1639591,207895,12.68,0.12
445,2021-01-24,SAR,90,34,56,89,0,1,0,0,0,0,5,85,ITG,ITG2,20,Sardegna,Sardegna,1639591,207985,12.69,0.01
446,2021-03-14,SAR,606,376,230,34,1,235,0,251,73,12,606,0,ITG,ITG2,20,Sardegna,Sardegna,1639591,208591,12.72,0.04
447,2020-12-29,SAR,57,32,25,56,1,0,0,0,0,0,57,0,ITG,ITG2,20,Sardegna,Sardegna,1639591,208648,12.73,0.0
448,2021-01-03,SAR,90,36,54,89,1,0,0,0,0,0,90,0,ITG,ITG2,20,Sardegna,Sardegna,1639591,208738,12.73,0.01
449,2021-03-18,SAR,7064,2985,4079,1076,240,1321,354,3998,12,63,5461,1603,ITG,ITG2,20,Sardegna,Sardegna,1639591,215802,13.16,0.43
450,2021-02-05,SAR,1897,749,1148,1214,420,95,164,1,3,0,433,1464,ITG,ITG2,20,Sardegna,Sardegna,1639591,217699,13.28,0.12
451,2021-02-12,PUG,4098,1629,2469,2937,440,11,690,5,10,5,3008,1090,ITF,ITF4,16,Puglia,Puglia,4029053,4098,0.1,0.1
452,2021-03-20,PUG,7918,3596,4322,1422,66,233,51,5304,35,807,3347,4571,ITF,ITF4,16,Puglia,Puglia,4029053,12016,0.3,0.2
453,2021-01-27,PUG,4575,1927,2648,3916,221,40,396,0,0,2,610,3965,ITF,ITF4,16,Puglia,Puglia,4029053,16591,0.41,0.11
454,2021-01-12,PUG,4202,1765,2437,3628,339,11,218,1,0,5,4202,0,ITF,ITF4,16,Puglia,Puglia,4029053,20793,0.52,0.1
455,2021-01-31,PUG,1805,825,980,1499,103,1,198,2,0,2,73,1732,ITF,ITF4,16,Puglia,Puglia,4029053,22598,0.56,0.04
456,2021-03-18,PUG,9070,4107,4963,1739,293,323,195,6391,39,90,2972,6098,ITF,ITF4,16,Puglia,Puglia,4029053,31668,0.79,0.23
457,2021-02-24,PUG,10004,4687,5317,1920,415,295,117,6336,365,556,9416,588,ITF,ITF4,16,Puglia,Puglia,4029053,41672,1.03,0.25
458,2021-01-29,PUG,6188,2659,3529,5465,341,91,288,0,0,3,436,5752,ITF,ITF4,16,Puglia,Puglia,4029053,47860,1.19,0.15
459,2021-02-18,PUG,4368,1843,2525,2709,912,56,682,5,2,2,3765,603,ITF,ITF4,16,Puglia,Puglia,4029053,52228,1.3,0.11
460,2021-01-01,PUG,146,60,86,145,1,0,0,0,0,0,146,0,ITF,ITF4,16,Puglia,Puglia,4029053,52374,1.3,0.0
461,2021-03-04,PUG,14991,5843,9148,1544,389,509,322,4719,1231,6277,13614,1377,ITF,ITF4,16,Puglia,Puglia,4029053,67365,1.67,0.37
462,2021-01-25,PUG,3820,1677,2143,3470,155,24,168,2,0,1,422,3398,ITF,ITF4,16,Puglia,Puglia,4029053,71185,1.77,0.09
463,2021-02-11,PUG,3693,1401,2292,2568,389,11,723,0,0,2,2417,1276,ITF,ITF4,16,Puglia,Puglia,4029053,74878,1.86,0.09
464,2021-02-28,PUG,5845,1774,4071,559,119,142,26,1484,194,3321,5659,186,ITF,ITF4,16,Puglia,Puglia,4029053,80723,2.0,0.15
465,2021-03-26,PUG,10726,5005,5721,1599,483,889,249,5922,246,1338,6416,4310,ITF,ITF4,16,Puglia,Puglia,4029053,91449,2.27,0.27
466,2021-03-10,PUG,14282,6194,8088,2563,907,336,355,6443,601,3077,11171,3111,ITF,ITF4,16,Puglia,Puglia,4029053,105731,2.62,0.35
467,2021-02-05,PUG,5622,2269,3353,4562,494,31,526,0,3,6,1325,4297,ITF,ITF4,16,Puglia,Puglia,4029053,111353,2.76,0.14
468,2021-03-22,PUG,9181,4513,4668,597,185,496,11,6737,203,952,3662,5519,ITF,ITF4,16,Puglia,Puglia,4029053,120534,2.99,0.23
469,2021-01-17,PUG,1307,589,718,824,146,1,336,0,0,0,1238,69,ITF,ITF4,16,Puglia,Puglia,4029053,121841,3.02,0.03
470,2021-02-27,PUG,14001,4738,9263,1584,543,251,178,5081,345,6019,12822,1179,ITF,ITF4,16,Puglia,Puglia,4029053,135842,3.37,0.35
471,2021-03-13,PUG,10014,3943,6071,2158,226,197,128,3841,226,3238,8290,1724,ITF,ITF4,16,Puglia,Puglia,4029053,145856,3.62,0.25
472,2021-01-19,PUG,1221,452,769,527,113,4,577,0,0,0,1211,10,ITF,ITF4,16,Puglia,Puglia,4029053,147077,3.65,0.03
473,2021-03-17,PUG,10120,4640,5480,1758,427,181,62,7595,33,64,4067,6053,ITF,ITF4,16,Puglia,Puglia,4029053,157197,3.9,0.25
474,2021-03-02,PUG,16249,6022,10227,1393,371,687,112,4278,1247,8161,14944,1305,ITF,ITF4,16,Puglia,Puglia,4029053,173446,4.3,0.4
475,2021-02-06,PUG,4509,1913,2596,3491,483,4,528,0,0,3,1591,2918,ITF,ITF4,16,Puglia,Puglia,4029053,177955,4.42,0.11
476,2021-02-04,PUG,5894,2356,3538,4424,623,189,652,0,0,6,1167,4727,ITF,ITF4,16,Puglia,Puglia,4029053,183849,4.56,0.15
477,2021-01-04,PUG,4503,2012,2491,4371,84,36,11,0,0,1,4503,0,ITF,ITF4,16,Puglia,Puglia,4029053,188352,4.67,0.11
478,2021-01-28,PUG,5464,2271,3193,4759,314,62,327,0,0,2,474,4990,ITF,ITF4,16,Puglia,Puglia,4029053,193816,4.81,0.14
479,2021-02-03,PUG,5028,1999,3029,4363,469,9,184,0,0,3,729,4299,ITF,ITF4,16,Puglia,Puglia,4029053,198844,4.94,0.12
480,2021-02-26,PUG,13556,4957,8599,2117,621,224,285,5090,602,4617,12536,1020,ITF,ITF4,16,Puglia,Puglia,4029053,212400,5.27,0.34
481,2021-01-23,PUG,3036,1291,1745,2522,174,31,308,0,0,1,885,2151,ITF,ITF4,16,Puglia,Puglia,4029053,215436,5.35,0.08
482,2021-01-10,PUG,2346,1060,1286,2035,100,9,202,0,0,0,2346,0,ITF,ITF4,16,Puglia,Puglia,4029053,217782,5.41,0.06
483,2021-03-03,PUG,16431,6592,9839,2018,416,400,192,5900,809,6696,14610,1821,ITF,ITF4,16,Puglia,Puglia,4029053,234213,5.81,0.41
484,2021-01-13,PUG,4536,1729,2807,3969,310,25,230,0,0,2,4536,0,ITF,ITF4,16,Puglia,Puglia,4029053,238749,5.93,0.11
485,2021-02-23,PUG,9304,4401,4903,1763,308,179,156,5484,398,1016,8837,467,ITF,ITF4,16,Puglia,Puglia,4029053,248053,6.16,0.23
486,2021-03-07,PUG,4909,1937,2972,930,48,189,2,1621,323,1796,4339,570,ITF,ITF4,16,Puglia,Puglia,4029053,252962,6.28,0.12
487,2020-12-30,PUG,1,0,1,1,0,0,0,0,0,0,1,0,ITF,ITF4,16,Puglia,Puglia,4029053,252963,6.28,0.0
488,2021-02-07,PUG,1540,657,883,1029,218,4,288,0,0,1,252,1288,ITF,ITF4,16,Puglia,Puglia,4029053,254503,6.32,0.04
489,2021-01-05,PUG,5096,2244,2852,4740,153,96,98,5,0,4,5096,0,ITF,ITF4,16,Puglia,Puglia,4029053,259599,6.44,0.13
490,2021-01-26,PUG,5360,2397,2963,4846,241,40,232,1,0,0,574,4786,ITF,ITF4,16,Puglia,Puglia,4029053,264959,6.58,0.13
491,2021-03-25,PUG,10470,5087,5383,1245,305,908,53,6927,386,646,4422,6048,ITF,ITF4,16,Puglia,Puglia,4029053,275429,6.84,0.26
492,2021-01-20,PUG,1550,543,1007,783,125,40,602,0,0,0,1542,8,ITF,ITF4,16,Puglia,Puglia,4029053,276979,6.87,0.04
493,2021-01-02,PUG,2946,1298,1648,2826,64,29,23,0,0,4,2946,0,ITF,ITF4,16,Puglia,Puglia,4029053,279925,6.95,0.07
494,2021-01-11,PUG,3749,1587,2162,3213,318,38,175,0,3,2,3749,0,ITF,ITF4,16,Puglia,Puglia,4029053,283674,7.04,0.09
495,2021-02-21,PUG,2171,472,1699,537,24,61,49,32,12,1456,2110,61,ITF,ITF4,16,Puglia,Puglia,4029053,285845,7.09,0.05
496,2021-01-16,PUG,2510,1033,1477,1685,299,7,518,0,0,1,2510,0,ITF,ITF4,16,Puglia,Puglia,4029053,288355,7.16,0.06
497,2021-02-02,PUG,4331,1838,2493,3622,376,13,317,0,0,3,591,3740,ITF,ITF4,16,Puglia,Puglia,4029053,292686,7.26,0.11
498,2021-01-15,PUG,4545,1860,2685,3592,337,51,558,0,3,4,4545,0,ITF,ITF4,16,Puglia,Puglia,4029053,297231,7.38,0.11
499,2021-03-21,PUG,2669,1219,1450,462,15,103,13,1778,14,284,566,2103,ITF,ITF4,16,Puglia,Puglia,4029053,299900,7.44,0.07
500,2021-01-24,PUG,1668,749,919,1286,231,0,150,1,0,0,152,1516,ITF,ITF4,16,Puglia,Puglia,4029053,301568,7.48,0.04
501,2021-03-14,PUG,3241,1396,1845,951,62,141,73,973,42,999,2486,755,ITF,ITF4,16,Puglia,Puglia,4029053,304809,7.57,0.08
502,2021-02-16,PUG,3379,1451,1928,2133,727,83,414,4,16,2,2733,646,ITF,ITF4,16,Puglia,Puglia,4029053,308188,7.65,0.08
503,2021-03-11,PUG,14267,6141,8126,2886,746,443,515,5202,797,3678,11175,3092,ITF,ITF4,16,Puglia,Puglia,4029053,322455,8.0,0.35
504,2021-03-12,PUG,13732,6033,7699,3277,907,408,430,4885,886,2939,9808,3924,ITF,ITF4,16,Puglia,Puglia,4029053,336187,8.34,0.34
505,2021-03-05,PUG,16958,6759,10199,2314,542,681,273,5208,1022,6918,14797,2161,ITF,ITF4,16,Puglia,Puglia,4029053,353145,8.76,0.42
506,2021-01-30,PUG,5524,2511,3013,4748,323,25,419,3,0,6,413,5111,ITF,ITF4,16,Puglia,Puglia,4029053,358669,8.9,0.14
507,2021-03-15,PUG,11656,5567,6089,2072,503,307,115,7628,353,678,5173,6483,ITF,ITF4,16,Puglia,Puglia,4029053,370325,9.19,0.29
508,2021-02-20,PUG,2959,1075,1884,2112,194,50,167,8,4,424,2703,256,ITF,ITF4,16,Puglia,Puglia,4029053,373284,9.26,0.07
509,2021-01-07,PUG,5707,2448,3259,5210,246,30,217,0,1,3,5707,0,ITF,ITF4,16,Puglia,Puglia,4029053,378991,9.41,0.14
510,2021-02-01,PUG,3957,1656,2301,3439,279,21,209,0,4,5,375,3582,ITF,ITF4,16,Puglia,Puglia,4029053,382948,9.5,0.1
511,2021-01-14,PUG,4063,1586,2477,3166,368,28,499,0,0,2,4063,0,ITF,ITF4,16,Puglia,Puglia,4029053,387011,9.61,0.1
512,2021-01-21,PUG,2129,903,1226,1429,166,8,526,0,0,0,1270,859,ITF,ITF4,16,Puglia,Puglia,4029053,389140,9.66,0.05
513,2021-01-22,PUG,1408,578,830,876,150,6,373,2,0,1,991,417,ITF,ITF4,16,Puglia,Puglia,4029053,390548,9.69,0.03
514,2021-02-10,PUG,3603,1425,2178,2491,247,0,864,0,0,1,2122,1481,ITF,ITF4,16,Puglia,Puglia,4029053,394151,9.78,0.09
515,2021-03-08,PUG,14461,6001,8460,2094,525,613,202,6693,522,3812,12085,2376,ITF,ITF4,16,Puglia,Puglia,4029053,408612,10.14,0.36
516,2021-02-08,PUG,3988,1606,2382,2956,569,47,389,1,25,1,1597,2391,ITF,ITF4,16,Puglia,Puglia,4029053,412600,10.24,0.1
517,2021-02-22,PUG,9605,4522,5083,1425,432,303,139,6772,215,319,9275,330,ITF,ITF4,16,Puglia,Puglia,4029053,422205,10.48,0.24
518,2021-01-09,PUG,4867,2245,2622,4313,246,57,246,4,0,1,4867,0,ITF,ITF4,16,Puglia,Puglia,4029053,427072,10.6,0.12
519,2021-02-15,PUG,3252,1267,1985,2249,518,23,452,1,6,3,2632,620,ITF,ITF4,16,Puglia,Puglia,4029053,430324,10.68,0.08
520,2021-03-29,PUG,2592,1177,1415,367,33,241,3,1602,8,338,1160,1432,ITF,ITF4,16,Puglia,Puglia,4029053,432916,10.74,0.06
521,2021-03-19,PUG,7860,3619,4241,1750,211,214,69,5294,64,258,3330,4530,ITF,ITF4,16,Puglia,Puglia,4029053,440776,10.94,0.2
522,2020-12-31,PUG,1635,782,853,1549,33,6,44,0,0,3,1635,0,ITF,ITF4,16,Puglia,Puglia,4029053,442411,10.98,0.04
523,2021-01-18,PUG,1844,770,1074,1182,210,6,446,0,0,0,1495,349,ITF,ITF4,16,Puglia,Puglia,4029053,444255,11.03,0.05
524,2021-01-06,PUG,3943,1664,2279,3221,204,145,373,0,0,0,3943,0,ITF,ITF4,16,Puglia,Puglia,4029053,448198,11.12,0.1
525,2021-03-06,PUG,15773,5888,9885,2116,340,439,70,5350,479,6979,13808,1965,ITF,ITF4,16,Puglia,Puglia,4029053,463971,11.52,0.39
526,2021-03-27,PUG,11022,5253,5769,877,171,1813,60,6680,57,1364,6361,4661,ITF,ITF4,16,Puglia,Puglia,4029053,474993,11.79,0.27
527,2021-01-08,PUG,5573,2337,3236,4844,356,45,325,0,0,3,5573,0,ITF,ITF4,16,Puglia,Puglia,4029053,480566,11.93,0.14
528,2021-03-01,PUG,14953,5820,9133,1962,479,444,83,6095,819,5071,13586,1367,ITF,ITF4,16,Puglia,Puglia,4029053,495519,12.3,0.37
529,2021-02-09,PUG,3835,1568,2267,2533,651,17,621,8,0,5,2163,1672,ITF,ITF4,16,Puglia,Puglia,4029053,499354,12.39,0.1
530,2020-12-27,PUG,506,249,257,401,2,40,63,0,0,0,506,0,ITF,ITF4,16,Puglia,Puglia,4029053,499860,12.41,0.01
531,2021-02-17,PUG,4263,1742,2521,2453,1170,40,598,1,0,1,3666,597,ITF,ITF4,16,Puglia,Puglia,4029053,504123,12.51,0.11
532,2021-03-23,PUG,10311,4940,5371,1849,307,640,51,6032,453,979,3869,6442,ITF,ITF4,16,Puglia,Puglia,4029053,514434,12.77,0.26
533,2021-03-24,PUG,11985,5510,6475,1822,420,631,73,7407,232,1400,5512,6473,ITF,ITF4,16,Puglia,Puglia,4029053,526419,13.07,0.3
534,2021-02-19,PUG,4729,2009,2720,3040,981,260,390,2,49,7,4339,390,ITF,ITF4,16,Puglia,Puglia,4029053,531148,13.18,0.12
535,2021-01-03,PUG,2006,943,1063,1816,33,11,145,0,0,1,2006,0,ITF,ITF4,16,Puglia,Puglia,4029053,533154,13.23,0.05
536,2021-02-14,PUG,784,348,436,681,32,0,70,0,0,1,662,122,ITF,ITF4,16,Puglia,Puglia,4029053,533938,13.25,0.02
537,2021-02-13,PUG,3719,1451,2268,2880,507,12,291,4,18,7,3027,692,ITF,ITF4,16,Puglia,Puglia,4029053,537657,13.34,0.09
538,2021-02-25,PUG,11781,4995,6786,1721,524,349,419,5664,725,2379,10631,1150,ITF,ITF4,16,Puglia,Puglia,4029053,549438,13.64,0.29
539,2021-03-16,PUG,9564,4559,5005,2165,517,309,76,6400,62,35,3235,6329,ITF,ITF4,16,Puglia,Puglia,4029053,559002,13.87,0.24
540,2021-03-28,PUG,3146,1483,1663,569,49,617,2,1800,0,109,937,2209,ITF,ITF4,16,Puglia,Puglia,4029053,562148,13.95,0.08
541,2021-03-09,PUG,12783,5610,7173,1769,483,381,197,5411,1007,3535,10790,1993,ITF,ITF4,16,Puglia,Puglia,4029053,574931,14.27,0.32
542,2021-01-22,LOM,2948,829,2119,1569,595,34,741,9,0,0,2888,60,ITC,ITC4,3,Lombardia,Lombardia,10060574,2948,0.03,0.03
543,2021-03-12,LOM,34387,12734,21653,5058,2146,2326,1425,15460,1086,6886,24309,10078,ITC,ITC4,3,Lombardia,Lombardia,10060574,37335,0.37,0.34
544,2021-02-08,LOM,9821,2862,6959,5196,2172,69,2331,53,0,0,2108,7713,ITC,ITC4,3,Lombardia,Lombardia,10060574,47156,0.47,0.1
545,2021-03-10,LOM,32778,12578,20200,6816,2499,3007,1961,11523,1531,5441,25129,7649,ITC,ITC4,3,Lombardia,Lombardia,10060574,79934,0.79,0.33
546,2021-02-20,LOM,9387,3880,5507,4275,973,137,216,2919,863,4,9094,293,ITC,ITC4,3,Lombardia,Lombardia,10060574,89321,0.89,0.09
547,2021-03-29,LOM,12139,4417,7722,885,436,1018,56,7229,98,2417,6144,5995,ITC,ITC4,3,Lombardia,Lombardia,10060574,101460,1.01,0.12
548,2021-03-25,LOM,39806,14704,25102,3361,1191,3749,1150,19375,185,10795,28781,11025,ITC,ITC4,3,Lombardia,Lombardia,10060574,141266,1.4,0.4
549,2021-02-07,LOM,7172,2793,4379,5540,1285,60,263,17,2,5,339,6833,ITC,ITC4,3,Lombardia,Lombardia,10060574,148438,1.48,0.07
550,2021-03-08,LOM,29357,11026,18331,6518,1968,2444,1027,11302,1575,4523,22411,6946,ITC,ITC4,3,Lombardia,Lombardia,10060574,177795,1.77,0.29
551,2021-03-09,LOM,32963,12734,20229,6055,2532,3206,2283,12026,1427,5434,25602,7361,ITC,ITC4,3,Lombardia,Lombardia,10060574,210758,2.09,0.33
552,2021-02-12,LOM,13548,4228,9320,7978,2565,93,2802,102,5,3,8797,4751,ITC,ITC4,3,Lombardia,Lombardia,10060574,224306,2.23,0.13
553,2021-01-25,LOM,7020,2370,4650,5629,911,248,218,14,0,0,486,6534,ITC,ITC4,3,Lombardia,Lombardia,10060574,231326,2.3,0.07
554,2021-01-27,LOM,8028,2675,5353,6192,1244,155,434,1,0,2,820,7208,ITC,ITC4,3,Lombardia,Lombardia,10060574,239354,2.38,0.08
555,2021-02-06,LOM,15176,5509,9667,9822,2930,488,1861,71,1,3,1081,14095,ITC,ITC4,3,Lombardia,Lombardia,10060574,254530,2.53,0.15
556,2021-02-16,LOM,9480,3078,6402,5841,2100,159,1345,8,8,19,9029,451,ITC,ITC4,3,Lombardia,Lombardia,10060574,264010,2.62,0.09
557,2021-01-09,LOM,12381,4560,7821,9503,2051,624,196,6,1,0,12381,0,ITC,ITC4,3,Lombardia,Lombardia,10060574,276391,2.75,0.12
558,2021-01-07,LOM,11696,3621,8075,8959,1718,212,773,32,1,1,11696,0,ITC,ITC4,3,Lombardia,Lombardia,10060574,288087,2.86,0.12
559,2021-01-26,LOM,8325,2704,5621,6640,1270,170,223,22,0,0,334,7991,ITC,ITC4,3,Lombardia,Lombardia,10060574,296412,2.95,0.08
560,2021-03-07,LOM,11785,5246,6539,2998,895,2087,73,4522,552,658,9233,2552,ITC,ITC4,3,Lombardia,Lombardia,10060574,308197,3.06,0.12
561,2021-02-13,LOM,6398,2437,3961,4172,1416,85,700,17,4,4,4931,1467,ITC,ITC4,3,Lombardia,Lombardia,10060574,314595,3.13,0.06
562,2020-12-28,LOM,103,44,59,102,1,0,0,0,0,0,103,0,ITC,ITC4,3,Lombardia,Lombardia,10060574,314698,3.13,0.0
563,2021-02-23,LOM,11696,4772,6924,3936,1350,266,841,4310,990,3,11388,308,ITC,ITC4,3,Lombardia,Lombardia,10060574,326394,3.24,0.12
564,2021-01-13,LOM,25930,7950,17980,15644,5675,297,4122,189,2,1,25930,0,ITC,ITC4,3,Lombardia,Lombardia,10060574,352324,3.5,0.26
565,2021-03-14,LOM,14660,5257,9403,1498,572,1572,80,5258,396,5284,11389,3271,ITC,ITC4,3,Lombardia,Lombardia,10060574,366984,3.65,0.15
566,2021-02-10,LOM,14195,4448,9747,8452,2271,109,3283,71,3,6,7453,6742,ITC,ITC4,3,Lombardia,Lombardia,10060574,381179,3.79,0.14
567,2021-01-10,LOM,10516,3955,6561,8173,2159,85,85,11,2,1,10516,0,ITC,ITC4,3,Lombardia,Lombardia,10060574,391695,3.89,0.1
568,2021-03-03,LOM,26515,11331,15184,6333,1599,4779,1664,9807,1862,471,19358,7157,ITC,ITC4,3,Lombardia,Lombardia,10060574,418210,4.16,0.26
569,2021-01-31,LOM,9727,3754,5973,7568,1996,67,87,7,2,0,33,9694,ITC,ITC4,3,Lombardia,Lombardia,10060574,427937,4.25,0.1
570,2021-02-01,LOM,16029,5308,10721,11661,3315,106,902,43,1,1,324,15705,ITC,ITC4,3,Lombardia,Lombardia,10060574,443966,4.41,0.16
571,2021-02-11,LOM,16789,4938,11851,9651,3189,58,3849,32,4,6,9458,7331,ITC,ITC4,3,Lombardia,Lombardia,10060574,460755,4.58,0.17
572,2021-03-15,LOM,31193,11196,19997,4650,2140,1853,832,12868,594,8256,22804,8389,ITC,ITC4,3,Lombardia,Lombardia,10060574,491948,4.89,0.31
573,2021-02-19,LOM,14035,5357,8678,5529,1618,268,1136,4540,928,16,13358,677,ITC,ITC4,3,Lombardia,Lombardia,10060574,505983,5.03,0.14
574,2021-01-12,LOM,19745,6588,13157,13410,4444,235,1563,92,1,0,19745,0,ITC,ITC4,3,Lombardia,Lombardia,10060574,525728,5.23,0.2
575,2021-03-02,LOM,22515,9584,12931,3052,1297,2898,2121,11239,1778,130,19549,2966,ITC,ITC4,3,Lombardia,Lombardia,10060574,548243,5.45,0.22
576,2021-03-13,LOM,26915,9668,17247,3730,933,2979,251,10303,617,8102,20928,5987,ITC,ITC4,3,Lombardia,Lombardia,10060574,575158,5.72,0.27
577,2021-01-14,LOM,26416,7706,18710,15072,5448,305,5362,228,1,0,26416,0,ITC,ITC4,3,Lombardia,Lombardia,10060574,601574,5.98,0.26
578,2021-01-17,LOM,8249,3321,4928,5547,699,1751,211,36,5,0,8049,200,ITC,ITC4,3,Lombardia,Lombardia,10060574,609823,6.06,0.08
579,2021-01-24,LOM,1186,454,732,830,134,197,24,1,0,0,523,663,ITC,ITC4,3,Lombardia,Lombardia,10060574,611009,6.07,0.01
580,2021-03-04,LOM,28904,11961,16943,6899,2179,4656,2059,10788,1947,376,20015,8889,ITC,ITC4,3,Lombardia,Lombardia,10060574,639913,6.36,0.29
581,2021-01-01,LOM,24,7,17,24,0,0,0,0,0,0,24,0,ITC,ITC4,3,Lombardia,Lombardia,10060574,639937,6.36,0.0
582,2021-03-20,LOM,32008,11938,20070,1947,1157,2131,520,18167,284,7802,22233,9775,ITC,ITC4,3,Lombardia,Lombardia,10060574,671945,6.68,0.32
583,2021-03-24,LOM,41440,14820,26620,2944,1292,3949,1353,18988,433,12481,30727,10713,ITC,ITC4,3,Lombardia,Lombardia,10060574,713385,7.09,0.41
584,2021-03-22,LOM,39144,13758,25386,2412,1309,2377,690,19851,446,12059,29117,10027,ITC,ITC4,3,Lombardia,Lombardia,10060574,752529,7.48,0.39
585,2020-12-31,LOM,713,300,413,657,56,0,0,0,0,0,713,0,ITC,ITC4,3,Lombardia,Lombardia,10060574,753242,7.49,0.01
586,2021-02-28,LOM,7834,3234,4600,1106,694,1586,76,4259,82,31,7618,216,ITC,ITC4,3,Lombardia,Lombardia,10060574,761076,7.56,0.08
587,2021-03-19,LOM,31985,12746,19239,2711,1697,1206,1323,21890,150,3008,19014,12971,ITC,ITC4,3,Lombardia,Lombardia,10060574,793061,7.88,0.32
588,2021-02-15,LOM,8795,3079,5716,6012,1603,150,986,4,31,9,8375,420,ITC,ITC4,3,Lombardia,Lombardia,10060574,801856,7.97,0.09
589,2021-02-18,LOM,13949,4904,9045,6113,1790,157,1567,3437,857,28,12926,1023,ITC,ITC4,3,Lombardia,Lombardia,10060574,815805,8.11,0.14
590,2021-01-29,LOM,13436,4114,9322,10485,2256,113,573,9,0,0,654,12782,ITC,ITC4,3,Lombardia,Lombardia,10060574,829241,8.24,0.13
591,2021-02-24,LOM,14627,5909,8718,3576,1441,306,1784,6315,1181,24,13704,923,ITC,ITC4,3,Lombardia,Lombardia,10060574,843868,8.39,0.15
592,2021-01-30,LOM,12309,4565,7744,9902,2048,189,160,8,1,1,192,12117,ITC,ITC4,3,Lombardia,Lombardia,10060574,856177,8.51,0.12
593,2021-03-23,LOM,41257,14859,26398,2061,1296,3417,1194,20520,324,12445,28994,12263,ITC,ITC4,3,Lombardia,Lombardia,10060574,897434,8.92,0.41
594,2021-02-05,LOM,25264,7352,17912,14319,6061,183,4442,258,1,0,2367,22897,ITC,ITC4,3,Lombardia,Lombardia,10060574,922698,9.17,0.25
595,2021-01-08,LOM,12599,3898,8701,9962,2175,143,314,5,0,0,12599,0,ITC,ITC4,3,Lombardia,Lombardia,10060574,935297,9.3,0.13
596,2021-02-21,LOM,5004,1851,3153,1743,807,152,32,2227,40,3,4984,20,ITC,ITC4,3,Lombardia,Lombardia,10060574,940301,9.35,0.05
597,2021-03-28,LOM,18506,7021,11485,1942,822,1957,99,9886,29,3771,13045,5461,ITC,ITC4,3,Lombardia,Lombardia,10060574,958807,9.53,0.18
598,2021-02-09,LOM,12139,3305,8834,5723,2206,92,4037,75,2,4,4030,8109,ITC,ITC4,3,Lombardia,Lombardia,10060574,970946,9.65,0.12
599,2021-03-21,LOM,22686,8081,14605,1046,551,1272,410,9717,734,8956,17434,5252,ITC,ITC4,3,Lombardia,Lombardia,10060574,993632,9.88,0.23
600,2020-12-30,LOM,113,42,71,105,7,1,0,0,0,0,113,0,ITC,ITC4,3,Lombardia,Lombardia,10060574,993745,9.88,0.0
601,2021-03-17,LOM,25880,10342,15538,2516,1299,1032,1905,19045,44,39,15056,10824,ITC,ITC4,3,Lombardia,Lombardia,10060574,1019625,10.13,0.26
602,2021-02-17,LOM,11793,3707,8086,7590,2149,107,1860,39,38,10,10438,1355,ITC,ITC4,3,Lombardia,Lombardia,10060574,1031418,10.25,0.12
603,2021-03-26,LOM,37819,14357,23462,2560,1342,4171,693,20359,208,8486,26254,11565,ITC,ITC4,3,Lombardia,Lombardia,10060574,1069237,10.63,0.38
604,2021-02-26,LOM,18169,7488,10681,3285,1656,274,1155,10471,1304,24,16322,1847,ITC,ITC4,3,Lombardia,Lombardia,10060574,1087406,10.81,0.18
605,2021-03-05,LOM,28355,11707,16648,7036,2455,4445,1480,10634,1900,405,20197,8158,ITC,ITC4,3,Lombardia,Lombardia,10060574,1115761,11.09,0.28
606,2020-12-27,LOM,702,407,295,601,45,41,14,1,0,0,702,0,ITC,ITC4,3,Lombardia,Lombardia,10060574,1116463,11.1,0.01
607,2021-02-04,LOM,27247,7984,19263,15652,5732,150,5512,194,7,0,1950,25297,ITC,ITC4,3,Lombardia,Lombardia,10060574,1143710,11.37,0.27
608,2021-02-03,LOM,25427,7863,17564,15556,5553,152,4015,142,8,1,1120,24307,ITC,ITC4,3,Lombardia,Lombardia,10060574,1169137,11.62,0.25
609,2021-01-03,LOM,852,316,536,744,87,16,4,1,0,0,852,0,ITC,ITC4,3,Lombardia,Lombardia,10060574,1169989,11.63,0.01
610,2021-01-04,LOM,5979,2059,3920,4917,692,186,173,11,0,0,5979,0,ITC,ITC4,3,Lombardia,Lombardia,10060574,1175968,11.69,0.06
611,2021-01-28,LOM,12156,3684,8472,9172,1784,199,971,28,1,1,775,11381,ITC,ITC4,3,Lombardia,Lombardia,10060574,1188124,11.81,0.12
612,2021-02-25,LOM,15141,6284,8857,2948,1289,330,1292,8056,1216,10,13597,1544,ITC,ITC4,3,Lombardia,Lombardia,10060574,1203265,11.96,0.15
613,2021-01-19,LOM,8075,2342,5733,4041,1742,77,2149,65,1,0,7599,476,ITC,ITC4,3,Lombardia,Lombardia,10060574,1211340,12.04,0.08
614,2021-02-14,LOM,3559,1540,2019,2749,491,282,24,3,0,10,2937,622,ITC,ITC4,3,Lombardia,Lombardia,10060574,1214899,12.08,0.04
615,2021-02-27,LOM,13816,5818,7998,2001,1082,787,558,8249,1091,48,13272,544,ITC,ITC4,3,Lombardia,Lombardia,10060574,1228715,12.21,0.14
616,2021-03-18,LOM,26852,10719,16133,2164,1106,1171,1454,20813,44,100,15886,10966,ITC,ITC4,3,Lombardia,Lombardia,10060574,1255567,12.48,0.27
617,2021-03-06,LOM,21166,9034,12132,4750,1850,4320,438,7436,1025,1347,16656,4510,ITC,ITC4,3,Lombardia,Lombardia,10060574,1276733,12.69,0.21
618,2021-01-18,LOM,9092,2948,6144,5159,1940,107,1830,54,2,0,8110,982,ITC,ITC4,3,Lombardia,Lombardia,10060574,1285825,12.78,0.09
619,2021-01-05,LOM,7692,2524,5168,6178,1108,227,172,7,0,0,7692,0,ITC,ITC4,3,Lombardia,Lombardia,10060574,1293517,12.86,0.08
620,2021-02-22,LOM,11655,4713,6942,4165,1393,143,932,4029,965,28,11346,309,ITC,ITC4,3,Lombardia,Lombardia,10060574,1305172,12.97,0.12
621,2021-03-27,LOM,29375,11047,18328,1886,1057,3318,232,16215,66,6601,21621,7754,ITC,ITC4,3,Lombardia,Lombardia,10060574,1334547,13.27,0.29
622,2021-01-16,LOM,15316,5695,9621,8599,1230,3850,1482,152,3,0,15316,0,ITC,ITC4,3,Lombardia,Lombardia,10060574,1349863,13.42,0.15
623,2021-03-01,LOM,18595,8146,10449,2636,1018,1598,900,10806,1609,28,16891,1704,ITC,ITC4,3,Lombardia,Lombardia,10060574,1368458,13.6,0.18
624,2021-01-06,LOM,7051,2487,4564,5841,1020,150,38,0,0,2,7051,0,ITC,ITC4,3,Lombardia,Lombardia,10060574,1375509,13.67,0.07
625,2021-03-11,LOM,35790,13345,22445,5772,2379,2628,2118,15024,1216,6653,26055,9735,ITC,ITC4,3,Lombardia,Lombardia,10060574,1411299,14.03,0.36
626,2021-02-02,LOM,19820,6575,13245,13487,4415,155,1679,76,7,1,489,19331,ITC,ITC4,3,Lombardia,Lombardia,10060574,1431119,14.23,0.2
627,2021-01-20,LOM,5578,1364,4214,2743,1174,45,1557,59,0,0,5463,115,ITC,ITC4,3,Lombardia,Lombardia,10060574,1436697,14.28,0.06
628,2021-01-02,LOM,199,72,127,178,16,5,0,0,0,0,199,0,ITC,ITC4,3,Lombardia,Lombardia,10060574,1436896,14.28,0.0
629,2021-01-11,LOM,16017,5322,10695,11812,3303,158,699,42,1,2,16017,0,ITC,ITC4,3,Lombardia,Lombardia,10060574,1452913,14.44,0.16
630,2021-01-15,LOM,24544,7236,17308,13587,5772,428,4453,302,2,0,24544,0,ITC,ITC4,3,Lombardia,Lombardia,10060574,1477457,14.69,0.24
631,2021-01-23,LOM,1114,357,757,644,258,74,138,0,0,0,916,198,ITC,ITC4,3,Lombardia,Lombardia,10060574,1478571,14.7,0.01
632,2020-12-29,LOM,100,43,57,100,0,0,0,0,0,0,100,0,ITC,ITC4,3,Lombardia,Lombardia,10060574,1478671,14.7,0.0
633,2021-03-16,LOM,25309,10044,15265,3290,1344,1560,1391,17632,17,75,16326,8983,ITC,ITC4,3,Lombardia,Lombardia,10060574,1503980,14.95,0.25
634,2021-01-21,LOM,5328,1566,3762,3012,1209,78,1025,4,0,0,4641,687,ITC,ITC4,3,Lombardia,Lombardia,10060574,1509308,15.0,0.05
635,2021-02-27,PIE,12665,4843,7822,882,464,517,232,7534,0,3036,12315,350,ITC,ITC1,1,Piemonte,Piemonte,4356406,12665,0.29,0.29
636,2021-03-20,PIE,11725,4807,6918,878,449,753,163,7551,0,1931,5831,5894,ITC,ITC1,1,Piemonte,Piemonte,4356406,24390,0.56,0.27
637,2021-03-09,PIE,13865,5392,8473,1682,850,716,356,7952,0,2309,11523,2342,ITC,ITC1,1,Piemonte,Piemonte,4356406,38255,0.88,0.32
638,2021-02-17,PIE,4730,2124,2606,2188,954,1089,497,1,0,1,3741,989,ITC,ITC1,1,Piemonte,Piemonte,4356406,42985,0.99,0.11
639,2021-03-08,PIE,13904,5274,8630,2040,892,538,412,7395,0,2627,11193,2711,ITC,ITC1,1,Piemonte,Piemonte,4356406,56889,1.31,0.32
640,2021-03-05,PIE,15252,5953,9299,2539,1098,925,654,7665,0,2371,11435,3817,ITC,ITC1,1,Piemonte,Piemonte,4356406,72141,1.66,0.35
641,2021-03-18,PIE,11585,4743,6842,1460,677,358,343,8729,0,18,3877,7708,ITC,ITC1,1,Piemonte,Piemonte,4356406,83726,1.92,0.27
642,2021-01-21,PIE,6876,2314,4562,4705,825,30,1316,0,0,0,3381,3495,ITC,ITC1,1,Piemonte,Piemonte,4356406,90602,2.08,0.16
643,2021-02-23,PIE,9226,3708,5518,2294,821,570,389,4100,0,1052,8645,581,ITC,ITC1,1,Piemonte,Piemonte,4356406,99828,2.29,0.21
644,2021-03-27,PIE,17721,7542,10179,1200,544,2254,89,11523,54,2057,8949,8772,ITC,ITC1,1,Piemonte,Piemonte,4356406,117549,2.7,0.41
645,2021-03-01,PIE,11703,4686,7017,1142,538,744,281,6595,0,2403,10891,812,ITC,ITC1,1,Piemonte,Piemonte,4356406,129252,2.97,0.27
646,2021-01-29,PIE,5940,1886,4054,4198,1018,51,673,0,0,0,455,5485,ITC,ITC1,1,Piemonte,Piemonte,4356406,135192,3.1,0.14
647,2021-03-29,PIE,6234,2645,3589,154,130,778,1,4735,16,420,2884,3350,ITC,ITC1,1,Piemonte,Piemonte,4356406,141426,3.25,0.14
648,2021-01-12,PIE,10040,3401,6639,6859,1917,92,1172,0,0,0,10040,0,ITC,ITC1,1,Piemonte,Piemonte,4356406,151466,3.48,0.23
649,2021-02-26,PIE,12235,4909,7326,811,376,1070,487,6594,1,2896,11497,738,ITC,ITC1,1,Piemonte,Piemonte,4356406,163701,3.76,0.28
650,2021-01-25,PIE,6209,1938,4271,4782,839,26,562,0,0,0,982,5227,ITC,ITC1,1,Piemonte,Piemonte,4356406,169910,3.9,0.14
651,2021-03-03,PIE,12059,4621,7438,1102,434,594,257,7020,0,2652,11238,821,ITC,ITC1,1,Piemonte,Piemonte,4356406,181969,4.18,0.28
652,2021-01-15,PIE,8962,2951,6011,5495,1860,64,1543,0,0,0,8962,0,ITC,ITC1,1,Piemonte,Piemonte,4356406,190931,4.38,0.21
653,2021-02-25,PIE,12199,5244,6955,1439,592,1484,405,6320,1,1958,11651,548,ITC,ITC1,1,Piemonte,Piemonte,4356406,203130,4.66,0.28
654,2021-01-28,PIE,5588,1809,3779,4118,829,50,590,1,0,0,384,5204,ITC,ITC1,1,Piemonte,Piemonte,4356406,208718,4.79,0.13
655,2021-01-11,PIE,8740,2980,5760,6053,1484,77,1126,0,0,0,8740,0,ITC,ITC1,1,Piemonte,Piemonte,4356406,217458,4.99,0.2
656,2021-02-02,PIE,10232,3504,6728,6867,1979,69,1317,0,0,0,814,9418,ITC,ITC1,1,Piemonte,Piemonte,4356406,227690,5.23,0.23
657,2021-01-10,PIE,5207,2273,2934,3904,765,19,519,0,0,0,5207,0,ITC,ITC1,1,Piemonte,Piemonte,4356406,232897,5.35,0.12
658,2021-03-21,PIE,10353,4529,5824,575,383,1238,9,6833,0,1315,3831,6522,ITC,ITC1,1,Piemonte,Piemonte,4356406,243250,5.58,0.24
659,2021-02-22,PIE,8461,3462,4999,1702,800,639,511,3889,0,920,7872,589,ITC,ITC1,1,Piemonte,Piemonte,4356406,251711,5.78,0.19
660,2021-02-28,PIE,10803,4054,6749,642,344,167,53,6812,0,2785,10563,240,ITC,ITC1,1,Piemonte,Piemonte,4356406,262514,6.03,0.25
661,2021-02-08,PIE,6914,2355,4559,3784,1480,78,1572,0,0,0,666,6248,ITC,ITC1,1,Piemonte,Piemonte,4356406,269428,6.18,0.16
662,2021-02-09,PIE,7350,2309,5041,4154,1323,43,1830,0,0,0,722,6628,ITC,ITC1,1,Piemonte,Piemonte,4356406,276778,6.35,0.17
663,2021-01-27,PIE,4196,1453,2743,2983,541,115,557,0,0,0,999,3197,ITC,ITC1,1,Piemonte,Piemonte,4356406,280974,6.45,0.1
664,2021-02-21,PIE,5086,2080,3006,686,189,75,47,3352,0,737,4983,103,ITC,ITC1,1,Piemonte,Piemonte,4356406,286060,6.57,0.12
665,2021-01-06,PIE,3114,1110,2004,2368,319,114,313,0,0,0,3114,0,ITC,ITC1,1,Piemonte,Piemonte,4356406,289174,6.64,0.07
666,2021-03-22,PIE,10804,4470,6334,872,457,554,181,7516,0,1224,3582,7222,ITC,ITC1,1,Piemonte,Piemonte,4356406,299978,6.89,0.25
667,2021-03-04,PIE,14425,5716,8709,2169,870,1093,581,7523,0,2189,11517,2908,ITC,ITC1,1,Piemonte,Piemonte,4356406,314403,7.22,0.33
668,2021-01-19,PIE,6421,2099,4322,3574,1238,61,1548,0,0,0,6412,9,ITC,ITC1,1,Piemonte,Piemonte,4356406,320824,7.36,0.15
669,2021-02-13,PIE,4150,1334,2816,2309,654,68,1113,1,0,5,2928,1222,ITC,ITC1,1,Piemonte,Piemonte,4356406,324974,7.46,0.1
670,2021-01-18,PIE,6162,2047,4115,3236,1322,82,1522,0,0,0,5914,248,ITC,ITC1,1,Piemonte,Piemonte,4356406,331136,7.6,0.14
671,2021-03-24,PIE,14977,6152,8825,1054,498,996,416,11223,37,753,5879,9098,ITC,ITC1,1,Piemonte,Piemonte,4356406,346113,7.94,0.34
672,2021-03-23,PIE,12678,5225,7453,687,325,985,211,9213,0,1257,6442,6236,ITC,ITC1,1,Piemonte,Piemonte,4356406,358791,8.24,0.29
673,2021-01-24,PIE,3150,957,2193,2632,344,28,146,0,0,0,434,2716,ITC,ITC1,1,Piemonte,Piemonte,4356406,361941,8.31,0.07
674,2021-01-02,PIE,3540,1134,2406,3073,336,78,53,0,0,0,3540,0,ITC,ITC1,1,Piemonte,Piemonte,4356406,365481,8.39,0.08
675,2021-03-07,PIE,11960,4652,7308,1322,727,419,111,7332,0,2049,11079,881,ITC,ITC1,1,Piemonte,Piemonte,4356406,377441,8.66,0.27
676,2021-01-14,PIE,9761,3150,6611,6175,2006,96,1484,0,0,0,9761,0,ITC,ITC1,1,Piemonte,Piemonte,4356406,387202,8.89,0.22
677,2021-01-23,PIE,4254,1325,2929,3206,453,75,520,0,0,0,878,3376,ITC,ITC1,1,Piemonte,Piemonte,4356406,391456,8.99,0.1
678,2021-03-25,PIE,16186,6794,9392,965,491,1071,512,11684,178,1285,7569,8617,ITC,ITC1,1,Piemonte,Piemonte,4356406,407642,9.36,0.37
679,2021-02-11,PIE,6761,2106,4655,3421,1136,191,2010,0,0,3,3004,3757,ITC,ITC1,1,Piemonte,Piemonte,4356406,414403,9.51,0.16
680,2021-01-04,PIE,5562,1678,3884,4590,716,21,235,0,0,0,5562,0,ITC,ITC1,1,Piemonte,Piemonte,4356406,419965,9.64,0.13
681,2021-01-03,PIE,3061,966,2095,2714,268,27,52,0,0,0,3061,0,ITC,ITC1,1,Piemonte,Piemonte,4356406,423026,9.71,0.07
682,2021-01-16,PIE,7754,2630,5124,4795,1515,80,1364,0,0,0,7754,0,ITC,ITC1,1,Piemonte,Piemonte,4356406,430780,9.89,0.18
683,2021-02-18,PIE,4782,2089,2693,2252,868,1036,624,0,0,2,4352,430,ITC,ITC1,1,Piemonte,Piemonte,4356406,435562,10.0,0.11
684,2021-03-19,PIE,10744,4394,6350,1092,467,498,428,7988,0,271,4317,6427,ITC,ITC1,1,Piemonte,Piemonte,4356406,446306,10.24,0.25
685,2021-03-28,PIE,15826,6814,9012,923,772,2620,34,8895,106,2476,8220,7606,ITC,ITC1,1,Piemonte,Piemonte,4356406,462132,10.61,0.36
686,2021-02-01,PIE,8641,3053,5588,6170,1324,79,1068,0,0,0,578,8063,ITC,ITC1,1,Piemonte,Piemonte,4356406,470773,10.81,0.2
687,2021-02-19,PIE,5527,2171,3356,1987,788,977,666,31,0,1078,5025,502,ITC,ITC1,1,Piemonte,Piemonte,4356406,476300,10.93,0.13
688,2021-02-05,PIE,9450,3077,6373,5766,1959,82,1643,0,0,0,657,8793,ITC,ITC1,1,Piemonte,Piemonte,4356406,485750,11.15,0.22
689,2020-12-30,PIE,730,322,408,685,45,0,0,0,0,0,730,0,ITC,ITC1,1,Piemonte,Piemonte,4356406,486480,11.17,0.02
690,2021-01-08,PIE,5529,1761,3768,4078,971,58,422,0,0,0,5529,0,ITC,ITC1,1,Piemonte,Piemonte,4356406,492009,11.29,0.13
691,2020-12-31,PIE,3907,1332,2575,3413,354,6,134,0,0,0,3907,0,ITC,ITC1,1,Piemonte,Piemonte,4356406,495916,11.38,0.09
692,2021-02-07,PIE,3087,974,2113,1648,643,19,777,0,0,0,445,2642,ITC,ITC1,1,Piemonte,Piemonte,4356406,499003,11.45,0.07
693,2021-03-13,PIE,13015,4709,8306,1169,503,511,157,8539,0,2136,11573,1442,ITC,ITC1,1,Piemonte,Piemonte,4356406,512018,11.75,0.3
694,2021-03-02,PIE,11133,4477,6656,904,316,812,215,6385,0,2501,10316,817,ITC,ITC1,1,Piemonte,Piemonte,4356406,523151,12.01,0.26
695,2021-03-16,PIE,10487,4246,6241,2229,798,342,320,6785,0,13,4431,6056,ITC,ITC1,1,Piemonte,Piemonte,4356406,533638,12.25,0.24
696,2021-03-06,PIE,13966,5203,8763,2261,771,357,456,7428,0,2693,11184,2782,ITC,ITC1,1,Piemonte,Piemonte,4356406,547604,12.57,0.32
697,2021-02-20,PIE,3828,1251,2577,1100,394,669,219,30,0,1416,3654,174,ITC,ITC1,1,Piemonte,Piemonte,4356406,551432,12.66,0.09
698,2021-03-26,PIE,17257,6815,10442,1138,445,1318,460,11315,207,2374,8401,8856,ITC,ITC1,1,Piemonte,Piemonte,4356406,568689,13.05,0.4
699,2020-12-27,PIE,912,368,544,760,65,11,76,0,0,0,912,0,ITC,ITC1,1,Piemonte,Piemonte,4356406,569601,13.08,0.02
700,2021-01-22,PIE,3864,1248,2616,2280,609,41,934,0,0,0,2523,1341,ITC,ITC1,1,Piemonte,Piemonte,4356406,573465,13.16,0.09
701,2021-02-16,PIE,3963,1753,2210,1819,778,816,548,0,1,1,3205,758,ITC,ITC1,1,Piemonte,Piemonte,4356406,577428,13.25,0.09
702,2021-02-14,PIE,1475,498,977,796,331,49,285,0,0,14,875,600,ITC,ITC1,1,Piemonte,Piemonte,4356406,578903,13.29,0.03
703,2021-03-12,PIE,13844,5137,8707,2131,854,477,454,7593,62,2273,10934,2910,ITC,ITC1,1,Piemonte,Piemonte,4356406,592747,13.61,0.32
704,2021-03-10,PIE,13455,5077,8378,1662,732,642,279,7920,0,2220,11161,2294,ITC,ITC1,1,Piemonte,Piemonte,4356406,606202,13.92,0.31
705,2021-01-09,PIE,6183,2185,3998,4488,1094,33,568,0,0,0,6183,0,ITC,ITC1,1,Piemonte,Piemonte,4356406,612385,14.06,0.14
706,2021-02-24,PIE,11384,4618,6766,1843,586,727,407,5662,0,2159,10873,511,ITC,ITC1,1,Piemonte,Piemonte,4356406,623769,14.32,0.26
707,2021-01-07,PIE,5385,1739,3646,4158,837,49,341,0,0,0,5385,0,ITC,ITC1,1,Piemonte,Piemonte,4356406,629154,14.44,0.12
708,2021-01-20,PIE,6538,2067,4471,3573,1140,13,1812,0,0,0,5813,725,ITC,ITC1,1,Piemonte,Piemonte,4356406,635692,14.59,0.15
709,2021-03-11,PIE,13620,4992,8628,2309,809,635,381,7315,0,2171,10527,3093,ITC,ITC1,1,Piemonte,Piemonte,4356406,649312,14.9,0.31
710,2021-01-05,PIE,5378,1602,3776,4365,683,45,285,0,0,0,5378,0,ITC,ITC1,1,Piemonte,Piemonte,4356406,654690,15.03,0.12
711,2021-01-17,PIE,3517,1168,2349,2082,588,7,840,0,0,0,2870,647,ITC,ITC1,1,Piemonte,Piemonte,4356406,658207,15.11,0.08
712,2021-01-26,PIE,6329,1878,4451,4726,831,44,728,0,0,0,735,5594,ITC,ITC1,1,Piemonte,Piemonte,4356406,664536,15.25,0.15
713,2021-02-10,PIE,7445,2346,5099,3850,1461,37,2097,0,0,0,1316,6129,ITC,ITC1,1,Piemonte,Piemonte,4356406,671981,15.43,0.17
714,2021-03-14,PIE,8194,3327,4867,794,233,370,2,5806,0,989,5300,2894,ITC,ITC1,1,Piemonte,Piemonte,4356406,680175,15.61,0.19
715,2021-03-17,PIE,12488,5042,7446,2078,717,362,235,9087,0,9,5202,7286,ITC,ITC1,1,Piemonte,Piemonte,4356406,692663,15.9,0.29
716,2021-02-04,PIE,10196,3337,6859,6234,2129,70,1763,0,0,0,588,9608,ITC,ITC1,1,Piemonte,Piemonte,4356406,702859,16.13,0.23
717,2021-01-31,PIE,4105,1748,2357,3076,636,18,375,0,0,0,112,3993,ITC,ITC1,1,Piemonte,Piemonte,4356406,706964,16.23,0.09
718,2021-01-13,PIE,10078,3222,6856,6484,2039,226,1329,0,0,0,10078,0,ITC,ITC1,1,Piemonte,Piemonte,4356406,717042,16.46,0.23
719,2020-12-28,PIE,1,1,0,1,0,0,0,0,0,0,1,0,ITC,ITC1,1,Piemonte,Piemonte,4356406,717043,16.46,0.0
720,2021-02-15,PIE,4427,1594,2833,2319,841,303,962,1,0,1,3222,1205,ITC,ITC1,1,Piemonte,Piemonte,4356406,721470,16.56,0.1
721,2021-01-30,PIE,5978,2135,3843,4367,1049,67,495,0,0,0,218,5760,ITC,ITC1,1,Piemonte,Piemonte,4356406,727448,16.7,0.14
722,2021-02-06,PIE,7982,2664,5318,5100,1528,104,1250,0,0,0,400,7582,ITC,ITC1,1,Piemonte,Piemonte,4356406,735430,16.88,0.18
723,2021-03-15,PIE,10623,4145,6478,1715,923,579,229,5715,0,1462,5009,5614,ITC,ITC1,1,Piemonte,Piemonte,4356406,746053,17.13,0.24
724,2021-01-01,PIE,1038,395,643,922,116,0,0,0,0,0,1038,0,ITC,ITC1,1,Piemonte,Piemonte,4356406,747091,17.15,0.02
725,2021-02-03,PIE,10185,3301,6884,6641,2041,268,1235,0,0,0,611,9574,ITC,ITC1,1,Piemonte,Piemonte,4356406,757276,17.38,0.23
726,2021-02-12,PIE,6881,2212,4669,3525,1509,138,1707,0,0,2,3924,2957,ITC,ITC1,1,Piemonte,Piemonte,4356406,764157,17.54,0.16
727,2021-01-30,VDA,436,202,234,232,181,11,12,0,0,0,13,423,ITC,ITC2,2,Valle d'Aosta / Vallée d'Aoste,Valle d'Aosta,125666,436,0.35,0.35
728,2021-01-14,VDA,237,69,168,151,62,22,0,2,0,0,237,0,ITC,ITC2,2,Valle d'Aosta / Vallée d'Aoste,Valle d'Aosta,125666,673,0.54,0.19
729,2021-03-22,VDA,556,204,352,36,4,137,18,334,10,17,330,226,ITC,ITC2,2,Valle d'Aosta / Vallée d'Aoste,Valle d'Aosta,125666,1229,0.98,0.44
730,2021-02-09,VDA,251,84,167,78,9,21,14,75,1,53,68,183,ITC,ITC2,2,Valle d'Aosta / Vallée d'Aoste,Valle d'Aosta,125666,1480,1.18,0.2
731,2021-02-17,VDA,327,144,183,25,1,18,30,237,16,0,227,100,ITC,ITC2,2,Valle d'Aosta / Vallée d'Aoste,Valle d'Aosta,125666,1807,1.44,0.26
732,2021-03-06,VDA,22,4,18,13,0,0,5,4,0,0,22,0,ITC,ITC2,2,Valle d'Aosta / Vallée d'Aoste,Valle d'Aosta,125666,1829,1.46,0.02
733,2021-02-22,VDA,316,94,222,62,7,34,37,103,6,67,213,103,ITC,ITC2,2,Valle d'Aosta / Vallée d'Aoste,Valle d'Aosta,125666,2145,1.71,0.25
734,2021-03-08,VDA,481,231,250,28,1,80,13,343,15,1,237,244,ITC,ITC2,2,Valle d'Aosta / Vallée d'Aoste,Valle d'Aosta,125666,2626,2.09,0.38
735,2021-02-01,VDA,403,127,276,268,56,9,70,0,0,0,87,316,ITC,ITC2,2,Valle d'Aosta / Vallée d'Aoste,Valle d'Aosta,125666,3029,2.41,0.32
736,2021-01-07,VDA,275,111,164,224,38,8,5,0,0,0,275,0,ITC,ITC2,2,Valle d'Aosta / Vallée d'Aoste,Valle d'Aosta,125666,3304,2.63,0.22
737,2021-02-10,VDA,248,77,171,51,8,17,26,127,1,18,141,107,ITC,ITC2,2,Valle d'Aosta / Vallée d'Aoste,Valle d'Aosta,125666,3552,2.83,0.2
738,2021-02-26,VDA,206,57,149,67,4,30,4,96,4,1,122,84,ITC,ITC2,2,Valle d'Aosta / Vallée d'Aoste,Valle d'Aosta,125666,3758,2.99,0.16
739,2021-03-17,VDA,430,185,245,35,2,90,15,240,41,7,270,160,ITC,ITC2,2,Valle d'Aosta / Vallée d'Aoste,Valle d'Aosta,125666,4188,3.33,0.34
740,2021-02-23,VDA,216,123,93,0,1,164,0,0,35,16,216,0,ITC,ITC2,2,Valle d'Aosta / Vallée d'Aoste,Valle d'Aosta,125666,4404,3.5,0.17
741,2021-01-28,VDA,290,123,167,202,34,46,6,2,0,0,56,234,ITC,ITC2,2,Valle d'Aosta / Vallée d'Aoste,Valle d'Aosta,125666,4694,3.74,0.23
742,2021-03-09,VDA,204,96,108,2,0,79,23,36,39,25,172,32,ITC,ITC2,2,Valle d'Aosta / Vallée d'Aoste,Valle d'Aosta,125666,4898,3.9,0.16
743,2021-01-27,VDA,151,71,80,55,8,17,18,53,0,0,79,72,ITC,ITC2,2,Valle d'Aosta / Vallée d'Aoste,Valle d'Aosta,125666,5049,4.02,0.12
744,2021-03-18,VDA,134,43,91,4,0,3,25,101,1,0,98,36,ITC,ITC2,2,Valle d'Aosta / Vallée d'Aoste,Valle d'Aosta,125666,5183,4.12,0.11
745,2021-01-19,VDA,256,77,179,160,10,14,15,57,0,0,256,0,ITC,ITC2,2,Valle d'Aosta / Vallée d'Aoste,Valle d'Aosta,125666,5439,4.33,0.2
746,2021-02-13,VDA,215,195,20,0,0,54,0,0,161,0,215,0,ITC,ITC2,2,Valle d'Aosta / Vallée d'Aoste,Valle d'Aosta,125666,5654,4.5,0.17
747,2021-02-14,VDA,48,16,32,6,0,0,42,0,0,0,1,47,ITC,ITC2,2,Valle d'Aosta / Vallée d'Aoste,Valle d'Aosta,125666,5702,4.54,0.04
748,2021-02-12,VDA,263,96,167,51,9,41,26,131,0,5,217,46,ITC,ITC2,2,Valle d'Aosta / Vallée d'Aoste,Valle d'Aosta,125666,5965,4.75,0.21
749,2021-01-25,VDA,147,65,82,125,13,3,6,0,0,0,0,147,ITC,ITC2,2,Valle d'Aosta / Vallée d'Aoste,Valle d'Aosta,125666,6112,4.86,0.12
750,2021-02-03,VDA,351,114,237,157,135,6,52,1,0,0,14,337,ITC,ITC2,2,Valle d'Aosta / Vallée d'Aoste,Valle d'Aosta,125666,6463,5.14,0.28
751,2021-01-26,VDA,139,48,91,115,11,1,12,0,0,0,0,139,ITC,ITC2,2,Valle d'Aosta / Vallée d'Aoste,Valle d'Aosta,125666,6602,5.25,0.11
752,2021-02-27,VDA,230,84,146,69,2,28,1,126,4,0,124,106,ITC,ITC2,2,Valle d'Aosta / Vallée d'Aoste,Valle d'Aosta,125666,6832,5.44,0.18
753,2021-02-19,VDA,292,102,190,17,0,30,35,145,0,65,268,24,ITC,ITC2,2,Valle d'Aosta / Vallée d'Aoste,Valle d'Aosta,125666,7124,5.67,0.23
754,2021-02-18,VDA,349,153,196,61,4,37,45,180,14,8,261,88,ITC,ITC2,2,Valle d'Aosta / Vallée d'Aoste,Valle d'Aosta,125666,7473,5.95,0.28
755,2021-01-04,VDA,142,59,83,126,14,2,0,0,0,0,142,0,ITC,ITC2,2,Valle d'Aosta / Vallée d'Aoste,Valle d'Aosta,125666,7615,6.06,0.11
756,2021-03-01,VDA,181,66,115,19,5,10,29,116,2,0,147,34,ITC,ITC2,2,Valle d'Aosta / Vallée d'Aoste,Valle d'Aosta,125666,7796,6.2,0.14
757,2021-01-09,VDA,443,199,244,225,183,13,22,0,0,0,443,0,ITC,ITC2,2,Valle d'Aosta / Vallée d'Aoste,Valle d'Aosta,125666,8239,6.56,0.35
758,2021-03-25,VDA,386,154,232,10,0,123,1,251,0,1,377,9,ITC,ITC2,2,Valle d'Aosta / Vallée d'Aoste,Valle d'Aosta,125666,8625,6.86,0.31
759,2021-02-07,VDA,292,120,172,110,55,17,0,105,2,3,190,102,ITC,ITC2,2,Valle d'Aosta / Vallée d'Aoste,Valle d'Aosta,125666,8917,7.1,0.23
760,2021-02-21,VDA,18,3,15,0,0,0,18,0,0,0,0,18,ITC,ITC2,2,Valle d'Aosta / Vallée d'Aoste,Valle d'Aosta,125666,8935,7.11,0.01
761,2021-01-15,VDA,218,82,136,116,32,36,28,6,0,0,218,0,ITC,ITC2,2,Valle d'Aosta / Vallée d'Aoste,Valle d'Aosta,125666,9153,7.28,0.17
762,2021-01-08,VDA,299,130,169,240,35,8,16,0,0,0,299,0,ITC,ITC2,2,Valle d'Aosta / Vallée d'Aoste,Valle d'Aosta,125666,9452,7.52,0.24
763,2021-01-05,VDA,150,54,96,127,11,1,11,0,0,0,150,0,ITC,ITC2,2,Valle d'Aosta / Vallée d'Aoste,Valle d'Aosta,125666,9602,7.64,0.12
764,2021-01-10,VDA,220,71,149,172,25,4,19,0,0,0,220,0,ITC,ITC2,2,Valle d'Aosta / Vallée d'Aoste,Valle d'Aosta,125666,9822,7.82,0.18
765,2020-12-27,VDA,20,9,11,20,0,0,0,0,0,0,20,0,ITC,ITC2,2,Valle d'Aosta / Vallée d'Aoste,Valle d'Aosta,125666,9842,7.83,0.02
766,2021-01-06,VDA,65,33,32,29,8,10,18,0,0,0,65,0,ITC,ITC2,2,Valle d'Aosta / Vallée d'Aoste,Valle d'Aosta,125666,9907,7.88,0.05
767,2021-03-03,VDA,255,118,137,9,1,105,1,134,1,4,186,69,ITC,ITC2,2,Valle d'Aosta / Vallée d'Aoste,Valle d'Aosta,125666,10162,8.09,0.2
768,2020-12-31,VDA,18,4,14,16,2,0,0,0,0,0,18,0,ITC,ITC2,2,Valle d'Aosta / Vallée d'Aoste,Valle d'Aosta,125666,10180,8.1,0.01
769,2021-03-14,VDA,390,200,190,6,3,295,0,0,34,52,390,0,ITC,ITC2,2,Valle d'Aosta / Vallée d'Aoste,Valle d'Aosta,125666,10570,8.41,0.31
770,2021-02-24,VDA,183,82,101,30,7,8,13,65,53,7,164,19,ITC,ITC2,2,Valle d'Aosta / Vallée d'Aoste,Valle d'Aosta,125666,10753,8.56,0.15
771,2021-01-29,VDA,316,138,178,259,32,9,16,0,0,0,2,314,ITC,ITC2,2,Valle d'Aosta / Vallée d'Aoste,Valle d'Aosta,125666,11069,8.81,0.25
772,2021-03-20,VDA,205,85,120,5,2,164,15,14,4,1,170,35,ITC,ITC2,2,Valle d'Aosta / Vallée d'Aoste,Valle d'Aosta,125666,11274,8.97,0.16
773,2021-03-27,VDA,332,164,168,23,6,221,14,66,1,1,301,31,ITC,ITC2,2,Valle d'Aosta / Vallée d'Aoste,Valle d'Aosta,125666,11606,9.24,0.26
774,2021-02-15,VDA,264,136,128,24,2,27,24,170,15,2,229,35,ITC,ITC2,2,Valle d'Aosta / Vallée d'Aoste,Valle d'Aosta,125666,11870,9.45,0.21
775,2021-03-07,VDA,64,30,34,16,3,16,0,26,2,1,11,53,ITC,ITC2,2,Valle d'Aosta / Vallée d'Aoste,Valle d'Aosta,125666,11934,9.5,0.05
776,2021-01-18,VDA,213,74,139,29,7,104,27,46,0,0,213,0,ITC,ITC2,2,Valle d'Aosta / Vallée d'Aoste,Valle d'Aosta,125666,12147,9.67,0.17
777,2021-03-10,VDA,436,182,254,9,0,67,17,337,6,0,225,211,ITC,ITC2,2,Valle d'Aosta / Vallée d'Aoste,Valle d'Aosta,125666,12583,10.01,0.35
778,2021-03-11,VDA,192,72,120,2,0,14,7,166,1,2,64,128,ITC,ITC2,2,Valle d'Aosta / Vallée d'Aoste,Valle d'Aosta,125666,12775,10.17,0.15
779,2021-02-20,VDA,250,210,40,6,2,49,8,2,174,9,241,9,ITC,ITC2,2,Valle d'Aosta / Vallée d'Aoste,Valle d'Aosta,125666,13025,10.36,0.2
780,2021-01-11,VDA,325,112,213,238,50,7,30,0,0,0,325,0,ITC,ITC2,2,Valle d'Aosta / Vallée d'Aoste,Valle d'Aosta,125666,13350,10.62,0.26
781,2021-01-20,VDA,23,8,15,0,0,0,6,17,0,0,23,0,ITC,ITC2,2,Valle d'Aosta / Vallée d'Aoste,Valle d'Aosta,125666,13373,10.64,0.02
782,2021-03-02,VDA,339,166,173,17,1,103,39,109,65,5,336,3,ITC,ITC2,2,Valle d'Aosta / Vallée d'Aoste,Valle d'Aosta,125666,13712,10.91,0.27
783,2021-03-12,VDA,529,175,354,14,7,96,7,148,2,255,303,226,ITC,ITC2,2,Valle d'Aosta / Vallée d'Aoste,Valle d'Aosta,125666,14241,11.33,0.42
784,2021-01-12,VDA,302,72,230,242,34,15,11,0,0,0,302,0,ITC,ITC2,2,Valle d'Aosta / Vallée d'Aoste,Valle d'Aosta,125666,14543,11.57,0.24
785,2021-03-16,VDA,175,35,140,2,0,42,13,118,0,0,114,61,ITC,ITC2,2,Valle d'Aosta / Vallée d'Aoste,Valle d'Aosta,125666,14718,11.71,0.14
786,2021-03-26,VDA,494,203,291,4,2,171,0,88,3,226,487,7,ITC,ITC2,2,Valle d'Aosta / Vallée d'Aoste,Valle d'Aosta,125666,15212,12.11,0.39
787,2021-02-11,VDA,231,107,124,53,17,21,0,127,13,0,222,9,ITC,ITC2,2,Valle d'Aosta / Vallée d'Aoste,Valle d'Aosta,125666,15443,12.29,0.18
788,2021-03-05,VDA,275,124,151,51,8,60,13,138,0,5,53,222,ITC,ITC2,2,Valle d'Aosta / Vallée d'Aoste,Valle d'Aosta,125666,15718,12.51,0.22
789,2021-01-16,VDA,236,80,156,127,32,4,22,51,0,0,236,0,ITC,ITC2,2,Valle d'Aosta / Vallée d'Aoste,Valle d'Aosta,125666,15954,12.7,0.19
790,2021-01-02,VDA,6,5,1,0,0,0,6,0,0,0,6,0,ITC,ITC2,2,Valle d'Aosta / Vallée d'Aoste,Valle d'Aosta,125666,15960,12.7,0.0
791,2021-02-06,VDA,289,104,185,170,31,13,0,74,1,0,92,197,ITC,ITC2,2,Valle d'Aosta / Vallée d'Aoste,Valle d'Aosta,125666,16249,12.93,0.23
792,2021-01-22,VDA,56,21,35,36,0,0,20,0,0,0,20,36,ITC,ITC2,2,Valle d'Aosta / Vallée d'Aoste,Valle d'Aosta,125666,16305,12.97,0.04
793,2021-03-04,VDA,291,139,152,55,13,45,2,160,14,2,42,249,ITC,ITC2,2,Valle d'Aosta / Vallée d'Aoste,Valle d'Aosta,125666,16596,13.21,0.23
794,2021-02-05,VDA,294,102,192,159,45,37,0,53,0,0,101,193,ITC,ITC2,2,Valle d'Aosta / Vallée d'Aoste,Valle d'Aosta,125666,16890,13.44,0.23
795,2021-01-13,VDA,337,110,227,166,138,5,28,0,0,0,337,0,ITC,ITC2,2,Valle d'Aosta / Vallée d'Aoste,Valle d'Aosta,125666,17227,13.71,0.27
796,2021-03-13,VDA,142,84,58,2,1,113,0,0,23,3,142,0,ITC,ITC2,2,Valle d'Aosta / Vallée d'Aoste,Valle d'Aosta,125666,17369,13.82,0.11
797,2021-02-28,VDA,260,86,174,78,31,27,24,93,3,4,77,183,ITC,ITC2,2,Valle d'Aosta / Vallée d'Aoste,Valle d'Aosta,125666,17629,14.03,0.21
798,2021-02-04,VDA,294,86,208,168,74,17,34,1,0,0,8,286,ITC,ITC2,2,Valle d'Aosta / Vallée d'Aoste,Valle d'Aosta,125666,17923,14.26,0.23
799,2021-03-21,VDA,353,164,189,2,4,312,0,1,6,28,353,0,ITC,ITC2,2,Valle d'Aosta / Vallée d'Aoste,Valle d'Aosta,125666,18276,14.54,0.28
800,2021-01-31,VDA,290,90,200,231,31,10,18,0,0,0,58,232,ITC,ITC2,2,Valle d'Aosta / Vallée d'Aoste,Valle d'Aosta,125666,18566,14.77,0.23
801,2021-03-24,VDA,512,230,282,8,3,135,0,363,2,1,257,255,ITC,ITC2,2,Valle d'Aosta / Vallée d'Aoste,Valle d'Aosta,125666,19078,15.18,0.41
802,2021-02-08,VDA,223,83,140,28,17,86,3,64,0,25,25,198,ITC,ITC2,2,Valle d'Aosta / Vallée d'Aoste,Valle d'Aosta,125666,19301,15.36,0.18
803,2021-02-02,VDA,271,70,201,225,34,9,3,0,0,0,2,269,ITC,ITC2,2,Valle d'Aosta / Vallée d'Aoste,Valle d'Aosta,125666,19572,15.57,0.22
804,2021-02-25,VDA,201,101,100,6,3,154,11,0,25,2,194,7,ITC,ITC2,2,Valle d'Aosta / Vallée d'Aoste,Valle d'Aosta,125666,19773,15.73,0.16
805,2021-03-28,VDA,520,212,308,51,6,352,0,52,13,46,519,1,ITC,ITC2,2,Valle d'Aosta / Vallée d'Aoste,Valle d'Aosta,125666,20293,16.15,0.41
806,2021-03-19,VDA,319,84,235,8,1,70,21,9,1,209,284,35,ITC,ITC2,2,Valle d'Aosta / Vallée d'Aoste,Valle d'Aosta,125666,20612,16.4,0.25
807,2021-03-23,VDA,375,149,226,13,2,70,7,276,0,7,242,133,ITC,ITC2,2,Valle d'Aosta / Vallée d'Aoste,Valle d'Aosta,125666,20987,16.7,0.3
808,2021-01-17,VDA,131,56,75,49,2,1,20,59,0,0,131,0,ITC,ITC2,2,Valle d'Aosta / Vallée d'Aoste,Valle d'Aosta,125666,21118,16.8,0.1
809,2021-03-29,VDA,28,5,23,2,0,1,18,7,0,0,0,28,ITC,ITC2,2,Valle d'Aosta / Vallée d'Aoste,Valle d'Aosta,125666,21146,16.83,0.02
810,2021-03-15,VDA,361,122,239,20,4,41,10,215,6,65,159,202,ITC,ITC2,2,Valle d'Aosta / Vallée d'Aoste,Valle d'Aosta,125666,21507,17.11,0.29
811,2021-01-21,VDA,33,12,21,0,0,0,33,0,0,0,33,0,ITC,ITC2,2,Valle d'Aosta / Vallée d'Aoste,Valle d'Aosta,125666,21540,17.14,0.03
812,2021-02-16,VDA,325,53,272,10,0,58,12,5,4,236,320,5,ITC,ITC2,2,Valle d'Aosta / Vallée d'Aoste,Valle d'Aosta,125666,21865,17.4,0.26
813,2021-03-15,SIC,10761,4723,6038,1240,48,2608,665,4830,216,1154,5689,5072,ITG,ITG1,19,Sicilia,Sicilia,4999891,10761,0.22,0.22
814,2021-01-28,SIC,9328,4399,4929,7464,221,1348,295,0,0,0,414,8914,ITG,ITG1,19,Sicilia,Sicilia,4999891,20089,0.4,0.19
815,2021-01-03,SIC,4693,2454,2239,4361,0,332,0,0,0,0,4693,0,ITG,ITG1,19,Sicilia,Sicilia,4999891,24782,0.5,0.09
816,2021-02-03,SIC,6102,2857,3245,3358,151,1969,624,0,0,0,756,5346,ITG,ITG1,19,Sicilia,Sicilia,4999891,30884,0.62,0.12
817,2021-01-26,SIC,9515,4679,4836,8379,72,810,254,0,0,0,265,9250,ITG,ITG1,19,Sicilia,Sicilia,4999891,40399,0.81,0.19
818,2021-02-12,SIC,4746,1853,2893,2301,260,1542,643,0,0,0,4415,331,ITG,ITG1,19,Sicilia,Sicilia,4999891,45145,0.9,0.09
819,2021-01-27,SIC,7531,3835,3696,6329,66,984,152,0,0,0,189,7342,ITG,ITG1,19,Sicilia,Sicilia,4999891,52676,1.05,0.15
820,2021-02-14,SIC,1057,402,655,433,58,330,236,0,0,0,917,140,ITG,ITG1,19,Sicilia,Sicilia,4999891,53733,1.07,0.02
821,2021-03-28,SIC,10959,5146,5813,535,22,5594,168,4440,14,186,6952,4007,ITG,ITG1,19,Sicilia,Sicilia,4999891,64692,1.29,0.22
822,2021-03-19,SIC,16484,8112,8372,1261,101,8712,561,5351,42,456,10757,5727,ITG,ITG1,19,Sicilia,Sicilia,4999891,81176,1.62,0.33
823,2021-02-06,SIC,5067,2226,2841,2535,251,1689,592,0,0,0,1488,3579,ITG,ITG1,19,Sicilia,Sicilia,4999891,86243,1.72,0.1
824,2021-02-24,SIC,9601,4870,4731,1423,80,1174,499,4028,1474,923,9005,596,ITG,ITG1,19,Sicilia,Sicilia,4999891,95844,1.92,0.19
825,2021-02-13,SIC,3107,1168,1939,1296,160,1081,570,0,0,0,2850,257,ITG,ITG1,19,Sicilia,Sicilia,4999891,98951,1.98,0.06
826,2021-03-09,SIC,13058,5490,7568,1593,132,2175,585,3943,939,3691,10684,2374,ITG,ITG1,19,Sicilia,Sicilia,4999891,112009,2.24,0.26
827,2021-01-25,SIC,7512,3697,3815,6634,14,794,70,0,0,0,322,7190,ITG,ITG1,19,Sicilia,Sicilia,4999891,119521,2.39,0.15
828,2021-03-20,SIC,18904,9077,9827,836,43,10839,413,5475,79,1219,13514,5390,ITG,ITG1,19,Sicilia,Sicilia,4999891,138425,2.77,0.38
829,2021-01-06,SIC,6471,3402,3069,5717,24,728,2,0,0,0,6471,0,ITG,ITG1,19,Sicilia,Sicilia,4999891,144896,2.9,0.13
830,2021-03-01,SIC,12978,6129,6849,1557,75,1735,392,4302,1764,3153,11319,1659,ITG,ITG1,19,Sicilia,Sicilia,4999891,157874,3.16,0.26
831,2021-01-12,SIC,4542,2234,2308,2863,128,1356,195,0,0,0,4542,0,ITG,ITG1,19,Sicilia,Sicilia,4999891,162416,3.25,0.09
832,2021-01-05,SIC,10527,5159,5368,9074,122,1124,207,0,0,0,10527,0,ITG,ITG1,19,Sicilia,Sicilia,4999891,172943,3.46,0.21
833,2020-12-31,SIC,877,469,408,827,0,50,0,0,0,0,877,0,ITG,ITG1,19,Sicilia,Sicilia,4999891,173820,3.48,0.02
834,2021-01-08,SIC,8328,3864,4464,6591,87,1437,213,0,0,0,8328,0,ITG,ITG1,19,Sicilia,Sicilia,4999891,182148,3.64,0.17
835,2021-01-17,SIC,1295,584,711,619,118,398,160,0,0,0,1245,50,ITG,ITG1,19,Sicilia,Sicilia,4999891,183443,3.67,0.03
836,2020-12-29,SIC,235,146,89,235,0,0,0,0,0,0,235,0,ITG,ITG1,19,Sicilia,Sicilia,4999891,183678,3.67,0.0
837,2021-03-06,SIC,12941,5176,7765,2003,127,1878,758,3887,638,3650,10035,2906,ITG,ITG1,19,Sicilia,Sicilia,4999891,196619,3.93,0.26
838,2021-03-22,SIC,16806,7915,8891,913,19,8677,356,5541,71,1229,11263,5543,ITG,ITG1,19,Sicilia,Sicilia,4999891,213425,4.27,0.34
839,2021-02-05,SIC,7216,3232,3984,3618,267,2475,856,0,0,0,2132,5084,ITG,ITG1,19,Sicilia,Sicilia,4999891,220641,4.41,0.14
840,2021-02-26,SIC,12247,5977,6270,1837,74,1898,361,3891,1733,2453,10558,1689,ITG,ITG1,19,Sicilia,Sicilia,4999891,232888,4.66,0.24
841,2021-02-28,SIC,7180,3072,4108,871,33,1279,93,3291,254,1359,6550,630,ITG,ITG1,19,Sicilia,Sicilia,4999891,240068,4.8,0.14
842,2021-03-26,SIC,17805,8285,9520,1070,40,9492,314,5524,57,1308,12294,5511,ITG,ITG1,19,Sicilia,Sicilia,4999891,257873,5.16,0.36
843,2021-02-11,SIC,5332,2103,3229,2458,307,1677,890,0,0,0,4868,464,ITG,ITG1,19,Sicilia,Sicilia,4999891,263205,5.26,0.11
844,2021-03-13,SIC,12448,5485,6963,1173,87,4183,493,4615,133,1764,7842,4606,ITG,ITG1,19,Sicilia,Sicilia,4999891,275653,5.51,0.25
845,2020-12-30,SIC,173,101,72,156,3,14,0,0,0,0,173,0,ITG,ITG1,19,Sicilia,Sicilia,4999891,275826,5.52,0.0
846,2021-02-09,SIC,4371,1831,2540,2241,155,1335,640,0,0,0,3365,1006,ITG,ITG1,19,Sicilia,Sicilia,4999891,280197,5.6,0.09
847,2021-03-17,SIC,15390,7551,7839,1401,100,7155,664,5721,43,306,9446,5944,ITG,ITG1,19,Sicilia,Sicilia,4999891,295587,5.91,0.31
848,2021-02-22,SIC,8036,4160,3876,1107,34,902,554,4065,1053,321,7544,492,ITG,ITG1,19,Sicilia,Sicilia,4999891,303623,6.07,0.16
849,2021-01-16,SIC,2776,1195,1581,1329,165,984,298,0,0,0,2776,0,ITG,ITG1,19,Sicilia,Sicilia,4999891,306399,6.13,0.06
850,2021-02-04,SIC,6877,3159,3718,4417,172,1748,540,0,0,0,1460,5417,ITG,ITG1,19,Sicilia,Sicilia,4999891,313276,6.27,0.14
851,2021-01-23,SIC,4149,2147,2002,3912,33,188,16,0,0,0,225,3924,ITG,ITG1,19,Sicilia,Sicilia,4999891,317425,6.35,0.08
852,2021-01-21,SIC,1328,647,681,1001,86,104,137,0,0,0,499,829,ITG,ITG1,19,Sicilia,Sicilia,4999891,318753,6.38,0.03
853,2021-02-20,SIC,7284,3736,3548,848,76,1258,558,3749,620,175,7033,251,ITG,ITG1,19,Sicilia,Sicilia,4999891,326037,6.52,0.15
854,2021-03-10,SIC,13839,5880,7959,1479,134,2868,933,4061,646,3718,11449,2390,ITG,ITG1,19,Sicilia,Sicilia,4999891,339876,6.8,0.28
855,2021-02-08,SIC,4086,1759,2327,2346,188,1155,397,0,0,0,2128,1958,ITG,ITG1,19,Sicilia,Sicilia,4999891,343962,6.88,0.08
856,2021-01-07,SIC,9173,4239,4934,7694,70,1199,210,0,0,0,9173,0,ITG,ITG1,19,Sicilia,Sicilia,4999891,353135,7.06,0.18
857,2021-03-08,SIC,13500,5781,7719,2011,113,1993,626,3836,920,4001,10687,2813,ITG,ITG1,19,Sicilia,Sicilia,4999891,366635,7.33,0.27
858,2021-03-14,SIC,8824,3947,4877,569,42,3042,176,4281,36,678,4966,3858,ITG,ITG1,19,Sicilia,Sicilia,4999891,375459,7.51,0.18
859,2021-02-25,SIC,10160,5277,4883,1771,49,1656,507,3981,1525,671,8980,1180,ITG,ITG1,19,Sicilia,Sicilia,4999891,385619,7.71,0.2
860,2021-03-03,SIC,14701,6544,8157,2408,130,2201,507,4295,1330,3830,11616,3085,ITG,ITG1,19,Sicilia,Sicilia,4999891,400320,8.01,0.29
861,2021-02-01,SIC,6077,2684,3393,4168,214,1377,318,0,0,0,304,5773,ITG,ITG1,19,Sicilia,Sicilia,4999891,406397,8.13,0.12
862,2021-01-04,SIC,8373,4172,4201,7595,20,752,6,0,0,0,8373,0,ITG,ITG1,19,Sicilia,Sicilia,4999891,414770,8.3,0.17
863,2021-03-29,SIC,5873,2852,3021,367,17,3076,112,2217,11,73,3835,2038,ITG,ITG1,19,Sicilia,Sicilia,4999891,420643,8.41,0.12
864,2021-02-16,SIC,4414,2300,2114,1465,207,1080,779,25,857,1,3947,467,ITG,ITG1,19,Sicilia,Sicilia,4999891,425057,8.5,0.09
865,2021-01-09,SIC,7325,3424,3901,5034,146,1689,456,0,0,0,7325,0,ITG,ITG1,19,Sicilia,Sicilia,4999891,432382,8.65,0.15
866,2021-02-17,SIC,5433,3293,2140,1531,118,1009,880,8,1885,2,4759,674,ITG,ITG1,19,Sicilia,Sicilia,4999891,437815,8.76,0.11
867,2021-02-07,SIC,2349,997,1352,1611,109,472,157,0,0,0,675,1674,ITG,ITG1,19,Sicilia,Sicilia,4999891,440164,8.8,0.05
868,2021-03-23,SIC,20965,10063,10902,873,41,11908,365,5825,306,1647,15360,5605,ITG,ITG1,19,Sicilia,Sicilia,4999891,461129,9.22,0.42
869,2021-01-31,SIC,4111,1958,2153,2600,117,1099,295,0,0,0,113,3998,ITG,ITG1,19,Sicilia,Sicilia,4999891,465240,9.31,0.08
870,2021-02-10,SIC,4433,1819,2614,1975,221,1496,741,0,0,0,4008,425,ITG,ITG1,19,Sicilia,Sicilia,4999891,469673,9.39,0.09
871,2021-03-02,SIC,14955,6388,8567,2383,98,1831,500,4471,1338,4334,12130,2825,ITG,ITG1,19,Sicilia,Sicilia,4999891,484628,9.69,0.3
872,2021-03-25,SIC,20403,9482,10921,1324,76,11436,582,5523,82,1380,14876,5527,ITG,ITG1,19,Sicilia,Sicilia,4999891,505031,10.1,0.41
873,2021-03-11,SIC,15448,6506,8942,1610,127,5069,906,3931,481,3324,12875,2573,ITG,ITG1,19,Sicilia,Sicilia,4999891,520479,10.41,0.31
874,2021-02-02,SIC,5540,2622,2918,3155,221,1735,429,0,0,0,633,4907,ITG,ITG1,19,Sicilia,Sicilia,4999891,526019,10.52,0.11
875,2021-01-20,SIC,808,410,398,422,51,143,192,0,0,0,573,235,ITG,ITG1,19,Sicilia,Sicilia,4999891,526827,10.54,0.02
876,2021-01-11,SIC,5903,2590,3313,3923,194,1404,382,0,0,0,5903,0,ITG,ITG1,19,Sicilia,Sicilia,4999891,532730,10.65,0.12
877,2020-12-28,SIC,207,124,83,205,0,2,0,0,0,0,207,0,ITG,ITG1,19,Sicilia,Sicilia,4999891,532937,10.66,0.0
878,2021-03-24,SIC,21036,9830,11206,955,64,12064,549,5856,86,1462,15150,5886,ITG,ITG1,19,Sicilia,Sicilia,4999891,553973,11.08,0.42
879,2021-01-15,SIC,5079,2233,2846,2824,158,1618,479,0,0,0,5079,0,ITG,ITG1,19,Sicilia,Sicilia,4999891,559052,11.18,0.1
880,2021-03-07,SIC,9278,3464,5814,968,62,908,431,3395,216,3298,8194,1084,ITG,ITG1,19,Sicilia,Sicilia,4999891,568330,11.37,0.19
881,2021-02-15,SIC,3951,1862,2089,1700,108,1237,563,10,307,26,3382,569,ITG,ITG1,19,Sicilia,Sicilia,4999891,572281,11.45,0.08
882,2021-02-19,SIC,5160,2757,2403,1487,183,1181,600,74,1396,239,4589,571,ITG,ITG1,19,Sicilia,Sicilia,4999891,577441,11.55,0.1
883,2021-02-18,SIC,5495,3174,2321,1635,165,1080,813,9,1697,96,5064,431,ITG,ITG1,19,Sicilia,Sicilia,4999891,582936,11.66,0.11
884,2021-03-27,SIC,15735,7433,8302,650,25,8358,350,5578,34,740,10821,4914,ITG,ITG1,19,Sicilia,Sicilia,4999891,598671,11.97,0.31
885,2021-01-18,SIC,1548,646,902,721,68,551,208,0,0,0,1432,116,ITG,ITG1,19,Sicilia,Sicilia,4999891,600219,12.0,0.03
886,2021-02-21,SIC,5178,2508,2670,379,30,622,174,3682,138,153,5070,108,ITG,ITG1,19,Sicilia,Sicilia,4999891,605397,12.11,0.1
887,2021-01-30,SIC,7837,3569,4268,5450,253,1659,475,0,0,0,175,7662,ITG,ITG1,19,Sicilia,Sicilia,4999891,613234,12.26,0.16
888,2021-01-14,SIC,5250,2514,2736,3046,91,1854,259,0,0,0,5250,0,ITG,ITG1,19,Sicilia,Sicilia,4999891,618484,12.37,0.11
889,2021-03-21,SIC,15202,7323,7879,489,10,9094,57,4502,92,958,11228,3974,ITG,ITG1,19,Sicilia,Sicilia,4999891,633686,12.67,0.3
890,2021-01-24,SIC,4335,2262,2073,3990,31,311,3,0,0,0,148,4187,ITG,ITG1,19,Sicilia,Sicilia,4999891,638021,12.76,0.09
891,2021-01-13,SIC,5204,2462,2742,3033,169,1561,441,0,0,0,5204,0,ITG,ITG1,19,Sicilia,Sicilia,4999891,643225,12.86,0.1
892,2021-03-04,SIC,15209,6556,8653,2811,186,2634,698,3927,1124,3829,11005,4204,ITG,ITG1,19,Sicilia,Sicilia,4999891,658434,13.17,0.3
893,2021-03-05,SIC,15910,6861,9049,3191,153,2348,712,3998,1423,4085,11585,4325,ITG,ITG1,19,Sicilia,Sicilia,4999891,674344,13.49,0.32
894,2021-02-23,SIC,8947,4688,4259,1267,103,1133,502,3996,1367,579,8457,490,ITG,ITG1,19,Sicilia,Sicilia,4999891,683291,13.67,0.18
895,2021-01-29,SIC,9360,4321,5039,7151,174,1730,305,0,0,0,432,8928,ITG,ITG1,19,Sicilia,Sicilia,4999891,692651,13.85,0.19
896,2021-01-22,SIC,1235,625,610,1035,13,69,118,0,0,0,242,993,ITG,ITG1,19,Sicilia,Sicilia,4999891,693886,13.88,0.02
897,2021-03-18,SIC,15583,7764,7819,1284,80,8166,598,5357,61,37,9871,5712,ITG,ITG1,19,Sicilia,Sicilia,4999891,709469,14.19,0.31
898,2021-03-16,SIC,10169,4463,5706,1662,105,1629,810,5677,68,218,4017,6152,ITG,ITG1,19,Sicilia,Sicilia,4999891,719638,14.39,0.2
899,2021-01-02,SIC,4872,2533,2339,4311,0,561,0,0,0,0,4872,0,ITG,ITG1,19,Sicilia,Sicilia,4999891,724510,14.49,0.1
900,2021-01-01,SIC,815,437,378,740,0,75,0,0,0,0,815,0,ITG,ITG1,19,Sicilia,Sicilia,4999891,725325,14.51,0.02
901,2021-03-12,SIC,13116,5616,7500,1386,110,4409,695,3765,344,2407,10893,2223,ITG,ITG1,19,Sicilia,Sicilia,4999891,738441,14.77,0.26
902,2021-02-27,SIC,12450,5570,6880,1515,72,2351,277,3843,1021,3371,11239,1211,ITG,ITG1,19,Sicilia,Sicilia,4999891,750891,15.02,0.25
903,2020-12-27,SIC,89,54,35,62,0,2,25,0,0,0,89,0,ITG,ITG1,19,Sicilia,Sicilia,4999891,750980,15.02,0.0
904,2021-01-19,SIC,1271,521,750,521,59,453,238,0,0,0,1093,178,ITG,ITG1,19,Sicilia,Sicilia,4999891,752251,15.05,0.03
905,2021-01-10,SIC,3618,1615,2003,2126,125,903,464,0,0,0,3618,0,ITG,ITG1,19,Sicilia,Sicilia,4999891,755869,15.12,0.07
906,2021-03-01,VEN,9358,3699,5659,2023,145,998,923,2611,156,2502,7536,1822,ITH,ITH3,5,Veneto,Veneto,4905854,9358,0.19,0.19
907,2021-02-16,VEN,6630,2868,3762,718,109,278,478,5044,2,1,6453,177,ITH,ITH3,5,Veneto,Veneto,4905854,15988,0.33,0.14
908,2021-01-22,VEN,1079,332,747,946,35,41,57,0,0,0,25,1054,ITH,ITH3,5,Veneto,Veneto,4905854,17067,0.35,0.02
909,2021-02-17,VEN,6004,2764,3240,411,19,262,361,4946,5,0,5910,94,ITH,ITH3,5,Veneto,Veneto,4905854,23071,0.47,0.12
910,2021-03-06,VEN,10509,4255,6254,2957,48,2672,1487,1973,46,1326,7312,3197,ITH,ITH3,5,Veneto,Veneto,4905854,33580,0.68,0.21
911,2021-02-13,VEN,3267,1474,1793,1559,74,596,1034,2,1,1,3247,20,ITH,ITH3,5,Veneto,Veneto,4905854,36847,0.75,0.07
912,2021-01-24,VEN,4117,1219,2898,3752,17,122,222,1,0,3,28,4089,ITH,ITH3,5,Veneto,Veneto,4905854,40964,0.84,0.08
913,2021-02-12,VEN,4312,1447,2865,2761,137,743,659,6,2,4,3740,572,ITH,ITH3,5,Veneto,Veneto,4905854,45276,0.92,0.09
914,2021-01-25,VEN,6466,2074,4392,5060,152,347,904,1,0,2,170,6296,ITH,ITH3,5,Veneto,Veneto,4905854,51742,1.05,0.13
915,2021-02-27,VEN,8979,2691,6288,2174,38,618,63,1956,12,4118,8128,851,ITH,ITH3,5,Veneto,Veneto,4905854,60721,1.24,0.18
916,2021-03-22,VEN,17936,8012,9924,1164,123,6411,510,6739,653,2336,12915,5021,ITH,ITH3,5,Veneto,Veneto,4905854,78657,1.6,0.37
917,2021-03-23,VEN,21822,9992,11830,1092,202,9560,636,6700,844,2788,17226,4596,ITH,ITH3,5,Veneto,Veneto,4905854,100479,2.05,0.44
918,2021-02-06,VEN,4090,1351,2739,3024,171,525,367,3,0,0,709,3381,ITH,ITH3,5,Veneto,Veneto,4905854,104569,2.13,0.08
919,2021-03-24,VEN,21676,9274,12402,1151,234,5512,799,10471,699,2810,14906,6770,ITH,ITH3,5,Veneto,Veneto,4905854,126245,2.57,0.44
920,2021-03-05,VEN,13152,4902,8250,3431,266,1730,1401,3087,285,2952,9571,3581,ITH,ITH3,5,Veneto,Veneto,4905854,139397,2.84,0.27
921,2021-03-08,VEN,13424,6105,7319,702,56,1148,384,7150,1040,2944,9385,4039,ITH,ITH3,5,Veneto,Veneto,4905854,152821,3.12,0.27
922,2021-01-16,VEN,4606,1541,3065,3193,273,484,656,0,0,0,4606,0,ITH,ITH3,5,Veneto,Veneto,4905854,157427,3.21,0.09
923,2021-03-20,VEN,12657,5217,7440,654,27,4502,215,4818,162,2279,10557,2100,ITH,ITH3,5,Veneto,Veneto,4905854,170084,3.47,0.26
924,2021-03-19,VEN,13570,5566,8004,1724,144,2634,436,7870,42,720,7571,5999,ITH,ITH3,5,Veneto,Veneto,4905854,183654,3.74,0.28
925,2021-01-17,VEN,1932,780,1152,1587,40,180,120,3,0,2,1583,349,ITH,ITH3,5,Veneto,Veneto,4905854,185586,3.78,0.04
926,2021-02-07,VEN,2314,861,1453,1931,11,319,50,2,0,1,714,1600,ITH,ITH3,5,Veneto,Veneto,4905854,187900,3.83,0.05
927,2020-12-30,VEN,699,245,454,598,12,50,39,0,0,0,699,0,ITH,ITH3,5,Veneto,Veneto,4905854,188599,3.84,0.01
928,2021-01-04,VEN,6726,2029,4697,5238,181,388,913,1,0,5,6726,0,ITH,ITH3,5,Veneto,Veneto,4905854,195325,3.98,0.14
929,2021-02-24,VEN,8543,3656,4887,1527,224,419,507,5590,264,12,8061,482,ITH,ITH3,5,Veneto,Veneto,4905854,203868,4.16,0.17
930,2021-03-28,VEN,30754,13328,17426,1400,44,16428,140,10295,45,2402,27129,3625,ITH,ITH3,5,Veneto,Veneto,4905854,234622,4.78,0.63
931,2021-01-18,VEN,2770,782,1988,1222,233,308,999,8,0,0,2571,199,ITH,ITH3,5,Veneto,Veneto,4905854,237392,4.84,0.06
932,2020-12-31,VEN,3219,1043,2176,2700,77,188,252,0,0,2,3219,0,ITH,ITH3,5,Veneto,Veneto,4905854,240611,4.9,0.07
933,2021-02-01,VEN,8517,2488,6029,4206,489,1464,2106,245,0,7,165,8352,ITH,ITH3,5,Veneto,Veneto,4905854,249128,5.08,0.17
934,2021-02-10,VEN,4750,1587,3163,3117,199,666,767,0,0,1,3698,1052,ITH,ITH3,5,Veneto,Veneto,4905854,253878,5.18,0.1
935,2021-03-27,VEN,30416,13168,17248,1938,40,14154,166,12454,123,1541,24603,5813,ITH,ITH3,5,Veneto,Veneto,4905854,284294,5.79,0.62
936,2021-02-05,VEN,8364,2533,5831,4272,679,1233,2164,7,5,4,1425,6939,ITH,ITH3,5,Veneto,Veneto,4905854,292658,5.97,0.17
937,2021-01-13,VEN,5978,1601,4377,2792,428,872,1881,3,0,2,5978,0,ITH,ITH3,5,Veneto,Veneto,4905854,298636,6.09,0.12
938,2021-02-15,VEN,4386,1820,2566,483,65,145,383,3294,14,2,4146,240,ITH,ITH3,5,Veneto,Veneto,4905854,303022,6.18,0.09
939,2021-03-13,VEN,17021,7161,9860,2331,33,5350,103,4816,357,4031,13939,3082,ITH,ITH3,5,Veneto,Veneto,4905854,320043,6.52,0.35
940,2021-02-20,VEN,6325,1988,4337,1803,2,202,100,970,6,3242,6321,4,ITH,ITH3,5,Veneto,Veneto,4905854,326368,6.65,0.13
941,2021-03-04,VEN,12710,4711,7999,3106,380,1287,1354,3405,352,2826,9307,3403,ITH,ITH3,5,Veneto,Veneto,4905854,339078,6.91,0.26
942,2021-01-01,VEN,1525,470,1055,1494,0,30,1,0,0,0,1525,0,ITH,ITH3,5,Veneto,Veneto,4905854,340603,6.94,0.03
943,2021-03-21,VEN,11970,4750,7220,1480,50,3141,30,4565,179,2525,8511,3459,ITH,ITH3,5,Veneto,Veneto,4905854,352573,7.19,0.24
944,2021-03-11,VEN,19452,8651,10801,1552,116,2960,822,9336,1019,3647,13961,5491,ITH,ITH3,5,Veneto,Veneto,4905854,372025,7.58,0.4
945,2021-01-07,VEN,8359,2319,6040,5467,460,627,1805,0,0,0,8359,0,ITH,ITH3,5,Veneto,Veneto,4905854,380384,7.75,0.17
946,2021-03-18,VEN,12508,5095,7413,1404,225,1941,482,7595,20,841,7331,5177,ITH,ITH3,5,Veneto,Veneto,4905854,392892,8.01,0.25
947,2021-01-28,VEN,9204,2662,6542,6459,358,931,1448,5,0,3,175,9029,ITH,ITH3,5,Veneto,Veneto,4905854,402096,8.2,0.19
948,2021-02-08,VEN,4969,1539,3430,2788,268,725,1174,12,0,2,1930,3039,ITH,ITH3,5,Veneto,Veneto,4905854,407065,8.3,0.1
949,2021-03-15,VEN,16380,7095,9285,1349,36,2860,370,9299,512,1954,11187,5193,ITH,ITH3,5,Veneto,Veneto,4905854,423445,8.63,0.33
950,2021-03-09,VEN,16337,7355,8982,1232,139,1829,687,8544,963,2943,10144,6193,ITH,ITH3,5,Veneto,Veneto,4905854,439782,8.96,0.33
951,2021-03-29,VEN,10470,4424,6046,222,74,3005,200,6771,48,150,8415,2055,ITH,ITH3,5,Veneto,Veneto,4905854,450252,9.18,0.21
952,2021-01-10,VEN,5020,1662,3358,3839,165,550,462,2,2,0,5020,0,ITH,ITH3,5,Veneto,Veneto,4905854,455272,9.28,0.1
953,2021-02-22,VEN,6957,3016,3941,743,44,187,342,5400,1,240,6571,386,ITH,ITH3,5,Veneto,Veneto,4905854,462229,9.42,0.14
954,2021-02-25,VEN,7853,3321,4532,1498,248,320,467,4937,109,274,7255,598,ITH,ITH3,5,Veneto,Veneto,4905854,470082,9.58,0.16
955,2021-01-02,VEN,5741,1765,3976,4797,147,249,544,2,0,2,5741,0,ITH,ITH3,5,Veneto,Veneto,4905854,475823,9.7,0.12
956,2021-03-26,VEN,28550,12547,16003,1206,341,13111,1007,10362,680,1843,23194,5356,ITH,ITH3,5,Veneto,Veneto,4905854,504373,10.28,0.58
957,2021-01-08,VEN,9398,2832,6566,5978,567,1035,1807,3,1,7,9398,0,ITH,ITH3,5,Veneto,Veneto,4905854,513771,10.47,0.19
958,2021-02-14,VEN,125,56,69,95,1,29,0,0,0,0,112,13,ITH,ITH3,5,Veneto,Veneto,4905854,513896,10.48,0.0
959,2021-03-16,VEN,12371,5294,7077,1272,105,2558,454,7857,19,106,6839,5532,ITH,ITH3,5,Veneto,Veneto,4905854,526267,10.73,0.25
960,2021-02-28,VEN,4127,1382,2745,1702,30,1394,15,983,0,3,3290,837,ITH,ITH3,5,Veneto,Veneto,4905854,530394,10.81,0.08
961,2021-02-19,VEN,7293,3122,4171,1536,175,541,665,4366,3,7,7091,202,ITH,ITH3,5,Veneto,Veneto,4905854,537687,10.96,0.15
962,2021-01-06,VEN,8131,2383,5748,6308,170,833,807,1,2,10,8131,0,ITH,ITH3,5,Veneto,Veneto,4905854,545818,11.13,0.17
963,2021-01-26,VEN,6901,2081,4820,5337,220,375,963,0,1,5,154,6747,ITH,ITH3,5,Veneto,Veneto,4905854,552719,11.27,0.14
964,2021-02-04,VEN,7314,2013,5301,3459,446,1013,2380,12,0,4,555,6759,ITH,ITH3,5,Veneto,Veneto,4905854,560033,11.42,0.15
965,2021-03-10,VEN,18828,8554,10274,1453,64,2456,555,9051,1101,4148,13154,5674,ITH,ITH3,5,Veneto,Veneto,4905854,578861,11.8,0.38
966,2021-02-09,VEN,5158,1871,3287,3096,313,557,1172,19,0,1,3428,1730,ITH,ITH3,5,Veneto,Veneto,4905854,584019,11.9,0.11
967,2021-01-31,VEN,4743,1550,3193,3677,147,534,377,4,2,2,393,4350,ITH,ITH3,5,Veneto,Veneto,4905854,588762,12.0,0.1
968,2021-01-09,VEN,7929,2538,5391,5174,335,830,1574,3,11,2,7929,0,ITH,ITH3,5,Veneto,Veneto,4905854,596691,12.16,0.16
969,2021-03-17,VEN,14473,5907,8566,1872,166,2539,257,8916,26,697,7789,6684,ITH,ITH3,5,Veneto,Veneto,4905854,611164,12.46,0.3
970,2021-02-21,VEN,4624,1203,3421,495,0,9,18,417,2,3683,4619,5,ITH,ITH3,5,Veneto,Veneto,4905854,615788,12.55,0.09
971,2021-03-14,VEN,15119,5902,9217,2243,208,4586,100,4136,242,3604,14223,896,ITH,ITH3,5,Veneto,Veneto,4905854,630907,12.86,0.31
972,2021-01-21,VEN,2290,719,1571,1985,48,114,141,0,0,2,21,2269,ITH,ITH3,5,Veneto,Veneto,4905854,633197,12.91,0.05
973,2021-01-03,VEN,5159,1563,3596,4597,59,253,249,0,0,1,5159,0,ITH,ITH3,5,Veneto,Veneto,4905854,638356,13.01,0.11
974,2021-02-03,VEN,5934,1660,4274,2851,426,908,1744,1,0,4,482,5452,ITH,ITH3,5,Veneto,Veneto,4905854,644290,13.13,0.12
975,2021-01-30,VEN,8746,2671,6075,6209,291,995,1233,4,12,2,696,8050,ITH,ITH3,5,Veneto,Veneto,4905854,653036,13.31,0.18
976,2021-01-05,VEN,7327,2183,5144,5410,304,485,1122,0,1,5,7327,0,ITH,ITH3,5,Veneto,Veneto,4905854,660363,13.46,0.15
977,2021-01-20,VEN,1038,368,670,695,58,72,213,0,0,0,386,652,ITH,ITH3,5,Veneto,Veneto,4905854,661401,13.48,0.02
978,2021-01-27,VEN,7140,2064,5076,5206,210,836,879,0,0,9,246,6894,ITH,ITH3,5,Veneto,Veneto,4905854,668541,13.63,0.15
979,2020-12-27,VEN,880,395,485,875,0,4,0,0,0,1,880,0,ITH,ITH3,5,Veneto,Veneto,4905854,669421,13.65,0.02
980,2021-02-02,VEN,6402,1842,4560,2970,533,751,1994,152,0,2,391,6011,ITH,ITH3,5,Veneto,Veneto,4905854,675823,13.78,0.13
981,2021-02-11,VEN,4011,1239,2772,2614,152,444,789,9,1,2,3381,630,ITH,ITH3,5,Veneto,Veneto,4905854,679834,13.86,0.08
982,2021-01-14,VEN,7060,1925,5135,3235,524,809,2473,17,0,2,7060,0,ITH,ITH3,5,Veneto,Veneto,4905854,686894,14.0,0.14
983,2021-01-12,VEN,5231,1516,3715,2251,359,697,1753,168,0,3,5231,0,ITH,ITH3,5,Veneto,Veneto,4905854,692125,14.11,0.11
984,2021-01-19,VEN,1308,471,837,725,83,170,324,6,0,0,1159,149,ITH,ITH3,5,Veneto,Veneto,4905854,693433,14.13,0.03
985,2021-03-12,VEN,18521,8097,10424,1955,226,3149,750,8049,904,3488,11803,6718,ITH,ITH3,5,Veneto,Veneto,4905854,711954,14.51,0.38
986,2021-01-29,VEN,8999,2781,6218,6041,479,1038,1434,3,1,3,366,8633,ITH,ITH3,5,Veneto,Veneto,4905854,720953,14.7,0.18
987,2021-03-03,VEN,11947,4526,7421,3312,297,1207,1190,3372,310,2259,8454,3493,ITH,ITH3,5,Veneto,Veneto,4905854,732900,14.94,0.24
988,2021-01-23,VEN,4063,1255,2808,3404,115,90,450,1,0,3,34,4029,ITH,ITH3,5,Veneto,Veneto,4905854,736963,15.02,0.08
989,2021-03-07,VEN,4449,1739,2710,1692,1,928,17,983,0,828,3894,555,ITH,ITH3,5,Veneto,Veneto,4905854,741412,15.11,0.09
990,2021-03-02,VEN,11319,4548,6771,2767,436,1406,1165,3286,411,1848,8044,3275,ITH,ITH3,5,Veneto,Veneto,4905854,752731,15.34,0.23
991,2021-03-25,VEN,25204,10633,14571,1352,338,9654,902,10159,583,2216,19166,6038,ITH,ITH3,5,Veneto,Veneto,4905854,777935,15.86,0.51
992,2021-01-11,VEN,7237,2100,5137,3499,501,1029,1956,247,0,5,7237,0,ITH,ITH3,5,Veneto,Veneto,4905854,785172,16.0,0.15
993,2021-01-15,VEN,5863,1819,4044,2984,453,846,1565,9,3,3,5863,0,ITH,ITH3,5,Veneto,Veneto,4905854,791035,16.12,0.12
994,2021-02-18,VEN,5700,2440,3260,934,64,289,607,3799,1,6,5637,63,ITH,ITH3,5,Veneto,Veneto,4905854,796735,16.24,0.12
995,2021-02-26,VEN,8222,3243,4979,1687,202,900,739,4381,31,282,6972,1250,ITH,ITH3,5,Veneto,Veneto,4905854,804957,16.41,0.17
996,2021-02-23,VEN,7306,3214,4092,1012,62,427,214,5342,69,180,7048,258,ITH,ITH3,5,Veneto,Veneto,4905854,812263,16.56,0.15
997,2020-12-27,CAM,720,422,298,703,14,3,0,0,0,0,720,0,ITF,ITF3,15,Campania,Campania,5801692,720,0.01,0.01
998,2021-01-21,CAM,2093,1116,977,1379,153,486,75,0,0,0,677,1416,ITF,ITF3,15,Campania,Campania,5801692,2813,0.05,0.04
999,2021-03-29,CAM,6498,3194,3304,99,12,4028,67,2026,33,233,5768,730,ITF,ITF3,15,Campania,Campania,5801692,9311,0.16,0.11
1000,2021-02-06,CAM,5341,2665,2676,1990,520,2357,459,15,0,0,2103,3238,ITF,ITF3,15,Campania,Campania,5801692,14652,0.25,0.09
1001,2021-01-10,CAM,8165,3736,4429,5179,1010,1879,97,0,0,0,8165,0,ITF,ITF3,15,Campania,Campania,5801692,22817,0.39,0.14
1002,2021-01-29,CAM,10052,4812,5240,6405,1052,2336,259,0,0,0,47,10005,ITF,ITF3,15,Campania,Campania,5801692,32869,0.57,0.17
1003,2021-01-02,CAM,3674,1963,1711,3167,341,166,0,0,0,0,3674,0,ITF,ITF3,15,Campania,Campania,5801692,36543,0.63,0.06
1004,2021-01-20,CAM,1257,650,607,395,146,615,101,0,0,0,1257,0,ITF,ITF3,15,Campania,Campania,5801692,37800,0.65,0.02
1005,2021-03-09,CAM,13837,6617,7220,797,266,2761,184,4494,1148,4187,10056,3781,ITF,ITF3,15,Campania,Campania,5801692,51637,0.89,0.24
1006,2021-01-27,CAM,7737,3820,3917,5838,875,754,270,0,0,0,162,7575,ITF,ITF3,15,Campania,Campania,5801692,59374,1.02,0.13
1007,2021-03-18,CAM,12155,5375,6780,460,76,1097,34,9953,76,459,5968,6187,ITF,ITF3,15,Campania,Campania,5801692,71529,1.23,0.21
1008,2021-03-05,CAM,16473,6348,10125,1682,224,2364,64,6348,4,5787,9814,6659,ITF,ITF3,15,Campania,Campania,5801692,88002,1.52,0.28
1009,2021-02-26,CAM,13326,4228,9098,950,125,798,219,3404,1,7829,11991,1335,ITF,ITF3,15,Campania,Campania,5801692,101328,1.75,0.23
1010,2021-01-07,CAM,8910,4166,4744,6313,1087,1178,332,0,0,0,8910,0,ITF,ITF3,15,Campania,Campania,5801692,110238,1.9,0.15
1011,2021-02-05,CAM,7261,3463,3798,3447,995,2502,308,9,0,0,2133,5128,ITF,ITF3,15,Campania,Campania,5801692,117499,2.03,0.13
1012,2021-01-05,CAM,7237,3638,3599,5810,923,398,106,0,0,0,7237,0,ITF,ITF3,15,Campania,Campania,5801692,124736,2.15,0.12
1013,2021-01-30,CAM,10721,5079,5642,6930,1278,2286,227,0,0,0,39,10682,ITF,ITF3,15,Campania,Campania,5801692,135457,2.33,0.18
1014,2021-01-31,CAM,8066,3711,4355,5106,1012,1881,67,0,0,0,23,8043,ITF,ITF3,15,Campania,Campania,5801692,143523,2.47,0.14
1015,2021-02-01,CAM,3985,1813,2172,2504,656,673,152,0,0,0,110,3875,ITF,ITF3,15,Campania,Campania,5801692,147508,2.54,0.07
1016,2021-03-04,CAM,14644,5345,9299,1900,289,1922,136,5562,1,4834,8751,5893,ITF,ITF3,15,Campania,Campania,5801692,162152,2.79,0.25
1017,2021-03-24,CAM,17619,8081,9538,408,71,7679,69,6718,232,2442,14667,2952,ITF,ITF3,15,Campania,Campania,5801692,179771,3.1,0.3
1018,2021-01-24,CAM,4128,2123,2005,3140,410,412,166,0,0,0,383,3745,ITF,ITF3,15,Campania,Campania,5801692,183899,3.17,0.07
1019,2021-03-25,CAM,19999,9341,10658,308,38,9541,8,7450,170,2484,16496,3503,ITF,ITF3,15,Campania,Campania,5801692,203898,3.51,0.34
1020,2021-03-23,CAM,15335,7057,8278,359,488,6021,181,4731,261,3294,12830,2505,ITF,ITF3,15,Campania,Campania,5801692,219233,3.78,0.26
1021,2021-02-13,CAM,5508,2549,2959,960,99,701,131,3615,0,2,5291,217,ITF,ITF3,15,Campania,Campania,5801692,224741,3.87,0.09
1022,2021-01-14,CAM,7073,2977,4096,3707,1264,1752,350,0,0,0,7073,0,ITF,ITF3,15,Campania,Campania,5801692,231814,4.0,0.12
1023,2021-02-25,CAM,12422,4479,7943,803,119,907,124,5664,0,4805,11234,1188,ITF,ITF3,15,Campania,Campania,5801692,244236,4.21,0.21
1024,2021-01-13,CAM,8019,3665,4354,4350,1031,2051,587,0,0,0,8019,0,ITF,ITF3,15,Campania,Campania,5801692,252255,4.35,0.14
1025,2021-01-18,CAM,957,399,558,576,93,101,187,0,0,0,713,244,ITF,ITF3,15,Campania,Campania,5801692,253212,4.36,0.02
1026,2021-03-13,CAM,14258,6793,7465,404,82,1879,193,6614,1397,3689,8973,5285,ITF,ITF3,15,Campania,Campania,5801692,267470,4.61,0.25
1027,2021-02-22,CAM,10661,3291,7370,544,46,492,141,3896,0,5542,10398,263,ITF,ITF3,15,Campania,Campania,5801692,278131,4.79,0.18
1028,2021-01-06,CAM,7652,3749,3903,5781,838,733,300,0,0,0,7652,0,ITF,ITF3,15,Campania,Campania,5801692,285783,4.93,0.13
1029,2021-03-16,CAM,8087,3519,4568,289,53,679,60,6869,23,114,3772,4315,ITF,ITF3,15,Campania,Campania,5801692,293870,5.07,0.14
1030,2021-01-03,CAM,3837,2009,1828,3191,401,245,0,0,0,0,3837,0,ITF,ITF3,15,Campania,Campania,5801692,297707,5.13,0.07
1031,2021-03-07,CAM,11911,5344,6567,533,109,1302,85,4019,1512,4351,8070,3841,ITF,ITF3,15,Campania,Campania,5801692,309618,5.34,0.21
1032,2021-01-11,CAM,4072,1871,2201,2386,681,753,252,0,0,0,4072,0,ITF,ITF3,15,Campania,Campania,5801692,313690,5.41,0.07
1033,2021-03-12,CAM,14245,7093,7152,1022,151,2028,82,6591,1569,2802,8164,6081,ITF,ITF3,15,Campania,Campania,5801692,327935,5.65,0.25
1034,2021-01-16,CAM,3369,1675,1694,1355,230,1411,373,0,0,0,3369,0,ITF,ITF3,15,Campania,Campania,5801692,331304,5.71,0.06
1035,2021-02-08,CAM,5113,2449,2664,1388,320,1801,226,1378,0,0,4311,802,ITF,ITF3,15,Campania,Campania,5801692,336417,5.8,0.09
1036,2021-03-20,CAM,13916,6436,7480,295,35,3814,35,6529,324,2884,10177,3739,ITF,ITF3,15,Campania,Campania,5801692,350333,6.04,0.24
1037,2021-02-15,CAM,5468,2514,2954,986,220,771,94,3395,1,1,5295,173,ITF,ITF3,15,Campania,Campania,5801692,355801,6.13,0.09
1038,2021-02-09,CAM,4643,2202,2441,1148,178,1973,6,1338,0,0,4391,252,ITF,ITF3,15,Campania,Campania,5801692,360444,6.21,0.08
1039,2021-02-07,CAM,2936,1386,1550,712,189,1519,226,290,0,0,2158,778,ITF,ITF3,15,Campania,Campania,5801692,363380,6.26,0.05
1040,2020-12-31,CAM,1490,811,679,1273,150,66,1,0,0,0,1490,0,ITF,ITF3,15,Campania,Campania,5801692,364870,6.29,0.03
1041,2021-01-12,CAM,5214,2563,2651,3439,722,713,340,0,0,0,5214,0,ITF,ITF3,15,Campania,Campania,5801692,370084,6.38,0.09
1042,2021-02-19,CAM,9556,3557,5999,1663,141,943,161,4455,0,2193,8906,650,ITF,ITF3,15,Campania,Campania,5801692,379640,6.54,0.16
1043,2021-03-19,CAM,11019,4866,6153,392,67,1216,21,8426,44,853,7150,3869,ITF,ITF3,15,Campania,Campania,5801692,390659,6.73,0.19
1044,2021-03-28,CAM,15549,7494,8055,78,155,9389,18,5106,124,679,13926,1623,ITF,ITF3,15,Campania,Campania,5801692,406208,7.0,0.27
1045,2021-02-24,CAM,11763,4143,7620,845,192,436,141,5960,0,4189,11075,688,ITF,ITF3,15,Campania,Campania,5801692,417971,7.2,0.2
1046,2021-02-28,CAM,10400,3204,7196,495,113,2047,22,2227,0,5496,8501,1899,ITF,ITF3,15,Campania,Campania,5801692,428371,7.38,0.18
1047,2021-01-01,CAM,919,506,413,831,85,3,0,0,0,0,919,0,ITF,ITF3,15,Campania,Campania,5801692,429290,7.4,0.02
1048,2021-03-26,CAM,19450,8931,10519,363,36,9425,142,7621,232,1631,15640,3810,ITF,ITF3,15,Campania,Campania,5801692,448740,7.73,0.34
1049,2021-02-11,CAM,6279,2705,3574,1862,279,1646,129,2363,0,0,6213,66,ITF,ITF3,15,Campania,Campania,5801692,455019,7.84,0.11
1050,2021-03-06,CAM,16295,6746,9549,993,132,1359,171,7127,1027,5486,10629,5666,ITF,ITF3,15,Campania,Campania,5801692,471314,8.12,0.28
1051,2021-03-21,CAM,9955,4576,5379,167,27,4968,17,2914,188,1674,7586,2369,ITF,ITF3,15,Campania,Campania,5801692,481269,8.3,0.17
1052,2021-03-10,CAM,15235,7370,7865,704,240,2311,26,8430,1058,2466,8407,6828,ITF,ITF3,15,Campania,Campania,5801692,496504,8.56,0.26
1053,2021-03-08,CAM,14500,6703,7797,886,245,2179,36,4863,1334,4957,9725,4775,ITF,ITF3,15,Campania,Campania,5801692,511004,8.81,0.25
1054,2021-02-23,CAM,10985,3382,7603,520,85,401,286,3755,0,5938,10459,526,ITF,ITF3,15,Campania,Campania,5801692,521989,9.0,0.19
1055,2021-02-16,CAM,5437,2410,3027,983,272,836,169,3176,0,1,4666,771,ITF,ITF3,15,Campania,Campania,5801692,527426,9.09,0.09
1056,2021-01-25,CAM,5744,2926,2818,4743,644,301,56,0,0,0,164,5580,ITF,ITF3,15,Campania,Campania,5801692,533170,9.19,0.1
1057,2021-02-27,CAM,13943,4471,9472,825,285,1280,82,3161,0,8310,12301,1642,ITF,ITF3,15,Campania,Campania,5801692,547113,9.43,0.24
1058,2021-03-03,CAM,13918,5494,8424,2088,234,2459,156,4746,3,4232,7289,6629,ITF,ITF3,15,Campania,Campania,5801692,561031,9.67,0.24
1059,2021-01-22,CAM,1523,775,748,970,120,224,209,0,0,0,673,850,ITF,ITF3,15,Campania,Campania,5801692,562554,9.7,0.03
1060,2021-02-12,CAM,6555,2876,3679,1905,263,1111,214,3058,0,4,6343,212,ITF,ITF3,15,Campania,Campania,5801692,569109,9.81,0.11
1061,2021-02-18,CAM,9079,3811,5268,1752,228,1033,88,5540,0,438,8371,708,ITF,ITF3,15,Campania,Campania,5801692,578188,9.97,0.16
1062,2021-02-17,CAM,7388,3210,4178,1013,197,870,38,4908,0,362,6328,1060,ITF,ITF3,15,Campania,Campania,5801692,585576,10.09,0.13
1063,2021-01-09,CAM,10566,5024,5542,6759,1256,2282,269,0,0,0,10566,0,ITF,ITF3,15,Campania,Campania,5801692,596142,10.28,0.18
1064,2021-01-08,CAM,10455,4969,5486,6714,1147,2382,212,0,0,0,10455,0,ITF,ITF3,15,Campania,Campania,5801692,606597,10.46,0.18
1065,2021-02-20,CAM,8564,3079,5485,1023,60,788,145,4582,0,1966,8261,303,ITF,ITF3,15,Campania,Campania,5801692,615161,10.6,0.15
1066,2021-02-10,CAM,6904,3413,3491,1945,284,2419,98,2158,0,0,6728,176,ITF,ITF3,15,Campania,Campania,5801692,622065,10.72,0.12
1067,2021-03-14,CAM,8507,3723,4784,328,97,666,2,4546,850,2018,4369,4138,ITF,ITF3,15,Campania,Campania,5801692,630572,10.87,0.15
1068,2021-02-14,CAM,3933,1926,2007,633,84,736,17,2463,0,0,3890,43,ITF,ITF3,15,Campania,Campania,5801692,634505,10.94,0.07
1069,2021-01-26,CAM,7297,3701,3596,5742,846,487,222,0,0,0,352,6945,ITF,ITF3,15,Campania,Campania,5801692,641802,11.06,0.13
1070,2021-03-02,CAM,12745,4550,8195,1294,193,1978,147,3232,2,5899,8401,4344,ITF,ITF3,15,Campania,Campania,5801692,654547,11.28,0.22
1071,2021-03-22,CAM,12748,5922,6826,309,755,5170,71,3500,469,2474,10710,2038,ITF,ITF3,15,Campania,Campania,5801692,667295,11.5,0.22
1072,2021-01-23,CAM,3839,2029,1810,3161,344,265,69,0,0,0,273,3566,ITF,ITF3,15,Campania,Campania,5801692,671134,11.57,0.07
1073,2021-03-17,CAM,11575,5094,6481,490,123,748,49,10003,33,129,4998,6577,ITF,ITF3,15,Campania,Campania,5801692,682709,11.77,0.2
1074,2021-03-27,CAM,21228,10014,11214,356,35,11582,63,7091,145,1956,17368,3860,ITF,ITF3,15,Campania,Campania,5801692,703937,12.13,0.37
1075,2021-03-01,CAM,12119,4243,7876,1153,306,1665,145,3065,0,5785,8008,4111,ITF,ITF3,15,Campania,Campania,5801692,716056,12.34,0.21
1076,2021-02-04,CAM,7943,3429,4514,3965,1245,2440,292,1,0,0,1308,6635,ITF,ITF3,15,Campania,Campania,5801692,723999,12.48,0.14
1077,2021-01-28,CAM,8832,4122,4710,6216,1093,1176,347,0,0,0,135,8697,ITF,ITF3,15,Campania,Campania,5801692,732831,12.63,0.15
1078,2021-01-19,CAM,1095,474,621,534,129,261,171,0,0,0,1092,3,ITF,ITF3,15,Campania,Campania,5801692,733926,12.65,0.02
1079,2021-03-11,CAM,17570,8666,8904,1048,254,3011,105,8933,1384,2835,10293,7277,ITF,ITF3,15,Campania,Campania,5801692,751496,12.95,0.3
1080,2021-02-02,CAM,5722,2804,2918,3640,828,900,354,0,0,0,443,5279,ITF,ITF3,15,Campania,Campania,5801692,757218,13.05,0.1
1081,2021-01-04,CAM,5826,2963,2863,4850,679,297,0,0,0,0,5826,0,ITF,ITF3,15,Campania,Campania,5801692,763044,13.15,0.1
1082,2021-01-15,CAM,4980,2381,2599,2740,832,1217,191,0,0,0,4980,0,ITF,ITF3,15,Campania,Campania,5801692,768024,13.24,0.09
1083,2021-03-15,CAM,12903,6077,6826,800,131,2535,82,6277,511,2567,8203,4700,ITF,ITF3,15,Campania,Campania,5801692,780927,13.46,0.22
1084,2021-02-03,CAM,8903,4002,4901,4736,1102,2350,714,1,0,0,878,8025,ITF,ITF3,15,Campania,Campania,5801692,789830,13.61,0.15
1085,2021-01-17,CAM,1155,551,604,718,54,232,151,0,0,0,702,453,ITF,ITF3,15,Campania,Campania,5801692,790985,13.63,0.02
1086,2021-02-21,CAM,5833,2239,3594,780,44,609,22,3870,0,508,5608,225,ITF,ITF3,15,Campania,Campania,5801692,796818,13.73,0.1
1087,2021-02-21,MOL,573,227,346,1,0,4,0,568,0,0,571,2,ITF,ITF2,14,Molise,Molise,305617,573,0.19,0.19
1088,2021-01-08,MOL,429,141,288,244,6,59,120,0,0,0,429,0,ITF,ITF2,14,Molise,Molise,305617,1002,0.33,0.14
1089,2021-03-14,MOL,594,239,355,2,0,11,0,581,0,0,16,578,ITF,ITF2,14,Molise,Molise,305617,1596,0.52,0.19
1090,2021-03-06,MOL,1728,807,921,156,15,10,0,1395,152,0,1569,159,ITF,ITF2,14,Molise,Molise,305617,3324,1.09,0.57
1091,2021-03-28,MOL,1368,646,722,124,12,206,0,1026,0,0,394,974,ITF,ITF2,14,Molise,Molise,305617,4692,1.54,0.45
1092,2021-02-01,MOL,562,201,361,301,143,6,111,0,0,1,14,548,ITF,ITF2,14,Molise,Molise,305617,5254,1.72,0.18
1093,2021-02-18,MOL,319,74,245,296,8,15,0,0,0,0,306,13,ITF,ITF2,14,Molise,Molise,305617,5573,1.82,0.1
1094,2021-02-28,MOL,828,331,497,38,1,4,27,758,0,0,786,42,ITF,ITF2,14,Molise,Molise,305617,6401,2.09,0.27
1095,2021-02-09,MOL,359,170,189,161,83,5,110,0,0,0,197,162,ITF,ITF2,14,Molise,Molise,305617,6760,2.21,0.12
1096,2021-02-11,MOL,293,133,160,225,19,0,45,0,3,1,257,36,ITF,ITF2,14,Molise,Molise,305617,7053,2.31,0.1
1097,2021-03-01,MOL,661,274,387,200,28,41,108,135,2,147,447,214,ITF,ITF2,14,Molise,Molise,305617,7714,2.52,0.22
1098,2021-02-04,MOL,758,295,463,502,76,38,141,0,0,1,77,681,ITF,ITF2,14,Molise,Molise,305617,8472,2.77,0.25
1099,2021-03-03,MOL,672,316,356,63,1,4,48,384,45,127,590,82,ITF,ITF2,14,Molise,Molise,305617,9144,2.99,0.22
1100,2021-01-16,MOL,420,166,254,270,14,9,127,0,0,0,420,0,ITF,ITF2,14,Molise,Molise,305617,9564,3.13,0.14
1101,2021-02-08,MOL,334,141,193,206,38,5,85,0,0,0,216,118,ITF,ITF2,14,Molise,Molise,305617,9898,3.24,0.11
1102,2021-02-22,MOL,265,129,136,56,31,108,62,8,0,0,250,15,ITF,ITF2,14,Molise,Molise,305617,10163,3.33,0.09
1103,2021-03-19,MOL,1180,479,701,32,0,163,9,726,2,248,753,427,ITF,ITF2,14,Molise,Molise,305617,11343,3.71,0.39
1104,2021-03-13,MOL,1189,594,595,29,0,23,5,981,151,0,200,989,ITF,ITF2,14,Molise,Molise,305617,12532,4.1,0.39
1105,2021-03-02,MOL,667,383,284,98,106,12,51,136,113,151,509,158,ITF,ITF2,14,Molise,Molise,305617,13199,4.32,0.22
1106,2021-01-17,MOL,78,38,40,78,0,0,0,0,0,0,48,30,ITF,ITF2,14,Molise,Molise,305617,13277,4.34,0.03
1107,2021-03-08,MOL,1376,522,854,359,44,61,23,409,76,404,1236,140,ITF,ITF2,14,Molise,Molise,305617,14653,4.79,0.45
1108,2021-01-07,MOL,598,209,389,414,1,38,145,0,0,0,598,0,ITF,ITF2,14,Molise,Molise,305617,15251,4.99,0.2
1109,2021-03-11,MOL,1462,636,826,42,2,22,14,698,185,499,1456,6,ITF,ITF2,14,Molise,Molise,305617,16713,5.47,0.48
1110,2021-01-25,MOL,319,130,189,317,0,0,0,0,0,2,3,316,ITF,ITF2,14,Molise,Molise,305617,17032,5.57,0.1
1111,2021-02-12,MOL,330,149,181,224,12,20,72,0,0,2,208,122,ITF,ITF2,14,Molise,Molise,305617,17362,5.68,0.11
1112,2021-02-27,MOL,1366,568,798,25,2,34,14,1290,0,1,1347,19,ITF,ITF2,14,Molise,Molise,305617,18728,6.13,0.45
1113,2021-03-10,MOL,1737,720,1017,188,3,92,1,757,187,509,1687,50,ITF,ITF2,14,Molise,Molise,305617,20465,6.7,0.57
1114,2021-01-20,MOL,18,8,10,14,4,0,0,0,0,0,18,0,ITF,ITF2,14,Molise,Molise,305617,20483,6.7,0.01
1115,2021-01-11,MOL,557,194,363,196,193,57,111,0,0,0,557,0,ITF,ITF2,14,Molise,Molise,305617,21040,6.88,0.18
1116,2021-01-22,MOL,126,35,91,21,32,0,73,0,0,0,126,0,ITF,ITF2,14,Molise,Molise,305617,21166,6.93,0.04
1117,2021-01-27,MOL,674,251,423,436,11,17,209,0,0,1,8,666,ITF,ITF2,14,Molise,Molise,305617,21840,7.15,0.22
1118,2021-02-26,MOL,563,260,303,42,7,50,3,406,0,55,490,73,ITF,ITF2,14,Molise,Molise,305617,22403,7.33,0.18
1119,2021-03-09,MOL,1329,579,750,199,1,109,0,409,218,393,1177,152,ITF,ITF2,14,Molise,Molise,305617,23732,7.77,0.43
1120,2021-03-27,MOL,2600,1224,1376,18,3,777,0,1798,3,1,1167,1433,ITF,ITF2,14,Molise,Molise,305617,26332,8.62,0.85
1121,2021-02-13,MOL,132,80,52,129,3,0,0,0,0,0,132,0,ITF,ITF2,14,Molise,Molise,305617,26464,8.66,0.04
1122,2021-03-18,MOL,1156,476,680,73,10,174,45,854,0,0,692,464,ITF,ITF2,14,Molise,Molise,305617,27620,9.04,0.38
1123,2021-03-24,MOL,1624,655,969,77,1,343,0,706,47,450,1222,402,ITF,ITF2,14,Molise,Molise,305617,29244,9.57,0.53
1124,2021-03-23,MOL,1639,692,947,76,2,451,6,571,79,454,1432,207,ITF,ITF2,14,Molise,Molise,305617,30883,10.11,0.54
1125,2021-01-30,MOL,461,158,303,189,52,40,180,0,0,0,12,449,ITF,ITF2,14,Molise,Molise,305617,31344,10.26,0.15
1126,2021-03-25,MOL,1800,727,1073,53,2,321,16,829,86,493,1303,497,ITF,ITF2,14,Molise,Molise,305617,33144,10.84,0.59
1127,2021-01-29,MOL,421,136,285,227,23,59,109,0,0,3,6,415,ITF,ITF2,14,Molise,Molise,305617,33565,10.98,0.14
1128,2021-03-29,MOL,644,255,389,32,2,237,0,91,3,279,516,128,ITF,ITF2,14,Molise,Molise,305617,34209,11.19,0.21
1129,2021-03-05,MOL,1219,649,570,322,1,54,0,618,151,73,1015,204,ITF,ITF2,14,Molise,Molise,305617,35428,11.59,0.4
1130,2021-03-21,MOL,1245,542,703,14,1,141,0,1089,0,0,479,766,ITF,ITF2,14,Molise,Molise,305617,36673,12.0,0.41
1131,2021-02-23,MOL,581,223,358,136,39,4,61,340,0,1,362,219,ITF,ITF2,14,Molise,Molise,305617,37254,12.19,0.19
1132,2021-03-07,MOL,1131,501,630,2,16,0,0,1113,0,0,1129,2,ITF,ITF2,14,Molise,Molise,305617,38385,12.56,0.37
1133,2021-03-04,MOL,850,417,433,252,18,6,69,469,36,0,526,324,ITF,ITF2,14,Molise,Molise,305617,39235,12.84,0.28
1134,2021-01-12,MOL,336,114,222,132,74,1,129,0,0,0,336,0,ITF,ITF2,14,Molise,Molise,305617,39571,12.95,0.11
1135,2021-02-06,MOL,429,179,250,276,13,9,130,0,0,1,29,400,ITF,ITF2,14,Molise,Molise,305617,40000,13.09,0.14
1136,2021-01-13,MOL,474,160,314,256,66,7,144,0,0,1,474,0,ITF,ITF2,14,Molise,Molise,305617,40474,13.24,0.16
1137,2021-02-03,MOL,731,249,482,391,110,49,180,0,0,1,338,393,ITF,ITF2,14,Molise,Molise,305617,41205,13.48,0.24
1138,2021-02-25,MOL,541,239,302,68,3,9,28,433,0,0,473,68,ITF,ITF2,14,Molise,Molise,305617,41746,13.66,0.18
1139,2021-01-15,MOL,538,242,296,398,17,42,81,0,0,0,538,0,ITF,ITF2,14,Molise,Molise,305617,42284,13.84,0.18
1140,2021-01-04,MOL,314,131,183,301,0,13,0,0,0,0,314,0,ITF,ITF2,14,Molise,Molise,305617,42598,13.94,0.1
1141,2021-03-12,MOL,1438,629,809,42,31,47,0,698,115,505,1402,36,ITF,ITF2,14,Molise,Molise,305617,44036,14.41,0.47
1142,2021-02-02,MOL,539,176,363,295,64,0,180,0,0,0,216,323,ITF,ITF2,14,Molise,Molise,305617,44575,14.59,0.18
1143,2021-01-05,MOL,449,180,269,441,0,8,0,0,0,0,449,0,ITF,ITF2,14,Molise,Molise,305617,45024,14.73,0.15
1144,2021-01-19,MOL,173,63,110,90,57,2,22,0,0,2,162,11,ITF,ITF2,14,Molise,Molise,305617,45197,14.79,0.06
1145,2021-03-15,MOL,832,338,494,137,6,149,66,116,61,297,587,245,ITF,ITF2,14,Molise,Molise,305617,46029,15.06,0.27
1146,2021-02-19,MOL,169,93,76,95,28,42,1,0,0,3,167,2,ITF,ITF2,14,Molise,Molise,305617,46198,15.12,0.06
1147,2021-01-28,MOL,613,217,396,430,9,19,154,0,0,1,17,596,ITF,ITF2,14,Molise,Molise,305617,46811,15.32,0.2
1148,2021-03-22,MOL,1146,439,707,106,3,283,2,255,39,458,903,243,ITF,ITF2,14,Molise,Molise,305617,47957,15.69,0.37
1149,2021-02-05,MOL,593,269,324,460,22,48,63,0,0,0,55,538,ITF,ITF2,14,Molise,Molise,305617,48550,15.89,0.19
1150,2021-03-16,MOL,614,230,384,13,3,188,11,395,4,0,267,347,ITF,ITF2,14,Molise,Molise,305617,49164,16.09,0.2
1151,2021-03-17,MOL,894,381,513,34,22,211,42,572,12,1,563,331,ITF,ITF2,14,Molise,Molise,305617,50058,16.38,0.29
1152,2021-03-20,MOL,2320,968,1352,28,2,206,0,1855,7,222,999,1321,ITF,ITF2,14,Molise,Molise,305617,52378,17.14,0.76
1153,2021-02-16,MOL,156,70,86,148,4,4,0,0,0,0,150,6,ITF,ITF2,14,Molise,Molise,305617,52534,17.19,0.05
1154,2021-02-07,MOL,66,32,34,49,1,0,16,0,0,0,19,47,ITF,ITF2,14,Molise,Molise,305617,52600,17.21,0.02
1155,2021-02-17,MOL,72,32,40,47,9,10,6,0,0,0,57,15,ITF,ITF2,14,Molise,Molise,305617,52672,17.23,0.02
1156,2021-02-24,MOL,666,278,388,242,61,44,44,274,0,1,333,333,ITF,ITF2,14,Molise,Molise,305617,53338,17.45,0.22
1157,2021-01-09,MOL,450,152,298,221,27,24,178,0,0,0,450,0,ITF,ITF2,14,Molise,Molise,305617,53788,17.6,0.15
1158,2021-01-18,MOL,114,48,66,97,14,3,0,0,0,0,114,0,ITF,ITF2,14,Molise,Molise,305617,53902,17.64,0.04
1159,2021-02-10,MOL,150,78,72,91,6,0,53,0,0,0,130,20,ITF,ITF2,14,Molise,Molise,305617,54052,17.69,0.05
1160,2021-02-15,MOL,144,70,74,117,8,4,15,0,0,0,141,3,ITF,ITF2,14,Molise,Molise,305617,54196,17.73,0.05
1161,2021-01-10,MOL,270,72,198,82,19,0,169,0,0,0,270,0,ITF,ITF2,14,Molise,Molise,305617,54466,17.82,0.09
1162,2021-01-31,MOL,268,70,198,85,18,0,164,0,0,1,6,262,ITF,ITF2,14,Molise,Molise,305617,54734,17.91,0.09
1163,2021-01-26,MOL,450,184,266,444,0,5,0,0,0,1,8,442,ITF,ITF2,14,Molise,Molise,305617,55184,18.06,0.15
1164,2021-02-20,MOL,1018,441,577,20,4,53,8,933,0,0,998,20,ITF,ITF2,14,Molise,Molise,305617,56202,18.39,0.33
1165,2021-01-14,MOL,646,239,407,418,82,31,115,0,0,0,646,0,ITF,ITF2,14,Molise,Molise,305617,56848,18.6,0.21
1166,2021-01-21,MOL,6,2,4,0,6,0,0,0,0,0,6,0,ITF,ITF2,14,Molise,Molise,305617,56854,18.6,0.0
1167,2021-03-26,MOL,2525,1026,1499,65,4,824,12,1002,70,548,1883,642,ITF,ITF2,14,Molise,Molise,305617,59379,19.43,0.83
1168,2021-01-06,MOL,689,260,429,456,26,36,171,0,0,0,689,0,ITF,ITF2,14,Molise,Molise,305617,60068,19.65,0.23
1169,2020-12-27,MOL,50,20,30,29,4,0,17,0,0,0,50,0,ITF,ITF2,14,Molise,Molise,305617,60118,19.67,0.02
1170,2021-02-20,FVG,2068,933,1135,11,1,18,148,1584,0,306,1924,144,ITH,ITH4,6,Friuli-Venezia Giulia,Friuli Venezia Giulia,1215220,2068,0.17,0.17
1171,2021-03-12,FVG,3903,1535,2368,175,61,110,27,2840,101,589,2523,1380,ITH,ITH4,6,Friuli-Venezia Giulia,Friuli Venezia Giulia,1215220,5971,0.49,0.32
1172,2021-01-12,FVG,2259,712,1547,1528,19,351,361,0,0,0,2259,0,ITH,ITH4,6,Friuli-Venezia Giulia,Friuli Venezia Giulia,1215220,8230,0.68,0.19
1173,2021-03-09,FVG,3861,1590,2271,656,420,102,196,2003,60,424,1108,2753,ITH,ITH4,6,Friuli-Venezia Giulia,Friuli Venezia Giulia,1215220,12091,0.99,0.32
1174,2021-03-15,FVG,3753,1631,2122,327,253,105,180,2420,234,234,1435,2318,ITH,ITH4,6,Friuli-Venezia Giulia,Friuli Venezia Giulia,1215220,15844,1.3,0.31
1175,2020-12-31,FVG,1053,384,669,1011,0,42,0,0,0,0,1053,0,ITH,ITH4,6,Friuli-Venezia Giulia,Friuli Venezia Giulia,1215220,16897,1.39,0.09
1176,2021-02-01,FVG,2093,687,1406,1587,254,117,135,0,0,0,14,2079,ITH,ITH4,6,Friuli-Venezia Giulia,Friuli Venezia Giulia,1215220,18990,1.56,0.17
1177,2021-02-13,FVG,567,179,388,337,230,0,0,0,0,0,561,6,ITH,ITH4,6,Friuli-Venezia Giulia,Friuli Venezia Giulia,1215220,19557,1.61,0.05
1178,2021-02-08,FVG,2355,693,1662,1399,521,0,435,0,0,0,92,2263,ITH,ITH4,6,Friuli-Venezia Giulia,Friuli Venezia Giulia,1215220,21912,1.8,0.19
1179,2021-01-09,FVG,2518,841,1677,1519,2,404,593,0,0,0,2518,0,ITH,ITH4,6,Friuli-Venezia Giulia,Friuli Venezia Giulia,1215220,24430,2.01,0.21
1180,2021-03-16,FVG,3078,1269,1809,325,255,99,196,2202,0,1,1039,2039,ITH,ITH4,6,Friuli-Venezia Giulia,Friuli Venezia Giulia,1215220,27508,2.26,0.25
1181,2021-03-29,FVG,1253,572,681,14,16,708,0,510,0,5,915,338,ITH,ITH4,6,Friuli-Venezia Giulia,Friuli Venezia Giulia,1215220,28761,2.37,0.1
1182,2021-03-19,FVG,3194,1326,1868,104,46,121,280,2510,0,133,1268,1926,ITH,ITH4,6,Friuli-Venezia Giulia,Friuli Venezia Giulia,1215220,31955,2.63,0.26
1183,2021-03-28,FVG,3574,1669,1905,4,8,1963,0,402,80,1117,3434,140,ITH,ITH4,6,Friuli-Venezia Giulia,Friuli Venezia Giulia,1215220,35529,2.92,0.29
1184,2021-01-04,FVG,1510,559,951,1392,0,118,0,0,0,0,1510,0,ITH,ITH4,6,Friuli-Venezia Giulia,Friuli Venezia Giulia,1215220,37039,3.05,0.12
1185,2021-02-07,FVG,1561,483,1078,866,693,0,2,0,0,0,386,1175,ITH,ITH4,6,Friuli-Venezia Giulia,Friuli Venezia Giulia,1215220,38600,3.18,0.13
1186,2021-02-09,FVG,1848,556,1292,1053,509,0,286,0,0,0,1559,289,ITH,ITH4,6,Friuli-Venezia Giulia,Friuli Venezia Giulia,1215220,40448,3.33,0.15
1187,2021-03-13,FVG,2928,1117,1811,11,4,11,86,2056,37,723,1657,1271,ITH,ITH4,6,Friuli-Venezia Giulia,Friuli Venezia Giulia,1215220,43376,3.57,0.24
1188,2021-02-15,FVG,2453,909,1544,699,386,19,315,1034,0,0,2203,250,ITH,ITH4,6,Friuli-Venezia Giulia,Friuli Venezia Giulia,1215220,45829,3.77,0.2
1189,2021-03-25,FVG,5019,2124,2895,52,54,1920,186,1945,29,833,3002,2017,ITH,ITH4,6,Friuli-Venezia Giulia,Friuli Venezia Giulia,1215220,50848,4.18,0.41
1190,2020-12-30,FVG,630,246,384,601,0,29,0,0,0,0,630,0,ITH,ITH4,6,Friuli-Venezia Giulia,Friuli Venezia Giulia,1215220,51478,4.24,0.05
1191,2021-01-19,FVG,7,2,5,5,0,0,2,0,0,0,7,0,ITH,ITH4,6,Friuli-Venezia Giulia,Friuli Venezia Giulia,1215220,51485,4.24,0.0
1192,2021-03-02,FVG,4218,1518,2700,1164,656,19,202,1538,5,634,2715,1503,ITH,ITH4,6,Friuli-Venezia Giulia,Friuli Venezia Giulia,1215220,55703,4.58,0.35
1193,2021-03-07,FVG,2537,926,1611,1,1,157,0,143,453,1782,2536,1,ITH,ITH4,6,Friuli-Venezia Giulia,Friuli Venezia Giulia,1215220,58240,4.79,0.21
1194,2021-01-23,FVG,816,324,492,768,1,47,0,0,0,0,4,812,ITH,ITH4,6,Friuli-Venezia Giulia,Friuli Venezia Giulia,1215220,59056,4.86,0.07
1195,2021-02-24,FVG,2518,1082,1436,23,5,48,310,1835,0,297,2500,18,ITH,ITH4,6,Friuli-Venezia Giulia,Friuli Venezia Giulia,1215220,61574,5.07,0.21
1196,2021-02-11,FVG,1930,663,1267,1134,566,2,224,3,1,0,1737,193,ITH,ITH4,6,Friuli-Venezia Giulia,Friuli Venezia Giulia,1215220,63504,5.23,0.16
1197,2021-03-01,FVG,2956,1042,1914,93,32,68,175,1635,4,949,2903,53,ITH,ITH4,6,Friuli-Venezia Giulia,Friuli Venezia Giulia,1215220,66460,5.47,0.24
1198,2021-03-20,FVG,3345,1352,1993,413,274,24,7,2382,179,66,1251,2094,ITH,ITH4,6,Friuli-Venezia Giulia,Friuli Venezia Giulia,1215220,69805,5.74,0.28
1199,2021-02-17,FVG,2351,997,1354,328,178,15,229,1555,46,0,1872,479,ITH,ITH4,6,Friuli-Venezia Giulia,Friuli Venezia Giulia,1215220,72156,5.94,0.19
1200,2021-02-16,FVG,2516,1135,1381,260,244,31,221,1760,0,0,2400,116,ITH,ITH4,6,Friuli-Venezia Giulia,Friuli Venezia Giulia,1215220,74672,6.14,0.21
1201,2021-01-29,FVG,2413,813,1600,1855,0,321,237,0,0,0,264,2149,ITH,ITH4,6,Friuli-Venezia Giulia,Friuli Venezia Giulia,1215220,77085,6.34,0.2
1202,2021-03-22,FVG,3416,1314,2102,131,86,102,164,2464,6,463,1487,1929,ITH,ITH4,6,Friuli-Venezia Giulia,Friuli Venezia Giulia,1215220,80501,6.62,0.28
1203,2021-01-28,FVG,2235,792,1443,1754,0,287,194,0,0,0,354,1881,ITH,ITH4,6,Friuli-Venezia Giulia,Friuli Venezia Giulia,1215220,82736,6.81,0.18
1204,2021-03-11,FVG,3310,1391,1919,262,109,47,271,2013,104,504,1576,1734,ITH,ITH4,6,Friuli-Venezia Giulia,Friuli Venezia Giulia,1215220,86046,7.08,0.27
1205,2021-03-04,FVG,3401,1574,1827,357,212,38,88,1815,490,401,2767,634,ITH,ITH4,6,Friuli-Venezia Giulia,Friuli Venezia Giulia,1215220,89447,7.36,0.28
1206,2021-03-26,FVG,5420,2236,3184,491,191,1884,104,1959,43,748,3497,1923,ITH,ITH4,6,Friuli-Venezia Giulia,Friuli Venezia Giulia,1215220,94867,7.81,0.45
1207,2021-01-07,FVG,2091,718,1373,1759,1,221,110,0,0,0,2091,0,ITH,ITH4,6,Friuli-Venezia Giulia,Friuli Venezia Giulia,1215220,96958,7.98,0.17
1208,2021-01-11,FVG,1882,609,1273,1500,3,333,46,0,0,0,1882,0,ITH,ITH4,6,Friuli-Venezia Giulia,Friuli Venezia Giulia,1215220,98840,8.13,0.15
1209,2021-01-15,FVG,2028,606,1422,1283,6,364,375,0,0,0,2028,0,ITH,ITH4,6,Friuli-Venezia Giulia,Friuli Venezia Giulia,1215220,100868,8.3,0.17
1210,2021-01-03,FVG,312,122,190,285,0,26,1,0,0,0,312,0,ITH,ITH4,6,Friuli-Venezia Giulia,Friuli Venezia Giulia,1215220,101180,8.33,0.03
1211,2021-02-05,FVG,2613,784,1829,1612,511,0,490,0,0,0,90,2523,ITH,ITH4,6,Friuli-Venezia Giulia,Friuli Venezia Giulia,1215220,103793,8.54,0.22
1212,2021-01-30,FVG,2271,744,1527,1475,2,352,442,0,0,0,270,2001,ITH,ITH4,6,Friuli-Venezia Giulia,Friuli Venezia Giulia,1215220,106064,8.73,0.19
1213,2021-01-08,FVG,2322,747,1575,1680,5,241,396,0,0,0,2322,0,ITH,ITH4,6,Friuli-Venezia Giulia,Friuli Venezia Giulia,1215220,108386,8.92,0.19
1214,2021-03-17,FVG,3114,1237,1877,423,218,109,111,2244,3,6,625,2489,ITH,ITH4,6,Friuli-Venezia Giulia,Friuli Venezia Giulia,1215220,111500,9.18,0.26
1215,2021-02-10,FVG,1352,496,856,745,487,0,119,0,0,1,1266,86,ITH,ITH4,6,Friuli-Venezia Giulia,Friuli Venezia Giulia,1215220,112852,9.29,0.11
1216,2021-01-26,FVG,1972,647,1325,1439,0,152,381,0,0,0,214,1758,ITH,ITH4,6,Friuli-Venezia Giulia,Friuli Venezia Giulia,1215220,114824,9.45,0.16
1217,2021-03-10,FVG,3359,1494,1865,305,243,128,207,1972,309,195,1567,1792,ITH,ITH4,6,Friuli-Venezia Giulia,Friuli Venezia Giulia,1215220,118183,9.73,0.28
1218,2021-03-27,FVG,4326,2307,2019,48,28,2281,1,1859,15,94,2922,1404,ITH,ITH4,6,Friuli-Venezia Giulia,Friuli Venezia Giulia,1215220,122509,10.08,0.36
1219,2021-02-03,FVG,2646,790,1856,1701,558,0,386,1,0,0,23,2623,ITH,ITH4,6,Friuli-Venezia Giulia,Friuli Venezia Giulia,1215220,125155,10.3,0.22
1220,2021-01-10,FVG,2941,919,2022,1745,6,945,245,0,0,0,2941,0,ITH,ITH4,6,Friuli-Venezia Giulia,Friuli Venezia Giulia,1215220,128096,10.54,0.24
1221,2021-01-13,FVG,2651,834,1817,1822,9,590,230,0,0,0,2651,0,ITH,ITH4,6,Friuli-Venezia Giulia,Friuli Venezia Giulia,1215220,130747,10.76,0.22
1222,2021-01-31,FVG,2713,836,1877,1692,1,1002,18,0,0,0,385,2328,ITH,ITH4,6,Friuli-Venezia Giulia,Friuli Venezia Giulia,1215220,133460,10.98,0.22
1223,2021-01-24,FVG,305,119,186,277,0,27,1,0,0,0,1,304,ITH,ITH4,6,Friuli-Venezia Giulia,Friuli Venezia Giulia,1215220,133765,11.01,0.03
1224,2021-01-14,FVG,2588,789,1799,1608,14,536,430,0,0,0,2588,0,ITH,ITH4,6,Friuli-Venezia Giulia,Friuli Venezia Giulia,1215220,136353,11.22,0.21
1225,2021-02-27,FVG,3420,1177,2243,203,140,32,0,1523,25,1497,3419,1,ITH,ITH4,6,Friuli-Venezia Giulia,Friuli Venezia Giulia,1215220,139773,11.5,0.28
1226,2021-01-25,FVG,1582,567,1015,1369,0,141,72,0,0,0,194,1388,ITH,ITH4,6,Friuli-Venezia Giulia,Friuli Venezia Giulia,1215220,141355,11.63,0.13
1227,2021-01-21,FVG,894,345,549,863,0,31,0,0,0,0,1,893,ITH,ITH4,6,Friuli-Venezia Giulia,Friuli Venezia Giulia,1215220,142249,11.71,0.07
1228,2021-01-02,FVG,1217,471,746,1150,0,67,0,0,0,0,1217,0,ITH,ITH4,6,Friuli-Venezia Giulia,Friuli Venezia Giulia,1215220,143466,11.81,0.1
1229,2021-03-21,FVG,2598,936,1662,6,3,112,0,1332,27,1118,2190,408,ITH,ITH4,6,Friuli-Venezia Giulia,Friuli Venezia Giulia,1215220,146064,12.02,0.21
1230,2021-02-23,FVG,2615,1252,1363,104,44,63,206,1943,254,1,2437,178,ITH,ITH4,6,Friuli-Venezia Giulia,Friuli Venezia Giulia,1215220,148679,12.23,0.22
1231,2021-02-26,FVG,3738,2093,1645,75,26,115,452,1739,1032,299,3592,146,ITH,ITH4,6,Friuli-Venezia Giulia,Friuli Venezia Giulia,1215220,152417,12.54,0.31
1232,2021-03-18,FVG,3315,1401,1914,53,21,265,116,2857,0,3,1637,1678,ITH,ITH4,6,Friuli-Venezia Giulia,Friuli Venezia Giulia,1215220,155732,12.82,0.27
1233,2021-03-05,FVG,3656,1445,2211,1044,652,35,70,1668,43,144,2585,1071,ITH,ITH4,6,Friuli-Venezia Giulia,Friuli Venezia Giulia,1215220,159388,13.12,0.3
1234,2021-03-08,FVG,3989,1554,2435,690,365,176,109,2174,39,436,1901,2088,ITH,ITH4,6,Friuli-Venezia Giulia,Friuli Venezia Giulia,1215220,163377,13.44,0.33
1235,2021-02-12,FVG,1200,428,772,674,392,3,128,2,0,1,1150,50,ITH,ITH4,6,Friuli-Venezia Giulia,Friuli Venezia Giulia,1215220,164577,13.54,0.1
1236,2021-02-22,FVG,2493,1196,1297,431,312,15,115,1369,246,5,2075,418,ITH,ITH4,6,Friuli-Venezia Giulia,Friuli Venezia Giulia,1215220,167070,13.75,0.21
1237,2021-02-28,FVG,2668,988,1680,234,162,1,0,405,378,1488,2273,395,ITH,ITH4,6,Friuli-Venezia Giulia,Friuli Venezia Giulia,1215220,169738,13.97,0.22
1238,2021-02-25,FVG,3070,1604,1466,22,3,125,188,1557,434,741,3045,25,ITH,ITH4,6,Friuli-Venezia Giulia,Friuli Venezia Giulia,1215220,172808,14.22,0.25
1239,2021-02-21,FVG,800,281,519,213,166,11,25,383,1,1,423,377,ITH,ITH4,6,Friuli-Venezia Giulia,Friuli Venezia Giulia,1215220,173608,14.29,0.07
1240,2021-03-03,FVG,3639,1626,2013,749,493,71,100,1329,469,428,2361,1278,ITH,ITH4,6,Friuli-Venezia Giulia,Friuli Venezia Giulia,1215220,177247,14.59,0.3
1241,2021-03-06,FVG,3489,1193,2296,182,148,111,1,1563,20,1464,3163,326,ITH,ITH4,6,Friuli-Venezia Giulia,Friuli Venezia Giulia,1215220,180736,14.87,0.29
1242,2021-02-02,FVG,2466,806,1660,1657,393,0,416,0,0,0,217,2249,ITH,ITH4,6,Friuli-Venezia Giulia,Friuli Venezia Giulia,1215220,183202,15.08,0.2
1243,2020-12-27,FVG,262,149,113,259,0,3,0,0,0,0,262,0,ITH,ITH4,6,Friuli-Venezia Giulia,Friuli Venezia Giulia,1215220,183464,15.1,0.02
1244,2021-02-06,FVG,1154,338,816,755,208,0,191,0,0,0,22,1132,ITH,ITH4,6,Friuli-Venezia Giulia,Friuli Venezia Giulia,1215220,184618,15.19,0.09
1245,2021-03-24,FVG,3552,1418,2134,173,175,345,114,2313,6,426,2107,1445,ITH,ITH4,6,Friuli-Venezia Giulia,Friuli Venezia Giulia,1215220,188170,15.48,0.29
1246,2021-03-23,FVG,3675,1528,2147,320,297,105,238,2445,29,241,1539,2136,ITH,ITH4,6,Friuli-Venezia Giulia,Friuli Venezia Giulia,1215220,191845,15.79,0.3
1247,2021-01-22,FVG,90,30,60,89,0,1,0,0,0,0,0,90,ITH,ITH4,6,Friuli-Venezia Giulia,Friuli Venezia Giulia,1215220,191935,15.79,0.01
1248,2021-01-20,FVG,751,323,428,719,1,31,0,0,0,0,12,739,ITH,ITH4,6,Friuli-Venezia Giulia,Friuli Venezia Giulia,1215220,192686,15.86,0.06
1249,2021-01-05,FVG,1680,551,1129,1350,1,132,197,0,0,0,1680,0,ITH,ITH4,6,Friuli-Venezia Giulia,Friuli Venezia Giulia,1215220,194366,15.99,0.14
1250,2021-01-16,FVG,1231,360,871,771,1,211,248,0,0,0,1231,0,ITH,ITH4,6,Friuli-Venezia Giulia,Friuli Venezia Giulia,1215220,195597,16.1,0.1
1251,2021-01-27,FVG,1272,425,847,851,1,356,64,0,0,0,450,822,ITH,ITH4,6,Friuli-Venezia Giulia,Friuli Venezia Giulia,1215220,196869,16.2,0.1
1252,2021-01-18,FVG,1961,607,1354,1359,4,488,110,0,0,0,1867,94,ITH,ITH4,6,Friuli-Venezia Giulia,Friuli Venezia Giulia,1215220,198830,16.36,0.16
1253,2021-02-04,FVG,2731,807,1924,1723,543,0,465,0,0,0,36,2695,ITH,ITH4,6,Friuli-Venezia Giulia,Friuli Venezia Giulia,1215220,201561,16.59,0.22
1254,2021-01-06,FVG,709,264,445,514,0,195,0,0,0,0,709,0,ITH,ITH4,6,Friuli-Venezia Giulia,Friuli Venezia Giulia,1215220,202270,16.64,0.06
1255,2021-03-14,FVG,1395,548,847,0,1,17,0,247,333,797,1143,252,ITH,ITH4,6,Friuli-Venezia Giulia,Friuli Venezia Giulia,1215220,203665,16.76,0.11
1256,2021-01-17,FVG,1720,524,1196,674,5,555,486,0,0,0,1720,0,ITH,ITH4,6,Friuli-Venezia Giulia,Friuli Venezia Giulia,1215220,205385,16.9,0.14
1257,2021-02-18,FVG,3210,1488,1722,229,122,16,331,1500,34,978,2804,406,ITH,ITH4,6,Friuli-Venezia Giulia,Friuli Venezia Giulia,1215220,208595,17.17,0.26
1258,2021-02-19,FVG,3253,1290,1963,568,309,14,312,1589,35,426,2824,429,ITH,ITH4,6,Friuli-Venezia Giulia,Friuli Venezia Giulia,1215220,211848,17.43,0.27
1259,2021-01-24,LAZ,5467,2109,3358,4945,131,131,134,126,0,0,385,5082,ITI,ITI4,12,Lazio,Lazio,5879082,5467,0.09,0.09
1260,2021-01-28,LAZ,7954,2998,4956,6810,374,122,514,134,0,0,459,7495,ITI,ITI4,12,Lazio,Lazio,5879082,13421,0.23,0.14
1261,2021-01-03,LAZ,5250,1972,3278,5125,18,42,65,0,0,0,5250,0,ITI,ITI4,12,Lazio,Lazio,5879082,18671,0.32,0.09
1262,2021-03-13,LAZ,21276,8353,12923,5107,109,2379,330,8892,720,3739,15383,5893,ITI,ITI4,12,Lazio,Lazio,5879082,39947,0.68,0.36
1263,2021-02-03,LAZ,6288,2348,3940,4620,335,220,1078,35,0,0,901,5387,ITI,ITI4,12,Lazio,Lazio,5879082,46235,0.79,0.11
1264,2021-03-24,LAZ,25466,11084,14382,3702,92,8376,107,9352,239,3598,19393,6073,ITI,ITI4,12,Lazio,Lazio,5879082,71701,1.22,0.43
1265,2021-03-23,LAZ,23096,9980,13116,2477,98,6788,181,9158,538,3856,16828,6268,ITI,ITI4,12,Lazio,Lazio,5879082,94797,1.61,0.39
1266,2021-02-27,LAZ,11373,4246,7127,1358,399,486,515,4792,1120,2703,10420,953,ITI,ITI4,12,Lazio,Lazio,5879082,106170,1.81,0.19
1267,2021-03-21,LAZ,17767,6804,10963,1238,27,4690,111,8172,100,3429,12746,5021,ITI,ITI4,12,Lazio,Lazio,5879082,123937,2.11,0.3
1268,2021-01-30,LAZ,6649,2730,3919,5298,265,309,651,126,0,0,448,6201,ITI,ITI4,12,Lazio,Lazio,5879082,130586,2.22,0.11
1269,2021-03-15,LAZ,19194,8303,10891,2302,122,3553,408,9577,706,2526,12479,6715,ITI,ITI4,12,Lazio,Lazio,5879082,149780,2.55,0.33
1270,2021-01-15,LAZ,6227,2467,3760,4480,417,187,988,155,0,0,6227,0,ITI,ITI4,12,Lazio,Lazio,5879082,156007,2.65,0.11
1271,2021-02-06,LAZ,5069,2015,3054,3270,206,424,660,509,0,0,769,4300,ITI,ITI4,12,Lazio,Lazio,5879082,161076,2.74,0.09
1272,2021-01-19,LAZ,4361,1671,2690,2967,222,340,424,408,0,0,3908,453,ITI,ITI4,12,Lazio,Lazio,5879082,165437,2.81,0.07
1273,2021-02-05,LAZ,6910,2722,4188,5095,373,258,995,189,0,0,1131,5779,ITI,ITI4,12,Lazio,Lazio,5879082,172347,2.93,0.12
1274,2021-03-05,LAZ,18497,7802,10695,2726,171,1574,256,8478,1323,3969,13776,4721,ITI,ITI4,12,Lazio,Lazio,5879082,190844,3.25,0.31
1275,2021-02-04,LAZ,6045,2281,3764,4460,354,267,892,72,0,0,942,5103,ITI,ITI4,12,Lazio,Lazio,5879082,196889,3.35,0.1
1276,2021-01-22,LAZ,3663,1442,2221,3380,63,27,70,123,0,0,148,3515,ITI,ITI4,12,Lazio,Lazio,5879082,200552,3.41,0.06
1277,2021-02-21,LAZ,6799,3101,3698,1245,53,309,51,4518,607,16,6517,282,ITI,ITI4,12,Lazio,Lazio,5879082,207351,3.53,0.12
1278,2021-02-15,LAZ,7727,3379,4348,2447,362,313,379,4218,8,0,7430,297,ITI,ITI4,12,Lazio,Lazio,5879082,215078,3.66,0.13
1279,2021-01-21,LAZ,5247,2109,3138,4780,78,32,232,125,0,0,196,5051,ITI,ITI4,12,Lazio,Lazio,5879082,220325,3.75,0.09
1280,2021-02-02,LAZ,5772,2133,3639,4712,367,119,571,3,0,0,501,5271,ITI,ITI4,12,Lazio,Lazio,5879082,226097,3.85,0.1
1281,2021-01-29,LAZ,7595,2867,4728,6373,259,169,704,90,0,0,477,7118,ITI,ITI4,12,Lazio,Lazio,5879082,233692,3.97,0.13
1282,2021-02-11,LAZ,6658,2788,3870,2197,174,160,500,3627,0,0,6460,198,ITI,ITI4,12,Lazio,Lazio,5879082,240350,4.09,0.11
1283,2021-02-28,LAZ,10224,3996,6228,1601,260,428,77,4577,682,2599,9710,514,ITI,ITI4,12,Lazio,Lazio,5879082,250574,4.26,0.17
1284,2021-01-01,LAZ,3553,1381,2172,3483,0,2,68,0,0,0,3553,0,ITI,ITI4,12,Lazio,Lazio,5879082,254127,4.32,0.06
1285,2021-03-26,LAZ,27266,11834,15432,5194,94,8643,324,9487,275,3249,20759,6507,ITI,ITI4,12,Lazio,Lazio,5879082,281393,4.79,0.46
1286,2021-02-22,LAZ,11415,4975,6440,1779,123,186,473,5242,1390,2222,10914,501,ITI,ITI4,12,Lazio,Lazio,5879082,292808,4.98,0.19
1287,2021-03-22,LAZ,21315,8869,12446,1525,75,5971,243,9123,517,3861,14936,6379,ITI,ITI4,12,Lazio,Lazio,5879082,314123,5.34,0.36
1288,2021-02-24,LAZ,11989,5181,6808,1798,428,508,337,5191,1327,2400,10999,990,ITI,ITI4,12,Lazio,Lazio,5879082,326112,5.55,0.2
1289,2021-03-20,LAZ,18113,6775,11338,1827,139,3761,360,8775,204,3047,12277,5836,ITI,ITI4,12,Lazio,Lazio,5879082,344225,5.86,0.31
1290,2021-03-16,LAZ,13445,5703,7742,1496,69,2145,280,9443,7,5,7044,6401,ITI,ITI4,12,Lazio,Lazio,5879082,357670,6.08,0.23
1291,2020-12-30,LAZ,1630,629,1001,1603,0,0,27,0,0,0,1630,0,ITI,ITI4,12,Lazio,Lazio,5879082,359300,6.11,0.03
1292,2021-03-12,LAZ,22617,10000,12617,4660,170,3252,400,9413,774,3948,16305,6312,ITI,ITI4,12,Lazio,Lazio,5879082,381917,6.5,0.38
1293,2021-01-12,LAZ,5391,1974,3417,4343,342,122,584,0,0,0,5391,0,ITI,ITI4,12,Lazio,Lazio,5879082,387308,6.59,0.09
1294,2021-01-23,LAZ,6883,2682,4201,6063,247,31,417,125,0,0,255,6628,ITI,ITI4,12,Lazio,Lazio,5879082,394191,6.7,0.12
1295,2021-01-16,LAZ,5350,2074,3276,3355,241,220,1064,470,0,0,5350,0,ITI,ITI4,12,Lazio,Lazio,5879082,399541,6.8,0.09
1296,2021-01-17,LAZ,4562,1843,2719,3238,145,191,177,811,0,0,4350,212,ITI,ITI4,12,Lazio,Lazio,5879082,404103,6.87,0.08
1297,2021-03-03,LAZ,17085,7215,9870,2110,200,1177,379,8033,1249,3937,12795,4290,ITI,ITI4,12,Lazio,Lazio,5879082,421188,7.16,0.29
1298,2021-03-01,LAZ,16646,7112,9534,1554,527,1209,383,7988,1406,3579,12795,3851,ITI,ITI4,12,Lazio,Lazio,5879082,437834,7.45,0.28
1299,2021-02-16,LAZ,8043,3862,4181,2058,102,476,261,4195,950,1,7786,257,ITI,ITI4,12,Lazio,Lazio,5879082,445877,7.58,0.14
1300,2021-01-06,LAZ,5114,1956,3158,4619,40,133,320,0,1,1,5114,0,ITI,ITI4,12,Lazio,Lazio,5879082,450991,7.67,0.09
1301,2021-03-14,LAZ,17039,6590,10449,1348,89,3295,81,8335,445,3446,11885,5154,ITI,ITI4,12,Lazio,Lazio,5879082,468030,7.96,0.29
1302,2021-03-02,LAZ,16605,7185,9420,1808,357,1069,229,8110,1278,3754,12676,3929,ITI,ITI4,12,Lazio,Lazio,5879082,484635,8.24,0.28
1303,2021-01-10,LAZ,4039,1700,2339,3424,156,207,252,0,0,0,4039,0,ITI,ITI4,12,Lazio,Lazio,5879082,488674,8.31,0.07
1304,2021-03-08,LAZ,19846,8203,11643,2428,120,2062,380,9045,1102,4709,14584,5262,ITI,ITI4,12,Lazio,Lazio,5879082,508520,8.65,0.34
1305,2021-02-23,LAZ,10901,4680,6221,1896,109,493,309,5169,1015,1910,10277,624,ITI,ITI4,12,Lazio,Lazio,5879082,519421,8.84,0.19
1306,2021-01-08,LAZ,7726,2894,4832,6519,191,218,798,0,0,0,7726,0,ITI,ITI4,12,Lazio,Lazio,5879082,527147,8.97,0.13
1307,2021-02-09,LAZ,8393,3484,4909,3258,244,338,548,4005,0,0,4571,3822,ITI,ITI4,12,Lazio,Lazio,5879082,535540,9.11,0.14
1308,2020-12-31,LAZ,5220,2095,3125,4929,0,12,279,0,0,0,5220,0,ITI,ITI4,12,Lazio,Lazio,5879082,540760,9.2,0.09
1309,2021-03-10,LAZ,21794,9380,12414,4024,143,2489,452,8890,1179,4617,16167,5627,ITI,ITI4,12,Lazio,Lazio,5879082,562554,9.57,0.37
1310,2021-02-18,LAZ,9676,4799,4877,2162,91,328,473,4956,1665,1,9178,498,ITI,ITI4,12,Lazio,Lazio,5879082,572230,9.73,0.16
1311,2021-02-19,LAZ,9698,4893,4805,2170,93,297,408,5060,1636,34,9201,497,ITI,ITI4,12,Lazio,Lazio,5879082,581928,9.9,0.16
1312,2021-01-20,LAZ,4390,1657,2733,3279,233,166,426,286,0,0,2849,1541,ITI,ITI4,12,Lazio,Lazio,5879082,586318,9.97,0.07
1313,2021-01-04,LAZ,7478,2907,4571,7075,5,81,316,0,0,1,7478,0,ITI,ITI4,12,Lazio,Lazio,5879082,593796,10.1,0.13
1314,2021-02-01,LAZ,5669,2173,3496,4784,189,130,559,7,0,0,353,5316,ITI,ITI4,12,Lazio,Lazio,5879082,599465,10.2,0.1
1315,2021-01-07,LAZ,7742,2901,4841,6897,175,104,566,0,0,0,7742,0,ITI,ITI4,12,Lazio,Lazio,5879082,607207,10.33,0.13
1316,2021-01-27,LAZ,5768,2170,3598,4797,215,170,457,129,0,0,651,5117,ITI,ITI4,12,Lazio,Lazio,5879082,612975,10.43,0.1
1317,2021-02-10,LAZ,7776,3116,4660,2646,275,306,633,3916,0,0,4841,2935,ITI,ITI4,12,Lazio,Lazio,5879082,620751,10.56,0.13
1318,2021-01-31,LAZ,4279,1783,2496,3572,139,200,244,124,0,0,296,3983,ITI,ITI4,12,Lazio,Lazio,5879082,625030,10.63,0.07
1319,2021-03-11,LAZ,23629,10512,13117,4834,124,3023,440,9245,1526,4437,17405,6224,ITI,ITI4,12,Lazio,Lazio,5879082,648659,11.03,0.4
1320,2021-02-20,LAZ,8795,4082,4713,1942,111,350,298,4762,1310,22,8378,417,ITI,ITI4,12,Lazio,Lazio,5879082,657454,11.18,0.15
1321,2021-02-13,LAZ,6274,2436,3838,2123,42,171,280,3658,0,0,6186,88,ITI,ITI4,12,Lazio,Lazio,5879082,663728,11.29,0.11
1322,2021-03-18,LAZ,14145,6048,8097,1748,90,2631,330,9331,9,6,7776,6369,ITI,ITI4,12,Lazio,Lazio,5879082,677873,11.53,0.24
1323,2021-02-25,LAZ,12630,5513,7117,1754,434,776,489,5143,1423,2611,11584,1046,ITI,ITI4,12,Lazio,Lazio,5879082,690503,11.75,0.21
1324,2021-03-25,LAZ,26073,11132,14941,4693,84,7971,316,9326,199,3484,19874,6199,ITI,ITI4,12,Lazio,Lazio,5879082,716576,12.19,0.44
1325,2021-01-26,LAZ,7602,2907,4695,6590,212,44,631,125,0,0,372,7230,ITI,ITI4,12,Lazio,Lazio,5879082,724178,12.32,0.13
1326,2021-01-11,LAZ,5525,2103,3422,4553,307,96,569,0,0,0,5525,0,ITI,ITI4,12,Lazio,Lazio,5879082,729703,12.41,0.09
1327,2021-03-07,LAZ,14041,5414,8627,1201,24,1207,148,7232,696,3533,10452,3589,ITI,ITI4,12,Lazio,Lazio,5879082,743744,12.65,0.24
1328,2021-03-27,LAZ,25269,10061,15208,5430,103,6786,289,9072,134,3455,19080,6189,ITI,ITI4,12,Lazio,Lazio,5879082,769013,13.08,0.43
1329,2021-01-18,LAZ,5839,2268,3571,3905,387,369,725,453,0,0,4861,978,ITI,ITI4,12,Lazio,Lazio,5879082,774852,13.18,0.1
1330,2021-01-13,LAZ,5559,2063,3496,4145,270,132,1009,3,0,0,5559,0,ITI,ITI4,12,Lazio,Lazio,5879082,780411,13.27,0.09
1331,2021-03-28,LAZ,18591,7452,11139,1010,17,6516,77,8259,106,2606,13357,5234,ITI,ITI4,12,Lazio,Lazio,5879082,799002,13.59,0.32
1332,2021-02-07,LAZ,4668,1865,2803,3251,138,247,218,813,0,1,382,4286,ITI,ITI4,12,Lazio,Lazio,5879082,803670,13.67,0.08
1333,2021-02-08,LAZ,9335,3868,5467,3789,428,446,918,3754,0,0,4487,4848,ITI,ITI4,12,Lazio,Lazio,5879082,813005,13.83,0.16
1334,2021-01-09,LAZ,6293,2560,3733,5115,229,329,620,0,0,0,6293,0,ITI,ITI4,12,Lazio,Lazio,5879082,819298,13.94,0.11
1335,2021-03-29,LAZ,10345,4610,5735,579,27,4333,46,4894,128,338,7116,3229,ITI,ITI4,12,Lazio,Lazio,5879082,829643,14.11,0.18
1336,2020-12-28,LAZ,959,412,547,957,0,2,0,0,0,0,959,0,ITI,ITI4,12,Lazio,Lazio,5879082,830602,14.13,0.02
1337,2021-01-05,LAZ,7370,2802,4568,6690,0,102,577,0,1,0,7370,0,ITI,ITI4,12,Lazio,Lazio,5879082,837972,14.25,0.13
1338,2021-03-19,LAZ,16993,7258,9735,2112,140,3760,389,9338,248,1006,10695,6298,ITI,ITI4,12,Lazio,Lazio,5879082,854965,14.54,0.29
1339,2021-02-14,LAZ,5536,2246,3290,1645,20,298,127,3446,0,0,5287,249,ITI,ITI4,12,Lazio,Lazio,5879082,860501,14.64,0.09
1340,2021-01-02,LAZ,6704,2629,4075,6268,47,31,358,0,0,0,6704,0,ITI,ITI4,12,Lazio,Lazio,5879082,867205,14.75,0.11
1341,2021-03-09,LAZ,20795,8913,11882,3366,104,2187,338,8953,1230,4617,15602,5193,ITI,ITI4,12,Lazio,Lazio,5879082,888000,15.1,0.35
1342,2021-01-14,LAZ,5232,1961,3271,3887,304,146,811,84,0,0,5232,0,ITI,ITI4,12,Lazio,Lazio,5879082,893232,15.19,0.09
1343,2021-03-04,LAZ,18202,7750,10452,2787,211,1345,507,8132,1315,3905,13191,5011,ITI,ITI4,12,Lazio,Lazio,5879082,911434,15.5,0.31
1344,2021-02-12,LAZ,6494,2645,3849,1995,136,287,302,3774,0,0,6417,77,ITI,ITI4,12,Lazio,Lazio,5879082,917928,15.61,0.11
1345,2021-01-25,LAZ,7761,3041,4720,7006,205,65,363,122,0,0,421,7340,ITI,ITI4,12,Lazio,Lazio,5879082,925689,15.75,0.13
1346,2021-02-26,LAZ,12892,5607,7285,1909,533,804,352,5169,1385,2740,11674,1218,ITI,ITI4,12,Lazio,Lazio,5879082,938581,15.96,0.22
1347,2021-02-17,LAZ,8809,4371,4438,2282,225,208,499,4249,1345,1,8281,528,ITI,ITI4,12,Lazio,Lazio,5879082,947390,16.11,0.15
1348,2020-12-29,LAZ,488,176,312,486,2,0,0,0,0,0,488,0,ITI,ITI4,12,Lazio,Lazio,5879082,947878,16.12,0.01
1349,2021-03-17,LAZ,13477,5752,7725,1507,87,2239,254,9369,7,14,7284,6193,ITI,ITI4,12,Lazio,Lazio,5879082,961355,16.35,0.23
1350,2021-03-06,LAZ,17956,6895,11061,3666,113,1252,327,7894,932,3772,13702,4254,ITI,ITI4,12,Lazio,Lazio,5879082,979311,16.66,0.31
1351,2020-12-27,LAZ,272,131,141,272,0,0,0,0,0,0,272,0,ITI,ITI4,12,Lazio,Lazio,5879082,979583,16.66,0.0
1352,2021-01-21,BAS,30,10,20,0,0,30,0,0,0,0,30,0,ITF,ITF5,17,Basilicata,Basilicata,559084,30,0.01,0.01
1353,2021-03-14,BAS,1008,477,531,41,110,13,8,516,71,249,539,469,ITF,ITF5,17,Basilicata,Basilicata,559084,1038,0.19,0.18
1354,2021-02-12,BAS,775,332,443,288,138,63,90,190,6,0,744,31,ITF,ITF5,17,Basilicata,Basilicata,559084,1813,0.32,0.14
1355,2021-01-15,BAS,813,350,463,578,21,40,174,0,0,0,813,0,ITF,ITF5,17,Basilicata,Basilicata,559084,2626,0.47,0.15
1356,2021-01-25,BAS,1020,427,593,828,80,111,1,0,0,0,74,946,ITF,ITF5,17,Basilicata,Basilicata,559084,3646,0.65,0.18
1357,2021-02-23,BAS,1901,771,1130,159,24,25,35,1658,0,0,1763,138,ITF,ITF5,17,Basilicata,Basilicata,559084,5547,0.99,0.34
1358,2021-02-26,BAS,2148,904,1244,88,93,12,1,1954,0,0,2069,79,ITF,ITF5,17,Basilicata,Basilicata,559084,7695,1.38,0.38
1359,2021-01-11,BAS,183,66,117,107,15,20,41,0,0,0,183,0,ITF,ITF5,17,Basilicata,Basilicata,559084,7878,1.41,0.03
1360,2021-03-11,BAS,1783,919,864,163,63,99,77,905,253,223,824,959,ITF,ITF5,17,Basilicata,Basilicata,559084,9661,1.73,0.32
1361,2021-03-15,BAS,2347,981,1366,78,26,20,0,1934,23,266,520,1827,ITF,ITF5,17,Basilicata,Basilicata,559084,12008,2.15,0.42
1362,2021-01-28,BAS,903,401,502,717,24,80,81,1,0,0,119,784,ITF,ITF5,17,Basilicata,Basilicata,559084,12911,2.31,0.16
1363,2021-02-21,BAS,284,113,171,16,1,1,11,254,0,1,284,0,ITF,ITF5,17,Basilicata,Basilicata,559084,13195,2.36,0.05
1364,2021-02-15,BAS,621,232,389,191,93,44,46,246,1,0,580,41,ITF,ITF5,17,Basilicata,Basilicata,559084,13816,2.47,0.11
1365,2021-02-25,BAS,1787,736,1051,67,2,12,0,1705,1,0,1741,46,ITF,ITF5,17,Basilicata,Basilicata,559084,15603,2.79,0.32
1366,2021-03-18,BAS,1346,561,785,30,0,10,0,1306,0,0,22,1324,ITF,ITF5,17,Basilicata,Basilicata,559084,16949,3.03,0.24
1367,2021-02-28,BAS,802,342,460,32,0,30,0,740,0,0,774,28,ITF,ITF5,17,Basilicata,Basilicata,559084,17751,3.18,0.14
1368,2021-02-22,BAS,1790,773,1017,125,18,68,2,1577,0,0,1737,53,ITF,ITF5,17,Basilicata,Basilicata,559084,19541,3.5,0.32
1369,2021-02-08,BAS,557,193,364,436,49,23,49,0,0,0,151,406,ITF,ITF5,17,Basilicata,Basilicata,559084,20098,3.59,0.1
1370,2021-03-13,BAS,1794,888,906,82,292,66,46,864,231,213,749,1045,ITF,ITF5,17,Basilicata,Basilicata,559084,21892,3.92,0.32
1371,2021-02-09,BAS,491,213,278,200,225,12,54,0,0,0,316,175,ITF,ITF5,17,Basilicata,Basilicata,559084,22383,4.0,0.09
1372,2021-03-16,BAS,1899,799,1100,103,27,31,0,1671,5,62,228,1671,ITF,ITF5,17,Basilicata,Basilicata,559084,24282,4.34,0.34
1373,2021-02-06,BAS,902,367,535,546,115,72,168,0,0,1,146,756,ITF,ITF5,17,Basilicata,Basilicata,559084,25184,4.5,0.16
1374,2021-02-13,BAS,799,313,486,279,125,79,115,199,2,0,738,61,ITF,ITF5,17,Basilicata,Basilicata,559084,25983,4.65,0.14
1375,2021-03-24,BAS,887,375,512,54,0,15,0,697,2,119,646,241,ITF,ITF5,17,Basilicata,Basilicata,559084,26870,4.81,0.16
1376,2021-01-24,BAS,834,299,535,706,46,81,1,0,0,0,58,776,ITF,ITF5,17,Basilicata,Basilicata,559084,27704,4.96,0.15
1377,2021-01-29,BAS,612,228,384,397,38,107,70,0,0,0,63,549,ITF,ITF5,17,Basilicata,Basilicata,559084,28316,5.06,0.11
1378,2021-02-24,BAS,1803,743,1060,85,9,20,2,1686,1,0,1734,69,ITF,ITF5,17,Basilicata,Basilicata,559084,30119,5.39,0.32
1379,2021-03-28,BAS,1111,375,736,11,0,38,1,717,0,344,1111,0,ITF,ITF5,17,Basilicata,Basilicata,559084,31230,5.59,0.2
1380,2021-03-22,BAS,1172,529,643,46,49,38,0,638,16,385,626,546,ITF,ITF5,17,Basilicata,Basilicata,559084,32402,5.8,0.21
1381,2021-01-14,BAS,969,413,556,504,110,32,323,0,0,0,969,0,ITF,ITF5,17,Basilicata,Basilicata,559084,33371,5.97,0.17
1382,2021-02-07,BAS,373,159,214,259,25,49,40,0,0,0,49,324,ITF,ITF5,17,Basilicata,Basilicata,559084,33744,6.04,0.07
1383,2021-01-04,BAS,607,271,336,550,45,10,0,0,0,2,607,0,ITF,ITF5,17,Basilicata,Basilicata,559084,34351,6.14,0.11
1384,2021-02-01,BAS,242,91,151,156,24,14,48,0,0,0,46,196,ITF,ITF5,17,Basilicata,Basilicata,559084,34593,6.19,0.04
1385,2021-03-02,BAS,791,381,410,110,23,55,5,184,201,213,656,135,ITF,ITF5,17,Basilicata,Basilicata,559084,35384,6.33,0.14
1386,2021-01-18,BAS,463,157,306,364,51,3,45,0,0,0,364,99,ITF,ITF5,17,Basilicata,Basilicata,559084,35847,6.41,0.08
1387,2021-03-07,BAS,882,308,574,39,12,6,4,328,22,471,844,38,ITF,ITF5,17,Basilicata,Basilicata,559084,36729,6.57,0.16
1388,2021-02-11,BAS,951,401,550,200,95,74,107,471,4,0,868,83,ITF,ITF5,17,Basilicata,Basilicata,559084,37680,6.74,0.17
1389,2021-01-12,BAS,217,88,129,87,22,9,99,0,0,0,217,0,ITF,ITF5,17,Basilicata,Basilicata,559084,37897,6.78,0.04
1390,2021-01-23,BAS,707,299,408,592,38,76,1,0,0,0,33,674,ITF,ITF5,17,Basilicata,Basilicata,559084,38604,6.9,0.13
1391,2021-03-10,BAS,1650,814,836,101,46,64,33,877,256,273,811,839,ITF,ITF5,17,Basilicata,Basilicata,559084,40254,7.2,0.3
1392,2021-03-12,BAS,1896,975,921,266,61,48,37,985,241,258,798,1098,ITF,ITF5,17,Basilicata,Basilicata,559084,42150,7.54,0.34
1393,2021-01-19,BAS,199,84,115,78,48,29,44,0,0,0,199,0,ITF,ITF5,17,Basilicata,Basilicata,559084,42349,7.57,0.04
1394,2021-01-16,BAS,721,304,417,466,17,75,161,0,0,2,721,0,ITF,ITF5,17,Basilicata,Basilicata,559084,43070,7.7,0.13
1395,2021-02-16,BAS,905,377,528,250,90,5,67,492,1,0,807,98,ITF,ITF5,17,Basilicata,Basilicata,559084,43975,7.87,0.16
1396,2021-01-26,BAS,793,350,443,622,70,66,35,0,0,0,101,692,ITF,ITF5,17,Basilicata,Basilicata,559084,44768,8.01,0.14
1397,2021-03-08,BAS,1450,707,743,221,126,126,38,410,256,273,840,610,ITF,ITF5,17,Basilicata,Basilicata,559084,46218,8.27,0.26
1398,2021-03-01,BAS,540,279,261,121,50,79,4,169,67,50,376,164,ITF,ITF5,17,Basilicata,Basilicata,559084,46758,8.36,0.1
1399,2021-01-06,BAS,294,129,165,229,9,20,36,0,0,0,294,0,ITF,ITF5,17,Basilicata,Basilicata,559084,47052,8.42,0.05
1400,2021-02-04,BAS,1092,440,652,636,106,69,281,0,0,0,63,1029,ITF,ITF5,17,Basilicata,Basilicata,559084,48144,8.61,0.2
1401,2021-02-27,BAS,1986,856,1130,103,123,61,21,1678,0,0,1822,164,ITF,ITF5,17,Basilicata,Basilicata,559084,50130,8.97,0.36
1402,2021-02-17,BAS,1135,493,642,123,42,27,57,884,1,1,1059,76,ITF,ITF5,17,Basilicata,Basilicata,559084,51265,9.17,0.2
1403,2021-02-10,BAS,547,237,310,176,95,58,127,90,0,1,495,52,ITF,ITF5,17,Basilicata,Basilicata,559084,51812,9.27,0.1
1404,2021-03-27,BAS,982,399,583,6,0,47,0,928,0,1,859,123,ITF,ITF5,17,Basilicata,Basilicata,559084,52794,9.44,0.18
1405,2021-01-31,BAS,77,24,53,75,2,0,0,0,0,0,0,77,ITF,ITF5,17,Basilicata,Basilicata,559084,52871,9.46,0.01
1406,2021-02-18,BAS,1070,401,669,270,55,19,150,576,0,0,855,215,ITF,ITF5,17,Basilicata,Basilicata,559084,53941,9.65,0.19
1407,2021-03-03,BAS,1740,813,927,191,252,161,99,590,203,244,1184,556,ITF,ITF5,17,Basilicata,Basilicata,559084,55681,9.96,0.31
1408,2021-03-06,BAS,1350,534,816,296,118,52,57,383,185,259,756,594,ITF,ITF5,17,Basilicata,Basilicata,559084,57031,10.2,0.24
1409,2021-01-22,BAS,67,24,43,6,0,60,0,1,0,0,67,0,ITF,ITF5,17,Basilicata,Basilicata,559084,57098,10.21,0.01
1410,2021-01-05,BAS,945,409,536,861,38,46,0,0,0,0,945,0,ITF,ITF5,17,Basilicata,Basilicata,559084,58043,10.38,0.17
1411,2021-01-27,BAS,410,174,236,299,16,69,26,0,0,0,113,297,ITF,ITF5,17,Basilicata,Basilicata,559084,58453,10.46,0.07
1412,2021-03-09,BAS,1391,706,685,222,47,48,33,545,258,238,787,604,ITF,ITF5,17,Basilicata,Basilicata,559084,59844,10.7,0.25
1413,2021-03-23,BAS,621,236,385,37,0,13,0,523,5,43,616,5,ITF,ITF5,17,Basilicata,Basilicata,559084,60465,10.82,0.11
1414,2021-01-02,BAS,949,380,569,855,39,52,0,0,0,3,949,0,ITF,ITF5,17,Basilicata,Basilicata,559084,61414,10.98,0.17
1415,2021-01-20,BAS,84,22,62,0,0,84,0,0,0,0,84,0,ITF,ITF5,17,Basilicata,Basilicata,559084,61498,11.0,0.02
1416,2020-12-27,BAS,106,41,65,104,0,2,0,0,0,0,106,0,ITF,ITF5,17,Basilicata,Basilicata,559084,61604,11.02,0.02
1417,2021-03-04,BAS,1872,889,983,217,107,136,66,842,263,241,1079,793,ITF,ITF5,17,Basilicata,Basilicata,559084,63476,11.35,0.33
1418,2021-03-26,BAS,1109,416,693,81,0,43,0,815,1,169,1007,102,ITF,ITF5,17,Basilicata,Basilicata,559084,64585,11.55,0.2
1419,2021-01-08,BAS,554,219,335,383,30,82,59,0,0,0,554,0,ITF,ITF5,17,Basilicata,Basilicata,559084,65139,11.65,0.1
1420,2021-02-20,BAS,1160,530,630,77,170,31,80,802,0,0,1043,117,ITF,ITF5,17,Basilicata,Basilicata,559084,66299,11.86,0.21
1421,2021-02-14,BAS,151,48,103,55,12,1,65,18,0,0,151,0,ITF,ITF5,17,Basilicata,Basilicata,559084,66450,11.89,0.03
1422,2021-02-19,BAS,1622,737,885,219,356,19,66,962,0,0,1560,62,ITF,ITF5,17,Basilicata,Basilicata,559084,68072,12.18,0.29
1423,2021-01-03,BAS,900,344,556,790,45,63,0,0,0,2,900,0,ITF,ITF5,17,Basilicata,Basilicata,559084,68972,12.34,0.16
1424,2021-02-03,BAS,666,300,366,425,15,54,172,0,0,0,32,634,ITF,ITF5,17,Basilicata,Basilicata,559084,69638,12.46,0.12
1425,2021-01-30,BAS,703,226,477,424,81,72,126,0,0,0,127,576,ITF,ITF5,17,Basilicata,Basilicata,559084,70341,12.58,0.13
1426,2021-01-09,BAS,557,160,397,386,52,51,67,0,0,1,557,0,ITF,ITF5,17,Basilicata,Basilicata,559084,70898,12.68,0.1
1427,2021-03-25,BAS,965,322,643,27,0,48,0,582,0,308,796,169,ITF,ITF5,17,Basilicata,Basilicata,559084,71863,12.85,0.17
1428,2021-03-21,BAS,1045,480,565,32,0,51,0,803,0,159,352,693,ITF,ITF5,17,Basilicata,Basilicata,559084,72908,13.04,0.19
1429,2021-03-05,BAS,1849,855,994,298,123,104,72,689,254,309,1104,745,ITF,ITF5,17,Basilicata,Basilicata,559084,74757,13.37,0.33
1430,2021-01-07,BAS,640,319,321,556,8,47,29,0,0,0,640,0,ITF,ITF5,17,Basilicata,Basilicata,559084,75397,13.49,0.11
1431,2021-02-05,BAS,983,443,540,611,36,145,191,0,0,0,64,919,ITF,ITF5,17,Basilicata,Basilicata,559084,76380,13.66,0.18
1432,2021-01-13,BAS,916,387,529,699,11,57,148,0,0,1,916,0,ITF,ITF5,17,Basilicata,Basilicata,559084,77296,13.83,0.16
1433,2021-01-10,BAS,77,24,53,9,2,66,0,0,0,0,77,0,ITF,ITF5,17,Basilicata,Basilicata,559084,77373,13.84,0.01
1434,2021-02-02,BAS,365,141,224,212,15,36,102,0,0,0,175,190,ITF,ITF5,17,Basilicata,Basilicata,559084,77738,13.9,0.07
1435,2021-03-29,BAS,579,228,351,15,0,30,0,359,0,175,502,77,ITF,ITF5,17,Basilicata,Basilicata,559084,78317,14.01,0.1
1436,2021-03-17,BAS,1448,606,842,22,11,18,0,1390,5,2,27,1421,ITF,ITF5,17,Basilicata,Basilicata,559084,79765,14.27,0.26
1437,2021-03-20,BAS,1286,566,720,45,68,47,0,943,5,178,275,1011,ITF,ITF5,17,Basilicata,Basilicata,559084,81051,14.5,0.23
1438,2021-01-17,BAS,328,133,195,233,11,30,54,0,0,0,327,1,ITF,ITF5,17,Basilicata,Basilicata,559084,81379,14.56,0.06
1439,2021-03-19,BAS,2284,988,1296,58,75,37,0,1950,22,142,261,2023,ITF,ITF5,17,Basilicata,Basilicata,559084,83663,14.96,0.41
1440,2021-03-14,UMB,66,48,18,0,6,55,1,0,0,4,66,0,ITI,ITI2,10,Umbria,Umbria,882015,66,0.01,0.01
1441,2021-02-27,UMB,1658,354,1304,14,11,0,13,0,60,1560,1642,16,ITI,ITI2,10,Umbria,Umbria,882015,1724,0.2,0.19
1442,2021-03-03,UMB,4435,1771,2664,720,235,55,86,1517,289,1533,3723,712,ITI,ITI2,10,Umbria,Umbria,882015,6159,0.7,0.5
1443,2021-03-21,UMB,665,330,335,31,14,523,0,0,34,63,665,0,ITI,ITI2,10,Umbria,Umbria,882015,6824,0.77,0.08
1444,2021-03-07,UMB,845,180,665,16,66,17,25,45,0,676,838,7,ITI,ITI2,10,Umbria,Umbria,882015,7669,0.87,0.1
1445,2021-02-10,UMB,715,349,366,606,106,0,3,0,0,0,700,15,ITI,ITI2,10,Umbria,Umbria,882015,8384,0.95,0.08
1446,2021-01-13,UMB,450,139,311,379,28,1,42,0,0,0,450,0,ITI,ITI2,10,Umbria,Umbria,882015,8834,1.0,0.05
1447,2021-03-13,UMB,1731,524,1207,120,122,60,49,152,77,1151,1486,245,ITI,ITI2,10,Umbria,Umbria,882015,10565,1.2,0.2
1448,2021-01-18,UMB,588,215,373,315,114,35,124,0,0,0,504,84,ITI,ITI2,10,Umbria,Umbria,882015,11153,1.26,0.07
1449,2021-03-10,UMB,3970,1900,2070,120,745,113,144,2564,209,75,2683,1287,ITI,ITI2,10,Umbria,Umbria,882015,15123,1.71,0.45
1450,2021-03-24,UMB,4061,1757,2304,215,98,170,1,3498,37,42,2737,1324,ITI,ITI2,10,Umbria,Umbria,882015,19184,2.18,0.46
1451,2021-03-23,UMB,3793,1685,2108,395,179,213,12,2845,89,60,2164,1629,ITI,ITI2,10,Umbria,Umbria,882015,22977,2.61,0.43
1452,2021-01-24,UMB,254,104,150,254,0,0,0,0,0,0,1,253,ITI,ITI2,10,Umbria,Umbria,882015,23231,2.63,0.03
1453,2021-01-30,UMB,1577,483,1094,841,18,0,717,1,0,0,44,1533,ITI,ITI2,10,Umbria,Umbria,882015,24808,2.81,0.18
1454,2021-03-25,UMB,3816,1662,2154,255,51,150,63,3217,48,32,2752,1064,ITI,ITI2,10,Umbria,Umbria,882015,28624,3.25,0.43
1455,2021-02-18,UMB,1495,582,913,324,14,2,170,985,0,0,1029,466,ITI,ITI2,10,Umbria,Umbria,882015,30119,3.41,0.17
1456,2021-01-08,UMB,1173,337,836,926,8,1,238,0,0,0,1173,0,ITI,ITI2,10,Umbria,Umbria,882015,31292,3.55,0.13
1457,2020-12-31,UMB,322,127,195,310,0,12,0,0,0,0,322,0,ITI,ITI2,10,Umbria,Umbria,882015,31614,3.58,0.04
1458,2021-01-21,UMB,610,202,408,428,13,0,169,0,0,0,341,269,ITI,ITI2,10,Umbria,Umbria,882015,32224,3.65,0.07
1459,2021-02-15,UMB,1368,692,676,10,4,4,0,1350,0,0,1367,1,ITI,ITI2,10,Umbria,Umbria,882015,33592,3.81,0.16
1460,2021-03-16,UMB,3504,1433,2071,1633,68,21,65,1707,0,10,1877,1627,ITI,ITI2,10,Umbria,Umbria,882015,37096,4.21,0.4
1461,2021-01-29,UMB,1221,343,878,934,16,0,271,0,0,0,79,1142,ITI,ITI2,10,Umbria,Umbria,882015,38317,4.34,0.14
1462,2021-03-12,UMB,2633,1031,1602,111,410,186,41,463,229,1193,2135,498,ITI,ITI2,10,Umbria,Umbria,882015,40950,4.64,0.3
1463,2021-03-20,UMB,2272,821,1451,315,178,507,0,0,72,1200,2247,25,ITI,ITI2,10,Umbria,Umbria,882015,43222,4.9,0.26
1464,2021-02-24,UMB,1520,565,955,1082,45,1,91,292,9,0,1505,15,ITI,ITI2,10,Umbria,Umbria,882015,44742,5.07,0.17
1465,2021-02-07,UMB,54,17,37,46,8,0,0,0,0,0,1,53,ITI,ITI2,10,Umbria,Umbria,882015,44796,5.08,0.01
1466,2021-02-08,UMB,637,203,434,368,111,1,153,0,4,0,88,549,ITI,ITI2,10,Umbria,Umbria,882015,45433,5.15,0.07
1467,2021-03-18,UMB,2785,1079,1706,962,115,30,205,1459,3,11,1552,1233,ITI,ITI2,10,Umbria,Umbria,882015,48218,5.47,0.32
1468,2021-02-11,UMB,842,349,493,735,98,1,5,0,0,3,837,5,ITI,ITI2,10,Umbria,Umbria,882015,49060,5.56,0.1
1469,2021-01-19,UMB,103,23,80,21,2,0,80,0,0,0,103,0,ITI,ITI2,10,Umbria,Umbria,882015,49163,5.57,0.01
1470,2021-01-12,UMB,784,247,537,665,7,7,105,0,0,0,784,0,ITI,ITI2,10,Umbria,Umbria,882015,49947,5.66,0.09
1471,2021-01-27,UMB,838,329,509,837,1,0,0,0,0,0,13,825,ITI,ITI2,10,Umbria,Umbria,882015,50785,5.76,0.1
1472,2021-01-04,UMB,809,397,412,808,0,1,0,0,0,0,809,0,ITI,ITI2,10,Umbria,Umbria,882015,51594,5.85,0.09
1473,2021-02-06,UMB,396,138,258,333,47,0,16,0,0,0,34,362,ITI,ITI2,10,Umbria,Umbria,882015,51990,5.89,0.04
1474,2021-02-26,UMB,660,253,407,385,73,1,40,154,4,3,652,8,ITI,ITI2,10,Umbria,Umbria,882015,52650,5.97,0.07
1475,2021-02-05,UMB,780,234,546,645,51,0,84,0,0,0,18,762,ITI,ITI2,10,Umbria,Umbria,882015,53430,6.06,0.09
1476,2021-02-04,UMB,732,226,506,692,19,1,20,0,0,0,25,707,ITI,ITI2,10,Umbria,Umbria,882015,54162,6.14,0.08
1477,2021-03-02,UMB,3638,1345,2293,318,223,53,55,1302,241,1446,3634,4,ITI,ITI2,10,Umbria,Umbria,882015,57800,6.55,0.41
1478,2021-03-27,UMB,4152,1457,2695,752,154,463,1,2182,24,576,3812,340,ITI,ITI2,10,Umbria,Umbria,882015,61952,7.02,0.47
1479,2021-02-01,UMB,1260,333,927,876,32,0,352,0,0,0,47,1213,ITI,ITI2,10,Umbria,Umbria,882015,63212,7.17,0.14
1480,2021-01-25,UMB,647,322,325,645,2,0,0,0,0,0,5,642,ITI,ITI2,10,Umbria,Umbria,882015,63859,7.24,0.07
1481,2021-01-02,UMB,301,110,191,301,0,0,0,0,0,0,301,0,ITI,ITI2,10,Umbria,Umbria,882015,64160,7.27,0.03
1482,2021-01-11,UMB,1271,336,935,878,11,9,373,0,0,0,1271,0,ITI,ITI2,10,Umbria,Umbria,882015,65431,7.42,0.14
1483,2021-03-09,UMB,4028,1950,2078,142,549,132,105,2912,165,23,2735,1293,ITI,ITI2,10,Umbria,Umbria,882015,69459,7.88,0.46
1484,2021-01-23,UMB,277,100,177,276,1,0,0,0,0,0,2,275,ITI,ITI2,10,Umbria,Umbria,882015,69736,7.91,0.03
1485,2021-03-22,UMB,3558,1653,1905,163,120,204,0,2825,99,147,2312,1246,ITI,ITI2,10,Umbria,Umbria,882015,73294,8.31,0.4
1486,2021-01-28,UMB,1240,392,848,891,4,0,345,0,0,0,19,1221,ITI,ITI2,10,Umbria,Umbria,882015,74534,8.45,0.14
1487,2021-01-10,UMB,1056,275,781,740,3,6,307,0,0,0,1056,0,ITI,ITI2,10,Umbria,Umbria,882015,75590,8.57,0.12
1488,2021-03-17,UMB,3328,1313,2015,1429,52,12,129,1682,8,16,1856,1472,ITI,ITI2,10,Umbria,Umbria,882015,78918,8.95,0.38
1489,2021-03-04,UMB,4479,1850,2629,849,164,74,4,1556,366,1466,3651,828,ITI,ITI2,10,Umbria,Umbria,882015,83397,9.46,0.51
1490,2021-02-13,UMB,115,28,87,68,46,0,0,1,0,0,112,3,ITI,ITI2,10,Umbria,Umbria,882015,83512,9.47,0.01
1491,2021-02-20,UMB,282,100,182,83,7,1,39,152,0,0,258,24,ITI,ITI2,10,Umbria,Umbria,882015,83794,9.5,0.03
1492,2021-02-25,UMB,1334,495,839,826,96,5,97,305,0,5,1282,52,ITI,ITI2,10,Umbria,Umbria,882015,85128,9.65,0.15
1493,2021-03-26,UMB,4534,1674,2860,569,152,484,88,2452,52,737,4362,172,ITI,ITI2,10,Umbria,Umbria,882015,89662,10.17,0.51
1494,2021-03-01,UMB,1503,774,729,110,10,15,0,1249,118,1,1389,114,ITI,ITI2,10,Umbria,Umbria,882015,91165,10.34,0.17
1495,2021-01-05,UMB,850,428,422,845,0,5,0,0,0,0,850,0,ITI,ITI2,10,Umbria,Umbria,882015,92015,10.43,0.1
1496,2021-01-15,UMB,692,212,480,588,44,0,60,0,0,0,692,0,ITI,ITI2,10,Umbria,Umbria,882015,92707,10.51,0.08
1497,2021-01-09,UMB,1719,492,1227,888,7,3,821,0,0,0,1719,0,ITI,ITI2,10,Umbria,Umbria,882015,94426,10.71,0.19
1498,2021-01-14,UMB,749,200,549,696,35,0,17,0,0,1,749,0,ITI,ITI2,10,Umbria,Umbria,882015,95175,10.79,0.08
1499,2021-03-05,UMB,4588,1379,3209,604,295,94,7,687,347,2554,3932,656,ITI,ITI2,10,Umbria,Umbria,882015,99763,11.31,0.52
1500,2021-03-29,UMB,2065,955,1110,109,23,441,39,1449,0,4,1604,461,ITI,ITI2,10,Umbria,Umbria,882015,101828,11.54,0.23
1501,2021-02-02,UMB,942,274,668,713,16,1,212,0,0,0,32,910,ITI,ITI2,10,Umbria,Umbria,882015,102770,11.65,0.11
1502,2021-03-15,UMB,4592,1927,2665,1426,193,154,78,2337,141,263,2822,1770,ITI,ITI2,10,Umbria,Umbria,882015,107362,12.17,0.52
1503,2021-02-12,UMB,671,224,447,459,208,0,1,1,0,2,665,6,ITI,ITI2,10,Umbria,Umbria,882015,108033,12.25,0.08
1504,2021-01-26,UMB,814,390,424,813,1,0,0,0,0,0,18,796,ITI,ITI2,10,Umbria,Umbria,882015,108847,12.34,0.09
1505,2021-01-31,UMB,1056,276,780,765,10,0,281,0,0,0,25,1031,ITI,ITI2,10,Umbria,Umbria,882015,109903,12.46,0.12
1506,2021-01-22,UMB,276,105,171,273,1,0,2,0,0,0,32,244,ITI,ITI2,10,Umbria,Umbria,882015,110179,12.49,0.03
1507,2021-01-03,UMB,267,111,156,267,0,0,0,0,0,0,267,0,ITI,ITI2,10,Umbria,Umbria,882015,110446,12.52,0.03
1508,2021-03-08,UMB,3666,1798,1868,140,272,83,45,2854,230,42,2303,1363,ITI,ITI2,10,Umbria,Umbria,882015,114112,12.94,0.42
1509,2021-01-20,UMB,613,222,391,583,14,1,14,0,0,1,613,0,ITI,ITI2,10,Umbria,Umbria,882015,114725,13.01,0.07
1510,2021-03-19,UMB,1733,560,1173,453,142,129,68,191,26,724,1077,656,ITI,ITI2,10,Umbria,Umbria,882015,116458,13.2,0.2
1511,2021-03-28,UMB,1087,440,647,63,8,24,5,926,24,37,1063,24,ITI,ITI2,10,Umbria,Umbria,882015,117545,13.33,0.12
1512,2021-01-17,UMB,54,17,37,47,7,0,0,0,0,0,54,0,ITI,ITI2,10,Umbria,Umbria,882015,117599,13.33,0.01
1513,2021-01-16,UMB,221,73,148,146,32,0,43,0,0,0,221,0,ITI,ITI2,10,Umbria,Umbria,882015,117820,13.36,0.03
1514,2021-01-06,UMB,843,323,520,840,0,3,0,0,0,0,843,0,ITI,ITI2,10,Umbria,Umbria,882015,118663,13.45,0.1
1515,2021-03-06,UMB,4256,1109,3147,422,178,69,26,1119,120,2322,4113,143,ITI,ITI2,10,Umbria,Umbria,882015,122919,13.94,0.48
1516,2021-02-16,UMB,1307,655,652,33,4,8,0,1262,0,0,1298,9,ITI,ITI2,10,Umbria,Umbria,882015,124226,14.08,0.15
1517,2021-02-17,UMB,1618,748,870,363,3,11,0,1240,0,1,1267,351,ITI,ITI2,10,Umbria,Umbria,882015,125844,14.27,0.18
1518,2021-02-22,UMB,1859,778,1081,733,88,32,1,1005,0,0,1773,86,ITI,ITI2,10,Umbria,Umbria,882015,127703,14.48,0.21
1519,2021-01-01,UMB,269,102,167,268,0,1,0,0,0,0,269,0,ITI,ITI2,10,Umbria,Umbria,882015,127972,14.51,0.03
1520,2021-02-19,UMB,743,293,450,281,12,4,14,432,0,0,526,217,ITI,ITI2,10,Umbria,Umbria,882015,128715,14.59,0.08
1521,2020-12-27,UMB,85,45,40,67,2,0,16,0,0,0,85,0,ITI,ITI2,10,Umbria,Umbria,882015,128800,14.6,0.01
1522,2021-02-23,UMB,1693,658,1035,1187,95,0,17,394,0,0,1651,42,ITI,ITI2,10,Umbria,Umbria,882015,130493,14.79,0.19
1523,2021-01-07,UMB,1291,383,908,883,0,4,404,0,0,0,1291,0,ITI,ITI2,10,Umbria,Umbria,882015,131784,14.94,0.15
1524,2021-02-03,UMB,725,174,551,560,34,3,128,0,0,0,67,658,ITI,ITI2,10,Umbria,Umbria,882015,132509,15.02,0.08
1525,2021-03-11,UMB,3538,1680,1858,143,604,180,238,2014,201,158,2532,1006,ITI,ITI2,10,Umbria,Umbria,882015,136047,15.42,0.4
1526,2021-02-17,EMR,6533,2761,3772,803,205,1073,404,4048,0,0,5760,773,ITH,ITH5,8,Emilia-Romagna,Emilia-Romagna,4459477,6533,0.15,0.15
1527,2021-02-16,EMR,5729,2427,3302,743,241,667,437,3641,0,0,5199,530,ITH,ITH5,8,Emilia-Romagna,Emilia-Romagna,4459477,12262,0.27,0.13
1528,2021-02-18,EMR,7043,2892,4151,891,135,396,236,5385,0,0,6461,582,ITH,ITH5,8,Emilia-Romagna,Emilia-Romagna,4459477,19305,0.43,0.16
1529,2021-03-23,EMR,17852,7584,10268,1113,283,5944,184,8931,56,1341,11367,6485,ITH,ITH5,8,Emilia-Romagna,Emilia-Romagna,4459477,37157,0.83,0.4
1530,2021-01-24,EMR,2442,884,1558,2079,51,63,249,0,0,0,299,2143,ITH,ITH5,8,Emilia-Romagna,Emilia-Romagna,4459477,39599,0.89,0.05
1531,2021-03-04,EMR,16331,5318,11013,2600,482,717,239,6353,511,5429,13343,2988,ITH,ITH5,8,Emilia-Romagna,Emilia-Romagna,4459477,55930,1.25,0.37
1532,2021-03-22,EMR,16686,7160,9526,1120,316,5015,121,9452,65,597,9861,6825,ITH,ITH5,8,Emilia-Romagna,Emilia-Romagna,4459477,72616,1.63,0.37
1533,2021-03-24,EMR,19838,8707,11131,1196,269,6461,93,10082,88,1649,12835,7003,ITH,ITH5,8,Emilia-Romagna,Emilia-Romagna,4459477,92454,2.07,0.44
1534,2021-03-10,EMR,18227,7336,10891,1313,218,1025,128,9913,1113,4517,12604,5623,ITH,ITH5,8,Emilia-Romagna,Emilia-Romagna,4459477,110681,2.48,0.41
1535,2021-03-06,EMR,20366,5829,14537,2671,269,716,40,5862,517,10291,17675,2691,ITH,ITH5,8,Emilia-Romagna,Emilia-Romagna,4459477,131047,2.94,0.46
1536,2021-03-16,EMR,12024,4914,7110,409,67,654,97,10669,6,122,4792,7232,ITH,ITH5,8,Emilia-Romagna,Emilia-Romagna,4459477,143071,3.21,0.27
1537,2021-01-22,EMR,1827,477,1350,941,25,139,722,0,0,0,1088,739,ITH,ITH5,8,Emilia-Romagna,Emilia-Romagna,4459477,144898,3.25,0.04
1538,2021-01-07,EMR,10208,3381,6827,8181,287,672,1068,0,0,0,10208,0,ITH,ITH5,8,Emilia-Romagna,Emilia-Romagna,4459477,155106,3.48,0.23
1539,2021-02-23,EMR,8191,3213,4978,407,79,238,113,7353,0,1,7806,385,ITH,ITH5,8,Emilia-Romagna,Emilia-Romagna,4459477,163297,3.66,0.18
1540,2021-02-27,EMR,10942,3988,6954,1719,178,321,114,7671,0,939,9211,1731,ITH,ITH5,8,Emilia-Romagna,Emilia-Romagna,4459477,174239,3.91,0.25
1541,2021-02-13,EMR,3603,1077,2526,2779,238,255,145,186,0,0,3005,598,ITH,ITH5,8,Emilia-Romagna,Emilia-Romagna,4459477,177842,3.99,0.08
1542,2021-03-18,EMR,13363,5665,7698,452,120,2004,67,10671,1,48,5573,7790,ITH,ITH5,8,Emilia-Romagna,Emilia-Romagna,4459477,191205,4.29,0.3
1543,2021-01-28,EMR,10220,3333,6887,8068,288,742,1122,0,0,0,348,9872,ITH,ITH5,8,Emilia-Romagna,Emilia-Romagna,4459477,201425,4.52,0.23
1544,2021-03-03,EMR,15674,5187,10487,2529,345,726,141,6798,340,4795,13231,2443,ITH,ITH5,8,Emilia-Romagna,Emilia-Romagna,4459477,217099,4.87,0.35
1545,2021-01-02,EMR,2347,903,1444,2071,1,78,197,0,0,0,2347,0,ITH,ITH5,8,Emilia-Romagna,Emilia-Romagna,4459477,219446,4.92,0.05
1546,2021-01-20,EMR,1321,269,1052,391,111,32,787,0,0,0,1320,1,ITH,ITH5,8,Emilia-Romagna,Emilia-Romagna,4459477,220767,4.95,0.03
1547,2020-12-27,EMR,968,372,596,824,1,117,26,0,0,0,968,0,ITH,ITH5,8,Emilia-Romagna,Emilia-Romagna,4459477,221735,4.97,0.02
1548,2021-01-05,EMR,9324,3163,6161,7924,280,355,765,0,0,0,9324,0,ITH,ITH5,8,Emilia-Romagna,Emilia-Romagna,4459477,231059,5.18,0.21
1549,2021-03-11,EMR,16962,6951,10011,1131,294,1434,274,8801,1216,3812,11139,5823,ITH,ITH5,8,Emilia-Romagna,Emilia-Romagna,4459477,248021,5.56,0.38
1550,2021-03-15,EMR,12630,5659,6971,792,179,1110,168,9077,777,527,6210,6420,ITH,ITH5,8,Emilia-Romagna,Emilia-Romagna,4459477,260651,5.84,0.28
1551,2021-03-29,EMR,6320,2869,3451,184,33,3094,2,2912,7,88,4711,1609,ITH,ITH5,8,Emilia-Romagna,Emilia-Romagna,4459477,266971,5.99,0.14
1552,2021-01-10,EMR,7125,2663,4462,5642,652,325,499,6,0,1,7125,0,ITH,ITH5,8,Emilia-Romagna,Emilia-Romagna,4459477,274096,6.15,0.16
1553,2021-01-12,EMR,9314,3085,6229,6350,593,740,1631,0,0,0,9314,0,ITH,ITH5,8,Emilia-Romagna,Emilia-Romagna,4459477,283410,6.36,0.21
1554,2021-03-25,EMR,19883,8553,11330,1093,228,6901,107,9450,61,2043,13214,6669,ITH,ITH5,8,Emilia-Romagna,Emilia-Romagna,4459477,303293,6.8,0.45
1555,2021-02-20,EMR,5309,2100,3209,406,92,147,155,4509,0,0,5045,264,ITH,ITH5,8,Emilia-Romagna,Emilia-Romagna,4459477,308602,6.92,0.12
1556,2021-02-15,EMR,2890,845,2045,1981,322,141,157,289,0,0,2764,126,ITH,ITH5,8,Emilia-Romagna,Emilia-Romagna,4459477,311492,6.98,0.06
1557,2021-03-05,EMR,17552,5713,11839,3064,620,883,254,6266,531,5934,14156,3396,ITH,ITH5,8,Emilia-Romagna,Emilia-Romagna,4459477,329044,7.38,0.39
1558,2021-01-30,EMR,10037,3508,6529,7562,715,991,769,0,0,0,143,9894,ITH,ITH5,8,Emilia-Romagna,Emilia-Romagna,4459477,339081,7.6,0.23
1559,2021-02-10,EMR,3929,1351,2578,2330,215,359,769,256,0,0,2735,1194,ITH,ITH5,8,Emilia-Romagna,Emilia-Romagna,4459477,343010,7.69,0.09
1560,2021-01-27,EMR,8316,2934,5382,6886,224,551,654,0,1,0,463,7853,ITH,ITH5,8,Emilia-Romagna,Emilia-Romagna,4459477,351326,7.88,0.19
1561,2021-03-27,EMR,20818,8727,12091,742,232,8305,40,9134,76,2289,14148,6670,ITH,ITH5,8,Emilia-Romagna,Emilia-Romagna,4459477,372144,8.35,0.47
1562,2021-03-09,EMR,14347,5773,8574,1023,240,706,180,7566,1072,3560,10410,3937,ITH,ITH5,8,Emilia-Romagna,Emilia-Romagna,4459477,386491,8.67,0.32
1563,2021-02-08,EMR,5185,1519,3666,2827,378,315,1478,186,0,1,2290,2895,ITH,ITH5,8,Emilia-Romagna,Emilia-Romagna,4459477,391676,8.78,0.12
1564,2021-02-22,EMR,7462,3080,4382,386,84,134,129,6729,0,0,7199,263,ITH,ITH5,8,Emilia-Romagna,Emilia-Romagna,4459477,399138,8.95,0.17
1565,2021-01-11,EMR,9323,3266,6057,6574,641,841,1267,0,0,0,9323,0,ITH,ITH5,8,Emilia-Romagna,Emilia-Romagna,4459477,408461,9.16,0.21
1566,2021-01-25,EMR,6413,2128,4285,5231,124,380,678,0,0,0,221,6192,ITH,ITH5,8,Emilia-Romagna,Emilia-Romagna,4459477,414874,9.3,0.14
1567,2021-03-08,EMR,11444,4506,6938,2297,390,641,295,4272,1212,2337,8821,2623,ITH,ITH5,8,Emilia-Romagna,Emilia-Romagna,4459477,426318,9.56,0.26
1568,2021-01-15,EMR,7699,2393,5306,5297,438,646,1317,0,0,1,7699,0,ITH,ITH5,8,Emilia-Romagna,Emilia-Romagna,4459477,434017,9.73,0.17
1569,2021-01-29,EMR,10326,3477,6849,8081,388,840,1017,0,0,0,289,10037,ITH,ITH5,8,Emilia-Romagna,Emilia-Romagna,4459477,444343,9.96,0.23
1570,2021-02-01,EMR,10288,3595,6693,7445,787,797,1259,0,0,0,365,9923,ITH,ITH5,8,Emilia-Romagna,Emilia-Romagna,4459477,454631,10.19,0.23
1571,2021-01-17,EMR,2890,887,2003,1914,278,147,547,0,0,4,2644,246,ITH,ITH5,8,Emilia-Romagna,Emilia-Romagna,4459477,457521,10.26,0.06
1572,2020-12-31,EMR,2204,776,1428,1675,31,171,327,0,0,0,2204,0,ITH,ITH5,8,Emilia-Romagna,Emilia-Romagna,4459477,459725,10.31,0.05
1573,2021-03-19,EMR,13678,5741,7937,1084,280,2033,115,9754,78,334,6374,7304,ITH,ITH5,8,Emilia-Romagna,Emilia-Romagna,4459477,473403,10.62,0.31
1574,2021-02-12,EMR,5309,1676,3633,3391,458,451,704,305,0,0,3908,1401,ITH,ITH5,8,Emilia-Romagna,Emilia-Romagna,4459477,478712,10.73,0.12
1575,2021-03-01,EMR,10000,3549,6451,1820,265,332,433,5588,309,1253,7759,2241,ITH,ITH5,8,Emilia-Romagna,Emilia-Romagna,4459477,488712,10.96,0.22
1576,2021-02-19,EMR,7293,3002,4291,818,187,181,257,5850,0,0,6790,503,ITH,ITH5,8,Emilia-Romagna,Emilia-Romagna,4459477,496005,11.12,0.16
1577,2021-03-28,EMR,10982,4913,6069,265,74,6264,47,3855,155,322,8186,2796,ITH,ITH5,8,Emilia-Romagna,Emilia-Romagna,4459477,506987,11.37,0.25
1578,2021-03-20,EMR,15312,6309,9003,697,254,4112,93,9252,73,831,8402,6910,ITH,ITH5,8,Emilia-Romagna,Emilia-Romagna,4459477,522299,11.71,0.34
1579,2021-02-07,EMR,4786,1534,3252,3685,384,260,444,10,0,3,1727,3059,ITH,ITH5,8,Emilia-Romagna,Emilia-Romagna,4459477,527085,11.82,0.11
1580,2021-01-06,EMR,8262,2941,5321,6850,169,592,650,0,1,0,8262,0,ITH,ITH5,8,Emilia-Romagna,Emilia-Romagna,4459477,535347,12.0,0.19
1581,2021-01-31,EMR,7692,2758,4934,6172,806,453,261,0,0,0,242,7450,ITH,ITH5,8,Emilia-Romagna,Emilia-Romagna,4459477,543039,12.18,0.17
1582,2021-03-14,EMR,8465,3620,4845,699,172,770,69,5494,359,902,4689,3776,ITH,ITH5,8,Emilia-Romagna,Emilia-Romagna,4459477,551504,12.37,0.19
1583,2021-02-25,EMR,9156,3474,5682,793,132,384,140,7622,0,85,8204,952,ITH,ITH5,8,Emilia-Romagna,Emilia-Romagna,4459477,560660,12.57,0.21
1584,2021-02-09,EMR,4150,1246,2904,2217,226,241,1198,268,0,0,2305,1845,ITH,ITH5,8,Emilia-Romagna,Emilia-Romagna,4459477,564810,12.67,0.09
1585,2021-02-14,EMR,1398,377,1021,858,337,145,39,19,0,0,1278,120,ITH,ITH5,8,Emilia-Romagna,Emilia-Romagna,4459477,566208,12.7,0.03
1586,2021-02-21,EMR,4406,1693,2713,394,82,187,190,3553,0,0,3969,437,ITH,ITH5,8,Emilia-Romagna,Emilia-Romagna,4459477,570614,12.8,0.1
1587,2021-02-28,EMR,6813,2524,4289,1772,223,235,53,4222,4,304,4970,1843,ITH,ITH5,8,Emilia-Romagna,Emilia-Romagna,4459477,577427,12.95,0.15
1588,2021-03-26,EMR,22327,9441,12886,1298,300,9034,143,8952,54,2546,16308,6019,ITH,ITH5,8,Emilia-Romagna,Emilia-Romagna,4459477,599754,13.45,0.5
1589,2021-03-17,EMR,13467,5589,7878,351,116,1259,49,11673,0,19,5735,7732,ITH,ITH5,8,Emilia-Romagna,Emilia-Romagna,4459477,613221,13.75,0.3
1590,2021-02-02,EMR,9432,3031,6401,6231,729,761,1630,80,0,1,497,8935,ITH,ITH5,8,Emilia-Romagna,Emilia-Romagna,4459477,622653,13.96,0.21
1591,2021-01-26,EMR,8324,3000,5324,6599,228,465,1032,0,0,0,216,8108,ITH,ITH5,8,Emilia-Romagna,Emilia-Romagna,4459477,630977,14.15,0.19
1592,2021-02-04,EMR,9902,3191,6711,6426,824,860,1674,118,0,0,1237,8665,ITH,ITH5,8,Emilia-Romagna,Emilia-Romagna,4459477,640879,14.37,0.22
1593,2021-02-26,EMR,7645,2896,4749,1008,293,338,218,5476,0,312,6607,1038,ITH,ITH5,8,Emilia-Romagna,Emilia-Romagna,4459477,648524,14.54,0.17
1594,2021-03-21,EMR,11394,4929,6465,565,291,3701,106,6089,58,584,6796,4598,ITH,ITH5,8,Emilia-Romagna,Emilia-Romagna,4459477,659918,14.8,0.26
1595,2021-01-13,EMR,9062,2938,6124,6005,435,877,1744,0,0,1,9062,0,ITH,ITH5,8,Emilia-Romagna,Emilia-Romagna,4459477,668980,15.0,0.2
1596,2021-02-06,EMR,7526,2379,5147,5358,480,466,1172,50,0,0,2120,5406,ITH,ITH5,8,Emilia-Romagna,Emilia-Romagna,4459477,676506,15.17,0.17
1597,2021-02-05,EMR,9293,2959,6334,6211,628,659,1607,187,0,1,1625,7668,ITH,ITH5,8,Emilia-Romagna,Emilia-Romagna,4459477,685799,15.38,0.21
1598,2021-01-19,EMR,2033,500,1533,745,84,51,1153,0,0,0,2016,17,ITH,ITH5,8,Emilia-Romagna,Emilia-Romagna,4459477,687832,15.42,0.05
1599,2021-01-18,EMR,3125,879,2246,1681,102,214,1128,0,0,0,2448,677,ITH,ITH5,8,Emilia-Romagna,Emilia-Romagna,4459477,690957,15.49,0.07
1600,2021-01-04,EMR,7258,2510,4748,6165,123,393,577,0,0,0,7258,0,ITH,ITH5,8,Emilia-Romagna,Emilia-Romagna,4459477,698215,15.66,0.16
1601,2021-03-12,EMR,17651,7222,10429,1577,361,1473,288,9834,1094,3024,10968,6683,ITH,ITH5,8,Emilia-Romagna,Emilia-Romagna,4459477,715866,16.05,0.4
1602,2021-02-03,EMR,9269,2972,6297,6227,701,639,1617,85,0,0,953,8316,ITH,ITH5,8,Emilia-Romagna,Emilia-Romagna,4459477,725135,16.26,0.21
1603,2021-01-03,EMR,2729,934,1795,2479,12,68,170,0,0,0,2729,0,ITH,ITH5,8,Emilia-Romagna,Emilia-Romagna,4459477,727864,16.32,0.06
1604,2021-01-16,EMR,5592,1717,3875,3687,347,446,1108,0,3,1,5592,0,ITH,ITH5,8,Emilia-Romagna,Emilia-Romagna,4459477,733456,16.45,0.13
1605,2021-01-23,EMR,2443,868,1575,1899,4,110,430,0,0,0,441,2002,ITH,ITH5,8,Emilia-Romagna,Emilia-Romagna,4459477,735899,16.5,0.05
1606,2021-03-07,EMR,6530,2434,4096,1453,320,415,22,2558,513,1249,5015,1515,ITH,ITH5,8,Emilia-Romagna,Emilia-Romagna,4459477,742429,16.65,0.15
1607,2021-03-02,EMR,11654,3829,7825,1933,332,456,224,5308,355,3046,9679,1975,ITH,ITH5,8,Emilia-Romagna,Emilia-Romagna,4459477,754083,16.91,0.26
1608,2021-03-13,EMR,15717,6108,9609,1245,157,1173,74,8216,886,3966,10431,5286,ITH,ITH5,8,Emilia-Romagna,Emilia-Romagna,4459477,769800,17.26,0.35
1609,2021-01-14,EMR,8087,2573,5514,5391,497,592,1606,0,1,0,8087,0,ITH,ITH5,8,Emilia-Romagna,Emilia-Romagna,4459477,777887,17.44,0.18
1610,2021-02-11,EMR,4244,1414,2830,2528,350,300,719,345,0,2,3406,838,ITH,ITH5,8,Emilia-Romagna,Emilia-Romagna,4459477,782131,17.54,0.1
1611,2021-01-09,EMR,9874,3425,6449,7824,555,614,881,0,0,0,9874,0,ITH,ITH5,8,Emilia-Romagna,Emilia-Romagna,4459477,792005,17.76,0.22
1612,2021-01-08,EMR,10808,3555,7253,8454,423,851,1080,0,0,0,10808,0,ITH,ITH5,8,Emilia-Romagna,Emilia-Romagna,4459477,802813,18.0,0.24
1613,2021-02-24,EMR,9272,3542,5730,639,87,495,220,7768,0,63,8413,859,ITH,ITH5,8,Emilia-Romagna,Emilia-Romagna,4459477,812085,18.21,0.21
1614,2021-01-21,EMR,2151,725,1426,1282,97,119,653,0,0,0,809,1342,ITH,ITH5,8,Emilia-Romagna,Emilia-Romagna,4459477,814236,18.26,0.05
1615,2021-01-01,PAT,208,49,159,111,11,0,86,0,0,0,208,0,ITH,ITH2,4,Provincia Autonoma Trento,P.A. Trento,541380,208,0.04,0.04
1616,2021-01-12,PAT,501,158,343,413,25,4,59,0,0,0,501,0,ITH,ITH2,4,Provincia Autonoma Trento,P.A. Trento,541380,709,0.13,0.09
1617,2021-03-26,PAT,2683,1069,1614,18,131,1181,8,837,7,501,2222,461,ITH,ITH2,4,Provincia Autonoma Trento,P.A. Trento,541380,3392,0.63,0.5
1618,2021-01-05,PAT,707,231,476,494,46,6,161,0,0,0,707,0,ITH,ITH2,4,Provincia Autonoma Trento,P.A. Trento,541380,4099,0.76,0.13
1619,2021-01-27,PAT,734,257,477,395,33,1,304,1,0,0,73,661,ITH,ITH2,4,Provincia Autonoma Trento,P.A. Trento,541380,4833,0.89,0.14
1620,2021-01-29,PAT,1350,331,1019,723,74,12,541,0,0,0,54,1296,ITH,ITH2,4,Provincia Autonoma Trento,P.A. Trento,541380,6183,1.14,0.25
1621,2021-03-27,PAT,1439,642,797,267,190,774,0,49,69,90,1191,248,ITH,ITH2,4,Provincia Autonoma Trento,P.A. Trento,541380,7622,1.41,0.27
1622,2021-02-22,PAT,745,259,486,118,4,7,70,501,0,45,660,85,ITH,ITH2,4,Provincia Autonoma Trento,P.A. Trento,541380,8367,1.55,0.14
1623,2021-02-18,PAT,1196,422,774,300,25,5,35,773,3,55,1138,58,ITH,ITH2,4,Provincia Autonoma Trento,P.A. Trento,541380,9563,1.77,0.22
1624,2021-03-09,PAT,1541,578,963,95,42,24,29,1065,91,195,905,636,ITH,ITH2,4,Provincia Autonoma Trento,P.A. Trento,541380,11104,2.05,0.28
1625,2021-02-11,PAT,1130,364,766,331,3,13,48,735,0,0,796,334,ITH,ITH2,4,Provincia Autonoma Trento,P.A. Trento,541380,12234,2.26,0.21
1626,2021-02-06,PAT,573,297,276,178,0,8,0,387,0,0,433,140,ITH,ITH2,4,Provincia Autonoma Trento,P.A. Trento,541380,12807,2.37,0.11
1627,2021-01-16,PAT,318,147,171,303,0,1,14,0,0,0,318,0,ITH,ITH2,4,Provincia Autonoma Trento,P.A. Trento,541380,13125,2.42,0.06
1628,2021-03-28,PAT,722,280,442,18,386,244,0,4,70,0,721,1,ITH,ITH2,4,Provincia Autonoma Trento,P.A. Trento,541380,13847,2.56,0.13
1629,2021-02-04,PAT,972,304,668,542,10,7,89,324,0,0,420,552,ITH,ITH2,4,Provincia Autonoma Trento,P.A. Trento,541380,14819,2.74,0.18
1630,2021-02-05,PAT,802,271,531,467,19,3,66,247,0,0,283,519,ITH,ITH2,4,Provincia Autonoma Trento,P.A. Trento,541380,15621,2.89,0.15
1631,2021-03-22,PAT,2238,951,1287,69,132,973,4,950,18,92,1369,869,ITH,ITH2,4,Provincia Autonoma Trento,P.A. Trento,541380,17859,3.3,0.41
1632,2021-01-23,PAT,570,330,240,480,2,0,88,0,0,0,384,186,ITH,ITH2,4,Provincia Autonoma Trento,P.A. Trento,541380,18429,3.4,0.11
1633,2021-02-26,PAT,1206,431,775,249,12,11,19,809,1,105,892,314,ITH,ITH2,4,Provincia Autonoma Trento,P.A. Trento,541380,19635,3.63,0.22
1634,2021-01-17,PAT,251,195,56,251,0,0,0,0,0,0,251,0,ITH,ITH2,4,Provincia Autonoma Trento,P.A. Trento,541380,19886,3.67,0.05
1635,2021-03-17,PAT,2043,786,1257,390,15,339,55,1238,1,5,1160,883,ITH,ITH2,4,Provincia Autonoma Trento,P.A. Trento,541380,21929,4.05,0.38
1636,2021-03-02,PAT,1288,434,854,133,16,28,53,914,0,144,898,390,ITH,ITH2,4,Provincia Autonoma Trento,P.A. Trento,541380,23217,4.29,0.24
1637,2021-03-13,PAT,831,382,449,201,15,5,30,39,282,259,781,50,ITH,ITH2,4,Provincia Autonoma Trento,P.A. Trento,541380,24048,4.44,0.15
1638,2020-12-30,PAT,6,2,4,4,1,0,1,0,0,0,6,0,ITH,ITH2,4,Provincia Autonoma Trento,P.A. Trento,541380,24054,4.44,0.0
1639,2021-03-25,PAT,2612,1005,1607,172,134,833,28,1136,4,305,1644,968,ITH,ITH2,4,Provincia Autonoma Trento,P.A. Trento,541380,26666,4.93,0.48
1640,2021-02-23,PAT,1098,393,705,272,13,2,17,741,3,50,887,211,ITH,ITH2,4,Provincia Autonoma Trento,P.A. Trento,541380,27764,5.13,0.2
1641,2021-03-11,PAT,2235,829,1406,102,49,112,41,1500,59,372,1377,858,ITH,ITH2,4,Provincia Autonoma Trento,P.A. Trento,541380,29999,5.54,0.41
1642,2021-02-02,PAT,907,240,667,507,33,14,189,164,0,0,190,717,ITH,ITH2,4,Provincia Autonoma Trento,P.A. Trento,541380,30906,5.71,0.17
1643,2021-01-14,PAT,697,202,495,478,6,5,208,0,0,0,697,0,ITH,ITH2,4,Provincia Autonoma Trento,P.A. Trento,541380,31603,5.84,0.13
1644,2021-01-30,PAT,383,130,253,345,7,0,31,0,0,0,151,232,ITH,ITH2,4,Provincia Autonoma Trento,P.A. Trento,541380,31986,5.91,0.07
1645,2021-03-05,PAT,2184,688,1496,125,67,63,101,907,156,765,1587,597,ITH,ITH2,4,Provincia Autonoma Trento,P.A. Trento,541380,34170,6.31,0.4
1646,2021-03-15,PAT,1372,529,843,62,118,376,7,592,54,163,908,464,ITH,ITH2,4,Provincia Autonoma Trento,P.A. Trento,541380,35542,6.57,0.25
1647,2021-01-10,PAT,84,19,65,53,18,1,12,0,0,0,84,0,ITH,ITH2,4,Provincia Autonoma Trento,P.A. Trento,541380,35626,6.58,0.02
1648,2021-01-31,PAT,74,15,59,55,13,0,6,0,0,0,0,74,ITH,ITH2,4,Provincia Autonoma Trento,P.A. Trento,541380,35700,6.59,0.01
1649,2021-01-20,PAT,288,71,217,229,10,1,48,0,0,0,276,12,ITH,ITH2,4,Provincia Autonoma Trento,P.A. Trento,541380,35988,6.65,0.05
1650,2021-01-02,PAT,500,142,358,335,21,4,140,0,0,0,500,0,ITH,ITH2,4,Provincia Autonoma Trento,P.A. Trento,541380,36488,6.74,0.09
1651,2021-02-21,PAT,155,92,63,154,0,0,0,0,0,1,43,112,ITH,ITH2,4,Provincia Autonoma Trento,P.A. Trento,541380,36643,6.77,0.03
1652,2021-01-11,PAT,724,220,504,516,49,9,150,0,0,0,724,0,ITH,ITH2,4,Provincia Autonoma Trento,P.A. Trento,541380,37367,6.9,0.13
1653,2021-02-20,PAT,406,245,161,330,10,1,30,1,3,31,122,284,ITH,ITH2,4,Provincia Autonoma Trento,P.A. Trento,541380,37773,6.98,0.07
1654,2021-02-27,PAT,1023,455,568,445,12,16,0,434,4,112,600,423,ITH,ITH2,4,Provincia Autonoma Trento,P.A. Trento,541380,38796,7.17,0.19
1655,2021-02-01,PAT,1219,335,884,766,70,8,375,0,0,0,92,1127,ITH,ITH2,4,Provincia Autonoma Trento,P.A. Trento,541380,40015,7.39,0.23
1656,2021-01-21,PAT,349,93,256,318,13,2,16,0,0,0,227,122,ITH,ITH2,4,Provincia Autonoma Trento,P.A. Trento,541380,40364,7.46,0.06
1657,2021-03-04,PAT,2331,783,1548,160,23,59,23,1702,19,345,1483,848,ITH,ITH2,4,Provincia Autonoma Trento,P.A. Trento,541380,42695,7.89,0.43
1658,2021-03-12,PAT,2408,904,1504,205,248,57,86,1070,204,538,1627,781,ITH,ITH2,4,Provincia Autonoma Trento,P.A. Trento,541380,45103,8.33,0.44
1659,2021-01-07,PAT,1268,310,958,649,45,18,556,0,0,0,1268,0,ITH,ITH2,4,Provincia Autonoma Trento,P.A. Trento,541380,46371,8.57,0.23
1660,2021-03-21,PAT,129,69,60,34,1,76,0,0,0,18,128,1,ITH,ITH2,4,Provincia Autonoma Trento,P.A. Trento,541380,46500,8.59,0.02
1661,2021-01-24,PAT,545,274,271,533,12,0,0,0,0,0,223,322,ITH,ITH2,4,Provincia Autonoma Trento,P.A. Trento,541380,47045,8.69,0.1
1662,2021-01-25,PAT,775,205,570,482,27,3,263,0,0,0,23,752,ITH,ITH2,4,Provincia Autonoma Trento,P.A. Trento,541380,47820,8.83,0.14
1663,2021-02-08,PAT,1149,318,831,550,53,6,237,302,0,1,341,808,ITH,ITH2,4,Provincia Autonoma Trento,P.A. Trento,541380,48969,9.05,0.21
1664,2021-03-10,PAT,2402,927,1475,348,36,60,25,1409,222,302,1427,975,ITH,ITH2,4,Provincia Autonoma Trento,P.A. Trento,541380,51371,9.49,0.44
1665,2021-03-29,PAT,789,347,442,18,6,447,0,303,2,13,468,321,ITH,ITH2,4,Provincia Autonoma Trento,P.A. Trento,541380,52160,9.63,0.15
1666,2021-01-09,PAT,184,40,144,139,13,1,31,0,0,0,184,0,ITH,ITH2,4,Provincia Autonoma Trento,P.A. Trento,541380,52344,9.67,0.03
1667,2021-02-24,PAT,1311,521,790,236,5,7,28,968,1,66,918,393,ITH,ITH2,4,Provincia Autonoma Trento,P.A. Trento,541380,53655,9.91,0.24
1668,2021-01-22,PAT,1636,425,1211,876,120,9,628,0,0,3,317,1319,ITH,ITH2,4,Provincia Autonoma Trento,P.A. Trento,541380,55291,10.21,0.3
1669,2021-02-16,PAT,663,244,419,73,2,12,3,563,0,10,658,5,ITH,ITH2,4,Provincia Autonoma Trento,P.A. Trento,541380,55954,10.34,0.12
1670,2021-03-08,PAT,1385,431,954,65,15,30,0,992,7,276,1025,360,ITH,ITH2,4,Provincia Autonoma Trento,P.A. Trento,541380,57339,10.59,0.26
1671,2021-01-08,PAT,1442,312,1130,764,128,24,526,0,0,0,1442,0,ITH,ITH2,4,Provincia Autonoma Trento,P.A. Trento,541380,58781,10.86,0.27
1672,2021-03-01,PAT,1235,453,782,74,1,17,10,1035,3,95,937,298,ITH,ITH2,4,Provincia Autonoma Trento,P.A. Trento,541380,60016,11.09,0.23
1673,2021-02-09,PAT,914,287,627,447,8,5,73,381,0,0,441,473,ITH,ITH2,4,Provincia Autonoma Trento,P.A. Trento,541380,60930,11.25,0.17
1674,2021-03-06,PAT,736,256,480,325,10,7,0,194,5,195,584,152,ITH,ITH2,4,Provincia Autonoma Trento,P.A. Trento,541380,61666,11.39,0.14
1675,2020-12-31,PAT,1599,441,1158,819,105,4,671,0,0,0,1599,0,ITH,ITH2,4,Provincia Autonoma Trento,P.A. Trento,541380,63265,11.69,0.3
1676,2021-01-18,PAT,640,154,486,527,35,5,73,0,0,0,586,54,ITH,ITH2,4,Provincia Autonoma Trento,P.A. Trento,541380,63905,11.8,0.12
1677,2021-02-15,PAT,532,186,346,145,21,8,27,320,0,11,418,114,ITH,ITH2,4,Provincia Autonoma Trento,P.A. Trento,541380,64437,11.9,0.1
1678,2021-01-06,PAT,42,13,29,42,0,0,0,0,0,0,42,0,ITH,ITH2,4,Provincia Autonoma Trento,P.A. Trento,541380,64479,11.91,0.01
1679,2020-12-27,PAT,103,40,63,76,4,2,21,0,0,0,103,0,ITH,ITH2,4,Provincia Autonoma Trento,P.A. Trento,541380,64582,11.93,0.02
1680,2021-01-15,PAT,592,130,462,460,18,3,111,0,0,0,592,0,ITH,ITH2,4,Provincia Autonoma Trento,P.A. Trento,541380,65174,12.04,0.11
1681,2021-03-24,PAT,2232,881,1351,201,75,337,38,1352,15,214,1451,781,ITH,ITH2,4,Provincia Autonoma Trento,P.A. Trento,541380,67406,12.45,0.41
1682,2021-02-17,PAT,1108,424,684,324,9,18,35,707,3,12,1017,91,ITH,ITH2,4,Provincia Autonoma Trento,P.A. Trento,541380,68514,12.66,0.2
1683,2021-03-23,PAT,2357,899,1458,142,97,907,70,984,5,152,1627,730,ITH,ITH2,4,Provincia Autonoma Trento,P.A. Trento,541380,70871,13.09,0.44
1684,2021-02-19,PAT,902,347,555,170,37,16,70,580,1,28,845,57,ITH,ITH2,4,Provincia Autonoma Trento,P.A. Trento,541380,71773,13.26,0.17
1685,2021-01-19,PAT,403,77,326,363,3,1,36,0,0,0,403,0,ITH,ITH2,4,Provincia Autonoma Trento,P.A. Trento,541380,72176,13.33,0.07
1686,2021-01-28,PAT,530,147,383,390,29,4,107,0,0,0,48,482,ITH,ITH2,4,Provincia Autonoma Trento,P.A. Trento,541380,72706,13.43,0.1
1687,2021-02-03,PAT,846,314,532,355,13,12,73,393,0,0,414,432,ITH,ITH2,4,Provincia Autonoma Trento,P.A. Trento,541380,73552,13.59,0.16
1688,2021-03-16,PAT,1375,502,873,221,7,76,36,1032,0,3,589,786,ITH,ITH2,4,Provincia Autonoma Trento,P.A. Trento,541380,74927,13.84,0.25
1689,2021-03-18,PAT,2233,922,1311,55,0,575,2,1595,2,4,1162,1071,ITH,ITH2,4,Provincia Autonoma Trento,P.A. Trento,541380,77160,14.25,0.41
1690,2021-02-13,PAT,536,333,203,373,4,1,0,158,0,0,171,365,ITH,ITH2,4,Provincia Autonoma Trento,P.A. Trento,541380,77696,14.35,0.1
1691,2021-02-12,PAT,1009,340,669,335,54,14,55,551,0,0,588,421,ITH,ITH2,4,Provincia Autonoma Trento,P.A. Trento,541380,78705,14.54,0.19
1692,2021-03-20,PAT,855,396,459,151,97,470,0,76,0,61,653,202,ITH,ITH2,4,Provincia Autonoma Trento,P.A. Trento,541380,79560,14.7,0.16
1693,2021-01-03,PAT,483,158,325,409,9,3,62,0,0,0,483,0,ITH,ITH2,4,Provincia Autonoma Trento,P.A. Trento,541380,80043,14.78,0.09
1694,2021-01-04,PAT,853,223,630,481,41,8,322,1,0,0,853,0,ITH,ITH2,4,Provincia Autonoma Trento,P.A. Trento,541380,80896,14.94,0.16
1695,2021-02-25,PAT,1584,620,964,120,9,7,32,1322,1,93,1159,425,ITH,ITH2,4,Provincia Autonoma Trento,P.A. Trento,541380,82480,15.24,0.29
1696,2021-02-14,PAT,246,186,60,246,0,0,0,0,0,0,11,235,ITH,ITH2,4,Provincia Autonoma Trento,P.A. Trento,541380,82726,15.28,0.05
1697,2021-02-10,PAT,849,289,560,310,7,2,51,479,0,0,509,340,ITH,ITH2,4,Provincia Autonoma Trento,P.A. Trento,541380,83575,15.44,0.16
1698,2021-03-14,PAT,107,65,42,102,0,0,0,0,0,5,20,87,ITH,ITH2,4,Provincia Autonoma Trento,P.A. Trento,541380,83682,15.46,0.02
1699,2021-01-26,PAT,498,139,359,398,15,1,84,0,0,0,25,473,ITH,ITH2,4,Provincia Autonoma Trento,P.A. Trento,541380,84180,15.55,0.09
1700,2021-03-19,PAT,2340,891,1449,305,67,859,37,1005,2,65,1524,816,ITH,ITH2,4,Provincia Autonoma Trento,P.A. Trento,541380,86520,15.98,0.43
1701,2021-02-28,PAT,242,121,121,231,0,0,0,0,0,11,242,0,ITH,ITH2,4,Provincia Autonoma Trento,P.A. Trento,541380,86762,16.03,0.04
1702,2021-03-07,PAT,22,6,16,0,0,0,0,0,0,22,22,0,ITH,ITH2,4,Provincia Autonoma Trento,P.A. Trento,541380,86784,16.03,0.0
1703,2021-03-03,PAT,1641,618,1023,73,11,21,59,1255,19,203,1083,558,ITH,ITH2,4,Provincia Autonoma Trento,P.A. Trento,541380,88425,16.33,0.3
1704,2021-01-13,PAT,420,123,297,391,6,0,23,0,0,0,420,0,ITH,ITH2,4,Provincia Autonoma Trento,P.A. Trento,541380,88845,16.41,0.08
1705,2021-03-03,PAB,1162,391,771,12,5,8,6,345,51,735,1149,13,ITH,ITH1,4,Provincia Autonoma Bolzano / Bozen,P.A. Bolzano,533050,1162,0.22,0.22
1706,2021-03-27,PAB,3037,1547,1490,319,32,1201,0,1436,3,46,1540,1497,ITH,ITH1,4,Provincia Autonoma Bolzano / Bozen,P.A. Bolzano,533050,4199,0.79,0.57
1707,2021-03-01,PAB,909,217,692,11,2,157,5,0,0,734,909,0,ITH,ITH1,4,Provincia Autonoma Bolzano / Bozen,P.A. Bolzano,533050,5108,0.96,0.17
1708,2021-02-16,PAB,529,205,324,10,1,6,0,512,0,0,529,0,ITH,ITH1,4,Provincia Autonoma Bolzano / Bozen,P.A. Bolzano,533050,5637,1.06,0.1
1709,2021-01-30,PAB,496,244,252,216,44,135,101,0,0,0,4,492,ITH,ITH1,4,Provincia Autonoma Bolzano / Bozen,P.A. Bolzano,533050,6133,1.15,0.09
1710,2021-03-14,PAB,754,336,418,130,11,26,33,553,1,0,25,729,ITH,ITH1,4,Provincia Autonoma Bolzano / Bozen,P.A. Bolzano,533050,6887,1.29,0.14
1711,2021-02-25,PAB,1495,548,947,22,5,335,0,728,0,405,1494,1,ITH,ITH1,4,Provincia Autonoma Bolzano / Bozen,P.A. Bolzano,533050,8382,1.57,0.28
1712,2021-02-18,PAB,1641,401,1240,23,44,269,20,4,0,1281,1638,3,ITH,ITH1,4,Provincia Autonoma Bolzano / Bozen,P.A. Bolzano,533050,10023,1.88,0.31
1713,2021-01-08,PAB,1514,476,1038,787,167,291,168,101,0,0,1514,0,ITH,ITH1,4,Provincia Autonoma Bolzano / Bozen,P.A. Bolzano,533050,11537,2.16,0.28
1714,2020-12-31,PAB,904,513,391,474,61,369,0,0,0,0,904,0,ITH,ITH1,4,Provincia Autonoma Bolzano / Bozen,P.A. Bolzano,533050,12441,2.33,0.17
1715,2021-02-19,PAB,1962,449,1513,121,139,111,79,7,0,1505,1951,11,ITH,ITH1,4,Provincia Autonoma Bolzano / Bozen,P.A. Bolzano,533050,14403,2.7,0.37
1716,2021-01-18,PAB,1766,683,1083,385,102,256,7,1016,0,0,1761,5,ITH,ITH1,4,Provincia Autonoma Bolzano / Bozen,P.A. Bolzano,533050,16169,3.03,0.33
1717,2021-02-17,PAB,4,1,3,1,0,2,0,1,0,0,2,2,ITH,ITH1,4,Provincia Autonoma Bolzano / Bozen,P.A. Bolzano,533050,16173,3.03,0.0
1718,2021-01-24,PAB,12,10,2,1,0,11,0,0,0,0,0,12,ITH,ITH1,4,Provincia Autonoma Bolzano / Bozen,P.A. Bolzano,533050,16185,3.04,0.0
1719,2021-02-23,PAB,763,320,443,0,0,58,0,621,0,84,758,5,ITH,ITH1,4,Provincia Autonoma Bolzano / Bozen,P.A. Bolzano,533050,16948,3.18,0.14
1720,2021-03-07,PAB,114,13,101,59,28,23,0,3,0,1,9,105,ITH,ITH1,4,Provincia Autonoma Bolzano / Bozen,P.A. Bolzano,533050,17062,3.2,0.02
1721,2021-02-07,PAB,2349,1054,1295,101,75,380,68,1725,0,0,14,2335,ITH,ITH1,4,Provincia Autonoma Bolzano / Bozen,P.A. Bolzano,533050,19411,3.64,0.44
1722,2021-01-21,PAB,951,441,510,750,88,18,68,27,0,0,139,812,ITH,ITH1,4,Provincia Autonoma Bolzano / Bozen,P.A. Bolzano,533050,20362,3.82,0.18
1723,2021-03-23,PAB,1542,751,791,0,0,1238,0,213,57,34,1542,0,ITH,ITH1,4,Provincia Autonoma Bolzano / Bozen,P.A. Bolzano,533050,21904,4.11,0.29
1724,2021-03-25,PAB,2110,1045,1065,207,68,1403,32,298,56,46,1692,418,ITH,ITH1,4,Provincia Autonoma Bolzano / Bozen,P.A. Bolzano,533050,24014,4.51,0.4
1725,2021-03-24,PAB,2036,975,1061,12,11,1675,5,247,57,29,2024,12,ITH,ITH1,4,Provincia Autonoma Bolzano / Bozen,P.A. Bolzano,533050,26050,4.89,0.38
1726,2021-01-05,PAB,830,286,544,734,61,35,0,0,0,0,830,0,ITH,ITH1,4,Provincia Autonoma Bolzano / Bozen,P.A. Bolzano,533050,26880,5.04,0.16
1727,2021-01-14,PAB,1902,566,1336,520,430,360,288,304,0,0,1902,0,ITH,ITH1,4,Provincia Autonoma Bolzano / Bozen,P.A. Bolzano,533050,28782,5.4,0.36
1728,2021-03-29,PAB,575,236,339,0,0,91,0,448,24,12,144,431,ITH,ITH1,4,Provincia Autonoma Bolzano / Bozen,P.A. Bolzano,533050,29357,5.51,0.11
1729,2021-03-15,PAB,839,293,546,285,94,385,13,56,2,4,365,474,ITH,ITH1,4,Provincia Autonoma Bolzano / Bozen,P.A. Bolzano,533050,30196,5.66,0.16
1730,2021-02-02,PAB,1737,505,1232,623,370,130,605,9,0,0,8,1729,ITH,ITH1,4,Provincia Autonoma Bolzano / Bozen,P.A. Bolzano,533050,31933,5.99,0.33
1731,2021-03-19,PAB,1896,768,1128,159,52,560,15,1096,0,14,793,1103,ITH,ITH1,4,Provincia Autonoma Bolzano / Bozen,P.A. Bolzano,533050,33829,6.35,0.36
1732,2021-02-08,PAB,2,1,1,0,0,1,0,1,0,0,1,1,ITH,ITH1,4,Provincia Autonoma Bolzano / Bozen,P.A. Bolzano,533050,33831,6.35,0.0
1733,2021-01-15,PAB,3265,1221,2044,604,307,740,341,1273,0,0,3265,0,ITH,ITH1,4,Provincia Autonoma Bolzano / Bozen,P.A. Bolzano,533050,37096,6.96,0.61
1734,2021-01-09,PAB,610,324,286,75,28,421,74,12,0,0,610,0,ITH,ITH1,4,Provincia Autonoma Bolzano / Bozen,P.A. Bolzano,533050,37706,7.07,0.11
1735,2021-01-29,PAB,1494,510,984,878,282,33,295,2,0,4,23,1471,ITH,ITH1,4,Provincia Autonoma Bolzano / Bozen,P.A. Bolzano,533050,39200,7.35,0.28
1736,2021-03-18,PAB,1289,524,765,49,15,154,48,1023,0,0,215,1074,ITH,ITH1,4,Provincia Autonoma Bolzano / Bozen,P.A. Bolzano,533050,40489,7.6,0.24
1737,2021-02-11,PAB,1049,409,640,211,56,334,104,344,0,0,239,810,ITH,ITH1,4,Provincia Autonoma Bolzano / Bozen,P.A. Bolzano,533050,41538,7.79,0.2
1738,2021-02-10,PAB,1630,602,1028,489,164,394,1,582,0,0,26,1604,ITH,ITH1,4,Provincia Autonoma Bolzano / Bozen,P.A. Bolzano,533050,43168,8.1,0.31
1739,2021-02-03,PAB,1472,461,1011,640,337,106,321,68,0,0,5,1467,ITH,ITH1,4,Provincia Autonoma Bolzano / Bozen,P.A. Bolzano,533050,44640,8.37,0.28
1740,2021-02-15,PAB,72,42,30,17,2,8,40,5,0,0,26,46,ITH,ITH1,4,Provincia Autonoma Bolzano / Bozen,P.A. Bolzano,533050,44712,8.39,0.01
1741,2021-03-12,PAB,868,400,468,65,72,286,41,298,57,49,718,150,ITH,ITH1,4,Provincia Autonoma Bolzano / Bozen,P.A. Bolzano,533050,45580,8.55,0.16
1742,2021-03-04,PAB,1682,995,687,292,72,527,37,40,453,261,1470,212,ITH,ITH1,4,Provincia Autonoma Bolzano / Bozen,P.A. Bolzano,533050,47262,8.87,0.32
1743,2021-02-22,PAB,521,142,379,339,66,102,0,4,0,10,510,11,ITH,ITH1,4,Provincia Autonoma Bolzano / Bozen,P.A. Bolzano,533050,47783,8.96,0.1
1744,2021-02-13,PAB,318,79,239,126,57,127,7,1,0,0,312,6,ITH,ITH1,4,Provincia Autonoma Bolzano / Bozen,P.A. Bolzano,533050,48101,9.02,0.06
1745,2021-02-05,PAB,3181,1174,2007,758,504,399,441,1079,0,0,8,3173,ITH,ITH1,4,Provincia Autonoma Bolzano / Bozen,P.A. Bolzano,533050,51282,9.62,0.6
1746,2021-02-06,PAB,2618,1166,1452,450,43,580,6,1538,0,1,18,2600,ITH,ITH1,4,Provincia Autonoma Bolzano / Bozen,P.A. Bolzano,533050,53900,10.11,0.49
1747,2021-02-26,PAB,1386,492,894,62,32,111,2,846,0,333,1356,30,ITH,ITH1,4,Provincia Autonoma Bolzano / Bozen,P.A. Bolzano,533050,55286,10.37,0.26
1748,2021-03-06,PAB,3949,2069,1880,478,160,711,7,1956,256,381,3737,212,ITH,ITH1,4,Provincia Autonoma Bolzano / Bozen,P.A. Bolzano,533050,59235,11.11,0.74
1749,2021-01-22,PAB,243,139,104,131,8,15,85,3,0,1,124,119,ITH,ITH1,4,Provincia Autonoma Bolzano / Bozen,P.A. Bolzano,533050,59478,11.16,0.05
1750,2021-02-27,PAB,2454,758,1696,202,86,42,8,881,3,1232,2447,7,ITH,ITH1,4,Provincia Autonoma Bolzano / Bozen,P.A. Bolzano,533050,61932,11.62,0.46
1751,2021-01-17,PAB,2314,1040,1274,56,38,210,37,1973,0,0,2302,12,ITH,ITH1,4,Provincia Autonoma Bolzano / Bozen,P.A. Bolzano,533050,64246,12.05,0.43
1752,2021-02-04,PAB,1925,586,1339,650,504,124,433,214,0,0,8,1917,ITH,ITH1,4,Provincia Autonoma Bolzano / Bozen,P.A. Bolzano,533050,66171,12.41,0.36
1753,2021-02-24,PAB,1361,403,958,10,3,0,0,0,8,1340,1349,12,ITH,ITH1,4,Provincia Autonoma Bolzano / Bozen,P.A. Bolzano,533050,67532,12.67,0.26
1754,2021-03-20,PAB,1749,843,906,113,47,618,9,956,5,1,1126,623,ITH,ITH1,4,Provincia Autonoma Bolzano / Bozen,P.A. Bolzano,533050,69281,13.0,0.33
1755,2021-03-11,PAB,1644,806,838,89,79,473,68,365,237,333,1129,515,ITH,ITH1,4,Provincia Autonoma Bolzano / Bozen,P.A. Bolzano,533050,70925,13.31,0.31
1756,2021-01-07,PAB,912,326,586,615,105,133,0,59,0,0,912,0,ITH,ITH1,4,Provincia Autonoma Bolzano / Bozen,P.A. Bolzano,533050,71837,13.48,0.17
1757,2021-01-23,PAB,195,115,80,183,0,12,0,0,0,0,0,195,ITH,ITH1,4,Provincia Autonoma Bolzano / Bozen,P.A. Bolzano,533050,72032,13.51,0.04
1758,2021-01-25,PAB,487,183,304,401,68,16,0,1,0,1,3,484,ITH,ITH1,4,Provincia Autonoma Bolzano / Bozen,P.A. Bolzano,533050,72519,13.6,0.09
1759,2021-01-28,PAB,868,307,561,584,186,29,69,0,0,0,10,858,ITH,ITH1,4,Provincia Autonoma Bolzano / Bozen,P.A. Bolzano,533050,73387,13.77,0.16
1760,2021-03-22,PAB,1123,511,612,1,0,921,0,191,10,0,1123,0,ITH,ITH1,4,Provincia Autonoma Bolzano / Bozen,P.A. Bolzano,533050,74510,13.98,0.21
1761,2021-02-09,PAB,317,126,191,64,16,6,2,227,0,2,1,316,ITH,ITH1,4,Provincia Autonoma Bolzano / Bozen,P.A. Bolzano,533050,74827,14.04,0.06
1762,2021-03-17,PAB,576,213,363,9,6,34,46,481,0,0,575,1,ITH,ITH1,4,Provincia Autonoma Bolzano / Bozen,P.A. Bolzano,533050,75403,14.15,0.11
1763,2021-03-09,PAB,1185,540,645,29,6,95,21,915,72,47,1183,2,ITH,ITH1,4,Provincia Autonoma Bolzano / Bozen,P.A. Bolzano,533050,76588,14.37,0.22
1764,2021-01-27,PAB,84,28,56,54,26,4,0,0,0,0,1,83,ITH,ITH1,4,Provincia Autonoma Bolzano / Bozen,P.A. Bolzano,533050,76672,14.38,0.02
1765,2021-02-12,PAB,721,214,507,316,69,223,104,7,2,0,475,246,ITH,ITH1,4,Provincia Autonoma Bolzano / Bozen,P.A. Bolzano,533050,77393,14.52,0.14
1766,2021-01-04,PAB,508,201,307,420,49,35,4,0,0,0,508,0,ITH,ITH1,4,Provincia Autonoma Bolzano / Bozen,P.A. Bolzano,533050,77901,14.61,0.1
1767,2021-02-20,PAB,1502,471,1031,196,53,30,24,469,1,729,1484,18,ITH,ITH1,4,Provincia Autonoma Bolzano / Bozen,P.A. Bolzano,533050,79403,14.9,0.28
1768,2021-02-01,PAB,1403,413,990,727,312,67,296,0,0,1,12,1391,ITH,ITH1,4,Provincia Autonoma Bolzano / Bozen,P.A. Bolzano,533050,80806,15.16,0.26
1769,2021-03-16,PAB,632,249,383,24,29,34,48,497,0,0,115,517,ITH,ITH1,4,Provincia Autonoma Bolzano / Bozen,P.A. Bolzano,533050,81438,15.28,0.12
1770,2021-01-26,PAB,809,291,518,681,119,9,0,0,0,0,1,808,ITH,ITH1,4,Provincia Autonoma Bolzano / Bozen,P.A. Bolzano,533050,82247,15.43,0.15
1771,2021-01-03,PAB,41,16,25,33,5,2,0,1,0,0,41,0,ITH,ITH1,4,Provincia Autonoma Bolzano / Bozen,P.A. Bolzano,533050,82288,15.44,0.01
1772,2021-03-26,PAB,1552,678,874,20,3,618,6,904,0,1,504,1048,ITH,ITH1,4,Provincia Autonoma Bolzano / Bozen,P.A. Bolzano,533050,83840,15.73,0.29
1773,2021-01-16,PAB,2811,1249,1562,462,93,313,77,1865,0,1,2811,0,ITH,ITH1,4,Provincia Autonoma Bolzano / Bozen,P.A. Bolzano,533050,86651,16.26,0.53
1774,2021-01-11,PAB,1555,508,1047,576,280,371,174,154,0,0,1555,0,ITH,ITH1,4,Provincia Autonoma Bolzano / Bozen,P.A. Bolzano,533050,88206,16.55,0.29
1775,2020-12-30,PAB,385,181,204,341,40,4,0,0,0,0,385,0,ITH,ITH1,4,Provincia Autonoma Bolzano / Bozen,P.A. Bolzano,533050,88591,16.62,0.07
1776,2021-01-02,PAB,91,48,43,69,1,21,0,0,0,0,91,0,ITH,ITH1,4,Provincia Autonoma Bolzano / Bozen,P.A. Bolzano,533050,88682,16.64,0.02
1777,2021-03-05,PAB,1762,594,1168,337,92,291,28,766,9,239,1320,442,ITH,ITH1,4,Provincia Autonoma Bolzano / Bozen,P.A. Bolzano,533050,90444,16.97,0.33
1778,2021-03-21,PAB,763,280,483,165,17,16,1,561,0,3,14,749,ITH,ITH1,4,Provincia Autonoma Bolzano / Bozen,P.A. Bolzano,533050,91207,17.11,0.14
1779,2021-01-13,PAB,1690,557,1133,446,309,501,269,165,0,0,1690,0,ITH,ITH1,4,Provincia Autonoma Bolzano / Bozen,P.A. Bolzano,533050,92897,17.43,0.32
1780,2021-03-02,PAB,681,193,488,1,0,0,0,0,7,673,681,0,ITH,ITH1,4,Provincia Autonoma Bolzano / Bozen,P.A. Bolzano,533050,93578,17.56,0.13
1781,2021-03-08,PAB,1187,517,670,23,10,275,164,712,0,3,1162,25,ITH,ITH1,4,Provincia Autonoma Bolzano / Bozen,P.A. Bolzano,533050,94765,17.78,0.22
1782,2021-01-20,PAB,616,251,365,287,50,22,0,257,0,0,408,208,ITH,ITH1,4,Provincia Autonoma Bolzano / Bozen,P.A. Bolzano,533050,95381,17.89,0.12
1783,2021-01-10,PAB,2,2,0,1,0,1,0,0,0,0,2,0,ITH,ITH1,4,Provincia Autonoma Bolzano / Bozen,P.A. Bolzano,533050,95383,17.89,0.0
1784,2021-03-28,PAB,564,210,354,42,38,14,0,468,0,2,10,554,ITH,ITH1,4,Provincia Autonoma Bolzano / Bozen,P.A. Bolzano,533050,95947,18.0,0.11
1785,2021-01-12,PAB,1708,459,1249,369,227,537,479,96,0,0,1708,0,ITH,ITH1,4,Provincia Autonoma Bolzano / Bozen,P.A. Bolzano,533050,97655,18.32,0.32
1786,2021-01-06,PAB,59,18,41,59,0,0,0,0,0,0,59,0,ITH,ITH1,4,Provincia Autonoma Bolzano / Bozen,P.A. Bolzano,533050,97714,18.33,0.01
1787,2021-03-10,PAB,1172,446,726,653,7,181,0,134,80,117,1029,143,ITH,ITH1,4,Provincia Autonoma Bolzano / Bozen,P.A. Bolzano,533050,98886,18.55,0.22
1788,2020-12-27,PAB,143,65,78,138,2,2,0,1,0,0,143,0,ITH,ITH1,4,Provincia Autonoma Bolzano / Bozen,P.A. Bolzano,533050,99029,18.58,0.03
1789,2021-01-01,PAB,1,1,0,1,0,0,0,0,0,0,1,0,ITH,ITH1,4,Provincia Autonoma Bolzano / Bozen,P.A. Bolzano,533050,99030,18.58,0.0
1790,2021-03-13,PAB,2860,1448,1412,166,52,1261,1,1272,89,19,2759,101,ITH,ITH1,4,Provincia Autonoma Bolzano / Bozen,P.A. Bolzano,533050,101890,19.11,0.54
1791,2021-01-19,PAB,817,351,466,173,19,48,0,577,0,0,687,130,ITH,ITH1,4,Provincia Autonoma Bolzano / Bozen,P.A. Bolzano,533050,102707,19.27,0.15
1792,2021-03-24,TOS,19023,7685,11338,215,322,4422,165,12943,183,773,9876,9147,ITI,ITI1,9,Toscana,Toscana,3729641,19023,0.51,0.51
1793,2021-03-23,TOS,8922,4027,4895,255,298,4183,309,3401,138,338,6685,2237,ITI,ITI1,9,Toscana,Toscana,3729641,27945,0.75,0.24
1794,2021-02-16,TOS,9268,3338,5930,5084,952,30,178,10,691,2323,8557,711,ITI,ITI1,9,Toscana,Toscana,3729641,37213,1.0,0.25
1795,2021-03-01,TOS,4374,1664,2710,3188,592,9,137,2,421,25,739,3635,ITI,ITI1,9,Toscana,Toscana,3729641,41587,1.12,0.12
1796,2021-01-09,TOS,4484,1596,2888,3779,143,1,560,1,0,0,4484,0,ITI,ITI1,9,Toscana,Toscana,3729641,46071,1.24,0.12
1797,2021-03-22,TOS,4798,2369,2429,217,348,3431,352,9,126,315,4366,432,ITI,ITI1,9,Toscana,Toscana,3729641,50869,1.36,0.13
1798,2021-01-23,TOS,3949,1354,2595,2936,170,2,841,0,0,0,640,3309,ITI,ITI1,9,Toscana,Toscana,3729641,54818,1.47,0.11
1799,2021-03-02,TOS,10542,3769,6773,3169,428,598,125,1840,870,3512,7105,3437,ITI,ITI1,9,Toscana,Toscana,3729641,65360,1.75,0.28
1800,2021-01-24,TOS,3348,1072,2276,2601,35,2,709,1,0,0,200,3148,ITI,ITI1,9,Toscana,Toscana,3729641,68708,1.84,0.09
1801,2021-01-29,TOS,6136,1698,4438,5375,138,1,622,0,0,0,302,5834,ITI,ITI1,9,Toscana,Toscana,3729641,74844,2.01,0.16
1802,2021-02-05,TOS,5748,2244,3504,4121,1180,4,442,1,0,0,1924,3824,ITI,ITI1,9,Toscana,Toscana,3729641,80592,2.16,0.15
1803,2021-02-11,TOS,5383,2021,3362,2809,284,1934,323,12,10,11,5141,242,ITI,ITI1,9,Toscana,Toscana,3729641,85975,2.31,0.14
1804,2021-02-02,TOS,3741,1475,2266,3020,283,4,422,6,6,0,194,3547,ITI,ITI1,9,Toscana,Toscana,3729641,89716,2.41,0.1
1805,2021-01-07,TOS,6018,1751,4267,5308,29,1,680,0,0,0,6018,0,ITI,ITI1,9,Toscana,Toscana,3729641,95734,2.57,0.16
1806,2021-03-12,TOS,16195,6051,10144,2604,953,999,186,6844,684,3925,12672,3523,ITI,ITI1,9,Toscana,Toscana,3729641,111929,3.0,0.43
1807,2021-03-21,TOS,3231,1574,1657,660,791,1677,77,8,6,12,1798,1433,ITI,ITI1,9,Toscana,Toscana,3729641,115160,3.09,0.09
1808,2021-01-06,TOS,4519,1459,3060,3984,9,1,525,0,0,0,4519,0,ITI,ITI1,9,Toscana,Toscana,3729641,119679,3.21,0.12
1809,2021-02-07,TOS,2806,953,1853,2349,299,1,157,0,0,0,885,1921,ITI,ITI1,9,Toscana,Toscana,3729641,122485,3.28,0.08
1810,2021-01-01,TOS,2368,786,1582,1716,2,0,650,0,0,0,2368,0,ITI,ITI1,9,Toscana,Toscana,3729641,124853,3.35,0.06
1811,2021-01-08,TOS,5944,1641,4303,5360,36,3,545,0,0,0,5944,0,ITI,ITI1,9,Toscana,Toscana,3729641,130797,3.51,0.16
1812,2021-03-05,TOS,16390,6295,10095,3921,926,1484,170,5198,819,3872,11650,4740,ITI,ITI1,9,Toscana,Toscana,3729641,147187,3.95,0.44
1813,2021-03-15,TOS,8306,3303,5003,3216,1248,709,402,30,420,2281,3870,4436,ITI,ITI1,9,Toscana,Toscana,3729641,155493,4.17,0.22
1814,2021-02-18,TOS,8815,3284,5531,2924,1447,64,228,214,796,3142,7923,892,ITI,ITI1,9,Toscana,Toscana,3729641,164308,4.41,0.24
1815,2021-01-05,TOS,5244,1755,3489,4354,9,2,879,0,0,0,5244,0,ITI,ITI1,9,Toscana,Toscana,3729641,169552,4.55,0.14
1816,2021-02-08,TOS,4095,1358,2737,3373,343,2,377,0,0,0,3636,459,ITI,ITI1,9,Toscana,Toscana,3729641,173647,4.66,0.11
1817,2021-01-30,TOS,4620,1622,2998,3763,218,1,638,0,0,0,197,4423,ITI,ITI1,9,Toscana,Toscana,3729641,178267,4.78,0.12
1818,2021-01-12,TOS,3581,1398,2183,2944,282,1,354,0,0,0,3581,0,ITI,ITI1,9,Toscana,Toscana,3729641,181848,4.88,0.1
1819,2021-01-21,TOS,1589,686,903,579,220,0,790,0,0,0,867,722,ITI,ITI1,9,Toscana,Toscana,3729641,183437,4.92,0.04
1820,2021-03-27,TOS,8332,3852,4480,104,34,6621,83,1260,32,198,8152,180,ITI,ITI1,9,Toscana,Toscana,3729641,191769,5.14,0.22
1821,2020-12-30,TOS,327,104,223,34,10,0,283,0,0,0,327,0,ITI,ITI1,9,Toscana,Toscana,3729641,192096,5.15,0.01
1822,2021-03-14,TOS,7161,2561,4600,3102,797,452,121,2,211,2476,3230,3931,ITI,ITI1,9,Toscana,Toscana,3729641,199257,5.34,0.19
1823,2021-02-06,TOS,4527,1550,2977,3725,574,1,227,0,0,0,1294,3233,ITI,ITI1,9,Toscana,Toscana,3729641,203784,5.46,0.12
1824,2021-01-03,TOS,3336,1052,2284,2565,9,0,762,0,0,0,3336,0,ITI,ITI1,9,Toscana,Toscana,3729641,207120,5.55,0.09
1825,2021-02-26,TOS,10061,3821,6240,1557,637,1070,298,1799,1137,3563,8855,1206,ITI,ITI1,9,Toscana,Toscana,3729641,217181,5.82,0.27
1826,2021-01-22,TOS,2861,1063,1798,2022,81,0,758,0,0,0,525,2336,ITI,ITI1,9,Toscana,Toscana,3729641,220042,5.9,0.08
1827,2021-02-12,TOS,7606,2683,4923,3742,380,2892,188,2,402,0,7393,213,ITI,ITI1,9,Toscana,Toscana,3729641,227648,6.1,0.2
1828,2021-02-14,TOS,8993,2567,6426,3033,549,5064,81,0,261,5,8883,110,ITI,ITI1,9,Toscana,Toscana,3729641,236641,6.34,0.24
1829,2021-02-09,TOS,4488,1468,3020,3583,386,2,513,4,0,0,3877,611,ITI,ITI1,9,Toscana,Toscana,3729641,241129,6.47,0.12
1830,2021-03-16,TOS,4846,1858,2988,1543,424,669,120,2062,12,16,2623,2223,ITI,ITI1,9,Toscana,Toscana,3729641,245975,6.6,0.13
1831,2021-03-17,TOS,11165,4480,6685,355,272,877,179,9478,2,2,6729,4436,ITI,ITI1,9,Toscana,Toscana,3729641,257140,6.89,0.3
1832,2021-01-26,TOS,5392,1791,3601,4357,81,3,951,0,0,0,219,5173,ITI,ITI1,9,Toscana,Toscana,3729641,262532,7.04,0.14
1833,2021-01-16,TOS,3271,1046,2225,2493,538,0,240,0,0,0,3271,0,ITI,ITI1,9,Toscana,Toscana,3729641,265803,7.13,0.09
1834,2021-02-28,TOS,1649,667,982,1111,201,1,78,0,249,9,922,727,ITI,ITI1,9,Toscana,Toscana,3729641,267452,7.17,0.04
1835,2021-03-08,TOS,6298,2579,3719,4063,746,990,190,65,236,8,1479,4819,ITI,ITI1,9,Toscana,Toscana,3729641,273750,7.34,0.17
1836,2021-02-03,TOS,4221,1452,2769,3475,239,1,505,1,0,0,241,3980,ITI,ITI1,9,Toscana,Toscana,3729641,277971,7.45,0.11
1837,2021-01-11,TOS,5092,1689,3403,4360,209,1,522,0,0,0,5092,0,ITI,ITI1,9,Toscana,Toscana,3729641,283063,7.59,0.14
1838,2021-02-04,TOS,4251,1594,2657,3166,623,1,456,5,0,0,961,3290,ITI,ITI1,9,Toscana,Toscana,3729641,287314,7.7,0.11
1839,2021-01-31,TOS,3048,1129,1919,2465,133,2,448,0,0,0,105,2943,ITI,ITI1,9,Toscana,Toscana,3729641,290362,7.79,0.08
1840,2021-03-26,TOS,19369,8730,10639,245,301,7913,150,10305,122,333,13980,5389,ITI,ITI1,9,Toscana,Toscana,3729641,309731,8.3,0.52
1841,2021-01-04,TOS,5063,1893,3170,4099,29,3,932,0,0,0,5063,0,ITI,ITI1,9,Toscana,Toscana,3729641,314794,8.44,0.14
1842,2021-03-03,TOS,18045,6434,11611,3318,496,662,135,9090,898,3446,14448,3597,ITI,ITI1,9,Toscana,Toscana,3729641,332839,8.92,0.48
1843,2021-03-11,TOS,15157,5833,9324,2436,905,1374,229,10036,165,12,11847,3310,ITI,ITI1,9,Toscana,Toscana,3729641,347996,9.33,0.41
1844,2021-02-20,TOS,4641,1790,2851,3350,1038,0,203,17,15,18,4128,513,ITI,ITI1,9,Toscana,Toscana,3729641,352637,9.45,0.12
1845,2021-03-09,TOS,10490,4026,6464,4804,905,1180,151,3275,164,11,4938,5552,ITI,ITI1,9,Toscana,Toscana,3729641,363127,9.74,0.28
1846,2021-02-27,TOS,1944,723,1221,1352,311,3,132,1,126,19,1042,902,ITI,ITI1,9,Toscana,Toscana,3729641,365071,9.79,0.05
1847,2021-01-25,TOS,5125,1896,3229,4159,54,2,909,1,0,0,249,4876,ITI,ITI1,9,Toscana,Toscana,3729641,370196,9.93,0.14
1848,2021-02-21,TOS,5104,2089,3015,3666,1219,0,195,2,13,9,4935,169,ITI,ITI1,9,Toscana,Toscana,3729641,375300,10.06,0.14
1849,2021-01-19,TOS,1104,531,573,392,220,1,491,0,0,0,1104,0,ITI,ITI1,9,Toscana,Toscana,3729641,376404,10.09,0.03
1850,2021-03-18,TOS,9750,3888,5862,427,542,893,257,7621,7,3,5816,3934,ITI,ITI1,9,Toscana,Toscana,3729641,386154,10.35,0.26
1851,2021-02-13,TOS,7785,2360,5425,3667,574,3194,163,0,186,1,7558,227,ITI,ITI1,9,Toscana,Toscana,3729641,393939,10.56,0.21
1852,2021-02-01,TOS,5465,1942,3523,4441,403,4,617,0,0,0,521,4944,ITI,ITI1,9,Toscana,Toscana,3729641,399404,10.71,0.15
1853,2021-02-25,TOS,10582,4282,6300,1078,421,1281,259,3203,1141,3199,9588,994,ITI,ITI1,9,Toscana,Toscana,3729641,409986,10.99,0.28
1854,2021-03-13,TOS,9260,3286,5974,2833,1156,953,54,180,344,3740,5314,3946,ITI,ITI1,9,Toscana,Toscana,3729641,419246,11.24,0.25
1855,2021-02-15,TOS,8770,3374,5396,4536,922,1106,216,56,794,1140,7945,825,ITI,ITI1,9,Toscana,Toscana,3729641,428016,11.48,0.24
1856,2021-03-19,TOS,9931,4365,5566,639,438,3998,275,4533,13,35,7154,2777,ITI,ITI1,9,Toscana,Toscana,3729641,437947,11.74,0.27
1857,2021-03-04,TOS,17471,6655,10816,2816,275,1397,274,8150,864,3695,14395,3076,ITI,ITI1,9,Toscana,Toscana,3729641,455418,12.21,0.47
1858,2021-01-18,TOS,1119,636,483,430,313,1,375,0,0,0,1021,98,ITI,ITI1,9,Toscana,Toscana,3729641,456537,12.24,0.03
1859,2021-02-22,TOS,9817,4253,5564,3484,1390,889,315,22,1014,2703,9539,278,ITI,ITI1,9,Toscana,Toscana,3729641,466354,12.5,0.26
1860,2021-01-27,TOS,4835,1572,3263,4019,73,1,742,0,0,0,207,4628,ITI,ITI1,9,Toscana,Toscana,3729641,471189,12.63,0.13
1861,2021-02-10,TOS,4262,1280,2982,3536,239,2,484,0,1,0,3739,523,ITI,ITI1,9,Toscana,Toscana,3729641,475451,12.75,0.11
1862,2021-01-17,TOS,2535,871,1664,2002,293,0,240,0,0,0,2022,513,ITI,ITI1,9,Toscana,Toscana,3729641,477986,12.82,0.07
1863,2021-03-28,TOS,5651,2592,3059,22,15,5218,57,239,14,86,5419,232,ITI,ITI1,9,Toscana,Toscana,3729641,483637,12.97,0.15
1864,2021-03-20,TOS,6387,2816,3571,885,551,4739,134,29,15,34,5252,1135,ITI,ITI1,9,Toscana,Toscana,3729641,490024,13.14,0.17
1865,2021-02-24,TOS,10350,4459,5891,81,302,1267,301,4120,1331,2948,10153,197,ITI,ITI1,9,Toscana,Toscana,3729641,500374,13.42,0.28
1866,2021-02-17,TOS,8175,3168,5007,3465,1122,51,249,218,584,2486,7424,751,ITI,ITI1,9,Toscana,Toscana,3729641,508549,13.64,0.22
1867,2021-02-23,TOS,7721,3324,4397,1491,530,1041,204,509,1114,2832,7560,161,ITI,ITI1,9,Toscana,Toscana,3729641,516270,13.84,0.21
1868,2021-03-07,TOS,5647,2356,3291,3102,511,586,123,15,536,774,2106,3541,ITI,ITI1,9,Toscana,Toscana,3729641,521917,13.99,0.15
1869,2021-01-13,TOS,4063,1398,2665,3308,348,2,405,0,0,0,4063,0,ITI,ITI1,9,Toscana,Toscana,3729641,525980,14.1,0.11
1870,2021-01-10,TOS,3001,1104,1897,2432,134,4,431,0,0,0,3001,0,ITI,ITI1,9,Toscana,Toscana,3729641,528981,14.18,0.08
1871,2021-01-20,TOS,1314,635,679,432,255,1,626,0,0,0,1077,237,ITI,ITI1,9,Toscana,Toscana,3729641,530295,14.22,0.04
1872,2021-01-28,TOS,6281,1882,4399,5426,64,2,788,1,0,0,354,5927,ITI,ITI1,9,Toscana,Toscana,3729641,536576,14.39,0.17
1873,2021-02-19,TOS,8299,2951,5348,2968,1207,27,243,154,580,3120,7792,507,ITI,ITI1,9,Toscana,Toscana,3729641,544875,14.61,0.22
1874,2021-01-15,TOS,3878,1347,2531,2758,674,2,444,0,0,0,3878,0,ITI,ITI1,9,Toscana,Toscana,3729641,548753,14.71,0.1
1875,2021-03-25,TOS,22482,9606,12876,195,268,6064,290,14743,217,705,14548,7934,ITI,ITI1,9,Toscana,Toscana,3729641,571235,15.32,0.6
1876,2021-01-14,TOS,3254,1179,2075,2459,475,0,320,0,0,0,3254,0,ITI,ITI1,9,Toscana,Toscana,3729641,574489,15.4,0.09
1877,2021-03-10,TOS,17675,6915,10760,2999,849,1386,238,12012,178,13,13670,4005,ITI,ITI1,9,Toscana,Toscana,3729641,592164,15.88,0.47
1878,2020-12-27,TOS,620,267,353,460,10,137,13,0,0,0,620,0,ITI,ITI1,9,Toscana,Toscana,3729641,592784,15.89,0.02
1879,2021-01-02,TOS,3497,1097,2400,2682,15,0,800,0,0,0,3497,0,ITI,ITI1,9,Toscana,Toscana,3729641,596281,15.99,0.09
1880,2021-03-06,TOS,7096,2839,4257,3804,482,1132,145,30,357,1146,2905,4191,ITI,ITI1,9,Toscana,Toscana,3729641,603377,16.18,0.19
1881,2020-12-31,TOS,805,202,603,97,10,0,698,0,0,0,805,0,ITI,ITI1,9,Toscana,Toscana,3729641,604182,16.2,0.02
