,data,area,Vaccinazioni giornaliere,sesso_maschile,sesso_femminile,prima_dose,seconda_dose,pregressa_infezione,codice_NUTS1,codice_NUTS2,codice_regione_ISTAT,nome_area,Regione,popolazione,Totale vaccinazioni,Totale vaccinazioni ogni cento ab,Vaccinazioni giornaliere ogni cento ab
0,2021-04-16,LAZ,34432,15699,18733,21966,12094,372,ITI,ITI4,12,Lazio,Lazio,5879082,34432,0.59,0.59
1,2021-01-23,LAZ,7213,2869,4344,584,6629,0,ITI,ITI4,12,Lazio,Lazio,5879082,41645,0.71,0.12
2,2021-01-06,LAZ,5123,1962,3161,5003,0,120,ITI,ITI4,12,Lazio,Lazio,5879082,46768,0.8,0.09
3,2021-02-25,LAZ,12678,5537,7141,11434,1078,166,ITI,ITI4,12,Lazio,Lazio,5879082,59446,1.01,0.22
4,2021-06-05,LAZ,66054,32576,33478,42677,22733,644,ITI,ITI4,12,Lazio,Lazio,5879082,125500,2.13,1.12
5,2021-02-18,LAZ,10018,4974,5044,9108,812,98,ITI,ITI4,12,Lazio,Lazio,5879082,135518,2.31,0.17
6,2021-05-12,LAZ,47562,21588,25974,30270,16658,634,ITI,ITI4,12,Lazio,Lazio,5879082,183080,3.11,0.81
7,2021-02-01,LAZ,5675,2178,3497,353,5321,1,ITI,ITI4,12,Lazio,Lazio,5879082,188755,3.21,0.1
8,2021-01-13,LAZ,5694,2151,3543,5532,0,162,ITI,ITI4,12,Lazio,Lazio,5879082,194449,3.31,0.1
9,2021-04-23,LAZ,37710,18110,19600,21987,15279,444,ITI,ITI4,12,Lazio,Lazio,5879082,232159,3.95,0.64
10,2021-06-26,LAZ,56027,26402,29625,24581,30880,566,ITI,ITI4,12,Lazio,Lazio,5879082,288186,4.9,0.95
11,2021-04-30,LAZ,41404,18351,23053,26499,14249,656,ITI,ITI4,12,Lazio,Lazio,5879082,329590,5.61,0.7
12,2021-06-19,LAZ,66344,31278,35066,35228,30345,771,ITI,ITI4,12,Lazio,Lazio,5879082,395934,6.73,1.13
13,2021-05-17,LAZ,44563,20411,24152,35579,8581,403,ITI,ITI4,12,Lazio,Lazio,5879082,440497,7.49,0.76
14,2021-02-06,LAZ,6160,2493,3667,834,5320,6,ITI,ITI4,12,Lazio,Lazio,5879082,446657,7.6,0.1
15,2021-02-11,LAZ,6999,3011,3988,6443,533,23,ITI,ITI4,12,Lazio,Lazio,5879082,453656,7.72,0.12
16,2021-04-11,LAZ,19167,8480,10687,13120,5886,161,ITI,ITI4,12,Lazio,Lazio,5879082,472823,8.04,0.33
17,2021-02-20,LAZ,9208,4273,4935,8368,773,67,ITI,ITI4,12,Lazio,Lazio,5879082,482031,8.2,0.16
18,2021-05-31,LAZ,51705,23018,28687,30828,19850,1027,ITI,ITI4,12,Lazio,Lazio,5879082,533736,9.08,0.88
19,2021-04-04,LAZ,17591,8161,9430,12215,5266,110,ITI,ITI4,12,Lazio,Lazio,5879082,551327,9.38,0.3
20,2021-05-26,LAZ,47556,21850,25706,34800,12103,653,ITI,ITI4,12,Lazio,Lazio,5879082,598883,10.19,0.81
21,2021-03-04,LAZ,19414,8721,10693,14182,5018,214,ITI,ITI4,12,Lazio,Lazio,5879082,618297,10.52,0.33
22,2021-06-12,LAZ,69802,32054,37748,39821,29368,613,ITI,ITI4,12,Lazio,Lazio,5879082,688099,11.7,1.19
23,2021-06-14,LAZ,62769,29425,33344,32101,30138,530,ITI,ITI4,12,Lazio,Lazio,5879082,750868,12.77,1.07
24,2021-03-21,LAZ,18243,7177,11066,13018,5051,174,ITI,ITI4,12,Lazio,Lazio,5879082,769111,13.08,0.31
25,2020-12-30,LAZ,1630,629,1001,1619,0,11,ITI,ITI4,12,Lazio,Lazio,5879082,770741,13.11,0.03
26,2021-07-01,LAZ,48093,22985,25108,7110,40788,195,ITI,ITI4,12,Lazio,Lazio,5879082,818834,13.93,0.82
27,2021-03-30,LAZ,26947,13093,13854,19466,7149,332,ITI,ITI4,12,Lazio,Lazio,5879082,845781,14.39,0.46
28,2021-07-08,LAZ,63695,31280,32415,28046,35014,635,ITI,ITI4,12,Lazio,Lazio,5879082,909476,15.47,1.08
29,2021-04-18,LAZ,23810,10577,13233,15891,7651,268,ITI,ITI4,12,Lazio,Lazio,5879082,933286,15.87,0.4
30,2021-05-19,LAZ,47175,21670,25505,36448,10112,615,ITI,ITI4,12,Lazio,Lazio,5879082,980461,16.68,0.8
31,2021-03-16,LAZ,13544,5739,7805,7021,6444,79,ITI,ITI4,12,Lazio,Lazio,5879082,994005,16.91,0.23
32,2021-03-09,LAZ,21969,9917,12052,16443,5200,326,ITI,ITI4,12,Lazio,Lazio,5879082,1015974,17.28,0.37
33,2021-01-11,LAZ,5542,2109,3433,5397,0,145,ITI,ITI4,12,Lazio,Lazio,5879082,1021516,17.38,0.09
34,2021-01-30,LAZ,7014,2895,4119,808,6205,1,ITI,ITI4,12,Lazio,Lazio,5879082,1028530,17.49,0.12
35,2021-01-15,LAZ,6585,2709,3876,6415,0,170,ITI,ITI4,12,Lazio,Lazio,5879082,1035115,17.61,0.11
36,2021-04-25,LAZ,24523,11250,13273,16427,7817,279,ITI,ITI4,12,Lazio,Lazio,5879082,1059638,18.02,0.42
37,2021-05-07,LAZ,48239,22617,25622,30114,17757,368,ITI,ITI4,12,Lazio,Lazio,5879082,1107877,18.84,0.82
38,2021-03-11,LAZ,25370,11961,13409,18824,6232,314,ITI,ITI4,12,Lazio,Lazio,5879082,1133247,19.28,0.43
39,2021-07-03,LAZ,53052,24988,28064,4610,48307,135,ITI,ITI4,12,Lazio,Lazio,5879082,1186299,20.18,0.9
40,2021-02-03,LAZ,6490,2488,4002,958,5525,7,ITI,ITI4,12,Lazio,Lazio,5879082,1192789,20.29,0.11
41,2021-01-20,LAZ,4814,1947,2867,3267,1544,3,ITI,ITI4,12,Lazio,Lazio,5879082,1197603,20.37,0.08
42,2021-02-13,LAZ,6611,2627,3984,6151,418,42,ITI,ITI4,12,Lazio,Lazio,5879082,1204214,20.48,0.11
43,2021-05-24,LAZ,43965,20151,23814,33531,9767,667,ITI,ITI4,12,Lazio,Lazio,5879082,1248179,21.23,0.75
44,2021-01-03,LAZ,5255,1973,3282,5196,0,59,ITI,ITI4,12,Lazio,Lazio,5879082,1253434,21.32,0.09
45,2021-04-13,LAZ,25778,11952,13826,17676,7717,385,ITI,ITI4,12,Lazio,Lazio,5879082,1279212,21.76,0.44
46,2021-01-08,LAZ,7731,2895,4836,7534,0,197,ITI,ITI4,12,Lazio,Lazio,5879082,1286943,21.89,0.13
47,2021-04-09,LAZ,27640,12563,15077,19108,8255,277,ITI,ITI4,12,Lazio,Lazio,5879082,1314583,22.36,0.47
48,2021-03-23,LAZ,25375,11910,13465,18460,6598,317,ITI,ITI4,12,Lazio,Lazio,5879082,1339958,22.79,0.43
49,2021-02-15,LAZ,8027,3541,4486,7316,633,78,ITI,ITI4,12,Lazio,Lazio,5879082,1347985,22.93,0.14
50,2021-01-29,LAZ,8044,3081,4963,812,7230,2,ITI,ITI4,12,Lazio,Lazio,5879082,1356029,23.07,0.14
51,2021-03-28,LAZ,19186,7829,11357,13549,5310,327,ITI,ITI4,12,Lazio,Lazio,5879082,1375215,23.39,0.33
52,2021-06-09,LAZ,70183,33193,36990,35792,33769,622,ITI,ITI4,12,Lazio,Lazio,5879082,1445398,24.59,1.19
53,2021-01-04,LAZ,7485,2909,4576,7381,0,104,ITI,ITI4,12,Lazio,Lazio,5879082,1452883,24.71,0.13
54,2021-06-24,LAZ,63674,30381,33293,28497,34545,632,ITI,ITI4,12,Lazio,Lazio,5879082,1516557,25.8,1.08
55,2021-06-07,LAZ,62296,29140,33156,32495,29218,583,ITI,ITI4,12,Lazio,Lazio,5879082,1578853,26.86,1.06
56,2021-06-21,LAZ,61766,28680,33086,28434,32752,580,ITI,ITI4,12,Lazio,Lazio,5879082,1640619,27.91,1.05
57,2021-03-13,LAZ,21806,8730,13076,15690,5894,222,ITI,ITI4,12,Lazio,Lazio,5879082,1662425,28.28,0.37
58,2021-01-25,LAZ,8112,3247,4865,771,7341,0,ITI,ITI4,12,Lazio,Lazio,5879082,1670537,28.41,0.14
59,2021-05-05,LAZ,46803,21476,25327,30406,15841,556,ITI,ITI4,12,Lazio,Lazio,5879082,1717340,29.21,0.8
60,2021-03-02,LAZ,17191,7610,9581,13101,3936,154,ITI,ITI4,12,Lazio,Lazio,5879082,1734531,29.5,0.29
61,2021-01-18,LAZ,6270,2560,3710,5165,979,126,ITI,ITI4,12,Lazio,Lazio,5879082,1740801,29.61,0.11
62,2021-04-28,LAZ,32932,15027,17905,20965,11573,394,ITI,ITI4,12,Lazio,Lazio,5879082,1773733,30.17,0.56
63,2021-03-27,LAZ,26435,10759,15676,19460,6475,500,ITI,ITI4,12,Lazio,Lazio,5879082,1800168,30.62,0.45
64,2021-07-05,LAZ,61088,29394,31694,25531,34554,1003,ITI,ITI4,12,Lazio,Lazio,5879082,1861256,31.66,1.04
65,2021-04-01,LAZ,29686,14082,15604,22181,7141,364,ITI,ITI4,12,Lazio,Lazio,5879082,1890942,32.16,0.5
66,2021-07-10,LAZ,70704,35485,35219,25014,45086,604,ITI,ITI4,12,Lazio,Lazio,5879082,1961646,33.37,1.2
67,2021-06-23,LAZ,62120,29245,32875,28353,33296,471,ITI,ITI4,12,Lazio,Lazio,5879082,2023766,34.42,1.06
68,2021-04-15,LAZ,31946,14313,17633,20694,10814,438,ITI,ITI4,12,Lazio,Lazio,5879082,2055712,34.97,0.54
69,2021-02-10,LAZ,8195,3405,4790,4844,3346,5,ITI,ITI4,12,Lazio,Lazio,5879082,2063907,35.11,0.14
70,2021-05-21,LAZ,51876,24897,26979,37192,13961,723,ITI,ITI4,12,Lazio,Lazio,5879082,2115783,35.99,0.88
71,2021-06-04,LAZ,61683,30111,31572,43285,17799,599,ITI,ITI4,12,Lazio,Lazio,5879082,2177466,37.04,1.05
72,2021-04-06,LAZ,24466,11181,13285,17042,7115,309,ITI,ITI4,12,Lazio,Lazio,5879082,2201932,37.45,0.42
73,2020-12-27,LAZ,274,132,142,274,0,0,ITI,ITI4,12,Lazio,Lazio,5879082,2202206,37.46,0.0
74,2021-03-20,LAZ,19192,7640,11552,13053,5885,254,ITI,ITI4,12,Lazio,Lazio,5879082,2221398,37.78,0.33
75,2021-06-30,LAZ,62782,29528,33254,29725,32535,522,ITI,ITI4,12,Lazio,Lazio,5879082,2284180,38.85,1.07
76,2021-04-08,LAZ,26768,12269,14499,18722,7698,348,ITI,ITI4,12,Lazio,Lazio,5879082,2310948,39.31,0.46
77,2021-05-14,LAZ,51529,23544,27985,32531,18339,659,ITI,ITI4,12,Lazio,Lazio,5879082,2362477,40.18,0.88
78,2021-03-18,LAZ,14224,6077,8147,7762,6391,71,ITI,ITI4,12,Lazio,Lazio,5879082,2376701,40.43,0.24
79,2021-03-25,LAZ,29269,13576,15693,22228,6612,429,ITI,ITI4,12,Lazio,Lazio,5879082,2405970,40.92,0.5
80,2021-01-27,LAZ,6117,2389,3728,1000,5117,0,ITI,ITI4,12,Lazio,Lazio,5879082,2412087,41.03,0.1
81,2021-04-27,LAZ,30712,13865,16847,19459,10849,404,ITI,ITI4,12,Lazio,Lazio,5879082,2442799,41.55,0.52
82,2021-03-01,LAZ,17118,7368,9750,13018,3886,214,ITI,ITI4,12,Lazio,Lazio,5879082,2459917,41.84,0.29
83,2021-02-22,LAZ,11458,4990,6468,10833,502,123,ITI,ITI4,12,Lazio,Lazio,5879082,2471375,42.04,0.19
84,2021-06-02,LAZ,43264,21508,21756,31212,11512,540,ITI,ITI4,12,Lazio,Lazio,5879082,2514639,42.77,0.74
85,2021-06-11,LAZ,69457,32681,36776,36488,32376,593,ITI,ITI4,12,Lazio,Lazio,5879082,2584096,43.95,1.18
86,2021-01-01,LAZ,3555,1382,2173,3515,0,40,ITI,ITI4,12,Lazio,Lazio,5879082,2587651,44.01,0.06
87,2021-01-10,LAZ,4044,1702,2342,3977,0,67,ITI,ITI4,12,Lazio,Lazio,5879082,2591695,44.08,0.07
88,2021-06-16,LAZ,64425,30894,33531,31990,31827,608,ITI,ITI4,12,Lazio,Lazio,5879082,2656120,45.18,1.1
89,2021-04-20,LAZ,31085,14274,16811,19418,11301,366,ITI,ITI4,12,Lazio,Lazio,5879082,2687205,45.71,0.53
90,2021-03-08,LAZ,20866,9047,11819,15319,5273,274,ITI,ITI4,12,Lazio,Lazio,5879082,2708071,46.06,0.35
91,2021-05-23,LAZ,47103,22858,24245,39037,7394,672,ITI,ITI4,12,Lazio,Lazio,5879082,2755174,46.86,0.8
92,2021-05-09,LAZ,37542,17260,20282,25822,11274,446,ITI,ITI4,12,Lazio,Lazio,5879082,2792716,47.5,0.64
93,2021-07-12,LAZ,40855,20398,20457,5822,34819,214,ITI,ITI4,12,Lazio,Lazio,5879082,2833571,48.2,0.69
94,2021-05-16,LAZ,50949,24537,26412,36921,13489,539,ITI,ITI4,12,Lazio,Lazio,5879082,2884520,49.06,0.87
95,2021-06-28,LAZ,58817,28117,30700,27451,30951,415,ITI,ITI4,12,Lazio,Lazio,5879082,2943337,50.06,1.0
96,2021-02-08,LAZ,9741,4154,5587,4505,5234,2,ITI,ITI4,12,Lazio,Lazio,5879082,2953078,50.23,0.17
97,2021-05-02,LAZ,32637,14340,18297,22813,9363,461,ITI,ITI4,12,Lazio,Lazio,5879082,2985715,50.79,0.56
98,2021-01-22,LAZ,4007,1636,2371,492,3515,0,ITI,ITI4,12,Lazio,Lazio,5879082,2989722,50.85,0.07
99,2021-02-27,LAZ,11448,4284,7164,10343,978,127,ITI,ITI4,12,Lazio,Lazio,5879082,3001170,51.05,0.19
100,2021-02-12,LAZ,6849,2849,4000,6353,417,79,ITI,ITI4,12,Lazio,Lazio,5879082,3008019,51.16,0.12
101,2020-12-31,LAZ,5293,2121,3172,5233,0,60,ITI,ITI4,12,Lazio,Lazio,5879082,3013312,51.25,0.09
102,2021-05-04,LAZ,39884,18348,21536,25896,13523,465,ITI,ITI4,12,Lazio,Lazio,5879082,3053196,51.93,0.68
103,2021-02-24,LAZ,12050,5209,6841,10944,995,111,ITI,ITI4,12,Lazio,Lazio,5879082,3065246,52.14,0.2
104,2021-07-07,LAZ,62252,30883,31369,28367,33345,540,ITI,ITI4,12,Lazio,Lazio,5879082,3127498,53.2,1.06
105,2021-03-29,LAZ,25367,12039,13328,18044,7037,286,ITI,ITI4,12,Lazio,Lazio,5879082,3152865,53.63,0.43
106,2021-03-15,LAZ,20950,9830,11120,13981,6744,225,ITI,ITI4,12,Lazio,Lazio,5879082,3173815,53.98,0.36
107,2021-07-02,LAZ,48180,23081,25099,6559,41450,171,ITI,ITI4,12,Lazio,Lazio,5879082,3221995,54.8,0.82
108,2021-05-06,LAZ,48791,22738,26053,30584,17556,651,ITI,ITI4,12,Lazio,Lazio,5879082,3270786,55.63,0.83
109,2021-01-17,LAZ,4893,2027,2866,4618,212,63,ITI,ITI4,12,Lazio,Lazio,5879082,3275679,55.72,0.08
110,2021-01-19,LAZ,4773,1959,2814,4316,454,3,ITI,ITI4,12,Lazio,Lazio,5879082,3280452,55.8,0.08
111,2021-04-22,LAZ,38884,19238,19646,23679,14622,583,ITI,ITI4,12,Lazio,Lazio,5879082,3319336,56.46,0.66
112,2021-03-10,LAZ,23332,10654,12678,17369,5647,316,ITI,ITI4,12,Lazio,Lazio,5879082,3342668,56.86,0.4
113,2021-01-12,LAZ,5414,1981,3433,5271,0,143,ITI,ITI4,12,Lazio,Lazio,5879082,3348082,56.95,0.09
114,2021-06-18,LAZ,64126,30862,33264,30227,33193,706,ITI,ITI4,12,Lazio,Lazio,5879082,3412208,58.04,1.09
115,2021-03-17,LAZ,13812,5914,7898,7453,6256,103,ITI,ITI4,12,Lazio,Lazio,5879082,3426020,58.27,0.23
116,2021-06-25,LAZ,63021,30424,32597,27943,34515,563,ITI,ITI4,12,Lazio,Lazio,5879082,3489041,59.35,1.07
117,2021-04-10,LAZ,23934,10413,13521,16500,7189,245,ITI,ITI4,12,Lazio,Lazio,5879082,3512975,59.75,0.41
118,2021-02-05,LAZ,7311,2980,4331,1208,6101,2,ITI,ITI4,12,Lazio,Lazio,5879082,3520286,59.88,0.12
119,2021-04-03,LAZ,24794,11193,13601,17881,6700,213,ITI,ITI4,12,Lazio,Lazio,5879082,3545080,60.3,0.42
120,2021-02-19,LAZ,10045,5080,4965,9072,833,140,ITI,ITI4,12,Lazio,Lazio,5879082,3555125,60.47,0.17
121,2021-03-22,LAZ,23317,10528,12789,16327,6677,313,ITI,ITI4,12,Lazio,Lazio,5879082,3578442,60.87,0.4
122,2020-12-29,LAZ,488,176,312,484,0,4,ITI,ITI4,12,Lazio,Lazio,5879082,3578930,60.88,0.01
123,2021-06-13,LAZ,58368,26187,32181,33045,24831,492,ITI,ITI4,12,Lazio,Lazio,5879082,3637298,61.87,0.99
124,2021-03-07,LAZ,14133,5466,8667,10343,3593,197,ITI,ITI4,12,Lazio,Lazio,5879082,3651431,62.11,0.24
125,2021-06-15,LAZ,65811,31794,34017,33168,32103,540,ITI,ITI4,12,Lazio,Lazio,5879082,3717242,63.23,1.12
126,2021-03-24,LAZ,27872,13087,14785,21266,6237,369,ITI,ITI4,12,Lazio,Lazio,5879082,3745114,63.7,0.47
127,2021-05-29,LAZ,51977,23362,28615,40120,10985,872,ITI,ITI4,12,Lazio,Lazio,5879082,3797091,64.59,0.88
128,2021-05-10,LAZ,44469,20330,24139,30614,13420,435,ITI,ITI4,12,Lazio,Lazio,5879082,3841560,65.34,0.76
129,2021-05-27,LAZ,58270,27065,31205,43738,13735,797,ITI,ITI4,12,Lazio,Lazio,5879082,3899830,66.33,0.99
130,2021-01-05,LAZ,7376,2803,4573,7274,0,102,ITI,ITI4,12,Lazio,Lazio,5879082,3907206,66.46,0.13
131,2021-01-24,LAZ,5697,2229,3468,613,5084,0,ITI,ITI4,12,Lazio,Lazio,5879082,3912903,66.56,0.1
132,2021-02-07,LAZ,4944,2026,2918,386,4557,1,ITI,ITI4,12,Lazio,Lazio,5879082,3917847,66.64,0.08
133,2021-05-18,LAZ,44958,20562,24396,34845,9543,570,ITI,ITI4,12,Lazio,Lazio,5879082,3962805,67.41,0.76
134,2021-06-01,LAZ,48876,23584,25292,29895,18526,455,ITI,ITI4,12,Lazio,Lazio,5879082,4011681,68.24,0.83
135,2021-04-05,LAZ,19865,9084,10781,13537,6181,147,ITI,ITI4,12,Lazio,Lazio,5879082,4031546,68.57,0.34
136,2021-05-25,LAZ,47502,22292,25210,35219,11680,603,ITI,ITI4,12,Lazio,Lazio,5879082,4079048,69.38,0.81
137,2021-04-12,LAZ,23869,10769,13100,16691,6903,275,ITI,ITI4,12,Lazio,Lazio,5879082,4102917,69.79,0.41
138,2021-06-08,LAZ,66538,31755,34783,35980,29924,634,ITI,ITI4,12,Lazio,Lazio,5879082,4169455,70.92,1.13
139,2021-07-14,LAZ,19578,9551,10027,2593,16855,130,ITI,ITI4,12,Lazio,Lazio,5879082,4189033,71.25,0.33
140,2021-06-27,LAZ,47167,21560,25607,20581,26132,454,ITI,ITI4,12,Lazio,Lazio,5879082,4236200,72.06,0.8
141,2021-02-04,LAZ,6337,2506,3831,1020,5316,1,ITI,ITI4,12,Lazio,Lazio,5879082,4242537,72.16,0.11
142,2021-05-20,LAZ,51547,24786,26761,37081,13738,728,ITI,ITI4,12,Lazio,Lazio,5879082,4294084,73.04,0.88
143,2021-06-20,LAZ,55245,25396,29849,29621,24900,724,ITI,ITI4,12,Lazio,Lazio,5879082,4349329,73.98,0.94
144,2021-06-06,LAZ,58059,27990,30069,34982,22501,576,ITI,ITI4,12,Lazio,Lazio,5879082,4407388,74.97,0.99
145,2021-02-26,LAZ,13120,5728,7392,11561,1395,164,ITI,ITI4,12,Lazio,Lazio,5879082,4420508,75.19,0.22
146,2021-07-09,LAZ,64433,31107,33326,27549,36188,696,ITI,ITI4,12,Lazio,Lazio,5879082,4484941,76.29,1.1
147,2021-04-29,LAZ,38665,17250,21415,24826,13235,604,ITI,ITI4,12,Lazio,Lazio,5879082,4523606,76.94,0.66
148,2021-03-03,LAZ,17859,7866,9993,13342,4294,223,ITI,ITI4,12,Lazio,Lazio,5879082,4541465,77.25,0.3
149,2021-01-26,LAZ,7966,3129,4837,727,7239,0,ITI,ITI4,12,Lazio,Lazio,5879082,4549431,77.38,0.14
150,2021-04-02,LAZ,29400,14089,15311,21698,7340,362,ITI,ITI4,12,Lazio,Lazio,5879082,4578831,77.88,0.5
151,2021-07-11,LAZ,43873,22074,21799,3706,40026,141,ITI,ITI4,12,Lazio,Lazio,5879082,4622704,78.63,0.75
152,2021-01-28,LAZ,8281,3166,5115,783,7497,1,ITI,ITI4,12,Lazio,Lazio,5879082,4630985,78.77,0.14
153,2021-07-04,LAZ,46489,21628,24861,4073,42333,83,ITI,ITI4,12,Lazio,Lazio,5879082,4677474,79.56,0.79
154,2021-05-08,LAZ,45445,20746,24699,29375,15419,651,ITI,ITI4,12,Lazio,Lazio,5879082,4722919,80.33,0.77
155,2021-07-13,LAZ,41949,20548,21401,5402,36244,303,ITI,ITI4,12,Lazio,Lazio,5879082,4764868,81.05,0.71
156,2021-03-26,LAZ,30203,13987,16216,22937,6848,418,ITI,ITI4,12,Lazio,Lazio,5879082,4795071,81.56,0.51
157,2021-07-06,LAZ,62028,30111,31917,28463,33104,461,ITI,ITI4,12,Lazio,Lazio,5879082,4857099,82.62,1.06
158,2021-06-17,LAZ,66758,32087,34671,31731,34335,692,ITI,ITI4,12,Lazio,Lazio,5879082,4923857,83.75,1.14
159,2021-04-21,LAZ,33042,15017,18025,20309,12376,357,ITI,ITI4,12,Lazio,Lazio,5879082,4956899,84.31,0.56
160,2021-06-03,LAZ,56405,28529,27876,37998,17714,693,ITI,ITI4,12,Lazio,Lazio,5879082,5013304,85.27,0.96
161,2021-06-10,LAZ,71673,33846,37827,36989,33889,795,ITI,ITI4,12,Lazio,Lazio,5879082,5084977,86.49,1.22
162,2021-01-09,LAZ,6299,2562,3737,6187,0,112,ITI,ITI4,12,Lazio,Lazio,5879082,5091276,86.6,0.11
163,2021-04-19,LAZ,30109,13689,16420,19012,10683,414,ITI,ITI4,12,Lazio,Lazio,5879082,5121385,87.11,0.51
164,2021-02-21,LAZ,6990,3180,3810,6487,463,40,ITI,ITI4,12,Lazio,Lazio,5879082,5128375,87.23,0.12
165,2021-05-03,LAZ,39246,17725,21521,26040,12628,578,ITI,ITI4,12,Lazio,Lazio,5879082,5167621,87.9,0.67
166,2021-06-22,LAZ,62648,28965,33683,28530,33443,675,ITI,ITI4,12,Lazio,Lazio,5879082,5230269,88.96,1.07
167,2021-03-14,LAZ,17240,6754,10486,11837,5154,249,ITI,ITI4,12,Lazio,Lazio,5879082,5247509,89.26,0.29
168,2021-05-22,LAZ,55128,27003,28125,43529,10683,916,ITI,ITI4,12,Lazio,Lazio,5879082,5302637,90.19,0.94
169,2021-05-15,LAZ,57367,27408,29959,40059,16521,787,ITI,ITI4,12,Lazio,Lazio,5879082,5360004,91.17,0.98
170,2021-03-19,LAZ,17450,7566,9884,10993,6328,129,ITI,ITI4,12,Lazio,Lazio,5879082,5377454,91.47,0.3
171,2021-05-01,LAZ,37973,17091,20882,25573,11970,430,ITI,ITI4,12,Lazio,Lazio,5879082,5415427,92.11,0.65
172,2021-04-17,LAZ,32395,14219,18176,20004,11994,397,ITI,ITI4,12,Lazio,Lazio,5879082,5447822,92.66,0.55
173,2021-03-12,LAZ,23992,11082,12910,17360,6317,315,ITI,ITI4,12,Lazio,Lazio,5879082,5471814,93.07,0.41
174,2021-02-09,LAZ,8807,3774,5033,4575,4225,7,ITI,ITI4,12,Lazio,Lazio,5879082,5480621,93.22,0.15
175,2021-02-23,LAZ,11094,4784,6310,10206,765,123,ITI,ITI4,12,Lazio,Lazio,5879082,5491715,93.41,0.19
176,2021-01-21,LAZ,5604,2348,3256,551,5053,0,ITI,ITI4,12,Lazio,Lazio,5879082,5497319,93.51,0.1
177,2021-04-14,LAZ,29314,13287,16027,18880,10123,311,ITI,ITI4,12,Lazio,Lazio,5879082,5526633,94.01,0.5
178,2021-03-05,LAZ,19569,8670,10899,14621,4734,214,ITI,ITI4,12,Lazio,Lazio,5879082,5546202,94.34,0.33
179,2021-02-16,LAZ,8360,4036,4324,7713,607,40,ITI,ITI4,12,Lazio,Lazio,5879082,5554562,94.48,0.14
180,2021-02-14,LAZ,5778,2372,3406,5276,472,30,ITI,ITI4,12,Lazio,Lazio,5879082,5560340,94.58,0.1
181,2021-02-28,LAZ,10261,4017,6244,9656,515,90,ITI,ITI4,12,Lazio,Lazio,5879082,5570601,94.75,0.17
182,2021-01-02,LAZ,6708,2631,4077,6628,0,80,ITI,ITI4,12,Lazio,Lazio,5879082,5577309,94.87,0.11
183,2021-03-31,LAZ,27738,13419,14319,20320,7098,320,ITI,ITI4,12,Lazio,Lazio,5879082,5605047,95.34,0.47
184,2021-01-07,LAZ,7751,2903,4848,7594,0,157,ITI,ITI4,12,Lazio,Lazio,5879082,5612798,95.47,0.13
185,2021-02-17,LAZ,9189,4608,4581,8246,878,65,ITI,ITI4,12,Lazio,Lazio,5879082,5621987,95.63,0.16
186,2021-05-28,LAZ,57108,26539,30569,43024,13288,796,ITI,ITI4,12,Lazio,Lazio,5879082,5679095,96.6,0.97
187,2021-03-06,LAZ,18357,7083,11274,13891,4257,209,ITI,ITI4,12,Lazio,Lazio,5879082,5697452,96.91,0.31
188,2021-01-31,LAZ,4462,1855,2607,477,3984,1,ITI,ITI4,12,Lazio,Lazio,5879082,5701914,96.99,0.08
189,2021-05-11,LAZ,48318,22188,26130,31183,16542,593,ITI,ITI4,12,Lazio,Lazio,5879082,5750232,97.81,0.82
190,2021-04-24,LAZ,33430,15080,18350,20174,12777,479,ITI,ITI4,12,Lazio,Lazio,5879082,5783662,98.38,0.57
191,2021-05-30,LAZ,41207,17634,23573,33180,7355,672,ITI,ITI4,12,Lazio,Lazio,5879082,5824869,99.08,0.7
192,2021-05-13,LAZ,50158,22539,27619,31688,17799,671,ITI,ITI4,12,Lazio,Lazio,5879082,5875027,99.93,0.85
193,2021-06-29,LAZ,59304,28190,31114,27648,31100,556,ITI,ITI4,12,Lazio,Lazio,5879082,5934331,100.94,1.01
194,2021-01-14,LAZ,5489,2146,3343,5315,0,174,ITI,ITI4,12,Lazio,Lazio,5879082,5939820,101.03,0.09
195,2021-04-07,LAZ,25975,12139,13836,18330,7314,331,ITI,ITI4,12,Lazio,Lazio,5879082,5965795,101.47,0.44
196,2020-12-28,LAZ,959,412,547,954,0,5,ITI,ITI4,12,Lazio,Lazio,5879082,5966754,101.49,0.02
197,2021-01-16,LAZ,5646,2281,3365,5500,0,146,ITI,ITI4,12,Lazio,Lazio,5879082,5972400,101.59,0.1
198,2021-04-26,LAZ,29242,13464,15778,19606,9204,432,ITI,ITI4,12,Lazio,Lazio,5879082,6001642,102.08,0.5
199,2021-02-02,LAZ,5911,2213,3698,636,5272,3,ITI,ITI4,12,Lazio,Lazio,5879082,6007553,102.19,0.1
200,2021-06-21,EMR,37516,18969,18547,16392,20861,263,ITH,ITH5,8,Emilia-Romagna,Emilia-Romagna,4459477,37516,0.84,0.84
201,2021-07-08,EMR,41032,20447,20585,4793,35969,270,ITH,ITH5,8,Emilia-Romagna,Emilia-Romagna,4459477,78548,1.76,0.92
202,2021-03-30,EMR,23345,10338,13007,18008,5041,296,ITH,ITH5,8,Emilia-Romagna,Emilia-Romagna,4459477,101893,2.28,0.52
203,2021-01-04,EMR,7315,2527,4788,7312,0,3,ITH,ITH5,8,Emilia-Romagna,Emilia-Romagna,4459477,109208,2.45,0.16
204,2021-05-26,EMR,33237,14732,18505,9925,22928,384,ITH,ITH5,8,Emilia-Romagna,Emilia-Romagna,4459477,142445,3.19,0.75
205,2021-06-12,EMR,41258,21817,19441,35791,4911,556,ITH,ITH5,8,Emilia-Romagna,Emilia-Romagna,4459477,183703,4.12,0.93
206,2021-03-04,EMR,16452,5350,11102,13344,3017,91,ITH,ITH5,8,Emilia-Romagna,Emilia-Romagna,4459477,200155,4.49,0.37
207,2021-05-24,EMR,29947,13715,16232,17950,11480,517,ITH,ITH5,8,Emilia-Romagna,Emilia-Romagna,4459477,230102,5.16,0.67
208,2021-02-13,EMR,3627,1084,2543,3014,598,15,ITH,ITH5,8,Emilia-Romagna,Emilia-Romagna,4459477,233729,5.24,0.08
209,2021-05-12,EMR,38903,18286,20617,28374,9675,854,ITH,ITH5,8,Emilia-Romagna,Emilia-Romagna,4459477,272632,6.11,0.87
210,2021-02-01,EMR,10320,3610,6710,360,9958,2,ITH,ITH5,8,Emilia-Romagna,Emilia-Romagna,4459477,282952,6.34,0.23
211,2021-01-18,EMR,3128,879,2249,2446,679,3,ITH,ITH5,8,Emilia-Romagna,Emilia-Romagna,4459477,286080,6.42,0.07
212,2021-03-16,EMR,12246,5027,7219,4871,7309,66,ITH,ITH5,8,Emilia-Romagna,Emilia-Romagna,4459477,298326,6.69,0.27
213,2021-01-25,EMR,6462,2146,4316,206,6255,1,ITH,ITH5,8,Emilia-Romagna,Emilia-Romagna,4459477,304788,6.83,0.14
214,2021-07-01,EMR,34455,16838,17617,15332,18811,312,ITH,ITH5,8,Emilia-Romagna,Emilia-Romagna,4459477,339243,7.61,0.77
215,2021-03-23,EMR,18797,8144,10653,11951,6687,159,ITH,ITH5,8,Emilia-Romagna,Emilia-Romagna,4459477,358040,8.03,0.42
216,2021-02-18,EMR,7039,2892,4147,6440,583,16,ITH,ITH5,8,Emilia-Romagna,Emilia-Romagna,4459477,365079,8.19,0.16
217,2021-06-07,EMR,40456,20764,19692,33878,6247,331,ITH,ITH5,8,Emilia-Romagna,Emilia-Romagna,4459477,405535,9.09,0.91
218,2021-04-11,EMR,15278,6935,8343,11981,3048,249,ITH,ITH5,8,Emilia-Romagna,Emilia-Romagna,4459477,420813,9.44,0.34
219,2021-02-11,EMR,4255,1415,2840,3397,842,16,ITH,ITH5,8,Emilia-Romagna,Emilia-Romagna,4459477,425068,9.53,0.1
220,2021-01-30,EMR,10080,3520,6560,140,9939,1,ITH,ITH5,8,Emilia-Romagna,Emilia-Romagna,4459477,435148,9.76,0.23
221,2021-04-23,EMR,29563,13811,15752,14299,14882,382,ITH,ITH5,8,Emilia-Romagna,Emilia-Romagna,4459477,464711,10.42,0.66
222,2021-04-16,EMR,29229,13763,15466,20026,8838,365,ITH,ITH5,8,Emilia-Romagna,Emilia-Romagna,4459477,493940,11.08,0.66
223,2021-01-06,EMR,8287,2955,5332,8286,0,1,ITH,ITH5,8,Emilia-Romagna,Emilia-Romagna,4459477,502227,11.26,0.19
224,2021-04-30,EMR,36605,16788,19817,21186,14794,625,ITH,ITH5,8,Emilia-Romagna,Emilia-Romagna,4459477,538832,12.08,0.82
225,2021-03-28,EMR,13501,6027,7474,9506,3870,125,ITH,ITH5,8,Emilia-Romagna,Emilia-Romagna,4459477,552333,12.39,0.3
226,2021-02-25,EMR,9249,3499,5750,8273,954,22,ITH,ITH5,8,Emilia-Romagna,Emilia-Romagna,4459477,561582,12.59,0.21
227,2021-01-23,EMR,2448,871,1577,440,2008,0,ITH,ITH5,8,Emilia-Romagna,Emilia-Romagna,4459477,564030,12.65,0.05
228,2021-05-07,EMR,35272,16962,18310,22724,11856,692,ITH,ITH5,8,Emilia-Romagna,Emilia-Romagna,4459477,599302,13.44,0.79
229,2021-07-03,EMR,32021,15881,16140,11772,19956,293,ITH,ITH5,8,Emilia-Romagna,Emilia-Romagna,4459477,631323,14.16,0.72
230,2021-05-19,EMR,33727,14962,18765,18028,15179,520,ITH,ITH5,8,Emilia-Romagna,Emilia-Romagna,4459477,665050,14.91,0.76
231,2021-06-02,EMR,24095,12062,12033,18936,4969,190,ITH,ITH5,8,Emilia-Romagna,Emilia-Romagna,4459477,689145,15.45,0.54
232,2021-03-13,EMR,16137,6361,9776,10588,5313,236,ITH,ITH5,8,Emilia-Romagna,Emilia-Romagna,4459477,705282,15.82,0.36
233,2021-07-05,EMR,33024,16104,16920,11421,21287,316,ITH,ITH5,8,Emilia-Romagna,Emilia-Romagna,4459477,738306,16.56,0.74
234,2021-03-27,EMR,21660,9059,12601,14507,6908,245,ITH,ITH5,8,Emilia-Romagna,Emilia-Romagna,4459477,759966,17.04,0.49
235,2021-05-09,EMR,25609,12251,13358,18230,6968,411,ITH,ITH5,8,Emilia-Romagna,Emilia-Romagna,4459477,785575,17.62,0.57
236,2021-01-29,EMR,10414,3496,6918,289,10124,1,ITH,ITH5,8,Emilia-Romagna,Emilia-Romagna,4459477,795989,17.85,0.23
237,2021-02-15,EMR,2904,851,2053,2712,125,67,ITH,ITH5,8,Emilia-Romagna,Emilia-Romagna,4459477,798893,17.91,0.07
238,2021-01-27,EMR,8361,2947,5414,462,7899,0,ITH,ITH5,8,Emilia-Romagna,Emilia-Romagna,4459477,807254,18.1,0.19
239,2021-03-09,EMR,14757,6020,8737,10709,3953,95,ITH,ITH5,8,Emilia-Romagna,Emilia-Romagna,4459477,822011,18.43,0.33
240,2021-05-05,EMR,30100,13987,16113,18270,11253,577,ITH,ITH5,8,Emilia-Romagna,Emilia-Romagna,4459477,852111,19.11,0.67
241,2021-05-23,EMR,25481,11859,13622,13576,11593,312,ITH,ITH5,8,Emilia-Romagna,Emilia-Romagna,4459477,877592,19.68,0.57
242,2021-05-31,EMR,29740,13756,15984,17721,11471,548,ITH,ITH5,8,Emilia-Romagna,Emilia-Romagna,4459477,907332,20.35,0.67
243,2021-02-20,EMR,5319,2094,3225,5049,263,7,ITH,ITH5,8,Emilia-Romagna,Emilia-Romagna,4459477,912651,20.47,0.12
244,2021-01-15,EMR,7750,2404,5346,7742,0,8,ITH,ITH5,8,Emilia-Romagna,Emilia-Romagna,4459477,920401,20.64,0.17
245,2021-06-09,EMR,42957,21829,21128,36101,6360,496,ITH,ITH5,8,Emilia-Romagna,Emilia-Romagna,4459477,963358,21.6,0.96
246,2021-03-01,EMR,10097,3582,6515,7814,2258,25,ITH,ITH5,8,Emilia-Romagna,Emilia-Romagna,4459477,973455,21.83,0.23
247,2021-05-04,EMR,29273,13703,15570,15119,13659,495,ITH,ITH5,8,Emilia-Romagna,Emilia-Romagna,4459477,1002728,22.49,0.66
248,2021-01-13,EMR,9077,2942,6135,9072,0,5,ITH,ITH5,8,Emilia-Romagna,Emilia-Romagna,4459477,1011805,22.69,0.2
249,2021-04-04,EMR,9879,4717,5162,7525,2267,87,ITH,ITH5,8,Emilia-Romagna,Emilia-Romagna,4459477,1021684,22.91,0.22
250,2021-01-11,EMR,9347,3273,6074,9338,0,9,ITH,ITH5,8,Emilia-Romagna,Emilia-Romagna,4459477,1031031,23.12,0.21
251,2021-04-18,EMR,17504,8396,9108,12362,4918,224,ITH,ITH5,8,Emilia-Romagna,Emilia-Romagna,4459477,1048535,23.51,0.39
252,2021-06-14,EMR,41222,21303,19919,27711,13063,448,ITH,ITH5,8,Emilia-Romagna,Emilia-Romagna,4459477,1089757,24.44,0.92
253,2021-01-10,EMR,7171,2684,4487,7170,0,1,ITH,ITH5,8,Emilia-Romagna,Emilia-Romagna,4459477,1096928,24.6,0.16
254,2021-06-16,EMR,45688,23346,22342,25378,19916,394,ITH,ITH5,8,Emilia-Romagna,Emilia-Romagna,4459477,1142616,25.62,1.02
255,2021-03-08,EMR,12190,5092,7098,9465,2646,79,ITH,ITH5,8,Emilia-Romagna,Emilia-Romagna,4459477,1154806,25.9,0.27
256,2021-06-19,EMR,36603,18320,18283,17022,19373,208,ITH,ITH5,8,Emilia-Romagna,Emilia-Romagna,4459477,1191409,26.72,0.82
257,2021-03-11,EMR,17453,7306,10147,11431,5851,171,ITH,ITH5,8,Emilia-Romagna,Emilia-Romagna,4459477,1208862,27.11,0.39
258,2021-02-06,EMR,7594,2404,5190,2105,5485,4,ITH,ITH5,8,Emilia-Romagna,Emilia-Romagna,4459477,1216456,27.28,0.17
259,2021-06-26,EMR,37412,18960,18452,21512,15509,391,ITH,ITH5,8,Emilia-Romagna,Emilia-Romagna,4459477,1253868,28.12,0.84
260,2021-07-10,EMR,41752,21256,20496,7043,34359,350,ITH,ITH5,8,Emilia-Romagna,Emilia-Romagna,4459477,1295620,29.05,0.94
261,2021-04-13,EMR,23713,11127,12586,19024,4342,347,ITH,ITH5,8,Emilia-Romagna,Emilia-Romagna,4459477,1319333,29.58,0.53
262,2021-01-03,EMR,2763,943,1820,2763,0,0,ITH,ITH5,8,Emilia-Romagna,Emilia-Romagna,4459477,1322096,29.65,0.06
263,2021-05-02,EMR,25578,11651,13927,13185,11990,403,ITH,ITH5,8,Emilia-Romagna,Emilia-Romagna,4459477,1347674,30.22,0.57
264,2021-01-22,EMR,1829,477,1352,1086,741,2,ITH,ITH5,8,Emilia-Romagna,Emilia-Romagna,4459477,1349503,30.26,0.04
265,2021-02-08,EMR,5231,1534,3697,2315,2913,3,ITH,ITH5,8,Emilia-Romagna,Emilia-Romagna,4459477,1354734,30.38,0.12
266,2021-05-16,EMR,25845,12168,13677,18354,7112,379,ITH,ITH5,8,Emilia-Romagna,Emilia-Romagna,4459477,1380579,30.96,0.58
267,2021-02-22,EMR,7482,3091,4391,7197,272,13,ITH,ITH5,8,Emilia-Romagna,Emilia-Romagna,4459477,1388061,31.13,0.17
268,2021-05-28,EMR,41195,18936,22259,17261,23343,591,ITH,ITH5,8,Emilia-Romagna,Emilia-Romagna,4459477,1429256,32.05,0.92
269,2021-07-12,EMR,43526,22032,21494,5448,37776,302,ITH,ITH5,8,Emilia-Romagna,Emilia-Romagna,4459477,1472782,33.03,0.98
270,2021-04-20,EMR,22624,10406,12218,13884,8353,387,ITH,ITH5,8,Emilia-Romagna,Emilia-Romagna,4459477,1495406,33.53,0.51
271,2021-06-23,EMR,37729,18876,18853,18627,18823,279,ITH,ITH5,8,Emilia-Romagna,Emilia-Romagna,4459477,1533135,34.38,0.85
272,2021-01-08,EMR,10867,3580,7287,10864,0,3,ITH,ITH5,8,Emilia-Romagna,Emilia-Romagna,4459477,1544002,34.62,0.24
273,2021-02-27,EMR,10961,3998,6963,9192,1738,31,ITH,ITH5,8,Emilia-Romagna,Emilia-Romagna,4459477,1554963,34.87,0.25
274,2021-04-25,EMR,22351,10240,12111,14393,7511,447,ITH,ITH5,8,Emilia-Romagna,Emilia-Romagna,4459477,1577314,35.37,0.5
275,2021-04-27,EMR,32101,14863,17238,19210,12458,433,ITH,ITH5,8,Emilia-Romagna,Emilia-Romagna,4459477,1609415,36.09,0.72
276,2021-03-25,EMR,21483,9418,12065,14234,6990,259,ITH,ITH5,8,Emilia-Romagna,Emilia-Romagna,4459477,1630898,36.57,0.48
277,2021-05-21,EMR,39279,17532,21747,21627,17039,613,ITH,ITH5,8,Emilia-Romagna,Emilia-Romagna,4459477,1670177,37.45,0.88
278,2021-02-10,EMR,4023,1385,2638,2761,1256,6,ITH,ITH5,8,Emilia-Romagna,Emilia-Romagna,4459477,1674200,37.54,0.09
279,2021-04-08,EMR,31212,14332,16880,25213,5303,696,ITH,ITH5,8,Emilia-Romagna,Emilia-Romagna,4459477,1705412,38.24,0.7
280,2021-03-18,EMR,13675,5806,7869,5584,8000,91,ITH,ITH5,8,Emilia-Romagna,Emilia-Romagna,4459477,1719087,38.55,0.31
281,2021-05-14,EMR,37256,17168,20088,26748,9608,900,ITH,ITH5,8,Emilia-Romagna,Emilia-Romagna,4459477,1756343,39.38,0.84
282,2021-06-04,EMR,45618,22974,22644,37167,8137,314,ITH,ITH5,8,Emilia-Romagna,Emilia-Romagna,4459477,1801961,40.41,1.02
283,2021-01-20,EMR,1326,270,1056,1324,1,1,ITH,ITH5,8,Emilia-Romagna,Emilia-Romagna,4459477,1803287,40.44,0.03
284,2021-04-15,EMR,29349,13981,15368,19246,9674,429,ITH,ITH5,8,Emilia-Romagna,Emilia-Romagna,4459477,1832636,41.1,0.66
285,2021-02-03,EMR,9338,2989,6349,964,8373,1,ITH,ITH5,8,Emilia-Romagna,Emilia-Romagna,4459477,1841974,41.3,0.21
286,2021-04-01,EMR,23952,10772,13180,19064,4550,338,ITH,ITH5,8,Emilia-Romagna,Emilia-Romagna,4459477,1865926,41.84,0.54
287,2021-02-17,EMR,6538,2764,3774,5754,772,12,ITH,ITH5,8,Emilia-Romagna,Emilia-Romagna,4459477,1872464,41.99,0.15
288,2021-06-01,EMR,27134,13085,14049,17056,9893,185,ITH,ITH5,8,Emilia-Romagna,Emilia-Romagna,4459477,1899598,42.6,0.61
289,2021-05-01,EMR,28403,12774,15629,15267,12776,360,ITH,ITH5,8,Emilia-Romagna,Emilia-Romagna,4459477,1928001,43.23,0.64
290,2021-04-22,EMR,29053,13452,15601,14603,14077,373,ITH,ITH5,8,Emilia-Romagna,Emilia-Romagna,4459477,1957054,43.89,0.65
291,2021-01-12,EMR,9476,3124,6352,9466,0,10,ITH,ITH5,8,Emilia-Romagna,Emilia-Romagna,4459477,1966530,44.1,0.21
292,2021-06-27,EMR,29536,14856,14680,16524,12719,293,ITH,ITH5,8,Emilia-Romagna,Emilia-Romagna,4459477,1996066,44.76,0.66
293,2021-07-14,EMR,13200,6707,6493,1315,11819,66,ITH,ITH5,8,Emilia-Romagna,Emilia-Romagna,4459477,2009266,45.06,0.3
294,2021-04-05,EMR,14848,6802,8046,11779,2892,177,ITH,ITH5,8,Emilia-Romagna,Emilia-Romagna,4459477,2024114,45.39,0.33
295,2021-03-06,EMR,20907,5940,14967,18049,2735,123,ITH,ITH5,8,Emilia-Romagna,Emilia-Romagna,4459477,2045021,45.86,0.47
296,2021-05-20,EMR,40272,18310,21962,18403,21373,496,ITH,ITH5,8,Emilia-Romagna,Emilia-Romagna,4459477,2085293,46.76,0.9
297,2021-06-25,EMR,42479,21507,20972,19794,22269,416,ITH,ITH5,8,Emilia-Romagna,Emilia-Romagna,4459477,2127772,47.71,0.95
298,2021-03-17,EMR,13718,5692,8026,5814,7846,58,ITH,ITH5,8,Emilia-Romagna,Emilia-Romagna,4459477,2141490,48.02,0.31
299,2021-05-06,EMR,35927,16602,19325,22155,13056,716,ITH,ITH5,8,Emilia-Romagna,Emilia-Romagna,4459477,2177417,48.83,0.81
300,2021-01-26,EMR,8334,3000,5334,212,8121,1,ITH,ITH5,8,Emilia-Romagna,Emilia-Romagna,4459477,2185751,49.01,0.19
301,2021-07-02,EMR,34677,17053,17624,12678,21668,331,ITH,ITH5,8,Emilia-Romagna,Emilia-Romagna,4459477,2220428,49.79,0.78
302,2021-03-24,EMR,21219,9401,11818,13618,7382,219,ITH,ITH5,8,Emilia-Romagna,Emilia-Romagna,4459477,2241647,50.27,0.48
303,2021-01-24,EMR,2443,885,1558,298,2145,0,ITH,ITH5,8,Emilia-Romagna,Emilia-Romagna,4459477,2244090,50.32,0.05
304,2021-04-12,EMR,19246,9007,10239,14446,4447,353,ITH,ITH5,8,Emilia-Romagna,Emilia-Romagna,4459477,2263336,50.75,0.43
305,2021-06-08,EMR,44910,22984,21926,37098,7459,353,ITH,ITH5,8,Emilia-Romagna,Emilia-Romagna,4459477,2308246,51.76,1.01
306,2021-04-24,EMR,28634,13242,15392,14041,14230,363,ITH,ITH5,8,Emilia-Romagna,Emilia-Romagna,4459477,2336880,52.4,0.64
307,2021-05-11,EMR,35786,16794,18992,27772,7254,760,ITH,ITH5,8,Emilia-Romagna,Emilia-Romagna,4459477,2372666,53.21,0.8
308,2021-01-31,EMR,7698,2763,4935,241,7457,0,ITH,ITH5,8,Emilia-Romagna,Emilia-Romagna,4459477,2380364,53.38,0.17
309,2021-06-29,EMR,37574,18522,19052,18524,18729,321,ITH,ITH5,8,Emilia-Romagna,Emilia-Romagna,4459477,2417938,54.22,0.84
310,2021-03-21,EMR,11956,5296,6660,7261,4605,90,ITH,ITH5,8,Emilia-Romagna,Emilia-Romagna,4459477,2429894,54.49,0.27
311,2021-06-10,EMR,44907,23063,21844,39011,5350,546,ITH,ITH5,8,Emilia-Romagna,Emilia-Romagna,4459477,2474801,55.5,1.01
312,2021-03-02,EMR,12659,4272,8387,10527,2077,55,ITH,ITH5,8,Emilia-Romagna,Emilia-Romagna,4459477,2487460,55.78,0.28
313,2021-03-19,EMR,15925,6972,8953,7799,7969,157,ITH,ITH5,8,Emilia-Romagna,Emilia-Romagna,4459477,2503385,56.14,0.36
314,2021-04-07,EMR,26117,11890,14227,19790,6012,315,ITH,ITH5,8,Emilia-Romagna,Emilia-Romagna,4459477,2529502,56.72,0.59
315,2021-01-14,EMR,8129,2593,5536,8119,0,10,ITH,ITH5,8,Emilia-Romagna,Emilia-Romagna,4459477,2537631,56.9,0.18
316,2021-02-05,EMR,9290,2956,6334,1601,7683,6,ITH,ITH5,8,Emilia-Romagna,Emilia-Romagna,4459477,2546921,57.11,0.21
317,2021-06-20,EMR,30704,15582,15122,15931,14646,127,ITH,ITH5,8,Emilia-Romagna,Emilia-Romagna,4459477,2577625,57.8,0.69
318,2021-02-12,EMR,5313,1673,3640,3886,1403,24,ITH,ITH5,8,Emilia-Romagna,Emilia-Romagna,4459477,2582938,57.92,0.12
319,2021-04-10,EMR,20920,9300,11620,16444,4143,333,ITH,ITH5,8,Emilia-Romagna,Emilia-Romagna,4459477,2603858,58.39,0.47
320,2021-04-17,EMR,27302,13075,14227,17571,9345,386,ITH,ITH5,8,Emilia-Romagna,Emilia-Romagna,4459477,2631160,59.0,0.61
321,2021-01-07,EMR,10275,3407,6868,10271,0,4,ITH,ITH5,8,Emilia-Romagna,Emilia-Romagna,4459477,2641435,59.23,0.23
322,2021-04-03,EMR,19939,8767,11172,15954,3740,245,ITH,ITH5,8,Emilia-Romagna,Emilia-Romagna,4459477,2661374,59.68,0.45
323,2021-05-30,EMR,27075,12792,14283,12976,13693,406,ITH,ITH5,8,Emilia-Romagna,Emilia-Romagna,4459477,2688449,60.29,0.61
324,2021-02-19,EMR,7327,3010,4317,6800,514,13,ITH,ITH5,8,Emilia-Romagna,Emilia-Romagna,4459477,2695776,60.45,0.16
325,2020-12-31,EMR,2215,780,1435,2214,0,1,ITH,ITH5,8,Emilia-Romagna,Emilia-Romagna,4459477,2697991,60.5,0.05
326,2021-06-06,EMR,36562,18983,17579,31990,4406,166,ITH,ITH5,8,Emilia-Romagna,Emilia-Romagna,4459477,2734553,61.32,0.82
327,2021-02-26,EMR,9634,3673,5961,8566,1048,20,ITH,ITH5,8,Emilia-Romagna,Emilia-Romagna,4459477,2744187,61.54,0.22
328,2021-07-09,EMR,44476,22706,21770,5448,38742,286,ITH,ITH5,8,Emilia-Romagna,Emilia-Romagna,4459477,2788663,62.53,1.0
329,2021-01-17,EMR,2890,887,2003,2643,246,1,ITH,ITH5,8,Emilia-Romagna,Emilia-Romagna,4459477,2791553,62.6,0.06
330,2021-04-02,EMR,23394,10552,12842,18559,4481,354,ITH,ITH5,8,Emilia-Romagna,Emilia-Romagna,4459477,2814947,63.12,0.52
331,2021-05-29,EMR,37843,16496,21347,16644,20680,519,ITH,ITH5,8,Emilia-Romagna,Emilia-Romagna,4459477,2852790,63.97,0.85
332,2021-06-18,EMR,42491,21270,21221,16366,25855,270,ITH,ITH5,8,Emilia-Romagna,Emilia-Romagna,4459477,2895281,64.92,0.95
333,2021-03-10,EMR,18798,7741,11057,12974,5645,179,ITH,ITH5,8,Emilia-Romagna,Emilia-Romagna,4459477,2914079,65.35,0.42
334,2021-05-18,EMR,29111,13248,15863,18089,10535,487,ITH,ITH5,8,Emilia-Romagna,Emilia-Romagna,4459477,2943190,66.0,0.65
335,2021-02-07,EMR,4785,1536,3249,1722,3061,2,ITH,ITH5,8,Emilia-Romagna,Emilia-Romagna,4459477,2947975,66.11,0.11
336,2021-02-24,EMR,9351,3566,5785,8450,884,17,ITH,ITH5,8,Emilia-Romagna,Emilia-Romagna,4459477,2957326,66.32,0.21
337,2021-01-05,EMR,9361,3170,6191,9357,0,4,ITH,ITH5,8,Emilia-Romagna,Emilia-Romagna,4459477,2966687,66.53,0.21
338,2021-04-29,EMR,44951,21134,23817,26591,17548,812,ITH,ITH5,8,Emilia-Romagna,Emilia-Romagna,4459477,3011638,67.53,1.01
339,2021-01-19,EMR,2046,505,1541,2028,17,1,ITH,ITH5,8,Emilia-Romagna,Emilia-Romagna,4459477,3013684,67.58,0.05
340,2021-05-13,EMR,35784,16494,19290,27250,7797,737,ITH,ITH5,8,Emilia-Romagna,Emilia-Romagna,4459477,3049468,68.38,0.8
341,2021-03-15,EMR,13447,6247,7200,6849,6500,98,ITH,ITH5,8,Emilia-Romagna,Emilia-Romagna,4459477,3062915,68.68,0.3
342,2021-02-09,EMR,4154,1249,2905,2306,1847,1,ITH,ITH5,8,Emilia-Romagna,Emilia-Romagna,4459477,3067069,68.78,0.09
343,2021-05-15,EMR,33252,14983,18269,22196,10409,647,ITH,ITH5,8,Emilia-Romagna,Emilia-Romagna,4459477,3100321,69.52,0.75
344,2021-02-04,EMR,9920,3201,6719,1229,8690,1,ITH,ITH5,8,Emilia-Romagna,Emilia-Romagna,4459477,3110241,69.74,0.22
345,2021-05-22,EMR,33052,14137,18915,16454,16138,460,ITH,ITH5,8,Emilia-Romagna,Emilia-Romagna,4459477,3143293,70.49,0.74
346,2021-04-09,EMR,25724,11667,14057,19527,5698,499,ITH,ITH5,8,Emilia-Romagna,Emilia-Romagna,4459477,3169017,71.06,0.58
347,2021-02-02,EMR,9474,3048,6426,515,8959,0,ITH,ITH5,8,Emilia-Romagna,Emilia-Romagna,4459477,3178491,71.27,0.21
348,2021-04-19,EMR,20901,9796,11105,14333,6273,295,ITH,ITH5,8,Emilia-Romagna,Emilia-Romagna,4459477,3199392,71.74,0.47
349,2021-01-09,EMR,9988,3452,6536,9984,0,4,ITH,ITH5,8,Emilia-Romagna,Emilia-Romagna,4459477,3209380,71.97,0.22
350,2021-06-15,EMR,43609,22470,21139,28030,15029,550,ITH,ITH5,8,Emilia-Romagna,Emilia-Romagna,4459477,3252989,72.95,0.98
351,2021-03-07,EMR,7840,2959,4881,6288,1520,32,ITH,ITH5,8,Emilia-Romagna,Emilia-Romagna,4459477,3260829,73.12,0.18
352,2021-05-03,EMR,28705,13562,15143,17367,10878,460,ITH,ITH5,8,Emilia-Romagna,Emilia-Romagna,4459477,3289534,73.77,0.64
353,2021-02-28,EMR,6819,2527,4292,4955,1845,19,ITH,ITH5,8,Emilia-Romagna,Emilia-Romagna,4459477,3296353,73.92,0.15
354,2021-04-26,EMR,27906,12937,14969,18024,9323,559,ITH,ITH5,8,Emilia-Romagna,Emilia-Romagna,4459477,3324259,74.54,0.63
355,2021-01-16,EMR,5628,1718,3910,5627,0,1,ITH,ITH5,8,Emilia-Romagna,Emilia-Romagna,4459477,3329887,74.67,0.13
356,2021-03-14,EMR,8802,3839,4963,4941,3798,63,ITH,ITH5,8,Emilia-Romagna,Emilia-Romagna,4459477,3338689,74.87,0.2
357,2021-04-14,EMR,27043,12844,14199,20511,6104,428,ITH,ITH5,8,Emilia-Romagna,Emilia-Romagna,4459477,3365732,75.47,0.61
358,2021-01-21,EMR,2165,729,1436,819,1346,0,ITH,ITH5,8,Emilia-Romagna,Emilia-Romagna,4459477,3367897,75.52,0.05
359,2021-06-03,EMR,37875,18427,19448,30101,7516,258,ITH,ITH5,8,Emilia-Romagna,Emilia-Romagna,4459477,3405772,76.37,0.85
360,2021-02-23,EMR,8216,3219,4997,7819,386,11,ITH,ITH5,8,Emilia-Romagna,Emilia-Romagna,4459477,3413988,76.56,0.18
361,2021-03-12,EMR,18306,7701,10605,11305,6717,284,ITH,ITH5,8,Emilia-Romagna,Emilia-Romagna,4459477,3432294,76.97,0.41
362,2021-07-11,EMR,30156,15115,15041,2855,27172,129,ITH,ITH5,8,Emilia-Romagna,Emilia-Romagna,4459477,3462450,77.64,0.68
363,2021-03-31,EMR,25265,11043,14222,19492,5453,320,ITH,ITH5,8,Emilia-Romagna,Emilia-Romagna,4459477,3487715,78.21,0.57
364,2021-07-13,EMR,47528,24334,23194,6623,40556,349,ITH,ITH5,8,Emilia-Romagna,Emilia-Romagna,4459477,3535243,79.27,1.07
365,2021-07-07,EMR,37688,19026,18662,13824,23612,252,ITH,ITH5,8,Emilia-Romagna,Emilia-Romagna,4459477,3572931,80.12,0.85
366,2021-03-29,EMR,21424,9613,11811,16535,4650,239,ITH,ITH5,8,Emilia-Romagna,Emilia-Romagna,4459477,3594355,80.6,0.48
367,2021-02-21,EMR,4450,1708,2742,4000,440,10,ITH,ITH5,8,Emilia-Romagna,Emilia-Romagna,4459477,3598805,80.7,0.1
368,2021-01-02,EMR,2378,916,1462,2378,0,0,ITH,ITH5,8,Emilia-Romagna,Emilia-Romagna,4459477,3601183,80.75,0.05
369,2021-06-05,EMR,44197,22340,21857,36952,6867,378,ITH,ITH5,8,Emilia-Romagna,Emilia-Romagna,4459477,3645380,81.74,0.99
370,2021-06-22,EMR,36338,18085,18253,16517,19559,262,ITH,ITH5,8,Emilia-Romagna,Emilia-Romagna,4459477,3681718,82.56,0.81
371,2021-07-06,EMR,36584,18385,18199,13193,23096,295,ITH,ITH5,8,Emilia-Romagna,Emilia-Romagna,4459477,3718302,83.38,0.82
372,2021-05-17,EMR,32404,15392,17012,22367,9497,540,ITH,ITH5,8,Emilia-Romagna,Emilia-Romagna,4459477,3750706,84.11,0.73
373,2021-04-28,EMR,33715,15588,18127,20244,12887,584,ITH,ITH5,8,Emilia-Romagna,Emilia-Romagna,4459477,3784421,84.86,0.76
374,2021-06-24,EMR,40169,20093,20076,20266,19543,360,ITH,ITH5,8,Emilia-Romagna,Emilia-Romagna,4459477,3824590,85.76,0.9
375,2021-06-17,EMR,46298,23401,22897,21801,24140,357,ITH,ITH5,8,Emilia-Romagna,Emilia-Romagna,4459477,3870888,86.8,1.04
376,2021-07-04,EMR,24210,12033,12177,10426,13573,211,ITH,ITH5,8,Emilia-Romagna,Emilia-Romagna,4459477,3895098,87.34,0.54
377,2021-03-26,EMR,23704,10110,13594,16997,6437,270,ITH,ITH5,8,Emilia-Romagna,Emilia-Romagna,4459477,3918802,87.88,0.53
378,2021-06-30,EMR,34195,17258,16937,18228,15643,324,ITH,ITH5,8,Emilia-Romagna,Emilia-Romagna,4459477,3952997,88.64,0.77
379,2021-06-11,EMR,45782,23775,22007,38696,6502,584,ITH,ITH5,8,Emilia-Romagna,Emilia-Romagna,4459477,3998779,89.67,1.03
380,2021-06-28,EMR,40012,19630,20382,20012,19557,443,ITH,ITH5,8,Emilia-Romagna,Emilia-Romagna,4459477,4038791,90.57,0.9
381,2021-03-20,EMR,16085,6829,9256,8955,6964,166,ITH,ITH5,8,Emilia-Romagna,Emilia-Romagna,4459477,4054876,90.93,0.36
382,2021-04-06,EMR,24746,11173,13573,19718,4743,285,ITH,ITH5,8,Emilia-Romagna,Emilia-Romagna,4459477,4079622,91.48,0.55
383,2020-12-27,EMR,972,373,599,972,0,0,ITH,ITH5,8,Emilia-Romagna,Emilia-Romagna,4459477,4080594,91.5,0.02
384,2021-06-13,EMR,28691,14960,13731,24111,4271,309,ITH,ITH5,8,Emilia-Romagna,Emilia-Romagna,4459477,4109285,92.15,0.64
385,2021-03-05,EMR,17864,5842,12022,14290,3454,120,ITH,ITH5,8,Emilia-Romagna,Emilia-Romagna,4459477,4127149,92.55,0.4
386,2021-03-22,EMR,17647,7814,9833,10617,6862,168,ITH,ITH5,8,Emilia-Romagna,Emilia-Romagna,4459477,4144796,92.94,0.4
387,2021-03-03,EMR,15857,5253,10604,13320,2485,52,ITH,ITH5,8,Emilia-Romagna,Emilia-Romagna,4459477,4160653,93.3,0.36
388,2021-05-25,EMR,25113,11206,13907,11291,13398,424,ITH,ITH5,8,Emilia-Romagna,Emilia-Romagna,4459477,4185766,93.86,0.56
389,2021-02-14,EMR,1403,378,1025,1275,120,8,ITH,ITH5,8,Emilia-Romagna,Emilia-Romagna,4459477,4187169,93.89,0.03
390,2021-05-27,EMR,42248,18742,23506,13623,28193,432,ITH,ITH5,8,Emilia-Romagna,Emilia-Romagna,4459477,4229417,94.84,0.95
391,2021-02-16,EMR,5772,2446,3326,5227,531,14,ITH,ITH5,8,Emilia-Romagna,Emilia-Romagna,4459477,4235189,94.97,0.13
392,2021-05-10,EMR,33842,16125,17717,26010,7245,587,ITH,ITH5,8,Emilia-Romagna,Emilia-Romagna,4459477,4269031,95.73,0.76
393,2021-04-21,EMR,23959,10963,12996,13847,9744,368,ITH,ITH5,8,Emilia-Romagna,Emilia-Romagna,4459477,4292990,96.27,0.54
394,2021-05-08,EMR,32345,15095,17250,20374,11421,550,ITH,ITH5,8,Emilia-Romagna,Emilia-Romagna,4459477,4325335,96.99,0.73
395,2021-01-28,EMR,10255,3339,6916,348,9907,0,ITH,ITH5,8,Emilia-Romagna,Emilia-Romagna,4459477,4335590,97.22,0.23
396,2021-04-18,CAL,5847,2795,3052,4913,913,21,ITF,ITF6,18,Calabria,Calabria,1947131,5847,0.3,0.3
397,2021-04-04,CAL,1571,785,786,1140,421,10,ITF,ITF6,18,Calabria,Calabria,1947131,7418,0.38,0.08
398,2021-06-26,CAL,15559,7185,8374,7553,7939,67,ITF,ITF6,18,Calabria,Calabria,1947131,22977,1.18,0.8
399,2021-06-07,CAL,18000,8419,9581,14710,3211,79,ITF,ITF6,18,Calabria,Calabria,1947131,40977,2.1,0.92
400,2021-04-30,CAL,15032,7366,7666,10564,4400,68,ITF,ITF6,18,Calabria,Calabria,1947131,56009,2.88,0.77
401,2021-01-18,CAL,1296,586,710,1051,241,4,ITF,ITF6,18,Calabria,Calabria,1947131,57305,2.94,0.07
402,2021-02-06,CAL,2912,1341,1571,444,2467,1,ITF,ITF6,18,Calabria,Calabria,1947131,60217,3.09,0.15
403,2021-07-10,CAL,15936,7530,8406,3249,12644,43,ITF,ITF6,18,Calabria,Calabria,1947131,76153,3.91,0.82
404,2021-01-23,CAL,401,186,215,359,42,0,ITF,ITF6,18,Calabria,Calabria,1947131,76554,3.93,0.02
405,2021-03-28,CAL,2690,1232,1458,1565,1121,4,ITF,ITF6,18,Calabria,Calabria,1947131,79244,4.07,0.14
406,2021-01-06,CAL,936,505,431,936,0,0,ITF,ITF6,18,Calabria,Calabria,1947131,80180,4.12,0.05
407,2021-04-16,CAL,10211,4977,5234,8571,1587,53,ITF,ITF6,18,Calabria,Calabria,1947131,90391,4.64,0.52
408,2021-02-18,CAL,1851,850,1001,1608,228,15,ITF,ITF6,18,Calabria,Calabria,1947131,92242,4.74,0.1
409,2021-06-21,CAL,15372,7078,8294,7978,7359,35,ITF,ITF6,18,Calabria,Calabria,1947131,107614,5.53,0.79
410,2021-01-04,CAL,1069,530,539,1066,0,3,ITF,ITF6,18,Calabria,Calabria,1947131,108683,5.58,0.05
411,2021-06-14,CAL,14344,6503,7841,9620,4648,76,ITF,ITF6,18,Calabria,Calabria,1947131,123027,6.32,0.74
412,2021-03-04,CAL,5483,3191,2292,4666,797,20,ITF,ITF6,18,Calabria,Calabria,1947131,128510,6.6,0.28
413,2021-06-12,CAL,13220,6287,6933,10756,2401,63,ITF,ITF6,18,Calabria,Calabria,1947131,141730,7.28,0.68
414,2021-03-09,CAL,6486,3380,3106,5441,982,63,ITF,ITF6,18,Calabria,Calabria,1947131,148216,7.61,0.33
415,2021-02-20,CAL,1438,765,673,1104,320,14,ITF,ITF6,18,Calabria,Calabria,1947131,149654,7.69,0.07
416,2021-05-31,CAL,15296,7345,7951,7312,7903,81,ITF,ITF6,18,Calabria,Calabria,1947131,164950,8.47,0.79
417,2021-01-11,CAL,2172,1052,1120,2170,0,2,ITF,ITF6,18,Calabria,Calabria,1947131,167122,8.58,0.11
418,2021-01-25,CAL,1079,517,562,148,931,0,ITF,ITF6,18,Calabria,Calabria,1947131,168201,8.64,0.06
419,2021-05-05,CAL,13535,6473,7062,8410,5054,71,ITF,ITF6,18,Calabria,Calabria,1947131,181736,9.33,0.7
420,2021-03-02,CAL,4372,2494,1878,3608,756,8,ITF,ITF6,18,Calabria,Calabria,1947131,186108,9.56,0.22
421,2021-03-16,CAL,3857,1891,1966,2186,1660,11,ITF,ITF6,18,Calabria,Calabria,1947131,189965,9.76,0.2
422,2021-07-01,CAL,12308,5803,6505,5407,6818,83,ITF,ITF6,18,Calabria,Calabria,1947131,202273,10.39,0.63
423,2021-02-01,CAL,2529,1203,1326,241,2285,3,ITF,ITF6,18,Calabria,Calabria,1947131,204802,10.52,0.13
424,2021-07-08,CAL,12042,5617,6425,2698,9302,42,ITF,ITF6,18,Calabria,Calabria,1947131,216844,11.14,0.62
425,2021-05-12,CAL,16424,8015,8409,10835,5497,92,ITF,ITF6,18,Calabria,Calabria,1947131,233268,11.98,0.84
426,2021-05-26,CAL,18711,9320,9391,10311,8308,92,ITF,ITF6,18,Calabria,Calabria,1947131,251979,12.94,0.96
427,2021-05-24,CAL,17764,8895,8869,9932,7749,83,ITF,ITF6,18,Calabria,Calabria,1947131,269743,13.85,0.91
428,2021-05-07,CAL,16121,7595,8526,9658,6389,74,ITF,ITF6,18,Calabria,Calabria,1947131,285864,14.68,0.83
429,2021-02-13,CAL,1398,604,794,1030,365,3,ITF,ITF6,18,Calabria,Calabria,1947131,287262,14.75,0.07
430,2021-06-11,CAL,17818,8756,9062,15116,2587,115,ITF,ITF6,18,Calabria,Calabria,1947131,305080,15.67,0.92
431,2021-01-08,CAL,2178,1038,1140,2171,0,7,ITF,ITF6,18,Calabria,Calabria,1947131,307258,15.78,0.11
432,2021-03-18,CAL,4426,2069,2357,2332,2071,23,ITF,ITF6,18,Calabria,Calabria,1947131,311684,16.01,0.23
433,2021-07-03,CAL,15137,7128,8009,5257,9805,75,ITF,ITF6,18,Calabria,Calabria,1947131,326821,16.78,0.78
434,2021-04-11,CAL,4189,1904,2285,2230,1943,16,ITF,ITF6,18,Calabria,Calabria,1947131,331010,17.0,0.22
435,2021-04-13,CAL,6904,3385,3519,5571,1312,21,ITF,ITF6,18,Calabria,Calabria,1947131,337914,17.35,0.35
436,2021-01-20,CAL,1404,628,776,1400,1,3,ITF,ITF6,18,Calabria,Calabria,1947131,339318,17.43,0.07
437,2021-01-03,CAL,6,3,3,6,0,0,ITF,ITF6,18,Calabria,Calabria,1947131,339324,17.43,0.0
438,2021-01-30,CAL,2188,1153,1035,341,1844,3,ITF,ITF6,18,Calabria,Calabria,1947131,341512,17.54,0.11
439,2021-02-17,CAL,1869,826,1043,1645,211,13,ITF,ITF6,18,Calabria,Calabria,1947131,343381,17.64,0.1
440,2021-05-28,CAL,20986,10198,10788,11415,9460,111,ITF,ITF6,18,Calabria,Calabria,1947131,364367,18.71,1.08
441,2021-04-15,CAL,7742,3797,3945,5973,1731,38,ITF,ITF6,18,Calabria,Calabria,1947131,372109,19.11,0.4
442,2021-04-01,CAL,8672,3947,4725,4161,4479,32,ITF,ITF6,18,Calabria,Calabria,1947131,380781,19.56,0.45
443,2021-04-23,CAL,13124,6444,6680,9431,3597,96,ITF,ITF6,18,Calabria,Calabria,1947131,393905,20.23,0.67
444,2021-01-13,CAL,2054,1036,1018,2042,0,12,ITF,ITF6,18,Calabria,Calabria,1947131,395959,20.34,0.11
445,2021-06-23,CAL,17152,7842,9310,8091,8980,81,ITF,ITF6,18,Calabria,Calabria,1947131,413111,21.22,0.88
446,2021-03-11,CAL,7257,3449,3808,5945,1267,45,ITF,ITF6,18,Calabria,Calabria,1947131,420368,21.59,0.37
447,2021-06-19,CAL,15836,7410,8426,8494,7277,65,ITF,ITF6,18,Calabria,Calabria,1947131,436204,22.4,0.81
448,2021-05-14,CAL,19919,9569,10350,12943,6868,108,ITF,ITF6,18,Calabria,Calabria,1947131,456123,23.43,1.02
449,2021-04-27,CAL,9955,4895,5060,7963,1946,46,ITF,ITF6,18,Calabria,Calabria,1947131,466078,23.94,0.51
450,2021-02-03,CAL,2825,1452,1373,562,2258,5,ITF,ITF6,18,Calabria,Calabria,1947131,468903,24.08,0.15
451,2021-02-25,CAL,2891,1556,1335,2256,595,40,ITF,ITF6,18,Calabria,Calabria,1947131,471794,24.23,0.15
452,2021-03-06,CAL,8454,4355,4099,7640,795,19,ITF,ITF6,18,Calabria,Calabria,1947131,480248,24.66,0.43
453,2021-02-11,CAL,2340,1044,1296,1062,1256,22,ITF,ITF6,18,Calabria,Calabria,1947131,482588,24.78,0.12
454,2021-05-23,CAL,11387,5552,5835,6995,4349,43,ITF,ITF6,18,Calabria,Calabria,1947131,493975,25.37,0.58
455,2021-03-01,CAL,2730,1550,1180,2270,456,4,ITF,ITF6,18,Calabria,Calabria,1947131,496705,25.51,0.14
456,2021-03-30,CAL,6415,2783,3632,3644,2754,17,ITF,ITF6,18,Calabria,Calabria,1947131,503120,25.84,0.33
457,2021-05-19,CAL,18297,9062,9235,11250,6974,73,ITF,ITF6,18,Calabria,Calabria,1947131,521417,26.78,0.94
458,2021-03-23,CAL,5256,2469,2787,3425,1810,21,ITF,ITF6,18,Calabria,Calabria,1947131,526673,27.05,0.27
459,2021-02-27,CAL,4007,2063,1944,3618,382,7,ITF,ITF6,18,Calabria,Calabria,1947131,530680,27.25,0.21
460,2021-01-27,CAL,1476,746,730,395,1080,1,ITF,ITF6,18,Calabria,Calabria,1947131,532156,27.33,0.08
461,2021-03-27,CAL,8764,3986,4778,4651,4070,43,ITF,ITF6,18,Calabria,Calabria,1947131,540920,27.78,0.45
462,2021-07-05,CAL,13381,6255,7126,4289,9036,56,ITF,ITF6,18,Calabria,Calabria,1947131,554301,28.47,0.69
463,2021-03-08,CAL,5492,2972,2520,4398,1068,26,ITF,ITF6,18,Calabria,Calabria,1947131,559793,28.75,0.28
464,2021-03-25,CAL,7462,3513,3949,4564,2868,30,ITF,ITF6,18,Calabria,Calabria,1947131,567255,29.13,0.38
465,2021-06-16,CAL,18316,8465,9851,12114,6117,85,ITF,ITF6,18,Calabria,Calabria,1947131,585571,30.07,0.94
466,2021-04-08,CAL,9279,4388,4891,5767,3467,45,ITF,ITF6,18,Calabria,Calabria,1947131,594850,30.55,0.48
467,2021-02-10,CAL,2513,1081,1432,868,1630,15,ITF,ITF6,18,Calabria,Calabria,1947131,597363,30.68,0.13
468,2021-06-04,CAL,17523,8153,9370,12952,4502,69,ITF,ITF6,18,Calabria,Calabria,1947131,614886,31.58,0.9
469,2021-05-21,CAL,21334,10864,10470,13865,7361,108,ITF,ITF6,18,Calabria,Calabria,1947131,636220,32.67,1.1
470,2021-05-09,CAL,9631,4496,5135,6054,3536,41,ITF,ITF6,18,Calabria,Calabria,1947131,645851,33.17,0.49
471,2021-01-29,CAL,2062,993,1069,227,1834,1,ITF,ITF6,18,Calabria,Calabria,1947131,647913,33.28,0.11
472,2021-05-04,CAL,16434,7575,8859,11647,4702,85,ITF,ITF6,18,Calabria,Calabria,1947131,664347,34.12,0.84
473,2021-01-22,CAL,659,275,384,657,2,0,ITF,ITF6,18,Calabria,Calabria,1947131,665006,34.15,0.03
474,2021-05-02,CAL,12517,5844,6673,10612,1848,57,ITF,ITF6,18,Calabria,Calabria,1947131,677523,34.8,0.64
475,2021-03-13,CAL,6948,3019,3929,5934,986,28,ITF,ITF6,18,Calabria,Calabria,1947131,684471,35.15,0.36
476,2021-01-15,CAL,2803,1260,1543,2797,0,6,ITF,ITF6,18,Calabria,Calabria,1947131,687274,35.3,0.14
477,2021-04-25,CAL,15883,8060,7823,14794,1029,60,ITF,ITF6,18,Calabria,Calabria,1947131,703157,36.11,0.82
478,2021-06-30,CAL,16366,7494,8872,7007,9264,95,ITF,ITF6,18,Calabria,Calabria,1947131,719523,36.95,0.84
479,2021-06-28,CAL,13279,6117,7162,5367,7848,64,ITF,ITF6,18,Calabria,Calabria,1947131,732802,37.63,0.68
480,2021-03-20,CAL,6716,3076,3640,4183,2517,16,ITF,ITF6,18,Calabria,Calabria,1947131,739518,37.98,0.34
481,2021-02-15,CAL,1151,546,605,995,151,5,ITF,ITF6,18,Calabria,Calabria,1947131,740669,38.04,0.06
482,2020-12-27,CAL,312,170,142,312,0,0,ITF,ITF6,18,Calabria,Calabria,1947131,740981,38.06,0.02
483,2021-06-09,CAL,18222,8602,9620,15900,2240,82,ITF,ITF6,18,Calabria,Calabria,1947131,759203,38.99,0.94
484,2021-07-12,CAL,17964,8531,9433,2681,15235,48,ITF,ITF6,18,Calabria,Calabria,1947131,777167,39.91,0.92
485,2021-01-10,CAL,936,529,407,936,0,0,ITF,ITF6,18,Calabria,Calabria,1947131,778103,39.96,0.05
486,2021-04-20,CAL,7857,3964,3893,6057,1728,72,ITF,ITF6,18,Calabria,Calabria,1947131,785960,40.37,0.4
487,2021-04-06,CAL,8102,3687,4415,4440,3638,24,ITF,ITF6,18,Calabria,Calabria,1947131,794062,40.78,0.42
488,2021-02-08,CAL,1856,737,1119,659,1194,3,ITF,ITF6,18,Calabria,Calabria,1947131,795918,40.88,0.1
489,2021-04-24,CAL,19248,9578,9670,15730,3435,83,ITF,ITF6,18,Calabria,Calabria,1947131,815166,41.86,0.99
490,2021-02-26,CAL,3083,1645,1438,2615,453,15,ITF,ITF6,18,Calabria,Calabria,1947131,818249,42.02,0.16
491,2021-06-20,CAL,6646,3149,3497,3809,2809,28,ITF,ITF6,18,Calabria,Calabria,1947131,824895,42.36,0.34
492,2021-06-06,CAL,13724,6592,7132,11957,1700,67,ITF,ITF6,18,Calabria,Calabria,1947131,838619,43.07,0.7
493,2021-02-14,CAL,471,215,256,440,30,1,ITF,ITF6,18,Calabria,Calabria,1947131,839090,43.09,0.02
494,2021-05-25,CAL,16401,8029,8372,10205,6112,84,ITF,ITF6,18,Calabria,Calabria,1947131,855491,43.94,0.84
495,2021-01-26,CAL,1853,883,970,276,1576,1,ITF,ITF6,18,Calabria,Calabria,1947131,857344,44.03,0.1
496,2021-04-22,CAL,9753,4869,4884,6821,2887,45,ITF,ITF6,18,Calabria,Calabria,1947131,867097,44.53,0.5
497,2021-05-06,CAL,13260,6276,6984,8923,4271,66,ITF,ITF6,18,Calabria,Calabria,1947131,880357,45.21,0.68
498,2021-06-18,CAL,18845,8781,10064,11248,7490,107,ITF,ITF6,18,Calabria,Calabria,1947131,899202,46.18,0.97
499,2021-03-10,CAL,6768,3451,3317,5402,1337,29,ITF,ITF6,18,Calabria,Calabria,1947131,905970,46.53,0.35
500,2021-06-01,CAL,12861,5962,6899,7885,4918,58,ITF,ITF6,18,Calabria,Calabria,1947131,918831,47.19,0.66
501,2021-03-29,CAL,5762,2490,3272,3978,1760,24,ITF,ITF6,18,Calabria,Calabria,1947131,924593,47.48,0.3
502,2021-01-31,CAL,1115,556,559,153,962,0,ITF,ITF6,18,Calabria,Calabria,1947131,925708,47.54,0.06
503,2021-07-07,CAL,13959,6581,7378,3910,9978,71,ITF,ITF6,18,Calabria,Calabria,1947131,939667,48.26,0.72
504,2021-05-11,CAL,15081,7306,7775,10238,4777,66,ITF,ITF6,18,Calabria,Calabria,1947131,954748,49.03,0.77
505,2021-03-15,CAL,3619,1744,1875,2160,1450,9,ITF,ITF6,18,Calabria,Calabria,1947131,958367,49.22,0.19
506,2021-07-02,CAL,16250,7527,8723,6237,9932,81,ITF,ITF6,18,Calabria,Calabria,1947131,974617,50.05,0.83
507,2021-05-20,CAL,16966,8488,8478,11259,5640,67,ITF,ITF6,18,Calabria,Calabria,1947131,991583,50.93,0.87
508,2021-02-07,CAL,861,430,431,146,713,2,ITF,ITF6,18,Calabria,Calabria,1947131,992444,50.97,0.04
509,2021-05-18,CAL,15332,7668,7664,11848,3416,68,ITF,ITF6,18,Calabria,Calabria,1947131,1007776,51.76,0.79
510,2021-01-07,CAL,2203,1077,1126,2199,0,4,ITF,ITF6,18,Calabria,Calabria,1947131,1009979,51.87,0.11
511,2021-06-13,CAL,6816,3350,3466,5717,1047,52,ITF,ITF6,18,Calabria,Calabria,1947131,1016795,52.22,0.35
512,2021-04-17,CAL,10831,5074,5757,9008,1778,45,ITF,ITF6,18,Calabria,Calabria,1947131,1027626,52.78,0.56
513,2021-05-01,CAL,16695,7953,8742,12375,4233,87,ITF,ITF6,18,Calabria,Calabria,1947131,1044321,53.63,0.86
514,2021-03-05,CAL,6236,3619,2617,5646,575,15,ITF,ITF6,18,Calabria,Calabria,1947131,1050557,53.95,0.32
515,2021-05-13,CAL,15947,7674,8273,11171,4710,66,ITF,ITF6,18,Calabria,Calabria,1947131,1066504,54.77,0.82
516,2021-02-19,CAL,1509,682,827,1239,261,9,ITF,ITF6,18,Calabria,Calabria,1947131,1068013,54.85,0.08
517,2021-05-30,CAL,10956,5267,5689,6769,4151,36,ITF,ITF6,18,Calabria,Calabria,1947131,1078969,55.41,0.56
518,2021-05-17,CAL,14916,7466,7450,10152,4714,50,ITF,ITF6,18,Calabria,Calabria,1947131,1093885,56.18,0.77
519,2021-02-21,CAL,624,295,329,546,77,1,ITF,ITF6,18,Calabria,Calabria,1947131,1094509,56.21,0.03
520,2021-04-28,CAL,12559,6090,6469,9624,2864,71,ITF,ITF6,18,Calabria,Calabria,1947131,1107068,56.86,0.65
521,2021-02-04,CAL,3609,1715,1894,647,2956,6,ITF,ITF6,18,Calabria,Calabria,1947131,1110677,57.04,0.19
522,2021-05-15,CAL,27243,13032,14211,20258,6854,131,ITF,ITF6,18,Calabria,Calabria,1947131,1137920,58.44,1.4
523,2021-02-02,CAL,2353,1153,1200,177,2176,0,ITF,ITF6,18,Calabria,Calabria,1947131,1140273,58.56,0.12
524,2021-01-16,CAL,2402,1126,1276,2399,0,3,ITF,ITF6,18,Calabria,Calabria,1947131,1142675,58.69,0.12
525,2021-07-14,CAL,6754,3078,3676,1058,5676,20,ITF,ITF6,18,Calabria,Calabria,1947131,1149429,59.03,0.35
526,2021-04-05,CAL,3643,1728,1915,2672,959,12,ITF,ITF6,18,Calabria,Calabria,1947131,1153072,59.22,0.19
527,2021-06-08,CAL,16672,7901,8771,14517,2036,119,ITF,ITF6,18,Calabria,Calabria,1947131,1169744,60.08,0.86
528,2021-03-17,CAL,4113,1829,2284,2182,1924,7,ITF,ITF6,18,Calabria,Calabria,1947131,1173857,60.29,0.21
529,2021-06-25,CAL,18792,8726,10066,8067,10648,77,ITF,ITF6,18,Calabria,Calabria,1947131,1192649,61.25,0.97
530,2021-01-05,CAL,1523,713,810,1521,0,2,ITF,ITF6,18,Calabria,Calabria,1947131,1194172,61.33,0.08
531,2021-01-12,CAL,2076,1027,1049,2067,0,9,ITF,ITF6,18,Calabria,Calabria,1947131,1196248,61.44,0.11
532,2021-02-24,CAL,1914,975,939,1430,478,6,ITF,ITF6,18,Calabria,Calabria,1947131,1198162,61.53,0.1
533,2021-03-22,CAL,4962,2329,2633,3172,1766,24,ITF,ITF6,18,Calabria,Calabria,1947131,1203124,61.79,0.25
534,2021-02-12,CAL,1710,668,1042,941,763,6,ITF,ITF6,18,Calabria,Calabria,1947131,1204834,61.88,0.09
535,2021-06-27,CAL,8413,3937,4476,4980,3397,36,ITF,ITF6,18,Calabria,Calabria,1947131,1213247,62.31,0.43
536,2021-01-24,CAL,45,18,27,39,6,0,ITF,ITF6,18,Calabria,Calabria,1947131,1213292,62.31,0.0
537,2021-07-09,CAL,15643,7296,8347,3628,11946,69,ITF,ITF6,18,Calabria,Calabria,1947131,1228935,63.12,0.8
538,2020-12-28,CAL,6,2,4,6,0,0,ITF,ITF6,18,Calabria,Calabria,1947131,1228941,63.12,0.0
539,2021-06-03,CAL,14223,6648,7575,9583,4585,55,ITF,ITF6,18,Calabria,Calabria,1947131,1243164,63.85,0.73
540,2021-04-07,CAL,7134,3246,3888,4075,3014,45,ITF,ITF6,18,Calabria,Calabria,1947131,1250298,64.21,0.37
541,2021-02-23,CAL,1595,754,841,1475,115,5,ITF,ITF6,18,Calabria,Calabria,1947131,1251893,64.29,0.08
542,2021-03-31,CAL,9103,4150,4953,5029,4040,34,ITF,ITF6,18,Calabria,Calabria,1947131,1260996,64.76,0.47
543,2021-04-09,CAL,7951,3729,4222,4983,2888,80,ITF,ITF6,18,Calabria,Calabria,1947131,1268947,65.17,0.41
544,2021-03-12,CAL,5152,2468,2684,4079,1055,18,ITF,ITF6,18,Calabria,Calabria,1947131,1274099,65.43,0.26
545,2021-01-14,CAL,2646,1256,1390,2640,0,6,ITF,ITF6,18,Calabria,Calabria,1947131,1276745,65.57,0.14
546,2021-01-21,CAL,966,450,516,932,31,3,ITF,ITF6,18,Calabria,Calabria,1947131,1277711,65.62,0.05
547,2021-03-03,CAL,5058,2763,2295,3965,1080,13,ITF,ITF6,18,Calabria,Calabria,1947131,1282769,65.88,0.26
548,2021-06-29,CAL,13016,6011,7005,5330,7636,50,ITF,ITF6,18,Calabria,Calabria,1947131,1295785,66.55,0.67
549,2021-05-03,CAL,14774,6773,8001,10463,4224,87,ITF,ITF6,18,Calabria,Calabria,1947131,1310559,67.31,0.76
550,2021-03-21,CAL,4452,1922,2530,2726,1716,10,ITF,ITF6,18,Calabria,Calabria,1947131,1315011,67.54,0.23
551,2021-07-13,CAL,17400,8148,9252,2317,15017,66,ITF,ITF6,18,Calabria,Calabria,1947131,1332411,68.43,0.89
552,2021-04-19,CAL,7873,3798,4075,6154,1674,45,ITF,ITF6,18,Calabria,Calabria,1947131,1340284,68.83,0.4
553,2021-01-09,CAL,1977,1064,913,1969,0,8,ITF,ITF6,18,Calabria,Calabria,1947131,1342261,68.94,0.1
554,2021-02-28,CAL,2339,1062,1277,2182,154,3,ITF,ITF6,18,Calabria,Calabria,1947131,1344600,69.06,0.12
555,2021-02-09,CAL,2158,912,1246,946,1203,9,ITF,ITF6,18,Calabria,Calabria,1947131,1346758,69.17,0.11
556,2021-05-29,CAL,19272,8951,10321,9343,9853,76,ITF,ITF6,18,Calabria,Calabria,1947131,1366030,70.16,0.99
557,2021-04-14,CAL,8074,3897,4177,6585,1444,45,ITF,ITF6,18,Calabria,Calabria,1947131,1374104,70.57,0.41
558,2021-02-16,CAL,1742,738,1004,1458,279,5,ITF,ITF6,18,Calabria,Calabria,1947131,1375846,70.66,0.09
559,2021-05-27,CAL,17653,8727,8926,9768,7803,82,ITF,ITF6,18,Calabria,Calabria,1947131,1393499,71.57,0.91
560,2021-04-03,CAL,9409,4070,5339,4506,4845,58,ITF,ITF6,18,Calabria,Calabria,1947131,1402908,72.05,0.48
561,2021-01-28,CAL,2267,1126,1141,82,2185,0,ITF,ITF6,18,Calabria,Calabria,1947131,1405175,72.17,0.12
562,2021-05-08,CAL,18462,8390,10072,10543,7855,64,ITF,ITF6,18,Calabria,Calabria,1947131,1423637,73.11,0.95
563,2021-05-22,CAL,22179,10553,11626,14234,7855,90,ITF,ITF6,18,Calabria,Calabria,1947131,1445816,74.25,1.14
564,2021-04-21,CAL,11552,5803,5749,8604,2897,51,ITF,ITF6,18,Calabria,Calabria,1947131,1457368,74.85,0.59
565,2021-04-02,CAL,8528,3905,4623,4579,3917,32,ITF,ITF6,18,Calabria,Calabria,1947131,1465896,75.28,0.44
566,2021-06-24,CAL,15280,6964,8316,6882,8324,74,ITF,ITF6,18,Calabria,Calabria,1947131,1481176,76.07,0.78
567,2021-03-19,CAL,4187,1955,2232,1887,2293,7,ITF,ITF6,18,Calabria,Calabria,1947131,1485363,76.28,0.22
568,2021-07-11,CAL,6424,2979,3445,845,5569,10,ITF,ITF6,18,Calabria,Calabria,1947131,1491787,76.61,0.33
569,2021-06-10,CAL,15885,7327,8558,12976,2816,93,ITF,ITF6,18,Calabria,Calabria,1947131,1507672,77.43,0.82
570,2021-06-05,CAL,20678,9684,10994,17610,2989,79,ITF,ITF6,18,Calabria,Calabria,1947131,1528350,78.49,1.06
571,2021-03-07,CAL,3396,1732,1664,3291,92,13,ITF,ITF6,18,Calabria,Calabria,1947131,1531746,78.67,0.17
572,2021-06-15,CAL,9833,4554,5279,6435,3344,54,ITF,ITF6,18,Calabria,Calabria,1947131,1541579,79.17,0.5
573,2021-03-14,CAL,2716,1056,1660,2281,429,6,ITF,ITF6,18,Calabria,Calabria,1947131,1544295,79.31,0.14
574,2021-06-22,CAL,14568,6891,7677,7351,7125,92,ITF,ITF6,18,Calabria,Calabria,1947131,1558863,80.06,0.75
575,2021-05-10,CAL,13161,6123,7038,7708,5399,54,ITF,ITF6,18,Calabria,Calabria,1947131,1572024,80.74,0.68
576,2021-04-26,CAL,10184,5058,5126,7724,2416,44,ITF,ITF6,18,Calabria,Calabria,1947131,1582208,81.26,0.52
577,2021-02-22,CAL,2055,1043,1012,1488,558,9,ITF,ITF6,18,Calabria,Calabria,1947131,1584263,81.36,0.11
578,2021-06-02,CAL,12097,5802,6295,8785,3265,47,ITF,ITF6,18,Calabria,Calabria,1947131,1596360,81.99,0.62
579,2021-05-16,CAL,13783,6724,7059,9919,3812,52,ITF,ITF6,18,Calabria,Calabria,1947131,1610143,82.69,0.71
580,2021-01-17,CAL,897,431,466,797,95,5,ITF,ITF6,18,Calabria,Calabria,1947131,1611040,82.74,0.05
581,2021-03-24,CAL,7820,3577,4243,4514,3284,22,ITF,ITF6,18,Calabria,Calabria,1947131,1618860,83.14,0.4
582,2021-04-10,CAL,11645,5269,6376,6747,4855,43,ITF,ITF6,18,Calabria,Calabria,1947131,1630505,83.74,0.6
583,2021-02-05,CAL,3822,1722,2100,474,3333,15,ITF,ITF6,18,Calabria,Calabria,1947131,1634327,83.94,0.2
584,2021-04-29,CAL,12461,6054,6407,8658,3752,51,ITF,ITF6,18,Calabria,Calabria,1947131,1646788,84.58,0.64
585,2021-04-12,CAL,7033,3423,3610,5366,1645,22,ITF,ITF6,18,Calabria,Calabria,1947131,1653821,84.94,0.36
586,2021-01-19,CAL,1119,493,626,1105,12,2,ITF,ITF6,18,Calabria,Calabria,1947131,1654940,84.99,0.06
587,2021-07-04,CAL,5934,2812,3122,1980,3919,35,ITF,ITF6,18,Calabria,Calabria,1947131,1660874,85.3,0.3
588,2021-06-17,CAL,15764,7202,8562,9589,6124,51,ITF,ITF6,18,Calabria,Calabria,1947131,1676638,86.11,0.81
589,2021-03-26,CAL,8087,3837,4250,4937,3122,28,ITF,ITF6,18,Calabria,Calabria,1947131,1684725,86.52,0.42
590,2021-07-06,CAL,11819,5453,6366,3617,8144,58,ITF,ITF6,18,Calabria,Calabria,1947131,1696544,87.13,0.61
591,2021-01-02,CAL,166,94,72,166,0,0,ITF,ITF6,18,Calabria,Calabria,1947131,1696710,87.14,0.01
592,2021-04-08,BAS,767,352,415,742,10,15,ITF,ITF5,17,Basilicata,Basilicata,559084,767,0.14,0.14
593,2021-04-22,BAS,5044,2349,2695,3379,1610,55,ITF,ITF5,17,Basilicata,Basilicata,559084,5811,1.04,0.9
594,2021-06-30,BAS,3489,1690,1799,2315,1148,26,ITF,ITF5,17,Basilicata,Basilicata,559084,9300,1.66,0.62
595,2021-02-17,BAS,1135,493,642,1057,76,2,ITF,ITF5,17,Basilicata,Basilicata,559084,10435,1.87,0.2
596,2021-05-28,BAS,3615,1810,1805,919,2663,33,ITF,ITF5,17,Basilicata,Basilicata,559084,14050,2.51,0.65
597,2021-06-04,BAS,4831,2288,2543,3749,1046,36,ITF,ITF5,17,Basilicata,Basilicata,559084,18881,3.38,0.86
598,2021-02-24,BAS,1807,743,1064,1723,73,11,ITF,ITF5,17,Basilicata,Basilicata,559084,20688,3.7,0.32
599,2021-02-22,BAS,1791,773,1018,1730,53,8,ITF,ITF5,17,Basilicata,Basilicata,559084,22479,4.02,0.32
600,2021-03-25,BAS,1884,604,1280,1519,344,21,ITF,ITF5,17,Basilicata,Basilicata,559084,24363,4.36,0.34
601,2021-01-27,BAS,413,175,238,113,300,0,ITF,ITF5,17,Basilicata,Basilicata,559084,24776,4.43,0.07
602,2021-02-10,BAS,549,238,311,495,52,2,ITF,ITF5,17,Basilicata,Basilicata,559084,25325,4.53,0.1
603,2021-05-21,BAS,4577,2321,2256,1480,3085,12,ITF,ITF5,17,Basilicata,Basilicata,559084,29902,5.35,0.82
604,2021-04-01,BAS,2722,1115,1607,1971,723,28,ITF,ITF5,17,Basilicata,Basilicata,559084,32624,5.84,0.49
605,2021-02-03,BAS,670,301,369,32,638,0,ITF,ITF5,17,Basilicata,Basilicata,559084,33294,5.96,0.12
606,2021-05-04,BAS,4138,1991,2147,3566,523,49,ITF,ITF5,17,Basilicata,Basilicata,559084,37432,6.7,0.74
607,2021-03-08,BAS,1463,715,748,818,615,30,ITF,ITF5,17,Basilicata,Basilicata,559084,38895,6.96,0.26
608,2021-06-16,BAS,4598,2083,2515,2122,2456,20,ITF,ITF5,17,Basilicata,Basilicata,559084,43493,7.78,0.82
609,2021-01-10,BAS,77,24,53,77,0,0,ITF,ITF5,17,Basilicata,Basilicata,559084,43570,7.79,0.01
610,2021-04-20,BAS,4067,1935,2132,2180,1863,24,ITF,ITF5,17,Basilicata,Basilicata,559084,47637,8.52,0.73
611,2021-01-08,BAS,554,219,335,554,0,0,ITF,ITF5,17,Basilicata,Basilicata,559084,48191,8.62,0.1
612,2021-03-15,BAS,2362,987,1375,508,1838,16,ITF,ITF5,17,Basilicata,Basilicata,559084,50553,9.04,0.42
613,2021-01-17,BAS,329,133,196,328,1,0,ITF,ITF5,17,Basilicata,Basilicata,559084,50882,9.1,0.06
614,2021-01-22,BAS,67,24,43,67,0,0,ITF,ITF5,17,Basilicata,Basilicata,559084,50949,9.11,0.01
615,2021-05-02,BAS,4180,2001,2179,3491,629,60,ITF,ITF5,17,Basilicata,Basilicata,559084,55129,9.86,0.75
616,2021-04-15,BAS,3386,1659,1727,2589,754,43,ITF,ITF5,17,Basilicata,Basilicata,559084,58515,10.47,0.61
617,2021-01-15,BAS,817,352,465,817,0,0,ITF,ITF5,17,Basilicata,Basilicata,559084,59332,10.61,0.15
618,2020-12-27,BAS,106,41,65,106,0,0,ITF,ITF5,17,Basilicata,Basilicata,559084,59438,10.63,0.02
619,2021-03-20,BAS,1294,573,721,274,1013,7,ITF,ITF5,17,Basilicata,Basilicata,559084,60732,10.86,0.23
620,2021-06-28,BAS,3640,1745,1895,2113,1509,18,ITF,ITF5,17,Basilicata,Basilicata,559084,64372,11.51,0.65
621,2021-03-06,BAS,1362,538,824,750,600,12,ITF,ITF5,17,Basilicata,Basilicata,559084,65734,11.76,0.24
622,2021-05-30,BAS,2776,1420,1356,919,1852,5,ITF,ITF5,17,Basilicata,Basilicata,559084,68510,12.25,0.5
623,2021-04-03,BAS,1808,749,1059,1460,336,12,ITF,ITF5,17,Basilicata,Basilicata,559084,70318,12.58,0.32
624,2021-02-05,BAS,990,445,545,63,926,1,ITF,ITF5,17,Basilicata,Basilicata,559084,71308,12.75,0.18
625,2021-07-12,BAS,5443,2594,2849,1606,3811,26,ITF,ITF5,17,Basilicata,Basilicata,559084,76751,13.73,0.97
626,2021-06-11,BAS,4237,1982,2255,3168,1028,41,ITF,ITF5,17,Basilicata,Basilicata,559084,80988,14.49,0.76
627,2021-05-11,BAS,2655,1353,1302,1598,1033,24,ITF,ITF5,17,Basilicata,Basilicata,559084,83643,14.96,0.47
628,2021-07-14,BAS,2982,1424,1558,862,2104,16,ITF,ITF5,17,Basilicata,Basilicata,559084,86625,15.49,0.53
629,2021-04-05,BAS,724,233,491,412,302,10,ITF,ITF5,17,Basilicata,Basilicata,559084,87349,15.62,0.13
630,2021-06-23,BAS,3318,1563,1755,2410,876,32,ITF,ITF5,17,Basilicata,Basilicata,559084,90667,16.22,0.59
631,2021-03-13,BAS,1799,890,909,735,1045,19,ITF,ITF5,17,Basilicata,Basilicata,559084,92466,16.54,0.32
632,2021-02-07,BAS,377,159,218,49,328,0,ITF,ITF5,17,Basilicata,Basilicata,559084,92843,16.61,0.07
633,2021-05-18,BAS,5897,2857,3040,3385,2492,20,ITF,ITF5,17,Basilicata,Basilicata,559084,98740,17.66,1.05
634,2021-05-01,BAS,4706,2138,2568,3887,752,67,ITF,ITF5,17,Basilicata,Basilicata,559084,103446,18.5,0.84
635,2021-06-01,BAS,6136,2926,3210,3033,3076,27,ITF,ITF5,17,Basilicata,Basilicata,559084,109582,19.6,1.1
636,2021-06-08,BAS,4586,2194,2392,4190,358,38,ITF,ITF5,17,Basilicata,Basilicata,559084,114168,20.42,0.82
637,2021-06-09,BAS,4427,2073,2354,3971,424,32,ITF,ITF5,17,Basilicata,Basilicata,559084,118595,21.21,0.79
638,2021-04-13,BAS,2119,1053,1066,1285,817,17,ITF,ITF5,17,Basilicata,Basilicata,559084,120714,21.59,0.38
639,2021-03-01,BAS,550,286,264,383,167,0,ITF,ITF5,17,Basilicata,Basilicata,559084,121264,21.69,0.1
640,2021-06-18,BAS,4463,2065,2398,2179,2258,26,ITF,ITF5,17,Basilicata,Basilicata,559084,125727,22.49,0.8
641,2021-01-24,BAS,842,305,537,57,784,1,ITF,ITF5,17,Basilicata,Basilicata,559084,126569,22.64,0.15
642,2021-05-13,BAS,5985,2967,3018,3299,2596,90,ITF,ITF5,17,Basilicata,Basilicata,559084,132554,23.71,1.07
643,2021-07-07,BAS,5209,2474,2735,2022,3175,12,ITF,ITF5,17,Basilicata,Basilicata,559084,137763,24.64,0.93
644,2021-01-03,BAS,901,344,557,901,0,0,ITF,ITF5,17,Basilicata,Basilicata,559084,138664,24.8,0.16
645,2021-04-27,BAS,4728,2243,2485,4351,326,51,ITF,ITF5,17,Basilicata,Basilicata,559084,143392,25.65,0.85
646,2021-06-27,BAS,3007,1477,1530,2378,615,14,ITF,ITF5,17,Basilicata,Basilicata,559084,146399,26.19,0.54
647,2021-05-09,BAS,4683,2339,2344,2940,1694,49,ITF,ITF5,17,Basilicata,Basilicata,559084,151082,27.02,0.84
648,2021-02-15,BAS,622,232,390,566,42,14,ITF,ITF5,17,Basilicata,Basilicata,559084,151704,27.13,0.11
649,2021-01-29,BAS,617,231,386,63,554,0,ITF,ITF5,17,Basilicata,Basilicata,559084,152321,27.24,0.11
650,2021-03-05,BAS,1857,858,999,1096,748,13,ITF,ITF5,17,Basilicata,Basilicata,559084,154178,27.58,0.33
651,2021-06-13,BAS,3015,1440,1575,2679,308,28,ITF,ITF5,17,Basilicata,Basilicata,559084,157193,28.12,0.54
652,2021-05-27,BAS,3607,1859,1748,1064,2529,14,ITF,ITF5,17,Basilicata,Basilicata,559084,160800,28.76,0.65
653,2021-05-16,BAS,4972,2468,2504,2811,2113,48,ITF,ITF5,17,Basilicata,Basilicata,559084,165772,29.65,0.89
654,2021-05-23,BAS,4518,2302,2216,1527,2984,7,ITF,ITF5,17,Basilicata,Basilicata,559084,170290,30.46,0.81
655,2021-03-27,BAS,2253,864,1389,1808,431,14,ITF,ITF5,17,Basilicata,Basilicata,559084,172543,30.86,0.4
656,2021-07-05,BAS,3269,1614,1655,2214,1022,33,ITF,ITF5,17,Basilicata,Basilicata,559084,175812,31.45,0.58
657,2021-03-22,BAS,1190,537,653,634,548,8,ITF,ITF5,17,Basilicata,Basilicata,559084,177002,31.66,0.21
658,2021-03-03,BAS,1748,818,930,1167,559,22,ITF,ITF5,17,Basilicata,Basilicata,559084,178750,31.97,0.31
659,2021-05-25,BAS,4197,2112,2085,865,3322,10,ITF,ITF5,17,Basilicata,Basilicata,559084,182947,32.72,0.75
660,2021-02-14,BAS,151,48,103,105,0,46,ITF,ITF5,17,Basilicata,Basilicata,559084,183098,32.75,0.03
661,2021-01-31,BAS,77,24,53,0,77,0,ITF,ITF5,17,Basilicata,Basilicata,559084,183175,32.76,0.01
662,2021-01-12,BAS,217,88,129,217,0,0,ITF,ITF5,17,Basilicata,Basilicata,559084,183392,32.8,0.04
663,2021-02-26,BAS,2151,904,1247,2064,81,6,ITF,ITF5,17,Basilicata,Basilicata,559084,185543,33.19,0.38
664,2021-05-20,BAS,5878,2977,2901,2883,2967,28,ITF,ITF5,17,Basilicata,Basilicata,559084,191421,34.24,1.05
665,2021-06-06,BAS,4513,2074,2439,3696,779,38,ITF,ITF5,17,Basilicata,Basilicata,559084,195934,35.05,0.81
666,2021-04-12,BAS,2172,1053,1119,1654,489,29,ITF,ITF5,17,Basilicata,Basilicata,559084,198106,35.43,0.39
667,2021-04-19,BAS,4166,1913,2253,2398,1638,130,ITF,ITF5,17,Basilicata,Basilicata,559084,202272,36.18,0.75
668,2021-06-15,BAS,3219,1415,1804,2224,975,20,ITF,ITF5,17,Basilicata,Basilicata,559084,205491,36.75,0.58
669,2021-04-29,BAS,4832,2385,2447,4339,421,72,ITF,ITF5,17,Basilicata,Basilicata,559084,210323,37.62,0.86
670,2021-03-17,BAS,1456,611,845,24,1428,4,ITF,ITF5,17,Basilicata,Basilicata,559084,211779,37.88,0.26
671,2021-01-19,BAS,199,84,115,199,0,0,ITF,ITF5,17,Basilicata,Basilicata,559084,211978,37.92,0.04
672,2021-06-25,BAS,3317,1572,1745,2453,831,33,ITF,ITF5,17,Basilicata,Basilicata,559084,215295,38.51,0.59
673,2021-07-04,BAS,3109,1562,1547,2163,921,25,ITF,ITF5,17,Basilicata,Basilicata,559084,218404,39.06,0.56
674,2021-03-24,BAS,1898,724,1174,1478,398,22,ITF,ITF5,17,Basilicata,Basilicata,559084,220302,39.4,0.34
675,2021-07-02,BAS,3690,1838,1852,2485,1176,29,ITF,ITF5,17,Basilicata,Basilicata,559084,223992,40.06,0.66
676,2021-05-08,BAS,4835,2400,2435,3385,1408,42,ITF,ITF5,17,Basilicata,Basilicata,559084,228827,40.93,0.86
677,2021-03-10,BAS,1681,843,838,833,839,9,ITF,ITF5,17,Basilicata,Basilicata,559084,230508,41.23,0.3
678,2021-01-26,BAS,802,354,448,101,701,0,ITF,ITF5,17,Basilicata,Basilicata,559084,231310,41.37,0.14
679,2021-05-06,BAS,5067,2439,2628,3432,1584,51,ITF,ITF5,17,Basilicata,Basilicata,559084,236377,42.28,0.91
680,2021-01-07,BAS,641,319,322,641,0,0,ITF,ITF5,17,Basilicata,Basilicata,559084,237018,42.39,0.11
681,2021-02-19,BAS,1623,738,885,1556,62,5,ITF,ITF5,17,Basilicata,Basilicata,559084,238641,42.68,0.29
682,2021-02-12,BAS,776,332,444,744,31,1,ITF,ITF5,17,Basilicata,Basilicata,559084,239417,42.82,0.14
683,2021-04-24,BAS,4543,2197,2346,3475,1013,55,ITF,ITF5,17,Basilicata,Basilicata,559084,243960,43.64,0.81
684,2021-04-10,BAS,1033,378,655,924,83,26,ITF,ITF5,17,Basilicata,Basilicata,559084,244993,43.82,0.18
685,2021-06-24,BAS,4141,1959,2182,2201,1903,37,ITF,ITF5,17,Basilicata,Basilicata,559084,249134,44.56,0.74
686,2021-04-28,BAS,4706,2158,2548,4206,441,59,ITF,ITF5,17,Basilicata,Basilicata,559084,253840,45.4,0.84
687,2021-03-02,BAS,799,386,413,658,136,5,ITF,ITF5,17,Basilicata,Basilicata,559084,254639,45.55,0.14
688,2021-06-10,BAS,4346,2102,2244,3870,441,35,ITF,ITF5,17,Basilicata,Basilicata,559084,258985,46.32,0.78
689,2021-05-10,BAS,4804,2382,2422,2718,2042,44,ITF,ITF5,17,Basilicata,Basilicata,559084,263789,47.18,0.86
690,2021-04-14,BAS,2042,1000,1042,1352,674,16,ITF,ITF5,17,Basilicata,Basilicata,559084,265831,47.55,0.37
691,2021-01-21,BAS,30,10,20,30,0,0,ITF,ITF5,17,Basilicata,Basilicata,559084,265861,47.55,0.01
692,2021-01-04,BAS,608,271,337,608,0,0,ITF,ITF5,17,Basilicata,Basilicata,559084,266469,47.66,0.11
693,2021-07-06,BAS,4072,1942,2130,2033,2005,34,ITF,ITF5,17,Basilicata,Basilicata,559084,270541,48.39,0.73
694,2021-02-11,BAS,952,401,551,867,83,2,ITF,ITF5,17,Basilicata,Basilicata,559084,271493,48.56,0.17
695,2021-05-22,BAS,5489,2723,2766,1927,3551,11,ITF,ITF5,17,Basilicata,Basilicata,559084,276982,49.54,0.98
696,2021-03-26,BAS,1955,703,1252,1669,260,26,ITF,ITF5,17,Basilicata,Basilicata,559084,278937,49.89,0.35
697,2021-05-15,BAS,6529,3344,3185,3875,2571,83,ITF,ITF5,17,Basilicata,Basilicata,559084,285466,51.06,1.17
698,2021-04-02,BAS,2340,1056,1284,1714,605,21,ITF,ITF5,17,Basilicata,Basilicata,559084,287806,51.48,0.42
699,2021-02-04,BAS,1099,443,656,63,1036,0,ITF,ITF5,17,Basilicata,Basilicata,559084,288905,51.67,0.2
700,2021-07-11,BAS,5032,2405,2627,1510,3497,25,ITF,ITF5,17,Basilicata,Basilicata,559084,293937,52.57,0.9
701,2021-02-02,BAS,367,143,224,174,192,1,ITF,ITF5,17,Basilicata,Basilicata,559084,294304,52.64,0.07
702,2021-04-09,BAS,1151,350,801,1064,63,24,ITF,ITF5,17,Basilicata,Basilicata,559084,295455,52.85,0.21
703,2021-06-17,BAS,4441,2045,2396,2089,2328,24,ITF,ITF5,17,Basilicata,Basilicata,559084,299896,53.64,0.79
704,2021-04-21,BAS,3927,1835,2092,2243,1655,29,ITF,ITF5,17,Basilicata,Basilicata,559084,303823,54.34,0.7
705,2021-01-18,BAS,463,157,306,364,99,0,ITF,ITF5,17,Basilicata,Basilicata,559084,304286,54.43,0.08
706,2021-01-23,BAS,724,308,416,33,691,0,ITF,ITF5,17,Basilicata,Basilicata,559084,305010,54.56,0.13
707,2021-05-03,BAS,4510,2042,2468,3621,827,62,ITF,ITF5,17,Basilicata,Basilicata,559084,309520,55.36,0.81
708,2021-02-09,BAS,491,213,278,316,175,0,ITF,ITF5,17,Basilicata,Basilicata,559084,310011,55.45,0.09
709,2021-06-21,BAS,4253,2042,2211,2142,2092,19,ITF,ITF5,17,Basilicata,Basilicata,559084,314264,56.21,0.76
710,2021-06-19,BAS,4465,2178,2287,2370,2073,22,ITF,ITF5,17,Basilicata,Basilicata,559084,318729,57.01,0.8
711,2021-03-28,BAS,2143,743,1400,2109,17,17,ITF,ITF5,17,Basilicata,Basilicata,559084,320872,57.39,0.38
712,2021-03-11,BAS,1794,928,866,817,959,18,ITF,ITF5,17,Basilicata,Basilicata,559084,322666,57.71,0.32
713,2021-03-30,BAS,2775,1169,1606,2414,346,15,ITF,ITF5,17,Basilicata,Basilicata,559084,325441,58.21,0.5
714,2021-06-29,BAS,3879,1891,1988,2813,1040,26,ITF,ITF5,17,Basilicata,Basilicata,559084,329320,58.9,0.69
715,2021-03-21,BAS,1090,503,587,392,696,2,ITF,ITF5,17,Basilicata,Basilicata,559084,330410,59.1,0.19
716,2021-05-29,BAS,3060,1534,1526,826,2225,9,ITF,ITF5,17,Basilicata,Basilicata,559084,333470,59.65,0.55
717,2021-02-28,BAS,810,346,464,771,35,4,ITF,ITF5,17,Basilicata,Basilicata,559084,334280,59.79,0.14
718,2021-01-02,BAS,950,381,569,949,0,1,ITF,ITF5,17,Basilicata,Basilicata,559084,335230,59.96,0.17
719,2021-01-16,BAS,722,304,418,722,0,0,ITF,ITF5,17,Basilicata,Basilicata,559084,335952,60.09,0.13
720,2021-04-26,BAS,4469,2167,2302,4202,221,46,ITF,ITF5,17,Basilicata,Basilicata,559084,340421,60.89,0.8
721,2021-07-13,BAS,5865,2827,3038,1776,4041,48,ITF,ITF5,17,Basilicata,Basilicata,559084,346286,61.94,1.05
722,2021-02-27,BAS,1993,861,1132,1812,164,17,ITF,ITF5,17,Basilicata,Basilicata,559084,348279,62.29,0.36
723,2021-06-07,BAS,4240,1922,2318,3886,315,39,ITF,ITF5,17,Basilicata,Basilicata,559084,352519,63.05,0.76
724,2021-04-11,BAS,880,344,536,757,94,29,ITF,ITF5,17,Basilicata,Basilicata,559084,353399,63.21,0.16
725,2021-03-19,BAS,2296,995,1301,259,2030,7,ITF,ITF5,17,Basilicata,Basilicata,559084,355695,63.62,0.41
726,2021-02-16,BAS,907,377,530,790,98,19,ITF,ITF5,17,Basilicata,Basilicata,559084,356602,63.78,0.16
727,2021-01-28,BAS,907,402,505,119,788,0,ITF,ITF5,17,Basilicata,Basilicata,559084,357509,63.95,0.16
728,2021-02-13,BAS,800,314,486,701,61,38,ITF,ITF5,17,Basilicata,Basilicata,559084,358309,64.09,0.14
729,2021-05-24,BAS,4834,2343,2491,1090,3731,13,ITF,ITF5,17,Basilicata,Basilicata,559084,363143,64.95,0.86
730,2021-06-02,BAS,5959,2804,3155,4375,1543,41,ITF,ITF5,17,Basilicata,Basilicata,559084,369102,66.02,1.07
731,2021-04-18,BAS,3717,1843,1874,2329,1366,22,ITF,ITF5,17,Basilicata,Basilicata,559084,372819,66.68,0.66
732,2021-02-20,BAS,1163,532,631,1044,119,0,ITF,ITF5,17,Basilicata,Basilicata,559084,373982,66.89,0.21
733,2021-05-31,BAS,4229,2009,2220,1713,2508,8,ITF,ITF5,17,Basilicata,Basilicata,559084,378211,67.65,0.76
734,2021-02-18,BAS,1070,401,669,852,215,3,ITF,ITF5,17,Basilicata,Basilicata,559084,379281,67.84,0.19
735,2021-03-16,BAS,1909,803,1106,226,1680,3,ITF,ITF5,17,Basilicata,Basilicata,559084,381190,68.18,0.34
736,2021-05-05,BAS,4334,2048,2286,3378,890,66,ITF,ITF5,17,Basilicata,Basilicata,559084,385524,68.96,0.78
737,2021-03-09,BAS,1405,717,688,779,608,18,ITF,ITF5,17,Basilicata,Basilicata,559084,386929,69.21,0.25
738,2021-01-25,BAS,1027,430,597,73,953,1,ITF,ITF5,17,Basilicata,Basilicata,559084,387956,69.39,0.18
739,2021-01-11,BAS,183,66,117,183,0,0,ITF,ITF5,17,Basilicata,Basilicata,559084,388139,69.42,0.03
740,2021-02-21,BAS,284,113,171,284,0,0,ITF,ITF5,17,Basilicata,Basilicata,559084,388423,69.47,0.05
741,2021-03-07,BAS,889,309,580,841,38,10,ITF,ITF5,17,Basilicata,Basilicata,559084,389312,69.63,0.16
742,2021-01-09,BAS,557,160,397,557,0,0,ITF,ITF5,17,Basilicata,Basilicata,559084,389869,69.73,0.1
743,2021-07-03,BAS,3945,2102,1843,2757,1145,43,ITF,ITF5,17,Basilicata,Basilicata,559084,393814,70.44,0.71
744,2021-05-07,BAS,4649,2284,2365,3271,1354,24,ITF,ITF5,17,Basilicata,Basilicata,559084,398463,71.27,0.83
745,2021-01-13,BAS,916,387,529,916,0,0,ITF,ITF5,17,Basilicata,Basilicata,559084,399379,71.43,0.16
746,2021-04-23,BAS,4537,2186,2351,3481,997,59,ITF,ITF5,17,Basilicata,Basilicata,559084,403916,72.25,0.81
747,2021-01-30,BAS,706,229,477,129,577,0,ITF,ITF5,17,Basilicata,Basilicata,559084,404622,72.37,0.13
748,2021-03-04,BAS,1886,893,993,1064,799,23,ITF,ITF5,17,Basilicata,Basilicata,559084,406508,72.71,0.34
749,2021-06-12,BAS,3672,1687,1985,2957,676,39,ITF,ITF5,17,Basilicata,Basilicata,559084,410180,73.37,0.66
750,2021-04-04,BAS,610,225,385,191,413,6,ITF,ITF5,17,Basilicata,Basilicata,559084,410790,73.48,0.11
751,2021-01-14,BAS,969,413,556,969,0,0,ITF,ITF5,17,Basilicata,Basilicata,559084,411759,73.65,0.17
752,2021-04-07,BAS,1213,552,661,1157,36,20,ITF,ITF5,17,Basilicata,Basilicata,559084,412972,73.87,0.22
753,2021-04-25,BAS,2989,1457,1532,2905,52,32,ITF,ITF5,17,Basilicata,Basilicata,559084,415961,74.4,0.53
754,2021-05-12,BAS,4724,2327,2397,2794,1882,48,ITF,ITF5,17,Basilicata,Basilicata,559084,420685,75.25,0.84
755,2021-04-06,BAS,1274,465,809,1075,184,15,ITF,ITF5,17,Basilicata,Basilicata,559084,421959,75.47,0.23
756,2021-06-14,BAS,4825,2156,2669,2092,2709,24,ITF,ITF5,17,Basilicata,Basilicata,559084,426784,76.34,0.86
757,2021-03-23,BAS,1592,611,981,1407,168,17,ITF,ITF5,17,Basilicata,Basilicata,559084,428376,76.62,0.28
758,2021-07-01,BAS,3706,1855,1851,2563,1110,33,ITF,ITF5,17,Basilicata,Basilicata,559084,432082,77.28,0.66
759,2021-07-08,BAS,5137,2429,2708,1854,3259,24,ITF,ITF5,17,Basilicata,Basilicata,559084,437219,78.2,0.92
760,2021-01-06,BAS,294,129,165,294,0,0,ITF,ITF5,17,Basilicata,Basilicata,559084,437513,78.26,0.05
761,2021-04-16,BAS,3321,1634,1687,2400,898,23,ITF,ITF5,17,Basilicata,Basilicata,559084,440834,78.85,0.59
762,2021-07-10,BAS,5576,2692,2884,1598,3969,9,ITF,ITF5,17,Basilicata,Basilicata,559084,446410,79.85,1.0
763,2021-05-14,BAS,5907,2799,3108,3273,2531,103,ITF,ITF5,17,Basilicata,Basilicata,559084,452317,80.9,1.06
764,2021-03-18,BAS,1353,565,788,17,1327,9,ITF,ITF5,17,Basilicata,Basilicata,559084,453670,81.15,0.24
765,2021-06-26,BAS,3328,1612,1716,2742,558,28,ITF,ITF5,17,Basilicata,Basilicata,559084,456998,81.74,0.6
766,2021-02-01,BAS,243,91,152,46,197,0,ITF,ITF5,17,Basilicata,Basilicata,559084,457241,81.78,0.04
767,2021-05-26,BAS,4488,2259,2229,1677,2782,29,ITF,ITF5,17,Basilicata,Basilicata,559084,461729,82.59,0.8
768,2021-07-09,BAS,5398,2636,2762,1703,3686,9,ITF,ITF5,17,Basilicata,Basilicata,559084,467127,83.55,0.97
769,2021-04-17,BAS,3461,1655,1806,2171,1262,28,ITF,ITF5,17,Basilicata,Basilicata,559084,470588,84.17,0.62
770,2021-03-29,BAS,2470,892,1578,2132,287,51,ITF,ITF5,17,Basilicata,Basilicata,559084,473058,84.61,0.44
771,2021-01-05,BAS,946,409,537,946,0,0,ITF,ITF5,17,Basilicata,Basilicata,559084,474004,84.78,0.17
772,2021-06-20,BAS,4011,1884,2127,1941,2036,34,ITF,ITF5,17,Basilicata,Basilicata,559084,478015,85.5,0.72
773,2021-03-14,BAS,1010,477,533,529,469,12,ITF,ITF5,17,Basilicata,Basilicata,559084,479025,85.68,0.18
774,2021-03-31,BAS,3100,1261,1839,2288,782,30,ITF,ITF5,17,Basilicata,Basilicata,559084,482125,86.23,0.55
775,2021-06-22,BAS,4371,2071,2300,2237,2102,32,ITF,ITF5,17,Basilicata,Basilicata,559084,486496,87.02,0.78
776,2021-06-05,BAS,4799,2209,2590,3823,941,35,ITF,ITF5,17,Basilicata,Basilicata,559084,491295,87.87,0.86
777,2021-02-23,BAS,1902,771,1131,1746,139,17,ITF,ITF5,17,Basilicata,Basilicata,559084,493197,88.22,0.34
778,2021-06-03,BAS,4924,2260,2664,3706,1180,38,ITF,ITF5,17,Basilicata,Basilicata,559084,498121,89.1,0.88
779,2021-03-12,BAS,1908,981,927,780,1102,26,ITF,ITF5,17,Basilicata,Basilicata,559084,500029,89.44,0.34
780,2021-05-17,BAS,5542,2734,2808,3360,2133,49,ITF,ITF5,17,Basilicata,Basilicata,559084,505571,90.43,0.99
781,2021-02-08,BAS,558,193,365,151,407,0,ITF,ITF5,17,Basilicata,Basilicata,559084,506129,90.53,0.1
782,2021-05-19,BAS,2872,1499,1373,1183,1676,13,ITF,ITF5,17,Basilicata,Basilicata,559084,509001,91.04,0.51
783,2021-02-25,BAS,1789,738,1051,1732,46,11,ITF,ITF5,17,Basilicata,Basilicata,559084,510790,91.36,0.32
784,2021-02-06,BAS,907,370,537,146,761,0,ITF,ITF5,17,Basilicata,Basilicata,559084,511697,91.52,0.16
785,2021-04-30,BAS,5285,2375,2910,4066,1162,57,ITF,ITF5,17,Basilicata,Basilicata,559084,516982,92.47,0.95
786,2021-01-20,BAS,84,22,62,84,0,0,ITF,ITF5,17,Basilicata,Basilicata,559084,517066,92.48,0.02
787,2021-07-01,TOS,32035,15501,16534,10722,21046,267,ITI,ITI1,9,Toscana,Toscana,3729641,32035,0.86,0.86
788,2021-03-26,TOS,20679,9393,11286,14716,5765,198,ITI,ITI1,9,Toscana,Toscana,3729641,52714,1.41,0.55
789,2021-03-09,TOS,11131,4569,6562,5504,5552,75,ITI,ITI1,9,Toscana,Toscana,3729641,63845,1.71,0.3
790,2021-04-09,TOS,24598,10580,14018,20746,3409,443,ITI,ITI1,9,Toscana,Toscana,3729641,88443,2.37,0.66
791,2021-06-17,TOS,32530,16665,15865,26654,5545,331,ITI,ITI1,9,Toscana,Toscana,3729641,120973,3.24,0.87
792,2021-02-04,TOS,4253,1594,2659,934,3292,27,ITI,ITI1,9,Toscana,Toscana,3729641,125226,3.36,0.11
793,2021-07-13,TOS,29196,14671,14525,7705,21322,169,ITI,ITI1,9,Toscana,Toscana,3729641,154422,4.14,0.78
794,2021-04-02,TOS,31989,13569,18420,23714,8027,248,ITI,ITI1,9,Toscana,Toscana,3729641,186411,5.0,0.86
795,2021-07-11,TOS,26031,12637,13394,9135,16729,167,ITI,ITI1,9,Toscana,Toscana,3729641,212442,5.7,0.7
796,2021-06-24,TOS,29423,14603,14820,19298,9737,388,ITI,ITI1,9,Toscana,Toscana,3729641,241865,6.48,0.79
797,2021-01-28,TOS,6282,1882,4400,347,5928,7,ITI,ITI1,9,Toscana,Toscana,3729641,248147,6.65,0.17
798,2021-03-19,TOS,10142,4460,5682,7131,2868,143,ITI,ITI1,9,Toscana,Toscana,3729641,258289,6.93,0.27
799,2021-04-07,TOS,35827,15465,20362,28170,7249,408,ITI,ITI1,9,Toscana,Toscana,3729641,294116,7.89,0.96
800,2021-06-12,TOS,29382,15147,14235,24650,4387,345,ITI,ITI1,9,Toscana,Toscana,3729641,323498,8.67,0.79
801,2021-04-16,TOS,28945,12878,16067,21426,6897,622,ITI,ITI1,9,Toscana,Toscana,3729641,352443,9.45,0.78
802,2021-06-05,TOS,28425,13594,14831,20551,7610,264,ITI,ITI1,9,Toscana,Toscana,3729641,380868,10.21,0.76
803,2021-01-11,TOS,5095,1691,3404,4995,0,100,ITI,ITI1,9,Toscana,Toscana,3729641,385963,10.35,0.14
804,2021-04-21,TOS,29620,12677,16943,16863,12127,630,ITI,ITI1,9,Toscana,Toscana,3729641,415583,11.14,0.79
805,2021-02-23,TOS,7723,3325,4398,7219,161,343,ITI,ITI1,9,Toscana,Toscana,3729641,423306,11.35,0.21
806,2021-06-03,TOS,32037,15444,16593,27131,4584,322,ITI,ITI1,9,Toscana,Toscana,3729641,455343,12.21,0.86
807,2021-05-22,TOS,26017,12658,13359,21457,4286,274,ITI,ITI1,9,Toscana,Toscana,3729641,481360,12.91,0.7
808,2021-05-05,TOS,30113,13440,16673,14880,14512,721,ITI,ITI1,9,Toscana,Toscana,3729641,511473,13.71,0.81
809,2021-02-28,TOS,1649,667,982,851,727,71,ITI,ITI1,9,Toscana,Toscana,3729641,513122,13.76,0.04
810,2021-02-11,TOS,5384,2022,3362,5064,242,78,ITI,ITI1,9,Toscana,Toscana,3729641,518506,13.9,0.14
811,2021-02-09,TOS,4488,1468,3020,3763,611,114,ITI,ITI1,9,Toscana,Toscana,3729641,522994,14.02,0.12
812,2021-01-16,TOS,3271,1046,2225,3213,0,58,ITI,ITI1,9,Toscana,Toscana,3729641,526265,14.11,0.09
813,2021-04-26,TOS,10143,4933,5210,7458,2553,132,ITI,ITI1,9,Toscana,Toscana,3729641,536408,14.38,0.27
814,2021-01-02,TOS,3497,1096,2401,3453,0,44,ITI,ITI1,9,Toscana,Toscana,3729641,539905,14.48,0.09
815,2021-03-07,TOS,5647,2357,3290,1997,3544,106,ITI,ITI1,9,Toscana,Toscana,3729641,545552,14.63,0.15
816,2021-06-22,TOS,31016,15604,15412,22439,8203,374,ITI,ITI1,9,Toscana,Toscana,3729641,576568,15.46,0.83
817,2021-05-17,TOS,29755,14871,14884,20621,8933,201,ITI,ITI1,9,Toscana,Toscana,3729641,606323,16.26,0.8
818,2021-03-21,TOS,3294,1628,1666,1819,1433,42,ITI,ITI1,9,Toscana,Toscana,3729641,609617,16.35,0.09
819,2021-01-23,TOS,3966,1360,2606,634,3326,6,ITI,ITI1,9,Toscana,Toscana,3729641,613583,16.45,0.11
820,2021-06-29,TOS,36986,18010,18976,7978,28865,143,ITI,ITI1,9,Toscana,Toscana,3729641,650569,17.44,0.99
821,2021-05-03,TOS,11927,5507,6420,10369,1317,241,ITI,ITI1,9,Toscana,Toscana,3729641,662496,17.76,0.32
822,2021-05-15,TOS,29345,13853,15492,22865,5892,588,ITI,ITI1,9,Toscana,Toscana,3729641,691841,18.55,0.79
823,2021-04-28,TOS,19121,8179,10942,3466,15307,348,ITI,ITI1,9,Toscana,Toscana,3729641,710962,19.06,0.51
824,2021-02-18,TOS,8822,3285,5537,7744,896,182,ITI,ITI1,9,Toscana,Toscana,3729641,719784,19.3,0.24
825,2021-05-29,TOS,31561,15258,16303,23172,8162,227,ITI,ITI1,9,Toscana,Toscana,3729641,751345,20.15,0.85
826,2021-03-23,TOS,9428,4402,5026,6963,2275,190,ITI,ITI1,9,Toscana,Toscana,3729641,760773,20.4,0.25
827,2020-12-30,TOS,327,104,223,326,0,1,ITI,ITI1,9,Toscana,Toscana,3729641,761100,20.41,0.01
828,2021-01-09,TOS,4485,1596,2889,4419,0,66,ITI,ITI1,9,Toscana,Toscana,3729641,765585,20.53,0.12
829,2021-03-18,TOS,9980,3984,5996,5870,3972,138,ITI,ITI1,9,Toscana,Toscana,3729641,775565,20.79,0.27
830,2021-06-26,TOS,34533,16755,17778,10000,24308,225,ITI,ITI1,9,Toscana,Toscana,3729641,810098,21.72,0.93
831,2021-06-09,TOS,34790,17552,17238,33914,460,416,ITI,ITI1,9,Toscana,Toscana,3729641,844888,22.65,0.93
832,2021-01-21,TOS,1589,686,903,858,722,9,ITI,ITI1,9,Toscana,Toscana,3729641,846477,22.7,0.04
833,2021-06-02,TOS,27581,13611,13970,21846,5507,228,ITI,ITI1,9,Toscana,Toscana,3729641,874058,23.44,0.74
834,2021-04-06,TOS,22225,9823,12402,18095,3717,413,ITI,ITI1,9,Toscana,Toscana,3729641,896283,24.03,0.6
835,2021-02-08,TOS,4099,1362,2737,3529,459,111,ITI,ITI1,9,Toscana,Toscana,3729641,900382,24.14,0.11
836,2021-05-19,TOS,27959,13578,14381,18624,9055,280,ITI,ITI1,9,Toscana,Toscana,3729641,928341,24.89,0.75
837,2021-04-13,TOS,8487,3505,4982,5750,2457,280,ITI,ITI1,9,Toscana,Toscana,3729641,936828,25.12,0.23
838,2021-03-02,TOS,10599,3799,6800,7046,3444,109,ITI,ITI1,9,Toscana,Toscana,3729641,947427,25.4,0.28
839,2021-01-04,TOS,5066,1895,3171,5001,0,65,ITI,ITI1,9,Toscana,Toscana,3729641,952493,25.54,0.14
840,2021-04-14,TOS,20183,8345,11838,14538,5109,536,ITI,ITI1,9,Toscana,Toscana,3729641,972676,26.08,0.54
841,2021-06-14,TOS,31782,16321,15461,27397,4104,281,ITI,ITI1,9,Toscana,Toscana,3729641,1004458,26.93,0.85
842,2021-03-04,TOS,17847,6950,10897,14616,3082,149,ITI,ITI1,9,Toscana,Toscana,3729641,1022305,27.41,0.48
843,2021-06-10,TOS,26374,13531,12843,25487,546,341,ITI,ITI1,9,Toscana,Toscana,3729641,1048679,28.12,0.71
844,2021-05-24,TOS,33736,16715,17021,23856,9578,302,ITI,ITI1,9,Toscana,Toscana,3729641,1082415,29.02,0.9
845,2021-01-25,TOS,5127,1895,3232,242,4880,5,ITI,ITI1,9,Toscana,Toscana,3729641,1087542,29.16,0.14
846,2021-04-18,TOS,8359,4091,4268,7060,1029,270,ITI,ITI1,9,Toscana,Toscana,3729641,1095901,29.38,0.22
847,2021-02-16,TOS,9280,3340,5940,8329,721,230,ITI,ITI1,9,Toscana,Toscana,3729641,1105181,29.63,0.25
848,2021-05-02,TOS,11167,4931,6236,8968,1964,235,ITI,ITI1,9,Toscana,Toscana,3729641,1116348,29.93,0.3
849,2021-02-25,TOS,10633,4306,6327,9471,998,164,ITI,ITI1,9,Toscana,Toscana,3729641,1126981,30.22,0.29
850,2021-06-28,TOS,37652,18114,19538,8442,29044,166,ITI,ITI1,9,Toscana,Toscana,3729641,1164633,31.23,1.01
851,2021-01-20,TOS,1332,638,694,1021,248,63,ITI,ITI1,9,Toscana,Toscana,3729641,1165965,31.26,0.04
852,2021-03-28,TOS,6212,2808,3404,5880,254,78,ITI,ITI1,9,Toscana,Toscana,3729641,1172177,31.43,0.17
853,2021-01-30,TOS,4622,1622,3000,179,4425,18,ITI,ITI1,9,Toscana,Toscana,3729641,1176799,31.55,0.12
854,2021-07-06,TOS,25757,13023,12734,11042,14497,218,ITI,ITI1,9,Toscana,Toscana,3729641,1202556,32.24,0.69
855,2021-05-10,TOS,26205,12399,13806,15330,10631,244,ITI,ITI1,9,Toscana,Toscana,3729641,1228761,32.95,0.7
856,2021-03-14,TOS,7174,2569,4605,3150,3935,89,ITI,ITI1,9,Toscana,Toscana,3729641,1235935,33.14,0.19
857,2021-05-12,TOS,34200,15574,18626,13581,20032,587,ITI,ITI1,9,Toscana,Toscana,3729641,1270135,34.06,0.92
858,2021-01-18,TOS,1119,636,483,971,98,50,ITI,ITI1,9,Toscana,Toscana,3729641,1271254,34.09,0.03
859,2021-02-01,TOS,5509,1958,3551,511,4988,10,ITI,ITI1,9,Toscana,Toscana,3729641,1276763,34.23,0.15
860,2021-04-04,TOS,13922,6609,7313,13508,253,161,ITI,ITI1,9,Toscana,Toscana,3729641,1290685,34.61,0.37
861,2021-03-16,TOS,4899,1882,3017,2565,2251,83,ITI,ITI1,9,Toscana,Toscana,3729641,1295584,34.74,0.13
862,2021-02-27,TOS,1984,756,1228,1007,902,75,ITI,ITI1,9,Toscana,Toscana,3729641,1297568,34.79,0.05
863,2021-06-07,TOS,34902,17118,17784,30924,3647,331,ITI,ITI1,9,Toscana,Toscana,3729641,1332470,35.73,0.94
864,2021-05-21,TOS,28917,13477,15440,17201,11442,274,ITI,ITI1,9,Toscana,Toscana,3729641,1361387,36.5,0.78
865,2021-05-26,TOS,35591,17102,18489,20123,15200,268,ITI,ITI1,9,Toscana,Toscana,3729641,1396978,37.46,0.95
866,2021-03-30,TOS,17019,7643,9376,13267,3564,188,ITI,ITI1,9,Toscana,Toscana,3729641,1413997,37.91,0.46
867,2021-07-08,TOS,20973,10315,10658,9229,11504,240,ITI,ITI1,9,Toscana,Toscana,3729641,1434970,38.47,0.56
868,2021-04-30,TOS,40194,17787,22407,19650,19894,650,ITI,ITI1,9,Toscana,Toscana,3729641,1475164,39.55,1.08
869,2021-04-25,TOS,11057,5248,5809,8758,2139,160,ITI,ITI1,9,Toscana,Toscana,3729641,1486221,39.85,0.3
870,2021-01-13,TOS,4062,1398,2664,3998,0,64,ITI,ITI1,9,Toscana,Toscana,3729641,1490283,39.96,0.11
871,2021-04-23,TOS,25646,11415,14231,8839,16305,502,ITI,ITI1,9,Toscana,Toscana,3729641,1515929,40.65,0.69
872,2021-06-21,TOS,31154,15456,15698,18135,12765,254,ITI,ITI1,9,Toscana,Toscana,3729641,1547083,41.48,0.84
873,2021-01-06,TOS,4519,1460,3059,4467,0,52,ITI,ITI1,9,Toscana,Toscana,3729641,1551602,41.6,0.12
874,2021-03-11,TOS,15897,6348,9549,12393,3329,175,ITI,ITI1,9,Toscana,Toscana,3729641,1567499,42.03,0.43
875,2021-06-19,TOS,26466,13889,12577,21384,4754,328,ITI,ITI1,9,Toscana,Toscana,3729641,1593965,42.74,0.71
876,2021-02-06,TOS,4527,1550,2977,1262,3233,32,ITI,ITI1,9,Toscana,Toscana,3729641,1598492,42.86,0.12
877,2021-02-20,TOS,4640,1789,2851,3995,513,132,ITI,ITI1,9,Toscana,Toscana,3729641,1603132,42.98,0.12
878,2021-05-31,TOS,30322,14634,15688,19258,10823,241,ITI,ITI1,9,Toscana,Toscana,3729641,1633454,43.8,0.81
879,2021-05-14,TOS,33349,15432,17917,20018,12697,634,ITI,ITI1,9,Toscana,Toscana,3729641,1666803,44.69,0.89
880,2021-01-01,TOS,2370,788,1582,2325,0,45,ITI,ITI1,9,Toscana,Toscana,3729641,1669173,44.75,0.06
881,2021-04-11,TOS,3645,1680,1965,3337,155,153,ITI,ITI1,9,Toscana,Toscana,3729641,1672818,44.85,0.1
882,2021-06-11,TOS,29731,15479,14252,24722,4656,353,ITI,ITI1,9,Toscana,Toscana,3729641,1702549,45.65,0.8
883,2021-04-15,TOS,24405,10196,14209,15306,8573,526,ITI,ITI1,9,Toscana,Toscana,3729641,1726954,46.3,0.65
884,2021-02-17,TOS,8176,3170,5006,7305,752,119,ITI,ITI1,9,Toscana,Toscana,3729641,1735130,46.52,0.22
885,2021-04-27,TOS,10353,4916,5437,3666,6487,200,ITI,ITI1,9,Toscana,Toscana,3729641,1745483,46.8,0.28
886,2021-03-01,TOS,4474,1734,2740,767,3641,66,ITI,ITI1,9,Toscana,Toscana,3729641,1749957,46.92,0.12
887,2021-03-20,TOS,6587,2978,3609,5364,1136,87,ITI,ITI1,9,Toscana,Toscana,3729641,1756544,47.1,0.18
888,2021-01-22,TOS,2866,1064,1802,525,2338,3,ITI,ITI1,9,Toscana,Toscana,3729641,1759410,47.17,0.08
889,2021-07-07,TOS,25397,12497,12900,9327,15891,179,ITI,ITI1,9,Toscana,Toscana,3729641,1784807,47.85,0.68
890,2021-02-05,TOS,5750,2245,3505,1890,3826,34,ITI,ITI1,9,Toscana,Toscana,3729641,1790557,48.01,0.15
891,2021-05-16,TOS,26675,12886,13789,23888,2467,320,ITI,ITI1,9,Toscana,Toscana,3729641,1817232,48.72,0.72
892,2021-05-11,TOS,27949,12983,14966,12114,15467,368,ITI,ITI1,9,Toscana,Toscana,3729641,1845181,49.47,0.75
893,2021-03-13,TOS,9288,3310,5978,5172,3964,152,ITI,ITI1,9,Toscana,Toscana,3729641,1854469,49.72,0.25
894,2021-05-28,TOS,30114,13946,16168,17423,12464,227,ITI,ITI1,9,Toscana,Toscana,3729641,1884583,50.53,0.81
895,2021-04-22,TOS,35696,15293,20403,17387,17486,823,ITI,ITI1,9,Toscana,Toscana,3729641,1920279,51.49,0.96
896,2021-02-24,TOS,10371,4467,5904,10040,197,134,ITI,ITI1,9,Toscana,Toscana,3729641,1930650,51.77,0.28
897,2021-06-04,TOS,28297,13421,14876,20242,7793,262,ITI,ITI1,9,Toscana,Toscana,3729641,1958947,52.52,0.76
898,2021-04-08,TOS,29683,12557,17126,22937,6386,360,ITI,ITI1,9,Toscana,Toscana,3729641,1988630,53.32,0.8
899,2021-03-03,TOS,18229,6539,11690,14499,3606,124,ITI,ITI1,9,Toscana,Toscana,3729641,2006859,53.81,0.49
900,2021-01-05,TOS,5249,1755,3494,5193,0,56,ITI,ITI1,9,Toscana,Toscana,3729641,2012108,53.95,0.14
901,2021-05-23,TOS,28412,13660,14752,25560,2560,292,ITI,ITI1,9,Toscana,Toscana,3729641,2040520,54.71,0.76
902,2021-02-10,TOS,4263,1281,2982,3584,523,156,ITI,ITI1,9,Toscana,Toscana,3729641,2044783,54.83,0.11
903,2021-05-04,TOS,18312,8215,10097,12427,5451,434,ITI,ITI1,9,Toscana,Toscana,3729641,2063095,55.32,0.49
904,2021-02-12,TOS,7618,2694,4924,7296,213,109,ITI,ITI1,9,Toscana,Toscana,3729641,2070713,55.52,0.2
905,2021-01-26,TOS,5393,1792,3601,216,5173,4,ITI,ITI1,9,Toscana,Toscana,3729641,2076106,55.67,0.14
906,2021-05-06,TOS,31341,13632,17709,13481,17180,680,ITI,ITI1,9,Toscana,Toscana,3729641,2107447,56.51,0.84
907,2021-04-19,TOS,9097,4510,4587,7755,1032,310,ITI,ITI1,9,Toscana,Toscana,3729641,2116544,56.75,0.24
908,2021-04-17,TOS,20535,9207,11328,17922,2134,479,ITI,ITI1,9,Toscana,Toscana,3729641,2137079,57.3,0.55
909,2021-01-17,TOS,2535,870,1665,1986,514,35,ITI,ITI1,9,Toscana,Toscana,3729641,2139614,57.37,0.07
910,2021-07-05,TOS,30479,15062,15417,10336,19915,228,ITI,ITI1,9,Toscana,Toscana,3729641,2170093,58.19,0.82
911,2021-03-08,TOS,6707,2945,3762,1844,4820,43,ITI,ITI1,9,Toscana,Toscana,3729641,2176800,58.36,0.18
912,2021-06-16,TOS,31743,16253,15490,26254,5173,316,ITI,ITI1,9,Toscana,Toscana,3729641,2208543,59.22,0.85
913,2021-05-30,TOS,28684,13946,14738,21496,6946,242,ITI,ITI1,9,Toscana,Toscana,3729641,2237227,59.99,0.77
914,2020-12-27,TOS,620,267,353,615,0,5,ITI,ITI1,9,Toscana,Toscana,3729641,2237847,60.0,0.02
915,2021-01-03,TOS,3336,1052,2284,3290,0,46,ITI,ITI1,9,Toscana,Toscana,3729641,2241183,60.09,0.09
916,2021-02-15,TOS,8770,3376,5394,7775,826,169,ITI,ITI1,9,Toscana,Toscana,3729641,2249953,60.33,0.24
917,2021-02-22,TOS,9818,4254,5564,9169,277,372,ITI,ITI1,9,Toscana,Toscana,3729641,2259771,60.59,0.26
918,2021-07-14,TOS,11099,5444,5655,3337,7667,95,ITI,ITI1,9,Toscana,Toscana,3729641,2270870,60.89,0.3
919,2021-01-29,TOS,6144,1700,4444,292,5840,12,ITI,ITI1,9,Toscana,Toscana,3729641,2277014,61.05,0.16
920,2021-05-09,TOS,22533,9768,12765,9418,12861,254,ITI,ITI1,9,Toscana,Toscana,3729641,2299547,61.66,0.6
921,2021-07-03,TOS,29365,14789,14576,11852,17141,372,ITI,ITI1,9,Toscana,Toscana,3729641,2328912,62.44,0.79
922,2021-03-06,TOS,7110,2852,4258,2832,4196,82,ITI,ITI1,9,Toscana,Toscana,3729641,2336022,62.63,0.19
923,2021-02-03,TOS,4222,1452,2770,237,3981,4,ITI,ITI1,9,Toscana,Toscana,3729641,2340244,62.75,0.11
924,2021-01-15,TOS,3878,1347,2531,3818,0,60,ITI,ITI1,9,Toscana,Toscana,3729641,2344122,62.85,0.1
925,2021-03-27,TOS,8863,4154,4709,8514,215,134,ITI,ITI1,9,Toscana,Toscana,3729641,2352985,63.09,0.24
926,2021-06-30,TOS,38240,18501,19739,8451,29576,213,ITI,ITI1,9,Toscana,Toscana,3729641,2391225,64.11,1.03
927,2021-02-14,TOS,9000,2569,6431,8740,110,150,ITI,ITI1,9,Toscana,Toscana,3729641,2400225,64.36,0.24
928,2021-05-25,TOS,34177,16497,17680,19264,14629,284,ITI,ITI1,9,Toscana,Toscana,3729641,2434402,65.27,0.92
929,2021-03-29,TOS,9672,4830,4842,9218,324,130,ITI,ITI1,9,Toscana,Toscana,3729641,2444074,65.53,0.26
930,2021-05-27,TOS,28345,13192,15153,13268,14855,222,ITI,ITI1,9,Toscana,Toscana,3729641,2472419,66.29,0.76
931,2021-03-31,TOS,32711,13255,19456,20222,12163,326,ITI,ITI1,9,Toscana,Toscana,3729641,2505130,67.17,0.88
932,2021-07-09,TOS,29084,14089,14995,7697,21195,192,ITI,ITI1,9,Toscana,Toscana,3729641,2534214,67.95,0.78
933,2021-03-22,TOS,5253,2765,2488,4678,446,129,ITI,ITI1,9,Toscana,Toscana,3729641,2539467,68.09,0.14
934,2021-01-19,TOS,1106,533,573,1064,0,42,ITI,ITI1,9,Toscana,Toscana,3729641,2540573,68.12,0.03
935,2021-01-12,TOS,3581,1398,2183,3508,0,73,ITI,ITI1,9,Toscana,Toscana,3729641,2544154,68.21,0.1
936,2021-05-08,TOS,29149,13111,16038,13286,15472,391,ITI,ITI1,9,Toscana,Toscana,3729641,2573303,69.0,0.78
937,2021-07-04,TOS,31491,15285,16206,9370,21834,287,ITI,ITI1,9,Toscana,Toscana,3729641,2604794,69.84,0.84
938,2020-12-31,TOS,802,201,601,798,0,4,ITI,ITI1,9,Toscana,Toscana,3729641,2605596,69.86,0.02
939,2021-04-10,TOS,11722,5349,6373,10746,743,233,ITI,ITI1,9,Toscana,Toscana,3729641,2617318,70.18,0.31
940,2021-02-19,TOS,8292,2952,5340,7602,513,177,ITI,ITI1,9,Toscana,Toscana,3729641,2625610,70.4,0.22
941,2021-05-20,TOS,29758,13910,15848,18607,10839,312,ITI,ITI1,9,Toscana,Toscana,3729641,2655368,71.2,0.8
942,2021-01-31,TOS,3050,1129,1921,103,2944,3,ITI,ITI1,9,Toscana,Toscana,3729641,2658418,71.28,0.08
943,2021-04-05,TOS,15285,6826,8459,14376,737,172,ITI,ITI1,9,Toscana,Toscana,3729641,2673703,71.69,0.41
944,2021-02-07,TOS,2807,953,1854,867,1920,20,ITI,ITI1,9,Toscana,Toscana,3729641,2676510,71.76,0.08
945,2021-06-18,TOS,30768,16232,14536,24990,5382,396,ITI,ITI1,9,Toscana,Toscana,3729641,2707278,72.59,0.82
946,2021-03-25,TOS,23897,10378,13519,15297,8352,248,ITI,ITI1,9,Toscana,Toscana,3729641,2731175,73.23,0.64
947,2021-04-12,TOS,2621,1190,1431,1800,654,167,ITI,ITI1,9,Toscana,Toscana,3729641,2733796,73.3,0.07
948,2021-05-13,TOS,35103,15512,19591,13200,21263,640,ITI,ITI1,9,Toscana,Toscana,3729641,2768899,74.24,0.94
949,2021-04-29,TOS,39305,17705,21600,18565,20083,657,ITI,ITI1,9,Toscana,Toscana,3729641,2808204,75.29,1.05
950,2021-03-24,TOS,20015,8303,11712,10418,9456,141,ITI,ITI1,9,Toscana,Toscana,3729641,2828219,75.83,0.54
951,2021-02-21,TOS,5105,2089,3016,4730,170,205,ITI,ITI1,9,Toscana,Toscana,3729641,2833324,75.97,0.14
952,2021-06-01,TOS,26946,13392,13554,22867,3834,245,ITI,ITI1,9,Toscana,Toscana,3729641,2860270,76.69,0.72
953,2021-07-02,TOS,28186,14134,14052,10802,17105,279,ITI,ITI1,9,Toscana,Toscana,3729641,2888456,77.45,0.76
954,2021-06-15,TOS,31186,16055,15131,26289,4564,333,ITI,ITI1,9,Toscana,Toscana,3729641,2919642,78.28,0.84
955,2021-03-10,TOS,18374,7409,10965,14252,4018,104,ITI,ITI1,9,Toscana,Toscana,3729641,2938016,78.77,0.49
956,2021-02-02,TOS,3742,1475,2267,189,3546,7,ITI,ITI1,9,Toscana,Toscana,3729641,2941758,78.88,0.1
957,2021-01-24,TOS,3349,1073,2276,198,3148,3,ITI,ITI1,9,Toscana,Toscana,3729641,2945107,78.96,0.09
958,2021-01-07,TOS,6018,1751,4267,5932,0,86,ITI,ITI1,9,Toscana,Toscana,3729641,2951125,79.13,0.16
959,2021-03-12,TOS,16976,6614,10362,13267,3528,181,ITI,ITI1,9,Toscana,Toscana,3729641,2968101,79.58,0.46
960,2021-01-14,TOS,3255,1179,2076,3220,0,35,ITI,ITI1,9,Toscana,Toscana,3729641,2971356,79.67,0.09
961,2021-06-20,TOS,25176,12486,12690,15421,9517,238,ITI,ITI1,9,Toscana,Toscana,3729641,2996532,80.34,0.68
962,2021-04-24,TOS,13434,6167,7267,5623,7443,368,ITI,ITI1,9,Toscana,Toscana,3729641,3009966,80.7,0.36
963,2021-06-27,TOS,33295,16072,17223,5924,27243,128,ITI,ITI1,9,Toscana,Toscana,3729641,3043261,81.6,0.89
964,2021-05-01,TOS,23316,10064,13252,13723,9183,410,ITI,ITI1,9,Toscana,Toscana,3729641,3066577,82.22,0.63
965,2021-03-05,TOS,16878,6689,10189,11948,4754,176,ITI,ITI1,9,Toscana,Toscana,3729641,3083455,82.67,0.45
966,2021-06-13,TOS,24607,12346,12261,22598,1661,348,ITI,ITI1,9,Toscana,Toscana,3729641,3108062,83.33,0.66
967,2021-05-18,TOS,28835,14269,14566,19742,8821,272,ITI,ITI1,9,Toscana,Toscana,3729641,3136897,84.11,0.77
968,2021-07-10,TOS,29246,14151,15095,7952,21113,181,ITI,ITI1,9,Toscana,Toscana,3729641,3166143,84.89,0.78
969,2021-05-07,TOS,32140,14707,17433,11572,20160,408,ITI,ITI1,9,Toscana,Toscana,3729641,3198283,85.75,0.86
970,2021-02-13,TOS,7786,2361,5425,7416,227,143,ITI,ITI1,9,Toscana,Toscana,3729641,3206069,85.96,0.21
971,2021-01-08,TOS,5947,1643,4304,5854,0,93,ITI,ITI1,9,Toscana,Toscana,3729641,3212016,86.12,0.16
972,2021-07-12,TOS,28130,13928,14202,9568,18271,291,ITI,ITI1,9,Toscana,Toscana,3729641,3240146,86.88,0.75
973,2021-04-01,TOS,27057,11231,15826,16163,10662,232,ITI,ITI1,9,Toscana,Toscana,3729641,3267203,87.6,0.73
974,2021-03-15,TOS,8698,3645,5053,4084,4443,171,ITI,ITI1,9,Toscana,Toscana,3729641,3275901,87.83,0.23
975,2021-06-23,TOS,31507,15272,16235,19785,11371,351,ITI,ITI1,9,Toscana,Toscana,3729641,3307408,88.68,0.84
976,2021-01-10,TOS,3002,1105,1897,2948,0,54,ITI,ITI1,9,Toscana,Toscana,3729641,3310410,88.76,0.08
977,2021-04-20,TOS,18159,8109,10050,12228,5574,357,ITI,ITI1,9,Toscana,Toscana,3729641,3328569,89.25,0.49
978,2021-04-03,TOS,15014,6646,8368,13675,1126,213,ITI,ITI1,9,Toscana,Toscana,3729641,3343583,89.65,0.4
979,2021-01-27,TOS,4835,1573,3262,201,4629,5,ITI,ITI1,9,Toscana,Toscana,3729641,3348418,89.78,0.13
980,2021-03-17,TOS,11421,4587,6834,6799,4529,93,ITI,ITI1,9,Toscana,Toscana,3729641,3359839,90.08,0.31
981,2021-06-25,TOS,33578,16780,16798,12112,21191,275,ITI,ITI1,9,Toscana,Toscana,3729641,3393417,90.99,0.9
982,2021-06-08,TOS,32568,16700,15868,31725,487,356,ITI,ITI1,9,Toscana,Toscana,3729641,3425985,91.86,0.87
983,2021-02-26,TOS,10080,3834,6246,8659,1206,215,ITI,ITI1,9,Toscana,Toscana,3729641,3436065,92.13,0.27
984,2021-06-06,TOS,28297,13649,14648,22577,5361,359,ITI,ITI1,9,Toscana,Toscana,3729641,3464362,92.89,0.76
985,2021-01-27,VDA,151,71,80,79,72,0,ITC,ITC2,2,Valle d'Aosta / Vallée d'Aoste,Valle d'Aosta,125666,151,0.12,0.12
986,2021-04-20,VDA,933,430,503,707,194,32,ITC,ITC2,2,Valle d'Aosta / Vallée d'Aoste,Valle d'Aosta,125666,1084,0.86,0.74
987,2021-01-10,VDA,220,71,149,208,0,12,ITC,ITC2,2,Valle d'Aosta / Vallée d'Aoste,Valle d'Aosta,125666,1304,1.04,0.18
988,2020-12-27,VDA,20,9,11,20,0,0,ITC,ITC2,2,Valle d'Aosta / Vallée d'Aoste,Valle d'Aosta,125666,1324,1.05,0.02
989,2021-04-15,VDA,810,377,433,638,139,33,ITC,ITC2,2,Valle d'Aosta / Vallée d'Aoste,Valle d'Aosta,125666,2134,1.7,0.64
990,2021-07-07,VDA,792,439,353,413,362,17,ITC,ITC2,2,Valle d'Aosta / Vallée d'Aoste,Valle d'Aosta,125666,2926,2.33,0.63
991,2021-03-08,VDA,485,233,252,237,245,3,ITC,ITC2,2,Valle d'Aosta / Vallée d'Aoste,Valle d'Aosta,125666,3411,2.71,0.39
992,2021-05-04,VDA,1135,510,625,434,673,28,ITC,ITC2,2,Valle d'Aosta / Vallée d'Aoste,Valle d'Aosta,125666,4546,3.62,0.9
993,2021-06-16,VDA,683,365,318,638,41,4,ITC,ITC2,2,Valle d'Aosta / Vallée d'Aoste,Valle d'Aosta,125666,5229,4.16,0.54
994,2021-03-15,VDA,362,123,239,150,203,9,ITC,ITC2,2,Valle d'Aosta / Vallée d'Aoste,Valle d'Aosta,125666,5591,4.45,0.29
995,2021-05-11,VDA,647,325,322,468,151,28,ITC,ITC2,2,Valle d'Aosta / Vallée d'Aoste,Valle d'Aosta,125666,6238,4.96,0.51
996,2021-04-27,VDA,978,423,555,650,292,36,ITC,ITC2,2,Valle d'Aosta / Vallée d'Aoste,Valle d'Aosta,125666,7216,5.74,0.78
997,2021-01-17,VDA,131,56,75,131,0,0,ITC,ITC2,2,Valle d'Aosta / Vallée d'Aoste,Valle d'Aosta,125666,7347,5.85,0.1
998,2021-06-23,VDA,1043,551,492,423,616,4,ITC,ITC2,2,Valle d'Aosta / Vallée d'Aoste,Valle d'Aosta,125666,8390,6.68,0.83
999,2021-02-03,VDA,351,114,237,14,337,0,ITC,ITC2,2,Valle d'Aosta / Vallée d'Aoste,Valle d'Aosta,125666,8741,6.96,0.28
1000,2021-04-01,VDA,777,394,383,746,12,19,ITC,ITC2,2,Valle d'Aosta / Vallée d'Aoste,Valle d'Aosta,125666,9518,7.57,0.62
1001,2021-05-30,VDA,865,429,436,682,171,12,ITC,ITC2,2,Valle d'Aosta / Vallée d'Aoste,Valle d'Aosta,125666,10383,8.26,0.69
1002,2021-05-28,VDA,975,414,561,544,412,19,ITC,ITC2,2,Valle d'Aosta / Vallée d'Aoste,Valle d'Aosta,125666,11358,9.04,0.78
1003,2021-02-17,VDA,327,144,183,223,100,4,ITC,ITC2,2,Valle d'Aosta / Vallée d'Aoste,Valle d'Aosta,125666,11685,9.3,0.26
1004,2021-02-05,VDA,294,102,192,101,193,0,ITC,ITC2,2,Valle d'Aosta / Vallée d'Aoste,Valle d'Aosta,125666,11979,9.53,0.23
1005,2021-02-22,VDA,316,94,222,210,103,3,ITC,ITC2,2,Valle d'Aosta / Vallée d'Aoste,Valle d'Aosta,125666,12295,9.78,0.25
1006,2021-05-16,VDA,688,341,347,338,341,9,ITC,ITC2,2,Valle d'Aosta / Vallée d'Aoste,Valle d'Aosta,125666,12983,10.33,0.55
1007,2021-07-12,VDA,978,483,495,239,731,8,ITC,ITC2,2,Valle d'Aosta / Vallée d'Aoste,Valle d'Aosta,125666,13961,11.11,0.78
1008,2021-04-03,VDA,676,341,335,649,15,12,ITC,ITC2,2,Valle d'Aosta / Vallée d'Aoste,Valle d'Aosta,125666,14637,11.65,0.54
1009,2021-03-20,VDA,208,86,122,167,36,5,ITC,ITC2,2,Valle d'Aosta / Vallée d'Aoste,Valle d'Aosta,125666,14845,11.81,0.17
1010,2021-06-28,VDA,986,496,490,326,657,3,ITC,ITC2,2,Valle d'Aosta / Vallée d'Aoste,Valle d'Aosta,125666,15831,12.6,0.78
1011,2021-06-11,VDA,1047,483,564,756,283,8,ITC,ITC2,2,Valle d'Aosta / Vallée d'Aoste,Valle d'Aosta,125666,16878,13.43,0.83
1012,2021-05-23,VDA,999,465,534,652,341,6,ITC,ITC2,2,Valle d'Aosta / Vallée d'Aoste,Valle d'Aosta,125666,17877,14.23,0.79
1013,2021-01-29,VDA,318,138,180,2,316,0,ITC,ITC2,2,Valle d'Aosta / Vallée d'Aoste,Valle d'Aosta,125666,18195,14.48,0.25
1014,2021-05-02,VDA,765,345,420,581,160,24,ITC,ITC2,2,Valle d'Aosta / Vallée d'Aoste,Valle d'Aosta,125666,18960,15.09,0.61
1015,2021-01-22,VDA,56,21,35,20,36,0,ITC,ITC2,2,Valle d'Aosta / Vallée d'Aoste,Valle d'Aosta,125666,19016,15.13,0.04
1016,2021-01-08,VDA,299,130,169,299,0,0,ITC,ITC2,2,Valle d'Aosta / Vallée d'Aoste,Valle d'Aosta,125666,19315,15.37,0.24
1017,2021-03-06,VDA,22,4,18,18,0,4,ITC,ITC2,2,Valle d'Aosta / Vallée d'Aoste,Valle d'Aosta,125666,19337,15.39,0.02
1018,2021-06-09,VDA,1027,535,492,983,36,8,ITC,ITC2,2,Valle d'Aosta / Vallée d'Aoste,Valle d'Aosta,125666,20364,16.2,0.82
1019,2021-03-01,VDA,181,66,115,139,34,8,ITC,ITC2,2,Valle d'Aosta / Vallée d'Aoste,Valle d'Aosta,125666,20545,16.35,0.14
1020,2021-02-15,VDA,264,136,128,225,35,4,ITC,ITC2,2,Valle d'Aosta / Vallée d'Aoste,Valle d'Aosta,125666,20809,16.56,0.21
1021,2021-04-13,VDA,373,171,202,311,44,18,ITC,ITC2,2,Valle d'Aosta / Vallée d'Aoste,Valle d'Aosta,125666,21182,16.86,0.3
1022,2021-07-05,VDA,834,355,479,312,508,14,ITC,ITC2,2,Valle d'Aosta / Vallée d'Aoste,Valle d'Aosta,125666,22016,17.52,0.66
1023,2021-03-27,VDA,333,164,169,289,31,13,ITC,ITC2,2,Valle d'Aosta / Vallée d'Aoste,Valle d'Aosta,125666,22349,17.78,0.26
1024,2021-06-18,VDA,998,443,555,589,399,10,ITC,ITC2,2,Valle d'Aosta / Vallée d'Aoste,Valle d'Aosta,125666,23347,18.58,0.79
1025,2021-06-30,VDA,1117,542,575,415,692,10,ITC,ITC2,2,Valle d'Aosta / Vallée d'Aoste,Valle d'Aosta,125666,24464,19.47,0.89
1026,2021-01-31,VDA,291,91,200,58,233,0,ITC,ITC2,2,Valle d'Aosta / Vallée d'Aoste,Valle d'Aosta,125666,24755,19.7,0.23
1027,2021-02-24,VDA,183,82,101,162,19,2,ITC,ITC2,2,Valle d'Aosta / Vallée d'Aoste,Valle d'Aosta,125666,24938,19.84,0.15
1028,2021-04-08,VDA,584,282,302,420,143,21,ITC,ITC2,2,Valle d'Aosta / Vallée d'Aoste,Valle d'Aosta,125666,25522,20.31,0.46
1029,2021-06-13,VDA,851,399,452,370,478,3,ITC,ITC2,2,Valle d'Aosta / Vallée d'Aoste,Valle d'Aosta,125666,26373,20.99,0.68
1030,2021-06-08,VDA,712,356,356,675,33,4,ITC,ITC2,2,Valle d'Aosta / Vallée d'Aoste,Valle d'Aosta,125666,27085,21.55,0.57
1031,2021-06-04,VDA,908,383,525,470,433,5,ITC,ITC2,2,Valle d'Aosta / Vallée d'Aoste,Valle d'Aosta,125666,27993,22.28,0.72
1032,2021-01-19,VDA,256,77,179,256,0,0,ITC,ITC2,2,Valle d'Aosta / Vallée d'Aoste,Valle d'Aosta,125666,28249,22.48,0.2
1033,2021-02-10,VDA,248,77,171,141,107,0,ITC,ITC2,2,Valle d'Aosta / Vallée d'Aoste,Valle d'Aosta,125666,28497,22.68,0.2
1034,2021-03-25,VDA,389,154,235,364,10,15,ITC,ITC2,2,Valle d'Aosta / Vallée d'Aoste,Valle d'Aosta,125666,28886,22.99,0.31
1035,2021-05-21,VDA,917,433,484,515,386,16,ITC,ITC2,2,Valle d'Aosta / Vallée d'Aoste,Valle d'Aosta,125666,29803,23.72,0.73
1036,2021-04-17,VDA,638,407,231,593,2,43,ITC,ITC2,2,Valle d'Aosta / Vallée d'Aoste,Valle d'Aosta,125666,30441,24.22,0.51
1037,2021-01-07,VDA,276,111,165,276,0,0,ITC,ITC2,2,Valle d'Aosta / Vallée d'Aoste,Valle d'Aosta,125666,30717,24.44,0.22
1038,2021-02-19,VDA,292,102,190,266,24,2,ITC,ITC2,2,Valle d'Aosta / Vallée d'Aoste,Valle d'Aosta,125666,31009,24.68,0.23
1039,2021-04-22,VDA,1068,450,618,652,383,33,ITC,ITC2,2,Valle d'Aosta / Vallée d'Aoste,Valle d'Aosta,125666,32077,25.53,0.85
1040,2021-05-09,VDA,574,287,287,425,130,19,ITC,ITC2,2,Valle d'Aosta / Vallée d'Aoste,Valle d'Aosta,125666,32651,25.98,0.46
1041,2021-03-17,VDA,433,185,248,259,160,14,ITC,ITC2,2,Valle d'Aosta / Vallée d'Aoste,Valle d'Aosta,125666,33084,26.33,0.34
1042,2021-03-03,VDA,255,118,137,182,68,5,ITC,ITC2,2,Valle d'Aosta / Vallée d'Aoste,Valle d'Aosta,125666,33339,26.53,0.2
1043,2021-03-13,VDA,147,88,59,141,0,6,ITC,ITC2,2,Valle d'Aosta / Vallée d'Aoste,Valle d'Aosta,125666,33486,26.65,0.12
1044,2021-01-15,VDA,218,82,136,218,0,0,ITC,ITC2,2,Valle d'Aosta / Vallée d'Aoste,Valle d'Aosta,125666,33704,26.82,0.17
1045,2021-05-25,VDA,1115,530,585,529,574,12,ITC,ITC2,2,Valle d'Aosta / Vallée d'Aoste,Valle d'Aosta,125666,34819,27.71,0.89
1046,2021-02-14,VDA,48,16,32,1,47,0,ITC,ITC2,2,Valle d'Aosta / Vallée d'Aoste,Valle d'Aosta,125666,34867,27.75,0.04
1047,2021-05-08,VDA,904,540,364,497,378,29,ITC,ITC2,2,Valle d'Aosta / Vallée d'Aoste,Valle d'Aosta,125666,35771,28.47,0.72
1048,2021-04-05,VDA,464,223,241,439,6,19,ITC,ITC2,2,Valle d'Aosta / Vallée d'Aoste,Valle d'Aosta,125666,36235,28.83,0.37
1049,2021-06-27,VDA,1250,607,643,312,928,10,ITC,ITC2,2,Valle d'Aosta / Vallée d'Aoste,Valle d'Aosta,125666,37485,29.83,0.99
1050,2021-03-29,VDA,493,233,260,448,40,5,ITC,ITC2,2,Valle d'Aosta / Vallée d'Aoste,Valle d'Aosta,125666,37978,30.22,0.39
1051,2021-06-20,VDA,1131,545,586,477,644,10,ITC,ITC2,2,Valle d'Aosta / Vallée d'Aoste,Valle d'Aosta,125666,39109,31.12,0.9
1052,2021-03-12,VDA,531,175,356,291,226,14,ITC,ITC2,2,Valle d'Aosta / Vallée d'Aoste,Valle d'Aosta,125666,39640,31.54,0.42
1053,2021-03-10,VDA,438,183,255,220,213,5,ITC,ITC2,2,Valle d'Aosta / Vallée d'Aoste,Valle d'Aosta,125666,40078,31.89,0.35
1054,2021-02-21,VDA,18,3,15,0,18,0,ITC,ITC2,2,Valle d'Aosta / Vallée d'Aoste,Valle d'Aosta,125666,40096,31.91,0.01
1055,2021-06-01,VDA,871,469,402,510,353,8,ITC,ITC2,2,Valle d'Aosta / Vallée d'Aoste,Valle d'Aosta,125666,40967,32.6,0.69
1056,2021-03-22,VDA,560,205,355,324,227,9,ITC,ITC2,2,Valle d'Aosta / Vallée d'Aoste,Valle d'Aosta,125666,41527,33.05,0.45
1057,2021-01-05,VDA,150,54,96,150,0,0,ITC,ITC2,2,Valle d'Aosta / Vallée d'Aoste,Valle d'Aosta,125666,41677,33.16,0.12
1058,2021-01-14,VDA,237,69,168,237,0,0,ITC,ITC2,2,Valle d'Aosta / Vallée d'Aoste,Valle d'Aosta,125666,41914,33.35,0.19
1059,2021-04-24,VDA,722,400,322,533,167,22,ITC,ITC2,2,Valle d'Aosta / Vallée d'Aoste,Valle d'Aosta,125666,42636,33.93,0.57
1060,2021-04-19,VDA,752,325,427,520,209,23,ITC,ITC2,2,Valle d'Aosta / Vallée d'Aoste,Valle d'Aosta,125666,43388,34.53,0.6
1061,2021-02-26,VDA,207,58,149,108,85,14,ITC,ITC2,2,Valle d'Aosta / Vallée d'Aoste,Valle d'Aosta,125666,43595,34.69,0.16
1062,2021-04-10,VDA,404,190,214,387,5,12,ITC,ITC2,2,Valle d'Aosta / Vallée d'Aoste,Valle d'Aosta,125666,43999,35.01,0.32
1063,2020-12-31,VDA,18,4,14,18,0,0,ITC,ITC2,2,Valle d'Aosta / Vallée d'Aoste,Valle d'Aosta,125666,44017,35.03,0.01
1064,2021-06-06,VDA,1160,582,578,782,373,5,ITC,ITC2,2,Valle d'Aosta / Vallée d'Aoste,Valle d'Aosta,125666,45177,35.95,0.92
1065,2021-06-15,VDA,876,479,397,608,255,13,ITC,ITC2,2,Valle d'Aosta / Vallée d'Aoste,Valle d'Aosta,125666,46053,36.65,0.7
1066,2021-03-05,VDA,276,124,152,52,223,1,ITC,ITC2,2,Valle d'Aosta / Vallée d'Aoste,Valle d'Aosta,125666,46329,36.87,0.22
1067,2021-03-31,VDA,555,302,253,511,26,18,ITC,ITC2,2,Valle d'Aosta / Vallée d'Aoste,Valle d'Aosta,125666,46884,37.31,0.44
1068,2021-05-27,VDA,1089,497,592,574,503,12,ITC,ITC2,2,Valle d'Aosta / Vallée d'Aoste,Valle d'Aosta,125666,47973,38.18,0.87
1069,2021-05-13,VDA,1139,556,583,515,599,25,ITC,ITC2,2,Valle d'Aosta / Vallée d'Aoste,Valle d'Aosta,125666,49112,39.08,0.91
1070,2021-02-02,VDA,273,70,203,2,271,0,ITC,ITC2,2,Valle d'Aosta / Vallée d'Aoste,Valle d'Aosta,125666,49385,39.3,0.22
1071,2021-07-09,VDA,945,446,499,280,656,9,ITC,ITC2,2,Valle d'Aosta / Vallée d'Aoste,Valle d'Aosta,125666,50330,40.05,0.75
1072,2021-06-25,VDA,977,445,532,322,653,2,ITC,ITC2,2,Valle d'Aosta / Vallée d'Aoste,Valle d'Aosta,125666,51307,40.83,0.78
1073,2021-05-20,VDA,807,363,444,357,440,10,ITC,ITC2,2,Valle d'Aosta / Vallée d'Aoste,Valle d'Aosta,125666,52114,41.47,0.64
1074,2021-07-02,VDA,866,383,483,301,560,5,ITC,ITC2,2,Valle d'Aosta / Vallée d'Aoste,Valle d'Aosta,125666,52980,42.16,0.69
1075,2021-03-24,VDA,515,230,285,255,257,3,ITC,ITC2,2,Valle d'Aosta / Vallée d'Aoste,Valle d'Aosta,125666,53495,42.57,0.41
1076,2021-05-06,VDA,1067,511,556,649,384,34,ITC,ITC2,2,Valle d'Aosta / Vallée d'Aoste,Valle d'Aosta,125666,54562,43.42,0.85
1077,2021-01-26,VDA,139,48,91,0,139,0,ITC,ITC2,2,Valle d'Aosta / Vallée d'Aoste,Valle d'Aosta,125666,54701,43.53,0.11
1078,2021-02-12,VDA,263,96,167,216,46,1,ITC,ITC2,2,Valle d'Aosta / Vallée d'Aoste,Valle d'Aosta,125666,54964,43.74,0.21
1079,2021-01-12,VDA,302,72,230,302,0,0,ITC,ITC2,2,Valle d'Aosta / Vallée d'Aoste,Valle d'Aosta,125666,55266,43.98,0.24
1080,2021-02-16,VDA,326,53,273,309,6,11,ITC,ITC2,2,Valle d'Aosta / Vallée d'Aoste,Valle d'Aosta,125666,55592,44.24,0.26
1081,2021-07-14,VDA,399,214,185,3,396,0,ITC,ITC2,2,Valle d'Aosta / Vallée d'Aoste,Valle d'Aosta,125666,55991,44.56,0.32
1082,2021-01-28,VDA,291,123,168,56,235,0,ITC,ITC2,2,Valle d'Aosta / Vallée d'Aoste,Valle d'Aosta,125666,56282,44.79,0.23
1083,2021-02-23,VDA,216,123,93,215,0,1,ITC,ITC2,2,Valle d'Aosta / Vallée d'Aoste,Valle d'Aosta,125666,56498,44.96,0.17
1084,2021-06-03,VDA,1306,667,639,884,410,12,ITC,ITC2,2,Valle d'Aosta / Vallée d'Aoste,Valle d'Aosta,125666,57804,46.0,1.04
1085,2021-05-17,VDA,809,417,392,367,434,8,ITC,ITC2,2,Valle d'Aosta / Vallée d'Aoste,Valle d'Aosta,125666,58613,46.64,0.64
1086,2021-01-16,VDA,237,80,157,237,0,0,ITC,ITC2,2,Valle d'Aosta / Vallée d'Aoste,Valle d'Aosta,125666,58850,46.83,0.19
1087,2021-06-22,VDA,1189,666,523,529,648,12,ITC,ITC2,2,Valle d'Aosta / Vallée d'Aoste,Valle d'Aosta,125666,60039,47.78,0.95
1088,2021-03-14,VDA,392,200,192,373,0,19,ITC,ITC2,2,Valle d'Aosta / Vallée d'Aoste,Valle d'Aosta,125666,60431,48.09,0.31
1089,2021-04-26,VDA,715,327,388,512,170,33,ITC,ITC2,2,Valle d'Aosta / Vallée d'Aoste,Valle d'Aosta,125666,61146,48.66,0.57
1090,2021-07-01,VDA,962,473,489,328,621,13,ITC,ITC2,2,Valle d'Aosta / Vallée d'Aoste,Valle d'Aosta,125666,62108,49.42,0.77
1091,2021-02-28,VDA,260,86,174,73,183,4,ITC,ITC2,2,Valle d'Aosta / Vallée d'Aoste,Valle d'Aosta,125666,62368,49.63,0.21
1092,2021-05-05,VDA,1038,566,472,434,582,22,ITC,ITC2,2,Valle d'Aosta / Vallée d'Aoste,Valle d'Aosta,125666,63406,50.46,0.83
1093,2021-04-07,VDA,910,474,436,654,229,27,ITC,ITC2,2,Valle d'Aosta / Vallée d'Aoste,Valle d'Aosta,125666,64316,51.18,0.72
1094,2021-02-09,VDA,251,84,167,67,183,1,ITC,ITC2,2,Valle d'Aosta / Vallée d'Aoste,Valle d'Aosta,125666,64567,51.38,0.2
1095,2021-05-15,VDA,1065,614,451,367,685,13,ITC,ITC2,2,Valle d'Aosta / Vallée d'Aoste,Valle d'Aosta,125666,65632,52.23,0.85
1096,2021-02-04,VDA,294,86,208,8,286,0,ITC,ITC2,2,Valle d'Aosta / Vallée d'Aoste,Valle d'Aosta,125666,65926,52.46,0.23
1097,2021-04-28,VDA,1218,632,586,681,503,34,ITC,ITC2,2,Valle d'Aosta / Vallée d'Aoste,Valle d'Aosta,125666,67144,53.43,0.97
1098,2021-02-06,VDA,289,104,185,91,197,1,ITC,ITC2,2,Valle d'Aosta / Vallée d'Aoste,Valle d'Aosta,125666,67433,53.66,0.23
1099,2021-04-30,VDA,831,355,476,467,346,18,ITC,ITC2,2,Valle d'Aosta / Vallée d'Aoste,Valle d'Aosta,125666,68264,54.32,0.66
1100,2021-01-20,VDA,23,8,15,23,0,0,ITC,ITC2,2,Valle d'Aosta / Vallée d'Aoste,Valle d'Aosta,125666,68287,54.34,0.02
1101,2021-06-12,VDA,1232,599,633,1062,166,4,ITC,ITC2,2,Valle d'Aosta / Vallée d'Aoste,Valle d'Aosta,125666,69519,55.32,0.98
1102,2021-03-19,VDA,322,85,237,277,35,10,ITC,ITC2,2,Valle d'Aosta / Vallée d'Aoste,Valle d'Aosta,125666,69841,55.58,0.26
1103,2021-06-05,VDA,925,476,449,729,188,8,ITC,ITC2,2,Valle d'Aosta / Vallée d'Aoste,Valle d'Aosta,125666,70766,56.31,0.74
1104,2021-02-11,VDA,231,107,124,221,9,1,ITC,ITC2,2,Valle d'Aosta / Vallée d'Aoste,Valle d'Aosta,125666,70997,56.5,0.18
1105,2021-04-09,VDA,237,111,126,200,33,4,ITC,ITC2,2,Valle d'Aosta / Vallée d'Aoste,Valle d'Aosta,125666,71234,56.69,0.19
1106,2021-05-22,VDA,940,494,446,531,400,9,ITC,ITC2,2,Valle d'Aosta / Vallée d'Aoste,Valle d'Aosta,125666,72174,57.43,0.75
1107,2021-04-16,VDA,599,261,338,565,2,32,ITC,ITC2,2,Valle d'Aosta / Vallée d'Aoste,Valle d'Aosta,125666,72773,57.91,0.48
1108,2021-04-02,VDA,873,344,529,595,225,53,ITC,ITC2,2,Valle d'Aosta / Vallée d'Aoste,Valle d'Aosta,125666,73646,58.6,0.69
1109,2021-05-29,VDA,798,434,364,553,237,8,ITC,ITC2,2,Valle d'Aosta / Vallée d'Aoste,Valle d'Aosta,125666,74444,59.24,0.64
1110,2021-05-03,VDA,839,400,439,458,351,30,ITC,ITC2,2,Valle d'Aosta / Vallée d'Aoste,Valle d'Aosta,125666,75283,59.91,0.67
1111,2021-03-07,VDA,64,30,34,11,53,0,ITC,ITC2,2,Valle d'Aosta / Vallée d'Aoste,Valle d'Aosta,125666,75347,59.96,0.05
1112,2021-01-30,VDA,439,202,237,12,425,2,ITC,ITC2,2,Valle d'Aosta / Vallée d'Aoste,Valle d'Aosta,125666,75786,60.31,0.35
1113,2021-05-24,VDA,1136,516,620,673,447,16,ITC,ITC2,2,Valle d'Aosta / Vallée d'Aoste,Valle d'Aosta,125666,76922,61.21,0.9
1114,2021-05-10,VDA,782,381,401,531,235,16,ITC,ITC2,2,Valle d'Aosta / Vallée d'Aoste,Valle d'Aosta,125666,77704,61.83,0.62
1115,2021-04-21,VDA,868,410,458,588,248,32,ITC,ITC2,2,Valle d'Aosta / Vallée d'Aoste,Valle d'Aosta,125666,78572,62.52,0.69
1116,2021-07-13,VDA,1061,567,494,307,748,6,ITC,ITC2,2,Valle d'Aosta / Vallée d'Aoste,Valle d'Aosta,125666,79633,63.37,0.84
1117,2021-03-21,VDA,355,165,190,346,0,9,ITC,ITC2,2,Valle d'Aosta / Vallée d'Aoste,Valle d'Aosta,125666,79988,63.65,0.28
1118,2021-06-29,VDA,780,390,390,235,542,3,ITC,ITC2,2,Valle d'Aosta / Vallée d'Aoste,Valle d'Aosta,125666,80768,64.27,0.62
1119,2021-01-09,VDA,443,199,244,442,0,1,ITC,ITC2,2,Valle d'Aosta / Vallée d'Aoste,Valle d'Aosta,125666,81211,64.62,0.35
1120,2021-06-24,VDA,1221,629,592,379,833,9,ITC,ITC2,2,Valle d'Aosta / Vallée d'Aoste,Valle d'Aosta,125666,82432,65.6,0.97
1121,2021-07-03,VDA,935,484,451,390,536,9,ITC,ITC2,2,Valle d'Aosta / Vallée d'Aoste,Valle d'Aosta,125666,83367,66.34,0.74
1122,2021-02-08,VDA,223,83,140,25,198,0,ITC,ITC2,2,Valle d'Aosta / Vallée d'Aoste,Valle d'Aosta,125666,83590,66.52,0.18
1123,2021-03-23,VDA,379,150,229,228,134,17,ITC,ITC2,2,Valle d'Aosta / Vallée d'Aoste,Valle d'Aosta,125666,83969,66.82,0.3
1124,2021-05-19,VDA,993,498,495,411,575,7,ITC,ITC2,2,Valle d'Aosta / Vallée d'Aoste,Valle d'Aosta,125666,84962,67.61,0.79
1125,2021-03-16,VDA,182,37,145,109,64,9,ITC,ITC2,2,Valle d'Aosta / Vallée d'Aoste,Valle d'Aosta,125666,85144,67.75,0.14
1126,2021-04-18,VDA,522,254,268,492,4,26,ITC,ITC2,2,Valle d'Aosta / Vallée d'Aoste,Valle d'Aosta,125666,85666,68.17,0.42
1127,2021-06-14,VDA,306,163,143,12,294,0,ITC,ITC2,2,Valle d'Aosta / Vallée d'Aoste,Valle d'Aosta,125666,85972,68.41,0.24
1128,2021-05-31,VDA,880,396,484,490,379,11,ITC,ITC2,2,Valle d'Aosta / Vallée d'Aoste,Valle d'Aosta,125666,86852,69.11,0.7
1129,2021-04-25,VDA,849,408,441,673,139,37,ITC,ITC2,2,Valle d'Aosta / Vallée d'Aoste,Valle d'Aosta,125666,87701,69.79,0.68
1130,2021-06-21,VDA,1122,600,522,607,505,10,ITC,ITC2,2,Valle d'Aosta / Vallée d'Aoste,Valle d'Aosta,125666,88823,70.68,0.89
1131,2021-06-07,VDA,710,347,363,638,61,11,ITC,ITC2,2,Valle d'Aosta / Vallée d'Aoste,Valle d'Aosta,125666,89533,71.25,0.56
1132,2021-07-11,VDA,907,471,436,254,642,11,ITC,ITC2,2,Valle d'Aosta / Vallée d'Aoste,Valle d'Aosta,125666,90440,71.97,0.72
1133,2021-02-25,VDA,201,101,100,190,7,4,ITC,ITC2,2,Valle d'Aosta / Vallée d'Aoste,Valle d'Aosta,125666,90641,72.13,0.16
1134,2021-05-07,VDA,564,245,319,517,31,16,ITC,ITC2,2,Valle d'Aosta / Vallée d'Aoste,Valle d'Aosta,125666,91205,72.58,0.45
1135,2021-04-23,VDA,921,443,478,509,383,29,ITC,ITC2,2,Valle d'Aosta / Vallée d'Aoste,Valle d'Aosta,125666,92126,73.31,0.73
1136,2021-01-13,VDA,337,110,227,337,0,0,ITC,ITC2,2,Valle d'Aosta / Vallée d'Aoste,Valle d'Aosta,125666,92463,73.58,0.27
1137,2021-04-06,VDA,741,381,360,595,112,34,ITC,ITC2,2,Valle d'Aosta / Vallée d'Aoste,Valle d'Aosta,125666,93204,74.17,0.59
1138,2021-03-18,VDA,136,43,93,96,37,3,ITC,ITC2,2,Valle d'Aosta / Vallée d'Aoste,Valle d'Aosta,125666,93340,74.28,0.11
1139,2021-06-26,VDA,1061,509,552,350,704,7,ITC,ITC2,2,Valle d'Aosta / Vallée d'Aoste,Valle d'Aosta,125666,94401,75.12,0.84
1140,2021-03-04,VDA,291,139,152,40,249,2,ITC,ITC2,2,Valle d'Aosta / Vallée d'Aoste,Valle d'Aosta,125666,94692,75.35,0.23
1141,2021-05-26,VDA,1209,587,622,565,633,11,ITC,ITC2,2,Valle d'Aosta / Vallée d'Aoste,Valle d'Aosta,125666,95901,76.31,0.96
1142,2021-01-25,VDA,147,65,82,0,147,0,ITC,ITC2,2,Valle d'Aosta / Vallée d'Aoste,Valle d'Aosta,125666,96048,76.43,0.12
1143,2021-07-10,VDA,1289,667,622,321,957,11,ITC,ITC2,2,Valle d'Aosta / Vallée d'Aoste,Valle d'Aosta,125666,97337,77.46,1.03
1144,2021-05-14,VDA,960,442,518,249,669,42,ITC,ITC2,2,Valle d'Aosta / Vallée d'Aoste,Valle d'Aosta,125666,98297,78.22,0.76
1145,2021-02-01,VDA,404,127,277,84,317,3,ITC,ITC2,2,Valle d'Aosta / Vallée d'Aoste,Valle d'Aosta,125666,98701,78.54,0.32
1146,2021-07-08,VDA,1275,709,566,341,924,10,ITC,ITC2,2,Valle d'Aosta / Vallée d'Aoste,Valle d'Aosta,125666,99976,79.56,1.01
1147,2021-03-30,VDA,402,223,179,365,20,17,ITC,ITC2,2,Valle d'Aosta / Vallée d'Aoste,Valle d'Aosta,125666,100378,79.88,0.32
1148,2021-05-12,VDA,1140,549,591,439,670,31,ITC,ITC2,2,Valle d'Aosta / Vallée d'Aoste,Valle d'Aosta,125666,101518,80.78,0.91
1149,2021-06-10,VDA,1002,558,444,953,42,7,ITC,ITC2,2,Valle d'Aosta / Vallée d'Aoste,Valle d'Aosta,125666,102520,81.58,0.8
1150,2021-03-02,VDA,339,166,173,291,3,45,ITC,ITC2,2,Valle d'Aosta / Vallée d'Aoste,Valle d'Aosta,125666,102859,81.85,0.27
1151,2021-01-11,VDA,325,112,213,325,0,0,ITC,ITC2,2,Valle d'Aosta / Vallée d'Aoste,Valle d'Aosta,125666,103184,82.11,0.26
1152,2021-04-04,VDA,572,253,319,550,1,21,ITC,ITC2,2,Valle d'Aosta / Vallée d'Aoste,Valle d'Aosta,125666,103756,82.56,0.46
1153,2021-02-27,VDA,231,85,146,119,107,5,ITC,ITC2,2,Valle d'Aosta / Vallée d'Aoste,Valle d'Aosta,125666,103987,82.75,0.18
1154,2021-01-18,VDA,213,74,139,213,0,0,ITC,ITC2,2,Valle d'Aosta / Vallée d'Aoste,Valle d'Aosta,125666,104200,82.92,0.17
1155,2021-04-11,VDA,479,208,271,462,0,17,ITC,ITC2,2,Valle d'Aosta / Vallée d'Aoste,Valle d'Aosta,125666,104679,83.3,0.38
1156,2021-01-06,VDA,65,33,32,65,0,0,ITC,ITC2,2,Valle d'Aosta / Vallée d'Aoste,Valle d'Aosta,125666,104744,83.35,0.05
1157,2021-02-18,VDA,349,153,196,255,88,6,ITC,ITC2,2,Valle d'Aosta / Vallée d'Aoste,Valle d'Aosta,125666,105093,83.63,0.28
1158,2021-02-13,VDA,216,196,20,213,1,2,ITC,ITC2,2,Valle d'Aosta / Vallée d'Aoste,Valle d'Aosta,125666,105309,83.8,0.17
1159,2021-04-12,VDA,486,186,300,306,163,17,ITC,ITC2,2,Valle d'Aosta / Vallée d'Aoste,Valle d'Aosta,125666,105795,84.19,0.39
1160,2021-04-29,VDA,1291,634,657,736,534,21,ITC,ITC2,2,Valle d'Aosta / Vallée d'Aoste,Valle d'Aosta,125666,107086,85.21,1.03
1161,2021-07-04,VDA,1191,530,661,336,840,15,ITC,ITC2,2,Valle d'Aosta / Vallée d'Aoste,Valle d'Aosta,125666,108277,86.16,0.95
1162,2021-05-18,VDA,970,484,486,349,617,4,ITC,ITC2,2,Valle d'Aosta / Vallée d'Aoste,Valle d'Aosta,125666,109247,86.93,0.77
1163,2021-02-07,VDA,292,120,172,190,102,0,ITC,ITC2,2,Valle d'Aosta / Vallée d'Aoste,Valle d'Aosta,125666,109539,87.17,0.23
1164,2021-05-01,VDA,940,563,377,439,484,17,ITC,ITC2,2,Valle d'Aosta / Vallée d'Aoste,Valle d'Aosta,125666,110479,87.91,0.75
1165,2021-04-14,VDA,941,430,511,689,224,28,ITC,ITC2,2,Valle d'Aosta / Vallée d'Aoste,Valle d'Aosta,125666,111420,88.66,0.75
1166,2021-07-06,VDA,878,477,401,155,718,5,ITC,ITC2,2,Valle d'Aosta / Vallée d'Aoste,Valle d'Aosta,125666,112298,89.36,0.7
1167,2021-01-02,VDA,6,5,1,6,0,0,ITC,ITC2,2,Valle d'Aosta / Vallée d'Aoste,Valle d'Aosta,125666,112304,89.37,0.0
1168,2021-03-26,VDA,498,204,294,472,7,19,ITC,ITC2,2,Valle d'Aosta / Vallée d'Aoste,Valle d'Aosta,125666,112802,89.76,0.4
1169,2021-06-17,VDA,775,422,353,614,149,12,ITC,ITC2,2,Valle d'Aosta / Vallée d'Aoste,Valle d'Aosta,125666,113577,90.38,0.62
1170,2021-01-21,VDA,33,12,21,33,0,0,ITC,ITC2,2,Valle d'Aosta / Vallée d'Aoste,Valle d'Aosta,125666,113610,90.41,0.03
1171,2021-01-04,VDA,142,59,83,142,0,0,ITC,ITC2,2,Valle d'Aosta / Vallée d'Aoste,Valle d'Aosta,125666,113752,90.52,0.11
1172,2021-03-28,VDA,522,212,310,492,1,29,ITC,ITC2,2,Valle d'Aosta / Vallée d'Aoste,Valle d'Aosta,125666,114274,90.93,0.42
1173,2021-03-11,VDA,197,76,121,66,131,0,ITC,ITC2,2,Valle d'Aosta / Vallée d'Aoste,Valle d'Aosta,125666,114471,91.09,0.16
1174,2021-06-02,VDA,1215,688,527,812,401,2,ITC,ITC2,2,Valle d'Aosta / Vallée d'Aoste,Valle d'Aosta,125666,115686,92.06,0.97
1175,2021-06-19,VDA,1288,667,621,657,619,12,ITC,ITC2,2,Valle d'Aosta / Vallée d'Aoste,Valle d'Aosta,125666,116974,93.08,1.02
1176,2021-03-09,VDA,206,96,110,166,32,8,ITC,ITC2,2,Valle d'Aosta / Vallée d'Aoste,Valle d'Aosta,125666,117180,93.25,0.16
1177,2021-02-20,VDA,251,210,41,238,10,3,ITC,ITC2,2,Valle d'Aosta / Vallée d'Aoste,Valle d'Aosta,125666,117431,93.45,0.2
1178,2021-02-06,PAT,575,299,276,434,141,0,ITH,ITH2,4,Provincia Autonoma Trento,P.A. Trento,541380,575,0.11,0.11
1179,2021-02-23,PAT,1112,395,717,878,213,21,ITH,ITH2,4,Provincia Autonoma Trento,P.A. Trento,541380,1687,0.31,0.21
1180,2021-05-17,PAT,4294,2122,2172,3710,351,233,ITH,ITH2,4,Provincia Autonoma Trento,P.A. Trento,541380,5981,1.1,0.79
1181,2021-04-14,PAT,3119,1465,1654,2231,737,151,ITH,ITH2,4,Provincia Autonoma Trento,P.A. Trento,541380,9100,1.68,0.58
1182,2021-03-28,PAT,753,294,459,705,2,46,ITH,ITH2,4,Provincia Autonoma Trento,P.A. Trento,541380,9853,1.82,0.14
1183,2021-06-29,PAT,6221,3135,3086,2643,3505,73,ITH,ITH2,4,Provincia Autonoma Trento,P.A. Trento,541380,16074,2.97,1.15
1184,2021-06-12,PAT,5361,2688,2673,424,4889,48,ITH,ITH2,4,Provincia Autonoma Trento,P.A. Trento,541380,21435,3.96,0.99
1185,2021-03-21,PAT,129,69,60,125,0,4,ITH,ITH2,4,Provincia Autonoma Trento,P.A. Trento,541380,21564,3.98,0.02
1186,2021-05-24,PAT,4385,2014,2371,1248,3023,114,ITH,ITH2,4,Provincia Autonoma Trento,P.A. Trento,541380,25949,4.79,0.81
1187,2021-03-02,PAT,1307,440,867,902,376,29,ITH,ITH2,4,Provincia Autonoma Trento,P.A. Trento,541380,27256,5.03,0.24
1188,2021-06-10,PAT,6128,2979,3149,1787,4212,129,ITH,ITH2,4,Provincia Autonoma Trento,P.A. Trento,541380,33384,6.17,1.13
1189,2021-05-31,PAT,4725,2175,2550,1569,3047,109,ITH,ITH2,4,Provincia Autonoma Trento,P.A. Trento,541380,38109,7.04,0.87
1190,2021-03-09,PAT,1585,591,994,908,646,31,ITH,ITH2,4,Provincia Autonoma Trento,P.A. Trento,541380,39694,7.33,0.29
1191,2021-06-17,PAT,6602,3462,3140,1959,4480,163,ITH,ITH2,4,Provincia Autonoma Trento,P.A. Trento,541380,46296,8.55,1.22
1192,2021-03-14,PAT,108,65,43,19,87,2,ITH,ITH2,4,Provincia Autonoma Trento,P.A. Trento,541380,46404,8.57,0.02
1193,2021-01-23,PAT,577,334,243,387,189,1,ITH,ITH2,4,Provincia Autonoma Trento,P.A. Trento,541380,46981,8.68,0.11
1194,2021-05-03,PAT,4260,2197,2063,3807,154,299,ITH,ITH2,4,Provincia Autonoma Trento,P.A. Trento,541380,51241,9.46,0.79
1195,2021-07-01,PAT,6932,3605,3327,3434,3323,175,ITH,ITH2,4,Provincia Autonoma Trento,P.A. Trento,541380,58173,10.75,1.28
1196,2021-05-05,PAT,4991,2580,2411,4383,298,310,ITH,ITH2,4,Provincia Autonoma Trento,P.A. Trento,541380,63164,11.67,0.92
1197,2021-01-16,PAT,319,148,171,319,0,0,ITH,ITH2,4,Provincia Autonoma Trento,P.A. Trento,541380,63483,11.73,0.06
1198,2021-07-13,PAT,3432,1742,1690,1474,1848,110,ITH,ITH2,4,Provincia Autonoma Trento,P.A. Trento,541380,66915,12.36,0.63
1199,2021-04-21,PAT,2910,1359,1551,2710,50,150,ITH,ITH2,4,Provincia Autonoma Trento,P.A. Trento,541380,69825,12.9,0.54
1200,2021-01-28,PAT,530,147,383,48,482,0,ITH,ITH2,4,Provincia Autonoma Trento,P.A. Trento,541380,70355,13.0,0.1
1201,2021-01-11,PAT,732,223,509,732,0,0,ITH,ITH2,4,Provincia Autonoma Trento,P.A. Trento,541380,71087,13.13,0.14
1202,2021-02-16,PAT,666,246,420,650,5,11,ITH,ITH2,4,Provincia Autonoma Trento,P.A. Trento,541380,71753,13.25,0.12
1203,2021-04-23,PAT,3638,1770,1868,3405,54,179,ITH,ITH2,4,Provincia Autonoma Trento,P.A. Trento,541380,75391,13.93,0.67
1204,2021-01-30,PAT,386,132,254,152,234,0,ITH,ITH2,4,Provincia Autonoma Trento,P.A. Trento,541380,75777,14.0,0.07
1205,2021-03-26,PAT,3231,1257,1974,2480,610,141,ITH,ITH2,4,Provincia Autonoma Trento,P.A. Trento,541380,79008,14.59,0.6
1206,2021-06-19,PAT,3098,1696,1402,224,2842,32,ITH,ITH2,4,Provincia Autonoma Trento,P.A. Trento,541380,82106,15.17,0.57
1207,2021-04-09,PAT,2740,1162,1578,1473,1200,67,ITH,ITH2,4,Provincia Autonoma Trento,P.A. Trento,541380,84846,15.67,0.51
1208,2021-02-11,PAT,1135,365,770,795,339,1,ITH,ITH2,4,Provincia Autonoma Trento,P.A. Trento,541380,85981,15.88,0.21
1209,2021-02-25,PAT,1641,643,998,1190,441,10,ITH,ITH2,4,Provincia Autonoma Trento,P.A. Trento,541380,87622,16.18,0.3
1210,2020-12-30,PAT,7,3,4,7,0,0,ITH,ITH2,4,Provincia Autonoma Trento,P.A. Trento,541380,87629,16.19,0.0
1211,2021-06-05,PAT,4081,1915,2166,674,3331,76,ITH,ITH2,4,Provincia Autonoma Trento,P.A. Trento,541380,91710,16.94,0.75
1212,2021-05-22,PAT,3258,1598,1660,832,2333,93,ITH,ITH2,4,Provincia Autonoma Trento,P.A. Trento,541380,94968,17.54,0.6
1213,2021-01-04,PAT,872,229,643,870,0,2,ITH,ITH2,4,Provincia Autonoma Trento,P.A. Trento,541380,95840,17.7,0.16
1214,2021-07-06,PAT,5005,2634,2371,2912,1911,182,ITH,ITH2,4,Provincia Autonoma Trento,P.A. Trento,541380,100845,18.63,0.92
1215,2021-01-18,PAT,644,154,490,589,55,0,ITH,ITH2,4,Provincia Autonoma Trento,P.A. Trento,541380,101489,18.75,0.12
1216,2021-03-04,PAT,2362,794,1568,1542,779,41,ITH,ITH2,4,Provincia Autonoma Trento,P.A. Trento,541380,103851,19.18,0.44
1217,2021-02-20,PAT,407,245,162,122,284,1,ITH,ITH2,4,Provincia Autonoma Trento,P.A. Trento,541380,104258,19.26,0.08
1218,2021-01-08,PAT,1451,314,1137,1450,0,1,ITH,ITH2,4,Provincia Autonoma Trento,P.A. Trento,541380,105709,19.53,0.27
1219,2021-06-14,PAT,5742,2969,2773,2001,3626,115,ITH,ITH2,4,Provincia Autonoma Trento,P.A. Trento,541380,111451,20.59,1.06
1220,2021-04-18,PAT,1855,845,1010,1788,9,58,ITH,ITH2,4,Provincia Autonoma Trento,P.A. Trento,541380,113306,20.93,0.34
1221,2021-03-07,PAT,22,6,16,22,0,0,ITH,ITH2,4,Provincia Autonoma Trento,P.A. Trento,541380,113328,20.93,0.0
1222,2021-01-09,PAT,190,40,150,190,0,0,ITH,ITH2,4,Provincia Autonoma Trento,P.A. Trento,541380,113518,20.97,0.04
1223,2021-06-24,PAT,5923,3103,2820,3550,2185,188,ITH,ITH2,4,Provincia Autonoma Trento,P.A. Trento,541380,119441,22.06,1.09
1224,2021-05-12,PAT,3305,1494,1811,1953,1187,165,ITH,ITH2,4,Provincia Autonoma Trento,P.A. Trento,541380,122746,22.67,0.61
1225,2021-03-16,PAT,1391,506,885,577,783,31,ITH,ITH2,4,Provincia Autonoma Trento,P.A. Trento,541380,124137,22.93,0.26
1226,2021-05-14,PAT,5322,2543,2779,3640,1387,295,ITH,ITH2,4,Provincia Autonoma Trento,P.A. Trento,541380,129459,23.91,0.98
1227,2021-02-08,PAT,1153,319,834,342,811,0,ITH,ITH2,4,Provincia Autonoma Trento,P.A. Trento,541380,130612,24.13,0.21
1228,2021-05-10,PAT,3213,1647,1566,2498,506,209,ITH,ITH2,4,Provincia Autonoma Trento,P.A. Trento,541380,133825,24.72,0.59
1229,2021-03-18,PAT,2320,957,1363,1216,1080,24,ITH,ITH2,4,Provincia Autonoma Trento,P.A. Trento,541380,136145,25.15,0.43
1230,2021-06-09,PAT,6242,3079,3163,2085,4078,79,ITH,ITH2,4,Provincia Autonoma Trento,P.A. Trento,541380,142387,26.3,1.15
1231,2021-06-26,PAT,1391,726,665,660,713,18,ITH,ITH2,4,Provincia Autonoma Trento,P.A. Trento,541380,143778,26.56,0.26
1232,2021-04-28,PAT,4251,1977,2274,3869,138,244,ITH,ITH2,4,Provincia Autonoma Trento,P.A. Trento,541380,148029,27.34,0.79
1233,2021-04-01,PAT,2905,1231,1674,1720,1094,91,ITH,ITH2,4,Provincia Autonoma Trento,P.A. Trento,541380,150934,27.88,0.54
1234,2021-07-10,PAT,1006,521,485,133,848,25,ITH,ITH2,4,Provincia Autonoma Trento,P.A. Trento,541380,151940,28.07,0.19
1235,2021-03-23,PAT,2448,944,1504,1609,740,99,ITH,ITH2,4,Provincia Autonoma Trento,P.A. Trento,541380,154388,28.52,0.45
1236,2021-07-08,PAT,3936,2099,1837,2342,1434,160,ITH,ITH2,4,Provincia Autonoma Trento,P.A. Trento,541380,158324,29.24,0.73
1237,2021-02-04,PAT,976,304,672,421,554,1,ITH,ITH2,4,Provincia Autonoma Trento,P.A. Trento,541380,159300,29.42,0.18
1238,2021-04-13,PAT,2556,1059,1497,1970,507,79,ITH,ITH2,4,Provincia Autonoma Trento,P.A. Trento,541380,161856,29.9,0.47
1239,2021-01-20,PAT,292,73,219,280,12,0,ITH,ITH2,4,Provincia Autonoma Trento,P.A. Trento,541380,162148,29.95,0.05
1240,2021-04-30,PAT,4931,2405,2526,4410,152,369,ITH,ITH2,4,Provincia Autonoma Trento,P.A. Trento,541380,167079,30.86,0.91
1241,2021-05-19,PAT,5104,2460,2644,3600,1256,248,ITH,ITH2,4,Provincia Autonoma Trento,P.A. Trento,541380,172183,31.8,0.94
1242,2021-05-29,PAT,2236,1167,1069,755,1397,84,ITH,ITH2,4,Provincia Autonoma Trento,P.A. Trento,541380,174419,32.22,0.41
1243,2021-04-02,PAT,2846,1157,1689,2010,675,161,ITH,ITH2,4,Provincia Autonoma Trento,P.A. Trento,541380,177265,32.74,0.53
1244,2021-04-16,PAT,2866,1360,1506,2566,145,155,ITH,ITH2,4,Provincia Autonoma Trento,P.A. Trento,541380,180131,33.27,0.53
1245,2021-02-18,PAT,1211,429,782,1136,63,12,ITH,ITH2,4,Provincia Autonoma Trento,P.A. Trento,541380,181342,33.5,0.22
1246,2021-05-02,PAT,3514,1955,1559,3266,37,211,ITH,ITH2,4,Provincia Autonoma Trento,P.A. Trento,541380,184856,34.15,0.65
1247,2021-03-13,PAT,835,384,451,719,48,68,ITH,ITH2,4,Provincia Autonoma Trento,P.A. Trento,541380,185691,34.3,0.15
1248,2021-07-05,PAT,5231,2741,2490,3618,1375,238,ITH,ITH2,4,Provincia Autonoma Trento,P.A. Trento,541380,190922,35.27,0.97
1249,2021-01-27,PAT,810,280,530,92,716,2,ITH,ITH2,4,Provincia Autonoma Trento,P.A. Trento,541380,191732,35.42,0.15
1250,2021-02-13,PAT,537,333,204,172,365,0,ITH,ITH2,4,Provincia Autonoma Trento,P.A. Trento,541380,192269,35.51,0.1
1251,2021-05-07,PAT,6000,3086,2914,4798,841,361,ITH,ITH2,4,Provincia Autonoma Trento,P.A. Trento,541380,198269,36.62,1.11
1252,2021-04-20,PAT,2879,1377,1502,2670,36,173,ITH,ITH2,4,Provincia Autonoma Trento,P.A. Trento,541380,201148,37.15,0.53
1253,2021-05-09,PAT,2324,1210,1114,1850,344,130,ITH,ITH2,4,Provincia Autonoma Trento,P.A. Trento,541380,203472,37.58,0.43
1254,2021-02-15,PAT,534,188,346,418,114,2,ITH,ITH2,4,Provincia Autonoma Trento,P.A. Trento,541380,204006,37.68,0.1
1255,2021-05-26,PAT,3918,1843,2075,1106,2692,120,ITH,ITH2,4,Provincia Autonoma Trento,P.A. Trento,541380,207924,38.41,0.72
1256,2021-03-06,PAT,786,277,509,595,151,40,ITH,ITH2,4,Provincia Autonoma Trento,P.A. Trento,541380,208710,38.55,0.15
1257,2021-04-11,PAT,2340,1135,1205,2161,91,88,ITH,ITH2,4,Provincia Autonoma Trento,P.A. Trento,541380,211050,38.98,0.43
1258,2021-02-27,PAT,1031,458,573,590,422,19,ITH,ITH2,4,Provincia Autonoma Trento,P.A. Trento,541380,212081,39.17,0.19
1259,2021-01-01,PAT,214,50,164,214,0,0,ITH,ITH2,4,Provincia Autonoma Trento,P.A. Trento,541380,212295,39.21,0.04
1260,2021-06-07,PAT,5789,2880,2909,2629,2983,177,ITH,ITH2,4,Provincia Autonoma Trento,P.A. Trento,541380,218084,40.28,1.07
1261,2021-04-25,PAT,1971,940,1031,1850,7,114,ITH,ITH2,4,Provincia Autonoma Trento,P.A. Trento,541380,220055,40.65,0.36
1262,2021-05-28,PAT,3721,1736,1985,1359,2228,134,ITH,ITH2,4,Provincia Autonoma Trento,P.A. Trento,541380,223776,41.33,0.69
1263,2021-01-25,PAT,818,215,603,24,794,0,ITH,ITH2,4,Provincia Autonoma Trento,P.A. Trento,541380,224594,41.49,0.15
1264,2021-03-25,PAT,2875,1105,1770,1719,1049,107,ITH,ITH2,4,Provincia Autonoma Trento,P.A. Trento,541380,227469,42.02,0.53
1265,2021-07-03,PAT,1256,669,587,79,1171,6,ITH,ITH2,4,Provincia Autonoma Trento,P.A. Trento,541380,228725,42.25,0.23
1266,2021-03-30,PAT,2388,973,1415,1652,637,99,ITH,ITH2,4,Provincia Autonoma Trento,P.A. Trento,541380,231113,42.69,0.44
1267,2021-05-21,PAT,5055,2422,2633,3078,1711,266,ITH,ITH2,4,Provincia Autonoma Trento,P.A. Trento,541380,236168,43.62,0.93
1268,2021-02-01,PAT,1224,338,886,92,1132,0,ITH,ITH2,4,Provincia Autonoma Trento,P.A. Trento,541380,237392,43.85,0.23
1269,2021-01-06,PAT,42,13,29,42,0,0,ITH,ITH2,4,Provincia Autonoma Trento,P.A. Trento,541380,237434,43.86,0.01
1270,2021-06-16,PAT,6215,3348,2867,1928,4167,120,ITH,ITH2,4,Provincia Autonoma Trento,P.A. Trento,541380,243649,45.01,1.15
1271,2021-06-02,PAT,2838,1359,1479,877,1894,67,ITH,ITH2,4,Provincia Autonoma Trento,P.A. Trento,541380,246487,45.53,0.52
1272,2021-03-11,PAT,2317,863,1454,1445,829,43,ITH,ITH2,4,Provincia Autonoma Trento,P.A. Trento,541380,248804,45.96,0.43
1273,2021-03-15,PAT,1411,545,866,893,464,54,ITH,ITH2,4,Provincia Autonoma Trento,P.A. Trento,541380,250215,46.22,0.26
1274,2021-01-17,PAT,251,195,56,251,0,0,ITH,ITH2,4,Provincia Autonoma Trento,P.A. Trento,541380,250466,46.26,0.05
1275,2021-06-23,PAT,6514,3450,3064,4447,1871,196,ITH,ITH2,4,Provincia Autonoma Trento,P.A. Trento,541380,256980,47.47,1.2
1276,2021-05-11,PAT,3702,1751,1951,2612,851,239,ITH,ITH2,4,Provincia Autonoma Trento,P.A. Trento,541380,260682,48.15,0.68
1277,2021-04-27,PAT,3916,1882,2034,3570,69,277,ITH,ITH2,4,Provincia Autonoma Trento,P.A. Trento,541380,264598,48.87,0.72
1278,2021-06-21,PAT,6136,3313,2823,3557,2398,181,ITH,ITH2,4,Provincia Autonoma Trento,P.A. Trento,541380,270734,50.01,1.13
1279,2021-04-29,PAT,4650,2245,2405,4136,214,300,ITH,ITH2,4,Provincia Autonoma Trento,P.A. Trento,541380,275384,50.87,0.86
1280,2021-01-22,PAT,1674,435,1239,330,1343,1,ITH,ITH2,4,Provincia Autonoma Trento,P.A. Trento,541380,277058,51.18,0.31
1281,2021-02-05,PAT,805,272,533,283,522,0,ITH,ITH2,4,Provincia Autonoma Trento,P.A. Trento,541380,277863,51.32,0.15
1282,2021-05-16,PAT,1331,736,595,1025,239,67,ITH,ITH2,4,Provincia Autonoma Trento,P.A. Trento,541380,279194,51.57,0.25
1283,2021-01-05,PAT,711,233,478,711,0,0,ITH,ITH2,4,Provincia Autonoma Trento,P.A. Trento,541380,279905,51.7,0.13
1284,2021-06-06,PAT,2230,1062,1168,423,1785,22,ITH,ITH2,4,Provincia Autonoma Trento,P.A. Trento,541380,282135,52.11,0.41
1285,2021-07-12,PAT,4043,2025,2018,1915,1951,177,ITH,ITH2,4,Provincia Autonoma Trento,P.A. Trento,541380,286178,52.86,0.75
1286,2021-02-17,PAT,1113,425,688,1017,91,5,ITH,ITH2,4,Provincia Autonoma Trento,P.A. Trento,541380,287291,53.07,0.21
1287,2021-02-03,PAT,847,315,532,414,433,0,ITH,ITH2,4,Provincia Autonoma Trento,P.A. Trento,541380,288138,53.22,0.16
1288,2021-05-23,PAT,1956,994,962,420,1508,28,ITH,ITH2,4,Provincia Autonoma Trento,P.A. Trento,541380,290094,53.58,0.36
1289,2021-04-10,PAT,2823,1321,1502,1949,795,79,ITH,ITH2,4,Provincia Autonoma Trento,P.A. Trento,541380,292917,54.11,0.52
1290,2021-05-04,PAT,4512,2448,2064,4124,95,293,ITH,ITH2,4,Provincia Autonoma Trento,P.A. Trento,541380,297429,54.94,0.83
1291,2021-03-08,PAT,1411,434,977,1028,354,29,ITH,ITH2,4,Provincia Autonoma Trento,P.A. Trento,541380,298840,55.2,0.26
1292,2021-03-22,PAT,2306,973,1333,1375,875,56,ITH,ITH2,4,Provincia Autonoma Trento,P.A. Trento,541380,301146,55.63,0.43
1293,2021-01-24,PAT,548,276,272,224,324,0,ITH,ITH2,4,Provincia Autonoma Trento,P.A. Trento,541380,301694,55.73,0.1
1294,2021-06-30,PAT,6674,3434,3240,2593,4002,79,ITH,ITH2,4,Provincia Autonoma Trento,P.A. Trento,541380,308368,56.96,1.23
1295,2021-01-10,PAT,85,20,65,85,0,0,ITH,ITH2,4,Provincia Autonoma Trento,P.A. Trento,541380,308453,56.98,0.02
1296,2021-01-29,PAT,1358,334,1024,55,1303,0,ITH,ITH2,4,Provincia Autonoma Trento,P.A. Trento,541380,309811,57.23,0.25
1297,2021-07-14,PAT,1446,738,708,611,808,27,ITH,ITH2,4,Provincia Autonoma Trento,P.A. Trento,541380,311257,57.49,0.27
1298,2021-04-22,PAT,3152,1470,1682,2933,45,174,ITH,ITH2,4,Provincia Autonoma Trento,P.A. Trento,541380,314409,58.08,0.58
1299,2021-04-07,PAT,2624,1017,1607,1566,943,115,ITH,ITH2,4,Provincia Autonoma Trento,P.A. Trento,541380,317033,58.56,0.48
1300,2021-06-27,PAT,1303,698,605,359,940,4,ITH,ITH2,4,Provincia Autonoma Trento,P.A. Trento,541380,318336,58.8,0.24
1301,2021-01-12,PAT,507,158,349,506,0,1,ITH,ITH2,4,Provincia Autonoma Trento,P.A. Trento,541380,318843,58.89,0.09
1302,2021-04-15,PAT,3202,1443,1759,2810,154,238,ITH,ITH2,4,Provincia Autonoma Trento,P.A. Trento,541380,322045,59.49,0.59
1303,2021-06-18,PAT,6938,3692,3246,1726,5119,93,ITH,ITH2,4,Provincia Autonoma Trento,P.A. Trento,541380,328983,60.77,1.28
1304,2021-03-27,PAT,1620,710,910,1289,257,74,ITH,ITH2,4,Provincia Autonoma Trento,P.A. Trento,541380,330603,61.07,0.3
1305,2021-06-04,PAT,5828,2606,3222,1707,3994,127,ITH,ITH2,4,Provincia Autonoma Trento,P.A. Trento,541380,336431,62.14,1.08
1306,2021-02-24,PAT,1325,525,800,905,399,21,ITH,ITH2,4,Provincia Autonoma Trento,P.A. Trento,541380,337756,62.39,0.24
1307,2021-06-25,PAT,7498,4019,3479,4037,3380,81,ITH,ITH2,4,Provincia Autonoma Trento,P.A. Trento,541380,345254,63.77,1.38
1308,2021-07-02,PAT,7165,3895,3270,3387,3557,221,ITH,ITH2,4,Provincia Autonoma Trento,P.A. Trento,541380,352419,65.1,1.32
1309,2021-02-10,PAT,854,291,563,511,342,1,ITH,ITH2,4,Provincia Autonoma Trento,P.A. Trento,541380,353273,65.25,0.16
1310,2021-04-08,PAT,3141,1316,1825,1930,1119,92,ITH,ITH2,4,Provincia Autonoma Trento,P.A. Trento,541380,356414,65.83,0.58
1311,2020-12-31,PAT,1627,449,1178,1627,0,0,ITH,ITH2,4,Provincia Autonoma Trento,P.A. Trento,541380,358041,66.13,0.3
1312,2021-07-07,PAT,4338,2324,2014,2756,1385,197,ITH,ITH2,4,Provincia Autonoma Trento,P.A. Trento,541380,362379,66.94,0.8
1313,2021-01-03,PAT,493,160,333,493,0,0,ITH,ITH2,4,Provincia Autonoma Trento,P.A. Trento,541380,362872,67.03,0.09
1314,2021-02-22,PAT,747,259,488,657,84,6,ITH,ITH2,4,Provincia Autonoma Trento,P.A. Trento,541380,363619,67.17,0.14
1315,2021-05-30,PAT,1770,872,898,862,840,68,ITH,ITH2,4,Provincia Autonoma Trento,P.A. Trento,541380,365389,67.49,0.33
1316,2021-04-03,PAT,1143,471,672,905,171,67,ITH,ITH2,4,Provincia Autonoma Trento,P.A. Trento,541380,366532,67.7,0.21
1317,2021-04-24,PAT,3550,1701,1849,3336,15,199,ITH,ITH2,4,Provincia Autonoma Trento,P.A. Trento,541380,370082,68.36,0.66
1318,2021-02-26,PAT,1218,435,783,900,295,23,ITH,ITH2,4,Provincia Autonoma Trento,P.A. Trento,541380,371300,68.58,0.22
1319,2021-01-14,PAT,701,203,498,699,0,2,ITH,ITH2,4,Provincia Autonoma Trento,P.A. Trento,541380,372001,68.71,0.13
1320,2021-02-28,PAT,242,121,121,232,0,10,ITH,ITH2,4,Provincia Autonoma Trento,P.A. Trento,541380,372243,68.76,0.04
1321,2021-06-08,PAT,5920,2863,3057,1750,4050,120,ITH,ITH2,4,Provincia Autonoma Trento,P.A. Trento,541380,378163,69.85,1.09
1322,2021-04-26,PAT,2659,1254,1405,2399,95,165,ITH,ITH2,4,Provincia Autonoma Trento,P.A. Trento,541380,380822,70.34,0.49
1323,2021-02-19,PAT,929,359,570,838,59,32,ITH,ITH2,4,Provincia Autonoma Trento,P.A. Trento,541380,381751,70.51,0.17
1324,2021-01-31,PAT,76,16,60,1,75,0,ITH,ITH2,4,Provincia Autonoma Trento,P.A. Trento,541380,381827,70.53,0.01
1325,2021-07-04,PAT,211,119,92,61,148,2,ITH,ITH2,4,Provincia Autonoma Trento,P.A. Trento,541380,382038,70.57,0.04
1326,2021-01-15,PAT,597,132,465,596,0,1,ITH,ITH2,4,Provincia Autonoma Trento,P.A. Trento,541380,382635,70.68,0.11
1327,2021-05-20,PAT,5016,2358,2658,3104,1636,276,ITH,ITH2,4,Provincia Autonoma Trento,P.A. Trento,541380,387651,71.6,0.93
1328,2021-03-24,PAT,2377,940,1437,1444,820,113,ITH,ITH2,4,Provincia Autonoma Trento,P.A. Trento,541380,390028,72.04,0.44
1329,2021-02-09,PAT,918,287,631,442,475,1,ITH,ITH2,4,Provincia Autonoma Trento,P.A. Trento,541380,390946,72.21,0.17
1330,2021-03-17,PAT,2071,792,1279,1120,871,80,ITH,ITH2,4,Provincia Autonoma Trento,P.A. Trento,541380,393017,72.6,0.38
1331,2021-06-03,PAT,4767,2235,2532,1203,3465,99,ITH,ITH2,4,Provincia Autonoma Trento,P.A. Trento,541380,397784,73.48,0.88
1332,2021-01-19,PAT,407,77,330,407,0,0,ITH,ITH2,4,Provincia Autonoma Trento,P.A. Trento,541380,398191,73.55,0.08
1333,2021-03-10,PAT,2405,929,1476,1426,922,57,ITH,ITH2,4,Provincia Autonoma Trento,P.A. Trento,541380,400596,74.0,0.44
1334,2021-06-22,PAT,6189,3380,2809,3470,2537,182,ITH,ITH2,4,Provincia Autonoma Trento,P.A. Trento,541380,406785,75.14,1.14
1335,2021-03-05,PAT,2248,704,1544,1590,566,92,ITH,ITH2,4,Provincia Autonoma Trento,P.A. Trento,541380,409033,75.55,0.42
1336,2021-01-07,PAT,1272,310,962,1269,0,3,ITH,ITH2,4,Provincia Autonoma Trento,P.A. Trento,541380,410305,75.79,0.23
1337,2021-04-17,PAT,2232,1139,1093,2072,57,103,ITH,ITH2,4,Provincia Autonoma Trento,P.A. Trento,541380,412537,76.2,0.41
1338,2021-04-19,PAT,2625,1235,1390,2420,22,183,ITH,ITH2,4,Provincia Autonoma Trento,P.A. Trento,541380,415162,76.69,0.48
1339,2021-06-15,PAT,6241,3284,2957,1589,4518,134,ITH,ITH2,4,Provincia Autonoma Trento,P.A. Trento,541380,421403,77.84,1.15
1340,2021-05-18,PAT,4254,2010,2244,3130,846,278,ITH,ITH2,4,Provincia Autonoma Trento,P.A. Trento,541380,425657,78.62,0.79
1341,2021-03-12,PAT,2518,940,1578,1641,806,71,ITH,ITH2,4,Provincia Autonoma Trento,P.A. Trento,541380,428175,79.09,0.47
1342,2021-06-20,PAT,1869,1034,835,27,1837,5,ITH,ITH2,4,Provincia Autonoma Trento,P.A. Trento,541380,430044,79.43,0.35
1343,2021-01-02,PAT,502,143,359,502,0,0,ITH,ITH2,4,Provincia Autonoma Trento,P.A. Trento,541380,430546,79.53,0.09
1344,2021-03-29,PAT,2494,967,1527,1640,735,119,ITH,ITH2,4,Provincia Autonoma Trento,P.A. Trento,541380,433040,79.99,0.46
1345,2021-04-12,PAT,3085,1408,1677,2468,496,121,ITH,ITH2,4,Provincia Autonoma Trento,P.A. Trento,541380,436125,80.56,0.57
1346,2021-01-21,PAT,353,95,258,229,124,0,ITH,ITH2,4,Provincia Autonoma Trento,P.A. Trento,541380,436478,80.62,0.07
1347,2021-05-01,PAT,4851,2470,2381,4531,36,284,ITH,ITH2,4,Provincia Autonoma Trento,P.A. Trento,541380,441329,81.52,0.9
1348,2021-02-21,PAT,155,92,63,43,112,0,ITH,ITH2,4,Provincia Autonoma Trento,P.A. Trento,541380,441484,81.55,0.03
1349,2021-07-11,PAT,997,549,448,119,870,8,ITH,ITH2,4,Provincia Autonoma Trento,P.A. Trento,541380,442481,81.73,0.18
1350,2021-03-19,PAT,2423,915,1508,1493,852,78,ITH,ITH2,4,Provincia Autonoma Trento,P.A. Trento,541380,444904,82.18,0.45
1351,2021-04-05,PAT,35,17,18,30,2,3,ITH,ITH2,4,Provincia Autonoma Trento,P.A. Trento,541380,444939,82.19,0.01
1352,2021-02-02,PAT,910,240,670,191,719,0,ITH,ITH2,4,Provincia Autonoma Trento,P.A. Trento,541380,445849,82.35,0.17
1353,2021-07-09,PAT,4907,2609,2298,2850,1852,205,ITH,ITH2,4,Provincia Autonoma Trento,P.A. Trento,541380,450756,83.26,0.91
1354,2021-05-13,PAT,3407,1580,1827,2088,1102,217,ITH,ITH2,4,Provincia Autonoma Trento,P.A. Trento,541380,454163,83.89,0.63
1355,2021-03-31,PAT,2586,983,1603,1632,858,96,ITH,ITH2,4,Provincia Autonoma Trento,P.A. Trento,541380,456749,84.37,0.48
1356,2021-01-26,PAT,543,154,389,27,516,0,ITH,ITH2,4,Provincia Autonoma Trento,P.A. Trento,541380,457292,84.47,0.1
1357,2021-05-06,PAT,5533,2741,2792,4385,780,368,ITH,ITH2,4,Provincia Autonoma Trento,P.A. Trento,541380,462825,85.49,1.02
1358,2021-05-15,PAT,1569,815,754,638,890,41,ITH,ITH2,4,Provincia Autonoma Trento,P.A. Trento,541380,464394,85.78,0.29
1359,2021-06-01,PAT,4018,1879,2139,1054,2858,106,ITH,ITH2,4,Provincia Autonoma Trento,P.A. Trento,541380,468412,86.52,0.74
1360,2021-06-28,PAT,6759,3486,3273,2894,3809,56,ITH,ITH2,4,Provincia Autonoma Trento,P.A. Trento,541380,475171,87.77,1.25
1361,2021-04-06,PAT,2261,950,1311,1439,765,57,ITH,ITH2,4,Provincia Autonoma Trento,P.A. Trento,541380,477432,88.19,0.42
1362,2021-01-13,PAT,421,123,298,421,0,0,ITH,ITH2,4,Provincia Autonoma Trento,P.A. Trento,541380,477853,88.27,0.08
1363,2021-02-12,PAT,1013,341,672,588,423,2,ITH,ITH2,4,Provincia Autonoma Trento,P.A. Trento,541380,478866,88.45,0.19
1364,2021-03-01,PAT,1237,454,783,918,295,24,ITH,ITH2,4,Provincia Autonoma Trento,P.A. Trento,541380,480103,88.68,0.23
1365,2021-03-20,PAT,874,403,471,658,203,13,ITH,ITH2,4,Provincia Autonoma Trento,P.A. Trento,541380,480977,88.84,0.16
1366,2021-03-03,PAT,1659,622,1037,1107,518,34,ITH,ITH2,4,Provincia Autonoma Trento,P.A. Trento,541380,482636,89.15,0.31
1367,2021-06-11,PAT,7198,3426,3772,1473,5622,103,ITH,ITH2,4,Provincia Autonoma Trento,P.A. Trento,541380,489834,90.48,1.33
1368,2021-06-13,PAT,3686,2033,1653,272,3391,23,ITH,ITH2,4,Provincia Autonoma Trento,P.A. Trento,541380,493520,91.16,0.68
1369,2020-12-27,PAT,103,40,63,103,0,0,ITH,ITH2,4,Provincia Autonoma Trento,P.A. Trento,541380,493623,91.18,0.02
1370,2021-05-25,PAT,4770,2269,2501,1721,2902,147,ITH,ITH2,4,Provincia Autonoma Trento,P.A. Trento,541380,498393,92.06,0.88
1371,2021-05-08,PAT,3162,1726,1436,2548,422,192,ITH,ITH2,4,Provincia Autonoma Trento,P.A. Trento,541380,501555,92.64,0.58
1372,2021-02-14,PAT,246,186,60,11,235,0,ITH,ITH2,4,Provincia Autonoma Trento,P.A. Trento,541380,501801,92.69,0.05
1373,2021-05-27,PAT,4295,1992,2303,1123,3043,129,ITH,ITH2,4,Provincia Autonoma Trento,P.A. Trento,541380,506096,93.48,0.79
1374,2021-06-27,MOL,2363,1119,1244,1128,1225,10,ITF,ITF2,14,Molise,Molise,305617,2363,0.77,0.77
1375,2021-01-07,MOL,598,209,389,598,0,0,ITF,ITF2,14,Molise,Molise,305617,2961,0.97,0.2
1376,2021-02-12,MOL,332,150,182,207,124,1,ITF,ITF2,14,Molise,Molise,305617,3293,1.08,0.11
1377,2021-02-19,MOL,169,93,76,167,2,0,ITF,ITF2,14,Molise,Molise,305617,3462,1.13,0.06
1378,2021-03-10,MOL,1737,720,1017,1667,50,20,ITF,ITF2,14,Molise,Molise,305617,5199,1.7,0.57
1379,2021-06-01,MOL,2598,1322,1276,2454,108,36,ITF,ITF2,14,Molise,Molise,305617,7797,2.55,0.85
1380,2021-05-01,MOL,2647,1268,1379,405,2223,19,ITF,ITF2,14,Molise,Molise,305617,10444,3.42,0.87
1381,2021-03-05,MOL,1219,649,570,1003,204,12,ITF,ITF2,14,Molise,Molise,305617,11663,3.82,0.4
1382,2021-06-13,MOL,2786,1486,1300,2428,325,33,ITF,ITF2,14,Molise,Molise,305617,14449,4.73,0.91
1383,2021-04-17,MOL,3054,1501,1553,1543,1486,25,ITF,ITF2,14,Molise,Molise,305617,17503,5.73,1.0
1384,2021-06-20,MOL,422,174,248,47,371,4,ITF,ITF2,14,Molise,Molise,305617,17925,5.87,0.14
1385,2021-04-24,MOL,2551,1202,1349,695,1841,15,ITF,ITF2,14,Molise,Molise,305617,20476,6.7,0.83
1386,2021-02-26,MOL,563,260,303,489,73,1,ITF,ITF2,14,Molise,Molise,305617,21039,6.88,0.18
1387,2021-06-06,MOL,2060,1059,1001,1720,323,17,ITF,ITF2,14,Molise,Molise,305617,23099,7.56,0.67
1388,2021-02-07,MOL,66,32,34,19,47,0,ITF,ITF2,14,Molise,Molise,305617,23165,7.58,0.02
1389,2021-05-18,MOL,1645,877,768,984,655,6,ITF,ITF2,14,Molise,Molise,305617,24810,8.12,0.54
1390,2021-03-22,MOL,1149,441,708,889,244,16,ITF,ITF2,14,Molise,Molise,305617,25959,8.49,0.38
1391,2021-05-20,MOL,2661,1371,1290,2397,186,78,ITF,ITF2,14,Molise,Molise,305617,28620,9.36,0.87
1392,2021-07-14,MOL,1023,523,500,56,960,7,ITF,ITF2,14,Molise,Molise,305617,29643,9.7,0.33
1393,2021-04-05,MOL,391,189,202,292,99,0,ITF,ITF2,14,Molise,Molise,305617,30034,9.83,0.13
1394,2021-03-29,MOL,2033,835,1198,1518,486,29,ITF,ITF2,14,Molise,Molise,305617,32067,10.49,0.67
1395,2021-01-31,MOL,268,70,198,6,262,0,ITF,ITF2,14,Molise,Molise,305617,32335,10.58,0.09
1396,2021-03-24,MOL,1631,658,973,1212,402,17,ITF,ITF2,14,Molise,Molise,305617,33966,11.11,0.53
1397,2021-07-02,MOL,2626,1274,1352,120,2498,8,ITF,ITF2,14,Molise,Molise,305617,36592,11.97,0.86
1398,2021-07-04,MOL,2112,1058,1054,574,1515,23,ITF,ITF2,14,Molise,Molise,305617,38704,12.66,0.69
1399,2021-01-17,MOL,78,38,40,48,30,0,ITF,ITF2,14,Molise,Molise,305617,38782,12.69,0.03
1400,2021-01-26,MOL,450,184,266,8,442,0,ITF,ITF2,14,Molise,Molise,305617,39232,12.84,0.15
1401,2021-05-06,MOL,2679,1214,1465,2042,598,39,ITF,ITF2,14,Molise,Molise,305617,41911,13.71,0.88
1402,2021-01-12,MOL,336,114,222,336,0,0,ITF,ITF2,14,Molise,Molise,305617,42247,13.82,0.11
1403,2021-02-24,MOL,666,278,388,325,333,8,ITF,ITF2,14,Molise,Molise,305617,42913,14.04,0.22
1404,2021-03-15,MOL,832,338,494,570,245,17,ITF,ITF2,14,Molise,Molise,305617,43745,14.31,0.27
1405,2021-06-24,MOL,3308,1542,1766,432,2840,36,ITF,ITF2,14,Molise,Molise,305617,47053,15.4,1.08
1406,2021-03-02,MOL,667,383,284,504,158,5,ITF,ITF2,14,Molise,Molise,305617,47720,15.61,0.22
1407,2021-06-10,MOL,2571,1182,1389,1233,1301,37,ITF,ITF2,14,Molise,Molise,305617,50291,16.46,0.84
1408,2021-05-13,MOL,3039,1410,1629,2528,457,54,ITF,ITF2,14,Molise,Molise,305617,53330,17.45,0.99
1409,2021-04-28,MOL,1694,924,770,469,1218,7,ITF,ITF2,14,Molise,Molise,305617,55024,18.0,0.55
1410,2021-02-21,MOL,574,227,347,572,2,0,ITF,ITF2,14,Molise,Molise,305617,55598,18.19,0.19
1411,2021-03-19,MOL,1184,482,702,740,427,17,ITF,ITF2,14,Molise,Molise,305617,56782,18.58,0.39
1412,2021-01-21,MOL,6,2,4,6,0,0,ITF,ITF2,14,Molise,Molise,305617,56788,18.58,0.0
1413,2021-05-25,MOL,1963,887,1076,1297,630,36,ITF,ITF2,14,Molise,Molise,305617,58751,19.22,0.64
1414,2021-01-04,MOL,314,131,183,314,0,0,ITF,ITF2,14,Molise,Molise,305617,59065,19.33,0.1
1415,2021-04-14,MOL,1806,767,1039,1135,661,10,ITF,ITF2,14,Molise,Molise,305617,60871,19.92,0.59
1416,2021-02-16,MOL,156,70,86,149,6,1,ITF,ITF2,14,Molise,Molise,305617,61027,19.97,0.05
1417,2021-05-27,MOL,2835,1348,1487,1962,836,37,ITF,ITF2,14,Molise,Molise,305617,63862,20.9,0.93
1418,2021-04-10,MOL,2640,1261,1379,2453,152,35,ITF,ITF2,14,Molise,Molise,305617,66502,21.76,0.86
1419,2021-02-05,MOL,593,269,324,55,538,0,ITF,ITF2,14,Molise,Molise,305617,67095,21.95,0.19
1420,2021-01-19,MOL,173,63,110,162,11,0,ITF,ITF2,14,Molise,Molise,305617,67268,22.01,0.06
1421,2021-04-29,MOL,2239,1146,1093,877,1348,14,ITF,ITF2,14,Molise,Molise,305617,69507,22.74,0.73
1422,2021-04-12,MOL,1299,557,742,1037,251,11,ITF,ITF2,14,Molise,Molise,305617,70806,23.17,0.43
1423,2021-07-09,MOL,3429,1645,1784,166,3245,18,ITF,ITF2,14,Molise,Molise,305617,74235,24.29,1.12
1424,2021-03-31,MOL,2193,919,1274,1307,819,67,ITF,ITF2,14,Molise,Molise,305617,76428,25.01,0.72
1425,2021-03-17,MOL,908,385,523,518,332,58,ITF,ITF2,14,Molise,Molise,305617,77336,25.3,0.3
1426,2021-06-25,MOL,3431,1688,1743,1464,1915,52,ITF,ITF2,14,Molise,Molise,305617,80767,26.43,1.12
1427,2021-06-08,MOL,2886,1593,1293,2187,696,3,ITF,ITF2,14,Molise,Molise,305617,83653,27.37,0.94
1428,2021-03-03,MOL,672,316,356,586,82,4,ITF,ITF2,14,Molise,Molise,305617,84325,27.59,0.22
1429,2021-01-05,MOL,449,180,269,449,0,0,ITF,ITF2,14,Molise,Molise,305617,84774,27.74,0.15
1430,2021-04-02,MOL,1456,710,746,663,778,15,ITF,ITF2,14,Molise,Molise,305617,86230,28.22,0.48
1431,2021-07-11,MOL,2292,1120,1172,173,2116,3,ITF,ITF2,14,Molise,Molise,305617,88522,28.97,0.75
1432,2021-05-08,MOL,2976,1455,1521,1698,1244,34,ITF,ITF2,14,Molise,Molise,305617,91498,29.94,0.97
1433,2021-04-21,MOL,1869,791,1078,968,895,6,ITF,ITF2,14,Molise,Molise,305617,93367,30.55,0.61
1434,2021-02-11,MOL,294,133,161,257,37,0,ITF,ITF2,14,Molise,Molise,305617,93661,30.65,0.1
1435,2021-02-04,MOL,758,295,463,77,681,0,ITF,ITF2,14,Molise,Molise,305617,94419,30.89,0.25
1436,2021-05-15,MOL,2980,1398,1582,2545,384,51,ITF,ITF2,14,Molise,Molise,305617,97399,31.87,0.98
1437,2021-02-02,MOL,539,176,363,215,323,1,ITF,ITF2,14,Molise,Molise,305617,97938,32.05,0.18
1438,2021-01-16,MOL,422,166,256,422,0,0,ITF,ITF2,14,Molise,Molise,305617,98360,32.18,0.14
1439,2021-04-26,MOL,1157,521,636,809,331,17,ITF,ITF2,14,Molise,Molise,305617,99517,32.56,0.38
1440,2021-04-09,MOL,2324,1251,1073,2105,191,28,ITF,ITF2,14,Molise,Molise,305617,101841,33.32,0.76
1441,2021-01-18,MOL,115,48,67,115,0,0,ITF,ITF2,14,Molise,Molise,305617,101956,33.36,0.04
1442,2021-01-28,MOL,613,217,396,17,596,0,ITF,ITF2,14,Molise,Molise,305617,102569,33.56,0.2
1443,2021-03-12,MOL,1459,637,822,1404,36,19,ITF,ITF2,14,Molise,Molise,305617,104028,34.04,0.48
1444,2021-01-14,MOL,646,239,407,646,0,0,ITF,ITF2,14,Molise,Molise,305617,104674,34.25,0.21
1445,2021-02-23,MOL,582,223,359,361,219,2,ITF,ITF2,14,Molise,Molise,305617,105256,34.44,0.19
1446,2021-06-03,MOL,3291,1566,1725,2704,554,33,ITF,ITF2,14,Molise,Molise,305617,108547,35.52,1.08
1447,2021-04-07,MOL,1688,847,841,1368,275,45,ITF,ITF2,14,Molise,Molise,305617,110235,36.07,0.55
1448,2021-06-05,MOL,2967,1506,1461,2785,155,27,ITF,ITF2,14,Molise,Molise,305617,113202,37.04,0.97
1449,2021-05-29,MOL,2351,1223,1128,1918,390,43,ITF,ITF2,14,Molise,Molise,305617,115553,37.81,0.77
1450,2021-02-09,MOL,359,170,189,197,162,0,ITF,ITF2,14,Molise,Molise,305617,115912,37.93,0.12
1451,2021-07-06,MOL,1697,806,891,17,1677,3,ITF,ITF2,14,Molise,Molise,305617,117609,38.48,0.56
1452,2021-05-10,MOL,2891,1285,1606,2489,373,29,ITF,ITF2,14,Molise,Molise,305617,120500,39.43,0.95
1453,2021-06-29,MOL,2459,1147,1312,376,2057,26,ITF,ITF2,14,Molise,Molise,305617,122959,40.23,0.8
1454,2021-05-03,MOL,2486,1166,1320,2290,163,33,ITF,ITF2,14,Molise,Molise,305617,125445,41.05,0.81
1455,2021-05-17,MOL,2228,1092,1136,1705,496,27,ITF,ITF2,14,Molise,Molise,305617,127673,41.78,0.73
1456,2021-03-21,MOL,1246,542,704,477,767,2,ITF,ITF2,14,Molise,Molise,305617,128919,42.18,0.41
1457,2021-03-14,MOL,596,240,356,17,579,0,ITF,ITF2,14,Molise,Molise,305617,129515,42.38,0.2
1458,2021-06-22,MOL,2960,1368,1592,669,2274,17,ITF,ITF2,14,Molise,Molise,305617,132475,43.35,0.97
1459,2021-01-09,MOL,450,152,298,450,0,0,ITF,ITF2,14,Molise,Molise,305617,132925,43.49,0.15
1460,2021-04-19,MOL,1827,842,985,987,778,62,ITF,ITF2,14,Molise,Molise,305617,134752,44.09,0.6
1461,2021-07-13,MOL,2729,1387,1342,301,2411,17,ITF,ITF2,14,Molise,Molise,305617,137481,44.98,0.89
1462,2021-02-28,MOL,832,334,498,788,42,2,ITF,ITF2,14,Molise,Molise,305617,138313,45.26,0.27
1463,2021-03-28,MOL,1627,748,879,518,1102,7,ITF,ITF2,14,Molise,Molise,305617,139940,45.79,0.53
1464,2021-01-30,MOL,461,158,303,12,449,0,ITF,ITF2,14,Molise,Molise,305617,140401,45.94,0.15
1465,2021-05-22,MOL,1316,712,604,1225,84,7,ITF,ITF2,14,Molise,Molise,305617,141717,46.37,0.43
1466,2021-04-11,MOL,1196,591,605,1168,14,14,ITF,ITF2,14,Molise,Molise,305617,142913,46.76,0.39
1467,2021-07-03,MOL,2736,1376,1360,565,2151,20,ITF,ITF2,14,Molise,Molise,305617,145649,47.66,0.9
1468,2021-03-04,MOL,850,417,433,514,324,12,ITF,ITF2,14,Molise,Molise,305617,146499,47.94,0.28
1469,2021-06-12,MOL,3408,1752,1656,3243,114,51,ITF,ITF2,14,Molise,Molise,305617,149907,49.05,1.12
1470,2021-06-14,MOL,1627,810,817,535,1075,17,ITF,ITF2,14,Molise,Molise,305617,151534,49.58,0.53
1471,2021-03-11,MOL,1465,637,828,1446,6,13,ITF,ITF2,14,Molise,Molise,305617,152999,50.06,0.48
1472,2021-01-06,MOL,689,260,429,689,0,0,ITF,ITF2,14,Molise,Molise,305617,153688,50.29,0.23
1473,2021-04-16,MOL,2431,1033,1398,1177,1233,21,ITF,ITF2,14,Molise,Molise,305617,156119,51.08,0.8
1474,2021-06-21,MOL,2901,1350,1551,1623,1232,46,ITF,ITF2,14,Molise,Molise,305617,159020,52.03,0.95
1475,2021-04-25,MOL,793,396,397,556,233,4,ITF,ITF2,14,Molise,Molise,305617,159813,52.29,0.26
1476,2021-02-06,MOL,430,179,251,29,401,0,ITF,ITF2,14,Molise,Molise,305617,160243,52.43,0.14
1477,2021-06-04,MOL,3037,1490,1547,2566,442,29,ITF,ITF2,14,Molise,Molise,305617,163280,53.43,0.99
1478,2021-03-25,MOL,1806,730,1076,1284,497,25,ITF,ITF2,14,Molise,Molise,305617,165086,54.02,0.59
1479,2021-03-08,MOL,1379,522,857,1202,140,37,ITF,ITF2,14,Molise,Molise,305617,166465,54.47,0.45
1480,2021-06-16,MOL,2002,1013,989,1133,855,14,ITF,ITF2,14,Molise,Molise,305617,168467,55.12,0.66
1481,2021-04-13,MOL,1632,718,914,1037,587,8,ITF,ITF2,14,Molise,Molise,305617,170099,55.66,0.53
1482,2021-03-27,MOL,2743,1273,1470,1295,1433,15,ITF,ITF2,14,Molise,Molise,305617,172842,56.56,0.9
1483,2021-07-05,MOL,2728,1277,1451,39,2687,2,ITF,ITF2,14,Molise,Molise,305617,175570,57.45,0.89
1484,2021-06-18,MOL,2767,1248,1519,1283,1458,26,ITF,ITF2,14,Molise,Molise,305617,178337,58.35,0.91
1485,2021-05-30,MOL,1864,929,935,1552,285,27,ITF,ITF2,14,Molise,Molise,305617,180201,58.96,0.61
1486,2021-03-16,MOL,614,230,384,265,347,2,ITF,ITF2,14,Molise,Molise,305617,180815,59.16,0.2
1487,2021-01-11,MOL,557,194,363,557,0,0,ITF,ITF2,14,Molise,Molise,305617,181372,59.35,0.18
1488,2021-01-25,MOL,319,130,189,3,316,0,ITF,ITF2,14,Molise,Molise,305617,181691,59.45,0.1
1489,2021-05-05,MOL,2415,1042,1373,2250,141,24,ITF,ITF2,14,Molise,Molise,305617,184106,60.24,0.79
1490,2021-05-26,MOL,1549,698,851,769,754,26,ITF,ITF2,14,Molise,Molise,305617,185655,60.75,0.51
1491,2021-03-30,MOL,2003,857,1146,1472,512,19,ITF,ITF2,14,Molise,Molise,305617,187658,61.4,0.66
1492,2021-02-01,MOL,562,201,361,14,548,0,ITF,ITF2,14,Molise,Molise,305617,188220,61.59,0.18
1493,2021-07-08,MOL,3370,1622,1748,107,3240,23,ITF,ITF2,14,Molise,Molise,305617,191590,62.69,1.1
1494,2021-05-12,MOL,2852,1294,1558,2691,96,65,ITF,ITF2,14,Molise,Molise,305617,194442,63.62,0.93
1495,2021-04-06,MOL,1494,701,793,1131,343,20,ITF,ITF2,14,Molise,Molise,305617,195936,64.11,0.49
1496,2021-02-08,MOL,335,141,194,216,119,0,ITF,ITF2,14,Molise,Molise,305617,196271,64.22,0.11
1497,2021-01-13,MOL,474,160,314,474,0,0,ITF,ITF2,14,Molise,Molise,305617,196745,64.38,0.16
1498,2021-06-19,MOL,2329,1158,1171,1276,1011,42,ITF,ITF2,14,Molise,Molise,305617,199074,65.14,0.76
1499,2021-04-23,MOL,2050,882,1168,1374,659,17,ITF,ITF2,14,Molise,Molise,305617,201124,65.81,0.67
1500,2021-06-30,MOL,2927,1392,1535,873,1973,81,ITF,ITF2,14,Molise,Molise,305617,204051,66.77,0.96
1501,2021-02-27,MOL,1366,568,798,1342,19,5,ITF,ITF2,14,Molise,Molise,305617,205417,67.21,0.45
1502,2021-06-07,MOL,1953,859,1094,1113,819,21,ITF,ITF2,14,Molise,Molise,305617,207370,67.85,0.64
1503,2021-02-13,MOL,132,80,52,132,0,0,ITF,ITF2,14,Molise,Molise,305617,207502,67.9,0.04
1504,2021-05-24,MOL,1964,853,1111,1271,666,27,ITF,ITF2,14,Molise,Molise,305617,209466,68.54,0.64
1505,2021-05-07,MOL,2643,1228,1415,2021,597,25,ITF,ITF2,14,Molise,Molise,305617,212109,69.4,0.86
1506,2021-04-18,MOL,1083,483,600,144,934,5,ITF,ITF2,14,Molise,Molise,305617,213192,69.76,0.35
1507,2021-07-10,MOL,3721,1781,1940,321,3386,14,ITF,ITF2,14,Molise,Molise,305617,216913,70.98,1.22
1508,2021-04-04,MOL,253,141,112,233,15,5,ITF,ITF2,14,Molise,Molise,305617,217166,71.06,0.08
1509,2021-03-18,MOL,1157,476,681,633,465,59,ITF,ITF2,14,Molise,Molise,305617,218323,71.44,0.38
1510,2021-01-20,MOL,18,8,10,18,0,0,ITF,ITF2,14,Molise,Molise,305617,218341,71.44,0.01
1511,2021-04-30,MOL,2939,1557,1382,818,2109,12,ITF,ITF2,14,Molise,Molise,305617,221280,72.4,0.96
1512,2021-02-25,MOL,542,239,303,471,68,3,ITF,ITF2,14,Molise,Molise,305617,221822,72.58,0.18
1513,2021-01-29,MOL,422,136,286,6,416,0,ITF,ITF2,14,Molise,Molise,305617,222244,72.72,0.14
1514,2021-05-09,MOL,2053,933,1120,1923,97,33,ITF,ITF2,14,Molise,Molise,305617,224297,73.39,0.67
1515,2021-07-07,MOL,2957,1368,1589,56,2897,4,ITF,ITF2,14,Molise,Molise,305617,227254,74.36,0.97
1516,2021-05-11,MOL,3207,1414,1793,2909,250,48,ITF,ITF2,14,Molise,Molise,305617,230461,75.41,1.05
1517,2021-01-22,MOL,128,36,92,128,0,0,ITF,ITF2,14,Molise,Molise,305617,230589,75.45,0.04
1518,2021-04-08,MOL,1767,904,863,1540,202,25,ITF,ITF2,14,Molise,Molise,305617,232356,76.03,0.58
1519,2021-04-22,MOL,1846,864,982,1057,779,10,ITF,ITF2,14,Molise,Molise,305617,234202,76.63,0.6
1520,2021-02-17,MOL,72,32,40,50,15,7,ITF,ITF2,14,Molise,Molise,305617,234274,76.66,0.02
1521,2021-05-28,MOL,2650,1365,1285,2038,547,65,ITF,ITF2,14,Molise,Molise,305617,236924,77.52,0.87
1522,2021-05-19,MOL,2342,1205,1137,1880,425,37,ITF,ITF2,14,Molise,Molise,305617,239266,78.29,0.77
1523,2021-03-23,MOL,1642,694,948,1411,207,24,ITF,ITF2,14,Molise,Molise,305617,240908,78.83,0.54
1524,2021-07-01,MOL,2659,1293,1366,269,2375,15,ITF,ITF2,14,Molise,Molise,305617,243567,79.7,0.87
1525,2021-02-15,MOL,144,70,74,141,3,0,ITF,ITF2,14,Molise,Molise,305617,243711,79.74,0.05
1526,2021-05-04,MOL,2705,1181,1524,2541,128,36,ITF,ITF2,14,Molise,Molise,305617,246416,80.63,0.89
1527,2021-01-10,MOL,270,72,198,270,0,0,ITF,ITF2,14,Molise,Molise,305617,246686,80.72,0.09
1528,2021-04-20,MOL,2321,1027,1294,1212,1100,9,ITF,ITF2,14,Molise,Molise,305617,249007,81.48,0.76
1529,2021-06-09,MOL,1023,565,458,507,500,16,ITF,ITF2,14,Molise,Molise,305617,250030,81.81,0.33
1530,2021-05-23,MOL,1703,866,837,1689,6,8,ITF,ITF2,14,Molise,Molise,305617,251733,82.37,0.56
1531,2021-03-01,MOL,662,274,388,430,215,17,ITF,ITF2,14,Molise,Molise,305617,252395,82.59,0.22
1532,2021-04-03,MOL,1773,851,922,1716,35,22,ITF,ITF2,14,Molise,Molise,305617,254168,83.17,0.58
1533,2021-07-12,MOL,2665,1314,1351,353,2291,21,ITF,ITF2,14,Molise,Molise,305617,256833,84.04,0.87
1534,2021-03-13,MOL,1189,594,595,183,989,17,ITF,ITF2,14,Molise,Molise,305617,258022,84.43,0.39
1535,2021-01-15,MOL,538,242,296,538,0,0,ITF,ITF2,14,Molise,Molise,305617,258560,84.6,0.18
1536,2021-06-23,MOL,2788,1285,1503,221,2557,10,ITF,ITF2,14,Molise,Molise,305617,261348,85.51,0.91
1537,2021-06-26,MOL,3119,1529,1590,523,2581,15,ITF,ITF2,14,Molise,Molise,305617,264467,86.54,1.02
1538,2021-02-10,MOL,151,79,72,131,20,0,ITF,ITF2,14,Molise,Molise,305617,264618,86.58,0.05
1539,2021-05-21,MOL,2100,1053,1047,1699,322,79,ITF,ITF2,14,Molise,Molise,305617,266718,87.27,0.69
1540,2021-01-27,MOL,674,251,423,8,666,0,ITF,ITF2,14,Molise,Molise,305617,267392,87.49,0.22
1541,2021-01-08,MOL,430,141,289,430,0,0,ITF,ITF2,14,Molise,Molise,305617,267822,87.63,0.14
1542,2021-04-01,MOL,1469,667,802,729,726,14,ITF,ITF2,14,Molise,Molise,305617,269291,88.11,0.48
1543,2021-06-11,MOL,3445,1655,1790,1973,1429,43,ITF,ITF2,14,Molise,Molise,305617,272736,89.24,1.13
1544,2021-04-15,MOL,1926,794,1132,1074,845,7,ITF,ITF2,14,Molise,Molise,305617,274662,89.87,0.63
1545,2021-05-02,MOL,1894,932,962,577,1306,11,ITF,ITF2,14,Molise,Molise,305617,276556,90.49,0.62
1546,2021-03-06,MOL,1728,807,921,1559,159,10,ITF,ITF2,14,Molise,Molise,305617,278284,91.06,0.57
1547,2021-02-22,MOL,265,129,136,248,15,2,ITF,ITF2,14,Molise,Molise,305617,278549,91.14,0.09
1548,2020-12-27,MOL,50,20,30,50,0,0,ITF,ITF2,14,Molise,Molise,305617,278599,91.16,0.02
1549,2021-03-20,MOL,2321,968,1353,992,1321,8,ITF,ITF2,14,Molise,Molise,305617,280920,91.92,0.76
1550,2021-06-28,MOL,2888,1347,1541,996,1870,22,ITF,ITF2,14,Molise,Molise,305617,283808,92.86,0.94
1551,2021-03-07,MOL,1132,501,631,1127,2,3,ITF,ITF2,14,Molise,Molise,305617,284940,93.23,0.37
1552,2021-06-15,MOL,2215,1042,1173,748,1451,16,ITF,ITF2,14,Molise,Molise,305617,287155,93.96,0.72
1553,2021-06-17,MOL,2307,1017,1290,911,1369,27,ITF,ITF2,14,Molise,Molise,305617,289462,94.71,0.75
1554,2021-03-26,MOL,2575,1045,1530,1889,642,44,ITF,ITF2,14,Molise,Molise,305617,292037,95.56,0.84
1555,2021-02-18,MOL,319,74,245,302,13,4,ITF,ITF2,14,Molise,Molise,305617,292356,95.66,0.1
1556,2021-03-09,MOL,1329,579,750,1149,152,28,ITF,ITF2,14,Molise,Molise,305617,293685,96.1,0.43
1557,2021-02-20,MOL,1018,441,577,998,20,0,ITF,ITF2,14,Molise,Molise,305617,294703,96.43,0.33
1558,2021-05-31,MOL,2361,1146,1215,1902,418,41,ITF,ITF2,14,Molise,Molise,305617,297064,97.2,0.77
1559,2021-05-14,MOL,2644,1215,1429,1890,718,36,ITF,ITF2,14,Molise,Molise,305617,299708,98.07,0.87
1560,2021-06-02,MOL,2808,1356,1452,2691,99,18,ITF,ITF2,14,Molise,Molise,305617,302516,98.99,0.92
1561,2021-02-03,MOL,731,249,482,338,393,0,ITF,ITF2,14,Molise,Molise,305617,303247,99.22,0.24
1562,2021-04-27,MOL,1595,768,827,444,1129,22,ITF,ITF2,14,Molise,Molise,305617,304842,99.75,0.52
1563,2021-05-16,MOL,1248,572,676,1046,182,20,ITF,ITF2,14,Molise,Molise,305617,306090,100.15,0.41
1564,2021-03-24,MAR,7074,3003,4071,3296,3710,68,ITI,ITI3,11,Marche,Marche,1525271,7074,0.46,0.46
1565,2021-06-01,MAR,12065,6160,5905,9688,2093,284,ITI,ITI3,11,Marche,Marche,1525271,19139,1.25,0.79
1566,2021-03-10,MAR,5701,2432,3269,4480,1169,52,ITI,ITI3,11,Marche,Marche,1525271,24840,1.63,0.37
1567,2021-02-21,MAR,376,141,235,363,1,12,ITI,ITI3,11,Marche,Marche,1525271,25216,1.65,0.02
1568,2021-01-19,MAR,232,87,145,139,90,3,ITI,ITI3,11,Marche,Marche,1525271,25448,1.67,0.02
1569,2021-04-05,MAR,5691,2358,3333,4346,1269,76,ITI,ITI3,11,Marche,Marche,1525271,31139,2.04,0.37
1570,2021-06-27,MAR,9949,4820,5129,4487,5291,171,ITI,ITI3,11,Marche,Marche,1525271,41088,2.69,0.65
1571,2021-03-19,MAR,3871,1616,2255,325,3534,12,ITI,ITI3,11,Marche,Marche,1525271,44959,2.95,0.25
1572,2021-03-17,MAR,3469,1520,1949,105,3362,2,ITI,ITI3,11,Marche,Marche,1525271,48428,3.18,0.23
1573,2021-06-15,MAR,13190,6567,6623,9823,3050,317,ITI,ITI3,11,Marche,Marche,1525271,61618,4.04,0.86
1574,2021-01-12,MAR,1231,417,814,1218,0,13,ITI,ITI3,11,Marche,Marche,1525271,62849,4.12,0.08
1575,2021-06-22,MAR,13204,6475,6729,6475,6446,283,ITI,ITI3,11,Marche,Marche,1525271,76053,4.99,0.87
1576,2021-04-26,MAR,9171,4063,5108,6024,3022,125,ITI,ITI3,11,Marche,Marche,1525271,85224,5.59,0.6
1577,2021-05-27,MAR,13732,6817,6915,9180,4301,251,ITI,ITI3,11,Marche,Marche,1525271,98956,6.49,0.9
1578,2021-03-31,MAR,7374,3086,4288,4268,3023,83,ITI,ITI3,11,Marche,Marche,1525271,106330,6.97,0.48
1579,2021-07-09,MAR,14985,7539,7446,2570,12202,213,ITI,ITI3,11,Marche,Marche,1525271,121315,7.95,0.98
1580,2021-05-20,MAR,12640,5941,6699,7534,4855,251,ITI,ITI3,11,Marche,Marche,1525271,133955,8.78,0.83
1581,2021-02-07,MAR,1871,735,1136,332,1527,12,ITI,ITI3,11,Marche,Marche,1525271,135826,8.91,0.12
1582,2021-01-31,MAR,1920,770,1150,98,1818,4,ITI,ITI3,11,Marche,Marche,1525271,137746,9.03,0.13
1583,2021-01-26,MAR,2021,747,1274,80,1932,9,ITI,ITI3,11,Marche,Marche,1525271,139767,9.16,0.13
1584,2021-07-11,MAR,10417,5232,5185,1626,8655,136,ITI,ITI3,11,Marche,Marche,1525271,150184,9.85,0.68
1585,2021-04-19,MAR,9602,4498,5104,7901,1581,120,ITI,ITI3,11,Marche,Marche,1525271,159786,10.48,0.63
1586,2021-02-14,MAR,739,301,438,727,0,12,ITI,ITI3,11,Marche,Marche,1525271,160525,10.52,0.05
1587,2021-05-15,MAR,14086,6426,7660,7831,6010,245,ITI,ITI3,11,Marche,Marche,1525271,174611,11.45,0.92
1588,2021-02-19,MAR,2002,739,1263,1826,135,41,ITI,ITI3,11,Marche,Marche,1525271,176613,11.58,0.13
1589,2021-01-21,MAR,919,261,658,574,328,17,ITI,ITI3,11,Marche,Marche,1525271,177532,11.64,0.06
1590,2021-05-01,MAR,9318,3924,5394,3500,5742,76,ITI,ITI3,11,Marche,Marche,1525271,186850,12.25,0.61
1591,2021-03-05,MAR,6224,2872,3352,4693,1468,63,ITI,ITI3,11,Marche,Marche,1525271,193074,12.66,0.41
1592,2021-01-07,MAR,1809,636,1173,1793,0,16,ITI,ITI3,11,Marche,Marche,1525271,194883,12.78,0.12
1593,2021-02-02,MAR,1194,399,795,72,1122,0,ITI,ITI3,11,Marche,Marche,1525271,196077,12.86,0.08
1594,2021-05-13,MAR,12604,5695,6909,6827,5500,277,ITI,ITI3,11,Marche,Marche,1525271,208681,13.68,0.83
1595,2021-04-12,MAR,8565,3771,4794,7936,482,147,ITI,ITI3,11,Marche,Marche,1525271,217246,14.24,0.56
1596,2021-01-02,MAR,456,141,315,454,0,2,ITI,ITI3,11,Marche,Marche,1525271,217702,14.27,0.03
1597,2021-03-07,MAR,5180,2107,3073,4379,754,47,ITI,ITI3,11,Marche,Marche,1525271,222882,14.61,0.34
1598,2021-02-28,MAR,2836,1251,1585,2822,6,8,ITI,ITI3,11,Marche,Marche,1525271,225718,14.8,0.19
1599,2021-06-08,MAR,14100,7096,7004,11198,2611,291,ITI,ITI3,11,Marche,Marche,1525271,239818,15.72,0.92
1600,2021-03-02,MAR,5003,1967,3036,4372,566,65,ITI,ITI3,11,Marche,Marche,1525271,244821,16.05,0.33
1601,2021-06-10,MAR,14921,7690,7231,12566,2013,342,ITI,ITI3,11,Marche,Marche,1525271,259742,17.03,0.98
1602,2021-01-23,MAR,557,190,367,120,434,3,ITI,ITI3,11,Marche,Marche,1525271,260299,17.07,0.04
1603,2021-06-29,MAR,13372,6599,6773,4929,8216,227,ITI,ITI3,11,Marche,Marche,1525271,273671,17.94,0.88
1604,2021-05-03,MAR,10390,4681,5709,4848,5409,133,ITI,ITI3,11,Marche,Marche,1525271,284061,18.62,0.68
1605,2021-03-28,MAR,4125,1739,2386,2396,1691,38,ITI,ITI3,11,Marche,Marche,1525271,288186,18.89,0.27
1606,2021-01-30,MAR,1906,668,1238,27,1879,0,ITI,ITI3,11,Marche,Marche,1525271,290092,19.02,0.12
1607,2021-03-29,MAR,5892,2578,3314,3392,2453,47,ITI,ITI3,11,Marche,Marche,1525271,295984,19.41,0.39
1608,2021-06-03,MAR,14632,7480,7152,12075,2252,305,ITI,ITI3,11,Marche,Marche,1525271,310616,20.36,0.96
1609,2021-02-18,MAR,2143,785,1358,1808,286,49,ITI,ITI3,11,Marche,Marche,1525271,312759,20.51,0.14
1610,2021-05-29,MAR,12862,6234,6628,8115,4529,218,ITI,ITI3,11,Marche,Marche,1525271,325621,21.35,0.84
1611,2021-05-08,MAR,12271,5477,6794,4857,7249,165,ITI,ITI3,11,Marche,Marche,1525271,337892,22.15,0.8
1612,2021-01-09,MAR,1716,606,1110,1696,0,20,ITI,ITI3,11,Marche,Marche,1525271,339608,22.27,0.11
1613,2021-04-02,MAR,6886,2983,3903,6039,739,108,ITI,ITI3,11,Marche,Marche,1525271,346494,22.72,0.45
1614,2021-03-16,MAR,3506,1510,1996,285,3215,6,ITI,ITI3,11,Marche,Marche,1525271,350000,22.95,0.23
1615,2021-04-07,MAR,8178,3615,4563,7716,347,115,ITI,ITI3,11,Marche,Marche,1525271,358178,23.48,0.54
1616,2021-02-09,MAR,124,42,82,46,78,0,ITI,ITI3,11,Marche,Marche,1525271,358302,23.49,0.01
1617,2021-06-12,MAR,13776,7312,6464,12105,1340,331,ITI,ITI3,11,Marche,Marche,1525271,372078,24.39,0.9
1618,2021-04-16,MAR,10082,4702,5380,9361,525,196,ITI,ITI3,11,Marche,Marche,1525271,382160,25.06,0.66
1619,2021-01-04,MAR,1513,573,940,1501,0,12,ITI,ITI3,11,Marche,Marche,1525271,383673,25.15,0.1
1620,2021-07-04,MAR,10895,5445,5450,3204,7529,162,ITI,ITI3,11,Marche,Marche,1525271,394568,25.87,0.71
1621,2020-12-31,MAR,392,184,208,390,0,2,ITI,ITI3,11,Marche,Marche,1525271,394960,25.89,0.03
1622,2021-02-04,MAR,2385,843,1542,107,2273,5,ITI,ITI3,11,Marche,Marche,1525271,397345,26.05,0.16
1623,2021-01-18,MAR,696,237,459,536,149,11,ITI,ITI3,11,Marche,Marche,1525271,398041,26.1,0.05
1624,2021-03-12,MAR,4673,1995,2678,3348,1271,54,ITI,ITI3,11,Marche,Marche,1525271,402714,26.4,0.31
1625,2021-01-14,MAR,2012,694,1318,1988,0,24,ITI,ITI3,11,Marche,Marche,1525271,404726,26.53,0.13
1626,2021-06-20,MAR,11157,5545,5612,5990,4985,182,ITI,ITI3,11,Marche,Marche,1525271,415883,27.27,0.73
1627,2021-04-24,MAR,12165,5363,6802,7558,4464,143,ITI,ITI3,11,Marche,Marche,1525271,428048,28.06,0.8
1628,2021-02-26,MAR,3676,1522,2154,3097,476,103,ITI,ITI3,11,Marche,Marche,1525271,431724,28.3,0.24
1629,2021-07-06,MAR,13968,6923,7045,3144,10601,223,ITI,ITI3,11,Marche,Marche,1525271,445692,29.22,0.92
1630,2021-01-16,MAR,2036,733,1303,1986,0,50,ITI,ITI3,11,Marche,Marche,1525271,447728,29.35,0.13
1631,2021-06-19,MAR,14688,7402,7286,7749,6674,265,ITI,ITI3,11,Marche,Marche,1525271,462416,30.32,0.96
1632,2021-05-31,MAR,11782,5943,5839,8600,2930,252,ITI,ITI3,11,Marche,Marche,1525271,474198,31.09,0.77
1633,2021-05-17,MAR,12004,5631,6373,7469,4315,220,ITI,ITI3,11,Marche,Marche,1525271,486202,31.88,0.79
1634,2021-05-24,MAR,10944,5168,5776,7944,2823,177,ITI,ITI3,11,Marche,Marche,1525271,497146,32.59,0.72
1635,2021-05-22,MAR,11937,5719,6218,7319,4448,170,ITI,ITI3,11,Marche,Marche,1525271,509083,33.38,0.78
1636,2021-02-11,MAR,1987,657,1330,1557,389,41,ITI,ITI3,11,Marche,Marche,1525271,511070,33.51,0.13
1637,2021-05-05,MAR,11691,5320,6371,5105,6429,157,ITI,ITI3,11,Marche,Marche,1525271,522761,34.27,0.77
1638,2021-05-10,MAR,9452,4338,5114,4771,4553,128,ITI,ITI3,11,Marche,Marche,1525271,532213,34.89,0.62
1639,2021-03-14,MAR,2499,1032,1467,1897,592,10,ITI,ITI3,11,Marche,Marche,1525271,534712,35.06,0.16
1640,2021-03-21,MAR,4505,1873,2632,1614,2876,15,ITI,ITI3,11,Marche,Marche,1525271,539217,35.35,0.3
1641,2021-02-06,MAR,2463,902,1561,513,1941,9,ITI,ITI3,11,Marche,Marche,1525271,541680,35.51,0.16
1642,2021-04-14,MAR,10213,4562,5651,9660,370,183,ITI,ITI3,11,Marche,Marche,1525271,551893,36.18,0.67
1643,2020-12-30,MAR,17,5,12,17,0,0,ITI,ITI3,11,Marche,Marche,1525271,551910,36.18,0.0
1644,2021-04-09,MAR,9571,4191,5380,9158,200,213,ITI,ITI3,11,Marche,Marche,1525271,561481,36.81,0.63
1645,2021-02-16,MAR,1287,475,812,1226,30,31,ITI,ITI3,11,Marche,Marche,1525271,562768,36.9,0.08
1646,2021-02-25,MAR,3559,1463,2096,3319,181,59,ITI,ITI3,11,Marche,Marche,1525271,566327,37.13,0.23
1647,2021-06-05,MAR,13943,7010,6933,11520,2059,364,ITI,ITI3,11,Marche,Marche,1525271,580270,38.04,0.91
1648,2021-04-23,MAR,11306,5218,6088,8091,3055,160,ITI,ITI3,11,Marche,Marche,1525271,591576,38.78,0.74
1649,2021-02-23,MAR,3314,1432,1882,3243,56,15,ITI,ITI3,11,Marche,Marche,1525271,594890,39.0,0.22
1650,2021-05-12,MAR,10430,4691,5739,4737,5503,190,ITI,ITI3,11,Marche,Marche,1525271,605320,39.69,0.68
1651,2021-07-08,MAR,15043,7543,7500,2790,12028,225,ITI,ITI3,11,Marche,Marche,1525271,620363,40.67,0.99
1652,2021-07-01,MAR,14686,7364,7322,4659,9749,278,ITI,ITI3,11,Marche,Marche,1525271,635049,41.64,0.96
1653,2021-04-28,MAR,10926,4978,5948,6023,4732,171,ITI,ITI3,11,Marche,Marche,1525271,645975,42.35,0.72
1654,2021-03-26,MAR,6377,2618,3759,3469,2852,56,ITI,ITI3,11,Marche,Marche,1525271,652352,42.77,0.42
1655,2021-06-17,MAR,15191,7557,7634,8800,6096,295,ITI,ITI3,11,Marche,Marche,1525271,667543,43.77,1.0
1656,2021-03-09,MAR,5431,2293,3138,4465,881,85,ITI,ITI3,11,Marche,Marche,1525271,672974,44.12,0.36
1657,2021-02-15,MAR,967,412,555,939,13,15,ITI,ITI3,11,Marche,Marche,1525271,673941,44.19,0.06
1658,2021-05-26,MAR,11879,5949,5930,8449,3216,214,ITI,ITI3,11,Marche,Marche,1525271,685820,44.96,0.78
1659,2021-03-30,MAR,7475,3075,4400,4580,2823,72,ITI,ITI3,11,Marche,Marche,1525271,693295,45.45,0.49
1660,2021-02-01,MAR,1362,479,883,94,1265,3,ITI,ITI3,11,Marche,Marche,1525271,694657,45.54,0.09
1661,2021-04-30,MAR,14151,6200,7951,5402,8559,190,ITI,ITI3,11,Marche,Marche,1525271,708808,46.47,0.93
1662,2021-04-11,MAR,7116,3115,4001,6692,286,138,ITI,ITI3,11,Marche,Marche,1525271,715924,46.94,0.47
1663,2021-03-11,MAR,6629,2819,3810,5149,1405,75,ITI,ITI3,11,Marche,Marche,1525271,722553,47.37,0.43
1664,2021-03-25,MAR,6676,2785,3891,3190,3430,56,ITI,ITI3,11,Marche,Marche,1525271,729229,47.81,0.44
1665,2021-05-07,MAR,12840,5807,7033,3584,9179,77,ITI,ITI3,11,Marche,Marche,1525271,742069,48.65,0.84
1666,2021-02-13,MAR,1093,462,631,988,82,23,ITI,ITI3,11,Marche,Marche,1525271,743162,48.72,0.07
1667,2021-01-27,MAR,2119,780,1339,118,1999,2,ITI,ITI3,11,Marche,Marche,1525271,745281,48.86,0.14
1668,2021-04-20,MAR,10746,5025,5721,9154,1463,129,ITI,ITI3,11,Marche,Marche,1525271,756027,49.57,0.7
1669,2021-01-06,MAR,2204,801,1403,2185,0,19,ITI,ITI3,11,Marche,Marche,1525271,758231,49.71,0.14
1670,2021-03-04,MAR,6536,2892,3644,5084,1393,59,ITI,ITI3,11,Marche,Marche,1525271,764767,50.14,0.43
1671,2021-03-13,MAR,5797,2677,3120,1765,3992,40,ITI,ITI3,11,Marche,Marche,1525271,770564,50.52,0.38
1672,2021-06-21,MAR,12603,6182,6421,5481,6877,245,ITI,ITI3,11,Marche,Marche,1525271,783167,51.35,0.83
1673,2021-05-09,MAR,8863,4020,4843,3559,5227,77,ITI,ITI3,11,Marche,Marche,1525271,792030,51.93,0.58
1674,2021-01-15,MAR,1771,500,1271,1754,0,17,ITI,ITI3,11,Marche,Marche,1525271,793801,52.04,0.12
1675,2021-04-25,MAR,8599,3993,4606,6897,1575,127,ITI,ITI3,11,Marche,Marche,1525271,802400,52.61,0.56
1676,2021-04-06,MAR,8876,3694,5182,7933,810,133,ITI,ITI3,11,Marche,Marche,1525271,811276,53.19,0.58
1677,2021-03-23,MAR,5828,2550,3278,2227,3566,35,ITI,ITI3,11,Marche,Marche,1525271,817104,53.57,0.38
1678,2021-02-08,MAR,833,258,575,366,462,5,ITI,ITI3,11,Marche,Marche,1525271,817937,53.63,0.05
1679,2021-05-19,MAR,11621,5340,6281,8369,3057,195,ITI,ITI3,11,Marche,Marche,1525271,829558,54.39,0.76
1680,2021-01-25,MAR,1596,558,1038,94,1502,0,ITI,ITI3,11,Marche,Marche,1525271,831154,54.49,0.1
1681,2021-01-08,MAR,1582,592,990,1567,0,15,ITI,ITI3,11,Marche,Marche,1525271,832736,54.6,0.1
1682,2021-04-18,MAR,8824,4131,4693,7735,921,168,ITI,ITI3,11,Marche,Marche,1525271,841560,55.17,0.58
1683,2021-07-14,MAR,7031,3430,3601,804,6142,85,ITI,ITI3,11,Marche,Marche,1525271,848591,55.64,0.46
1684,2021-01-10,MAR,1745,701,1044,1731,0,14,ITI,ITI3,11,Marche,Marche,1525271,850336,55.75,0.11
1685,2021-07-12,MAR,13829,6858,6971,1229,12482,118,ITI,ITI3,11,Marche,Marche,1525271,864165,56.66,0.91
1686,2021-04-03,MAR,7572,3204,4368,6737,667,168,ITI,ITI3,11,Marche,Marche,1525271,871737,57.15,0.5
1687,2021-06-25,MAR,14346,7173,7173,6424,7635,287,ITI,ITI3,11,Marche,Marche,1525271,886083,58.09,0.94
1688,2021-07-03,MAR,13844,6991,6853,4136,9396,312,ITI,ITI3,11,Marche,Marche,1525271,899927,59.0,0.91
1689,2021-02-20,MAR,4162,1732,2430,4041,111,10,ITI,ITI3,11,Marche,Marche,1525271,904089,59.27,0.27
1690,2021-01-20,MAR,405,100,305,384,19,2,ITI,ITI3,11,Marche,Marche,1525271,904494,59.3,0.03
1691,2021-02-03,MAR,2124,741,1383,98,2005,21,ITI,ITI3,11,Marche,Marche,1525271,906618,59.44,0.14
1692,2021-05-14,MAR,13599,6271,7328,6509,6878,212,ITI,ITI3,11,Marche,Marche,1525271,920217,60.33,0.89
1693,2021-05-21,MAR,13861,6572,7289,7226,6424,211,ITI,ITI3,11,Marche,Marche,1525271,934078,61.24,0.91
1694,2021-05-28,MAR,13956,6736,7220,8801,4857,298,ITI,ITI3,11,Marche,Marche,1525271,948034,62.16,0.91
1695,2021-04-01,MAR,7576,3182,4394,4068,3416,92,ITI,ITI3,11,Marche,Marche,1525271,955610,62.65,0.5
1696,2021-01-13,MAR,2107,746,1361,2066,0,41,ITI,ITI3,11,Marche,Marche,1525271,957717,62.79,0.14
1697,2021-05-02,MAR,8901,3938,4963,3083,5739,79,ITI,ITI3,11,Marche,Marche,1525271,966618,63.37,0.58
1698,2021-06-28,MAR,12306,6002,6304,4611,7460,235,ITI,ITI3,11,Marche,Marche,1525271,978924,64.18,0.81
1699,2021-03-22,MAR,5688,2399,3289,2482,3163,43,ITI,ITI3,11,Marche,Marche,1525271,984612,64.55,0.37
1700,2021-04-13,MAR,9838,4260,5578,9412,233,193,ITI,ITI3,11,Marche,Marche,1525271,994450,65.2,0.65
1701,2021-07-05,MAR,13154,6501,6653,2923,10060,171,ITI,ITI3,11,Marche,Marche,1525271,1007604,66.06,0.86
1702,2021-06-16,MAR,13759,6915,6844,9130,4366,263,ITI,ITI3,11,Marche,Marche,1525271,1021363,66.96,0.9
1703,2021-06-02,MAR,11901,5939,5962,11030,676,195,ITI,ITI3,11,Marche,Marche,1525271,1033264,67.74,0.78
1704,2021-02-22,MAR,3459,1531,1928,3350,75,34,ITI,ITI3,11,Marche,Marche,1525271,1036723,67.97,0.23
1705,2021-03-06,MAR,5737,2640,3097,4423,1267,47,ITI,ITI3,11,Marche,Marche,1525271,1042460,68.35,0.38
1706,2021-06-14,MAR,12835,6485,6350,9256,3310,269,ITI,ITI3,11,Marche,Marche,1525271,1055295,69.19,0.84
1707,2021-01-29,MAR,1992,730,1262,161,1826,5,ITI,ITI3,11,Marche,Marche,1525271,1057287,69.32,0.13
1708,2021-05-18,MAR,11208,5323,5885,7478,3552,178,ITI,ITI3,11,Marche,Marche,1525271,1068495,70.05,0.73
1709,2021-05-11,MAR,10625,4834,5791,5490,4943,192,ITI,ITI3,11,Marche,Marche,1525271,1079120,70.75,0.7
1710,2021-04-17,MAR,11705,5317,6388,10401,1073,231,ITI,ITI3,11,Marche,Marche,1525271,1090825,71.52,0.77
1711,2021-06-13,MAR,10746,5563,5183,9203,1294,249,ITI,ITI3,11,Marche,Marche,1525271,1101571,72.22,0.7
1712,2020-12-27,MAR,205,100,105,203,0,2,ITI,ITI3,11,Marche,Marche,1525271,1101776,72.23,0.01
1713,2021-07-10,MAR,14183,7243,6940,1675,12303,205,ITI,ITI3,11,Marche,Marche,1525271,1115959,73.16,0.93
1714,2021-04-22,MAR,10798,4931,5867,9084,1578,136,ITI,ITI3,11,Marche,Marche,1525271,1126757,73.87,0.71
1715,2021-02-24,MAR,3534,1547,1987,3424,78,32,ITI,ITI3,11,Marche,Marche,1525271,1130291,74.1,0.23
1716,2021-06-04,MAR,14336,7289,7047,11590,2439,307,ITI,ITI3,11,Marche,Marche,1525271,1144627,75.04,0.94
1717,2021-04-08,MAR,8691,3805,4886,8216,345,130,ITI,ITI3,11,Marche,Marche,1525271,1153318,75.61,0.57
1718,2021-07-02,MAR,14546,7174,7372,4675,9641,230,ITI,ITI3,11,Marche,Marche,1525271,1167864,76.57,0.95
1719,2021-06-18,MAR,15350,7650,7700,8299,6752,299,ITI,ITI3,11,Marche,Marche,1525271,1183214,77.57,1.01
1720,2021-04-29,MAR,13439,6153,7286,7163,6099,177,ITI,ITI3,11,Marche,Marche,1525271,1196653,78.46,0.88
1721,2021-01-24,MAR,881,339,542,5,876,0,ITI,ITI3,11,Marche,Marche,1525271,1197534,78.51,0.06
1722,2021-06-30,MAR,13657,6667,6990,4461,8985,211,ITI,ITI3,11,Marche,Marche,1525271,1211191,79.41,0.9
1723,2021-05-04,MAR,10972,4839,6133,4928,5903,141,ITI,ITI3,11,Marche,Marche,1525271,1222163,80.13,0.72
1724,2021-03-20,MAR,4167,1754,2413,1035,3118,14,ITI,ITI3,11,Marche,Marche,1525271,1226330,80.4,0.27
1725,2021-01-22,MAR,489,168,321,193,294,2,ITI,ITI3,11,Marche,Marche,1525271,1226819,80.43,0.03
1726,2021-07-07,MAR,14281,7082,7199,2961,11079,241,ITI,ITI3,11,Marche,Marche,1525271,1241100,81.37,0.94
1727,2021-03-27,MAR,7411,3088,4323,4950,2389,72,ITI,ITI3,11,Marche,Marche,1525271,1248511,81.86,0.49
1728,2021-04-10,MAR,10918,4621,6297,10370,313,235,ITI,ITI3,11,Marche,Marche,1525271,1259429,82.57,0.72
1729,2021-01-03,MAR,907,354,553,897,0,10,ITI,ITI3,11,Marche,Marche,1525271,1260336,82.63,0.06
1730,2021-03-08,MAR,6297,2759,3538,5187,1002,108,ITI,ITI3,11,Marche,Marche,1525271,1266633,83.04,0.41
1731,2021-02-05,MAR,2155,654,1501,438,1716,1,ITI,ITI3,11,Marche,Marche,1525271,1268788,83.18,0.14
1732,2021-05-16,MAR,10898,4957,5941,6551,4228,119,ITI,ITI3,11,Marche,Marche,1525271,1279686,83.9,0.71
1733,2021-05-30,MAR,9733,4691,5042,6548,2989,196,ITI,ITI3,11,Marche,Marche,1525271,1289419,84.54,0.64
1734,2021-06-06,MAR,12452,6136,6316,10639,1577,236,ITI,ITI3,11,Marche,Marche,1525271,1301871,85.35,0.82
1735,2021-03-15,MAR,4439,2051,2388,1291,3127,21,ITI,ITI3,11,Marche,Marche,1525271,1306310,85.64,0.29
1736,2021-06-23,MAR,13888,6816,7072,6619,7014,255,ITI,ITI3,11,Marche,Marche,1525271,1320198,86.55,0.91
1737,2021-03-03,MAR,6699,3076,3623,5718,884,97,ITI,ITI3,11,Marche,Marche,1525271,1326897,86.99,0.44
1738,2021-01-05,MAR,1577,591,986,1558,0,19,ITI,ITI3,11,Marche,Marche,1525271,1328474,87.1,0.1
1739,2021-04-15,MAR,10378,4675,5703,9579,565,234,ITI,ITI3,11,Marche,Marche,1525271,1338852,87.78,0.68
1740,2021-02-17,MAR,1827,700,1127,1641,118,68,ITI,ITI3,11,Marche,Marche,1525271,1340679,87.9,0.12
1741,2021-04-27,MAR,9589,4388,5201,5509,3986,94,ITI,ITI3,11,Marche,Marche,1525271,1350268,88.53,0.63
1742,2021-01-17,MAR,1619,696,923,1551,62,6,ITI,ITI3,11,Marche,Marche,1525271,1351887,88.63,0.11
1743,2021-06-24,MAR,13830,6673,7157,6186,7373,271,ITI,ITI3,11,Marche,Marche,1525271,1365717,89.54,0.91
1744,2021-01-11,MAR,1177,412,765,1159,0,18,ITI,ITI3,11,Marche,Marche,1525271,1366894,89.62,0.08
1745,2021-04-21,MAR,10784,4967,5817,9436,1194,154,ITI,ITI3,11,Marche,Marche,1525271,1377678,90.32,0.71
1746,2021-01-28,MAR,2087,725,1362,163,1923,1,ITI,ITI3,11,Marche,Marche,1525271,1379765,90.46,0.14
1747,2021-04-04,MAR,3824,1792,2032,2606,1169,49,ITI,ITI3,11,Marche,Marche,1525271,1383589,90.71,0.25
1748,2021-07-13,MAR,15053,7374,7679,1456,13467,130,ITI,ITI3,11,Marche,Marche,1525271,1398642,91.7,0.99
1749,2021-06-09,MAR,14279,7417,6862,12108,1870,301,ITI,ITI3,11,Marche,Marche,1525271,1412921,92.63,0.94
1750,2021-06-07,MAR,13320,6588,6732,10568,2450,302,ITI,ITI3,11,Marche,Marche,1525271,1426241,93.51,0.87
1751,2021-02-27,MAR,3401,1457,1944,3158,209,34,ITI,ITI3,11,Marche,Marche,1525271,1429642,93.73,0.22
1752,2021-03-18,MAR,3425,1495,1930,150,3263,12,ITI,ITI3,11,Marche,Marche,1525271,1433067,93.95,0.22
1753,2021-06-26,MAR,13576,6905,6671,5688,7671,217,ITI,ITI3,11,Marche,Marche,1525271,1446643,94.84,0.89
1754,2021-05-23,MAR,9208,4282,4926,7413,1671,124,ITI,ITI3,11,Marche,Marche,1525271,1455851,95.45,0.6
1755,2021-05-06,MAR,12655,5822,6833,5362,7071,222,ITI,ITI3,11,Marche,Marche,1525271,1468506,96.28,0.83
1756,2021-02-12,MAR,1582,618,964,1404,152,26,ITI,ITI3,11,Marche,Marche,1525271,1470088,96.38,0.1
1757,2021-02-10,MAR,1439,452,987,1038,359,42,ITI,ITI3,11,Marche,Marche,1525271,1471527,96.48,0.09
1758,2021-06-11,MAR,13992,7152,6840,11368,2321,303,ITI,ITI3,11,Marche,Marche,1525271,1485519,97.39,0.92
1759,2021-05-25,MAR,11738,5790,5948,8497,3021,220,ITI,ITI3,11,Marche,Marche,1525271,1497257,98.16,0.77
1760,2021-03-01,MAR,3772,1520,2252,3503,248,21,ITI,ITI3,11,Marche,Marche,1525271,1501029,98.41,0.25
1761,2021-03-28,FVG,4938,2354,2584,4727,158,53,ITH,ITH4,6,Friuli-Venezia Giulia,Friuli Venezia Giulia,1215220,4938,0.41,0.41
1762,2021-01-18,FVG,1961,606,1355,1867,94,0,ITH,ITH4,6,Friuli-Venezia Giulia,Friuli Venezia Giulia,1215220,6899,0.57,0.16
1763,2021-01-04,FVG,1507,558,949,1507,0,0,ITH,ITH4,6,Friuli-Venezia Giulia,Friuli Venezia Giulia,1215220,8406,0.69,0.12
1764,2021-02-06,FVG,1154,338,816,21,1132,1,ITH,ITH4,6,Friuli-Venezia Giulia,Friuli Venezia Giulia,1215220,9560,0.79,0.09
1765,2021-02-23,FVG,2644,1278,1366,2461,180,3,ITH,ITH4,6,Friuli-Venezia Giulia,Friuli Venezia Giulia,1215220,12204,1.0,0.22
1766,2021-05-24,FVG,11423,5525,5898,7554,3618,251,ITH,ITH4,6,Friuli-Venezia Giulia,Friuli Venezia Giulia,1215220,23627,1.94,0.94
1767,2021-02-13,FVG,566,179,387,559,6,1,ITH,ITH4,6,Friuli-Venezia Giulia,Friuli Venezia Giulia,1215220,24193,1.99,0.05
1768,2021-03-02,FVG,4220,1519,2701,2701,1499,20,ITH,ITH4,6,Friuli-Venezia Giulia,Friuli Venezia Giulia,1215220,28413,2.34,0.35
1769,2021-03-04,FVG,3452,1598,1854,2770,660,22,ITH,ITH4,6,Friuli-Venezia Giulia,Friuli Venezia Giulia,1215220,31865,2.62,0.28
1770,2021-06-12,FVG,8080,4634,3446,6901,1159,20,ITH,ITH4,6,Friuli-Venezia Giulia,Friuli Venezia Giulia,1215220,39945,3.29,0.66
1771,2021-03-21,FVG,2673,1000,1673,2228,409,36,ITH,ITH4,6,Friuli-Venezia Giulia,Friuli Venezia Giulia,1215220,42618,3.51,0.22
1772,2021-04-11,FVG,3433,1519,1914,2436,906,91,ITH,ITH4,6,Friuli-Venezia Giulia,Friuli Venezia Giulia,1215220,46051,3.79,0.28
1773,2021-06-07,FVG,9167,4752,4415,8151,990,26,ITH,ITH4,6,Friuli-Venezia Giulia,Friuli Venezia Giulia,1215220,55218,4.54,0.75
1774,2021-05-31,FVG,8898,4419,4479,6502,2184,212,ITH,ITH4,6,Friuli-Venezia Giulia,Friuli Venezia Giulia,1215220,64116,5.28,0.73
1775,2021-06-24,FVG,11033,5627,5406,1947,9076,10,ITH,ITH4,6,Friuli-Venezia Giulia,Friuli Venezia Giulia,1215220,75149,6.18,0.91
1776,2021-03-16,FVG,3187,1299,1888,1033,2081,73,ITH,ITH4,6,Friuli-Venezia Giulia,Friuli Venezia Giulia,1215220,78336,6.45,0.26
1777,2021-05-12,FVG,10873,5040,5833,9069,1412,392,ITH,ITH4,6,Friuli-Venezia Giulia,Friuli Venezia Giulia,1215220,89209,7.34,0.89
1778,2021-05-19,FVG,12042,5934,6108,9297,2345,400,ITH,ITH4,6,Friuli-Venezia Giulia,Friuli Venezia Giulia,1215220,101251,8.33,0.99
1779,2021-04-28,FVG,7295,3223,4072,3674,3491,130,ITH,ITH4,6,Friuli-Venezia Giulia,Friuli Venezia Giulia,1215220,108546,8.93,0.6
1780,2021-01-23,FVG,814,323,491,4,810,0,ITH,ITH4,6,Friuli-Venezia Giulia,Friuli Venezia Giulia,1215220,109360,9.0,0.07
1781,2021-05-05,FVG,9760,4262,5498,6052,3470,238,ITH,ITH4,6,Friuli-Venezia Giulia,Friuli Venezia Giulia,1215220,119120,9.8,0.8
1782,2021-01-30,FVG,2277,745,1532,270,2007,0,ITH,ITH4,6,Friuli-Venezia Giulia,Friuli Venezia Giulia,1215220,121397,9.99,0.19
1783,2021-07-13,FVG,10168,5267,4901,1025,8995,148,ITH,ITH4,6,Friuli-Venezia Giulia,Friuli Venezia Giulia,1215220,131565,10.83,0.84
1784,2021-06-26,FVG,10044,5101,4943,3899,6143,2,ITH,ITH4,6,Friuli-Venezia Giulia,Friuli Venezia Giulia,1215220,141609,11.65,0.83
1785,2021-04-21,FVG,7754,3459,4295,3993,3680,81,ITH,ITH4,6,Friuli-Venezia Giulia,Friuli Venezia Giulia,1215220,149363,12.29,0.64
1786,2021-07-08,FVG,12799,6928,5871,1265,11338,196,ITH,ITH4,6,Friuli-Venezia Giulia,Friuli Venezia Giulia,1215220,162162,13.34,1.05
1787,2021-02-04,FVG,2725,808,1917,35,2690,0,ITH,ITH4,6,Friuli-Venezia Giulia,Friuli Venezia Giulia,1215220,164887,13.57,0.22
1788,2021-04-30,FVG,7348,3244,4104,3528,3650,170,ITH,ITH4,6,Friuli-Venezia Giulia,Friuli Venezia Giulia,1215220,172235,14.17,0.6
1789,2021-02-18,FVG,3218,1492,1726,2791,407,20,ITH,ITH4,6,Friuli-Venezia Giulia,Friuli Venezia Giulia,1215220,175453,14.44,0.26
1790,2021-04-02,FVG,6594,2926,3668,4643,1838,113,ITH,ITH4,6,Friuli-Venezia Giulia,Friuli Venezia Giulia,1215220,182047,14.98,0.54
1791,2021-04-16,FVG,6962,3026,3936,4909,1926,127,ITH,ITH4,6,Friuli-Venezia Giulia,Friuli Venezia Giulia,1215220,189009,15.55,0.57
1792,2021-01-06,FVG,710,264,446,710,0,0,ITH,ITH4,6,Friuli-Venezia Giulia,Friuli Venezia Giulia,1215220,189719,15.61,0.06
1793,2021-05-17,FVG,8808,4089,4719,6097,2485,226,ITH,ITH4,6,Friuli-Venezia Giulia,Friuli Venezia Giulia,1215220,198527,16.34,0.72
1794,2021-03-09,FVG,4012,1723,2289,1237,2750,25,ITH,ITH4,6,Friuli-Venezia Giulia,Friuli Venezia Giulia,1215220,202539,16.67,0.33
1795,2021-01-27,FVG,1271,425,846,448,821,2,ITH,ITH4,6,Friuli-Venezia Giulia,Friuli Venezia Giulia,1215220,203810,16.77,0.1
1796,2021-05-07,FVG,10625,4862,5763,6935,3526,164,ITH,ITH4,6,Friuli-Venezia Giulia,Friuli Venezia Giulia,1215220,214435,17.65,0.87
1797,2021-05-09,FVG,7358,3304,4054,3372,3858,128,ITH,ITH4,6,Friuli-Venezia Giulia,Friuli Venezia Giulia,1215220,221793,18.25,0.61
1798,2021-02-27,FVG,3531,1201,2330,3511,1,19,ITH,ITH4,6,Friuli-Venezia Giulia,Friuli Venezia Giulia,1215220,225324,18.54,0.29
1799,2021-04-25,FVG,2366,990,1376,2178,11,177,ITH,ITH4,6,Friuli-Venezia Giulia,Friuli Venezia Giulia,1215220,227690,18.74,0.19
1800,2021-01-15,FVG,2020,605,1415,2019,0,1,ITH,ITH4,6,Friuli-Venezia Giulia,Friuli Venezia Giulia,1215220,229710,18.9,0.17
1801,2021-03-14,FVG,1398,550,848,1124,252,22,ITH,ITH4,6,Friuli-Venezia Giulia,Friuli Venezia Giulia,1215220,231108,19.02,0.12
1802,2021-04-08,FVG,7446,3218,4228,5404,1922,120,ITH,ITH4,6,Friuli-Venezia Giulia,Friuli Venezia Giulia,1215220,238554,19.63,0.61
1803,2021-05-21,FVG,11210,5018,6192,7920,2972,318,ITH,ITH4,6,Friuli-Venezia Giulia,Friuli Venezia Giulia,1215220,249764,20.55,0.92
1804,2021-02-10,FVG,1350,496,854,1264,86,0,ITH,ITH4,6,Friuli-Venezia Giulia,Friuli Venezia Giulia,1215220,251114,20.66,0.11
1805,2021-02-01,FVG,2098,688,1410,16,2082,0,ITH,ITH4,6,Friuli-Venezia Giulia,Friuli Venezia Giulia,1215220,253212,20.84,0.17
1806,2021-01-11,FVG,1882,608,1274,1882,0,0,ITH,ITH4,6,Friuli-Venezia Giulia,Friuli Venezia Giulia,1215220,255094,20.99,0.15
1807,2021-04-23,FVG,7467,3376,4091,3463,3866,138,ITH,ITH4,6,Friuli-Venezia Giulia,Friuli Venezia Giulia,1215220,262561,21.61,0.61
1808,2021-01-25,FVG,1583,567,1016,194,1389,0,ITH,ITH4,6,Friuli-Venezia Giulia,Friuli Venezia Giulia,1215220,264144,21.74,0.13
1809,2021-07-01,FVG,12207,6348,5859,2527,9412,268,ITH,ITH4,6,Friuli-Venezia Giulia,Friuli Venezia Giulia,1215220,276351,22.74,1.0
1810,2021-03-23,FVG,3888,1681,2207,1733,2141,14,ITH,ITH4,6,Friuli-Venezia Giulia,Friuli Venezia Giulia,1215220,280239,23.06,0.32
1811,2021-01-16,FVG,1230,360,870,1230,0,0,ITH,ITH4,6,Friuli-Venezia Giulia,Friuli Venezia Giulia,1215220,281469,23.16,0.1
1812,2021-07-03,FVG,11360,6061,5299,1076,10130,154,ITH,ITH4,6,Friuli-Venezia Giulia,Friuli Venezia Giulia,1215220,292829,24.1,0.93
1813,2021-03-25,FVG,5530,2422,3108,3337,2137,56,ITH,ITH4,6,Friuli-Venezia Giulia,Friuli Venezia Giulia,1215220,298359,24.55,0.46
1814,2021-06-19,FVG,8492,4428,4064,1365,7127,0,ITH,ITH4,6,Friuli-Venezia Giulia,Friuli Venezia Giulia,1215220,306851,25.25,0.7
1815,2021-03-11,FVG,3476,1517,1959,1713,1751,12,ITH,ITH4,6,Friuli-Venezia Giulia,Friuli Venezia Giulia,1215220,310327,25.54,0.29
1816,2021-02-11,FVG,1930,664,1266,1735,192,3,ITH,ITH4,6,Friuli-Venezia Giulia,Friuli Venezia Giulia,1215220,312257,25.7,0.16
1817,2021-04-09,FVG,7916,3659,4257,6509,1248,159,ITH,ITH4,6,Friuli-Venezia Giulia,Friuli Venezia Giulia,1215220,320173,26.35,0.65
1818,2020-12-30,FVG,626,244,382,626,0,0,ITH,ITH4,6,Friuli-Venezia Giulia,Friuli Venezia Giulia,1215220,320799,26.4,0.05
1819,2021-06-05,FVG,10300,5323,4977,8738,1548,14,ITH,ITH4,6,Friuli-Venezia Giulia,Friuli Venezia Giulia,1215220,331099,27.25,0.85
1820,2021-02-25,FVG,3165,1652,1513,3112,29,24,ITH,ITH4,6,Friuli-Venezia Giulia,Friuli Venezia Giulia,1215220,334264,27.51,0.26
1821,2021-06-04,FVG,12047,6188,5859,10627,1385,35,ITH,ITH4,6,Friuli-Venezia Giulia,Friuli Venezia Giulia,1215220,346311,28.5,0.99
1822,2021-07-05,FVG,9465,4815,4650,1280,8039,146,ITH,ITH4,6,Friuli-Venezia Giulia,Friuli Venezia Giulia,1215220,355776,29.28,0.78
1823,2021-06-21,FVG,9143,4465,4678,1898,7241,4,ITH,ITH4,6,Friuli-Venezia Giulia,Friuli Venezia Giulia,1215220,364919,30.03,0.75
1824,2021-03-13,FVG,2943,1124,1819,1658,1273,12,ITH,ITH4,6,Friuli-Venezia Giulia,Friuli Venezia Giulia,1215220,367862,30.27,0.24
1825,2021-05-02,FVG,6896,3247,3649,3808,2958,130,ITH,ITH4,6,Friuli-Venezia Giulia,Friuli Venezia Giulia,1215220,374758,30.84,0.57
1826,2021-05-26,FVG,13424,6704,6720,9666,3439,319,ITH,ITH4,6,Friuli-Venezia Giulia,Friuli Venezia Giulia,1215220,388182,31.94,1.1
1827,2021-02-15,FVG,2454,911,1543,2196,254,4,ITH,ITH4,6,Friuli-Venezia Giulia,Friuli Venezia Giulia,1215220,390636,32.15,0.2
1828,2021-04-20,FVG,7123,3068,4055,3094,3906,123,ITH,ITH4,6,Friuli-Venezia Giulia,Friuli Venezia Giulia,1215220,397759,32.73,0.59
1829,2021-04-18,FVG,6047,2808,3239,5455,407,185,ITH,ITH4,6,Friuli-Venezia Giulia,Friuli Venezia Giulia,1215220,403806,33.23,0.5
1830,2021-01-08,FVG,2321,746,1575,2321,0,0,ITH,ITH4,6,Friuli-Venezia Giulia,Friuli Venezia Giulia,1215220,406127,33.42,0.19
1831,2021-06-14,FVG,10039,4845,5194,5209,4809,21,ITH,ITH4,6,Friuli-Venezia Giulia,Friuli Venezia Giulia,1215220,416166,34.25,0.83
1832,2021-02-20,FVG,2068,933,1135,1921,144,3,ITH,ITH4,6,Friuli-Venezia Giulia,Friuli Venezia Giulia,1215220,418234,34.42,0.17
1833,2021-01-22,FVG,89,29,60,0,89,0,ITH,ITH4,6,Friuli-Venezia Giulia,Friuli Venezia Giulia,1215220,418323,34.42,0.01
1834,2021-03-06,FVG,3500,1196,2304,3147,325,28,ITH,ITH4,6,Friuli-Venezia Giulia,Friuli Venezia Giulia,1215220,421823,34.71,0.29
1835,2021-03-30,FVG,7228,3255,3973,6192,924,112,ITH,ITH4,6,Friuli-Venezia Giulia,Friuli Venezia Giulia,1215220,429051,35.31,0.59
1836,2021-07-10,FVG,8494,4392,4102,128,8338,28,ITH,ITH4,6,Friuli-Venezia Giulia,Friuli Venezia Giulia,1215220,437545,36.01,0.7
1837,2021-04-01,FVG,6398,3054,3344,5314,1015,69,ITH,ITH4,6,Friuli-Venezia Giulia,Friuli Venezia Giulia,1215220,443943,36.53,0.53
1838,2021-05-28,FVG,10611,5086,5525,6250,4112,249,ITH,ITH4,6,Friuli-Venezia Giulia,Friuli Venezia Giulia,1215220,454554,37.41,0.87
1839,2021-05-14,FVG,10757,5357,5400,7886,2595,276,ITH,ITH4,6,Friuli-Venezia Giulia,Friuli Venezia Giulia,1215220,465311,38.29,0.89
1840,2021-02-03,FVG,2647,791,1856,22,2624,1,ITH,ITH4,6,Friuli-Venezia Giulia,Friuli Venezia Giulia,1215220,467958,38.51,0.22
1841,2021-02-08,FVG,2356,694,1662,90,2265,1,ITH,ITH4,6,Friuli-Venezia Giulia,Friuli Venezia Giulia,1215220,470314,38.7,0.19
1842,2021-06-16,FVG,12080,5867,6213,4056,8014,10,ITH,ITH4,6,Friuli-Venezia Giulia,Friuli Venezia Giulia,1215220,482394,39.7,0.99
1843,2021-06-23,FVG,12023,5817,6206,2092,9926,5,ITH,ITH4,6,Friuli-Venezia Giulia,Friuli Venezia Giulia,1215220,494417,40.69,0.99
1844,2021-04-27,FVG,8113,3723,4390,3530,4485,98,ITH,ITH4,6,Friuli-Venezia Giulia,Friuli Venezia Giulia,1215220,502530,41.35,0.67
1845,2021-04-13,FVG,7376,3291,4085,5647,1603,126,ITH,ITH4,6,Friuli-Venezia Giulia,Friuli Venezia Giulia,1215220,509906,41.96,0.61
1846,2021-01-03,FVG,312,122,190,312,0,0,ITH,ITH4,6,Friuli-Venezia Giulia,Friuli Venezia Giulia,1215220,510218,41.99,0.03
1847,2021-01-20,FVG,748,320,428,13,735,0,ITH,ITH4,6,Friuli-Venezia Giulia,Friuli Venezia Giulia,1215220,510966,42.05,0.06
1848,2021-02-22,FVG,2485,1193,1292,2064,418,3,ITH,ITH4,6,Friuli-Venezia Giulia,Friuli Venezia Giulia,1215220,513451,42.25,0.2
1849,2021-06-02,FVG,9407,4950,4457,9117,280,10,ITH,ITH4,6,Friuli-Venezia Giulia,Friuli Venezia Giulia,1215220,522858,43.03,0.77
1850,2021-05-04,FVG,9547,4303,5244,5982,3361,204,ITH,ITH4,6,Friuli-Venezia Giulia,Friuli Venezia Giulia,1215220,532405,43.81,0.79
1851,2021-01-24,FVG,305,119,186,1,304,0,ITH,ITH4,6,Friuli-Venezia Giulia,Friuli Venezia Giulia,1215220,532710,43.84,0.03
1852,2021-06-30,FVG,13116,6676,6440,1367,11565,184,ITH,ITH4,6,Friuli-Venezia Giulia,Friuli Venezia Giulia,1215220,545826,44.92,1.08
1853,2021-03-08,FVG,4120,1642,2478,2020,2086,14,ITH,ITH4,6,Friuli-Venezia Giulia,Friuli Venezia Giulia,1215220,549946,45.25,0.34
1854,2021-03-22,FVG,3659,1446,2213,1673,1954,32,ITH,ITH4,6,Friuli-Venezia Giulia,Friuli Venezia Giulia,1215220,553605,45.56,0.3
1855,2021-05-16,FVG,9989,4780,5209,8364,1399,226,ITH,ITH4,6,Friuli-Venezia Giulia,Friuli Venezia Giulia,1215220,563594,46.38,0.82
1856,2021-06-18,FVG,10680,5233,5447,3379,7292,9,ITH,ITH4,6,Friuli-Venezia Giulia,Friuli Venezia Giulia,1215220,574274,47.26,0.88
1857,2021-03-10,FVG,3590,1701,1889,1743,1794,53,ITH,ITH4,6,Friuli-Venezia Giulia,Friuli Venezia Giulia,1215220,577864,47.55,0.3
1858,2021-02-24,FVG,2524,1088,1436,2496,18,10,ITH,ITH4,6,Friuli-Venezia Giulia,Friuli Venezia Giulia,1215220,580388,47.76,0.21
1859,2021-03-27,FVG,5376,2917,2459,3938,1411,27,ITH,ITH4,6,Friuli-Venezia Giulia,Friuli Venezia Giulia,1215220,585764,48.2,0.44
1860,2021-01-10,FVG,2940,918,2022,2940,0,0,ITH,ITH4,6,Friuli-Venezia Giulia,Friuli Venezia Giulia,1215220,588704,48.44,0.24
1861,2021-07-14,FVG,1821,953,868,261,1518,42,ITH,ITH4,6,Friuli-Venezia Giulia,Friuli Venezia Giulia,1215220,590525,48.59,0.15
1862,2021-04-05,FVG,2895,1438,1457,2830,15,50,ITH,ITH4,6,Friuli-Venezia Giulia,Friuli Venezia Giulia,1215220,593420,48.83,0.24
1863,2021-01-12,FVG,2257,713,1544,2257,0,0,ITH,ITH4,6,Friuli-Venezia Giulia,Friuli Venezia Giulia,1215220,595677,49.02,0.19
1864,2021-01-29,FVG,2412,813,1599,264,2148,0,ITH,ITH4,6,Friuli-Venezia Giulia,Friuli Venezia Giulia,1215220,598089,49.22,0.2
1865,2021-04-22,FVG,6783,3086,3697,3035,3688,60,ITH,ITH4,6,Friuli-Venezia Giulia,Friuli Venezia Giulia,1215220,604872,49.77,0.56
1866,2021-07-12,FVG,9790,5040,4750,1026,8606,158,ITH,ITH4,6,Friuli-Venezia Giulia,Friuli Venezia Giulia,1215220,614662,50.58,0.81
1867,2021-02-19,FVG,3255,1292,1963,2816,427,12,ITH,ITH4,6,Friuli-Venezia Giulia,Friuli Venezia Giulia,1215220,617917,50.85,0.27
1868,2021-04-24,FVG,6681,2950,3731,5208,1243,230,ITH,ITH4,6,Friuli-Venezia Giulia,Friuli Venezia Giulia,1215220,624598,51.4,0.55
1869,2021-06-06,FVG,9460,4616,4844,7908,1548,4,ITH,ITH4,6,Friuli-Venezia Giulia,Friuli Venezia Giulia,1215220,634058,52.18,0.78
1870,2021-02-26,FVG,3735,2093,1642,3560,148,27,ITH,ITH4,6,Friuli-Venezia Giulia,Friuli Venezia Giulia,1215220,637793,52.48,0.31
1871,2021-02-17,FVG,2355,1000,1355,1873,480,2,ITH,ITH4,6,Friuli-Venezia Giulia,Friuli Venezia Giulia,1215220,640148,52.68,0.19
1872,2021-06-13,FVG,8648,4501,4147,5311,3321,16,ITH,ITH4,6,Friuli-Venezia Giulia,Friuli Venezia Giulia,1215220,648796,53.39,0.71
1873,2021-04-17,FVG,7454,3237,4217,5813,1483,158,ITH,ITH4,6,Friuli-Venezia Giulia,Friuli Venezia Giulia,1215220,656250,54.0,0.61
1874,2021-04-10,FVG,5049,2213,2836,3758,1225,66,ITH,ITH4,6,Friuli-Venezia Giulia,Friuli Venezia Giulia,1215220,661299,54.42,0.42
1875,2021-05-23,FVG,10276,4856,5420,5928,4150,198,ITH,ITH4,6,Friuli-Venezia Giulia,Friuli Venezia Giulia,1215220,671575,55.26,0.85
1876,2021-01-17,FVG,1715,522,1193,1713,0,2,ITH,ITH4,6,Friuli-Venezia Giulia,Friuli Venezia Giulia,1215220,673290,55.4,0.14
1877,2021-03-15,FVG,3951,1809,2142,1612,2321,18,ITH,ITH4,6,Friuli-Venezia Giulia,Friuli Venezia Giulia,1215220,677241,55.73,0.33
1878,2021-05-11,FVG,9038,4337,4701,7016,1806,216,ITH,ITH4,6,Friuli-Venezia Giulia,Friuli Venezia Giulia,1215220,686279,56.47,0.74
1879,2021-01-31,FVG,2717,838,1879,385,2332,0,ITH,ITH4,6,Friuli-Venezia Giulia,Friuli Venezia Giulia,1215220,688996,56.7,0.22
1880,2021-04-03,FVG,4013,1990,2023,2638,1332,43,ITH,ITH4,6,Friuli-Venezia Giulia,Friuli Venezia Giulia,1215220,693009,57.03,0.33
1881,2021-06-10,FVG,10718,5612,5106,9663,1037,18,ITH,ITH4,6,Friuli-Venezia Giulia,Friuli Venezia Giulia,1215220,703727,57.91,0.88
1882,2021-03-19,FVG,3251,1350,1901,1301,1936,14,ITH,ITH4,6,Friuli-Venezia Giulia,Friuli Venezia Giulia,1215220,706978,58.18,0.27
1883,2021-06-27,FVG,7336,3660,3676,3520,3814,2,ITH,ITH4,6,Friuli-Venezia Giulia,Friuli Venezia Giulia,1215220,714314,58.78,0.6
1884,2021-06-29,FVG,11265,5745,5520,1156,9991,118,ITH,ITH4,6,Friuli-Venezia Giulia,Friuli Venezia Giulia,1215220,725579,59.71,0.93
1885,2021-04-07,FVG,7830,3627,4203,6942,782,106,ITH,ITH4,6,Friuli-Venezia Giulia,Friuli Venezia Giulia,1215220,733409,60.35,0.64
1886,2021-04-15,FVG,6513,2878,3635,5104,1270,139,ITH,ITH4,6,Friuli-Venezia Giulia,Friuli Venezia Giulia,1215220,739922,60.89,0.54
1887,2021-04-29,FVG,6760,2979,3781,3974,2592,194,ITH,ITH4,6,Friuli-Venezia Giulia,Friuli Venezia Giulia,1215220,746682,61.44,0.56
1888,2021-01-05,FVG,1678,551,1127,1677,0,1,ITH,ITH4,6,Friuli-Venezia Giulia,Friuli Venezia Giulia,1215220,748360,61.58,0.14
1889,2021-02-05,FVG,2610,784,1826,89,2521,0,ITH,ITH4,6,Friuli-Venezia Giulia,Friuli Venezia Giulia,1215220,750970,61.8,0.21
1890,2021-04-14,FVG,7234,3124,4110,5405,1712,117,ITH,ITH4,6,Friuli-Venezia Giulia,Friuli Venezia Giulia,1215220,758204,62.39,0.6
1891,2021-05-06,FVG,11920,5538,6382,7686,3972,262,ITH,ITH4,6,Friuli-Venezia Giulia,Friuli Venezia Giulia,1215220,770124,63.37,0.98
1892,2021-07-02,FVG,10914,5641,5273,1934,8776,204,ITH,ITH4,6,Friuli-Venezia Giulia,Friuli Venezia Giulia,1215220,781038,64.27,0.9
1893,2021-06-25,FVG,10736,5404,5332,2194,8535,7,ITH,ITH4,6,Friuli-Venezia Giulia,Friuli Venezia Giulia,1215220,791774,65.15,0.88
1894,2021-01-07,FVG,2093,718,1375,2093,0,0,ITH,ITH4,6,Friuli-Venezia Giulia,Friuli Venezia Giulia,1215220,793867,65.33,0.17
1895,2021-03-05,FVG,3774,1513,2261,2634,1075,65,ITH,ITH4,6,Friuli-Venezia Giulia,Friuli Venezia Giulia,1215220,797641,65.64,0.31
1896,2021-04-19,FVG,6721,3138,3583,3216,3417,88,ITH,ITH4,6,Friuli-Venezia Giulia,Friuli Venezia Giulia,1215220,804362,66.19,0.55
1897,2021-01-09,FVG,2513,841,1672,2511,0,2,ITH,ITH4,6,Friuli-Venezia Giulia,Friuli Venezia Giulia,1215220,806875,66.4,0.21
1898,2021-06-15,FVG,11791,5970,5821,5303,6480,8,ITH,ITH4,6,Friuli-Venezia Giulia,Friuli Venezia Giulia,1215220,818666,67.37,0.97
1899,2021-02-07,FVG,1564,482,1082,384,1179,1,ITH,ITH4,6,Friuli-Venezia Giulia,Friuli Venezia Giulia,1215220,820230,67.5,0.13
1900,2021-05-18,FVG,10788,5396,5392,8381,2077,330,ITH,ITH4,6,Friuli-Venezia Giulia,Friuli Venezia Giulia,1215220,831018,68.38,0.89
1901,2021-06-01,FVG,10102,5114,4988,7953,2122,27,ITH,ITH4,6,Friuli-Venezia Giulia,Friuli Venezia Giulia,1215220,841120,69.22,0.83
1902,2021-06-20,FVG,6504,3222,3282,1567,4933,4,ITH,ITH4,6,Friuli-Venezia Giulia,Friuli Venezia Giulia,1215220,847624,69.75,0.54
1903,2021-03-29,FVG,7021,3126,3895,5377,1582,62,ITH,ITH4,6,Friuli-Venezia Giulia,Friuli Venezia Giulia,1215220,854645,70.33,0.58
1904,2021-05-30,FVG,11061,4989,6072,7243,3588,230,ITH,ITH4,6,Friuli-Venezia Giulia,Friuli Venezia Giulia,1215220,865706,71.24,0.91
1905,2021-05-03,FVG,7216,3290,3926,3316,3785,115,ITH,ITH4,6,Friuli-Venezia Giulia,Friuli Venezia Giulia,1215220,872922,71.83,0.59
1906,2021-01-14,FVG,2584,789,1795,2581,0,3,ITH,ITH4,6,Friuli-Venezia Giulia,Friuli Venezia Giulia,1215220,875506,72.05,0.21
1907,2021-06-08,FVG,10395,5440,4955,9914,446,35,ITH,ITH4,6,Friuli-Venezia Giulia,Friuli Venezia Giulia,1215220,885901,72.9,0.86
1908,2021-02-28,FVG,2686,1003,1683,2265,394,27,ITH,ITH4,6,Friuli-Venezia Giulia,Friuli Venezia Giulia,1215220,888587,73.12,0.22
1909,2021-05-29,FVG,12018,5846,6172,6795,4987,236,ITH,ITH4,6,Friuli-Venezia Giulia,Friuli Venezia Giulia,1215220,900605,74.11,0.99
1910,2021-07-11,FVG,6652,3491,3161,2179,4159,314,ITH,ITH4,6,Friuli-Venezia Giulia,Friuli Venezia Giulia,1215220,907257,74.66,0.55
1911,2021-05-22,FVG,11581,5203,6378,7097,4239,245,ITH,ITH4,6,Friuli-Venezia Giulia,Friuli Venezia Giulia,1215220,918838,75.61,0.95
1912,2021-07-09,FVG,11694,6188,5506,1989,9409,296,ITH,ITH4,6,Friuli-Venezia Giulia,Friuli Venezia Giulia,1215220,930532,76.57,0.96
1913,2021-03-17,FVG,3236,1267,1969,739,2491,6,ITH,ITH4,6,Friuli-Venezia Giulia,Friuli Venezia Giulia,1215220,933768,76.84,0.27
1914,2021-05-13,FVG,11157,5381,5776,8730,2064,363,ITH,ITH4,6,Friuli-Venezia Giulia,Friuli Venezia Giulia,1215220,944925,77.76,0.92
1915,2021-02-16,FVG,2516,1135,1381,2397,116,3,ITH,ITH4,6,Friuli-Venezia Giulia,Friuli Venezia Giulia,1215220,947441,77.96,0.21
1916,2021-03-24,FVG,3975,1718,2257,2465,1481,29,ITH,ITH4,6,Friuli-Venezia Giulia,Friuli Venezia Giulia,1215220,951416,78.29,0.33
1917,2021-07-06,FVG,11083,5789,5294,1305,9665,113,ITH,ITH4,6,Friuli-Venezia Giulia,Friuli Venezia Giulia,1215220,962499,79.2,0.91
1918,2021-06-03,FVG,12377,6717,5660,10259,2080,38,ITH,ITH4,6,Friuli-Venezia Giulia,Friuli Venezia Giulia,1215220,974876,80.22,1.02
1919,2021-01-19,FVG,6,2,4,6,0,0,ITH,ITH4,6,Friuli-Venezia Giulia,Friuli Venezia Giulia,1215220,974882,80.22,0.0
1920,2021-03-07,FVG,2545,932,1613,2489,1,55,ITH,ITH4,6,Friuli-Venezia Giulia,Friuli Venezia Giulia,1215220,977427,80.43,0.21
1921,2020-12-31,FVG,1048,381,667,1047,0,1,ITH,ITH4,6,Friuli-Venezia Giulia,Friuli Venezia Giulia,1215220,978475,80.52,0.09
1922,2021-06-17,FVG,11317,5714,5603,2304,9008,5,ITH,ITH4,6,Friuli-Venezia Giulia,Friuli Venezia Giulia,1215220,989792,81.45,0.93
1923,2021-07-07,FVG,11183,5728,5455,1394,9658,131,ITH,ITH4,6,Friuli-Venezia Giulia,Friuli Venezia Giulia,1215220,1000975,82.37,0.92
1924,2021-05-15,FVG,12660,6107,6553,7685,4699,276,ITH,ITH4,6,Friuli-Venezia Giulia,Friuli Venezia Giulia,1215220,1013635,83.41,1.04
1925,2021-05-01,FVG,7196,3246,3950,5898,1045,253,ITH,ITH4,6,Friuli-Venezia Giulia,Friuli Venezia Giulia,1215220,1020831,84.0,0.59
1926,2021-01-21,FVG,896,345,551,1,895,0,ITH,ITH4,6,Friuli-Venezia Giulia,Friuli Venezia Giulia,1215220,1021727,84.08,0.07
1927,2021-02-21,FVG,801,281,520,421,378,2,ITH,ITH4,6,Friuli-Venezia Giulia,Friuli Venezia Giulia,1215220,1022528,84.14,0.07
1928,2021-07-04,FVG,9155,4695,4460,2732,6159,264,ITH,ITH4,6,Friuli-Venezia Giulia,Friuli Venezia Giulia,1215220,1031683,84.9,0.75
1929,2021-03-26,FVG,6005,2606,3399,3831,2017,157,ITH,ITH4,6,Friuli-Venezia Giulia,Friuli Venezia Giulia,1215220,1037688,85.39,0.49
1930,2021-03-12,FVG,4102,1696,2406,2698,1381,23,ITH,ITH4,6,Friuli-Venezia Giulia,Friuli Venezia Giulia,1215220,1041790,85.73,0.34
1931,2021-01-02,FVG,1216,470,746,1216,0,0,ITH,ITH4,6,Friuli-Venezia Giulia,Friuli Venezia Giulia,1215220,1043006,85.83,0.1
1932,2021-04-12,FVG,7272,3188,4084,6000,1132,140,ITH,ITH4,6,Friuli-Venezia Giulia,Friuli Venezia Giulia,1215220,1050278,86.43,0.6
1933,2021-04-26,FVG,5463,2451,3012,3692,1650,121,ITH,ITH4,6,Friuli-Venezia Giulia,Friuli Venezia Giulia,1215220,1055741,86.88,0.45
1934,2021-05-20,FVG,12704,6316,6388,9809,2520,375,ITH,ITH4,6,Friuli-Venezia Giulia,Friuli Venezia Giulia,1215220,1068445,87.92,1.05
1935,2021-01-26,FVG,1977,647,1330,216,1760,1,ITH,ITH4,6,Friuli-Venezia Giulia,Friuli Venezia Giulia,1215220,1070422,88.08,0.16
1936,2021-02-09,FVG,1842,555,1287,1556,286,0,ITH,ITH4,6,Friuli-Venezia Giulia,Friuli Venezia Giulia,1215220,1072264,88.24,0.15
1937,2021-02-02,FVG,2467,806,1661,217,2250,0,ITH,ITH4,6,Friuli-Venezia Giulia,Friuli Venezia Giulia,1215220,1074731,88.44,0.2
1938,2021-03-31,FVG,8116,3560,4556,7156,846,114,ITH,ITH4,6,Friuli-Venezia Giulia,Friuli Venezia Giulia,1215220,1082847,89.11,0.67
1939,2021-06-22,FVG,11478,5919,5559,2390,9079,9,ITH,ITH4,6,Friuli-Venezia Giulia,Friuli Venezia Giulia,1215220,1094325,90.05,0.94
1940,2021-06-09,FVG,11174,5882,5292,9760,1393,21,ITH,ITH4,6,Friuli-Venezia Giulia,Friuli Venezia Giulia,1215220,1105499,90.97,0.92
1941,2021-03-01,FVG,2959,1041,1918,2887,53,19,ITH,ITH4,6,Friuli-Venezia Giulia,Friuli Venezia Giulia,1215220,1108458,91.21,0.24
1942,2021-03-18,FVG,3373,1422,1951,1683,1682,8,ITH,ITH4,6,Friuli-Venezia Giulia,Friuli Venezia Giulia,1215220,1111831,91.49,0.28
1943,2021-06-28,FVG,9821,4948,4873,2129,7681,11,ITH,ITH4,6,Friuli-Venezia Giulia,Friuli Venezia Giulia,1215220,1121652,92.3,0.81
1944,2021-03-20,FVG,3401,1409,1992,1300,2091,10,ITH,ITH4,6,Friuli-Venezia Giulia,Friuli Venezia Giulia,1215220,1125053,92.58,0.28
1945,2021-01-13,FVG,2650,834,1816,2650,0,0,ITH,ITH4,6,Friuli-Venezia Giulia,Friuli Venezia Giulia,1215220,1127703,92.8,0.22
1946,2021-04-06,FVG,6675,3130,3545,5427,1152,96,ITH,ITH4,6,Friuli-Venezia Giulia,Friuli Venezia Giulia,1215220,1134378,93.35,0.55
1947,2020-12-27,FVG,262,149,113,261,0,1,ITH,ITH4,6,Friuli-Venezia Giulia,Friuli Venezia Giulia,1215220,1134640,93.37,0.02
1948,2021-02-12,FVG,1193,428,765,1142,47,4,ITH,ITH4,6,Friuli-Venezia Giulia,Friuli Venezia Giulia,1215220,1135833,93.47,0.1
1949,2021-05-25,FVG,12922,6384,6538,9294,3312,316,ITH,ITH4,6,Friuli-Venezia Giulia,Friuli Venezia Giulia,1215220,1148755,94.53,1.06
1950,2021-06-11,FVG,10621,5783,4838,9763,829,29,ITH,ITH4,6,Friuli-Venezia Giulia,Friuli Venezia Giulia,1215220,1159376,95.4,0.87
1951,2021-03-03,FVG,3646,1634,2012,2357,1275,14,ITH,ITH4,6,Friuli-Venezia Giulia,Friuli Venezia Giulia,1215220,1163022,95.7,0.3
1952,2021-05-27,FVG,12826,6141,6685,7408,5229,189,ITH,ITH4,6,Friuli-Venezia Giulia,Friuli Venezia Giulia,1215220,1175848,96.76,1.06
1953,2021-01-28,FVG,2240,794,1446,355,1885,0,ITH,ITH4,6,Friuli-Venezia Giulia,Friuli Venezia Giulia,1215220,1178088,96.94,0.18
1954,2021-05-08,FVG,10274,4646,5628,5310,4784,180,ITH,ITH4,6,Friuli-Venezia Giulia,Friuli Venezia Giulia,1215220,1188362,97.79,0.85
1955,2021-02-14,FVG,1,0,1,0,1,0,ITH,ITH4,6,Friuli-Venezia Giulia,Friuli Venezia Giulia,1215220,1188363,97.79,0.0
1956,2021-05-10,FVG,7941,3529,4412,6234,1542,165,ITH,ITH4,6,Friuli-Venezia Giulia,Friuli Venezia Giulia,1215220,1196304,98.44,0.65
1957,2021-04-05,PUG,12750,6192,6558,12076,533,141,ITF,ITF4,16,Puglia,Puglia,4029053,12750,0.32,0.32
1958,2021-03-19,PUG,7965,3654,4311,3378,4550,37,ITF,ITF4,16,Puglia,Puglia,4029053,20715,0.51,0.2
1959,2021-06-27,PUG,18451,9167,9284,9913,8258,280,ITF,ITF4,16,Puglia,Puglia,4029053,39166,0.97,0.46
1960,2021-02-21,PUG,2177,474,1703,2048,62,67,ITF,ITF4,16,Puglia,Puglia,4029053,41343,1.03,0.05
1961,2021-06-01,PUG,34862,17445,17417,21605,12873,384,ITF,ITF4,16,Puglia,Puglia,4029053,76205,1.89,0.87
1962,2021-05-15,PUG,43555,18962,24593,22821,20014,720,ITF,ITF4,16,Puglia,Puglia,4029053,119760,2.97,1.08
1963,2021-06-03,PUG,50454,24479,25975,30454,19262,738,ITF,ITF4,16,Puglia,Puglia,4029053,170214,4.22,1.25
1964,2021-03-10,PUG,14812,6616,8196,11536,3124,152,ITF,ITF4,16,Puglia,Puglia,4029053,185026,4.59,0.37
1965,2021-03-29,PUG,13541,6602,6939,6604,6743,194,ITF,ITF4,16,Puglia,Puglia,4029053,198567,4.93,0.34
1966,2021-07-11,PUG,11480,5395,6085,2481,8912,87,ITF,ITF4,16,Puglia,Puglia,4029053,210047,5.21,0.28
1967,2021-01-31,PUG,1816,832,984,75,1741,0,ITF,ITF4,16,Puglia,Puglia,4029053,211863,5.26,0.05
1968,2021-03-05,PUG,17688,7170,10518,15170,2305,213,ITF,ITF4,16,Puglia,Puglia,4029053,229551,5.7,0.44
1969,2021-02-26,PUG,13766,5055,8711,12534,1036,196,ITF,ITF4,16,Puglia,Puglia,4029053,243317,6.04,0.34
1970,2020-12-31,PUG,1635,782,853,1635,0,0,ITF,ITF4,16,Puglia,Puglia,4029053,244952,6.08,0.04
1971,2021-06-15,PUG,42407,20740,21667,22201,19572,634,ITF,ITF4,16,Puglia,Puglia,4029053,287359,7.13,1.05
1972,2021-06-08,PUG,39256,19116,20140,20935,17758,563,ITF,ITF4,16,Puglia,Puglia,4029053,326615,8.11,0.97
1973,2021-04-19,PUG,27710,12880,14830,24322,3044,344,ITF,ITF4,16,Puglia,Puglia,4029053,354325,8.79,0.69
1974,2021-04-24,PUG,29384,13377,16007,25105,3943,336,ITF,ITF4,16,Puglia,Puglia,4029053,383709,9.52,0.73
1975,2021-01-14,PUG,4072,1591,2481,4066,0,6,ITF,ITF4,16,Puglia,Puglia,4029053,387781,9.62,0.1
1976,2021-01-07,PUG,5717,2459,3258,5717,0,0,ITF,ITF4,16,Puglia,Puglia,4029053,393498,9.77,0.14
1977,2021-02-07,PUG,1580,670,910,254,1326,0,ITF,ITF4,16,Puglia,Puglia,4029053,395078,9.81,0.04
1978,2021-01-21,PUG,2132,904,1228,1269,861,2,ITF,ITF4,16,Puglia,Puglia,4029053,397210,9.86,0.05
1979,2021-05-01,PUG,27612,12647,14965,16690,10651,271,ITF,ITF4,16,Puglia,Puglia,4029053,424822,10.54,0.69
1980,2021-01-02,PUG,2951,1302,1649,2951,0,0,ITF,ITF4,16,Puglia,Puglia,4029053,427773,10.62,0.07
1981,2021-04-12,PUG,29270,13791,15479,26079,2878,313,ITF,ITF4,16,Puglia,Puglia,4029053,457043,11.34,0.73
1982,2021-07-04,PUG,19668,9555,10113,7836,11536,296,ITF,ITF4,16,Puglia,Puglia,4029053,476711,11.83,0.49
1983,2021-01-12,PUG,4213,1770,2443,4211,0,2,ITF,ITF4,16,Puglia,Puglia,4029053,480924,11.94,0.1
1984,2021-04-07,PUG,15703,7127,8576,8823,6678,202,ITF,ITF4,16,Puglia,Puglia,4029053,496627,12.33,0.39
1985,2021-02-09,PUG,3840,1569,2271,2149,1673,18,ITF,ITF4,16,Puglia,Puglia,4029053,500467,12.42,0.1
1986,2021-05-20,PUG,33591,15245,18346,20726,12346,519,ITF,ITF4,16,Puglia,Puglia,4029053,534058,13.26,0.83
1987,2021-03-24,PUG,13570,6509,7061,6147,7308,115,ITF,ITF4,16,Puglia,Puglia,4029053,547628,13.59,0.34
1988,2021-01-26,PUG,5365,2398,2967,570,4794,1,ITF,ITF4,16,Puglia,Puglia,4029053,552993,13.73,0.13
1989,2021-07-02,PUG,46612,22138,24474,17145,28516,951,ITF,ITF4,16,Puglia,Puglia,4029053,599605,14.88,1.16
1990,2021-05-06,PUG,39570,17303,22267,19323,19688,559,ITF,ITF4,16,Puglia,Puglia,4029053,639175,15.86,0.98
1991,2021-02-14,PUG,786,347,439,658,124,4,ITF,ITF4,16,Puglia,Puglia,4029053,639961,15.88,0.02
1992,2021-05-25,PUG,34681,16183,18498,20581,13513,587,ITF,ITF4,16,Puglia,Puglia,4029053,674642,16.74,0.86
1993,2021-05-08,PUG,54266,22970,31296,24019,29736,511,ITF,ITF4,16,Puglia,Puglia,4029053,728908,18.09,1.35
1994,2021-03-12,PUG,14280,6436,7844,10213,3930,137,ITF,ITF4,16,Puglia,Puglia,4029053,743188,18.45,0.35
1995,2021-06-20,PUG,21416,10774,10642,13927,7141,348,ITF,ITF4,16,Puglia,Puglia,4029053,764604,18.98,0.53
1996,2021-02-04,PUG,5928,2365,3563,1184,4735,9,ITF,ITF4,16,Puglia,Puglia,4029053,770532,19.12,0.15
1997,2021-05-17,PUG,32841,15215,17626,20475,11861,505,ITF,ITF4,16,Puglia,Puglia,4029053,803373,19.94,0.82
1998,2021-05-29,PUG,30505,14366,16139,20547,9411,547,ITF,ITF4,16,Puglia,Puglia,4029053,833878,20.7,0.76
1999,2021-04-02,PUG,12841,5998,6843,8166,4524,151,ITF,ITF4,16,Puglia,Puglia,4029053,846719,21.02,0.32
2000,2021-04-16,PUG,36037,16939,19098,32327,3282,428,ITF,ITF4,16,Puglia,Puglia,4029053,882756,21.91,0.89
2001,2021-06-13,PUG,21710,10880,10830,16203,5178,329,ITF,ITF4,16,Puglia,Puglia,4029053,904466,22.45,0.54
2002,2021-02-28,PUG,6059,1807,4252,5799,186,74,ITF,ITF4,16,Puglia,Puglia,4029053,910525,22.6,0.15
2003,2021-05-12,PUG,36565,16311,20254,23478,12492,595,ITF,ITF4,16,Puglia,Puglia,4029053,947090,23.51,0.91
2004,2021-01-19,PUG,1221,452,769,1210,10,1,ITF,ITF4,16,Puglia,Puglia,4029053,948311,23.54,0.03
2005,2021-07-08,PUG,40153,18621,21532,5470,34213,470,ITF,ITF4,16,Puglia,Puglia,4029053,988464,24.53,1.0
2006,2021-04-17,PUG,39994,18956,21038,36003,3570,421,ITF,ITF4,16,Puglia,Puglia,4029053,1028458,25.53,0.99
2007,2021-02-19,PUG,4735,2012,2723,4289,392,54,ITF,ITF4,16,Puglia,Puglia,4029053,1033193,25.64,0.12
2008,2021-06-22,PUG,42078,20397,21681,18804,22664,610,ITF,ITF4,16,Puglia,Puglia,4029053,1075271,26.69,1.04
2009,2021-04-26,PUG,26270,12036,14234,22643,3234,393,ITF,ITF4,16,Puglia,Puglia,4029053,1101541,27.34,0.65
2010,2021-03-16,PUG,9872,4688,5184,3455,6360,57,ITF,ITF4,16,Puglia,Puglia,4029053,1111413,27.58,0.25
2011,2021-06-24,PUG,52302,25303,26999,23264,28207,831,ITF,ITF4,16,Puglia,Puglia,4029053,1163715,28.88,1.3
2012,2021-04-28,PUG,19812,8883,10929,14772,4770,270,ITF,ITF4,16,Puglia,Puglia,4029053,1183527,29.37,0.49
2013,2021-05-27,PUG,40829,19293,21536,22866,17288,675,ITF,ITF4,16,Puglia,Puglia,4029053,1224356,30.39,1.01
2014,2021-03-02,PUG,16388,6092,10296,14843,1302,243,ITF,ITF4,16,Puglia,Puglia,4029053,1240744,30.79,0.41
2015,2021-06-10,PUG,46952,23078,23874,29204,16996,752,ITF,ITF4,16,Puglia,Puglia,4029053,1287696,31.96,1.17
2016,2021-04-04,PUG,5971,2965,3006,5885,5,81,ITF,ITF4,16,Puglia,Puglia,4029053,1293667,32.11,0.15
2017,2021-07-13,PUG,44802,21122,23680,7712,36527,563,ITF,ITF4,16,Puglia,Puglia,4029053,1338469,33.22,1.11
2018,2021-03-31,PUG,14557,6821,7736,8847,5560,150,ITF,ITF4,16,Puglia,Puglia,4029053,1353026,33.58,0.36
2019,2021-02-02,PUG,4344,1846,2498,591,3752,1,ITF,ITF4,16,Puglia,Puglia,4029053,1357370,33.69,0.11
2020,2021-07-09,PUG,35365,17001,18364,6297,28418,650,ITF,ITF4,16,Puglia,Puglia,4029053,1392735,34.57,0.88
2021,2021-05-13,PUG,38716,17264,21452,20957,17179,580,ITF,ITF4,16,Puglia,Puglia,4029053,1431451,35.53,0.96
2022,2021-03-17,PUG,10341,4700,5641,4105,6174,62,ITF,ITF4,16,Puglia,Puglia,4029053,1441792,35.78,0.26
2023,2021-06-12,PUG,34072,17000,17072,24576,8860,636,ITF,ITF4,16,Puglia,Puglia,4029053,1475864,36.63,0.85
2024,2021-01-28,PUG,5474,2277,3197,471,5003,0,ITF,ITF4,16,Puglia,Puglia,4029053,1481338,36.77,0.14
2025,2021-02-23,PUG,9360,4421,4939,8781,488,91,ITF,ITF4,16,Puglia,Puglia,4029053,1490698,37.0,0.23
2026,2021-02-18,PUG,4380,1846,2534,3715,606,59,ITF,ITF4,16,Puglia,Puglia,4029053,1495078,37.11,0.11
2027,2021-04-09,PUG,22056,9506,12550,17046,4625,385,ITF,ITF4,16,Puglia,Puglia,4029053,1517134,37.65,0.55
2028,2021-02-11,PUG,3697,1401,2296,2393,1278,26,ITF,ITF4,16,Puglia,Puglia,4029053,1520831,37.75,0.09
2029,2021-05-22,PUG,34622,15860,18762,23681,10396,545,ITF,ITF4,16,Puglia,Puglia,4029053,1555453,38.61,0.86
2030,2021-02-25,PUG,11968,5062,6906,10661,1173,134,ITF,ITF4,16,Puglia,Puglia,4029053,1567421,38.9,0.3
2031,2021-06-05,PUG,42389,20775,21614,29038,12614,737,ITF,ITF4,16,Puglia,Puglia,4029053,1609810,39.96,1.05
2032,2021-01-09,PUG,4886,2250,2636,4882,0,4,ITF,ITF4,16,Puglia,Puglia,4029053,1614696,40.08,0.12
2033,2021-07-01,PUG,47626,22295,25331,11315,35659,652,ITF,ITF4,16,Puglia,Puglia,4029053,1662322,41.26,1.18
2034,2021-03-14,PUG,3330,1435,1895,2475,819,36,ITF,ITF4,16,Puglia,Puglia,4029053,1665652,41.34,0.08
2035,2021-01-16,PUG,2506,1034,1472,2504,0,2,ITF,ITF4,16,Puglia,Puglia,4029053,1668158,41.4,0.06
2036,2021-01-23,PUG,3039,1294,1745,885,2153,1,ITF,ITF4,16,Puglia,Puglia,4029053,1671197,41.48,0.08
2037,2021-05-03,PUG,33317,14889,18428,22096,10641,580,ITF,ITF4,16,Puglia,Puglia,4029053,1704514,42.31,0.83
2038,2021-03-07,PUG,4983,2000,2983,4372,571,40,ITF,ITF4,16,Puglia,Puglia,4029053,1709497,42.43,0.12
2039,2021-05-05,PUG,39155,17161,21994,24369,14191,595,ITF,ITF4,16,Puglia,Puglia,4029053,1748652,43.4,0.97
2040,2021-06-17,PUG,42586,20819,21767,21198,20784,604,ITF,ITF4,16,Puglia,Puglia,4029053,1791238,44.46,1.06
2041,2021-05-31,PUG,37822,18225,19597,23095,14174,553,ITF,ITF4,16,Puglia,Puglia,4029053,1829060,45.4,0.94
2042,2021-03-21,PUG,2694,1227,1467,579,2104,11,ITF,ITF4,16,Puglia,Puglia,4029053,1831754,45.46,0.07
2043,2021-06-29,PUG,46159,22129,24030,15132,30307,720,ITF,ITF4,16,Puglia,Puglia,4029053,1877913,46.61,1.15
2044,2021-01-11,PUG,3753,1588,2165,3752,0,1,ITF,ITF4,16,Puglia,Puglia,4029053,1881666,46.7,0.09
2045,2021-04-21,PUG,23124,10675,12449,19084,3734,306,ITF,ITF4,16,Puglia,Puglia,4029053,1904790,47.28,0.57
2046,2021-05-24,PUG,36096,17033,19063,24486,10995,615,ITF,ITF4,16,Puglia,Puglia,4029053,1940886,48.17,0.9
2047,2021-02-16,PUG,3383,1455,1928,2707,646,30,ITF,ITF4,16,Puglia,Puglia,4029053,1944269,48.26,0.08
2048,2021-01-30,PUG,5531,2514,3017,408,5122,1,ITF,ITF4,16,Puglia,Puglia,4029053,1949800,48.39,0.14
2049,2021-05-10,PUG,37724,16666,21058,19294,17957,473,ITF,ITF4,16,Puglia,Puglia,4029053,1987524,49.33,0.94
2050,2021-04-25,PUG,11303,5235,6068,10021,1151,131,ITF,ITF4,16,Puglia,Puglia,4029053,1998827,49.61,0.28
2051,2021-02-27,PUG,14223,4818,9405,12816,1226,181,ITF,ITF4,16,Puglia,Puglia,4029053,2013050,49.96,0.35
2052,2021-01-01,PUG,148,61,87,148,0,0,ITF,ITF4,16,Puglia,Puglia,4029053,2013198,49.97,0.0
2053,2021-06-07,PUG,44239,21610,22629,30264,13200,775,ITF,ITF4,16,Puglia,Puglia,4029053,2057437,51.07,1.1
2054,2021-04-11,PUG,16467,7253,9214,14632,1658,177,ITF,ITF4,16,Puglia,Puglia,4029053,2073904,51.47,0.41
2055,2021-04-23,PUG,29509,13713,15796,23838,5254,417,ITF,ITF4,16,Puglia,Puglia,4029053,2103413,52.21,0.73
2056,2021-03-18,PUG,9566,4343,5223,3328,6173,65,ITF,ITF4,16,Puglia,Puglia,4029053,2112979,52.44,0.24
2057,2021-06-26,PUG,32170,16196,15974,15746,15825,599,ITF,ITF4,16,Puglia,Puglia,4029053,2145149,53.24,0.8
2058,2021-03-04,PUG,15345,6093,9252,13702,1421,222,ITF,ITF4,16,Puglia,Puglia,4029053,2160494,53.62,0.38
2059,2021-06-09,PUG,41710,20654,21056,29779,11187,744,ITF,ITF4,16,Puglia,Puglia,4029053,2202204,54.66,1.04
2060,2021-02-15,PUG,3258,1270,1988,2592,622,44,ITF,ITF4,16,Puglia,Puglia,4029053,2205462,54.74,0.08
2061,2021-01-18,PUG,1844,771,1073,1494,349,1,ITF,ITF4,16,Puglia,Puglia,4029053,2207306,54.78,0.05
2062,2021-02-06,PUG,4550,1931,2619,1578,2957,15,ITF,ITF4,16,Puglia,Puglia,4029053,2211856,54.9,0.11
2063,2021-01-20,PUG,1548,542,1006,1537,8,3,ITF,ITF4,16,Puglia,Puglia,4029053,2213404,54.94,0.04
2064,2021-04-30,PUG,34932,15649,19283,22394,11969,569,ITF,ITF4,16,Puglia,Puglia,4029053,2248336,55.8,0.87
2065,2021-04-13,PUG,28742,13632,15110,25030,3403,309,ITF,ITF4,16,Puglia,Puglia,4029053,2277078,56.52,0.71
2066,2021-07-05,PUG,37678,17688,19990,7042,30096,540,ITF,ITF4,16,Puglia,Puglia,4029053,2314756,57.45,0.94
2067,2021-05-02,PUG,21319,9663,11656,13870,7266,183,ITF,ITF4,16,Puglia,Puglia,4029053,2336075,57.98,0.53
2068,2021-05-21,PUG,39040,18532,20508,28196,10053,791,ITF,ITF4,16,Puglia,Puglia,4029053,2375115,58.95,0.97
2069,2021-05-19,PUG,26387,12758,13629,19514,6435,438,ITF,ITF4,16,Puglia,Puglia,4029053,2401502,59.6,0.65
2070,2021-03-23,PUG,11102,5632,5470,4541,6476,85,ITF,ITF4,16,Puglia,Puglia,4029053,2412604,59.88,0.28
2071,2021-03-30,PUG,12363,5921,6442,6285,5924,154,ITF,ITF4,16,Puglia,Puglia,4029053,2424967,60.19,0.31
2072,2021-02-01,PUG,3966,1660,2306,369,3595,2,ITF,ITF4,16,Puglia,Puglia,4029053,2428933,60.29,0.1
2073,2021-05-14,PUG,44919,20529,24390,27926,16127,866,ITF,ITF4,16,Puglia,Puglia,4029053,2473852,61.4,1.11
2074,2021-01-25,PUG,3829,1680,2149,424,3404,1,ITF,ITF4,16,Puglia,Puglia,4029053,2477681,61.5,0.1
2075,2021-03-06,PUG,16145,6123,10022,13885,2093,167,ITF,ITF4,16,Puglia,Puglia,4029053,2493826,61.9,0.4
2076,2021-01-08,PUG,5652,2372,3280,5646,0,6,ITF,ITF4,16,Puglia,Puglia,4029053,2499478,62.04,0.14
2077,2021-06-14,PUG,41794,20449,21345,28597,12340,857,ITF,ITF4,16,Puglia,Puglia,4029053,2541272,63.07,1.04
2078,2021-04-18,PUG,22642,10832,11810,21389,1056,197,ITF,ITF4,16,Puglia,Puglia,4029053,2563914,63.64,0.56
2079,2021-02-20,PUG,2969,1078,1891,2684,257,28,ITF,ITF4,16,Puglia,Puglia,4029053,2566883,63.71,0.07
2080,2021-06-18,PUG,47378,23323,24055,28540,17841,997,ITF,ITF4,16,Puglia,Puglia,4029053,2614261,64.89,1.18
2081,2021-01-03,PUG,2006,942,1064,2005,0,1,ITF,ITF4,16,Puglia,Puglia,4029053,2616267,64.94,0.05
2082,2021-03-27,PUG,12155,5710,6445,6875,5171,109,ITF,ITF4,16,Puglia,Puglia,4029053,2628422,65.24,0.3
2083,2021-01-05,PUG,5109,2251,2858,5106,0,3,ITF,ITF4,16,Puglia,Puglia,4029053,2633531,65.36,0.13
2084,2021-04-15,PUG,32682,15253,17429,28680,3604,398,ITF,ITF4,16,Puglia,Puglia,4029053,2666213,66.17,0.81
2085,2021-07-07,PUG,38227,18302,19925,6167,31540,520,ITF,ITF4,16,Puglia,Puglia,4029053,2704440,67.12,0.95
2086,2021-05-26,PUG,38503,18497,20006,26167,11684,652,ITF,ITF4,16,Puglia,Puglia,4029053,2742943,68.08,0.96
2087,2021-01-27,PUG,4602,1941,2661,629,3972,1,ITF,ITF4,16,Puglia,Puglia,4029053,2747545,68.19,0.11
2088,2021-05-07,PUG,50042,22334,27708,26018,23468,556,ITF,ITF4,16,Puglia,Puglia,4029053,2797587,69.44,1.24
2089,2021-01-13,PUG,4544,1729,2815,4541,0,3,ITF,ITF4,16,Puglia,Puglia,4029053,2802131,69.55,0.11
2090,2021-04-06,PUG,13848,6255,7593,6924,6755,169,ITF,ITF4,16,Puglia,Puglia,4029053,2815979,69.89,0.34
2091,2021-01-06,PUG,3952,1674,2278,3951,0,1,ITF,ITF4,16,Puglia,Puglia,4029053,2819931,69.99,0.1
2092,2021-06-16,PUG,41776,20540,21236,26616,14379,781,ITF,ITF4,16,Puglia,Puglia,4029053,2861707,71.03,1.04
2093,2021-07-10,PUG,21550,10610,10940,4388,16864,298,ITF,ITF4,16,Puglia,Puglia,4029053,2883257,71.56,0.53
2094,2021-04-08,PUG,17487,7587,9900,11094,6177,216,ITF,ITF4,16,Puglia,Puglia,4029053,2900744,72.0,0.43
2095,2021-06-06,PUG,30649,15427,15222,25283,5032,334,ITF,ITF4,16,Puglia,Puglia,4029053,2931393,72.76,0.76
2096,2021-02-13,PUG,3727,1456,2271,3015,696,16,ITF,ITF4,16,Puglia,Puglia,4029053,2935120,72.85,0.09
2097,2021-06-28,PUG,48154,23355,24799,21447,25835,872,ITF,ITF4,16,Puglia,Puglia,4029053,2983274,74.04,1.2
2098,2021-03-25,PUG,11712,5999,5713,5371,6245,96,ITF,ITF4,16,Puglia,Puglia,4029053,2994986,74.33,0.29
2099,2021-07-03,PUG,32236,16084,16152,13126,18590,520,ITF,ITF4,16,Puglia,Puglia,4029053,3027222,75.13,0.8
2100,2021-02-08,PUG,3994,1611,2383,1581,2397,16,ITF,ITF4,16,Puglia,Puglia,4029053,3031216,75.23,0.1
2101,2021-02-10,PUG,3646,1436,2210,2114,1511,21,ITF,ITF4,16,Puglia,Puglia,4029053,3034862,75.32,0.09
2102,2021-05-23,PUG,17917,8373,9544,13850,3805,262,ITF,ITF4,16,Puglia,Puglia,4029053,3052779,75.77,0.44
2103,2021-02-17,PUG,4279,1747,2532,3634,605,40,ITF,ITF4,16,Puglia,Puglia,4029053,3057058,75.88,0.11
2104,2021-05-28,PUG,43916,20797,23119,27411,15702,803,ITF,ITF4,16,Puglia,Puglia,4029053,3100974,76.97,1.09
2105,2021-05-30,PUG,20987,10049,10938,15692,5037,258,ITF,ITF4,16,Puglia,Puglia,4029053,3121961,77.49,0.52
2106,2021-01-15,PUG,4552,1866,2686,4547,0,5,ITF,ITF4,16,Puglia,Puglia,4029053,3126513,77.6,0.11
2107,2021-01-22,PUG,1409,578,831,990,418,1,ITF,ITF4,16,Puglia,Puglia,4029053,3127922,77.63,0.03
2108,2020-12-30,PUG,1,0,1,1,0,0,ITF,ITF4,16,Puglia,Puglia,4029053,3127923,77.63,0.0
2109,2021-03-22,PUG,9946,5110,4836,4240,5646,60,ITF,ITF4,16,Puglia,Puglia,4029053,3137869,77.88,0.25
2110,2021-01-24,PUG,1670,750,920,154,1516,0,ITF,ITF4,16,Puglia,Puglia,4029053,3139539,77.92,0.04
2111,2021-06-30,PUG,46974,22804,24170,18441,27655,878,ITF,ITF4,16,Puglia,Puglia,4029053,3186513,79.09,1.17
2112,2021-03-15,PUG,12340,6148,6192,5734,6505,101,ITF,ITF4,16,Puglia,Puglia,4029053,3198853,79.39,0.31
2113,2021-01-17,PUG,1309,591,718,1239,69,1,ITF,ITF4,16,Puglia,Puglia,4029053,3200162,79.43,0.03
2114,2021-06-23,PUG,29151,14238,14913,16786,11724,641,ITF,ITF4,16,Puglia,Puglia,4029053,3229313,80.15,0.72
2115,2021-04-27,PUG,26683,12070,14613,20754,5604,325,ITF,ITF4,16,Puglia,Puglia,4029053,3255996,80.81,0.66
2116,2021-07-14,PUG,11065,5232,5833,2949,7929,187,ITF,ITF4,16,Puglia,Puglia,4029053,3267061,81.09,0.27
2117,2021-03-01,PUG,15104,5867,9237,13579,1372,153,ITF,ITF4,16,Puglia,Puglia,4029053,3282165,81.46,0.37
2118,2021-01-10,PUG,2348,1061,1287,2347,0,1,ITF,ITF4,16,Puglia,Puglia,4029053,3284513,81.52,0.06
2119,2021-04-20,PUG,21165,9833,11332,17438,3466,261,ITF,ITF4,16,Puglia,Puglia,4029053,3305678,82.05,0.53
2120,2020-12-27,PUG,510,252,258,510,0,0,ITF,ITF4,16,Puglia,Puglia,4029053,3306188,82.06,0.01
2121,2021-04-10,PUG,30893,13102,17791,26290,4224,379,ITF,ITF4,16,Puglia,Puglia,4029053,3337081,82.83,0.77
2122,2021-04-01,PUG,13932,6542,7390,7373,6347,212,ITF,ITF4,16,Puglia,Puglia,4029053,3351013,83.17,0.35
2123,2021-02-03,PUG,5038,2006,3032,727,4308,3,ITF,ITF4,16,Puglia,Puglia,4029053,3356051,83.3,0.13
2124,2021-05-09,PUG,30697,12588,18109,14699,15618,380,ITF,ITF4,16,Puglia,Puglia,4029053,3386748,84.06,0.76
2125,2021-04-22,PUG,23018,10536,12482,17707,4920,391,ITF,ITF4,16,Puglia,Puglia,4029053,3409766,84.63,0.57
2126,2021-02-12,PUG,4212,1672,2540,3098,1092,22,ITF,ITF4,16,Puglia,Puglia,4029053,3413978,84.73,0.1
2127,2021-01-29,PUG,6202,2664,3538,419,5779,4,ITF,ITF4,16,Puglia,Puglia,4029053,3420180,84.89,0.15
2128,2021-03-20,PUG,8413,3878,4535,3775,4595,43,ITF,ITF4,16,Puglia,Puglia,4029053,3428593,85.1,0.21
2129,2021-03-03,PUG,16782,6801,9981,14714,1918,150,ITF,ITF4,16,Puglia,Puglia,4029053,3445375,85.51,0.42
2130,2021-06-11,PUG,47673,23322,24351,32746,13958,969,ITF,ITF4,16,Puglia,Puglia,4029053,3493048,86.7,1.18
2131,2021-06-25,PUG,50376,24816,25560,23630,25797,949,ITF,ITF4,16,Puglia,Puglia,4029053,3543424,87.95,1.25
2132,2021-05-11,PUG,32561,14366,18195,13643,18424,494,ITF,ITF4,16,Puglia,Puglia,4029053,3575985,88.75,0.81
2133,2021-05-04,PUG,35065,14831,20234,18180,16469,416,ITF,ITF4,16,Puglia,Puglia,4029053,3611050,89.63,0.87
2134,2021-03-08,PUG,14994,6438,8556,12439,2402,153,ITF,ITF4,16,Puglia,Puglia,4029053,3626044,90.0,0.37
2135,2021-04-03,PUG,10560,4645,5915,6805,3559,196,ITF,ITF4,16,Puglia,Puglia,4029053,3636604,90.26,0.26
2136,2021-07-12,PUG,41230,19491,21739,11485,29052,693,ITF,ITF4,16,Puglia,Puglia,4029053,3677834,91.28,1.02
2137,2021-01-04,PUG,4509,2016,2493,4507,0,2,ITF,ITF4,16,Puglia,Puglia,4029053,3682343,91.39,0.11
2138,2021-03-26,PUG,11999,5838,6161,7228,4645,126,ITF,ITF4,16,Puglia,Puglia,4029053,3694342,91.69,0.3
2139,2021-03-09,PUG,13621,6085,7536,11429,2010,182,ITF,ITF4,16,Puglia,Puglia,4029053,3707963,92.03,0.34
2140,2021-04-14,PUG,31976,15087,16889,28361,3307,308,ITF,ITF4,16,Puglia,Puglia,4029053,3739939,92.82,0.79
2141,2021-03-28,PUG,3541,1654,1887,1180,2327,34,ITF,ITF4,16,Puglia,Puglia,4029053,3743480,92.91,0.09
2142,2021-07-06,PUG,42056,19359,22697,6172,35455,429,ITF,ITF4,16,Puglia,Puglia,4029053,3785536,93.96,1.04
2143,2021-06-19,PUG,34459,17276,17183,21931,11822,706,ITF,ITF4,16,Puglia,Puglia,4029053,3819995,94.81,0.86
2144,2021-06-21,PUG,41493,20225,21268,21197,19614,682,ITF,ITF4,16,Puglia,Puglia,4029053,3861488,95.84,1.03
2145,2021-03-11,PUG,14811,6573,8238,11443,3172,196,ITF,ITF4,16,Puglia,Puglia,4029053,3876299,96.21,0.37
2146,2021-06-02,PUG,27006,13206,13800,21824,4815,367,ITF,ITF4,16,Puglia,Puglia,4029053,3903305,96.88,0.67
2147,2021-03-13,PUG,10468,4134,6334,8562,1808,98,ITF,ITF4,16,Puglia,Puglia,4029053,3913773,97.14,0.26
2148,2021-02-24,PUG,10046,4706,5340,9362,594,90,ITF,ITF4,16,Puglia,Puglia,4029053,3923819,97.39,0.25
2149,2021-06-04,PUG,52589,25443,27146,34098,17659,832,ITF,ITF4,16,Puglia,Puglia,4029053,3976408,98.69,1.31
2150,2021-05-18,PUG,28874,13436,15438,15845,12779,250,ITF,ITF4,16,Puglia,Puglia,4029053,4005282,99.41,0.72
2151,2021-04-29,PUG,26176,12112,14064,19090,6662,424,ITF,ITF4,16,Puglia,Puglia,4029053,4031458,100.06,0.65
2152,2021-02-22,PUG,9634,4536,5098,9213,334,87,ITF,ITF4,16,Puglia,Puglia,4029053,4041092,100.3,0.24
2153,2021-02-05,PUG,5636,2273,3363,1328,4303,5,ITF,ITF4,16,Puglia,Puglia,4029053,4046728,100.44,0.14
2154,2021-05-16,PUG,24541,11067,13474,12485,11831,225,ITF,ITF4,16,Puglia,Puglia,4029053,4071269,101.05,0.61
2155,2021-01-11,VEN,7241,2102,5139,7240,0,1,ITH,ITH3,5,Veneto,Veneto,4905854,7241,0.15,0.15
2156,2021-04-21,VEN,32342,13181,19161,15505,16060,777,ITH,ITH3,5,Veneto,Veneto,4905854,39583,0.81,0.66
2157,2021-05-22,VEN,34773,16674,18099,12700,21404,669,ITH,ITH3,5,Veneto,Veneto,4905854,74356,1.52,0.71
2158,2021-02-11,VEN,4012,1238,2774,3345,628,39,ITH,ITH3,5,Veneto,Veneto,4905854,78368,1.6,0.08
2159,2021-01-28,VEN,9212,2664,6548,170,9040,2,ITH,ITH3,5,Veneto,Veneto,4905854,87580,1.79,0.19
2160,2021-06-17,VEN,51586,25855,25731,25392,24973,1221,ITH,ITH3,5,Veneto,Veneto,4905854,139166,2.84,1.05
2161,2021-03-09,VEN,16543,7446,9097,9824,6323,396,ITH,ITH3,5,Veneto,Veneto,4905854,155709,3.17,0.34
2162,2021-05-31,VEN,31613,16228,15385,20877,9913,823,ITH,ITH3,5,Veneto,Veneto,4905854,187322,3.82,0.64
2163,2021-03-26,VEN,29582,13143,16439,23265,5461,856,ITH,ITH3,5,Veneto,Veneto,4905854,216904,4.42,0.6
2164,2021-03-28,VEN,31298,13603,17695,26877,3612,809,ITH,ITH3,5,Veneto,Veneto,4905854,248202,5.06,0.64
2165,2021-06-19,VEN,49211,25042,24169,25592,22522,1097,ITH,ITH3,5,Veneto,Veneto,4905854,297413,6.06,1.0
2166,2021-07-06,VEN,35989,18550,17439,13135,22204,650,ITH,ITH3,5,Veneto,Veneto,4905854,333402,6.8,0.73
2167,2021-05-05,VEN,44364,21253,23111,36151,6568,1645,ITH,ITH3,5,Veneto,Veneto,4905854,377766,7.7,0.9
2168,2021-07-01,VEN,50639,25869,24770,20551,29056,1032,ITH,ITH3,5,Veneto,Veneto,4905854,428405,8.73,1.03
2169,2021-05-12,VEN,36873,17851,19022,30128,5121,1624,ITH,ITH3,5,Veneto,Veneto,4905854,465278,9.48,0.75
2170,2021-07-08,VEN,46418,24160,22258,4421,41699,298,ITH,ITH3,5,Veneto,Veneto,4905854,511696,10.43,0.95
2171,2021-02-25,VEN,7898,3339,4559,7156,605,137,ITH,ITH3,5,Veneto,Veneto,4905854,519594,10.59,0.16
2172,2021-04-09,VEN,31192,13763,17429,21911,8341,940,ITH,ITH3,5,Veneto,Veneto,4905854,550786,11.23,0.64
2173,2021-06-05,VEN,46808,24107,22701,37313,8046,1449,ITH,ITH3,5,Veneto,Veneto,4905854,597594,12.18,0.95
2174,2021-04-23,VEN,31257,13843,17414,21395,8708,1154,ITH,ITH3,5,Veneto,Veneto,4905854,628851,12.82,0.64
2175,2021-02-16,VEN,6644,2870,3774,6438,176,30,ITH,ITH3,5,Veneto,Veneto,4905854,635495,12.95,0.14
2176,2021-05-17,VEN,26496,12978,13518,15650,10017,829,ITH,ITH3,5,Veneto,Veneto,4905854,661991,13.49,0.54
2177,2021-02-06,VEN,4095,1354,2741,709,3386,0,ITH,ITH3,5,Veneto,Veneto,4905854,666086,13.58,0.08
2178,2021-02-23,VEN,7383,3254,4129,7028,271,84,ITH,ITH3,5,Veneto,Veneto,4905854,673469,13.73,0.15
2179,2021-04-28,VEN,32405,15175,17230,22192,9019,1194,ITH,ITH3,5,Veneto,Veneto,4905854,705874,14.39,0.66
2180,2021-07-13,VEN,43240,22419,20821,5335,37644,261,ITH,ITH3,5,Veneto,Veneto,4905854,749114,15.27,0.88
2181,2021-04-04,VEN,7773,3529,4244,6501,1148,124,ITH,ITH3,5,Veneto,Veneto,4905854,756887,15.43,0.16
2182,2021-05-24,VEN,33028,16408,16620,7627,24998,403,ITH,ITH3,5,Veneto,Veneto,4905854,789915,16.1,0.67
2183,2021-01-23,VEN,4051,1246,2805,31,4020,0,ITH,ITH3,5,Veneto,Veneto,4905854,793966,16.18,0.08
2184,2021-06-29,VEN,45481,22687,22794,18986,25780,715,ITH,ITH3,5,Veneto,Veneto,4905854,839447,17.11,0.93
2185,2021-03-21,VEN,11981,4753,7228,8278,3463,240,ITH,ITH3,5,Veneto,Veneto,4905854,851428,17.36,0.24
2186,2021-01-16,VEN,4611,1542,3069,4611,0,0,ITH,ITH3,5,Veneto,Veneto,4905854,856039,17.45,0.09
2187,2021-03-14,VEN,15176,5942,9234,13845,894,437,ITH,ITH3,5,Veneto,Veneto,4905854,871215,17.76,0.31
2188,2021-03-02,VEN,11491,4625,6866,7935,3309,247,ITH,ITH3,5,Veneto,Veneto,4905854,882706,17.99,0.23
2189,2021-06-10,VEN,52182,26936,25246,41065,9304,1813,ITH,ITH3,5,Veneto,Veneto,4905854,934888,19.06,1.06
2190,2021-04-02,VEN,24091,10620,13471,17125,6328,638,ITH,ITH3,5,Veneto,Veneto,4905854,958979,19.55,0.49
2191,2021-06-09,VEN,42684,21900,20784,33646,7424,1614,ITH,ITH3,5,Veneto,Veneto,4905854,1001663,20.42,0.87
2192,2021-04-14,VEN,15912,6898,9014,8743,6627,542,ITH,ITH3,5,Veneto,Veneto,4905854,1017575,20.74,0.32
2193,2021-01-04,VEN,6736,2034,4702,6734,0,2,ITH,ITH3,5,Veneto,Veneto,4905854,1024311,20.88,0.14
2194,2021-05-14,VEN,46737,22229,24508,24282,20878,1577,ITH,ITH3,5,Veneto,Veneto,4905854,1071048,21.83,0.95
2195,2021-02-20,VEN,6424,2014,4410,6273,71,80,ITH,ITH3,5,Veneto,Veneto,4905854,1077472,21.96,0.13
2196,2021-06-02,VEN,20304,10234,10070,15351,4340,613,ITH,ITH3,5,Veneto,Veneto,4905854,1097776,22.38,0.41
2197,2021-06-24,VEN,55992,28353,27639,17532,37760,700,ITH,ITH3,5,Veneto,Veneto,4905854,1153768,23.52,1.14
2198,2021-03-16,VEN,12527,5353,7174,6640,5620,267,ITH,ITH3,5,Veneto,Veneto,4905854,1166295,23.77,0.26
2199,2021-03-23,VEN,22211,10239,11972,16864,4712,635,ITH,ITH3,5,Veneto,Veneto,4905854,1188506,24.23,0.45
2200,2021-05-19,VEN,33020,15119,17901,16174,15918,928,ITH,ITH3,5,Veneto,Veneto,4905854,1221526,24.9,0.67
2201,2021-06-12,VEN,48580,24448,24132,36218,10777,1585,ITH,ITH3,5,Veneto,Veneto,4905854,1270106,25.89,0.99
2202,2021-05-02,VEN,37229,17261,19968,25609,10324,1296,ITH,ITH3,5,Veneto,Veneto,4905854,1307335,26.65,0.76
2203,2021-06-14,VEN,42582,21537,21045,26227,15300,1055,ITH,ITH3,5,Veneto,Veneto,4905854,1349917,27.52,0.87
2204,2021-03-06,VEN,10667,4356,6311,7218,3262,187,ITH,ITH3,5,Veneto,Veneto,4905854,1360584,27.73,0.22
2205,2021-01-18,VEN,2762,776,1986,2558,199,5,ITH,ITH3,5,Veneto,Veneto,4905854,1363346,27.79,0.06
2206,2021-02-04,VEN,7386,2025,5361,550,6835,1,ITH,ITH3,5,Veneto,Veneto,4905854,1370732,27.94,0.15
2207,2021-04-30,VEN,50004,23483,26521,32935,15662,1407,ITH,ITH3,5,Veneto,Veneto,4905854,1420736,28.96,1.02
2208,2021-01-20,VEN,1038,368,670,386,652,0,ITH,ITH3,5,Veneto,Veneto,4905854,1421774,28.98,0.02
2209,2021-05-29,VEN,33006,16676,16330,24229,7660,1117,ITH,ITH3,5,Veneto,Veneto,4905854,1454780,29.65,0.67
2210,2021-02-18,VEN,5828,2455,3373,5725,64,39,ITH,ITH3,5,Veneto,Veneto,4905854,1460608,29.77,0.12
2211,2021-04-16,VEN,24447,10492,13955,11880,11885,682,ITH,ITH3,5,Veneto,Veneto,4905854,1485055,30.27,0.5
2212,2021-04-18,VEN,17513,7253,10260,9499,7564,450,ITH,ITH3,5,Veneto,Veneto,4905854,1502568,30.63,0.36
2213,2021-01-09,VEN,7928,2539,5389,7922,0,6,ITH,ITH3,5,Veneto,Veneto,4905854,1510496,30.79,0.16
2214,2021-03-18,VEN,12612,5138,7474,7033,5228,351,ITH,ITH3,5,Veneto,Veneto,4905854,1523108,31.05,0.26
2215,2021-06-26,VEN,48025,24491,23534,13551,33967,507,ITH,ITH3,5,Veneto,Veneto,4905854,1571133,32.03,0.98
2216,2021-05-10,VEN,36502,17079,19423,25413,9852,1237,ITH,ITH3,5,Veneto,Veneto,4905854,1607635,32.77,0.74
2217,2021-01-30,VEN,8747,2672,6075,693,8054,0,ITH,ITH3,5,Veneto,Veneto,4905854,1616382,32.95,0.18
2218,2021-03-07,VEN,4493,1768,2725,3863,561,69,ITH,ITH3,5,Veneto,Veneto,4905854,1620875,33.04,0.09
2219,2021-05-03,VEN,40686,19796,20890,32775,6441,1470,ITH,ITH3,5,Veneto,Veneto,4905854,1661561,33.87,0.83
2220,2021-06-28,VEN,47558,24064,23494,18350,28483,725,ITH,ITH3,5,Veneto,Veneto,4905854,1709119,34.84,0.97
2221,2021-01-25,VEN,6468,2075,4393,159,6309,0,ITH,ITH3,5,Veneto,Veneto,4905854,1715587,34.97,0.13
2222,2021-04-20,VEN,22433,9497,12936,7867,13999,567,ITH,ITH3,5,Veneto,Veneto,4905854,1738020,35.43,0.46
2223,2021-05-09,VEN,35070,16136,18934,23765,10057,1248,ITH,ITH3,5,Veneto,Veneto,4905854,1773090,36.14,0.71
2224,2021-03-11,VEN,19827,8888,10939,13792,5571,464,ITH,ITH3,5,Veneto,Veneto,4905854,1792917,36.55,0.4
2225,2021-02-08,VEN,5003,1559,3444,1923,3074,6,ITH,ITH3,5,Veneto,Veneto,4905854,1797920,36.65,0.1
2226,2021-04-06,VEN,28958,13328,15630,23193,5042,723,ITH,ITH3,5,Veneto,Veneto,4905854,1826878,37.24,0.59
2227,2021-02-01,VEN,8561,2502,6059,159,8402,0,ITH,ITH3,5,Veneto,Veneto,4905854,1835439,37.41,0.17
2228,2021-02-15,VEN,4389,1824,2565,4140,240,9,ITH,ITH3,5,Veneto,Veneto,4905854,1839828,37.5,0.09
2229,2021-03-30,VEN,35961,15294,20667,29710,5243,1008,ITH,ITH3,5,Veneto,Veneto,4905854,1875789,38.24,0.73
2230,2021-01-08,VEN,9407,2835,6572,9393,0,14,ITH,ITH3,5,Veneto,Veneto,4905854,1885196,38.43,0.19
2231,2021-01-13,VEN,5985,1606,4379,5982,0,3,ITH,ITH3,5,Veneto,Veneto,4905854,1891181,38.55,0.12
2232,2021-04-25,VEN,18319,8151,10168,12877,4836,606,ITH,ITH3,5,Veneto,Veneto,4905854,1909500,38.92,0.37
2233,2021-06-21,VEN,44283,22163,22120,20402,22945,936,ITH,ITH3,5,Veneto,Veneto,4905854,1953783,39.83,0.9
2234,2021-01-06,VEN,8135,2387,5748,8132,0,3,ITH,ITH3,5,Veneto,Veneto,4905854,1961918,39.99,0.17
2235,2020-12-30,VEN,699,245,454,699,0,0,ITH,ITH3,5,Veneto,Veneto,4905854,1962617,40.01,0.01
2236,2021-06-07,VEN,44667,23302,21365,36177,7011,1479,ITH,ITH3,5,Veneto,Veneto,4905854,2007284,40.92,0.91
2237,2021-02-27,VEN,8990,2692,6298,7963,847,180,ITH,ITH3,5,Veneto,Veneto,4905854,2016274,41.1,0.18
2238,2021-03-04,VEN,12981,4884,8097,9119,3473,389,ITH,ITH3,5,Veneto,Veneto,4905854,2029255,41.36,0.26
2239,2021-05-28,VEN,46714,22875,23839,23668,21849,1197,ITH,ITH3,5,Veneto,Veneto,4905854,2075969,42.32,0.95
2240,2021-07-10,VEN,43064,23166,19898,6277,36425,362,ITH,ITH3,5,Veneto,Veneto,4905854,2119033,43.19,0.88
2241,2021-05-21,VEN,44778,22024,22754,19908,23764,1106,ITH,ITH3,5,Veneto,Veneto,4905854,2163811,44.11,0.91
2242,2021-05-07,VEN,48563,23272,25291,37538,8667,2358,ITH,ITH3,5,Veneto,Veneto,4905854,2212374,45.1,0.99
2243,2021-01-27,VEN,7141,2064,5077,240,6900,1,ITH,ITH3,5,Veneto,Veneto,4905854,2219515,45.24,0.15
2244,2021-02-13,VEN,3266,1473,1793,3230,20,16,ITH,ITH3,5,Veneto,Veneto,4905854,2222781,45.31,0.07
2245,2021-02-17,VEN,6022,2772,3250,5900,94,28,ITH,ITH3,5,Veneto,Veneto,4905854,2228803,45.43,0.12
2246,2021-04-01,VEN,25338,11162,14176,18157,6411,770,ITH,ITH3,5,Veneto,Veneto,4905854,2254141,45.95,0.52
2247,2021-04-15,VEN,20910,8635,12275,9342,10823,745,ITH,ITH3,5,Veneto,Veneto,4905854,2275051,46.37,0.43
2248,2021-01-05,VEN,7330,2183,5147,7328,0,2,ITH,ITH3,5,Veneto,Veneto,4905854,2282381,46.52,0.15
2249,2021-05-26,VEN,31097,15197,15900,13959,16462,676,ITH,ITH3,5,Veneto,Veneto,4905854,2313478,47.16,0.63
2250,2021-03-01,VEN,9395,3716,5679,7410,1822,163,ITH,ITH3,5,Veneto,Veneto,4905854,2322873,47.35,0.19
2251,2021-07-12,VEN,43130,22722,20408,3961,38841,328,ITH,ITH3,5,Veneto,Veneto,4905854,2366003,48.23,0.88
2252,2021-04-03,VEN,21958,9630,12328,13846,7708,404,ITH,ITH3,5,Veneto,Veneto,4905854,2387961,48.68,0.45
2253,2021-03-20,VEN,13021,5388,7633,10649,2081,291,ITH,ITH3,5,Veneto,Veneto,4905854,2400982,48.94,0.27
2254,2021-04-27,VEN,28139,12759,15380,20054,6917,1168,ITH,ITH3,5,Veneto,Veneto,4905854,2429121,49.51,0.57
2255,2021-01-17,VEN,1933,781,1152,1584,349,0,ITH,ITH3,5,Veneto,Veneto,4905854,2431054,49.55,0.04
2256,2021-02-03,VEN,5946,1668,4278,476,5466,4,ITH,ITH3,5,Veneto,Veneto,4905854,2437000,49.68,0.12
2257,2021-04-29,VEN,50266,23380,26886,35349,13175,1742,ITH,ITH3,5,Veneto,Veneto,4905854,2487266,50.7,1.02
2258,2021-02-05,VEN,8378,2535,5843,1409,6960,9,ITH,ITH3,5,Veneto,Veneto,4905854,2495644,50.87,0.17
2259,2021-02-22,VEN,7014,3041,3973,6580,387,47,ITH,ITH3,5,Veneto,Veneto,4905854,2502658,51.01,0.14
2260,2021-05-16,VEN,28414,14008,14406,20305,7081,1028,ITH,ITH3,5,Veneto,Veneto,4905854,2531072,51.59,0.58
2261,2021-06-23,VEN,49100,24332,24768,14536,33734,830,ITH,ITH3,5,Veneto,Veneto,4905854,2580172,52.59,1.0
2262,2021-03-15,VEN,16668,7328,9340,10958,5208,502,ITH,ITH3,5,Veneto,Veneto,4905854,2596840,52.93,0.34
2263,2021-05-18,VEN,26908,12516,14392,12622,13586,700,ITH,ITH3,5,Veneto,Veneto,4905854,2623748,53.48,0.55
2264,2021-07-07,VEN,40617,21135,19482,15548,24263,806,ITH,ITH3,5,Veneto,Veneto,4905854,2664365,54.31,0.83
2265,2021-05-11,VEN,33163,16500,16663,27121,4721,1321,ITH,ITH3,5,Veneto,Veneto,4905854,2697528,54.99,0.68
2266,2021-01-22,VEN,1080,332,748,25,1055,0,ITH,ITH3,5,Veneto,Veneto,4905854,2698608,55.01,0.02
2267,2021-05-04,VEN,42964,20347,22617,33279,8028,1657,ITH,ITH3,5,Veneto,Veneto,4905854,2741572,55.88,0.88
2268,2021-02-10,VEN,4753,1589,3164,3689,1055,9,ITH,ITH3,5,Veneto,Veneto,4905854,2746325,55.98,0.1
2269,2021-04-08,VEN,32366,14366,18000,23321,7875,1170,ITH,ITH3,5,Veneto,Veneto,4905854,2778691,56.64,0.66
2270,2021-06-04,VEN,49582,25813,23769,39793,8115,1674,ITH,ITH3,5,Veneto,Veneto,4905854,2828273,57.65,1.01
2271,2021-02-24,VEN,8616,3679,4937,7994,488,134,ITH,ITH3,5,Veneto,Veneto,4905854,2836889,57.83,0.18
2272,2020-12-31,VEN,3219,1042,2177,3219,0,0,ITH,ITH3,5,Veneto,Veneto,4905854,2840108,57.89,0.07
2273,2021-07-04,VEN,33862,17572,16290,14967,18276,619,ITH,ITH3,5,Veneto,Veneto,4905854,2873970,58.58,0.69
2274,2021-04-12,VEN,14904,6336,8568,6390,8214,300,ITH,ITH3,5,Veneto,Veneto,4905854,2888874,58.89,0.3
2275,2021-01-02,VEN,5744,1767,3977,5743,0,1,ITH,ITH3,5,Veneto,Veneto,4905854,2894618,59.0,0.12
2276,2021-01-19,VEN,1310,473,837,1159,150,1,ITH,ITH3,5,Veneto,Veneto,4905854,2895928,59.03,0.03
2277,2021-05-01,VEN,38853,18237,20616,28688,8936,1229,ITH,ITH3,5,Veneto,Veneto,4905854,2934781,59.82,0.79
2278,2021-01-10,VEN,5034,1672,3362,5033,0,1,ITH,ITH3,5,Veneto,Veneto,4905854,2939815,59.92,0.1
2279,2021-05-23,VEN,34484,16464,18020,10615,23400,469,ITH,ITH3,5,Veneto,Veneto,4905854,2974299,60.63,0.7
2280,2021-02-12,VEN,4314,1447,2867,3671,572,71,ITH,ITH3,5,Veneto,Veneto,4905854,2978613,60.72,0.09
2281,2021-01-29,VEN,9023,2788,6235,366,8657,0,ITH,ITH3,5,Veneto,Veneto,4905854,2987636,60.9,0.18
2282,2021-04-10,VEN,27466,11976,15490,18375,8468,623,ITH,ITH3,5,Veneto,Veneto,4905854,3015102,61.46,0.56
2283,2021-06-06,VEN,37418,19155,18263,31478,4720,1220,ITH,ITH3,5,Veneto,Veneto,4905854,3052520,62.22,0.76
2284,2020-12-27,VEN,880,395,485,880,0,0,ITH,ITH3,5,Veneto,Veneto,4905854,3053400,62.24,0.02
2285,2021-05-30,VEN,22540,11265,11275,15203,6687,650,ITH,ITH3,5,Veneto,Veneto,4905854,3075940,62.7,0.46
2286,2021-01-24,VEN,4117,1219,2898,28,4089,0,ITH,ITH3,5,Veneto,Veneto,4905854,3080057,62.78,0.08
2287,2021-04-07,VEN,36009,16183,19826,27565,7337,1107,ITH,ITH3,5,Veneto,Veneto,4905854,3116066,63.52,0.73
2288,2021-01-31,VEN,4769,1563,3206,391,4378,0,ITH,ITH3,5,Veneto,Veneto,4905854,3120835,63.61,0.1
2289,2021-03-29,VEN,31452,13697,17755,26637,3822,993,ITH,ITH3,5,Veneto,Veneto,4905854,3152287,64.26,0.64
2290,2021-03-03,VEN,12097,4647,7450,8387,3499,211,ITH,ITH3,5,Veneto,Veneto,4905854,3164384,64.5,0.25
2291,2021-06-11,VEN,47261,24578,22683,34604,11162,1495,ITH,ITH3,5,Veneto,Veneto,4905854,3211645,65.47,0.96
2292,2021-06-25,VEN,51607,26116,25491,14986,35967,654,ITH,ITH3,5,Veneto,Veneto,4905854,3263252,66.52,1.05
2293,2021-06-30,VEN,45610,23004,22606,17754,27082,774,ITH,ITH3,5,Veneto,Veneto,4905854,3308862,67.45,0.93
2294,2021-03-22,VEN,18145,8177,9968,12583,5046,516,ITH,ITH3,5,Veneto,Veneto,4905854,3327007,67.82,0.37
2295,2021-03-13,VEN,17230,7303,9927,13728,3131,371,ITH,ITH3,5,Veneto,Veneto,4905854,3344237,68.17,0.35
2296,2021-01-15,VEN,5875,1820,4055,5869,0,6,ITH,ITH3,5,Veneto,Veneto,4905854,3350112,68.29,0.12
2297,2021-05-20,VEN,44776,21233,23543,19342,24329,1105,ITH,ITH3,5,Veneto,Veneto,4905854,3394888,69.2,0.91
2298,2021-02-09,VEN,5248,1891,3357,3432,1803,13,ITH,ITH3,5,Veneto,Veneto,4905854,3400136,69.31,0.11
2299,2021-05-27,VEN,46523,22864,23659,22322,23162,1039,ITH,ITH3,5,Veneto,Veneto,4905854,3446659,70.26,0.95
2300,2021-02-07,VEN,2315,862,1453,713,1601,1,ITH,ITH3,5,Veneto,Veneto,4905854,3448974,70.3,0.05
2301,2021-07-02,VEN,49382,25055,24327,16183,32395,804,ITH,ITH3,5,Veneto,Veneto,4905854,3498356,71.31,1.01
2302,2021-03-24,VEN,22109,9573,12536,14660,6802,647,ITH,ITH3,5,Veneto,Veneto,4905854,3520465,71.76,0.45
2303,2021-06-22,VEN,43686,21602,22084,18432,24365,889,ITH,ITH3,5,Veneto,Veneto,4905854,3564151,72.65,0.89
2304,2021-04-26,VEN,20721,9456,11265,14901,5139,681,ITH,ITH3,5,Veneto,Veneto,4905854,3584872,73.07,0.42
2305,2021-02-26,VEN,8294,3271,5023,6941,1259,94,ITH,ITH3,5,Veneto,Veneto,4905854,3593166,73.24,0.17
2306,2021-04-24,VEN,24758,10828,13930,14954,9079,725,ITH,ITH3,5,Veneto,Veneto,4905854,3617924,73.75,0.5
2307,2021-01-14,VEN,7063,1924,5139,7043,0,20,ITH,ITH3,5,Veneto,Veneto,4905854,3624987,73.89,0.14
2308,2021-03-12,VEN,18658,8194,10464,11330,6748,580,ITH,ITH3,5,Veneto,Veneto,4905854,3643645,74.27,0.38
2309,2021-05-08,VEN,41454,18752,22702,28201,11811,1442,ITH,ITH3,5,Veneto,Veneto,4905854,3685099,75.12,0.84
2310,2021-06-27,VEN,40229,20550,19679,15330,24299,600,ITH,ITH3,5,Veneto,Veneto,4905854,3725328,75.94,0.82
2311,2021-03-19,VEN,13791,5668,8123,7404,6095,292,ITH,ITH3,5,Veneto,Veneto,4905854,3739119,76.22,0.28
2312,2021-05-13,VEN,44259,21842,22417,32541,9886,1832,ITH,ITH3,5,Veneto,Veneto,4905854,3783378,77.12,0.9
2313,2021-02-02,VEN,6512,1881,4631,396,6116,0,ITH,ITH3,5,Veneto,Veneto,4905854,3789890,77.25,0.13
2314,2021-07-09,VEN,44841,23667,21174,4039,40528,274,ITH,ITH3,5,Veneto,Veneto,4905854,3834731,78.17,0.91
2315,2021-03-31,VEN,38832,16399,22433,30300,7498,1034,ITH,ITH3,5,Veneto,Veneto,4905854,3873563,78.96,0.79
2316,2021-07-11,VEN,34214,17916,16298,3684,30272,258,ITH,ITH3,5,Veneto,Veneto,4905854,3907777,79.66,0.7
2317,2021-07-14,VEN,15906,8128,7778,1249,14583,74,ITH,ITH3,5,Veneto,Veneto,4905854,3923683,79.98,0.32
2318,2021-04-22,VEN,32017,13923,18094,15449,15748,820,ITH,ITH3,5,Veneto,Veneto,4905854,3955700,80.63,0.65
2319,2021-06-08,VEN,43816,22654,21162,36160,6130,1526,ITH,ITH3,5,Veneto,Veneto,4905854,3999516,81.53,0.89
2320,2021-05-25,VEN,27777,13411,14366,11244,16034,499,ITH,ITH3,5,Veneto,Veneto,4905854,4027293,82.09,0.57
2321,2021-02-14,VEN,126,56,70,113,13,0,ITH,ITH3,5,Veneto,Veneto,4905854,4027419,82.09,0.0
2322,2021-02-28,VEN,4136,1389,2747,3225,837,74,ITH,ITH3,5,Veneto,Veneto,4905854,4031555,82.18,0.08
2323,2021-03-17,VEN,14645,5992,8653,7526,6796,323,ITH,ITH3,5,Veneto,Veneto,4905854,4046200,82.48,0.3
2324,2021-01-12,VEN,5231,1517,3714,5223,0,8,ITH,ITH3,5,Veneto,Veneto,4905854,4051431,82.58,0.11
2325,2021-04-19,VEN,21543,8922,12621,4708,16408,427,ITH,ITH3,5,Veneto,Veneto,4905854,4072974,83.02,0.44
2326,2021-04-05,VEN,19154,8371,10783,13418,5435,301,ITH,ITH3,5,Veneto,Veneto,4905854,4092128,83.41,0.39
2327,2021-06-15,VEN,47750,24250,23500,29017,17505,1228,ITH,ITH3,5,Veneto,Veneto,4905854,4139878,84.39,0.97
2328,2021-04-17,VEN,22428,9087,13341,14355,7274,799,ITH,ITH3,5,Veneto,Veneto,4905854,4162306,84.84,0.46
2329,2021-01-07,VEN,8360,2318,6042,8359,0,1,ITH,ITH3,5,Veneto,Veneto,4905854,4170666,85.01,0.17
2330,2021-06-13,VEN,37329,19248,18081,29223,6966,1140,ITH,ITH3,5,Veneto,Veneto,4905854,4207995,85.77,0.76
2331,2021-01-21,VEN,2293,719,1574,21,2272,0,ITH,ITH3,5,Veneto,Veneto,4905854,4210288,85.82,0.05
2332,2021-03-05,VEN,13336,5020,8316,9222,3670,444,ITH,ITH3,5,Veneto,Veneto,4905854,4223624,86.09,0.27
2333,2021-01-26,VEN,6920,2090,4830,149,6771,0,ITH,ITH3,5,Veneto,Veneto,4905854,4230544,86.23,0.14
2334,2021-05-06,VEN,46968,22030,24938,36470,8473,2025,ITH,ITH3,5,Veneto,Veneto,4905854,4277512,87.19,0.96
2335,2021-07-03,VEN,38661,20094,18567,11005,27074,582,ITH,ITH3,5,Veneto,Veneto,4905854,4316173,87.98,0.79
2336,2021-06-16,VEN,47675,23519,24156,25175,21362,1138,ITH,ITH3,5,Veneto,Veneto,4905854,4363848,88.95,0.97
2337,2021-01-01,VEN,1528,471,1057,1527,0,1,ITH,ITH3,5,Veneto,Veneto,4905854,4365376,88.98,0.03
2338,2021-03-25,VEN,25954,11056,14898,18964,6099,891,ITH,ITH3,5,Veneto,Veneto,4905854,4391330,89.51,0.53
2339,2021-04-11,VEN,21001,8870,12131,14221,6293,487,ITH,ITH3,5,Veneto,Veneto,4905854,4412331,89.94,0.43
2340,2021-04-13,VEN,14026,6323,7703,8049,5479,498,ITH,ITH3,5,Veneto,Veneto,4905854,4426357,90.23,0.29
2341,2021-07-05,VEN,39055,20253,18802,14077,24164,814,ITH,ITH3,5,Veneto,Veneto,4905854,4465412,91.02,0.8
2342,2021-01-03,VEN,5157,1562,3595,5157,0,0,ITH,ITH3,5,Veneto,Veneto,4905854,4470569,91.13,0.11
2343,2021-03-08,VEN,13631,6271,7360,9300,4069,262,ITH,ITH3,5,Veneto,Veneto,4905854,4484200,91.41,0.28
2344,2021-06-18,VEN,53525,26719,26806,23914,28524,1087,ITH,ITH3,5,Veneto,Veneto,4905854,4537725,92.5,1.09
2345,2021-03-27,VEN,32068,14011,18057,25365,5798,905,ITH,ITH3,5,Veneto,Veneto,4905854,4569793,93.15,0.65
2346,2021-06-03,VEN,54434,27988,26446,40832,11960,1642,ITH,ITH3,5,Veneto,Veneto,4905854,4624227,94.26,1.11
2347,2021-06-20,VEN,41172,20052,21120,18881,21519,772,ITH,ITH3,5,Veneto,Veneto,4905854,4665399,95.1,0.84
2348,2021-02-19,VEN,7322,3140,4182,6992,204,126,ITH,ITH3,5,Veneto,Veneto,4905854,4672721,95.25,0.15
2349,2021-02-21,VEN,4638,1211,3427,4514,5,119,ITH,ITH3,5,Veneto,Veneto,4905854,4677359,95.34,0.09
2350,2021-05-15,VEN,36220,17502,18718,24783,10003,1434,ITH,ITH3,5,Veneto,Veneto,4905854,4713579,96.08,0.74
2351,2021-06-01,VEN,26963,13555,13408,15779,10541,643,ITH,ITH3,5,Veneto,Veneto,4905854,4740542,96.63,0.55
2352,2021-03-10,VEN,19039,8727,10312,12962,5683,394,ITH,ITH3,5,Veneto,Veneto,4905854,4759581,97.02,0.39
2353,2021-02-28,LIG,1058,580,478,1042,9,7,ITC,ITC3,7,Liguria,Liguria,1550640,1058,0.07,0.07
2354,2021-04-26,LIG,10558,4981,5577,7817,2636,105,ITC,ITC3,7,Liguria,Liguria,1550640,11616,0.75,0.68
2355,2021-01-16,LIG,1278,557,721,1273,0,5,ITC,ITC3,7,Liguria,Liguria,1550640,12894,0.83,0.08
2356,2021-02-02,LIG,2671,1005,1666,127,2542,2,ITC,ITC3,7,Liguria,Liguria,1550640,15565,1.0,0.17
2357,2021-04-28,LIG,14446,6520,7926,6344,7986,116,ITC,ITC3,7,Liguria,Liguria,1550640,30011,1.94,0.93
2358,2021-02-04,LIG,2817,986,1831,179,2638,0,ITC,ITC3,7,Liguria,Liguria,1550640,32828,2.12,0.18
2359,2021-05-15,LIG,7307,3264,4043,4275,2954,78,ITC,ITC3,7,Liguria,Liguria,1550640,40135,2.59,0.47
2360,2021-02-21,LIG,869,491,378,857,4,8,ITC,ITC3,7,Liguria,Liguria,1550640,41004,2.64,0.06
2361,2021-03-14,LIG,1659,752,907,1033,604,22,ITC,ITC3,7,Liguria,Liguria,1550640,42663,2.75,0.11
2362,2021-06-22,LIG,15777,7448,8329,7643,8110,24,ITC,ITC3,7,Liguria,Liguria,1550640,58440,3.77,1.02
2363,2021-07-06,LIG,12226,6022,6204,5673,6518,35,ITC,ITC3,7,Liguria,Liguria,1550640,70666,4.56,0.79
2364,2021-05-10,LIG,12648,5642,7006,6210,6374,64,ITC,ITC3,7,Liguria,Liguria,1550640,83314,5.37,0.82
2365,2021-05-03,LIG,13277,5920,7357,6327,6815,135,ITC,ITC3,7,Liguria,Liguria,1550640,96591,6.23,0.86
2366,2021-03-21,LIG,550,220,330,69,481,0,ITC,ITC3,7,Liguria,Liguria,1550640,97141,6.26,0.04
2367,2021-01-23,LIG,809,295,514,153,656,0,ITC,ITC3,7,Liguria,Liguria,1550640,97950,6.32,0.05
2368,2021-02-16,LIG,2427,956,1471,1995,423,9,ITC,ITC3,7,Liguria,Liguria,1550640,100377,6.47,0.16
2369,2021-05-27,LIG,16885,8654,8231,12571,4146,168,ITC,ITC3,7,Liguria,Liguria,1550640,117262,7.56,1.09
2370,2021-04-14,LIG,13075,5671,7404,10749,2201,125,ITC,ITC3,7,Liguria,Liguria,1550640,130337,8.41,0.84
2371,2021-05-29,LIG,6865,3253,3612,3976,2870,19,ITC,ITC3,7,Liguria,Liguria,1550640,137202,8.85,0.44
2372,2021-02-09,LIG,1952,694,1258,264,1686,2,ITC,ITC3,7,Liguria,Liguria,1550640,139154,8.97,0.13
2373,2021-06-05,LIG,8097,4117,3980,4945,3152,0,ITC,ITC3,7,Liguria,Liguria,1550640,147251,9.5,0.52
2374,2021-04-09,LIG,12456,5560,6896,10551,1765,140,ITC,ITC3,7,Liguria,Liguria,1550640,159707,10.3,0.8
2375,2021-03-31,LIG,11925,5275,6650,9049,2770,106,ITC,ITC3,7,Liguria,Liguria,1550640,171632,11.07,0.77
2376,2021-03-26,LIG,9336,4028,5308,6068,3156,112,ITC,ITC3,7,Liguria,Liguria,1550640,180968,11.67,0.6
2377,2021-07-04,LIG,4845,2576,2269,3838,992,15,ITC,ITC3,7,Liguria,Liguria,1550640,185813,11.98,0.31
2378,2021-01-02,LIG,691,245,446,691,0,0,ITC,ITC3,7,Liguria,Liguria,1550640,186504,12.03,0.04
2379,2021-06-15,LIG,17400,8460,8940,9326,8061,13,ITC,ITC3,7,Liguria,Liguria,1550640,203904,13.15,1.12
2380,2021-02-11,LIG,1988,771,1217,1094,885,9,ITC,ITC3,7,Liguria,Liguria,1550640,205892,13.28,0.13
2381,2021-05-22,LIG,6649,3220,3429,4870,1684,95,ITC,ITC3,7,Liguria,Liguria,1550640,212541,13.71,0.43
2382,2021-06-10,LIG,18741,9672,9069,13114,5623,4,ITC,ITC3,7,Liguria,Liguria,1550640,231282,14.92,1.21
2383,2021-03-19,LIG,5296,2234,3062,2095,3146,55,ITC,ITC3,7,Liguria,Liguria,1550640,236578,15.26,0.34
2384,2021-03-02,LIG,4074,1689,2385,3753,310,11,ITC,ITC3,7,Liguria,Liguria,1550640,240652,15.52,0.26
2385,2021-07-11,LIG,2137,1187,950,1234,894,9,ITC,ITC3,7,Liguria,Liguria,1550640,242789,15.66,0.14
2386,2021-06-24,LIG,11082,5414,5668,6248,4822,12,ITC,ITC3,7,Liguria,Liguria,1550640,253871,16.37,0.71
2387,2021-04-02,LIG,11789,5219,6570,9207,2487,95,ITC,ITC3,7,Liguria,Liguria,1550640,265660,17.13,0.76
2388,2021-01-28,LIG,2848,972,1876,39,2809,0,ITC,ITC3,7,Liguria,Liguria,1550640,268508,17.32,0.18
2389,2021-01-21,LIG,1106,385,721,674,431,1,ITC,ITC3,7,Liguria,Liguria,1550640,269614,17.39,0.07
2390,2021-01-09,LIG,1335,481,854,1334,0,1,ITC,ITC3,7,Liguria,Liguria,1550640,270949,17.47,0.09
2391,2021-04-19,LIG,12837,5619,7218,8915,3831,91,ITC,ITC3,7,Liguria,Liguria,1550640,283786,18.3,0.83
2392,2021-07-13,LIG,12958,6378,6580,3491,9447,20,ITC,ITC3,7,Liguria,Liguria,1550640,296744,19.14,0.84
2393,2020-12-30,LIG,12,5,7,12,0,0,ITC,ITC3,7,Liguria,Liguria,1550640,296756,19.14,0.0
2394,2021-07-03,LIG,8785,4353,4432,5466,3307,12,ITC,ITC3,7,Liguria,Liguria,1550640,305541,19.7,0.57
2395,2021-04-11,LIG,4246,1929,2317,3942,249,55,ITC,ITC3,7,Liguria,Liguria,1550640,309787,19.98,0.27
2396,2021-06-29,LIG,15143,7211,7932,8689,6422,32,ITC,ITC3,7,Liguria,Liguria,1550640,324930,20.95,0.98
2397,2021-05-17,LIG,12026,5520,6506,8654,3322,50,ITC,ITC3,7,Liguria,Liguria,1550640,336956,21.73,0.78
2398,2021-01-30,LIG,1661,567,1094,23,1637,1,ITC,ITC3,7,Liguria,Liguria,1550640,338617,21.84,0.11
2399,2021-03-28,LIG,1141,511,630,378,751,12,ITC,ITC3,7,Liguria,Liguria,1550640,339758,21.91,0.07
2400,2021-04-23,LIG,14673,6638,8035,8412,6120,141,ITC,ITC3,7,Liguria,Liguria,1550640,354431,22.86,0.95
2401,2021-03-11,LIG,6398,3089,3309,4331,2010,57,ITC,ITC3,7,Liguria,Liguria,1550640,360829,23.27,0.41
2402,2021-01-13,LIG,2758,1014,1744,2757,0,1,ITC,ITC3,7,Liguria,Liguria,1550640,363587,23.45,0.18
2403,2021-03-07,LIG,1915,1138,777,1590,301,24,ITC,ITC3,7,Liguria,Liguria,1550640,365502,23.57,0.12
2404,2021-06-17,LIG,16619,7894,8725,9094,7509,16,ITC,ITC3,7,Liguria,Liguria,1550640,382121,24.64,1.07
2405,2021-06-02,LIG,8529,4341,4188,5361,3168,0,ITC,ITC3,7,Liguria,Liguria,1550640,390650,25.19,0.55
2406,2020-12-28,LIG,80,30,50,80,0,0,ITC,ITC3,7,Liguria,Liguria,1550640,390730,25.2,0.01
2407,2021-06-03,LIG,15522,7691,7831,9154,6361,7,ITC,ITC3,7,Liguria,Liguria,1550640,406252,26.2,1.0
2408,2021-04-07,LIG,13679,6108,7571,11301,2288,90,ITC,ITC3,7,Liguria,Liguria,1550640,419931,27.08,0.88
2409,2021-02-23,LIG,3806,1559,2247,3657,109,40,ITC,ITC3,7,Liguria,Liguria,1550640,423737,27.33,0.25
2410,2021-06-14,LIG,15097,7289,7808,8248,6847,2,ITC,ITC3,7,Liguria,Liguria,1550640,438834,28.3,0.97
2411,2021-02-25,LIG,3457,1349,2108,3307,130,20,ITC,ITC3,7,Liguria,Liguria,1550640,442291,28.52,0.22
2412,2021-04-21,LIG,14251,6435,7816,8810,5329,112,ITC,ITC3,7,Liguria,Liguria,1550640,456542,29.44,0.92
2413,2021-05-08,LIG,7527,3333,4194,2270,5213,44,ITC,ITC3,7,Liguria,Liguria,1550640,464069,29.93,0.49
2414,2021-01-25,LIG,2727,889,1838,476,2250,1,ITC,ITC3,7,Liguria,Liguria,1550640,466796,30.1,0.18
2415,2021-05-05,LIG,13712,6135,7577,5191,8418,103,ITC,ITC3,7,Liguria,Liguria,1550640,480508,30.99,0.88
2416,2021-01-14,LIG,2982,1055,1927,2980,0,2,ITC,ITC3,7,Liguria,Liguria,1550640,483490,31.18,0.19
2417,2021-03-12,LIG,6216,2873,3343,3688,2471,57,ITC,ITC3,7,Liguria,Liguria,1550640,489706,31.58,0.4
2418,2021-07-01,LIG,13436,6480,6956,7322,6081,33,ITC,ITC3,7,Liguria,Liguria,1550640,503142,32.45,0.87
2419,2021-05-24,LIG,11829,5565,6264,9232,2495,102,ITC,ITC3,7,Liguria,Liguria,1550640,514971,33.21,0.76
2420,2021-05-07,LIG,13593,6040,7553,5733,7792,68,ITC,ITC3,7,Liguria,Liguria,1550640,528564,34.09,0.88
2421,2021-02-13,LIG,1080,508,572,797,280,3,ITC,ITC3,7,Liguria,Liguria,1550640,529644,34.16,0.07
2422,2021-06-07,LIG,15685,7654,8031,8666,7012,7,ITC,ITC3,7,Liguria,Liguria,1550640,545329,35.17,1.01
2423,2021-06-26,LIG,7137,3311,3826,4486,2641,10,ITC,ITC3,7,Liguria,Liguria,1550640,552466,35.63,0.46
2424,2021-07-10,LIG,6772,3417,3355,2748,4016,8,ITC,ITC3,7,Liguria,Liguria,1550640,559238,36.06,0.44
2425,2021-01-18,LIG,2142,747,1395,1983,157,2,ITC,ITC3,7,Liguria,Liguria,1550640,561380,36.2,0.14
2426,2021-02-06,LIG,1892,768,1124,145,1747,0,ITC,ITC3,7,Liguria,Liguria,1550640,563272,36.33,0.12
2427,2021-06-11,LIG,17814,9072,8742,11746,6066,2,ITC,ITC3,7,Liguria,Liguria,1550640,581086,37.47,1.15
2428,2021-03-04,LIG,4738,2118,2620,3834,847,57,ITC,ITC3,7,Liguria,Liguria,1550640,585824,37.78,0.31
2429,2021-06-12,LIG,10230,4974,5256,7478,2752,0,ITC,ITC3,7,Liguria,Liguria,1550640,596054,38.44,0.66
2430,2021-04-30,LIG,14420,6440,7980,5732,8568,120,ITC,ITC3,7,Liguria,Liguria,1550640,610474,39.37,0.93
2431,2021-01-04,LIG,2616,855,1761,2615,0,1,ITC,ITC3,7,Liguria,Liguria,1550640,613090,39.54,0.17
2432,2021-06-21,LIG,14801,7021,7780,8555,6231,15,ITC,ITC3,7,Liguria,Liguria,1550640,627891,40.49,0.95
2433,2021-04-16,LIG,12002,5293,6709,10009,1829,164,ITC,ITC3,7,Liguria,Liguria,1550640,639893,41.27,0.77
2434,2021-01-06,LIG,1664,618,1046,1661,0,3,ITC,ITC3,7,Liguria,Liguria,1550640,641557,41.37,0.11
2435,2021-05-19,LIG,13571,5962,7609,10306,3120,145,ITC,ITC3,7,Liguria,Liguria,1550640,655128,42.25,0.88
2436,2021-03-23,LIG,9273,4221,5052,5981,3209,83,ITC,ITC3,7,Liguria,Liguria,1550640,664401,42.85,0.6
2437,2021-02-01,LIG,2559,923,1636,90,2469,0,ITC,ITC3,7,Liguria,Liguria,1550640,666960,43.01,0.17
2438,2021-07-08,LIG,13543,6674,6869,6164,7342,37,ITC,ITC3,7,Liguria,Liguria,1550640,680503,43.89,0.87
2439,2021-05-12,LIG,12037,5453,6584,6576,5348,113,ITC,ITC3,7,Liguria,Liguria,1550640,692540,44.66,0.78
2440,2021-05-26,LIG,16666,8416,8250,12138,4373,155,ITC,ITC3,7,Liguria,Liguria,1550640,709206,45.74,1.07
2441,2021-03-30,LIG,12214,5428,6786,8737,3388,89,ITC,ITC3,7,Liguria,Liguria,1550640,721420,46.52,0.79
2442,2021-03-16,LIG,6083,2731,3352,2309,3733,41,ITC,ITC3,7,Liguria,Liguria,1550640,727503,46.92,0.39
2443,2021-01-11,LIG,2654,991,1663,2653,0,1,ITC,ITC3,7,Liguria,Liguria,1550640,730157,47.09,0.17
2444,2021-04-06,LIG,13248,5902,7346,10882,2260,106,ITC,ITC3,7,Liguria,Liguria,1550640,743405,47.94,0.85
2445,2021-02-08,LIG,1978,742,1236,306,1672,0,ITC,ITC3,7,Liguria,Liguria,1550640,745383,48.07,0.13
2446,2020-12-27,LIG,135,56,79,134,0,1,ITC,ITC3,7,Liguria,Liguria,1550640,745518,48.08,0.01
2447,2021-04-04,LIG,756,366,390,499,249,8,ITC,ITC3,7,Liguria,Liguria,1550640,746274,48.13,0.05
2448,2021-04-18,LIG,2613,1164,1449,2074,468,71,ITC,ITC3,7,Liguria,Liguria,1550640,748887,48.3,0.17
2449,2021-01-08,LIG,2930,999,1931,2928,0,2,ITC,ITC3,7,Liguria,Liguria,1550640,751817,48.48,0.19
2450,2021-01-27,LIG,1744,603,1141,140,1603,1,ITC,ITC3,7,Liguria,Liguria,1550640,753561,48.6,0.11
2451,2021-05-21,LIG,12843,5954,6889,9573,3125,145,ITC,ITC3,7,Liguria,Liguria,1550640,766404,49.43,0.83
2452,2021-02-27,LIG,1888,921,967,1750,129,9,ITC,ITC3,7,Liguria,Liguria,1550640,768292,49.55,0.12
2453,2021-06-16,LIG,15974,7684,8290,8968,6996,10,ITC,ITC3,7,Liguria,Liguria,1550640,784266,50.58,1.03
2454,2021-03-08,LIG,5624,2459,3165,3894,1689,41,ITC,ITC3,7,Liguria,Liguria,1550640,789890,50.94,0.36
2455,2021-03-25,LIG,9769,4232,5537,6229,3392,148,ITC,ITC3,7,Liguria,Liguria,1550640,799659,51.57,0.63
2456,2021-01-01,LIG,144,55,89,144,0,0,ITC,ITC3,7,Liguria,Liguria,1550640,799803,51.58,0.01
2457,2021-03-06,LIG,3304,1842,1462,2550,705,49,ITC,ITC3,7,Liguria,Liguria,1550640,803107,51.79,0.21
2458,2021-01-22,LIG,1819,604,1215,1330,486,3,ITC,ITC3,7,Liguria,Liguria,1550640,804926,51.91,0.12
2459,2021-05-02,LIG,3978,1836,2142,505,3467,6,ITC,ITC3,7,Liguria,Liguria,1550640,808904,52.17,0.26
2460,2021-05-04,LIG,13649,6086,7563,5334,8229,86,ITC,ITC3,7,Liguria,Liguria,1550640,822553,53.05,0.88
2461,2021-05-09,LIG,2824,1244,1580,1086,1709,29,ITC,ITC3,7,Liguria,Liguria,1550640,825377,53.23,0.18
2462,2021-06-28,LIG,11578,5599,5979,7244,4294,40,ITC,ITC3,7,Liguria,Liguria,1550640,836955,53.97,0.75
2463,2021-03-20,LIG,2316,995,1321,1124,1174,18,ITC,ITC3,7,Liguria,Liguria,1550640,839271,54.12,0.15
2464,2021-06-30,LIG,15032,7172,7860,8209,6780,43,ITC,ITC3,7,Liguria,Liguria,1550640,854303,55.09,0.97
2465,2021-01-15,LIG,2257,755,1502,2252,0,5,ITC,ITC3,7,Liguria,Liguria,1550640,856560,55.24,0.15
2466,2021-04-25,LIG,1935,920,1015,1506,415,14,ITC,ITC3,7,Liguria,Liguria,1550640,858495,55.36,0.12
2467,2021-02-15,LIG,2262,839,1423,1855,397,10,ITC,ITC3,7,Liguria,Liguria,1550640,860757,55.51,0.15
2468,2021-01-03,LIG,734,230,504,732,0,2,ITC,ITC3,7,Liguria,Liguria,1550640,861491,55.56,0.05
2469,2021-03-27,LIG,3932,1549,2383,2485,1395,52,ITC,ITC3,7,Liguria,Liguria,1550640,865423,55.81,0.25
2470,2021-07-05,LIG,11813,5729,6084,5337,6440,36,ITC,ITC3,7,Liguria,Liguria,1550640,877236,56.57,0.76
2471,2021-04-13,LIG,13080,5868,7212,10943,2025,112,ITC,ITC3,7,Liguria,Liguria,1550640,890316,57.42,0.84
2472,2021-05-13,LIG,13297,6081,7216,8882,4247,168,ITC,ITC3,7,Liguria,Liguria,1550640,903613,58.27,0.86
2473,2021-02-19,LIG,3219,1306,1913,2988,176,55,ITC,ITC3,7,Liguria,Liguria,1550640,906832,58.48,0.21
2474,2021-05-30,LIG,3302,1613,1689,1348,1941,13,ITC,ITC3,7,Liguria,Liguria,1550640,910134,58.69,0.21
2475,2021-06-01,LIG,16161,8117,8044,10792,5365,4,ITC,ITC3,7,Liguria,Liguria,1550640,926295,59.74,1.04
2476,2021-06-18,LIG,15309,7460,7849,8159,7132,18,ITC,ITC3,7,Liguria,Liguria,1550640,941604,60.72,0.99
2477,2021-03-10,LIG,5901,2862,3039,3929,1907,65,ITC,ITC3,7,Liguria,Liguria,1550640,947505,61.1,0.38
2478,2021-02-10,LIG,2315,837,1478,1015,1296,4,ITC,ITC3,7,Liguria,Liguria,1550640,949820,61.25,0.15
2479,2021-03-18,LIG,4986,2124,2862,1972,2979,35,ITC,ITC3,7,Liguria,Liguria,1550640,954806,61.57,0.32
2480,2021-04-01,LIG,12426,5511,6915,9567,2770,89,ITC,ITC3,7,Liguria,Liguria,1550640,967232,62.38,0.8
2481,2021-04-15,LIG,11841,5236,6605,9885,1851,105,ITC,ITC3,7,Liguria,Liguria,1550640,979073,63.14,0.76
2482,2021-04-08,LIG,13748,6162,7586,11550,2045,153,ITC,ITC3,7,Liguria,Liguria,1550640,992821,64.03,0.89
2483,2021-06-04,LIG,14738,7235,7503,9245,5487,6,ITC,ITC3,7,Liguria,Liguria,1550640,1007559,64.98,0.95
2484,2021-03-13,LIG,3849,1637,2212,2949,855,45,ITC,ITC3,7,Liguria,Liguria,1550640,1011408,65.23,0.25
2485,2021-06-23,LIG,14256,6820,7436,9066,5171,19,ITC,ITC3,7,Liguria,Liguria,1550640,1025664,66.14,0.92
2486,2021-02-14,LIG,233,122,111,233,0,0,ITC,ITC3,7,Liguria,Liguria,1550640,1025897,66.16,0.02
2487,2021-05-25,LIG,14121,6867,7254,10814,3179,128,ITC,ITC3,7,Liguria,Liguria,1550640,1040018,67.07,0.91
2488,2021-07-12,LIG,13340,6403,6937,4159,9152,29,ITC,ITC3,7,Liguria,Liguria,1550640,1053358,67.93,0.86
2489,2021-01-10,LIG,648,262,386,644,0,4,ITC,ITC3,7,Liguria,Liguria,1550640,1054006,67.97,0.04
2490,2021-04-20,LIG,14240,6520,7720,9733,4352,155,ITC,ITC3,7,Liguria,Liguria,1550640,1068246,68.89,0.92
2491,2021-01-29,LIG,3082,1064,2018,67,3015,0,ITC,ITC3,7,Liguria,Liguria,1550640,1071328,69.09,0.2
2492,2021-01-20,LIG,1553,555,998,1540,12,1,ITC,ITC3,7,Liguria,Liguria,1550640,1072881,69.19,0.1
2493,2021-07-09,LIG,12761,6295,6466,4221,8521,19,ITC,ITC3,7,Liguria,Liguria,1550640,1085642,70.01,0.82
2494,2021-04-05,LIG,3978,1753,2225,2303,1649,26,ITC,ITC3,7,Liguria,Liguria,1550640,1089620,70.27,0.26
2495,2021-05-11,LIG,13916,6389,7527,7180,6617,119,ITC,ITC3,7,Liguria,Liguria,1550640,1103536,71.17,0.9
2496,2021-01-07,LIG,3226,1095,2131,3223,0,3,ITC,ITC3,7,Liguria,Liguria,1550640,1106762,71.37,0.21
2497,2021-06-13,LIG,5616,2695,2921,5162,454,0,ITC,ITC3,7,Liguria,Liguria,1550640,1112378,71.74,0.36
2498,2021-04-17,LIG,7386,3219,4167,6564,751,71,ITC,ITC3,7,Liguria,Liguria,1550640,1119764,72.21,0.48
2499,2021-05-01,LIG,7143,3257,3886,1303,5801,39,ITC,ITC3,7,Liguria,Liguria,1550640,1126907,72.67,0.46
2500,2021-03-05,LIG,4869,2150,2719,3674,1132,63,ITC,ITC3,7,Liguria,Liguria,1550640,1131776,72.99,0.31
2501,2021-06-06,LIG,3809,2031,1778,2947,862,0,ITC,ITC3,7,Liguria,Liguria,1550640,1135585,73.23,0.25
2502,2021-04-24,LIG,8218,3795,4423,4957,3152,109,ITC,ITC3,7,Liguria,Liguria,1550640,1143803,73.76,0.53
2503,2021-02-26,LIG,3766,1524,2242,3412,329,25,ITC,ITC3,7,Liguria,Liguria,1550640,1147569,74.01,0.24
2504,2021-02-17,LIG,2690,1182,1508,2252,426,12,ITC,ITC3,7,Liguria,Liguria,1550640,1150259,74.18,0.17
2505,2021-05-28,LIG,16279,8128,8151,11597,4538,144,ITC,ITC3,7,Liguria,Liguria,1550640,1166538,75.23,1.05
2506,2021-01-05,LIG,2878,895,1983,2878,0,0,ITC,ITC3,7,Liguria,Liguria,1550640,1169416,75.42,0.19
2507,2021-03-03,LIG,4581,1847,2734,3444,1027,110,ITC,ITC3,7,Liguria,Liguria,1550640,1173997,75.71,0.3
2508,2021-06-08,LIG,18084,9020,9064,11449,6629,6,ITC,ITC3,7,Liguria,Liguria,1550640,1192081,76.88,1.17
2509,2021-03-17,LIG,5552,2368,3184,2451,3079,22,ITC,ITC3,7,Liguria,Liguria,1550640,1197633,77.23,0.36
2510,2021-06-25,LIG,13751,6578,7173,6872,6865,14,ITC,ITC3,7,Liguria,Liguria,1550640,1211384,78.12,0.89
2511,2021-07-14,LIG,3791,1876,1915,1208,2572,11,ITC,ITC3,7,Liguria,Liguria,1550640,1215175,78.37,0.24
2512,2021-05-06,LIG,14521,6442,8079,6040,8325,156,ITC,ITC3,7,Liguria,Liguria,1550640,1229696,79.3,0.94
2513,2021-01-26,LIG,2488,807,1681,16,2472,0,ITC,ITC3,7,Liguria,Liguria,1550640,1232184,79.46,0.16
2514,2021-03-22,LIG,7747,3469,4278,4736,2938,73,ITC,ITC3,7,Liguria,Liguria,1550640,1239931,79.96,0.5
2515,2021-02-07,LIG,407,153,254,2,405,0,ITC,ITC3,7,Liguria,Liguria,1550640,1240338,79.99,0.03
2516,2021-05-18,LIG,13465,6119,7346,10035,3293,137,ITC,ITC3,7,Liguria,Liguria,1550640,1253803,80.86,0.87
2517,2021-05-20,LIG,12872,5974,6898,8720,4025,127,ITC,ITC3,7,Liguria,Liguria,1550640,1266675,81.69,0.83
2518,2021-05-23,LIG,2305,1119,1186,1169,1123,13,ITC,ITC3,7,Liguria,Liguria,1550640,1268980,81.84,0.15
2519,2021-03-01,LIG,3539,1447,2092,3383,136,20,ITC,ITC3,7,Liguria,Liguria,1550640,1272519,82.06,0.23
2520,2021-06-09,LIG,19043,9557,9486,12482,6557,4,ITC,ITC3,7,Liguria,Liguria,1550640,1291562,83.29,1.23
2521,2021-04-03,LIG,5407,2499,2908,4428,943,36,ITC,ITC3,7,Liguria,Liguria,1550640,1296969,83.64,0.35
2522,2021-01-24,LIG,757,237,520,114,643,0,ITC,ITC3,7,Liguria,Liguria,1550640,1297726,83.69,0.05
2523,2021-06-27,LIG,1942,890,1052,691,1241,10,ITC,ITC3,7,Liguria,Liguria,1550640,1299668,83.81,0.13
2524,2021-02-12,LIG,1935,690,1245,895,1038,2,ITC,ITC3,7,Liguria,Liguria,1550640,1301603,83.94,0.12
2525,2021-06-20,LIG,1333,658,675,1051,275,7,ITC,ITC3,7,Liguria,Liguria,1550640,1302936,84.03,0.09
2526,2021-03-29,LIG,10581,4620,5961,7343,3132,106,ITC,ITC3,7,Liguria,Liguria,1550640,1313517,84.71,0.68
2527,2021-01-31,LIG,624,270,354,9,615,0,ITC,ITC3,7,Liguria,Liguria,1550640,1314141,84.75,0.04
2528,2021-07-07,LIG,11692,5612,6080,4948,6726,18,ITC,ITC3,7,Liguria,Liguria,1550640,1325833,85.5,0.75
2529,2021-02-24,LIG,3764,1560,2204,3448,258,58,ITC,ITC3,7,Liguria,Liguria,1550640,1329597,85.75,0.24
2530,2020-12-29,LIG,125,33,92,125,0,0,ITC,ITC3,7,Liguria,Liguria,1550640,1329722,85.75,0.01
2531,2021-01-12,LIG,2469,887,1582,2468,0,1,ITC,ITC3,7,Liguria,Liguria,1550640,1332191,85.91,0.16
2532,2021-04-22,LIG,13855,6210,7645,8616,5080,159,ITC,ITC3,7,Liguria,Liguria,1550640,1346046,86.81,0.89
2533,2021-03-15,LIG,7245,3096,4149,4490,2706,49,ITC,ITC3,7,Liguria,Liguria,1550640,1353291,87.27,0.47
2534,2021-06-19,LIG,7401,3769,3632,5722,1663,16,ITC,ITC3,7,Liguria,Liguria,1550640,1360692,87.75,0.48
2535,2021-02-18,LIG,2768,1126,1642,2422,335,11,ITC,ITC3,7,Liguria,Liguria,1550640,1363460,87.93,0.18
2536,2021-05-14,LIG,13106,5838,7268,8592,4327,187,ITC,ITC3,7,Liguria,Liguria,1550640,1376566,88.77,0.85
2537,2021-05-31,LIG,14644,7330,7314,9045,5514,85,ITC,ITC3,7,Liguria,Liguria,1550640,1391210,89.72,0.94
2538,2021-03-09,LIG,5932,2754,3178,4440,1431,61,ITC,ITC3,7,Liguria,Liguria,1550640,1397142,90.1,0.38
2539,2021-02-20,LIG,1335,637,698,1330,1,4,ITC,ITC3,7,Liguria,Liguria,1550640,1398477,90.19,0.09
2540,2021-05-16,LIG,3705,1862,1843,2118,1560,27,ITC,ITC3,7,Liguria,Liguria,1550640,1402182,90.43,0.24
2541,2021-02-22,LIG,3343,1476,1867,3191,142,10,ITC,ITC3,7,Liguria,Liguria,1550640,1405525,90.64,0.22
2542,2021-04-27,LIG,14780,6682,8098,7110,7587,83,ITC,ITC3,7,Liguria,Liguria,1550640,1420305,91.59,0.95
2543,2021-02-03,LIG,2316,791,1525,54,2262,0,ITC,ITC3,7,Liguria,Liguria,1550640,1422621,91.74,0.15
2544,2021-04-29,LIG,15579,6979,8600,6582,8842,155,ITC,ITC3,7,Liguria,Liguria,1550640,1438200,92.75,1.0
2545,2021-04-12,LIG,12389,5476,6913,10276,2019,94,ITC,ITC3,7,Liguria,Liguria,1550640,1450589,93.55,0.8
2546,2021-01-19,LIG,1374,439,935,1280,90,4,ITC,ITC3,7,Liguria,Liguria,1550640,1451963,93.64,0.09
2547,2021-02-05,LIG,2682,987,1695,303,2377,2,ITC,ITC3,7,Liguria,Liguria,1550640,1454645,93.81,0.17
2548,2021-03-24,LIG,9181,4034,5147,5809,3287,85,ITC,ITC3,7,Liguria,Liguria,1550640,1463826,94.4,0.59
2549,2021-07-02,LIG,12912,6340,6572,6420,6461,31,ITC,ITC3,7,Liguria,Liguria,1550640,1476738,95.23,0.83
2550,2020-12-31,LIG,990,353,637,990,0,0,ITC,ITC3,7,Liguria,Liguria,1550640,1477728,95.3,0.06
2551,2021-04-10,LIG,7888,3561,4327,6890,914,84,ITC,ITC3,7,Liguria,Liguria,1550640,1485616,95.81,0.51
2552,2021-01-17,LIG,866,301,565,865,0,1,ITC,ITC3,7,Liguria,Liguria,1550640,1486482,95.86,0.06
2553,2021-05-07,UMB,10098,4699,5399,6703,3191,204,ITI,ITI2,10,Umbria,Umbria,882015,10098,1.14,1.14
2554,2021-06-02,UMB,3914,1881,2033,3874,40,0,ITI,ITI2,10,Umbria,Umbria,882015,14012,1.59,0.44
2555,2021-02-20,UMB,283,101,182,259,24,0,ITI,ITI2,10,Umbria,Umbria,882015,14295,1.62,0.03
2556,2021-03-09,UMB,4088,2000,2088,2791,1288,9,ITI,ITI2,10,Umbria,Umbria,882015,18383,2.08,0.46
2557,2021-04-23,UMB,6612,2784,3828,3297,3120,195,ITI,ITI2,10,Umbria,Umbria,882015,24995,2.83,0.75
2558,2021-02-25,UMB,1332,495,837,1272,52,8,ITI,ITI2,10,Umbria,Umbria,882015,26327,2.98,0.15
2559,2021-03-11,UMB,3582,1722,1860,2564,1006,12,ITI,ITI2,10,Umbria,Umbria,882015,29909,3.39,0.41
2560,2021-01-13,UMB,449,139,310,449,0,0,ITI,ITI2,10,Umbria,Umbria,882015,30358,3.44,0.05
2561,2021-06-19,UMB,4568,2199,2369,2538,2030,0,ITI,ITI2,10,Umbria,Umbria,882015,34926,3.96,0.52
2562,2021-01-06,UMB,846,325,521,846,0,0,ITI,ITI2,10,Umbria,Umbria,882015,35772,4.06,0.1
2563,2021-06-12,UMB,7708,3683,4025,6130,1577,1,ITI,ITI2,10,Umbria,Umbria,882015,43480,4.93,0.87
2564,2021-04-16,UMB,8097,3740,4357,6082,1838,177,ITI,ITI2,10,Umbria,Umbria,882015,51577,5.85,0.92
2565,2021-04-30,UMB,6252,2971,3281,2734,3397,121,ITI,ITI2,10,Umbria,Umbria,882015,57829,6.56,0.71
2566,2021-03-04,UMB,4484,1855,2629,3643,827,14,ITI,ITI2,10,Umbria,Umbria,882015,62313,7.06,0.51
2567,2021-01-20,UMB,602,221,381,602,0,0,ITI,ITI2,10,Umbria,Umbria,882015,62915,7.13,0.07
2568,2021-03-23,UMB,3823,1712,2111,2157,1629,37,ITI,ITI2,10,Umbria,Umbria,882015,66738,7.57,0.43
2569,2021-07-01,UMB,9660,4784,4876,3360,6259,41,ITI,ITI2,10,Umbria,Umbria,882015,76398,8.66,1.1
2570,2021-02-08,UMB,635,203,432,88,547,0,ITI,ITI2,10,Umbria,Umbria,882015,77033,8.73,0.07
2571,2021-05-19,UMB,9418,4215,5203,5589,3743,86,ITI,ITI2,10,Umbria,Umbria,882015,86451,9.8,1.07
2572,2021-02-06,UMB,396,138,258,34,362,0,ITI,ITI2,10,Umbria,Umbria,882015,86847,9.85,0.04
2573,2021-04-06,UMB,5287,2165,3122,2863,2387,37,ITI,ITI2,10,Umbria,Umbria,882015,92134,10.45,0.6
2574,2021-03-28,UMB,1095,441,654,1040,24,31,ITI,ITI2,10,Umbria,Umbria,882015,93229,10.57,0.12
2575,2021-01-30,UMB,1575,486,1089,44,1531,0,ITI,ITI2,10,Umbria,Umbria,882015,94804,10.75,0.18
2576,2021-07-03,UMB,6451,3236,3215,2922,3474,55,ITI,ITI2,10,Umbria,Umbria,882015,101255,11.48,0.73
2577,2021-02-13,UMB,114,27,87,111,3,0,ITI,ITI2,10,Umbria,Umbria,882015,101369,11.49,0.01
2578,2021-05-24,UMB,9055,4509,4546,8008,879,168,ITI,ITI2,10,Umbria,Umbria,882015,110424,12.52,1.03
2579,2021-04-18,UMB,1531,681,850,578,930,23,ITI,ITI2,10,Umbria,Umbria,882015,111955,12.69,0.17
2580,2021-01-11,UMB,1303,341,962,1303,0,0,ITI,ITI2,10,Umbria,Umbria,882015,113258,12.84,0.15
2581,2021-05-05,UMB,7210,3300,3910,3826,3304,80,ITI,ITI2,10,Umbria,Umbria,882015,120468,13.66,0.82
2582,2021-01-25,UMB,648,323,325,5,643,0,ITI,ITI2,10,Umbria,Umbria,882015,121116,13.73,0.07
2583,2021-06-14,UMB,5378,2745,2633,3368,2010,0,ITI,ITI2,10,Umbria,Umbria,882015,126494,14.34,0.61
2584,2021-03-18,UMB,2965,1171,1794,1699,1262,4,ITI,ITI2,10,Umbria,Umbria,882015,129459,14.68,0.34
2585,2021-06-26,UMB,9304,4726,4578,5685,3619,0,ITI,ITI2,10,Umbria,Umbria,882015,138763,15.73,1.05
2586,2021-07-10,UMB,7660,3801,3859,70,7582,8,ITI,ITI2,10,Umbria,Umbria,882015,146423,16.6,0.87
2587,2021-04-20,UMB,5450,2364,3086,3430,1947,73,ITI,ITI2,10,Umbria,Umbria,882015,151873,17.22,0.62
2588,2021-01-27,UMB,840,330,510,13,827,0,ITI,ITI2,10,Umbria,Umbria,882015,152713,17.31,0.1
2589,2021-05-31,UMB,5809,2842,2967,4847,884,78,ITI,ITI2,10,Umbria,Umbria,882015,158522,17.97,0.66
2590,2021-05-14,UMB,5326,2508,2818,3353,1817,156,ITI,ITI2,10,Umbria,Umbria,882015,163848,18.58,0.6
2591,2021-02-01,UMB,1284,341,943,48,1236,0,ITI,ITI2,10,Umbria,Umbria,882015,165132,18.72,0.15
2592,2021-02-18,UMB,1496,582,914,1029,466,1,ITI,ITI2,10,Umbria,Umbria,882015,166628,18.89,0.17
2593,2021-06-30,UMB,10463,5293,5170,3761,6702,0,ITI,ITI2,10,Umbria,Umbria,882015,177091,20.08,1.19
2594,2021-07-07,UMB,9394,4449,4945,87,9283,24,ITI,ITI2,10,Umbria,Umbria,882015,186485,21.14,1.07
2595,2021-05-26,UMB,9646,4564,5082,8204,1250,192,ITI,ITI2,10,Umbria,Umbria,882015,196131,22.24,1.09
2596,2021-05-28,UMB,9584,4435,5149,7108,2295,181,ITI,ITI2,10,Umbria,Umbria,882015,205715,23.32,1.09
2597,2021-04-15,UMB,7637,3493,4144,5680,1887,70,ITI,ITI2,10,Umbria,Umbria,882015,213352,24.19,0.87
2598,2021-02-17,UMB,1618,748,870,1266,351,1,ITI,ITI2,10,Umbria,Umbria,882015,214970,24.37,0.18
2599,2021-01-01,UMB,273,104,169,273,0,0,ITI,ITI2,10,Umbria,Umbria,882015,215243,24.4,0.03
2600,2021-04-11,UMB,3097,1504,1593,3031,49,17,ITI,ITI2,10,Umbria,Umbria,882015,218340,24.75,0.35
2601,2021-01-18,UMB,613,218,395,529,84,0,ITI,ITI2,10,Umbria,Umbria,882015,218953,24.82,0.07
2602,2021-05-30,UMB,5982,2999,2983,5665,202,115,ITI,ITI2,10,Umbria,Umbria,882015,224935,25.5,0.68
2603,2021-03-08,UMB,3696,1822,1874,2323,1361,12,ITI,ITI2,10,Umbria,Umbria,882015,228631,25.92,0.42
2604,2021-06-16,UMB,6315,3092,3223,3221,3093,1,ITI,ITI2,10,Umbria,Umbria,882015,234946,26.64,0.72
2605,2021-03-25,UMB,3928,1724,2204,2820,1063,45,ITI,ITI2,10,Umbria,Umbria,882015,238874,27.08,0.45
2606,2021-07-08,UMB,9458,4580,4878,171,9242,45,ITI,ITI2,10,Umbria,Umbria,882015,248332,28.16,1.07
2607,2021-05-12,UMB,6487,3024,3463,4193,2146,148,ITI,ITI2,10,Umbria,Umbria,882015,254819,28.89,0.74
2608,2021-03-30,UMB,3976,1729,2247,2400,1540,36,ITI,ITI2,10,Umbria,Umbria,882015,258795,29.34,0.45
2609,2020-12-27,UMB,84,44,40,84,0,0,ITI,ITI2,10,Umbria,Umbria,882015,258879,29.35,0.01
2610,2021-02-22,UMB,1889,807,1082,1803,86,0,ITI,ITI2,10,Umbria,Umbria,882015,260768,29.57,0.21
2611,2021-04-04,UMB,57,20,37,22,35,0,ITI,ITI2,10,Umbria,Umbria,882015,260825,29.57,0.01
2612,2021-06-07,UMB,6942,3425,3517,6248,694,0,ITI,ITI2,10,Umbria,Umbria,882015,267767,30.36,0.79
2613,2021-03-16,UMB,3538,1454,2084,1909,1627,2,ITI,ITI2,10,Umbria,Umbria,882015,271305,30.76,0.4
2614,2021-02-27,UMB,1658,354,1304,1642,16,0,ITI,ITI2,10,Umbria,Umbria,882015,272963,30.95,0.19
2615,2021-04-03,UMB,2097,712,1385,1034,1052,11,ITI,ITI2,10,Umbria,Umbria,882015,275060,31.19,0.24
2616,2021-07-12,UMB,4498,2164,2334,106,4383,9,ITI,ITI2,10,Umbria,Umbria,882015,279558,31.7,0.51
2617,2021-04-25,UMB,4357,1684,2673,3866,82,409,ITI,ITI2,10,Umbria,Umbria,882015,283915,32.19,0.49
2618,2021-06-21,UMB,7495,3927,3568,5158,2337,0,ITI,ITI2,10,Umbria,Umbria,882015,291410,33.04,0.85
2619,2021-01-10,UMB,1065,274,791,1065,0,0,ITI,ITI2,10,Umbria,Umbria,882015,292475,33.16,0.12
2620,2021-05-21,UMB,8969,3667,5302,4058,4828,83,ITI,ITI2,10,Umbria,Umbria,882015,301444,34.18,1.02
2621,2021-05-04,UMB,5536,2543,2993,2352,3124,60,ITI,ITI2,10,Umbria,Umbria,882015,306980,34.8,0.63
2622,2021-04-01,UMB,4372,1837,2535,2327,2009,36,ITI,ITI2,10,Umbria,Umbria,882015,311352,35.3,0.5
2623,2021-03-01,UMB,1504,774,730,1384,114,6,ITI,ITI2,10,Umbria,Umbria,882015,312856,35.47,0.17
2624,2021-06-09,UMB,8063,3908,4155,7341,722,0,ITI,ITI2,10,Umbria,Umbria,882015,320919,36.38,0.91
2625,2021-06-23,UMB,11195,5717,5478,7796,3399,0,ITI,ITI2,10,Umbria,Umbria,882015,332114,37.65,1.27
2626,2021-03-15,UMB,4594,1938,2656,2825,1766,3,ITI,ITI2,10,Umbria,Umbria,882015,336708,38.17,0.52
2627,2021-02-10,UMB,714,348,366,699,15,0,ITI,ITI2,10,Umbria,Umbria,882015,337422,38.26,0.08
2628,2021-05-16,UMB,5218,2492,2726,5087,49,82,ITI,ITI2,10,Umbria,Umbria,882015,342640,38.85,0.59
2629,2021-04-27,UMB,5664,2401,3263,3054,2578,32,ITI,ITI2,10,Umbria,Umbria,882015,348304,39.49,0.64
2630,2021-02-03,UMB,724,174,550,67,657,0,ITI,ITI2,10,Umbria,Umbria,882015,349028,39.57,0.08
2631,2021-05-11,UMB,6234,2833,3401,3900,2193,141,ITI,ITI2,10,Umbria,Umbria,882015,355262,40.28,0.71
2632,2021-06-11,UMB,6909,3468,3441,6143,766,0,ITI,ITI2,10,Umbria,Umbria,882015,362171,41.06,0.78
2633,2021-04-08,UMB,5863,2509,3354,4006,1789,68,ITI,ITI2,10,Umbria,Umbria,882015,368034,41.73,0.66
2634,2021-06-04,UMB,8909,4402,4507,7710,1197,2,ITI,ITI2,10,Umbria,Umbria,882015,376943,42.74,1.01
2635,2021-04-13,UMB,7675,3397,4278,5918,1668,89,ITI,ITI2,10,Umbria,Umbria,882015,384618,43.61,0.87
2636,2021-02-15,UMB,1367,692,675,1364,1,2,ITI,ITI2,10,Umbria,Umbria,882015,385985,43.76,0.15
2637,2021-01-03,UMB,270,112,158,270,0,0,ITI,ITI2,10,Umbria,Umbria,882015,386255,43.79,0.03
2638,2021-04-22,UMB,5447,2247,3200,2702,2665,80,ITI,ITI2,10,Umbria,Umbria,882015,391702,44.41,0.62
2639,2021-03-06,UMB,4304,1146,3158,4134,138,32,ITI,ITI2,10,Umbria,Umbria,882015,396006,44.9,0.49
2640,2021-01-22,UMB,276,105,171,32,244,0,ITI,ITI2,10,Umbria,Umbria,882015,396282,44.93,0.03
2641,2021-06-28,UMB,9678,4783,4895,3779,5899,0,ITI,ITI2,10,Umbria,Umbria,882015,405960,46.03,1.1
2642,2021-05-02,UMB,3780,1866,1914,1294,2454,32,ITI,ITI2,10,Umbria,Umbria,882015,409740,46.45,0.43
2643,2021-03-20,UMB,2319,845,1474,2290,25,4,ITI,ITI2,10,Umbria,Umbria,882015,412059,46.72,0.26
2644,2021-01-08,UMB,1187,344,843,1187,0,0,ITI,ITI2,10,Umbria,Umbria,882015,413246,46.85,0.13
2645,2021-05-23,UMB,5068,1854,3214,635,4416,17,ITI,ITI2,10,Umbria,Umbria,882015,418314,47.43,0.57
2646,2021-03-13,UMB,1734,523,1211,1485,249,0,ITI,ITI2,10,Umbria,Umbria,882015,420048,47.62,0.2
2647,2021-01-15,UMB,695,213,482,695,0,0,ITI,ITI2,10,Umbria,Umbria,882015,420743,47.7,0.08
2648,2021-01-29,UMB,1230,348,882,79,1151,0,ITI,ITI2,10,Umbria,Umbria,882015,421973,47.84,0.14
2649,2021-05-09,UMB,5753,2752,3001,5242,391,120,ITI,ITI2,10,Umbria,Umbria,882015,427726,48.49,0.65
2650,2021-07-09,UMB,9405,4544,4861,117,9274,14,ITI,ITI2,10,Umbria,Umbria,882015,437131,49.56,1.07
2651,2021-01-24,UMB,258,106,152,1,257,0,ITI,ITI2,10,Umbria,Umbria,882015,437389,49.59,0.03
2652,2021-06-08,UMB,7375,3640,3735,6829,544,2,ITI,ITI2,10,Umbria,Umbria,882015,444764,50.43,0.84
2653,2021-02-05,UMB,780,234,546,18,762,0,ITI,ITI2,10,Umbria,Umbria,882015,445544,50.51,0.09
2654,2021-07-04,UMB,3406,1740,1666,2410,967,29,ITI,ITI2,10,Umbria,Umbria,882015,448950,50.9,0.39
2655,2021-04-12,UMB,7084,3081,4003,5310,1717,57,ITI,ITI2,10,Umbria,Umbria,882015,456034,51.7,0.8
2656,2021-01-19,UMB,102,23,79,102,0,0,ITI,ITI2,10,Umbria,Umbria,882015,456136,51.72,0.01
2657,2021-04-29,UMB,5214,2248,2966,2805,2320,89,ITI,ITI2,10,Umbria,Umbria,882015,461350,52.31,0.59
2658,2021-03-24,UMB,4104,1792,2312,2744,1323,37,ITI,ITI2,10,Umbria,Umbria,882015,465454,52.77,0.47
2659,2021-07-02,UMB,8691,4300,4391,3047,5554,90,ITI,ITI2,10,Umbria,Umbria,882015,474145,53.76,0.99
2660,2021-04-10,UMB,7389,3477,3912,7173,84,132,ITI,ITI2,10,Umbria,Umbria,882015,481534,54.59,0.84
2661,2021-01-17,UMB,54,17,37,54,0,0,ITI,ITI2,10,Umbria,Umbria,882015,481588,54.6,0.01
2662,2021-06-13,UMB,6763,3556,3207,6532,230,1,ITI,ITI2,10,Umbria,Umbria,882015,488351,55.37,0.77
2663,2021-05-01,UMB,5370,2638,2732,2096,3230,44,ITI,ITI2,10,Umbria,Umbria,882015,493721,55.98,0.61
2664,2021-03-05,UMB,4618,1402,3216,3947,656,15,ITI,ITI2,10,Umbria,Umbria,882015,498339,56.5,0.52
2665,2021-03-03,UMB,4431,1770,2661,3718,710,3,ITI,ITI2,10,Umbria,Umbria,882015,502770,57.0,0.5
2666,2021-04-17,UMB,6676,3069,3607,5171,1340,165,ITI,ITI2,10,Umbria,Umbria,882015,509446,57.76,0.76
2667,2021-01-05,UMB,854,429,425,854,0,0,ITI,ITI2,10,Umbria,Umbria,882015,510300,57.86,0.1
2668,2021-05-20,UMB,9831,4585,5246,6100,3650,81,ITI,ITI2,10,Umbria,Umbria,882015,520131,58.97,1.11
2669,2020-12-31,UMB,322,127,195,322,0,0,ITI,ITI2,10,Umbria,Umbria,882015,520453,59.01,0.04
2670,2021-06-15,UMB,5967,3007,2960,3900,2067,0,ITI,ITI2,10,Umbria,Umbria,882015,526420,59.68,0.68
2671,2021-06-17,UMB,6944,3518,3426,4881,2055,8,ITI,ITI2,10,Umbria,Umbria,882015,533364,60.47,0.79
2672,2021-03-26,UMB,4588,1712,2876,4345,172,71,ITI,ITI2,10,Umbria,Umbria,882015,537952,60.99,0.52
2673,2021-01-02,UMB,304,111,193,304,0,0,ITI,ITI2,10,Umbria,Umbria,882015,538256,61.03,0.03
2674,2021-03-07,UMB,845,180,665,837,7,1,ITI,ITI2,10,Umbria,Umbria,882015,539101,61.12,0.1
2675,2021-05-29,UMB,7855,3610,4245,6175,1566,114,ITI,ITI2,10,Umbria,Umbria,882015,546956,62.01,0.89
2676,2021-06-27,UMB,7456,3730,3726,1768,5688,0,ITI,ITI2,10,Umbria,Umbria,882015,554412,62.86,0.85
2677,2021-03-29,UMB,3629,1599,2030,2151,1420,58,ITI,ITI2,10,Umbria,Umbria,882015,558041,63.27,0.41
2678,2021-01-31,UMB,1058,276,782,25,1033,0,ITI,ITI2,10,Umbria,Umbria,882015,559099,63.39,0.12
2679,2021-05-25,UMB,8812,4300,4512,7584,1062,166,ITI,ITI2,10,Umbria,Umbria,882015,567911,64.39,1.0
2680,2021-05-18,UMB,7741,3353,4388,3822,3837,82,ITI,ITI2,10,Umbria,Umbria,882015,575652,65.27,0.88
2681,2021-03-22,UMB,3560,1655,1905,2304,1246,10,ITI,ITI2,10,Umbria,Umbria,882015,579212,65.67,0.4
2682,2021-04-05,UMB,4248,1728,2520,2181,2055,12,ITI,ITI2,10,Umbria,Umbria,882015,583460,66.15,0.48
2683,2021-06-20,UMB,6212,3000,3212,1585,4627,0,ITI,ITI2,10,Umbria,Umbria,882015,589672,66.86,0.7
2684,2021-04-24,UMB,4561,1961,2600,3276,1182,103,ITI,ITI2,10,Umbria,Umbria,882015,594233,67.37,0.52
2685,2021-01-12,UMB,834,247,587,834,0,0,ITI,ITI2,10,Umbria,Umbria,882015,595067,67.47,0.09
2686,2021-03-14,UMB,66,48,18,66,0,0,ITI,ITI2,10,Umbria,Umbria,882015,595133,67.47,0.01
2687,2021-06-22,UMB,8030,4077,3953,5245,2784,1,ITI,ITI2,10,Umbria,Umbria,882015,603163,68.38,0.91
2688,2021-03-12,UMB,2694,1081,1613,2191,495,8,ITI,ITI2,10,Umbria,Umbria,882015,605857,68.69,0.31
2689,2021-03-17,UMB,3329,1313,2016,1855,1472,2,ITI,ITI2,10,Umbria,Umbria,882015,609186,69.07,0.38
2690,2021-01-07,UMB,1300,387,913,1300,0,0,ITI,ITI2,10,Umbria,Umbria,882015,610486,69.21,0.15
2691,2021-06-25,UMB,10096,5225,4871,5380,4715,1,ITI,ITI2,10,Umbria,Umbria,882015,620582,70.36,1.14
2692,2021-01-26,UMB,815,389,426,17,798,0,ITI,ITI2,10,Umbria,Umbria,882015,621397,70.45,0.09
2693,2021-02-12,UMB,670,224,446,664,6,0,ITI,ITI2,10,Umbria,Umbria,882015,622067,70.53,0.08
2694,2021-02-26,UMB,660,253,407,650,8,2,ITI,ITI2,10,Umbria,Umbria,882015,622727,70.6,0.07
2695,2021-06-06,UMB,7608,3904,3704,6913,693,2,ITI,ITI2,10,Umbria,Umbria,882015,630335,71.47,0.86
2696,2021-02-24,UMB,1518,563,955,1503,15,0,ITI,ITI2,10,Umbria,Umbria,882015,631853,71.64,0.17
2697,2021-07-06,UMB,8576,4084,4492,145,8410,21,ITI,ITI2,10,Umbria,Umbria,882015,640429,72.61,0.97
2698,2021-05-10,UMB,5977,2793,3184,3761,2148,68,ITI,ITI2,10,Umbria,Umbria,882015,646406,73.29,0.68
2699,2021-05-08,UMB,8128,3739,4389,4793,3226,109,ITI,ITI2,10,Umbria,Umbria,882015,654534,74.21,0.92
2700,2021-01-28,UMB,1248,394,854,19,1229,0,ITI,ITI2,10,Umbria,Umbria,882015,655782,74.35,0.14
2701,2021-05-03,UMB,5086,2270,2816,2098,2887,101,ITI,ITI2,10,Umbria,Umbria,882015,660868,74.93,0.58
2702,2021-01-23,UMB,280,100,180,2,278,0,ITI,ITI2,10,Umbria,Umbria,882015,661148,74.96,0.03
2703,2021-01-21,UMB,608,202,406,338,269,1,ITI,ITI2,10,Umbria,Umbria,882015,661756,75.03,0.07
2704,2021-03-31,UMB,3897,1728,2169,2179,1686,32,ITI,ITI2,10,Umbria,Umbria,882015,665653,75.47,0.44
2705,2021-02-16,UMB,1308,655,653,1299,9,0,ITI,ITI2,10,Umbria,Umbria,882015,666961,75.62,0.15
2706,2021-05-27,UMB,9964,4862,5102,8472,1317,175,ITI,ITI2,10,Umbria,Umbria,882015,676925,76.75,1.13
2707,2021-01-04,UMB,809,398,411,809,0,0,ITI,ITI2,10,Umbria,Umbria,882015,677734,76.84,0.09
2708,2021-04-14,UMB,8151,3679,4472,6095,1979,77,ITI,ITI2,10,Umbria,Umbria,882015,685885,77.76,0.92
2709,2021-06-03,UMB,9035,4466,4569,8747,288,0,ITI,ITI2,10,Umbria,Umbria,882015,694920,78.79,1.02
2710,2021-04-07,UMB,5571,2291,3280,3481,2005,85,ITI,ITI2,10,Umbria,Umbria,882015,700491,79.42,0.63
2711,2021-02-23,UMB,1691,657,1034,1649,42,0,ITI,ITI2,10,Umbria,Umbria,882015,702182,79.61,0.19
2712,2021-02-07,UMB,54,17,37,1,53,0,ITI,ITI2,10,Umbria,Umbria,882015,702236,79.62,0.01
2713,2021-07-14,UMB,2854,1389,1465,1228,1480,146,ITI,ITI2,10,Umbria,Umbria,882015,705090,79.94,0.32
2714,2021-02-11,UMB,839,348,491,834,5,0,ITI,ITI2,10,Umbria,Umbria,882015,705929,80.04,0.1
2715,2021-05-22,UMB,6960,2752,4208,2594,4319,47,ITI,ITI2,10,Umbria,Umbria,882015,712889,80.83,0.79
2716,2021-07-11,UMB,5864,2956,2908,84,5779,1,ITI,ITI2,10,Umbria,Umbria,882015,718753,81.49,0.66
2717,2021-04-02,UMB,4343,1778,2565,3545,755,43,ITI,ITI2,10,Umbria,Umbria,882015,723096,81.98,0.49
2718,2021-01-09,UMB,1717,495,1222,1717,0,0,ITI,ITI2,10,Umbria,Umbria,882015,724813,82.18,0.19
2719,2021-04-19,UMB,5033,2226,2807,2930,2048,55,ITI,ITI2,10,Umbria,Umbria,882015,729846,82.75,0.57
2720,2021-03-21,UMB,675,338,337,672,0,3,ITI,ITI2,10,Umbria,Umbria,882015,730521,82.82,0.08
2721,2021-06-29,UMB,9864,5025,4839,4188,5676,0,ITI,ITI2,10,Umbria,Umbria,882015,740385,83.94,1.12
2722,2021-05-17,UMB,6368,3060,3308,4139,2177,52,ITI,ITI2,10,Umbria,Umbria,882015,746753,84.66,0.72
2723,2021-01-14,UMB,722,192,530,722,0,0,ITI,ITI2,10,Umbria,Umbria,882015,747475,84.75,0.08
2724,2021-03-19,UMB,1740,565,1175,1079,656,5,ITI,ITI2,10,Umbria,Umbria,882015,749215,84.94,0.2
2725,2021-05-06,UMB,9448,4313,5135,6010,3314,124,ITI,ITI2,10,Umbria,Umbria,882015,758663,86.01,1.07
2726,2021-06-10,UMB,7458,3718,3740,6684,774,0,ITI,ITI2,10,Umbria,Umbria,882015,766121,86.86,0.85
2727,2021-07-13,UMB,4171,1981,2190,79,4086,6,ITI,ITI2,10,Umbria,Umbria,882015,770292,87.33,0.47
2728,2021-04-21,UMB,5321,2316,3005,3055,2227,39,ITI,ITI2,10,Umbria,Umbria,882015,775613,87.94,0.6
2729,2021-03-02,UMB,3641,1346,2295,3634,4,3,ITI,ITI2,10,Umbria,Umbria,882015,779254,88.35,0.41
2730,2021-06-05,UMB,8221,3775,4446,5565,2654,2,ITI,ITI2,10,Umbria,Umbria,882015,787475,89.28,0.93
2731,2021-06-24,UMB,10132,5110,5022,6142,3990,0,ITI,ITI2,10,Umbria,Umbria,882015,797607,90.43,1.15
2732,2021-03-27,UMB,4251,1513,2738,3855,340,56,ITI,ITI2,10,Umbria,Umbria,882015,801858,90.91,0.48
2733,2021-06-18,UMB,4758,2346,2412,1604,3153,1,ITI,ITI2,10,Umbria,Umbria,882015,806616,91.45,0.54
2734,2021-07-05,UMB,8395,4068,4327,162,8227,6,ITI,ITI2,10,Umbria,Umbria,882015,815011,92.4,0.95
2735,2021-05-13,UMB,5914,2657,3257,3701,2083,130,ITI,ITI2,10,Umbria,Umbria,882015,820925,93.07,0.67
2736,2021-02-19,UMB,743,293,450,525,217,1,ITI,ITI2,10,Umbria,Umbria,882015,821668,93.16,0.08
2737,2021-06-01,UMB,4381,2089,2292,4226,155,0,ITI,ITI2,10,Umbria,Umbria,882015,826049,93.65,0.5
2738,2021-03-10,UMB,4031,1943,2088,2760,1256,15,ITI,ITI2,10,Umbria,Umbria,882015,830080,94.11,0.46
2739,2021-01-16,UMB,217,71,146,216,0,1,ITI,ITI2,10,Umbria,Umbria,882015,830297,94.14,0.02
2740,2021-02-02,UMB,942,272,670,32,910,0,ITI,ITI2,10,Umbria,Umbria,882015,831239,94.24,0.11
2741,2021-04-26,UMB,5394,2340,3054,3103,2251,40,ITI,ITI2,10,Umbria,Umbria,882015,836633,94.85,0.61
2742,2021-04-09,UMB,6731,3126,3605,6406,209,116,ITI,ITI2,10,Umbria,Umbria,882015,843364,95.62,0.76
2743,2021-04-28,UMB,5381,2327,3054,2940,2395,46,ITI,ITI2,10,Umbria,Umbria,882015,848745,96.23,0.61
2744,2021-02-04,UMB,733,226,507,25,708,0,ITI,ITI2,10,Umbria,Umbria,882015,849478,96.31,0.08
2745,2021-05-15,UMB,4990,1882,3108,1764,3164,62,ITI,ITI2,10,Umbria,Umbria,882015,854468,96.88,0.57
2746,2021-06-20,PAB,5232,2845,2387,615,4593,24,ITH,ITH1,4,Provincia Autonoma Bolzano / Bozen,P.A. Bolzano,533050,5232,0.98,0.98
2747,2021-02-07,PAB,2362,1058,1304,14,2348,0,ITH,ITH1,4,Provincia Autonoma Bolzano / Bozen,P.A. Bolzano,533050,7594,1.42,0.44
2748,2021-05-18,PAB,3343,1754,1589,2135,1186,22,ITH,ITH1,4,Provincia Autonoma Bolzano / Bozen,P.A. Bolzano,533050,10937,2.05,0.63
2749,2021-03-22,PAB,1144,523,621,1138,5,1,ITH,ITH1,4,Provincia Autonoma Bolzano / Bozen,P.A. Bolzano,533050,12081,2.27,0.21
2750,2021-01-24,PAB,12,10,2,0,12,0,ITH,ITH1,4,Provincia Autonoma Bolzano / Bozen,P.A. Bolzano,533050,12093,2.27,0.0
2751,2021-07-04,PAB,4412,2129,2283,188,4224,0,ITH,ITH1,4,Provincia Autonoma Bolzano / Bozen,P.A. Bolzano,533050,16505,3.1,0.83
2752,2021-06-06,PAB,4535,2178,2357,858,3677,0,ITH,ITH1,4,Provincia Autonoma Bolzano / Bozen,P.A. Bolzano,533050,21040,3.95,0.85
2753,2021-02-26,PAB,1527,551,976,1494,30,3,ITH,ITH1,4,Provincia Autonoma Bolzano / Bozen,P.A. Bolzano,533050,22567,4.23,0.29
2754,2021-06-01,PAB,3634,2364,1270,2162,1472,0,ITH,ITH1,4,Provincia Autonoma Bolzano / Bozen,P.A. Bolzano,533050,26201,4.92,0.68
2755,2021-02-19,PAB,2252,512,1740,2241,11,0,ITH,ITH1,4,Provincia Autonoma Bolzano / Bozen,P.A. Bolzano,533050,28453,5.34,0.42
2756,2021-02-12,PAB,730,217,513,482,248,0,ITH,ITH1,4,Provincia Autonoma Bolzano / Bozen,P.A. Bolzano,533050,29183,5.47,0.14
2757,2021-04-10,PAB,5396,2666,2730,4802,588,6,ITH,ITH1,4,Provincia Autonoma Bolzano / Bozen,P.A. Bolzano,533050,34579,6.49,1.01
2758,2020-12-31,PAB,913,519,394,913,0,0,ITH,ITH1,4,Provincia Autonoma Bolzano / Bozen,P.A. Bolzano,533050,35492,6.66,0.17
2759,2021-04-19,PAB,1873,859,1014,1689,182,2,ITH,ITH1,4,Provincia Autonoma Bolzano / Bozen,P.A. Bolzano,533050,37365,7.01,0.35
2760,2021-06-15,PAB,2023,1167,856,492,1531,0,ITH,ITH1,4,Provincia Autonoma Bolzano / Bozen,P.A. Bolzano,533050,39388,7.39,0.38
2761,2021-04-17,PAB,5239,2602,2637,5184,44,11,ITH,ITH1,4,Provincia Autonoma Bolzano / Bozen,P.A. Bolzano,533050,44627,8.37,0.98
2762,2021-01-07,PAB,918,327,591,918,0,0,ITH,ITH1,4,Provincia Autonoma Bolzano / Bozen,P.A. Bolzano,533050,45545,8.54,0.17
2763,2021-04-24,PAB,5110,2452,2658,4607,485,18,ITH,ITH1,4,Provincia Autonoma Bolzano / Bozen,P.A. Bolzano,533050,50655,9.5,0.96
2764,2021-07-14,PAB,209,107,102,0,209,0,ITH,ITH1,4,Provincia Autonoma Bolzano / Bozen,P.A. Bolzano,533050,50864,9.54,0.04
2765,2021-04-05,PAB,301,144,157,22,278,1,ITH,ITH1,4,Provincia Autonoma Bolzano / Bozen,P.A. Bolzano,533050,51165,9.6,0.06
2766,2021-06-27,PAB,4425,2314,2111,618,3807,0,ITH,ITH1,4,Provincia Autonoma Bolzano / Bozen,P.A. Bolzano,533050,55590,10.43,0.83
2767,2021-01-12,PAB,1709,459,1250,1709,0,0,ITH,ITH1,4,Provincia Autonoma Bolzano / Bozen,P.A. Bolzano,533050,57299,10.75,0.32
2768,2021-05-20,PAB,4916,2472,2444,3419,1469,28,ITH,ITH1,4,Provincia Autonoma Bolzano / Bozen,P.A. Bolzano,533050,62215,11.67,0.92
2769,2021-07-09,PAB,4994,2482,2512,855,4139,0,ITH,ITH1,4,Provincia Autonoma Bolzano / Bozen,P.A. Bolzano,533050,67209,12.61,0.94
2770,2021-03-31,PAB,1832,694,1138,821,1011,0,ITH,ITH1,4,Provincia Autonoma Bolzano / Bozen,P.A. Bolzano,533050,69041,12.95,0.34
2771,2021-01-26,PAB,810,291,519,1,809,0,ITH,ITH1,4,Provincia Autonoma Bolzano / Bozen,P.A. Bolzano,533050,69851,13.1,0.15
2772,2021-07-02,PAB,3195,1657,1538,1023,2172,0,ITH,ITH1,4,Provincia Autonoma Bolzano / Bozen,P.A. Bolzano,533050,73046,13.7,0.6
2773,2021-03-24,PAB,2064,999,1065,2049,13,2,ITH,ITH1,4,Provincia Autonoma Bolzano / Bozen,P.A. Bolzano,533050,75110,14.09,0.39
2774,2021-03-10,PAB,1268,529,739,1123,143,2,ITH,ITH1,4,Provincia Autonoma Bolzano / Bozen,P.A. Bolzano,533050,76378,14.33,0.24
2775,2021-05-06,PAB,5181,2747,2434,2590,2568,23,ITH,ITH1,4,Provincia Autonoma Bolzano / Bozen,P.A. Bolzano,533050,81559,15.3,0.97
2776,2021-05-01,PAB,2104,1067,1037,1940,160,4,ITH,ITH1,4,Provincia Autonoma Bolzano / Bozen,P.A. Bolzano,533050,83663,15.7,0.39
2777,2021-03-12,PAB,1664,734,930,1250,413,1,ITH,ITH1,4,Provincia Autonoma Bolzano / Bozen,P.A. Bolzano,533050,85327,16.01,0.31
2778,2021-03-29,PAB,1171,499,672,411,759,1,ITH,ITH1,4,Provincia Autonoma Bolzano / Bozen,P.A. Bolzano,533050,86498,16.23,0.22
2779,2021-03-05,PAB,1840,625,1215,1395,443,2,ITH,ITH1,4,Provincia Autonoma Bolzano / Bozen,P.A. Bolzano,533050,88338,16.57,0.35
2780,2021-05-27,PAB,6146,3236,2910,4079,2010,57,ITH,ITH1,4,Provincia Autonoma Bolzano / Bozen,P.A. Bolzano,533050,94484,17.73,1.15
2781,2021-06-13,PAB,3682,2049,1633,490,3192,0,ITH,ITH1,4,Provincia Autonoma Bolzano / Bozen,P.A. Bolzano,533050,98166,18.42,0.69
2782,2021-05-25,PAB,3859,2000,1859,2955,886,18,ITH,ITH1,4,Provincia Autonoma Bolzano / Bozen,P.A. Bolzano,533050,102025,19.14,0.72
2783,2021-02-14,PAB,297,130,167,297,0,0,ITH,ITH1,4,Provincia Autonoma Bolzano / Bozen,P.A. Bolzano,533050,102322,19.2,0.06
2784,2021-05-08,PAB,4427,2382,2045,3749,663,15,ITH,ITH1,4,Provincia Autonoma Bolzano / Bozen,P.A. Bolzano,533050,106749,20.03,0.83
2785,2021-03-03,PAB,1181,395,786,1168,13,0,ITH,ITH1,4,Provincia Autonoma Bolzano / Bozen,P.A. Bolzano,533050,107930,20.25,0.22
2786,2021-05-15,PAB,7005,3691,3314,6679,294,32,ITH,ITH1,4,Provincia Autonoma Bolzano / Bozen,P.A. Bolzano,533050,114935,21.56,1.31
2787,2021-02-04,PAB,1958,593,1365,8,1950,0,ITH,ITH1,4,Provincia Autonoma Bolzano / Bozen,P.A. Bolzano,533050,116893,21.93,0.37
2788,2021-07-11,PAB,5935,3025,2910,1074,4861,0,ITH,ITH1,4,Provincia Autonoma Bolzano / Bozen,P.A. Bolzano,533050,122828,23.04,1.11
2789,2021-06-08,PAB,4187,2137,2050,870,3317,0,ITH,ITH1,4,Provincia Autonoma Bolzano / Bozen,P.A. Bolzano,533050,127015,23.83,0.79
2790,2021-04-28,PAB,2464,1302,1162,2444,5,15,ITH,ITH1,4,Provincia Autonoma Bolzano / Bozen,P.A. Bolzano,533050,129479,24.29,0.46
2791,2021-06-29,PAB,1874,1011,863,257,1617,0,ITH,ITH1,4,Provincia Autonoma Bolzano / Bozen,P.A. Bolzano,533050,131353,24.64,0.35
2792,2021-03-21,PAB,768,285,483,14,754,0,ITH,ITH1,4,Provincia Autonoma Bolzano / Bozen,P.A. Bolzano,533050,132121,24.79,0.14
2793,2021-06-12,PAB,5047,2738,2309,1759,3288,0,ITH,ITH1,4,Provincia Autonoma Bolzano / Bozen,P.A. Bolzano,533050,137168,25.73,0.95
2794,2021-01-14,PAB,1946,575,1371,1946,0,0,ITH,ITH1,4,Provincia Autonoma Bolzano / Bozen,P.A. Bolzano,533050,139114,26.1,0.37
2795,2021-04-07,PAB,1798,823,975,1255,540,3,ITH,ITH1,4,Provincia Autonoma Bolzano / Bozen,P.A. Bolzano,533050,140912,26.44,0.34
2796,2021-04-12,PAB,2105,946,1159,2095,7,3,ITH,ITH1,4,Provincia Autonoma Bolzano / Bozen,P.A. Bolzano,533050,143017,26.83,0.39
2797,2021-03-07,PAB,114,13,101,9,105,0,ITH,ITH1,4,Provincia Autonoma Bolzano / Bozen,P.A. Bolzano,533050,143131,26.85,0.02
2798,2021-04-21,PAB,3013,1468,1545,2156,848,9,ITH,ITH1,4,Provincia Autonoma Bolzano / Bozen,P.A. Bolzano,533050,146144,27.42,0.57
2799,2021-06-24,PAB,3917,2026,1891,1727,2190,0,ITH,ITH1,4,Provincia Autonoma Bolzano / Bozen,P.A. Bolzano,533050,150061,28.15,0.73
2800,2021-01-05,PAB,830,286,544,830,0,0,ITH,ITH1,4,Provincia Autonoma Bolzano / Bozen,P.A. Bolzano,533050,150891,28.31,0.16
2801,2021-01-23,PAB,197,117,80,0,197,0,ITH,ITH1,4,Provincia Autonoma Bolzano / Bozen,P.A. Bolzano,533050,151088,28.34,0.04
2802,2021-05-03,PAB,1831,847,984,417,1413,1,ITH,ITH1,4,Provincia Autonoma Bolzano / Bozen,P.A. Bolzano,533050,152919,28.69,0.34
2803,2021-02-23,PAB,769,324,445,763,6,0,ITH,ITH1,4,Provincia Autonoma Bolzano / Bozen,P.A. Bolzano,533050,153688,28.83,0.14
2804,2021-05-17,PAB,3139,1516,1623,2436,694,9,ITH,ITH1,4,Provincia Autonoma Bolzano / Bozen,P.A. Bolzano,533050,156827,29.42,0.59
2805,2021-06-03,PAB,4800,2614,2186,3853,947,0,ITH,ITH1,4,Provincia Autonoma Bolzano / Bozen,P.A. Bolzano,533050,161627,30.32,0.9
2806,2021-03-17,PAB,582,213,369,580,2,0,ITH,ITH1,4,Provincia Autonoma Bolzano / Bozen,P.A. Bolzano,533050,162209,30.43,0.11
2807,2021-05-13,PAB,2995,1355,1640,1059,1930,6,ITH,ITH1,4,Provincia Autonoma Bolzano / Bozen,P.A. Bolzano,533050,165204,30.99,0.56
2808,2021-04-29,PAB,2631,1351,1280,1925,694,12,ITH,ITH1,4,Provincia Autonoma Bolzano / Bozen,P.A. Bolzano,533050,167835,31.49,0.49
2809,2021-01-19,PAB,853,371,482,723,130,0,ITH,ITH1,4,Provincia Autonoma Bolzano / Bozen,P.A. Bolzano,533050,168688,31.65,0.16
2810,2021-06-25,PAB,4170,2304,1866,1157,3013,0,ITH,ITH1,4,Provincia Autonoma Bolzano / Bozen,P.A. Bolzano,533050,172858,32.43,0.78
2811,2021-01-21,PAB,953,442,511,139,814,0,ITH,ITH1,4,Provincia Autonoma Bolzano / Bozen,P.A. Bolzano,533050,173811,32.61,0.18
2812,2021-06-05,PAB,6079,3030,3049,4984,1095,0,ITH,ITH1,4,Provincia Autonoma Bolzano / Bozen,P.A. Bolzano,533050,179890,33.75,1.14
2813,2021-05-10,PAB,3018,1300,1718,1412,1605,1,ITH,ITH1,4,Provincia Autonoma Bolzano / Bozen,P.A. Bolzano,533050,182908,34.31,0.57
2814,2021-02-16,PAB,530,205,325,530,0,0,ITH,ITH1,4,Provincia Autonoma Bolzano / Bozen,P.A. Bolzano,533050,183438,34.41,0.1
2815,2021-01-28,PAB,871,308,563,9,862,0,ITH,ITH1,4,Provincia Autonoma Bolzano / Bozen,P.A. Bolzano,533050,184309,34.58,0.16
2816,2021-04-02,PAB,2077,837,1240,718,1357,2,ITH,ITH1,4,Provincia Autonoma Bolzano / Bozen,P.A. Bolzano,533050,186386,34.97,0.39
2817,2021-05-29,PAB,7316,3893,3423,4150,3139,27,ITH,ITH1,4,Provincia Autonoma Bolzano / Bozen,P.A. Bolzano,533050,193702,36.34,1.37
2818,2021-03-26,PAB,1657,733,924,523,1134,0,ITH,ITH1,4,Provincia Autonoma Bolzano / Bozen,P.A. Bolzano,533050,195359,36.65,0.31
2819,2021-04-09,PAB,2937,1301,1636,2200,730,7,ITH,ITH1,4,Provincia Autonoma Bolzano / Bozen,P.A. Bolzano,533050,198296,37.2,0.55
2820,2021-05-22,PAB,6832,3562,3270,4632,2166,34,ITH,ITH1,4,Provincia Autonoma Bolzano / Bozen,P.A. Bolzano,533050,205128,38.48,1.28
2821,2021-02-11,PAB,1094,432,662,239,855,0,ITH,ITH1,4,Provincia Autonoma Bolzano / Bozen,P.A. Bolzano,533050,206222,38.69,0.21
2822,2021-01-09,PAB,612,326,286,612,0,0,ITH,ITH1,4,Provincia Autonoma Bolzano / Bozen,P.A. Bolzano,533050,206834,38.8,0.11
2823,2021-06-17,PAB,1762,977,785,684,1078,0,ITH,ITH1,4,Provincia Autonoma Bolzano / Bozen,P.A. Bolzano,533050,208596,39.13,0.33
2824,2021-01-16,PAB,2840,1265,1575,2840,0,0,ITH,ITH1,4,Provincia Autonoma Bolzano / Bozen,P.A. Bolzano,533050,211436,39.67,0.53
2825,2021-06-10,PAB,4456,2311,2145,1361,3095,0,ITH,ITH1,4,Provincia Autonoma Bolzano / Bozen,P.A. Bolzano,533050,215892,40.5,0.84
2826,2021-04-26,PAB,1543,771,772,1532,5,6,ITH,ITH1,4,Provincia Autonoma Bolzano / Bozen,P.A. Bolzano,533050,217435,40.79,0.29
2827,2021-02-09,PAB,317,126,191,1,316,0,ITH,ITH1,4,Provincia Autonoma Bolzano / Bozen,P.A. Bolzano,533050,217752,40.85,0.06
2828,2021-07-13,PAB,3000,1521,1479,1119,1881,0,ITH,ITH1,4,Provincia Autonoma Bolzano / Bozen,P.A. Bolzano,533050,220752,41.41,0.56
2829,2021-02-02,PAB,1745,506,1239,8,1737,0,ITH,ITH1,4,Provincia Autonoma Bolzano / Bozen,P.A. Bolzano,533050,222497,41.74,0.33
2830,2021-07-06,PAB,1719,924,795,738,981,0,ITH,ITH1,4,Provincia Autonoma Bolzano / Bozen,P.A. Bolzano,533050,224216,42.06,0.32
2831,2021-06-22,PAB,2452,1409,1043,335,2117,0,ITH,ITH1,4,Provincia Autonoma Bolzano / Bozen,P.A. Bolzano,533050,226668,42.52,0.46
2832,2021-03-14,PAB,758,336,422,25,733,0,ITH,ITH1,4,Provincia Autonoma Bolzano / Bozen,P.A. Bolzano,533050,227426,42.67,0.14
2833,2021-04-14,PAB,3593,1645,1948,3488,91,14,ITH,ITH1,4,Provincia Autonoma Bolzano / Bozen,P.A. Bolzano,533050,231019,43.34,0.67
2834,2021-01-04,PAB,508,201,307,508,0,0,ITH,ITH1,4,Provincia Autonoma Bolzano / Bozen,P.A. Bolzano,533050,231527,43.43,0.1
2835,2021-05-31,PAB,3000,1476,1524,2121,867,12,ITH,ITH1,4,Provincia Autonoma Bolzano / Bozen,P.A. Bolzano,533050,234527,44.0,0.56
2836,2021-01-01,PAB,6,5,1,6,0,0,ITH,ITH1,4,Provincia Autonoma Bolzano / Bozen,P.A. Bolzano,533050,234533,44.0,0.0
2837,2021-06-07,PAB,2951,1537,1414,2632,319,0,ITH,ITH1,4,Provincia Autonoma Bolzano / Bozen,P.A. Bolzano,533050,237484,44.55,0.55
2838,2021-02-27,PAB,2458,759,1699,2445,10,3,ITH,ITH1,4,Provincia Autonoma Bolzano / Bozen,P.A. Bolzano,533050,239942,45.01,0.46
2839,2021-04-30,PAB,3342,1594,1748,1559,1776,7,ITH,ITH1,4,Provincia Autonoma Bolzano / Bozen,P.A. Bolzano,533050,243284,45.64,0.63
2840,2021-01-20,PAB,618,253,365,410,208,0,ITH,ITH1,4,Provincia Autonoma Bolzano / Bozen,P.A. Bolzano,533050,243902,45.76,0.12
2841,2021-01-06,PAB,59,18,41,59,0,0,ITH,ITH1,4,Provincia Autonoma Bolzano / Bozen,P.A. Bolzano,533050,243961,45.77,0.01
2842,2021-03-30,PAB,1299,532,767,219,1080,0,ITH,ITH1,4,Provincia Autonoma Bolzano / Bozen,P.A. Bolzano,533050,245260,46.01,0.24
2843,2021-04-16,PAB,2951,1419,1532,2437,511,3,ITH,ITH1,4,Provincia Autonoma Bolzano / Bozen,P.A. Bolzano,533050,248211,46.56,0.55
2844,2021-04-25,PAB,3073,1497,1576,2398,672,3,ITH,ITH1,4,Provincia Autonoma Bolzano / Bozen,P.A. Bolzano,533050,251284,47.14,0.58
2845,2021-01-13,PAB,1691,557,1134,1691,0,0,ITH,ITH1,4,Provincia Autonoma Bolzano / Bozen,P.A. Bolzano,533050,252975,47.46,0.32
2846,2021-01-30,PAB,498,245,253,4,494,0,ITH,ITH1,4,Provincia Autonoma Bolzano / Bozen,P.A. Bolzano,533050,253473,47.55,0.09
2847,2021-04-23,PAB,4543,2151,2392,3243,1291,9,ITH,ITH1,4,Provincia Autonoma Bolzano / Bozen,P.A. Bolzano,533050,258016,48.4,0.85
2848,2021-01-02,PAB,91,48,43,91,0,0,ITH,ITH1,4,Provincia Autonoma Bolzano / Bozen,P.A. Bolzano,533050,258107,48.42,0.02
2849,2021-06-26,PAB,4538,2326,2212,1466,3072,0,ITH,ITH1,4,Provincia Autonoma Bolzano / Bozen,P.A. Bolzano,533050,262645,49.27,0.85
2850,2021-03-18,PAB,1302,531,771,226,1076,0,ITH,ITH1,4,Provincia Autonoma Bolzano / Bozen,P.A. Bolzano,533050,263947,49.52,0.24
2851,2021-05-14,PAB,5134,2320,2814,3086,2037,11,ITH,ITH1,4,Provincia Autonoma Bolzano / Bozen,P.A. Bolzano,533050,269081,50.48,0.96
2852,2021-03-16,PAB,1290,532,758,124,1166,0,ITH,ITH1,4,Provincia Autonoma Bolzano / Bozen,P.A. Bolzano,533050,270371,50.72,0.24
2853,2021-05-12,PAB,3792,2058,1734,3621,153,18,ITH,ITH1,4,Provincia Autonoma Bolzano / Bozen,P.A. Bolzano,533050,274163,51.43,0.71
2854,2021-02-01,PAB,1452,440,1012,12,1440,0,ITH,ITH1,4,Provincia Autonoma Bolzano / Bozen,P.A. Bolzano,533050,275615,51.71,0.27
2855,2021-07-10,PAB,5683,2926,2757,952,4731,0,ITH,ITH1,4,Provincia Autonoma Bolzano / Bozen,P.A. Bolzano,533050,281298,52.77,1.07
2856,2021-01-18,PAB,1772,687,1085,1767,5,0,ITH,ITH1,4,Provincia Autonoma Bolzano / Bozen,P.A. Bolzano,533050,283070,53.1,0.33
2857,2021-02-13,PAB,318,79,239,312,6,0,ITH,ITH1,4,Provincia Autonoma Bolzano / Bozen,P.A. Bolzano,533050,283388,53.16,0.06
2858,2021-04-11,PAB,2724,1294,1430,2543,177,4,ITH,ITH1,4,Provincia Autonoma Bolzano / Bozen,P.A. Bolzano,533050,286112,53.67,0.51
2859,2021-05-24,PAB,1454,766,688,1103,333,18,ITH,ITH1,4,Provincia Autonoma Bolzano / Bozen,P.A. Bolzano,533050,287566,53.95,0.27
2860,2021-02-20,PAB,1802,540,1262,1784,18,0,ITH,ITH1,4,Provincia Autonoma Bolzano / Bozen,P.A. Bolzano,533050,289368,54.29,0.34
2861,2021-04-18,PAB,3110,1607,1503,2099,1010,1,ITH,ITH1,4,Provincia Autonoma Bolzano / Bozen,P.A. Bolzano,533050,292478,54.87,0.58
2862,2021-01-11,PAB,1574,513,1061,1574,0,0,ITH,ITH1,4,Provincia Autonoma Bolzano / Bozen,P.A. Bolzano,533050,294052,55.16,0.3
2863,2021-04-06,PAB,2250,1118,1132,2146,103,1,ITH,ITH1,4,Provincia Autonoma Bolzano / Bozen,P.A. Bolzano,533050,296302,55.59,0.42
2864,2021-04-08,PAB,2767,1347,1420,2561,204,2,ITH,ITH1,4,Provincia Autonoma Bolzano / Bozen,P.A. Bolzano,533050,299069,56.11,0.52
2865,2020-12-27,PAB,144,65,79,144,0,0,ITH,ITH1,4,Provincia Autonoma Bolzano / Bozen,P.A. Bolzano,533050,299213,56.13,0.03
2866,2021-06-30,PAB,3060,1564,1496,456,2604,0,ITH,ITH1,4,Provincia Autonoma Bolzano / Bozen,P.A. Bolzano,533050,302273,56.71,0.57
2867,2021-06-11,PAB,5783,2974,2809,2304,3479,0,ITH,ITH1,4,Provincia Autonoma Bolzano / Bozen,P.A. Bolzano,533050,308056,57.79,1.08
2868,2021-03-20,PAB,1758,849,909,1132,625,1,ITH,ITH1,4,Provincia Autonoma Bolzano / Bozen,P.A. Bolzano,533050,309814,58.12,0.33
2869,2021-07-08,PAB,5326,2694,2632,486,4840,0,ITH,ITH1,4,Provincia Autonoma Bolzano / Bozen,P.A. Bolzano,533050,315140,59.12,1.0
2870,2021-06-19,PAB,5660,3014,2646,627,5033,0,ITH,ITH1,4,Provincia Autonoma Bolzano / Bozen,P.A. Bolzano,533050,320800,60.18,1.06
2871,2021-03-11,PAB,1685,825,860,1136,538,11,ITH,ITH1,4,Provincia Autonoma Bolzano / Bozen,P.A. Bolzano,533050,322485,60.5,0.32
2872,2021-02-25,PAB,1498,549,949,1496,1,1,ITH,ITH1,4,Provincia Autonoma Bolzano / Bozen,P.A. Bolzano,533050,323983,60.78,0.28
2873,2021-06-02,PAB,1452,814,638,995,457,0,ITH,ITH1,4,Provincia Autonoma Bolzano / Bozen,P.A. Bolzano,533050,325435,61.05,0.27
2874,2021-02-08,PAB,2,1,1,1,1,0,ITH,ITH1,4,Provincia Autonoma Bolzano / Bozen,P.A. Bolzano,533050,325437,61.05,0.0
2875,2021-05-19,PAB,3849,1976,1873,2055,1786,8,ITH,ITH1,4,Provincia Autonoma Bolzano / Bozen,P.A. Bolzano,533050,329286,61.77,0.72
2876,2021-01-03,PAB,41,16,25,41,0,0,ITH,ITH1,4,Provincia Autonoma Bolzano / Bozen,P.A. Bolzano,533050,329327,61.78,0.01
2877,2021-02-18,PAB,1839,457,1382,1832,7,0,ITH,ITH1,4,Provincia Autonoma Bolzano / Bozen,P.A. Bolzano,533050,331166,62.13,0.34
2878,2021-05-07,PAB,4194,2062,2132,3650,528,16,ITH,ITH1,4,Provincia Autonoma Bolzano / Bozen,P.A. Bolzano,533050,335360,62.91,0.79
2879,2021-07-03,PAB,5632,2790,2842,1072,4560,0,ITH,ITH1,4,Provincia Autonoma Bolzano / Bozen,P.A. Bolzano,533050,340992,63.97,1.06
2880,2021-05-05,PAB,4154,1945,2209,2025,2116,13,ITH,ITH1,4,Provincia Autonoma Bolzano / Bozen,P.A. Bolzano,533050,345146,64.75,0.78
2881,2021-01-25,PAB,487,183,304,3,484,0,ITH,ITH1,4,Provincia Autonoma Bolzano / Bozen,P.A. Bolzano,533050,345633,64.84,0.09
2882,2021-03-23,PAB,1555,760,795,1554,1,0,ITH,ITH1,4,Provincia Autonoma Bolzano / Bozen,P.A. Bolzano,533050,347188,65.13,0.29
2883,2021-04-01,PAB,2787,1407,1380,2638,144,5,ITH,ITH1,4,Provincia Autonoma Bolzano / Bozen,P.A. Bolzano,533050,349975,65.66,0.52
2884,2021-02-06,PAB,2627,1172,1455,18,2608,1,ITH,ITH1,4,Provincia Autonoma Bolzano / Bozen,P.A. Bolzano,533050,352602,66.15,0.49
2885,2021-06-21,PAB,3162,1612,1550,295,2867,0,ITH,ITH1,4,Provincia Autonoma Bolzano / Bozen,P.A. Bolzano,533050,355764,66.74,0.59
2886,2021-03-09,PAB,1194,543,651,1192,2,0,ITH,ITH1,4,Provincia Autonoma Bolzano / Bozen,P.A. Bolzano,533050,356958,66.97,0.22
2887,2021-05-23,PAB,4338,2303,2035,4311,8,19,ITH,ITH1,4,Provincia Autonoma Bolzano / Bozen,P.A. Bolzano,533050,361296,67.78,0.81
2888,2021-02-03,PAB,1503,478,1025,5,1498,0,ITH,ITH1,4,Provincia Autonoma Bolzano / Bozen,P.A. Bolzano,533050,362799,68.06,0.28
2889,2021-02-10,PAB,1636,605,1031,26,1610,0,ITH,ITH1,4,Provincia Autonoma Bolzano / Bozen,P.A. Bolzano,533050,364435,68.37,0.31
2890,2021-05-21,PAB,6948,3819,3129,5067,1846,35,ITH,ITH1,4,Provincia Autonoma Bolzano / Bozen,P.A. Bolzano,533050,371383,69.67,1.3
2891,2021-05-16,PAB,2025,932,1093,1329,692,4,ITH,ITH1,4,Provincia Autonoma Bolzano / Bozen,P.A. Bolzano,533050,373408,70.05,0.38
2892,2021-01-15,PAB,3282,1228,2054,3282,0,0,ITH,ITH1,4,Provincia Autonoma Bolzano / Bozen,P.A. Bolzano,533050,376690,70.67,0.62
2893,2021-06-18,PAB,4157,2162,1995,1258,2899,0,ITH,ITH1,4,Provincia Autonoma Bolzano / Bozen,P.A. Bolzano,533050,380847,71.45,0.78
2894,2021-01-08,PAB,1521,479,1042,1521,0,0,ITH,ITH1,4,Provincia Autonoma Bolzano / Bozen,P.A. Bolzano,533050,382368,71.73,0.29
2895,2020-12-30,PAB,388,182,206,388,0,0,ITH,ITH1,4,Provincia Autonoma Bolzano / Bozen,P.A. Bolzano,533050,382756,71.8,0.07
2896,2021-06-09,PAB,3813,1898,1915,1338,2475,0,ITH,ITH1,4,Provincia Autonoma Bolzano / Bozen,P.A. Bolzano,533050,386569,72.52,0.72
2897,2021-03-01,PAB,922,221,701,918,1,3,ITH,ITH1,4,Provincia Autonoma Bolzano / Bozen,P.A. Bolzano,533050,387491,72.69,0.17
2898,2021-03-15,PAB,1192,451,741,710,482,0,ITH,ITH1,4,Provincia Autonoma Bolzano / Bozen,P.A. Bolzano,533050,388683,72.92,0.22
2899,2021-04-27,PAB,2226,1013,1213,1146,1077,3,ITH,ITH1,4,Provincia Autonoma Bolzano / Bozen,P.A. Bolzano,533050,390909,73.33,0.42
2900,2021-01-17,PAB,2328,1044,1284,2317,11,0,ITH,ITH1,4,Provincia Autonoma Bolzano / Bozen,P.A. Bolzano,533050,393237,73.77,0.44
2901,2021-06-23,PAB,1148,591,557,384,764,0,ITH,ITH1,4,Provincia Autonoma Bolzano / Bozen,P.A. Bolzano,533050,394385,73.99,0.22
2902,2021-04-13,PAB,2394,1132,1262,2385,7,2,ITH,ITH1,4,Provincia Autonoma Bolzano / Bozen,P.A. Bolzano,533050,396779,74.44,0.45
2903,2021-02-22,PAB,526,143,383,514,12,0,ITH,ITH1,4,Provincia Autonoma Bolzano / Bozen,P.A. Bolzano,533050,397305,74.53,0.1
2904,2021-07-07,PAB,1978,1026,952,644,1334,0,ITH,ITH1,4,Provincia Autonoma Bolzano / Bozen,P.A. Bolzano,533050,399283,74.91,0.37
2905,2021-07-05,PAB,2933,1406,1527,950,1983,0,ITH,ITH1,4,Provincia Autonoma Bolzano / Bozen,P.A. Bolzano,533050,402216,75.46,0.55
2906,2021-05-30,PAB,4763,2516,2247,749,4011,3,ITH,ITH1,4,Provincia Autonoma Bolzano / Bozen,P.A. Bolzano,533050,406979,76.35,0.89
2907,2021-07-12,PAB,3526,1751,1775,287,3239,0,ITH,ITH1,4,Provincia Autonoma Bolzano / Bozen,P.A. Bolzano,533050,410505,77.01,0.66
2908,2021-04-03,PAB,831,364,467,20,810,1,ITH,ITH1,4,Provincia Autonoma Bolzano / Bozen,P.A. Bolzano,533050,411336,77.17,0.16
2909,2021-03-25,PAB,2151,1063,1088,1707,443,1,ITH,ITH1,4,Provincia Autonoma Bolzano / Bozen,P.A. Bolzano,533050,413487,77.57,0.4
2910,2021-01-27,PAB,85,29,56,2,83,0,ITH,ITH1,4,Provincia Autonoma Bolzano / Bozen,P.A. Bolzano,533050,413572,77.59,0.02
2911,2021-03-28,PAB,569,212,357,11,558,0,ITH,ITH1,4,Provincia Autonoma Bolzano / Bozen,P.A. Bolzano,533050,414141,77.69,0.11
2912,2021-06-04,PAB,6560,3295,3265,5030,1530,0,ITH,ITH1,4,Provincia Autonoma Bolzano / Bozen,P.A. Bolzano,533050,420701,78.92,1.23
2913,2021-02-24,PAB,1367,406,961,1354,12,1,ITH,ITH1,4,Provincia Autonoma Bolzano / Bozen,P.A. Bolzano,533050,422068,79.18,0.26
2914,2021-03-27,PAB,3051,1554,1497,1543,1508,0,ITH,ITH1,4,Provincia Autonoma Bolzano / Bozen,P.A. Bolzano,533050,425119,79.75,0.57
2915,2021-03-13,PAB,2885,1459,1426,2782,101,2,ITH,ITH1,4,Provincia Autonoma Bolzano / Bozen,P.A. Bolzano,533050,428004,80.29,0.54
2916,2021-02-05,PAB,3195,1181,2014,8,3187,0,ITH,ITH1,4,Provincia Autonoma Bolzano / Bozen,P.A. Bolzano,533050,431199,80.89,0.6
2917,2021-04-15,PAB,4399,2307,2092,4116,263,20,ITH,ITH1,4,Provincia Autonoma Bolzano / Bozen,P.A. Bolzano,533050,435598,81.72,0.83
2918,2021-06-28,PAB,4607,2304,2303,240,4367,0,ITH,ITH1,4,Provincia Autonoma Bolzano / Bozen,P.A. Bolzano,533050,440205,82.58,0.86
2919,2021-04-20,PAB,1562,784,778,1558,2,2,ITH,ITH1,4,Provincia Autonoma Bolzano / Bozen,P.A. Bolzano,533050,441767,82.88,0.29
2920,2021-01-10,PAB,2,2,0,2,0,0,ITH,ITH1,4,Provincia Autonoma Bolzano / Bozen,P.A. Bolzano,533050,441769,82.88,0.0
2921,2021-06-16,PAB,3812,2018,1794,9,3803,0,ITH,ITH1,4,Provincia Autonoma Bolzano / Bozen,P.A. Bolzano,533050,445581,83.59,0.72
2922,2021-03-08,PAB,1210,534,676,1183,27,0,ITH,ITH1,4,Provincia Autonoma Bolzano / Bozen,P.A. Bolzano,533050,446791,83.82,0.23
2923,2021-05-04,PAB,3449,1843,1606,2400,1037,12,ITH,ITH1,4,Provincia Autonoma Bolzano / Bozen,P.A. Bolzano,533050,450240,84.46,0.65
2924,2021-05-02,PAB,2457,1288,1169,1531,921,5,ITH,ITH1,4,Provincia Autonoma Bolzano / Bozen,P.A. Bolzano,533050,452697,84.93,0.46
2925,2021-01-22,PAB,248,143,105,124,124,0,ITH,ITH1,4,Provincia Autonoma Bolzano / Bozen,P.A. Bolzano,533050,452945,84.97,0.05
2926,2021-03-02,PAB,695,200,495,692,2,1,ITH,ITH1,4,Provincia Autonoma Bolzano / Bozen,P.A. Bolzano,533050,453640,85.1,0.13
2927,2021-03-19,PAB,1906,773,1133,794,1107,5,ITH,ITH1,4,Provincia Autonoma Bolzano / Bozen,P.A. Bolzano,533050,455546,85.46,0.36
2928,2021-07-01,PAB,4623,2296,2327,1459,3164,0,ITH,ITH1,4,Provincia Autonoma Bolzano / Bozen,P.A. Bolzano,533050,460169,86.33,0.87
2929,2021-03-04,PAB,1715,1005,710,1481,229,5,ITH,ITH1,4,Provincia Autonoma Bolzano / Bozen,P.A. Bolzano,533050,461884,86.65,0.32
2930,2021-05-26,PAB,4990,2517,2473,2997,1974,19,ITH,ITH1,4,Provincia Autonoma Bolzano / Bozen,P.A. Bolzano,533050,466874,87.59,0.94
2931,2021-06-14,PAB,2962,1606,1356,605,2357,0,ITH,ITH1,4,Provincia Autonoma Bolzano / Bozen,P.A. Bolzano,533050,469836,88.14,0.56
2932,2021-02-15,PAB,72,42,30,26,46,0,ITH,ITH1,4,Provincia Autonoma Bolzano / Bozen,P.A. Bolzano,533050,469908,88.15,0.01
2933,2021-05-11,PAB,2844,1335,1509,1309,1523,12,ITH,ITH1,4,Provincia Autonoma Bolzano / Bozen,P.A. Bolzano,533050,472752,88.69,0.53
2934,2021-01-29,PAB,1497,510,987,24,1473,0,ITH,ITH1,4,Provincia Autonoma Bolzano / Bozen,P.A. Bolzano,533050,474249,88.97,0.28
2935,2021-04-22,PAB,2924,1501,1423,1975,942,7,ITH,ITH1,4,Provincia Autonoma Bolzano / Bozen,P.A. Bolzano,533050,477173,89.52,0.55
2936,2021-05-09,PAB,4241,2410,1831,3084,1152,5,ITH,ITH1,4,Provincia Autonoma Bolzano / Bozen,P.A. Bolzano,533050,481414,90.31,0.8
2937,2021-03-06,PAB,3973,2081,1892,3758,211,4,ITH,ITH1,4,Provincia Autonoma Bolzano / Bozen,P.A. Bolzano,533050,485387,91.06,0.75
2938,2021-05-28,PAB,6891,3610,3281,4985,1890,16,ITH,ITH1,4,Provincia Autonoma Bolzano / Bozen,P.A. Bolzano,533050,492278,92.35,1.29
2939,2021-02-17,PAB,156,51,105,139,17,0,ITH,ITH1,4,Provincia Autonoma Bolzano / Bozen,P.A. Bolzano,533050,492434,92.38,0.03
2940,2021-03-03,ABR,4632,1891,2741,3703,906,23,ITF,ITF1,13,Abruzzo,Abruzzo,1304970,4632,0.35,0.35
2941,2021-07-14,ABR,5467,2701,2766,837,4575,55,ITF,ITF1,13,Abruzzo,Abruzzo,1304970,10099,0.77,0.42
2942,2021-04-08,ABR,7394,3337,4057,4933,2330,131,ITF,ITF1,13,Abruzzo,Abruzzo,1304970,17493,1.34,0.57
2943,2021-04-22,ABR,6732,3250,3482,4829,1729,174,ITF,ITF1,13,Abruzzo,Abruzzo,1304970,24225,1.86,0.52
2944,2021-03-22,ABR,4344,1908,2436,2312,1971,61,ITF,ITF1,13,Abruzzo,Abruzzo,1304970,28569,2.19,0.33
2945,2021-06-30,ABR,11084,5394,5690,4445,6474,165,ITF,ITF1,13,Abruzzo,Abruzzo,1304970,39653,3.04,0.85
2946,2021-02-22,ABR,2643,1174,1469,2588,30,25,ITF,ITF1,13,Abruzzo,Abruzzo,1304970,42296,3.24,0.2
2947,2021-02-05,ABR,1534,521,1013,772,746,16,ITF,ITF1,13,Abruzzo,Abruzzo,1304970,43830,3.36,0.12
2948,2021-05-16,ABR,9577,4137,5440,5647,3813,117,ITF,ITF1,13,Abruzzo,Abruzzo,1304970,53407,4.09,0.73
2949,2021-06-04,ABR,15633,7391,8242,10755,4693,185,ITF,ITF1,13,Abruzzo,Abruzzo,1304970,69040,5.29,1.2
2950,2021-05-18,ABR,12110,5660,6450,7562,4380,168,ITF,ITF1,13,Abruzzo,Abruzzo,1304970,81150,6.22,0.93
2951,2021-02-24,ABR,3305,1441,1864,3112,176,17,ITF,ITF1,13,Abruzzo,Abruzzo,1304970,84455,6.47,0.25
2952,2021-02-10,ABR,947,312,635,493,444,10,ITF,ITF1,13,Abruzzo,Abruzzo,1304970,85402,6.54,0.07
2953,2021-05-04,ABR,10860,5099,5761,7054,3616,190,ITF,ITF1,13,Abruzzo,Abruzzo,1304970,96262,7.38,0.83
2954,2021-03-08,ABR,5151,1693,3458,4090,970,91,ITF,ITF1,13,Abruzzo,Abruzzo,1304970,101413,7.77,0.39
2955,2021-01-24,ABR,50,22,28,6,44,0,ITF,ITF1,13,Abruzzo,Abruzzo,1304970,101463,7.78,0.0
2956,2021-03-01,ABR,3478,1385,2093,2704,751,23,ITF,ITF1,13,Abruzzo,Abruzzo,1304970,104941,8.04,0.27
2957,2021-06-18,ABR,10169,4993,5176,6541,3486,142,ITF,ITF1,13,Abruzzo,Abruzzo,1304970,115110,8.82,0.78
2958,2021-01-10,ABR,1139,409,730,1135,0,4,ITF,ITF1,13,Abruzzo,Abruzzo,1304970,116249,8.91,0.09
2959,2021-04-29,ABR,12674,5852,6822,9277,3095,302,ITF,ITF1,13,Abruzzo,Abruzzo,1304970,128923,9.88,0.97
2960,2021-06-25,ABR,11009,5451,5558,4858,6010,141,ITF,ITF1,13,Abruzzo,Abruzzo,1304970,139932,10.72,0.84
2961,2021-01-15,ABR,379,149,230,365,0,14,ITF,ITF1,13,Abruzzo,Abruzzo,1304970,140311,10.75,0.03
2962,2021-04-27,ABR,9084,4368,4716,6506,2467,111,ITF,ITF1,13,Abruzzo,Abruzzo,1304970,149395,11.45,0.7
2963,2021-07-02,ABR,11834,5946,5888,4831,6821,182,ITF,ITF1,13,Abruzzo,Abruzzo,1304970,161229,12.35,0.91
2964,2021-01-22,ABR,118,57,61,118,0,0,ITF,ITF1,13,Abruzzo,Abruzzo,1304970,161347,12.36,0.01
2965,2021-01-03,ABR,471,185,286,469,0,2,ITF,ITF1,13,Abruzzo,Abruzzo,1304970,161818,12.4,0.04
2966,2020-12-27,ABR,37,19,18,37,0,0,ITF,ITF1,13,Abruzzo,Abruzzo,1304970,161855,12.4,0.0
2967,2021-03-20,ABR,4793,2199,2594,2560,2171,62,ITF,ITF1,13,Abruzzo,Abruzzo,1304970,166648,12.77,0.37
2968,2021-06-13,ABR,9848,4923,4925,7850,1833,165,ITF,ITF1,13,Abruzzo,Abruzzo,1304970,176496,13.52,0.75
2969,2021-05-30,ABR,8658,4110,4548,5326,3253,79,ITF,ITF1,13,Abruzzo,Abruzzo,1304970,185154,14.19,0.66
2970,2021-04-03,ABR,5160,2257,2903,3484,1597,79,ITF,ITF1,13,Abruzzo,Abruzzo,1304970,190314,14.58,0.4
2971,2021-07-12,ABR,15140,7491,7649,2433,12594,113,ITF,ITF1,13,Abruzzo,Abruzzo,1304970,205454,15.74,1.16
2972,2021-02-17,ABR,2071,948,1123,1780,282,9,ITF,ITF1,13,Abruzzo,Abruzzo,1304970,207525,15.9,0.16
2973,2021-06-11,ABR,11773,5850,5923,8829,2763,181,ITF,ITF1,13,Abruzzo,Abruzzo,1304970,219298,16.8,0.9
2974,2021-05-11,ABR,10761,5118,5643,5735,4851,175,ITF,ITF1,13,Abruzzo,Abruzzo,1304970,230059,17.63,0.82
2975,2021-01-19,ABR,111,55,56,90,20,1,ITF,ITF1,13,Abruzzo,Abruzzo,1304970,230170,17.64,0.01
2976,2021-02-07,ABR,779,308,471,200,578,1,ITF,ITF1,13,Abruzzo,Abruzzo,1304970,230949,17.7,0.06
2977,2021-02-03,ABR,2062,717,1345,411,1643,8,ITF,ITF1,13,Abruzzo,Abruzzo,1304970,233011,17.86,0.16
2978,2021-02-28,ABR,1704,510,1194,1668,2,34,ITF,ITF1,13,Abruzzo,Abruzzo,1304970,234715,17.99,0.13
2979,2021-01-02,ABR,552,220,332,551,0,1,ITF,ITF1,13,Abruzzo,Abruzzo,1304970,235267,18.03,0.04
2980,2021-06-08,ABR,12866,6617,6249,10432,2198,236,ITF,ITF1,13,Abruzzo,Abruzzo,1304970,248133,19.01,0.99
2981,2021-04-26,ABR,8562,4065,4497,7142,1214,206,ITF,ITF1,13,Abruzzo,Abruzzo,1304970,256695,19.67,0.66
2982,2021-06-01,ABR,11006,4883,6123,6513,4373,120,ITF,ITF1,13,Abruzzo,Abruzzo,1304970,267701,20.51,0.84
2983,2021-02-02,ABR,1763,668,1095,218,1541,4,ITF,ITF1,13,Abruzzo,Abruzzo,1304970,269464,20.65,0.14
2984,2021-05-13,ABR,11146,5042,6104,6959,3959,228,ITF,ITF1,13,Abruzzo,Abruzzo,1304970,280610,21.5,0.85
2985,2021-03-31,ABR,6715,2939,3776,4556,2069,90,ITF,ITF1,13,Abruzzo,Abruzzo,1304970,287325,22.02,0.51
2986,2021-05-15,ABR,11426,5178,6248,5947,5303,176,ITF,ITF1,13,Abruzzo,Abruzzo,1304970,298751,22.89,0.88
2987,2021-07-11,ABR,9885,4973,4912,2372,7385,128,ITF,ITF1,13,Abruzzo,Abruzzo,1304970,308636,23.65,0.76
2988,2021-03-27,ABR,6121,2620,3501,3564,2486,71,ITF,ITF1,13,Abruzzo,Abruzzo,1304970,314757,24.12,0.47
2989,2021-01-05,ABR,1615,604,1011,1610,0,5,ITF,ITF1,13,Abruzzo,Abruzzo,1304970,316372,24.24,0.12
2990,2021-04-15,ABR,7818,3678,4140,5833,1840,145,ITF,ITF1,13,Abruzzo,Abruzzo,1304970,324190,24.84,0.6
2991,2021-07-07,ABR,12002,5886,6116,4028,7736,238,ITF,ITF1,13,Abruzzo,Abruzzo,1304970,336192,25.76,0.92
2992,2021-07-09,ABR,13601,6790,6811,2895,10573,133,ITF,ITF1,13,Abruzzo,Abruzzo,1304970,349793,26.8,1.04
2993,2021-06-22,ABR,10400,4875,5525,5384,4838,178,ITF,ITF1,13,Abruzzo,Abruzzo,1304970,360193,27.6,0.8
2994,2021-03-15,ABR,3683,1447,2236,1845,1807,31,ITF,ITF1,13,Abruzzo,Abruzzo,1304970,363876,27.88,0.28
2995,2021-01-17,ABR,188,59,129,180,7,1,ITF,ITF1,13,Abruzzo,Abruzzo,1304970,364064,27.9,0.01
2996,2021-06-23,ABR,11011,5284,5727,5582,5284,145,ITF,ITF1,13,Abruzzo,Abruzzo,1304970,375075,28.74,0.84
2997,2021-03-17,ABR,4539,1873,2666,2776,1740,23,ITF,ITF1,13,Abruzzo,Abruzzo,1304970,379614,29.09,0.35
2998,2021-01-29,ABR,1387,449,938,73,1313,1,ITF,ITF1,13,Abruzzo,Abruzzo,1304970,381001,29.2,0.11
2999,2021-05-27,ABR,13309,6093,7216,8315,4820,174,ITF,ITF1,13,Abruzzo,Abruzzo,1304970,394310,30.22,1.02
3000,2021-03-19,ABR,5794,2584,3210,2733,3020,41,ITF,ITF1,13,Abruzzo,Abruzzo,1304970,400104,30.66,0.44
3001,2021-02-12,ABR,1228,567,661,1026,189,13,ITF,ITF1,13,Abruzzo,Abruzzo,1304970,401332,30.75,0.09
3002,2021-05-23,ABR,9881,4696,5185,7068,2692,121,ITF,ITF1,13,Abruzzo,Abruzzo,1304970,411213,31.51,0.76
3003,2021-06-06,ABR,11149,5308,5841,8779,2241,129,ITF,ITF1,13,Abruzzo,Abruzzo,1304970,422362,32.37,0.85
3004,2021-04-10,ABR,8774,4057,4717,6127,2508,139,ITF,ITF1,13,Abruzzo,Abruzzo,1304970,431136,33.04,0.67
3005,2021-04-05,ABR,2692,1147,1545,1731,879,82,ITF,ITF1,13,Abruzzo,Abruzzo,1304970,433828,33.24,0.21
3006,2021-01-12,ABR,1805,667,1138,1791,0,14,ITF,ITF1,13,Abruzzo,Abruzzo,1304970,435633,33.38,0.14
3007,2021-05-25,ABR,11417,5324,6093,8083,3137,197,ITF,ITF1,13,Abruzzo,Abruzzo,1304970,447050,34.26,0.87
3008,2021-01-21,ABR,157,47,110,157,0,0,ITF,ITF1,13,Abruzzo,Abruzzo,1304970,447207,34.27,0.01
3009,2021-05-01,ABR,10734,5042,5692,5628,4974,132,ITF,ITF1,13,Abruzzo,Abruzzo,1304970,457941,35.09,0.82
3010,2021-05-20,ABR,12801,5927,6874,7413,5262,126,ITF,ITF1,13,Abruzzo,Abruzzo,1304970,470742,36.07,0.98
3011,2021-04-19,ABR,6232,2862,3370,3790,2373,69,ITF,ITF1,13,Abruzzo,Abruzzo,1304970,476974,36.55,0.48
3012,2021-02-21,ABR,1218,550,668,1193,1,24,ITF,ITF1,13,Abruzzo,Abruzzo,1304970,478192,36.64,0.09
3013,2021-06-15,ABR,11326,5566,5760,8692,2428,206,ITF,ITF1,13,Abruzzo,Abruzzo,1304970,489518,37.51,0.87
3014,2021-04-12,ABR,6240,2958,3282,4987,1174,79,ITF,ITF1,13,Abruzzo,Abruzzo,1304970,495758,37.99,0.48
3015,2021-03-24,ABR,6382,2784,3598,3998,2250,134,ITF,ITF1,13,Abruzzo,Abruzzo,1304970,502140,38.48,0.49
3016,2021-02-09,ABR,909,312,597,499,409,1,ITF,ITF1,13,Abruzzo,Abruzzo,1304970,503049,38.55,0.07
3017,2021-07-04,ABR,8374,4215,4159,3333,4917,124,ITF,ITF1,13,Abruzzo,Abruzzo,1304970,511423,39.19,0.64
3018,2021-03-10,ABR,5048,1682,3366,4027,957,64,ITF,ITF1,13,Abruzzo,Abruzzo,1304970,516471,39.58,0.39
3019,2021-01-26,ABR,1542,567,975,29,1513,0,ITF,ITF1,13,Abruzzo,Abruzzo,1304970,518013,39.7,0.12
3020,2021-05-06,ABR,12974,6073,6901,7795,5026,153,ITF,ITF1,13,Abruzzo,Abruzzo,1304970,530987,40.69,0.99
3021,2021-04-17,ABR,7358,3401,3957,4217,3051,90,ITF,ITF1,13,Abruzzo,Abruzzo,1304970,538345,41.25,0.56
3022,2021-02-19,ABR,3300,1551,1749,3162,100,38,ITF,ITF1,13,Abruzzo,Abruzzo,1304970,541645,41.51,0.25
3023,2021-01-07,ABR,1605,553,1052,1598,0,7,ITF,ITF1,13,Abruzzo,Abruzzo,1304970,543250,41.63,0.12
3024,2021-03-05,ABR,5349,1958,3391,4593,697,59,ITF,ITF1,13,Abruzzo,Abruzzo,1304970,548599,42.04,0.41
3025,2021-06-27,ABR,8373,4304,4069,5014,3218,141,ITF,ITF1,13,Abruzzo,Abruzzo,1304970,556972,42.68,0.64
3026,2021-04-07,ABR,7222,3333,3889,4314,2784,124,ITF,ITF1,13,Abruzzo,Abruzzo,1304970,564194,43.23,0.55
3027,2021-05-08,ABR,10291,4870,5421,6338,3832,121,ITF,ITF1,13,Abruzzo,Abruzzo,1304970,574485,44.02,0.79
3028,2021-04-24,ABR,8726,3974,4752,6943,1530,253,ITF,ITF1,13,Abruzzo,Abruzzo,1304970,583211,44.69,0.67
3029,2021-02-26,ABR,3925,1680,2245,2930,969,26,ITF,ITF1,13,Abruzzo,Abruzzo,1304970,587136,44.99,0.3
3030,2021-01-18,ABR,125,51,74,46,79,0,ITF,ITF1,13,Abruzzo,Abruzzo,1304970,587261,45.0,0.01
3031,2021-06-24,ABR,10821,5384,5437,5685,4969,167,ITF,ITF1,13,Abruzzo,Abruzzo,1304970,598082,45.83,0.83
3032,2021-04-28,ABR,9512,4586,4926,7316,2023,173,ITF,ITF1,13,Abruzzo,Abruzzo,1304970,607594,46.56,0.73
3033,2021-05-12,ABR,9630,4601,5029,5875,3581,174,ITF,ITF1,13,Abruzzo,Abruzzo,1304970,617224,47.3,0.74
3034,2021-03-16,ABR,3484,1452,2032,1802,1654,28,ITF,ITF1,13,Abruzzo,Abruzzo,1304970,620708,47.56,0.27
3035,2021-01-31,ABR,1521,494,1027,288,1232,1,ITF,ITF1,13,Abruzzo,Abruzzo,1304970,622229,47.68,0.12
3036,2021-05-10,ABR,10108,4783,5325,5372,4650,86,ITF,ITF1,13,Abruzzo,Abruzzo,1304970,632337,48.46,0.77
3037,2021-04-23,ABR,7390,3392,3998,4922,2305,163,ITF,ITF1,13,Abruzzo,Abruzzo,1304970,639727,49.02,0.57
3038,2021-01-30,ABR,1511,568,943,68,1442,1,ITF,ITF1,13,Abruzzo,Abruzzo,1304970,641238,49.14,0.12
3039,2021-06-19,ABR,10498,5170,5328,6484,3843,171,ITF,ITF1,13,Abruzzo,Abruzzo,1304970,651736,49.94,0.8
3040,2021-03-28,ABR,2418,1017,1401,1994,374,50,ITF,ITF1,13,Abruzzo,Abruzzo,1304970,654154,50.13,0.19
3041,2021-07-06,ABR,9914,4940,4974,4098,5652,164,ITF,ITF1,13,Abruzzo,Abruzzo,1304970,664068,50.89,0.76
3042,2021-04-14,ABR,6593,2949,3644,4341,2120,132,ITF,ITF1,13,Abruzzo,Abruzzo,1304970,670661,51.39,0.51
3043,2021-01-04,ABR,1403,576,827,1397,0,6,ITF,ITF1,13,Abruzzo,Abruzzo,1304970,672064,51.5,0.11
3044,2021-01-23,ABR,264,115,149,51,207,6,ITF,ITF1,13,Abruzzo,Abruzzo,1304970,672328,51.52,0.02
3045,2021-05-03,ABR,11147,5256,5891,7135,3833,179,ITF,ITF1,13,Abruzzo,Abruzzo,1304970,683475,52.37,0.85
3046,2021-02-11,ABR,816,262,554,771,43,2,ITF,ITF1,13,Abruzzo,Abruzzo,1304970,684291,52.44,0.06
3047,2021-05-24,ABR,12221,5837,6384,8723,3339,159,ITF,ITF1,13,Abruzzo,Abruzzo,1304970,696512,53.37,0.94
3048,2021-02-18,ABR,2288,933,1355,2140,130,18,ITF,ITF1,13,Abruzzo,Abruzzo,1304970,698800,53.55,0.18
3049,2021-04-09,ABR,8989,4259,4730,6248,2602,139,ITF,ITF1,13,Abruzzo,Abruzzo,1304970,707789,54.24,0.69
3050,2021-04-02,ABR,6693,3102,3591,5118,1487,88,ITF,ITF1,13,Abruzzo,Abruzzo,1304970,714482,54.75,0.51
3051,2021-02-04,ABR,1682,616,1066,598,1072,12,ITF,ITF1,13,Abruzzo,Abruzzo,1304970,716164,54.88,0.13
3052,2021-05-05,ABR,11629,5568,6061,6268,5203,158,ITF,ITF1,13,Abruzzo,Abruzzo,1304970,727793,55.77,0.89
3053,2021-03-09,ABR,5177,1804,3373,4156,938,83,ITF,ITF1,13,Abruzzo,Abruzzo,1304970,732970,56.17,0.4
3054,2021-07-01,ABR,12753,6278,6475,5770,6760,223,ITF,ITF1,13,Abruzzo,Abruzzo,1304970,745723,57.14,0.98
3055,2021-06-17,ABR,10912,5456,5456,7299,3455,158,ITF,ITF1,13,Abruzzo,Abruzzo,1304970,756635,57.98,0.84
3056,2021-07-08,ABR,13489,6677,6812,3417,9909,163,ITF,ITF1,13,Abruzzo,Abruzzo,1304970,770124,59.01,1.03
3057,2021-04-16,ABR,7536,3487,4049,5498,1916,122,ITF,ITF1,13,Abruzzo,Abruzzo,1304970,777660,59.59,0.58
3058,2021-03-11,ABR,5494,2220,3274,4272,1138,84,ITF,ITF1,13,Abruzzo,Abruzzo,1304970,783154,60.01,0.42
3059,2021-06-02,ABR,9763,4744,5019,6836,2810,117,ITF,ITF1,13,Abruzzo,Abruzzo,1304970,792917,60.76,0.75
3060,2021-03-13,ABR,4125,1420,2705,3015,1043,67,ITF,ITF1,13,Abruzzo,Abruzzo,1304970,797042,61.08,0.32
3061,2021-06-21,ABR,11031,5381,5650,4931,5972,128,ITF,ITF1,13,Abruzzo,Abruzzo,1304970,808073,61.92,0.85
3062,2021-03-30,ABR,5127,2261,2866,3147,1822,158,ITF,ITF1,13,Abruzzo,Abruzzo,1304970,813200,62.32,0.39
3063,2021-01-06,ABR,1833,664,1169,1823,0,10,ITF,ITF1,13,Abruzzo,Abruzzo,1304970,815033,62.46,0.14
3064,2021-06-29,ABR,11388,5619,5769,5223,5979,186,ITF,ITF1,13,Abruzzo,Abruzzo,1304970,826421,63.33,0.87
3065,2021-03-21,ABR,2134,914,1220,840,1290,4,ITF,ITF1,13,Abruzzo,Abruzzo,1304970,828555,63.49,0.16
3066,2021-06-12,ABR,11404,5905,5499,9889,1337,178,ITF,ITF1,13,Abruzzo,Abruzzo,1304970,839959,64.37,0.87
3067,2021-01-16,ABR,934,430,504,926,0,8,ITF,ITF1,13,Abruzzo,Abruzzo,1304970,840893,64.44,0.07
3068,2021-03-07,ABR,2523,630,1893,2484,0,39,ITF,ITF1,13,Abruzzo,Abruzzo,1304970,843416,64.63,0.19
3069,2021-01-09,ABR,1484,566,918,1472,0,12,ITF,ITF1,13,Abruzzo,Abruzzo,1304970,844900,64.74,0.11
3070,2021-04-04,ABR,1632,768,864,1460,129,43,ITF,ITF1,13,Abruzzo,Abruzzo,1304970,846532,64.87,0.13
3071,2021-07-13,ABR,15547,7757,7790,2847,12522,178,ITF,ITF1,13,Abruzzo,Abruzzo,1304970,862079,66.06,1.19
3072,2021-06-16,ABR,10881,5445,5436,7992,2675,214,ITF,ITF1,13,Abruzzo,Abruzzo,1304970,872960,66.9,0.83
3073,2021-02-27,ABR,2813,1339,1474,2513,267,33,ITF,ITF1,13,Abruzzo,Abruzzo,1304970,875773,67.11,0.22
3074,2021-01-14,ABR,530,189,341,528,0,2,ITF,ITF1,13,Abruzzo,Abruzzo,1304970,876303,67.15,0.04
3075,2021-02-16,ABR,1917,842,1075,1892,12,13,ITF,ITF1,13,Abruzzo,Abruzzo,1304970,878220,67.3,0.15
3076,2021-03-02,ABR,3965,1675,2290,3261,684,20,ITF,ITF1,13,Abruzzo,Abruzzo,1304970,882185,67.6,0.3
3077,2021-06-10,ABR,12707,6319,6388,10308,2160,239,ITF,ITF1,13,Abruzzo,Abruzzo,1304970,894892,68.58,0.97
3078,2021-05-29,ABR,10316,4428,5888,4456,5771,89,ITF,ITF1,13,Abruzzo,Abruzzo,1304970,905208,69.37,0.79
3079,2021-05-22,ABR,13152,6390,6762,8130,4910,112,ITF,ITF1,13,Abruzzo,Abruzzo,1304970,918360,70.37,1.01
3080,2021-03-26,ABR,5355,2312,3043,3178,2075,102,ITF,ITF1,13,Abruzzo,Abruzzo,1304970,923715,70.78,0.41
3081,2021-05-31,ABR,11332,5112,6220,6761,4443,128,ITF,ITF1,13,Abruzzo,Abruzzo,1304970,935047,71.65,0.87
3082,2021-04-20,ABR,5637,2714,2923,4110,1455,72,ITF,ITF1,13,Abruzzo,Abruzzo,1304970,940684,72.08,0.43
3083,2021-04-25,ABR,9067,4622,4445,8058,810,199,ITF,ITF1,13,Abruzzo,Abruzzo,1304970,949751,72.78,0.69
3084,2021-01-08,ABR,1526,507,1019,1517,0,9,ITF,ITF1,13,Abruzzo,Abruzzo,1304970,951277,72.9,0.12
3085,2021-04-18,ABR,5813,2727,3086,4725,943,145,ITF,ITF1,13,Abruzzo,Abruzzo,1304970,957090,73.34,0.45
3086,2021-02-01,ABR,1631,573,1058,270,1360,1,ITF,ITF1,13,Abruzzo,Abruzzo,1304970,958721,73.47,0.12
3087,2021-03-23,ABR,4831,2187,2644,2213,2566,52,ITF,ITF1,13,Abruzzo,Abruzzo,1304970,963552,73.84,0.37
3088,2021-01-25,ABR,1604,632,972,15,1587,2,ITF,ITF1,13,Abruzzo,Abruzzo,1304970,965156,73.96,0.12
3089,2021-05-07,ABR,12198,5710,6488,7666,4413,119,ITF,ITF1,13,Abruzzo,Abruzzo,1304970,977354,74.89,0.93
3090,2021-03-25,ABR,5791,2660,3131,3065,2617,109,ITF,ITF1,13,Abruzzo,Abruzzo,1304970,983145,75.34,0.44
3091,2021-01-13,ABR,1258,441,817,1250,0,8,ITF,ITF1,13,Abruzzo,Abruzzo,1304970,984403,75.43,0.1
3092,2021-02-13,ABR,854,385,469,434,416,4,ITF,ITF1,13,Abruzzo,Abruzzo,1304970,985257,75.5,0.07
3093,2021-03-04,ABR,5935,2360,3575,4973,922,40,ITF,ITF1,13,Abruzzo,Abruzzo,1304970,991192,75.96,0.45
3094,2021-05-28,ABR,14013,6307,7706,7490,6354,169,ITF,ITF1,13,Abruzzo,Abruzzo,1304970,1005205,77.03,1.07
3095,2021-06-07,ABR,11094,5288,5806,9071,1838,185,ITF,ITF1,13,Abruzzo,Abruzzo,1304970,1016299,77.88,0.85
3096,2021-04-11,ABR,5380,2628,2752,4842,487,51,ITF,ITF1,13,Abruzzo,Abruzzo,1304970,1021679,78.29,0.41
3097,2021-06-09,ABR,11573,6093,5480,9707,1685,181,ITF,ITF1,13,Abruzzo,Abruzzo,1304970,1033252,79.18,0.89
3098,2021-03-06,ABR,4180,1359,2821,3569,570,41,ITF,ITF1,13,Abruzzo,Abruzzo,1304970,1037432,79.5,0.32
3099,2021-01-28,ABR,1433,495,938,12,1421,0,ITF,ITF1,13,Abruzzo,Abruzzo,1304970,1038865,79.61,0.11
3100,2021-01-11,ABR,1553,557,996,1549,0,4,ITF,ITF1,13,Abruzzo,Abruzzo,1304970,1040418,79.73,0.12
3101,2021-04-21,ABR,6389,3102,3287,4638,1674,77,ITF,ITF1,13,Abruzzo,Abruzzo,1304970,1046807,80.22,0.49
3102,2021-06-28,ABR,10048,4833,5215,5307,4574,167,ITF,ITF1,13,Abruzzo,Abruzzo,1304970,1056855,80.99,0.77
3103,2021-04-06,ABR,7677,3578,4099,5234,2318,125,ITF,ITF1,13,Abruzzo,Abruzzo,1304970,1064532,81.58,0.59
3104,2021-05-09,ABR,9156,4090,5066,4175,4870,111,ITF,ITF1,13,Abruzzo,Abruzzo,1304970,1073688,82.28,0.7
3105,2021-02-15,ABR,1795,832,963,1736,42,17,ITF,ITF1,13,Abruzzo,Abruzzo,1304970,1075483,82.41,0.14
3106,2021-05-26,ABR,13543,6040,7503,8390,4991,162,ITF,ITF1,13,Abruzzo,Abruzzo,1304970,1089026,83.45,1.04
3107,2021-06-14,ABR,10968,5427,5541,7429,3368,171,ITF,ITF1,13,Abruzzo,Abruzzo,1304970,1099994,84.29,0.84
3108,2021-02-20,ABR,4777,1843,2934,4661,76,40,ITF,ITF1,13,Abruzzo,Abruzzo,1304970,1104771,84.66,0.37
3109,2021-01-27,ABR,1366,515,851,39,1327,0,ITF,ITF1,13,Abruzzo,Abruzzo,1304970,1106137,84.76,0.1
3110,2021-07-03,ABR,10206,5151,5055,3500,6558,148,ITF,ITF1,13,Abruzzo,Abruzzo,1304970,1116343,85.55,0.78
3111,2021-05-21,ABR,13015,6327,6688,7862,4979,174,ITF,ITF1,13,Abruzzo,Abruzzo,1304970,1129358,86.54,1.0
3112,2021-03-18,ABR,3896,1651,2245,2039,1831,26,ITF,ITF1,13,Abruzzo,Abruzzo,1304970,1133254,86.84,0.3
3113,2021-06-26,ABR,10033,5011,5022,5679,4196,158,ITF,ITF1,13,Abruzzo,Abruzzo,1304970,1143287,87.61,0.77
3114,2021-07-10,ABR,13136,6637,6499,3020,9953,163,ITF,ITF1,13,Abruzzo,Abruzzo,1304970,1156423,88.62,1.01
3115,2021-05-14,ABR,10594,5069,5525,5285,5147,162,ITF,ITF1,13,Abruzzo,Abruzzo,1304970,1167017,89.43,0.81
3116,2021-04-01,ABR,5591,2505,3086,3430,2087,74,ITF,ITF1,13,Abruzzo,Abruzzo,1304970,1172608,89.86,0.43
3117,2021-03-29,ABR,5708,2599,3109,3020,2639,49,ITF,ITF1,13,Abruzzo,Abruzzo,1304970,1178316,90.29,0.44
3118,2021-06-03,ABR,13184,6278,6906,9238,3776,170,ITF,ITF1,13,Abruzzo,Abruzzo,1304970,1191500,91.3,1.01
3119,2021-03-12,ABR,6016,1987,4029,4356,1583,77,ITF,ITF1,13,Abruzzo,Abruzzo,1304970,1197516,91.77,0.46
3120,2021-06-20,ABR,8442,4238,4204,5414,2928,100,ITF,ITF1,13,Abruzzo,Abruzzo,1304970,1205958,92.41,0.65
3121,2021-03-14,ABR,1883,731,1152,1201,666,16,ITF,ITF1,13,Abruzzo,Abruzzo,1304970,1207841,92.56,0.14
3122,2021-02-25,ABR,3052,1340,1712,2506,528,18,ITF,ITF1,13,Abruzzo,Abruzzo,1304970,1210893,92.79,0.23
3123,2021-06-05,ABR,14616,6864,7752,10374,4044,198,ITF,ITF1,13,Abruzzo,Abruzzo,1304970,1225509,93.91,1.12
3124,2021-05-17,ABR,11035,5037,5998,6025,4854,156,ITF,ITF1,13,Abruzzo,Abruzzo,1304970,1236544,94.76,0.85
3125,2021-02-23,ABR,2780,1273,1507,2754,11,15,ITF,ITF1,13,Abruzzo,Abruzzo,1304970,1239324,94.97,0.21
3126,2021-02-06,ABR,1610,743,867,595,1008,7,ITF,ITF1,13,Abruzzo,Abruzzo,1304970,1240934,95.09,0.12
3127,2021-02-08,ABR,1194,395,799,486,708,0,ITF,ITF1,13,Abruzzo,Abruzzo,1304970,1242128,95.18,0.09
3128,2021-05-19,ABR,10728,5124,5604,7568,3037,123,ITF,ITF1,13,Abruzzo,Abruzzo,1304970,1252856,96.01,0.82
3129,2021-04-30,ABR,12501,5867,6634,6515,5722,264,ITF,ITF1,13,Abruzzo,Abruzzo,1304970,1265357,96.96,0.96
3130,2021-04-13,ABR,5893,2754,3139,4561,1237,95,ITF,ITF1,13,Abruzzo,Abruzzo,1304970,1271250,97.42,0.45
3131,2021-01-20,ABR,447,156,291,425,2,20,ITF,ITF1,13,Abruzzo,Abruzzo,1304970,1271697,97.45,0.03
3132,2021-07-05,ABR,10813,5306,5507,3974,6654,185,ITF,ITF1,13,Abruzzo,Abruzzo,1304970,1282510,98.28,0.83
3133,2021-05-02,ABR,10460,5112,5348,5089,5228,143,ITF,ITF1,13,Abruzzo,Abruzzo,1304970,1292970,99.08,0.8
3134,2021-05-24,CAM,31359,15151,16208,15864,15150,345,ITF,ITF3,15,Campania,Campania,5801692,31359,0.54,0.54
3135,2021-02-13,CAM,5508,2550,2958,5109,217,182,ITF,ITF3,15,Campania,Campania,5801692,36867,0.64,0.09
3136,2021-04-23,CAM,32323,15521,16802,22484,9149,690,ITF,ITF3,15,Campania,Campania,5801692,69190,1.19,0.56
3137,2021-04-11,CAM,17524,8606,8918,15068,2083,373,ITF,ITF3,15,Campania,Campania,5801692,86714,1.49,0.3
3138,2021-04-28,CAM,36433,17640,18793,25916,9755,762,ITF,ITF3,15,Campania,Campania,5801692,123147,2.12,0.63
3139,2021-01-18,CAM,959,399,560,683,244,32,ITF,ITF3,15,Campania,Campania,5801692,124106,2.14,0.02
3140,2021-01-30,CAM,10724,5081,5643,36,10686,2,ITF,ITF3,15,Campania,Campania,5801692,134830,2.32,0.18
3141,2021-07-03,CAM,67271,32490,34781,8200,58695,376,ITF,ITF3,15,Campania,Campania,5801692,202101,3.48,1.16
3142,2021-01-16,CAM,3371,1677,1694,3262,0,109,ITF,ITF3,15,Campania,Campania,5801692,205472,3.54,0.06
3143,2021-02-11,CAM,6280,2704,3576,5929,66,285,ITF,ITF3,15,Campania,Campania,5801692,211752,3.65,0.11
3144,2021-04-16,CAM,34327,16560,17767,23022,10665,640,ITF,ITF3,15,Campania,Campania,5801692,246079,4.24,0.59
3145,2021-06-07,CAM,57579,27718,29861,52868,4033,678,ITF,ITF3,15,Campania,Campania,5801692,303658,5.23,0.99
3146,2021-02-25,CAM,12426,4479,7947,10968,1188,270,ITF,ITF3,15,Campania,Campania,5801692,316084,5.45,0.21
3147,2021-04-09,CAM,30044,14153,15891,23313,6134,597,ITF,ITF3,15,Campania,Campania,5801692,346128,5.97,0.52
3148,2021-06-05,CAM,77616,37576,40040,70884,6021,711,ITF,ITF3,15,Campania,Campania,5801692,423744,7.3,1.34
3149,2021-06-14,CAM,37109,17912,19197,18789,18011,309,ITF,ITF3,15,Campania,Campania,5801692,460853,7.94,0.64
3150,2021-03-28,CAM,15557,7504,8053,13602,1625,330,ITF,ITF3,15,Campania,Campania,5801692,476410,8.21,0.27
3151,2021-01-04,CAM,5826,2963,2863,5727,0,99,ITF,ITF3,15,Campania,Campania,5801692,482236,8.31,0.1
3152,2021-06-19,CAM,62371,29700,32671,24260,37736,375,ITF,ITF3,15,Campania,Campania,5801692,544607,9.39,1.08
3153,2021-03-09,CAM,14128,6870,7258,9961,3785,382,ITF,ITF3,15,Campania,Campania,5801692,558735,9.63,0.24
3154,2021-03-02,CAM,12761,4558,8203,8214,4345,202,ITF,ITF3,15,Campania,Campania,5801692,571496,9.85,0.22
3155,2021-01-11,CAM,4070,1871,2199,3961,0,109,ITF,ITF3,15,Campania,Campania,5801692,575566,9.92,0.07
3156,2021-06-24,CAM,66044,31814,34230,13473,52242,329,ITF,ITF3,15,Campania,Campania,5801692,641610,11.06,1.14
3157,2021-03-16,CAM,8086,3519,4567,3700,4314,72,ITF,ITF3,15,Campania,Campania,5801692,649696,11.2,0.14
3158,2021-01-25,CAM,5746,2927,2819,163,5583,0,ITF,ITF3,15,Campania,Campania,5801692,655442,11.3,0.1
3159,2021-07-01,CAM,61480,29838,31642,19840,40991,649,ITF,ITF3,15,Campania,Campania,5801692,716922,12.36,1.06
3160,2021-03-23,CAM,15743,7446,8297,12925,2513,305,ITF,ITF3,15,Campania,Campania,5801692,732665,12.63,0.27
3161,2021-05-19,CAM,51155,22604,28551,33826,16608,721,ITF,ITF3,15,Campania,Campania,5801692,783820,13.51,0.88
3162,2021-06-26,CAM,62921,30685,32236,14664,47849,408,ITF,ITF3,15,Campania,Campania,5801692,846741,14.59,1.08
3163,2021-07-13,CAM,53611,25760,27851,4906,48458,247,ITF,ITF3,15,Campania,Campania,5801692,900352,15.52,0.92
3164,2021-04-04,CAM,7966,4017,3949,6701,1047,218,ITF,ITF3,15,Campania,Campania,5801692,908318,15.66,0.14
3165,2021-06-12,CAM,63983,31539,32444,55946,7215,822,ITF,ITF3,15,Campania,Campania,5801692,972301,16.76,1.1
3166,2021-03-04,CAM,14708,5396,9312,8555,5894,259,ITF,ITF3,15,Campania,Campania,5801692,987009,17.01,0.25
3167,2021-05-07,CAM,59769,29208,30561,42785,15946,1038,ITF,ITF3,15,Campania,Campania,5801692,1046778,18.04,1.03
3168,2021-05-17,CAM,49363,21702,27661,23655,25257,451,ITF,ITF3,15,Campania,Campania,5801692,1096141,18.89,0.85
3169,2021-02-06,CAM,5341,2666,2675,2006,3239,96,ITF,ITF3,15,Campania,Campania,5801692,1101482,18.99,0.09
3170,2021-04-30,CAM,42324,20192,22132,25038,16498,788,ITF,ITF3,15,Campania,Campania,5801692,1143806,19.72,0.73
3171,2021-02-04,CAM,7943,3429,4514,1249,6635,59,ITF,ITF3,15,Campania,Campania,5801692,1151749,19.85,0.14
3172,2021-01-01,CAM,919,506,413,900,0,19,ITF,ITF3,15,Campania,Campania,5801692,1152668,19.87,0.02
3173,2021-03-25,CAM,20320,9653,10667,16389,3503,428,ITF,ITF3,15,Campania,Campania,5801692,1172988,20.22,0.35
3174,2021-01-23,CAM,3839,2029,1810,267,3566,6,ITF,ITF3,15,Campania,Campania,5801692,1176827,20.28,0.07
3175,2021-03-21,CAM,10071,4674,5397,7507,2390,174,ITF,ITF3,15,Campania,Campania,5801692,1186898,20.46,0.17
3176,2021-02-10,CAM,6905,3413,3492,6484,177,244,ITF,ITF3,15,Campania,Campania,5801692,1193803,20.58,0.12
3177,2021-04-08,CAM,28392,13750,14642,21994,5843,555,ITF,ITF3,15,Campania,Campania,5801692,1222195,21.07,0.49
3178,2021-06-04,CAM,74494,35806,38688,64788,9061,645,ITF,ITF3,15,Campania,Campania,5801692,1296689,22.35,1.28
3179,2021-05-21,CAM,63709,29605,34104,42178,20526,1005,ITF,ITF3,15,Campania,Campania,5801692,1360398,23.45,1.1
3180,2021-01-06,CAM,7650,3749,3901,7506,0,144,ITF,ITF3,15,Campania,Campania,5801692,1368048,23.58,0.13
3181,2021-02-18,CAM,9080,3813,5267,8151,707,222,ITF,ITF3,15,Campania,Campania,5801692,1377128,23.74,0.16
3182,2021-04-25,CAM,30733,15169,15564,24599,5396,738,ITF,ITF3,15,Campania,Campania,5801692,1407861,24.27,0.53
3183,2021-01-13,CAM,8020,3666,4354,7780,0,240,ITF,ITF3,15,Campania,Campania,5801692,1415881,24.4,0.14
3184,2021-05-31,CAM,40728,20665,20063,29852,10310,566,ITF,ITF3,15,Campania,Campania,5801692,1456609,25.11,0.7
3185,2021-02-27,CAM,13948,4473,9475,12008,1642,298,ITF,ITF3,15,Campania,Campania,5801692,1470557,25.35,0.24
3186,2021-06-16,CAM,31592,14979,16613,20540,10758,294,ITF,ITF3,15,Campania,Campania,5801692,1502149,25.89,0.54
3187,2021-05-26,CAM,52669,25833,26836,21107,31097,465,ITF,ITF3,15,Campania,Campania,5801692,1554818,26.8,0.91
3188,2021-04-06,CAM,24510,11561,12949,19506,4523,481,ITF,ITF3,15,Campania,Campania,5801692,1579328,27.22,0.42
3189,2021-07-12,CAM,56637,27343,29294,3756,52563,318,ITF,ITF3,15,Campania,Campania,5801692,1635965,28.2,0.98
3190,2020-12-27,CAM,720,422,298,716,0,4,ITF,ITF3,15,Campania,Campania,5801692,1636685,28.21,0.01
3191,2021-05-05,CAM,51172,24857,26315,43286,6386,1500,ITF,ITF3,15,Campania,Campania,5801692,1687857,29.09,0.88
3192,2021-05-12,CAM,40888,19950,20938,30592,9156,1140,ITF,ITF3,15,Campania,Campania,5801692,1728745,29.8,0.7
3193,2021-07-08,CAM,61082,29400,31682,5665,55113,304,ITF,ITF3,15,Campania,Campania,5801692,1789827,30.85,1.05
3194,2021-01-27,CAM,7738,3820,3918,157,7576,5,ITF,ITF3,15,Campania,Campania,5801692,1797565,30.98,0.13
3195,2021-03-18,CAM,12175,5380,6795,5795,6189,191,ITF,ITF3,15,Campania,Campania,5801692,1809740,31.19,0.21
3196,2021-01-20,CAM,1257,650,607,1226,0,31,ITF,ITF3,15,Campania,Campania,5801692,1810997,31.21,0.02
3197,2021-04-13,CAM,26608,12685,13923,20576,5534,498,ITF,ITF3,15,Campania,Campania,5801692,1837605,31.67,0.46
3198,2021-01-03,CAM,3836,2009,1827,3787,0,49,ITF,ITF3,15,Campania,Campania,5801692,1841441,31.74,0.07
3199,2021-07-05,CAM,63279,30504,32775,12749,49862,668,ITF,ITF3,15,Campania,Campania,5801692,1904720,32.83,1.09
3200,2021-04-01,CAM,24680,12010,12670,20080,4133,467,ITF,ITF3,15,Campania,Campania,5801692,1929400,33.26,0.43
3201,2021-05-28,CAM,73041,35308,37733,26278,46149,614,ITF,ITF3,15,Campania,Campania,5801692,2002441,34.51,1.26
3202,2021-05-14,CAM,61038,27583,33455,34851,24706,1481,ITF,ITF3,15,Campania,Campania,5801692,2063479,35.57,1.05
3203,2021-07-10,CAM,66873,32654,34219,2754,63923,196,ITF,ITF3,15,Campania,Campania,5801692,2130352,36.72,1.15
3204,2021-05-02,CAM,43495,21540,21955,31286,11359,850,ITF,ITF3,15,Campania,Campania,5801692,2173847,37.47,0.75
3205,2021-01-22,CAM,1525,776,749,659,852,14,ITF,ITF3,15,Campania,Campania,5801692,2175372,37.5,0.03
3206,2021-03-06,CAM,16371,6815,9556,10411,5669,291,ITF,ITF3,15,Campania,Campania,5801692,2191743,37.78,0.28
3207,2021-04-18,CAM,27220,13285,13935,17823,8900,497,ITF,ITF3,15,Campania,Campania,5801692,2218963,38.25,0.47
3208,2021-01-08,CAM,10453,4967,5486,10194,0,259,ITF,ITF3,15,Campania,Campania,5801692,2229416,38.43,0.18
3209,2021-04-27,CAM,32159,15625,16534,23497,7922,740,ITF,ITF3,15,Campania,Campania,5801692,2261575,38.98,0.55
3210,2021-06-23,CAM,46735,22078,24657,10749,35780,206,ITF,ITF3,15,Campania,Campania,5801692,2308310,39.79,0.81
3211,2021-01-15,CAM,4979,2381,2598,4823,0,156,ITF,ITF3,15,Campania,Campania,5801692,2313289,39.87,0.09
3212,2021-06-21,CAM,46835,22618,24217,11349,35203,283,ITF,ITF3,15,Campania,Campania,5801692,2360124,40.68,0.81
3213,2021-03-13,CAM,14518,7038,7480,8989,5282,247,ITF,ITF3,15,Campania,Campania,5801692,2374642,40.93,0.25
3214,2021-02-08,CAM,5113,2449,2664,4164,803,146,ITF,ITF3,15,Campania,Campania,5801692,2379755,41.02,0.09
3215,2021-04-20,CAM,32039,15500,16539,20161,11312,566,ITF,ITF3,15,Campania,Campania,5801692,2411794,41.57,0.55
3216,2021-06-28,CAM,46511,22735,23776,20588,25400,523,ITF,ITF3,15,Campania,Campania,5801692,2458305,42.37,0.8
3217,2021-03-20,CAM,13989,6529,7460,10013,3739,237,ITF,ITF3,15,Campania,Campania,5801692,2472294,42.61,0.24
3218,2021-02-15,CAM,5472,2516,2956,5159,175,138,ITF,ITF3,15,Campania,Campania,5801692,2477766,42.71,0.09
3219,2021-06-09,CAM,53050,26048,27002,41701,10903,446,ITF,ITF3,15,Campania,Campania,5801692,2530816,43.62,0.91
3220,2021-03-01,CAM,12130,4248,7882,7784,4112,234,ITF,ITF3,15,Campania,Campania,5801692,2542946,43.83,0.21
3221,2021-05-09,CAM,43201,20285,22916,30970,11096,1135,ITF,ITF3,15,Campania,Campania,5801692,2586147,44.58,0.74
3222,2021-02-01,CAM,3984,1813,2171,102,3874,8,ITF,ITF3,15,Campania,Campania,5801692,2590131,44.64,0.07
3223,2021-03-30,CAM,22052,10577,11475,18598,2957,497,ITF,ITF3,15,Campania,Campania,5801692,2612183,45.02,0.38
3224,2021-04-17,CAM,36184,17511,18673,23985,11512,687,ITF,ITF3,15,Campania,Campania,5801692,2648367,45.65,0.62
3225,2021-06-13,CAM,43422,21236,22186,38101,4728,593,ITF,ITF3,15,Campania,Campania,5801692,2691789,46.4,0.75
3226,2021-05-30,CAM,52153,25441,26712,37961,13313,879,ITF,ITF3,15,Campania,Campania,5801692,2743942,47.3,0.9
3227,2021-02-19,CAM,9571,3559,6012,8714,650,207,ITF,ITF3,15,Campania,Campania,5801692,2753513,47.46,0.16
3228,2021-07-14,CAM,20221,9544,10677,1452,18657,112,ITF,ITF3,15,Campania,Campania,5801692,2773734,47.81,0.35
3229,2021-04-05,CAM,11638,5542,6096,8939,2424,275,ITF,ITF3,15,Campania,Campania,5801692,2785372,48.01,0.2
3230,2021-03-17,CAM,11590,5100,6490,4860,6581,149,ITF,ITF3,15,Campania,Campania,5801692,2796962,48.21,0.2
3231,2021-06-11,CAM,70788,34389,36399,63912,6034,842,ITF,ITF3,15,Campania,Campania,5801692,2867750,49.43,1.22
3232,2021-03-03,CAM,13924,5496,8428,7099,6630,195,ITF,ITF3,15,Campania,Campania,5801692,2881674,49.67,0.24
3233,2021-07-07,CAM,52218,24783,27435,7269,44565,384,ITF,ITF3,15,Campania,Campania,5801692,2933892,50.57,0.9
3234,2021-03-29,CAM,19405,9578,9827,17471,1547,387,ITF,ITF3,15,Campania,Campania,5801692,2953297,50.9,0.33
3235,2021-03-08,CAM,14687,6846,7841,9504,4777,406,ITF,ITF3,15,Campania,Campania,5801692,2967984,51.16,0.25
3236,2021-05-04,CAM,48481,23347,25134,38351,8901,1229,ITF,ITF3,15,Campania,Campania,5801692,3016465,51.99,0.84
3237,2021-01-24,CAM,4122,2119,2003,360,3745,17,ITF,ITF3,15,Campania,Campania,5801692,3020587,52.06,0.07
3238,2021-05-13,CAM,55450,24827,30623,37876,16005,1569,ITF,ITF3,15,Campania,Campania,5801692,3076037,53.02,0.96
3239,2021-07-09,CAM,61418,29736,31682,4367,56759,292,ITF,ITF3,15,Campania,Campania,5801692,3137455,54.08,1.06
3240,2021-01-31,CAM,8070,3712,4358,22,8047,1,ITF,ITF3,15,Campania,Campania,5801692,3145525,54.22,0.14
3241,2021-03-22,CAM,13181,6344,6837,10864,2041,276,ITF,ITF3,15,Campania,Campania,5801692,3158706,54.44,0.23
3242,2021-02-07,CAM,2928,1381,1547,2067,771,90,ITF,ITF3,15,Campania,Campania,5801692,3161634,54.5,0.05
3243,2021-06-30,CAM,47594,22737,24857,18378,28603,613,ITF,ITF3,15,Campania,Campania,5801692,3209228,55.32,0.82
3244,2020-12-31,CAM,1489,810,679,1470,0,19,ITF,ITF3,15,Campania,Campania,5801692,3210717,55.34,0.03
3245,2021-06-06,CAM,63226,31444,31782,61929,648,649,ITF,ITF3,15,Campania,Campania,5801692,3273943,56.43,1.09
3246,2021-02-26,CAM,13335,4227,9108,11731,1336,268,ITF,ITF3,15,Campania,Campania,5801692,3287278,56.66,0.23
3247,2021-04-24,CAM,36364,17528,18836,24361,11248,755,ITF,ITF3,15,Campania,Campania,5801692,3323642,57.29,0.63
3248,2021-04-10,CAM,28355,13493,14862,22827,4914,614,ITF,ITF3,15,Campania,Campania,5801692,3351997,57.78,0.49
3249,2021-06-20,CAM,47594,22739,24855,14332,32977,285,ITF,ITF3,15,Campania,Campania,5801692,3399591,58.6,0.82
3250,2021-03-27,CAM,21514,10243,11271,17257,3865,392,ITF,ITF3,15,Campania,Campania,5801692,3421105,58.97,0.37
3251,2021-06-01,CAM,42036,20865,21171,31324,10493,219,ITF,ITF3,15,Campania,Campania,5801692,3463141,59.69,0.72
3252,2021-06-18,CAM,65880,31396,34484,35097,30294,489,ITF,ITF3,15,Campania,Campania,5801692,3529021,60.83,1.14
3253,2021-03-10,CAM,15613,7720,7893,8465,6835,313,ITF,ITF3,15,Campania,Campania,5801692,3544634,61.1,0.27
3254,2021-05-15,CAM,62656,29041,33615,42155,18713,1788,ITF,ITF3,15,Campania,Campania,5801692,3607290,62.18,1.08
3255,2021-03-12,CAM,14573,7409,7164,8198,6083,292,ITF,ITF3,15,Campania,Campania,5801692,3621863,62.43,0.25
3256,2021-06-03,CAM,72636,35228,37408,61157,10674,805,ITF,ITF3,15,Campania,Campania,5801692,3694499,63.68,1.25
3257,2021-02-23,CAM,11002,3388,7614,10206,526,270,ITF,ITF3,15,Campania,Campania,5801692,3705501,63.87,0.19
3258,2021-06-25,CAM,65498,31798,33700,13793,51326,379,ITF,ITF3,15,Campania,Campania,5801692,3770999,65.0,1.13
3259,2021-05-25,CAM,46502,22383,24119,22544,23410,548,ITF,ITF3,15,Campania,Campania,5801692,3817501,65.8,0.8
3260,2021-04-22,CAM,33961,16540,17421,20931,12405,625,ITF,ITF3,15,Campania,Campania,5801692,3851462,66.39,0.59
3261,2021-01-12,CAM,5215,2564,2651,5076,0,139,ITF,ITF3,15,Campania,Campania,5801692,3856677,66.48,0.09
3262,2021-05-06,CAM,57283,27909,29374,41311,14452,1520,ITF,ITF3,15,Campania,Campania,5801692,3913960,67.46,0.99
3263,2021-02-24,CAM,11784,4149,7635,10849,688,247,ITF,ITF3,15,Campania,Campania,5801692,3925744,67.67,0.2
3264,2021-01-05,CAM,7237,3637,3600,7076,0,161,ITF,ITF3,15,Campania,Campania,5801692,3932981,67.79,0.12
3265,2021-02-17,CAM,7389,3211,4178,6205,1060,124,ITF,ITF3,15,Campania,Campania,5801692,3940370,67.92,0.13
3266,2021-04-15,CAM,34343,16663,17680,23813,9902,628,ITF,ITF3,15,Campania,Campania,5801692,3974713,68.51,0.59
3267,2021-01-17,CAM,1155,551,604,682,453,20,ITF,ITF3,15,Campania,Campania,5801692,3975868,68.53,0.02
3268,2021-03-15,CAM,13346,6491,6855,8353,4746,247,ITF,ITF3,15,Campania,Campania,5801692,3989214,68.76,0.23
3269,2021-07-02,CAM,55851,26987,28864,14438,40930,483,ITF,ITF3,15,Campania,Campania,5801692,4045065,69.72,0.96
3270,2021-05-27,CAM,72911,35351,37560,25820,46533,558,ITF,ITF3,15,Campania,Campania,5801692,4117976,70.98,1.26
3271,2021-02-16,CAM,5440,2412,3028,4495,771,174,ITF,ITF3,15,Campania,Campania,5801692,4123416,71.07,0.09
3272,2021-01-10,CAM,8165,3736,4429,7963,0,202,ITF,ITF3,15,Campania,Campania,5801692,4131581,71.21,0.14
3273,2021-04-03,CAM,21117,10316,10801,18282,2381,454,ITF,ITF3,15,Campania,Campania,5801692,4152698,71.58,0.36
3274,2021-05-11,CAM,39862,19238,20624,29551,9400,911,ITF,ITF3,15,Campania,Campania,5801692,4192560,72.26,0.69
3275,2021-07-11,CAM,40852,19658,21194,1015,39756,81,ITF,ITF3,15,Campania,Campania,5801692,4233412,72.97,0.7
3276,2021-02-02,CAM,5724,2805,2919,413,5280,31,ITF,ITF3,15,Campania,Campania,5801692,4239136,73.07,0.1
3277,2021-03-31,CAM,23187,11371,11816,19359,3440,388,ITF,ITF3,15,Campania,Campania,5801692,4262323,73.47,0.4
3278,2021-04-07,CAM,24971,11986,12985,19713,4725,533,ITF,ITF3,15,Campania,Campania,5801692,4287294,73.9,0.43
3279,2021-04-02,CAM,21861,10522,11339,19097,2322,442,ITF,ITF3,15,Campania,Campania,5801692,4309155,74.27,0.38
3280,2021-01-07,CAM,8909,4167,4742,8736,0,173,ITF,ITF3,15,Campania,Campania,5801692,4318064,74.43,0.15
3281,2021-03-05,CAM,16813,6666,10147,9865,6663,285,ITF,ITF3,15,Campania,Campania,5801692,4334877,74.72,0.29
3282,2021-01-14,CAM,7074,2978,4096,6810,0,264,ITF,ITF3,15,Campania,Campania,5801692,4341951,74.84,0.12
3283,2021-06-22,CAM,52438,25009,27429,13198,38993,247,ITF,ITF3,15,Campania,Campania,5801692,4394389,75.74,0.9
3284,2021-03-14,CAM,8616,3827,4789,4379,4140,97,ITF,ITF3,15,Campania,Campania,5801692,4403005,75.89,0.15
3285,2021-05-10,CAM,35466,16388,19078,24999,9927,540,ITF,ITF3,15,Campania,Campania,5801692,4438471,76.5,0.61
3286,2021-02-28,CAM,10412,3207,7205,8315,1900,197,ITF,ITF3,15,Campania,Campania,5801692,4448883,76.68,0.18
3287,2021-02-14,CAM,3929,1923,2006,3845,34,50,ITF,ITF3,15,Campania,Campania,5801692,4452812,76.75,0.07
3288,2021-01-26,CAM,7341,3726,3615,331,6989,21,ITF,ITF3,15,Campania,Campania,5801692,4460153,76.88,0.13
3289,2021-04-19,CAM,30770,14830,15940,18693,11572,505,ITF,ITF3,15,Campania,Campania,5801692,4490923,77.41,0.53
3290,2021-01-09,CAM,10567,5024,5543,10306,0,261,ITF,ITF3,15,Campania,Campania,5801692,4501490,77.59,0.18
3291,2021-05-22,CAM,67956,32512,35444,45621,21489,846,ITF,ITF3,15,Campania,Campania,5801692,4569446,78.76,1.17
3292,2021-03-24,CAM,17923,8370,9553,14626,2958,339,ITF,ITF3,15,Campania,Campania,5801692,4587369,79.07,0.31
3293,2021-05-20,CAM,60830,28141,32689,42227,17638,965,ITF,ITF3,15,Campania,Campania,5801692,4648199,80.12,1.05
3294,2021-02-09,CAM,4643,2202,2441,4234,252,157,ITF,ITF3,15,Campania,Campania,5801692,4652842,80.2,0.08
3295,2021-05-23,CAM,58745,28638,30107,37221,20895,629,ITF,ITF3,15,Campania,Campania,5801692,4711587,81.21,1.01
3296,2021-02-12,CAM,6531,2861,3670,6092,188,251,ITF,ITF3,15,Campania,Campania,5801692,4718118,81.32,0.11
3297,2021-01-29,CAM,10053,4812,5241,43,10006,4,ITF,ITF3,15,Campania,Campania,5801692,4728171,81.5,0.17
3298,2021-06-27,CAM,43551,21450,22101,14111,29066,374,ITF,ITF3,15,Campania,Campania,5801692,4771722,82.25,0.75
3299,2021-03-19,CAM,11143,4973,6170,7096,3873,174,ITF,ITF3,15,Campania,Campania,5801692,4782865,82.44,0.19
3300,2021-06-10,CAM,75900,36675,39225,67992,7034,874,ITF,ITF3,15,Campania,Campania,5801692,4858765,83.75,1.31
3301,2021-05-08,CAM,56429,27142,29287,39152,15828,1449,ITF,ITF3,15,Campania,Campania,5801692,4915194,84.72,0.97
3302,2021-01-28,CAM,8833,4122,4711,126,8699,8,ITF,ITF3,15,Campania,Campania,5801692,4924027,84.87,0.15
3303,2021-04-21,CAM,30233,14729,15504,17483,12227,523,ITF,ITF3,15,Campania,Campania,5801692,4954260,85.39,0.52
3304,2021-02-21,CAM,5836,2241,3595,5496,225,115,ITF,ITF3,15,Campania,Campania,5801692,4960096,85.49,0.1
3305,2021-06-08,CAM,53035,25850,27185,45457,6996,582,ITF,ITF3,15,Campania,Campania,5801692,5013131,86.41,0.91
3306,2021-04-26,CAM,34032,16649,17383,27572,5622,838,ITF,ITF3,15,Campania,Campania,5801692,5047163,86.99,0.59
3307,2021-03-07,CAM,11973,5404,6569,7816,3843,314,ITF,ITF3,15,Campania,Campania,5801692,5059136,87.2,0.21
3308,2021-05-03,CAM,40777,19898,20879,27957,11857,963,ITF,ITF3,15,Campania,Campania,5801692,5099913,87.9,0.7
3309,2021-06-29,CAM,49297,23977,25320,19834,29004,459,ITF,ITF3,15,Campania,Campania,5801692,5149210,88.75,0.85
3310,2021-06-15,CAM,18664,9081,9583,11022,7410,232,ITF,ITF3,15,Campania,Campania,5801692,5167874,89.08,0.32
3311,2021-05-29,CAM,67815,32258,35557,43107,23869,839,ITF,ITF3,15,Campania,Campania,5801692,5235689,90.24,1.17
3312,2021-06-02,CAM,42830,20144,22686,37720,4675,435,ITF,ITF3,15,Campania,Campania,5801692,5278519,90.98,0.74
3313,2021-02-22,CAM,10682,3294,7388,10194,263,225,ITF,ITF3,15,Campania,Campania,5801692,5289201,91.17,0.18
3314,2021-03-11,CAM,17998,9056,8942,10331,7279,388,ITF,ITF3,15,Campania,Campania,5801692,5307199,91.48,0.31
3315,2021-05-16,CAM,51147,23226,27921,32868,17573,706,ITF,ITF3,15,Campania,Campania,5801692,5358346,92.36,0.88
3316,2021-02-20,CAM,8573,3080,5493,8109,303,161,ITF,ITF3,15,Campania,Campania,5801692,5366919,92.51,0.15
3317,2021-02-03,CAM,8903,4003,4900,842,8025,36,ITF,ITF3,15,Campania,Campania,5801692,5375822,92.66,0.15
3318,2021-05-18,CAM,52185,23231,28954,31876,19656,653,ITF,ITF3,15,Campania,Campania,5801692,5428007,93.56,0.9
3319,2021-02-05,CAM,7261,3463,3798,2019,5128,114,ITF,ITF3,15,Campania,Campania,5801692,5435268,93.68,0.13
3320,2021-04-29,CAM,41328,20036,21292,24096,16481,751,ITF,ITF3,15,Campania,Campania,5801692,5476596,94.4,0.71
3321,2021-01-19,CAM,1095,474,621,1042,3,50,ITF,ITF3,15,Campania,Campania,5801692,5477691,94.42,0.02
3322,2021-01-21,CAM,2092,1115,977,670,1416,6,ITF,ITF3,15,Campania,Campania,5801692,5479783,94.45,0.04
3323,2021-04-14,CAM,27650,13338,14312,18669,8570,411,ITF,ITF3,15,Campania,Campania,5801692,5507433,94.93,0.48
3324,2021-05-01,CAM,46346,22662,23684,29339,16105,902,ITF,ITF3,15,Campania,Campania,5801692,5553779,95.73,0.8
3325,2021-07-06,CAM,56607,27022,29585,16300,39858,449,ITF,ITF3,15,Campania,Campania,5801692,5610386,96.7,0.98
3326,2021-04-12,CAM,23306,10920,12386,19772,3035,499,ITF,ITF3,15,Campania,Campania,5801692,5633692,97.1,0.4
3327,2021-01-02,CAM,3672,1962,1710,3614,0,58,ITF,ITF3,15,Campania,Campania,5801692,5637364,97.17,0.06
3328,2021-06-17,CAM,60159,28847,31312,32896,26764,499,ITF,ITF3,15,Campania,Campania,5801692,5697523,98.2,1.04
3329,2021-07-04,CAM,48818,23764,25054,6326,42310,182,ITF,ITF3,15,Campania,Campania,5801692,5746341,99.05,0.84
3330,2021-03-26,CAM,19863,9322,10541,15651,3815,397,ITF,ITF3,15,Campania,Campania,5801692,5766204,99.39,0.34
3331,2021-07-06,PIE,38237,19366,18871,9178,29059,0,ITC,ITC1,1,Piemonte,Piemonte,4356406,38237,0.88,0.88
3332,2021-03-28,PIE,16056,6898,9158,8114,7621,321,ITC,ITC1,1,Piemonte,Piemonte,4356406,54293,1.25,0.37
3333,2021-04-11,PIE,20823,9319,11504,18221,2149,453,ITC,ITC1,1,Piemonte,Piemonte,4356406,75116,1.72,0.48
3334,2021-01-04,PIE,5558,1676,3882,5557,0,1,ITC,ITC1,1,Piemonte,Piemonte,4356406,80674,1.85,0.13
3335,2021-04-28,PIE,26027,11729,14298,15454,10032,541,ITC,ITC1,1,Piemonte,Piemonte,4356406,106701,2.45,0.6
3336,2021-01-18,PIE,6164,2046,4118,5911,249,4,ITC,ITC1,1,Piemonte,Piemonte,4356406,112865,2.59,0.14
3337,2021-05-24,PIE,28970,13417,15553,16630,11962,378,ITC,ITC1,1,Piemonte,Piemonte,4356406,141835,3.26,0.66
3338,2021-03-02,PIE,11244,4547,6697,10245,815,184,ITC,ITC1,1,Piemonte,Piemonte,4356406,153079,3.51,0.26
3339,2021-06-12,PIE,42547,22431,20116,39918,2629,0,ITC,ITC1,1,Piemonte,Piemonte,4356406,195626,4.49,0.98
3340,2021-06-07,PIE,34882,17859,17023,30086,4792,4,ITC,ITC1,1,Piemonte,Piemonte,4356406,230508,5.29,0.8
3341,2020-12-28,PIE,1,1,0,1,0,0,ITC,ITC1,1,Piemonte,Piemonte,4356406,230509,5.29,0.0
3342,2021-05-19,PIE,33136,15297,17839,21435,11121,580,ITC,ITC1,1,Piemonte,Piemonte,4356406,263645,6.05,0.76
3343,2021-03-14,PIE,8201,3335,4866,5170,2896,135,ITC,ITC1,1,Piemonte,Piemonte,4356406,271846,6.24,0.19
3344,2021-05-10,PIE,28950,13953,14997,15413,13108,429,ITC,ITC1,1,Piemonte,Piemonte,4356406,300796,6.9,0.66
3345,2021-01-30,PIE,5980,2135,3845,216,5763,1,ITC,ITC1,1,Piemonte,Piemonte,4356406,306776,7.04,0.14
3346,2021-06-24,PIE,39145,19642,19503,18871,20274,0,ITC,ITC1,1,Piemonte,Piemonte,4356406,345921,7.94,0.9
3347,2021-03-16,PIE,10511,4269,6242,4369,6051,91,ITC,ITC1,1,Piemonte,Piemonte,4356406,356432,8.18,0.24
3348,2021-05-12,PIE,31884,15185,16699,18369,12900,615,ITC,ITC1,1,Piemonte,Piemonte,4356406,388316,8.91,0.73
3349,2021-03-23,PIE,13180,5555,7625,6634,6242,304,ITC,ITC1,1,Piemonte,Piemonte,4356406,401496,9.22,0.3
3350,2021-01-16,PIE,7761,2624,5137,7754,0,7,ITC,ITC1,1,Piemonte,Piemonte,4356406,409257,9.39,0.18
3351,2021-07-08,PIE,40821,20875,19946,7953,32851,17,ITC,ITC1,1,Piemonte,Piemonte,4356406,450078,10.33,0.94
3352,2021-01-23,PIE,4254,1325,2929,876,3376,2,ITC,ITC1,1,Piemonte,Piemonte,4356406,454332,10.43,0.1
3353,2021-03-21,PIE,10722,4739,5983,4023,6532,167,ITC,ITC1,1,Piemonte,Piemonte,4356406,465054,10.68,0.25
3354,2021-04-23,PIE,27412,12594,14818,19965,6758,689,ITC,ITC1,1,Piemonte,Piemonte,4356406,492466,11.3,0.63
3355,2021-06-19,PIE,40007,20299,19708,23360,16645,2,ITC,ITC1,1,Piemonte,Piemonte,4356406,532473,12.22,0.92
3356,2021-02-04,PIE,10200,3339,6861,581,9617,2,ITC,ITC1,1,Piemonte,Piemonte,4356406,542673,12.46,0.23
3357,2021-04-30,PIE,31825,14316,17509,17833,13326,666,ITC,ITC1,1,Piemonte,Piemonte,4356406,574498,13.19,0.73
3358,2021-02-11,PIE,6755,2104,4651,2978,3758,19,ITC,ITC1,1,Piemonte,Piemonte,4356406,581253,13.34,0.16
3359,2021-04-09,PIE,25832,11382,14450,20773,4503,556,ITC,ITC1,1,Piemonte,Piemonte,4356406,607085,13.94,0.59
3360,2020-12-30,PIE,730,322,408,730,0,0,ITC,ITC1,1,Piemonte,Piemonte,4356406,607815,13.95,0.02
3361,2021-06-05,PIE,36928,18919,18009,32470,4456,2,ITC,ITC1,1,Piemonte,Piemonte,4356406,644743,14.8,0.85
3362,2021-02-25,PIE,12207,5245,6962,11485,545,177,ITC,ITC1,1,Piemonte,Piemonte,4356406,656950,15.08,0.28
3363,2021-05-17,PIE,30909,14601,16308,17480,13149,280,ITC,ITC1,1,Piemonte,Piemonte,4356406,687859,15.79,0.71
3364,2021-02-06,PIE,7992,2665,5327,396,7594,2,ITC,ITC1,1,Piemonte,Piemonte,4356406,695851,15.97,0.18
3365,2021-02-23,PIE,9231,3713,5518,8482,581,168,ITC,ITC1,1,Piemonte,Piemonte,4356406,705082,16.18,0.21
3366,2021-05-31,PIE,29101,14054,15047,20138,8577,386,ITC,ITC1,1,Piemonte,Piemonte,4356406,734183,16.85,0.67
3367,2021-06-17,PIE,41015,20590,20425,24702,16311,2,ITC,ITC1,1,Piemonte,Piemonte,4356406,775198,17.79,0.94
3368,2021-03-09,PIE,14206,5651,8555,11642,2340,224,ITC,ITC1,1,Piemonte,Piemonte,4356406,789404,18.12,0.33
3369,2021-07-12,PIE,39073,20154,18919,4866,34113,94,ITC,ITC1,1,Piemonte,Piemonte,4356406,828477,19.02,0.9
3370,2021-04-20,PIE,25475,11665,13810,18528,6341,606,ITC,ITC1,1,Piemonte,Piemonte,4356406,853952,19.6,0.58
3371,2021-05-07,PIE,33063,15635,17428,18554,14119,390,ITC,ITC1,1,Piemonte,Piemonte,4356406,887015,20.36,0.76
3372,2021-01-27,PIE,4193,1451,2742,994,3197,2,ITC,ITC1,1,Piemonte,Piemonte,4356406,891208,20.46,0.1
3373,2021-02-13,PIE,4153,1335,2818,2917,1222,14,ITC,ITC1,1,Piemonte,Piemonte,4356406,895361,20.55,0.1
3374,2021-05-02,PIE,25080,11268,13812,13956,10742,382,ITC,ITC1,1,Piemonte,Piemonte,4356406,920441,21.13,0.58
3375,2021-02-27,PIE,12673,4845,7828,12103,344,226,ITC,ITC1,1,Piemonte,Piemonte,4356406,933114,21.42,0.29
3376,2021-02-08,PIE,6914,2354,4560,661,6249,4,ITC,ITC1,1,Piemonte,Piemonte,4356406,940028,21.58,0.16
3377,2021-06-26,PIE,41116,20918,20198,22606,18510,0,ITC,ITC1,1,Piemonte,Piemonte,4356406,981144,22.52,0.94
3378,2021-07-13,PIE,38348,19800,18548,3831,34400,117,ITC,ITC1,1,Piemonte,Piemonte,4356406,1019492,23.4,0.88
3379,2021-04-04,PIE,9252,4057,5195,6393,2710,149,ITC,ITC1,1,Piemonte,Piemonte,4356406,1028744,23.61,0.21
3380,2021-04-21,PIE,25726,11826,13900,19774,5337,615,ITC,ITC1,1,Piemonte,Piemonte,4356406,1054470,24.21,0.59
3381,2021-01-11,PIE,8737,2978,5759,8731,0,6,ITC,ITC1,1,Piemonte,Piemonte,4356406,1063207,24.41,0.2
3382,2021-06-28,PIE,38381,19060,19321,15664,22715,2,ITC,ITC1,1,Piemonte,Piemonte,4356406,1101588,25.29,0.88
3383,2021-04-06,PIE,20235,8808,11427,14591,5194,450,ITC,ITC1,1,Piemonte,Piemonte,4356406,1121823,25.75,0.46
3384,2020-12-27,PIE,913,369,544,913,0,0,ITC,ITC1,1,Piemonte,Piemonte,4356406,1122736,25.77,0.02
3385,2021-05-05,PIE,32236,15143,17093,18545,13063,628,ITC,ITC1,1,Piemonte,Piemonte,4356406,1154972,26.51,0.74
3386,2021-07-01,PIE,41832,20939,20893,20715,21114,3,ITC,ITC1,1,Piemonte,Piemonte,4356406,1196804,27.47,0.96
3387,2021-06-02,PIE,26529,12997,13532,22062,4467,0,ITC,ITC1,1,Piemonte,Piemonte,4356406,1223333,28.08,0.61
3388,2021-02-22,PIE,8477,3468,5009,7787,590,100,ITC,ITC1,1,Piemonte,Piemonte,4356406,1231810,28.28,0.19
3389,2021-03-11,PIE,13897,5204,8693,10562,3096,239,ITC,ITC1,1,Piemonte,Piemonte,4356406,1245707,28.59,0.32
3390,2021-03-25,PIE,17123,7265,9858,8053,8635,435,ITC,ITC1,1,Piemonte,Piemonte,4356406,1262830,28.99,0.39
3391,2021-04-02,PIE,20131,8311,11820,11316,8421,394,ITC,ITC1,1,Piemonte,Piemonte,4356406,1282961,29.45,0.46
3392,2021-05-29,PIE,32794,15225,17569,20266,12165,363,ITC,ITC1,1,Piemonte,Piemonte,4356406,1315755,30.2,0.75
3393,2021-02-18,PIE,4788,2094,2694,4273,430,85,ITC,ITC1,1,Piemonte,Piemonte,4356406,1320543,30.31,0.11
3394,2021-04-16,PIE,28390,13205,15185,22653,4990,747,ITC,ITC1,1,Piemonte,Piemonte,4356406,1348933,30.96,0.65
3395,2021-01-01,PIE,1038,395,643,1037,0,1,ITC,ITC1,1,Piemonte,Piemonte,4356406,1349971,30.99,0.02
3396,2021-07-05,PIE,35554,17784,17770,12352,23201,1,ITC,ITC1,1,Piemonte,Piemonte,4356406,1385525,31.8,0.82
3397,2021-02-20,PIE,3831,1253,2578,3559,173,99,ITC,ITC1,1,Piemonte,Piemonte,4356406,1389356,31.89,0.09
3398,2021-05-09,PIE,27141,12927,14214,13144,13618,379,ITC,ITC1,1,Piemonte,Piemonte,4356406,1416497,32.52,0.62
3399,2021-05-26,PIE,32740,15098,17642,15315,17077,348,ITC,ITC1,1,Piemonte,Piemonte,4356406,1449237,33.27,0.75
3400,2021-02-15,PIE,4425,1597,2828,3196,1205,24,ITC,ITC1,1,Piemonte,Piemonte,4356406,1453662,33.37,0.1
3401,2021-03-04,PIE,14631,5859,8772,11474,2939,218,ITC,ITC1,1,Piemonte,Piemonte,4356406,1468293,33.7,0.34
3402,2021-04-25,PIE,20232,9308,10924,17282,2501,449,ITC,ITC1,1,Piemonte,Piemonte,4356406,1488525,34.17,0.46
3403,2021-01-15,PIE,9100,3006,6094,9094,0,6,ITC,ITC1,1,Piemonte,Piemonte,4356406,1497625,34.38,0.21
3404,2021-06-21,PIE,38326,19125,19201,17633,20692,1,ITC,ITC1,1,Piemonte,Piemonte,4356406,1535951,35.26,0.88
3405,2021-03-13,PIE,13023,4714,8309,11324,1432,267,ITC,ITC1,1,Piemonte,Piemonte,4356406,1548974,35.56,0.3
3406,2021-04-18,PIE,22927,10797,12130,19623,2747,557,ITC,ITC1,1,Piemonte,Piemonte,4356406,1571901,36.08,0.53
3407,2021-01-08,PIE,5523,1758,3765,5521,0,2,ITC,ITC1,1,Piemonte,Piemonte,4356406,1577424,36.21,0.13
3408,2021-06-14,PIE,37919,19540,18379,30824,7093,2,ITC,ITC1,1,Piemonte,Piemonte,4356406,1615343,37.08,0.87
3409,2021-03-06,PIE,13996,5217,8779,11036,2788,172,ITC,ITC1,1,Piemonte,Piemonte,4356406,1629339,37.4,0.32
3410,2021-07-03,PIE,40042,20105,19937,16014,24027,1,ITC,ITC1,1,Piemonte,Piemonte,4356406,1669381,38.32,0.92
3411,2021-03-30,PIE,16979,7110,9869,8726,7870,383,ITC,ITC1,1,Piemonte,Piemonte,4356406,1686360,38.71,0.39
3412,2021-07-10,PIE,41094,20816,20278,7180,33870,44,ITC,ITC1,1,Piemonte,Piemonte,4356406,1727454,39.65,0.94
3413,2021-04-01,PIE,19361,8099,11262,10936,8119,306,ITC,ITC1,1,Piemonte,Piemonte,4356406,1746815,40.1,0.44
3414,2021-05-28,PIE,35032,16598,18434,18665,15977,390,ITC,ITC1,1,Piemonte,Piemonte,4356406,1781847,40.9,0.8
3415,2021-01-25,PIE,6211,1937,4274,976,5233,2,ITC,ITC1,1,Piemonte,Piemonte,4356406,1788058,41.04,0.14
3416,2021-05-21,PIE,36067,16740,19327,19930,15636,501,ITC,ITC1,1,Piemonte,Piemonte,4356406,1824125,41.87,0.83
3417,2021-02-01,PIE,8642,3052,5590,575,8066,1,ITC,ITC1,1,Piemonte,Piemonte,4356406,1832767,42.07,0.2
3418,2021-05-14,PIE,33402,16271,17131,17326,15418,658,ITC,ITC1,1,Piemonte,Piemonte,4356406,1866169,42.84,0.77
3419,2021-01-13,PIE,10072,3225,6847,10063,0,9,ITC,ITC1,1,Piemonte,Piemonte,4356406,1876241,43.07,0.23
3420,2021-06-16,PIE,40334,20218,20116,24088,16246,0,ITC,ITC1,1,Piemonte,Piemonte,4356406,1916575,43.99,0.93
3421,2021-01-06,PIE,3107,1103,2004,3106,0,1,ITC,ITC1,1,Piemonte,Piemonte,4356406,1919682,44.07,0.07
3422,2021-06-23,PIE,39664,19690,19974,16838,22826,0,ITC,ITC1,1,Piemonte,Piemonte,4356406,1959346,44.98,0.91
3423,2021-04-13,PIE,25923,11607,14316,21878,3457,588,ITC,ITC1,1,Piemonte,Piemonte,4356406,1985269,45.57,0.6
3424,2021-01-20,PIE,6600,2084,4516,5875,718,7,ITC,ITC1,1,Piemonte,Piemonte,4356406,1991869,45.72,0.15
3425,2021-02-03,PIE,10200,3305,6895,606,9592,2,ITC,ITC1,1,Piemonte,Piemonte,4356406,2002069,45.96,0.23
3426,2021-03-08,PIE,14130,5463,8667,11191,2711,228,ITC,ITC1,1,Piemonte,Piemonte,4356406,2016199,46.28,0.32
3427,2021-05-04,PIE,28572,13136,15436,15884,12174,514,ITC,ITC1,1,Piemonte,Piemonte,4356406,2044771,46.94,0.66
3428,2021-01-24,PIE,3153,959,2194,432,2719,2,ITC,ITC1,1,Piemonte,Piemonte,4356406,2047924,47.01,0.07
3429,2021-06-30,PIE,41197,20150,21047,19272,21921,4,ITC,ITC1,1,Piemonte,Piemonte,4356406,2089121,47.96,0.95
3430,2021-03-22,PIE,11523,4891,6632,3717,7599,207,ITC,ITC1,1,Piemonte,Piemonte,4356406,2100644,48.22,0.26
3431,2021-04-29,PIE,48421,21943,26478,34646,12612,1163,ITC,ITC1,1,Piemonte,Piemonte,4356406,2149065,49.33,1.11
3432,2021-05-16,PIE,28125,12766,15359,14701,13055,369,ITC,ITC1,1,Piemonte,Piemonte,4356406,2177190,49.98,0.65
3433,2021-02-05,PIE,9597,3135,6462,653,8942,2,ITC,ITC1,1,Piemonte,Piemonte,4356406,2186787,50.2,0.22
3434,2021-06-25,PIE,45343,22577,22766,20830,24511,2,ITC,ITC1,1,Piemonte,Piemonte,4356406,2232130,51.24,1.04
3435,2021-04-03,PIE,19443,8179,11264,10597,8543,303,ITC,ITC1,1,Piemonte,Piemonte,4356406,2251573,51.68,0.45
3436,2021-01-10,PIE,5205,2272,2933,5203,0,2,ITC,ITC1,1,Piemonte,Piemonte,4356406,2256778,51.8,0.12
3437,2021-07-14,PIE,19978,10313,9665,1447,18477,54,ITC,ITC1,1,Piemonte,Piemonte,4356406,2276756,52.26,0.46
3438,2021-04-22,PIE,27653,12734,14919,20186,6687,780,ITC,ITC1,1,Piemonte,Piemonte,4356406,2304409,52.9,0.63
3439,2021-01-12,PIE,10077,3411,6666,10070,0,7,ITC,ITC1,1,Piemonte,Piemonte,4356406,2314486,53.13,0.23
3440,2021-01-29,PIE,5937,1883,4054,452,5485,0,ITC,ITC1,1,Piemonte,Piemonte,4356406,2320423,53.26,0.14
3441,2021-05-30,PIE,27697,13182,14515,18007,9322,368,ITC,ITC1,1,Piemonte,Piemonte,4356406,2348120,53.9,0.64
3442,2021-02-19,PIE,5531,2174,3357,4911,501,119,ITC,ITC1,1,Piemonte,Piemonte,4356406,2353651,54.03,0.13
3443,2021-06-04,PIE,37530,19627,17903,34577,2950,3,ITC,ITC1,1,Piemonte,Piemonte,4356406,2391181,54.89,0.86
3444,2021-02-24,PIE,11373,4602,6771,10732,504,137,ITC,ITC1,1,Piemonte,Piemonte,4356406,2402554,55.15,0.26
3445,2021-04-17,PIE,30441,14143,16298,26446,3306,689,ITC,ITC1,1,Piemonte,Piemonte,4356406,2432995,55.85,0.7
3446,2021-06-13,PIE,37877,19994,17883,33747,4130,0,ITC,ITC1,1,Piemonte,Piemonte,4356406,2470872,56.72,0.87
3447,2021-02-10,PIE,7528,2368,5160,1298,6215,15,ITC,ITC1,1,Piemonte,Piemonte,4356406,2478400,56.89,0.17
3448,2021-04-08,PIE,25145,10938,14207,19876,4723,546,ITC,ITC1,1,Piemonte,Piemonte,4356406,2503545,57.47,0.58
3449,2021-04-27,PIE,22608,10218,12390,16831,5142,635,ITC,ITC1,1,Piemonte,Piemonte,4356406,2526153,57.99,0.52
3450,2021-01-17,PIE,3515,1168,2347,2864,649,2,ITC,ITC1,1,Piemonte,Piemonte,4356406,2529668,58.07,0.08
3451,2021-03-15,PIE,10680,4193,6487,4918,5611,151,ITC,ITC1,1,Piemonte,Piemonte,4356406,2540348,58.31,0.25
3452,2021-05-11,PIE,32044,15443,16601,18196,13215,633,ITC,ITC1,1,Piemonte,Piemonte,4356406,2572392,59.05,0.74
3453,2021-01-31,PIE,4114,1754,2360,111,4003,0,ITC,ITC1,1,Piemonte,Piemonte,4356406,2576506,59.14,0.09
3454,2021-02-28,PIE,10807,4057,6750,10394,240,173,ITC,ITC1,1,Piemonte,Piemonte,4356406,2587313,59.39,0.25
3455,2021-03-17,PIE,12511,5053,7458,5041,7290,180,ITC,ITC1,1,Piemonte,Piemonte,4356406,2599824,59.68,0.29
3456,2021-06-10,PIE,40338,21073,19265,37774,2559,5,ITC,ITC1,1,Piemonte,Piemonte,4356406,2640162,60.6,0.93
3457,2021-06-27,PIE,37422,18562,18860,15686,21736,0,ITC,ITC1,1,Piemonte,Piemonte,4356406,2677584,61.46,0.86
3458,2021-03-19,PIE,11022,4516,6506,4214,6602,206,ITC,ITC1,1,Piemonte,Piemonte,4356406,2688606,61.72,0.25
3459,2021-04-05,PIE,14742,6232,8510,11941,2550,251,ITC,ITC1,1,Piemonte,Piemonte,4356406,2703348,62.05,0.34
3460,2021-06-29,PIE,40451,20212,20239,19806,20644,1,ITC,ITC1,1,Piemonte,Piemonte,4356406,2743799,62.98,0.93
3461,2021-06-18,PIE,40519,20239,20280,26367,14152,0,ITC,ITC1,1,Piemonte,Piemonte,4356406,2784318,63.91,0.93
3462,2021-03-10,PIE,13812,5338,8474,11271,2292,249,ITC,ITC1,1,Piemonte,Piemonte,4356406,2798130,64.23,0.32
3463,2021-03-27,PIE,18384,7822,10562,9128,8822,434,ITC,ITC1,1,Piemonte,Piemonte,4356406,2816514,64.65,0.42
3464,2021-01-22,PIE,3865,1249,2616,2523,1340,2,ITC,ITC1,1,Piemonte,Piemonte,4356406,2820379,64.74,0.09
3465,2021-07-02,PIE,43559,21909,21650,18095,25462,2,ITC,ITC1,1,Piemonte,Piemonte,4356406,2863938,65.74,1.0
3466,2021-04-10,PIE,30143,13402,16741,25247,4263,633,ITC,ITC1,1,Piemonte,Piemonte,4356406,2894081,66.43,0.69
3467,2021-04-15,PIE,29523,13529,15994,23391,5476,656,ITC,ITC1,1,Piemonte,Piemonte,4356406,2923604,67.11,0.68
3468,2021-01-05,PIE,5373,1600,3773,5369,0,4,ITC,ITC1,1,Piemonte,Piemonte,4356406,2928977,67.23,0.12
3469,2021-06-22,PIE,40510,20003,20507,18292,22217,1,ITC,ITC1,1,Piemonte,Piemonte,4356406,2969487,68.16,0.93
3470,2021-01-07,PIE,5367,1729,3638,5365,0,2,ITC,ITC1,1,Piemonte,Piemonte,4356406,2974854,68.29,0.12
3471,2021-05-18,PIE,32113,14826,17287,19023,12657,433,ITC,ITC1,1,Piemonte,Piemonte,4356406,3006967,69.02,0.74
3472,2021-06-06,PIE,35075,18325,16750,32588,2487,0,ITC,ITC1,1,Piemonte,Piemonte,4356406,3042042,69.83,0.81
3473,2021-02-17,PIE,4790,2156,2634,3742,990,58,ITC,ITC1,1,Piemonte,Piemonte,4356406,3046832,69.94,0.11
3474,2021-06-08,PIE,37639,19491,18148,34804,2835,0,ITC,ITC1,1,Piemonte,Piemonte,4356406,3084471,70.8,0.86
3475,2021-04-26,PIE,19798,8751,11047,14906,4397,495,ITC,ITC1,1,Piemonte,Piemonte,4356406,3104269,71.26,0.45
3476,2021-05-03,PIE,26681,12207,14474,12036,14207,438,ITC,ITC1,1,Piemonte,Piemonte,4356406,3130950,71.87,0.61
3477,2021-02-26,PIE,12284,4928,7356,11344,736,204,ITC,ITC1,1,Piemonte,Piemonte,4356406,3143234,72.15,0.28
3478,2021-04-24,PIE,27495,12430,15065,21287,5657,551,ITC,ITC1,1,Piemonte,Piemonte,4356406,3170729,72.78,0.63
3479,2021-01-14,PIE,9754,3146,6608,9747,0,7,ITC,ITC1,1,Piemonte,Piemonte,4356406,3180483,73.01,0.22
3480,2021-02-07,PIE,3083,971,2112,440,2642,1,ITC,ITC1,1,Piemonte,Piemonte,4356406,3183566,73.08,0.07
3481,2021-07-11,PIE,33095,16875,16220,4817,28275,3,ITC,ITC1,1,Piemonte,Piemonte,4356406,3216661,73.84,0.76
3482,2021-05-13,PIE,35662,17517,18145,19851,15112,699,ITC,ITC1,1,Piemonte,Piemonte,4356406,3252323,74.66,0.82
3483,2021-02-02,PIE,10217,3504,6713,805,9411,1,ITC,ITC1,1,Piemonte,Piemonte,4356406,3262540,74.89,0.23
3484,2021-07-09,PIE,40302,20554,19748,6182,34063,57,ITC,ITC1,1,Piemonte,Piemonte,4356406,3302842,75.82,0.93
3485,2021-03-31,PIE,19125,8120,11005,10100,8690,335,ITC,ITC1,1,Piemonte,Piemonte,4356406,3321967,76.25,0.44
3486,2021-05-27,PIE,37378,17382,19996,18813,18134,431,ITC,ITC1,1,Piemonte,Piemonte,4356406,3359345,77.11,0.86
3487,2021-02-16,PIE,3964,1754,2210,3158,758,48,ITC,ITC1,1,Piemonte,Piemonte,4356406,3363309,77.2,0.09
3488,2021-01-19,PIE,6452,2102,4350,6434,9,9,ITC,ITC1,1,Piemonte,Piemonte,4356406,3369761,77.35,0.15
3489,2021-04-14,PIE,27673,12546,15127,22459,4519,695,ITC,ITC1,1,Piemonte,Piemonte,4356406,3397434,77.99,0.64
3490,2021-06-03,PIE,34605,17878,16727,30198,4404,3,ITC,ITC1,1,Piemonte,Piemonte,4356406,3432039,78.78,0.79
3491,2021-03-05,PIE,15549,6224,9325,11466,3815,268,ITC,ITC1,1,Piemonte,Piemonte,4356406,3447588,79.14,0.36
3492,2021-06-15,PIE,38874,20021,18853,27104,11766,4,ITC,ITC1,1,Piemonte,Piemonte,4356406,3486462,80.03,0.89
3493,2021-03-07,PIE,11975,4663,7312,10860,876,239,ITC,ITC1,1,Piemonte,Piemonte,4356406,3498437,80.31,0.27
3494,2020-12-31,PIE,3878,1320,2558,3878,0,0,ITC,ITC1,1,Piemonte,Piemonte,4356406,3502315,80.39,0.09
3495,2021-01-03,PIE,3059,965,2094,3057,0,2,ITC,ITC1,1,Piemonte,Piemonte,4356406,3505374,80.46,0.07
3496,2021-07-07,PIE,37892,18838,19054,10199,27675,18,ITC,ITC1,1,Piemonte,Piemonte,4356406,3543266,81.33,0.87
3497,2021-03-29,PIE,15238,6465,8773,8369,6610,259,ITC,ITC1,1,Piemonte,Piemonte,4356406,3558504,81.68,0.35
3498,2021-04-12,PIE,22925,10357,12568,19503,2985,437,ITC,ITC1,1,Piemonte,Piemonte,4356406,3581429,82.21,0.53
3499,2021-01-02,PIE,3539,1132,2407,3538,0,1,ITC,ITC1,1,Piemonte,Piemonte,4356406,3584968,82.29,0.08
3500,2021-05-01,PIE,28520,12988,15532,16296,11788,436,ITC,ITC1,1,Piemonte,Piemonte,4356406,3613488,82.95,0.65
3501,2021-01-21,PIE,6868,2311,4557,3366,3496,6,ITC,ITC1,1,Piemonte,Piemonte,4356406,3620356,83.1,0.16
3502,2021-05-15,PIE,33764,15739,18025,19401,13713,650,ITC,ITC1,1,Piemonte,Piemonte,4356406,3654120,83.88,0.78
3503,2021-06-01,PIE,29282,14690,14592,24858,4424,0,ITC,ITC1,1,Piemonte,Piemonte,4356406,3683402,84.55,0.67
3504,2021-02-21,PIE,5088,2083,3005,4936,102,50,ITC,ITC1,1,Piemonte,Piemonte,4356406,3688490,84.67,0.12
3505,2021-06-20,PIE,33998,17028,16970,19273,14724,1,ITC,ITC1,1,Piemonte,Piemonte,4356406,3722488,85.45,0.78
3506,2021-03-12,PIE,14097,5326,8771,10886,2935,276,ITC,ITC1,1,Piemonte,Piemonte,4356406,3736585,85.77,0.32
3507,2021-05-22,PIE,33465,15106,18359,16855,16215,395,ITC,ITC1,1,Piemonte,Piemonte,4356406,3770050,86.54,0.77
3508,2021-03-24,PIE,15552,6391,9161,6104,9120,328,ITC,ITC1,1,Piemonte,Piemonte,4356406,3785602,86.9,0.36
3509,2021-05-20,PIE,38609,17935,20674,13319,24938,352,ITC,ITC1,1,Piemonte,Piemonte,4356406,3824211,87.78,0.89
3510,2021-02-09,PIE,7385,2312,5073,714,6669,2,ITC,ITC1,1,Piemonte,Piemonte,4356406,3831596,87.95,0.17
3511,2021-04-07,PIE,23590,9986,13604,17618,5458,514,ITC,ITC1,1,Piemonte,Piemonte,4356406,3855186,88.49,0.54
3512,2021-07-04,PIE,33704,16985,16719,11820,21883,1,ITC,ITC1,1,Piemonte,Piemonte,4356406,3888890,89.27,0.77
3513,2021-03-26,PIE,17881,7103,10778,8478,8882,521,ITC,ITC1,1,Piemonte,Piemonte,4356406,3906771,89.68,0.41
3514,2021-06-09,PIE,38572,20331,18241,35853,2713,6,ITC,ITC1,1,Piemonte,Piemonte,4356406,3945343,90.56,0.89
3515,2021-03-18,PIE,11756,4804,6952,3836,7730,190,ITC,ITC1,1,Piemonte,Piemonte,4356406,3957099,90.83,0.27
3516,2021-03-03,PIE,12256,4771,7485,11250,818,188,ITC,ITC1,1,Piemonte,Piemonte,4356406,3969355,91.12,0.28
3517,2021-03-20,PIE,11915,4896,7019,5776,5896,243,ITC,ITC1,1,Piemonte,Piemonte,4356406,3981270,91.39,0.27
3518,2021-05-06,PIE,33434,15777,17657,19318,13522,594,ITC,ITC1,1,Piemonte,Piemonte,4356406,4014704,92.16,0.77
3519,2021-05-23,PIE,28720,13140,15580,15464,12948,308,ITC,ITC1,1,Piemonte,Piemonte,4356406,4043424,92.82,0.66
3520,2021-02-12,PIE,6883,2212,4671,3899,2961,23,ITC,ITC1,1,Piemonte,Piemonte,4356406,4050307,92.97,0.16
3521,2021-03-01,PIE,12110,4910,7200,11133,808,169,ITC,ITC1,1,Piemonte,Piemonte,4356406,4062417,93.25,0.28
3522,2021-05-25,PIE,31140,14447,16693,15614,15141,385,ITC,ITC1,1,Piemonte,Piemonte,4356406,4093557,93.97,0.71
3523,2021-06-11,PIE,43513,23032,20481,40673,2834,6,ITC,ITC1,1,Piemonte,Piemonte,4356406,4137070,94.97,1.0
3524,2021-04-19,PIE,22532,10759,11773,17635,4349,548,ITC,ITC1,1,Piemonte,Piemonte,4356406,4159602,95.48,0.52
3525,2021-01-09,PIE,6177,2182,3995,6176,0,1,ITC,ITC1,1,Piemonte,Piemonte,4356406,4165779,95.62,0.14
3526,2021-01-26,PIE,6331,1880,4451,731,5599,1,ITC,ITC1,1,Piemonte,Piemonte,4356406,4172110,95.77,0.15
3527,2021-05-08,PIE,34254,16256,17998,18111,15633,510,ITC,ITC1,1,Piemonte,Piemonte,4356406,4206364,96.56,0.79
3528,2021-01-28,PIE,5587,1808,3779,380,5207,0,ITC,ITC1,1,Piemonte,Piemonte,4356406,4211951,96.68,0.13
3529,2021-02-14,PIE,1476,498,978,869,600,7,ITC,ITC1,1,Piemonte,Piemonte,4356406,4213427,96.72,0.03
3530,2021-02-25,SIC,9940,5204,4736,8691,1164,85,ITG,ITG1,19,Sicilia,Sicilia,4999891,9940,0.2,0.2
3531,2021-06-05,SIC,59926,28506,31420,48738,10569,619,ITG,ITG1,19,Sicilia,Sicilia,4999891,69866,1.4,1.2
3532,2021-03-14,SIC,8773,3927,4846,4886,3836,51,ITG,ITG1,19,Sicilia,Sicilia,4999891,78639,1.57,0.18
3533,2021-02-11,SIC,5237,2060,3177,4656,464,117,ITG,ITG1,19,Sicilia,Sicilia,4999891,83876,1.68,0.1
3534,2021-05-31,SIC,38080,17143,20937,21281,16502,297,ITG,ITG1,19,Sicilia,Sicilia,4999891,121956,2.44,0.76
3535,2021-06-19,SIC,44253,21042,23211,18749,25187,317,ITG,ITG1,19,Sicilia,Sicilia,4999891,166209,3.32,0.89
3536,2021-04-23,SIC,28565,13695,14870,22367,5835,363,ITG,ITG1,19,Sicilia,Sicilia,4999891,194774,3.9,0.57
3537,2021-06-26,SIC,37240,17769,19471,16356,20586,298,ITG,ITG1,19,Sicilia,Sicilia,4999891,232014,4.64,0.74
3538,2021-04-30,SIC,35011,16340,18671,23537,11028,446,ITG,ITG1,19,Sicilia,Sicilia,4999891,267025,5.34,0.7
3539,2021-02-13,SIC,2977,1123,1854,2686,255,36,ITG,ITG1,19,Sicilia,Sicilia,4999891,270002,5.4,0.06
3540,2021-05-24,SIC,35864,17431,18433,15587,20045,232,ITG,ITG1,19,Sicilia,Sicilia,4999891,305866,6.12,0.72
3541,2021-05-17,SIC,31928,15399,16529,19027,12616,285,ITG,ITG1,19,Sicilia,Sicilia,4999891,337794,6.76,0.64
3542,2021-03-21,SIC,15217,7340,7877,11181,3969,67,ITG,ITG1,19,Sicilia,Sicilia,4999891,353011,7.06,0.3
3543,2021-02-06,SIC,4699,2099,2600,1444,3234,21,ITG,ITG1,19,Sicilia,Sicilia,4999891,357710,7.15,0.09
3544,2021-01-30,SIC,7696,3535,4161,165,7529,2,ITG,ITG1,19,Sicilia,Sicilia,4999891,365406,7.31,0.15
3545,2021-03-28,SIC,10980,5147,5833,6909,4011,60,ITG,ITG1,19,Sicilia,Sicilia,4999891,376386,7.53,0.22
3546,2021-04-04,SIC,6805,3322,3483,5451,1292,62,ITG,ITG1,19,Sicilia,Sicilia,4999891,383191,7.66,0.14
3547,2021-07-13,SIC,45917,21074,24843,6851,38851,215,ITG,ITG1,19,Sicilia,Sicilia,4999891,429108,8.58,0.92
3548,2021-04-11,SIC,15368,7591,7777,8234,7031,103,ITG,ITG1,19,Sicilia,Sicilia,4999891,444476,8.89,0.31
3549,2020-12-30,SIC,184,109,75,183,0,1,ITG,ITG1,19,Sicilia,Sicilia,4999891,444660,8.89,0.0
3550,2021-01-16,SIC,2716,1211,1505,2695,0,21,ITG,ITG1,19,Sicilia,Sicilia,4999891,447376,8.95,0.05
3551,2021-07-01,SIC,30941,14060,16881,10723,19963,255,ITG,ITG1,19,Sicilia,Sicilia,4999891,478317,9.57,0.62
3552,2021-04-09,SIC,20271,9876,10395,10948,9076,247,ITG,ITG1,19,Sicilia,Sicilia,4999891,498588,9.97,0.41
3553,2021-03-23,SIC,20938,10078,10860,15224,5562,152,ITG,ITG1,19,Sicilia,Sicilia,4999891,519526,10.39,0.42
3554,2021-06-24,SIC,42263,19623,22640,17569,24341,353,ITG,ITG1,19,Sicilia,Sicilia,4999891,561789,11.24,0.85
3555,2021-06-07,SIC,49675,23408,26267,41112,8034,529,ITG,ITG1,19,Sicilia,Sicilia,4999891,611464,12.23,0.99
3556,2021-01-25,SIC,7425,3675,3750,284,7134,7,ITG,ITG1,19,Sicilia,Sicilia,4999891,618889,12.38,0.15
3557,2021-05-05,SIC,26301,12189,14112,16250,9627,424,ITG,ITG1,19,Sicilia,Sicilia,4999891,645190,12.9,0.53
3558,2021-05-19,SIC,42854,20759,22095,28187,14301,366,ITG,ITG1,19,Sicilia,Sicilia,4999891,688044,13.76,0.86
3559,2021-03-02,SIC,14747,6367,8380,11860,2774,113,ITG,ITG1,19,Sicilia,Sicilia,4999891,702791,14.06,0.29
3560,2021-01-04,SIC,8424,4209,4215,8379,0,45,ITG,ITG1,19,Sicilia,Sicilia,4999891,711215,14.22,0.17
3561,2021-01-18,SIC,1594,652,942,1430,153,11,ITG,ITG1,19,Sicilia,Sicilia,4999891,712809,14.26,0.03
3562,2021-04-28,SIC,29258,13714,15544,19732,9144,382,ITG,ITG1,19,Sicilia,Sicilia,4999891,742067,14.84,0.59
3563,2021-04-16,SIC,28850,14491,14359,20252,8293,305,ITG,ITG1,19,Sicilia,Sicilia,4999891,770917,15.42,0.58
3564,2021-01-23,SIC,4434,2280,2154,193,4231,10,ITG,ITG1,19,Sicilia,Sicilia,4999891,775351,15.51,0.09
3565,2021-01-06,SIC,6242,3286,2956,6182,0,60,ITG,ITG1,19,Sicilia,Sicilia,4999891,781593,15.63,0.12
3566,2021-04-02,SIC,13880,6548,7332,9042,4734,104,ITG,ITG1,19,Sicilia,Sicilia,4999891,795473,15.91,0.28
3567,2021-02-10,SIC,4354,1776,2578,3889,381,84,ITG,ITG1,19,Sicilia,Sicilia,4999891,799827,16.0,0.09
3568,2021-05-21,SIC,48665,23056,25609,26654,21589,422,ITG,ITG1,19,Sicilia,Sicilia,4999891,848492,16.97,0.97
3569,2021-02-18,SIC,5332,3139,2193,4838,430,64,ITG,ITG1,19,Sicilia,Sicilia,4999891,853824,17.08,0.11
3570,2021-05-12,SIC,36830,17364,19466,21390,14911,529,ITG,ITG1,19,Sicilia,Sicilia,4999891,890654,17.81,0.74
3571,2021-04-08,SIC,17548,8641,8907,8496,8901,151,ITG,ITG1,19,Sicilia,Sicilia,4999891,908202,18.16,0.35
3572,2021-03-04,SIC,15224,6685,8539,10983,4117,124,ITG,ITG1,19,Sicilia,Sicilia,4999891,923426,18.47,0.3
3573,2021-06-12,SIC,45778,22390,23388,39365,5889,524,ITG,ITG1,19,Sicilia,Sicilia,4999891,969204,19.38,0.92
3574,2021-05-07,SIC,36559,17261,19298,24626,11614,319,ITG,ITG1,19,Sicilia,Sicilia,4999891,1005763,20.12,0.73
3575,2021-03-11,SIC,15433,6699,8734,12877,2418,138,ITG,ITG1,19,Sicilia,Sicilia,4999891,1021196,20.42,0.31
3576,2021-01-27,SIC,7287,3711,3576,176,7110,1,ITG,ITG1,19,Sicilia,Sicilia,4999891,1028483,20.57,0.15
3577,2021-01-13,SIC,5175,2437,2738,5141,0,34,ITG,ITG1,19,Sicilia,Sicilia,4999891,1033658,20.67,0.1
3578,2021-02-04,SIC,6750,3075,3675,1423,5298,29,ITG,ITG1,19,Sicilia,Sicilia,4999891,1040408,20.81,0.14
3579,2021-01-01,SIC,819,438,381,815,0,4,ITG,ITG1,19,Sicilia,Sicilia,4999891,1041227,20.82,0.02
3580,2021-04-20,SIC,18994,9003,9991,13456,5247,291,ITG,ITG1,19,Sicilia,Sicilia,4999891,1060221,21.2,0.38
3581,2020-12-28,SIC,215,129,86,214,0,1,ITG,ITG1,19,Sicilia,Sicilia,4999891,1060436,21.21,0.0
3582,2021-06-16,SIC,40382,18782,21600,21232,18797,353,ITG,ITG1,19,Sicilia,Sicilia,4999891,1100818,22.02,0.81
3583,2021-03-25,SIC,20457,9528,10929,14743,5543,171,ITG,ITG1,19,Sicilia,Sicilia,4999891,1121275,22.43,0.41
3584,2021-06-04,SIC,57848,26737,31111,45407,11943,498,ITG,ITG1,19,Sicilia,Sicilia,4999891,1179123,23.58,1.16
3585,2021-04-06,SIC,17743,8478,9265,13263,4283,197,ITG,ITG1,19,Sicilia,Sicilia,4999891,1196866,23.94,0.35
3586,2021-03-16,SIC,9619,4321,5298,3556,5996,67,ITG,ITG1,19,Sicilia,Sicilia,4999891,1206485,24.13,0.19
3587,2021-07-08,SIC,38321,17463,20858,6514,31590,217,ITG,ITG1,19,Sicilia,Sicilia,4999891,1244806,24.9,0.77
3588,2021-02-27,SIC,12235,5501,6734,10936,1204,95,ITG,ITG1,19,Sicilia,Sicilia,4999891,1257041,25.14,0.24
3589,2021-07-12,SIC,48990,22601,26389,6470,42327,193,ITG,ITG1,19,Sicilia,Sicilia,4999891,1306031,26.12,0.98
3590,2021-02-08,SIC,3884,1680,2204,2080,1755,49,ITG,ITG1,19,Sicilia,Sicilia,4999891,1309915,26.2,0.08
3591,2021-02-23,SIC,8749,4634,4115,8201,467,81,ITG,ITG1,19,Sicilia,Sicilia,4999891,1318664,26.37,0.17
3592,2021-03-09,SIC,13151,5762,7389,10827,2200,124,ITG,ITG1,19,Sicilia,Sicilia,4999891,1331815,26.64,0.26
3593,2021-01-11,SIC,5829,2572,3257,5771,0,58,ITG,ITG1,19,Sicilia,Sicilia,4999891,1337644,26.75,0.12
3594,2021-04-01,SIC,14288,6617,7671,9496,4664,128,ITG,ITG1,19,Sicilia,Sicilia,4999891,1351932,27.04,0.29
3595,2021-07-10,SIC,46983,22360,24623,6112,40666,205,ITG,ITG1,19,Sicilia,Sicilia,4999891,1398915,27.98,0.94
3596,2021-06-23,SIC,44445,20674,23771,17884,26230,331,ITG,ITG1,19,Sicilia,Sicilia,4999891,1443360,28.87,0.89
3597,2021-02-20,SIC,7139,3692,3447,6801,241,97,ITG,ITG1,19,Sicilia,Sicilia,4999891,1450499,29.01,0.14
3598,2021-02-03,SIC,5921,2779,3142,713,5200,8,ITG,ITG1,19,Sicilia,Sicilia,4999891,1456420,29.13,0.12
3599,2021-04-27,SIC,26418,12670,13748,15175,10923,320,ITG,ITG1,19,Sicilia,Sicilia,4999891,1482838,29.66,0.53
3600,2021-05-14,SIC,52185,24464,27721,35765,15667,753,ITG,ITG1,19,Sicilia,Sicilia,4999891,1535023,30.7,1.04
3601,2021-01-15,SIC,5252,2294,2958,5185,0,67,ITG,ITG1,19,Sicilia,Sicilia,4999891,1540275,30.81,0.11
3602,2021-04-25,SIC,21391,10202,11189,16151,5015,225,ITG,ITG1,19,Sicilia,Sicilia,4999891,1561666,31.23,0.43
3603,2021-02-01,SIC,5905,2625,3280,306,5587,12,ITG,ITG1,19,Sicilia,Sicilia,4999891,1567571,31.35,0.12
3604,2021-01-20,SIC,958,509,449,688,267,3,ITG,ITG1,19,Sicilia,Sicilia,4999891,1568529,31.37,0.02
3605,2021-03-18,SIC,15360,7715,7645,9739,5571,50,ITG,ITG1,19,Sicilia,Sicilia,4999891,1583889,31.68,0.31
3606,2021-02-22,SIC,7947,4133,3814,7375,493,79,ITG,ITG1,19,Sicilia,Sicilia,4999891,1591836,31.84,0.16
3607,2020-12-27,SIC,92,55,37,91,0,1,ITG,ITG1,19,Sicilia,Sicilia,4999891,1591928,31.84,0.0
3608,2021-06-02,SIC,35275,16297,18978,27105,7776,394,ITG,ITG1,19,Sicilia,Sicilia,4999891,1627203,32.54,0.71
3609,2021-03-01,SIC,12761,6070,6691,10980,1657,124,ITG,ITG1,19,Sicilia,Sicilia,4999891,1639964,32.8,0.26
3610,2021-06-09,SIC,49835,23713,26122,41964,7253,618,ITG,ITG1,19,Sicilia,Sicilia,4999891,1689799,33.8,1.0
3611,2021-02-15,SIC,3730,1733,1997,3092,564,74,ITG,ITG1,19,Sicilia,Sicilia,4999891,1693529,33.87,0.07
3612,2021-05-26,SIC,44644,20997,23647,23850,20449,345,ITG,ITG1,19,Sicilia,Sicilia,4999891,1738173,34.76,0.89
3613,2021-01-03,SIC,4785,2499,2286,4755,0,30,ITG,ITG1,19,Sicilia,Sicilia,4999891,1742958,34.86,0.1
3614,2021-04-13,SIC,20234,9862,10372,11241,8835,158,ITG,ITG1,19,Sicilia,Sicilia,4999891,1763192,35.26,0.4
3615,2021-05-16,SIC,33698,16436,17262,21895,11512,291,ITG,ITG1,19,Sicilia,Sicilia,4999891,1796890,35.94,0.67
3616,2021-05-02,SIC,24602,11427,13175,17706,6601,295,ITG,ITG1,19,Sicilia,Sicilia,4999891,1821492,36.43,0.49
3617,2021-03-20,SIC,18585,8978,9607,13363,5138,84,ITG,ITG1,19,Sicilia,Sicilia,4999891,1840077,36.8,0.37
3618,2021-06-28,SIC,31900,14852,17048,14889,16720,291,ITG,ITG1,19,Sicilia,Sicilia,4999891,1871977,37.44,0.64
3619,2021-07-05,SIC,37445,17547,19898,8924,28289,232,ITG,ITG1,19,Sicilia,Sicilia,4999891,1909422,38.19,0.75
3620,2021-01-22,SIC,1283,638,645,261,1020,2,ITG,ITG1,19,Sicilia,Sicilia,4999891,1910705,38.21,0.03
3621,2021-01-08,SIC,8120,3784,4336,8031,0,89,ITG,ITG1,19,Sicilia,Sicilia,4999891,1918825,38.38,0.16
3622,2021-04-18,SIC,19821,9911,9910,15285,4360,176,ITG,ITG1,19,Sicilia,Sicilia,4999891,1938646,38.77,0.4
3623,2021-03-30,SIC,14557,6760,7797,9701,4763,93,ITG,ITG1,19,Sicilia,Sicilia,4999891,1953203,39.06,0.29
3624,2021-06-21,SIC,40232,18628,21604,18426,21484,322,ITG,ITG1,19,Sicilia,Sicilia,4999891,1993435,39.87,0.8
3625,2021-05-09,SIC,28403,13305,15098,19778,8283,342,ITG,ITG1,19,Sicilia,Sicilia,4999891,2021838,40.44,0.57
3626,2021-02-05,SIC,6741,2980,3761,2089,4614,38,ITG,ITG1,19,Sicilia,Sicilia,4999891,2028579,40.57,0.13
3627,2021-04-03,SIC,16412,7816,8596,13424,2834,154,ITG,ITG1,19,Sicilia,Sicilia,4999891,2044991,40.9,0.33
3628,2021-01-24,SIC,4320,2259,2061,132,4186,2,ITG,ITG1,19,Sicilia,Sicilia,4999891,2049311,40.99,0.09
3629,2021-05-04,SIC,26827,12468,14359,17149,9291,387,ITG,ITG1,19,Sicilia,Sicilia,4999891,2076138,41.52,0.54
3630,2021-03-22,SIC,16677,7913,8764,11165,5423,89,ITG,ITG1,19,Sicilia,Sicilia,4999891,2092815,41.86,0.33
3631,2021-06-30,SIC,32503,14986,17517,11395,20791,317,ITG,ITG1,19,Sicilia,Sicilia,4999891,2125318,42.51,0.65
3632,2020-12-29,SIC,243,152,91,243,0,0,ITG,ITG1,19,Sicilia,Sicilia,4999891,2125561,42.51,0.0
3633,2021-06-13,SIC,34532,17155,17377,30597,3504,431,ITG,ITG1,19,Sicilia,Sicilia,4999891,2160093,43.2,0.69
3634,2021-01-19,SIC,1505,665,840,1262,229,14,ITG,ITG1,19,Sicilia,Sicilia,4999891,2161598,43.23,0.03
3635,2021-06-11,SIC,49918,23815,26103,41559,7703,656,ITG,ITG1,19,Sicilia,Sicilia,4999891,2211516,44.23,1.0
3636,2021-04-29,SIC,31793,14832,16961,21797,9557,439,ITG,ITG1,19,Sicilia,Sicilia,4999891,2243309,44.87,0.64
3637,2021-03-03,SIC,14562,6543,8019,11371,3067,124,ITG,ITG1,19,Sicilia,Sicilia,4999891,2257871,45.16,0.29
3638,2021-01-10,SIC,3534,1578,1956,3513,0,21,ITG,ITG1,19,Sicilia,Sicilia,4999891,2261405,45.23,0.07
3639,2021-01-05,SIC,10339,5080,5259,10264,0,75,ITG,ITG1,19,Sicilia,Sicilia,4999891,2271744,45.44,0.21
3640,2021-04-15,SIC,21538,10475,11063,11998,9339,201,ITG,ITG1,19,Sicilia,Sicilia,4999891,2293282,45.87,0.43
3641,2021-06-20,SIC,33388,15800,17588,15114,18015,259,ITG,ITG1,19,Sicilia,Sicilia,4999891,2326670,46.53,0.67
3642,2021-03-27,SIC,15645,7377,8268,10675,4852,118,ITG,ITG1,19,Sicilia,Sicilia,4999891,2342315,46.85,0.31
3643,2021-01-29,SIC,9184,4256,4928,413,8759,12,ITG,ITG1,19,Sicilia,Sicilia,4999891,2351499,47.03,0.18
3644,2021-02-12,SIC,4586,1811,2775,4242,266,78,ITG,ITG1,19,Sicilia,Sicilia,4999891,2356085,47.12,0.09
3645,2021-05-23,SIC,34087,16595,17492,19846,14012,229,ITG,ITG1,19,Sicilia,Sicilia,4999891,2390172,47.8,0.68
3646,2021-04-10,SIC,20433,9971,10462,11314,8963,156,ITG,ITG1,19,Sicilia,Sicilia,4999891,2410605,48.21,0.41
3647,2021-01-17,SIC,1305,592,713,1236,60,9,ITG,ITG1,19,Sicilia,Sicilia,4999891,2411910,48.24,0.03
3648,2021-07-02,SIC,30492,14204,16288,9923,20291,278,ITG,ITG1,19,Sicilia,Sicilia,4999891,2442402,48.85,0.61
3649,2021-03-05,SIC,15757,6834,8923,11380,4235,142,ITG,ITG1,19,Sicilia,Sicilia,4999891,2458159,49.16,0.32
3650,2021-02-16,SIC,4200,2207,1993,3664,465,71,ITG,ITG1,19,Sicilia,Sicilia,4999891,2462359,49.25,0.08
3651,2021-06-17,SIC,41809,19470,22339,20309,21134,366,ITG,ITG1,19,Sicilia,Sicilia,4999891,2504168,50.08,0.84
3652,2020-12-31,SIC,887,473,414,879,0,8,ITG,ITG1,19,Sicilia,Sicilia,4999891,2505055,50.1,0.02
3653,2021-03-07,SIC,9259,3454,5805,8117,1083,59,ITG,ITG1,19,Sicilia,Sicilia,4999891,2514314,50.29,0.19
3654,2021-06-15,SIC,46175,21757,24418,28225,17521,429,ITG,ITG1,19,Sicilia,Sicilia,4999891,2560489,51.21,0.92
3655,2021-03-24,SIC,20963,9868,11095,15038,5735,190,ITG,ITG1,19,Sicilia,Sicilia,4999891,2581452,51.63,0.42
3656,2021-03-15,SIC,10670,4725,5945,5646,4948,76,ITG,ITG1,19,Sicilia,Sicilia,4999891,2592122,51.84,0.21
3657,2021-02-07,SIC,2322,982,1340,665,1648,9,ITG,ITG1,19,Sicilia,Sicilia,4999891,2594444,51.89,0.05
3658,2021-07-14,SIC,22329,10158,12171,3198,19027,104,ITG,ITG1,19,Sicilia,Sicilia,4999891,2616773,52.34,0.45
3659,2021-05-18,SIC,36160,17402,18758,23292,12473,395,ITG,ITG1,19,Sicilia,Sicilia,4999891,2652933,53.06,0.72
3660,2021-07-07,SIC,35350,16164,19186,6033,29083,234,ITG,ITG1,19,Sicilia,Sicilia,4999891,2688283,53.77,0.71
3661,2021-05-25,SIC,33550,15427,18123,13948,19345,257,ITG,ITG1,19,Sicilia,Sicilia,4999891,2721833,54.44,0.67
3662,2021-03-29,SIC,15029,7074,7955,10398,4497,134,ITG,ITG1,19,Sicilia,Sicilia,4999891,2736862,54.74,0.3
3663,2021-04-22,SIC,26733,12627,14106,19880,6457,396,ITG,ITG1,19,Sicilia,Sicilia,4999891,2763595,55.27,0.53
3664,2021-03-10,SIC,13926,6119,7807,11613,2183,130,ITG,ITG1,19,Sicilia,Sicilia,4999891,2777521,55.55,0.28
3665,2021-01-12,SIC,4328,2122,2206,4284,0,44,ITG,ITG1,19,Sicilia,Sicilia,4999891,2781849,55.64,0.09
3666,2021-06-18,SIC,43529,20122,23407,18842,24321,366,ITG,ITG1,19,Sicilia,Sicilia,4999891,2825378,56.51,0.87
3667,2021-06-27,SIC,25296,12194,13102,12103,12967,226,ITG,ITG1,19,Sicilia,Sicilia,4999891,2850674,57.01,0.51
3668,2021-05-15,SIC,56477,26387,30090,40350,15236,891,ITG,ITG1,19,Sicilia,Sicilia,4999891,2907151,58.14,1.13
3669,2021-03-19,SIC,16305,8048,8257,10646,5571,88,ITG,ITG1,19,Sicilia,Sicilia,4999891,2923456,58.47,0.33
3670,2021-03-13,SIC,12211,5387,6824,7627,4493,91,ITG,ITG1,19,Sicilia,Sicilia,4999891,2935667,58.71,0.24
3671,2021-04-17,SIC,25998,13150,12848,18671,7064,263,ITG,ITG1,19,Sicilia,Sicilia,4999891,2961665,59.23,0.52
3672,2021-03-17,SIC,15042,7436,7606,9074,5846,122,ITG,ITG1,19,Sicilia,Sicilia,4999891,2976707,59.54,0.3
3673,2021-06-25,SIC,39759,18661,21098,17376,22051,332,ITG,ITG1,19,Sicilia,Sicilia,4999891,3016466,60.33,0.8
3674,2021-07-09,SIC,44652,20551,24101,6395,38087,170,ITG,ITG1,19,Sicilia,Sicilia,4999891,3061118,61.22,0.89
3675,2021-06-06,SIC,49525,23917,25608,41149,7823,553,ITG,ITG1,19,Sicilia,Sicilia,4999891,3110643,62.21,0.99
3676,2021-02-24,SIC,9371,4803,4568,8707,560,104,ITG,ITG1,19,Sicilia,Sicilia,4999891,3120014,62.4,0.19
3677,2021-01-21,SIC,1437,706,731,490,936,11,ITG,ITG1,19,Sicilia,Sicilia,4999891,3121451,62.43,0.03
3678,2021-05-01,SIC,24440,11312,13128,19002,5164,274,ITG,ITG1,19,Sicilia,Sicilia,4999891,3145891,62.92,0.49
3679,2021-07-06,SIC,37092,17159,19933,10278,26514,300,ITG,ITG1,19,Sicilia,Sicilia,4999891,3182983,63.66,0.74
3680,2021-05-10,SIC,28715,13782,14933,16243,12201,271,ITG,ITG1,19,Sicilia,Sicilia,4999891,3211698,64.24,0.57
3681,2021-03-26,SIC,17989,8355,9634,12356,5499,134,ITG,ITG1,19,Sicilia,Sicilia,4999891,3229687,64.6,0.36
3682,2021-01-28,SIC,9027,4271,4756,390,8636,1,ITG,ITG1,19,Sicilia,Sicilia,4999891,3238714,64.78,0.18
3683,2021-07-04,SIC,26560,12826,13734,7627,18764,169,ITG,ITG1,19,Sicilia,Sicilia,4999891,3265274,65.31,0.53
3684,2021-05-08,SIC,35630,17027,18603,24983,10298,349,ITG,ITG1,19,Sicilia,Sicilia,4999891,3300904,66.02,0.71
3685,2021-01-26,SIC,9550,4724,4826,246,9303,1,ITG,ITG1,19,Sicilia,Sicilia,4999891,3310454,66.21,0.19
3686,2021-06-10,SIC,52986,24874,28112,45133,7206,647,ITG,ITG1,19,Sicilia,Sicilia,4999891,3363440,67.27,1.06
3687,2021-05-27,SIC,47545,21893,25652,24449,22682,414,ITG,ITG1,19,Sicilia,Sicilia,4999891,3410985,68.22,0.95
3688,2021-04-14,SIC,20572,9936,10636,11629,8759,184,ITG,ITG1,19,Sicilia,Sicilia,4999891,3431557,68.63,0.41
3689,2021-04-21,SIC,22389,10745,11644,16002,6121,266,ITG,ITG1,19,Sicilia,Sicilia,4999891,3453946,69.08,0.45
3690,2021-04-07,SIC,15737,7758,7979,8284,7279,174,ITG,ITG1,19,Sicilia,Sicilia,4999891,3469683,69.4,0.31
3691,2021-06-03,SIC,45956,21075,24881,33766,11677,513,ITG,ITG1,19,Sicilia,Sicilia,4999891,3515639,70.31,0.92
3692,2021-06-01,SIC,38932,17709,21223,24624,13959,349,ITG,ITG1,19,Sicilia,Sicilia,4999891,3554571,71.09,0.78
3693,2021-04-05,SIC,8013,3954,4059,6510,1440,63,ITG,ITG1,19,Sicilia,Sicilia,4999891,3562584,71.25,0.16
3694,2021-04-12,SIC,19001,9210,9791,11485,7275,241,ITG,ITG1,19,Sicilia,Sicilia,4999891,3581585,71.63,0.38
3695,2021-02-14,SIC,1055,402,653,907,140,8,ITG,ITG1,19,Sicilia,Sicilia,4999891,3582640,71.65,0.02
3696,2021-06-22,SIC,39954,18361,21593,18290,21293,371,ITG,ITG1,19,Sicilia,Sicilia,4999891,3622594,72.45,0.8
3697,2021-05-22,SIC,48005,22803,25202,28297,19309,399,ITG,ITG1,19,Sicilia,Sicilia,4999891,3670599,73.41,0.96
3698,2021-02-28,SIC,7165,3062,4103,6484,630,51,ITG,ITG1,19,Sicilia,Sicilia,4999891,3677764,73.56,0.14
3699,2021-06-08,SIC,47708,22403,25305,40485,6694,529,ITG,ITG1,19,Sicilia,Sicilia,4999891,3725472,74.51,0.95
3700,2021-01-09,SIC,7189,3388,3801,7129,0,60,ITG,ITG1,19,Sicilia,Sicilia,4999891,3732661,74.65,0.14
3701,2021-05-03,SIC,23307,10793,12514,13274,9787,246,ITG,ITG1,19,Sicilia,Sicilia,4999891,3755968,75.12,0.47
3702,2021-07-11,SIC,36060,16879,19181,3674,32288,98,ITG,ITG1,19,Sicilia,Sicilia,4999891,3792028,75.84,0.72
3703,2021-04-19,SIC,18282,8662,9620,12480,5581,221,ITG,ITG1,19,Sicilia,Sicilia,4999891,3810310,76.21,0.37
3704,2021-03-12,SIC,12865,5558,7307,10650,2067,148,ITG,ITG1,19,Sicilia,Sicilia,4999891,3823175,76.47,0.26
3705,2021-06-29,SIC,31283,14657,16626,15674,15212,397,ITG,ITG1,19,Sicilia,Sicilia,4999891,3854458,77.09,0.63
3706,2021-02-26,SIC,11974,5874,6100,10181,1680,113,ITG,ITG1,19,Sicilia,Sicilia,4999891,3866432,77.33,0.24
3707,2021-05-06,SIC,29466,14005,15461,18167,10830,469,ITG,ITG1,19,Sicilia,Sicilia,4999891,3895898,77.92,0.59
3708,2021-03-31,SIC,14519,6706,7813,9447,4932,140,ITG,ITG1,19,Sicilia,Sicilia,4999891,3910417,78.21,0.29
3709,2021-01-07,SIC,8928,4132,4796,8848,0,80,ITG,ITG1,19,Sicilia,Sicilia,4999891,3919345,78.39,0.18
3710,2021-02-09,SIC,4346,1798,2548,3246,1035,65,ITG,ITG1,19,Sicilia,Sicilia,4999891,3923691,78.48,0.09
3711,2021-05-20,SIC,44057,21112,22945,27733,15911,413,ITG,ITG1,19,Sicilia,Sicilia,4999891,3967748,79.36,0.88
3712,2021-05-29,SIC,47165,21459,25706,23528,23190,447,ITG,ITG1,19,Sicilia,Sicilia,4999891,4014913,80.3,0.94
3713,2021-01-02,SIC,4851,2526,2325,4821,0,30,ITG,ITG1,19,Sicilia,Sicilia,4999891,4019764,80.4,0.1
3714,2021-02-21,SIC,5168,2501,2667,5047,106,15,ITG,ITG1,19,Sicilia,Sicilia,4999891,4024932,80.5,0.1
3715,2021-07-03,SIC,33898,16270,17628,9067,24593,238,ITG,ITG1,19,Sicilia,Sicilia,4999891,4058830,81.18,0.68
3716,2021-03-06,SIC,12638,5058,7580,9761,2782,95,ITG,ITG1,19,Sicilia,Sicilia,4999891,4071468,81.43,0.25
3717,2021-06-14,SIC,43465,20645,22820,28158,14890,417,ITG,ITG1,19,Sicilia,Sicilia,4999891,4114933,82.3,0.87
3718,2021-05-28,SIC,51239,22979,28260,24314,26514,411,ITG,ITG1,19,Sicilia,Sicilia,4999891,4166172,83.33,1.02
3719,2021-02-19,SIC,4978,2694,2284,4334,563,81,ITG,ITG1,19,Sicilia,Sicilia,4999891,4171150,83.42,0.1
3720,2021-03-08,SIC,13487,5950,7537,10760,2613,114,ITG,ITG1,19,Sicilia,Sicilia,4999891,4184637,83.69,0.27
3721,2021-05-30,SIC,35765,16170,19595,17423,18046,296,ITG,ITG1,19,Sicilia,Sicilia,4999891,4220402,84.41,0.72
3722,2021-05-13,SIC,47457,22247,25210,30302,16536,619,ITG,ITG1,19,Sicilia,Sicilia,4999891,4267859,85.36,0.95
3723,2021-01-31,SIC,4034,1929,2105,110,3922,2,ITG,ITG1,19,Sicilia,Sicilia,4999891,4271893,85.44,0.08
3724,2021-05-11,SIC,32570,15473,17097,19588,12488,494,ITG,ITG1,19,Sicilia,Sicilia,4999891,4304463,86.09,0.65
3725,2021-02-17,SIC,5216,3204,2012,4502,668,46,ITG,ITG1,19,Sicilia,Sicilia,4999891,4309679,86.2,0.1
3726,2021-04-24,SIC,31138,14697,16441,23122,7631,385,ITG,ITG1,19,Sicilia,Sicilia,4999891,4340817,86.82,0.62
3727,2021-04-26,SIC,21673,10261,11412,13291,8080,302,ITG,ITG1,19,Sicilia,Sicilia,4999891,4362490,87.25,0.43
3728,2021-02-02,SIC,5272,2472,2800,617,4645,10,ITG,ITG1,19,Sicilia,Sicilia,4999891,4367762,87.36,0.11
3729,2021-01-14,SIC,5251,2483,2768,5189,0,62,ITG,ITG1,19,Sicilia,Sicilia,4999891,4373013,87.46,0.11
3730,2021-04-23,SAR,12858,5740,7118,7243,5478,137,ITG,ITG2,20,Sardegna,Sardegna,1639591,12858,0.78,0.78
3731,2021-05-10,SAR,9738,4340,5398,7032,2538,168,ITG,ITG2,20,Sardegna,Sardegna,1639591,22596,1.38,0.59
3732,2021-01-30,SAR,3865,1393,2472,363,3502,0,ITG,ITG2,20,Sardegna,Sardegna,1639591,26461,1.61,0.24
3733,2021-06-19,SAR,15333,7510,7823,9114,6120,99,ITG,ITG2,20,Sardegna,Sardegna,1639591,41794,2.55,0.94
3734,2021-07-06,SAR,15913,7715,8198,4665,11152,96,ITG,ITG2,20,Sardegna,Sardegna,1639591,57707,3.52,0.97
3735,2021-03-28,SAR,4528,1792,2736,4387,78,63,ITG,ITG2,20,Sardegna,Sardegna,1639591,62235,3.8,0.28
3736,2021-01-04,SAR,587,215,372,587,0,0,ITG,ITG2,20,Sardegna,Sardegna,1639591,62822,3.83,0.04
3737,2021-01-16,SAR,1490,525,965,1490,0,0,ITG,ITG2,20,Sardegna,Sardegna,1639591,64312,3.92,0.09
3738,2021-04-09,SAR,12300,5468,6832,7828,4353,119,ITG,ITG2,20,Sardegna,Sardegna,1639591,76612,4.67,0.75
3739,2021-04-11,SAR,5399,2444,2955,4252,1121,26,ITG,ITG2,20,Sardegna,Sardegna,1639591,82011,5.0,0.33
3740,2021-06-07,SAR,12567,6146,6421,9441,3005,121,ITG,ITG2,20,Sardegna,Sardegna,1639591,94578,5.77,0.77
3741,2021-02-04,SAR,2269,815,1454,910,1356,3,ITG,ITG2,20,Sardegna,Sardegna,1639591,96847,5.91,0.14
3742,2021-04-02,SAR,8977,3543,5434,5587,3241,149,ITG,ITG2,20,Sardegna,Sardegna,1639591,105824,6.45,0.55
3743,2021-02-11,SAR,1311,488,823,1200,111,0,ITG,ITG2,20,Sardegna,Sardegna,1639591,107135,6.53,0.08
3744,2021-05-24,SAR,14470,7256,7214,8354,5984,132,ITG,ITG2,20,Sardegna,Sardegna,1639591,121605,7.42,0.88
3745,2021-02-13,SAR,1446,562,884,1440,2,4,ITG,ITG2,20,Sardegna,Sardegna,1639591,123051,7.5,0.09
3746,2021-05-29,SAR,17993,8648,9345,13235,4591,167,ITG,ITG2,20,Sardegna,Sardegna,1639591,141044,8.6,1.1
3747,2021-02-18,SAR,1876,731,1145,1775,64,37,ITG,ITG2,20,Sardegna,Sardegna,1639591,142920,8.72,0.11
3748,2021-05-19,SAR,17023,8665,8358,12629,4238,156,ITG,ITG2,20,Sardegna,Sardegna,1639591,159943,9.76,1.04
3749,2021-06-05,SAR,17873,8432,9441,11283,6456,134,ITG,ITG2,20,Sardegna,Sardegna,1639591,177816,10.85,1.09
3750,2021-02-25,SAR,2896,1254,1642,2261,604,31,ITG,ITG2,20,Sardegna,Sardegna,1639591,180712,11.02,0.18
3751,2021-03-14,SAR,604,376,228,595,0,9,ITG,ITG2,20,Sardegna,Sardegna,1639591,181316,11.06,0.04
3752,2021-07-01,SAR,19828,9761,10067,7258,12478,92,ITG,ITG2,20,Sardegna,Sardegna,1639591,201144,12.27,1.21
3753,2021-03-23,SAR,6410,2879,3531,5180,1078,152,ITG,ITG2,20,Sardegna,Sardegna,1639591,207554,12.66,0.39
3754,2021-05-12,SAR,11132,5260,5872,7788,3138,206,ITG,ITG2,20,Sardegna,Sardegna,1639591,218686,13.34,0.68
3755,2021-03-09,SAR,5528,2737,2791,4743,728,57,ITG,ITG2,20,Sardegna,Sardegna,1639591,224214,13.67,0.34
3756,2021-05-05,SAR,10160,4645,5515,7953,2013,194,ITG,ITG2,20,Sardegna,Sardegna,1639591,234374,14.29,0.62
3757,2021-06-12,SAR,14753,7192,7561,9938,4700,115,ITG,ITG2,20,Sardegna,Sardegna,1639591,249127,15.19,0.9
3758,2021-03-04,SAR,4361,2291,2070,3052,1255,54,ITG,ITG2,20,Sardegna,Sardegna,1639591,253488,15.46,0.27
3759,2021-03-21,SAR,4030,1809,2221,2571,1440,19,ITG,ITG2,20,Sardegna,Sardegna,1639591,257518,15.71,0.25
3760,2021-07-08,SAR,18416,8956,9460,3835,14498,83,ITG,ITG2,20,Sardegna,Sardegna,1639591,275934,16.83,1.12
3761,2021-04-16,SAR,14442,6487,7955,8940,5340,162,ITG,ITG2,20,Sardegna,Sardegna,1639591,290376,17.71,0.88
3762,2021-01-23,SAR,60,22,38,0,60,0,ITG,ITG2,20,Sardegna,Sardegna,1639591,290436,17.71,0.0
3763,2021-02-22,SAR,1638,948,690,1384,228,26,ITG,ITG2,20,Sardegna,Sardegna,1639591,292074,17.81,0.1
3764,2021-03-11,SAR,6412,3083,3329,5145,1199,68,ITG,ITG2,20,Sardegna,Sardegna,1639591,298486,18.2,0.39
3765,2021-06-26,SAR,19124,9000,10124,5443,13607,74,ITG,ITG2,20,Sardegna,Sardegna,1639591,317610,19.37,1.17
3766,2021-05-07,SAR,14466,6632,7834,9716,4522,228,ITG,ITG2,20,Sardegna,Sardegna,1639591,332076,20.25,0.88
3767,2021-01-27,SAR,1412,497,915,78,1334,0,ITG,ITG2,20,Sardegna,Sardegna,1639591,333488,20.34,0.09
3768,2021-07-03,SAR,15830,7555,8275,3236,12563,31,ITG,ITG2,20,Sardegna,Sardegna,1639591,349318,21.31,0.97
3769,2021-03-25,SAR,9105,3969,5136,7686,1303,116,ITG,ITG2,20,Sardegna,Sardegna,1639591,358423,21.86,0.56
3770,2021-07-13,SAR,17772,8515,9257,3252,14443,77,ITG,ITG2,20,Sardegna,Sardegna,1639591,376195,22.94,1.08
3771,2021-04-04,SAR,1,0,1,0,1,0,ITG,ITG2,20,Sardegna,Sardegna,1639591,376196,22.94,0.0
3772,2021-06-16,SAR,17632,8276,9356,12169,5303,160,ITG,ITG2,20,Sardegna,Sardegna,1639591,393828,24.02,1.08
3773,2021-04-30,SAR,11128,5299,5829,6752,4205,171,ITG,ITG2,20,Sardegna,Sardegna,1639591,404956,24.7,0.68
3774,2021-05-17,SAR,12815,6258,6557,9126,3544,145,ITG,ITG2,20,Sardegna,Sardegna,1639591,417771,25.48,0.78
3775,2021-02-06,SAR,1969,697,1272,564,1402,3,ITG,ITG2,20,Sardegna,Sardegna,1639591,419740,25.6,0.12
3776,2021-02-23,SAR,1537,1026,511,1270,252,15,ITG,ITG2,20,Sardegna,Sardegna,1639591,421277,25.69,0.09
3777,2021-05-02,SAR,5882,2669,3213,5215,577,90,ITG,ITG2,20,Sardegna,Sardegna,1639591,427159,26.05,0.36
3778,2021-02-08,SAR,1466,531,935,852,613,1,ITG,ITG2,20,Sardegna,Sardegna,1639591,428625,26.14,0.09
3779,2021-05-31,SAR,11366,5409,5957,8157,3110,99,ITG,ITG2,20,Sardegna,Sardegna,1639591,439991,26.84,0.69
3780,2021-04-18,SAR,5125,2224,2901,2230,2867,28,ITG,ITG2,20,Sardegna,Sardegna,1639591,445116,27.15,0.31
3781,2021-01-08,SAR,3257,1184,2073,3255,0,2,ITG,ITG2,20,Sardegna,Sardegna,1639591,448373,27.35,0.2
3782,2021-06-02,SAR,9785,4690,5095,8059,1640,86,ITG,ITG2,20,Sardegna,Sardegna,1639591,458158,27.94,0.6
3783,2020-12-28,SAR,65,25,40,65,0,0,ITG,ITG2,20,Sardegna,Sardegna,1639591,458223,27.95,0.0
3784,2021-06-14,SAR,13745,6639,7106,9995,3610,140,ITG,ITG2,20,Sardegna,Sardegna,1639591,471968,28.79,0.84
3785,2021-03-06,SAR,2635,1078,1557,781,1781,73,ITG,ITG2,20,Sardegna,Sardegna,1639591,474603,28.95,0.16
3786,2021-06-28,SAR,14987,7038,7949,3051,11871,65,ITG,ITG2,20,Sardegna,Sardegna,1639591,489590,29.86,0.91
3787,2021-04-06,SAR,7457,3123,4334,4970,2429,58,ITG,ITG2,20,Sardegna,Sardegna,1639591,497047,30.32,0.45
3788,2020-12-27,SAR,65,34,31,65,0,0,ITG,ITG2,20,Sardegna,Sardegna,1639591,497112,30.32,0.0
3789,2021-03-02,SAR,3034,1629,1405,1815,1153,66,ITG,ITG2,20,Sardegna,Sardegna,1639591,500146,30.5,0.19
3790,2021-04-28,SAR,9008,4275,4733,5163,3698,147,ITG,ITG2,20,Sardegna,Sardegna,1639591,509154,31.05,0.55
3791,2021-01-18,SAR,903,324,579,779,124,0,ITG,ITG2,20,Sardegna,Sardegna,1639591,510057,31.11,0.06
3792,2021-06-24,SAR,19162,9201,9961,8112,10949,101,ITG,ITG2,20,Sardegna,Sardegna,1639591,529219,32.28,1.17
3793,2021-03-16,SAR,4395,1953,2442,3434,921,40,ITG,ITG2,20,Sardegna,Sardegna,1639591,533614,32.55,0.27
3794,2021-04-21,SAR,12065,5551,6514,6437,5530,98,ITG,ITG2,20,Sardegna,Sardegna,1639591,545679,33.28,0.74
3795,2021-01-11,SAR,1182,504,678,1181,0,1,ITG,ITG2,20,Sardegna,Sardegna,1639591,546861,33.35,0.07
3796,2021-06-17,SAR,18459,8529,9930,9923,8416,120,ITG,ITG2,20,Sardegna,Sardegna,1639591,565320,34.48,1.13
3797,2021-01-13,SAR,574,178,396,574,0,0,ITG,ITG2,20,Sardegna,Sardegna,1639591,565894,34.51,0.04
3798,2021-06-04,SAR,14479,6930,7549,9768,4554,157,ITG,ITG2,20,Sardegna,Sardegna,1639591,580373,35.4,0.88
3799,2021-06-21,SAR,14014,6730,7284,5122,8820,72,ITG,ITG2,20,Sardegna,Sardegna,1639591,594387,36.25,0.85
3800,2021-03-13,SAR,2754,1075,1679,2434,281,39,ITG,ITG2,20,Sardegna,Sardegna,1639591,597141,36.42,0.17
3801,2021-03-30,SAR,8756,3582,5174,6345,2273,138,ITG,ITG2,20,Sardegna,Sardegna,1639591,605897,36.95,0.53
3802,2021-01-06,SAR,1613,547,1066,1613,0,0,ITG,ITG2,20,Sardegna,Sardegna,1639591,607510,37.05,0.1
3803,2021-06-23,SAR,20534,9661,10873,6192,14251,91,ITG,ITG2,20,Sardegna,Sardegna,1639591,628044,38.3,1.25
3804,2021-05-21,SAR,22640,11204,11436,16260,6100,280,ITG,ITG2,20,Sardegna,Sardegna,1639591,650684,39.69,1.38
3805,2021-03-18,SAR,7252,3070,4182,5574,1605,73,ITG,ITG2,20,Sardegna,Sardegna,1639591,657936,40.13,0.44
3806,2021-05-14,SAR,14567,6866,7701,10764,3641,162,ITG,ITG2,20,Sardegna,Sardegna,1639591,672503,41.02,0.89
3807,2021-02-03,SAR,1118,418,700,424,693,1,ITG,ITG2,20,Sardegna,Sardegna,1639591,673621,41.08,0.07
3808,2021-07-10,SAR,14223,6877,7346,2706,11484,33,ITG,ITG2,20,Sardegna,Sardegna,1639591,687844,41.95,0.87
3809,2021-04-01,SAR,10151,4066,6085,7005,3011,135,ITG,ITG2,20,Sardegna,Sardegna,1639591,697995,42.57,0.62
3810,2021-04-20,SAR,10989,4987,6002,7693,3205,91,ITG,ITG2,20,Sardegna,Sardegna,1639591,708984,43.24,0.67
3811,2021-02-20,SAR,2040,854,1186,1683,334,23,ITG,ITG2,20,Sardegna,Sardegna,1639591,711024,43.37,0.12
3812,2021-01-01,SAR,32,17,15,32,0,0,ITG,ITG2,20,Sardegna,Sardegna,1639591,711056,43.37,0.0
3813,2021-02-27,SAR,1914,642,1272,1318,555,41,ITG,ITG2,20,Sardegna,Sardegna,1639591,712970,43.48,0.12
3814,2021-04-13,SAR,7616,3598,4018,5734,1825,57,ITG,ITG2,20,Sardegna,Sardegna,1639591,720586,43.95,0.46
3815,2021-06-09,SAR,15494,7380,8114,11606,3739,149,ITG,ITG2,20,Sardegna,Sardegna,1639591,736080,44.89,0.94
3816,2021-01-25,SAR,591,214,377,22,569,0,ITG,ITG2,20,Sardegna,Sardegna,1639591,736671,44.93,0.04
3817,2021-05-16,SAR,8222,3832,4390,5988,2160,74,ITG,ITG2,20,Sardegna,Sardegna,1639591,744893,45.43,0.5
3818,2021-07-12,SAR,15334,7416,7918,2408,12871,55,ITG,ITG2,20,Sardegna,Sardegna,1639591,760227,46.37,0.94
3819,2021-07-05,SAR,15570,7567,8003,3327,12194,49,ITG,ITG2,20,Sardegna,Sardegna,1639591,775797,47.32,0.95
3820,2021-04-25,SAR,4496,2269,2227,3672,778,46,ITG,ITG2,20,Sardegna,Sardegna,1639591,780293,47.59,0.27
3821,2021-01-15,SAR,1559,572,987,1557,0,2,ITG,ITG2,20,Sardegna,Sardegna,1639591,781852,47.69,0.1
3822,2021-02-01,SAR,1523,605,918,224,1299,0,ITG,ITG2,20,Sardegna,Sardegna,1639591,783375,47.78,0.09
3823,2021-05-09,SAR,6126,2873,3253,5113,926,87,ITG,ITG2,20,Sardegna,Sardegna,1639591,789501,48.15,0.37
3824,2021-05-26,SAR,15531,8188,7343,9702,5645,184,ITG,ITG2,20,Sardegna,Sardegna,1639591,805032,49.1,0.95
3825,2021-02-15,SAR,954,347,607,917,31,6,ITG,ITG2,20,Sardegna,Sardegna,1639591,805986,49.16,0.06
3826,2021-02-05,SAR,1897,749,1148,431,1464,2,ITG,ITG2,20,Sardegna,Sardegna,1639591,807883,49.27,0.12
3827,2021-04-03,SAR,4666,1805,2861,2635,1967,64,ITG,ITG2,20,Sardegna,Sardegna,1639591,812549,49.56,0.28
3828,2021-05-30,SAR,9727,4836,4891,7300,2357,70,ITG,ITG2,20,Sardegna,Sardegna,1639591,822276,50.15,0.59
3829,2021-02-19,SAR,1496,470,1026,1397,56,43,ITG,ITG2,20,Sardegna,Sardegna,1639591,823772,50.24,0.09
3830,2021-05-28,SAR,17950,8696,9254,13487,4275,188,ITG,ITG2,20,Sardegna,Sardegna,1639591,841722,51.34,1.09
3831,2021-02-17,SAR,1402,576,826,1272,74,56,ITG,ITG2,20,Sardegna,Sardegna,1639591,843124,51.42,0.09
3832,2021-05-25,SAR,15138,7702,7436,8487,6476,175,ITG,ITG2,20,Sardegna,Sardegna,1639591,858262,52.35,0.92
3833,2021-06-11,SAR,14777,7021,7756,9093,5533,151,ITG,ITG2,20,Sardegna,Sardegna,1639591,873039,53.25,0.9
3834,2021-03-03,SAR,4110,2275,1835,2738,1296,76,ITG,ITG2,20,Sardegna,Sardegna,1639591,877149,53.5,0.25
3835,2021-06-30,SAR,17770,8512,9258,4814,12875,81,ITG,ITG2,20,Sardegna,Sardegna,1639591,894919,54.58,1.08
3836,2021-03-22,SAR,3686,1492,2194,3099,512,75,ITG,ITG2,20,Sardegna,Sardegna,1639591,898605,54.81,0.22
3837,2021-05-18,SAR,14750,7377,7373,9446,5200,104,ITG,ITG2,20,Sardegna,Sardegna,1639591,913355,55.71,0.9
3838,2021-02-24,SAR,2408,1291,1117,2183,189,36,ITG,ITG2,20,Sardegna,Sardegna,1639591,915763,55.85,0.15
3839,2021-04-29,SAR,11119,5104,6015,6615,4353,151,ITG,ITG2,20,Sardegna,Sardegna,1639591,926882,56.53,0.68
3840,2021-06-25,SAR,16494,7801,8693,3897,12541,56,ITG,ITG2,20,Sardegna,Sardegna,1639591,943376,57.54,1.01
3841,2021-01-10,SAR,2176,748,1428,2176,0,0,ITG,ITG2,20,Sardegna,Sardegna,1639591,945552,57.67,0.13
3842,2021-03-08,SAR,4680,2429,2251,3419,1221,40,ITG,ITG2,20,Sardegna,Sardegna,1639591,950232,57.96,0.29
3843,2021-05-04,SAR,9538,4385,5153,7541,1852,145,ITG,ITG2,20,Sardegna,Sardegna,1639591,959770,58.54,0.58
3844,2021-01-24,SAR,90,34,56,5,85,0,ITG,ITG2,20,Sardegna,Sardegna,1639591,959860,58.54,0.01
3845,2021-03-27,SAR,5733,2192,3541,5224,422,87,ITG,ITG2,20,Sardegna,Sardegna,1639591,965593,58.89,0.35
3846,2021-05-23,SAR,9966,4807,5159,7625,2245,96,ITG,ITG2,20,Sardegna,Sardegna,1639591,975559,59.5,0.61
3847,2021-02-12,SAR,2236,933,1303,2172,59,5,ITG,ITG2,20,Sardegna,Sardegna,1639591,977795,59.64,0.14
3848,2021-04-10,SAR,10492,4747,5745,8454,1938,100,ITG,ITG2,20,Sardegna,Sardegna,1639591,988287,60.28,0.64
3849,2021-06-06,SAR,10039,5004,5035,6319,3651,69,ITG,ITG2,20,Sardegna,Sardegna,1639591,998326,60.89,0.61
3850,2021-04-14,SAR,8260,3905,4355,6963,1237,60,ITG,ITG2,20,Sardegna,Sardegna,1639591,1006586,61.39,0.5
3851,2021-05-01,SAR,9914,4763,5151,5368,4455,91,ITG,ITG2,20,Sardegna,Sardegna,1639591,1016500,62.0,0.6
3852,2021-01-21,SAR,126,60,66,94,32,0,ITG,ITG2,20,Sardegna,Sardegna,1639591,1016626,62.0,0.01
3853,2021-02-07,SAR,1118,395,723,227,890,1,ITG,ITG2,20,Sardegna,Sardegna,1639591,1017744,62.07,0.07
3854,2021-05-03,SAR,8186,3821,4365,6488,1597,101,ITG,ITG2,20,Sardegna,Sardegna,1639591,1025930,62.57,0.5
3855,2021-05-20,SAR,16360,7880,8480,11267,4893,200,ITG,ITG2,20,Sardegna,Sardegna,1639591,1042290,63.57,1.0
3856,2021-02-09,SAR,2285,835,1450,1284,996,5,ITG,ITG2,20,Sardegna,Sardegna,1639591,1044575,63.71,0.14
3857,2021-02-26,SAR,2798,1106,1692,2444,306,48,ITG,ITG2,20,Sardegna,Sardegna,1639591,1047373,63.88,0.17
3858,2021-04-08,SAR,13435,5934,7501,8211,5115,109,ITG,ITG2,20,Sardegna,Sardegna,1639591,1060808,64.7,0.82
3859,2021-07-14,SAR,7958,3804,4154,1479,6445,34,ITG,ITG2,20,Sardegna,Sardegna,1639591,1068766,65.18,0.49
3860,2020-12-29,SAR,57,32,25,57,0,0,ITG,ITG2,20,Sardegna,Sardegna,1639591,1068823,65.19,0.0
3861,2021-04-22,SAR,10502,4661,5841,5501,4917,84,ITG,ITG2,20,Sardegna,Sardegna,1639591,1079325,65.83,0.64
3862,2021-01-12,SAR,865,408,457,865,0,0,ITG,ITG2,20,Sardegna,Sardegna,1639591,1080190,65.88,0.05
3863,2021-05-11,SAR,8908,4138,4770,6396,2386,126,ITG,ITG2,20,Sardegna,Sardegna,1639591,1089098,66.42,0.54
3864,2021-01-31,SAR,2117,749,1368,45,2072,0,ITG,ITG2,20,Sardegna,Sardegna,1639591,1091215,66.55,0.13
3865,2021-02-10,SAR,1958,765,1193,1434,518,6,ITG,ITG2,20,Sardegna,Sardegna,1639591,1093173,66.67,0.12
3866,2021-06-18,SAR,16482,7505,8977,8601,7766,115,ITG,ITG2,20,Sardegna,Sardegna,1639591,1109655,67.68,1.01
3867,2021-03-10,SAR,6051,2955,3096,5138,851,62,ITG,ITG2,20,Sardegna,Sardegna,1639591,1115706,68.05,0.37
3868,2021-05-06,SAR,12944,6008,6936,9563,3144,237,ITG,ITG2,20,Sardegna,Sardegna,1639591,1128650,68.84,0.79
3869,2021-03-01,SAR,2264,1154,1110,1579,659,26,ITG,ITG2,20,Sardegna,Sardegna,1639591,1130914,68.98,0.14
3870,2021-05-13,SAR,12368,5860,6508,8723,3446,199,ITG,ITG2,20,Sardegna,Sardegna,1639591,1143282,69.73,0.75
3871,2021-02-02,SAR,1498,669,829,257,1241,0,ITG,ITG2,20,Sardegna,Sardegna,1639591,1144780,69.82,0.09
3872,2021-03-20,SAR,5194,2075,3119,2891,2277,26,ITG,ITG2,20,Sardegna,Sardegna,1639591,1149974,70.14,0.32
3873,2021-06-13,SAR,9499,4675,4824,6159,3260,80,ITG,ITG2,20,Sardegna,Sardegna,1639591,1159473,70.72,0.58
3874,2021-01-29,SAR,2955,1070,1885,45,2908,2,ITG,ITG2,20,Sardegna,Sardegna,1639591,1162428,70.9,0.18
3875,2021-07-02,SAR,18920,8883,10037,4407,14417,96,ITG,ITG2,20,Sardegna,Sardegna,1639591,1181348,72.05,1.15
3876,2021-04-27,SAR,7616,3552,4064,5476,2042,98,ITG,ITG2,20,Sardegna,Sardegna,1639591,1188964,72.52,0.46
3877,2021-01-17,SAR,859,277,582,858,1,0,ITG,ITG2,20,Sardegna,Sardegna,1639591,1189823,72.57,0.05
3878,2021-03-15,SAR,2795,1317,1478,2382,373,40,ITG,ITG2,20,Sardegna,Sardegna,1639591,1192618,72.74,0.17
3879,2021-07-04,SAR,8199,3986,4213,2068,6116,15,ITG,ITG2,20,Sardegna,Sardegna,1639591,1200817,73.24,0.5
3880,2021-03-26,SAR,8457,3513,4944,6811,1526,120,ITG,ITG2,20,Sardegna,Sardegna,1639591,1209274,73.75,0.52
3881,2021-05-22,SAR,24839,11951,12888,19397,5137,305,ITG,ITG2,20,Sardegna,Sardegna,1639591,1234113,75.27,1.51
3882,2021-01-19,SAR,746,269,477,690,55,1,ITG,ITG2,20,Sardegna,Sardegna,1639591,1234859,75.32,0.05
3883,2021-03-17,SAR,6548,2845,3703,4904,1607,37,ITG,ITG2,20,Sardegna,Sardegna,1639591,1241407,75.71,0.4
3884,2021-06-27,SAR,9010,4306,4704,2956,6026,28,ITG,ITG2,20,Sardegna,Sardegna,1639591,1250417,76.26,0.55
3885,2021-03-24,SAR,7393,3105,4288,5905,1356,132,ITG,ITG2,20,Sardegna,Sardegna,1639591,1257810,76.71,0.45
3886,2021-01-07,SAR,3103,1072,2031,3099,0,4,ITG,ITG2,20,Sardegna,Sardegna,1639591,1260913,76.9,0.19
3887,2021-06-10,SAR,17808,8478,9330,11647,6037,124,ITG,ITG2,20,Sardegna,Sardegna,1639591,1278721,77.99,1.09
3888,2020-12-31,SAR,32,16,16,32,0,0,ITG,ITG2,20,Sardegna,Sardegna,1639591,1278753,77.99,0.0
3889,2021-04-12,SAR,6994,3180,3814,5217,1713,64,ITG,ITG2,20,Sardegna,Sardegna,1639591,1285747,78.42,0.43
3890,2021-01-02,SAR,60,21,39,60,0,0,ITG,ITG2,20,Sardegna,Sardegna,1639591,1285807,78.42,0.0
3891,2021-06-08,SAR,14830,7070,7760,11172,3504,154,ITG,ITG2,20,Sardegna,Sardegna,1639591,1300637,79.33,0.9
3892,2021-02-28,SAR,367,169,198,139,226,2,ITG,ITG2,20,Sardegna,Sardegna,1639591,1301004,79.35,0.02
3893,2021-04-26,SAR,6850,3274,3576,5859,903,88,ITG,ITG2,20,Sardegna,Sardegna,1639591,1307854,79.77,0.42
3894,2021-02-14,SAR,538,263,275,536,2,0,ITG,ITG2,20,Sardegna,Sardegna,1639591,1308392,79.8,0.03
3895,2021-04-05,SAR,2035,783,1252,2003,1,31,ITG,ITG2,20,Sardegna,Sardegna,1639591,1310427,79.92,0.12
3896,2021-06-29,SAR,17882,8601,9281,3758,14076,48,ITG,ITG2,20,Sardegna,Sardegna,1639591,1328309,81.01,1.09
3897,2021-05-15,SAR,13790,6423,7367,10195,3434,161,ITG,ITG2,20,Sardegna,Sardegna,1639591,1342099,81.86,0.84
3898,2021-07-11,SAR,6367,3113,3254,1426,4906,35,ITG,ITG2,20,Sardegna,Sardegna,1639591,1348466,82.24,0.39
3899,2021-01-26,SAR,1337,454,883,27,1310,0,ITG,ITG2,20,Sardegna,Sardegna,1639591,1349803,82.33,0.08
3900,2021-01-28,SAR,2972,1045,1927,69,2903,0,ITG,ITG2,20,Sardegna,Sardegna,1639591,1352775,82.51,0.18
3901,2021-05-27,SAR,17824,9262,8562,12082,5534,208,ITG,ITG2,20,Sardegna,Sardegna,1639591,1370599,83.59,1.09
3902,2021-02-16,SAR,699,289,410,663,27,9,ITG,ITG2,20,Sardegna,Sardegna,1639591,1371298,83.64,0.04
3903,2021-03-05,SAR,5202,2602,2600,2813,2354,35,ITG,ITG2,20,Sardegna,Sardegna,1639591,1376500,83.95,0.32
3904,2021-03-19,SAR,7260,3046,4214,4993,2214,53,ITG,ITG2,20,Sardegna,Sardegna,1639591,1383760,84.4,0.44
3905,2021-04-07,SAR,13541,6050,7491,7823,5650,68,ITG,ITG2,20,Sardegna,Sardegna,1639591,1397301,85.22,0.83
3906,2021-06-01,SAR,14319,6654,7665,9636,4589,94,ITG,ITG2,20,Sardegna,Sardegna,1639591,1411620,86.1,0.87
3907,2021-02-21,SAR,1588,709,879,1557,30,1,ITG,ITG2,20,Sardegna,Sardegna,1639591,1413208,86.19,0.1
3908,2021-04-19,SAR,10183,4621,5562,8624,1427,132,ITG,ITG2,20,Sardegna,Sardegna,1639591,1423391,86.81,0.62
3909,2021-01-09,SAR,4012,1414,2598,4012,0,0,ITG,ITG2,20,Sardegna,Sardegna,1639591,1427403,87.06,0.24
3910,2021-06-15,SAR,14683,6802,7881,9815,4735,133,ITG,ITG2,20,Sardegna,Sardegna,1639591,1442086,87.95,0.9
3911,2021-03-07,SAR,1657,751,906,1113,540,4,ITG,ITG2,20,Sardegna,Sardegna,1639591,1443743,88.06,0.1
3912,2021-04-24,SAR,10356,4844,5512,7890,2339,127,ITG,ITG2,20,Sardegna,Sardegna,1639591,1454099,88.69,0.63
3913,2021-01-14,SAR,1105,425,680,1105,0,0,ITG,ITG2,20,Sardegna,Sardegna,1639591,1455204,88.75,0.07
3914,2021-05-08,SAR,13079,5969,7110,10667,2282,130,ITG,ITG2,20,Sardegna,Sardegna,1639591,1468283,89.55,0.8
3915,2021-01-20,SAR,210,77,133,208,2,0,ITG,ITG2,20,Sardegna,Sardegna,1639591,1468493,89.56,0.01
3916,2021-03-29,SAR,4736,1845,2891,4071,588,77,ITG,ITG2,20,Sardegna,Sardegna,1639591,1473229,89.85,0.29
3917,2021-04-15,SAR,11842,5537,6305,6777,4954,111,ITG,ITG2,20,Sardegna,Sardegna,1639591,1485071,90.58,0.72
3918,2021-01-05,SAR,1321,443,878,1321,0,0,ITG,ITG2,20,Sardegna,Sardegna,1639591,1486392,90.66,0.08
3919,2021-01-22,SAR,83,47,36,55,28,0,ITG,ITG2,20,Sardegna,Sardegna,1639591,1486475,90.66,0.01
3920,2021-04-17,SAR,10077,4499,5578,5403,4596,78,ITG,ITG2,20,Sardegna,Sardegna,1639591,1496552,91.28,0.61
3921,2021-01-03,SAR,90,36,54,90,0,0,ITG,ITG2,20,Sardegna,Sardegna,1639591,1496642,91.28,0.01
3922,2021-07-07,SAR,15893,7724,8169,4085,11757,51,ITG,ITG2,20,Sardegna,Sardegna,1639591,1512535,92.25,0.97
3923,2021-06-22,SAR,19334,8988,10346,7168,12064,102,ITG,ITG2,20,Sardegna,Sardegna,1639591,1531869,93.43,1.18
3924,2021-07-09,SAR,15872,7597,8275,3435,12358,79,ITG,ITG2,20,Sardegna,Sardegna,1639591,1547741,94.4,0.97
3925,2021-03-31,SAR,10253,4150,6103,7702,2429,122,ITG,ITG2,20,Sardegna,Sardegna,1639591,1557994,95.02,0.63
3926,2021-06-03,SAR,16394,7643,8751,10566,5688,140,ITG,ITG2,20,Sardegna,Sardegna,1639591,1574388,96.02,1.0
3927,2021-06-20,SAR,6288,2804,3484,3636,2620,32,ITG,ITG2,20,Sardegna,Sardegna,1639591,1580676,96.41,0.38
3928,2021-03-12,SAR,5969,2616,3353,4519,1306,144,ITG,ITG2,20,Sardegna,Sardegna,1639591,1586645,96.77,0.36
3929,2021-04-23,LOM,73531,33324,40207,55562,16582,1387,ITC,ITC4,3,Lombardia,Lombardia,10060574,73531,0.73,0.73
3930,2021-05-10,LOM,85267,40881,44386,62032,21578,1657,ITC,ITC4,3,Lombardia,Lombardia,10060574,158798,1.58,0.85
3931,2021-01-30,LOM,12314,4566,7748,145,12160,9,ITC,ITC4,3,Lombardia,Lombardia,10060574,171112,1.7,0.12
3932,2021-06-05,LOM,102423,52952,49471,91097,9815,1511,ITC,ITC4,3,Lombardia,Lombardia,10060574,273535,2.72,1.02
3933,2021-03-14,LOM,14874,5348,9526,11218,3283,373,ITC,ITC4,3,Lombardia,Lombardia,10060574,288409,2.87,0.15
3934,2021-02-23,LOM,11829,4803,7026,11289,332,208,ITC,ITC4,3,Lombardia,Lombardia,10060574,300238,2.98,0.12
3935,2021-01-16,LOM,15438,5737,9701,15427,0,11,ITC,ITC4,3,Lombardia,Lombardia,10060574,315676,3.14,0.15
3936,2021-05-24,LOM,89513,43483,46030,48579,40000,934,ITC,ITC4,3,Lombardia,Lombardia,10060574,405189,4.03,0.89
3937,2021-02-11,LOM,17085,5012,12073,9631,7375,79,ITC,ITC4,3,Lombardia,Lombardia,10060574,422274,4.2,0.17
3938,2021-05-31,LOM,95647,47396,48251,78343,16200,1104,ITC,ITC4,3,Lombardia,Lombardia,10060574,517921,5.15,0.95
3939,2021-03-26,LOM,41319,15701,25618,27500,13149,670,ITC,ITC4,3,Lombardia,Lombardia,10060574,559240,5.56,0.41
3940,2021-05-22,LOM,70597,33836,36761,31723,38160,714,ITC,ITC4,3,Lombardia,Lombardia,10060574,629837,6.26,0.7
3941,2021-02-04,LOM,27822,8109,19713,2007,25809,6,ITC,ITC4,3,Lombardia,Lombardia,10060574,657659,6.54,0.28
3942,2021-04-09,LOM,52386,22366,30020,35555,15993,838,ITC,ITC4,3,Lombardia,Lombardia,10060574,710045,7.06,0.52
3943,2021-07-13,LOM,108334,56639,51695,15405,91689,1240,ITC,ITC4,3,Lombardia,Lombardia,10060574,818379,8.13,1.08
3944,2021-04-04,LOM,7611,3230,4381,3682,3895,34,ITC,ITC4,3,Lombardia,Lombardia,10060574,825990,8.21,0.08
3945,2021-03-28,LOM,20484,7818,12666,13934,6166,384,ITC,ITC4,3,Lombardia,Lombardia,10060574,846474,8.41,0.2
3946,2021-04-14,LOM,47185,21031,26154,33535,12971,679,ITC,ITC4,3,Lombardia,Lombardia,10060574,893659,8.88,0.47
3947,2021-01-04,LOM,6107,2107,4000,6101,0,6,ITC,ITC4,3,Lombardia,Lombardia,10060574,899766,8.94,0.06
3948,2021-06-19,LOM,104293,51983,52310,56248,46622,1423,ITC,ITC4,3,Lombardia,Lombardia,10060574,1004059,9.98,1.04
3949,2021-07-06,LOM,99258,49406,49852,22423,75457,1378,ITC,ITC4,3,Lombardia,Lombardia,10060574,1103317,10.97,0.99
3950,2021-02-16,LOM,9506,3073,6433,8957,448,101,ITC,ITC4,3,Lombardia,Lombardia,10060574,1112823,11.06,0.09
3951,2021-06-10,LOM,102586,52222,50364,86379,14410,1797,ITC,ITC4,3,Lombardia,Lombardia,10060574,1215409,12.08,1.02
3952,2021-03-02,LOM,22815,9703,13112,19517,3040,258,ITC,ITC4,3,Lombardia,Lombardia,10060574,1238224,12.31,0.23
3953,2020-12-28,LOM,107,47,60,107,0,0,ITC,ITC4,3,Lombardia,Lombardia,10060574,1238331,12.31,0.0
3954,2021-04-21,LOM,71830,32563,39267,55833,14664,1333,ITC,ITC4,3,Lombardia,Lombardia,10060574,1310161,13.02,0.71
3955,2021-01-11,LOM,16264,5379,10885,16254,0,10,ITC,ITC4,3,Lombardia,Lombardia,10060574,1326425,13.18,0.16
3956,2021-01-28,LOM,12228,3703,8525,794,11427,7,ITC,ITC4,3,Lombardia,Lombardia,10060574,1338653,13.31,0.12
3957,2021-04-28,LOM,95734,43669,52065,66917,26904,1913,ITC,ITC4,3,Lombardia,Lombardia,10060574,1434387,14.26,0.95
3958,2021-06-24,LOM,109514,56629,52885,78328,28800,2386,ITC,ITC4,3,Lombardia,Lombardia,10060574,1543901,15.35,1.09
3959,2021-03-16,LOM,25497,10113,15384,16297,9078,122,ITC,ITC4,3,Lombardia,Lombardia,10060574,1569398,15.6,0.25
3960,2021-05-12,LOM,87486,41750,45736,57405,27561,2520,ITC,ITC4,3,Lombardia,Lombardia,10060574,1656884,16.47,0.87
3961,2021-06-12,LOM,89308,48059,41249,84310,3156,1842,ITC,ITC4,3,Lombardia,Lombardia,10060574,1746192,17.36,0.89
3962,2021-06-29,LOM,107120,53137,53983,57392,47721,2007,ITC,ITC4,3,Lombardia,Lombardia,10060574,1853312,18.42,1.06
3963,2021-03-21,LOM,23514,8494,15020,17730,5194,590,ITC,ITC4,3,Lombardia,Lombardia,10060574,1876826,18.66,0.23
3964,2021-02-13,LOM,6419,2441,3978,4882,1477,60,ITC,ITC4,3,Lombardia,Lombardia,10060574,1883245,18.72,0.06
3965,2021-05-17,LOM,94635,45350,49285,29524,64409,702,ITC,ITC4,3,Lombardia,Lombardia,10060574,1977880,19.66,0.94
3966,2021-05-19,LOM,83225,39744,43481,33095,49324,806,ITC,ITC4,3,Lombardia,Lombardia,10060574,2061105,20.49,0.83
3967,2021-02-08,LOM,10085,2919,7166,2122,7954,9,ITC,ITC4,3,Lombardia,Lombardia,10060574,2071190,20.59,0.1
3968,2021-02-25,LOM,15293,6349,8944,13520,1572,201,ITC,ITC4,3,Lombardia,Lombardia,10060574,2086483,20.74,0.15
3969,2021-01-09,LOM,12426,4577,7849,12418,0,8,ITC,ITC4,3,Lombardia,Lombardia,10060574,2098909,20.86,0.12
3970,2021-03-07,LOM,12087,5361,6726,9337,2560,190,ITC,ITC4,3,Lombardia,Lombardia,10060574,2110996,20.98,0.12
3971,2021-01-27,LOM,8042,2677,5365,807,7233,2,ITC,ITC4,3,Lombardia,Lombardia,10060574,2119038,21.06,0.08
3972,2021-07-03,LOM,102315,51617,50698,44533,55674,2108,ITC,ITC4,3,Lombardia,Lombardia,10060574,2221353,22.08,1.02
3973,2021-03-25,LOM,42862,16030,26832,29237,12721,904,ITC,ITC4,3,Lombardia,Lombardia,10060574,2264215,22.51,0.43
3974,2021-05-21,LOM,93838,45238,48600,28377,64697,764,ITC,ITC4,3,Lombardia,Lombardia,10060574,2358053,23.44,0.93
3975,2021-05-29,LOM,88297,42407,45890,41396,46059,842,ITC,ITC4,3,Lombardia,Lombardia,10060574,2446350,24.32,0.88
3976,2021-02-18,LOM,14050,4924,9126,12816,1037,197,ITC,ITC4,3,Lombardia,Lombardia,10060574,2460400,24.46,0.14
3977,2021-07-08,LOM,114260,58210,56050,13156,100073,1031,ITC,ITC4,3,Lombardia,Lombardia,10060574,2574660,25.59,1.14
3978,2021-04-16,LOM,53684,23928,29756,38428,14366,890,ITC,ITC4,3,Lombardia,Lombardia,10060574,2628344,26.13,0.53
3979,2021-05-03,LOM,83704,39756,43948,69456,12125,2123,ITC,ITC4,3,Lombardia,Lombardia,10060574,2712048,26.96,0.83
3980,2021-01-23,LOM,1116,357,759,914,199,3,ITC,ITC4,3,Lombardia,Lombardia,10060574,2713164,26.97,0.01
3981,2021-04-02,LOM,41269,16881,24388,26197,14514,558,ITC,ITC4,3,Lombardia,Lombardia,10060574,2754433,27.38,0.41
3982,2021-04-11,LOM,32220,13944,18276,24314,7395,511,ITC,ITC4,3,Lombardia,Lombardia,10060574,2786653,27.7,0.32
3983,2021-01-01,LOM,24,7,17,24,0,0,ITC,ITC4,3,Lombardia,Lombardia,10060574,2786677,27.7,0.0
3984,2021-06-07,LOM,98962,50428,48534,84023,13317,1622,ITC,ITC4,3,Lombardia,Lombardia,10060574,2885639,28.68,0.98
3985,2021-02-27,LOM,13947,5872,8075,13152,641,154,ITC,ITC4,3,Lombardia,Lombardia,10060574,2899586,28.82,0.14
3986,2021-04-25,LOM,51502,23613,27889,45536,4744,1222,ITC,ITC4,3,Lombardia,Lombardia,10060574,2951088,29.33,0.51
3987,2021-06-28,LOM,107888,54974,52914,74276,31003,2609,ITC,ITC4,3,Lombardia,Lombardia,10060574,3058976,30.41,1.07
3988,2021-06-17,LOM,108527,52697,55830,51064,56283,1180,ITC,ITC4,3,Lombardia,Lombardia,10060574,3167503,31.48,1.08
3989,2021-03-09,LOM,33221,12863,20358,25242,7397,582,ITC,ITC4,3,Lombardia,Lombardia,10060574,3200724,31.81,0.33
3990,2021-05-05,LOM,87937,41927,46010,70358,15316,2263,ITC,ITC4,3,Lombardia,Lombardia,10060574,3288661,32.69,0.87
3991,2021-07-01,LOM,104916,52814,52102,53324,49195,2397,ITC,ITC4,3,Lombardia,Lombardia,10060574,3393577,33.73,1.04
3992,2021-01-13,LOM,26433,8072,18361,26406,0,27,ITC,ITC4,3,Lombardia,Lombardia,10060574,3420010,33.99,0.26
3993,2021-02-06,LOM,15264,5539,9725,1011,14249,4,ITC,ITC4,3,Lombardia,Lombardia,10060574,3435274,34.15,0.15
3994,2021-05-02,LOM,83504,38337,45167,59259,22464,1781,ITC,ITC4,3,Lombardia,Lombardia,10060574,3518778,34.98,0.83
3995,2021-04-13,LOM,47650,21269,26381,32928,14079,643,ITC,ITC4,3,Lombardia,Lombardia,10060574,3566428,35.45,0.47
3996,2021-04-30,LOM,117252,54794,62458,87197,27491,2564,ITC,ITC4,3,Lombardia,Lombardia,10060574,3683680,36.62,1.17
3997,2021-01-20,LOM,5669,1378,4291,5550,114,5,ITC,ITC4,3,Lombardia,Lombardia,10060574,3689349,36.67,0.06
3998,2021-05-07,LOM,92290,43697,48593,68364,22386,1540,ITC,ITC4,3,Lombardia,Lombardia,10060574,3781639,37.59,0.92
3999,2021-03-18,LOM,27391,10955,16436,15928,11238,225,ITC,ITC4,3,Lombardia,Lombardia,10060574,3809030,37.86,0.27
4000,2021-05-14,LOM,85941,41386,44555,53237,30321,2383,ITC,ITC4,3,Lombardia,Lombardia,10060574,3894971,38.72,0.85
4001,2021-07-10,LOM,107193,54261,52932,13911,92103,1179,ITC,ITC4,3,Lombardia,Lombardia,10060574,4002164,39.78,1.07
4002,2021-06-26,LOM,105865,55423,50442,77782,25683,2400,ITC,ITC4,3,Lombardia,Lombardia,10060574,4108029,40.83,1.05
4003,2020-12-30,LOM,114,42,72,114,0,0,ITC,ITC4,3,Lombardia,Lombardia,10060574,4108143,40.83,0.0
4004,2021-06-16,LOM,99214,50418,48796,49919,48142,1153,ITC,ITC4,3,Lombardia,Lombardia,10060574,4207357,41.82,0.99
4005,2021-03-06,LOM,21340,9099,12241,16529,4513,298,ITC,ITC4,3,Lombardia,Lombardia,10060574,4228697,42.03,0.21
4006,2021-06-09,LOM,103605,52203,51402,87420,14464,1721,ITC,ITC4,3,Lombardia,Lombardia,10060574,4332302,43.06,1.03
4007,2021-02-20,LOM,9339,3868,5471,8844,298,197,ITC,ITC4,3,Lombardia,Lombardia,10060574,4341641,43.16,0.09
4008,2021-04-18,LOM,36405,16230,20175,30522,5240,643,ITC,ITC4,3,Lombardia,Lombardia,10060574,4378046,43.52,0.36
4009,2021-01-08,LOM,12714,3923,8791,12703,0,11,ITC,ITC4,3,Lombardia,Lombardia,10060574,4390760,43.64,0.13
4010,2021-01-18,LOM,9203,2972,6231,8213,975,15,ITC,ITC4,3,Lombardia,Lombardia,10060574,4399963,43.73,0.09
4011,2021-03-23,LOM,42574,15466,27108,28858,12861,855,ITC,ITC4,3,Lombardia,Lombardia,10060574,4442537,44.16,0.42
4012,2021-01-25,LOM,7022,2373,4649,472,6547,3,ITC,ITC4,3,Lombardia,Lombardia,10060574,4449559,44.23,0.07
4013,2021-02-01,LOM,16067,5322,10745,307,15758,2,ITC,ITC4,3,Lombardia,Lombardia,10060574,4465626,44.39,0.16
4014,2021-07-05,LOM,101361,49513,51848,31224,68252,1885,ITC,ITC4,3,Lombardia,Lombardia,10060574,4566987,45.39,1.01
4015,2021-04-06,LOM,43074,17587,25487,24439,17945,690,ITC,ITC4,3,Lombardia,Lombardia,10060574,4610061,45.82,0.43
4016,2021-06-14,LOM,94752,48143,46609,49102,44518,1132,ITC,ITC4,3,Lombardia,Lombardia,10060574,4704813,46.76,0.94
4017,2021-05-26,LOM,93673,44650,49023,42731,50051,891,ITC,ITC4,3,Lombardia,Lombardia,10060574,4798486,47.7,0.93
4018,2021-02-15,LOM,8950,3137,5813,8353,418,179,ITC,ITC4,3,Lombardia,Lombardia,10060574,4807436,47.78,0.09
4019,2021-07-12,LOM,111601,57369,54232,14798,95661,1142,ITC,ITC4,3,Lombardia,Lombardia,10060574,4919037,48.89,1.11
4020,2021-03-04,LOM,29327,12113,17214,20039,9068,220,ITC,ITC4,3,Lombardia,Lombardia,10060574,4948364,49.19,0.29
4021,2021-06-30,LOM,106743,52893,53850,56569,48068,2106,ITC,ITC4,3,Lombardia,Lombardia,10060574,5055107,50.25,1.06
4022,2021-03-22,LOM,40336,14302,26034,28944,10557,835,ITC,ITC4,3,Lombardia,Lombardia,10060574,5095443,50.65,0.4
4023,2021-04-08,LOM,52361,21764,30597,35226,16462,673,ITC,ITC4,3,Lombardia,Lombardia,10060574,5147804,51.17,0.52
4024,2020-12-29,LOM,106,45,61,106,0,0,ITC,ITC4,3,Lombardia,Lombardia,10060574,5147910,51.17,0.0
4025,2021-07-14,LOM,48119,24726,23393,4918,42764,437,ITC,ITC4,3,Lombardia,Lombardia,10060574,5196029,51.65,0.48
4026,2021-04-22,LOM,73941,33397,40544,56204,16354,1383,ITC,ITC4,3,Lombardia,Lombardia,10060574,5269970,52.38,0.73
4027,2021-03-03,LOM,26974,11515,15459,19475,7282,217,ITC,ITC4,3,Lombardia,Lombardia,10060574,5296944,52.65,0.27
4028,2021-01-22,LOM,3143,869,2274,3069,69,5,ITC,ITC4,3,Lombardia,Lombardia,10060574,5300087,52.68,0.03
4029,2021-07-07,LOM,111802,56048,55754,17979,92654,1169,ITC,ITC4,3,Lombardia,Lombardia,10060574,5411889,53.79,1.11
4030,2021-03-08,LOM,29758,11190,18568,22162,7079,517,ITC,ITC4,3,Lombardia,Lombardia,10060574,5441647,54.09,0.3
4031,2021-05-04,LOM,86819,41076,45743,70283,14394,2142,ITC,ITC4,3,Lombardia,Lombardia,10060574,5528466,54.95,0.86
4032,2021-01-24,LOM,1199,457,742,536,663,0,ITC,ITC4,3,Lombardia,Lombardia,10060574,5529665,54.96,0.01
4033,2021-01-15,LOM,25222,7435,17787,25170,0,52,ITC,ITC4,3,Lombardia,Lombardia,10060574,5554887,55.21,0.25
4034,2021-04-29,LOM,115523,53591,61932,83103,29846,2574,ITC,ITC4,3,Lombardia,Lombardia,10060574,5670410,56.36,1.15
4035,2021-06-25,LOM,108030,56062,51968,78192,27529,2309,ITC,ITC4,3,Lombardia,Lombardia,10060574,5778440,57.44,1.07
4036,2021-04-20,LOM,67674,30834,36840,55899,10345,1430,ITC,ITC4,3,Lombardia,Lombardia,10060574,5846114,58.11,0.67
4037,2021-01-10,LOM,10519,3960,6559,10510,0,9,ITC,ITC4,3,Lombardia,Lombardia,10060574,5856633,58.21,0.1
4038,2021-01-17,LOM,8351,3347,5004,8144,201,6,ITC,ITC4,3,Lombardia,Lombardia,10060574,5864984,58.3,0.08
4039,2021-06-23,LOM,110787,57322,53465,76724,31915,2148,ITC,ITC4,3,Lombardia,Lombardia,10060574,5975771,59.4,1.1
4040,2021-03-15,LOM,31557,11333,20224,22426,8517,614,ITC,ITC4,3,Lombardia,Lombardia,10060574,6007328,59.71,0.31
4041,2021-04-03,LOM,36254,14865,21389,25772,10102,380,ITC,ITC4,3,Lombardia,Lombardia,10060574,6043582,60.07,0.36
4042,2021-05-30,LOM,74367,35587,38780,33790,39957,620,ITC,ITC4,3,Lombardia,Lombardia,10060574,6117949,60.81,0.74
4043,2021-05-23,LOM,60763,28928,31835,26293,33956,514,ITC,ITC4,3,Lombardia,Lombardia,10060574,6178712,61.42,0.6
4044,2021-02-12,LOM,13964,4366,9598,8869,4935,160,ITC,ITC4,3,Lombardia,Lombardia,10060574,6192676,61.55,0.14
4045,2021-04-10,LOM,52739,21837,30902,40030,11956,753,ITC,ITC4,3,Lombardia,Lombardia,10060574,6245415,62.08,0.52
4046,2021-06-06,LOM,90129,46348,43781,79529,9221,1379,ITC,ITC4,3,Lombardia,Lombardia,10060574,6335544,62.97,0.9
4047,2021-01-07,LOM,11764,3637,8127,11724,0,40,ITC,ITC4,3,Lombardia,Lombardia,10060574,6347308,63.09,0.12
4048,2021-04-15,LOM,49459,21862,27597,34883,13825,751,ITC,ITC4,3,Lombardia,Lombardia,10060574,6396767,63.58,0.49
4049,2021-01-05,LOM,7857,2576,5281,7851,0,6,ITC,ITC4,3,Lombardia,Lombardia,10060574,6404624,63.66,0.08
4050,2021-03-27,LOM,32441,12377,20064,23102,8708,631,ITC,ITC4,3,Lombardia,Lombardia,10060574,6437065,63.98,0.32
4051,2021-01-03,LOM,854,316,538,853,0,1,ITC,ITC4,3,Lombardia,Lombardia,10060574,6437919,63.99,0.01
4052,2021-06-22,LOM,110991,57924,53067,78991,29879,2121,ITC,ITC4,3,Lombardia,Lombardia,10060574,6548910,65.09,1.1
4053,2021-07-09,LOM,115458,58871,56587,11718,102853,887,ITC,ITC4,3,Lombardia,Lombardia,10060574,6664368,66.24,1.15
4054,2021-06-03,LOM,97134,49713,47421,84600,10871,1663,ITC,ITC4,3,Lombardia,Lombardia,10060574,6761502,67.21,0.97
4055,2021-06-20,LOM,88931,44327,44604,52830,34863,1238,ITC,ITC4,3,Lombardia,Lombardia,10060574,6850433,68.09,0.88
4056,2021-03-12,LOM,35269,12967,22302,24447,10204,618,ITC,ITC4,3,Lombardia,Lombardia,10060574,6885702,68.44,0.35
4057,2021-03-29,LOM,40047,15543,24504,24529,14838,680,ITC,ITC4,3,Lombardia,Lombardia,10060574,6925749,68.84,0.4
4058,2021-05-11,LOM,86897,41441,45456,58253,26228,2416,ITC,ITC4,3,Lombardia,Lombardia,10060574,7012646,69.7,0.86
4059,2021-05-28,LOM,93530,44823,48707,42027,50590,913,ITC,ITC4,3,Lombardia,Lombardia,10060574,7106176,70.63,0.93
4060,2021-02-17,LOM,11990,3756,8234,10407,1390,193,ITC,ITC4,3,Lombardia,Lombardia,10060574,7118166,70.75,0.12
4061,2021-06-11,LOM,101399,51659,49740,84898,14604,1897,ITC,ITC4,3,Lombardia,Lombardia,10060574,7219565,71.76,1.01
4062,2021-02-10,LOM,14403,4508,9895,7547,6825,31,ITC,ITC4,3,Lombardia,Lombardia,10060574,7233968,71.9,0.14
4063,2021-02-03,LOM,25646,7917,17729,1076,24565,5,ITC,ITC4,3,Lombardia,Lombardia,10060574,7259614,72.16,0.25
4064,2021-04-01,LOM,42982,17240,25742,26051,16218,713,ITC,ITC4,3,Lombardia,Lombardia,10060574,7302596,72.59,0.43
4065,2021-04-27,LOM,86016,39982,46034,67643,16565,1808,ITC,ITC4,3,Lombardia,Lombardia,10060574,7388612,73.44,0.85
4066,2021-03-20,LOM,32592,12163,20429,22241,9851,500,ITC,ITC4,3,Lombardia,Lombardia,10060574,7421204,73.77,0.32
4067,2020-12-27,LOM,718,414,304,718,0,0,ITC,ITC4,3,Lombardia,Lombardia,10060574,7421922,73.77,0.01
4068,2021-06-18,LOM,107585,52844,54741,51939,54408,1238,ITC,ITC4,3,Lombardia,Lombardia,10060574,7529507,74.84,1.07
4069,2021-03-01,LOM,18796,8233,10563,16882,1707,207,ITC,ITC4,3,Lombardia,Lombardia,10060574,7548303,75.03,0.19
4070,2021-05-15,LOM,80906,38782,42124,45474,33384,2048,ITC,ITC4,3,Lombardia,Lombardia,10060574,7629209,75.83,0.8
4071,2021-07-11,LOM,90179,45617,44562,11771,77350,1058,ITC,ITC4,3,Lombardia,Lombardia,10060574,7719388,76.73,0.9
4072,2021-05-13,LOM,87187,41779,45408,55716,28878,2593,ITC,ITC4,3,Lombardia,Lombardia,10060574,7806575,77.6,0.87
4073,2021-02-02,LOM,19881,6598,13283,496,19382,3,ITC,ITC4,3,Lombardia,Lombardia,10060574,7826456,77.79,0.2
4074,2021-03-31,LOM,42154,17096,25058,26183,15293,678,ITC,ITC4,3,Lombardia,Lombardia,10060574,7868610,78.21,0.42
4075,2021-03-10,LOM,33291,12733,20558,24842,7863,586,ITC,ITC4,3,Lombardia,Lombardia,10060574,7901901,78.54,0.33
4076,2021-05-06,LOM,89844,42200,47644,70975,16502,2367,ITC,ITC4,3,Lombardia,Lombardia,10060574,7991745,79.44,0.89
4077,2021-01-26,LOM,8342,2706,5636,349,7993,0,ITC,ITC4,3,Lombardia,Lombardia,10060574,8000087,79.52,0.08
4078,2021-02-19,LOM,14219,5400,8819,13321,723,175,ITC,ITC4,3,Lombardia,Lombardia,10060574,8014306,79.66,0.14
4079,2021-04-17,LOM,48512,21305,27207,36944,10850,718,ITC,ITC4,3,Lombardia,Lombardia,10060574,8062818,80.14,0.48
4080,2021-02-26,LOM,18398,7555,10843,16321,1873,204,ITC,ITC4,3,Lombardia,Lombardia,10060574,8081216,80.33,0.18
4081,2021-06-01,LOM,93948,46102,47846,75745,17096,1107,ITC,ITC4,3,Lombardia,Lombardia,10060574,8175164,81.26,0.93
4082,2021-01-02,LOM,202,74,128,202,0,0,ITC,ITC4,3,Lombardia,Lombardia,10060574,8175366,81.26,0.0
4083,2021-06-08,LOM,102881,52303,50578,87166,14040,1675,ITC,ITC4,3,Lombardia,Lombardia,10060574,8278247,82.28,1.02
4084,2021-02-28,LOM,7884,3254,4630,7602,210,72,ITC,ITC4,3,Lombardia,Lombardia,10060574,8286131,82.36,0.08
4085,2021-04-26,LOM,87968,40931,47037,67033,19165,1770,ITC,ITC4,3,Lombardia,Lombardia,10060574,8374099,83.24,0.87
4086,2021-04-05,LOM,27380,11695,15685,19023,8103,254,ITC,ITC4,3,Lombardia,Lombardia,10060574,8401479,83.51,0.27
4087,2021-01-31,LOM,9741,3766,5975,29,9712,0,ITC,ITC4,3,Lombardia,Lombardia,10060574,8411220,83.61,0.1
4088,2021-05-25,LOM,91162,43622,47540,43843,46495,824,ITC,ITC4,3,Lombardia,Lombardia,10060574,8502382,84.51,0.91
4089,2021-02-14,LOM,3583,1547,2036,2934,635,14,ITC,ITC4,3,Lombardia,Lombardia,10060574,8505965,84.55,0.04
4090,2021-01-12,LOM,20231,6701,13530,20202,0,29,ITC,ITC4,3,Lombardia,Lombardia,10060574,8526196,84.75,0.2
4091,2021-03-17,LOM,26259,10496,15763,15100,10999,160,ITC,ITC4,3,Lombardia,Lombardia,10060574,8552455,85.01,0.26
4092,2021-07-04,LOM,86637,43333,43304,40178,44505,1954,ITC,ITC4,3,Lombardia,Lombardia,10060574,8639092,85.87,0.86
4093,2021-07-02,LOM,103742,51981,51761,48858,52677,2207,ITC,ITC4,3,Lombardia,Lombardia,10060574,8742834,86.9,1.03
4094,2021-05-09,LOM,69711,32886,36825,54466,13272,1973,ITC,ITC4,3,Lombardia,Lombardia,10060574,8812545,87.59,0.69
4095,2021-01-29,LOM,13491,4128,9363,684,12804,3,ITC,ITC4,3,Lombardia,Lombardia,10060574,8826036,87.73,0.13
4096,2021-06-13,LOM,75994,40559,35435,72283,2124,1587,ITC,ITC4,3,Lombardia,Lombardia,10060574,8902030,88.48,0.76
4097,2021-03-05,LOM,28949,11940,17009,20230,8419,300,ITC,ITC4,3,Lombardia,Lombardia,10060574,8930979,88.77,0.29
4098,2021-06-27,LOM,90904,46794,44110,69780,18828,2296,ITC,ITC4,3,Lombardia,Lombardia,10060574,9021883,89.68,0.9
4099,2021-03-19,LOM,32430,12916,19514,18905,13202,323,ITC,ITC4,3,Lombardia,Lombardia,10060574,9054313,90.0,0.32
4100,2021-05-27,LOM,94839,45440,49399,40614,53437,788,ITC,ITC4,3,Lombardia,Lombardia,10060574,9149152,90.94,0.94
4101,2021-04-24,LOM,75811,33598,42213,53439,21132,1240,ITC,ITC4,3,Lombardia,Lombardia,10060574,9224963,91.69,0.75
4102,2021-01-14,LOM,26925,7804,19121,26870,0,55,ITC,ITC4,3,Lombardia,Lombardia,10060574,9251888,91.96,0.27
4103,2021-05-08,LOM,87731,40756,46975,63467,22044,2220,ITC,ITC4,3,Lombardia,Lombardia,10060574,9339619,92.83,0.87
4104,2020-12-31,LOM,714,302,412,714,0,0,ITC,ITC4,3,Lombardia,Lombardia,10060574,9340333,92.84,0.01
4105,2021-04-12,LOM,47244,20583,26661,32264,14343,637,ITC,ITC4,3,Lombardia,Lombardia,10060574,9387577,93.31,0.47
4106,2021-02-21,LOM,5053,1864,3189,4942,17,94,ITC,ITC4,3,Lombardia,Lombardia,10060574,9392630,93.36,0.05
4107,2021-04-19,LOM,60118,27350,32768,49443,9404,1271,ITC,ITC4,3,Lombardia,Lombardia,10060574,9452748,93.96,0.6
4108,2021-06-15,LOM,95965,48838,47127,49003,45890,1072,ITC,ITC4,3,Lombardia,Lombardia,10060574,9548713,94.91,0.95
4109,2021-04-07,LOM,50592,20924,29668,34074,15812,706,ITC,ITC4,3,Lombardia,Lombardia,10060574,9599305,95.42,0.5
4110,2021-03-24,LOM,43242,15610,27632,30466,11885,891,ITC,ITC4,3,Lombardia,Lombardia,10060574,9642547,95.84,0.43
4111,2021-02-09,LOM,12218,3334,8884,4023,8181,14,ITC,ITC4,3,Lombardia,Lombardia,10060574,9654765,95.97,0.12
4112,2021-06-21,LOM,113257,58025,55232,78342,32739,2176,ITC,ITC4,3,Lombardia,Lombardia,10060574,9768022,97.09,1.13
4113,2021-06-02,LOM,84633,43574,41059,76985,6331,1317,ITC,ITC4,3,Lombardia,Lombardia,10060574,9852655,97.93,0.84
4114,2021-03-11,LOM,36219,13478,22741,25626,9909,684,ITC,ITC4,3,Lombardia,Lombardia,10060574,9888874,98.29,0.36
4115,2021-03-30,LOM,39632,15590,24042,24241,14780,611,ITC,ITC4,3,Lombardia,Lombardia,10060574,9928506,98.69,0.39
4116,2021-01-06,LOM,7062,2494,4568,7057,0,5,ITC,ITC4,3,Lombardia,Lombardia,10060574,9935568,98.76,0.07
4117,2021-05-18,LOM,88215,42164,46051,31873,55576,766,ITC,ITC4,3,Lombardia,Lombardia,10060574,10023783,99.63,0.88
4118,2021-06-04,LOM,104611,54303,50308,93188,9636,1787,ITC,ITC4,3,Lombardia,Lombardia,10060574,10128394,100.67,1.04
4119,2021-02-24,LOM,14720,5957,8763,13557,954,209,ITC,ITC4,3,Lombardia,Lombardia,10060574,10143114,100.82,0.15
4120,2021-05-16,LOM,68699,32505,36194,35586,32203,910,ITC,ITC4,3,Lombardia,Lombardia,10060574,10211813,101.5,0.68
4121,2021-02-05,LOM,25709,7458,18251,2409,23281,19,ITC,ITC4,3,Lombardia,Lombardia,10060574,10237522,101.76,0.26
4122,2021-02-22,LOM,11897,4809,7088,11393,305,199,ITC,ITC4,3,Lombardia,Lombardia,10060574,10249419,101.88,0.12
4123,2021-03-13,LOM,27188,9776,17412,20542,6095,551,ITC,ITC4,3,Lombardia,Lombardia,10060574,10276607,102.15,0.27
4124,2021-05-01,LOM,95980,43676,52304,65054,29213,1713,ITC,ITC4,3,Lombardia,Lombardia,10060574,10372587,103.1,0.95
4125,2021-01-21,LOM,5466,1599,3867,4760,690,16,ITC,ITC4,3,Lombardia,Lombardia,10060574,10378053,103.16,0.05
4126,2021-02-07,LOM,7312,2825,4487,335,6974,3,ITC,ITC4,3,Lombardia,Lombardia,10060574,10385365,103.23,0.07
4127,2021-01-19,LOM,8053,2329,5724,7571,468,14,ITC,ITC4,3,Lombardia,Lombardia,10060574,10393418,103.31,0.08
4128,2021-05-20,LOM,94437,45637,48800,31237,62556,644,ITC,ITC4,3,Lombardia,Lombardia,10060574,10487855,104.25,0.94
