,data,area,Vaccinazioni giornaliere,sesso_maschile,sesso_femminile,Operatori sanitari - sociosanitari,Personale non sanitario,Ospiti RSA,categoria_over80,categoria_forze_armate,categoria_personale_scolastico,prima_dose,seconda_dose,codice_NUTS1,codice_NUTS2,codice_regione_ISTAT,nome_area,Regione,popolazione,Totale vaccinazioni,Totale vaccinazioni ogni cento ab,Vaccinazioni giornaliere ogni cento ab
0,2021-02-06,TOS,4527,1550,2977,3725,575,227,0,0,0,1294,3233,ITI,ITI1,9,Toscana,Toscana,3729641,4527,0.12,0.12
1,2021-01-03,TOS,3336,1052,2284,2565,9,762,0,0,0,3336,0,ITI,ITI1,9,Toscana,Toscana,3729641,7863,0.21,0.09
2,2021-02-26,TOS,9854,3665,6189,1557,1703,259,1787,985,3563,8648,1206,ITI,ITI1,9,Toscana,Toscana,3729641,17717,0.48,0.26
3,2021-03-08,TOS,6223,2538,3685,4058,1733,175,60,189,8,1412,4811,ITI,ITI1,9,Toscana,Toscana,3729641,23940,0.64,0.17
4,2021-02-03,TOS,4221,1452,2769,3475,240,505,1,0,0,241,3980,ITI,ITI1,9,Toscana,Toscana,3729641,28161,0.76,0.11
5,2021-01-22,TOS,2861,1063,1798,2022,81,758,0,0,0,525,2336,ITI,ITI1,9,Toscana,Toscana,3729641,31022,0.83,0.08
6,2021-02-12,TOS,7604,2683,4921,3742,3272,188,0,402,0,7391,213,ITI,ITI1,9,Toscana,Toscana,3729641,38626,1.04,0.2
7,2021-02-16,TOS,9268,3339,5929,5083,982,178,10,691,2324,8557,711,ITI,ITI1,9,Toscana,Toscana,3729641,47894,1.28,0.25
8,2021-03-01,TOS,4283,1607,2676,3188,599,126,2,343,25,648,3635,ITI,ITI1,9,Toscana,Toscana,3729641,52177,1.4,0.11
9,2021-01-09,TOS,4484,1596,2888,3779,144,560,1,0,0,4484,0,ITI,ITI1,9,Toscana,Toscana,3729641,56661,1.52,0.12
10,2021-02-15,TOS,8765,3372,5393,4533,2026,215,56,795,1140,7946,819,ITI,ITI1,9,Toscana,Toscana,3729641,65426,1.75,0.24
11,2021-03-04,TOS,17000,6446,10554,2816,1643,199,7888,759,3695,13924,3076,ITI,ITI1,9,Toscana,Toscana,3729641,82426,2.21,0.46
12,2021-01-17,TOS,2535,871,1664,2002,293,240,0,0,0,2022,513,ITI,ITI1,9,Toscana,Toscana,3729641,84961,2.28,0.07
13,2021-03-02,TOS,10435,3713,6722,3167,1026,125,1813,792,3512,7000,3435,ITI,ITI1,9,Toscana,Toscana,3729641,95396,2.56,0.28
14,2021-01-24,TOS,3348,1072,2276,2601,37,709,1,0,0,200,3148,ITI,ITI1,9,Toscana,Toscana,3729641,98744,2.65,0.09
15,2021-02-18,TOS,8773,3276,5497,2914,1511,196,214,796,3142,7916,857,ITI,ITI1,9,Toscana,Toscana,3729641,107517,2.88,0.24
16,2021-01-21,TOS,1589,686,903,579,220,790,0,0,0,867,722,ITI,ITI1,9,Toscana,Toscana,3729641,109106,2.93,0.04
17,2021-01-10,TOS,3001,1104,1897,2432,138,431,0,0,0,3001,0,ITI,ITI1,9,Toscana,Toscana,3729641,112107,3.01,0.08
18,2021-01-20,TOS,1314,635,679,432,256,626,0,0,0,1077,237,ITI,ITI1,9,Toscana,Toscana,3729641,113421,3.04,0.04
19,2021-01-15,TOS,3878,1347,2531,2758,676,444,0,0,0,3878,0,ITI,ITI1,9,Toscana,Toscana,3729641,117299,3.15,0.1
20,2021-01-14,TOS,3254,1179,2075,2459,475,320,0,0,0,3254,0,ITI,ITI1,9,Toscana,Toscana,3729641,120553,3.23,0.09
21,2021-01-23,TOS,3949,1354,2595,2936,172,841,0,0,0,640,3309,ITI,ITI1,9,Toscana,Toscana,3729641,124502,3.34,0.11
22,2021-02-24,TOS,10241,4385,5856,81,1570,301,4104,1237,2948,10044,197,ITI,ITI1,9,Toscana,Toscana,3729641,134743,3.61,0.27
23,2021-02-17,TOS,8172,3168,5004,3465,1173,249,215,584,2486,7421,751,ITI,ITI1,9,Toscana,Toscana,3729641,142915,3.83,0.22
24,2020-12-30,TOS,327,104,223,34,10,283,0,0,0,327,0,ITI,ITI1,9,Toscana,Toscana,3729641,143242,3.84,0.01
25,2021-02-14,TOS,8994,2568,6426,3033,5614,81,0,261,5,8884,110,ITI,ITI1,9,Toscana,Toscana,3729641,152236,4.08,0.24
26,2021-02-09,TOS,4484,1468,3016,3581,388,513,2,0,0,3873,611,ITI,ITI1,9,Toscana,Toscana,3729641,156720,4.2,0.12
27,2021-01-26,TOS,5392,1791,3601,4357,84,951,0,0,0,219,5173,ITI,ITI1,9,Toscana,Toscana,3729641,162112,4.35,0.14
28,2021-03-06,TOS,7066,2822,4244,3804,1613,116,30,357,1146,2876,4190,ITI,ITI1,9,Toscana,Toscana,3729641,169178,4.54,0.19
29,2021-03-05,TOS,15974,6117,9857,3920,2390,122,4978,692,3872,11246,4728,ITI,ITI1,9,Toscana,Toscana,3729641,185152,4.96,0.43
30,2021-01-06,TOS,4519,1459,3060,3984,10,525,0,0,0,4519,0,ITI,ITI1,9,Toscana,Toscana,3729641,189671,5.09,0.12
31,2021-01-12,TOS,3581,1398,2183,2944,283,354,0,0,0,3581,0,ITI,ITI1,9,Toscana,Toscana,3729641,193252,5.18,0.1
32,2021-02-07,TOS,2806,953,1853,2349,300,157,0,0,0,885,1921,ITI,ITI1,9,Toscana,Toscana,3729641,196058,5.26,0.08
33,2021-01-04,TOS,5063,1893,3170,4099,32,932,0,0,0,5063,0,ITI,ITI1,9,Toscana,Toscana,3729641,201121,5.39,0.14
34,2021-03-03,TOS,17721,6260,11461,3318,1155,100,8956,746,3446,14158,3563,ITI,ITI1,9,Toscana,Toscana,3729641,218842,5.87,0.48
35,2021-02-20,TOS,4640,1790,2850,3349,1038,203,17,15,18,4127,513,ITI,ITI1,9,Toscana,Toscana,3729641,223482,5.99,0.12
36,2021-01-19,TOS,1104,531,573,392,221,491,0,0,0,1104,0,ITI,ITI1,9,Toscana,Toscana,3729641,224586,6.02,0.03
37,2021-01-01,TOS,2368,786,1582,1716,2,650,0,0,0,2368,0,ITI,ITI1,9,Toscana,Toscana,3729641,226954,6.09,0.06
38,2021-01-08,TOS,5944,1641,4303,5360,39,545,0,0,0,5944,0,ITI,ITI1,9,Toscana,Toscana,3729641,232898,6.24,0.16
39,2021-02-08,TOS,4095,1358,2737,3373,345,377,0,0,0,3636,459,ITI,ITI1,9,Toscana,Toscana,3729641,236993,6.35,0.11
40,2021-01-30,TOS,4620,1622,2998,3763,219,638,0,0,0,197,4423,ITI,ITI1,9,Toscana,Toscana,3729641,241613,6.48,0.12
41,2021-02-13,TOS,7784,2360,5424,3666,3768,163,0,186,1,7557,227,ITI,ITI1,9,Toscana,Toscana,3729641,249397,6.69,0.21
42,2021-02-01,TOS,5465,1942,3523,4441,407,617,0,0,0,521,4944,ITI,ITI1,9,Toscana,Toscana,3729641,254862,6.83,0.15
43,2021-02-25,TOS,10365,4140,6225,1074,1696,215,3160,1021,3199,9374,991,ITI,ITI1,9,Toscana,Toscana,3729641,265227,7.11,0.28
44,2021-01-05,TOS,5244,1755,3489,4354,11,879,0,0,0,5244,0,ITI,ITI1,9,Toscana,Toscana,3729641,270471,7.25,0.14
45,2021-01-29,TOS,6136,1698,4438,5375,139,622,0,0,0,302,5834,ITI,ITI1,9,Toscana,Toscana,3729641,276607,7.42,0.16
46,2021-02-28,TOS,1648,667,981,1110,202,78,0,249,9,921,727,ITI,ITI1,9,Toscana,Toscana,3729641,278255,7.46,0.04
47,2021-01-16,TOS,3271,1046,2225,2493,538,240,0,0,0,3271,0,ITI,ITI1,9,Toscana,Toscana,3729641,281526,7.55,0.09
48,2021-02-04,TOS,4250,1593,2657,3166,624,455,5,0,0,960,3290,ITI,ITI1,9,Toscana,Toscana,3729641,285776,7.66,0.11
49,2021-01-31,TOS,2964,1090,1874,2381,135,448,0,0,0,103,2861,ITI,ITI1,9,Toscana,Toscana,3729641,288740,7.74,0.08
50,2021-02-21,TOS,5101,2087,3014,3667,1216,195,1,13,9,4932,169,ITI,ITI1,9,Toscana,Toscana,3729641,293841,7.88,0.14
51,2021-01-11,TOS,5092,1689,3403,4360,210,522,0,0,0,5092,0,ITI,ITI1,9,Toscana,Toscana,3729641,298933,8.02,0.14
52,2021-03-09,TOS,10169,3900,6269,4805,2077,145,2990,141,11,4622,5547,ITI,ITI1,9,Toscana,Toscana,3729641,309102,8.29,0.27
53,2021-02-27,TOS,1938,722,1216,1353,314,126,1,125,19,1036,902,ITI,ITI1,9,Toscana,Toscana,3729641,311040,8.34,0.05
54,2021-01-25,TOS,5123,1895,3228,4158,56,909,0,0,0,248,4875,ITI,ITI1,9,Toscana,Toscana,3729641,316163,8.48,0.14
55,2021-02-19,TOS,8261,2929,5332,2964,1233,211,153,580,3120,7755,506,ITI,ITI1,9,Toscana,Toscana,3729641,324424,8.7,0.22
56,2021-01-02,TOS,3497,1097,2400,2682,15,800,0,0,0,3497,0,ITI,ITI1,9,Toscana,Toscana,3729641,327921,8.79,0.09
57,2021-02-05,TOS,5748,2244,3504,4121,1184,442,1,0,0,1924,3824,ITI,ITI1,9,Toscana,Toscana,3729641,333669,8.95,0.15
58,2021-02-11,TOS,5371,2010,3361,2809,2218,323,0,10,11,5129,242,ITI,ITI1,9,Toscana,Toscana,3729641,339040,9.09,0.14
59,2021-02-02,TOS,3741,1475,2266,3020,287,422,6,6,0,194,3547,ITI,ITI1,9,Toscana,Toscana,3729641,342781,9.19,0.1
60,2021-01-18,TOS,1119,636,483,430,314,375,0,0,0,1021,98,ITI,ITI1,9,Toscana,Toscana,3729641,343900,9.22,0.03
61,2021-02-22,TOS,9817,4253,5564,3483,2280,315,22,1014,2703,9539,278,ITI,ITI1,9,Toscana,Toscana,3729641,353717,9.48,0.26
62,2021-01-27,TOS,4835,1572,3263,4019,74,742,0,0,0,207,4628,ITI,ITI1,9,Toscana,Toscana,3729641,358552,9.61,0.13
63,2021-02-10,TOS,4262,1280,2982,3536,241,484,0,1,0,3739,523,ITI,ITI1,9,Toscana,Toscana,3729641,362814,9.73,0.11
64,2020-12-31,TOS,805,202,603,97,10,698,0,0,0,805,0,ITI,ITI1,9,Toscana,Toscana,3729641,363619,9.75,0.02
65,2021-01-28,TOS,6275,1880,4395,5421,66,788,0,0,0,349,5926,ITI,ITI1,9,Toscana,Toscana,3729641,369894,9.92,0.17
66,2021-01-07,TOS,6018,1751,4267,5308,30,680,0,0,0,6018,0,ITI,ITI1,9,Toscana,Toscana,3729641,375912,10.08,0.16
67,2021-02-23,TOS,7708,3315,4393,1489,1571,204,509,1104,2831,7547,161,ITI,ITI1,9,Toscana,Toscana,3729641,383620,10.29,0.21
68,2021-03-07,TOS,5645,2355,3290,3101,1096,123,15,536,774,2105,3540,ITI,ITI1,9,Toscana,Toscana,3729641,389265,10.44,0.15
69,2021-01-13,TOS,4063,1398,2665,3308,350,405,0,0,0,4063,0,ITI,ITI1,9,Toscana,Toscana,3729641,393328,10.55,0.11
70,2021-03-10,TOS,15461,6054,9407,2970,2152,150,10035,141,13,11571,3890,ITI,ITI1,9,Toscana,Toscana,3729641,408789,10.96,0.41
71,2020-12-27,TOS,620,267,353,460,147,13,0,0,0,620,0,ITI,ITI1,9,Toscana,Toscana,3729641,409409,10.98,0.02
72,2021-02-26,SAR,2789,1103,1686,1220,1068,218,204,74,5,2482,307,ITG,ITG2,20,Sardegna,Sardegna,1639591,2789,0.17,0.17
73,2021-01-13,SAR,573,178,395,494,79,0,0,0,0,573,0,ITG,ITG2,20,Sardegna,Sardegna,1639591,3362,0.21,0.03
74,2021-02-23,SAR,1516,1008,508,601,519,89,6,301,0,1281,235,ITG,ITG2,20,Sardegna,Sardegna,1639591,4878,0.3,0.09
75,2021-01-07,SAR,3111,1077,2034,2720,380,0,0,11,0,3111,0,ITG,ITG2,20,Sardegna,Sardegna,1639591,7989,0.49,0.19
76,2021-01-14,SAR,1105,426,679,885,220,0,0,0,0,1105,0,ITG,ITG2,20,Sardegna,Sardegna,1639591,9094,0.55,0.07
77,2021-01-23,SAR,60,22,38,60,0,0,0,0,0,0,60,ITG,ITG2,20,Sardegna,Sardegna,1639591,9154,0.56,0.0
78,2021-01-12,SAR,865,408,457,504,361,0,0,0,0,865,0,ITG,ITG2,20,Sardegna,Sardegna,1639591,10019,0.61,0.05
79,2021-02-09,SAR,2286,837,1449,1308,479,497,1,0,1,1290,996,ITG,ITG2,20,Sardegna,Sardegna,1639591,12305,0.75,0.14
80,2021-02-21,SAR,1584,709,875,66,32,59,1421,6,0,1554,30,ITG,ITG2,20,Sardegna,Sardegna,1639591,13889,0.85,0.1
81,2021-01-31,SAR,2121,750,1371,1544,576,0,1,0,0,48,2073,ITG,ITG2,20,Sardegna,Sardegna,1639591,16010,0.98,0.13
82,2021-02-17,SAR,1405,575,830,689,376,313,0,27,0,1330,75,ITG,ITG2,20,Sardegna,Sardegna,1639591,17415,1.06,0.09
83,2021-03-06,SAR,2533,1045,1488,1086,920,405,7,79,36,852,1681,ITG,ITG2,20,Sardegna,Sardegna,1639591,19948,1.22,0.15
84,2021-01-22,SAR,83,47,36,45,38,0,0,0,0,55,28,ITG,ITG2,20,Sardegna,Sardegna,1639591,20031,1.22,0.01
85,2021-03-03,SAR,3738,2034,1704,1056,715,525,701,740,1,2601,1137,ITG,ITG2,20,Sardegna,Sardegna,1639591,23769,1.45,0.23
86,2021-02-16,SAR,700,289,411,376,212,112,0,0,0,671,29,ITG,ITG2,20,Sardegna,Sardegna,1639591,24469,1.49,0.04
87,2021-01-09,SAR,4026,1417,2609,3181,845,0,0,0,0,4026,0,ITG,ITG2,20,Sardegna,Sardegna,1639591,28495,1.74,0.25
88,2021-01-29,SAR,2951,1067,1884,2580,368,3,0,0,0,48,2903,ITG,ITG2,20,Sardegna,Sardegna,1639591,31446,1.92,0.18
89,2021-01-17,SAR,860,277,583,747,113,0,0,0,0,859,1,ITG,ITG2,20,Sardegna,Sardegna,1639591,32306,1.97,0.05
90,2021-01-16,SAR,1492,525,967,1282,209,0,0,0,1,1492,0,ITG,ITG2,20,Sardegna,Sardegna,1639591,33798,2.06,0.09
91,2020-12-28,SAR,65,25,40,65,0,0,0,0,0,65,0,ITG,ITG2,20,Sardegna,Sardegna,1639591,33863,2.07,0.0
92,2021-02-05,SAR,1897,749,1148,1214,515,164,1,3,0,433,1464,ITG,ITG2,20,Sardegna,Sardegna,1639591,35760,2.18,0.12
93,2021-02-14,SAR,539,263,276,289,193,57,0,0,0,537,2,ITG,ITG2,20,Sardegna,Sardegna,1639591,36299,2.21,0.03
94,2021-02-19,SAR,1490,468,1022,674,436,378,1,1,0,1434,56,ITG,ITG2,20,Sardegna,Sardegna,1639591,37789,2.3,0.09
95,2021-02-25,SAR,2894,1252,1642,1472,738,465,159,51,9,2288,606,ITG,ITG2,20,Sardegna,Sardegna,1639591,40683,2.48,0.18
96,2021-01-06,SAR,1615,549,1066,1510,105,0,0,0,0,1615,0,ITG,ITG2,20,Sardegna,Sardegna,1639591,42298,2.58,0.1
97,2020-12-27,SAR,65,34,31,65,0,0,0,0,0,65,0,ITG,ITG2,20,Sardegna,Sardegna,1639591,42363,2.58,0.0
98,2021-02-02,SAR,1482,655,827,988,494,0,0,0,0,241,1241,ITG,ITG2,20,Sardegna,Sardegna,1639591,43845,2.67,0.09
99,2021-01-20,SAR,210,77,133,154,56,0,0,0,0,208,2,ITG,ITG2,20,Sardegna,Sardegna,1639591,44055,2.69,0.01
100,2021-01-05,SAR,1327,446,881,1283,44,0,0,0,0,1327,0,ITG,ITG2,20,Sardegna,Sardegna,1639591,45382,2.77,0.08
101,2021-02-24,SAR,2407,1291,1116,1192,614,300,2,299,0,2218,189,ITG,ITG2,20,Sardegna,Sardegna,1639591,47789,2.91,0.15
102,2021-02-08,SAR,1470,533,937,998,345,126,1,0,0,856,614,ITG,ITG2,20,Sardegna,Sardegna,1639591,49259,3.0,0.09
103,2021-02-22,SAR,1619,942,677,595,403,179,2,440,0,1390,229,ITG,ITG2,20,Sardegna,Sardegna,1639591,50878,3.1,0.1
104,2021-03-01,SAR,2159,1054,1105,1135,444,141,104,334,1,1500,659,ITG,ITG2,20,Sardegna,Sardegna,1639591,53037,3.23,0.13
105,2021-03-10,SAR,5202,2548,2654,687,819,348,2400,620,328,4453,749,ITG,ITG2,20,Sardegna,Sardegna,1639591,58239,3.55,0.32
106,2021-03-05,SAR,4867,2390,2477,1643,1357,634,565,658,10,2655,2212,ITG,ITG2,20,Sardegna,Sardegna,1639591,63106,3.85,0.3
107,2021-01-11,SAR,1182,505,677,656,526,0,0,0,0,1182,0,ITG,ITG2,20,Sardegna,Sardegna,1639591,64288,3.92,0.07
108,2021-01-25,SAR,588,212,376,553,35,0,0,0,0,22,566,ITG,ITG2,20,Sardegna,Sardegna,1639591,64876,3.96,0.04
109,2021-03-04,SAR,3880,1888,1992,953,860,462,1091,475,39,2732,1148,ITG,ITG2,20,Sardegna,Sardegna,1639591,68756,4.19,0.24
110,2021-01-01,SAR,30,16,14,30,0,0,0,0,0,30,0,ITG,ITG2,20,Sardegna,Sardegna,1639591,68786,4.2,0.0
111,2021-01-19,SAR,747,270,477,423,163,160,0,0,1,692,55,ITG,ITG2,20,Sardegna,Sardegna,1639591,69533,4.24,0.05
112,2021-02-07,SAR,1116,394,722,975,141,0,0,0,0,228,888,ITG,ITG2,20,Sardegna,Sardegna,1639591,70649,4.31,0.07
113,2021-02-01,SAR,1524,605,919,896,551,77,0,0,0,225,1299,ITG,ITG2,20,Sardegna,Sardegna,1639591,72173,4.4,0.09
114,2021-01-04,SAR,591,217,374,565,26,0,0,0,0,591,0,ITG,ITG2,20,Sardegna,Sardegna,1639591,72764,4.44,0.04
115,2021-01-18,SAR,904,326,578,714,190,0,0,0,0,780,124,ITG,ITG2,20,Sardegna,Sardegna,1639591,73668,4.49,0.06
116,2021-01-02,SAR,60,21,39,60,0,0,0,0,0,60,0,ITG,ITG2,20,Sardegna,Sardegna,1639591,73728,4.5,0.0
117,2021-03-09,SAR,4329,2023,2306,1052,858,285,1513,327,294,3601,728,ITG,ITG2,20,Sardegna,Sardegna,1639591,78057,4.76,0.26
118,2020-12-31,SAR,32,16,16,28,4,0,0,0,0,32,0,ITG,ITG2,20,Sardegna,Sardegna,1639591,78089,4.76,0.0
119,2021-01-21,SAR,126,60,66,60,66,0,0,0,0,94,32,ITG,ITG2,20,Sardegna,Sardegna,1639591,78215,4.77,0.01
120,2021-02-10,SAR,1958,765,1193,1168,301,488,0,0,1,1440,518,ITG,ITG2,20,Sardegna,Sardegna,1639591,80173,4.89,0.12
121,2021-02-20,SAR,2036,854,1182,483,157,194,1201,0,1,1702,334,ITG,ITG2,20,Sardegna,Sardegna,1639591,82209,5.01,0.12
122,2021-02-15,SAR,957,348,609,440,238,279,0,0,0,926,31,ITG,ITG2,20,Sardegna,Sardegna,1639591,83166,5.07,0.06
123,2021-01-28,SAR,2968,1044,1924,2554,403,0,0,11,0,69,2899,ITG,ITG2,20,Sardegna,Sardegna,1639591,86134,5.25,0.18
124,2021-01-10,SAR,2183,750,1433,1632,551,0,0,0,0,2183,0,ITG,ITG2,20,Sardegna,Sardegna,1639591,88317,5.39,0.13
125,2021-02-18,SAR,1875,732,1143,1072,362,297,1,33,110,1811,64,ITG,ITG2,20,Sardegna,Sardegna,1639591,90192,5.5,0.11
126,2021-01-08,SAR,3257,1184,2073,2929,328,0,0,0,0,3257,0,ITG,ITG2,20,Sardegna,Sardegna,1639591,93449,5.7,0.2
127,2021-02-27,SAR,1915,643,1272,1062,379,304,170,0,0,1360,555,ITG,ITG2,20,Sardegna,Sardegna,1639591,95364,5.82,0.12
128,2021-02-04,SAR,2271,816,1455,1737,363,170,1,0,0,916,1355,ITG,ITG2,20,Sardegna,Sardegna,1639591,97635,5.95,0.14
129,2020-12-29,SAR,57,32,25,56,1,0,0,0,0,57,0,ITG,ITG2,20,Sardegna,Sardegna,1639591,97692,5.96,0.0
130,2021-02-03,SAR,1118,418,700,919,180,19,0,0,0,426,692,ITG,ITG2,20,Sardegna,Sardegna,1639591,98810,6.03,0.07
131,2021-01-30,SAR,3862,1392,2470,2987,874,0,1,0,0,362,3500,ITG,ITG2,20,Sardegna,Sardegna,1639591,102672,6.26,0.24
132,2021-01-03,SAR,90,36,54,89,1,0,0,0,0,90,0,ITG,ITG2,20,Sardegna,Sardegna,1639591,102762,6.27,0.01
133,2021-01-27,SAR,1408,494,914,1303,105,0,0,0,0,79,1329,ITG,ITG2,20,Sardegna,Sardegna,1639591,104170,6.35,0.09
134,2021-03-02,SAR,2691,1406,1285,1028,730,229,319,383,2,1705,986,ITG,ITG2,20,Sardegna,Sardegna,1639591,106861,6.52,0.16
135,2021-02-11,SAR,1314,490,824,588,356,369,1,0,0,1203,111,ITG,ITG2,20,Sardegna,Sardegna,1639591,108175,6.6,0.08
136,2021-03-07,SAR,1590,724,866,310,238,32,1008,0,2,1117,473,ITG,ITG2,20,Sardegna,Sardegna,1639591,109765,6.69,0.1
137,2021-01-26,SAR,1336,453,883,1296,39,0,0,0,1,27,1309,ITG,ITG2,20,Sardegna,Sardegna,1639591,111101,6.78,0.08
138,2021-02-28,SAR,367,169,198,244,76,47,0,0,0,141,226,ITG,ITG2,20,Sardegna,Sardegna,1639591,111468,6.8,0.02
139,2021-03-08,SAR,3963,1776,2187,732,1159,624,852,444,152,2775,1188,ITG,ITG2,20,Sardegna,Sardegna,1639591,115431,7.04,0.24
140,2021-02-12,SAR,2235,932,1303,986,749,499,1,0,0,2174,61,ITG,ITG2,20,Sardegna,Sardegna,1639591,117666,7.18,0.14
141,2021-01-15,SAR,1563,573,990,1170,390,0,0,3,0,1563,0,ITG,ITG2,20,Sardegna,Sardegna,1639591,119229,7.27,0.1
142,2021-02-13,SAR,1454,563,891,732,464,253,0,0,5,1450,4,ITG,ITG2,20,Sardegna,Sardegna,1639591,120683,7.36,0.09
143,2021-02-06,SAR,1970,697,1273,1544,286,139,0,0,1,569,1401,ITG,ITG2,20,Sardegna,Sardegna,1639591,122653,7.48,0.12
144,2021-01-24,SAR,90,34,56,89,1,0,0,0,0,5,85,ITG,ITG2,20,Sardegna,Sardegna,1639591,122743,7.49,0.01
145,2021-01-20,LAZ,4389,1657,2732,3278,399,426,286,0,0,2849,1540,ITI,ITI4,12,Lazio,Lazio,5879082,4389,0.07,0.07
146,2021-03-02,LAZ,16505,7141,9364,1808,1421,229,8015,1278,3754,12576,3929,ITI,ITI4,12,Lazio,Lazio,5879082,20894,0.36,0.28
147,2021-01-10,LAZ,4039,1700,2339,3424,363,252,0,0,0,4039,0,ITI,ITI4,12,Lazio,Lazio,5879082,24933,0.42,0.07
148,2021-03-08,LAZ,19635,8133,11502,2374,2156,375,8920,1102,4708,14408,5227,ITI,ITI4,12,Lazio,Lazio,5879082,44568,0.76,0.33
149,2021-02-27,LAZ,11343,4239,7104,1358,884,514,4764,1120,2703,10390,953,ITI,ITI4,12,Lazio,Lazio,5879082,55911,0.95,0.19
150,2021-03-05,LAZ,18393,7759,10634,2687,1739,255,8420,1323,3969,13708,4685,ITI,ITI4,12,Lazio,Lazio,5879082,74304,1.26,0.31
151,2021-01-11,LAZ,5525,2103,3422,4553,403,569,0,0,0,5525,0,ITI,ITI4,12,Lazio,Lazio,5879082,79829,1.36,0.09
152,2021-03-07,LAZ,13959,5385,8574,1199,1229,148,7154,696,3533,10370,3589,ITI,ITI4,12,Lazio,Lazio,5879082,93788,1.6,0.24
153,2021-01-13,LAZ,5559,2063,3496,4145,402,1009,3,0,0,5559,0,ITI,ITI4,12,Lazio,Lazio,5879082,99347,1.69,0.09
154,2021-01-24,LAZ,5467,2109,3358,4945,262,134,126,0,0,385,5082,ITI,ITI4,12,Lazio,Lazio,5879082,104814,1.78,0.09
155,2021-02-22,LAZ,11374,4963,6411,1776,309,472,5205,1390,2222,10873,501,ITI,ITI4,12,Lazio,Lazio,5879082,116188,1.98,0.19
156,2021-02-24,LAZ,11942,5171,6771,1795,936,337,5147,1327,2400,10953,989,ITI,ITI4,12,Lazio,Lazio,5879082,128130,2.18,0.2
157,2020-12-30,LAZ,1629,629,1000,1602,0,27,0,0,0,1629,0,ITI,ITI4,12,Lazio,Lazio,5879082,129759,2.21,0.03
158,2021-01-17,LAZ,4555,1841,2714,3231,336,177,811,0,0,4343,212,ITI,ITI4,12,Lazio,Lazio,5879082,134314,2.28,0.08
159,2021-01-18,LAZ,5835,2268,3567,3901,756,725,453,0,0,4857,978,ITI,ITI4,12,Lazio,Lazio,5879082,140149,2.38,0.1
160,2021-02-14,LAZ,5535,2245,3290,1645,318,127,3445,0,0,5286,249,ITI,ITI4,12,Lazio,Lazio,5879082,145684,2.48,0.09
161,2020-12-29,LAZ,440,155,285,440,0,0,0,0,0,440,0,ITI,ITI4,12,Lazio,Lazio,5879082,146124,2.49,0.01
162,2021-03-03,LAZ,16965,7180,9785,2062,1374,374,7969,1249,3937,12675,4290,ITI,ITI4,12,Lazio,Lazio,5879082,163089,2.77,0.29
163,2021-03-01,LAZ,16571,7090,9481,1549,1735,383,7919,1406,3579,12730,3841,ITI,ITI4,12,Lazio,Lazio,5879082,179660,3.06,0.28
164,2021-02-16,LAZ,8043,3862,4181,2058,578,261,4195,950,1,7786,257,ITI,ITI4,12,Lazio,Lazio,5879082,187703,3.19,0.14
165,2021-01-06,LAZ,5096,1951,3145,4619,155,320,0,1,1,5096,0,ITI,ITI4,12,Lazio,Lazio,5879082,192799,3.28,0.09
166,2021-01-28,LAZ,7954,2998,4956,6810,496,514,134,0,0,459,7495,ITI,ITI4,12,Lazio,Lazio,5879082,200753,3.41,0.14
167,2021-01-30,LAZ,6649,2730,3919,5298,574,651,126,0,0,448,6201,ITI,ITI4,12,Lazio,Lazio,5879082,207402,3.53,0.11
168,2021-02-07,LAZ,4668,1865,2803,3251,385,218,813,0,1,382,4286,ITI,ITI4,12,Lazio,Lazio,5879082,212070,3.61,0.08
169,2021-02-08,LAZ,9334,3868,5466,3788,874,918,3754,0,0,4487,4847,ITI,ITI4,12,Lazio,Lazio,5879082,221404,3.77,0.16
170,2021-01-09,LAZ,6288,2556,3732,5110,558,620,0,0,0,6288,0,ITI,ITI4,12,Lazio,Lazio,5879082,227692,3.87,0.11
171,2021-02-23,LAZ,10861,4668,6193,1896,598,309,5133,1015,1910,10237,624,ITI,ITI4,12,Lazio,Lazio,5879082,238553,4.06,0.18
172,2021-01-08,LAZ,7707,2887,4820,6517,392,798,0,0,0,7707,0,ITI,ITI4,12,Lazio,Lazio,5879082,246260,4.19,0.13
173,2021-02-09,LAZ,8392,3484,4908,3258,581,548,4005,0,0,4571,3821,ITI,ITI4,12,Lazio,Lazio,5879082,254652,4.33,0.14
174,2020-12-31,LAZ,5218,2095,3123,4927,12,279,0,0,0,5218,0,ITI,ITI4,12,Lazio,Lazio,5879082,259870,4.42,0.09
175,2021-01-29,LAZ,7593,2865,4728,6372,427,704,90,0,0,477,7116,ITI,ITI4,12,Lazio,Lazio,5879082,267463,4.55,0.13
176,2021-02-11,LAZ,6656,2787,3869,2196,333,500,3627,0,0,6458,198,ITI,ITI4,12,Lazio,Lazio,5879082,274119,4.66,0.11
177,2021-02-28,LAZ,10199,3991,6208,1601,688,77,4552,682,2599,9685,514,ITI,ITI4,12,Lazio,Lazio,5879082,284318,4.84,0.17
178,2021-01-27,LAZ,5768,2170,3598,4797,385,457,129,0,0,651,5117,ITI,ITI4,12,Lazio,Lazio,5879082,290086,4.93,0.1
179,2021-02-10,LAZ,7772,3112,4660,2646,580,633,3913,0,0,4837,2935,ITI,ITI4,12,Lazio,Lazio,5879082,297858,5.07,0.13
180,2021-01-31,LAZ,4279,1783,2496,3572,339,244,124,0,0,296,3983,ITI,ITI4,12,Lazio,Lazio,5879082,302137,5.14,0.07
181,2021-02-13,LAZ,6272,2435,3837,2123,213,280,3656,0,0,6184,88,ITI,ITI4,12,Lazio,Lazio,5879082,308409,5.25,0.11
182,2021-01-01,LAZ,3553,1381,2172,3483,2,68,0,0,0,3553,0,ITI,ITI4,12,Lazio,Lazio,5879082,311962,5.31,0.06
183,2021-01-12,LAZ,5391,1974,3417,4343,464,584,0,0,0,5391,0,ITI,ITI4,12,Lazio,Lazio,5879082,317353,5.4,0.09
184,2021-01-23,LAZ,6883,2682,4201,6063,278,417,125,0,0,255,6628,ITI,ITI4,12,Lazio,Lazio,5879082,324236,5.52,0.12
185,2021-01-16,LAZ,5344,2072,3272,3350,461,1063,470,0,0,5344,0,ITI,ITI4,12,Lazio,Lazio,5879082,329580,5.61,0.09
186,2021-02-25,LAZ,12572,5492,7080,1753,1209,488,5088,1423,2611,11526,1046,ITI,ITI4,12,Lazio,Lazio,5879082,342152,5.82,0.21
187,2021-01-26,LAZ,7602,2907,4695,6590,256,631,125,0,0,372,7230,ITI,ITI4,12,Lazio,Lazio,5879082,349754,5.95,0.13
188,2021-03-10,LAZ,21190,9083,12107,3671,2522,448,8754,1179,4616,15585,5605,ITI,ITI4,12,Lazio,Lazio,5879082,370944,6.31,0.36
189,2021-01-15,LAZ,6223,2465,3758,4476,604,988,155,0,0,6223,0,ITI,ITI4,12,Lazio,Lazio,5879082,377167,6.42,0.11
190,2021-02-21,LAZ,6771,3091,3680,1243,362,51,4492,607,16,6489,282,ITI,ITI4,12,Lazio,Lazio,5879082,383938,6.53,0.12
191,2021-02-18,LAZ,9666,4797,4869,2160,415,473,4952,1665,1,9168,498,ITI,ITI4,12,Lazio,Lazio,5879082,393604,6.69,0.16
192,2021-02-19,LAZ,9668,4881,4787,2167,389,408,5034,1636,34,9171,497,ITI,ITI4,12,Lazio,Lazio,5879082,403272,6.86,0.16
193,2021-01-04,LAZ,7477,2907,4570,7074,86,316,0,0,1,7477,0,ITI,ITI4,12,Lazio,Lazio,5879082,410749,6.99,0.13
194,2021-02-01,LAZ,5669,2173,3496,4784,319,559,7,0,0,353,5316,ITI,ITI4,12,Lazio,Lazio,5879082,416418,7.08,0.1
195,2021-01-07,LAZ,7720,2892,4828,6878,276,566,0,0,0,7720,0,ITI,ITI4,12,Lazio,Lazio,5879082,424138,7.21,0.13
196,2021-02-20,LAZ,8781,4077,4704,1940,460,297,4752,1310,22,8364,417,ITI,ITI4,12,Lazio,Lazio,5879082,432919,7.36,0.15
197,2021-02-12,LAZ,6494,2645,3849,1995,423,302,3774,0,0,6417,77,ITI,ITI4,12,Lazio,Lazio,5879082,439413,7.47,0.11
198,2021-01-25,LAZ,7761,3041,4720,7006,270,363,122,0,0,421,7340,ITI,ITI4,12,Lazio,Lazio,5879082,447174,7.61,0.13
199,2021-02-26,LAZ,12805,5579,7226,1908,1331,323,5119,1385,2739,11587,1218,ITI,ITI4,12,Lazio,Lazio,5879082,459979,7.82,0.22
200,2021-02-17,LAZ,8807,4370,4437,2282,432,499,4248,1345,1,8279,528,ITI,ITI4,12,Lazio,Lazio,5879082,468786,7.97,0.15
201,2021-01-03,LAZ,5250,1972,3278,5125,60,65,0,0,0,5250,0,ITI,ITI4,12,Lazio,Lazio,5879082,474036,8.06,0.09
202,2021-02-03,LAZ,6288,2348,3940,4620,555,1078,35,0,0,901,5387,ITI,ITI4,12,Lazio,Lazio,5879082,480324,8.17,0.11
203,2021-02-06,LAZ,5069,2015,3054,3270,630,660,509,0,0,769,4300,ITI,ITI4,12,Lazio,Lazio,5879082,485393,8.26,0.09
204,2021-01-19,LAZ,4360,1671,2689,2967,561,424,408,0,0,3907,453,ITI,ITI4,12,Lazio,Lazio,5879082,489753,8.33,0.07
205,2021-02-05,LAZ,6910,2722,4188,5095,631,995,189,0,0,1131,5779,ITI,ITI4,12,Lazio,Lazio,5879082,496663,8.45,0.12
206,2021-02-15,LAZ,7726,3379,4347,2447,675,378,4218,8,0,7429,297,ITI,ITI4,12,Lazio,Lazio,5879082,504389,8.58,0.13
207,2021-01-21,LAZ,5247,2109,3138,4780,110,232,125,0,0,196,5051,ITI,ITI4,12,Lazio,Lazio,5879082,509636,8.67,0.09
208,2021-02-02,LAZ,5772,2133,3639,4712,486,571,3,0,0,501,5271,ITI,ITI4,12,Lazio,Lazio,5879082,515408,8.77,0.1
209,2020-12-27,LAZ,272,131,141,272,0,0,0,0,0,272,0,ITI,ITI4,12,Lazio,Lazio,5879082,515680,8.77,0.0
210,2021-01-02,LAZ,6704,2629,4075,6268,78,358,0,0,0,6704,0,ITI,ITI4,12,Lazio,Lazio,5879082,522384,8.89,0.11
211,2021-03-09,LAZ,20548,8826,11722,3262,2264,337,8838,1230,4617,15390,5158,ITI,ITI4,12,Lazio,Lazio,5879082,542932,9.23,0.35
212,2021-01-14,LAZ,5217,1960,3257,3872,450,811,84,0,0,5217,0,ITI,ITI4,12,Lazio,Lazio,5879082,548149,9.32,0.09
213,2021-03-04,LAZ,18119,7716,10403,2758,1544,505,8092,1315,3905,13117,5002,ITI,ITI4,12,Lazio,Lazio,5879082,566268,9.63,0.31
214,2021-02-04,LAZ,6045,2281,3764,4460,621,892,72,0,0,942,5103,ITI,ITI4,12,Lazio,Lazio,5879082,572313,9.73,0.1
215,2021-01-22,LAZ,3662,1442,2220,3379,90,70,123,0,0,148,3514,ITI,ITI4,12,Lazio,Lazio,5879082,575975,9.8,0.06
216,2020-12-28,LAZ,959,412,547,957,2,0,0,0,0,959,0,ITI,ITI4,12,Lazio,Lazio,5879082,576934,9.81,0.02
217,2021-01-05,LAZ,7370,2802,4568,6690,102,577,0,1,0,7370,0,ITI,ITI4,12,Lazio,Lazio,5879082,584304,9.94,0.13
218,2021-03-06,LAZ,17783,6833,10950,3579,1349,327,7824,932,3772,13589,4194,ITI,ITI4,12,Lazio,Lazio,5879082,602087,10.24,0.3
219,2021-02-07,BAS,373,159,214,259,74,40,0,0,0,49,324,ITF,ITF5,17,Basilicata,Basilicata,559084,373,0.07,0.07
220,2021-02-24,BAS,1782,737,1045,85,28,2,1666,1,0,1713,69,ITF,ITF5,17,Basilicata,Basilicata,559084,2155,0.39,0.32
221,2021-01-29,BAS,612,228,384,277,265,70,0,0,0,63,549,ITF,ITF5,17,Basilicata,Basilicata,559084,2767,0.49,0.11
222,2021-01-15,BAS,812,349,463,455,183,174,0,0,0,812,0,ITF,ITF5,17,Basilicata,Basilicata,559084,3579,0.64,0.15
223,2021-03-03,BAS,1640,771,869,191,412,99,489,203,246,1084,556,ITF,ITF5,17,Basilicata,Basilicata,559084,5219,0.93,0.29
224,2021-02-15,BAS,622,232,390,191,138,46,246,1,0,581,41,ITF,ITF5,17,Basilicata,Basilicata,559084,5841,1.04,0.11
225,2021-01-17,BAS,328,133,195,96,178,54,0,0,0,327,1,ITF,ITF5,17,Basilicata,Basilicata,559084,6169,1.1,0.06
226,2021-02-16,BAS,906,378,528,251,96,66,492,1,0,808,98,ITF,ITF5,17,Basilicata,Basilicata,559084,7075,1.27,0.16
227,2021-02-27,BAS,1884,817,1067,103,182,21,1578,0,0,1718,166,ITF,ITF5,17,Basilicata,Basilicata,559084,8959,1.6,0.34
228,2021-03-01,BAS,540,279,261,121,129,4,168,68,50,376,164,ITF,ITF5,17,Basilicata,Basilicata,559084,9499,1.7,0.1
229,2021-02-17,BAS,1125,490,635,120,157,57,789,1,1,1049,76,ITF,ITF5,17,Basilicata,Basilicata,559084,10624,1.9,0.2
230,2021-02-04,BAS,1092,440,652,552,259,281,0,0,0,63,1029,ITF,ITF5,17,Basilicata,Basilicata,559084,11716,2.1,0.2
231,2021-01-06,BAS,294,129,165,144,114,36,0,0,0,294,0,ITF,ITF5,17,Basilicata,Basilicata,559084,12010,2.15,0.05
232,2021-03-04,BAS,1775,846,929,217,242,66,744,263,243,982,793,ITF,ITF5,17,Basilicata,Basilicata,559084,13785,2.47,0.32
233,2021-02-09,BAS,491,213,278,200,237,54,0,0,0,316,175,ITF,ITF5,17,Basilicata,Basilicata,559084,14276,2.55,0.09
234,2021-01-09,BAS,557,160,397,282,207,67,0,0,1,557,0,ITF,ITF5,17,Basilicata,Basilicata,559084,14833,2.65,0.1
235,2021-02-06,BAS,902,367,535,546,187,168,0,0,1,146,756,ITF,ITF5,17,Basilicata,Basilicata,559084,15735,2.81,0.16
236,2021-02-13,BAS,799,313,486,279,204,115,199,2,0,738,61,ITF,ITF5,17,Basilicata,Basilicata,559084,16534,2.96,0.14
237,2021-01-21,BAS,30,10,20,0,30,0,0,0,0,30,0,ITF,ITF5,17,Basilicata,Basilicata,559084,16564,2.96,0.01
238,2021-03-05,BAS,1767,814,953,299,223,72,609,254,310,1020,747,ITF,ITF5,17,Basilicata,Basilicata,559084,18331,3.28,0.32
239,2021-02-26,BAS,2126,893,1233,89,104,1,1932,0,0,2043,83,ITF,ITF5,17,Basilicata,Basilicata,559084,20457,3.66,0.38
240,2021-01-25,BAS,1020,427,593,673,346,1,0,0,0,74,946,ITF,ITF5,17,Basilicata,Basilicata,559084,21477,3.84,0.18
241,2021-01-07,BAS,640,319,321,353,258,29,0,0,0,640,0,ITF,ITF5,17,Basilicata,Basilicata,559084,22117,3.96,0.11
242,2021-01-05,BAS,945,409,536,735,210,0,0,0,0,945,0,ITF,ITF5,17,Basilicata,Basilicata,559084,23062,4.12,0.17
243,2021-01-27,BAS,410,174,236,151,233,26,0,0,0,113,297,ITF,ITF5,17,Basilicata,Basilicata,559084,23472,4.2,0.07
244,2021-01-02,BAS,948,379,569,851,94,0,0,0,3,948,0,ITF,ITF5,17,Basilicata,Basilicata,559084,24420,4.37,0.17
245,2021-01-20,BAS,84,22,62,0,84,0,0,0,0,84,0,ITF,ITF5,17,Basilicata,Basilicata,559084,24504,4.38,0.02
246,2021-03-09,BAS,1390,705,685,222,95,32,545,258,238,787,603,ITF,ITF5,17,Basilicata,Basilicata,559084,25894,4.63,0.25
247,2021-01-24,BAS,834,299,535,603,230,1,0,0,0,58,776,ITF,ITF5,17,Basilicata,Basilicata,559084,26728,4.78,0.15
248,2021-02-21,BAS,206,86,120,14,2,11,178,0,1,206,0,ITF,ITF5,17,Basilicata,Basilicata,559084,26934,4.82,0.04
249,2021-02-25,BAS,1770,724,1046,67,14,0,1688,1,0,1723,47,ITF,ITF5,17,Basilicata,Basilicata,559084,28704,5.13,0.32
250,2021-02-28,BAS,808,344,464,32,31,0,745,0,0,780,28,ITF,ITF5,17,Basilicata,Basilicata,559084,29512,5.28,0.14
251,2021-03-10,BAS,1040,493,547,72,77,0,659,126,106,473,567,ITF,ITF5,17,Basilicata,Basilicata,559084,30552,5.46,0.19
252,2021-01-26,BAS,793,350,443,481,277,35,0,0,0,101,692,ITF,ITF5,17,Basilicata,Basilicata,559084,31345,5.61,0.14
253,2021-02-22,BAS,1758,755,1003,125,88,2,1543,0,0,1705,53,ITF,ITF5,17,Basilicata,Basilicata,559084,33103,5.92,0.31
254,2021-02-08,BAS,557,193,364,436,72,49,0,0,0,151,406,ITF,ITF5,17,Basilicata,Basilicata,559084,33660,6.02,0.1
255,2021-03-08,BAS,1421,695,726,221,247,38,386,256,273,840,581,ITF,ITF5,17,Basilicata,Basilicata,559084,35081,6.27,0.25
256,2021-02-10,BAS,547,237,310,176,153,127,90,0,1,495,52,ITF,ITF5,17,Basilicata,Basilicata,559084,35628,6.37,0.1
257,2021-01-31,BAS,77,24,53,75,2,0,0,0,0,0,77,ITF,ITF5,17,Basilicata,Basilicata,559084,35705,6.39,0.01
258,2021-03-02,BAS,792,381,411,110,78,5,185,201,213,657,135,ITF,ITF5,17,Basilicata,Basilicata,559084,36497,6.53,0.14
259,2021-01-18,BAS,463,157,306,364,54,45,0,0,0,364,99,ITF,ITF5,17,Basilicata,Basilicata,559084,36960,6.61,0.08
260,2021-03-07,BAS,795,272,523,39,18,4,241,22,471,757,38,ITF,ITF5,17,Basilicata,Basilicata,559084,37755,6.75,0.14
261,2021-02-11,BAS,947,398,549,200,169,107,467,4,0,864,83,ITF,ITF5,17,Basilicata,Basilicata,559084,38702,6.92,0.17
262,2021-01-14,BAS,969,413,556,423,223,323,0,0,0,969,0,ITF,ITF5,17,Basilicata,Basilicata,559084,39671,7.1,0.17
263,2021-01-12,BAS,217,88,129,39,79,99,0,0,0,217,0,ITF,ITF5,17,Basilicata,Basilicata,559084,39888,7.13,0.04
264,2021-01-23,BAS,707,299,408,484,222,1,0,0,0,33,674,ITF,ITF5,17,Basilicata,Basilicata,559084,40595,7.26,0.13
265,2021-01-04,BAS,608,272,336,534,72,0,0,0,2,608,0,ITF,ITF5,17,Basilicata,Basilicata,559084,41203,7.37,0.11
266,2021-02-01,BAS,242,91,151,97,97,48,0,0,0,46,196,ITF,ITF5,17,Basilicata,Basilicata,559084,41445,7.41,0.04
267,2021-01-03,BAS,900,344,556,790,108,0,0,0,2,900,0,ITF,ITF5,17,Basilicata,Basilicata,559084,42345,7.57,0.16
268,2021-01-30,BAS,703,226,477,301,276,126,0,0,0,127,576,ITF,ITF5,17,Basilicata,Basilicata,559084,43048,7.7,0.13
269,2021-02-03,BAS,666,300,366,305,189,172,0,0,0,32,634,ITF,ITF5,17,Basilicata,Basilicata,559084,43714,7.82,0.12
270,2021-01-16,BAS,721,304,417,273,285,161,0,0,2,721,0,ITF,ITF5,17,Basilicata,Basilicata,559084,44435,7.95,0.13
271,2021-01-19,BAS,199,84,115,78,77,44,0,0,0,199,0,ITF,ITF5,17,Basilicata,Basilicata,559084,44634,7.98,0.04
272,2021-02-12,BAS,775,332,443,288,201,90,190,6,0,744,31,ITF,ITF5,17,Basilicata,Basilicata,559084,45409,8.12,0.14
273,2021-02-23,BAS,1877,763,1114,159,48,35,1635,0,0,1739,138,ITF,ITF5,17,Basilicata,Basilicata,559084,47286,8.46,0.34
274,2021-02-18,BAS,1064,399,665,264,78,148,574,0,0,849,215,ITF,ITF5,17,Basilicata,Basilicata,559084,48350,8.65,0.19
275,2021-02-02,BAS,366,142,224,134,129,102,1,0,0,176,190,ITF,ITF5,17,Basilicata,Basilicata,559084,48716,8.71,0.07
276,2021-02-19,BAS,1617,736,881,218,373,66,960,0,0,1555,62,ITF,ITF5,17,Basilicata,Basilicata,559084,50333,9.0,0.29
277,2021-02-20,BAS,1108,507,601,71,181,68,788,0,0,991,117,ITF,ITF5,17,Basilicata,Basilicata,559084,51441,9.2,0.2
278,2021-01-08,BAS,554,219,335,265,230,59,0,0,0,554,0,ITF,ITF5,17,Basilicata,Basilicata,559084,51995,9.3,0.1
279,2021-02-14,BAS,150,48,102,55,13,64,18,0,0,150,0,ITF,ITF5,17,Basilicata,Basilicata,559084,52145,9.33,0.03
280,2021-01-28,BAS,903,401,502,540,281,81,1,0,0,119,784,ITF,ITF5,17,Basilicata,Basilicata,559084,53048,9.49,0.16
281,2021-01-11,BAS,183,66,117,78,64,41,0,0,0,183,0,ITF,ITF5,17,Basilicata,Basilicata,559084,53231,9.52,0.03
282,2021-03-06,BAS,1350,534,816,296,170,57,383,185,259,756,594,ITF,ITF5,17,Basilicata,Basilicata,559084,54581,9.76,0.24
283,2021-01-22,BAS,66,24,42,6,60,0,0,0,0,66,0,ITF,ITF5,17,Basilicata,Basilicata,559084,54647,9.77,0.01
284,2020-12-27,BAS,106,41,65,104,2,0,0,0,0,106,0,ITF,ITF5,17,Basilicata,Basilicata,559084,54753,9.79,0.02
285,2021-01-10,BAS,77,24,53,9,68,0,0,0,0,77,0,ITF,ITF5,17,Basilicata,Basilicata,559084,54830,9.81,0.01
286,2021-02-05,BAS,982,442,540,516,275,191,0,0,0,64,918,ITF,ITF5,17,Basilicata,Basilicata,559084,55812,9.98,0.18
287,2021-01-13,BAS,915,386,529,588,178,148,0,0,1,915,0,ITF,ITF5,17,Basilicata,Basilicata,559084,56727,10.15,0.16
288,2021-03-04,FVG,3391,1569,1822,356,250,88,1807,490,400,2758,633,ITH,ITH4,6,Friuli-Venezia Giulia,Friuli Venezia Giulia,1215220,3391,0.28,0.28
289,2021-01-07,FVG,2091,718,1373,1759,222,110,0,0,0,2091,0,ITH,ITH4,6,Friuli-Venezia Giulia,Friuli Venezia Giulia,1215220,5482,0.45,0.17
290,2021-01-08,FVG,2322,747,1575,1680,246,396,0,0,0,2322,0,ITH,ITH4,6,Friuli-Venezia Giulia,Friuli Venezia Giulia,1215220,7804,0.64,0.19
291,2021-01-04,FVG,1510,559,951,1392,118,0,0,0,0,1510,0,ITH,ITH4,6,Friuli-Venezia Giulia,Friuli Venezia Giulia,1215220,9314,0.77,0.12
292,2020-12-31,FVG,1053,384,669,1011,42,0,0,0,0,1053,0,ITH,ITH4,6,Friuli-Venezia Giulia,Friuli Venezia Giulia,1215220,10367,0.85,0.09
293,2021-03-08,FVG,3790,1469,2321,683,538,7,2126,0,436,1734,2056,ITH,ITH4,6,Friuli-Venezia Giulia,Friuli Venezia Giulia,1215220,14157,1.16,0.31
294,2021-02-12,FVG,1200,428,772,674,395,128,2,0,1,1150,50,ITH,ITH4,6,Friuli-Venezia Giulia,Friuli Venezia Giulia,1215220,15357,1.26,0.1
295,2021-02-08,FVG,2354,693,1661,1399,521,434,0,0,0,91,2263,ITH,ITH4,6,Friuli-Venezia Giulia,Friuli Venezia Giulia,1215220,17711,1.46,0.19
296,2021-02-20,FVG,2063,932,1131,11,19,148,1579,0,306,1919,144,ITH,ITH4,6,Friuli-Venezia Giulia,Friuli Venezia Giulia,1215220,19774,1.63,0.17
297,2021-03-01,FVG,2840,998,1842,82,97,164,1544,4,949,2799,41,ITH,ITH4,6,Friuli-Venezia Giulia,Friuli Venezia Giulia,1215220,22614,1.86,0.23
298,2021-01-29,FVG,2413,813,1600,1855,321,237,0,0,0,264,2149,ITH,ITH4,6,Friuli-Venezia Giulia,Friuli Venezia Giulia,1215220,25027,2.06,0.2
299,2021-02-18,FVG,3206,1485,1721,229,139,331,1495,34,978,2800,406,ITH,ITH4,6,Friuli-Venezia Giulia,Friuli Venezia Giulia,1215220,28233,2.32,0.26
300,2021-02-19,FVG,3247,1287,1960,564,322,312,1586,35,428,2818,429,ITH,ITH4,6,Friuli-Venezia Giulia,Friuli Venezia Giulia,1215220,31480,2.59,0.27
301,2021-01-25,FVG,1582,567,1015,1369,141,72,0,0,0,194,1388,ITH,ITH4,6,Friuli-Venezia Giulia,Friuli Venezia Giulia,1215220,33062,2.72,0.13
302,2021-01-21,FVG,894,345,549,863,31,0,0,0,0,1,893,ITH,ITH4,6,Friuli-Venezia Giulia,Friuli Venezia Giulia,1215220,33956,2.79,0.07
303,2021-03-03,FVG,3560,1563,1997,748,555,100,1319,416,422,2284,1276,ITH,ITH4,6,Friuli-Venezia Giulia,Friuli Venezia Giulia,1215220,37516,3.09,0.29
304,2021-03-06,FVG,3485,1192,2293,182,259,1,1561,20,1462,3159,326,ITH,ITH4,6,Friuli-Venezia Giulia,Friuli Venezia Giulia,1215220,41001,3.37,0.29
305,2020-12-27,FVG,262,149,113,259,3,0,0,0,0,262,0,ITH,ITH4,6,Friuli-Venezia Giulia,Friuli Venezia Giulia,1215220,41263,3.4,0.02
306,2021-02-02,FVG,2465,806,1659,1656,393,416,0,0,0,217,2248,ITH,ITH4,6,Friuli-Venezia Giulia,Friuli Venezia Giulia,1215220,43728,3.6,0.2
307,2021-02-06,FVG,1154,338,816,755,208,191,0,0,0,22,1132,ITH,ITH4,6,Friuli-Venezia Giulia,Friuli Venezia Giulia,1215220,44882,3.69,0.09
308,2021-01-28,FVG,2235,792,1443,1754,287,194,0,0,0,354,1881,ITH,ITH4,6,Friuli-Venezia Giulia,Friuli Venezia Giulia,1215220,47117,3.88,0.18
309,2021-01-27,FVG,1269,425,844,849,356,64,0,0,0,447,822,ITH,ITH4,6,Friuli-Venezia Giulia,Friuli Venezia Giulia,1215220,48386,3.98,0.1
310,2021-01-18,FVG,1960,607,1353,1358,492,110,0,0,0,1866,94,ITH,ITH4,6,Friuli-Venezia Giulia,Friuli Venezia Giulia,1215220,50346,4.14,0.16
311,2021-02-13,FVG,562,175,387,334,228,0,0,0,0,556,6,ITH,ITH4,6,Friuli-Venezia Giulia,Friuli Venezia Giulia,1215220,50908,4.19,0.05
312,2021-02-22,FVG,2484,1192,1292,430,325,115,1363,246,5,2066,418,ITH,ITH4,6,Friuli-Venezia Giulia,Friuli Venezia Giulia,1215220,53392,4.39,0.2
313,2021-02-28,FVG,2668,988,1680,234,163,0,405,378,1488,2273,395,ITH,ITH4,6,Friuli-Venezia Giulia,Friuli Venezia Giulia,1215220,56060,4.61,0.22
314,2021-02-25,FVG,2989,1543,1446,21,128,189,1551,361,739,2964,25,ITH,ITH4,6,Friuli-Venezia Giulia,Friuli Venezia Giulia,1215220,59049,4.86,0.25
315,2021-01-15,FVG,2028,606,1422,1283,370,375,0,0,0,2028,0,ITH,ITH4,6,Friuli-Venezia Giulia,Friuli Venezia Giulia,1215220,61077,5.03,0.17
316,2021-02-24,FVG,2514,1081,1433,23,55,309,1830,0,297,2496,18,ITH,ITH4,6,Friuli-Venezia Giulia,Friuli Venezia Giulia,1215220,63591,5.23,0.21
317,2021-02-11,FVG,1928,663,1265,1133,568,224,3,0,0,1735,193,ITH,ITH4,6,Friuli-Venezia Giulia,Friuli Venezia Giulia,1215220,65519,5.39,0.16
318,2021-01-24,FVG,305,119,186,277,27,1,0,0,0,1,304,ITH,ITH4,6,Friuli-Venezia Giulia,Friuli Venezia Giulia,1215220,65824,5.42,0.03
319,2021-02-17,FVG,2346,995,1351,327,193,228,1552,46,0,1868,478,ITH,ITH4,6,Friuli-Venezia Giulia,Friuli Venezia Giulia,1215220,68170,5.61,0.19
320,2021-03-02,FVG,4214,1515,2699,1163,675,202,1535,5,634,2711,1503,ITH,ITH4,6,Friuli-Venezia Giulia,Friuli Venezia Giulia,1215220,72384,5.96,0.35
321,2021-01-23,FVG,816,324,492,768,48,0,0,0,0,4,812,ITH,ITH4,6,Friuli-Venezia Giulia,Friuli Venezia Giulia,1215220,73200,6.02,0.07
322,2021-03-07,FVG,2535,925,1610,1,158,0,143,452,1781,2534,1,ITH,ITH4,6,Friuli-Venezia Giulia,Friuli Venezia Giulia,1215220,75735,6.23,0.21
323,2021-02-16,FVG,2514,1133,1381,260,275,221,1758,0,0,2398,116,ITH,ITH4,6,Friuli-Venezia Giulia,Friuli Venezia Giulia,1215220,78249,6.44,0.21
324,2021-01-14,FVG,2587,788,1799,1607,550,430,0,0,0,2587,0,ITH,ITH4,6,Friuli-Venezia Giulia,Friuli Venezia Giulia,1215220,80836,6.65,0.21
325,2021-02-27,FVG,3414,1175,2239,202,171,0,1520,25,1496,3414,0,ITH,ITH4,6,Friuli-Venezia Giulia,Friuli Venezia Giulia,1215220,84250,6.93,0.28
326,2021-01-02,FVG,1217,471,746,1150,67,0,0,0,0,1217,0,ITH,ITH4,6,Friuli-Venezia Giulia,Friuli Venezia Giulia,1215220,85467,7.03,0.1
327,2021-02-05,FVG,2613,784,1829,1612,511,490,0,0,0,90,2523,ITH,ITH4,6,Friuli-Venezia Giulia,Friuli Venezia Giulia,1215220,88080,7.25,0.22
328,2021-01-09,FVG,2518,841,1677,1519,406,593,0,0,0,2518,0,ITH,ITH4,6,Friuli-Venezia Giulia,Friuli Venezia Giulia,1215220,90598,7.46,0.21
329,2021-02-09,FVG,1848,556,1292,1053,509,286,0,0,0,1559,289,ITH,ITH4,6,Friuli-Venezia Giulia,Friuli Venezia Giulia,1215220,92446,7.61,0.15
330,2021-01-30,FVG,2271,744,1527,1475,354,442,0,0,0,270,2001,ITH,ITH4,6,Friuli-Venezia Giulia,Friuli Venezia Giulia,1215220,94717,7.79,0.19
331,2021-02-03,FVG,2646,790,1856,1701,558,386,1,0,0,23,2623,ITH,ITH4,6,Friuli-Venezia Giulia,Friuli Venezia Giulia,1215220,97363,8.01,0.22
332,2021-01-03,FVG,312,122,190,285,26,1,0,0,0,312,0,ITH,ITH4,6,Friuli-Venezia Giulia,Friuli Venezia Giulia,1215220,97675,8.04,0.03
333,2021-01-10,FVG,2941,919,2022,1745,951,245,0,0,0,2941,0,ITH,ITH4,6,Friuli-Venezia Giulia,Friuli Venezia Giulia,1215220,100616,8.28,0.24
334,2021-01-13,FVG,2651,834,1817,1822,599,230,0,0,0,2651,0,ITH,ITH4,6,Friuli-Venezia Giulia,Friuli Venezia Giulia,1215220,103267,8.5,0.22
335,2021-02-10,FVG,1352,496,856,745,487,119,0,0,1,1266,86,ITH,ITH4,6,Friuli-Venezia Giulia,Friuli Venezia Giulia,1215220,104619,8.61,0.11
336,2021-01-26,FVG,1972,647,1325,1439,152,381,0,0,0,214,1758,ITH,ITH4,6,Friuli-Venezia Giulia,Friuli Venezia Giulia,1215220,106591,8.77,0.16
337,2021-03-10,FVG,2741,1220,1521,252,310,34,1687,264,194,1378,1363,ITH,ITH4,6,Friuli-Venezia Giulia,Friuli Venezia Giulia,1215220,109332,9.0,0.23
338,2021-01-31,FVG,2713,836,1877,1692,1003,18,0,0,0,385,2328,ITH,ITH4,6,Friuli-Venezia Giulia,Friuli Venezia Giulia,1215220,112045,9.22,0.22
339,2021-01-20,FVG,750,323,427,719,31,0,0,0,0,12,738,ITH,ITH4,6,Friuli-Venezia Giulia,Friuli Venezia Giulia,1215220,112795,9.28,0.06
340,2021-01-05,FVG,1679,550,1129,1349,133,197,0,0,0,1679,0,ITH,ITH4,6,Friuli-Venezia Giulia,Friuli Venezia Giulia,1215220,114474,9.42,0.14
341,2021-01-16,FVG,1231,360,871,771,212,248,0,0,0,1231,0,ITH,ITH4,6,Friuli-Venezia Giulia,Friuli Venezia Giulia,1215220,115705,9.52,0.1
342,2021-01-12,FVG,2257,712,1545,1526,370,361,0,0,0,2257,0,ITH,ITH4,6,Friuli-Venezia Giulia,Friuli Venezia Giulia,1215220,117962,9.71,0.19
343,2021-03-09,FVG,3536,1425,2111,635,515,170,1734,60,422,1066,2470,ITH,ITH4,6,Friuli-Venezia Giulia,Friuli Venezia Giulia,1215220,121498,10.0,0.29
344,2021-01-17,FVG,1720,524,1196,674,560,486,0,0,0,1720,0,ITH,ITH4,6,Friuli-Venezia Giulia,Friuli Venezia Giulia,1215220,123218,10.14,0.14
345,2021-02-01,FVG,2093,687,1406,1587,371,135,0,0,0,14,2079,ITH,ITH4,6,Friuli-Venezia Giulia,Friuli Venezia Giulia,1215220,125311,10.31,0.17
346,2021-02-23,FVG,2610,1249,1361,105,105,206,1939,254,1,2432,178,ITH,ITH4,6,Friuli-Venezia Giulia,Friuli Venezia Giulia,1215220,127921,10.53,0.21
347,2021-02-26,FVG,3716,2087,1629,75,140,433,1737,1032,299,3570,146,ITH,ITH4,6,Friuli-Venezia Giulia,Friuli Venezia Giulia,1215220,131637,10.83,0.31
348,2021-03-05,FVG,3574,1388,2186,1043,684,33,1668,2,144,2540,1034,ITH,ITH4,6,Friuli-Venezia Giulia,Friuli Venezia Giulia,1215220,135211,11.13,0.29
349,2021-01-11,FVG,1882,609,1273,1500,336,46,0,0,0,1882,0,ITH,ITH4,6,Friuli-Venezia Giulia,Friuli Venezia Giulia,1215220,137093,11.28,0.15
350,2021-02-15,FVG,2449,908,1541,696,405,314,1034,0,0,2199,250,ITH,ITH4,6,Friuli-Venezia Giulia,Friuli Venezia Giulia,1215220,139542,11.48,0.2
351,2021-01-22,FVG,90,30,60,89,1,0,0,0,0,0,90,ITH,ITH4,6,Friuli-Venezia Giulia,Friuli Venezia Giulia,1215220,139632,11.49,0.01
352,2020-12-30,FVG,630,246,384,601,29,0,0,0,0,630,0,ITH,ITH4,6,Friuli-Venezia Giulia,Friuli Venezia Giulia,1215220,140262,11.54,0.05
353,2021-02-07,FVG,1559,483,1076,864,693,2,0,0,0,385,1174,ITH,ITH4,6,Friuli-Venezia Giulia,Friuli Venezia Giulia,1215220,141821,11.67,0.13
354,2021-01-19,FVG,7,2,5,5,0,2,0,0,0,7,0,ITH,ITH4,6,Friuli-Venezia Giulia,Friuli Venezia Giulia,1215220,141828,11.67,0.0
355,2021-02-21,FVG,799,280,519,213,177,25,383,1,0,422,377,ITH,ITH4,6,Friuli-Venezia Giulia,Friuli Venezia Giulia,1215220,142627,11.74,0.07
356,2021-02-04,FVG,2731,807,1924,1723,543,465,0,0,0,36,2695,ITH,ITH4,6,Friuli-Venezia Giulia,Friuli Venezia Giulia,1215220,145358,11.96,0.22
357,2021-01-06,FVG,709,264,445,514,195,0,0,0,0,709,0,ITH,ITH4,6,Friuli-Venezia Giulia,Friuli Venezia Giulia,1215220,146067,12.02,0.06
358,2021-02-06,PAB,2298,1025,1273,446,375,6,1470,0,1,18,2280,ITH,ITH1,4,Provincia Autonoma Bolzano / Bozen,P.A. Bolzano,533050,2298,0.43,0.43
359,2021-02-03,PAB,1445,457,988,615,441,321,68,0,0,5,1440,ITH,ITH1,4,Provincia Autonoma Bolzano / Bozen,P.A. Bolzano,533050,3743,0.7,0.27
360,2021-02-26,PAB,1366,488,878,51,136,1,846,0,332,1336,30,ITH,ITH1,4,Provincia Autonoma Bolzano / Bozen,P.A. Bolzano,533050,5109,0.96,0.26
361,2021-03-06,PAB,3945,2068,1877,481,874,7,1953,255,375,3733,212,ITH,ITH1,4,Provincia Autonoma Bolzano / Bozen,P.A. Bolzano,533050,9054,1.7,0.74
362,2021-03-07,PAB,114,13,101,59,51,0,3,0,1,9,105,ITH,ITH1,4,Provincia Autonoma Bolzano / Bozen,P.A. Bolzano,533050,9168,1.72,0.02
363,2021-01-11,PAB,1501,476,1025,532,645,174,150,0,0,1501,0,ITH,ITH1,4,Provincia Autonoma Bolzano / Bozen,P.A. Bolzano,533050,10669,2.0,0.28
364,2021-03-01,PAB,736,161,575,0,56,0,0,0,680,736,0,ITH,ITH1,4,Provincia Autonoma Bolzano / Bozen,P.A. Bolzano,533050,11405,2.14,0.14
365,2021-02-16,PAB,528,205,323,10,7,0,511,0,0,528,0,ITH,ITH1,4,Provincia Autonoma Bolzano / Bozen,P.A. Bolzano,533050,11933,2.24,0.1
366,2021-01-14,PAB,1808,539,1269,477,760,285,286,0,0,1808,0,ITH,ITH1,4,Provincia Autonoma Bolzano / Bozen,P.A. Bolzano,533050,13741,2.58,0.34
367,2021-02-02,PAB,1731,500,1231,617,500,605,9,0,0,8,1723,ITH,ITH1,4,Provincia Autonoma Bolzano / Bozen,P.A. Bolzano,533050,15472,2.9,0.32
368,2021-02-08,PAB,1,1,0,0,1,0,0,0,0,1,0,ITH,ITH1,4,Provincia Autonoma Bolzano / Bozen,P.A. Bolzano,533050,15473,2.9,0.0
369,2021-01-15,PAB,3026,1119,1907,532,898,336,1260,0,0,3026,0,ITH,ITH1,4,Provincia Autonoma Bolzano / Bozen,P.A. Bolzano,533050,18499,3.47,0.57
370,2021-01-22,PAB,241,138,103,129,23,85,3,0,1,124,117,ITH,ITH1,4,Provincia Autonoma Bolzano / Bozen,P.A. Bolzano,533050,18740,3.52,0.05
371,2021-02-05,PAB,2789,1036,1753,641,677,394,1077,0,0,6,2783,ITH,ITH1,4,Provincia Autonoma Bolzano / Bozen,P.A. Bolzano,533050,21529,4.04,0.52
372,2021-01-19,PAB,810,349,461,170,65,0,575,0,0,680,130,ITH,ITH1,4,Provincia Autonoma Bolzano / Bozen,P.A. Bolzano,533050,22339,4.19,0.15
373,2021-01-26,PAB,809,291,518,670,139,0,0,0,0,1,808,ITH,ITH1,4,Provincia Autonoma Bolzano / Bozen,P.A. Bolzano,533050,23148,4.34,0.15
374,2021-01-03,PAB,41,16,25,33,7,0,1,0,0,41,0,ITH,ITH1,4,Provincia Autonoma Bolzano / Bozen,P.A. Bolzano,533050,23189,4.35,0.01
375,2021-03-02,PAB,681,193,488,1,1,0,0,7,672,681,0,ITH,ITH1,4,Provincia Autonoma Bolzano / Bozen,P.A. Bolzano,533050,23870,4.48,0.13
376,2021-01-09,PAB,600,317,283,75,439,74,12,0,0,600,0,ITH,ITH1,4,Provincia Autonoma Bolzano / Bozen,P.A. Bolzano,533050,24470,4.59,0.11
377,2021-01-29,PAB,1488,508,980,856,331,295,2,0,4,23,1465,ITH,ITH1,4,Provincia Autonoma Bolzano / Bozen,P.A. Bolzano,533050,25958,4.87,0.28
378,2021-02-11,PAB,1030,408,622,202,383,102,343,0,0,222,808,ITH,ITH1,4,Provincia Autonoma Bolzano / Bozen,P.A. Bolzano,533050,26988,5.06,0.19
379,2021-02-10,PAB,1630,602,1028,489,559,1,581,0,0,26,1604,ITH,ITH1,4,Provincia Autonoma Bolzano / Bozen,P.A. Bolzano,533050,28618,5.37,0.31
380,2021-01-06,PAB,59,18,41,59,0,0,0,0,0,59,0,ITH,ITH1,4,Provincia Autonoma Bolzano / Bozen,P.A. Bolzano,533050,28677,5.38,0.01
381,2021-03-10,PAB,1016,352,664,653,96,0,134,55,78,872,144,ITH,ITH1,4,Provincia Autonoma Bolzano / Bozen,P.A. Bolzano,533050,29693,5.57,0.19
382,2021-03-05,PAB,1503,531,972,333,381,28,760,1,0,1063,440,ITH,ITH1,4,Provincia Autonoma Bolzano / Bozen,P.A. Bolzano,533050,31196,5.85,0.28
383,2021-02-07,PAB,2163,974,1189,99,397,1,1666,0,0,10,2153,ITH,ITH1,4,Provincia Autonoma Bolzano / Bozen,P.A. Bolzano,533050,33359,6.26,0.41
384,2021-01-05,PAB,820,283,537,718,102,0,0,0,0,820,0,ITH,ITH1,4,Provincia Autonoma Bolzano / Bozen,P.A. Bolzano,533050,34179,6.41,0.15
385,2021-01-21,PAB,915,426,489,719,101,68,27,0,0,138,777,ITH,ITH1,4,Provincia Autonoma Bolzano / Bozen,P.A. Bolzano,533050,35094,6.58,0.17
386,2021-01-04,PAB,469,191,278,397,72,0,0,0,0,469,0,ITH,ITH1,4,Provincia Autonoma Bolzano / Bozen,P.A. Bolzano,533050,35563,6.67,0.09
387,2021-02-20,PAB,1502,471,1031,196,83,24,469,1,729,1484,18,ITH,ITH1,4,Provincia Autonoma Bolzano / Bozen,P.A. Bolzano,533050,37065,6.95,0.28
388,2021-01-07,PAB,892,317,575,613,227,0,52,0,0,892,0,ITH,ITH1,4,Provincia Autonoma Bolzano / Bozen,P.A. Bolzano,533050,37957,7.12,0.17
389,2021-02-01,PAB,1385,404,981,706,382,296,0,0,1,11,1374,ITH,ITH1,4,Provincia Autonoma Bolzano / Bozen,P.A. Bolzano,533050,39342,7.38,0.26
390,2021-03-04,PAB,1669,988,681,293,598,25,40,452,261,1457,212,ITH,ITH1,4,Provincia Autonoma Bolzano / Bozen,P.A. Bolzano,533050,41011,7.69,0.31
391,2020-12-27,PAB,143,65,78,136,6,0,1,0,0,143,0,ITH,ITH1,4,Provincia Autonoma Bolzano / Bozen,P.A. Bolzano,533050,41154,7.72,0.03
392,2021-01-30,PAB,496,244,252,216,179,101,0,0,0,4,492,ITH,ITH1,4,Provincia Autonoma Bolzano / Bozen,P.A. Bolzano,533050,41650,7.81,0.09
393,2021-01-24,PAB,12,10,2,1,11,0,0,0,0,0,12,ITH,ITH1,4,Provincia Autonoma Bolzano / Bozen,P.A. Bolzano,533050,41662,7.82,0.0
394,2021-02-13,PAB,318,79,239,126,184,7,1,0,0,312,6,ITH,ITH1,4,Provincia Autonoma Bolzano / Bozen,P.A. Bolzano,533050,41980,7.88,0.06
395,2021-02-22,PAB,517,141,376,336,167,0,4,0,10,510,7,ITH,ITH1,4,Provincia Autonoma Bolzano / Bozen,P.A. Bolzano,533050,42497,7.97,0.1
396,2021-02-12,PAB,720,213,507,312,295,104,7,2,0,475,245,ITH,ITH1,4,Provincia Autonoma Bolzano / Bozen,P.A. Bolzano,533050,43217,8.11,0.14
397,2021-02-24,PAB,1361,403,958,10,3,0,0,0,1348,1349,12,ITH,ITH1,4,Provincia Autonoma Bolzano / Bozen,P.A. Bolzano,533050,44578,8.36,0.26
398,2021-01-27,PAB,84,28,56,54,30,0,0,0,0,1,83,ITH,ITH1,4,Provincia Autonoma Bolzano / Bozen,P.A. Bolzano,533050,44662,8.38,0.02
399,2021-03-09,PAB,1185,540,645,29,101,21,915,72,47,1183,2,ITH,ITH1,4,Provincia Autonoma Bolzano / Bozen,P.A. Bolzano,533050,45847,8.6,0.22
400,2021-01-23,PAB,195,115,80,183,12,0,0,0,0,0,195,ITH,ITH1,4,Provincia Autonoma Bolzano / Bozen,P.A. Bolzano,533050,46042,8.64,0.04
401,2021-02-27,PAB,2454,758,1696,202,128,8,881,3,1232,2445,9,ITH,ITH1,4,Provincia Autonoma Bolzano / Bozen,P.A. Bolzano,533050,48496,9.1,0.46
402,2021-01-25,PAB,462,177,285,380,80,0,1,0,1,3,459,ITH,ITH1,4,Provincia Autonoma Bolzano / Bozen,P.A. Bolzano,533050,48958,9.18,0.09
403,2021-01-17,PAB,2270,1025,1245,54,236,19,1961,0,0,2259,11,ITH,ITH1,4,Provincia Autonoma Bolzano / Bozen,P.A. Bolzano,533050,51228,9.61,0.43
404,2021-02-04,PAB,1840,556,1284,623,598,405,214,0,0,8,1832,ITH,ITH1,4,Provincia Autonoma Bolzano / Bozen,P.A. Bolzano,533050,53068,9.96,0.35
405,2021-01-28,PAB,867,307,560,584,214,69,0,0,0,10,857,ITH,ITH1,4,Provincia Autonoma Bolzano / Bozen,P.A. Bolzano,533050,53935,10.12,0.16
406,2021-02-09,PAB,317,126,191,64,22,2,227,0,2,1,316,ITH,ITH1,4,Provincia Autonoma Bolzano / Bozen,P.A. Bolzano,533050,54252,10.18,0.06
407,2021-01-12,PAB,1527,398,1129,299,680,475,73,0,0,1527,0,ITH,ITH1,4,Provincia Autonoma Bolzano / Bozen,P.A. Bolzano,533050,55779,10.46,0.29
408,2021-02-25,PAB,1494,548,946,22,340,0,727,0,405,1493,1,ITH,ITH1,4,Provincia Autonoma Bolzano / Bozen,P.A. Bolzano,533050,57273,10.74,0.28
409,2021-03-03,PAB,811,240,571,12,7,6,0,51,735,798,13,ITH,ITH1,4,Provincia Autonoma Bolzano / Bozen,P.A. Bolzano,533050,58084,10.9,0.15
410,2021-02-18,PAB,1639,400,1239,23,312,20,3,0,1281,1635,4,ITH,ITH1,4,Provincia Autonoma Bolzano / Bozen,P.A. Bolzano,533050,59723,11.2,0.31
411,2021-01-08,PAB,1488,469,1019,760,466,166,96,0,0,1488,0,ITH,ITH1,4,Provincia Autonoma Bolzano / Bozen,P.A. Bolzano,533050,61211,11.48,0.28
412,2020-12-31,PAB,867,497,370,440,427,0,0,0,0,867,0,ITH,ITH1,4,Provincia Autonoma Bolzano / Bozen,P.A. Bolzano,533050,62078,11.65,0.16
413,2021-02-19,PAB,1956,448,1508,121,250,73,7,0,1505,1945,11,ITH,ITH1,4,Provincia Autonoma Bolzano / Bozen,P.A. Bolzano,533050,64034,12.01,0.37
414,2021-01-16,PAB,2748,1229,1519,449,360,77,1861,0,1,2748,0,ITH,ITH1,4,Provincia Autonoma Bolzano / Bozen,P.A. Bolzano,533050,66782,12.53,0.52
415,2021-02-15,PAB,72,42,30,17,10,40,5,0,0,26,46,ITH,ITH1,4,Provincia Autonoma Bolzano / Bozen,P.A. Bolzano,533050,66854,12.54,0.01
416,2021-01-01,PAB,1,1,0,1,0,0,0,0,0,1,0,ITH,ITH1,4,Provincia Autonoma Bolzano / Bozen,P.A. Bolzano,533050,66855,12.54,0.0
417,2021-02-17,PAB,4,1,3,1,2,0,1,0,0,2,2,ITH,ITH1,4,Provincia Autonoma Bolzano / Bozen,P.A. Bolzano,533050,66859,12.54,0.0
418,2021-02-23,PAB,762,320,442,0,58,0,620,0,84,757,5,ITH,ITH1,4,Provincia Autonoma Bolzano / Bozen,P.A. Bolzano,533050,67621,12.69,0.14
419,2021-01-20,PAB,609,248,361,283,76,0,250,0,0,401,208,ITH,ITH1,4,Provincia Autonoma Bolzano / Bozen,P.A. Bolzano,533050,68230,12.8,0.11
420,2021-03-08,PAB,1059,454,605,23,284,37,712,0,3,1034,25,ITH,ITH1,4,Provincia Autonoma Bolzano / Bozen,P.A. Bolzano,533050,69289,13.0,0.2
421,2021-01-10,PAB,2,2,0,1,1,0,0,0,0,2,0,ITH,ITH1,4,Provincia Autonoma Bolzano / Bozen,P.A. Bolzano,533050,69291,13.0,0.0
422,2021-01-18,PAB,1656,638,1018,369,299,7,981,0,0,1652,4,ITH,ITH1,4,Provincia Autonoma Bolzano / Bozen,P.A. Bolzano,533050,70947,13.31,0.31
423,2021-01-02,PAB,91,48,43,69,22,0,0,0,0,91,0,ITH,ITH1,4,Provincia Autonoma Bolzano / Bozen,P.A. Bolzano,533050,71038,13.33,0.02
424,2020-12-30,PAB,362,168,194,321,41,0,0,0,0,362,0,ITH,ITH1,4,Provincia Autonoma Bolzano / Bozen,P.A. Bolzano,533050,71400,13.39,0.07
425,2021-01-13,PAB,1316,409,907,367,588,255,106,0,0,1316,0,ITH,ITH1,4,Provincia Autonoma Bolzano / Bozen,P.A. Bolzano,533050,72716,13.64,0.25
426,2021-03-03,PUG,16068,6439,9629,2012,1089,192,5722,801,6252,14247,1821,ITF,ITF4,16,Puglia,Puglia,4029053,16068,0.4,0.4
427,2021-01-13,PUG,4532,1726,2806,3966,334,230,0,0,2,4532,0,ITF,ITF4,16,Puglia,Puglia,4029053,20600,0.51,0.11
428,2021-02-23,PUG,9116,4317,4799,1733,468,139,5366,399,1011,8693,423,ITF,ITF4,16,Puglia,Puglia,4029053,29716,0.74,0.23
429,2021-03-07,PUG,4745,1860,2885,910,230,2,1527,300,1776,4174,571,ITF,ITF4,16,Puglia,Puglia,4029053,34461,0.86,0.12
430,2021-01-31,PUG,1806,826,980,1500,104,198,2,0,2,74,1732,ITF,ITF4,16,Puglia,Puglia,4029053,36267,0.9,0.04
431,2021-01-21,PUG,2129,903,1226,1429,174,526,0,0,0,1270,859,ITF,ITF4,16,Puglia,Puglia,4029053,38396,0.95,0.05
432,2021-01-22,PUG,1408,578,830,876,157,373,1,0,1,991,417,ITF,ITF4,16,Puglia,Puglia,4029053,39804,0.99,0.03
433,2021-02-10,PUG,3603,1425,2178,2491,247,864,0,0,1,2122,1481,ITF,ITF4,16,Puglia,Puglia,4029053,43407,1.08,0.09
434,2021-03-08,PUG,13614,5783,7831,2074,1127,188,6505,510,3210,11277,2337,ITF,ITF4,16,Puglia,Puglia,4029053,57021,1.42,0.34
435,2021-01-09,PUG,4867,2245,2622,4313,303,246,4,0,1,4867,0,ITF,ITF4,16,Puglia,Puglia,4029053,61888,1.54,0.12
436,2021-02-15,PUG,3189,1240,1949,2224,523,433,0,6,3,2599,590,ITF,ITF4,16,Puglia,Puglia,4029053,65077,1.62,0.08
437,2021-02-24,PUG,9665,4519,5146,1865,709,117,6057,364,553,9078,587,ITF,ITF4,16,Puglia,Puglia,4029053,74742,1.86,0.24
438,2021-01-29,PUG,6188,2658,3530,5465,432,288,0,0,3,436,5752,ITF,ITF4,16,Puglia,Puglia,4029053,80930,2.01,0.15
439,2021-02-12,PUG,4092,1626,2466,2932,451,690,4,10,5,3002,1090,ITF,ITF4,16,Puglia,Puglia,4029053,85022,2.11,0.1
440,2021-01-27,PUG,4338,1851,2487,3815,229,292,0,0,2,543,3795,ITF,ITF4,16,Puglia,Puglia,4029053,89360,2.22,0.11
441,2021-01-19,PUG,1221,452,769,527,117,577,0,0,0,1211,10,ITF,ITF4,16,Puglia,Puglia,4029053,90581,2.25,0.03
442,2021-03-02,PUG,15371,5808,9563,1372,1282,112,4267,1226,7112,14079,1292,ITF,ITF4,16,Puglia,Puglia,4029053,105952,2.63,0.38
443,2021-01-04,PUG,4503,2012,2491,4371,120,11,0,0,1,4503,0,ITF,ITF4,16,Puglia,Puglia,4029053,110455,2.74,0.11
444,2021-01-28,PUG,5463,2270,3193,4758,376,327,0,0,2,474,4989,ITF,ITF4,16,Puglia,Puglia,4029053,115918,2.88,0.14
445,2021-02-20,PUG,2948,1073,1875,2108,260,167,3,4,406,2693,255,ITF,ITF4,16,Puglia,Puglia,4029053,118866,2.95,0.07
446,2021-01-07,PUG,5707,2448,3259,5210,276,217,0,1,3,5707,0,ITF,ITF4,16,Puglia,Puglia,4029053,124573,3.09,0.14
447,2021-02-01,PUG,3957,1656,2301,3439,300,209,0,4,5,375,3582,ITF,ITF4,16,Puglia,Puglia,4029053,128530,3.19,0.1
448,2020-12-27,PUG,506,249,257,401,42,63,0,0,0,506,0,ITF,ITF4,16,Puglia,Puglia,4029053,129036,3.2,0.01
449,2021-02-03,PUG,5026,1998,3028,4361,478,184,0,0,3,728,4298,ITF,ITF4,16,Puglia,Puglia,4029053,134062,3.33,0.12
450,2021-02-26,PUG,13280,4788,8492,2082,817,278,4972,524,4607,12263,1017,ITF,ITF4,16,Puglia,Puglia,4029053,147342,3.66,0.33
451,2021-01-23,PUG,3036,1291,1745,2522,206,307,0,0,1,885,2151,ITF,ITF4,16,Puglia,Puglia,4029053,150378,3.73,0.08
452,2021-02-13,PUG,3710,1449,2261,2871,519,291,4,18,7,3018,692,ITF,ITF4,16,Puglia,Puglia,4029053,154088,3.82,0.09
453,2020-12-31,PUG,1634,782,852,1549,38,44,0,0,3,1634,0,ITF,ITF4,16,Puglia,Puglia,4029053,155722,3.86,0.04
454,2021-01-18,PUG,1844,770,1074,1182,216,446,0,0,0,1495,349,ITF,ITF4,16,Puglia,Puglia,4029053,157566,3.91,0.05
455,2021-01-06,PUG,3772,1610,2162,3175,321,276,0,0,0,3772,0,ITF,ITF4,16,Puglia,Puglia,4029053,161338,4.0,0.09
456,2021-01-10,PUG,2346,1060,1286,2035,109,202,0,0,0,2346,0,ITF,ITF4,16,Puglia,Puglia,4029053,163684,4.06,0.06
457,2020-12-30,PUG,1,0,1,1,0,0,0,0,0,1,0,ITF,ITF4,16,Puglia,Puglia,4029053,163685,4.06,0.0
458,2021-02-07,PUG,1333,599,734,951,220,162,0,0,0,246,1087,ITF,ITF4,16,Puglia,Puglia,4029053,165018,4.1,0.03
459,2021-01-05,PUG,5096,2244,2852,4740,249,98,5,0,4,5096,0,ITF,ITF4,16,Puglia,Puglia,4029053,170114,4.22,0.13
460,2021-01-26,PUG,5361,2398,2963,4847,281,232,1,0,0,574,4787,ITF,ITF4,16,Puglia,Puglia,4029053,175475,4.36,0.13
461,2021-02-05,PUG,5621,2268,3353,4561,525,526,0,3,6,1324,4297,ITF,ITF4,16,Puglia,Puglia,4029053,181096,4.49,0.14
462,2021-02-06,PUG,4423,1898,2525,3456,487,478,0,0,2,1584,2839,ITF,ITF4,16,Puglia,Puglia,4029053,185519,4.6,0.11
463,2021-01-24,PUG,1639,738,901,1271,226,141,1,0,0,123,1516,ITF,ITF4,16,Puglia,Puglia,4029053,187158,4.65,0.04
464,2021-03-05,PUG,16544,6624,9920,2294,1217,272,5164,990,6607,14388,2156,ITF,ITF4,16,Puglia,Puglia,4029053,203702,5.06,0.41
465,2021-01-30,PUG,5522,2510,3012,4746,348,419,3,0,6,412,5110,ITF,ITF4,16,Puglia,Puglia,4029053,209224,5.19,0.14
466,2021-01-17,PUG,1297,586,711,821,147,329,0,0,0,1228,69,ITF,ITF4,16,Puglia,Puglia,4029053,210521,5.23,0.03
467,2021-02-27,PUG,13406,4470,8936,1573,774,190,4531,344,5994,12233,1173,ITF,ITF4,16,Puglia,Puglia,4029053,223927,5.56,0.33
468,2021-02-04,PUG,5784,2322,3462,4388,810,580,0,0,6,1163,4621,ITF,ITF4,16,Puglia,Puglia,4029053,229711,5.7,0.14
469,2021-01-14,PUG,4055,1582,2473,3160,394,499,0,0,2,4055,0,ITF,ITF4,16,Puglia,Puglia,4029053,233766,5.8,0.1
470,2021-01-20,PUG,1468,524,944,706,165,597,0,0,0,1460,8,ITF,ITF4,16,Puglia,Puglia,4029053,235234,5.84,0.04
471,2021-02-18,PUG,4323,1825,2498,2698,948,668,5,2,2,3738,585,ITF,ITF4,16,Puglia,Puglia,4029053,239557,5.95,0.11
472,2021-01-02,PUG,2945,1297,1648,2826,92,23,0,0,4,2945,0,ITF,ITF4,16,Puglia,Puglia,4029053,242502,6.02,0.07
473,2021-01-11,PUG,3749,1587,2162,3212,357,175,0,3,2,3749,0,ITF,ITF4,16,Puglia,Puglia,4029053,246251,6.11,0.09
474,2021-02-21,PUG,2148,465,1683,536,91,47,30,12,1432,2087,61,ITF,ITF4,16,Puglia,Puglia,4029053,248399,6.17,0.05
475,2021-01-16,PUG,2502,1033,1469,1680,306,515,0,0,1,2502,0,ITF,ITF4,16,Puglia,Puglia,4029053,250901,6.23,0.06
476,2021-02-02,PUG,4274,1814,2460,3590,383,298,0,0,3,545,3729,ITF,ITF4,16,Puglia,Puglia,4029053,255175,6.33,0.11
477,2021-01-15,PUG,4545,1859,2686,3593,388,557,0,3,4,4545,0,ITF,ITF4,16,Puglia,Puglia,4029053,259720,6.45,0.11
478,2021-02-16,PUG,3374,1448,1926,2129,811,412,4,16,2,2729,645,ITF,ITF4,16,Puglia,Puglia,4029053,263094,6.53,0.08
479,2021-02-19,PUG,4638,1963,2675,2995,1237,348,2,49,7,4247,391,ITF,ITF4,16,Puglia,Puglia,4029053,267732,6.65,0.12
480,2021-01-03,PUG,2004,942,1062,1814,44,145,0,0,1,2004,0,ITF,ITF4,16,Puglia,Puglia,4029053,269736,6.69,0.05
481,2021-02-14,PUG,784,348,436,681,32,70,0,0,1,662,122,ITF,ITF4,16,Puglia,Puglia,4029053,270520,6.71,0.02
482,2021-01-12,PUG,4202,1765,2437,3628,350,218,1,0,5,4202,0,ITF,ITF4,16,Puglia,Puglia,4029053,274722,6.82,0.1
483,2021-01-01,PUG,146,60,86,145,1,0,0,0,0,146,0,ITF,ITF4,16,Puglia,Puglia,4029053,274868,6.82,0.0
484,2021-03-04,PUG,14497,5689,8808,1514,1210,246,4526,1224,5777,13196,1301,ITF,ITF4,16,Puglia,Puglia,4029053,289365,7.18,0.36
485,2021-02-11,PUG,3605,1372,2233,2544,389,669,0,0,3,2333,1272,ITF,ITF4,16,Puglia,Puglia,4029053,292970,7.27,0.09
486,2021-01-25,PUG,3820,1676,2144,3470,179,168,2,0,1,423,3397,ITF,ITF4,16,Puglia,Puglia,4029053,296790,7.37,0.09
487,2021-02-08,PUG,3959,1593,2366,2932,611,389,1,25,1,1570,2389,ITF,ITF4,16,Puglia,Puglia,4029053,300749,7.46,0.1
488,2021-02-22,PUG,9453,4450,5003,1397,718,140,6667,221,310,9124,329,ITF,ITF4,16,Puglia,Puglia,4029053,310202,7.7,0.23
489,2021-03-09,PUG,11838,5185,6653,1750,849,188,4847,994,3210,9902,1936,ITF,ITF4,16,Puglia,Puglia,4029053,322040,7.99,0.29
490,2021-03-10,PUG,12620,5474,7146,2376,1155,266,5364,573,2886,9809,2811,ITF,ITF4,16,Puglia,Puglia,4029053,334660,8.31,0.31
491,2021-02-17,PUG,4254,1738,2516,2445,1209,598,1,0,1,3657,597,ITF,ITF4,16,Puglia,Puglia,4029053,338914,8.41,0.11
492,2021-02-28,PUG,5715,1755,3960,559,258,25,1483,194,3196,5529,186,ITF,ITF4,16,Puglia,Puglia,4029053,344629,8.55,0.14
493,2021-03-06,PUG,14727,5596,9131,2095,752,70,4964,488,6358,12766,1961,ITF,ITF4,16,Puglia,Puglia,4029053,359356,8.92,0.37
494,2021-01-08,PUG,5572,2335,3237,4843,401,325,0,0,3,5572,0,ITF,ITF4,16,Puglia,Puglia,4029053,364928,9.06,0.14
495,2021-03-01,PUG,14714,5726,8988,1945,907,69,5976,817,5000,13352,1362,ITF,ITF4,16,Puglia,Puglia,4029053,379642,9.42,0.37
496,2021-02-09,PUG,3833,1567,2266,2532,667,621,8,0,5,2161,1672,ITF,ITF4,16,Puglia,Puglia,4029053,383475,9.52,0.1
497,2021-02-25,PUG,11406,4874,6532,1640,863,403,5504,723,2273,10298,1108,ITF,ITF4,16,Puglia,Puglia,4029053,394881,9.8,0.28
498,2021-03-05,EMR,17243,5622,11621,3035,1421,240,6221,528,5798,13864,3379,ITH,ITH5,8,Emilia-Romagna,Emilia-Romagna,4459477,17243,0.39,0.39
499,2021-01-30,EMR,10037,3508,6529,7562,1706,769,0,0,0,143,9894,ITH,ITH5,8,Emilia-Romagna,Emilia-Romagna,4459477,27280,0.61,0.23
500,2021-01-11,EMR,9321,3265,6056,6572,1482,1267,0,0,0,9321,0,ITH,ITH5,8,Emilia-Romagna,Emilia-Romagna,4459477,36601,0.82,0.21
501,2021-01-25,EMR,6413,2128,4285,5231,504,678,0,0,0,221,6192,ITH,ITH5,8,Emilia-Romagna,Emilia-Romagna,4459477,43014,0.96,0.14
502,2021-03-04,EMR,16109,5262,10847,2590,1159,239,6345,511,5265,13124,2985,ITH,ITH5,8,Emilia-Romagna,Emilia-Romagna,4459477,59123,1.33,0.36
503,2021-01-24,EMR,2442,883,1559,2078,114,250,0,0,0,300,2142,ITH,ITH5,8,Emilia-Romagna,Emilia-Romagna,4459477,61565,1.38,0.05
504,2021-01-06,EMR,8260,2940,5320,6848,761,650,0,1,0,8260,0,ITH,ITH5,8,Emilia-Romagna,Emilia-Romagna,4459477,69825,1.57,0.19
505,2021-01-31,EMR,7692,2758,4934,6172,1259,261,0,0,0,242,7450,ITH,ITH5,8,Emilia-Romagna,Emilia-Romagna,4459477,77517,1.74,0.17
506,2021-02-25,EMR,9147,3470,5677,791,516,140,7615,0,85,8196,951,ITH,ITH5,8,Emilia-Romagna,Emilia-Romagna,4459477,86664,1.94,0.21
507,2021-02-02,EMR,9430,3030,6400,6230,1490,1629,80,0,1,496,8934,ITH,ITH5,8,Emilia-Romagna,Emilia-Romagna,4459477,96094,2.15,0.21
508,2021-03-06,EMR,19936,5724,14212,2671,908,40,5805,515,9997,17266,2670,ITH,ITH5,8,Emilia-Romagna,Emilia-Romagna,4459477,116030,2.6,0.45
509,2021-01-22,EMR,1827,477,1350,941,164,722,0,0,0,1088,739,ITH,ITH5,8,Emilia-Romagna,Emilia-Romagna,4459477,117857,2.64,0.04
510,2021-01-21,EMR,2150,725,1425,1281,216,653,0,0,0,809,1341,ITH,ITH5,8,Emilia-Romagna,Emilia-Romagna,4459477,120007,2.69,0.05
511,2021-02-19,EMR,7284,3000,4284,819,387,257,5821,0,0,6780,504,ITH,ITH5,8,Emilia-Romagna,Emilia-Romagna,4459477,127291,2.85,0.16
512,2021-02-09,EMR,4140,1243,2897,2217,467,1198,258,0,0,2295,1845,ITH,ITH5,8,Emilia-Romagna,Emilia-Romagna,4459477,131431,2.95,0.09
513,2021-01-19,EMR,2039,502,1537,745,135,1159,0,0,0,2022,17,ITH,ITH5,8,Emilia-Romagna,Emilia-Romagna,4459477,133470,2.99,0.05
514,2021-01-18,EMR,3125,879,2246,1681,316,1128,0,0,0,2448,677,ITH,ITH5,8,Emilia-Romagna,Emilia-Romagna,4459477,136595,3.06,0.07
515,2021-01-10,EMR,7124,2662,4462,5641,977,499,6,0,1,7124,0,ITH,ITH5,8,Emilia-Romagna,Emilia-Romagna,4459477,143719,3.22,0.16
516,2021-01-12,EMR,9313,3084,6229,6350,1332,1631,0,0,0,9313,0,ITH,ITH5,8,Emilia-Romagna,Emilia-Romagna,4459477,153032,3.43,0.21
517,2021-02-20,EMR,5306,2100,3206,407,238,155,4506,0,0,5042,264,ITH,ITH5,8,Emilia-Romagna,Emilia-Romagna,4459477,158338,3.55,0.12
518,2021-03-10,EMR,17060,6955,10105,1224,1086,58,9636,1112,3944,11587,5473,ITH,ITH5,8,Emilia-Romagna,Emilia-Romagna,4459477,175398,3.93,0.38
519,2021-02-26,EMR,7527,2851,4676,1007,622,217,5387,0,294,6492,1035,ITH,ITH5,8,Emilia-Romagna,Emilia-Romagna,4459477,182925,4.1,0.17
520,2021-01-13,EMR,9062,2938,6124,6005,1312,1744,0,0,1,9062,0,ITH,ITH5,8,Emilia-Romagna,Emilia-Romagna,4459477,191987,4.31,0.2
521,2021-02-06,EMR,7515,2375,5140,5358,946,1172,39,0,0,2109,5406,ITH,ITH5,8,Emilia-Romagna,Emilia-Romagna,4459477,199502,4.47,0.17
522,2021-02-15,EMR,2890,845,2045,1981,463,157,289,0,0,2764,126,ITH,ITH5,8,Emilia-Romagna,Emilia-Romagna,4459477,202392,4.54,0.06
523,2021-02-10,EMR,3933,1353,2580,2330,573,775,255,0,0,2733,1200,ITH,ITH5,8,Emilia-Romagna,Emilia-Romagna,4459477,206325,4.63,0.09
524,2021-01-27,EMR,8315,2933,5382,6885,775,654,0,1,0,463,7852,ITH,ITH5,8,Emilia-Romagna,Emilia-Romagna,4459477,214640,4.81,0.19
525,2021-03-09,EMR,13944,5633,8311,1021,877,161,7445,1072,3368,10066,3878,ITH,ITH5,8,Emilia-Romagna,Emilia-Romagna,4459477,228584,5.13,0.31
526,2020-12-27,EMR,968,372,596,824,118,26,0,0,0,968,0,ITH,ITH5,8,Emilia-Romagna,Emilia-Romagna,4459477,229552,5.15,0.02
527,2021-01-17,EMR,2889,887,2002,1913,425,547,0,0,4,2643,246,ITH,ITH5,8,Emilia-Romagna,Emilia-Romagna,4459477,232441,5.21,0.06
528,2020-12-31,EMR,2205,776,1429,1675,203,327,0,0,0,2205,0,ITH,ITH5,8,Emilia-Romagna,Emilia-Romagna,4459477,234646,5.26,0.05
529,2021-01-05,EMR,9323,3163,6160,7924,635,764,0,0,0,9323,0,ITH,ITH5,8,Emilia-Romagna,Emilia-Romagna,4459477,243969,5.47,0.21
530,2021-01-02,EMR,2347,903,1444,2071,79,197,0,0,0,2347,0,ITH,ITH5,8,Emilia-Romagna,Emilia-Romagna,4459477,246316,5.52,0.05
531,2021-01-20,EMR,1321,269,1052,391,143,787,0,0,0,1320,1,ITH,ITH5,8,Emilia-Romagna,Emilia-Romagna,4459477,247637,5.55,0.03
532,2021-02-07,EMR,4786,1534,3252,3685,644,444,10,0,3,1727,3059,ITH,ITH5,8,Emilia-Romagna,Emilia-Romagna,4459477,252423,5.66,0.11
533,2021-02-08,EMR,5177,1518,3659,2827,693,1478,178,0,1,2282,2895,ITH,ITH5,8,Emilia-Romagna,Emilia-Romagna,4459477,257600,5.78,0.12
534,2021-01-07,EMR,10207,3381,6826,8180,959,1068,0,0,0,10207,0,ITH,ITH5,8,Emilia-Romagna,Emilia-Romagna,4459477,267807,6.01,0.23
535,2021-02-23,EMR,8183,3207,4976,407,316,111,7348,0,1,7799,384,ITH,ITH5,8,Emilia-Romagna,Emilia-Romagna,4459477,275990,6.19,0.18
536,2021-02-22,EMR,7452,3078,4374,385,220,129,6718,0,0,7189,263,ITH,ITH5,8,Emilia-Romagna,Emilia-Romagna,4459477,283442,6.36,0.17
537,2021-02-01,EMR,10289,3595,6694,7446,1584,1259,0,0,0,366,9923,ITH,ITH5,8,Emilia-Romagna,Emilia-Romagna,4459477,293731,6.59,0.23
538,2021-03-08,EMR,11312,4471,6841,2289,1001,295,4257,1211,2259,8704,2608,ITH,ITH5,8,Emilia-Romagna,Emilia-Romagna,4459477,305043,6.84,0.25
539,2021-01-15,EMR,7698,2392,5306,5296,1084,1317,0,0,1,7698,0,ITH,ITH5,8,Emilia-Romagna,Emilia-Romagna,4459477,312741,7.01,0.17
540,2021-01-29,EMR,10325,3476,6849,8080,1228,1017,0,0,0,289,10036,ITH,ITH5,8,Emilia-Romagna,Emilia-Romagna,4459477,323066,7.24,0.23
541,2021-02-12,EMR,5299,1672,3627,3391,916,705,287,0,0,3899,1400,ITH,ITH5,8,Emilia-Romagna,Emilia-Romagna,4459477,328365,7.36,0.12
542,2021-01-23,EMR,2443,868,1575,1899,114,430,0,0,0,441,2002,ITH,ITH5,8,Emilia-Romagna,Emilia-Romagna,4459477,330808,7.42,0.05
543,2021-03-07,EMR,6493,2427,4066,1450,736,22,2555,513,1217,4982,1511,ITH,ITH5,8,Emilia-Romagna,Emilia-Romagna,4459477,337301,7.56,0.15
544,2021-03-02,EMR,11518,3790,7728,1918,779,221,5252,355,2993,9544,1974,ITH,ITH5,8,Emilia-Romagna,Emilia-Romagna,4459477,348819,7.82,0.26
545,2021-01-14,EMR,8084,2572,5512,5390,1088,1605,0,1,0,8084,0,ITH,ITH5,8,Emilia-Romagna,Emilia-Romagna,4459477,356903,8.0,0.18
546,2021-03-01,EMR,9942,3528,6414,1810,596,412,5575,309,1240,7713,2229,ITH,ITH5,8,Emilia-Romagna,Emilia-Romagna,4459477,366845,8.23,0.22
547,2021-02-17,EMR,6532,2760,3772,802,1280,404,4046,0,0,5759,773,ITH,ITH5,8,Emilia-Romagna,Emilia-Romagna,4459477,373377,8.37,0.15
548,2021-02-16,EMR,5727,2426,3301,743,907,437,3640,0,0,5198,529,ITH,ITH5,8,Emilia-Romagna,Emilia-Romagna,4459477,379104,8.5,0.13
549,2021-02-18,EMR,7040,2890,4150,891,530,236,5383,0,0,6458,582,ITH,ITH5,8,Emilia-Romagna,Emilia-Romagna,4459477,386144,8.66,0.16
550,2021-02-27,EMR,10928,3980,6948,1719,486,114,7671,0,938,9198,1730,ITH,ITH5,8,Emilia-Romagna,Emilia-Romagna,4459477,397072,8.9,0.25
551,2021-01-09,EMR,9872,3424,6448,7824,1168,880,0,0,0,9872,0,ITH,ITH5,8,Emilia-Romagna,Emilia-Romagna,4459477,406944,9.13,0.22
552,2021-01-08,EMR,10807,3554,7253,8453,1274,1080,0,0,0,10807,0,ITH,ITH5,8,Emilia-Romagna,Emilia-Romagna,4459477,417751,9.37,0.24
553,2021-02-24,EMR,9261,3539,5722,624,594,216,7764,0,63,8407,854,ITH,ITH5,8,Emilia-Romagna,Emilia-Romagna,4459477,427012,9.58,0.21
554,2021-02-14,EMR,1397,377,1020,857,482,39,19,0,0,1277,120,ITH,ITH5,8,Emilia-Romagna,Emilia-Romagna,4459477,428409,9.61,0.03
555,2021-02-21,EMR,4404,1693,2711,395,266,190,3553,0,0,3967,437,ITH,ITH5,8,Emilia-Romagna,Emilia-Romagna,4459477,432813,9.71,0.1
556,2021-02-28,EMR,6799,2520,4279,1769,460,53,4219,4,294,4956,1843,ITH,ITH5,8,Emilia-Romagna,Emilia-Romagna,4459477,439612,9.86,0.15
557,2021-01-28,EMR,10220,3333,6887,8068,1030,1122,0,0,0,348,9872,ITH,ITH5,8,Emilia-Romagna,Emilia-Romagna,4459477,449832,10.09,0.23
558,2021-03-03,EMR,15543,5160,10383,2523,1045,160,6796,340,4679,13101,2442,ITH,ITH5,8,Emilia-Romagna,Emilia-Romagna,4459477,465375,10.44,0.35
559,2021-01-04,EMR,7257,2510,4747,6164,516,577,0,0,0,7257,0,ITH,ITH5,8,Emilia-Romagna,Emilia-Romagna,4459477,472632,10.6,0.16
560,2021-02-03,EMR,9268,2971,6297,6226,1340,1617,85,0,0,953,8315,ITH,ITH5,8,Emilia-Romagna,Emilia-Romagna,4459477,481900,10.81,0.21
561,2021-01-03,EMR,2729,934,1795,2479,80,170,0,0,0,2729,0,ITH,ITH5,8,Emilia-Romagna,Emilia-Romagna,4459477,484629,10.87,0.06
562,2021-01-16,EMR,5592,1717,3875,3687,793,1108,0,3,1,5592,0,ITH,ITH5,8,Emilia-Romagna,Emilia-Romagna,4459477,490221,10.99,0.13
563,2021-02-13,EMR,3603,1077,2526,2779,493,145,186,0,0,3005,598,ITH,ITH5,8,Emilia-Romagna,Emilia-Romagna,4459477,493824,11.07,0.08
564,2021-01-26,EMR,8325,3000,5325,6599,694,1032,0,0,0,218,8107,ITH,ITH5,8,Emilia-Romagna,Emilia-Romagna,4459477,502149,11.26,0.19
565,2021-02-04,EMR,9902,3190,6712,6427,1683,1674,118,0,0,1239,8663,ITH,ITH5,8,Emilia-Romagna,Emilia-Romagna,4459477,512051,11.48,0.22
566,2021-02-05,EMR,9292,2959,6333,6210,1287,1607,187,0,1,1624,7668,ITH,ITH5,8,Emilia-Romagna,Emilia-Romagna,4459477,521343,11.69,0.21
567,2021-02-11,EMR,4242,1413,2829,2527,661,719,333,0,2,3403,839,ITH,ITH5,8,Emilia-Romagna,Emilia-Romagna,4459477,525585,11.79,0.1
568,2021-02-15,ABR,1796,831,965,625,487,221,217,246,0,1754,42,ITF,ITF1,13,Abruzzo,Abruzzo,1304970,1796,0.14,0.14
569,2021-01-03,ABR,471,185,286,464,7,0,0,0,0,471,0,ITF,ITF1,13,Abruzzo,Abruzzo,1304970,2267,0.17,0.04
570,2021-02-03,ABR,2061,717,1344,1541,402,118,0,0,0,419,1642,ITF,ITF1,13,Abruzzo,Abruzzo,1304970,4328,0.33,0.16
571,2021-01-28,ABR,1433,495,938,1370,62,1,0,0,0,12,1421,ITF,ITF1,13,Abruzzo,Abruzzo,1304970,5761,0.44,0.11
572,2020-12-27,ABR,37,19,18,34,1,2,0,0,0,37,0,ITF,ITF1,13,Abruzzo,Abruzzo,1304970,5798,0.44,0.0
573,2021-03-01,ABR,3485,1390,2095,697,293,174,1911,128,282,2722,763,ITF,ITF1,13,Abruzzo,Abruzzo,1304970,9283,0.71,0.27
574,2021-03-08,ABR,5126,1668,3458,1190,507,112,1019,104,2194,4152,974,ITF,ITF1,13,Abruzzo,Abruzzo,1304970,14409,1.1,0.39
575,2021-03-05,ABR,5260,1936,3324,561,457,107,2581,202,1352,4563,697,ITF,ITF1,13,Abruzzo,Abruzzo,1304970,19669,1.51,0.4
576,2021-01-22,ABR,118,57,61,2,4,112,0,0,0,118,0,ITF,ITF1,13,Abruzzo,Abruzzo,1304970,19787,1.52,0.01
577,2021-02-26,ABR,3919,1671,2248,1025,565,160,1650,257,262,2950,969,ITF,ITF1,13,Abruzzo,Abruzzo,1304970,23706,1.82,0.3
578,2021-01-12,ABR,1804,666,1138,1470,334,0,0,0,0,1804,0,ITF,ITF1,13,Abruzzo,Abruzzo,1304970,25510,1.95,0.14
579,2021-02-12,ABR,968,319,649,438,220,310,0,0,0,779,189,ITF,ITF1,13,Abruzzo,Abruzzo,1304970,26478,2.03,0.07
580,2021-03-06,ABR,4172,1353,2819,432,368,52,1748,15,1557,3602,570,ITF,ITF1,13,Abruzzo,Abruzzo,1304970,30650,2.35,0.32
581,2021-03-04,ABR,5936,2358,3578,1170,535,93,2992,328,818,5015,921,ITF,ITF1,13,Abruzzo,Abruzzo,1304970,36586,2.8,0.45
582,2021-01-24,ABR,50,22,28,49,1,0,0,0,0,6,44,ITF,ITF1,13,Abruzzo,Abruzzo,1304970,36636,2.81,0.0
583,2021-01-31,ABR,1502,488,1014,1154,245,103,0,0,0,287,1215,ITF,ITF1,13,Abruzzo,Abruzzo,1304970,38138,2.92,0.12
584,2021-02-21,ABR,1220,551,669,2,4,3,1209,2,0,1219,1,ITF,ITF1,13,Abruzzo,Abruzzo,1304970,39358,3.02,0.09
585,2021-01-21,ABR,157,47,110,10,6,141,0,0,0,157,0,ITF,ITF1,13,Abruzzo,Abruzzo,1304970,39515,3.03,0.01
586,2021-02-07,ABR,777,307,470,646,130,1,0,0,0,201,576,ITF,ITF1,13,Abruzzo,Abruzzo,1304970,40292,3.09,0.06
587,2021-02-18,ABR,2291,934,1357,670,380,416,610,215,0,2161,130,ITF,ITF1,13,Abruzzo,Abruzzo,1304970,42583,3.26,0.18
588,2021-01-09,ABR,1483,565,918,1430,53,0,0,0,0,1483,0,ITF,ITF1,13,Abruzzo,Abruzzo,1304970,44066,3.38,0.11
589,2021-02-19,ABR,3301,1552,1749,990,433,371,1111,388,8,3201,100,ITF,ITF1,13,Abruzzo,Abruzzo,1304970,47367,3.63,0.25
590,2021-01-08,ABR,1525,507,1018,1487,38,0,0,0,0,1525,0,ITF,ITF1,13,Abruzzo,Abruzzo,1304970,48892,3.75,0.12
591,2021-01-07,ABR,1603,552,1051,1566,37,0,0,0,0,1603,0,ITF,ITF1,13,Abruzzo,Abruzzo,1304970,50495,3.87,0.12
592,2021-02-16,ABR,1978,869,1109,841,513,139,410,75,0,1966,12,ITF,ITF1,13,Abruzzo,Abruzzo,1304970,52473,4.02,0.15
593,2021-01-16,ABR,927,428,499,710,202,15,0,0,0,927,0,ITF,ITF1,13,Abruzzo,Abruzzo,1304970,53400,4.09,0.07
594,2021-01-27,ABR,1364,515,849,1301,63,0,0,0,0,39,1325,ITF,ITF1,13,Abruzzo,Abruzzo,1304970,54764,4.2,0.1
595,2021-03-09,ABR,5169,1795,3374,987,528,84,1320,204,2046,4230,939,ITF,ITF1,13,Abruzzo,Abruzzo,1304970,59933,4.59,0.4
596,2021-02-13,ABR,844,382,462,548,224,72,0,0,0,437,407,ITF,ITF1,13,Abruzzo,Abruzzo,1304970,60777,4.66,0.06
597,2021-01-04,ABR,1401,575,826,1396,5,0,0,0,0,1401,0,ITF,ITF1,13,Abruzzo,Abruzzo,1304970,62178,4.76,0.11
598,2021-03-02,ABR,3963,1676,2287,934,439,53,1856,276,405,3279,684,ITF,ITF1,13,Abruzzo,Abruzzo,1304970,66141,5.07,0.3
599,2021-01-11,ABR,1551,557,994,1337,166,48,0,0,0,1551,0,ITF,ITF1,13,Abruzzo,Abruzzo,1304970,67692,5.19,0.12
600,2021-02-02,ABR,1798,677,1121,1243,413,142,0,0,0,241,1557,ITF,ITF1,13,Abruzzo,Abruzzo,1304970,69490,5.33,0.14
601,2021-01-14,ABR,530,189,341,364,166,0,0,0,0,530,0,ITF,ITF1,13,Abruzzo,Abruzzo,1304970,70020,5.37,0.04
602,2021-01-17,ABR,187,59,128,136,51,0,0,0,0,180,7,ITF,ITF1,13,Abruzzo,Abruzzo,1304970,70207,5.38,0.01
603,2021-02-28,ABR,1705,510,1195,23,34,0,79,149,1420,1703,2,ITF,ITF1,13,Abruzzo,Abruzzo,1304970,71912,5.51,0.13
604,2021-02-25,ABR,3086,1347,1739,615,557,18,1508,262,126,2558,528,ITF,ITF1,13,Abruzzo,Abruzzo,1304970,74998,5.75,0.24
605,2021-02-10,ABR,948,313,635,622,210,116,0,0,0,504,444,ITF,ITF1,13,Abruzzo,Abruzzo,1304970,75946,5.82,0.07
606,2021-01-26,ABR,1542,567,975,1513,29,0,0,0,0,29,1513,ITF,ITF1,13,Abruzzo,Abruzzo,1304970,77488,5.94,0.12
607,2021-01-23,ABR,263,114,149,223,14,26,0,0,0,57,206,ITF,ITF1,13,Abruzzo,Abruzzo,1304970,77751,5.96,0.02
608,2021-02-09,ABR,908,311,597,612,165,131,0,0,0,499,409,ITF,ITF1,13,Abruzzo,Abruzzo,1304970,78659,6.03,0.07
609,2021-02-04,ABR,1681,616,1065,1168,456,57,0,0,0,609,1072,ITF,ITF1,13,Abruzzo,Abruzzo,1304970,80340,6.16,0.13
610,2021-02-20,ABR,4781,1842,2939,310,569,192,1417,406,1887,4705,76,ITF,ITF1,13,Abruzzo,Abruzzo,1304970,85121,6.52,0.37
611,2021-01-10,ABR,1139,409,730,1091,48,0,0,0,0,1139,0,ITF,ITF1,13,Abruzzo,Abruzzo,1304970,86260,6.61,0.09
612,2021-01-13,ABR,1253,440,813,1103,150,0,0,0,0,1253,0,ITF,ITF1,13,Abruzzo,Abruzzo,1304970,87513,6.71,0.1
613,2021-03-07,ABR,2521,629,1892,28,210,0,461,1,1821,2521,0,ITF,ITF1,13,Abruzzo,Abruzzo,1304970,90034,6.9,0.19
614,2021-01-06,ABR,1830,664,1166,1546,151,133,0,0,0,1830,0,ITF,ITF1,13,Abruzzo,Abruzzo,1304970,91864,7.04,0.14
615,2021-01-05,ABR,1614,604,1010,1604,10,0,0,0,0,1614,0,ITF,ITF1,13,Abruzzo,Abruzzo,1304970,93478,7.16,0.12
616,2021-02-05,ABR,1535,520,1015,1188,241,106,0,0,0,788,747,ITF,ITF1,13,Abruzzo,Abruzzo,1304970,95013,7.28,0.12
617,2021-01-18,ABR,122,48,74,106,14,2,0,0,0,46,76,ITF,ITF1,13,Abruzzo,Abruzzo,1304970,95135,7.29,0.01
618,2021-01-15,ABR,379,149,230,223,121,35,0,0,0,379,0,ITF,ITF1,13,Abruzzo,Abruzzo,1304970,95514,7.32,0.03
619,2021-02-08,ABR,1201,398,803,710,227,264,0,0,0,491,710,ITF,ITF1,13,Abruzzo,Abruzzo,1304970,96715,7.41,0.09
620,2021-02-24,ABR,3302,1439,1863,391,340,247,1967,226,131,3126,176,ITF,ITF1,13,Abruzzo,Abruzzo,1304970,100017,7.66,0.25
621,2021-01-29,ABR,1386,449,937,1290,96,0,0,0,0,74,1312,ITF,ITF1,13,Abruzzo,Abruzzo,1304970,101403,7.77,0.11
622,2021-02-17,ABR,2076,951,1125,512,241,394,718,210,1,1793,283,ITF,ITF1,13,Abruzzo,Abruzzo,1304970,103479,7.93,0.16
623,2021-01-25,ABR,1604,633,971,1584,20,0,0,0,0,20,1584,ITF,ITF1,13,Abruzzo,Abruzzo,1304970,105083,8.05,0.12
624,2021-02-27,ABR,2808,1337,1471,253,185,123,732,642,873,2542,266,ITF,ITF1,13,Abruzzo,Abruzzo,1304970,107891,8.27,0.22
625,2021-02-22,ABR,2644,1175,1469,477,357,46,1094,419,251,2614,30,ITF,ITF1,13,Abruzzo,Abruzzo,1304970,110535,8.47,0.2
626,2021-02-11,ABR,816,262,554,473,189,154,0,0,0,773,43,ITF,ITF1,13,Abruzzo,Abruzzo,1304970,111351,8.53,0.06
627,2021-01-19,ABR,111,55,56,27,34,50,0,0,0,91,20,ITF,ITF1,13,Abruzzo,Abruzzo,1304970,111462,8.54,0.01
628,2021-03-03,ABR,4627,1881,2746,1222,583,36,1585,346,855,3721,906,ITF,ITF1,13,Abruzzo,Abruzzo,1304970,116089,8.9,0.35
629,2021-02-23,ABR,2784,1274,1510,324,423,215,1436,286,100,2773,11,ITF,ITF1,13,Abruzzo,Abruzzo,1304970,118873,9.11,0.21
630,2021-03-10,ABR,4914,1631,3283,735,451,212,1518,127,1871,3958,956,ITF,ITF1,13,Abruzzo,Abruzzo,1304970,123787,9.49,0.38
631,2021-01-20,ABR,447,156,291,147,96,204,0,0,0,445,2,ITF,ITF1,13,Abruzzo,Abruzzo,1304970,124234,9.52,0.03
632,2021-02-01,ABR,1632,573,1059,1384,247,1,0,0,0,271,1361,ITF,ITF1,13,Abruzzo,Abruzzo,1304970,125866,9.65,0.13
633,2021-01-02,ABR,548,218,330,540,8,0,0,0,0,548,0,ITF,ITF1,13,Abruzzo,Abruzzo,1304970,126414,9.69,0.04
634,2021-02-06,ABR,1611,742,869,1168,371,72,0,0,0,602,1009,ITF,ITF1,13,Abruzzo,Abruzzo,1304970,128025,9.81,0.12
635,2021-01-30,ABR,1509,566,943,1348,114,47,0,0,0,69,1440,ITF,ITF1,13,Abruzzo,Abruzzo,1304970,129534,9.93,0.12
636,2021-01-18,CAM,957,399,558,576,194,187,0,0,0,713,244,ITF,ITF3,15,Campania,Campania,5801692,957,0.02,0.02
637,2021-02-22,CAM,10537,3255,7282,511,2277,76,3856,0,3817,10275,262,ITF,ITF3,15,Campania,Campania,5801692,11494,0.2,0.18
638,2021-01-16,CAM,3369,1675,1694,1355,1641,373,0,0,0,3369,0,ITF,ITF3,15,Campania,Campania,5801692,14863,0.26,0.06
639,2021-01-06,CAM,7652,3749,3903,5781,1571,300,0,0,0,7652,0,ITF,ITF3,15,Campania,Campania,5801692,22515,0.39,0.13
640,2021-02-08,CAM,5112,2448,2664,1388,2120,226,1378,0,0,4310,802,ITF,ITF3,15,Campania,Campania,5801692,27627,0.48,0.09
641,2021-02-06,CAM,5340,2665,2675,1990,2877,458,15,0,0,2102,3238,ITF,ITF3,15,Campania,Campania,5801692,32967,0.57,0.09
642,2021-01-10,CAM,8166,3737,4429,5179,2890,97,0,0,0,8166,0,ITF,ITF3,15,Campania,Campania,5801692,41133,0.71,0.14
643,2021-02-05,CAM,7261,3463,3798,3447,3497,308,9,0,0,2133,5128,ITF,ITF3,15,Campania,Campania,5801692,48394,0.83,0.13
644,2021-01-05,CAM,7238,3639,3599,5811,1321,106,0,0,0,7238,0,ITF,ITF3,15,Campania,Campania,5801692,55632,0.96,0.12
645,2021-02-16,CAM,5433,2410,3023,910,1183,169,3171,0,0,4662,771,ITF,ITF3,15,Campania,Campania,5801692,61065,1.05,0.09
646,2021-01-25,CAM,5744,2926,2818,4743,945,56,0,0,0,164,5580,ITF,ITF3,15,Campania,Campania,5801692,66809,1.15,0.1
647,2021-02-27,CAM,13938,4470,9468,597,3062,78,3146,0,7055,12296,1642,ITF,ITF3,15,Campania,Campania,5801692,80747,1.39,0.24
648,2021-02-18,CAM,9074,3810,5264,1710,1340,70,5518,0,436,8366,708,ITF,ITF3,15,Campania,Campania,5801692,89821,1.55,0.16
649,2021-02-17,CAM,7380,3205,4175,993,1082,38,4905,0,362,6320,1060,ITF,ITF3,15,Campania,Campania,5801692,97201,1.68,0.13
650,2021-01-09,CAM,10566,5024,5542,6759,3538,269,0,0,0,10566,0,ITF,ITF3,15,Campania,Campania,5801692,107767,1.86,0.18
651,2021-01-29,CAM,10052,4812,5240,6405,3388,259,0,0,0,47,10005,ITF,ITF3,15,Campania,Campania,5801692,117819,2.03,0.17
652,2020-12-27,CAM,720,422,298,703,17,0,0,0,0,720,0,ITF,ITF3,15,Campania,Campania,5801692,118539,2.04,0.01
653,2021-01-14,CAM,7073,2977,4096,3707,3016,350,0,0,0,7073,0,ITF,ITF3,15,Campania,Campania,5801692,125612,2.17,0.12
654,2021-03-06,CAM,16238,6729,9509,954,4430,148,5795,1027,3884,10575,5663,ITF,ITF3,15,Campania,Campania,5801692,141850,2.44,0.28
655,2021-03-10,CAM,15059,7283,7776,621,3893,24,7234,1002,2285,8282,6777,ITF,ITF3,15,Campania,Campania,5801692,156909,2.7,0.26
656,2021-03-08,CAM,14589,6740,7849,842,5192,35,4255,1334,2931,9808,4781,ITF,ITF3,15,Campania,Campania,5801692,171498,2.96,0.25
657,2021-02-23,CAM,10916,3364,7552,514,2210,220,3685,0,4287,10390,526,ITF,ITF3,15,Campania,Campania,5801692,182414,3.14,0.19
658,2021-03-03,CAM,13918,5494,8424,2016,5279,156,3468,3,2996,7289,6629,ITF,ITF3,15,Campania,Campania,5801692,196332,3.38,0.24
659,2021-03-02,CAM,12738,4548,8190,1263,4351,147,1937,2,5038,8400,4338,ITF,ITF3,15,Campania,Campania,5801692,209070,3.6,0.22
660,2021-01-23,CAM,3839,2029,1810,3161,609,69,0,0,0,273,3566,ITF,ITF3,15,Campania,Campania,5801692,212909,3.67,0.07
661,2021-02-25,CAM,12417,4476,7941,600,2672,124,4908,0,4113,11229,1188,ITF,ITF3,15,Campania,Campania,5801692,225326,3.88,0.21
662,2021-02-20,CAM,8562,3079,5483,1014,857,145,4581,0,1965,8259,303,ITF,ITF3,15,Campania,Campania,5801692,233888,4.03,0.15
663,2021-02-10,CAM,6916,3421,3495,1945,2715,98,2158,0,0,6740,176,ITF,ITF3,15,Campania,Campania,5801692,240804,4.15,0.12
664,2021-01-13,CAM,8019,3665,4354,4350,3082,587,0,0,0,8019,0,ITF,ITF3,15,Campania,Campania,5801692,248823,4.29,0.14
665,2021-01-03,CAM,3837,2009,1828,3191,646,0,0,0,0,3837,0,ITF,ITF3,15,Campania,Campania,5801692,252660,4.35,0.07
666,2021-03-07,CAM,11911,5343,6568,513,4258,85,3277,1511,2267,8070,3841,ITF,ITF3,15,Campania,Campania,5801692,264571,4.56,0.21
667,2021-03-04,CAM,14616,5333,9283,1788,5089,107,4196,1,3435,8719,5897,ITF,ITF3,15,Campania,Campania,5801692,279187,4.81,0.25
668,2021-01-12,CAM,5214,2563,2651,3439,1435,340,0,0,0,5214,0,ITF,ITF3,15,Campania,Campania,5801692,284401,4.9,0.09
669,2021-02-19,CAM,9555,3557,5998,1647,1128,161,4453,0,2166,8905,650,ITF,ITF3,15,Campania,Campania,5801692,293956,5.07,0.16
670,2021-01-01,CAM,919,506,413,831,88,0,0,0,0,919,0,ITF,ITF3,15,Campania,Campania,5801692,294875,5.08,0.02
671,2021-02-13,CAM,5506,2547,2959,952,808,131,3613,0,2,5288,218,ITF,ITF3,15,Campania,Campania,5801692,300381,5.18,0.09
672,2021-01-24,CAM,4128,2123,2005,3140,822,166,0,0,0,383,3745,ITF,ITF3,15,Campania,Campania,5801692,304509,5.25,0.07
673,2021-02-11,CAM,6275,2703,3572,1861,1922,129,2363,0,0,6209,66,ITF,ITF3,15,Campania,Campania,5801692,310784,5.36,0.11
674,2021-01-11,CAM,4072,1871,2201,2386,1434,252,0,0,0,4072,0,ITF,ITF3,15,Campania,Campania,5801692,314856,5.43,0.07
675,2021-01-02,CAM,3674,1963,1711,3167,507,0,0,0,0,3674,0,ITF,ITF3,15,Campania,Campania,5801692,318530,5.49,0.06
676,2021-01-20,CAM,1257,650,607,395,761,101,0,0,0,1257,0,ITF,ITF3,15,Campania,Campania,5801692,319787,5.51,0.02
677,2021-01-27,CAM,7736,3820,3916,5837,1629,270,0,0,0,161,7575,ITF,ITF3,15,Campania,Campania,5801692,327523,5.65,0.13
678,2021-03-09,CAM,13778,6582,7196,743,4586,181,3729,1113,3426,10011,3767,ITF,ITF3,15,Campania,Campania,5801692,341301,5.88,0.24
679,2021-02-15,CAM,5469,2514,2955,976,1002,94,3395,1,1,5296,173,ITF,ITF3,15,Campania,Campania,5801692,346770,5.98,0.09
680,2021-02-09,CAM,4629,2192,2437,1148,2138,6,1337,0,0,4377,252,ITF,ITF3,15,Campania,Campania,5801692,351399,6.06,0.08
681,2021-02-07,CAM,2935,1385,1550,711,1708,226,290,0,0,2157,778,ITF,ITF3,15,Campania,Campania,5801692,354334,6.11,0.05
682,2020-12-31,CAM,1490,811,679,1273,216,1,0,0,0,1490,0,ITF,ITF3,15,Campania,Campania,5801692,355824,6.13,0.03
683,2021-02-24,CAM,11701,4112,7589,712,2311,85,5096,0,3497,11013,688,ITF,ITF3,15,Campania,Campania,5801692,367525,6.33,0.2
684,2021-01-28,CAM,8832,4122,4710,6216,2269,347,0,0,0,135,8697,ITF,ITF3,15,Campania,Campania,5801692,376357,6.49,0.15
685,2021-01-19,CAM,1095,474,621,534,390,171,0,0,0,1092,3,ITF,ITF3,15,Campania,Campania,5801692,377452,6.51,0.02
686,2021-02-02,CAM,5722,2804,2918,3640,1728,354,0,0,0,443,5279,ITF,ITF3,15,Campania,Campania,5801692,383174,6.6,0.1
687,2021-01-04,CAM,5826,2963,2863,4850,976,0,0,0,0,5826,0,ITF,ITF3,15,Campania,Campania,5801692,389000,6.7,0.1
688,2021-02-28,CAM,10398,3203,7195,485,3656,22,1943,0,4292,8500,1898,ITF,ITF3,15,Campania,Campania,5801692,399398,6.88,0.18
689,2021-02-21,CAM,5834,2239,3595,780,653,22,3870,0,509,5609,225,ITF,ITF3,15,Campania,Campania,5801692,405232,6.98,0.1
690,2021-01-17,CAM,1155,551,604,718,286,151,0,0,0,702,453,ITF,ITF3,15,Campania,Campania,5801692,406387,7.0,0.02
691,2021-01-21,CAM,2093,1116,977,1379,639,75,0,0,0,677,1416,ITF,ITF3,15,Campania,Campania,5801692,408480,7.04,0.04
692,2021-03-05,CAM,16417,6317,10100,1634,5426,64,4983,4,4306,9766,6651,ITF,ITF3,15,Campania,Campania,5801692,424897,7.32,0.28
693,2021-02-26,CAM,13264,4205,9059,623,2381,169,3219,1,6871,11929,1335,ITF,ITF3,15,Campania,Campania,5801692,438161,7.55,0.23
694,2021-01-07,CAM,8910,4166,4744,6313,2265,332,0,0,0,8910,0,ITF,ITF3,15,Campania,Campania,5801692,447071,7.71,0.15
695,2021-02-12,CAM,6552,2874,3678,1811,1467,214,3056,0,4,6339,213,ITF,ITF3,15,Campania,Campania,5801692,453623,7.82,0.11
696,2021-01-22,CAM,1523,775,748,970,344,209,0,0,0,673,850,ITF,ITF3,15,Campania,Campania,5801692,455146,7.85,0.03
697,2021-01-31,CAM,8067,3711,4356,5107,2893,67,0,0,0,23,8044,ITF,ITF3,15,Campania,Campania,5801692,463213,7.98,0.14
698,2021-02-01,CAM,3985,1813,2172,2504,1329,152,0,0,0,110,3875,ITF,ITF3,15,Campania,Campania,5801692,467198,8.05,0.07
699,2021-03-01,CAM,12118,4241,7877,1095,3709,145,1720,0,5449,8007,4111,ITF,ITF3,15,Campania,Campania,5801692,479316,8.26,0.21
700,2021-02-04,CAM,7943,3429,4514,3965,3685,292,1,0,0,1308,6635,ITF,ITF3,15,Campania,Campania,5801692,487259,8.4,0.14
701,2021-01-30,CAM,10721,5079,5642,6930,3564,227,0,0,0,39,10682,ITF,ITF3,15,Campania,Campania,5801692,497980,8.58,0.18
702,2021-01-08,CAM,10455,4969,5486,6714,3529,212,0,0,0,10455,0,ITF,ITF3,15,Campania,Campania,5801692,508435,8.76,0.18
703,2021-02-14,CAM,3933,1926,2007,550,905,17,2461,0,0,3890,43,ITF,ITF3,15,Campania,Campania,5801692,512368,8.83,0.07
704,2021-01-26,CAM,7297,3701,3596,5742,1333,222,0,0,0,352,6945,ITF,ITF3,15,Campania,Campania,5801692,519665,8.96,0.13
705,2021-01-15,CAM,4980,2381,2599,2740,2049,191,0,0,0,4980,0,ITF,ITF3,15,Campania,Campania,5801692,524645,9.04,0.09
706,2021-02-03,CAM,8902,4002,4900,4735,3452,714,1,0,0,878,8024,ITF,ITF3,15,Campania,Campania,5801692,533547,9.2,0.15
707,2021-01-02,MAR,453,139,314,444,9,0,0,0,0,453,0,ITI,ITI3,11,Marche,Marche,1525271,453,0.03,0.03
708,2021-02-15,MAR,973,413,560,544,428,1,0,0,0,960,13,ITI,ITI3,11,Marche,Marche,1525271,1426,0.09,0.06
709,2021-03-09,MAR,5395,2278,3117,754,443,36,2588,505,1069,4513,882,ITI,ITI3,11,Marche,Marche,1525271,6821,0.45,0.35
710,2021-01-09,MAR,1709,605,1104,1406,303,0,0,0,0,1709,0,ITI,ITI3,11,Marche,Marche,1525271,8530,0.56,0.11
711,2021-02-12,MAR,1583,618,965,815,680,88,0,0,0,1431,152,ITI,ITI3,11,Marche,Marche,1525271,10113,0.66,0.1
712,2021-01-25,MAR,1595,558,1037,1425,114,56,0,0,0,97,1498,ITI,ITI3,11,Marche,Marche,1525271,11708,0.77,0.1
713,2021-01-07,MAR,1802,633,1169,1480,322,0,0,0,0,1802,0,ITI,ITI3,11,Marche,Marche,1525271,13510,0.89,0.12
714,2021-02-05,MAR,2156,653,1503,1317,420,419,0,0,0,440,1716,ITI,ITI3,11,Marche,Marche,1525271,15666,1.03,0.14
715,2021-02-03,MAR,2125,742,1383,1344,615,166,0,0,0,119,2006,ITI,ITI3,11,Marche,Marche,1525271,17791,1.17,0.14
716,2021-01-15,MAR,1771,500,1271,985,420,366,0,0,0,1771,0,ITI,ITI3,11,Marche,Marche,1525271,19562,1.28,0.12
717,2021-01-04,MAR,1500,563,937,1290,199,11,0,0,0,1500,0,ITI,ITI3,11,Marche,Marche,1525271,21062,1.38,0.1
718,2021-03-10,MAR,5702,2439,3263,721,808,101,2673,362,1037,4565,1137,ITI,ITI3,11,Marche,Marche,1525271,26764,1.75,0.37
719,2021-01-18,MAR,673,230,443,370,171,132,0,0,0,547,126,ITI,ITI3,11,Marche,Marche,1525271,27437,1.8,0.04
720,2021-02-19,MAR,1971,716,1255,1273,492,203,1,0,2,1836,135,ITI,ITI3,11,Marche,Marche,1525271,29408,1.93,0.13
721,2021-02-18,MAR,2103,746,1357,1150,549,402,1,0,1,1816,287,ITI,ITI3,11,Marche,Marche,1525271,31511,2.07,0.14
722,2021-02-21,MAR,377,142,235,204,115,57,0,0,1,376,1,ITI,ITI3,11,Marche,Marche,1525271,31888,2.09,0.02
723,2021-01-28,MAR,1972,659,1313,1581,290,101,0,0,0,167,1805,ITI,ITI3,11,Marche,Marche,1525271,33860,2.22,0.13
724,2021-02-22,MAR,3413,1498,1915,325,408,77,2596,5,2,3339,74,ITI,ITI3,11,Marche,Marche,1525271,37273,2.44,0.22
725,2021-02-11,MAR,1988,658,1330,1155,621,212,0,0,0,1599,389,ITI,ITI3,11,Marche,Marche,1525271,39261,2.57,0.13
726,2021-02-10,MAR,1439,452,987,881,343,215,0,0,0,1080,359,ITI,ITI3,11,Marche,Marche,1525271,40700,2.67,0.09
727,2021-01-31,MAR,1927,772,1155,1532,395,0,0,0,0,105,1822,ITI,ITI3,11,Marche,Marche,1525271,42627,2.79,0.13
728,2021-01-14,MAR,2010,692,1318,1112,600,298,0,0,0,2010,0,ITI,ITI3,11,Marche,Marche,1525271,44637,2.93,0.13
729,2021-03-06,MAR,5592,2526,3066,973,708,125,2400,639,747,4325,1267,ITI,ITI3,11,Marche,Marche,1525271,50229,3.29,0.37
730,2021-01-03,MAR,896,348,548,759,137,0,0,0,0,896,0,ITI,ITI3,11,Marche,Marche,1525271,51125,3.35,0.06
731,2021-01-19,MAR,225,81,144,120,20,85,0,0,0,141,84,ITI,ITI3,11,Marche,Marche,1525271,51350,3.37,0.01
732,2021-02-20,MAR,4125,1708,2417,118,411,261,3332,3,0,4014,111,ITI,ITI3,11,Marche,Marche,1525271,55475,3.64,0.27
733,2021-02-24,MAR,3440,1506,1934,226,235,165,2810,3,1,3361,79,ITI,ITI3,11,Marche,Marche,1525271,58915,3.86,0.23
734,2021-02-17,MAR,1791,664,1127,968,522,300,1,0,0,1672,119,ITI,ITI3,11,Marche,Marche,1525271,60706,3.98,0.12
735,2021-01-08,MAR,1574,588,986,1226,348,0,0,0,0,1574,0,ITI,ITI3,11,Marche,Marche,1525271,62280,4.08,0.1
736,2021-01-26,MAR,2016,746,1270,1736,194,86,0,0,0,92,1924,ITI,ITI3,11,Marche,Marche,1525271,64296,4.22,0.13
737,2021-03-04,MAR,6435,2841,3594,1060,913,88,2798,808,768,5041,1394,ITI,ITI3,11,Marche,Marche,1525271,70731,4.64,0.42
738,2021-02-14,MAR,738,301,437,578,160,0,0,0,0,738,0,ITI,ITI3,11,Marche,Marche,1525271,71469,4.69,0.05
739,2020-12-31,MAR,383,178,205,370,13,0,0,0,0,383,0,ITI,ITI3,11,Marche,Marche,1525271,71852,4.71,0.03
740,2021-02-28,MAR,2837,1250,1587,19,18,0,2796,2,2,2831,6,ITI,ITI3,11,Marche,Marche,1525271,74689,4.9,0.19
741,2021-02-13,MAR,1064,455,609,457,517,90,0,0,0,1012,52,ITI,ITI3,11,Marche,Marche,1525271,75753,4.97,0.07
742,2021-02-16,MAR,1291,475,816,736,463,92,0,0,0,1261,30,ITI,ITI3,11,Marche,Marche,1525271,77044,5.05,0.08
743,2021-01-23,MAR,557,190,367,440,54,63,0,0,0,123,434,ITI,ITI3,11,Marche,Marche,1525271,77601,5.09,0.04
744,2021-03-01,MAR,3725,1487,2238,387,177,82,2788,5,286,3478,247,ITI,ITI3,11,Marche,Marche,1525271,81326,5.33,0.24
745,2021-02-04,MAR,2342,810,1532,1406,661,275,0,0,0,112,2230,ITI,ITI3,11,Marche,Marche,1525271,83668,5.49,0.15
746,2021-01-16,MAR,2006,723,1283,1059,662,285,0,0,0,2006,0,ITI,ITI3,11,Marche,Marche,1525271,85674,5.62,0.13
747,2021-02-09,MAR,125,42,83,78,21,26,0,0,0,47,78,ITI,ITI3,11,Marche,Marche,1525271,85799,5.63,0.01
748,2021-02-27,MAR,3373,1440,1933,186,172,161,2847,6,1,3164,209,ITI,ITI3,11,Marche,Marche,1525271,89172,5.85,0.22
749,2021-01-06,MAR,2181,792,1389,1738,296,147,0,0,0,2181,0,ITI,ITI3,11,Marche,Marche,1525271,91353,5.99,0.14
750,2021-02-23,MAR,3273,1399,1874,219,137,116,2793,8,0,3217,56,ITI,ITI3,11,Marche,Marche,1525271,94626,6.2,0.21
751,2021-03-05,MAR,6023,2735,3288,1127,796,143,2373,782,802,4556,1467,ITI,ITI3,11,Marche,Marche,1525271,100649,6.6,0.39
752,2021-01-22,MAR,487,167,320,315,85,87,0,0,0,194,293,ITI,ITI3,11,Marche,Marche,1525271,101136,6.63,0.03
753,2021-03-03,MAR,6645,3002,3643,818,816,254,3132,842,783,5764,881,ITI,ITI3,11,Marche,Marche,1525271,107781,7.07,0.44
754,2021-02-02,MAR,1193,397,796,804,296,93,0,0,0,73,1120,ITI,ITI3,11,Marche,Marche,1525271,108974,7.14,0.08
755,2021-02-08,MAR,833,258,575,408,163,262,0,0,0,371,462,ITI,ITI3,11,Marche,Marche,1525271,109807,7.2,0.05
756,2021-01-05,MAR,1562,586,976,1436,126,0,0,0,0,1562,0,ITI,ITI3,11,Marche,Marche,1525271,111369,7.3,0.1
757,2021-01-27,MAR,2119,780,1339,1753,226,140,0,0,0,122,1997,ITI,ITI3,11,Marche,Marche,1525271,113488,7.44,0.14
758,2021-02-25,MAR,3562,1446,2116,432,213,423,2490,3,1,3383,179,ITI,ITI3,11,Marche,Marche,1525271,117050,7.67,0.23
759,2021-01-21,MAR,896,253,643,460,100,336,0,0,0,585,311,ITI,ITI3,11,Marche,Marche,1525271,117946,7.73,0.06
760,2020-12-27,MAR,200,97,103,184,12,4,0,0,0,200,0,ITI,ITI3,11,Marche,Marche,1525271,118146,7.75,0.01
761,2021-01-20,MAR,398,99,299,146,62,190,0,0,0,386,12,ITI,ITI3,11,Marche,Marche,1525271,118544,7.77,0.03
762,2021-01-10,MAR,1737,699,1038,1462,275,0,0,0,0,1737,0,ITI,ITI3,11,Marche,Marche,1525271,120281,7.89,0.11
763,2021-02-07,MAR,1870,734,1136,1156,668,46,0,0,0,344,1526,ITI,ITI3,11,Marche,Marche,1525271,122151,8.01,0.12
764,2021-01-24,MAR,890,341,549,772,118,0,0,0,0,17,873,ITI,ITI3,11,Marche,Marche,1525271,123041,8.07,0.06
765,2021-01-11,MAR,1176,411,765,1021,155,0,0,0,0,1176,0,ITI,ITI3,11,Marche,Marche,1525271,124217,8.14,0.08
766,2021-01-30,MAR,1907,668,1239,1566,341,0,0,0,0,29,1878,ITI,ITI3,11,Marche,Marche,1525271,126124,8.27,0.13
767,2021-02-26,MAR,3569,1493,2076,446,231,330,2519,4,39,3093,476,ITI,ITI3,11,Marche,Marche,1525271,129693,8.5,0.23
768,2021-03-08,MAR,6164,2659,3505,768,535,219,3095,533,1014,5163,1001,ITI,ITI3,11,Marche,Marche,1525271,135857,8.91,0.4
769,2021-02-01,MAR,1363,479,884,1055,227,81,0,0,0,98,1265,ITI,ITI3,11,Marche,Marche,1525271,137220,9.0,0.09
770,2021-01-29,MAR,1991,730,1261,1479,438,74,0,0,0,168,1823,ITI,ITI3,11,Marche,Marche,1525271,139211,9.13,0.13
771,2021-01-12,MAR,1226,413,813,912,264,50,0,0,0,1226,0,ITI,ITI3,11,Marche,Marche,1525271,140437,9.21,0.08
772,2021-03-07,MAR,5183,2108,3075,607,357,0,3007,316,896,4430,753,ITI,ITI3,11,Marche,Marche,1525271,145620,9.55,0.34
773,2021-01-13,MAR,2105,746,1359,1408,621,76,0,0,0,2105,0,ITI,ITI3,11,Marche,Marche,1525271,147725,9.69,0.14
774,2021-02-06,MAR,2459,900,1559,1401,643,415,0,0,0,522,1937,ITI,ITI3,11,Marche,Marche,1525271,150184,9.85,0.16
775,2020-12-30,MAR,17,5,12,14,3,0,0,0,0,17,0,ITI,ITI3,11,Marche,Marche,1525271,150201,9.85,0.0
776,2021-01-17,MAR,1598,682,916,964,588,46,0,0,0,1549,49,ITI,ITI3,11,Marche,Marche,1525271,151799,9.95,0.1
777,2021-03-02,MAR,4963,1943,3020,589,275,242,3316,3,538,4397,566,ITI,ITI3,11,Marche,Marche,1525271,156762,10.28,0.33
778,2021-02-19,LOM,13817,5299,8518,5394,1858,1089,4530,928,18,13179,638,ITC,ITC4,3,Lombardia,Lombardia,10060574,13817,0.14,0.14
779,2021-01-12,LOM,19686,6561,13125,10938,7210,1377,158,3,0,19686,0,ITC,ITC4,3,Lombardia,Lombardia,10060574,33503,0.33,0.2
780,2021-02-07,LOM,7082,2763,4319,5029,1773,263,17,0,0,339,6743,ITC,ITC4,3,Lombardia,Lombardia,10060574,40585,0.4,0.07
781,2021-01-26,LOM,8319,2701,5618,6560,1543,203,13,0,0,328,7991,ITC,ITC4,3,Lombardia,Lombardia,10060574,48904,0.49,0.08
782,2021-02-17,LOM,11603,3654,7949,7434,2231,1857,35,37,9,10249,1354,ITC,ITC4,3,Lombardia,Lombardia,10060574,60507,0.6,0.12
783,2020-12-27,LOM,702,407,295,551,137,13,1,0,0,702,0,ITC,ITC4,3,Lombardia,Lombardia,10060574,61209,0.61,0.01
784,2021-03-08,LOM,27478,10320,17158,6234,3873,897,10716,1463,4295,20861,6617,ITC,ITC4,3,Lombardia,Lombardia,10060574,88687,0.88,0.27
785,2021-01-22,LOM,2889,814,2075,1081,1658,142,6,0,2,2837,52,ITC,ITC4,3,Lombardia,Lombardia,10060574,91576,0.91,0.03
786,2021-02-08,LOM,9688,2832,6856,5150,2196,2289,53,0,0,2064,7624,ITC,ITC4,3,Lombardia,Lombardia,10060574,101264,1.01,0.1
787,2021-01-31,LOM,9727,3754,5973,7464,2169,87,7,0,0,33,9694,ITC,ITC4,3,Lombardia,Lombardia,10060574,110991,1.1,0.1
788,2021-01-21,LOM,5313,1562,3751,1869,3181,260,2,0,1,4626,687,ITC,ITC4,3,Lombardia,Lombardia,10060574,116304,1.16,0.05
789,2021-01-01,LOM,24,7,17,21,3,0,0,0,0,24,0,ITC,ITC4,3,Lombardia,Lombardia,10060574,116328,1.16,0.0
790,2021-03-06,LOM,18715,7962,10753,4675,4863,438,6706,1002,1031,14211,4504,ITC,ITC4,3,Lombardia,Lombardia,10060574,135043,1.34,0.19
791,2021-01-18,LOM,8964,2920,6044,4090,3284,1470,116,4,0,7982,982,ITC,ITC4,3,Lombardia,Lombardia,10060574,144007,1.43,0.09
792,2021-01-05,LOM,7673,2513,5160,5712,1786,167,8,0,0,7673,0,ITC,ITC4,3,Lombardia,Lombardia,10060574,151680,1.51,0.08
793,2021-02-22,LOM,11491,4668,6823,4054,1499,920,4025,965,28,11185,306,ITC,ITC4,3,Lombardia,Lombardia,10060574,163171,1.62,0.11
794,2021-02-01,LOM,16021,5305,10716,11567,3510,901,43,0,0,324,15697,ITC,ITC4,3,Lombardia,Lombardia,10060574,179192,1.78,0.16
795,2021-02-11,LOM,16663,4915,11748,9100,3632,3898,33,0,0,9369,7294,ITC,ITC4,3,Lombardia,Lombardia,10060574,195855,1.95,0.17
796,2021-03-10,LOM,28566,11055,17511,6284,4424,1441,10212,1429,4776,21775,6791,ITC,ITC4,3,Lombardia,Lombardia,10060574,224421,2.23,0.28
797,2021-02-03,LOM,25041,7769,17272,15126,5867,3909,139,0,0,1013,24028,ITC,ITC4,3,Lombardia,Lombardia,10060574,249462,2.48,0.25
798,2021-01-03,LOM,852,316,536,710,137,4,1,0,0,852,0,ITC,ITC4,3,Lombardia,Lombardia,10060574,250314,2.49,0.01
799,2021-01-04,LOM,5977,2058,3919,4599,1197,166,15,0,0,5977,0,ITC,ITC4,3,Lombardia,Lombardia,10060574,256291,2.55,0.06
800,2021-01-28,LOM,12152,3682,8470,8958,2322,839,33,0,0,775,11377,ITC,ITC4,3,Lombardia,Lombardia,10060574,268443,2.67,0.12
801,2021-03-02,LOM,22127,9414,12713,3006,4176,2013,11053,1749,130,19219,2908,ITC,ITC4,3,Lombardia,Lombardia,10060574,290570,2.89,0.22
802,2021-01-14,LOM,26208,7655,18553,11496,9528,4717,459,8,0,26208,0,ITC,ITC4,3,Lombardia,Lombardia,10060574,316778,3.15,0.26
803,2021-02-10,LOM,13939,4389,9550,8025,2647,3167,96,0,4,7380,6559,ITC,ITC4,3,Lombardia,Lombardia,10060574,330717,3.29,0.14
804,2021-02-23,LOM,11483,4694,6789,3796,1588,819,4287,990,3,11177,306,ITC,ITC4,3,Lombardia,Lombardia,10060574,342200,3.4,0.11
805,2021-01-13,LOM,25651,7890,17761,12019,9673,3642,307,10,0,25651,0,ITC,ITC4,3,Lombardia,Lombardia,10060574,367851,3.66,0.25
806,2021-02-28,LOM,7796,3219,4577,1094,2265,76,4248,82,31,7580,216,ITC,ITC4,3,Lombardia,Lombardia,10060574,375647,3.73,0.08
807,2021-02-15,LOM,8748,3060,5688,5757,2016,968,4,1,2,8328,420,ITC,ITC4,3,Lombardia,Lombardia,10060574,384395,3.82,0.09
808,2021-02-18,LOM,13739,4833,8906,5954,1954,1553,3408,857,13,12741,998,ITC,ITC4,3,Lombardia,Lombardia,10060574,398134,3.96,0.14
809,2020-12-31,LOM,713,300,413,656,57,0,0,0,0,713,0,ITC,ITC4,3,Lombardia,Lombardia,10060574,398847,3.96,0.01
810,2021-01-08,LOM,12590,3893,8697,8634,3704,218,32,2,0,12590,0,ITC,ITC4,3,Lombardia,Lombardia,10060574,411437,4.09,0.13
811,2021-02-21,LOM,5003,1850,3153,1736,1010,32,2182,40,3,4983,20,ITC,ITC4,3,Lombardia,Lombardia,10060574,416440,4.14,0.05
812,2021-01-10,LOM,10512,3955,6557,6866,3619,8,17,2,0,10512,0,ITC,ITC4,3,Lombardia,Lombardia,10060574,426952,4.24,0.1
813,2021-03-03,LOM,25571,10894,14677,6189,6260,1545,9331,1776,470,18610,6961,ITC,ITC4,3,Lombardia,Lombardia,10060574,452523,4.5,0.25
814,2021-02-09,LOM,11931,3270,8661,5617,2313,3926,75,0,0,3977,7954,ITC,ITC4,3,Lombardia,Lombardia,10060574,464454,4.62,0.12
815,2020-12-30,LOM,113,42,71,105,8,0,0,0,0,113,0,ITC,ITC4,3,Lombardia,Lombardia,10060574,464567,4.62,0.0
816,2021-01-17,LOM,8086,3275,4811,5106,2771,159,45,5,0,7888,198,ITC,ITC4,3,Lombardia,Lombardia,10060574,472653,4.7,0.08
817,2021-03-09,LOM,29377,11340,18037,5700,4523,1559,11066,1374,5155,22889,6488,ITC,ITC4,3,Lombardia,Lombardia,10060574,502030,4.99,0.29
818,2021-02-12,LOM,13184,4125,9059,7395,3087,2657,45,0,0,8601,4583,ITC,ITC4,3,Lombardia,Lombardia,10060574,515214,5.12,0.13
819,2021-01-25,LOM,7014,2367,4647,5506,1318,180,10,0,0,480,6534,ITC,ITC4,3,Lombardia,Lombardia,10060574,522228,5.19,0.07
820,2021-01-27,LOM,8028,2675,5353,6102,1722,202,2,0,0,820,7208,ITC,ITC4,3,Lombardia,Lombardia,10060574,530256,5.27,0.08
821,2021-02-06,LOM,14698,5376,9322,9302,3505,1820,71,0,0,881,13817,ITC,ITC4,3,Lombardia,Lombardia,10060574,544954,5.42,0.15
822,2021-01-24,LOM,1184,453,731,798,361,24,1,0,0,522,662,ITC,ITC4,3,Lombardia,Lombardia,10060574,546138,5.43,0.01
823,2021-03-04,LOM,27883,11557,16326,6722,6657,1976,10270,1882,376,19297,8586,ITC,ITC4,3,Lombardia,Lombardia,10060574,574021,5.71,0.28
824,2021-01-30,LOM,12308,4565,7743,9877,2263,159,8,1,0,192,12116,ITC,ITC4,3,Lombardia,Lombardia,10060574,586329,5.83,0.12
825,2021-02-05,LOM,24572,7141,17431,13658,6364,4294,256,0,0,2059,22513,ITC,ITC4,3,Lombardia,Lombardia,10060574,610901,6.07,0.24
826,2021-02-02,LOM,19778,6563,13215,13370,4650,1679,79,0,0,488,19290,ITC,ITC4,3,Lombardia,Lombardia,10060574,630679,6.27,0.2
827,2021-01-20,LOM,5528,1357,4171,1991,2186,1261,90,0,0,5413,115,ITC,ITC4,3,Lombardia,Lombardia,10060574,636207,6.32,0.05
828,2021-01-02,LOM,199,72,127,177,22,0,0,0,0,199,0,ITC,ITC4,3,Lombardia,Lombardia,10060574,636406,6.33,0.0
829,2021-01-29,LOM,13431,4111,9320,10442,2408,572,9,0,0,653,12778,ITC,ITC4,3,Lombardia,Lombardia,10060574,649837,6.46,0.13
830,2021-02-24,LOM,13803,5576,8227,3324,1650,1750,5875,1181,23,12989,814,ITC,ITC4,3,Lombardia,Lombardia,10060574,663640,6.6,0.14
831,2021-02-20,LOM,9383,3879,5504,4275,1117,217,2907,863,4,9090,293,ITC,ITC4,3,Lombardia,Lombardia,10060574,673023,6.69,0.09
832,2021-02-16,LOM,9323,3046,6277,5785,2249,1255,8,7,19,8873,450,ITC,ITC4,3,Lombardia,Lombardia,10060574,682346,6.78,0.09
833,2021-01-09,LOM,12376,4558,7818,8134,4039,192,10,1,0,12376,0,ITC,ITC4,3,Lombardia,Lombardia,10060574,694722,6.91,0.12
834,2021-01-07,LOM,11556,3594,7962,8086,2802,594,72,2,0,11556,0,ITC,ITC4,3,Lombardia,Lombardia,10060574,706278,7.02,0.11
835,2020-12-29,LOM,100,43,57,100,0,0,0,0,0,100,0,ITC,ITC4,3,Lombardia,Lombardia,10060574,706378,7.02,0.0
836,2021-02-26,LOM,17465,7248,10217,2958,1854,1047,10279,1303,24,15908,1557,ITC,ITC4,3,Lombardia,Lombardia,10060574,723843,7.19,0.17
837,2021-03-05,LOM,27121,11126,15995,6922,6410,1425,10153,1806,405,19078,8043,ITC,ITC4,3,Lombardia,Lombardia,10060574,750964,7.46,0.27
838,2021-01-23,LOM,1114,357,757,500,578,36,0,0,0,916,198,ITC,ITC4,3,Lombardia,Lombardia,10060574,752078,7.48,0.01
839,2021-02-13,LOM,6298,2395,3903,3859,1753,670,16,0,0,4927,1371,ITC,ITC4,3,Lombardia,Lombardia,10060574,758376,7.54,0.06
840,2021-01-16,LOM,15261,5688,9573,8149,5653,1277,179,3,0,15261,0,ITC,ITC4,3,Lombardia,Lombardia,10060574,773637,7.69,0.15
841,2021-03-01,LOM,18168,7944,10224,2572,2559,804,10672,1533,28,16491,1677,ITC,ITC4,3,Lombardia,Lombardia,10060574,791805,7.87,0.18
842,2021-01-06,LOM,7044,2486,4558,5264,1742,35,3,0,0,7044,0,ITC,ITC4,3,Lombardia,Lombardia,10060574,798849,7.94,0.07
843,2021-03-07,LOM,10407,4612,5795,2997,1933,72,4418,540,447,7857,2550,ITC,ITC4,3,Lombardia,Lombardia,10060574,809256,8.04,0.1
844,2020-12-28,LOM,103,44,59,102,1,0,0,0,0,103,0,ITC,ITC4,3,Lombardia,Lombardia,10060574,809359,8.04,0.0
845,2021-02-04,LOM,27001,7906,19095,15342,6009,5458,192,0,0,1877,25124,ITC,ITC4,3,Lombardia,Lombardia,10060574,836360,8.31,0.27
846,2021-02-25,LOM,14591,6070,8521,2725,1520,1262,7861,1216,7,13188,1403,ITC,ITC4,3,Lombardia,Lombardia,10060574,850951,8.46,0.15
847,2021-01-19,LOM,7924,2306,5618,3109,2931,1770,113,1,0,7448,476,ITC,ITC4,3,Lombardia,Lombardia,10060574,858875,8.54,0.08
848,2021-02-14,LOM,3500,1514,1986,2601,875,24,0,0,0,2936,564,ITC,ITC4,3,Lombardia,Lombardia,10060574,862375,8.57,0.03
849,2021-02-27,LOM,13759,5792,7967,1999,1866,526,8230,1090,48,13221,538,ITC,ITC4,3,Lombardia,Lombardia,10060574,876134,8.71,0.14
850,2021-01-11,LOM,15976,5309,10667,10161,5163,552,100,0,0,15976,0,ITC,ITC4,3,Lombardia,Lombardia,10060574,892110,8.87,0.16
851,2021-01-15,LOM,24394,7181,17213,10225,9914,3844,405,6,0,24394,0,ITC,ITC4,3,Lombardia,Lombardia,10060574,916504,9.11,0.24
852,2021-02-05,UMB,780,234,546,645,51,84,0,0,0,18,762,ITI,ITI2,10,Umbria,Umbria,882015,780,0.09,0.09
853,2021-03-07,UMB,842,180,662,16,83,24,43,0,676,835,7,ITI,ITI2,10,Umbria,Umbria,882015,1622,0.18,0.1
854,2021-02-10,UMB,715,349,366,606,106,3,0,0,0,700,15,ITI,ITI2,10,Umbria,Umbria,882015,2337,0.26,0.08
855,2021-01-18,UMB,588,215,373,315,149,124,0,0,0,504,84,ITI,ITI2,10,Umbria,Umbria,882015,2925,0.33,0.07
856,2021-01-13,UMB,450,139,311,379,29,42,0,0,0,450,0,ITI,ITI2,10,Umbria,Umbria,882015,3375,0.38,0.05
857,2021-03-10,UMB,3905,1862,2043,120,853,111,2537,209,75,2652,1253,ITI,ITI2,10,Umbria,Umbria,882015,7280,0.83,0.44
858,2021-01-06,UMB,843,323,520,840,3,0,0,0,0,843,0,ITI,ITI2,10,Umbria,Umbria,882015,8123,0.92,0.1
859,2021-02-24,UMB,1496,557,939,1081,43,71,292,9,0,1480,16,ITI,ITI2,10,Umbria,Umbria,882015,9619,1.09,0.17
860,2021-02-08,UMB,637,203,434,368,112,153,0,4,0,88,549,ITI,ITI2,10,Umbria,Umbria,882015,10256,1.16,0.07
861,2021-01-19,UMB,103,23,80,21,2,80,0,0,0,103,0,ITI,ITI2,10,Umbria,Umbria,882015,10359,1.17,0.01
862,2021-01-07,UMB,1291,383,908,883,4,404,0,0,0,1291,0,ITI,ITI2,10,Umbria,Umbria,882015,11650,1.32,0.15
863,2021-02-26,UMB,653,250,403,381,71,40,154,4,3,645,8,ITI,ITI2,10,Umbria,Umbria,882015,12303,1.39,0.07
864,2021-02-03,UMB,725,174,551,560,37,128,0,0,0,67,658,ITI,ITI2,10,Umbria,Umbria,882015,13028,1.48,0.08
865,2021-01-04,UMB,809,397,412,808,1,0,0,0,0,809,0,ITI,ITI2,10,Umbria,Umbria,882015,13837,1.57,0.09
866,2021-02-06,UMB,396,138,258,333,47,16,0,0,0,34,362,ITI,ITI2,10,Umbria,Umbria,882015,14233,1.61,0.04
867,2021-02-25,UMB,1332,494,838,825,100,97,305,0,5,1280,52,ITI,ITI2,10,Umbria,Umbria,882015,15565,1.76,0.15
868,2021-02-12,UMB,671,224,447,459,208,1,1,0,2,665,6,ITI,ITI2,10,Umbria,Umbria,882015,16236,1.84,0.08
869,2021-01-26,UMB,814,390,424,813,1,0,0,0,0,18,796,ITI,ITI2,10,Umbria,Umbria,882015,17050,1.93,0.09
870,2021-01-22,UMB,276,105,171,273,1,2,0,0,0,32,244,ITI,ITI2,10,Umbria,Umbria,882015,17326,1.96,0.03
871,2021-01-31,UMB,1056,276,780,765,10,281,0,0,0,25,1031,ITI,ITI2,10,Umbria,Umbria,882015,18382,2.08,0.12
872,2021-01-03,UMB,267,111,156,267,0,0,0,0,0,267,0,ITI,ITI2,10,Umbria,Umbria,882015,18649,2.11,0.03
873,2021-01-16,UMB,221,73,148,146,32,43,0,0,0,221,0,ITI,ITI2,10,Umbria,Umbria,882015,18870,2.14,0.03
874,2021-03-06,UMB,4244,1107,3137,422,247,25,1108,120,2322,4101,143,ITI,ITI2,10,Umbria,Umbria,882015,23114,2.62,0.48
875,2021-02-16,UMB,1307,655,652,33,12,0,1262,0,0,1298,9,ITI,ITI2,10,Umbria,Umbria,882015,24421,2.77,0.15
876,2021-02-17,UMB,1618,748,870,363,14,0,1240,0,1,1267,351,ITI,ITI2,10,Umbria,Umbria,882015,26039,2.95,0.18
877,2021-01-15,UMB,692,212,480,588,44,60,0,0,0,692,0,ITI,ITI2,10,Umbria,Umbria,882015,26731,3.03,0.08
878,2021-01-09,UMB,1719,492,1227,888,10,821,0,0,0,1719,0,ITI,ITI2,10,Umbria,Umbria,882015,28450,3.23,0.19
879,2021-02-11,UMB,842,349,493,735,99,5,0,0,3,837,5,ITI,ITI2,10,Umbria,Umbria,882015,29292,3.32,0.1
880,2021-01-12,UMB,784,247,537,665,14,105,0,0,0,784,0,ITI,ITI2,10,Umbria,Umbria,882015,30076,3.41,0.09
881,2021-02-07,UMB,54,17,37,46,8,0,0,0,0,1,53,ITI,ITI2,10,Umbria,Umbria,882015,30130,3.42,0.01
882,2021-01-29,UMB,1221,343,878,934,16,271,0,0,0,79,1142,ITI,ITI2,10,Umbria,Umbria,882015,31351,3.55,0.14
883,2021-02-01,UMB,1260,333,927,876,32,352,0,0,0,47,1213,ITI,ITI2,10,Umbria,Umbria,882015,32611,3.7,0.14
884,2021-01-25,UMB,647,322,325,645,2,0,0,0,0,5,642,ITI,ITI2,10,Umbria,Umbria,882015,33258,3.77,0.07
885,2021-01-11,UMB,1271,336,935,878,20,373,0,0,0,1271,0,ITI,ITI2,10,Umbria,Umbria,882015,34529,3.91,0.14
886,2021-03-09,UMB,4004,1939,2065,142,681,94,2899,165,23,2711,1293,ITI,ITI2,10,Umbria,Umbria,882015,38533,4.37,0.45
887,2021-01-02,UMB,301,110,191,301,0,0,0,0,0,301,0,ITI,ITI2,10,Umbria,Umbria,882015,38834,4.4,0.03
888,2021-02-20,UMB,282,100,182,83,8,39,152,0,0,258,24,ITI,ITI2,10,Umbria,Umbria,882015,39116,4.43,0.03
889,2021-01-30,UMB,1577,483,1094,841,18,717,1,0,0,44,1533,ITI,ITI2,10,Umbria,Umbria,882015,40693,4.61,0.18
890,2021-01-27,UMB,838,329,509,837,1,0,0,0,0,13,825,ITI,ITI2,10,Umbria,Umbria,882015,41531,4.71,0.1
891,2021-03-04,UMB,4470,1848,2622,849,236,4,1549,366,1466,3642,828,ITI,ITI2,10,Umbria,Umbria,882015,46001,5.22,0.51
892,2021-02-13,UMB,115,28,87,68,46,0,1,0,0,112,3,ITI,ITI2,10,Umbria,Umbria,882015,46116,5.23,0.01
893,2021-01-23,UMB,277,100,177,276,1,0,0,0,0,2,275,ITI,ITI2,10,Umbria,Umbria,882015,46393,5.26,0.03
894,2021-02-04,UMB,732,226,506,692,20,20,0,0,0,25,707,ITI,ITI2,10,Umbria,Umbria,882015,47125,5.34,0.08
895,2021-03-02,UMB,3625,1343,2282,318,276,55,1290,241,1445,3621,4,ITI,ITI2,10,Umbria,Umbria,882015,50750,5.75,0.41
896,2021-01-28,UMB,1240,392,848,891,4,345,0,0,0,19,1221,ITI,ITI2,10,Umbria,Umbria,882015,51990,5.89,0.14
897,2021-01-17,UMB,54,17,37,47,7,0,0,0,0,54,0,ITI,ITI2,10,Umbria,Umbria,882015,52044,5.9,0.01
898,2021-01-10,UMB,1056,275,781,740,9,307,0,0,0,1056,0,ITI,ITI2,10,Umbria,Umbria,882015,53100,6.02,0.12
899,2021-02-27,UMB,1658,354,1304,14,11,13,0,60,1560,1642,16,ITI,ITI2,10,Umbria,Umbria,882015,54758,6.21,0.19
900,2021-03-03,UMB,4431,1767,2664,720,290,82,1517,289,1533,3719,712,ITI,ITI2,10,Umbria,Umbria,882015,59189,6.71,0.5
901,2021-02-18,UMB,1495,582,913,324,16,170,985,0,0,1029,466,ITI,ITI2,10,Umbria,Umbria,882015,60684,6.88,0.17
902,2021-01-08,UMB,1173,337,836,926,9,238,0,0,0,1173,0,ITI,ITI2,10,Umbria,Umbria,882015,61857,7.01,0.13
903,2020-12-31,UMB,322,127,195,310,12,0,0,0,0,322,0,ITI,ITI2,10,Umbria,Umbria,882015,62179,7.05,0.04
904,2021-02-23,UMB,1693,658,1035,1187,95,17,394,0,0,1650,43,ITI,ITI2,10,Umbria,Umbria,882015,63872,7.24,0.19
905,2021-02-19,UMB,743,293,450,281,16,14,432,0,0,526,217,ITI,ITI2,10,Umbria,Umbria,882015,64615,7.33,0.08
906,2021-01-01,UMB,269,102,167,268,1,0,0,0,0,269,0,ITI,ITI2,10,Umbria,Umbria,882015,64884,7.36,0.03
907,2021-01-24,UMB,254,104,150,254,0,0,0,0,0,1,253,ITI,ITI2,10,Umbria,Umbria,882015,65138,7.39,0.03
908,2021-01-21,UMB,610,202,408,428,13,169,0,0,0,341,269,ITI,ITI2,10,Umbria,Umbria,882015,65748,7.45,0.07
909,2020-12-27,UMB,85,45,40,67,2,16,0,0,0,85,0,ITI,ITI2,10,Umbria,Umbria,882015,65833,7.46,0.01
910,2021-03-08,UMB,3660,1794,1866,140,355,43,2850,230,42,2298,1362,ITI,ITI2,10,Umbria,Umbria,882015,69493,7.88,0.41
911,2021-01-20,UMB,613,222,391,583,15,14,0,0,1,613,0,ITI,ITI2,10,Umbria,Umbria,882015,70106,7.95,0.07
912,2021-02-15,UMB,1368,692,676,10,8,0,1350,0,0,1367,1,ITI,ITI2,10,Umbria,Umbria,882015,71474,8.1,0.16
913,2021-03-01,UMB,1510,777,733,114,28,0,1249,118,1,1396,114,ITI,ITI2,10,Umbria,Umbria,882015,72984,8.27,0.17
914,2021-01-05,UMB,850,428,422,845,5,0,0,0,0,850,0,ITI,ITI2,10,Umbria,Umbria,882015,73834,8.37,0.1
915,2021-03-05,UMB,4573,1377,3196,604,388,7,673,347,2554,3917,656,ITI,ITI2,10,Umbria,Umbria,882015,78407,8.89,0.52
916,2021-02-02,UMB,942,274,668,713,17,212,0,0,0,32,910,ITI,ITI2,10,Umbria,Umbria,882015,79349,9.0,0.11
917,2021-01-14,UMB,749,200,549,696,35,17,0,0,1,749,0,ITI,ITI2,10,Umbria,Umbria,882015,80098,9.08,0.08
918,2021-02-22,UMB,1858,777,1081,732,120,1,1005,0,0,1769,89,ITI,ITI2,10,Umbria,Umbria,882015,81956,9.29,0.21
919,2021-01-19,PIE,6408,2097,4311,3573,1299,1536,0,0,0,6399,9,ITC,ITC1,1,Piemonte,Piemonte,4356406,6408,0.15,0.15
920,2021-01-16,PIE,7754,2630,5124,4794,1590,1370,0,0,0,7754,0,ITC,ITC1,1,Piemonte,Piemonte,4356406,14162,0.33,0.18
921,2021-02-13,PIE,4148,1334,2814,2309,721,1112,1,0,5,2926,1222,ITC,ITC1,1,Piemonte,Piemonte,4356406,18310,0.42,0.1
922,2021-01-18,PIE,6144,2042,4102,3233,1402,1509,0,0,0,5896,248,ITC,ITC1,1,Piemonte,Piemonte,4356406,24454,0.56,0.14
923,2021-01-15,PIE,8961,2951,6010,5493,1924,1544,0,0,0,8961,0,ITC,ITC1,1,Piemonte,Piemonte,4356406,33415,0.77,0.21
924,2021-02-25,PIE,11621,4901,6720,1433,1837,405,6059,0,1887,11061,560,ITC,ITC1,1,Piemonte,Piemonte,4356406,45036,1.03,0.27
925,2021-02-16,PIE,3811,1602,2209,1819,1443,548,0,0,1,3053,758,ITC,ITC1,1,Piemonte,Piemonte,4356406,48847,1.12,0.09
926,2021-02-14,PIE,1475,498,977,796,380,285,0,0,14,875,600,ITC,ITC1,1,Piemonte,Piemonte,4356406,50322,1.16,0.03
927,2021-01-09,PIE,6183,2185,3998,4488,1127,568,0,0,0,6183,0,ITC,ITC1,1,Piemonte,Piemonte,4356406,56505,1.3,0.14
928,2021-02-24,PIE,10716,4294,6422,1697,1131,388,5350,0,2150,10207,509,ITC,ITC1,1,Piemonte,Piemonte,4356406,67221,1.54,0.25
929,2021-01-07,PIE,5385,1739,3646,4158,886,341,0,0,0,5385,0,ITC,ITC1,1,Piemonte,Piemonte,4356406,72606,1.67,0.12
930,2021-02-27,PIE,12160,4647,7513,711,964,232,7295,0,2958,11815,345,ITC,ITC1,1,Piemonte,Piemonte,4356406,84766,1.95,0.28
931,2021-03-09,PIE,12513,4904,7609,1648,1509,300,6964,0,2092,10262,2251,ITC,ITC1,1,Piemonte,Piemonte,4356406,97279,2.23,0.29
932,2021-01-29,PIE,5939,1886,4053,4198,1069,672,0,0,0,455,5484,ITC,ITC1,1,Piemonte,Piemonte,4356406,103218,2.37,0.14
933,2021-02-17,PIE,4538,1942,2596,2186,1853,497,1,0,1,3549,989,ITC,ITC1,1,Piemonte,Piemonte,4356406,107756,2.47,0.1
934,2021-02-09,PIE,7339,2307,5032,4153,1366,1820,0,0,0,722,6617,ITC,ITC1,1,Piemonte,Piemonte,4356406,115095,2.64,0.17
935,2021-01-27,PIE,4194,1452,2742,2981,656,557,0,0,0,999,3195,ITC,ITC1,1,Piemonte,Piemonte,4356406,119289,2.74,0.1
936,2021-01-06,PIE,3114,1110,2004,2368,433,313,0,0,0,3114,0,ITC,ITC1,1,Piemonte,Piemonte,4356406,122403,2.81,0.07
937,2021-02-03,PIE,10148,3293,6855,6615,2299,1234,0,0,0,611,9537,ITC,ITC1,1,Piemonte,Piemonte,4356406,132551,3.04,0.23
938,2021-02-12,PIE,6848,2182,4666,3522,1617,1707,0,0,2,3891,2957,ITC,ITC1,1,Piemonte,Piemonte,4356406,139399,3.2,0.16
939,2021-01-04,PIE,5562,1678,3884,4590,737,235,0,0,0,5562,0,ITC,ITC1,1,Piemonte,Piemonte,4356406,144961,3.33,0.13
940,2021-01-03,PIE,3061,966,2095,2714,295,52,0,0,0,3061,0,ITC,ITC1,1,Piemonte,Piemonte,4356406,148022,3.4,0.07
941,2021-03-06,PIE,12305,4533,7772,2145,1064,456,5974,0,2666,9522,2783,ITC,ITC1,1,Piemonte,Piemonte,4356406,160327,3.68,0.28
942,2020-12-27,PIE,912,368,544,760,76,76,0,0,0,912,0,ITC,ITC1,1,Piemonte,Piemonte,4356406,161239,3.7,0.02
943,2021-01-22,PIE,3864,1248,2616,2279,650,935,0,0,0,2523,1341,ITC,ITC1,1,Piemonte,Piemonte,4356406,165103,3.79,0.09
944,2021-01-17,PIE,3517,1168,2349,2083,595,839,0,0,0,2870,647,ITC,ITC1,1,Piemonte,Piemonte,4356406,168620,3.87,0.08
945,2021-01-26,PIE,6328,1878,4450,4725,875,728,0,0,0,735,5593,ITC,ITC1,1,Piemonte,Piemonte,4356406,174948,4.02,0.15
946,2021-02-10,PIE,7444,2345,5099,3847,1498,2099,0,0,0,1316,6128,ITC,ITC1,1,Piemonte,Piemonte,4356406,182392,4.19,0.17
947,2021-02-15,PIE,4190,1416,2774,2300,980,908,1,0,1,2985,1205,ITC,ITC1,1,Piemonte,Piemonte,4356406,186582,4.28,0.1
948,2021-03-08,PIE,12727,4870,7857,2009,1373,362,6828,0,2155,10108,2619,ITC,ITC1,1,Piemonte,Piemonte,4356406,199309,4.58,0.29
949,2021-03-01,PIE,10881,4274,6607,1117,1077,279,6181,0,2227,10065,816,ITC,ITC1,1,Piemonte,Piemonte,4356406,210190,4.82,0.25
950,2021-01-20,PIE,6538,2067,4471,3571,1153,1814,0,0,0,5813,725,ITC,ITC1,1,Piemonte,Piemonte,4356406,216728,4.97,0.15
951,2021-01-05,PIE,5377,1602,3775,4364,728,285,0,0,0,5377,0,ITC,ITC1,1,Piemonte,Piemonte,4356406,222105,5.1,0.12
952,2021-03-04,PIE,13191,5133,8058,2148,1819,580,6593,0,2051,10279,2912,ITC,ITC1,1,Piemonte,Piemonte,4356406,235296,5.4,0.3
953,2021-01-24,PIE,3150,957,2193,2632,372,146,0,0,0,434,2716,ITC,ITC1,1,Piemonte,Piemonte,4356406,238446,5.47,0.07
954,2021-01-02,PIE,3539,1134,2405,3072,414,53,0,0,0,3539,0,ITC,ITC1,1,Piemonte,Piemonte,4356406,241985,5.55,0.08
955,2021-02-08,PIE,6895,2350,4545,3782,1556,1557,0,0,0,665,6230,ITC,ITC1,1,Piemonte,Piemonte,4356406,248880,5.71,0.16
956,2021-02-22,PIE,8061,3222,4839,1695,1240,518,3717,0,891,7471,590,ITC,ITC1,1,Piemonte,Piemonte,4356406,256941,5.9,0.19
957,2021-02-01,PIE,8641,3053,5588,6164,1403,1074,0,0,0,578,8063,ITC,ITC1,1,Piemonte,Piemonte,4356406,265582,6.1,0.2
958,2021-02-19,PIE,5358,2011,3347,1982,1605,664,30,0,1077,4844,514,ITC,ITC1,1,Piemonte,Piemonte,4356406,270940,6.22,0.12
959,2021-02-05,PIE,9449,3077,6372,5764,2041,1644,0,0,0,657,8792,ITC,ITC1,1,Piemonte,Piemonte,4356406,280389,6.44,0.22
960,2021-02-21,PIE,4860,2001,2859,612,262,47,3202,0,737,4757,103,ITC,ITC1,1,Piemonte,Piemonte,4356406,285249,6.55,0.11
961,2021-02-28,PIE,10332,3900,6432,528,444,53,6599,0,2708,10092,240,ITC,ITC1,1,Piemonte,Piemonte,4356406,295581,6.78,0.24
962,2021-02-20,PIE,3690,1219,2471,1035,1049,218,30,0,1358,3516,174,ITC,ITC1,1,Piemonte,Piemonte,4356406,299271,6.87,0.08
963,2021-03-07,PIE,10925,4254,6671,1219,1058,98,6513,0,2037,10057,868,ITC,ITC1,1,Piemonte,Piemonte,4356406,310196,7.12,0.25
964,2021-01-14,PIE,9761,3150,6611,6175,2102,1484,0,0,0,9761,0,ITC,ITC1,1,Piemonte,Piemonte,4356406,319957,7.34,0.22
965,2021-01-23,PIE,4219,1321,2898,3190,523,506,0,0,0,878,3341,ITC,ITC1,1,Piemonte,Piemonte,4356406,324176,7.44,0.1
966,2021-01-12,PIE,9988,3387,6601,6821,1995,1172,0,0,0,9988,0,ITC,ITC1,1,Piemonte,Piemonte,4356406,334164,7.67,0.23
967,2021-01-10,PIE,5207,2273,2934,3904,784,519,0,0,0,5207,0,ITC,ITC1,1,Piemonte,Piemonte,4356406,339371,7.79,0.12
968,2021-02-11,PIE,6741,2086,4655,3420,1307,2011,0,0,3,2983,3758,ITC,ITC1,1,Piemonte,Piemonte,4356406,346112,7.94,0.15
969,2021-03-02,PIE,9891,3875,6016,892,932,214,5523,0,2330,9078,813,ITC,ITC1,1,Piemonte,Piemonte,4356406,356003,8.17,0.23
970,2021-02-18,PIE,4562,1906,2656,2236,1720,604,0,0,2,4165,397,ITC,ITC1,1,Piemonte,Piemonte,4356406,360565,8.28,0.1
971,2020-12-30,PIE,730,322,408,685,45,0,0,0,0,730,0,ITC,ITC1,1,Piemonte,Piemonte,4356406,361295,8.29,0.02
972,2021-01-08,PIE,5528,1761,3767,4078,1029,421,0,0,0,5528,0,ITC,ITC1,1,Piemonte,Piemonte,4356406,366823,8.42,0.13
973,2020-12-31,PIE,3907,1332,2575,3413,360,134,0,0,0,3907,0,ITC,ITC1,1,Piemonte,Piemonte,4356406,370730,8.51,0.09
974,2021-01-13,PIE,10041,3214,6827,6458,2255,1328,0,0,0,10041,0,ITC,ITC1,1,Piemonte,Piemonte,4356406,380771,8.74,0.23
975,2020-12-28,PIE,1,1,0,1,0,0,0,0,0,1,0,ITC,ITC1,1,Piemonte,Piemonte,4356406,380772,8.74,0.0
976,2021-02-07,PIE,3087,974,2113,1649,662,776,0,0,0,445,2642,ITC,ITC1,1,Piemonte,Piemonte,4356406,383859,8.81,0.07
977,2021-03-05,PIE,14110,5454,8656,2527,1872,644,6818,0,2249,10311,3799,ITC,ITC1,1,Piemonte,Piemonte,4356406,397969,9.14,0.32
978,2021-01-21,PIE,6876,2314,4562,4705,855,1316,0,0,0,3381,3495,ITC,ITC1,1,Piemonte,Piemonte,4356406,404845,9.29,0.16
979,2021-02-23,PIE,8637,3408,5229,2118,1225,376,3858,0,1060,8047,590,ITC,ITC1,1,Piemonte,Piemonte,4356406,413482,9.49,0.2
980,2021-02-26,PIE,11524,4503,7021,810,1219,487,6223,0,2785,10788,736,ITC,ITC1,1,Piemonte,Piemonte,4356406,425006,9.76,0.26
981,2021-01-25,PIE,6209,1938,4271,4782,865,562,0,0,0,982,5227,ITC,ITC1,1,Piemonte,Piemonte,4356406,431215,9.9,0.14
982,2021-03-03,PIE,11012,4075,6937,1036,784,258,6262,0,2672,10173,839,ITC,ITC1,1,Piemonte,Piemonte,4356406,442227,10.15,0.25
983,2021-01-01,PIE,1038,395,643,922,116,0,0,0,0,1038,0,ITC,ITC1,1,Piemonte,Piemonte,4356406,443265,10.18,0.02
984,2021-03-10,PIE,12270,4687,7583,1559,1268,99,7459,0,1885,10256,2014,ITC,ITC1,1,Piemonte,Piemonte,4356406,455535,10.46,0.28
985,2021-02-04,PIE,10189,3336,6853,6234,2199,1756,0,0,0,581,9608,ITC,ITC1,1,Piemonte,Piemonte,4356406,465724,10.69,0.23
986,2021-01-31,PIE,4105,1748,2357,3076,654,375,0,0,0,112,3993,ITC,ITC1,1,Piemonte,Piemonte,4356406,469829,10.78,0.09
987,2021-01-28,PIE,5555,1801,3754,4107,876,571,1,0,0,351,5204,ITC,ITC1,1,Piemonte,Piemonte,4356406,475384,10.91,0.13
988,2021-01-11,PIE,8740,2980,5760,6053,1561,1126,0,0,0,8740,0,ITC,ITC1,1,Piemonte,Piemonte,4356406,484124,11.11,0.2
989,2021-02-02,PIE,10178,3490,6688,6826,2034,1318,0,0,0,814,9364,ITC,ITC1,1,Piemonte,Piemonte,4356406,494302,11.35,0.23
990,2021-01-30,PIE,5978,2135,3843,4367,1116,495,0,0,0,218,5760,ITC,ITC1,1,Piemonte,Piemonte,4356406,500280,11.48,0.14
991,2021-02-06,PIE,7982,2664,5318,5100,1627,1255,0,0,0,400,7582,ITC,ITC1,1,Piemonte,Piemonte,4356406,508262,11.67,0.18
992,2021-02-11,LIG,1939,751,1188,1221,257,455,0,0,6,1080,859,ITC,ITC3,7,Liguria,Liguria,1550640,1939,0.13,0.13
993,2021-01-21,LIG,1099,384,715,582,184,332,1,0,0,670,429,ITC,ITC3,7,Liguria,Liguria,1550640,3038,0.2,0.07
994,2021-01-28,LIG,2828,965,1863,2225,288,309,0,1,5,40,2788,ITC,ITC3,7,Liguria,Liguria,1550640,5866,0.38,0.18
995,2021-01-05,LIG,2867,892,1975,2296,303,261,0,0,7,2867,0,ITC,ITC3,7,Liguria,Liguria,1550640,8733,0.56,0.18
996,2021-01-15,LIG,2235,749,1486,1322,401,510,0,0,2,2235,0,ITC,ITC3,7,Liguria,Liguria,1550640,10968,0.71,0.14
997,2021-01-14,LIG,2965,1049,1916,1861,550,553,0,0,1,2965,0,ITC,ITC3,7,Liguria,Liguria,1550640,13933,0.9,0.19
998,2021-02-16,LIG,2366,937,1429,958,410,283,713,0,2,1975,391,ITC,ITC3,7,Liguria,Liguria,1550640,16299,1.05,0.15
999,2020-12-29,LIG,123,33,90,91,11,21,0,0,0,123,0,ITC,ITC3,7,Liguria,Liguria,1550640,16422,1.06,0.01
1000,2021-01-01,LIG,144,55,89,139,5,0,0,0,0,144,0,ITC,ITC3,7,Liguria,Liguria,1550640,16566,1.07,0.01
1001,2021-01-18,LIG,2106,733,1373,1236,422,438,0,0,10,1950,156,ITC,ITC3,7,Liguria,Liguria,1550640,18672,1.2,0.14
1002,2021-01-16,LIG,1277,557,720,752,225,299,0,0,1,1277,0,ITC,ITC3,7,Liguria,Liguria,1550640,19949,1.29,0.08
1003,2021-02-22,LIG,3299,1447,1852,700,211,226,2160,0,2,3161,138,ITC,ITC3,7,Liguria,Liguria,1550640,23248,1.5,0.21
1004,2021-01-13,LIG,2744,1009,1735,1905,348,487,0,0,4,2744,0,ITC,ITC3,7,Liguria,Liguria,1550640,25992,1.68,0.18
1005,2021-01-30,LIG,1660,567,1093,1261,141,256,0,0,2,25,1635,ITC,ITC3,7,Liguria,Liguria,1550640,27652,1.78,0.11
1006,2021-02-06,LIG,1890,767,1123,1308,206,375,0,0,1,145,1745,ITC,ITC3,7,Liguria,Liguria,1550640,29542,1.91,0.12
1007,2021-01-19,LIG,1346,427,919,701,314,328,0,0,3,1256,90,ITC,ITC3,7,Liguria,Liguria,1550640,30888,1.99,0.09
1008,2021-01-03,LIG,734,230,504,658,75,0,0,0,1,734,0,ITC,ITC3,7,Liguria,Liguria,1550640,31622,2.04,0.05
1009,2021-03-10,LIG,5323,2582,2741,786,710,83,3358,385,1,3528,1795,ITC,ITC3,7,Liguria,Liguria,1550640,36945,2.38,0.34
1010,2021-03-08,LIG,5466,2416,3050,1077,506,64,3508,304,7,3843,1623,ITC,ITC3,7,Liguria,Liguria,1550640,42411,2.74,0.35
1011,2021-01-09,LIG,1334,481,853,998,147,187,0,0,2,1334,0,ITC,ITC3,7,Liguria,Liguria,1550640,43745,2.82,0.09
1012,2021-03-03,LIG,4458,1780,2678,1022,240,288,2900,3,5,3468,990,ITC,ITC3,7,Liguria,Liguria,1550640,48203,3.11,0.29
1013,2021-02-27,LIG,1884,920,964,136,544,5,1199,0,0,1755,129,ITC,ITC3,7,Liguria,Liguria,1550640,50087,3.23,0.12
1014,2021-01-20,LIG,1443,524,919,686,329,426,0,0,2,1431,12,ITC,ITC3,7,Liguria,Liguria,1550640,51530,3.32,0.09
1015,2021-02-02,LIG,2648,995,1653,1954,228,464,0,0,2,198,2450,ITC,ITC3,7,Liguria,Liguria,1550640,54178,3.49,0.17
1016,2021-01-06,LIG,1659,616,1043,1229,250,113,64,0,3,1659,0,ITC,ITC3,7,Liguria,Liguria,1550640,55837,3.6,0.11
1017,2021-01-29,LIG,2984,1042,1942,2268,302,412,0,0,2,64,2920,ITC,ITC3,7,Liguria,Liguria,1550640,58821,3.79,0.19
1018,2021-01-22,LIG,1807,600,1207,1059,183,565,0,0,0,1325,482,ITC,ITC3,7,Liguria,Liguria,1550640,60628,3.91,0.12
1019,2021-02-25,LIG,3435,1345,2090,549,219,88,2576,2,1,3305,130,ITC,ITC3,7,Liguria,Liguria,1550640,64063,4.13,0.22
1020,2020-12-28,LIG,79,29,50,76,3,0,0,0,0,79,0,ITC,ITC3,7,Liguria,Liguria,1550640,64142,4.14,0.01
1021,2020-12-27,LIG,135,56,79,88,2,45,0,0,0,135,0,ITC,ITC3,7,Liguria,Liguria,1550640,64277,4.15,0.01
1022,2021-01-07,LIG,3153,1072,2081,2300,420,428,0,1,4,3153,0,ITC,ITC3,7,Liguria,Liguria,1550640,67430,4.35,0.2
1023,2021-01-08,LIG,2910,995,1915,2069,405,431,0,1,4,2910,0,ITC,ITC3,7,Liguria,Liguria,1550640,70340,4.54,0.19
1024,2021-01-24,LIG,755,236,519,632,63,60,0,0,0,113,642,ITC,ITC3,7,Liguria,Liguria,1550640,71095,4.58,0.05
1025,2021-03-07,LIG,1856,1084,772,184,524,256,508,383,1,1557,299,ITC,ITC3,7,Liguria,Liguria,1550640,72951,4.7,0.12
1026,2021-02-19,LIG,3049,1263,1786,948,593,97,1408,0,3,2874,175,ITC,ITC3,7,Liguria,Liguria,1550640,76000,4.9,0.2
1027,2021-02-18,LIG,2733,1116,1617,922,444,349,1015,0,3,2405,328,ITC,ITC3,7,Liguria,Liguria,1550640,78733,5.08,0.18
1028,2021-03-04,LIG,4692,2102,2590,910,315,277,2904,282,4,3870,822,ITC,ITC3,7,Liguria,Liguria,1550640,83425,5.38,0.3
1029,2021-03-09,LIG,5546,2612,2934,952,590,82,3393,529,0,4250,1296,ITC,ITC3,7,Liguria,Liguria,1550640,88971,5.74,0.36
1030,2021-01-26,LIG,2462,795,1667,1946,260,251,0,0,5,101,2361,ITC,ITC3,7,Liguria,Liguria,1550640,91433,5.9,0.16
1031,2021-01-27,LIG,1732,599,1133,1327,177,227,0,0,1,143,1589,ITC,ITC3,7,Liguria,Liguria,1550640,93165,6.01,0.11
1032,2021-02-14,LIG,231,121,110,31,30,110,60,0,0,231,0,ITC,ITC3,7,Liguria,Liguria,1550640,93396,6.02,0.01
1033,2021-02-13,LIG,1078,507,571,543,135,146,254,0,0,799,279,ITC,ITC3,7,Liguria,Liguria,1550640,94474,6.09,0.07
1034,2021-02-24,LIG,3720,1544,2176,785,267,150,2517,0,1,3463,257,ITC,ITC3,7,Liguria,Liguria,1550640,98194,6.33,0.24
1035,2021-02-23,LIG,3782,1552,2230,683,258,113,2724,2,2,3674,108,ITC,ITC3,7,Liguria,Liguria,1550640,101976,6.58,0.24
1036,2021-02-17,LIG,2605,1153,1452,867,360,262,1115,0,1,2243,362,ITC,ITC3,7,Liguria,Liguria,1550640,104581,6.74,0.17
1037,2021-03-06,LIG,3242,1817,1425,373,788,119,1490,472,0,2538,704,ITC,ITC3,7,Liguria,Liguria,1550640,107823,6.95,0.21
1038,2021-01-25,LIG,2711,886,1825,2202,190,317,0,0,2,471,2240,ITC,ITC3,7,Liguria,Liguria,1550640,110534,7.13,0.17
1039,2021-02-12,LIG,1896,677,1219,853,221,391,430,0,1,977,919,ITC,ITC3,7,Liguria,Liguria,1550640,112430,7.25,0.12
1040,2021-02-26,LIG,3641,1473,2168,760,201,168,2510,0,2,3312,329,ITC,ITC3,7,Liguria,Liguria,1550640,116071,7.49,0.23
1041,2021-02-09,LIG,1881,677,1204,1071,333,455,0,0,22,255,1626,ITC,ITC3,7,Liguria,Liguria,1550640,117952,7.61,0.12
1042,2021-02-15,LIG,2209,825,1384,1040,264,240,662,1,2,1801,408,ITC,ITC3,7,Liguria,Liguria,1550640,120161,7.75,0.14
1043,2021-02-04,LIG,2802,979,1823,1858,464,471,0,1,8,179,2623,ITC,ITC3,7,Liguria,Liguria,1550640,122963,7.93,0.18
1044,2021-01-17,LIG,861,300,561,516,82,262,0,0,1,861,0,ITC,ITC3,7,Liguria,Liguria,1550640,123824,7.99,0.06
1045,2021-02-28,LIG,1060,581,479,12,571,3,474,0,0,1059,1,ITC,ITC3,7,Liguria,Liguria,1550640,124884,8.05,0.07
1046,2020-12-30,LIG,12,5,7,12,0,0,0,0,0,12,0,ITC,ITC3,7,Liguria,Liguria,1550640,124896,8.05,0.0
1047,2021-01-12,LIG,2439,875,1564,1729,269,439,0,0,2,2439,0,ITC,ITC3,7,Liguria,Liguria,1550640,127335,8.21,0.16
1048,2021-02-08,LIG,1840,710,1130,1214,377,242,0,0,7,306,1534,ITC,ITC3,7,Liguria,Liguria,1550640,129175,8.33,0.12
1049,2021-01-23,LIG,808,294,514,632,132,43,0,0,1,152,656,ITC,ITC3,7,Liguria,Liguria,1550640,129983,8.38,0.05
1050,2021-02-07,LIG,407,153,254,191,29,187,0,0,0,2,405,ITC,ITC3,7,Liguria,Liguria,1550640,130390,8.41,0.03
1051,2020-12-31,LIG,985,353,632,747,55,155,28,0,0,985,0,ITC,ITC3,7,Liguria,Liguria,1550640,131375,8.47,0.06
1052,2021-01-04,LIG,2499,821,1678,2140,235,121,0,0,3,2499,0,ITC,ITC3,7,Liguria,Liguria,1550640,133874,8.63,0.16
1053,2021-02-21,LIG,864,489,375,181,317,99,267,0,0,860,4,ITC,ITC3,7,Liguria,Liguria,1550640,134738,8.69,0.06
1054,2021-01-10,LIG,647,261,386,369,102,176,0,0,0,647,0,ITC,ITC3,7,Liguria,Liguria,1550640,135385,8.73,0.04
1055,2021-02-03,LIG,2234,770,1464,1596,255,382,0,0,1,54,2180,ITC,ITC3,7,Liguria,Liguria,1550640,137619,8.87,0.14
1056,2021-02-05,LIG,2617,971,1646,1723,426,464,0,0,4,301,2316,ITC,ITC3,7,Liguria,Liguria,1550640,140236,9.04,0.17
1057,2021-03-05,LIG,4764,2109,2655,777,319,81,3271,311,5,3656,1108,ITC,ITC3,7,Liguria,Liguria,1550640,145000,9.35,0.31
1058,2021-03-02,LIG,4026,1660,2366,718,172,76,3055,1,4,3717,309,ITC,ITC3,7,Liguria,Liguria,1550640,149026,9.61,0.26
1059,2021-03-01,LIG,3490,1421,2069,527,120,105,2737,0,1,3368,122,ITC,ITC3,7,Liguria,Liguria,1550640,152516,9.84,0.23
1060,2021-02-20,LIG,1326,633,693,158,463,120,585,0,0,1325,1,ITC,ITC3,7,Liguria,Liguria,1550640,153842,9.92,0.09
1061,2021-01-02,LIG,688,245,443,592,96,0,0,0,0,688,0,ITC,ITC3,7,Liguria,Liguria,1550640,154530,9.97,0.04
1062,2021-01-11,LIG,2641,985,1656,1979,345,316,0,0,1,2641,0,ITC,ITC3,7,Liguria,Liguria,1550640,157171,10.14,0.17
1063,2021-01-31,LIG,624,270,354,418,71,135,0,0,0,9,615,ITC,ITC3,7,Liguria,Liguria,1550640,157795,10.18,0.04
1064,2021-02-10,LIG,2262,821,1441,1341,416,496,5,0,4,1008,1254,ITC,ITC3,7,Liguria,Liguria,1550640,160057,10.32,0.15
1065,2021-02-01,LIG,2429,898,1531,1902,211,315,0,0,1,76,2353,ITC,ITC3,7,Liguria,Liguria,1550640,162486,10.48,0.16
1066,2021-02-05,VEN,8359,2531,5828,4266,1917,2160,7,5,4,1422,6937,ITH,ITH3,5,Veneto,Veneto,4905854,8359,0.17,0.17
1067,2021-02-13,VEN,3260,1472,1788,1558,677,1021,3,0,1,3246,14,ITH,ITH3,5,Veneto,Veneto,4905854,11619,0.24,0.07
1068,2021-01-24,VEN,4116,1219,2897,3750,140,222,1,0,3,28,4088,ITH,ITH3,5,Veneto,Veneto,4905854,15735,0.32,0.08
1069,2021-02-06,VEN,4086,1350,2736,3019,697,367,3,0,0,707,3379,ITH,ITH3,5,Veneto,Veneto,4905854,19821,0.4,0.08
1070,2021-02-28,VEN,4051,1309,2742,1702,1348,15,983,0,3,3214,837,ITH,ITH3,5,Veneto,Veneto,4905854,23872,0.49,0.08
1071,2021-01-26,VEN,6903,2081,4822,5309,626,962,0,1,5,155,6748,ITH,ITH3,5,Veneto,Veneto,4905854,30775,0.63,0.14
1072,2021-02-04,VEN,7307,2012,5295,3449,1464,2378,12,0,4,556,6751,ITH,ITH3,5,Veneto,Veneto,4905854,38082,0.78,0.15
1073,2021-03-10,VEN,17613,7975,9638,1351,2406,453,9026,774,3603,12010,5603,ITH,ITH3,5,Veneto,Veneto,4905854,55695,1.14,0.36
1074,2021-02-09,VEN,5107,1840,3267,3087,868,1132,20,0,0,3399,1708,ITH,ITH3,5,Veneto,Veneto,4905854,60802,1.24,0.1
1075,2021-03-01,VEN,9025,3423,5602,1984,1020,868,2627,26,2500,7200,1825,ITH,ITH3,5,Veneto,Veneto,4905854,69827,1.42,0.18
1076,2021-02-07,VEN,2313,861,1452,1930,330,50,2,0,1,714,1599,ITH,ITH3,5,Veneto,Veneto,4905854,72140,1.47,0.05
1077,2021-01-04,VEN,6726,2029,4697,5238,569,913,1,0,5,6726,0,ITH,ITH3,5,Veneto,Veneto,4905854,78866,1.61,0.14
1078,2020-12-30,VEN,699,245,454,598,62,39,0,0,0,699,0,ITH,ITH3,5,Veneto,Veneto,4905854,79565,1.62,0.01
1079,2021-01-13,VEN,5975,1600,4375,2790,1300,1880,3,0,2,5975,0,ITH,ITH3,5,Veneto,Veneto,4905854,85540,1.74,0.12
1080,2021-01-07,VEN,8360,2321,6039,5467,1087,1806,0,0,0,8360,0,ITH,ITH3,5,Veneto,Veneto,4905854,93900,1.91,0.17
1081,2021-02-26,VEN,8037,3121,4916,1658,1046,663,4379,9,282,6826,1211,ITH,ITH3,5,Veneto,Veneto,4905854,101937,2.08,0.16
1082,2021-02-23,VEN,7236,3154,4082,1005,467,212,5370,3,179,6977,259,ITH,ITH3,5,Veneto,Veneto,4905854,109173,2.23,0.15
1083,2021-02-25,VEN,7762,3238,4524,1508,561,467,4940,12,274,7170,592,ITH,ITH3,5,Veneto,Veneto,4905854,116935,2.38,0.16
1084,2021-01-08,VEN,9397,2831,6566,5977,1603,1807,3,1,6,9397,0,ITH,ITH3,5,Veneto,Veneto,4905854,126332,2.58,0.19
1085,2021-02-14,VEN,125,56,69,95,30,0,0,0,0,112,13,ITH,ITH3,5,Veneto,Veneto,4905854,126457,2.58,0.0
1086,2021-01-05,VEN,7327,2183,5144,5410,789,1122,0,1,5,7327,0,ITH,ITH3,5,Veneto,Veneto,4905854,133784,2.73,0.15
1087,2021-01-20,VEN,1039,368,671,696,130,213,0,0,0,387,652,ITH,ITH3,5,Veneto,Veneto,4905854,134823,2.75,0.02
1088,2021-01-27,VEN,7141,2064,5077,5203,1051,879,0,0,8,247,6894,ITH,ITH3,5,Veneto,Veneto,4905854,141964,2.89,0.15
1089,2021-01-18,VEN,2770,782,1988,1222,541,999,8,0,0,2571,199,ITH,ITH3,5,Veneto,Veneto,4905854,144734,2.95,0.06
1090,2020-12-31,VEN,3220,1044,2176,2701,265,252,0,0,2,3220,0,ITH,ITH3,5,Veneto,Veneto,4905854,147954,3.02,0.07
1091,2021-02-01,VEN,8522,2491,6031,4204,1956,2110,245,0,7,166,8356,ITH,ITH3,5,Veneto,Veneto,4905854,156476,3.19,0.17
1092,2021-01-19,VEN,1309,472,837,726,253,324,6,0,0,1160,149,ITH,ITH3,5,Veneto,Veneto,4905854,157785,3.22,0.03
1093,2021-02-16,VEN,6621,2867,3754,709,384,477,5049,1,1,6445,176,ITH,ITH3,5,Veneto,Veneto,4905854,164406,3.35,0.13
1094,2021-01-22,VEN,1080,332,748,946,77,57,0,0,0,26,1054,ITH,ITH3,5,Veneto,Veneto,4905854,165486,3.37,0.02
1095,2021-02-17,VEN,5999,2761,3238,403,278,360,4953,5,0,5905,94,ITH,ITH3,5,Veneto,Veneto,4905854,171485,3.5,0.12
1096,2021-03-06,VEN,10457,4246,6211,2939,2703,1471,1972,46,1326,7285,3172,ITH,ITH3,5,Veneto,Veneto,4905854,181942,3.71,0.21
1097,2021-01-29,VEN,8995,2780,6215,6037,1518,1434,3,1,2,367,8628,ITH,ITH3,5,Veneto,Veneto,4905854,190937,3.89,0.18
1098,2021-03-03,VEN,11521,4230,7291,3290,1362,1110,3375,125,2259,8060,3461,ITH,ITH3,5,Veneto,Veneto,4905854,202458,4.13,0.23
1099,2021-01-21,VEN,2290,719,1571,1985,162,141,0,0,2,21,2269,ITH,ITH3,5,Veneto,Veneto,4905854,204748,4.17,0.05
1100,2021-02-03,VEN,5933,1658,4275,2852,1333,1743,1,0,4,483,5450,ITH,ITH3,5,Veneto,Veneto,4905854,210681,4.29,0.12
1101,2021-01-03,VEN,5157,1563,3594,4596,311,249,0,0,1,5157,0,ITH,ITH3,5,Veneto,Veneto,4905854,215838,4.4,0.11
1102,2021-02-10,VEN,4703,1567,3136,3099,860,743,0,0,1,3652,1051,ITH,ITH3,5,Veneto,Veneto,4905854,220541,4.5,0.1
1103,2021-02-15,VEN,4367,1807,2560,481,206,381,3283,14,2,4120,247,ITH,ITH3,5,Veneto,Veneto,4905854,224908,4.58,0.09
1104,2021-02-20,VEN,6312,1980,4332,1784,215,97,970,6,3240,6307,5,ITH,ITH3,5,Veneto,Veneto,4905854,231220,4.71,0.13
1105,2021-01-16,VEN,4598,1539,3059,3193,756,649,0,0,0,4598,0,ITH,ITH3,5,Veneto,Veneto,4905854,235818,4.81,0.09
1106,2021-02-24,VEN,8458,3587,4871,1521,638,505,5600,183,11,7976,482,ITH,ITH3,5,Veneto,Veneto,4905854,244276,4.98,0.17
1107,2021-03-09,VEN,15545,6938,8607,1054,1766,425,8532,830,2938,9609,5936,ITH,ITH3,5,Veneto,Veneto,4905854,259821,5.3,0.32
1108,2021-01-02,VEN,5740,1765,3975,4796,396,544,2,0,2,5740,0,ITH,ITH3,5,Veneto,Veneto,4905854,265561,5.41,0.12
1109,2021-01-17,VEN,1932,780,1152,1587,220,120,3,0,2,1583,349,ITH,ITH3,5,Veneto,Veneto,4905854,267493,5.45,0.04
1110,2021-03-04,VEN,12277,4448,7829,3074,1579,1225,3409,164,2826,8945,3332,ITH,ITH3,5,Veneto,Veneto,4905854,279770,5.7,0.25
1111,2021-02-12,VEN,4325,1453,2872,2760,882,671,6,2,4,3752,573,ITH,ITH3,5,Veneto,Veneto,4905854,284095,5.79,0.09
1112,2021-01-25,VEN,6466,2074,4392,5059,500,904,1,0,2,170,6296,ITH,ITH3,5,Veneto,Veneto,4905854,290561,5.92,0.13
1113,2021-01-01,VEN,1525,470,1055,1494,30,1,0,0,0,1525,0,ITH,ITH3,5,Veneto,Veneto,4905854,292086,5.95,0.03
1114,2021-02-08,VEN,4965,1537,3428,2780,1002,1169,12,0,2,1930,3035,ITH,ITH3,5,Veneto,Veneto,4905854,297051,6.06,0.1
1115,2021-02-22,VEN,6954,3015,3939,735,224,338,5415,1,241,6566,388,ITH,ITH3,5,Veneto,Veneto,4905854,304005,6.2,0.14
1116,2021-01-28,VEN,9183,2653,6530,6460,1289,1431,0,0,3,172,9011,ITH,ITH3,5,Veneto,Veneto,4905854,313188,6.38,0.19
1117,2021-02-11,VEN,3972,1231,2741,2583,624,753,9,1,2,3335,637,ITH,ITH3,5,Veneto,Veneto,4905854,317160,6.46,0.08
1118,2021-01-14,VEN,7053,1924,5129,3228,1333,2473,17,0,2,7053,0,ITH,ITH3,5,Veneto,Veneto,4905854,324213,6.61,0.14
1119,2021-01-12,VEN,5230,1516,3714,2250,1057,1752,168,0,3,5230,0,ITH,ITH3,5,Veneto,Veneto,4905854,329443,6.72,0.11
1120,2021-01-10,VEN,5019,1661,3358,3838,715,462,2,2,0,5019,0,ITH,ITH3,5,Veneto,Veneto,4905854,334462,6.82,0.1
1121,2021-02-27,VEN,8845,2605,6240,2159,571,36,1960,1,4118,8039,806,ITH,ITH3,5,Veneto,Veneto,4905854,343307,7.0,0.18
1122,2021-02-18,VEN,5684,2435,3249,930,358,587,3803,0,6,5617,67,ITH,ITH3,5,Veneto,Veneto,4905854,348991,7.11,0.12
1123,2021-02-19,VEN,7270,3111,4159,1496,733,661,4371,3,6,7068,202,ITH,ITH3,5,Veneto,Veneto,4905854,356261,7.26,0.15
1124,2021-01-06,VEN,8126,2380,5746,6304,1003,807,1,2,9,8126,0,ITH,ITH3,5,Veneto,Veneto,4905854,364387,7.43,0.17
1125,2021-03-05,VEN,12933,4794,8139,3411,1924,1284,3090,273,2951,9375,3558,ITH,ITH3,5,Veneto,Veneto,4905854,377320,7.69,0.26
1126,2021-03-08,VEN,12906,5724,7182,680,1111,285,7146,751,2933,8952,3954,ITH,ITH3,5,Veneto,Veneto,4905854,390226,7.95,0.26
1127,2021-01-11,VEN,7236,2100,5136,3499,1529,1956,247,0,5,7236,0,ITH,ITH3,5,Veneto,Veneto,4905854,397462,8.1,0.15
1128,2021-01-15,VEN,5870,1820,4050,2990,1300,1565,9,3,3,5870,0,ITH,ITH3,5,Veneto,Veneto,4905854,403332,8.22,0.12
1129,2020-12-27,VEN,880,395,485,875,4,0,0,0,1,880,0,ITH,ITH3,5,Veneto,Veneto,4905854,404212,8.24,0.02
1130,2021-02-02,VEN,6402,1842,4560,2969,1285,1994,152,0,2,392,6010,ITH,ITH3,5,Veneto,Veneto,4905854,410614,8.37,0.13
1131,2021-01-31,VEN,4741,1551,3190,3675,681,377,4,2,2,393,4348,ITH,ITH3,5,Veneto,Veneto,4905854,415355,8.47,0.1
1132,2021-01-09,VEN,7924,2535,5389,5171,1164,1573,3,11,2,7924,0,ITH,ITH3,5,Veneto,Veneto,4905854,423279,8.63,0.16
1133,2021-02-21,VEN,4625,1203,3422,495,9,18,417,2,3684,4620,5,ITH,ITH3,5,Veneto,Veneto,4905854,427904,8.72,0.09
1134,2021-01-30,VEN,8728,2666,6062,6203,1289,1218,4,12,2,686,8042,ITH,ITH3,5,Veneto,Veneto,4905854,436632,8.9,0.18
1135,2021-01-23,VEN,4063,1255,2808,3403,206,450,1,0,3,34,4029,ITH,ITH3,5,Veneto,Veneto,4905854,440695,8.98,0.08
1136,2021-03-07,VEN,4446,1739,2707,1690,928,17,984,0,827,3891,555,ITH,ITH3,5,Veneto,Veneto,4905854,445141,9.07,0.09
1137,2021-03-02,VEN,10869,4244,6625,2706,1715,1109,3285,208,1846,7703,3166,ITH,ITH3,5,Veneto,Veneto,4905854,456010,9.3,0.22
1138,2021-02-25,CAL,2815,1513,1302,736,636,234,862,343,4,2236,579,ITF,ITF6,18,Calabria,Calabria,1947131,2815,0.14,0.14
1139,2021-02-02,CAL,2289,1112,1177,1863,351,75,0,0,0,177,2112,ITF,ITF6,18,Calabria,Calabria,1947131,5104,0.26,0.12
1140,2021-03-02,CAL,4131,2390,1741,705,735,427,1390,872,2,3422,709,ITF,ITF6,18,Calabria,Calabria,1947131,9235,0.47,0.21
1141,2021-01-04,CAL,996,492,504,969,27,0,0,0,0,996,0,ITF,ITF6,18,Calabria,Calabria,1947131,10231,0.53,0.05
1142,2021-03-05,CAL,6145,3540,2605,695,1589,710,1854,1292,5,5570,575,ITF,ITF6,18,Calabria,Calabria,1947131,16376,0.84,0.32
1143,2021-02-28,CAL,2167,983,1184,113,152,190,1706,6,0,2016,151,ITF,ITF6,18,Calabria,Calabria,1947131,18543,0.95,0.11
1144,2021-01-21,CAL,958,444,514,735,108,115,0,0,0,929,29,ITF,ITF6,18,Calabria,Calabria,1947131,19501,1.0,0.05
1145,2021-02-08,CAL,1847,733,1114,1214,512,121,0,0,0,661,1186,ITF,ITF6,18,Calabria,Calabria,1947131,21348,1.1,0.09
1146,2021-03-08,CAL,5303,2806,2497,707,1812,453,1514,814,3,4245,1058,ITF,ITF6,18,Calabria,Calabria,1947131,26651,1.37,0.27
1147,2021-03-03,CAL,4863,2650,2213,631,1157,917,1367,787,4,3800,1063,ITF,ITF6,18,Calabria,Calabria,1947131,31514,1.62,0.25
1148,2021-02-04,CAL,3391,1623,1768,2560,609,222,0,0,0,644,2747,ITF,ITF6,18,Calabria,Calabria,1947131,34905,1.79,0.17
1149,2021-02-06,CAL,2909,1337,1572,2095,567,247,0,0,0,442,2467,ITF,ITF6,18,Calabria,Calabria,1947131,37814,1.94,0.15
1150,2021-02-05,CAL,3795,1709,2086,2327,914,554,0,0,0,488,3307,ITF,ITF6,18,Calabria,Calabria,1947131,41609,2.14,0.19
1151,2021-03-07,CAL,3131,1561,1570,105,655,348,1674,347,2,3042,89,ITF,ITF6,18,Calabria,Calabria,1947131,44740,2.3,0.16
1152,2021-02-11,CAL,2341,1043,1298,1464,636,241,0,0,0,1081,1260,ITF,ITF6,18,Calabria,Calabria,1947131,47081,2.42,0.12
1153,2021-01-06,CAL,926,500,426,822,104,0,0,0,0,926,0,ITF,ITF6,18,Calabria,Calabria,1947131,48007,2.47,0.05
1154,2021-03-01,CAL,2684,1529,1155,399,422,257,971,632,3,2234,450,ITF,ITF6,18,Calabria,Calabria,1947131,50691,2.6,0.14
1155,2021-01-17,CAL,867,418,449,527,292,48,0,0,0,801,66,ITF,ITF6,18,Calabria,Calabria,1947131,51558,2.65,0.04
1156,2021-02-27,CAL,3673,1907,1766,421,588,395,1971,296,2,3295,378,ITF,ITF6,18,Calabria,Calabria,1947131,55231,2.84,0.19
1157,2021-01-20,CAL,1395,622,773,864,352,179,0,0,0,1394,1,ITF,ITF6,18,Calabria,Calabria,1947131,56626,2.91,0.07
1158,2020-12-27,CAL,275,150,125,274,1,0,0,0,0,275,0,ITF,ITF6,18,Calabria,Calabria,1947131,56901,2.92,0.01
1159,2021-02-24,CAL,1843,940,903,658,366,115,653,47,4,1368,475,ITF,ITF6,18,Calabria,Calabria,1947131,58744,3.02,0.09
1160,2021-01-29,CAL,2048,984,1064,1752,247,49,0,0,0,234,1814,ITF,ITF6,18,Calabria,Calabria,1947131,60792,3.12,0.11
1161,2021-01-22,CAL,656,274,382,298,248,110,0,0,0,654,2,ITF,ITF6,18,Calabria,Calabria,1947131,61448,3.16,0.03
1162,2021-01-27,CAL,1457,734,723,1226,208,23,0,0,0,396,1061,ITF,ITF6,18,Calabria,Calabria,1947131,62905,3.23,0.07
1163,2021-03-04,CAL,5381,3104,2277,646,1413,731,1540,1049,2,4585,796,ITF,ITF6,18,Calabria,Calabria,1947131,68286,3.51,0.28
1164,2021-01-31,CAL,1107,554,553,764,285,58,0,0,0,155,952,ITF,ITF6,18,Calabria,Calabria,1947131,69393,3.56,0.06
1165,2021-02-12,CAL,1711,669,1042,815,760,136,0,0,0,943,768,ITF,ITF6,18,Calabria,Calabria,1947131,71104,3.65,0.09
1166,2021-02-22,CAL,1996,1013,983,727,543,166,552,3,5,1441,555,ITF,ITF6,18,Calabria,Calabria,1947131,73100,3.75,0.1
1167,2021-01-18,CAL,1230,550,680,982,237,11,0,0,0,1040,190,ITF,ITF6,18,Calabria,Calabria,1947131,74330,3.82,0.06
1168,2021-03-06,CAL,7945,4053,3892,701,1872,758,3795,813,6,7190,755,ITF,ITF6,18,Calabria,Calabria,1947131,82275,4.23,0.41
1169,2021-01-28,CAL,2232,1107,1125,1920,312,0,0,0,0,84,2148,ITF,ITF6,18,Calabria,Calabria,1947131,84507,4.34,0.11
1170,2021-01-30,CAL,2173,1147,1026,1974,199,0,0,0,0,358,1815,ITF,ITF6,18,Calabria,Calabria,1947131,86680,4.45,0.11
1171,2021-01-12,CAL,2058,1017,1041,1706,323,29,0,0,0,2058,0,ITF,ITF6,18,Calabria,Calabria,1947131,88738,4.56,0.11
1172,2021-02-26,CAL,3077,1630,1447,538,688,406,1147,294,4,2610,467,ITF,ITF6,18,Calabria,Calabria,1947131,91815,4.72,0.16
1173,2021-02-15,CAL,1137,538,599,499,412,159,66,0,1,989,148,ITF,ITF6,18,Calabria,Calabria,1947131,92952,4.77,0.06
1174,2021-02-14,CAL,371,145,226,146,142,83,0,0,0,341,30,ITF,ITF6,18,Calabria,Calabria,1947131,93323,4.79,0.02
1175,2021-01-08,CAL,2109,1014,1095,1898,211,0,0,0,0,2109,0,ITF,ITF6,18,Calabria,Calabria,1947131,95432,4.9,0.11
1176,2021-01-26,CAL,1805,861,944,1571,164,70,0,0,0,285,1520,ITF,ITF6,18,Calabria,Calabria,1947131,97237,4.99,0.09
1177,2021-02-03,CAL,2763,1428,1335,2170,490,103,0,0,0,583,2180,ITF,ITF6,18,Calabria,Calabria,1947131,100000,5.14,0.14
1178,2021-01-13,CAL,2028,1022,1006,1800,194,34,0,0,0,2028,0,ITF,ITF6,18,Calabria,Calabria,1947131,102028,5.24,0.1
1179,2021-02-07,CAL,859,428,431,566,212,81,0,0,0,147,712,ITF,ITF6,18,Calabria,Calabria,1947131,102887,5.28,0.04
1180,2021-01-19,CAL,1108,488,620,852,180,76,0,0,0,1098,10,ITF,ITF6,18,Calabria,Calabria,1947131,103995,5.34,0.06
1181,2021-01-23,CAL,400,186,214,325,52,23,0,0,0,358,42,ITF,ITF6,18,Calabria,Calabria,1947131,104395,5.36,0.02
1182,2021-01-10,CAL,929,524,405,830,99,0,0,0,0,929,0,ITF,ITF6,18,Calabria,Calabria,1947131,105324,5.41,0.05
1183,2021-02-10,CAL,2463,1074,1389,1469,637,357,0,0,0,839,1624,ITF,ITF6,18,Calabria,Calabria,1947131,107787,5.54,0.13
1184,2021-02-21,CAL,607,286,321,36,164,47,330,30,0,530,77,ITF,ITF6,18,Calabria,Calabria,1947131,108394,5.57,0.03
1185,2021-02-16,CAL,1534,643,891,659,517,240,118,0,0,1255,279,ITF,ITF6,18,Calabria,Calabria,1947131,109928,5.65,0.08
1186,2021-01-05,CAL,1350,618,732,1256,94,0,0,0,0,1350,0,ITF,ITF6,18,Calabria,Calabria,1947131,111278,5.71,0.07
1187,2021-01-16,CAL,2394,1120,1274,1664,489,241,0,0,0,2394,0,ITF,ITF6,18,Calabria,Calabria,1947131,113672,5.84,0.12
1188,2021-01-02,CAL,165,94,71,165,0,0,0,0,0,165,0,ITF,ITF6,18,Calabria,Calabria,1947131,113837,5.85,0.01
1189,2021-01-24,CAL,44,18,26,15,3,26,0,0,0,39,5,ITF,ITF6,18,Calabria,Calabria,1947131,113881,5.85,0.0
1190,2021-03-09,CAL,5804,3023,2781,800,1928,418,1768,872,18,4828,976,ITF,ITF6,18,Calabria,Calabria,1947131,119685,6.15,0.3
1191,2021-02-20,CAL,1358,735,623,438,411,55,433,19,2,1043,315,ITF,ITF6,18,Calabria,Calabria,1947131,121043,6.22,0.07
1192,2021-02-01,CAL,2496,1192,1304,2044,409,43,0,0,0,248,2248,ITF,ITF6,18,Calabria,Calabria,1947131,123539,6.34,0.13
1193,2021-01-07,CAL,2180,1061,1119,1883,297,0,0,0,0,2180,0,ITF,ITF6,18,Calabria,Calabria,1947131,125719,6.46,0.11
1194,2021-02-23,CAL,1549,728,821,437,381,206,522,2,1,1434,115,ITF,ITF6,18,Calabria,Calabria,1947131,127268,6.54,0.08
1195,2021-01-15,CAL,2793,1258,1535,1690,691,412,0,0,0,2793,0,ITF,ITF6,18,Calabria,Calabria,1947131,130061,6.68,0.14
1196,2021-01-03,CAL,6,3,3,4,2,0,0,0,0,6,0,ITF,ITF6,18,Calabria,Calabria,1947131,130067,6.68,0.0
1197,2021-02-17,CAL,1681,672,1009,673,343,285,299,0,81,1471,210,ITF,ITF6,18,Calabria,Calabria,1947131,131748,6.77,0.09
1198,2021-01-14,CAL,2557,1214,1343,1962,592,3,0,0,0,2557,0,ITF,ITF6,18,Calabria,Calabria,1947131,134305,6.9,0.13
1199,2021-02-09,CAL,2147,904,1243,1422,494,231,0,0,0,948,1199,ITF,ITF6,18,Calabria,Calabria,1947131,136452,7.01,0.11
1200,2021-01-09,CAL,1916,1036,880,1529,387,0,0,0,0,1916,0,ITF,ITF6,18,Calabria,Calabria,1947131,138368,7.11,0.1
1201,2021-02-18,CAL,1798,802,996,585,509,299,344,0,61,1575,223,ITF,ITF6,18,Calabria,Calabria,1947131,140166,7.2,0.09
1202,2021-02-13,CAL,1330,582,748,731,488,111,0,0,0,967,363,ITF,ITF6,18,Calabria,Calabria,1947131,141496,7.27,0.07
1203,2021-01-25,CAL,1064,512,552,1021,43,0,0,0,0,156,908,ITF,ITF6,18,Calabria,Calabria,1947131,142560,7.32,0.05
1204,2021-02-19,CAL,1461,652,809,544,341,195,380,1,0,1200,261,ITF,ITF6,18,Calabria,Calabria,1947131,144021,7.4,0.08
1205,2021-03-10,CAL,6390,3250,3140,740,2348,579,1982,677,64,5199,1191,ITF,ITF6,18,Calabria,Calabria,1947131,150411,7.72,0.33
1206,2021-01-11,CAL,2154,1040,1114,1759,392,3,0,0,0,2154,0,ITF,ITF6,18,Calabria,Calabria,1947131,152565,7.84,0.11
1207,2020-12-28,CAL,6,2,4,6,0,0,0,0,0,6,0,ITF,ITF6,18,Calabria,Calabria,1947131,152571,7.84,0.0
1208,2021-02-22,MOL,265,129,136,56,139,62,8,0,0,250,15,ITF,ITF2,14,Molise,Molise,305617,265,0.09,0.09
1209,2021-02-01,MOL,562,201,361,301,149,111,0,0,1,14,548,ITF,ITF2,14,Molise,Molise,305617,827,0.27,0.18
1210,2021-02-08,MOL,334,141,193,206,43,85,0,0,0,216,118,ITF,ITF2,14,Molise,Molise,305617,1161,0.38,0.11
1211,2021-01-31,MOL,268,70,198,85,18,164,0,0,1,6,262,ITF,ITF2,14,Molise,Molise,305617,1429,0.47,0.09
1212,2021-01-08,MOL,429,141,288,244,65,120,0,0,0,429,0,ITF,ITF2,14,Molise,Molise,305617,1858,0.61,0.14
1213,2021-01-10,MOL,270,72,198,82,19,169,0,0,0,270,0,ITF,ITF2,14,Molise,Molise,305617,2128,0.7,0.09
1214,2021-02-21,MOL,573,227,346,1,4,0,568,0,0,571,2,ITF,ITF2,14,Molise,Molise,305617,2701,0.88,0.19
1215,2021-02-27,MOL,1366,568,798,26,40,14,1285,0,1,1347,19,ITF,ITF2,14,Molise,Molise,305617,4067,1.33,0.45
1216,2021-03-10,MOL,1687,707,980,188,801,1,1,187,509,1637,50,ITF,ITF2,14,Molise,Molise,305617,5754,1.88,0.55
1217,2020-12-27,MOL,50,20,30,29,4,17,0,0,0,50,0,ITF,ITF2,14,Molise,Molise,305617,5804,1.9,0.02
1218,2021-01-04,MOL,314,131,183,301,13,0,0,0,0,314,0,ITF,ITF2,14,Molise,Molise,305617,6118,2.0,0.1
1219,2021-02-06,MOL,429,179,250,276,22,130,0,0,1,29,400,ITF,ITF2,14,Molise,Molise,305617,6547,2.14,0.14
1220,2021-01-15,MOL,538,242,296,398,59,81,0,0,0,538,0,ITF,ITF2,14,Molise,Molise,305617,7085,2.32,0.18
1221,2021-02-25,MOL,541,239,302,68,12,28,433,0,0,473,68,ITF,ITF2,14,Molise,Molise,305617,7626,2.5,0.18
1222,2021-02-03,MOL,731,249,482,391,159,180,0,0,1,338,393,ITF,ITF2,14,Molise,Molise,305617,8357,2.73,0.24
1223,2021-01-05,MOL,449,180,269,441,8,0,0,0,0,449,0,ITF,ITF2,14,Molise,Molise,305617,8806,2.88,0.15
1224,2021-02-16,MOL,156,70,86,148,8,0,0,0,0,150,6,ITF,ITF2,14,Molise,Molise,305617,8962,2.93,0.05
1225,2021-02-17,MOL,72,32,40,47,19,6,0,0,0,57,15,ITF,ITF2,14,Molise,Molise,305617,9034,2.96,0.02
1226,2021-02-07,MOL,66,32,34,49,1,16,0,0,0,19,47,ITF,ITF2,14,Molise,Molise,305617,9100,2.98,0.02
1227,2021-02-24,MOL,666,278,388,242,105,44,274,0,1,333,333,ITF,ITF2,14,Molise,Molise,305617,9766,3.2,0.22
1228,2021-01-22,MOL,126,35,91,21,32,73,0,0,0,126,0,ITF,ITF2,14,Molise,Molise,305617,9892,3.24,0.04
1229,2021-01-27,MOL,674,251,423,436,28,209,0,0,1,8,666,ITF,ITF2,14,Molise,Molise,305617,10566,3.46,0.22
1230,2021-02-26,MOL,563,260,303,42,57,3,406,0,55,490,73,ITF,ITF2,14,Molise,Molise,305617,11129,3.64,0.18
1231,2021-02-09,MOL,359,170,189,161,88,110,0,0,0,197,162,ITF,ITF2,14,Molise,Molise,305617,11488,3.76,0.12
1232,2021-01-26,MOL,450,184,266,444,5,0,0,0,1,8,442,ITF,ITF2,14,Molise,Molise,305617,11938,3.91,0.15
1233,2021-02-05,MOL,593,269,324,460,70,63,0,0,0,55,538,ITF,ITF2,14,Molise,Molise,305617,12531,4.1,0.19
1234,2021-03-09,MOL,1309,574,735,199,447,0,52,218,393,1157,152,ITF,ITF2,14,Molise,Molise,305617,13840,4.53,0.43
1235,2021-01-21,MOL,6,2,4,0,6,0,0,0,0,6,0,ITF,ITF2,14,Molise,Molise,305617,13846,4.53,0.0
1236,2021-02-13,MOL,132,80,52,129,3,0,0,0,0,132,0,ITF,ITF2,14,Molise,Molise,305617,13978,4.57,0.04
1237,2021-02-12,MOL,330,149,181,224,32,72,0,0,2,208,122,ITF,ITF2,14,Molise,Molise,305617,14308,4.68,0.11
1238,2021-01-25,MOL,319,130,189,317,0,0,0,0,2,3,316,ITF,ITF2,14,Molise,Molise,305617,14627,4.79,0.1
1239,2021-01-20,MOL,18,8,10,14,4,0,0,0,0,18,0,ITF,ITF2,14,Molise,Molise,305617,14645,4.79,0.01
1240,2021-02-23,MOL,527,202,325,136,42,8,340,0,1,362,165,ITF,ITF2,14,Molise,Molise,305617,15172,4.96,0.17
1241,2021-01-13,MOL,474,160,314,256,73,144,0,0,1,474,0,ITF,ITF2,14,Molise,Molise,305617,15646,5.12,0.16
1242,2021-03-07,MOL,1113,499,614,2,1111,0,0,0,0,1111,2,ITF,ITF2,14,Molise,Molise,305617,16759,5.48,0.36
1243,2021-03-08,MOL,1366,521,845,359,504,23,0,76,404,1226,140,ITF,ITF2,14,Molise,Molise,305617,18125,5.93,0.45
1244,2021-01-07,MOL,598,209,389,414,39,145,0,0,0,598,0,ITF,ITF2,14,Molise,Molise,305617,18723,6.13,0.2
1245,2021-01-11,MOL,557,194,363,196,250,111,0,0,0,557,0,ITF,ITF2,14,Molise,Molise,305617,19280,6.31,0.18
1246,2021-02-02,MOL,486,155,331,295,63,128,0,0,0,163,323,ITF,ITF2,14,Molise,Molise,305617,19766,6.47,0.16
1247,2021-03-01,MOL,641,268,373,200,184,108,0,2,147,427,214,ITF,ITF2,14,Molise,Molise,305617,20407,6.68,0.21
1248,2021-02-04,MOL,758,295,463,502,114,141,0,0,1,77,681,ITF,ITF2,14,Molise,Molise,305617,21165,6.93,0.25
1249,2021-02-11,MOL,293,133,160,225,19,45,0,3,1,257,36,ITF,ITF2,14,Molise,Molise,305617,21458,7.02,0.1
1250,2021-01-29,MOL,421,136,285,227,82,109,0,0,3,6,415,ITF,ITF2,14,Molise,Molise,305617,21879,7.16,0.14
1251,2021-01-12,MOL,336,114,222,132,75,129,0,0,0,336,0,ITF,ITF2,14,Molise,Molise,305617,22215,7.27,0.11
1252,2021-03-05,MOL,1219,649,570,322,673,0,0,151,73,1015,204,ITF,ITF2,14,Molise,Molise,305617,23434,7.67,0.4
1253,2021-01-30,MOL,460,158,302,189,92,179,0,0,0,12,448,ITF,ITF2,14,Molise,Molise,305617,23894,7.82,0.15
1254,2021-03-04,MOL,850,417,433,252,493,69,0,36,0,526,324,ITF,ITF2,14,Molise,Molise,305617,24744,8.1,0.28
1255,2021-01-14,MOL,646,239,407,418,113,115,0,0,0,646,0,ITF,ITF2,14,Molise,Molise,305617,25390,8.31,0.21
1256,2021-01-18,MOL,114,48,66,97,17,0,0,0,0,114,0,ITF,ITF2,14,Molise,Molise,305617,25504,8.35,0.04
1257,2021-02-10,MOL,150,78,72,91,6,53,0,0,0,130,20,ITF,ITF2,14,Molise,Molise,305617,25654,8.39,0.05
1258,2021-02-15,MOL,144,70,74,117,12,15,0,0,0,141,3,ITF,ITF2,14,Molise,Molise,305617,25798,8.44,0.05
1259,2021-03-06,MOL,1728,807,921,156,1415,0,5,152,0,1569,159,ITF,ITF2,14,Molise,Molise,305617,27526,9.01,0.57
1260,2021-01-06,MOL,689,260,429,456,62,171,0,0,0,689,0,ITF,ITF2,14,Molise,Molise,305617,28215,9.23,0.23
1261,2021-02-18,MOL,319,74,245,296,23,0,0,0,0,306,13,ITF,ITF2,14,Molise,Molise,305617,28534,9.34,0.1
1262,2021-02-28,MOL,828,331,497,38,763,27,0,0,0,786,42,ITF,ITF2,14,Molise,Molise,305617,29362,9.61,0.27
1263,2021-01-19,MOL,173,63,110,90,59,22,0,0,2,162,11,ITF,ITF2,14,Molise,Molise,305617,29535,9.66,0.06
1264,2021-03-03,MOL,672,316,356,63,389,48,0,45,127,590,82,ITF,ITF2,14,Molise,Molise,305617,30207,9.88,0.22
1265,2021-01-16,MOL,420,166,254,270,23,127,0,0,0,420,0,ITF,ITF2,14,Molise,Molise,305617,30627,10.02,0.14
1266,2021-03-02,MOL,666,383,283,98,253,51,0,113,151,508,158,ITF,ITF2,14,Molise,Molise,305617,31293,10.24,0.22
1267,2021-01-09,MOL,450,152,298,221,51,178,0,0,0,450,0,ITF,ITF2,14,Molise,Molise,305617,31743,10.39,0.15
1268,2021-01-17,MOL,78,38,40,78,0,0,0,0,0,48,30,ITF,ITF2,14,Molise,Molise,305617,31821,10.41,0.03
1269,2021-01-28,MOL,613,217,396,430,28,154,0,0,1,17,596,ITF,ITF2,14,Molise,Molise,305617,32434,10.61,0.2
1270,2021-02-19,MOL,169,93,76,95,70,1,0,0,3,167,2,ITF,ITF2,14,Molise,Molise,305617,32603,10.67,0.06
1271,2021-02-20,MOL,1018,441,577,20,57,8,933,0,0,998,20,ITF,ITF2,14,Molise,Molise,305617,33621,11.0,0.33
1272,2021-02-12,SIC,4743,1851,2892,2298,1802,643,0,0,0,4412,331,ITG,ITG1,19,Sicilia,Sicilia,4999891,4743,0.09,0.09
1273,2021-01-27,SIC,7530,3835,3695,6328,1050,152,0,0,0,189,7341,ITG,ITG1,19,Sicilia,Sicilia,4999891,12273,0.25,0.15
1274,2021-02-24,SIC,9599,4869,4730,1422,1253,499,4028,1474,923,9004,595,ITG,ITG1,19,Sicilia,Sicilia,4999891,21872,0.44,0.19
1275,2021-02-02,SIC,5537,2621,2916,3152,1956,429,0,0,0,633,4904,ITG,ITG1,19,Sicilia,Sicilia,4999891,27409,0.55,0.11
1276,2021-01-28,SIC,9327,4399,4928,7463,1569,295,0,0,0,414,8913,ITG,ITG1,19,Sicilia,Sicilia,4999891,36736,0.73,0.19
1277,2021-02-28,SIC,7173,3069,4104,869,1311,93,3287,254,1359,6544,629,ITG,ITG1,19,Sicilia,Sicilia,4999891,43909,0.88,0.14
1278,2021-02-11,SIC,5331,2103,3228,2458,1984,889,0,0,0,4867,464,ITG,ITG1,19,Sicilia,Sicilia,4999891,49240,0.98,0.11
1279,2021-02-04,SIC,6877,3159,3718,4417,1920,540,0,0,0,1460,5417,ITG,ITG1,19,Sicilia,Sicilia,4999891,56117,1.12,0.14
1280,2021-01-16,SIC,2776,1195,1581,1329,1149,298,0,0,0,2776,0,ITG,ITG1,19,Sicilia,Sicilia,4999891,58893,1.18,0.06
1281,2021-01-10,SIC,3618,1615,2003,2126,1028,464,0,0,0,3618,0,ITG,ITG1,19,Sicilia,Sicilia,4999891,62511,1.25,0.07
1282,2021-02-07,SIC,2347,995,1352,1610,581,156,0,0,0,674,1673,ITG,ITG1,19,Sicilia,Sicilia,4999891,64858,1.3,0.05
1283,2021-03-02,SIC,14828,6346,8482,2380,1924,500,4467,1330,4227,12009,2819,ITG,ITG1,19,Sicilia,Sicilia,4999891,79686,1.59,0.3
1284,2021-01-30,SIC,7837,3569,4268,5450,1912,475,0,0,0,175,7662,ITG,ITG1,19,Sicilia,Sicilia,4999891,87523,1.75,0.16
1285,2021-01-14,SIC,5250,2514,2736,3046,1945,259,0,0,0,5250,0,ITG,ITG1,19,Sicilia,Sicilia,4999891,92773,1.86,0.11
1286,2021-01-24,SIC,4335,2262,2073,3990,342,3,0,0,0,148,4187,ITG,ITG1,19,Sicilia,Sicilia,4999891,97108,1.94,0.09
1287,2021-01-13,SIC,5204,2462,2742,3033,1730,441,0,0,0,5204,0,ITG,ITG1,19,Sicilia,Sicilia,4999891,102312,2.05,0.1
1288,2021-01-23,SIC,4149,2147,2002,3912,221,16,0,0,0,225,3924,ITG,ITG1,19,Sicilia,Sicilia,4999891,106461,2.13,0.08
1289,2021-01-02,SIC,4872,2533,2339,4311,561,0,0,0,0,4872,0,ITG,ITG1,19,Sicilia,Sicilia,4999891,111333,2.23,0.1
1290,2021-02-14,SIC,1057,402,655,433,388,236,0,0,0,917,140,ITG,ITG1,19,Sicilia,Sicilia,4999891,112390,2.25,0.02
1291,2021-02-15,SIC,3944,1859,2085,1695,1343,563,10,307,26,3380,564,ITG,ITG1,19,Sicilia,Sicilia,4999891,116334,2.33,0.08
1292,2021-02-19,SIC,5133,2736,2397,1482,1349,599,74,1390,239,4565,568,ITG,ITG1,19,Sicilia,Sicilia,4999891,121467,2.43,0.1
1293,2021-02-18,SIC,5484,3164,2320,1635,1236,813,9,1695,96,5053,431,ITG,ITG1,19,Sicilia,Sicilia,4999891,126951,2.54,0.11
1294,2021-01-21,SIC,1328,647,681,1001,190,137,0,0,0,499,829,ITG,ITG1,19,Sicilia,Sicilia,4999891,128279,2.57,0.03
1295,2021-02-20,SIC,7259,3731,3528,839,1331,546,3748,620,175,7009,250,ITG,ITG1,19,Sicilia,Sicilia,4999891,135538,2.71,0.15
1296,2021-03-10,SIC,13060,5579,7481,1455,2772,933,4056,615,3229,10674,2386,ITG,ITG1,19,Sicilia,Sicilia,4999891,148598,2.97,0.26
1297,2021-02-26,SIC,12197,5967,6230,1836,1970,360,3888,1733,2410,10511,1686,ITG,ITG1,19,Sicilia,Sicilia,4999891,160795,3.22,0.24
1298,2021-01-17,SIC,1295,584,711,619,516,160,0,0,0,1245,50,ITG,ITG1,19,Sicilia,Sicilia,4999891,162090,3.24,0.03
1299,2020-12-30,SIC,173,101,72,156,17,0,0,0,0,173,0,ITG,ITG1,19,Sicilia,Sicilia,4999891,162263,3.25,0.0
1300,2020-12-29,SIC,235,146,89,235,0,0,0,0,0,235,0,ITG,ITG1,19,Sicilia,Sicilia,4999891,162498,3.25,0.0
1301,2021-02-17,SIC,5427,3290,2137,1528,1126,880,8,1883,2,4755,672,ITG,ITG1,19,Sicilia,Sicilia,4999891,167925,3.36,0.11
1302,2021-03-06,SIC,12844,5144,7700,2002,2000,758,3887,638,3559,9939,2905,ITG,ITG1,19,Sicilia,Sicilia,4999891,180769,3.62,0.26
1303,2021-02-09,SIC,4370,1831,2539,2240,1490,640,0,0,0,3364,1006,ITG,ITG1,19,Sicilia,Sicilia,4999891,185139,3.7,0.09
1304,2021-02-22,SIC,8034,4158,3876,1107,934,554,4065,1053,321,7543,491,ITG,ITG1,19,Sicilia,Sicilia,4999891,193173,3.86,0.16
1305,2021-02-05,SIC,7214,3231,3983,3617,2741,856,0,0,0,2132,5082,ITG,ITG1,19,Sicilia,Sicilia,4999891,200387,4.01,0.14
1306,2021-01-31,SIC,4111,1958,2153,2600,1216,295,0,0,0,113,3998,ITG,ITG1,19,Sicilia,Sicilia,4999891,204498,4.09,0.08
1307,2021-02-10,SIC,4431,1819,2612,1975,1716,740,0,0,0,4006,425,ITG,ITG1,19,Sicilia,Sicilia,4999891,208929,4.18,0.09
1308,2021-02-08,SIC,4086,1759,2327,2346,1343,397,0,0,0,2128,1958,ITG,ITG1,19,Sicilia,Sicilia,4999891,213015,4.26,0.08
1309,2021-01-06,SIC,6471,3402,3069,5717,752,2,0,0,0,6471,0,ITG,ITG1,19,Sicilia,Sicilia,4999891,219486,4.39,0.13
1310,2021-03-01,SIC,12860,6090,6770,1556,1808,392,4302,1744,3058,11201,1659,ITG,ITG1,19,Sicilia,Sicilia,4999891,232346,4.65,0.26
1311,2021-01-07,SIC,9173,4239,4934,7694,1269,210,0,0,0,9173,0,ITG,ITG1,19,Sicilia,Sicilia,4999891,241519,4.83,0.18
1312,2021-03-08,SIC,13012,5559,7453,1962,2038,626,3801,854,3731,10206,2806,ITG,ITG1,19,Sicilia,Sicilia,4999891,254531,5.09,0.26
1313,2021-02-16,SIC,4410,2298,2112,1463,1287,777,25,857,1,3943,467,ITG,ITG1,19,Sicilia,Sicilia,4999891,258941,5.18,0.09
1314,2021-01-09,SIC,7325,3424,3901,5034,1835,456,0,0,0,7325,0,ITG,ITG1,19,Sicilia,Sicilia,4999891,266266,5.33,0.15
1315,2021-02-25,SIC,10142,5270,4872,1768,1700,507,3977,1525,665,8968,1174,ITG,ITG1,19,Sicilia,Sicilia,4999891,276408,5.53,0.2
1316,2021-03-03,SIC,14541,6484,8057,2407,2317,506,4282,1324,3705,11460,3081,ITG,ITG1,19,Sicilia,Sicilia,4999891,290949,5.82,0.29
1317,2021-02-01,SIC,6077,2684,3393,4168,1591,318,0,0,0,304,5773,ITG,ITG1,19,Sicilia,Sicilia,4999891,297026,5.94,0.12
1318,2021-01-04,SIC,8373,4172,4201,7595,772,6,0,0,0,8373,0,ITG,ITG1,19,Sicilia,Sicilia,4999891,305399,6.11,0.17
1319,2021-01-22,SIC,1235,625,610,1035,82,118,0,0,0,242,993,ITG,ITG1,19,Sicilia,Sicilia,4999891,306634,6.13,0.02
1320,2021-01-29,SIC,9359,4320,5039,7150,1904,305,0,0,0,432,8927,ITG,ITG1,19,Sicilia,Sicilia,4999891,315993,6.32,0.19
1321,2021-01-03,SIC,4693,2454,2239,4361,332,0,0,0,0,4693,0,ITG,ITG1,19,Sicilia,Sicilia,4999891,320686,6.41,0.09
1322,2021-02-03,SIC,6100,2856,3244,3356,2120,624,0,0,0,756,5344,ITG,ITG1,19,Sicilia,Sicilia,4999891,326786,6.54,0.12
1323,2021-01-26,SIC,9515,4679,4836,8379,882,254,0,0,0,265,9250,ITG,ITG1,19,Sicilia,Sicilia,4999891,336301,6.73,0.19
1324,2021-02-06,SIC,5066,2225,2841,2535,1939,592,0,0,0,1488,3578,ITG,ITG1,19,Sicilia,Sicilia,4999891,341367,6.83,0.1
1325,2021-01-19,SIC,1271,521,750,521,512,238,0,0,0,1093,178,ITG,ITG1,19,Sicilia,Sicilia,4999891,342638,6.85,0.03
1326,2021-01-20,SIC,808,410,398,422,194,192,0,0,0,573,235,ITG,ITG1,19,Sicilia,Sicilia,4999891,343446,6.87,0.02
1327,2020-12-27,SIC,89,54,35,62,2,25,0,0,0,89,0,ITG,ITG1,19,Sicilia,Sicilia,4999891,343535,6.87,0.0
1328,2021-01-12,SIC,4542,2234,2308,2863,1484,195,0,0,0,4542,0,ITG,ITG1,19,Sicilia,Sicilia,4999891,348077,6.96,0.09
1329,2021-01-05,SIC,10527,5159,5368,9074,1246,207,0,0,0,10527,0,ITG,ITG1,19,Sicilia,Sicilia,4999891,358604,7.17,0.21
1330,2020-12-31,SIC,877,469,408,827,50,0,0,0,0,877,0,ITG,ITG1,19,Sicilia,Sicilia,4999891,359481,7.19,0.02
1331,2021-01-08,SIC,8328,3864,4464,6591,1524,213,0,0,0,8328,0,ITG,ITG1,19,Sicilia,Sicilia,4999891,367809,7.36,0.17
1332,2021-03-04,SIC,15074,6498,8576,2811,2798,698,3927,1123,3717,10872,4202,ITG,ITG1,19,Sicilia,Sicilia,4999891,382883,7.66,0.3
1333,2021-03-05,SIC,15816,6810,9006,3188,2486,712,3997,1414,4019,11492,4324,ITG,ITG1,19,Sicilia,Sicilia,4999891,398699,7.97,0.32
1334,2021-02-23,SIC,8944,4686,4258,1265,1236,502,3995,1367,579,8456,488,ITG,ITG1,19,Sicilia,Sicilia,4999891,407643,8.15,0.18
1335,2021-02-13,SIC,3105,1167,1938,1295,1241,569,0,0,0,2848,257,ITG,ITG1,19,Sicilia,Sicilia,4999891,410748,8.22,0.06
1336,2021-03-09,SIC,12758,5319,7439,1587,2227,584,3941,854,3565,10391,2367,ITG,ITG1,19,Sicilia,Sicilia,4999891,423506,8.47,0.26
1337,2021-01-25,SIC,7511,3696,3815,6633,808,70,0,0,0,322,7189,ITG,ITG1,19,Sicilia,Sicilia,4999891,431017,8.62,0.15
1338,2021-01-11,SIC,5903,2590,3313,3923,1598,382,0,0,0,5903,0,ITG,ITG1,19,Sicilia,Sicilia,4999891,436920,8.74,0.12
1339,2020-12-28,SIC,207,124,83,205,2,0,0,0,0,207,0,ITG,ITG1,19,Sicilia,Sicilia,4999891,437127,8.74,0.0
1340,2021-03-07,SIC,9068,3369,5699,959,961,421,3350,163,3214,7998,1070,ITG,ITG1,19,Sicilia,Sicilia,4999891,446195,8.92,0.18
1341,2021-01-15,SIC,5079,2233,2846,2824,1776,479,0,0,0,5079,0,ITG,ITG1,19,Sicilia,Sicilia,4999891,451274,9.03,0.1
1342,2021-01-18,SIC,1548,646,902,721,619,208,0,0,0,1432,116,ITG,ITG1,19,Sicilia,Sicilia,4999891,452822,9.06,0.03
1343,2021-02-21,SIC,5171,2503,2668,376,650,173,3681,138,153,5066,105,ITG,ITG1,19,Sicilia,Sicilia,4999891,457993,9.16,0.1
1344,2021-01-01,SIC,815,437,378,740,75,0,0,0,0,815,0,ITG,ITG1,19,Sicilia,Sicilia,4999891,458808,9.18,0.02
1345,2021-02-27,SIC,12441,5567,6874,1513,2423,277,3838,1021,3369,11236,1205,ITG,ITG1,19,Sicilia,Sicilia,4999891,471249,9.43,0.25
1346,2021-03-06,VDA,22,4,18,13,0,5,4,0,0,22,0,ITC,ITC2,2,Valle d'Aosta / Vallée d'Aoste,Valle d'Aosta,125666,22,0.02,0.02
1347,2021-02-26,VDA,206,57,149,67,34,4,96,4,1,122,84,ITC,ITC2,2,Valle d'Aosta / Vallée d'Aoste,Valle d'Aosta,125666,228,0.18,0.16
1348,2021-02-09,VDA,251,84,167,78,30,14,75,1,53,68,183,ITC,ITC2,2,Valle d'Aosta / Vallée d'Aoste,Valle d'Aosta,125666,479,0.38,0.2
1349,2021-02-17,VDA,327,144,183,25,19,30,237,16,0,227,100,ITC,ITC2,2,Valle d'Aosta / Vallée d'Aoste,Valle d'Aosta,125666,806,0.64,0.26
1350,2021-01-30,VDA,436,202,234,232,192,12,0,0,0,13,423,ITC,ITC2,2,Valle d'Aosta / Vallée d'Aoste,Valle d'Aosta,125666,1242,0.99,0.35
1351,2021-02-06,VDA,289,104,185,170,44,0,74,1,0,92,197,ITC,ITC2,2,Valle d'Aosta / Vallée d'Aoste,Valle d'Aosta,125666,1531,1.22,0.23
1352,2021-01-09,VDA,443,199,244,225,196,22,0,0,0,443,0,ITC,ITC2,2,Valle d'Aosta / Vallée d'Aoste,Valle d'Aosta,125666,1974,1.57,0.35
1353,2021-02-16,VDA,325,53,272,10,58,12,5,4,236,320,5,ITC,ITC2,2,Valle d'Aosta / Vallée d'Aoste,Valle d'Aosta,125666,2299,1.83,0.26
1354,2021-02-07,VDA,292,120,172,110,72,0,105,2,3,190,102,ITC,ITC2,2,Valle d'Aosta / Vallée d'Aoste,Valle d'Aosta,125666,2591,2.06,0.23
1355,2021-01-21,VDA,33,12,21,0,0,33,0,0,0,33,0,ITC,ITC2,2,Valle d'Aosta / Vallée d'Aoste,Valle d'Aosta,125666,2624,2.09,0.03
1356,2021-02-21,VDA,18,3,15,0,0,18,0,0,0,0,18,ITC,ITC2,2,Valle d'Aosta / Vallée d'Aoste,Valle d'Aosta,125666,2642,2.1,0.01
1357,2021-02-15,VDA,264,136,128,24,29,24,170,15,2,229,35,ITC,ITC2,2,Valle d'Aosta / Vallée d'Aoste,Valle d'Aosta,125666,2906,2.31,0.21
1358,2021-01-12,VDA,302,72,230,242,49,11,0,0,0,302,0,ITC,ITC2,2,Valle d'Aosta / Vallée d'Aoste,Valle d'Aosta,125666,3208,2.55,0.24
1359,2021-02-27,VDA,230,84,146,69,30,1,126,4,0,124,106,ITC,ITC2,2,Valle d'Aosta / Vallée d'Aoste,Valle d'Aosta,125666,3438,2.74,0.18
1360,2021-01-02,VDA,6,5,1,0,0,6,0,0,0,6,0,ITC,ITC2,2,Valle d'Aosta / Vallée d'Aoste,Valle d'Aosta,125666,3444,2.74,0.0
1361,2021-01-22,VDA,56,21,35,36,0,20,0,0,0,20,36,ITC,ITC2,2,Valle d'Aosta / Vallée d'Aoste,Valle d'Aosta,125666,3500,2.79,0.04
1362,2021-01-14,VDA,237,69,168,151,84,0,2,0,0,237,0,ITC,ITC2,2,Valle d'Aosta / Vallée d'Aoste,Valle d'Aosta,125666,3737,2.97,0.19
1363,2021-02-22,VDA,316,94,222,62,41,37,103,6,67,213,103,ITC,ITC2,2,Valle d'Aosta / Vallée d'Aoste,Valle d'Aosta,125666,4053,3.23,0.25
1364,2021-03-04,VDA,291,139,152,55,58,2,160,14,2,42,249,ITC,ITC2,2,Valle d'Aosta / Vallée d'Aoste,Valle d'Aosta,125666,4344,3.46,0.23
1365,2021-01-13,VDA,337,110,227,166,143,28,0,0,0,337,0,ITC,ITC2,2,Valle d'Aosta / Vallée d'Aoste,Valle d'Aosta,125666,4681,3.72,0.27
1366,2021-03-10,VDA,421,174,247,9,65,11,330,6,0,216,205,ITC,ITC2,2,Valle d'Aosta / Vallée d'Aoste,Valle d'Aosta,125666,5102,4.06,0.34
1367,2021-02-20,VDA,249,209,40,6,51,7,2,174,9,240,9,ITC,ITC2,2,Valle d'Aosta / Vallée d'Aoste,Valle d'Aosta,125666,5351,4.26,0.2
1368,2021-02-18,VDA,348,153,195,61,40,45,180,14,8,260,88,ITC,ITC2,2,Valle d'Aosta / Vallée d'Aoste,Valle d'Aosta,125666,5699,4.54,0.28
1369,2021-02-19,VDA,292,102,190,17,30,35,145,0,65,268,24,ITC,ITC2,2,Valle d'Aosta / Vallée d'Aoste,Valle d'Aosta,125666,5991,4.77,0.23
1370,2021-02-25,VDA,201,101,100,6,157,11,0,25,2,194,7,ITC,ITC2,2,Valle d'Aosta / Vallée d'Aoste,Valle d'Aosta,125666,6192,4.93,0.16
1371,2021-01-19,VDA,256,77,179,160,24,15,57,0,0,256,0,ITC,ITC2,2,Valle d'Aosta / Vallée d'Aoste,Valle d'Aosta,125666,6448,5.13,0.2
1372,2021-01-28,VDA,290,123,167,194,88,6,2,0,0,56,234,ITC,ITC2,2,Valle d'Aosta / Vallée d'Aoste,Valle d'Aosta,125666,6738,5.36,0.23
1373,2021-02-13,VDA,215,195,20,0,54,0,0,161,0,215,0,ITC,ITC2,2,Valle d'Aosta / Vallée d'Aoste,Valle d'Aosta,125666,6953,5.53,0.17
1374,2021-02-03,VDA,351,114,237,157,141,52,1,0,0,14,337,ITC,ITC2,2,Valle d'Aosta / Vallée d'Aoste,Valle d'Aosta,125666,7304,5.81,0.28
1375,2021-02-12,VDA,263,96,167,51,50,26,131,0,5,217,46,ITC,ITC2,2,Valle d'Aosta / Vallée d'Aoste,Valle d'Aosta,125666,7567,6.02,0.21
1376,2021-01-25,VDA,147,65,82,125,16,6,0,0,0,0,147,ITC,ITC2,2,Valle d'Aosta / Vallée d'Aoste,Valle d'Aosta,125666,7714,6.14,0.12
1377,2021-02-14,VDA,48,16,32,6,0,42,0,0,0,1,47,ITC,ITC2,2,Valle d'Aosta / Vallée d'Aoste,Valle d'Aosta,125666,7762,6.18,0.04
1378,2021-02-24,VDA,183,82,101,30,15,13,65,53,7,164,19,ITC,ITC2,2,Valle d'Aosta / Vallée d'Aoste,Valle d'Aosta,125666,7945,6.32,0.15
1379,2021-01-29,VDA,316,138,178,259,41,16,0,0,0,2,314,ITC,ITC2,2,Valle d'Aosta / Vallée d'Aoste,Valle d'Aosta,125666,8261,6.57,0.25
1380,2021-03-09,VDA,204,96,108,2,79,23,36,39,25,172,32,ITC,ITC2,2,Valle d'Aosta / Vallée d'Aoste,Valle d'Aosta,125666,8465,6.74,0.16
1381,2021-01-27,VDA,151,71,80,53,27,18,53,0,0,79,72,ITC,ITC2,2,Valle d'Aosta / Vallée d'Aoste,Valle d'Aosta,125666,8616,6.86,0.12
1382,2021-01-26,VDA,139,48,91,115,12,12,0,0,0,0,139,ITC,ITC2,2,Valle d'Aosta / Vallée d'Aoste,Valle d'Aosta,125666,8755,6.97,0.11
1383,2021-02-01,VDA,403,127,276,268,65,70,0,0,0,87,316,ITC,ITC2,2,Valle d'Aosta / Vallée d'Aoste,Valle d'Aosta,125666,9158,7.29,0.32
1384,2021-01-07,VDA,275,111,164,224,46,5,0,0,0,275,0,ITC,ITC2,2,Valle d'Aosta / Vallée d'Aoste,Valle d'Aosta,125666,9433,7.51,0.22
1385,2021-01-05,VDA,150,54,96,127,12,11,0,0,0,150,0,ITC,ITC2,2,Valle d'Aosta / Vallée d'Aoste,Valle d'Aosta,125666,9583,7.63,0.12
1386,2021-01-08,VDA,299,130,169,240,43,16,0,0,0,299,0,ITC,ITC2,2,Valle d'Aosta / Vallée d'Aoste,Valle d'Aosta,125666,9882,7.86,0.24
1387,2021-03-01,VDA,181,66,115,19,15,29,116,2,0,147,34,ITC,ITC2,2,Valle d'Aosta / Vallée d'Aoste,Valle d'Aosta,125666,10063,8.01,0.14
1388,2021-03-03,VDA,254,117,137,9,111,1,128,1,4,186,68,ITC,ITC2,2,Valle d'Aosta / Vallée d'Aoste,Valle d'Aosta,125666,10317,8.21,0.2
1389,2021-01-10,VDA,220,71,149,172,29,19,0,0,0,220,0,ITC,ITC2,2,Valle d'Aosta / Vallée d'Aoste,Valle d'Aosta,125666,10537,8.38,0.18
1390,2020-12-31,VDA,18,4,14,16,2,0,0,0,0,18,0,ITC,ITC2,2,Valle d'Aosta / Vallée d'Aoste,Valle d'Aosta,125666,10555,8.4,0.01
1391,2021-01-06,VDA,65,33,32,29,18,18,0,0,0,65,0,ITC,ITC2,2,Valle d'Aosta / Vallée d'Aoste,Valle d'Aosta,125666,10620,8.45,0.05
1392,2020-12-27,VDA,20,9,11,20,0,0,0,0,0,20,0,ITC,ITC2,2,Valle d'Aosta / Vallée d'Aoste,Valle d'Aosta,125666,10640,8.47,0.02
1393,2021-01-15,VDA,218,82,136,116,68,28,6,0,0,218,0,ITC,ITC2,2,Valle d'Aosta / Vallée d'Aoste,Valle d'Aosta,125666,10858,8.64,0.17
1394,2021-01-16,VDA,236,80,156,127,36,22,51,0,0,236,0,ITC,ITC2,2,Valle d'Aosta / Vallée d'Aoste,Valle d'Aosta,125666,11094,8.83,0.19
1395,2021-03-05,VDA,275,124,151,50,69,13,138,0,5,53,222,ITC,ITC2,2,Valle d'Aosta / Vallée d'Aoste,Valle d'Aosta,125666,11369,9.05,0.22
1396,2021-02-04,VDA,294,86,208,168,91,34,1,0,0,8,286,ITC,ITC2,2,Valle d'Aosta / Vallée d'Aoste,Valle d'Aosta,125666,11663,9.28,0.23
1397,2021-02-08,VDA,223,83,140,28,103,3,64,0,25,25,198,ITC,ITC2,2,Valle d'Aosta / Vallée d'Aoste,Valle d'Aosta,125666,11886,9.46,0.18
1398,2021-02-02,VDA,271,70,201,225,43,3,0,0,0,2,269,ITC,ITC2,2,Valle d'Aosta / Vallée d'Aoste,Valle d'Aosta,125666,12157,9.67,0.22
1399,2021-02-05,VDA,294,102,192,159,82,0,53,0,0,101,193,ITC,ITC2,2,Valle d'Aosta / Vallée d'Aoste,Valle d'Aosta,125666,12451,9.91,0.23
1400,2021-01-04,VDA,142,59,83,126,16,0,0,0,0,142,0,ITC,ITC2,2,Valle d'Aosta / Vallée d'Aoste,Valle d'Aosta,125666,12593,10.02,0.11
1401,2021-01-17,VDA,131,56,75,49,3,20,59,0,0,131,0,ITC,ITC2,2,Valle d'Aosta / Vallée d'Aoste,Valle d'Aosta,125666,12724,10.13,0.1
1402,2021-02-10,VDA,247,76,171,51,25,26,126,1,18,140,107,ITC,ITC2,2,Valle d'Aosta / Vallée d'Aoste,Valle d'Aosta,125666,12971,10.32,0.2
1403,2021-03-08,VDA,481,231,250,28,81,13,343,15,1,237,244,ITC,ITC2,2,Valle d'Aosta / Vallée d'Aoste,Valle d'Aosta,125666,13452,10.7,0.38
1404,2021-02-11,VDA,231,107,124,53,38,0,127,13,0,222,9,ITC,ITC2,2,Valle d'Aosta / Vallée d'Aoste,Valle d'Aosta,125666,13683,10.89,0.18
1405,2021-02-23,VDA,216,123,93,0,165,0,0,35,16,216,0,ITC,ITC2,2,Valle d'Aosta / Vallée d'Aoste,Valle d'Aosta,125666,13899,11.06,0.17
1406,2021-03-07,VDA,64,30,34,16,19,0,26,2,1,11,53,ITC,ITC2,2,Valle d'Aosta / Vallée d'Aoste,Valle d'Aosta,125666,13963,11.11,0.05
1407,2021-01-18,VDA,213,74,139,29,111,27,46,0,0,213,0,ITC,ITC2,2,Valle d'Aosta / Vallée d'Aoste,Valle d'Aosta,125666,14176,11.28,0.17
1408,2021-01-11,VDA,325,112,213,238,57,30,0,0,0,325,0,ITC,ITC2,2,Valle d'Aosta / Vallée d'Aoste,Valle d'Aosta,125666,14501,11.54,0.26
1409,2021-03-02,VDA,339,166,173,17,106,39,107,65,5,336,3,ITC,ITC2,2,Valle d'Aosta / Vallée d'Aoste,Valle d'Aosta,125666,14840,11.81,0.27
1410,2021-01-20,VDA,23,8,15,0,0,6,17,0,0,23,0,ITC,ITC2,2,Valle d'Aosta / Vallée d'Aoste,Valle d'Aosta,125666,14863,11.83,0.02
1411,2021-01-31,VDA,290,90,200,231,41,18,0,0,0,58,232,ITC,ITC2,2,Valle d'Aosta / Vallée d'Aoste,Valle d'Aosta,125666,15153,12.06,0.23
1412,2021-02-28,VDA,260,86,174,78,58,24,93,3,4,77,183,ITC,ITC2,2,Valle d'Aosta / Vallée d'Aoste,Valle d'Aosta,125666,15413,12.27,0.21
1413,2021-01-05,PAT,707,231,476,494,52,161,0,0,0,707,0,ITH,ITH2,4,Provincia Autonoma Trento,P.A. Trento,541380,707,0.13,0.13
1414,2021-03-10,PAT,1874,745,1129,307,42,0,1278,155,92,1009,865,ITH,ITH2,4,Provincia Autonoma Trento,P.A. Trento,541380,2581,0.48,0.35
1415,2021-01-09,PAT,184,40,144,139,14,31,0,0,0,184,0,ITH,ITH2,4,Provincia Autonoma Trento,P.A. Trento,541380,2765,0.51,0.03
1416,2021-02-13,PAT,536,333,203,373,5,0,158,0,0,171,365,ITH,ITH2,4,Provincia Autonoma Trento,P.A. Trento,541380,3301,0.61,0.1
1417,2021-02-26,PAT,1207,432,775,245,28,19,809,1,105,883,324,ITH,ITH2,4,Provincia Autonoma Trento,P.A. Trento,541380,4508,0.83,0.22
1418,2021-01-23,PAT,570,330,240,480,2,88,0,0,0,384,186,ITH,ITH2,4,Provincia Autonoma Trento,P.A. Trento,541380,5078,0.94,0.11
1419,2021-03-02,PAT,1274,429,845,129,47,53,901,0,144,884,390,ITH,ITH2,4,Provincia Autonoma Trento,P.A. Trento,541380,6352,1.17,0.24
1420,2021-03-03,PAT,1625,612,1013,71,44,58,1232,19,201,1069,556,ITH,ITH2,4,Provincia Autonoma Trento,P.A. Trento,541380,7977,1.47,0.3
1421,2021-01-13,PAT,420,123,297,391,6,23,0,0,0,420,0,ITH,ITH2,4,Provincia Autonoma Trento,P.A. Trento,541380,8397,1.55,0.08
1422,2021-02-23,PAT,1086,389,697,271,20,17,727,3,48,875,211,ITH,ITH2,4,Provincia Autonoma Trento,P.A. Trento,541380,9483,1.75,0.2
1423,2021-03-07,PAT,21,6,15,0,0,0,0,0,21,21,0,ITH,ITH2,4,Provincia Autonoma Trento,P.A. Trento,541380,9504,1.76,0.0
1424,2021-02-20,PAT,404,244,160,329,10,30,1,3,31,121,283,ITH,ITH2,4,Provincia Autonoma Trento,P.A. Trento,541380,9908,1.83,0.07
1425,2021-02-27,PAT,1020,453,567,441,31,0,434,3,111,597,423,ITH,ITH2,4,Provincia Autonoma Trento,P.A. Trento,541380,10928,2.02,0.19
1426,2021-02-01,PAT,1218,334,884,766,78,374,0,0,0,92,1126,ITH,ITH2,4,Provincia Autonoma Trento,P.A. Trento,541380,12146,2.24,0.22
1427,2021-01-07,PAT,1268,310,958,649,63,556,0,0,0,1268,0,ITH,ITH2,4,Provincia Autonoma Trento,P.A. Trento,541380,13414,2.48,0.23
1428,2020-12-27,PAT,103,40,63,76,6,21,0,0,0,103,0,ITH,ITH2,4,Provincia Autonoma Trento,P.A. Trento,541380,13517,2.5,0.02
1429,2021-01-15,PAT,592,130,462,460,21,111,0,0,0,592,0,ITH,ITH2,4,Provincia Autonoma Trento,P.A. Trento,541380,14109,2.61,0.11
1430,2021-02-12,PAT,1008,339,669,334,68,55,551,0,0,587,421,ITH,ITH2,4,Provincia Autonoma Trento,P.A. Trento,541380,15117,2.79,0.19
1431,2021-01-27,PAT,734,257,477,395,34,304,1,0,0,73,661,ITH,ITH2,4,Provincia Autonoma Trento,P.A. Trento,541380,15851,2.93,0.14
1432,2021-01-29,PAT,1349,331,1018,722,86,541,0,0,0,54,1295,ITH,ITH2,4,Provincia Autonoma Trento,P.A. Trento,541380,17200,3.18,0.25
1433,2021-01-08,PAT,1442,312,1130,764,152,526,0,0,0,1442,0,ITH,ITH2,4,Provincia Autonoma Trento,P.A. Trento,541380,18642,3.44,0.27
1434,2021-03-01,PAT,1235,453,782,73,26,10,1028,3,95,937,298,ITH,ITH2,4,Provincia Autonoma Trento,P.A. Trento,541380,19877,3.67,0.23
1435,2021-02-09,PAT,913,287,626,446,13,73,381,0,0,441,472,ITH,ITH2,4,Provincia Autonoma Trento,P.A. Trento,541380,20790,3.84,0.17
1436,2021-03-06,PAT,732,256,476,324,17,0,194,5,192,580,152,ITH,ITH2,4,Provincia Autonoma Trento,P.A. Trento,541380,21522,3.98,0.14
1437,2020-12-30,PAT,6,2,4,4,1,1,0,0,0,6,0,ITH,ITH2,4,Provincia Autonoma Trento,P.A. Trento,541380,21528,3.98,0.0
1438,2021-02-05,PAT,799,269,530,467,22,66,244,0,0,280,519,ITH,ITH2,4,Provincia Autonoma Trento,P.A. Trento,541380,22327,4.12,0.15
1439,2021-01-14,PAT,696,201,495,477,11,208,0,0,0,696,0,ITH,ITH2,4,Provincia Autonoma Trento,P.A. Trento,541380,23023,4.25,0.13
1440,2021-01-30,PAT,383,130,253,345,7,31,0,0,0,151,232,ITH,ITH2,4,Provincia Autonoma Trento,P.A. Trento,541380,23406,4.32,0.07
1441,2021-03-05,PAT,2176,686,1490,125,129,101,902,158,761,1579,597,ITH,ITH2,4,Provincia Autonoma Trento,P.A. Trento,541380,25582,4.73,0.4
1442,2021-02-04,PAT,971,303,668,541,17,89,324,0,0,420,551,ITH,ITH2,4,Provincia Autonoma Trento,P.A. Trento,541380,26553,4.9,0.18
1443,2021-01-17,PAT,251,195,56,251,0,0,0,0,0,251,0,ITH,ITH2,4,Provincia Autonoma Trento,P.A. Trento,541380,26804,4.95,0.05
1444,2021-01-21,PAT,349,93,256,318,15,16,0,0,0,227,122,ITH,ITH2,4,Provincia Autonoma Trento,P.A. Trento,541380,27153,5.02,0.06
1445,2021-03-04,PAT,2316,776,1540,155,90,23,1683,20,345,1468,848,ITH,ITH2,4,Provincia Autonoma Trento,P.A. Trento,541380,29469,5.44,0.43
1446,2021-01-24,PAT,545,274,271,533,12,0,0,0,0,222,323,ITH,ITH2,4,Provincia Autonoma Trento,P.A. Trento,541380,30014,5.54,0.1
1447,2021-02-22,PAT,733,254,479,118,17,69,486,0,43,649,84,ITH,ITH2,4,Provincia Autonoma Trento,P.A. Trento,541380,30747,5.68,0.14
1448,2021-02-18,PAT,1199,424,775,300,30,35,776,3,55,1136,63,ITH,ITH2,4,Provincia Autonoma Trento,P.A. Trento,541380,31946,5.9,0.22
1449,2021-01-16,PAT,318,147,171,303,1,14,0,0,0,318,0,ITH,ITH2,4,Provincia Autonoma Trento,P.A. Trento,541380,32264,5.96,0.06
1450,2021-02-02,PAT,889,237,652,505,49,171,164,0,0,190,699,ITH,ITH2,4,Provincia Autonoma Trento,P.A. Trento,541380,33153,6.12,0.16
1451,2021-01-20,PAT,288,71,217,229,11,48,0,0,0,276,12,ITH,ITH2,4,Provincia Autonoma Trento,P.A. Trento,541380,33441,6.18,0.05
1452,2021-01-02,PAT,498,142,356,334,25,139,0,0,0,498,0,ITH,ITH2,4,Provincia Autonoma Trento,P.A. Trento,541380,33939,6.27,0.09
1453,2021-01-11,PAT,724,220,504,516,58,150,0,0,0,724,0,ITH,ITH2,4,Provincia Autonoma Trento,P.A. Trento,541380,34663,6.4,0.13
1454,2021-02-21,PAT,155,92,63,154,1,0,0,0,0,43,112,ITH,ITH2,4,Provincia Autonoma Trento,P.A. Trento,541380,34818,6.43,0.03
1455,2021-02-19,PAT,889,344,545,168,54,70,568,1,28,831,58,ITH,ITH2,4,Provincia Autonoma Trento,P.A. Trento,541380,35707,6.6,0.16
1456,2021-01-19,PAT,403,77,326,363,4,36,0,0,0,403,0,ITH,ITH2,4,Provincia Autonoma Trento,P.A. Trento,541380,36110,6.67,0.07
1457,2021-01-28,PAT,530,147,383,390,33,107,0,0,0,48,482,ITH,ITH2,4,Provincia Autonoma Trento,P.A. Trento,541380,36640,6.77,0.1
1458,2021-02-03,PAT,845,313,532,354,25,73,393,0,0,414,431,ITH,ITH2,4,Provincia Autonoma Trento,P.A. Trento,541380,37485,6.92,0.16
1459,2021-01-31,PAT,74,15,59,55,13,6,0,0,0,0,74,ITH,ITH2,4,Provincia Autonoma Trento,P.A. Trento,541380,37559,6.94,0.01
1460,2021-02-10,PAT,849,289,560,310,10,51,478,0,0,508,341,ITH,ITH2,4,Provincia Autonoma Trento,P.A. Trento,541380,38408,7.09,0.16
1461,2021-01-10,PAT,84,19,65,53,19,12,0,0,0,84,0,ITH,ITH2,4,Provincia Autonoma Trento,P.A. Trento,541380,38492,7.11,0.02
1462,2021-01-01,PAT,206,48,158,109,11,86,0,0,0,206,0,ITH,ITH2,4,Provincia Autonoma Trento,P.A. Trento,541380,38698,7.15,0.04
1463,2021-01-12,PAT,501,158,343,413,29,59,0,0,0,501,0,ITH,ITH2,4,Provincia Autonoma Trento,P.A. Trento,541380,39199,7.24,0.09
1464,2021-02-11,PAT,1130,364,766,331,17,48,734,0,0,796,334,ITH,ITH2,4,Provincia Autonoma Trento,P.A. Trento,541380,40329,7.45,0.21
1465,2021-01-25,PAT,774,205,569,482,30,262,0,0,0,23,751,ITH,ITH2,4,Provincia Autonoma Trento,P.A. Trento,541380,41103,7.59,0.14
1466,2021-02-08,PAT,1149,318,831,550,59,237,302,0,1,341,808,ITH,ITH2,4,Provincia Autonoma Trento,P.A. Trento,541380,42252,7.8,0.21
1467,2021-01-26,PAT,497,138,359,397,16,84,0,0,0,25,472,ITH,ITH2,4,Provincia Autonoma Trento,P.A. Trento,541380,42749,7.9,0.09
1468,2021-03-09,PAT,1449,519,930,96,62,28,1036,36,191,814,635,ITH,ITH2,4,Provincia Autonoma Trento,P.A. Trento,541380,44198,8.16,0.27
1469,2021-02-28,PAT,242,121,121,231,0,0,0,0,11,242,0,ITH,ITH2,4,Provincia Autonoma Trento,P.A. Trento,541380,44440,8.21,0.04
1470,2021-02-17,PAT,1104,423,681,325,27,35,702,3,12,1012,92,ITH,ITH2,4,Provincia Autonoma Trento,P.A. Trento,541380,45544,8.41,0.2
1471,2021-02-06,PAT,572,296,276,178,8,0,386,0,0,432,140,ITH,ITH2,4,Provincia Autonoma Trento,P.A. Trento,541380,46116,8.52,0.11
1472,2021-02-24,PAT,1302,518,784,229,24,28,955,1,65,907,395,ITH,ITH2,4,Provincia Autonoma Trento,P.A. Trento,541380,47418,8.76,0.24
1473,2021-01-22,PAT,1628,422,1206,874,128,623,0,0,3,316,1312,ITH,ITH2,4,Provincia Autonoma Trento,P.A. Trento,541380,49046,9.06,0.3
1474,2021-02-16,PAT,663,244,419,73,14,3,563,0,10,658,5,ITH,ITH2,4,Provincia Autonoma Trento,P.A. Trento,541380,49709,9.18,0.12
1475,2021-03-08,PAT,1375,428,947,66,44,0,982,7,276,1015,360,ITH,ITH2,4,Provincia Autonoma Trento,P.A. Trento,541380,51084,9.44,0.25
1476,2020-12-31,PAT,1598,440,1158,819,109,670,0,0,0,1598,0,ITH,ITH2,4,Provincia Autonoma Trento,P.A. Trento,541380,52682,9.73,0.3
1477,2021-01-18,PAT,640,154,486,527,40,73,0,0,0,586,54,ITH,ITH2,4,Provincia Autonoma Trento,P.A. Trento,541380,53322,9.85,0.12
1478,2021-01-06,PAT,42,13,29,42,0,0,0,0,0,42,0,ITH,ITH2,4,Provincia Autonoma Trento,P.A. Trento,541380,53364,9.86,0.01
1479,2021-02-15,PAT,530,186,344,144,28,27,320,0,11,417,113,ITH,ITH2,4,Provincia Autonoma Trento,P.A. Trento,541380,53894,9.95,0.1
1480,2021-01-03,PAT,483,158,325,409,12,62,0,0,0,483,0,ITH,ITH2,4,Provincia Autonoma Trento,P.A. Trento,541380,54377,10.04,0.09
1481,2021-01-04,PAT,853,223,630,481,49,322,1,0,0,853,0,ITH,ITH2,4,Provincia Autonoma Trento,P.A. Trento,541380,55230,10.2,0.16
1482,2021-02-25,PAT,1577,617,960,119,23,32,1310,1,92,1112,465,ITH,ITH2,4,Provincia Autonoma Trento,P.A. Trento,541380,56807,10.49,0.29
1483,2021-02-14,PAT,246,186,60,246,0,0,0,0,0,11,235,ITH,ITH2,4,Provincia Autonoma Trento,P.A. Trento,541380,57053,10.54,0.05
