,data,area,Vaccinazioni giornaliere,sesso_maschile,sesso_femminile,Operatori sanitari - sociosanitari,Personale non sanitario,categoria_altro,Ospiti RSA,categoria_over80,categoria_forze_armate,categoria_personale_scolastico,prima_dose,seconda_dose,codice_NUTS1,codice_NUTS2,codice_regione_ISTAT,nome_area,Regione,popolazione,Totale vaccinazioni,Totale vaccinazioni ogni cento ab,Vaccinazioni giornaliere ogni cento ab
0,2021-02-01,PIE,8641,3053,5588,6170,1324,79,1068,0,0,0,578,8063,ITC,ITC1,1,Piemonte,Piemonte,4356406,8641,0.2,0.2
1,2021-02-19,PIE,5528,2171,3357,1988,788,977,666,31,0,1078,5026,502,ITC,ITC1,1,Piemonte,Piemonte,4356406,14169,0.33,0.13
2,2021-02-05,PIE,9451,3078,6373,5766,1959,82,1643,1,0,0,657,8794,ITC,ITC1,1,Piemonte,Piemonte,4356406,23620,0.54,0.22
3,2021-04-05,PIE,14713,6219,8494,148,49,5815,0,7973,26,702,12160,2553,ITC,ITC1,1,Piemonte,Piemonte,4356406,38333,0.88,0.34
4,2021-02-11,PIE,6761,2106,4655,3421,1136,191,2010,0,0,3,3004,3757,ITC,ITC1,1,Piemonte,Piemonte,4356406,45094,1.04,0.16
5,2021-02-16,PIE,3963,1753,2210,1819,778,816,548,0,1,1,3205,758,ITC,ITC1,1,Piemonte,Piemonte,4356406,49057,1.13,0.09
6,2021-03-31,PIE,18934,8025,10909,954,366,3472,281,13117,57,687,10260,8674,ITC,ITC1,1,Piemonte,Piemonte,4356406,67991,1.56,0.43
7,2021-02-14,PIE,1475,498,977,796,331,49,285,0,0,14,875,600,ITC,ITC1,1,Piemonte,Piemonte,4356406,69466,1.59,0.03
8,2021-01-09,PIE,6183,2185,3998,4488,1094,33,568,0,0,0,6183,0,ITC,ITC1,1,Piemonte,Piemonte,4356406,75649,1.74,0.14
9,2021-02-24,PIE,11384,4618,6766,1843,586,726,407,5663,0,2159,10873,511,ITC,ITC1,1,Piemonte,Piemonte,4356406,87033,2.0,0.26
10,2021-02-09,PIE,7350,2309,5041,4154,1323,43,1830,0,0,0,722,6628,ITC,ITC1,1,Piemonte,Piemonte,4356406,94383,2.17,0.17
11,2021-01-20,PIE,6538,2067,4471,3573,1140,13,1812,0,0,0,5813,725,ITC,ITC1,1,Piemonte,Piemonte,4356406,100921,2.32,0.15
12,2021-03-11,PIE,13636,4996,8640,2310,809,635,381,7329,0,2172,10546,3090,ITC,ITC1,1,Piemonte,Piemonte,4356406,114557,2.63,0.31
13,2021-02-20,PIE,3829,1252,2577,1100,395,669,219,30,0,1416,3655,174,ITC,ITC1,1,Piemonte,Piemonte,4356406,118386,2.72,0.09
14,2021-01-07,PIE,5385,1739,3646,4158,837,49,341,0,0,0,5385,0,ITC,ITC1,1,Piemonte,Piemonte,4356406,123771,2.84,0.12
15,2021-03-02,PIE,11137,4477,6660,904,316,812,215,6388,0,2502,10320,817,ITC,ITC1,1,Piemonte,Piemonte,4356406,134908,3.1,0.26
16,2021-03-07,PIE,11961,4652,7309,1322,727,419,111,7333,0,2049,11080,881,ITC,ITC1,1,Piemonte,Piemonte,4356406,146869,3.37,0.27
17,2021-01-14,PIE,9761,3150,6611,6175,2006,96,1484,0,0,0,9761,0,ITC,ITC1,1,Piemonte,Piemonte,4356406,156630,3.6,0.22
18,2021-01-23,PIE,4254,1325,2929,3206,453,75,520,0,0,0,878,3376,ITC,ITC1,1,Piemonte,Piemonte,4356406,160884,3.69,0.1
19,2021-03-25,PIE,16981,7170,9811,1031,509,1335,624,11931,179,1372,8347,8634,ITC,ITC1,1,Piemonte,Piemonte,4356406,177865,4.08,0.39
20,2021-02-15,PIE,4428,1595,2833,2319,841,303,962,1,1,1,3223,1205,ITC,ITC1,1,Piemonte,Piemonte,4356406,182293,4.18,0.1
21,2021-01-27,PIE,4196,1453,2743,2983,541,115,557,0,0,0,999,3197,ITC,ITC1,1,Piemonte,Piemonte,4356406,186489,4.28,0.1
22,2021-01-05,PIE,5378,1602,3776,4365,683,45,285,0,0,0,5378,0,ITC,ITC1,1,Piemonte,Piemonte,4356406,191867,4.4,0.12
23,2021-04-02,PIE,19655,8073,11582,851,307,3981,314,13232,92,878,11277,8378,ITC,ITC1,1,Piemonte,Piemonte,4356406,211522,4.86,0.45
24,2021-01-19,PIE,6421,2099,4322,3574,1238,61,1548,0,0,0,6412,9,ITC,ITC1,1,Piemonte,Piemonte,4356406,217943,5.0,0.15
25,2021-02-13,PIE,4151,1334,2817,2309,654,68,1114,1,0,5,2929,1222,ITC,ITC1,1,Piemonte,Piemonte,4356406,222094,5.1,0.1
26,2021-01-18,PIE,6162,2047,4115,3236,1322,82,1522,0,0,0,5914,248,ITC,ITC1,1,Piemonte,Piemonte,4356406,228256,5.24,0.14
27,2021-03-16,PIE,10513,4265,6248,2229,799,360,322,6790,0,13,4458,6055,ITC,ITC1,1,Piemonte,Piemonte,4356406,238769,5.48,0.24
28,2021-03-06,PIE,13977,5205,8772,2261,771,358,462,7431,0,2694,11188,2789,ITC,ITC1,1,Piemonte,Piemonte,4356406,252746,5.8,0.32
29,2021-04-04,PIE,9230,4047,5183,197,72,4441,0,4220,6,294,6517,2713,ITC,ITC1,1,Piemonte,Piemonte,4356406,261976,6.01,0.21
30,2020-12-27,PIE,912,368,544,760,65,11,76,0,0,0,912,0,ITC,ITC1,1,Piemonte,Piemonte,4356406,262888,6.03,0.02
31,2021-01-15,PIE,8963,2952,6011,5495,1860,64,1544,0,0,0,8963,0,ITC,ITC1,1,Piemonte,Piemonte,4356406,271851,6.24,0.21
32,2021-02-25,PIE,12199,5244,6955,1439,592,1484,405,6320,1,1958,11651,548,ITC,ITC1,1,Piemonte,Piemonte,4356406,284050,6.52,0.28
33,2021-01-28,PIE,5588,1809,3779,4118,829,50,590,1,0,0,384,5204,ITC,ITC1,1,Piemonte,Piemonte,4356406,289638,6.65,0.13
34,2021-01-11,PIE,8740,2980,5760,6053,1484,77,1126,0,0,0,8740,0,ITC,ITC1,1,Piemonte,Piemonte,4356406,298378,6.85,0.2
35,2021-02-27,PIE,12665,4844,7821,882,464,517,232,7534,0,3036,12316,349,ITC,ITC1,1,Piemonte,Piemonte,4356406,311043,7.14,0.29
36,2021-03-20,PIE,11850,4873,6977,878,449,784,163,7642,0,1934,5956,5894,ITC,ITC1,1,Piemonte,Piemonte,4356406,322893,7.41,0.27
37,2021-03-09,PIE,13878,5394,8484,1682,850,716,357,7955,0,2318,11536,2342,ITC,ITC1,1,Piemonte,Piemonte,4356406,336771,7.73,0.32
38,2021-02-17,PIE,4787,2154,2633,2245,954,1089,497,1,0,1,3798,989,ITC,ITC1,1,Piemonte,Piemonte,4356406,341558,7.84,0.11
39,2021-01-04,PIE,5562,1678,3884,4590,716,21,235,0,0,0,5562,0,ITC,ITC1,1,Piemonte,Piemonte,4356406,347120,7.97,0.13
40,2021-01-03,PIE,3061,966,2095,2714,268,27,52,0,0,0,3061,0,ITC,ITC1,1,Piemonte,Piemonte,4356406,350181,8.04,0.07
41,2021-02-02,PIE,10232,3504,6728,6867,1979,69,1317,0,0,0,814,9418,ITC,ITC1,1,Piemonte,Piemonte,4356406,360413,8.27,0.23
42,2021-02-18,PIE,4784,2089,2695,2254,868,1035,624,0,1,2,4354,430,ITC,ITC1,1,Piemonte,Piemonte,4356406,365197,8.38,0.11
43,2020-12-30,PIE,730,322,408,685,45,0,0,0,0,0,730,0,ITC,ITC1,1,Piemonte,Piemonte,4356406,365927,8.4,0.02
44,2021-01-13,PIE,10078,3222,6856,6484,2039,226,1329,0,0,0,10078,0,ITC,ITC1,1,Piemonte,Piemonte,4356406,376005,8.63,0.23
45,2021-03-30,PIE,16752,6955,9797,781,353,2142,284,12097,101,994,8888,7864,ITC,ITC1,1,Piemonte,Piemonte,4356406,392757,9.02,0.38
46,2021-03-05,PIE,15252,5953,9299,2540,1098,923,654,7665,1,2371,11435,3817,ITC,ITC1,1,Piemonte,Piemonte,4356406,408009,9.37,0.35
47,2021-03-18,PIE,11719,4791,6928,1461,677,359,342,8862,0,18,4010,7709,ITC,ITC1,1,Piemonte,Piemonte,4356406,419728,9.63,0.27
48,2021-01-21,PIE,6876,2314,4562,4704,826,30,1316,0,0,0,3381,3495,ITC,ITC1,1,Piemonte,Piemonte,4356406,426604,9.79,0.16
49,2021-02-23,PIE,9227,3709,5518,2295,821,570,389,4100,0,1052,8646,581,ITC,ITC1,1,Piemonte,Piemonte,4356406,435831,10.0,0.21
50,2021-01-22,PIE,3864,1248,2616,2280,609,41,934,0,0,0,2523,1341,ITC,ITC1,1,Piemonte,Piemonte,4356406,439695,10.09,0.09
51,2021-03-12,PIE,13884,5149,8735,2141,854,484,470,7599,63,2273,10950,2934,ITC,ITC1,1,Piemonte,Piemonte,4356406,453579,10.41,0.32
52,2021-03-19,PIE,10749,4394,6355,1092,467,498,429,7992,0,271,4322,6427,ITC,ITC1,1,Piemonte,Piemonte,4356406,464328,10.66,0.25
53,2021-03-28,PIE,15998,6880,9118,924,772,2788,34,8898,106,2476,8392,7606,ITC,ITC1,1,Piemonte,Piemonte,4356406,480326,11.03,0.37
54,2021-03-08,PIE,13907,5274,8633,2040,892,538,413,7397,0,2627,11195,2712,ITC,ITC1,1,Piemonte,Piemonte,4356406,494233,11.34,0.32
55,2021-03-27,PIE,18294,7787,10507,1210,546,2604,110,11667,54,2103,9481,8813,ITC,ITC1,1,Piemonte,Piemonte,4356406,512527,11.76,0.42
56,2021-03-01,PIE,11711,4690,7021,1142,539,744,281,6602,0,2403,10899,812,ITC,ITC1,1,Piemonte,Piemonte,4356406,524238,12.03,0.27
57,2021-01-17,PIE,3517,1168,2349,2082,588,7,840,0,0,0,2870,647,ITC,ITC1,1,Piemonte,Piemonte,4356406,527755,12.11,0.08
58,2021-01-26,PIE,6329,1878,4451,4726,831,44,728,0,0,0,735,5594,ITC,ITC1,1,Piemonte,Piemonte,4356406,534084,12.26,0.15
59,2020-12-28,PIE,1,1,0,1,0,0,0,0,0,0,1,0,ITC,ITC1,1,Piemonte,Piemonte,4356406,534085,12.26,0.0
60,2021-01-30,PIE,5978,2135,3843,4367,1049,67,495,0,0,0,218,5760,ITC,ITC1,1,Piemonte,Piemonte,4356406,540063,12.4,0.14
61,2021-02-06,PIE,7982,2664,5318,5100,1528,104,1250,0,0,0,400,7582,ITC,ITC1,1,Piemonte,Piemonte,4356406,548045,12.58,0.18
62,2021-02-26,PIE,12235,4909,7326,812,377,1068,487,6594,1,2896,11497,738,ITC,ITC1,1,Piemonte,Piemonte,4356406,560280,12.86,0.28
63,2021-01-25,PIE,6209,1938,4271,4782,839,26,562,0,0,0,982,5227,ITC,ITC1,1,Piemonte,Piemonte,4356406,566489,13.0,0.14
64,2021-01-08,PIE,5529,1761,3768,4078,971,58,422,0,0,0,5529,0,ITC,ITC1,1,Piemonte,Piemonte,4356406,572018,13.13,0.13
65,2020-12-31,PIE,3907,1332,2575,3413,354,6,134,0,0,0,3907,0,ITC,ITC1,1,Piemonte,Piemonte,4356406,575925,13.22,0.09
66,2021-04-06,PIE,15575,6822,8753,532,262,5651,136,7906,68,1020,11343,4232,ITC,ITC1,1,Piemonte,Piemonte,4356406,591500,13.58,0.36
67,2021-02-07,PIE,3087,974,2113,1648,643,19,777,0,0,0,445,2642,ITC,ITC1,1,Piemonte,Piemonte,4356406,594587,13.65,0.07
68,2021-02-10,PIE,7445,2346,5099,3850,1461,37,2097,0,0,0,1316,6129,ITC,ITC1,1,Piemonte,Piemonte,4356406,602032,13.82,0.17
69,2021-03-14,PIE,8197,3329,4868,794,233,370,2,5809,0,989,5303,2894,ITC,ITC1,1,Piemonte,Piemonte,4356406,610229,14.01,0.19
70,2021-01-29,PIE,5940,1886,4054,4198,1018,51,673,0,0,0,455,5485,ITC,ITC1,1,Piemonte,Piemonte,4356406,616169,14.14,0.14
71,2021-01-10,PIE,5207,2273,2934,3904,765,19,519,0,0,0,5207,0,ITC,ITC1,1,Piemonte,Piemonte,4356406,621376,14.26,0.12
72,2021-03-03,PIE,12060,4621,7439,1102,434,594,257,7021,0,2652,11239,821,ITC,ITC1,1,Piemonte,Piemonte,4356406,633436,14.54,0.28
73,2021-01-01,PIE,1038,395,643,922,116,0,0,0,0,0,1038,0,ITC,ITC1,1,Piemonte,Piemonte,4356406,634474,14.56,0.02
74,2021-03-29,PIE,15072,6332,8740,415,326,2431,137,10355,78,1330,8471,6601,ITC,ITC1,1,Piemonte,Piemonte,4356406,649546,14.91,0.35
75,2021-01-12,PIE,10040,3401,6639,6859,1917,92,1172,0,0,0,10040,0,ITC,ITC1,1,Piemonte,Piemonte,4356406,659586,15.14,0.23
76,2021-03-21,PIE,10366,4532,5834,575,383,1240,9,6844,0,1315,3844,6522,ITC,ITC1,1,Piemonte,Piemonte,4356406,669952,15.38,0.24
77,2021-03-22,PIE,10969,4610,6359,870,458,719,182,7518,0,1222,3747,7222,ITC,ITC1,1,Piemonte,Piemonte,4356406,680921,15.63,0.25
78,2021-03-04,PIE,14425,5716,8709,2170,870,1092,581,7523,0,2189,11517,2908,ITC,ITC1,1,Piemonte,Piemonte,4356406,695346,15.96,0.33
79,2021-03-24,PIE,15409,6308,9101,1069,502,1016,478,11472,37,835,6282,9127,ITC,ITC1,1,Piemonte,Piemonte,4356406,710755,16.32,0.35
80,2021-03-23,PIE,12938,5373,7565,688,325,1153,222,9218,0,1332,6701,6237,ITC,ITC1,1,Piemonte,Piemonte,4356406,723693,16.61,0.3
81,2021-01-24,PIE,3150,957,2193,2632,344,28,146,0,0,0,434,2716,ITC,ITC1,1,Piemonte,Piemonte,4356406,726843,16.68,0.07
82,2021-03-17,PIE,12495,5043,7452,2081,718,358,235,9094,0,9,5209,7286,ITC,ITC1,1,Piemonte,Piemonte,4356406,739338,16.97,0.29
83,2021-02-04,PIE,10196,3337,6859,6234,2129,70,1763,0,0,0,588,9608,ITC,ITC1,1,Piemonte,Piemonte,4356406,749534,17.21,0.23
84,2021-01-31,PIE,4105,1748,2357,3076,636,18,375,0,0,0,112,3993,ITC,ITC1,1,Piemonte,Piemonte,4356406,753639,17.3,0.09
85,2021-01-02,PIE,3540,1134,2406,3073,336,78,53,0,0,0,3540,0,ITC,ITC1,1,Piemonte,Piemonte,4356406,757179,17.38,0.08
86,2021-04-03,PIE,19155,7994,11161,305,136,4719,66,13336,55,538,10628,8527,ITC,ITC1,1,Piemonte,Piemonte,4356406,776334,17.82,0.44
87,2021-02-22,PIE,8462,3463,4999,1703,800,639,511,3889,0,920,7873,589,ITC,ITC1,1,Piemonte,Piemonte,4356406,784796,18.01,0.19
88,2021-02-28,PIE,10804,4055,6749,642,344,167,53,6813,0,2785,10564,240,ITC,ITC1,1,Piemonte,Piemonte,4356406,795600,18.26,0.25
89,2021-02-08,PIE,6914,2355,4559,3784,1480,78,1572,0,0,0,666,6248,ITC,ITC1,1,Piemonte,Piemonte,4356406,802514,18.42,0.16
90,2021-03-26,PIE,17668,6959,10709,1155,450,1415,525,11479,220,2424,8763,8905,ITC,ITC1,1,Piemonte,Piemonte,4356406,820182,18.83,0.41
91,2021-01-16,PIE,7754,2630,5124,4795,1515,80,1364,0,0,0,7754,0,ITC,ITC1,1,Piemonte,Piemonte,4356406,827936,19.01,0.18
92,2021-04-01,PIE,19074,7931,11143,649,266,2969,277,13820,183,910,11004,8070,ITC,ITC1,1,Piemonte,Piemonte,4356406,847010,19.44,0.44
93,2021-02-03,PIE,10185,3301,6884,6641,2041,268,1235,0,0,0,611,9574,ITC,ITC1,1,Piemonte,Piemonte,4356406,857195,19.68,0.23
94,2021-02-12,PIE,6881,2212,4669,3525,1509,138,1707,0,0,2,3924,2957,ITC,ITC1,1,Piemonte,Piemonte,4356406,864076,19.83,0.16
95,2021-02-21,PIE,5086,2080,3006,686,189,75,47,3352,0,737,4983,103,ITC,ITC1,1,Piemonte,Piemonte,4356406,869162,19.95,0.12
96,2021-03-13,PIE,13021,4711,8310,1169,504,511,157,8544,0,2136,11578,1443,ITC,ITC1,1,Piemonte,Piemonte,4356406,882183,20.25,0.3
97,2021-01-06,PIE,3114,1110,2004,2368,319,114,313,0,0,0,3114,0,ITC,ITC1,1,Piemonte,Piemonte,4356406,885297,20.32,0.07
98,2021-03-10,PIE,13468,5083,8385,1663,732,641,279,7933,0,2220,11174,2294,ITC,ITC1,1,Piemonte,Piemonte,4356406,898765,20.63,0.31
99,2021-03-15,PIE,10626,4147,6479,1716,923,579,230,5715,0,1463,5012,5614,ITC,ITC1,1,Piemonte,Piemonte,4356406,909391,20.87,0.24
100,2021-02-01,UMB,1260,333,927,875,33,0,352,0,0,0,47,1213,ITI,ITI2,10,Umbria,Umbria,882015,1260,0.14,0.14
101,2021-01-25,UMB,647,322,325,645,2,0,0,0,0,0,5,642,ITI,ITI2,10,Umbria,Umbria,882015,1907,0.22,0.07
102,2021-01-02,UMB,301,110,191,301,0,0,0,0,0,0,301,0,ITI,ITI2,10,Umbria,Umbria,882015,2208,0.25,0.03
103,2021-01-11,UMB,1271,336,935,878,12,7,374,0,0,0,1271,0,ITI,ITI2,10,Umbria,Umbria,882015,3479,0.39,0.14
104,2021-03-09,UMB,4029,1951,2078,143,549,131,106,2912,165,23,2737,1292,ITI,ITI2,10,Umbria,Umbria,882015,7508,0.85,0.46
105,2021-04-02,UMB,4192,1680,2512,375,76,2502,46,831,31,331,3490,702,ITI,ITI2,10,Umbria,Umbria,882015,11700,1.33,0.48
106,2021-03-27,UMB,4231,1506,2725,752,154,506,1,2218,24,576,3891,340,ITI,ITI2,10,Umbria,Umbria,882015,15931,1.81,0.48
107,2021-04-03,UMB,1949,664,1285,143,22,383,30,1148,7,216,1000,949,ITI,ITI2,10,Umbria,Umbria,882015,17880,2.03,0.22
108,2021-02-24,UMB,1520,565,955,1083,45,1,90,292,9,0,1505,15,ITI,ITI2,10,Umbria,Umbria,882015,19400,2.2,0.17
109,2021-01-15,UMB,692,212,480,588,44,0,60,0,0,0,692,0,ITI,ITI2,10,Umbria,Umbria,882015,20092,2.28,0.08
110,2021-02-20,UMB,282,100,182,83,7,1,39,152,0,0,258,24,ITI,ITI2,10,Umbria,Umbria,882015,20374,2.31,0.03
111,2021-03-01,UMB,1503,774,729,110,10,15,0,1249,118,1,1389,114,ITI,ITI2,10,Umbria,Umbria,882015,21877,2.48,0.17
112,2021-03-04,UMB,4482,1852,2630,849,164,72,4,1559,368,1466,3654,828,ITI,ITI2,10,Umbria,Umbria,882015,26359,2.99,0.51
113,2021-01-16,UMB,221,73,148,146,32,0,43,0,0,0,221,0,ITI,ITI2,10,Umbria,Umbria,882015,26580,3.01,0.03
114,2021-04-01,UMB,4080,1689,2391,193,12,513,239,3101,3,19,2142,1938,ITI,ITI2,10,Umbria,Umbria,882015,30660,3.48,0.46
115,2021-03-20,UMB,2272,821,1451,316,178,506,0,0,72,1200,2247,25,ITI,ITI2,10,Umbria,Umbria,882015,32932,3.73,0.26
116,2021-03-07,UMB,845,180,665,17,68,14,25,45,0,676,838,7,ITI,ITI2,10,Umbria,Umbria,882015,33777,3.83,0.1
117,2021-02-10,UMB,715,349,366,606,106,0,3,0,0,0,700,15,ITI,ITI2,10,Umbria,Umbria,882015,34492,3.91,0.08
118,2021-01-13,UMB,450,139,311,379,28,1,42,0,0,0,450,0,ITI,ITI2,10,Umbria,Umbria,882015,34942,3.96,0.05
119,2021-03-13,UMB,1731,524,1207,120,122,58,49,152,78,1152,1486,245,ITI,ITI2,10,Umbria,Umbria,882015,36673,4.16,0.2
120,2021-01-09,UMB,1719,492,1227,888,7,2,822,0,0,0,1719,0,ITI,ITI2,10,Umbria,Umbria,882015,38392,4.35,0.19
121,2021-01-14,UMB,749,200,549,696,35,0,17,0,0,1,749,0,ITI,ITI2,10,Umbria,Umbria,882015,39141,4.44,0.08
122,2021-03-05,UMB,4590,1379,3211,604,296,92,7,689,348,2554,3934,656,ITI,ITI2,10,Umbria,Umbria,882015,43731,4.96,0.52
123,2021-03-29,UMB,3781,1638,2143,245,34,594,49,2832,1,26,2311,1470,ITI,ITI2,10,Umbria,Umbria,882015,47512,5.39,0.43
124,2021-01-19,UMB,103,23,80,21,2,0,80,0,0,0,103,0,ITI,ITI2,10,Umbria,Umbria,882015,47615,5.4,0.01
125,2021-02-25,UMB,1334,495,839,826,96,3,99,305,0,5,1282,52,ITI,ITI2,10,Umbria,Umbria,882015,48949,5.55,0.15
126,2021-01-18,UMB,588,215,373,315,114,35,124,0,0,0,504,84,ITI,ITI2,10,Umbria,Umbria,882015,49537,5.62,0.07
127,2021-03-14,UMB,66,48,18,0,6,55,1,0,0,4,66,0,ITI,ITI2,10,Umbria,Umbria,882015,49603,5.62,0.01
128,2021-02-26,UMB,660,253,407,386,73,0,40,154,4,3,652,8,ITI,ITI2,10,Umbria,Umbria,882015,50263,5.7,0.07
129,2021-01-04,UMB,809,397,412,808,0,1,0,0,0,0,809,0,ITI,ITI2,10,Umbria,Umbria,882015,51072,5.79,0.09
130,2021-02-06,UMB,396,138,258,333,47,0,16,0,0,0,34,362,ITI,ITI2,10,Umbria,Umbria,882015,51468,5.84,0.04
131,2021-02-05,UMB,780,234,546,645,51,0,84,0,0,0,18,762,ITI,ITI2,10,Umbria,Umbria,882015,52248,5.92,0.09
132,2021-02-15,UMB,1368,692,676,10,4,3,0,1351,0,0,1367,1,ITI,ITI2,10,Umbria,Umbria,882015,53616,6.08,0.16
133,2021-01-23,UMB,277,100,177,276,1,0,0,0,0,0,2,275,ITI,ITI2,10,Umbria,Umbria,882015,53893,6.11,0.03
134,2021-03-19,UMB,1734,561,1173,462,144,118,68,192,26,724,1078,656,ITI,ITI2,10,Umbria,Umbria,882015,55627,6.31,0.2
135,2021-03-28,UMB,1093,442,651,65,8,20,5,934,24,37,1069,24,ITI,ITI2,10,Umbria,Umbria,882015,56720,6.43,0.12
136,2021-02-27,UMB,1658,354,1304,14,11,0,13,0,60,1560,1642,16,ITI,ITI2,10,Umbria,Umbria,882015,58378,6.62,0.19
137,2021-04-06,UMB,3638,1543,2095,238,43,694,61,2576,0,26,2207,1431,ITI,ITI2,10,Umbria,Umbria,882015,62016,7.03,0.41
138,2021-03-03,UMB,4436,1772,2664,720,236,53,86,1518,290,1533,3724,712,ITI,ITI2,10,Umbria,Umbria,882015,66452,7.53,0.5
139,2021-02-19,UMB,743,293,450,282,12,2,14,433,0,0,526,217,ITI,ITI2,10,Umbria,Umbria,882015,67195,7.62,0.08
140,2021-02-04,UMB,732,226,506,692,19,1,20,0,0,0,25,707,ITI,ITI2,10,Umbria,Umbria,882015,67927,7.7,0.08
141,2021-03-02,UMB,3638,1345,2293,318,223,51,55,1302,243,1446,3634,4,ITI,ITI2,10,Umbria,Umbria,882015,71565,8.11,0.41
142,2021-03-22,UMB,3558,1653,1905,163,120,201,0,2828,99,147,2312,1246,ITI,ITI2,10,Umbria,Umbria,882015,75123,8.52,0.4
143,2021-01-06,UMB,843,323,520,840,0,3,0,0,0,0,843,0,ITI,ITI2,10,Umbria,Umbria,882015,75966,8.61,0.1
144,2021-02-12,UMB,671,224,447,459,208,0,1,1,0,2,665,6,ITI,ITI2,10,Umbria,Umbria,882015,76637,8.69,0.08
145,2021-01-26,UMB,814,390,424,813,1,0,0,0,0,0,18,796,ITI,ITI2,10,Umbria,Umbria,882015,77451,8.78,0.09
146,2021-01-17,UMB,54,17,37,47,7,0,0,0,0,0,54,0,ITI,ITI2,10,Umbria,Umbria,882015,77505,8.79,0.01
147,2021-02-22,UMB,1859,778,1081,736,89,27,1,1006,0,0,1773,86,ITI,ITI2,10,Umbria,Umbria,882015,79364,9.0,0.21
148,2021-03-21,UMB,665,330,335,31,14,522,0,0,34,64,665,0,ITI,ITI2,10,Umbria,Umbria,882015,80029,9.07,0.08
149,2021-02-18,UMB,1495,582,913,324,14,2,170,985,0,0,1029,466,ITI,ITI2,10,Umbria,Umbria,882015,81524,9.24,0.17
150,2021-01-08,UMB,1173,337,836,926,8,1,238,0,0,0,1173,0,ITI,ITI2,10,Umbria,Umbria,882015,82697,9.38,0.13
151,2021-03-31,UMB,3859,1707,2152,177,21,530,160,2946,2,23,2205,1654,ITI,ITI2,10,Umbria,Umbria,882015,86556,9.81,0.44
152,2021-01-28,UMB,1240,392,848,891,4,0,345,0,0,0,19,1221,ITI,ITI2,10,Umbria,Umbria,882015,87796,9.95,0.14
153,2021-01-10,UMB,1056,275,781,740,3,5,308,0,0,0,1056,0,ITI,ITI2,10,Umbria,Umbria,882015,88852,10.07,0.12
154,2021-03-17,UMB,3329,1313,2016,1430,52,9,131,1683,8,16,1857,1472,ITI,ITI2,10,Umbria,Umbria,882015,92181,10.45,0.38
155,2021-01-22,UMB,276,105,171,273,1,0,2,0,0,0,32,244,ITI,ITI2,10,Umbria,Umbria,882015,92457,10.48,0.03
156,2021-01-31,UMB,1056,276,780,765,10,0,281,0,0,0,25,1031,ITI,ITI2,10,Umbria,Umbria,882015,93513,10.6,0.12
157,2021-01-03,UMB,267,111,156,267,0,0,0,0,0,0,267,0,ITI,ITI2,10,Umbria,Umbria,882015,93780,10.63,0.03
158,2021-03-08,UMB,3666,1798,1868,140,273,81,45,2855,230,42,2303,1363,ITI,ITI2,10,Umbria,Umbria,882015,97446,11.05,0.42
159,2021-03-10,UMB,3973,1901,2072,120,745,113,147,2564,209,75,2717,1256,ITI,ITI2,10,Umbria,Umbria,882015,101419,11.5,0.45
160,2021-03-06,UMB,4259,1110,3149,422,178,71,26,1120,120,2322,4116,143,ITI,ITI2,10,Umbria,Umbria,882015,105678,11.98,0.48
161,2021-02-16,UMB,1307,655,652,34,4,7,0,1262,0,0,1298,9,ITI,ITI2,10,Umbria,Umbria,882015,106985,12.13,0.15
162,2021-02-17,UMB,1618,748,870,363,3,11,0,1240,0,1,1267,351,ITI,ITI2,10,Umbria,Umbria,882015,108603,12.31,0.18
163,2021-01-24,UMB,254,104,150,254,0,0,0,0,0,0,1,253,ITI,ITI2,10,Umbria,Umbria,882015,108857,12.34,0.03
164,2021-01-30,UMB,1577,483,1094,841,18,0,717,1,0,0,44,1533,ITI,ITI2,10,Umbria,Umbria,882015,110434,12.52,0.18
165,2021-03-25,UMB,3859,1686,2173,256,51,158,63,3251,48,32,2795,1064,ITI,ITI2,10,Umbria,Umbria,882015,114293,12.96,0.44
166,2021-02-23,UMB,1693,658,1035,1187,95,0,17,394,0,0,1651,42,ITI,ITI2,10,Umbria,Umbria,882015,115986,13.15,0.19
167,2021-04-05,UMB,4150,1681,2469,763,16,639,69,2631,6,26,2115,2035,ITI,ITI2,10,Umbria,Umbria,882015,120136,13.62,0.47
168,2020-12-31,UMB,322,127,195,310,0,12,0,0,0,0,322,0,ITI,ITI2,10,Umbria,Umbria,882015,120458,13.66,0.04
169,2021-03-18,UMB,2785,1079,1706,974,115,16,206,1459,3,12,1552,1233,ITI,ITI2,10,Umbria,Umbria,882015,123243,13.97,0.32
170,2020-12-27,UMB,85,45,40,67,2,0,16,0,0,0,85,0,ITI,ITI2,10,Umbria,Umbria,882015,123328,13.98,0.01
171,2021-03-24,UMB,4067,1758,2309,215,98,169,1,3505,37,42,2743,1324,ITI,ITI2,10,Umbria,Umbria,882015,127395,14.44,0.46
172,2021-03-23,UMB,3793,1685,2108,395,179,206,12,2852,89,60,2164,1629,ITI,ITI2,10,Umbria,Umbria,882015,131188,14.87,0.43
173,2021-02-11,UMB,842,349,493,735,98,1,5,0,0,3,837,5,ITI,ITI2,10,Umbria,Umbria,882015,132030,14.97,0.1
174,2021-03-30,UMB,3933,1702,2231,179,27,537,106,3064,0,20,2403,1530,ITI,ITI2,10,Umbria,Umbria,882015,135963,15.42,0.45
175,2021-01-20,UMB,613,222,391,583,14,1,14,0,0,1,613,0,ITI,ITI2,10,Umbria,Umbria,882015,136576,15.48,0.07
176,2021-01-12,UMB,784,247,537,665,7,7,105,0,0,0,784,0,ITI,ITI2,10,Umbria,Umbria,882015,137360,15.57,0.09
177,2021-01-01,UMB,269,102,167,268,0,1,0,0,0,0,269,0,ITI,ITI2,10,Umbria,Umbria,882015,137629,15.6,0.03
178,2021-03-16,UMB,3505,1434,2071,1634,68,20,65,1707,0,11,1878,1627,ITI,ITI2,10,Umbria,Umbria,882015,141134,16.0,0.4
179,2021-01-29,UMB,1221,343,878,934,16,0,271,0,0,0,79,1142,ITI,ITI2,10,Umbria,Umbria,882015,142355,16.14,0.14
180,2021-03-12,UMB,2633,1031,1602,113,410,183,41,464,229,1193,2135,498,ITI,ITI2,10,Umbria,Umbria,882015,144988,16.44,0.3
181,2021-02-07,UMB,54,17,37,46,8,0,0,0,0,0,1,53,ITI,ITI2,10,Umbria,Umbria,882015,145042,16.44,0.01
182,2021-01-05,UMB,850,428,422,845,0,5,0,0,0,0,850,0,ITI,ITI2,10,Umbria,Umbria,882015,145892,16.54,0.1
183,2021-01-07,UMB,1291,383,908,883,1,3,404,0,0,0,1291,0,ITI,ITI2,10,Umbria,Umbria,882015,147183,16.69,0.15
184,2021-02-03,UMB,725,174,551,560,34,0,131,0,0,0,67,658,ITI,ITI2,10,Umbria,Umbria,882015,147908,16.77,0.08
185,2021-03-11,UMB,3539,1681,1858,144,604,175,239,2018,201,158,2533,1006,ITI,ITI2,10,Umbria,Umbria,882015,151447,17.17,0.4
186,2021-02-02,UMB,942,274,668,713,16,1,212,0,0,0,32,910,ITI,ITI2,10,Umbria,Umbria,882015,152389,17.28,0.11
187,2021-03-15,UMB,4594,1928,2666,1425,194,152,78,2340,142,263,2826,1768,ITI,ITI2,10,Umbria,Umbria,882015,156983,17.8,0.52
188,2021-01-27,UMB,838,329,509,837,1,0,0,0,0,0,13,825,ITI,ITI2,10,Umbria,Umbria,882015,157821,17.89,0.1
189,2021-02-13,UMB,115,28,87,68,46,0,0,1,0,0,112,3,ITI,ITI2,10,Umbria,Umbria,882015,157936,17.91,0.01
190,2021-02-08,UMB,637,203,434,368,111,0,154,0,4,0,88,549,ITI,ITI2,10,Umbria,Umbria,882015,158573,17.98,0.07
191,2021-03-26,UMB,4561,1682,2879,570,152,479,91,2479,52,738,4388,173,ITI,ITI2,10,Umbria,Umbria,882015,163134,18.5,0.52
192,2021-04-04,UMB,19,3,16,0,0,0,0,19,0,0,1,18,ITI,ITI2,10,Umbria,Umbria,882015,163153,18.5,0.0
193,2021-01-21,UMB,610,202,408,428,13,0,169,0,0,0,341,269,ITI,ITI2,10,Umbria,Umbria,882015,163763,18.57,0.07
194,2020-12-31,LOM,713,300,413,657,56,0,0,0,0,0,713,0,ITC,ITC4,3,Lombardia,Lombardia,10060574,713,0.01,0.01
195,2021-02-28,LOM,7883,3254,4629,1106,694,1586,76,4308,82,31,7667,216,ITC,ITC4,3,Lombardia,Lombardia,10060574,8596,0.09,0.08
196,2021-03-19,LOM,32237,12841,19396,2718,1702,1227,1406,22026,150,3008,19098,13139,ITC,ITC4,3,Lombardia,Lombardia,10060574,40833,0.41,0.32
197,2021-02-15,LOM,8805,3080,5725,6018,1607,150,986,4,31,9,8385,420,ITC,ITC4,3,Lombardia,Lombardia,10060574,49638,0.49,0.09
198,2021-02-18,LOM,13955,4904,9051,6119,1790,157,1567,3437,857,28,12932,1023,ITC,ITC4,3,Lombardia,Lombardia,10060574,63593,0.63,0.14
199,2021-01-17,LOM,8279,3323,4956,5547,699,1751,241,36,5,0,8079,200,ITC,ITC4,3,Lombardia,Lombardia,10060574,71872,0.71,0.08
200,2021-03-04,LOM,29130,12059,17071,6968,2273,4657,2119,10790,1947,376,20078,9052,ITC,ITC4,3,Lombardia,Lombardia,10060574,101002,1.0,0.29
201,2021-03-24,LOM,42580,15304,27276,2960,1294,4420,1378,19611,434,12483,31235,11345,ITC,ITC4,3,Lombardia,Lombardia,10060574,143582,1.43,0.42
202,2021-03-22,LOM,39921,14130,25791,2454,1316,2716,782,20093,446,12114,29618,10303,ITC,ITC4,3,Lombardia,Lombardia,10060574,183503,1.82,0.4
203,2021-03-17,LOM,26042,10415,15627,2527,1315,1034,1922,19161,44,39,15172,10870,ITC,ITC4,3,Lombardia,Lombardia,10060574,209545,2.08,0.26
204,2021-02-17,LOM,11839,3721,8118,7601,2164,107,1880,39,38,10,10470,1369,ITC,ITC4,3,Lombardia,Lombardia,10060574,221384,2.2,0.12
205,2020-12-27,LOM,702,407,295,601,45,41,14,1,0,0,702,0,ITC,ITC4,3,Lombardia,Lombardia,10060574,222086,2.21,0.01
206,2021-04-05,LOM,26561,11365,15196,508,239,2271,62,22782,26,673,18868,7693,ITC,ITC4,3,Lombardia,Lombardia,10060574,248647,2.47,0.26
207,2021-02-03,LOM,25463,7871,17592,15583,5560,152,4017,142,8,1,1120,24343,ITC,ITC4,3,Lombardia,Lombardia,10060574,274110,2.72,0.25
208,2021-01-03,LOM,853,316,537,744,88,16,4,1,0,0,853,0,ITC,ITC4,3,Lombardia,Lombardia,10060574,274963,2.73,0.01
209,2021-01-04,LOM,5979,2059,3920,4917,692,186,173,11,0,0,5979,0,ITC,ITC4,3,Lombardia,Lombardia,10060574,280942,2.79,0.06
210,2021-01-28,LOM,12158,3686,8472,9174,1784,199,971,28,1,1,775,11383,ITC,ITC4,3,Lombardia,Lombardia,10060574,293100,2.91,0.12
211,2021-01-08,LOM,12599,3898,8701,9962,2175,143,314,5,0,0,12599,0,ITC,ITC4,3,Lombardia,Lombardia,10060574,305699,3.04,0.13
212,2021-02-21,LOM,5004,1851,3153,1743,807,152,32,2227,40,3,4984,20,ITC,ITC4,3,Lombardia,Lombardia,10060574,310703,3.09,0.05
213,2020-12-30,LOM,113,42,71,105,7,1,0,0,0,0,113,0,ITC,ITC4,3,Lombardia,Lombardia,10060574,310816,3.09,0.0
214,2021-03-28,LOM,20030,7629,12401,2006,837,2136,104,11052,30,3865,13987,6043,ITC,ITC4,3,Lombardia,Lombardia,10060574,330846,3.29,0.2
215,2021-02-04,LOM,27285,7995,19290,15672,5738,150,5524,194,7,0,1962,25323,ITC,ITC4,3,Lombardia,Lombardia,10060574,358131,3.56,0.27
216,2021-03-31,LOM,40549,16464,24085,2539,1161,6326,1374,22930,75,6144,25857,14692,ITC,ITC4,3,Lombardia,Lombardia,10060574,398680,3.96,0.4
217,2021-03-23,LOM,42013,15209,26804,2108,1308,3664,1234,20884,324,12491,29463,12550,ITC,ITC4,3,Lombardia,Lombardia,10060574,440693,4.38,0.42
218,2021-02-05,LOM,25323,7372,17951,14335,6068,183,4477,259,1,0,2379,22944,ITC,ITC4,3,Lombardia,Lombardia,10060574,466016,4.63,0.25
219,2021-01-24,LOM,1199,458,741,830,135,197,36,1,0,0,535,664,ITC,ITC4,3,Lombardia,Lombardia,10060574,467215,4.64,0.01
220,2021-02-01,LOM,16034,5309,10725,11665,3316,106,902,43,1,1,324,15710,ITC,ITC4,3,Lombardia,Lombardia,10060574,483249,4.8,0.16
221,2021-03-25,LOM,41423,15404,26019,3387,1205,4065,1277,20455,199,10835,29557,11866,ITC,ITC4,3,Lombardia,Lombardia,10060574,524672,5.22,0.41
222,2021-03-30,LOM,38223,15032,23191,2631,1221,4951,1122,21352,154,6792,23737,14486,ITC,ITC4,3,Lombardia,Lombardia,10060574,562895,5.6,0.38
223,2021-02-07,LOM,7203,2795,4408,5541,1285,60,293,17,2,5,339,6864,ITC,ITC4,3,Lombardia,Lombardia,10060574,570098,5.67,0.07
224,2021-03-15,LOM,31275,11211,20064,4656,2146,1853,833,12882,594,8311,22872,8403,ITC,ITC4,3,Lombardia,Lombardia,10060574,601373,5.98,0.31
225,2021-02-19,LOM,14035,5357,8678,5529,1618,268,1136,4540,928,16,13358,677,ITC,ITC4,3,Lombardia,Lombardia,10060574,615408,6.12,0.14
226,2021-01-12,LOM,19765,6593,13172,13411,4444,235,1581,93,1,0,19765,0,ITC,ITC4,3,Lombardia,Lombardia,10060574,635173,6.31,0.2
227,2021-04-02,LOM,38060,15627,22433,2444,1237,6531,930,22302,118,4498,24529,13531,ITC,ITC4,3,Lombardia,Lombardia,10060574,673233,6.69,0.38
228,2021-03-21,LOM,23451,8478,14973,1076,551,1886,410,9724,734,9070,18196,5255,ITC,ITC4,3,Lombardia,Lombardia,10060574,696684,6.92,0.23
229,2021-01-26,LOM,8326,2704,5622,6641,1270,170,223,22,0,0,334,7992,ITC,ITC4,3,Lombardia,Lombardia,10060574,705010,7.01,0.08
230,2021-03-07,LOM,11790,5249,6541,2998,895,2089,73,4523,552,660,9238,2552,ITC,ITC4,3,Lombardia,Lombardia,10060574,716800,7.12,0.12
231,2021-01-22,LOM,2959,831,2128,1569,595,34,752,9,0,0,2889,70,ITC,ITC4,3,Lombardia,Lombardia,10060574,719759,7.15,0.03
232,2021-03-12,LOM,34995,12884,22111,5080,2150,2330,1438,15544,1086,7367,24885,10110,ITC,ITC4,3,Lombardia,Lombardia,10060574,754754,7.5,0.35
233,2021-02-08,LOM,9863,2868,6995,5231,2177,70,2332,53,0,0,2117,7746,ITC,ITC4,3,Lombardia,Lombardia,10060574,764617,7.6,0.1
234,2021-01-01,LOM,24,7,17,24,0,0,0,0,0,0,24,0,ITC,ITC4,3,Lombardia,Lombardia,10060574,764641,7.6,0.0
235,2020-12-28,LOM,103,44,59,102,1,0,0,0,0,0,103,0,ITC,ITC4,3,Lombardia,Lombardia,10060574,764744,7.6,0.0
236,2021-03-11,LOM,35910,13375,22535,5787,2385,2630,2158,15081,1216,6653,26131,9779,ITC,ITC4,3,Lombardia,Lombardia,10060574,800654,7.96,0.36
237,2021-02-02,LOM,19824,6576,13248,13491,4415,155,1679,76,7,1,489,19335,ITC,ITC4,3,Lombardia,Lombardia,10060574,820478,8.16,0.2
238,2021-01-20,LOM,5578,1364,4214,2743,1174,45,1557,59,0,0,5463,115,ITC,ITC4,3,Lombardia,Lombardia,10060574,826056,8.21,0.06
239,2021-02-20,LOM,9391,3881,5510,4275,975,139,216,2919,863,4,9097,294,ITC,ITC4,3,Lombardia,Lombardia,10060574,835447,8.3,0.09
240,2021-03-26,LOM,40087,15241,24846,2612,1359,4546,760,21945,208,8657,27543,12544,ITC,ITC4,3,Lombardia,Lombardia,10060574,875534,8.7,0.4
241,2021-04-04,LOM,7294,3098,4196,204,227,979,68,5603,8,205,3598,3696,ITC,ITC4,3,Lombardia,Lombardia,10060574,882828,8.78,0.07
242,2021-02-26,LOM,18212,7499,10713,3292,1658,274,1176,10484,1304,24,16364,1848,ITC,ITC4,3,Lombardia,Lombardia,10060574,901040,8.96,0.18
243,2021-03-20,LOM,32165,11994,20171,1969,1157,2220,520,18188,284,7827,22390,9775,ITC,ITC4,3,Lombardia,Lombardia,10060574,933205,9.28,0.32
244,2021-03-10,LOM,32924,12621,20303,6844,2510,3008,2026,11564,1531,5441,25178,7746,ITC,ITC4,3,Lombardia,Lombardia,10060574,966129,9.6,0.33
245,2021-03-08,LOM,29417,11042,18375,6537,1973,2446,1050,11312,1575,4524,22442,6975,ITC,ITC4,3,Lombardia,Lombardia,10060574,995546,9.9,0.29
246,2021-04-01,LOM,41104,16546,24558,2648,1542,6269,1148,23683,102,5712,25785,15319,ITC,ITC4,3,Lombardia,Lombardia,10060574,1036650,10.3,0.41
247,2021-03-06,LOM,21252,9065,12187,4751,1850,4336,438,7505,1025,1347,16742,4510,ITC,ITC4,3,Lombardia,Lombardia,10060574,1057902,10.52,0.21
248,2021-01-18,LOM,9116,2951,6165,5182,1941,107,1830,54,2,0,8134,982,ITC,ITC4,3,Lombardia,Lombardia,10060574,1067018,10.61,0.09
249,2021-01-05,LOM,7692,2524,5168,6178,1108,227,172,7,0,0,7692,0,ITC,ITC4,3,Lombardia,Lombardia,10060574,1074710,10.68,0.08
250,2021-02-22,LOM,11658,4714,6944,4165,1393,143,935,4029,965,28,11349,309,ITC,ITC4,3,Lombardia,Lombardia,10060574,1086368,10.8,0.12
251,2021-01-02,LOM,199,72,127,178,16,5,0,0,0,0,199,0,ITC,ITC4,3,Lombardia,Lombardia,10060574,1086567,10.8,0.0
252,2021-01-11,LOM,16018,5322,10696,11813,3303,158,699,42,1,2,16018,0,ITC,ITC4,3,Lombardia,Lombardia,10060574,1102585,10.96,0.16
253,2021-01-15,LOM,24946,7374,17572,13684,5794,431,4726,309,2,0,24946,0,ITC,ITC4,3,Lombardia,Lombardia,10060574,1127531,11.21,0.25
254,2021-03-29,LOM,39473,15304,24169,2972,1495,4680,399,21175,168,8584,24782,14691,ITC,ITC4,3,Lombardia,Lombardia,10060574,1167004,11.6,0.39
255,2021-02-16,LOM,9505,3083,6422,5842,2100,159,1369,8,8,19,9054,451,ITC,ITC4,3,Lombardia,Lombardia,10060574,1176509,11.69,0.09
256,2021-01-09,LOM,12381,4560,7821,9503,2051,624,196,6,1,0,12381,0,ITC,ITC4,3,Lombardia,Lombardia,10060574,1188890,11.82,0.12
257,2021-01-07,LOM,11708,3622,8086,8959,1718,212,785,32,1,1,11708,0,ITC,ITC4,3,Lombardia,Lombardia,10060574,1200598,11.93,0.12
258,2021-01-29,LOM,13437,4114,9323,10486,2256,113,573,9,0,0,654,12783,ITC,ITC4,3,Lombardia,Lombardia,10060574,1214035,12.07,0.13
259,2021-02-24,LOM,14633,5910,8723,3576,1442,306,1784,6320,1181,24,13710,923,ITC,ITC4,3,Lombardia,Lombardia,10060574,1228668,12.21,0.15
260,2021-03-27,LOM,31757,12109,19648,1944,1122,3805,243,17943,66,6634,23254,8503,ITC,ITC4,3,Lombardia,Lombardia,10060574,1260425,12.53,0.32
261,2021-04-03,LOM,33868,13883,19985,939,220,5028,77,25298,78,2228,24761,9107,ITC,ITC4,3,Lombardia,Lombardia,10060574,1294293,12.87,0.34
262,2021-01-16,LOM,15342,5702,9640,8606,1231,3850,1500,152,3,0,15342,0,ITC,ITC4,3,Lombardia,Lombardia,10060574,1309635,13.02,0.15
263,2021-03-09,LOM,33030,12756,20274,6060,2534,3210,2309,12054,1427,5436,25646,7384,ITC,ITC4,3,Lombardia,Lombardia,10060574,1342665,13.35,0.33
264,2021-02-12,LOM,13610,4242,9368,8006,2596,93,2805,102,5,3,8853,4757,ITC,ITC4,3,Lombardia,Lombardia,10060574,1356275,13.48,0.14
265,2021-01-25,LOM,7020,2370,4650,5629,911,248,218,14,0,0,486,6534,ITC,ITC4,3,Lombardia,Lombardia,10060574,1363295,13.55,0.07
266,2021-01-27,LOM,8028,2675,5353,6192,1244,155,434,1,0,2,820,7208,ITC,ITC4,3,Lombardia,Lombardia,10060574,1371323,13.63,0.08
267,2021-02-06,LOM,15235,5525,9710,9842,2932,488,1896,73,1,3,1082,14153,ITC,ITC4,3,Lombardia,Lombardia,10060574,1386558,13.78,0.15
268,2021-02-13,LOM,6398,2437,3961,4172,1416,85,700,17,4,4,4931,1467,ITC,ITC4,3,Lombardia,Lombardia,10060574,1392956,13.85,0.06
269,2021-02-11,LOM,16932,4988,11944,9690,3286,58,3856,32,4,6,9593,7339,ITC,ITC4,3,Lombardia,Lombardia,10060574,1409888,14.01,0.17
270,2021-03-01,LOM,18626,8160,10466,2639,1021,1602,910,10816,1609,29,16922,1704,ITC,ITC4,3,Lombardia,Lombardia,10060574,1428514,14.2,0.19
271,2021-01-06,LOM,7051,2487,4564,5841,1020,150,38,0,0,2,7051,0,ITC,ITC4,3,Lombardia,Lombardia,10060574,1435565,14.27,0.07
272,2021-03-02,LOM,22572,9604,12968,3065,1297,2900,2147,11255,1778,130,19572,3000,ITC,ITC4,3,Lombardia,Lombardia,10060574,1458137,14.49,0.22
273,2021-03-13,LOM,26987,9695,17292,3734,980,2986,251,10317,617,8102,20948,6039,ITC,ITC4,3,Lombardia,Lombardia,10060574,1485124,14.76,0.27
274,2021-01-14,LOM,26507,7730,18777,15083,5450,305,5440,228,1,0,26507,0,ITC,ITC4,3,Lombardia,Lombardia,10060574,1511631,15.03,0.26
275,2021-01-23,LOM,1114,357,757,644,258,74,138,0,0,0,916,198,ITC,ITC4,3,Lombardia,Lombardia,10060574,1512745,15.04,0.01
276,2021-02-23,LOM,11697,4772,6925,3937,1350,266,841,4310,990,3,11389,308,ITC,ITC4,3,Lombardia,Lombardia,10060574,1524442,15.15,0.12
277,2021-01-13,LOM,25975,7960,18015,15658,5680,297,4148,189,2,1,25975,0,ITC,ITC4,3,Lombardia,Lombardia,10060574,1550417,15.41,0.26
278,2021-03-14,LOM,14770,5286,9484,1498,573,1573,80,5264,396,5386,11499,3271,ITC,ITC4,3,Lombardia,Lombardia,10060574,1565187,15.56,0.15
279,2021-02-10,LOM,14355,4496,9859,8531,2328,110,3306,71,3,6,7538,6817,ITC,ITC4,3,Lombardia,Lombardia,10060574,1579542,15.7,0.14
280,2021-02-09,LOM,12170,3316,8854,5725,2207,92,4065,75,2,4,4058,8112,ITC,ITC4,3,Lombardia,Lombardia,10060574,1591712,15.82,0.12
281,2021-04-06,LOM,32943,13530,19413,1640,1118,4747,485,21304,120,3529,17960,14983,ITC,ITC4,3,Lombardia,Lombardia,10060574,1624655,16.15,0.33
282,2021-03-16,LOM,25390,10086,15304,3297,1346,1581,1422,17651,17,76,16368,9022,ITC,ITC4,3,Lombardia,Lombardia,10060574,1650045,16.4,0.25
283,2021-01-21,LOM,5330,1566,3764,3014,1209,78,1025,4,0,0,4643,687,ITC,ITC4,3,Lombardia,Lombardia,10060574,1655375,16.45,0.05
284,2021-02-25,LOM,15143,6285,8858,2948,1289,332,1292,8056,1216,10,13599,1544,ITC,ITC4,3,Lombardia,Lombardia,10060574,1670518,16.6,0.15
285,2021-01-19,LOM,8077,2344,5733,4042,1743,77,2149,65,1,0,7601,476,ITC,ITC4,3,Lombardia,Lombardia,10060574,1678595,16.68,0.08
286,2021-02-14,LOM,3571,1543,2028,2749,491,282,36,3,0,10,2938,633,ITC,ITC4,3,Lombardia,Lombardia,10060574,1682166,16.72,0.04
287,2021-02-27,LOM,13918,5860,8058,2083,1101,787,558,8250,1091,48,13273,645,ITC,ITC4,3,Lombardia,Lombardia,10060574,1696084,16.86,0.14
288,2021-03-18,LOM,27293,10921,16372,2179,1125,1289,1512,21044,44,100,16141,11152,ITC,ITC4,3,Lombardia,Lombardia,10060574,1723377,17.13,0.27
289,2021-01-10,LOM,10516,3955,6561,8173,2159,85,85,11,2,1,10516,0,ITC,ITC4,3,Lombardia,Lombardia,10060574,1733893,17.23,0.1
290,2021-03-03,LOM,26725,11419,15306,6386,1644,4785,1696,9881,1862,471,19486,7239,ITC,ITC4,3,Lombardia,Lombardia,10060574,1760618,17.5,0.27
291,2021-01-30,LOM,12310,4565,7745,9902,2049,189,160,8,1,1,193,12117,ITC,ITC4,3,Lombardia,Lombardia,10060574,1772928,17.62,0.12
292,2021-01-31,LOM,9727,3754,5973,7568,1996,67,87,7,2,0,33,9694,ITC,ITC4,3,Lombardia,Lombardia,10060574,1782655,17.72,0.1
293,2021-03-05,LOM,28601,11793,16808,7090,2495,4449,1502,10760,1900,405,20342,8259,ITC,ITC4,3,Lombardia,Lombardia,10060574,1811256,18.0,0.28
294,2020-12-29,LOM,100,43,57,100,0,0,0,0,0,0,100,0,ITC,ITC4,3,Lombardia,Lombardia,10060574,1811356,18.0,0.0
295,2021-03-21,PUG,2669,1219,1450,462,15,103,13,1778,14,284,566,2103,ITF,ITF4,16,Puglia,Puglia,4029053,2669,0.07,0.07
296,2021-01-24,PUG,1668,749,919,1286,231,0,150,1,0,0,152,1516,ITF,ITF4,16,Puglia,Puglia,4029053,4337,0.11,0.04
297,2021-01-20,PUG,1549,543,1006,783,125,13,628,0,0,0,1541,8,ITF,ITF4,16,Puglia,Puglia,4029053,5886,0.15,0.04
298,2021-04-05,PUG,11714,5720,5994,51,18,10814,0,801,7,23,11252,462,ITF,ITF4,16,Puglia,Puglia,4029053,17600,0.44,0.29
299,2021-01-02,PUG,2947,1299,1648,2827,64,29,23,0,0,4,2947,0,ITF,ITF4,16,Puglia,Puglia,4029053,20547,0.51,0.07
300,2021-01-11,PUG,3749,1587,2162,3217,318,34,175,0,3,2,3749,0,ITF,ITF4,16,Puglia,Puglia,4029053,24296,0.6,0.09
301,2021-02-21,PUG,2171,472,1699,537,24,61,49,32,12,1456,2110,61,ITF,ITF4,16,Puglia,Puglia,4029053,26467,0.66,0.05
302,2021-01-16,PUG,2510,1033,1477,1685,299,7,518,0,0,1,2510,0,ITF,ITF4,16,Puglia,Puglia,4029053,28977,0.72,0.06
303,2021-02-02,PUG,4331,1838,2493,3622,376,13,317,0,0,3,591,3740,ITF,ITF4,16,Puglia,Puglia,4029053,33308,0.83,0.11
304,2021-01-21,PUG,2129,903,1226,1429,166,7,527,0,0,0,1270,859,ITF,ITF4,16,Puglia,Puglia,4029053,35437,0.88,0.05
305,2021-01-22,PUG,1408,578,830,877,150,5,373,2,0,1,991,417,ITF,ITF4,16,Puglia,Puglia,4029053,36845,0.91,0.03
306,2021-02-10,PUG,3603,1425,2178,2491,247,0,864,0,0,1,2122,1481,ITF,ITF4,16,Puglia,Puglia,4029053,40448,1.0,0.09
307,2021-03-08,PUG,14577,6042,8535,2097,526,545,204,6746,522,3937,12201,2376,ITF,ITF4,16,Puglia,Puglia,4029053,55025,1.37,0.36
308,2021-01-09,PUG,4869,2245,2624,4316,246,56,246,4,0,1,4869,0,ITF,ITF4,16,Puglia,Puglia,4029053,59894,1.49,0.12
309,2021-03-13,PUG,10058,3954,6104,2158,228,143,128,3854,226,3321,8334,1724,ITF,ITF4,16,Puglia,Puglia,4029053,69952,1.74,0.25
310,2021-03-17,PUG,10187,4658,5529,1791,427,214,62,7595,33,65,4086,6101,ITF,ITF4,16,Puglia,Puglia,4029053,80139,1.99,0.25
311,2021-01-04,PUG,4503,2012,2491,4371,84,36,11,0,0,1,4503,0,ITF,ITF4,16,Puglia,Puglia,4029053,84642,2.1,0.11
312,2021-01-28,PUG,5465,2271,3194,4774,316,45,327,0,0,3,474,4991,ITF,ITF4,16,Puglia,Puglia,4029053,90107,2.24,0.14
313,2020-12-31,PUG,1635,782,853,1549,33,6,44,0,0,3,1635,0,ITF,ITF4,16,Puglia,Puglia,4029053,91742,2.28,0.04
314,2021-01-18,PUG,1844,770,1074,1182,210,6,446,0,0,0,1495,349,ITF,ITF4,16,Puglia,Puglia,4029053,93586,2.32,0.05
315,2021-03-05,PUG,17012,6773,10239,2302,570,619,273,5231,1022,6995,14851,2161,ITF,ITF4,16,Puglia,Puglia,4029053,110598,2.75,0.42
316,2021-01-30,PUG,5526,2513,3013,4750,323,25,419,3,0,6,412,5114,ITF,ITF4,16,Puglia,Puglia,4029053,116124,2.88,0.14
317,2021-02-15,PUG,3252,1267,1985,2249,518,23,452,1,6,3,2632,620,ITF,ITF4,16,Puglia,Puglia,4029053,119376,2.96,0.08
318,2021-03-29,PUG,12374,5755,6619,1520,334,1258,173,7854,134,1101,5679,6695,ITF,ITF4,16,Puglia,Puglia,4029053,131750,3.27,0.31
319,2021-03-19,PUG,7880,3630,4250,1758,211,216,69,5303,64,259,3342,4538,ITF,ITF4,16,Puglia,Puglia,4029053,139630,3.47,0.2
320,2021-03-11,PUG,14290,6150,8140,2896,747,444,515,5216,796,3676,11196,3094,ITF,ITF4,16,Puglia,Puglia,4029053,153920,3.82,0.35
321,2021-02-26,PUG,13590,4974,8616,2126,621,187,286,5112,602,4656,12565,1025,ITF,ITF4,16,Puglia,Puglia,4029053,167510,4.16,0.34
322,2021-01-19,PUG,1221,452,769,531,113,0,577,0,0,0,1211,10,ITF,ITF4,16,Puglia,Puglia,4029053,168731,4.19,0.03
323,2021-03-02,PUG,16267,6030,10237,1395,371,686,113,4287,1250,8165,14962,1305,ITF,ITF4,16,Puglia,Puglia,4029053,184998,4.59,0.4
324,2021-01-31,PUG,1808,825,983,1501,103,2,198,2,0,2,73,1735,ITF,ITF4,16,Puglia,Puglia,4029053,186806,4.64,0.04
325,2021-01-06,PUG,3943,1664,2279,3312,217,41,373,0,0,0,3943,0,ITF,ITF4,16,Puglia,Puglia,4029053,190749,4.73,0.1
326,2021-03-27,PUG,11537,5455,6082,955,172,1854,65,7065,58,1368,6702,4835,ITF,ITF4,16,Puglia,Puglia,4029053,202286,5.02,0.29
327,2021-03-06,PUG,15777,5890,9887,2101,359,374,71,5358,479,7035,13812,1965,ITF,ITF4,16,Puglia,Puglia,4029053,218063,5.41,0.39
328,2021-01-08,PUG,5576,2336,3240,4851,356,38,328,0,0,3,5576,0,ITF,ITF4,16,Puglia,Puglia,4029053,223639,5.55,0.14
329,2021-03-03,PUG,16451,6602,9849,1986,453,384,192,5930,807,6699,14630,1821,ITF,ITF4,16,Puglia,Puglia,4029053,240090,5.96,0.41
330,2021-01-13,PUG,4537,1729,2808,3972,310,23,230,0,0,2,4537,0,ITF,ITF4,16,Puglia,Puglia,4029053,244627,6.07,0.11
331,2021-02-23,PUG,9330,4410,4920,1776,309,157,169,5505,398,1016,8857,473,ITF,ITF4,16,Puglia,Puglia,4029053,253957,6.3,0.23
332,2021-03-07,PUG,4910,1937,2973,930,48,135,2,1621,323,1851,4340,570,ITF,ITF4,16,Puglia,Puglia,4029053,258867,6.43,0.12
333,2021-03-12,PUG,13747,6039,7708,3278,908,411,430,4891,886,2943,9824,3923,ITF,ITF4,16,Puglia,Puglia,4029053,272614,6.77,0.34
334,2021-02-20,PUG,2961,1076,1885,2113,194,50,168,8,4,424,2705,256,ITF,ITF4,16,Puglia,Puglia,4029053,275575,6.84,0.07
335,2021-01-07,PUG,5711,2452,3259,5214,246,30,217,0,1,3,5711,0,ITF,ITF4,16,Puglia,Puglia,4029053,281286,6.98,0.14
336,2021-02-01,PUG,3961,1657,2304,3444,279,21,208,0,4,5,375,3586,ITF,ITF4,16,Puglia,Puglia,4029053,285247,7.08,0.1
337,2021-04-04,PUG,5721,2851,2870,43,4,5348,0,273,15,38,5715,6,ITF,ITF4,16,Puglia,Puglia,4029053,290968,7.22,0.14
338,2021-02-28,PUG,5846,1775,4071,559,119,88,26,1484,194,3376,5660,186,ITF,ITF4,16,Puglia,Puglia,4029053,296814,7.37,0.15
339,2021-03-26,PUG,11284,5274,6010,1607,496,956,287,6343,254,1341,6645,4639,ITF,ITF4,16,Puglia,Puglia,4029053,308098,7.65,0.28
340,2021-02-12,PUG,4098,1629,2469,2937,440,11,690,5,10,5,3008,1090,ITF,ITF4,16,Puglia,Puglia,4029053,312196,7.75,0.1
341,2021-03-20,PUG,7928,3598,4330,1422,67,233,54,5309,35,808,3353,4575,ITF,ITF4,16,Puglia,Puglia,4029053,320124,7.95,0.2
342,2021-01-27,PUG,4576,1928,2648,3926,222,30,396,0,0,2,611,3965,ITF,ITF4,16,Puglia,Puglia,4029053,324700,8.06,0.11
343,2021-02-19,PUG,4729,2009,2720,3040,981,260,390,2,49,7,4339,390,ITF,ITF4,16,Puglia,Puglia,4029053,329429,8.18,0.12
344,2021-04-02,PUG,11262,5200,6062,852,166,2369,177,6972,103,623,6847,4415,ITF,ITF4,16,Puglia,Puglia,4029053,340691,8.46,0.28
345,2021-02-08,PUG,3990,1608,2382,2957,569,48,389,1,25,1,1597,2393,ITF,ITF4,16,Puglia,Puglia,4029053,344681,8.55,0.1
346,2021-03-14,PUG,3278,1411,1867,953,63,141,84,996,42,999,2512,766,ITF,ITF4,16,Puglia,Puglia,4029053,347959,8.64,0.08
347,2021-02-16,PUG,3379,1451,1928,2133,727,83,414,4,16,2,2733,646,ITF,ITF4,16,Puglia,Puglia,4029053,351338,8.72,0.08
348,2021-03-18,PUG,9064,4102,4962,1736,368,246,195,6390,39,90,2971,6093,ITF,ITF4,16,Puglia,Puglia,4029053,360402,8.95,0.22
349,2021-02-24,PUG,10009,4689,5320,1923,415,274,117,6359,365,556,9420,589,ITF,ITF4,16,Puglia,Puglia,4029053,370411,9.19,0.25
350,2021-01-29,PUG,6191,2658,3533,5469,341,89,288,1,0,3,437,5754,ITF,ITF4,16,Puglia,Puglia,4029053,376602,9.35,0.15
351,2020-12-27,PUG,506,249,257,403,2,38,63,0,0,0,506,0,ITF,ITF4,16,Puglia,Puglia,4029053,377108,9.36,0.01
352,2021-01-03,PUG,2006,943,1063,1816,33,11,145,0,0,1,2006,0,ITF,ITF4,16,Puglia,Puglia,4029053,379114,9.41,0.05
353,2021-02-14,PUG,784,348,436,681,32,0,70,0,0,1,662,122,ITF,ITF4,16,Puglia,Puglia,4029053,379898,9.43,0.02
354,2021-02-25,PUG,11884,5033,6851,1723,525,331,419,5782,725,2379,10728,1156,ITF,ITF4,16,Puglia,Puglia,4029053,391782,9.72,0.29
355,2021-03-16,PUG,9572,4564,5008,2165,517,310,76,6404,62,38,3241,6331,ITF,ITF4,16,Puglia,Puglia,4029053,401354,9.96,0.24
356,2021-01-01,PUG,146,60,86,145,1,0,0,0,0,0,146,0,ITF,ITF4,16,Puglia,Puglia,4029053,401500,9.97,0.0
357,2021-01-12,PUG,4203,1766,2437,3629,339,11,218,1,0,5,4203,0,ITF,ITF4,16,Puglia,Puglia,4029053,405703,10.07,0.1
358,2021-03-04,PUG,15001,5847,9154,1526,405,511,322,4728,1231,6278,13625,1376,ITF,ITF4,16,Puglia,Puglia,4029053,420704,10.44,0.37
359,2021-01-25,PUG,3820,1677,2143,3473,156,19,169,2,0,1,422,3398,ITF,ITF4,16,Puglia,Puglia,4029053,424524,10.54,0.09
360,2021-02-17,PUG,4263,1742,2521,2453,1170,40,598,1,0,1,3666,597,ITF,ITF4,16,Puglia,Puglia,4029053,428787,10.64,0.11
361,2021-03-23,PUG,10349,4963,5386,1851,307,641,51,6046,464,989,3894,6455,ITF,ITF4,16,Puglia,Puglia,4029053,439136,10.9,0.26
362,2021-02-13,PUG,3721,1452,2269,2882,507,12,291,4,18,7,3028,693,ITF,ITF4,16,Puglia,Puglia,4029053,442857,10.99,0.09
363,2021-04-03,PUG,8756,3743,5013,907,87,2276,122,4824,12,528,5543,3213,ITF,ITF4,16,Puglia,Puglia,4029053,451613,11.21,0.22
364,2021-02-18,PUG,4366,1842,2524,2709,913,56,679,5,2,2,3763,603,ITF,ITF4,16,Puglia,Puglia,4029053,455979,11.32,0.11
365,2021-02-11,PUG,3693,1401,2292,2568,389,11,723,0,0,2,2417,1276,ITF,ITF4,16,Puglia,Puglia,4029053,459672,11.41,0.09
366,2021-03-09,PUG,13052,5712,7340,1812,486,389,204,5615,1007,3539,11058,1994,ITF,ITF4,16,Puglia,Puglia,4029053,472724,11.73,0.32
367,2021-03-30,PUG,11224,5282,5942,1321,217,1631,198,6791,115,951,5376,5848,ITF,ITF4,16,Puglia,Puglia,4029053,483948,12.01,0.28
368,2021-01-10,PUG,2347,1060,1287,2037,101,7,202,0,0,0,2347,0,ITF,ITF4,16,Puglia,Puglia,4029053,486295,12.07,0.06
369,2020-12-30,PUG,1,0,1,1,0,0,0,0,0,0,1,0,ITF,ITF4,16,Puglia,Puglia,4029053,486296,12.07,0.0
370,2021-02-07,PUG,1541,658,883,1030,218,4,288,0,0,1,252,1289,ITF,ITF4,16,Puglia,Puglia,4029053,487837,12.11,0.04
371,2021-01-05,PUG,5097,2244,2853,4744,153,93,98,5,0,4,5097,0,ITF,ITF4,16,Puglia,Puglia,4029053,492934,12.23,0.13
372,2021-03-24,PUG,12505,5773,6732,1870,424,703,119,7607,244,1538,5628,6877,ITF,ITF4,16,Puglia,Puglia,4029053,505439,12.54,0.31
373,2021-01-26,PUG,5360,2397,2963,4848,241,38,232,1,0,0,574,4786,ITF,ITF4,16,Puglia,Puglia,4029053,510799,12.68,0.13
374,2021-03-25,PUG,10611,5148,5463,1246,305,921,53,7044,386,656,4482,6129,ITF,ITF4,16,Puglia,Puglia,4029053,521410,12.94,0.26
375,2021-02-05,PUG,5628,2270,3358,4566,494,33,526,0,3,6,1331,4297,ITF,ITF4,16,Puglia,Puglia,4029053,527038,13.08,0.14
376,2021-03-22,PUG,9251,4528,4723,604,187,495,11,6741,208,1005,3674,5577,ITF,ITF4,16,Puglia,Puglia,4029053,536289,13.31,0.23
377,2021-02-27,PUG,14103,4777,9326,1586,543,166,181,5111,345,6171,12924,1179,ITF,ITF4,16,Puglia,Puglia,4029053,550392,13.66,0.35
378,2021-01-17,PUG,1308,590,718,825,147,0,336,0,0,0,1239,69,ITF,ITF4,16,Puglia,Puglia,4029053,551700,13.69,0.03
379,2021-03-31,PUG,13267,6056,7211,1760,382,1746,122,8262,186,809,7782,5485,ITF,ITF4,16,Puglia,Puglia,4029053,564967,14.02,0.33
380,2021-03-15,PUG,11666,5572,6094,2074,503,310,115,7629,353,682,5183,6483,ITF,ITF4,16,Puglia,Puglia,4029053,576633,14.31,0.29
381,2021-01-14,PUG,4063,1586,2477,3172,368,22,499,0,0,2,4063,0,ITF,ITF4,16,Puglia,Puglia,4029053,580696,14.41,0.1
382,2021-03-01,PUG,15038,5836,9202,1965,482,427,83,6117,819,5145,13671,1367,ITF,ITF4,16,Puglia,Puglia,4029053,595734,14.79,0.37
383,2021-02-09,PUG,3835,1568,2267,2532,651,17,622,8,0,5,2163,1672,ITF,ITF4,16,Puglia,Puglia,4029053,599569,14.88,0.1
384,2021-02-06,PUG,4514,1917,2597,3496,483,4,528,0,0,3,1593,2921,ITF,ITF4,16,Puglia,Puglia,4029053,604083,14.99,0.11
385,2021-02-04,PUG,5896,2356,3540,4426,623,189,652,0,0,6,1167,4729,ITF,ITF4,16,Puglia,Puglia,4029053,609979,15.14,0.15
386,2021-04-01,PUG,12450,5704,6746,1182,276,1967,173,7659,163,1030,6179,6271,ITF,ITF4,16,Puglia,Puglia,4029053,622429,15.45,0.31
387,2021-01-15,PUG,4551,1865,2686,3599,337,50,558,0,3,4,4551,0,ITF,ITF4,16,Puglia,Puglia,4029053,626980,15.56,0.11
388,2021-02-03,PUG,5030,2001,3029,4365,469,9,184,0,0,3,729,4301,ITF,ITF4,16,Puglia,Puglia,4029053,632010,15.69,0.12
389,2021-01-23,PUG,3036,1291,1745,2523,174,30,308,0,0,1,885,2151,ITF,ITF4,16,Puglia,Puglia,4029053,635046,15.76,0.08
390,2021-02-22,PUG,9615,4523,5092,1432,434,274,140,6801,215,319,9284,331,ITF,ITF4,16,Puglia,Puglia,4029053,644661,16.0,0.24
391,2021-03-10,PUG,14336,6217,8119,2595,908,341,355,6458,601,3078,11221,3115,ITF,ITF4,16,Puglia,Puglia,4029053,658997,16.36,0.36
392,2021-03-28,PUG,3269,1539,1730,589,49,696,13,1800,3,119,1059,2210,ITF,ITF4,16,Puglia,Puglia,4029053,662266,16.44,0.08
393,2021-04-06,PUG,6205,2867,3338,352,126,1305,60,4254,35,73,2365,3840,ITF,ITF4,16,Puglia,Puglia,4029053,668471,16.59,0.15
394,2021-01-04,PAB,508,201,307,420,49,35,4,0,0,0,508,0,ITH,ITH1,4,Provincia Autonoma Bolzano / Bozen,P.A. Bolzano,533050,508,0.1,0.1
395,2021-02-20,PAB,1502,471,1031,196,53,30,24,469,1,729,1484,18,ITH,ITH1,4,Provincia Autonoma Bolzano / Bozen,P.A. Bolzano,533050,2010,0.38,0.28
396,2021-03-11,PAB,1680,821,859,89,97,481,73,367,238,335,1141,539,ITH,ITH1,4,Provincia Autonoma Bolzano / Bozen,P.A. Bolzano,533050,3690,0.69,0.32
397,2021-04-02,PAB,1979,781,1198,187,64,770,60,881,0,17,667,1312,ITH,ITH1,4,Provincia Autonoma Bolzano / Bozen,P.A. Bolzano,533050,5669,1.06,0.37
398,2021-03-20,PAB,1752,845,907,115,47,618,9,957,5,1,1127,625,ITH,ITH1,4,Provincia Autonoma Bolzano / Bozen,P.A. Bolzano,533050,7421,1.39,0.33
399,2021-01-14,PAB,1902,566,1336,520,430,360,288,304,0,0,1902,0,ITH,ITH1,4,Provincia Autonoma Bolzano / Bozen,P.A. Bolzano,533050,9323,1.75,0.36
400,2021-02-02,PAB,1737,505,1232,623,370,130,605,9,0,0,8,1729,ITH,ITH1,4,Provincia Autonoma Bolzano / Bozen,P.A. Bolzano,533050,11060,2.07,0.33
401,2021-02-08,PAB,2,1,1,0,0,1,0,1,0,0,1,1,ITH,ITH1,4,Provincia Autonoma Bolzano / Bozen,P.A. Bolzano,533050,11062,2.08,0.0
402,2021-01-15,PAB,3265,1221,2044,604,307,740,341,1273,0,0,3265,0,ITH,ITH1,4,Provincia Autonoma Bolzano / Bozen,P.A. Bolzano,533050,14327,2.69,0.61
403,2021-01-07,PAB,912,326,586,615,105,133,0,59,0,0,912,0,ITH,ITH1,4,Provincia Autonoma Bolzano / Bozen,P.A. Bolzano,533050,15239,2.86,0.17
404,2021-02-01,PAB,1403,413,990,727,312,66,296,0,1,1,12,1391,ITH,ITH1,4,Provincia Autonoma Bolzano / Bozen,P.A. Bolzano,533050,16642,3.12,0.26
405,2021-01-11,PAB,1555,508,1047,576,280,371,174,154,0,0,1555,0,ITH,ITH1,4,Provincia Autonoma Bolzano / Bozen,P.A. Bolzano,533050,18197,3.41,0.29
406,2020-12-30,PAB,385,181,204,341,40,4,0,0,0,0,385,0,ITH,ITH1,4,Provincia Autonoma Bolzano / Bozen,P.A. Bolzano,533050,18582,3.49,0.07
407,2021-02-12,PAB,721,214,507,316,69,223,104,7,2,0,475,246,ITH,ITH1,4,Provincia Autonoma Bolzano / Bozen,P.A. Bolzano,533050,19303,3.62,0.14
408,2021-02-22,PAB,522,142,380,340,66,102,0,4,0,10,511,11,ITH,ITH1,4,Provincia Autonoma Bolzano / Bozen,P.A. Bolzano,533050,19825,3.72,0.1
409,2021-01-09,PAB,610,324,286,75,28,421,74,12,0,0,610,0,ITH,ITH1,4,Provincia Autonoma Bolzano / Bozen,P.A. Bolzano,533050,20435,3.83,0.11
410,2021-03-29,PAB,983,422,561,10,2,227,0,706,25,13,228,755,ITH,ITH1,4,Provincia Autonoma Bolzano / Bozen,P.A. Bolzano,533050,21418,4.02,0.18
411,2021-03-15,PAB,843,293,550,289,94,385,13,56,2,4,365,478,ITH,ITH1,4,Provincia Autonoma Bolzano / Bozen,P.A. Bolzano,533050,22261,4.18,0.16
412,2021-03-19,PAB,1898,769,1129,159,52,562,15,1096,0,14,795,1103,ITH,ITH1,4,Provincia Autonoma Bolzano / Bozen,P.A. Bolzano,533050,24159,4.53,0.36
413,2021-03-27,PAB,3044,1550,1494,321,32,1206,0,1436,3,46,1541,1503,ITH,ITH1,4,Provincia Autonoma Bolzano / Bozen,P.A. Bolzano,533050,27203,5.1,0.57
414,2021-03-05,PAB,1796,610,1186,337,95,292,58,766,9,239,1354,442,ITH,ITH1,4,Provincia Autonoma Bolzano / Bozen,P.A. Bolzano,533050,28999,5.44,0.34
415,2021-01-13,PAB,1690,557,1133,446,309,501,269,165,0,0,1690,0,ITH,ITH1,4,Provincia Autonoma Bolzano / Bozen,P.A. Bolzano,533050,30689,5.76,0.32
416,2021-02-03,PAB,1472,461,1011,641,336,106,321,68,0,0,5,1467,ITH,ITH1,4,Provincia Autonoma Bolzano / Bozen,P.A. Bolzano,533050,32161,6.03,0.28
417,2021-03-16,PAB,634,250,384,24,29,34,48,499,0,0,115,519,ITH,ITH1,4,Provincia Autonoma Bolzano / Bozen,P.A. Bolzano,533050,32795,6.15,0.12
418,2021-04-01,PAB,2779,1405,1374,238,94,1707,42,598,35,65,2635,144,ITH,ITH1,4,Provincia Autonoma Bolzano / Bozen,P.A. Bolzano,533050,35574,6.67,0.52
419,2021-03-30,PAB,1290,531,759,51,4,133,150,915,10,27,218,1072,ITH,ITH1,4,Provincia Autonoma Bolzano / Bozen,P.A. Bolzano,533050,36864,6.92,0.24
420,2021-03-07,PAB,114,13,101,59,28,23,0,3,0,1,9,105,ITH,ITH1,4,Provincia Autonoma Bolzano / Bozen,P.A. Bolzano,533050,36978,6.94,0.02
421,2021-02-05,PAB,3181,1174,2007,758,504,399,441,1079,0,0,8,3173,ITH,ITH1,4,Provincia Autonoma Bolzano / Bozen,P.A. Bolzano,533050,40159,7.53,0.6
422,2021-02-06,PAB,2618,1166,1452,450,43,580,6,1538,0,1,18,2600,ITH,ITH1,4,Provincia Autonoma Bolzano / Bozen,P.A. Bolzano,533050,42777,8.02,0.49
423,2021-02-26,PAB,1388,493,895,62,32,112,2,847,0,333,1358,30,ITH,ITH1,4,Provincia Autonoma Bolzano / Bozen,P.A. Bolzano,533050,44165,8.29,0.26
424,2021-01-18,PAB,1767,684,1083,388,102,253,7,1017,0,0,1762,5,ITH,ITH1,4,Provincia Autonoma Bolzano / Bozen,P.A. Bolzano,533050,45932,8.62,0.33
425,2021-04-06,PAB,1712,875,837,99,40,1449,60,57,4,3,1616,96,ITH,ITH1,4,Provincia Autonoma Bolzano / Bozen,P.A. Bolzano,533050,47644,8.94,0.32
426,2021-01-23,PAB,195,115,80,189,0,6,0,0,0,0,0,195,ITH,ITH1,4,Provincia Autonoma Bolzano / Bozen,P.A. Bolzano,533050,47839,8.97,0.04
427,2021-02-27,PAB,2457,759,1698,202,86,43,8,882,3,1233,2447,10,ITH,ITH1,4,Provincia Autonoma Bolzano / Bozen,P.A. Bolzano,533050,50296,9.44,0.46
428,2021-03-28,PAB,569,212,357,45,38,15,0,469,0,2,11,558,ITH,ITH1,4,Provincia Autonoma Bolzano / Bozen,P.A. Bolzano,533050,50865,9.54,0.11
429,2021-03-03,PAB,1163,391,772,12,5,9,6,345,51,735,1150,13,ITH,ITH1,4,Provincia Autonoma Bolzano / Bozen,P.A. Bolzano,533050,52028,9.76,0.22
430,2021-01-26,PAB,809,291,518,672,129,8,0,0,0,0,1,808,ITH,ITH1,4,Provincia Autonoma Bolzano / Bozen,P.A. Bolzano,533050,52837,9.91,0.15
431,2021-01-03,PAB,41,16,25,33,5,2,0,1,0,0,41,0,ITH,ITH1,4,Provincia Autonoma Bolzano / Bozen,P.A. Bolzano,533050,52878,9.92,0.01
432,2021-01-25,PAB,487,183,304,401,68,14,0,1,2,1,3,484,ITH,ITH1,4,Provincia Autonoma Bolzano / Bozen,P.A. Bolzano,533050,53365,10.01,0.09
433,2021-01-17,PAB,2314,1040,1274,56,38,209,37,1974,0,0,2302,12,ITH,ITH1,4,Provincia Autonoma Bolzano / Bozen,P.A. Bolzano,533050,55679,10.45,0.43
434,2021-02-04,PAB,1925,586,1339,650,504,124,433,214,0,0,8,1917,ITH,ITH1,4,Provincia Autonoma Bolzano / Bozen,P.A. Bolzano,533050,57604,10.81,0.36
435,2021-01-28,PAB,868,307,561,584,186,27,69,0,2,0,10,858,ITH,ITH1,4,Provincia Autonoma Bolzano / Bozen,P.A. Bolzano,533050,58472,10.97,0.16
436,2021-03-22,PAB,1130,514,616,2,0,926,0,192,10,0,1126,4,ITH,ITH1,4,Provincia Autonoma Bolzano / Bozen,P.A. Bolzano,533050,59602,11.18,0.21
437,2021-02-09,PAB,317,126,191,64,16,6,2,227,0,2,1,316,ITH,ITH1,4,Provincia Autonoma Bolzano / Bozen,P.A. Bolzano,533050,59919,11.24,0.06
438,2021-04-03,PAB,815,358,457,9,6,12,0,785,3,0,21,794,ITH,ITH1,4,Provincia Autonoma Bolzano / Bozen,P.A. Bolzano,533050,60734,11.39,0.15
439,2021-01-12,PAB,1708,459,1249,369,227,537,479,96,0,0,1708,0,ITH,ITH1,4,Provincia Autonoma Bolzano / Bozen,P.A. Bolzano,533050,62442,11.71,0.32
440,2021-02-25,PAB,1496,549,947,22,5,335,0,729,0,405,1495,1,ITH,ITH1,4,Provincia Autonoma Bolzano / Bozen,P.A. Bolzano,533050,63938,11.99,0.28
441,2021-02-18,PAB,1642,401,1241,23,44,270,20,4,0,1281,1638,4,ITH,ITH1,4,Provincia Autonoma Bolzano / Bozen,P.A. Bolzano,533050,65580,12.3,0.31
442,2021-01-08,PAB,1514,476,1038,787,167,291,168,101,0,0,1514,0,ITH,ITH1,4,Provincia Autonoma Bolzano / Bozen,P.A. Bolzano,533050,67094,12.59,0.28
443,2021-03-17,PAB,577,213,364,10,6,34,46,481,0,0,576,1,ITH,ITH1,4,Provincia Autonoma Bolzano / Bozen,P.A. Bolzano,533050,67671,12.7,0.11
444,2021-03-02,PAB,681,193,488,1,0,0,0,0,7,673,681,0,ITH,ITH1,4,Provincia Autonoma Bolzano / Bozen,P.A. Bolzano,533050,68352,12.82,0.13
445,2021-03-31,PAB,1811,687,1124,417,299,644,3,426,6,16,800,1011,ITH,ITH1,4,Provincia Autonoma Bolzano / Bozen,P.A. Bolzano,533050,70163,13.16,0.34
446,2021-03-01,PAB,909,217,692,11,2,157,5,0,0,734,909,0,ITH,ITH1,4,Provincia Autonoma Bolzano / Bozen,P.A. Bolzano,533050,71072,13.33,0.17
447,2021-02-16,PAB,529,205,324,10,1,6,0,512,0,0,529,0,ITH,ITH1,4,Provincia Autonoma Bolzano / Bozen,P.A. Bolzano,533050,71601,13.43,0.1
448,2021-03-10,PAB,1176,448,728,655,8,182,0,134,80,117,1033,143,ITH,ITH1,4,Provincia Autonoma Bolzano / Bozen,P.A. Bolzano,533050,72777,13.65,0.22
449,2021-01-06,PAB,59,18,41,59,0,0,0,0,0,0,59,0,ITH,ITH1,4,Provincia Autonoma Bolzano / Bozen,P.A. Bolzano,533050,72836,13.66,0.01
450,2021-01-30,PAB,496,244,252,216,44,135,101,0,0,0,4,492,ITH,ITH1,4,Provincia Autonoma Bolzano / Bozen,P.A. Bolzano,533050,73332,13.76,0.09
451,2021-03-14,PAB,757,336,421,130,11,26,33,556,1,0,25,732,ITH,ITH1,4,Provincia Autonoma Bolzano / Bozen,P.A. Bolzano,533050,74089,13.9,0.14
452,2020-12-31,PAB,904,513,391,474,61,369,0,0,0,0,904,0,ITH,ITH1,4,Provincia Autonoma Bolzano / Bozen,P.A. Bolzano,533050,74993,14.07,0.17
453,2021-02-19,PAB,1963,450,1513,121,139,111,80,7,0,1505,1952,11,ITH,ITH1,4,Provincia Autonoma Bolzano / Bozen,P.A. Bolzano,533050,76956,14.44,0.37
454,2021-01-29,PAB,1494,510,984,880,282,31,295,2,0,4,23,1471,ITH,ITH1,4,Provincia Autonoma Bolzano / Bozen,P.A. Bolzano,533050,78450,14.72,0.28
455,2021-03-18,PAB,1291,526,765,49,15,156,48,1023,0,0,217,1074,ITH,ITH1,4,Provincia Autonoma Bolzano / Bozen,P.A. Bolzano,533050,79741,14.96,0.24
456,2021-01-24,PAB,12,10,2,1,0,11,0,0,0,0,0,12,ITH,ITH1,4,Provincia Autonoma Bolzano / Bozen,P.A. Bolzano,533050,79753,14.96,0.0
457,2021-02-17,PAB,4,1,3,1,0,2,0,1,0,0,2,2,ITH,ITH1,4,Provincia Autonoma Bolzano / Bozen,P.A. Bolzano,533050,79757,14.96,0.0
458,2021-02-11,PAB,1049,409,640,211,56,334,104,344,0,0,239,810,ITH,ITH1,4,Provincia Autonoma Bolzano / Bozen,P.A. Bolzano,533050,80806,15.16,0.2
459,2021-02-10,PAB,1630,602,1028,489,164,394,1,582,0,0,26,1604,ITH,ITH1,4,Provincia Autonoma Bolzano / Bozen,P.A. Bolzano,533050,82436,15.46,0.31
460,2021-02-15,PAB,72,42,30,17,2,8,40,5,0,0,26,46,ITH,ITH1,4,Provincia Autonoma Bolzano / Bozen,P.A. Bolzano,533050,82508,15.48,0.01
461,2021-03-12,PAB,1517,661,856,149,122,558,73,429,86,100,1110,407,ITH,ITH1,4,Provincia Autonoma Bolzano / Bozen,P.A. Bolzano,533050,84025,15.76,0.28
462,2021-01-20,PAB,616,251,365,287,50,22,0,257,0,0,408,208,ITH,ITH1,4,Provincia Autonoma Bolzano / Bozen,P.A. Bolzano,533050,84641,15.88,0.12
463,2021-03-08,PAB,1195,522,673,23,10,278,164,717,0,3,1168,27,ITH,ITH1,4,Provincia Autonoma Bolzano / Bozen,P.A. Bolzano,533050,85836,16.1,0.22
464,2021-01-10,PAB,2,2,0,1,0,1,0,0,0,0,2,0,ITH,ITH1,4,Provincia Autonoma Bolzano / Bozen,P.A. Bolzano,533050,85838,16.1,0.0
465,2021-02-07,PAB,2349,1054,1295,101,75,380,68,1725,0,0,14,2335,ITH,ITH1,4,Provincia Autonoma Bolzano / Bozen,P.A. Bolzano,533050,88187,16.54,0.44
466,2021-01-21,PAB,951,441,510,750,88,13,68,27,5,0,139,812,ITH,ITH1,4,Provincia Autonoma Bolzano / Bozen,P.A. Bolzano,533050,89138,16.72,0.18
467,2021-03-25,PAB,2113,1047,1066,209,68,1403,32,299,56,46,1693,420,ITH,ITH1,4,Provincia Autonoma Bolzano / Bozen,P.A. Bolzano,533050,91251,17.12,0.4
468,2021-03-24,PAB,2039,976,1063,13,11,1677,5,247,57,29,2026,13,ITH,ITH1,4,Provincia Autonoma Bolzano / Bozen,P.A. Bolzano,533050,93290,17.5,0.38
469,2021-01-05,PAB,830,286,544,734,61,35,0,0,0,0,830,0,ITH,ITH1,4,Provincia Autonoma Bolzano / Bozen,P.A. Bolzano,533050,94120,17.66,0.16
470,2021-03-23,PAB,1547,755,792,0,0,1241,0,215,57,34,1546,1,ITH,ITH1,4,Provincia Autonoma Bolzano / Bozen,P.A. Bolzano,533050,95667,17.95,0.29
471,2021-04-05,PAB,300,144,156,4,3,218,0,70,4,1,23,277,ITH,ITH1,4,Provincia Autonoma Bolzano / Bozen,P.A. Bolzano,533050,95967,18.0,0.06
472,2021-01-02,PAB,91,48,43,69,1,21,0,0,0,0,91,0,ITH,ITH1,4,Provincia Autonoma Bolzano / Bozen,P.A. Bolzano,533050,96058,18.02,0.02
473,2021-03-06,PAB,3953,2072,1881,479,161,712,7,1956,257,381,3741,212,ITH,ITH1,4,Provincia Autonoma Bolzano / Bozen,P.A. Bolzano,533050,100011,18.76,0.74
474,2021-01-22,PAB,243,139,104,131,8,15,85,3,0,1,124,119,ITH,ITH1,4,Provincia Autonoma Bolzano / Bozen,P.A. Bolzano,533050,100254,18.81,0.05
475,2021-03-13,PAB,2872,1452,1420,167,53,1263,1,1279,89,20,2771,101,ITH,ITH1,4,Provincia Autonoma Bolzano / Bozen,P.A. Bolzano,533050,103126,19.35,0.54
476,2021-01-19,PAB,817,351,466,174,19,45,0,579,0,0,687,130,ITH,ITH1,4,Provincia Autonoma Bolzano / Bozen,P.A. Bolzano,533050,103943,19.5,0.15
477,2021-03-21,PAB,766,283,483,165,17,16,1,564,0,3,14,752,ITH,ITH1,4,Provincia Autonoma Bolzano / Bozen,P.A. Bolzano,533050,104709,19.64,0.14
478,2020-12-27,PAB,143,65,78,138,2,2,0,1,0,0,143,0,ITH,ITH1,4,Provincia Autonoma Bolzano / Bozen,P.A. Bolzano,533050,104852,19.67,0.03
479,2021-02-13,PAB,318,79,239,126,57,127,7,1,0,0,312,6,ITH,ITH1,4,Provincia Autonoma Bolzano / Bozen,P.A. Bolzano,533050,105170,19.73,0.06
480,2021-03-04,PAB,1700,996,704,301,79,527,39,40,453,261,1471,229,ITH,ITH1,4,Provincia Autonoma Bolzano / Bozen,P.A. Bolzano,533050,106870,20.05,0.32
481,2021-01-27,PAB,84,28,56,54,26,4,0,0,0,0,1,83,ITH,ITH1,4,Provincia Autonoma Bolzano / Bozen,P.A. Bolzano,533050,106954,20.06,0.02
482,2021-03-09,PAB,1188,541,647,29,6,96,22,916,72,47,1186,2,ITH,ITH1,4,Provincia Autonoma Bolzano / Bozen,P.A. Bolzano,533050,108142,20.29,0.22
483,2021-02-24,PAB,1362,404,958,10,3,0,0,0,8,1341,1350,12,ITH,ITH1,4,Provincia Autonoma Bolzano / Bozen,P.A. Bolzano,533050,109504,20.54,0.26
484,2021-01-01,PAB,2,2,0,2,0,0,0,0,0,0,2,0,ITH,ITH1,4,Provincia Autonoma Bolzano / Bozen,P.A. Bolzano,533050,109506,20.54,0.0
485,2021-03-26,PAB,1628,715,913,20,14,621,68,904,0,1,509,1119,ITH,ITH1,4,Provincia Autonoma Bolzano / Bozen,P.A. Bolzano,533050,111134,20.85,0.31
486,2021-01-16,PAB,2811,1249,1562,432,93,268,77,1940,0,1,2811,0,ITH,ITH1,4,Provincia Autonoma Bolzano / Bozen,P.A. Bolzano,533050,113945,21.38,0.53
487,2021-02-23,PAB,764,321,443,0,0,58,0,621,0,85,758,6,ITH,ITH1,4,Provincia Autonoma Bolzano / Bozen,P.A. Bolzano,533050,114709,21.52,0.14
488,2021-01-30,CAL,2173,1147,1026,1974,0,199,0,0,0,0,358,1815,ITF,ITF6,18,Calabria,Calabria,1947131,2173,0.11,0.11
489,2021-04-02,CAL,8067,3686,4381,361,21,3083,597,2764,96,1145,4204,3863,ITF,ITF6,18,Calabria,Calabria,1947131,10240,0.53,0.41
490,2021-01-12,CAL,2058,1017,1041,1706,0,323,29,0,0,0,2058,0,ITF,ITF6,18,Calabria,Calabria,1947131,12298,0.63,0.11
491,2021-02-07,CAL,860,428,432,567,15,197,81,0,0,0,147,713,ITF,ITF6,18,Calabria,Calabria,1947131,13158,0.68,0.04
492,2021-01-23,CAL,400,186,214,325,1,51,23,0,0,0,358,42,ITF,ITF6,18,Calabria,Calabria,1947131,13558,0.7,0.02
493,2021-01-10,CAL,929,524,405,830,0,99,0,0,0,0,929,0,ITF,ITF6,18,Calabria,Calabria,1947131,14487,0.74,0.05
494,2021-03-25,CAL,6999,3314,3685,291,34,2932,428,2157,57,1100,4483,2516,ITF,ITF6,18,Calabria,Calabria,1947131,21486,1.1,0.36
495,2021-03-05,CAL,6171,3565,2606,696,33,1557,710,1856,1314,5,5595,576,ITF,ITF6,18,Calabria,Calabria,1947131,27657,1.42,0.32
496,2021-02-28,CAL,2168,983,1185,113,8,144,190,1707,6,0,2017,151,ITF,ITF6,18,Calabria,Calabria,1947131,29825,1.53,0.11
497,2021-02-06,CAL,2910,1338,1572,2095,30,537,248,0,0,0,442,2468,ITF,ITF6,18,Calabria,Calabria,1947131,32735,1.68,0.15
498,2021-02-05,CAL,3796,1709,2087,2327,298,617,554,0,0,0,488,3308,ITF,ITF6,18,Calabria,Calabria,1947131,36531,1.88,0.19
499,2021-03-04,CAL,5389,3111,2278,646,105,1312,731,1540,1053,2,4593,796,ITF,ITF6,18,Calabria,Calabria,1947131,41920,2.15,0.28
500,2021-01-31,CAL,1108,554,554,765,1,284,58,0,0,0,155,953,ITF,ITF6,18,Calabria,Calabria,1947131,43028,2.21,0.06
501,2021-03-28,CAL,2534,1172,1362,127,20,1216,26,719,14,412,1404,1130,ITF,ITF6,18,Calabria,Calabria,1947131,45562,2.34,0.13
502,2021-02-12,CAL,1711,669,1042,815,42,718,136,0,0,0,943,768,ITF,ITF6,18,Calabria,Calabria,1947131,47273,2.43,0.09
503,2021-01-21,CAL,958,444,514,735,1,107,115,0,0,0,929,29,ITF,ITF6,18,Calabria,Calabria,1947131,48231,2.48,0.05
504,2021-03-14,CAL,2543,1018,1525,322,2,374,312,802,9,722,2143,400,ITF,ITF6,18,Calabria,Calabria,1947131,50774,2.61,0.13
505,2021-02-09,CAL,2147,904,1243,1422,220,274,231,0,0,0,948,1199,ITF,ITF6,18,Calabria,Calabria,1947131,52921,2.72,0.11
506,2021-01-09,CAL,1916,1036,880,1529,0,387,0,0,0,0,1916,0,ITF,ITF6,18,Calabria,Calabria,1947131,54837,2.82,0.1
507,2021-02-10,CAL,2463,1074,1389,1469,66,571,357,0,0,0,839,1624,ITF,ITF6,18,Calabria,Calabria,1947131,57300,2.94,0.13
508,2021-02-15,CAL,1137,538,599,499,26,386,159,66,0,1,989,148,ITF,ITF6,18,Calabria,Calabria,1947131,58437,3.0,0.06
509,2021-02-03,CAL,2763,1428,1335,2170,22,468,103,0,0,0,583,2180,ITF,ITF6,18,Calabria,Calabria,1947131,61200,3.14,0.14
510,2021-03-03,CAL,4871,2655,2216,631,110,1047,917,1369,793,4,3808,1063,ITF,ITF6,18,Calabria,Calabria,1947131,66071,3.39,0.25
511,2021-04-06,CAL,3870,1690,2180,190,3,1726,84,1346,16,505,2359,1511,ITF,ITF6,18,Calabria,Calabria,1947131,69941,3.59,0.2
512,2021-02-04,CAL,3391,1623,1768,2560,38,571,222,0,0,0,644,2747,ITF,ITF6,18,Calabria,Calabria,1947131,73332,3.77,0.17
513,2021-01-04,CAL,996,492,504,969,0,27,0,0,0,0,996,0,ITF,ITF6,18,Calabria,Calabria,1947131,74328,3.82,0.05
514,2021-03-02,CAL,4136,2395,1741,705,58,677,427,1390,877,2,3427,709,ITF,ITF6,18,Calabria,Calabria,1947131,78464,4.03,0.21
515,2021-02-02,CAL,2289,1112,1177,1863,4,347,75,0,0,0,177,2112,ITF,ITF6,18,Calabria,Calabria,1947131,80753,4.15,0.12
516,2021-02-13,CAL,1331,583,748,731,18,470,111,1,0,0,968,363,ITF,ITF6,18,Calabria,Calabria,1947131,82084,4.22,0.07
517,2021-02-18,CAL,1800,803,997,586,55,454,299,345,0,61,1577,223,ITF,ITF6,18,Calabria,Calabria,1947131,83884,4.31,0.09
518,2021-04-04,CAL,1735,875,860,34,0,1110,22,502,0,67,1236,499,ITF,ITF6,18,Calabria,Calabria,1947131,85619,4.4,0.09
519,2021-03-16,CAL,3769,1847,1922,459,5,1116,22,2079,58,30,2171,1598,ITF,ITF6,18,Calabria,Calabria,1947131,89388,4.59,0.19
520,2021-02-25,CAL,2821,1519,1302,736,49,587,234,863,348,4,2242,579,ITF,ITF6,18,Calabria,Calabria,1947131,92209,4.74,0.14
521,2021-03-21,CAL,4362,1882,2480,135,0,1127,200,2126,29,745,2660,1702,ITF,ITF6,18,Calabria,Calabria,1947131,96571,4.96,0.22
522,2021-03-15,CAL,3448,1652,1796,542,38,889,136,1093,163,587,2019,1429,ITF,ITF6,18,Calabria,Calabria,1947131,100019,5.14,0.18
523,2021-01-14,CAL,2557,1214,1343,1962,0,592,3,0,0,0,2557,0,ITF,ITF6,18,Calabria,Calabria,1947131,102576,5.27,0.13
524,2021-03-18,CAL,4240,1978,2262,359,49,1316,232,2195,44,45,2271,1969,ITF,ITF6,18,Calabria,Calabria,1947131,106816,5.49,0.22
525,2021-03-19,CAL,4185,1947,2238,486,5,1326,293,1965,8,102,1899,2286,ITF,ITF6,18,Calabria,Calabria,1947131,111001,5.7,0.21
526,2021-03-08,CAL,5321,2820,2501,708,25,1793,453,1516,823,3,4263,1058,ITF,ITF6,18,Calabria,Calabria,1947131,116322,5.97,0.27
527,2020-12-27,CAL,275,150,125,274,0,1,0,0,0,0,275,0,ITF,ITF6,18,Calabria,Calabria,1947131,116597,5.99,0.01
528,2021-01-29,CAL,2048,984,1064,1752,4,243,49,0,0,0,234,1814,ITF,ITF6,18,Calabria,Calabria,1947131,118645,6.09,0.11
529,2021-02-11,CAL,2341,1043,1298,1464,71,565,241,0,0,0,1081,1260,ITF,ITF6,18,Calabria,Calabria,1947131,120986,6.21,0.12
530,2021-04-05,CAL,3444,1627,1817,133,3,1835,148,1180,11,134,2543,901,ITF,ITF6,18,Calabria,Calabria,1947131,124430,6.39,0.18
531,2021-01-05,CAL,1350,618,732,1256,0,94,0,0,0,0,1350,0,ITF,ITF6,18,Calabria,Calabria,1947131,125780,6.46,0.07
532,2021-03-24,CAL,7352,3348,4004,386,23,2325,696,2362,65,1495,4176,3176,ITF,ITF6,18,Calabria,Calabria,1947131,133132,6.84,0.38
533,2021-03-26,CAL,7638,3621,4017,511,21,3406,211,2382,68,1039,4525,3113,ITF,ITF6,18,Calabria,Calabria,1947131,140770,7.23,0.39
534,2021-01-16,CAL,2394,1120,1274,1664,22,467,241,0,0,0,2394,0,ITF,ITF6,18,Calabria,Calabria,1947131,143164,7.35,0.12
535,2021-03-23,CAL,5207,2442,2765,280,4,1847,47,1869,77,1083,3409,1798,ITF,ITF6,18,Calabria,Calabria,1947131,148371,7.62,0.27
536,2021-03-12,CAL,5093,2438,2655,468,26,1300,217,1963,333,786,4050,1043,ITF,ITF6,18,Calabria,Calabria,1947131,153464,7.88,0.26
537,2021-03-29,CAL,5546,2356,3190,205,6,2540,133,1110,29,1523,3795,1751,ITF,ITF6,18,Calabria,Calabria,1947131,159010,8.17,0.28
538,2021-03-09,CAL,5824,3032,2792,803,23,1918,419,1769,874,18,4847,977,ITF,ITF6,18,Calabria,Calabria,1947131,164834,8.47,0.3
539,2021-02-21,CAL,608,286,322,36,28,136,47,331,30,0,531,77,ITF,ITF6,18,Calabria,Calabria,1947131,165442,8.5,0.03
540,2021-02-16,CAL,1534,643,891,659,11,506,240,118,0,0,1255,279,ITF,ITF6,18,Calabria,Calabria,1947131,166976,8.58,0.08
541,2021-03-31,CAL,8795,3989,4806,378,10,3148,629,2511,68,2051,4859,3936,ITF,ITF6,18,Calabria,Calabria,1947131,175771,9.03,0.45
542,2021-01-27,CAL,1457,734,723,1226,2,206,23,0,0,0,396,1061,ITF,ITF6,18,Calabria,Calabria,1947131,177228,9.1,0.07
543,2021-01-06,CAL,926,500,426,822,0,104,0,0,0,0,926,0,ITF,ITF6,18,Calabria,Calabria,1947131,178154,9.15,0.05
544,2021-03-01,CAL,2689,1534,1155,399,6,416,257,971,637,3,2239,450,ITF,ITF6,18,Calabria,Calabria,1947131,180843,9.29,0.14
545,2021-01-24,CAL,44,18,26,15,0,3,26,0,0,0,39,5,ITF,ITF6,18,Calabria,Calabria,1947131,180887,9.29,0.0
546,2021-01-02,CAL,165,94,71,165,0,0,0,0,0,0,165,0,ITF,ITF6,18,Calabria,Calabria,1947131,181052,9.3,0.01
547,2021-03-30,CAL,5785,2486,3299,166,7,2369,200,1883,42,1118,3192,2593,ITF,ITF6,18,Calabria,Calabria,1947131,186837,9.6,0.3
548,2021-04-01,CAL,8235,3730,4505,455,36,3010,669,2913,41,1111,3820,4415,ITF,ITF6,18,Calabria,Calabria,1947131,195072,10.02,0.42
549,2021-02-17,CAL,1682,672,1010,674,21,322,285,299,0,81,1471,211,ITF,ITF6,18,Calabria,Calabria,1947131,196754,10.1,0.09
550,2021-02-08,CAL,1847,733,1114,1214,158,354,121,0,0,0,661,1186,ITF,ITF6,18,Calabria,Calabria,1947131,198601,10.2,0.09
551,2021-02-24,CAL,1843,940,903,658,7,359,115,653,47,4,1368,475,ITF,ITF6,18,Calabria,Calabria,1947131,200444,10.29,0.09
552,2021-01-22,CAL,656,274,382,298,4,244,110,0,0,0,654,2,ITF,ITF6,18,Calabria,Calabria,1947131,201100,10.33,0.03
553,2021-03-20,CAL,6479,2982,3497,432,7,1581,398,3562,34,465,4091,2388,ITF,ITF6,18,Calabria,Calabria,1947131,207579,10.66,0.33
554,2021-02-14,CAL,371,145,226,146,13,129,83,0,0,0,341,30,ITF,ITF6,18,Calabria,Calabria,1947131,207950,10.68,0.02
555,2021-03-27,CAL,8228,3724,4504,306,4,3175,144,3175,24,1400,4439,3789,ITF,ITF6,18,Calabria,Calabria,1947131,216178,11.1,0.42
556,2021-02-20,CAL,1358,735,623,438,23,388,55,433,19,2,1043,315,ITF,ITF6,18,Calabria,Calabria,1947131,217536,11.17,0.07
557,2021-02-01,CAL,2497,1192,1305,2044,4,406,43,0,0,0,248,2249,ITF,ITF6,18,Calabria,Calabria,1947131,220033,11.3,0.13
558,2021-01-20,CAL,1395,622,773,864,6,346,179,0,0,0,1394,1,ITF,ITF6,18,Calabria,Calabria,1947131,221428,11.37,0.07
559,2021-03-11,CAL,6877,3278,3599,934,25,2039,570,2380,329,600,5621,1256,ITF,ITF6,18,Calabria,Calabria,1947131,228305,11.73,0.35
560,2021-01-08,CAL,2109,1014,1095,1898,0,211,0,0,0,0,2109,0,ITF,ITF6,18,Calabria,Calabria,1947131,230414,11.83,0.11
561,2021-01-26,CAL,1805,861,944,1571,18,146,70,0,0,0,285,1520,ITF,ITF6,18,Calabria,Calabria,1947131,232219,11.93,0.09
562,2021-01-03,CAL,6,3,3,4,0,2,0,0,0,0,6,0,ITF,ITF6,18,Calabria,Calabria,1947131,232225,11.93,0.0
563,2021-04-03,CAL,8819,3788,5031,363,3,2617,353,4820,42,621,4202,4617,ITF,ITF6,18,Calabria,Calabria,1947131,241044,12.38,0.45
564,2021-02-22,CAL,1997,1013,984,728,48,495,166,552,3,5,1441,556,ITF,ITF6,18,Calabria,Calabria,1947131,243041,12.48,0.1
565,2021-03-22,CAL,4707,2202,2505,194,10,1197,147,1994,40,1125,3041,1666,ITF,ITF6,18,Calabria,Calabria,1947131,247748,12.72,0.24
566,2021-01-15,CAL,2793,1258,1535,1690,35,656,412,0,0,0,2793,0,ITF,ITF6,18,Calabria,Calabria,1947131,250541,12.87,0.14
567,2021-01-18,CAL,1230,550,680,982,0,237,11,0,0,0,1040,190,ITF,ITF6,18,Calabria,Calabria,1947131,251771,12.93,0.06
568,2021-03-06,CAL,7953,4059,3894,702,69,1804,758,3798,816,6,7197,756,ITF,ITF6,18,Calabria,Calabria,1947131,259724,13.34,0.41
569,2021-01-28,CAL,2232,1107,1125,1920,1,311,0,0,0,0,84,2148,ITF,ITF6,18,Calabria,Calabria,1947131,261956,13.45,0.11
570,2021-03-17,CAL,3634,1621,2013,277,49,931,165,2093,26,93,1937,1697,ITF,ITF6,18,Calabria,Calabria,1947131,265590,13.64,0.19
571,2021-03-07,CAL,3131,1561,1570,105,0,655,348,1674,347,2,3042,89,ITF,ITF6,18,Calabria,Calabria,1947131,268721,13.8,0.16
572,2021-02-19,CAL,1461,652,809,544,21,320,195,380,1,0,1200,261,ITF,ITF6,18,Calabria,Calabria,1947131,270182,13.88,0.08
573,2021-03-10,CAL,6445,3280,3165,743,42,2312,586,2021,677,64,5252,1193,ITF,ITF6,18,Calabria,Calabria,1947131,276627,14.21,0.33
574,2021-01-11,CAL,2154,1040,1114,1759,0,392,3,0,0,0,2154,0,ITF,ITF6,18,Calabria,Calabria,1947131,278781,14.32,0.11
575,2021-01-25,CAL,1064,512,552,1021,0,43,0,0,0,0,156,908,ITF,ITF6,18,Calabria,Calabria,1947131,279845,14.37,0.05
576,2021-02-26,CAL,3079,1631,1448,539,57,631,407,1147,294,4,2611,468,ITF,ITF6,18,Calabria,Calabria,1947131,282924,14.53,0.16
577,2021-01-13,CAL,2028,1022,1006,1800,0,194,34,0,0,0,2028,0,ITF,ITF6,18,Calabria,Calabria,1947131,284952,14.63,0.1
578,2021-03-13,CAL,6656,2933,3723,425,44,1334,338,3765,65,685,5682,974,ITF,ITF6,18,Calabria,Calabria,1947131,291608,14.98,0.34
579,2021-01-19,CAL,1109,488,621,853,8,172,76,0,0,0,1098,11,ITF,ITF6,18,Calabria,Calabria,1947131,292717,15.03,0.06
580,2021-01-17,CAL,867,418,449,527,9,283,48,0,0,0,801,66,ITF,ITF6,18,Calabria,Calabria,1947131,293584,15.08,0.04
581,2021-02-27,CAL,3680,1913,1767,421,37,551,395,1972,302,2,3302,378,ITF,ITF6,18,Calabria,Calabria,1947131,297264,15.27,0.19
582,2021-01-07,CAL,2180,1061,1119,1883,0,297,0,0,0,0,2180,0,ITF,ITF6,18,Calabria,Calabria,1947131,299444,15.38,0.11
583,2021-02-23,CAL,1549,728,821,437,33,348,206,522,2,1,1434,115,ITF,ITF6,18,Calabria,Calabria,1947131,300993,15.46,0.08
584,2020-12-28,CAL,6,2,4,6,0,0,0,0,0,0,6,0,ITF,ITF6,18,Calabria,Calabria,1947131,300999,15.46,0.0
585,2021-01-27,LAZ,5768,2170,3598,4797,215,170,457,129,0,0,651,5117,ITI,ITI4,12,Lazio,Lazio,5879082,5768,0.1,0.1
586,2021-02-10,LAZ,7777,3117,4660,2646,275,306,634,3916,0,0,4841,2936,ITI,ITI4,12,Lazio,Lazio,5879082,13545,0.23,0.13
587,2021-01-31,LAZ,4279,1783,2496,3572,139,200,244,124,0,0,296,3983,ITI,ITI4,12,Lazio,Lazio,5879082,17824,0.3,0.07
588,2021-01-11,LAZ,5525,2103,3422,4553,307,96,569,0,0,0,5525,0,ITI,ITI4,12,Lazio,Lazio,5879082,23349,0.4,0.09
589,2021-03-07,LAZ,14058,5419,8639,1201,24,1207,148,7249,696,3533,10469,3589,ITI,ITI4,12,Lazio,Lazio,5879082,37407,0.64,0.24
590,2021-01-13,LAZ,5559,2063,3496,4145,270,132,1009,3,0,0,5559,0,ITI,ITI4,12,Lazio,Lazio,5879082,42966,0.73,0.09
591,2021-02-22,LAZ,11421,4975,6446,1779,123,186,473,5248,1390,2222,10920,501,ITI,ITI4,12,Lazio,Lazio,5879082,54387,0.93,0.19
592,2021-03-22,LAZ,21317,8870,12447,1525,75,5972,244,9123,517,3861,14937,6380,ITI,ITI4,12,Lazio,Lazio,5879082,75704,1.29,0.36
593,2021-02-24,LAZ,11995,5182,6813,1798,428,508,337,5197,1327,2400,11005,990,ITI,ITI4,12,Lazio,Lazio,5879082,87699,1.49,0.2
594,2021-03-16,LAZ,13456,5708,7748,1504,69,2147,280,9444,7,5,7054,6402,ITI,ITI4,12,Lazio,Lazio,5879082,101155,1.72,0.23
595,2020-12-30,LAZ,1630,629,1001,1603,0,0,27,0,0,0,1630,0,ITI,ITI4,12,Lazio,Lazio,5879082,102785,1.75,0.03
596,2021-01-17,LAZ,4566,1844,2722,3242,145,191,177,811,0,0,4354,212,ITI,ITI4,12,Lazio,Lazio,5879082,107351,1.83,0.08
597,2021-03-28,LAZ,18781,7522,11259,1060,17,6542,77,8373,106,2606,13484,5297,ITI,ITI4,12,Lazio,Lazio,5879082,126132,2.15,0.32
598,2021-02-07,LAZ,4668,1865,2803,3251,138,247,218,813,0,1,382,4286,ITI,ITI4,12,Lazio,Lazio,5879082,130800,2.22,0.08
599,2021-02-13,LAZ,6274,2436,3838,2123,42,171,280,3658,0,0,6186,88,ITI,ITI4,12,Lazio,Lazio,5879082,137074,2.33,0.11
600,2021-03-18,LAZ,14156,6051,8105,1753,90,2631,330,9337,9,6,7781,6375,ITI,ITI4,12,Lazio,Lazio,5879082,151230,2.57,0.24
601,2021-02-25,LAZ,12636,5514,7122,1754,434,776,489,5149,1423,2611,11590,1046,ITI,ITI4,12,Lazio,Lazio,5879082,163866,2.79,0.21
602,2021-03-10,LAZ,21860,9404,12456,4074,143,2492,452,8903,1179,4617,16225,5635,ITI,ITI4,12,Lazio,Lazio,5879082,185726,3.16,0.37
603,2021-02-18,LAZ,9676,4799,4877,2162,91,328,473,4956,1665,1,9178,498,ITI,ITI4,12,Lazio,Lazio,5879082,195402,3.32,0.16
604,2021-04-02,LAZ,27372,12809,14563,5562,89,12833,166,8317,221,184,20321,7051,ITI,ITI4,12,Lazio,Lazio,5879082,222774,3.79,0.47
605,2021-03-20,LAZ,18117,6777,11340,1831,139,3761,360,8775,204,3047,12281,5836,ITI,ITI4,12,Lazio,Lazio,5879082,240891,4.1,0.31
606,2021-02-27,LAZ,11379,4248,7131,1358,399,486,515,4798,1120,2703,10426,953,ITI,ITI4,12,Lazio,Lazio,5879082,252270,4.29,0.19
607,2021-03-21,LAZ,17776,6807,10969,1239,27,4691,111,8172,100,3436,12755,5021,ITI,ITI4,12,Lazio,Lazio,5879082,270046,4.59,0.3
608,2021-02-08,LAZ,9335,3868,5467,3789,428,446,918,3754,0,0,4487,4848,ITI,ITI4,12,Lazio,Lazio,5879082,279381,4.75,0.16
609,2021-01-09,LAZ,6293,2560,3733,5115,229,329,620,0,0,0,6293,0,ITI,ITI4,12,Lazio,Lazio,5879082,285674,4.86,0.11
610,2021-03-29,LAZ,23593,10596,12997,2038,87,10808,143,9461,259,797,16722,6871,ITI,ITI4,12,Lazio,Lazio,5879082,309267,5.26,0.4
611,2020-12-28,LAZ,959,412,547,957,0,2,0,0,0,0,959,0,ITI,ITI4,12,Lazio,Lazio,5879082,310226,5.28,0.02
612,2021-03-02,LAZ,16605,7185,9420,1808,357,1069,229,8110,1278,3754,12676,3929,ITI,ITI4,12,Lazio,Lazio,5879082,326831,5.56,0.28
613,2021-01-10,LAZ,4039,1700,2339,3424,156,207,252,0,0,0,4039,0,ITI,ITI4,12,Lazio,Lazio,5879082,330870,5.63,0.07
614,2021-03-08,LAZ,19880,8221,11659,2451,120,2062,380,9056,1102,4709,14618,5262,ITI,ITI4,12,Lazio,Lazio,5879082,350750,5.97,0.34
615,2021-03-25,LAZ,26345,11240,15105,4791,84,8019,318,9450,199,3484,20053,6292,ITI,ITI4,12,Lazio,Lazio,5879082,377095,6.41,0.45
616,2021-04-06,LAZ,19923,8906,11017,1568,73,11090,91,6770,184,147,13881,6042,ITI,ITI4,12,Lazio,Lazio,5879082,397018,6.75,0.34
617,2021-03-05,LAZ,18505,7805,10700,2727,171,1574,256,8485,1323,3969,13784,4721,ITI,ITI4,12,Lazio,Lazio,5879082,415523,7.07,0.31
618,2021-01-24,LAZ,5467,2109,3358,4945,131,131,134,126,0,0,385,5082,ITI,ITI4,12,Lazio,Lazio,5879082,420990,7.16,0.09
619,2021-01-28,LAZ,7954,2998,4956,6810,374,122,514,134,0,0,459,7495,ITI,ITI4,12,Lazio,Lazio,5879082,428944,7.3,0.14
620,2021-01-20,LAZ,4391,1658,2733,3279,233,166,427,286,0,0,2850,1541,ITI,ITI4,12,Lazio,Lazio,5879082,433335,7.37,0.07
621,2021-02-04,LAZ,6045,2281,3764,4460,354,267,892,72,0,0,942,5103,ITI,ITI4,12,Lazio,Lazio,5879082,439380,7.47,0.1
622,2021-01-22,LAZ,3663,1442,2221,3380,63,27,70,123,0,0,148,3515,ITI,ITI4,12,Lazio,Lazio,5879082,443043,7.54,0.06
623,2021-01-04,LAZ,7478,2907,4571,7075,5,81,316,0,0,1,7478,0,ITI,ITI4,12,Lazio,Lazio,5879082,450521,7.66,0.13
624,2021-02-01,LAZ,5669,2173,3496,4784,189,130,559,7,0,0,353,5316,ITI,ITI4,12,Lazio,Lazio,5879082,456190,7.76,0.1
625,2021-02-12,LAZ,6494,2645,3849,1995,136,287,302,3774,0,0,6417,77,ITI,ITI4,12,Lazio,Lazio,5879082,462684,7.87,0.11
626,2021-01-25,LAZ,7761,3041,4720,7006,205,65,363,122,0,0,421,7340,ITI,ITI4,12,Lazio,Lazio,5879082,470445,8.0,0.13
627,2021-02-26,LAZ,12894,5607,7287,1909,533,804,352,5171,1385,2740,11676,1218,ITI,ITI4,12,Lazio,Lazio,5879082,483339,8.22,0.22
628,2021-02-17,LAZ,8810,4372,4438,2282,226,208,499,4249,1345,1,8282,528,ITI,ITI4,12,Lazio,Lazio,5879082,492149,8.37,0.15
629,2021-03-13,LAZ,21300,8362,12938,5128,109,2382,330,8892,720,3739,15407,5893,ITI,ITI4,12,Lazio,Lazio,5879082,513449,8.73,0.36
630,2021-01-03,LAZ,5250,1972,3278,5125,18,42,65,0,0,0,5250,0,ITI,ITI4,12,Lazio,Lazio,5879082,518699,8.82,0.09
631,2021-02-03,LAZ,6288,2348,3940,4620,335,220,1078,35,0,0,901,5387,ITI,ITI4,12,Lazio,Lazio,5879082,524987,8.93,0.11
632,2021-03-24,LAZ,25573,11135,14438,3761,92,8388,107,9387,240,3598,19469,6104,ITI,ITI4,12,Lazio,Lazio,5879082,550560,9.36,0.43
633,2021-03-23,LAZ,23104,9987,13117,2485,98,6788,181,9158,538,3856,16836,6268,ITI,ITI4,12,Lazio,Lazio,5879082,573664,9.76,0.39
634,2021-03-27,LAZ,25554,10186,15368,5564,103,6819,289,9190,134,3455,19312,6242,ITI,ITI4,12,Lazio,Lazio,5879082,599218,10.19,0.43
635,2021-01-18,LAZ,5839,2268,3571,3905,387,369,725,453,0,0,4861,978,ITI,ITI4,12,Lazio,Lazio,5879082,605057,10.29,0.1
636,2021-01-07,LAZ,7742,2901,4841,6897,175,104,566,0,0,0,7742,0,ITI,ITI4,12,Lazio,Lazio,5879082,612799,10.42,0.13
637,2021-03-11,LAZ,23646,10517,13129,4844,124,3027,440,9248,1526,4437,17422,6224,ITI,ITI4,12,Lazio,Lazio,5879082,636445,10.83,0.4
638,2021-04-05,LAZ,19475,8883,10592,526,34,11482,28,7332,10,63,13416,6059,ITI,ITI4,12,Lazio,Lazio,5879082,655920,11.16,0.33
639,2021-01-30,LAZ,6649,2730,3919,5298,265,309,651,126,0,0,448,6201,ITI,ITI4,12,Lazio,Lazio,5879082,662569,11.27,0.11
640,2021-03-15,LAZ,19204,8305,10899,2306,122,3553,408,9583,706,2526,12483,6721,ITI,ITI4,12,Lazio,Lazio,5879082,681773,11.6,0.33
641,2021-02-14,LAZ,5536,2246,3290,1645,20,298,127,3446,0,0,5287,249,ITI,ITI4,12,Lazio,Lazio,5879082,687309,11.69,0.09
642,2021-02-06,LAZ,5069,2015,3054,3270,206,424,660,509,0,0,769,4300,ITI,ITI4,12,Lazio,Lazio,5879082,692378,11.78,0.09
643,2021-01-19,LAZ,4361,1671,2690,2967,222,340,424,408,0,0,3908,453,ITI,ITI4,12,Lazio,Lazio,5879082,696739,11.85,0.07
644,2021-02-05,LAZ,6910,2722,4188,5095,373,258,995,189,0,0,1131,5779,ITI,ITI4,12,Lazio,Lazio,5879082,703649,11.97,0.12
645,2021-02-20,LAZ,8795,4082,4713,1942,111,350,298,4762,1310,22,8378,417,ITI,ITI4,12,Lazio,Lazio,5879082,712444,12.12,0.15
646,2021-01-02,LAZ,6704,2629,4075,6268,47,31,358,0,0,0,6704,0,ITI,ITI4,12,Lazio,Lazio,5879082,719148,12.23,0.11
647,2021-03-09,LAZ,20814,8920,11894,3379,104,2188,338,8958,1230,4617,15621,5193,ITI,ITI4,12,Lazio,Lazio,5879082,739962,12.59,0.35
648,2021-01-15,LAZ,6245,2477,3768,4498,417,187,988,155,0,0,6245,0,ITI,ITI4,12,Lazio,Lazio,5879082,746207,12.69,0.11
649,2021-01-21,LAZ,5247,2109,3138,4780,78,32,232,125,0,0,196,5051,ITI,ITI4,12,Lazio,Lazio,5879082,751454,12.78,0.09
650,2021-03-03,LAZ,17109,7222,9887,2111,200,1177,379,8056,1249,3937,12819,4290,ITI,ITI4,12,Lazio,Lazio,5879082,768563,13.07,0.29
651,2021-03-01,LAZ,16648,7112,9536,1554,527,1209,385,7988,1406,3579,12797,3851,ITI,ITI4,12,Lazio,Lazio,5879082,785211,13.36,0.28
652,2021-02-16,LAZ,8044,3863,4181,2058,102,476,261,4195,951,1,7787,257,ITI,ITI4,12,Lazio,Lazio,5879082,793255,13.49,0.14
653,2021-02-02,LAZ,5772,2133,3639,4712,367,119,571,3,0,0,501,5271,ITI,ITI4,12,Lazio,Lazio,5879082,799027,13.59,0.1
654,2021-02-21,LAZ,6799,3101,3698,1245,53,309,51,4518,607,16,6517,282,ITI,ITI4,12,Lazio,Lazio,5879082,805826,13.71,0.12
655,2021-04-01,LAZ,27427,12623,14804,5658,91,12332,284,8527,287,248,20458,6969,ITI,ITI4,12,Lazio,Lazio,5879082,833253,14.17,0.47
656,2021-01-06,LAZ,5119,1960,3159,4619,45,133,320,0,1,1,5119,0,ITI,ITI4,12,Lazio,Lazio,5879082,838372,14.26,0.09
657,2021-03-14,LAZ,17051,6597,10454,1360,89,3295,81,8335,445,3446,11897,5154,ITI,ITI4,12,Lazio,Lazio,5879082,855423,14.55,0.29
658,2021-02-23,LAZ,10902,4680,6222,1897,109,493,309,5169,1015,1910,10278,624,ITI,ITI4,12,Lazio,Lazio,5879082,866325,14.74,0.19
659,2021-01-14,LAZ,5232,1961,3271,3887,304,146,811,84,0,0,5232,0,ITI,ITI4,12,Lazio,Lazio,5879082,871557,14.82,0.09
660,2021-03-04,LAZ,18243,7761,10482,2796,211,1345,507,8164,1315,3905,13232,5011,ITI,ITI4,12,Lazio,Lazio,5879082,889800,15.14,0.31
661,2021-01-29,LAZ,7595,2867,4728,6373,259,169,704,90,0,0,477,7118,ITI,ITI4,12,Lazio,Lazio,5879082,897395,15.26,0.13
662,2021-03-31,LAZ,25573,11784,13789,4223,82,11753,135,8914,220,246,18613,6960,ITI,ITI4,12,Lazio,Lazio,5879082,922968,15.7,0.43
663,2021-01-08,LAZ,7726,2894,4832,6519,191,218,798,0,0,0,7726,0,ITI,ITI4,12,Lazio,Lazio,5879082,930694,15.83,0.13
664,2021-02-09,LAZ,8393,3484,4909,3258,244,338,548,4005,0,0,4571,3822,ITI,ITI4,12,Lazio,Lazio,5879082,939087,15.97,0.14
665,2020-12-31,LAZ,5291,2121,3170,4987,12,13,279,0,0,0,5291,0,ITI,ITI4,12,Lazio,Lazio,5879082,944378,16.06,0.09
666,2021-02-11,LAZ,6658,2788,3870,2197,174,160,500,3627,0,0,6460,198,ITI,ITI4,12,Lazio,Lazio,5879082,951036,16.18,0.11
667,2021-02-28,LAZ,10224,3996,6228,1601,260,428,77,4577,682,2599,9710,514,ITI,ITI4,12,Lazio,Lazio,5879082,961260,16.35,0.17
668,2021-01-01,LAZ,3554,1382,2172,3483,0,3,68,0,0,0,3554,0,ITI,ITI4,12,Lazio,Lazio,5879082,964814,16.41,0.06
669,2021-03-26,LAZ,27575,11966,15609,5355,94,8698,330,9574,275,3249,20983,6592,ITI,ITI4,12,Lazio,Lazio,5879082,992389,16.88,0.47
670,2021-01-26,LAZ,7605,2907,4698,6592,213,44,631,125,0,0,374,7231,ITI,ITI4,12,Lazio,Lazio,5879082,999994,17.01,0.13
671,2021-01-05,LAZ,7370,2802,4568,6690,0,102,577,0,1,0,7370,0,ITI,ITI4,12,Lazio,Lazio,5879082,1007364,17.13,0.13
672,2021-03-19,LAZ,16995,7258,9737,2112,140,3760,389,9340,248,1006,10695,6300,ITI,ITI4,12,Lazio,Lazio,5879082,1024359,17.42,0.29
673,2021-03-12,LAZ,22665,10021,12644,4703,170,3253,400,9417,774,3948,16353,6312,ITI,ITI4,12,Lazio,Lazio,5879082,1047024,17.81,0.39
674,2021-04-04,LAZ,17321,7986,9335,391,38,10159,11,6665,15,42,12134,5187,ITI,ITI4,12,Lazio,Lazio,5879082,1064345,18.1,0.29
675,2021-01-12,LAZ,5391,1974,3417,4343,342,122,584,0,0,0,5391,0,ITI,ITI4,12,Lazio,Lazio,5879082,1069736,18.2,0.09
676,2021-01-23,LAZ,6883,2682,4201,6063,247,31,417,125,0,0,255,6628,ITI,ITI4,12,Lazio,Lazio,5879082,1076619,18.31,0.12
677,2021-01-16,LAZ,5353,2075,3278,3358,241,220,1064,470,0,0,5353,0,ITI,ITI4,12,Lazio,Lazio,5879082,1081972,18.4,0.09
678,2021-02-19,LAZ,9698,4893,4805,2170,93,297,408,5060,1636,34,9201,497,ITI,ITI4,12,Lazio,Lazio,5879082,1091670,18.57,0.16
679,2020-12-29,LAZ,488,176,312,486,2,0,0,0,0,0,488,0,ITI,ITI4,12,Lazio,Lazio,5879082,1092158,18.58,0.01
680,2021-03-30,LAZ,24900,11421,13479,3754,86,11217,248,9086,221,288,17844,7056,ITI,ITI4,12,Lazio,Lazio,5879082,1117058,19.0,0.42
681,2021-03-17,LAZ,13484,5754,7730,1508,87,2239,254,9375,7,14,7285,6199,ITI,ITI4,12,Lazio,Lazio,5879082,1130542,19.23,0.23
682,2021-03-06,LAZ,17992,6907,11085,3680,113,1252,327,7916,932,3772,13738,4254,ITI,ITI4,12,Lazio,Lazio,5879082,1148534,19.54,0.31
683,2021-02-15,LAZ,7727,3379,4348,2447,362,313,379,4218,8,0,7430,297,ITI,ITI4,12,Lazio,Lazio,5879082,1156261,19.67,0.13
684,2020-12-27,LAZ,272,131,141,272,0,0,0,0,0,0,272,0,ITI,ITI4,12,Lazio,Lazio,5879082,1156533,19.67,0.0
685,2021-04-03,LAZ,23680,10613,13067,4433,65,11199,111,7635,30,207,17252,6428,ITI,ITI4,12,Lazio,Lazio,5879082,1180213,20.07,0.4
686,2021-01-04,TOS,5064,1893,3171,4100,29,3,932,0,0,0,5064,0,ITI,ITI1,9,Toscana,Toscana,3729641,5064,0.14,0.14
687,2021-03-03,TOS,18086,6451,11635,3318,496,662,135,9131,898,3446,14489,3597,ITI,ITI1,9,Toscana,Toscana,3729641,23150,0.62,0.48
688,2021-03-11,TOS,15376,5942,9434,2439,905,1373,251,10200,196,12,12059,3317,ITI,ITI1,9,Toscana,Toscana,3729641,38526,1.03,0.41
689,2021-02-20,TOS,4641,1790,2851,3350,1038,0,203,17,15,18,4128,513,ITI,ITI1,9,Toscana,Toscana,3729641,43167,1.16,0.12
690,2021-02-28,TOS,1649,667,982,1111,201,1,78,0,249,9,922,727,ITI,ITI1,9,Toscana,Toscana,3729641,44816,1.2,0.04
691,2021-01-31,TOS,3049,1129,1920,2465,133,2,448,1,0,0,106,2943,ITI,ITI1,9,Toscana,Toscana,3729641,47865,1.28,0.08
692,2021-02-15,TOS,8770,3374,5396,4536,922,1106,216,56,794,1140,7945,825,ITI,ITI1,9,Toscana,Toscana,3729641,56635,1.52,0.24
693,2021-03-19,TOS,9980,4382,5598,639,439,3991,275,4588,13,35,7189,2791,ITI,ITI1,9,Toscana,Toscana,3729641,66615,1.79,0.27
694,2021-03-04,TOS,17495,6666,10829,2816,275,1397,274,8173,865,3695,14419,3076,ITI,ITI1,9,Toscana,Toscana,3729641,84110,2.26,0.47
695,2021-04-02,TOS,30421,12854,17567,242,52,11309,226,18479,108,5,22962,7459,ITI,ITI1,9,Toscana,Toscana,3729641,114531,3.07,0.82
696,2021-04-03,TOS,14548,6451,8097,98,34,9806,84,4503,10,13,13439,1109,ITI,ITI1,9,Toscana,Toscana,3729641,129079,3.46,0.39
697,2021-03-15,TOS,8307,3304,5003,3216,1248,709,403,30,420,2281,3870,4437,ITI,ITI1,9,Toscana,Toscana,3729641,137386,3.68,0.22
698,2021-02-18,TOS,8817,3285,5532,2924,1447,64,230,214,796,3142,7923,894,ITI,ITI1,9,Toscana,Toscana,3729641,146203,3.92,0.24
699,2021-03-20,TOS,6428,2853,3575,885,552,4739,165,29,24,34,5293,1135,ITI,ITI1,9,Toscana,Toscana,3729641,152631,4.09,0.17
700,2021-02-24,TOS,10357,4460,5897,81,302,1267,301,4127,1331,2948,10160,197,ITI,ITI1,9,Toscana,Toscana,3729641,162988,4.37,0.28
701,2021-02-17,TOS,8175,3168,5007,3465,1122,51,249,218,584,2486,7424,751,ITI,ITI1,9,Toscana,Toscana,3729641,171163,4.59,0.22
702,2021-01-19,TOS,1104,531,573,392,220,1,491,0,0,0,1104,0,ITI,ITI1,9,Toscana,Toscana,3729641,172267,4.62,0.03
703,2021-03-18,TOS,9790,3903,5887,427,544,889,256,7664,7,3,5866,3924,ITI,ITI1,9,Toscana,Toscana,3729641,182057,4.88,0.26
704,2021-02-13,TOS,7784,2360,5424,3667,574,3193,163,0,186,1,7557,227,ITI,ITI1,9,Toscana,Toscana,3729641,189841,5.09,0.21
705,2021-02-01,TOS,5505,1957,3548,4482,403,4,616,0,0,0,521,4984,ITI,ITI1,9,Toscana,Toscana,3729641,195346,5.24,0.15
706,2021-01-17,TOS,2535,871,1664,2002,293,0,240,0,0,0,2022,513,ITI,ITI1,9,Toscana,Toscana,3729641,197881,5.31,0.07
707,2021-03-28,TOS,6099,2732,3367,38,15,5385,89,472,14,86,5845,254,ITI,ITI1,9,Toscana,Toscana,3729641,203980,5.47,0.16
708,2021-04-01,TOS,25589,10534,15055,211,98,1527,251,23359,138,5,15430,10159,ITI,ITI1,9,Toscana,Toscana,3729641,229569,6.16,0.69
709,2021-02-21,TOS,5104,2089,3015,3666,1219,0,195,2,13,9,4935,169,ITI,ITI1,9,Toscana,Toscana,3729641,234673,6.29,0.14
710,2021-01-16,TOS,3271,1046,2225,2493,538,0,240,0,0,0,3271,0,ITI,ITI1,9,Toscana,Toscana,3729641,237944,6.38,0.09
711,2021-01-15,TOS,3878,1347,2531,2758,674,2,444,0,0,0,3878,0,ITI,ITI1,9,Toscana,Toscana,3729641,241822,6.48,0.1
712,2021-02-16,TOS,9268,3338,5930,5084,952,30,178,10,691,2323,8557,711,ITI,ITI1,9,Toscana,Toscana,3729641,251090,6.73,0.25
713,2021-04-04,TOS,13872,6587,7285,14,8,13784,0,11,3,52,13629,243,ITI,ITI1,9,Toscana,Toscana,3729641,264962,7.1,0.37
714,2021-03-01,TOS,4381,1667,2714,3192,593,10,137,3,421,25,741,3640,ITI,ITI1,9,Toscana,Toscana,3729641,269343,7.22,0.12
715,2021-02-23,TOS,7721,3324,4397,1491,530,1041,204,509,1114,2832,7560,161,ITI,ITI1,9,Toscana,Toscana,3729641,277064,7.43,0.21
716,2021-02-06,TOS,4527,1550,2977,3725,574,1,227,0,0,0,1294,3233,ITI,ITI1,9,Toscana,Toscana,3729641,281591,7.55,0.12
717,2021-01-03,TOS,3336,1052,2284,2565,9,0,762,0,0,0,3336,0,ITI,ITI1,9,Toscana,Toscana,3729641,284927,7.64,0.09
718,2021-02-26,TOS,10064,3824,6240,1557,637,1070,298,1801,1138,3563,8858,1206,ITI,ITI1,9,Toscana,Toscana,3729641,294991,7.91,0.27
719,2021-01-22,TOS,2861,1063,1798,2022,81,0,758,0,0,0,525,2336,ITI,ITI1,9,Toscana,Toscana,3729641,297852,7.99,0.08
720,2021-02-12,TOS,7606,2683,4923,3742,380,2892,188,2,402,0,7393,213,ITI,ITI1,9,Toscana,Toscana,3729641,305458,8.19,0.2
721,2021-03-13,TOS,9263,3289,5974,2833,1156,953,57,180,344,3740,5314,3949,ITI,ITI1,9,Toscana,Toscana,3729641,314721,8.44,0.25
722,2021-01-09,TOS,4485,1596,2889,3780,143,1,560,1,0,0,4485,0,ITI,ITI1,9,Toscana,Toscana,3729641,319206,8.56,0.12
723,2021-01-07,TOS,6018,1751,4267,5308,29,1,680,0,0,0,6018,0,ITI,ITI1,9,Toscana,Toscana,3729641,325224,8.72,0.16
724,2021-03-31,TOS,31674,12693,18981,272,84,4716,232,22284,387,3699,19872,11802,ITI,ITI1,9,Toscana,Toscana,3729641,356898,9.57,0.85
725,2021-03-08,TOS,6344,2610,3734,4063,746,990,190,65,282,8,1525,4819,ITI,ITI1,9,Toscana,Toscana,3729641,363242,9.74,0.17
726,2021-02-03,TOS,4221,1452,2769,3475,239,1,505,1,0,0,241,3980,ITI,ITI1,9,Toscana,Toscana,3729641,367463,9.85,0.11
727,2021-01-11,TOS,5094,1691,3403,4362,209,1,522,0,0,0,5094,0,ITI,ITI1,9,Toscana,Toscana,3729641,372557,9.99,0.14
728,2021-02-19,TOS,8302,2953,5349,2968,1207,28,245,154,580,3120,7795,507,ITI,ITI1,9,Toscana,Toscana,3729641,380859,10.21,0.22
729,2021-03-24,TOS,19323,7823,11500,219,323,4435,185,13202,186,773,10019,9304,ITI,ITI1,9,Toscana,Toscana,3729641,400182,10.73,0.52
730,2021-01-18,TOS,1119,636,483,430,313,1,375,0,0,0,1021,98,ITI,ITI1,9,Toscana,Toscana,3729641,401301,10.76,0.03
731,2021-02-22,TOS,9817,4253,5564,3484,1390,889,315,22,1014,2703,9539,278,ITI,ITI1,9,Toscana,Toscana,3729641,411118,11.02,0.26
732,2021-01-27,TOS,4835,1572,3263,4019,73,1,742,0,0,0,207,4628,ITI,ITI1,9,Toscana,Toscana,3729641,415953,11.15,0.13
733,2021-03-22,TOS,4842,2401,2441,221,348,3433,381,9,135,315,4398,444,ITI,ITI1,9,Toscana,Toscana,3729641,420795,11.28,0.13
734,2021-01-23,TOS,3949,1354,2595,2936,170,2,841,0,0,0,640,3309,ITI,ITI1,9,Toscana,Toscana,3729641,424744,11.39,0.11
735,2021-03-30,TOS,16490,7282,9208,200,129,7869,224,7794,161,113,12970,3520,ITI,ITI1,9,Toscana,Toscana,3729641,441234,11.83,0.44
736,2021-03-02,TOS,10553,3774,6779,3170,431,598,131,1841,870,3512,7109,3444,ITI,ITI1,9,Toscana,Toscana,3729641,451787,12.11,0.28
737,2021-03-23,TOS,8984,4061,4923,264,302,4187,319,3435,139,338,6744,2240,ITI,ITI1,9,Toscana,Toscana,3729641,460771,12.35,0.24
738,2021-02-05,TOS,5748,2244,3504,4121,1180,4,442,1,0,0,1924,3824,ITI,ITI1,9,Toscana,Toscana,3729641,466519,12.51,0.15
739,2021-02-11,TOS,5383,2021,3362,2809,284,1934,323,12,10,11,5141,242,ITI,ITI1,9,Toscana,Toscana,3729641,471902,12.65,0.14
740,2021-03-09,TOS,10587,4089,6498,4806,905,1179,180,3292,214,11,5035,5552,ITI,ITI1,9,Toscana,Toscana,3729641,482489,12.94,0.28
741,2021-02-27,TOS,1944,723,1221,1352,311,3,132,1,126,19,1042,902,ITI,ITI1,9,Toscana,Toscana,3729641,484433,12.99,0.05
742,2021-01-25,TOS,5125,1896,3229,4159,54,2,909,1,0,0,249,4876,ITI,ITI1,9,Toscana,Toscana,3729641,489558,13.13,0.14
743,2021-01-02,TOS,3497,1097,2400,2682,15,0,800,0,0,0,3497,0,ITI,ITI1,9,Toscana,Toscana,3729641,493055,13.22,0.09
744,2021-01-10,TOS,3001,1104,1897,2432,134,4,431,0,0,0,3001,0,ITI,ITI1,9,Toscana,Toscana,3729641,496056,13.3,0.08
745,2021-01-20,TOS,1331,637,694,435,255,1,640,0,0,0,1083,248,ITI,ITI1,9,Toscana,Toscana,3729641,497387,13.34,0.04
746,2021-01-24,TOS,3349,1073,2276,2602,35,2,709,1,0,0,201,3148,ITI,ITI1,9,Toscana,Toscana,3729641,500736,13.43,0.09
747,2021-03-25,TOS,23145,9921,13224,198,269,6174,392,15189,218,705,14909,8236,ITI,ITI1,9,Toscana,Toscana,3729641,523881,14.05,0.62
748,2021-01-14,TOS,3254,1179,2075,2459,475,0,320,0,0,0,3254,0,ITI,ITI1,9,Toscana,Toscana,3729641,527135,14.13,0.09
749,2021-02-02,TOS,3742,1475,2267,3021,283,4,422,6,6,0,195,3547,ITI,ITI1,9,Toscana,Toscana,3729641,530877,14.23,0.1
750,2021-01-29,TOS,6136,1698,4438,5375,138,1,622,0,0,0,302,5834,ITI,ITI1,9,Toscana,Toscana,3729641,537013,14.4,0.16
751,2020-12-30,TOS,327,104,223,34,10,0,283,0,0,0,327,0,ITI,ITI1,9,Toscana,Toscana,3729641,537340,14.41,0.01
752,2021-03-14,TOS,7167,2561,4606,3106,798,452,122,2,211,2476,3230,3937,ITI,ITI1,9,Toscana,Toscana,3729641,544507,14.6,0.19
753,2021-02-14,TOS,8993,2567,6426,3033,549,5064,81,0,261,5,8883,110,ITI,ITI1,9,Toscana,Toscana,3729641,553500,14.84,0.24
754,2021-01-28,TOS,6281,1882,4399,5426,64,2,788,1,0,0,354,5927,ITI,ITI1,9,Toscana,Toscana,3729641,559781,15.01,0.17
755,2021-02-09,TOS,4488,1468,3020,3583,386,2,513,4,0,0,3877,611,ITI,ITI1,9,Toscana,Toscana,3729641,564269,15.13,0.12
756,2021-03-16,TOS,4866,1863,3003,1551,424,670,124,2069,12,16,2631,2235,ITI,ITI1,9,Toscana,Toscana,3729641,569135,15.26,0.13
757,2021-03-17,TOS,11229,4507,6722,355,272,877,179,9542,2,2,6764,4465,ITI,ITI1,9,Toscana,Toscana,3729641,580364,15.56,0.3
758,2021-01-26,TOS,5393,1792,3601,4358,81,3,951,0,0,0,219,5174,ITI,ITI1,9,Toscana,Toscana,3729641,585757,15.71,0.14
759,2021-03-06,TOS,7096,2839,4257,3804,482,1132,145,30,357,1146,2905,4191,ITI,ITI1,9,Toscana,Toscana,3729641,592853,15.9,0.19
760,2020-12-31,TOS,805,202,603,97,10,0,698,0,0,0,805,0,ITI,ITI1,9,Toscana,Toscana,3729641,593658,15.92,0.02
761,2021-01-06,TOS,4519,1459,3060,3984,9,1,525,0,0,0,4519,0,ITI,ITI1,9,Toscana,Toscana,3729641,598177,16.04,0.12
762,2021-03-29,TOS,9207,4459,4748,227,101,8328,198,20,133,200,8884,323,ITI,ITI1,9,Toscana,Toscana,3729641,607384,16.29,0.25
763,2021-02-07,TOS,2806,953,1853,2349,299,1,157,0,0,0,885,1921,ITI,ITI1,9,Toscana,Toscana,3729641,610190,16.36,0.08
764,2021-01-01,TOS,2370,788,1582,1716,2,0,650,2,0,0,2370,0,ITI,ITI1,9,Toscana,Toscana,3729641,612560,16.42,0.06
765,2021-01-08,TOS,5944,1641,4303,5360,36,3,545,0,0,0,5944,0,ITI,ITI1,9,Toscana,Toscana,3729641,618504,16.58,0.16
766,2021-03-05,TOS,16400,6299,10101,3921,926,1485,170,5207,819,3872,11660,4740,ITI,ITI1,9,Toscana,Toscana,3729641,634904,17.02,0.44
767,2021-02-25,TOS,10591,4285,6306,1078,421,1281,259,3212,1141,3199,9597,994,ITI,ITI1,9,Toscana,Toscana,3729641,645495,17.31,0.28
768,2021-04-05,TOS,15246,6810,8436,27,41,15078,0,63,2,35,14509,737,ITI,ITI1,9,Toscana,Toscana,3729641,660741,17.72,0.41
769,2021-03-07,TOS,5648,2356,3292,3103,511,586,123,15,536,774,2106,3542,ITI,ITI1,9,Toscana,Toscana,3729641,666389,17.87,0.15
770,2021-01-13,TOS,4063,1398,2665,3308,348,2,405,0,0,0,4063,0,ITI,ITI1,9,Toscana,Toscana,3729641,670452,17.98,0.11
771,2021-01-12,TOS,3581,1398,2183,2944,282,1,354,0,0,0,3581,0,ITI,ITI1,9,Toscana,Toscana,3729641,674033,18.07,0.1
772,2021-01-05,TOS,5243,1754,3489,4354,9,2,878,0,0,0,5243,0,ITI,ITI1,9,Toscana,Toscana,3729641,679276,18.21,0.14
773,2021-02-08,TOS,4095,1358,2737,3373,343,2,377,0,0,0,3636,459,ITI,ITI1,9,Toscana,Toscana,3729641,683371,18.32,0.11
774,2021-01-30,TOS,4620,1622,2998,3763,218,1,638,0,0,0,197,4423,ITI,ITI1,9,Toscana,Toscana,3729641,687991,18.45,0.12
775,2021-04-06,TOS,13113,5766,7347,465,324,8288,65,2564,104,1303,10652,2461,ITI,ITI1,9,Toscana,Toscana,3729641,701104,18.8,0.35
776,2021-02-04,TOS,4251,1594,2657,3166,623,1,456,5,0,0,961,3290,ITI,ITI1,9,Toscana,Toscana,3729641,705355,18.91,0.11
777,2021-03-26,TOS,20054,9008,11046,249,303,8008,192,10832,137,333,14435,5619,ITI,ITI1,9,Toscana,Toscana,3729641,725409,19.45,0.54
778,2021-01-21,TOS,1589,686,903,579,220,0,790,0,0,0,867,722,ITI,ITI1,9,Toscana,Toscana,3729641,726998,19.49,0.04
779,2021-03-27,TOS,8680,4001,4679,111,56,6726,171,1383,35,198,8463,217,ITI,ITI1,9,Toscana,Toscana,3729641,735678,19.73,0.23
780,2021-02-10,TOS,4263,1280,2983,3536,239,2,485,0,1,0,3739,524,ITI,ITI1,9,Toscana,Toscana,3729641,739941,19.84,0.11
781,2020-12-27,TOS,620,267,353,460,10,137,13,0,0,0,620,0,ITI,ITI1,9,Toscana,Toscana,3729641,740561,19.86,0.02
782,2021-03-10,TOS,17860,7005,10855,3005,850,1385,270,12122,214,14,13854,4006,ITI,ITI1,9,Toscana,Toscana,3729641,758421,20.33,0.48
783,2021-03-12,TOS,16299,6088,10211,2611,954,996,191,6938,684,3925,12774,3525,ITI,ITI1,9,Toscana,Toscana,3729641,774720,20.77,0.44
784,2021-03-21,TOS,3231,1574,1657,660,791,1677,77,8,6,12,1798,1433,ITI,ITI1,9,Toscana,Toscana,3729641,777951,20.86,0.09
785,2021-04-04,CAM,7939,4000,3939,177,24,5621,6,1984,54,73,6895,1044,ITF,ITF3,15,Campania,Campania,5801692,7939,0.14,0.14
786,2021-01-12,CAM,5214,2563,2651,3439,722,713,340,0,0,0,5214,0,ITF,ITF3,15,Campania,Campania,5801692,13153,0.23,0.09
787,2021-04-02,CAM,13798,6638,7160,152,34,9948,82,2747,191,644,12172,1626,ITF,ITF3,15,Campania,Campania,5801692,26951,0.46,0.24
788,2021-02-19,CAM,9556,3557,5999,1663,141,943,161,4455,0,2193,8906,650,ITF,ITF3,15,Campania,Campania,5801692,36507,0.63,0.16
789,2021-01-11,CAM,4072,1871,2201,2386,681,753,252,0,0,0,4072,0,ITF,ITF3,15,Campania,Campania,5801692,40579,0.7,0.07
790,2021-02-16,CAM,5435,2410,3025,983,272,836,169,3174,0,1,4664,771,ITF,ITF3,15,Campania,Campania,5801692,46014,0.79,0.09
791,2021-01-25,CAM,5744,2926,2818,4743,644,301,56,0,0,0,164,5580,ITF,ITF3,15,Campania,Campania,5801692,51758,0.89,0.1
792,2021-02-27,CAM,13943,4471,9472,825,285,1280,82,3160,0,8311,12301,1642,ITF,ITF3,15,Campania,Campania,5801692,65701,1.13,0.24
793,2021-02-18,CAM,9079,3811,5268,1752,228,1033,88,5540,0,438,8371,708,ITF,ITF3,15,Campania,Campania,5801692,74780,1.29,0.16
794,2021-02-17,CAM,7388,3210,4178,1013,197,870,38,4908,0,362,6328,1060,ITF,ITF3,15,Campania,Campania,5801692,82168,1.42,0.13
795,2021-02-20,CAM,8565,3079,5486,1023,60,788,145,4582,0,1967,8262,303,ITF,ITF3,15,Campania,Campania,5801692,90733,1.56,0.15
796,2021-02-10,CAM,6904,3413,3491,1945,284,2419,98,2158,0,0,6728,176,ITF,ITF3,15,Campania,Campania,5801692,97637,1.68,0.12
797,2021-01-01,CAM,919,506,413,831,85,3,0,0,0,0,919,0,ITF,ITF3,15,Campania,Campania,5801692,98556,1.7,0.02
798,2021-03-26,CAM,19454,8929,10525,363,36,9425,142,7621,232,1635,15644,3810,ITF,ITF3,15,Campania,Campania,5801692,118010,2.03,0.34
799,2021-02-11,CAM,6279,2705,3574,1862,279,1646,129,2363,0,0,6213,66,ITF,ITF3,15,Campania,Campania,5801692,124289,2.14,0.11
800,2021-01-09,CAM,10566,5024,5542,6759,1256,2282,269,0,0,0,10566,0,ITF,ITF3,15,Campania,Campania,5801692,134855,2.32,0.18
801,2021-01-08,CAM,10456,4969,5487,6715,1147,2382,212,0,0,0,10456,0,ITF,ITF3,15,Campania,Campania,5801692,145311,2.5,0.18
802,2021-02-06,CAM,5341,2665,2676,1990,520,2357,459,15,0,0,2103,3238,ITF,ITF3,15,Campania,Campania,5801692,150652,2.6,0.09
803,2021-01-10,CAM,8165,3736,4429,5179,1010,1879,97,0,0,0,8165,0,ITF,ITF3,15,Campania,Campania,5801692,158817,2.74,0.14
804,2021-03-14,CAM,8506,3722,4784,328,97,666,2,4545,850,2018,4368,4138,ITF,ITF3,15,Campania,Campania,5801692,167323,2.88,0.15
805,2021-02-14,CAM,3924,1921,2003,626,84,736,15,2463,0,0,3890,34,ITF,ITF3,15,Campania,Campania,5801692,171247,2.95,0.07
806,2021-01-18,CAM,957,399,558,576,93,101,187,0,0,0,713,244,ITF,ITF3,15,Campania,Campania,5801692,172204,2.97,0.02
807,2021-03-13,CAM,14255,6793,7462,404,82,1879,193,6614,1397,3686,8970,5285,ITF,ITF3,15,Campania,Campania,5801692,186459,3.21,0.25
808,2021-02-22,CAM,10661,3291,7370,544,46,492,141,3896,0,5542,10398,263,ITF,ITF3,15,Campania,Campania,5801692,197120,3.4,0.18
809,2021-01-06,CAM,7652,3749,3903,5781,838,733,300,0,0,0,7652,0,ITF,ITF3,15,Campania,Campania,5801692,204772,3.53,0.13
810,2021-03-16,CAM,8087,3519,4568,289,53,679,60,6869,23,114,3772,4315,ITF,ITF3,15,Campania,Campania,5801692,212859,3.67,0.14
811,2021-04-03,CAM,21129,10319,10810,203,46,15487,186,4490,159,558,18756,2373,ITF,ITF3,15,Campania,Campania,5801692,233988,4.03,0.36
812,2021-02-05,CAM,7261,3463,3798,3447,995,2502,308,9,0,0,2132,5129,ITF,ITF3,15,Campania,Campania,5801692,241249,4.16,0.13
813,2021-01-05,CAM,7237,3638,3599,5810,923,398,106,0,0,0,7237,0,ITF,ITF3,15,Campania,Campania,5801692,248486,4.28,0.12
814,2020-12-27,CAM,720,422,298,703,14,3,0,0,0,0,720,0,ITF,ITF3,15,Campania,Campania,5801692,249206,4.3,0.01
815,2021-03-12,CAM,14245,7094,7151,1022,151,2028,82,6592,1569,2801,8164,6081,ITF,ITF3,15,Campania,Campania,5801692,263451,4.54,0.25
816,2021-01-16,CAM,3369,1675,1694,1355,230,1411,373,0,0,0,3369,0,ITF,ITF3,15,Campania,Campania,5801692,266820,4.6,0.06
817,2021-01-30,CAM,10721,5079,5642,6930,1278,2286,227,0,0,0,39,10682,ITF,ITF3,15,Campania,Campania,5801692,277541,4.78,0.18
818,2021-03-20,CAM,13895,6433,7462,295,35,3812,35,6510,324,2884,10156,3739,ITF,ITF3,15,Campania,Campania,5801692,291436,5.02,0.24
819,2021-02-15,CAM,5469,2515,2954,987,220,771,94,3395,1,1,5296,173,ITF,ITF3,15,Campania,Campania,5801692,296905,5.12,0.09
820,2021-02-09,CAM,4643,2202,2441,1148,178,1973,6,1338,0,0,4391,252,ITF,ITF3,15,Campania,Campania,5801692,301548,5.2,0.08
821,2021-02-07,CAM,2929,1382,1547,706,189,1519,225,290,0,0,2158,771,ITF,ITF3,15,Campania,Campania,5801692,304477,5.25,0.05
822,2021-01-28,CAM,8833,4122,4711,6216,1094,1176,347,0,0,0,135,8698,ITF,ITF3,15,Campania,Campania,5801692,313310,5.4,0.15
823,2021-01-19,CAM,1095,474,621,534,129,261,171,0,0,0,1092,3,ITF,ITF3,15,Campania,Campania,5801692,314405,5.42,0.02
824,2021-03-11,CAM,17573,8666,8907,1048,254,3013,105,8933,1384,2836,10297,7276,ITF,ITF3,15,Campania,Campania,5801692,331978,5.72,0.3
825,2021-02-02,CAM,5722,2804,2918,3640,828,900,354,0,0,0,443,5279,ITF,ITF3,15,Campania,Campania,5801692,337700,5.82,0.1
826,2021-01-21,CAM,2093,1116,977,1379,153,486,75,0,0,0,677,1416,ITF,ITF3,15,Campania,Campania,5801692,339793,5.86,0.04
827,2021-03-29,CAM,18951,9134,9817,362,49,12016,128,5040,153,1203,17407,1544,ITF,ITF3,15,Campania,Campania,5801692,358744,6.18,0.33
828,2021-03-06,CAM,16297,6747,9550,993,132,1359,172,7128,1027,5486,10630,5667,ITF,ITF3,15,Campania,Campania,5801692,375041,6.46,0.28
829,2021-03-21,CAM,9979,4592,5387,168,27,4971,17,2933,188,1675,7590,2389,ITF,ITF3,15,Campania,Campania,5801692,385020,6.64,0.17
830,2021-03-10,CAM,15240,7374,7866,704,240,2311,26,8433,1058,2468,8411,6829,ITF,ITF3,15,Campania,Campania,5801692,400260,6.9,0.26
831,2021-03-08,CAM,14536,6715,7821,888,245,2179,70,4863,1334,4957,9760,4776,ITF,ITF3,15,Campania,Campania,5801692,414796,7.15,0.25
832,2021-02-23,CAM,10988,3383,7605,520,85,401,289,3755,0,5938,10462,526,ITF,ITF3,15,Campania,Campania,5801692,425784,7.34,0.19
833,2021-03-03,CAM,13918,5494,8424,2088,234,2459,156,4746,3,4232,7289,6629,ITF,ITF3,15,Campania,Campania,5801692,439702,7.58,0.24
834,2020-12-31,CAM,1490,811,679,1273,150,66,1,0,0,0,1490,0,ITF,ITF3,15,Campania,Campania,5801692,441192,7.6,0.03
835,2021-03-19,CAM,11029,4867,6162,392,67,1215,21,8437,44,853,7160,3869,ITF,ITF3,15,Campania,Campania,5801692,452221,7.79,0.19
836,2021-03-28,CAM,15547,7496,8051,79,155,9389,18,5103,124,679,13924,1623,ITF,ITF3,15,Campania,Campania,5801692,467768,8.06,0.27
837,2021-01-29,CAM,10052,4812,5240,6405,1052,2336,259,0,0,0,47,10005,ITF,ITF3,15,Campania,Campania,5801692,477820,8.24,0.17
838,2021-03-02,CAM,12745,4550,8195,1294,193,1978,147,3232,2,5899,8401,4344,ITF,ITF3,15,Campania,Campania,5801692,490565,8.46,0.22
839,2021-03-31,CAM,22705,10904,11801,359,35,15750,114,5149,134,1164,19226,3479,ITF,ITF3,15,Campania,Campania,5801692,513270,8.85,0.39
840,2021-03-22,CAM,12744,5921,6823,309,755,5169,71,3500,469,2471,10706,2038,ITF,ITF3,15,Campania,Campania,5801692,526014,9.07,0.22
841,2021-01-23,CAM,3838,2028,1810,3161,343,265,69,0,0,0,273,3565,ITF,ITF3,15,Campania,Campania,5801692,529852,9.13,0.07
842,2021-03-17,CAM,11584,5095,6489,490,123,747,49,10005,33,137,5005,6579,ITF,ITF3,15,Campania,Campania,5801692,541436,9.33,0.2
843,2021-01-04,CAM,5826,2963,2863,4850,679,297,0,0,0,0,5826,0,ITF,ITF3,15,Campania,Campania,5801692,547262,9.43,0.1
844,2021-01-15,CAM,4980,2381,2599,2740,832,1217,191,0,0,0,4980,0,ITF,ITF3,15,Campania,Campania,5801692,552242,9.52,0.09
845,2021-03-15,CAM,12899,6079,6820,800,131,2535,82,6279,511,2561,8198,4701,ITF,ITF3,15,Campania,Campania,5801692,565141,9.74,0.22
846,2021-02-03,CAM,8902,4002,4900,4736,1101,2350,714,1,0,0,878,8024,ITF,ITF3,15,Campania,Campania,5801692,574043,9.89,0.15
847,2021-03-18,CAM,12164,5376,6788,460,76,1097,34,9962,76,459,5975,6189,ITF,ITF3,15,Campania,Campania,5801692,586207,10.1,0.21
848,2021-03-05,CAM,16473,6346,10127,1681,224,2364,64,6349,4,5787,9814,6659,ITF,ITF3,15,Campania,Campania,5801692,602680,10.39,0.28
849,2021-02-26,CAM,13327,4228,9099,951,125,798,220,3403,1,7829,11992,1335,ITF,ITF3,15,Campania,Campania,5801692,616007,10.62,0.23
850,2021-01-07,CAM,8910,4166,4744,6313,1087,1178,332,0,0,0,8910,0,ITF,ITF3,15,Campania,Campania,5801692,624917,10.77,0.15
851,2021-02-24,CAM,11763,4143,7620,845,192,436,141,5960,0,4189,11075,688,ITF,ITF3,15,Campania,Campania,5801692,636680,10.97,0.2
852,2021-04-06,CAM,16082,7585,8497,214,46,10340,116,4083,81,1202,12354,3728,ITF,ITF3,15,Campania,Campania,5801692,652762,11.25,0.28
853,2021-02-28,CAM,10411,3206,7205,496,113,2047,22,2237,0,5496,8511,1900,ITF,ITF3,15,Campania,Campania,5801692,663173,11.43,0.18
854,2021-01-17,CAM,1155,551,604,718,54,232,151,0,0,0,702,453,ITF,ITF3,15,Campania,Campania,5801692,664328,11.45,0.02
855,2021-02-21,CAM,5833,2239,3594,780,44,609,22,3870,0,508,5608,225,ITF,ITF3,15,Campania,Campania,5801692,670161,11.55,0.1
856,2021-03-27,CAM,21234,10016,11218,356,35,11581,63,7097,146,1956,17371,3863,ITF,ITF3,15,Campania,Campania,5801692,691395,11.92,0.37
857,2021-03-30,CAM,21671,10258,11413,278,45,13530,165,5648,170,1835,18716,2955,ITF,ITF3,15,Campania,Campania,5801692,713066,12.29,0.37
858,2021-02-01,CAM,3985,1813,2172,2504,656,673,152,0,0,0,110,3875,ITF,ITF3,15,Campania,Campania,5801692,717051,12.36,0.07
859,2021-01-02,CAM,3673,1962,1711,3167,340,166,0,0,0,0,3673,0,ITF,ITF3,15,Campania,Campania,5801692,720724,12.42,0.06
860,2021-01-20,CAM,1257,650,607,395,146,615,101,0,0,0,1257,0,ITF,ITF3,15,Campania,Campania,5801692,721981,12.44,0.02
861,2021-01-27,CAM,7737,3820,3917,5838,875,754,270,0,0,0,162,7575,ITF,ITF3,15,Campania,Campania,5801692,729718,12.58,0.13
862,2021-03-09,CAM,13839,6619,7220,797,266,2762,184,4495,1148,4187,10058,3781,ITF,ITF3,15,Campania,Campania,5801692,743557,12.82,0.24
863,2021-04-05,CAM,11629,5536,6093,141,19,8112,6,2873,46,432,9217,2412,ITF,ITF3,15,Campania,Campania,5801692,755186,13.02,0.2
864,2021-01-13,CAM,8019,3665,4354,4350,1031,2051,587,0,0,0,8019,0,ITF,ITF3,15,Campania,Campania,5801692,763205,13.15,0.14
865,2021-01-03,CAM,3837,2009,1828,3191,401,245,0,0,0,0,3837,0,ITF,ITF3,15,Campania,Campania,5801692,767042,13.22,0.07
866,2021-03-01,CAM,12122,4245,7877,1153,306,1665,147,3065,0,5786,8011,4111,ITF,ITF3,15,Campania,Campania,5801692,779164,13.43,0.21
867,2021-02-04,CAM,7943,3429,4514,3965,1245,2440,292,1,0,0,1308,6635,ITF,ITF3,15,Campania,Campania,5801692,787107,13.57,0.14
868,2021-03-04,CAM,14648,5348,9300,1901,289,1923,136,5562,1,4836,8755,5893,ITF,ITF3,15,Campania,Campania,5801692,801755,13.82,0.25
869,2021-03-07,CAM,11911,5344,6567,533,109,1302,85,4019,1512,4351,8070,3841,ITF,ITF3,15,Campania,Campania,5801692,813666,14.02,0.21
870,2021-03-24,CAM,17618,8081,9537,410,71,7675,70,6718,232,2442,14667,2951,ITF,ITF3,15,Campania,Campania,5801692,831284,14.33,0.3
871,2021-01-24,CAM,4128,2123,2005,3140,410,412,166,0,0,0,383,3745,ITF,ITF3,15,Campania,Campania,5801692,835412,14.4,0.07
872,2021-03-25,CAM,19994,9339,10655,308,38,9538,8,7448,170,2484,16491,3503,ITF,ITF3,15,Campania,Campania,5801692,855406,14.74,0.34
873,2021-03-23,CAM,15334,7058,8276,359,488,6023,181,4730,260,3293,12829,2505,ITF,ITF3,15,Campania,Campania,5801692,870740,15.01,0.26
874,2021-02-08,CAM,5112,2449,2663,1387,320,1801,226,1378,0,0,4310,802,ITF,ITF3,15,Campania,Campania,5801692,875852,15.1,0.09
875,2021-04-01,CAM,24257,11647,12610,417,50,14876,83,7000,206,1625,20165,4092,ITF,ITF3,15,Campania,Campania,5801692,900109,15.51,0.42
876,2021-01-26,CAM,7340,3726,3614,5775,847,487,231,0,0,0,352,6988,ITF,ITF3,15,Campania,Campania,5801692,907449,15.64,0.13
877,2021-02-13,CAM,5509,2550,2959,960,99,701,131,3616,0,2,5292,217,ITF,ITF3,15,Campania,Campania,5801692,912958,15.74,0.09
878,2021-01-14,CAM,7073,2977,4096,3707,1264,1752,350,0,0,0,7073,0,ITF,ITF3,15,Campania,Campania,5801692,920031,15.86,0.12
879,2021-02-25,CAM,12422,4479,7943,803,119,907,124,5664,0,4805,11234,1188,ITF,ITF3,15,Campania,Campania,5801692,932453,16.07,0.21
880,2021-01-22,CAM,1523,775,748,970,120,224,209,0,0,0,673,850,ITF,ITF3,15,Campania,Campania,5801692,933976,16.1,0.03
881,2021-02-12,CAM,6529,2861,3668,1886,262,1111,208,3058,0,4,6343,186,ITF,ITF3,15,Campania,Campania,5801692,940505,16.21,0.11
882,2021-01-31,CAM,8066,3711,4355,5106,1012,1881,67,0,0,0,23,8043,ITF,ITF3,15,Campania,Campania,5801692,948571,16.35,0.14
883,2021-01-17,EMR,2890,887,2003,1914,278,147,547,0,0,4,2644,246,ITH,ITH5,8,Emilia-Romagna,Emilia-Romagna,4459477,2890,0.06,0.06
884,2020-12-31,EMR,2204,776,1428,1675,31,171,327,0,0,0,2204,0,ITH,ITH5,8,Emilia-Romagna,Emilia-Romagna,4459477,5094,0.11,0.05
885,2021-03-19,EMR,14044,5948,8096,1092,281,2133,116,9892,196,334,6653,7391,ITH,ITH5,8,Emilia-Romagna,Emilia-Romagna,4459477,19138,0.43,0.31
886,2021-02-08,EMR,5185,1519,3666,2827,378,315,1478,186,0,1,2290,2895,ITH,ITH5,8,Emilia-Romagna,Emilia-Romagna,4459477,24323,0.55,0.12
887,2021-01-06,EMR,8263,2942,5321,6851,169,592,650,0,1,0,8263,0,ITH,ITH5,8,Emilia-Romagna,Emilia-Romagna,4459477,32586,0.73,0.19
888,2021-01-31,EMR,7693,2758,4935,6173,806,453,261,0,0,0,242,7451,ITH,ITH5,8,Emilia-Romagna,Emilia-Romagna,4459477,40279,0.9,0.17
889,2021-03-14,EMR,8493,3630,4863,701,172,770,69,5493,362,926,4718,3775,ITH,ITH5,8,Emilia-Romagna,Emilia-Romagna,4459477,48772,1.09,0.19
890,2021-04-03,EMR,13783,6155,7628,313,64,6444,5,6576,0,381,11312,2471,ITH,ITH5,8,Emilia-Romagna,Emilia-Romagna,4459477,62555,1.4,0.31
891,2021-02-25,EMR,9162,3477,5685,794,134,374,140,7625,0,95,8207,955,ITH,ITH5,8,Emilia-Romagna,Emilia-Romagna,4459477,71717,1.61,0.21
892,2021-03-17,EMR,13486,5594,7892,351,116,1259,64,11676,1,19,5754,7732,ITH,ITH5,8,Emilia-Romagna,Emilia-Romagna,4459477,85203,1.91,0.3
893,2021-03-15,EMR,12750,5757,6993,792,181,1109,168,9079,893,528,6328,6422,ITH,ITH5,8,Emilia-Romagna,Emilia-Romagna,4459477,97953,2.2,0.29
894,2021-03-29,EMR,20529,9224,11305,578,141,10074,47,9044,64,581,16093,4436,ITH,ITH5,8,Emilia-Romagna,Emilia-Romagna,4459477,118482,2.66,0.46
895,2021-02-26,EMR,7663,2903,4760,1012,293,338,230,5478,0,312,6625,1038,ITH,ITH5,8,Emilia-Romagna,Emilia-Romagna,4459477,126145,2.83,0.17
896,2021-03-21,EMR,11431,4957,6474,566,291,3702,106,6089,91,586,6833,4598,ITH,ITH5,8,Emilia-Romagna,Emilia-Romagna,4459477,137576,3.09,0.26
897,2021-01-13,EMR,9062,2938,6124,6005,435,877,1744,0,0,1,9062,0,ITH,ITH5,8,Emilia-Romagna,Emilia-Romagna,4459477,146638,3.29,0.2
898,2021-02-06,EMR,7528,2379,5149,5360,480,466,1172,50,0,0,2122,5406,ITH,ITH5,8,Emilia-Romagna,Emilia-Romagna,4459477,154166,3.46,0.17
899,2021-03-28,EMR,11689,5190,6499,269,74,6455,47,4355,166,323,8505,3184,ITH,ITH5,8,Emilia-Romagna,Emilia-Romagna,4459477,165855,3.72,0.26
900,2021-02-02,EMR,9432,3031,6401,6231,729,761,1630,80,0,1,496,8936,ITH,ITH5,8,Emilia-Romagna,Emilia-Romagna,4459477,175287,3.93,0.21
901,2021-01-26,EMR,8325,3000,5325,6600,228,465,1032,0,0,0,217,8108,ITH,ITH5,8,Emilia-Romagna,Emilia-Romagna,4459477,183612,4.12,0.19
902,2021-02-04,EMR,9906,3193,6713,6428,824,862,1674,118,0,0,1240,8666,ITH,ITH5,8,Emilia-Romagna,Emilia-Romagna,4459477,193518,4.34,0.22
903,2021-02-22,EMR,7462,3080,4382,386,84,134,129,6729,0,0,7199,263,ITH,ITH5,8,Emilia-Romagna,Emilia-Romagna,4459477,200980,4.51,0.17
904,2021-03-23,EMR,17910,7625,10285,1114,283,5955,184,8932,93,1349,11423,6487,ITH,ITH5,8,Emilia-Romagna,Emilia-Romagna,4459477,218890,4.91,0.4
905,2021-04-02,EMR,16196,7394,8802,487,94,7736,69,6880,27,903,13263,2933,ITH,ITH5,8,Emilia-Romagna,Emilia-Romagna,4459477,235086,5.27,0.36
906,2021-01-24,EMR,2442,884,1558,2079,51,63,249,0,0,0,299,2143,ITH,ITH5,8,Emilia-Romagna,Emilia-Romagna,4459477,237528,5.33,0.05
907,2021-03-04,EMR,16339,5320,11019,2600,482,717,239,6358,511,5432,13351,2988,ITH,ITH5,8,Emilia-Romagna,Emilia-Romagna,4459477,253867,5.69,0.37
908,2021-03-22,EMR,16769,7203,9566,1126,318,5044,123,9452,106,600,9940,6829,ITH,ITH5,8,Emilia-Romagna,Emilia-Romagna,4459477,270636,6.07,0.38
909,2021-03-05,EMR,17559,5715,11844,3064,620,874,254,6278,531,5938,14163,3396,ITH,ITH5,8,Emilia-Romagna,Emilia-Romagna,4459477,288195,6.46,0.39
910,2021-01-30,EMR,10037,3508,6529,7562,715,991,769,0,0,0,142,9895,ITH,ITH5,8,Emilia-Romagna,Emilia-Romagna,4459477,298232,6.69,0.23
911,2021-02-19,EMR,7293,3002,4291,818,187,181,257,5850,0,0,6790,503,ITH,ITH5,8,Emilia-Romagna,Emilia-Romagna,4459477,305525,6.85,0.16
912,2021-04-05,EMR,11288,5169,6119,275,36,4775,4,5954,2,242,9015,2273,ITH,ITH5,8,Emilia-Romagna,Emilia-Romagna,4459477,316813,7.1,0.25
913,2021-03-24,EMR,20002,8772,11230,1199,269,6488,118,10170,97,1661,12963,7039,ITH,ITH5,8,Emilia-Romagna,Emilia-Romagna,4459477,336815,7.55,0.45
914,2021-02-13,EMR,3604,1078,2526,2779,239,255,145,186,0,0,3006,598,ITH,ITH5,8,Emilia-Romagna,Emilia-Romagna,4459477,340419,7.63,0.08
915,2021-01-11,EMR,9323,3266,6057,6574,641,841,1267,0,0,0,9323,0,ITH,ITH5,8,Emilia-Romagna,Emilia-Romagna,4459477,349742,7.84,0.21
916,2021-03-08,EMR,11509,4565,6944,2298,390,640,295,4275,1275,2336,8886,2623,ITH,ITH5,8,Emilia-Romagna,Emilia-Romagna,4459477,361251,8.1,0.26
917,2021-01-15,EMR,7699,2393,5306,5297,438,646,1317,0,0,1,7699,0,ITH,ITH5,8,Emilia-Romagna,Emilia-Romagna,4459477,368950,8.27,0.17
918,2021-01-23,EMR,2443,868,1575,1899,4,110,430,0,0,0,441,2002,ITH,ITH5,8,Emilia-Romagna,Emilia-Romagna,4459477,371393,8.33,0.05
919,2021-03-07,EMR,6541,2439,4102,1453,321,420,22,2562,514,1249,5025,1516,ITH,ITH5,8,Emilia-Romagna,Emilia-Romagna,4459477,377934,8.47,0.15
920,2021-03-02,EMR,11656,3829,7827,1934,334,455,224,5308,355,3046,9680,1976,ITH,ITH5,8,Emilia-Romagna,Emilia-Romagna,4459477,389590,8.74,0.26
921,2021-03-13,EMR,15865,6211,9654,1244,157,1151,75,8218,1030,3990,10579,5286,ITH,ITH5,8,Emilia-Romagna,Emilia-Romagna,4459477,405455,9.09,0.36
922,2021-01-14,EMR,8088,2573,5515,5392,497,592,1606,0,1,0,8088,0,ITH,ITH5,8,Emilia-Romagna,Emilia-Romagna,4459477,413543,9.27,0.18
923,2021-02-17,EMR,6533,2761,3772,803,205,1073,404,4048,0,0,5760,773,ITH,ITH5,8,Emilia-Romagna,Emilia-Romagna,4459477,420076,9.42,0.15
924,2021-02-16,EMR,5728,2427,3301,741,240,667,437,3641,2,0,5198,530,ITH,ITH5,8,Emilia-Romagna,Emilia-Romagna,4459477,425804,9.55,0.13
925,2021-03-31,EMR,23654,10359,13295,897,144,9259,55,11945,69,1285,18493,5161,ITH,ITH5,8,Emilia-Romagna,Emilia-Romagna,4459477,449458,10.08,0.53
926,2021-02-18,EMR,7045,2892,4153,893,135,396,236,5385,0,0,6462,583,ITH,ITH5,8,Emilia-Romagna,Emilia-Romagna,4459477,456503,10.24,0.16
927,2021-02-09,EMR,4149,1245,2904,2217,226,241,1198,267,0,0,2304,1845,ITH,ITH5,8,Emilia-Romagna,Emilia-Romagna,4459477,460652,10.33,0.09
928,2021-02-14,EMR,1398,377,1021,858,337,145,39,19,0,0,1278,120,ITH,ITH5,8,Emilia-Romagna,Emilia-Romagna,4459477,462050,10.36,0.03
929,2021-03-30,EMR,17978,7978,10000,587,146,8075,100,7970,63,1037,14246,3732,ITH,ITH5,8,Emilia-Romagna,Emilia-Romagna,4459477,480028,10.76,0.4
930,2021-01-29,EMR,10331,3478,6853,8086,388,840,1017,0,0,0,289,10042,ITH,ITH5,8,Emilia-Romagna,Emilia-Romagna,4459477,490359,11.0,0.23
931,2021-03-10,EMR,18418,7480,10938,1312,218,1031,128,9922,1278,4529,12795,5623,ITH,ITH5,8,Emilia-Romagna,Emilia-Romagna,4459477,508777,11.41,0.41
932,2021-03-06,EMR,20406,5833,14573,2671,269,718,40,5864,517,10327,17715,2691,ITH,ITH5,8,Emilia-Romagna,Emilia-Romagna,4459477,529183,11.87,0.46
933,2021-03-16,EMR,12029,4917,7112,409,67,644,97,10683,6,123,4794,7235,ITH,ITH5,8,Emilia-Romagna,Emilia-Romagna,4459477,541212,12.14,0.27
934,2021-01-22,EMR,1827,477,1350,941,25,139,722,0,0,0,1088,739,ITH,ITH5,8,Emilia-Romagna,Emilia-Romagna,4459477,543039,12.18,0.04
935,2021-04-01,EMR,22185,10043,12142,780,92,9430,62,10819,31,971,17931,4254,ITH,ITH5,8,Emilia-Romagna,Emilia-Romagna,4459477,565224,12.67,0.5
936,2021-01-19,EMR,2033,500,1533,745,84,51,1153,0,0,0,2016,17,ITH,ITH5,8,Emilia-Romagna,Emilia-Romagna,4459477,567257,12.72,0.05
937,2021-01-18,EMR,3125,879,2246,1681,102,214,1128,0,0,0,2448,677,ITH,ITH5,8,Emilia-Romagna,Emilia-Romagna,4459477,570382,12.79,0.07
938,2021-02-11,EMR,4244,1414,2830,2528,350,300,719,345,0,2,3406,838,ITH,ITH5,8,Emilia-Romagna,Emilia-Romagna,4459477,574626,12.89,0.1
939,2021-02-27,EMR,10946,3989,6957,1721,178,321,114,7672,0,940,9213,1733,ITH,ITH5,8,Emilia-Romagna,Emilia-Romagna,4459477,585572,13.13,0.25
940,2021-02-12,EMR,5308,1676,3632,3390,458,451,704,305,0,0,3907,1401,ITH,ITH5,8,Emilia-Romagna,Emilia-Romagna,4459477,590880,13.25,0.12
941,2021-03-01,EMR,10000,3549,6451,1820,265,332,433,5588,309,1253,7759,2241,ITH,ITH5,8,Emilia-Romagna,Emilia-Romagna,4459477,600880,13.47,0.22
942,2021-01-04,EMR,7258,2510,4748,6165,123,393,577,0,0,0,7258,0,ITH,ITH5,8,Emilia-Romagna,Emilia-Romagna,4459477,608138,13.64,0.16
943,2021-03-12,EMR,17817,7372,10445,1578,361,1475,289,9832,1258,3024,11137,6680,ITH,ITH5,8,Emilia-Romagna,Emilia-Romagna,4459477,625955,14.04,0.4
944,2021-04-04,EMR,7923,3825,4098,185,87,4222,0,3372,0,57,6131,1792,ITH,ITH5,8,Emilia-Romagna,Emilia-Romagna,4459477,633878,14.21,0.18
945,2021-01-07,EMR,10208,3381,6827,8181,287,672,1068,0,0,0,10208,0,ITH,ITH5,8,Emilia-Romagna,Emilia-Romagna,4459477,644086,14.44,0.23
946,2021-02-23,EMR,8194,3214,4980,407,79,238,113,7356,0,1,7809,385,ITH,ITH5,8,Emilia-Romagna,Emilia-Romagna,4459477,652280,14.63,0.18
947,2021-03-18,EMR,13432,5691,7741,452,120,2061,67,10683,1,48,5613,7819,ITH,ITH5,8,Emilia-Romagna,Emilia-Romagna,4459477,665712,14.93,0.3
948,2021-01-09,EMR,9874,3425,6449,7824,555,614,881,0,0,0,9874,0,ITH,ITH5,8,Emilia-Romagna,Emilia-Romagna,4459477,675586,15.15,0.22
949,2021-01-08,EMR,10808,3556,7252,8454,423,851,1080,0,0,0,10808,0,ITH,ITH5,8,Emilia-Romagna,Emilia-Romagna,4459477,686394,15.39,0.24
950,2021-02-24,EMR,9271,3542,5729,639,87,495,220,7767,0,63,8412,859,ITH,ITH5,8,Emilia-Romagna,Emilia-Romagna,4459477,695665,15.6,0.21
951,2021-03-25,EMR,20191,8748,11443,1096,230,6971,130,9515,204,2045,13470,6721,ITH,ITH5,8,Emilia-Romagna,Emilia-Romagna,4459477,715856,16.05,0.45
952,2021-02-20,EMR,5309,2100,3209,406,92,147,155,4509,0,0,5045,264,ITH,ITH5,8,Emilia-Romagna,Emilia-Romagna,4459477,721165,16.17,0.12
953,2021-02-15,EMR,2890,845,2045,1981,322,141,157,289,0,0,2764,126,ITH,ITH5,8,Emilia-Romagna,Emilia-Romagna,4459477,724055,16.24,0.06
954,2021-02-03,EMR,9270,2973,6297,6228,701,639,1617,85,0,0,953,8317,ITH,ITH5,8,Emilia-Romagna,Emilia-Romagna,4459477,733325,16.44,0.21
955,2021-01-03,EMR,2729,934,1795,2479,12,68,170,0,0,0,2729,0,ITH,ITH5,8,Emilia-Romagna,Emilia-Romagna,4459477,736054,16.51,0.06
956,2021-01-16,EMR,5592,1717,3875,3687,347,446,1108,0,3,1,5592,0,ITH,ITH5,8,Emilia-Romagna,Emilia-Romagna,4459477,741646,16.63,0.13
957,2021-02-10,EMR,3929,1351,2578,2330,215,359,769,256,0,0,2735,1194,ITH,ITH5,8,Emilia-Romagna,Emilia-Romagna,4459477,745575,16.72,0.09
958,2021-01-27,EMR,8318,2935,5383,6888,224,551,654,0,1,0,463,7855,ITH,ITH5,8,Emilia-Romagna,Emilia-Romagna,4459477,753893,16.91,0.19
959,2021-03-27,EMR,21137,8869,12268,747,233,8410,41,9259,114,2333,14390,6747,ITH,ITH5,8,Emilia-Romagna,Emilia-Romagna,4459477,775030,17.38,0.47
960,2021-03-09,EMR,14357,5782,8575,1022,240,704,180,7570,1078,3563,10418,3939,ITH,ITH5,8,Emilia-Romagna,Emilia-Romagna,4459477,789387,17.7,0.32
961,2021-01-02,EMR,2347,903,1444,2071,1,78,197,0,0,0,2347,0,ITH,ITH5,8,Emilia-Romagna,Emilia-Romagna,4459477,791734,17.75,0.05
962,2021-01-20,EMR,1321,269,1052,391,111,32,787,0,0,0,1320,1,ITH,ITH5,8,Emilia-Romagna,Emilia-Romagna,4459477,793055,17.78,0.03
963,2020-12-27,EMR,968,372,596,824,1,117,26,0,0,0,968,0,ITH,ITH5,8,Emilia-Romagna,Emilia-Romagna,4459477,794023,17.81,0.02
964,2021-03-20,EMR,15484,6456,9028,697,255,4125,93,9252,231,831,8574,6910,ITH,ITH5,8,Emilia-Romagna,Emilia-Romagna,4459477,809507,18.15,0.35
965,2021-02-07,EMR,4786,1534,3252,3685,384,260,444,10,0,3,1727,3059,ITH,ITH5,8,Emilia-Romagna,Emilia-Romagna,4459477,814293,18.26,0.11
966,2021-04-06,EMR,11945,5470,6475,314,54,5682,36,5756,3,100,10093,1852,ITH,ITH5,8,Emilia-Romagna,Emilia-Romagna,4459477,826238,18.53,0.27
967,2021-01-25,EMR,6413,2128,4285,5231,124,380,678,0,0,0,221,6192,ITH,ITH5,8,Emilia-Romagna,Emilia-Romagna,4459477,832651,18.67,0.14
968,2021-01-21,EMR,2151,725,1426,1282,97,119,653,0,0,0,809,1342,ITH,ITH5,8,Emilia-Romagna,Emilia-Romagna,4459477,834802,18.72,0.05
969,2021-02-05,EMR,9293,2959,6334,6211,628,659,1607,187,0,1,1625,7668,ITH,ITH5,8,Emilia-Romagna,Emilia-Romagna,4459477,844095,18.93,0.21
970,2021-01-05,EMR,9324,3163,6161,7924,280,355,765,0,0,0,9324,0,ITH,ITH5,8,Emilia-Romagna,Emilia-Romagna,4459477,853419,19.14,0.21
971,2021-03-11,EMR,16995,6967,10028,1132,294,1457,274,8805,1219,3814,11171,5824,ITH,ITH5,8,Emilia-Romagna,Emilia-Romagna,4459477,870414,19.52,0.38
972,2021-02-01,EMR,10289,3596,6693,7446,787,797,1259,0,0,0,365,9924,ITH,ITH5,8,Emilia-Romagna,Emilia-Romagna,4459477,880703,19.75,0.23
973,2021-01-10,EMR,7126,2663,4463,5643,652,325,499,6,0,1,7126,0,ITH,ITH5,8,Emilia-Romagna,Emilia-Romagna,4459477,887829,19.91,0.16
974,2021-01-12,EMR,9315,3086,6229,6351,593,740,1631,0,0,0,9315,0,ITH,ITH5,8,Emilia-Romagna,Emilia-Romagna,4459477,897144,20.12,0.21
975,2021-02-21,EMR,4406,1693,2713,394,82,187,190,3553,0,0,3969,437,ITH,ITH5,8,Emilia-Romagna,Emilia-Romagna,4459477,901550,20.22,0.1
976,2021-02-28,EMR,6816,2526,4290,1774,223,236,53,4222,4,304,4971,1845,ITH,ITH5,8,Emilia-Romagna,Emilia-Romagna,4459477,908366,20.37,0.15
977,2021-03-26,EMR,22650,9583,13067,1318,304,9110,192,9027,105,2594,16573,6077,ITH,ITH5,8,Emilia-Romagna,Emilia-Romagna,4459477,931016,20.88,0.51
978,2021-01-28,EMR,10223,3333,6890,8071,288,742,1122,0,0,0,349,9874,ITH,ITH5,8,Emilia-Romagna,Emilia-Romagna,4459477,941239,21.11,0.23
979,2021-03-03,EMR,15696,5192,10504,2529,346,740,141,6799,340,4801,13253,2443,ITH,ITH5,8,Emilia-Romagna,Emilia-Romagna,4459477,956935,21.46,0.35
980,2021-01-07,LIG,3166,1077,2089,2314,144,275,428,0,1,4,3166,0,ITC,ITC3,7,Liguria,Liguria,1550640,3166,0.2,0.2
981,2021-01-08,LIG,2927,999,1928,2085,167,239,431,0,1,4,2927,0,ITC,ITC3,7,Liguria,Liguria,1550640,6093,0.39,0.19
982,2021-02-23,LIG,3803,1559,2244,686,79,192,116,2727,2,1,3694,109,ITC,ITC3,7,Liguria,Liguria,1550640,9896,0.64,0.25
983,2021-01-28,LIG,2840,969,1871,2238,182,105,309,0,1,5,39,2801,ITC,ITC3,7,Liguria,Liguria,1550640,12736,0.82,0.18
984,2021-01-14,LIG,2979,1055,1924,1869,336,220,553,0,0,1,2979,0,ITC,ITC3,7,Liguria,Liguria,1550640,15715,1.01,0.19
985,2021-01-09,LIG,1335,481,854,998,73,74,188,0,0,2,1335,0,ITC,ITC3,7,Liguria,Liguria,1550640,17050,1.1,0.09
986,2021-02-19,LIG,3095,1279,1816,989,123,469,97,1414,0,3,2919,176,ITC,ITC3,7,Liguria,Liguria,1550640,20145,1.3,0.2
987,2021-01-02,LIG,691,245,446,595,54,42,0,0,0,0,691,0,ITC,ITC3,7,Liguria,Liguria,1550640,20836,1.34,0.04
988,2021-01-11,LIG,2652,990,1662,1990,143,202,316,0,0,1,2652,0,ITC,ITC3,7,Liguria,Liguria,1550640,23488,1.51,0.17
989,2021-02-26,LIG,3760,1521,2239,781,127,97,168,2585,0,2,3433,327,ITC,ITC3,7,Liguria,Liguria,1550640,27248,1.76,0.24
990,2021-02-13,LIG,1079,508,571,543,77,58,147,254,0,0,800,279,ITC,ITC3,7,Liguria,Liguria,1550640,28327,1.83,0.07
991,2021-03-03,LIG,4548,1825,2723,1029,118,127,288,2978,3,5,3555,993,ITC,ITC3,7,Liguria,Liguria,1550640,32875,2.12,0.29
992,2021-01-31,LIG,624,270,354,418,67,4,135,0,0,0,9,615,ITC,ITC3,7,Liguria,Liguria,1550640,33499,2.16,0.04
993,2021-03-26,LIG,9090,3840,5250,603,180,2750,65,3879,316,1297,5936,3154,ITC,ITC3,7,Liguria,Liguria,1550640,42589,2.75,0.59
994,2020-12-29,LIG,125,33,92,93,11,0,21,0,0,0,125,0,ITC,ITC3,7,Liguria,Liguria,1550640,42714,2.75,0.01
995,2021-01-13,LIG,2753,1012,1741,1912,226,124,487,0,0,4,2753,0,ITC,ITC3,7,Liguria,Liguria,1550640,45467,2.93,0.18
996,2021-01-30,LIG,1661,567,1094,1261,88,53,257,0,0,2,25,1636,ITC,ITC3,7,Liguria,Liguria,1550640,47128,3.04,0.11
997,2021-02-06,LIG,1891,767,1124,1309,161,45,375,0,0,1,145,1746,ITC,ITC3,7,Liguria,Liguria,1550640,49019,3.16,0.12
998,2021-01-21,LIG,1102,385,717,584,69,116,332,1,0,0,672,430,ITC,ITC3,7,Liguria,Liguria,1550640,50121,3.23,0.07
999,2021-01-05,LIG,2877,895,1982,2306,107,196,261,0,0,7,2877,0,ITC,ITC3,7,Liguria,Liguria,1550640,52998,3.42,0.19
1000,2021-04-01,LIG,11779,5211,6568,423,63,6443,134,3661,137,918,9022,2757,ITC,ITC3,7,Liguria,Liguria,1550640,64777,4.18,0.76
1001,2021-03-12,LIG,5997,2766,3231,1194,209,712,78,3363,437,4,3556,2441,ITC,ITC3,7,Liguria,Liguria,1550640,70774,4.56,0.39
1002,2021-01-16,LIG,1278,557,721,753,62,163,299,0,0,1,1278,0,ITC,ITC3,7,Liguria,Liguria,1550640,72052,4.65,0.08
1003,2021-04-02,LIG,11144,4866,6278,429,117,5980,20,3599,102,897,8673,2471,ITC,ITC3,7,Liguria,Liguria,1550640,83196,5.37,0.72
1004,2021-04-04,LIG,642,312,330,30,0,391,0,221,0,0,507,135,ITC,ITC3,7,Liguria,Liguria,1550640,83838,5.41,0.04
1005,2021-02-11,LIG,1961,761,1200,1240,126,133,456,0,0,6,1091,870,ITC,ITC3,7,Liguria,Liguria,1550640,85799,5.53,0.13
1006,2021-02-20,LIG,1334,636,698,159,28,436,122,589,0,0,1333,1,ITC,ITC3,7,Liguria,Liguria,1550640,87133,5.62,0.09
1007,2021-03-22,LIG,7365,3277,4088,576,115,1615,82,3822,281,874,4524,2841,ITC,ITC3,7,Liguria,Liguria,1550640,94498,6.09,0.47
1008,2021-03-17,LIG,5510,2352,3158,774,112,286,76,4254,2,6,2452,3058,ITC,ITC3,7,Liguria,Liguria,1550640,100008,6.45,0.36
1009,2021-01-12,LIG,2459,885,1574,1749,174,95,439,0,0,2,2459,0,ITC,ITC3,7,Liguria,Liguria,1550640,102467,6.61,0.16
1010,2021-03-29,LIG,10332,4464,5868,462,126,4664,109,3906,182,883,7208,3124,ITC,ITC3,7,Liguria,Liguria,1550640,112799,7.27,0.67
1011,2021-02-08,LIG,1857,716,1141,1223,200,185,242,0,0,7,306,1551,ITC,ITC3,7,Liguria,Liguria,1550640,114656,7.39,0.12
1012,2021-02-07,LIG,407,153,254,191,12,17,187,0,0,0,2,405,ITC,ITC3,7,Liguria,Liguria,1550640,115063,7.42,0.03
1013,2021-04-05,LIG,3942,1741,2201,190,22,1528,9,2182,1,10,2321,1621,ITC,ITC3,7,Liguria,Liguria,1550640,119005,7.67,0.25
1014,2020-12-31,LIG,988,354,634,750,17,38,155,28,0,0,988,0,ITC,ITC3,7,Liguria,Liguria,1550640,119993,7.74,0.06
1015,2021-03-11,LIG,6202,2980,3222,1142,108,510,260,3681,499,2,4200,2002,ITC,ITC3,7,Liguria,Liguria,1550640,126195,8.14,0.4
1016,2021-01-19,LIG,1359,431,928,712,130,186,328,0,0,3,1269,90,ITC,ITC3,7,Liguria,Liguria,1550640,127554,8.23,0.09
1017,2021-01-03,LIG,734,230,504,658,23,52,0,0,0,1,734,0,ITC,ITC3,7,Liguria,Liguria,1550640,128288,8.27,0.05
1018,2021-02-09,LIG,1899,681,1218,1085,194,143,455,0,0,22,256,1643,ITC,ITC3,7,Liguria,Liguria,1550640,130187,8.4,0.12
1019,2021-02-15,LIG,2259,838,1421,1086,185,82,241,662,1,2,1862,397,ITC,ITC3,7,Liguria,Liguria,1550640,132446,8.54,0.15
1020,2021-01-20,LIG,1548,554,994,726,121,219,480,0,0,2,1536,12,ITC,ITC3,7,Liguria,Liguria,1550640,133994,8.64,0.1
1021,2021-04-03,LIG,4923,2246,2677,116,19,3549,3,1214,3,19,4158,765,ITC,ITC3,7,Liguria,Liguria,1550640,138917,8.96,0.32
1022,2021-03-30,LIG,11570,5101,6469,483,93,5580,106,4286,206,816,8183,3387,ITC,ITC3,7,Liguria,Liguria,1550640,150487,9.7,0.75
1023,2021-03-10,LIG,5754,2780,2974,822,94,699,95,3627,416,1,3851,1903,ITC,ITC3,7,Liguria,Liguria,1550640,156241,10.08,0.37
1024,2021-03-08,LIG,5617,2456,3161,1123,171,363,80,3567,306,7,3933,1684,ITC,ITC3,7,Liguria,Liguria,1550640,161858,10.44,0.36
1025,2021-03-27,LIG,3919,1538,2381,176,22,854,36,2056,69,706,2523,1396,ITC,ITC3,7,Liguria,Liguria,1550640,165777,10.69,0.25
1026,2021-03-19,LIG,5274,2228,3046,731,162,460,137,3680,21,83,2144,3130,ITC,ITC3,7,Liguria,Liguria,1550640,171051,11.03,0.34
1027,2021-01-04,LIG,2614,853,1761,2196,81,158,176,0,0,3,2614,0,ITC,ITC3,7,Liguria,Liguria,1550640,173665,11.2,0.17
1028,2021-03-15,LIG,7291,3071,4220,813,171,1245,106,3773,221,962,4589,2702,ITC,ITC3,7,Liguria,Liguria,1550640,180956,11.67,0.47
1029,2021-02-21,LIG,869,491,378,183,21,296,102,267,0,0,865,4,ITC,ITC3,7,Liguria,Liguria,1550640,181825,11.73,0.06
1030,2021-02-04,LIG,2814,985,1829,1866,376,92,471,0,1,8,179,2635,ITC,ITC3,7,Liguria,Liguria,1550640,184639,11.91,0.18
1031,2021-02-28,LIG,1060,581,479,12,1,570,3,474,0,0,1054,6,ITC,ITC3,7,Liguria,Liguria,1550640,185699,11.98,0.07
1032,2021-01-17,LIG,861,300,561,516,16,66,262,0,0,1,861,0,ITC,ITC3,7,Liguria,Liguria,1550640,186560,12.03,0.06
1033,2021-01-23,LIG,809,295,514,633,94,38,43,0,0,1,153,656,ITC,ITC3,7,Liguria,Liguria,1550640,187369,12.08,0.05
1034,2021-04-06,LIG,4528,1998,2530,136,25,2320,141,1709,36,161,3467,1061,ITC,ITC3,7,Liguria,Liguria,1550640,191897,12.38,0.29
1035,2020-12-30,LIG,12,5,7,12,0,0,0,0,0,0,12,0,ITC,ITC3,7,Liguria,Liguria,1550640,191909,12.38,0.0
1036,2021-03-31,LIG,11230,4924,6306,522,85,5301,83,4196,178,865,8469,2761,ITC,ITC3,7,Liguria,Liguria,1550640,203139,13.1,0.72
1037,2021-03-02,LIG,4073,1688,2385,726,60,126,76,3080,1,4,3763,310,ITC,ITC3,7,Liguria,Liguria,1550640,207212,13.36,0.26
1038,2021-01-15,LIG,2246,752,1494,1324,271,137,512,0,0,2,2246,0,ITC,ITC3,7,Liguria,Liguria,1550640,209458,13.51,0.14
1039,2021-02-02,LIG,2666,1004,1662,1972,195,33,464,0,0,2,198,2468,ITC,ITC3,7,Liguria,Liguria,1550640,212124,13.68,0.17
1040,2021-01-06,LIG,1660,616,1044,1230,40,210,113,64,0,3,1660,0,ITC,ITC3,7,Liguria,Liguria,1550640,213784,13.79,0.11
1041,2021-01-10,LIG,648,262,386,369,84,19,176,0,0,0,648,0,ITC,ITC3,7,Liguria,Liguria,1550640,214432,13.83,0.04
1042,2021-03-04,LIG,4721,2111,2610,920,106,212,276,2921,282,4,3891,830,ITC,ITC3,7,Liguria,Liguria,1550640,219153,14.13,0.3
1043,2021-03-09,LIG,5801,2699,3102,1031,148,501,131,3457,533,0,4376,1425,ITC,ITC3,7,Liguria,Liguria,1550640,224954,14.51,0.37
1044,2021-01-27,LIG,1743,603,1140,1336,89,90,227,0,0,1,142,1601,ITC,ITC3,7,Liguria,Liguria,1550640,226697,14.62,0.11
1045,2021-03-14,LIG,1658,752,906,66,36,345,176,577,27,431,1054,604,ITC,ITC3,7,Liguria,Liguria,1550640,228355,14.73,0.11
1046,2021-03-21,LIG,552,221,331,7,1,19,0,525,0,0,69,483,ITC,ITC3,7,Liguria,Liguria,1550640,228907,14.76,0.04
1047,2021-01-26,LIG,2482,802,1680,1963,152,110,252,0,0,5,13,2469,ITC,ITC3,7,Liguria,Liguria,1550640,231389,14.92,0.16
1048,2021-02-14,LIG,233,122,111,31,0,30,112,60,0,0,233,0,ITC,ITC3,7,Liguria,Liguria,1550640,231622,14.94,0.02
1049,2021-02-27,LIG,1888,921,967,139,13,527,5,1204,0,0,1759,129,ITC,ITC3,7,Liguria,Liguria,1550640,233510,15.06,0.12
1050,2021-01-29,LIG,3042,1058,1984,2299,194,117,430,0,0,2,66,2976,ITC,ITC3,7,Liguria,Liguria,1550640,236552,15.26,0.2
1051,2021-03-01,LIG,3498,1425,2073,528,62,58,105,2744,0,1,3376,122,ITC,ITC3,7,Liguria,Liguria,1550640,240050,15.48,0.23
1052,2021-02-25,LIG,3439,1348,2091,550,91,122,88,2585,2,1,3310,129,ITC,ITC3,7,Liguria,Liguria,1550640,243489,15.7,0.22
1053,2021-01-22,LIG,1813,603,1210,1064,143,41,565,0,0,0,1328,485,ITC,ITC3,7,Liguria,Liguria,1550640,245302,15.82,0.12
1054,2021-03-18,LIG,4980,2126,2854,630,68,493,94,3684,6,5,2016,2964,ITC,ITC3,7,Liguria,Liguria,1550640,250282,16.14,0.32
1055,2021-03-05,LIG,4861,2147,2714,797,65,265,81,3336,312,5,3737,1124,ITC,ITC3,7,Liguria,Liguria,1550640,255143,16.45,0.31
1056,2020-12-28,LIG,80,30,50,77,0,3,0,0,0,0,80,0,ITC,ITC3,7,Liguria,Liguria,1550640,255223,16.46,0.01
1057,2021-03-23,LIG,8675,3921,4754,638,79,2257,56,3919,458,1268,5469,3206,ITC,ITC3,7,Liguria,Liguria,1550640,263898,17.02,0.56
1058,2021-01-24,LIG,755,236,519,632,60,3,60,0,0,0,113,642,ITC,ITC3,7,Liguria,Liguria,1550640,264653,17.07,0.05
1059,2021-03-25,LIG,9376,3997,5379,645,173,2761,170,3673,379,1575,5986,3390,ITC,ITC3,7,Liguria,Liguria,1550640,274029,17.67,0.6
1060,2021-03-24,LIG,8758,3758,5000,522,104,2125,61,4209,401,1336,5471,3287,ITC,ITC3,7,Liguria,Liguria,1550640,282787,18.24,0.56
1061,2021-03-07,LIG,1858,1085,773,184,8,516,258,508,383,1,1557,301,ITC,ITC3,7,Liguria,Liguria,1550640,284645,18.36,0.12
1062,2021-02-18,LIG,2761,1126,1635,958,119,303,349,1030,0,2,2431,330,ITC,ITC3,7,Liguria,Liguria,1550640,287406,18.53,0.18
1063,2021-01-01,LIG,144,55,89,139,4,1,0,0,0,0,144,0,ITC,ITC3,7,Liguria,Liguria,1550640,287550,18.54,0.01
1064,2021-03-13,LIG,3534,1496,2038,330,77,633,71,1513,120,790,2681,853,ITC,ITC3,7,Liguria,Liguria,1550640,291084,18.77,0.23
1065,2021-01-18,LIG,2128,741,1387,1250,182,248,438,0,0,10,1971,157,ITC,ITC3,7,Liguria,Liguria,1550640,293212,18.91,0.14
1066,2021-02-22,LIG,3329,1463,1866,712,100,113,235,2167,0,2,3191,138,ITC,ITC3,7,Liguria,Liguria,1550640,296541,19.12,0.21
1067,2021-03-16,LIG,6024,2696,3328,932,108,410,323,4243,3,5,2307,3717,ITC,ITC3,7,Liguria,Liguria,1550640,302565,19.51,0.39
1068,2021-02-10,LIG,2275,827,1448,1350,233,186,496,5,0,5,1014,1261,ITC,ITC3,7,Liguria,Liguria,1550640,304840,19.66,0.15
1069,2020-12-27,LIG,135,56,79,88,0,2,45,0,0,0,135,0,ITC,ITC3,7,Liguria,Liguria,1550640,304975,19.67,0.01
1070,2021-02-24,LIG,3758,1557,2201,804,92,182,154,2525,0,1,3499,259,ITC,ITC3,7,Liguria,Liguria,1550640,308733,19.91,0.24
1071,2021-02-17,LIG,2623,1165,1458,883,131,231,262,1115,0,1,2260,363,ITC,ITC3,7,Liguria,Liguria,1550640,311356,20.08,0.17
1072,2021-03-06,LIG,3302,1841,1461,377,12,782,120,1537,473,1,2597,705,ITC,ITC3,7,Liguria,Liguria,1550640,314658,20.29,0.21
1073,2021-01-25,LIG,2717,888,1829,2208,128,62,317,0,0,2,471,2246,ITC,ITC3,7,Liguria,Liguria,1550640,317375,20.47,0.18
1074,2021-02-12,LIG,1913,684,1229,866,119,104,393,430,0,1,895,1018,ITC,ITC3,7,Liguria,Liguria,1550640,319288,20.59,0.12
1075,2021-03-20,LIG,2315,995,1320,224,44,183,0,1855,9,0,1141,1174,ITC,ITC3,7,Liguria,Liguria,1550640,321603,20.74,0.15
1076,2021-02-16,LIG,2391,948,1443,981,200,211,283,714,0,2,1998,393,ITC,ITC3,7,Liguria,Liguria,1550640,323994,20.89,0.15
1077,2021-02-03,LIG,2313,790,1523,1624,212,60,416,0,0,1,55,2258,ITC,ITC3,7,Liguria,Liguria,1550640,326307,21.04,0.15
1078,2021-02-05,LIG,2627,974,1653,1727,357,75,464,0,0,4,301,2326,ITC,ITC3,7,Liguria,Liguria,1550640,328934,21.21,0.17
1079,2021-02-01,LIG,2460,907,1553,1919,159,54,327,0,0,1,81,2379,ITC,ITC3,7,Liguria,Liguria,1550640,331394,21.37,0.16
1080,2021-03-28,LIG,1140,509,631,135,91,236,145,532,1,0,389,751,ITC,ITC3,7,Liguria,Liguria,1550640,332534,21.44,0.07
1081,2021-03-15,VEN,16479,7172,9307,1350,36,2867,369,9294,598,1965,11286,5193,ITH,ITH3,5,Veneto,Veneto,4905854,16479,0.34,0.34
1082,2021-03-09,VEN,16379,7343,9036,1261,142,1809,718,8543,962,2944,10127,6252,ITH,ITH3,5,Veneto,Veneto,4905854,32858,0.67,0.33
1083,2021-03-04,VEN,12736,4717,8019,3126,380,1260,1385,3406,352,2827,9318,3418,ITH,ITH3,5,Veneto,Veneto,4905854,45594,0.93,0.26
1084,2021-02-08,VEN,4970,1539,3431,2819,274,686,1175,12,0,4,1930,3040,ITH,ITH3,5,Veneto,Veneto,4905854,50564,1.03,0.1
1085,2021-02-28,VEN,4127,1382,2745,1703,30,1381,15,983,0,15,3290,837,ITH,ITH3,5,Veneto,Veneto,4905854,54691,1.11,0.08
1086,2021-01-26,VEN,6901,2081,4820,5337,221,374,963,0,1,5,154,6747,ITH,ITH3,5,Veneto,Veneto,4905854,61592,1.26,0.14
1087,2021-02-04,VEN,7315,2013,5302,3462,455,999,2381,12,0,6,555,6760,ITH,ITH3,5,Veneto,Veneto,4905854,68907,1.4,0.15
1088,2021-03-10,VEN,18832,8558,10274,1456,68,2450,555,9055,1101,4147,13162,5670,ITH,ITH3,5,Veneto,Veneto,4905854,87739,1.79,0.38
1089,2021-02-07,VEN,2314,861,1453,1935,11,314,50,2,0,2,714,1600,ITH,ITH3,5,Veneto,Veneto,4905854,90053,1.84,0.05
1090,2021-01-04,VEN,6725,2029,4696,5237,181,387,913,1,0,6,6725,0,ITH,ITH3,5,Veneto,Veneto,4905854,96778,1.97,0.14
1091,2021-01-18,VEN,2763,777,1986,1225,234,303,992,8,0,1,2564,199,ITH,ITH3,5,Veneto,Veneto,4905854,99541,2.03,0.06
1092,2021-03-30,VEN,35355,14957,20398,749,112,16284,549,16867,328,466,30129,5226,ITH,ITH3,5,Veneto,Veneto,4905854,134896,2.75,0.72
1093,2021-01-21,VEN,2290,719,1571,1986,48,112,141,0,0,3,21,2269,ITH,ITH3,5,Veneto,Veneto,4905854,137186,2.8,0.05
1094,2021-01-03,VEN,5159,1563,3596,4597,59,252,249,0,0,2,5159,0,ITH,ITH3,5,Veneto,Veneto,4905854,142345,2.9,0.11
1095,2021-02-03,VEN,5934,1660,4274,2852,428,903,1744,1,0,6,482,5452,ITH,ITH3,5,Veneto,Veneto,4905854,148279,3.02,0.12
1096,2021-03-29,VEN,31017,13376,17641,588,116,11501,450,17268,652,442,27246,3771,ITH,ITH3,5,Veneto,Veneto,4905854,179296,3.65,0.63
1097,2021-01-02,VEN,5741,1765,3976,4797,147,248,544,2,0,3,5741,0,ITH,ITH3,5,Veneto,Veneto,4905854,185037,3.77,0.12
1098,2021-02-09,VEN,5176,1876,3300,3099,313,549,1190,19,0,6,3445,1731,ITH,ITH3,5,Veneto,Veneto,4905854,190213,3.88,0.11
1099,2021-01-31,VEN,4743,1550,3193,3677,147,532,377,4,2,4,393,4350,ITH,ITH3,5,Veneto,Veneto,4905854,194956,3.97,0.1
1100,2021-01-09,VEN,7929,2538,5391,5174,336,825,1574,3,11,6,7929,0,ITH,ITH3,5,Veneto,Veneto,4905854,202885,4.14,0.16
1101,2021-03-17,VEN,14492,5917,8575,1872,166,2543,264,8921,26,700,7808,6684,ITH,ITH3,5,Veneto,Veneto,4905854,217377,4.43,0.3
1102,2021-02-22,VEN,6961,3018,3943,744,44,188,342,5400,1,242,6574,387,ITH,ITH3,5,Veneto,Veneto,4905854,224338,4.57,0.14
1103,2021-01-01,VEN,1527,471,1056,1495,0,28,1,0,0,3,1527,0,ITH,ITH3,5,Veneto,Veneto,4905854,225865,4.6,0.03
1104,2020-12-30,VEN,699,245,454,598,12,48,39,0,0,2,699,0,ITH,ITH3,5,Veneto,Veneto,4905854,226564,4.62,0.01
1105,2021-02-13,VEN,3267,1474,1793,1568,75,181,1438,3,1,1,3247,20,ITH,ITH3,5,Veneto,Veneto,4905854,229831,4.68,0.07
1106,2021-01-24,VEN,4117,1219,2898,3752,17,121,222,1,0,4,28,4089,ITH,ITH3,5,Veneto,Veneto,4905854,233948,4.77,0.08
1107,2021-01-30,VEN,8746,2671,6075,6238,298,951,1234,4,12,9,696,8050,ITH,ITH3,5,Veneto,Veneto,4905854,242694,4.95,0.18
1108,2021-02-05,VEN,8364,2533,5831,4295,679,1201,2164,7,5,13,1425,6939,ITH,ITH3,5,Veneto,Veneto,4905854,251058,5.12,0.17
1109,2021-02-25,VEN,7858,3321,4537,1499,248,297,472,4937,109,296,7255,603,ITH,ITH3,5,Veneto,Veneto,4905854,258916,5.28,0.16
1110,2021-03-26,VEN,29259,12929,16330,1254,369,13468,1172,10332,814,1850,23784,5475,ITH,ITH3,5,Veneto,Veneto,4905854,288175,5.87,0.6
1111,2021-01-08,VEN,9398,2832,6566,5982,590,1003,1807,3,1,12,9398,0,ITH,ITH3,5,Veneto,Veneto,4905854,297573,6.07,0.19
1112,2021-02-14,VEN,125,56,69,97,1,27,0,0,0,0,112,13,ITH,ITH3,5,Veneto,Veneto,4905854,297698,6.07,0.0
1113,2021-03-16,VEN,12377,5296,7081,1274,105,2548,454,7859,19,118,6845,5532,ITH,ITH3,5,Veneto,Veneto,4905854,310075,6.32,0.25
1114,2021-03-22,VEN,18031,8099,9932,1165,123,6405,516,6741,742,2339,13009,5022,ITH,ITH3,5,Veneto,Veneto,4905854,328106,6.69,0.37
1115,2021-03-23,VEN,21899,10057,11842,1085,202,9561,638,6707,913,2793,17300,4599,ITH,ITH3,5,Veneto,Veneto,4905854,350005,7.13,0.45
1116,2021-02-06,VEN,4090,1351,2739,3027,171,518,367,3,0,4,709,3381,ITH,ITH3,5,Veneto,Veneto,4905854,354095,7.22,0.08
1117,2021-03-24,VEN,21792,9346,12446,1159,235,5559,800,10484,743,2812,15012,6780,ITH,ITH3,5,Veneto,Veneto,4905854,375887,7.66,0.44
1118,2021-03-01,VEN,9358,3699,5659,2024,145,987,923,2611,156,2512,7536,1822,ITH,ITH3,5,Veneto,Veneto,4905854,385245,7.85,0.19
1119,2021-02-16,VEN,6639,2873,3766,719,109,304,478,5024,2,3,6443,196,ITH,ITH3,5,Veneto,Veneto,4905854,391884,7.99,0.14
1120,2021-01-22,VEN,1079,332,747,946,35,38,57,0,0,3,25,1054,ITH,ITH3,5,Veneto,Veneto,4905854,392963,8.01,0.02
1121,2021-02-17,VEN,6004,2764,3240,413,19,255,361,4947,5,4,5910,94,ITH,ITH3,5,Veneto,Veneto,4905854,398967,8.13,0.12
1122,2021-01-13,VEN,5985,1606,4379,2794,430,868,1888,3,0,2,5985,0,ITH,ITH3,5,Veneto,Veneto,4905854,404952,8.25,0.12
1123,2021-03-21,VEN,11971,4750,7221,1481,50,3139,30,4565,179,2527,8512,3459,ITH,ITH3,5,Veneto,Veneto,4905854,416923,8.5,0.24
1124,2021-03-11,VEN,19476,8664,10812,1555,116,2966,824,9339,1021,3655,13986,5490,ITH,ITH3,5,Veneto,Veneto,4905854,436399,8.9,0.4
1125,2021-01-07,VEN,8359,2319,6040,5467,460,625,1805,0,0,2,8359,0,ITH,ITH3,5,Veneto,Veneto,4905854,444758,9.07,0.17
1126,2021-03-18,VEN,12526,5106,7420,1404,225,1930,494,7598,21,854,7338,5188,ITH,ITH3,5,Veneto,Veneto,4905854,457284,9.32,0.26
1127,2021-04-02,VEN,23198,10199,12999,976,58,11587,302,9909,74,292,16973,6225,ITH,ITH3,5,Veneto,Veneto,4905854,480482,9.79,0.47
1128,2021-02-11,VEN,4013,1239,2774,2659,156,391,789,9,1,8,3383,630,ITH,ITH3,5,Veneto,Veneto,4905854,484495,9.88,0.08
1129,2021-01-28,VEN,9204,2662,6542,6462,360,921,1451,5,0,5,175,9029,ITH,ITH3,5,Veneto,Veneto,4905854,493699,10.06,0.19
1130,2021-03-06,VEN,10510,4255,6255,2979,48,2649,1488,1972,46,1328,7314,3196,ITH,ITH3,5,Veneto,Veneto,4905854,504209,10.28,0.21
1131,2021-01-05,VEN,7328,2183,5145,5411,304,485,1122,0,1,5,7328,0,ITH,ITH3,5,Veneto,Veneto,4905854,511537,10.43,0.15
1132,2021-01-20,VEN,1038,368,670,695,58,71,213,0,0,1,386,652,ITH,ITH3,5,Veneto,Veneto,4905854,512575,10.45,0.02
1133,2021-01-27,VEN,7140,2064,5076,5207,211,834,879,0,0,9,246,6894,ITH,ITH3,5,Veneto,Veneto,4905854,519715,10.59,0.15
1134,2021-01-14,VEN,7060,1925,5135,3237,526,783,2493,17,0,4,7060,0,ITH,ITH3,5,Veneto,Veneto,4905854,526775,10.74,0.14
1135,2021-01-12,VEN,5230,1516,3714,2251,359,695,1753,167,0,5,5230,0,ITH,ITH3,5,Veneto,Veneto,4905854,532005,10.84,0.11
1136,2021-03-07,VEN,4453,1742,2711,1692,2,924,23,983,0,829,3900,553,ITH,ITH3,5,Veneto,Veneto,4905854,536458,10.94,0.09
1137,2021-01-23,VEN,4063,1255,2808,3406,119,84,450,1,0,3,34,4029,ITH,ITH3,5,Veneto,Veneto,4905854,540521,11.02,0.08
1138,2021-03-02,VEN,11326,4551,6775,2770,437,1386,1173,3285,411,1864,8052,3274,ITH,ITH3,5,Veneto,Veneto,4905854,551847,11.25,0.23
1139,2021-02-27,VEN,8977,2689,6288,2177,38,603,63,1956,12,4128,8128,849,ITH,ITH3,5,Veneto,Veneto,4905854,560824,11.43,0.18
1140,2021-04-04,VEN,7561,3465,4096,21,0,6281,0,1244,2,13,6439,1122,ITH,ITH3,5,Veneto,Veneto,4905854,568385,11.59,0.15
1141,2021-01-10,VEN,5020,1662,3358,3840,166,547,462,2,2,1,5020,0,ITH,ITH3,5,Veneto,Veneto,4905854,573405,11.69,0.1
1142,2020-12-27,VEN,880,395,485,875,0,4,0,0,0,1,880,0,ITH,ITH3,5,Veneto,Veneto,4905854,574285,11.71,0.02
1143,2021-02-02,VEN,6403,1843,4560,2971,533,750,1994,152,0,3,391,6012,ITH,ITH3,5,Veneto,Veneto,4905854,580688,11.84,0.13
1144,2021-03-31,VEN,37571,15691,21880,1546,86,16205,674,18370,293,397,30148,7423,ITH,ITH3,5,Veneto,Veneto,4905854,618259,12.6,0.77
1145,2021-01-29,VEN,9001,2781,6220,6046,479,1032,1434,3,1,6,367,8634,ITH,ITH3,5,Veneto,Veneto,4905854,627260,12.79,0.18
1146,2021-03-03,VEN,11955,4530,7425,3324,303,1103,1211,3372,310,2332,8462,3493,ITH,ITH3,5,Veneto,Veneto,4905854,639215,13.03,0.24
1147,2021-02-12,VEN,4312,1447,2865,2765,141,730,659,6,3,8,3740,572,ITH,ITH3,5,Veneto,Veneto,4905854,643527,13.12,0.09
1148,2021-01-25,VEN,6466,2074,4392,5060,152,347,904,1,0,2,170,6296,ITH,ITH3,5,Veneto,Veneto,4905854,649993,13.25,0.13
1149,2021-03-05,VEN,13166,4905,8261,3438,267,1723,1415,3085,285,2953,9585,3581,ITH,ITH3,5,Veneto,Veneto,4905854,663159,13.52,0.27
1150,2021-02-18,VEN,5701,2441,3260,935,64,286,608,3799,1,8,5637,64,ITH,ITH3,5,Veneto,Veneto,4905854,668860,13.63,0.12
1151,2021-01-11,VEN,7238,2100,5138,3499,502,1025,1956,248,0,8,7238,0,ITH,ITH3,5,Veneto,Veneto,4905854,676098,13.78,0.15
1152,2021-01-15,VEN,5864,1819,4045,2984,460,838,1566,9,3,4,5864,0,ITH,ITH3,5,Veneto,Veneto,4905854,681962,13.9,0.12
1153,2021-02-10,VEN,4750,1587,3163,3173,228,572,775,0,0,2,3698,1052,ITH,ITH3,5,Veneto,Veneto,4905854,686712,14.0,0.1
1154,2021-03-27,VEN,31489,13686,17803,1967,41,15143,170,12494,126,1548,25669,5820,ITH,ITH3,5,Veneto,Veneto,4905854,718201,14.64,0.64
1155,2021-04-03,VEN,21353,9336,12017,1290,39,11292,147,8442,19,124,13648,7705,ITH,ITH3,5,Veneto,Veneto,4905854,739554,15.07,0.44
1156,2021-02-15,VEN,4386,1821,2565,484,65,144,383,3294,14,2,4145,241,ITH,ITH3,5,Veneto,Veneto,4905854,743940,15.16,0.09
1157,2021-03-13,VEN,17143,7231,9912,2501,54,5207,103,4810,426,4042,14031,3112,ITH,ITH3,5,Veneto,Veneto,4905854,761083,15.51,0.35
1158,2021-02-20,VEN,6418,2012,4406,1865,35,199,100,970,6,3243,6349,69,ITH,ITH3,5,Veneto,Veneto,4905854,767501,15.64,0.13
1159,2021-03-25,VEN,25540,10798,14742,1363,341,9833,951,10171,664,2217,19480,6060,ITH,ITH3,5,Veneto,Veneto,4905854,793041,16.17,0.52
1160,2021-01-16,VEN,4606,1541,3065,3194,273,482,657,0,0,0,4606,0,ITH,ITH3,5,Veneto,Veneto,4905854,797647,16.26,0.09
1161,2021-03-20,VEN,12784,5297,7487,655,27,4555,215,4823,217,2292,10684,2100,ITH,ITH3,5,Veneto,Veneto,4905854,810431,16.52,0.26
1162,2021-04-01,VEN,23421,10216,13205,888,150,11481,536,10026,193,147,17075,6346,ITH,ITH3,5,Veneto,Veneto,4905854,833852,17.0,0.48
1163,2021-03-19,VEN,13672,5618,8054,1785,148,2650,450,7870,48,721,7655,6017,ITH,ITH3,5,Veneto,Veneto,4905854,847524,17.28,0.28
1164,2021-01-17,VEN,1932,780,1152,1588,40,179,120,3,0,2,1583,349,ITH,ITH3,5,Veneto,Veneto,4905854,849456,17.32,0.04
1165,2021-03-14,VEN,15125,5903,9222,2316,209,4485,100,4140,246,3629,14229,896,ITH,ITH3,5,Veneto,Veneto,4905854,864581,17.62,0.31
1166,2021-02-21,VEN,4624,1203,3421,495,0,9,18,417,2,3683,4619,5,ITH,ITH3,5,Veneto,Veneto,4905854,869205,17.72,0.09
1167,2021-02-26,VEN,8229,3245,4984,1692,202,869,740,4381,31,314,6979,1250,ITH,ITH3,5,Veneto,Veneto,4905854,877434,17.89,0.17
1168,2021-02-23,VEN,7307,3215,4092,1014,62,424,214,5342,69,182,7048,259,ITH,ITH3,5,Veneto,Veneto,4905854,884741,18.03,0.15
1169,2021-02-24,VEN,8553,3656,4897,1532,224,412,518,5589,264,14,8069,484,ITH,ITH3,5,Veneto,Veneto,4905854,893294,18.21,0.17
1170,2021-04-06,VEN,20073,9280,10793,336,44,14578,346,4629,53,87,15700,4373,ITH,ITH3,5,Veneto,Veneto,4905854,913367,18.62,0.41
1171,2021-03-28,VEN,31236,13578,17658,1414,45,16915,144,10250,52,2416,27553,3683,ITH,ITH3,5,Veneto,Veneto,4905854,944603,19.25,0.64
1172,2020-12-31,VEN,3219,1043,2176,2700,77,188,252,0,0,2,3219,0,ITH,ITH3,5,Veneto,Veneto,4905854,947822,19.32,0.07
1173,2021-04-05,VEN,19064,8344,10720,622,7,12457,327,5459,16,176,13636,5428,ITH,ITH3,5,Veneto,Veneto,4905854,966886,19.71,0.39
1174,2021-02-01,VEN,8519,2490,6029,4208,495,1455,2106,245,0,10,166,8353,ITH,ITH3,5,Veneto,Veneto,4905854,975405,19.88,0.17
1175,2021-01-19,VEN,1308,471,837,726,83,168,325,6,0,0,1159,149,ITH,ITH3,5,Veneto,Veneto,4905854,976713,19.91,0.03
1176,2021-03-12,VEN,18531,8101,10430,1962,226,3139,750,8053,904,3497,11813,6718,ITH,ITH3,5,Veneto,Veneto,4905854,995244,20.29,0.38
1177,2021-02-19,VEN,7294,3122,4172,1542,175,534,665,4366,3,9,7092,202,ITH,ITH3,5,Veneto,Veneto,4905854,1002538,20.44,0.15
1178,2021-01-06,VEN,8130,2383,5747,6308,170,831,808,1,2,10,8130,0,ITH,ITH3,5,Veneto,Veneto,4905854,1010668,20.6,0.17
1179,2021-03-08,VEN,13461,6139,7322,709,56,1167,384,7160,1040,2945,9423,4038,ITH,ITH3,5,Veneto,Veneto,4905854,1024129,20.88,0.27
1180,2021-02-17,SIC,5433,3293,2140,1531,118,1009,880,8,1885,2,4759,674,ITG,ITG1,19,Sicilia,Sicilia,4999891,5433,0.11,0.11
1181,2021-02-08,SIC,4086,1759,2327,2346,188,1155,397,0,0,0,2128,1958,ITG,ITG1,19,Sicilia,Sicilia,4999891,9519,0.19,0.08
1182,2021-01-07,SIC,9173,4239,4934,7694,70,1199,210,0,0,0,9173,0,ITG,ITG1,19,Sicilia,Sicilia,4999891,18692,0.37,0.18
1183,2021-02-16,SIC,4414,2300,2114,1465,207,1080,779,25,857,1,3947,467,ITG,ITG1,19,Sicilia,Sicilia,4999891,23106,0.46,0.09
1184,2021-03-11,SIC,15450,6507,8943,1610,127,5070,906,3932,481,3324,12877,2573,ITG,ITG1,19,Sicilia,Sicilia,4999891,38556,0.77,0.31
1185,2021-02-02,SIC,5540,2622,2918,3155,221,1735,429,0,0,0,633,4907,ITG,ITG1,19,Sicilia,Sicilia,4999891,44096,0.88,0.11
1186,2021-02-28,SIC,7180,3072,4108,871,33,1279,93,3291,254,1359,6550,630,ITG,ITG1,19,Sicilia,Sicilia,4999891,51276,1.03,0.14
1187,2021-03-26,SIC,17872,8317,9555,1071,40,9558,314,5524,57,1308,12356,5516,ITG,ITG1,19,Sicilia,Sicilia,4999891,69148,1.38,0.36
1188,2021-01-16,SIC,2776,1195,1581,1329,165,984,298,0,0,0,2776,0,ITG,ITG1,19,Sicilia,Sicilia,4999891,71924,1.44,0.06
1189,2021-04-01,SIC,14460,6693,7767,623,28,8093,490,5015,20,191,9736,4724,ITG,ITG1,19,Sicilia,Sicilia,4999891,86384,1.73,0.29
1190,2021-02-15,SIC,3951,1862,2089,1700,108,1237,563,10,307,26,3382,569,ITG,ITG1,19,Sicilia,Sicilia,4999891,90335,1.81,0.08
1191,2021-02-19,SIC,5160,2757,2403,1487,183,1181,600,74,1396,239,4589,571,ITG,ITG1,19,Sicilia,Sicilia,4999891,95495,1.91,0.1
1192,2021-03-23,SIC,21032,10096,10936,873,41,11975,365,5825,306,1647,15425,5607,ITG,ITG1,19,Sicilia,Sicilia,4999891,116527,2.33,0.42
1193,2021-01-31,SIC,4112,1958,2154,2601,117,1099,295,0,0,0,113,3999,ITG,ITG1,19,Sicilia,Sicilia,4999891,120639,2.41,0.08
1194,2021-01-11,SIC,5905,2591,3314,3923,196,1404,382,0,0,0,5905,0,ITG,ITG1,19,Sicilia,Sicilia,4999891,126544,2.53,0.12
1195,2020-12-28,SIC,207,124,83,205,0,2,0,0,0,0,207,0,ITG,ITG1,19,Sicilia,Sicilia,4999891,126751,2.54,0.0
1196,2021-03-24,SIC,21122,9881,11241,955,64,12150,549,5856,86,1462,15235,5887,ITG,ITG1,19,Sicilia,Sicilia,4999891,147873,2.96,0.42
1197,2021-01-15,SIC,5079,2233,2846,2824,158,1618,479,0,0,0,5079,0,ITG,ITG1,19,Sicilia,Sicilia,4999891,152952,3.06,0.1
1198,2021-03-07,SIC,9279,3465,5814,968,62,908,431,3396,216,3298,8195,1084,ITG,ITG1,19,Sicilia,Sicilia,4999891,162231,3.24,0.19
1199,2021-01-09,SIC,7325,3424,3901,5034,146,1689,456,0,0,0,7325,0,ITG,ITG1,19,Sicilia,Sicilia,4999891,169556,3.39,0.15
1200,2021-03-31,SIC,14591,6732,7859,646,50,7996,519,5139,52,189,9564,5027,ITG,ITG1,19,Sicilia,Sicilia,4999891,184147,3.68,0.29
1201,2021-03-08,SIC,13506,5781,7725,2012,113,1994,626,3840,920,4001,10692,2814,ITG,ITG1,19,Sicilia,Sicilia,4999891,197653,3.95,0.27
1202,2021-04-04,SIC,6978,3379,3599,192,33,4096,119,2486,8,44,5688,1290,ITG,ITG1,19,Sicilia,Sicilia,4999891,204631,4.09,0.14
1203,2021-01-23,SIC,4150,2148,2002,3913,33,188,16,0,0,0,225,3925,ITG,ITG1,19,Sicilia,Sicilia,4999891,208781,4.18,0.08
1204,2021-02-11,SIC,5332,2103,3229,2458,307,1677,890,0,0,0,4868,464,ITG,ITG1,19,Sicilia,Sicilia,4999891,214113,4.28,0.11
1205,2021-03-13,SIC,12453,5487,6966,1174,87,4187,493,4615,133,1764,7847,4606,ITG,ITG1,19,Sicilia,Sicilia,4999891,226566,4.53,0.25
1206,2021-02-12,SIC,4747,1853,2894,2301,260,1542,644,0,0,0,4416,331,ITG,ITG1,19,Sicilia,Sicilia,4999891,231313,4.63,0.09
1207,2021-01-27,SIC,7534,3838,3696,6330,66,986,152,0,0,0,189,7345,ITG,ITG1,19,Sicilia,Sicilia,4999891,238847,4.78,0.15
1208,2021-04-02,SIC,14033,6605,7428,632,29,7635,367,5151,16,203,9247,4786,ITG,ITG1,19,Sicilia,Sicilia,4999891,252880,5.06,0.28
1209,2021-02-18,SIC,5496,3174,2322,1636,165,1080,813,9,1697,96,5065,431,ITG,ITG1,19,Sicilia,Sicilia,4999891,258376,5.17,0.11
1210,2021-03-27,SIC,15799,7457,8342,650,25,8411,350,5587,34,742,10879,4920,ITG,ITG1,19,Sicilia,Sicilia,4999891,274175,5.48,0.32
1211,2021-01-18,SIC,1576,657,919,721,75,551,229,0,0,0,1432,144,ITG,ITG1,19,Sicilia,Sicilia,4999891,275751,5.52,0.03
1212,2021-02-07,SIC,2349,997,1352,1611,109,472,157,0,0,0,675,1674,ITG,ITG1,19,Sicilia,Sicilia,4999891,278100,5.56,0.05
1213,2021-03-02,SIC,14956,6388,8568,2383,98,1831,501,4471,1338,4334,12131,2825,ITG,ITG1,19,Sicilia,Sicilia,4999891,293056,5.86,0.3
1214,2021-03-25,SIC,20469,9522,10947,1324,76,11502,582,5523,82,1380,14928,5541,ITG,ITG1,19,Sicilia,Sicilia,4999891,313525,6.27,0.41
1215,2021-02-24,SIC,9601,4870,4731,1423,80,1174,499,4028,1474,923,9005,596,ITG,ITG1,19,Sicilia,Sicilia,4999891,323126,6.46,0.19
1216,2021-02-13,SIC,3107,1168,1939,1296,160,1081,570,0,0,0,2850,257,ITG,ITG1,19,Sicilia,Sicilia,4999891,326233,6.52,0.06
1217,2021-03-09,SIC,13064,5494,7570,1595,132,2175,585,3947,939,3691,10689,2375,ITG,ITG1,19,Sicilia,Sicilia,4999891,339297,6.79,0.26
1218,2021-01-25,SIC,7513,3698,3815,6635,14,794,70,0,0,0,322,7191,ITG,ITG1,19,Sicilia,Sicilia,4999891,346810,6.94,0.15
1219,2021-03-15,SIC,10764,4725,6039,1241,48,2608,666,4830,217,1154,5691,5073,ITG,ITG1,19,Sicilia,Sicilia,4999891,357574,7.15,0.22
1220,2021-01-28,SIC,9330,4400,4930,7466,221,1348,295,0,0,0,414,8916,ITG,ITG1,19,Sicilia,Sicilia,4999891,366904,7.34,0.19
1221,2021-03-14,SIC,8824,3947,4877,569,42,3042,176,4281,36,678,4966,3858,ITG,ITG1,19,Sicilia,Sicilia,4999891,375728,7.51,0.18
1222,2021-03-20,SIC,18904,9077,9827,836,43,10839,413,5475,79,1219,13514,5390,ITG,ITG1,19,Sicilia,Sicilia,4999891,394632,7.89,0.38
1223,2021-02-25,SIC,10161,5277,4884,1771,49,1656,507,3981,1525,672,8981,1180,ITG,ITG1,19,Sicilia,Sicilia,4999891,404793,8.1,0.2
1224,2021-01-29,SIC,9362,4322,5040,7153,174,1730,305,0,0,0,432,8930,ITG,ITG1,19,Sicilia,Sicilia,4999891,414155,8.28,0.19
1225,2021-01-22,SIC,1235,625,610,1035,13,69,118,0,0,0,242,993,ITG,ITG1,19,Sicilia,Sicilia,4999891,415390,8.31,0.02
1226,2021-03-18,SIC,15602,7773,7829,1284,80,8185,598,5357,61,37,9890,5712,ITG,ITG1,19,Sicilia,Sicilia,4999891,430992,8.62,0.31
1227,2021-01-03,SIC,4693,2454,2239,4361,0,332,0,0,0,0,4693,0,ITG,ITG1,19,Sicilia,Sicilia,4999891,435685,8.71,0.09
1228,2021-02-03,SIC,6102,2857,3245,3358,151,1969,624,0,0,0,756,5346,ITG,ITG1,19,Sicilia,Sicilia,4999891,441787,8.84,0.12
1229,2021-01-26,SIC,9528,4685,4843,8391,72,811,254,0,0,0,265,9263,ITG,ITG1,19,Sicilia,Sicilia,4999891,451315,9.03,0.19
1230,2021-03-30,SIC,14566,6756,7810,715,32,8088,371,4992,113,255,9738,4828,ITG,ITG1,19,Sicilia,Sicilia,4999891,465881,9.32,0.29
1231,2021-01-20,SIC,808,410,398,422,51,143,192,0,0,0,573,235,ITG,ITG1,19,Sicilia,Sicilia,4999891,466689,9.33,0.02
1232,2021-03-03,SIC,14704,6544,8160,2408,130,2201,507,4295,1330,3833,11619,3085,ITG,ITG1,19,Sicilia,Sicilia,4999891,481393,9.63,0.29
1233,2021-02-01,SIC,6077,2684,3393,4168,214,1377,318,0,0,0,304,5773,ITG,ITG1,19,Sicilia,Sicilia,4999891,487470,9.75,0.12
1234,2021-01-04,SIC,8373,4172,4201,7595,20,752,6,0,0,0,8373,0,ITG,ITG1,19,Sicilia,Sicilia,4999891,495843,9.92,0.17
1235,2021-02-14,SIC,1057,402,655,433,58,330,236,0,0,0,917,140,ITG,ITG1,19,Sicilia,Sicilia,4999891,496900,9.94,0.02
1236,2021-01-30,SIC,7838,3569,4269,5451,253,1659,475,0,0,0,175,7663,ITG,ITG1,19,Sicilia,Sicilia,4999891,504738,10.09,0.16
1237,2021-01-14,SIC,5250,2514,2736,3046,91,1854,259,0,0,0,5250,0,ITG,ITG1,19,Sicilia,Sicilia,4999891,509988,10.2,0.11
1238,2021-03-21,SIC,15202,7323,7879,489,10,9094,57,4502,92,958,11228,3974,ITG,ITG1,19,Sicilia,Sicilia,4999891,525190,10.5,0.3
1239,2021-01-24,SIC,4338,2264,2074,3993,31,311,3,0,0,0,148,4190,ITG,ITG1,19,Sicilia,Sicilia,4999891,529528,10.59,0.09
1240,2021-01-01,SIC,815,437,378,740,0,75,0,0,0,0,815,0,ITG,ITG1,19,Sicilia,Sicilia,4999891,530343,10.61,0.02
1241,2021-02-06,SIC,5067,2226,2841,2535,251,1689,592,0,0,0,1488,3579,ITG,ITG1,19,Sicilia,Sicilia,4999891,535410,10.71,0.1
1242,2021-04-05,SIC,8190,4032,4158,232,6,4791,176,2925,4,56,6749,1441,ITG,ITG1,19,Sicilia,Sicilia,4999891,543600,10.87,0.16
1243,2021-01-13,SIC,5204,2462,2742,3033,169,1561,441,0,0,0,5204,0,ITG,ITG1,19,Sicilia,Sicilia,4999891,548804,10.98,0.1
1244,2021-03-05,SIC,15913,6862,9051,3192,153,2348,712,4000,1423,4085,11588,4325,ITG,ITG1,19,Sicilia,Sicilia,4999891,564717,11.29,0.32
1245,2021-03-04,SIC,15211,6557,8654,2811,186,2634,698,3928,1124,3830,11007,4204,ITG,ITG1,19,Sicilia,Sicilia,4999891,579928,11.6,0.3
1246,2021-02-23,SIC,8949,4689,4260,1267,103,1133,502,3996,1367,581,8459,490,ITG,ITG1,19,Sicilia,Sicilia,4999891,588877,11.78,0.18
1247,2021-03-16,SIC,10169,4463,5706,1662,105,1629,810,5677,68,218,4017,6152,ITG,ITG1,19,Sicilia,Sicilia,4999891,599046,11.98,0.2
1248,2021-01-02,SIC,4872,2533,2339,4311,0,561,0,0,0,0,4872,0,ITG,ITG1,19,Sicilia,Sicilia,4999891,603918,12.08,0.1
1249,2021-03-19,SIC,16487,8115,8372,1262,101,8714,561,5351,42,456,10759,5728,ITG,ITG1,19,Sicilia,Sicilia,4999891,620405,12.41,0.33
1250,2021-01-06,SIC,6471,3402,3069,5717,24,728,2,0,0,0,6471,0,ITG,ITG1,19,Sicilia,Sicilia,4999891,626876,12.54,0.13
1251,2021-01-19,SIC,1271,521,750,521,59,453,238,0,0,0,1093,178,ITG,ITG1,19,Sicilia,Sicilia,4999891,628147,12.56,0.03
1252,2021-01-08,SIC,8328,3864,4464,6591,87,1437,213,0,0,0,8328,0,ITG,ITG1,19,Sicilia,Sicilia,4999891,636475,12.73,0.17
1253,2021-03-28,SIC,10999,5166,5833,535,22,5629,168,4445,14,186,6985,4014,ITG,ITG1,19,Sicilia,Sicilia,4999891,647474,12.95,0.22
1254,2021-03-01,SIC,12979,6129,6850,1557,75,1735,392,4303,1764,3153,11320,1659,ITG,ITG1,19,Sicilia,Sicilia,4999891,660453,13.21,0.26
1255,2020-12-27,SIC,90,54,36,62,0,2,26,0,0,0,90,0,ITG,ITG1,19,Sicilia,Sicilia,4999891,660543,13.21,0.0
1256,2021-01-21,SIC,1330,649,681,1003,86,104,137,0,0,0,499,831,ITG,ITG1,19,Sicilia,Sicilia,4999891,661873,13.24,0.03
1257,2021-02-20,SIC,7284,3736,3548,848,76,1258,558,3749,620,175,7033,251,ITG,ITG1,19,Sicilia,Sicilia,4999891,669157,13.38,0.15
1258,2021-03-10,SIC,13841,5881,7960,1479,134,2868,933,4063,646,3718,11451,2390,ITG,ITG1,19,Sicilia,Sicilia,4999891,682998,13.66,0.28
1259,2021-01-17,SIC,1295,584,711,619,118,398,160,0,0,0,1245,50,ITG,ITG1,19,Sicilia,Sicilia,4999891,684293,13.69,0.03
1260,2020-12-29,SIC,235,146,89,235,0,0,0,0,0,0,235,0,ITG,ITG1,19,Sicilia,Sicilia,4999891,684528,13.69,0.0
1261,2021-03-06,SIC,12942,5177,7765,2003,127,1878,758,3888,638,3650,10036,2906,ITG,ITG1,19,Sicilia,Sicilia,4999891,697470,13.95,0.26
1262,2021-03-22,SIC,16809,7916,8893,914,19,8678,356,5542,71,1229,11264,5545,ITG,ITG1,19,Sicilia,Sicilia,4999891,714279,14.29,0.34
1263,2021-02-05,SIC,7216,3232,3984,3618,267,2475,856,0,0,0,2132,5084,ITG,ITG1,19,Sicilia,Sicilia,4999891,721495,14.43,0.14
1264,2021-02-26,SIC,12247,5977,6270,1837,74,1898,361,3891,1733,2453,10558,1689,ITG,ITG1,19,Sicilia,Sicilia,4999891,733742,14.68,0.24
1265,2020-12-30,SIC,173,101,72,156,3,14,0,0,0,0,173,0,ITG,ITG1,19,Sicilia,Sicilia,4999891,733915,14.68,0.0
1266,2021-02-10,SIC,4433,1819,2614,1975,221,1496,741,0,0,0,4008,425,ITG,ITG1,19,Sicilia,Sicilia,4999891,738348,14.77,0.09
1267,2021-01-10,SIC,3618,1615,2003,2126,125,903,464,0,0,0,3618,0,ITG,ITG1,19,Sicilia,Sicilia,4999891,741966,14.84,0.07
1268,2021-04-03,SIC,15061,7160,7901,429,14,9282,202,4929,17,188,12219,2842,ITG,ITG1,19,Sicilia,Sicilia,4999891,757027,15.14,0.3
1269,2021-02-21,SIC,5178,2508,2670,379,30,622,174,3682,138,153,5070,108,ITG,ITG1,19,Sicilia,Sicilia,4999891,762205,15.24,0.1
1270,2021-02-09,SIC,4371,1831,2540,2241,155,1335,640,0,0,0,3365,1006,ITG,ITG1,19,Sicilia,Sicilia,4999891,766576,15.33,0.09
1271,2021-03-17,SIC,15390,7551,7839,1401,100,7155,664,5721,43,306,9446,5944,ITG,ITG1,19,Sicilia,Sicilia,4999891,781966,15.64,0.31
1272,2021-02-22,SIC,8039,4162,3877,1107,34,902,554,4066,1054,322,7547,492,ITG,ITG1,19,Sicilia,Sicilia,4999891,790005,15.8,0.16
1273,2021-03-29,SIC,14992,7035,7957,876,39,8418,328,5008,19,304,10474,4518,ITG,ITG1,19,Sicilia,Sicilia,4999891,804997,16.1,0.3
1274,2021-04-06,SIC,13450,6536,6914,584,30,7830,326,4515,32,133,10093,3357,ITG,ITG1,19,Sicilia,Sicilia,4999891,818447,16.37,0.27
1275,2021-02-04,SIC,6877,3159,3718,4417,172,1748,540,0,0,0,1460,5417,ITG,ITG1,19,Sicilia,Sicilia,4999891,825324,16.51,0.14
1276,2021-03-12,SIC,13120,5617,7503,1387,110,4409,695,3768,344,2407,10897,2223,ITG,ITG1,19,Sicilia,Sicilia,4999891,838444,16.77,0.26
1277,2021-02-27,SIC,12450,5570,6880,1515,72,2351,277,3843,1021,3371,11239,1211,ITG,ITG1,19,Sicilia,Sicilia,4999891,850894,17.02,0.25
1278,2021-01-12,SIC,4542,2234,2308,2863,128,1356,195,0,0,0,4542,0,ITG,ITG1,19,Sicilia,Sicilia,4999891,855436,17.11,0.09
1279,2021-01-05,SIC,10527,5159,5368,9074,122,1124,207,0,0,0,10527,0,ITG,ITG1,19,Sicilia,Sicilia,4999891,865963,17.32,0.21
1280,2020-12-31,SIC,878,470,408,828,0,50,0,0,0,0,878,0,ITG,ITG1,19,Sicilia,Sicilia,4999891,866841,17.34,0.02
1281,2021-01-14,PAT,698,203,495,479,6,5,208,0,0,0,698,0,ITH,ITH2,4,Provincia Autonoma Trento,P.A. Trento,541380,698,0.13,0.13
1282,2021-03-05,PAT,2225,700,1525,126,67,52,102,953,158,767,1625,600,ITH,ITH2,4,Provincia Autonoma Trento,P.A. Trento,541380,2923,0.54,0.41
1283,2021-03-15,PAT,1399,540,859,64,121,349,26,617,54,168,935,464,ITH,ITH2,4,Provincia Autonoma Trento,P.A. Trento,541380,4322,0.8,0.26
1284,2021-03-29,PAT,2404,941,1463,93,26,1235,5,950,4,91,1669,735,ITH,ITH2,4,Provincia Autonoma Trento,P.A. Trento,541380,6726,1.24,0.44
1285,2021-01-23,PAT,577,334,243,487,2,0,88,0,0,0,388,189,ITH,ITH2,4,Provincia Autonoma Trento,P.A. Trento,541380,7303,1.35,0.11
1286,2021-03-17,PAT,2055,791,1264,393,15,332,55,1254,1,5,1161,894,ITH,ITH2,4,Provincia Autonoma Trento,P.A. Trento,541380,9358,1.73,0.38
1287,2021-03-02,PAT,1300,439,861,137,16,24,53,924,1,145,912,388,ITH,ITH2,4,Provincia Autonoma Trento,P.A. Trento,541380,10658,1.97,0.24
1288,2021-01-08,PAT,1449,313,1136,768,128,24,529,0,0,0,1449,0,ITH,ITH2,4,Provincia Autonoma Trento,P.A. Trento,541380,12107,2.24,0.27
1289,2021-03-01,PAT,1236,453,783,74,1,17,10,1036,3,95,938,298,ITH,ITH2,4,Provincia Autonoma Trento,P.A. Trento,541380,13343,2.46,0.23
1290,2021-02-09,PAT,914,287,627,447,8,5,73,381,0,0,441,473,ITH,ITH2,4,Provincia Autonoma Trento,P.A. Trento,541380,14257,2.63,0.17
1291,2021-01-30,PAT,386,132,254,346,7,0,32,0,0,1,152,234,ITH,ITH2,4,Provincia Autonoma Trento,P.A. Trento,541380,14643,2.7,0.07
1292,2021-01-21,PAT,351,94,257,320,13,2,16,0,0,0,228,123,ITH,ITH2,4,Provincia Autonoma Trento,P.A. Trento,541380,14994,2.77,0.06
1293,2021-03-04,PAT,2350,789,1561,160,24,55,23,1723,19,346,1504,846,ITH,ITH2,4,Provincia Autonoma Trento,P.A. Trento,541380,17344,3.2,0.43
1294,2021-03-10,PAT,2395,925,1470,352,36,25,25,1421,221,315,1452,943,ITH,ITH2,4,Provincia Autonoma Trento,P.A. Trento,541380,19739,3.65,0.44
1295,2021-01-22,PAT,1666,433,1233,903,121,9,630,0,0,3,329,1337,ITH,ITH2,4,Provincia Autonoma Trento,P.A. Trento,541380,21405,3.95,0.31
1296,2021-02-16,PAT,663,244,419,73,2,12,3,563,0,10,658,5,ITH,ITH2,4,Provincia Autonoma Trento,P.A. Trento,541380,22068,4.08,0.12
1297,2021-01-20,PAT,290,72,218,231,10,1,48,0,0,0,278,12,ITH,ITH2,4,Provincia Autonoma Trento,P.A. Trento,541380,22358,4.13,0.05
1298,2021-01-02,PAT,502,143,359,336,21,4,141,0,0,0,502,0,ITH,ITH2,4,Provincia Autonoma Trento,P.A. Trento,541380,22860,4.22,0.09
1299,2021-02-21,PAT,155,92,63,154,0,0,0,0,0,1,43,112,ITH,ITH2,4,Provincia Autonoma Trento,P.A. Trento,541380,23015,4.25,0.03
1300,2021-03-11,PAT,2279,845,1434,103,50,78,41,1557,59,391,1425,854,ITH,ITH2,4,Provincia Autonoma Trento,P.A. Trento,541380,25294,4.67,0.42
1301,2021-02-26,PAT,1217,435,782,249,12,11,19,820,1,105,898,319,ITH,ITH2,4,Provincia Autonoma Trento,P.A. Trento,541380,26511,4.9,0.22
1302,2021-03-26,PAT,3053,1179,1874,133,169,1234,106,851,9,551,2486,567,ITH,ITH2,4,Provincia Autonoma Trento,P.A. Trento,541380,29564,5.46,0.56
1303,2021-01-05,PAT,709,232,477,495,46,6,162,0,0,0,709,0,ITH,ITH2,4,Provincia Autonoma Trento,P.A. Trento,541380,30273,5.59,0.13
1304,2021-03-06,PAT,772,276,496,361,10,6,0,195,5,195,620,152,ITH,ITH2,4,Provincia Autonoma Trento,P.A. Trento,541380,31045,5.73,0.14
1305,2020-12-31,PAT,1624,449,1175,841,105,4,674,0,0,0,1624,0,ITH,ITH2,4,Provincia Autonoma Trento,P.A. Trento,541380,32669,6.03,0.3
1306,2021-01-18,PAT,641,154,487,528,35,5,73,0,0,0,587,54,ITH,ITH2,4,Provincia Autonoma Trento,P.A. Trento,541380,33310,6.15,0.12
1307,2021-02-20,PAT,406,245,161,330,10,1,30,1,3,31,122,284,ITH,ITH2,4,Provincia Autonoma Trento,P.A. Trento,541380,33716,6.23,0.07
1308,2021-02-01,PAT,1220,335,885,767,70,8,375,0,0,0,92,1128,ITH,ITH2,4,Provincia Autonoma Trento,P.A. Trento,541380,34936,6.45,0.23
1309,2021-03-12,PAT,2457,921,1536,207,251,50,106,1088,203,552,1656,801,ITH,ITH2,4,Provincia Autonoma Trento,P.A. Trento,541380,37393,6.91,0.45
1310,2021-01-07,PAT,1270,310,960,649,46,18,557,0,0,0,1270,0,ITH,ITH2,4,Provincia Autonoma Trento,P.A. Trento,541380,38663,7.14,0.23
1311,2021-04-05,PAT,33,16,17,0,0,32,0,0,0,1,33,0,ITH,ITH2,4,Provincia Autonoma Trento,P.A. Trento,541380,38696,7.15,0.01
1312,2021-02-23,PAT,1108,395,713,272,13,2,17,751,3,50,897,211,ITH,ITH2,4,Provincia Autonoma Trento,P.A. Trento,541380,39804,7.35,0.2
1313,2021-02-06,PAT,573,297,276,178,0,7,0,388,0,0,433,140,ITH,ITH2,4,Provincia Autonoma Trento,P.A. Trento,541380,40377,7.46,0.11
1314,2021-02-19,PAT,926,357,569,170,37,16,93,581,1,28,868,58,ITH,ITH2,4,Provincia Autonoma Trento,P.A. Trento,541380,41303,7.63,0.17
1315,2021-01-19,PAT,405,77,328,365,3,1,36,0,0,0,405,0,ITH,ITH2,4,Provincia Autonoma Trento,P.A. Trento,541380,41708,7.7,0.07
1316,2021-01-28,PAT,530,147,383,390,29,4,107,0,0,0,48,482,ITH,ITH2,4,Provincia Autonoma Trento,P.A. Trento,541380,42238,7.8,0.1
1317,2021-04-02,PAT,2708,1118,1590,148,65,1525,44,621,15,290,2074,634,ITH,ITH2,4,Provincia Autonoma Trento,P.A. Trento,541380,44946,8.3,0.5
1318,2021-01-01,PAT,213,50,163,114,11,0,88,0,0,0,213,0,ITH,ITH2,4,Provincia Autonoma Trento,P.A. Trento,541380,45159,8.34,0.04
1319,2021-01-12,PAT,504,158,346,414,25,4,61,0,0,0,504,0,ITH,ITH2,4,Provincia Autonoma Trento,P.A. Trento,541380,45663,8.43,0.09
1320,2021-02-27,PAT,1024,455,569,459,5,9,0,434,4,113,602,422,ITH,ITH2,4,Provincia Autonoma Trento,P.A. Trento,541380,46687,8.62,0.19
1321,2021-01-25,PAT,817,215,602,524,27,3,263,0,0,0,23,794,ITH,ITH2,4,Provincia Autonoma Trento,P.A. Trento,541380,47504,8.77,0.15
1322,2021-01-27,PAT,799,275,524,460,33,1,304,1,0,0,91,708,ITH,ITH2,4,Provincia Autonoma Trento,P.A. Trento,541380,48303,8.92,0.15
1323,2021-01-29,PAT,1352,331,1021,724,74,12,542,0,0,0,55,1297,ITH,ITH2,4,Provincia Autonoma Trento,P.A. Trento,541380,49655,9.17,0.25
1324,2021-03-18,PAT,2252,932,1320,60,0,569,2,1616,2,3,1170,1082,ITH,ITH2,4,Provincia Autonoma Trento,P.A. Trento,541380,51907,9.59,0.42
1325,2021-03-27,PAT,1580,693,887,268,188,838,0,58,72,156,1328,252,ITH,ITH2,4,Provincia Autonoma Trento,P.A. Trento,541380,53487,9.88,0.29
1326,2020-12-27,PAT,103,40,63,76,4,2,21,0,0,0,103,0,ITH,ITH2,4,Provincia Autonoma Trento,P.A. Trento,541380,53590,9.9,0.02
1327,2021-02-03,PAT,846,314,532,355,13,12,73,393,0,0,414,432,ITH,ITH2,4,Provincia Autonoma Trento,P.A. Trento,541380,54436,10.06,0.16
1328,2021-01-04,PAT,870,227,643,485,41,8,335,1,0,0,870,0,ITH,ITH2,4,Provincia Autonoma Trento,P.A. Trento,541380,55306,10.22,0.16
1329,2021-03-09,PAT,1566,584,982,97,42,15,29,1091,92,200,923,643,ITH,ITH2,4,Provincia Autonoma Trento,P.A. Trento,541380,56872,10.51,0.29
1330,2021-02-11,PAT,1131,365,766,331,3,13,48,736,0,0,796,335,ITH,ITH2,4,Provincia Autonoma Trento,P.A. Trento,541380,58003,10.71,0.21
1331,2021-01-10,PAT,84,19,65,53,18,1,12,0,0,0,84,0,ITH,ITH2,4,Provincia Autonoma Trento,P.A. Trento,541380,58087,10.73,0.02
1332,2021-03-14,PAT,107,65,42,102,0,0,0,0,0,5,20,87,ITH,ITH2,4,Provincia Autonoma Trento,P.A. Trento,541380,58194,10.75,0.02
1333,2021-02-10,PAT,850,290,560,310,7,2,51,480,0,0,509,341,ITH,ITH2,4,Provincia Autonoma Trento,P.A. Trento,541380,59044,10.91,0.16
1334,2021-01-31,PAT,75,15,60,55,13,1,6,0,0,0,1,74,ITH,ITH2,4,Provincia Autonoma Trento,P.A. Trento,541380,59119,10.92,0.01
1335,2021-01-15,PAT,594,131,463,462,18,3,111,0,0,0,594,0,ITH,ITH2,4,Provincia Autonoma Trento,P.A. Trento,541380,59713,11.03,0.11
1336,2021-03-24,PAT,2273,893,1380,204,78,322,42,1389,15,223,1487,786,ITH,ITH2,4,Provincia Autonoma Trento,P.A. Trento,541380,61986,11.45,0.42
1337,2021-02-13,PAT,536,333,203,373,4,1,0,158,0,0,171,365,ITH,ITH2,4,Provincia Autonoma Trento,P.A. Trento,541380,62522,11.55,0.1
1338,2021-02-12,PAT,1010,340,670,335,54,14,55,552,0,0,589,421,ITH,ITH2,4,Provincia Autonoma Trento,P.A. Trento,541380,63532,11.74,0.19
1339,2021-02-18,PAT,1205,426,779,300,25,5,35,782,3,55,1143,62,ITH,ITH2,4,Provincia Autonoma Trento,P.A. Trento,541380,64737,11.96,0.22
1340,2021-01-16,PAT,318,147,171,303,0,1,14,0,0,0,318,0,ITH,ITH2,4,Provincia Autonoma Trento,P.A. Trento,541380,65055,12.02,0.06
1341,2021-02-28,PAT,242,121,121,231,0,0,0,0,0,11,242,0,ITH,ITH2,4,Provincia Autonoma Trento,P.A. Trento,541380,65297,12.06,0.04
1342,2021-03-28,PAT,754,293,461,18,386,270,0,8,70,2,743,11,ITH,ITH2,4,Provincia Autonoma Trento,P.A. Trento,541380,66051,12.2,0.14
1343,2021-04-06,PAT,1890,787,1103,35,4,888,0,876,11,76,1239,651,ITH,ITH2,4,Provincia Autonoma Trento,P.A. Trento,541380,67941,12.55,0.35
1344,2021-04-03,PAT,1119,466,653,141,250,585,0,47,66,30,954,165,ITH,ITH2,4,Provincia Autonoma Trento,P.A. Trento,541380,69060,12.76,0.21
1345,2021-02-22,PAT,745,259,486,118,4,7,70,501,0,45,660,85,ITH,ITH2,4,Provincia Autonoma Trento,P.A. Trento,541380,69805,12.89,0.14
1346,2021-03-30,PAT,2358,963,1395,71,57,995,52,999,9,175,1738,620,ITH,ITH2,4,Provincia Autonoma Trento,P.A. Trento,541380,72163,13.33,0.44
1347,2020-12-30,PAT,7,3,4,4,1,0,2,0,0,0,7,0,ITH,ITH2,4,Provincia Autonoma Trento,P.A. Trento,541380,72170,13.33,0.0
1348,2021-03-25,PAT,2741,1045,1696,174,134,817,28,1225,6,357,1754,987,ITH,ITH2,4,Provincia Autonoma Trento,P.A. Trento,541380,74911,13.84,0.51
1349,2021-02-17,PAT,1110,425,685,325,9,18,35,708,3,12,1019,91,ITH,ITH2,4,Provincia Autonoma Trento,P.A. Trento,541380,76021,14.04,0.21
1350,2021-03-23,PAT,2368,901,1467,145,96,905,71,987,5,159,1636,732,ITH,ITH2,4,Provincia Autonoma Trento,P.A. Trento,541380,78389,14.48,0.44
1351,2021-01-26,PAT,542,154,388,441,16,1,84,0,0,0,26,516,ITH,ITH2,4,Provincia Autonoma Trento,P.A. Trento,541380,78931,14.58,0.1
1352,2021-03-31,PAT,2507,970,1537,138,34,669,5,1428,6,227,1669,838,ITH,ITH2,4,Provincia Autonoma Trento,P.A. Trento,541380,81438,15.04,0.46
1353,2021-02-04,PAT,972,304,668,542,10,7,89,324,0,0,420,552,ITH,ITH2,4,Provincia Autonoma Trento,P.A. Trento,541380,82410,15.22,0.18
1354,2021-02-05,PAT,802,271,531,467,19,3,66,247,0,0,283,519,ITH,ITH2,4,Provincia Autonoma Trento,P.A. Trento,541380,83212,15.37,0.15
1355,2021-03-22,PAT,2264,961,1303,80,133,970,8,954,18,101,1394,870,ITH,ITH2,4,Provincia Autonoma Trento,P.A. Trento,541380,85476,15.79,0.42
1356,2021-03-21,PAT,129,69,60,34,1,76,0,0,0,18,128,1,ITH,ITH2,4,Provincia Autonoma Trento,P.A. Trento,541380,85605,15.81,0.02
1357,2021-01-24,PAT,547,276,271,535,12,0,0,0,0,0,224,323,ITH,ITH2,4,Provincia Autonoma Trento,P.A. Trento,541380,86152,15.91,0.1
1358,2021-03-08,PAT,1397,433,964,65,15,23,0,1010,7,277,1037,360,ITH,ITH2,4,Provincia Autonoma Trento,P.A. Trento,541380,87549,16.17,0.26
1359,2021-02-24,PAT,1318,523,795,236,5,7,29,974,1,66,922,396,ITH,ITH2,4,Provincia Autonoma Trento,P.A. Trento,541380,88867,16.41,0.24
1360,2021-01-09,PAT,190,40,150,145,13,1,31,0,0,0,190,0,ITH,ITH2,4,Provincia Autonoma Trento,P.A. Trento,541380,89057,16.45,0.04
1361,2021-03-20,PAT,867,399,468,151,97,473,0,77,0,69,664,203,ITH,ITH2,4,Provincia Autonoma Trento,P.A. Trento,541380,89924,16.61,0.16
1362,2021-03-03,PAT,1653,621,1032,74,11,20,59,1267,19,203,1098,555,ITH,ITH2,4,Provincia Autonoma Trento,P.A. Trento,541380,91577,16.92,0.31
1363,2021-01-13,PAT,421,123,298,392,6,0,23,0,0,0,421,0,ITH,ITH2,4,Provincia Autonoma Trento,P.A. Trento,541380,91998,16.99,0.08
1364,2021-03-07,PAT,22,6,16,0,0,0,0,0,0,22,22,0,ITH,ITH2,4,Provincia Autonoma Trento,P.A. Trento,541380,92020,17.0,0.0
1365,2021-02-15,PAT,533,187,346,145,21,8,27,321,0,11,419,114,ITH,ITH2,4,Provincia Autonoma Trento,P.A. Trento,541380,92553,17.1,0.1
1366,2021-01-06,PAT,42,13,29,42,0,0,0,0,0,0,42,0,ITH,ITH2,4,Provincia Autonoma Trento,P.A. Trento,541380,92595,17.1,0.01
1367,2021-01-17,PAT,251,195,56,251,0,0,0,0,0,0,251,0,ITH,ITH2,4,Provincia Autonoma Trento,P.A. Trento,541380,92846,17.15,0.05
1368,2021-04-01,PAT,2800,1191,1609,184,52,932,6,1498,3,125,1775,1025,ITH,ITH2,4,Provincia Autonoma Trento,P.A. Trento,541380,95646,17.67,0.52
1369,2021-02-02,PAT,907,240,667,507,33,14,189,164,0,0,190,717,ITH,ITH2,4,Provincia Autonoma Trento,P.A. Trento,541380,96553,17.83,0.17
1370,2021-01-11,PAT,728,221,507,518,49,9,152,0,0,0,728,0,ITH,ITH2,4,Provincia Autonoma Trento,P.A. Trento,541380,97281,17.97,0.13
1371,2021-03-13,PAT,831,382,449,201,15,0,30,44,282,259,781,50,ITH,ITH2,4,Provincia Autonoma Trento,P.A. Trento,541380,98112,18.12,0.15
1372,2021-02-08,PAT,1150,318,832,550,53,6,237,303,0,1,342,808,ITH,ITH2,4,Provincia Autonoma Trento,P.A. Trento,541380,99262,18.33,0.21
1373,2021-02-25,PAT,1639,642,997,120,9,8,32,1376,1,93,1180,459,ITH,ITH2,4,Provincia Autonoma Trento,P.A. Trento,541380,100901,18.64,0.3
1374,2021-03-16,PAT,1390,505,885,221,7,69,36,1053,0,4,596,794,ITH,ITH2,4,Provincia Autonoma Trento,P.A. Trento,541380,102291,18.89,0.26
1375,2021-01-03,PAT,492,160,332,418,9,3,62,0,0,0,492,0,ITH,ITH2,4,Provincia Autonoma Trento,P.A. Trento,541380,102783,18.99,0.09
1376,2021-02-14,PAT,246,186,60,246,0,0,0,0,0,0,11,235,ITH,ITH2,4,Provincia Autonoma Trento,P.A. Trento,541380,103029,19.03,0.05
1377,2021-03-19,PAT,2373,901,1472,314,71,853,52,1015,2,66,1552,821,ITH,ITH2,4,Provincia Autonoma Trento,P.A. Trento,541380,105402,19.47,0.44
1378,2021-01-17,ABR,187,59,128,136,13,38,0,0,0,0,180,7,ITF,ITF1,13,Abruzzo,Abruzzo,1304970,187,0.01,0.01
1379,2021-03-17,ABR,4544,1876,2668,285,26,187,144,3874,17,11,2801,1743,ITF,ITF1,13,Abruzzo,Abruzzo,1304970,4731,0.36,0.35
1380,2021-02-28,ABR,1707,511,1196,23,0,34,0,79,149,1422,1705,2,ITF,ITF1,13,Abruzzo,Abruzzo,1304970,6438,0.49,0.13
1381,2021-03-27,ABR,6119,2619,3500,189,11,1386,42,4235,40,216,3640,2479,ITF,ITF1,13,Abruzzo,Abruzzo,1304970,12557,0.96,0.47
1382,2021-03-07,ABR,2523,630,1893,28,0,210,0,461,1,1823,2523,0,ITF,ITF1,13,Abruzzo,Abruzzo,1304970,15080,1.16,0.19
1383,2021-03-24,ABR,6422,2829,3593,484,10,1762,143,3378,215,430,4166,2256,ITF,ITF1,13,Abruzzo,Abruzzo,1304970,21502,1.65,0.49
1384,2020-12-27,ABR,37,19,18,34,0,1,2,0,0,0,37,0,ITF,ITF1,13,Abruzzo,Abruzzo,1304970,21539,1.65,0.0
1385,2021-03-01,ABR,3489,1392,2097,698,29,264,174,1914,128,282,2725,764,ITF,ITF1,13,Abruzzo,Abruzzo,1304970,25028,1.92,0.27
1386,2021-03-04,ABR,5937,2359,3578,1171,14,521,93,2992,328,818,5015,922,ITF,ITF1,13,Abruzzo,Abruzzo,1304970,30965,2.37,0.45
1387,2021-01-04,ABR,1401,575,826,1396,0,5,0,0,0,0,1401,0,ITF,ITF1,13,Abruzzo,Abruzzo,1304970,32366,2.48,0.11
1388,2021-03-11,ABR,5428,2190,3238,1327,39,519,241,1539,199,1564,4289,1139,ITF,ITF1,13,Abruzzo,Abruzzo,1304970,37794,2.9,0.42
1389,2021-01-23,ABR,264,114,150,224,0,14,26,0,0,0,57,207,ITF,ITF1,13,Abruzzo,Abruzzo,1304970,38058,2.92,0.02
1390,2021-04-06,ABR,4684,2206,2478,139,6,2909,40,1553,10,27,3210,1474,ITF,ITF1,13,Abruzzo,Abruzzo,1304970,42742,3.28,0.36
1391,2021-03-22,ABR,4399,1959,2440,385,8,800,50,2578,136,442,2429,1970,ITF,ITF1,13,Abruzzo,Abruzzo,1304970,47141,3.61,0.34
1392,2021-02-09,ABR,908,311,597,612,56,109,131,0,0,0,499,409,ITF,ITF1,13,Abruzzo,Abruzzo,1304970,48049,3.68,0.07
1393,2021-02-04,ABR,1681,616,1065,1168,47,409,57,0,0,0,609,1072,ITF,ITF1,13,Abruzzo,Abruzzo,1304970,49730,3.81,0.13
1394,2021-03-08,ABR,5127,1669,3458,1190,30,477,112,1019,104,2195,4153,974,ITF,ITF1,13,Abruzzo,Abruzzo,1304970,54857,4.2,0.39
1395,2021-03-31,ABR,6655,2882,3773,446,5,2615,77,3255,12,245,4587,2068,ITF,ITF1,13,Abruzzo,Abruzzo,1304970,61512,4.71,0.51
1396,2021-03-03,ABR,4629,1883,2746,1222,6,577,36,1587,346,855,3723,906,ITF,ITF1,13,Abruzzo,Abruzzo,1304970,66141,5.07,0.35
1397,2021-02-23,ABR,2784,1274,1510,324,22,401,215,1436,286,100,2773,11,ITF,ITF1,13,Abruzzo,Abruzzo,1304970,68925,5.28,0.21
1398,2021-01-13,ABR,1253,440,813,1103,0,150,0,0,0,0,1253,0,ITF,ITF1,13,Abruzzo,Abruzzo,1304970,70178,5.38,0.1
1399,2021-03-30,ABR,5059,2199,2860,211,2,1749,31,2741,39,286,3234,1825,ITF,ITF1,13,Abruzzo,Abruzzo,1304970,75237,5.77,0.39
1400,2021-03-25,ABR,5685,2560,3125,249,10,945,39,3781,213,448,3069,2616,ITF,ITF1,13,Abruzzo,Abruzzo,1304970,80922,6.2,0.44
1401,2021-03-23,ABR,4852,2210,2642,180,25,505,183,3353,206,400,2283,2569,ITF,ITF1,13,Abruzzo,Abruzzo,1304970,85774,6.57,0.37
1402,2021-01-24,ABR,50,22,28,49,0,1,0,0,0,0,6,44,ITF,ITF1,13,Abruzzo,Abruzzo,1304970,85824,6.58,0.0
1403,2021-01-03,ABR,471,185,286,464,0,7,0,0,0,0,471,0,ITF,ITF1,13,Abruzzo,Abruzzo,1304970,86295,6.61,0.04
1404,2021-03-15,ABR,3639,1398,2241,657,8,562,78,1963,41,330,1823,1816,ITF,ITF1,13,Abruzzo,Abruzzo,1304970,89934,6.89,0.28
1405,2021-02-03,ABR,2061,717,1344,1541,47,355,118,0,0,0,419,1642,ITF,ITF1,13,Abruzzo,Abruzzo,1304970,91995,7.05,0.16
1406,2021-01-20,ABR,447,156,291,147,1,95,204,0,0,0,445,2,ITF,ITF1,13,Abruzzo,Abruzzo,1304970,92442,7.08,0.03
1407,2021-03-29,ABR,5625,2524,3101,463,1,1296,42,3593,35,195,2985,2640,ITF,ITF1,13,Abruzzo,Abruzzo,1304970,98067,7.51,0.43
1408,2021-02-15,ABR,1796,831,965,625,30,457,221,217,246,0,1754,42,ITF,ITF1,13,Abruzzo,Abruzzo,1304970,99863,7.65,0.14
1409,2021-03-19,ABR,5795,2584,3211,755,28,432,118,4398,51,13,2774,3021,ITF,ITF1,13,Abruzzo,Abruzzo,1304970,105658,8.1,0.44
1410,2021-02-18,ABR,2291,934,1357,670,36,344,416,610,215,0,2161,130,ITF,ITF1,13,Abruzzo,Abruzzo,1304970,107949,8.27,0.18
1411,2021-01-09,ABR,1483,565,918,1430,0,53,0,0,0,0,1483,0,ITF,ITF1,13,Abruzzo,Abruzzo,1304970,109432,8.39,0.11
1412,2021-02-19,ABR,3301,1552,1749,990,32,401,371,1111,388,8,3201,100,ITF,ITF1,13,Abruzzo,Abruzzo,1304970,112733,8.64,0.25
1413,2021-01-08,ABR,1525,507,1018,1487,0,38,0,0,0,0,1525,0,ITF,ITF1,13,Abruzzo,Abruzzo,1304970,114258,8.76,0.12
1414,2021-01-28,ABR,1433,495,938,1370,1,61,1,0,0,0,12,1421,ITF,ITF1,13,Abruzzo,Abruzzo,1304970,115691,8.87,0.11
1415,2021-01-19,ABR,111,55,56,27,1,33,50,0,0,0,91,20,ITF,ITF1,13,Abruzzo,Abruzzo,1304970,115802,8.87,0.01
1416,2021-02-26,ABR,3920,1671,2249,1025,13,552,160,1651,257,262,2951,969,ITF,ITF1,13,Abruzzo,Abruzzo,1304970,119722,9.17,0.3
1417,2021-01-12,ABR,1804,666,1138,1470,42,292,0,0,0,0,1804,0,ITF,ITF1,13,Abruzzo,Abruzzo,1304970,121526,9.31,0.14
1418,2021-02-12,ABR,968,319,649,438,11,209,310,0,0,0,779,189,ITF,ITF1,13,Abruzzo,Abruzzo,1304970,122494,9.39,0.07
1419,2021-03-06,ABR,4174,1354,2820,432,24,344,52,1748,15,1559,3604,570,ITF,ITF1,13,Abruzzo,Abruzzo,1304970,126668,9.71,0.32
1420,2021-01-22,ABR,118,57,61,2,1,3,112,0,0,0,118,0,ITF,ITF1,13,Abruzzo,Abruzzo,1304970,126786,9.72,0.01
1421,2021-03-28,ABR,2417,1018,1399,247,0,883,1,877,234,175,2045,372,ITF,ITF1,13,Abruzzo,Abruzzo,1304970,129203,9.9,0.19
1422,2021-01-21,ABR,157,47,110,10,4,2,141,0,0,0,157,0,ITF,ITF1,13,Abruzzo,Abruzzo,1304970,129360,9.91,0.01
1423,2021-01-06,ABR,1830,664,1166,1546,119,32,133,0,0,0,1830,0,ITF,ITF1,13,Abruzzo,Abruzzo,1304970,131190,10.05,0.14
1424,2021-04-03,ABR,5072,2212,2860,174,1,2377,27,2401,8,84,3478,1594,ITF,ITF1,13,Abruzzo,Abruzzo,1304970,136262,10.44,0.39
1425,2021-02-05,ABR,1536,521,1015,1188,11,230,107,0,0,0,789,747,ITF,ITF1,13,Abruzzo,Abruzzo,1304970,137798,10.56,0.12
1426,2021-02-24,ABR,3304,1440,1864,391,17,324,247,1968,226,131,3128,176,ITF,ITF1,13,Abruzzo,Abruzzo,1304970,141102,10.81,0.25
1427,2021-01-29,ABR,1386,449,937,1290,2,94,0,0,0,0,74,1312,ITF,ITF1,13,Abruzzo,Abruzzo,1304970,142488,10.92,0.11
1428,2021-01-07,ABR,1603,552,1051,1566,0,37,0,0,0,0,1603,0,ITF,ITF1,13,Abruzzo,Abruzzo,1304970,144091,11.04,0.12
1429,2021-02-16,ABR,1978,869,1109,841,20,493,139,410,75,0,1966,12,ITF,ITF1,13,Abruzzo,Abruzzo,1304970,146069,11.19,0.15
1430,2021-01-05,ABR,1614,604,1010,1604,0,10,0,0,0,0,1614,0,ITF,ITF1,13,Abruzzo,Abruzzo,1304970,147683,11.32,0.12
1431,2021-03-21,ABR,2135,913,1222,9,0,47,1,1919,29,130,844,1291,ITF,ITF1,13,Abruzzo,Abruzzo,1304970,149818,11.48,0.16
1432,2021-03-05,ABR,5262,1938,3324,561,10,447,108,2582,202,1352,4564,698,ITF,ITF1,13,Abruzzo,Abruzzo,1304970,155080,11.88,0.4
1433,2021-03-13,ABR,4253,1460,2793,539,17,1008,137,1468,23,1061,3177,1076,ITF,ITF1,13,Abruzzo,Abruzzo,1304970,159333,12.21,0.33
1434,2021-03-12,ABR,6022,1989,4033,1005,28,848,135,1700,117,2189,4439,1583,ITF,ITF1,13,Abruzzo,Abruzzo,1304970,165355,12.67,0.46
1435,2021-04-02,ABR,6683,3093,3590,184,2,3074,2,3305,22,94,5197,1486,ITF,ITF1,13,Abruzzo,Abruzzo,1304970,172038,13.18,0.51
1436,2021-04-04,ABR,1625,766,859,94,7,1071,2,446,1,4,1496,129,ITF,ITF1,13,Abruzzo,Abruzzo,1304970,173663,13.31,0.12
1437,2021-03-26,ABR,5303,2269,3034,264,1,1061,37,3327,164,449,3242,2061,ITF,ITF1,13,Abruzzo,Abruzzo,1304970,178966,13.71,0.41
1438,2021-01-30,ABR,1509,566,943,1348,1,113,47,0,0,0,69,1440,ITF,ITF1,13,Abruzzo,Abruzzo,1304970,180475,13.83,0.12
1439,2021-01-02,ABR,548,218,330,540,0,8,0,0,0,0,548,0,ITF,ITF1,13,Abruzzo,Abruzzo,1304970,181023,13.87,0.04
1440,2021-02-17,ABR,2077,952,1125,512,27,215,394,718,210,1,1794,283,ITF,ITF1,13,Abruzzo,Abruzzo,1304970,183100,14.03,0.16
1441,2021-03-20,ABR,4733,2159,2574,318,15,509,60,3650,84,97,2569,2164,ITF,ITF1,13,Abruzzo,Abruzzo,1304970,187833,14.39,0.36
1442,2021-01-25,ABR,1604,633,971,1584,0,20,0,0,0,0,20,1584,ITF,ITF1,13,Abruzzo,Abruzzo,1304970,189437,14.52,0.12
1443,2021-01-18,ABR,122,48,74,106,0,14,2,0,0,0,46,76,ITF,ITF1,13,Abruzzo,Abruzzo,1304970,189559,14.53,0.01
1444,2021-04-01,ABR,5530,2450,3080,274,8,2095,57,2908,35,153,3441,2089,ITF,ITF1,13,Abruzzo,Abruzzo,1304970,195089,14.95,0.42
1445,2021-01-15,ABR,379,149,230,223,6,115,35,0,0,0,379,0,ITF,ITF1,13,Abruzzo,Abruzzo,1304970,195468,14.98,0.03
1446,2021-02-08,ABR,1201,398,803,710,122,105,264,0,0,0,491,710,ITF,ITF1,13,Abruzzo,Abruzzo,1304970,196669,15.07,0.09
1447,2021-01-16,ABR,927,428,499,710,7,195,15,0,0,0,927,0,ITF,ITF1,13,Abruzzo,Abruzzo,1304970,197596,15.14,0.07
1448,2021-02-22,ABR,2644,1175,1469,477,5,352,46,1094,419,251,2614,30,ITF,ITF1,13,Abruzzo,Abruzzo,1304970,200240,15.34,0.2
1449,2021-02-13,ABR,845,383,462,549,25,199,72,0,0,0,437,408,ITF,ITF1,13,Abruzzo,Abruzzo,1304970,201085,15.41,0.06
1450,2021-03-18,ABR,3896,1651,2245,281,2,284,3,3297,22,7,2065,1831,ITF,ITF1,13,Abruzzo,Abruzzo,1304970,204981,15.71,0.3
1451,2021-01-10,ABR,1139,409,730,1091,0,48,0,0,0,0,1139,0,ITF,ITF1,13,Abruzzo,Abruzzo,1304970,206120,15.79,0.09
1452,2021-02-20,ABR,4782,1843,2939,310,7,563,192,1417,406,1887,4706,76,ITF,ITF1,13,Abruzzo,Abruzzo,1304970,210902,16.16,0.37
1453,2021-02-27,ABR,2809,1337,1472,253,23,162,123,732,642,874,2543,266,ITF,ITF1,13,Abruzzo,Abruzzo,1304970,213711,16.38,0.22
1454,2021-03-14,ABR,1895,733,1162,8,0,150,0,1488,0,249,1228,667,ITF,ITF1,13,Abruzzo,Abruzzo,1304970,215606,16.52,0.15
1455,2021-03-02,ABR,3964,1676,2288,934,15,424,53,1857,276,405,3280,684,ITF,ITF1,13,Abruzzo,Abruzzo,1304970,219570,16.83,0.3
1456,2021-01-11,ABR,1551,557,994,1337,62,104,48,0,0,0,1551,0,ITF,ITF1,13,Abruzzo,Abruzzo,1304970,221121,16.94,0.12
1457,2021-02-11,ABR,816,262,554,473,26,163,154,0,0,0,773,43,ITF,ITF1,13,Abruzzo,Abruzzo,1304970,221937,17.01,0.06
1458,2021-03-16,ABR,3486,1453,2033,284,3,163,169,2849,6,12,1831,1655,ITF,ITF1,13,Abruzzo,Abruzzo,1304970,225423,17.27,0.27
1459,2021-02-02,ABR,1798,677,1121,1243,67,346,142,0,0,0,241,1557,ITF,ITF1,13,Abruzzo,Abruzzo,1304970,227221,17.41,0.14
1460,2021-01-14,ABR,530,189,341,364,0,166,0,0,0,0,530,0,ITF,ITF1,13,Abruzzo,Abruzzo,1304970,227751,17.45,0.04
1461,2021-01-26,ABR,1542,567,975,1513,0,29,0,0,0,0,29,1513,ITF,ITF1,13,Abruzzo,Abruzzo,1304970,229293,17.57,0.12
1462,2021-03-10,ABR,4950,1640,3310,736,29,426,242,1519,127,1871,3993,957,ITF,ITF1,13,Abruzzo,Abruzzo,1304970,234243,17.95,0.38
1463,2021-02-21,ABR,1221,551,670,2,0,4,3,1210,2,0,1220,1,ITF,ITF1,13,Abruzzo,Abruzzo,1304970,235464,18.04,0.09
1464,2021-02-07,ABR,777,307,470,646,6,124,1,0,0,0,201,576,ITF,ITF1,13,Abruzzo,Abruzzo,1304970,236241,18.1,0.06
1465,2021-04-05,ABR,2696,1150,1546,136,1,1167,3,1368,5,16,1816,880,ITF,ITF1,13,Abruzzo,Abruzzo,1304970,238937,18.31,0.21
1466,2021-02-01,ABR,1632,573,1059,1384,34,213,1,0,0,0,271,1361,ITF,ITF1,13,Abruzzo,Abruzzo,1304970,240569,18.43,0.13
1467,2021-02-25,ABR,3086,1347,1739,615,29,528,18,1508,262,126,2558,528,ITF,ITF1,13,Abruzzo,Abruzzo,1304970,243655,18.67,0.24
1468,2021-02-10,ABR,948,313,635,622,42,168,116,0,0,0,504,444,ITF,ITF1,13,Abruzzo,Abruzzo,1304970,244603,18.74,0.07
1469,2021-01-31,ABR,1502,488,1014,1154,85,160,103,0,0,0,287,1215,ITF,ITF1,13,Abruzzo,Abruzzo,1304970,246105,18.86,0.12
1470,2021-01-27,ABR,1364,515,849,1301,1,62,0,0,0,0,39,1325,ITF,ITF1,13,Abruzzo,Abruzzo,1304970,247469,18.96,0.1
1471,2021-03-09,ABR,5170,1795,3375,988,21,507,84,1320,204,2046,4231,939,ITF,ITF1,13,Abruzzo,Abruzzo,1304970,252639,19.36,0.4
1472,2021-02-06,ABR,1611,742,869,1168,29,342,72,0,0,0,602,1009,ITF,ITF1,13,Abruzzo,Abruzzo,1304970,254250,19.48,0.12
1473,2021-03-10,BAS,1650,814,836,101,46,64,33,877,256,273,811,839,ITF,ITF5,17,Basilicata,Basilicata,559084,1650,0.3,0.3
1474,2021-03-02,BAS,791,381,410,110,23,55,5,184,201,213,656,135,ITF,ITF5,17,Basilicata,Basilicata,559084,2441,0.44,0.14
1475,2021-02-11,BAS,951,401,550,200,95,74,107,471,4,0,868,83,ITF,ITF5,17,Basilicata,Basilicata,559084,3392,0.61,0.17
1476,2021-01-12,BAS,217,88,129,87,22,9,99,0,0,0,217,0,ITF,ITF5,17,Basilicata,Basilicata,559084,3609,0.65,0.04
1477,2021-01-23,BAS,707,299,408,592,38,76,1,0,0,0,33,674,ITF,ITF5,17,Basilicata,Basilicata,559084,4316,0.77,0.13
1478,2021-03-25,BAS,1716,574,1142,38,0,110,0,910,22,636,1404,312,ITF,ITF5,17,Basilicata,Basilicata,559084,6032,1.08,0.31
1479,2021-01-05,BAS,945,409,536,861,38,46,0,0,0,0,945,0,ITF,ITF5,17,Basilicata,Basilicata,559084,6977,1.25,0.17
1480,2021-01-27,BAS,411,175,236,299,16,70,26,0,0,0,113,298,ITF,ITF5,17,Basilicata,Basilicata,559084,7388,1.32,0.07
1481,2021-03-09,BAS,1391,706,685,222,47,48,33,545,258,238,787,604,ITF,ITF5,17,Basilicata,Basilicata,559084,8779,1.57,0.25
1482,2021-01-26,BAS,793,350,443,622,70,66,35,0,0,0,101,692,ITF,ITF5,17,Basilicata,Basilicata,559084,9572,1.71,0.14
1483,2021-03-08,BAS,1450,707,743,221,126,126,38,410,256,273,840,610,ITF,ITF5,17,Basilicata,Basilicata,559084,11022,1.97,0.26
1484,2021-03-03,BAS,1740,813,927,191,252,161,99,590,203,244,1184,556,ITF,ITF5,17,Basilicata,Basilicata,559084,12762,2.28,0.31
1485,2021-03-06,BAS,1350,534,816,296,118,52,57,383,185,259,756,594,ITF,ITF5,17,Basilicata,Basilicata,559084,14112,2.52,0.24
1486,2021-01-18,BAS,463,157,306,364,51,3,45,0,0,0,364,99,ITF,ITF5,17,Basilicata,Basilicata,559084,14575,2.61,0.08
1487,2021-03-07,BAS,882,308,574,39,12,6,4,328,22,471,844,38,ITF,ITF5,17,Basilicata,Basilicata,559084,15457,2.76,0.16
1488,2021-03-16,BAS,1899,799,1100,103,27,31,0,1671,5,62,228,1671,ITF,ITF5,17,Basilicata,Basilicata,559084,17356,3.1,0.34
1489,2021-01-09,BAS,557,160,397,386,52,51,67,0,0,1,557,0,ITF,ITF5,17,Basilicata,Basilicata,559084,17913,3.2,0.1
1490,2021-02-15,BAS,621,232,389,191,93,44,46,246,1,0,580,41,ITF,ITF5,17,Basilicata,Basilicata,559084,18534,3.32,0.11
1491,2021-01-15,BAS,813,350,463,578,21,40,174,0,0,0,813,0,ITF,ITF5,17,Basilicata,Basilicata,559084,19347,3.46,0.15
1492,2021-03-23,BAS,1189,490,699,48,0,30,0,814,20,277,1082,107,ITF,ITF5,17,Basilicata,Basilicata,559084,20536,3.67,0.21
1493,2021-01-02,BAS,949,380,569,855,39,52,0,0,0,3,949,0,ITF,ITF5,17,Basilicata,Basilicata,559084,21485,3.84,0.17
1494,2021-01-20,BAS,84,22,62,0,0,84,0,0,0,0,84,0,ITF,ITF5,17,Basilicata,Basilicata,559084,21569,3.86,0.02
1495,2021-01-29,BAS,612,228,384,397,38,107,70,0,0,0,63,549,ITF,ITF5,17,Basilicata,Basilicata,559084,22181,3.97,0.11
1496,2021-03-28,BAS,2141,742,1399,92,0,72,1,1264,1,711,2121,20,ITF,ITF5,17,Basilicata,Basilicata,559084,24322,4.35,0.38
1497,2021-02-24,BAS,1803,743,1060,85,9,20,2,1686,1,0,1734,69,ITF,ITF5,17,Basilicata,Basilicata,559084,26125,4.67,0.32
1498,2021-02-16,BAS,905,377,528,250,90,5,67,492,1,0,807,98,ITF,ITF5,17,Basilicata,Basilicata,559084,27030,4.83,0.16
1499,2021-02-27,BAS,1986,856,1130,103,123,61,21,1678,0,0,1822,164,ITF,ITF5,17,Basilicata,Basilicata,559084,29016,5.19,0.36
1500,2021-03-01,BAS,540,279,261,121,50,79,4,169,67,50,376,164,ITF,ITF5,17,Basilicata,Basilicata,559084,29556,5.29,0.1
1501,2021-02-17,BAS,1135,493,642,123,42,27,57,884,1,1,1059,76,ITF,ITF5,17,Basilicata,Basilicata,559084,30691,5.49,0.2
1502,2021-02-04,BAS,1092,440,652,636,106,69,281,0,0,0,63,1029,ITF,ITF5,17,Basilicata,Basilicata,559084,31783,5.68,0.2
1503,2021-03-11,BAS,1783,919,864,163,63,99,77,905,253,223,824,959,ITF,ITF5,17,Basilicata,Basilicata,559084,33566,6.0,0.32
1504,2021-01-21,BAS,30,10,20,0,0,30,0,0,0,0,30,0,ITF,ITF5,17,Basilicata,Basilicata,559084,33596,6.01,0.01
1505,2021-04-06,BAS,941,296,645,135,0,147,0,204,17,438,750,191,ITF,ITF5,17,Basilicata,Basilicata,559084,34537,6.18,0.17
1506,2021-01-11,BAS,183,66,117,107,15,20,41,0,0,0,183,0,ITF,ITF5,17,Basilicata,Basilicata,559084,34720,6.21,0.03
1507,2021-01-28,BAS,903,401,502,717,24,80,81,1,0,0,119,784,ITF,ITF5,17,Basilicata,Basilicata,559084,35623,6.37,0.16
1508,2021-01-04,BAS,607,271,336,550,45,10,0,0,0,2,607,0,ITF,ITF5,17,Basilicata,Basilicata,559084,36230,6.48,0.11
1509,2021-01-30,BAS,703,226,477,424,81,72,126,0,0,0,127,576,ITF,ITF5,17,Basilicata,Basilicata,559084,36933,6.61,0.13
1510,2021-03-14,BAS,1008,477,531,41,110,13,8,516,71,249,539,469,ITF,ITF5,17,Basilicata,Basilicata,559084,37941,6.79,0.18
1511,2021-01-06,BAS,294,129,165,229,9,20,36,0,0,0,294,0,ITF,ITF5,17,Basilicata,Basilicata,559084,38235,6.84,0.05
1512,2021-03-31,BAS,3237,1287,1950,68,0,257,0,2663,18,231,2453,784,ITF,ITF5,17,Basilicata,Basilicata,559084,41472,7.42,0.58
1513,2021-02-01,BAS,242,91,151,156,24,14,48,0,0,0,46,196,ITF,ITF5,17,Basilicata,Basilicata,559084,41714,7.46,0.04
1514,2021-04-01,BAS,2822,1145,1677,79,0,273,0,2171,11,288,2108,714,ITF,ITF5,17,Basilicata,Basilicata,559084,44536,7.97,0.5
1515,2021-03-12,BAS,1896,975,921,266,61,48,37,985,241,258,798,1098,ITF,ITF5,17,Basilicata,Basilicata,559084,46432,8.31,0.34
1516,2021-02-23,BAS,1901,771,1130,159,24,25,35,1658,0,0,1763,138,ITF,ITF5,17,Basilicata,Basilicata,559084,48333,8.65,0.34
1517,2021-02-26,BAS,2148,904,1244,88,93,12,1,1954,0,0,2069,79,ITF,ITF5,17,Basilicata,Basilicata,559084,50481,9.03,0.38
1518,2021-01-25,BAS,1020,427,593,828,80,111,1,0,0,0,74,946,ITF,ITF5,17,Basilicata,Basilicata,559084,51501,9.21,0.18
1519,2021-02-03,BAS,666,300,366,425,15,54,172,0,0,0,32,634,ITF,ITF5,17,Basilicata,Basilicata,559084,52167,9.33,0.12
1520,2021-01-03,BAS,900,344,556,790,45,63,0,0,0,2,900,0,ITF,ITF5,17,Basilicata,Basilicata,559084,53067,9.49,0.16
1521,2021-02-05,BAS,983,443,540,611,36,145,191,0,0,0,64,919,ITF,ITF5,17,Basilicata,Basilicata,559084,54050,9.67,0.18
1522,2021-02-12,BAS,775,332,443,288,138,63,90,190,6,0,744,31,ITF,ITF5,17,Basilicata,Basilicata,559084,54825,9.81,0.14
1523,2021-01-16,BAS,721,304,417,466,17,75,161,0,0,2,721,0,ITF,ITF5,17,Basilicata,Basilicata,559084,55546,9.94,0.13
1524,2021-01-19,BAS,199,84,115,78,48,29,44,0,0,0,199,0,ITF,ITF5,17,Basilicata,Basilicata,559084,55745,9.97,0.04
1525,2021-03-04,BAS,1872,889,983,217,107,136,66,842,263,241,1079,793,ITF,ITF5,17,Basilicata,Basilicata,559084,57617,10.31,0.33
1526,2021-03-21,BAS,1045,480,565,32,0,51,0,803,0,159,352,693,ITF,ITF5,17,Basilicata,Basilicata,559084,58662,10.49,0.19
1527,2021-01-07,BAS,640,319,321,556,8,47,29,0,0,0,640,0,ITF,ITF5,17,Basilicata,Basilicata,559084,59302,10.61,0.11
1528,2021-03-05,BAS,1849,855,994,298,123,104,72,689,254,309,1104,745,ITF,ITF5,17,Basilicata,Basilicata,559084,61151,10.94,0.33
1529,2021-03-29,BAS,2680,984,1696,68,0,154,0,1780,4,674,2342,338,ITF,ITF5,17,Basilicata,Basilicata,559084,63831,11.42,0.48
1530,2021-03-17,BAS,1448,606,842,22,11,18,0,1390,5,2,27,1421,ITF,ITF5,17,Basilicata,Basilicata,559084,65279,11.68,0.26
1531,2021-03-24,BAS,1540,625,915,67,0,62,0,951,43,417,1187,353,ITF,ITF5,17,Basilicata,Basilicata,559084,66819,11.95,0.28
1532,2021-04-03,BAS,1793,747,1046,38,1,338,0,1102,4,310,1458,335,ITF,ITF5,17,Basilicata,Basilicata,559084,68612,12.27,0.32
1533,2021-03-15,BAS,2347,981,1366,78,26,20,0,1934,23,266,520,1827,ITF,ITF5,17,Basilicata,Basilicata,559084,70959,12.69,0.42
1534,2021-04-02,BAS,2300,1039,1261,97,0,445,0,1723,10,25,1693,607,ITF,ITF5,17,Basilicata,Basilicata,559084,73259,13.1,0.41
1535,2021-01-24,BAS,834,299,535,706,46,81,1,0,0,0,58,776,ITF,ITF5,17,Basilicata,Basilicata,559084,74093,13.25,0.15
1536,2021-02-06,BAS,902,367,535,546,115,72,168,0,0,1,146,756,ITF,ITF5,17,Basilicata,Basilicata,559084,74995,13.41,0.16
1537,2021-02-13,BAS,799,313,486,279,125,79,115,199,2,0,738,61,ITF,ITF5,17,Basilicata,Basilicata,559084,75794,13.56,0.14
1538,2021-02-19,BAS,1622,737,885,219,356,19,66,962,0,0,1560,62,ITF,ITF5,17,Basilicata,Basilicata,559084,77416,13.85,0.29
1539,2021-01-08,BAS,554,219,335,383,30,82,59,0,0,0,554,0,ITF,ITF5,17,Basilicata,Basilicata,559084,77970,13.95,0.1
1540,2021-02-14,BAS,151,48,103,55,12,1,65,18,0,0,151,0,ITF,ITF5,17,Basilicata,Basilicata,559084,78121,13.97,0.03
1541,2021-03-26,BAS,1884,688,1196,194,0,64,0,1150,1,475,1622,262,ITF,ITF5,17,Basilicata,Basilicata,559084,80005,14.31,0.34
1542,2021-02-20,BAS,1160,530,630,77,170,31,80,802,0,0,1043,117,ITF,ITF5,17,Basilicata,Basilicata,559084,81165,14.52,0.21
1543,2021-04-05,BAS,437,166,271,2,0,25,0,338,1,71,135,302,ITF,ITF5,17,Basilicata,Basilicata,559084,81602,14.6,0.08
1544,2021-03-22,BAS,1172,529,643,46,49,38,0,638,16,385,626,546,ITF,ITF5,17,Basilicata,Basilicata,559084,82774,14.81,0.21
1545,2021-03-18,BAS,1346,561,785,30,0,10,0,1306,0,0,22,1324,ITF,ITF5,17,Basilicata,Basilicata,559084,84120,15.05,0.24
1546,2021-02-25,BAS,1787,736,1051,67,2,12,0,1705,1,0,1741,46,ITF,ITF5,17,Basilicata,Basilicata,559084,85907,15.37,0.32
1547,2021-02-28,BAS,802,342,460,32,0,30,0,740,0,0,774,28,ITF,ITF5,17,Basilicata,Basilicata,559084,86709,15.51,0.14
1548,2021-02-21,BAS,284,113,171,16,1,1,11,254,0,1,284,0,ITF,ITF5,17,Basilicata,Basilicata,559084,86993,15.56,0.05
1549,2021-03-27,BAS,2024,747,1277,17,0,99,0,1530,0,378,1710,314,ITF,ITF5,17,Basilicata,Basilicata,559084,89017,15.92,0.36
1550,2021-02-10,BAS,547,237,310,176,95,58,127,90,0,1,495,52,ITF,ITF5,17,Basilicata,Basilicata,559084,89564,16.02,0.1
1551,2021-01-31,BAS,77,24,53,75,2,0,0,0,0,0,0,77,ITF,ITF5,17,Basilicata,Basilicata,559084,89641,16.03,0.01
1552,2021-04-04,BAS,530,211,319,7,0,30,0,406,0,87,117,413,ITF,ITF5,17,Basilicata,Basilicata,559084,90171,16.13,0.09
1553,2021-01-22,BAS,67,24,43,6,0,60,0,1,0,0,67,0,ITF,ITF5,17,Basilicata,Basilicata,559084,90238,16.14,0.01
1554,2021-02-07,BAS,373,159,214,259,25,49,40,0,0,0,49,324,ITF,ITF5,17,Basilicata,Basilicata,559084,90611,16.21,0.07
1555,2021-03-20,BAS,1286,566,720,45,68,47,0,943,5,178,275,1011,ITF,ITF5,17,Basilicata,Basilicata,559084,91897,16.44,0.23
1556,2021-01-17,BAS,328,133,195,233,11,30,54,0,0,0,327,1,ITF,ITF5,17,Basilicata,Basilicata,559084,92225,16.5,0.06
1557,2021-03-19,BAS,2284,988,1296,58,75,37,0,1950,22,142,261,2023,ITF,ITF5,17,Basilicata,Basilicata,559084,94509,16.9,0.41
1558,2020-12-27,BAS,106,41,65,104,0,2,0,0,0,0,106,0,ITF,ITF5,17,Basilicata,Basilicata,559084,94615,16.92,0.02
1559,2021-02-22,BAS,1790,773,1017,125,18,68,2,1577,0,0,1737,53,ITF,ITF5,17,Basilicata,Basilicata,559084,96405,17.24,0.32
1560,2021-02-08,BAS,557,193,364,436,49,23,49,0,0,0,151,406,ITF,ITF5,17,Basilicata,Basilicata,559084,96962,17.34,0.1
1561,2021-01-14,BAS,969,413,556,504,110,32,323,0,0,0,969,0,ITF,ITF5,17,Basilicata,Basilicata,559084,97931,17.52,0.17
1562,2021-03-13,BAS,1794,888,906,82,292,66,46,864,231,213,749,1045,ITF,ITF5,17,Basilicata,Basilicata,559084,99725,17.84,0.32
1563,2021-02-09,BAS,491,213,278,200,225,12,54,0,0,0,316,175,ITF,ITF5,17,Basilicata,Basilicata,559084,100216,17.93,0.09
1564,2021-02-18,BAS,1070,401,669,270,55,19,150,576,0,0,855,215,ITF,ITF5,17,Basilicata,Basilicata,559084,101286,18.12,0.19
1565,2021-01-13,BAS,916,387,529,699,11,57,148,0,0,1,916,0,ITF,ITF5,17,Basilicata,Basilicata,559084,102202,18.28,0.16
1566,2021-03-30,BAS,2896,1180,1716,37,0,148,0,2192,7,512,2551,345,ITF,ITF5,17,Basilicata,Basilicata,559084,105098,18.8,0.52
1567,2021-01-10,BAS,77,24,53,9,2,66,0,0,0,0,77,0,ITF,ITF5,17,Basilicata,Basilicata,559084,105175,18.81,0.01
1568,2021-02-02,BAS,365,141,224,212,15,36,102,0,0,0,175,190,ITF,ITF5,17,Basilicata,Basilicata,559084,105540,18.88,0.07
1569,2021-02-05,FVG,2613,784,1829,1612,511,0,490,0,0,0,90,2523,ITH,ITH4,6,Friuli-Venezia Giulia,Friuli Venezia Giulia,1215220,2613,0.22,0.22
1570,2021-01-03,FVG,312,122,190,285,0,26,1,0,0,0,312,0,ITH,ITH4,6,Friuli-Venezia Giulia,Friuli Venezia Giulia,1215220,2925,0.24,0.03
1571,2021-03-08,FVG,4041,1574,2467,694,366,176,140,2190,39,436,1953,2088,ITH,ITH4,6,Friuli-Venezia Giulia,Friuli Venezia Giulia,1215220,6966,0.57,0.33
1572,2021-03-01,FVG,2957,1042,1915,93,32,68,176,1635,4,949,2904,53,ITH,ITH4,6,Friuli-Venezia Giulia,Friuli Venezia Giulia,1215220,9923,0.82,0.24
1573,2021-01-29,FVG,2413,813,1600,1855,0,321,237,0,0,0,264,2149,ITH,ITH4,6,Friuli-Venezia Giulia,Friuli Venezia Giulia,1215220,12336,1.02,0.2
1574,2021-03-22,FVG,3475,1327,2148,147,86,102,207,2464,6,463,1522,1953,ITH,ITH4,6,Friuli-Venezia Giulia,Friuli Venezia Giulia,1215220,15811,1.3,0.29
1575,2021-02-22,FVG,2493,1196,1297,431,312,15,115,1369,246,5,2075,418,ITH,ITH4,6,Friuli-Venezia Giulia,Friuli Venezia Giulia,1215220,18304,1.51,0.21
1576,2021-01-24,FVG,305,119,186,277,0,27,1,0,0,0,1,304,ITH,ITH4,6,Friuli-Venezia Giulia,Friuli Venezia Giulia,1215220,18609,1.53,0.03
1577,2021-01-14,FVG,2588,789,1799,1608,14,536,430,0,0,0,2588,0,ITH,ITH4,6,Friuli-Venezia Giulia,Friuli Venezia Giulia,1215220,21197,1.74,0.21
1578,2021-02-27,FVG,3422,1178,2244,203,140,32,0,1523,25,1499,3421,1,ITH,ITH4,6,Friuli-Venezia Giulia,Friuli Venezia Giulia,1215220,24619,2.03,0.28
1579,2021-02-12,FVG,1200,428,772,674,392,3,128,2,0,1,1150,50,ITH,ITH4,6,Friuli-Venezia Giulia,Friuli Venezia Giulia,1215220,25819,2.12,0.1
1580,2021-03-30,FVG,6960,3091,3869,416,306,3718,393,1933,54,140,6040,920,ITH,ITH4,6,Friuli-Venezia Giulia,Friuli Venezia Giulia,1215220,32779,2.7,0.57
1581,2021-01-30,FVG,2271,744,1527,1475,2,352,442,0,0,0,270,2001,ITH,ITH4,6,Friuli-Venezia Giulia,Friuli Venezia Giulia,1215220,35050,2.88,0.19
1582,2021-03-31,FVG,7621,3327,4294,163,83,3970,265,2154,111,875,6813,808,ITH,ITH4,6,Friuli-Venezia Giulia,Friuli Venezia Giulia,1215220,42671,3.51,0.63
1583,2021-04-02,FVG,5439,2399,3040,288,205,2069,52,2814,8,3,3982,1457,ITH,ITH4,6,Friuli-Venezia Giulia,Friuli Venezia Giulia,1215220,48110,3.96,0.45
1584,2021-03-15,FVG,3759,1633,2126,327,253,105,180,2426,234,234,1440,2319,ITH,ITH4,6,Friuli-Venezia Giulia,Friuli Venezia Giulia,1215220,51869,4.27,0.31
1585,2020-12-31,FVG,1053,384,669,1011,0,42,0,0,0,0,1053,0,ITH,ITH4,6,Friuli-Venezia Giulia,Friuli Venezia Giulia,1215220,52922,4.35,0.09
1586,2021-01-04,FVG,1510,559,951,1392,0,118,0,0,0,0,1510,0,ITH,ITH4,6,Friuli-Venezia Giulia,Friuli Venezia Giulia,1215220,54432,4.48,0.12
1587,2021-02-25,FVG,3074,1606,1468,22,4,125,188,1557,436,742,3049,25,ITH,ITH4,6,Friuli-Venezia Giulia,Friuli Venezia Giulia,1215220,57506,4.73,0.25
1588,2021-02-28,FVG,2668,988,1680,234,162,1,0,405,378,1488,2273,395,ITH,ITH4,6,Friuli-Venezia Giulia,Friuli Venezia Giulia,1215220,60174,4.95,0.22
1589,2021-02-21,FVG,800,281,519,213,166,11,26,382,1,1,423,377,ITH,ITH4,6,Friuli-Venezia Giulia,Friuli Venezia Giulia,1215220,60974,5.02,0.07
1590,2021-03-26,FVG,5658,2371,3287,496,193,1962,123,2045,87,752,3646,2012,ITH,ITH4,6,Friuli-Venezia Giulia,Friuli Venezia Giulia,1215220,66632,5.48,0.47
1591,2021-03-04,FVG,3411,1578,1833,357,212,39,96,1815,491,401,2769,642,ITH,ITH4,6,Friuli-Venezia Giulia,Friuli Venezia Giulia,1215220,70043,5.76,0.28
1592,2021-03-21,FVG,2599,937,1662,6,3,112,0,1332,27,1119,2191,408,ITH,ITH4,6,Friuli-Venezia Giulia,Friuli Venezia Giulia,1215220,72642,5.98,0.21
1593,2021-01-25,FVG,1583,567,1016,1370,0,141,72,0,0,0,194,1389,ITH,ITH4,6,Friuli-Venezia Giulia,Friuli Venezia Giulia,1215220,74225,6.11,0.13
1594,2021-04-03,FVG,3165,1620,1545,29,24,1490,0,1450,23,149,2640,525,ITH,ITH4,6,Friuli-Venezia Giulia,Friuli Venezia Giulia,1215220,77390,6.37,0.26
1595,2021-02-07,FVG,1561,483,1078,866,693,0,2,0,0,0,386,1175,ITH,ITH4,6,Friuli-Venezia Giulia,Friuli Venezia Giulia,1215220,78951,6.5,0.13
1596,2021-04-05,FVG,2830,1409,1421,32,19,2171,0,464,24,120,2816,14,ITH,ITH4,6,Friuli-Venezia Giulia,Friuli Venezia Giulia,1215220,81781,6.73,0.23
1597,2021-02-20,FVG,2068,933,1135,11,1,18,148,1584,0,306,1924,144,ITH,ITH4,6,Friuli-Venezia Giulia,Friuli Venezia Giulia,1215220,83849,6.9,0.17
1598,2021-03-12,FVG,3934,1542,2392,176,61,116,27,2864,101,589,2554,1380,ITH,ITH4,6,Friuli-Venezia Giulia,Friuli Venezia Giulia,1215220,87783,7.22,0.32
1599,2021-01-07,FVG,2092,718,1374,1760,1,221,110,0,0,0,2092,0,ITH,ITH4,6,Friuli-Venezia Giulia,Friuli Venezia Giulia,1215220,89875,7.4,0.17
1600,2021-01-08,FVG,2322,747,1575,1680,5,241,396,0,0,0,2322,0,ITH,ITH4,6,Friuli-Venezia Giulia,Friuli Venezia Giulia,1215220,92197,7.59,0.19
1601,2020-12-30,FVG,630,246,384,601,0,29,0,0,0,0,630,0,ITH,ITH4,6,Friuli-Venezia Giulia,Friuli Venezia Giulia,1215220,92827,7.64,0.05
1602,2021-01-19,FVG,7,2,5,5,0,0,2,0,0,0,7,0,ITH,ITH4,6,Friuli-Venezia Giulia,Friuli Venezia Giulia,1215220,92834,7.64,0.0
1603,2021-01-31,FVG,2715,836,1879,1693,2,1002,18,0,0,0,385,2330,ITH,ITH4,6,Friuli-Venezia Giulia,Friuli Venezia Giulia,1215220,95549,7.86,0.22
1604,2021-03-17,FVG,3207,1257,1950,428,218,109,199,2244,3,6,717,2490,ITH,ITH4,6,Friuli-Venezia Giulia,Friuli Venezia Giulia,1215220,98756,8.13,0.26
1605,2021-01-20,FVG,751,323,428,719,1,31,0,0,0,0,12,739,ITH,ITH4,6,Friuli-Venezia Giulia,Friuli Venezia Giulia,1215220,99507,8.19,0.06
1606,2021-01-05,FVG,1680,551,1129,1350,1,132,197,0,0,0,1680,0,ITH,ITH4,6,Friuli-Venezia Giulia,Friuli Venezia Giulia,1215220,101187,8.33,0.14
1607,2021-01-12,FVG,2259,712,1547,1528,19,351,361,0,0,0,2259,0,ITH,ITH4,6,Friuli-Venezia Giulia,Friuli Venezia Giulia,1215220,103446,8.51,0.19
1608,2021-03-09,FVG,3862,1590,2272,657,420,102,195,2004,60,424,1109,2753,ITH,ITH4,6,Friuli-Venezia Giulia,Friuli Venezia Giulia,1215220,107308,8.83,0.32
1609,2021-01-21,FVG,895,345,550,864,0,31,0,0,0,0,1,894,ITH,ITH4,6,Friuli-Venezia Giulia,Friuli Venezia Giulia,1215220,108203,8.9,0.07
1610,2021-02-23,FVG,2615,1252,1363,104,44,63,206,1943,254,1,2437,178,ITH,ITH4,6,Friuli-Venezia Giulia,Friuli Venezia Giulia,1215220,110818,9.12,0.22
1611,2021-02-26,FVG,3738,2093,1645,75,26,115,452,1739,1032,299,3592,146,ITH,ITH4,6,Friuli-Venezia Giulia,Friuli Venezia Giulia,1215220,114556,9.43,0.31
1612,2021-02-10,FVG,1352,496,856,745,487,0,119,0,0,1,1266,86,ITH,ITH4,6,Friuli-Venezia Giulia,Friuli Venezia Giulia,1215220,115908,9.54,0.11
1613,2021-01-26,FVG,1973,647,1326,1440,0,152,381,0,0,0,214,1759,ITH,ITH4,6,Friuli-Venezia Giulia,Friuli Venezia Giulia,1215220,117881,9.7,0.16
1614,2021-03-27,FVG,4977,2556,2421,60,30,2784,1,1989,15,98,3566,1411,ITH,ITH4,6,Friuli-Venezia Giulia,Friuli Venezia Giulia,1215220,122858,10.11,0.41
1615,2021-03-10,FVG,3360,1494,1866,305,243,128,207,1973,309,195,1568,1792,ITH,ITH4,6,Friuli-Venezia Giulia,Friuli Venezia Giulia,1215220,126218,10.39,0.28
1616,2021-02-13,FVG,567,179,388,337,230,0,0,0,0,0,561,6,ITH,ITH4,6,Friuli-Venezia Giulia,Friuli Venezia Giulia,1215220,126785,10.43,0.05
1617,2021-02-01,FVG,2094,688,1406,1588,254,117,135,0,0,0,15,2079,ITH,ITH4,6,Friuli-Venezia Giulia,Friuli Venezia Giulia,1215220,128879,10.61,0.17
1618,2021-02-08,FVG,2356,693,1663,1400,521,0,435,0,0,0,92,2264,ITH,ITH4,6,Friuli-Venezia Giulia,Friuli Venezia Giulia,1215220,131235,10.8,0.19
1619,2021-03-03,FVG,3640,1626,2014,750,493,72,100,1329,469,427,2362,1278,ITH,ITH4,6,Friuli-Venezia Giulia,Friuli Venezia Giulia,1215220,134875,11.1,0.3
1620,2021-03-06,FVG,3491,1194,2297,182,148,111,1,1565,20,1464,3165,326,ITH,ITH4,6,Friuli-Venezia Giulia,Friuli Venezia Giulia,1215220,138366,11.39,0.29
1621,2020-12-27,FVG,262,149,113,259,0,3,0,0,0,0,262,0,ITH,ITH4,6,Friuli-Venezia Giulia,Friuli Venezia Giulia,1215220,138628,11.41,0.02
1622,2021-02-02,FVG,2466,806,1660,1657,393,0,416,0,0,0,217,2249,ITH,ITH4,6,Friuli-Venezia Giulia,Friuli Venezia Giulia,1215220,141094,11.61,0.2
1623,2021-01-16,FVG,1231,360,871,771,1,211,248,0,0,0,1231,0,ITH,ITH4,6,Friuli-Venezia Giulia,Friuli Venezia Giulia,1215220,142325,11.71,0.1
1624,2021-04-06,FVG,3265,1470,1795,76,60,1486,46,1566,17,14,2624,641,ITH,ITH4,6,Friuli-Venezia Giulia,Friuli Venezia Giulia,1215220,145590,11.98,0.27
1625,2021-02-04,FVG,2731,807,1924,1723,543,0,465,0,0,0,36,2695,ITH,ITH4,6,Friuli-Venezia Giulia,Friuli Venezia Giulia,1215220,148321,12.21,0.22
1626,2021-04-01,FVG,5529,2642,2887,162,109,2973,189,1969,34,93,4572,957,ITH,ITH4,6,Friuli-Venezia Giulia,Friuli Venezia Giulia,1215220,153850,12.66,0.45
1627,2021-03-29,FVG,6757,2963,3794,235,179,3441,143,2401,46,312,5179,1578,ITH,ITH4,6,Friuli-Venezia Giulia,Friuli Venezia Giulia,1215220,160607,13.22,0.56
1628,2021-03-19,FVG,3200,1327,1873,105,46,121,282,2512,0,134,1272,1928,ITH,ITH4,6,Friuli-Venezia Giulia,Friuli Venezia Giulia,1215220,163807,13.48,0.26
1629,2021-03-28,FVG,4803,2270,2533,13,13,2936,0,425,111,1305,4663,140,ITH,ITH4,6,Friuli-Venezia Giulia,Friuli Venezia Giulia,1215220,168610,13.87,0.4
1630,2021-03-14,FVG,1395,548,847,0,1,17,0,247,333,797,1143,252,ITH,ITH4,6,Friuli-Venezia Giulia,Friuli Venezia Giulia,1215220,170005,13.99,0.11
1631,2021-02-06,FVG,1154,338,816,755,208,0,191,0,0,0,22,1132,ITH,ITH4,6,Friuli-Venezia Giulia,Friuli Venezia Giulia,1215220,171159,14.08,0.09
1632,2021-01-18,FVG,1961,607,1354,1359,4,488,110,0,0,0,1867,94,ITH,ITH4,6,Friuli-Venezia Giulia,Friuli Venezia Giulia,1215220,173120,14.25,0.16
1633,2021-01-27,FVG,1272,425,847,851,1,356,64,0,0,0,450,822,ITH,ITH4,6,Friuli-Venezia Giulia,Friuli Venezia Giulia,1215220,174392,14.35,0.1
1634,2021-03-16,FVG,3137,1281,1856,326,255,110,243,2202,0,1,1058,2079,ITH,ITH4,6,Friuli-Venezia Giulia,Friuli Venezia Giulia,1215220,177529,14.61,0.26
1635,2021-02-09,FVG,1848,556,1292,1053,509,0,286,0,0,0,1559,289,ITH,ITH4,6,Friuli-Venezia Giulia,Friuli Venezia Giulia,1215220,179377,14.76,0.15
1636,2021-01-17,FVG,1720,524,1196,674,5,555,486,0,0,0,1720,0,ITH,ITH4,6,Friuli-Venezia Giulia,Friuli Venezia Giulia,1215220,181097,14.9,0.14
1637,2021-01-28,FVG,2236,792,1444,1755,0,287,194,0,0,0,354,1882,ITH,ITH4,6,Friuli-Venezia Giulia,Friuli Venezia Giulia,1215220,183333,15.09,0.18
1638,2021-03-11,FVG,3326,1393,1933,262,109,47,287,2013,104,504,1578,1748,ITH,ITH4,6,Friuli-Venezia Giulia,Friuli Venezia Giulia,1215220,186659,15.36,0.27
1639,2021-02-15,FVG,2454,909,1545,700,386,19,315,1034,0,0,2204,250,ITH,ITH4,6,Friuli-Venezia Giulia,Friuli Venezia Giulia,1215220,189113,15.56,0.2
1640,2021-03-25,FVG,5224,2220,3004,53,54,1988,186,2056,53,834,3091,2133,ITH,ITH4,6,Friuli-Venezia Giulia,Friuli Venezia Giulia,1215220,194337,15.99,0.43
1641,2021-01-09,FVG,2518,841,1677,1519,2,404,593,0,0,0,2518,0,ITH,ITH4,6,Friuli-Venezia Giulia,Friuli Venezia Giulia,1215220,196855,16.2,0.21
1642,2021-03-23,FVG,3721,1546,2175,320,297,148,240,2446,29,241,1582,2139,ITH,ITH4,6,Friuli-Venezia Giulia,Friuli Venezia Giulia,1215220,200576,16.51,0.31
1643,2021-03-24,FVG,3697,1501,2196,178,176,412,129,2314,61,427,2229,1468,ITH,ITH4,6,Friuli-Venezia Giulia,Friuli Venezia Giulia,1215220,204273,16.81,0.3
1644,2021-01-22,FVG,90,30,60,89,0,1,0,0,0,0,0,90,ITH,ITH4,6,Friuli-Venezia Giulia,Friuli Venezia Giulia,1215220,204363,16.82,0.01
1645,2021-01-15,FVG,2028,606,1422,1283,6,364,375,0,0,0,2028,0,ITH,ITH4,6,Friuli-Venezia Giulia,Friuli Venezia Giulia,1215220,206391,16.98,0.17
1646,2021-01-11,FVG,1882,609,1273,1500,3,333,46,0,0,0,1882,0,ITH,ITH4,6,Friuli-Venezia Giulia,Friuli Venezia Giulia,1215220,208273,17.14,0.15
1647,2021-03-02,FVG,4220,1518,2702,1164,658,19,202,1538,5,634,2717,1503,ITH,ITH4,6,Friuli-Venezia Giulia,Friuli Venezia Giulia,1215220,212493,17.49,0.35
1648,2021-01-23,FVG,816,324,492,768,1,47,0,0,0,0,4,812,ITH,ITH4,6,Friuli-Venezia Giulia,Friuli Venezia Giulia,1215220,213309,17.55,0.07
1649,2021-03-07,FVG,2537,926,1611,1,1,157,0,143,453,1782,2536,1,ITH,ITH4,6,Friuli-Venezia Giulia,Friuli Venezia Giulia,1215220,215846,17.76,0.21
1650,2021-02-24,FVG,2518,1082,1436,23,5,48,310,1835,0,297,2500,18,ITH,ITH4,6,Friuli-Venezia Giulia,Friuli Venezia Giulia,1215220,218364,17.97,0.21
1651,2021-02-11,FVG,1935,665,1270,1134,566,2,229,3,1,0,1742,193,ITH,ITH4,6,Friuli-Venezia Giulia,Friuli Venezia Giulia,1215220,220299,18.13,0.16
1652,2021-01-02,FVG,1217,471,746,1150,0,67,0,0,0,0,1217,0,ITH,ITH4,6,Friuli-Venezia Giulia,Friuli Venezia Giulia,1215220,221516,18.23,0.1
1653,2021-02-18,FVG,3210,1488,1722,229,122,16,331,1500,34,978,2804,406,ITH,ITH4,6,Friuli-Venezia Giulia,Friuli Venezia Giulia,1215220,224726,18.49,0.26
1654,2021-02-19,FVG,3254,1290,1964,568,309,14,313,1589,35,426,2825,429,ITH,ITH4,6,Friuli-Venezia Giulia,Friuli Venezia Giulia,1215220,227980,18.76,0.27
1655,2021-03-20,FVG,3345,1352,1993,413,274,24,8,2381,179,66,1251,2094,ITH,ITH4,6,Friuli-Venezia Giulia,Friuli Venezia Giulia,1215220,231325,19.04,0.28
1656,2021-02-17,FVG,2352,998,1354,328,178,15,230,1555,46,0,1873,479,ITH,ITH4,6,Friuli-Venezia Giulia,Friuli Venezia Giulia,1215220,233677,19.23,0.19
1657,2021-02-16,FVG,2516,1135,1381,260,244,31,221,1760,0,0,2400,116,ITH,ITH4,6,Friuli-Venezia Giulia,Friuli Venezia Giulia,1215220,236193,19.44,0.21
1658,2021-02-03,FVG,2646,790,1856,1701,558,0,386,1,0,0,23,2623,ITH,ITH4,6,Friuli-Venezia Giulia,Friuli Venezia Giulia,1215220,238839,19.65,0.22
1659,2021-01-13,FVG,2651,834,1817,1822,9,590,230,0,0,0,2651,0,ITH,ITH4,6,Friuli-Venezia Giulia,Friuli Venezia Giulia,1215220,241490,19.87,0.22
1660,2021-01-10,FVG,2941,919,2022,1745,6,945,245,0,0,0,2941,0,ITH,ITH4,6,Friuli-Venezia Giulia,Friuli Venezia Giulia,1215220,244431,20.11,0.24
1661,2021-03-18,FVG,3337,1410,1927,60,21,266,129,2857,0,4,1658,1679,ITH,ITH4,6,Friuli-Venezia Giulia,Friuli Venezia Giulia,1215220,247768,20.39,0.27
1662,2021-03-05,FVG,3737,1478,2259,1049,652,42,70,1735,43,146,2664,1073,ITH,ITH4,6,Friuli-Venezia Giulia,Friuli Venezia Giulia,1215220,251505,20.7,0.31
1663,2021-01-06,FVG,709,264,445,514,0,195,0,0,0,0,709,0,ITH,ITH4,6,Friuli-Venezia Giulia,Friuli Venezia Giulia,1215220,252214,20.75,0.06
1664,2021-03-13,FVG,2932,1119,1813,12,4,11,86,2057,39,723,1660,1272,ITH,ITH4,6,Friuli-Venezia Giulia,Friuli Venezia Giulia,1215220,255146,21.0,0.24
1665,2021-02-04,MAR,2342,810,1532,1406,54,607,275,0,0,0,112,2230,ITI,ITI3,11,Marche,Marche,1525271,2342,0.15,0.15
1666,2021-04-06,MAR,5563,2347,3216,200,1,2893,52,1265,40,1112,4808,755,ITI,ITI3,11,Marche,Marche,1525271,7905,0.52,0.36
1667,2021-02-05,MAR,2157,653,1504,1318,20,400,419,0,0,0,440,1717,ITI,ITI3,11,Marche,Marche,1525271,10062,0.66,0.14
1668,2021-03-30,MAR,7437,3052,4385,524,2,2015,244,4255,30,367,4601,2836,ITI,ITI3,11,Marche,Marche,1525271,17499,1.15,0.49
1669,2021-02-19,MAR,1971,716,1255,1273,11,481,203,1,0,2,1836,135,ITI,ITI3,11,Marche,Marche,1525271,19470,1.28,0.13
1670,2021-02-18,MAR,2104,746,1358,1150,41,509,402,1,0,1,1816,288,ITI,ITI3,11,Marche,Marche,1525271,21574,1.41,0.14
1671,2021-03-27,MAR,7418,3082,4336,278,1,2494,135,3729,70,711,5049,2369,ITI,ITI3,11,Marche,Marche,1525271,28992,1.9,0.49
1672,2021-02-10,MAR,1439,452,987,881,26,317,215,0,0,0,1080,359,ITI,ITI3,11,Marche,Marche,1525271,30431,2.0,0.09
1673,2020-12-30,MAR,17,5,12,14,0,3,0,0,0,0,17,0,ITI,ITI3,11,Marche,Marche,1525271,30448,2.0,0.0
1674,2021-02-20,MAR,4127,1708,2419,118,24,387,261,3334,3,0,4016,111,ITI,ITI3,11,Marche,Marche,1525271,34575,2.27,0.27
1675,2021-02-28,MAR,2840,1251,1589,19,0,18,0,2799,2,2,2834,6,ITI,ITI3,11,Marche,Marche,1525271,37415,2.45,0.19
1676,2021-03-25,MAR,6657,2774,3883,464,12,947,365,4307,43,519,3247,3410,ITI,ITI3,11,Marche,Marche,1525271,44072,2.89,0.44
1677,2021-02-16,MAR,1292,475,817,737,8,455,92,0,0,0,1262,30,ITI,ITI3,11,Marche,Marche,1525271,45364,2.97,0.08
1678,2021-01-13,MAR,2105,746,1359,1408,11,610,76,0,0,0,2105,0,ITI,ITI3,11,Marche,Marche,1525271,47469,3.11,0.14
1679,2021-02-06,MAR,2460,900,1560,1402,40,603,415,0,0,0,523,1937,ITI,ITI3,11,Marche,Marche,1525271,49929,3.27,0.16
1680,2021-03-05,MAR,6288,2954,3334,1128,13,864,143,2378,960,802,4821,1467,ITI,ITI3,11,Marche,Marche,1525271,56217,3.69,0.41
1681,2021-01-22,MAR,487,167,320,315,19,66,87,0,0,0,194,293,ITI,ITI3,11,Marche,Marche,1525271,56704,3.72,0.03
1682,2021-03-14,MAR,2516,1036,1480,442,0,80,0,1536,2,456,1918,598,ITI,ITI3,11,Marche,Marche,1525271,59220,3.88,0.16
1683,2021-01-31,MAR,1928,772,1156,1532,0,396,0,0,0,0,105,1823,ITI,ITI3,11,Marche,Marche,1525271,61148,4.01,0.13
1684,2021-01-14,MAR,2010,692,1318,1112,67,533,298,0,0,0,2010,0,ITI,ITI3,11,Marche,Marche,1525271,63158,4.14,0.13
1685,2021-03-10,MAR,5782,2489,3293,721,22,799,101,2674,424,1041,4645,1137,ITI,ITI3,11,Marche,Marche,1525271,68940,4.52,0.38
1686,2021-01-18,MAR,673,230,443,370,5,166,132,0,0,0,547,126,ITI,ITI3,11,Marche,Marche,1525271,69613,4.56,0.04
1687,2021-01-09,MAR,1709,605,1104,1406,0,303,0,0,0,0,1709,0,ITI,ITI3,11,Marche,Marche,1525271,71322,4.68,0.11
1688,2021-02-12,MAR,1583,618,965,815,11,669,88,0,0,0,1431,152,ITI,ITI3,11,Marche,Marche,1525271,72905,4.78,0.1
1689,2021-02-24,MAR,3444,1506,1938,226,11,224,168,2811,3,1,3364,80,ITI,ITI3,11,Marche,Marche,1525271,76349,5.01,0.23
1690,2021-03-20,MAR,4146,1745,2401,181,8,110,111,3641,6,89,1054,3092,ITI,ITI3,11,Marche,Marche,1525271,80495,5.28,0.27
1691,2021-01-17,MAR,1598,682,916,964,14,574,46,0,0,0,1549,49,ITI,ITI3,11,Marche,Marche,1525271,82093,5.38,0.1
1692,2021-04-05,MAR,5689,2356,3333,251,5,2344,60,2261,10,758,4420,1269,ITI,ITI3,11,Marche,Marche,1525271,87782,5.76,0.37
1693,2021-01-28,MAR,1973,659,1314,1581,0,291,101,0,0,0,167,1806,ITI,ITI3,11,Marche,Marche,1525271,89755,5.88,0.13
1694,2021-03-28,MAR,4132,1742,2390,45,1,1030,5,2651,4,396,2437,1695,ITI,ITI3,11,Marche,Marche,1525271,93887,6.16,0.27
1695,2021-01-25,MAR,1596,559,1037,1426,12,102,56,0,0,0,97,1499,ITI,ITI3,11,Marche,Marche,1525271,95483,6.26,0.1
1696,2021-01-07,MAR,1802,633,1169,1480,0,322,0,0,0,0,1802,0,ITI,ITI3,11,Marche,Marche,1525271,97285,6.38,0.12
1697,2021-03-19,MAR,3869,1604,2265,495,1,233,293,2837,4,6,343,3526,ITI,ITI3,11,Marche,Marche,1525271,101154,6.63,0.25
1698,2021-02-03,MAR,2125,742,1383,1344,2,613,166,0,0,0,119,2006,ITI,ITI3,11,Marche,Marche,1525271,103279,6.77,0.14
1699,2021-01-15,MAR,1771,500,1271,985,60,360,366,0,0,0,1771,0,ITI,ITI3,11,Marche,Marche,1525271,105050,6.89,0.12
1700,2021-02-21,MAR,377,142,235,204,1,114,57,0,0,1,376,1,ITI,ITI3,11,Marche,Marche,1525271,105427,6.91,0.02
1701,2021-01-02,MAR,453,139,314,444,0,9,0,0,0,0,453,0,ITI,ITI3,11,Marche,Marche,1525271,105880,6.94,0.03
1702,2021-02-15,MAR,973,413,560,544,60,368,1,0,0,0,960,13,ITI,ITI3,11,Marche,Marche,1525271,106853,7.01,0.06
1703,2021-03-29,MAR,5895,2586,3309,228,5,1161,35,4240,11,215,3443,2452,ITI,ITI3,11,Marche,Marche,1525271,112748,7.39,0.39
1704,2021-02-02,MAR,1193,397,796,804,17,279,93,0,0,0,73,1120,ITI,ITI3,11,Marche,Marche,1525271,113941,7.47,0.08
1705,2021-04-03,MAR,7574,3203,4371,321,3,3978,55,2922,2,293,6903,671,ITI,ITI3,11,Marche,Marche,1525271,121515,7.97,0.5
1706,2021-02-08,MAR,833,258,575,408,21,142,262,0,0,0,371,462,ITI,ITI3,11,Marche,Marche,1525271,122348,8.02,0.05
1707,2021-03-21,MAR,4512,1878,2634,87,0,109,54,4047,10,205,1632,2880,ITI,ITI3,11,Marche,Marche,1525271,126860,8.32,0.3
1708,2021-01-21,MAR,896,253,643,460,41,59,336,0,0,0,585,311,ITI,ITI3,11,Marche,Marche,1525271,127756,8.38,0.06
1709,2021-03-23,MAR,5818,2538,3280,259,9,360,130,4588,144,328,2271,3547,ITI,ITI3,11,Marche,Marche,1525271,133574,8.76,0.38
1710,2021-01-20,MAR,398,99,299,146,15,47,190,0,0,0,386,12,ITI,ITI3,11,Marche,Marche,1525271,133972,8.78,0.03
1711,2021-01-10,MAR,1737,699,1038,1462,0,275,0,0,0,0,1737,0,ITI,ITI3,11,Marche,Marche,1525271,135709,8.9,0.11
1712,2021-01-11,MAR,1176,411,765,1021,2,153,0,0,0,0,1176,0,ITI,ITI3,11,Marche,Marche,1525271,136885,8.97,0.08
1713,2021-01-30,MAR,1908,669,1239,1566,0,342,0,0,0,0,29,1879,ITI,ITI3,11,Marche,Marche,1525271,138793,9.1,0.13
1714,2021-01-05,MAR,1562,586,976,1436,0,126,0,0,0,0,1562,0,ITI,ITI3,11,Marche,Marche,1525271,140355,9.2,0.1
1715,2021-01-27,MAR,2120,780,1340,1754,7,219,140,0,0,0,122,1998,ITI,ITI3,11,Marche,Marche,1525271,142475,9.34,0.14
1716,2021-03-18,MAR,3445,1514,1931,326,6,258,123,2653,76,3,216,3229,ITI,ITI3,11,Marche,Marche,1525271,145920,9.57,0.23
1717,2021-01-24,MAR,892,342,550,773,0,119,0,0,0,0,17,875,ITI,ITI3,11,Marche,Marche,1525271,146812,9.63,0.06
1718,2021-04-01,MAR,7486,3131,4355,390,4,2157,38,4587,26,284,4060,3426,ITI,ITI3,11,Marche,Marche,1525271,154298,10.12,0.49
1719,2021-03-24,MAR,7035,2982,4053,483,20,961,187,4728,64,592,3367,3668,ITI,ITI3,11,Marche,Marche,1525271,161333,10.58,0.46
1720,2021-02-25,MAR,3563,1447,2116,432,6,207,423,2491,3,1,3384,179,ITI,ITI3,11,Marche,Marche,1525271,164896,10.81,0.23
1721,2020-12-27,MAR,200,97,103,184,4,8,4,0,0,0,200,0,ITI,ITI3,11,Marche,Marche,1525271,165096,10.82,0.01
1722,2021-02-22,MAR,3414,1499,1915,326,10,398,77,2596,5,2,3339,75,ITI,ITI3,11,Marche,Marche,1525271,168510,11.05,0.22
1723,2021-04-04,MAR,3821,1792,2029,188,0,1538,0,2006,5,84,2650,1171,ITI,ITI3,11,Marche,Marche,1525271,172331,11.3,0.25
1724,2021-02-11,MAR,1988,658,1330,1155,15,606,212,0,0,0,1599,389,ITI,ITI3,11,Marche,Marche,1525271,174319,11.43,0.13
1725,2021-03-16,MAR,3577,1549,2028,317,3,193,54,2928,77,5,394,3183,ITI,ITI3,11,Marche,Marche,1525271,177896,11.66,0.23
1726,2021-04-02,MAR,6978,3027,3951,387,3,3263,108,2656,139,422,6239,739,ITI,ITI3,11,Marche,Marche,1525271,184874,12.12,0.46
1727,2021-01-03,MAR,896,348,548,759,0,137,0,0,0,0,896,0,ITI,ITI3,11,Marche,Marche,1525271,185770,12.18,0.06
1728,2021-01-04,MAR,1500,563,937,1290,36,163,11,0,0,0,1500,0,ITI,ITI3,11,Marche,Marche,1525271,187270,12.28,0.1
1729,2021-03-15,MAR,4503,2114,2389,300,4,469,8,3467,14,241,1422,3081,ITI,ITI3,11,Marche,Marche,1525271,191773,12.57,0.3
1730,2021-03-13,MAR,5833,2671,3162,664,21,473,57,4248,133,237,1872,3961,ITI,ITI3,11,Marche,Marche,1525271,197606,12.96,0.38
1731,2021-03-11,MAR,6832,2930,3902,1094,11,911,38,3227,403,1148,5461,1371,ITI,ITI3,11,Marche,Marche,1525271,204438,13.4,0.45
1732,2021-01-19,MAR,225,81,144,120,0,20,85,0,0,0,141,84,ITI,ITI3,11,Marche,Marche,1525271,204663,13.42,0.01
1733,2021-03-08,MAR,6366,2807,3559,768,14,604,219,3102,644,1015,5364,1002,ITI,ITI3,11,Marche,Marche,1525271,211029,13.84,0.42
1734,2021-02-07,MAR,1871,735,1136,1156,5,664,46,0,0,0,344,1527,ITI,ITI3,11,Marche,Marche,1525271,212900,13.96,0.12
1735,2021-03-17,MAR,3435,1497,1938,301,5,178,117,2822,7,5,111,3324,ITI,ITI3,11,Marche,Marche,1525271,216335,14.18,0.23
1736,2021-03-06,MAR,5732,2647,3085,973,4,833,125,2400,650,747,4464,1268,ITI,ITI3,11,Marche,Marche,1525271,222067,14.56,0.38
1737,2021-01-29,MAR,1991,730,1261,1479,4,434,74,0,0,0,168,1823,ITI,ITI3,11,Marche,Marche,1525271,224058,14.69,0.13
1738,2021-01-16,MAR,2006,723,1283,1059,43,619,285,0,0,0,2006,0,ITI,ITI3,11,Marche,Marche,1525271,226064,14.82,0.13
1739,2021-03-12,MAR,4711,2015,2696,820,10,718,0,1904,330,929,3466,1245,ITI,ITI3,11,Marche,Marche,1525271,230775,15.13,0.31
1740,2021-03-26,MAR,6345,2614,3731,335,21,1322,182,3928,56,501,3534,2811,ITI,ITI3,11,Marche,Marche,1525271,237120,15.55,0.42
1741,2021-01-12,MAR,1226,413,813,912,0,264,50,0,0,0,1226,0,ITI,ITI3,11,Marche,Marche,1525271,238346,15.63,0.08
1742,2021-03-07,MAR,5183,2108,3075,607,2,355,0,3007,316,896,4430,753,ITI,ITI3,11,Marche,Marche,1525271,243529,15.97,0.34
1743,2021-01-08,MAR,1574,588,986,1226,0,348,0,0,0,0,1574,0,ITI,ITI3,11,Marche,Marche,1525271,245103,16.07,0.1
1744,2021-02-17,MAR,1791,664,1127,968,24,498,300,1,0,0,1672,119,ITI,ITI3,11,Marche,Marche,1525271,246894,16.19,0.12
1745,2021-02-26,MAR,3635,1502,2133,449,34,205,385,2519,4,39,3159,476,ITI,ITI3,11,Marche,Marche,1525271,250529,16.43,0.24
1746,2021-01-26,MAR,2016,746,1270,1736,1,193,86,0,0,0,92,1924,ITI,ITI3,11,Marche,Marche,1525271,252545,16.56,0.13
1747,2020-12-31,MAR,383,178,205,370,0,13,0,0,0,0,383,0,ITI,ITI3,11,Marche,Marche,1525271,252928,16.58,0.03
1748,2021-02-14,MAR,738,301,437,578,2,158,0,0,0,0,738,0,ITI,ITI3,11,Marche,Marche,1525271,253666,16.63,0.05
1749,2021-02-13,MAR,1064,455,609,457,28,489,90,0,0,0,1012,52,ITI,ITI3,11,Marche,Marche,1525271,254730,16.7,0.07
1750,2021-03-04,MAR,6623,2974,3649,1064,8,930,106,2800,946,769,5229,1394,ITI,ITI3,11,Marche,Marche,1525271,261353,17.13,0.43
1751,2021-01-23,MAR,557,190,367,440,14,40,63,0,0,0,123,434,ITI,ITI3,11,Marche,Marche,1525271,261910,17.17,0.04
1752,2021-03-22,MAR,5660,2378,3282,407,8,448,69,4182,113,433,2531,3129,ITI,ITI3,11,Marche,Marche,1525271,267570,17.54,0.37
1753,2021-03-09,MAR,5532,2375,3157,754,8,463,36,2588,613,1070,4643,889,ITI,ITI3,11,Marche,Marche,1525271,273102,17.91,0.36
1754,2021-03-02,MAR,4965,1943,3022,589,24,251,242,3318,3,538,4399,566,ITI,ITI3,11,Marche,Marche,1525271,278067,18.23,0.33
1755,2021-03-01,MAR,3727,1489,2238,387,6,171,82,2790,5,286,3480,247,ITI,ITI3,11,Marche,Marche,1525271,281794,18.48,0.24
1756,2021-02-09,MAR,125,42,83,78,0,21,26,0,0,0,47,78,ITI,ITI3,11,Marche,Marche,1525271,281919,18.48,0.01
1757,2021-02-27,MAR,3374,1440,1934,186,9,163,161,2848,6,1,3165,209,ITI,ITI3,11,Marche,Marche,1525271,285293,18.7,0.22
1758,2021-01-06,MAR,2181,792,1389,1738,40,256,147,0,0,0,2181,0,ITI,ITI3,11,Marche,Marche,1525271,287474,18.85,0.14
1759,2021-02-23,MAR,3274,1400,1874,219,4,133,116,2794,8,0,3218,56,ITI,ITI3,11,Marche,Marche,1525271,290748,19.06,0.21
1760,2021-03-03,MAR,6758,3091,3667,818,23,798,254,3133,949,783,5877,881,ITI,ITI3,11,Marche,Marche,1525271,297506,19.51,0.44
1761,2021-03-31,MAR,7369,3084,4285,473,8,1910,153,4538,30,257,4351,3018,ITI,ITI3,11,Marche,Marche,1525271,304875,19.99,0.48
1762,2021-02-01,MAR,1365,480,885,1057,1,226,81,0,0,0,98,1267,ITI,ITI3,11,Marche,Marche,1525271,306240,20.08,0.09
1763,2021-03-25,SAR,8302,3454,4848,814,153,1753,188,3581,251,1562,7000,1302,ITG,ITG2,20,Sardegna,Sardegna,1639591,8302,0.51,0.51
1764,2021-02-10,SAR,1959,765,1194,1169,245,56,488,0,0,1,1441,518,ITG,ITG2,20,Sardegna,Sardegna,1639591,10261,0.63,0.12
1765,2021-02-09,SAR,2286,837,1449,1308,408,71,497,1,0,1,1290,996,ITG,ITG2,20,Sardegna,Sardegna,1639591,12547,0.77,0.14
1766,2021-01-16,SAR,1492,525,967,1282,165,44,0,0,0,1,1492,0,ITG,ITG2,20,Sardegna,Sardegna,1639591,14039,0.86,0.09
1767,2021-03-05,SAR,4963,2430,2533,1692,775,588,669,570,659,10,2675,2288,ITG,ITG2,20,Sardegna,Sardegna,1639591,19002,1.16,0.3
1768,2021-01-11,SAR,1183,505,678,656,139,387,0,1,0,0,1183,0,ITG,ITG2,20,Sardegna,Sardegna,1639591,20185,1.23,0.07
1769,2021-03-29,SAR,4272,1493,2779,624,209,840,182,918,88,1411,3686,586,ITG,ITG2,20,Sardegna,Sardegna,1639591,24457,1.49,0.26
1770,2021-01-31,SAR,2121,750,1371,1544,128,448,0,1,0,0,48,2073,ITG,ITG2,20,Sardegna,Sardegna,1639591,26578,1.62,0.13
1771,2021-02-21,SAR,1585,710,875,66,25,8,59,1421,6,0,1555,30,ITG,ITG2,20,Sardegna,Sardegna,1639591,28163,1.72,0.1
1772,2021-02-20,SAR,2041,855,1186,484,128,31,195,1202,0,1,1707,334,ITG,ITG2,20,Sardegna,Sardegna,1639591,30204,1.84,0.12
1773,2021-02-15,SAR,958,349,609,440,226,13,279,0,0,0,927,31,ITG,ITG2,20,Sardegna,Sardegna,1639591,31162,1.9,0.06
1774,2021-03-27,SAR,5471,2070,3401,331,135,1011,203,2477,15,1299,5048,423,ITG,ITG2,20,Sardegna,Sardegna,1639591,36633,2.23,0.33
1775,2021-04-06,SAR,5106,2144,2962,461,77,2259,168,1721,31,389,3503,1603,ITG,ITG2,20,Sardegna,Sardegna,1639591,41739,2.55,0.31
1776,2021-03-20,SAR,5149,2060,3089,695,255,411,127,2701,105,855,2873,2276,ITG,ITG2,20,Sardegna,Sardegna,1639591,46888,2.86,0.31
1777,2021-02-24,SAR,2410,1292,1118,1193,311,303,301,3,299,0,2221,189,ITG,ITG2,20,Sardegna,Sardegna,1639591,49298,3.01,0.15
1778,2021-03-28,SAR,4499,1773,2726,83,19,488,21,3195,12,681,4420,79,ITG,ITG2,20,Sardegna,Sardegna,1639591,53797,3.28,0.27
1779,2021-01-17,SAR,860,277,583,747,113,0,0,0,0,0,859,1,ITG,ITG2,20,Sardegna,Sardegna,1639591,54657,3.33,0.05
1780,2021-03-19,SAR,7188,2994,4194,1315,444,1597,222,3410,190,10,4973,2215,ITG,ITG2,20,Sardegna,Sardegna,1639591,61845,3.77,0.44
1781,2021-04-01,SAR,9239,3637,5602,454,135,3105,204,4010,81,1250,6539,2700,ITG,ITG2,20,Sardegna,Sardegna,1639591,71084,4.34,0.56
1782,2021-01-14,SAR,1105,426,679,885,167,53,0,0,0,0,1105,0,ITG,ITG2,20,Sardegna,Sardegna,1639591,72189,4.4,0.07
1783,2021-01-23,SAR,60,22,38,60,0,0,0,0,0,0,0,60,ITG,ITG2,20,Sardegna,Sardegna,1639591,72249,4.41,0.0
1784,2021-01-12,SAR,865,408,457,504,88,273,0,0,0,0,865,0,ITG,ITG2,20,Sardegna,Sardegna,1639591,73114,4.46,0.05
1785,2021-01-25,SAR,588,212,376,553,29,6,0,0,0,0,22,566,ITG,ITG2,20,Sardegna,Sardegna,1639591,73702,4.5,0.04
1786,2021-03-08,SAR,3999,1785,2214,740,492,669,649,852,444,153,2780,1219,ITG,ITG2,20,Sardegna,Sardegna,1639591,77701,4.74,0.24
1787,2021-02-12,SAR,2237,933,1304,986,660,89,501,1,0,0,2178,59,ITG,ITG2,20,Sardegna,Sardegna,1639591,79938,4.88,0.14
1788,2021-01-15,SAR,1563,573,990,1170,338,52,0,0,3,0,1563,0,ITG,ITG2,20,Sardegna,Sardegna,1639591,81501,4.97,0.1
1789,2020-12-28,SAR,65,25,40,65,0,0,0,0,0,0,65,0,ITG,ITG2,20,Sardegna,Sardegna,1639591,81566,4.97,0.0
1790,2021-01-13,SAR,573,178,395,494,76,3,0,0,0,0,573,0,ITG,ITG2,20,Sardegna,Sardegna,1639591,82139,5.01,0.03
1791,2021-03-21,SAR,4030,1809,2221,64,5,405,0,2879,102,575,2590,1440,ITG,ITG2,20,Sardegna,Sardegna,1639591,86169,5.26,0.25
1792,2021-02-23,SAR,1519,1010,509,602,191,330,89,6,301,0,1285,234,ITG,ITG2,20,Sardegna,Sardegna,1639591,87688,5.35,0.09
1793,2021-01-07,SAR,3111,1077,2034,2720,311,69,0,0,11,0,3111,0,ITG,ITG2,20,Sardegna,Sardegna,1639591,90799,5.54,0.19
1794,2021-03-16,SAR,4369,1946,2423,645,173,703,311,2529,0,8,3443,926,ITG,ITG2,20,Sardegna,Sardegna,1639591,95168,5.8,0.27
1795,2021-02-14,SAR,539,263,276,286,187,6,57,3,0,0,537,2,ITG,ITG2,20,Sardegna,Sardegna,1639591,95707,5.84,0.03
1796,2021-02-19,SAR,1495,470,1025,677,336,101,379,1,1,0,1439,56,ITG,ITG2,20,Sardegna,Sardegna,1639591,97202,5.93,0.09
1797,2021-03-07,SAR,1657,750,907,323,227,15,78,1012,0,2,1118,539,ITG,ITG2,20,Sardegna,Sardegna,1639591,98859,6.03,0.1
1798,2021-03-02,SAR,2762,1423,1339,1046,277,454,278,321,384,2,1712,1050,ITG,ITG2,20,Sardegna,Sardegna,1639591,101621,6.2,0.17
1799,2021-03-31,SAR,9479,3757,5722,395,102,2814,228,4546,16,1378,7211,2268,ITG,ITG2,20,Sardegna,Sardegna,1639591,111100,6.78,0.58
1800,2021-03-03,SAR,3743,2037,1706,1058,273,444,525,702,740,1,2605,1138,ITG,ITG2,20,Sardegna,Sardegna,1639591,114843,7.0,0.23
1801,2021-01-09,SAR,4026,1417,2609,3181,602,243,0,0,0,0,4026,0,ITG,ITG2,20,Sardegna,Sardegna,1639591,118869,7.25,0.25
1802,2021-01-29,SAR,2951,1067,1884,2580,226,142,3,0,0,0,48,2903,ITG,ITG2,20,Sardegna,Sardegna,1639591,121820,7.43,0.18
1803,2021-02-26,SAR,2797,1107,1690,1224,509,561,221,203,74,5,2491,306,ITG,ITG2,20,Sardegna,Sardegna,1639591,124617,7.6,0.17
1804,2021-03-11,SAR,5901,2669,3232,1011,419,650,416,2813,490,102,4682,1219,ITG,ITG2,20,Sardegna,Sardegna,1639591,130518,7.96,0.36
1805,2021-02-11,SAR,1314,490,824,588,240,116,369,1,0,0,1203,111,ITG,ITG2,20,Sardegna,Sardegna,1639591,131832,8.04,0.08
1806,2021-01-28,SAR,2968,1044,1924,2554,327,76,0,0,11,0,69,2899,ITG,ITG2,20,Sardegna,Sardegna,1639591,134800,8.22,0.18
1807,2021-03-22,SAR,3492,1322,2170,838,151,412,109,781,66,1135,2979,513,ITG,ITG2,20,Sardegna,Sardegna,1639591,138292,8.43,0.21
1808,2021-02-18,SAR,1877,732,1145,1073,301,61,298,1,33,110,1813,64,ITG,ITG2,20,Sardegna,Sardegna,1639591,140169,8.55,0.11
1809,2021-01-08,SAR,3257,1184,2073,2929,230,98,0,0,0,0,3257,0,ITG,ITG2,20,Sardegna,Sardegna,1639591,143426,8.75,0.2
1810,2021-03-26,SAR,7767,3037,4730,839,254,1994,413,2596,151,1520,6245,1522,ITG,ITG2,20,Sardegna,Sardegna,1639591,151193,9.22,0.47
1811,2021-04-05,SAR,2030,781,1249,55,35,1087,0,144,16,693,2028,2,ITG,ITG2,20,Sardegna,Sardegna,1639591,153223,9.35,0.12
1812,2021-02-25,SAR,2899,1255,1644,1474,348,390,466,161,51,9,2293,606,ITG,ITG2,20,Sardegna,Sardegna,1639591,156122,9.52,0.18
1813,2021-01-06,SAR,1615,549,1066,1510,67,38,0,0,0,0,1615,0,ITG,ITG2,20,Sardegna,Sardegna,1639591,157737,9.62,0.1
1814,2021-01-10,SAR,2183,750,1433,1632,228,323,0,0,0,0,2183,0,ITG,ITG2,20,Sardegna,Sardegna,1639591,159920,9.75,0.13
1815,2021-03-17,SAR,6536,2843,3693,1076,452,1026,528,3322,4,128,4925,1611,ITG,ITG2,20,Sardegna,Sardegna,1639591,166456,10.15,0.4
1816,2021-03-01,SAR,2160,1054,1106,1135,233,212,141,104,334,1,1501,659,ITG,ITG2,20,Sardegna,Sardegna,1639591,168616,10.28,0.13
1817,2021-02-17,SAR,1406,576,830,689,292,85,313,0,27,0,1332,74,ITG,ITG2,20,Sardegna,Sardegna,1639591,170022,10.37,0.09
1818,2021-03-06,SAR,2638,1079,1559,1106,543,401,461,12,79,36,857,1781,ITG,ITG2,20,Sardegna,Sardegna,1639591,172660,10.53,0.16
1819,2021-01-22,SAR,83,47,36,45,38,0,0,0,0,0,55,28,ITG,ITG2,20,Sardegna,Sardegna,1639591,172743,10.54,0.01
1820,2021-03-23,SAR,6076,2583,3493,1108,209,974,260,2294,90,1141,4996,1080,ITG,ITG2,20,Sardegna,Sardegna,1639591,178819,10.91,0.37
1821,2021-04-03,SAR,4183,1601,2582,181,174,881,61,2444,17,425,2466,1717,ITG,ITG2,20,Sardegna,Sardegna,1639591,183002,11.16,0.26
1822,2021-02-02,SAR,1482,655,827,988,187,307,0,0,0,0,241,1241,ITG,ITG2,20,Sardegna,Sardegna,1639591,184484,11.25,0.09
1823,2021-03-24,SAR,7011,2872,4139,738,159,1506,390,2975,184,1059,5651,1360,ITG,ITG2,20,Sardegna,Sardegna,1639591,191495,11.68,0.43
1824,2021-04-02,SAR,8281,3217,5064,522,199,2257,163,3808,31,1301,5442,2839,ITG,ITG2,20,Sardegna,Sardegna,1639591,199776,12.18,0.51
1825,2021-02-13,SAR,1454,563,891,732,400,64,253,0,0,5,1452,2,ITG,ITG2,20,Sardegna,Sardegna,1639591,201230,12.27,0.09
1826,2021-02-06,SAR,1970,697,1273,1544,237,49,139,0,0,1,569,1401,ITG,ITG2,20,Sardegna,Sardegna,1639591,203200,12.39,0.12
1827,2021-04-04,SAR,39,16,23,0,0,3,0,36,0,0,39,0,ITG,ITG2,20,Sardegna,Sardegna,1639591,203239,12.4,0.0
1828,2021-02-27,SAR,1920,647,1273,1059,291,88,306,176,0,0,1365,555,ITG,ITG2,20,Sardegna,Sardegna,1639591,205159,12.51,0.12
1829,2021-01-20,SAR,210,77,133,154,56,0,0,0,0,0,208,2,ITG,ITG2,20,Sardegna,Sardegna,1639591,205369,12.53,0.01
1830,2021-01-05,SAR,1327,446,881,1283,33,11,0,0,0,0,1327,0,ITG,ITG2,20,Sardegna,Sardegna,1639591,206696,12.61,0.08
1831,2020-12-27,SAR,65,34,31,65,0,0,0,0,0,0,65,0,ITG,ITG2,20,Sardegna,Sardegna,1639591,206761,12.61,0.0
1832,2021-02-16,SAR,700,289,411,376,135,77,112,0,0,0,673,27,ITG,ITG2,20,Sardegna,Sardegna,1639591,207461,12.65,0.04
1833,2021-03-10,SAR,6004,2915,3089,719,383,516,414,2980,657,335,5152,852,ITG,ITG2,20,Sardegna,Sardegna,1639591,213465,13.02,0.37
1834,2021-03-30,SAR,6898,2721,4177,627,224,1912,207,2465,26,1437,5304,1594,ITG,ITG2,20,Sardegna,Sardegna,1639591,220363,13.44,0.42
1835,2021-01-30,SAR,3862,1392,2470,2987,500,374,0,1,0,0,362,3500,ITG,ITG2,20,Sardegna,Sardegna,1639591,224225,13.68,0.24
1836,2021-02-04,SAR,2271,816,1455,1737,307,56,170,1,0,0,916,1355,ITG,ITG2,20,Sardegna,Sardegna,1639591,226496,13.81,0.14
1837,2021-02-08,SAR,1470,533,937,998,315,30,126,1,0,0,856,614,ITG,ITG2,20,Sardegna,Sardegna,1639591,227966,13.9,0.09
1838,2021-01-03,SAR,90,36,54,89,1,0,0,0,0,0,90,0,ITG,ITG2,20,Sardegna,Sardegna,1639591,228056,13.91,0.01
1839,2021-01-21,SAR,126,60,66,60,44,22,0,0,0,0,94,32,ITG,ITG2,20,Sardegna,Sardegna,1639591,228182,13.92,0.01
1840,2021-02-22,SAR,1630,947,683,606,239,163,180,2,440,0,1402,228,ITG,ITG2,20,Sardegna,Sardegna,1639591,229812,14.02,0.1
1841,2021-03-04,SAR,3949,1923,2026,955,306,553,525,1094,474,42,2746,1203,ITG,ITG2,20,Sardegna,Sardegna,1639591,233761,14.26,0.24
1842,2021-01-01,SAR,30,16,14,30,0,0,0,0,0,0,30,0,ITG,ITG2,20,Sardegna,Sardegna,1639591,233791,14.26,0.0
1843,2021-01-27,SAR,1408,494,914,1303,75,30,0,0,0,0,79,1329,ITG,ITG2,20,Sardegna,Sardegna,1639591,235199,14.34,0.09
1844,2021-03-12,SAR,5751,2405,3346,1037,482,779,456,2567,271,159,4443,1308,ITG,ITG2,20,Sardegna,Sardegna,1639591,240950,14.7,0.35
1845,2021-02-01,SAR,1524,605,919,896,151,400,77,0,0,0,225,1299,ITG,ITG2,20,Sardegna,Sardegna,1639591,242474,14.79,0.09
1846,2020-12-31,SAR,32,16,16,28,0,4,0,0,0,0,32,0,ITG,ITG2,20,Sardegna,Sardegna,1639591,242506,14.79,0.0
1847,2021-01-04,SAR,591,217,374,565,15,11,0,0,0,0,591,0,ITG,ITG2,20,Sardegna,Sardegna,1639591,243097,14.83,0.04
1848,2021-01-19,SAR,747,270,477,423,163,0,160,0,0,1,692,55,ITG,ITG2,20,Sardegna,Sardegna,1639591,243844,14.87,0.05
1849,2021-03-09,SAR,5146,2370,2776,1055,368,528,285,2268,332,310,4417,729,ITG,ITG2,20,Sardegna,Sardegna,1639591,248990,15.19,0.31
1850,2021-03-15,SAR,2683,1215,1468,458,172,477,85,323,149,1019,2310,373,ITG,ITG2,20,Sardegna,Sardegna,1639591,251673,15.35,0.16
1851,2021-01-02,SAR,60,21,39,60,0,0,0,0,0,0,60,0,ITG,ITG2,20,Sardegna,Sardegna,1639591,251733,15.35,0.0
1852,2021-02-28,SAR,368,169,199,245,69,7,47,0,0,0,142,226,ITG,ITG2,20,Sardegna,Sardegna,1639591,252101,15.38,0.02
1853,2021-01-26,SAR,1336,453,883,1296,27,12,0,0,0,1,27,1309,ITG,ITG2,20,Sardegna,Sardegna,1639591,253437,15.46,0.08
1854,2021-03-18,SAR,7212,3051,4161,1076,240,1337,354,4130,12,63,5609,1603,ITG,ITG2,20,Sardegna,Sardegna,1639591,260649,15.9,0.44
1855,2021-02-05,SAR,1897,749,1148,1214,420,95,164,1,3,0,433,1464,ITG,ITG2,20,Sardegna,Sardegna,1639591,262546,16.01,0.12
1856,2021-02-07,SAR,1116,394,722,975,136,5,0,0,0,0,228,888,ITG,ITG2,20,Sardegna,Sardegna,1639591,263662,16.08,0.07
1857,2021-01-18,SAR,904,326,578,714,173,17,0,0,0,0,780,124,ITG,ITG2,20,Sardegna,Sardegna,1639591,264566,16.14,0.06
1858,2021-03-13,SAR,2726,1063,1663,274,103,293,145,1735,43,133,2445,281,ITG,ITG2,20,Sardegna,Sardegna,1639591,267292,16.3,0.17
1859,2021-03-14,SAR,606,376,230,34,1,235,0,251,73,12,606,0,ITG,ITG2,20,Sardegna,Sardegna,1639591,267898,16.34,0.04
1860,2020-12-29,SAR,57,32,25,56,1,0,0,0,0,0,57,0,ITG,ITG2,20,Sardegna,Sardegna,1639591,267955,16.34,0.0
1861,2021-01-24,SAR,90,34,56,89,0,1,0,0,0,0,5,85,ITG,ITG2,20,Sardegna,Sardegna,1639591,268045,16.35,0.01
1862,2021-02-03,SAR,1119,419,700,920,169,11,19,0,0,0,426,693,ITG,ITG2,20,Sardegna,Sardegna,1639591,269164,16.42,0.07
1863,2021-01-29,MOL,421,136,285,227,23,59,109,0,0,3,6,415,ITF,ITF2,14,Molise,Molise,305617,421,0.14,0.14
1864,2021-03-29,MOL,1996,826,1170,108,5,857,5,480,16,525,1510,486,ITF,ITF2,14,Molise,Molise,305617,2417,0.79,0.65
1865,2021-03-10,MOL,1737,720,1017,188,3,92,1,757,187,509,1687,50,ITF,ITF2,14,Molise,Molise,305617,4154,1.36,0.57
1866,2021-03-22,MOL,1146,439,707,106,3,283,2,255,39,458,903,243,ITF,ITF2,14,Molise,Molise,305617,5300,1.73,0.37
1867,2021-03-16,MOL,614,230,384,13,3,188,11,395,4,0,267,347,ITF,ITF2,14,Molise,Molise,305617,5914,1.94,0.2
1868,2021-01-13,MOL,474,160,314,256,66,7,144,0,0,1,474,0,ITF,ITF2,14,Molise,Molise,305617,6388,2.09,0.16
1869,2021-03-21,MOL,1245,542,703,14,1,141,0,1089,0,0,479,766,ITF,ITF2,14,Molise,Molise,305617,7633,2.5,0.41
1870,2021-02-23,MOL,581,223,358,136,39,4,61,340,0,1,362,219,ITF,ITF2,14,Molise,Molise,305617,8214,2.69,0.19
1871,2021-03-07,MOL,1131,501,630,2,16,0,0,1113,0,0,1129,2,ITF,ITF2,14,Molise,Molise,305617,9345,3.06,0.37
1872,2021-02-02,MOL,539,176,363,295,64,0,180,0,0,0,216,323,ITF,ITF2,14,Molise,Molise,305617,9884,3.23,0.18
1873,2021-03-15,MOL,832,338,494,137,6,149,66,116,61,297,587,245,ITF,ITF2,14,Molise,Molise,305617,10716,3.51,0.27
1874,2021-02-19,MOL,169,93,76,95,28,42,1,0,0,3,167,2,ITF,ITF2,14,Molise,Molise,305617,10885,3.56,0.06
1875,2021-03-18,MOL,1156,476,680,73,10,174,45,854,0,0,692,464,ITF,ITF2,14,Molise,Molise,305617,12041,3.94,0.38
1876,2021-02-27,MOL,1366,568,798,25,2,34,14,1290,0,1,1347,19,ITF,ITF2,14,Molise,Molise,305617,13407,4.39,0.45
1877,2021-03-30,MOL,1952,839,1113,45,0,830,1,572,80,424,1440,512,ITF,ITF2,14,Molise,Molise,305617,15359,5.03,0.64
1878,2021-02-22,MOL,265,129,136,56,31,108,62,8,0,0,250,15,ITF,ITF2,14,Molise,Molise,305617,15624,5.11,0.09
1879,2021-02-01,MOL,562,201,361,301,143,6,111,0,0,1,14,548,ITF,ITF2,14,Molise,Molise,305617,16186,5.3,0.18
1880,2021-02-05,MOL,593,269,324,460,22,48,63,0,0,0,55,538,ITF,ITF2,14,Molise,Molise,305617,16779,5.49,0.19
1881,2021-03-17,MOL,894,381,513,34,22,211,42,572,12,1,563,331,ITF,ITF2,14,Molise,Molise,305617,17673,5.78,0.29
1882,2021-02-03,MOL,731,249,482,391,110,49,180,0,0,1,338,393,ITF,ITF2,14,Molise,Molise,305617,18404,6.02,0.24
1883,2021-03-28,MOL,1589,741,848,155,15,234,0,1184,0,1,487,1102,ITF,ITF2,14,Molise,Molise,305617,19993,6.54,0.52
1884,2021-02-08,MOL,334,141,193,206,38,5,85,0,0,0,216,118,ITF,ITF2,14,Molise,Molise,305617,20327,6.65,0.11
1885,2021-01-17,MOL,78,38,40,78,0,0,0,0,0,0,48,30,ITF,ITF2,14,Molise,Molise,305617,20405,6.68,0.03
1886,2021-03-14,MOL,594,239,355,2,0,11,0,581,0,0,16,578,ITF,ITF2,14,Molise,Molise,305617,20999,6.87,0.19
1887,2021-04-06,MOL,1001,494,507,26,1,838,6,127,3,0,739,262,ITF,ITF2,14,Molise,Molise,305617,22000,7.2,0.33
1888,2021-01-08,MOL,429,141,288,244,6,59,120,0,0,0,429,0,ITF,ITF2,14,Molise,Molise,305617,22429,7.34,0.14
1889,2021-02-21,MOL,573,227,346,1,0,4,0,568,0,0,571,2,ITF,ITF2,14,Molise,Molise,305617,23002,7.53,0.19
1890,2021-03-24,MOL,1630,658,972,77,1,348,0,707,47,450,1228,402,ITF,ITF2,14,Molise,Molise,305617,24632,8.06,0.53
1891,2021-03-19,MOL,1180,479,701,32,0,163,9,726,2,248,753,427,ITF,ITF2,14,Molise,Molise,305617,25812,8.45,0.39
1892,2021-01-18,MOL,114,48,66,97,14,3,0,0,0,0,114,0,ITF,ITF2,14,Molise,Molise,305617,25926,8.48,0.04
1893,2021-04-01,MOL,1419,647,772,27,8,626,21,699,18,20,694,725,ITF,ITF2,14,Molise,Molise,305617,27345,8.95,0.46
1894,2021-03-06,MOL,1728,807,921,156,15,10,0,1395,152,0,1569,159,ITF,ITF2,14,Molise,Molise,305617,29073,9.51,0.57
1895,2021-02-25,MOL,541,239,302,68,3,9,28,433,0,0,473,68,ITF,ITF2,14,Molise,Molise,305617,29614,9.69,0.18
1896,2021-01-15,MOL,538,242,296,398,17,42,81,0,0,0,538,0,ITF,ITF2,14,Molise,Molise,305617,30152,9.87,0.18
1897,2021-02-06,MOL,429,179,250,276,13,9,130,0,0,1,29,400,ITF,ITF2,14,Molise,Molise,305617,30581,10.01,0.14
1898,2021-01-05,MOL,449,180,269,441,0,8,0,0,0,0,449,0,ITF,ITF2,14,Molise,Molise,305617,31030,10.15,0.15
1899,2021-01-04,MOL,314,131,183,301,0,13,0,0,0,0,314,0,ITF,ITF2,14,Molise,Molise,305617,31344,10.26,0.1
1900,2021-01-30,MOL,461,158,303,189,52,40,180,0,0,0,12,449,ITF,ITF2,14,Molise,Molise,305617,31805,10.41,0.15
1901,2021-03-25,MOL,1806,730,1076,53,2,322,18,832,86,493,1309,497,ITF,ITF2,14,Molise,Molise,305617,33611,11.0,0.59
1902,2021-03-04,MOL,850,417,433,252,18,6,69,469,36,0,526,324,ITF,ITF2,14,Molise,Molise,305617,34461,11.28,0.28
1903,2021-02-28,MOL,828,331,497,38,1,4,27,758,0,0,786,42,ITF,ITF2,14,Molise,Molise,305617,35289,11.55,0.27
1904,2021-02-18,MOL,319,74,245,296,8,15,0,0,0,0,306,13,ITF,ITF2,14,Molise,Molise,305617,35608,11.65,0.1
1905,2021-02-09,MOL,359,170,189,161,83,5,110,0,0,0,197,162,ITF,ITF2,14,Molise,Molise,305617,35967,11.77,0.12
1906,2021-03-20,MOL,2320,968,1352,28,2,206,0,1855,7,222,999,1321,ITF,ITF2,14,Molise,Molise,305617,38287,12.53,0.76
1907,2021-02-16,MOL,156,70,86,148,4,4,0,0,0,0,150,6,ITF,ITF2,14,Molise,Molise,305617,38443,12.58,0.05
1908,2021-02-10,MOL,150,78,72,91,6,0,53,0,0,0,130,20,ITF,ITF2,14,Molise,Molise,305617,38593,12.63,0.05
1909,2021-03-03,MOL,672,316,356,63,1,4,48,384,45,127,590,82,ITF,ITF2,14,Molise,Molise,305617,39265,12.85,0.22
1910,2021-01-16,MOL,420,166,254,270,14,9,127,0,0,0,420,0,ITF,ITF2,14,Molise,Molise,305617,39685,12.99,0.14
1911,2021-01-14,MOL,646,239,407,418,82,31,115,0,0,0,646,0,ITF,ITF2,14,Molise,Molise,305617,40331,13.2,0.21
1912,2021-02-17,MOL,72,32,40,47,9,10,6,0,0,0,57,15,ITF,ITF2,14,Molise,Molise,305617,40403,13.22,0.02
1913,2021-02-07,MOL,66,32,34,49,1,0,16,0,0,0,19,47,ITF,ITF2,14,Molise,Molise,305617,40469,13.24,0.02
1914,2021-02-24,MOL,666,278,388,242,61,44,44,274,0,1,333,333,ITF,ITF2,14,Molise,Molise,305617,41135,13.46,0.22
1915,2021-01-10,MOL,270,72,198,82,19,0,169,0,0,0,270,0,ITF,ITF2,14,Molise,Molise,305617,41405,13.55,0.09
1916,2021-01-31,MOL,268,70,198,85,18,0,164,0,0,1,6,262,ITF,ITF2,14,Molise,Molise,305617,41673,13.64,0.09
1917,2021-01-26,MOL,450,184,266,444,0,5,0,0,0,1,8,442,ITF,ITF2,14,Molise,Molise,305617,42123,13.78,0.15
1918,2021-02-04,MOL,758,295,463,502,76,38,141,0,0,1,77,681,ITF,ITF2,14,Molise,Molise,305617,42881,14.03,0.25
1919,2021-03-31,MOL,2131,894,1237,202,8,778,32,799,49,263,1312,819,ITF,ITF2,14,Molise,Molise,305617,45012,14.73,0.7
1920,2021-03-02,MOL,667,383,284,98,106,12,51,136,113,151,509,158,ITF,ITF2,14,Molise,Molise,305617,45679,14.95,0.22
1921,2021-04-03,MOL,1764,847,917,28,0,1441,0,266,3,26,1731,33,ITF,ITF2,14,Molise,Molise,305617,47443,15.52,0.58
1922,2021-01-06,MOL,689,260,429,456,26,36,171,0,0,0,689,0,ITF,ITF2,14,Molise,Molise,305617,48132,15.75,0.23
1923,2021-04-05,MOL,370,181,189,1,0,273,0,96,0,0,271,99,ITF,ITF2,14,Molise,Molise,305617,48502,15.87,0.12
1924,2021-04-04,MOL,252,141,111,1,0,249,0,2,0,0,238,14,ITF,ITF2,14,Molise,Molise,305617,48754,15.95,0.08
1925,2021-02-11,MOL,293,133,160,225,19,0,45,0,3,1,257,36,ITF,ITF2,14,Molise,Molise,305617,49047,16.05,0.1
1926,2021-03-01,MOL,661,274,387,200,28,41,108,135,2,147,447,214,ITF,ITF2,14,Molise,Molise,305617,49708,16.26,0.22
1927,2021-02-26,MOL,563,260,303,42,7,50,3,406,0,55,490,73,ITF,ITF2,14,Molise,Molise,305617,50271,16.45,0.18
1928,2021-03-09,MOL,1329,579,750,199,1,109,0,409,218,393,1177,152,ITF,ITF2,14,Molise,Molise,305617,51600,16.88,0.43
1929,2021-03-27,MOL,2685,1250,1435,18,3,781,0,1879,3,1,1252,1433,ITF,ITF2,14,Molise,Molise,305617,54285,17.76,0.88
1930,2021-01-27,MOL,674,251,423,436,11,17,209,0,0,1,8,666,ITF,ITF2,14,Molise,Molise,305617,54959,17.98,0.22
1931,2021-01-09,MOL,450,152,298,221,27,24,178,0,0,0,450,0,ITF,ITF2,14,Molise,Molise,305617,55409,18.13,0.15
1932,2021-02-13,MOL,132,80,52,129,3,0,0,0,0,0,132,0,ITF,ITF2,14,Molise,Molise,305617,55541,18.17,0.04
1933,2021-04-02,MOL,1381,678,703,47,0,673,0,655,4,2,620,761,ITF,ITF2,14,Molise,Molise,305617,56922,18.63,0.45
1934,2021-01-21,MOL,6,2,4,0,6,0,0,0,0,0,6,0,ITF,ITF2,14,Molise,Molise,305617,56928,18.63,0.0
1935,2021-03-08,MOL,1376,522,854,359,44,61,23,409,76,404,1236,140,ITF,ITF2,14,Molise,Molise,305617,58304,19.08,0.45
1936,2021-01-07,MOL,598,209,389,414,1,38,145,0,0,0,598,0,ITF,ITF2,14,Molise,Molise,305617,58902,19.27,0.2
1937,2021-03-11,MOL,1462,636,826,42,2,22,14,698,185,499,1456,6,ITF,ITF2,14,Molise,Molise,305617,60364,19.75,0.48
1938,2021-02-12,MOL,330,149,181,224,12,20,72,0,0,2,208,122,ITF,ITF2,14,Molise,Molise,305617,60694,19.86,0.11
1939,2021-01-25,MOL,319,130,189,317,0,0,0,0,0,2,3,316,ITF,ITF2,14,Molise,Molise,305617,61013,19.96,0.1
1940,2021-01-20,MOL,18,8,10,14,4,0,0,0,0,0,18,0,ITF,ITF2,14,Molise,Molise,305617,61031,19.97,0.01
1941,2021-03-12,MOL,1438,629,809,42,31,47,0,698,115,505,1402,36,ITF,ITF2,14,Molise,Molise,305617,62469,20.44,0.47
1942,2021-01-28,MOL,613,217,396,430,9,19,154,0,0,1,17,596,ITF,ITF2,14,Molise,Molise,305617,63082,20.64,0.2
1943,2021-03-23,MOL,1642,694,948,76,2,453,6,572,79,454,1435,207,ITF,ITF2,14,Molise,Molise,305617,64724,21.18,0.54
1944,2020-12-27,MOL,50,20,30,29,4,0,17,0,0,0,50,0,ITF,ITF2,14,Molise,Molise,305617,64774,21.19,0.02
1945,2021-01-11,MOL,557,194,363,196,193,57,111,0,0,0,557,0,ITF,ITF2,14,Molise,Molise,305617,65331,21.38,0.18
1946,2021-03-05,MOL,1219,649,570,322,1,54,0,618,151,73,1015,204,ITF,ITF2,14,Molise,Molise,305617,66550,21.78,0.4
1947,2021-01-12,MOL,336,114,222,132,74,1,129,0,0,0,336,0,ITF,ITF2,14,Molise,Molise,305617,66886,21.89,0.11
1948,2021-01-22,MOL,126,35,91,21,32,0,73,0,0,0,126,0,ITF,ITF2,14,Molise,Molise,305617,67012,21.93,0.04
1949,2021-01-19,MOL,173,63,110,90,57,2,22,0,0,2,162,11,ITF,ITF2,14,Molise,Molise,305617,67185,21.98,0.06
1950,2021-02-15,MOL,144,70,74,117,8,4,15,0,0,0,141,3,ITF,ITF2,14,Molise,Molise,305617,67329,22.03,0.05
1951,2021-02-20,MOL,1018,441,577,20,4,53,8,933,0,0,998,20,ITF,ITF2,14,Molise,Molise,305617,68347,22.36,0.33
1952,2021-03-13,MOL,1189,594,595,29,0,23,5,981,151,0,200,989,ITF,ITF2,14,Molise,Molise,305617,69536,22.75,0.39
1953,2021-03-26,MOL,2559,1037,1522,70,5,839,23,1004,70,548,1917,642,ITF,ITF2,14,Molise,Molise,305617,72095,23.59,0.84
1954,2021-01-08,VDA,299,130,169,240,35,8,16,0,0,0,299,0,ITC,ITC2,2,Valle d'Aosta / Vallée d'Aoste,Valle d'Aosta,125666,299,0.24,0.24
1955,2021-01-05,VDA,150,54,96,127,11,1,11,0,0,0,150,0,ITC,ITC2,2,Valle d'Aosta / Vallée d'Aoste,Valle d'Aosta,125666,449,0.36,0.12
1956,2020-12-31,VDA,18,4,14,16,2,0,0,0,0,0,18,0,ITC,ITC2,2,Valle d'Aosta / Vallée d'Aoste,Valle d'Aosta,125666,467,0.37,0.01
1957,2021-03-27,VDA,332,164,168,23,6,221,14,66,1,1,301,31,ITC,ITC2,2,Valle d'Aosta / Vallée d'Aoste,Valle d'Aosta,125666,799,0.64,0.26
1958,2021-02-27,VDA,230,84,146,69,2,28,1,126,4,0,124,106,ITC,ITC2,2,Valle d'Aosta / Vallée d'Aoste,Valle d'Aosta,125666,1029,0.82,0.18
1959,2021-03-11,VDA,192,72,120,2,0,14,7,166,1,2,64,128,ITC,ITC2,2,Valle d'Aosta / Vallée d'Aoste,Valle d'Aosta,125666,1221,0.97,0.15
1960,2021-03-10,VDA,436,182,254,9,0,67,17,337,6,0,225,211,ITC,ITC2,2,Valle d'Aosta / Vallée d'Aoste,Valle d'Aosta,125666,1657,1.32,0.35
1961,2021-03-07,VDA,64,30,34,16,3,16,0,26,2,1,11,53,ITC,ITC2,2,Valle d'Aosta / Vallée d'Aoste,Valle d'Aosta,125666,1721,1.37,0.05
1962,2021-03-14,VDA,390,200,190,6,3,295,0,0,34,52,390,0,ITC,ITC2,2,Valle d'Aosta / Vallée d'Aoste,Valle d'Aosta,125666,2111,1.68,0.31
1963,2021-03-01,VDA,181,66,115,19,5,10,29,116,2,0,147,34,ITC,ITC2,2,Valle d'Aosta / Vallée d'Aoste,Valle d'Aosta,125666,2292,1.82,0.14
1964,2021-01-02,VDA,6,5,1,0,0,0,6,0,0,0,6,0,ITC,ITC2,2,Valle d'Aosta / Vallée d'Aoste,Valle d'Aosta,125666,2298,1.83,0.0
1965,2021-03-18,VDA,134,43,91,4,0,3,25,101,1,0,98,36,ITC,ITC2,2,Valle d'Aosta / Vallée d'Aoste,Valle d'Aosta,125666,2432,1.94,0.11
1966,2021-02-09,VDA,251,84,167,78,9,21,14,75,1,53,68,183,ITC,ITC2,2,Valle d'Aosta / Vallée d'Aoste,Valle d'Aosta,125666,2683,2.14,0.2
1967,2021-02-17,VDA,327,144,183,25,1,18,30,237,16,0,227,100,ITC,ITC2,2,Valle d'Aosta / Vallée d'Aoste,Valle d'Aosta,125666,3010,2.4,0.26
1968,2021-03-06,VDA,22,4,18,13,0,0,5,4,0,0,22,0,ITC,ITC2,2,Valle d'Aosta / Vallée d'Aoste,Valle d'Aosta,125666,3032,2.41,0.02
1969,2021-02-20,VDA,251,210,41,6,2,50,8,2,174,9,241,10,ITC,ITC2,2,Valle d'Aosta / Vallée d'Aoste,Valle d'Aosta,125666,3283,2.61,0.2
1970,2021-03-02,VDA,339,166,173,17,1,103,39,109,65,5,336,3,ITC,ITC2,2,Valle d'Aosta / Vallée d'Aoste,Valle d'Aosta,125666,3622,2.88,0.27
1971,2021-02-26,VDA,206,57,149,67,4,30,4,96,4,1,122,84,ITC,ITC2,2,Valle d'Aosta / Vallée d'Aoste,Valle d'Aosta,125666,3828,3.05,0.16
1972,2021-01-30,VDA,437,202,235,232,181,12,12,0,0,0,14,423,ITC,ITC2,2,Valle d'Aosta / Vallée d'Aoste,Valle d'Aosta,125666,4265,3.39,0.35
1973,2021-01-14,VDA,237,69,168,151,62,22,0,2,0,0,237,0,ITC,ITC2,2,Valle d'Aosta / Vallée d'Aoste,Valle d'Aosta,125666,4502,3.58,0.19
1974,2021-02-22,VDA,316,94,222,62,7,34,37,103,6,67,213,103,ITC,ITC2,2,Valle d'Aosta / Vallée d'Aoste,Valle d'Aosta,125666,4818,3.83,0.25
1975,2021-01-09,VDA,443,199,244,225,183,13,22,0,0,0,443,0,ITC,ITC2,2,Valle d'Aosta / Vallée d'Aoste,Valle d'Aosta,125666,5261,4.19,0.35
1976,2021-03-25,VDA,386,154,232,10,0,123,1,251,0,1,377,9,ITC,ITC2,2,Valle d'Aosta / Vallée d'Aoste,Valle d'Aosta,125666,5647,4.49,0.31
1977,2021-02-07,VDA,292,120,172,110,55,17,0,105,2,3,190,102,ITC,ITC2,2,Valle d'Aosta / Vallée d'Aoste,Valle d'Aosta,125666,5939,4.73,0.23
1978,2021-02-21,VDA,18,3,15,0,0,0,18,0,0,0,0,18,ITC,ITC2,2,Valle d'Aosta / Vallée d'Aoste,Valle d'Aosta,125666,5957,4.74,0.01
1979,2021-03-29,VDA,489,232,257,6,1,259,18,204,1,0,450,39,ITC,ITC2,2,Valle d'Aosta / Vallée d'Aoste,Valle d'Aosta,125666,6446,5.13,0.39
1980,2021-03-15,VDA,361,122,239,20,4,41,10,215,6,65,159,202,ITC,ITC2,2,Valle d'Aosta / Vallée d'Aoste,Valle d'Aosta,125666,6807,5.42,0.29
1981,2021-03-17,VDA,430,185,245,35,2,90,15,240,41,7,270,160,ITC,ITC2,2,Valle d'Aosta / Vallée d'Aoste,Valle d'Aosta,125666,7237,5.76,0.34
1982,2021-02-23,VDA,216,123,93,0,1,164,0,0,35,16,216,0,ITC,ITC2,2,Valle d'Aosta / Vallée d'Aoste,Valle d'Aosta,125666,7453,5.93,0.17
1983,2021-04-01,VDA,768,390,378,1,0,571,0,196,0,0,757,11,ITC,ITC2,2,Valle d'Aosta / Vallée d'Aoste,Valle d'Aosta,125666,8221,6.54,0.61
1984,2021-03-05,VDA,275,124,151,51,8,60,13,138,0,5,53,222,ITC,ITC2,2,Valle d'Aosta / Vallée d'Aoste,Valle d'Aosta,125666,8496,6.76,0.22
1985,2021-01-16,VDA,236,80,156,127,32,4,22,51,0,0,236,0,ITC,ITC2,2,Valle d'Aosta / Vallée d'Aoste,Valle d'Aosta,125666,8732,6.95,0.19
1986,2021-03-22,VDA,556,204,352,36,4,137,18,334,10,17,330,226,ITC,ITC2,2,Valle d'Aosta / Vallée d'Aoste,Valle d'Aosta,125666,9288,7.39,0.44
1987,2021-02-15,VDA,264,136,128,24,2,27,24,170,15,2,229,35,ITC,ITC2,2,Valle d'Aosta / Vallée d'Aoste,Valle d'Aosta,125666,9552,7.6,0.21
1988,2021-03-28,VDA,520,212,308,51,6,352,0,52,13,46,519,1,ITC,ITC2,2,Valle d'Aosta / Vallée d'Aoste,Valle d'Aosta,125666,10072,8.01,0.41
1989,2020-12-27,VDA,20,9,11,20,0,0,0,0,0,0,20,0,ITC,ITC2,2,Valle d'Aosta / Vallée d'Aoste,Valle d'Aosta,125666,10092,8.03,0.02
1990,2021-01-15,VDA,218,82,136,116,32,36,28,6,0,0,218,0,ITC,ITC2,2,Valle d'Aosta / Vallée d'Aoste,Valle d'Aosta,125666,10310,8.2,0.17
1991,2021-04-02,VDA,868,343,525,61,5,413,12,191,9,177,645,223,ITC,ITC2,2,Valle d'Aosta / Vallée d'Aoste,Valle d'Aosta,125666,11178,8.9,0.69
1992,2021-04-06,VDA,335,162,173,12,0,185,0,138,0,0,244,91,ITC,ITC2,2,Valle d'Aosta / Vallée d'Aoste,Valle d'Aosta,125666,11513,9.16,0.27
1993,2021-02-04,VDA,294,86,208,168,74,17,34,1,0,0,8,286,ITC,ITC2,2,Valle d'Aosta / Vallée d'Aoste,Valle d'Aosta,125666,11807,9.4,0.23
1994,2021-03-21,VDA,353,164,189,2,4,312,0,1,6,28,353,0,ITC,ITC2,2,Valle d'Aosta / Vallée d'Aoste,Valle d'Aosta,125666,12160,9.68,0.28
1995,2021-02-10,VDA,248,77,171,51,8,17,26,127,1,18,141,107,ITC,ITC2,2,Valle d'Aosta / Vallée d'Aoste,Valle d'Aosta,125666,12408,9.87,0.2
1996,2021-03-24,VDA,512,230,282,8,3,135,0,363,2,1,257,255,ITC,ITC2,2,Valle d'Aosta / Vallée d'Aoste,Valle d'Aosta,125666,12920,10.28,0.41
1997,2021-02-08,VDA,223,83,140,28,17,86,3,64,0,25,25,198,ITC,ITC2,2,Valle d'Aosta / Vallée d'Aoste,Valle d'Aosta,125666,13143,10.46,0.18
1998,2021-02-02,VDA,271,70,201,225,34,9,3,0,0,0,2,269,ITC,ITC2,2,Valle d'Aosta / Vallée d'Aoste,Valle d'Aosta,125666,13414,10.67,0.22
1999,2021-03-12,VDA,529,175,354,14,7,96,7,148,2,255,303,226,ITC,ITC2,2,Valle d'Aosta / Vallée d'Aoste,Valle d'Aosta,125666,13943,11.1,0.42
2000,2021-01-12,VDA,302,72,230,242,34,15,11,0,0,0,302,0,ITC,ITC2,2,Valle d'Aosta / Vallée d'Aoste,Valle d'Aosta,125666,14245,11.34,0.24
2001,2021-03-04,VDA,291,139,152,56,13,44,2,160,14,2,42,249,ITC,ITC2,2,Valle d'Aosta / Vallée d'Aoste,Valle d'Aosta,125666,14536,11.57,0.23
2002,2021-03-31,VDA,550,300,250,6,0,363,0,181,0,0,525,25,ITC,ITC2,2,Valle d'Aosta / Vallée d'Aoste,Valle d'Aosta,125666,15086,12.0,0.44
2003,2021-02-01,VDA,403,127,276,268,56,9,70,0,0,0,87,316,ITC,ITC2,2,Valle d'Aosta / Vallée d'Aoste,Valle d'Aosta,125666,15489,12.33,0.32
2004,2021-01-07,VDA,275,111,164,224,38,8,5,0,0,0,275,0,ITC,ITC2,2,Valle d'Aosta / Vallée d'Aoste,Valle d'Aosta,125666,15764,12.54,0.22
2005,2021-03-23,VDA,375,149,226,13,2,70,7,276,0,7,242,133,ITC,ITC2,2,Valle d'Aosta / Vallée d'Aoste,Valle d'Aosta,125666,16139,12.84,0.3
2006,2021-01-17,VDA,131,56,75,49,2,1,20,59,0,0,131,0,ITC,ITC2,2,Valle d'Aosta / Vallée d'Aoste,Valle d'Aosta,125666,16270,12.95,0.1
2007,2021-04-05,VDA,458,221,237,18,0,398,0,8,0,34,455,3,ITC,ITC2,2,Valle d'Aosta / Vallée d'Aoste,Valle d'Aosta,125666,16728,13.31,0.36
2008,2021-04-03,VDA,673,339,334,13,4,592,4,54,5,1,658,15,ITC,ITC2,2,Valle d'Aosta / Vallée d'Aoste,Valle d'Aosta,125666,17401,13.85,0.54
2009,2021-03-30,VDA,399,221,178,9,0,258,5,120,2,5,380,19,ITC,ITC2,2,Valle d'Aosta / Vallée d'Aoste,Valle d'Aosta,125666,17800,14.16,0.32
2010,2021-03-08,VDA,481,231,250,28,1,80,13,343,15,1,237,244,ITC,ITC2,2,Valle d'Aosta / Vallée d'Aoste,Valle d'Aosta,125666,18281,14.55,0.38
2011,2021-02-18,VDA,349,153,196,61,4,37,45,180,14,8,261,88,ITC,ITC2,2,Valle d'Aosta / Vallée d'Aoste,Valle d'Aosta,125666,18630,14.83,0.28
2012,2021-02-19,VDA,292,102,190,17,0,30,35,145,0,65,268,24,ITC,ITC2,2,Valle d'Aosta / Vallée d'Aoste,Valle d'Aosta,125666,18922,15.06,0.23
2013,2021-03-26,VDA,494,203,291,4,2,171,0,88,3,226,487,7,ITC,ITC2,2,Valle d'Aosta / Vallée d'Aoste,Valle d'Aosta,125666,19416,15.45,0.39
2014,2021-03-16,VDA,176,36,140,2,0,43,13,118,0,0,115,61,ITC,ITC2,2,Valle d'Aosta / Vallée d'Aoste,Valle d'Aosta,125666,19592,15.59,0.14
2015,2021-04-04,VDA,569,251,318,1,8,446,0,20,0,94,568,1,ITC,ITC2,2,Valle d'Aosta / Vallée d'Aoste,Valle d'Aosta,125666,20161,16.04,0.45
2016,2021-02-11,VDA,231,107,124,53,17,21,0,127,13,0,222,9,ITC,ITC2,2,Valle d'Aosta / Vallée d'Aoste,Valle d'Aosta,125666,20392,16.23,0.18
2017,2021-01-04,VDA,142,59,83,126,14,2,0,0,0,0,142,0,ITC,ITC2,2,Valle d'Aosta / Vallée d'Aoste,Valle d'Aosta,125666,20534,16.34,0.11
2018,2021-02-25,VDA,201,101,100,6,3,154,11,0,25,2,194,7,ITC,ITC2,2,Valle d'Aosta / Vallée d'Aoste,Valle d'Aosta,125666,20735,16.5,0.16
2019,2021-01-28,VDA,290,123,167,202,34,46,6,2,0,0,56,234,ITC,ITC2,2,Valle d'Aosta / Vallée d'Aoste,Valle d'Aosta,125666,21025,16.73,0.23
2020,2021-03-09,VDA,204,96,108,2,0,79,23,36,39,25,172,32,ITC,ITC2,2,Valle d'Aosta / Vallée d'Aoste,Valle d'Aosta,125666,21229,16.89,0.16
2021,2021-01-27,VDA,151,71,80,55,8,17,18,53,0,0,79,72,ITC,ITC2,2,Valle d'Aosta / Vallée d'Aoste,Valle d'Aosta,125666,21380,17.01,0.12
2022,2021-01-19,VDA,256,77,179,160,10,14,15,57,0,0,256,0,ITC,ITC2,2,Valle d'Aosta / Vallée d'Aoste,Valle d'Aosta,125666,21636,17.22,0.2
2023,2021-02-24,VDA,183,82,101,30,7,8,13,65,53,7,164,19,ITC,ITC2,2,Valle d'Aosta / Vallée d'Aoste,Valle d'Aosta,125666,21819,17.36,0.15
2024,2021-03-20,VDA,205,85,120,5,2,164,15,14,4,1,170,35,ITC,ITC2,2,Valle d'Aosta / Vallée d'Aoste,Valle d'Aosta,125666,22024,17.53,0.16
2025,2021-01-29,VDA,316,138,178,259,32,9,16,0,0,0,2,314,ITC,ITC2,2,Valle d'Aosta / Vallée d'Aoste,Valle d'Aosta,125666,22340,17.78,0.25
2026,2021-01-18,VDA,213,74,139,29,7,104,27,46,0,0,213,0,ITC,ITC2,2,Valle d'Aosta / Vallée d'Aoste,Valle d'Aosta,125666,22553,17.95,0.17
2027,2021-01-13,VDA,337,110,227,166,138,5,28,0,0,0,337,0,ITC,ITC2,2,Valle d'Aosta / Vallée d'Aoste,Valle d'Aosta,125666,22890,18.21,0.27
2028,2021-03-13,VDA,142,84,58,2,1,113,0,0,23,3,142,0,ITC,ITC2,2,Valle d'Aosta / Vallée d'Aoste,Valle d'Aosta,125666,23032,18.33,0.11
2029,2021-02-05,VDA,294,102,192,159,45,37,0,53,0,0,101,193,ITC,ITC2,2,Valle d'Aosta / Vallée d'Aoste,Valle d'Aosta,125666,23326,18.56,0.23
2030,2021-01-21,VDA,33,12,21,0,0,0,33,0,0,0,33,0,ITC,ITC2,2,Valle d'Aosta / Vallée d'Aoste,Valle d'Aosta,125666,23359,18.59,0.03
2031,2021-02-16,VDA,325,53,272,10,0,58,12,5,4,236,320,5,ITC,ITC2,2,Valle d'Aosta / Vallée d'Aoste,Valle d'Aosta,125666,23684,18.85,0.26
2032,2021-01-11,VDA,325,112,213,238,50,7,30,0,0,0,325,0,ITC,ITC2,2,Valle d'Aosta / Vallée d'Aoste,Valle d'Aosta,125666,24009,19.11,0.26
2033,2021-01-20,VDA,23,8,15,0,0,0,6,17,0,0,23,0,ITC,ITC2,2,Valle d'Aosta / Vallée d'Aoste,Valle d'Aosta,125666,24032,19.12,0.02
2034,2021-02-13,VDA,215,195,20,0,0,54,0,0,161,0,215,0,ITC,ITC2,2,Valle d'Aosta / Vallée d'Aoste,Valle d'Aosta,125666,24247,19.29,0.17
2035,2021-01-25,VDA,147,65,82,125,13,3,6,0,0,0,0,147,ITC,ITC2,2,Valle d'Aosta / Vallée d'Aoste,Valle d'Aosta,125666,24394,19.41,0.12
2036,2021-02-14,VDA,48,16,32,6,0,0,42,0,0,0,1,47,ITC,ITC2,2,Valle d'Aosta / Vallée d'Aoste,Valle d'Aosta,125666,24442,19.45,0.04
2037,2021-01-26,VDA,139,48,91,115,11,1,12,0,0,0,0,139,ITC,ITC2,2,Valle d'Aosta / Vallée d'Aoste,Valle d'Aosta,125666,24581,19.56,0.11
2038,2021-02-03,VDA,351,114,237,157,135,6,52,1,0,0,14,337,ITC,ITC2,2,Valle d'Aosta / Vallée d'Aoste,Valle d'Aosta,125666,24932,19.84,0.28
2039,2021-02-12,VDA,263,96,167,51,9,41,26,131,0,5,217,46,ITC,ITC2,2,Valle d'Aosta / Vallée d'Aoste,Valle d'Aosta,125666,25195,20.05,0.21
2040,2021-03-03,VDA,255,118,137,9,1,105,1,134,1,4,186,69,ITC,ITC2,2,Valle d'Aosta / Vallée d'Aoste,Valle d'Aosta,125666,25450,20.25,0.2
2041,2021-01-10,VDA,220,71,149,172,25,4,19,0,0,0,220,0,ITC,ITC2,2,Valle d'Aosta / Vallée d'Aoste,Valle d'Aosta,125666,25670,20.43,0.18
2042,2021-01-06,VDA,65,33,32,29,8,10,18,0,0,0,65,0,ITC,ITC2,2,Valle d'Aosta / Vallée d'Aoste,Valle d'Aosta,125666,25735,20.48,0.05
2043,2021-01-22,VDA,56,21,35,36,0,0,20,0,0,0,20,36,ITC,ITC2,2,Valle d'Aosta / Vallée d'Aoste,Valle d'Aosta,125666,25791,20.52,0.04
2044,2021-02-06,VDA,289,104,185,170,31,13,0,74,1,0,92,197,ITC,ITC2,2,Valle d'Aosta / Vallée d'Aoste,Valle d'Aosta,125666,26080,20.75,0.23
2045,2021-03-19,VDA,319,84,235,8,1,70,21,9,1,209,284,35,ITC,ITC2,2,Valle d'Aosta / Vallée d'Aoste,Valle d'Aosta,125666,26399,21.01,0.25
2046,2021-02-28,VDA,260,86,174,78,31,27,24,93,3,4,77,183,ITC,ITC2,2,Valle d'Aosta / Vallée d'Aoste,Valle d'Aosta,125666,26659,21.21,0.21
2047,2021-01-31,VDA,290,90,200,231,31,10,18,0,0,0,58,232,ITC,ITC2,2,Valle d'Aosta / Vallée d'Aoste,Valle d'Aosta,125666,26949,21.44,0.23
