,data,area,Vaccinazioni giornaliere,sesso_maschile,sesso_femminile,prima_dose,seconda_dose,pregressa_infezione,codice_NUTS1,codice_NUTS2,codice_regione_ISTAT,nome_area,Regione,popolazione,Totale vaccinazioni,Totale vaccinazioni ogni cento ab,Vaccinazioni giornaliere ogni cento ab
0,2021-02-07,MOL,67,32,35,20,47,0,ITF,ITF2,14,Molise,Molise,305617,67,0.02,0.02
1,2021-05-18,MOL,1675,893,782,1004,658,13,ITF,ITF2,14,Molise,Molise,305617,1742,0.57,0.55
2,2021-03-22,MOL,1172,450,722,897,245,30,ITF,ITF2,14,Molise,Molise,305617,2914,0.95,0.38
3,2021-07-23,MOL,2935,1527,1408,875,2000,60,ITF,ITF2,14,Molise,Molise,305617,5849,1.91,0.96
4,2021-09-04,MOL,1637,903,734,685,931,21,ITF,ITF2,14,Molise,Molise,305617,7486,2.45,0.54
5,2021-08-28,MOL,1727,960,767,644,1067,16,ITF,ITF2,14,Molise,Molise,305617,9213,3.01,0.57
6,2021-08-23,MOL,1723,933,790,270,1440,13,ITF,ITF2,14,Molise,Molise,305617,10936,3.58,0.56
7,2021-02-19,MOL,171,95,76,169,2,0,ITF,ITF2,14,Molise,Molise,305617,11107,3.63,0.06
8,2021-03-10,MOL,1751,725,1026,1678,50,23,ITF,ITF2,14,Molise,Molise,305617,12858,4.21,0.57
9,2021-06-01,MOL,2640,1342,1298,2483,111,46,ITF,ITF2,14,Molise,Molise,305617,15498,5.07,0.86
10,2021-05-01,MOL,2674,1283,1391,407,2233,34,ITF,ITF2,14,Molise,Molise,305617,18172,5.95,0.87
11,2021-03-05,MOL,1232,656,576,1009,209,14,ITF,ITF2,14,Molise,Molise,305617,19404,6.35,0.4
12,2021-08-09,MOL,3443,1781,1662,1632,1760,51,ITF,ITF2,14,Molise,Molise,305617,22847,7.48,1.13
13,2021-06-13,MOL,2940,1563,1377,2565,329,46,ITF,ITF2,14,Molise,Molise,305617,25787,8.44,0.96
14,2021-04-17,MOL,3103,1528,1575,1555,1503,45,ITF,ITF2,14,Molise,Molise,305617,28890,9.45,1.02
15,2021-07-14,MOL,3442,1683,1759,211,3214,17,ITF,ITF2,14,Molise,Molise,305617,32332,10.58,1.13
16,2021-04-05,MOL,392,190,202,293,99,0,ITF,ITF2,14,Molise,Molise,305617,32724,10.71,0.13
17,2021-06-27,MOL,2389,1129,1260,1141,1237,11,ITF,ITF2,14,Molise,Molise,305617,35113,11.49,0.78
18,2021-01-07,MOL,602,210,392,602,0,0,ITF,ITF2,14,Molise,Molise,305617,35715,11.69,0.2
19,2021-02-12,MOL,337,152,185,212,124,1,ITF,ITF2,14,Molise,Molise,305617,36052,11.8,0.11
20,2021-01-26,MOL,450,184,266,8,442,0,ITF,ITF2,14,Molise,Molise,305617,36502,11.94,0.15
21,2021-05-06,MOL,2750,1244,1506,2061,611,78,ITF,ITF2,14,Molise,Molise,305617,39252,12.84,0.9
22,2021-07-28,MOL,2460,1306,1154,1152,1273,35,ITF,ITF2,14,Molise,Molise,305617,41712,13.65,0.8
23,2021-03-24,MOL,1657,662,995,1221,402,34,ITF,ITF2,14,Molise,Molise,305617,43369,14.19,0.54
24,2021-07-02,MOL,2710,1316,1394,137,2563,10,ITF,ITF2,14,Molise,Molise,305617,46079,15.08,0.89
25,2021-07-04,MOL,2162,1091,1071,585,1554,23,ITF,ITF2,14,Molise,Molise,305617,48241,15.78,0.71
26,2021-08-11,MOL,2024,1058,966,1144,816,64,ITF,ITF2,14,Molise,Molise,305617,50265,16.45,0.66
27,2021-01-12,MOL,337,114,223,337,0,0,ITF,ITF2,14,Molise,Molise,305617,50602,16.56,0.11
28,2021-05-20,MOL,2750,1417,1333,2423,190,137,ITF,ITF2,14,Molise,Molise,305617,53352,17.46,0.9
29,2021-05-25,MOL,1985,894,1091,1309,635,41,ITF,ITF2,14,Molise,Molise,305617,55337,18.11,0.65
30,2021-09-09,MOL,1200,624,576,416,769,15,ITF,ITF2,14,Molise,Molise,305617,56537,18.5,0.39
31,2021-05-13,MOL,3111,1445,1666,2556,461,94,ITF,ITF2,14,Molise,Molise,305617,59648,19.52,1.02
32,2021-08-21,MOL,2168,1220,948,1100,1016,52,ITF,ITF2,14,Molise,Molise,305617,61816,20.23,0.71
33,2021-08-04,MOL,2526,1308,1218,964,1543,19,ITF,ITF2,14,Molise,Molise,305617,64342,21.05,0.83
34,2021-08-16,MOL,1786,926,860,829,941,16,ITF,ITF2,14,Molise,Molise,305617,66128,21.64,0.58
35,2021-03-15,MOL,854,349,505,576,245,33,ITF,ITF2,14,Molise,Molise,305617,66982,21.92,0.28
36,2021-06-20,MOL,424,174,250,48,372,4,ITF,ITF2,14,Molise,Molise,305617,67406,22.06,0.14
37,2021-04-24,MOL,2580,1216,1364,702,1850,28,ITF,ITF2,14,Molise,Molise,305617,69986,22.9,0.84
38,2021-02-26,MOL,566,261,305,492,73,1,ITF,ITF2,14,Molise,Molise,305617,70552,23.09,0.19
39,2021-08-02,MOL,2726,1421,1305,1203,1475,48,ITF,ITF2,14,Molise,Molise,305617,73278,23.98,0.89
40,2021-06-06,MOL,2121,1092,1029,1762,328,31,ITF,ITF2,14,Molise,Molise,305617,75399,24.67,0.69
41,2021-03-19,MOL,1209,489,720,747,430,32,ITF,ITF2,14,Molise,Molise,305617,76608,25.07,0.4
42,2021-01-21,MOL,6,2,4,6,0,0,ITF,ITF2,14,Molise,Molise,305617,76614,25.07,0.0
43,2021-03-29,MOL,2070,846,1224,1524,489,57,ITF,ITF2,14,Molise,Molise,305617,78684,25.75,0.68
44,2021-01-31,MOL,268,70,198,6,262,0,ITF,ITF2,14,Molise,Molise,305617,78952,25.83,0.09
45,2021-09-11,MOL,1226,689,537,179,1035,12,ITF,ITF2,14,Molise,Molise,305617,80178,26.23,0.4
46,2021-07-16,MOL,3103,1570,1533,399,2674,30,ITF,ITF2,14,Molise,Molise,305617,83281,27.25,1.02
47,2021-07-09,MOL,3450,1659,1791,168,3264,18,ITF,ITF2,14,Molise,Molise,305617,86731,28.38,1.13
48,2021-03-17,MOL,977,407,570,526,333,118,ITF,ITF2,14,Molise,Molise,305617,87708,28.7,0.32
49,2021-06-25,MOL,3461,1704,1757,1479,1921,61,ITF,ITF2,14,Molise,Molise,305617,91169,29.83,1.13
50,2021-06-08,MOL,2906,1603,1303,2202,701,3,ITF,ITF2,14,Molise,Molise,305617,94075,30.78,0.95
51,2021-02-24,MOL,672,281,391,326,338,8,ITF,ITF2,14,Molise,Molise,305617,94747,31.0,0.22
52,2021-01-17,MOL,78,38,40,48,30,0,ITF,ITF2,14,Molise,Molise,305617,94825,31.03,0.03
53,2021-04-10,MOL,2686,1279,1407,2467,154,65,ITF,ITF2,14,Molise,Molise,305617,97511,31.91,0.88
54,2021-02-05,MOL,598,270,328,55,543,0,ITF,ITF2,14,Molise,Molise,305617,98109,32.1,0.2
55,2021-01-19,MOL,174,63,111,163,11,0,ITF,ITF2,14,Molise,Molise,305617,98283,32.16,0.06
56,2021-04-29,MOL,2264,1162,1102,883,1355,26,ITF,ITF2,14,Molise,Molise,305617,100547,32.9,0.74
57,2021-04-12,MOL,1311,563,748,1041,252,18,ITF,ITF2,14,Molise,Molise,305617,101858,33.33,0.43
58,2021-07-21,MOL,2129,1070,1059,794,1289,46,ITF,ITF2,14,Molise,Molise,305617,103987,34.03,0.7
59,2021-01-04,MOL,315,132,183,315,0,0,ITF,ITF2,14,Molise,Molise,305617,104302,34.13,0.1
60,2021-04-14,MOL,1827,775,1052,1139,669,19,ITF,ITF2,14,Molise,Molise,305617,106129,34.73,0.6
61,2021-02-16,MOL,159,73,86,152,6,1,ITF,ITF2,14,Molise,Molise,305617,106288,34.78,0.05
62,2021-05-27,MOL,2870,1367,1503,1984,844,42,ITF,ITF2,14,Molise,Molise,305617,109158,35.72,0.94
63,2021-07-25,MOL,2024,1067,957,357,1651,16,ITF,ITF2,14,Molise,Molise,305617,111182,36.38,0.66
64,2021-05-29,MOL,2385,1242,1143,1947,394,44,ITF,ITF2,14,Molise,Molise,305617,113567,37.16,0.78
65,2021-09-06,MOL,1186,627,559,354,826,6,ITF,ITF2,14,Molise,Molise,305617,114753,37.55,0.39
66,2021-04-28,MOL,1724,944,780,491,1221,12,ITF,ITF2,14,Molise,Molise,305617,116477,38.11,0.56
67,2021-08-06,MOL,2338,1236,1102,1088,1207,43,ITF,ITF2,14,Molise,Molise,305617,118815,38.88,0.77
68,2021-02-21,MOL,577,228,349,575,2,0,ITF,ITF2,14,Molise,Molise,305617,119392,39.07,0.19
69,2021-02-04,MOL,762,296,466,78,684,0,ITF,ITF2,14,Molise,Molise,305617,120154,39.32,0.25
70,2021-05-15,MOL,3037,1427,1610,2559,389,89,ITF,ITF2,14,Molise,Molise,305617,123191,40.31,0.99
71,2021-08-30,MOL,1693,911,782,228,1446,19,ITF,ITF2,14,Molise,Molise,305617,124884,40.86,0.55
72,2021-06-24,MOL,3361,1564,1797,442,2881,38,ITF,ITF2,14,Molise,Molise,305617,128245,41.96,1.1
73,2021-03-02,MOL,674,387,287,508,159,7,ITF,ITF2,14,Molise,Molise,305617,128919,42.18,0.22
74,2021-06-10,MOL,2626,1207,1419,1277,1301,48,ITF,ITF2,14,Molise,Molise,305617,131545,43.04,0.86
75,2021-04-02,MOL,1487,727,760,669,784,34,ITF,ITF2,14,Molise,Molise,305617,133032,43.53,0.49
76,2021-08-20,MOL,2460,1295,1165,505,1935,20,ITF,ITF2,14,Molise,Molise,305617,135492,44.33,0.8
77,2021-01-28,MOL,617,218,399,19,598,0,ITF,ITF2,14,Molise,Molise,305617,136109,44.54,0.2
78,2021-09-01,MOL,1848,976,872,395,1433,20,ITF,ITF2,14,Molise,Molise,305617,137957,45.14,0.6
79,2021-01-09,MOL,457,154,303,457,0,0,ITF,ITF2,14,Molise,Molise,305617,138414,45.29,0.15
80,2021-04-19,MOL,1900,864,1036,992,784,124,ITF,ITF2,14,Molise,Molise,305617,140314,45.91,0.62
81,2021-03-03,MOL,677,320,357,588,83,6,ITF,ITF2,14,Molise,Molise,305617,140991,46.13,0.22
82,2021-01-05,MOL,451,180,271,451,0,0,ITF,ITF2,14,Molise,Molise,305617,141442,46.28,0.15
83,2021-07-06,MOL,3072,1433,1639,38,3029,5,ITF,ITF2,14,Molise,Molise,305617,144514,47.29,1.01
84,2021-05-10,MOL,2956,1308,1648,2515,376,65,ITF,ITF2,14,Molise,Molise,305617,147470,48.25,0.97
85,2021-06-29,MOL,2510,1168,1342,386,2093,31,ITF,ITF2,14,Molise,Molise,305617,149980,49.07,0.82
86,2021-05-03,MOL,2553,1212,1341,2319,164,70,ITF,ITF2,14,Molise,Molise,305617,152533,49.91,0.84
87,2021-05-17,MOL,2266,1108,1158,1718,498,50,ITF,ITF2,14,Molise,Molise,305617,154799,50.65,0.74
88,2021-03-21,MOL,1254,546,708,481,770,3,ITF,ITF2,14,Molise,Molise,305617,156053,51.06,0.41
89,2021-08-25,MOL,1503,809,694,342,1151,10,ITF,ITF2,14,Molise,Molise,305617,157556,51.55,0.49
90,2021-03-14,MOL,601,242,359,18,583,0,ITF,ITF2,14,Molise,Molise,305617,158157,51.75,0.2
91,2021-08-18,MOL,1347,706,641,344,981,22,ITF,ITF2,14,Molise,Molise,305617,159504,52.19,0.44
92,2021-06-22,MOL,2984,1378,1606,676,2288,20,ITF,ITF2,14,Molise,Molise,305617,162488,53.17,0.98
93,2021-02-09,MOL,361,171,190,198,163,0,ITF,ITF2,14,Molise,Molise,305617,162849,53.29,0.12
94,2021-08-01,MOL,966,530,436,759,175,32,ITF,ITF2,14,Molise,Molise,305617,163815,53.6,0.32
95,2021-02-02,MOL,540,176,364,216,323,1,ITF,ITF2,14,Molise,Molise,305617,164355,53.78,0.18
96,2021-01-16,MOL,426,169,257,426,0,0,ITF,ITF2,14,Molise,Molise,305617,164781,53.92,0.14
97,2021-04-26,MOL,1174,528,646,816,332,26,ITF,ITF2,14,Molise,Molise,305617,165955,54.3,0.38
98,2021-04-09,MOL,2368,1272,1096,2118,192,58,ITF,ITF2,14,Molise,Molise,305617,168323,55.08,0.77
99,2021-03-31,MOL,2271,938,1333,1321,820,130,ITF,ITF2,14,Molise,Molise,305617,170594,55.82,0.74
100,2021-07-11,MOL,2465,1200,1265,181,2280,4,ITF,ITF2,14,Molise,Molise,305617,173059,56.63,0.81
101,2021-08-13,MOL,1538,801,737,1122,384,32,ITF,ITF2,14,Molise,Molise,305617,174597,57.13,0.5
102,2021-05-08,MOL,3040,1479,1561,1719,1258,63,ITF,ITF2,14,Molise,Molise,305617,177637,58.12,0.99
103,2021-04-21,MOL,1892,798,1094,971,910,11,ITF,ITF2,14,Molise,Molise,305617,179529,58.74,0.62
104,2021-07-30,MOL,2700,1399,1301,1443,1196,61,ITF,ITF2,14,Molise,Molise,305617,182229,59.63,0.88
105,2021-02-11,MOL,297,133,164,260,37,0,ITF,ITF2,14,Molise,Molise,305617,182526,59.72,0.1
106,2021-05-22,MOL,2313,1198,1115,2198,91,24,ITF,ITF2,14,Molise,Molise,305617,184839,60.48,0.76
107,2021-03-12,MOL,1470,641,829,1410,36,24,ITF,ITF2,14,Molise,Molise,305617,186309,60.96,0.48
108,2021-01-14,MOL,652,240,412,652,0,0,ITF,ITF2,14,Molise,Molise,305617,186961,61.17,0.21
109,2021-08-03,MOL,2218,1154,1064,1226,956,36,ITF,ITF2,14,Molise,Molise,305617,189179,61.9,0.73
110,2021-03-11,MOL,1477,641,836,1454,6,17,ITF,ITF2,14,Molise,Molise,305617,190656,62.38,0.48
111,2021-01-06,MOL,695,263,432,695,0,0,ITF,ITF2,14,Molise,Molise,305617,191351,62.61,0.23
112,2021-04-16,MOL,2464,1049,1415,1187,1238,39,ITF,ITF2,14,Molise,Molise,305617,193815,63.42,0.81
113,2021-06-21,MOL,2941,1366,1575,1654,1239,48,ITF,ITF2,14,Molise,Molise,305617,196756,64.38,0.96
114,2021-04-25,MOL,800,401,399,559,233,8,ITF,ITF2,14,Molise,Molise,305617,197556,64.64,0.26
115,2021-01-13,MOL,481,163,318,481,0,0,ITF,ITF2,14,Molise,Molise,305617,198037,64.8,0.16
116,2021-06-19,MOL,2374,1178,1196,1302,1026,46,ITF,ITF2,14,Molise,Molise,305617,200411,65.58,0.78
117,2021-04-23,MOL,2084,903,1181,1382,671,31,ITF,ITF2,14,Molise,Molise,305617,202495,66.26,0.68
118,2021-03-28,MOL,1640,757,883,523,1103,14,ITF,ITF2,14,Molise,Molise,305617,204135,66.79,0.54
119,2021-01-30,MOL,465,161,304,12,453,0,ITF,ITF2,14,Molise,Molise,305617,204600,66.95,0.15
120,2021-01-18,MOL,117,48,69,117,0,0,ITF,ITF2,14,Molise,Molise,305617,204717,66.98,0.04
121,2021-04-11,MOL,1220,603,617,1175,14,31,ITF,ITF2,14,Molise,Molise,305617,205937,67.38,0.4
122,2021-07-20,MOL,2198,1110,1088,1028,1120,50,ITF,ITF2,14,Molise,Molise,305617,208135,68.1,0.72
123,2021-07-03,MOL,2765,1391,1374,579,2164,22,ITF,ITF2,14,Molise,Molise,305617,210900,69.01,0.9
124,2021-08-08,MOL,893,467,426,648,229,16,ITF,ITF2,14,Molise,Molise,305617,211793,69.3,0.29
125,2021-07-22,MOL,2263,1122,1141,846,1357,60,ITF,ITF2,14,Molise,Molise,305617,214056,70.04,0.74
126,2021-02-23,MOL,586,223,363,362,221,3,ITF,ITF2,14,Molise,Molise,305617,214642,70.23,0.19
127,2021-06-03,MOL,3334,1588,1746,2726,560,48,ITF,ITF2,14,Molise,Molise,305617,217976,71.32,1.09
128,2021-04-07,MOL,1740,882,858,1376,276,88,ITF,ITF2,14,Molise,Molise,305617,219716,71.89,0.57
129,2021-06-05,MOL,3044,1537,1507,2827,177,40,ITF,ITF2,14,Molise,Molise,305617,222760,72.89,1.0
130,2021-09-13,MOL,391,219,172,112,273,6,ITF,ITF2,14,Molise,Molise,305617,223151,73.02,0.13
131,2021-07-18,MOL,1777,895,882,126,1641,10,ITF,ITF2,14,Molise,Molise,305617,224928,73.6,0.58
132,2021-03-16,MOL,618,230,388,266,348,4,ITF,ITF2,14,Molise,Molise,305617,225546,73.8,0.2
133,2021-01-11,MOL,562,194,368,562,0,0,ITF,ITF2,14,Molise,Molise,305617,226108,73.98,0.18
134,2021-07-29,MOL,2474,1271,1203,1601,822,51,ITF,ITF2,14,Molise,Molise,305617,228582,74.79,0.81
135,2021-07-13,MOL,2831,1436,1395,323,2490,18,ITF,ITF2,14,Molise,Molise,305617,231413,75.72,0.93
136,2021-02-28,MOL,838,337,501,793,43,2,ITF,ITF2,14,Molise,Molise,305617,232251,75.99,0.27
137,2021-02-27,MOL,1375,572,803,1349,20,6,ITF,ITF2,14,Molise,Molise,305617,233626,76.44,0.45
138,2021-06-07,MOL,1989,875,1114,1138,824,27,ITF,ITF2,14,Molise,Molise,305617,235615,77.09,0.65
139,2021-02-13,MOL,132,80,52,132,0,0,ITF,ITF2,14,Molise,Molise,305617,235747,77.14,0.04
140,2021-08-29,MOL,1432,781,651,111,1312,9,ITF,ITF2,14,Molise,Molise,305617,237179,77.61,0.47
141,2021-05-24,MOL,1990,865,1125,1282,675,33,ITF,ITF2,14,Molise,Molise,305617,239169,78.26,0.65
142,2021-05-07,MOL,2697,1257,1440,2031,602,64,ITF,ITF2,14,Molise,Molise,305617,241866,79.14,0.88
143,2021-04-18,MOL,1092,486,606,143,939,10,ITF,ITF2,14,Molise,Molise,305617,242958,79.5,0.36
144,2021-05-26,MOL,1645,751,894,828,771,46,ITF,ITF2,14,Molise,Molise,305617,244603,80.04,0.54
145,2021-03-30,MOL,2034,873,1161,1485,514,35,ITF,ITF2,14,Molise,Molise,305617,246637,80.7,0.67
146,2021-09-03,MOL,1681,876,805,357,1301,23,ITF,ITF2,14,Molise,Molise,305617,248318,81.25,0.55
147,2021-02-01,MOL,563,201,362,14,549,0,ITF,ITF2,14,Molise,Molise,305617,248881,81.44,0.18
148,2021-07-08,MOL,3448,1661,1787,108,3317,23,ITF,ITF2,14,Molise,Molise,305617,252329,82.56,1.13
149,2021-05-12,MOL,2925,1327,1598,2715,100,110,ITF,ITF2,14,Molise,Molise,305617,255254,83.52,0.96
150,2021-03-25,MOL,1837,741,1096,1291,498,48,ITF,ITF2,14,Molise,Molise,305617,257091,84.12,0.6
151,2021-03-08,MOL,1400,528,872,1215,140,45,ITF,ITF2,14,Molise,Molise,305617,258491,84.58,0.46
152,2021-06-16,MOL,2132,1053,1079,1167,946,19,ITF,ITF2,14,Molise,Molise,305617,260623,85.28,0.7
153,2021-04-13,MOL,1643,722,921,1040,589,14,ITF,ITF2,14,Molise,Molise,305617,262266,85.82,0.54
154,2021-03-27,MOL,2766,1284,1482,1303,1434,29,ITF,ITF2,14,Molise,Molise,305617,265032,86.72,0.91
155,2021-07-05,MOL,2746,1286,1460,40,2704,2,ITF,ITF2,14,Molise,Molise,305617,267778,87.62,0.9
156,2021-06-18,MOL,2794,1264,1530,1303,1462,29,ITF,ITF2,14,Molise,Molise,305617,270572,88.53,0.91
157,2021-08-26,MOL,1725,935,790,307,1411,7,ITF,ITF2,14,Molise,Molise,305617,272297,89.1,0.56
158,2021-06-30,MOL,2987,1419,1568,880,2023,84,ITF,ITF2,14,Molise,Molise,305617,275284,90.07,0.98
159,2021-03-13,MOL,1194,598,596,184,991,19,ITF,ITF2,14,Molise,Molise,305617,276478,90.47,0.39
160,2021-01-15,MOL,548,245,303,548,0,0,ITF,ITF2,14,Molise,Molise,305617,277026,90.64,0.18
161,2021-01-25,MOL,319,130,189,3,316,0,ITF,ITF2,14,Molise,Molise,305617,277345,90.75,0.1
162,2021-05-05,MOL,2498,1070,1428,2306,145,47,ITF,ITF2,14,Molise,Molise,305617,279843,91.57,0.82
163,2021-05-04,MOL,2752,1199,1553,2562,132,58,ITF,ITF2,14,Molise,Molise,305617,282595,92.47,0.9
164,2021-01-10,MOL,270,72,198,270,0,0,ITF,ITF2,14,Molise,Molise,305617,282865,92.56,0.09
165,2021-04-20,MOL,2342,1038,1304,1215,1112,15,ITF,ITF2,14,Molise,Molise,305617,285207,93.32,0.77
166,2021-06-09,MOL,1837,925,912,871,935,31,ITF,ITF2,14,Molise,Molise,305617,287044,93.92,0.6
167,2021-05-23,MOL,1796,904,892,1752,10,34,ITF,ITF2,14,Molise,Molise,305617,288840,94.51,0.59
168,2021-08-31,MOL,1744,954,790,312,1422,10,ITF,ITF2,14,Molise,Molise,305617,290584,95.08,0.57
169,2021-03-04,MOL,858,422,436,517,325,16,ITF,ITF2,14,Molise,Molise,305617,291442,95.36,0.28
170,2021-06-12,MOL,5960,3065,2895,5667,203,90,ITF,ITF2,14,Molise,Molise,305617,297402,97.31,1.95
171,2021-08-17,MOL,1667,878,789,340,1310,17,ITF,ITF2,14,Molise,Molise,305617,299069,97.86,0.55
172,2021-06-14,MOL,1653,822,831,549,1087,17,ITF,ITF2,14,Molise,Molise,305617,300722,98.4,0.54
173,2021-07-27,MOL,1958,1081,877,1333,555,70,ITF,ITF2,14,Molise,Molise,305617,302680,99.04,0.64
174,2021-07-10,MOL,3744,1789,1955,326,3404,14,ITF,ITF2,14,Molise,Molise,305617,306424,100.26,1.23
175,2021-04-04,MOL,258,142,116,231,15,12,ITF,ITF2,14,Molise,Molise,305617,306682,100.35,0.08
176,2021-03-18,MOL,1220,495,725,637,465,118,ITF,ITF2,14,Molise,Molise,305617,307902,100.75,0.4
177,2021-06-26,MOL,3141,1545,1596,530,2596,15,ITF,ITF2,14,Molise,Molise,305617,311043,101.78,1.03
178,2021-09-05,MOL,7,6,1,7,0,0,ITF,ITF2,14,Molise,Molise,305617,311050,101.78,0.0
179,2021-02-06,MOL,431,179,252,30,401,0,ITF,ITF2,14,Molise,Molise,305617,311481,101.92,0.14
180,2021-04-06,MOL,1528,714,814,1142,346,40,ITF,ITF2,14,Molise,Molise,305617,313009,102.42,0.5
181,2021-02-08,MOL,336,141,195,216,120,0,ITF,ITF2,14,Molise,Molise,305617,313345,102.53,0.11
182,2021-07-15,MOL,3229,1624,1605,214,3000,15,ITF,ITF2,14,Molise,Molise,305617,316574,103.59,1.06
183,2021-05-19,MOL,2404,1228,1176,1907,431,66,ITF,ITF2,14,Molise,Molise,305617,318978,104.37,0.79
184,2021-03-23,MOL,1686,711,975,1428,211,47,ITF,ITF2,14,Molise,Molise,305617,320664,104.92,0.55
185,2021-08-27,MOL,2118,1090,1028,414,1682,22,ITF,ITF2,14,Molise,Molise,305617,322782,105.62,0.69
186,2021-07-01,MOL,2683,1306,1377,275,2391,17,ITF,ITF2,14,Molise,Molise,305617,325465,106.49,0.88
187,2021-07-26,MOL,2456,1265,1191,1264,1125,67,ITF,ITF2,14,Molise,Molise,305617,327921,107.3,0.8
188,2021-02-15,MOL,145,70,75,142,3,0,ITF,ITF2,14,Molise,Molise,305617,328066,107.35,0.05
189,2021-06-04,MOL,3115,1532,1583,2613,459,43,ITF,ITF2,14,Molise,Molise,305617,331181,108.36,1.02
190,2021-04-08,MOL,1806,928,878,1555,203,48,ITF,ITF2,14,Molise,Molise,305617,332987,108.96,0.59
191,2021-09-12,MOL,389,211,178,343,33,13,ITF,ITF2,14,Molise,Molise,305617,333376,109.08,0.13
192,2021-07-17,MOL,2878,1533,1345,303,2552,23,ITF,ITF2,14,Molise,Molise,305617,336254,110.02,0.94
193,2021-06-23,MOL,2816,1297,1519,223,2583,10,ITF,ITF2,14,Molise,Molise,305617,339070,110.95,0.92
194,2021-03-20,MOL,2352,986,1366,1011,1323,18,ITF,ITF2,14,Molise,Molise,305617,341422,111.72,0.77
195,2021-06-28,MOL,2935,1368,1567,1015,1896,24,ITF,ITF2,14,Molise,Molise,305617,344357,112.68,0.96
196,2021-05-30,MOL,1890,947,943,1567,287,36,ITF,ITF2,14,Molise,Molise,305617,346247,113.29,0.62
197,2021-09-07,MOL,921,498,423,346,563,12,ITF,ITF2,14,Molise,Molise,305617,347168,113.6,0.3
198,2021-01-20,MOL,18,8,10,18,0,0,ITF,ITF2,14,Molise,Molise,305617,347186,113.6,0.01
199,2021-04-30,MOL,2970,1575,1395,825,2122,23,ITF,ITF2,14,Molise,Molise,305617,350156,114.57,0.97
200,2021-02-25,MOL,543,239,304,471,69,3,ITF,ITF2,14,Molise,Molise,305617,350699,114.75,0.18
201,2021-08-10,MOL,1927,1047,880,688,1207,32,ITF,ITF2,14,Molise,Molise,305617,352626,115.38,0.63
202,2021-03-01,MOL,668,275,393,433,215,20,ITF,ITF2,14,Molise,Molise,305617,353294,115.6,0.22
203,2021-04-03,MOL,1804,867,937,1728,37,39,ITF,ITF2,14,Molise,Molise,305617,355098,116.19,0.59
204,2021-07-12,MOL,2695,1332,1363,362,2312,21,ITF,ITF2,14,Molise,Molise,305617,357793,117.07,0.88
205,2021-02-10,MOL,152,80,72,132,20,0,ITF,ITF2,14,Molise,Molise,305617,357945,117.12,0.05
206,2021-05-21,MOL,2293,1158,1135,1812,330,151,ITF,ITF2,14,Molise,Molise,305617,360238,117.87,0.75
207,2021-01-27,MOL,675,251,424,8,667,0,ITF,ITF2,14,Molise,Molise,305617,360913,118.09,0.22
208,2021-08-14,MOL,1622,875,747,705,896,21,ITF,ITF2,14,Molise,Molise,305617,362535,118.62,0.53
209,2021-01-08,MOL,432,142,290,432,0,0,ITF,ITF2,14,Molise,Molise,305617,362967,118.77,0.14
210,2021-04-22,MOL,1861,871,990,1062,781,18,ITF,ITF2,14,Molise,Molise,305617,364828,119.37,0.61
211,2021-07-31,MOL,2012,1122,890,764,1202,46,ITF,ITF2,14,Molise,Molise,305617,366840,120.03,0.66
212,2021-02-17,MOL,72,32,40,50,15,7,ITF,ITF2,14,Molise,Molise,305617,366912,120.06,0.02
213,2021-07-24,MOL,3159,1698,1461,738,2391,30,ITF,ITF2,14,Molise,Molise,305617,370071,121.09,1.03
214,2021-05-28,MOL,2684,1377,1307,2062,549,73,ITF,ITF2,14,Molise,Molise,305617,372755,121.97,0.88
215,2021-06-11,MOL,3490,1679,1811,1997,1440,53,ITF,ITF2,14,Molise,Molise,305617,376245,123.11,1.14
216,2021-02-22,MOL,267,129,138,250,15,2,ITF,ITF2,14,Molise,Molise,305617,376512,123.2,0.09
217,2020-12-27,MOL,50,20,30,50,0,0,ITF,ITF2,14,Molise,Molise,305617,376562,123.21,0.02
218,2021-09-02,MOL,1527,790,737,306,1195,26,ITF,ITF2,14,Molise,Molise,305617,378089,123.71,0.5
219,2021-04-01,MOL,1499,677,822,742,730,27,ITF,ITF2,14,Molise,Molise,305617,379588,124.2,0.49
220,2021-08-12,MOL,1465,761,704,1026,400,39,ITF,ITF2,14,Molise,Molise,305617,381053,124.68,0.48
221,2021-01-29,MOL,424,137,287,6,418,0,ITF,ITF2,14,Molise,Molise,305617,381477,124.82,0.14
222,2021-05-09,MOL,2083,951,1132,1938,98,47,ITF,ITF2,14,Molise,Molise,305617,383560,125.5,0.68
223,2021-04-15,MOL,1956,805,1151,1096,851,9,ITF,ITF2,14,Molise,Molise,305617,385516,126.14,0.64
224,2021-07-07,MOL,2969,1374,1595,58,2907,4,ITF,ITF2,14,Molise,Molise,305617,388485,127.11,0.97
225,2021-05-11,MOL,3277,1447,1830,2927,254,96,ITF,ITF2,14,Molise,Molise,305617,391762,128.19,1.07
226,2021-08-19,MOL,2284,1147,1137,609,1648,27,ITF,ITF2,14,Molise,Molise,305617,394046,128.93,0.75
227,2021-01-22,MOL,128,36,92,128,0,0,ITF,ITF2,14,Molise,Molise,305617,394174,128.98,0.04
228,2021-05-02,MOL,1922,950,972,584,1318,20,ITF,ITF2,14,Molise,Molise,305617,396096,129.61,0.63
229,2021-03-06,MOL,1730,809,921,1559,160,11,ITF,ITF2,14,Molise,Molise,305617,397826,130.17,0.57
230,2021-03-07,MOL,1133,501,632,1128,2,3,ITF,ITF2,14,Molise,Molise,305617,398959,130.54,0.37
231,2021-06-15,MOL,2254,1061,1193,777,1459,18,ITF,ITF2,14,Molise,Molise,305617,401213,131.28,0.74
232,2021-06-17,MOL,2326,1026,1300,922,1373,31,ITF,ITF2,14,Molise,Molise,305617,403539,132.04,0.76
233,2021-09-08,MOL,974,515,459,251,719,4,ITF,ITF2,14,Molise,Molise,305617,404513,132.36,0.32
234,2021-03-26,MOL,2638,1062,1576,1907,646,85,ITF,ITF2,14,Molise,Molise,305617,407151,133.22,0.86
235,2021-02-18,MOL,324,74,250,307,13,4,ITF,ITF2,14,Molise,Molise,305617,407475,133.33,0.11
236,2021-03-09,MOL,1342,585,757,1155,154,33,ITF,ITF2,14,Molise,Molise,305617,408817,133.77,0.44
237,2021-02-20,MOL,1022,444,578,1002,20,0,ITF,ITF2,14,Molise,Molise,305617,409839,134.1,0.33
238,2021-05-31,MOL,2391,1164,1227,1915,428,48,ITF,ITF2,14,Molise,Molise,305617,412230,134.88,0.78
239,2021-05-14,MOL,2690,1241,1449,1901,724,65,ITF,ITF2,14,Molise,Molise,305617,414920,135.76,0.88
240,2021-08-22,MOL,389,202,187,3,386,0,ITF,ITF2,14,Molise,Molise,305617,415309,135.89,0.13
241,2021-06-02,MOL,2863,1376,1487,2728,100,35,ITF,ITF2,14,Molise,Molise,305617,418172,136.83,0.94
242,2021-09-10,MOL,1002,528,474,382,606,14,ITF,ITF2,14,Molise,Molise,305617,419174,137.16,0.33
243,2021-07-19,MOL,2816,1376,1440,518,2267,31,ITF,ITF2,14,Molise,Molise,305617,421990,138.08,0.92
244,2021-02-03,MOL,748,255,493,347,401,0,ITF,ITF2,14,Molise,Molise,305617,422738,138.32,0.24
245,2021-04-27,MOL,1628,782,846,447,1138,43,ITF,ITF2,14,Molise,Molise,305617,424366,138.86,0.53
246,2021-08-05,MOL,2297,1159,1138,1621,625,51,ITF,ITF2,14,Molise,Molise,305617,426663,139.61,0.75
247,2021-05-16,MOL,1284,585,699,1064,185,35,ITF,ITF2,14,Molise,Molise,305617,427947,140.03,0.42
248,2021-08-24,MOL,1710,925,785,261,1424,25,ITF,ITF2,14,Molise,Molise,305617,429657,140.59,0.56
249,2021-08-07,MOL,1940,1073,867,1060,852,28,ITF,ITF2,14,Molise,Molise,305617,431597,141.22,0.63
250,2021-08-27,PIE,17399,9287,8112,7485,9260,654,ITC,ITC1,1,Piemonte,Piemonte,4356406,17399,0.4,0.4
251,2021-05-19,PIE,33223,15347,17876,21476,11145,602,ITC,ITC1,1,Piemonte,Piemonte,4356406,50622,1.16,0.76
252,2021-03-14,PIE,8220,3342,4878,5175,2903,142,ITC,ITC1,1,Piemonte,Piemonte,4356406,58842,1.35,0.19
253,2021-05-10,PIE,29094,14038,15056,15313,13140,641,ITC,ITC1,1,Piemonte,Piemonte,4356406,87936,2.02,0.67
254,2021-01-30,PIE,6008,2149,3859,218,5789,1,ITC,ITC1,1,Piemonte,Piemonte,4356406,93944,2.16,0.14
255,2021-06-24,PIE,39315,19733,19582,18362,20348,605,ITC,ITC1,1,Piemonte,Piemonte,4356406,133259,3.06,0.9
256,2021-03-16,PIE,10544,4283,6261,4374,6076,94,ITC,ITC1,1,Piemonte,Piemonte,4356406,143803,3.3,0.24
257,2021-08-20,PIE,16592,8908,7684,10334,5547,711,ITC,ITC1,1,Piemonte,Piemonte,4356406,160395,3.68,0.38
258,2021-08-15,PIE,6579,3631,2948,5035,1270,274,ITC,ITC1,1,Piemonte,Piemonte,4356406,166974,3.83,0.15
259,2021-09-01,PIE,18661,9649,9012,6714,11252,695,ITC,ITC1,1,Piemonte,Piemonte,4356406,185635,4.26,0.43
260,2021-05-24,PIE,29032,13443,15589,16654,11989,389,ITC,ITC1,1,Piemonte,Piemonte,4356406,214667,4.93,0.67
261,2021-03-02,PIE,11343,4620,6723,10334,815,194,ITC,ITC1,1,Piemonte,Piemonte,4356406,226010,5.19,0.26
262,2021-06-07,PIE,34983,17897,17086,29552,4808,623,ITC,ITC1,1,Piemonte,Piemonte,4356406,260993,5.99,0.8
263,2021-08-03,PIE,30202,15800,14402,9328,20387,487,ITC,ITC1,1,Piemonte,Piemonte,4356406,291195,6.68,0.69
264,2021-03-23,PIE,13225,5577,7648,6648,6254,323,ITC,ITC1,1,Piemonte,Piemonte,4356406,304420,6.99,0.3
265,2021-01-16,PIE,7786,2630,5156,7779,0,7,ITC,ITC1,1,Piemonte,Piemonte,4356406,312206,7.17,0.18
266,2021-07-06,PIE,38337,19402,18935,8653,29128,556,ITC,ITC1,1,Piemonte,Piemonte,4356406,350543,8.05,0.88
267,2021-03-28,PIE,16091,6906,9185,8127,7624,340,ITC,ITC1,1,Piemonte,Piemonte,4356406,366634,8.42,0.37
268,2021-07-20,PIE,39109,20576,18533,5756,32784,569,ITC,ITC1,1,Piemonte,Piemonte,4356406,405743,9.31,0.9
269,2021-04-11,PIE,20856,9328,11528,18234,2151,471,ITC,ITC1,1,Piemonte,Piemonte,4356406,426599,9.79,0.48
270,2021-01-04,PIE,5585,1690,3895,5584,0,1,ITC,ITC1,1,Piemonte,Piemonte,4356406,432184,9.92,0.13
271,2021-04-28,PIE,26103,11768,14335,15486,10064,553,ITC,ITC1,1,Piemonte,Piemonte,4356406,458287,10.52,0.6
272,2021-09-10,PIE,17144,8953,8191,5042,11408,694,ITC,ITC1,1,Piemonte,Piemonte,4356406,475431,10.91,0.39
273,2021-06-19,PIE,40142,20358,19784,22900,16684,558,ITC,ITC1,1,Piemonte,Piemonte,4356406,515573,11.83,0.92
274,2021-02-04,PIE,10258,3363,6895,583,9673,2,ITC,ITC1,1,Piemonte,Piemonte,4356406,525831,12.07,0.24
275,2021-07-15,PIE,42629,22022,20607,4110,38057,462,ITC,ITC1,1,Piemonte,Piemonte,4356406,568460,13.05,0.98
276,2021-08-01,PIE,27265,14443,12822,8481,18289,495,ITC,ITC1,1,Piemonte,Piemonte,4356406,595725,13.67,0.63
277,2021-04-23,PIE,27485,12622,14863,20001,6768,716,ITC,ITC1,1,Piemonte,Piemonte,4356406,623210,14.31,0.63
278,2021-02-11,PIE,6779,2110,4669,2992,3768,19,ITC,ITC1,1,Piemonte,Piemonte,4356406,629989,14.46,0.16
279,2021-04-09,PIE,25924,11412,14512,20838,4508,578,ITC,ITC1,1,Piemonte,Piemonte,4356406,655913,15.06,0.6
280,2020-12-30,PIE,742,327,415,742,0,0,ITC,ITC1,1,Piemonte,Piemonte,4356406,656655,15.07,0.02
281,2021-06-05,PIE,37036,18963,18073,31919,4464,653,ITC,ITC1,1,Piemonte,Piemonte,4356406,693691,15.92,0.85
282,2021-02-25,PIE,12293,5308,6985,11559,547,187,ITC,ITC1,1,Piemonte,Piemonte,4356406,705984,16.21,0.28
283,2021-05-12,PIE,31976,15221,16755,18390,12956,630,ITC,ITC1,1,Piemonte,Piemonte,4356406,737960,16.94,0.73
284,2021-08-22,PIE,9611,5249,4362,5133,4098,380,ITC,ITC1,1,Piemonte,Piemonte,4356406,747571,17.16,0.22
285,2021-09-03,PIE,18361,9695,8666,6409,11297,655,ITC,ITC1,1,Piemonte,Piemonte,4356406,765932,17.58,0.42
286,2021-06-12,PIE,42723,22514,20209,39283,2629,811,ITC,ITC1,1,Piemonte,Piemonte,4356406,808655,18.56,0.98
287,2021-01-18,PIE,6180,2051,4129,5925,251,4,ITC,ITC1,1,Piemonte,Piemonte,4356406,814835,18.7,0.14
288,2021-05-17,PIE,31019,14649,16370,17383,13216,420,ITC,ITC1,1,Piemonte,Piemonte,4356406,845854,19.42,0.71
289,2021-02-06,PIE,8014,2668,5346,396,7616,2,ITC,ITC1,1,Piemonte,Piemonte,4356406,853868,19.6,0.18
290,2021-02-23,PIE,9283,3742,5541,8516,590,177,ITC,ITC1,1,Piemonte,Piemonte,4356406,863151,19.81,0.21
291,2021-05-31,PIE,29168,14082,15086,20169,8588,411,ITC,ITC1,1,Piemonte,Piemonte,4356406,892319,20.48,0.67
292,2021-06-17,PIE,41238,20701,20537,24239,16370,629,ITC,ITC1,1,Piemonte,Piemonte,4356406,933557,21.43,0.95
293,2020-12-28,PIE,1,1,0,1,0,0,ITC,ITC1,1,Piemonte,Piemonte,4356406,933558,21.43,0.0
294,2021-09-08,PIE,15623,8079,7544,6127,8731,765,ITC,ITC1,1,Piemonte,Piemonte,4356406,949181,21.79,0.36
295,2021-07-27,PIE,33819,17659,16160,8264,24993,562,ITC,ITC1,1,Piemonte,Piemonte,4356406,983000,22.56,0.78
296,2021-05-02,PIE,25163,11292,13871,14013,10752,398,ITC,ITC1,1,Piemonte,Piemonte,4356406,1008163,23.14,0.58
297,2021-07-08,PIE,41050,20990,20060,7461,33011,578,ITC,ITC1,1,Piemonte,Piemonte,4356406,1049213,24.08,0.94
298,2021-01-23,PIE,4265,1328,2937,878,3385,2,ITC,ITC1,1,Piemonte,Piemonte,4356406,1053478,24.18,0.1
299,2021-03-21,PIE,10748,4747,6001,4032,6542,174,ITC,ITC1,1,Piemonte,Piemonte,4356406,1064226,24.43,0.25
300,2021-08-13,PIE,20014,10663,9351,12071,7236,707,ITC,ITC1,1,Piemonte,Piemonte,4356406,1084240,24.89,0.46
301,2021-05-05,PIE,34727,16269,18458,20344,13680,703,ITC,ITC1,1,Piemonte,Piemonte,4356406,1118967,25.69,0.8
302,2021-07-01,PIE,42013,21019,20994,19825,21151,1037,ITC,ITC1,1,Piemonte,Piemonte,4356406,1160980,26.65,0.96
303,2021-08-08,PIE,20298,10838,9460,9019,10932,347,ITC,ITC1,1,Piemonte,Piemonte,4356406,1181278,27.12,0.47
304,2021-04-30,PIE,31995,14392,17603,17957,13348,690,ITC,ITC1,1,Piemonte,Piemonte,4356406,1213273,27.85,0.73
305,2021-04-02,PIE,20178,8332,11846,11339,8434,405,ITC,ITC1,1,Piemonte,Piemonte,4356406,1233451,28.31,0.46
306,2021-05-29,PIE,32861,15253,17608,20305,12193,363,ITC,ITC1,1,Piemonte,Piemonte,4356406,1266312,29.07,0.75
307,2021-02-18,PIE,4818,2112,2706,4301,429,88,ITC,ITC1,1,Piemonte,Piemonte,4356406,1271130,29.18,0.11
308,2021-07-25,PIE,28788,15265,13523,6599,21694,495,ITC,ITC1,1,Piemonte,Piemonte,4356406,1299918,29.84,0.66
309,2021-04-16,PIE,28484,13239,15245,22694,5018,772,ITC,ITC1,1,Piemonte,Piemonte,4356406,1328402,30.49,0.65
310,2021-06-26,PIE,41290,21012,20278,21976,18597,717,ITC,ITC1,1,Piemonte,Piemonte,4356406,1369692,31.44,0.95
311,2021-07-13,PIE,38912,20074,18838,3677,34897,338,ITC,ITC1,1,Piemonte,Piemonte,4356406,1408604,32.33,0.89
312,2021-04-04,PIE,9267,4060,5207,6397,2713,157,ITC,ITC1,1,Piemonte,Piemonte,4356406,1417871,32.55,0.21
313,2021-04-21,PIE,25818,11857,13961,19783,5361,674,ITC,ITC1,1,Piemonte,Piemonte,4356406,1443689,33.14,0.59
314,2021-01-11,PIE,8788,3000,5788,8782,0,6,ITC,ITC1,1,Piemonte,Piemonte,4356406,1452477,33.34,0.2
315,2021-02-08,PIE,6932,2356,4576,664,6263,5,ITC,ITC1,1,Piemonte,Piemonte,4356406,1459409,33.5,0.16
316,2021-08-29,PIE,15132,8114,7018,5034,9668,430,ITC,ITC1,1,Piemonte,Piemonte,4356406,1474541,33.85,0.35
317,2021-05-21,PIE,36296,16863,19433,20091,15681,524,ITC,ITC1,1,Piemonte,Piemonte,4356406,1510837,34.68,0.83
318,2021-07-17,PIE,42049,22134,19915,4955,36598,496,ITC,ITC1,1,Piemonte,Piemonte,4356406,1552886,35.65,0.97
319,2021-07-12,PIE,39250,20242,19008,4563,34211,476,ITC,ITC1,1,Piemonte,Piemonte,4356406,1592136,36.55,0.9
320,2021-07-29,PIE,36703,19075,17628,9375,26669,659,ITC,ITC1,1,Piemonte,Piemonte,4356406,1628839,37.39,0.84
321,2021-04-20,PIE,25543,11690,13853,18554,6360,629,ITC,ITC1,1,Piemonte,Piemonte,4356406,1654382,37.98,0.59
322,2021-05-07,PIE,33159,15689,17470,18383,14155,621,ITC,ITC1,1,Piemonte,Piemonte,4356406,1687541,38.74,0.76
323,2021-01-27,PIE,4208,1456,2752,995,3211,2,ITC,ITC1,1,Piemonte,Piemonte,4356406,1691749,38.83,0.1
324,2021-02-13,PIE,4172,1344,2828,2931,1225,16,ITC,ITC1,1,Piemonte,Piemonte,4356406,1695921,38.93,0.1
325,2021-07-31,PIE,35781,19020,16761,10757,24636,388,ITC,ITC1,1,Piemonte,Piemonte,4356406,1731702,39.75,0.82
326,2021-03-09,PIE,14340,5741,8599,11750,2354,236,ITC,ITC1,1,Piemonte,Piemonte,4356406,1746042,40.08,0.33
327,2021-08-24,PIE,15228,8124,7104,7862,6728,638,ITC,ITC1,1,Piemonte,Piemonte,4356406,1761270,40.43,0.35
328,2021-01-01,PIE,1041,396,645,1040,0,1,ITC,ITC1,1,Piemonte,Piemonte,4356406,1762311,40.45,0.02
329,2021-09-12,PIE,10459,5542,4917,3525,6462,472,ITC,ITC1,1,Piemonte,Piemonte,4356406,1772770,40.69,0.24
330,2021-02-27,PIE,12733,4861,7872,12154,337,242,ITC,ITC1,1,Piemonte,Piemonte,4356406,1785503,40.99,0.29
331,2021-04-25,PIE,20270,9326,10944,17297,2506,467,ITC,ITC1,1,Piemonte,Piemonte,4356406,1805773,41.45,0.47
332,2021-01-15,PIE,9131,3014,6117,9125,0,6,ITC,ITC1,1,Piemonte,Piemonte,4356406,1814904,41.66,0.21
333,2021-06-21,PIE,38523,19260,19263,17170,20783,570,ITC,ITC1,1,Piemonte,Piemonte,4356406,1853427,42.54,0.88
334,2021-03-13,PIE,13054,4727,8327,11348,1432,274,ITC,ITC1,1,Piemonte,Piemonte,4356406,1866481,42.84,0.3
335,2021-06-02,PIE,26773,13105,13668,21679,4648,446,ITC,ITC1,1,Piemonte,Piemonte,4356406,1893254,43.46,0.61
336,2021-02-22,PIE,8507,3476,5031,7807,595,105,ITC,ITC1,1,Piemonte,Piemonte,4356406,1901761,43.65,0.2
337,2021-03-11,PIE,14043,5319,8724,10689,3103,251,ITC,ITC1,1,Piemonte,Piemonte,4356406,1915804,43.98,0.32
338,2021-03-25,PIE,17170,7285,9885,8090,8637,443,ITC,ITC1,1,Piemonte,Piemonte,4356406,1932974,44.37,0.39
339,2021-01-13,PIE,10116,3240,6876,10107,0,9,ITC,ITC1,1,Piemonte,Piemonte,4356406,1943090,44.6,0.23
340,2021-06-16,PIE,40488,20281,20207,23569,16282,637,ITC,ITC1,1,Piemonte,Piemonte,4356406,1983578,45.53,0.93
341,2021-08-12,PIE,22059,11834,10225,13473,7827,759,ITC,ITC1,1,Piemonte,Piemonte,4356406,2005637,46.04,0.51
342,2021-01-06,PIE,3119,1106,2013,3118,0,1,ITC,ITC1,1,Piemonte,Piemonte,4356406,2008756,46.11,0.07
343,2021-08-05,PIE,30353,16098,14255,11241,18553,559,ITC,ITC1,1,Piemonte,Piemonte,4356406,2039109,46.81,0.7
344,2021-06-23,PIE,39827,19785,20042,16419,22899,509,ITC,ITC1,1,Piemonte,Piemonte,4356406,2078936,47.72,0.91
345,2021-08-19,PIE,15889,8550,7339,10562,4596,731,ITC,ITC1,1,Piemonte,Piemonte,4356406,2094825,48.09,0.36
346,2021-02-01,PIE,8699,3072,5627,579,8119,1,ITC,ITC1,1,Piemonte,Piemonte,4356406,2103524,48.29,0.2
347,2021-05-14,PIE,33497,16312,17185,17368,15453,676,ITC,ITC1,1,Piemonte,Piemonte,4356406,2137021,49.05,0.77
348,2021-08-17,PIE,18079,9691,8388,11697,5600,782,ITC,ITC1,1,Piemonte,Piemonte,4356406,2155100,49.47,0.41
349,2021-05-09,PIE,27180,12942,14238,13161,13623,396,ITC,ITC1,1,Piemonte,Piemonte,4356406,2182280,50.09,0.62
350,2021-05-26,PIE,34238,15780,18458,15360,18515,363,ITC,ITC1,1,Piemonte,Piemonte,4356406,2216518,50.88,0.79
351,2021-02-15,PIE,4446,1603,2843,3214,1209,23,ITC,ITC1,1,Piemonte,Piemonte,4356406,2220964,50.98,0.1
352,2021-03-04,PIE,14757,5947,8810,11583,2950,224,ITC,ITC1,1,Piemonte,Piemonte,4356406,2235721,51.32,0.34
353,2021-09-07,PIE,18325,9637,8688,6113,11529,683,ITC,ITC1,1,Piemonte,Piemonte,4356406,2254046,51.74,0.42
354,2021-07-03,PIE,40146,20149,19997,15349,24049,748,ITC,ITC1,1,Piemonte,Piemonte,4356406,2294192,52.66,0.92
355,2021-07-05,PIE,35639,17833,17806,11704,23241,694,ITC,ITC1,1,Piemonte,Piemonte,4356406,2329831,53.48,0.82
356,2021-02-20,PIE,3848,1263,2585,3571,174,103,ITC,ITC1,1,Piemonte,Piemonte,4356406,2333679,53.57,0.09
357,2021-07-24,PIE,34909,18363,16546,7912,26390,607,ITC,ITC1,1,Piemonte,Piemonte,4356406,2368588,54.37,0.8
358,2021-08-07,PIE,29789,15946,13843,12647,16647,495,ITC,ITC1,1,Piemonte,Piemonte,4356406,2398377,55.05,0.68
359,2021-04-29,PIE,48597,22018,26579,34733,12648,1216,ITC,ITC1,1,Piemonte,Piemonte,4356406,2446974,56.17,1.12
360,2021-05-16,PIE,28229,12810,15419,14762,13091,376,ITC,ITC1,1,Piemonte,Piemonte,4356406,2475203,56.82,0.65
361,2021-02-05,PIE,9636,3147,6489,656,8978,2,ITC,ITC1,1,Piemonte,Piemonte,4356406,2484839,57.04,0.22
362,2021-04-18,PIE,22972,10819,12153,19633,2756,583,ITC,ITC1,1,Piemonte,Piemonte,4356406,2507811,57.57,0.53
363,2021-01-08,PIE,5549,1767,3782,5547,0,2,ITC,ITC1,1,Piemonte,Piemonte,4356406,2513360,57.69,0.13
364,2021-06-14,PIE,38092,19614,18478,30276,7098,718,ITC,ITC1,1,Piemonte,Piemonte,4356406,2551452,58.57,0.87
365,2021-03-06,PIE,14043,5234,8809,11063,2800,180,ITC,ITC1,1,Piemonte,Piemonte,4356406,2565495,58.89,0.32
366,2021-07-26,PIE,32836,17083,15753,8312,23892,632,ITC,ITC1,1,Piemonte,Piemonte,4356406,2598331,59.64,0.75
367,2021-04-17,PIE,30522,14174,16348,26484,3313,725,ITC,ITC1,1,Piemonte,Piemonte,4356406,2628853,60.34,0.7
368,2021-06-13,PIE,38206,20164,18042,33295,4136,775,ITC,ITC1,1,Piemonte,Piemonte,4356406,2667059,61.22,0.88
369,2021-02-10,PIE,7566,2379,5187,1302,6249,15,ITC,ITC1,1,Piemonte,Piemonte,4356406,2674625,61.4,0.17
370,2021-04-08,PIE,25358,11038,14320,20061,4729,568,ITC,ITC1,1,Piemonte,Piemonte,4356406,2699983,61.98,0.58
371,2021-07-19,PIE,39657,20634,19023,4501,34737,419,ITC,ITC1,1,Piemonte,Piemonte,4356406,2739640,62.89,0.91
372,2021-04-10,PIE,30209,13430,16779,25278,4269,662,ITC,ITC1,1,Piemonte,Piemonte,4356406,2769849,63.58,0.69
373,2021-04-15,PIE,29659,13590,16069,23420,5544,695,ITC,ITC1,1,Piemonte,Piemonte,4356406,2799508,64.26,0.68
374,2021-01-05,PIE,5406,1617,3789,5399,0,7,ITC,ITC1,1,Piemonte,Piemonte,4356406,2804914,64.39,0.12
375,2021-03-08,PIE,14311,5606,8705,11351,2717,243,ITC,ITC1,1,Piemonte,Piemonte,4356406,2819225,64.71,0.33
376,2021-05-04,PIE,31635,14625,17010,17307,13732,596,ITC,ITC1,1,Piemonte,Piemonte,4356406,2850860,65.44,0.73
377,2021-01-24,PIE,3161,964,2197,435,2724,2,ITC,ITC1,1,Piemonte,Piemonte,4356406,2854021,65.51,0.07
378,2021-06-30,PIE,41355,20214,21141,18494,21976,885,ITC,ITC1,1,Piemonte,Piemonte,4356406,2895376,66.46,0.95
379,2021-03-22,PIE,11546,4899,6647,3720,7609,217,ITC,ITC1,1,Piemonte,Piemonte,4356406,2906922,66.73,0.27
380,2021-06-25,PIE,45617,22725,22892,20289,24596,732,ITC,ITC1,1,Piemonte,Piemonte,4356406,2952539,67.77,1.05
381,2021-04-03,PIE,19514,8217,11297,10622,8578,314,ITC,ITC1,1,Piemonte,Piemonte,4356406,2972053,68.22,0.45
382,2021-01-10,PIE,5246,2288,2958,5243,0,3,ITC,ITC1,1,Piemonte,Piemonte,4356406,2977299,68.34,0.12
383,2021-07-14,PIE,39080,20097,18983,3601,35051,428,ITC,ITC1,1,Piemonte,Piemonte,4356406,3016379,69.24,0.9
384,2021-04-22,PIE,27696,12755,14941,20205,6695,796,ITC,ITC1,1,Piemonte,Piemonte,4356406,3044075,69.88,0.64
385,2021-01-12,PIE,10109,3422,6687,10103,0,6,ITC,ITC1,1,Piemonte,Piemonte,4356406,3054184,70.11,0.23
386,2021-01-29,PIE,5961,1894,4067,454,5507,0,ITC,ITC1,1,Piemonte,Piemonte,4356406,3060145,70.24,0.14
387,2021-03-30,PIE,17014,7124,9890,8742,7875,397,ITC,ITC1,1,Piemonte,Piemonte,4356406,3077159,70.64,0.39
388,2021-07-10,PIE,41258,20919,20339,6732,33981,545,ITC,ITC1,1,Piemonte,Piemonte,4356406,3118417,71.58,0.95
389,2021-04-01,PIE,19444,8156,11288,10978,8141,325,ITC,ITC1,1,Piemonte,Piemonte,4356406,3137861,72.03,0.45
390,2021-09-05,PIE,13024,6899,6125,4456,8096,472,ITC,ITC1,1,Piemonte,Piemonte,4356406,3150885,72.33,0.3
391,2021-05-28,PIE,35129,16634,18495,18690,16024,415,ITC,ITC1,1,Piemonte,Piemonte,4356406,3186014,73.13,0.81
392,2021-01-25,PIE,6232,1947,4285,976,5254,2,ITC,ITC1,1,Piemonte,Piemonte,4356406,3192246,73.28,0.14
393,2021-06-18,PIE,40729,20361,20368,25797,14241,691,ITC,ITC1,1,Piemonte,Piemonte,4356406,3232975,74.21,0.93
394,2021-03-10,PIE,13957,5453,8504,11392,2295,270,ITC,ITC1,1,Piemonte,Piemonte,4356406,3246932,74.53,0.32
395,2021-03-27,PIE,18430,7841,10589,9141,8835,454,ITC,ITC1,1,Piemonte,Piemonte,4356406,3265362,74.96,0.42
396,2021-07-22,PIE,41662,21930,19732,7016,34048,598,ITC,ITC1,1,Piemonte,Piemonte,4356406,3307024,75.91,0.96
397,2021-04-13,PIE,26774,12041,14733,22612,3465,697,ITC,ITC1,1,Piemonte,Piemonte,4356406,3333798,76.53,0.61
398,2021-01-20,PIE,6637,2093,4544,5907,723,7,ITC,ITC1,1,Piemonte,Piemonte,4356406,3340435,76.68,0.15
399,2021-02-03,PIE,10226,3312,6914,609,9615,2,ITC,ITC1,1,Piemonte,Piemonte,4356406,3350661,76.91,0.23
400,2021-08-09,PIE,24757,12912,11845,12038,11995,724,ITC,ITC1,1,Piemonte,Piemonte,4356406,3375418,77.48,0.57
401,2021-08-26,PIE,16888,9143,7745,8107,8027,754,ITC,ITC1,1,Piemonte,Piemonte,4356406,3392306,77.87,0.39
402,2021-05-18,PIE,32243,14876,17367,19104,12689,450,ITC,ITC1,1,Piemonte,Piemonte,4356406,3424549,78.61,0.74
403,2021-09-09,PIE,15902,8256,7646,6056,9084,762,ITC,ITC1,1,Piemonte,Piemonte,4356406,3440451,78.97,0.37
404,2021-08-10,PIE,22056,11684,10372,12511,8892,653,ITC,ITC1,1,Piemonte,Piemonte,4356406,3462507,79.48,0.51
405,2021-01-22,PIE,3888,1256,2632,2542,1345,1,ITC,ITC1,1,Piemonte,Piemonte,4356406,3466395,79.57,0.09
406,2021-08-21,PIE,13326,7124,6202,7711,5088,527,ITC,ITC1,1,Piemonte,Piemonte,4356406,3479721,79.88,0.31
407,2021-02-28,PIE,10843,4066,6777,10422,241,180,ITC,ITC1,1,Piemonte,Piemonte,4356406,3490564,80.12,0.25
408,2021-03-17,PIE,12535,5066,7469,5039,7307,189,ITC,ITC1,1,Piemonte,Piemonte,4356406,3503099,80.41,0.29
409,2021-06-10,PIE,40608,21225,19383,37128,2593,887,ITC,ITC1,1,Piemonte,Piemonte,4356406,3543707,81.34,0.93
410,2021-06-27,PIE,37594,18628,18966,15214,21771,609,ITC,ITC1,1,Piemonte,Piemonte,4356406,3581301,82.21,0.86
411,2021-06-22,PIE,40718,20134,20584,17813,22335,570,ITC,ITC1,1,Piemonte,Piemonte,4356406,3622019,83.14,0.93
412,2021-01-07,PIE,5402,1740,3662,5400,0,2,ITC,ITC1,1,Piemonte,Piemonte,4356406,3627421,83.27,0.12
413,2021-03-05,PIE,15674,6310,9364,11556,3838,280,ITC,ITC1,1,Piemonte,Piemonte,4356406,3643095,83.63,0.36
414,2021-07-28,PIE,34835,18100,16735,9173,25056,606,ITC,ITC1,1,Piemonte,Piemonte,4356406,3677930,84.43,0.8
415,2021-01-19,PIE,6479,2110,4369,6461,9,9,ITC,ITC1,1,Piemonte,Piemonte,4356406,3684409,84.57,0.15
416,2021-07-23,PIE,38172,20128,18044,8034,29503,635,ITC,ITC1,1,Piemonte,Piemonte,4356406,3722581,85.45,0.88
417,2021-04-14,PIE,28364,12844,15520,23064,4577,723,ITC,ITC1,1,Piemonte,Piemonte,4356406,3750945,86.1,0.65
418,2021-08-06,PIE,30488,16124,14364,13298,16504,686,ITC,ITC1,1,Piemonte,Piemonte,4356406,3781433,86.8,0.7
419,2021-05-30,PIE,27831,13234,14597,18054,9399,378,ITC,ITC1,1,Piemonte,Piemonte,4356406,3809264,87.44,0.64
420,2021-02-19,PIE,5562,2187,3375,4933,504,125,ITC,ITC1,1,Piemonte,Piemonte,4356406,3814826,87.57,0.13
421,2021-06-04,PIE,37700,19715,17985,34102,2970,628,ITC,ITC1,1,Piemonte,Piemonte,4356406,3852526,88.43,0.87
422,2021-02-24,PIE,11412,4617,6795,10755,505,152,ITC,ITC1,1,Piemonte,Piemonte,4356406,3863938,88.7,0.26
423,2021-01-03,PIE,3069,973,2096,3068,0,1,ITC,ITC1,1,Piemonte,Piemonte,4356406,3867007,88.77,0.07
424,2021-07-07,PIE,38058,18912,19146,9705,27757,596,ITC,ITC1,1,Piemonte,Piemonte,4356406,3905065,89.64,0.87
425,2021-03-29,PIE,15272,6485,8787,8388,6615,269,ITC,ITC1,1,Piemonte,Piemonte,4356406,3920337,89.99,0.35
426,2021-07-21,PIE,38064,20191,17873,6556,30980,528,ITC,ITC1,1,Piemonte,Piemonte,4356406,3958401,90.86,0.87
427,2021-04-12,PIE,22978,10374,12604,19457,2995,526,ITC,ITC1,1,Piemonte,Piemonte,4356406,3981379,91.39,0.53
428,2021-01-02,PIE,3553,1134,2419,3552,0,1,ITC,ITC1,1,Piemonte,Piemonte,4356406,3984932,91.47,0.08
429,2021-04-27,PIE,22661,10236,12425,16840,5164,657,ITC,ITC1,1,Piemonte,Piemonte,4356406,4007593,91.99,0.52
430,2021-01-17,PIE,3530,1169,2361,2878,650,2,ITC,ITC1,1,Piemonte,Piemonte,4356406,4011123,92.07,0.08
431,2021-07-02,PIE,43848,22059,21789,17387,25590,871,ITC,ITC1,1,Piemonte,Piemonte,4356406,4054971,93.08,1.01
432,2021-08-28,PIE,17481,9205,8276,7290,9559,632,ITC,ITC1,1,Piemonte,Piemonte,4356406,4072452,93.48,0.4
433,2021-05-13,PIE,35786,17583,18203,19913,15148,725,ITC,ITC1,1,Piemonte,Piemonte,4356406,4108238,94.3,0.82
434,2021-02-02,PIE,10291,3524,6767,814,9476,1,ITC,ITC1,1,Piemonte,Piemonte,4356406,4118529,94.54,0.24
435,2021-07-09,PIE,40493,20662,19831,5766,34187,540,ITC,ITC1,1,Piemonte,Piemonte,4356406,4159022,95.47,0.93
436,2021-03-31,PIE,19147,8129,11018,10106,8699,342,ITC,ITC1,1,Piemonte,Piemonte,4356406,4178169,95.91,0.44
437,2021-09-04,PIE,18568,9709,8859,6340,11515,713,ITC,ITC1,1,Piemonte,Piemonte,4356406,4196737,96.33,0.43
438,2021-05-27,PIE,37528,17447,20081,18871,18204,453,ITC,ITC1,1,Piemonte,Piemonte,4356406,4234265,97.2,0.86
439,2021-02-16,PIE,3988,1767,2221,3174,765,49,ITC,ITC1,1,Piemonte,Piemonte,4356406,4238253,97.29,0.09
440,2021-03-15,PIE,10706,4201,6505,4935,5615,156,ITC,ITC1,1,Piemonte,Piemonte,4356406,4248959,97.53,0.25
441,2021-05-11,PIE,32336,15587,16749,18431,13261,644,ITC,ITC1,1,Piemonte,Piemonte,4356406,4281295,98.28,0.74
442,2021-01-31,PIE,4155,1768,2387,115,4040,0,ITC,ITC1,1,Piemonte,Piemonte,4356406,4285450,98.37,0.1
443,2021-07-18,PIE,32936,17272,15664,3252,29349,335,ITC,ITC1,1,Piemonte,Piemonte,4356406,4318386,99.13,0.76
444,2021-09-13,PIE,16565,8566,7999,5466,10315,784,ITC,ITC1,1,Piemonte,Piemonte,4356406,4334951,99.51,0.38
445,2021-02-07,PIE,3102,977,2125,446,2655,1,ITC,ITC1,1,Piemonte,Piemonte,4356406,4338053,99.58,0.07
446,2021-06-15,PIE,39033,20101,18932,26549,11788,696,ITC,ITC1,1,Piemonte,Piemonte,4356406,4377086,100.47,0.9
447,2021-03-07,PIE,12006,4673,7333,10875,877,254,ITC,ITC1,1,Piemonte,Piemonte,4356406,4389092,100.75,0.28
448,2020-12-31,PIE,3896,1329,2567,3896,0,0,ITC,ITC1,1,Piemonte,Piemonte,4356406,4392988,100.84,0.09
449,2021-03-19,PIE,11045,4525,6520,4223,6612,210,ITC,ITC1,1,Piemonte,Piemonte,4356406,4404033,101.09,0.25
450,2021-04-05,PIE,14774,6248,8526,11959,2562,253,ITC,ITC1,1,Piemonte,Piemonte,4356406,4418807,101.43,0.34
451,2021-06-29,PIE,40672,20314,20358,19231,20731,710,ITC,ITC1,1,Piemonte,Piemonte,4356406,4459479,102.37,0.93
452,2021-06-06,PIE,35174,18374,16800,32127,2491,556,ITC,ITC1,1,Piemonte,Piemonte,4356406,4494653,103.17,0.81
453,2021-08-02,PIE,30015,15857,14158,9410,20065,540,ITC,ITC1,1,Piemonte,Piemonte,4356406,4524668,103.86,0.69
454,2021-02-17,PIE,4818,2171,2647,3765,991,62,ITC,ITC1,1,Piemonte,Piemonte,4356406,4529486,103.97,0.11
455,2021-08-25,PIE,16425,8858,7567,8267,7433,725,ITC,ITC1,1,Piemonte,Piemonte,4356406,4545911,104.35,0.38
456,2021-09-11,PIE,17444,9161,8283,5409,11306,729,ITC,ITC1,1,Piemonte,Piemonte,4356406,4563355,104.75,0.4
457,2021-06-03,PIE,34826,18030,16796,29776,4499,551,ITC,ITC1,1,Piemonte,Piemonte,4356406,4598181,105.55,0.8
458,2021-05-01,PIE,28615,13026,15589,16347,11815,453,ITC,ITC1,1,Piemonte,Piemonte,4356406,4626796,106.21,0.66
459,2021-01-21,PIE,6889,2317,4572,3377,3506,6,ITC,ITC1,1,Piemonte,Piemonte,4356406,4633685,106.36,0.16
460,2021-08-23,PIE,18367,9872,8495,8846,8931,590,ITC,ITC1,1,Piemonte,Piemonte,4356406,4652052,106.79,0.42
461,2021-05-15,PIE,33843,15782,18061,19420,13745,678,ITC,ITC1,1,Piemonte,Piemonte,4356406,4685895,107.56,0.78
462,2021-06-01,PIE,29628,14883,14745,24506,4687,435,ITC,ITC1,1,Piemonte,Piemonte,4356406,4715523,108.24,0.68
463,2021-02-21,PIE,5103,2090,3013,4949,104,50,ITC,ITC1,1,Piemonte,Piemonte,4356406,4720626,108.36,0.12
464,2021-07-11,PIE,33226,16934,16292,4531,28373,322,ITC,ITC1,1,Piemonte,Piemonte,4356406,4753852,109.12,0.76
465,2021-09-06,PIE,18206,9525,8681,6106,11412,688,ITC,ITC1,1,Piemonte,Piemonte,4356406,4772058,109.54,0.42
466,2021-08-30,PIE,20916,10930,9986,7225,13023,668,ITC,ITC1,1,Piemonte,Piemonte,4356406,4792974,110.02,0.48
467,2021-05-22,PIE,33588,15169,18419,16925,16250,413,ITC,ITC1,1,Piemonte,Piemonte,4356406,4826562,110.79,0.77
468,2021-03-24,PIE,15622,6415,9207,6117,9140,365,ITC,ITC1,1,Piemonte,Piemonte,4356406,4842184,111.15,0.36
469,2021-05-20,PIE,38716,17987,20729,13370,24984,362,ITC,ITC1,1,Piemonte,Piemonte,4356406,4880900,112.04,0.89
470,2021-02-09,PIE,7414,2321,5093,719,6693,2,ITC,ITC1,1,Piemonte,Piemonte,4356406,4888314,112.21,0.17
471,2021-07-16,PIE,42151,22016,20135,3610,38121,420,ITC,ITC1,1,Piemonte,Piemonte,4356406,4930465,113.18,0.97
472,2021-04-07,PIE,23714,10045,13669,17712,5462,540,ITC,ITC1,1,Piemonte,Piemonte,4356406,4954179,113.72,0.54
473,2021-06-20,PIE,34140,17115,17025,18792,14781,567,ITC,ITC1,1,Piemonte,Piemonte,4356406,4988319,114.51,0.78
474,2021-03-12,PIE,14236,5412,8824,10995,2949,292,ITC,ITC1,1,Piemonte,Piemonte,4356406,5002555,114.83,0.33
475,2021-07-04,PIE,33863,17065,16798,11245,21986,632,ITC,ITC1,1,Piemonte,Piemonte,4356406,5036418,115.61,0.78
476,2021-03-26,PIE,17957,7140,10817,8537,8889,531,ITC,ITC1,1,Piemonte,Piemonte,4356406,5054375,116.02,0.41
477,2021-06-08,PIE,37765,19534,18231,34192,2856,717,ITC,ITC1,1,Piemonte,Piemonte,4356406,5092140,116.89,0.87
478,2021-08-04,PIE,29325,15506,13819,8961,19855,509,ITC,ITC1,1,Piemonte,Piemonte,4356406,5121465,117.56,0.67
479,2021-04-26,PIE,19842,8768,11074,14924,4402,516,ITC,ITC1,1,Piemonte,Piemonte,4356406,5141307,118.02,0.46
480,2021-08-11,PIE,23449,12611,10838,13443,9359,647,ITC,ITC1,1,Piemonte,Piemonte,4356406,5164756,118.56,0.54
481,2021-05-03,PIE,26724,12221,14503,12049,14228,447,ITC,ITC1,1,Piemonte,Piemonte,4356406,5191480,119.17,0.61
482,2021-02-26,PIE,12322,4943,7379,11368,743,211,ITC,ITC1,1,Piemonte,Piemonte,4356406,5203802,119.45,0.28
483,2021-04-24,PIE,27567,12463,15104,21331,5666,570,ITC,ITC1,1,Piemonte,Piemonte,4356406,5231369,120.08,0.63
484,2021-01-14,PIE,9801,3160,6641,9795,0,6,ITC,ITC1,1,Piemonte,Piemonte,4356406,5241170,120.31,0.22
485,2021-06-28,PIE,38502,19118,19384,15147,22753,602,ITC,ITC1,1,Piemonte,Piemonte,4356406,5279672,121.19,0.88
486,2021-04-06,PIE,20802,9075,11727,15133,5212,457,ITC,ITC1,1,Piemonte,Piemonte,4356406,5300474,121.67,0.48
487,2020-12-27,PIE,915,370,545,915,0,0,ITC,ITC1,1,Piemonte,Piemonte,4356406,5301389,121.69,0.02
488,2021-08-31,PIE,19012,10025,8987,6818,11640,554,ITC,ITC1,1,Piemonte,Piemonte,4356406,5320401,122.13,0.44
489,2021-06-09,PIE,38751,20414,18337,35198,2750,803,ITC,ITC1,1,Piemonte,Piemonte,4356406,5359152,123.02,0.89
490,2021-03-18,PIE,11783,4817,6966,3840,7749,194,ITC,ITC1,1,Piemonte,Piemonte,4356406,5370935,123.29,0.27
491,2021-03-03,PIE,12391,4871,7520,11375,821,195,ITC,ITC1,1,Piemonte,Piemonte,4356406,5383326,123.57,0.28
492,2021-03-20,PIE,11950,4905,7045,5782,5916,252,ITC,ITC1,1,Piemonte,Piemonte,4356406,5395276,123.85,0.27
493,2021-08-14,PIE,15118,8142,6976,9794,4759,565,ITC,ITC1,1,Piemonte,Piemonte,4356406,5410394,124.19,0.35
494,2021-05-06,PIE,33485,15814,17671,19316,13562,607,ITC,ITC1,1,Piemonte,Piemonte,4356406,5443879,124.96,0.77
495,2021-05-23,PIE,28830,13173,15657,15492,13018,320,ITC,ITC1,1,Piemonte,Piemonte,4356406,5472709,125.62,0.66
496,2021-02-12,PIE,6923,2227,4696,3924,2974,25,ITC,ITC1,1,Piemonte,Piemonte,4356406,5479632,125.78,0.16
497,2021-03-01,PIE,12189,4967,7222,11196,813,180,ITC,ITC1,1,Piemonte,Piemonte,4356406,5491821,126.06,0.28
498,2021-09-02,PIE,16856,8782,8074,6146,10070,640,ITC,ITC1,1,Piemonte,Piemonte,4356406,5508677,126.45,0.39
499,2021-05-25,PIE,31936,14799,17137,15643,15897,396,ITC,ITC1,1,Piemonte,Piemonte,4356406,5540613,127.18,0.73
500,2021-06-11,PIE,43683,23113,20570,40017,2843,823,ITC,ITC1,1,Piemonte,Piemonte,4356406,5584296,128.19,1.0
501,2021-08-18,PIE,18118,9780,8338,11609,5766,743,ITC,ITC1,1,Piemonte,Piemonte,4356406,5602414,128.6,0.42
502,2021-04-19,PIE,22589,10784,11805,17666,4358,565,ITC,ITC1,1,Piemonte,Piemonte,4356406,5625003,129.12,0.52
503,2021-01-09,PIE,6205,2197,4008,6203,0,2,ITC,ITC1,1,Piemonte,Piemonte,4356406,5631208,129.26,0.14
504,2021-01-26,PIE,6363,1897,4466,737,5625,1,ITC,ITC1,1,Piemonte,Piemonte,4356406,5637571,129.41,0.15
505,2021-07-30,PIE,35851,18721,17130,9561,25779,511,ITC,ITC1,1,Piemonte,Piemonte,4356406,5673422,130.23,0.82
506,2021-08-16,PIE,19254,10225,9029,11590,6810,854,ITC,ITC1,1,Piemonte,Piemonte,4356406,5692676,130.67,0.44
507,2021-05-08,PIE,34376,16302,18074,18174,15670,532,ITC,ITC1,1,Piemonte,Piemonte,4356406,5727052,131.46,0.79
508,2021-01-28,PIE,5613,1815,3798,380,5233,0,ITC,ITC1,1,Piemonte,Piemonte,4356406,5732665,131.59,0.13
509,2021-02-14,PIE,1483,501,982,871,605,7,ITC,ITC1,1,Piemonte,Piemonte,4356406,5734148,131.63,0.03
510,2021-07-22,LAZ,61194,30577,30617,28493,31162,1539,ITI,ITI4,12,Lazio,Lazio,5879082,61194,1.04,1.04
511,2021-09-03,LAZ,25978,13551,12427,7352,18146,480,ITI,ITI4,12,Lazio,Lazio,5879082,87172,1.48,0.44
512,2021-05-17,LAZ,44657,20451,24206,35419,8625,613,ITI,ITI4,12,Lazio,Lazio,5879082,131829,2.24,0.76
513,2021-02-06,LAZ,6245,2549,3696,905,5336,4,ITI,ITI4,12,Lazio,Lazio,5879082,138074,2.35,0.11
514,2021-02-18,LAZ,10097,5022,5075,9110,877,110,ITI,ITI4,12,Lazio,Lazio,5879082,148171,2.52,0.17
515,2021-05-12,LAZ,47632,21625,26007,30244,16697,691,ITI,ITI4,12,Lazio,Lazio,5879082,195803,3.33,0.81
516,2021-02-01,LAZ,5687,2186,3501,354,5332,1,ITI,ITI4,12,Lazio,Lazio,5879082,201490,3.43,0.1
517,2021-08-08,LAZ,50335,26060,24275,18027,31472,836,ITI,ITI4,12,Lazio,Lazio,5879082,251825,4.28,0.86
518,2021-06-26,LAZ,56248,26515,29733,24706,30942,600,ITI,ITI4,12,Lazio,Lazio,5879082,308073,5.24,0.96
519,2021-04-30,LAZ,41741,18496,23245,26625,14394,722,ITI,ITI4,12,Lazio,Lazio,5879082,349814,5.95,0.71
520,2021-08-22,LAZ,8774,5303,3471,2535,6150,89,ITI,ITI4,12,Lazio,Lazio,5879082,358588,6.1,0.15
521,2021-02-20,LAZ,9226,4279,4947,8367,785,74,ITI,ITI4,12,Lazio,Lazio,5879082,367814,6.26,0.16
522,2021-05-31,LAZ,51823,23077,28746,30880,19921,1022,ITI,ITI4,12,Lazio,Lazio,5879082,419637,7.14,0.88
523,2021-04-04,LAZ,17670,8202,9468,12261,5292,117,ITI,ITI4,12,Lazio,Lazio,5879082,437307,7.44,0.3
524,2021-04-16,LAZ,34582,15770,18812,21919,12228,435,ITI,ITI4,12,Lazio,Lazio,5879082,471889,8.03,0.59
525,2021-01-23,LAZ,7219,2871,4348,589,6630,0,ITI,ITI4,12,Lazio,Lazio,5879082,479108,8.15,0.12
526,2021-01-06,LAZ,5202,1991,3211,5082,0,120,ITI,ITI4,12,Lazio,Lazio,5879082,484310,8.24,0.09
527,2021-03-30,LAZ,27154,13208,13946,19561,7226,367,ITI,ITI4,12,Lazio,Lazio,5879082,511464,8.7,0.46
528,2021-07-08,LAZ,64374,31602,32772,28169,35517,688,ITI,ITI4,12,Lazio,Lazio,5879082,575838,9.79,1.09
529,2021-07-27,LAZ,56489,27450,29039,8148,48008,333,ITI,ITI4,12,Lazio,Lazio,5879082,632327,10.76,0.96
530,2021-04-18,LAZ,23871,10609,13262,15851,7703,317,ITI,ITI4,12,Lazio,Lazio,5879082,656198,11.16,0.41
531,2021-05-26,LAZ,47690,21935,25755,34884,12156,650,ITI,ITI4,12,Lazio,Lazio,5879082,703888,11.97,0.81
532,2021-03-04,LAZ,19480,8752,10728,14182,5034,264,ITI,ITI4,12,Lazio,Lazio,5879082,723368,12.3,0.33
533,2021-06-12,LAZ,69960,32127,37833,39881,29424,655,ITI,ITI4,12,Lazio,Lazio,5879082,793328,13.49,1.19
534,2021-06-14,LAZ,63116,29576,33540,32327,30218,571,ITI,ITI4,12,Lazio,Lazio,5879082,856444,14.57,1.07
535,2021-03-21,LAZ,18295,7204,11091,13024,5071,200,ITI,ITI4,12,Lazio,Lazio,5879082,874739,14.88,0.31
536,2021-03-16,LAZ,13644,5782,7862,7052,6508,84,ITI,ITI4,12,Lazio,Lazio,5879082,888383,15.11,0.23
537,2021-03-09,LAZ,22056,9968,12088,16464,5228,364,ITI,ITI4,12,Lazio,Lazio,5879082,910439,15.49,0.38
538,2021-01-11,LAZ,5705,2174,3531,5559,0,146,ITI,ITI4,12,Lazio,Lazio,5879082,916144,15.58,0.1
539,2021-02-11,LAZ,7080,3069,4011,6448,607,25,ITI,ITI4,12,Lazio,Lazio,5879082,923224,15.7,0.12
540,2021-04-11,LAZ,19246,8537,10709,13121,5934,191,ITI,ITI4,12,Lazio,Lazio,5879082,942470,16.03,0.33
541,2021-02-13,LAZ,6616,2628,3988,6148,422,46,ITI,ITI4,12,Lazio,Lazio,5879082,949086,16.14,0.11
542,2021-07-20,LAZ,63457,31658,31799,28461,33747,1249,ITI,ITI4,12,Lazio,Lazio,5879082,1012543,17.22,1.08
543,2021-05-24,LAZ,44056,20212,23844,33563,9836,657,ITI,ITI4,12,Lazio,Lazio,5879082,1056599,17.97,0.75
544,2021-07-15,LAZ,45058,22064,22994,6710,37912,436,ITI,ITI4,12,Lazio,Lazio,5879082,1101657,18.74,0.77
545,2021-01-13,LAZ,5866,2244,3622,5704,0,162,ITI,ITI4,12,Lazio,Lazio,5879082,1107523,18.84,0.1
546,2021-04-23,LAZ,37993,18297,19696,22046,15409,538,ITI,ITI4,12,Lazio,Lazio,5879082,1145516,19.48,0.65
547,2021-08-03,LAZ,32463,16540,15923,5130,27131,202,ITI,ITI4,12,Lazio,Lazio,5879082,1177979,20.04,0.55
548,2021-01-30,LAZ,7025,2898,4127,819,6205,1,ITI,ITI4,12,Lazio,Lazio,5879082,1185004,20.16,0.12
549,2021-02-25,LAZ,12821,5612,7209,11399,1215,207,ITI,ITI4,12,Lazio,Lazio,5879082,1197825,20.37,0.22
550,2021-06-05,LAZ,66413,32721,33692,42935,22795,683,ITI,ITI4,12,Lazio,Lazio,5879082,1264238,21.5,1.13
551,2021-06-19,LAZ,66587,31416,35171,35284,30484,819,ITI,ITI4,12,Lazio,Lazio,5879082,1330825,22.64,1.13
552,2021-05-07,LAZ,48350,22667,25683,29790,17839,721,ITI,ITI4,12,Lazio,Lazio,5879082,1379175,23.46,0.82
553,2021-03-11,LAZ,25526,12041,13485,18874,6288,364,ITI,ITI4,12,Lazio,Lazio,5879082,1404701,23.89,0.43
554,2021-08-15,LAZ,1502,925,577,782,697,23,ITI,ITI4,12,Lazio,Lazio,5879082,1406203,23.92,0.03
555,2021-07-03,LAZ,53260,25081,28179,4646,48466,148,ITI,ITI4,12,Lazio,Lazio,5879082,1459463,24.82,0.91
556,2021-09-10,LAZ,11341,5819,5522,6088,4637,616,ITI,ITI4,12,Lazio,Lazio,5879082,1470804,25.02,0.19
557,2021-03-28,LAZ,19204,7840,11364,13538,5318,348,ITI,ITI4,12,Lazio,Lazio,5879082,1490008,25.34,0.33
558,2021-08-10,LAZ,51039,26400,24639,21594,28457,988,ITI,ITI4,12,Lazio,Lazio,5879082,1541047,26.21,0.87
559,2021-05-19,LAZ,47340,21749,25591,36492,10170,678,ITI,ITI4,12,Lazio,Lazio,5879082,1588387,27.02,0.81
560,2021-08-27,LAZ,30653,16079,14574,7647,22434,572,ITI,ITI4,12,Lazio,Lazio,5879082,1619040,27.54,0.52
561,2021-01-04,LAZ,7586,2944,4642,7480,0,106,ITI,ITI4,12,Lazio,Lazio,5879082,1626626,27.67,0.13
562,2021-06-24,LAZ,64088,30571,33517,28619,34806,663,ITI,ITI4,12,Lazio,Lazio,5879082,1690714,28.76,1.09
563,2021-06-07,LAZ,62688,29346,33342,32715,29370,603,ITI,ITI4,12,Lazio,Lazio,5879082,1753402,29.82,1.07
564,2021-01-25,LAZ,8173,3287,4886,828,7345,0,ITI,ITI4,12,Lazio,Lazio,5879082,1761575,29.96,0.14
565,2021-05-05,LAZ,46872,21507,25365,30360,15883,629,ITI,ITI4,12,Lazio,Lazio,5879082,1808447,30.76,0.8
566,2021-03-02,LAZ,17265,7646,9619,13116,3955,194,ITI,ITI4,12,Lazio,Lazio,5879082,1825712,31.05,0.29
567,2021-01-18,LAZ,6390,2606,3784,5283,981,126,ITI,ITI4,12,Lazio,Lazio,5879082,1832102,31.16,0.11
568,2021-04-28,LAZ,33046,15079,17967,20917,11671,458,ITI,ITI4,12,Lazio,Lazio,5879082,1865148,31.73,0.56
569,2020-12-30,LAZ,1658,640,1018,1647,0,11,ITI,ITI4,12,Lazio,Lazio,5879082,1866806,31.75,0.03
570,2021-07-01,LAZ,48578,23239,25339,7187,41169,222,ITI,ITI4,12,Lazio,Lazio,5879082,1915384,32.58,0.83
571,2021-04-09,LAZ,27740,12633,15107,19125,8282,333,ITI,ITI4,12,Lazio,Lazio,5879082,1943124,33.05,0.47
572,2021-03-23,LAZ,25497,11974,13523,18494,6645,358,ITI,ITI4,12,Lazio,Lazio,5879082,1968621,33.49,0.43
573,2021-01-03,LAZ,5349,2017,3332,5290,0,59,ITI,ITI4,12,Lazio,Lazio,5879082,1973970,33.58,0.09
574,2021-04-13,LAZ,25847,11983,13864,17640,7752,455,ITI,ITI4,12,Lazio,Lazio,5879082,1999817,34.02,0.44
575,2021-07-31,LAZ,56264,29580,26684,5557,50401,306,ITI,ITI4,12,Lazio,Lazio,5879082,2056081,34.97,0.96
576,2021-01-08,LAZ,7967,2988,4979,7770,0,197,ITI,ITI4,12,Lazio,Lazio,5879082,2064048,35.11,0.14
577,2021-07-19,LAZ,63201,31075,32126,28317,33742,1142,ITI,ITI4,12,Lazio,Lazio,5879082,2127249,36.18,1.08
578,2021-01-15,LAZ,6725,2772,3953,6554,0,171,ITI,ITI4,12,Lazio,Lazio,5879082,2133974,36.3,0.11
579,2021-04-25,LAZ,24581,11280,13301,16374,7875,332,ITI,ITI4,12,Lazio,Lazio,5879082,2158555,36.72,0.42
580,2021-08-29,LAZ,27433,13959,13474,9013,17830,590,ITI,ITI4,12,Lazio,Lazio,5879082,2185988,37.18,0.47
581,2021-04-01,LAZ,29809,14143,15666,22225,7182,402,ITI,ITI4,12,Lazio,Lazio,5879082,2215797,37.69,0.51
582,2021-07-10,LAZ,71150,35715,35435,25060,45421,669,ITI,ITI4,12,Lazio,Lazio,5879082,2286947,38.9,1.21
583,2021-07-24,LAZ,30778,15525,15253,3229,27390,159,ITI,ITI4,12,Lazio,Lazio,5879082,2317725,39.42,0.52
584,2021-02-03,LAZ,6501,2495,4006,963,5531,7,ITI,ITI4,12,Lazio,Lazio,5879082,2324226,39.53,0.11
585,2021-01-20,LAZ,4837,1960,2877,3287,1545,5,ITI,ITI4,12,Lazio,Lazio,5879082,2329063,39.62,0.08
586,2021-05-14,LAZ,51655,23605,28050,32423,18415,817,ITI,ITI4,12,Lazio,Lazio,5879082,2380718,40.49,0.88
587,2021-03-18,LAZ,14316,6116,8200,7778,6446,92,ITI,ITI4,12,Lazio,Lazio,5879082,2395034,40.74,0.24
588,2021-06-21,LAZ,62051,28833,33218,28501,32933,617,ITI,ITI4,12,Lazio,Lazio,5879082,2457085,41.79,1.06
589,2021-03-13,LAZ,21857,8759,13098,15704,5916,237,ITI,ITI4,12,Lazio,Lazio,5879082,2478942,42.17,0.37
590,2021-03-27,LAZ,26568,10812,15756,19495,6520,553,ITI,ITI4,12,Lazio,Lazio,5879082,2505510,42.62,0.45
591,2021-08-31,LAZ,31056,15374,15682,11681,18429,946,ITI,ITI4,12,Lazio,Lazio,5879082,2536566,43.15,0.53
592,2021-07-05,LAZ,61752,29727,32025,25598,35076,1078,ITI,ITI4,12,Lazio,Lazio,5879082,2598318,44.2,1.05
593,2021-05-23,LAZ,47186,22894,24292,39131,7408,647,ITI,ITI4,12,Lazio,Lazio,5879082,2645504,45.0,0.8
594,2021-05-09,LAZ,37575,17273,20302,25783,11291,501,ITI,ITI4,12,Lazio,Lazio,5879082,2683079,45.64,0.64
595,2021-08-17,LAZ,8023,4600,3423,3792,4137,94,ITI,ITI4,12,Lazio,Lazio,5879082,2691102,45.77,0.14
596,2021-07-12,LAZ,41460,20733,20727,5866,35359,235,ITI,ITI4,12,Lazio,Lazio,5879082,2732562,46.48,0.71
597,2021-05-16,LAZ,51030,24575,26455,36908,13521,601,ITI,ITI4,12,Lazio,Lazio,5879082,2783592,47.35,0.87
598,2021-08-24,LAZ,18785,10035,8750,11693,6373,719,ITI,ITI4,12,Lazio,Lazio,5879082,2802377,47.67,0.32
599,2021-06-28,LAZ,58983,28205,30778,27483,31041,459,ITI,ITI4,12,Lazio,Lazio,5879082,2861360,48.67,1.0
600,2021-07-29,LAZ,56097,28578,27519,7682,48033,382,ITI,ITI4,12,Lazio,Lazio,5879082,2917457,49.62,0.95
601,2021-01-01,LAZ,3603,1398,2205,3563,0,40,ITI,ITI4,12,Lazio,Lazio,5879082,2921060,49.69,0.06
602,2021-01-10,LAZ,4136,1739,2397,4069,0,67,ITI,ITI4,12,Lazio,Lazio,5879082,2925196,49.76,0.07
603,2021-06-16,LAZ,64768,31107,33661,32077,32046,645,ITI,ITI4,12,Lazio,Lazio,5879082,2989964,50.86,1.1
604,2021-04-20,LAZ,31188,14312,16876,19372,11375,441,ITI,ITI4,12,Lazio,Lazio,5879082,3021152,51.39,0.53
605,2021-04-06,LAZ,24671,11297,13374,17152,7190,329,ITI,ITI4,12,Lazio,Lazio,5879082,3045823,51.81,0.42
606,2020-12-27,LAZ,276,132,144,276,0,0,ITI,ITI4,12,Lazio,Lazio,5879082,3046099,51.81,0.0
607,2021-03-20,LAZ,19281,7676,11605,13090,5923,268,ITI,ITI4,12,Lazio,Lazio,5879082,3065380,52.14,0.33
608,2021-07-17,LAZ,43952,22170,21782,2187,41658,107,ITI,ITI4,12,Lazio,Lazio,5879082,3109332,52.89,0.75
609,2021-06-30,LAZ,63047,29673,33374,29756,32736,555,ITI,ITI4,12,Lazio,Lazio,5879082,3172379,53.96,1.07
610,2021-04-08,LAZ,26907,12335,14572,18761,7729,417,ITI,ITI4,12,Lazio,Lazio,5879082,3199286,54.42,0.46
611,2021-06-09,LAZ,70554,33419,37135,35988,33917,649,ITI,ITI4,12,Lazio,Lazio,5879082,3269840,55.62,1.2
612,2021-04-27,LAZ,30851,13933,16918,19423,10974,454,ITI,ITI4,12,Lazio,Lazio,5879082,3300691,56.14,0.52
613,2021-03-01,LAZ,17142,7373,9769,12985,3896,261,ITI,ITI4,12,Lazio,Lazio,5879082,3317833,56.43,0.29
614,2021-08-05,LAZ,33636,17463,16173,22000,10596,1040,ITI,ITI4,12,Lazio,Lazio,5879082,3351469,57.01,0.57
615,2021-06-23,LAZ,62373,29386,32987,28438,33431,504,ITI,ITI4,12,Lazio,Lazio,5879082,3413842,58.07,1.06
616,2021-04-15,LAZ,32060,14358,17702,20660,10891,509,ITI,ITI4,12,Lazio,Lazio,5879082,3445902,58.61,0.55
617,2021-08-26,LAZ,32185,16698,15487,8263,23361,561,ITI,ITI4,12,Lazio,Lazio,5879082,3478087,59.16,0.55
618,2021-02-10,LAZ,8261,3459,4802,4852,3404,5,ITI,ITI4,12,Lazio,Lazio,5879082,3486348,59.3,0.14
619,2021-05-21,LAZ,52150,25092,27058,37321,14125,704,ITI,ITI4,12,Lazio,Lazio,5879082,3538498,60.19,0.89
620,2021-06-04,LAZ,62097,30275,31822,43562,17871,664,ITI,ITI4,12,Lazio,Lazio,5879082,3600595,61.24,1.06
621,2021-09-12,LAZ,7461,3740,3721,4804,2121,536,ITI,ITI4,12,Lazio,Lazio,5879082,3608056,61.37,0.13
622,2021-05-04,LAZ,40317,18545,21772,26073,13720,524,ITI,ITI4,12,Lazio,Lazio,5879082,3648373,62.06,0.69
623,2021-08-12,LAZ,48034,24879,23155,20835,26217,982,ITI,ITI4,12,Lazio,Lazio,5879082,3696407,62.87,0.82
624,2021-02-24,LAZ,12111,5237,6874,10938,1044,129,ITI,ITI4,12,Lazio,Lazio,5879082,3708518,63.08,0.21
625,2021-07-07,LAZ,62719,31059,31660,28382,33729,608,ITI,ITI4,12,Lazio,Lazio,5879082,3771237,64.15,1.07
626,2021-03-29,LAZ,25604,12164,13440,18204,7085,315,ITI,ITI4,12,Lazio,Lazio,5879082,3796841,64.58,0.44
627,2021-03-25,LAZ,29551,13733,15818,22388,6685,478,ITI,ITI4,12,Lazio,Lazio,5879082,3826392,65.08,0.5
628,2021-01-27,LAZ,6190,2417,3773,1063,5127,0,ITI,ITI4,12,Lazio,Lazio,5879082,3832582,65.19,0.11
629,2021-03-08,LAZ,20966,9109,11857,15354,5309,303,ITI,ITI4,12,Lazio,Lazio,5879082,3853548,65.55,0.36
630,2021-04-22,LAZ,39249,19523,19726,23817,14745,687,ITI,ITI4,12,Lazio,Lazio,5879082,3892797,66.21,0.67
631,2021-03-10,LAZ,23390,10688,12702,17361,5668,361,ITI,ITI4,12,Lazio,Lazio,5879082,3916187,66.61,0.4
632,2021-01-12,LAZ,5551,2048,3503,5408,0,143,ITI,ITI4,12,Lazio,Lazio,5879082,3921738,66.71,0.09
633,2021-06-18,LAZ,64465,31056,33409,30308,33394,763,ITI,ITI4,12,Lazio,Lazio,5879082,3986203,67.8,1.1
634,2021-03-17,LAZ,13890,5954,7936,7471,6299,120,ITI,ITI4,12,Lazio,Lazio,5879082,4000093,68.04,0.24
635,2021-06-25,LAZ,63468,30655,32813,28133,34729,606,ITI,ITI4,12,Lazio,Lazio,5879082,4063561,69.12,1.08
636,2021-06-27,LAZ,47270,21621,25649,20573,26196,501,ITI,ITI4,12,Lazio,Lazio,5879082,4110831,69.92,0.8
637,2021-08-23,LAZ,22744,12388,10356,16337,5416,991,ITI,ITI4,12,Lazio,Lazio,5879082,4133575,70.31,0.39
638,2021-02-12,LAZ,6902,2883,4019,6380,440,82,ITI,ITI4,12,Lazio,Lazio,5879082,4140477,70.43,0.12
639,2021-07-02,LAZ,48578,23278,25300,6615,41772,191,ITI,ITI4,12,Lazio,Lazio,5879082,4189055,71.25,0.83
640,2021-03-22,LAZ,23440,10575,12865,16360,6740,340,ITI,ITI4,12,Lazio,Lazio,5879082,4212495,71.65,0.4
641,2020-12-29,LAZ,498,182,316,494,0,4,ITI,ITI4,12,Lazio,Lazio,5879082,4212993,71.66,0.01
642,2021-02-22,LAZ,11519,5028,6491,10809,554,156,ITI,ITI4,12,Lazio,Lazio,5879082,4224512,71.86,0.2
643,2021-06-02,LAZ,43538,21609,21929,31440,11538,560,ITI,ITI4,12,Lazio,Lazio,5879082,4268050,72.6,0.74
644,2021-06-11,LAZ,69841,32860,36981,36677,32497,667,ITI,ITI4,12,Lazio,Lazio,5879082,4337891,73.79,1.19
645,2021-08-07,LAZ,35026,18969,16057,21998,11900,1128,ITI,ITI4,12,Lazio,Lazio,5879082,4372917,74.38,0.6
646,2021-03-15,LAZ,21039,9877,11162,14002,6772,265,ITI,ITI4,12,Lazio,Lazio,5879082,4393956,74.74,0.36
647,2021-01-05,LAZ,7456,2832,4624,7353,0,103,ITI,ITI4,12,Lazio,Lazio,5879082,4401412,74.87,0.13
648,2021-01-24,LAZ,5705,2232,3473,620,5085,0,ITI,ITI4,12,Lazio,Lazio,5879082,4407117,74.96,0.1
649,2021-02-07,LAZ,4977,2052,2925,413,4563,1,ITI,ITI4,12,Lazio,Lazio,5879082,4412094,75.05,0.08
650,2021-05-18,LAZ,45132,20651,24481,34902,9616,614,ITI,ITI4,12,Lazio,Lazio,5879082,4457226,75.81,0.77
651,2021-02-08,LAZ,9761,4170,5591,4511,5248,2,ITI,ITI4,12,Lazio,Lazio,5879082,4466987,75.98,0.17
652,2021-05-02,LAZ,32946,14466,18480,22942,9473,531,ITI,ITI4,12,Lazio,Lazio,5879082,4499933,76.54,0.56
653,2021-01-22,LAZ,4036,1653,2383,520,3516,0,ITI,ITI4,12,Lazio,Lazio,5879082,4503969,76.61,0.07
654,2021-02-27,LAZ,11544,4337,7207,10351,1052,141,ITI,ITI4,12,Lazio,Lazio,5879082,4515513,76.81,0.2
655,2021-05-20,LAZ,51957,25076,26881,37233,13992,732,ITI,ITI4,12,Lazio,Lazio,5879082,4567470,77.69,0.88
656,2021-08-28,LAZ,32619,17032,15587,11035,20837,747,ITI,ITI4,12,Lazio,Lazio,5879082,4600089,78.25,0.55
657,2021-06-20,LAZ,55344,25455,29889,29604,24968,772,ITI,ITI4,12,Lazio,Lazio,5879082,4655433,79.19,0.94
658,2021-06-06,LAZ,58297,28107,30190,35143,22546,608,ITI,ITI4,12,Lazio,Lazio,5879082,4713730,80.18,0.99
659,2021-02-26,LAZ,13197,5760,7437,11545,1465,187,ITI,ITI4,12,Lazio,Lazio,5879082,4726927,80.4,0.22
660,2021-06-01,LAZ,49178,23732,25446,30088,18602,488,ITI,ITI4,12,Lazio,Lazio,5879082,4776105,81.24,0.84
661,2021-04-05,LAZ,19990,9156,10834,13618,6216,156,ITI,ITI4,12,Lazio,Lazio,5879082,4796095,81.58,0.34
662,2021-09-09,LAZ,12079,6152,5927,6137,5401,541,ITI,ITI4,12,Lazio,Lazio,5879082,4808174,81.78,0.21
663,2021-07-28,LAZ,58348,29810,28538,8669,49322,357,ITI,ITI4,12,Lazio,Lazio,5879082,4866522,82.78,0.99
664,2021-05-25,LAZ,47652,22373,25279,35318,11735,599,ITI,ITI4,12,Lazio,Lazio,5879082,4914174,83.59,0.81
665,2021-09-02,LAZ,26229,13466,12763,8001,17785,443,ITI,ITI4,12,Lazio,Lazio,5879082,4940403,84.03,0.45
666,2021-09-04,LAZ,14281,7267,7014,9675,3872,734,ITI,ITI4,12,Lazio,Lazio,5879082,4954684,84.28,0.24
667,2021-06-13,LAZ,58473,26239,32234,33077,24880,516,ITI,ITI4,12,Lazio,Lazio,5879082,5013157,85.27,0.99
668,2021-03-07,LAZ,14177,5486,8691,10354,3604,219,ITI,ITI4,12,Lazio,Lazio,5879082,5027334,85.51,0.24
669,2021-06-15,LAZ,66247,32027,34220,33375,32291,581,ITI,ITI4,12,Lazio,Lazio,5879082,5093581,86.64,1.13
670,2021-03-24,LAZ,27996,13152,14844,21314,6277,405,ITI,ITI4,12,Lazio,Lazio,5879082,5121577,87.12,0.48
671,2021-09-06,LAZ,14419,7362,7057,7938,5878,603,ITI,ITI4,12,Lazio,Lazio,5879082,5135996,87.36,0.25
672,2021-08-20,LAZ,8419,4742,3677,2117,6204,98,ITI,ITI4,12,Lazio,Lazio,5879082,5144415,87.5,0.14
673,2021-05-29,LAZ,52115,23449,28666,40197,11054,864,ITI,ITI4,12,Lazio,Lazio,5879082,5196530,88.39,0.89
674,2021-02-04,LAZ,6476,2582,3894,1151,5324,1,ITI,ITI4,12,Lazio,Lazio,5879082,5203006,88.5,0.11
675,2021-08-25,LAZ,31730,16655,15075,9913,21208,609,ITI,ITI4,12,Lazio,Lazio,5879082,5234736,89.04,0.54
676,2021-08-11,LAZ,49017,25710,23307,20487,27650,880,ITI,ITI4,12,Lazio,Lazio,5879082,5283753,89.87,0.83
677,2021-05-03,LAZ,39652,17906,21746,26184,12788,680,ITI,ITI4,12,Lazio,Lazio,5879082,5323405,90.55,0.67
678,2021-07-25,LAZ,24672,12147,12525,2099,22523,50,ITI,ITI4,12,Lazio,Lazio,5879082,5348077,90.97,0.42
679,2021-05-06,LAZ,48903,22790,26113,30545,17623,735,ITI,ITI4,12,Lazio,Lazio,5879082,5396980,91.8,0.83
680,2021-08-14,LAZ,2538,1436,1102,993,1513,32,ITI,ITI4,12,Lazio,Lazio,5879082,5399518,91.84,0.04
681,2021-08-16,LAZ,3702,2040,1662,2061,1579,62,ITI,ITI4,12,Lazio,Lazio,5879082,5403220,91.91,0.06
682,2021-01-17,LAZ,4961,2052,2909,4683,213,65,ITI,ITI4,12,Lazio,Lazio,5879082,5408181,91.99,0.08
683,2021-01-19,LAZ,4791,1969,2822,4334,454,3,ITI,ITI4,12,Lazio,Lazio,5879082,5412972,92.07,0.08
684,2021-07-09,LAZ,65100,31413,33687,27617,36720,763,ITI,ITI4,12,Lazio,Lazio,5879082,5478072,93.18,1.11
685,2021-05-01,LAZ,38275,17212,21063,25709,12080,486,ITI,ITI4,12,Lazio,Lazio,5879082,5516347,93.83,0.65
686,2021-04-17,LAZ,32497,14255,18242,19961,12071,465,ITI,ITI4,12,Lazio,Lazio,5879082,5548844,94.38,0.55
687,2021-07-26,LAZ,50909,25079,25830,6667,43921,321,ITI,ITI4,12,Lazio,Lazio,5879082,5599753,95.25,0.87
688,2020-12-31,LAZ,5377,2153,3224,5317,0,60,ITI,ITI4,12,Lazio,Lazio,5879082,5605130,95.34,0.09
689,2021-09-11,LAZ,12296,6057,6239,8286,3131,879,ITI,ITI4,12,Lazio,Lazio,5879082,5617426,95.55,0.21
690,2021-04-10,LAZ,23957,10425,13532,16473,7208,276,ITI,ITI4,12,Lazio,Lazio,5879082,5641383,95.96,0.41
691,2021-02-05,LAZ,7343,3004,4339,1221,6118,4,ITI,ITI4,12,Lazio,Lazio,5879082,5648726,96.08,0.12
692,2021-04-03,LAZ,24867,11231,13636,17892,6744,231,ITI,ITI4,12,Lazio,Lazio,5879082,5673593,96.5,0.42
693,2021-04-12,LAZ,23953,10802,13151,16655,6967,331,ITI,ITI4,12,Lazio,Lazio,5879082,5697546,96.91,0.41
694,2021-07-21,LAZ,63025,31900,31125,28800,32841,1384,ITI,ITI4,12,Lazio,Lazio,5879082,5760571,97.98,1.07
695,2021-06-08,LAZ,66846,31911,34935,36158,30029,659,ITI,ITI4,12,Lazio,Lazio,5879082,5827417,99.12,1.14
696,2021-07-14,LAZ,42226,20586,21640,6213,35647,366,ITI,ITI4,12,Lazio,Lazio,5879082,5869643,99.84,0.72
697,2021-01-09,LAZ,6426,2617,3809,6313,0,113,ITI,ITI4,12,Lazio,Lazio,5879082,5876069,99.95,0.11
698,2021-04-19,LAZ,30179,13724,16455,18963,10734,482,ITI,ITI4,12,Lazio,Lazio,5879082,5906248,100.46,0.51
699,2021-02-21,LAZ,7000,3184,3816,6483,467,50,ITI,ITI4,12,Lazio,Lazio,5879082,5913248,100.58,0.12
700,2021-02-19,LAZ,10101,5105,4996,9079,873,149,ITI,ITI4,12,Lazio,Lazio,5879082,5923349,100.75,0.17
701,2021-06-17,LAZ,67087,32286,34801,31810,34542,735,ITI,ITI4,12,Lazio,Lazio,5879082,5990436,101.89,1.14
702,2021-04-21,LAZ,33182,15082,18100,20237,12502,443,ITI,ITI4,12,Lazio,Lazio,5879082,6023618,102.46,0.56
703,2021-05-22,LAZ,55234,27070,28164,43676,10714,844,ITI,ITI4,12,Lazio,Lazio,5879082,6078852,103.4,0.94
704,2021-08-30,LAZ,30581,15447,15134,9989,19900,692,ITI,ITI4,12,Lazio,Lazio,5879082,6109433,103.92,0.52
705,2021-05-15,LAZ,57525,27478,30047,40053,16592,880,ITI,ITI4,12,Lazio,Lazio,5879082,6166958,104.9,0.98
706,2021-03-19,LAZ,17522,7603,9919,11004,6359,159,ITI,ITI4,12,Lazio,Lazio,5879082,6184480,105.19,0.3
707,2021-09-01,LAZ,26461,13563,12898,8161,17775,525,ITI,ITI4,12,Lazio,Lazio,5879082,6210941,105.64,0.45
708,2021-08-01,LAZ,39781,21208,18573,5728,33743,310,ITI,ITI4,12,Lazio,Lazio,5879082,6250722,106.32,0.68
709,2021-05-10,LAZ,44526,20363,24163,30364,13451,711,ITI,ITI4,12,Lazio,Lazio,5879082,6295248,107.08,0.76
710,2021-08-18,LAZ,9503,5496,4007,3261,6123,119,ITI,ITI4,12,Lazio,Lazio,5879082,6304751,107.24,0.16
711,2021-05-27,LAZ,58581,27260,31321,43966,13824,791,ITI,ITI4,12,Lazio,Lazio,5879082,6363332,108.24,1.0
712,2021-04-29,LAZ,38869,17357,21512,24814,13375,680,ITI,ITI4,12,Lazio,Lazio,5879082,6402201,108.9,0.66
713,2021-03-03,LAZ,17920,7900,10020,13343,4315,262,ITI,ITI4,12,Lazio,Lazio,5879082,6420121,109.2,0.3
714,2021-08-09,LAZ,52714,26777,25937,21953,29685,1076,ITI,ITI4,12,Lazio,Lazio,5879082,6472835,110.1,0.9
715,2021-01-26,LAZ,7989,3134,4855,744,7245,0,ITI,ITI4,12,Lazio,Lazio,5879082,6480824,110.24,0.14
716,2021-06-22,LAZ,62869,29086,33783,28596,33547,726,ITI,ITI4,12,Lazio,Lazio,5879082,6543693,111.3,1.07
717,2021-03-14,LAZ,17304,6781,10523,11855,5182,267,ITI,ITI4,12,Lazio,Lazio,5879082,6560997,111.6,0.29
718,2021-09-13,LAZ,18256,9304,8952,5259,12310,687,ITI,ITI4,12,Lazio,Lazio,5879082,6579253,111.91,0.31
719,2021-03-12,LAZ,24159,11173,12986,17386,6402,371,ITI,ITI4,12,Lazio,Lazio,5879082,6603412,112.32,0.41
720,2021-08-13,LAZ,43625,22682,20943,20108,22427,1090,ITI,ITI4,12,Lazio,Lazio,5879082,6647037,113.06,0.74
721,2021-02-09,LAZ,8858,3808,5050,4582,4269,7,ITI,ITI4,12,Lazio,Lazio,5879082,6655895,113.21,0.15
722,2021-02-23,LAZ,11119,4796,6323,10210,778,131,ITI,ITI4,12,Lazio,Lazio,5879082,6667014,113.4,0.19
723,2021-07-30,LAZ,56016,29015,27001,7411,48246,359,ITI,ITI4,12,Lazio,Lazio,5879082,6723030,114.36,0.95
724,2021-06-03,LAZ,56906,28754,28152,38290,17875,741,ITI,ITI4,12,Lazio,Lazio,5879082,6779936,115.32,0.97
725,2021-08-06,LAZ,33638,17691,15947,22397,10178,1063,ITI,ITI4,12,Lazio,Lazio,5879082,6813574,115.9,0.57
726,2021-06-10,LAZ,72284,34159,38125,37315,34109,860,ITI,ITI4,12,Lazio,Lazio,5879082,6885858,117.12,1.23
727,2021-04-14,LAZ,29404,13328,16076,18854,10197,353,ITI,ITI4,12,Lazio,Lazio,5879082,6915262,117.62,0.5
728,2021-07-23,LAZ,58519,29353,29166,26809,29928,1782,ITI,ITI4,12,Lazio,Lazio,5879082,6973781,118.62,1.0
729,2021-02-14,LAZ,5808,2383,3425,5301,476,31,ITI,ITI4,12,Lazio,Lazio,5879082,6979589,118.72,0.1
730,2021-02-28,LAZ,10292,4042,6250,9646,545,101,ITI,ITI4,12,Lazio,Lazio,5879082,6989881,118.89,0.18
731,2021-01-02,LAZ,6843,2682,4161,6763,0,80,ITI,ITI4,12,Lazio,Lazio,5879082,6996724,119.01,0.12
732,2021-03-05,LAZ,19629,8696,10933,14619,4764,246,ITI,ITI4,12,Lazio,Lazio,5879082,7016353,119.34,0.33
733,2021-02-16,LAZ,8377,4046,4331,7707,626,44,ITI,ITI4,12,Lazio,Lazio,5879082,7024730,119.49,0.14
734,2021-01-21,LAZ,5744,2416,3328,632,5112,0,ITI,ITI4,12,Lazio,Lazio,5879082,7030474,119.58,0.1
735,2021-03-31,LAZ,27909,13501,14408,20401,7157,351,ITI,ITI4,12,Lazio,Lazio,5879082,7058383,120.06,0.47
736,2021-01-07,LAZ,7942,2982,4960,7785,0,157,ITI,ITI4,12,Lazio,Lazio,5879082,7066325,120.19,0.14
737,2021-04-02,LAZ,29570,14183,15387,21759,7401,410,ITI,ITI4,12,Lazio,Lazio,5879082,7095895,120.7,0.5
738,2021-07-11,LAZ,44168,22274,21894,3762,40249,157,ITI,ITI4,12,Lazio,Lazio,5879082,7140063,121.45,0.75
739,2021-01-28,LAZ,8340,3188,5152,837,7502,1,ITI,ITI4,12,Lazio,Lazio,5879082,7148403,121.59,0.14
740,2021-07-04,LAZ,46625,21710,24915,4128,42408,89,ITI,ITI4,12,Lazio,Lazio,5879082,7195028,122.38,0.79
741,2021-05-08,LAZ,45523,20785,24738,29323,15465,735,ITI,ITI4,12,Lazio,Lazio,5879082,7240551,123.16,0.77
742,2021-09-08,LAZ,12221,6293,5928,6820,4826,575,ITI,ITI4,12,Lazio,Lazio,5879082,7252772,123.37,0.21
743,2021-07-13,LAZ,42765,20969,21796,5509,36910,346,ITI,ITI4,12,Lazio,Lazio,5879082,7295537,124.09,0.73
744,2021-03-26,LAZ,30395,14085,16310,23012,6913,470,ITI,ITI4,12,Lazio,Lazio,5879082,7325932,124.61,0.52
745,2021-07-06,LAZ,62632,30393,32239,28560,33568,504,ITI,ITI4,12,Lazio,Lazio,5879082,7388564,125.68,1.07
746,2021-02-15,LAZ,8053,3553,4500,7310,652,91,ITI,ITI4,12,Lazio,Lazio,5879082,7396617,125.81,0.14
747,2021-01-29,LAZ,8418,3206,5212,931,7485,2,ITI,ITI4,12,Lazio,Lazio,5879082,7405035,125.96,0.14
748,2021-09-05,LAZ,10097,5166,4931,6601,3055,441,ITI,ITI4,12,Lazio,Lazio,5879082,7415132,126.13,0.17
749,2021-02-17,LAZ,9232,4625,4607,8262,898,72,ITI,ITI4,12,Lazio,Lazio,5879082,7424364,126.28,0.16
750,2021-05-28,LAZ,57284,26648,30636,43153,13347,784,ITI,ITI4,12,Lazio,Lazio,5879082,7481648,127.26,0.97
751,2021-08-19,LAZ,9289,5329,3960,3007,6175,107,ITI,ITI4,12,Lazio,Lazio,5879082,7490937,127.42,0.16
752,2021-09-07,LAZ,13206,6701,6505,6987,5767,452,ITI,ITI4,12,Lazio,Lazio,5879082,7504143,127.64,0.22
753,2021-03-06,LAZ,18407,7098,11309,13900,4278,229,ITI,ITI4,12,Lazio,Lazio,5879082,7522550,127.95,0.31
754,2021-01-31,LAZ,4466,1858,2608,481,3985,0,ITI,ITI4,12,Lazio,Lazio,5879082,7527016,128.03,0.08
755,2021-05-11,LAZ,48407,22233,26174,31130,16599,678,ITI,ITI4,12,Lazio,Lazio,5879082,7575423,128.85,0.82
756,2021-07-16,LAZ,44368,21334,23034,3228,40953,187,ITI,ITI4,12,Lazio,Lazio,5879082,7619791,129.61,0.75
757,2021-04-24,LAZ,33592,15159,18433,20139,12909,544,ITI,ITI4,12,Lazio,Lazio,5879082,7653383,130.18,0.57
758,2021-08-02,LAZ,37571,19643,17928,6560,30777,234,ITI,ITI4,12,Lazio,Lazio,5879082,7690954,130.82,0.64
759,2021-08-21,LAZ,10211,5872,4339,3219,6888,104,ITI,ITI4,12,Lazio,Lazio,5879082,7701165,130.99,0.17
760,2021-05-30,LAZ,41286,17663,23623,33243,7379,664,ITI,ITI4,12,Lazio,Lazio,5879082,7742451,131.69,0.7
761,2021-05-13,LAZ,50299,22616,27683,31656,17887,756,ITI,ITI4,12,Lazio,Lazio,5879082,7792750,132.55,0.86
762,2021-08-04,LAZ,47995,24184,23811,20715,26593,687,ITI,ITI4,12,Lazio,Lazio,5879082,7840745,133.37,0.82
763,2021-06-29,LAZ,59536,28290,31246,27746,31193,597,ITI,ITI4,12,Lazio,Lazio,5879082,7900281,134.38,1.01
764,2021-01-14,LAZ,5670,2236,3434,5495,0,175,ITI,ITI4,12,Lazio,Lazio,5879082,7905951,134.48,0.1
765,2021-04-07,LAZ,26049,12195,13854,18343,7330,376,ITI,ITI4,12,Lazio,Lazio,5879082,7932000,134.92,0.44
766,2020-12-28,LAZ,961,414,547,956,0,5,ITI,ITI4,12,Lazio,Lazio,5879082,7932961,134.94,0.02
767,2021-01-16,LAZ,5781,2338,3443,5633,0,148,ITI,ITI4,12,Lazio,Lazio,5879082,7938742,135.03,0.1
768,2021-04-26,LAZ,29358,13511,15847,19547,9301,510,ITI,ITI4,12,Lazio,Lazio,5879082,7968100,135.53,0.5
769,2021-02-02,LAZ,5921,2219,3702,641,5277,3,ITI,ITI4,12,Lazio,Lazio,5879082,7974021,135.63,0.1
770,2021-07-18,LAZ,58409,29738,28671,22788,34815,806,ITI,ITI4,12,Lazio,Lazio,5879082,8032430,136.63,0.99
771,2021-09-01,LOM,60217,32355,27862,30533,25954,3730,ITC,ITC4,3,Lombardia,Lombardia,10060574,60217,0.6,0.6
772,2021-05-24,LOM,89626,43529,46097,48601,40087,938,ITC,ITC4,3,Lombardia,Lombardia,10060574,149843,1.49,0.89
773,2021-02-11,LOM,17136,5026,12110,9636,7421,79,ITC,ITC4,3,Lombardia,Lombardia,10060574,166979,1.66,0.17
774,2021-08-27,LOM,35739,19219,16520,18530,14622,2587,ITC,ITC4,3,Lombardia,Lombardia,10060574,202718,2.01,0.36
775,2021-09-13,LOM,36362,19667,16695,6346,28986,1030,ITC,ITC4,3,Lombardia,Lombardia,10060574,239080,2.38,0.36
776,2021-06-05,LOM,102453,52964,49489,91102,9836,1515,ITC,ITC4,3,Lombardia,Lombardia,10060574,341533,3.39,1.02
777,2021-03-14,LOM,14883,5349,9534,11214,3290,379,ITC,ITC4,3,Lombardia,Lombardia,10060574,356416,3.54,0.15
778,2021-01-16,LOM,15648,5786,9862,15637,0,11,ITC,ITC4,3,Lombardia,Lombardia,10060574,372064,3.7,0.16
779,2021-08-15,LOM,7000,3988,3012,2933,3884,183,ITC,ITC4,3,Lombardia,Lombardia,10060574,379064,3.77,0.07
780,2021-07-20,LOM,95029,49096,45933,6920,87371,738,ITC,ITC4,3,Lombardia,Lombardia,10060574,474093,4.71,0.94
781,2021-02-04,LOM,28022,8169,19853,2049,25968,5,ITC,ITC4,3,Lombardia,Lombardia,10060574,502115,4.99,0.28
782,2021-07-18,LOM,97107,50593,46514,8542,87871,694,ITC,ITC4,3,Lombardia,Lombardia,10060574,599222,5.96,0.97
783,2021-04-09,LOM,52460,22397,30063,35593,16023,844,ITC,ITC4,3,Lombardia,Lombardia,10060574,651682,6.48,0.52
784,2021-07-13,LOM,108720,56843,51877,15459,92028,1233,ITC,ITC4,3,Lombardia,Lombardia,10060574,760402,7.56,1.08
785,2021-08-01,LOM,53144,28433,24711,27338,24266,1540,ITC,ITC4,3,Lombardia,Lombardia,10060574,813546,8.09,0.53
786,2021-04-23,LOM,73644,33373,40271,55553,16659,1432,ITC,ITC4,3,Lombardia,Lombardia,10060574,887190,8.82,0.73
787,2021-02-16,LOM,9529,3081,6448,8977,451,101,ITC,ITC4,3,Lombardia,Lombardia,10060574,896719,8.91,0.09
788,2021-06-10,LOM,102736,52274,50462,86426,14505,1805,ITC,ITC4,3,Lombardia,Lombardia,10060574,999455,9.93,1.02
789,2021-03-02,LOM,22842,9711,13131,19529,3047,266,ITC,ITC4,3,Lombardia,Lombardia,10060574,1022297,10.16,0.23
790,2021-08-20,LOM,27131,15012,12119,14128,11908,1095,ITC,ITC4,3,Lombardia,Lombardia,10060574,1049428,10.43,0.27
791,2021-03-28,LOM,20641,7883,12758,13968,6288,385,ITC,ITC4,3,Lombardia,Lombardia,10060574,1070069,10.64,0.21
792,2021-04-14,LOM,47238,21050,26188,33539,12987,712,ITC,ITC4,3,Lombardia,Lombardia,10060574,1117307,11.11,0.47
793,2021-01-04,LOM,6135,2120,4015,6128,0,7,ITC,ITC4,3,Lombardia,Lombardia,10060574,1123442,11.17,0.06
794,2021-06-19,LOM,104406,52033,52373,56226,46755,1425,ITC,ITC4,3,Lombardia,Lombardia,10060574,1227848,12.2,1.04
795,2021-07-06,LOM,102185,50889,51296,23100,77669,1416,ITC,ITC4,3,Lombardia,Lombardia,10060574,1330033,13.22,1.02
796,2021-08-06,LOM,85614,46654,38960,17804,66961,849,ITC,ITC4,3,Lombardia,Lombardia,10060574,1415647,14.07,0.85
797,2021-04-28,LOM,95808,43694,52114,66883,26951,1974,ITC,ITC4,3,Lombardia,Lombardia,10060574,1511455,15.02,0.95
798,2021-06-24,LOM,109770,56743,53027,78372,29015,2383,ITC,ITC4,3,Lombardia,Lombardia,10060574,1621225,16.11,1.09
799,2021-03-16,LOM,25542,10134,15408,16310,9110,122,ITC,ITC4,3,Lombardia,Lombardia,10060574,1646767,16.37,0.25
800,2021-05-12,LOM,87570,41777,45793,57284,27608,2678,ITC,ITC4,3,Lombardia,Lombardia,10060574,1734337,17.24,0.87
801,2021-09-08,LOM,58109,31731,26378,13502,42873,1734,ITC,ITC4,3,Lombardia,Lombardia,10060574,1792446,17.82,0.58
802,2021-05-31,LOM,95745,47432,48313,78388,16255,1102,ITC,ITC4,3,Lombardia,Lombardia,10060574,1888191,18.77,0.95
803,2021-07-27,LOM,104942,56846,48096,7482,96757,703,ITC,ITC4,3,Lombardia,Lombardia,10060574,1993133,19.81,1.04
804,2021-03-26,LOM,41380,15730,25650,27501,13193,686,ITC,ITC4,3,Lombardia,Lombardia,10060574,2034513,20.22,0.41
805,2021-05-22,LOM,70685,33871,36814,31727,38242,716,ITC,ITC4,3,Lombardia,Lombardia,10060574,2105198,20.93,0.7
806,2021-05-29,LOM,88395,42443,45952,41396,46155,844,ITC,ITC4,3,Lombardia,Lombardia,10060574,2193593,21.8,0.88
807,2021-02-18,LOM,14065,4931,9134,12828,1038,199,ITC,ITC4,3,Lombardia,Lombardia,10060574,2207658,21.94,0.14
808,2021-02-23,LOM,11835,4807,7028,11292,332,211,ITC,ITC4,3,Lombardia,Lombardia,10060574,2219493,22.06,0.12
809,2021-08-08,LOM,58842,31958,26884,16680,41366,796,ITC,ITC4,3,Lombardia,Lombardia,10060574,2278335,22.65,0.58
810,2021-08-25,LOM,44516,24043,20473,21655,19752,3109,ITC,ITC4,3,Lombardia,Lombardia,10060574,2322851,23.09,0.44
811,2021-05-17,LOM,94696,45374,49322,29504,64443,749,ITC,ITC4,3,Lombardia,Lombardia,10060574,2417547,24.03,0.94
812,2021-05-10,LOM,85316,40906,44410,61477,21601,2238,ITC,ITC4,3,Lombardia,Lombardia,10060574,2502863,24.88,0.85
813,2021-01-30,LOM,12358,4586,7772,146,12203,9,ITC,ITC4,3,Lombardia,Lombardia,10060574,2515221,25.0,0.12
814,2021-01-09,LOM,12509,4612,7897,12501,0,8,ITC,ITC4,3,Lombardia,Lombardia,10060574,2527730,25.13,0.12
815,2021-03-07,LOM,12100,5366,6734,9340,2563,197,ITC,ITC4,3,Lombardia,Lombardia,10060574,2539830,25.25,0.12
816,2021-01-27,LOM,8074,2689,5385,807,7265,2,ITC,ITC4,3,Lombardia,Lombardia,10060574,2547904,25.33,0.08
817,2021-07-03,LOM,102517,51720,50797,44540,55866,2111,ITC,ITC4,3,Lombardia,Lombardia,10060574,2650421,26.34,1.02
818,2021-03-25,LOM,43050,16098,26952,29249,12882,919,ITC,ITC4,3,Lombardia,Lombardia,10060574,2693471,26.77,0.43
819,2021-08-29,LOM,25187,13530,11657,12727,11159,1301,ITC,ITC4,3,Lombardia,Lombardia,10060574,2718658,27.02,0.25
820,2021-04-04,LOM,7615,3232,4383,3682,3899,34,ITC,ITC4,3,Lombardia,Lombardia,10060574,2726273,27.1,0.08
821,2021-04-02,LOM,41419,16954,24465,26213,14649,557,ITC,ITC4,3,Lombardia,Lombardia,10060574,2767692,27.51,0.41
822,2020-12-28,LOM,108,47,61,108,0,0,ITC,ITC4,3,Lombardia,Lombardia,10060574,2767800,27.51,0.0
823,2021-04-21,LOM,71886,32580,39306,55815,14700,1371,ITC,ITC4,3,Lombardia,Lombardia,10060574,2839686,28.23,0.71
824,2021-01-11,LOM,16316,5395,10921,16306,0,10,ITC,ITC4,3,Lombardia,Lombardia,10060574,2856002,28.39,0.16
825,2021-01-28,LOM,12280,3723,8557,795,11478,7,ITC,ITC4,3,Lombardia,Lombardia,10060574,2868282,28.51,0.12
826,2021-09-03,LOM,52924,28451,24473,22723,27553,2648,ITC,ITC4,3,Lombardia,Lombardia,10060574,2921206,29.04,0.53
827,2021-06-17,LOM,108665,52751,55914,50258,57227,1180,ITC,ITC4,3,Lombardia,Lombardia,10060574,3029871,30.12,1.08
828,2021-03-09,LOM,33270,12882,20388,25246,7424,600,ITC,ITC4,3,Lombardia,Lombardia,10060574,3063141,30.45,0.33
829,2021-08-13,LOM,53452,29607,23845,20525,31660,1267,ITC,ITC4,3,Lombardia,Lombardia,10060574,3116593,30.98,0.53
830,2021-05-05,LOM,88127,42012,46115,70413,15367,2347,ITC,ITC4,3,Lombardia,Lombardia,10060574,3204720,31.85,0.88
831,2021-07-01,LOM,105141,52893,52248,53337,49400,2404,ITC,ITC4,3,Lombardia,Lombardia,10060574,3309861,32.9,1.05
832,2021-07-08,LOM,114715,58458,56257,13230,100460,1025,ITC,ITC4,3,Lombardia,Lombardia,10060574,3424576,34.04,1.14
833,2021-07-25,LOM,86640,45738,40902,9423,76436,781,ITC,ITC4,3,Lombardia,Lombardia,10060574,3511216,34.9,0.86
834,2021-04-16,LOM,53731,23939,29792,38416,14397,918,ITC,ITC4,3,Lombardia,Lombardia,10060574,3564947,35.43,0.53
835,2021-05-03,LOM,83747,39780,43967,69440,12145,2162,ITC,ITC4,3,Lombardia,Lombardia,10060574,3648694,36.27,0.83
836,2021-01-23,LOM,1127,361,766,925,199,3,ITC,ITC4,3,Lombardia,Lombardia,10060574,3649821,36.28,0.01
837,2021-07-29,LOM,74430,40431,33999,33779,38700,1951,ITC,ITC4,3,Lombardia,Lombardia,10060574,3724251,37.02,0.74
838,2021-05-19,LOM,83305,39787,43518,33120,49374,811,ITC,ITC4,3,Lombardia,Lombardia,10060574,3807556,37.85,0.83
839,2021-02-08,LOM,10136,2937,7199,2125,8003,8,ITC,ITC4,3,Lombardia,Lombardia,10060574,3817692,37.95,0.1
840,2021-02-25,LOM,15359,6371,8988,13535,1623,201,ITC,ITC4,3,Lombardia,Lombardia,10060574,3833051,38.1,0.15
841,2021-02-06,LOM,15311,5556,9755,1014,14292,5,ITC,ITC4,3,Lombardia,Lombardia,10060574,3848362,38.25,0.15
842,2021-06-12,LOM,89330,48066,41264,84306,3176,1848,ITC,ITC4,3,Lombardia,Lombardia,10060574,3937692,39.14,0.89
843,2021-06-29,LOM,107322,53218,54104,57431,47883,2008,ITC,ITC4,3,Lombardia,Lombardia,10060574,4045014,40.21,1.07
844,2021-03-21,LOM,23523,8499,15024,17720,5198,605,ITC,ITC4,3,Lombardia,Lombardia,10060574,4068537,40.44,0.23
845,2021-02-13,LOM,6427,2445,3982,4887,1479,61,ITC,ITC4,3,Lombardia,Lombardia,10060574,4074964,40.5,0.06
846,2021-07-17,LOM,108506,57295,51211,10219,97360,927,ITC,ITC4,3,Lombardia,Lombardia,10060574,4183470,41.58,1.08
847,2021-01-13,LOM,26490,8102,18388,26465,0,25,ITC,ITC4,3,Lombardia,Lombardia,10060574,4209960,41.85,0.26
848,2021-05-21,LOM,93935,45281,48654,28390,64784,761,ITC,ITC4,3,Lombardia,Lombardia,10060574,4303895,42.78,0.93
849,2021-05-07,LOM,92464,43753,48711,67930,22473,2061,ITC,ITC4,3,Lombardia,Lombardia,10060574,4396359,43.7,0.92
850,2021-08-03,LOM,85830,46538,39292,13486,71621,723,ITC,ITC4,3,Lombardia,Lombardia,10060574,4482189,44.55,0.85
851,2021-04-25,LOM,51617,23665,27952,45520,4841,1256,ITC,ITC4,3,Lombardia,Lombardia,10060574,4533806,45.07,0.51
852,2021-06-28,LOM,108103,55067,53036,74295,31194,2614,ITC,ITC4,3,Lombardia,Lombardia,10060574,4641909,46.14,1.07
853,2021-07-15,LOM,109396,56280,53116,13386,94820,1190,ITC,ITC4,3,Lombardia,Lombardia,10060574,4751305,47.23,1.09
854,2021-04-06,LOM,43103,17598,25505,24448,17958,697,ITC,ITC4,3,Lombardia,Lombardia,10060574,4794408,47.66,0.43
855,2021-01-18,LOM,9268,2992,6276,8278,975,15,ITC,ITC4,3,Lombardia,Lombardia,10060574,4803676,47.75,0.09
856,2021-03-23,LOM,42640,15493,27147,28861,12907,872,ITC,ITC4,3,Lombardia,Lombardia,10060574,4846316,48.17,0.42
857,2021-08-24,LOM,47539,25869,21670,24445,19455,3639,ITC,ITC4,3,Lombardia,Lombardia,10060574,4893855,48.64,0.47
858,2021-01-25,LOM,7127,2399,4728,514,6610,3,ITC,ITC4,3,Lombardia,Lombardia,10060574,4900982,48.71,0.07
859,2021-02-01,LOM,16131,5342,10789,307,15822,2,ITC,ITC4,3,Lombardia,Lombardia,10060574,4917113,48.88,0.16
860,2021-07-05,LOM,101936,49790,52146,31505,68540,1891,ITC,ITC4,3,Lombardia,Lombardia,10060574,5019049,49.89,1.01
861,2021-08-31,LOM,62825,33490,29335,36688,21584,4553,ITC,ITC4,3,Lombardia,Lombardia,10060574,5081874,50.51,0.62
862,2021-02-20,LOM,9376,3876,5500,8846,333,197,ITC,ITC4,3,Lombardia,Lombardia,10060574,5091250,50.61,0.09
863,2021-04-18,LOM,36441,16242,20199,30525,5248,668,ITC,ITC4,3,Lombardia,Lombardia,10060574,5127691,50.97,0.36
864,2021-01-08,LOM,12757,3941,8816,12746,0,11,ITC,ITC4,3,Lombardia,Lombardia,10060574,5140448,51.09,0.13
865,2021-08-05,LOM,90300,49271,41029,15754,73757,789,ITC,ITC4,3,Lombardia,Lombardia,10060574,5230748,51.99,0.9
866,2021-07-24,LOM,95878,50656,45222,9741,85280,857,ITC,ITC4,3,Lombardia,Lombardia,10060574,5326626,52.95,0.95
867,2021-08-10,LOM,61477,33268,28209,18709,41699,1069,ITC,ITC4,3,Lombardia,Lombardia,10060574,5388103,53.56,0.61
868,2021-05-02,LOM,83539,38348,45191,59224,22481,1834,ITC,ITC4,3,Lombardia,Lombardia,10060574,5471642,54.39,0.83
869,2021-07-22,LOM,99405,52037,47368,12509,85443,1453,ITC,ITC4,3,Lombardia,Lombardia,10060574,5571047,55.38,0.99
870,2021-04-13,LOM,47699,21291,26408,32928,14112,659,ITC,ITC4,3,Lombardia,Lombardia,10060574,5618746,55.85,0.47
871,2021-08-12,LOM,56894,31251,25643,21995,33521,1378,ITC,ITC4,3,Lombardia,Lombardia,10060574,5675640,56.41,0.57
872,2021-04-11,LOM,32231,13947,18284,24320,7397,514,ITC,ITC4,3,Lombardia,Lombardia,10060574,5707871,56.74,0.32
873,2021-01-01,LOM,24,7,17,24,0,0,ITC,ITC4,3,Lombardia,Lombardia,10060574,5707895,56.74,0.0
874,2021-06-07,LOM,99044,50447,48597,84031,13385,1628,ITC,ITC4,3,Lombardia,Lombardia,10060574,5806939,57.72,0.98
875,2021-02-27,LOM,13955,5876,8079,13153,645,157,ITC,ITC4,3,Lombardia,Lombardia,10060574,5820894,57.86,0.14
876,2020-12-30,LOM,115,42,73,115,0,0,ITC,ITC4,3,Lombardia,Lombardia,10060574,5821009,57.86,0.0
877,2021-06-16,LOM,99375,50480,48895,49854,48367,1154,ITC,ITC4,3,Lombardia,Lombardia,10060574,5920384,58.85,0.99
878,2021-09-05,LOM,33254,18027,15227,12430,19467,1357,ITC,ITC4,3,Lombardia,Lombardia,10060574,5953638,59.18,0.33
879,2021-03-04,LOM,29376,12135,17241,20064,9087,225,ITC,ITC4,3,Lombardia,Lombardia,10060574,5983014,59.47,0.29
880,2021-06-30,LOM,107006,53008,53998,56590,48294,2122,ITC,ITC4,3,Lombardia,Lombardia,10060574,6090020,60.53,1.06
881,2021-03-22,LOM,40369,14315,26054,28946,10580,843,ITC,ITC4,3,Lombardia,Lombardia,10060574,6130389,60.93,0.4
882,2021-04-08,LOM,52479,21802,30677,35304,16501,674,ITC,ITC4,3,Lombardia,Lombardia,10060574,6182868,61.46,0.52
883,2020-12-29,LOM,106,45,61,106,0,0,ITC,ITC4,3,Lombardia,Lombardia,10060574,6182974,61.46,0.0
884,2021-07-14,LOM,109453,56861,52592,14354,93690,1409,ITC,ITC4,3,Lombardia,Lombardia,10060574,6292427,62.55,1.09
885,2021-07-31,LOM,71113,38777,32336,36366,32723,2024,ITC,ITC4,3,Lombardia,Lombardia,10060574,6363540,63.25,0.71
886,2021-04-22,LOM,74074,33446,40628,56218,16445,1411,ITC,ITC4,3,Lombardia,Lombardia,10060574,6437614,63.99,0.74
887,2021-03-03,LOM,27029,11533,15496,19492,7318,219,ITC,ITC4,3,Lombardia,Lombardia,10060574,6464643,64.26,0.27
888,2021-03-18,LOM,27468,10983,16485,15938,11303,227,ITC,ITC4,3,Lombardia,Lombardia,10060574,6492111,64.53,0.27
889,2021-08-22,LOM,18213,10166,8047,7604,10066,543,ITC,ITC4,3,Lombardia,Lombardia,10060574,6510324,64.71,0.18
890,2021-05-14,LOM,86050,41438,44612,53160,30369,2521,ITC,ITC4,3,Lombardia,Lombardia,10060574,6596374,65.57,0.86
891,2021-07-10,LOM,107273,54304,52969,13913,92177,1183,ITC,ITC4,3,Lombardia,Lombardia,10060574,6703647,66.63,1.07
892,2021-06-26,LOM,105943,55462,50481,77789,25748,2406,ITC,ITC4,3,Lombardia,Lombardia,10060574,6809590,67.69,1.05
893,2021-01-15,LOM,25296,7459,17837,25244,0,52,ITC,ITC4,3,Lombardia,Lombardia,10060574,6834886,67.94,0.25
894,2021-08-07,LOM,79729,43277,36452,16074,62847,808,ITC,ITC4,3,Lombardia,Lombardia,10060574,6914615,68.73,0.79
895,2021-04-29,LOM,115661,53635,62026,83084,29923,2654,ITC,ITC4,3,Lombardia,Lombardia,10060574,7030276,69.88,1.15
896,2021-06-25,LOM,108341,56261,52080,78363,27668,2310,ITC,ITC4,3,Lombardia,Lombardia,10060574,7138617,70.96,1.08
897,2021-04-20,LOM,67717,30852,36865,55895,10362,1460,ITC,ITC4,3,Lombardia,Lombardia,10060574,7206334,71.63,0.67
898,2021-01-10,LOM,10556,3982,6574,10547,0,9,ITC,ITC4,3,Lombardia,Lombardia,10060574,7216890,71.73,0.1
899,2021-01-17,LOM,8361,3351,5010,8154,201,6,ITC,ITC4,3,Lombardia,Lombardia,10060574,7225251,71.82,0.08
900,2021-06-23,LOM,111092,57467,53625,76659,32291,2142,ITC,ITC4,3,Lombardia,Lombardia,10060574,7336343,72.92,1.1
901,2021-03-15,LOM,31637,11362,20275,22427,8584,626,ITC,ITC4,3,Lombardia,Lombardia,10060574,7367980,73.24,0.31
902,2021-04-27,LOM,86109,40009,46100,67631,16611,1867,ITC,ITC4,3,Lombardia,Lombardia,10060574,7454089,74.09,0.86
903,2021-07-12,LOM,111889,57515,54374,14804,95946,1139,ITC,ITC4,3,Lombardia,Lombardia,10060574,7565978,75.2,1.11
904,2021-04-30,LOM,117548,54897,62651,87201,27684,2663,ITC,ITC4,3,Lombardia,Lombardia,10060574,7683526,76.37,1.17
905,2021-01-20,LOM,5716,1392,4324,5596,115,5,ITC,ITC4,3,Lombardia,Lombardia,10060574,7689242,76.43,0.06
906,2021-01-22,LOM,3199,885,2314,3125,69,5,ITC,ITC4,3,Lombardia,Lombardia,10060574,7692441,76.46,0.03
907,2021-07-07,LOM,112061,56173,55888,17999,92902,1160,ITC,ITC4,3,Lombardia,Lombardia,10060574,7804502,77.58,1.11
908,2021-04-15,LOM,49490,21873,27617,34891,13840,759,ITC,ITC4,3,Lombardia,Lombardia,10060574,7853992,78.07,0.49
909,2021-01-05,LOM,7879,2585,5294,7873,0,6,ITC,ITC4,3,Lombardia,Lombardia,10060574,7861871,78.15,0.08
910,2021-03-27,LOM,32532,12415,20117,23117,8775,640,ITC,ITC4,3,Lombardia,Lombardia,10060574,7894403,78.47,0.32
911,2021-03-06,LOM,21365,9109,12256,16542,4519,304,ITC,ITC4,3,Lombardia,Lombardia,10060574,7915768,78.68,0.21
912,2021-06-09,LOM,103748,52257,51491,87434,14585,1729,ITC,ITC4,3,Lombardia,Lombardia,10060574,8019516,79.71,1.03
913,2021-03-08,LOM,29828,11212,18616,22166,7129,533,ITC,ITC4,3,Lombardia,Lombardia,10060574,8049344,80.01,0.3
914,2021-05-04,LOM,86884,41097,45787,70258,14425,2201,ITC,ITC4,3,Lombardia,Lombardia,10060574,8136228,80.87,0.86
915,2021-08-19,LOM,28972,15937,13035,14772,13074,1126,ITC,ITC4,3,Lombardia,Lombardia,10060574,8165200,81.16,0.29
916,2021-05-11,LOM,86946,41457,45489,58209,26254,2483,ITC,ITC4,3,Lombardia,Lombardia,10060574,8252146,82.02,0.86
917,2021-09-02,LOM,56469,30558,25911,25772,27699,2998,ITC,ITC4,3,Lombardia,Lombardia,10060574,8308615,82.59,0.56
918,2021-05-28,LOM,93710,44883,48827,42038,50759,913,ITC,ITC4,3,Lombardia,Lombardia,10060574,8402325,83.52,0.93
919,2021-02-17,LOM,12038,3779,8259,10448,1392,198,ITC,ITC4,3,Lombardia,Lombardia,10060574,8414363,83.64,0.12
920,2021-06-11,LOM,101537,51719,49818,84941,14701,1895,ITC,ITC4,3,Lombardia,Lombardia,10060574,8515900,84.65,1.01
921,2021-06-14,LOM,94881,48205,46676,49127,44636,1118,ITC,ITC4,3,Lombardia,Lombardia,10060574,8610781,85.59,0.94
922,2021-08-17,LOM,33270,18412,14858,17408,14676,1186,ITC,ITC4,3,Lombardia,Lombardia,10060574,8644051,85.92,0.33
923,2021-05-26,LOM,93791,44686,49105,42745,50155,891,ITC,ITC4,3,Lombardia,Lombardia,10060574,8737842,86.85,0.93
924,2021-02-15,LOM,9063,3171,5892,8398,486,179,ITC,ITC4,3,Lombardia,Lombardia,10060574,8746905,86.94,0.09
925,2021-03-20,LOM,32612,12172,20440,22246,9860,506,ITC,ITC4,3,Lombardia,Lombardia,10060574,8779517,87.27,0.32
926,2020-12-27,LOM,718,414,304,718,0,0,ITC,ITC4,3,Lombardia,Lombardia,10060574,8780235,87.27,0.01
927,2021-08-02,LOM,83640,45307,38333,18337,64393,910,ITC,ITC4,3,Lombardia,Lombardia,10060574,8863875,88.11,0.83
928,2021-02-10,LOM,14462,4527,9935,7568,6865,29,ITC,ITC4,3,Lombardia,Lombardia,10060574,8878337,88.25,0.14
929,2021-09-09,LOM,56612,31074,25538,11910,43085,1617,ITC,ITC4,3,Lombardia,Lombardia,10060574,8934949,88.81,0.56
930,2021-02-03,LOM,25737,7957,17780,1078,24654,5,ITC,ITC4,3,Lombardia,Lombardia,10060574,8960686,89.07,0.26
931,2021-01-03,LOM,857,316,541,856,0,1,ITC,ITC4,3,Lombardia,Lombardia,10060574,8961543,89.08,0.01
932,2021-06-22,LOM,111264,58113,53151,79180,29958,2126,ITC,ITC4,3,Lombardia,Lombardia,10060574,9072807,90.18,1.11
933,2021-09-06,LOM,56260,30318,25942,16501,37730,2029,ITC,ITC4,3,Lombardia,Lombardia,10060574,9129067,90.74,0.56
934,2021-03-17,LOM,26346,10531,15815,15139,11046,161,ITC,ITC4,3,Lombardia,Lombardia,10060574,9155413,91.0,0.26
935,2021-04-05,LOM,27392,11698,15694,19027,8110,255,ITC,ITC4,3,Lombardia,Lombardia,10060574,9182805,91.28,0.27
936,2021-01-24,LOM,1202,458,744,538,664,0,ITC,ITC4,3,Lombardia,Lombardia,10060574,9184007,91.29,0.01
937,2021-08-21,LOM,21329,11877,9452,9485,11071,773,ITC,ITC4,3,Lombardia,Lombardia,10060574,9205336,91.5,0.21
938,2021-05-09,LOM,69733,32894,36839,54425,13283,2025,ITC,ITC4,3,Lombardia,Lombardia,10060574,9275069,92.19,0.69
939,2021-01-29,LOM,13551,4149,9402,686,12862,3,ITC,ITC4,3,Lombardia,Lombardia,10060574,9288620,92.33,0.13
940,2021-06-13,LOM,76004,40566,35438,72283,2131,1590,ITC,ITC4,3,Lombardia,Lombardia,10060574,9364624,93.08,0.76
941,2021-03-05,LOM,29008,11973,17035,20252,8447,309,ITC,ITC4,3,Lombardia,Lombardia,10060574,9393632,93.37,0.29
942,2021-04-03,LOM,36338,14905,21433,25789,10164,385,ITC,ITC4,3,Lombardia,Lombardia,10060574,9429970,93.73,0.36
943,2021-09-07,LOM,60949,33277,27672,15567,43322,2060,ITC,ITC4,3,Lombardia,Lombardia,10060574,9490919,94.34,0.61
944,2021-05-30,LOM,74428,35615,38813,33793,40016,619,ITC,ITC4,3,Lombardia,Lombardia,10060574,9565347,95.08,0.74
945,2021-07-26,LOM,109616,58920,50696,7715,101146,755,ITC,ITC4,3,Lombardia,Lombardia,10060574,9674963,96.17,1.09
946,2021-04-01,LOM,43200,17324,25876,26086,16399,715,ITC,ITC4,3,Lombardia,Lombardia,10060574,9718163,96.6,0.43
947,2021-06-01,LOM,94045,46131,47914,75802,17132,1111,ITC,ITC4,3,Lombardia,Lombardia,10060574,9812208,97.53,0.93
948,2021-01-02,LOM,202,74,128,202,0,0,ITC,ITC4,3,Lombardia,Lombardia,10060574,9812410,97.53,0.0
949,2021-06-08,LOM,102959,52321,50638,87174,14104,1681,ITC,ITC4,3,Lombardia,Lombardia,10060574,9915369,98.56,1.02
950,2021-02-28,LOM,7886,3256,4630,7604,210,72,ITC,ITC4,3,Lombardia,Lombardia,10060574,9923255,98.64,0.08
951,2021-08-04,LOM,90174,48833,41341,14484,75031,659,ITC,ITC4,3,Lombardia,Lombardia,10060574,10013429,99.53,0.9
952,2021-04-26,LOM,88031,40950,47081,67034,19171,1826,ITC,ITC4,3,Lombardia,Lombardia,10060574,10101460,100.41,0.88
953,2021-05-23,LOM,60823,28966,31857,26297,34013,513,ITC,ITC4,3,Lombardia,Lombardia,10060574,10162283,101.01,0.6
954,2021-02-12,LOM,14028,4389,9639,8887,4982,159,ITC,ITC4,3,Lombardia,Lombardia,10060574,10176311,101.15,0.14
955,2021-07-19,LOM,96928,50319,46609,10806,85042,1080,ITC,ITC4,3,Lombardia,Lombardia,10060574,10273239,102.11,0.96
956,2021-04-10,LOM,52822,21877,30945,40096,11976,750,ITC,ITC4,3,Lombardia,Lombardia,10060574,10326061,102.64,0.53
957,2021-06-06,LOM,90138,46352,43786,79536,9222,1380,ITC,ITC4,3,Lombardia,Lombardia,10060574,10416199,103.53,0.9
958,2021-01-07,LOM,11812,3657,8155,11771,0,41,ITC,ITC4,3,Lombardia,Lombardia,10060574,10428011,103.65,0.12
959,2021-07-04,LOM,86771,43400,43371,40189,44623,1959,ITC,ITC4,3,Lombardia,Lombardia,10060574,10514782,104.51,0.86
960,2021-08-30,LOM,71229,37842,33387,43170,22407,5652,ITC,ITC4,3,Lombardia,Lombardia,10060574,10586011,105.22,0.71
961,2021-07-02,LOM,104043,52146,51897,48878,52962,2203,ITC,ITC4,3,Lombardia,Lombardia,10060574,10690054,106.26,1.03
962,2021-03-24,LOM,43436,15685,27751,30471,12066,899,ITC,ITC4,3,Lombardia,Lombardia,10060574,10733490,106.69,0.43
963,2021-02-09,LOM,12233,3337,8896,4027,8192,14,ITC,ITC4,3,Lombardia,Lombardia,10060574,10745723,106.81,0.12
964,2021-07-09,LOM,115793,59019,56774,11740,103167,886,ITC,ITC4,3,Lombardia,Lombardia,10060574,10861516,107.96,1.15
965,2021-06-03,LOM,97202,49743,47459,84614,10919,1669,ITC,ITC4,3,Lombardia,Lombardia,10060574,10958718,108.93,0.97
966,2021-06-20,LOM,89051,44375,44676,52800,35008,1243,ITC,ITC4,3,Lombardia,Lombardia,10060574,11047769,109.81,0.89
967,2021-03-12,LOM,35339,12991,22348,24458,10261,620,ITC,ITC4,3,Lombardia,Lombardia,10060574,11083108,110.16,0.35
968,2021-03-29,LOM,40079,15558,24521,24537,14863,679,ITC,ITC4,3,Lombardia,Lombardia,10060574,11123187,110.56,0.4
969,2021-06-18,LOM,107722,52907,54815,51790,54691,1241,ITC,ITC4,3,Lombardia,Lombardia,10060574,11230909,111.63,1.07
970,2021-08-14,LOM,26545,14887,11658,11130,14861,554,ITC,ITC4,3,Lombardia,Lombardia,10060574,11257454,111.9,0.26
971,2021-03-01,LOM,18802,8236,10566,16888,1708,206,ITC,ITC4,3,Lombardia,Lombardia,10060574,11276256,112.08,0.19
972,2021-08-18,LOM,30911,17058,13853,17899,11642,1370,ITC,ITC4,3,Lombardia,Lombardia,10060574,11307167,112.39,0.31
973,2021-01-31,LOM,9827,3815,6012,29,9798,0,ITC,ITC4,3,Lombardia,Lombardia,10060574,11316994,112.49,0.1
974,2021-05-25,LOM,91227,43648,47579,43858,46545,824,ITC,ITC4,3,Lombardia,Lombardia,10060574,11408221,113.4,0.91
975,2021-02-14,LOM,3586,1547,2039,2934,637,15,ITC,ITC4,3,Lombardia,Lombardia,10060574,11411807,113.43,0.04
976,2021-01-12,LOM,20340,6746,13594,20309,0,31,ITC,ITC4,3,Lombardia,Lombardia,10060574,11432147,113.63,0.2
977,2021-06-27,LOM,90953,46822,44131,69776,18875,2302,ITC,ITC4,3,Lombardia,Lombardia,10060574,11523100,114.54,0.9
978,2021-03-19,LOM,32514,12954,19560,18920,13270,324,ITC,ITC4,3,Lombardia,Lombardia,10060574,11555614,114.86,0.32
979,2021-09-04,LOM,45599,24701,20898,20521,22545,2533,ITC,ITC4,3,Lombardia,Lombardia,10060574,11601213,115.31,0.45
980,2021-05-27,LOM,95024,45509,49515,40622,53611,791,ITC,ITC4,3,Lombardia,Lombardia,10060574,11696237,116.26,0.94
981,2021-02-19,LOM,14230,5402,8828,13329,725,176,ITC,ITC4,3,Lombardia,Lombardia,10060574,11710467,116.4,0.14
982,2021-04-17,LOM,48585,21330,27255,36979,10878,728,ITC,ITC4,3,Lombardia,Lombardia,10060574,11759052,116.88,0.48
983,2021-02-26,LOM,18446,7572,10874,16330,1907,209,ITC,ITC4,3,Lombardia,Lombardia,10060574,11777498,117.07,0.18
984,2021-07-30,LOM,73311,39805,33506,35098,36094,2119,ITC,ITC4,3,Lombardia,Lombardia,10060574,11850809,117.79,0.73
985,2020-12-31,LOM,715,302,413,715,0,0,ITC,ITC4,3,Lombardia,Lombardia,10060574,11851524,117.8,0.01
986,2021-07-21,LOM,94011,48497,45514,8617,84531,863,ITC,ITC4,3,Lombardia,Lombardia,10060574,11945535,118.74,0.93
987,2021-04-12,LOM,47359,20626,26733,32291,14416,652,ITC,ITC4,3,Lombardia,Lombardia,10060574,11992894,119.21,0.47
988,2021-02-21,LOM,5055,1864,3191,4940,17,98,ITC,ITC4,3,Lombardia,Lombardia,10060574,11997949,119.26,0.05
989,2021-07-28,LOM,77456,41729,35727,19116,56590,1750,ITC,ITC4,3,Lombardia,Lombardia,10060574,12075405,120.03,0.77
990,2021-04-19,LOM,60411,27490,32921,49683,9422,1306,ITC,ITC4,3,Lombardia,Lombardia,10060574,12135816,120.63,0.6
991,2021-06-15,LOM,96079,48897,47182,49025,45999,1055,ITC,ITC4,3,Lombardia,Lombardia,10060574,12231895,121.58,0.96
992,2021-09-11,LOM,41128,22337,18791,13304,25964,1860,ITC,ITC4,3,Lombardia,Lombardia,10060574,12273023,121.99,0.41
993,2021-04-24,LOM,75873,33628,42245,53412,21168,1293,ITC,ITC4,3,Lombardia,Lombardia,10060574,12348896,122.75,0.75
994,2021-01-14,LOM,26980,7823,19157,26928,0,52,ITC,ITC4,3,Lombardia,Lombardia,10060574,12375876,123.01,0.27
995,2021-08-16,LOM,38949,21059,17890,16839,21066,1044,ITC,ITC4,3,Lombardia,Lombardia,10060574,12414825,123.4,0.39
996,2021-05-08,LOM,87840,40792,47048,63427,22119,2294,ITC,ITC4,3,Lombardia,Lombardia,10060574,12502665,124.27,0.87
997,2021-07-16,LOM,108927,56714,52213,11137,96627,1163,ITC,ITC4,3,Lombardia,Lombardia,10060574,12611592,125.36,1.08
998,2021-04-07,LOM,50659,20952,29707,34083,15865,711,ITC,ITC4,3,Lombardia,Lombardia,10060574,12662251,125.86,0.5
999,2021-08-23,LOM,57505,31506,25999,23783,30431,3291,ITC,ITC4,3,Lombardia,Lombardia,10060574,12719756,126.43,0.57
1000,2021-05-15,LOM,80991,38808,42183,45385,33445,2161,ITC,ITC4,3,Lombardia,Lombardia,10060574,12800747,127.24,0.81
1001,2021-07-11,LOM,90341,45704,44637,11765,77518,1058,ITC,ITC4,3,Lombardia,Lombardia,10060574,12891088,128.13,0.9
1002,2021-05-13,LOM,87236,41798,45438,55591,28905,2740,ITC,ITC4,3,Lombardia,Lombardia,10060574,12978324,129.0,0.87
1003,2021-02-02,LOM,20010,6649,13361,497,19510,3,ITC,ITC4,3,Lombardia,Lombardia,10060574,12998334,129.2,0.2
1004,2021-03-31,LOM,42278,17151,25127,26200,15391,687,ITC,ITC4,3,Lombardia,Lombardia,10060574,13040612,129.62,0.42
1005,2021-03-10,LOM,33370,12761,20609,24852,7911,607,ITC,ITC4,3,Lombardia,Lombardia,10060574,13073982,129.95,0.33
1006,2021-05-06,LOM,89954,42233,47721,70954,16584,2416,ITC,ITC4,3,Lombardia,Lombardia,10060574,13163936,130.85,0.89
1007,2021-01-26,LOM,8396,2719,5677,348,8047,1,ITC,ITC4,3,Lombardia,Lombardia,10060574,13172332,130.93,0.08
1008,2021-09-12,LOM,26934,14505,12429,8972,16761,1201,ITC,ITC4,3,Lombardia,Lombardia,10060574,13199266,131.2,0.27
1009,2021-06-21,LOM,113386,58085,55301,78215,32997,2174,ITC,ITC4,3,Lombardia,Lombardia,10060574,13312652,132.32,1.13
1010,2021-09-10,LOM,52627,28270,24357,11413,39438,1776,ITC,ITC4,3,Lombardia,Lombardia,10060574,13365279,132.85,0.52
1011,2021-06-02,LOM,84716,43616,41100,76986,6407,1323,ITC,ITC4,3,Lombardia,Lombardia,10060574,13449995,133.69,0.84
1012,2021-03-11,LOM,36283,13506,22777,25637,9958,688,ITC,ITC4,3,Lombardia,Lombardia,10060574,13486278,134.05,0.36
1013,2021-03-30,LOM,39746,15637,24109,24258,14871,617,ITC,ITC4,3,Lombardia,Lombardia,10060574,13526024,134.45,0.4
1014,2021-01-06,LOM,7168,2532,4636,7162,0,6,ITC,ITC4,3,Lombardia,Lombardia,10060574,13533192,134.52,0.07
1015,2021-08-26,LOM,38679,20777,17902,20338,15545,2796,ITC,ITC4,3,Lombardia,Lombardia,10060574,13571871,134.9,0.38
1016,2021-05-18,LOM,88256,42178,46078,31860,55592,804,ITC,ITC4,3,Lombardia,Lombardia,10060574,13660127,135.78,0.88
1017,2021-06-04,LOM,104656,54323,50333,93201,9664,1791,ITC,ITC4,3,Lombardia,Lombardia,10060574,13764783,136.82,1.04
1018,2021-02-24,LOM,14728,5961,8767,13576,958,194,ITC,ITC4,3,Lombardia,Lombardia,10060574,13779511,136.97,0.15
1019,2021-05-16,LOM,68740,32518,36222,35548,32234,958,ITC,ITC4,3,Lombardia,Lombardia,10060574,13848251,137.65,0.68
1020,2021-02-05,LOM,25792,7495,18297,2428,23351,13,ITC,ITC4,3,Lombardia,Lombardia,10060574,13874043,137.91,0.26
1021,2021-02-22,LOM,11953,4824,7129,11443,310,200,ITC,ITC4,3,Lombardia,Lombardia,10060574,13885996,138.02,0.12
1022,2021-03-13,LOM,27236,9794,17442,20557,6123,556,ITC,ITC4,3,Lombardia,Lombardia,10060574,13913232,138.29,0.27
1023,2021-07-23,LOM,95533,50070,45463,11434,82843,1256,ITC,ITC4,3,Lombardia,Lombardia,10060574,14008765,139.24,0.95
1024,2021-08-09,LOM,68979,37021,31958,18634,49296,1049,ITC,ITC4,3,Lombardia,Lombardia,10060574,14077744,139.93,0.69
1025,2021-05-01,LOM,96107,43735,52372,65015,29330,1762,ITC,ITC4,3,Lombardia,Lombardia,10060574,14173851,140.89,0.96
1026,2021-01-21,LOM,5533,1612,3921,4821,695,17,ITC,ITC4,3,Lombardia,Lombardia,10060574,14179384,140.94,0.05
1027,2021-02-07,LOM,7322,2831,4491,335,6984,3,ITC,ITC4,3,Lombardia,Lombardia,10060574,14186706,141.01,0.07
1028,2021-01-19,LOM,8064,2332,5732,7579,471,14,ITC,ITC4,3,Lombardia,Lombardia,10060574,14194770,141.09,0.08
1029,2021-08-11,LOM,61388,33589,27799,22461,37579,1348,ITC,ITC4,3,Lombardia,Lombardia,10060574,14256158,141.7,0.61
1030,2021-08-28,LOM,35007,19241,15766,17761,15041,2205,ITC,ITC4,3,Lombardia,Lombardia,10060574,14291165,142.05,0.35
1031,2021-05-20,LOM,95617,46244,49373,31716,63084,817,ITC,ITC4,3,Lombardia,Lombardia,10060574,14386782,143.0,0.95
1032,2021-02-13,SIC,2979,1124,1855,2686,256,37,ITG,ITG1,19,Sicilia,Sicilia,4999891,2979,0.06,0.06
1033,2021-05-24,SIC,35894,17455,18439,15597,20064,233,ITG,ITG1,19,Sicilia,Sicilia,4999891,38873,0.78,0.72
1034,2021-08-27,SIC,23363,11881,11482,9850,13186,327,ITG,ITG1,19,Sicilia,Sicilia,4999891,62236,1.24,0.47
1035,2021-08-03,SIC,32100,15754,16346,13905,17775,420,ITG,ITG1,19,Sicilia,Sicilia,4999891,94336,1.89,0.64
1036,2021-08-15,SIC,2513,1428,1085,1509,954,50,ITG,ITG1,19,Sicilia,Sicilia,4999891,96849,1.94,0.05
1037,2021-08-01,SIC,19968,10435,9533,7856,11966,146,ITG,ITG1,19,Sicilia,Sicilia,4999891,116817,2.34,0.4
1038,2021-06-19,SIC,44306,21065,23241,18762,25221,323,ITG,ITG1,19,Sicilia,Sicilia,4999891,161123,3.22,0.89
1039,2021-04-23,SIC,28632,13723,14909,22407,5841,384,ITG,ITG1,19,Sicilia,Sicilia,4999891,189755,3.8,0.57
1040,2021-01-30,SIC,7735,3556,4179,141,7591,3,ITG,ITG1,19,Sicilia,Sicilia,4999891,197490,3.95,0.15
1041,2021-03-28,SIC,10993,5153,5840,6912,4013,68,ITG,ITG1,19,Sicilia,Sicilia,4999891,208483,4.17,0.22
1042,2021-09-10,SIC,25229,12579,12650,8825,15970,434,ITG,ITG1,19,Sicilia,Sicilia,4999891,233712,4.67,0.5
1043,2021-07-15,SIC,48426,22472,25954,8008,40155,263,ITG,ITG1,19,Sicilia,Sicilia,4999891,282138,5.64,0.97
1044,2021-08-29,SIC,14523,7927,6596,4753,9624,146,ITG,ITG1,19,Sicilia,Sicilia,4999891,296661,5.93,0.29
1045,2021-02-25,SIC,9942,5209,4733,8685,1164,93,ITG,ITG1,19,Sicilia,Sicilia,4999891,306603,6.13,0.2
1046,2021-06-05,SIC,59962,28523,31439,48735,10599,628,ITG,ITG1,19,Sicilia,Sicilia,4999891,366565,7.33,1.2
1047,2021-03-14,SIC,8784,3931,4853,4895,3837,52,ITG,ITG1,19,Sicilia,Sicilia,4999891,375349,7.51,0.18
1048,2021-06-24,SIC,42369,19674,22695,17636,24373,360,ITG,ITG1,19,Sicilia,Sicilia,4999891,417718,8.35,0.85
1049,2021-06-07,SIC,49694,23420,26274,41116,8042,536,ITG,ITG1,19,Sicilia,Sicilia,4999891,467412,9.35,0.99
1050,2021-01-25,SIC,7454,3689,3765,266,7181,7,ITG,ITG1,19,Sicilia,Sicilia,4999891,474866,9.5,0.15
1051,2021-05-05,SIC,26408,12235,14173,16278,9685,445,ITG,ITG1,19,Sicilia,Sicilia,4999891,501274,10.03,0.53
1052,2021-05-19,SIC,42915,20776,22139,28196,14336,383,ITG,ITG1,19,Sicilia,Sicilia,4999891,544189,10.88,0.86
1053,2021-04-11,SIC,15381,7596,7785,8228,7040,113,ITG,ITG1,19,Sicilia,Sicilia,4999891,559570,11.19,0.31
1054,2021-07-20,SIC,48506,23628,24878,12785,35359,362,ITG,ITG1,19,Sicilia,Sicilia,4999891,608076,12.16,0.97
1055,2020-12-30,SIC,186,110,76,185,0,1,ITG,ITG1,19,Sicilia,Sicilia,4999891,608262,12.17,0.0
1056,2021-01-16,SIC,2737,1221,1516,2716,0,21,ITG,ITG1,19,Sicilia,Sicilia,4999891,610999,12.22,0.05
1057,2021-07-01,SIC,31034,14099,16935,10779,19998,257,ITG,ITG1,19,Sicilia,Sicilia,4999891,642033,12.84,0.62
1058,2021-04-09,SIC,20232,9844,10388,10921,9048,263,ITG,ITG1,19,Sicilia,Sicilia,4999891,662265,13.25,0.4
1059,2021-03-23,SIC,20977,10092,10885,15231,5568,178,ITG,ITG1,19,Sicilia,Sicilia,4999891,683242,13.67,0.42
1060,2021-03-02,SIC,14784,6380,8404,11887,2781,116,ITG,ITG1,19,Sicilia,Sicilia,4999891,698026,13.96,0.3
1061,2021-01-04,SIC,8686,4331,4355,8636,0,50,ITG,ITG1,19,Sicilia,Sicilia,4999891,706712,14.13,0.17
1062,2021-01-18,SIC,1627,676,951,1456,160,11,ITG,ITG1,19,Sicilia,Sicilia,4999891,708339,14.17,0.03
1063,2021-04-28,SIC,29287,13723,15564,19714,9163,410,ITG,ITG1,19,Sicilia,Sicilia,4999891,737626,14.75,0.59
1064,2021-08-10,SIC,21834,10876,10958,10658,10915,261,ITG,ITG1,19,Sicilia,Sicilia,4999891,759460,15.19,0.44
1065,2021-05-17,SIC,31942,15413,16529,18999,12648,295,ITG,ITG1,19,Sicilia,Sicilia,4999891,791402,15.83,0.64
1066,2021-03-21,SIC,15226,7346,7880,11184,3970,72,ITG,ITG1,19,Sicilia,Sicilia,4999891,806628,16.13,0.3
1067,2021-02-06,SIC,4736,2119,2617,1450,3266,20,ITG,ITG1,19,Sicilia,Sicilia,4999891,811364,16.23,0.09
1068,2021-02-04,SIC,6762,3084,3678,1420,5312,30,ITG,ITG1,19,Sicilia,Sicilia,4999891,818126,16.36,0.14
1069,2021-09-03,SIC,21888,11056,10832,9913,11602,373,ITG,ITG1,19,Sicilia,Sicilia,4999891,840014,16.8,0.44
1070,2021-05-31,SIC,38140,17171,20969,21284,16560,296,ITG,ITG1,19,Sicilia,Sicilia,4999891,878154,17.56,0.76
1071,2021-09-08,SIC,20319,10119,10200,9208,10704,407,ITG,ITG1,19,Sicilia,Sicilia,4999891,898473,17.97,0.41
1072,2021-08-22,SIC,10333,5504,4829,3916,6299,118,ITG,ITG1,19,Sicilia,Sicilia,4999891,908806,18.18,0.21
1073,2021-02-18,SIC,5342,3148,2194,4843,431,68,ITG,ITG1,19,Sicilia,Sicilia,4999891,914148,18.28,0.11
1074,2021-05-12,SIC,36868,17397,19471,21407,14928,533,ITG,ITG1,19,Sicilia,Sicilia,4999891,951016,19.02,0.74
1075,2021-08-20,SIC,18797,9362,9435,9859,8672,266,ITG,ITG1,19,Sicilia,Sicilia,4999891,969813,19.4,0.38
1076,2021-02-11,SIC,5240,2062,3178,4655,467,118,ITG,ITG1,19,Sicilia,Sicilia,4999891,975053,19.5,0.1
1077,2021-04-16,SIC,28869,14501,14368,20244,8301,324,ITG,ITG1,19,Sicilia,Sicilia,4999891,1003922,20.08,0.58
1078,2021-01-23,SIC,4491,2310,2181,209,4272,10,ITG,ITG1,19,Sicilia,Sicilia,4999891,1008413,20.17,0.09
1079,2021-01-06,SIC,6270,3302,2968,6205,0,65,ITG,ITG1,19,Sicilia,Sicilia,4999891,1014683,20.29,0.13
1080,2021-06-26,SIC,37268,17782,19486,16350,20610,308,ITG,ITG1,19,Sicilia,Sicilia,4999891,1051951,21.04,0.75
1081,2021-04-30,SIC,35061,16358,18703,23521,11056,484,ITG,ITG1,19,Sicilia,Sicilia,4999891,1087012,21.74,0.7
1082,2021-03-04,SIC,15262,6711,8551,11012,4123,127,ITG,ITG1,19,Sicilia,Sicilia,4999891,1102274,22.05,0.31
1083,2021-08-08,SIC,15324,8136,7188,7419,7715,190,ITG,ITG1,19,Sicilia,Sicilia,4999891,1117598,22.35,0.31
1084,2021-06-12,SIC,45802,22398,23404,39371,5896,535,ITG,ITG1,19,Sicilia,Sicilia,4999891,1163400,23.27,0.92
1085,2021-04-04,SIC,6798,3323,3475,5434,1295,69,ITG,ITG1,19,Sicilia,Sicilia,4999891,1170198,23.4,0.14
1086,2021-07-13,SIC,46136,21174,24962,6919,38997,220,ITG,ITG1,19,Sicilia,Sicilia,4999891,1216334,24.33,0.92
1087,2021-07-27,SIC,43339,21479,21860,19271,23605,463,ITG,ITG1,19,Sicilia,Sicilia,4999891,1259673,25.19,0.87
1088,2021-03-16,SIC,9643,4334,5309,3569,6003,71,ITG,ITG1,19,Sicilia,Sicilia,4999891,1269316,25.39,0.19
1089,2021-07-08,SIC,38404,17498,20906,6530,31648,226,ITG,ITG1,19,Sicilia,Sicilia,4999891,1307720,26.15,0.77
1090,2021-02-23,SIC,8785,4667,4118,8229,468,88,ITG,ITG1,19,Sicilia,Sicilia,4999891,1316505,26.33,0.18
1091,2021-03-09,SIC,13190,5780,7410,10841,2218,131,ITG,ITG1,19,Sicilia,Sicilia,4999891,1329695,26.59,0.26
1092,2021-01-11,SIC,5929,2618,3311,5869,0,60,ITG,ITG1,19,Sicilia,Sicilia,4999891,1335624,26.71,0.12
1093,2020-12-28,SIC,226,139,87,225,0,1,ITG,ITG1,19,Sicilia,Sicilia,4999891,1335850,26.72,0.0
1094,2021-01-01,SIC,825,441,384,821,0,4,ITG,ITG1,19,Sicilia,Sicilia,4999891,1336675,26.73,0.02
1095,2021-04-20,SIC,18995,9004,9991,13436,5249,310,ITG,ITG1,19,Sicilia,Sicilia,4999891,1355670,27.11,0.38
1096,2021-07-29,SIC,36205,17890,18315,14327,21536,342,ITG,ITG1,19,Sicilia,Sicilia,4999891,1391875,27.84,0.72
1097,2021-07-17,SIC,49326,24294,25032,9315,39711,300,ITG,ITG1,19,Sicilia,Sicilia,4999891,1441201,28.82,0.99
1098,2021-04-08,SIC,19015,9344,9671,9273,9542,200,ITG,ITG1,19,Sicilia,Sicilia,4999891,1460216,29.2,0.38
1099,2021-02-20,SIC,7171,3707,3464,6802,272,97,ITG,ITG1,19,Sicilia,Sicilia,4999891,1467387,29.35,0.14
1100,2021-04-02,SIC,13905,6562,7343,9047,4738,120,ITG,ITG1,19,Sicilia,Sicilia,4999891,1481292,29.63,0.28
1101,2021-02-10,SIC,4354,1776,2578,3888,383,83,ITG,ITG1,19,Sicilia,Sicilia,4999891,1485646,29.71,0.09
1102,2021-05-21,SIC,48723,23084,25639,26668,21629,426,ITG,ITG1,19,Sicilia,Sicilia,4999891,1534369,30.69,0.97
1103,2021-08-12,SIC,15123,7582,7541,7979,6902,242,ITG,ITG1,19,Sicilia,Sicilia,4999891,1549492,30.99,0.3
1104,2021-05-07,SIC,36610,17282,19328,24584,11628,398,ITG,ITG1,19,Sicilia,Sicilia,4999891,1586102,31.72,0.73
1105,2021-03-11,SIC,15464,6715,8749,12891,2418,155,ITG,ITG1,19,Sicilia,Sicilia,4999891,1601566,32.03,0.31
1106,2021-01-27,SIC,7298,3715,3583,165,7132,1,ITG,ITG1,19,Sicilia,Sicilia,4999891,1608864,32.18,0.15
1107,2021-01-13,SIC,5191,2448,2743,5157,0,34,ITG,ITG1,19,Sicilia,Sicilia,4999891,1614055,32.28,0.1
1108,2021-02-27,SIC,12241,5505,6736,10936,1204,101,ITG,ITG1,19,Sicilia,Sicilia,4999891,1626296,32.53,0.24
1109,2021-07-12,SIC,49011,22617,26394,6442,42367,202,ITG,ITG1,19,Sicilia,Sicilia,4999891,1675307,33.51,0.98
1110,2021-02-08,SIC,3888,1680,2208,2081,1759,48,ITG,ITG1,19,Sicilia,Sicilia,4999891,1679195,33.58,0.08
1111,2021-01-22,SIC,1294,641,653,261,1031,2,ITG,ITG1,19,Sicilia,Sicilia,4999891,1680489,33.61,0.03
1112,2021-05-16,SIC,33720,16446,17274,21895,11526,299,ITG,ITG1,19,Sicilia,Sicilia,4999891,1714209,34.28,0.67
1113,2021-05-02,SIC,24618,11435,13183,17697,6605,316,ITG,ITG1,19,Sicilia,Sicilia,4999891,1738827,34.78,0.49
1114,2021-03-20,SIC,18605,8987,9618,13366,5144,95,ITG,ITG1,19,Sicilia,Sicilia,4999891,1757432,35.15,0.37
1115,2021-08-24,SIC,23723,11754,11969,10959,12396,368,ITG,ITG1,19,Sicilia,Sicilia,4999891,1781155,35.62,0.47
1116,2021-06-28,SIC,31944,14879,17065,14907,16743,294,ITG,ITG1,19,Sicilia,Sicilia,4999891,1813099,36.26,0.64
1117,2021-07-05,SIC,37539,17618,19921,8911,28387,241,ITG,ITG1,19,Sicilia,Sicilia,4999891,1850638,37.01,0.75
1118,2021-06-21,SIC,40252,18632,21620,18420,21503,329,ITG,ITG1,19,Sicilia,Sicilia,4999891,1890890,37.82,0.81
1119,2021-07-24,SIC,40735,21214,19521,16793,23631,311,ITG,ITG1,19,Sicilia,Sicilia,4999891,1931625,38.63,0.81
1120,2021-02-15,SIC,3778,1770,2008,3138,564,76,ITG,ITG1,19,Sicilia,Sicilia,4999891,1935403,38.71,0.08
1121,2021-07-22,SIC,40681,19971,20710,11229,29155,297,ITG,ITG1,19,Sicilia,Sicilia,4999891,1976084,39.52,0.81
1122,2021-05-26,SIC,44744,21039,23705,23909,20490,345,ITG,ITG1,19,Sicilia,Sicilia,4999891,2020828,40.42,0.89
1123,2021-01-03,SIC,4818,2519,2299,4784,0,34,ITG,ITG1,19,Sicilia,Sicilia,4999891,2025646,40.51,0.1
1124,2021-04-13,SIC,20272,9876,10396,11226,8843,203,ITG,ITG1,19,Sicilia,Sicilia,4999891,2045918,40.92,0.41
1125,2021-07-31,SIC,28756,14935,13821,10444,18044,268,ITG,ITG1,19,Sicilia,Sicilia,4999891,2074674,41.49,0.58
1126,2021-02-03,SIC,5945,2793,3152,706,5231,8,ITG,ITG1,19,Sicilia,Sicilia,4999891,2080619,41.61,0.12
1127,2021-04-27,SIC,26460,12689,13771,15147,10960,353,ITG,ITG1,19,Sicilia,Sicilia,4999891,2107079,42.14,0.53
1128,2021-08-05,SIC,23866,11850,12016,11523,12035,308,ITG,ITG1,19,Sicilia,Sicilia,4999891,2130945,42.62,0.48
1129,2021-05-14,SIC,52250,24499,27751,35787,15682,781,ITG,ITG1,19,Sicilia,Sicilia,4999891,2183195,43.66,1.05
1130,2021-01-15,SIC,5325,2335,2990,5258,0,67,ITG,ITG1,19,Sicilia,Sicilia,4999891,2188520,43.77,0.11
1131,2021-06-04,SIC,57871,26768,31103,45400,11962,509,ITG,ITG1,19,Sicilia,Sicilia,4999891,2246391,44.93,1.16
1132,2021-09-12,SIC,14077,7505,6572,4990,8857,230,ITG,ITG1,19,Sicilia,Sicilia,4999891,2260468,45.21,0.28
1133,2021-04-06,SIC,17766,8485,9281,13256,4297,213,ITG,ITG1,19,Sicilia,Sicilia,4999891,2278234,45.57,0.36
1134,2021-02-22,SIC,7946,4131,3815,7370,493,83,ITG,ITG1,19,Sicilia,Sicilia,4999891,2286180,45.72,0.16
1135,2020-12-27,SIC,150,96,54,149,0,1,ITG,ITG1,19,Sicilia,Sicilia,4999891,2286330,45.73,0.0
1136,2021-06-02,SIC,35285,16300,18985,27102,7782,401,ITG,ITG1,19,Sicilia,Sicilia,4999891,2321615,46.43,0.71
1137,2021-04-01,SIC,14331,6627,7704,9517,4669,145,ITG,ITG1,19,Sicilia,Sicilia,4999891,2335946,46.72,0.29
1138,2021-07-10,SIC,46918,22356,24562,6055,40654,209,ITG,ITG1,19,Sicilia,Sicilia,4999891,2382864,47.66,0.94
1139,2021-06-23,SIC,44515,20711,23804,17929,26250,336,ITG,ITG1,19,Sicilia,Sicilia,4999891,2427379,48.55,0.89
1140,2021-01-24,SIC,4337,2269,2068,122,4213,2,ITG,ITG1,19,Sicilia,Sicilia,4999891,2431716,48.64,0.09
1141,2021-05-04,SIC,26866,12477,14389,17147,9299,420,ITG,ITG1,19,Sicilia,Sicilia,4999891,2458582,49.17,0.54
1142,2021-01-20,SIC,969,513,456,691,275,3,ITG,ITG1,19,Sicilia,Sicilia,4999891,2459551,49.19,0.02
1143,2021-03-18,SIC,15418,7758,7660,9739,5624,55,ITG,ITG1,19,Sicilia,Sicilia,4999891,2474969,49.5,0.31
1144,2021-01-10,SIC,3567,1599,1968,3545,0,22,ITG,ITG1,19,Sicilia,Sicilia,4999891,2478536,49.57,0.07
1145,2021-01-05,SIC,10634,5230,5404,10551,0,83,ITG,ITG1,19,Sicilia,Sicilia,4999891,2489170,49.78,0.21
1146,2021-04-15,SIC,21594,10496,11098,12000,9357,237,ITG,ITG1,19,Sicilia,Sicilia,4999891,2510764,50.22,0.43
1147,2021-06-20,SIC,33457,15831,17626,15116,18078,263,ITG,ITG1,19,Sicilia,Sicilia,4999891,2544221,50.89,0.67
1148,2021-04-22,SIC,26780,12645,14135,19892,6463,425,ITG,ITG1,19,Sicilia,Sicilia,4999891,2571001,51.42,0.54
1149,2021-03-10,SIC,13961,6135,7826,11625,2187,149,ITG,ITG1,19,Sicilia,Sicilia,4999891,2584962,51.7,0.28
1150,2021-01-12,SIC,4378,2143,2235,4332,0,46,ITG,ITG1,19,Sicilia,Sicilia,4999891,2589340,51.79,0.09
1151,2021-06-18,SIC,43613,20152,23461,18860,24381,372,ITG,ITG1,19,Sicilia,Sicilia,4999891,2632953,52.66,0.87
1152,2021-05-09,SIC,28446,13324,15122,19768,8299,379,ITG,ITG1,19,Sicilia,Sicilia,4999891,2661399,53.23,0.57
1153,2021-08-17,SIC,18566,9495,9071,10104,8137,325,ITG,ITG1,19,Sicilia,Sicilia,4999891,2679965,53.6,0.37
1154,2021-09-04,SIC,18295,9850,8445,8347,9604,344,ITG,ITG1,19,Sicilia,Sicilia,4999891,2698260,53.97,0.37
1155,2021-02-05,SIC,6789,3006,3783,2086,4665,38,ITG,ITG1,19,Sicilia,Sicilia,4999891,2705049,54.1,0.14
1156,2021-04-03,SIC,16421,7819,8602,13419,2837,165,ITG,ITG1,19,Sicilia,Sicilia,4999891,2721470,54.43,0.33
1157,2021-04-25,SIC,21405,10209,11196,16139,5019,247,ITG,ITG1,19,Sicilia,Sicilia,4999891,2742875,54.86,0.43
1158,2021-02-01,SIC,5953,2641,3312,293,5646,14,ITG,ITG1,19,Sicilia,Sicilia,4999891,2748828,54.98,0.12
1159,2021-03-22,SIC,16695,7922,8773,11167,5432,96,ITG,ITG1,19,Sicilia,Sicilia,4999891,2765523,55.31,0.33
1160,2021-06-30,SIC,32619,15042,17577,11447,20850,322,ITG,ITG1,19,Sicilia,Sicilia,4999891,2798142,55.96,0.65
1161,2020-12-29,SIC,245,152,93,244,0,1,ITG,ITG1,19,Sicilia,Sicilia,4999891,2798387,55.97,0.0
1162,2021-06-13,SIC,34553,17171,17382,30607,3512,434,ITG,ITG1,19,Sicilia,Sicilia,4999891,2832940,56.66,0.69
1163,2021-04-10,SIC,20449,9979,10470,11301,8972,176,ITG,ITG1,19,Sicilia,Sicilia,4999891,2853389,57.07,0.41
1164,2021-01-17,SIC,1315,599,716,1240,66,9,ITG,ITG1,19,Sicilia,Sicilia,4999891,2854704,57.1,0.03
1165,2021-07-02,SIC,30578,14240,16338,9942,20350,286,ITG,ITG1,19,Sicilia,Sicilia,4999891,2885282,57.71,0.61
1166,2021-07-19,SIC,48974,23597,25377,11650,36965,359,ITG,ITG1,19,Sicilia,Sicilia,4999891,2934256,58.69,0.98
1167,2021-03-01,SIC,12776,6079,6697,10991,1658,127,ITG,ITG1,19,Sicilia,Sicilia,4999891,2947032,58.94,0.26
1168,2021-06-09,SIC,49787,23683,26104,41910,7266,611,ITG,ITG1,19,Sicilia,Sicilia,4999891,2996819,59.94,1.0
1169,2021-03-15,SIC,10693,4737,5956,5658,4955,80,ITG,ITG1,19,Sicilia,Sicilia,4999891,3007512,60.15,0.21
1170,2021-01-08,SIC,8157,3797,4360,8064,0,93,ITG,ITG1,19,Sicilia,Sicilia,4999891,3015669,60.31,0.16
1171,2021-04-18,SIC,19836,9918,9918,15283,4364,189,ITG,ITG1,19,Sicilia,Sicilia,4999891,3035505,60.71,0.4
1172,2021-08-31,SIC,27966,14175,13791,10305,17362,299,ITG,ITG1,19,Sicilia,Sicilia,4999891,3063471,61.27,0.56
1173,2021-03-30,SIC,14589,6774,7815,9715,4771,103,ITG,ITG1,19,Sicilia,Sicilia,4999891,3078060,61.56,0.29
1174,2021-03-13,SIC,12226,5395,6831,7635,4499,92,ITG,ITG1,19,Sicilia,Sicilia,4999891,3090286,61.81,0.24
1175,2021-04-17,SIC,26011,13154,12857,18661,7068,282,ITG,ITG1,19,Sicilia,Sicilia,4999891,3116297,62.33,0.52
1176,2021-07-26,SIC,44550,22207,22343,16703,27475,372,ITG,ITG1,19,Sicilia,Sicilia,4999891,3160847,63.22,0.89
1177,2021-03-17,SIC,15057,7445,7612,9077,5853,127,ITG,ITG1,19,Sicilia,Sicilia,4999891,3175904,63.52,0.3
1178,2021-06-25,SIC,39806,18681,21125,17383,22084,339,ITG,ITG1,19,Sicilia,Sicilia,4999891,3215710,64.32,0.8
1179,2021-07-09,SIC,44829,20688,24141,6402,38243,184,ITG,ITG1,19,Sicilia,Sicilia,4999891,3260539,65.21,0.9
1180,2021-08-26,SIC,20017,10109,9908,9101,10608,308,ITG,ITG1,19,Sicilia,Sicilia,4999891,3280556,65.61,0.4
1181,2021-02-07,SIC,2323,983,1340,664,1649,10,ITG,ITG1,19,Sicilia,Sicilia,4999891,3282879,65.66,0.05
1182,2021-07-14,SIC,47565,22030,25535,7930,39374,261,ITG,ITG1,19,Sicilia,Sicilia,4999891,3330444,66.61,0.95
1183,2021-05-18,SIC,36146,17400,18746,23249,12491,406,ITG,ITG1,19,Sicilia,Sicilia,4999891,3366590,67.33,0.72
1184,2021-07-21,SIC,42968,20968,22000,10635,32019,314,ITG,ITG1,19,Sicilia,Sicilia,4999891,3409558,68.19,0.86
1185,2021-07-07,SIC,35432,16209,19223,6036,29155,241,ITG,ITG1,19,Sicilia,Sicilia,4999891,3444990,68.9,0.71
1186,2021-05-25,SIC,33576,15439,18137,13947,19374,255,ITG,ITG1,19,Sicilia,Sicilia,4999891,3478566,69.57,0.67
1187,2021-03-29,SIC,15050,7086,7964,10400,4500,150,ITG,ITG1,19,Sicilia,Sicilia,4999891,3493616,69.87,0.3
1188,2021-03-05,SIC,15790,6853,8937,11396,4244,150,ITG,ITG1,19,Sicilia,Sicilia,4999891,3509406,70.19,0.32
1189,2021-02-16,SIC,4200,2208,1992,3663,467,70,ITG,ITG1,19,Sicilia,Sicilia,4999891,3513606,70.27,0.08
1190,2021-06-27,SIC,25312,12202,13110,12097,12983,232,ITG,ITG1,19,Sicilia,Sicilia,4999891,3538918,70.78,0.51
1191,2021-05-15,SIC,56540,26406,30134,40372,15250,918,ITG,ITG1,19,Sicilia,Sicilia,4999891,3595458,71.91,1.13
1192,2021-03-19,SIC,16325,8061,8264,10651,5579,95,ITG,ITG1,19,Sicilia,Sicilia,4999891,3611783,72.24,0.33
1193,2021-08-23,SIC,24094,11909,12185,10802,12939,353,ITG,ITG1,19,Sicilia,Sicilia,4999891,3635877,72.72,0.48
1194,2021-09-01,SIC,24942,12715,12227,10578,14009,355,ITG,ITG1,19,Sicilia,Sicilia,4999891,3660819,73.22,0.5
1195,2021-03-12,SIC,12894,5574,7320,10663,2071,160,ITG,ITG1,19,Sicilia,Sicilia,4999891,3673713,73.48,0.26
1196,2021-07-28,SIC,37668,18870,18798,14684,22661,323,ITG,ITG1,19,Sicilia,Sicilia,4999891,3711381,74.23,0.75
1197,2021-06-22,SIC,40056,18409,21647,18342,21336,378,ITG,ITG1,19,Sicilia,Sicilia,4999891,3751437,75.03,0.8
1198,2021-08-09,SIC,25192,12869,12323,12498,12318,376,ITG,ITG1,19,Sicilia,Sicilia,4999891,3776629,75.53,0.5
1199,2021-01-19,SIC,1527,677,850,1271,241,15,ITG,ITG1,19,Sicilia,Sicilia,4999891,3778156,75.56,0.03
1200,2021-06-11,SIC,49977,23848,26129,41596,7711,670,ITG,ITG1,19,Sicilia,Sicilia,4999891,3828133,76.56,1.0
1201,2021-04-29,SIC,31821,14848,16973,21802,9562,457,ITG,ITG1,19,Sicilia,Sicilia,4999891,3859954,77.2,0.64
1202,2021-03-03,SIC,14592,6552,8040,11384,3076,132,ITG,ITG1,19,Sicilia,Sicilia,4999891,3874546,77.49,0.29
1203,2021-08-07,SIC,20063,10407,9656,10826,8900,337,ITG,ITG1,19,Sicilia,Sicilia,4999891,3894609,77.89,0.4
1204,2021-08-16,SIC,20314,10427,9887,10908,9090,316,ITG,ITG1,19,Sicilia,Sicilia,4999891,3914923,78.3,0.41
1205,2021-06-06,SIC,49537,23926,25611,41149,7830,558,ITG,ITG1,19,Sicilia,Sicilia,4999891,3964460,79.29,0.99
1206,2021-02-26,SIC,11988,5882,6106,10191,1681,116,ITG,ITG1,19,Sicilia,Sicilia,4999891,3976448,79.53,0.24
1207,2021-05-06,SIC,29489,14018,15471,18153,10842,494,ITG,ITG1,19,Sicilia,Sicilia,4999891,4005937,80.12,0.59
1208,2021-08-28,SIC,20873,11178,9695,7260,13393,220,ITG,ITG1,19,Sicilia,Sicilia,4999891,4026810,80.54,0.42
1209,2021-08-14,SIC,6144,3341,2803,3309,2714,121,ITG,ITG1,19,Sicilia,Sicilia,4999891,4032954,80.66,0.12
1210,2021-03-27,SIC,15699,7406,8293,10684,4888,127,ITG,ITG1,19,Sicilia,Sicilia,4999891,4048653,80.97,0.31
1211,2021-01-29,SIC,9186,4257,4929,404,8770,12,ITG,ITG1,19,Sicilia,Sicilia,4999891,4057839,81.16,0.18
1212,2021-09-02,SIC,23150,11855,11295,10008,12753,389,ITG,ITG1,19,Sicilia,Sicilia,4999891,4080989,81.62,0.46
1213,2021-06-01,SIC,38991,17729,21262,24596,14044,351,ITG,ITG1,19,Sicilia,Sicilia,4999891,4119980,82.4,0.78
1214,2021-04-05,SIC,8024,3958,4066,6510,1442,72,ITG,ITG1,19,Sicilia,Sicilia,4999891,4128004,82.56,0.16
1215,2021-09-09,SIC,23627,11821,11806,8338,14848,441,ITG,ITG1,19,Sicilia,Sicilia,4999891,4151631,83.03,0.47
1216,2021-04-12,SIC,19026,9223,9803,11488,7277,261,ITG,ITG1,19,Sicilia,Sicilia,4999891,4170657,83.41,0.38
1217,2021-02-14,SIC,1055,402,653,905,140,10,ITG,ITG1,19,Sicilia,Sicilia,4999891,4171712,83.44,0.02
1218,2021-01-02,SIC,4887,2545,2342,4851,0,36,ITG,ITG1,19,Sicilia,Sicilia,4999891,4176599,83.53,0.1
1219,2021-02-12,SIC,4606,1829,2777,4241,286,79,ITG,ITG1,19,Sicilia,Sicilia,4999891,4181205,83.63,0.09
1220,2021-05-23,SIC,34109,16607,17502,19854,14026,229,ITG,ITG1,19,Sicilia,Sicilia,4999891,4215314,84.31,0.68
1221,2021-06-10,SIC,53053,24908,28145,45147,7252,654,ITG,ITG1,19,Sicilia,Sicilia,4999891,4268367,85.37,1.06
1222,2021-05-27,SIC,47623,21934,25689,24464,22738,421,ITG,ITG1,19,Sicilia,Sicilia,4999891,4315990,86.32,0.95
1223,2021-04-14,SIC,20584,9939,10645,11614,8774,196,ITG,ITG1,19,Sicilia,Sicilia,4999891,4336574,86.73,0.41
1224,2021-07-23,SIC,41517,20856,20661,14374,26819,324,ITG,ITG1,19,Sicilia,Sicilia,4999891,4378091,87.56,0.83
1225,2021-08-25,SIC,21848,10845,11003,9971,11517,360,ITG,ITG1,19,Sicilia,Sicilia,4999891,4399939,88.0,0.44
1226,2021-06-29,SIC,31459,14737,16722,15727,15326,406,ITG,ITG1,19,Sicilia,Sicilia,4999891,4431398,88.63,0.63
1227,2021-06-17,SIC,41892,19505,22387,20361,21156,375,ITG,ITG1,19,Sicilia,Sicilia,4999891,4473290,89.47,0.84
1228,2020-12-31,SIC,897,477,420,889,0,8,ITG,ITG1,19,Sicilia,Sicilia,4999891,4474187,89.49,0.02
1229,2021-03-07,SIC,9272,3457,5815,8130,1083,59,ITG,ITG1,19,Sicilia,Sicilia,4999891,4483459,89.67,0.19
1230,2021-06-15,SIC,46174,21762,24412,28203,17535,436,ITG,ITG1,19,Sicilia,Sicilia,4999891,4529633,90.59,0.92
1231,2021-03-24,SIC,20989,9881,11108,15039,5743,207,ITG,ITG1,19,Sicilia,Sicilia,4999891,4550622,91.01,0.42
1232,2021-09-06,SIC,23277,11834,11443,9961,12902,414,ITG,ITG1,19,Sicilia,Sicilia,4999891,4573899,91.48,0.47
1233,2021-02-24,SIC,9379,4803,4576,8701,567,111,ITG,ITG1,19,Sicilia,Sicilia,4999891,4583278,91.67,0.19
1234,2021-01-21,SIC,1457,715,742,490,956,11,ITG,ITG1,19,Sicilia,Sicilia,4999891,4584735,91.7,0.03
1235,2021-05-01,SIC,24457,11321,13136,18999,5171,287,ITG,ITG1,19,Sicilia,Sicilia,4999891,4609192,92.19,0.49
1236,2021-05-22,SIC,48026,22813,25213,28304,19325,397,ITG,ITG1,19,Sicilia,Sicilia,4999891,4657218,93.15,0.96
1237,2021-08-30,SIC,28211,14381,13830,10213,17652,346,ITG,ITG1,19,Sicilia,Sicilia,4999891,4685429,93.71,0.56
1238,2021-02-28,SIC,7131,3033,4098,6456,630,45,ITG,ITG1,19,Sicilia,Sicilia,4999891,4692560,93.85,0.14
1239,2021-09-13,SIC,27177,13512,13665,9513,17174,490,ITG,ITG1,19,Sicilia,Sicilia,4999891,4719737,94.4,0.54
1240,2021-06-08,SIC,47711,22407,25304,40455,6713,543,ITG,ITG1,19,Sicilia,Sicilia,4999891,4767448,95.35,0.95
1241,2021-08-11,SIC,16203,8338,7865,8727,7187,289,ITG,ITG1,19,Sicilia,Sicilia,4999891,4783651,95.68,0.32
1242,2021-01-09,SIC,7257,3425,3832,7196,0,61,ITG,ITG1,19,Sicilia,Sicilia,4999891,4790908,95.82,0.15
1243,2021-05-03,SIC,23327,10802,12525,13262,9799,266,ITG,ITG1,19,Sicilia,Sicilia,4999891,4814235,96.29,0.47
1244,2021-07-11,SIC,36045,16872,19173,3665,32285,95,ITG,ITG1,19,Sicilia,Sicilia,4999891,4850280,97.01,0.72
1245,2021-07-25,SIC,31812,16765,15047,11847,19705,260,ITG,ITG1,19,Sicilia,Sicilia,4999891,4882092,97.64,0.64
1246,2021-04-19,SIC,18292,8673,9619,12463,5590,239,ITG,ITG1,19,Sicilia,Sicilia,4999891,4900384,98.01,0.37
1247,2021-03-31,SIC,14526,6710,7816,9441,4935,150,ITG,ITG1,19,Sicilia,Sicilia,4999891,4914910,98.3,0.29
1248,2021-01-07,SIC,9075,4212,4863,8991,0,84,ITG,ITG1,19,Sicilia,Sicilia,4999891,4923985,98.48,0.18
1249,2021-04-21,SIC,22400,10753,11647,15990,6127,283,ITG,ITG1,19,Sicilia,Sicilia,4999891,4946385,98.93,0.45
1250,2021-04-07,SIC,18454,9069,9385,9737,8518,199,ITG,ITG1,19,Sicilia,Sicilia,4999891,4964839,99.3,0.37
1251,2021-09-11,SIC,21366,11082,10284,7702,13285,379,ITG,ITG1,19,Sicilia,Sicilia,4999891,4986205,99.73,0.43
1252,2021-07-16,SIC,49373,23383,25990,8719,40364,290,ITG,ITG1,19,Sicilia,Sicilia,4999891,5035578,100.71,0.99
1253,2021-07-30,SIC,32517,16114,16403,12085,20144,288,ITG,ITG1,19,Sicilia,Sicilia,4999891,5068095,101.36,0.65
1254,2021-06-03,SIC,46009,21100,24909,33767,11719,523,ITG,ITG1,19,Sicilia,Sicilia,4999891,5114104,102.28,0.92
1255,2021-05-29,SIC,47217,21485,25732,23547,23222,448,ITG,ITG1,19,Sicilia,Sicilia,4999891,5161321,103.23,0.94
1256,2021-08-13,SIC,11518,5968,5550,5978,5301,239,ITG,ITG1,19,Sicilia,Sicilia,4999891,5172839,103.46,0.23
1257,2021-02-09,SIC,4350,1800,2550,3248,1037,65,ITG,ITG1,19,Sicilia,Sicilia,4999891,5177189,103.55,0.09
1258,2021-05-20,SIC,44107,21135,22972,27753,15938,416,ITG,ITG1,19,Sicilia,Sicilia,4999891,5221296,104.43,0.88
1259,2021-07-06,SIC,37127,17168,19959,10286,26530,311,ITG,ITG1,19,Sicilia,Sicilia,4999891,5258423,105.17,0.74
1260,2021-05-10,SIC,28736,13797,14939,16167,12220,349,ITG,ITG1,19,Sicilia,Sicilia,4999891,5287159,105.75,0.57
1261,2021-08-18,SIC,21943,11323,10620,11665,9909,369,ITG,ITG1,19,Sicilia,Sicilia,4999891,5309102,106.18,0.44
1262,2021-03-26,SIC,18000,8361,9639,12340,5502,158,ITG,ITG1,19,Sicilia,Sicilia,4999891,5327102,106.54,0.36
1263,2021-02-21,SIC,5169,2501,2668,5044,107,18,ITG,ITG1,19,Sicilia,Sicilia,4999891,5332271,106.65,0.1
1264,2021-01-28,SIC,9037,4277,4760,361,8675,1,ITG,ITG1,19,Sicilia,Sicilia,4999891,5341308,106.83,0.18
1265,2021-07-04,SIC,26519,12805,13714,7609,18734,176,ITG,ITG1,19,Sicilia,Sicilia,4999891,5367827,107.36,0.53
1266,2021-05-08,SIC,35670,17046,18624,24892,10323,455,ITG,ITG1,19,Sicilia,Sicilia,4999891,5403497,108.07,0.71
1267,2021-01-26,SIC,9581,4745,4836,213,9367,1,ITG,ITG1,19,Sicilia,Sicilia,4999891,5413078,108.26,0.19
1268,2021-06-16,SIC,40442,18806,21636,21270,18813,359,ITG,ITG1,19,Sicilia,Sicilia,4999891,5453520,109.07,0.81
1269,2021-03-25,SIC,20479,9535,10944,14750,5549,180,ITG,ITG1,19,Sicilia,Sicilia,4999891,5473999,109.48,0.41
1270,2021-07-03,SIC,33886,16289,17597,9030,24610,246,ITG,ITG1,19,Sicilia,Sicilia,4999891,5507885,110.16,0.68
1271,2021-09-07,SIC,22698,11290,11408,9471,12807,420,ITG,ITG1,19,Sicilia,Sicilia,4999891,5530583,110.61,0.45
1272,2021-03-06,SIC,12651,5064,7587,9765,2783,103,ITG,ITG1,19,Sicilia,Sicilia,4999891,5543234,110.87,0.25
1273,2021-09-05,SIC,12740,6906,5834,5501,7045,194,ITG,ITG1,19,Sicilia,Sicilia,4999891,5555974,111.12,0.25
1274,2021-06-14,SIC,43496,20662,22834,28170,14897,429,ITG,ITG1,19,Sicilia,Sicilia,4999891,5599470,111.99,0.87
1275,2021-05-28,SIC,51282,22992,28290,24317,26552,413,ITG,ITG1,19,Sicilia,Sicilia,4999891,5650752,113.02,1.03
1276,2021-08-19,SIC,19566,9763,9803,10490,8765,311,ITG,ITG1,19,Sicilia,Sicilia,4999891,5670318,113.41,0.39
1277,2021-02-19,SIC,4979,2695,2284,4328,564,87,ITG,ITG1,19,Sicilia,Sicilia,4999891,5675297,113.51,0.1
1278,2021-03-08,SIC,13526,5975,7551,10781,2616,129,ITG,ITG1,19,Sicilia,Sicilia,4999891,5688823,113.78,0.27
1279,2021-08-21,SIC,13748,7175,6573,6206,7354,188,ITG,ITG1,19,Sicilia,Sicilia,4999891,5702571,114.05,0.27
1280,2021-05-30,SIC,35788,16179,19609,17429,18063,296,ITG,ITG1,19,Sicilia,Sicilia,4999891,5738359,114.77,0.72
1281,2021-05-13,SIC,47500,22277,25223,30296,16555,649,ITG,ITG1,19,Sicilia,Sicilia,4999891,5785859,115.72,0.95
1282,2021-01-31,SIC,4061,1944,2117,107,3952,2,ITG,ITG1,19,Sicilia,Sicilia,4999891,5789920,115.8,0.08
1283,2021-05-11,SIC,32691,15505,17186,19682,12501,508,ITG,ITG1,19,Sicilia,Sicilia,4999891,5822611,116.45,0.65
1284,2021-02-17,SIC,5222,3204,2018,4500,670,52,ITG,ITG1,19,Sicilia,Sicilia,4999891,5827833,116.56,0.1
1285,2021-04-24,SIC,31219,14719,16500,23141,7640,438,ITG,ITG1,19,Sicilia,Sicilia,4999891,5859052,117.18,0.62
1286,2021-08-02,SIC,32986,16395,16591,12852,19785,349,ITG,ITG1,19,Sicilia,Sicilia,4999891,5892038,117.84,0.66
1287,2021-08-06,SIC,24786,12580,12206,13506,10871,409,ITG,ITG1,19,Sicilia,Sicilia,4999891,5916824,118.34,0.5
1288,2021-04-26,SIC,21710,10278,11432,13300,8089,321,ITG,ITG1,19,Sicilia,Sicilia,4999891,5938534,118.77,0.43
1289,2021-02-02,SIC,5323,2498,2825,610,4703,10,ITG,ITG1,19,Sicilia,Sicilia,4999891,5943857,118.88,0.11
1290,2021-08-04,SIC,24365,12014,12351,10982,13057,326,ITG,ITG1,19,Sicilia,Sicilia,4999891,5968222,119.37,0.49
1291,2021-07-18,SIC,39283,19784,19499,8095,30953,235,ITG,ITG1,19,Sicilia,Sicilia,4999891,6007505,120.15,0.79
1292,2021-01-14,SIC,5267,2494,2773,5205,0,62,ITG,ITG1,19,Sicilia,Sicilia,4999891,6012772,120.26,0.11
1293,2021-07-27,CAL,17586,8993,8593,5020,12478,88,ITF,ITF6,18,Calabria,Calabria,1947131,17586,0.9,0.9
1294,2021-01-06,CAL,956,520,436,956,0,0,ITF,ITF6,18,Calabria,Calabria,1947131,18542,0.95,0.05
1295,2021-04-16,CAL,10345,5050,5295,8641,1644,60,ITF,ITF6,18,Calabria,Calabria,1947131,28887,1.48,0.53
1296,2021-02-18,CAL,1891,878,1013,1638,234,19,ITF,ITF6,18,Calabria,Calabria,1947131,30778,1.58,0.1
1297,2021-08-08,CAL,4221,2148,2073,1495,2698,28,ITF,ITF6,18,Calabria,Calabria,1947131,34999,1.8,0.22
1298,2021-07-22,CAL,18332,9026,9306,3491,14750,91,ITF,ITF6,18,Calabria,Calabria,1947131,53331,2.74,0.94
1299,2021-04-30,CAL,15113,7413,7700,10526,4507,80,ITF,ITF6,18,Calabria,Calabria,1947131,68444,3.52,0.78
1300,2021-02-06,CAL,2939,1353,1586,439,2499,1,ITF,ITF6,18,Calabria,Calabria,1947131,71383,3.67,0.15
1301,2021-09-05,CAL,1496,812,684,697,782,17,ITF,ITF6,18,Calabria,Calabria,1947131,72879,3.74,0.08
1302,2021-07-10,CAL,15946,7539,8407,3244,12658,44,ITF,ITF6,18,Calabria,Calabria,1947131,88825,4.56,0.82
1303,2021-01-23,CAL,403,188,215,360,43,0,ITF,ITF6,18,Calabria,Calabria,1947131,89228,4.58,0.02
1304,2021-08-10,CAL,9782,4913,4869,3597,6084,101,ITF,ITF6,18,Calabria,Calabria,1947131,99010,5.08,0.5
1305,2021-06-14,CAL,14358,6511,7847,9627,4654,77,ITF,ITF6,18,Calabria,Calabria,1947131,113368,5.82,0.74
1306,2021-03-04,CAL,5498,3199,2299,4678,800,20,ITF,ITF6,18,Calabria,Calabria,1947131,118866,6.1,0.28
1307,2021-06-12,CAL,13248,6299,6949,10782,2398,68,ITF,ITF6,18,Calabria,Calabria,1947131,132114,6.79,0.68
1308,2021-04-18,CAL,5882,2809,3073,4939,918,25,ITF,ITF6,18,Calabria,Calabria,1947131,137996,7.09,0.3
1309,2021-04-04,CAL,1574,789,785,1141,422,11,ITF,ITF6,18,Calabria,Calabria,1947131,139570,7.17,0.08
1310,2021-06-26,CAL,15585,7201,8384,7573,7941,71,ITF,ITF6,18,Calabria,Calabria,1947131,155155,7.97,0.8
1311,2021-01-11,CAL,2193,1063,1130,2191,0,2,ITF,ITF6,18,Calabria,Calabria,1947131,157348,8.08,0.11
1312,2021-01-25,CAL,1090,522,568,150,940,0,ITF,ITF6,18,Calabria,Calabria,1947131,158438,8.14,0.06
1313,2021-05-05,CAL,13626,6519,7107,8406,5141,79,ITF,ITF6,18,Calabria,Calabria,1947131,172064,8.84,0.7
1314,2021-08-17,CAL,7685,3914,3771,2760,4829,96,ITF,ITF6,18,Calabria,Calabria,1947131,179749,9.23,0.39
1315,2021-03-09,CAL,6590,3439,3151,5527,989,74,ITF,ITF6,18,Calabria,Calabria,1947131,186339,9.57,0.34
1316,2021-02-20,CAL,1511,790,721,1168,329,14,ITF,ITF6,18,Calabria,Calabria,1947131,187850,9.65,0.08
1317,2021-08-22,CAL,1524,769,755,484,1021,19,ITF,ITF6,18,Calabria,Calabria,1947131,189374,9.73,0.08
1318,2021-05-31,CAL,15301,7348,7953,7311,7909,81,ITF,ITF6,18,Calabria,Calabria,1947131,204675,10.51,0.79
1319,2021-07-01,CAL,12399,5838,6561,5476,6839,84,ITF,ITF6,18,Calabria,Calabria,1947131,217074,11.15,0.64
1320,2021-02-01,CAL,2561,1215,1346,237,2321,3,ITF,ITF6,18,Calabria,Calabria,1947131,219635,11.28,0.13
1321,2021-07-08,CAL,12052,5618,6434,2692,9315,45,ITF,ITF6,18,Calabria,Calabria,1947131,231687,11.9,0.62
1322,2021-08-03,CAL,14096,7125,6971,3908,10114,74,ITF,ITF6,18,Calabria,Calabria,1947131,245783,12.62,0.72
1323,2021-06-21,CAL,15418,7104,8314,7996,7383,39,ITF,ITF6,18,Calabria,Calabria,1947131,261201,13.41,0.79
1324,2021-01-04,CAL,1076,533,543,1073,0,3,ITF,ITF6,18,Calabria,Calabria,1947131,262277,13.47,0.06
1325,2021-04-23,CAL,13152,6458,6694,9437,3615,100,ITF,ITF6,18,Calabria,Calabria,1947131,275429,14.15,0.68
1326,2021-01-13,CAL,2110,1067,1043,2098,0,12,ITF,ITF6,18,Calabria,Calabria,1947131,277539,14.25,0.11
1327,2021-01-18,CAL,1309,594,715,1056,249,4,ITF,ITF6,18,Calabria,Calabria,1947131,278848,14.32,0.07
1328,2021-07-03,CAL,15184,7149,8035,5285,9820,79,ITF,ITF6,18,Calabria,Calabria,1947131,294032,15.1,0.78
1329,2021-04-11,CAL,4213,1915,2298,2243,1953,17,ITF,ITF6,18,Calabria,Calabria,1947131,298245,15.32,0.22
1330,2021-07-20,CAL,17495,8484,9011,3196,14225,74,ITF,ITF6,18,Calabria,Calabria,1947131,315740,16.22,0.9
1331,2021-06-07,CAL,18009,8425,9584,14713,3215,81,ITF,ITF6,18,Calabria,Calabria,1947131,333749,17.14,0.92
1332,2021-05-24,CAL,17787,8913,8874,9936,7769,82,ITF,ITF6,18,Calabria,Calabria,1947131,351536,18.05,0.91
1333,2021-05-07,CAL,16285,7669,8616,9649,6539,97,ITF,ITF6,18,Calabria,Calabria,1947131,367821,18.89,0.84
1334,2021-02-13,CAL,1419,613,806,1046,370,3,ITF,ITF6,18,Calabria,Calabria,1947131,369240,18.96,0.07
1335,2021-08-15,CAL,52,24,28,18,33,1,ITF,ITF6,18,Calabria,Calabria,1947131,369292,18.97,0.0
1336,2021-03-28,CAL,2697,1236,1461,1566,1126,5,ITF,ITF6,18,Calabria,Calabria,1947131,371989,19.1,0.14
1337,2021-08-29,CAL,1683,887,796,721,932,30,ITF,ITF6,18,Calabria,Calabria,1947131,373672,19.19,0.09
1338,2021-01-30,CAL,2211,1171,1040,295,1913,3,ITF,ITF6,18,Calabria,Calabria,1947131,375883,19.3,0.11
1339,2021-02-17,CAL,1879,833,1046,1649,213,17,ITF,ITF6,18,Calabria,Calabria,1947131,377762,19.4,0.1
1340,2021-07-24,CAL,18182,9345,8837,4683,13399,100,ITF,ITF6,18,Calabria,Calabria,1947131,395944,20.33,0.93
1341,2021-05-28,CAL,21020,10216,10804,11424,9483,113,ITF,ITF6,18,Calabria,Calabria,1947131,416964,21.41,1.08
1342,2021-02-25,CAL,2930,1576,1354,2286,604,40,ITF,ITF6,18,Calabria,Calabria,1947131,419894,21.56,0.15
1343,2021-03-02,CAL,4424,2502,1922,3619,796,9,ITF,ITF6,18,Calabria,Calabria,1947131,424318,21.79,0.23
1344,2021-03-16,CAL,3875,1901,1974,2183,1679,13,ITF,ITF6,18,Calabria,Calabria,1947131,428193,21.99,0.2
1345,2021-07-29,CAL,17593,8772,8821,4719,12773,101,ITF,ITF6,18,Calabria,Calabria,1947131,445786,22.89,0.9
1346,2021-02-11,CAL,2353,1053,1300,1064,1267,22,ITF,ITF6,18,Calabria,Calabria,1947131,448139,23.02,0.12
1347,2021-05-12,CAL,16499,8047,8452,10826,5576,97,ITF,ITF6,18,Calabria,Calabria,1947131,464638,23.86,0.85
1348,2021-05-26,CAL,18750,9340,9410,10334,8323,93,ITF,ITF6,18,Calabria,Calabria,1947131,483388,24.83,0.96
1349,2021-03-30,CAL,6519,2849,3670,3652,2842,25,ITF,ITF6,18,Calabria,Calabria,1947131,489907,25.16,0.33
1350,2021-09-03,CAL,9063,4629,4434,3571,5303,189,ITF,ITF6,18,Calabria,Calabria,1947131,498970,25.63,0.47
1351,2021-05-19,CAL,18325,9081,9244,11259,6990,76,ITF,ITF6,18,Calabria,Calabria,1947131,517295,26.57,0.94
1352,2021-03-11,CAL,7320,3485,3835,5951,1316,53,ITF,ITF6,18,Calabria,Calabria,1947131,524615,26.94,0.38
1353,2021-06-19,CAL,15855,7421,8434,8498,7289,68,ITF,ITF6,18,Calabria,Calabria,1947131,540470,27.76,0.81
1354,2021-09-10,CAL,8984,4555,4429,3612,5168,204,ITF,ITF6,18,Calabria,Calabria,1947131,549454,28.22,0.46
1355,2021-06-23,CAL,17251,7878,9373,8145,9023,83,ITF,ITF6,18,Calabria,Calabria,1947131,566705,29.1,0.89
1356,2021-03-13,CAL,7031,3048,3983,5945,1048,38,ITF,ITF6,18,Calabria,Calabria,1947131,573736,29.47,0.36
1357,2021-04-13,CAL,6975,3425,3550,5612,1336,27,ITF,ITF6,18,Calabria,Calabria,1947131,580711,29.82,0.36
1358,2021-01-20,CAL,1410,630,780,1406,1,3,ITF,ITF6,18,Calabria,Calabria,1947131,582121,29.9,0.07
1359,2021-01-03,CAL,6,3,3,6,0,0,ITF,ITF6,18,Calabria,Calabria,1947131,582127,29.9,0.0
1360,2021-03-27,CAL,8855,4033,4822,4667,4143,45,ITF,ITF6,18,Calabria,Calabria,1947131,590982,30.35,0.45
1361,2021-07-05,CAL,13385,6253,7132,4263,9057,65,ITF,ITF6,18,Calabria,Calabria,1947131,604367,31.04,0.69
1362,2021-06-11,CAL,17832,8761,9071,15126,2581,125,ITF,ITF6,18,Calabria,Calabria,1947131,622199,31.95,0.92
1363,2021-01-08,CAL,2202,1049,1153,2195,0,7,ITF,ITF6,18,Calabria,Calabria,1947131,624401,32.07,0.11
1364,2021-03-18,CAL,4509,2109,2400,2344,2139,26,ITF,ITF6,18,Calabria,Calabria,1947131,628910,32.3,0.23
1365,2021-04-15,CAL,7799,3820,3979,5996,1756,47,ITF,ITF6,18,Calabria,Calabria,1947131,636709,32.7,0.4
1366,2021-04-01,CAL,8703,3962,4741,4154,4511,38,ITF,ITF6,18,Calabria,Calabria,1947131,645412,33.15,0.45
1367,2021-05-23,CAL,11394,5555,5839,6994,4356,44,ITF,ITF6,18,Calabria,Calabria,1947131,656806,33.73,0.59
1368,2021-03-01,CAL,2761,1566,1195,2296,461,4,ITF,ITF6,18,Calabria,Calabria,1947131,659567,33.87,0.14
1369,2021-06-09,CAL,18265,8624,9641,15897,2283,85,ITF,ITF6,18,Calabria,Calabria,1947131,677832,34.81,0.94
1370,2021-08-31,CAL,6827,3376,3451,2670,4030,127,ITF,ITF6,18,Calabria,Calabria,1947131,684659,35.16,0.35
1371,2021-03-23,CAL,5268,2470,2798,3420,1824,24,ITF,ITF6,18,Calabria,Calabria,1947131,689927,35.43,0.27
1372,2021-08-27,CAL,9162,4772,4390,3612,5390,160,ITF,ITF6,18,Calabria,Calabria,1947131,699089,35.9,0.47
1373,2021-07-15,CAL,18281,8808,9473,2519,15709,53,ITF,ITF6,18,Calabria,Calabria,1947131,717370,36.84,0.94
1374,2021-02-15,CAL,1183,567,616,1013,165,5,ITF,ITF6,18,Calabria,Calabria,1947131,718553,36.9,0.06
1375,2020-12-27,CAL,317,169,148,317,0,0,ITF,ITF6,18,Calabria,Calabria,1947131,718870,36.92,0.02
1376,2021-01-15,CAL,2821,1268,1553,2815,0,6,ITF,ITF6,18,Calabria,Calabria,1947131,721691,37.06,0.14
1377,2021-04-25,CAL,15902,8071,7831,14801,1033,68,ITF,ITF6,18,Calabria,Calabria,1947131,737593,37.88,0.82
1378,2021-08-26,CAL,7207,3602,3605,3178,3907,122,ITF,ITF6,18,Calabria,Calabria,1947131,744800,38.25,0.37
1379,2021-06-30,CAL,16392,7508,8884,7016,9274,102,ITF,ITF6,18,Calabria,Calabria,1947131,761192,39.09,0.84
1380,2021-06-28,CAL,13306,6127,7179,5373,7865,68,ITF,ITF6,18,Calabria,Calabria,1947131,774498,39.78,0.68
1381,2021-03-08,CAL,5523,2991,2532,4405,1085,33,ITF,ITF6,18,Calabria,Calabria,1947131,780021,40.06,0.28
1382,2021-03-25,CAL,7556,3571,3985,4585,2934,37,ITF,ITF6,18,Calabria,Calabria,1947131,787577,40.45,0.39
1383,2021-09-07,CAL,5917,2990,2927,2776,3000,141,ITF,ITF6,18,Calabria,Calabria,1947131,793494,40.75,0.3
1384,2021-06-16,CAL,18344,8477,9867,12128,6126,90,ITF,ITF6,18,Calabria,Calabria,1947131,811838,41.69,0.94
1385,2021-03-06,CAL,8547,4405,4142,7705,817,25,ITF,ITF6,18,Calabria,Calabria,1947131,820385,42.13,0.44
1386,2021-08-19,CAL,5871,2944,2927,2346,3467,58,ITF,ITF6,18,Calabria,Calabria,1947131,826256,42.43,0.3
1387,2021-05-09,CAL,9696,4530,5166,6040,3608,48,ITF,ITF6,18,Calabria,Calabria,1947131,835952,42.93,0.5
1388,2021-01-29,CAL,2080,1005,1075,226,1853,1,ITF,ITF6,18,Calabria,Calabria,1947131,838032,43.04,0.11
1389,2021-02-27,CAL,4065,2095,1970,3671,387,7,ITF,ITF6,18,Calabria,Calabria,1947131,842097,43.25,0.21
1390,2021-07-31,CAL,13809,7060,6749,3638,10096,75,ITF,ITF6,18,Calabria,Calabria,1947131,855906,43.96,0.71
1391,2021-01-27,CAL,1491,757,734,384,1106,1,ITF,ITF6,18,Calabria,Calabria,1947131,857397,44.03,0.08
1392,2021-09-02,CAL,7539,3916,3623,3159,4258,122,ITF,ITF6,18,Calabria,Calabria,1947131,864936,44.42,0.39
1393,2021-02-14,CAL,491,229,262,453,37,1,ITF,ITF6,18,Calabria,Calabria,1947131,865427,44.45,0.03
1394,2021-05-25,CAL,16428,8047,8381,10215,6126,87,ITF,ITF6,18,Calabria,Calabria,1947131,881855,45.29,0.84
1395,2021-01-26,CAL,1895,910,985,269,1625,1,ITF,ITF6,18,Calabria,Calabria,1947131,883750,45.39,0.1
1396,2021-07-28,CAL,21380,10734,10646,5895,15372,113,ITF,ITF6,18,Calabria,Calabria,1947131,905130,46.49,1.1
1397,2021-04-22,CAL,9842,4922,4920,6850,2938,54,ITF,ITF6,18,Calabria,Calabria,1947131,914972,46.99,0.51
1398,2021-04-08,CAL,9373,4440,4933,5833,3489,51,ITF,ITF6,18,Calabria,Calabria,1947131,924345,47.47,0.48
1399,2021-09-12,CAL,2140,1124,1016,827,1276,37,ITF,ITF6,18,Calabria,Calabria,1947131,926485,47.58,0.11
1400,2021-02-10,CAL,2526,1086,1440,876,1635,15,ITF,ITF6,18,Calabria,Calabria,1947131,929011,47.71,0.13
1401,2021-07-17,CAL,18336,9046,9290,2707,15561,68,ITF,ITF6,18,Calabria,Calabria,1947131,947347,48.65,0.94
1402,2021-06-04,CAL,17545,8158,9387,12951,4524,70,ITF,ITF6,18,Calabria,Calabria,1947131,964892,49.55,0.9
1403,2021-05-21,CAL,21374,10886,10488,13858,7406,110,ITF,ITF6,18,Calabria,Calabria,1947131,986266,50.65,1.1
1404,2021-03-20,CAL,6787,3110,3677,4182,2588,17,ITF,ITF6,18,Calabria,Calabria,1947131,993053,51.0,0.35
1405,2021-03-15,CAL,3665,1770,1895,2165,1487,13,ITF,ITF6,18,Calabria,Calabria,1947131,996718,51.19,0.19
1406,2021-08-28,CAL,5303,2779,2524,1895,3314,94,ITF,ITF6,18,Calabria,Calabria,1947131,1002021,51.46,0.27
1407,2021-07-02,CAL,16275,7536,8739,6238,9950,87,ITF,ITF6,18,Calabria,Calabria,1947131,1018296,52.3,0.84
1408,2021-05-20,CAL,16997,8508,8489,11270,5658,69,ITF,ITF6,18,Calabria,Calabria,1947131,1035293,53.17,0.87
1409,2021-02-07,CAL,872,435,437,143,727,2,ITF,ITF6,18,Calabria,Calabria,1947131,1036165,53.21,0.04
1410,2021-05-18,CAL,15345,7678,7667,11847,3428,70,ITF,ITF6,18,Calabria,Calabria,1947131,1051510,54.0,0.79
1411,2021-03-22,CAL,5006,2354,2652,3183,1798,25,ITF,ITF6,18,Calabria,Calabria,1947131,1056516,54.26,0.26
1412,2021-09-04,CAL,5554,2961,2593,2321,3127,106,ITF,ITF6,18,Calabria,Calabria,1947131,1062070,54.55,0.29
1413,2021-04-06,CAL,8185,3730,4455,4462,3686,37,ITF,ITF6,18,Calabria,Calabria,1947131,1070255,54.97,0.42
1414,2021-02-08,CAL,1881,748,1133,667,1211,3,ITF,ITF6,18,Calabria,Calabria,1947131,1072136,55.06,0.1
1415,2021-04-24,CAL,19309,9608,9701,15756,3463,90,ITF,ITF6,18,Calabria,Calabria,1947131,1091445,56.05,0.99
1416,2021-02-26,CAL,3171,1685,1486,2692,464,15,ITF,ITF6,18,Calabria,Calabria,1947131,1094616,56.22,0.16
1417,2021-08-02,CAL,15080,7537,7543,3724,11298,58,ITF,ITF6,18,Calabria,Calabria,1947131,1109696,56.99,0.77
1418,2021-06-20,CAL,6653,3151,3502,3817,2808,28,ITF,ITF6,18,Calabria,Calabria,1947131,1116349,57.33,0.34
1419,2021-06-06,CAL,13810,6640,7170,12015,1724,71,ITF,ITF6,18,Calabria,Calabria,1947131,1130159,58.04,0.71
1420,2021-09-11,CAL,4844,2581,2263,1913,2810,121,ITF,ITF6,18,Calabria,Calabria,1947131,1135003,58.29,0.25
1421,2021-06-18,CAL,18921,8809,10112,11284,7519,118,ITF,ITF6,18,Calabria,Calabria,1947131,1153924,59.26,0.97
1422,2021-03-10,CAL,6889,3509,3380,5472,1378,39,ITF,ITF6,18,Calabria,Calabria,1947131,1160813,59.62,0.35
1423,2021-08-23,CAL,7683,3816,3867,2796,4781,106,ITF,ITF6,18,Calabria,Calabria,1947131,1168496,60.01,0.39
1424,2021-06-01,CAL,12886,5977,6909,7884,4942,60,ITF,ITF6,18,Calabria,Calabria,1947131,1181382,60.67,0.66
1425,2021-09-09,CAL,6299,3153,3146,2399,3786,114,ITF,ITF6,18,Calabria,Calabria,1947131,1187681,61.0,0.32
1426,2021-05-13,CAL,15985,7694,8291,11174,4732,79,ITF,ITF6,18,Calabria,Calabria,1947131,1203666,61.82,0.82
1427,2021-02-19,CAL,1521,689,832,1248,264,9,ITF,ITF6,18,Calabria,Calabria,1947131,1205187,61.9,0.08
1428,2021-05-30,CAL,11010,5308,5702,6821,4154,35,ITF,ITF6,18,Calabria,Calabria,1947131,1216197,62.46,0.57
1429,2021-05-04,CAL,16536,7625,8911,11624,4806,106,ITF,ITF6,18,Calabria,Calabria,1947131,1232733,63.31,0.85
1430,2021-08-12,CAL,7641,3879,3762,2798,4667,176,ITF,ITF6,18,Calabria,Calabria,1947131,1240374,63.7,0.39
1431,2021-01-22,CAL,662,276,386,660,2,0,ITF,ITF6,18,Calabria,Calabria,1947131,1241036,63.74,0.03
1432,2021-05-02,CAL,12562,5863,6699,10584,1911,67,ITF,ITF6,18,Calabria,Calabria,1947131,1253598,64.38,0.65
1433,2021-03-29,CAL,5785,2501,3284,3976,1776,33,ITF,ITF6,18,Calabria,Calabria,1947131,1259383,64.68,0.3
1434,2021-01-31,CAL,1132,564,568,148,984,0,ITF,ITF6,18,Calabria,Calabria,1947131,1260515,64.74,0.06
1435,2021-05-06,CAL,13361,6323,7038,8925,4363,73,ITF,ITF6,18,Calabria,Calabria,1947131,1273876,65.42,0.69
1436,2021-08-14,CAL,2234,1195,1039,729,1489,16,ITF,ITF6,18,Calabria,Calabria,1947131,1276110,65.54,0.11
1437,2021-07-14,CAL,22663,10685,11978,4159,18427,77,ITF,ITF6,18,Calabria,Calabria,1947131,1298773,66.7,1.16
1438,2021-04-05,CAL,3645,1729,1916,2672,960,13,ITF,ITF6,18,Calabria,Calabria,1947131,1302418,66.89,0.19
1439,2021-07-12,CAL,17981,8539,9442,2687,15245,49,ITF,ITF6,18,Calabria,Calabria,1947131,1320399,67.81,0.92
1440,2021-01-10,CAL,958,540,418,958,0,0,ITF,ITF6,18,Calabria,Calabria,1947131,1321357,67.86,0.05
1441,2021-04-20,CAL,7905,3992,3913,6078,1749,78,ITF,ITF6,18,Calabria,Calabria,1947131,1329262,68.27,0.41
1442,2021-08-16,CAL,6975,3567,3408,2376,4537,62,ITF,ITF6,18,Calabria,Calabria,1947131,1336237,68.63,0.36
1443,2021-02-12,CAL,1717,673,1044,943,768,6,ITF,ITF6,18,Calabria,Calabria,1947131,1337954,68.71,0.09
1444,2021-01-05,CAL,1553,732,821,1551,0,2,ITF,ITF6,18,Calabria,Calabria,1947131,1339507,68.79,0.08
1445,2021-01-12,CAL,2094,1035,1059,2085,0,9,ITF,ITF6,18,Calabria,Calabria,1947131,1341601,68.9,0.11
1446,2021-02-24,CAL,1952,997,955,1467,479,6,ITF,ITF6,18,Calabria,Calabria,1947131,1343553,69.0,0.1
1447,2021-05-17,CAL,14917,7466,7451,10138,4721,58,ITF,ITF6,18,Calabria,Calabria,1947131,1358470,69.77,0.77
1448,2021-08-25,CAL,8844,4329,4515,3325,5386,133,ITF,ITF6,18,Calabria,Calabria,1947131,1367314,70.22,0.45
1449,2021-02-21,CAL,668,306,362,588,79,1,ITF,ITF6,18,Calabria,Calabria,1947131,1367982,70.26,0.03
1450,2021-02-09,CAL,2178,922,1256,953,1215,10,ITF,ITF6,18,Calabria,Calabria,1947131,1370160,70.37,0.11
1451,2021-05-29,CAL,19303,8963,10340,9353,9874,76,ITF,ITF6,18,Calabria,Calabria,1947131,1389463,71.36,0.99
1452,2021-09-06,CAL,8000,4114,3886,3441,4419,140,ITF,ITF6,18,Calabria,Calabria,1947131,1397463,71.77,0.41
1453,2021-07-25,CAL,6950,3572,3378,1467,5451,32,ITF,ITF6,18,Calabria,Calabria,1947131,1404413,72.13,0.36
1454,2021-06-08,CAL,16685,7902,8783,14513,2050,122,ITF,ITF6,18,Calabria,Calabria,1947131,1421098,72.98,0.86
1455,2021-03-17,CAL,4199,1881,2318,2190,1999,10,ITF,ITF6,18,Calabria,Calabria,1947131,1425297,73.2,0.22
1456,2021-06-25,CAL,18834,8747,10087,8065,10682,87,ITF,ITF6,18,Calabria,Calabria,1947131,1444131,74.17,0.97
1457,2021-07-13,CAL,17440,8159,9281,2307,15063,70,ITF,ITF6,18,Calabria,Calabria,1947131,1461571,75.06,0.9
1458,2021-04-19,CAL,7908,3819,4089,6172,1688,48,ITF,ITF6,18,Calabria,Calabria,1947131,1469479,75.47,0.41
1459,2021-07-07,CAL,13972,6583,7389,3900,9996,76,ITF,ITF6,18,Calabria,Calabria,1947131,1483451,76.19,0.72
1460,2021-05-11,CAL,15150,7337,7813,10243,4833,74,ITF,ITF6,18,Calabria,Calabria,1947131,1498601,76.96,0.78
1461,2021-07-16,CAL,21057,10035,11022,3376,17605,76,ITF,ITF6,18,Calabria,Calabria,1947131,1519658,78.05,1.08
1462,2021-06-27,CAL,8427,3948,4479,4987,3399,41,ITF,ITF6,18,Calabria,Calabria,1947131,1528085,78.48,0.43
1463,2021-04-03,CAL,9462,4093,5369,4535,4864,63,ITF,ITF6,18,Calabria,Calabria,1947131,1537547,78.96,0.49
1464,2021-01-28,CAL,2301,1144,1157,79,2222,0,ITF,ITF6,18,Calabria,Calabria,1947131,1539848,79.08,0.12
1465,2021-08-13,CAL,7596,3920,3676,2445,5083,68,ITF,ITF6,18,Calabria,Calabria,1947131,1547444,79.47,0.39
1466,2021-05-08,CAL,18575,8430,10145,10504,7993,78,ITF,ITF6,18,Calabria,Calabria,1947131,1566019,80.43,0.95
1467,2021-01-07,CAL,2224,1091,1133,2220,0,4,ITF,ITF6,18,Calabria,Calabria,1947131,1568243,80.54,0.11
1468,2021-06-13,CAL,6861,3367,3494,5729,1076,56,ITF,ITF6,18,Calabria,Calabria,1947131,1575104,80.89,0.35
1469,2021-04-17,CAL,10861,5078,5783,9024,1786,51,ITF,ITF6,18,Calabria,Calabria,1947131,1585965,81.45,0.56
1470,2021-05-01,CAL,16751,7981,8770,12398,4260,93,ITF,ITF6,18,Calabria,Calabria,1947131,1602716,82.31,0.86
1471,2021-03-05,CAL,6244,3624,2620,5649,579,16,ITF,ITF6,18,Calabria,Calabria,1947131,1608960,82.63,0.32
1472,2021-08-09,CAL,13184,6721,6463,4650,8371,163,ITF,ITF6,18,Calabria,Calabria,1947131,1622144,83.31,0.68
1473,2021-03-03,CAL,5122,2797,2325,4018,1090,14,ITF,ITF6,18,Calabria,Calabria,1947131,1627266,83.57,0.26
1474,2021-08-04,CAL,16018,8120,7898,4248,11668,102,ITF,ITF6,18,Calabria,Calabria,1947131,1643284,84.4,0.82
1475,2021-06-29,CAL,13078,6041,7037,5352,7674,52,ITF,ITF6,18,Calabria,Calabria,1947131,1656362,85.07,0.67
1476,2021-05-03,CAL,14859,6808,8051,10463,4301,95,ITF,ITF6,18,Calabria,Calabria,1947131,1671221,85.83,0.76
1477,2021-03-21,CAL,4467,1928,2539,2727,1727,13,ITF,ITF6,18,Calabria,Calabria,1947131,1675688,86.06,0.23
1478,2021-03-07,CAL,3415,1744,1671,3308,93,14,ITF,ITF6,18,Calabria,Calabria,1947131,1679103,86.23,0.18
1479,2021-08-11,CAL,11058,5673,5385,3522,7421,115,ITF,ITF6,18,Calabria,Calabria,1947131,1690161,86.8,0.57
1480,2021-06-15,CAL,15161,7052,8109,10237,4832,92,ITF,ITF6,18,Calabria,Calabria,1947131,1705322,87.58,0.78
1481,2021-07-26,CAL,18798,9339,9459,5216,13489,93,ITF,ITF6,18,Calabria,Calabria,1947131,1724120,88.55,0.97
1482,2021-03-12,CAL,5162,2473,2689,4074,1065,23,ITF,ITF6,18,Calabria,Calabria,1947131,1729282,88.81,0.27
1483,2021-01-14,CAL,2677,1272,1405,2671,0,6,ITF,ITF6,18,Calabria,Calabria,1947131,1731959,88.95,0.14
1484,2021-04-14,CAL,8101,3913,4188,6589,1462,50,ITF,ITF6,18,Calabria,Calabria,1947131,1740060,89.37,0.42
1485,2021-02-16,CAL,1754,746,1008,1467,281,6,ITF,ITF6,18,Calabria,Calabria,1947131,1741814,89.46,0.09
1486,2021-07-23,CAL,22747,11351,11396,5559,17085,103,ITF,ITF6,18,Calabria,Calabria,1947131,1764561,90.62,1.17
1487,2021-05-27,CAL,17675,8741,8934,9770,7821,84,ITF,ITF6,18,Calabria,Calabria,1947131,1782236,91.53,0.91
1488,2021-08-01,CAL,4896,2563,2333,1172,3700,24,ITF,ITF6,18,Calabria,Calabria,1947131,1787132,91.78,0.25
1489,2021-04-28,CAL,12578,6101,6477,9622,2884,72,ITF,ITF6,18,Calabria,Calabria,1947131,1799710,92.43,0.65
1490,2021-02-04,CAL,3677,1748,1929,646,3025,6,ITF,ITF6,18,Calabria,Calabria,1947131,1803387,92.62,0.19
1491,2021-05-15,CAL,27284,13058,14226,20266,6881,137,ITF,ITF6,18,Calabria,Calabria,1947131,1830671,94.02,1.4
1492,2021-08-06,CAL,15621,7932,7689,5085,10402,134,ITF,ITF6,18,Calabria,Calabria,1947131,1846292,94.82,0.8
1493,2021-02-02,CAL,2376,1170,1206,176,2200,0,ITF,ITF6,18,Calabria,Calabria,1947131,1848668,94.94,0.12
1494,2021-01-16,CAL,2429,1140,1289,2426,0,3,ITF,ITF6,18,Calabria,Calabria,1947131,1851097,95.07,0.12
1495,2021-01-24,CAL,47,20,27,41,6,0,ITF,ITF6,18,Calabria,Calabria,1947131,1851144,95.07,0.0
1496,2021-07-09,CAL,15681,7308,8373,3635,11975,71,ITF,ITF6,18,Calabria,Calabria,1947131,1866825,95.88,0.81
1497,2021-08-21,CAL,3645,1859,1786,1439,2159,47,ITF,ITF6,18,Calabria,Calabria,1947131,1870470,96.06,0.19
1498,2021-01-09,CAL,2103,1129,974,2095,0,8,ITF,ITF6,18,Calabria,Calabria,1947131,1872573,96.17,0.11
1499,2021-09-01,CAL,9139,4692,4447,3499,5495,145,ITF,ITF6,18,Calabria,Calabria,1947131,1881712,96.64,0.47
1500,2021-02-28,CAL,2376,1084,1292,2216,157,3,ITF,ITF6,18,Calabria,Calabria,1947131,1884088,96.76,0.12
1501,2021-05-22,CAL,22203,10564,11639,14210,7902,91,ITF,ITF6,18,Calabria,Calabria,1947131,1906291,97.9,1.14
1502,2021-08-30,CAL,9383,4713,4670,3151,6108,124,ITF,ITF6,18,Calabria,Calabria,1947131,1915674,98.38,0.48
1503,2021-04-21,CAL,11636,5845,5791,8638,2936,62,ITF,ITF6,18,Calabria,Calabria,1947131,1927310,98.98,0.6
1504,2021-07-30,CAL,19737,10061,9676,5515,14094,128,ITF,ITF6,18,Calabria,Calabria,1947131,1947047,100.0,1.01
1505,2021-04-02,CAL,8559,3922,4637,4583,3941,35,ITF,ITF6,18,Calabria,Calabria,1947131,1955606,100.44,0.44
1506,2021-01-21,CAL,984,461,523,946,35,3,ITF,ITF6,18,Calabria,Calabria,1947131,1956590,100.49,0.05
1507,2021-08-20,CAL,7568,3822,3746,3019,4458,91,ITF,ITF6,18,Calabria,Calabria,1947131,1964158,100.87,0.39
1508,2021-03-14,CAL,2773,1072,1701,2283,483,7,ITF,ITF6,18,Calabria,Calabria,1947131,1966931,101.02,0.14
1509,2021-08-18,CAL,9457,4850,4607,3390,5967,100,ITF,ITF6,18,Calabria,Calabria,1947131,1976388,101.5,0.49
1510,2021-06-22,CAL,14626,6918,7708,7379,7151,96,ITF,ITF6,18,Calabria,Calabria,1947131,1991014,102.25,0.75
1511,2021-05-10,CAL,13173,6125,7048,7687,5419,67,ITF,ITF6,18,Calabria,Calabria,1947131,2004187,102.93,0.68
1512,2021-04-26,CAL,10191,5060,5131,7709,2432,50,ITF,ITF6,18,Calabria,Calabria,1947131,2014378,103.45,0.52
1513,2021-06-24,CAL,15421,7025,8396,6982,8359,80,ITF,ITF6,18,Calabria,Calabria,1947131,2029799,104.25,0.79
1514,2021-03-19,CAL,4266,1996,2270,1884,2375,7,ITF,ITF6,18,Calabria,Calabria,1947131,2034065,104.46,0.22
1515,2021-07-11,CAL,6434,2985,3449,846,5577,11,ITF,ITF6,18,Calabria,Calabria,1947131,2040499,104.8,0.33
1516,2021-06-10,CAL,15895,7333,8562,12985,2809,101,ITF,ITF6,18,Calabria,Calabria,1947131,2056394,105.61,0.82
1517,2020-12-28,CAL,6,2,4,6,0,0,ITF,ITF6,18,Calabria,Calabria,1947131,2056400,105.61,0.0
1518,2021-06-03,CAL,14258,6655,7603,9588,4616,54,ITF,ITF6,18,Calabria,Calabria,1947131,2070658,106.34,0.73
1519,2021-04-07,CAL,9186,4175,5011,5054,4074,58,ITF,ITF6,18,Calabria,Calabria,1947131,2079844,106.82,0.47
1520,2021-02-23,CAL,1617,765,852,1493,119,5,ITF,ITF6,18,Calabria,Calabria,1947131,2081461,106.9,0.08
1521,2021-03-31,CAL,9165,4181,4984,5066,4061,38,ITF,ITF6,18,Calabria,Calabria,1947131,2090626,107.37,0.47
1522,2021-04-09,CAL,8043,3772,4271,5057,2896,90,ITF,ITF6,18,Calabria,Calabria,1947131,2098669,107.78,0.41
1523,2021-09-13,CAL,8475,4286,4189,3217,5107,151,ITF,ITF6,18,Calabria,Calabria,1947131,2107144,108.22,0.44
1524,2021-07-18,CAL,8791,4205,4586,1280,7479,32,ITF,ITF6,18,Calabria,Calabria,1947131,2115935,108.67,0.45
1525,2021-06-05,CAL,20796,9714,11082,17634,3082,80,ITF,ITF6,18,Calabria,Calabria,1947131,2136731,109.74,1.07
1526,2021-05-14,CAL,19948,9581,10367,12943,6887,118,ITF,ITF6,18,Calabria,Calabria,1947131,2156679,110.76,1.02
1527,2021-04-27,CAL,9984,4909,5075,7961,1972,51,ITF,ITF6,18,Calabria,Calabria,1947131,2166663,111.27,0.51
1528,2021-02-03,CAL,2872,1481,1391,516,2351,5,ITF,ITF6,18,Calabria,Calabria,1947131,2169535,111.42,0.15
1529,2021-07-19,CAL,19021,9111,9910,3035,15936,50,ITF,ITF6,18,Calabria,Calabria,1947131,2188556,112.4,0.98
1530,2021-08-05,CAL,12471,6288,6183,3879,8494,98,ITF,ITF6,18,Calabria,Calabria,1947131,2201027,113.04,0.64
1531,2021-02-22,CAL,2105,1074,1031,1535,561,9,ITF,ITF6,18,Calabria,Calabria,1947131,2203132,113.15,0.11
1532,2021-06-02,CAL,12103,5801,6302,8786,3269,48,ITF,ITF6,18,Calabria,Calabria,1947131,2215235,113.77,0.62
1533,2021-08-07,CAL,9528,4875,4653,3019,6445,64,ITF,ITF6,18,Calabria,Calabria,1947131,2224763,114.26,0.49
1534,2021-05-16,CAL,13819,6741,7078,9920,3844,55,ITF,ITF6,18,Calabria,Calabria,1947131,2238582,114.97,0.71
1535,2021-08-24,CAL,6505,3228,3277,2319,4101,85,ITF,ITF6,18,Calabria,Calabria,1947131,2245087,115.3,0.33
1536,2021-07-21,CAL,22116,10622,11494,4513,17488,115,ITF,ITF6,18,Calabria,Calabria,1947131,2267203,116.44,1.14
1537,2021-01-17,CAL,914,441,473,808,100,6,ITF,ITF6,18,Calabria,Calabria,1947131,2268117,116.49,0.05
1538,2021-03-24,CAL,7986,3651,4335,4551,3410,25,ITF,ITF6,18,Calabria,Calabria,1947131,2276103,116.9,0.41
1539,2021-04-10,CAL,11737,5311,6426,6826,4865,46,ITF,ITF6,18,Calabria,Calabria,1947131,2287840,117.5,0.6
1540,2021-02-05,CAL,3867,1747,2120,473,3379,15,ITF,ITF6,18,Calabria,Calabria,1947131,2291707,117.7,0.2
1541,2021-04-29,CAL,12526,6093,6433,8655,3811,60,ITF,ITF6,18,Calabria,Calabria,1947131,2304233,118.34,0.64
1542,2021-04-12,CAL,7047,3428,3619,5352,1665,30,ITF,ITF6,18,Calabria,Calabria,1947131,2311280,118.7,0.36
1543,2021-01-19,CAL,1132,499,633,1117,13,2,ITF,ITF6,18,Calabria,Calabria,1947131,2312412,118.76,0.06
1544,2021-07-04,CAL,5957,2824,3133,1992,3929,36,ITF,ITF6,18,Calabria,Calabria,1947131,2318369,119.07,0.31
1545,2021-06-17,CAL,15819,7228,8591,9595,6170,54,ITF,ITF6,18,Calabria,Calabria,1947131,2334188,119.88,0.81
1546,2021-03-26,CAL,8120,3854,4266,4947,3139,34,ITF,ITF6,18,Calabria,Calabria,1947131,2342308,120.3,0.42
1547,2021-09-08,CAL,7722,3984,3738,3301,4266,155,ITF,ITF6,18,Calabria,Calabria,1947131,2350030,120.69,0.4
1548,2021-07-06,CAL,12493,5750,6743,3826,8601,66,ITF,ITF6,18,Calabria,Calabria,1947131,2362523,121.33,0.64
1549,2021-01-02,CAL,166,94,72,166,0,0,ITF,ITF6,18,Calabria,Calabria,1947131,2362689,121.34,0.01
1550,2021-08-29,FVG,3153,1776,1377,1797,1256,100,ITH,ITH4,6,Friuli-Venezia Giulia,Friuli Venezia Giulia,1215220,3153,0.26,0.26
1551,2021-06-24,FVG,11124,5675,5449,1897,9116,111,ITH,ITH4,6,Friuli-Venezia Giulia,Friuli Venezia Giulia,1215220,14277,1.17,0.92
1552,2021-03-16,FVG,3193,1302,1891,1023,2085,85,ITH,ITH4,6,Friuli-Venezia Giulia,Friuli Venezia Giulia,1215220,17470,1.44,0.26
1553,2021-08-20,FVG,6271,3545,2726,2700,3304,267,ITH,ITH4,6,Friuli-Venezia Giulia,Friuli Venezia Giulia,1215220,23741,1.95,0.52
1554,2021-05-12,FVG,11198,5179,6019,9350,1433,415,ITH,ITH4,6,Friuli-Venezia Giulia,Friuli Venezia Giulia,1215220,34939,2.88,0.92
1555,2021-05-24,FVG,11482,5558,5924,7529,3650,303,ITH,ITH4,6,Friuli-Venezia Giulia,Friuli Venezia Giulia,1215220,46421,3.82,0.94
1556,2021-02-13,FVG,568,180,388,560,6,2,ITH,ITH4,6,Friuli-Venezia Giulia,Friuli Venezia Giulia,1215220,46989,3.87,0.05
1557,2021-08-15,FVG,1,1,0,0,1,0,ITH,ITH4,6,Friuli-Venezia Giulia,Friuli Venezia Giulia,1215220,46990,3.87,0.0
1558,2021-03-02,FVG,4224,1520,2704,2702,1500,22,ITH,ITH4,6,Friuli-Venezia Giulia,Friuli Venezia Giulia,1215220,51214,4.21,0.35
1559,2021-09-03,FVG,4040,2097,1943,2038,1736,266,ITH,ITH4,6,Friuli-Venezia Giulia,Friuli Venezia Giulia,1215220,55254,4.55,0.33
1560,2021-03-04,FVG,3461,1601,1860,2771,661,29,ITH,ITH4,6,Friuli-Venezia Giulia,Friuli Venezia Giulia,1215220,58715,4.83,0.28
1561,2021-06-12,FVG,8238,4721,3517,6793,1162,283,ITH,ITH4,6,Friuli-Venezia Giulia,Friuli Venezia Giulia,1215220,66953,5.51,0.68
1562,2021-07-20,FVG,9411,4932,4479,2448,6667,296,ITH,ITH4,6,Friuli-Venezia Giulia,Friuli Venezia Giulia,1215220,76364,6.28,0.77
1563,2021-08-03,FVG,10191,5369,4822,5272,4558,361,ITH,ITH4,6,Friuli-Venezia Giulia,Friuli Venezia Giulia,1215220,86555,7.12,0.84
1564,2021-04-11,FVG,3435,1519,1916,2414,907,114,ITH,ITH4,6,Friuli-Venezia Giulia,Friuli Venezia Giulia,1215220,89990,7.41,0.28
1565,2021-06-07,FVG,9231,4787,4444,7843,1001,387,ITH,ITH4,6,Friuli-Venezia Giulia,Friuli Venezia Giulia,1215220,99221,8.16,0.76
1566,2020-12-28,FVG,1,0,1,1,0,0,ITH,ITH4,6,Friuli-Venezia Giulia,Friuli Venezia Giulia,1215220,99222,8.16,0.0
1567,2021-04-28,FVG,7343,3242,4101,3692,3515,136,ITH,ITH4,6,Friuli-Venezia Giulia,Friuli Venezia Giulia,1215220,106565,8.77,0.6
1568,2021-01-23,FVG,816,323,493,5,811,0,ITH,ITH4,6,Friuli-Venezia Giulia,Friuli Venezia Giulia,1215220,107381,8.84,0.07
1569,2021-03-28,FVG,4947,2356,2591,4690,158,99,ITH,ITH4,6,Friuli-Venezia Giulia,Friuli Venezia Giulia,1215220,112328,9.24,0.41
1570,2021-01-18,FVG,1964,608,1356,1870,94,0,ITH,ITH4,6,Friuli-Venezia Giulia,Friuli Venezia Giulia,1215220,114292,9.41,0.16
1571,2021-01-04,FVG,1509,560,949,1509,0,0,ITH,ITH4,6,Friuli-Venezia Giulia,Friuli Venezia Giulia,1215220,115801,9.53,0.12
1572,2021-07-08,FVG,13120,7089,6031,1364,11575,181,ITH,ITH4,6,Friuli-Venezia Giulia,Friuli Venezia Giulia,1215220,128921,10.61,1.08
1573,2021-02-04,FVG,2728,808,1920,35,2693,0,ITH,ITH4,6,Friuli-Venezia Giulia,Friuli Venezia Giulia,1215220,131649,10.83,0.22
1574,2021-08-08,FVG,4337,2355,1982,1919,2327,91,ITH,ITH4,6,Friuli-Venezia Giulia,Friuli Venezia Giulia,1215220,135986,11.19,0.36
1575,2021-04-30,FVG,7417,3270,4147,3577,3666,174,ITH,ITH4,6,Friuli-Venezia Giulia,Friuli Venezia Giulia,1215220,143403,11.8,0.61
1576,2021-01-30,FVG,2285,745,1540,270,2015,0,ITH,ITH4,6,Friuli-Venezia Giulia,Friuli Venezia Giulia,1215220,145688,11.99,0.19
1577,2021-07-13,FVG,11088,5715,5373,1172,9765,151,ITH,ITH4,6,Friuli-Venezia Giulia,Friuli Venezia Giulia,1215220,156776,12.9,0.91
1578,2021-02-18,FVG,3230,1503,1727,2804,408,18,ITH,ITH4,6,Friuli-Venezia Giulia,Friuli Venezia Giulia,1215220,160006,13.17,0.27
1579,2021-04-02,FVG,6611,2939,3672,4641,1841,129,ITH,ITH4,6,Friuli-Venezia Giulia,Friuli Venezia Giulia,1215220,166617,13.71,0.54
1580,2021-08-22,FVG,2061,1180,881,788,1236,37,ITH,ITH4,6,Friuli-Venezia Giulia,Friuli Venezia Giulia,1215220,168678,13.88,0.17
1581,2021-05-19,FVG,12137,5993,6144,9326,2375,436,ITH,ITH4,6,Friuli-Venezia Giulia,Friuli Venezia Giulia,1215220,180815,14.88,1.0
1582,2021-03-14,FVG,1403,554,849,1124,252,27,ITH,ITH4,6,Friuli-Venezia Giulia,Friuli Venezia Giulia,1215220,182218,14.99,0.12
1583,2021-03-21,FVG,2676,1003,1673,2214,410,52,ITH,ITH4,6,Friuli-Venezia Giulia,Friuli Venezia Giulia,1215220,184894,15.21,0.22
1584,2021-02-06,FVG,1155,339,816,21,1133,1,ITH,ITH4,6,Friuli-Venezia Giulia,Friuli Venezia Giulia,1215220,186049,15.31,0.1
1585,2021-02-23,FVG,2651,1281,1370,2463,181,7,ITH,ITH4,6,Friuli-Venezia Giulia,Friuli Venezia Giulia,1215220,188700,15.53,0.22
1586,2021-05-17,FVG,8847,4111,4736,6078,2498,271,ITH,ITH4,6,Friuli-Venezia Giulia,Friuli Venezia Giulia,1215220,197547,16.26,0.73
1587,2021-03-09,FVG,4023,1729,2294,1243,2756,24,ITH,ITH4,6,Friuli-Venezia Giulia,Friuli Venezia Giulia,1215220,201570,16.59,0.33
1588,2021-09-08,FVG,3177,1812,1365,1453,1548,176,ITH,ITH4,6,Friuli-Venezia Giulia,Friuli Venezia Giulia,1215220,204747,16.85,0.26
1589,2021-05-31,FVG,8960,4449,4511,6474,2230,256,ITH,ITH4,6,Friuli-Venezia Giulia,Friuli Venezia Giulia,1215220,213707,17.59,0.74
1590,2021-07-27,FVG,9526,4793,4733,2649,6651,226,ITH,ITH4,6,Friuli-Venezia Giulia,Friuli Venezia Giulia,1215220,223233,18.37,0.78
1591,2021-05-05,FVG,9805,4279,5526,6082,3479,244,ITH,ITH4,6,Friuli-Venezia Giulia,Friuli Venezia Giulia,1215220,233038,19.18,0.81
1592,2021-01-25,FVG,1595,571,1024,200,1395,0,ITH,ITH4,6,Friuli-Venezia Giulia,Friuli Venezia Giulia,1215220,234633,19.31,0.13
1593,2021-07-01,FVG,12388,6446,5942,2640,9491,257,ITH,ITH4,6,Friuli-Venezia Giulia,Friuli Venezia Giulia,1215220,247021,20.33,1.02
1594,2021-03-23,FVG,3909,1697,2212,1743,2145,21,ITH,ITH4,6,Friuli-Venezia Giulia,Friuli Venezia Giulia,1215220,250930,20.65,0.32
1595,2021-01-16,FVG,1232,362,870,1232,0,0,ITH,ITH4,6,Friuli-Venezia Giulia,Friuli Venezia Giulia,1215220,252162,20.75,0.1
1596,2021-08-27,FVG,6168,3324,2844,1394,4562,212,ITH,ITH4,6,Friuli-Venezia Giulia,Friuli Venezia Giulia,1215220,258330,21.26,0.51
1597,2021-06-19,FVG,8574,4469,4105,1353,7156,65,ITH,ITH4,6,Friuli-Venezia Giulia,Friuli Venezia Giulia,1215220,266904,21.96,0.71
1598,2021-09-10,FVG,3917,2170,1747,652,3154,111,ITH,ITH4,6,Friuli-Venezia Giulia,Friuli Venezia Giulia,1215220,270821,22.29,0.32
1599,2021-04-16,FVG,7016,3054,3962,4939,1942,135,ITH,ITH4,6,Friuli-Venezia Giulia,Friuli Venezia Giulia,1215220,277837,22.86,0.58
1600,2021-01-06,FVG,716,265,451,716,0,0,ITH,ITH4,6,Friuli-Venezia Giulia,Friuli Venezia Giulia,1215220,278553,22.92,0.06
1601,2021-02-11,FVG,1969,679,1290,1740,225,4,ITH,ITH4,6,Friuli-Venezia Giulia,Friuli Venezia Giulia,1215220,280522,23.08,0.16
1602,2021-04-09,FVG,8055,3736,4319,6576,1305,174,ITH,ITH4,6,Friuli-Venezia Giulia,Friuli Venezia Giulia,1215220,288577,23.75,0.66
1603,2021-04-04,FVG,4,2,2,2,2,0,ITH,ITH4,6,Friuli-Venezia Giulia,Friuli Venezia Giulia,1215220,288581,23.75,0.0
1604,2021-06-26,FVG,10396,5304,5092,4125,6176,95,ITH,ITH4,6,Friuli-Venezia Giulia,Friuli Venezia Giulia,1215220,298977,24.6,0.86
1605,2021-04-21,FVG,7785,3471,4314,4020,3684,81,ITH,ITH4,6,Friuli-Venezia Giulia,Friuli Venezia Giulia,1215220,306762,25.24,0.64
1606,2021-01-11,FVG,1895,613,1282,1894,0,1,ITH,ITH4,6,Friuli-Venezia Giulia,Friuli Venezia Giulia,1215220,308657,25.4,0.16
1607,2021-07-15,FVG,10096,5142,4954,946,8906,244,ITH,ITH4,6,Friuli-Venezia Giulia,Friuli Venezia Giulia,1215220,318753,26.23,0.83
1608,2021-04-23,FVG,7563,3428,4135,3521,3902,140,ITH,ITH4,6,Friuli-Venezia Giulia,Friuli Venezia Giulia,1215220,326316,26.85,0.62
1609,2021-08-01,FVG,3601,1928,1673,1478,1875,248,ITH,ITH4,6,Friuli-Venezia Giulia,Friuli Venezia Giulia,1215220,329917,27.15,0.3
1610,2021-04-08,FVG,7471,3235,4236,5407,1930,134,ITH,ITH4,6,Friuli-Venezia Giulia,Friuli Venezia Giulia,1215220,337388,27.76,0.61
1611,2021-05-21,FVG,11294,5045,6249,7914,3034,346,ITH,ITH4,6,Friuli-Venezia Giulia,Friuli Venezia Giulia,1215220,348682,28.69,0.93
1612,2021-02-10,FVG,1353,499,854,1265,88,0,ITH,ITH4,6,Friuli-Venezia Giulia,Friuli Venezia Giulia,1215220,350035,28.8,0.11
1613,2021-07-17,FVG,7392,3967,3425,620,6688,84,ITH,ITH4,6,Friuli-Venezia Giulia,Friuli Venezia Giulia,1215220,357427,29.41,0.61
1614,2021-02-01,FVG,2107,690,1417,17,2090,0,ITH,ITH4,6,Friuli-Venezia Giulia,Friuli Venezia Giulia,1215220,359534,29.59,0.17
1615,2021-08-31,FVG,7551,4041,3510,1349,6009,193,ITH,ITH4,6,Friuli-Venezia Giulia,Friuli Venezia Giulia,1215220,367085,30.21,0.62
1616,2021-05-14,FVG,10866,5400,5466,7927,2639,300,ITH,ITH4,6,Friuli-Venezia Giulia,Friuli Venezia Giulia,1215220,377951,31.1,0.89
1617,2021-01-27,FVG,1273,427,846,450,821,2,ITH,ITH4,6,Friuli-Venezia Giulia,Friuli Venezia Giulia,1215220,379224,31.21,0.1
1618,2021-05-07,FVG,10947,5011,5936,7183,3563,201,ITH,ITH4,6,Friuli-Venezia Giulia,Friuli Venezia Giulia,1215220,390171,32.11,0.9
1619,2021-05-09,FVG,7387,3317,4070,3373,3877,137,ITH,ITH4,6,Friuli-Venezia Giulia,Friuli Venezia Giulia,1215220,397558,32.71,0.61
1620,2021-07-31,FVG,7368,3787,3581,1270,6008,90,ITH,ITH4,6,Friuli-Venezia Giulia,Friuli Venezia Giulia,1215220,404926,33.32,0.61
1621,2021-08-17,FVG,3525,1899,1626,2692,600,233,ITH,ITH4,6,Friuli-Venezia Giulia,Friuli Venezia Giulia,1215220,408451,33.61,0.29
1622,2021-05-26,FVG,13472,6728,6744,9648,3467,357,ITH,ITH4,6,Friuli-Venezia Giulia,Friuli Venezia Giulia,1215220,421923,34.72,1.11
1623,2021-02-15,FVG,2461,914,1547,2201,254,6,ITH,ITH4,6,Friuli-Venezia Giulia,Friuli Venezia Giulia,1215220,424384,34.92,0.2
1624,2021-09-12,FVG,2323,1242,1081,1395,845,83,ITH,ITH4,6,Friuli-Venezia Giulia,Friuli Venezia Giulia,1215220,426707,35.11,0.19
1625,2021-06-04,FVG,12172,6238,5934,10269,1454,449,ITH,ITH4,6,Friuli-Venezia Giulia,Friuli Venezia Giulia,1215220,438879,36.12,1.0
1626,2021-07-05,FVG,9599,4883,4716,1320,8136,143,ITH,ITH4,6,Friuli-Venezia Giulia,Friuli Venezia Giulia,1215220,448478,36.91,0.79
1627,2021-06-21,FVG,9220,4510,4710,1828,7254,138,ITH,ITH4,6,Friuli-Venezia Giulia,Friuli Venezia Giulia,1215220,457698,37.66,0.76
1628,2021-03-13,FVG,2947,1124,1823,1660,1274,13,ITH,ITH4,6,Friuli-Venezia Giulia,Friuli Venezia Giulia,1215220,460645,37.91,0.24
1629,2021-02-27,FVG,3540,1206,2334,3522,1,17,ITH,ITH4,6,Friuli-Venezia Giulia,Friuli Venezia Giulia,1215220,464185,38.2,0.29
1630,2021-04-25,FVG,2382,992,1390,2188,13,181,ITH,ITH4,6,Friuli-Venezia Giulia,Friuli Venezia Giulia,1215220,466567,38.39,0.2
1631,2021-01-01,FVG,2,2,0,2,0,0,ITH,ITH4,6,Friuli-Venezia Giulia,Friuli Venezia Giulia,1215220,466569,38.39,0.0
1632,2021-01-15,FVG,2021,605,1416,2020,0,1,ITH,ITH4,6,Friuli-Venezia Giulia,Friuli Venezia Giulia,1215220,468590,38.56,0.17
1633,2021-03-11,FVG,3484,1520,1964,1715,1754,15,ITH,ITH4,6,Friuli-Venezia Giulia,Friuli Venezia Giulia,1215220,472074,38.85,0.29
1634,2021-04-13,FVG,7397,3299,4098,5657,1612,128,ITH,ITH4,6,Friuli-Venezia Giulia,Friuli Venezia Giulia,1215220,479471,39.46,0.61
1635,2021-01-03,FVG,313,123,190,313,0,0,ITH,ITH4,6,Friuli-Venezia Giulia,Friuli Venezia Giulia,1215220,479784,39.48,0.03
1636,2021-07-22,FVG,7723,4107,3616,3272,4148,303,ITH,ITH4,6,Friuli-Venezia Giulia,Friuli Venezia Giulia,1215220,487507,40.12,0.64
1637,2020-12-30,FVG,626,244,382,626,0,0,ITH,ITH4,6,Friuli-Venezia Giulia,Friuli Venezia Giulia,1215220,488133,40.17,0.05
1638,2021-06-05,FVG,10347,5348,4999,8397,1556,394,ITH,ITH4,6,Friuli-Venezia Giulia,Friuli Venezia Giulia,1215220,498480,41.02,0.85
1639,2021-02-25,FVG,3178,1660,1518,3115,30,33,ITH,ITH4,6,Friuli-Venezia Giulia,Friuli Venezia Giulia,1215220,501658,41.28,0.26
1640,2021-06-16,FVG,12205,5923,6282,3900,8040,265,ITH,ITH4,6,Friuli-Venezia Giulia,Friuli Venezia Giulia,1215220,513863,42.29,1.0
1641,2021-08-12,FVG,7987,4282,3705,5193,2500,294,ITH,ITH4,6,Friuli-Venezia Giulia,Friuli Venezia Giulia,1215220,521850,42.94,0.66
1642,2021-06-23,FVG,12104,5859,6245,1996,9961,147,ITH,ITH4,6,Friuli-Venezia Giulia,Friuli Venezia Giulia,1215220,533954,43.94,1.0
1643,2021-08-19,FVG,4807,2572,2235,1650,3002,155,ITH,ITH4,6,Friuli-Venezia Giulia,Friuli Venezia Giulia,1215220,538761,44.33,0.4
1644,2021-08-05,FVG,7143,3674,3469,3245,3695,203,ITH,ITH4,6,Friuli-Venezia Giulia,Friuli Venezia Giulia,1215220,545904,44.92,0.59
1645,2021-04-27,FVG,8151,3742,4409,3552,4498,101,ITH,ITH4,6,Friuli-Venezia Giulia,Friuli Venezia Giulia,1215220,554055,45.59,0.67
1646,2021-02-03,FVG,2650,792,1858,22,2627,1,ITH,ITH4,6,Friuli-Venezia Giulia,Friuli Venezia Giulia,1215220,556705,45.81,0.22
1647,2021-02-08,FVG,2361,697,1664,90,2270,1,ITH,ITH4,6,Friuli-Venezia Giulia,Friuli Venezia Giulia,1215220,559066,46.01,0.19
1648,2021-07-29,FVG,9613,4903,4710,3229,6088,296,ITH,ITH4,6,Friuli-Venezia Giulia,Friuli Venezia Giulia,1215220,568679,46.8,0.79
1649,2021-04-20,FVG,7147,3079,4068,3097,3920,130,ITH,ITH4,6,Friuli-Venezia Giulia,Friuli Venezia Giulia,1215220,575826,47.38,0.59
1650,2021-07-03,FVG,11432,6096,5336,1098,10186,148,ITH,ITH4,6,Friuli-Venezia Giulia,Friuli Venezia Giulia,1215220,587258,48.33,0.94
1651,2021-03-25,FVG,5546,2433,3113,3333,2140,73,ITH,ITH4,6,Friuli-Venezia Giulia,Friuli Venezia Giulia,1215220,592804,48.78,0.46
1652,2021-03-30,FVG,7623,3407,4216,6287,1201,135,ITH,ITH4,6,Friuli-Venezia Giulia,Friuli Venezia Giulia,1215220,600427,49.41,0.63
1653,2021-07-24,FVG,6171,3336,2835,2917,3080,174,ITH,ITH4,6,Friuli-Venezia Giulia,Friuli Venezia Giulia,1215220,606598,49.92,0.51
1654,2021-08-24,FVG,6616,3575,3041,728,5753,135,ITH,ITH4,6,Friuli-Venezia Giulia,Friuli Venezia Giulia,1215220,613214,50.46,0.54
1655,2021-08-10,FVG,7307,4077,3230,5290,1657,360,ITH,ITH4,6,Friuli-Venezia Giulia,Friuli Venezia Giulia,1215220,620521,51.06,0.6
1656,2021-05-02,FVG,6917,3257,3660,3810,2964,143,ITH,ITH4,6,Friuli-Venezia Giulia,Friuli Venezia Giulia,1215220,627438,51.63,0.57
1657,2021-05-16,FVG,10027,4802,5225,8376,1407,244,ITH,ITH4,6,Friuli-Venezia Giulia,Friuli Venezia Giulia,1215220,637465,52.46,0.83
1658,2021-06-18,FVG,10981,5422,5559,3401,7312,268,ITH,ITH4,6,Friuli-Venezia Giulia,Friuli Venezia Giulia,1215220,648446,53.36,0.9
1659,2021-03-10,FVG,3602,1711,1891,1745,1796,61,ITH,ITH4,6,Friuli-Venezia Giulia,Friuli Venezia Giulia,1215220,652048,53.66,0.3
1660,2021-02-24,FVG,2532,1093,1439,2503,18,11,ITH,ITH4,6,Friuli-Venezia Giulia,Friuli Venezia Giulia,1215220,654580,53.87,0.21
1661,2021-04-18,FVG,6063,2814,3249,5420,410,233,ITH,ITH4,6,Friuli-Venezia Giulia,Friuli Venezia Giulia,1215220,660643,54.36,0.5
1662,2021-01-08,FVG,2344,751,1593,2344,0,0,ITH,ITH4,6,Friuli-Venezia Giulia,Friuli Venezia Giulia,1215220,662987,54.56,0.19
1663,2021-06-14,FVG,10322,5011,5311,5188,4838,296,ITH,ITH4,6,Friuli-Venezia Giulia,Friuli Venezia Giulia,1215220,673309,55.41,0.85
1664,2021-02-20,FVG,2079,941,1138,1932,144,3,ITH,ITH4,6,Friuli-Venezia Giulia,Friuli Venezia Giulia,1215220,675388,55.58,0.17
1665,2021-01-22,FVG,117,56,61,28,89,0,ITH,ITH4,6,Friuli-Venezia Giulia,Friuli Venezia Giulia,1215220,675505,55.59,0.01
1666,2021-03-06,FVG,3513,1201,2312,3154,327,32,ITH,ITH4,6,Friuli-Venezia Giulia,Friuli Venezia Giulia,1215220,679018,55.88,0.29
1667,2021-06-13,FVG,8716,4538,4178,5169,3330,217,ITH,ITH4,6,Friuli-Venezia Giulia,Friuli Venezia Giulia,1215220,687734,56.59,0.72
1668,2021-07-26,FVG,8560,4268,4292,1775,6572,213,ITH,ITH4,6,Friuli-Venezia Giulia,Friuli Venezia Giulia,1215220,696294,57.3,0.7
1669,2021-04-17,FVG,7469,3240,4229,5819,1484,166,ITH,ITH4,6,Friuli-Venezia Giulia,Friuli Venezia Giulia,1215220,703763,57.91,0.61
1670,2021-07-28,FVG,10504,5358,5146,4012,6043,449,ITH,ITH4,6,Friuli-Venezia Giulia,Friuli Venezia Giulia,1215220,714267,58.78,0.86
1671,2021-07-19,FVG,9445,4938,4507,851,8440,154,ITH,ITH4,6,Friuli-Venezia Giulia,Friuli Venezia Giulia,1215220,723712,59.55,0.78
1672,2021-04-10,FVG,5060,2217,2843,3753,1230,77,ITH,ITH4,6,Friuli-Venezia Giulia,Friuli Venezia Giulia,1215220,728772,59.97,0.42
1673,2021-05-23,FVG,10297,4869,5428,5922,4158,217,ITH,ITH4,6,Friuli-Venezia Giulia,Friuli Venezia Giulia,1215220,739069,60.82,0.85
1674,2021-05-04,FVG,9618,4342,5276,6004,3387,227,ITH,ITH4,6,Friuli-Venezia Giulia,Friuli Venezia Giulia,1215220,748687,61.61,0.79
1675,2021-01-24,FVG,307,121,186,2,305,0,ITH,ITH4,6,Friuli-Venezia Giulia,Friuli Venezia Giulia,1215220,748994,61.63,0.03
1676,2021-06-30,FVG,13205,6722,6483,1386,11645,174,ITH,ITH4,6,Friuli-Venezia Giulia,Friuli Venezia Giulia,1215220,762199,62.72,1.09
1677,2021-03-08,FVG,4135,1648,2487,2028,2092,15,ITH,ITH4,6,Friuli-Venezia Giulia,Friuli Venezia Giulia,1215220,766334,63.06,0.34
1678,2021-03-22,FVG,3670,1455,2215,1671,1959,40,ITH,ITH4,6,Friuli-Venezia Giulia,Friuli Venezia Giulia,1215220,770004,63.36,0.3
1679,2021-01-10,FVG,2942,919,2023,2942,0,0,ITH,ITH4,6,Friuli-Venezia Giulia,Friuli Venezia Giulia,1215220,772946,63.61,0.24
1680,2021-07-14,FVG,10912,5582,5330,1257,9463,192,ITH,ITH4,6,Friuli-Venezia Giulia,Friuli Venezia Giulia,1215220,783858,64.5,0.9
1681,2021-04-05,FVG,2912,1449,1463,2833,16,63,ITH,ITH4,6,Friuli-Venezia Giulia,Friuli Venezia Giulia,1215220,786770,64.74,0.24
1682,2021-01-12,FVG,2273,719,1554,2273,0,0,ITH,ITH4,6,Friuli-Venezia Giulia,Friuli Venezia Giulia,1215220,789043,64.93,0.19
1683,2021-01-29,FVG,2419,815,1604,266,2153,0,ITH,ITH4,6,Friuli-Venezia Giulia,Friuli Venezia Giulia,1215220,791462,65.13,0.2
1684,2021-04-22,FVG,6802,3093,3709,3034,3696,72,ITH,ITH4,6,Friuli-Venezia Giulia,Friuli Venezia Giulia,1215220,798264,65.69,0.56
1685,2021-08-02,FVG,9034,4642,4392,2862,5915,257,ITH,ITH4,6,Friuli-Venezia Giulia,Friuli Venezia Giulia,1215220,807298,66.43,0.74
1686,2021-07-10,FVG,8807,4546,4261,143,8638,26,ITH,ITH4,6,Friuli-Venezia Giulia,Friuli Venezia Giulia,1215220,816105,67.16,0.72
1687,2021-04-01,FVG,6435,3074,3361,5327,1018,90,ITH,ITH4,6,Friuli-Venezia Giulia,Friuli Venezia Giulia,1215220,822540,67.69,0.53
1688,2021-09-05,FVG,2718,1475,1243,1311,1313,94,ITH,ITH4,6,Friuli-Venezia Giulia,Friuli Venezia Giulia,1215220,825258,67.91,0.22
1689,2021-05-28,FVG,10661,5109,5552,6231,4145,285,ITH,ITH4,6,Friuli-Venezia Giulia,Friuli Venezia Giulia,1215220,835919,68.79,0.88
1690,2021-09-07,FVG,3109,1673,1436,1217,1700,192,ITH,ITH4,6,Friuli-Venezia Giulia,Friuli Venezia Giulia,1215220,839028,69.04,0.26
1691,2021-07-12,FVG,10041,5157,4884,1110,8775,156,ITH,ITH4,6,Friuli-Venezia Giulia,Friuli Venezia Giulia,1215220,849069,69.87,0.83
1692,2021-03-27,FVG,5383,2922,2461,3923,1412,48,ITH,ITH4,6,Friuli-Venezia Giulia,Friuli Venezia Giulia,1215220,854452,70.31,0.44
1693,2021-04-15,FVG,6527,2886,3641,5092,1275,160,ITH,ITH4,6,Friuli-Venezia Giulia,Friuli Venezia Giulia,1215220,860979,70.85,0.54
1694,2021-04-29,FVG,6809,2998,3811,4014,2607,188,ITH,ITH4,6,Friuli-Venezia Giulia,Friuli Venezia Giulia,1215220,867788,71.41,0.56
1695,2021-01-05,FVG,1679,552,1127,1677,0,2,ITH,ITH4,6,Friuli-Venezia Giulia,Friuli Venezia Giulia,1215220,869467,71.55,0.14
1696,2021-08-07,FVG,4840,2614,2226,2778,1932,130,ITH,ITH4,6,Friuli-Venezia Giulia,Friuli Venezia Giulia,1215220,874307,71.95,0.4
1697,2021-01-20,FVG,754,322,432,18,736,0,ITH,ITH4,6,Friuli-Venezia Giulia,Friuli Venezia Giulia,1215220,875061,72.01,0.06
1698,2021-02-22,FVG,2494,1199,1295,2070,419,5,ITH,ITH4,6,Friuli-Venezia Giulia,Friuli Venezia Giulia,1215220,877555,72.21,0.21
1699,2021-06-02,FVG,9429,4963,4466,8814,282,333,ITH,ITH4,6,Friuli-Venezia Giulia,Friuli Venezia Giulia,1215220,886984,72.99,0.78
1700,2021-08-09,FVG,7837,4193,3644,2370,5283,184,ITH,ITH4,6,Friuli-Venezia Giulia,Friuli Venezia Giulia,1215220,894821,73.63,0.64
1701,2021-02-07,FVG,1568,482,1086,384,1183,1,ITH,ITH4,6,Friuli-Venezia Giulia,Friuli Venezia Giulia,1215220,896389,73.76,0.13
1702,2021-09-09,FVG,3710,1954,1756,1821,1667,222,ITH,ITH4,6,Friuli-Venezia Giulia,Friuli Venezia Giulia,1215220,900099,74.07,0.31
1703,2021-08-26,FVG,7468,4042,3426,1405,5828,235,ITH,ITH4,6,Friuli-Venezia Giulia,Friuli Venezia Giulia,1215220,907567,74.68,0.61
1704,2021-05-18,FVG,10866,5434,5432,8402,2101,363,ITH,ITH4,6,Friuli-Venezia Giulia,Friuli Venezia Giulia,1215220,918433,75.58,0.89
1705,2021-06-01,FVG,10146,5132,5014,7695,2129,322,ITH,ITH4,6,Friuli-Venezia Giulia,Friuli Venezia Giulia,1215220,928579,76.41,0.83
1706,2021-06-20,FVG,6527,3240,3287,1490,4940,97,ITH,ITH4,6,Friuli-Venezia Giulia,Friuli Venezia Giulia,1215220,935106,76.95,0.54
1707,2021-08-14,FVG,206,151,55,188,4,14,ITH,ITH4,6,Friuli-Venezia Giulia,Friuli Venezia Giulia,1215220,935312,76.97,0.02
1708,2021-08-28,FVG,2895,1574,1321,1776,961,158,ITH,ITH4,6,Friuli-Venezia Giulia,Friuli Venezia Giulia,1215220,938207,77.2,0.24
1709,2021-05-06,FVG,11981,5570,6411,7714,3987,280,ITH,ITH4,6,Friuli-Venezia Giulia,Friuli Venezia Giulia,1215220,950188,78.19,0.99
1710,2021-07-02,FVG,11115,5747,5368,2115,8808,192,ITH,ITH4,6,Friuli-Venezia Giulia,Friuli Venezia Giulia,1215220,961303,79.11,0.91
1711,2021-04-03,FVG,4022,1994,2028,2622,1339,61,ITH,ITH4,6,Friuli-Venezia Giulia,Friuli Venezia Giulia,1215220,965325,79.44,0.33
1712,2021-06-10,FVG,11593,6035,5558,9695,1485,413,ITH,ITH4,6,Friuli-Venezia Giulia,Friuli Venezia Giulia,1215220,976918,80.39,0.95
1713,2021-09-01,FVG,8489,4616,3873,2067,6214,208,ITH,ITH4,6,Friuli-Venezia Giulia,Friuli Venezia Giulia,1215220,985407,81.09,0.7
1714,2021-03-19,FVG,3279,1370,1909,1317,1947,15,ITH,ITH4,6,Friuli-Venezia Giulia,Friuli Venezia Giulia,1215220,988686,81.36,0.27
1715,2021-06-27,FVG,7670,3831,3839,3720,3857,93,ITH,ITH4,6,Friuli-Venezia Giulia,Friuli Venezia Giulia,1215220,996356,81.99,0.63
1716,2021-06-29,FVG,11386,5807,5579,1227,10050,109,ITH,ITH4,6,Friuli-Venezia Giulia,Friuli Venezia Giulia,1215220,1007742,82.93,0.94
1717,2021-01-07,FVG,2108,726,1382,2108,0,0,ITH,ITH4,6,Friuli-Venezia Giulia,Friuli Venezia Giulia,1215220,1009850,83.1,0.17
1718,2021-03-05,FVG,3833,1543,2290,2731,1079,23,ITH,ITH4,6,Friuli-Venezia Giulia,Friuli Venezia Giulia,1215220,1013683,83.42,0.32
1719,2021-04-19,FVG,6733,3142,3591,3212,3426,95,ITH,ITH4,6,Friuli-Venezia Giulia,Friuli Venezia Giulia,1215220,1020416,83.97,0.55
1720,2021-01-09,FVG,2534,846,1688,2533,0,1,ITH,ITH4,6,Friuli-Venezia Giulia,Friuli Venezia Giulia,1215220,1022950,84.18,0.21
1721,2021-06-15,FVG,12177,6196,5981,5350,6542,285,ITH,ITH4,6,Friuli-Venezia Giulia,Friuli Venezia Giulia,1215220,1035127,85.18,1.0
1722,2021-03-07,FVG,2557,939,1618,2496,1,60,ITH,ITH4,6,Friuli-Venezia Giulia,Friuli Venezia Giulia,1215220,1037684,85.39,0.21
1723,2021-02-05,FVG,2632,792,1840,89,2543,0,ITH,ITH4,6,Friuli-Venezia Giulia,Friuli Venezia Giulia,1215220,1040316,85.61,0.22
1724,2021-04-14,FVG,7256,3135,4121,5412,1719,125,ITH,ITH4,6,Friuli-Venezia Giulia,Friuli Venezia Giulia,1215220,1047572,86.2,0.6
1725,2021-07-06,FVG,11222,5858,5364,1351,9757,114,ITH,ITH4,6,Friuli-Venezia Giulia,Friuli Venezia Giulia,1215220,1058794,87.13,0.92
1726,2021-07-23,FVG,9062,4645,4417,3043,5594,425,ITH,ITH4,6,Friuli-Venezia Giulia,Friuli Venezia Giulia,1215220,1067856,87.87,0.75
1727,2021-02-19,FVG,3301,1320,1981,2842,442,17,ITH,ITH4,6,Friuli-Venezia Giulia,Friuli Venezia Giulia,1215220,1071157,88.15,0.27
1728,2021-04-24,FVG,6693,2952,3741,5207,1245,241,ITH,ITH4,6,Friuli-Venezia Giulia,Friuli Venezia Giulia,1215220,1077850,88.7,0.55
1729,2021-03-29,FVG,7040,3134,3906,5374,1590,76,ITH,ITH4,6,Friuli-Venezia Giulia,Friuli Venezia Giulia,1215220,1084890,89.28,0.58
1730,2021-07-07,FVG,11328,5800,5528,1449,9751,128,ITH,ITH4,6,Friuli-Venezia Giulia,Friuli Venezia Giulia,1215220,1096218,90.21,0.93
1731,2021-07-21,FVG,8654,4384,4270,2044,6348,262,ITH,ITH4,6,Friuli-Venezia Giulia,Friuli Venezia Giulia,1215220,1104872,90.92,0.71
1732,2021-01-17,FVG,1715,522,1193,1713,0,2,ITH,ITH4,6,Friuli-Venezia Giulia,Friuli Venezia Giulia,1215220,1106587,91.06,0.14
1733,2021-03-15,FVG,3963,1813,2150,1614,2326,23,ITH,ITH4,6,Friuli-Venezia Giulia,Friuli Venezia Giulia,1215220,1110550,91.39,0.33
1734,2021-05-11,FVG,9189,4433,4756,7157,1813,219,ITH,ITH4,6,Friuli-Venezia Giulia,Friuli Venezia Giulia,1215220,1119739,92.14,0.76
1735,2021-01-31,FVG,2727,842,1885,385,2342,0,ITH,ITH4,6,Friuli-Venezia Giulia,Friuli Venezia Giulia,1215220,1122466,92.37,0.22
1736,2021-06-25,FVG,11009,5533,5476,2374,8564,71,ITH,ITH4,6,Friuli-Venezia Giulia,Friuli Venezia Giulia,1215220,1133475,93.27,0.91
1737,2021-07-09,FVG,11960,6355,5605,2124,9545,291,ITH,ITH4,6,Friuli-Venezia Giulia,Friuli Venezia Giulia,1215220,1145435,94.26,0.98
1738,2021-03-17,FVG,3242,1270,1972,736,2496,10,ITH,ITH4,6,Friuli-Venezia Giulia,Friuli Venezia Giulia,1215220,1148677,94.52,0.27
1739,2021-08-21,FVG,2896,1558,1338,280,2574,42,ITH,ITH4,6,Friuli-Venezia Giulia,Friuli Venezia Giulia,1215220,1151573,94.76,0.24
1740,2021-05-13,FVG,11226,5428,5798,8744,2081,401,ITH,ITH4,6,Friuli-Venezia Giulia,Friuli Venezia Giulia,1215220,1162799,95.69,0.92
1741,2021-02-16,FVG,2518,1136,1382,2398,116,4,ITH,ITH4,6,Friuli-Venezia Giulia,Friuli Venezia Giulia,1215220,1165317,95.89,0.21
1742,2021-03-24,FVG,3988,1727,2261,2465,1485,38,ITH,ITH4,6,Friuli-Venezia Giulia,Friuli Venezia Giulia,1215220,1169305,96.22,0.33
1743,2021-05-20,FVG,12736,6336,6400,9796,2532,408,ITH,ITH4,6,Friuli-Venezia Giulia,Friuli Venezia Giulia,1215220,1182041,97.27,1.05
1744,2021-01-26,FVG,1979,649,1330,217,1761,1,ITH,ITH4,6,Friuli-Venezia Giulia,Friuli Venezia Giulia,1215220,1184020,97.43,0.16
1745,2021-08-23,FVG,4718,2435,2283,2579,1783,356,ITH,ITH4,6,Friuli-Venezia Giulia,Friuli Venezia Giulia,1215220,1188738,97.82,0.39
1746,2021-05-29,FVG,12044,5857,6187,6781,4997,266,ITH,ITH4,6,Friuli-Venezia Giulia,Friuli Venezia Giulia,1215220,1200782,98.81,0.99
1747,2021-07-25,FVG,3899,2027,1872,1917,1875,107,ITH,ITH4,6,Friuli-Venezia Giulia,Friuli Venezia Giulia,1215220,1204681,99.13,0.32
1748,2021-07-11,FVG,6871,3589,3282,2386,4184,301,ITH,ITH4,6,Friuli-Venezia Giulia,Friuli Venezia Giulia,1215220,1211552,99.7,0.57
1749,2021-09-06,FVG,3938,2235,1703,733,3082,123,ITH,ITH4,6,Friuli-Venezia Giulia,Friuli Venezia Giulia,1215220,1215490,100.02,0.32
1750,2020-12-31,FVG,1048,381,667,1047,0,1,ITH,ITH4,6,Friuli-Venezia Giulia,Friuli Venezia Giulia,1215220,1216538,100.11,0.09
1751,2021-06-17,FVG,11442,5789,5653,2280,9047,115,ITH,ITH4,6,Friuli-Venezia Giulia,Friuli Venezia Giulia,1215220,1227980,101.05,0.94
1752,2021-06-22,FVG,11610,5979,5631,2363,9111,136,ITH,ITH4,6,Friuli-Venezia Giulia,Friuli Venezia Giulia,1215220,1239590,102.01,0.96
1753,2021-07-16,FVG,9809,5239,4570,1702,7958,149,ITH,ITH4,6,Friuli-Venezia Giulia,Friuli Venezia Giulia,1215220,1249399,102.81,0.81
1754,2021-04-07,FVG,7860,3644,4216,6952,789,119,ITH,ITH4,6,Friuli-Venezia Giulia,Friuli Venezia Giulia,1215220,1257259,103.46,0.65
1755,2021-06-06,FVG,9505,4637,4868,7642,1568,295,ITH,ITH4,6,Friuli-Venezia Giulia,Friuli Venezia Giulia,1215220,1266764,104.24,0.78
1756,2021-02-26,FVG,3785,2131,1654,3582,171,32,ITH,ITH4,6,Friuli-Venezia Giulia,Friuli Venezia Giulia,1215220,1270549,104.55,0.31
1757,2021-02-17,FVG,2365,1006,1359,1873,489,3,ITH,ITH4,6,Friuli-Venezia Giulia,Friuli Venezia Giulia,1215220,1272914,104.75,0.19
1758,2021-05-30,FVG,11080,4998,6082,7237,3595,248,ITH,ITH4,6,Friuli-Venezia Giulia,Friuli Venezia Giulia,1215220,1283994,105.66,0.91
1759,2021-08-25,FVG,7849,4202,3647,3022,4463,364,ITH,ITH4,6,Friuli-Venezia Giulia,Friuli Venezia Giulia,1215220,1291843,106.31,0.65
1760,2021-06-03,FVG,12477,6766,5711,9910,2131,436,ITH,ITH4,6,Friuli-Venezia Giulia,Friuli Venezia Giulia,1215220,1304320,107.33,1.03
1761,2021-09-11,FVG,1190,672,518,607,535,48,ITH,ITH4,6,Friuli-Venezia Giulia,Friuli Venezia Giulia,1215220,1305510,107.43,0.1
1762,2021-01-19,FVG,6,2,4,6,0,0,ITH,ITH4,6,Friuli-Venezia Giulia,Friuli Venezia Giulia,1215220,1305516,107.43,0.0
1763,2021-05-15,FVG,12694,6120,6574,7686,4705,303,ITH,ITH4,6,Friuli-Venezia Giulia,Friuli Venezia Giulia,1215220,1318210,108.48,1.04
1764,2021-05-01,FVG,7215,3252,3963,5909,1046,260,ITH,ITH4,6,Friuli-Venezia Giulia,Friuli Venezia Giulia,1215220,1325425,109.07,0.59
1765,2021-01-21,FVG,899,347,552,3,896,0,ITH,ITH4,6,Friuli-Venezia Giulia,Friuli Venezia Giulia,1215220,1326324,109.14,0.07
1766,2021-02-21,FVG,802,281,521,421,379,2,ITH,ITH4,6,Friuli-Venezia Giulia,Friuli Venezia Giulia,1215220,1327126,109.21,0.07
1767,2021-08-30,FVG,7349,3913,3436,2480,4634,235,ITH,ITH4,6,Friuli-Venezia Giulia,Friuli Venezia Giulia,1215220,1334475,109.81,0.6
1768,2021-09-13,FVG,2229,1160,1069,541,1605,83,ITH,ITH4,6,Friuli-Venezia Giulia,Friuli Venezia Giulia,1215220,1336704,110.0,0.18
1769,2021-05-22,FVG,11604,5209,6395,7087,4242,275,ITH,ITH4,6,Friuli-Venezia Giulia,Friuli Venezia Giulia,1215220,1348308,110.95,0.95
1770,2021-07-18,FVG,5471,2961,2510,439,5008,24,ITH,ITH4,6,Friuli-Venezia Giulia,Friuli Venezia Giulia,1215220,1353779,111.4,0.45
1771,2021-02-09,FVG,1845,555,1290,1556,288,1,ITH,ITH4,6,Friuli-Venezia Giulia,Friuli Venezia Giulia,1215220,1355624,111.55,0.15
1772,2021-02-02,FVG,2489,816,1673,218,2271,0,ITH,ITH4,6,Friuli-Venezia Giulia,Friuli Venezia Giulia,1215220,1358113,111.76,0.2
1773,2021-03-31,FVG,8149,3574,4575,7173,850,126,ITH,ITH4,6,Friuli-Venezia Giulia,Friuli Venezia Giulia,1215220,1366262,112.43,0.67
1774,2021-07-04,FVG,9358,4797,4561,2891,6211,256,ITH,ITH4,6,Friuli-Venezia Giulia,Friuli Venezia Giulia,1215220,1375620,113.2,0.77
1775,2021-03-26,FVG,6060,2633,3427,3854,2029,177,ITH,ITH4,6,Friuli-Venezia Giulia,Friuli Venezia Giulia,1215220,1381680,113.7,0.5
1776,2021-03-12,FVG,4164,1736,2428,2753,1385,26,ITH,ITH4,6,Friuli-Venezia Giulia,Friuli Venezia Giulia,1215220,1385844,114.04,0.34
1777,2021-01-02,FVG,1217,470,747,1217,0,0,ITH,ITH4,6,Friuli-Venezia Giulia,Friuli Venezia Giulia,1215220,1387061,114.14,0.1
1778,2021-04-12,FVG,7288,3196,4092,5997,1136,155,ITH,ITH4,6,Friuli-Venezia Giulia,Friuli Venezia Giulia,1215220,1394349,114.74,0.6
1779,2021-08-06,FVG,6461,3397,3064,2362,3932,167,ITH,ITH4,6,Friuli-Venezia Giulia,Friuli Venezia Giulia,1215220,1400810,115.27,0.53
1780,2021-08-11,FVG,7939,4193,3746,5230,2375,334,ITH,ITH4,6,Friuli-Venezia Giulia,Friuli Venezia Giulia,1215220,1408749,115.93,0.65
1781,2021-05-03,FVG,7257,3303,3954,3347,3793,117,ITH,ITH4,6,Friuli-Venezia Giulia,Friuli Venezia Giulia,1215220,1416006,116.52,0.6
1782,2021-01-14,FVG,2593,794,1799,2590,0,3,ITH,ITH4,6,Friuli-Venezia Giulia,Friuli Venezia Giulia,1215220,1418599,116.74,0.21
1783,2021-08-13,FVG,3884,2180,1704,2719,968,197,ITH,ITH4,6,Friuli-Venezia Giulia,Friuli Venezia Giulia,1215220,1422483,117.06,0.32
1784,2021-06-08,FVG,10560,5537,5023,9632,501,427,ITH,ITH4,6,Friuli-Venezia Giulia,Friuli Venezia Giulia,1215220,1433043,117.92,0.87
1785,2021-02-28,FVG,2692,1005,1687,2269,394,29,ITH,ITH4,6,Friuli-Venezia Giulia,Friuli Venezia Giulia,1215220,1435735,118.15,0.22
1786,2021-08-04,FVG,9357,4840,4517,4674,4381,302,ITH,ITH4,6,Friuli-Venezia Giulia,Friuli Venezia Giulia,1215220,1445092,118.92,0.77
1787,2021-04-26,FVG,5494,2467,3027,3718,1656,120,ITH,ITH4,6,Friuli-Venezia Giulia,Friuli Venezia Giulia,1215220,1450586,119.37,0.45
1788,2021-06-09,FVG,11369,5984,5385,9489,1400,480,ITH,ITH4,6,Friuli-Venezia Giulia,Friuli Venezia Giulia,1215220,1461955,120.3,0.94
1789,2021-03-01,FVG,2969,1044,1925,2891,53,25,ITH,ITH4,6,Friuli-Venezia Giulia,Friuli Venezia Giulia,1215220,1464924,120.55,0.24
1790,2021-03-18,FVG,3378,1424,1954,1684,1686,8,ITH,ITH4,6,Friuli-Venezia Giulia,Friuli Venezia Giulia,1215220,1468302,120.83,0.28
1791,2021-06-28,FVG,9926,5002,4924,2128,7713,85,ITH,ITH4,6,Friuli-Venezia Giulia,Friuli Venezia Giulia,1215220,1478228,121.64,0.82
1792,2021-03-20,FVG,3410,1414,1996,1300,2096,14,ITH,ITH4,6,Friuli-Venezia Giulia,Friuli Venezia Giulia,1215220,1481638,121.92,0.28
1793,2021-01-13,FVG,2657,837,1820,2656,0,1,ITH,ITH4,6,Friuli-Venezia Giulia,Friuli Venezia Giulia,1215220,1484295,122.14,0.22
1794,2021-04-06,FVG,6691,3142,3549,5426,1157,108,ITH,ITH4,6,Friuli-Venezia Giulia,Friuli Venezia Giulia,1215220,1490986,122.69,0.55
1795,2020-12-27,FVG,262,149,113,261,0,1,ITH,ITH4,6,Friuli-Venezia Giulia,Friuli Venezia Giulia,1215220,1491248,122.71,0.02
1796,2021-02-12,FVG,1195,428,767,1142,49,4,ITH,ITH4,6,Friuli-Venezia Giulia,Friuli Venezia Giulia,1215220,1492443,122.81,0.1
1797,2021-09-02,FVG,6954,3770,3184,1921,4793,240,ITH,ITH4,6,Friuli-Venezia Giulia,Friuli Venezia Giulia,1215220,1499397,123.38,0.57
1798,2021-05-25,FVG,12962,6407,6555,9287,3328,347,ITH,ITH4,6,Friuli-Venezia Giulia,Friuli Venezia Giulia,1215220,1512359,124.45,1.07
1799,2021-08-16,FVG,4812,2588,2224,2688,1876,248,ITH,ITH4,6,Friuli-Venezia Giulia,Friuli Venezia Giulia,1215220,1517171,124.85,0.4
1800,2021-06-11,FVG,10945,5968,4977,9633,839,473,ITH,ITH4,6,Friuli-Venezia Giulia,Friuli Venezia Giulia,1215220,1528116,125.75,0.9
1801,2021-03-03,FVG,3657,1642,2015,2350,1277,30,ITH,ITH4,6,Friuli-Venezia Giulia,Friuli Venezia Giulia,1215220,1531773,126.05,0.3
1802,2021-09-04,FVG,2793,1512,1281,1601,993,199,ITH,ITH4,6,Friuli-Venezia Giulia,Friuli Venezia Giulia,1215220,1534566,126.28,0.23
1803,2021-05-27,FVG,12866,6159,6707,7393,5248,225,ITH,ITH4,6,Friuli-Venezia Giulia,Friuli Venezia Giulia,1215220,1547432,127.34,1.06
1804,2021-07-30,FVG,9079,4730,4349,2772,6044,263,ITH,ITH4,6,Friuli-Venezia Giulia,Friuli Venezia Giulia,1215220,1556511,128.08,0.75
1805,2021-01-28,FVG,2250,798,1452,355,1895,0,ITH,ITH4,6,Friuli-Venezia Giulia,Friuli Venezia Giulia,1215220,1558761,128.27,0.19
1806,2021-05-08,FVG,10345,4674,5671,5360,4793,192,ITH,ITH4,6,Friuli-Venezia Giulia,Friuli Venezia Giulia,1215220,1569106,129.12,0.85
1807,2021-02-14,FVG,1,0,1,0,1,0,ITH,ITH4,6,Friuli-Venezia Giulia,Friuli Venezia Giulia,1215220,1569107,129.12,0.0
1808,2021-08-18,FVG,4718,2512,2206,3012,1473,233,ITH,ITH4,6,Friuli-Venezia Giulia,Friuli Venezia Giulia,1215220,1573825,129.51,0.39
1809,2021-05-10,FVG,8010,3558,4452,6222,1545,243,ITH,ITH4,6,Friuli-Venezia Giulia,Friuli Venezia Giulia,1215220,1581835,130.17,0.66
1810,2021-08-03,CAM,31996,16222,15774,14467,16655,874,ITF,ITF3,15,Campania,Campania,5801692,31996,0.55,0.55
1811,2021-02-11,CAM,6292,2715,3577,5911,77,304,ITF,ITF3,15,Campania,Campania,5801692,38288,0.66,0.11
1812,2021-04-11,CAM,17529,8610,8919,15029,2089,411,ITF,ITF3,15,Campania,Campania,5801692,55817,0.96,0.3
1813,2021-04-28,CAM,36425,17631,18794,25825,9762,838,ITF,ITF3,15,Campania,Campania,5801692,92242,1.59,0.63
1814,2021-01-18,CAM,960,399,561,684,244,32,ITF,ITF3,15,Campania,Campania,5801692,93202,1.61,0.02
1815,2021-07-20,CAM,40105,19783,20322,6132,33334,639,ITF,ITF3,15,Campania,Campania,5801692,133307,2.3,0.69
1816,2021-01-30,CAM,10733,5083,5650,43,10688,2,ITF,ITF3,15,Campania,Campania,5801692,144040,2.48,0.18
1817,2021-07-03,CAM,67283,32498,34785,8128,58713,442,ITF,ITF3,15,Campania,Campania,5801692,211323,3.64,1.16
1818,2021-08-29,CAM,10260,5574,4686,3714,6277,269,ITF,ITF3,15,Campania,Campania,5801692,221583,3.82,0.18
1819,2021-01-16,CAM,3372,1677,1695,3261,0,111,ITF,ITF3,15,Campania,Campania,5801692,224955,3.88,0.06
1820,2021-06-07,CAM,57604,27732,29872,52534,4051,1019,ITF,ITF3,15,Campania,Campania,5801692,282559,4.87,0.99
1821,2021-02-25,CAM,12444,4487,7957,10938,1208,298,ITF,ITF3,15,Campania,Campania,5801692,295003,5.08,0.21
1822,2021-04-09,CAM,29952,14085,15867,23153,6139,660,ITF,ITF3,15,Campania,Campania,5801692,324955,5.6,0.52
1823,2021-06-05,CAM,77651,37595,40056,70565,6039,1047,ITF,ITF3,15,Campania,Campania,5801692,402606,6.94,1.34
1824,2021-05-24,CAM,31363,15157,16206,15853,15159,351,ITF,ITF3,15,Campania,Campania,5801692,433969,7.48,0.54
1825,2021-02-13,CAM,5508,2549,2959,5106,217,185,ITF,ITF3,15,Campania,Campania,5801692,439477,7.57,0.09
1826,2021-08-01,CAM,16085,8415,7670,6885,8834,366,ITF,ITF3,15,Campania,Campania,5801692,455562,7.85,0.28
1827,2021-04-23,CAM,32361,15538,16823,22425,9161,775,ITF,ITF3,15,Campania,Campania,5801692,487923,8.41,0.56
1828,2021-08-15,CAM,1122,639,483,215,899,8,ITF,ITF3,15,Campania,Campania,5801692,489045,8.43,0.02
1829,2021-03-02,CAM,12762,4560,8202,8181,4345,236,ITF,ITF3,15,Campania,Campania,5801692,501807,8.65,0.22
1830,2021-07-15,CAM,66735,32056,34679,8695,57083,957,ITF,ITF3,15,Campania,Campania,5801692,568542,9.8,1.15
1831,2021-03-28,CAM,15565,7510,8055,13562,1625,378,ITF,ITF3,15,Campania,Campania,5801692,584107,10.07,0.27
1832,2021-01-04,CAM,5828,2962,2866,5727,0,101,ITF,ITF3,15,Campania,Campania,5801692,589935,10.17,0.1
1833,2021-09-10,CAM,18449,9423,9026,8301,9260,888,ITF,ITF3,15,Campania,Campania,5801692,608384,10.49,0.32
1834,2021-06-19,CAM,62408,29712,32696,24076,37769,563,ITF,ITF3,15,Campania,Campania,5801692,670792,11.56,1.08
1835,2021-06-24,CAM,66122,31869,34253,13283,52311,528,ITF,ITF3,15,Campania,Campania,5801692,736914,12.7,1.14
1836,2021-03-16,CAM,8090,3519,4571,3695,4317,78,ITF,ITF3,15,Campania,Campania,5801692,745004,12.84,0.14
1837,2021-08-20,CAM,17417,9330,8087,7434,9423,560,ITF,ITF3,15,Campania,Campania,5801692,762421,13.14,0.3
1838,2021-01-25,CAM,5760,2929,2831,174,5586,0,ITF,ITF3,15,Campania,Campania,5801692,768181,13.24,0.1
1839,2021-07-01,CAM,61544,29872,31672,19713,41034,797,ITF,ITF3,15,Campania,Campania,5801692,829725,14.3,1.06
1840,2021-03-23,CAM,15748,7449,8299,12850,2515,383,ITF,ITF3,15,Campania,Campania,5801692,845473,14.57,0.27
1841,2021-08-27,CAM,24403,13015,11388,7833,15885,685,ITF,ITF3,15,Campania,Campania,5801692,869876,14.99,0.42
1842,2021-07-27,CAM,49167,24450,24717,12604,35730,833,ITF,ITF3,15,Campania,Campania,5801692,919043,15.84,0.85
1843,2021-09-08,CAM,19130,9650,9480,8696,9618,816,ITF,ITF3,15,Campania,Campania,5801692,938173,16.17,0.33
1844,2021-04-16,CAM,34452,16638,17814,23046,10670,736,ITF,ITF3,15,Campania,Campania,5801692,972625,16.76,0.59
1845,2021-01-06,CAM,7652,3751,3901,7508,0,144,ITF,ITF3,15,Campania,Campania,5801692,980277,16.9,0.13
1846,2021-02-18,CAM,9109,3833,5276,8146,727,236,ITF,ITF3,15,Campania,Campania,5801692,989386,17.05,0.16
1847,2021-05-17,CAM,49511,21757,27754,23602,25398,511,ITF,ITF3,15,Campania,Campania,5801692,1038897,17.91,0.85
1848,2021-02-06,CAM,5343,2666,2677,2002,3241,100,ITF,ITF3,15,Campania,Campania,5801692,1044240,18.0,0.09
1849,2021-07-22,CAM,61854,30553,31301,6485,54794,575,ITF,ITF3,15,Campania,Campania,5801692,1106094,19.07,1.07
1850,2021-08-08,CAM,7574,4041,3533,4646,2666,262,ITF,ITF3,15,Campania,Campania,5801692,1113668,19.2,0.13
1851,2021-04-30,CAM,42331,20199,22132,24945,16509,877,ITF,ITF3,15,Campania,Campania,5801692,1155999,19.93,0.73
1852,2021-02-04,CAM,7946,3430,4516,1249,6638,59,ITF,ITF3,15,Campania,Campania,5801692,1163945,20.06,0.14
1853,2021-06-26,CAM,62953,30696,32257,14503,47863,587,ITF,ITF3,15,Campania,Campania,5801692,1226898,21.15,1.09
1854,2021-07-13,CAM,53698,25798,27900,4673,48506,519,ITF,ITF3,15,Campania,Campania,5801692,1280596,22.07,0.93
1855,2021-04-04,CAM,7965,4016,3949,6675,1046,244,ITF,ITF3,15,Campania,Campania,5801692,1288561,22.21,0.14
1856,2021-06-12,CAM,64001,31546,32455,55600,7216,1185,ITF,ITF3,15,Campania,Campania,5801692,1352562,23.31,1.1
1857,2021-03-04,CAM,14709,5395,9314,8522,5897,290,ITF,ITF3,15,Campania,Campania,5801692,1367271,23.57,0.25
1858,2021-08-22,CAM,6811,3877,2934,2534,4128,149,ITF,ITF3,15,Campania,Campania,5801692,1374082,23.68,0.12
1859,2021-01-23,CAM,3843,2032,1811,267,3570,6,ITF,ITF3,15,Campania,Campania,5801692,1377925,23.75,0.07
1860,2021-03-21,CAM,10079,4679,5400,7483,2391,205,ITF,ITF3,15,Campania,Campania,5801692,1388004,23.92,0.17
1861,2021-02-10,CAM,6939,3439,3500,6483,206,250,ITF,ITF3,15,Campania,Campania,5801692,1394943,24.04,0.12
1862,2021-07-17,CAM,55272,27562,27710,3352,51548,372,ITF,ITF3,15,Campania,Campania,5801692,1450215,25.0,0.95
1863,2021-04-08,CAM,28500,13824,14676,22014,5848,638,ITF,ITF3,15,Campania,Campania,5801692,1478715,25.49,0.49
1864,2021-06-14,CAM,37132,17921,19211,18694,18024,414,ITF,ITF3,15,Campania,Campania,5801692,1515847,26.13,0.64
1865,2021-08-10,CAM,21641,11192,10449,13586,6951,1104,ITF,ITF3,15,Campania,Campania,5801692,1537488,26.5,0.37
1866,2021-01-11,CAM,4081,1879,2202,3970,0,111,ITF,ITF3,15,Campania,Campania,5801692,1541569,26.57,0.07
1867,2021-09-03,CAM,26489,13636,12853,10802,14768,919,ITF,ITF3,15,Campania,Campania,5801692,1568058,27.03,0.46
1868,2021-05-26,CAM,52746,25880,26866,21112,31160,474,ITF,ITF3,15,Campania,Campania,5801692,1620804,27.94,0.91
1869,2021-05-19,CAM,51310,22660,28650,33756,16759,795,ITF,ITF3,15,Campania,Campania,5801692,1672114,28.82,0.88
1870,2021-05-05,CAM,51190,24869,26321,43152,6398,1640,ITF,ITF3,15,Campania,Campania,5801692,1723304,29.7,0.88
1871,2021-03-09,CAM,14145,6878,7267,9899,3799,447,ITF,ITF3,15,Campania,Campania,5801692,1737449,29.95,0.24
1872,2021-05-31,CAM,40825,20716,20109,29841,10401,583,ITF,ITF3,15,Campania,Campania,5801692,1778274,30.65,0.7
1873,2021-04-25,CAM,30745,15179,15566,24523,5408,814,ITF,ITF3,15,Campania,Campania,5801692,1809019,31.18,0.53
1874,2021-01-13,CAM,8031,3676,4355,7786,0,245,ITF,ITF3,15,Campania,Campania,5801692,1817050,31.32,0.14
1875,2021-01-01,CAM,919,506,413,899,0,20,ITF,ITF3,15,Campania,Campania,5801692,1817969,31.34,0.02
1876,2021-03-25,CAM,20330,9658,10672,16325,3507,498,ITF,ITF3,15,Campania,Campania,5801692,1838299,31.69,0.35
1877,2021-07-31,CAM,30727,16215,14512,10439,19599,689,ITF,ITF3,15,Campania,Campania,5801692,1869026,32.22,0.53
1878,2021-05-07,CAM,59791,29215,30576,42306,15969,1516,ITF,ITF3,15,Campania,Campania,5801692,1928817,33.25,1.03
1879,2021-01-27,CAM,7755,3824,3931,168,7582,5,ITF,ITF3,15,Campania,Campania,5801692,1936572,33.38,0.13
1880,2021-06-04,CAM,74588,35845,38743,64420,9136,1032,ITF,ITF3,15,Campania,Campania,5801692,2011160,34.67,1.29
1881,2021-05-21,CAM,63875,29653,34222,42140,20705,1030,ITF,ITF3,15,Campania,Campania,5801692,2075035,35.77,1.1
1882,2021-04-01,CAM,24695,12023,12672,20032,4137,526,ITF,ITF3,15,Campania,Campania,5801692,2099730,36.19,0.43
1883,2021-04-06,CAM,24530,11570,12960,19458,4526,546,ITF,ITF3,15,Campania,Campania,5801692,2124260,36.61,0.42
1884,2021-07-12,CAM,56703,27375,29328,3706,52605,392,ITF,ITF3,15,Campania,Campania,5801692,2180963,37.59,0.98
1885,2020-12-27,CAM,720,422,298,716,0,4,ITF,ITF3,15,Campania,Campania,5801692,2181683,37.6,0.01
1886,2021-07-29,CAM,48514,24351,24163,13437,34140,937,ITF,ITF3,15,Campania,Campania,5801692,2230197,38.44,0.84
1887,2021-04-20,CAM,32183,15557,16626,20232,11339,612,ITF,ITF3,15,Campania,Campania,5801692,2262380,39.0,0.55
1888,2021-06-28,CAM,46536,22742,23794,20381,25414,741,ITF,ITF3,15,Campania,Campania,5801692,2308916,39.8,0.8
1889,2021-03-20,CAM,13990,6531,7459,9973,3739,278,ITF,ITF3,15,Campania,Campania,5801692,2322906,40.04,0.24
1890,2021-05-12,CAM,40939,19980,20959,30497,9172,1270,ITF,ITF3,15,Campania,Campania,5801692,2363845,40.74,0.71
1891,2021-07-08,CAM,61129,29426,31703,5610,55158,361,ITF,ITF3,15,Campania,Campania,5801692,2424974,41.8,1.05
1892,2021-09-07,CAM,20544,10392,10152,9509,10186,849,ITF,ITF3,15,Campania,Campania,5801692,2445518,42.15,0.35
1893,2021-02-08,CAM,5128,2459,2669,4163,815,150,ITF,ITF3,15,Campania,Campania,5801692,2450646,42.24,0.09
1894,2021-02-01,CAM,3988,1814,2174,104,3876,8,ITF,ITF3,15,Campania,Campania,5801692,2454634,42.31,0.07
1895,2021-04-18,CAM,27222,13287,13935,17769,8903,550,ITF,ITF3,15,Campania,Campania,5801692,2481856,42.78,0.47
1896,2021-01-08,CAM,10459,4970,5489,10197,0,262,ITF,ITF3,15,Campania,Campania,5801692,2492315,42.96,0.18
1897,2021-04-27,CAM,32169,15632,16537,23419,7930,820,ITF,ITF3,15,Campania,Campania,5801692,2524484,43.51,0.55
1898,2021-06-23,CAM,46776,22095,24681,10577,35803,396,ITF,ITF3,15,Campania,Campania,5801692,2571260,44.32,0.81
1899,2021-08-05,CAM,35175,18032,17143,17281,16832,1062,ITF,ITF3,15,Campania,Campania,5801692,2606435,44.93,0.61
1900,2021-01-15,CAM,5000,2394,2606,4840,0,160,ITF,ITF3,15,Campania,Campania,5801692,2611435,45.01,0.09
1901,2021-06-21,CAM,46922,22686,24236,11200,35293,429,ITF,ITF3,15,Campania,Campania,5801692,2658357,45.82,0.81
1902,2021-03-13,CAM,14526,7044,7482,8945,5283,298,ITF,ITF3,15,Campania,Campania,5801692,2672883,46.07,0.25
1903,2021-07-24,CAM,47998,24873,23125,6612,40889,497,ITF,ITF3,15,Campania,Campania,5801692,2720881,46.9,0.83
1904,2021-01-20,CAM,1264,654,610,1233,0,31,ITF,ITF3,15,Campania,Campania,5801692,2722145,46.92,0.02
1905,2021-04-13,CAM,26616,12690,13926,20530,5538,548,ITF,ITF3,15,Campania,Campania,5801692,2748761,47.38,0.46
1906,2021-01-03,CAM,3836,2009,1827,3787,0,49,ITF,ITF3,15,Campania,Campania,5801692,2752597,47.44,0.07
1907,2021-02-27,CAM,13957,4471,9486,11963,1653,341,ITF,ITF3,15,Campania,Campania,5801692,2766554,47.69,0.24
1908,2021-06-16,CAM,31653,15012,16641,20365,10775,513,ITF,ITF3,15,Campania,Campania,5801692,2798207,48.23,0.55
1909,2021-08-12,CAM,18927,9998,8929,12401,5717,809,ITF,ITF3,15,Campania,Campania,5801692,2817134,48.56,0.33
1910,2021-05-02,CAM,43495,21552,21943,31175,11377,943,ITF,ITF3,15,Campania,Campania,5801692,2860629,49.31,0.75
1911,2021-01-22,CAM,1534,783,751,666,854,14,ITF,ITF3,15,Campania,Campania,5801692,2862163,49.33,0.03
1912,2021-03-18,CAM,12180,5383,6797,5786,6193,201,ITF,ITF3,15,Campania,Campania,5801692,2874343,49.54,0.21
1913,2021-07-14,CAM,51120,24586,26534,4257,46502,361,ITF,ITF3,15,Campania,Campania,5801692,2925463,50.42,0.88
1914,2021-04-05,CAM,11641,5541,6100,8894,2424,323,ITF,ITF3,15,Campania,Campania,5801692,2937104,50.62,0.2
1915,2021-03-17,CAM,11598,5102,6496,4846,6591,161,ITF,ITF3,15,Campania,Campania,5801692,2948702,50.82,0.2
1916,2021-06-11,CAM,70847,34427,36420,63458,6058,1331,ITF,ITF3,15,Campania,Campania,5801692,3019549,52.05,1.22
1917,2021-03-03,CAM,13924,5496,8428,7066,6632,226,ITF,ITF3,15,Campania,Campania,5801692,3033473,52.29,0.24
1918,2021-09-05,CAM,8208,4272,3936,5165,2583,460,ITF,ITF3,15,Campania,Campania,5801692,3041681,52.43,0.14
1919,2021-05-28,CAM,73082,35334,37748,26268,46183,631,ITF,ITF3,15,Campania,Campania,5801692,3114763,53.69,1.26
1920,2021-05-14,CAM,61045,27583,33462,34659,24738,1648,ITF,ITF3,15,Campania,Campania,5801692,3175808,54.74,1.05
1921,2021-07-10,CAM,66914,32669,34245,2699,63964,251,ITF,ITF3,15,Campania,Campania,5801692,3242722,55.89,1.15
1922,2021-03-22,CAM,13189,6354,6835,10812,2045,332,ITF,ITF3,15,Campania,Campania,5801692,3255911,56.12,0.23
1923,2021-02-07,CAM,2929,1382,1547,2066,771,92,ITF,ITF3,15,Campania,Campania,5801692,3258840,56.17,0.05
1924,2021-06-30,CAM,47673,22778,24895,18217,28659,797,ITF,ITF3,15,Campania,Campania,5801692,3306513,56.99,0.82
1925,2021-09-04,CAM,18061,9828,8233,8645,8440,976,ITF,ITF3,15,Campania,Campania,5801692,3324574,57.3,0.31
1926,2021-01-17,CAM,1155,551,604,682,453,20,ITF,ITF3,15,Campania,Campania,5801692,3325729,57.32,0.02
1927,2021-03-15,CAM,13357,6501,6856,8305,4748,304,ITF,ITF3,15,Campania,Campania,5801692,3339086,57.55,0.23
1928,2021-07-02,CAM,55894,27013,28881,14345,40964,585,ITF,ITF3,15,Campania,Campania,5801692,3394980,58.52,0.96
1929,2021-08-28,CAM,17706,9615,8091,5361,11840,505,ITF,ITF3,15,Campania,Campania,5801692,3412686,58.82,0.31
1930,2021-03-30,CAM,22060,10583,11477,18544,2959,557,ITF,ITF3,15,Campania,Campania,5801692,3434746,59.2,0.38
1931,2021-04-17,CAM,36203,17518,18685,23932,11518,753,ITF,ITF3,15,Campania,Campania,5801692,3470949,59.83,0.62
1932,2021-06-13,CAM,43428,21243,22185,37872,4731,825,ITF,ITF3,15,Campania,Campania,5801692,3514377,60.58,0.75
1933,2021-05-30,CAM,52171,25453,26718,37949,13329,893,ITF,ITF3,15,Campania,Campania,5801692,3566548,61.47,0.9
1934,2021-02-19,CAM,9588,3569,6019,8682,662,244,ITF,ITF3,15,Campania,Campania,5801692,3576136,61.64,0.17
1935,2021-07-05,CAM,63322,30527,32795,12624,49898,800,ITF,ITF3,15,Campania,Campania,5801692,3639458,62.73,1.09
1936,2021-09-09,CAM,18365,9396,8969,8186,9371,808,ITF,ITF3,15,Campania,Campania,5801692,3657823,63.05,0.32
1937,2021-07-07,CAM,52316,24824,27492,7110,44645,561,ITF,ITF3,15,Campania,Campania,5801692,3710139,63.95,0.9
1938,2021-03-29,CAM,19411,9579,9832,17417,1551,443,ITF,ITF3,15,Campania,Campania,5801692,3729550,64.28,0.33
1939,2021-06-20,CAM,47615,22749,24866,14191,32996,428,ITF,ITF3,15,Campania,Campania,5801692,3777165,65.1,0.82
1940,2021-03-27,CAM,21518,10243,11275,17203,3869,446,ITF,ITF3,15,Campania,Campania,5801692,3798683,65.48,0.37
1941,2021-06-01,CAM,42307,20989,21318,31443,10550,314,ITF,ITF3,15,Campania,Campania,5801692,3840990,66.2,0.73
1942,2021-03-06,CAM,16377,6819,9558,10365,5672,340,ITF,ITF3,15,Campania,Campania,5801692,3857367,66.49,0.28
1943,2021-08-19,CAM,22019,11637,10382,9579,11774,666,ITF,ITF3,15,Campania,Campania,5801692,3879386,66.87,0.38
1944,2021-06-25,CAM,65519,31805,33714,13606,51347,566,ITF,ITF3,15,Campania,Campania,5801692,3944905,68.0,1.13
1945,2021-09-02,CAM,25519,13186,12333,10162,14453,904,ITF,ITF3,15,Campania,Campania,5801692,3970424,68.44,0.44
1946,2021-05-25,CAM,46576,22432,24144,22550,23459,567,ITF,ITF3,15,Campania,Campania,5801692,4017000,69.24,0.8
1947,2021-04-22,CAM,34121,16637,17484,20878,12546,697,ITF,ITF3,15,Campania,Campania,5801692,4051121,69.83,0.59
1948,2021-08-31,CAM,27775,13966,13809,10825,15976,974,ITF,ITF3,15,Campania,Campania,5801692,4078896,70.31,0.48
1949,2021-02-15,CAM,5472,2516,2956,5149,175,148,ITF,ITF3,15,Campania,Campania,5801692,4084368,70.4,0.09
1950,2021-06-09,CAM,53065,26052,27013,41412,10917,736,ITF,ITF3,15,Campania,Campania,5801692,4137433,71.31,0.91
1951,2021-03-01,CAM,12134,4249,7885,7739,4113,282,ITF,ITF3,15,Campania,Campania,5801692,4149567,71.52,0.21
1952,2021-08-17,CAM,22280,12043,10237,7293,14442,545,ITF,ITF3,15,Campania,Campania,5801692,4171847,71.91,0.38
1953,2021-05-09,CAM,43215,20293,22922,30871,11107,1237,ITF,ITF3,15,Campania,Campania,5801692,4215062,72.65,0.74
1954,2021-01-10,CAM,8165,3736,4429,7963,0,202,ITF,ITF3,15,Campania,Campania,5801692,4223227,72.79,0.14
1955,2021-04-03,CAM,21120,10316,10804,18232,2383,505,ITF,ITF3,15,Campania,Campania,5801692,4244347,73.16,0.36
1956,2021-08-16,CAM,12466,6694,5772,6213,5724,529,ITF,ITF3,15,Campania,Campania,5801692,4256813,73.37,0.21
1957,2021-02-24,CAM,11810,4158,7652,10808,715,287,ITF,ITF3,15,Campania,Campania,5801692,4268623,73.58,0.2
1958,2021-01-05,CAM,7237,3637,3600,7074,0,163,ITF,ITF3,15,Campania,Campania,5801692,4275860,73.7,0.12
1959,2021-02-17,CAM,7419,3229,4190,6212,1073,134,ITF,ITF3,15,Campania,Campania,5801692,4283279,73.83,0.13
1960,2021-06-18,CAM,65900,31407,34493,34809,30312,779,ITF,ITF3,15,Campania,Campania,5801692,4349179,74.96,1.14
1961,2021-03-10,CAM,15639,7739,7900,8420,6853,366,ITF,ITF3,15,Campania,Campania,5801692,4364818,75.23,0.27
1962,2021-08-06,CAM,31226,16258,14968,17531,12643,1052,ITF,ITF3,15,Campania,Campania,5801692,4396044,75.77,0.54
1963,2021-08-23,CAM,23717,12359,11358,9517,13349,851,ITF,ITF3,15,Campania,Campania,5801692,4419761,76.18,0.41
1964,2021-05-15,CAM,62820,29085,33735,41936,18876,2008,ITF,ITF3,15,Campania,Campania,5801692,4482581,77.26,1.08
1965,2021-05-27,CAM,73049,35401,37648,25817,46658,574,ITF,ITF3,15,Campania,Campania,5801692,4555630,78.52,1.26
1966,2021-02-16,CAM,5471,2431,3040,4499,787,185,ITF,ITF3,15,Campania,Campania,5801692,4561101,78.62,0.09
1967,2021-05-22,CAM,68133,32557,35576,45597,21660,876,ITF,ITF3,15,Campania,Campania,5801692,4629234,79.79,1.17
1968,2021-01-12,CAM,5221,2569,2652,5082,0,139,ITF,ITF3,15,Campania,Campania,5801692,4634455,79.88,0.09
1969,2021-08-14,CAM,4918,2804,2114,2050,2706,162,ITF,ITF3,15,Campania,Campania,5801692,4639373,79.97,0.08
1970,2021-05-06,CAM,57625,28142,29483,41171,14779,1675,ITF,ITF3,15,Campania,Campania,5801692,4696998,80.96,0.99
1971,2021-09-01,CAM,27217,13717,13500,10234,16120,863,ITF,ITF3,15,Campania,Campania,5801692,4724215,81.43,0.47
1972,2021-08-18,CAM,19592,10344,9248,7733,11292,567,ITF,ITF3,15,Campania,Campania,5801692,4743807,81.77,0.34
1973,2021-03-08,CAM,14694,6852,7842,9432,4781,481,ITF,ITF3,15,Campania,Campania,5801692,4758501,82.02,0.25
1974,2021-05-04,CAM,48482,23344,25138,38211,8907,1364,ITF,ITF3,15,Campania,Campania,5801692,4806983,82.85,0.84
1975,2021-01-24,CAM,4123,2120,2003,361,3745,17,ITF,ITF3,15,Campania,Campania,5801692,4811106,82.93,0.07
1976,2021-08-21,CAM,9801,5398,4403,4079,5342,380,ITF,ITF3,15,Campania,Campania,5801692,4820907,83.09,0.17
1977,2021-05-13,CAM,55457,24834,30623,37699,16025,1733,ITF,ITF3,15,Campania,Campania,5801692,4876364,84.05,0.96
1978,2021-07-09,CAM,61510,29781,31729,4308,56844,358,ITF,ITF3,15,Campania,Campania,5801692,4937874,85.11,1.06
1979,2021-01-31,CAM,8069,3712,4357,21,8047,1,ITF,ITF3,15,Campania,Campania,5801692,4945943,85.25,0.14
1980,2021-05-23,CAM,58765,28649,30116,37208,20906,651,ITF,ITF3,15,Campania,Campania,5801692,5004708,86.26,1.01
1981,2021-02-12,CAM,6563,2876,3687,6085,218,260,ITF,ITF3,15,Campania,Campania,5801692,5011271,86.38,0.11
1982,2021-01-29,CAM,10086,4822,5264,67,10015,4,ITF,ITF3,15,Campania,Campania,5801692,5021357,86.55,0.17
1983,2021-06-27,CAM,43561,21452,22109,13982,29074,505,ITF,ITF3,15,Campania,Campania,5801692,5064918,87.3,0.75
1984,2021-07-26,CAM,48861,24318,24543,10224,37939,698,ITF,ITF3,15,Campania,Campania,5801692,5113779,88.14,0.84
1985,2020-12-31,CAM,1490,811,679,1470,0,20,ITF,ITF3,15,Campania,Campania,5801692,5115269,88.17,0.03
1986,2021-06-06,CAM,63233,31449,31784,61560,651,1022,ITF,ITF3,15,Campania,Campania,5801692,5178502,89.26,1.09
1987,2021-02-26,CAM,13367,4237,9130,11686,1368,313,ITF,ITF3,15,Campania,Campania,5801692,5191869,89.49,0.23
1988,2021-08-02,CAM,41767,21212,20555,13055,28012,700,ITF,ITF3,15,Campania,Campania,5801692,5233636,90.21,0.72
1989,2021-04-24,CAM,36386,17538,18848,24303,11250,833,ITF,ITF3,15,Campania,Campania,5801692,5270022,90.84,0.63
1990,2021-04-15,CAM,34355,16667,17688,23762,9908,685,ITF,ITF3,15,Campania,Campania,5801692,5304377,91.43,0.59
1991,2021-07-28,CAM,49456,24549,24907,13735,34779,942,ITF,ITF3,15,Campania,Campania,5801692,5353833,92.28,0.85
1992,2021-06-22,CAM,52454,25014,27440,13070,39004,380,ITF,ITF3,15,Campania,Campania,5801692,5406287,93.18,0.9
1993,2021-03-14,CAM,8617,3826,4791,4355,4142,120,ITF,ITF3,15,Campania,Campania,5801692,5414904,93.33,0.15
1994,2021-05-10,CAM,35481,16395,19086,24829,9932,720,ITF,ITF3,15,Campania,Campania,5801692,5450385,93.94,0.61
1995,2021-06-08,CAM,53117,25878,27239,45248,7081,788,ITF,ITF3,15,Campania,Campania,5801692,5503502,94.86,0.92
1996,2021-08-04,CAM,29839,15308,14531,15772,13101,966,ITF,ITF3,15,Campania,Campania,5801692,5533341,95.37,0.51
1997,2021-04-26,CAM,34060,16654,17406,27514,5630,916,ITF,ITF3,15,Campania,Campania,5801692,5567401,95.96,0.59
1998,2021-07-19,CAM,43997,21545,22452,5151,38374,472,ITF,ITF3,15,Campania,Campania,5801692,5611398,96.72,0.76
1999,2021-04-10,CAM,28366,13500,14866,22759,4917,690,ITF,ITF3,15,Campania,Campania,5801692,5639764,97.21,0.49
2000,2021-01-07,CAM,8909,4167,4742,8734,0,175,ITF,ITF3,15,Campania,Campania,5801692,5648673,97.36,0.15
2001,2021-03-05,CAM,16826,6670,10156,9829,6672,325,ITF,ITF3,15,Campania,Campania,5801692,5665499,97.65,0.29
2002,2021-08-30,CAM,29106,15014,14092,9742,18546,818,ITF,ITF3,15,Campania,Campania,5801692,5694605,98.15,0.5
2003,2021-03-24,CAM,17923,8370,9553,14573,2958,392,ITF,ITF3,15,Campania,Campania,5801692,5712528,98.46,0.31
2004,2021-05-20,CAM,61041,28272,32769,42254,17800,987,ITF,ITF3,15,Campania,Campania,5801692,5773569,99.52,1.05
2005,2021-02-09,CAM,4654,2209,2445,4228,263,163,ITF,ITF3,15,Campania,Campania,5801692,5778223,99.6,0.08
2006,2021-09-06,CAM,22766,11629,11137,10665,11054,1047,ITF,ITF3,15,Campania,Campania,5801692,5800989,99.99,0.39
2007,2021-05-29,CAM,67882,32283,35599,43057,23965,860,ITF,ITF3,15,Campania,Campania,5801692,5868871,101.16,1.17
2008,2021-07-25,CAM,23225,11804,11421,4214,18740,271,ITF,ITF3,15,Campania,Campania,5801692,5892096,101.56,0.4
2009,2021-03-12,CAM,14582,7413,7169,8130,6088,364,ITF,ITF3,15,Campania,Campania,5801692,5906678,101.81,0.25
2010,2021-09-11,CAM,11871,6418,5453,6214,4949,708,ITF,ITF3,15,Campania,Campania,5801692,5918549,102.01,0.2
2011,2021-06-03,CAM,72658,35244,37414,60842,10682,1134,ITF,ITF3,15,Campania,Campania,5801692,5991207,103.27,1.25
2012,2021-02-23,CAM,11017,3397,7620,10152,542,323,ITF,ITF3,15,Campania,Campania,5801692,6002224,103.46,0.19
2013,2021-08-25,CAM,22835,12019,10816,8697,13422,716,ITF,ITF3,15,Campania,Campania,5801692,6025059,103.85,0.39
2014,2021-02-21,CAM,5840,2242,3598,5487,228,125,ITF,ITF3,15,Campania,Campania,5801692,6030899,103.95,0.1
2015,2021-05-11,CAM,39891,19253,20638,29520,9407,964,ITF,ITF3,15,Campania,Campania,5801692,6070790,104.64,0.69
2016,2021-02-28,CAM,10412,3208,7204,8274,1901,237,ITF,ITF3,15,Campania,Campania,5801692,6081202,104.82,0.18
2017,2021-02-14,CAM,3929,1923,2006,3842,34,53,ITF,ITF3,15,Campania,Campania,5801692,6085131,104.89,0.07
2018,2021-01-26,CAM,7350,3733,3617,335,6994,21,ITF,ITF3,15,Campania,Campania,5801692,6092481,105.01,0.13
2019,2021-04-19,CAM,30788,14836,15952,18641,11592,555,ITF,ITF3,15,Campania,Campania,5801692,6123269,105.54,0.53
2020,2021-01-09,CAM,10564,5022,5542,10301,0,263,ITF,ITF3,15,Campania,Campania,5801692,6133833,105.72,0.18
2021,2021-03-19,CAM,11153,4979,6174,7071,3877,205,ITF,ITF3,15,Campania,Campania,5801692,6144986,105.92,0.19
2022,2021-06-10,CAM,76017,36713,39304,67625,7109,1283,ITF,ITF3,15,Campania,Campania,5801692,6221003,107.23,1.31
2023,2021-08-13,CAM,16869,9152,7717,9715,6604,550,ITF,ITF3,15,Campania,Campania,5801692,6237872,107.52,0.29
2024,2021-01-14,CAM,7082,2983,4099,6816,0,266,ITF,ITF3,15,Campania,Campania,5801692,6244954,107.64,0.12
2025,2021-03-07,CAM,11974,5406,6568,7765,3844,365,ITF,ITF3,15,Campania,Campania,5801692,6256928,107.85,0.21
2026,2021-08-11,CAM,21051,11096,9955,12040,8143,868,ITF,ITF3,15,Campania,Campania,5801692,6277979,108.21,0.36
2027,2021-05-03,CAM,40761,19894,20867,27832,11872,1057,ITF,ITF3,15,Campania,Campania,5801692,6318740,108.91,0.7
2028,2021-06-29,CAM,49361,24017,25344,19670,29147,544,ITF,ITF3,15,Campania,Campania,5801692,6368101,109.76,0.85
2029,2021-05-08,CAM,56453,27149,29304,39002,15849,1602,ITF,ITF3,15,Campania,Campania,5801692,6424554,110.74,0.97
2030,2021-01-28,CAM,8851,4130,4721,140,8703,8,ITF,ITF3,15,Campania,Campania,5801692,6433405,110.89,0.15
2031,2021-07-30,CAM,44830,22823,22007,14326,29502,1002,ITF,ITF3,15,Campania,Campania,5801692,6478235,111.66,0.77
2032,2021-04-21,CAM,30350,14773,15577,17545,12232,573,ITF,ITF3,15,Campania,Campania,5801692,6508585,112.18,0.52
2033,2021-07-11,CAM,40868,19670,21198,1001,39775,92,ITF,ITF3,15,Campania,Campania,5801692,6549453,112.89,0.7
2034,2021-02-02,CAM,5734,2811,2923,415,5288,31,ITF,ITF3,15,Campania,Campania,5801692,6555187,112.99,0.1
2035,2021-03-31,CAM,23207,11381,11826,19303,3444,460,ITF,ITF3,15,Campania,Campania,5801692,6578394,113.39,0.4
2036,2021-07-18,CAM,31387,15807,15580,3785,27168,434,ITF,ITF3,15,Campania,Campania,5801692,6609781,113.93,0.54
2037,2021-09-13,CAM,18266,9016,9250,8265,9242,759,ITF,ITF3,15,Campania,Campania,5801692,6628047,114.24,0.31
2038,2021-06-15,CAM,18687,9095,9592,10983,7421,283,ITF,ITF3,15,Campania,Campania,5801692,6646734,114.57,0.32
2039,2021-04-07,CAM,24977,11990,12987,19644,4726,607,ITF,ITF3,15,Campania,Campania,5801692,6671711,115.0,0.43
2040,2021-07-16,CAM,61062,29872,31190,6516,53916,630,ITF,ITF3,15,Campania,Campania,5801692,6732773,116.05,1.05
2041,2021-04-02,CAM,21868,10526,11342,19037,2324,507,ITF,ITF3,15,Campania,Campania,5801692,6754641,116.43,0.38
2042,2021-08-26,CAM,24535,12759,11776,8184,15528,823,ITF,ITF3,15,Campania,Campania,5801692,6779176,116.85,0.42
2043,2021-09-12,CAM,7814,4058,3756,4679,2674,461,ITF,ITF3,15,Campania,Campania,5801692,6786990,116.98,0.13
2044,2021-06-02,CAM,42944,20184,22760,37621,4732,591,ITF,ITF3,15,Campania,Campania,5801692,6829934,117.72,0.74
2045,2021-02-22,CAM,10698,3298,7400,10149,279,270,ITF,ITF3,15,Campania,Campania,5801692,6840632,117.91,0.18
2046,2021-03-11,CAM,18027,9076,8951,10274,7293,460,ITF,ITF3,15,Campania,Campania,5801692,6858659,118.22,0.31
2047,2021-08-24,CAM,22609,11705,10904,8670,13188,751,ITF,ITF3,15,Campania,Campania,5801692,6881268,118.61,0.39
2048,2021-05-16,CAM,51161,23229,27932,32760,17587,814,ITF,ITF3,15,Campania,Campania,5801692,6932429,119.49,0.88
2049,2021-02-20,CAM,8573,3080,5493,8089,303,181,ITF,ITF3,15,Campania,Campania,5801692,6941002,119.64,0.15
2050,2021-02-03,CAM,8909,4006,4903,843,8030,36,ITF,ITF3,15,Campania,Campania,5801692,6949911,119.79,0.15
2051,2021-05-18,CAM,52277,23284,28993,31805,19730,742,ITF,ITF3,15,Campania,Campania,5801692,7002188,120.69,0.9
2052,2021-08-09,CAM,25084,13083,12001,13674,10465,945,ITF,ITF3,15,Campania,Campania,5801692,7027272,121.12,0.43
2053,2021-02-05,CAM,7268,3464,3804,2023,5130,115,ITF,ITF3,15,Campania,Campania,5801692,7034540,121.25,0.13
2054,2021-08-07,CAM,17197,9179,8018,11204,5288,705,ITF,ITF3,15,Campania,Campania,5801692,7051737,121.55,0.3
2055,2021-04-29,CAM,41562,20182,21380,23972,16748,842,ITF,ITF3,15,Campania,Campania,5801692,7093299,122.26,0.72
2056,2021-01-19,CAM,1110,485,625,1055,5,50,ITF,ITF3,15,Campania,Campania,5801692,7094409,122.28,0.02
2057,2021-07-21,CAM,50181,24428,25753,8356,40889,936,ITF,ITF3,15,Campania,Campania,5801692,7144590,123.15,0.86
2058,2021-01-21,CAM,2106,1125,981,678,1421,7,ITF,ITF3,15,Campania,Campania,5801692,7146696,123.18,0.04
2059,2021-07-23,CAM,61839,30810,31029,8344,52868,627,ITF,ITF3,15,Campania,Campania,5801692,7208535,124.25,1.07
2060,2021-04-14,CAM,27665,13339,14326,18621,8591,453,ITF,ITF3,15,Campania,Campania,5801692,7236200,124.73,0.48
2061,2021-05-01,CAM,46355,22667,23688,29240,16116,999,ITF,ITF3,15,Campania,Campania,5801692,7282555,125.52,0.8
2062,2021-07-06,CAM,56710,27080,29630,15816,40114,780,ITF,ITF3,15,Campania,Campania,5801692,7339265,126.5,0.98
2063,2021-04-12,CAM,23311,10921,12390,19733,3038,540,ITF,ITF3,15,Campania,Campania,5801692,7362576,126.9,0.4
2064,2021-01-02,CAM,3672,1963,1709,3614,0,58,ITF,ITF3,15,Campania,Campania,5801692,7366248,126.97,0.06
2065,2021-06-17,CAM,60217,28867,31350,32693,26801,723,ITF,ITF3,15,Campania,Campania,5801692,7426465,128.01,1.04
2066,2021-07-04,CAM,48824,23766,25058,6160,42321,343,ITF,ITF3,15,Campania,Campania,5801692,7475289,128.85,0.84
2067,2021-03-26,CAM,19872,9328,10544,15595,3818,459,ITF,ITF3,15,Campania,Campania,5801692,7495161,129.19,0.34
2068,2021-02-18,EMR,7045,2893,4152,6441,588,16,ITH,ITH5,8,Emilia-Romagna,Emilia-Romagna,4459477,7045,0.16,0.16
2069,2021-06-07,EMR,40575,20826,19749,33445,6265,865,ITH,ITH5,8,Emilia-Romagna,Emilia-Romagna,4459477,47620,1.07,0.91
2070,2021-08-03,EMR,38515,20273,18242,15573,22291,651,ITH,ITH5,8,Emilia-Romagna,Emilia-Romagna,4459477,86135,1.93,0.86
2071,2021-08-17,EMR,22383,12301,10082,14501,6857,1025,ITH,ITH5,8,Emilia-Romagna,Emilia-Romagna,4459477,108518,2.43,0.5
2072,2021-09-03,EMR,23745,12777,10968,6312,16829,604,ITH,ITH5,8,Emilia-Romagna,Emilia-Romagna,4459477,132263,2.97,0.53
2073,2021-05-26,EMR,33349,14758,18591,9928,23035,386,ITH,ITH5,8,Emilia-Romagna,Emilia-Romagna,4459477,165612,3.71,0.75
2074,2021-06-12,EMR,41390,21888,19502,35468,4920,1002,ITH,ITH5,8,Emilia-Romagna,Emilia-Romagna,4459477,207002,4.64,0.93
2075,2021-03-04,EMR,16461,5351,11110,13344,3025,92,ITH,ITH5,8,Emilia-Romagna,Emilia-Romagna,4459477,223463,5.01,0.37
2076,2021-05-24,EMR,30012,13740,16272,17967,11530,515,ITH,ITH5,8,Emilia-Romagna,Emilia-Romagna,4459477,253475,5.68,0.67
2077,2021-02-13,EMR,3631,1086,2545,3018,599,14,ITH,ITH5,8,Emilia-Romagna,Emilia-Romagna,4459477,257106,5.77,0.08
2078,2021-05-12,EMR,38970,18312,20658,28474,9702,794,ITH,ITH5,8,Emilia-Romagna,Emilia-Romagna,4459477,296076,6.64,0.87
2079,2021-02-01,EMR,10330,3618,6712,355,9973,2,ITH,ITH5,8,Emilia-Romagna,Emilia-Romagna,4459477,306406,6.87,0.23
2080,2021-01-18,EMR,3131,881,2250,2448,680,3,ITH,ITH5,8,Emilia-Romagna,Emilia-Romagna,4459477,309537,6.94,0.07
2081,2021-03-16,EMR,12256,5028,7228,4875,7316,65,ITH,ITH5,8,Emilia-Romagna,Emilia-Romagna,4459477,321793,7.22,0.27
2082,2021-01-25,EMR,6466,2148,4318,205,6260,1,ITH,ITH5,8,Emilia-Romagna,Emilia-Romagna,4459477,328259,7.36,0.14
2083,2021-07-01,EMR,34543,16882,17661,14812,18853,878,ITH,ITH5,8,Emilia-Romagna,Emilia-Romagna,4459477,362802,8.14,0.77
2084,2021-03-23,EMR,18803,8149,10654,11947,6690,166,ITH,ITH5,8,Emilia-Romagna,Emilia-Romagna,4459477,381605,8.56,0.42
2085,2021-07-20,EMR,43146,22554,20592,6673,35789,684,ITH,ITH5,8,Emilia-Romagna,Emilia-Romagna,4459477,424751,9.52,0.97
2086,2021-04-11,EMR,15285,6940,8345,11981,3050,254,ITH,ITH5,8,Emilia-Romagna,Emilia-Romagna,4459477,440036,9.87,0.34
2087,2021-06-21,EMR,37597,19007,18590,16077,20895,625,ITH,ITH5,8,Emilia-Romagna,Emilia-Romagna,4459477,477633,10.71,0.84
2088,2021-07-08,EMR,41353,20601,20752,4726,36208,419,ITH,ITH5,8,Emilia-Romagna,Emilia-Romagna,4459477,518986,11.64,0.93
2089,2021-03-30,EMR,23346,10336,13010,17994,5042,310,ITH,ITH5,8,Emilia-Romagna,Emilia-Romagna,4459477,542332,12.16,0.52
2090,2021-07-22,EMR,40384,21556,18828,15249,24204,931,ITH,ITH5,8,Emilia-Romagna,Emilia-Romagna,4459477,582716,13.07,0.91
2091,2021-01-04,EMR,7312,2526,4786,7309,0,3,ITH,ITH5,8,Emilia-Romagna,Emilia-Romagna,4459477,590028,13.23,0.16
2092,2021-04-16,EMR,29231,13758,15473,20002,8842,387,ITH,ITH5,8,Emilia-Romagna,Emilia-Romagna,4459477,619259,13.89,0.66
2093,2021-01-06,EMR,8291,2955,5336,8290,0,1,ITH,ITH5,8,Emilia-Romagna,Emilia-Romagna,4459477,627550,14.07,0.19
2094,2021-08-08,EMR,21623,11717,9906,10573,10496,554,ITH,ITH5,8,Emilia-Romagna,Emilia-Romagna,4459477,649173,14.56,0.48
2095,2021-04-30,EMR,36660,16810,19850,21239,14810,611,ITH,ITH5,8,Emilia-Romagna,Emilia-Romagna,4459477,685833,15.38,0.82
2096,2021-03-28,EMR,13549,6059,7490,9545,3885,119,ITH,ITH5,8,Emilia-Romagna,Emilia-Romagna,4459477,699382,15.68,0.3
2097,2021-01-30,EMR,10095,3528,6567,137,9957,1,ITH,ITH5,8,Emilia-Romagna,Emilia-Romagna,4459477,709477,15.91,0.23
2098,2021-01-23,EMR,2448,871,1577,439,2009,0,ITH,ITH5,8,Emilia-Romagna,Emilia-Romagna,4459477,711925,15.96,0.05
2099,2021-05-07,EMR,35339,16986,18353,22669,11895,775,ITH,ITH5,8,Emilia-Romagna,Emilia-Romagna,4459477,747264,16.76,0.79
2100,2021-07-03,EMR,32128,15937,16191,11409,20025,694,ITH,ITH5,8,Emilia-Romagna,Emilia-Romagna,4459477,779392,17.48,0.72
2101,2021-08-29,EMR,20592,11393,9199,8474,11259,859,ITH,ITH5,8,Emilia-Romagna,Emilia-Romagna,4459477,799984,17.94,0.46
2102,2021-05-31,EMR,29816,13778,16038,17732,11532,552,ITH,ITH5,8,Emilia-Romagna,Emilia-Romagna,4459477,829800,18.61,0.67
2103,2021-02-20,EMR,5320,2094,3226,5050,263,7,ITH,ITH5,8,Emilia-Romagna,Emilia-Romagna,4459477,835120,18.73,0.12
2104,2021-01-15,EMR,7753,2407,5346,7745,0,8,ITH,ITH5,8,Emilia-Romagna,Emilia-Romagna,4459477,842873,18.9,0.17
2105,2021-09-05,EMR,17098,9200,7898,6389,9983,726,ITH,ITH5,8,Emilia-Romagna,Emilia-Romagna,4459477,859971,19.28,0.38
2106,2021-08-27,EMR,27878,14994,12884,6934,20205,739,ITH,ITH5,8,Emilia-Romagna,Emilia-Romagna,4459477,887849,19.91,0.63
2107,2021-05-19,EMR,33844,14998,18846,18042,15269,533,ITH,ITH5,8,Emilia-Romagna,Emilia-Romagna,4459477,921693,20.67,0.76
2108,2021-09-10,EMR,25929,14042,11887,5144,20126,659,ITH,ITH5,8,Emilia-Romagna,Emilia-Romagna,4459477,947622,21.25,0.58
2109,2021-06-02,EMR,24123,12071,12052,18682,4980,461,ITH,ITH5,8,Emilia-Romagna,Emilia-Romagna,4459477,971745,21.79,0.54
2110,2021-03-09,EMR,14805,6036,8769,10755,3954,96,ITH,ITH5,8,Emilia-Romagna,Emilia-Romagna,4459477,986550,22.12,0.33
2111,2021-05-05,EMR,30147,14005,16142,18306,11276,565,ITH,ITH5,8,Emilia-Romagna,Emilia-Romagna,4459477,1016697,22.8,0.68
2112,2021-02-11,EMR,4258,1417,2841,3398,843,17,ITH,ITH5,8,Emilia-Romagna,Emilia-Romagna,4459477,1020955,22.89,0.1
2113,2021-07-29,EMR,40793,21529,19264,14508,25553,732,ITH,ITH5,8,Emilia-Romagna,Emilia-Romagna,4459477,1061748,23.81,0.91
2114,2021-07-27,EMR,41130,21851,19279,17009,23325,796,ITH,ITH5,8,Emilia-Romagna,Emilia-Romagna,4459477,1102878,24.73,0.92
2115,2021-04-18,EMR,17528,8406,9122,12365,4934,229,ITH,ITH5,8,Emilia-Romagna,Emilia-Romagna,4459477,1120406,25.12,0.39
2116,2021-06-14,EMR,41346,21375,19971,27455,13089,802,ITH,ITH5,8,Emilia-Romagna,Emilia-Romagna,4459477,1161752,26.05,0.93
2117,2021-02-25,EMR,9250,3498,5752,8272,955,23,ITH,ITH5,8,Emilia-Romagna,Emilia-Romagna,4459477,1171002,26.26,0.21
2118,2021-06-19,EMR,36694,18365,18329,16737,19407,550,ITH,ITH5,8,Emilia-Romagna,Emilia-Romagna,4459477,1207696,27.08,0.82
2119,2021-03-11,EMR,17499,7332,10167,11455,5857,187,ITH,ITH5,8,Emilia-Romagna,Emilia-Romagna,4459477,1225195,27.47,0.39
2120,2021-02-06,EMR,7603,2408,5195,2108,5491,4,ITH,ITH5,8,Emilia-Romagna,Emilia-Romagna,4459477,1232798,27.64,0.17
2121,2021-08-15,EMR,6651,3690,2961,3281,3200,170,ITH,ITH5,8,Emilia-Romagna,Emilia-Romagna,4459477,1239449,27.79,0.15
2122,2021-06-26,EMR,37489,18999,18490,21010,15541,938,ITH,ITH5,8,Emilia-Romagna,Emilia-Romagna,4459477,1276938,28.63,0.84
2123,2021-08-22,EMR,16470,9045,7425,6739,9103,628,ITH,ITH5,8,Emilia-Romagna,Emilia-Romagna,4459477,1293408,29.0,0.37
2124,2021-07-10,EMR,42100,21439,20661,6802,34649,649,ITH,ITH5,8,Emilia-Romagna,Emilia-Romagna,4459477,1335508,29.95,0.94
2125,2021-07-15,EMR,50399,26249,24150,7896,41795,708,ITH,ITH5,8,Emilia-Romagna,Emilia-Romagna,4459477,1385907,31.08,1.13
2126,2021-04-23,EMR,29584,13818,15766,14309,14896,379,ITH,ITH5,8,Emilia-Romagna,Emilia-Romagna,4459477,1415491,31.74,0.66
2127,2021-01-13,EMR,9078,2943,6135,9073,0,5,ITH,ITH5,8,Emilia-Romagna,Emilia-Romagna,4459477,1424569,31.94,0.2
2128,2021-04-04,EMR,9884,4719,5165,7529,2271,84,ITH,ITH5,8,Emilia-Romagna,Emilia-Romagna,4459477,1434453,32.17,0.22
2129,2021-01-11,EMR,9356,3278,6078,9347,0,9,ITH,ITH5,8,Emilia-Romagna,Emilia-Romagna,4459477,1443809,32.38,0.21
2130,2021-06-09,EMR,43187,21935,21252,35730,6437,1020,ITH,ITH5,8,Emilia-Romagna,Emilia-Romagna,4459477,1486996,33.34,0.97
2131,2021-03-01,EMR,10104,3585,6519,7817,2262,25,ITH,ITH5,8,Emilia-Romagna,Emilia-Romagna,4459477,1497100,33.57,0.23
2132,2021-08-05,EMR,36768,19456,17312,18388,17407,973,ITH,ITH5,8,Emilia-Romagna,Emilia-Romagna,4459477,1533868,34.4,0.82
2133,2021-08-12,EMR,27708,15052,12656,19264,6879,1565,ITH,ITH5,8,Emilia-Romagna,Emilia-Romagna,4459477,1561576,35.02,0.62
2134,2021-05-04,EMR,29316,13730,15586,15165,13674,477,ITH,ITH5,8,Emilia-Romagna,Emilia-Romagna,4459477,1590892,35.67,0.66
2135,2021-02-27,EMR,10967,3998,6969,9192,1742,33,ITH,ITH5,8,Emilia-Romagna,Emilia-Romagna,4459477,1601859,35.92,0.25
2136,2021-04-25,EMR,22360,10244,12116,14403,7515,442,ITH,ITH5,8,Emilia-Romagna,Emilia-Romagna,4459477,1624219,36.42,0.5
2137,2021-05-09,EMR,25644,12269,13375,18279,6973,392,ITH,ITH5,8,Emilia-Romagna,Emilia-Romagna,4459477,1649863,37.0,0.58
2138,2021-01-29,EMR,10427,3500,6927,290,10137,0,ITH,ITH5,8,Emilia-Romagna,Emilia-Romagna,4459477,1660290,37.23,0.23
2139,2021-02-15,EMR,2902,849,2053,2709,125,68,ITH,ITH5,8,Emilia-Romagna,Emilia-Romagna,4459477,1663192,37.3,0.07
2140,2021-01-27,EMR,8371,2951,5420,461,7910,0,ITH,ITH5,8,Emilia-Romagna,Emilia-Romagna,4459477,1671563,37.48,0.19
2141,2021-07-31,EMR,36230,19241,16989,12142,23388,700,ITH,ITH5,8,Emilia-Romagna,Emilia-Romagna,4459477,1707793,38.3,0.81
2142,2021-08-10,EMR,31327,16760,14567,15339,14916,1072,ITH,ITH5,8,Emilia-Romagna,Emilia-Romagna,4459477,1739120,39.0,0.7
2143,2021-03-13,EMR,16144,6363,9781,10593,5314,237,ITH,ITH5,8,Emilia-Romagna,Emilia-Romagna,4459477,1755264,39.36,0.36
2144,2021-07-05,EMR,33243,16209,17034,11201,21386,656,ITH,ITH5,8,Emilia-Romagna,Emilia-Romagna,4459477,1788507,40.11,0.75
2145,2021-03-27,EMR,21682,9074,12608,14522,6912,248,ITH,ITH5,8,Emilia-Romagna,Emilia-Romagna,4459477,1810189,40.59,0.49
2146,2021-04-13,EMR,23726,11132,12594,19032,4344,350,ITH,ITH5,8,Emilia-Romagna,Emilia-Romagna,4459477,1833915,41.12,0.53
2147,2021-01-03,EMR,2763,945,1818,2763,0,0,ITH,ITH5,8,Emilia-Romagna,Emilia-Romagna,4459477,1836678,41.19,0.06
2148,2021-08-31,EMR,28047,14951,13096,8312,18672,1063,ITH,ITH5,8,Emilia-Romagna,Emilia-Romagna,4459477,1864725,41.81,0.63
2149,2021-05-23,EMR,25506,11868,13638,13580,11609,317,ITH,ITH5,8,Emilia-Romagna,Emilia-Romagna,4459477,1890231,42.39,0.57
2150,2021-07-19,EMR,42008,22125,19883,6635,34775,598,ITH,ITH5,8,Emilia-Romagna,Emilia-Romagna,4459477,1932239,43.33,0.94
2151,2021-08-26,EMR,27603,14729,12874,9342,17302,959,ITH,ITH5,8,Emilia-Romagna,Emilia-Romagna,4459477,1959842,43.95,0.62
2152,2021-09-12,EMR,14479,7927,6552,3836,10194,449,ITH,ITH5,8,Emilia-Romagna,Emilia-Romagna,4459477,1974321,44.27,0.32
2153,2021-06-04,EMR,45768,23028,22740,36810,8207,751,ITH,ITH5,8,Emilia-Romagna,Emilia-Romagna,4459477,2020089,45.3,1.03
2154,2021-03-25,EMR,21484,9420,12064,14235,6993,256,ITH,ITH5,8,Emilia-Romagna,Emilia-Romagna,4459477,2041573,45.78,0.48
2155,2021-05-21,EMR,39387,17562,21825,21634,17132,621,ITH,ITH5,8,Emilia-Romagna,Emilia-Romagna,4459477,2080960,46.66,0.88
2156,2021-02-10,EMR,4024,1385,2639,2757,1261,6,ITH,ITH5,8,Emilia-Romagna,Emilia-Romagna,4459477,2084984,46.75,0.09
2157,2021-04-08,EMR,31401,14419,16982,25329,5333,739,ITH,ITH5,8,Emilia-Romagna,Emilia-Romagna,4459477,2116385,47.46,0.7
2158,2021-03-18,EMR,13773,5849,7924,5681,8005,87,ITH,ITH5,8,Emilia-Romagna,Emilia-Romagna,4459477,2130158,47.77,0.31
2159,2021-05-14,EMR,37357,17203,20154,26801,9656,900,ITH,ITH5,8,Emilia-Romagna,Emilia-Romagna,4459477,2167515,48.6,0.84
2160,2021-02-03,EMR,9349,2992,6357,962,8386,1,ITH,ITH5,8,Emilia-Romagna,Emilia-Romagna,4459477,2176864,48.81,0.21
2161,2021-04-01,EMR,23947,10765,13182,19071,4557,319,ITH,ITH5,8,Emilia-Romagna,Emilia-Romagna,4459477,2200811,49.35,0.54
2162,2021-08-07,EMR,30982,17042,13940,17728,12212,1042,ITH,ITH5,8,Emilia-Romagna,Emilia-Romagna,4459477,2231793,50.05,0.69
2163,2021-04-27,EMR,32135,14874,17261,19233,12471,431,ITH,ITH5,8,Emilia-Romagna,Emilia-Romagna,4459477,2263928,50.77,0.72
2164,2021-08-19,EMR,21550,11571,9979,11933,8730,887,ITH,ITH5,8,Emilia-Romagna,Emilia-Romagna,4459477,2285478,51.25,0.48
2165,2021-01-10,EMR,7173,2686,4487,7172,0,1,ITH,ITH5,8,Emilia-Romagna,Emilia-Romagna,4459477,2292651,51.41,0.16
2166,2021-06-16,EMR,45961,23538,22423,25244,19966,751,ITH,ITH5,8,Emilia-Romagna,Emilia-Romagna,4459477,2338612,52.44,1.03
2167,2021-03-08,EMR,12220,5099,7121,9471,2664,85,ITH,ITH5,8,Emilia-Romagna,Emilia-Romagna,4459477,2350832,52.72,0.27
2168,2021-05-02,EMR,25595,11656,13939,13190,12000,405,ITH,ITH5,8,Emilia-Romagna,Emilia-Romagna,4459477,2376427,53.29,0.57
2169,2021-01-22,EMR,1832,477,1355,1087,743,2,ITH,ITH5,8,Emilia-Romagna,Emilia-Romagna,4459477,2378259,53.33,0.04
2170,2021-08-24,EMR,23384,12703,10681,10499,11766,1119,ITH,ITH5,8,Emilia-Romagna,Emilia-Romagna,4459477,2401643,53.85,0.52
2171,2021-02-08,EMR,5238,1537,3701,2317,2918,3,ITH,ITH5,8,Emilia-Romagna,Emilia-Romagna,4459477,2406881,53.97,0.12
2172,2021-05-16,EMR,25891,12183,13708,18366,7146,379,ITH,ITH5,8,Emilia-Romagna,Emilia-Romagna,4459477,2432772,54.55,0.58
2173,2021-02-22,EMR,7487,3094,4393,7201,273,13,ITH,ITH5,8,Emilia-Romagna,Emilia-Romagna,4459477,2440259,54.72,0.17
2174,2021-08-09,EMR,30245,16136,14109,16637,12558,1050,ITH,ITH5,8,Emilia-Romagna,Emilia-Romagna,4459477,2470504,55.4,0.68
2175,2021-05-01,EMR,28432,12782,15650,15278,12795,359,ITH,ITH5,8,Emilia-Romagna,Emilia-Romagna,4459477,2498936,56.04,0.64
2176,2021-07-12,EMR,44072,22331,21741,5424,38138,510,ITH,ITH5,8,Emilia-Romagna,Emilia-Romagna,4459477,2543008,57.02,0.99
2177,2021-09-07,EMR,26042,14078,11964,5859,19596,587,ITH,ITH5,8,Emilia-Romagna,Emilia-Romagna,4459477,2569050,57.61,0.58
2178,2021-08-14,EMR,15798,8910,6888,8316,7027,455,ITH,ITH5,8,Emilia-Romagna,Emilia-Romagna,4459477,2584848,57.96,0.35
2179,2021-05-06,EMR,35985,16627,19358,22154,13102,729,ITH,ITH5,8,Emilia-Romagna,Emilia-Romagna,4459477,2620833,58.77,0.81
2180,2021-01-26,EMR,8339,3001,5338,209,8129,1,ITH,ITH5,8,Emilia-Romagna,Emilia-Romagna,4459477,2629172,58.96,0.19
2181,2021-07-02,EMR,34760,17094,17666,12379,21726,655,ITH,ITH5,8,Emilia-Romagna,Emilia-Romagna,4459477,2663932,59.74,0.78
2182,2021-03-24,EMR,21242,9414,11828,13632,7387,223,ITH,ITH5,8,Emilia-Romagna,Emilia-Romagna,4459477,2685174,60.21,0.48
2183,2021-01-24,EMR,2446,887,1559,298,2148,0,ITH,ITH5,8,Emilia-Romagna,Emilia-Romagna,4459477,2687620,60.27,0.05
2184,2021-07-09,EMR,44925,22954,21971,5415,39087,423,ITH,ITH5,8,Emilia-Romagna,Emilia-Romagna,4459477,2732545,61.28,1.01
2185,2021-01-17,EMR,2898,890,2008,2648,249,1,ITH,ITH5,8,Emilia-Romagna,Emilia-Romagna,4459477,2735443,61.34,0.06
2186,2021-02-17,EMR,6543,2766,3777,5757,773,13,ITH,ITH5,8,Emilia-Romagna,Emilia-Romagna,4459477,2741986,61.49,0.15
2187,2021-06-01,EMR,27199,13116,14083,16835,9930,434,ITH,ITH5,8,Emilia-Romagna,Emilia-Romagna,4459477,2769185,62.1,0.61
2188,2021-07-28,EMR,38701,20753,17948,13960,24049,692,ITH,ITH5,8,Emilia-Romagna,Emilia-Romagna,4459477,2807886,62.96,0.87
2189,2021-05-28,EMR,41304,18966,22338,17272,23434,598,ITH,ITH5,8,Emilia-Romagna,Emilia-Romagna,4459477,2849190,63.89,0.93
2190,2021-04-22,EMR,29060,13455,15605,14616,14080,364,ITH,ITH5,8,Emilia-Romagna,Emilia-Romagna,4459477,2878250,64.54,0.65
2191,2021-01-12,EMR,9484,3127,6357,9475,0,9,ITH,ITH5,8,Emilia-Romagna,Emilia-Romagna,4459477,2887734,64.75,0.21
2192,2021-07-16,EMR,49792,26284,23508,7034,42086,672,ITH,ITH5,8,Emilia-Romagna,Emilia-Romagna,4459477,2937526,65.87,1.12
2193,2021-06-27,EMR,29598,14894,14704,16191,12735,672,ITH,ITH5,8,Emilia-Romagna,Emilia-Romagna,4459477,2967124,66.54,0.66
2194,2021-07-14,EMR,47982,24548,23434,5589,41858,535,ITH,ITH5,8,Emilia-Romagna,Emilia-Romagna,4459477,3015106,67.61,1.08
2195,2021-04-05,EMR,14857,6810,8047,11786,2895,176,ITH,ITH5,8,Emilia-Romagna,Emilia-Romagna,4459477,3029963,67.94,0.33
2196,2021-08-02,EMR,38530,20357,18173,14773,23091,666,ITH,ITH5,8,Emilia-Romagna,Emilia-Romagna,4459477,3068493,68.81,0.86
2197,2021-04-24,EMR,28655,13251,15404,14063,14242,350,ITH,ITH5,8,Emilia-Romagna,Emilia-Romagna,4459477,3097148,69.45,0.64
2198,2021-05-11,EMR,35822,16807,19015,27863,7263,696,ITH,ITH5,8,Emilia-Romagna,Emilia-Romagna,4459477,3132970,70.25,0.8
2199,2021-01-31,EMR,7709,2771,4938,240,7469,0,ITH,ITH5,8,Emilia-Romagna,Emilia-Romagna,4459477,3140679,70.43,0.17
2200,2021-04-20,EMR,22655,10419,12236,13887,8367,401,ITH,ITH5,8,Emilia-Romagna,Emilia-Romagna,4459477,3163334,70.94,0.51
2201,2021-06-23,EMR,38081,19097,18984,18469,18887,725,ITH,ITH5,8,Emilia-Romagna,Emilia-Romagna,4459477,3201415,71.79,0.85
2202,2021-01-08,EMR,10877,3587,7290,10874,0,3,ITH,ITH5,8,Emilia-Romagna,Emilia-Romagna,4459477,3212292,72.03,0.24
2203,2021-03-06,EMR,21036,5971,15065,18169,2743,124,ITH,ITH5,8,Emilia-Romagna,Emilia-Romagna,4459477,3233328,72.5,0.47
2204,2021-02-05,EMR,9310,2963,6347,1617,7689,4,ITH,ITH5,8,Emilia-Romagna,Emilia-Romagna,4459477,3242638,72.71,0.21
2205,2021-09-11,EMR,24650,13978,10672,4491,19605,554,ITH,ITH5,8,Emilia-Romagna,Emilia-Romagna,4459477,3267288,73.27,0.55
2206,2021-06-20,EMR,30752,15601,15151,15592,14674,486,ITH,ITH5,8,Emilia-Romagna,Emilia-Romagna,4459477,3298040,73.96,0.69
2207,2021-01-20,EMR,1331,269,1062,1329,1,1,ITH,ITH5,8,Emilia-Romagna,Emilia-Romagna,4459477,3299371,73.99,0.03
2208,2021-07-24,EMR,38881,20967,17914,17241,20641,999,ITH,ITH5,8,Emilia-Romagna,Emilia-Romagna,4459477,3338252,74.86,0.87
2209,2021-04-15,EMR,29368,13986,15382,19240,9683,445,ITH,ITH5,8,Emilia-Romagna,Emilia-Romagna,4459477,3367620,75.52,0.66
2210,2021-06-18,EMR,42788,21456,21332,16286,25932,570,ITH,ITH5,8,Emilia-Romagna,Emilia-Romagna,4459477,3410408,76.48,0.96
2211,2021-03-10,EMR,18813,7743,11070,12983,5648,182,ITH,ITH5,8,Emilia-Romagna,Emilia-Romagna,4459477,3429221,76.9,0.42
2212,2021-05-18,EMR,29237,13282,15955,18101,10647,489,ITH,ITH5,8,Emilia-Romagna,Emilia-Romagna,4459477,3458458,77.55,0.66
2213,2021-02-07,EMR,4794,1537,3257,1724,3068,2,ITH,ITH5,8,Emilia-Romagna,Emilia-Romagna,4459477,3463252,77.66,0.11
2214,2021-02-24,EMR,9359,3568,5791,8453,890,16,ITH,ITH5,8,Emilia-Romagna,Emilia-Romagna,4459477,3472611,77.87,0.21
2215,2021-01-05,EMR,9373,3173,6200,9369,0,4,ITH,ITH5,8,Emilia-Romagna,Emilia-Romagna,4459477,3481984,78.08,0.21
2216,2021-02-12,EMR,5330,1679,3651,3900,1407,23,ITH,ITH5,8,Emilia-Romagna,Emilia-Romagna,4459477,3487314,78.2,0.12
2217,2021-04-10,EMR,20938,9305,11633,16455,4148,335,ITH,ITH5,8,Emilia-Romagna,Emilia-Romagna,4459477,3508252,78.67,0.47
2218,2021-04-17,EMR,27324,13087,14237,17577,9355,392,ITH,ITH5,8,Emilia-Romagna,Emilia-Romagna,4459477,3535576,79.28,0.61
2219,2021-01-07,EMR,10292,3408,6884,10288,0,4,ITH,ITH5,8,Emilia-Romagna,Emilia-Romagna,4459477,3545868,79.51,0.23
2220,2021-06-29,EMR,37730,18607,19123,18132,18798,800,ITH,ITH5,8,Emilia-Romagna,Emilia-Romagna,4459477,3583598,80.36,0.85
2221,2021-03-21,EMR,11959,5296,6663,7261,4604,94,ITH,ITH5,8,Emilia-Romagna,Emilia-Romagna,4459477,3595557,80.63,0.27
2222,2021-06-10,EMR,45107,23170,21937,38678,5388,1041,ITH,ITH5,8,Emilia-Romagna,Emilia-Romagna,4459477,3640664,81.64,1.01
2223,2021-03-02,EMR,12664,4274,8390,10515,2091,58,ITH,ITH5,8,Emilia-Romagna,Emilia-Romagna,4459477,3653328,81.92,0.28
2224,2021-03-19,EMR,15920,6970,8950,7791,7971,158,ITH,ITH5,8,Emilia-Romagna,Emilia-Romagna,4459477,3669248,82.28,0.36
2225,2021-04-02,EMR,23374,10535,12839,18553,4488,333,ITH,ITH5,8,Emilia-Romagna,Emilia-Romagna,4459477,3692622,82.8,0.52
2226,2021-09-06,EMR,25272,13406,11866,7034,17429,809,ITH,ITH5,8,Emilia-Romagna,Emilia-Romagna,4459477,3717894,83.37,0.57
2227,2021-05-29,EMR,37952,16522,21430,16660,20766,526,ITH,ITH5,8,Emilia-Romagna,Emilia-Romagna,4459477,3755846,84.22,0.85
2228,2021-07-11,EMR,30400,15244,15156,2754,27377,269,ITH,ITH5,8,Emilia-Romagna,Emilia-Romagna,4459477,3786246,84.9,0.68
2229,2021-07-23,EMR,40435,21907,18528,19801,19490,1144,ITH,ITH5,8,Emilia-Romagna,Emilia-Romagna,4459477,3826681,85.81,0.91
2230,2021-04-14,EMR,27063,12851,14212,20522,6114,427,ITH,ITH5,8,Emilia-Romagna,Emilia-Romagna,4459477,3853744,86.42,0.61
2231,2021-08-28,EMR,26287,14542,11745,8619,16843,825,ITH,ITH5,8,Emilia-Romagna,Emilia-Romagna,4459477,3880031,87.01,0.59
2232,2021-05-20,EMR,40414,18344,22070,18391,21504,519,ITH,ITH5,8,Emilia-Romagna,Emilia-Romagna,4459477,3920445,87.91,0.91
2233,2021-08-23,EMR,22602,11767,10835,11837,9474,1291,ITH,ITH5,8,Emilia-Romagna,Emilia-Romagna,4459477,3943047,88.42,0.51
2234,2021-04-29,EMR,44992,21152,23840,26606,17565,821,ITH,ITH5,8,Emilia-Romagna,Emilia-Romagna,4459477,3988039,89.43,1.01
2235,2021-01-19,EMR,2050,507,1543,2032,17,1,ITH,ITH5,8,Emilia-Romagna,Emilia-Romagna,4459477,3990089,89.47,0.05
2236,2021-07-07,EMR,37924,19151,18773,13400,23724,800,ITH,ITH5,8,Emilia-Romagna,Emilia-Romagna,4459477,4028013,90.32,0.85
2237,2021-03-29,EMR,21437,9619,11818,16540,4665,232,ITH,ITH5,8,Emilia-Romagna,Emilia-Romagna,4459477,4049450,90.81,0.48
2238,2021-02-21,EMR,4449,1707,2742,3999,440,10,ITH,ITH5,8,Emilia-Romagna,Emilia-Romagna,4459477,4053899,90.91,0.1
2239,2021-09-09,EMR,24459,12991,11468,5200,18633,626,ITH,ITH5,8,Emilia-Romagna,Emilia-Romagna,4459477,4078358,91.45,0.55
2240,2021-04-12,EMR,19260,9016,10244,14449,4452,359,ITH,ITH5,8,Emilia-Romagna,Emilia-Romagna,4459477,4097618,91.89,0.43
2241,2021-06-08,EMR,45151,23118,22033,36798,7548,805,ITH,ITH5,8,Emilia-Romagna,Emilia-Romagna,4459477,4142769,92.9,1.01
2242,2021-08-04,EMR,35346,18845,16501,13032,21688,626,ITH,ITH5,8,Emilia-Romagna,Emilia-Romagna,4459477,4178115,93.69,0.79
2243,2021-04-03,EMR,19971,8763,11208,15956,3800,215,ITH,ITH5,8,Emilia-Romagna,Emilia-Romagna,4459477,4198086,94.14,0.45
2244,2021-05-30,EMR,27103,12808,14295,12984,13714,405,ITH,ITH5,8,Emilia-Romagna,Emilia-Romagna,4459477,4225189,94.75,0.61
2245,2021-02-19,EMR,7330,3012,4318,6802,514,14,ITH,ITH5,8,Emilia-Romagna,Emilia-Romagna,4459477,4232519,94.91,0.16
2246,2021-07-26,EMR,39572,21101,18471,15894,22885,793,ITH,ITH5,8,Emilia-Romagna,Emilia-Romagna,4459477,4272091,95.8,0.89
2247,2020-12-31,EMR,2214,779,1435,2213,0,1,ITH,ITH5,8,Emilia-Romagna,Emilia-Romagna,4459477,4274305,95.85,0.05
2248,2021-06-06,EMR,36603,19002,17601,31537,4415,651,ITH,ITH5,8,Emilia-Romagna,Emilia-Romagna,4459477,4310908,96.67,0.82
2249,2021-02-26,EMR,9643,3677,5966,8563,1054,26,ITH,ITH5,8,Emilia-Romagna,Emilia-Romagna,4459477,4320551,96.88,0.22
2250,2021-08-06,EMR,34668,18595,16073,18796,14987,885,ITH,ITH5,8,Emilia-Romagna,Emilia-Romagna,4459477,4355219,97.66,0.78
2251,2021-04-28,EMR,33752,15604,18148,20263,12899,590,ITH,ITH5,8,Emilia-Romagna,Emilia-Romagna,4459477,4388971,98.42,0.76
2252,2021-06-24,EMR,40651,20417,20234,20270,19570,811,ITH,ITH5,8,Emilia-Romagna,Emilia-Romagna,4459477,4429622,99.33,0.91
2253,2021-08-20,EMR,19728,10740,8988,10243,8515,970,ITH,ITH5,8,Emilia-Romagna,Emilia-Romagna,4459477,4449350,99.77,0.44
2254,2021-07-21,EMR,43693,23306,20387,10779,32283,631,ITH,ITH5,8,Emilia-Romagna,Emilia-Romagna,4459477,4493043,100.75,0.98
2255,2021-04-19,EMR,20922,9806,11116,14337,6284,301,ITH,ITH5,8,Emilia-Romagna,Emilia-Romagna,4459477,4513965,101.22,0.47
2256,2021-01-09,EMR,9999,3458,6541,9995,0,4,ITH,ITH5,8,Emilia-Romagna,Emilia-Romagna,4459477,4523964,101.45,0.22
2257,2021-06-15,EMR,43879,22643,21236,27908,15075,896,ITH,ITH5,8,Emilia-Romagna,Emilia-Romagna,4459477,4567843,102.43,0.98
2258,2021-03-07,EMR,7850,2962,4888,6288,1525,37,ITH,ITH5,8,Emilia-Romagna,Emilia-Romagna,4459477,4575693,102.61,0.18
2259,2021-05-03,EMR,28739,13570,15169,17396,10887,456,ITH,ITH5,8,Emilia-Romagna,Emilia-Romagna,4459477,4604432,103.25,0.64
2260,2021-03-31,EMR,25289,11057,14232,19505,5473,311,ITH,ITH5,8,Emilia-Romagna,Emilia-Romagna,4459477,4629721,103.82,0.57
2261,2021-07-13,EMR,48503,24845,23658,6469,41347,687,ITH,ITH5,8,Emilia-Romagna,Emilia-Romagna,4459477,4678224,104.91,1.09
2262,2021-09-08,EMR,22633,12200,10433,5793,16216,624,ITH,ITH5,8,Emilia-Romagna,Emilia-Romagna,4459477,4700857,105.41,0.51
2263,2021-07-04,EMR,24272,12070,12202,10172,13609,491,ITH,ITH5,8,Emilia-Romagna,Emilia-Romagna,4459477,4725129,105.96,0.54
2264,2021-03-26,EMR,23739,10125,13614,17022,6443,274,ITH,ITH5,8,Emilia-Romagna,Emilia-Romagna,4459477,4748868,106.49,0.53
2265,2021-04-07,EMR,26889,12307,14582,20463,6080,346,ITH,ITH5,8,Emilia-Romagna,Emilia-Romagna,4459477,4775757,107.09,0.6
2266,2021-01-14,EMR,8132,2595,5537,8123,0,9,ITH,ITH5,8,Emilia-Romagna,Emilia-Romagna,4459477,4783889,107.27,0.18
2267,2021-06-25,EMR,42865,21813,21052,19739,22320,806,ITH,ITH5,8,Emilia-Romagna,Emilia-Romagna,4459477,4826754,108.24,0.96
2268,2021-03-17,EMR,13731,5699,8032,5817,7855,59,ITH,ITH5,8,Emilia-Romagna,Emilia-Romagna,4459477,4840485,108.54,0.31
2269,2021-08-21,EMR,19098,10684,8414,10434,7768,896,ITH,ITH5,8,Emilia-Romagna,Emilia-Romagna,4459477,4859583,108.97,0.43
2270,2021-05-13,EMR,35865,16520,19345,27292,7852,721,ITH,ITH5,8,Emilia-Romagna,Emilia-Romagna,4459477,4895448,109.78,0.8
2271,2021-03-15,EMR,13461,6252,7209,6852,6507,102,ITH,ITH5,8,Emilia-Romagna,Emilia-Romagna,4459477,4908909,110.08,0.3
2272,2021-01-21,EMR,2167,730,1437,819,1348,0,ITH,ITH5,8,Emilia-Romagna,Emilia-Romagna,4459477,4911076,110.13,0.05
2273,2021-06-03,EMR,37936,18444,19492,29685,7560,691,ITH,ITH5,8,Emilia-Romagna,Emilia-Romagna,4459477,4949012,110.98,0.85
2274,2021-02-23,EMR,8217,3219,4998,7819,386,12,ITH,ITH5,8,Emilia-Romagna,Emilia-Romagna,4459477,4957229,111.16,0.18
2275,2021-03-12,EMR,18325,7709,10616,11308,6721,296,ITH,ITH5,8,Emilia-Romagna,Emilia-Romagna,4459477,4975554,111.57,0.41
2276,2021-07-25,EMR,28479,15184,13295,10553,17441,485,ITH,ITH5,8,Emilia-Romagna,Emilia-Romagna,4459477,5004033,112.21,0.64
2277,2021-08-11,EMR,27751,14876,12875,12061,14878,812,ITH,ITH5,8,Emilia-Romagna,Emilia-Romagna,4459477,5031784,112.83,0.62
2278,2021-08-25,EMR,25130,13541,11589,9551,14610,969,ITH,ITH5,8,Emilia-Romagna,Emilia-Romagna,4459477,5056914,113.4,0.56
2279,2021-02-28,EMR,6830,2528,4302,4959,1852,19,ITH,ITH5,8,Emilia-Romagna,Emilia-Romagna,4459477,5063744,113.55,0.15
2280,2021-04-26,EMR,27915,12940,14975,18038,9324,553,ITH,ITH5,8,Emilia-Romagna,Emilia-Romagna,4459477,5091659,114.18,0.63
2281,2021-01-16,EMR,5632,1719,3913,5631,0,1,ITH,ITH5,8,Emilia-Romagna,Emilia-Romagna,4459477,5097291,114.3,0.13
2282,2021-03-14,EMR,8807,3840,4967,4943,3800,64,ITH,ITH5,8,Emilia-Romagna,Emilia-Romagna,4459477,5106098,114.5,0.2
2283,2021-06-17,EMR,46708,23667,23041,21773,24230,705,ITH,ITH5,8,Emilia-Romagna,Emilia-Romagna,4459477,5152806,115.55,1.05
2284,2021-08-13,EMR,21255,11799,9456,14259,6086,910,ITH,ITH5,8,Emilia-Romagna,Emilia-Romagna,4459477,5174061,116.02,0.48
2285,2021-01-02,EMR,2379,917,1462,2379,0,0,ITH,ITH5,8,Emilia-Romagna,Emilia-Romagna,4459477,5176440,116.08,0.05
2286,2021-09-13,EMR,23887,12910,10977,4667,18515,705,ITH,ITH5,8,Emilia-Romagna,Emilia-Romagna,4459477,5200327,116.61,0.54
2287,2021-06-05,EMR,44327,22386,21941,36623,6925,779,ITH,ITH5,8,Emilia-Romagna,Emilia-Romagna,4459477,5244654,117.61,0.99
2288,2021-06-22,EMR,36543,18200,18343,16259,19640,644,ITH,ITH5,8,Emilia-Romagna,Emilia-Romagna,4459477,5281197,118.43,0.82
2289,2021-07-06,EMR,36817,18513,18304,12924,23199,694,ITH,ITH5,8,Emilia-Romagna,Emilia-Romagna,4459477,5318014,119.25,0.83
2290,2021-05-17,EMR,32485,15417,17068,22336,9565,584,ITH,ITH5,8,Emilia-Romagna,Emilia-Romagna,4459477,5350499,119.98,0.73
2291,2021-02-09,EMR,4161,1253,2908,2307,1853,1,ITH,ITH5,8,Emilia-Romagna,Emilia-Romagna,4459477,5354660,120.07,0.09
2292,2021-09-01,EMR,22597,12043,10554,7183,14669,745,ITH,ITH5,8,Emilia-Romagna,Emilia-Romagna,4459477,5377257,120.58,0.51
2293,2021-05-15,EMR,33297,14998,18299,22214,10442,641,ITH,ITH5,8,Emilia-Romagna,Emilia-Romagna,4459477,5410554,121.33,0.75
2294,2021-02-04,EMR,9935,3208,6727,1235,8699,1,ITH,ITH5,8,Emilia-Romagna,Emilia-Romagna,4459477,5420489,121.55,0.22
2295,2021-05-22,EMR,33179,14161,19018,16473,16249,457,ITH,ITH5,8,Emilia-Romagna,Emilia-Romagna,4459477,5453668,122.29,0.74
2296,2021-07-18,EMR,34587,17916,16671,8189,25830,568,ITH,ITH5,8,Emilia-Romagna,Emilia-Romagna,4459477,5488255,123.07,0.78
2297,2021-04-09,EMR,25803,11695,14108,19527,5761,515,ITH,ITH5,8,Emilia-Romagna,Emilia-Romagna,4459477,5514058,123.65,0.58
2298,2021-02-02,EMR,9499,3056,6443,534,8964,1,ITH,ITH5,8,Emilia-Romagna,Emilia-Romagna,4459477,5523557,123.86,0.21
2299,2021-08-30,EMR,27015,14185,12830,7626,18358,1031,ITH,ITH5,8,Emilia-Romagna,Emilia-Romagna,4459477,5550572,124.47,0.61
2300,2021-06-30,EMR,34264,17292,16972,17703,15667,894,ITH,ITH5,8,Emilia-Romagna,Emilia-Romagna,4459477,5584836,125.24,0.77
2301,2021-07-17,EMR,43667,23055,20612,7175,35752,740,ITH,ITH5,8,Emilia-Romagna,Emilia-Romagna,4459477,5628503,126.21,0.98
2302,2021-06-11,EMR,45992,23871,22121,38331,6558,1103,ITH,ITH5,8,Emilia-Romagna,Emilia-Romagna,4459477,5674495,127.25,1.03
2303,2021-06-28,EMR,40082,19669,20413,19630,19580,872,ITH,ITH5,8,Emilia-Romagna,Emilia-Romagna,4459477,5714577,128.14,0.9
2304,2021-03-20,EMR,16094,6832,9262,8958,6967,169,ITH,ITH5,8,Emilia-Romagna,Emilia-Romagna,4459477,5730671,128.51,0.36
2305,2021-04-06,EMR,24771,11182,13589,19728,4751,292,ITH,ITH5,8,Emilia-Romagna,Emilia-Romagna,4459477,5755442,129.06,0.56
2306,2020-12-27,EMR,973,374,599,973,0,0,ITH,ITH5,8,Emilia-Romagna,Emilia-Romagna,4459477,5756415,129.08,0.02
2307,2021-06-13,EMR,28776,15012,13764,23811,4288,677,ITH,ITH5,8,Emilia-Romagna,Emilia-Romagna,4459477,5785191,129.73,0.65
2308,2021-03-05,EMR,17921,5864,12057,14291,3505,125,ITH,ITH5,8,Emilia-Romagna,Emilia-Romagna,4459477,5803112,130.13,0.4
2309,2021-03-22,EMR,17660,7821,9839,10616,6872,172,ITH,ITH5,8,Emilia-Romagna,Emilia-Romagna,4459477,5820772,130.53,0.4
2310,2021-03-03,EMR,15896,5268,10628,13357,2486,53,ITH,ITH5,8,Emilia-Romagna,Emilia-Romagna,4459477,5836668,130.88,0.36
2311,2021-09-04,EMR,23721,12908,10813,8380,14446,895,ITH,ITH5,8,Emilia-Romagna,Emilia-Romagna,4459477,5860389,131.41,0.53
2312,2021-08-16,EMR,20223,10871,9352,12627,6580,1016,ITH,ITH5,8,Emilia-Romagna,Emilia-Romagna,4459477,5880612,131.87,0.45
2313,2021-09-02,EMR,24935,13241,11694,6458,17780,697,ITH,ITH5,8,Emilia-Romagna,Emilia-Romagna,4459477,5905547,132.43,0.56
2314,2021-05-25,EMR,25244,11240,14004,11301,13513,430,ITH,ITH5,8,Emilia-Romagna,Emilia-Romagna,4459477,5930791,132.99,0.57
2315,2021-02-14,EMR,1405,378,1027,1277,120,8,ITH,ITH5,8,Emilia-Romagna,Emilia-Romagna,4459477,5932196,133.02,0.03
2316,2021-05-27,EMR,42350,18770,23580,13556,28287,507,ITH,ITH5,8,Emilia-Romagna,Emilia-Romagna,4459477,5974546,133.97,0.95
2317,2021-02-16,EMR,5774,2448,3326,5230,530,14,ITH,ITH5,8,Emilia-Romagna,Emilia-Romagna,4459477,5980320,134.1,0.13
2318,2021-08-01,EMR,30051,16163,13888,10275,19369,407,ITH,ITH5,8,Emilia-Romagna,Emilia-Romagna,4459477,6010371,134.78,0.67
2319,2021-08-18,EMR,22278,12200,10078,14565,6653,1060,ITH,ITH5,8,Emilia-Romagna,Emilia-Romagna,4459477,6032649,135.28,0.5
2320,2021-05-10,EMR,33895,16151,17744,26005,7263,627,ITH,ITH5,8,Emilia-Romagna,Emilia-Romagna,4459477,6066544,136.04,0.76
2321,2021-07-30,EMR,39861,21413,18448,15671,23464,726,ITH,ITH5,8,Emilia-Romagna,Emilia-Romagna,4459477,6106405,136.93,0.89
2322,2021-04-21,EMR,23976,10972,13004,13869,9745,362,ITH,ITH5,8,Emilia-Romagna,Emilia-Romagna,4459477,6130381,137.47,0.54
2323,2021-05-08,EMR,32379,15112,17267,20397,11439,543,ITH,ITH5,8,Emilia-Romagna,Emilia-Romagna,4459477,6162760,138.19,0.73
2324,2021-01-28,EMR,10263,3343,6920,348,9915,0,ITH,ITH5,8,Emilia-Romagna,Emilia-Romagna,4459477,6173023,138.42,0.23
2325,2021-09-06,MAR,6374,3388,2986,1770,4391,213,ITI,ITI3,11,Marche,Marche,1525271,6374,0.42,0.42
2326,2021-05-27,MAR,13733,6818,6915,9180,4301,252,ITI,ITI3,11,Marche,Marche,1525271,20107,1.32,0.9
2327,2021-03-31,MAR,7376,3089,4287,4262,3025,89,ITI,ITI3,11,Marche,Marche,1525271,27483,1.8,0.48
2328,2021-09-04,MAR,5448,2975,2473,1640,3624,184,ITI,ITI3,11,Marche,Marche,1525271,32931,2.16,0.36
2329,2021-04-05,MAR,5703,2367,3336,4352,1269,82,ITI,ITI3,11,Marche,Marche,1525271,38634,2.53,0.37
2330,2021-06-27,MAR,9949,4819,5130,4486,5292,171,ITI,ITI3,11,Marche,Marche,1525271,48583,3.19,0.65
2331,2021-03-19,MAR,3881,1621,2260,325,3544,12,ITI,ITI3,11,Marche,Marche,1525271,52464,3.44,0.25
2332,2021-08-11,MAR,7571,4099,3472,3170,4165,236,ITI,ITI3,11,Marche,Marche,1525271,60035,3.94,0.5
2333,2021-06-15,MAR,13197,6572,6625,9827,3052,318,ITI,ITI3,11,Marche,Marche,1525271,73232,4.8,0.87
2334,2021-01-12,MAR,1237,418,819,1224,0,13,ITI,ITI3,11,Marche,Marche,1525271,74469,4.88,0.08
2335,2021-06-22,MAR,13219,6482,6737,6475,6461,283,ITI,ITI3,11,Marche,Marche,1525271,87688,5.75,0.87
2336,2021-04-26,MAR,9176,4063,5113,6018,3028,130,ITI,ITI3,11,Marche,Marche,1525271,96864,6.35,0.6
2337,2021-05-20,MAR,12684,5961,6723,7537,4896,251,ITI,ITI3,11,Marche,Marche,1525271,109548,7.18,0.83
2338,2021-02-07,MAR,1872,735,1137,331,1529,12,ITI,ITI3,11,Marche,Marche,1525271,111420,7.3,0.12
2339,2021-07-23,MAR,15543,8280,7263,2529,12789,225,ITI,ITI3,11,Marche,Marche,1525271,126963,8.32,1.02
2340,2021-03-24,MAR,7098,3019,4079,3309,3716,73,ITI,ITI3,11,Marche,Marche,1525271,134061,8.79,0.47
2341,2021-06-01,MAR,12056,6157,5899,9679,2090,287,ITI,ITI3,11,Marche,Marche,1525271,146117,9.58,0.79
2342,2021-03-10,MAR,5713,2442,3271,4479,1180,54,ITI,ITI3,11,Marche,Marche,1525271,151830,9.95,0.37
2343,2021-02-21,MAR,376,141,235,363,1,12,ITI,ITI3,11,Marche,Marche,1525271,152206,9.98,0.02
2344,2021-08-06,MAR,11704,6353,5351,4144,7278,282,ITI,ITI3,11,Marche,Marche,1525271,163910,10.75,0.77
2345,2021-05-15,MAR,14118,6441,7677,7826,6044,248,ITI,ITI3,11,Marche,Marche,1525271,178028,11.67,0.93
2346,2021-08-23,MAR,6195,3340,2855,2277,3650,268,ITI,ITI3,11,Marche,Marche,1525271,184223,12.08,0.41
2347,2021-02-19,MAR,2002,739,1263,1826,135,41,ITI,ITI3,11,Marche,Marche,1525271,186225,12.21,0.13
2348,2021-01-26,MAR,2022,747,1275,70,1943,9,ITI,ITI3,11,Marche,Marche,1525271,188247,12.34,0.13
2349,2021-07-11,MAR,10399,5220,5179,1605,8657,137,ITI,ITI3,11,Marche,Marche,1525271,198646,13.02,0.68
2350,2021-04-19,MAR,9609,4503,5106,7898,1588,123,ITI,ITI3,11,Marche,Marche,1525271,208255,13.65,0.63
2351,2021-07-28,MAR,14198,7369,6829,3249,10717,232,ITI,ITI3,11,Marche,Marche,1525271,222453,14.58,0.93
2352,2021-01-21,MAR,922,262,660,577,328,17,ITI,ITI3,11,Marche,Marche,1525271,223375,14.64,0.06
2353,2021-05-01,MAR,9328,3927,5401,3500,5751,77,ITI,ITI3,11,Marche,Marche,1525271,232703,15.26,0.61
2354,2021-07-09,MAR,14903,7502,7401,2557,12132,214,ITI,ITI3,11,Marche,Marche,1525271,247606,16.23,0.98
2355,2021-09-13,MAR,8071,4280,3791,2050,5777,244,ITI,ITI3,11,Marche,Marche,1525271,255677,16.76,0.53
2356,2021-03-29,MAR,5898,2584,3314,3391,2458,49,ITI,ITI3,11,Marche,Marche,1525271,261575,17.15,0.39
2357,2021-06-03,MAR,14638,7483,7155,12081,2252,305,ITI,ITI3,11,Marche,Marche,1525271,276213,18.11,0.96
2358,2021-03-17,MAR,3477,1525,1952,105,3370,2,ITI,ITI3,11,Marche,Marche,1525271,279690,18.34,0.23
2359,2021-08-30,MAR,5677,2841,2836,2358,3049,270,ITI,ITI3,11,Marche,Marche,1525271,285367,18.71,0.37
2360,2021-02-28,MAR,2836,1251,1585,2822,6,8,ITI,ITI3,11,Marche,Marche,1525271,288203,18.9,0.19
2361,2021-06-08,MAR,14098,7094,7004,11195,2611,292,ITI,ITI3,11,Marche,Marche,1525271,302301,19.82,0.92
2362,2021-01-19,MAR,233,87,146,140,90,3,ITI,ITI3,11,Marche,Marche,1525271,302534,19.83,0.02
2363,2021-02-02,MAR,1193,398,795,70,1123,0,ITI,ITI3,11,Marche,Marche,1525271,303727,19.91,0.08
2364,2021-05-13,MAR,12613,5698,6915,6823,5508,282,ITI,ITI3,11,Marche,Marche,1525271,316340,20.74,0.83
2365,2021-04-12,MAR,8571,3773,4798,7931,482,158,ITI,ITI3,11,Marche,Marche,1525271,324911,21.3,0.56
2366,2021-01-02,MAR,458,143,315,456,0,2,ITI,ITI3,11,Marche,Marche,1525271,325369,21.33,0.03
2367,2021-08-18,MAR,6422,3422,3000,3215,2872,335,ITI,ITI3,11,Marche,Marche,1525271,331791,21.75,0.42
2368,2021-08-04,MAR,12002,6380,5622,4059,7701,242,ITI,ITI3,11,Marche,Marche,1525271,343793,22.54,0.79
2369,2021-07-18,MAR,12125,6310,5815,1333,10674,118,ITI,ITI3,11,Marche,Marche,1525271,355918,23.33,0.79
2370,2021-01-31,MAR,1921,772,1149,93,1824,4,ITI,ITI3,11,Marche,Marche,1525271,357839,23.46,0.13
2371,2021-04-07,MAR,8873,3932,4941,8357,369,147,ITI,ITI3,11,Marche,Marche,1525271,366712,24.04,0.58
2372,2021-02-09,MAR,125,42,83,46,79,0,ITI,ITI3,11,Marche,Marche,1525271,366837,24.05,0.01
2373,2021-07-16,MAR,15838,8239,7599,1844,13736,258,ITI,ITI3,11,Marche,Marche,1525271,382675,25.09,1.04
2374,2021-06-12,MAR,13781,7315,6466,12104,1346,331,ITI,ITI3,11,Marche,Marche,1525271,396456,25.99,0.9
2375,2021-07-04,MAR,10897,5446,5451,3204,7531,162,ITI,ITI3,11,Marche,Marche,1525271,407353,26.71,0.71
2376,2021-09-11,MAR,3670,1900,1770,1373,2128,169,ITI,ITI3,11,Marche,Marche,1525271,411023,26.95,0.24
2377,2020-12-31,MAR,392,184,208,390,0,2,ITI,ITI3,11,Marche,Marche,1525271,411415,26.97,0.03
2378,2021-03-05,MAR,6224,2873,3351,4689,1469,66,ITI,ITI3,11,Marche,Marche,1525271,417639,27.38,0.41
2379,2021-01-07,MAR,1821,642,1179,1804,0,17,ITI,ITI3,11,Marche,Marche,1525271,419460,27.5,0.12
2380,2021-03-12,MAR,4681,1999,2682,3346,1280,55,ITI,ITI3,11,Marche,Marche,1525271,424141,27.81,0.31
2381,2021-01-14,MAR,2019,696,1323,1995,0,24,ITI,ITI3,11,Marche,Marche,1525271,426160,27.94,0.13
2382,2021-06-20,MAR,11160,5547,5613,5990,4988,182,ITI,ITI3,11,Marche,Marche,1525271,437320,28.67,0.73
2383,2021-02-14,MAR,738,301,437,726,0,12,ITI,ITI3,11,Marche,Marche,1525271,438058,28.72,0.05
2384,2021-08-16,MAR,5165,2781,2384,2983,2022,160,ITI,ITI3,11,Marche,Marche,1525271,443223,29.06,0.34
2385,2021-05-08,MAR,12293,5486,6807,4850,7265,178,ITI,ITI3,11,Marche,Marche,1525271,455516,29.86,0.81
2386,2021-07-30,MAR,14714,7863,6851,4867,9559,288,ITI,ITI3,11,Marche,Marche,1525271,470230,30.83,0.96
2387,2021-02-18,MAR,2146,787,1359,1806,288,52,ITI,ITI3,11,Marche,Marche,1525271,472376,30.97,0.14
2388,2021-05-29,MAR,12875,6239,6636,8117,4540,218,ITI,ITI3,11,Marche,Marche,1525271,485251,31.81,0.84
2389,2021-02-16,MAR,1287,475,812,1225,30,32,ITI,ITI3,11,Marche,Marche,1525271,486538,31.9,0.08
2390,2021-02-25,MAR,3561,1465,2096,3317,181,63,ITI,ITI3,11,Marche,Marche,1525271,490099,32.13,0.23
2391,2021-03-02,MAR,5002,1967,3035,4370,566,66,ITI,ITI3,11,Marche,Marche,1525271,495101,32.46,0.33
2392,2021-06-10,MAR,14930,7695,7235,12575,2013,342,ITI,ITI3,11,Marche,Marche,1525271,510031,33.44,0.98
2393,2021-09-01,MAR,6204,3279,2925,2019,3952,233,ITI,ITI3,11,Marche,Marche,1525271,516235,33.85,0.41
2394,2021-08-15,MAR,225,112,113,205,13,7,ITI,ITI3,11,Marche,Marche,1525271,516460,33.86,0.01
2395,2021-05-24,MAR,11000,5193,5807,7957,2866,177,ITI,ITI3,11,Marche,Marche,1525271,527460,34.58,0.72
2396,2021-08-25,MAR,5584,2990,2594,2724,2539,321,ITI,ITI3,11,Marche,Marche,1525271,533044,34.95,0.37
2397,2021-03-07,MAR,5180,2107,3073,4377,754,49,ITI,ITI3,11,Marche,Marche,1525271,538224,35.29,0.34
2398,2021-08-08,MAR,5637,3020,2617,1681,3845,111,ITI,ITI3,11,Marche,Marche,1525271,543861,35.66,0.37
2399,2021-07-06,MAR,13963,6920,7043,3142,10598,223,ITI,ITI3,11,Marche,Marche,1525271,557824,36.57,0.92
2400,2021-07-20,MAR,14396,7435,6961,1767,12454,175,ITI,ITI3,11,Marche,Marche,1525271,572220,37.52,0.94
2401,2021-01-23,MAR,557,190,367,118,436,3,ITI,ITI3,11,Marche,Marche,1525271,572777,37.55,0.04
2402,2021-06-29,MAR,13371,6599,6772,4926,8215,230,ITI,ITI3,11,Marche,Marche,1525271,586148,38.43,0.88
2403,2021-05-03,MAR,10410,4690,5720,4857,5414,139,ITI,ITI3,11,Marche,Marche,1525271,596558,39.11,0.68
2404,2021-03-28,MAR,4128,1741,2387,2397,1693,38,ITI,ITI3,11,Marche,Marche,1525271,600686,39.38,0.27
2405,2021-01-30,MAR,1906,669,1237,24,1882,0,ITI,ITI3,11,Marche,Marche,1525271,602592,39.51,0.12
2406,2021-02-04,MAR,2389,844,1545,107,2277,5,ITI,ITI3,11,Marche,Marche,1525271,604981,39.66,0.16
2407,2021-01-18,MAR,696,237,459,536,149,11,ITI,ITI3,11,Marche,Marche,1525271,605677,39.71,0.05
2408,2021-04-28,MAR,10938,4983,5955,6018,4745,175,ITI,ITI3,11,Marche,Marche,1525271,616615,40.43,0.72
2409,2021-04-24,MAR,12172,5366,6806,7557,4467,148,ITI,ITI3,11,Marche,Marche,1525271,628787,41.22,0.8
2410,2021-02-26,MAR,3681,1523,2158,3096,480,105,ITI,ITI3,11,Marche,Marche,1525271,632468,41.47,0.24
2411,2021-05-12,MAR,10433,4692,5741,4733,5505,195,ITI,ITI3,11,Marche,Marche,1525271,642901,42.15,0.68
2412,2021-08-20,MAR,4963,2693,2270,2952,1687,324,ITI,ITI3,11,Marche,Marche,1525271,647864,42.48,0.33
2413,2021-09-03,MAR,6437,3384,3053,2190,3967,280,ITI,ITI3,11,Marche,Marche,1525271,654301,42.9,0.42
2414,2021-07-08,MAR,15040,7539,7501,2787,12027,226,ITI,ITI3,11,Marche,Marche,1525271,669341,43.88,0.99
2415,2021-08-27,MAR,5714,3049,2665,2800,2513,401,ITI,ITI3,11,Marche,Marche,1525271,675055,44.26,0.37
2416,2021-07-01,MAR,14696,7367,7329,4658,9760,278,ITI,ITI3,11,Marche,Marche,1525271,689751,45.22,0.96
2417,2021-08-01,MAR,7497,4049,3448,1835,5577,85,ITI,ITI3,11,Marche,Marche,1525271,697248,45.71,0.49
2418,2021-06-05,MAR,13944,7011,6933,11519,2058,367,ITI,ITI3,11,Marche,Marche,1525271,711192,46.63,0.91
2419,2021-04-23,MAR,11318,5222,6096,8097,3055,166,ITI,ITI3,11,Marche,Marche,1525271,722510,47.37,0.74
2420,2021-02-23,MAR,3314,1432,1882,3243,56,15,ITI,ITI3,11,Marche,Marche,1525271,725824,47.59,0.22
2421,2021-05-22,MAR,11941,5720,6221,7321,4449,171,ITI,ITI3,11,Marche,Marche,1525271,737765,48.37,0.78
2422,2021-02-11,MAR,1988,657,1331,1557,390,41,ITI,ITI3,11,Marche,Marche,1525271,739753,48.5,0.13
2423,2021-05-05,MAR,11696,5321,6375,5101,6433,162,ITI,ITI3,11,Marche,Marche,1525271,751449,49.27,0.77
2424,2021-08-13,MAR,6751,3759,2992,3388,3151,212,ITI,ITI3,11,Marche,Marche,1525271,758200,49.71,0.44
2425,2021-04-16,MAR,10086,4705,5381,9349,526,211,ITI,ITI3,11,Marche,Marche,1525271,768286,50.37,0.66
2426,2021-07-25,MAR,9351,4933,4418,1004,8249,98,ITI,ITI3,11,Marche,Marche,1525271,777637,50.98,0.61
2427,2021-01-04,MAR,1528,574,954,1515,0,13,ITI,ITI3,11,Marche,Marche,1525271,779165,51.08,0.1
2428,2021-04-14,MAR,10220,4565,5655,9651,369,200,ITI,ITI3,11,Marche,Marche,1525271,789385,51.75,0.67
2429,2021-01-16,MAR,2040,735,1305,1989,0,51,ITI,ITI3,11,Marche,Marche,1525271,791425,51.89,0.13
2430,2021-06-19,MAR,14696,7404,7292,7749,6682,265,ITI,ITI3,11,Marche,Marche,1525271,806121,52.85,0.96
2431,2021-05-31,MAR,11782,5944,5838,8599,2931,252,ITI,ITI3,11,Marche,Marche,1525271,817903,53.62,0.77
2432,2021-05-17,MAR,12048,5649,6399,7466,4354,228,ITI,ITI3,11,Marche,Marche,1525271,829951,54.41,0.79
2433,2021-09-08,MAR,7232,3782,3450,2064,4910,258,ITI,ITI3,11,Marche,Marche,1525271,837183,54.89,0.47
2434,2021-04-30,MAR,14166,6204,7962,5395,8573,198,ITI,ITI3,11,Marche,Marche,1525271,851349,55.82,0.93
2435,2021-04-11,MAR,7117,3116,4001,6681,287,149,ITI,ITI3,11,Marche,Marche,1525271,858466,56.28,0.47
2436,2021-03-11,MAR,6635,2823,3812,5144,1412,79,ITI,ITI3,11,Marche,Marche,1525271,865101,56.72,0.44
2437,2021-05-10,MAR,9462,4341,5121,4752,4564,146,ITI,ITI3,11,Marche,Marche,1525271,874563,57.34,0.62
2438,2021-03-14,MAR,2499,1032,1467,1896,592,11,ITI,ITI3,11,Marche,Marche,1525271,877062,57.5,0.16
2439,2021-03-21,MAR,4506,1873,2633,1612,2877,17,ITI,ITI3,11,Marche,Marche,1525271,881568,57.8,0.3
2440,2021-02-06,MAR,2464,903,1561,512,1943,9,ITI,ITI3,11,Marche,Marche,1525271,884032,57.96,0.16
2441,2021-01-15,MAR,1773,500,1273,1755,0,18,ITI,ITI3,11,Marche,Marche,1525271,885805,58.08,0.12
2442,2021-04-25,MAR,8602,3995,4607,6890,1579,133,ITI,ITI3,11,Marche,Marche,1525271,894407,58.64,0.56
2443,2021-08-03,MAR,10877,5736,5141,4030,6581,266,ITI,ITI3,11,Marche,Marche,1525271,905284,59.35,0.71
2444,2021-08-12,MAR,8018,4330,3688,3889,3768,361,ITI,ITI3,11,Marche,Marche,1525271,913302,59.88,0.53
2445,2021-01-13,MAR,2114,747,1367,2073,0,41,ITI,ITI3,11,Marche,Marche,1525271,915416,60.02,0.14
2446,2021-05-02,MAR,8905,3940,4965,3078,5742,85,ITI,ITI3,11,Marche,Marche,1525271,924321,60.6,0.58
2447,2021-08-10,MAR,9200,4814,4386,3333,5592,275,ITI,ITI3,11,Marche,Marche,1525271,933521,61.2,0.6
2448,2021-06-28,MAR,12362,6026,6336,4614,7511,237,ITI,ITI3,11,Marche,Marche,1525271,945883,62.01,0.81
2449,2021-02-15,MAR,967,412,555,939,13,15,ITI,ITI3,11,Marche,Marche,1525271,946850,62.08,0.06
2450,2021-05-26,MAR,11889,5952,5937,8448,3227,214,ITI,ITI3,11,Marche,Marche,1525271,958739,62.86,0.78
2451,2021-03-30,MAR,7487,3080,4407,4576,2834,77,ITI,ITI3,11,Marche,Marche,1525271,966226,63.35,0.49
2452,2021-02-01,MAR,1362,479,883,93,1266,3,ITI,ITI3,11,Marche,Marche,1525271,967588,63.44,0.09
2453,2021-05-07,MAR,12838,5803,7035,3550,9186,102,ITI,ITI3,11,Marche,Marche,1525271,980426,64.28,0.84
2454,2021-02-13,MAR,1094,462,632,988,82,24,ITI,ITI3,11,Marche,Marche,1525271,981520,64.35,0.07
2455,2021-01-27,MAR,2119,778,1341,113,2004,2,ITI,ITI3,11,Marche,Marche,1525271,983639,64.49,0.14
2456,2021-04-20,MAR,10756,5030,5726,9147,1472,137,ITI,ITI3,11,Marche,Marche,1525271,994395,65.19,0.71
2457,2021-07-29,MAR,14845,7879,6966,4579,9955,311,ITI,ITI3,11,Marche,Marche,1525271,1009240,66.17,0.97
2458,2021-01-25,MAR,1597,559,1038,90,1507,0,ITI,ITI3,11,Marche,Marche,1525271,1010837,66.27,0.1
2459,2021-01-08,MAR,1583,592,991,1568,0,15,ITI,ITI3,11,Marche,Marche,1525271,1012420,66.38,0.1
2460,2021-04-18,MAR,8824,4131,4693,7728,921,175,ITI,ITI3,11,Marche,Marche,1525271,1021244,66.95,0.58
2461,2020-12-30,MAR,17,5,12,17,0,0,ITI,ITI3,11,Marche,Marche,1525271,1021261,66.96,0.0
2462,2021-04-09,MAR,9570,4190,5380,9149,200,221,ITI,ITI3,11,Marche,Marche,1525271,1030831,67.58,0.63
2463,2021-07-27,MAR,14370,7537,6833,3032,11112,226,ITI,ITI3,11,Marche,Marche,1525271,1045201,68.53,0.94
2464,2021-01-06,MAR,2215,804,1411,2196,0,19,ITI,ITI3,11,Marche,Marche,1525271,1047416,68.67,0.15
2465,2021-03-25,MAR,6703,2794,3909,3186,3456,61,ITI,ITI3,11,Marche,Marche,1525271,1054119,69.11,0.44
2466,2021-07-03,MAR,13843,6991,6852,4136,9395,312,ITI,ITI3,11,Marche,Marche,1525271,1067962,70.02,0.91
2467,2021-02-20,MAR,4163,1732,2431,4042,111,10,ITI,ITI3,11,Marche,Marche,1525271,1072125,70.29,0.27
2468,2021-08-22,MAR,109,60,49,75,26,8,ITI,ITI3,11,Marche,Marche,1525271,1072234,70.3,0.01
2469,2021-03-26,MAR,6392,2626,3766,3475,2859,58,ITI,ITI3,11,Marche,Marche,1525271,1078626,70.72,0.42
2470,2021-06-17,MAR,15205,7565,7640,8796,6111,298,ITI,ITI3,11,Marche,Marche,1525271,1093831,71.71,1.0
2471,2021-03-09,MAR,5430,2293,3137,4457,881,92,ITI,ITI3,11,Marche,Marche,1525271,1099261,72.07,0.36
2472,2021-07-22,MAR,15747,8048,7699,2018,13487,242,ITI,ITI3,11,Marche,Marche,1525271,1115008,73.1,1.03
2473,2021-04-13,MAR,9839,4261,5578,9394,234,211,ITI,ITI3,11,Marche,Marche,1525271,1124847,73.75,0.65
2474,2021-07-05,MAR,13167,6510,6657,2918,10077,172,ITI,ITI3,11,Marche,Marche,1525271,1138014,74.61,0.86
2475,2021-06-16,MAR,13756,6913,6843,9127,4365,264,ITI,ITI3,11,Marche,Marche,1525271,1151770,75.51,0.9
2476,2021-06-02,MAR,11904,5940,5964,11028,679,197,ITI,ITI3,11,Marche,Marche,1525271,1163674,76.29,0.78
2477,2021-07-17,MAR,15140,7793,7347,1385,13544,211,ITI,ITI3,11,Marche,Marche,1525271,1178814,77.29,0.99
2478,2021-05-21,MAR,13909,6594,7315,7225,6472,212,ITI,ITI3,11,Marche,Marche,1525271,1192723,78.2,0.91
2479,2021-09-12,MAR,249,126,123,170,46,33,ITI,ITI3,11,Marche,Marche,1525271,1192972,78.21,0.02
2480,2021-08-29,MAR,453,255,198,245,182,26,ITI,ITI3,11,Marche,Marche,1525271,1193425,78.24,0.03
2481,2021-07-31,MAR,13203,7250,5953,5142,7731,330,ITI,ITI3,11,Marche,Marche,1525271,1206628,79.11,0.87
2482,2021-07-14,MAR,13851,6818,7033,1784,11875,192,ITI,ITI3,11,Marche,Marche,1525271,1220479,80.02,0.91
2483,2021-01-10,MAR,1746,702,1044,1732,0,14,ITI,ITI3,11,Marche,Marche,1525271,1222225,80.13,0.11
2484,2021-03-22,MAR,5704,2413,3291,2478,3179,47,ITI,ITI3,11,Marche,Marche,1525271,1227929,80.51,0.37
2485,2021-01-24,MAR,881,339,542,3,878,0,ITI,ITI3,11,Marche,Marche,1525271,1228810,80.56,0.06
2486,2021-06-30,MAR,13650,6664,6986,4452,8986,212,ITI,ITI3,11,Marche,Marche,1525271,1242460,81.46,0.89
2487,2021-05-04,MAR,10974,4840,6134,4926,5905,143,ITI,ITI3,11,Marche,Marche,1525271,1253434,82.18,0.72
2488,2021-01-20,MAR,406,100,306,384,20,2,ITI,ITI3,11,Marche,Marche,1525271,1253840,82.2,0.03
2489,2021-02-03,MAR,2129,743,1386,97,2011,21,ITI,ITI3,11,Marche,Marche,1525271,1255969,82.34,0.14
2490,2021-05-14,MAR,13638,6294,7344,6505,6915,218,ITI,ITI3,11,Marche,Marche,1525271,1269607,83.24,0.89
2491,2021-07-02,MAR,14553,7178,7375,4674,9648,231,ITI,ITI3,11,Marche,Marche,1525271,1284160,84.19,0.95
2492,2021-06-18,MAR,15346,7647,7699,8293,6753,300,ITI,ITI3,11,Marche,Marche,1525271,1299506,85.2,1.01
2493,2021-09-09,MAR,6465,3467,2998,1914,4313,238,ITI,ITI3,11,Marche,Marche,1525271,1305971,85.62,0.42
2494,2021-03-04,MAR,6540,2895,3645,5081,1395,64,ITI,ITI3,11,Marche,Marche,1525271,1312511,86.05,0.43
2495,2021-03-13,MAR,5807,2681,3126,1764,4002,41,ITI,ITI3,11,Marche,Marche,1525271,1318318,86.43,0.38
2496,2021-08-17,MAR,7594,4040,3554,3085,4285,224,ITI,ITI3,11,Marche,Marche,1525271,1325912,86.93,0.5
2497,2021-06-21,MAR,12607,6184,6423,5479,6881,247,ITI,ITI3,11,Marche,Marche,1525271,1338519,87.76,0.83
2498,2021-05-09,MAR,8866,4022,4844,3559,5230,77,ITI,ITI3,11,Marche,Marche,1525271,1347385,88.34,0.58
2499,2021-09-10,MAR,7566,4075,3491,2069,5195,302,ITI,ITI3,11,Marche,Marche,1525271,1354951,88.83,0.5
2500,2021-02-22,MAR,3461,1532,1929,3351,75,35,ITI,ITI3,11,Marche,Marche,1525271,1358412,89.06,0.23
2501,2021-08-24,MAR,6438,3400,3038,3297,2759,382,ITI,ITI3,11,Marche,Marche,1525271,1364850,89.48,0.42
2502,2021-08-05,MAR,11907,6393,5514,4080,7560,267,ITI,ITI3,11,Marche,Marche,1525271,1376757,90.26,0.78
2503,2021-03-27,MAR,7429,3098,4331,4958,2396,75,ITI,ITI3,11,Marche,Marche,1525271,1384186,90.75,0.49
2504,2021-04-06,MAR,8876,3693,5183,7928,810,138,ITI,ITI3,11,Marche,Marche,1525271,1393062,91.33,0.58
2505,2021-03-23,MAR,5839,2556,3283,2223,3576,40,ITI,ITI3,11,Marche,Marche,1525271,1398901,91.71,0.38
2506,2021-02-08,MAR,835,259,576,366,463,6,ITI,ITI3,11,Marche,Marche,1525271,1399736,91.77,0.05
2507,2021-07-15,MAR,16010,8287,7723,1750,14032,228,ITI,ITI3,11,Marche,Marche,1525271,1415746,92.82,1.05
2508,2021-05-19,MAR,11666,5364,6302,8366,3102,198,ITI,ITI3,11,Marche,Marche,1525271,1427412,93.58,0.76
2509,2021-05-28,MAR,13963,6741,7222,8801,4864,298,ITI,ITI3,11,Marche,Marche,1525271,1441375,94.5,0.92
2510,2021-04-01,MAR,7580,3187,4393,4064,3419,97,ITI,ITI3,11,Marche,Marche,1525271,1448955,95.0,0.5
2511,2021-09-05,MAR,194,99,95,131,37,26,ITI,ITI3,11,Marche,Marche,1525271,1449149,95.01,0.01
2512,2021-07-24,MAR,13277,7118,6159,2943,10077,257,ITI,ITI3,11,Marche,Marche,1525271,1462426,95.88,0.87
2513,2021-07-10,MAR,14161,7233,6928,1656,12302,203,ITI,ITI3,11,Marche,Marche,1525271,1476587,96.81,0.93
2514,2021-04-22,MAR,10798,4931,5867,9078,1579,141,ITI,ITI3,11,Marche,Marche,1525271,1487385,97.52,0.71
2515,2021-02-24,MAR,3534,1547,1987,3424,78,32,ITI,ITI3,11,Marche,Marche,1525271,1490919,97.75,0.23
2516,2021-06-04,MAR,14338,7290,7048,11588,2440,310,ITI,ITI3,11,Marche,Marche,1525271,1505257,98.69,0.94
2517,2021-04-08,MAR,9490,4157,5333,8959,370,161,ITI,ITI3,11,Marche,Marche,1525271,1514747,99.31,0.62
2518,2021-04-17,MAR,11705,5317,6388,10393,1073,239,ITI,ITI3,11,Marche,Marche,1525271,1526452,100.08,0.77
2519,2021-07-26,MAR,11031,5737,5294,2109,8715,207,ITI,ITI3,11,Marche,Marche,1525271,1537483,100.8,0.72
2520,2021-03-20,MAR,4178,1759,2419,1034,3129,15,ITI,ITI3,11,Marche,Marche,1525271,1541661,101.07,0.27
2521,2021-01-22,MAR,489,168,321,193,294,2,ITI,ITI3,11,Marche,Marche,1525271,1542150,101.11,0.03
2522,2021-07-07,MAR,14259,7068,7191,2933,11083,243,ITI,ITI3,11,Marche,Marche,1525271,1556409,102.04,0.93
2523,2021-07-12,MAR,13724,6805,6919,1228,12378,118,ITI,ITI3,11,Marche,Marche,1525271,1570133,102.94,0.9
2524,2021-04-03,MAR,7577,3204,4373,6736,667,174,ITI,ITI3,11,Marche,Marche,1525271,1577710,103.44,0.5
2525,2021-06-25,MAR,14345,7172,7173,6418,7638,289,ITI,ITI3,11,Marche,Marche,1525271,1592055,104.38,0.94
2526,2021-03-06,MAR,5739,2642,3097,4419,1268,52,ITI,ITI3,11,Marche,Marche,1525271,1597794,104.75,0.38
2527,2021-06-14,MAR,12838,6486,6352,9256,3310,272,ITI,ITI3,11,Marche,Marche,1525271,1610632,105.6,0.84
2528,2021-08-07,MAR,9456,5196,4260,3476,5742,238,ITI,ITI3,11,Marche,Marche,1525271,1620088,106.22,0.62
2529,2021-07-21,MAR,14920,7617,7303,2064,12643,213,ITI,ITI3,11,Marche,Marche,1525271,1635008,107.19,0.98
2530,2021-04-29,MAR,13452,6159,7293,7161,6107,184,ITI,ITI3,11,Marche,Marche,1525271,1648460,108.08,0.88
2531,2021-04-10,MAR,10931,4625,6306,10369,314,248,ITI,ITI3,11,Marche,Marche,1525271,1659391,108.79,0.72
2532,2021-01-03,MAR,912,358,554,902,0,10,ITI,ITI3,11,Marche,Marche,1525271,1660303,108.85,0.06
2533,2021-07-19,MAR,14678,7531,7147,1925,12538,215,ITI,ITI3,11,Marche,Marche,1525271,1674981,109.82,0.96
2534,2021-03-08,MAR,6302,2763,3539,5188,1002,112,ITI,ITI3,11,Marche,Marche,1525271,1681283,110.23,0.41
2535,2021-08-09,MAR,9096,4828,4268,4053,4770,273,ITI,ITI3,11,Marche,Marche,1525271,1690379,110.82,0.6
2536,2021-06-13,MAR,10753,5567,5186,9203,1299,251,ITI,ITI3,11,Marche,Marche,1525271,1701132,111.53,0.7
2537,2020-12-27,MAR,209,100,109,207,0,2,ITI,ITI3,11,Marche,Marche,1525271,1701341,111.54,0.01
2538,2021-08-02,MAR,11725,6209,5516,4599,6868,258,ITI,ITI3,11,Marche,Marche,1525271,1713066,112.31,0.77
2539,2021-06-06,MAR,12453,6138,6315,10638,1579,236,ITI,ITI3,11,Marche,Marche,1525271,1725519,113.13,0.82
2540,2021-03-03,MAR,6700,3076,3624,5716,885,99,ITI,ITI3,11,Marche,Marche,1525271,1732219,113.57,0.44
2541,2021-01-05,MAR,1589,594,995,1570,0,19,ITI,ITI3,11,Marche,Marche,1525271,1733808,113.67,0.1
2542,2021-04-15,MAR,10378,4675,5703,9572,563,243,ITI,ITI3,11,Marche,Marche,1525271,1744186,114.35,0.68
2543,2021-02-17,MAR,1828,701,1127,1642,118,68,ITI,ITI3,11,Marche,Marche,1525271,1746014,114.47,0.12
2544,2021-02-05,MAR,2158,655,1503,438,1719,1,ITI,ITI3,11,Marche,Marche,1525271,1748172,114.61,0.14
2545,2021-05-16,MAR,10899,4958,5941,6546,4231,122,ITI,ITI3,11,Marche,Marche,1525271,1759071,115.33,0.71
2546,2021-05-30,MAR,9736,4691,5045,6546,2993,197,ITI,ITI3,11,Marche,Marche,1525271,1768807,115.97,0.64
2547,2021-09-07,MAR,6133,3220,2913,1740,4190,203,ITI,ITI3,11,Marche,Marche,1525271,1774940,116.37,0.4
2548,2021-04-27,MAR,9594,4390,5204,5506,3990,98,ITI,ITI3,11,Marche,Marche,1525271,1784534,117.0,0.63
2549,2021-01-17,MAR,1626,696,930,1555,65,6,ITI,ITI3,11,Marche,Marche,1525271,1786160,117.1,0.11
2550,2021-08-28,MAR,3145,1696,1449,1201,1800,144,ITI,ITI3,11,Marche,Marche,1525271,1789305,117.31,0.21
2551,2021-01-29,MAR,1994,731,1263,154,1835,5,ITI,ITI3,11,Marche,Marche,1525271,1791299,117.44,0.13
2552,2021-05-18,MAR,11272,5347,5925,7487,3604,181,ITI,ITI3,11,Marche,Marche,1525271,1802571,118.18,0.74
2553,2021-08-26,MAR,5681,3027,2654,2775,2546,360,ITI,ITI3,11,Marche,Marche,1525271,1808252,118.55,0.37
2554,2021-08-21,MAR,2977,1664,1313,1492,1311,174,ITI,ITI3,11,Marche,Marche,1525271,1811229,118.75,0.2
2555,2021-05-11,MAR,10624,4831,5793,5489,4943,192,ITI,ITI3,11,Marche,Marche,1525271,1821853,119.44,0.7
2556,2021-03-15,MAR,4452,2061,2391,1291,3140,21,ITI,ITI3,11,Marche,Marche,1525271,1826305,119.74,0.29
2557,2021-08-19,MAR,6273,3347,2926,3490,2454,329,ITI,ITI3,11,Marche,Marche,1525271,1832578,120.15,0.41
2558,2021-06-23,MAR,13892,6818,7074,6626,7010,256,ITI,ITI3,11,Marche,Marche,1525271,1846470,121.06,0.91
2559,2021-01-09,MAR,1719,607,1112,1699,0,20,ITI,ITI3,11,Marche,Marche,1525271,1848189,121.17,0.11
2560,2021-04-02,MAR,6894,2988,3906,6042,739,113,ITI,ITI3,11,Marche,Marche,1525271,1855083,121.62,0.45
2561,2021-03-16,MAR,3522,1523,1999,285,3231,6,ITI,ITI3,11,Marche,Marche,1525271,1858605,121.85,0.23
2562,2021-06-24,MAR,13845,6679,7166,6187,7387,271,ITI,ITI3,11,Marche,Marche,1525271,1872450,122.76,0.91
2563,2021-01-11,MAR,1182,413,769,1164,0,18,ITI,ITI3,11,Marche,Marche,1525271,1873632,122.84,0.08
2564,2021-04-21,MAR,10789,4969,5820,9426,1196,167,ITI,ITI3,11,Marche,Marche,1525271,1884421,123.55,0.71
2565,2021-01-28,MAR,2091,726,1365,158,1932,1,ITI,ITI3,11,Marche,Marche,1525271,1886512,123.68,0.14
2566,2021-04-04,MAR,3835,1797,2038,2614,1169,52,ITI,ITI3,11,Marche,Marche,1525271,1890347,123.94,0.25
2567,2021-07-13,MAR,14853,7278,7575,1456,13268,129,ITI,ITI3,11,Marche,Marche,1525271,1905200,124.91,0.97
2568,2021-08-31,MAR,4828,2561,2267,2013,2586,229,ITI,ITI3,11,Marche,Marche,1525271,1910028,125.23,0.32
2569,2021-06-09,MAR,14279,7417,6862,12108,1869,302,ITI,ITI3,11,Marche,Marche,1525271,1924307,126.16,0.94
2570,2021-06-07,MAR,13323,6589,6734,10569,2450,304,ITI,ITI3,11,Marche,Marche,1525271,1937630,127.04,0.87
2571,2021-02-27,MAR,3401,1457,1944,3158,209,34,ITI,ITI3,11,Marche,Marche,1525271,1941031,127.26,0.22
2572,2021-03-18,MAR,3440,1507,1933,149,3279,12,ITI,ITI3,11,Marche,Marche,1525271,1944471,127.48,0.23
2573,2021-06-26,MAR,13577,6906,6671,5688,7672,217,ITI,ITI3,11,Marche,Marche,1525271,1958048,128.37,0.89
2574,2021-05-23,MAR,9210,4284,4926,7414,1672,124,ITI,ITI3,11,Marche,Marche,1525271,1967258,128.98,0.6
2575,2021-05-06,MAR,12660,5825,6835,5356,7076,228,ITI,ITI3,11,Marche,Marche,1525271,1979918,129.81,0.83
2576,2021-02-12,MAR,1581,618,963,1404,151,26,ITI,ITI3,11,Marche,Marche,1525271,1981499,129.91,0.1
2577,2021-08-14,MAR,2401,1378,1023,1034,1318,49,ITI,ITI3,11,Marche,Marche,1525271,1983900,130.07,0.16
2578,2021-02-10,MAR,1440,452,988,1039,359,42,ITI,ITI3,11,Marche,Marche,1525271,1985340,130.16,0.09
2579,2021-06-11,MAR,14003,7156,6847,11374,2324,305,ITI,ITI3,11,Marche,Marche,1525271,1999343,131.08,0.92
2580,2021-05-25,MAR,11769,5798,5971,8497,3052,220,ITI,ITI3,11,Marche,Marche,1525271,2011112,131.85,0.77
2581,2021-09-02,MAR,6387,3402,2985,2129,4044,214,ITI,ITI3,11,Marche,Marche,1525271,2017499,132.27,0.42
2582,2021-03-01,MAR,3772,1520,2252,3503,248,21,ITI,ITI3,11,Marche,Marche,1525271,2021271,132.52,0.25
2583,2021-05-04,BAS,4142,1995,2147,3568,524,50,ITF,ITF5,17,Basilicata,Basilicata,559084,4142,0.74,0.74
2584,2021-03-08,BAS,1478,726,752,824,621,33,ITF,ITF5,17,Basilicata,Basilicata,559084,5620,1.01,0.26
2585,2021-06-16,BAS,4607,2087,2520,2126,2460,21,ITF,ITF5,17,Basilicata,Basilicata,559084,10227,1.83,0.82
2586,2021-06-04,BAS,4832,2289,2543,3749,1046,37,ITF,ITF5,17,Basilicata,Basilicata,559084,15059,2.69,0.86
2587,2021-09-12,BAS,1752,928,824,303,1421,28,ITF,ITF5,17,Basilicata,Basilicata,559084,16811,3.01,0.31
2588,2021-02-24,BAS,1815,744,1071,1729,75,11,ITF,ITF5,17,Basilicata,Basilicata,559084,18626,3.33,0.32
2589,2021-08-26,BAS,2523,1278,1245,1120,1339,64,ITF,ITF5,17,Basilicata,Basilicata,559084,21149,3.78,0.45
2590,2021-02-22,BAS,1797,777,1020,1735,53,9,ITF,ITF5,17,Basilicata,Basilicata,559084,22946,4.1,0.32
2591,2021-03-25,BAS,1885,606,1279,1513,348,24,ITF,ITF5,17,Basilicata,Basilicata,559084,24831,4.44,0.34
2592,2021-01-27,BAS,421,179,242,113,308,0,ITF,ITF5,17,Basilicata,Basilicata,559084,25252,4.52,0.08
2593,2021-02-10,BAS,552,241,311,497,53,2,ITF,ITF5,17,Basilicata,Basilicata,559084,25804,4.62,0.1
2594,2021-05-21,BAS,4578,2321,2257,1480,3086,12,ITF,ITF5,17,Basilicata,Basilicata,559084,30382,5.43,0.82
2595,2021-09-02,BAS,3031,1624,1407,881,2072,78,ITF,ITF5,17,Basilicata,Basilicata,559084,33413,5.98,0.54
2596,2021-01-10,BAS,77,24,53,77,0,0,ITF,ITF5,17,Basilicata,Basilicata,559084,33490,5.99,0.01
2597,2021-04-20,BAS,4149,1982,2167,2179,1942,28,ITF,ITF5,17,Basilicata,Basilicata,559084,37639,6.73,0.74
2598,2021-08-07,BAS,4516,2376,2140,1360,3096,60,ITF,ITF5,17,Basilicata,Basilicata,559084,42155,7.54,0.81
2599,2021-01-08,BAS,556,220,336,556,0,0,ITF,ITF5,17,Basilicata,Basilicata,559084,42711,7.64,0.1
2600,2021-04-08,BAS,788,361,427,760,10,18,ITF,ITF5,17,Basilicata,Basilicata,559084,43499,7.78,0.14
2601,2021-04-22,BAS,5051,2353,2698,3382,1614,55,ITF,ITF5,17,Basilicata,Basilicata,559084,48550,8.68,0.9
2602,2021-07-31,BAS,5471,2878,2593,1824,3591,56,ITF,ITF5,17,Basilicata,Basilicata,559084,54021,9.66,0.98
2603,2021-07-17,BAS,5857,2917,2940,1709,4109,39,ITF,ITF5,17,Basilicata,Basilicata,559084,59878,10.71,1.05
2604,2021-06-30,BAS,3452,1668,1784,2315,1111,26,ITF,ITF5,17,Basilicata,Basilicata,559084,63330,11.33,0.62
2605,2021-01-15,BAS,819,353,466,819,0,0,ITF,ITF5,17,Basilicata,Basilicata,559084,64149,11.47,0.15
2606,2020-12-27,BAS,106,41,65,106,0,0,ITF,ITF5,17,Basilicata,Basilicata,559084,64255,11.49,0.02
2607,2021-03-20,BAS,1307,577,730,276,1024,7,ITF,ITF5,17,Basilicata,Basilicata,559084,65562,11.73,0.23
2608,2021-06-28,BAS,3641,1747,1894,2113,1509,19,ITF,ITF5,17,Basilicata,Basilicata,559084,69203,12.38,0.65
2609,2021-08-12,BAS,3918,2000,1918,1677,2159,82,ITF,ITF5,17,Basilicata,Basilicata,559084,73121,13.08,0.7
2610,2021-07-26,BAS,5416,2720,2696,1991,3387,38,ITF,ITF5,17,Basilicata,Basilicata,559084,78537,14.05,0.97
2611,2021-01-22,BAS,67,24,43,67,0,0,ITF,ITF5,17,Basilicata,Basilicata,559084,78604,14.06,0.01
2612,2021-07-24,BAS,5751,2945,2806,1776,3925,50,ITF,ITF5,17,Basilicata,Basilicata,559084,84355,15.09,1.03
2613,2021-05-30,BAS,2778,1421,1357,920,1853,5,ITF,ITF5,17,Basilicata,Basilicata,559084,87133,15.58,0.5
2614,2021-04-03,BAS,1815,754,1061,1464,338,13,ITF,ITF5,17,Basilicata,Basilicata,559084,88948,15.91,0.32
2615,2021-09-07,BAS,2658,1371,1287,680,1906,72,ITF,ITF5,17,Basilicata,Basilicata,559084,91606,16.39,0.48
2616,2021-08-24,BAS,3268,1767,1501,1478,1713,77,ITF,ITF5,17,Basilicata,Basilicata,559084,94874,16.97,0.58
2617,2021-06-09,BAS,4422,2071,2351,3966,423,33,ITF,ITF5,17,Basilicata,Basilicata,559084,99296,17.76,0.79
2618,2021-04-13,BAS,2122,1055,1067,1280,823,19,ITF,ITF5,17,Basilicata,Basilicata,559084,101418,18.14,0.38
2619,2021-03-01,BAS,553,286,267,384,169,0,ITF,ITF5,17,Basilicata,Basilicata,559084,101971,18.24,0.1
2620,2021-08-14,BAS,3478,1906,1572,1421,1997,60,ITF,ITF5,17,Basilicata,Basilicata,559084,105449,18.86,0.62
2621,2021-06-18,BAS,4465,2066,2399,2179,2259,27,ITF,ITF5,17,Basilicata,Basilicata,559084,109914,19.66,0.8
2622,2021-06-23,BAS,3240,1522,1718,2331,876,33,ITF,ITF5,17,Basilicata,Basilicata,559084,113154,20.24,0.58
2623,2021-03-13,BAS,1811,896,915,740,1049,22,ITF,ITF5,17,Basilicata,Basilicata,559084,114965,20.56,0.32
2624,2021-02-17,BAS,1137,493,644,1058,77,2,ITF,ITF5,17,Basilicata,Basilicata,559084,116102,20.77,0.2
2625,2021-05-28,BAS,3617,1811,1806,918,2666,33,ITF,ITF5,17,Basilicata,Basilicata,559084,119719,21.41,0.65
2626,2021-06-11,BAS,4236,1982,2254,3166,1028,42,ITF,ITF5,17,Basilicata,Basilicata,559084,123955,22.17,0.76
2627,2021-08-19,BAS,3595,1871,1724,1671,1836,88,ITF,ITF5,17,Basilicata,Basilicata,559084,127550,22.81,0.64
2628,2021-05-11,BAS,2654,1353,1301,1597,1033,24,ITF,ITF5,17,Basilicata,Basilicata,559084,130204,23.29,0.47
2629,2021-04-01,BAS,2737,1120,1617,1968,738,31,ITF,ITF5,17,Basilicata,Basilicata,559084,132941,23.78,0.49
2630,2021-02-03,BAS,675,305,370,32,643,0,ITF,ITF5,17,Basilicata,Basilicata,559084,133616,23.9,0.12
2631,2021-03-15,BAS,2380,996,1384,510,1851,19,ITF,ITF5,17,Basilicata,Basilicata,559084,135996,24.32,0.43
2632,2021-01-17,BAS,331,133,198,330,1,0,ITF,ITF5,17,Basilicata,Basilicata,559084,136327,24.38,0.06
2633,2021-04-27,BAS,4730,2243,2487,4349,327,54,ITF,ITF5,17,Basilicata,Basilicata,559084,141057,25.23,0.85
2634,2021-08-05,BAS,4558,2320,2238,1285,3232,41,ITF,ITF5,17,Basilicata,Basilicata,559084,145615,26.05,0.82
2635,2021-03-06,BAS,1377,544,833,752,612,13,ITF,ITF5,17,Basilicata,Basilicata,559084,146992,26.29,0.25
2636,2021-05-09,BAS,4688,2342,2346,2945,1694,49,ITF,ITF5,17,Basilicata,Basilicata,559084,151680,27.13,0.84
2637,2021-02-15,BAS,636,240,396,576,44,16,ITF,ITF5,17,Basilicata,Basilicata,559084,152316,27.24,0.11
2638,2021-01-29,BAS,619,233,386,63,556,0,ITF,ITF5,17,Basilicata,Basilicata,559084,152935,27.35,0.11
2639,2021-02-05,BAS,998,449,549,64,932,2,ITF,ITF5,17,Basilicata,Basilicata,559084,153933,27.53,0.18
2640,2021-07-12,BAS,5441,2592,2849,1606,3809,26,ITF,ITF5,17,Basilicata,Basilicata,559084,159374,28.51,0.97
2641,2021-05-16,BAS,4973,2468,2505,2809,2113,51,ITF,ITF5,17,Basilicata,Basilicata,559084,164347,29.4,0.89
2642,2021-07-19,BAS,5927,2891,3036,1999,3886,42,ITF,ITF5,17,Basilicata,Basilicata,559084,170274,30.46,1.06
2643,2021-05-23,BAS,4518,2302,2216,1527,2984,7,ITF,ITF5,17,Basilicata,Basilicata,559084,174792,31.26,0.81
2644,2021-05-02,BAS,4182,2001,2181,3489,629,64,ITF,ITF5,17,Basilicata,Basilicata,559084,178974,32.01,0.75
2645,2021-04-15,BAS,3431,1679,1752,2586,799,46,ITF,ITF5,17,Basilicata,Basilicata,559084,182405,32.63,0.61
2646,2021-07-07,BAS,5203,2470,2733,2019,3169,15,ITF,ITF5,17,Basilicata,Basilicata,559084,187608,33.56,0.93
2647,2021-01-03,BAS,910,347,563,910,0,0,ITF,ITF5,17,Basilicata,Basilicata,559084,188518,33.72,0.16
2648,2021-08-23,BAS,3315,1736,1579,1369,1864,82,ITF,ITF5,17,Basilicata,Basilicata,559084,191833,34.31,0.59
2649,2021-01-24,BAS,869,317,552,58,810,1,ITF,ITF5,17,Basilicata,Basilicata,559084,192702,34.47,0.16
2650,2021-05-13,BAS,5985,2969,3016,3298,2597,90,ITF,ITF5,17,Basilicata,Basilicata,559084,198687,35.54,1.07
2651,2021-08-21,BAS,3268,1778,1490,1711,1461,96,ITF,ITF5,17,Basilicata,Basilicata,559084,201955,36.12,0.58
2652,2021-02-07,BAS,384,163,221,49,335,0,ITF,ITF5,17,Basilicata,Basilicata,559084,202339,36.19,0.07
2653,2021-05-18,BAS,5896,2856,3040,3379,2492,25,ITF,ITF5,17,Basilicata,Basilicata,559084,208235,37.25,1.05
2654,2021-08-09,BAS,4011,2066,1945,1568,2396,47,ITF,ITF5,17,Basilicata,Basilicata,559084,212246,37.96,0.72
2655,2021-07-23,BAS,5551,2781,2770,1889,3616,46,ITF,ITF5,17,Basilicata,Basilicata,559084,217797,38.96,0.99
2656,2021-05-01,BAS,4708,2139,2569,3883,755,70,ITF,ITF5,17,Basilicata,Basilicata,559084,222505,39.8,0.84
2657,2021-07-14,BAS,5641,2721,2920,1627,3989,25,ITF,ITF5,17,Basilicata,Basilicata,559084,228146,40.81,1.01
2658,2021-04-05,BAS,726,235,491,411,305,10,ITF,ITF5,17,Basilicata,Basilicata,559084,228872,40.94,0.13
2659,2021-03-22,BAS,1222,549,673,641,573,8,ITF,ITF5,17,Basilicata,Basilicata,559084,230094,41.16,0.22
2660,2021-03-03,BAS,1807,843,964,1215,565,27,ITF,ITF5,17,Basilicata,Basilicata,559084,231901,41.48,0.32
2661,2021-06-01,BAS,6138,2928,3210,3034,3077,27,ITF,ITF5,17,Basilicata,Basilicata,559084,238039,42.58,1.1
2662,2021-09-09,BAS,3182,1702,1480,684,2418,80,ITF,ITF5,17,Basilicata,Basilicata,559084,241221,43.15,0.57
2663,2021-08-04,BAS,4501,2233,2268,1424,3035,42,ITF,ITF5,17,Basilicata,Basilicata,559084,245722,43.95,0.81
2664,2021-06-08,BAS,4587,2195,2392,4191,358,38,ITF,ITF5,17,Basilicata,Basilicata,559084,250309,44.77,0.82
2665,2021-03-05,BAS,1878,866,1012,1103,760,15,ITF,ITF5,17,Basilicata,Basilicata,559084,252187,45.11,0.34
2666,2021-06-13,BAS,3014,1440,1574,2678,308,28,ITF,ITF5,17,Basilicata,Basilicata,559084,255201,45.65,0.54
2667,2021-05-27,BAS,3624,1864,1760,1073,2537,14,ITF,ITF5,17,Basilicata,Basilicata,559084,258825,46.29,0.65
2668,2021-09-04,BAS,2605,1397,1208,773,1764,68,ITF,ITF5,17,Basilicata,Basilicata,559084,261430,46.76,0.47
2669,2021-03-27,BAS,2257,866,1391,1809,434,14,ITF,ITF5,17,Basilicata,Basilicata,559084,263687,47.16,0.4
2670,2021-08-31,BAS,3098,1593,1505,1677,1276,145,ITF,ITF5,17,Basilicata,Basilicata,559084,266785,47.72,0.55
2671,2021-07-05,BAS,3271,1615,1656,2214,1022,35,ITF,ITF5,17,Basilicata,Basilicata,559084,270056,48.3,0.59
2672,2021-01-07,BAS,644,321,323,644,0,0,ITF,ITF5,17,Basilicata,Basilicata,559084,270700,48.42,0.12
2673,2021-02-19,BAS,1627,739,888,1559,63,5,ITF,ITF5,17,Basilicata,Basilicata,559084,272327,48.71,0.29
2674,2021-02-12,BAS,781,334,447,748,32,1,ITF,ITF5,17,Basilicata,Basilicata,559084,273108,48.85,0.14
2675,2021-04-10,BAS,1035,379,656,924,84,27,ITF,ITF5,17,Basilicata,Basilicata,559084,274143,49.03,0.19
2676,2021-05-08,BAS,4845,2407,2438,3379,1413,53,ITF,ITF5,17,Basilicata,Basilicata,559084,278988,49.9,0.87
2677,2021-08-16,BAS,3566,1866,1700,1484,1998,84,ITF,ITF5,17,Basilicata,Basilicata,559084,282554,50.54,0.64
2678,2021-03-10,BAS,1688,847,841,838,839,11,ITF,ITF5,17,Basilicata,Basilicata,559084,284242,50.84,0.3
2679,2021-01-26,BAS,813,358,455,101,712,0,ITF,ITF5,17,Basilicata,Basilicata,559084,285055,50.99,0.15
2680,2021-02-26,BAS,2161,907,1254,2073,82,6,ITF,ITF5,17,Basilicata,Basilicata,559084,287216,51.37,0.39
2681,2021-05-20,BAS,5885,2981,2904,2886,2971,28,ITF,ITF5,17,Basilicata,Basilicata,559084,293101,52.43,1.05
2682,2021-08-28,BAS,2275,1287,988,1110,1105,60,ITF,ITF5,17,Basilicata,Basilicata,559084,295376,52.83,0.41
2683,2021-06-06,BAS,4512,2074,2438,3695,779,38,ITF,ITF5,17,Basilicata,Basilicata,559084,299888,53.64,0.81
2684,2021-06-27,BAS,3008,1478,1530,2377,617,14,ITF,ITF5,17,Basilicata,Basilicata,559084,302896,54.18,0.54
2685,2021-04-29,BAS,4859,2399,2460,4342,441,76,ITF,ITF5,17,Basilicata,Basilicata,559084,307755,55.05,0.87
2686,2021-03-17,BAS,1473,615,858,24,1445,4,ITF,ITF5,17,Basilicata,Basilicata,559084,309228,55.31,0.26
2687,2021-01-19,BAS,199,84,115,199,0,0,ITF,ITF5,17,Basilicata,Basilicata,559084,309427,55.35,0.04
2688,2021-06-25,BAS,3317,1571,1746,2444,839,34,ITF,ITF5,17,Basilicata,Basilicata,559084,312744,55.94,0.59
2689,2021-05-25,BAS,4200,2114,2086,868,3322,10,ITF,ITF5,17,Basilicata,Basilicata,559084,316944,56.69,0.75
2690,2021-02-14,BAS,151,48,103,105,0,46,ITF,ITF5,17,Basilicata,Basilicata,559084,317095,56.72,0.03
2691,2021-01-31,BAS,78,24,54,0,78,0,ITF,ITF5,17,Basilicata,Basilicata,559084,317173,56.73,0.01
2692,2021-01-12,BAS,217,88,129,217,0,0,ITF,ITF5,17,Basilicata,Basilicata,559084,317390,56.77,0.04
2693,2021-09-06,BAS,3013,1569,1444,746,2189,78,ITF,ITF5,17,Basilicata,Basilicata,559084,320403,57.31,0.54
2694,2021-05-10,BAS,4804,2382,2422,2709,2042,53,ITF,ITF5,17,Basilicata,Basilicata,559084,325207,58.17,0.86
2695,2021-08-18,BAS,3571,1975,1596,1499,1976,96,ITF,ITF5,17,Basilicata,Basilicata,559084,328778,58.81,0.64
2696,2021-04-12,BAS,2175,1054,1121,1651,494,30,ITF,ITF5,17,Basilicata,Basilicata,559084,330953,59.2,0.39
2697,2021-07-21,BAS,5845,2942,2903,1611,4201,33,ITF,ITF5,17,Basilicata,Basilicata,559084,336798,60.24,1.05
2698,2021-04-19,BAS,4182,1920,2262,2395,1653,134,ITF,ITF5,17,Basilicata,Basilicata,559084,340980,60.99,0.75
2699,2021-07-28,BAS,5038,2576,2462,1930,3048,60,ITF,ITF5,17,Basilicata,Basilicata,559084,346018,61.89,0.9
2700,2021-06-15,BAS,3222,1417,1805,2225,976,21,ITF,ITF5,17,Basilicata,Basilicata,559084,349240,62.47,0.58
2701,2021-05-06,BAS,5069,2441,2628,3431,1587,51,ITF,ITF5,17,Basilicata,Basilicata,559084,354309,63.37,0.91
2702,2021-05-15,BAS,6533,3344,3189,3875,2575,83,ITF,ITF5,17,Basilicata,Basilicata,559084,360842,64.54,1.17
2703,2021-04-02,BAS,2345,1058,1287,1715,605,25,ITF,ITF5,17,Basilicata,Basilicata,559084,363187,64.96,0.42
2704,2021-02-04,BAS,1108,446,662,64,1044,0,ITF,ITF5,17,Basilicata,Basilicata,559084,364295,65.16,0.2
2705,2021-07-11,BAS,5031,2405,2626,1508,3498,25,ITF,ITF5,17,Basilicata,Basilicata,559084,369326,66.06,0.9
2706,2021-02-02,BAS,370,145,225,175,194,1,ITF,ITF5,17,Basilicata,Basilicata,559084,369696,66.13,0.07
2707,2021-04-09,BAS,1153,351,802,1063,63,27,ITF,ITF5,17,Basilicata,Basilicata,559084,370849,66.33,0.21
2708,2021-07-13,BAS,5853,2825,3028,1770,4034,49,ITF,ITF5,17,Basilicata,Basilicata,559084,376702,67.38,1.05
2709,2021-06-24,BAS,4091,1940,2151,2152,1901,38,ITF,ITF5,17,Basilicata,Basilicata,559084,380793,68.11,0.73
2710,2021-04-28,BAS,4708,2158,2550,4204,441,63,ITF,ITF5,17,Basilicata,Basilicata,559084,385501,68.95,0.84
2711,2021-03-02,BAS,803,387,416,660,138,5,ITF,ITF5,17,Basilicata,Basilicata,559084,386304,69.1,0.14
2712,2021-08-06,BAS,4216,2159,2057,1317,2846,53,ITF,ITF5,17,Basilicata,Basilicata,559084,390520,69.85,0.75
2713,2021-06-10,BAS,4346,2101,2245,3867,442,37,ITF,ITF5,17,Basilicata,Basilicata,559084,394866,70.63,0.78
2714,2021-08-11,BAS,3709,1922,1787,1428,2223,58,ITF,ITF5,17,Basilicata,Basilicata,559084,398575,71.29,0.66
2715,2021-04-14,BAS,2047,1002,1045,1354,677,16,ITF,ITF5,17,Basilicata,Basilicata,559084,400622,71.66,0.37
2716,2021-01-21,BAS,31,10,21,30,1,0,ITF,ITF5,17,Basilicata,Basilicata,559084,400653,71.66,0.01
2717,2021-01-04,BAS,614,275,339,614,0,0,ITF,ITF5,17,Basilicata,Basilicata,559084,401267,71.77,0.11
2718,2021-07-06,BAS,4210,2008,2202,2114,2060,36,ITF,ITF5,17,Basilicata,Basilicata,559084,405477,72.53,0.75
2719,2021-01-23,BAS,762,325,437,33,729,0,ITF,ITF5,17,Basilicata,Basilicata,559084,406239,72.66,0.14
2720,2021-05-03,BAS,4511,2043,2468,3620,827,64,ITF,ITF5,17,Basilicata,Basilicata,559084,410750,73.47,0.81
2721,2021-02-09,BAS,495,216,279,317,178,0,ITF,ITF5,17,Basilicata,Basilicata,559084,411245,73.56,0.09
2722,2021-07-25,BAS,4479,2255,2224,1606,2848,25,ITF,ITF5,17,Basilicata,Basilicata,559084,415724,74.36,0.8
2723,2021-07-04,BAS,3112,1563,1549,2164,922,26,ITF,ITF5,17,Basilicata,Basilicata,559084,418836,74.91,0.56
2724,2021-08-30,BAS,3199,1711,1488,1549,1546,104,ITF,ITF5,17,Basilicata,Basilicata,559084,422035,75.49,0.57
2725,2021-03-24,BAS,2001,770,1231,1481,494,26,ITF,ITF5,17,Basilicata,Basilicata,559084,424036,75.84,0.36
2726,2021-07-02,BAS,3689,1839,1850,2484,1176,29,ITF,ITF5,17,Basilicata,Basilicata,559084,427725,76.5,0.66
2727,2021-07-18,BAS,4389,2163,2226,1577,2785,27,ITF,ITF5,17,Basilicata,Basilicata,559084,432114,77.29,0.79
2728,2021-08-01,BAS,4213,2114,2099,1634,2537,42,ITF,ITF5,17,Basilicata,Basilicata,559084,436327,78.04,0.75
2729,2021-06-29,BAS,3856,1880,1976,2785,1043,28,ITF,ITF5,17,Basilicata,Basilicata,559084,440183,78.73,0.69
2730,2021-03-21,BAS,1177,547,630,474,700,3,ITF,ITF5,17,Basilicata,Basilicata,559084,441360,78.94,0.21
2731,2021-04-24,BAS,4584,2222,2362,3477,1051,56,ITF,ITF5,17,Basilicata,Basilicata,559084,445944,79.76,0.82
2732,2021-08-02,BAS,4610,2334,2276,1779,2791,40,ITF,ITF5,17,Basilicata,Basilicata,559084,450554,80.59,0.82
2733,2021-07-16,BAS,5932,2899,3033,1802,4096,34,ITF,ITF5,17,Basilicata,Basilicata,559084,456486,81.65,1.06
2734,2021-03-19,BAS,2313,1003,1310,260,2046,7,ITF,ITF5,17,Basilicata,Basilicata,559084,458799,82.06,0.41
2735,2021-08-20,BAS,3124,1680,1444,1452,1593,79,ITF,ITF5,17,Basilicata,Basilicata,559084,461923,82.62,0.56
2736,2021-02-16,BAS,908,377,531,791,98,19,ITF,ITF5,17,Basilicata,Basilicata,559084,462831,82.78,0.16
2737,2021-01-28,BAS,921,408,513,119,802,0,ITF,ITF5,17,Basilicata,Basilicata,559084,463752,82.95,0.16
2738,2021-02-28,BAS,813,347,466,772,37,4,ITF,ITF5,17,Basilicata,Basilicata,559084,464565,83.09,0.15
2739,2021-01-02,BAS,957,383,574,956,0,1,ITF,ITF5,17,Basilicata,Basilicata,559084,465522,83.27,0.17
2740,2021-01-16,BAS,725,305,420,725,0,0,ITF,ITF5,17,Basilicata,Basilicata,559084,466247,83.39,0.13
2741,2021-04-26,BAS,4466,2164,2302,4197,221,48,ITF,ITF5,17,Basilicata,Basilicata,559084,470713,84.19,0.8
2742,2021-06-21,BAS,4259,2045,2214,2142,2095,22,ITF,ITF5,17,Basilicata,Basilicata,559084,474972,84.96,0.76
2743,2021-06-19,BAS,4466,2178,2288,2370,2074,22,ITF,ITF5,17,Basilicata,Basilicata,559084,479438,85.75,0.8
2744,2021-03-28,BAS,2148,746,1402,2111,20,17,ITF,ITF5,17,Basilicata,Basilicata,559084,481586,86.14,0.38
2745,2021-03-11,BAS,1805,935,870,819,964,22,ITF,ITF5,17,Basilicata,Basilicata,559084,483391,86.46,0.32
2746,2021-02-27,BAS,2003,863,1140,1821,165,17,ITF,ITF5,17,Basilicata,Basilicata,559084,485394,86.82,0.36
2747,2021-07-20,BAS,5693,2792,2901,1688,3965,40,ITF,ITF5,17,Basilicata,Basilicata,559084,491087,87.84,1.02
2748,2021-06-07,BAS,4239,1921,2318,3885,316,38,ITF,ITF5,17,Basilicata,Basilicata,559084,495326,88.6,0.76
2749,2021-04-11,BAS,966,393,573,760,176,30,ITF,ITF5,17,Basilicata,Basilicata,559084,496292,88.77,0.17
2750,2021-05-29,BAS,3060,1534,1526,824,2225,11,ITF,ITF5,17,Basilicata,Basilicata,559084,499352,89.32,0.55
2751,2021-01-13,BAS,917,387,530,917,0,0,ITF,ITF5,17,Basilicata,Basilicata,559084,500269,89.48,0.16
2752,2021-04-23,BAS,4553,2192,2361,3476,1015,62,ITF,ITF5,17,Basilicata,Basilicata,559084,504822,90.29,0.81
2753,2021-01-30,BAS,713,230,483,129,584,0,ITF,ITF5,17,Basilicata,Basilicata,559084,505535,90.42,0.13
2754,2021-09-01,BAS,3248,1683,1565,1045,2104,99,ITF,ITF5,17,Basilicata,Basilicata,559084,508783,91.0,0.58
2755,2021-02-11,BAS,958,406,552,873,83,2,ITF,ITF5,17,Basilicata,Basilicata,559084,509741,91.17,0.17
2756,2021-01-14,BAS,973,413,560,973,0,0,ITF,ITF5,17,Basilicata,Basilicata,559084,510714,91.35,0.17
2757,2021-04-07,BAS,1212,552,660,1157,36,19,ITF,ITF5,17,Basilicata,Basilicata,559084,511926,91.57,0.22
2758,2021-04-25,BAS,2990,1459,1531,2906,52,32,ITF,ITF5,17,Basilicata,Basilicata,559084,514916,92.1,0.53
2759,2021-08-03,BAS,5062,2575,2487,1829,3184,49,ITF,ITF5,17,Basilicata,Basilicata,559084,519978,93.01,0.91
2760,2021-08-13,BAS,3661,1904,1757,1423,2147,91,ITF,ITF5,17,Basilicata,Basilicata,559084,523639,93.66,0.65
2761,2021-07-30,BAS,4766,2436,2330,1915,2802,49,ITF,ITF5,17,Basilicata,Basilicata,559084,528405,94.51,0.85
2762,2021-06-17,BAS,4442,2045,2397,2087,2330,25,ITF,ITF5,17,Basilicata,Basilicata,559084,532847,95.31,0.79
2763,2021-04-21,BAS,3951,1845,2106,2242,1679,30,ITF,ITF5,17,Basilicata,Basilicata,559084,536798,96.01,0.71
2764,2021-08-08,BAS,3665,1873,1792,1113,2521,31,ITF,ITF5,17,Basilicata,Basilicata,559084,540463,96.67,0.66
2765,2021-02-21,BAS,284,113,171,284,0,0,ITF,ITF5,17,Basilicata,Basilicata,559084,540747,96.72,0.05
2766,2021-03-07,BAS,898,313,585,848,40,10,ITF,ITF5,17,Basilicata,Basilicata,559084,541645,96.88,0.16
2767,2021-01-09,BAS,560,161,399,560,0,0,ITF,ITF5,17,Basilicata,Basilicata,559084,542205,96.98,0.1
2768,2021-08-29,BAS,2331,1249,1082,1255,979,97,ITF,ITF5,17,Basilicata,Basilicata,559084,544536,97.4,0.42
2769,2021-07-03,BAS,3946,2104,1842,2756,1144,46,ITF,ITF5,17,Basilicata,Basilicata,559084,548482,98.1,0.71
2770,2021-05-07,BAS,4637,2280,2357,3264,1341,32,ITF,ITF5,17,Basilicata,Basilicata,559084,553119,98.93,0.83
2771,2021-08-15,BAS,2705,1431,1274,1137,1528,40,ITF,ITF5,17,Basilicata,Basilicata,559084,555824,99.42,0.48
2772,2021-01-18,BAS,465,158,307,366,99,0,ITF,ITF5,17,Basilicata,Basilicata,559084,556289,99.5,0.08
2773,2021-03-16,BAS,1925,809,1116,226,1696,3,ITF,ITF5,17,Basilicata,Basilicata,559084,558214,99.84,0.34
2774,2021-04-04,BAS,611,227,384,187,418,6,ITF,ITF5,17,Basilicata,Basilicata,559084,558825,99.95,0.11
2775,2021-07-22,BAS,5796,2888,2908,1786,3948,62,ITF,ITF5,17,Basilicata,Basilicata,559084,564621,100.99,1.04
2776,2021-03-30,BAS,2872,1219,1653,2495,361,16,ITF,ITF5,17,Basilicata,Basilicata,559084,567493,101.5,0.51
2777,2021-07-08,BAS,5137,2429,2708,1852,3260,25,ITF,ITF5,17,Basilicata,Basilicata,559084,572630,102.42,0.92
2778,2021-05-22,BAS,5493,2725,2768,1929,3553,11,ITF,ITF5,17,Basilicata,Basilicata,559084,578123,103.41,0.98
2779,2021-03-26,BAS,1958,703,1255,1668,262,28,ITF,ITF5,17,Basilicata,Basilicata,559084,580081,103.76,0.35
2780,2021-09-08,BAS,2820,1492,1328,767,2004,49,ITF,ITF5,17,Basilicata,Basilicata,559084,582901,104.26,0.5
2781,2021-09-05,BAS,2282,1205,1077,466,1783,33,ITF,ITF5,17,Basilicata,Basilicata,559084,585183,104.67,0.41
2782,2021-03-04,BAS,1909,909,1000,1073,809,27,ITF,ITF5,17,Basilicata,Basilicata,559084,587092,105.01,0.34
2783,2021-06-12,BAS,3686,1694,1992,2959,689,38,ITF,ITF5,17,Basilicata,Basilicata,559084,590778,105.67,0.66
2784,2021-08-17,BAS,3508,1763,1745,1398,2044,66,ITF,ITF5,17,Basilicata,Basilicata,559084,594286,106.3,0.63
2785,2021-05-12,BAS,4730,2330,2400,2800,1881,49,ITF,ITF5,17,Basilicata,Basilicata,559084,599016,107.14,0.85
2786,2021-07-15,BAS,6479,3211,3268,1668,4785,26,ITF,ITF5,17,Basilicata,Basilicata,559084,605495,108.3,1.16
2787,2021-04-06,BAS,1274,465,809,1072,184,18,ITF,ITF5,17,Basilicata,Basilicata,559084,606769,108.53,0.23
2788,2021-05-05,BAS,4338,2050,2288,3376,891,71,ITF,ITF5,17,Basilicata,Basilicata,559084,611107,109.31,0.78
2789,2021-03-09,BAS,1418,726,692,780,615,23,ITF,ITF5,17,Basilicata,Basilicata,559084,612525,109.56,0.25
2790,2021-01-25,BAS,1054,441,613,74,979,1,ITF,ITF5,17,Basilicata,Basilicata,559084,613579,109.75,0.19
2791,2021-01-11,BAS,186,67,119,186,0,0,ITF,ITF5,17,Basilicata,Basilicata,559084,613765,109.78,0.03
2792,2021-07-10,BAS,5529,2668,2861,1595,3925,9,ITF,ITF5,17,Basilicata,Basilicata,559084,619294,110.77,0.99
2793,2021-05-14,BAS,5907,2798,3109,3271,2530,106,ITF,ITF5,17,Basilicata,Basilicata,559084,625201,111.83,1.06
2794,2021-03-18,BAS,1364,571,793,17,1338,9,ITF,ITF5,17,Basilicata,Basilicata,559084,626565,112.07,0.24
2795,2021-08-22,BAS,2444,1283,1161,1024,1371,49,ITF,ITF5,17,Basilicata,Basilicata,559084,629009,112.51,0.44
2796,2021-06-26,BAS,3337,1614,1723,2750,558,29,ITF,ITF5,17,Basilicata,Basilicata,559084,632346,113.1,0.6
2797,2021-01-06,BAS,296,130,166,296,0,0,ITF,ITF5,17,Basilicata,Basilicata,559084,632642,113.16,0.05
2798,2021-04-16,BAS,3326,1636,1690,2399,902,25,ITF,ITF5,17,Basilicata,Basilicata,559084,635968,113.75,0.59
2799,2021-06-14,BAS,4825,2156,2669,2090,2711,24,ITF,ITF5,17,Basilicata,Basilicata,559084,640793,114.61,0.86
2800,2021-03-23,BAS,1643,634,1009,1452,171,20,ITF,ITF5,17,Basilicata,Basilicata,559084,642436,114.91,0.29
2801,2021-07-01,BAS,3711,1856,1855,2564,1113,34,ITF,ITF5,17,Basilicata,Basilicata,559084,646147,115.57,0.66
2802,2021-09-03,BAS,2865,1522,1343,762,2040,63,ITF,ITF5,17,Basilicata,Basilicata,559084,649012,116.08,0.51
2803,2021-02-01,BAS,248,94,154,46,202,0,ITF,ITF5,17,Basilicata,Basilicata,559084,649260,116.13,0.04
2804,2021-05-26,BAS,4489,2260,2229,1676,2784,29,ITF,ITF5,17,Basilicata,Basilicata,559084,653749,116.93,0.8
2805,2021-02-13,BAS,802,314,488,703,61,38,ITF,ITF5,17,Basilicata,Basilicata,559084,654551,117.08,0.14
2806,2021-05-24,BAS,4834,2344,2490,1087,3734,13,ITF,ITF5,17,Basilicata,Basilicata,559084,659385,117.94,0.86
2807,2021-07-29,BAS,4856,2523,2333,1907,2902,47,ITF,ITF5,17,Basilicata,Basilicata,559084,664241,118.81,0.87
2808,2021-06-02,BAS,5962,2806,3156,4375,1544,43,ITF,ITF5,17,Basilicata,Basilicata,559084,670203,119.88,1.07
2809,2021-09-10,BAS,2656,1342,1314,539,2057,60,ITF,ITF5,17,Basilicata,Basilicata,559084,672859,120.35,0.48
2810,2021-04-18,BAS,3720,1843,1877,2327,1370,23,ITF,ITF5,17,Basilicata,Basilicata,559084,676579,121.02,0.67
2811,2021-02-20,BAS,1169,536,633,1050,119,0,ITF,ITF5,17,Basilicata,Basilicata,559084,677748,121.22,0.21
2812,2021-07-27,BAS,4713,2370,2343,1812,2855,46,ITF,ITF5,17,Basilicata,Basilicata,559084,682461,122.07,0.84
2813,2021-05-31,BAS,4230,2010,2220,1713,2509,8,ITF,ITF5,17,Basilicata,Basilicata,559084,686691,122.82,0.76
2814,2021-02-18,BAS,1075,404,671,855,217,3,ITF,ITF5,17,Basilicata,Basilicata,559084,687766,123.02,0.19
2815,2021-07-09,BAS,5338,2608,2730,1696,3633,9,ITF,ITF5,17,Basilicata,Basilicata,559084,693104,123.97,0.95
2816,2021-04-17,BAS,3461,1655,1806,2170,1262,29,ITF,ITF5,17,Basilicata,Basilicata,559084,696565,124.59,0.62
2817,2021-03-29,BAS,2482,898,1584,2141,288,53,ITF,ITF5,17,Basilicata,Basilicata,559084,699047,125.03,0.44
2818,2021-01-05,BAS,952,410,542,952,0,0,ITF,ITF5,17,Basilicata,Basilicata,559084,699999,125.2,0.17
2819,2021-06-20,BAS,4010,1883,2127,1939,2036,35,ITF,ITF5,17,Basilicata,Basilicata,559084,704009,125.92,0.72
2820,2021-09-11,BAS,2869,1520,1349,764,2040,65,ITF,ITF5,17,Basilicata,Basilicata,559084,706878,126.44,0.51
2821,2021-03-14,BAS,1014,480,534,530,471,13,ITF,ITF5,17,Basilicata,Basilicata,559084,707892,126.62,0.18
2822,2021-03-31,BAS,3122,1273,1849,2301,791,30,ITF,ITF5,17,Basilicata,Basilicata,559084,711014,127.17,0.56
2823,2021-09-13,BAS,2382,1261,1121,488,1848,46,ITF,ITF5,17,Basilicata,Basilicata,559084,713396,127.6,0.43
2824,2021-06-22,BAS,4355,2061,2294,2223,2100,32,ITF,ITF5,17,Basilicata,Basilicata,559084,717751,128.38,0.78
2825,2021-06-05,BAS,4801,2210,2591,3824,941,36,ITF,ITF5,17,Basilicata,Basilicata,559084,722552,129.24,0.86
2826,2021-08-27,BAS,2479,1313,1166,999,1410,70,ITF,ITF5,17,Basilicata,Basilicata,559084,725031,129.68,0.44
2827,2021-02-23,BAS,1912,773,1139,1753,141,18,ITF,ITF5,17,Basilicata,Basilicata,559084,726943,130.02,0.34
2828,2021-06-03,BAS,4922,2258,2664,3703,1181,38,ITF,ITF5,17,Basilicata,Basilicata,559084,731865,130.9,0.88
2829,2021-03-12,BAS,1923,988,935,786,1108,29,ITF,ITF5,17,Basilicata,Basilicata,559084,733788,131.25,0.34
2830,2021-05-17,BAS,5548,2735,2813,3362,2136,50,ITF,ITF5,17,Basilicata,Basilicata,559084,739336,132.24,0.99
2831,2021-08-25,BAS,2682,1407,1275,1259,1339,84,ITF,ITF5,17,Basilicata,Basilicata,559084,742018,132.72,0.48
2832,2021-02-08,BAS,566,195,371,155,411,0,ITF,ITF5,17,Basilicata,Basilicata,559084,742584,132.82,0.1
2833,2021-05-19,BAS,2873,1499,1374,1183,1677,13,ITF,ITF5,17,Basilicata,Basilicata,559084,745457,133.34,0.51
2834,2021-02-25,BAS,1796,740,1056,1737,48,11,ITF,ITF5,17,Basilicata,Basilicata,559084,747253,133.66,0.32
2835,2021-08-10,BAS,4415,2325,2090,1513,2831,71,ITF,ITF5,17,Basilicata,Basilicata,559084,751668,134.45,0.79
2836,2021-02-06,BAS,927,381,546,146,781,0,ITF,ITF5,17,Basilicata,Basilicata,559084,752595,134.61,0.17
2837,2021-04-30,BAS,5286,2376,2910,4061,1163,62,ITF,ITF5,17,Basilicata,Basilicata,559084,757881,135.56,0.95
2838,2021-01-20,BAS,85,22,63,84,1,0,ITF,ITF5,17,Basilicata,Basilicata,559084,757966,135.57,0.02
2839,2021-04-09,SAR,12479,5526,6953,7934,4402,143,ITG,ITG2,20,Sardegna,Sardegna,1639591,12479,0.76,0.76
2840,2021-07-20,SAR,16151,7931,8220,3654,12406,91,ITG,ITG2,20,Sardegna,Sardegna,1639591,28630,1.75,0.99
2841,2021-04-11,SAR,5416,2450,2966,4263,1124,29,ITG,ITG2,20,Sardegna,Sardegna,1639591,34046,2.08,0.33
2842,2021-06-07,SAR,12567,6145,6422,9437,3007,123,ITG,ITG2,20,Sardegna,Sardegna,1639591,46613,2.84,0.77
2843,2021-06-19,SAR,15347,7515,7832,9118,6130,99,ITG,ITG2,20,Sardegna,Sardegna,1639591,61960,3.78,0.94
2844,2021-07-06,SAR,15934,7722,8212,4659,11175,100,ITG,ITG2,20,Sardegna,Sardegna,1639591,77894,4.75,0.97
2845,2021-03-28,SAR,4628,1827,2801,4474,79,75,ITG,ITG2,20,Sardegna,Sardegna,1639591,82522,5.03,0.28
2846,2021-01-04,SAR,609,230,379,609,0,0,ITG,ITG2,20,Sardegna,Sardegna,1639591,83131,5.07,0.04
2847,2021-01-16,SAR,1498,530,968,1498,0,0,ITG,ITG2,20,Sardegna,Sardegna,1639591,84629,5.16,0.09
2848,2021-08-15,SAR,19,10,9,9,10,0,ITG,ITG2,20,Sardegna,Sardegna,1639591,84648,5.16,0.0
2849,2021-02-11,SAR,1322,490,832,1207,115,0,ITG,ITG2,20,Sardegna,Sardegna,1639591,85970,5.24,0.08
2850,2021-09-10,SAR,10288,5471,4817,2646,7472,170,ITG,ITG2,20,Sardegna,Sardegna,1639591,96258,5.87,0.63
2851,2021-09-01,SAR,8245,4308,3937,3115,5040,90,ITG,ITG2,20,Sardegna,Sardegna,1639591,104503,6.37,0.5
2852,2021-05-24,SAR,14491,7259,7232,8360,5999,132,ITG,ITG2,20,Sardegna,Sardegna,1639591,118994,7.26,0.88
2853,2021-02-13,SAR,1458,563,895,1452,2,4,ITG,ITG2,20,Sardegna,Sardegna,1639591,120452,7.35,0.09
2854,2021-08-01,SAR,3055,1502,1553,1031,1988,36,ITG,ITG2,20,Sardegna,Sardegna,1639591,123507,7.53,0.19
2855,2021-04-23,SAR,13065,5791,7274,7361,5556,148,ITG,ITG2,20,Sardegna,Sardegna,1639591,136572,8.33,0.8
2856,2021-05-10,SAR,9949,4416,5533,7210,2560,179,ITG,ITG2,20,Sardegna,Sardegna,1639591,146521,8.94,0.61
2857,2021-01-30,SAR,3946,1426,2520,368,3578,0,ITG,ITG2,20,Sardegna,Sardegna,1639591,150467,9.18,0.24
2858,2021-07-01,SAR,19832,9763,10069,7254,12484,94,ITG,ITG2,20,Sardegna,Sardegna,1639591,170299,10.39,1.21
2859,2021-03-23,SAR,6500,2905,3595,5229,1089,182,ITG,ITG2,20,Sardegna,Sardegna,1639591,176799,10.78,0.4
2860,2021-07-15,SAR,18778,9236,9542,4645,14032,101,ITG,ITG2,20,Sardegna,Sardegna,1639591,195577,11.93,1.15
2861,2021-08-27,SAR,8385,4495,3890,4909,3334,142,ITG,ITG2,20,Sardegna,Sardegna,1639591,203962,12.44,0.51
2862,2021-05-19,SAR,17084,8682,8402,12631,4282,171,ITG,ITG2,20,Sardegna,Sardegna,1639591,221046,13.48,1.04
2863,2021-06-05,SAR,17889,8442,9447,11286,6468,135,ITG,ITG2,20,Sardegna,Sardegna,1639591,238935,14.57,1.09
2864,2021-02-25,SAR,2939,1275,1664,2296,608,35,ITG,ITG2,20,Sardegna,Sardegna,1639591,241874,14.75,0.18
2865,2021-03-14,SAR,613,379,234,602,1,10,ITG,ITG2,20,Sardegna,Sardegna,1639591,242487,14.79,0.04
2866,2021-03-09,SAR,5562,2754,2808,4757,732,73,ITG,ITG2,20,Sardegna,Sardegna,1639591,248049,15.13,0.34
2867,2021-08-13,SAR,9951,5419,4532,6314,3518,119,ITG,ITG2,20,Sardegna,Sardegna,1639591,258000,15.74,0.61
2868,2021-05-05,SAR,10282,4678,5604,8009,2062,211,ITG,ITG2,20,Sardegna,Sardegna,1639591,268282,16.36,0.63
2869,2021-02-04,SAR,2302,825,1477,915,1384,3,ITG,ITG2,20,Sardegna,Sardegna,1639591,270584,16.5,0.14
2870,2021-04-02,SAR,9331,3626,5705,5928,3252,151,ITG,ITG2,20,Sardegna,Sardegna,1639591,279915,17.07,0.57
2871,2021-07-13,SAR,17809,8524,9285,3252,14479,78,ITG,ITG2,20,Sardegna,Sardegna,1639591,297724,18.16,1.09
2872,2021-04-04,SAR,2,1,1,0,2,0,ITG,ITG2,20,Sardegna,Sardegna,1639591,297726,18.16,0.0
2873,2021-07-08,SAR,18445,8972,9473,3832,14528,85,ITG,ITG2,20,Sardegna,Sardegna,1639591,316171,19.28,1.12
2874,2021-07-25,SAR,4343,2142,2201,862,3466,15,ITG,ITG2,20,Sardegna,Sardegna,1639591,320514,19.55,0.26
2875,2021-04-16,SAR,14605,6530,8075,9004,5422,179,ITG,ITG2,20,Sardegna,Sardegna,1639591,335119,20.44,0.89
2876,2021-01-23,SAR,61,23,38,0,61,0,ITG,ITG2,20,Sardegna,Sardegna,1639591,335180,20.44,0.0
2877,2021-06-12,SAR,14755,7194,7561,9935,4702,118,ITG,ITG2,20,Sardegna,Sardegna,1639591,349935,21.34,0.9
2878,2021-03-04,SAR,4393,2313,2080,3067,1260,66,ITG,ITG2,20,Sardegna,Sardegna,1639591,354328,21.61,0.27
2879,2021-03-21,SAR,4054,1815,2239,2586,1441,27,ITG,ITG2,20,Sardegna,Sardegna,1639591,358382,21.86,0.25
2880,2021-08-08,SAR,1884,979,905,1020,841,23,ITG,ITG2,20,Sardegna,Sardegna,1639591,360266,21.97,0.11
2881,2021-06-26,SAR,19164,9013,10151,5451,13635,78,ITG,ITG2,20,Sardegna,Sardegna,1639591,379430,23.14,1.17
2882,2021-08-22,SAR,1162,650,512,403,756,3,ITG,ITG2,20,Sardegna,Sardegna,1639591,380592,23.21,0.07
2883,2021-05-29,SAR,18031,8658,9373,13249,4612,170,ITG,ITG2,20,Sardegna,Sardegna,1639591,398623,24.31,1.1
2884,2021-02-18,SAR,1898,738,1160,1794,64,40,ITG,ITG2,20,Sardegna,Sardegna,1639591,400521,24.43,0.12
2885,2021-09-08,SAR,12252,6564,5688,3188,8922,142,ITG,ITG2,20,Sardegna,Sardegna,1639591,412773,25.18,0.75
2886,2021-05-31,SAR,11372,5409,5963,8162,3112,98,ITG,ITG2,20,Sardegna,Sardegna,1639591,424145,25.87,0.69
2887,2021-07-27,SAR,16535,8385,8150,4216,12208,111,ITG,ITG2,20,Sardegna,Sardegna,1639591,440680,26.88,1.01
2888,2021-04-18,SAR,5155,2237,2918,2239,2886,30,ITG,ITG2,20,Sardegna,Sardegna,1639591,445835,27.19,0.31
2889,2021-08-03,SAR,14575,7509,7066,7514,6863,198,ITG,ITG2,20,Sardegna,Sardegna,1639591,460410,28.08,0.89
2890,2021-08-20,SAR,10175,5355,4820,4794,5231,150,ITG,ITG2,20,Sardegna,Sardegna,1639591,470585,28.7,0.62
2891,2021-05-12,SAR,11225,5281,5944,7862,3154,209,ITG,ITG2,20,Sardegna,Sardegna,1639591,481810,29.39,0.68
2892,2021-09-03,SAR,8712,4696,4016,3079,5539,94,ITG,ITG2,20,Sardegna,Sardegna,1639591,490522,29.92,0.53
2893,2020-12-28,SAR,69,27,42,69,0,0,ITG,ITG2,20,Sardegna,Sardegna,1639591,490591,29.92,0.0
2894,2021-03-02,SAR,3061,1635,1426,1824,1162,75,ITG,ITG2,20,Sardegna,Sardegna,1639591,493652,30.11,0.19
2895,2021-04-28,SAR,9126,4309,4817,5213,3761,152,ITG,ITG2,20,Sardegna,Sardegna,1639591,502778,30.66,0.56
2896,2021-01-18,SAR,911,328,583,782,129,0,ITG,ITG2,20,Sardegna,Sardegna,1639591,503689,30.72,0.06
2897,2021-06-24,SAR,19201,9214,9987,8111,10985,105,ITG,ITG2,20,Sardegna,Sardegna,1639591,522890,31.89,1.17
2898,2021-03-16,SAR,4447,1967,2480,3472,930,45,ITG,ITG2,20,Sardegna,Sardegna,1639591,527337,32.16,0.27
2899,2021-04-30,SAR,11316,5344,5972,6823,4301,192,ITG,ITG2,20,Sardegna,Sardegna,1639591,538653,32.85,0.69
2900,2021-05-17,SAR,12841,6266,6575,9138,3554,149,ITG,ITG2,20,Sardegna,Sardegna,1639591,551494,33.64,0.78
2901,2021-02-06,SAR,1983,706,1277,566,1414,3,ITG,ITG2,20,Sardegna,Sardegna,1639591,553477,33.76,0.12
2902,2021-02-23,SAR,1577,1050,527,1278,282,17,ITG,ITG2,20,Sardegna,Sardegna,1639591,555054,33.85,0.1
2903,2021-06-16,SAR,17638,8278,9360,12165,5312,161,ITG,ITG2,20,Sardegna,Sardegna,1639591,572692,34.93,1.08
2904,2021-01-01,SAR,33,17,16,33,0,0,ITG,ITG2,20,Sardegna,Sardegna,1639591,572725,34.93,0.0
2905,2021-02-22,SAR,1651,954,697,1391,234,26,ITG,ITG2,20,Sardegna,Sardegna,1639591,574376,35.03,0.1
2906,2021-03-11,SAR,6464,3110,3354,5171,1209,84,ITG,ITG2,20,Sardegna,Sardegna,1639591,580840,35.43,0.39
2907,2021-01-13,SAR,579,182,397,579,0,0,ITG,ITG2,20,Sardegna,Sardegna,1639591,581419,35.46,0.04
2908,2021-05-07,SAR,14606,6666,7940,9787,4557,262,ITG,ITG2,20,Sardegna,Sardegna,1639591,596025,36.35,0.89
2909,2021-01-27,SAR,1436,506,930,78,1358,0,ITG,ITG2,20,Sardegna,Sardegna,1639591,597461,36.44,0.09
2910,2021-07-03,SAR,15845,7564,8281,3235,12577,33,ITG,ITG2,20,Sardegna,Sardegna,1639591,613306,37.41,0.97
2911,2021-03-25,SAR,9278,4021,5257,7821,1308,149,ITG,ITG2,20,Sardegna,Sardegna,1639591,622584,37.97,0.57
2912,2021-08-29,SAR,467,250,217,355,98,14,ITG,ITG2,20,Sardegna,Sardegna,1639591,623051,38.0,0.03
2913,2021-05-21,SAR,22798,11233,11565,16385,6133,280,ITG,ITG2,20,Sardegna,Sardegna,1639591,645849,39.39,1.39
2914,2021-06-14,SAR,13750,6644,7106,9791,3817,142,ITG,ITG2,20,Sardegna,Sardegna,1639591,659599,40.23,0.84
2915,2021-03-06,SAR,2950,1219,1731,1081,1795,74,ITG,ITG2,20,Sardegna,Sardegna,1639591,662549,40.41,0.18
2916,2021-06-28,SAR,14994,7041,7953,3049,11878,67,ITG,ITG2,20,Sardegna,Sardegna,1639591,677543,41.32,0.91
2917,2021-04-06,SAR,7578,3159,4419,5062,2438,78,ITG,ITG2,20,Sardegna,Sardegna,1639591,685121,41.79,0.46
2918,2020-12-27,SAR,68,37,31,68,0,0,ITG,ITG2,20,Sardegna,Sardegna,1639591,685189,41.79,0.0
2919,2021-04-21,SAR,12179,5579,6600,6478,5597,104,ITG,ITG2,20,Sardegna,Sardegna,1639591,697368,42.53,0.74
2920,2021-01-11,SAR,1219,522,697,1218,0,1,ITG,ITG2,20,Sardegna,Sardegna,1639591,698587,42.61,0.07
2921,2021-06-17,SAR,18468,8531,9937,9920,8427,121,ITG,ITG2,20,Sardegna,Sardegna,1639591,717055,43.73,1.13
2922,2021-01-25,SAR,612,228,384,23,589,0,ITG,ITG2,20,Sardegna,Sardegna,1639591,717667,43.77,0.04
2923,2021-08-24,SAR,10102,5402,4700,4811,5136,155,ITG,ITG2,20,Sardegna,Sardegna,1639591,727769,44.39,0.62
2924,2021-05-16,SAR,8253,3838,4415,6003,2162,88,ITG,ITG2,20,Sardegna,Sardegna,1639591,736022,44.89,0.5
2925,2021-07-12,SAR,15335,7414,7921,2400,12877,58,ITG,ITG2,20,Sardegna,Sardegna,1639591,751357,45.83,0.94
2926,2021-09-07,SAR,9563,5084,4479,2541,6903,119,ITG,ITG2,20,Sardegna,Sardegna,1639591,760920,46.41,0.58
2927,2021-07-05,SAR,15584,7571,8013,3327,12208,49,ITG,ITG2,20,Sardegna,Sardegna,1639591,776504,47.36,0.95
2928,2021-08-31,SAR,9294,4957,4337,4748,4387,159,ITG,ITG2,20,Sardegna,Sardegna,1639591,785798,47.93,0.57
2929,2021-02-27,SAR,1930,646,1284,1326,561,43,ITG,ITG2,20,Sardegna,Sardegna,1639591,787728,48.04,0.12
2930,2021-07-22,SAR,18336,9268,9068,4507,13720,109,ITG,ITG2,20,Sardegna,Sardegna,1639591,806064,49.16,1.12
2931,2021-04-13,SAR,7706,3624,4082,5786,1854,66,ITG,ITG2,20,Sardegna,Sardegna,1639591,813770,49.63,0.47
2932,2021-06-09,SAR,15473,7368,8105,11575,3747,151,ITG,ITG2,20,Sardegna,Sardegna,1639591,829243,50.58,0.94
2933,2021-09-12,SAR,3234,1794,1440,622,2586,26,ITG,ITG2,20,Sardegna,Sardegna,1639591,832477,50.77,0.2
2934,2021-06-04,SAR,14515,6947,7568,9788,4568,159,ITG,ITG2,20,Sardegna,Sardegna,1639591,846992,51.66,0.89
2935,2021-06-21,SAR,14035,6738,7297,5124,8837,74,ITG,ITG2,20,Sardegna,Sardegna,1639591,861027,52.51,0.86
2936,2021-03-13,SAR,2773,1084,1689,2451,281,41,ITG,ITG2,20,Sardegna,Sardegna,1639591,863800,52.68,0.17
2937,2021-03-30,SAR,8925,3623,5302,6483,2286,156,ITG,ITG2,20,Sardegna,Sardegna,1639591,872725,53.23,0.54
2938,2021-01-06,SAR,1638,556,1082,1638,0,0,ITG,ITG2,20,Sardegna,Sardegna,1639591,874363,53.33,0.1
2939,2021-06-23,SAR,20548,9669,10879,6193,14262,93,ITG,ITG2,20,Sardegna,Sardegna,1639591,894911,54.58,1.25
2940,2021-01-08,SAR,3352,1237,2115,3350,0,2,ITG,ITG2,20,Sardegna,Sardegna,1639591,898263,54.79,0.2
2941,2021-06-02,SAR,9786,4692,5094,8060,1640,86,ITG,ITG2,20,Sardegna,Sardegna,1639591,908049,55.38,0.6
2942,2021-07-29,SAR,17895,9042,8853,6524,11205,166,ITG,ITG2,20,Sardegna,Sardegna,1639591,925944,56.47,1.09
2943,2021-04-20,SAR,11196,5065,6131,7797,3297,102,ITG,ITG2,20,Sardegna,Sardegna,1639591,937140,57.16,0.68
2944,2021-07-17,SAR,12871,6301,6570,3178,9626,67,ITG,ITG2,20,Sardegna,Sardegna,1639591,950011,57.94,0.79
2945,2021-07-31,SAR,10321,5458,4863,5276,4963,82,ITG,ITG2,20,Sardegna,Sardegna,1639591,960332,58.57,0.63
2946,2021-08-19,SAR,10762,5689,5073,5732,4897,133,ITG,ITG2,20,Sardegna,Sardegna,1639591,971094,59.23,0.66
2947,2021-09-05,SAR,664,370,294,133,525,6,ITG,ITG2,20,Sardegna,Sardegna,1639591,971758,59.27,0.04
2948,2021-05-28,SAR,18012,8715,9297,13527,4297,188,ITG,ITG2,20,Sardegna,Sardegna,1639591,989770,60.37,1.1
2949,2021-02-17,SAR,1417,582,835,1279,74,64,ITG,ITG2,20,Sardegna,Sardegna,1639591,991187,60.45,0.09
2950,2021-05-25,SAR,15158,7705,7453,8496,6487,175,ITG,ITG2,20,Sardegna,Sardegna,1639591,1006345,61.38,0.92
2951,2021-06-11,SAR,14784,7025,7759,9089,5539,156,ITG,ITG2,20,Sardegna,Sardegna,1639591,1021129,62.28,0.9
2952,2021-03-03,SAR,4139,2294,1845,2746,1306,87,ITG,ITG2,20,Sardegna,Sardegna,1639591,1025268,62.53,0.25
2953,2021-03-18,SAR,7318,3096,4222,5601,1640,77,ITG,ITG2,20,Sardegna,Sardegna,1639591,1032586,62.98,0.45
2954,2021-05-14,SAR,14668,6894,7774,10818,3652,198,ITG,ITG2,20,Sardegna,Sardegna,1639591,1047254,63.87,0.89
2955,2021-02-03,SAR,1122,419,703,426,695,1,ITG,ITG2,20,Sardegna,Sardegna,1639591,1048376,63.94,0.07
2956,2021-07-10,SAR,14241,6888,7353,2704,11503,34,ITG,ITG2,20,Sardegna,Sardegna,1639591,1062617,64.81,0.87
2957,2021-04-01,SAR,10295,4105,6190,7119,3024,152,ITG,ITG2,20,Sardegna,Sardegna,1639591,1072912,65.44,0.63
2958,2021-08-21,SAR,5622,3055,2567,3638,1894,90,ITG,ITG2,20,Sardegna,Sardegna,1639591,1078534,65.78,0.34
2959,2021-03-08,SAR,4734,2464,2270,3455,1226,53,ITG,ITG2,20,Sardegna,Sardegna,1639591,1083268,66.07,0.29
2960,2021-05-04,SAR,9683,4428,5255,7623,1905,155,ITG,ITG2,20,Sardegna,Sardegna,1639591,1092951,66.66,0.59
2961,2021-01-24,SAR,91,35,56,5,86,0,ITG,ITG2,20,Sardegna,Sardegna,1639591,1093042,66.67,0.01
2962,2021-06-18,SAR,16490,7509,8981,8603,7771,116,ITG,ITG2,20,Sardegna,Sardegna,1639591,1109532,67.67,1.01
2963,2021-03-10,SAR,6081,2964,3117,5147,856,78,ITG,ITG2,20,Sardegna,Sardegna,1639591,1115613,68.04,0.37
2964,2021-08-14,SAR,1794,1025,769,990,794,10,ITG,ITG2,20,Sardegna,Sardegna,1639591,1117407,68.15,0.11
2965,2021-05-06,SAR,13177,6066,7111,9735,3193,249,ITG,ITG2,20,Sardegna,Sardegna,1639591,1130584,68.96,0.8
2966,2021-03-01,SAR,2296,1167,1129,1598,667,31,ITG,ITG2,20,Sardegna,Sardegna,1639591,1132880,69.1,0.14
2967,2021-02-05,SAR,1923,757,1166,435,1486,2,ITG,ITG2,20,Sardegna,Sardegna,1639591,1134803,69.21,0.12
2968,2021-04-03,SAR,4728,1824,2904,2671,1986,71,ITG,ITG2,20,Sardegna,Sardegna,1639591,1139531,69.5,0.29
2969,2021-05-30,SAR,9746,4842,4904,7312,2366,68,ITG,ITG2,20,Sardegna,Sardegna,1639591,1149277,70.1,0.59
2970,2021-02-19,SAR,1519,477,1042,1414,56,49,ITG,ITG2,20,Sardegna,Sardegna,1639591,1150796,70.19,0.09
2971,2021-08-09,SAR,13414,6973,6441,6475,6793,146,ITG,ITG2,20,Sardegna,Sardegna,1639591,1164210,71.01,0.82
2972,2021-08-26,SAR,9429,4999,4430,5353,3949,127,ITG,ITG2,20,Sardegna,Sardegna,1639591,1173639,71.58,0.58
2973,2021-05-18,SAR,14787,7386,7401,9420,5226,141,ITG,ITG2,20,Sardegna,Sardegna,1639591,1188426,72.48,0.9
2974,2021-02-24,SAR,2448,1310,1138,2211,195,42,ITG,ITG2,20,Sardegna,Sardegna,1639591,1190874,72.63,0.15
2975,2021-08-28,SAR,4163,2395,1768,2853,1251,59,ITG,ITG2,20,Sardegna,Sardegna,1639591,1195037,72.89,0.25
2976,2021-06-06,SAR,10037,5001,5036,6314,3654,69,ITG,ITG2,20,Sardegna,Sardegna,1639591,1205074,73.5,0.61
2977,2021-08-05,SAR,15651,8231,7420,8688,6800,163,ITG,ITG2,20,Sardegna,Sardegna,1639591,1220725,74.45,0.95
2978,2021-02-20,SAR,2044,856,1188,1683,337,24,ITG,ITG2,20,Sardegna,Sardegna,1639591,1222769,74.58,0.12
2979,2021-06-30,SAR,17772,8514,9258,4804,12886,82,ITG,ITG2,20,Sardegna,Sardegna,1639591,1240541,75.66,1.08
2980,2021-03-22,SAR,3744,1517,2227,3132,526,86,ITG,ITG2,20,Sardegna,Sardegna,1639591,1244285,75.89,0.23
2981,2021-04-08,SAR,13608,5971,7637,8333,5154,121,ITG,ITG2,20,Sardegna,Sardegna,1639591,1257893,76.72,0.83
2982,2021-07-14,SAR,16913,8192,8721,3773,13029,111,ITG,ITG2,20,Sardegna,Sardegna,1639591,1274806,77.75,1.03
2983,2020-12-29,SAR,57,32,25,57,0,0,ITG,ITG2,20,Sardegna,Sardegna,1639591,1274863,77.75,0.0
2984,2021-04-22,SAR,10629,4687,5942,5541,4993,95,ITG,ITG2,20,Sardegna,Sardegna,1639591,1285492,78.4,0.65
2985,2021-01-12,SAR,890,417,473,890,0,0,ITG,ITG2,20,Sardegna,Sardegna,1639591,1286382,78.46,0.05
2986,2021-04-25,SAR,4535,2282,2253,3701,784,50,ITG,ITG2,20,Sardegna,Sardegna,1639591,1290917,78.73,0.28
2987,2021-01-15,SAR,1575,576,999,1573,0,2,ITG,ITG2,20,Sardegna,Sardegna,1639591,1292492,78.83,0.1
2988,2021-08-17,SAR,10608,5535,5073,6093,4389,126,ITG,ITG2,20,Sardegna,Sardegna,1639591,1303100,79.48,0.65
2989,2021-02-01,SAR,1555,620,935,226,1329,0,ITG,ITG2,20,Sardegna,Sardegna,1639591,1304655,79.57,0.09
2990,2021-05-09,SAR,6181,2888,3293,5162,926,93,ITG,ITG2,20,Sardegna,Sardegna,1639591,1310836,79.95,0.38
2991,2021-05-26,SAR,15550,8196,7354,9707,5661,182,ITG,ITG2,20,Sardegna,Sardegna,1639591,1326386,80.9,0.95
2992,2021-02-15,SAR,962,349,613,923,31,8,ITG,ITG2,20,Sardegna,Sardegna,1639591,1327348,80.96,0.06
2993,2021-03-20,SAR,5222,2079,3143,2909,2286,27,ITG,ITG2,20,Sardegna,Sardegna,1639591,1332570,81.27,0.32
2994,2021-09-04,SAR,5114,2803,2311,1554,3512,48,ITG,ITG2,20,Sardegna,Sardegna,1639591,1337684,81.59,0.31
2995,2021-06-13,SAR,9502,4678,4824,6162,3260,80,ITG,ITG2,20,Sardegna,Sardegna,1639591,1347186,82.17,0.58
2996,2021-09-02,SAR,10324,5548,4776,3967,6245,112,ITG,ITG2,20,Sardegna,Sardegna,1639591,1357510,82.8,0.63
2997,2021-07-21,SAR,19392,9500,9892,3907,15401,84,ITG,ITG2,20,Sardegna,Sardegna,1639591,1376902,83.98,1.18
2998,2021-02-10,SAR,1976,775,1201,1444,526,6,ITG,ITG2,20,Sardegna,Sardegna,1639591,1378878,84.1,0.12
2999,2021-09-09,SAR,11712,6261,5451,2229,9344,139,ITG,ITG2,20,Sardegna,Sardegna,1639591,1390590,84.81,0.71
3000,2021-07-23,SAR,15761,7788,7973,3405,12278,78,ITG,ITG2,20,Sardegna,Sardegna,1639591,1406351,85.77,0.96
3001,2021-04-14,SAR,8369,3928,4441,7029,1276,64,ITG,ITG2,20,Sardegna,Sardegna,1639591,1414720,86.28,0.51
3002,2021-05-13,SAR,12452,5874,6578,8769,3469,214,ITG,ITG2,20,Sardegna,Sardegna,1639591,1427172,87.04,0.76
3003,2021-02-02,SAR,1534,681,853,258,1276,0,ITG,ITG2,20,Sardegna,Sardegna,1639591,1428706,87.14,0.09
3004,2021-08-23,SAR,10523,5567,4956,5636,4710,177,ITG,ITG2,20,Sardegna,Sardegna,1639591,1439229,87.78,0.64
3005,2021-05-11,SAR,9112,4247,4865,6453,2521,138,ITG,ITG2,20,Sardegna,Sardegna,1639591,1448341,88.34,0.56
3006,2021-01-31,SAR,2153,765,1388,45,2108,0,ITG,ITG2,20,Sardegna,Sardegna,1639591,1450494,88.47,0.13
3007,2021-02-14,SAR,542,263,279,540,2,0,ITG,ITG2,20,Sardegna,Sardegna,1639591,1451036,88.5,0.03
3008,2021-07-18,SAR,5693,2874,2819,982,4701,10,ITG,ITG2,20,Sardegna,Sardegna,1639591,1456729,88.85,0.35
3009,2021-08-18,SAR,10695,5535,5160,5708,4857,130,ITG,ITG2,20,Sardegna,Sardegna,1639591,1467424,89.5,0.65
3010,2021-08-07,SAR,8215,4310,3905,5442,2705,68,ITG,ITG2,20,Sardegna,Sardegna,1639591,1475639,90.0,0.5
3011,2021-04-29,SAR,11275,5133,6142,6685,4431,159,ITG,ITG2,20,Sardegna,Sardegna,1639591,1486914,90.69,0.69
3012,2021-06-25,SAR,16517,7813,8704,3900,12559,58,ITG,ITG2,20,Sardegna,Sardegna,1639591,1503431,91.7,1.01
3013,2021-01-10,SAR,2220,762,1458,2219,0,1,ITG,ITG2,20,Sardegna,Sardegna,1639591,1505651,91.83,0.14
3014,2021-01-29,SAR,3044,1118,1926,45,2997,2,ITG,ITG2,20,Sardegna,Sardegna,1639591,1508695,92.02,0.19
3015,2021-08-02,SAR,13118,6603,6515,6209,6730,179,ITG,ITG2,20,Sardegna,Sardegna,1639591,1521813,92.82,0.8
3016,2021-01-28,SAR,3038,1084,1954,68,2970,0,ITG,ITG2,20,Sardegna,Sardegna,1639591,1524851,93.0,0.19
3017,2021-03-27,SAR,5831,2217,3614,5310,423,98,ITG,ITG2,20,Sardegna,Sardegna,1639591,1530682,93.36,0.36
3018,2021-05-23,SAR,10036,4817,5219,7685,2255,96,ITG,ITG2,20,Sardegna,Sardegna,1639591,1540718,93.97,0.61
3019,2021-02-12,SAR,2249,938,1311,2183,60,6,ITG,ITG2,20,Sardegna,Sardegna,1639591,1542967,94.11,0.14
3020,2021-07-19,SAR,15231,7630,7601,2797,12383,51,ITG,ITG2,20,Sardegna,Sardegna,1639591,1558198,95.04,0.93
3021,2021-04-12,SAR,7059,3202,3857,5256,1728,75,ITG,ITG2,20,Sardegna,Sardegna,1639591,1565257,95.47,0.43
3022,2021-01-02,SAR,61,22,39,61,0,0,ITG,ITG2,20,Sardegna,Sardegna,1639591,1565318,95.47,0.0
3023,2021-06-08,SAR,14838,7072,7766,11169,3512,157,ITG,ITG2,20,Sardegna,Sardegna,1639591,1580156,96.38,0.9
3024,2021-02-28,SAR,368,169,199,139,227,2,ITG,ITG2,20,Sardegna,Sardegna,1639591,1580524,96.4,0.02
3025,2021-08-04,SAR,16218,8528,7690,9601,6352,265,ITG,ITG2,20,Sardegna,Sardegna,1639591,1596742,97.39,0.99
3026,2021-04-26,SAR,6948,3297,3651,5921,927,100,ITG,ITG2,20,Sardegna,Sardegna,1639591,1603690,97.81,0.42
3027,2021-04-10,SAR,10604,4784,5820,8535,1962,107,ITG,ITG2,20,Sardegna,Sardegna,1639591,1614294,98.46,0.65
3028,2021-01-07,SAR,3170,1110,2060,3166,0,4,ITG,ITG2,20,Sardegna,Sardegna,1639591,1617464,98.65,0.19
3029,2021-06-10,SAR,17816,8479,9337,11644,6046,126,ITG,ITG2,20,Sardegna,Sardegna,1639591,1635280,99.74,1.09
3030,2021-05-15,SAR,13877,6443,7434,10242,3444,191,ITG,ITG2,20,Sardegna,Sardegna,1639591,1649157,100.58,0.85
3031,2021-07-11,SAR,6380,3119,3261,1424,4920,36,ITG,ITG2,20,Sardegna,Sardegna,1639591,1655537,100.97,0.39
3032,2021-01-26,SAR,1381,474,907,27,1354,0,ITG,ITG2,20,Sardegna,Sardegna,1639591,1656918,101.06,0.08
3033,2021-08-16,SAR,8462,4412,4050,4551,3795,116,ITG,ITG2,20,Sardegna,Sardegna,1639591,1665380,101.57,0.52
3034,2021-05-08,SAR,13212,6000,7212,10755,2289,168,ITG,ITG2,20,Sardegna,Sardegna,1639591,1678592,102.38,0.81
3035,2021-05-01,SAR,10010,4798,5212,5422,4486,102,ITG,ITG2,20,Sardegna,Sardegna,1639591,1688602,102.99,0.61
3036,2021-01-21,SAR,140,69,71,98,42,0,ITG,ITG2,20,Sardegna,Sardegna,1639591,1688742,103.0,0.01
3037,2021-02-07,SAR,1128,397,731,228,899,1,ITG,ITG2,20,Sardegna,Sardegna,1639591,1689870,103.07,0.07
3038,2021-08-11,SAR,11927,6361,5566,6147,5600,180,ITG,ITG2,20,Sardegna,Sardegna,1639591,1701797,103.79,0.73
3039,2021-05-03,SAR,8337,3855,4482,6602,1623,112,ITG,ITG2,20,Sardegna,Sardegna,1639591,1710134,104.3,0.51
3040,2021-05-20,SAR,16415,7895,8520,11295,4913,207,ITG,ITG2,20,Sardegna,Sardegna,1639591,1726549,105.3,1.0
3041,2021-02-09,SAR,2299,840,1459,1290,1004,5,ITG,ITG2,20,Sardegna,Sardegna,1639591,1728848,105.44,0.14
3042,2021-02-26,SAR,2834,1117,1717,2473,308,53,ITG,ITG2,20,Sardegna,Sardegna,1639591,1731682,105.62,0.17
3043,2021-07-02,SAR,18944,8892,10052,4405,14441,98,ITG,ITG2,20,Sardegna,Sardegna,1639591,1750626,106.77,1.16
3044,2021-04-27,SAR,7756,3590,4166,5573,2072,111,ITG,ITG2,20,Sardegna,Sardegna,1639591,1758382,107.25,0.47
3045,2021-01-17,SAR,867,278,589,866,1,0,ITG,ITG2,20,Sardegna,Sardegna,1639591,1759249,107.3,0.05
3046,2021-03-15,SAR,2828,1328,1500,2409,377,42,ITG,ITG2,20,Sardegna,Sardegna,1639591,1762077,107.47,0.17
3047,2021-07-04,SAR,8207,3988,4219,2067,6125,15,ITG,ITG2,20,Sardegna,Sardegna,1639591,1770284,107.97,0.5
3048,2021-03-26,SAR,8635,3550,5085,6963,1532,140,ITG,ITG2,20,Sardegna,Sardegna,1639591,1778919,108.5,0.53
3049,2021-04-05,SAR,2093,798,1295,2048,1,44,ITG,ITG2,20,Sardegna,Sardegna,1639591,1781012,108.63,0.13
3050,2021-09-06,SAR,9286,4875,4411,2548,6624,114,ITG,ITG2,20,Sardegna,Sardegna,1639591,1790298,109.19,0.57
3051,2021-06-29,SAR,17895,8606,9289,3754,14092,49,ITG,ITG2,20,Sardegna,Sardegna,1639591,1808193,110.28,1.09
3052,2021-05-27,SAR,17862,9268,8594,12109,5544,209,ITG,ITG2,20,Sardegna,Sardegna,1639591,1826055,111.37,1.09
3053,2021-02-16,SAR,703,291,412,667,27,9,ITG,ITG2,20,Sardegna,Sardegna,1639591,1826758,111.42,0.04
3054,2021-03-05,SAR,5234,2621,2613,2822,2372,40,ITG,ITG2,20,Sardegna,Sardegna,1639591,1831992,111.73,0.32
3055,2021-03-19,SAR,7323,3064,4259,5017,2244,62,ITG,ITG2,20,Sardegna,Sardegna,1639591,1839315,112.18,0.45
3056,2021-08-06,SAR,13824,7175,6649,7992,5659,173,ITG,ITG2,20,Sardegna,Sardegna,1639591,1853139,113.02,0.84
3057,2020-12-31,SAR,41,22,19,41,0,0,ITG,ITG2,20,Sardegna,Sardegna,1639591,1853180,113.03,0.0
3058,2021-07-30,SAR,15205,7858,7347,6621,8417,167,ITG,ITG2,20,Sardegna,Sardegna,1639591,1868385,113.95,0.93
3059,2021-06-01,SAR,14328,6659,7669,9637,4595,96,ITG,ITG2,20,Sardegna,Sardegna,1639591,1882713,114.83,0.87
3060,2021-02-21,SAR,1589,709,880,1558,30,1,ITG,ITG2,20,Sardegna,Sardegna,1639591,1884302,114.93,0.1
3061,2021-07-28,SAR,16793,8620,8173,6319,10326,148,ITG,ITG2,20,Sardegna,Sardegna,1639591,1901095,115.95,1.02
3062,2021-04-19,SAR,10256,4645,5611,8662,1449,145,ITG,ITG2,20,Sardegna,Sardegna,1639591,1911351,116.57,0.63
3063,2021-01-09,SAR,4087,1443,2644,4087,0,0,ITG,ITG2,20,Sardegna,Sardegna,1639591,1915438,116.82,0.25
3064,2021-06-15,SAR,14690,6808,7882,9812,4742,136,ITG,ITG2,20,Sardegna,Sardegna,1639591,1930128,117.72,0.9
3065,2021-03-07,SAR,1663,752,911,1114,545,4,ITG,ITG2,20,Sardegna,Sardegna,1639591,1931791,117.82,0.1
3066,2021-07-16,SAR,16935,8476,8459,4552,12248,135,ITG,ITG2,20,Sardegna,Sardegna,1639591,1948726,118.85,1.03
3067,2021-04-07,SAR,13731,6104,7627,7908,5739,84,ITG,ITG2,20,Sardegna,Sardegna,1639591,1962457,119.69,0.84
3068,2021-04-24,SAR,10548,4904,5644,7959,2450,139,ITG,ITG2,20,Sardegna,Sardegna,1639591,1973005,120.34,0.64
3069,2021-01-14,SAR,1128,433,695,1128,0,0,ITG,ITG2,20,Sardegna,Sardegna,1639591,1974133,120.4,0.07
3070,2021-08-30,SAR,8752,4669,4083,4835,3760,157,ITG,ITG2,20,Sardegna,Sardegna,1639591,1982885,120.94,0.53
3071,2021-05-22,SAR,25069,12012,13057,19587,5177,305,ITG,ITG2,20,Sardegna,Sardegna,1639591,2007954,122.47,1.53
3072,2021-01-19,SAR,751,271,480,695,55,1,ITG,ITG2,20,Sardegna,Sardegna,1639591,2008705,122.51,0.05
3073,2021-03-17,SAR,6628,2870,3758,4957,1633,38,ITG,ITG2,20,Sardegna,Sardegna,1639591,2015333,122.92,0.4
3074,2021-06-27,SAR,9019,4310,4709,2956,6035,28,ITG,ITG2,20,Sardegna,Sardegna,1639591,2024352,123.47,0.55
3075,2021-03-24,SAR,7505,3134,4371,5994,1360,151,ITG,ITG2,20,Sardegna,Sardegna,1639591,2031857,123.92,0.46
3076,2021-07-24,SAR,12385,6386,5999,1993,10363,29,ITG,ITG2,20,Sardegna,Sardegna,1639591,2044242,124.68,0.76
3077,2021-08-10,SAR,14241,7509,6732,6250,7829,162,ITG,ITG2,20,Sardegna,Sardegna,1639591,2058483,125.55,0.87
3078,2021-05-02,SAR,6075,2727,3348,5296,676,103,ITG,ITG2,20,Sardegna,Sardegna,1639591,2064558,125.92,0.37
3079,2021-02-08,SAR,1477,536,941,859,617,1,ITG,ITG2,20,Sardegna,Sardegna,1639591,2066035,126.01,0.09
3080,2021-08-12,SAR,12481,6614,5867,6626,5687,168,ITG,ITG2,20,Sardegna,Sardegna,1639591,2078516,126.77,0.76
3081,2021-01-20,SAR,215,78,137,213,2,0,ITG,ITG2,20,Sardegna,Sardegna,1639591,2078731,126.78,0.01
3082,2021-03-29,SAR,4861,1887,2974,4169,595,97,ITG,ITG2,20,Sardegna,Sardegna,1639591,2083592,127.08,0.3
3083,2021-04-15,SAR,11958,5576,6382,6817,5021,120,ITG,ITG2,20,Sardegna,Sardegna,1639591,2095550,127.81,0.73
3084,2021-01-05,SAR,1358,458,900,1358,0,0,ITG,ITG2,20,Sardegna,Sardegna,1639591,2096908,127.89,0.08
3085,2021-01-22,SAR,84,47,37,56,28,0,ITG,ITG2,20,Sardegna,Sardegna,1639591,2096992,127.9,0.01
3086,2021-07-26,SAR,14608,7289,7319,4121,10410,77,ITG,ITG2,20,Sardegna,Sardegna,1639591,2111600,128.79,0.89
3087,2021-04-17,SAR,10178,4526,5652,5421,4671,86,ITG,ITG2,20,Sardegna,Sardegna,1639591,2121778,129.41,0.62
3088,2021-01-03,SAR,90,36,54,90,0,0,ITG,ITG2,20,Sardegna,Sardegna,1639591,2121868,129.41,0.01
3089,2021-07-07,SAR,15909,7729,8180,4084,11772,53,ITG,ITG2,20,Sardegna,Sardegna,1639591,2137777,130.38,0.97
3090,2021-09-13,SAR,10450,5635,4815,2468,7871,111,ITG,ITG2,20,Sardegna,Sardegna,1639591,2148227,131.02,0.64
3091,2021-06-22,SAR,19342,8991,10351,7164,12077,101,ITG,ITG2,20,Sardegna,Sardegna,1639591,2167569,132.2,1.18
3092,2021-07-09,SAR,15884,7601,8283,3431,12370,83,ITG,ITG2,20,Sardegna,Sardegna,1639591,2183453,133.17,0.97
3093,2021-03-31,SAR,10635,4234,6401,8065,2438,132,ITG,ITG2,20,Sardegna,Sardegna,1639591,2194088,133.82,0.65
3094,2021-08-25,SAR,10063,5291,4772,4241,5711,111,ITG,ITG2,20,Sardegna,Sardegna,1639591,2204151,134.43,0.61
3095,2021-09-11,SAR,6501,3467,3034,1212,5255,34,ITG,ITG2,20,Sardegna,Sardegna,1639591,2210652,134.83,0.4
3096,2021-06-03,SAR,16398,7645,8753,10564,5693,141,ITG,ITG2,20,Sardegna,Sardegna,1639591,2227050,135.83,1.0
3097,2021-06-20,SAR,6295,2807,3488,3635,2628,32,ITG,ITG2,20,Sardegna,Sardegna,1639591,2233345,136.21,0.38
3098,2021-03-12,SAR,6023,2635,3388,4553,1317,153,ITG,ITG2,20,Sardegna,Sardegna,1639591,2239368,136.58,0.37
3099,2021-06-06,PAB,4553,2189,2364,812,3693,48,ITH,ITH1,4,Provincia Autonoma Bolzano / Bozen,P.A. Bolzano,533050,4553,0.85,0.85
3100,2021-02-26,PAB,1528,551,977,1498,30,0,ITH,ITH1,4,Provincia Autonoma Bolzano / Bozen,P.A. Bolzano,533050,6081,1.14,0.29
3101,2021-09-09,PAB,1624,814,810,695,929,0,ITH,ITH1,4,Provincia Autonoma Bolzano / Bozen,P.A. Bolzano,533050,7705,1.45,0.3
3102,2021-06-01,PAB,3677,2385,1292,2062,1479,136,ITH,ITH1,4,Provincia Autonoma Bolzano / Bozen,P.A. Bolzano,533050,11382,2.14,0.69
3103,2021-03-22,PAB,1159,527,632,1124,17,18,ITH,ITH1,4,Provincia Autonoma Bolzano / Bozen,P.A. Bolzano,533050,12541,2.35,0.22
3104,2021-08-23,PAB,2128,1202,926,799,1326,3,ITH,ITH1,4,Provincia Autonoma Bolzano / Bozen,P.A. Bolzano,533050,14669,2.75,0.4
3105,2021-02-12,PAB,730,217,513,482,248,0,ITH,ITH1,4,Provincia Autonoma Bolzano / Bozen,P.A. Bolzano,533050,15399,2.89,0.14
3106,2021-04-10,PAB,5416,2673,2743,4825,590,1,ITH,ITH1,4,Provincia Autonoma Bolzano / Bozen,P.A. Bolzano,533050,20815,3.9,1.02
3107,2020-12-31,PAB,929,528,401,929,0,0,ITH,ITH1,4,Provincia Autonoma Bolzano / Bozen,P.A. Bolzano,533050,21744,4.08,0.17
3108,2021-04-19,PAB,1876,860,1016,1694,182,0,ITH,ITH1,4,Provincia Autonoma Bolzano / Bozen,P.A. Bolzano,533050,23620,4.43,0.35
3109,2021-06-15,PAB,2045,1184,861,481,1534,30,ITH,ITH1,4,Provincia Autonoma Bolzano / Bozen,P.A. Bolzano,533050,25665,4.81,0.38
3110,2021-07-28,PAB,1439,785,654,879,497,63,ITH,ITH1,4,Provincia Autonoma Bolzano / Bozen,P.A. Bolzano,533050,27104,5.08,0.27
3111,2021-06-20,PAB,5250,2854,2396,620,4604,26,ITH,ITH1,4,Provincia Autonoma Bolzano / Bozen,P.A. Bolzano,533050,32354,6.07,0.98
3112,2021-02-07,PAB,2680,1186,1494,330,2350,0,ITH,ITH1,4,Provincia Autonoma Bolzano / Bozen,P.A. Bolzano,533050,35034,6.57,0.5
3113,2021-05-18,PAB,3364,1765,1599,2091,1191,82,ITH,ITH1,4,Provincia Autonoma Bolzano / Bozen,P.A. Bolzano,533050,38398,7.2,0.63
3114,2021-05-20,PAB,4975,2502,2473,3346,1480,149,ITH,ITH1,4,Provincia Autonoma Bolzano / Bozen,P.A. Bolzano,533050,43373,8.14,0.93
3115,2021-08-11,PAB,1203,604,599,714,487,2,ITH,ITH1,4,Provincia Autonoma Bolzano / Bozen,P.A. Bolzano,533050,44576,8.36,0.23
3116,2021-08-28,PAB,3269,1838,1431,1026,2213,30,ITH,ITH1,4,Provincia Autonoma Bolzano / Bozen,P.A. Bolzano,533050,47845,8.98,0.61
3117,2021-09-11,PAB,792,416,376,295,497,0,ITH,ITH1,4,Provincia Autonoma Bolzano / Bozen,P.A. Bolzano,533050,48637,9.12,0.15
3118,2021-07-09,PAB,5227,2612,2615,917,4168,142,ITH,ITH1,4,Provincia Autonoma Bolzano / Bozen,P.A. Bolzano,533050,53864,10.1,0.98
3119,2021-07-16,PAB,4513,2449,2064,1072,3319,122,ITH,ITH1,4,Provincia Autonoma Bolzano / Bozen,P.A. Bolzano,533050,58377,10.95,0.85
3120,2021-04-24,PAB,5119,2458,2661,4628,488,3,ITH,ITH1,4,Provincia Autonoma Bolzano / Bozen,P.A. Bolzano,533050,63496,11.91,0.96
3121,2021-08-02,PAB,2133,1278,855,1167,875,91,ITH,ITH1,4,Provincia Autonoma Bolzano / Bozen,P.A. Bolzano,533050,65629,12.31,0.4
3122,2021-07-14,PAB,873,453,420,482,361,30,ITH,ITH1,4,Provincia Autonoma Bolzano / Bozen,P.A. Bolzano,533050,66502,12.48,0.16
3123,2021-04-05,PAB,304,147,157,24,280,0,ITH,ITH1,4,Provincia Autonoma Bolzano / Bozen,P.A. Bolzano,533050,66806,12.53,0.06
3124,2021-06-27,PAB,4429,2315,2114,590,3810,29,ITH,ITH1,4,Provincia Autonoma Bolzano / Bozen,P.A. Bolzano,533050,71235,13.36,0.83
3125,2021-01-12,PAB,1712,461,1251,1712,0,0,ITH,ITH1,4,Provincia Autonoma Bolzano / Bozen,P.A. Bolzano,533050,72947,13.68,0.32
3126,2021-01-26,PAB,810,291,519,1,809,0,ITH,ITH1,4,Provincia Autonoma Bolzano / Bozen,P.A. Bolzano,533050,73757,13.84,0.15
3127,2021-07-02,PAB,3202,1658,1544,855,2171,176,ITH,ITH1,4,Provincia Autonoma Bolzano / Bozen,P.A. Bolzano,533050,76959,14.44,0.6
3128,2021-03-24,PAB,2068,1003,1065,2049,13,6,ITH,ITH1,4,Provincia Autonoma Bolzano / Bozen,P.A. Bolzano,533050,79027,14.83,0.39
3129,2021-03-10,PAB,1277,537,740,1133,144,0,ITH,ITH1,4,Provincia Autonoma Bolzano / Bozen,P.A. Bolzano,533050,80304,15.07,0.24
3130,2021-02-19,PAB,2252,512,1740,2241,11,0,ITH,ITH1,4,Provincia Autonoma Bolzano / Bozen,P.A. Bolzano,533050,82556,15.49,0.42
3131,2021-08-04,PAB,3811,2017,1794,2719,978,114,ITH,ITH1,4,Provincia Autonoma Bolzano / Bozen,P.A. Bolzano,533050,86367,16.2,0.71
3132,2021-06-08,PAB,4267,2185,2082,893,3346,28,ITH,ITH1,4,Provincia Autonoma Bolzano / Bozen,P.A. Bolzano,533050,90634,17.0,0.8
3133,2021-09-04,PAB,1359,715,644,578,748,33,ITH,ITH1,4,Provincia Autonoma Bolzano / Bozen,P.A. Bolzano,533050,91993,17.26,0.25
3134,2021-03-05,PAB,1843,627,1216,1397,443,3,ITH,ITH1,4,Provincia Autonoma Bolzano / Bozen,P.A. Bolzano,533050,93836,17.6,0.35
3135,2021-05-27,PAB,6211,3276,2935,3914,2014,283,ITH,ITH1,4,Provincia Autonoma Bolzano / Bozen,P.A. Bolzano,533050,100047,18.77,1.17
3136,2021-06-13,PAB,3689,2055,1634,453,3197,39,ITH,ITH1,4,Provincia Autonoma Bolzano / Bozen,P.A. Bolzano,533050,103736,19.46,0.69
3137,2021-05-25,PAB,3898,2024,1874,2910,888,100,ITH,ITH1,4,Provincia Autonoma Bolzano / Bozen,P.A. Bolzano,533050,107634,20.19,0.73
3138,2021-02-14,PAB,299,131,168,297,2,0,ITH,ITH1,4,Provincia Autonoma Bolzano / Bozen,P.A. Bolzano,533050,107933,20.25,0.06
3139,2021-08-16,PAB,1965,1115,850,876,1085,4,ITH,ITH1,4,Provincia Autonoma Bolzano / Bozen,P.A. Bolzano,533050,109898,20.62,0.37
3140,2021-05-08,PAB,4430,2383,2047,3574,664,192,ITH,ITH1,4,Provincia Autonoma Bolzano / Bozen,P.A. Bolzano,533050,114328,21.45,0.83
3141,2021-03-03,PAB,1181,395,786,1168,13,0,ITH,ITH1,4,Provincia Autonoma Bolzano / Bozen,P.A. Bolzano,533050,115509,21.67,0.22
3142,2021-08-09,PAB,1541,861,680,1121,413,7,ITH,ITH1,4,Provincia Autonoma Bolzano / Bozen,P.A. Bolzano,533050,117050,21.96,0.29
3143,2021-05-01,PAB,2105,1067,1038,1815,160,130,ITH,ITH1,4,Provincia Autonoma Bolzano / Bozen,P.A. Bolzano,533050,119155,22.35,0.39
3144,2021-03-12,PAB,1668,736,932,1252,413,3,ITH,ITH1,4,Provincia Autonoma Bolzano / Bozen,P.A. Bolzano,533050,120823,22.67,0.31
3145,2021-03-29,PAB,1173,500,673,411,761,1,ITH,ITH1,4,Provincia Autonoma Bolzano / Bozen,P.A. Bolzano,533050,121996,22.89,0.22
3146,2021-01-24,PAB,12,10,2,0,12,0,ITH,ITH1,4,Provincia Autonoma Bolzano / Bozen,P.A. Bolzano,533050,122008,22.89,0.0
3147,2021-07-04,PAB,4423,2132,2291,160,4235,28,ITH,ITH1,4,Provincia Autonoma Bolzano / Bozen,P.A. Bolzano,533050,126431,23.72,0.83
3148,2021-08-30,PAB,2141,1126,1015,824,1293,24,ITH,ITH1,4,Provincia Autonoma Bolzano / Bozen,P.A. Bolzano,533050,128572,24.12,0.4
3149,2021-04-17,PAB,5255,2609,2646,5210,44,1,ITH,ITH1,4,Provincia Autonoma Bolzano / Bozen,P.A. Bolzano,533050,133827,25.11,0.99
3150,2021-01-07,PAB,921,329,592,921,0,0,ITH,ITH1,4,Provincia Autonoma Bolzano / Bozen,P.A. Bolzano,533050,134748,25.28,0.17
3151,2021-07-21,PAB,3220,1882,1338,536,2644,40,ITH,ITH1,4,Provincia Autonoma Bolzano / Bozen,P.A. Bolzano,533050,137968,25.88,0.6
3152,2021-04-12,PAB,2110,948,1162,2104,6,0,ITH,ITH1,4,Provincia Autonoma Bolzano / Bozen,P.A. Bolzano,533050,140078,26.28,0.4
3153,2021-03-31,PAB,1836,696,1140,822,1014,0,ITH,ITH1,4,Provincia Autonoma Bolzano / Bozen,P.A. Bolzano,533050,141914,26.62,0.34
3154,2021-07-23,PAB,4359,2377,1982,1707,2391,261,ITH,ITH1,4,Provincia Autonoma Bolzano / Bozen,P.A. Bolzano,533050,146273,27.44,0.82
3155,2021-01-05,PAB,830,286,544,829,0,1,ITH,ITH1,4,Provincia Autonoma Bolzano / Bozen,P.A. Bolzano,533050,147103,27.6,0.16
3156,2021-01-23,PAB,197,117,80,0,197,0,ITH,ITH1,4,Provincia Autonoma Bolzano / Bozen,P.A. Bolzano,533050,147300,27.63,0.04
3157,2021-05-06,PAB,5191,2752,2439,2375,2571,245,ITH,ITH1,4,Provincia Autonoma Bolzano / Bozen,P.A. Bolzano,533050,152491,28.61,0.97
3158,2021-03-17,PAB,582,213,369,581,1,0,ITH,ITH1,4,Provincia Autonoma Bolzano / Bozen,P.A. Bolzano,533050,153073,28.72,0.11
3159,2021-08-21,PAB,1705,917,788,626,1075,4,ITH,ITH1,4,Provincia Autonoma Bolzano / Bozen,P.A. Bolzano,533050,154778,29.04,0.32
3160,2021-05-13,PAB,3005,1360,1645,1023,1934,48,ITH,ITH1,4,Provincia Autonoma Bolzano / Bozen,P.A. Bolzano,533050,157783,29.6,0.56
3161,2021-04-29,PAB,2643,1358,1285,1943,699,1,ITH,ITH1,4,Provincia Autonoma Bolzano / Bozen,P.A. Bolzano,533050,160426,30.1,0.5
3162,2021-06-29,PAB,1894,1021,873,247,1627,20,ITH,ITH1,4,Provincia Autonoma Bolzano / Bozen,P.A. Bolzano,533050,162320,30.45,0.36
3163,2021-08-06,PAB,3642,1918,1724,1202,2430,10,ITH,ITH1,4,Provincia Autonoma Bolzano / Bozen,P.A. Bolzano,533050,165962,31.13,0.68
3164,2021-04-28,PAB,2469,1307,1162,2459,5,5,ITH,ITH1,4,Provincia Autonoma Bolzano / Bozen,P.A. Bolzano,533050,168431,31.6,0.46
3165,2021-08-20,PAB,3929,2071,1858,947,2972,10,ITH,ITH1,4,Provincia Autonoma Bolzano / Bozen,P.A. Bolzano,533050,172360,32.33,0.74
3166,2021-08-08,PAB,1875,1024,851,1007,855,13,ITH,ITH1,4,Provincia Autonoma Bolzano / Bozen,P.A. Bolzano,533050,174235,32.69,0.35
3167,2021-01-21,PAB,969,452,517,140,829,0,ITH,ITH1,4,Provincia Autonoma Bolzano / Bozen,P.A. Bolzano,533050,175204,32.87,0.18
3168,2021-07-25,PAB,1892,1127,765,666,1146,80,ITH,ITH1,4,Provincia Autonoma Bolzano / Bozen,P.A. Bolzano,533050,177096,33.22,0.35
3169,2021-05-15,PAB,7021,3697,3324,6339,294,388,ITH,ITH1,4,Provincia Autonoma Bolzano / Bozen,P.A. Bolzano,533050,184117,34.54,1.32
3170,2021-02-04,PAB,1968,598,1370,8,1960,0,ITH,ITH1,4,Provincia Autonoma Bolzano / Bozen,P.A. Bolzano,533050,186085,34.91,0.37
3171,2021-07-11,PAB,6075,3094,2981,1087,4879,109,ITH,ITH1,4,Provincia Autonoma Bolzano / Bozen,P.A. Bolzano,533050,192160,36.05,1.14
3172,2021-04-02,PAB,2090,841,1249,701,1357,32,ITH,ITH1,4,Provincia Autonoma Bolzano / Bozen,P.A. Bolzano,533050,194250,36.44,0.39
3173,2021-09-06,PAB,1128,582,546,575,534,19,ITH,ITH1,4,Provincia Autonoma Bolzano / Bozen,P.A. Bolzano,533050,195378,36.65,0.21
3174,2021-05-29,PAB,7341,3908,3433,4045,3144,152,ITH,ITH1,4,Provincia Autonoma Bolzano / Bozen,P.A. Bolzano,533050,202719,38.03,1.38
3175,2021-08-25,PAB,2744,1457,1287,788,1916,40,ITH,ITH1,4,Provincia Autonoma Bolzano / Bozen,P.A. Bolzano,533050,205463,38.54,0.51
3176,2021-05-03,PAB,1838,851,987,398,1419,21,ITH,ITH1,4,Provincia Autonoma Bolzano / Bozen,P.A. Bolzano,533050,207301,38.89,0.34
3177,2021-02-23,PAB,769,324,445,763,6,0,ITH,ITH1,4,Provincia Autonoma Bolzano / Bozen,P.A. Bolzano,533050,208070,39.03,0.14
3178,2021-05-17,PAB,3154,1525,1629,2288,697,169,ITH,ITH1,4,Provincia Autonoma Bolzano / Bozen,P.A. Bolzano,533050,211224,39.63,0.59
3179,2021-06-03,PAB,4890,2663,2227,3691,972,227,ITH,ITH1,4,Provincia Autonoma Bolzano / Bozen,P.A. Bolzano,533050,216114,40.54,0.92
3180,2021-01-19,PAB,853,371,482,723,130,0,ITH,ITH1,4,Provincia Autonoma Bolzano / Bozen,P.A. Bolzano,533050,216967,40.7,0.16
3181,2021-06-25,PAB,4179,2308,1871,1025,3014,140,ITH,ITH1,4,Provincia Autonoma Bolzano / Bozen,P.A. Bolzano,533050,221146,41.49,0.78
3182,2021-02-09,PAB,317,126,191,1,316,0,ITH,ITH1,4,Provincia Autonoma Bolzano / Bozen,P.A. Bolzano,533050,221463,41.55,0.06
3183,2021-09-08,PAB,459,243,216,237,222,0,ITH,ITH1,4,Provincia Autonoma Bolzano / Bozen,P.A. Bolzano,533050,221922,41.63,0.09
3184,2021-07-13,PAB,3384,1732,1652,1320,1930,134,ITH,ITH1,4,Provincia Autonoma Bolzano / Bozen,P.A. Bolzano,533050,225306,42.27,0.63
3185,2021-02-02,PAB,1752,509,1243,8,1744,0,ITH,ITH1,4,Provincia Autonoma Bolzano / Bozen,P.A. Bolzano,533050,227058,42.6,0.33
3186,2021-07-20,PAB,3134,1730,1404,1402,1524,208,ITH,ITH1,4,Provincia Autonoma Bolzano / Bozen,P.A. Bolzano,533050,230192,43.18,0.59
3187,2021-09-01,PAB,1058,503,555,596,450,12,ITH,ITH1,4,Provincia Autonoma Bolzano / Bozen,P.A. Bolzano,533050,231250,43.38,0.2
3188,2021-01-16,PAB,2841,1265,1576,2841,0,0,ITH,ITH1,4,Provincia Autonoma Bolzano / Bozen,P.A. Bolzano,533050,234091,43.92,0.53
3189,2021-06-10,PAB,4498,2334,2164,1308,3098,92,ITH,ITH1,4,Provincia Autonoma Bolzano / Bozen,P.A. Bolzano,533050,238589,44.76,0.84
3190,2021-08-13,PAB,2913,1558,1355,1600,1302,11,ITH,ITH1,4,Provincia Autonoma Bolzano / Bozen,P.A. Bolzano,533050,241502,45.31,0.55
3191,2021-04-26,PAB,1550,776,774,1544,5,1,ITH,ITH1,4,Provincia Autonoma Bolzano / Bozen,P.A. Bolzano,533050,243052,45.6,0.29
3192,2021-05-10,PAB,3029,1306,1723,1338,1611,80,ITH,ITH1,4,Provincia Autonoma Bolzano / Bozen,P.A. Bolzano,533050,246081,46.16,0.57
3193,2021-08-01,PAB,1319,760,559,710,551,58,ITH,ITH1,4,Provincia Autonoma Bolzano / Bozen,P.A. Bolzano,533050,247400,46.41,0.25
3194,2021-08-18,PAB,881,461,420,380,498,3,ITH,ITH1,4,Provincia Autonoma Bolzano / Bozen,P.A. Bolzano,533050,248281,46.58,0.17
3195,2021-02-16,PAB,530,205,325,530,0,0,ITH,ITH1,4,Provincia Autonoma Bolzano / Bozen,P.A. Bolzano,533050,248811,46.68,0.1
3196,2021-01-28,PAB,872,309,563,9,863,0,ITH,ITH1,4,Provincia Autonoma Bolzano / Bozen,P.A. Bolzano,533050,249683,46.84,0.16
3197,2021-03-07,PAB,440,150,290,19,420,1,ITH,ITH1,4,Provincia Autonoma Bolzano / Bozen,P.A. Bolzano,533050,250123,46.92,0.08
3198,2021-07-30,PAB,5303,2844,2459,3404,1543,356,ITH,ITH1,4,Provincia Autonoma Bolzano / Bozen,P.A. Bolzano,533050,255426,47.92,0.99
3199,2021-04-21,PAB,3017,1470,1547,2168,848,1,ITH,ITH1,4,Provincia Autonoma Bolzano / Bozen,P.A. Bolzano,533050,258443,48.48,0.57
3200,2021-06-24,PAB,3946,2042,1904,1570,2204,172,ITH,ITH1,4,Provincia Autonoma Bolzano / Bozen,P.A. Bolzano,533050,262389,49.22,0.74
3201,2021-01-09,PAB,612,326,286,612,0,0,ITH,ITH1,4,Provincia Autonoma Bolzano / Bozen,P.A. Bolzano,533050,263001,49.34,0.11
3202,2021-09-13,PAB,1154,633,521,711,443,0,ITH,ITH1,4,Provincia Autonoma Bolzano / Bozen,P.A. Bolzano,533050,264155,49.56,0.22
3203,2021-06-05,PAB,6087,3035,3052,4700,1097,290,ITH,ITH1,4,Provincia Autonoma Bolzano / Bozen,P.A. Bolzano,533050,270242,50.7,1.14
3204,2021-08-27,PAB,2733,1419,1314,925,1729,79,ITH,ITH1,4,Provincia Autonoma Bolzano / Bozen,P.A. Bolzano,533050,272975,51.21,0.51
3205,2021-04-30,PAB,3348,1599,1749,1567,1778,3,ITH,ITH1,4,Provincia Autonoma Bolzano / Bozen,P.A. Bolzano,533050,276323,51.84,0.63
3206,2021-01-20,PAB,619,254,365,410,209,0,ITH,ITH1,4,Provincia Autonoma Bolzano / Bozen,P.A. Bolzano,533050,276942,51.95,0.12
3207,2021-07-22,PAB,3736,1941,1795,1735,1789,212,ITH,ITH1,4,Provincia Autonoma Bolzano / Bozen,P.A. Bolzano,533050,280678,52.66,0.7
3208,2021-01-06,PAB,59,18,41,59,0,0,ITH,ITH1,4,Provincia Autonoma Bolzano / Bozen,P.A. Bolzano,533050,280737,52.67,0.01
3209,2021-03-30,PAB,1302,532,770,220,1082,0,ITH,ITH1,4,Provincia Autonoma Bolzano / Bozen,P.A. Bolzano,533050,282039,52.91,0.24
3210,2021-04-16,PAB,2958,1424,1534,2445,512,1,ITH,ITH1,4,Provincia Autonoma Bolzano / Bozen,P.A. Bolzano,533050,284997,53.47,0.55
3211,2021-03-26,PAB,1663,737,926,525,1136,2,ITH,ITH1,4,Provincia Autonoma Bolzano / Bozen,P.A. Bolzano,533050,286660,53.78,0.31
3212,2021-04-09,PAB,2942,1303,1639,2211,730,1,ITH,ITH1,4,Provincia Autonoma Bolzano / Bozen,P.A. Bolzano,533050,289602,54.33,0.55
3213,2021-05-22,PAB,6844,3572,3272,4479,2169,196,ITH,ITH1,4,Provincia Autonoma Bolzano / Bozen,P.A. Bolzano,533050,296446,55.61,1.28
3214,2021-02-11,PAB,1096,433,663,239,857,0,ITH,ITH1,4,Provincia Autonoma Bolzano / Bozen,P.A. Bolzano,533050,297542,55.82,0.21
3215,2021-07-18,PAB,1870,1033,837,649,1150,71,ITH,ITH1,4,Provincia Autonoma Bolzano / Bozen,P.A. Bolzano,533050,299412,56.17,0.35
3216,2021-07-10,PAB,5814,3002,2812,952,4750,112,ITH,ITH1,4,Provincia Autonoma Bolzano / Bozen,P.A. Bolzano,533050,305226,57.26,1.09
3217,2021-01-18,PAB,1777,689,1088,1772,5,0,ITH,ITH1,4,Provincia Autonoma Bolzano / Bozen,P.A. Bolzano,533050,307003,57.59,0.33
3218,2021-08-15,PAB,616,333,283,282,334,0,ITH,ITH1,4,Provincia Autonoma Bolzano / Bozen,P.A. Bolzano,533050,307619,57.71,0.12
3219,2021-05-07,PAB,4200,2063,2137,3398,528,274,ITH,ITH1,4,Provincia Autonoma Bolzano / Bozen,P.A. Bolzano,533050,311819,58.5,0.79
3220,2021-07-03,PAB,5639,2793,2846,968,4566,105,ITH,ITH1,4,Provincia Autonoma Bolzano / Bozen,P.A. Bolzano,533050,317458,59.56,1.06
3221,2021-05-05,PAB,4161,1948,2213,1827,2118,216,ITH,ITH1,4,Provincia Autonoma Bolzano / Bozen,P.A. Bolzano,533050,321619,60.34,0.78
3222,2021-01-25,PAB,493,187,306,3,490,0,ITH,ITH1,4,Provincia Autonoma Bolzano / Bozen,P.A. Bolzano,533050,322112,60.43,0.09
3223,2021-03-23,PAB,1557,761,796,1544,1,12,ITH,ITH1,4,Provincia Autonoma Bolzano / Bozen,P.A. Bolzano,533050,323669,60.72,0.29
3224,2021-05-31,PAB,3068,1514,1554,2087,868,113,ITH,ITH1,4,Provincia Autonoma Bolzano / Bozen,P.A. Bolzano,533050,326737,61.3,0.58
3225,2021-01-01,PAB,6,5,1,6,0,0,ITH,ITH1,4,Provincia Autonoma Bolzano / Bozen,P.A. Bolzano,533050,326743,61.3,0.0
3226,2021-06-07,PAB,2987,1554,1433,2523,324,140,ITH,ITH1,4,Provincia Autonoma Bolzano / Bozen,P.A. Bolzano,533050,329730,61.86,0.56
3227,2021-02-27,PAB,2458,759,1699,2448,10,0,ITH,ITH1,4,Provincia Autonoma Bolzano / Bozen,P.A. Bolzano,533050,332188,62.32,0.46
3228,2021-04-25,PAB,3078,1501,1577,2405,672,1,ITH,ITH1,4,Provincia Autonoma Bolzano / Bozen,P.A. Bolzano,533050,335266,62.9,0.58
3229,2021-08-03,PAB,2950,1585,1365,1981,839,130,ITH,ITH1,4,Provincia Autonoma Bolzano / Bozen,P.A. Bolzano,533050,338216,63.45,0.55
3230,2021-01-13,PAB,1727,569,1158,1727,0,0,ITH,ITH1,4,Provincia Autonoma Bolzano / Bozen,P.A. Bolzano,533050,339943,63.77,0.32
3231,2021-01-30,PAB,498,245,253,4,494,0,ITH,ITH1,4,Provincia Autonoma Bolzano / Bozen,P.A. Bolzano,533050,340441,63.87,0.09
3232,2021-04-23,PAB,4554,2157,2397,3258,1293,3,ITH,ITH1,4,Provincia Autonoma Bolzano / Bozen,P.A. Bolzano,533050,344995,64.72,0.85
3233,2021-01-11,PAB,1594,522,1072,1594,0,0,ITH,ITH1,4,Provincia Autonoma Bolzano / Bozen,P.A. Bolzano,533050,346589,65.02,0.3
3234,2021-06-17,PAB,1773,982,791,623,1078,72,ITH,ITH1,4,Provincia Autonoma Bolzano / Bozen,P.A. Bolzano,533050,348362,65.35,0.33
3235,2021-01-02,PAB,91,48,43,91,0,0,ITH,ITH1,4,Provincia Autonoma Bolzano / Bozen,P.A. Bolzano,533050,348453,65.37,0.02
3236,2021-07-08,PAB,5512,2783,2729,550,4887,75,ITH,ITH1,4,Provincia Autonoma Bolzano / Bozen,P.A. Bolzano,533050,353965,66.4,1.03
3237,2021-06-19,PAB,5666,3018,2648,555,5039,72,ITH,ITH1,4,Provincia Autonoma Bolzano / Bozen,P.A. Bolzano,533050,359631,67.47,1.06
3238,2021-03-11,PAB,1691,830,861,1144,538,9,ITH,ITH1,4,Provincia Autonoma Bolzano / Bozen,P.A. Bolzano,533050,361322,67.78,0.32
3239,2021-02-25,PAB,1498,549,949,1497,1,0,ITH,ITH1,4,Provincia Autonoma Bolzano / Bozen,P.A. Bolzano,533050,362820,68.06,0.28
3240,2021-06-02,PAB,1468,824,644,978,459,31,ITH,ITH1,4,Provincia Autonoma Bolzano / Bozen,P.A. Bolzano,533050,364288,68.34,0.28
3241,2021-02-08,PAB,2,1,1,1,1,0,ITH,ITH1,4,Provincia Autonoma Bolzano / Bozen,P.A. Bolzano,533050,364290,68.34,0.0
3242,2021-07-06,PAB,1724,926,798,691,983,50,ITH,ITH1,4,Provincia Autonoma Bolzano / Bozen,P.A. Bolzano,533050,366014,68.66,0.32
3243,2021-06-22,PAB,2471,1423,1048,319,2126,26,ITH,ITH1,4,Provincia Autonoma Bolzano / Bozen,P.A. Bolzano,533050,368485,69.13,0.46
3244,2021-03-14,PAB,758,336,422,25,733,0,ITH,ITH1,4,Provincia Autonoma Bolzano / Bozen,P.A. Bolzano,533050,369243,69.27,0.14
3245,2021-04-14,PAB,3603,1650,1953,3507,95,1,ITH,ITH1,4,Provincia Autonoma Bolzano / Bozen,P.A. Bolzano,533050,372846,69.95,0.68
3246,2021-01-04,PAB,510,201,309,510,0,0,ITH,ITH1,4,Provincia Autonoma Bolzano / Bozen,P.A. Bolzano,533050,373356,70.04,0.1
3247,2021-02-06,PAB,2633,1176,1457,19,2614,0,ITH,ITH1,4,Provincia Autonoma Bolzano / Bozen,P.A. Bolzano,533050,375989,70.54,0.49
3248,2021-06-21,PAB,3168,1615,1553,260,2868,40,ITH,ITH1,4,Provincia Autonoma Bolzano / Bozen,P.A. Bolzano,533050,379157,71.13,0.59
3249,2021-09-12,PAB,90,58,32,54,36,0,ITH,ITH1,4,Provincia Autonoma Bolzano / Bozen,P.A. Bolzano,533050,379247,71.15,0.02
3250,2021-02-18,PAB,1838,457,1381,1830,7,1,ITH,ITH1,4,Provincia Autonoma Bolzano / Bozen,P.A. Bolzano,533050,381085,71.49,0.34
3251,2021-07-15,PAB,4397,2320,2077,1512,2703,182,ITH,ITH1,4,Provincia Autonoma Bolzano / Bozen,P.A. Bolzano,533050,385482,72.32,0.82
3252,2021-04-06,PAB,2254,1120,1134,2151,102,1,ITH,ITH1,4,Provincia Autonoma Bolzano / Bozen,P.A. Bolzano,533050,387736,72.74,0.42
3253,2021-07-17,PAB,3147,1801,1346,706,2352,89,ITH,ITH1,4,Provincia Autonoma Bolzano / Bozen,P.A. Bolzano,533050,390883,73.33,0.59
3254,2021-04-08,PAB,2797,1361,1436,2588,204,5,ITH,ITH1,4,Provincia Autonoma Bolzano / Bozen,P.A. Bolzano,533050,393680,73.85,0.52
3255,2021-04-01,PAB,2791,1409,1382,2644,146,1,ITH,ITH1,4,Provincia Autonoma Bolzano / Bozen,P.A. Bolzano,533050,396471,74.38,0.52
3256,2021-07-05,PAB,2936,1406,1530,824,1984,128,ITH,ITH1,4,Provincia Autonoma Bolzano / Bozen,P.A. Bolzano,533050,399407,74.93,0.55
3257,2021-05-30,PAB,4793,2531,2262,733,4030,30,ITH,ITH1,4,Provincia Autonoma Bolzano / Bozen,P.A. Bolzano,533050,404200,75.83,0.9
3258,2021-05-19,PAB,3887,1997,1890,1964,1789,134,ITH,ITH1,4,Provincia Autonoma Bolzano / Bozen,P.A. Bolzano,533050,408087,76.56,0.73
3259,2021-01-03,PAB,41,16,25,41,0,0,ITH,ITH1,4,Provincia Autonoma Bolzano / Bozen,P.A. Bolzano,533050,408128,76.56,0.01
3260,2021-04-13,PAB,2400,1134,1266,2393,7,0,ITH,ITH1,4,Provincia Autonoma Bolzano / Bozen,P.A. Bolzano,533050,410528,77.01,0.45
3261,2021-06-26,PAB,4548,2331,2217,1365,3077,106,ITH,ITH1,4,Provincia Autonoma Bolzano / Bozen,P.A. Bolzano,533050,415076,77.87,0.85
3262,2021-03-18,PAB,1302,531,771,226,1076,0,ITH,ITH1,4,Provincia Autonoma Bolzano / Bozen,P.A. Bolzano,533050,416378,78.11,0.24
3263,2021-08-22,PAB,993,546,447,307,685,1,ITH,ITH1,4,Provincia Autonoma Bolzano / Bozen,P.A. Bolzano,533050,417371,78.3,0.19
3264,2021-05-14,PAB,5146,2323,2823,2906,2044,196,ITH,ITH1,4,Provincia Autonoma Bolzano / Bozen,P.A. Bolzano,533050,422517,79.26,0.97
3265,2021-03-16,PAB,1290,532,758,124,1166,0,ITH,ITH1,4,Provincia Autonoma Bolzano / Bozen,P.A. Bolzano,533050,423807,79.51,0.24
3266,2021-05-12,PAB,3805,2063,1742,3422,154,229,ITH,ITH1,4,Provincia Autonoma Bolzano / Bozen,P.A. Bolzano,533050,427612,80.22,0.71
3267,2021-02-01,PAB,1467,448,1019,14,1453,0,ITH,ITH1,4,Provincia Autonoma Bolzano / Bozen,P.A. Bolzano,533050,429079,80.5,0.28
3268,2021-03-28,PAB,569,212,357,11,558,0,ITH,ITH1,4,Provincia Autonoma Bolzano / Bozen,P.A. Bolzano,533050,429648,80.6,0.11
3269,2021-08-10,PAB,1851,1016,835,1560,281,10,ITH,ITH1,4,Provincia Autonoma Bolzano / Bozen,P.A. Bolzano,533050,431499,80.95,0.35
3270,2021-02-13,PAB,318,79,239,312,6,0,ITH,ITH1,4,Provincia Autonoma Bolzano / Bozen,P.A. Bolzano,533050,431817,81.01,0.06
3271,2021-04-11,PAB,2734,1301,1433,2555,178,1,ITH,ITH1,4,Provincia Autonoma Bolzano / Bozen,P.A. Bolzano,533050,434551,81.52,0.51
3272,2021-05-24,PAB,1459,769,690,1061,335,63,ITH,ITH1,4,Provincia Autonoma Bolzano / Bozen,P.A. Bolzano,533050,436010,81.8,0.27
3273,2021-07-29,PAB,1340,717,623,718,570,52,ITH,ITH1,4,Provincia Autonoma Bolzano / Bozen,P.A. Bolzano,533050,437350,82.05,0.25
3274,2020-12-30,PAB,389,183,206,389,0,0,ITH,ITH1,4,Provincia Autonoma Bolzano / Bozen,P.A. Bolzano,533050,437739,82.12,0.07
3275,2021-09-10,PAB,1315,697,618,649,666,0,ITH,ITH1,4,Provincia Autonoma Bolzano / Bozen,P.A. Bolzano,533050,439054,82.37,0.25
3276,2021-06-09,PAB,3870,1919,1951,1266,2498,106,ITH,ITH1,4,Provincia Autonoma Bolzano / Bozen,P.A. Bolzano,533050,442924,83.09,0.73
3277,2021-03-01,PAB,925,224,701,923,1,1,ITH,ITH1,4,Provincia Autonoma Bolzano / Bozen,P.A. Bolzano,533050,443849,83.27,0.17
3278,2021-08-05,PAB,3471,1888,1583,1801,1580,90,ITH,ITH1,4,Provincia Autonoma Bolzano / Bozen,P.A. Bolzano,533050,447320,83.92,0.65
3279,2021-03-15,PAB,1194,452,742,711,482,1,ITH,ITH1,4,Provincia Autonoma Bolzano / Bozen,P.A. Bolzano,533050,448514,84.14,0.22
3280,2021-04-27,PAB,2235,1015,1220,1156,1079,0,ITH,ITH1,4,Provincia Autonoma Bolzano / Bozen,P.A. Bolzano,533050,450749,84.56,0.42
3281,2021-01-17,PAB,2329,1044,1285,2318,11,0,ITH,ITH1,4,Provincia Autonoma Bolzano / Bozen,P.A. Bolzano,533050,453078,85.0,0.44
3282,2021-06-23,PAB,1153,595,558,333,768,52,ITH,ITH1,4,Provincia Autonoma Bolzano / Bozen,P.A. Bolzano,533050,454231,85.21,0.22
3283,2021-02-20,PAB,1802,540,1262,1784,18,0,ITH,ITH1,4,Provincia Autonoma Bolzano / Bozen,P.A. Bolzano,533050,456033,85.55,0.34
3284,2021-07-27,PAB,3158,1886,1272,909,2181,68,ITH,ITH1,4,Provincia Autonoma Bolzano / Bozen,P.A. Bolzano,533050,459191,86.14,0.59
3285,2021-04-18,PAB,3116,1611,1505,2104,1011,1,ITH,ITH1,4,Provincia Autonoma Bolzano / Bozen,P.A. Bolzano,533050,462307,86.73,0.58
3286,2021-01-15,PAB,3293,1234,2059,3293,0,0,ITH,ITH1,4,Provincia Autonoma Bolzano / Bozen,P.A. Bolzano,533050,465600,87.35,0.62
3287,2021-08-14,PAB,2061,1120,941,786,1272,3,ITH,ITH1,4,Provincia Autonoma Bolzano / Bozen,P.A. Bolzano,533050,467661,87.73,0.39
3288,2021-07-12,PAB,3534,1755,1779,252,3243,39,ITH,ITH1,4,Provincia Autonoma Bolzano / Bozen,P.A. Bolzano,533050,471195,88.4,0.66
3289,2021-04-03,PAB,833,366,467,22,811,0,ITH,ITH1,4,Provincia Autonoma Bolzano / Bozen,P.A. Bolzano,533050,472028,88.55,0.16
3290,2021-09-07,PAB,1279,698,581,238,1041,0,ITH,ITH1,4,Provincia Autonoma Bolzano / Bozen,P.A. Bolzano,533050,473307,88.79,0.24
3291,2021-03-25,PAB,2173,1080,1093,1724,445,4,ITH,ITH1,4,Provincia Autonoma Bolzano / Bozen,P.A. Bolzano,533050,475480,89.2,0.41
3292,2021-01-27,PAB,85,29,56,2,83,0,ITH,ITH1,4,Provincia Autonoma Bolzano / Bozen,P.A. Bolzano,533050,475565,89.22,0.02
3293,2020-12-27,PAB,144,65,79,144,0,0,ITH,ITH1,4,Provincia Autonoma Bolzano / Bozen,P.A. Bolzano,533050,475709,89.24,0.03
3294,2021-06-30,PAB,3064,1565,1499,399,2608,57,ITH,ITH1,4,Provincia Autonoma Bolzano / Bozen,P.A. Bolzano,533050,478773,89.82,0.57
3295,2021-06-11,PAB,5841,3006,2835,2140,3486,215,ITH,ITH1,4,Provincia Autonoma Bolzano / Bozen,P.A. Bolzano,533050,484614,90.91,1.1
3296,2021-09-02,PAB,1207,626,581,714,467,26,ITH,ITH1,4,Provincia Autonoma Bolzano / Bozen,P.A. Bolzano,533050,485821,91.14,0.23
3297,2021-03-20,PAB,1760,851,909,1130,625,5,ITH,ITH1,4,Provincia Autonoma Bolzano / Bozen,P.A. Bolzano,533050,487581,91.47,0.33
3298,2021-08-29,PAB,868,479,389,358,498,12,ITH,ITH1,4,Provincia Autonoma Bolzano / Bozen,P.A. Bolzano,533050,488449,91.63,0.16
3299,2021-03-09,PAB,1194,543,651,1192,2,0,ITH,ITH1,4,Provincia Autonoma Bolzano / Bozen,P.A. Bolzano,533050,489643,91.86,0.22
3300,2021-07-26,PAB,1629,940,689,1126,411,92,ITH,ITH1,4,Provincia Autonoma Bolzano / Bozen,P.A. Bolzano,533050,491272,92.16,0.31
3301,2021-02-22,PAB,526,143,383,514,12,0,ITH,ITH1,4,Provincia Autonoma Bolzano / Bozen,P.A. Bolzano,533050,491798,92.26,0.1
3302,2021-08-26,PAB,2240,1134,1106,830,1359,51,ITH,ITH1,4,Provincia Autonoma Bolzano / Bozen,P.A. Bolzano,533050,494038,92.68,0.42
3303,2021-07-07,PAB,1994,1034,960,601,1336,57,ITH,ITH1,4,Provincia Autonoma Bolzano / Bozen,P.A. Bolzano,533050,496032,93.06,0.37
3304,2021-06-04,PAB,6722,3389,3333,4951,1537,234,ITH,ITH1,4,Provincia Autonoma Bolzano / Bozen,P.A. Bolzano,533050,502754,94.32,1.26
3305,2021-02-24,PAB,1368,407,961,1356,12,0,ITH,ITH1,4,Provincia Autonoma Bolzano / Bozen,P.A. Bolzano,533050,504122,94.57,0.26
3306,2021-03-27,PAB,3053,1554,1499,1544,1508,1,ITH,ITH1,4,Provincia Autonoma Bolzano / Bozen,P.A. Bolzano,533050,507175,95.15,0.57
3307,2021-03-13,PAB,2886,1460,1426,2785,101,0,ITH,ITH1,4,Provincia Autonoma Bolzano / Bozen,P.A. Bolzano,533050,510061,95.69,0.54
3308,2021-06-18,PAB,4544,2351,2193,1466,2912,166,ITH,ITH1,4,Provincia Autonoma Bolzano / Bozen,P.A. Bolzano,533050,514605,96.54,0.85
3309,2021-01-08,PAB,1537,484,1053,1537,0,0,ITH,ITH1,4,Provincia Autonoma Bolzano / Bozen,P.A. Bolzano,533050,516142,96.83,0.29
3310,2021-08-07,PAB,2378,1354,1024,1693,665,20,ITH,ITH1,4,Provincia Autonoma Bolzano / Bozen,P.A. Bolzano,533050,518520,97.27,0.45
3311,2021-04-20,PAB,1565,785,780,1562,3,0,ITH,ITH1,4,Provincia Autonoma Bolzano / Bozen,P.A. Bolzano,533050,520085,97.57,0.29
3312,2021-01-10,PAB,2,2,0,2,0,0,ITH,ITH1,4,Provincia Autonoma Bolzano / Bozen,P.A. Bolzano,533050,520087,97.57,0.0
3313,2021-06-16,PAB,3823,2028,1795,11,3807,5,ITH,ITH1,4,Provincia Autonoma Bolzano / Bozen,P.A. Bolzano,533050,523910,98.29,0.72
3314,2021-03-08,PAB,1213,535,678,1185,27,1,ITH,ITH1,4,Provincia Autonoma Bolzano / Bozen,P.A. Bolzano,533050,525123,98.51,0.23
3315,2021-08-12,PAB,3365,1724,1641,649,2711,5,ITH,ITH1,4,Provincia Autonoma Bolzano / Bozen,P.A. Bolzano,533050,528488,99.14,0.63
3316,2021-05-04,PAB,3453,1845,1608,2270,1038,145,ITH,ITH1,4,Provincia Autonoma Bolzano / Bozen,P.A. Bolzano,533050,531941,99.79,0.65
3317,2021-06-28,PAB,4614,2308,2306,217,4373,24,ITH,ITH1,4,Provincia Autonoma Bolzano / Bozen,P.A. Bolzano,533050,536555,100.66,0.87
3318,2021-02-05,PAB,3205,1188,2017,8,3197,0,ITH,ITH1,4,Provincia Autonoma Bolzano / Bozen,P.A. Bolzano,533050,539760,101.26,0.6
3319,2021-04-15,PAB,4410,2314,2096,4141,266,3,ITH,ITH1,4,Provincia Autonoma Bolzano / Bozen,P.A. Bolzano,533050,544170,102.09,0.83
3320,2021-07-24,PAB,4831,2848,1983,1384,3330,117,ITH,ITH1,4,Provincia Autonoma Bolzano / Bozen,P.A. Bolzano,533050,549001,102.99,0.91
3321,2021-05-02,PAB,2453,1284,1169,1431,915,107,ITH,ITH1,4,Provincia Autonoma Bolzano / Bozen,P.A. Bolzano,533050,551454,103.45,0.46
3322,2021-01-22,PAB,248,143,105,124,124,0,ITH,ITH1,4,Provincia Autonoma Bolzano / Bozen,P.A. Bolzano,533050,551702,103.5,0.05
3323,2021-05-23,PAB,4343,2305,2038,4141,8,194,ITH,ITH1,4,Provincia Autonoma Bolzano / Bozen,P.A. Bolzano,533050,556045,104.31,0.81
3324,2021-07-19,PAB,2782,1395,1387,625,2047,110,ITH,ITH1,4,Provincia Autonoma Bolzano / Bozen,P.A. Bolzano,533050,558827,104.84,0.52
3325,2021-02-03,PAB,1507,480,1027,5,1502,0,ITH,ITH1,4,Provincia Autonoma Bolzano / Bozen,P.A. Bolzano,533050,560334,105.12,0.28
3326,2021-02-10,PAB,1637,605,1032,27,1610,0,ITH,ITH1,4,Provincia Autonoma Bolzano / Bozen,P.A. Bolzano,533050,561971,105.43,0.31
3327,2021-08-31,PAB,2029,1095,934,751,1260,18,ITH,ITH1,4,Provincia Autonoma Bolzano / Bozen,P.A. Bolzano,533050,564000,105.81,0.38
3328,2021-05-21,PAB,7396,4065,3331,5230,1879,287,ITH,ITH1,4,Provincia Autonoma Bolzano / Bozen,P.A. Bolzano,533050,571396,107.19,1.39
3329,2021-08-24,PAB,1969,1028,941,566,1396,7,ITH,ITH1,4,Provincia Autonoma Bolzano / Bozen,P.A. Bolzano,533050,573365,107.56,0.37
3330,2021-05-16,PAB,2029,935,1094,1285,694,50,ITH,ITH1,4,Provincia Autonoma Bolzano / Bozen,P.A. Bolzano,533050,575394,107.94,0.38
3331,2021-03-21,PAB,769,286,483,15,754,0,ITH,ITH1,4,Provincia Autonoma Bolzano / Bozen,P.A. Bolzano,533050,576163,108.09,0.14
3332,2021-06-12,PAB,5079,2754,2325,1674,3289,116,ITH,ITH1,4,Provincia Autonoma Bolzano / Bozen,P.A. Bolzano,533050,581242,109.04,0.95
3333,2021-01-14,PAB,1953,578,1375,1953,0,0,ITH,ITH1,4,Provincia Autonoma Bolzano / Bozen,P.A. Bolzano,533050,583195,109.41,0.37
3334,2021-04-07,PAB,1803,825,978,1262,541,0,ITH,ITH1,4,Provincia Autonoma Bolzano / Bozen,P.A. Bolzano,533050,584998,109.75,0.34
3335,2021-03-02,PAB,696,200,496,694,2,0,ITH,ITH1,4,Provincia Autonoma Bolzano / Bozen,P.A. Bolzano,533050,585694,109.88,0.13
3336,2021-03-19,PAB,1921,777,1144,800,1120,1,ITH,ITH1,4,Provincia Autonoma Bolzano / Bozen,P.A. Bolzano,533050,587615,110.24,0.36
3337,2021-07-01,PAB,4640,2305,2335,1311,3167,162,ITH,ITH1,4,Provincia Autonoma Bolzano / Bozen,P.A. Bolzano,533050,592255,111.11,0.87
3338,2021-03-04,PAB,1723,1011,712,1490,229,4,ITH,ITH1,4,Provincia Autonoma Bolzano / Bozen,P.A. Bolzano,533050,593978,111.43,0.32
3339,2021-09-05,PAB,1082,573,509,644,423,15,ITH,ITH1,4,Provincia Autonoma Bolzano / Bozen,P.A. Bolzano,533050,595060,111.63,0.2
3340,2021-09-03,PAB,3228,1708,1520,1067,2112,49,ITH,ITH1,4,Provincia Autonoma Bolzano / Bozen,P.A. Bolzano,533050,598288,112.24,0.61
3341,2021-05-26,PAB,5019,2537,2482,2870,1978,171,ITH,ITH1,4,Provincia Autonoma Bolzano / Bozen,P.A. Bolzano,533050,603307,113.18,0.94
3342,2021-08-17,PAB,1250,690,560,855,391,4,ITH,ITH1,4,Provincia Autonoma Bolzano / Bozen,P.A. Bolzano,533050,604557,113.41,0.23
3343,2021-06-14,PAB,2984,1617,1367,577,2361,46,ITH,ITH1,4,Provincia Autonoma Bolzano / Bozen,P.A. Bolzano,533050,607541,113.97,0.56
3344,2021-02-15,PAB,72,42,30,26,46,0,ITH,ITH1,4,Provincia Autonoma Bolzano / Bozen,P.A. Bolzano,533050,607613,113.99,0.01
3345,2021-08-19,PAB,1749,965,784,1128,614,7,ITH,ITH1,4,Provincia Autonoma Bolzano / Bozen,P.A. Bolzano,533050,609362,114.32,0.33
3346,2021-05-11,PAB,2854,1338,1516,1262,1523,69,ITH,ITH1,4,Provincia Autonoma Bolzano / Bozen,P.A. Bolzano,533050,612216,114.85,0.54
3347,2021-07-31,PAB,3168,1720,1448,2109,924,135,ITH,ITH1,4,Provincia Autonoma Bolzano / Bozen,P.A. Bolzano,533050,615384,115.45,0.59
3348,2021-01-29,PAB,1515,518,997,24,1491,0,ITH,ITH1,4,Provincia Autonoma Bolzano / Bozen,P.A. Bolzano,533050,616899,115.73,0.28
3349,2021-04-22,PAB,2939,1512,1427,1993,942,4,ITH,ITH1,4,Provincia Autonoma Bolzano / Bozen,P.A. Bolzano,533050,619838,116.28,0.55
3350,2021-05-09,PAB,4243,2410,1833,2935,1150,158,ITH,ITH1,4,Provincia Autonoma Bolzano / Bozen,P.A. Bolzano,533050,624081,117.08,0.8
3351,2021-03-06,PAB,3976,2082,1894,3763,211,2,ITH,ITH1,4,Provincia Autonoma Bolzano / Bozen,P.A. Bolzano,533050,628057,117.82,0.75
3352,2021-05-28,PAB,7467,3942,3525,5370,1895,202,ITH,ITH1,4,Provincia Autonoma Bolzano / Bozen,P.A. Bolzano,533050,635524,119.22,1.4
3353,2021-02-17,PAB,156,51,105,139,17,0,ITH,ITH1,4,Provincia Autonoma Bolzano / Bozen,P.A. Bolzano,533050,635680,119.25,0.03
3354,2021-08-21,ABR,3844,2101,1743,1730,1992,122,ITF,ITF1,13,Abruzzo,Abruzzo,1304970,3844,0.29,0.29
3355,2021-05-04,ABR,10855,5094,5761,7039,3628,188,ITF,ITF1,13,Abruzzo,Abruzzo,1304970,14699,1.13,0.83
3356,2021-03-08,ABR,5155,1694,3461,4083,976,96,ITF,ITF1,13,Abruzzo,Abruzzo,1304970,19854,1.52,0.4
3357,2021-01-24,ABR,50,22,28,6,44,0,ITF,ITF1,13,Abruzzo,Abruzzo,1304970,19904,1.53,0.0
3358,2021-02-22,ABR,2641,1174,1467,2584,30,27,ITF,ITF1,13,Abruzzo,Abruzzo,1304970,22545,1.73,0.2
3359,2021-02-05,ABR,1535,521,1014,772,747,16,ITF,ITF1,13,Abruzzo,Abruzzo,1304970,24080,1.85,0.12
3360,2021-05-16,ABR,9577,4134,5443,5645,3812,120,ITF,ITF1,13,Abruzzo,Abruzzo,1304970,33657,2.58,0.73
3361,2021-06-04,ABR,15649,7395,8254,10757,4703,189,ITF,ITF1,13,Abruzzo,Abruzzo,1304970,49306,3.78,1.2
3362,2021-05-18,ABR,12111,5660,6451,7561,4379,171,ITF,ITF1,13,Abruzzo,Abruzzo,1304970,61417,4.71,0.93
3363,2021-02-24,ABR,3306,1442,1864,3112,177,17,ITF,ITF1,13,Abruzzo,Abruzzo,1304970,64723,4.96,0.25
3364,2021-08-09,ABR,10704,5548,5156,3096,7414,194,ITF,ITF1,13,Abruzzo,Abruzzo,1304970,75427,5.78,0.82
3365,2021-08-26,ABR,5802,3037,2765,2015,3636,151,ITF,ITF1,13,Abruzzo,Abruzzo,1304970,81229,6.22,0.44
3366,2021-09-09,ABR,6997,3668,3329,1342,5526,129,ITF,ITF1,13,Abruzzo,Abruzzo,1304970,88226,6.76,0.54
3367,2021-02-10,ABR,946,311,635,492,444,10,ITF,ITF1,13,Abruzzo,Abruzzo,1304970,89172,6.83,0.07
3368,2021-01-10,ABR,1271,539,732,1267,0,4,ITF,ITF1,13,Abruzzo,Abruzzo,1304970,90443,6.93,0.1
3369,2021-04-29,ABR,12685,5856,6829,9272,3098,315,ITF,ITF1,13,Abruzzo,Abruzzo,1304970,103128,7.9,0.97
3370,2021-08-07,ABR,6493,3617,2876,1836,4560,97,ITF,ITF1,13,Abruzzo,Abruzzo,1304970,109621,8.4,0.5
3371,2021-06-25,ABR,11062,5479,5583,4905,6014,143,ITF,ITF1,13,Abruzzo,Abruzzo,1304970,120683,9.25,0.85
3372,2021-01-15,ABR,385,155,230,371,0,14,ITF,ITF1,13,Abruzzo,Abruzzo,1304970,121068,9.28,0.03
3373,2021-03-03,ABR,4641,1899,2742,3716,906,19,ITF,ITF1,13,Abruzzo,Abruzzo,1304970,125709,9.63,0.36
3374,2021-07-14,ABR,13722,6798,6924,2435,11135,152,ITF,ITF1,13,Abruzzo,Abruzzo,1304970,139431,10.68,1.05
3375,2021-04-08,ABR,7395,3336,4059,4935,2330,130,ITF,ITF1,13,Abruzzo,Abruzzo,1304970,146826,11.25,0.57
3376,2021-04-22,ABR,6738,3252,3486,4828,1734,176,ITF,ITF1,13,Abruzzo,Abruzzo,1304970,153564,11.77,0.52
3377,2021-07-31,ABR,11743,6341,5402,3478,8062,203,ITF,ITF1,13,Abruzzo,Abruzzo,1304970,165307,12.67,0.9
3378,2020-12-27,ABR,47,24,23,47,0,0,ITF,ITF1,13,Abruzzo,Abruzzo,1304970,165354,12.67,0.0
3379,2021-03-20,ABR,4795,2201,2594,2564,2171,60,ITF,ITF1,13,Abruzzo,Abruzzo,1304970,170149,13.04,0.37
3380,2021-06-13,ABR,9845,4925,4920,7846,1834,165,ITF,ITF1,13,Abruzzo,Abruzzo,1304970,179994,13.79,0.75
3381,2021-01-22,ABR,118,57,61,118,0,0,ITF,ITF1,13,Abruzzo,Abruzzo,1304970,180112,13.8,0.01
3382,2021-01-03,ABR,501,212,289,499,0,2,ITF,ITF1,13,Abruzzo,Abruzzo,1304970,180613,13.84,0.04
3383,2021-05-30,ABR,8661,4110,4551,5326,3256,79,ITF,ITF1,13,Abruzzo,Abruzzo,1304970,189274,14.5,0.66
3384,2021-04-03,ABR,5164,2259,2905,3485,1598,81,ITF,ITF1,13,Abruzzo,Abruzzo,1304970,194438,14.9,0.4
3385,2021-09-07,ABR,5352,2814,2538,1471,3772,109,ITF,ITF1,13,Abruzzo,Abruzzo,1304970,199790,15.31,0.41
3386,2021-07-26,ABR,14259,7460,6799,3867,10193,199,ITF,ITF1,13,Abruzzo,Abruzzo,1304970,214049,16.4,1.09
3387,2021-07-12,ABR,15077,7458,7619,2356,12604,117,ITF,ITF1,13,Abruzzo,Abruzzo,1304970,229126,17.56,1.16
3388,2021-03-01,ABR,3477,1384,2093,2702,751,24,ITF,ITF1,13,Abruzzo,Abruzzo,1304970,232603,17.82,0.27
3389,2021-08-14,ABR,128,69,59,101,25,2,ITF,ITF1,13,Abruzzo,Abruzzo,1304970,232731,17.83,0.01
3390,2021-06-18,ABR,10193,5005,5188,6550,3494,149,ITF,ITF1,13,Abruzzo,Abruzzo,1304970,242924,18.62,0.78
3391,2021-02-02,ABR,1764,668,1096,218,1542,4,ITF,ITF1,13,Abruzzo,Abruzzo,1304970,244688,18.75,0.14
3392,2021-08-28,ABR,2303,1332,971,699,1555,49,ITF,ITF1,13,Abruzzo,Abruzzo,1304970,246991,18.93,0.18
3393,2021-03-22,ABR,4347,1911,2436,2309,1971,67,ITF,ITF1,13,Abruzzo,Abruzzo,1304970,251338,19.26,0.33
3394,2021-06-30,ABR,11170,5431,5739,4494,6509,167,ITF,ITF1,13,Abruzzo,Abruzzo,1304970,262508,20.12,0.86
3395,2021-02-17,ABR,2071,948,1123,1780,282,9,ITF,ITF1,13,Abruzzo,Abruzzo,1304970,264579,20.27,0.16
3396,2021-09-02,ABR,6117,3201,2916,1860,4127,130,ITF,ITF1,13,Abruzzo,Abruzzo,1304970,270696,20.74,0.47
3397,2021-06-11,ABR,11783,5854,5929,8831,2766,186,ITF,ITF1,13,Abruzzo,Abruzzo,1304970,282479,21.65,0.9
3398,2021-08-19,ABR,6722,3609,3113,3255,3275,192,ITF,ITF1,13,Abruzzo,Abruzzo,1304970,289201,22.16,0.52
3399,2021-07-21,ABR,11078,5718,5360,2425,8518,135,ITF,ITF1,13,Abruzzo,Abruzzo,1304970,300279,23.01,0.85
3400,2021-02-03,ABR,2062,717,1345,411,1643,8,ITF,ITF1,13,Abruzzo,Abruzzo,1304970,302341,23.17,0.16
3401,2021-04-27,ABR,9083,4366,4717,6504,2466,113,ITF,ITF1,13,Abruzzo,Abruzzo,1304970,311424,23.86,0.7
3402,2021-07-02,ABR,11835,5947,5888,4828,6822,185,ITF,ITF1,13,Abruzzo,Abruzzo,1304970,323259,24.77,0.91
3403,2021-03-15,ABR,3680,1445,2235,1840,1808,32,ITF,ITF1,13,Abruzzo,Abruzzo,1304970,326939,25.05,0.28
3404,2021-01-17,ABR,193,64,129,185,7,1,ITF,ITF1,13,Abruzzo,Abruzzo,1304970,327132,25.07,0.01
3405,2021-06-23,ABR,11016,5284,5732,5578,5291,147,ITF,ITF1,13,Abruzzo,Abruzzo,1304970,338148,25.91,0.84
3406,2021-01-29,ABR,1387,449,938,71,1315,1,ITF,ITF1,13,Abruzzo,Abruzzo,1304970,339535,26.02,0.11
3407,2021-08-02,ABR,13858,7155,6703,3544,10055,259,ITF,ITF1,13,Abruzzo,Abruzzo,1304970,353393,27.08,1.06
3408,2021-02-12,ABR,1228,567,661,1026,189,13,ITF,ITF1,13,Abruzzo,Abruzzo,1304970,354621,27.17,0.09
3409,2021-07-19,ABR,11778,5983,5795,2663,8943,172,ITF,ITF1,13,Abruzzo,Abruzzo,1304970,366399,28.08,0.9
3410,2021-05-23,ABR,9880,4693,5187,7067,2692,121,ITF,ITF1,13,Abruzzo,Abruzzo,1304970,376279,28.83,0.76
3411,2021-06-06,ABR,11151,5311,5840,8777,2241,133,ITF,ITF1,13,Abruzzo,Abruzzo,1304970,387430,29.69,0.85
3412,2021-04-10,ABR,8778,4059,4719,6122,2510,146,ITF,ITF1,13,Abruzzo,Abruzzo,1304970,396208,30.36,0.67
3413,2021-03-27,ABR,6125,2622,3503,3561,2492,72,ITF,ITF1,13,Abruzzo,Abruzzo,1304970,402333,30.83,0.47
3414,2021-01-05,ABR,1735,721,1014,1730,0,5,ITF,ITF1,13,Abruzzo,Abruzzo,1304970,404068,30.96,0.13
3415,2021-04-15,ABR,7832,3687,4145,5826,1843,163,ITF,ITF1,13,Abruzzo,Abruzzo,1304970,411900,31.56,0.6
3416,2021-07-07,ABR,12064,5906,6158,4026,7797,241,ITF,ITF1,13,Abruzzo,Abruzzo,1304970,423964,32.49,0.92
3417,2021-05-13,ABR,11153,5045,6108,6954,3964,235,ITF,ITF1,13,Abruzzo,Abruzzo,1304970,435117,33.34,0.85
3418,2021-03-31,ABR,6723,2947,3776,4559,2069,95,ITF,ITF1,13,Abruzzo,Abruzzo,1304970,441840,33.86,0.52
3419,2021-05-15,ABR,11445,5184,6261,5939,5327,179,ITF,ITF1,13,Abruzzo,Abruzzo,1304970,453285,34.74,0.88
3420,2021-08-23,ABR,5923,3110,2813,1660,4119,144,ITF,ITF1,13,Abruzzo,Abruzzo,1304970,459208,35.19,0.45
3421,2021-07-11,ABR,9887,4976,4911,2364,7388,135,ITF,ITF1,13,Abruzzo,Abruzzo,1304970,469095,35.95,0.76
3422,2021-01-19,ABR,112,56,56,90,21,1,ITF,ITF1,13,Abruzzo,Abruzzo,1304970,469207,35.96,0.01
3423,2021-02-07,ABR,781,307,474,200,580,1,ITF,ITF1,13,Abruzzo,Abruzzo,1304970,469988,36.02,0.06
3424,2021-07-23,ABR,12573,6463,6110,2851,9562,160,ITF,ITF1,13,Abruzzo,Abruzzo,1304970,482561,36.98,0.96
3425,2021-01-21,ABR,157,47,110,157,0,0,ITF,ITF1,13,Abruzzo,Abruzzo,1304970,482718,36.99,0.01
3426,2021-05-01,ABR,10752,5053,5699,5631,4984,137,ITF,ITF1,13,Abruzzo,Abruzzo,1304970,493470,37.81,0.82
3427,2021-05-11,ABR,10763,5121,5642,5731,4856,176,ITF,ITF1,13,Abruzzo,Abruzzo,1304970,504233,38.64,0.82
3428,2021-08-18,ABR,7382,3919,3463,3087,4104,191,ITF,ITF1,13,Abruzzo,Abruzzo,1304970,511615,39.21,0.57
3429,2021-04-05,ABR,2692,1147,1545,1729,880,83,ITF,ITF1,13,Abruzzo,Abruzzo,1304970,514307,39.41,0.21
3430,2021-02-28,ABR,1704,510,1194,1666,2,36,ITF,ITF1,13,Abruzzo,Abruzzo,1304970,516011,39.54,0.13
3431,2021-08-04,ABR,10880,5628,5252,4300,6337,243,ITF,ITF1,13,Abruzzo,Abruzzo,1304970,526891,40.38,0.83
3432,2021-01-02,ABR,559,226,333,558,0,1,ITF,ITF1,13,Abruzzo,Abruzzo,1304970,527450,40.42,0.04
3433,2021-06-08,ABR,12870,6622,6248,10430,2197,243,ITF,ITF1,13,Abruzzo,Abruzzo,1304970,540320,41.4,0.99
3434,2021-04-26,ABR,8564,4067,4497,7137,1214,213,ITF,ITF1,13,Abruzzo,Abruzzo,1304970,548884,42.06,0.66
3435,2021-06-01,ABR,10999,4878,6121,6511,4367,121,ITF,ITF1,13,Abruzzo,Abruzzo,1304970,559883,42.9,0.84
3436,2021-05-27,ABR,13323,6105,7218,8315,4831,177,ITF,ITF1,13,Abruzzo,Abruzzo,1304970,573206,43.92,1.02
3437,2021-09-04,ABR,2140,1136,1004,741,1338,61,ITF,ITF1,13,Abruzzo,Abruzzo,1304970,575346,44.09,0.16
3438,2021-03-19,ABR,5798,2586,3212,2730,3025,43,ITF,ITF1,13,Abruzzo,Abruzzo,1304970,581144,44.53,0.44
3439,2021-03-05,ABR,5346,1957,3389,4590,697,59,ITF,ITF1,13,Abruzzo,Abruzzo,1304970,586490,44.94,0.41
3440,2021-06-27,ABR,8369,4301,4068,5021,3208,140,ITF,ITF1,13,Abruzzo,Abruzzo,1304970,594859,45.58,0.64
3441,2021-04-17,ABR,7358,3402,3956,4209,3052,97,ITF,ITF1,13,Abruzzo,Abruzzo,1304970,602217,46.15,0.56
3442,2021-02-19,ABR,3301,1552,1749,3162,100,39,ITF,ITF1,13,Abruzzo,Abruzzo,1304970,605518,46.4,0.25
3443,2021-01-07,ABR,1712,657,1055,1705,0,7,ITF,ITF1,13,Abruzzo,Abruzzo,1304970,607230,46.53,0.13
3444,2021-07-30,ABR,12088,6435,5653,3793,8069,226,ITF,ITF1,13,Abruzzo,Abruzzo,1304970,619318,47.46,0.93
3445,2021-02-26,ABR,3924,1679,2245,2929,969,26,ITF,ITF1,13,Abruzzo,Abruzzo,1304970,623242,47.76,0.3
3446,2021-03-10,ABR,5050,1686,3364,4026,957,67,ITF,ITF1,13,Abruzzo,Abruzzo,1304970,628292,48.15,0.39
3447,2021-01-26,ABR,1550,568,982,31,1519,0,ITF,ITF1,13,Abruzzo,Abruzzo,1304970,629842,48.26,0.12
3448,2021-05-06,ABR,13004,6087,6917,7796,5049,159,ITF,ITF1,13,Abruzzo,Abruzzo,1304970,642846,49.26,1.0
3449,2021-05-20,ABR,12808,5927,6881,7412,5268,128,ITF,ITF1,13,Abruzzo,Abruzzo,1304970,655654,50.24,0.98
3450,2021-08-11,ABR,8276,4415,3861,2615,5503,158,ITF,ITF1,13,Abruzzo,Abruzzo,1304970,663930,50.88,0.63
3451,2021-03-17,ABR,4542,1873,2669,2779,1740,23,ITF,ITF1,13,Abruzzo,Abruzzo,1304970,668472,51.23,0.35
3452,2021-09-06,ABR,6220,3245,2975,2205,3867,148,ITF,ITF1,13,Abruzzo,Abruzzo,1304970,674692,51.7,0.48
3453,2021-01-12,ABR,1901,761,1140,1887,0,14,ITF,ITF1,13,Abruzzo,Abruzzo,1304970,676593,51.85,0.15
3454,2021-05-25,ABR,11422,5325,6097,8085,3139,198,ITF,ITF1,13,Abruzzo,Abruzzo,1304970,688015,52.72,0.88
3455,2021-01-31,ABR,1524,495,1029,286,1237,1,ITF,ITF1,13,Abruzzo,Abruzzo,1304970,689539,52.84,0.12
3456,2021-05-10,ABR,10114,4785,5329,5343,4653,118,ITF,ITF1,13,Abruzzo,Abruzzo,1304970,699653,53.61,0.78
3457,2021-04-23,ABR,7404,3397,4007,4927,2308,169,ITF,ITF1,13,Abruzzo,Abruzzo,1304970,707057,54.18,0.57
3458,2021-01-30,ABR,1514,570,944,62,1451,1,ITF,ITF1,13,Abruzzo,Abruzzo,1304970,708571,54.3,0.12
3459,2021-08-01,ABR,7571,4057,3514,2004,5465,102,ITF,ITF1,13,Abruzzo,Abruzzo,1304970,716142,54.88,0.58
3460,2021-04-19,ABR,6235,2864,3371,3788,2374,73,ITF,ITF1,13,Abruzzo,Abruzzo,1304970,722377,55.36,0.48
3461,2021-02-21,ABR,1219,551,668,1193,1,25,ITF,ITF1,13,Abruzzo,Abruzzo,1304970,723596,55.45,0.09
3462,2021-07-28,ABR,13274,6955,6319,3435,9671,168,ITF,ITF1,13,Abruzzo,Abruzzo,1304970,736870,56.47,1.02
3463,2021-06-15,ABR,11331,5563,5768,8682,2440,209,ITF,ITF1,13,Abruzzo,Abruzzo,1304970,748201,57.33,0.87
3464,2021-04-12,ABR,6239,2957,3282,4983,1173,83,ITF,ITF1,13,Abruzzo,Abruzzo,1304970,754440,57.81,0.48
3465,2021-04-09,ABR,8993,4261,4732,6246,2603,144,ITF,ITF1,13,Abruzzo,Abruzzo,1304970,763433,58.5,0.69
3466,2021-07-18,ABR,12207,6311,5896,1998,10086,123,ITF,ITF1,13,Abruzzo,Abruzzo,1304970,775640,59.44,0.94
3467,2021-04-02,ABR,6697,3105,3592,5113,1489,95,ITF,ITF1,13,Abruzzo,Abruzzo,1304970,782337,59.95,0.51
3468,2021-02-04,ABR,1686,617,1069,601,1073,12,ITF,ITF1,13,Abruzzo,Abruzzo,1304970,784023,60.08,0.13
3469,2021-07-20,ABR,12590,6390,6200,3223,9178,189,ITF,ITF1,13,Abruzzo,Abruzzo,1304970,796613,61.04,0.96
3470,2021-04-04,ABR,1633,769,864,1458,129,46,ITF,ITF1,13,Abruzzo,Abruzzo,1304970,798246,61.17,0.13
3471,2021-07-13,ABR,15525,7753,7772,2825,12523,177,ITF,ITF1,13,Abruzzo,Abruzzo,1304970,813771,62.36,1.19
3472,2021-01-18,ABR,154,71,83,53,101,0,ITF,ITF1,13,Abruzzo,Abruzzo,1304970,813925,62.37,0.01
3473,2021-06-24,ABR,10872,5411,5461,5722,4979,171,ITF,ITF1,13,Abruzzo,Abruzzo,1304970,824797,63.2,0.83
3474,2021-04-28,ABR,9517,4591,4926,7307,2025,185,ITF,ITF1,13,Abruzzo,Abruzzo,1304970,834314,63.93,0.73
3475,2021-05-12,ABR,9630,4602,5028,5871,3582,177,ITF,ITF1,13,Abruzzo,Abruzzo,1304970,843944,64.67,0.74
3476,2021-06-19,ABR,10558,5202,5356,6483,3901,174,ITF,ITF1,13,Abruzzo,Abruzzo,1304970,854502,65.48,0.81
3477,2021-03-28,ABR,2431,1018,1413,1994,386,51,ITF,ITF1,13,Abruzzo,Abruzzo,1304970,856933,65.67,0.19
3478,2021-07-06,ABR,10464,5200,5264,4300,5989,175,ITF,ITF1,13,Abruzzo,Abruzzo,1304970,867397,66.47,0.8
3479,2021-04-14,ABR,6597,2952,3645,4339,2123,135,ITF,ITF1,13,Abruzzo,Abruzzo,1304970,873994,66.97,0.51
3480,2021-01-04,ABR,1515,685,830,1509,0,6,ITF,ITF1,13,Abruzzo,Abruzzo,1304970,875509,67.09,0.12
3481,2021-01-23,ABR,265,116,149,51,208,6,ITF,ITF1,13,Abruzzo,Abruzzo,1304970,875774,67.11,0.02
3482,2021-05-03,ABR,11154,5262,5892,7131,3837,186,ITF,ITF1,13,Abruzzo,Abruzzo,1304970,886928,67.97,0.85
3483,2021-07-25,ABR,9864,5218,4646,2170,7571,123,ITF,ITF1,13,Abruzzo,Abruzzo,1304970,896792,68.72,0.76
3484,2021-07-08,ABR,13496,6684,6812,3408,9922,166,ITF,ITF1,13,Abruzzo,Abruzzo,1304970,910288,69.76,1.03
3485,2021-04-16,ABR,7547,3493,4054,5499,1917,131,ITF,ITF1,13,Abruzzo,Abruzzo,1304970,917835,70.33,0.58
3486,2021-03-24,ABR,6387,2786,3601,3992,2252,143,ITF,ITF1,13,Abruzzo,Abruzzo,1304970,924222,70.82,0.49
3487,2021-02-09,ABR,923,325,598,512,410,1,ITF,ITF1,13,Abruzzo,Abruzzo,1304970,925145,70.89,0.07
3488,2021-07-04,ABR,8372,4215,4157,3331,4915,126,ITF,ITF1,13,Abruzzo,Abruzzo,1304970,933517,71.54,0.64
3489,2021-08-30,ABR,7417,4056,3361,1945,5342,130,ITF,ITF1,13,Abruzzo,Abruzzo,1304970,940934,72.1,0.57
3490,2021-06-29,ABR,11429,5639,5790,5245,5996,188,ITF,ITF1,13,Abruzzo,Abruzzo,1304970,952363,72.98,0.88
3491,2021-03-21,ABR,2134,914,1220,839,1291,4,ITF,ITF1,13,Abruzzo,Abruzzo,1304970,954497,73.14,0.16
3492,2021-06-12,ABR,11424,5916,5508,9891,1351,182,ITF,ITF1,13,Abruzzo,Abruzzo,1304970,965921,74.02,0.88
3493,2021-04-07,ABR,7565,3493,4072,4514,2915,136,ITF,ITF1,13,Abruzzo,Abruzzo,1304970,973486,74.6,0.58
3494,2021-07-16,ABR,16150,8238,7912,2468,13565,117,ITF,ITF1,13,Abruzzo,Abruzzo,1304970,989636,75.84,1.24
3495,2021-05-08,ABR,10289,4869,5420,6306,3836,147,ITF,ITF1,13,Abruzzo,Abruzzo,1304970,999925,76.62,0.79
3496,2021-04-24,ABR,8731,3975,4756,6937,1532,262,ITF,ITF1,13,Abruzzo,Abruzzo,1304970,1008656,77.29,0.67
3497,2021-08-16,ABR,6101,3211,2890,2261,3694,146,ITF,ITF1,13,Abruzzo,Abruzzo,1304970,1014757,77.76,0.47
3498,2021-01-14,ABR,568,227,341,566,0,2,ITF,ITF1,13,Abruzzo,Abruzzo,1304970,1015325,77.8,0.04
3499,2021-02-16,ABR,1916,842,1074,1891,12,13,ITF,ITF1,13,Abruzzo,Abruzzo,1304970,1017241,77.95,0.15
3500,2021-03-02,ABR,3967,1676,2291,3264,686,17,ITF,ITF1,13,Abruzzo,Abruzzo,1304970,1021208,78.26,0.3
3501,2021-06-10,ABR,12711,6319,6392,10308,2164,239,ITF,ITF1,13,Abruzzo,Abruzzo,1304970,1033919,79.23,0.97
3502,2021-01-16,ABR,938,431,507,930,0,8,ITF,ITF1,13,Abruzzo,Abruzzo,1304970,1034857,79.3,0.07
3503,2021-03-11,ABR,5492,2216,3276,4263,1140,89,ITF,ITF1,13,Abruzzo,Abruzzo,1304970,1040349,79.72,0.42
3504,2021-06-02,ABR,9774,4750,5024,6837,2819,118,ITF,ITF1,13,Abruzzo,Abruzzo,1304970,1050123,80.47,0.75
3505,2021-09-10,ABR,4940,2641,2299,1512,3325,103,ITF,ITF1,13,Abruzzo,Abruzzo,1304970,1055063,80.85,0.38
3506,2021-09-12,ABR,1614,870,744,763,785,66,ITF,ITF1,13,Abruzzo,Abruzzo,1304970,1056677,80.97,0.12
3507,2021-03-13,ABR,4124,1420,2704,3018,1043,63,ITF,ITF1,13,Abruzzo,Abruzzo,1304970,1060801,81.29,0.32
3508,2021-06-21,ABR,11057,5388,5669,4939,5990,128,ITF,ITF1,13,Abruzzo,Abruzzo,1304970,1071858,82.14,0.85
3509,2021-08-12,ABR,8771,4627,4144,3180,5411,180,ITF,ITF1,13,Abruzzo,Abruzzo,1304970,1080629,82.81,0.67
3510,2021-06-16,ABR,10895,5452,5443,7989,2689,217,ITF,ITF1,13,Abruzzo,Abruzzo,1304970,1091524,83.64,0.83
3511,2021-02-27,ABR,2813,1338,1475,2513,267,33,ITF,ITF1,13,Abruzzo,Abruzzo,1304970,1094337,83.86,0.22
3512,2021-06-07,ABR,11101,5290,5811,9071,1844,186,ITF,ITF1,13,Abruzzo,Abruzzo,1304970,1105438,84.71,0.85
3513,2021-04-11,ABR,5380,2628,2752,4835,487,58,ITF,ITF1,13,Abruzzo,Abruzzo,1304970,1110818,85.12,0.41
3514,2021-06-09,ABR,11573,6092,5481,9704,1686,183,ITF,ITF1,13,Abruzzo,Abruzzo,1304970,1122391,86.01,0.89
3515,2021-01-13,ABR,1305,483,822,1297,0,8,ITF,ITF1,13,Abruzzo,Abruzzo,1304970,1123696,86.11,0.1
3516,2021-02-13,ABR,869,395,474,441,424,4,ITF,ITF1,13,Abruzzo,Abruzzo,1304970,1124565,86.18,0.07
3517,2021-09-01,ABR,6857,3651,3206,1576,5179,102,ITF,ITF1,13,Abruzzo,Abruzzo,1304970,1131422,86.7,0.53
3518,2021-02-11,ABR,815,262,553,770,43,2,ITF,ITF1,13,Abruzzo,Abruzzo,1304970,1132237,86.76,0.06
3519,2021-05-24,ABR,12222,5839,6383,8725,3341,156,ITF,ITF1,13,Abruzzo,Abruzzo,1304970,1144459,87.7,0.94
3520,2021-09-03,ABR,5936,3184,2752,1826,3979,131,ITF,ITF1,13,Abruzzo,Abruzzo,1304970,1150395,88.15,0.45
3521,2021-01-28,ABR,1435,495,940,11,1424,0,ITF,ITF1,13,Abruzzo,Abruzzo,1304970,1151830,88.26,0.11
3522,2021-01-11,ABR,1690,690,1000,1686,0,4,ITF,ITF1,13,Abruzzo,Abruzzo,1304970,1153520,88.39,0.13
3523,2021-04-21,ABR,6392,3103,3289,4633,1673,86,ITF,ITF1,13,Abruzzo,Abruzzo,1304970,1159912,88.88,0.49
3524,2021-03-16,ABR,3486,1453,2033,1804,1654,28,ITF,ITF1,13,Abruzzo,Abruzzo,1304970,1163398,89.15,0.27
3525,2021-08-20,ABR,6047,3166,2881,2033,3882,132,ITF,ITF1,13,Abruzzo,Abruzzo,1304970,1169445,89.61,0.46
3526,2021-08-06,ABR,10673,5706,4967,3683,6747,243,ITF,ITF1,13,Abruzzo,Abruzzo,1304970,1180118,90.43,0.82
3527,2021-05-05,ABR,11649,5576,6073,6275,5211,163,ITF,ITF1,13,Abruzzo,Abruzzo,1304970,1191767,91.33,0.89
3528,2021-03-09,ABR,5176,1806,3370,4147,938,91,ITF,ITF1,13,Abruzzo,Abruzzo,1304970,1196943,91.72,0.4
3529,2021-08-13,ABR,7122,3831,3291,2016,4999,107,ITF,ITF1,13,Abruzzo,Abruzzo,1304970,1204065,92.27,0.55
3530,2021-03-07,ABR,2521,630,1891,2483,0,38,ITF,ITF1,13,Abruzzo,Abruzzo,1304970,1206586,92.46,0.19
3531,2021-01-09,ABR,1613,693,920,1601,0,12,ITF,ITF1,13,Abruzzo,Abruzzo,1304970,1208199,92.58,0.12
3532,2021-05-07,ABR,12216,5715,6501,7643,4425,148,ITF,ITF1,13,Abruzzo,Abruzzo,1304970,1220415,93.52,0.94
3533,2021-03-25,ABR,5801,2666,3135,3063,2625,113,ITF,ITF1,13,Abruzzo,Abruzzo,1304970,1226216,93.97,0.44
3534,2021-08-29,ABR,1466,875,591,521,931,14,ITF,ITF1,13,Abruzzo,Abruzzo,1304970,1227682,94.08,0.11
3535,2021-01-27,ABR,1367,515,852,32,1335,0,ITF,ITF1,13,Abruzzo,Abruzzo,1304970,1229049,94.18,0.1
3536,2021-07-03,ABR,10194,5149,5045,3500,6546,148,ITF,ITF1,13,Abruzzo,Abruzzo,1304970,1239243,94.96,0.78
3537,2021-07-01,ABR,12762,6282,6480,5768,6768,226,ITF,ITF1,13,Abruzzo,Abruzzo,1304970,1252005,95.94,0.98
3538,2021-06-17,ABR,10914,5457,5457,7298,3452,164,ITF,ITF1,13,Abruzzo,Abruzzo,1304970,1262919,96.78,0.84
3539,2021-08-24,ABR,6357,3409,2948,1876,4329,152,ITF,ITF1,13,Abruzzo,Abruzzo,1304970,1269276,97.26,0.49
3540,2021-03-06,ABR,4182,1361,2821,3570,571,41,ITF,ITF1,13,Abruzzo,Abruzzo,1304970,1273458,97.59,0.32
3541,2021-03-30,ABR,5128,2262,2866,3141,1825,162,ITF,ITF1,13,Abruzzo,Abruzzo,1304970,1278586,97.98,0.39
3542,2021-01-06,ABR,1991,819,1172,1981,0,10,ITF,ITF1,13,Abruzzo,Abruzzo,1304970,1280577,98.13,0.15
3543,2021-02-18,ABR,2292,934,1358,2142,133,17,ITF,ITF1,13,Abruzzo,Abruzzo,1304970,1282869,98.31,0.18
3544,2021-05-29,ABR,10318,4430,5888,4454,5772,92,ITF,ITF1,13,Abruzzo,Abruzzo,1304970,1293187,99.1,0.79
3545,2021-05-22,ABR,13161,6393,6768,8131,4918,112,ITF,ITF1,13,Abruzzo,Abruzzo,1304970,1306348,100.11,1.01
3546,2021-03-26,ABR,5363,2315,3048,3175,2080,108,ITF,ITF1,13,Abruzzo,Abruzzo,1304970,1311711,100.52,0.41
3547,2021-09-08,ABR,4424,2350,2074,1589,2732,103,ITF,ITF1,13,Abruzzo,Abruzzo,1304970,1316135,100.86,0.34
3548,2021-07-27,ABR,15141,7908,7233,3339,11626,176,ITF,ITF1,13,Abruzzo,Abruzzo,1304970,1331276,102.02,1.16
3549,2021-05-31,ABR,11339,5115,6224,6769,4444,126,ITF,ITF1,13,Abruzzo,Abruzzo,1304970,1342615,102.88,0.87
3550,2021-04-20,ABR,5638,2714,2924,4104,1456,78,ITF,ITF1,13,Abruzzo,Abruzzo,1304970,1348253,103.32,0.43
3551,2021-07-29,ABR,15179,7972,7207,3926,11042,211,ITF,ITF1,13,Abruzzo,Abruzzo,1304970,1363432,104.48,1.16
3552,2021-07-17,ABR,14097,7384,6713,2648,11270,179,ITF,ITF1,13,Abruzzo,Abruzzo,1304970,1377529,105.56,1.08
3553,2021-03-04,ABR,5943,2360,3583,4973,928,42,ITF,ITF1,13,Abruzzo,Abruzzo,1304970,1383472,106.02,0.46
3554,2021-05-28,ABR,14027,6312,7715,7492,6366,169,ITF,ITF1,13,Abruzzo,Abruzzo,1304970,1397499,107.09,1.07
3555,2021-09-05,ABR,1428,781,647,437,963,28,ITF,ITF1,13,Abruzzo,Abruzzo,1304970,1398927,107.2,0.11
3556,2021-07-15,ABR,15945,8089,7856,3130,12639,176,ITF,ITF1,13,Abruzzo,Abruzzo,1304970,1414872,108.42,1.22
3557,2021-06-28,ABR,10054,4837,5217,5310,4574,170,ITF,ITF1,13,Abruzzo,Abruzzo,1304970,1424926,109.19,0.77
3558,2021-04-06,ABR,7677,3578,4099,5227,2320,130,ITF,ITF1,13,Abruzzo,Abruzzo,1304970,1432603,109.78,0.59
3559,2021-08-03,ABR,12720,6573,6147,3644,8907,169,ITF,ITF1,13,Abruzzo,Abruzzo,1304970,1445323,110.76,0.97
3560,2021-08-17,ABR,6582,3468,3114,2823,3541,218,ITF,ITF1,13,Abruzzo,Abruzzo,1304970,1451905,111.26,0.5
3561,2021-02-01,ABR,1633,574,1059,268,1364,1,ITF,ITF1,13,Abruzzo,Abruzzo,1304970,1453538,111.38,0.13
3562,2021-08-31,ABR,6410,3496,2914,1704,4596,110,ITF,ITF1,13,Abruzzo,Abruzzo,1304970,1459948,111.88,0.49
3563,2021-03-23,ABR,4835,2191,2644,2209,2567,59,ITF,ITF1,13,Abruzzo,Abruzzo,1304970,1464783,112.25,0.37
3564,2021-01-25,ABR,1606,634,972,11,1593,2,ITF,ITF1,13,Abruzzo,Abruzzo,1304970,1466389,112.37,0.12
3565,2021-05-21,ABR,13019,6329,6690,7864,4979,176,ITF,ITF1,13,Abruzzo,Abruzzo,1304970,1479408,113.37,1.0
3566,2021-03-18,ABR,3900,1652,2248,2038,1835,27,ITF,ITF1,13,Abruzzo,Abruzzo,1304970,1483308,113.67,0.3
3567,2021-08-22,ABR,1832,948,884,537,1243,52,ITF,ITF1,13,Abruzzo,Abruzzo,1304970,1485140,113.81,0.14
3568,2021-06-26,ABR,10053,5020,5033,5689,4201,163,ITF,ITF1,13,Abruzzo,Abruzzo,1304970,1495193,114.58,0.77
3569,2021-07-10,ABR,13124,6634,6490,3012,9947,165,ITF,ITF1,13,Abruzzo,Abruzzo,1304970,1508317,115.58,1.01
3570,2021-05-14,ABR,10596,5071,5525,5282,5152,162,ITF,ITF1,13,Abruzzo,Abruzzo,1304970,1518913,116.39,0.81
3571,2021-05-09,ABR,9158,4091,5067,4171,4874,113,ITF,ITF1,13,Abruzzo,Abruzzo,1304970,1528071,117.1,0.7
3572,2021-02-15,ABR,1794,832,962,1735,42,17,ITF,ITF1,13,Abruzzo,Abruzzo,1304970,1529865,117.23,0.14
3573,2021-05-26,ABR,13553,6045,7508,8398,4996,159,ITF,ITF1,13,Abruzzo,Abruzzo,1304970,1543418,118.27,1.04
3574,2021-06-14,ABR,10980,5430,5550,7425,3379,176,ITF,ITF1,13,Abruzzo,Abruzzo,1304970,1554398,119.11,0.84
3575,2021-04-25,ABR,9071,4625,4446,8052,809,210,ITF,ITF1,13,Abruzzo,Abruzzo,1304970,1563469,119.81,0.7
3576,2021-04-01,ABR,5628,2521,3107,3429,2120,79,ITF,ITF1,13,Abruzzo,Abruzzo,1304970,1569097,120.24,0.43
3577,2021-08-05,ABR,13901,7162,6739,4714,8915,272,ITF,ITF1,13,Abruzzo,Abruzzo,1304970,1582998,121.31,1.07
3578,2021-01-08,ABR,1659,638,1021,1650,0,9,ITF,ITF1,13,Abruzzo,Abruzzo,1304970,1584657,121.43,0.13
3579,2021-04-18,ABR,5821,2730,3091,4728,944,149,ITF,ITF1,13,Abruzzo,Abruzzo,1304970,1590478,121.88,0.45
3580,2021-02-20,ABR,4778,1844,2934,4658,76,44,ITF,ITF1,13,Abruzzo,Abruzzo,1304970,1595256,122.24,0.37
3581,2021-07-09,ABR,13618,6798,6820,2891,10588,139,ITF,ITF1,13,Abruzzo,Abruzzo,1304970,1608874,123.29,1.04
3582,2021-09-13,ABR,4596,2485,2111,1058,3459,79,ITF,ITF1,13,Abruzzo,Abruzzo,1304970,1613470,123.64,0.35
3583,2021-06-22,ABR,10411,4878,5533,5385,4846,180,ITF,ITF1,13,Abruzzo,Abruzzo,1304970,1623881,124.44,0.8
3584,2021-09-11,ABR,2386,1332,1054,1047,1232,107,ITF,ITF1,13,Abruzzo,Abruzzo,1304970,1626267,124.62,0.18
3585,2021-03-29,ABR,5710,2600,3110,3020,2640,50,ITF,ITF1,13,Abruzzo,Abruzzo,1304970,1631977,125.06,0.44
3586,2021-06-03,ABR,13198,6286,6912,9244,3779,175,ITF,ITF1,13,Abruzzo,Abruzzo,1304970,1645175,126.07,1.01
3587,2021-03-12,ABR,6044,1994,4050,4354,1611,79,ITF,ITF1,13,Abruzzo,Abruzzo,1304970,1651219,126.53,0.46
3588,2021-06-20,ABR,8449,4241,4208,5414,2932,103,ITF,ITF1,13,Abruzzo,Abruzzo,1304970,1659668,127.18,0.65
3589,2021-03-14,ABR,1883,732,1151,1201,669,13,ITF,ITF1,13,Abruzzo,Abruzzo,1304970,1661551,127.32,0.14
3590,2021-02-25,ABR,3056,1344,1712,2507,530,19,ITF,ITF1,13,Abruzzo,Abruzzo,1304970,1664607,127.56,0.23
3591,2021-06-05,ABR,14617,6865,7752,10363,4051,203,ITF,ITF1,13,Abruzzo,Abruzzo,1304970,1679224,128.68,1.12
3592,2021-08-08,ABR,4452,2429,2023,1888,2474,90,ITF,ITF1,13,Abruzzo,Abruzzo,1304970,1683676,129.02,0.34
3593,2021-05-17,ABR,11038,5039,5999,6017,4857,164,ITF,ITF1,13,Abruzzo,Abruzzo,1304970,1694714,129.87,0.85
3594,2021-08-25,ABR,7126,3795,3331,2372,4585,169,ITF,ITF1,13,Abruzzo,Abruzzo,1304970,1701840,130.41,0.55
3595,2021-08-27,ABR,7970,4201,3769,2467,5343,160,ITF,ITF1,13,Abruzzo,Abruzzo,1304970,1709810,131.02,0.61
3596,2021-02-23,ABR,2779,1273,1506,2753,11,15,ITF,ITF1,13,Abruzzo,Abruzzo,1304970,1712589,131.24,0.21
3597,2021-02-06,ABR,1613,745,868,595,1011,7,ITF,ITF1,13,Abruzzo,Abruzzo,1304970,1714202,131.36,0.12
3598,2021-02-08,ABR,1196,396,800,486,710,0,ITF,ITF1,13,Abruzzo,Abruzzo,1304970,1715398,131.45,0.09
3599,2021-05-19,ABR,10731,5128,5603,7568,3037,126,ITF,ITF1,13,Abruzzo,Abruzzo,1304970,1726129,132.27,0.82
3600,2021-04-30,ABR,12512,5870,6642,6511,5728,273,ITF,ITF1,13,Abruzzo,Abruzzo,1304970,1738641,133.23,0.96
3601,2021-04-13,ABR,5893,2755,3138,4557,1238,98,ITF,ITF1,13,Abruzzo,Abruzzo,1304970,1744534,133.68,0.45
3602,2021-01-20,ABR,449,157,292,427,2,20,ITF,ITF1,13,Abruzzo,Abruzzo,1304970,1744983,133.72,0.03
3603,2021-07-05,ABR,10910,5349,5561,4040,6676,194,ITF,ITF1,13,Abruzzo,Abruzzo,1304970,1755893,134.55,0.84
3604,2021-07-22,ABR,14487,7412,7075,3515,10762,210,ITF,ITF1,13,Abruzzo,Abruzzo,1304970,1770380,135.66,1.11
3605,2021-07-24,ABR,12632,6841,5791,3809,8586,237,ITF,ITF1,13,Abruzzo,Abruzzo,1304970,1783012,136.63,0.97
3606,2021-05-02,ABR,10465,5115,5350,5087,5233,145,ITF,ITF1,13,Abruzzo,Abruzzo,1304970,1793477,137.43,0.8
3607,2021-08-10,ABR,9270,4964,4306,3397,5661,212,ITF,ITF1,13,Abruzzo,Abruzzo,1304970,1802747,138.14,0.71
3608,2021-03-05,PUG,17749,7201,10548,15202,2320,227,ITF,ITF4,16,Puglia,Puglia,4029053,17749,0.44,0.44
3609,2021-02-26,PUG,13807,5071,8736,12527,1080,200,ITF,ITF4,16,Puglia,Puglia,4029053,31556,0.78,0.34
3610,2020-12-31,PUG,1638,785,853,1638,0,0,ITF,ITF4,16,Puglia,Puglia,4029053,33194,0.82,0.04
3611,2021-08-11,PUG,23925,12296,11629,12115,10794,1016,ITF,ITF4,16,Puglia,Puglia,4029053,57119,1.42,0.59
3612,2021-06-15,PUG,42761,20904,21857,22390,19777,594,ITF,ITF4,16,Puglia,Puglia,4029053,99880,2.48,1.06
3613,2021-06-08,PUG,39417,19195,20222,20959,17896,562,ITF,ITF4,16,Puglia,Puglia,4029053,139297,3.46,0.98
3614,2021-02-21,PUG,2178,475,1703,2064,63,51,ITF,ITF4,16,Puglia,Puglia,4029053,141475,3.51,0.05
3615,2021-06-01,PUG,35063,17562,17501,21649,13016,398,ITF,ITF4,16,Puglia,Puglia,4029053,176538,4.38,0.87
3616,2021-05-15,PUG,43735,19045,24690,22840,20181,714,ITF,ITF4,16,Puglia,Puglia,4029053,220273,5.47,1.09
3617,2021-06-03,PUG,50730,24607,26123,30557,19445,728,ITF,ITF4,16,Puglia,Puglia,4029053,271003,6.73,1.26
3618,2021-09-11,PUG,4262,2312,1950,1014,3082,166,ITF,ITF4,16,Puglia,Puglia,4029053,275265,6.83,0.11
3619,2021-03-10,PUG,14866,6649,8217,11563,3140,163,ITF,ITF4,16,Puglia,Puglia,4029053,290131,7.2,0.37
3620,2021-09-06,PUG,21632,11318,10314,7187,13523,922,ITF,ITF4,16,Puglia,Puglia,4029053,311763,7.74,0.54
3621,2021-07-11,PUG,12195,5765,6430,2577,9520,98,ITF,ITF4,16,Puglia,Puglia,4029053,323958,8.04,0.3
3622,2021-08-23,PUG,30298,15666,14632,10621,18783,894,ITF,ITF4,16,Puglia,Puglia,4029053,354256,8.79,0.75
3623,2021-04-19,PUG,27770,12903,14867,24379,3051,340,ITF,ITF4,16,Puglia,Puglia,4029053,382026,9.48,0.69
3624,2021-07-28,PUG,45405,22963,22442,14729,29789,887,ITF,ITF4,16,Puglia,Puglia,4029053,427431,10.61,1.13
3625,2021-04-24,PUG,29470,13427,16043,25175,3957,338,ITF,ITF4,16,Puglia,Puglia,4029053,456901,11.34,0.73
3626,2021-04-05,PUG,12783,6208,6575,12108,534,141,ITF,ITF4,16,Puglia,Puglia,4029053,469684,11.66,0.32
3627,2021-03-19,PUG,7998,3672,4326,3367,4595,36,ITF,ITF4,16,Puglia,Puglia,4029053,477682,11.86,0.2
3628,2021-06-27,PUG,18581,9231,9350,9954,8360,267,ITF,ITF4,16,Puglia,Puglia,4029053,496263,12.32,0.46
3629,2021-01-12,PUG,4223,1774,2449,4222,0,1,ITF,ITF4,16,Puglia,Puglia,4029053,500486,12.42,0.1
3630,2021-04-07,PUG,15751,7152,8599,8841,6712,198,ITF,ITF4,16,Puglia,Puglia,4029053,516237,12.81,0.39
3631,2021-07-16,PUG,46617,22624,23993,12947,32857,813,ITF,ITF4,16,Puglia,Puglia,4029053,562854,13.97,1.16
3632,2021-02-07,PUG,1585,669,916,253,1332,0,ITF,ITF4,16,Puglia,Puglia,4029053,564439,14.01,0.04
3633,2021-01-21,PUG,2132,905,1227,1268,862,2,ITF,ITF4,16,Puglia,Puglia,4029053,566571,14.06,0.05
3634,2021-05-01,PUG,27730,12698,15032,16733,10716,281,ITF,ITF4,16,Puglia,Puglia,4029053,594301,14.75,0.69
3635,2021-08-09,PUG,27993,14427,13566,11300,15828,865,ITF,ITF4,16,Puglia,Puglia,4029053,622294,15.45,0.69
3636,2021-01-02,PUG,2958,1306,1652,2958,0,0,ITF,ITF4,16,Puglia,Puglia,4029053,625252,15.52,0.07
3637,2021-02-09,PUG,3856,1576,2280,2159,1677,20,ITF,ITF4,16,Puglia,Puglia,4029053,629108,15.61,0.1
3638,2021-05-20,PUG,33743,15313,18430,20766,12461,516,ITF,ITF4,16,Puglia,Puglia,4029053,662851,16.45,0.84
3639,2021-03-24,PUG,13630,6541,7089,6051,7458,121,ITF,ITF4,16,Puglia,Puglia,4029053,676481,16.79,0.34
3640,2021-08-28,PUG,5718,3130,2588,2013,3517,188,ITF,ITF4,16,Puglia,Puglia,4029053,682199,16.93,0.14
3641,2021-01-26,PUG,5382,2409,2973,563,4818,1,ITF,ITF4,16,Puglia,Puglia,4029053,687581,17.07,0.13
3642,2021-07-02,PUG,47491,22578,24913,17368,29195,928,ITF,ITF4,16,Puglia,Puglia,4029053,735072,18.24,1.18
3643,2021-06-13,PUG,21892,10964,10928,16379,5227,286,ITF,ITF4,16,Puglia,Puglia,4029053,756964,18.79,0.54
3644,2021-02-28,PUG,6080,1812,4268,5812,191,77,ITF,ITF4,16,Puglia,Puglia,4029053,763044,18.94,0.15
3645,2021-03-29,PUG,13589,6632,6957,6617,6771,201,ITF,ITF4,16,Puglia,Puglia,4029053,776633,19.28,0.34
3646,2021-03-12,PUG,14327,6463,7864,10234,3949,144,ITF,ITF4,16,Puglia,Puglia,4029053,790960,19.63,0.36
3647,2021-06-20,PUG,21632,10869,10763,14067,7239,326,ITF,ITF4,16,Puglia,Puglia,4029053,812592,20.17,0.54
3648,2021-02-14,PUG,790,348,442,658,127,5,ITF,ITF4,16,Puglia,Puglia,4029053,813382,20.19,0.02
3649,2021-05-25,PUG,34860,16274,18586,20583,13690,587,ITF,ITF4,16,Puglia,Puglia,4029053,848242,21.05,0.87
3650,2021-05-08,PUG,54493,23070,31423,23944,29955,594,ITF,ITF4,16,Puglia,Puglia,4029053,902735,22.41,1.35
3651,2021-08-16,PUG,12075,6405,5670,7067,4372,636,ITF,ITF4,16,Puglia,Puglia,4029053,914810,22.71,0.3
3652,2021-08-30,PUG,28472,14811,13661,11500,15945,1027,ITF,ITF4,16,Puglia,Puglia,4029053,943282,23.41,0.71
3653,2021-01-31,PUG,1827,835,992,73,1754,0,ITF,ITF4,16,Puglia,Puglia,4029053,945109,23.46,0.05
3654,2021-05-29,PUG,30720,14484,16236,20615,9558,547,ITF,ITF4,16,Puglia,Puglia,4029053,975829,24.22,0.76
3655,2021-04-02,PUG,12870,6013,6857,8187,4531,152,ITF,ITF4,16,Puglia,Puglia,4029053,988699,24.54,0.32
3656,2021-01-14,PUG,4082,1595,2487,4081,0,1,ITF,ITF4,16,Puglia,Puglia,4029053,992781,24.64,0.1
3657,2021-01-07,PUG,5737,2470,3267,5737,0,0,ITF,ITF4,16,Puglia,Puglia,4029053,998518,24.78,0.14
3658,2021-04-17,PUG,40105,19007,21098,36087,3592,426,ITF,ITF4,16,Puglia,Puglia,4029053,1038623,25.78,1.0
3659,2021-02-19,PUG,4757,2026,2731,4309,393,55,ITF,ITF4,16,Puglia,Puglia,4029053,1043380,25.9,0.12
3660,2021-06-22,PUG,42587,20660,21927,19067,22948,572,ITF,ITF4,16,Puglia,Puglia,4029053,1085967,26.95,1.06
3661,2021-04-26,PUG,26364,12083,14281,22729,3241,394,ITF,ITF4,16,Puglia,Puglia,4029053,1112331,27.61,0.65
3662,2021-08-04,PUG,35319,17998,17321,12459,21803,1057,ITF,ITF4,16,Puglia,Puglia,4029053,1147650,28.48,0.88
3663,2021-07-30,PUG,36455,18731,17724,13170,22409,876,ITF,ITF4,16,Puglia,Puglia,4029053,1184105,29.39,0.9
3664,2021-05-27,PUG,41037,19399,21638,22901,17461,675,ITF,ITF4,16,Puglia,Puglia,4029053,1225142,30.41,1.02
3665,2021-09-04,PUG,5525,2993,2532,1648,3697,180,ITF,ITF4,16,Puglia,Puglia,4029053,1230667,30.54,0.14
3666,2021-08-18,PUG,20178,10676,9502,10692,8561,925,ITF,ITF4,16,Puglia,Puglia,4029053,1250845,31.05,0.5
3667,2021-05-06,PUG,39798,17409,22389,19303,19934,561,ITF,ITF4,16,Puglia,Puglia,4029053,1290643,32.03,0.99
3668,2021-03-31,PUG,14589,6840,7749,8843,5592,154,ITF,ITF4,16,Puglia,Puglia,4029053,1305232,32.4,0.36
3669,2021-04-12,PUG,29502,13875,15627,26158,3026,318,ITF,ITF4,16,Puglia,Puglia,4029053,1334734,33.13,0.73
3670,2021-07-21,PUG,45083,22222,22861,11878,32358,847,ITF,ITF4,16,Puglia,Puglia,4029053,1379817,34.25,1.12
3671,2021-07-04,PUG,19955,9706,10249,7935,11735,285,ITF,ITF4,16,Puglia,Puglia,4029053,1399772,34.74,0.5
3672,2021-07-23,PUG,43391,21955,21436,13660,28756,975,ITF,ITF4,16,Puglia,Puglia,4029053,1443163,35.82,1.08
3673,2021-01-19,PUG,1221,452,769,1210,10,1,ITF,ITF4,16,Puglia,Puglia,4029053,1444384,35.85,0.03
3674,2021-05-12,PUG,36676,16354,20322,23537,12552,587,ITF,ITF4,16,Puglia,Puglia,4029053,1481060,36.76,0.91
3675,2021-08-20,PUG,17932,9316,8616,8217,8968,747,ITF,ITF4,16,Puglia,Puglia,4029053,1498992,37.2,0.45
3676,2021-01-23,PUG,3044,1295,1749,880,2162,2,ITF,ITF4,16,Puglia,Puglia,4029053,1502036,37.28,0.08
3677,2021-05-03,PUG,33440,14948,18492,22173,10698,569,ITF,ITF4,16,Puglia,Puglia,4029053,1535476,38.11,0.83
3678,2021-03-07,PUG,4996,2007,2989,4370,578,48,ITF,ITF4,16,Puglia,Puglia,4029053,1540472,38.23,0.12
3679,2021-02-04,PUG,5940,2367,3573,1132,4804,4,ITF,ITF4,16,Puglia,Puglia,4029053,1546412,38.38,0.15
3680,2021-05-17,PUG,32993,15295,17698,20473,12020,500,ITF,ITF4,16,Puglia,Puglia,4029053,1579405,39.2,0.82
3681,2021-08-25,PUG,25674,13482,12192,10296,14433,945,ITF,ITF4,16,Puglia,Puglia,4029053,1605079,39.84,0.64
3682,2021-08-08,PUG,5123,2602,2521,1657,3417,49,ITF,ITF4,16,Puglia,Puglia,4029053,1610202,39.96,0.13
3683,2021-09-03,PUG,21350,11029,10321,8408,11755,1187,ITF,ITF4,16,Puglia,Puglia,4029053,1631552,40.49,0.53
3684,2021-06-12,PUG,34677,17280,17397,25086,8996,595,ITF,ITF4,16,Puglia,Puglia,4029053,1666229,41.36,0.86
3685,2021-04-16,PUG,36160,16994,19166,32439,3291,430,ITF,ITF4,16,Puglia,Puglia,4029053,1702389,42.25,0.9
3686,2021-02-18,PUG,4390,1850,2540,3719,610,61,ITF,ITF4,16,Puglia,Puglia,4029053,1706779,42.36,0.11
3687,2021-07-25,PUG,14326,7409,6917,4276,9844,206,ITF,ITF4,16,Puglia,Puglia,4029053,1721105,42.72,0.36
3688,2021-03-02,PUG,16437,6110,10327,14874,1311,252,ITF,ITF4,16,Puglia,Puglia,4029053,1737542,43.13,0.41
3689,2021-06-10,PUG,47281,23248,24033,29415,17147,719,ITF,ITF4,16,Puglia,Puglia,4029053,1784823,44.3,1.17
3690,2021-04-04,PUG,6001,2979,3022,5913,7,81,ITF,ITF4,16,Puglia,Puglia,4029053,1790824,44.45,0.15
3691,2021-07-13,PUG,48859,23038,25821,7779,40495,585,ITF,ITF4,16,Puglia,Puglia,4029053,1839683,45.66,1.21
3692,2021-03-21,PUG,2697,1227,1470,577,2108,12,ITF,ITF4,16,Puglia,Puglia,4029053,1842380,45.73,0.07
3693,2021-06-29,PUG,46775,22434,24341,15362,30720,693,ITF,ITF4,16,Puglia,Puglia,4029053,1889155,46.89,1.16
3694,2021-02-02,PUG,4365,1857,2508,574,3790,1,ITF,ITF4,16,Puglia,Puglia,4029053,1893520,47.0,0.11
3695,2021-07-09,PUG,37175,17909,19266,6397,30099,679,ITF,ITF4,16,Puglia,Puglia,4029053,1930695,47.92,0.92
3696,2021-05-13,PUG,38900,17341,21559,21011,17321,568,ITF,ITF4,16,Puglia,Puglia,4029053,1969595,48.88,0.97
3697,2021-03-17,PUG,10356,4706,5650,4102,6191,63,ITF,ITF4,16,Puglia,Puglia,4029053,1979951,49.14,0.26
3698,2021-07-20,PUG,47058,23090,23968,8208,38345,505,ITF,ITF4,16,Puglia,Puglia,4029053,2027009,50.31,1.17
3699,2021-09-08,PUG,18639,9775,8864,5937,11949,753,ITF,ITF4,16,Puglia,Puglia,4029053,2045648,50.77,0.46
3700,2021-07-27,PUG,48682,24226,24456,13350,34524,808,ITF,ITF4,16,Puglia,Puglia,4029053,2094330,51.98,1.21
3701,2021-05-31,PUG,37990,18322,19668,23169,14265,556,ITF,ITF4,16,Puglia,Puglia,4029053,2132320,52.92,0.94
3702,2021-05-05,PUG,39376,17288,22088,24507,14273,596,ITF,ITF4,16,Puglia,Puglia,4029053,2171696,53.9,0.98
3703,2021-08-13,PUG,13788,7328,6460,7286,5909,593,ITF,ITF4,16,Puglia,Puglia,4029053,2185484,54.24,0.34
3704,2021-06-17,PUG,42979,21001,21978,21404,21013,562,ITF,ITF4,16,Puglia,Puglia,4029053,2228463,55.31,1.07
3705,2021-08-27,PUG,23867,12507,11360,9956,12965,946,ITF,ITF4,16,Puglia,Puglia,4029053,2252330,55.9,0.59
3706,2021-02-23,PUG,9403,4435,4968,8814,497,92,ITF,ITF4,16,Puglia,Puglia,4029053,2261733,56.14,0.23
3707,2021-03-16,PUG,9894,4696,5198,3453,6382,59,ITF,ITF4,16,Puglia,Puglia,4029053,2271627,56.38,0.25
3708,2021-06-24,PUG,53085,25684,27401,23608,28691,786,ITF,ITF4,16,Puglia,Puglia,4029053,2324712,57.7,1.32
3709,2021-04-28,PUG,19894,8921,10973,14837,4795,262,ITF,ITF4,16,Puglia,Puglia,4029053,2344606,58.19,0.49
3710,2021-08-06,PUG,30408,15835,14573,9169,20485,754,ITF,ITF4,16,Puglia,Puglia,4029053,2375014,58.95,0.75
3711,2021-01-09,PUG,4899,2252,2647,4895,0,4,ITF,ITF4,16,Puglia,Puglia,4029053,2379913,59.07,0.12
3712,2021-01-28,PUG,5490,2286,3204,441,5049,0,ITF,ITF4,16,Puglia,Puglia,4029053,2385403,59.21,0.14
3713,2021-08-15,PUG,57,34,23,56,1,0,ITF,ITF4,16,Puglia,Puglia,4029053,2385460,59.21,0.0
3714,2021-04-23,PUG,29638,13777,15861,23925,5297,416,ITF,ITF4,16,Puglia,Puglia,4029053,2415098,59.94,0.74
3715,2021-08-01,PUG,12437,6515,5922,4327,7990,120,ITF,ITF4,16,Puglia,Puglia,4029053,2427535,60.25,0.31
3716,2021-03-18,PUG,9629,4377,5252,3344,6219,66,ITF,ITF4,16,Puglia,Puglia,4029053,2437164,60.49,0.24
3717,2021-06-26,PUG,32480,16361,16119,15897,16013,570,ITF,ITF4,16,Puglia,Puglia,4029053,2469644,61.3,0.81
3718,2021-03-04,PUG,15401,6117,9284,13726,1440,235,ITF,ITF4,16,Puglia,Puglia,4029053,2485045,61.68,0.38
3719,2021-06-09,PUG,42034,20814,21220,29988,11335,711,ITF,ITF4,16,Puglia,Puglia,4029053,2527079,62.72,1.04
3720,2021-04-09,PUG,22187,9561,12626,17090,4709,388,ITF,ITF4,16,Puglia,Puglia,4029053,2549266,63.27,0.55
3721,2021-09-13,PUG,18321,9609,8712,4825,12807,689,ITF,ITF4,16,Puglia,Puglia,4029053,2567587,63.73,0.45
3722,2021-02-11,PUG,3700,1401,2299,2392,1280,28,ITF,ITF4,16,Puglia,Puglia,4029053,2571287,63.82,0.09
3723,2021-07-18,PUG,18849,9653,9196,6201,12311,337,ITF,ITF4,16,Puglia,Puglia,4029053,2590136,64.29,0.47
3724,2021-05-22,PUG,34797,15928,18869,23660,10592,545,ITF,ITF4,16,Puglia,Puglia,4029053,2624933,65.15,0.86
3725,2021-02-25,PUG,12004,5074,6930,10683,1184,137,ITF,ITF4,16,Puglia,Puglia,4029053,2636937,65.45,0.3
3726,2021-06-05,PUG,42699,20912,21787,29210,12769,720,ITF,ITF4,16,Puglia,Puglia,4029053,2679636,66.51,1.06
3727,2021-03-30,PUG,12457,5973,6484,6198,6102,157,ITF,ITF4,16,Puglia,Puglia,4029053,2692093,66.82,0.31
3728,2021-02-01,PUG,3980,1667,2313,353,3626,1,ITF,ITF4,16,Puglia,Puglia,4029053,2696073,66.92,0.1
3729,2021-07-17,PUG,30865,15497,15368,9534,20702,629,ITF,ITF4,16,Puglia,Puglia,4029053,2726938,67.68,0.77
3730,2021-05-14,PUG,45119,20620,24499,28015,16243,861,ITF,ITF4,16,Puglia,Puglia,4029053,2772057,68.8,1.12
3731,2021-08-22,PUG,1479,770,709,530,924,25,ITF,ITF4,16,Puglia,Puglia,4029053,2773536,68.84,0.04
3732,2021-01-25,PUG,3838,1685,2153,425,3412,1,ITF,ITF4,16,Puglia,Puglia,4029053,2777374,68.93,0.1
3733,2021-07-10,PUG,22420,11043,11377,4461,17663,296,ITF,ITF4,16,Puglia,Puglia,4029053,2799794,69.49,0.56
3734,2021-04-25,PUG,11328,5244,6084,10051,1143,134,ITF,ITF4,16,Puglia,Puglia,4029053,2811122,69.77,0.28
3735,2021-02-27,PUG,14248,4827,9421,12825,1237,186,ITF,ITF4,16,Puglia,Puglia,4029053,2825370,70.12,0.35
3736,2021-08-03,PUG,36485,18511,17974,9214,26505,766,ITF,ITF4,16,Puglia,Puglia,4029053,2861855,71.03,0.91
3737,2021-01-01,PUG,150,61,89,150,0,0,ITF,ITF4,16,Puglia,Puglia,4029053,2862005,71.03,0.0
3738,2021-06-07,PUG,44487,21716,22771,30393,13327,767,ITF,ITF4,16,Puglia,Puglia,4029053,2906492,72.14,1.1
3739,2021-04-11,PUG,16492,7270,9222,14656,1650,186,ITF,ITF4,16,Puglia,Puglia,4029053,2922984,72.55,0.41
3740,2021-01-18,PUG,1848,772,1076,1496,351,1,ITF,ITF4,16,Puglia,Puglia,4029053,2924832,72.59,0.05
3741,2021-02-06,PUG,4558,1936,2622,1579,2964,15,ITF,ITF4,16,Puglia,Puglia,4029053,2929390,72.71,0.11
3742,2021-01-20,PUG,1547,541,1006,1537,8,2,ITF,ITF4,16,Puglia,Puglia,4029053,2930937,72.75,0.04
3743,2021-04-30,PUG,35067,15714,19353,22484,12014,569,ITF,ITF4,16,Puglia,Puglia,4029053,2966004,73.62,0.87
3744,2021-04-13,PUG,28800,13661,15139,24945,3539,316,ITF,ITF4,16,Puglia,Puglia,4029053,2994804,74.33,0.71
3745,2021-07-22,PUG,47669,23638,24031,8486,38497,686,ITF,ITF4,16,Puglia,Puglia,4029053,3042473,75.51,1.18
3746,2021-07-05,PUG,38991,18298,20693,7230,31207,554,ITF,ITF4,16,Puglia,Puglia,4029053,3081464,76.48,0.97
3747,2021-05-02,PUG,21366,9681,11685,13906,7279,181,ITF,ITF4,16,Puglia,Puglia,4029053,3102830,77.01,0.53
3748,2021-08-10,PUG,27338,14245,13093,14109,12071,1158,ITF,ITF4,16,Puglia,Puglia,4029053,3130168,77.69,0.68
3749,2021-07-24,PUG,26777,13895,12882,8006,18298,473,ITF,ITF4,16,Puglia,Puglia,4029053,3156945,78.35,0.66
3750,2021-07-01,PUG,48567,22741,25826,11456,36477,634,ITF,ITF4,16,Puglia,Puglia,4029053,3205512,79.56,1.21
3751,2021-03-14,PUG,3384,1466,1918,2475,868,41,ITF,ITF4,16,Puglia,Puglia,4029053,3208896,79.64,0.08
3752,2021-01-16,PUG,2510,1035,1475,2509,0,1,ITF,ITF4,16,Puglia,Puglia,4029053,3211406,79.71,0.06
3753,2021-02-15,PUG,3270,1273,1997,2602,623,45,ITF,ITF4,16,Puglia,Puglia,4029053,3214676,79.79,0.08
3754,2021-05-26,PUG,38756,18622,20134,26255,11845,656,ITF,ITF4,16,Puglia,Puglia,4029053,3253432,80.75,0.96
3755,2021-01-27,PUG,4607,1946,2661,618,3989,0,ITF,ITF4,16,Puglia,Puglia,4029053,3258039,80.86,0.11
3756,2021-05-07,PUG,50286,22437,27849,25964,23712,610,ITF,ITF4,16,Puglia,Puglia,4029053,3308325,82.11,1.25
3757,2021-07-29,PUG,43069,21777,21292,12292,29987,790,ITF,ITF4,16,Puglia,Puglia,4029053,3351394,83.18,1.07
3758,2021-01-13,PUG,4556,1734,2822,4555,0,1,ITF,ITF4,16,Puglia,Puglia,4029053,3355950,83.29,0.11
3759,2021-01-11,PUG,3759,1592,2167,3758,0,1,ITF,ITF4,16,Puglia,Puglia,4029053,3359709,83.39,0.09
3760,2021-04-21,PUG,23175,10701,12474,19127,3746,302,ITF,ITF4,16,Puglia,Puglia,4029053,3382884,83.96,0.58
3761,2021-05-24,PUG,36247,17100,19147,24512,11123,612,ITF,ITF4,16,Puglia,Puglia,4029053,3419131,84.86,0.9
3762,2021-09-01,PUG,24811,12879,11932,9857,13893,1061,ITF,ITF4,16,Puglia,Puglia,4029053,3443942,85.48,0.62
3763,2021-02-16,PUG,3393,1456,1937,2713,649,31,ITF,ITF4,16,Puglia,Puglia,4029053,3447335,85.56,0.08
3764,2021-01-30,PUG,5543,2516,3027,380,5162,1,ITF,ITF4,16,Puglia,Puglia,4029053,3452878,85.7,0.14
3765,2021-05-10,PUG,37941,16768,21173,19305,18114,522,ITF,ITF4,16,Puglia,Puglia,4029053,3490819,86.64,0.94
3766,2021-08-17,PUG,19961,10357,9604,9277,9975,709,ITF,ITF4,16,Puglia,Puglia,4029053,3510780,87.14,0.5
3767,2021-02-13,PUG,3733,1461,2272,3021,696,16,ITF,ITF4,16,Puglia,Puglia,4029053,3514513,87.23,0.09
3768,2021-08-05,PUG,34492,17377,17115,9535,24086,871,ITF,ITF4,16,Puglia,Puglia,4029053,3549005,88.09,0.86
3769,2021-01-06,PUG,3966,1680,2286,3965,0,1,ITF,ITF4,16,Puglia,Puglia,4029053,3552971,88.18,0.1
3770,2021-06-18,PUG,47917,23584,24333,28886,18104,927,ITF,ITF4,16,Puglia,Puglia,4029053,3600888,89.37,1.19
3771,2021-09-09,PUG,18165,9415,8750,5083,12306,776,ITF,ITF4,16,Puglia,Puglia,4029053,3619053,89.82,0.45
3772,2021-01-03,PUG,2010,944,1066,2009,0,1,ITF,ITF4,16,Puglia,Puglia,4029053,3621063,89.87,0.05
3773,2021-04-08,PUG,17536,7617,9919,11121,6201,214,ITF,ITF4,16,Puglia,Puglia,4029053,3638599,90.31,0.44
3774,2021-06-06,PUG,30776,15500,15276,25383,5072,321,ITF,ITF4,16,Puglia,Puglia,4029053,3669375,91.07,0.76
3775,2021-04-10,PUG,30966,13134,17832,26110,4465,391,ITF,ITF4,16,Puglia,Puglia,4029053,3700341,91.84,0.77
3776,2021-07-19,PUG,49583,24363,25220,10946,37873,764,ITF,ITF4,16,Puglia,Puglia,4029053,3749924,93.07,1.23
3777,2021-04-06,PUG,13873,6266,7607,6926,6773,174,ITF,ITF4,16,Puglia,Puglia,4029053,3763797,93.42,0.34
3778,2021-07-15,PUG,44945,21756,23189,8895,35372,678,ITF,ITF4,16,Puglia,Puglia,4029053,3808742,94.53,1.12
3779,2021-07-14,PUG,46301,22208,24093,13375,32090,836,ITF,ITF4,16,Puglia,Puglia,4029053,3855043,95.68,1.15
3780,2021-08-02,PUG,39799,20177,19622,14226,24352,1221,ITF,ITF4,16,Puglia,Puglia,4029053,3894842,96.67,0.99
3781,2021-03-01,PUG,15142,5885,9257,13602,1386,154,ITF,ITF4,16,Puglia,Puglia,4029053,3909984,97.04,0.38
3782,2021-05-21,PUG,39271,18657,20614,28281,10197,793,ITF,ITF4,16,Puglia,Puglia,4029053,3949255,98.02,0.97
3783,2021-08-31,PUG,24843,12790,12053,8303,15690,850,ITF,ITF4,16,Puglia,Puglia,4029053,3974098,98.64,0.62
3784,2021-05-19,PUG,26509,12814,13695,19571,6501,437,ITF,ITF4,16,Puglia,Puglia,4029053,4000607,99.29,0.66
3785,2021-06-28,PUG,48756,23645,25111,21665,26294,797,ITF,ITF4,16,Puglia,Puglia,4029053,4049363,100.5,1.21
3786,2021-05-09,PUG,30866,12669,18197,14797,15692,377,ITF,ITF4,16,Puglia,Puglia,4029053,4080229,101.27,0.77
3787,2021-03-06,PUG,16193,6142,10051,13891,2129,173,ITF,ITF4,16,Puglia,Puglia,4029053,4096422,101.67,0.4
3788,2021-01-08,PUG,5699,2399,3300,5697,0,2,ITF,ITF4,16,Puglia,Puglia,4029053,4102121,101.81,0.14
3789,2021-06-14,PUG,42154,20624,21530,28867,12494,793,ITF,ITF4,16,Puglia,Puglia,4029053,4144275,102.86,1.05
3790,2021-04-18,PUG,22693,10860,11833,21436,1058,199,ITF,ITF4,16,Puglia,Puglia,4029053,4166968,103.42,0.56
3791,2021-02-20,PUG,2978,1080,1898,2688,257,33,ITF,ITF4,16,Puglia,Puglia,4029053,4169946,103.5,0.07
3792,2021-08-12,PUG,19471,10356,9115,11002,7563,906,ITF,ITF4,16,Puglia,Puglia,4029053,4189417,103.98,0.48
3793,2021-06-16,PUG,42198,20764,21434,26927,14540,731,ITF,ITF4,16,Puglia,Puglia,4029053,4231615,105.03,1.05
3794,2020-12-30,PUG,1,0,1,1,0,0,ITF,ITF4,16,Puglia,Puglia,4029053,4231616,105.03,0.0
3795,2021-03-22,PUG,9994,5144,4850,4251,5671,72,ITF,ITF4,16,Puglia,Puglia,4029053,4241610,105.28,0.25
3796,2021-01-24,PUG,1674,754,920,151,1523,0,ITF,ITF4,16,Puglia,Puglia,4029053,4243284,105.32,0.04
3797,2021-06-30,PUG,47962,23263,24699,18844,28260,858,ITF,ITF4,16,Puglia,Puglia,4029053,4291246,106.51,1.19
3798,2021-03-15,PUG,12362,6160,6202,5741,6517,104,ITF,ITF4,16,Puglia,Puglia,4029053,4303608,106.81,0.31
3799,2021-08-19,PUG,17859,9307,8552,8751,8384,724,ITF,ITF4,16,Puglia,Puglia,4029053,4321467,107.26,0.44
3800,2021-01-17,PUG,1312,593,719,1242,70,0,ITF,ITF4,16,Puglia,Puglia,4029053,4322779,107.29,0.03
3801,2021-06-23,PUG,29460,14396,15064,16949,11900,611,ITF,ITF4,16,Puglia,Puglia,4029053,4352239,108.02,0.73
3802,2021-04-27,PUG,26743,12103,14640,20786,5628,329,ITF,ITF4,16,Puglia,Puglia,4029053,4378982,108.69,0.66
3803,2021-08-14,PUG,1091,562,529,499,573,19,ITF,ITF4,16,Puglia,Puglia,4029053,4380073,108.71,0.03
3804,2021-01-15,PUG,4558,1866,2692,4553,0,5,ITF,ITF4,16,Puglia,Puglia,4029053,4384631,108.83,0.11
3805,2021-04-01,PUG,13988,6577,7411,7383,6383,222,ITF,ITF4,16,Puglia,Puglia,4029053,4398619,109.17,0.35
3806,2021-02-03,PUG,5056,2008,3048,705,4350,1,ITF,ITF4,16,Puglia,Puglia,4029053,4403675,109.3,0.13
3807,2021-07-12,PUG,45836,21646,24190,12735,32346,755,ITF,ITF4,16,Puglia,Puglia,4029053,4449511,110.44,1.14
3808,2021-03-27,PUG,12189,5727,6462,6886,5191,112,ITF,ITF4,16,Puglia,Puglia,4029053,4461700,110.74,0.3
3809,2021-01-05,PUG,5118,2256,2862,5115,0,3,ITF,ITF4,16,Puglia,Puglia,4029053,4466818,110.87,0.13
3810,2021-04-15,PUG,32797,15308,17489,28612,3784,401,ITF,ITF4,16,Puglia,Puglia,4029053,4499615,111.68,0.81
3811,2021-07-07,PUG,38796,18570,20226,6084,32203,509,ITF,ITF4,16,Puglia,Puglia,4029053,4538411,112.64,0.96
3812,2021-03-23,PUG,11161,5665,5496,4529,6536,96,ITF,ITF4,16,Puglia,Puglia,4029053,4549572,112.92,0.28
3813,2021-09-05,PUG,3203,1751,1452,963,2118,122,ITF,ITF4,16,Puglia,Puglia,4029053,4552775,113.0,0.08
3814,2021-03-25,PUG,11785,6043,5742,5258,6424,103,ITF,ITF4,16,Puglia,Puglia,4029053,4564560,113.29,0.29
3815,2021-08-29,PUG,1289,665,624,422,839,28,ITF,ITF4,16,Puglia,Puglia,4029053,4565849,113.32,0.03
3816,2021-07-03,PUG,33332,16701,16631,13471,19356,505,ITF,ITF4,16,Puglia,Puglia,4029053,4599181,114.15,0.83
3817,2021-02-08,PUG,4011,1622,2389,1583,2413,15,ITF,ITF4,16,Puglia,Puglia,4029053,4603192,114.25,0.1
3818,2021-09-02,PUG,23164,12043,11121,7431,14861,872,ITF,ITF4,16,Puglia,Puglia,4029053,4626356,114.82,0.57
3819,2021-01-10,PUG,2351,1062,1289,2351,0,0,ITF,ITF4,16,Puglia,Puglia,4029053,4628707,114.88,0.06
3820,2021-04-20,PUG,21236,9862,11374,17475,3491,270,ITF,ITF4,16,Puglia,Puglia,4029053,4649943,115.41,0.53
3821,2020-12-27,PUG,510,252,258,510,0,0,ITF,ITF4,16,Puglia,Puglia,4029053,4650453,115.42,0.01
3822,2021-04-22,PUG,23075,10558,12517,17741,4948,386,ITF,ITF4,16,Puglia,Puglia,4029053,4673528,116.0,0.57
3823,2021-07-31,PUG,20035,10647,9388,7908,11647,480,ITF,ITF4,16,Puglia,Puglia,4029053,4693563,116.49,0.5
3824,2021-02-12,PUG,4216,1673,2543,3099,1094,23,ITF,ITF4,16,Puglia,Puglia,4029053,4697779,116.6,0.1
3825,2021-01-29,PUG,6218,2673,3545,219,5999,0,ITF,ITF4,16,Puglia,Puglia,4029053,4703997,116.75,0.15
3826,2021-01-22,PUG,1414,579,835,992,421,1,ITF,ITF4,16,Puglia,Puglia,4029053,4705411,116.79,0.04
3827,2021-08-21,PUG,4306,2308,1998,1972,2099,235,ITF,ITF4,16,Puglia,Puglia,4029053,4709717,116.89,0.11
3828,2021-06-25,PUG,50960,25093,25867,23848,26211,901,ITF,ITF4,16,Puglia,Puglia,4029053,4760677,118.16,1.26
3829,2021-05-11,PUG,32761,14481,18280,13707,18562,492,ITF,ITF4,16,Puglia,Puglia,4029053,4793438,118.97,0.81
3830,2021-05-04,PUG,35243,14909,20334,18249,16572,422,ITF,ITF4,16,Puglia,Puglia,4029053,4828681,119.85,0.87
3831,2021-03-08,PUG,15022,6448,8574,12444,2416,162,ITF,ITF4,16,Puglia,Puglia,4029053,4843703,120.22,0.37
3832,2021-03-20,PUG,8447,3894,4553,3769,4630,48,ITF,ITF4,16,Puglia,Puglia,4029053,4852150,120.43,0.21
3833,2021-03-03,PUG,16834,6830,10004,14739,1940,155,ITF,ITF4,16,Puglia,Puglia,4029053,4868984,120.85,0.42
3834,2021-06-11,PUG,48072,23516,24556,33034,14125,913,ITF,ITF4,16,Puglia,Puglia,4029053,4917056,122.04,1.19
3835,2021-04-03,PUG,10587,4661,5926,6816,3577,194,ITF,ITF4,16,Puglia,Puglia,4029053,4927643,122.3,0.26
3836,2021-02-10,PUG,3660,1444,2216,2127,1513,20,ITF,ITF4,16,Puglia,Puglia,4029053,4931303,122.39,0.09
3837,2021-05-23,PUG,17988,8412,9576,13886,3841,261,ITF,ITF4,16,Puglia,Puglia,4029053,4949291,122.84,0.45
3838,2021-02-17,PUG,4297,1755,2542,3617,640,40,ITF,ITF4,16,Puglia,Puglia,4029053,4953588,122.95,0.11
3839,2021-05-28,PUG,44162,20903,23259,27440,15918,804,ITF,ITF4,16,Puglia,Puglia,4029053,4997750,124.04,1.1
3840,2021-07-26,PUG,48030,23974,24056,17129,29979,922,ITF,ITF4,16,Puglia,Puglia,4029053,5045780,125.23,1.19
3841,2021-05-30,PUG,21065,10080,10985,15731,5077,257,ITF,ITF4,16,Puglia,Puglia,4029053,5066845,125.76,0.52
3842,2021-09-07,PUG,22526,11806,10720,6891,14820,815,ITF,ITF4,16,Puglia,Puglia,4029053,5089371,126.32,0.56
3843,2021-07-08,PUG,41644,19316,22328,5423,35761,460,ITF,ITF4,16,Puglia,Puglia,4029053,5131015,127.35,1.03
3844,2021-01-04,PUG,4515,2018,2497,4513,0,2,ITF,ITF4,16,Puglia,Puglia,4029053,5135530,127.46,0.11
3845,2021-03-26,PUG,12046,5866,6180,7224,4681,141,ITF,ITF4,16,Puglia,Puglia,4029053,5147576,127.76,0.3
3846,2021-03-09,PUG,13702,6125,7577,11497,2021,184,ITF,ITF4,16,Puglia,Puglia,4029053,5161278,128.1,0.34
3847,2021-04-14,PUG,32084,15134,16950,28475,3304,305,ITF,ITF4,16,Puglia,Puglia,4029053,5193362,128.9,0.8
3848,2021-03-28,PUG,3551,1659,1892,1178,2337,36,ITF,ITF4,16,Puglia,Puglia,4029053,5196913,128.99,0.09
3849,2021-07-06,PUG,42449,19546,22903,6101,35931,417,ITF,ITF4,16,Puglia,Puglia,4029053,5239362,130.04,1.05
3850,2021-06-19,PUG,34836,17472,17364,22226,11955,655,ITF,ITF4,16,Puglia,Puglia,4029053,5274198,130.9,0.86
3851,2021-06-21,PUG,41983,20470,21513,21471,19875,637,ITF,ITF4,16,Puglia,Puglia,4029053,5316181,131.95,1.04
3852,2021-09-12,PUG,1221,648,573,401,769,51,ITF,ITF4,16,Puglia,Puglia,4029053,5317402,131.98,0.03
3853,2021-08-24,PUG,25085,12835,12250,9288,14969,828,ITF,ITF4,16,Puglia,Puglia,4029053,5342487,132.6,0.62
3854,2021-03-11,PUG,14872,6607,8265,11469,3195,208,ITF,ITF4,16,Puglia,Puglia,4029053,5357359,132.97,0.37
3855,2021-06-02,PUG,27116,13258,13858,21917,4843,356,ITF,ITF4,16,Puglia,Puglia,4029053,5384475,133.64,0.67
3856,2021-09-10,PUG,18800,9786,9014,5896,11867,1037,ITF,ITF4,16,Puglia,Puglia,4029053,5403275,134.11,0.47
3857,2021-03-13,PUG,10489,4141,6348,8573,1817,99,ITF,ITF4,16,Puglia,Puglia,4029053,5413764,134.37,0.26
3858,2021-02-24,PUG,10071,4718,5353,9376,597,98,ITF,ITF4,16,Puglia,Puglia,4029053,5423835,134.62,0.25
3859,2021-06-04,PUG,52912,25610,27302,34226,17860,826,ITF,ITF4,16,Puglia,Puglia,4029053,5476747,135.93,1.31
3860,2021-05-18,PUG,28999,13490,15509,15783,12916,300,ITF,ITF4,16,Puglia,Puglia,4029053,5505746,136.65,0.72
3861,2021-08-26,PUG,20244,10449,9795,8647,10718,879,ITF,ITF4,16,Puglia,Puglia,4029053,5525990,137.15,0.5
3862,2021-04-29,PUG,26333,12177,14156,19194,6709,430,ITF,ITF4,16,Puglia,Puglia,4029053,5552323,137.81,0.65
3863,2021-08-07,PUG,10116,5340,4776,3562,6256,298,ITF,ITF4,16,Puglia,Puglia,4029053,5562439,138.06,0.25
3864,2021-02-22,PUG,9659,4540,5119,9233,336,90,ITF,ITF4,16,Puglia,Puglia,4029053,5572098,138.3,0.24
3865,2021-02-05,PUG,5654,2278,3376,1311,4338,5,ITF,ITF4,16,Puglia,Puglia,4029053,5577752,138.44,0.14
3866,2021-05-16,PUG,24660,11125,13535,12473,11961,226,ITF,ITF4,16,Puglia,Puglia,4029053,5602412,139.05,0.61
3867,2021-08-01,LIG,1490,856,634,152,1338,0,ITC,ITC3,7,Liguria,Liguria,1550640,1490,0.1,0.1
3868,2021-02-16,LIG,2430,958,1472,1995,430,5,ITC,ITC3,7,Liguria,Liguria,1550640,3920,0.25,0.16
3869,2021-07-23,LIG,20024,10315,9709,5123,14779,122,ITC,ITC3,7,Liguria,Liguria,1550640,23944,1.54,1.29
3870,2021-05-27,LIG,17013,8720,8293,12677,4176,160,ITC,ITC3,7,Liguria,Liguria,1550640,40957,2.64,1.1
3871,2021-04-14,LIG,13085,5675,7410,10752,2211,122,ITC,ITC3,7,Liguria,Liguria,1550640,54042,3.49,0.84
3872,2021-04-26,LIG,10592,4998,5594,7864,2642,86,ITC,ITC3,7,Liguria,Liguria,1550640,64634,4.17,0.68
3873,2021-01-16,LIG,1279,558,721,1274,0,5,ITC,ITC3,7,Liguria,Liguria,1550640,65913,4.25,0.08
3874,2021-02-02,LIG,2675,1007,1668,127,2546,2,ITC,ITC3,7,Liguria,Liguria,1550640,68588,4.42,0.17
3875,2021-04-28,LIG,14470,6527,7943,6381,8001,88,ITC,ITC3,7,Liguria,Liguria,1550640,83058,5.36,0.93
3876,2021-03-14,LIG,1659,752,907,1043,604,12,ITC,ITC3,7,Liguria,Liguria,1550640,84717,5.46,0.11
3877,2021-08-18,LIG,12221,6591,5630,4245,7853,123,ITC,ITC3,7,Liguria,Liguria,1550640,96938,6.25,0.79
3878,2021-06-22,LIG,15821,7469,8352,7614,8140,67,ITC,ITC3,7,Liguria,Liguria,1550640,112759,7.27,1.02
3879,2021-07-06,LIG,12375,6073,6302,5627,6658,90,ITC,ITC3,7,Liguria,Liguria,1550640,125134,8.07,0.8
3880,2021-05-10,LIG,12663,5649,7014,6200,6382,81,ITC,ITC3,7,Liguria,Liguria,1550640,137797,8.89,0.82
3881,2021-07-18,LIG,2384,1223,1161,383,1984,17,ITC,ITC3,7,Liguria,Liguria,1550640,140181,9.04,0.15
3882,2021-06-05,LIG,8110,4132,3978,4923,3156,31,ITC,ITC3,7,Liguria,Liguria,1550640,148291,9.56,0.52
3883,2021-04-09,LIG,12483,5569,6914,10560,1787,136,ITC,ITC3,7,Liguria,Liguria,1550640,160774,10.37,0.81
3884,2021-09-13,LIG,6966,3590,3376,2313,4535,118,ITC,ITC3,7,Liguria,Liguria,1550640,167740,10.82,0.45
3885,2021-03-31,LIG,11956,5292,6664,9072,2780,104,ITC,ITC3,7,Liguria,Liguria,1550640,179696,11.59,0.77
3886,2021-02-28,LIG,1060,580,480,1048,11,1,ITC,ITC3,7,Liguria,Liguria,1550640,180756,11.66,0.07
3887,2021-09-01,LIG,8499,4475,4024,2712,5716,71,ITC,ITC3,7,Liguria,Liguria,1550640,189255,12.2,0.55
3888,2021-08-30,LIG,9787,5229,4558,2463,7241,83,ITC,ITC3,7,Liguria,Liguria,1550640,199042,12.84,0.63
3889,2021-02-11,LIG,1990,773,1217,1092,888,10,ITC,ITC3,7,Liguria,Liguria,1550640,201032,12.96,0.13
3890,2021-05-22,LIG,6657,3222,3435,4879,1687,91,ITC,ITC3,7,Liguria,Liguria,1550640,207689,13.39,0.43
3891,2021-06-10,LIG,18897,9742,9155,13125,5677,95,ITC,ITC3,7,Liguria,Liguria,1550640,226586,14.61,1.22
3892,2021-03-19,LIG,5304,2237,3067,2100,3153,51,ITC,ITC3,7,Liguria,Liguria,1550640,231890,14.95,0.34
3893,2021-03-02,LIG,4083,1695,2388,3765,310,8,ITC,ITC3,7,Liguria,Liguria,1550640,235973,15.22,0.26
3894,2021-07-11,LIG,2153,1195,958,1232,903,18,ITC,ITC3,7,Liguria,Liguria,1550640,238126,15.36,0.14
3895,2021-03-26,LIG,9361,4043,5318,6094,3160,107,ITC,ITC3,7,Liguria,Liguria,1550640,247487,15.96,0.6
3896,2021-07-04,LIG,4863,2583,2280,3802,1001,60,ITC,ITC3,7,Liguria,Liguria,1550640,252350,16.27,0.31
3897,2021-01-02,LIG,693,247,446,693,0,0,ITC,ITC3,7,Liguria,Liguria,1550640,253043,16.32,0.04
3898,2021-01-28,LIG,2851,972,1879,37,2814,0,ITC,ITC3,7,Liguria,Liguria,1550640,255894,16.5,0.18
3899,2021-05-29,LIG,6880,3261,3619,3980,2873,27,ITC,ITC3,7,Liguria,Liguria,1550640,262774,16.95,0.44
3900,2021-09-06,LIG,8031,4153,3878,2723,5206,102,ITC,ITC3,7,Liguria,Liguria,1550640,270805,17.46,0.52
3901,2021-07-25,LIG,6405,3272,3133,651,5743,11,ITC,ITC3,7,Liguria,Liguria,1550640,277210,17.88,0.41
3902,2021-02-09,LIG,1956,696,1260,262,1691,3,ITC,ITC3,7,Liguria,Liguria,1550640,279166,18.0,0.13
3903,2021-08-06,LIG,12212,6206,6006,3970,8124,118,ITC,ITC3,7,Liguria,Liguria,1550640,291378,18.79,0.79
3904,2021-02-04,LIG,2820,990,1830,177,2643,0,ITC,ITC3,7,Liguria,Liguria,1550640,294198,18.97,0.18
3905,2021-05-15,LIG,7325,3277,4048,4295,2964,66,ITC,ITC3,7,Liguria,Liguria,1550640,301523,19.45,0.47
3906,2021-02-21,LIG,868,490,378,862,4,2,ITC,ITC3,7,Liguria,Liguria,1550640,302391,19.5,0.06
3907,2021-01-09,LIG,1338,484,854,1337,0,1,ITC,ITC3,7,Liguria,Liguria,1550640,303729,19.59,0.09
3908,2021-04-19,LIG,12842,5622,7220,8918,3835,89,ITC,ITC3,7,Liguria,Liguria,1550640,316571,20.42,0.83
3909,2021-07-13,LIG,13106,6447,6659,3473,9580,53,ITC,ITC3,7,Liguria,Liguria,1550640,329677,21.26,0.85
3910,2021-05-03,LIG,13270,5925,7345,6361,6822,87,ITC,ITC3,7,Liguria,Liguria,1550640,342947,22.12,0.86
3911,2021-08-11,LIG,13132,6735,6397,4784,8232,116,ITC,ITC3,7,Liguria,Liguria,1550640,356079,22.96,0.85
3912,2021-03-21,LIG,551,220,331,69,482,0,ITC,ITC3,7,Liguria,Liguria,1550640,356630,23.0,0.04
3913,2021-08-25,LIG,9357,5039,4318,3219,6026,112,ITC,ITC3,7,Liguria,Liguria,1550640,365987,23.6,0.6
3914,2021-01-23,LIG,813,297,516,156,657,0,ITC,ITC3,7,Liguria,Liguria,1550640,366800,23.65,0.05
3915,2021-06-29,LIG,15193,7238,7955,8630,6466,97,ITC,ITC3,7,Liguria,Liguria,1550640,381993,24.63,0.98
3916,2021-05-17,LIG,12048,5528,6520,8608,3371,69,ITC,ITC3,7,Liguria,Liguria,1550640,394041,25.41,0.78
3917,2020-12-28,LIG,80,30,50,80,0,0,ITC,ITC3,7,Liguria,Liguria,1550640,394121,25.42,0.01
3918,2021-06-03,LIG,15553,7710,7843,9108,6391,54,ITC,ITC3,7,Liguria,Liguria,1550640,409674,26.42,1.0
3919,2021-04-07,LIG,13696,6115,7581,11311,2293,92,ITC,ITC3,7,Liguria,Liguria,1550640,423370,27.3,0.88
3920,2021-02-23,LIG,3809,1559,2250,3663,109,37,ITC,ITC3,7,Liguria,Liguria,1550640,427179,27.55,0.25
3921,2021-06-24,LIG,11167,5451,5716,6221,4869,77,ITC,ITC3,7,Liguria,Liguria,1550640,438346,28.27,0.72
3922,2021-04-02,LIG,11796,5223,6573,9221,2489,86,ITC,ITC3,7,Liguria,Liguria,1550640,450142,29.03,0.76
3923,2021-04-21,LIG,14297,6461,7836,8862,5346,89,ITC,ITC3,7,Liguria,Liguria,1550640,464439,29.95,0.92
3924,2021-07-30,LIG,16092,8339,7753,4665,11339,88,ITC,ITC3,7,Liguria,Liguria,1550640,480531,30.99,1.04
3925,2021-08-13,LIG,10899,5628,5271,3934,6876,89,ITC,ITC3,7,Liguria,Liguria,1550640,491430,31.69,0.7
3926,2021-05-08,LIG,7540,3337,4203,2274,5228,38,ITC,ITC3,7,Liguria,Liguria,1550640,498970,32.18,0.49
3927,2021-01-25,LIG,2734,893,1841,474,2259,1,ITC,ITC3,7,Liguria,Liguria,1550640,501704,32.35,0.18
3928,2021-05-05,LIG,13726,6143,7583,5177,8464,85,ITC,ITC3,7,Liguria,Liguria,1550640,515430,33.24,0.89
3929,2021-01-21,LIG,1108,385,723,676,431,1,ITC,ITC3,7,Liguria,Liguria,1550640,516538,33.31,0.07
3930,2021-08-20,LIG,9435,5031,4404,3144,6199,92,ITC,ITC3,7,Liguria,Liguria,1550640,525973,33.92,0.61
3931,2021-06-15,LIG,17443,8475,8968,9277,8095,71,ITC,ITC3,7,Liguria,Liguria,1550640,543416,35.04,1.12
3932,2021-03-07,LIG,1915,1139,776,1602,301,12,ITC,ITC3,7,Liguria,Liguria,1550640,545331,35.17,0.12
3933,2021-09-08,LIG,7477,3907,3570,2130,5246,101,ITC,ITC3,7,Liguria,Liguria,1550640,552808,35.65,0.48
3934,2021-06-17,LIG,16711,7942,8769,9081,7546,84,ITC,ITC3,7,Liguria,Liguria,1550640,569519,36.73,1.08
3935,2021-04-23,LIG,14699,6654,8045,8460,6130,109,ITC,ITC3,7,Liguria,Liguria,1550640,584218,37.68,0.95
3936,2021-03-11,LIG,6424,3103,3321,4358,2015,51,ITC,ITC3,7,Liguria,Liguria,1550640,590642,38.09,0.41
3937,2021-01-13,LIG,2761,1016,1745,2760,0,1,ITC,ITC3,7,Liguria,Liguria,1550640,593403,38.27,0.18
3938,2021-01-04,LIG,2625,857,1768,2624,0,1,ITC,ITC3,7,Liguria,Liguria,1550640,596028,38.44,0.17
3939,2021-08-03,LIG,14141,7224,6917,3974,10071,96,ITC,ITC3,7,Liguria,Liguria,1550640,610169,39.35,0.91
3940,2021-06-21,LIG,14853,7043,7810,8507,6260,86,ITC,ITC3,7,Liguria,Liguria,1550640,625022,40.31,0.96
3941,2020-12-30,LIG,12,5,7,12,0,0,ITC,ITC3,7,Liguria,Liguria,1550640,625034,40.31,0.0
3942,2021-07-03,LIG,8828,4380,4448,5439,3331,58,ITC,ITC3,7,Liguria,Liguria,1550640,633862,40.88,0.57
3943,2021-04-11,LIG,4251,1930,2321,3958,249,44,ITC,ITC3,7,Liguria,Liguria,1550640,638113,41.15,0.27
3944,2021-07-20,LIG,13983,6884,7099,2711,11204,68,ITC,ITC3,7,Liguria,Liguria,1550640,652096,42.05,0.9
3945,2021-08-15,LIG,1411,786,625,849,529,33,ITC,ITC3,7,Liguria,Liguria,1550640,653507,42.14,0.09
3946,2021-05-24,LIG,11894,5596,6298,9282,2512,100,ITC,ITC3,7,Liguria,Liguria,1550640,665401,42.91,0.77
3947,2021-05-07,LIG,13617,6049,7568,5710,7812,95,ITC,ITC3,7,Liguria,Liguria,1550640,679018,43.79,0.88
3948,2021-02-13,LIG,1081,509,572,798,280,3,ITC,ITC3,7,Liguria,Liguria,1550640,680099,43.86,0.07
3949,2021-01-30,LIG,1666,572,1094,22,1643,1,ITC,ITC3,7,Liguria,Liguria,1550640,681765,43.97,0.11
3950,2021-03-28,LIG,1141,510,631,381,752,8,ITC,ITC3,7,Liguria,Liguria,1550640,682906,44.04,0.07
3951,2021-08-29,LIG,738,420,318,173,562,3,ITC,ITC3,7,Liguria,Liguria,1550640,683644,44.09,0.05
3952,2021-07-29,LIG,18011,9219,8792,4409,13519,83,ITC,ITC3,7,Liguria,Liguria,1550640,701655,45.25,1.16
3953,2021-03-16,LIG,6091,2733,3358,2317,3735,39,ITC,ITC3,7,Liguria,Liguria,1550640,707746,45.64,0.39
3954,2021-01-14,LIG,2983,1056,1927,2982,0,1,ITC,ITC3,7,Liguria,Liguria,1550640,710729,45.83,0.19
3955,2021-03-12,LIG,6223,2874,3349,3690,2475,58,ITC,ITC3,7,Liguria,Liguria,1550640,716952,46.24,0.4
3956,2021-07-01,LIG,13575,6546,7029,7290,6178,107,ITC,ITC3,7,Liguria,Liguria,1550640,730527,47.11,0.88
3957,2021-05-19,LIG,13585,5966,7619,10326,3127,132,ITC,ITC3,7,Liguria,Liguria,1550640,744112,47.99,0.88
3958,2021-03-23,LIG,9298,4236,5062,5993,3219,86,ITC,ITC3,7,Liguria,Liguria,1550640,753410,48.59,0.6
3959,2021-08-27,LIG,9207,4913,4294,2830,6300,77,ITC,ITC3,7,Liguria,Liguria,1550640,762617,49.18,0.59
3960,2021-07-15,LIG,14791,7483,7308,5138,9517,136,ITC,ITC3,7,Liguria,Liguria,1550640,777408,50.13,0.95
3961,2021-02-01,LIG,2575,929,1646,101,2474,0,ITC,ITC3,7,Liguria,Liguria,1550640,779983,50.3,0.17
3962,2021-07-08,LIG,13682,6723,6959,6144,7431,107,ITC,ITC3,7,Liguria,Liguria,1550640,793665,51.18,0.88
3963,2021-05-12,LIG,12123,5492,6631,6612,5410,101,ITC,ITC3,7,Liguria,Liguria,1550640,805788,51.96,0.78
3964,2021-05-26,LIG,16701,8433,8268,12172,4383,146,ITC,ITC3,7,Liguria,Liguria,1550640,822489,53.04,1.08
3965,2021-03-30,LIG,12229,5432,6797,8753,3395,81,ITC,ITC3,7,Liguria,Liguria,1550640,834718,53.83,0.79
3966,2021-09-03,LIG,7364,4060,3304,2205,5086,73,ITC,ITC3,7,Liguria,Liguria,1550640,842082,54.31,0.47
3967,2021-04-16,LIG,12014,5296,6718,10024,1833,157,ITC,ITC3,7,Liguria,Liguria,1550640,854096,55.08,0.77
3968,2021-01-06,LIG,1666,618,1048,1663,0,3,ITC,ITC3,7,Liguria,Liguria,1550640,855762,55.19,0.11
3969,2021-01-18,LIG,2146,749,1397,1987,157,2,ITC,ITC3,7,Liguria,Liguria,1550640,857908,55.33,0.14
3970,2021-08-08,LIG,1207,650,557,542,659,6,ITC,ITC3,7,Liguria,Liguria,1550640,859115,55.4,0.08
3971,2021-07-22,LIG,21453,10902,10551,4552,16785,116,ITC,ITC3,7,Liguria,Liguria,1550640,880568,56.79,1.38
3972,2021-08-10,LIG,13138,6560,6578,4281,8714,143,ITC,ITC3,7,Liguria,Liguria,1550640,893706,57.63,0.85
3973,2021-06-14,LIG,15170,7324,7846,8211,6882,77,ITC,ITC3,7,Liguria,Liguria,1550640,908876,58.61,0.98
3974,2021-02-25,LIG,3461,1351,2110,3308,130,23,ITC,ITC3,7,Liguria,Liguria,1550640,912337,58.84,0.22
3975,2021-06-07,LIG,15717,7669,8048,8618,7039,60,ITC,ITC3,7,Liguria,Liguria,1550640,928054,59.85,1.01
3976,2021-06-26,LIG,7230,3366,3864,4433,2724,73,ITC,ITC3,7,Liguria,Liguria,1550640,935284,60.32,0.47
3977,2021-07-10,LIG,6910,3486,3424,2726,4135,49,ITC,ITC3,7,Liguria,Liguria,1550640,942194,60.76,0.45
3978,2021-04-04,LIG,764,369,395,508,251,5,ITC,ITC3,7,Liguria,Liguria,1550640,942958,60.81,0.05
3979,2021-04-18,LIG,2619,1165,1454,2094,470,55,ITC,ITC3,7,Liguria,Liguria,1550640,945577,60.98,0.17
3980,2021-07-27,LIG,17446,8887,8559,4353,13008,85,ITC,ITC3,7,Liguria,Liguria,1550640,963023,62.1,1.13
3981,2021-01-08,LIG,2941,1002,1939,2939,0,2,ITC,ITC3,7,Liguria,Liguria,1550640,965964,62.29,0.19
3982,2021-01-27,LIG,1749,604,1145,139,1609,1,ITC,ITC3,7,Liguria,Liguria,1550640,967713,62.41,0.11
3983,2021-05-21,LIG,12873,5967,6906,9605,3135,133,ITC,ITC3,7,Liguria,Liguria,1550640,980586,63.24,0.83
3984,2021-02-06,LIG,1892,768,1124,145,1747,0,ITC,ITC3,7,Liguria,Liguria,1550640,982478,63.36,0.12
3985,2021-09-05,LIG,1014,569,445,271,738,5,ITC,ITC3,7,Liguria,Liguria,1550640,983492,63.42,0.07
3986,2021-06-28,LIG,11629,5628,6001,7216,4315,98,ITC,ITC3,7,Liguria,Liguria,1550640,995121,64.17,0.75
3987,2021-03-20,LIG,2318,995,1323,1130,1175,13,ITC,ITC3,7,Liguria,Liguria,1550640,997439,64.32,0.15
3988,2021-08-26,LIG,9054,4738,4316,2619,6360,75,ITC,ITC3,7,Liguria,Liguria,1550640,1006493,64.91,0.58
3989,2021-06-30,LIG,15101,7206,7895,8185,6824,92,ITC,ITC3,7,Liguria,Liguria,1550640,1021594,65.88,0.97
3990,2021-01-15,LIG,2264,756,1508,2259,0,5,ITC,ITC3,7,Liguria,Liguria,1550640,1023858,66.03,0.15
3991,2021-04-25,LIG,1936,921,1015,1509,415,12,ITC,ITC3,7,Liguria,Liguria,1550640,1025794,66.15,0.12
3992,2021-03-13,LIG,3853,1638,2215,2964,859,30,ITC,ITC3,7,Liguria,Liguria,1550640,1029647,66.4,0.25
3993,2021-06-23,LIG,14354,6868,7486,9059,5207,88,ITC,ITC3,7,Liguria,Liguria,1550640,1044001,67.33,0.93
3994,2021-04-06,LIG,13267,5906,7361,10895,2265,107,ITC,ITC3,7,Liguria,Liguria,1550640,1057268,68.18,0.86
3995,2021-02-08,LIG,1983,744,1239,299,1684,0,ITC,ITC3,7,Liguria,Liguria,1550640,1059251,68.31,0.13
3996,2020-12-27,LIG,135,56,79,134,0,1,ITC,ITC3,7,Liguria,Liguria,1550640,1059386,68.32,0.01
3997,2021-09-07,LIG,7799,4125,3674,2650,5059,90,ITC,ITC3,7,Liguria,Liguria,1550640,1067185,68.82,0.5
3998,2021-06-16,LIG,16415,7930,8485,9194,7137,84,ITC,ITC3,7,Liguria,Liguria,1550640,1083600,69.88,1.06
3999,2021-03-08,LIG,5631,2462,3169,3907,1692,32,ITC,ITC3,7,Liguria,Liguria,1550640,1089231,70.24,0.36
4000,2021-03-25,LIG,9784,4236,5548,6243,3397,144,ITC,ITC3,7,Liguria,Liguria,1550640,1099015,70.87,0.63
4001,2021-01-01,LIG,146,56,90,146,0,0,ITC,ITC3,7,Liguria,Liguria,1550640,1099161,70.88,0.01
4002,2021-03-27,LIG,3935,1549,2386,2515,1397,23,ITC,ITC3,7,Liguria,Liguria,1550640,1103096,71.14,0.25
4003,2021-07-05,LIG,11932,5778,6154,5301,6548,83,ITC,ITC3,7,Liguria,Liguria,1550640,1115028,71.91,0.77
4004,2021-04-13,LIG,13089,5875,7214,10948,2029,112,ITC,ITC3,7,Liguria,Liguria,1550640,1128117,72.75,0.84
4005,2021-08-17,LIG,9854,5171,4683,3643,6114,97,ITC,ITC3,7,Liguria,Liguria,1550640,1137971,73.39,0.64
4006,2021-03-04,LIG,4742,2118,2624,3840,847,55,ITC,ITC3,7,Liguria,Liguria,1550640,1142713,73.69,0.31
4007,2021-06-12,LIG,10264,4993,5271,7446,2760,58,ITC,ITC3,7,Liguria,Liguria,1550640,1152977,74.35,0.66
4008,2021-04-30,LIG,14440,6452,7988,5773,8580,87,ITC,ITC3,7,Liguria,Liguria,1550640,1167417,75.29,0.93
4009,2021-03-06,LIG,3307,1843,1464,2581,706,20,ITC,ITC3,7,Liguria,Liguria,1550640,1170724,75.5,0.21
4010,2021-02-27,LIG,1889,921,968,1756,129,4,ITC,ITC3,7,Liguria,Liguria,1550640,1172613,75.62,0.12
4011,2021-02-10,LIG,2325,840,1485,1017,1305,3,ITC,ITC3,7,Liguria,Liguria,1550640,1174938,75.77,0.15
4012,2021-08-14,LIG,3211,1717,1494,896,2297,18,ITC,ITC3,7,Liguria,Liguria,1550640,1178149,75.98,0.21
4013,2021-03-18,LIG,4992,2126,2866,1978,2984,30,ITC,ITC3,7,Liguria,Liguria,1550640,1183141,76.3,0.32
4014,2021-04-01,LIG,12442,5520,6922,9588,2776,78,ITC,ITC3,7,Liguria,Liguria,1550640,1195583,77.1,0.8
4015,2021-01-11,LIG,2659,994,1665,2657,0,2,ITC,ITC3,7,Liguria,Liguria,1550640,1198242,77.27,0.17
4016,2021-07-12,LIG,13463,6466,6997,4147,9244,72,ITC,ITC3,7,Liguria,Liguria,1550640,1211705,78.14,0.87
4017,2021-01-10,LIG,651,264,387,647,0,4,ITC,ITC3,7,Liguria,Liguria,1550640,1212356,78.18,0.04
4018,2021-04-20,LIG,14252,6522,7730,9741,4359,152,ITC,ITC3,7,Liguria,Liguria,1550640,1226608,79.1,0.92
4019,2021-06-11,LIG,17873,9100,8773,11721,6082,70,ITC,ITC3,7,Liguria,Liguria,1550640,1244481,80.26,1.15
4020,2021-04-15,LIG,11854,5242,6612,9889,1859,106,ITC,ITC3,7,Liguria,Liguria,1550640,1256335,81.02,0.76
4021,2021-04-08,LIG,13798,6184,7614,11614,2049,135,ITC,ITC3,7,Liguria,Liguria,1550640,1270133,81.91,0.89
4022,2021-09-12,LIG,115,67,48,67,47,1,ITC,ITC3,7,Liguria,Liguria,1550640,1270248,81.92,0.01
4023,2021-07-17,LIG,6515,3359,3156,1800,4696,19,ITC,ITC3,7,Liguria,Liguria,1550640,1276763,82.34,0.42
4024,2021-07-31,LIG,8265,4413,3852,1309,6927,29,ITC,ITC3,7,Liguria,Liguria,1550640,1285028,82.87,0.53
4025,2021-06-04,LIG,14800,7267,7533,9224,5500,76,ITC,ITC3,7,Liguria,Liguria,1550640,1299828,83.83,0.95
4026,2021-08-21,LIG,3071,1670,1401,905,2121,45,ITC,ITC3,7,Liguria,Liguria,1550640,1302899,84.02,0.2
4027,2021-05-13,LIG,13328,6093,7235,8895,4273,160,ITC,ITC3,7,Liguria,Liguria,1550640,1316227,84.88,0.86
4028,2021-02-19,LIG,3223,1307,1916,3033,176,14,ITC,ITC3,7,Liguria,Liguria,1550640,1319450,85.09,0.21
4029,2021-05-30,LIG,3310,1616,1694,1339,1948,23,ITC,ITC3,7,Liguria,Liguria,1550640,1322760,85.3,0.21
4030,2021-02-14,LIG,233,122,111,233,0,0,ITC,ITC3,7,Liguria,Liguria,1550640,1322993,85.32,0.02
4031,2021-05-25,LIG,14279,6959,7320,10958,3195,126,ITC,ITC3,7,Liguria,Liguria,1550640,1337272,86.24,0.92
4032,2021-09-04,LIG,3019,1684,1335,879,2114,26,ITC,ITC3,7,Liguria,Liguria,1550640,1340291,86.43,0.19
4033,2021-03-22,LIG,7760,3476,4284,4745,2943,72,ITC,ITC3,7,Liguria,Liguria,1550640,1348051,86.94,0.5
4034,2021-02-07,LIG,407,153,254,2,405,0,ITC,ITC3,7,Liguria,Liguria,1550640,1348458,86.96,0.03
4035,2021-05-18,LIG,13500,6135,7365,10057,3316,127,ITC,ITC3,7,Liguria,Liguria,1550640,1361958,87.83,0.87
4036,2021-09-02,LIG,8453,4505,3948,2852,5518,83,ITC,ITC3,7,Liguria,Liguria,1550640,1370411,88.38,0.55
4037,2021-06-08,LIG,18129,9044,9085,11394,6653,82,ITC,ITC3,7,Liguria,Liguria,1550640,1388540,89.55,1.17
4038,2021-03-17,LIG,5561,2371,3190,2457,3085,19,ITC,ITC3,7,Liguria,Liguria,1550640,1394101,89.9,0.36
4039,2021-06-25,LIG,13848,6621,7227,6853,6921,74,ITC,ITC3,7,Liguria,Liguria,1550640,1407949,90.8,0.89
4040,2021-01-22,LIG,1828,606,1222,1337,489,2,ITC,ITC3,7,Liguria,Liguria,1550640,1409777,90.92,0.12
4041,2021-05-02,LIG,3981,1837,2144,503,3472,6,ITC,ITC3,7,Liguria,Liguria,1550640,1413758,91.17,0.26
4042,2021-05-04,LIG,13662,6095,7567,5361,8235,66,ITC,ITC3,7,Liguria,Liguria,1550640,1427420,92.05,0.88
4043,2021-08-12,LIG,12537,6448,6089,4597,7849,91,ITC,ITC3,7,Liguria,Liguria,1550640,1439957,92.86,0.81
4044,2021-08-31,LIG,9551,5049,4502,2651,6839,61,ITC,ITC3,7,Liguria,Liguria,1550640,1449508,93.48,0.62
4045,2021-05-23,LIG,2310,1121,1189,1172,1124,14,ITC,ITC3,7,Liguria,Liguria,1550640,1451818,93.63,0.15
4046,2021-03-01,LIG,3541,1447,2094,3386,136,19,ITC,ITC3,7,Liguria,Liguria,1550640,1455359,93.86,0.23
4047,2021-06-09,LIG,19106,9590,9516,12442,6589,75,ITC,ITC3,7,Liguria,Liguria,1550640,1474465,95.09,1.23
4048,2021-02-15,LIG,2264,839,1425,1853,399,12,ITC,ITC3,7,Liguria,Liguria,1550640,1476729,95.23,0.15
4049,2021-01-03,LIG,738,233,505,736,0,2,ITC,ITC3,7,Liguria,Liguria,1550640,1477467,95.28,0.05
4050,2021-02-17,LIG,2701,1185,1516,2254,435,12,ITC,ITC3,7,Liguria,Liguria,1550640,1480168,95.46,0.17
4051,2021-07-24,LIG,11611,6041,5570,2307,9249,55,ITC,ITC3,7,Liguria,Liguria,1550640,1491779,96.2,0.75
4052,2021-05-28,LIG,16325,8158,8167,11621,4560,144,ITC,ITC3,7,Liguria,Liguria,1550640,1508104,97.26,1.05
4053,2021-01-05,LIG,2880,896,1984,2880,0,0,ITC,ITC3,7,Liguria,Liguria,1550640,1510984,97.44,0.19
4054,2021-03-03,LIG,4586,1850,2736,3446,1030,110,ITC,ITC3,7,Liguria,Liguria,1550640,1515570,97.74,0.3
4055,2021-08-04,LIG,13863,6979,6884,3252,10502,109,ITC,ITC3,7,Liguria,Liguria,1550640,1529433,98.63,0.89
4056,2021-07-26,LIG,17684,9024,8660,4715,12860,109,ITC,ITC3,7,Liguria,Liguria,1550640,1547117,99.77,1.14
4057,2021-01-07,LIG,3226,1096,2130,3223,0,3,ITC,ITC3,7,Liguria,Liguria,1550640,1550343,99.98,0.21
4058,2021-06-13,LIG,5643,2706,2937,5131,456,56,ITC,ITC3,7,Liguria,Liguria,1550640,1555986,100.34,0.36
4059,2021-04-17,LIG,7393,3219,4174,6580,755,58,ITC,ITC3,7,Liguria,Liguria,1550640,1563379,100.82,0.48
4060,2021-05-01,LIG,7153,3260,3893,1314,5809,30,ITC,ITC3,7,Liguria,Liguria,1550640,1570532,101.28,0.46
4061,2021-03-05,LIG,4876,2155,2721,3692,1137,47,ITC,ITC3,7,Liguria,Liguria,1550640,1575408,101.6,0.31
4062,2021-08-09,LIG,12004,6106,5898,4347,7530,127,ITC,ITC3,7,Liguria,Liguria,1550640,1587412,102.37,0.77
4063,2021-08-28,LIG,4130,2337,1793,1007,3098,25,ITC,ITC3,7,Liguria,Liguria,1550640,1591542,102.64,0.27
4064,2021-05-20,LIG,12952,6010,6942,8791,4040,121,ITC,ITC3,7,Liguria,Liguria,1550640,1604494,103.47,0.84
4065,2021-08-23,LIG,10571,5514,5057,3538,6925,108,ITC,ITC3,7,Liguria,Liguria,1550640,1615065,104.15,0.68
4066,2021-06-01,LIG,16355,8237,8118,10914,5376,65,ITC,ITC3,7,Liguria,Liguria,1550640,1631420,105.21,1.05
4067,2021-09-09,LIG,7734,4133,3601,2543,5087,104,ITC,ITC3,7,Liguria,Liguria,1550640,1639154,105.71,0.5
4068,2021-06-18,LIG,15427,7509,7918,8114,7225,88,ITC,ITC3,7,Liguria,Liguria,1550640,1654581,106.7,0.99
4069,2021-03-10,LIG,5924,2868,3056,3952,1917,55,ITC,ITC3,7,Liguria,Liguria,1550640,1660505,107.09,0.38
4070,2021-05-09,LIG,2827,1245,1582,1085,1712,30,ITC,ITC3,7,Liguria,Liguria,1550640,1663332,107.27,0.18
4071,2021-01-29,LIG,3101,1070,2031,63,3038,0,ITC,ITC3,7,Liguria,Liguria,1550640,1666433,107.47,0.2
4072,2021-01-20,LIG,1560,557,1003,1547,12,1,ITC,ITC3,7,Liguria,Liguria,1550640,1667993,107.57,0.1
4073,2021-08-19,LIG,9831,5176,4655,2714,7016,101,ITC,ITC3,7,Liguria,Liguria,1550640,1677824,108.2,0.63
4074,2021-07-14,LIG,11526,5674,5852,3410,8040,76,ITC,ITC3,7,Liguria,Liguria,1550640,1689350,108.95,0.74
4075,2021-07-28,LIG,18487,9522,8965,5802,12552,133,ITC,ITC3,7,Liguria,Liguria,1550640,1707837,110.14,1.19
4076,2021-05-06,LIG,14541,6446,8095,6072,8340,129,ITC,ITC3,7,Liguria,Liguria,1550640,1722378,111.08,0.94
4077,2021-01-26,LIG,2490,809,1681,16,2474,0,ITC,ITC3,7,Liguria,Liguria,1550640,1724868,111.24,0.16
4078,2021-04-03,LIG,5410,2500,2910,4435,944,31,ITC,ITC3,7,Liguria,Liguria,1550640,1730278,111.58,0.35
4079,2021-01-24,LIG,762,242,520,116,646,0,ITC,ITC3,7,Liguria,Liguria,1550640,1731040,111.63,0.05
4080,2021-06-27,LIG,1950,895,1055,681,1253,16,ITC,ITC3,7,Liguria,Liguria,1550640,1732990,111.76,0.13
4081,2021-06-06,LIG,3814,2032,1782,2936,862,16,ITC,ITC3,7,Liguria,Liguria,1550640,1736804,112.01,0.25
4082,2021-04-24,LIG,8221,3798,4423,4984,3155,82,ITC,ITC3,7,Liguria,Liguria,1550640,1745025,112.54,0.53
4083,2021-02-26,LIG,3772,1526,2246,3418,329,25,ITC,ITC3,7,Liguria,Liguria,1550640,1748797,112.78,0.24
4084,2021-08-02,LIG,13110,6516,6594,2971,10060,79,ITC,ITC3,7,Liguria,Liguria,1550640,1761907,113.62,0.85
4085,2021-06-20,LIG,1336,658,678,1045,275,16,ITC,ITC3,7,Liguria,Liguria,1550640,1763243,113.71,0.09
4086,2021-02-24,LIG,3769,1562,2207,3458,259,52,ITC,ITC3,7,Liguria,Liguria,1550640,1767012,113.95,0.24
4087,2020-12-29,LIG,125,33,92,125,0,0,ITC,ITC3,7,Liguria,Liguria,1550640,1767137,113.96,0.01
4088,2021-01-12,LIG,2476,890,1586,2475,0,1,ITC,ITC3,7,Liguria,Liguria,1550640,1769613,114.12,0.16
4089,2021-04-22,LIG,13882,6217,7665,8658,5090,134,ITC,ITC3,7,Liguria,Liguria,1550640,1783495,115.02,0.9
4090,2021-02-12,LIG,1941,691,1250,896,1044,1,ITC,ITC3,7,Liguria,Liguria,1550640,1785436,115.14,0.13
4091,2021-08-16,LIG,9922,5136,4786,3771,6049,102,ITC,ITC3,7,Liguria,Liguria,1550640,1795358,115.78,0.64
4092,2021-03-15,LIG,7371,3123,4248,4502,2822,47,ITC,ITC3,7,Liguria,Liguria,1550640,1802729,116.26,0.48
4093,2021-07-09,LIG,12849,6333,6516,4175,8596,78,ITC,ITC3,7,Liguria,Liguria,1550640,1815578,117.09,0.83
4094,2021-04-05,LIG,3985,1757,2228,2313,1651,21,ITC,ITC3,7,Liguria,Liguria,1550640,1819563,117.34,0.26
4095,2021-07-16,LIG,12632,6225,6407,3141,9436,55,ITC,ITC3,7,Liguria,Liguria,1550640,1832195,118.16,0.81
4096,2021-09-11,LIG,1773,952,821,675,1083,15,ITC,ITC3,7,Liguria,Liguria,1550640,1833968,118.27,0.11
4097,2021-05-11,LIG,13943,6400,7543,7199,6632,112,ITC,ITC3,7,Liguria,Liguria,1550640,1847911,119.17,0.9
4098,2021-03-29,LIG,10594,4629,5965,7364,3135,95,ITC,ITC3,7,Liguria,Liguria,1550640,1858505,119.85,0.68
4099,2021-01-31,LIG,625,271,354,4,621,0,ITC,ITC3,7,Liguria,Liguria,1550640,1859130,119.89,0.04
4100,2021-07-07,LIG,11806,5652,6154,4924,6804,78,ITC,ITC3,7,Liguria,Liguria,1550640,1870936,120.66,0.76
4101,2021-09-10,LIG,6885,3659,3226,1932,4854,99,ITC,ITC3,7,Liguria,Liguria,1550640,1877821,121.1,0.44
4102,2021-06-02,LIG,8546,4349,4197,5337,3177,32,ITC,ITC3,7,Liguria,Liguria,1550640,1886367,121.65,0.55
4103,2021-06-19,LIG,7418,3777,3641,5691,1674,53,ITC,ITC3,7,Liguria,Liguria,1550640,1893785,122.13,0.48
4104,2021-02-18,LIG,2772,1128,1644,2425,339,8,ITC,ITC3,7,Liguria,Liguria,1550640,1896557,122.31,0.18
4105,2021-05-14,LIG,13165,5872,7293,8639,4352,174,ITC,ITC3,7,Liguria,Liguria,1550640,1909722,123.16,0.85
4106,2021-08-22,LIG,760,441,319,174,579,7,ITC,ITC3,7,Liguria,Liguria,1550640,1910482,123.21,0.05
4107,2021-05-31,LIG,14735,7391,7344,9123,5529,83,ITC,ITC3,7,Liguria,Liguria,1550640,1925217,124.16,0.95
4108,2021-03-09,LIG,5941,2757,3184,4450,1433,58,ITC,ITC3,7,Liguria,Liguria,1550640,1931158,124.54,0.38
4109,2021-02-20,LIG,1338,639,699,1335,1,2,ITC,ITC3,7,Liguria,Liguria,1550640,1932496,124.63,0.09
4110,2021-08-07,LIG,5208,2661,2547,1126,4058,24,ITC,ITC3,7,Liguria,Liguria,1550640,1937704,124.96,0.34
4111,2021-05-16,LIG,3712,1863,1849,2118,1567,27,ITC,ITC3,7,Liguria,Liguria,1550640,1941416,125.2,0.24
4112,2021-08-24,LIG,8736,4530,4206,2908,5738,90,ITC,ITC3,7,Liguria,Liguria,1550640,1950152,125.76,0.56
4113,2021-02-22,LIG,3349,1479,1870,3197,143,9,ITC,ITC3,7,Liguria,Liguria,1550640,1953501,125.98,0.22
4114,2021-07-19,LIG,12112,6037,6075,3326,8700,86,ITC,ITC3,7,Liguria,Liguria,1550640,1965613,126.76,0.78
4115,2021-08-05,LIG,14255,7363,6892,4114,10053,88,ITC,ITC3,7,Liguria,Liguria,1550640,1979868,127.68,0.92
4116,2021-04-27,LIG,14825,6701,8124,7145,7613,67,ITC,ITC3,7,Liguria,Liguria,1550640,1994693,128.64,0.96
4117,2021-02-03,LIG,2320,792,1528,51,2269,0,ITC,ITC3,7,Liguria,Liguria,1550640,1997013,128.79,0.15
4118,2021-07-21,LIG,19213,9522,9691,3804,15327,82,ITC,ITC3,7,Liguria,Liguria,1550640,2016226,130.03,1.24
4119,2021-04-29,LIG,15593,6983,8610,6643,8856,94,ITC,ITC3,7,Liguria,Liguria,1550640,2031819,131.03,1.01
4120,2021-04-12,LIG,12395,5479,6916,10277,2022,96,ITC,ITC3,7,Liguria,Liguria,1550640,2044214,131.83,0.8
4121,2021-01-19,LIG,1375,440,935,1281,90,4,ITC,ITC3,7,Liguria,Liguria,1550640,2045589,131.92,0.09
4122,2021-02-05,LIG,2740,994,1746,299,2440,1,ITC,ITC3,7,Liguria,Liguria,1550640,2048329,132.1,0.18
4123,2021-03-24,LIG,9195,4040,5155,5819,3293,83,ITC,ITC3,7,Liguria,Liguria,1550640,2057524,132.69,0.59
4124,2021-07-02,LIG,12997,6376,6621,6366,6525,106,ITC,ITC3,7,Liguria,Liguria,1550640,2070521,133.53,0.84
4125,2020-12-31,LIG,990,352,638,990,0,0,ITC,ITC3,7,Liguria,Liguria,1550640,2071511,133.59,0.06
4126,2021-04-10,LIG,7894,3564,4330,6905,914,75,ITC,ITC3,7,Liguria,Liguria,1550640,2079405,134.1,0.51
4127,2021-01-17,LIG,866,301,565,865,0,1,ITC,ITC3,7,Liguria,Liguria,1550640,2080271,134.16,0.06
4128,2021-04-07,TOS,35848,15483,20365,28157,7267,424,ITI,ITI1,9,Toscana,Toscana,3729641,35848,0.96,0.96
4129,2021-07-30,TOS,37917,20407,17510,10794,26765,358,ITI,ITI1,9,Toscana,Toscana,3729641,73765,1.98,1.02
4130,2021-08-27,TOS,16281,8704,7577,7746,8007,528,ITI,ITI1,9,Toscana,Toscana,3729641,90046,2.41,0.44
4131,2021-01-28,TOS,6289,1885,4404,349,5933,7,ITI,ITI1,9,Toscana,Toscana,3729641,96335,2.58,0.17
4132,2021-08-01,TOS,29935,15326,14609,13794,15654,487,ITI,ITI1,9,Toscana,Toscana,3729641,126270,3.39,0.8
4133,2021-06-05,TOS,28456,13609,14847,20559,7621,276,ITI,ITI1,9,Toscana,Toscana,3729641,154726,4.15,0.76
4134,2021-09-13,TOS,18331,9758,8573,3499,14457,375,ITI,ITI1,9,Toscana,Toscana,3729641,173057,4.64,0.49
4135,2021-08-08,TOS,25038,12921,12117,14611,9926,501,ITI,ITI1,9,Toscana,Toscana,3729641,198095,5.31,0.67
4136,2021-01-11,TOS,5185,1719,3466,5084,0,101,ITI,ITI1,9,Toscana,Toscana,3729641,203280,5.45,0.14
4137,2021-04-21,TOS,29660,12693,16967,16852,12169,639,ITI,ITI1,9,Toscana,Toscana,3729641,232940,6.25,0.8
4138,2021-02-23,TOS,7755,3337,4418,7241,162,352,ITI,ITI1,9,Toscana,Toscana,3729641,240695,6.45,0.21
4139,2021-06-03,TOS,32067,15458,16609,27153,4589,325,ITI,ITI1,9,Toscana,Toscana,3729641,272762,7.31,0.86
4140,2021-07-01,TOS,32088,15537,16551,10722,21083,283,ITI,ITI1,9,Toscana,Toscana,3729641,304850,8.17,0.86
4141,2021-03-26,TOS,20752,9435,11317,14709,5831,212,ITI,ITI1,9,Toscana,Toscana,3729641,325602,8.73,0.56
4142,2021-03-09,TOS,11177,4586,6591,5532,5565,80,ITI,ITI1,9,Toscana,Toscana,3729641,336779,9.03,0.3
4143,2021-04-09,TOS,24611,10590,14021,20717,3444,450,ITI,ITI1,9,Toscana,Toscana,3729641,361390,9.69,0.66
4144,2021-07-18,TOS,30392,15280,15112,8340,21842,210,ITI,ITI1,9,Toscana,Toscana,3729641,391782,10.5,0.81
4145,2021-06-17,TOS,32623,16714,15909,26714,5564,345,ITI,ITI1,9,Toscana,Toscana,3729641,424405,11.38,0.87
4146,2021-01-16,TOS,3298,1059,2239,3240,0,58,ITI,ITI1,9,Toscana,Toscana,3729641,427703,11.47,0.09
4147,2021-04-26,TOS,10149,4936,5213,7456,2557,136,ITI,ITI1,9,Toscana,Toscana,3729641,437852,11.74,0.27
4148,2021-01-02,TOS,3547,1126,2421,3503,0,44,ITI,ITI1,9,Toscana,Toscana,3729641,441399,11.83,0.1
4149,2021-09-08,TOS,21340,11085,10255,7207,13391,742,ITI,ITI1,9,Toscana,Toscana,3729641,462739,12.41,0.57
4150,2021-05-22,TOS,26037,12667,13370,21490,4298,249,ITI,ITI1,9,Toscana,Toscana,3729641,488776,13.11,0.7
4151,2021-05-05,TOS,30167,13466,16701,14854,14577,736,ITI,ITI1,9,Toscana,Toscana,3729641,518943,13.91,0.81
4152,2021-08-13,TOS,23116,12524,10592,11339,11231,546,ITI,ITI1,9,Toscana,Toscana,3729641,542059,14.53,0.62
4153,2021-02-28,TOS,1665,669,996,868,727,70,ITI,ITI1,9,Toscana,Toscana,3729641,543724,14.58,0.04
4154,2021-02-11,TOS,5423,2037,3386,5099,242,82,ITI,ITI1,9,Toscana,Toscana,3729641,549147,14.72,0.15
4155,2021-02-09,TOS,4534,1485,3049,3809,611,114,ITI,ITI1,9,Toscana,Toscana,3729641,553681,14.85,0.12
4156,2021-06-22,TOS,31064,15633,15431,22465,8219,380,ITI,ITI1,9,Toscana,Toscana,3729641,584745,15.68,0.83
4157,2021-05-17,TOS,29784,14883,14901,20560,8946,278,ITI,ITI1,9,Toscana,Toscana,3729641,614529,16.48,0.8
4158,2021-03-21,TOS,3296,1629,1667,1819,1434,43,ITI,ITI1,9,Toscana,Toscana,3729641,617825,16.57,0.09
4159,2021-08-25,TOS,20302,10605,9697,10602,8972,728,ITI,ITI1,9,Toscana,Toscana,3729641,638127,17.11,0.54
4160,2021-01-23,TOS,3982,1361,2621,641,3335,6,ITI,ITI1,9,Toscana,Toscana,3729641,642109,17.22,0.11
4161,2021-06-29,TOS,37057,18042,19015,7976,28926,155,ITI,ITI1,9,Toscana,Toscana,3729641,679166,18.21,0.99
4162,2021-05-03,TOS,11945,5518,6427,10363,1334,248,ITI,ITI1,9,Toscana,Toscana,3729641,691111,18.53,0.32
4163,2021-06-12,TOS,29406,15158,14248,24657,4393,356,ITI,ITI1,9,Toscana,Toscana,3729641,720517,19.32,0.79
4164,2021-04-16,TOS,29000,12897,16103,21439,6927,634,ITI,ITI1,9,Toscana,Toscana,3729641,749517,20.1,0.78
4165,2021-07-25,TOS,33928,16777,17151,7053,26694,181,ITI,ITI1,9,Toscana,Toscana,3729641,783445,21.01,0.91
4166,2021-03-02,TOS,10600,3795,6805,7039,3447,114,ITI,ITI1,9,Toscana,Toscana,3729641,794045,21.29,0.28
4167,2021-01-04,TOS,5240,1998,3242,5173,0,67,ITI,ITI1,9,Toscana,Toscana,3729641,799285,21.43,0.14
4168,2021-04-14,TOS,20208,8352,11856,14533,5126,549,ITI,ITI1,9,Toscana,Toscana,3729641,819493,21.97,0.54
4169,2021-07-13,TOS,29348,14736,14612,7713,21459,176,ITI,ITI1,9,Toscana,Toscana,3729641,848841,22.76,0.79
4170,2021-04-02,TOS,32015,13579,18436,23682,8078,255,ITI,ITI1,9,Toscana,Toscana,3729641,880856,23.62,0.86
4171,2021-07-11,TOS,26190,12728,13462,9170,16846,174,ITI,ITI1,9,Toscana,Toscana,3729641,907046,24.32,0.7
4172,2021-06-24,TOS,29471,14634,14837,19320,9754,397,ITI,ITI1,9,Toscana,Toscana,3729641,936517,25.11,0.79
4173,2021-01-09,TOS,4542,1622,2920,4475,0,67,ITI,ITI1,9,Toscana,Toscana,3729641,941059,25.23,0.12
4174,2021-09-06,TOS,22762,11787,10975,9410,12325,1027,ITI,ITI1,9,Toscana,Toscana,3729641,963821,25.84,0.61
4175,2021-02-04,TOS,4264,1597,2667,942,3295,27,ITI,ITI1,9,Toscana,Toscana,3729641,968085,25.96,0.11
4176,2021-05-15,TOS,29377,13866,15511,22871,5910,596,ITI,ITI1,9,Toscana,Toscana,3729641,997462,26.74,0.79
4177,2021-04-28,TOS,19156,8194,10962,3446,15352,358,ITI,ITI1,9,Toscana,Toscana,3729641,1016618,27.26,0.51
4178,2021-02-18,TOS,8874,3301,5573,7793,897,184,ITI,ITI1,9,Toscana,Toscana,3729641,1025492,27.5,0.24
4179,2021-05-29,TOS,31582,15266,16316,23182,8173,227,ITI,ITI1,9,Toscana,Toscana,3729641,1057074,28.34,0.85
4180,2021-08-20,TOS,20226,11093,9133,9966,9763,497,ITI,ITI1,9,Toscana,Toscana,3729641,1077300,28.88,0.54
4181,2021-03-19,TOS,10175,4476,5699,7130,2897,148,ITI,ITI1,9,Toscana,Toscana,3729641,1087475,29.16,0.27
4182,2021-01-21,TOS,1593,687,906,862,722,9,ITI,ITI1,9,Toscana,Toscana,3729641,1089068,29.2,0.04
4183,2021-02-16,TOS,9372,3367,6005,8420,721,231,ITI,ITI1,9,Toscana,Toscana,3729641,1098440,29.45,0.25
4184,2021-05-02,TOS,11181,4936,6245,8979,1968,234,ITI,ITI1,9,Toscana,Toscana,3729641,1109621,29.75,0.3
4185,2021-03-07,TOS,5659,2362,3297,2001,3547,111,ITI,ITI1,9,Toscana,Toscana,3729641,1115280,29.9,0.15
4186,2021-07-20,TOS,37342,19109,18233,7967,29183,192,ITI,ITI1,9,Toscana,Toscana,3729641,1152622,30.9,1.0
4187,2021-03-28,TOS,6211,2807,3404,5875,253,83,ITI,ITI1,9,Toscana,Toscana,3729641,1158833,31.07,0.17
4188,2021-01-30,TOS,4625,1623,3002,173,4434,18,ITI,ITI1,9,Toscana,Toscana,3729641,1163458,31.19,0.12
4189,2021-07-06,TOS,25796,13039,12757,11037,14530,229,ITI,ITI1,9,Toscana,Toscana,3729641,1189254,31.89,0.69
4190,2021-05-10,TOS,26245,12418,13827,15247,10651,347,ITI,ITI1,9,Toscana,Toscana,3729641,1215499,32.59,0.7
4191,2021-03-14,TOS,7191,2577,4614,3163,3935,93,ITI,ITI1,9,Toscana,Toscana,3729641,1222690,32.78,0.19
4192,2021-08-18,TOS,25948,13821,12127,12841,12503,604,ITI,ITI1,9,Toscana,Toscana,3729641,1248638,33.48,0.7
4193,2021-09-01,TOS,23578,12404,11174,13371,9165,1042,ITI,ITI1,9,Toscana,Toscana,3729641,1272216,34.11,0.63
4194,2021-06-10,TOS,26457,13572,12885,25546,561,350,ITI,ITI1,9,Toscana,Toscana,3729641,1298673,34.82,0.71
4195,2021-05-24,TOS,33764,16729,17035,23897,9587,280,ITI,ITI1,9,Toscana,Toscana,3729641,1332437,35.73,0.91
4196,2021-06-14,TOS,31836,16352,15484,27429,4109,298,ITI,ITI1,9,Toscana,Toscana,3729641,1364273,36.58,0.85
4197,2021-03-04,TOS,17902,6981,10921,14657,3085,160,ITI,ITI1,9,Toscana,Toscana,3729641,1382175,37.06,0.48
4198,2021-08-17,TOS,25995,14024,11971,11463,14035,497,ITI,ITI1,9,Toscana,Toscana,3729641,1408170,37.76,0.7
4199,2021-03-18,TOS,9993,3987,6006,5865,3989,139,ITI,ITI1,9,Toscana,Toscana,3729641,1418163,38.02,0.27
4200,2021-06-26,TOS,34585,16776,17809,9990,24363,232,ITI,ITI1,9,Toscana,Toscana,3729641,1452748,38.95,0.93
4201,2021-06-09,TOS,34853,17585,17268,33960,463,430,ITI,ITI1,9,Toscana,Toscana,3729641,1487601,39.89,0.93
4202,2021-04-04,TOS,13930,6613,7317,13510,255,165,ITI,ITI1,9,Toscana,Toscana,3729641,1501531,40.26,0.37
4203,2021-08-06,TOS,32964,17675,15289,15346,17141,477,ITI,ITI1,9,Toscana,Toscana,3729641,1534495,41.14,0.88
4204,2021-03-23,TOS,9449,4414,5035,6961,2288,200,ITI,ITI1,9,Toscana,Toscana,3729641,1543944,41.4,0.25
4205,2020-12-30,TOS,327,104,223,326,0,1,ITI,ITI1,9,Toscana,Toscana,3729641,1544271,41.41,0.01
4206,2021-08-24,TOS,21888,11481,10407,12728,8296,864,ITI,ITI1,9,Toscana,Toscana,3729641,1566159,41.99,0.59
4207,2021-08-05,TOS,34757,18025,16732,12128,22256,373,ITI,ITI1,9,Toscana,Toscana,3729641,1600916,42.92,0.93
4208,2021-06-02,TOS,27614,13633,13981,21867,5512,235,ITI,ITI1,9,Toscana,Toscana,3729641,1628530,43.66,0.74
4209,2021-04-06,TOS,22252,9843,12409,18091,3742,419,ITI,ITI1,9,Toscana,Toscana,3729641,1650782,44.26,0.6
4210,2021-09-10,TOS,18025,9458,8567,5484,11925,616,ITI,ITI1,9,Toscana,Toscana,3729641,1668807,44.74,0.48
4211,2021-02-08,TOS,4132,1372,2760,3561,459,112,ITI,ITI1,9,Toscana,Toscana,3729641,1672939,44.86,0.11
4212,2021-07-15,TOS,31265,15303,15962,8094,22923,248,ITI,ITI1,9,Toscana,Toscana,3729641,1704204,45.69,0.84
4213,2021-05-19,TOS,27979,13589,14390,18644,9068,267,ITI,ITI1,9,Toscana,Toscana,3729641,1732183,46.44,0.75
4214,2021-04-13,TOS,8505,3513,4992,5741,2481,283,ITI,ITI1,9,Toscana,Toscana,3729641,1740688,46.67,0.23
4215,2021-08-22,TOS,18526,9967,8559,7307,10903,316,ITI,ITI1,9,Toscana,Toscana,3729641,1759214,47.17,0.5
4216,2021-02-20,TOS,4724,1815,2909,4051,537,136,ITI,ITI1,9,Toscana,Toscana,3729641,1763938,47.3,0.13
4217,2021-05-31,TOS,30361,14652,15709,19270,10849,242,ITI,ITI1,9,Toscana,Toscana,3729641,1794299,48.11,0.81
4218,2021-05-14,TOS,33406,15461,17945,20023,12741,642,ITI,ITI1,9,Toscana,Toscana,3729641,1827705,49.0,0.9
4219,2021-09-05,TOS,15148,8038,7110,6342,8281,525,ITI,ITI1,9,Toscana,Toscana,3729641,1842853,49.41,0.41
4220,2021-02-06,TOS,4539,1555,2984,1270,3236,33,ITI,ITI1,9,Toscana,Toscana,3729641,1847392,49.53,0.12
4221,2021-09-12,TOS,18257,9465,8792,4295,13410,552,ITI,ITI1,9,Toscana,Toscana,3729641,1865649,50.02,0.49
4222,2021-07-17,TOS,27761,14345,13416,8963,18557,241,ITI,ITI1,9,Toscana,Toscana,3729641,1893410,50.77,0.74
4223,2021-06-21,TOS,31210,15500,15710,18143,12801,266,ITI,ITI1,9,Toscana,Toscana,3729641,1924620,51.6,0.84
4224,2021-01-06,TOS,4614,1503,3111,4562,0,52,ITI,ITI1,9,Toscana,Toscana,3729641,1929234,51.73,0.12
4225,2021-03-11,TOS,16044,6416,9628,12486,3373,185,ITI,ITI1,9,Toscana,Toscana,3729641,1945278,52.16,0.43
4226,2021-06-19,TOS,26527,13932,12595,21396,4792,339,ITI,ITI1,9,Toscana,Toscana,3729641,1971805,52.87,0.71
4227,2021-03-16,TOS,4924,1889,3035,2584,2259,81,ITI,ITI1,9,Toscana,Toscana,3729641,1976729,53.0,0.13
4228,2021-02-27,TOS,2000,763,1237,1019,903,78,ITI,ITI1,9,Toscana,Toscana,3729641,1978729,53.05,0.05
4229,2021-06-07,TOS,34980,17164,17816,30977,3655,348,ITI,ITI1,9,Toscana,Toscana,3729641,2013709,53.99,0.94
4230,2021-08-10,TOS,25936,13492,12444,16355,8933,648,ITI,ITI1,9,Toscana,Toscana,3729641,2039645,54.69,0.7
4231,2021-02-25,TOS,10648,4315,6333,9484,995,169,ITI,ITI1,9,Toscana,Toscana,3729641,2050293,54.97,0.29
4232,2021-06-28,TOS,37708,18146,19562,8436,29102,170,ITI,ITI1,9,Toscana,Toscana,3729641,2088001,55.98,1.01
4233,2021-01-20,TOS,1346,644,702,1034,249,63,ITI,ITI1,9,Toscana,Toscana,3729641,2089347,56.02,0.04
4234,2021-04-30,TOS,40253,17814,22439,19653,19954,646,ITI,ITI1,9,Toscana,Toscana,3729641,2129600,57.1,1.08
4235,2021-05-12,TOS,34235,15591,18644,13584,20065,586,ITI,ITI1,9,Toscana,Toscana,3729641,2163835,58.02,0.92
4236,2021-01-18,TOS,1127,639,488,979,98,50,ITI,ITI1,9,Toscana,Toscana,3729641,2164962,58.05,0.03
4237,2021-02-01,TOS,5524,1962,3562,520,4994,10,ITI,ITI1,9,Toscana,Toscana,3729641,2170486,58.2,0.15
4238,2021-04-27,TOS,10377,4927,5450,3667,6506,204,ITI,ITI1,9,Toscana,Toscana,3729641,2180863,58.47,0.28
4239,2021-07-19,TOS,38039,18960,19079,8806,28943,290,ITI,ITI1,9,Toscana,Toscana,3729641,2218902,59.49,1.02
4240,2021-07-22,TOS,39404,19805,19599,4481,34753,170,ITI,ITI1,9,Toscana,Toscana,3729641,2258306,60.55,1.06
4241,2021-05-26,TOS,35627,17118,18509,20149,15222,256,ITI,ITI1,9,Toscana,Toscana,3729641,2293933,61.51,0.96
4242,2021-03-30,TOS,17040,7644,9396,13268,3574,198,ITI,ITI1,9,Toscana,Toscana,3729641,2310973,61.96,0.46
4243,2021-09-03,TOS,14163,7399,6764,7540,5917,706,ITI,ITI1,9,Toscana,Toscana,3729641,2325136,62.34,0.38
4244,2021-07-08,TOS,21098,10372,10726,9268,11589,241,ITI,ITI1,9,Toscana,Toscana,3729641,2346234,62.91,0.57
4245,2021-02-05,TOS,5770,2250,3520,1905,3831,34,ITI,ITI1,9,Toscana,Toscana,3729641,2352004,63.06,0.15
4246,2021-05-16,TOS,26693,12896,13797,23927,2470,296,ITI,ITI1,9,Toscana,Toscana,3729641,2378697,63.78,0.72
4247,2021-05-11,TOS,27972,12997,14975,12102,15490,380,ITI,ITI1,9,Toscana,Toscana,3729641,2406669,64.53,0.75
4248,2021-08-19,TOS,24203,12838,11365,11916,11655,632,ITI,ITI1,9,Toscana,Toscana,3729641,2430872,65.18,0.65
4249,2021-03-13,TOS,9313,3317,5996,5190,3968,155,ITI,ITI1,9,Toscana,Toscana,3729641,2440185,65.43,0.25
4250,2021-07-14,TOS,28962,14294,14668,8604,20099,259,ITI,ITI1,9,Toscana,Toscana,3729641,2469147,66.2,0.78
4251,2021-01-29,TOS,6150,1702,4448,290,5848,12,ITI,ITI1,9,Toscana,Toscana,3729641,2475297,66.37,0.16
4252,2021-05-09,TOS,22557,9785,12772,9413,12882,262,ITI,ITI1,9,Toscana,Toscana,3729641,2497854,66.97,0.6
4253,2021-08-26,TOS,18584,9740,8844,9497,8365,722,ITI,ITI1,9,Toscana,Toscana,3729641,2516438,67.47,0.5
4254,2021-06-11,TOS,29764,15502,14262,24737,4661,366,ITI,ITI1,9,Toscana,Toscana,3729641,2546202,68.27,0.8
4255,2021-04-15,TOS,24509,10242,14267,15354,8624,531,ITI,ITI1,9,Toscana,Toscana,3729641,2570711,68.93,0.66
4256,2021-02-17,TOS,8228,3193,5035,7349,754,125,ITI,ITI1,9,Toscana,Toscana,3729641,2578939,69.15,0.22
4257,2021-07-24,TOS,38456,19376,19080,6848,31376,232,ITI,ITI1,9,Toscana,Toscana,3729641,2617395,70.18,1.03
4258,2021-05-21,TOS,28962,13504,15458,17228,11477,257,ITI,ITI1,9,Toscana,Toscana,3729641,2646357,70.95,0.78
4259,2021-08-29,TOS,16996,8984,8012,7579,8834,583,ITI,ITI1,9,Toscana,Toscana,3729641,2663353,71.41,0.46
4260,2021-03-01,TOS,4476,1732,2744,766,3643,67,ITI,ITI1,9,Toscana,Toscana,3729641,2667829,71.53,0.12
4261,2021-05-23,TOS,28442,13678,14764,25611,2562,269,ITI,ITI1,9,Toscana,Toscana,3729641,2696271,72.29,0.76
4262,2021-08-31,TOS,20912,10893,10019,11382,8781,749,ITI,ITI1,9,Toscana,Toscana,3729641,2717183,72.85,0.56
4263,2021-08-14,TOS,22392,12223,10169,10457,11516,419,ITI,ITI1,9,Toscana,Toscana,3729641,2739575,73.45,0.6
4264,2021-08-12,TOS,25850,13450,12400,14310,10896,644,ITI,ITI1,9,Toscana,Toscana,3729641,2765425,74.15,0.69
4265,2021-07-26,TOS,38303,19867,18436,10084,27909,310,ITI,ITI1,9,Toscana,Toscana,3729641,2803728,75.17,1.03
4266,2021-02-10,TOS,4315,1309,3006,3633,526,156,ITI,ITI1,9,Toscana,Toscana,3729641,2808043,75.29,0.12
4267,2021-04-25,TOS,11067,5252,5815,8759,2146,162,ITI,ITI1,9,Toscana,Toscana,3729641,2819110,75.59,0.3
4268,2021-08-03,TOS,36359,18930,17429,12171,23810,378,ITI,ITI1,9,Toscana,Toscana,3729641,2855469,76.56,0.97
4269,2021-01-13,TOS,4126,1423,2703,4061,0,65,ITI,ITI1,9,Toscana,Toscana,3729641,2859595,76.67,0.11
4270,2021-04-23,TOS,25684,11434,14250,8799,16354,531,ITI,ITI1,9,Toscana,Toscana,3729641,2885279,77.36,0.69
4271,2021-01-17,TOS,2542,871,1671,1993,514,35,ITI,ITI1,9,Toscana,Toscana,3729641,2887821,77.43,0.07
4272,2021-07-05,TOS,30532,15094,15438,10340,19960,232,ITI,ITI1,9,Toscana,Toscana,3729641,2918353,78.25,0.82
4273,2021-03-08,TOS,6742,2960,3782,1865,4830,47,ITI,ITI1,9,Toscana,Toscana,3729641,2925095,78.43,0.18
4274,2021-06-16,TOS,31800,16280,15520,26287,5189,324,ITI,ITI1,9,Toscana,Toscana,3729641,2956895,79.28,0.85
4275,2021-05-30,TOS,28706,13958,14748,21510,6954,242,ITI,ITI1,9,Toscana,Toscana,3729641,2985601,80.05,0.77
4276,2021-09-07,TOS,18912,9791,9121,6725,11555,632,ITI,ITI1,9,Toscana,Toscana,3729641,3004513,80.56,0.51
4277,2021-01-01,TOS,2410,814,1596,2364,0,46,ITI,ITI1,9,Toscana,Toscana,3729641,3006923,80.62,0.06
4278,2021-04-11,TOS,3641,1680,1961,3331,155,155,ITI,ITI1,9,Toscana,Toscana,3729641,3010564,80.72,0.1
4279,2021-07-03,TOS,29437,14831,14606,11876,17176,385,ITI,ITI1,9,Toscana,Toscana,3729641,3040001,81.51,0.79
4280,2021-08-07,TOS,30477,16296,14181,14219,15771,487,ITI,ITI1,9,Toscana,Toscana,3729641,3070478,82.33,0.82
4281,2021-03-06,TOS,7137,2859,4278,2849,4203,85,ITI,ITI1,9,Toscana,Toscana,3729641,3077615,82.52,0.19
4282,2021-08-21,TOS,17986,9959,8027,8149,9458,379,ITI,ITI1,9,Toscana,Toscana,3729641,3095601,83.0,0.48
4283,2021-02-03,TOS,4227,1452,2775,236,3987,4,ITI,ITI1,9,Toscana,Toscana,3729641,3099828,83.11,0.11
4284,2021-01-15,TOS,3916,1362,2554,3856,0,60,ITI,ITI1,9,Toscana,Toscana,3729641,3103744,83.22,0.1
4285,2020-12-27,TOS,629,275,354,624,0,5,ITI,ITI1,9,Toscana,Toscana,3729641,3104373,83.24,0.02
4286,2021-08-02,TOS,35312,18089,17223,13360,21557,395,ITI,ITI1,9,Toscana,Toscana,3729641,3139685,84.18,0.95
4287,2021-01-03,TOS,3364,1070,2294,3317,0,47,ITI,ITI1,9,Toscana,Toscana,3729641,3143049,84.27,0.09
4288,2021-05-04,TOS,18329,8220,10109,12414,5470,445,ITI,ITI1,9,Toscana,Toscana,3729641,3161378,84.76,0.49
4289,2021-02-12,TOS,7682,2719,4963,7355,213,114,ITI,ITI1,9,Toscana,Toscana,3729641,3169060,84.97,0.21
4290,2021-07-16,TOS,27688,14052,13636,7704,19730,254,ITI,ITI1,9,Toscana,Toscana,3729641,3196748,85.71,0.74
4291,2021-05-20,TOS,29788,13929,15859,18642,10861,285,ITI,ITI1,9,Toscana,Toscana,3729641,3226536,86.51,0.8
4292,2021-08-28,TOS,15796,8508,7288,6377,8965,454,ITI,ITI1,9,Toscana,Toscana,3729641,3242332,86.93,0.42
4293,2021-01-31,TOS,3052,1131,1921,100,2949,3,ITI,ITI1,9,Toscana,Toscana,3729641,3245384,87.02,0.08
4294,2021-07-04,TOS,31551,15322,16229,9361,21891,299,ITI,ITI1,9,Toscana,Toscana,3729641,3276935,87.86,0.85
4295,2020-12-31,TOS,802,201,601,798,0,4,ITI,ITI1,9,Toscana,Toscana,3729641,3277737,87.88,0.02
4296,2021-04-10,TOS,11715,5345,6370,10735,742,238,ITI,ITI1,9,Toscana,Toscana,3729641,3289452,88.2,0.31
4297,2021-09-02,TOS,18083,9435,8648,11057,6111,915,ITI,ITI1,9,Toscana,Toscana,3729641,3307535,88.68,0.48
4298,2021-03-20,TOS,6593,2979,3614,5363,1139,91,ITI,ITI1,9,Toscana,Toscana,3729641,3314128,88.86,0.18
4299,2021-01-22,TOS,2867,1064,1803,526,2338,3,ITI,ITI1,9,Toscana,Toscana,3729641,3316995,88.94,0.08
4300,2021-07-07,TOS,25647,12610,13037,9332,16122,193,ITI,ITI1,9,Toscana,Toscana,3729641,3342642,89.62,0.69
4301,2021-09-09,TOS,20018,10267,9751,6894,12194,930,ITI,ITI1,9,Toscana,Toscana,3729641,3362660,90.16,0.54
4302,2021-06-18,TOS,30831,16269,14562,25004,5411,416,ITI,ITI1,9,Toscana,Toscana,3729641,3393491,90.99,0.83
4303,2021-03-25,TOS,23989,10409,13580,15319,8408,262,ITI,ITI1,9,Toscana,Toscana,3729641,3417480,91.63,0.64
4304,2021-04-12,TOS,2631,1195,1436,1806,656,169,ITI,ITI1,9,Toscana,Toscana,3729641,3420111,91.7,0.07
4305,2021-05-28,TOS,30155,13959,16196,17431,12493,231,ITI,ITI1,9,Toscana,Toscana,3729641,3450266,92.51,0.81
4306,2021-04-22,TOS,35789,15317,20472,17402,17559,828,ITI,ITI1,9,Toscana,Toscana,3729641,3486055,93.47,0.96
4307,2021-02-24,TOS,10408,4489,5919,10070,198,140,ITI,ITI1,9,Toscana,Toscana,3729641,3496463,93.75,0.28
4308,2021-07-31,TOS,35848,19220,16628,12372,23020,456,ITI,ITI1,9,Toscana,Toscana,3729641,3532311,94.71,0.96
4309,2021-06-04,TOS,28343,13452,14891,20262,7811,270,ITI,ITI1,9,Toscana,Toscana,3729641,3560654,95.47,0.76
4310,2021-04-08,TOS,29817,12614,17203,22999,6449,369,ITI,ITI1,9,Toscana,Toscana,3729641,3590471,96.27,0.8
4311,2021-02-15,TOS,8866,3407,5459,7866,828,172,ITI,ITI1,9,Toscana,Toscana,3729641,3599337,96.51,0.24
4312,2021-02-22,TOS,9891,4276,5615,9236,277,378,ITI,ITI1,9,Toscana,Toscana,3729641,3609228,96.77,0.27
4313,2021-05-08,TOS,29193,13132,16061,13263,15529,401,ITI,ITI1,9,Toscana,Toscana,3729641,3638421,97.55,0.78
4314,2021-03-12,TOS,17049,6645,10404,13322,3532,195,ITI,ITI1,9,Toscana,Toscana,3729641,3655470,98.01,0.46
4315,2021-08-16,TOS,30009,15752,14257,16605,12701,703,ITI,ITI1,9,Toscana,Toscana,3729641,3685479,98.82,0.8
4316,2021-01-14,TOS,3285,1186,2099,3249,0,36,ITI,ITI1,9,Toscana,Toscana,3729641,3688764,98.9,0.09
4317,2021-06-20,TOS,25188,12489,12699,15422,9522,244,ITI,ITI1,9,Toscana,Toscana,3729641,3713952,99.58,0.68
4318,2021-04-24,TOS,13452,6175,7277,5622,7461,369,ITI,ITI1,9,Toscana,Toscana,3729641,3727404,99.94,0.36
4319,2021-03-03,TOS,18232,6537,11695,14495,3609,128,ITI,ITI1,9,Toscana,Toscana,3729641,3745636,100.43,0.49
4320,2021-01-05,TOS,5386,1835,3551,5326,0,60,ITI,ITI1,9,Toscana,Toscana,3729641,3751022,100.57,0.14
4321,2021-01-19,TOS,1116,535,581,1074,0,42,ITI,ITI1,9,Toscana,Toscana,3729641,3752138,100.6,0.03
4322,2021-04-05,TOS,15288,6826,8462,14371,737,180,ITI,ITI1,9,Toscana,Toscana,3729641,3767426,101.01,0.41
4323,2021-02-07,TOS,2818,958,1860,872,1926,20,ITI,ITI1,9,Toscana,Toscana,3729641,3770244,101.09,0.08
4324,2021-07-23,TOS,38464,19308,19156,4386,33921,157,ITI,ITI1,9,Toscana,Toscana,3729641,3808708,102.12,1.03
4325,2021-05-18,TOS,28853,14281,14572,19765,8835,253,ITI,ITI1,9,Toscana,Toscana,3729641,3837561,102.89,0.77
4326,2021-07-28,TOS,38579,20171,18408,12108,26132,339,ITI,ITI1,9,Toscana,Toscana,3729641,3876140,103.93,1.03
4327,2021-01-26,TOS,5400,1795,3605,218,5178,4,ITI,ITI1,9,Toscana,Toscana,3729641,3881540,104.07,0.14
4328,2021-05-06,TOS,31437,13674,17763,13451,17291,695,ITI,ITI1,9,Toscana,Toscana,3729641,3912977,104.92,0.84
4329,2021-04-19,TOS,9105,4516,4589,7754,1034,317,ITI,ITI1,9,Toscana,Toscana,3729641,3922082,105.16,0.24
4330,2021-04-17,TOS,20584,9232,11352,17948,2146,490,ITI,ITI1,9,Toscana,Toscana,3729641,3942666,105.71,0.55
4331,2021-03-27,TOS,8866,4156,4710,8512,216,138,ITI,ITI1,9,Toscana,Toscana,3729641,3951532,105.95,0.24
4332,2021-06-30,TOS,38288,18527,19761,8462,29606,220,ITI,ITI1,9,Toscana,Toscana,3729641,3989820,106.98,1.03
4333,2021-02-14,TOS,9064,2587,6477,8800,110,154,ITI,ITI1,9,Toscana,Toscana,3729641,3998884,107.22,0.24
4334,2021-08-23,TOS,22750,11818,10932,11480,10541,729,ITI,ITI1,9,Toscana,Toscana,3729641,4021634,107.83,0.61
4335,2021-02-19,TOS,8345,2968,5377,7652,513,180,ITI,ITI1,9,Toscana,Toscana,3729641,4029979,108.05,0.22
4336,2021-07-21,TOS,38516,19659,18857,7343,30936,237,ITI,ITI1,9,Toscana,Toscana,3729641,4068495,109.09,1.03
4337,2021-05-13,TOS,35201,15549,19652,13203,21357,641,ITI,ITI1,9,Toscana,Toscana,3729641,4103696,110.03,0.94
4338,2021-08-04,TOS,34856,18033,16823,11356,23080,420,ITI,ITI1,9,Toscana,Toscana,3729641,4138552,110.96,0.93
4339,2021-04-29,TOS,39395,17746,21649,18562,20169,664,ITI,ITI1,9,Toscana,Toscana,3729641,4177947,112.02,1.06
4340,2021-03-24,TOS,20047,8317,11730,10411,9491,145,ITI,ITI1,9,Toscana,Toscana,3729641,4197994,112.56,0.54
4341,2021-02-21,TOS,5165,2104,3061,4790,170,205,ITI,ITI1,9,Toscana,Toscana,3729641,4203159,112.7,0.14
4342,2021-08-11,TOS,27067,14196,12871,16912,9418,737,ITI,ITI1,9,Toscana,Toscana,3729641,4230226,113.42,0.73
4343,2021-01-12,TOS,3631,1417,2214,3558,0,73,ITI,ITI1,9,Toscana,Toscana,3729641,4233857,113.52,0.1
4344,2021-06-27,TOS,33310,16081,17229,5911,27265,134,ITI,ITI1,9,Toscana,Toscana,3729641,4267167,114.41,0.89
4345,2021-05-01,TOS,23342,10072,13270,13728,9229,385,ITI,ITI1,9,Toscana,Toscana,3729641,4290509,115.04,0.63
4346,2021-03-05,TOS,16906,6697,10209,11963,4761,182,ITI,ITI1,9,Toscana,Toscana,3729641,4307415,115.49,0.45
4347,2021-01-24,TOS,3349,1072,2277,196,3150,3,ITI,ITI1,9,Toscana,Toscana,3729641,4310764,115.58,0.09
4348,2021-01-07,TOS,6180,1840,4340,6092,0,88,ITI,ITI1,9,Toscana,Toscana,3729641,4316944,115.75,0.17
4349,2021-06-01,TOS,26966,13400,13566,22872,3838,256,ITI,ITI1,9,Toscana,Toscana,3729641,4343910,116.47,0.72
4350,2021-07-02,TOS,28316,14212,14104,10816,17202,298,ITI,ITI1,9,Toscana,Toscana,3729641,4372226,117.23,0.76
4351,2021-06-15,TOS,31236,16079,15157,26312,4575,349,ITI,ITI1,9,Toscana,Toscana,3729641,4403462,118.07,0.84
4352,2021-03-10,TOS,18418,7421,10997,14315,3997,106,ITI,ITI1,9,Toscana,Toscana,3729641,4421880,118.56,0.49
4353,2021-02-02,TOS,3745,1477,2268,187,3551,7,ITI,ITI1,9,Toscana,Toscana,3729641,4425625,118.66,0.1
4354,2021-05-25,TOS,34210,16517,17693,19293,14644,273,ITI,ITI1,9,Toscana,Toscana,3729641,4459835,119.58,0.92
4355,2021-03-29,TOS,9687,4844,4843,9201,350,136,ITI,ITI1,9,Toscana,Toscana,3729641,4469522,119.84,0.26
4356,2021-09-11,TOS,19069,9999,9070,5447,13002,620,ITI,ITI1,9,Toscana,Toscana,3729641,4488591,120.35,0.51
4357,2021-08-09,TOS,28981,14722,14259,18507,9764,710,ITI,ITI1,9,Toscana,Toscana,3729641,4517572,121.13,0.78
4358,2021-06-13,TOS,24622,12355,12267,22600,1659,363,ITI,ITI1,9,Toscana,Toscana,3729641,4542194,121.79,0.66
4359,2021-05-27,TOS,28385,13212,15173,13280,14883,222,ITI,ITI1,9,Toscana,Toscana,3729641,4570579,122.55,0.76
4360,2021-03-31,TOS,32802,13293,19509,20206,12253,343,ITI,ITI1,9,Toscana,Toscana,3729641,4603381,123.43,0.88
4361,2021-09-04,TOS,16675,8917,7758,7543,8368,764,ITI,ITI1,9,Toscana,Toscana,3729641,4620056,123.87,0.45
4362,2021-07-09,TOS,29147,14120,15027,7689,21260,198,ITI,ITI1,9,Toscana,Toscana,3729641,4649203,124.66,0.78
4363,2021-03-22,TOS,5261,2771,2490,4676,448,137,ITI,ITI1,9,Toscana,Toscana,3729641,4654464,124.8,0.14
4364,2021-01-25,TOS,5136,1895,3241,243,4889,4,ITI,ITI1,9,Toscana,Toscana,3729641,4659600,124.93,0.14
4365,2021-04-18,TOS,8372,4097,4275,7061,1035,276,ITI,ITI1,9,Toscana,Toscana,3729641,4667972,125.16,0.22
4366,2021-07-27,TOS,38739,20142,18597,11270,27120,349,ITI,ITI1,9,Toscana,Toscana,3729641,4706711,126.2,1.04
4367,2021-07-10,TOS,29317,14188,15129,7952,21175,190,ITI,ITI1,9,Toscana,Toscana,3729641,4736028,126.98,0.79
4368,2021-05-07,TOS,32191,14720,17471,11349,20227,615,ITI,ITI1,9,Toscana,Toscana,3729641,4768219,127.85,0.86
4369,2021-08-15,TOS,14689,7761,6928,5269,9236,184,ITI,ITI1,9,Toscana,Toscana,3729641,4782908,128.24,0.39
4370,2021-07-29,TOS,39417,20535,18882,12611,26458,348,ITI,ITI1,9,Toscana,Toscana,3729641,4822325,129.3,1.06
4371,2021-02-13,TOS,7869,2390,5479,7493,227,149,ITI,ITI1,9,Toscana,Toscana,3729641,4830194,129.51,0.21
4372,2021-01-08,TOS,6063,1695,4368,5970,0,93,ITI,ITI1,9,Toscana,Toscana,3729641,4836257,129.67,0.16
4373,2021-07-12,TOS,28289,14008,14281,9664,18321,304,ITI,ITI1,9,Toscana,Toscana,3729641,4864546,130.43,0.76
4374,2021-04-01,TOS,27170,11271,15899,16193,10735,242,ITI,ITI1,9,Toscana,Toscana,3729641,4891716,131.16,0.73
4375,2021-03-15,TOS,8703,3646,5057,4080,4449,174,ITI,ITI1,9,Toscana,Toscana,3729641,4900419,131.39,0.23
4376,2021-06-23,TOS,31584,15317,16267,19820,11398,366,ITI,ITI1,9,Toscana,Toscana,3729641,4932003,132.24,0.85
4377,2021-01-10,TOS,3036,1123,1913,2982,0,54,ITI,ITI1,9,Toscana,Toscana,3729641,4935039,132.32,0.08
4378,2021-04-20,TOS,18164,8111,10053,12207,5593,364,ITI,ITI1,9,Toscana,Toscana,3729641,4953203,132.81,0.49
4379,2021-04-03,TOS,15018,6647,8371,13679,1123,216,ITI,ITI1,9,Toscana,Toscana,3729641,4968221,133.21,0.4
4380,2021-01-27,TOS,4836,1574,3262,199,4632,5,ITI,ITI1,9,Toscana,Toscana,3729641,4973057,133.34,0.13
4381,2021-08-30,TOS,24787,12540,12247,13123,10537,1127,ITI,ITI1,9,Toscana,Toscana,3729641,4997844,134.0,0.66
4382,2021-03-17,TOS,11449,4600,6849,6818,4537,94,ITI,ITI1,9,Toscana,Toscana,3729641,5009293,134.31,0.31
4383,2021-06-25,TOS,33654,16832,16822,12105,21266,283,ITI,ITI1,9,Toscana,Toscana,3729641,5042947,135.21,0.9
4384,2021-06-08,TOS,32612,16730,15882,31735,492,385,ITI,ITI1,9,Toscana,Toscana,3729641,5075559,136.09,0.87
4385,2021-02-26,TOS,10106,3849,6257,8676,1211,219,ITI,ITI1,9,Toscana,Toscana,3729641,5085665,136.36,0.27
4386,2021-06-06,TOS,28330,13665,14665,22589,5373,368,ITI,ITI1,9,Toscana,Toscana,3729641,5113995,137.12,0.76
4387,2021-07-18,VEN,37722,19763,17959,3847,33625,250,ITH,ITH3,5,Veneto,Veneto,4905854,37722,0.77,0.77
4388,2021-02-25,VEN,7904,3345,4559,7158,607,139,ITH,ITH3,5,Veneto,Veneto,4905854,45626,0.93,0.16
4389,2021-04-09,VEN,31206,13768,17438,21913,8350,943,ITH,ITH3,5,Veneto,Veneto,4905854,76832,1.57,0.64
4390,2021-09-13,VEN,25473,14152,11321,3110,22058,305,ITH,ITH3,5,Veneto,Veneto,4905854,102305,2.09,0.52
4391,2021-06-05,VEN,46888,24153,22735,37325,8105,1458,ITH,ITH3,5,Veneto,Veneto,4905854,149193,3.04,0.96
4392,2021-06-17,VEN,51784,25945,25839,25567,25066,1151,ITH,ITH3,5,Veneto,Veneto,4905854,200977,4.1,1.06
4393,2021-03-09,VEN,16566,7459,9107,9828,6338,400,ITH,ITH3,5,Veneto,Veneto,4905854,217543,4.43,0.34
4394,2021-09-08,VEN,27850,14704,13146,5291,21758,801,ITH,ITH3,5,Veneto,Veneto,4905854,245393,5.0,0.57
4395,2021-05-31,VEN,31655,16246,15409,20886,9936,833,ITH,ITH3,5,Veneto,Veneto,4905854,277048,5.65,0.65
4396,2021-03-26,VEN,29618,13163,16455,23280,5469,869,ITH,ITH3,5,Veneto,Veneto,4905854,306666,6.25,0.6
4397,2021-08-13,VEN,24465,13833,10632,18324,5371,770,ITH,ITH3,5,Veneto,Veneto,4905854,331131,6.75,0.5
4398,2021-08-27,VEN,26737,14303,12434,8246,17911,580,ITH,ITH3,5,Veneto,Veneto,4905854,357868,7.29,0.55
4399,2021-05-05,VEN,44417,21283,23134,36224,6562,1631,ITH,ITH3,5,Veneto,Veneto,4905854,402285,8.2,0.91
4400,2021-07-01,VEN,51014,26057,24957,20695,29309,1010,ITH,ITH3,5,Veneto,Veneto,4905854,453299,9.24,1.04
4401,2021-07-27,VEN,42278,22194,20084,11800,30044,434,ITH,ITH3,5,Veneto,Veneto,4905854,495577,10.1,0.86
4402,2021-08-01,VEN,27915,14943,12972,11050,16355,510,ITH,ITH3,5,Veneto,Veneto,4905854,523492,10.67,0.57
4403,2021-04-23,VEN,31321,13862,17459,21443,8711,1167,ITH,ITH3,5,Veneto,Veneto,4905854,554813,11.31,0.64
4404,2021-01-11,VEN,7244,2102,5142,7243,0,1,ITH,ITH3,5,Veneto,Veneto,4905854,562057,11.46,0.15
4405,2021-04-21,VEN,32409,13205,19204,15566,16065,778,ITH,ITH3,5,Veneto,Veneto,4905854,594466,12.12,0.66
4406,2021-05-22,VEN,34845,16711,18134,12720,21453,672,ITH,ITH3,5,Veneto,Veneto,4905854,629311,12.83,0.71
4407,2021-02-11,VEN,4015,1238,2777,3349,628,38,ITH,ITH3,5,Veneto,Veneto,4905854,633326,12.91,0.08
4408,2021-01-28,VEN,9216,2666,6550,169,9045,2,ITH,ITH3,5,Veneto,Veneto,4905854,642542,13.1,0.19
4409,2021-07-13,VEN,43577,22615,20962,5422,37846,309,ITH,ITH3,5,Veneto,Veneto,4905854,686119,13.99,0.89
4410,2021-04-04,VEN,7790,3535,4255,6514,1148,128,ITH,ITH3,5,Veneto,Veneto,4905854,693909,14.14,0.16
4411,2021-05-17,VEN,26553,13002,13551,15650,10079,824,ITH,ITH3,5,Veneto,Veneto,4905854,720462,14.69,0.54
4412,2021-02-06,VEN,4099,1354,2745,708,3391,0,ITH,ITH3,5,Veneto,Veneto,4905854,724561,14.77,0.08
4413,2021-08-25,VEN,20069,10885,9184,8028,11460,581,ITH,ITH3,5,Veneto,Veneto,4905854,744630,15.18,0.41
4414,2021-02-23,VEN,7384,3253,4131,7028,270,86,ITH,ITH3,5,Veneto,Veneto,4905854,752014,15.33,0.15
4415,2021-01-23,VEN,4057,1250,2807,31,4026,0,ITH,ITH3,5,Veneto,Veneto,4905854,756071,15.41,0.08
4416,2021-06-29,VEN,45587,22739,22848,19049,25848,690,ITH,ITH3,5,Veneto,Veneto,4905854,801658,16.34,0.93
4417,2021-03-21,VEN,11992,4756,7236,8286,3466,240,ITH,ITH3,5,Veneto,Veneto,4905854,813650,16.59,0.24
4418,2021-01-16,VEN,4612,1542,3070,4612,0,0,ITH,ITH3,5,Veneto,Veneto,4905854,818262,16.68,0.09
4419,2021-06-12,VEN,48706,24503,24203,36403,10833,1470,ITH,ITH3,5,Veneto,Veneto,4905854,866968,17.67,0.99
4420,2021-03-28,VEN,31315,13610,17705,26883,3615,817,ITH,ITH3,5,Veneto,Veneto,4905854,898283,18.31,0.64
4421,2021-06-19,VEN,49307,25084,24223,25677,22599,1031,ITH,ITH3,5,Veneto,Veneto,4905854,947590,19.32,1.01
4422,2021-07-06,VEN,36155,18628,17527,13205,22314,636,ITH,ITH3,5,Veneto,Veneto,4905854,983745,20.05,0.74
4423,2021-04-14,VEN,15947,6917,9030,8769,6634,544,ITH,ITH3,5,Veneto,Veneto,4905854,999692,20.38,0.33
4424,2021-01-04,VEN,6740,2037,4703,6738,0,2,ITH,ITH3,5,Veneto,Veneto,4905854,1006432,20.51,0.14
4425,2021-03-02,VEN,11498,4628,6870,7935,3312,251,ITH,ITH3,5,Veneto,Veneto,4905854,1017930,20.75,0.23
4426,2021-06-10,VEN,52414,27045,25369,41325,9382,1707,ITH,ITH3,5,Veneto,Veneto,4905854,1070344,21.82,1.07
4427,2021-04-02,VEN,24121,10635,13486,17146,6332,643,ITH,ITH3,5,Veneto,Veneto,4905854,1094465,22.31,0.49
4428,2021-05-12,VEN,37014,17921,19093,30260,5128,1626,ITH,ITH3,5,Veneto,Veneto,4905854,1131479,23.06,0.75
4429,2021-07-08,VEN,46732,24317,22415,4506,41925,301,ITH,ITH3,5,Veneto,Veneto,4905854,1178211,24.02,0.95
4430,2021-06-24,VEN,56227,28478,27749,17633,37905,689,ITH,ITH3,5,Veneto,Veneto,4905854,1234438,25.16,1.15
4431,2021-03-16,VEN,12538,5358,7180,6633,5626,279,ITH,ITH3,5,Veneto,Veneto,4905854,1246976,25.42,0.26
4432,2021-08-20,VEN,19467,10546,8921,11303,7582,582,ITH,ITH3,5,Veneto,Veneto,4905854,1266443,25.81,0.4
4433,2021-02-16,VEN,6644,2870,3774,6439,176,29,ITH,ITH3,5,Veneto,Veneto,4905854,1273087,25.95,0.14
4434,2021-05-29,VEN,33067,16702,16365,24245,7700,1122,ITH,ITH3,5,Veneto,Veneto,4905854,1306154,26.62,0.67
4435,2021-02-18,VEN,5833,2456,3377,5730,64,39,ITH,ITH3,5,Veneto,Veneto,4905854,1311987,26.74,0.12
4436,2021-07-25,VEN,33204,17545,15659,10848,21891,465,ITH,ITH3,5,Veneto,Veneto,4905854,1345191,27.42,0.68
4437,2021-04-16,VEN,24472,10504,13968,11894,11894,684,ITH,ITH3,5,Veneto,Veneto,4905854,1369663,27.92,0.5
4438,2021-09-01,VEN,21020,10753,10267,7627,12639,754,ITH,ITH3,5,Veneto,Veneto,4905854,1390683,28.35,0.43
4439,2021-05-24,VEN,33094,16435,16659,7631,25054,409,ITH,ITH3,5,Veneto,Veneto,4905854,1423777,29.02,0.67
4440,2021-08-15,VEN,3106,1763,1343,2617,426,63,ITH,ITH3,5,Veneto,Veneto,4905854,1426883,29.09,0.06
4441,2021-01-09,VEN,7937,2539,5398,7932,0,5,ITH,ITH3,5,Veneto,Veneto,4905854,1434820,29.25,0.16
4442,2021-03-18,VEN,12626,5145,7481,7037,5236,353,ITH,ITH3,5,Veneto,Veneto,4905854,1447446,29.5,0.26
4443,2021-03-14,VEN,15187,5945,9242,13843,894,450,ITH,ITH3,5,Veneto,Veneto,4905854,1462633,29.81,0.31
4444,2021-05-10,VEN,36522,17087,19435,25419,9856,1247,ITH,ITH3,5,Veneto,Veneto,4905854,1499155,30.56,0.74
4445,2021-01-30,VEN,8769,2684,6085,690,8079,0,ITH,ITH3,5,Veneto,Veneto,4905854,1507924,30.74,0.18
4446,2021-03-07,VEN,4495,1769,2726,3862,561,72,ITH,ITH3,5,Veneto,Veneto,4905854,1512419,30.83,0.09
4447,2021-08-06,VEN,38344,20929,17415,19882,17595,867,ITH,ITH3,5,Veneto,Veneto,4905854,1550763,31.61,0.78
4448,2021-04-28,VEN,32466,15198,17268,22250,9024,1192,ITH,ITH3,5,Veneto,Veneto,4905854,1583229,32.27,0.66
4449,2021-07-20,VEN,44379,23691,20688,6880,36991,508,ITH,ITH3,5,Veneto,Veneto,4905854,1627608,33.18,0.9
4450,2021-01-18,VEN,2766,778,1988,2560,201,5,ITH,ITH3,5,Veneto,Veneto,4905854,1630374,33.23,0.06
4451,2021-02-04,VEN,7397,2029,5368,550,6846,1,ITH,ITH3,5,Veneto,Veneto,4905854,1637771,33.38,0.15
4452,2021-08-08,VEN,20534,11403,9131,10681,9544,309,ITH,ITH3,5,Veneto,Veneto,4905854,1658305,33.8,0.42
4453,2021-05-02,VEN,37247,17266,19981,25605,10331,1311,ITH,ITH3,5,Veneto,Veneto,4905854,1695552,34.56,0.76
4454,2021-06-14,VEN,42633,21562,21071,26296,15321,1016,ITH,ITH3,5,Veneto,Veneto,4905854,1738185,35.43,0.87
4455,2021-03-06,VEN,10687,4357,6330,7216,3280,191,ITH,ITH3,5,Veneto,Veneto,4905854,1748872,35.65,0.22
4456,2021-08-10,VEN,28499,15636,12863,16413,11479,607,ITH,ITH3,5,Veneto,Veneto,4905854,1777371,36.23,0.58
4457,2020-12-30,VEN,699,245,454,699,0,0,ITH,ITH3,5,Veneto,Veneto,4905854,1778070,36.24,0.01
4458,2021-08-22,VEN,9253,5047,4206,5870,3107,276,ITH,ITH3,5,Veneto,Veneto,4905854,1787323,36.43,0.19
4459,2021-05-14,VEN,46834,22277,24557,24287,20961,1586,ITH,ITH3,5,Veneto,Veneto,4905854,1834157,37.39,0.95
4460,2021-02-20,VEN,6433,2019,4414,6277,75,81,ITH,ITH3,5,Veneto,Veneto,4905854,1840590,37.52,0.13
4461,2021-06-02,VEN,20318,10239,10079,15347,4347,624,ITH,ITH3,5,Veneto,Veneto,4905854,1860908,37.93,0.41
4462,2021-08-24,VEN,19895,10608,9287,8898,10462,535,ITH,ITH3,5,Veneto,Veneto,4905854,1880803,38.34,0.41
4463,2021-09-10,VEN,28142,15508,12634,4314,23399,429,ITH,ITH3,5,Veneto,Veneto,4905854,1908945,38.91,0.57
4464,2021-09-03,VEN,32059,17161,14898,7544,23717,798,ITH,ITH3,5,Veneto,Veneto,4905854,1941004,39.57,0.65
4465,2021-06-09,VEN,42840,21972,20868,33779,7506,1555,ITH,ITH3,5,Veneto,Veneto,4905854,1983844,40.44,0.87
4466,2021-06-28,VEN,47675,24128,23547,18421,28549,705,ITH,ITH3,5,Veneto,Veneto,4905854,2031519,41.41,0.97
4467,2021-01-25,VEN,6472,2077,4395,157,6315,0,ITH,ITH3,5,Veneto,Veneto,4905854,2037991,41.54,0.13
4468,2021-07-29,VEN,47544,25134,22410,20154,26545,845,ITH,ITH3,5,Veneto,Veneto,4905854,2085535,42.51,0.97
4469,2021-03-23,VEN,22240,10253,11987,16879,4718,643,ITH,ITH3,5,Veneto,Veneto,4905854,2107775,42.96,0.45
4470,2021-05-19,VEN,33162,15186,17976,16226,15995,941,ITH,ITH3,5,Veneto,Veneto,4905854,2140937,43.64,0.68
4471,2021-02-08,VEN,5007,1559,3448,1923,3078,6,ITH,ITH3,5,Veneto,Veneto,4905854,2145944,43.74,0.1
4472,2021-04-06,VEN,29033,13367,15666,23258,5046,729,ITH,ITH3,5,Veneto,Veneto,4905854,2174977,44.33,0.59
4473,2021-06-26,VEN,48091,24518,23573,13594,34006,491,ITH,ITH3,5,Veneto,Veneto,4905854,2223068,45.31,0.98
4474,2021-05-07,VEN,48655,23313,25342,37608,8683,2364,ITH,ITH3,5,Veneto,Veneto,4905854,2271723,46.31,0.99
4475,2021-01-27,VEN,7149,2069,5080,239,6909,1,ITH,ITH3,5,Veneto,Veneto,4905854,2278872,46.45,0.15
4476,2021-05-03,VEN,40711,19812,20899,32800,6439,1472,ITH,ITH3,5,Veneto,Veneto,4905854,2319583,47.28,0.83
4477,2021-05-28,VEN,46967,22978,23989,23674,22083,1210,ITH,ITH3,5,Veneto,Veneto,4905854,2366550,48.24,0.96
4478,2021-07-24,VEN,41710,22364,19346,13299,27775,636,ITH,ITH3,5,Veneto,Veneto,4905854,2408260,49.09,0.85
4479,2021-07-10,VEN,43199,23217,19982,6303,36543,353,ITH,ITH3,5,Veneto,Veneto,4905854,2451459,49.97,0.88
4480,2021-09-05,VEN,15194,8393,6801,3474,11428,292,ITH,ITH3,5,Veneto,Veneto,4905854,2466653,50.28,0.31
4481,2021-07-17,VEN,40615,21486,19129,4295,35975,345,ITH,ITH3,5,Veneto,Veneto,4905854,2507268,51.11,0.83
4482,2021-09-12,VEN,15319,8628,6691,2357,12802,160,ITH,ITH3,5,Veneto,Veneto,4905854,2522587,51.42,0.31
4483,2021-08-29,VEN,13395,7350,6045,4493,8578,324,ITH,ITH3,5,Veneto,Veneto,4905854,2535982,51.69,0.27
4484,2021-05-21,VEN,44865,22066,22799,19800,23957,1108,ITH,ITH3,5,Veneto,Veneto,4905854,2580847,52.61,0.91
4485,2021-08-12,VEN,24170,13084,11086,17296,6167,707,ITH,ITH3,5,Veneto,Veneto,4905854,2605017,53.1,0.49
4486,2021-06-07,VEN,44708,23325,21383,36178,7043,1487,ITH,ITH3,5,Veneto,Veneto,4905854,2649725,54.01,0.91
4487,2021-02-27,VEN,8994,2693,6301,7963,849,182,ITH,ITH3,5,Veneto,Veneto,4905854,2658719,54.19,0.18
4488,2021-03-04,VEN,12990,4890,8100,9119,3479,392,ITH,ITH3,5,Veneto,Veneto,4905854,2671709,54.46,0.26
4489,2021-03-11,VEN,19838,8893,10945,13795,5576,467,ITH,ITH3,5,Veneto,Veneto,4905854,2691547,54.86,0.4
4490,2021-08-05,VEN,39256,21448,17808,15716,22935,605,ITH,ITH3,5,Veneto,Veneto,4905854,2730803,55.66,0.8
4491,2021-04-18,VEN,17531,7262,10269,9506,7567,458,ITH,ITH3,5,Veneto,Veneto,4905854,2748334,56.02,0.36
4492,2021-01-08,VEN,9416,2837,6579,9402,0,14,ITH,ITH3,5,Veneto,Veneto,4905854,2757750,56.21,0.19
4493,2021-07-15,VEN,51447,26923,24524,6031,45037,379,ITH,ITH3,5,Veneto,Veneto,4905854,2809197,57.26,1.05
4494,2021-04-20,VEN,22469,9509,12960,7881,14011,577,ITH,ITH3,5,Veneto,Veneto,4905854,2831666,57.72,0.46
4495,2021-08-17,VEN,19264,10464,8800,11207,7595,462,ITH,ITH3,5,Veneto,Veneto,4905854,2850930,58.11,0.39
4496,2021-05-09,VEN,35091,16145,18946,23789,10055,1247,ITH,ITH3,5,Veneto,Veneto,4905854,2886021,58.83,0.72
4497,2021-05-26,VEN,31169,15236,15933,13990,16498,681,ITH,ITH3,5,Veneto,Veneto,4905854,2917190,59.46,0.64
4498,2021-08-31,VEN,19785,10457,9328,6984,12203,598,ITH,ITH3,5,Veneto,Veneto,4905854,2936975,59.87,0.4
4499,2021-03-01,VEN,9395,3717,5678,7410,1822,163,ITH,ITH3,5,Veneto,Veneto,4905854,2946370,60.06,0.19
4500,2021-07-12,VEN,43248,22783,20465,4014,38912,322,ITH,ITH3,5,Veneto,Veneto,4905854,2989618,60.94,0.88
4501,2021-04-03,VEN,21996,9647,12349,13868,7722,406,ITH,ITH3,5,Veneto,Veneto,4905854,3011614,61.39,0.45
4502,2021-02-01,VEN,8563,2502,6061,157,8406,0,ITH,ITH3,5,Veneto,Veneto,4905854,3020177,61.56,0.17
4503,2021-02-15,VEN,4392,1827,2565,4143,240,9,ITH,ITH3,5,Veneto,Veneto,4905854,3024569,61.65,0.09
4504,2021-03-30,VEN,36008,15318,20690,29733,5252,1023,ITH,ITH3,5,Veneto,Veneto,4905854,3060577,62.39,0.73
4505,2021-07-07,VEN,40985,21322,19663,15643,24545,797,ITH,ITH3,5,Veneto,Veneto,4905854,3101562,63.22,0.84
4506,2021-08-19,VEN,19562,10665,8897,12219,6813,530,ITH,ITH3,5,Veneto,Veneto,4905854,3121124,63.62,0.4
4507,2021-05-11,VEN,33210,16522,16688,27156,4729,1325,ITH,ITH3,5,Veneto,Veneto,4905854,3154334,64.3,0.68
4508,2021-01-22,VEN,1080,332,748,25,1055,0,ITH,ITH3,5,Veneto,Veneto,4905854,3155414,64.32,0.02
4509,2021-08-21,VEN,12192,6879,5313,8287,3386,519,ITH,ITH3,5,Veneto,Veneto,4905854,3167606,64.57,0.25
4510,2021-05-04,VEN,43033,20383,22650,33353,8034,1646,ITH,ITH3,5,Veneto,Veneto,4905854,3210639,65.45,0.88
4511,2021-01-24,VEN,4117,1219,2898,28,4089,0,ITH,ITH3,5,Veneto,Veneto,4905854,3214756,65.53,0.08
4512,2021-02-17,VEN,6022,2772,3250,5900,94,28,ITH,ITH3,5,Veneto,Veneto,4905854,3220778,65.65,0.12
4513,2021-04-01,VEN,25405,11197,14208,18211,6414,780,ITH,ITH3,5,Veneto,Veneto,4905854,3246183,66.17,0.52
4514,2021-04-15,VEN,20942,8654,12288,9362,10833,747,ITH,ITH3,5,Veneto,Veneto,4905854,3267125,66.6,0.43
4515,2021-01-05,VEN,7335,2186,5149,7333,0,2,ITH,ITH3,5,Veneto,Veneto,4905854,3274460,66.75,0.15
4516,2021-04-27,VEN,28213,12798,15415,20132,6916,1165,ITH,ITH3,5,Veneto,Veneto,4905854,3302673,67.32,0.58
4517,2021-01-17,VEN,1933,781,1152,1584,349,0,ITH,ITH3,5,Veneto,Veneto,4905854,3304606,67.36,0.04
4518,2021-02-03,VEN,5955,1672,4283,474,5477,4,ITH,ITH3,5,Veneto,Veneto,4905854,3310561,67.48,0.12
4519,2021-08-07,VEN,28949,16292,12657,16337,12068,544,ITH,ITH3,5,Veneto,Veneto,4905854,3339510,68.07,0.59
4520,2021-04-29,VEN,50335,23415,26920,35407,13185,1743,ITH,ITH3,5,Veneto,Veneto,4905854,3389845,69.1,1.03
4521,2021-07-21,VEN,43281,22341,20940,8698,34086,497,ITH,ITH3,5,Veneto,Veneto,4905854,3433126,69.98,0.88
4522,2021-02-05,VEN,8391,2541,5850,1407,6975,9,ITH,ITH3,5,Veneto,Veneto,4905854,3441517,70.15,0.17
4523,2021-02-22,VEN,7019,3044,3975,6581,391,47,ITH,ITH3,5,Veneto,Veneto,4905854,3448536,70.29,0.14
4524,2021-05-16,VEN,28422,14015,14407,20316,7081,1025,ITH,ITH3,5,Veneto,Veneto,4905854,3476958,70.87,0.58
4525,2021-08-09,VEN,34770,18644,16126,17139,16863,768,ITH,ITH3,5,Veneto,Veneto,4905854,3511728,71.58,0.71
4526,2021-08-26,VEN,22327,11895,10432,8324,13395,608,ITH,ITH3,5,Veneto,Veneto,4905854,3534055,72.04,0.46
4527,2021-01-13,VEN,5989,1606,4383,5986,0,3,ITH,ITH3,5,Veneto,Veneto,4905854,3540044,72.16,0.12
4528,2021-08-03,VEN,40738,21561,19177,17592,22429,717,ITH,ITH3,5,Veneto,Veneto,4905854,3580782,72.99,0.83
4529,2021-04-25,VEN,18336,8155,10181,12902,4836,598,ITH,ITH3,5,Veneto,Veneto,4905854,3599118,73.36,0.37
4530,2021-06-21,VEN,44339,22192,22147,20463,22968,908,ITH,ITH3,5,Veneto,Veneto,4905854,3643457,74.27,0.9
4531,2021-01-06,VEN,8142,2391,5751,8139,0,3,ITH,ITH3,5,Veneto,Veneto,4905854,3651599,74.43,0.17
4532,2021-06-23,VEN,49373,24460,24913,14554,34020,799,ITH,ITH3,5,Veneto,Veneto,4905854,3700972,75.44,1.01
4533,2021-03-20,VEN,13035,5393,7642,10657,2082,296,ITH,ITH3,5,Veneto,Veneto,4905854,3714007,75.71,0.27
4534,2021-01-10,VEN,5036,1673,3363,5035,0,1,ITH,ITH3,5,Veneto,Veneto,4905854,3719043,75.81,0.1
4535,2021-05-23,VEN,34492,16470,18022,10620,23400,472,ITH,ITH3,5,Veneto,Veneto,4905854,3753535,76.51,0.7
4536,2021-02-13,VEN,3267,1473,1794,3231,20,16,ITH,ITH3,5,Veneto,Veneto,4905854,3756802,76.58,0.07
4537,2021-09-02,VEN,22707,12127,10580,6097,15815,795,ITH,ITH3,5,Veneto,Veneto,4905854,3779509,77.04,0.46
4538,2021-03-03,VEN,12102,4648,7454,8389,3502,211,ITH,ITH3,5,Veneto,Veneto,4905854,3791611,77.29,0.25
4539,2021-06-11,VEN,47320,24619,22701,34709,11183,1428,ITH,ITH3,5,Veneto,Veneto,4905854,3838931,78.25,0.96
4540,2021-06-25,VEN,51723,26167,25556,15076,36006,641,ITH,ITH3,5,Veneto,Veneto,4905854,3890654,79.31,1.05
4541,2021-08-02,VEN,40107,21039,19068,16307,23172,628,ITH,ITH3,5,Veneto,Veneto,4905854,3930761,80.12,0.82
4542,2021-04-10,VEN,27485,11989,15496,18376,8474,635,ITH,ITH3,5,Veneto,Veneto,4905854,3958246,80.68,0.56
4543,2021-06-06,VEN,37450,19173,18277,31494,4731,1225,ITH,ITH3,5,Veneto,Veneto,4905854,3995696,81.45,0.76
4544,2020-12-27,VEN,880,395,485,880,0,0,ITH,ITH3,5,Veneto,Veneto,4905854,3996576,81.47,0.02
4545,2021-09-07,VEN,26510,14121,12389,5548,20235,727,ITH,ITH3,5,Veneto,Veneto,4905854,4023086,82.01,0.54
4546,2021-05-30,VEN,22551,11273,11278,15206,6691,654,ITH,ITH3,5,Veneto,Veneto,4905854,4045637,82.47,0.46
4547,2020-12-31,VEN,3221,1042,2179,3221,0,0,ITH,ITH3,5,Veneto,Veneto,4905854,4048858,82.53,0.07
4548,2021-07-04,VEN,33886,17580,16306,14991,18289,606,ITH,ITH3,5,Veneto,Veneto,4905854,4082744,83.22,0.69
4549,2021-04-12,VEN,14920,6346,8574,6397,8219,304,ITH,ITH3,5,Veneto,Veneto,4905854,4097664,83.53,0.3
4550,2021-01-02,VEN,5742,1766,3976,5741,0,1,ITH,ITH3,5,Veneto,Veneto,4905854,4103406,83.64,0.12
4551,2021-04-07,VEN,36065,16206,19859,27610,7341,1114,ITH,ITH3,5,Veneto,Veneto,4905854,4139471,84.38,0.74
4552,2021-07-16,VEN,44743,24069,20674,6957,37325,461,ITH,ITH3,5,Veneto,Veneto,4905854,4184214,85.29,0.91
4553,2021-01-31,VEN,4789,1566,3223,408,4381,0,ITH,ITH3,5,Veneto,Veneto,4905854,4189003,85.39,0.1
4554,2021-03-29,VEN,31478,13707,17771,26643,3830,1005,ITH,ITH3,5,Veneto,Veneto,4905854,4220481,86.03,0.64
4555,2021-05-13,VEN,44352,21887,22465,32584,9919,1849,ITH,ITH3,5,Veneto,Veneto,4905854,4264833,86.93,0.9
4556,2021-02-02,VEN,6515,1881,4634,396,6119,0,ITH,ITH3,5,Veneto,Veneto,4905854,4271348,87.07,0.13
4557,2021-07-09,VEN,45094,23784,21310,4127,40682,285,ITH,ITH3,5,Veneto,Veneto,4905854,4316442,87.99,0.92
4558,2021-02-12,VEN,4314,1446,2868,3670,572,72,ITH,ITH3,5,Veneto,Veneto,4905854,4320756,88.07,0.09
4559,2021-01-29,VEN,9029,2789,6240,365,8664,0,ITH,ITH3,5,Veneto,Veneto,4905854,4329785,88.26,0.18
4560,2021-05-08,VEN,41532,18788,22744,28255,11838,1439,ITH,ITH3,5,Veneto,Veneto,4905854,4371317,89.1,0.85
4561,2021-07-30,VEN,45592,24249,21343,22629,22084,879,ITH,ITH3,5,Veneto,Veneto,4905854,4416909,90.03,0.93
4562,2021-08-16,VEN,19711,10670,9041,12962,6168,581,ITH,ITH3,5,Veneto,Veneto,4905854,4436620,90.44,0.4
4563,2021-03-15,VEN,16673,7331,9342,10955,5212,506,ITH,ITH3,5,Veneto,Veneto,4905854,4453293,90.78,0.34
4564,2021-07-14,VEN,43637,22435,21202,5281,37960,396,ITH,ITH3,5,Veneto,Veneto,4905854,4496930,91.66,0.89
4565,2021-04-22,VEN,32078,13946,18132,15471,15780,827,ITH,ITH3,5,Veneto,Veneto,4905854,4529008,92.32,0.65
4566,2021-07-31,VEN,35179,18904,16275,17035,17503,641,ITH,ITH3,5,Veneto,Veneto,4905854,4564187,93.04,0.72
4567,2021-08-14,VEN,9917,5808,4109,7269,2400,248,ITH,ITH3,5,Veneto,Veneto,4905854,4574104,93.24,0.2
4568,2021-02-10,VEN,4763,1593,3170,3692,1061,10,ITH,ITH3,5,Veneto,Veneto,4905854,4578867,93.33,0.1
4569,2021-04-08,VEN,32415,14388,18027,23349,7888,1178,ITH,ITH3,5,Veneto,Veneto,4905854,4611282,94.0,0.66
4570,2021-07-26,VEN,43649,22947,20702,17000,26017,632,ITH,ITH3,5,Veneto,Veneto,4905854,4654931,94.89,0.89
4571,2021-07-19,VEN,44748,23569,21179,7963,36389,396,ITH,ITH3,5,Veneto,Veneto,4905854,4699679,95.8,0.91
4572,2021-02-26,VEN,8297,3273,5024,6942,1260,95,ITH,ITH3,5,Veneto,Veneto,4905854,4707976,95.97,0.17
4573,2021-04-24,VEN,24769,10831,13938,14965,9080,724,ITH,ITH3,5,Veneto,Veneto,4905854,4732745,96.47,0.5
4574,2021-01-14,VEN,7066,1927,5139,7046,0,20,ITH,ITH3,5,Veneto,Veneto,4905854,4739811,96.62,0.14
4575,2021-03-12,VEN,18665,8196,10469,11330,6752,583,ITH,ITH3,5,Veneto,Veneto,4905854,4758476,97.0,0.38
4576,2021-06-04,VEN,49651,25840,23811,39831,8143,1677,ITH,ITH3,5,Veneto,Veneto,4905854,4808127,98.01,1.01
4577,2021-02-24,VEN,8622,3680,4942,7998,489,135,ITH,ITH3,5,Veneto,Veneto,4905854,4816749,98.18,0.18
4578,2021-06-22,VEN,43746,21630,22116,18501,24389,856,ITH,ITH3,5,Veneto,Veneto,4905854,4860495,99.08,0.89
4579,2021-08-18,VEN,23326,12572,10754,14204,8444,678,ITH,ITH3,5,Veneto,Veneto,4905854,4883821,99.55,0.48
4580,2021-03-31,VEN,38983,16461,22522,30424,7508,1051,ITH,ITH3,5,Veneto,Veneto,4905854,4922804,100.35,0.79
4581,2021-07-11,VEN,34239,17925,16314,3699,30284,256,ITH,ITH3,5,Veneto,Veneto,4905854,4957043,101.04,0.7
4582,2021-01-19,VEN,1313,475,838,1163,149,1,ITH,ITH3,5,Veneto,Veneto,4905854,4958356,101.07,0.03
4583,2021-07-23,VEN,44497,23460,21037,15138,28786,573,ITH,ITH3,5,Veneto,Veneto,4905854,5002853,101.98,0.91
4584,2021-05-01,VEN,38877,18252,20625,28710,8929,1238,ITH,ITH3,5,Veneto,Veneto,4905854,5041730,102.77,0.79
4585,2021-05-18,VEN,27037,12552,14485,12631,13641,765,ITH,ITH3,5,Veneto,Veneto,4905854,5068767,103.32,0.55
4586,2021-06-30,VEN,45824,23105,22719,17874,27200,750,ITH,ITH3,5,Veneto,Veneto,4905854,5114591,104.25,0.93
4587,2021-03-22,VEN,18156,8184,9972,12584,5050,522,ITH,ITH3,5,Veneto,Veneto,4905854,5132747,104.62,0.37
4588,2021-03-13,VEN,17241,7312,9929,13735,3132,374,ITH,ITH3,5,Veneto,Veneto,4905854,5149988,104.98,0.35
4589,2021-01-15,VEN,5880,1819,4061,5874,0,6,ITH,ITH3,5,Veneto,Veneto,4905854,5155868,105.1,0.12
4590,2021-08-28,VEN,20868,11590,9278,8642,11488,738,ITH,ITH3,5,Veneto,Veneto,4905854,5176736,105.52,0.43
4591,2021-06-27,VEN,40242,20557,19685,15347,24313,582,ITH,ITH3,5,Veneto,Veneto,4905854,5216978,106.34,0.82
4592,2021-03-19,VEN,13804,5672,8132,7402,6106,296,ITH,ITH3,5,Veneto,Veneto,4905854,5230782,106.62,0.28
4593,2021-06-08,VEN,43860,22678,21182,36187,6153,1520,ITH,ITH3,5,Veneto,Veneto,4905854,5274642,107.52,0.89
4594,2021-05-25,VEN,27871,13454,14417,11275,16096,500,ITH,ITH3,5,Veneto,Veneto,4905854,5302513,108.09,0.57
4595,2021-02-14,VEN,126,56,70,113,13,0,ITH,ITH3,5,Veneto,Veneto,4905854,5302639,108.09,0.0
4596,2021-02-28,VEN,4136,1389,2747,3224,837,75,ITH,ITH3,5,Veneto,Veneto,4905854,5306775,108.17,0.08
4597,2021-03-17,VEN,14646,5991,8655,7526,6797,323,ITH,ITH3,5,Veneto,Veneto,4905854,5321421,108.47,0.3
4598,2021-08-04,VEN,42473,22683,19790,22605,18771,1097,ITH,ITH3,5,Veneto,Veneto,4905854,5363894,109.34,0.87
4599,2021-04-26,VEN,20734,9461,11273,14912,5140,682,ITH,ITH3,5,Veneto,Veneto,4905854,5384628,109.76,0.42
4600,2021-06-15,VEN,47846,24303,23543,29144,17548,1154,ITH,ITH3,5,Veneto,Veneto,4905854,5432474,110.73,0.98
4601,2021-04-17,VEN,22451,9099,13352,14373,7278,800,ITH,ITH3,5,Veneto,Veneto,4905854,5454925,111.19,0.46
4602,2021-01-07,VEN,8361,2317,6044,8360,0,1,ITH,ITH3,5,Veneto,Veneto,4905854,5463286,111.36,0.17
4603,2021-06-13,VEN,37346,19260,18086,29317,6958,1071,ITH,ITH3,5,Veneto,Veneto,4905854,5500632,112.12,0.76
4604,2021-01-21,VEN,2294,719,1575,19,2275,0,ITH,ITH3,5,Veneto,Veneto,4905854,5502926,112.17,0.05
4605,2021-03-05,VEN,13341,5023,8318,9222,3674,445,ITH,ITH3,5,Veneto,Veneto,4905854,5516267,112.44,0.27
4606,2021-07-28,VEN,40310,20928,19382,12059,27800,451,ITH,ITH3,5,Veneto,Veneto,4905854,5556577,113.26,0.82
4607,2021-01-12,VEN,5231,1517,3714,5223,0,8,ITH,ITH3,5,Veneto,Veneto,4905854,5561808,113.37,0.11
4608,2021-04-19,VEN,21559,8929,12630,4707,16421,431,ITH,ITH3,5,Veneto,Veneto,4905854,5583367,113.81,0.44
4609,2021-04-05,VEN,19165,8376,10789,13423,5439,303,ITH,ITH3,5,Veneto,Veneto,4905854,5602532,114.2,0.39
4610,2021-01-26,VEN,6927,2093,4834,149,6778,0,ITH,ITH3,5,Veneto,Veneto,4905854,5609459,114.34,0.14
4611,2021-05-06,VEN,47056,22067,24989,36577,8499,1980,ITH,ITH3,5,Veneto,Veneto,4905854,5656515,115.3,0.96
4612,2021-05-20,VEN,44855,21264,23591,19366,24379,1110,ITH,ITH3,5,Veneto,Veneto,4905854,5701370,116.22,0.91
4613,2021-02-09,VEN,5250,1892,3358,3431,1806,13,ITH,ITH3,5,Veneto,Veneto,4905854,5706620,116.32,0.11
4614,2021-08-30,VEN,26911,14264,12647,7973,18318,620,ITH,ITH3,5,Veneto,Veneto,4905854,5733531,116.87,0.55
4615,2021-08-11,VEN,26790,14795,11995,15639,10573,578,ITH,ITH3,5,Veneto,Veneto,4905854,5760321,117.42,0.55
4616,2021-09-04,VEN,23579,12884,10695,6051,16876,652,ITH,ITH3,5,Veneto,Veneto,4905854,5783900,117.9,0.48
4617,2021-05-27,VEN,46670,22925,23745,22364,23260,1046,ITH,ITH3,5,Veneto,Veneto,4905854,5830570,118.85,0.95
4618,2021-02-07,VEN,2316,863,1453,714,1601,1,ITH,ITH3,5,Veneto,Veneto,4905854,5832886,118.9,0.05
4619,2021-09-06,VEN,28288,15200,13088,5834,21771,683,ITH,ITH3,5,Veneto,Veneto,4905854,5861174,119.47,0.58
4620,2021-07-02,VEN,49570,25143,24427,16290,32496,784,ITH,ITH3,5,Veneto,Veneto,4905854,5910744,120.48,1.01
4621,2021-03-24,VEN,22126,9581,12545,14664,6806,656,ITH,ITH3,5,Veneto,Veneto,4905854,5932870,120.93,0.45
4622,2021-04-30,VEN,50268,23621,26647,33164,15674,1430,ITH,ITH3,5,Veneto,Veneto,4905854,5983138,121.96,1.02
4623,2021-01-20,VEN,1039,368,671,387,652,0,ITH,ITH3,5,Veneto,Veneto,4905854,5984177,121.98,0.02
4624,2021-07-03,VEN,38707,20120,18587,11029,27103,575,ITH,ITH3,5,Veneto,Veneto,4905854,6022884,122.77,0.79
4625,2021-06-16,VEN,47798,23581,24217,25258,21443,1097,ITH,ITH3,5,Veneto,Veneto,4905854,6070682,123.74,0.97
4626,2021-01-01,VEN,1524,469,1055,1523,0,1,ITH,ITH3,5,Veneto,Veneto,4905854,6072206,123.77,0.03
4627,2021-03-25,VEN,25977,11064,14913,18970,6105,902,ITH,ITH3,5,Veneto,Veneto,4905854,6098183,124.3,0.53
4628,2021-04-11,VEN,21015,8878,12137,14228,6299,488,ITH,ITH3,5,Veneto,Veneto,4905854,6119198,124.73,0.43
4629,2021-07-22,VEN,48402,25129,23273,13314,34436,652,ITH,ITH3,5,Veneto,Veneto,4905854,6167600,125.72,0.99
4630,2021-04-13,VEN,14042,6330,7712,8054,5482,506,ITH,ITH3,5,Veneto,Veneto,4905854,6181642,126.01,0.29
4631,2021-07-05,VEN,39143,20285,18858,14147,24197,799,ITH,ITH3,5,Veneto,Veneto,4905854,6220785,126.8,0.8
4632,2021-01-03,VEN,5158,1562,3596,5158,0,0,ITH,ITH3,5,Veneto,Veneto,4905854,6225943,126.91,0.11
4633,2021-03-08,VEN,13645,6283,7362,9303,4078,264,ITH,ITH3,5,Veneto,Veneto,4905854,6239588,127.19,0.28
4634,2021-06-18,VEN,53664,26782,26882,23983,28638,1043,ITH,ITH3,5,Veneto,Veneto,4905854,6293252,128.28,1.09
4635,2021-09-09,VEN,29966,16562,13404,4283,25258,425,ITH,ITH3,5,Veneto,Veneto,4905854,6323218,128.89,0.61
4636,2021-03-27,VEN,32093,14018,18075,25376,5807,910,ITH,ITH3,5,Veneto,Veneto,4905854,6355311,129.55,0.65
4637,2021-09-11,VEN,20845,11692,9153,3029,17484,332,ITH,ITH3,5,Veneto,Veneto,4905854,6376156,129.97,0.42
4638,2021-06-03,VEN,54534,28044,26490,40871,12005,1658,ITH,ITH3,5,Veneto,Veneto,4905854,6430690,131.08,1.11
4639,2021-06-20,VEN,41215,20068,21147,18925,21545,745,ITH,ITH3,5,Veneto,Veneto,4905854,6471905,131.92,0.84
4640,2021-02-19,VEN,7323,3141,4182,6995,204,124,ITH,ITH3,5,Veneto,Veneto,4905854,6479228,132.07,0.15
4641,2021-08-23,VEN,24520,13032,11488,10573,13235,712,ITH,ITH3,5,Veneto,Veneto,4905854,6503748,132.57,0.5
4642,2021-02-21,VEN,4640,1212,3428,4516,5,119,ITH,ITH3,5,Veneto,Veneto,4905854,6508388,132.67,0.09
4643,2021-05-15,VEN,36275,17520,18755,24819,10023,1433,ITH,ITH3,5,Veneto,Veneto,4905854,6544663,133.41,0.74
4644,2021-06-01,VEN,26996,13569,13427,15787,10560,649,ITH,ITH3,5,Veneto,Veneto,4905854,6571659,133.96,0.55
4645,2021-03-10,VEN,19044,8728,10316,12959,5686,399,ITH,ITH3,5,Veneto,Veneto,4905854,6590703,134.34,0.39
4646,2021-09-05,UMB,3390,1798,1592,259,3117,14,ITI,ITI2,10,Umbria,Umbria,882015,3390,0.38,0.38
4647,2021-03-23,UMB,3828,1714,2114,2159,1632,37,ITI,ITI2,10,Umbria,Umbria,882015,7218,0.82,0.43
4648,2021-08-27,UMB,4601,2419,2182,1500,3000,101,ITI,ITI2,10,Umbria,Umbria,882015,11819,1.34,0.52
4649,2021-07-01,UMB,9747,4819,4928,3304,6289,154,ITI,ITI2,10,Umbria,Umbria,882015,21566,2.45,1.11
4650,2021-02-08,UMB,637,203,434,88,549,0,ITI,ITI2,10,Umbria,Umbria,882015,22203,2.52,0.07
4651,2021-05-19,UMB,9432,4219,5213,5601,3745,86,ITI,ITI2,10,Umbria,Umbria,882015,31635,3.59,1.07
4652,2021-06-02,UMB,3926,1886,2040,3805,42,79,ITI,ITI2,10,Umbria,Umbria,882015,35561,4.03,0.45
4653,2021-09-10,UMB,4539,2484,2055,722,3773,44,ITI,ITI2,10,Umbria,Umbria,882015,40100,4.55,0.51
4654,2021-02-20,UMB,283,101,182,259,24,0,ITI,ITI2,10,Umbria,Umbria,882015,40383,4.58,0.03
4655,2021-03-09,UMB,4093,2003,2090,2796,1288,9,ITI,ITI2,10,Umbria,Umbria,882015,44476,5.04,0.46
4656,2021-04-23,UMB,6659,2821,3838,3301,3159,199,ITI,ITI2,10,Umbria,Umbria,882015,51135,5.8,0.75
4657,2021-02-25,UMB,1334,496,838,1274,52,8,ITI,ITI2,10,Umbria,Umbria,882015,52469,5.95,0.15
4658,2021-03-11,UMB,3687,1799,1888,2668,1006,13,ITI,ITI2,10,Umbria,Umbria,882015,56156,6.37,0.42
4659,2021-01-13,UMB,451,139,312,451,0,0,ITI,ITI2,10,Umbria,Umbria,882015,56607,6.42,0.05
4660,2021-06-19,UMB,4589,2206,2383,2463,2033,93,ITI,ITI2,10,Umbria,Umbria,882015,61196,6.94,0.52
4661,2021-01-06,UMB,847,326,521,847,0,0,ITI,ITI2,10,Umbria,Umbria,882015,62043,7.03,0.1
4662,2021-06-12,UMB,7722,3688,4034,5962,1580,180,ITI,ITI2,10,Umbria,Umbria,882015,69765,7.91,0.88
4663,2021-04-06,UMB,5294,2167,3127,2865,2392,37,ITI,ITI2,10,Umbria,Umbria,882015,75059,8.51,0.6
4664,2021-03-28,UMB,1096,441,655,1041,24,31,ITI,ITI2,10,Umbria,Umbria,882015,76155,8.63,0.12
4665,2021-01-30,UMB,1575,486,1089,43,1532,0,ITI,ITI2,10,Umbria,Umbria,882015,77730,8.81,0.18
4666,2021-07-15,UMB,10577,5178,5399,568,9910,99,ITI,ITI2,10,Umbria,Umbria,882015,88307,10.01,1.2
4667,2021-08-15,UMB,4393,2387,2006,2868,1382,143,ITI,ITI2,10,Umbria,Umbria,882015,92700,10.51,0.5
4668,2021-07-29,UMB,8203,4228,3975,2145,5940,118,ITI,ITI2,10,Umbria,Umbria,882015,100903,11.44,0.93
4669,2021-05-07,UMB,10134,4716,5418,6656,3192,286,ITI,ITI2,10,Umbria,Umbria,882015,111037,12.59,1.15
4670,2021-08-29,UMB,1947,1004,943,684,1254,9,ITI,ITI2,10,Umbria,Umbria,882015,112984,12.81,0.22
4671,2021-02-13,UMB,114,27,87,111,3,0,ITI,ITI2,10,Umbria,Umbria,882015,113098,12.82,0.01
4672,2021-05-24,UMB,9078,4521,4557,8030,882,166,ITI,ITI2,10,Umbria,Umbria,882015,122176,13.85,1.03
4673,2021-04-18,UMB,1532,681,851,578,931,23,ITI,ITI2,10,Umbria,Umbria,882015,123708,14.03,0.17
4674,2021-01-11,UMB,1337,364,973,1337,0,0,ITI,ITI2,10,Umbria,Umbria,882015,125045,14.18,0.15
4675,2021-07-27,UMB,8146,4092,4054,2694,5335,117,ITI,ITI2,10,Umbria,Umbria,882015,133191,15.1,0.92
4676,2021-05-05,UMB,7224,3306,3918,3834,3306,84,ITI,ITI2,10,Umbria,Umbria,882015,140415,15.92,0.82
4677,2021-01-25,UMB,649,322,327,5,644,0,ITI,ITI2,10,Umbria,Umbria,882015,141064,15.99,0.07
4678,2021-07-03,UMB,6481,3248,3233,2832,3497,152,ITI,ITI2,10,Umbria,Umbria,882015,147545,16.73,0.73
4679,2021-07-20,UMB,8269,4108,4161,1096,7089,84,ITI,ITI2,10,Umbria,Umbria,882015,155814,17.67,0.94
4680,2021-08-10,UMB,7402,3935,3467,4003,3256,143,ITI,ITI2,10,Umbria,Umbria,882015,163216,18.5,0.84
4681,2021-06-14,UMB,5387,2750,2637,3253,2015,119,ITI,ITI2,10,Umbria,Umbria,882015,168603,19.12,0.61
4682,2021-02-06,UMB,437,163,274,34,403,0,ITI,ITI2,10,Umbria,Umbria,882015,169040,19.17,0.05
4683,2021-05-26,UMB,9665,4573,5092,8220,1253,192,ITI,ITI2,10,Umbria,Umbria,882015,178705,20.26,1.1
4684,2021-09-03,UMB,4234,2193,2041,1320,2854,60,ITI,ITI2,10,Umbria,Umbria,882015,182939,20.74,0.48
4685,2021-08-22,UMB,1470,773,697,479,977,14,ITI,ITI2,10,Umbria,Umbria,882015,184409,20.91,0.17
4686,2021-05-31,UMB,5824,2848,2976,4854,885,85,ITI,ITI2,10,Umbria,Umbria,882015,190233,21.57,0.66
4687,2021-05-14,UMB,5347,2526,2821,3354,1819,174,ITI,ITI2,10,Umbria,Umbria,882015,195580,22.17,0.61
4688,2021-02-01,UMB,1285,342,943,48,1237,0,ITI,ITI2,10,Umbria,Umbria,882015,196865,22.32,0.15
4689,2021-02-18,UMB,1497,583,914,1029,467,1,ITI,ITI2,10,Umbria,Umbria,882015,198362,22.49,0.17
4690,2021-03-18,UMB,2987,1179,1808,1713,1265,9,ITI,ITI2,10,Umbria,Umbria,882015,201349,22.83,0.34
4691,2021-06-26,UMB,9381,4758,4623,5581,3639,161,ITI,ITI2,10,Umbria,Umbria,882015,210730,23.89,1.06
4692,2021-07-10,UMB,7690,3810,3880,66,7610,14,ITI,ITI2,10,Umbria,Umbria,882015,218420,24.76,0.87
4693,2021-04-16,UMB,8101,3744,4357,6084,1838,179,ITI,ITI2,10,Umbria,Umbria,882015,226521,25.68,0.92
4694,2021-04-30,UMB,6258,2971,3287,2735,3401,122,ITI,ITI2,10,Umbria,Umbria,882015,232779,26.39,0.71
4695,2021-03-04,UMB,4486,1856,2630,3644,827,15,ITI,ITI2,10,Umbria,Umbria,882015,237265,26.9,0.51
4696,2021-08-08,UMB,5066,2712,2354,3557,1414,95,ITI,ITI2,10,Umbria,Umbria,882015,242331,27.47,0.57
4697,2021-01-20,UMB,603,221,382,603,0,0,ITI,ITI2,10,Umbria,Umbria,882015,242934,27.54,0.07
4698,2021-07-08,UMB,9577,4634,4943,180,9350,47,ITI,ITI2,10,Umbria,Umbria,882015,252511,28.63,1.09
4699,2021-05-12,UMB,6528,3038,3490,4209,2149,170,ITI,ITI2,10,Umbria,Umbria,882015,259039,29.37,0.74
4700,2021-03-30,UMB,3989,1736,2253,2406,1545,38,ITI,ITI2,10,Umbria,Umbria,882015,263028,29.82,0.45
4701,2020-12-27,UMB,88,47,41,88,0,0,ITI,ITI2,10,Umbria,Umbria,882015,263116,29.83,0.01
4702,2021-04-04,UMB,57,20,37,22,35,0,ITI,ITI2,10,Umbria,Umbria,882015,263173,29.84,0.01
4703,2021-06-07,UMB,6959,3436,3523,6085,696,178,ITI,ITI2,10,Umbria,Umbria,882015,270132,30.63,0.79
4704,2021-03-16,UMB,3538,1454,2084,1909,1627,2,ITI,ITI2,10,Umbria,Umbria,882015,273670,31.03,0.4
4705,2021-02-27,UMB,1658,354,1304,1642,16,0,ITI,ITI2,10,Umbria,Umbria,882015,275328,31.22,0.19
4706,2021-04-03,UMB,2099,712,1387,1034,1054,11,ITI,ITI2,10,Umbria,Umbria,882015,277427,31.45,0.24
4707,2021-04-25,UMB,4362,1687,2675,3868,83,411,ITI,ITI2,10,Umbria,Umbria,882015,281789,31.95,0.49
4708,2021-08-03,UMB,9207,4761,4446,3505,5519,183,ITI,ITI2,10,Umbria,Umbria,882015,290996,32.99,1.04
4709,2021-07-22,UMB,10075,4924,5151,1653,8317,105,ITI,ITI2,10,Umbria,Umbria,882015,301071,34.13,1.14
4710,2021-01-01,UMB,273,104,169,273,0,0,ITI,ITI2,10,Umbria,Umbria,882015,301344,34.17,0.03
4711,2021-04-11,UMB,3101,1506,1595,3035,49,17,ITI,ITI2,10,Umbria,Umbria,882015,304445,34.52,0.35
4712,2021-01-18,UMB,619,221,398,531,88,0,ITI,ITI2,10,Umbria,Umbria,882015,305064,34.59,0.07
4713,2021-07-26,UMB,9092,4804,4288,3873,5092,127,ITI,ITI2,10,Umbria,Umbria,882015,314156,35.62,1.03
4714,2021-05-28,UMB,9600,4440,5160,7116,2300,184,ITI,ITI2,10,Umbria,Umbria,882015,323756,36.71,1.09
4715,2021-04-15,UMB,7665,3505,4160,5702,1889,74,ITI,ITI2,10,Umbria,Umbria,882015,331421,37.58,0.87
4716,2021-02-17,UMB,1619,748,871,1266,352,1,ITI,ITI2,10,Umbria,Umbria,882015,333040,37.76,0.18
4717,2021-07-24,UMB,8698,4368,4330,1346,7284,68,ITI,ITI2,10,Umbria,Umbria,882015,341738,38.75,0.99
4718,2021-04-13,UMB,7683,3402,4281,5924,1669,90,ITI,ITI2,10,Umbria,Umbria,882015,349421,39.62,0.87
4719,2021-08-07,UMB,7232,3800,3432,2541,4619,72,ITI,ITI2,10,Umbria,Umbria,882015,356653,40.44,0.82
4720,2021-05-16,UMB,5227,2493,2734,5088,50,89,ITI,ITI2,10,Umbria,Umbria,882015,361880,41.03,0.59
4721,2021-08-24,UMB,4435,2247,2188,1872,2474,89,ITI,ITI2,10,Umbria,Umbria,882015,366315,41.53,0.5
4722,2021-04-20,UMB,5451,2365,3086,3429,1947,75,ITI,ITI2,10,Umbria,Umbria,882015,371766,42.15,0.62
4723,2021-01-27,UMB,842,330,512,13,829,0,ITI,ITI2,10,Umbria,Umbria,882015,372608,42.25,0.1
4724,2021-01-10,UMB,1067,274,793,1067,0,0,ITI,ITI2,10,Umbria,Umbria,882015,373675,42.37,0.12
4725,2021-05-21,UMB,8981,3672,5309,4066,4830,85,ITI,ITI2,10,Umbria,Umbria,882015,382656,43.38,1.02
4726,2021-05-04,UMB,5544,2547,2997,2355,3127,62,ITI,ITI2,10,Umbria,Umbria,882015,388200,44.01,0.63
4727,2021-04-01,UMB,4474,1911,2563,2326,2110,38,ITI,ITI2,10,Umbria,Umbria,882015,392674,44.52,0.51
4728,2021-08-12,UMB,7354,3902,3452,4589,2546,219,ITI,ITI2,10,Umbria,Umbria,882015,400028,45.35,0.83
4729,2021-06-30,UMB,10552,5326,5226,3675,6726,151,ITI,ITI2,10,Umbria,Umbria,882015,410580,46.55,1.2
4730,2021-09-02,UMB,4360,2268,2092,959,3360,41,ITI,ITI2,10,Umbria,Umbria,882015,414940,47.04,0.49
4731,2021-07-07,UMB,9499,4502,4997,88,9380,31,ITI,ITI2,10,Umbria,Umbria,882015,424439,48.12,1.08
4732,2021-07-12,UMB,4632,2242,2390,105,4515,12,ITI,ITI2,10,Umbria,Umbria,882015,429071,48.65,0.53
4733,2021-01-08,UMB,1193,344,849,1193,0,0,ITI,ITI2,10,Umbria,Umbria,882015,430264,48.78,0.14
4734,2021-05-23,UMB,5074,1857,3217,637,4421,16,ITI,ITI2,10,Umbria,Umbria,882015,435338,49.36,0.58
4735,2021-08-17,UMB,3665,1909,1756,2489,1088,88,ITI,ITI2,10,Umbria,Umbria,882015,439003,49.77,0.42
4736,2021-06-21,UMB,7552,3953,3599,5068,2338,146,ITI,ITI2,10,Umbria,Umbria,882015,446555,50.63,0.86
4737,2021-03-06,UMB,4308,1149,3159,4136,138,34,ITI,ITI2,10,Umbria,Umbria,882015,450863,51.12,0.49
4738,2021-01-22,UMB,276,105,171,32,244,0,ITI,ITI2,10,Umbria,Umbria,882015,451139,51.15,0.03
4739,2021-06-28,UMB,9831,4844,4987,3712,5990,129,ITI,ITI2,10,Umbria,Umbria,882015,460970,52.26,1.11
4740,2021-05-02,UMB,3782,1867,1915,1298,2455,29,ITI,ITI2,10,Umbria,Umbria,882015,464752,52.69,0.43
4741,2021-03-20,UMB,2320,845,1475,2290,25,5,ITI,ITI2,10,Umbria,Umbria,882015,467072,52.96,0.26
4742,2021-03-13,UMB,1735,524,1211,1486,249,0,ITI,ITI2,10,Umbria,Umbria,882015,468807,53.15,0.2
4743,2021-01-15,UMB,698,213,485,698,0,0,ITI,ITI2,10,Umbria,Umbria,882015,469505,53.23,0.08
4744,2021-02-15,UMB,1367,692,675,1364,1,2,ITI,ITI2,10,Umbria,Umbria,882015,470872,53.39,0.15
4745,2021-01-03,UMB,270,112,158,270,0,0,ITI,ITI2,10,Umbria,Umbria,882015,471142,53.42,0.03
4746,2021-07-31,UMB,4334,2262,2072,1478,2809,47,ITI,ITI2,10,Umbria,Umbria,882015,475476,53.91,0.49
4747,2021-04-22,UMB,5458,2251,3207,2702,2674,82,ITI,ITI2,10,Umbria,Umbria,882015,480934,54.53,0.62
4748,2021-08-05,UMB,9702,5076,4626,3840,5697,165,ITI,ITI2,10,Umbria,Umbria,882015,490636,55.63,1.1
4749,2021-07-19,UMB,7670,3842,3828,1526,6043,101,ITI,ITI2,10,Umbria,Umbria,882015,498306,56.5,0.87
4750,2021-04-27,UMB,5668,2401,3267,3054,2579,35,ITI,ITI2,10,Umbria,Umbria,882015,503974,57.14,0.64
4751,2021-02-03,UMB,727,174,553,67,660,0,ITI,ITI2,10,Umbria,Umbria,882015,504701,57.22,0.08
4752,2021-02-22,UMB,1891,807,1084,1805,86,0,ITI,ITI2,10,Umbria,Umbria,882015,506592,57.44,0.21
4753,2021-06-11,UMB,7009,3519,3490,6001,772,236,ITI,ITI2,10,Umbria,Umbria,882015,513601,58.23,0.79
4754,2021-03-01,UMB,1505,775,730,1385,114,6,ITI,ITI2,10,Umbria,Umbria,882015,515106,58.4,0.17
4755,2021-06-09,UMB,8162,3951,4211,7136,725,301,ITI,ITI2,10,Umbria,Umbria,882015,523268,59.33,0.93
4756,2021-06-23,UMB,11360,5806,5554,7679,3412,269,ITI,ITI2,10,Umbria,Umbria,882015,534628,60.61,1.29
4757,2021-03-15,UMB,4600,1942,2658,2827,1769,4,ITI,ITI2,10,Umbria,Umbria,882015,539228,61.14,0.52
4758,2021-02-10,UMB,715,350,365,700,15,0,ITI,ITI2,10,Umbria,Umbria,882015,539943,61.22,0.08
4759,2021-01-24,UMB,258,106,152,1,257,0,ITI,ITI2,10,Umbria,Umbria,882015,540201,61.25,0.03
4760,2021-08-16,UMB,3518,1742,1776,1976,1473,69,ITI,ITI2,10,Umbria,Umbria,882015,543719,61.65,0.4
4761,2021-08-30,UMB,1951,951,1000,1497,372,82,ITI,ITI2,10,Umbria,Umbria,882015,545670,61.87,0.22
4762,2021-06-08,UMB,7421,3659,3762,6655,557,209,ITI,ITI2,10,Umbria,Umbria,882015,553091,62.71,0.84
4763,2021-05-11,UMB,6260,2842,3418,3925,2193,142,ITI,ITI2,10,Umbria,Umbria,882015,559351,63.42,0.71
4764,2021-08-19,UMB,5725,3037,2688,3935,1611,179,ITI,ITI2,10,Umbria,Umbria,882015,565076,64.07,0.65
4765,2021-08-26,UMB,4059,2151,1908,1791,2158,110,ITI,ITI2,10,Umbria,Umbria,882015,569135,64.53,0.46
4766,2021-04-17,UMB,6696,3077,3619,5186,1343,167,ITI,ITI2,10,Umbria,Umbria,882015,575831,65.29,0.76
4767,2021-01-05,UMB,855,430,425,855,0,0,ITI,ITI2,10,Umbria,Umbria,882015,576686,65.38,0.1
4768,2021-08-02,UMB,5537,2897,2640,259,5256,22,ITI,ITI2,10,Umbria,Umbria,882015,582223,66.01,0.63
4769,2021-06-20,UMB,6225,3007,3218,1577,4605,43,ITI,ITI2,10,Umbria,Umbria,882015,588448,66.72,0.71
4770,2021-04-24,UMB,4566,1962,2604,3277,1183,106,ITI,ITI2,10,Umbria,Umbria,882015,593014,67.23,0.52
4771,2021-01-12,UMB,838,247,591,838,0,0,ITI,ITI2,10,Umbria,Umbria,882015,593852,67.33,0.1
4772,2021-03-14,UMB,66,48,18,66,0,0,ITI,ITI2,10,Umbria,Umbria,882015,593918,67.34,0.01
4773,2021-01-29,UMB,1240,350,890,79,1161,0,ITI,ITI2,10,Umbria,Umbria,882015,595158,67.48,0.14
4774,2021-05-09,UMB,5764,2756,3008,5253,391,120,ITI,ITI2,10,Umbria,Umbria,882015,600922,68.13,0.65
4775,2021-09-04,UMB,3434,1775,1659,1099,2273,62,ITI,ITI2,10,Umbria,Umbria,882015,604356,68.52,0.39
4776,2021-07-09,UMB,9569,4631,4938,128,9417,24,ITI,ITI2,10,Umbria,Umbria,882015,613925,69.6,1.08
4777,2021-07-23,UMB,10665,5453,5212,1333,9226,106,ITI,ITI2,10,Umbria,Umbria,882015,624590,70.81,1.21
4778,2021-02-05,UMB,783,234,549,18,765,0,ITI,ITI2,10,Umbria,Umbria,882015,625373,70.9,0.09
4779,2021-07-21,UMB,9856,4914,4942,1233,8536,87,ITI,ITI2,10,Umbria,Umbria,882015,635229,72.02,1.12
4780,2021-07-04,UMB,3411,1741,1670,2342,971,98,ITI,ITI2,10,Umbria,Umbria,882015,638640,72.41,0.39
4781,2021-04-12,UMB,7093,3081,4012,5316,1717,60,ITI,ITI2,10,Umbria,Umbria,882015,645733,73.21,0.8
4782,2021-01-19,UMB,102,23,79,102,0,0,ITI,ITI2,10,Umbria,Umbria,882015,645835,73.22,0.01
4783,2021-04-29,UMB,5240,2261,2979,2806,2343,91,ITI,ITI2,10,Umbria,Umbria,882015,651075,73.82,0.59
4784,2021-03-24,UMB,4108,1794,2314,2746,1323,39,ITI,ITI2,10,Umbria,Umbria,882015,655183,74.28,0.47
4785,2021-07-02,UMB,8759,4331,4428,2967,5611,181,ITI,ITI2,10,Umbria,Umbria,882015,663942,75.28,0.99
4786,2021-04-10,UMB,7405,3482,3923,7184,86,135,ITI,ITI2,10,Umbria,Umbria,882015,671347,76.12,0.84
4787,2021-01-17,UMB,55,17,38,55,0,0,ITI,ITI2,10,Umbria,Umbria,882015,671402,76.12,0.01
4788,2020-12-31,UMB,322,127,195,322,0,0,ITI,ITI2,10,Umbria,Umbria,882015,671724,76.16,0.04
4789,2021-04-08,UMB,5904,2525,3379,4024,1807,73,ITI,ITI2,10,Umbria,Umbria,882015,677628,76.83,0.67
4790,2021-09-12,UMB,3054,1654,1400,462,2577,15,ITI,ITI2,10,Umbria,Umbria,882015,680682,77.17,0.35
4791,2021-07-17,UMB,7674,3857,3817,1287,6239,148,ITI,ITI2,10,Umbria,Umbria,882015,688356,78.04,0.87
4792,2021-06-04,UMB,8928,4413,4515,7541,1205,182,ITI,ITI2,10,Umbria,Umbria,882015,697284,79.06,1.01
4793,2021-06-27,UMB,7480,3738,3742,1730,5672,78,ITI,ITI2,10,Umbria,Umbria,882015,704764,79.9,0.85
4794,2021-08-31,UMB,4135,2137,1998,1223,2842,70,ITI,ITI2,10,Umbria,Umbria,882015,708899,80.37,0.47
4795,2021-08-14,UMB,5852,3233,2619,2917,2785,150,ITI,ITI2,10,Umbria,Umbria,882015,714751,81.04,0.66
4796,2021-03-17,UMB,3331,1313,2018,1855,1474,2,ITI,ITI2,10,Umbria,Umbria,882015,718082,81.41,0.38
4797,2021-01-07,UMB,1301,388,913,1301,0,0,ITI,ITI2,10,Umbria,Umbria,882015,719383,81.56,0.15
4798,2021-06-25,UMB,10241,5318,4923,5252,4785,204,ITI,ITI2,10,Umbria,Umbria,882015,729624,82.72,1.16
4799,2021-01-26,UMB,816,390,426,17,799,0,ITI,ITI2,10,Umbria,Umbria,882015,730440,82.81,0.09
4800,2021-03-29,UMB,3639,1605,2034,2153,1424,62,ITI,ITI2,10,Umbria,Umbria,882015,734079,83.23,0.41
4801,2021-01-31,UMB,1061,276,785,25,1036,0,ITI,ITI2,10,Umbria,Umbria,882015,735140,83.35,0.12
4802,2021-05-25,UMB,8827,4304,4523,7588,1066,173,ITI,ITI2,10,Umbria,Umbria,882015,743967,84.35,1.0
4803,2021-06-15,UMB,5992,3017,2975,3798,2075,119,ITI,ITI2,10,Umbria,Umbria,882015,749959,85.03,0.68
4804,2021-06-17,UMB,6979,3545,3434,4751,2082,146,ITI,ITI2,10,Umbria,Umbria,882015,756938,85.82,0.79
4805,2021-03-26,UMB,4602,1721,2881,4345,173,84,ITI,ITI2,10,Umbria,Umbria,882015,761540,86.34,0.52
4806,2021-01-02,UMB,304,111,193,304,0,0,ITI,ITI2,10,Umbria,Umbria,882015,761844,86.38,0.03
4807,2021-06-22,UMB,8091,4105,3986,5146,2800,145,ITI,ITI2,10,Umbria,Umbria,882015,769935,87.29,0.92
4808,2021-03-12,UMB,2695,1082,1613,2191,496,8,ITI,ITI2,10,Umbria,Umbria,882015,772630,87.6,0.31
4809,2021-07-28,UMB,8241,4335,3906,2972,5156,113,ITI,ITI2,10,Umbria,Umbria,882015,780871,88.53,0.93
4810,2021-06-13,UMB,6767,3558,3209,6392,230,145,ITI,ITI2,10,Umbria,Umbria,882015,787638,89.3,0.77
4811,2021-05-01,UMB,5379,2642,2737,2100,3233,46,ITI,ITI2,10,Umbria,Umbria,882015,793017,89.91,0.61
4812,2021-03-05,UMB,4624,1403,3221,3950,659,15,ITI,ITI2,10,Umbria,Umbria,882015,797641,90.43,0.52
4813,2021-08-09,UMB,6696,3547,3149,3503,3033,160,ITI,ITI2,10,Umbria,Umbria,882015,804337,91.19,0.76
4814,2021-03-03,UMB,4433,1772,2661,3719,711,3,ITI,ITI2,10,Umbria,Umbria,882015,808770,91.7,0.5
4815,2021-02-12,UMB,674,224,450,668,6,0,ITI,ITI2,10,Umbria,Umbria,882015,809444,91.77,0.08
4816,2021-02-26,UMB,660,253,407,650,8,2,ITI,ITI2,10,Umbria,Umbria,882015,810104,91.85,0.07
4817,2021-05-06,UMB,9474,4326,5148,6028,3316,130,ITI,ITI2,10,Umbria,Umbria,882015,819578,92.92,1.07
4818,2021-08-28,UMB,2770,1429,1341,1357,1342,71,ITI,ITI2,10,Umbria,Umbria,882015,822348,93.24,0.31
4819,2021-07-16,UMB,9630,4899,4731,665,8886,79,ITI,ITI2,10,Umbria,Umbria,882015,831978,94.33,1.09
4820,2021-05-20,UMB,9873,4610,5263,6105,3658,110,ITI,ITI2,10,Umbria,Umbria,882015,841851,95.45,1.12
4821,2021-09-11,UMB,3382,1869,1513,641,2698,43,ITI,ITI2,10,Umbria,Umbria,882015,845233,95.83,0.38
4822,2021-05-18,UMB,7768,3364,4404,3837,3841,90,ITI,ITI2,10,Umbria,Umbria,882015,853001,96.71,0.88
4823,2021-03-22,UMB,3562,1657,1905,2306,1246,10,ITI,ITI2,10,Umbria,Umbria,882015,856563,97.11,0.4
4824,2021-04-05,UMB,4251,1729,2522,2182,2057,12,ITI,ITI2,10,Umbria,Umbria,882015,860814,97.6,0.48
4825,2021-02-07,UMB,55,17,38,1,54,0,ITI,ITI2,10,Umbria,Umbria,882015,860869,97.6,0.01
4826,2021-07-14,UMB,6207,3011,3196,1634,4264,309,ITI,ITI2,10,Umbria,Umbria,882015,867076,98.31,0.7
4827,2021-08-01,UMB,3026,1533,1493,1330,1650,46,ITI,ITI2,10,Umbria,Umbria,882015,870102,98.65,0.34
4828,2021-07-18,UMB,7853,4063,3790,273,7553,27,ITI,ITI2,10,Umbria,Umbria,882015,877955,99.54,0.89
4829,2021-06-05,UMB,8232,3777,4455,5416,2655,161,ITI,ITI2,10,Umbria,Umbria,882015,886187,100.47,0.93
4830,2021-03-31,UMB,3900,1730,2170,2183,1685,32,ITI,ITI2,10,Umbria,Umbria,882015,890087,100.92,0.44
4831,2021-02-16,UMB,1308,655,653,1299,9,0,ITI,ITI2,10,Umbria,Umbria,882015,891395,101.06,0.15
4832,2021-05-27,UMB,9982,4871,5111,8475,1325,182,ITI,ITI2,10,Umbria,Umbria,882015,901377,102.2,1.13
4833,2021-01-04,UMB,810,397,413,810,0,0,ITI,ITI2,10,Umbria,Umbria,882015,902187,102.29,0.09
4834,2021-04-14,UMB,8159,3682,4477,6100,1980,79,ITI,ITI2,10,Umbria,Umbria,882015,910346,103.21,0.93
4835,2021-03-21,UMB,676,338,338,673,0,3,ITI,ITI2,10,Umbria,Umbria,882015,911022,103.29,0.08
4836,2021-08-25,UMB,4289,2232,2057,1542,2666,81,ITI,ITI2,10,Umbria,Umbria,882015,915311,103.77,0.49
4837,2021-06-29,UMB,9975,5083,4892,4112,5703,160,ITI,ITI2,10,Umbria,Umbria,882015,925286,104.91,1.13
4838,2021-05-17,UMB,6379,3068,3311,4113,2180,86,ITI,ITI2,10,Umbria,Umbria,882015,931665,105.63,0.72
4839,2021-01-14,UMB,725,192,533,725,0,0,ITI,ITI2,10,Umbria,Umbria,882015,932390,105.71,0.08
4840,2021-03-19,UMB,1744,566,1178,1083,656,5,ITI,ITI2,10,Umbria,Umbria,882015,934134,105.91,0.2
4841,2021-03-07,UMB,846,180,666,838,7,1,ITI,ITI2,10,Umbria,Umbria,882015,934980,106.0,0.1
4842,2021-09-08,UMB,4615,2471,2144,987,3556,72,ITI,ITI2,10,Umbria,Umbria,882015,939595,106.53,0.52
4843,2021-05-29,UMB,7862,3614,4248,6177,1571,114,ITI,ITI2,10,Umbria,Umbria,882015,947457,107.42,0.89
4844,2021-08-11,UMB,7621,4086,3535,3719,3716,186,ITI,ITI2,10,Umbria,Umbria,882015,955078,108.28,0.86
4845,2021-06-06,UMB,7610,3906,3704,6790,694,126,ITI,ITI2,10,Umbria,Umbria,882015,962688,109.15,0.86
4846,2021-02-24,UMB,1521,564,957,1506,15,0,ITI,ITI2,10,Umbria,Umbria,882015,964209,109.32,0.17
4847,2021-08-18,UMB,4703,2459,2244,3438,1146,119,ITI,ITI2,10,Umbria,Umbria,882015,968912,109.85,0.53
4848,2021-02-11,UMB,839,348,491,834,5,0,ITI,ITI2,10,Umbria,Umbria,882015,969751,109.95,0.1
4849,2021-05-22,UMB,6985,2762,4223,2603,4333,49,ITI,ITI2,10,Umbria,Umbria,882015,976736,110.74,0.79
4850,2021-07-11,UMB,5875,2967,2908,89,5785,1,ITI,ITI2,10,Umbria,Umbria,882015,982611,111.41,0.67
4851,2021-04-02,UMB,4349,1782,2567,3548,756,45,ITI,ITI2,10,Umbria,Umbria,882015,986960,111.9,0.49
4852,2021-01-09,UMB,1718,495,1223,1718,0,0,ITI,ITI2,10,Umbria,Umbria,882015,988678,112.09,0.19
4853,2021-04-19,UMB,5038,2228,2810,2932,2048,58,ITI,ITI2,10,Umbria,Umbria,882015,993716,112.66,0.57
4854,2021-09-01,UMB,4598,2369,2229,1137,3403,58,ITI,ITI2,10,Umbria,Umbria,882015,998314,113.19,0.52
4855,2021-06-10,UMB,7568,3769,3799,6464,790,314,ITI,ITI2,10,Umbria,Umbria,882015,1005882,114.04,0.86
4856,2021-08-13,UMB,6972,3869,3103,4244,2526,202,ITI,ITI2,10,Umbria,Umbria,882015,1012854,114.83,0.79
4857,2021-06-03,UMB,9051,4474,4577,8584,290,177,ITI,ITI2,10,Umbria,Umbria,882015,1021905,115.86,1.03
4858,2021-04-07,UMB,5627,2305,3322,3534,2006,87,ITI,ITI2,10,Umbria,Umbria,882015,1027532,116.5,0.64
4859,2021-02-23,UMB,1691,657,1034,1648,42,1,ITI,ITI2,10,Umbria,Umbria,882015,1029223,116.69,0.19
4860,2021-09-13,UMB,2450,1234,1216,316,2111,23,ITI,ITI2,10,Umbria,Umbria,882015,1031673,116.97,0.28
4861,2021-09-06,UMB,4576,2385,2191,894,3645,37,ITI,ITI2,10,Umbria,Umbria,882015,1036249,117.49,0.52
4862,2021-07-13,UMB,4235,2006,2229,78,4149,8,ITI,ITI2,10,Umbria,Umbria,882015,1040484,117.97,0.48
4863,2021-04-21,UMB,5332,2320,3012,3061,2232,39,ITI,ITI2,10,Umbria,Umbria,882015,1045816,118.57,0.6
4864,2021-07-30,UMB,6219,3243,2976,3185,2913,121,ITI,ITI2,10,Umbria,Umbria,882015,1052035,119.28,0.71
4865,2021-03-02,UMB,3646,1346,2300,3637,6,3,ITI,ITI2,10,Umbria,Umbria,882015,1055681,119.69,0.41
4866,2021-06-24,UMB,10268,5169,5099,6026,4013,229,ITI,ITI2,10,Umbria,Umbria,882015,1065949,120.85,1.16
4867,2021-07-06,UMB,8600,4093,4507,149,8428,23,ITI,ITI2,10,Umbria,Umbria,882015,1074549,121.83,0.98
4868,2021-05-10,UMB,6012,2814,3198,3743,2152,117,ITI,ITI2,10,Umbria,Umbria,882015,1080561,122.51,0.68
4869,2021-05-08,UMB,8162,3749,4413,4806,3250,106,ITI,ITI2,10,Umbria,Umbria,882015,1088723,123.44,0.93
4870,2021-01-28,UMB,1248,394,854,18,1230,0,ITI,ITI2,10,Umbria,Umbria,882015,1089971,123.58,0.14
4871,2021-05-03,UMB,5091,2273,2818,2099,2888,104,ITI,ITI2,10,Umbria,Umbria,882015,1095062,124.15,0.58
4872,2021-07-25,UMB,7310,3852,3458,1167,6099,44,ITI,ITI2,10,Umbria,Umbria,882015,1102372,124.98,0.83
4873,2021-01-23,UMB,280,100,180,2,278,0,ITI,ITI2,10,Umbria,Umbria,882015,1102652,125.02,0.03
4874,2021-01-21,UMB,609,203,406,339,269,1,ITI,ITI2,10,Umbria,Umbria,882015,1103261,125.08,0.07
4875,2021-08-20,UMB,4346,2314,2032,2920,1280,146,ITI,ITI2,10,Umbria,Umbria,882015,1107607,125.58,0.49
4876,2021-09-07,UMB,4812,2489,2323,1023,3713,76,ITI,ITI2,10,Umbria,Umbria,882015,1112419,126.12,0.55
4877,2021-05-30,UMB,5982,2999,2983,5662,202,118,ITI,ITI2,10,Umbria,Umbria,882015,1118401,126.8,0.68
4878,2021-03-08,UMB,3701,1825,1876,2327,1361,13,ITI,ITI2,10,Umbria,Umbria,882015,1122102,127.22,0.42
4879,2021-06-16,UMB,6326,3095,3231,3072,3100,154,ITI,ITI2,10,Umbria,Umbria,882015,1128428,127.94,0.72
4880,2021-03-25,UMB,3937,1728,2209,2826,1064,47,ITI,ITI2,10,Umbria,Umbria,882015,1132365,128.38,0.45
4881,2021-03-27,UMB,4253,1515,2738,3857,340,56,ITI,ITI2,10,Umbria,Umbria,882015,1136618,128.87,0.48
4882,2021-06-18,UMB,4814,2374,2440,1569,3166,79,ITI,ITI2,10,Umbria,Umbria,882015,1141432,129.41,0.55
4883,2021-07-05,UMB,8422,4083,4339,152,8256,14,ITI,ITI2,10,Umbria,Umbria,882015,1149854,130.37,0.95
4884,2021-05-13,UMB,5944,2671,3273,3730,2085,129,ITI,ITI2,10,Umbria,Umbria,882015,1155798,131.04,0.67
4885,2021-08-21,UMB,2789,1465,1324,1609,1115,65,ITI,ITI2,10,Umbria,Umbria,882015,1158587,131.36,0.32
4886,2021-02-19,UMB,743,293,450,525,217,1,ITI,ITI2,10,Umbria,Umbria,882015,1159330,131.44,0.08
4887,2021-08-04,UMB,10672,5541,5131,3311,7195,166,ITI,ITI2,10,Umbria,Umbria,882015,1170002,132.65,1.21
4888,2021-08-23,UMB,5290,2820,2470,1543,3662,85,ITI,ITI2,10,Umbria,Umbria,882015,1175292,133.25,0.6
4889,2021-09-09,UMB,5452,2836,2616,1037,4363,52,ITI,ITI2,10,Umbria,Umbria,882015,1180744,133.87,0.62
4890,2021-06-01,UMB,4389,2090,2299,4161,156,72,ITI,ITI2,10,Umbria,Umbria,882015,1185133,134.37,0.5
4891,2021-03-10,UMB,4032,1943,2089,2760,1257,15,ITI,ITI2,10,Umbria,Umbria,882015,1189165,134.82,0.46
4892,2021-01-16,UMB,204,61,143,203,0,1,ITI,ITI2,10,Umbria,Umbria,882015,1189369,134.85,0.02
4893,2021-02-02,UMB,945,272,673,32,913,0,ITI,ITI2,10,Umbria,Umbria,882015,1190314,134.95,0.11
4894,2021-04-26,UMB,5402,2342,3060,3105,2255,42,ITI,ITI2,10,Umbria,Umbria,882015,1195716,135.57,0.61
4895,2021-04-09,UMB,6750,3130,3620,6412,216,122,ITI,ITI2,10,Umbria,Umbria,882015,1202466,136.33,0.77
4896,2021-04-28,UMB,5394,2332,3062,2939,2398,57,ITI,ITI2,10,Umbria,Umbria,882015,1207860,136.94,0.61
4897,2021-08-06,UMB,8240,4309,3931,3330,4822,88,ITI,ITI2,10,Umbria,Umbria,882015,1216100,137.88,0.93
4898,2021-02-04,UMB,736,226,510,26,710,0,ITI,ITI2,10,Umbria,Umbria,882015,1216836,137.96,0.08
4899,2021-05-15,UMB,4998,1886,3112,1766,3168,64,ITI,ITI2,10,Umbria,Umbria,882015,1221834,138.53,0.57
4900,2021-02-21,UMB,1,0,1,1,0,0,ITI,ITI2,10,Umbria,Umbria,882015,1221835,138.53,0.0
4901,2021-03-09,PAT,1670,620,1050,980,653,37,ITH,ITH2,4,Provincia Autonoma Trento,P.A. Trento,541380,1670,0.31,0.31
4902,2021-06-17,PAT,6752,3563,3189,2044,4538,170,ITH,ITH2,4,Provincia Autonoma Trento,P.A. Trento,541380,8422,1.56,1.25
4903,2021-06-29,PAT,6429,3241,3188,2770,3534,125,ITH,ITH2,4,Provincia Autonoma Trento,P.A. Trento,541380,14851,2.74,1.19
4904,2021-06-12,PAT,5429,2718,2711,436,4943,50,ITH,ITH2,4,Provincia Autonoma Trento,P.A. Trento,541380,20280,3.75,1.0
4905,2021-03-21,PAT,136,74,62,131,0,5,ITH,ITH2,4,Provincia Autonoma Trento,P.A. Trento,541380,20416,3.77,0.03
4906,2021-09-08,PAT,1542,780,762,481,1032,29,ITH,ITH2,4,Provincia Autonoma Trento,P.A. Trento,541380,21958,4.06,0.28
4907,2021-07-27,PAT,4816,2547,2269,1753,2951,112,ITH,ITH2,4,Provincia Autonoma Trento,P.A. Trento,541380,26774,4.95,0.89
4908,2021-05-31,PAT,4806,2214,2592,1607,3088,111,ITH,ITH2,4,Provincia Autonoma Trento,P.A. Trento,541380,31580,5.83,0.89
4909,2021-01-23,PAT,584,338,246,389,194,1,ITH,ITH2,4,Provincia Autonoma Trento,P.A. Trento,541380,32164,5.94,0.11
4910,2021-05-03,PAT,4311,2223,2088,3844,157,310,ITH,ITH2,4,Provincia Autonoma Trento,P.A. Trento,541380,36475,6.74,0.8
4911,2021-08-13,PAT,5959,3376,2583,2587,3222,150,ITH,ITH2,4,Provincia Autonoma Trento,P.A. Trento,541380,42434,7.84,1.1
4912,2021-07-01,PAT,7150,3737,3413,3589,3364,197,ITH,ITH2,4,Provincia Autonoma Trento,P.A. Trento,541380,49584,9.16,1.32
4913,2021-05-05,PAT,5060,2611,2449,4434,306,320,ITH,ITH2,4,Provincia Autonoma Trento,P.A. Trento,541380,54644,10.09,0.93
4914,2021-02-06,PAT,582,302,280,439,143,0,ITH,ITH2,4,Provincia Autonoma Trento,P.A. Trento,541380,55226,10.2,0.11
4915,2021-02-23,PAT,1128,403,725,887,218,23,ITH,ITH2,4,Provincia Autonoma Trento,P.A. Trento,541380,56354,10.41,0.21
4916,2021-05-17,PAT,4357,2157,2200,3752,363,242,ITH,ITH2,4,Provincia Autonoma Trento,P.A. Trento,541380,60711,11.21,0.8
4917,2021-08-25,PAT,4392,2345,2047,1082,3237,73,ITH,ITH2,4,Provincia Autonoma Trento,P.A. Trento,541380,65103,12.03,0.81
4918,2021-08-08,PAT,635,338,297,241,386,8,ITH,ITH2,4,Provincia Autonoma Trento,P.A. Trento,541380,65738,12.14,0.12
4919,2021-08-27,PAT,3797,2064,1733,926,2790,81,ITH,ITH2,4,Provincia Autonoma Trento,P.A. Trento,541380,69535,12.84,0.7
4920,2021-03-26,PAT,3277,1282,1995,2518,612,147,ITH,ITH2,4,Provincia Autonoma Trento,P.A. Trento,541380,72812,13.45,0.61
4921,2021-07-13,PAT,3839,1952,1887,1774,1934,131,ITH,ITH2,4,Provincia Autonoma Trento,P.A. Trento,541380,76651,14.16,0.71
4922,2021-04-21,PAT,2945,1372,1573,2739,51,155,ITH,ITH2,4,Provincia Autonoma Trento,P.A. Trento,541380,79596,14.7,0.54
4923,2021-01-28,PAT,554,156,398,51,503,0,ITH,ITH2,4,Provincia Autonoma Trento,P.A. Trento,541380,80150,14.8,0.1
4924,2021-01-11,PAT,765,235,530,765,0,0,ITH,ITH2,4,Provincia Autonoma Trento,P.A. Trento,541380,80915,14.95,0.14
4925,2021-04-09,PAT,2806,1195,1611,1528,1209,69,ITH,ITH2,4,Provincia Autonoma Trento,P.A. Trento,541380,83721,15.46,0.52
4926,2021-02-11,PAT,1171,377,794,803,367,1,ITH,ITH2,4,Provincia Autonoma Trento,P.A. Trento,541380,84892,15.68,0.22
4927,2021-07-18,PAT,464,243,221,116,339,9,ITH,ITH2,4,Provincia Autonoma Trento,P.A. Trento,541380,85356,15.77,0.09
4928,2021-02-25,PAT,1656,649,1007,1200,446,10,ITH,ITH2,4,Provincia Autonoma Trento,P.A. Trento,541380,87012,16.07,0.31
4929,2020-12-30,PAT,7,3,4,7,0,0,ITH,ITH2,4,Provincia Autonoma Trento,P.A. Trento,541380,87019,16.07,0.0
4930,2021-06-05,PAT,4132,1939,2193,689,3364,79,ITH,ITH2,4,Provincia Autonoma Trento,P.A. Trento,541380,91151,16.84,0.76
4931,2021-03-14,PAT,110,67,43,19,89,2,ITH,ITH2,4,Provincia Autonoma Trento,P.A. Trento,541380,91261,16.86,0.02
4932,2021-03-07,PAT,24,6,18,24,0,0,ITH,ITH2,4,Provincia Autonoma Trento,P.A. Trento,541380,91285,16.86,0.0
4933,2021-01-09,PAT,195,42,153,195,0,0,ITH,ITH2,4,Provincia Autonoma Trento,P.A. Trento,541380,91480,16.9,0.04
4934,2021-06-24,PAT,6056,3171,2885,3650,2208,198,ITH,ITH2,4,Provincia Autonoma Trento,P.A. Trento,541380,97536,18.02,1.12
4935,2021-05-12,PAT,3348,1511,1837,1962,1220,166,ITH,ITH2,4,Provincia Autonoma Trento,P.A. Trento,541380,100884,18.63,0.62
4936,2021-03-16,PAT,1407,514,893,581,792,34,ITH,ITH2,4,Provincia Autonoma Trento,P.A. Trento,541380,102291,18.89,0.26
4937,2021-08-20,PAT,5217,2879,2338,1485,3630,102,ITH,ITH2,4,Provincia Autonoma Trento,P.A. Trento,541380,107508,19.86,0.96
4938,2021-05-14,PAT,5444,2615,2829,3715,1428,301,ITH,ITH2,4,Provincia Autonoma Trento,P.A. Trento,541380,112952,20.86,1.01
4939,2021-05-24,PAT,4493,2077,2416,1269,3110,114,ITH,ITH2,4,Provincia Autonoma Trento,P.A. Trento,541380,117445,21.69,0.83
4940,2021-09-01,PAT,3923,2092,1831,831,3016,76,ITH,ITH2,4,Provincia Autonoma Trento,P.A. Trento,541380,121368,22.42,0.72
4941,2021-03-02,PAT,1323,446,877,910,382,31,ITH,ITH2,4,Provincia Autonoma Trento,P.A. Trento,541380,122691,22.66,0.24
4942,2021-06-10,PAT,6216,3028,3188,1813,4266,137,ITH,ITH2,4,Provincia Autonoma Trento,P.A. Trento,541380,128907,23.81,1.15
4943,2021-09-03,PAT,3482,1906,1576,784,2649,49,ITH,ITH2,4,Provincia Autonoma Trento,P.A. Trento,541380,132389,24.45,0.64
4944,2021-04-14,PAT,3146,1480,1666,2253,738,155,ITH,ITH2,4,Provincia Autonoma Trento,P.A. Trento,541380,135535,25.04,0.58
4945,2021-03-28,PAT,768,304,464,717,2,49,ITH,ITH2,4,Provincia Autonoma Trento,P.A. Trento,541380,136303,25.18,0.14
4946,2021-01-04,PAT,905,250,655,903,0,2,ITH,ITH2,4,Provincia Autonoma Trento,P.A. Trento,541380,137208,25.34,0.17
4947,2021-07-06,PAT,5238,2763,2475,3115,1931,192,ITH,ITH2,4,Provincia Autonoma Trento,P.A. Trento,541380,142446,26.31,0.97
4948,2021-01-18,PAT,690,168,522,631,59,0,ITH,ITH2,4,Provincia Autonoma Trento,P.A. Trento,541380,143136,26.44,0.13
4949,2021-07-20,PAT,4830,2610,2220,1744,2934,152,ITH,ITH2,4,Provincia Autonoma Trento,P.A. Trento,541380,147966,27.33,0.89
4950,2021-08-06,PAT,6474,3566,2908,2668,3685,121,ITH,ITH2,4,Provincia Autonoma Trento,P.A. Trento,541380,154440,28.53,1.2
4951,2021-01-16,PAT,322,148,174,322,0,0,ITH,ITH2,4,Provincia Autonoma Trento,P.A. Trento,541380,154762,28.59,0.06
4952,2021-04-28,PAT,4291,1996,2295,3897,139,255,ITH,ITH2,4,Provincia Autonoma Trento,P.A. Trento,541380,159053,29.38,0.79
4953,2021-06-19,PAT,3146,1722,1424,236,2879,31,ITH,ITH2,4,Provincia Autonoma Trento,P.A. Trento,541380,162199,29.96,0.58
4954,2021-07-08,PAT,4166,2215,1951,2512,1483,171,ITH,ITH2,4,Provincia Autonoma Trento,P.A. Trento,541380,166365,30.73,0.77
4955,2021-02-04,PAT,1014,321,693,430,583,1,ITH,ITH2,4,Provincia Autonoma Trento,P.A. Trento,541380,167379,30.92,0.19
4956,2021-05-22,PAT,3375,1666,1709,849,2435,91,ITH,ITH2,4,Provincia Autonoma Trento,P.A. Trento,541380,170754,31.54,0.62
4957,2021-05-29,PAT,2445,1328,1117,783,1571,91,ITH,ITH2,4,Provincia Autonoma Trento,P.A. Trento,541380,173199,31.99,0.45
4958,2021-04-02,PAT,2893,1179,1714,2044,684,165,ITH,ITH2,4,Provincia Autonoma Trento,P.A. Trento,541380,176092,32.53,0.53
4959,2021-04-16,PAT,2906,1377,1529,2598,150,158,ITH,ITH2,4,Provincia Autonoma Trento,P.A. Trento,541380,178998,33.06,0.54
4960,2021-02-18,PAT,1436,504,932,1349,69,18,ITH,ITH2,4,Provincia Autonoma Trento,P.A. Trento,541380,180434,33.33,0.27
4961,2021-07-25,PAT,366,205,161,139,218,9,ITH,ITH2,4,Provincia Autonoma Trento,P.A. Trento,541380,180800,33.4,0.07
4962,2021-02-16,PAT,676,248,428,660,5,11,ITH,ITH2,4,Provincia Autonoma Trento,P.A. Trento,541380,181476,33.52,0.12
4963,2021-04-23,PAT,3668,1786,1882,3430,56,182,ITH,ITH2,4,Provincia Autonoma Trento,P.A. Trento,541380,185144,34.2,0.68
4964,2021-01-30,PAT,396,136,260,155,241,0,ITH,ITH2,4,Provincia Autonoma Trento,P.A. Trento,541380,185540,34.27,0.07
4965,2021-05-10,PAT,3271,1679,1592,2532,518,221,ITH,ITH2,4,Provincia Autonoma Trento,P.A. Trento,541380,188811,34.88,0.6
4966,2021-08-22,PAT,406,243,163,220,171,15,ITH,ITH2,4,Provincia Autonoma Trento,P.A. Trento,541380,189217,34.95,0.07
4967,2021-02-08,PAT,1194,333,861,347,847,0,ITH,ITH2,4,Provincia Autonoma Trento,P.A. Trento,541380,190411,35.17,0.22
4968,2021-03-04,PAT,2388,807,1581,1556,790,42,ITH,ITH2,4,Provincia Autonoma Trento,P.A. Trento,541380,192799,35.61,0.44
4969,2021-08-24,PAT,4603,2468,2135,1289,3221,93,ITH,ITH2,4,Provincia Autonoma Trento,P.A. Trento,541380,197402,36.46,0.85
4970,2021-07-24,PAT,994,547,447,523,445,26,ITH,ITH2,4,Provincia Autonoma Trento,P.A. Trento,541380,198396,36.65,0.18
4971,2021-05-02,PAT,3564,1979,1585,3294,39,231,ITH,ITH2,4,Provincia Autonoma Trento,P.A. Trento,541380,201960,37.3,0.66
4972,2021-02-20,PAT,412,247,165,124,287,1,ITH,ITH2,4,Provincia Autonoma Trento,P.A. Trento,541380,202372,37.38,0.08
4973,2021-01-08,PAT,1538,341,1197,1537,0,1,ITH,ITH2,4,Provincia Autonoma Trento,P.A. Trento,541380,203910,37.66,0.28
4974,2021-06-14,PAT,5819,3010,2809,2043,3656,120,ITH,ITH2,4,Provincia Autonoma Trento,P.A. Trento,541380,209729,38.74,1.07
4975,2021-04-18,PAT,1865,850,1015,1796,9,60,ITH,ITH2,4,Provincia Autonoma Trento,P.A. Trento,541380,211594,39.08,0.34
4976,2021-03-06,PAT,809,285,524,615,152,42,ITH,ITH2,4,Provincia Autonoma Trento,P.A. Trento,541380,212403,39.23,0.15
4977,2021-04-13,PAT,2618,1090,1528,2026,509,83,ITH,ITH2,4,Provincia Autonoma Trento,P.A. Trento,541380,215021,39.72,0.48
4978,2021-01-20,PAT,308,77,231,296,12,0,ITH,ITH2,4,Provincia Autonoma Trento,P.A. Trento,541380,215329,39.77,0.06
4979,2021-04-30,PAT,4992,2434,2558,4442,163,387,ITH,ITH2,4,Provincia Autonoma Trento,P.A. Trento,541380,220321,40.7,0.92
4980,2021-05-19,PAT,5196,2514,2682,3670,1274,252,ITH,ITH2,4,Provincia Autonoma Trento,P.A. Trento,541380,225517,41.66,0.96
4981,2021-09-10,PAT,2451,1269,1182,736,1638,77,ITH,ITH2,4,Provincia Autonoma Trento,P.A. Trento,541380,227968,42.11,0.45
4982,2021-01-06,PAT,43,13,30,43,0,0,ITH,ITH2,4,Provincia Autonoma Trento,P.A. Trento,541380,228011,42.12,0.01
4983,2021-08-05,PAT,6392,3496,2896,2951,3318,123,ITH,ITH2,4,Provincia Autonoma Trento,P.A. Trento,541380,234403,43.3,1.18
4984,2021-08-12,PAT,5701,3049,2652,2202,3324,175,ITH,ITH2,4,Provincia Autonoma Trento,P.A. Trento,541380,240104,44.35,1.05
4985,2021-07-29,PAT,5480,2912,2568,2647,2714,119,ITH,ITH2,4,Provincia Autonoma Trento,P.A. Trento,541380,245584,45.36,1.01
4986,2021-06-16,PAT,6327,3416,2911,1989,4214,124,ITH,ITH2,4,Provincia Autonoma Trento,P.A. Trento,541380,251911,46.53,1.17
4987,2021-08-29,PAT,615,346,269,310,281,24,ITH,ITH2,4,Provincia Autonoma Trento,P.A. Trento,541380,252526,46.64,0.11
4988,2021-07-17,PAT,1099,537,562,270,809,20,ITH,ITH2,4,Provincia Autonoma Trento,P.A. Trento,541380,253625,46.85,0.2
4989,2021-05-21,PAT,5216,2506,2710,3138,1806,272,ITH,ITH2,4,Provincia Autonoma Trento,P.A. Trento,541380,258841,47.81,0.96
4990,2021-02-01,PAT,1278,356,922,98,1180,0,ITH,ITH2,4,Provincia Autonoma Trento,P.A. Trento,541380,260119,48.05,0.24
4991,2021-08-31,PAT,4406,2292,2114,1242,3063,101,ITH,ITH2,4,Provincia Autonoma Trento,P.A. Trento,541380,264525,48.86,0.81
4992,2021-01-27,PAT,873,310,563,115,756,2,ITH,ITH2,4,Provincia Autonoma Trento,P.A. Trento,541380,265398,49.02,0.16
4993,2021-02-13,PAT,540,335,205,172,368,0,ITH,ITH2,4,Provincia Autonoma Trento,P.A. Trento,541380,265938,49.12,0.1
4994,2021-05-07,PAT,6092,3133,2959,4853,854,385,ITH,ITH2,4,Provincia Autonoma Trento,P.A. Trento,541380,272030,50.25,1.13
4995,2021-04-20,PAT,2909,1388,1521,2690,37,182,ITH,ITH2,4,Provincia Autonoma Trento,P.A. Trento,541380,274939,50.78,0.54
4996,2021-05-09,PAT,2354,1225,1129,1870,347,137,ITH,ITH2,4,Provincia Autonoma Trento,P.A. Trento,541380,277293,51.22,0.43
4997,2021-08-17,PAT,5451,2883,2568,1939,3379,133,ITH,ITH2,4,Provincia Autonoma Trento,P.A. Trento,541380,282744,52.23,1.01
4998,2021-02-15,PAT,547,193,354,419,126,2,ITH,ITH2,4,Provincia Autonoma Trento,P.A. Trento,541380,283291,52.33,0.1
4999,2021-05-26,PAT,3963,1870,2093,1116,2724,123,ITH,ITH2,4,Provincia Autonoma Trento,P.A. Trento,541380,287254,53.06,0.73
5000,2021-04-01,PAT,2945,1251,1694,1744,1106,95,ITH,ITH2,4,Provincia Autonoma Trento,P.A. Trento,541380,290199,53.6,0.54
5001,2021-07-10,PAT,1098,565,533,148,920,30,ITH,ITH2,4,Provincia Autonoma Trento,P.A. Trento,541380,291297,53.81,0.2
5002,2021-03-23,PAT,2483,962,1521,1628,755,100,ITH,ITH2,4,Provincia Autonoma Trento,P.A. Trento,541380,293780,54.27,0.46
5003,2021-05-28,PAT,3805,1768,2037,1399,2265,141,ITH,ITH2,4,Provincia Autonoma Trento,P.A. Trento,541380,297585,54.97,0.7
5004,2021-01-25,PAT,849,231,618,25,824,0,ITH,ITH2,4,Provincia Autonoma Trento,P.A. Trento,541380,298434,55.12,0.16
5005,2021-08-10,PAT,5996,3205,2791,2900,2910,186,ITH,ITH2,4,Provincia Autonoma Trento,P.A. Trento,541380,304430,56.23,1.11
5006,2021-03-13,PAT,965,496,469,841,48,76,ITH,ITH2,4,Provincia Autonoma Trento,P.A. Trento,541380,305395,56.41,0.18
5007,2021-07-05,PAT,5433,2850,2583,3792,1392,249,ITH,ITH2,4,Provincia Autonoma Trento,P.A. Trento,541380,310828,57.41,1.0
5008,2021-09-12,PAT,7,4,3,3,4,0,ITH,ITH2,4,Provincia Autonoma Trento,P.A. Trento,541380,310835,57.42,0.0
5009,2021-06-21,PAT,6260,3387,2873,3649,2425,186,ITH,ITH2,4,Provincia Autonoma Trento,P.A. Trento,541380,317095,58.57,1.16
5010,2021-04-29,PAT,4702,2266,2436,4173,214,315,ITH,ITH2,4,Provincia Autonoma Trento,P.A. Trento,541380,321797,59.44,0.87
5011,2021-08-07,PAT,1624,931,693,817,769,38,ITH,ITH2,4,Provincia Autonoma Trento,P.A. Trento,541380,323421,59.74,0.3
5012,2021-01-22,PAT,1748,459,1289,350,1396,2,ITH,ITH2,4,Provincia Autonoma Trento,P.A. Trento,541380,325169,60.06,0.32
5013,2021-02-05,PAT,835,288,547,285,550,0,ITH,ITH2,4,Provincia Autonoma Trento,P.A. Trento,541380,326004,60.22,0.15
5014,2021-05-16,PAT,1358,756,602,1042,248,68,ITH,ITH2,4,Provincia Autonoma Trento,P.A. Trento,541380,327362,60.47,0.25
5015,2021-04-11,PAT,2392,1161,1231,2201,99,92,ITH,ITH2,4,Provincia Autonoma Trento,P.A. Trento,541380,329754,60.91,0.44
5016,2021-02-27,PAT,1054,468,586,606,428,20,ITH,ITH2,4,Provincia Autonoma Trento,P.A. Trento,541380,330808,61.1,0.19
5017,2021-08-03,PAT,6213,3357,2856,2488,3596,129,ITH,ITH2,4,Provincia Autonoma Trento,P.A. Trento,541380,337021,62.25,1.15
5018,2021-01-01,PAT,222,51,171,222,0,0,ITH,ITH2,4,Provincia Autonoma Trento,P.A. Trento,541380,337243,62.29,0.04
5019,2021-06-07,PAT,5888,2930,2958,2678,3028,182,ITH,ITH2,4,Provincia Autonoma Trento,P.A. Trento,541380,343131,63.38,1.09
5020,2021-04-25,PAT,2003,953,1050,1873,7,123,ITH,ITH2,4,Provincia Autonoma Trento,P.A. Trento,541380,345134,63.75,0.37
5021,2021-02-03,PAT,877,326,551,417,460,0,ITH,ITH2,4,Provincia Autonoma Trento,P.A. Trento,541380,346011,63.91,0.16
5022,2021-07-19,PAT,4811,2534,2277,1455,3225,131,ITH,ITH2,4,Provincia Autonoma Trento,P.A. Trento,541380,350822,64.8,0.89
5023,2021-05-23,PAT,1995,1015,980,431,1535,29,ITH,ITH2,4,Provincia Autonoma Trento,P.A. Trento,541380,352817,65.17,0.37
5024,2021-04-10,PAT,2877,1352,1525,1995,803,79,ITH,ITH2,4,Provincia Autonoma Trento,P.A. Trento,541380,355694,65.7,0.53
5025,2021-02-10,PAT,872,295,577,513,358,1,ITH,ITH2,4,Provincia Autonoma Trento,P.A. Trento,541380,356566,65.86,0.16
5026,2021-07-26,PAT,3900,2058,1842,834,2995,71,ITH,ITH2,4,Provincia Autonoma Trento,P.A. Trento,541380,360466,66.58,0.72
5027,2021-04-08,PAT,3181,1335,1846,1954,1133,94,ITH,ITH2,4,Provincia Autonoma Trento,P.A. Trento,541380,363647,67.17,0.59
5028,2021-03-15,PAT,1453,573,880,929,469,55,ITH,ITH2,4,Provincia Autonoma Trento,P.A. Trento,541380,365100,67.44,0.27
5029,2021-08-19,PAT,4632,2486,2146,1109,3440,83,ITH,ITH2,4,Provincia Autonoma Trento,P.A. Trento,541380,369732,68.29,0.86
5030,2021-01-17,PAT,255,199,56,255,0,0,ITH,ITH2,4,Provincia Autonoma Trento,P.A. Trento,541380,369987,68.34,0.05
5031,2021-06-23,PAT,6694,3547,3147,4626,1871,197,ITH,ITH2,4,Provincia Autonoma Trento,P.A. Trento,541380,376681,69.58,1.24
5032,2021-05-11,PAT,3743,1768,1975,2641,863,239,ITH,ITH2,4,Provincia Autonoma Trento,P.A. Trento,541380,380424,70.27,0.69
5033,2021-04-27,PAT,3956,1902,2054,3597,70,289,ITH,ITH2,4,Provincia Autonoma Trento,P.A. Trento,541380,384380,71.0,0.73
5034,2021-08-02,PAT,5376,2852,2524,1606,3701,69,ITH,ITH2,4,Provincia Autonoma Trento,P.A. Trento,541380,389756,71.99,0.99
5035,2021-01-10,PAT,87,20,67,87,0,0,ITH,ITH2,4,Provincia Autonoma Trento,P.A. Trento,541380,389843,72.01,0.02
5036,2021-01-29,PAT,1426,363,1063,56,1370,0,ITH,ITH2,4,Provincia Autonoma Trento,P.A. Trento,541380,391269,72.27,0.26
5037,2021-07-14,PAT,4190,2177,2013,1703,2355,132,ITH,ITH2,4,Provincia Autonoma Trento,P.A. Trento,541380,395459,73.05,0.77
5038,2021-03-25,PAT,2916,1128,1788,1742,1060,114,ITH,ITH2,4,Provincia Autonoma Trento,P.A. Trento,541380,398375,73.59,0.54
5039,2021-07-03,PAT,1268,681,587,78,1185,5,ITH,ITH2,4,Provincia Autonoma Trento,P.A. Trento,541380,399643,73.82,0.23
5040,2021-03-30,PAT,2467,999,1468,1672,693,102,ITH,ITH2,4,Provincia Autonoma Trento,P.A. Trento,541380,402110,74.28,0.46
5041,2021-01-05,PAT,759,262,497,759,0,0,ITH,ITH2,4,Provincia Autonoma Trento,P.A. Trento,541380,402869,74.42,0.14
5042,2021-04-15,PAT,3234,1459,1775,2830,156,248,ITH,ITH2,4,Provincia Autonoma Trento,P.A. Trento,541380,406103,75.01,0.6
5043,2021-06-18,PAT,7068,3761,3307,1785,5190,93,ITH,ITH2,4,Provincia Autonoma Trento,P.A. Trento,541380,413171,76.32,1.31
5044,2021-03-27,PAT,1673,747,926,1322,263,88,ITH,ITH2,4,Provincia Autonoma Trento,P.A. Trento,541380,414844,76.63,0.31
5045,2021-06-02,PAT,2884,1383,1501,895,1916,73,ITH,ITH2,4,Provincia Autonoma Trento,P.A. Trento,541380,417728,77.16,0.53
5046,2021-03-11,PAT,2622,984,1638,1507,1055,60,ITH,ITH2,4,Provincia Autonoma Trento,P.A. Trento,541380,420350,77.64,0.48
5047,2021-07-22,PAT,4779,2588,2191,1897,2739,143,ITH,ITH2,4,Provincia Autonoma Trento,P.A. Trento,541380,425129,78.53,0.88
5048,2021-07-07,PAT,4529,2432,2097,2921,1406,202,ITH,ITH2,4,Provincia Autonoma Trento,P.A. Trento,541380,429658,79.36,0.84
5049,2021-01-03,PAT,503,166,337,503,0,0,ITH,ITH2,4,Provincia Autonoma Trento,P.A. Trento,541380,430161,79.46,0.09
5050,2021-07-21,PAT,4710,2524,2186,1526,3088,96,ITH,ITH2,4,Provincia Autonoma Trento,P.A. Trento,541380,434871,80.33,0.87
5051,2021-08-09,PAT,5352,2854,2498,2286,2924,142,ITH,ITH2,4,Provincia Autonoma Trento,P.A. Trento,541380,440223,81.31,0.99
5052,2021-08-28,PAT,1343,827,516,548,758,37,ITH,ITH2,4,Provincia Autonoma Trento,P.A. Trento,541380,441566,81.56,0.25
5053,2021-08-21,PAT,1319,782,537,602,678,39,ITH,ITH2,4,Provincia Autonoma Trento,P.A. Trento,541380,442885,81.81,0.24
5054,2021-06-25,PAT,7798,4159,3639,4172,3448,178,ITH,ITH2,4,Provincia Autonoma Trento,P.A. Trento,541380,450683,83.25,1.44
5055,2021-04-22,PAT,3175,1482,1693,2946,46,183,ITH,ITH2,4,Provincia Autonoma Trento,P.A. Trento,541380,453858,83.83,0.59
5056,2021-07-31,PAT,1497,856,641,1075,383,39,ITH,ITH2,4,Provincia Autonoma Trento,P.A. Trento,541380,455355,84.11,0.28
5057,2021-04-07,PAT,2656,1029,1627,1577,955,124,ITH,ITH2,4,Provincia Autonoma Trento,P.A. Trento,541380,458011,84.6,0.49
5058,2021-07-16,PAT,4598,2369,2229,1737,2706,155,ITH,ITH2,4,Provincia Autonoma Trento,P.A. Trento,541380,462609,85.45,0.85
5059,2020-12-31,PAT,1701,480,1221,1701,0,0,ITH,ITH2,4,Provincia Autonoma Trento,P.A. Trento,541380,464310,85.76,0.31
5060,2021-06-22,PAT,6384,3479,2905,3627,2568,189,ITH,ITH2,4,Provincia Autonoma Trento,P.A. Trento,541380,470694,86.94,1.18
5061,2021-03-05,PAT,2308,736,1572,1643,569,96,ITH,ITH2,4,Provincia Autonoma Trento,P.A. Trento,541380,473002,87.37,0.43
5062,2021-06-04,PAT,5929,2652,3277,1732,4062,135,ITH,ITH2,4,Provincia Autonoma Trento,P.A. Trento,541380,478931,88.46,1.1
5063,2021-02-24,PAT,1373,543,830,943,406,24,ITH,ITH2,4,Provincia Autonoma Trento,P.A. Trento,541380,480304,88.72,0.25
5064,2021-06-03,PAT,4845,2279,2566,1237,3515,93,ITH,ITH2,4,Provincia Autonoma Trento,P.A. Trento,541380,485149,89.61,0.89
5065,2021-09-11,PAT,693,394,299,469,190,34,ITH,ITH2,4,Provincia Autonoma Trento,P.A. Trento,541380,485842,89.74,0.13
5066,2021-01-19,PAT,434,89,345,434,0,0,ITH,ITH2,4,Provincia Autonoma Trento,P.A. Trento,541380,486276,89.82,0.08
5067,2021-06-06,PAT,2269,1080,1189,431,1817,21,ITH,ITH2,4,Provincia Autonoma Trento,P.A. Trento,541380,488545,90.24,0.42
5068,2021-07-12,PAT,4272,2152,2120,2038,2042,192,ITH,ITH2,4,Provincia Autonoma Trento,P.A. Trento,541380,492817,91.03,0.79
5069,2021-02-17,PAT,1175,450,725,1058,112,5,ITH,ITH2,4,Provincia Autonoma Trento,P.A. Trento,541380,493992,91.25,0.22
5070,2021-08-26,PAT,4124,2164,1960,1068,2958,98,ITH,ITH2,4,Provincia Autonoma Trento,P.A. Trento,541380,498116,92.01,0.76
5071,2021-02-22,PAT,755,262,493,663,86,6,ITH,ITH2,4,Provincia Autonoma Trento,P.A. Trento,541380,498871,92.15,0.14
5072,2021-05-18,PAT,4323,2047,2276,3169,869,285,ITH,ITH2,4,Provincia Autonoma Trento,P.A. Trento,541380,503194,92.95,0.8
5073,2021-09-09,PAT,1707,844,863,594,1057,56,ITH,ITH2,4,Provincia Autonoma Trento,P.A. Trento,541380,504901,93.26,0.32
5074,2021-05-04,PAT,4572,2490,2082,4170,97,305,ITH,ITH2,4,Provincia Autonoma Trento,P.A. Trento,541380,509473,94.11,0.84
5075,2021-03-08,PAT,1426,439,987,1042,354,30,ITH,ITH2,4,Provincia Autonoma Trento,P.A. Trento,541380,510899,94.37,0.26
5076,2021-03-22,PAT,2349,995,1354,1405,885,59,ITH,ITH2,4,Provincia Autonoma Trento,P.A. Trento,541380,513248,94.8,0.43
5077,2021-01-24,PAT,562,285,277,226,336,0,ITH,ITH2,4,Provincia Autonoma Trento,P.A. Trento,541380,513810,94.91,0.1
5078,2021-06-30,PAT,6875,3531,3344,2691,4056,128,ITH,ITH2,4,Provincia Autonoma Trento,P.A. Trento,541380,520685,96.18,1.27
5079,2021-08-14,PAT,290,156,134,50,237,3,ITH,ITH2,4,Provincia Autonoma Trento,P.A. Trento,541380,520975,96.23,0.05
5080,2021-07-02,PAT,7425,4037,3388,3584,3596,245,ITH,ITH2,4,Provincia Autonoma Trento,P.A. Trento,541380,528400,97.6,1.37
5081,2021-01-15,PAT,628,149,479,627,0,1,ITH,ITH2,4,Provincia Autonoma Trento,P.A. Trento,541380,529028,97.72,0.12
5082,2021-05-20,PAT,5122,2408,2714,3149,1690,283,ITH,ITH2,4,Provincia Autonoma Trento,P.A. Trento,541380,534150,98.66,0.95
5083,2021-03-24,PAT,2415,963,1452,1467,827,121,ITH,ITH2,4,Provincia Autonoma Trento,P.A. Trento,541380,536565,99.11,0.45
5084,2021-02-09,PAT,952,303,649,448,503,1,ITH,ITH2,4,Provincia Autonoma Trento,P.A. Trento,541380,537517,99.29,0.18
5085,2021-03-17,PAT,2131,813,1318,1130,907,94,ITH,ITH2,4,Provincia Autonoma Trento,P.A. Trento,541380,539648,99.68,0.39
5086,2021-01-31,PAT,77,16,61,1,76,0,ITH,ITH2,4,Provincia Autonoma Trento,P.A. Trento,541380,539725,99.69,0.01
5087,2021-07-04,PAT,225,125,100,66,157,2,ITH,ITH2,4,Provincia Autonoma Trento,P.A. Trento,541380,539950,99.74,0.04
5088,2021-01-07,PAT,1301,328,973,1298,0,3,ITH,ITH2,4,Provincia Autonoma Trento,P.A. Trento,541380,541251,99.98,0.24
5089,2021-04-17,PAT,2253,1148,1105,2090,57,106,ITH,ITH2,4,Provincia Autonoma Trento,P.A. Trento,541380,543504,100.39,0.42
5090,2021-04-19,PAT,2646,1244,1402,2429,23,194,ITH,ITH2,4,Provincia Autonoma Trento,P.A. Trento,541380,546150,100.88,0.49
5091,2021-07-28,PAT,4869,2670,2199,2160,2573,136,ITH,ITH2,4,Provincia Autonoma Trento,P.A. Trento,541380,551019,101.78,0.9
5092,2021-06-15,PAT,6332,3342,2990,1632,4565,135,ITH,ITH2,4,Provincia Autonoma Trento,P.A. Trento,541380,557351,102.95,1.17
5093,2021-06-27,PAT,1368,735,633,396,961,11,ITH,ITH2,4,Provincia Autonoma Trento,P.A. Trento,541380,558719,103.2,0.25
5094,2021-01-12,PAT,541,173,368,540,0,1,ITH,ITH2,4,Provincia Autonoma Trento,P.A. Trento,541380,559260,103.3,0.1
5095,2021-03-19,PAT,2467,925,1542,1503,881,83,ITH,ITH2,4,Provincia Autonoma Trento,P.A. Trento,541380,561727,103.76,0.46
5096,2021-05-30,PAT,1777,876,901,864,843,70,ITH,ITH2,4,Provincia Autonoma Trento,P.A. Trento,541380,563504,104.09,0.33
5097,2021-04-03,PAT,1181,485,696,935,178,68,ITH,ITH2,4,Provincia Autonoma Trento,P.A. Trento,541380,564685,104.3,0.22
5098,2021-09-07,PAT,1521,794,727,448,1029,44,ITH,ITH2,4,Provincia Autonoma Trento,P.A. Trento,541380,566206,104.59,0.28
5099,2021-04-24,PAT,3580,1714,1866,3352,16,212,ITH,ITH2,4,Provincia Autonoma Trento,P.A. Trento,541380,569786,105.25,0.66
5100,2021-02-26,PAT,1257,445,812,932,299,26,ITH,ITH2,4,Provincia Autonoma Trento,P.A. Trento,541380,571043,105.48,0.23
5101,2021-07-23,PAT,4763,2443,2320,1671,2955,137,ITH,ITH2,4,Provincia Autonoma Trento,P.A. Trento,541380,575806,106.36,0.88
5102,2021-03-10,PAT,2486,973,1513,1473,948,65,ITH,ITH2,4,Provincia Autonoma Trento,P.A. Trento,541380,578292,106.82,0.46
5103,2021-03-12,PAT,2603,991,1612,1709,815,79,ITH,ITH2,4,Provincia Autonoma Trento,P.A. Trento,541380,580895,107.3,0.48
5104,2021-06-20,PAT,1900,1050,850,31,1864,5,ITH,ITH2,4,Provincia Autonoma Trento,P.A. Trento,541380,582795,107.65,0.35
5105,2021-09-13,PAT,2278,1231,1047,725,1499,54,ITH,ITH2,4,Provincia Autonoma Trento,P.A. Trento,541380,585073,108.07,0.42
5106,2021-01-02,PAT,522,149,373,522,0,0,ITH,ITH2,4,Provincia Autonoma Trento,P.A. Trento,541380,585595,108.17,0.1
5107,2021-03-29,PAT,2569,1011,1558,1697,742,130,ITH,ITH2,4,Provincia Autonoma Trento,P.A. Trento,541380,588164,108.64,0.47
5108,2021-04-12,PAT,3156,1455,1701,2526,504,126,ITH,ITH2,4,Provincia Autonoma Trento,P.A. Trento,541380,591320,109.22,0.58
5109,2021-08-30,PAT,3894,1986,1908,1180,2603,111,ITH,ITH2,4,Provincia Autonoma Trento,P.A. Trento,541380,595214,109.94,0.72
5110,2021-08-23,PAT,4340,2289,2051,1428,2746,166,ITH,ITH2,4,Provincia Autonoma Trento,P.A. Trento,541380,599554,110.75,0.8
5111,2021-09-06,PAT,3135,1647,1488,968,2066,101,ITH,ITH2,4,Provincia Autonoma Trento,P.A. Trento,541380,602689,111.32,0.58
5112,2021-02-02,PAT,942,254,688,192,750,0,ITH,ITH2,4,Provincia Autonoma Trento,P.A. Trento,541380,603631,111.5,0.17
5113,2021-07-09,PAT,5154,2733,2421,3046,1885,223,ITH,ITH2,4,Provincia Autonoma Trento,P.A. Trento,541380,608785,112.45,0.95
5114,2021-05-13,PAT,3458,1607,1851,2103,1127,228,ITH,ITH2,4,Provincia Autonoma Trento,P.A. Trento,541380,612243,113.09,0.64
5115,2021-03-31,PAT,2624,1001,1623,1656,868,100,ITH,ITH2,4,Provincia Autonoma Trento,P.A. Trento,541380,614867,113.57,0.48
5116,2021-01-26,PAT,577,173,404,28,549,0,ITH,ITH2,4,Provincia Autonoma Trento,P.A. Trento,541380,615444,113.68,0.11
5117,2021-05-06,PAT,5616,2795,2821,4447,794,375,ITH,ITH2,4,Provincia Autonoma Trento,P.A. Trento,541380,621060,114.72,1.04
5118,2021-04-05,PAT,35,17,18,30,2,3,ITH,ITH2,4,Provincia Autonoma Trento,P.A. Trento,541380,621095,114.72,0.01
5119,2021-01-21,PAT,376,104,272,247,129,0,ITH,ITH2,4,Provincia Autonoma Trento,P.A. Trento,541380,621471,114.79,0.07
5120,2021-05-01,PAT,4889,2486,2403,4552,37,300,ITH,ITH2,4,Provincia Autonoma Trento,P.A. Trento,541380,626360,115.7,0.9
5121,2021-02-21,PAT,158,95,63,44,114,0,ITH,ITH2,4,Provincia Autonoma Trento,P.A. Trento,541380,626518,115.73,0.03
5122,2021-05-15,PAT,1605,833,772,649,915,41,ITH,ITH2,4,Provincia Autonoma Trento,P.A. Trento,541380,628123,116.02,0.3
5123,2021-06-01,PAT,4105,1926,2179,1081,2912,112,ITH,ITH2,4,Provincia Autonoma Trento,P.A. Trento,541380,632228,116.78,0.76
5124,2021-01-14,PAT,731,218,513,729,0,2,ITH,ITH2,4,Provincia Autonoma Trento,P.A. Trento,541380,632959,116.92,0.14
5125,2021-02-28,PAT,246,122,124,236,0,10,ITH,ITH2,4,Provincia Autonoma Trento,P.A. Trento,541380,633205,116.96,0.05
5126,2021-08-04,PAT,6209,3313,2896,2572,3499,138,ITH,ITH2,4,Provincia Autonoma Trento,P.A. Trento,541380,639414,118.11,1.15
5127,2021-06-08,PAT,6046,2919,3127,1785,4133,128,ITH,ITH2,4,Provincia Autonoma Trento,P.A. Trento,541380,645460,119.22,1.12
5128,2021-04-26,PAT,2676,1260,1416,2410,96,170,ITH,ITH2,4,Provincia Autonoma Trento,P.A. Trento,541380,648136,119.72,0.49
5129,2021-07-11,PAT,1035,566,469,131,895,9,ITH,ITH2,4,Provincia Autonoma Trento,P.A. Trento,541380,649171,119.91,0.19
5130,2021-02-19,PAT,945,366,579,847,65,33,ITH,ITH2,4,Provincia Autonoma Trento,P.A. Trento,541380,650116,120.08,0.17
5131,2021-08-11,PAT,5848,3150,2698,3100,2585,163,ITH,ITH2,4,Provincia Autonoma Trento,P.A. Trento,541380,655964,121.17,1.08
5132,2021-03-18,PAT,2335,964,1371,1221,1089,25,ITH,ITH2,4,Provincia Autonoma Trento,P.A. Trento,541380,658299,121.6,0.43
5133,2021-06-09,PAT,6329,3123,3206,2114,4131,84,ITH,ITH2,4,Provincia Autonoma Trento,P.A. Trento,541380,664628,122.77,1.17
5134,2021-06-26,PAT,1437,754,683,677,727,33,ITH,ITH2,4,Provincia Autonoma Trento,P.A. Trento,541380,666065,123.03,0.27
5135,2021-06-28,PAT,6954,3597,3357,2956,3869,129,ITH,ITH2,4,Provincia Autonoma Trento,P.A. Trento,541380,673019,124.32,1.28
5136,2021-04-06,PAT,2288,969,1319,1459,770,59,ITH,ITH2,4,Provincia Autonoma Trento,P.A. Trento,541380,675307,124.74,0.42
5137,2021-07-15,PAT,4299,2301,1998,1791,2364,144,ITH,ITH2,4,Provincia Autonoma Trento,P.A. Trento,541380,679606,125.53,0.79
5138,2021-01-13,PAT,444,131,313,444,0,0,ITH,ITH2,4,Provincia Autonoma Trento,P.A. Trento,541380,680050,125.61,0.08
5139,2021-02-12,PAT,1033,346,687,592,439,2,ITH,ITH2,4,Provincia Autonoma Trento,P.A. Trento,541380,681083,125.8,0.19
5140,2021-03-01,PAT,1255,460,795,928,302,25,ITH,ITH2,4,Provincia Autonoma Trento,P.A. Trento,541380,682338,126.04,0.23
5141,2021-03-20,PAT,888,409,479,663,211,14,ITH,ITH2,4,Provincia Autonoma Trento,P.A. Trento,541380,683226,126.2,0.16
5142,2021-03-03,PAT,1672,628,1044,1115,520,37,ITH,ITH2,4,Provincia Autonoma Trento,P.A. Trento,541380,684898,126.51,0.31
5143,2021-09-02,PAT,3350,1755,1595,948,2354,48,ITH,ITH2,4,Provincia Autonoma Trento,P.A. Trento,541380,688248,127.13,0.62
5144,2021-06-11,PAT,7310,3477,3833,1492,5712,106,ITH,ITH2,4,Provincia Autonoma Trento,P.A. Trento,541380,695558,128.48,1.35
5145,2021-06-13,PAT,3734,2061,1673,279,3430,25,ITH,ITH2,4,Provincia Autonoma Trento,P.A. Trento,541380,699292,129.17,0.69
5146,2020-12-27,PAT,107,43,64,107,0,0,ITH,ITH2,4,Provincia Autonoma Trento,P.A. Trento,541380,699399,129.19,0.02
5147,2021-07-30,PAT,5851,3097,2754,2292,3449,110,ITH,ITH2,4,Provincia Autonoma Trento,P.A. Trento,541380,705250,130.27,1.08
5148,2021-08-16,PAT,4852,2564,2288,1811,2931,110,ITH,ITH2,4,Provincia Autonoma Trento,P.A. Trento,541380,710102,131.17,0.9
5149,2021-05-25,PAT,4867,2315,2552,1742,2975,150,ITH,ITH2,4,Provincia Autonoma Trento,P.A. Trento,541380,714969,132.06,0.9
5150,2021-05-08,PAT,3195,1743,1452,2571,426,198,ITH,ITH2,4,Provincia Autonoma Trento,P.A. Trento,541380,718164,132.65,0.59
5151,2021-02-14,PAT,250,189,61,11,239,0,ITH,ITH2,4,Provincia Autonoma Trento,P.A. Trento,541380,718414,132.7,0.05
5152,2021-08-18,PAT,4634,2553,2081,1435,3113,86,ITH,ITH2,4,Provincia Autonoma Trento,P.A. Trento,541380,723048,133.56,0.86
5153,2021-05-27,PAT,4379,2034,2345,1164,3081,134,ITH,ITH2,4,Provincia Autonoma Trento,P.A. Trento,541380,727427,134.37,0.81
5154,2021-09-04,PAT,932,544,388,482,412,38,ITH,ITH2,4,Provincia Autonoma Trento,P.A. Trento,541380,728359,134.54,0.17
5155,2021-02-03,VDA,354,116,238,15,339,0,ITC,ITC2,2,Valle d'Aosta / Vallée d'Aoste,Valle d'Aosta,125666,354,0.28,0.28
5156,2021-04-01,VDA,778,394,384,747,12,19,ITC,ITC2,2,Valle d'Aosta / Vallée d'Aoste,Valle d'Aosta,125666,1132,0.9,0.62
5157,2021-04-15,VDA,814,378,436,643,140,31,ITC,ITC2,2,Valle d'Aosta / Vallée d'Aoste,Valle d'Aosta,125666,1946,1.55,0.65
5158,2021-07-07,VDA,795,442,353,414,364,17,ITC,ITC2,2,Valle d'Aosta / Vallée d'Aoste,Valle d'Aosta,125666,2741,2.18,0.63
5159,2021-07-24,VDA,1019,536,483,327,682,10,ITC,ITC2,2,Valle d'Aosta / Vallée d'Aoste,Valle d'Aosta,125666,3760,2.99,0.81
5160,2021-03-08,VDA,488,233,255,240,245,3,ITC,ITC2,2,Valle d'Aosta / Vallée d'Aoste,Valle d'Aosta,125666,4248,3.38,0.39
5161,2021-08-12,VDA,377,204,173,117,248,12,ITC,ITC2,2,Valle d'Aosta / Vallée d'Aoste,Valle d'Aosta,125666,4625,3.68,0.3
5162,2021-05-04,VDA,1136,511,625,435,674,27,ITC,ITC2,2,Valle d'Aosta / Vallée d'Aoste,Valle d'Aosta,125666,5761,4.58,0.9
5163,2021-06-16,VDA,1065,566,499,663,395,7,ITC,ITC2,2,Valle d'Aosta / Vallée d'Aoste,Valle d'Aosta,125666,6826,5.43,0.85
5164,2021-03-15,VDA,387,141,246,175,203,9,ITC,ITC2,2,Valle d'Aosta / Vallée d'Aoste,Valle d'Aosta,125666,7213,5.74,0.31
5165,2021-08-19,VDA,265,158,107,70,180,15,ITC,ITC2,2,Valle d'Aosta / Vallée d'Aoste,Valle d'Aosta,125666,7478,5.95,0.21
5166,2021-05-11,VDA,649,326,323,472,150,27,ITC,ITC2,2,Valle d'Aosta / Vallée d'Aoste,Valle d'Aosta,125666,8127,6.47,0.52
5167,2021-04-27,VDA,979,424,555,653,292,34,ITC,ITC2,2,Valle d'Aosta / Vallée d'Aoste,Valle d'Aosta,125666,9106,7.25,0.78
5168,2021-05-30,VDA,865,429,436,682,171,12,ITC,ITC2,2,Valle d'Aosta / Vallée d'Aoste,Valle d'Aosta,125666,9971,7.93,0.69
5169,2021-07-26,VDA,1008,512,496,315,683,10,ITC,ITC2,2,Valle d'Aosta / Vallée d'Aoste,Valle d'Aosta,125666,10979,8.74,0.8
5170,2021-09-07,VDA,415,217,198,62,350,3,ITC,ITC2,2,Valle d'Aosta / Vallée d'Aoste,Valle d'Aosta,125666,11394,9.07,0.33
5171,2021-05-28,VDA,977,415,562,545,414,18,ITC,ITC2,2,Valle d'Aosta / Vallée d'Aoste,Valle d'Aosta,125666,12371,9.84,0.78
5172,2021-02-17,VDA,329,146,183,225,101,3,ITC,ITC2,2,Valle d'Aosta / Vallée d'Aoste,Valle d'Aosta,125666,12700,10.11,0.26
5173,2021-01-27,VDA,156,75,81,80,76,0,ITC,ITC2,2,Valle d'Aosta / Vallée d'Aoste,Valle d'Aosta,125666,12856,10.23,0.12
5174,2021-04-20,VDA,936,430,506,710,195,31,ITC,ITC2,2,Valle d'Aosta / Vallée d'Aoste,Valle d'Aosta,125666,13792,10.98,0.74
5175,2021-01-10,VDA,220,71,149,212,0,8,ITC,ITC2,2,Valle d'Aosta / Vallée d'Aoste,Valle d'Aosta,125666,14012,11.15,0.18
5176,2020-12-27,VDA,20,9,11,20,0,0,ITC,ITC2,2,Valle d'Aosta / Vallée d'Aoste,Valle d'Aosta,125666,14032,11.17,0.02
5177,2021-09-02,VDA,520,271,249,89,416,15,ITC,ITC2,2,Valle d'Aosta / Vallée d'Aoste,Valle d'Aosta,125666,14552,11.58,0.41
5178,2021-07-12,VDA,979,483,496,238,733,8,ITC,ITC2,2,Valle d'Aosta / Vallée d'Aoste,Valle d'Aosta,125666,15531,12.36,0.78
5179,2021-04-03,VDA,676,341,335,649,15,12,ITC,ITC2,2,Valle d'Aosta / Vallée d'Aoste,Valle d'Aosta,125666,16207,12.9,0.54
5180,2021-03-20,VDA,209,87,122,168,36,5,ITC,ITC2,2,Valle d'Aosta / Vallée d'Aoste,Valle d'Aosta,125666,16416,13.06,0.17
5181,2021-06-28,VDA,993,499,494,327,661,5,ITC,ITC2,2,Valle d'Aosta / Vallée d'Aoste,Valle d'Aosta,125666,17409,13.85,0.79
5182,2021-06-11,VDA,1048,484,564,752,283,13,ITC,ITC2,2,Valle d'Aosta / Vallée d'Aoste,Valle d'Aosta,125666,18457,14.69,0.83
5183,2021-02-05,VDA,296,103,193,102,194,0,ITC,ITC2,2,Valle d'Aosta / Vallée d'Aoste,Valle d'Aosta,125666,18753,14.92,0.24
5184,2021-02-22,VDA,317,94,223,211,104,2,ITC,ITC2,2,Valle d'Aosta / Vallée d'Aoste,Valle d'Aosta,125666,19070,15.18,0.25
5185,2021-05-16,VDA,690,342,348,340,342,8,ITC,ITC2,2,Valle d'Aosta / Vallée d'Aoste,Valle d'Aosta,125666,19760,15.72,0.55
5186,2021-08-07,VDA,740,434,306,306,420,14,ITC,ITC2,2,Valle d'Aosta / Vallée d'Aoste,Valle d'Aosta,125666,20500,16.31,0.59
5187,2021-05-02,VDA,765,345,420,581,160,24,ITC,ITC2,2,Valle d'Aosta / Vallée d'Aoste,Valle d'Aosta,125666,21265,16.92,0.61
5188,2021-01-22,VDA,58,22,36,22,36,0,ITC,ITC2,2,Valle d'Aosta / Vallée d'Aoste,Valle d'Aosta,125666,21323,16.97,0.05
5189,2021-01-08,VDA,301,131,170,301,0,0,ITC,ITC2,2,Valle d'Aosta / Vallée d'Aoste,Valle d'Aosta,125666,21624,17.21,0.24
5190,2021-03-06,VDA,22,4,18,18,0,4,ITC,ITC2,2,Valle d'Aosta / Vallée d'Aoste,Valle d'Aosta,125666,21646,17.23,0.02
5191,2021-07-19,VDA,879,460,419,252,619,8,ITC,ITC2,2,Valle d'Aosta / Vallée d'Aoste,Valle d'Aosta,125666,22525,17.92,0.7
5192,2021-02-24,VDA,185,84,101,163,21,1,ITC,ITC2,2,Valle d'Aosta / Vallée d'Aoste,Valle d'Aosta,125666,22710,18.07,0.15
5193,2021-04-08,VDA,585,282,303,420,144,21,ITC,ITC2,2,Valle d'Aosta / Vallée d'Aoste,Valle d'Aosta,125666,23295,18.54,0.47
5194,2021-04-13,VDA,373,171,202,312,44,17,ITC,ITC2,2,Valle d'Aosta / Vallée d'Aoste,Valle d'Aosta,125666,23668,18.83,0.3
5195,2021-07-05,VDA,836,357,479,313,510,13,ITC,ITC2,2,Valle d'Aosta / Vallée d'Aoste,Valle d'Aosta,125666,24504,19.5,0.67
5196,2021-03-27,VDA,337,166,171,292,31,14,ITC,ITC2,2,Valle d'Aosta / Vallée d'Aoste,Valle d'Aosta,125666,24841,19.77,0.27
5197,2021-06-18,VDA,1003,445,558,589,400,14,ITC,ITC2,2,Valle d'Aosta / Vallée d'Aoste,Valle d'Aosta,125666,25844,20.57,0.8
5198,2021-06-09,VDA,1055,560,495,1010,35,10,ITC,ITC2,2,Valle d'Aosta / Vallée d'Aoste,Valle d'Aosta,125666,26899,21.41,0.84
5199,2021-03-01,VDA,182,66,116,140,34,8,ITC,ITC2,2,Valle d'Aosta / Vallée d'Aoste,Valle d'Aosta,125666,27081,21.55,0.14
5200,2021-02-15,VDA,264,136,128,226,35,3,ITC,ITC2,2,Valle d'Aosta / Vallée d'Aoste,Valle d'Aosta,125666,27345,21.76,0.21
5201,2021-01-17,VDA,131,56,75,131,0,0,ITC,ITC2,2,Valle d'Aosta / Vallée d'Aoste,Valle d'Aosta,125666,27476,21.86,0.1
5202,2021-06-23,VDA,1044,551,493,422,617,5,ITC,ITC2,2,Valle d'Aosta / Vallée d'Aoste,Valle d'Aosta,125666,28520,22.7,0.83
5203,2021-06-30,VDA,1121,544,577,417,695,9,ITC,ITC2,2,Valle d'Aosta / Vallée d'Aoste,Valle d'Aosta,125666,29641,23.59,0.89
5204,2021-02-10,VDA,248,77,171,141,107,0,ITC,ITC2,2,Valle d'Aosta / Vallée d'Aoste,Valle d'Aosta,125666,29889,23.78,0.2
5205,2021-03-25,VDA,389,154,235,364,10,15,ITC,ITC2,2,Valle d'Aosta / Vallée d'Aoste,Valle d'Aosta,125666,30278,24.09,0.31
5206,2021-05-21,VDA,933,443,490,523,401,9,ITC,ITC2,2,Valle d'Aosta / Vallée d'Aoste,Valle d'Aosta,125666,31211,24.84,0.74
5207,2021-04-17,VDA,638,407,231,596,2,40,ITC,ITC2,2,Valle d'Aosta / Vallée d'Aoste,Valle d'Aosta,125666,31849,25.34,0.51
5208,2021-05-23,VDA,999,465,534,654,340,5,ITC,ITC2,2,Valle d'Aosta / Vallée d'Aoste,Valle d'Aosta,125666,32848,26.14,0.79
5209,2021-01-29,VDA,321,139,182,2,319,0,ITC,ITC2,2,Valle d'Aosta / Vallée d'Aoste,Valle d'Aosta,125666,33169,26.39,0.26
5210,2021-08-31,VDA,672,344,328,135,531,6,ITC,ITC2,2,Valle d'Aosta / Vallée d'Aoste,Valle d'Aosta,125666,33841,26.93,0.53
5211,2021-04-22,VDA,1068,450,618,652,383,33,ITC,ITC2,2,Valle d'Aosta / Vallée d'Aoste,Valle d'Aosta,125666,34909,27.78,0.85
5212,2021-05-09,VDA,574,287,287,425,130,19,ITC,ITC2,2,Valle d'Aosta / Vallée d'Aoste,Valle d'Aosta,125666,35483,28.24,0.46
5213,2021-07-31,VDA,892,466,426,320,557,15,ITC,ITC2,2,Valle d'Aosta / Vallée d'Aoste,Valle d'Aosta,125666,36375,28.95,0.71
5214,2021-08-14,VDA,465,256,209,135,314,16,ITC,ITC2,2,Valle d'Aosta / Vallée d'Aoste,Valle d'Aosta,125666,36840,29.32,0.37
5215,2021-03-13,VDA,147,88,59,141,0,6,ITC,ITC2,2,Valle d'Aosta / Vallée d'Aoste,Valle d'Aosta,125666,36987,29.43,0.12
5216,2021-01-15,VDA,220,83,137,220,0,0,ITC,ITC2,2,Valle d'Aosta / Vallée d'Aoste,Valle d'Aosta,125666,37207,29.61,0.18
5217,2021-06-04,VDA,910,385,525,468,435,7,ITC,ITC2,2,Valle d'Aosta / Vallée d'Aoste,Valle d'Aosta,125666,38117,30.33,0.72
5218,2021-08-26,VDA,343,168,175,82,254,7,ITC,ITC2,2,Valle d'Aosta / Vallée d'Aoste,Valle d'Aosta,125666,38460,30.6,0.27
5219,2021-06-13,VDA,857,403,454,370,482,5,ITC,ITC2,2,Valle d'Aosta / Vallée d'Aoste,Valle d'Aosta,125666,39317,31.29,0.68
5220,2021-06-08,VDA,772,408,364,731,33,8,ITC,ITC2,2,Valle d'Aosta / Vallée d'Aoste,Valle d'Aosta,125666,40089,31.9,0.61
5221,2021-02-26,VDA,210,58,152,110,86,14,ITC,ITC2,2,Valle d'Aosta / Vallée d'Aoste,Valle d'Aosta,125666,40299,32.07,0.17
5222,2021-03-29,VDA,494,233,261,450,40,4,ITC,ITC2,2,Valle d'Aosta / Vallée d'Aoste,Valle d'Aosta,125666,40793,32.46,0.39
5223,2021-06-20,VDA,1134,545,589,477,644,13,ITC,ITC2,2,Valle d'Aosta / Vallée d'Aoste,Valle d'Aosta,125666,41927,33.36,0.9
5224,2021-03-12,VDA,535,177,358,301,226,8,ITC,ITC2,2,Valle d'Aosta / Vallée d'Aoste,Valle d'Aosta,125666,42462,33.79,0.43
5225,2021-05-25,VDA,1117,532,585,530,575,12,ITC,ITC2,2,Valle d'Aosta / Vallée d'Aoste,Valle d'Aosta,125666,43579,34.68,0.89
5226,2021-02-14,VDA,48,16,32,1,47,0,ITC,ITC2,2,Valle d'Aosta / Vallée d'Aoste,Valle d'Aosta,125666,43627,34.72,0.04
5227,2021-05-08,VDA,909,544,365,500,383,26,ITC,ITC2,2,Valle d'Aosta / Vallée d'Aoste,Valle d'Aosta,125666,44536,35.44,0.72
5228,2021-08-30,VDA,547,276,271,115,394,38,ITC,ITC2,2,Valle d'Aosta / Vallée d'Aoste,Valle d'Aosta,125666,45083,35.88,0.44
5229,2021-01-31,VDA,291,91,200,58,233,0,ITC,ITC2,2,Valle d'Aosta / Vallée d'Aoste,Valle d'Aosta,125666,45374,36.11,0.23
5230,2021-09-04,VDA,513,271,242,131,368,14,ITC,ITC2,2,Valle d'Aosta / Vallée d'Aoste,Valle d'Aosta,125666,45887,36.52,0.41
5231,2021-03-17,VDA,438,185,253,259,165,14,ITC,ITC2,2,Valle d'Aosta / Vallée d'Aoste,Valle d'Aosta,125666,46325,36.86,0.35
5232,2021-03-03,VDA,258,119,139,182,71,5,ITC,ITC2,2,Valle d'Aosta / Vallée d'Aoste,Valle d'Aosta,125666,46583,37.07,0.21
5233,2021-03-31,VDA,555,302,253,511,26,18,ITC,ITC2,2,Valle d'Aosta / Vallée d'Aoste,Valle d'Aosta,125666,47138,37.51,0.44
5234,2021-05-27,VDA,1093,498,595,575,506,12,ITC,ITC2,2,Valle d'Aosta / Vallée d'Aoste,Valle d'Aosta,125666,48231,38.38,0.87
5235,2021-05-13,VDA,1146,561,585,523,602,21,ITC,ITC2,2,Valle d'Aosta / Vallée d'Aoste,Valle d'Aosta,125666,49377,39.29,0.91
5236,2021-02-02,VDA,287,73,214,3,284,0,ITC,ITC2,2,Valle d'Aosta / Vallée d'Aoste,Valle d'Aosta,125666,49664,39.52,0.23
5237,2021-07-09,VDA,946,446,500,279,657,10,ITC,ITC2,2,Valle d'Aosta / Vallée d'Aoste,Valle d'Aosta,125666,50610,40.27,0.75
5238,2021-06-25,VDA,980,445,535,323,653,4,ITC,ITC2,2,Valle d'Aosta / Vallée d'Aoste,Valle d'Aosta,125666,51590,41.05,0.78
5239,2021-08-21,VDA,441,221,220,93,331,17,ITC,ITC2,2,Valle d'Aosta / Vallée d'Aoste,Valle d'Aosta,125666,52031,41.4,0.35
5240,2021-05-20,VDA,1045,475,570,592,440,13,ITC,ITC2,2,Valle d'Aosta / Vallée d'Aoste,Valle d'Aosta,125666,53076,42.24,0.83
5241,2021-07-02,VDA,873,387,486,304,563,6,ITC,ITC2,2,Valle d'Aosta / Vallée d'Aoste,Valle d'Aosta,125666,53949,42.93,0.69
5242,2021-03-24,VDA,518,230,288,256,259,3,ITC,ITC2,2,Valle d'Aosta / Vallée d'Aoste,Valle d'Aosta,125666,54467,43.34,0.41
5243,2021-08-28,VDA,535,285,250,90,423,22,ITC,ITC2,2,Valle d'Aosta / Vallée d'Aoste,Valle d'Aosta,125666,55002,43.77,0.43
5244,2021-05-06,VDA,1083,516,567,664,385,34,ITC,ITC2,2,Valle d'Aosta / Vallée d'Aoste,Valle d'Aosta,125666,56085,44.63,0.86
5245,2021-04-10,VDA,405,191,214,389,5,11,ITC,ITC2,2,Valle d'Aosta / Vallée d'Aoste,Valle d'Aosta,125666,56490,44.95,0.32
5246,2020-12-31,VDA,18,4,14,18,0,0,ITC,ITC2,2,Valle d'Aosta / Vallée d'Aoste,Valle d'Aosta,125666,56508,44.97,0.01
5247,2021-06-06,VDA,1161,582,579,780,374,7,ITC,ITC2,2,Valle d'Aosta / Vallée d'Aoste,Valle d'Aosta,125666,57669,45.89,0.92
5248,2021-06-15,VDA,924,508,416,654,257,13,ITC,ITC2,2,Valle d'Aosta / Vallée d'Aoste,Valle d'Aosta,125666,58593,46.63,0.74
5249,2021-08-11,VDA,777,380,397,304,452,21,ITC,ITC2,2,Valle d'Aosta / Vallée d'Aoste,Valle d'Aosta,125666,59370,47.24,0.62
5250,2021-03-05,VDA,277,125,152,53,223,1,ITC,ITC2,2,Valle d'Aosta / Vallée d'Aoste,Valle d'Aosta,125666,59647,47.46,0.22
5251,2021-09-11,VDA,390,238,152,2,385,3,ITC,ITC2,2,Valle d'Aosta / Vallée d'Aoste,Valle d'Aosta,125666,60037,47.78,0.31
5252,2021-03-10,VDA,439,184,255,220,214,5,ITC,ITC2,2,Valle d'Aosta / Vallée d'Aoste,Valle d'Aosta,125666,60476,48.12,0.35
5253,2021-02-21,VDA,18,3,15,0,18,0,ITC,ITC2,2,Valle d'Aosta / Vallée d'Aoste,Valle d'Aosta,125666,60494,48.14,0.01
5254,2021-09-09,VDA,324,174,150,100,215,9,ITC,ITC2,2,Valle d'Aosta / Vallée d'Aoste,Valle d'Aosta,125666,60818,48.4,0.26
5255,2021-06-01,VDA,874,471,403,511,354,9,ITC,ITC2,2,Valle d'Aosta / Vallée d'Aoste,Valle d'Aosta,125666,61692,49.09,0.7
5256,2021-01-07,VDA,280,113,167,280,0,0,ITC,ITC2,2,Valle d'Aosta / Vallée d'Aoste,Valle d'Aosta,125666,61972,49.31,0.22
5257,2021-02-19,VDA,292,102,190,267,24,1,ITC,ITC2,2,Valle d'Aosta / Vallée d'Aoste,Valle d'Aosta,125666,62264,49.55,0.23
5258,2021-08-04,VDA,1047,572,475,372,657,18,ITC,ITC2,2,Valle d'Aosta / Vallée d'Aoste,Valle d'Aosta,125666,63311,50.38,0.83
5259,2021-01-05,VDA,151,55,96,151,0,0,ITC,ITC2,2,Valle d'Aosta / Vallée d'Aoste,Valle d'Aosta,125666,63462,50.5,0.12
5260,2021-01-14,VDA,237,69,168,237,0,0,ITC,ITC2,2,Valle d'Aosta / Vallée d'Aoste,Valle d'Aosta,125666,63699,50.69,0.19
5261,2021-08-02,VDA,761,408,353,306,446,9,ITC,ITC2,2,Valle d'Aosta / Vallée d'Aoste,Valle d'Aosta,125666,64460,51.29,0.61
5262,2021-08-16,VDA,422,211,211,129,276,17,ITC,ITC2,2,Valle d'Aosta / Vallée d'Aoste,Valle d'Aosta,125666,64882,51.63,0.34
5263,2021-04-05,VDA,465,223,242,445,6,14,ITC,ITC2,2,Valle d'Aosta / Vallée d'Aoste,Valle d'Aosta,125666,65347,52.0,0.37
5264,2021-06-27,VDA,1254,609,645,311,931,12,ITC,ITC2,2,Valle d'Aosta / Vallée d'Aoste,Valle d'Aosta,125666,66601,53.0,1.0
5265,2021-07-14,VDA,1021,534,487,289,728,4,ITC,ITC2,2,Valle d'Aosta / Vallée d'Aoste,Valle d'Aosta,125666,67622,53.81,0.81
5266,2021-08-01,VDA,842,445,397,286,547,9,ITC,ITC2,2,Valle d'Aosta / Vallée d'Aoste,Valle d'Aosta,125666,68464,54.48,0.67
5267,2021-01-28,VDA,294,124,170,55,239,0,ITC,ITC2,2,Valle d'Aosta / Vallée d'Aoste,Valle d'Aosta,125666,68758,54.71,0.23
5268,2021-03-22,VDA,561,205,356,326,229,6,ITC,ITC2,2,Valle d'Aosta / Vallée d'Aoste,Valle d'Aosta,125666,69319,55.16,0.45
5269,2021-02-28,VDA,260,86,174,73,183,4,ITC,ITC2,2,Valle d'Aosta / Vallée d'Aoste,Valle d'Aosta,125666,69579,55.37,0.21
5270,2021-05-05,VDA,1039,566,473,435,582,22,ITC,ITC2,2,Valle d'Aosta / Vallée d'Aoste,Valle d'Aosta,125666,70618,56.19,0.83
5271,2021-08-13,VDA,495,273,222,203,283,9,ITC,ITC2,2,Valle d'Aosta / Vallée d'Aoste,Valle d'Aosta,125666,71113,56.59,0.39
5272,2021-05-03,VDA,841,400,441,459,352,30,ITC,ITC2,2,Valle d'Aosta / Vallée d'Aoste,Valle d'Aosta,125666,71954,57.26,0.67
5273,2021-03-07,VDA,64,30,34,11,53,0,ITC,ITC2,2,Valle d'Aosta / Vallée d'Aoste,Valle d'Aosta,125666,72018,57.31,0.05
5274,2021-08-20,VDA,473,240,233,142,316,15,ITC,ITC2,2,Valle d'Aosta / Vallée d'Aoste,Valle d'Aosta,125666,72491,57.69,0.38
5275,2021-02-16,VDA,328,53,275,316,6,6,ITC,ITC2,2,Valle d'Aosta / Vallée d'Aoste,Valle d'Aosta,125666,72819,57.95,0.26
5276,2021-08-23,VDA,404,205,199,91,299,14,ITC,ITC2,2,Valle d'Aosta / Vallée d'Aoste,Valle d'Aosta,125666,73223,58.27,0.32
5277,2021-02-23,VDA,217,124,93,216,0,1,ITC,ITC2,2,Valle d'Aosta / Vallée d'Aoste,Valle d'Aosta,125666,73440,58.44,0.17
5278,2021-06-03,VDA,1313,670,643,882,414,17,ITC,ITC2,2,Valle d'Aosta / Vallée d'Aoste,Valle d'Aosta,125666,74753,59.49,1.04
5279,2021-08-25,VDA,681,348,333,128,527,26,ITC,ITC2,2,Valle d'Aosta / Vallée d'Aoste,Valle d'Aosta,125666,75434,60.03,0.54
5280,2021-05-17,VDA,809,417,392,365,434,10,ITC,ITC2,2,Valle d'Aosta / Vallée d'Aoste,Valle d'Aosta,125666,76243,60.67,0.64
5281,2021-08-08,VDA,579,297,282,176,393,10,ITC,ITC2,2,Valle d'Aosta / Vallée d'Aoste,Valle d'Aosta,125666,76822,61.13,0.46
5282,2021-05-15,VDA,1067,614,453,368,686,13,ITC,ITC2,2,Valle d'Aosta / Vallée d'Aoste,Valle d'Aosta,125666,77889,61.98,0.85
5283,2021-02-04,VDA,295,86,209,8,287,0,ITC,ITC2,2,Valle d'Aosta / Vallée d'Aoste,Valle d'Aosta,125666,78184,62.22,0.23
5284,2021-04-28,VDA,1220,633,587,683,503,34,ITC,ITC2,2,Valle d'Aosta / Vallée d'Aoste,Valle d'Aosta,125666,79404,63.19,0.97
5285,2021-04-24,VDA,723,401,322,534,167,22,ITC,ITC2,2,Valle d'Aosta / Vallée d'Aoste,Valle d'Aosta,125666,80127,63.76,0.58
5286,2021-07-28,VDA,1425,765,660,360,1049,16,ITC,ITC2,2,Valle d'Aosta / Vallée d'Aoste,Valle d'Aosta,125666,81552,64.9,1.13
5287,2021-04-19,VDA,753,326,427,521,209,23,ITC,ITC2,2,Valle d'Aosta / Vallée d'Aoste,Valle d'Aosta,125666,82305,65.5,0.6
5288,2021-06-12,VDA,1234,600,634,1059,167,8,ITC,ITC2,2,Valle d'Aosta / Vallée d'Aoste,Valle d'Aosta,125666,83539,66.48,0.98
5289,2021-07-16,VDA,1078,555,523,339,731,8,ITC,ITC2,2,Valle d'Aosta / Vallée d'Aoste,Valle d'Aosta,125666,84617,67.33,0.86
5290,2021-01-26,VDA,149,52,97,2,147,0,ITC,ITC2,2,Valle d'Aosta / Vallée d'Aoste,Valle d'Aosta,125666,84766,67.45,0.12
5291,2021-02-12,VDA,263,96,167,216,46,1,ITC,ITC2,2,Valle d'Aosta / Vallée d'Aoste,Valle d'Aosta,125666,85029,67.66,0.21
5292,2021-01-12,VDA,303,73,230,303,0,0,ITC,ITC2,2,Valle d'Aosta / Vallée d'Aoste,Valle d'Aosta,125666,85332,67.9,0.24
5293,2021-09-01,VDA,800,428,372,188,586,26,ITC,ITC2,2,Valle d'Aosta / Vallée d'Aoste,Valle d'Aosta,125666,86132,68.54,0.64
5294,2021-05-24,VDA,1140,518,622,677,447,16,ITC,ITC2,2,Valle d'Aosta / Vallée d'Aoste,Valle d'Aosta,125666,87272,69.45,0.91
5295,2021-05-10,VDA,786,385,401,533,235,18,ITC,ITC2,2,Valle d'Aosta / Vallée d'Aoste,Valle d'Aosta,125666,88058,70.07,0.63
5296,2021-08-18,VDA,687,356,331,235,433,19,ITC,ITC2,2,Valle d'Aosta / Vallée d'Aoste,Valle d'Aosta,125666,88745,70.62,0.55
5297,2021-07-30,VDA,965,501,464,418,525,22,ITC,ITC2,2,Valle d'Aosta / Vallée d'Aoste,Valle d'Aosta,125666,89710,71.39,0.77
5298,2021-04-21,VDA,869,410,459,588,249,32,ITC,ITC2,2,Valle d'Aosta / Vallée d'Aoste,Valle d'Aosta,125666,90579,72.08,0.69
5299,2021-07-13,VDA,1063,567,496,309,748,6,ITC,ITC2,2,Valle d'Aosta / Vallée d'Aoste,Valle d'Aosta,125666,91642,72.93,0.85
5300,2021-06-05,VDA,927,477,450,730,188,9,ITC,ITC2,2,Valle d'Aosta / Vallée d'Aoste,Valle d'Aosta,125666,92569,73.66,0.74
5301,2021-02-11,VDA,232,107,125,222,9,1,ITC,ITC2,2,Valle d'Aosta / Vallée d'Aoste,Valle d'Aosta,125666,92801,73.85,0.18
5302,2021-07-18,VDA,930,456,474,243,674,13,ITC,ITC2,2,Valle d'Aosta / Vallée d'Aoste,Valle d'Aosta,125666,93731,74.59,0.74
5303,2021-04-09,VDA,238,111,127,201,33,4,ITC,ITC2,2,Valle d'Aosta / Vallée d'Aoste,Valle d'Aosta,125666,93969,74.78,0.19
5304,2021-09-13,VDA,289,149,140,14,274,1,ITC,ITC2,2,Valle d'Aosta / Vallée d'Aoste,Valle d'Aosta,125666,94258,75.01,0.23
5305,2021-05-22,VDA,956,505,451,545,401,10,ITC,ITC2,2,Valle d'Aosta / Vallée d'Aoste,Valle d'Aosta,125666,95214,75.77,0.76
5306,2021-08-06,VDA,821,400,421,403,398,20,ITC,ITC2,2,Valle d'Aosta / Vallée d'Aoste,Valle d'Aosta,125666,96035,76.42,0.65
5307,2021-08-10,VDA,854,437,417,581,263,10,ITC,ITC2,2,Valle d'Aosta / Vallée d'Aoste,Valle d'Aosta,125666,96889,77.1,0.68
5308,2021-01-30,VDA,440,203,237,12,426,2,ITC,ITC2,2,Valle d'Aosta / Vallée d'Aoste,Valle d'Aosta,125666,97329,77.45,0.35
5309,2021-01-25,VDA,150,67,83,1,149,0,ITC,ITC2,2,Valle d'Aosta / Vallée d'Aoste,Valle d'Aosta,125666,97479,77.57,0.12
5310,2021-07-10,VDA,1295,670,625,320,964,11,ITC,ITC2,2,Valle d'Aosta / Vallée d'Aoste,Valle d'Aosta,125666,98774,78.6,1.03
5311,2021-03-19,VDA,322,85,237,285,35,2,ITC,ITC2,2,Valle d'Aosta / Vallée d'Aoste,Valle d'Aosta,125666,99096,78.86,0.26
5312,2021-05-07,VDA,566,247,319,514,30,22,ITC,ITC2,2,Valle d'Aosta / Vallée d'Aoste,Valle d'Aosta,125666,99662,79.31,0.45
5313,2021-04-23,VDA,923,443,480,511,383,29,ITC,ITC2,2,Valle d'Aosta / Vallée d'Aoste,Valle d'Aosta,125666,100585,80.04,0.73
5314,2021-01-13,VDA,338,110,228,338,0,0,ITC,ITC2,2,Valle d'Aosta / Vallée d'Aoste,Valle d'Aosta,125666,100923,80.31,0.27
5315,2021-07-29,VDA,997,508,489,320,667,10,ITC,ITC2,2,Valle d'Aosta / Vallée d'Aoste,Valle d'Aosta,125666,101920,81.1,0.79
5316,2021-07-15,VDA,1099,596,503,288,800,11,ITC,ITC2,2,Valle d'Aosta / Vallée d'Aoste,Valle d'Aosta,125666,103019,81.98,0.87
5317,2021-04-06,VDA,743,382,361,598,112,33,ITC,ITC2,2,Valle d'Aosta / Vallée d'Aoste,Valle d'Aosta,125666,103762,82.57,0.59
5318,2021-01-16,VDA,238,80,158,238,0,0,ITC,ITC2,2,Valle d'Aosta / Vallée d'Aoste,Valle d'Aosta,125666,104000,82.76,0.19
5319,2021-06-22,VDA,1192,666,526,531,649,12,ITC,ITC2,2,Valle d'Aosta / Vallée d'Aoste,Valle d'Aosta,125666,105192,83.71,0.95
5320,2021-03-14,VDA,394,202,192,376,0,18,ITC,ITC2,2,Valle d'Aosta / Vallée d'Aoste,Valle d'Aosta,125666,105586,84.02,0.31
5321,2021-04-26,VDA,718,330,388,516,170,32,ITC,ITC2,2,Valle d'Aosta / Vallée d'Aoste,Valle d'Aosta,125666,106304,84.59,0.57
5322,2021-08-27,VDA,498,259,239,126,366,6,ITC,ITC2,2,Valle d'Aosta / Vallée d'Aoste,Valle d'Aosta,125666,106802,84.99,0.4
5323,2021-07-01,VDA,962,473,489,328,621,13,ITC,ITC2,2,Valle d'Aosta / Vallée d'Aoste,Valle d'Aosta,125666,107764,85.75,0.77
5324,2021-03-21,VDA,360,169,191,351,0,9,ITC,ITC2,2,Valle d'Aosta / Vallée d'Aoste,Valle d'Aosta,125666,108124,86.04,0.29
5325,2021-06-29,VDA,782,390,392,236,543,3,ITC,ITC2,2,Valle d'Aosta / Vallée d'Aoste,Valle d'Aosta,125666,108906,86.66,0.62
5326,2021-06-10,VDA,1058,611,447,1007,41,10,ITC,ITC2,2,Valle d'Aosta / Vallée d'Aoste,Valle d'Aosta,125666,109964,87.5,0.84
5327,2021-03-02,VDA,340,166,174,291,3,46,ITC,ITC2,2,Valle d'Aosta / Vallée d'Aoste,Valle d'Aosta,125666,110304,87.78,0.27
5328,2021-04-07,VDA,910,474,436,655,229,26,ITC,ITC2,2,Valle d'Aosta / Vallée d'Aoste,Valle d'Aosta,125666,111214,88.5,0.72
5329,2021-09-08,VDA,607,307,300,207,346,54,ITC,ITC2,2,Valle d'Aosta / Vallée d'Aoste,Valle d'Aosta,125666,111821,88.98,0.48
5330,2021-02-09,VDA,255,86,169,70,184,1,ITC,ITC2,2,Valle d'Aosta / Vallée d'Aoste,Valle d'Aosta,125666,112076,89.19,0.2
5331,2021-07-25,VDA,1021,494,527,262,749,10,ITC,ITC2,2,Valle d'Aosta / Vallée d'Aoste,Valle d'Aosta,125666,113097,90.0,0.81
5332,2021-04-16,VDA,599,261,338,566,2,31,ITC,ITC2,2,Valle d'Aosta / Vallée d'Aoste,Valle d'Aosta,125666,113696,90.47,0.48
5333,2021-04-02,VDA,875,345,530,626,226,23,ITC,ITC2,2,Valle d'Aosta / Vallée d'Aoste,Valle d'Aosta,125666,114571,91.17,0.7
5334,2021-09-06,VDA,495,245,250,145,319,31,ITC,ITC2,2,Valle d'Aosta / Vallée d'Aoste,Valle d'Aosta,125666,115066,91.56,0.39
5335,2021-05-29,VDA,800,436,364,554,239,7,ITC,ITC2,2,Valle d'Aosta / Vallée d'Aoste,Valle d'Aosta,125666,115866,92.2,0.64
5336,2021-07-11,VDA,908,472,436,253,643,12,ITC,ITC2,2,Valle d'Aosta / Vallée d'Aoste,Valle d'Aosta,125666,116774,92.92,0.72
5337,2021-02-25,VDA,202,101,101,190,8,4,ITC,ITC2,2,Valle d'Aosta / Vallée d'Aoste,Valle d'Aosta,125666,116976,93.08,0.16
5338,2021-07-20,VDA,1121,585,536,387,724,10,ITC,ITC2,2,Valle d'Aosta / Vallée d'Aoste,Valle d'Aosta,125666,118097,93.98,0.89
5339,2021-04-18,VDA,523,255,268,495,2,26,ITC,ITC2,2,Valle d'Aosta / Vallée d'Aoste,Valle d'Aosta,125666,118620,94.39,0.42
5340,2021-06-14,VDA,1017,523,494,575,428,14,ITC,ITC2,2,Valle d'Aosta / Vallée d'Aoste,Valle d'Aosta,125666,119637,95.2,0.81
5341,2021-08-22,VDA,177,88,89,8,169,0,ITC,ITC2,2,Valle d'Aosta / Vallée d'Aoste,Valle d'Aosta,125666,119814,95.34,0.14
5342,2021-05-14,VDA,964,444,520,264,670,30,ITC,ITC2,2,Valle d'Aosta / Vallée d'Aoste,Valle d'Aosta,125666,120778,96.11,0.77
5343,2021-02-01,VDA,409,128,281,86,320,3,ITC,ITC2,2,Valle d'Aosta / Vallée d'Aoste,Valle d'Aosta,125666,121187,96.44,0.33
5344,2021-07-08,VDA,1276,709,567,340,925,11,ITC,ITC2,2,Valle d'Aosta / Vallée d'Aoste,Valle d'Aosta,125666,122463,97.45,1.02
5345,2021-03-30,VDA,402,223,179,364,20,18,ITC,ITC2,2,Valle d'Aosta / Vallée d'Aoste,Valle d'Aosta,125666,122865,97.77,0.32
5346,2021-05-12,VDA,1145,550,595,450,671,24,ITC,ITC2,2,Valle d'Aosta / Vallée d'Aoste,Valle d'Aosta,125666,124010,98.68,0.91
5347,2021-07-17,VDA,987,521,466,249,731,7,ITC,ITC2,2,Valle d'Aosta / Vallée d'Aoste,Valle d'Aosta,125666,124997,99.47,0.79
5348,2021-02-06,VDA,290,104,186,91,198,1,ITC,ITC2,2,Valle d'Aosta / Vallée d'Aoste,Valle d'Aosta,125666,125287,99.7,0.23
5349,2021-04-30,VDA,833,357,476,469,347,17,ITC,ITC2,2,Valle d'Aosta / Vallée d'Aoste,Valle d'Aosta,125666,126120,100.36,0.66
5350,2021-01-20,VDA,64,15,49,64,0,0,ITC,ITC2,2,Valle d'Aosta / Vallée d'Aoste,Valle d'Aosta,125666,126184,100.41,0.05
5351,2021-07-22,VDA,981,519,462,266,704,11,ITC,ITC2,2,Valle d'Aosta / Vallée d'Aoste,Valle d'Aosta,125666,127165,101.19,0.78
5352,2021-01-18,VDA,214,74,140,214,0,0,ITC,ITC2,2,Valle d'Aosta / Vallée d'Aoste,Valle d'Aosta,125666,127379,101.36,0.17
5353,2021-01-09,VDA,445,200,245,445,0,0,ITC,ITC2,2,Valle d'Aosta / Vallée d'Aoste,Valle d'Aosta,125666,127824,101.72,0.35
5354,2021-06-24,VDA,1227,631,596,381,837,9,ITC,ITC2,2,Valle d'Aosta / Vallée d'Aoste,Valle d'Aosta,125666,129051,102.69,0.98
5355,2021-07-03,VDA,937,486,451,391,537,9,ITC,ITC2,2,Valle d'Aosta / Vallée d'Aoste,Valle d'Aosta,125666,129988,103.44,0.75
5356,2021-08-29,VDA,209,120,89,6,202,1,ITC,ITC2,2,Valle d'Aosta / Vallée d'Aoste,Valle d'Aosta,125666,130197,103.61,0.17
5357,2021-03-18,VDA,136,43,93,96,37,3,ITC,ITC2,2,Valle d'Aosta / Vallée d'Aoste,Valle d'Aosta,125666,130333,103.71,0.11
5358,2021-06-26,VDA,1066,512,554,352,707,7,ITC,ITC2,2,Valle d'Aosta / Vallée d'Aoste,Valle d'Aosta,125666,131399,104.56,0.85
5359,2021-03-04,VDA,291,139,152,38,251,2,ITC,ITC2,2,Valle d'Aosta / Vallée d'Aoste,Valle d'Aosta,125666,131690,104.79,0.23
5360,2021-05-26,VDA,1212,587,625,567,634,11,ITC,ITC2,2,Valle d'Aosta / Vallée d'Aoste,Valle d'Aosta,125666,132902,105.76,0.96
5361,2021-09-03,VDA,534,283,251,140,369,25,ITC,ITC2,2,Valle d'Aosta / Vallée d'Aoste,Valle d'Aosta,125666,133436,106.18,0.42
5362,2021-01-11,VDA,328,113,215,328,0,0,ITC,ITC2,2,Valle d'Aosta / Vallée d'Aoste,Valle d'Aosta,125666,133764,106.44,0.26
5363,2021-05-31,VDA,881,396,485,490,380,11,ITC,ITC2,2,Valle d'Aosta / Vallée d'Aoste,Valle d'Aosta,125666,134645,107.15,0.7
5364,2021-07-27,VDA,1125,600,525,564,552,9,ITC,ITC2,2,Valle d'Aosta / Vallée d'Aoste,Valle d'Aosta,125666,135770,108.04,0.9
5365,2021-04-25,VDA,850,409,441,674,139,37,ITC,ITC2,2,Valle d'Aosta / Vallée d'Aoste,Valle d'Aosta,125666,136620,108.72,0.68
5366,2021-06-21,VDA,1124,600,524,608,506,10,ITC,ITC2,2,Valle d'Aosta / Vallée d'Aoste,Valle d'Aosta,125666,137744,109.61,0.89
5367,2021-06-07,VDA,711,347,364,637,61,13,ITC,ITC2,2,Valle d'Aosta / Vallée d'Aoste,Valle d'Aosta,125666,138455,110.18,0.57
5368,2021-02-27,VDA,232,86,146,120,107,5,ITC,ITC2,2,Valle d'Aosta / Vallée d'Aoste,Valle d'Aosta,125666,138687,110.36,0.18
5369,2021-08-03,VDA,939,486,453,567,358,14,ITC,ITC2,2,Valle d'Aosta / Vallée d'Aoste,Valle d'Aosta,125666,139626,111.11,0.75
5370,2021-08-05,VDA,787,406,381,281,480,26,ITC,ITC2,2,Valle d'Aosta / Vallée d'Aoste,Valle d'Aosta,125666,140413,111.74,0.63
5371,2021-01-06,VDA,66,34,32,66,0,0,ITC,ITC2,2,Valle d'Aosta / Vallée d'Aoste,Valle d'Aosta,125666,140479,111.79,0.05
5372,2021-02-18,VDA,349,153,196,256,88,5,ITC,ITC2,2,Valle d'Aosta / Vallée d'Aoste,Valle d'Aosta,125666,140828,112.07,0.28
5373,2021-04-11,VDA,479,208,271,462,0,17,ITC,ITC2,2,Valle d'Aosta / Vallée d'Aoste,Valle d'Aosta,125666,141307,112.45,0.38
5374,2021-04-04,VDA,573,254,319,562,0,11,ITC,ITC2,2,Valle d'Aosta / Vallée d'Aoste,Valle d'Aosta,125666,141880,112.9,0.46
5375,2021-08-17,VDA,560,306,254,210,342,8,ITC,ITC2,2,Valle d'Aosta / Vallée d'Aoste,Valle d'Aosta,125666,142440,113.35,0.45
5376,2021-02-13,VDA,217,197,20,214,1,2,ITC,ITC2,2,Valle d'Aosta / Vallée d'Aoste,Valle d'Aosta,125666,142657,113.52,0.17
5377,2021-02-08,VDA,224,83,141,25,199,0,ITC,ITC2,2,Valle d'Aosta / Vallée d'Aoste,Valle d'Aosta,125666,142881,113.7,0.18
5378,2021-03-23,VDA,381,150,231,230,135,16,ITC,ITC2,2,Valle d'Aosta / Vallée d'Aoste,Valle d'Aosta,125666,143262,114.0,0.3
5379,2021-05-19,VDA,993,498,495,410,575,8,ITC,ITC2,2,Valle d'Aosta / Vallée d'Aoste,Valle d'Aosta,125666,144255,114.79,0.79
5380,2021-09-05,VDA,143,75,68,4,136,3,ITC,ITC2,2,Valle d'Aosta / Vallée d'Aoste,Valle d'Aosta,125666,144398,114.91,0.11
5381,2021-03-16,VDA,186,37,149,109,68,9,ITC,ITC2,2,Valle d'Aosta / Vallée d'Aoste,Valle d'Aosta,125666,144584,115.05,0.15
5382,2021-07-23,VDA,975,485,490,357,609,9,ITC,ITC2,2,Valle d'Aosta / Vallée d'Aoste,Valle d'Aosta,125666,145559,115.83,0.78
5383,2021-01-19,VDA,256,77,179,256,0,0,ITC,ITC2,2,Valle d'Aosta / Vallée d'Aoste,Valle d'Aosta,125666,145815,116.03,0.2
5384,2021-04-12,VDA,487,187,300,305,164,18,ITC,ITC2,2,Valle d'Aosta / Vallée d'Aoste,Valle d'Aosta,125666,146302,116.42,0.39
5385,2021-04-29,VDA,1293,636,657,742,532,19,ITC,ITC2,2,Valle d'Aosta / Vallée d'Aoste,Valle d'Aosta,125666,147595,117.45,1.03
5386,2021-07-21,VDA,1169,639,530,307,850,12,ITC,ITC2,2,Valle d'Aosta / Vallée d'Aoste,Valle d'Aosta,125666,148764,118.38,0.93
5387,2021-07-04,VDA,1192,530,662,349,829,14,ITC,ITC2,2,Valle d'Aosta / Vallée d'Aoste,Valle d'Aosta,125666,149956,119.33,0.95
5388,2021-05-18,VDA,972,484,488,349,619,4,ITC,ITC2,2,Valle d'Aosta / Vallée d'Aoste,Valle d'Aosta,125666,150928,120.1,0.77
5389,2021-02-07,VDA,292,120,172,190,102,0,ITC,ITC2,2,Valle d'Aosta / Vallée d'Aoste,Valle d'Aosta,125666,151220,120.33,0.23
5390,2021-08-09,VDA,674,335,339,249,404,21,ITC,ITC2,2,Valle d'Aosta / Vallée d'Aoste,Valle d'Aosta,125666,151894,120.87,0.54
5391,2021-05-01,VDA,941,564,377,440,484,17,ITC,ITC2,2,Valle d'Aosta / Vallée d'Aoste,Valle d'Aosta,125666,152835,121.62,0.75
5392,2021-04-14,VDA,942,430,512,692,224,26,ITC,ITC2,2,Valle d'Aosta / Vallée d'Aoste,Valle d'Aosta,125666,153777,122.37,0.75
5393,2021-07-06,VDA,886,481,405,158,723,5,ITC,ITC2,2,Valle d'Aosta / Vallée d'Aoste,Valle d'Aosta,125666,154663,123.07,0.71
5394,2021-01-02,VDA,6,5,1,6,0,0,ITC,ITC2,2,Valle d'Aosta / Vallée d'Aoste,Valle d'Aosta,125666,154669,123.08,0.0
5395,2021-03-26,VDA,498,204,294,482,7,9,ITC,ITC2,2,Valle d'Aosta / Vallée d'Aoste,Valle d'Aosta,125666,155167,123.48,0.4
5396,2021-06-17,VDA,991,530,461,635,342,14,ITC,ITC2,2,Valle d'Aosta / Vallée d'Aoste,Valle d'Aosta,125666,156158,124.26,0.79
5397,2021-01-21,VDA,33,12,21,33,0,0,ITC,ITC2,2,Valle d'Aosta / Vallée d'Aoste,Valle d'Aosta,125666,156191,124.29,0.03
5398,2021-01-04,VDA,144,61,83,144,0,0,ITC,ITC2,2,Valle d'Aosta / Vallée d'Aoste,Valle d'Aosta,125666,156335,124.41,0.11
5399,2021-03-28,VDA,524,213,311,497,0,27,ITC,ITC2,2,Valle d'Aosta / Vallée d'Aoste,Valle d'Aosta,125666,156859,124.82,0.42
5400,2021-03-11,VDA,392,164,228,152,239,1,ITC,ITC2,2,Valle d'Aosta / Vallée d'Aoste,Valle d'Aosta,125666,157251,125.13,0.31
5401,2021-06-02,VDA,1217,689,528,810,402,5,ITC,ITC2,2,Valle d'Aosta / Vallée d'Aoste,Valle d'Aosta,125666,158468,126.1,0.97
5402,2021-06-19,VDA,1295,671,624,658,621,16,ITC,ITC2,2,Valle d'Aosta / Vallée d'Aoste,Valle d'Aosta,125666,159763,127.13,1.03
5403,2021-09-10,VDA,615,300,315,208,364,43,ITC,ITC2,2,Valle d'Aosta / Vallée d'Aoste,Valle d'Aosta,125666,160378,127.62,0.49
5404,2021-08-24,VDA,672,370,302,144,518,10,ITC,ITC2,2,Valle d'Aosta / Vallée d'Aoste,Valle d'Aosta,125666,161050,128.16,0.53
5405,2021-03-09,VDA,206,96,110,167,32,7,ITC,ITC2,2,Valle d'Aosta / Vallée d'Aoste,Valle d'Aosta,125666,161256,128.32,0.16
5406,2021-02-20,VDA,257,215,42,244,10,3,ITC,ITC2,2,Valle d'Aosta / Vallée d'Aoste,Valle d'Aosta,125666,161513,128.53,0.2
