,data,area,Vaccinazioni giornaliere,sesso_maschile,sesso_femminile,Operatori sanitari - sociosanitari,Personale non sanitario,Ospiti RSA,categoria_personale_scolastico,categoria_60_69,categoria_70_79,categoria_over80,categoria_soggetti_fragili,categoria_forze_armate,categoria_altro,prima_dose,seconda_dose,codice_NUTS1,codice_NUTS2,codice_regione_ISTAT,nome_area,Regione,popolazione,Totale vaccinazioni,Totale vaccinazioni ogni cento ab,Vaccinazioni giornaliere ogni cento ab
0,2021-02-01,PIE,8642,3053,5589,6170,1404,1068,0,0,0,0,0,0,0,578,8064,ITC,ITC1,1,Piemonte,Piemonte,4356406,8642,0.2,0.2
1,2021-02-05,PIE,9451,3078,6373,5766,2041,1643,0,0,0,1,0,0,0,657,8794,ITC,ITC1,1,Piemonte,Piemonte,4356406,18093,0.42,0.22
2,2021-02-20,PIE,3829,1252,2577,1100,1064,219,1416,0,0,30,0,0,0,3656,173,ITC,ITC1,1,Piemonte,Piemonte,4356406,21922,0.5,0.09
3,2021-03-26,PIE,17730,6976,10754,1163,743,529,2428,3,14,11527,608,708,7,8826,8904,ITC,ITC1,1,Piemonte,Piemonte,4356406,39652,0.91,0.41
4,2021-04-19,PIE,22234,10622,11612,304,159,203,28,786,5398,4735,10600,1,20,17908,4326,ITC,ITC1,1,Piemonte,Piemonte,4356406,61886,1.42,0.51
5,2021-02-19,PIE,5529,2171,3358,1989,1752,666,1078,0,1,34,0,0,9,5027,502,ITC,ITC1,1,Piemonte,Piemonte,4356406,67415,1.55,0.13
6,2021-04-25,PIE,19884,9158,10726,212,108,9,18,1246,6267,2490,9511,8,15,17376,2508,ITC,ITC1,1,Piemonte,Piemonte,4356406,87299,2.0,0.46
7,2021-04-05,PIE,14736,6233,8503,148,115,0,703,1,3904,7987,1844,33,1,12175,2561,ITC,ITC1,1,Piemonte,Piemonte,4356406,102035,2.34,0.34
8,2021-04-15,PIE,29160,13350,15810,895,399,338,53,1197,9487,6823,9935,6,27,23701,5459,ITC,ITC1,1,Piemonte,Piemonte,4356406,131195,3.01,0.67
9,2021-01-16,PIE,7771,2630,5141,4802,1597,1372,0,0,0,0,0,0,0,7771,0,ITC,ITC1,1,Piemonte,Piemonte,4356406,138966,3.19,0.18
10,2021-02-03,PIE,10197,3303,6894,6641,2301,1246,0,2,0,5,0,0,2,611,9586,ITC,ITC1,1,Piemonte,Piemonte,4356406,149163,3.42,0.23
11,2021-04-01,PIE,19274,8032,11242,671,371,289,914,6,1954,13844,960,261,4,11167,8107,ITC,ITC1,1,Piemonte,Piemonte,4356406,168437,3.87,0.44
12,2021-01-19,PIE,6423,2099,4324,3575,1300,1548,0,0,0,0,0,0,0,6414,9,ITC,ITC1,1,Piemonte,Piemonte,4356406,174860,4.01,0.15
13,2021-02-13,PIE,4152,1334,2818,2310,722,1114,5,0,0,1,0,0,0,2931,1221,ITC,ITC1,1,Piemonte,Piemonte,4356406,179012,4.11,0.1
14,2021-01-18,PIE,6164,2047,4117,3238,1403,1523,0,0,0,0,0,0,0,5916,248,ITC,ITC1,1,Piemonte,Piemonte,4356406,185176,4.25,0.14
15,2021-01-03,PIE,3063,967,2096,2715,295,52,0,0,0,0,0,0,1,3063,0,ITC,ITC1,1,Piemonte,Piemonte,4356406,188239,4.32,0.07
16,2021-01-04,PIE,5563,1679,3884,4590,736,235,0,0,0,0,0,0,2,5563,0,ITC,ITC1,1,Piemonte,Piemonte,4356406,193802,4.45,0.13
17,2021-02-12,PIE,6885,2212,4673,3527,1645,1707,2,0,0,4,0,0,0,3928,2957,ITC,ITC1,1,Piemonte,Piemonte,4356406,200687,4.61,0.16
18,2021-03-09,PIE,13939,5417,8522,1688,1543,356,2330,2,6,8007,1,6,0,11597,2342,ITC,ITC1,1,Piemonte,Piemonte,4356406,214626,4.93,0.32
19,2021-02-27,PIE,12678,4846,7832,885,963,232,3038,0,0,7558,1,0,1,12331,347,ITC,ITC1,1,Piemonte,Piemonte,4356406,227304,5.22,0.29
20,2021-03-20,PIE,11912,4896,7016,882,1039,163,1937,20,17,7683,21,21,129,6016,5896,ITC,ITC1,1,Piemonte,Piemonte,4356406,239216,5.49,0.27
21,2021-02-17,PIE,4787,2154,2633,2245,2030,497,1,0,1,1,0,0,12,3798,989,ITC,ITC1,1,Piemonte,Piemonte,4356406,244003,5.6,0.11
22,2021-03-08,PIE,13921,5284,8637,2041,1419,413,2628,1,1,7403,0,12,3,11208,2713,ITC,ITC1,1,Piemonte,Piemonte,4356406,257924,5.92,0.32
23,2021-03-27,PIE,18346,7814,10532,1215,1621,110,2109,13,939,11696,446,191,6,9533,8813,ITC,ITC1,1,Piemonte,Piemonte,4356406,276270,6.34,0.42
24,2021-03-01,PIE,12035,4839,7196,1157,1277,281,2435,0,4,6873,0,7,1,11226,809,ITC,ITC1,1,Piemonte,Piemonte,4356406,288305,6.62,0.28
25,2021-01-29,PIE,5942,1886,4056,4199,1067,673,0,0,0,2,0,0,1,455,5487,ITC,ITC1,1,Piemonte,Piemonte,4356406,294247,6.75,0.14
26,2021-02-16,PIE,3965,1754,2211,1821,1583,548,1,0,4,1,0,1,6,3207,758,ITC,ITC1,1,Piemonte,Piemonte,4356406,298212,6.85,0.09
27,2021-02-14,PIE,1476,498,978,796,381,285,14,0,0,0,0,0,0,876,600,ITC,ITC1,1,Piemonte,Piemonte,4356406,299688,6.88,0.03
28,2021-02-24,PIE,11406,4629,6777,1855,1291,408,2155,0,3,5684,0,5,5,10900,506,ITC,ITC1,1,Piemonte,Piemonte,4356406,311094,7.14,0.26
29,2021-03-31,PIE,19091,8095,10996,963,687,311,687,8,2527,13168,524,209,7,10401,8690,ITC,ITC1,1,Piemonte,Piemonte,4356406,330185,7.58,0.44
30,2021-01-09,PIE,6183,2185,3998,4488,1124,568,0,1,0,0,0,0,2,6183,0,ITC,ITC1,1,Piemonte,Piemonte,4356406,336368,7.72,0.14
31,2021-01-07,PIE,5386,1739,3647,4158,885,341,0,1,0,0,0,0,1,5386,0,ITC,ITC1,1,Piemonte,Piemonte,4356406,341754,7.84,0.12
32,2021-02-09,PIE,7351,2309,5042,4155,1366,1830,0,0,0,0,0,0,0,722,6629,ITC,ITC1,1,Piemonte,Piemonte,4356406,349105,8.01,0.17
33,2021-02-15,PIE,4431,1596,2835,2320,1143,962,1,0,2,2,0,1,0,3226,1205,ITC,ITC1,1,Piemonte,Piemonte,4356406,353536,8.12,0.1
34,2021-01-27,PIE,4196,1453,2743,2983,656,557,0,0,0,0,0,0,0,999,3197,ITC,ITC1,1,Piemonte,Piemonte,4356406,357732,8.21,0.1
35,2021-01-06,PIE,3116,1111,2005,2370,429,313,0,0,1,1,0,0,2,3116,0,ITC,ITC1,1,Piemonte,Piemonte,4356406,360848,8.28,0.07
36,2021-04-20,PIE,25226,11562,13664,706,271,241,35,1204,6105,6602,10047,2,13,18966,6260,ITC,ITC1,1,Piemonte,Piemonte,4356406,386074,8.86,0.58
37,2021-03-11,PIE,13693,5018,8675,2312,1416,381,2184,0,5,7371,0,18,6,10603,3090,ITC,ITC1,1,Piemonte,Piemonte,4356406,399767,9.18,0.31
38,2021-01-20,PIE,6614,2088,4526,3617,1182,1813,0,0,0,0,0,0,2,5897,717,ITC,ITC1,1,Piemonte,Piemonte,4356406,406381,9.33,0.15
39,2021-01-05,PIE,5380,1602,3778,4367,722,285,0,0,2,1,0,0,3,5380,0,ITC,ITC1,1,Piemonte,Piemonte,4356406,411761,9.45,0.12
40,2021-04-02,PIE,20067,8260,11807,885,438,389,879,7,2690,13337,1258,153,31,11660,8407,ITC,ITC1,1,Piemonte,Piemonte,4356406,431828,9.91,0.46
41,2021-04-09,PIE,25750,11339,14411,1217,523,252,46,41,7359,11133,5129,35,15,21242,4508,ITC,ITC1,1,Piemonte,Piemonte,4356406,457578,10.5,0.59
42,2021-01-28,PIE,5588,1809,3779,4118,878,590,0,1,0,1,0,0,0,384,5204,ITC,ITC1,1,Piemonte,Piemonte,4356406,463166,10.63,0.13
43,2021-02-25,PIE,12209,5247,6962,1446,2064,405,1959,0,2,6329,0,1,3,11663,546,ITC,ITC1,1,Piemonte,Piemonte,4356406,475375,10.91,0.28
44,2021-01-15,PIE,8967,2954,6013,5499,1922,1546,0,0,0,0,0,0,0,8967,0,ITC,ITC1,1,Piemonte,Piemonte,4356406,484342,11.12,0.21
45,2021-04-07,PIE,23515,9950,13565,950,441,268,533,7,5775,12359,3050,66,66,18060,5455,ITC,ITC1,1,Piemonte,Piemonte,4356406,507857,11.66,0.54
46,2021-01-11,PIE,8741,2980,5761,6054,1559,1126,0,1,0,0,0,0,1,8741,0,ITC,ITC1,1,Piemonte,Piemonte,4356406,516598,11.86,0.2
47,2021-02-02,PIE,10236,3507,6729,6870,2049,1317,0,0,0,0,0,0,0,815,9421,ITC,ITC1,1,Piemonte,Piemonte,4356406,526834,12.09,0.23
48,2021-02-11,PIE,6764,2107,4657,3424,1326,2010,3,0,0,0,0,0,1,3006,3758,ITC,ITC1,1,Piemonte,Piemonte,4356406,533598,12.25,0.16
49,2021-03-02,PIE,11192,4502,6690,907,1122,215,2517,0,4,6416,0,9,2,10376,816,ITC,ITC1,1,Piemonte,Piemonte,4356406,544790,12.51,0.26
50,2021-03-07,PIE,11968,4656,7312,1322,1134,111,2050,0,5,7344,0,0,2,11088,880,ITC,ITC1,1,Piemonte,Piemonte,4356406,556758,12.78,0.27
51,2021-01-14,PIE,9763,3151,6612,6177,2100,1484,0,0,0,0,0,0,2,9763,0,ITC,ITC1,1,Piemonte,Piemonte,4356406,566521,13.0,0.22
52,2021-03-25,PIE,17064,7191,9873,1035,963,626,1375,4,25,12003,559,467,7,8429,8635,ITC,ITC1,1,Piemonte,Piemonte,4356406,583585,13.4,0.39
53,2021-01-23,PIE,4256,1325,2931,3208,528,520,0,0,0,0,0,0,0,879,3377,ITC,ITC1,1,Piemonte,Piemonte,4356406,587841,13.49,0.1
54,2021-03-13,PIE,13032,4717,8315,1169,996,158,2138,1,3,8558,0,4,5,11589,1443,ITC,ITC1,1,Piemonte,Piemonte,4356406,600873,13.79,0.3
55,2021-01-17,PIE,3517,1168,2349,2082,595,840,0,0,0,0,0,0,0,2870,647,ITC,ITC1,1,Piemonte,Piemonte,4356406,604390,13.87,0.08
56,2021-04-08,PIE,25037,10872,14165,1055,522,273,412,22,7372,11238,4030,107,6,20308,4729,ITC,ITC1,1,Piemonte,Piemonte,4356406,629427,14.45,0.57
57,2021-01-26,PIE,6329,1878,4451,4726,874,728,0,0,0,0,0,0,1,735,5594,ITC,ITC1,1,Piemonte,Piemonte,4356406,635756,14.59,0.15
58,2021-04-24,PIE,26814,12157,14657,460,167,21,22,2624,8087,5140,10249,18,26,21210,5604,ITC,ITC1,1,Piemonte,Piemonte,4356406,662570,15.21,0.62
59,2021-03-17,PIE,12509,5050,7459,2083,806,236,9,1,9,9100,9,250,6,5221,7288,ITC,ITC1,1,Piemonte,Piemonte,4356406,675079,15.5,0.29
60,2021-03-14,PIE,8200,3331,4869,794,588,2,990,0,5,5815,0,1,5,5307,2893,ITC,ITC1,1,Piemonte,Piemonte,4356406,683279,15.68,0.19
61,2021-02-04,PIE,10198,3337,6861,6235,2198,1763,0,0,0,0,0,0,2,588,9610,ITC,ITC1,1,Piemonte,Piemonte,4356406,693477,15.92,0.23
62,2021-04-26,PIE,19153,8484,10669,292,97,80,44,1441,3276,4697,9203,11,12,14816,4337,ITC,ITC1,1,Piemonte,Piemonte,4356406,712630,16.36,0.44
63,2021-02-10,PIE,7532,2369,5163,3905,1529,2097,0,0,0,0,0,0,1,1316,6216,ITC,ITC1,1,Piemonte,Piemonte,4356406,720162,16.53,0.17
64,2021-01-31,PIE,4106,1748,2358,3077,654,375,0,0,0,0,0,0,0,112,3994,ITC,ITC1,1,Piemonte,Piemonte,4356406,724268,16.63,0.09
65,2021-02-18,PIE,4784,2089,2695,2254,1898,624,2,0,0,0,0,1,5,4354,430,ITC,ITC1,1,Piemonte,Piemonte,4356406,729052,16.74,0.11
66,2020-12-30,PIE,730,322,408,685,45,0,0,0,0,0,0,0,0,730,0,ITC,ITC1,1,Piemonte,Piemonte,4356406,729782,16.75,0.02
67,2021-03-19,PIE,11012,4508,6504,1126,650,432,271,3,19,8179,25,301,6,4413,6599,ITC,ITC1,1,Piemonte,Piemonte,4356406,740794,17.0,0.25
68,2021-03-28,PIE,16035,6892,9143,926,1914,34,2480,3,461,8926,1076,208,7,8427,7608,ITC,ITC1,1,Piemonte,Piemonte,4356406,756829,17.37,0.37
69,2020-12-31,PIE,3909,1334,2575,3415,356,134,0,0,0,0,0,0,4,3909,0,ITC,ITC1,1,Piemonte,Piemonte,4356406,760738,17.46,0.09
70,2021-04-06,PIE,20176,8778,11398,647,592,260,1319,13,5170,9634,2403,113,25,15000,5176,ITC,ITC1,1,Piemonte,Piemonte,4356406,780914,17.93,0.46
71,2021-02-07,PIE,3087,974,2113,1648,662,777,0,0,0,0,0,0,0,445,2642,ITC,ITC1,1,Piemonte,Piemonte,4356406,784001,18.0,0.07
72,2021-04-12,PIE,22872,10322,12550,612,296,243,60,236,7762,7327,6279,10,47,19890,2982,ITC,ITC1,1,Piemonte,Piemonte,4356406,806873,18.52,0.53
73,2021-01-08,PIE,5530,1761,3769,4078,1027,422,0,0,0,0,0,0,3,5530,0,ITC,ITC1,1,Piemonte,Piemonte,4356406,812403,18.65,0.13
74,2021-04-11,PIE,20795,9307,11488,399,231,68,254,217,7627,6874,5110,5,10,18633,2162,ITC,ITC1,1,Piemonte,Piemonte,4356406,833198,19.13,0.48
75,2021-03-18,PIE,11738,4797,6941,1463,770,343,18,3,14,8871,7,235,14,4028,7710,ITC,ITC1,1,Piemonte,Piemonte,4356406,844936,19.4,0.27
76,2021-01-21,PIE,6880,2314,4566,4707,840,1318,0,3,0,0,0,0,12,3385,3495,ITC,ITC1,1,Piemonte,Piemonte,4356406,851816,19.55,0.16
77,2021-02-26,PIE,12281,4927,7354,843,1436,490,2896,0,1,6613,0,1,1,11544,737,ITC,ITC1,1,Piemonte,Piemonte,4356406,864097,19.84,0.28
78,2021-03-03,PIE,12114,4640,7474,1103,1025,257,2665,0,2,7059,0,3,0,11295,819,ITC,ITC1,1,Piemonte,Piemonte,4356406,876211,20.11,0.28
79,2021-03-05,PIE,15260,5956,9304,2540,2011,655,2370,1,5,7673,1,4,0,11443,3817,ITC,ITC1,1,Piemonte,Piemonte,4356406,891471,20.46,0.35
80,2021-02-23,PIE,9231,3712,5519,2298,1346,389,1052,0,2,4106,0,33,5,8651,580,ITC,ITC1,1,Piemonte,Piemonte,4356406,900702,20.68,0.21
81,2021-01-25,PIE,6213,1938,4275,4786,862,562,0,0,1,1,0,0,1,983,5230,ITC,ITC1,1,Piemonte,Piemonte,4356406,906915,20.82,0.14
82,2021-01-01,PIE,1038,395,643,922,116,0,0,0,0,0,0,0,0,1038,0,ITC,ITC1,1,Piemonte,Piemonte,4356406,907953,20.84,0.02
83,2021-03-06,PIE,13988,5209,8779,2262,1126,462,2697,1,2,7437,1,0,0,11199,2789,ITC,ITC1,1,Piemonte,Piemonte,4356406,921941,21.16,0.32
84,2021-04-04,PIE,9241,4053,5188,197,302,0,294,0,2034,4226,2173,9,6,6529,2712,ITC,ITC1,1,Piemonte,Piemonte,4356406,931182,21.38,0.21
85,2021-03-16,PIE,10517,4267,6250,2229,872,322,13,7,10,6798,65,162,39,4462,6055,ITC,ITC1,1,Piemonte,Piemonte,4356406,941699,21.62,0.24
86,2021-04-22,PIE,27062,12444,14618,589,330,412,60,1634,5328,6359,12292,20,38,20550,6512,ITC,ITC1,1,Piemonte,Piemonte,4356406,968761,22.24,0.62
87,2020-12-27,PIE,913,369,544,761,73,76,0,1,0,0,0,0,2,913,0,ITC,ITC1,1,Piemonte,Piemonte,4356406,969674,22.26,0.02
88,2021-01-22,PIE,3864,1248,2616,2280,649,934,0,0,0,1,0,0,0,2523,1341,ITC,ITC1,1,Piemonte,Piemonte,4356406,973538,22.35,0.09
89,2021-04-21,PIE,25357,11675,13682,792,355,263,45,1392,7051,6044,9384,11,20,20057,5300,ITC,ITC1,1,Piemonte,Piemonte,4356406,998895,22.93,0.58
90,2021-03-12,PIE,13909,5154,8755,2142,1295,472,2274,0,4,7627,6,88,1,10975,2934,ITC,ITC1,1,Piemonte,Piemonte,4356406,1012804,23.25,0.32
91,2021-04-18,PIE,22897,10807,12090,341,240,24,46,912,5673,4368,11266,10,17,20146,2751,ITC,ITC1,1,Piemonte,Piemonte,4356406,1035701,23.77,0.53
92,2021-04-17,PIE,30200,14053,16147,746,317,116,56,2803,9971,4857,11310,9,15,26935,3265,ITC,ITC1,1,Piemonte,Piemonte,4356406,1065901,24.47,0.69
93,2021-03-10,PIE,13578,5124,8454,1666,1339,280,2240,1,6,8017,1,27,1,11284,2294,ITC,ITC1,1,Piemonte,Piemonte,4356406,1079479,24.78,0.31
94,2021-04-03,PIE,19381,8112,11269,309,237,76,540,13,2973,13411,1662,114,46,10835,8546,ITC,ITC1,1,Piemonte,Piemonte,4356406,1098860,25.22,0.44
95,2021-02-22,PIE,8467,3464,5003,1705,1398,512,920,2,4,3914,0,9,3,7877,590,ITC,ITC1,1,Piemonte,Piemonte,4356406,1107327,25.42,0.19
96,2021-02-28,PIE,10812,4058,6754,642,501,53,2790,1,1,6822,0,0,2,10572,240,ITC,ITC1,1,Piemonte,Piemonte,4356406,1118139,25.67,0.25
97,2021-02-08,PIE,6916,2355,4561,3786,1557,1572,0,0,0,0,0,0,1,666,6250,ITC,ITC1,1,Piemonte,Piemonte,4356406,1125055,25.83,0.16
98,2021-02-21,PIE,5086,2080,3006,685,263,47,737,0,0,3353,0,0,1,4984,102,ITC,ITC1,1,Piemonte,Piemonte,4356406,1130141,25.94,0.12
99,2021-01-10,PIE,5214,2275,2939,3912,781,519,0,0,0,0,0,0,2,5214,0,ITC,ITC1,1,Piemonte,Piemonte,4356406,1135355,26.06,0.12
100,2021-04-14,PIE,27348,12405,14943,860,434,445,60,782,10041,7025,7674,9,18,22834,4514,ITC,ITC1,1,Piemonte,Piemonte,4356406,1162703,26.69,0.63
101,2021-01-12,PIE,10046,3404,6642,6862,2010,1170,0,2,0,0,0,0,2,10046,0,ITC,ITC1,1,Piemonte,Piemonte,4356406,1172749,26.92,0.23
102,2021-03-21,PIE,10586,4679,5907,585,1475,9,1318,2,165,6897,1,133,1,4063,6523,ITC,ITC1,1,Piemonte,Piemonte,4356406,1183335,27.16,0.24
103,2021-03-29,PIE,15117,6360,8757,416,542,137,1330,1,1259,10371,732,327,2,8506,6611,ITC,ITC1,1,Piemonte,Piemonte,4356406,1198452,27.51,0.35
104,2021-04-23,PIE,26922,12391,14531,694,271,248,30,1795,5220,6332,12271,41,20,20249,6673,ITC,ITC1,1,Piemonte,Piemonte,4356406,1225374,28.13,0.62
105,2021-03-15,PIE,10644,4155,6489,1716,1460,231,1469,2,5,5731,0,28,2,5028,5616,ITC,ITC1,1,Piemonte,Piemonte,4356406,1236018,28.37,0.24
106,2021-03-30,PIE,16874,7025,9849,784,435,287,994,6,1375,12117,574,298,4,9004,7870,ITC,ITC1,1,Piemonte,Piemonte,4356406,1252892,28.76,0.39
107,2021-01-30,PIE,5978,2135,3843,4367,1116,495,0,0,0,0,0,0,0,218,5760,ITC,ITC1,1,Piemonte,Piemonte,4356406,1258870,28.9,0.14
108,2021-04-16,PIE,27894,12993,14901,1040,463,412,76,1624,7578,5776,10889,5,31,23036,4858,ITC,ITC1,1,Piemonte,Piemonte,4356406,1286764,29.54,0.64
109,2020-12-28,PIE,1,1,0,1,0,0,0,0,0,0,0,0,0,1,0,ITC,ITC1,1,Piemonte,Piemonte,4356406,1286765,29.54,0.0
110,2021-01-13,PIE,10080,3223,6857,6486,2261,1329,0,0,0,0,0,0,4,10080,0,ITC,ITC1,1,Piemonte,Piemonte,4356406,1296845,29.77,0.23
111,2021-04-13,PIE,25767,11537,14230,665,266,261,121,897,10355,6994,6178,7,23,22335,3432,ITC,ITC1,1,Piemonte,Piemonte,4356406,1322612,30.36,0.59
112,2021-02-06,PIE,7983,2664,5319,5101,1629,1251,0,0,0,1,0,0,1,400,7583,ITC,ITC1,1,Piemonte,Piemonte,4356406,1330595,30.54,0.18
113,2021-04-10,PIE,30097,13374,16723,897,454,138,134,352,11979,10214,5906,15,8,25792,4305,ITC,ITC1,1,Piemonte,Piemonte,4356406,1360692,31.23,0.69
114,2021-03-22,PIE,11433,4843,6590,874,910,181,1221,1,9,7914,72,249,2,3850,7583,ITC,ITC1,1,Piemonte,Piemonte,4356406,1372125,31.5,0.26
115,2021-03-04,PIE,14479,5727,8752,2186,1950,609,2190,0,2,7535,0,3,4,11530,2949,ITC,ITC1,1,Piemonte,Piemonte,4356406,1386604,31.83,0.33
116,2021-03-24,PIE,15473,6334,9139,1072,766,479,840,5,21,11510,394,376,10,6347,9126,ITC,ITC1,1,Piemonte,Piemonte,4356406,1402077,32.18,0.36
117,2021-03-23,PIE,12986,5397,7589,689,1020,222,1334,5,15,9240,276,174,11,6749,6237,ITC,ITC1,1,Piemonte,Piemonte,4356406,1415063,32.48,0.3
118,2021-01-02,PIE,3544,1134,2410,3078,410,53,0,1,0,0,0,0,2,3544,0,ITC,ITC1,1,Piemonte,Piemonte,4356406,1418607,32.56,0.08
119,2021-01-24,PIE,3153,959,2194,2634,372,146,0,0,0,0,0,0,1,434,2719,ITC,ITC1,1,Piemonte,Piemonte,4356406,1421760,32.64,0.07
120,2021-02-01,UMB,1260,333,927,875,33,352,0,0,0,0,0,0,0,47,1213,ITI,ITI2,10,Umbria,Umbria,882015,1260,0.14,0.14
121,2021-04-12,UMB,7070,3070,4000,204,17,0,17,30,2414,2910,1462,4,12,5352,1718,ITI,ITI2,10,Umbria,Umbria,882015,8330,0.94,0.8
122,2021-02-20,UMB,282,100,182,83,7,39,0,0,0,152,0,0,1,258,24,ITI,ITI2,10,Umbria,Umbria,882015,8612,0.98,0.03
123,2021-01-02,UMB,301,110,191,301,0,0,0,0,0,0,0,0,0,301,0,ITI,ITI2,10,Umbria,Umbria,882015,8913,1.01,0.03
124,2021-01-11,UMB,1281,337,944,879,12,384,0,1,0,0,0,0,5,1281,0,ITI,ITI2,10,Umbria,Umbria,882015,10194,1.16,0.15
125,2021-03-09,UMB,4029,1951,2078,143,566,106,23,0,1,2912,7,217,54,2737,1292,ITI,ITI2,10,Umbria,Umbria,882015,14223,1.61,0.46
126,2021-01-25,UMB,647,322,325,645,2,0,0,0,0,0,0,0,0,5,642,ITI,ITI2,10,Umbria,Umbria,882015,14870,1.69,0.07
127,2021-01-19,UMB,103,23,80,21,2,80,0,0,0,0,0,0,0,103,0,ITI,ITI2,10,Umbria,Umbria,882015,14973,1.7,0.01
128,2021-02-06,UMB,396,138,258,333,47,16,0,0,0,0,0,0,0,34,362,ITI,ITI2,10,Umbria,Umbria,882015,15369,1.74,0.04
129,2021-01-04,UMB,809,397,412,809,0,0,0,0,0,0,0,0,0,809,0,ITI,ITI2,10,Umbria,Umbria,882015,16178,1.83,0.09
130,2021-04-10,UMB,7431,3495,3936,81,62,30,50,49,2468,689,3970,18,14,7317,114,ITI,ITI2,10,Umbria,Umbria,882015,23609,2.68,0.84
131,2021-02-05,UMB,780,234,546,645,51,84,0,0,0,0,0,0,0,18,762,ITI,ITI2,10,Umbria,Umbria,882015,24389,2.77,0.09
132,2021-02-03,UMB,725,174,551,560,34,131,0,0,0,0,0,0,0,67,658,ITI,ITI2,10,Umbria,Umbria,882015,25114,2.85,0.08
133,2021-02-26,UMB,660,253,407,386,73,40,3,0,0,154,0,4,0,652,8,ITI,ITI2,10,Umbria,Umbria,882015,25774,2.92,0.07
134,2021-01-07,UMB,1291,383,908,884,1,404,0,0,0,1,0,0,1,1291,0,ITI,ITI2,10,Umbria,Umbria,882015,27065,3.07,0.15
135,2021-03-11,UMB,3563,1695,1868,144,652,263,158,0,0,2018,1,291,36,2557,1006,ITI,ITI2,10,Umbria,Umbria,882015,30628,3.47,0.4
136,2021-03-14,UMB,66,48,18,0,6,1,4,6,2,0,0,0,47,66,0,ITI,ITI2,10,Umbria,Umbria,882015,30694,3.48,0.01
137,2021-04-24,UMB,4505,1948,2557,42,15,0,81,34,1117,1033,2178,3,2,3365,1140,ITI,ITI2,10,Umbria,Umbria,882015,35199,3.99,0.51
138,2021-04-22,UMB,5337,2199,3138,258,21,76,5,37,727,2999,1199,7,8,2696,2641,ITI,ITI2,10,Umbria,Umbria,882015,40536,4.6,0.61
139,2021-01-06,UMB,843,323,520,840,0,0,0,1,0,0,0,0,2,843,0,ITI,ITI2,10,Umbria,Umbria,882015,41379,4.69,0.1
140,2021-03-10,UMB,4009,1924,2085,123,783,180,75,3,3,2565,6,263,8,2753,1256,ITI,ITI2,10,Umbria,Umbria,882015,45388,5.15,0.45
141,2021-03-06,UMB,4267,1110,3157,422,186,26,2322,6,5,1128,0,125,47,4124,143,ITI,ITI2,10,Umbria,Umbria,882015,49655,5.63,0.48
142,2021-02-16,UMB,1307,655,652,34,4,0,0,2,1,1262,4,0,0,1298,9,ITI,ITI2,10,Umbria,Umbria,882015,50962,5.78,0.15
143,2021-04-21,UMB,5274,2295,2979,237,9,1,9,72,1041,2691,1201,5,8,3054,2220,ITI,ITI2,10,Umbria,Umbria,882015,56236,6.38,0.6
144,2021-02-17,UMB,1618,748,870,363,4,0,1,0,6,1240,1,0,3,1267,351,ITI,ITI2,10,Umbria,Umbria,882015,57854,6.56,0.18
145,2021-03-01,UMB,1503,774,729,110,10,0,1,0,0,1249,0,133,0,1389,114,ITI,ITI2,10,Umbria,Umbria,882015,59357,6.73,0.17
146,2021-01-05,UMB,850,428,422,847,0,0,0,1,0,0,0,0,2,850,0,ITI,ITI2,10,Umbria,Umbria,882015,60207,6.83,0.1
147,2021-04-03,UMB,2089,709,1380,143,208,30,216,5,32,1262,169,21,3,1056,1033,ITI,ITI2,10,Umbria,Umbria,882015,62296,7.06,0.24
148,2021-02-24,UMB,1520,565,955,1083,45,90,0,1,0,292,0,9,0,1505,15,ITI,ITI2,10,Umbria,Umbria,882015,63816,7.24,0.17
149,2021-01-16,UMB,221,73,148,146,32,43,0,0,0,0,0,0,0,221,0,ITI,ITI2,10,Umbria,Umbria,882015,64037,7.26,0.03
150,2021-04-01,UMB,4316,1787,2529,204,14,309,19,4,7,3255,452,5,47,2320,1996,ITI,ITI2,10,Umbria,Umbria,882015,68353,7.75,0.49
151,2021-03-20,UMB,2295,832,1463,317,680,21,1200,0,0,0,0,72,5,2270,25,ITI,ITI2,10,Umbria,Umbria,882015,70648,8.01,0.26
152,2021-02-08,UMB,637,203,434,368,111,154,0,0,0,0,0,4,0,88,549,ITI,ITI2,10,Umbria,Umbria,882015,71285,8.08,0.07
153,2021-01-15,UMB,698,214,484,588,44,66,0,0,0,0,0,0,0,698,0,ITI,ITI2,10,Umbria,Umbria,882015,71983,8.16,0.08
154,2021-01-09,UMB,1719,492,1227,888,7,824,0,0,0,0,0,0,0,1719,0,ITI,ITI2,10,Umbria,Umbria,882015,73702,8.36,0.19
155,2021-01-14,UMB,752,201,551,697,35,19,1,0,0,0,0,0,0,752,0,ITI,ITI2,10,Umbria,Umbria,882015,74454,8.44,0.09
156,2021-03-29,UMB,3798,1648,2150,247,42,58,26,9,11,2831,534,21,19,2319,1479,ITI,ITI2,10,Umbria,Umbria,882015,78252,8.87,0.43
157,2021-03-05,UMB,4591,1379,3212,604,320,7,2554,2,1,712,0,383,8,3935,656,ITI,ITI2,10,Umbria,Umbria,882015,82843,9.39,0.52
158,2021-02-02,UMB,942,274,668,713,16,212,0,0,0,0,0,0,1,32,910,ITI,ITI2,10,Umbria,Umbria,882015,83785,9.5,0.11
159,2021-04-18,UMB,1528,680,848,67,11,0,41,2,171,839,376,21,0,597,931,ITI,ITI2,10,Umbria,Umbria,882015,85313,9.67,0.17
160,2021-03-15,UMB,4595,1929,2666,1425,264,79,263,2,1,2343,7,206,5,2827,1768,ITI,ITI2,10,Umbria,Umbria,882015,89908,10.19,0.52
161,2021-02-10,UMB,715,349,366,606,106,3,0,0,0,0,0,0,0,700,15,ITI,ITI2,10,Umbria,Umbria,882015,90623,10.27,0.08
162,2021-04-14,UMB,8085,3646,4439,226,35,15,19,57,2882,3139,1693,12,7,6106,1979,ITI,ITI2,10,Umbria,Umbria,882015,98708,11.19,0.92
163,2021-03-07,UMB,845,180,665,17,82,25,676,0,0,45,0,0,0,838,7,ITI,ITI2,10,Umbria,Umbria,882015,99553,11.29,0.1
164,2021-01-13,UMB,450,139,311,379,29,42,0,0,0,0,0,0,0,450,0,ITI,ITI2,10,Umbria,Umbria,882015,100003,11.34,0.05
165,2021-04-07,UMB,5519,2274,3245,482,42,92,19,8,919,3180,757,18,2,3514,2005,ITI,ITI2,10,Umbria,Umbria,882015,105522,11.96,0.63
166,2021-03-13,UMB,1731,524,1207,120,154,49,1152,3,0,152,0,91,10,1486,245,ITI,ITI2,10,Umbria,Umbria,882015,107253,12.16,0.2
167,2021-01-18,UMB,613,219,394,347,114,144,0,2,1,0,0,0,5,529,84,ITI,ITI2,10,Umbria,Umbria,882015,107866,12.23,0.07
168,2021-02-15,UMB,1368,692,676,10,4,0,0,0,1,1351,2,0,0,1367,1,ITI,ITI2,10,Umbria,Umbria,882015,109234,12.38,0.16
169,2021-03-27,UMB,4252,1512,2740,752,595,1,576,4,7,2238,1,24,54,3912,340,ITI,ITI2,10,Umbria,Umbria,882015,113486,12.87,0.48
170,2021-03-04,UMB,4485,1853,2632,849,184,4,1466,2,0,1563,0,410,7,3657,828,ITI,ITI2,10,Umbria,Umbria,882015,117971,13.38,0.51
171,2021-04-02,UMB,4261,1708,2553,376,318,68,331,3,23,884,2155,35,68,3516,745,ITI,ITI2,10,Umbria,Umbria,882015,122232,13.86,0.48
172,2021-01-27,UMB,838,329,509,837,1,0,0,0,0,0,0,0,0,13,825,ITI,ITI2,10,Umbria,Umbria,882015,123070,13.95,0.1
173,2021-02-13,UMB,115,28,87,68,46,0,0,0,0,1,0,0,0,112,3,ITI,ITI2,10,Umbria,Umbria,882015,123185,13.97,0.01
174,2021-01-26,UMB,814,390,424,813,1,0,0,0,0,0,0,0,0,18,796,ITI,ITI2,10,Umbria,Umbria,882015,123999,14.06,0.09
175,2021-01-31,UMB,1056,276,780,765,10,281,0,0,0,0,0,0,0,25,1031,ITI,ITI2,10,Umbria,Umbria,882015,125055,14.18,0.12
176,2021-04-13,UMB,7636,3380,4256,218,23,21,19,60,2832,2875,1570,8,10,5967,1669,ITI,ITI2,10,Umbria,Umbria,882015,132691,15.04,0.87
177,2021-03-30,UMB,3942,1703,2239,179,31,108,20,0,0,3069,432,15,88,2410,1532,ITI,ITI2,10,Umbria,Umbria,882015,136633,15.49,0.45
178,2021-01-20,UMB,613,222,391,583,15,14,1,0,0,0,0,0,0,613,0,ITI,ITI2,10,Umbria,Umbria,882015,137246,15.56,0.07
179,2021-01-03,UMB,267,111,156,267,0,0,0,0,0,0,0,0,0,267,0,ITI,ITI2,10,Umbria,Umbria,882015,137513,15.59,0.03
180,2021-02-12,UMB,671,224,447,459,208,1,2,0,0,1,0,0,0,665,6,ITI,ITI2,10,Umbria,Umbria,882015,138184,15.67,0.08
181,2021-01-22,UMB,276,105,171,273,1,2,0,0,0,0,0,0,0,32,244,ITI,ITI2,10,Umbria,Umbria,882015,138460,15.7,0.03
182,2021-03-08,UMB,3668,1799,1869,141,289,46,42,0,1,2855,2,292,0,2305,1363,ITI,ITI2,10,Umbria,Umbria,882015,142128,16.11,0.42
183,2021-04-17,UMB,6610,3042,3568,158,31,14,127,38,1728,1436,3061,10,7,5268,1342,ITI,ITI2,10,Umbria,Umbria,882015,148738,16.86,0.75
184,2021-01-23,UMB,277,100,177,276,1,0,0,0,0,0,0,0,0,2,275,ITI,ITI2,10,Umbria,Umbria,882015,149015,16.89,0.03
185,2021-02-04,UMB,733,226,507,693,20,20,0,0,0,0,0,0,0,25,708,ITI,ITI2,10,Umbria,Umbria,882015,149748,16.98,0.08
186,2021-03-02,UMB,3638,1345,2293,318,233,55,1446,0,1,1302,0,283,0,3634,4,ITI,ITI2,10,Umbria,Umbria,882015,153386,17.39,0.41
187,2021-03-17,UMB,3331,1313,2018,1430,55,131,16,2,0,1684,1,8,4,1859,1472,ITI,ITI2,10,Umbria,Umbria,882015,156717,17.77,0.38
188,2021-04-08,UMB,5792,2458,3334,343,28,263,12,23,1396,2896,810,13,8,3997,1795,ITI,ITI2,10,Umbria,Umbria,882015,162509,18.42,0.66
189,2021-03-22,UMB,3558,1653,1905,163,235,0,147,3,2,2830,0,173,5,2312,1246,ITI,ITI2,10,Umbria,Umbria,882015,166067,18.83,0.4
190,2021-01-28,UMB,1240,392,848,891,4,345,0,0,0,0,0,0,0,19,1221,ITI,ITI2,10,Umbria,Umbria,882015,167307,18.97,0.14
191,2021-03-31,UMB,3899,1731,2168,178,39,183,23,1,5,2961,425,6,78,2212,1687,ITI,ITI2,10,Umbria,Umbria,882015,171206,19.41,0.44
192,2021-01-10,UMB,1056,275,781,740,3,309,0,1,1,1,0,0,1,1056,0,ITI,ITI2,10,Umbria,Umbria,882015,172262,19.53,0.12
193,2021-02-27,UMB,1658,354,1304,14,11,13,1560,0,0,0,0,60,0,1642,16,ITI,ITI2,10,Umbria,Umbria,882015,173920,19.72,0.19
194,2021-04-06,UMB,5269,2162,3107,598,55,113,28,16,374,3345,709,5,26,2885,2384,ITI,ITI2,10,Umbria,Umbria,882015,179189,20.32,0.6
195,2020-12-31,UMB,322,127,195,310,0,0,0,2,0,0,0,0,10,322,0,ITI,ITI2,10,Umbria,Umbria,882015,179511,20.35,0.04
196,2021-02-23,UMB,1693,658,1035,1187,95,17,0,0,0,394,0,0,0,1651,42,ITI,ITI2,10,Umbria,Umbria,882015,181204,20.54,0.19
197,2021-03-21,UMB,665,330,335,31,285,0,64,34,6,0,0,34,211,665,0,ITI,ITI2,10,Umbria,Umbria,882015,181869,20.62,0.08
198,2021-03-03,UMB,4436,1772,2664,720,247,86,1533,0,0,1519,0,329,2,3724,712,ITI,ITI2,10,Umbria,Umbria,882015,186305,21.12,0.5
199,2021-02-18,UMB,1495,582,913,324,14,170,0,0,0,985,1,0,1,1029,466,ITI,ITI2,10,Umbria,Umbria,882015,187800,21.29,0.17
200,2021-04-11,UMB,3099,1501,1598,30,1,2,4,23,922,136,1942,39,0,3050,49,ITI,ITI2,10,Umbria,Umbria,882015,190899,21.64,0.35
201,2021-01-08,UMB,1173,337,836,926,8,238,0,0,1,0,0,0,0,1173,0,ITI,ITI2,10,Umbria,Umbria,882015,192072,21.78,0.13
202,2021-04-05,UMB,4249,1728,2521,764,22,69,26,3,88,2653,615,6,3,2194,2055,ITI,ITI2,10,Umbria,Umbria,882015,196321,22.26,0.48
203,2021-04-25,UMB,4352,1682,2670,12,13,8,1,19,186,3988,124,1,0,4274,78,ITI,ITI2,10,Umbria,Umbria,882015,200673,22.75,0.49
204,2021-04-04,UMB,59,20,39,0,0,0,0,0,22,37,0,0,0,23,36,ITI,ITI2,10,Umbria,Umbria,882015,200732,22.76,0.01
205,2021-04-20,UMB,5408,2340,3068,203,18,27,16,37,1302,2522,1277,0,6,3461,1947,ITI,ITI2,10,Umbria,Umbria,882015,206140,23.37,0.61
206,2021-02-25,UMB,1335,496,839,827,96,99,5,1,0,305,0,0,2,1283,52,ITI,ITI2,10,Umbria,Umbria,882015,207475,23.52,0.15
207,2021-02-19,UMB,743,293,450,282,12,14,0,0,0,433,2,0,0,526,217,ITI,ITI2,10,Umbria,Umbria,882015,208218,23.61,0.08
208,2021-03-26,UMB,4568,1682,2886,570,496,91,738,2,4,2486,0,155,26,4394,174,ITI,ITI2,10,Umbria,Umbria,882015,212786,24.12,0.52
209,2021-04-23,UMB,6503,2746,3757,66,36,83,92,50,1080,978,4097,8,13,3410,3093,ITI,ITI2,10,Umbria,Umbria,882015,219289,24.86,0.74
210,2021-01-29,UMB,1221,343,878,934,16,271,0,0,0,0,0,0,0,79,1142,ITI,ITI2,10,Umbria,Umbria,882015,220510,25.0,0.14
211,2021-03-16,UMB,3538,1454,2084,1634,79,98,11,0,2,1708,1,0,5,1911,1627,ITI,ITI2,10,Umbria,Umbria,882015,224048,25.4,0.4
212,2021-03-12,UMB,2651,1039,1612,113,454,59,1193,2,0,465,2,309,54,2153,498,ITI,ITI2,10,Umbria,Umbria,882015,226699,25.7,0.3
213,2021-04-09,UMB,6297,2941,3356,86,59,27,85,34,1790,654,3530,10,22,6092,205,ITI,ITI2,10,Umbria,Umbria,882015,232996,26.42,0.71
214,2021-02-07,UMB,54,17,37,46,8,0,0,0,0,0,0,0,0,1,53,ITI,ITI2,10,Umbria,Umbria,882015,233050,26.42,0.01
215,2021-01-30,UMB,1577,483,1094,841,18,717,0,0,0,1,0,0,0,44,1533,ITI,ITI2,10,Umbria,Umbria,882015,234627,26.6,0.18
216,2021-03-25,UMB,3902,1698,2204,260,72,80,32,5,8,3271,1,123,50,2838,1064,ITI,ITI2,10,Umbria,Umbria,882015,238529,27.04,0.44
217,2021-01-24,UMB,254,104,150,254,0,0,0,0,0,0,0,0,0,1,253,ITI,ITI2,10,Umbria,Umbria,882015,238783,27.07,0.03
218,2020-12-27,UMB,85,45,40,67,2,16,0,0,0,0,0,0,0,85,0,ITI,ITI2,10,Umbria,Umbria,882015,238868,27.08,0.01
219,2021-03-24,UMB,4072,1760,2312,215,165,1,42,3,2,3531,0,111,2,2749,1323,ITI,ITI2,10,Umbria,Umbria,882015,242940,27.54,0.46
220,2021-03-23,UMB,3795,1685,2110,395,237,12,60,4,3,2854,0,175,55,2166,1629,ITI,ITI2,10,Umbria,Umbria,882015,246735,27.97,0.43
221,2021-01-21,UMB,610,202,408,428,13,169,0,0,0,0,0,0,0,341,269,ITI,ITI2,10,Umbria,Umbria,882015,247345,28.04,0.07
222,2021-04-26,UMB,5082,2205,2877,202,20,0,8,7,1082,2264,1493,2,4,2900,2182,ITI,ITI2,10,Umbria,Umbria,882015,252427,28.62,0.58
223,2021-04-16,UMB,8062,3724,4338,166,34,96,180,89,2570,1903,2978,18,28,6225,1837,ITI,ITI2,10,Umbria,Umbria,882015,260489,29.53,0.91
224,2021-04-19,UMB,4957,2189,2768,205,44,33,23,44,757,2513,1322,3,13,2908,2049,ITI,ITI2,10,Umbria,Umbria,882015,265446,30.1,0.56
225,2021-02-22,UMB,1859,778,1081,736,89,1,0,1,2,1007,5,0,18,1773,86,ITI,ITI2,10,Umbria,Umbria,882015,267305,30.31,0.21
226,2021-01-17,UMB,54,17,37,47,7,0,0,0,0,0,0,0,0,54,0,ITI,ITI2,10,Umbria,Umbria,882015,267359,30.31,0.01
227,2021-03-19,UMB,1743,565,1178,462,237,74,724,4,0,192,0,27,23,1087,656,ITI,ITI2,10,Umbria,Umbria,882015,269102,30.51,0.2
228,2021-03-28,UMB,1095,442,653,65,15,5,37,5,7,937,0,24,0,1071,24,ITI,ITI2,10,Umbria,Umbria,882015,270197,30.63,0.12
229,2021-02-11,UMB,842,349,493,735,98,5,3,1,0,0,0,0,0,837,5,ITI,ITI2,10,Umbria,Umbria,882015,271039,30.73,0.1
230,2021-01-12,UMB,784,247,537,665,14,105,0,0,0,0,0,0,0,784,0,ITI,ITI2,10,Umbria,Umbria,882015,271823,30.82,0.09
231,2021-03-18,UMB,2940,1163,1777,975,124,350,12,3,5,1461,0,3,7,1702,1238,ITI,ITI2,10,Umbria,Umbria,882015,274763,31.15,0.33
232,2021-04-15,UMB,6031,2744,3287,226,33,49,25,50,1563,2599,1432,44,10,4324,1707,ITI,ITI2,10,Umbria,Umbria,882015,280794,31.84,0.68
233,2021-01-01,UMB,273,105,168,272,0,0,0,0,0,0,0,0,1,273,0,ITI,ITI2,10,Umbria,Umbria,882015,281067,31.87,0.03
234,2021-03-21,MOL,1246,542,704,14,1,0,0,0,2,1090,133,0,6,479,767,ITF,ITF2,14,Molise,Molise,305617,1246,0.41,0.41
235,2021-03-07,MOL,1131,501,630,2,16,0,0,0,0,1113,0,0,0,1129,2,ITF,ITF2,14,Molise,Molise,305617,2377,0.78,0.37
236,2021-02-23,MOL,581,223,358,136,39,61,1,0,0,340,0,0,4,362,219,ITF,ITF2,14,Molise,Molise,305617,2958,0.97,0.19
237,2021-01-13,MOL,474,160,314,256,69,144,1,1,1,0,0,0,2,474,0,ITF,ITF2,14,Molise,Molise,305617,3432,1.12,0.16
238,2021-02-02,MOL,539,176,363,295,64,180,0,0,0,0,0,0,0,216,323,ITF,ITF2,14,Molise,Molise,305617,3971,1.3,0.18
239,2021-03-12,MOL,1459,637,822,42,33,0,505,0,1,719,35,116,8,1423,36,ITF,ITF2,14,Molise,Molise,305617,5430,1.78,0.48
240,2021-04-21,MOL,1835,776,1059,19,5,1,26,19,712,403,627,6,17,965,870,ITF,ITF2,14,Molise,Molise,305617,7265,2.38,0.6
241,2021-03-24,MOL,1630,658,972,77,57,0,450,2,3,707,275,48,11,1228,402,ITF,ITF2,14,Molise,Molise,305617,8895,2.91,0.53
242,2021-03-23,MOL,1642,694,948,76,8,6,454,2,4,606,367,97,22,1435,207,ITF,ITF2,14,Molise,Molise,305617,10537,3.45,0.54
243,2021-04-18,MOL,553,254,299,0,0,0,1,1,87,277,182,0,5,104,449,ITF,ITF2,14,Molise,Molise,305617,11090,3.63,0.18
244,2020-12-27,MOL,50,20,30,29,4,17,0,0,0,0,0,0,0,50,0,ITF,ITF2,14,Molise,Molise,305617,11140,3.65,0.02
245,2021-04-06,MOL,1491,698,793,33,9,9,1,2,5,254,1158,18,2,1148,343,ITF,ITF2,14,Molise,Molise,305617,12631,4.13,0.49
246,2021-01-08,MOL,429,141,288,244,7,120,0,13,0,0,0,0,45,429,0,ITF,ITF2,14,Molise,Molise,305617,13060,4.27,0.14
247,2021-02-21,MOL,573,227,346,1,1,0,0,0,1,570,0,0,0,571,2,ITF,ITF2,14,Molise,Molise,305617,13633,4.46,0.19
248,2021-03-14,MOL,595,239,356,2,0,0,0,1,1,582,7,0,2,17,578,ITF,ITF2,14,Molise,Molise,305617,14228,4.66,0.19
249,2021-04-24,MOL,1980,936,1044,11,3,0,17,3,216,287,1436,3,4,529,1451,ITF,ITF2,14,Molise,Molise,305617,16208,5.3,0.65
250,2021-02-28,MOL,829,331,498,38,3,27,0,0,0,761,0,0,0,787,42,ITF,ITF2,14,Molise,Molise,305617,17037,5.57,0.27
251,2021-02-18,MOL,319,74,245,296,8,0,0,0,0,0,0,0,15,306,13,ITF,ITF2,14,Molise,Molise,305617,17356,5.68,0.1
252,2021-01-10,MOL,270,72,198,82,19,169,0,0,0,0,0,0,0,270,0,ITF,ITF2,14,Molise,Molise,305617,17626,5.77,0.09
253,2021-01-31,MOL,268,70,198,85,18,164,1,0,0,0,0,0,0,6,262,ITF,ITF2,14,Molise,Molise,305617,17894,5.86,0.09
254,2021-02-09,MOL,359,170,189,161,83,110,0,0,0,0,0,0,5,197,162,ITF,ITF2,14,Molise,Molise,305617,18253,5.97,0.12
255,2021-01-26,MOL,450,184,266,444,0,0,1,2,0,0,0,0,3,8,442,ITF,ITF2,14,Molise,Molise,305617,18703,6.12,0.15
256,2021-02-19,MOL,169,93,76,95,70,1,3,0,0,0,0,0,0,167,2,ITF,ITF2,14,Molise,Molise,305617,18872,6.18,0.06
257,2021-04-20,MOL,2305,1017,1288,23,7,1,23,11,738,416,1052,18,16,1218,1087,ITF,ITF2,14,Molise,Molise,305617,21177,6.93,0.75
258,2021-01-28,MOL,613,217,396,430,9,154,1,4,1,0,0,0,14,17,596,ITF,ITF2,14,Molise,Molise,305617,21790,7.13,0.2
259,2021-03-15,MOL,832,338,494,137,43,67,297,24,4,118,31,61,50,587,245,ITF,ITF2,14,Molise,Molise,305617,22622,7.4,0.27
260,2021-03-10,MOL,1737,720,1017,188,7,1,509,2,5,757,54,187,27,1687,50,ITF,ITF2,14,Molise,Molise,305617,24359,7.97,0.57
261,2021-04-17,MOL,1650,810,840,5,3,0,3,1,169,522,908,34,5,960,690,ITF,ITF2,14,Molise,Molise,305617,26009,8.51,0.54
262,2021-02-27,MOL,1366,568,798,25,29,14,1,1,0,1290,0,0,6,1347,19,ITF,ITF2,14,Molise,Molise,305617,27375,8.96,0.45
263,2021-03-30,MOL,1953,839,1114,45,1,1,424,2,4,573,800,82,21,1441,512,ITF,ITF2,14,Molise,Molise,305617,29328,9.6,0.64
264,2021-01-22,MOL,126,35,91,21,32,73,0,0,0,0,0,0,0,126,0,ITF,ITF2,14,Molise,Molise,305617,29454,9.64,0.04
265,2021-04-13,MOL,1615,710,905,7,4,1,1,12,910,322,350,1,7,1028,587,ITF,ITF2,14,Molise,Molise,305617,31069,10.17,0.53
266,2021-03-22,MOL,1146,439,707,106,5,2,458,7,3,255,216,59,35,903,243,ITF,ITF2,14,Molise,Molise,305617,32215,10.54,0.37
267,2021-04-10,MOL,2555,1233,1322,10,4,0,19,1,12,237,2261,9,2,2404,151,ITF,ITF2,14,Molise,Molise,305617,34770,11.38,0.84
268,2021-03-16,MOL,614,230,384,13,4,11,0,3,7,395,173,4,4,267,347,ITF,ITF2,14,Molise,Molise,305617,35384,11.58,0.2
269,2021-02-05,MOL,593,269,324,460,22,63,0,13,0,0,0,0,35,55,538,ITF,ITF2,14,Molise,Molise,305617,35977,11.77,0.19
270,2021-03-17,MOL,908,385,523,48,25,42,1,8,4,573,176,13,18,576,332,ITF,ITF2,14,Molise,Molise,305617,36885,12.07,0.3
271,2021-04-26,MOL,965,455,510,7,0,0,1,3,107,73,762,10,2,698,267,ITF,ITF2,14,Molise,Molise,305617,37850,12.38,0.32
272,2021-02-08,MOL,334,141,193,206,39,85,0,3,0,0,0,0,1,216,118,ITF,ITF2,14,Molise,Molise,305617,38184,12.49,0.11
273,2021-02-01,MOL,562,201,361,301,144,111,1,1,0,0,0,0,4,14,548,ITF,ITF2,14,Molise,Molise,305617,38746,12.68,0.18
274,2021-03-28,MOL,1589,741,848,155,15,0,1,0,1,1184,231,1,1,487,1102,ITF,ITF2,14,Molise,Molise,305617,40335,13.2,0.52
275,2021-02-22,MOL,265,129,136,56,65,62,0,27,0,8,0,0,47,250,15,ITF,ITF2,14,Molise,Molise,305617,40600,13.28,0.09
276,2021-04-19,MOL,1785,825,960,18,5,51,7,13,652,235,761,24,19,1037,748,ITF,ITF2,14,Molise,Molise,305617,42385,13.87,0.58
277,2021-01-17,MOL,78,38,40,78,0,0,0,0,0,0,0,0,0,48,30,ITF,ITF2,14,Molise,Molise,305617,42463,13.89,0.03
278,2021-03-19,MOL,1184,482,702,32,1,9,248,2,4,727,155,2,4,757,427,ITF,ITF2,14,Molise,Molise,305617,43647,14.28,0.39
279,2021-01-29,MOL,421,136,285,227,23,109,3,12,0,0,0,0,47,6,415,ITF,ITF2,14,Molise,Molise,305617,44068,14.42,0.14
280,2021-03-29,MOL,2030,834,1196,108,8,5,525,4,55,513,773,22,17,1544,486,ITF,ITF2,14,Molise,Molise,305617,46098,15.08,0.66
281,2021-04-15,MOL,1895,777,1118,3,3,0,27,7,692,649,496,4,14,1057,838,ITF,ITF2,14,Molise,Molise,305617,47993,15.7,0.62
282,2021-03-18,MOL,1156,476,680,73,10,45,0,2,3,855,157,0,11,692,464,ITF,ITF2,14,Molise,Molise,305617,49149,16.08,0.38
283,2021-01-12,MOL,336,114,222,132,74,129,0,0,0,0,0,0,1,336,0,ITF,ITF2,14,Molise,Molise,305617,49485,16.19,0.11
284,2021-03-05,MOL,1219,649,570,322,5,0,73,9,2,618,0,151,39,1015,204,ITF,ITF2,14,Molise,Molise,305617,50704,16.59,0.4
285,2021-01-09,MOL,450,152,298,221,27,178,0,5,0,0,0,0,19,450,0,ITF,ITF2,14,Molise,Molise,305617,51154,16.74,0.15
286,2021-02-16,MOL,156,70,86,148,5,0,0,2,0,0,0,0,1,150,6,ITF,ITF2,14,Molise,Molise,305617,51310,16.79,0.05
287,2021-03-20,MOL,2320,968,1352,28,23,0,222,1,6,1857,147,21,15,999,1321,ITF,ITF2,14,Molise,Molise,305617,53630,17.55,0.76
288,2021-02-17,MOL,72,32,40,47,10,6,0,0,0,1,0,0,8,57,15,ITF,ITF2,14,Molise,Molise,305617,53702,17.57,0.02
289,2021-02-07,MOL,66,32,34,49,1,16,0,0,0,0,0,0,0,19,47,ITF,ITF2,14,Molise,Molise,305617,53768,17.59,0.02
290,2021-02-24,MOL,666,278,388,242,66,44,1,6,7,274,0,0,26,333,333,ITF,ITF2,14,Molise,Molise,305617,54434,17.81,0.22
291,2021-03-25,MOL,1806,730,1076,53,4,18,493,3,10,832,269,107,17,1309,497,ITF,ITF2,14,Molise,Molise,305617,56240,18.4,0.59
292,2021-01-30,MOL,461,158,303,189,52,180,0,6,0,0,0,0,34,12,449,ITF,ITF2,14,Molise,Molise,305617,56701,18.55,0.15
293,2021-03-04,MOL,850,417,433,252,20,69,0,0,1,469,0,36,3,526,324,ITF,ITF2,14,Molise,Molise,305617,57551,18.83,0.28
294,2021-01-14,MOL,646,239,407,418,102,115,0,2,0,0,0,0,9,646,0,ITF,ITF2,14,Molise,Molise,305617,58197,19.04,0.21
295,2021-04-01,MOL,1437,654,783,27,18,21,20,0,2,715,566,62,6,712,725,ITF,ITF2,14,Molise,Molise,305617,59634,19.51,0.47
296,2021-04-25,MOL,736,378,358,2,0,0,0,0,217,24,493,0,0,508,228,ITF,ITF2,14,Molise,Molise,305617,60370,19.75,0.24
297,2021-01-16,MOL,420,166,254,270,16,127,0,1,0,0,0,0,6,420,0,ITF,ITF2,14,Molise,Molise,305617,60790,19.89,0.14
298,2021-04-03,MOL,1765,848,917,28,74,0,26,13,16,266,1323,7,12,1732,33,ITF,ITF2,14,Molise,Molise,305617,62555,20.47,0.58
299,2021-04-05,MOL,389,188,201,1,0,0,0,1,1,113,273,0,0,290,99,ITF,ITF2,14,Molise,Molise,305617,62944,20.6,0.13
300,2021-03-06,MOL,1728,807,921,156,18,0,0,2,4,1395,0,152,1,1569,159,ITF,ITF2,14,Molise,Molise,305617,64672,21.16,0.57
301,2021-03-03,MOL,672,316,356,63,4,48,127,0,0,385,0,45,0,590,82,ITF,ITF2,14,Molise,Molise,305617,65344,21.38,0.22
302,2021-01-06,MOL,689,260,429,456,26,171,0,1,2,21,0,0,12,689,0,ITF,ITF2,14,Molise,Molise,305617,66033,21.61,0.23
303,2021-04-23,MOL,1981,864,1117,50,18,0,20,7,605,186,1080,11,4,1330,651,ITF,ITF2,14,Molise,Molise,305617,68014,22.25,0.65
304,2021-01-05,MOL,449,180,269,441,0,0,0,1,0,0,0,0,7,449,0,ITF,ITF2,14,Molise,Molise,305617,68463,22.4,0.15
305,2021-02-03,MOL,731,249,482,391,112,180,1,4,3,0,0,0,40,338,393,ITF,ITF2,14,Molise,Molise,305617,69194,22.64,0.24
306,2021-01-19,MOL,173,63,110,90,57,22,2,0,0,0,0,0,2,162,11,ITF,ITF2,14,Molise,Molise,305617,69367,22.7,0.06
307,2021-01-15,MOL,538,242,296,398,17,81,0,8,0,0,0,0,34,538,0,ITF,ITF2,14,Molise,Molise,305617,69905,22.87,0.18
308,2021-01-04,MOL,314,131,183,301,0,0,0,2,0,0,0,0,11,314,0,ITF,ITF2,14,Molise,Molise,305617,70219,22.98,0.1
309,2021-02-06,MOL,429,179,250,276,14,130,1,2,0,0,0,0,6,29,400,ITF,ITF2,14,Molise,Molise,305617,70648,23.12,0.14
310,2021-04-16,MOL,2411,1027,1384,56,5,11,8,7,693,738,880,7,6,1184,1227,ITF,ITF2,14,Molise,Molise,305617,73059,23.91,0.79
311,2021-04-09,MOL,2295,1240,1055,33,10,1,1,93,9,136,2004,2,6,2104,191,ITF,ITF2,14,Molise,Molise,305617,75354,24.66,0.75
312,2021-02-25,MOL,541,239,302,68,3,28,0,6,0,434,0,0,2,473,68,ITF,ITF2,14,Molise,Molise,305617,75895,24.83,0.18
313,2021-03-08,MOL,1378,522,856,359,51,23,404,2,1,411,36,76,15,1238,140,ITF,ITF2,14,Molise,Molise,305617,77273,25.28,0.45
314,2021-01-07,MOL,598,209,389,414,2,145,0,5,1,4,0,0,27,598,0,ITF,ITF2,14,Molise,Molise,305617,77871,25.48,0.2
315,2021-04-22,MOL,1817,851,966,12,2,6,5,19,752,327,676,8,10,1062,755,ITF,ITF2,14,Molise,Molise,305617,79688,26.07,0.59
316,2021-01-20,MOL,18,8,10,14,4,0,0,0,0,0,0,0,0,18,0,ITF,ITF2,14,Molise,Molise,305617,79706,26.08,0.01
317,2021-03-11,MOL,1463,636,827,42,2,14,499,4,2,699,12,185,4,1457,6,ITF,ITF2,14,Molise,Molise,305617,81169,26.56,0.48
318,2021-01-25,MOL,319,130,189,317,0,0,2,0,0,0,0,0,0,3,316,ITF,ITF2,14,Molise,Molise,305617,81488,26.66,0.1
319,2021-02-12,MOL,330,149,181,224,13,72,2,7,1,0,0,0,11,208,122,ITF,ITF2,14,Molise,Molise,305617,81818,26.77,0.11
320,2021-04-11,MOL,1146,579,567,0,5,0,0,1,1,48,1087,0,4,1133,13,ITF,ITF2,14,Molise,Molise,305617,82964,27.15,0.37
321,2021-01-11,MOL,557,194,363,196,243,111,0,1,0,0,0,0,6,557,0,ITF,ITF2,14,Molise,Molise,305617,83521,27.33,0.18
322,2021-02-04,MOL,758,295,463,502,95,141,1,3,0,0,0,0,16,77,681,ITF,ITF2,14,Molise,Molise,305617,84279,27.58,0.25
323,2021-04-07,MOL,1682,844,838,36,12,62,80,10,3,131,1313,29,6,1407,275,ITF,ITF2,14,Molise,Molise,305617,85961,28.13,0.55
324,2021-03-02,MOL,667,383,284,98,106,51,151,0,0,139,0,113,9,509,158,ITF,ITF2,14,Molise,Molise,305617,86628,28.35,0.22
325,2021-04-08,MOL,1751,899,852,105,15,6,35,5,3,195,1368,8,11,1550,201,ITF,ITF2,14,Molise,Molise,305617,88379,28.92,0.57
326,2021-03-31,MOL,2192,918,1274,202,13,32,263,10,18,826,707,96,25,1373,819,ITF,ITF2,14,Molise,Molise,305617,90571,29.64,0.72
327,2021-04-04,MOL,253,141,112,1,0,0,0,0,0,3,248,0,1,238,15,ITF,ITF2,14,Molise,Molise,305617,90824,29.72,0.08
328,2021-02-11,MOL,293,133,160,225,19,45,1,0,0,0,0,3,0,257,36,ITF,ITF2,14,Molise,Molise,305617,91117,29.81,0.1
329,2021-03-01,MOL,661,274,387,200,36,108,147,8,1,135,0,2,24,447,214,ITF,ITF2,14,Molise,Molise,305617,91778,30.03,0.22
330,2021-03-13,MOL,1189,594,595,29,5,6,0,5,4,981,6,151,2,200,989,ITF,ITF2,14,Molise,Molise,305617,92967,30.42,0.39
331,2021-03-26,MOL,2573,1044,1529,72,63,23,548,7,16,1014,747,70,13,1931,642,ITF,ITF2,14,Molise,Molise,305617,95540,31.26,0.84
332,2021-02-10,MOL,150,78,72,91,6,53,0,0,0,0,0,0,0,130,20,ITF,ITF2,14,Molise,Molise,305617,95690,31.31,0.05
333,2021-04-14,MOL,1784,759,1025,44,1,11,3,5,974,430,307,5,4,1133,651,ITF,ITF2,14,Molise,Molise,305617,97474,31.89,0.58
334,2021-02-15,MOL,144,70,74,117,10,15,0,0,0,0,0,0,2,141,3,ITF,ITF2,14,Molise,Molise,305617,97618,31.94,0.05
335,2021-02-20,MOL,1018,441,577,20,5,8,0,0,1,983,0,0,1,998,20,ITF,ITF2,14,Molise,Molise,305617,98636,32.27,0.33
336,2021-01-18,MOL,114,48,66,97,14,0,0,1,0,0,0,0,2,114,0,ITF,ITF2,14,Molise,Molise,305617,98750,32.31,0.04
337,2021-04-12,MOL,1251,546,705,17,2,1,0,11,944,87,183,1,5,1009,242,ITF,ITF2,14,Molise,Molise,305617,100001,32.72,0.41
338,2021-02-13,MOL,132,80,52,129,3,0,0,0,0,0,0,0,0,132,0,ITF,ITF2,14,Molise,Molise,305617,100133,32.76,0.04
339,2021-01-27,MOL,674,251,423,436,12,209,1,10,0,0,0,1,5,8,666,ITF,ITF2,14,Molise,Molise,305617,100807,32.98,0.22
340,2021-02-26,MOL,563,260,303,42,7,3,55,9,1,406,1,0,39,490,73,ITF,ITF2,14,Molise,Molise,305617,101370,33.17,0.18
341,2021-03-09,MOL,1329,579,750,199,6,0,393,4,1,409,76,218,23,1177,152,ITF,ITF2,14,Molise,Molise,305617,102699,33.6,0.43
342,2021-03-27,MOL,2737,1272,1465,18,58,0,1,6,4,1907,717,23,3,1304,1433,ITF,ITF2,14,Molise,Molise,305617,105436,34.5,0.9
343,2021-04-02,MOL,1403,690,713,47,77,0,2,8,8,662,476,105,18,642,761,ITF,ITF2,14,Molise,Molise,305617,106839,34.96,0.46
344,2021-01-21,MOL,6,2,4,0,6,0,0,0,0,0,0,0,0,6,0,ITF,ITF2,14,Molise,Molise,305617,106845,34.96,0.0
345,2021-03-21,PUG,2686,1223,1463,462,32,13,285,0,3,1792,14,38,47,583,2103,ITF,ITF4,16,Puglia,Puglia,4029053,2686,0.07,0.07
346,2021-01-30,PUG,5526,2514,3012,4750,325,419,6,0,2,3,5,4,12,411,5115,ITF,ITF4,16,Puglia,Puglia,4029053,8212,0.2,0.14
347,2021-01-14,PUG,4065,1586,2479,3182,377,499,2,1,1,0,0,0,3,4065,0,ITF,ITF4,16,Puglia,Puglia,4029053,12277,0.3,0.1
348,2021-04-20,PUG,20434,9461,10973,491,208,121,91,1354,8916,3354,5630,76,193,16984,3450,ITF,ITF4,16,Puglia,Puglia,4029053,32711,0.81,0.51
349,2021-01-24,PUG,1669,749,920,1286,231,150,0,0,0,1,1,0,0,153,1516,ITF,ITF4,16,Puglia,Puglia,4029053,34380,0.85,0.04
350,2021-03-05,PUG,17027,6780,10247,2308,827,274,7001,33,23,5335,18,1172,36,14865,2162,ITF,ITF4,16,Puglia,Puglia,4029053,51407,1.28,0.42
351,2021-03-15,PUG,11754,5612,6142,2091,646,116,682,24,30,7672,19,461,13,5262,6492,ITF,ITF4,16,Puglia,Puglia,4029053,63161,1.57,0.29
352,2021-03-03,PUG,16570,6657,9913,2038,636,246,6708,5,5,5988,2,939,3,14685,1885,ITF,ITF4,16,Puglia,Puglia,4029053,79731,1.98,0.41
353,2021-03-07,PUG,4913,1940,2973,930,101,2,1852,5,4,1681,7,325,6,4343,570,ITF,ITF4,16,Puglia,Puglia,4029053,84644,2.1,0.12
354,2021-04-14,PUG,31454,14838,16616,619,218,39,82,4653,15192,4881,5341,121,308,28150,3304,ITF,ITF4,16,Puglia,Puglia,4029053,116098,2.88,0.78
355,2021-04-25,PUG,10227,4707,5520,180,78,43,144,845,3113,1066,4574,11,173,9079,1148,ITF,ITF4,16,Puglia,Puglia,4029053,126325,3.14,0.25
356,2021-01-13,PUG,4537,1729,2808,3973,329,230,2,1,0,0,0,0,2,4537,0,ITF,ITF4,16,Puglia,Puglia,4029053,130862,3.25,0.11
357,2021-04-19,PUG,27097,12570,14527,546,139,76,56,1952,14630,3252,6221,49,176,24048,3049,ITF,ITF4,16,Puglia,Puglia,4029053,157959,3.92,0.67
358,2021-02-23,PUG,9335,4413,4922,1788,362,169,1017,11,15,5554,1,399,19,8861,474,ITF,ITF4,16,Puglia,Puglia,4029053,167294,4.15,0.23
359,2021-04-26,PUG,23312,10751,12561,395,169,61,96,6285,7466,2484,6189,32,135,20284,3028,ITF,ITF4,16,Puglia,Puglia,4029053,190606,4.73,0.58
360,2021-02-12,PUG,4098,1629,2469,2938,443,690,5,0,0,5,4,10,3,3008,1090,ITF,ITF4,16,Puglia,Puglia,4029053,194704,4.83,0.1
361,2021-03-20,PUG,8227,3719,4508,1425,87,54,809,23,49,5648,42,69,21,3649,4578,ITF,ITF4,16,Puglia,Puglia,4029053,202931,5.04,0.2
362,2021-01-27,PUG,4576,1928,2648,3932,239,396,2,1,3,0,0,0,3,611,3965,ITF,ITF4,16,Puglia,Puglia,4029053,207507,5.15,0.11
363,2021-03-18,PUG,9356,4219,5137,1745,483,202,91,17,26,6689,43,40,20,3261,6095,ITF,ITF4,16,Puglia,Puglia,4029053,216863,5.38,0.23
364,2021-01-29,PUG,6192,2659,3533,5516,376,288,3,3,0,1,0,0,5,436,5756,ITF,ITF4,16,Puglia,Puglia,4029053,223055,5.54,0.15
365,2021-02-24,PUG,10022,4697,5325,1923,602,117,557,9,12,6410,0,375,17,9433,589,ITF,ITF4,16,Puglia,Puglia,4029053,233077,5.78,0.25
366,2021-02-13,PUG,3722,1453,2269,2882,517,291,7,0,2,4,0,18,1,3029,693,ITF,ITF4,16,Puglia,Puglia,4029053,236799,5.88,0.09
367,2021-01-22,PUG,1408,578,830,878,154,373,1,0,0,1,0,0,1,990,418,ITF,ITF4,16,Puglia,Puglia,4029053,238207,5.91,0.03
368,2021-02-10,PUG,3603,1425,2178,2491,247,864,1,0,0,0,0,0,0,2122,1481,ITF,ITF4,16,Puglia,Puglia,4029053,241810,6.0,0.09
369,2021-03-08,PUG,14655,6075,8580,2140,840,224,3937,13,9,6829,6,635,22,12261,2394,ITF,ITF4,16,Puglia,Puglia,4029053,256465,6.37,0.36
370,2021-01-09,PUG,4873,2247,2626,4320,255,246,1,5,1,4,5,0,36,4873,0,ITF,ITF4,16,Puglia,Puglia,4029053,261338,6.49,0.12
371,2021-01-21,PUG,2129,903,1226,1429,167,527,0,0,1,3,0,0,2,1270,859,ITF,ITF4,16,Puglia,Puglia,4029053,263467,6.54,0.05
372,2021-02-15,PUG,3254,1268,1986,2249,527,454,3,0,1,1,1,7,11,2634,620,ITF,ITF4,16,Puglia,Puglia,4029053,266721,6.62,0.08
373,2021-03-19,PUG,7946,3644,4302,1760,278,69,260,14,20,5383,74,66,22,3405,4541,ITF,ITF4,16,Puglia,Puglia,4029053,274667,6.82,0.2
374,2021-03-29,PUG,12805,5973,6832,1593,583,241,1129,35,140,7950,656,409,69,6087,6718,ITF,ITF4,16,Puglia,Puglia,4029053,287472,7.13,0.32
375,2021-03-13,PUG,10127,3990,6137,2160,277,130,3322,7,11,3889,45,254,32,8398,1729,ITF,ITF4,16,Puglia,Puglia,4029053,297599,7.39,0.25
376,2021-03-17,PUG,10270,4683,5587,1792,464,63,70,32,39,7674,38,51,47,4168,6102,ITF,ITF4,16,Puglia,Puglia,4029053,307869,7.64,0.25
377,2021-01-28,PUG,5465,2271,3194,4782,339,327,3,3,0,0,0,6,5,473,4992,ITF,ITF4,16,Puglia,Puglia,4029053,313334,7.78,0.14
378,2021-04-11,PUG,16097,7091,9006,331,86,15,119,393,1037,5472,8518,18,108,14429,1668,ITF,ITF4,16,Puglia,Puglia,4029053,329431,8.18,0.4
379,2021-02-26,PUG,13663,5009,8654,2125,681,298,4659,12,10,5226,18,612,22,12636,1027,ITF,ITF4,16,Puglia,Puglia,4029053,343094,8.52,0.34
380,2021-01-04,PUG,4503,2012,2491,4372,88,11,1,1,0,2,0,0,28,4503,0,ITF,ITF4,16,Puglia,Puglia,4029053,347597,8.63,0.11
381,2021-03-02,PUG,16281,6040,10241,1396,665,113,8168,17,17,4350,5,1537,13,14976,1305,ITF,ITF4,16,Puglia,Puglia,4029053,363878,9.03,0.4
382,2021-01-19,PUG,1221,452,769,531,113,577,0,0,0,0,0,0,0,1211,10,ITF,ITF4,16,Puglia,Puglia,4029053,365099,9.06,0.03
383,2021-04-07,PUG,14764,6511,8253,1032,414,86,363,169,562,8663,3089,145,241,8155,6609,ITF,ITF4,16,Puglia,Puglia,4029053,379863,9.43,0.37
384,2021-01-23,PUG,3037,1292,1745,2523,176,309,1,3,6,14,0,0,5,886,2151,ITF,ITF4,16,Puglia,Puglia,4029053,382900,9.5,0.08
385,2021-02-03,PUG,5031,2002,3029,4366,476,184,3,2,0,0,0,0,0,730,4301,ITF,ITF4,16,Puglia,Puglia,4029053,387931,9.63,0.12
386,2021-04-08,PUG,17075,7421,9654,1025,328,181,506,218,801,9616,4137,89,174,11003,6072,ITF,ITF4,16,Puglia,Puglia,4029053,405006,10.05,0.42
387,2021-01-18,PUG,1845,770,1075,1182,215,445,0,0,0,1,0,1,1,1496,349,ITF,ITF4,16,Puglia,Puglia,4029053,406851,10.1,0.05
388,2021-01-06,PUG,3942,1664,2278,3313,224,372,0,11,1,0,0,0,21,3942,0,ITF,ITF4,16,Puglia,Puglia,4029053,410793,10.2,0.1
389,2021-03-06,PUG,15791,5898,9893,2105,470,72,7038,16,14,5470,25,566,15,13823,1968,ITF,ITF4,16,Puglia,Puglia,4029053,426584,10.59,0.39
390,2021-01-08,PUG,5576,2335,3241,4853,373,328,3,0,1,0,2,4,12,5576,0,ITF,ITF4,16,Puglia,Puglia,4029053,432160,10.73,0.14
391,2021-03-01,PUG,15048,5843,9205,1973,724,83,5145,7,15,6184,4,891,22,13679,1369,ITF,ITF4,16,Puglia,Puglia,4029053,447208,11.1,0.37
392,2020-12-31,PUG,1635,782,853,1549,38,44,3,0,1,0,0,0,0,1635,0,ITF,ITF4,16,Puglia,Puglia,4029053,448843,11.14,0.04
393,2021-04-22,PUG,22250,10126,12124,774,278,212,125,1783,9086,4123,5552,55,262,17506,4744,ITF,ITF4,16,Puglia,Puglia,4029053,471093,11.69,0.55
394,2021-02-09,PUG,3838,1568,2270,2532,661,622,6,2,3,9,1,0,2,2166,1672,ITF,ITF4,16,Puglia,Puglia,4029053,474931,11.79,0.1
395,2021-03-27,PUG,12074,5666,6408,966,592,71,1372,36,91,7558,1096,216,76,6930,5144,ITF,ITF4,16,Puglia,Puglia,4029053,487005,12.09,0.3
396,2021-02-28,PUG,5887,1786,4101,559,136,26,3417,6,3,1543,0,194,3,5701,186,ITF,ITF4,16,Puglia,Puglia,4029053,492892,12.23,0.15
397,2021-03-26,PUG,11426,5331,6095,1609,918,287,1340,38,118,6461,97,441,117,6787,4639,ITF,ITF4,16,Puglia,Puglia,4029053,504318,12.52,0.28
398,2021-01-31,PUG,1808,825,983,1502,103,198,2,1,0,2,0,0,0,73,1735,ITF,ITF4,16,Puglia,Puglia,4029053,506126,12.56,0.04
399,2021-04-04,PUG,5918,2948,2970,98,25,6,46,30,45,286,5308,26,48,5912,6,ITF,ITF4,16,Puglia,Puglia,4029053,512044,12.71,0.15
400,2021-04-05,PUG,12569,6103,6466,54,59,4,29,72,244,941,11088,11,67,12036,533,ITF,ITF4,16,Puglia,Puglia,4029053,524613,13.02,0.31
401,2021-01-11,PUG,3748,1587,2161,3216,336,175,2,5,0,0,0,6,8,3748,0,ITF,ITF4,16,Puglia,Puglia,4029053,528361,13.11,0.09
402,2021-01-20,PUG,1546,541,1005,781,125,627,0,0,3,9,0,0,1,1538,8,ITF,ITF4,16,Puglia,Puglia,4029053,529907,13.15,0.04
403,2021-01-02,PUG,2948,1300,1648,2829,91,23,4,0,0,0,0,0,1,2948,0,ITF,ITF4,16,Puglia,Puglia,4029053,532855,13.23,0.07
404,2021-02-21,PUG,2172,472,1700,537,73,49,1456,1,5,32,0,12,7,2111,61,ITF,ITF4,16,Puglia,Puglia,4029053,535027,13.28,0.05
405,2021-01-16,PUG,2507,1033,1474,1682,300,518,1,1,1,0,0,0,4,2507,0,ITF,ITF4,16,Puglia,Puglia,4029053,537534,13.34,0.06
406,2021-02-02,PUG,4336,1842,2494,3626,389,317,3,1,0,0,0,0,0,592,3744,ITF,ITF4,16,Puglia,Puglia,4029053,541870,13.45,0.11
407,2021-03-11,PUG,14339,6177,8162,2907,931,515,3676,5,7,5279,9,990,20,11237,3102,ITF,ITF4,16,Puglia,Puglia,4029053,556209,13.8,0.36
408,2021-01-15,PUG,4551,1866,2685,3598,369,558,4,2,0,1,1,13,5,4551,0,ITF,ITF4,16,Puglia,Puglia,4029053,560760,13.92,0.11
409,2021-04-01,PUG,13305,6075,7230,1241,451,217,1038,63,306,8015,1533,319,122,6968,6337,ITF,ITF4,16,Puglia,Puglia,4029053,574065,14.25,0.33
410,2021-04-18,PUG,22207,10611,11596,80,37,4,9,4058,9432,1429,6938,12,208,21118,1089,ITF,ITF4,16,Puglia,Puglia,4029053,596272,14.8,0.55
411,2020-12-27,PUG,507,250,257,404,6,63,0,8,1,0,0,0,25,507,0,ITF,ITF4,16,Puglia,Puglia,4029053,596779,14.81,0.01
412,2021-02-17,PUG,4266,1743,2523,2461,1171,598,1,7,2,2,1,1,22,3667,599,ITF,ITF4,16,Puglia,Puglia,4029053,601045,14.92,0.11
413,2021-03-23,PUG,10389,4986,5403,1850,413,51,991,29,44,6091,52,743,125,3933,6456,ITF,ITF4,16,Puglia,Puglia,4029053,611434,15.18,0.26
414,2021-03-24,PUG,12927,5960,6967,1900,628,179,1542,30,57,7922,67,497,105,5689,7238,ITF,ITF4,16,Puglia,Puglia,4029053,624361,15.5,0.32
415,2021-04-21,PUG,22698,10487,12211,678,238,61,377,1954,12243,2767,4115,115,150,18990,3708,ITF,ITF4,16,Puglia,Puglia,4029053,647059,16.06,0.56
416,2021-04-24,PUG,27719,12655,15064,537,287,92,65,2392,10890,3474,9538,33,411,23799,3920,ITF,ITF4,16,Puglia,Puglia,4029053,674778,16.75,0.69
417,2021-02-16,PUG,3378,1451,1927,2151,740,412,2,9,0,5,0,16,43,2734,644,ITF,ITF4,16,Puglia,Puglia,4029053,678156,16.83,0.08
418,2021-03-14,PUG,3313,1428,1885,957,89,107,1001,28,10,976,9,43,93,2503,810,ITF,ITF4,16,Puglia,Puglia,4029053,681469,16.91,0.08
419,2021-04-02,PUG,12382,5686,6696,880,393,278,695,111,618,7455,1447,193,312,7864,4518,ITF,ITF4,16,Puglia,Puglia,4029053,693851,17.22,0.31
420,2021-01-12,PUG,4207,1768,2439,3633,343,218,5,2,3,1,0,0,2,4207,0,ITF,ITF4,16,Puglia,Puglia,4029053,698058,17.33,0.1
421,2021-01-25,PUG,3820,1677,2143,3471,170,169,1,1,0,2,0,0,6,422,3398,ITF,ITF4,16,Puglia,Puglia,4029053,701878,17.42,0.09
422,2021-04-12,PUG,28508,13403,15105,502,236,26,157,2145,14668,4834,5589,149,202,25687,2821,ITF,ITF4,16,Puglia,Puglia,4029053,730386,18.13,0.71
423,2021-01-01,PUG,146,60,86,145,1,0,0,0,0,0,0,0,0,146,0,ITF,ITF4,16,Puglia,Puglia,4029053,730532,18.13,0.0
424,2021-03-04,PUG,15026,5861,9165,1530,588,323,6288,20,15,4778,5,1451,28,13648,1378,ITF,ITF4,16,Puglia,Puglia,4029053,745558,18.5,0.37
425,2021-02-11,PUG,3696,1401,2295,2571,391,723,2,1,0,0,0,0,8,2420,1276,ITF,ITF4,16,Puglia,Puglia,4029053,749254,18.6,0.09
426,2021-03-09,PUG,13149,5741,7408,1867,711,225,3539,17,10,5627,7,1090,56,11153,1996,ITF,ITF4,16,Puglia,Puglia,4029053,762403,18.92,0.33
427,2021-03-12,PUG,13907,6098,7809,3282,1136,432,3019,9,16,5005,9,987,12,9982,3925,ITF,ITF4,16,Puglia,Puglia,4029053,776310,19.27,0.35
428,2021-01-07,PUG,5714,2455,3259,5217,263,217,3,4,0,0,2,7,1,5714,0,ITF,ITF4,16,Puglia,Puglia,4029053,782024,19.41,0.14
429,2021-02-22,PUG,9621,4527,5094,1439,651,140,319,14,19,6809,4,215,11,9289,332,ITF,ITF4,16,Puglia,Puglia,4029053,791645,19.65,0.24
430,2021-02-08,PUG,3993,1611,2382,2966,605,389,1,1,0,1,1,26,3,1598,2395,ITF,ITF4,16,Puglia,Puglia,4029053,795638,19.75,0.1
431,2021-02-01,PUG,3961,1657,2304,3443,287,208,5,4,0,0,0,6,8,375,3586,ITF,ITF4,16,Puglia,Puglia,4029053,799599,19.85,0.1
432,2021-02-20,PUG,2966,1078,1888,2115,233,168,425,0,1,9,1,4,10,2710,256,ITF,ITF4,16,Puglia,Puglia,4029053,802565,19.92,0.07
433,2021-04-10,PUG,30031,12773,17258,629,235,121,279,658,1659,11813,14219,149,269,25854,4177,ITF,ITF4,16,Puglia,Puglia,4029053,832596,20.66,0.75
434,2021-02-05,PUG,5630,2271,3359,4568,512,526,6,0,0,0,0,14,4,1330,4300,ITF,ITF4,16,Puglia,Puglia,4029053,838226,20.8,0.14
435,2021-03-22,PUG,9337,4550,4787,609,369,12,1061,17,39,6754,49,361,66,3701,5636,ITF,ITF4,16,Puglia,Puglia,4029053,847563,21.04,0.23
436,2021-02-27,PUG,14110,4779,9331,1588,653,181,6173,14,7,5117,16,348,13,12931,1179,ITF,ITF4,16,Puglia,Puglia,4029053,861673,21.39,0.35
437,2021-04-16,PUG,34940,16431,18509,686,278,135,210,4864,14839,4523,8965,101,339,31642,3298,ITF,ITF4,16,Puglia,Puglia,4029053,896613,22.25,0.87
438,2021-01-17,PUG,1309,590,719,818,154,337,0,0,0,0,0,0,0,1240,69,ITF,ITF4,16,Puglia,Puglia,4029053,897922,22.29,0.03
439,2021-03-31,PUG,13944,6314,7630,1785,563,177,810,28,189,8586,1326,371,109,8393,5551,ITF,ITF4,16,Puglia,Puglia,4029053,911866,22.63,0.35
440,2021-02-04,PUG,5897,2357,3540,4444,792,653,6,0,0,0,1,0,1,1167,4730,ITF,ITF4,16,Puglia,Puglia,4029053,917763,22.78,0.15
441,2021-02-06,PUG,4510,1916,2594,3493,484,527,3,0,1,0,0,0,2,1589,2921,ITF,ITF4,16,Puglia,Puglia,4029053,922273,22.89,0.11
442,2021-02-18,PUG,4369,1843,2526,2701,959,680,2,1,1,5,1,11,8,3766,603,ITF,ITF4,16,Puglia,Puglia,4029053,926642,23.0,0.11
443,2021-04-03,PUG,10256,4444,5812,917,219,134,541,122,360,5416,2309,18,220,6712,3544,ITF,ITF4,16,Puglia,Puglia,4029053,936898,23.25,0.25
444,2021-03-28,PUG,3514,1647,1867,636,151,47,119,6,11,2010,519,3,12,1191,2323,ITF,ITF4,16,Puglia,Puglia,4029053,940412,23.34,0.09
445,2021-04-06,PUG,13200,5839,7361,742,373,156,220,88,486,8408,2505,131,91,6583,6617,ITF,ITF4,16,Puglia,Puglia,4029053,953612,23.67,0.33
446,2021-04-15,PUG,31583,14704,16879,546,216,42,120,4207,13152,5091,7774,96,339,28114,3469,ITF,ITF4,16,Puglia,Puglia,4029053,985195,24.45,0.78
447,2021-03-10,PUG,14371,6232,8139,2599,1070,355,3078,6,33,6547,7,655,21,11256,3115,ITF,ITF4,16,Puglia,Puglia,4029053,999566,24.81,0.36
448,2021-04-17,PUG,38345,18190,20155,519,165,84,181,4738,12963,4713,14422,82,478,35008,3337,ITF,ITF4,16,Puglia,Puglia,4029053,1037911,25.76,0.95
449,2021-02-19,PUG,4729,2010,2719,3064,1189,389,7,2,1,2,0,49,26,4338,391,ITF,ITF4,16,Puglia,Puglia,4029053,1042640,25.88,0.12
450,2021-02-14,PUG,785,348,437,682,32,70,1,0,0,0,0,0,0,662,123,ITF,ITF4,16,Puglia,Puglia,4029053,1043425,25.9,0.02
451,2021-04-09,PUG,21348,9153,12195,1102,544,165,415,464,1152,9756,7289,143,318,16720,4628,ITF,ITF4,16,Puglia,Puglia,4029053,1064773,26.43,0.53
452,2021-03-16,PUG,9855,4680,5175,2201,553,91,38,22,23,6630,129,143,25,3499,6356,ITF,ITF4,16,Puglia,Puglia,4029053,1074628,26.67,0.24
453,2021-01-03,PUG,2007,943,1064,1818,38,145,1,1,1,0,3,0,0,2007,0,ITF,ITF4,16,Puglia,Puglia,4029053,1076635,26.72,0.05
454,2021-02-25,PUG,11887,5035,6852,1746,763,419,2380,19,15,5784,1,726,34,10731,1156,ITF,ITF4,16,Puglia,Puglia,4029053,1088522,27.02,0.3
455,2021-04-13,PUG,27958,13257,14701,662,247,54,119,4427,10658,5296,6024,122,349,24552,3406,ITF,ITF4,16,Puglia,Puglia,4029053,1116480,27.71,0.69
456,2021-01-26,PUG,5358,2396,2962,4850,269,232,0,2,1,1,0,0,3,571,4787,ITF,ITF4,16,Puglia,Puglia,4029053,1121838,27.84,0.13
457,2021-01-05,PUG,5098,2246,2852,4747,177,98,4,18,9,5,0,0,40,5098,0,ITF,ITF4,16,Puglia,Puglia,4029053,1126936,27.97,0.13
458,2021-01-10,PUG,2349,1061,1288,2038,106,202,0,2,0,0,1,0,0,2349,0,ITF,ITF4,16,Puglia,Puglia,4029053,1129285,28.03,0.06
459,2021-03-30,PUG,11779,5467,6312,1329,492,259,959,45,169,7114,983,372,57,5917,5862,ITF,ITF4,16,Puglia,Puglia,4029053,1141064,28.32,0.29
460,2020-12-30,PUG,1,0,1,1,0,0,0,0,0,0,0,0,0,1,0,ITF,ITF4,16,Puglia,Puglia,4029053,1141065,28.32,0.0
461,2021-03-25,PUG,10741,5198,5543,1273,664,62,658,22,49,7187,65,675,86,4589,6152,ITF,ITF4,16,Puglia,Puglia,4029053,1151806,28.59,0.27
462,2021-04-23,PUG,27939,12947,14992,643,232,191,93,2339,12830,4413,6644,177,377,23095,4844,ITF,ITF4,16,Puglia,Puglia,4029053,1179745,29.28,0.69
463,2021-02-07,PUG,1578,669,909,1039,227,309,1,0,2,0,0,0,0,253,1325,ITF,ITF4,16,Puglia,Puglia,4029053,1181323,29.32,0.04
464,2021-02-28,LOM,7884,3255,4629,1106,761,76,31,594,199,4343,0,88,686,7668,216,ITC,ITC4,3,Lombardia,Lombardia,10060574,7884,0.08,0.08
465,2021-03-19,LOM,32364,12887,19477,2748,1933,1418,3009,69,115,22422,350,158,142,19170,13194,ITC,ITC4,3,Lombardia,Lombardia,10060574,40248,0.4,0.32
466,2021-02-15,LOM,8913,3119,5794,6034,1677,1071,9,12,9,29,4,31,37,8491,422,ITC,ITC4,3,Lombardia,Lombardia,10060574,49161,0.49,0.09
467,2021-02-18,LOM,14036,4925,9111,6162,1880,1593,28,13,18,3438,3,859,42,13009,1027,ITC,ITC4,3,Lombardia,Lombardia,10060574,63197,0.63,0.14
468,2021-01-08,LOM,12664,3910,8754,9964,2236,376,0,17,9,6,1,0,55,12664,0,ITC,ITC4,3,Lombardia,Lombardia,10060574,75861,0.75,0.13
469,2021-04-06,LOM,42779,17472,25307,2157,1920,675,4520,281,552,27852,4382,128,312,24880,17899,ITC,ITC4,3,Lombardia,Lombardia,10060574,118640,1.18,0.43
470,2020-12-30,LOM,114,42,72,106,7,0,0,0,0,0,0,0,1,114,0,ITC,ITC4,3,Lombardia,Lombardia,10060574,118754,1.18,0.0
471,2021-03-28,LOM,20288,7724,12564,2015,1290,115,3874,197,415,11235,1008,34,105,14155,6133,ITC,ITC4,3,Lombardia,Lombardia,10060574,139042,1.38,0.2
472,2020-12-31,LOM,713,300,413,657,56,0,0,0,0,0,0,0,0,713,0,ITC,ITC4,3,Lombardia,Lombardia,10060574,139755,1.39,0.01
473,2021-02-09,LOM,12244,3328,8916,5736,2235,4128,4,16,5,78,4,2,36,4109,8135,ITC,ITC4,3,Lombardia,Lombardia,10060574,151999,1.51,0.12
474,2021-02-21,LOM,5022,1854,3168,1761,910,32,3,2,14,2234,2,42,22,5002,20,ITC,ITC4,3,Lombardia,Lombardia,10060574,157021,1.56,0.05
475,2021-04-02,LOM,40839,16700,24139,2536,1822,1159,4639,536,2167,24510,2994,130,346,26486,14353,ITC,ITC4,3,Lombardia,Lombardia,10060574,197860,1.97,0.41
476,2021-01-12,LOM,19854,6615,13239,13437,4539,1631,0,20,13,102,2,1,109,19854,0,ITC,ITC4,3,Lombardia,Lombardia,10060574,217714,2.16,0.2
477,2021-01-01,LOM,24,7,17,24,0,0,0,0,0,0,0,0,0,24,0,ITC,ITC4,3,Lombardia,Lombardia,10060574,217738,2.16,0.0
478,2021-03-16,LOM,25460,10108,15352,3314,1456,1455,76,311,249,18138,28,17,416,16401,9059,ITC,ITC4,3,Lombardia,Lombardia,10060574,243198,2.42,0.25
479,2021-04-20,LOM,67008,30570,36438,1149,584,740,566,8883,34178,10677,9492,228,511,56737,10271,ITC,ITC4,3,Lombardia,Lombardia,10060574,310206,3.08,0.67
480,2021-01-21,LOM,5333,1567,3766,3017,1210,1025,0,8,4,7,1,0,61,4644,689,ITC,ITC4,3,Lombardia,Lombardia,10060574,315539,3.14,0.05
481,2021-03-15,LOM,31519,11310,20209,4682,2869,880,8315,273,377,13071,7,637,408,23038,8481,ITC,ITC4,3,Lombardia,Lombardia,10060574,347058,3.45,0.31
482,2021-02-19,LOM,14101,5365,8736,5569,1750,1149,16,22,42,4541,2,929,81,13419,682,ITC,ITC4,3,Lombardia,Lombardia,10060574,361159,3.59,0.14
483,2021-01-22,LOM,3097,864,2233,1581,619,874,0,2,3,13,0,0,5,3027,70,ITC,ITC4,3,Lombardia,Lombardia,10060574,364256,3.62,0.03
484,2021-03-12,LOM,35200,12934,22266,5119,3217,1497,7388,184,278,16065,10,1114,328,24991,10209,ITC,ITC4,3,Lombardia,Lombardia,10060574,399456,3.97,0.35
485,2021-02-08,LOM,10075,2915,7160,5322,2251,2404,4,5,2,53,4,0,30,2138,7937,ITC,ITC4,3,Lombardia,Lombardia,10060574,409531,4.07,0.1
486,2021-04-22,LOM,72236,32752,39484,1152,680,954,437,10989,31812,14768,10762,185,497,56237,15999,ITC,ITC4,3,Lombardia,Lombardia,10060574,481767,4.79,0.72
487,2021-03-10,LOM,33217,12722,20495,6907,3854,2102,5478,429,302,12090,9,1608,438,25363,7854,ITC,ITC4,3,Lombardia,Lombardia,10060574,514984,5.12,0.33
488,2021-03-08,LOM,29729,11167,18562,6595,2985,1160,4622,423,211,11765,10,1613,345,22657,7072,ITC,ITC4,3,Lombardia,Lombardia,10060574,544713,5.41,0.3
489,2021-04-17,LOM,47192,20708,26484,518,203,287,343,413,28517,11361,5293,124,133,36533,10659,ITC,ITC4,3,Lombardia,Lombardia,10060574,591905,5.88,0.47
490,2021-04-18,LOM,36145,16119,20026,262,115,72,141,222,25843,5615,3678,99,98,30911,5234,ITC,ITC4,3,Lombardia,Lombardia,10060574,628050,6.24,0.36
491,2021-03-17,LOM,26148,10450,15698,2533,1417,1969,44,73,108,19534,175,44,251,15229,10919,ITC,ITC4,3,Lombardia,Lombardia,10060574,654198,6.5,0.26
492,2021-02-04,LOM,27510,8032,19478,15827,5865,5532,0,11,1,197,4,7,66,1962,25548,ITC,ITC4,3,Lombardia,Lombardia,10060574,681708,6.78,0.27
493,2021-03-31,LOM,41789,16912,24877,2597,1885,1471,6196,403,1819,24033,2808,150,427,26659,15130,ITC,ITC4,3,Lombardia,Lombardia,10060574,723497,7.19,0.42
494,2021-04-21,LOM,70747,32181,38566,1029,465,696,339,10498,32384,14114,10624,178,420,56397,14350,ITC,ITC4,3,Lombardia,Lombardia,10060574,794244,7.89,0.7
495,2021-02-17,LOM,11964,3743,8221,7640,2229,1950,10,7,8,40,6,38,36,10575,1389,ITC,ITC4,3,Lombardia,Lombardia,10060574,806208,8.01,0.12
496,2020-12-27,LOM,717,413,304,615,46,14,0,13,7,1,1,0,20,717,0,ITC,ITC4,3,Lombardia,Lombardia,10060574,806925,8.02,0.01
497,2021-04-19,LOM,59727,27227,32500,1167,443,417,480,3369,34703,9795,8704,177,472,50339,9388,ITC,ITC4,3,Lombardia,Lombardia,10060574,866652,8.61,0.59
498,2021-04-24,LOM,73065,32505,40560,614,338,88,166,12487,29378,19764,9557,278,395,53554,19511,ITC,ITC4,3,Lombardia,Lombardia,10060574,939717,9.34,0.73
499,2021-04-05,LOM,27280,11653,15627,539,567,70,701,196,325,23660,1104,28,90,19252,8028,ITC,ITC4,3,Lombardia,Lombardia,10060574,966997,9.61,0.27
500,2021-02-01,LOM,16049,5315,10734,11673,3375,903,1,3,3,45,3,1,42,324,15725,ITC,ITC4,3,Lombardia,Lombardia,10060574,983046,9.77,0.16
501,2021-01-31,LOM,9745,3763,5982,7576,2043,87,0,2,2,7,3,2,23,33,9712,ITC,ITC4,3,Lombardia,Lombardia,10060574,992791,9.87,0.1
502,2021-01-28,LOM,12179,3691,8488,9191,1858,971,1,11,5,29,2,1,110,776,11403,ITC,ITC4,3,Lombardia,Lombardia,10060574,1004970,9.99,0.12
503,2021-01-03,LOM,853,316,537,744,89,4,0,0,0,1,1,0,14,853,0,ITC,ITC4,3,Lombardia,Lombardia,10060574,1005823,10.0,0.01
504,2021-01-04,LOM,6075,2097,3978,4993,736,173,0,22,4,11,0,0,136,6075,0,ITC,ITC4,3,Lombardia,Lombardia,10060574,1011898,10.06,0.06
505,2021-01-19,LOM,8101,2348,5753,4045,1772,2169,0,9,5,67,4,1,29,7625,476,ITC,ITC4,3,Lombardia,Lombardia,10060574,1019999,10.14,0.08
506,2021-02-25,LOM,15177,6295,8882,2971,1339,1294,10,39,86,8100,4,1251,83,13630,1547,ITC,ITC4,3,Lombardia,Lombardia,10060574,1035176,10.29,0.15
507,2021-02-03,LOM,25472,7877,17595,15588,5626,4018,1,17,9,144,6,8,55,1120,24352,ITC,ITC4,3,Lombardia,Lombardia,10060574,1060648,10.54,0.25
508,2021-02-14,LOM,3578,1546,2032,2750,623,42,10,5,1,3,2,0,142,2944,634,ITC,ITC4,3,Lombardia,Lombardia,10060574,1064226,10.58,0.04
509,2021-02-27,LOM,13941,5866,8075,2090,1234,568,48,208,309,8310,7,1124,43,13296,645,ITC,ITC4,3,Lombardia,Lombardia,10060574,1078167,10.72,0.14
510,2021-03-18,LOM,27408,10954,16454,2198,1209,1547,100,65,161,21447,503,50,128,16180,11228,ITC,ITC4,3,Lombardia,Lombardia,10060574,1105575,10.99,0.27
511,2021-02-07,LOM,7207,2797,4410,5545,1315,293,5,5,2,18,0,3,21,339,6868,ITC,ITC4,3,Lombardia,Lombardia,10060574,1112782,11.06,0.07
512,2021-04-13,LOM,47496,21240,26256,939,646,699,956,533,25196,13258,4842,129,298,33516,13980,ITC,ITC4,3,Lombardia,Lombardia,10060574,1160278,11.53,0.47
513,2020-12-28,LOM,107,47,60,105,2,0,0,0,0,0,0,0,0,107,0,ITC,ITC4,3,Lombardia,Lombardia,10060574,1160385,11.53,0.0
514,2021-03-07,LOM,11916,5304,6612,3012,2099,82,707,261,329,4543,2,672,209,9356,2560,ITC,ITC4,3,Lombardia,Lombardia,10060574,1172301,11.65,0.12
515,2021-03-25,LOM,42401,15827,26574,3448,2235,1419,10845,228,766,21143,1663,318,336,29949,12452,ITC,ITC4,3,Lombardia,Lombardia,10060574,1214702,12.07,0.42
516,2021-03-30,LOM,39266,15383,23883,2673,1919,1166,6910,254,409,22312,2858,223,542,24524,14742,ITC,ITC4,3,Lombardia,Lombardia,10060574,1253968,12.46,0.39
517,2021-01-26,LOM,8338,2711,5627,6652,1337,223,0,22,4,26,0,0,74,334,8004,ITC,ITC4,3,Lombardia,Lombardia,10060574,1262306,12.55,0.08
518,2021-03-04,LOM,29306,12128,17178,6999,2476,2141,376,1623,1848,11147,6,2054,636,20251,9055,ITC,ITC4,3,Lombardia,Lombardia,10060574,1291612,12.84,0.29
519,2021-01-17,LOM,8290,3327,4963,5555,748,244,0,169,55,72,6,5,1436,8089,201,ITC,ITC4,3,Lombardia,Lombardia,10060574,1299902,12.92,0.08
520,2021-02-05,LOM,25536,7418,18118,14464,6213,4477,7,19,11,260,2,2,81,2379,23157,ITC,ITC4,3,Lombardia,Lombardia,10060574,1325438,13.17,0.25
521,2021-03-24,LOM,43081,15542,27539,2975,2447,1498,12497,413,748,20252,1263,563,425,31373,11708,ITC,ITC4,3,Lombardia,Lombardia,10060574,1368519,13.6,0.43
522,2021-04-10,LOM,51338,21297,30041,858,852,312,1465,506,2909,38335,5792,61,248,39587,11751,ITC,ITC4,3,Lombardia,Lombardia,10060574,1419857,14.11,0.51
523,2021-03-22,LOM,40168,14216,25952,2512,2359,832,12169,255,193,20463,536,533,316,29710,10458,ITC,ITC4,3,Lombardia,Lombardia,10060574,1460025,14.51,0.4
524,2021-03-23,LOM,42383,15359,27024,2244,2329,1293,12511,430,584,21309,769,405,509,29593,12790,ITC,ITC4,3,Lombardia,Lombardia,10060574,1502408,14.93,0.42
525,2021-01-24,LOM,1201,459,742,832,136,36,0,8,2,1,1,0,185,537,664,ITC,ITC4,3,Lombardia,Lombardia,10060574,1503609,14.95,0.01
526,2021-01-30,LOM,12320,4569,7751,9909,2118,161,1,18,2,8,1,1,101,198,12122,ITC,ITC4,3,Lombardia,Lombardia,10060574,1515929,15.07,0.12
527,2021-04-26,LOM,66596,30975,35621,511,299,174,366,15054,22468,16627,10539,143,415,49106,17490,ITC,ITC4,3,Lombardia,Lombardia,10060574,1582525,15.73,0.66
528,2021-04-01,LOM,42606,17093,25513,2718,2084,1262,5748,823,1624,25043,2761,135,408,26633,15973,ITC,ITC4,3,Lombardia,Lombardia,10060574,1625131,16.15,0.42
529,2021-01-05,LOM,7817,2565,5252,6271,1207,173,0,29,4,8,0,0,125,7817,0,ITC,ITC4,3,Lombardia,Lombardia,10060574,1632948,16.23,0.08
530,2021-02-22,LOM,11777,4744,7033,4229,1465,963,28,13,13,4034,3,966,63,11466,311,ITC,ITC4,3,Lombardia,Lombardia,10060574,1644725,16.35,0.12
531,2021-01-18,LOM,9152,2967,6185,5194,1962,1851,0,16,13,54,5,2,55,8170,982,ITC,ITC4,3,Lombardia,Lombardia,10060574,1653877,16.44,0.09
532,2021-04-03,LOM,36117,14816,21301,960,962,86,2237,1004,1545,27450,1649,80,144,26064,10053,ITC,ITC4,3,Lombardia,Lombardia,10060574,1689994,16.8,0.36
533,2021-04-15,LOM,48783,21592,27191,1101,633,1058,653,274,25684,12574,6502,96,208,35030,13753,ITC,ITC4,3,Lombardia,Lombardia,10060574,1738777,17.28,0.48
534,2021-01-16,LOM,15358,5706,9652,8616,1384,1505,0,556,211,227,5,3,2851,15358,0,ITC,ITC4,3,Lombardia,Lombardia,10060574,1754135,17.44,0.15
535,2021-03-06,LOM,21312,9084,12228,4764,2181,451,1357,1898,1306,7523,7,1147,678,16795,4517,ITC,ITC4,3,Lombardia,Lombardia,10060574,1775447,17.65,0.21
536,2021-03-27,LOM,32160,12254,19906,1973,2421,323,6664,404,583,18199,1171,71,351,23557,8603,ITC,ITC4,3,Lombardia,Lombardia,10060574,1807607,17.97,0.32
537,2021-01-06,LOM,7058,2489,4569,5847,1106,38,2,24,1,0,0,0,40,7058,0,ITC,ITC4,3,Lombardia,Lombardia,10060574,1814665,18.04,0.07
538,2021-03-01,LOM,18772,8221,10551,2718,1181,930,29,554,321,10843,3,1656,537,17065,1707,ITC,ITC4,3,Lombardia,Lombardia,10060574,1833437,18.22,0.19
539,2021-03-20,LOM,32503,12146,20357,1991,2348,524,7861,155,140,18454,544,322,164,22642,9861,ITC,ITC4,3,Lombardia,Lombardia,10060574,1865940,18.55,0.32
540,2021-04-09,LOM,51757,22124,29633,2232,1899,1247,3033,260,2326,33852,6375,97,436,35825,15932,ITC,ITC4,3,Lombardia,Lombardia,10060574,1917697,19.06,0.51
541,2021-01-29,LOM,13438,4114,9324,10487,2325,573,0,5,3,9,1,0,35,654,12784,ITC,ITC4,3,Lombardia,Lombardia,10060574,1931135,19.2,0.13
542,2021-02-24,LOM,14656,5921,8735,3585,1500,1786,24,35,44,6321,0,1203,158,13732,924,ITC,ITC4,3,Lombardia,Lombardia,10060574,1945791,19.34,0.15
543,2021-02-16,LOM,9535,3084,6451,5848,2209,1393,19,13,4,8,7,8,26,9084,451,ITC,ITC4,3,Lombardia,Lombardia,10060574,1955326,19.44,0.09
544,2021-01-09,LOM,12406,4571,7835,9524,2121,196,0,60,12,6,0,1,486,12406,0,ITC,ITC4,3,Lombardia,Lombardia,10060574,1967732,19.56,0.12
545,2021-01-07,LOM,11712,3622,8090,8962,1794,786,1,14,8,34,2,1,110,11712,0,ITC,ITC4,3,Lombardia,Lombardia,10060574,1979444,19.68,0.12
546,2021-03-29,LOM,39921,15462,24459,2995,2112,455,8607,221,470,21716,2705,209,431,25162,14759,ITC,ITC4,3,Lombardia,Lombardia,10060574,2019365,20.07,0.4
547,2021-02-20,LOM,9430,3895,5535,4298,1020,225,4,24,37,2919,2,864,37,9131,299,ITC,ITC4,3,Lombardia,Lombardia,10060574,2028795,20.17,0.09
548,2021-04-11,LOM,31837,13792,18045,966,542,435,1213,227,710,23068,3804,794,78,24464,7373,ITC,ITC4,3,Lombardia,Lombardia,10060574,2060632,20.48,0.32
549,2021-03-21,LOM,23548,8542,15006,1082,1631,420,9133,114,207,9736,198,755,272,18292,5256,ITC,ITC4,3,Lombardia,Lombardia,10060574,2084180,20.72,0.23
550,2021-04-04,LOM,7594,3223,4371,204,263,68,205,199,347,5858,361,9,80,3699,3895,ITC,ITC4,3,Lombardia,Lombardia,10060574,2091774,20.79,0.08
551,2020-12-29,LOM,104,44,60,103,1,0,0,0,0,0,0,0,0,104,0,ITC,ITC4,3,Lombardia,Lombardia,10060574,2091878,20.79,0.0
552,2021-03-05,LOM,28952,11935,17017,7237,3080,1550,424,1293,2142,11060,14,1980,172,20555,8397,ITC,ITC4,3,Lombardia,Lombardia,10060574,2120830,21.08,0.29
553,2021-02-26,LOM,18344,7548,10796,3321,1716,1183,24,66,40,10579,7,1339,69,16495,1849,ITC,ITC4,3,Lombardia,Lombardia,10060574,2139174,21.26,0.18
554,2021-03-26,LOM,40980,15551,25429,2718,2208,833,8659,236,542,22658,2439,256,431,28045,12935,ITC,ITC4,3,Lombardia,Lombardia,10060574,2180154,21.67,0.41
555,2021-02-23,LOM,11722,4780,6942,3945,1403,851,3,20,31,4312,0,991,166,11413,309,ITC,ITC4,3,Lombardia,Lombardia,10060574,2191876,21.79,0.12
556,2021-01-13,LOM,26211,8007,18204,15795,5794,4193,1,28,14,197,4,3,182,26211,0,ITC,ITC4,3,Lombardia,Lombardia,10060574,2218087,22.05,0.26
557,2021-04-25,LOM,50713,23339,27374,318,137,12,259,10004,26828,4451,8271,150,283,46305,4408,ITC,ITC4,3,Lombardia,Lombardia,10060574,2268800,22.55,0.5
558,2021-03-14,LOM,14875,5348,9527,1520,1746,80,5450,99,117,5274,2,413,174,11586,3289,ITC,ITC4,3,Lombardia,Lombardia,10060574,2283675,22.7,0.15
559,2021-02-10,LOM,14389,4503,9886,8534,2364,3335,6,25,17,79,1,3,25,7569,6820,ITC,ITC4,3,Lombardia,Lombardia,10060574,2298064,22.84,0.14
560,2021-04-23,LOM,71050,32414,38636,1348,596,612,335,12210,30344,14005,10905,237,458,55744,15306,ITC,ITC4,3,Lombardia,Lombardia,10060574,2369114,23.55,0.71
561,2021-04-14,LOM,46697,20882,25815,922,738,669,784,290,24935,12221,5845,86,207,33822,12875,ITC,ITC4,3,Lombardia,Lombardia,10060574,2415811,24.01,0.46
562,2021-01-10,LOM,10518,3957,6561,8175,2197,85,1,4,1,12,5,2,36,10518,0,ITC,ITC4,3,Lombardia,Lombardia,10060574,2426329,24.12,0.1
563,2021-03-03,LOM,26900,11488,15412,6403,1783,1799,471,1269,1900,10199,11,2030,1035,19627,7273,ITC,ITC4,3,Lombardia,Lombardia,10060574,2453229,24.38,0.27
564,2021-01-25,LOM,7024,2372,4652,5632,941,218,0,26,3,15,0,0,189,488,6536,ITC,ITC4,3,Lombardia,Lombardia,10060574,2460253,24.45,0.07
565,2021-02-12,LOM,13942,4355,9587,8112,2724,2957,3,7,8,102,3,5,21,9026,4916,ITC,ITC4,3,Lombardia,Lombardia,10060574,2474195,24.59,0.14
566,2021-01-27,LOM,8044,2677,5367,6204,1338,434,2,22,3,1,0,0,40,820,7224,ITC,ITC4,3,Lombardia,Lombardia,10060574,2482239,24.67,0.08
567,2021-03-09,LOM,33225,12843,20382,6078,4092,2385,5482,434,352,12532,10,1464,396,25790,7435,ITC,ITC4,3,Lombardia,Lombardia,10060574,2515464,25.0,0.33
568,2021-02-06,LOM,15248,5527,9721,9853,3034,1896,3,42,13,75,2,1,329,1083,14165,ITC,ITC4,3,Lombardia,Lombardia,10060574,2530712,25.15,0.15
569,2021-02-13,LOM,6410,2440,3970,4174,1466,709,4,7,6,17,3,4,20,4937,1473,ITC,ITC4,3,Lombardia,Lombardia,10060574,2537122,25.22,0.06
570,2021-04-16,LOM,52951,23680,29271,1718,711,976,388,375,28386,13175,6909,113,200,38845,14106,ITC,ITC4,3,Lombardia,Lombardia,10060574,2590073,25.74,0.53
571,2021-04-12,LOM,47032,20508,26524,1133,900,500,1662,312,24471,13725,4055,76,198,32768,14264,ITC,ITC4,3,Lombardia,Lombardia,10060574,2637105,26.21,0.47
572,2021-01-02,LOM,199,72,127,178,16,0,0,1,0,0,0,0,4,199,0,ITC,ITC4,3,Lombardia,Lombardia,10060574,2637304,26.21,0.0
573,2021-02-02,LOM,19838,6580,13258,13495,4505,1684,1,6,4,76,0,7,60,489,19349,ITC,ITC4,3,Lombardia,Lombardia,10060574,2657142,26.41,0.2
574,2021-01-20,LOM,5578,1364,4214,2743,1176,1557,0,14,6,61,0,0,21,5463,115,ITC,ITC4,3,Lombardia,Lombardia,10060574,2662720,26.47,0.06
575,2021-01-15,LOM,25129,7417,17712,13798,5909,4736,9,54,24,316,3,2,278,25129,0,ITC,ITC4,3,Lombardia,Lombardia,10060574,2687849,26.72,0.25
576,2021-03-11,LOM,36098,13429,22669,5874,3535,2189,6670,225,296,15548,7,1295,459,26226,9872,ITC,ITC4,3,Lombardia,Lombardia,10060574,2723947,27.08,0.36
577,2021-01-11,LOM,16027,5326,10701,11818,3363,700,2,9,5,45,1,1,83,16027,0,ITC,ITC4,3,Lombardia,Lombardia,10060574,2739974,27.23,0.16
578,2021-03-02,LOM,22809,9690,13119,3192,1451,2200,130,1113,378,11263,8,1843,1231,19778,3031,ITC,ITC4,3,Lombardia,Lombardia,10060574,2762783,27.46,0.23
579,2021-04-07,LOM,50357,20820,29537,1729,1437,1186,2471,280,1910,36710,4192,68,374,34578,15779,ITC,ITC4,3,Lombardia,Lombardia,10060574,2813140,27.96,0.5
580,2021-01-23,LOM,1114,357,757,644,259,138,0,8,6,1,0,0,58,916,198,ITC,ITC4,3,Lombardia,Lombardia,10060574,2814254,27.97,0.01
581,2021-04-08,LOM,51866,21604,30262,2240,1364,912,1565,281,2238,37311,5404,69,482,35413,16453,ITC,ITC4,3,Lombardia,Lombardia,10060574,2866120,28.49,0.52
582,2021-02-11,LOM,16997,4999,11998,9729,3326,3871,6,3,2,33,1,4,22,9655,7342,ITC,ITC4,3,Lombardia,Lombardia,10060574,2883117,28.66,0.17
583,2021-01-14,LOM,26722,7768,18954,15204,5577,5453,2,34,14,249,3,1,185,26722,0,ITC,ITC4,3,Lombardia,Lombardia,10060574,2909839,28.92,0.27
584,2021-03-13,LOM,27114,9752,17362,3750,2790,264,8141,222,681,10337,15,639,275,21050,6064,ITC,ITC4,3,Lombardia,Lombardia,10060574,2936953,29.19,0.27
585,2021-01-04,TOS,5065,1894,3171,4100,29,933,0,0,0,0,0,0,3,5065,0,ITI,ITI1,9,Toscana,Toscana,3729641,5065,0.14,0.14
586,2021-03-11,TOS,15467,5986,9481,2440,907,270,12,0,7,10304,1293,217,17,12148,3319,ITI,ITI1,9,Toscana,Toscana,3729641,20532,0.55,0.41
587,2021-03-03,TOS,18138,6470,11668,3324,1083,135,3446,3,0,9182,1,954,10,14533,3605,ITI,ITI1,9,Toscana,Toscana,3729641,38670,1.04,0.49
588,2021-02-20,TOS,4641,1790,2851,3350,1038,203,18,0,0,17,0,15,0,4128,513,ITI,ITI1,9,Toscana,Toscana,3729641,43311,1.16,0.12
589,2021-01-19,TOS,1104,531,573,392,220,491,0,0,0,0,0,0,1,1104,0,ITI,ITI1,9,Toscana,Toscana,3729641,44415,1.19,0.03
590,2021-03-18,TOS,9958,3975,5983,438,562,280,3,2,3,7786,871,7,6,5996,3962,ITI,ITI1,9,Toscana,Toscana,3729641,54373,1.46,0.27
591,2021-04-25,TOS,11003,5224,5779,242,101,61,15,32,6266,380,3895,5,6,8867,2136,ITI,ITI1,9,Toscana,Toscana,3729641,65376,1.75,0.3
592,2021-02-13,TOS,7784,2360,5424,3667,574,163,1,0,2,0,0,186,3191,7557,227,ITI,ITI1,9,Toscana,Toscana,3729641,73160,1.96,0.21
593,2021-04-05,TOS,15278,6823,8455,27,52,0,35,12,13541,256,1328,4,23,14541,737,ITI,ITI1,9,Toscana,Toscana,3729641,88438,2.37,0.41
594,2021-04-23,TOS,25187,11234,13953,342,245,112,6,166,479,16278,7402,13,144,9120,16067,ITI,ITI1,9,Toscana,Toscana,3729641,113625,3.05,0.68
595,2021-02-01,TOS,5508,1958,3550,4485,403,616,0,0,0,0,0,0,4,520,4988,ITI,ITI1,9,Toscana,Toscana,3729641,119133,3.19,0.15
596,2021-02-25,TOS,10631,4304,6327,1078,1634,259,3199,0,1,3231,5,1220,4,9632,999,ITI,ITI1,9,Toscana,Toscana,3729641,129764,3.48,0.29
597,2021-01-03,TOS,3336,1052,2284,2565,9,762,0,0,0,0,0,0,0,3336,0,ITI,ITI1,9,Toscana,Toscana,3729641,133100,3.57,0.09
598,2021-02-06,TOS,4527,1550,2977,3725,574,227,0,0,0,0,0,0,1,1294,3233,ITI,ITI1,9,Toscana,Toscana,3729641,137627,3.69,0.12
599,2021-01-22,TOS,2866,1064,1802,2026,81,758,0,0,0,0,1,0,0,528,2338,ITI,ITI1,9,Toscana,Toscana,3729641,140493,3.77,0.08
600,2021-02-12,TOS,7606,2683,4923,3742,380,188,0,0,1,3,0,402,2890,7393,213,ITI,ITI1,9,Toscana,Toscana,3729641,148099,3.97,0.2
601,2021-04-17,TOS,20397,9136,11261,598,388,83,1,22,7391,5901,5983,8,22,18322,2075,ITI,ITI1,9,Toscana,Toscana,3729641,168496,4.52,0.55
602,2021-03-08,TOS,6346,2610,3736,4063,747,191,8,0,0,66,965,304,2,1527,4819,ITI,ITI1,9,Toscana,Toscana,3729641,174842,4.69,0.17
603,2021-04-13,TOS,8465,3497,4968,250,462,266,5,35,53,5532,1820,30,12,6019,2446,ITI,ITI1,9,Toscana,Toscana,3729641,183307,4.91,0.23
604,2021-02-26,TOS,10072,3830,6242,1556,1653,298,3562,0,0,1814,2,1187,0,8866,1206,ITI,ITI1,9,Toscana,Toscana,3729641,193379,5.18,0.27
605,2021-04-22,TOS,35432,15148,20284,315,451,139,6,125,7345,20324,6588,15,124,18095,17337,ITI,ITI1,9,Toscana,Toscana,3729641,228811,6.13,0.95
606,2021-02-03,TOS,4221,1452,2769,3475,239,505,0,0,0,1,0,0,1,241,3980,ITI,ITI1,9,Toscana,Toscana,3729641,233032,6.25,0.11
607,2021-04-16,TOS,28733,12797,15936,521,522,92,2,64,6601,15050,5810,22,49,21918,6815,ITI,ITI1,9,Toscana,Toscana,3729641,261765,7.02,0.77
608,2021-01-23,TOS,3949,1354,2595,2936,170,841,0,0,0,0,0,0,2,640,3309,ITI,ITI1,9,Toscana,Toscana,3729641,265714,7.12,0.11
609,2021-03-22,TOS,4836,2398,2438,221,366,380,314,27,2418,474,466,135,35,4393,443,ITI,ITI1,9,Toscana,Toscana,3729641,270550,7.25,0.13
610,2021-04-08,TOS,29534,12485,17049,263,320,186,5,63,1785,23600,3233,17,62,23189,6345,ITI,ITI1,9,Toscana,Toscana,3729641,300084,8.05,0.79
611,2021-03-30,TOS,16789,7456,9333,212,151,250,113,13,4545,8512,2734,212,47,13227,3562,ITI,ITI1,9,Toscana,Toscana,3729641,316873,8.5,0.45
612,2021-01-24,TOS,3349,1073,2276,2602,35,709,0,0,0,1,0,0,2,201,3148,ITI,ITI1,9,Toscana,Toscana,3729641,320222,8.59,0.09
613,2021-03-25,TOS,23539,10094,13445,225,313,406,711,46,2777,16079,2661,247,74,15225,8314,ITI,ITI1,9,Toscana,Toscana,3729641,343761,9.22,0.63
614,2021-03-02,TOS,10587,3789,6798,3171,986,154,3512,0,0,1850,0,910,4,7143,3444,ITI,ITI1,9,Toscana,Toscana,3729641,354348,9.5,0.28
615,2021-01-14,TOS,3254,1179,2075,2459,475,320,0,0,0,0,0,0,0,3254,0,ITI,ITI1,9,Toscana,Toscana,3729641,357602,9.59,0.09
616,2021-04-19,TOS,9054,4491,4563,636,245,73,7,24,378,496,7190,2,3,8037,1017,ITI,ITI1,9,Toscana,Toscana,3729641,366656,9.83,0.24
617,2021-02-15,TOS,8768,3374,5394,4536,922,216,1138,0,0,56,0,801,1099,7943,825,ITI,ITI1,9,Toscana,Toscana,3729641,375424,10.07,0.24
618,2021-03-19,TOS,10124,4454,5670,641,442,303,35,22,2644,5271,712,13,41,7275,2849,ITI,ITI1,9,Toscana,Toscana,3729641,385548,10.34,0.27
619,2021-03-04,TOS,17530,6680,10850,2816,953,274,3694,2,8,8236,597,945,5,14448,3082,ITI,ITI1,9,Toscana,Toscana,3729641,403078,10.81,0.47
620,2021-01-17,TOS,2535,871,1664,2002,293,240,0,0,0,0,0,0,0,2022,513,ITI,ITI1,9,Toscana,Toscana,3729641,405613,10.88,0.07
621,2021-04-26,TOS,9541,4618,4923,112,263,46,3,24,4005,181,4871,5,31,7219,2322,ITI,ITI1,9,Toscana,Toscana,3729641,415154,11.13,0.26
622,2021-04-14,TOS,19999,8247,11752,398,405,122,1,31,136,16605,2252,10,39,14947,5052,ITI,ITI1,9,Toscana,Toscana,3729641,435153,11.67,0.54
623,2021-03-28,TOS,6198,2800,3398,37,26,145,89,22,2401,893,2545,22,18,5944,254,ITI,ITI1,9,Toscana,Toscana,3729641,441351,11.83,0.17
624,2021-04-02,TOS,31847,13487,18360,297,64,370,6,15,8606,19776,2551,115,47,23846,8001,ITI,ITI1,9,Toscana,Toscana,3729641,473198,12.69,0.85
625,2021-04-03,TOS,15020,6649,8371,101,64,99,13,16,6587,4923,3181,10,26,13881,1139,ITI,ITI1,9,Toscana,Toscana,3729641,488218,13.09,0.4
626,2021-02-18,TOS,8817,3285,5532,2924,1447,230,3142,0,0,214,0,860,0,7923,894,ITI,ITI1,9,Toscana,Toscana,3729641,497035,13.33,0.24
627,2021-03-15,TOS,8312,3309,5003,3214,1609,404,2281,0,2,36,325,438,3,3870,4442,ITI,ITI1,9,Toscana,Toscana,3729641,505347,13.55,0.22
628,2021-01-15,TOS,3878,1347,2531,2758,674,444,0,0,0,0,0,0,2,3878,0,ITI,ITI1,9,Toscana,Toscana,3729641,509225,13.65,0.1
629,2021-01-21,TOS,1589,686,903,579,220,790,0,0,0,0,0,0,0,867,722,ITI,ITI1,9,Toscana,Toscana,3729641,510814,13.7,0.04
630,2021-03-27,TOS,8821,4120,4701,113,71,242,198,17,3197,2074,2838,51,20,8606,215,ITI,ITI1,9,Toscana,Toscana,3729641,519635,13.93,0.24
631,2021-03-20,TOS,6489,2882,3607,914,563,165,34,4,3576,773,423,27,10,5354,1135,ITI,ITI1,9,Toscana,Toscana,3729641,526124,14.11,0.17
632,2021-02-17,TOS,8173,3168,5005,3464,1122,249,2485,0,0,218,0,635,0,7422,751,ITI,ITI1,9,Toscana,Toscana,3729641,534297,14.33,0.22
633,2021-04-09,TOS,24428,10507,13921,241,121,220,3,42,94,20222,3430,17,38,21024,3404,ITI,ITI1,9,Toscana,Toscana,3729641,558725,14.98,0.65
634,2021-02-23,TOS,7720,3324,4396,1490,1512,204,2831,0,0,510,1,1170,2,7559,161,ITI,ITI1,9,Toscana,Toscana,3729641,566445,15.19,0.21
635,2021-02-24,TOS,10370,4466,5904,81,1513,301,2947,0,0,4141,0,1382,5,10169,201,ITI,ITI1,9,Toscana,Toscana,3729641,576815,15.47,0.28
636,2021-03-07,TOS,5647,2356,3291,3103,642,123,774,0,0,15,417,573,0,2105,3542,ITI,ITI1,9,Toscana,Toscana,3729641,582462,15.62,0.15
637,2021-01-13,TOS,4062,1398,2664,3308,348,404,0,0,0,0,0,0,2,4062,0,ITI,ITI1,9,Toscana,Toscana,3729641,586524,15.73,0.11
638,2021-02-16,TOS,9278,3339,5939,5084,952,188,2323,0,0,10,0,720,1,8557,721,ITI,ITI1,9,Toscana,Toscana,3729641,595802,15.97,0.25
639,2021-04-04,TOS,13906,6599,7307,17,20,1,52,14,12884,170,723,5,20,13654,252,ITI,ITI1,9,Toscana,Toscana,3729641,609708,16.35,0.37
640,2021-03-01,TOS,4387,1671,2716,3192,597,137,25,0,0,9,1,424,2,747,3640,ITI,ITI1,9,Toscana,Toscana,3729641,614095,16.47,0.12
641,2021-04-18,TOS,8235,4044,4191,425,216,67,2,25,676,1363,5430,4,27,7296,939,ITI,ITI1,9,Toscana,Toscana,3729641,622330,16.69,0.22
642,2021-01-07,TOS,6018,1751,4267,5308,29,680,0,0,0,0,0,0,1,6018,0,ITI,ITI1,9,Toscana,Toscana,3729641,628348,16.85,0.16
643,2021-03-31,TOS,32499,13094,19405,278,97,264,3699,64,2643,23382,1484,441,147,20362,12137,ITI,ITI1,9,Toscana,Toscana,3729641,660847,17.72,0.87
644,2021-01-09,TOS,4485,1596,2889,3780,143,560,0,0,0,1,0,0,1,4485,0,ITI,ITI1,9,Toscana,Toscana,3729641,665332,17.84,0.12
645,2021-02-28,TOS,1649,667,982,1111,202,78,9,0,0,0,0,249,0,922,727,ITI,ITI1,9,Toscana,Toscana,3729641,666981,17.88,0.04
646,2021-04-24,TOS,12897,5904,6993,122,128,84,4,70,299,6439,5677,2,72,5617,7280,ITI,ITI1,9,Toscana,Toscana,3729641,679878,18.23,0.35
647,2021-01-31,TOS,3049,1129,1920,2465,133,448,0,0,0,1,0,0,2,106,2943,ITI,ITI1,9,Toscana,Toscana,3729641,682927,18.31,0.08
648,2021-04-01,TOS,26832,11068,15764,246,111,303,6,5,30,24527,1401,155,48,16245,10587,ITI,ITI1,9,Toscana,Toscana,3729641,709759,19.03,0.72
649,2021-02-21,TOS,5105,2089,3016,3666,1220,195,9,0,0,2,0,13,0,4935,170,ITI,ITI1,9,Toscana,Toscana,3729641,714864,19.17,0.14
650,2021-01-16,TOS,3271,1046,2225,2493,538,240,0,0,0,0,0,0,0,3271,0,ITI,ITI1,9,Toscana,Toscana,3729641,718135,19.25,0.09
651,2021-02-04,TOS,4253,1594,2659,3168,623,456,0,0,0,5,0,0,1,961,3292,ITI,ITI1,9,Toscana,Toscana,3729641,722388,19.37,0.11
652,2021-03-26,TOS,20354,9136,11218,250,325,213,333,27,3493,11867,3656,145,45,14620,5734,ITI,ITI1,9,Toscana,Toscana,3729641,742742,19.91,0.55
653,2021-04-06,TOS,22122,9754,12368,805,398,136,1626,125,10038,5644,2910,165,275,18410,3712,ITI,ITI1,9,Toscana,Toscana,3729641,764864,20.51,0.59
654,2021-01-10,TOS,3001,1104,1897,2432,134,431,0,1,0,0,0,0,3,3001,0,ITI,ITI1,9,Toscana,Toscana,3729641,767865,20.59,0.08
655,2021-01-20,TOS,1331,637,694,435,255,640,0,0,0,0,0,0,1,1083,248,ITI,ITI1,9,Toscana,Toscana,3729641,769196,20.62,0.04
656,2021-01-28,TOS,6282,1883,4399,5427,64,788,0,0,0,1,0,0,2,354,5928,ITI,ITI1,9,Toscana,Toscana,3729641,775478,20.79,0.17
657,2021-04-07,TOS,35507,15246,20261,310,594,98,20,57,11342,19808,3091,64,123,28298,7209,ITI,ITI1,9,Toscana,Toscana,3729641,810985,21.74,0.95
658,2021-01-11,TOS,5094,1691,3403,4362,209,522,0,0,0,0,0,0,1,5094,0,ITI,ITI1,9,Toscana,Toscana,3729641,816079,21.88,0.14
659,2021-04-12,TOS,2604,1179,1425,168,440,225,6,3,11,381,1364,4,2,1951,653,ITI,ITI1,9,Toscana,Toscana,3729641,818683,21.95,0.07
660,2021-01-25,TOS,5126,1896,3230,4160,54,909,0,0,0,1,0,0,2,249,4877,ITI,ITI1,9,Toscana,Toscana,3729641,823809,22.09,0.14
661,2021-04-11,TOS,3631,1673,1958,62,87,98,4,7,67,1665,1637,0,4,3477,154,ITI,ITI1,9,Toscana,Toscana,3729641,827440,22.19,0.1
662,2021-03-09,TOS,10589,4090,6499,4806,907,180,11,2,3,3300,1163,214,3,5037,5552,ITI,ITI1,9,Toscana,Toscana,3729641,838029,22.47,0.28
663,2021-02-27,TOS,1944,723,1221,1352,311,132,19,0,0,1,0,128,1,1042,902,ITI,ITI1,9,Toscana,Toscana,3729641,839973,22.52,0.05
664,2021-01-02,TOS,3497,1096,2401,2681,15,801,0,0,0,0,0,0,0,3497,0,ITI,ITI1,9,Toscana,Toscana,3729641,843470,22.62,0.09
665,2021-03-24,TOS,19616,7950,11666,222,385,195,773,51,2845,13971,872,224,78,10164,9452,ITI,ITI1,9,Toscana,Toscana,3729641,863086,23.14,0.53
666,2021-03-23,TOS,9061,4084,4977,310,312,328,338,52,2820,4030,659,148,64,6815,2246,ITI,ITI1,9,Toscana,Toscana,3729641,872147,23.38,0.24
667,2021-02-05,TOS,5749,2245,3504,4122,1180,442,0,0,0,1,0,0,4,1924,3825,ITI,ITI1,9,Toscana,Toscana,3729641,877896,23.54,0.15
668,2021-02-02,TOS,3742,1475,2267,3021,283,422,0,0,0,6,0,6,4,195,3547,ITI,ITI1,9,Toscana,Toscana,3729641,881638,23.64,0.1
669,2021-02-11,TOS,5383,2021,3362,2809,284,323,11,0,0,12,0,10,1934,5141,242,ITI,ITI1,9,Toscana,Toscana,3729641,887021,23.78,0.14
670,2021-04-10,TOS,11712,5340,6372,289,195,117,3,24,80,8127,2847,10,20,10967,745,ITI,ITI1,9,Toscana,Toscana,3729641,898733,24.1,0.31
671,2021-03-13,TOS,9274,3300,5974,2835,1697,68,3740,0,2,178,384,369,1,5312,3962,ITI,ITI1,9,Toscana,Toscana,3729641,908007,24.35,0.25
672,2021-01-18,TOS,1119,636,483,430,313,375,0,0,0,0,0,0,1,1021,98,ITI,ITI1,9,Toscana,Toscana,3729641,909126,24.38,0.03
673,2021-02-10,TOS,4264,1281,2983,3536,239,485,0,1,1,1,0,1,0,3740,524,ITI,ITI1,9,Toscana,Toscana,3729641,913390,24.49,0.11
674,2021-01-27,TOS,4834,1572,3262,4018,73,742,0,0,0,0,0,0,1,207,4627,ITI,ITI1,9,Toscana,Toscana,3729641,918224,24.62,0.13
675,2021-02-22,TOS,9817,4253,5564,3483,2234,316,2703,0,0,22,0,1058,1,9540,277,ITI,ITI1,9,Toscana,Toscana,3729641,928041,24.88,0.26
676,2021-04-15,TOS,24169,10096,14073,358,300,174,6,33,137,20164,2937,11,49,15753,8416,ITI,ITI1,9,Toscana,Toscana,3729641,952210,25.53,0.65
677,2021-01-06,TOS,4519,1459,3060,3984,9,525,0,0,0,0,0,0,1,4519,0,ITI,ITI1,9,Toscana,Toscana,3729641,956729,25.65,0.12
678,2021-03-29,TOS,9377,4579,4798,227,140,244,200,15,4855,774,2709,197,16,9053,324,ITI,ITI1,9,Toscana,Toscana,3729641,966106,25.9,0.25
679,2021-02-07,TOS,2806,953,1853,2349,299,157,0,0,0,0,0,0,1,885,1921,ITI,ITI1,9,Toscana,Toscana,3729641,968912,25.98,0.08
680,2021-01-01,TOS,2369,787,1582,1715,2,650,0,0,0,2,0,0,0,2369,0,ITI,ITI1,9,Toscana,Toscana,3729641,971281,26.04,0.06
681,2021-01-08,TOS,5944,1641,4303,5360,36,545,0,0,0,0,0,0,3,5944,0,ITI,ITI1,9,Toscana,Toscana,3729641,977225,26.2,0.16
682,2021-03-05,TOS,16463,6318,10145,3921,1684,170,3871,0,2,5294,656,861,4,11723,4740,ITI,ITI1,9,Toscana,Toscana,3729641,993688,26.64,0.44
683,2021-01-05,TOS,5249,1755,3494,4354,15,878,0,0,0,0,0,0,2,5249,0,ITI,ITI1,9,Toscana,Toscana,3729641,998937,26.78,0.14
684,2021-01-12,TOS,3581,1398,2183,2944,282,354,0,0,0,0,0,0,1,3581,0,ITI,ITI1,9,Toscana,Toscana,3729641,1002518,26.88,0.1
685,2021-02-08,TOS,4097,1360,2737,3373,343,377,0,0,0,2,0,0,2,3638,459,ITI,ITI1,9,Toscana,Toscana,3729641,1006615,26.99,0.11
686,2021-01-30,TOS,4622,1622,3000,3765,218,638,0,0,0,0,0,0,1,198,4424,ITI,ITI1,9,Toscana,Toscana,3729641,1011237,27.11,0.12
687,2021-04-20,TOS,18089,8078,10011,225,295,70,3,37,7071,6492,3869,3,24,12565,5524,ITI,ITI1,9,Toscana,Toscana,3729641,1029326,27.6,0.49
688,2021-01-29,TOS,6136,1698,4438,5375,138,622,0,0,0,0,0,0,1,302,5834,ITI,ITI1,9,Toscana,Toscana,3729641,1035462,27.76,0.16
689,2021-03-12,TOS,16506,6215,10291,2612,1587,303,3922,3,4,7031,302,728,14,12978,3528,ITI,ITI1,9,Toscana,Toscana,3729641,1051968,28.21,0.44
690,2021-03-21,TOS,3232,1574,1658,660,796,77,12,0,1245,274,160,6,2,1799,1433,ITI,ITI1,9,Toscana,Toscana,3729641,1055200,28.29,0.09
691,2021-03-10,TOS,17975,7046,10929,3006,851,271,14,3,3,12282,1317,217,11,13960,4015,ITI,ITI1,9,Toscana,Toscana,3729641,1073175,28.77,0.48
692,2021-02-19,TOS,8286,2947,5339,2967,1207,245,3105,0,0,154,1,605,2,7779,507,ITI,ITI1,9,Toscana,Toscana,3729641,1081461,29.0,0.22
693,2020-12-27,TOS,620,267,353,460,10,13,0,23,4,5,0,0,105,620,0,ITI,ITI1,9,Toscana,Toscana,3729641,1082081,29.01,0.02
694,2020-12-30,TOS,327,104,223,34,10,283,0,0,0,0,0,0,0,327,0,ITI,ITI1,9,Toscana,Toscana,3729641,1082408,29.02,0.01
695,2021-03-16,TOS,4892,1878,3014,1551,426,124,16,1,5,2111,642,13,3,2650,2242,ITI,ITI1,9,Toscana,Toscana,3729641,1087300,29.15,0.13
696,2021-03-06,TOS,7095,2838,4257,3803,657,145,1146,0,2,30,918,394,0,2904,4191,ITI,ITI1,9,Toscana,Toscana,3729641,1094395,29.34,0.19
697,2021-04-21,TOS,29441,12608,16833,294,283,76,2,130,7362,16722,4437,16,119,17407,12034,ITI,ITI1,9,Toscana,Toscana,3729641,1123836,30.13,0.79
698,2021-03-14,TOS,7207,2574,4633,3104,1195,122,2476,0,1,44,26,239,0,3272,3935,ITI,ITI1,9,Toscana,Toscana,3729641,1131043,30.33,0.19
699,2021-02-09,TOS,4488,1468,3020,3582,386,514,0,0,0,4,0,0,2,3877,611,ITI,ITI1,9,Toscana,Toscana,3729641,1135531,30.45,0.12
700,2021-03-17,TOS,11409,4583,6826,364,327,189,2,5,8,9760,740,2,12,6882,4527,ITI,ITI1,9,Toscana,Toscana,3729641,1146940,30.75,0.31
701,2021-02-14,TOS,8996,2567,6429,3033,549,81,8,2,1,0,0,261,5061,8886,110,ITI,ITI1,9,Toscana,Toscana,3729641,1155936,30.99,0.24
702,2021-01-26,TOS,5393,1792,3601,4358,81,951,0,0,0,0,0,0,3,220,5173,ITI,ITI1,9,Toscana,Toscana,3729641,1161329,31.14,0.14
703,2020-12-31,TOS,805,202,603,97,10,698,0,0,0,0,0,0,0,805,0,ITI,ITI1,9,Toscana,Toscana,3729641,1162134,31.16,0.02
704,2021-01-07,LIG,3230,1095,2135,2340,315,466,4,18,5,0,0,1,81,3230,0,ITC,ITC3,7,Liguria,Liguria,1550640,3230,0.21,0.21
705,2021-01-08,LIG,2926,999,1927,2083,343,431,4,12,0,0,0,1,52,2926,0,ITC,ITC3,7,Liguria,Liguria,1550640,6156,0.4,0.19
706,2021-02-18,LIG,2761,1126,1635,958,195,349,2,22,7,1006,35,0,187,2431,330,ITC,ITC3,7,Liguria,Liguria,1550640,8917,0.58,0.18
707,2021-02-19,LIG,3098,1280,1818,990,246,97,3,39,22,1450,0,4,247,2922,176,ITC,ITC3,7,Liguria,Liguria,1550640,12015,0.77,0.2
708,2021-04-10,LIG,7429,3375,4054,213,90,34,9,164,3763,1327,1616,6,207,6751,678,ITC,ITC3,7,Liguria,Liguria,1550640,19444,1.25,0.48
709,2021-02-11,LIG,1963,761,1202,1242,229,456,6,2,1,0,4,0,23,1093,870,ITC,ITC3,7,Liguria,Liguria,1550640,21407,1.38,0.13
710,2021-03-13,LIG,3576,1517,2059,332,120,71,790,100,45,1533,11,179,395,2722,854,ITC,ITC3,7,Liguria,Liguria,1550640,24983,1.61,0.23
711,2021-01-18,LIG,2133,744,1389,1251,385,438,10,12,5,1,0,0,31,1976,157,ITC,ITC3,7,Liguria,Liguria,1550640,27116,1.75,0.14
712,2021-02-22,LIG,3330,1463,1867,713,104,236,2,2,13,2236,0,7,17,3192,138,ITC,ITC3,7,Liguria,Liguria,1550640,30446,1.96,0.21
713,2021-03-16,LIG,6069,2719,3350,935,176,324,6,35,77,4275,142,14,85,2350,3719,ITC,ITC3,7,Liguria,Liguria,1550640,36515,2.35,0.39
714,2020-12-29,LIG,125,33,92,93,11,21,0,0,0,0,0,0,0,125,0,ITC,ITC3,7,Liguria,Liguria,1550640,36640,2.36,0.01
715,2021-03-26,LIG,9122,3854,5268,602,325,65,1297,221,265,3896,1840,377,234,5968,3154,ITC,ITC3,7,Liguria,Liguria,1550640,45762,2.95,0.59
716,2021-03-12,LIG,6032,2771,3261,1208,459,84,4,77,79,3385,53,590,93,3563,2469,ITC,ITC3,7,Liguria,Liguria,1550640,51794,3.34,0.39
717,2021-04-02,LIG,11357,4980,6377,430,225,31,906,352,2892,3624,2464,139,294,8871,2486,ITC,ITC3,7,Liguria,Liguria,1550640,63151,4.07,0.73
718,2021-01-16,LIG,1278,557,721,753,196,299,1,4,2,0,1,0,22,1278,0,ITC,ITC3,7,Liguria,Liguria,1550640,64429,4.15,0.08
719,2021-04-04,LIG,756,366,390,30,0,0,0,36,64,325,222,0,79,507,249,ITC,ITC3,7,Liguria,Liguria,1550640,65185,4.2,0.05
720,2021-01-01,LIG,144,55,89,139,5,0,0,0,0,0,0,0,0,144,0,ITC,ITC3,7,Liguria,Liguria,1550640,65329,4.21,0.01
721,2021-01-05,LIG,2879,896,1983,2308,240,261,7,7,1,17,0,0,38,2879,0,ITC,ITC3,7,Liguria,Liguria,1550640,68208,4.4,0.19
722,2021-04-01,LIG,12028,5316,6712,437,239,141,939,343,3143,3710,2549,188,339,9258,2770,ITC,ITC3,7,Liguria,Liguria,1550640,80236,5.17,0.78
723,2021-01-20,LIG,1547,553,994,726,332,479,2,0,2,0,0,0,6,1535,12,ITC,ITC3,7,Liguria,Liguria,1550640,81783,5.27,0.1
724,2021-04-03,LIG,5193,2390,2803,115,78,3,19,136,2211,1395,1124,9,103,4251,942,ITC,ITC3,7,Liguria,Liguria,1550640,86976,5.61,0.33
725,2021-01-15,LIG,2254,753,1501,1326,349,517,2,8,1,2,1,0,48,2254,0,ITC,ITC3,7,Liguria,Liguria,1550640,89230,5.75,0.15
726,2021-01-06,LIG,1660,616,1044,1230,142,113,3,36,10,65,0,0,61,1660,0,ITC,ITC3,7,Liguria,Liguria,1550640,90890,5.86,0.11
727,2021-01-10,LIG,648,262,386,369,101,176,0,1,0,0,0,0,1,648,0,ITC,ITC3,7,Liguria,Liguria,1550640,91538,5.9,0.04
728,2021-02-02,LIG,2668,1005,1663,1974,216,464,2,2,0,0,0,0,10,134,2534,ITC,ITC3,7,Liguria,Liguria,1550640,94206,6.08,0.17
729,2021-04-07,LIG,13031,5779,7252,431,294,108,571,471,3904,4157,2595,148,352,10871,2160,ITC,ITC3,7,Liguria,Liguria,1550640,107237,6.92,0.84
730,2021-01-28,LIG,2841,969,1872,2239,270,310,5,0,0,1,0,1,15,39,2802,ITC,ITC3,7,Liguria,Liguria,1550640,110078,7.1,0.18
731,2021-01-02,LIG,691,245,446,595,95,0,0,0,0,0,0,0,1,691,0,ITC,ITC3,7,Liguria,Liguria,1550640,110769,7.14,0.04
732,2021-04-09,LIG,11956,5371,6585,526,353,79,580,433,3881,3501,2232,61,310,10348,1608,ITC,ITC3,7,Liguria,Liguria,1550640,122725,7.91,0.77
733,2021-01-11,LIG,2654,990,1664,1992,314,315,1,7,0,0,1,0,24,2654,0,ITC,ITC3,7,Liguria,Liguria,1550640,125379,8.09,0.17
734,2021-01-14,LIG,2982,1056,1926,1872,524,553,1,5,0,0,0,2,25,2982,0,ITC,ITC3,7,Liguria,Liguria,1550640,128361,8.28,0.19
735,2021-03-03,LIG,4578,1846,2732,1039,202,308,4,4,5,2982,0,4,30,3555,1023,ITC,ITC3,7,Liguria,Liguria,1550640,132939,8.57,0.3
736,2021-01-09,LIG,1335,481,854,999,131,188,2,4,0,0,0,1,10,1335,0,ITC,ITC3,7,Liguria,Liguria,1550640,134274,8.66,0.09
737,2021-02-16,LIG,2393,950,1443,982,238,283,2,19,4,704,12,0,149,2000,393,ITC,ITC3,7,Liguria,Liguria,1550640,136667,8.81,0.15
738,2021-04-18,LIG,2574,1147,1427,217,93,44,1,19,795,520,879,0,6,2105,469,ITC,ITC3,7,Liguria,Liguria,1550640,139241,8.98,0.17
739,2021-04-24,LIG,7818,3641,4177,137,115,2,4,1760,2441,1233,1893,8,225,4698,3120,ITC,ITC3,7,Liguria,Liguria,1550640,147059,9.48,0.5
740,2021-02-10,LIG,2280,830,1450,1354,391,496,5,6,2,5,0,0,21,1014,1266,ITC,ITC3,7,Liguria,Liguria,1550640,149339,9.63,0.15
741,2021-01-31,LIG,624,270,354,418,71,135,0,0,0,0,0,0,0,9,615,ITC,ITC3,7,Liguria,Liguria,1550640,149963,9.67,0.04
742,2021-02-20,LIG,1335,636,699,160,107,122,0,34,5,589,0,4,314,1334,1,ITC,ITC3,7,Liguria,Liguria,1550640,151298,9.76,0.09
743,2021-01-21,LIG,1102,385,717,584,159,332,0,2,2,1,0,0,22,672,430,ITC,ITC3,7,Liguria,Liguria,1550640,152400,9.83,0.07
744,2021-02-23,LIG,3804,1559,2245,687,163,116,1,5,5,2749,42,4,32,3695,109,ITC,ITC3,7,Liguria,Liguria,1550640,156204,10.07,0.25
745,2021-02-26,LIG,3760,1521,2239,782,147,168,2,16,26,2604,0,0,15,3433,327,ITC,ITC3,7,Liguria,Liguria,1550640,159964,10.32,0.24
746,2021-04-11,LIG,4206,1913,2293,66,57,24,73,66,2078,624,1169,10,39,3957,249,ITC,ITC3,7,Liguria,Liguria,1550640,164170,10.59,0.27
747,2021-02-13,LIG,1080,508,572,543,80,148,0,0,0,257,0,2,50,800,280,ITC,ITC3,7,Liguria,Liguria,1550640,165250,10.66,0.07
748,2021-02-24,LIG,3760,1558,2202,804,193,154,1,2,6,2581,1,0,18,3501,259,ITC,ITC3,7,Liguria,Liguria,1550640,169010,10.9,0.24
749,2021-03-20,LIG,2316,995,1321,224,81,0,0,12,44,1857,12,67,19,1142,1174,ITC,ITC3,7,Liguria,Liguria,1550640,171326,11.05,0.15
750,2021-02-17,LIG,2623,1165,1458,883,202,262,1,15,8,1121,0,8,123,2260,363,ITC,ITC3,7,Liguria,Liguria,1550640,173949,11.22,0.17
751,2021-03-06,LIG,3302,1841,1461,377,151,120,1,58,6,1537,0,559,493,2597,705,ITC,ITC3,7,Liguria,Liguria,1550640,177251,11.43,0.21
752,2021-01-25,LIG,2717,888,1829,2208,175,317,2,5,1,0,0,0,9,471,2246,ITC,ITC3,7,Liguria,Liguria,1550640,179968,11.61,0.18
753,2021-04-12,LIG,12048,5318,6730,528,224,111,45,529,3981,4086,2150,68,326,10148,1900,ITC,ITC3,7,Liguria,Liguria,1550640,192016,12.38,0.78
754,2021-02-12,LIG,1915,685,1230,868,203,393,1,2,1,431,0,7,9,896,1019,ITC,ITC3,7,Liguria,Liguria,1550640,193931,12.51,0.12
755,2021-03-10,LIG,5757,2783,2974,823,353,95,1,23,28,3634,43,610,147,3853,1904,ITC,ITC3,7,Liguria,Liguria,1550640,199688,12.88,0.37
756,2021-04-22,LIG,13072,5852,7220,517,120,39,534,2454,2971,3002,2956,135,344,8012,5060,ITC,ITC3,7,Liguria,Liguria,1550640,212760,13.72,0.84
757,2021-03-27,LIG,3919,1538,2381,176,175,36,706,26,89,2057,502,92,60,2524,1395,ITC,ITC3,7,Liguria,Liguria,1550640,216679,13.97,0.25
758,2021-03-31,LIG,11413,4999,6414,526,177,86,877,348,2227,4217,2432,219,304,8643,2770,ITC,ITC3,7,Liguria,Liguria,1550640,228092,14.71,0.74
759,2021-04-08,LIG,13018,5808,7210,686,320,109,645,437,3838,3804,2772,76,331,11093,1925,ITC,ITC3,7,Liguria,Liguria,1550640,241110,15.55,0.84
760,2021-03-02,LIG,4072,1687,2385,726,93,76,4,8,16,3088,42,3,16,3762,310,ITC,ITC3,7,Liguria,Liguria,1550640,245182,15.81,0.26
761,2021-03-01,LIG,3500,1427,2073,528,81,106,1,4,6,2751,0,0,23,3378,122,ITC,ITC3,7,Liguria,Liguria,1550640,248682,16.04,0.23
762,2021-03-30,LIG,11716,5178,6538,483,255,152,849,315,1988,4296,2812,280,286,8327,3389,ITC,ITC3,7,Liguria,Liguria,1550640,260398,16.79,0.76
763,2021-03-08,LIG,5621,2456,3165,1123,319,80,7,35,15,3570,11,384,77,3936,1685,ITC,ITC3,7,Liguria,Liguria,1550640,266019,17.16,0.36
764,2021-04-17,LIG,7053,3072,3981,177,150,106,4,1135,2496,1493,1320,8,164,6321,732,ITC,ITC3,7,Liguria,Liguria,1550640,273072,17.61,0.45
765,2021-03-17,LIG,5553,2369,3184,784,156,93,8,20,74,4258,109,4,47,2476,3077,ITC,ITC3,7,Liguria,Liguria,1550640,278625,17.97,0.36
766,2021-02-04,LIG,2814,985,1829,1866,460,471,8,0,0,0,0,1,8,179,2635,ITC,ITC3,7,Liguria,Liguria,1550640,281439,18.15,0.18
767,2021-01-23,LIG,809,295,514,633,129,43,1,2,1,0,0,0,0,153,656,ITC,ITC3,7,Liguria,Liguria,1550640,282248,18.2,0.05
768,2021-04-06,LIG,12496,5554,6942,538,264,208,550,351,3633,4017,2443,134,358,10377,2119,ITC,ITC3,7,Liguria,Liguria,1550640,294744,19.01,0.81
769,2021-02-15,LIG,2260,838,1422,1087,217,241,2,13,1,663,0,1,35,1863,397,ITC,ITC3,7,Liguria,Liguria,1550640,297004,19.15,0.15
770,2021-02-28,LIG,1060,581,479,12,2,4,0,63,7,474,0,0,498,1051,9,ITC,ITC3,7,Liguria,Liguria,1550640,298064,19.22,0.07
771,2020-12-30,LIG,12,5,7,12,0,0,0,0,0,0,0,0,0,12,0,ITC,ITC3,7,Liguria,Liguria,1550640,298076,19.22,0.0
772,2021-02-09,LIG,1906,684,1222,1089,325,455,22,2,0,0,0,0,13,256,1650,ITC,ITC3,7,Liguria,Liguria,1550640,299982,19.35,0.12
773,2021-03-22,LIG,7533,3339,4194,579,192,83,877,122,95,3967,1107,370,141,4600,2933,ITC,ITC3,7,Liguria,Liguria,1550640,307515,19.83,0.49
774,2021-01-17,LIG,861,300,561,516,30,262,1,4,2,0,0,0,46,861,0,ITC,ITC3,7,Liguria,Liguria,1550640,308376,19.89,0.06
775,2021-04-26,LIG,8451,3983,4468,326,87,53,3,2759,2083,1124,1836,57,123,6163,2288,ITC,ITC3,7,Liguria,Liguria,1550640,316827,20.43,0.55
776,2021-02-07,LIG,407,153,254,191,18,187,0,0,0,0,9,0,2,2,405,ITC,ITC3,7,Liguria,Liguria,1550640,317234,20.46,0.03
777,2021-03-11,LIG,6217,2989,3228,1144,170,262,2,42,39,3680,90,711,77,4214,2003,ITC,ITC3,7,Liguria,Liguria,1550640,323451,20.86,0.4
778,2021-04-05,LIG,3975,1751,2224,188,44,10,10,141,921,2211,337,5,108,2326,1649,ITC,ITC3,7,Liguria,Liguria,1550640,327426,21.12,0.26
779,2021-01-04,LIG,2616,854,1762,2198,158,176,3,22,3,0,1,0,55,2616,0,ITC,ITC3,7,Liguria,Liguria,1550640,330042,21.28,0.17
780,2021-04-25,LIG,1913,913,1000,12,2,0,0,675,734,146,340,0,4,1498,415,ITC,ITC3,7,Liguria,Liguria,1550640,331955,21.41,0.12
781,2021-04-23,LIG,14201,6462,7739,351,219,57,541,3215,3244,3240,2966,90,278,8176,6025,ITC,ITC3,7,Liguria,Liguria,1550640,346156,22.32,0.92
782,2020-12-31,LIG,989,354,635,751,34,155,0,4,10,28,0,0,7,989,0,ITC,ITC3,7,Liguria,Liguria,1550640,347145,22.39,0.06
783,2021-03-15,LIG,7300,3074,4226,819,338,106,962,126,83,3781,628,304,153,4597,2703,ITC,ITC3,7,Liguria,Liguria,1550640,354445,22.86,0.47
784,2021-02-21,LIG,869,491,378,183,21,102,0,38,4,267,0,0,254,865,4,ITC,ITC3,7,Liguria,Liguria,1550640,355314,22.91,0.06
785,2021-02-06,LIG,1891,767,1124,1309,186,375,1,0,1,0,0,0,19,145,1746,ITC,ITC3,7,Liguria,Liguria,1550640,357205,23.04,0.12
786,2021-01-13,LIG,2755,1013,1742,1913,307,487,4,8,7,1,0,0,28,2755,0,ITC,ITC3,7,Liguria,Liguria,1550640,359960,23.21,0.18
787,2021-04-13,LIG,12494,5593,6901,512,227,111,103,561,4248,4240,2137,87,268,10588,1906,ITC,ITC3,7,Liguria,Liguria,1550640,372454,24.02,0.81
788,2021-01-03,LIG,734,230,504,658,62,0,1,2,0,0,0,0,11,734,0,ITC,ITC3,7,Liguria,Liguria,1550640,373188,24.07,0.05
789,2021-04-16,LIG,11645,5116,6529,489,249,112,42,1819,3157,3450,2031,77,219,9845,1800,ITC,ITC3,7,Liguria,Liguria,1550640,384833,24.82,0.75
790,2021-01-19,LIG,1366,435,931,716,312,328,3,1,0,0,0,0,6,1276,90,ITC,ITC3,7,Liguria,Liguria,1550640,386199,24.91,0.09
791,2021-01-30,LIG,1661,567,1094,1261,121,257,2,6,0,0,0,0,14,25,1636,ITC,ITC3,7,Liguria,Liguria,1550640,387860,25.01,0.11
792,2021-04-20,LIG,13715,6269,7446,449,127,124,378,3037,3009,3466,2790,18,317,9367,4348,ITC,ITC3,7,Liguria,Liguria,1550640,401575,25.9,0.88
793,2021-02-05,LIG,2673,986,1687,1743,417,494,4,1,1,0,0,0,13,304,2369,ITC,ITC3,7,Liguria,Liguria,1550640,404248,26.07,0.17
794,2021-02-03,LIG,2315,791,1524,1626,225,416,1,7,4,0,0,0,36,55,2260,ITC,ITC3,7,Liguria,Liguria,1550640,406563,26.22,0.15
795,2021-02-25,LIG,3440,1348,2092,550,134,88,1,7,2,2586,42,2,28,3311,129,ITC,ITC3,7,Liguria,Liguria,1550640,410003,26.44,0.22
796,2020-12-28,LIG,80,30,50,77,0,0,0,1,0,1,0,0,1,80,0,ITC,ITC3,7,Liguria,Liguria,1550640,410083,26.45,0.01
797,2021-01-24,LIG,756,237,519,632,61,60,0,0,0,0,0,0,3,113,643,ITC,ITC3,7,Liguria,Liguria,1550640,410839,26.49,0.05
798,2021-03-25,LIG,9520,4053,5467,649,265,172,1613,151,259,3680,2059,524,148,6129,3391,ITC,ITC3,7,Liguria,Liguria,1550640,420359,27.11,0.61
799,2021-03-24,LIG,8789,3767,5022,522,235,103,1337,154,140,4226,1366,551,155,5501,3288,ITC,ITC3,7,Liguria,Liguria,1550640,429148,27.68,0.57
800,2021-03-07,LIG,1858,1085,773,184,200,258,1,29,3,509,0,405,269,1557,301,ITC,ITC3,7,Liguria,Liguria,1550640,431006,27.8,0.12
801,2021-03-23,LIG,8801,3987,4814,638,210,56,1311,147,103,3933,1657,583,163,5595,3206,ITC,ITC3,7,Liguria,Liguria,1550640,439807,28.36,0.57
802,2021-04-14,LIG,12516,5444,7072,458,292,125,61,543,4410,4221,2125,38,243,10434,2082,ITC,ITC3,7,Liguria,Liguria,1550640,452323,29.17,0.81
803,2020-12-27,LIG,135,56,79,88,0,45,0,0,0,0,0,0,2,135,0,ITC,ITC3,7,Liguria,Liguria,1550640,452458,29.18,0.01
804,2021-01-27,LIG,1745,604,1141,1337,169,227,1,0,0,0,0,0,11,142,1603,ITC,ITC3,7,Liguria,Liguria,1550640,454203,29.29,0.11
805,2021-04-19,LIG,12601,5522,7079,550,168,101,247,2633,2770,3339,2535,35,223,8803,3798,ITC,ITC3,7,Liguria,Liguria,1550640,466804,30.1,0.81
806,2021-03-04,LIG,4735,2117,2618,921,171,289,4,3,8,2922,42,327,48,3891,844,ITC,ITC3,7,Liguria,Liguria,1550640,471539,30.41,0.31
807,2021-03-09,LIG,5807,2702,3105,1031,324,132,0,51,45,3466,42,630,86,4381,1426,ITC,ITC3,7,Liguria,Liguria,1550640,477346,30.78,0.37
808,2021-03-14,LIG,1658,752,906,66,68,176,431,70,13,577,3,52,202,1054,604,ITC,ITC3,7,Liguria,Liguria,1550640,479004,30.89,0.11
809,2021-04-21,LIG,13817,6237,7580,516,193,47,498,2552,3252,3661,2735,78,285,8520,5297,ITC,ITC3,7,Liguria,Liguria,1550640,492821,31.78,0.89
810,2021-02-14,LIG,233,122,111,31,0,112,0,0,0,60,0,0,30,233,0,ITC,ITC3,7,Liguria,Liguria,1550640,493054,31.8,0.02
811,2021-01-26,LIG,2484,803,1681,1965,253,252,5,1,0,0,1,0,7,13,2471,ITC,ITC3,7,Liguria,Liguria,1550640,495538,31.96,0.16
812,2021-03-29,LIG,10438,4509,5929,467,258,117,884,255,1566,3962,2396,205,328,7308,3130,ITC,ITC3,7,Liguria,Liguria,1550640,505976,32.63,0.67
813,2021-01-12,LIG,2460,886,1574,1750,250,439,2,2,1,0,0,1,15,2460,0,ITC,ITC3,7,Liguria,Liguria,1550640,508436,32.79,0.16
814,2021-03-28,LIG,1142,511,631,135,92,145,0,25,86,532,86,2,39,391,751,ITC,ITC3,7,Liguria,Liguria,1550640,509578,32.86,0.07
815,2021-02-01,LIG,2552,917,1635,1946,202,380,1,6,0,0,1,0,16,85,2467,ITC,ITC3,7,Liguria,Liguria,1550640,512130,33.03,0.16
816,2021-04-15,LIG,11257,4959,6298,485,257,138,58,447,3537,3656,2402,76,201,9461,1796,ITC,ITC3,7,Liguria,Liguria,1550640,523387,33.75,0.73
817,2021-02-08,LIG,1977,742,1235,1256,368,311,7,11,4,1,0,0,19,306,1671,ITC,ITC3,7,Liguria,Liguria,1550640,525364,33.88,0.13
818,2021-03-19,LIG,5290,2232,3058,734,201,137,83,54,80,3699,165,88,49,2159,3131,ITC,ITC3,7,Liguria,Liguria,1550640,530654,34.22,0.34
819,2021-03-21,LIG,552,221,331,7,3,0,0,0,13,525,1,0,3,69,483,ITC,ITC3,7,Liguria,Liguria,1550640,531206,34.26,0.04
820,2021-01-29,LIG,3077,1064,2013,2312,300,441,2,4,0,0,0,0,18,67,3010,ITC,ITC3,7,Liguria,Liguria,1550640,534283,34.46,0.2
821,2021-02-27,LIG,1888,921,967,139,18,5,0,61,0,1205,0,0,460,1759,129,ITC,ITC3,7,Liguria,Liguria,1550640,536171,34.58,0.12
822,2021-01-22,LIG,1814,603,1211,1065,175,565,0,2,0,1,1,0,5,1328,486,ITC,ITC3,7,Liguria,Liguria,1550640,537985,34.69,0.12
823,2021-03-18,LIG,4980,2123,2857,634,87,98,5,63,80,3691,219,6,97,2009,2971,ITC,ITC3,7,Liguria,Liguria,1550640,542965,35.02,0.32
824,2021-03-05,LIG,4863,2148,2715,796,221,81,5,5,8,3339,6,365,37,3737,1126,ITC,ITC3,7,Liguria,Liguria,1550640,547828,35.33,0.31
825,2020-12-31,EMR,2205,777,1428,1676,96,328,0,9,5,13,0,0,78,2205,0,ITH,ITH5,8,Emilia-Romagna,Emilia-Romagna,4459477,2205,0.05,0.05
826,2021-04-12,EMR,19042,8918,10124,438,169,304,62,391,4513,6634,6400,95,36,14652,4390,ITH,ITH5,8,Emilia-Romagna,Emilia-Romagna,4459477,21247,0.48,0.43
827,2021-02-07,EMR,4790,1535,3255,3687,565,446,3,8,1,10,0,0,70,1729,3061,ITH,ITH5,8,Emilia-Romagna,Emilia-Romagna,4459477,26037,0.58,0.11
828,2021-03-28,EMR,12646,5636,7010,277,139,48,326,60,3969,4848,2659,246,74,9158,3488,ITH,ITH5,8,Emilia-Romagna,Emilia-Romagna,4459477,38683,0.87,0.28
829,2021-01-17,EMR,2890,887,2003,1914,378,547,4,14,5,2,0,0,26,2644,246,ITH,ITH5,8,Emilia-Romagna,Emilia-Romagna,4459477,41573,0.93,0.06
830,2021-03-19,EMR,15294,6636,8658,1125,555,118,338,79,844,10490,906,711,128,7533,7761,ITH,ITH5,8,Emilia-Romagna,Emilia-Romagna,4459477,56867,1.28,0.34
831,2021-04-26,EMR,26888,12509,14379,827,226,42,16,1224,8725,5380,10241,134,73,18036,8852,ITH,ITH5,8,Emilia-Romagna,Emilia-Romagna,4459477,83755,1.88,0.6
832,2021-03-20,EMR,16032,6803,9229,702,385,98,832,58,2957,9339,940,567,154,9098,6934,ITH,ITH5,8,Emilia-Romagna,Emilia-Romagna,4459477,99787,2.24,0.36
833,2021-04-06,EMR,24577,11095,13482,638,205,187,410,242,5962,11511,5188,86,148,19845,4732,ITH,ITH5,8,Emilia-Romagna,Emilia-Romagna,4459477,124364,2.79,0.55
834,2021-03-05,EMR,17624,5735,11889,3084,855,272,5941,59,40,6397,109,544,323,14189,3435,ITH,ITH5,8,Emilia-Romagna,Emilia-Romagna,4459477,141988,3.18,0.4
835,2021-01-11,EMR,9331,3269,6062,6579,1347,1267,0,25,5,4,0,0,104,9331,0,ITH,ITH5,8,Emilia-Romagna,Emilia-Romagna,4459477,151319,3.39,0.21
836,2021-01-25,EMR,6435,2137,4298,5252,316,679,0,21,2,3,0,0,162,202,6233,ITH,ITH5,8,Emilia-Romagna,Emilia-Romagna,4459477,157754,3.54,0.14
837,2021-04-11,EMR,15090,6854,8236,405,135,104,59,352,2367,6815,4662,77,114,12069,3021,ITH,ITH5,8,Emilia-Romagna,Emilia-Romagna,4459477,172844,3.88,0.34
838,2021-01-30,EMR,10075,3518,6557,7566,1400,801,0,45,5,2,0,0,256,142,9933,ITH,ITH5,8,Emilia-Romagna,Emilia-Romagna,4459477,182919,4.1,0.23
839,2021-01-21,EMR,2155,727,1428,1286,156,653,0,9,1,0,0,0,50,810,1345,ITH,ITH5,8,Emilia-Romagna,Emilia-Romagna,4459477,185074,4.15,0.05
840,2021-04-17,EMR,26942,12887,14055,390,148,66,56,350,8424,4203,13221,23,61,17673,9269,ITH,ITH5,8,Emilia-Romagna,Emilia-Romagna,4459477,212016,4.75,0.6
841,2021-03-10,EMR,18668,7649,11019,1315,586,143,4540,28,66,10044,284,1594,68,13029,5639,ITH,ITH5,8,Emilia-Romagna,Emilia-Romagna,4459477,230684,5.17,0.42
842,2021-04-18,EMR,17366,8322,9044,264,163,152,26,208,6247,2343,7928,14,21,12504,4862,ITH,ITH5,8,Emilia-Romagna,Emilia-Romagna,4459477,248050,5.56,0.39
843,2021-03-06,EMR,20527,5862,14665,2714,409,49,10378,65,46,5920,111,565,270,17804,2723,ITH,ITH5,8,Emilia-Romagna,Emilia-Romagna,4459477,268577,6.02,0.46
844,2021-04-22,EMR,28742,13333,15409,562,114,100,40,272,8343,8337,10931,13,30,14841,13901,ITH,ITH5,8,Emilia-Romagna,Emilia-Romagna,4459477,297319,6.67,0.64
845,2021-04-04,EMR,9883,4718,5165,187,113,0,58,146,1631,4658,2873,54,163,7614,2269,ITH,ITH5,8,Emilia-Romagna,Emilia-Romagna,4459477,307202,6.89,0.22
846,2021-03-16,EMR,12216,5012,7204,418,93,116,123,34,113,10889,392,9,29,4934,7282,ITH,ITH5,8,Emilia-Romagna,Emilia-Romagna,4459477,319418,7.16,0.27
847,2021-01-22,EMR,1828,477,1351,942,66,722,0,19,1,10,0,0,68,1088,740,ITH,ITH5,8,Emilia-Romagna,Emilia-Romagna,4459477,321246,7.2,0.04
848,2021-04-21,EMR,23622,10829,12793,379,89,79,47,199,7819,6690,8295,7,18,14030,9592,ITH,ITH5,8,Emilia-Romagna,Emilia-Romagna,4459477,344868,7.73,0.53
849,2021-04-13,EMR,23414,10979,12435,467,142,187,51,343,10323,6096,5685,50,70,19168,4246,ITH,ITH5,8,Emilia-Romagna,Emilia-Romagna,4459477,368282,8.26,0.53
850,2021-02-02,EMR,9474,3047,6427,6240,1347,1632,1,27,4,127,6,0,90,526,8948,ITH,ITH5,8,Emilia-Romagna,Emilia-Romagna,4459477,377756,8.47,0.21
851,2021-03-14,EMR,8690,3742,4948,729,212,69,926,16,66,5528,650,407,87,4895,3795,ITH,ITH5,8,Emilia-Romagna,Emilia-Romagna,4459477,386446,8.67,0.19
852,2021-01-31,EMR,7695,2761,4934,6174,1124,263,0,16,12,32,0,0,74,242,7453,ITH,ITH5,8,Emilia-Romagna,Emilia-Romagna,4459477,394141,8.84,0.17
853,2021-03-17,EMR,13692,5686,8006,361,137,108,19,52,399,11871,668,1,76,5864,7828,ITH,ITH5,8,Emilia-Romagna,Emilia-Romagna,4459477,407833,9.15,0.31
854,2021-01-06,EMR,8262,2942,5320,6852,641,648,0,13,9,44,0,1,54,8262,0,ITH,ITH5,8,Emilia-Romagna,Emilia-Romagna,4459477,416095,9.33,0.19
855,2021-04-03,EMR,19916,8755,11161,376,192,39,428,194,2856,10575,5075,76,105,16184,3732,ITH,ITH5,8,Emilia-Romagna,Emilia-Romagna,4459477,436011,9.78,0.45
856,2021-02-25,EMR,9226,3496,5730,798,187,157,95,47,41,7671,30,0,200,8271,955,ITH,ITH5,8,Emilia-Romagna,Emilia-Romagna,4459477,445237,9.98,0.21
857,2021-04-24,EMR,28368,13144,15224,495,248,21,36,375,7190,8534,11346,32,91,14255,14113,ITH,ITH5,8,Emilia-Romagna,Emilia-Romagna,4459477,473605,10.62,0.64
858,2021-01-26,EMR,8333,3000,5333,6608,537,1031,0,22,2,5,0,0,128,215,8118,ITH,ITH5,8,Emilia-Romagna,Emilia-Romagna,4459477,481938,10.81,0.19
859,2021-02-04,EMR,9928,3201,6727,6435,1464,1674,0,39,11,160,5,0,140,1251,8677,ITH,ITH5,8,Emilia-Romagna,Emilia-Romagna,4459477,491866,11.03,0.22
860,2021-03-15,EMR,13222,6058,7164,812,461,190,532,25,101,9158,812,1075,56,6727,6495,ITH,ITH5,8,Emilia-Romagna,Emilia-Romagna,4459477,505088,11.33,0.3
861,2021-03-29,EMR,21095,9390,11705,694,192,118,639,126,5484,9289,4244,204,105,16490,4605,ITH,ITH5,8,Emilia-Romagna,Emilia-Romagna,4459477,526183,11.8,0.47
862,2021-01-12,EMR,9409,3111,6298,6377,1182,1690,0,31,2,32,0,0,95,9409,0,ITH,ITH5,8,Emilia-Romagna,Emilia-Romagna,4459477,535592,12.01,0.21
863,2021-01-10,EMR,7130,2665,4465,5647,952,499,1,4,1,7,0,0,19,7130,0,ITH,ITH5,8,Emilia-Romagna,Emilia-Romagna,4459477,542722,12.17,0.16
864,2021-03-21,EMR,11902,5260,6642,566,356,114,587,31,2734,6115,802,492,105,7298,4604,ITH,ITH5,8,Emilia-Romagna,Emilia-Romagna,4459477,554624,12.44,0.27
865,2021-01-13,EMR,9070,2939,6131,6009,916,1744,1,39,12,91,0,0,258,9070,0,ITH,ITH5,8,Emilia-Romagna,Emilia-Romagna,4459477,563694,12.64,0.2
866,2021-04-23,EMR,29064,13580,15484,497,113,68,53,283,7109,8865,12035,20,21,14469,14595,ITH,ITH5,8,Emilia-Romagna,Emilia-Romagna,4459477,592758,13.29,0.65
867,2021-02-06,EMR,7597,2405,5192,5378,862,1221,0,13,4,51,0,1,67,2130,5467,ITH,ITH5,8,Emilia-Romagna,Emilia-Romagna,4459477,600355,13.46,0.17
868,2021-02-26,EMR,7836,2979,4857,1059,360,244,312,24,28,5595,60,0,154,6790,1046,ITH,ITH5,8,Emilia-Romagna,Emilia-Romagna,4459477,608191,13.64,0.18
869,2021-04-16,EMR,28602,13459,15143,607,149,89,71,364,10469,5792,10924,34,103,19856,8746,ITH,ITH5,8,Emilia-Romagna,Emilia-Romagna,4459477,636793,14.28,0.64
870,2021-02-05,EMR,9312,2965,6347,6216,1148,1611,1,19,9,223,3,0,82,1637,7675,ITH,ITH5,8,Emilia-Romagna,Emilia-Romagna,4459477,646105,14.49,0.21
871,2021-01-24,EMR,2443,885,1558,2080,93,249,0,5,1,0,0,0,15,299,2144,ITH,ITH5,8,Emilia-Romagna,Emilia-Romagna,4459477,648548,14.54,0.05
872,2021-04-02,EMR,23182,10434,12748,719,313,104,944,340,3798,10956,5692,227,89,18727,4455,ITH,ITH5,8,Emilia-Romagna,Emilia-Romagna,4459477,671730,15.06,0.52
873,2021-02-13,EMR,3623,1085,2538,2789,382,144,0,8,7,244,0,0,49,3025,598,ITH,ITH5,8,Emilia-Romagna,Emilia-Romagna,4459477,675353,15.14,0.08
874,2021-03-23,EMR,18682,8055,10627,1126,485,196,1361,80,3704,9340,1866,431,93,11996,6686,ITH,ITH5,8,Emilia-Romagna,Emilia-Romagna,4459477,694035,15.56,0.42
875,2021-03-04,EMR,16391,5337,11054,2610,604,254,5437,50,55,6405,163,511,302,13389,3002,ITH,ITH5,8,Emilia-Romagna,Emilia-Romagna,4459477,710426,15.93,0.37
876,2021-03-22,EMR,17440,7635,9805,1135,426,164,600,50,3597,9567,1246,580,75,10576,6864,ITH,ITH5,8,Emilia-Romagna,Emilia-Romagna,4459477,727866,16.32,0.39
877,2021-04-10,EMR,20794,9241,11553,511,209,88,189,191,4087,8925,6499,24,71,16668,4126,ITH,ITH5,8,Emilia-Romagna,Emilia-Romagna,4459477,748660,16.79,0.47
878,2021-03-24,EMR,20955,9247,11708,1214,373,124,1706,270,3434,10611,2687,385,151,13600,7355,ITH,ITH5,8,Emilia-Romagna,Emilia-Romagna,4459477,769615,17.26,0.47
879,2021-02-08,EMR,5227,1532,3695,2840,577,1485,1,10,8,247,0,0,59,2313,2914,ITH,ITH5,8,Emilia-Romagna,Emilia-Romagna,4459477,774842,17.38,0.12
880,2021-04-08,EMR,30574,14017,16557,2475,572,222,311,400,6651,11012,8562,135,234,25307,5267,ITH,ITH5,8,Emilia-Romagna,Emilia-Romagna,4459477,805416,18.06,0.69
881,2021-02-22,EMR,7480,3090,4390,389,110,130,0,12,25,6796,9,0,9,7205,275,ITH,ITH5,8,Emilia-Romagna,Emilia-Romagna,4459477,812896,18.23,0.17
882,2021-04-19,EMR,20739,9720,11019,324,108,163,25,166,8516,3356,8020,21,40,14502,6237,ITH,ITH5,8,Emilia-Romagna,Emilia-Romagna,4459477,833635,18.69,0.47
883,2021-02-01,EMR,10318,3610,6708,7472,1502,1260,0,13,7,0,0,0,64,365,9953,ITH,ITH5,8,Emilia-Romagna,Emilia-Romagna,4459477,843953,18.92,0.23
884,2021-02-03,EMR,9335,2990,6345,6237,1177,1651,0,29,15,126,7,1,92,972,8363,ITH,ITH5,8,Emilia-Romagna,Emilia-Romagna,4459477,853288,19.13,0.21
885,2021-01-16,EMR,5595,1718,3877,3688,691,1110,1,18,2,0,0,3,82,5595,0,ITH,ITH5,8,Emilia-Romagna,Emilia-Romagna,4459477,858883,19.26,0.13
886,2021-03-12,EMR,18069,7527,10542,1584,898,311,3026,47,73,9901,462,1554,213,11352,6717,ITH,ITH5,8,Emilia-Romagna,Emilia-Romagna,4459477,876952,19.66,0.41
887,2021-04-01,EMR,23734,10679,13055,1017,267,117,993,216,4248,11281,5321,170,104,19272,4462,ITH,ITH5,8,Emilia-Romagna,Emilia-Romagna,4459477,900686,20.2,0.53
888,2021-01-19,EMR,2045,505,1540,747,133,1161,0,0,0,0,0,0,4,2028,17,ITH,ITH5,8,Emilia-Romagna,Emilia-Romagna,4459477,902731,20.24,0.05
889,2021-01-18,EMR,3126,879,2247,1681,239,1129,0,12,0,3,0,0,62,2449,677,ITH,ITH5,8,Emilia-Romagna,Emilia-Romagna,4459477,905857,20.31,0.07
890,2021-01-03,EMR,2753,941,1812,2503,61,170,0,3,0,0,0,0,16,2753,0,ITH,ITH5,8,Emilia-Romagna,Emilia-Romagna,4459477,908610,20.37,0.06
891,2021-01-04,EMR,7268,2514,4754,6172,348,578,0,16,9,43,0,1,101,7268,0,ITH,ITH5,8,Emilia-Romagna,Emilia-Romagna,4459477,915878,20.54,0.16
892,2021-03-08,EMR,12015,4964,7051,2306,614,322,2341,19,39,4338,82,1810,144,9347,2668,ITH,ITH5,8,Emilia-Romagna,Emilia-Romagna,4459477,927893,20.81,0.27
893,2021-01-15,EMR,7742,2402,5340,5302,946,1319,1,15,11,61,0,0,87,7742,0,ITH,ITH5,8,Emilia-Romagna,Emilia-Romagna,4459477,935635,20.98,0.17
894,2021-03-30,EMR,23257,10284,12973,871,245,164,1178,124,5423,10712,4282,140,118,18225,5032,ITH,ITH5,8,Emilia-Romagna,Emilia-Romagna,4459477,958892,21.5,0.52
895,2021-01-29,EMR,10409,3496,6913,8108,1084,1060,0,32,7,11,0,0,107,290,10119,ITH,ITH5,8,Emilia-Romagna,Emilia-Romagna,4459477,969301,21.74,0.23
896,2021-02-12,EMR,5317,1677,3640,3397,772,704,0,10,19,359,11,0,45,3915,1402,ITH,ITH5,8,Emilia-Romagna,Emilia-Romagna,4459477,974618,21.85,0.12
897,2021-04-09,EMR,25296,11471,13825,1355,283,168,434,263,4861,10653,7165,83,31,19688,5608,ITH,ITH5,8,Emilia-Romagna,Emilia-Romagna,4459477,999914,22.42,0.57
898,2021-04-15,EMR,28718,13671,15047,940,208,141,50,301,10027,5774,11120,33,124,19164,9554,ITH,ITH5,8,Emilia-Romagna,Emilia-Romagna,4459477,1028632,23.07,0.64
899,2021-03-01,EMR,10082,3572,6510,1834,339,434,1254,25,37,5619,65,311,164,7831,2251,ITH,ITH5,8,Emilia-Romagna,Emilia-Romagna,4459477,1038714,23.29,0.23
900,2021-02-18,EMR,7039,2892,4147,894,180,236,0,4,13,5672,26,1,13,6456,583,ITH,ITH5,8,Emilia-Romagna,Emilia-Romagna,4459477,1045753,23.45,0.16
901,2021-03-31,EMR,24925,10858,14067,1169,285,123,1286,186,4674,12362,4543,160,137,19506,5419,ITH,ITH5,8,Emilia-Romagna,Emilia-Romagna,4459477,1070678,24.01,0.56
902,2021-01-09,EMR,9938,3439,6499,7862,1067,889,0,18,2,2,0,0,98,9938,0,ITH,ITH5,8,Emilia-Romagna,Emilia-Romagna,4459477,1080616,24.23,0.22
903,2021-02-17,EMR,6537,2764,3773,803,258,404,0,10,15,4990,24,0,33,5764,773,ITH,ITH5,8,Emilia-Romagna,Emilia-Romagna,4459477,1087153,24.38,0.15
904,2021-02-16,EMR,5766,2443,3323,745,339,437,0,8,7,4207,8,2,13,5235,531,ITH,ITH5,8,Emilia-Romagna,Emilia-Romagna,4459477,1092919,24.51,0.13
905,2021-01-08,EMR,10832,3569,7263,8466,1133,1089,0,25,3,5,0,1,110,10832,0,ITH,ITH5,8,Emilia-Romagna,Emilia-Romagna,4459477,1103751,24.75,0.24
906,2021-02-24,EMR,9320,3555,5765,651,156,228,63,50,29,7854,19,0,270,8443,877,ITH,ITH5,8,Emilia-Romagna,Emilia-Romagna,4459477,1113071,24.96,0.21
907,2021-02-27,EMR,10957,3995,6962,1731,245,115,940,37,30,7755,8,0,96,9219,1738,ITH,ITH5,8,Emilia-Romagna,Emilia-Romagna,4459477,1124028,25.21,0.25
908,2021-02-19,EMR,7323,3010,4313,821,214,257,0,4,18,5955,33,0,21,6809,514,ITH,ITH5,8,Emilia-Romagna,Emilia-Romagna,4459477,1131351,25.37,0.16
909,2021-04-25,EMR,22133,10141,11992,772,129,6,32,248,6797,4097,9753,158,141,14724,7409,ITH,ITH5,8,Emilia-Romagna,Emilia-Romagna,4459477,1153484,25.87,0.5
910,2021-04-05,EMR,14780,6773,8007,280,87,6,243,75,2909,7537,3575,28,40,11898,2882,ITH,ITH5,8,Emilia-Romagna,Emilia-Romagna,4459477,1168264,26.2,0.33
911,2021-02-21,EMR,4450,1708,2742,396,108,190,0,4,11,3708,18,0,15,4010,440,ITH,ITH5,8,Emilia-Romagna,Emilia-Romagna,4459477,1172714,26.3,0.1
912,2021-02-14,EMR,1401,378,1023,860,363,39,0,19,5,19,1,0,95,1281,120,ITH,ITH5,8,Emilia-Romagna,Emilia-Romagna,4459477,1174115,26.33,0.03
913,2021-02-28,EMR,6822,2527,4295,1775,248,53,304,29,17,4251,8,4,133,4977,1845,ITH,ITH5,8,Emilia-Romagna,Emilia-Romagna,4459477,1180937,26.48,0.15
914,2021-03-26,EMR,23368,9876,13492,1417,600,218,2641,174,4778,9342,3784,276,138,16951,6417,ITH,ITH5,8,Emilia-Romagna,Emilia-Romagna,4459477,1204305,27.01,0.52
915,2021-02-09,EMR,4151,1246,2905,2219,376,1198,0,2,15,278,0,0,63,2306,1845,ITH,ITH5,8,Emilia-Romagna,Emilia-Romagna,4459477,1208456,27.1,0.09
916,2021-01-20,EMR,1322,269,1053,392,131,787,0,0,0,1,0,0,11,1321,1,ITH,ITH5,8,Emilia-Romagna,Emilia-Romagna,4459477,1209778,27.13,0.03
917,2021-01-02,EMR,2352,905,1447,2074,57,198,0,3,0,2,0,0,18,2352,0,ITH,ITH5,8,Emilia-Romagna,Emilia-Romagna,4459477,1212130,27.18,0.05
918,2020-12-27,EMR,969,372,597,824,5,26,0,24,1,0,0,0,89,969,0,ITH,ITH5,8,Emilia-Romagna,Emilia-Romagna,4459477,1213099,27.2,0.02
919,2021-04-20,EMR,22401,10300,12101,300,82,58,30,203,7732,5554,8401,21,20,14128,8273,ITH,ITH5,8,Emilia-Romagna,Emilia-Romagna,4459477,1235500,27.71,0.5
920,2021-01-05,EMR,9347,3167,6180,7928,552,770,0,18,4,0,1,0,74,9347,0,ITH,ITH5,8,Emilia-Romagna,Emilia-Romagna,4459477,1244847,27.91,0.21
921,2021-03-11,EMR,17207,7110,10097,1134,836,319,3829,35,52,8851,425,1532,194,11356,5851,ITH,ITH5,8,Emilia-Romagna,Emilia-Romagna,4459477,1262054,28.3,0.39
922,2021-03-18,EMR,13654,5799,7855,448,150,94,49,47,474,10843,1353,5,191,5658,7996,ITH,ITH5,8,Emilia-Romagna,Emilia-Romagna,4459477,1275708,28.61,0.31
923,2021-01-07,EMR,10215,3384,6831,8187,855,1068,0,20,5,3,0,0,77,10215,0,ITH,ITH5,8,Emilia-Romagna,Emilia-Romagna,4459477,1285923,28.84,0.23
924,2021-02-23,EMR,8214,3218,4996,409,147,113,1,24,22,7455,23,0,20,7828,386,ITH,ITH5,8,Emilia-Romagna,Emilia-Romagna,4459477,1294137,29.02,0.18
925,2021-04-07,EMR,25642,11653,13989,661,186,141,360,392,5653,12950,5121,78,100,19663,5979,ITH,ITH5,8,Emilia-Romagna,Emilia-Romagna,4459477,1319779,29.59,0.58
926,2021-01-28,EMR,10241,3336,6905,8075,860,1126,0,28,10,0,0,0,142,351,9890,ITH,ITH5,8,Emilia-Romagna,Emilia-Romagna,4459477,1330020,29.82,0.23
927,2021-03-03,EMR,15760,5229,10531,2533,524,154,4811,50,48,6848,96,342,354,13300,2460,ITH,ITH5,8,Emilia-Romagna,Emilia-Romagna,4459477,1345780,30.18,0.35
928,2021-03-07,EMR,6851,2636,4215,1459,338,22,1250,10,14,2597,565,560,36,5334,1517,ITH,ITH5,8,Emilia-Romagna,Emilia-Romagna,4459477,1352631,30.33,0.15
929,2021-01-23,EMR,2446,870,1576,1902,86,430,0,5,1,2,0,0,20,443,2003,ITH,ITH5,8,Emilia-Romagna,Emilia-Romagna,4459477,1355077,30.39,0.05
930,2021-03-02,EMR,11810,3888,7922,1973,409,229,3046,42,40,5419,41,373,238,9789,2021,ITH,ITH5,8,Emilia-Romagna,Emilia-Romagna,4459477,1366887,30.65,0.26
931,2021-01-14,EMR,8095,2576,5519,5398,920,1606,0,39,7,5,1,1,118,8095,0,ITH,ITH5,8,Emilia-Romagna,Emilia-Romagna,4459477,1374982,30.83,0.18
932,2021-02-11,EMR,4246,1414,2832,2529,528,719,2,15,18,374,3,0,58,3407,839,ITH,ITH5,8,Emilia-Romagna,Emilia-Romagna,4459477,1379228,30.93,0.1
933,2021-04-14,EMR,26671,12672,13999,654,192,138,71,522,10042,7348,7628,54,22,20662,6009,ITH,ITH5,8,Emilia-Romagna,Emilia-Romagna,4459477,1405899,31.53,0.6
934,2021-03-13,EMR,16040,6298,9742,1251,479,81,3990,49,55,8275,567,1124,169,10730,5310,ITH,ITH5,8,Emilia-Romagna,Emilia-Romagna,4459477,1421939,31.89,0.36
935,2021-03-25,EMR,21350,9326,12024,1101,351,165,2089,156,3063,9929,3621,718,157,14365,6985,ITH,ITH5,8,Emilia-Romagna,Emilia-Romagna,4459477,1443289,32.36,0.48
936,2021-03-27,EMR,21510,9002,12508,753,293,48,2336,116,4190,9565,3817,237,155,14619,6891,ITH,ITH5,8,Emilia-Romagna,Emilia-Romagna,4459477,1464799,32.85,0.48
937,2021-03-09,EMR,14615,5944,8671,1027,456,227,3566,21,56,7702,185,1332,43,10660,3955,ITH,ITH5,8,Emilia-Romagna,Emilia-Romagna,4459477,1479414,33.17,0.33
938,2021-02-10,EMR,4012,1378,2634,2396,357,779,0,23,15,317,9,0,116,2759,1253,ITH,ITH5,8,Emilia-Romagna,Emilia-Romagna,4459477,1483426,33.26,0.09
939,2021-01-27,EMR,8357,2946,5411,6905,653,672,0,26,4,2,0,1,94,464,7893,ITH,ITH5,8,Emilia-Romagna,Emilia-Romagna,4459477,1491783,33.45,0.19
940,2021-02-20,EMR,5316,2093,3223,408,116,155,0,7,21,4590,5,0,14,5052,264,ITH,ITH5,8,Emilia-Romagna,Emilia-Romagna,4459477,1497099,33.57,0.12
941,2021-02-15,EMR,2895,847,2048,1983,369,157,0,3,9,326,18,0,30,2769,126,ITH,ITH5,8,Emilia-Romagna,Emilia-Romagna,4459477,1499994,33.64,0.06
942,2021-01-17,ABR,187,59,128,136,44,0,0,0,0,0,0,0,7,180,7,ITF,ITF1,13,Abruzzo,Abruzzo,1304970,187,0.01,0.01
943,2021-03-17,ABR,4545,1876,2669,285,102,144,11,19,33,3876,16,36,23,2802,1743,ITF,ITF1,13,Abruzzo,Abruzzo,1304970,4732,0.36,0.35
944,2021-02-28,ABR,1708,511,1197,23,6,0,1423,8,1,79,0,149,19,1706,2,ITF,ITF1,13,Abruzzo,Abruzzo,1304970,6440,0.49,0.13
945,2021-02-09,ABR,908,311,597,612,161,131,0,1,1,1,0,0,1,499,409,ITF,ITF1,13,Abruzzo,Abruzzo,1304970,7348,0.56,0.07
946,2021-02-04,ABR,1682,617,1065,1168,415,57,0,5,0,0,0,0,37,609,1073,ITF,ITF1,13,Abruzzo,Abruzzo,1304970,9030,0.69,0.13
947,2021-04-06,ABR,7687,3582,4105,433,98,44,54,115,499,2349,3943,46,106,5367,2320,ITF,ITF1,13,Abruzzo,Abruzzo,1304970,16717,1.28,0.59
948,2021-01-23,ABR,264,114,150,224,14,26,0,0,0,0,0,0,0,57,207,ITF,ITF1,13,Abruzzo,Abruzzo,1304970,16981,1.3,0.02
949,2021-04-26,ABR,8569,4070,4499,138,104,131,20,1663,2915,1078,2329,38,153,7350,1219,ITF,ITF1,13,Abruzzo,Abruzzo,1304970,25550,1.96,0.66
950,2021-03-22,ABR,4400,1959,2441,385,389,56,442,32,19,2578,10,346,143,2430,1970,ITF,ITF1,13,Abruzzo,Abruzzo,1304970,29950,2.3,0.34
951,2021-01-21,ABR,157,47,110,10,6,141,0,0,0,0,0,0,0,157,0,ITF,ITF1,13,Abruzzo,Abruzzo,1304970,30107,2.31,0.01
952,2021-03-28,ABR,2422,1021,1401,247,132,1,175,106,54,896,422,242,147,2050,372,ITF,ITF1,13,Abruzzo,Abruzzo,1304970,32529,2.49,0.19
953,2021-02-07,ABR,777,307,470,646,111,1,0,3,0,0,0,0,16,201,576,ITF,ITF1,13,Abruzzo,Abruzzo,1304970,33306,2.55,0.06
954,2021-03-29,ABR,5627,2525,3102,463,54,49,195,71,73,3616,907,63,136,2987,2640,ITF,ITF1,13,Abruzzo,Abruzzo,1304970,38933,2.98,0.43
955,2021-03-19,ABR,5796,2584,3212,755,280,118,13,14,42,4400,19,103,52,2775,3021,ITF,ITF1,13,Abruzzo,Abruzzo,1304970,44729,3.43,0.44
956,2021-02-15,ABR,1796,831,965,625,258,221,0,0,10,395,0,261,26,1754,42,ITF,ITF1,13,Abruzzo,Abruzzo,1304970,46525,3.57,0.14
957,2021-02-21,ABR,1221,551,670,2,0,3,0,0,2,1210,0,2,2,1220,1,ITF,ITF1,13,Abruzzo,Abruzzo,1304970,47746,3.66,0.09
958,2021-01-22,ABR,118,57,61,2,1,112,0,1,0,0,0,0,2,118,0,ITF,ITF1,13,Abruzzo,Abruzzo,1304970,47864,3.67,0.01
959,2021-02-26,ABR,3920,1671,2249,1025,336,160,262,64,11,1651,6,270,135,2951,969,ITF,ITF1,13,Abruzzo,Abruzzo,1304970,51784,3.97,0.3
960,2021-02-12,ABR,968,319,649,438,151,310,0,1,0,66,0,0,2,779,189,ITF,ITF1,13,Abruzzo,Abruzzo,1304970,52752,4.04,0.07
961,2021-03-06,ABR,4175,1354,2821,433,187,52,1559,29,8,1748,0,15,144,3605,570,ITF,ITF1,13,Abruzzo,Abruzzo,1304970,56927,4.36,0.32
962,2021-01-12,ABR,1804,666,1138,1470,190,0,0,23,33,28,0,0,60,1804,0,ITF,ITF1,13,Abruzzo,Abruzzo,1304970,58731,4.5,0.14
963,2021-03-21,ABR,2136,914,1222,9,0,1,130,7,9,1924,13,34,9,844,1292,ITF,ITF1,13,Abruzzo,Abruzzo,1304970,60867,4.66,0.16
964,2021-03-05,ABR,5263,1938,3325,561,218,108,1353,77,4,2582,2,232,126,4565,698,ITF,ITF1,13,Abruzzo,Abruzzo,1304970,66130,5.07,0.4
965,2021-03-18,ABR,3896,1651,2245,281,135,20,7,21,33,3297,4,68,30,2065,1831,ITF,ITF1,13,Abruzzo,Abruzzo,1304970,70026,5.37,0.3
966,2021-02-13,ABR,851,384,467,554,207,72,0,1,1,8,0,0,8,437,414,ITF,ITF1,13,Abruzzo,Abruzzo,1304970,70877,5.43,0.07
967,2021-03-01,ABR,3490,1393,2097,698,176,174,282,18,10,1915,2,131,84,2725,765,ITF,ITF1,13,Abruzzo,Abruzzo,1304970,74367,5.7,0.27
968,2021-04-22,ABR,6614,3175,3439,83,46,116,28,313,2115,871,2868,37,137,4984,1630,ITF,ITF1,13,Abruzzo,Abruzzo,1304970,80981,6.21,0.51
969,2021-03-03,ABR,4629,1883,2746,1222,211,105,855,28,0,1587,3,385,233,3723,906,ITF,ITF1,13,Abruzzo,Abruzzo,1304970,85610,6.56,0.35
970,2021-04-17,ABR,7291,3376,3915,349,251,23,65,192,454,2207,3666,32,52,4295,2996,ITF,ITF1,13,Abruzzo,Abruzzo,1304970,92901,7.12,0.56
971,2020-12-27,ABR,37,19,18,34,1,2,0,0,0,0,0,0,0,37,0,ITF,ITF1,13,Abruzzo,Abruzzo,1304970,92938,7.12,0.0
972,2021-03-08,ABR,5128,1670,3458,1190,280,116,2195,51,3,1032,0,105,156,4153,975,ITF,ITF1,13,Abruzzo,Abruzzo,1304970,98066,7.51,0.39
973,2021-03-31,ABR,6656,2883,3773,446,279,80,245,54,83,3258,2048,30,133,4588,2068,ITF,ITF1,13,Abruzzo,Abruzzo,1304970,104722,8.02,0.51
974,2021-03-10,ABR,4951,1640,3311,736,300,248,1872,27,4,1520,11,130,103,3994,957,ITF,ITF1,13,Abruzzo,Abruzzo,1304970,109673,8.4,0.38
975,2021-02-23,ABR,2784,1274,1510,324,184,217,100,4,8,1491,2,287,167,2773,11,ITF,ITF1,13,Abruzzo,Abruzzo,1304970,112457,8.62,0.21
976,2021-04-19,ABR,6231,2860,3371,76,74,36,22,148,2251,1259,2221,26,118,3858,2373,ITF,ITF1,13,Abruzzo,Abruzzo,1304970,118688,9.1,0.48
977,2021-04-18,ABR,5814,2726,3088,149,71,25,19,76,169,964,4303,13,25,4872,942,ITF,ITF1,13,Abruzzo,Abruzzo,1304970,124502,9.54,0.45
978,2021-03-04,ABR,5937,2359,3578,1171,322,93,818,39,12,2992,5,329,156,5015,922,ITF,ITF1,13,Abruzzo,Abruzzo,1304970,130439,10.0,0.45
979,2021-04-24,ABR,8599,3923,4676,84,137,137,23,324,1367,1115,5315,21,76,7181,1418,ITF,ITF1,13,Abruzzo,Abruzzo,1304970,139038,10.65,0.66
980,2021-03-23,ABR,4852,2210,2642,180,183,183,400,14,23,3356,13,422,78,2283,2569,ITF,ITF1,13,Abruzzo,Abruzzo,1304970,143890,11.03,0.37
981,2021-01-24,ABR,50,22,28,49,1,0,0,0,0,0,0,0,0,6,44,ITF,ITF1,13,Abruzzo,Abruzzo,1304970,143940,11.03,0.0
982,2021-01-31,ABR,1502,488,1014,1154,236,103,0,1,0,0,0,0,8,287,1215,ITF,ITF1,13,Abruzzo,Abruzzo,1304970,145442,11.15,0.12
983,2021-01-27,ABR,1364,515,849,1301,61,0,0,1,0,0,0,0,1,39,1325,ITF,ITF1,13,Abruzzo,Abruzzo,1304970,146806,11.25,0.1
984,2021-03-09,ABR,5172,1796,3376,990,311,86,2046,31,3,1320,69,214,102,4233,939,ITF,ITF1,13,Abruzzo,Abruzzo,1304970,151978,11.65,0.4
985,2021-01-04,ABR,1401,575,826,1396,5,0,0,0,0,0,0,0,0,1401,0,ITF,ITF1,13,Abruzzo,Abruzzo,1304970,153379,11.75,0.11
986,2021-03-11,ABR,5430,2191,3239,1328,265,241,1565,50,20,1539,16,247,159,4291,1139,ITF,ITF1,13,Abruzzo,Abruzzo,1304970,158809,12.17,0.42
987,2021-02-01,ABR,1632,573,1059,1384,228,1,0,3,0,0,0,0,16,271,1361,ITF,ITF1,13,Abruzzo,Abruzzo,1304970,160441,12.29,0.13
988,2021-01-20,ABR,447,156,291,147,73,204,0,12,0,0,0,0,11,445,2,ITF,ITF1,13,Abruzzo,Abruzzo,1304970,160888,12.33,0.03
989,2021-04-05,ABR,2697,1151,1546,137,205,4,16,31,41,1372,845,11,35,1817,880,ITF,ITF1,13,Abruzzo,Abruzzo,1304970,163585,12.54,0.21
990,2021-01-03,ABR,471,185,286,464,7,0,0,0,0,0,0,0,0,471,0,ITF,ITF1,13,Abruzzo,Abruzzo,1304970,164056,12.57,0.04
991,2021-03-15,ABR,3640,1399,2241,657,358,79,330,27,41,1964,2,55,127,1824,1816,ITF,ITF1,13,Abruzzo,Abruzzo,1304970,167696,12.85,0.28
992,2021-04-13,ABR,5890,2757,3133,94,63,78,150,86,409,1261,3670,31,48,4689,1201,ITF,ITF1,13,Abruzzo,Abruzzo,1304970,173586,13.3,0.45
993,2021-04-09,ABR,8742,4112,4630,312,121,32,45,101,806,3287,3903,40,95,6200,2542,ITF,ITF1,13,Abruzzo,Abruzzo,1304970,182328,13.97,0.67
994,2021-04-07,ABR,7121,3283,3838,187,214,82,15,69,106,3219,3056,96,77,4395,2726,ITF,ITF1,13,Abruzzo,Abruzzo,1304970,189449,14.52,0.55
995,2021-01-28,ABR,1433,495,938,1370,61,1,0,0,1,0,0,0,0,12,1421,ITF,ITF1,13,Abruzzo,Abruzzo,1304970,190882,14.63,0.11
996,2021-02-03,ABR,2061,717,1344,1541,362,118,0,4,0,0,0,0,36,419,1642,ITF,ITF1,13,Abruzzo,Abruzzo,1304970,192943,14.79,0.16
997,2021-01-19,ABR,111,55,56,27,3,50,0,8,0,0,0,0,23,91,20,ITF,ITF1,13,Abruzzo,Abruzzo,1304970,193054,14.79,0.01
998,2021-03-27,ABR,6120,2620,3500,189,229,48,216,87,157,4264,736,77,117,3641,2479,ITF,ITF1,13,Abruzzo,Abruzzo,1304970,199174,15.26,0.47
999,2021-01-13,ABR,1253,440,813,1103,99,0,0,7,1,7,0,0,36,1253,0,ITF,ITF1,13,Abruzzo,Abruzzo,1304970,200427,15.36,0.1
1000,2021-03-07,ABR,2523,630,1893,28,99,4,1823,68,10,463,0,1,27,2523,0,ITF,ITF1,13,Abruzzo,Abruzzo,1304970,202950,15.55,0.19
1001,2021-03-24,ABR,6424,2831,3593,485,300,231,430,108,230,3409,541,415,275,4168,2256,ITF,ITF1,13,Abruzzo,Abruzzo,1304970,209374,16.04,0.49
1002,2021-03-30,ABR,5061,2199,2862,211,205,38,286,52,57,2745,1328,51,88,3236,1825,ITF,ITF1,13,Abruzzo,Abruzzo,1304970,214435,16.43,0.39
1003,2021-03-25,ABR,5690,2564,3126,249,211,40,448,59,102,3824,239,311,207,3074,2616,ITF,ITF1,13,Abruzzo,Abruzzo,1304970,220125,16.87,0.44
1004,2021-04-14,ABR,6507,2898,3609,336,94,119,61,84,434,1467,3848,18,46,4429,2078,ITF,ITF1,13,Abruzzo,Abruzzo,1304970,226632,17.37,0.5
1005,2021-03-13,ABR,4254,1460,2794,539,624,138,1061,82,36,1468,6,106,194,3178,1076,ITF,ITF1,13,Abruzzo,Abruzzo,1304970,230886,17.69,0.33
1006,2021-04-04,ABR,1625,766,859,94,57,2,4,8,280,446,717,2,15,1496,129,ITF,ITF1,13,Abruzzo,Abruzzo,1304970,232511,17.82,0.12
1007,2021-03-26,ABR,5303,2269,3034,264,213,37,449,75,122,3389,357,252,145,3242,2061,ITF,ITF1,13,Abruzzo,Abruzzo,1304970,237814,18.22,0.41
1008,2021-02-22,ABR,2644,1175,1469,477,275,46,251,4,4,1094,0,419,74,2614,30,ITF,ITF1,13,Abruzzo,Abruzzo,1304970,240458,18.43,0.2
1009,2021-03-12,ABR,6024,1990,4034,1006,593,138,2189,46,11,1727,1,144,169,4441,1583,ITF,ITF1,13,Abruzzo,Abruzzo,1304970,246482,18.89,0.46
1010,2021-04-02,ABR,6686,3095,3591,184,611,26,94,76,215,3307,2043,79,51,5199,1487,ITF,ITF1,13,Abruzzo,Abruzzo,1304970,253168,19.4,0.51
1011,2021-01-16,ABR,927,428,499,710,188,15,0,4,0,0,0,0,10,927,0,ITF,ITF1,13,Abruzzo,Abruzzo,1304970,254095,19.47,0.07
1012,2021-04-10,ABR,8774,4059,4715,390,302,13,147,224,1133,2931,3458,32,144,6266,2508,ITF,ITF1,13,Abruzzo,Abruzzo,1304970,262869,20.14,0.67
1013,2021-02-11,ABR,816,262,554,473,184,154,0,0,0,0,0,0,5,773,43,ITF,ITF1,13,Abruzzo,Abruzzo,1304970,263685,20.21,0.06
1014,2021-03-16,ABR,3486,1453,2033,284,74,169,12,19,44,2850,6,8,20,1831,1655,ITF,ITF1,13,Abruzzo,Abruzzo,1304970,267171,20.47,0.27
1015,2021-04-15,ABR,7751,3614,4137,201,97,92,53,87,331,1567,5245,22,56,5906,1845,ITF,ITF1,13,Abruzzo,Abruzzo,1304970,274922,21.07,0.59
1016,2021-01-06,ABR,1830,664,1166,1546,148,133,0,0,0,0,0,0,3,1830,0,ITF,ITF1,13,Abruzzo,Abruzzo,1304970,276752,21.21,0.14
1017,2021-04-03,ABR,5073,2213,2860,174,91,28,84,73,112,2401,1958,62,90,3479,1594,ITF,ITF1,13,Abruzzo,Abruzzo,1304970,281825,21.6,0.39
1018,2021-01-05,ABR,1614,604,1010,1604,10,0,0,0,0,0,0,0,0,1614,0,ITF,ITF1,13,Abruzzo,Abruzzo,1304970,283439,21.72,0.12
1019,2021-02-08,ABR,1201,398,803,710,218,264,0,1,0,0,0,0,8,491,710,ITF,ITF1,13,Abruzzo,Abruzzo,1304970,284640,21.81,0.09
1020,2021-01-18,ABR,122,48,74,106,8,2,0,3,0,0,0,0,3,46,76,ITF,ITF1,13,Abruzzo,Abruzzo,1304970,284762,21.82,0.01
1021,2021-04-01,ABR,5531,2450,3081,274,117,57,153,153,156,2913,1527,48,133,3442,2089,ITF,ITF1,13,Abruzzo,Abruzzo,1304970,290293,22.25,0.42
1022,2021-01-15,ABR,379,149,230,223,79,35,0,7,2,0,0,0,33,379,0,ITF,ITF1,13,Abruzzo,Abruzzo,1304970,290672,22.27,0.03
1023,2021-02-27,ABR,2809,1337,1472,253,84,125,874,17,6,732,1,656,61,2543,266,ITF,ITF1,13,Abruzzo,Abruzzo,1304970,293481,22.49,0.22
1024,2021-02-24,ABR,3304,1440,1864,391,180,248,131,13,12,1969,4,247,109,3128,176,ITF,ITF1,13,Abruzzo,Abruzzo,1304970,296785,22.74,0.25
1025,2021-01-29,ABR,1386,449,937,1290,95,0,0,1,0,0,0,0,0,74,1312,ITF,ITF1,13,Abruzzo,Abruzzo,1304970,298171,22.85,0.11
1026,2021-04-11,ABR,5331,2605,2726,15,8,7,6,93,628,784,3733,6,51,4848,483,ITF,ITF1,13,Abruzzo,Abruzzo,1304970,303502,23.26,0.41
1027,2021-01-25,ABR,1604,633,971,1584,19,0,0,0,0,0,0,0,1,20,1584,ITF,ITF1,13,Abruzzo,Abruzzo,1304970,305106,23.38,0.12
1028,2021-02-17,ABR,2077,952,1125,512,144,394,1,0,22,718,0,210,76,1794,283,ITF,ITF1,13,Abruzzo,Abruzzo,1304970,307183,23.54,0.16
1029,2021-03-20,ABR,4733,2159,2574,318,206,63,97,50,99,3653,45,99,103,2569,2164,ITF,ITF1,13,Abruzzo,Abruzzo,1304970,311916,23.9,0.36
1030,2021-04-12,ABR,6227,2950,3277,217,66,50,36,194,505,1300,3758,20,81,5055,1172,ITF,ITF1,13,Abruzzo,Abruzzo,1304970,318143,24.38,0.48
1031,2021-01-07,ABR,1603,552,1051,1566,37,0,0,0,0,0,0,0,0,1603,0,ITF,ITF1,13,Abruzzo,Abruzzo,1304970,319746,24.5,0.12
1032,2021-01-09,ABR,1483,565,918,1430,50,0,0,1,0,0,0,0,2,1483,0,ITF,ITF1,13,Abruzzo,Abruzzo,1304970,321229,24.62,0.11
1033,2021-01-08,ABR,1525,507,1018,1487,36,0,0,1,1,0,0,0,0,1525,0,ITF,ITF1,13,Abruzzo,Abruzzo,1304970,322754,24.73,0.12
1034,2021-02-18,ABR,2291,934,1357,670,297,417,0,3,5,612,0,215,72,2161,130,ITF,ITF1,13,Abruzzo,Abruzzo,1304970,325045,24.91,0.18
1035,2021-02-19,ABR,3301,1552,1749,990,346,371,8,10,9,1113,1,402,51,3201,100,ITF,ITF1,13,Abruzzo,Abruzzo,1304970,328346,25.16,0.25
1036,2021-02-16,ABR,1978,869,1109,841,278,139,0,4,2,561,0,75,78,1966,12,ITF,ITF1,13,Abruzzo,Abruzzo,1304970,330324,25.31,0.15
1037,2021-01-14,ABR,530,189,341,364,114,0,0,4,5,34,0,0,9,530,0,ITF,ITF1,13,Abruzzo,Abruzzo,1304970,330854,25.35,0.04
1038,2021-01-26,ABR,1542,567,975,1513,29,0,0,0,0,0,0,0,0,29,1513,ITF,ITF1,13,Abruzzo,Abruzzo,1304970,332396,25.47,0.12
1039,2021-04-21,ABR,6386,3101,3285,63,53,13,14,990,1514,1020,2597,9,113,4711,1675,ITF,ITF1,13,Abruzzo,Abruzzo,1304970,338782,25.96,0.49
1040,2021-02-25,ABR,3086,1347,1739,615,398,57,126,28,6,1508,2,262,84,2558,528,ITF,ITF1,13,Abruzzo,Abruzzo,1304970,341868,26.2,0.24
1041,2021-02-10,ABR,948,313,635,622,182,116,0,5,0,0,0,0,23,504,444,ITF,ITF1,13,Abruzzo,Abruzzo,1304970,342816,26.27,0.07
1042,2021-02-20,ABR,4782,1843,2939,310,444,193,1887,5,12,1417,1,406,107,4706,76,ITF,ITF1,13,Abruzzo,Abruzzo,1304970,347598,26.64,0.37
1043,2021-04-25,ABR,9067,4617,4450,67,54,22,5,4353,1779,589,2069,19,110,8256,811,ITF,ITF1,13,Abruzzo,Abruzzo,1304970,356665,27.33,0.69
1044,2021-01-10,ABR,1139,409,730,1091,44,0,0,0,0,0,0,0,4,1139,0,ITF,ITF1,13,Abruzzo,Abruzzo,1304970,357804,27.42,0.09
1045,2021-03-14,ABR,1895,733,1162,8,3,0,249,20,7,1489,0,2,117,1228,667,ITF,ITF1,13,Abruzzo,Abruzzo,1304970,359699,27.56,0.15
1046,2021-04-23,ABR,7353,3376,3977,157,67,122,27,533,1641,1521,3173,14,98,5068,2285,ITF,ITF1,13,Abruzzo,Abruzzo,1304970,367052,28.13,0.56
1047,2021-02-05,ABR,1536,521,1015,1188,188,107,0,9,0,0,0,0,44,789,747,ITF,ITF1,13,Abruzzo,Abruzzo,1304970,368588,28.24,0.12
1048,2021-04-20,ABR,5582,2682,2900,39,83,1,20,326,2180,920,1940,18,55,4171,1411,ITF,ITF1,13,Abruzzo,Abruzzo,1304970,374170,28.67,0.43
1049,2021-04-16,ABR,7542,3491,4051,157,79,46,33,168,271,1685,5048,12,43,5622,1920,ITF,ITF1,13,Abruzzo,Abruzzo,1304970,381712,29.25,0.58
1050,2021-01-30,ABR,1510,567,943,1349,112,47,0,0,0,0,0,0,2,69,1441,ITF,ITF1,13,Abruzzo,Abruzzo,1304970,383222,29.37,0.12
1051,2021-01-02,ABR,548,218,330,540,5,0,0,0,0,0,0,0,3,548,0,ITF,ITF1,13,Abruzzo,Abruzzo,1304970,383770,29.41,0.04
1052,2021-02-06,ABR,1611,742,869,1168,278,72,0,14,7,2,0,0,70,602,1009,ITF,ITF1,13,Abruzzo,Abruzzo,1304970,385381,29.53,0.12
1053,2021-01-11,ABR,1551,557,994,1337,152,48,0,3,0,0,0,0,11,1551,0,ITF,ITF1,13,Abruzzo,Abruzzo,1304970,386932,29.65,0.12
1054,2021-03-02,ABR,3964,1676,2288,934,220,53,405,82,3,1857,2,299,109,3280,684,ITF,ITF1,13,Abruzzo,Abruzzo,1304970,390896,29.95,0.3
1055,2021-04-08,ABR,7351,3322,4029,156,83,73,203,70,409,2633,3628,45,51,5070,2281,ITF,ITF1,13,Abruzzo,Abruzzo,1304970,398247,30.52,0.56
1056,2021-02-02,ABR,1798,677,1121,1243,404,142,0,1,0,0,0,0,8,241,1557,ITF,ITF1,13,Abruzzo,Abruzzo,1304970,400045,30.66,0.14
1057,2021-01-30,PAT,386,132,254,346,7,32,1,0,0,0,0,0,0,152,234,ITH,ITH2,4,Provincia Autonoma Trento,P.A. Trento,541380,386,0.07,0.07
1058,2021-03-05,PAT,2228,700,1528,126,70,102,774,5,24,957,1,158,11,1662,566,ITH,ITH2,4,Provincia Autonoma Trento,P.A. Trento,541380,2614,0.48,0.41
1059,2021-01-14,PAT,699,203,496,482,6,208,0,0,0,0,0,0,3,699,0,ITH,ITH2,4,Provincia Autonoma Trento,P.A. Trento,541380,3313,0.61,0.13
1060,2021-01-24,PAT,547,276,271,535,12,0,0,0,0,0,0,0,0,224,323,ITH,ITH2,4,Provincia Autonoma Trento,P.A. Trento,541380,3860,0.71,0.1
1061,2021-03-15,PAT,1410,545,865,58,130,26,175,3,285,624,15,54,40,946,464,ITH,ITH2,4,Provincia Autonoma Trento,P.A. Trento,541380,5270,0.97,0.26
1062,2021-01-21,PAT,351,94,257,320,13,16,0,0,0,0,0,0,2,228,123,ITH,ITH2,4,Provincia Autonoma Trento,P.A. Trento,541380,5621,1.04,0.06
1063,2021-03-04,PAT,2351,790,1561,161,26,23,347,14,12,1727,0,19,22,1572,779,ITH,ITH2,4,Provincia Autonoma Trento,P.A. Trento,541380,7972,1.47,0.43
1064,2021-03-21,PAT,129,69,60,34,1,0,18,2,18,0,56,0,0,129,0,ITH,ITH2,4,Provincia Autonoma Trento,P.A. Trento,541380,8101,1.5,0.02
1065,2021-04-25,PAT,1960,933,1027,9,4,0,0,1296,215,31,383,0,22,1951,9,ITH,ITH2,4,Provincia Autonoma Trento,P.A. Trento,541380,10061,1.86,0.36
1066,2021-04-14,PAT,3110,1464,1646,115,50,7,7,97,1487,1019,311,2,15,2374,736,ITH,ITH2,4,Provincia Autonoma Trento,P.A. Trento,541380,13171,2.43,0.57
1067,2021-03-03,PAT,1653,621,1032,74,11,60,203,4,5,1267,3,19,7,1136,517,ITH,ITH2,4,Provincia Autonoma Trento,P.A. Trento,541380,14824,2.74,0.31
1068,2021-04-05,PAT,33,16,17,0,0,0,1,21,11,0,0,0,0,33,0,ITH,ITH2,4,Provincia Autonoma Trento,P.A. Trento,541380,14857,2.74,0.01
1069,2021-04-19,PAT,2619,1234,1385,40,12,0,6,592,906,314,678,2,69,2593,26,ITH,ITH2,4,Provincia Autonoma Trento,P.A. Trento,541380,17476,3.23,0.48
1070,2021-02-23,PAT,1108,395,713,272,13,17,50,1,0,751,0,3,1,897,211,ITH,ITH2,4,Provincia Autonoma Trento,P.A. Trento,541380,18584,3.43,0.2
1071,2021-01-13,PAT,421,123,298,392,6,23,0,0,0,0,0,0,0,421,0,ITH,ITH2,4,Provincia Autonoma Trento,P.A. Trento,541380,19005,3.51,0.08
1072,2021-03-07,PAT,22,6,16,0,0,0,22,0,0,0,0,0,0,22,0,ITH,ITH2,4,Provincia Autonoma Trento,P.A. Trento,541380,19027,3.51,0.0
1073,2021-01-27,PAT,802,277,525,463,33,304,0,0,0,1,0,0,1,91,711,ITH,ITH2,4,Provincia Autonoma Trento,P.A. Trento,541380,19829,3.66,0.15
1074,2021-01-29,PAT,1352,331,1021,724,74,542,0,0,0,3,0,0,9,55,1297,ITH,ITH2,4,Provincia Autonoma Trento,P.A. Trento,541380,21181,3.91,0.25
1075,2021-04-15,PAT,3151,1427,1724,179,111,16,3,129,1513,504,680,1,15,2999,152,ITH,ITH2,4,Provincia Autonoma Trento,P.A. Trento,541380,24332,4.49,0.58
1076,2021-03-18,PAT,2297,950,1347,63,1,2,3,9,530,1662,16,2,9,1224,1073,ITH,ITH2,4,Provincia Autonoma Trento,P.A. Trento,541380,26629,4.92,0.42
1077,2021-02-13,PAT,536,333,203,373,4,0,0,1,0,158,0,0,0,171,365,ITH,ITH2,4,Provincia Autonoma Trento,P.A. Trento,541380,27165,5.02,0.1
1078,2021-03-27,PAT,1612,707,905,271,362,0,165,12,352,61,227,135,27,1360,252,ITH,ITH2,4,Provincia Autonoma Trento,P.A. Trento,541380,28777,5.32,0.3
1079,2021-02-12,PAT,1010,340,670,335,54,55,0,2,9,553,0,0,2,589,421,ITH,ITH2,4,Provincia Autonoma Trento,P.A. Trento,541380,29787,5.5,0.19
1080,2021-03-20,PAT,870,401,469,154,97,0,69,0,342,78,127,0,3,669,201,ITH,ITH2,4,Provincia Autonoma Trento,P.A. Trento,541380,30657,5.66,0.16
1081,2021-03-10,PAT,2398,925,1473,356,36,25,316,4,10,1421,2,221,7,1477,921,ITH,ITH2,4,Provincia Autonoma Trento,P.A. Trento,541380,33055,6.11,0.44
1082,2021-01-09,PAT,190,40,150,146,13,31,0,0,0,0,0,0,0,190,0,ITH,ITH2,4,Provincia Autonoma Trento,P.A. Trento,541380,33245,6.14,0.04
1083,2021-03-08,PAT,1397,433,964,65,15,0,277,2,6,1016,1,7,8,1044,353,ITH,ITH2,4,Provincia Autonoma Trento,P.A. Trento,541380,34642,6.4,0.26
1084,2021-03-29,PAT,2443,956,1487,93,30,5,91,32,801,1003,99,4,285,1709,734,ITH,ITH2,4,Provincia Autonoma Trento,P.A. Trento,541380,37085,6.85,0.45
1085,2021-04-17,PAT,2201,1119,1082,13,2,0,0,146,1503,77,449,0,11,2144,57,ITH,ITH2,4,Provincia Autonoma Trento,P.A. Trento,541380,39286,7.26,0.41
1086,2021-01-22,PAT,1668,433,1235,904,121,631,3,3,5,1,0,0,0,329,1339,ITH,ITH2,4,Provincia Autonoma Trento,P.A. Trento,541380,40954,7.56,0.31
1087,2021-02-16,PAT,663,244,419,73,2,3,10,0,8,563,0,0,4,658,5,ITH,ITH2,4,Provincia Autonoma Trento,P.A. Trento,541380,41617,7.69,0.12
1088,2021-02-24,PAT,1318,523,795,236,5,29,66,4,2,974,1,1,0,922,396,ITH,ITH2,4,Provincia Autonoma Trento,P.A. Trento,541380,42935,7.93,0.24
1089,2021-01-23,PAT,577,334,243,487,2,88,0,0,0,0,0,0,0,388,189,ITH,ITH2,4,Provincia Autonoma Trento,P.A. Trento,541380,43512,8.04,0.11
1090,2021-03-17,PAT,2075,795,1280,399,15,55,10,4,279,1270,23,1,19,1202,873,ITH,ITH2,4,Provincia Autonoma Trento,P.A. Trento,541380,45587,8.42,0.38
1091,2021-03-02,PAT,1302,440,862,138,16,55,146,4,9,925,1,1,7,926,376,ITH,ITH2,4,Provincia Autonoma Trento,P.A. Trento,541380,46889,8.66,0.24
1092,2021-02-26,PAT,1218,435,783,250,12,19,105,3,2,823,0,1,3,923,295,ITH,ITH2,4,Provincia Autonoma Trento,P.A. Trento,541380,48107,8.89,0.22
1093,2021-04-07,PAT,2571,1005,1566,259,27,29,101,19,629,1352,131,9,15,1631,940,ITH,ITH2,4,Provincia Autonoma Trento,P.A. Trento,541380,50678,9.36,0.47
1094,2021-04-08,PAT,3100,1291,1809,182,25,46,38,57,1021,1405,307,3,16,1992,1108,ITH,ITH2,4,Provincia Autonoma Trento,P.A. Trento,541380,53778,9.93,0.57
1095,2021-03-13,PAT,829,380,449,203,15,30,259,0,0,44,0,278,0,781,48,ITH,ITH2,4,Provincia Autonoma Trento,P.A. Trento,541380,54607,10.09,0.15
1096,2021-01-08,PAT,1449,313,1136,775,128,530,0,0,7,7,0,0,2,1449,0,ITH,ITH2,4,Provincia Autonoma Trento,P.A. Trento,541380,56056,10.35,0.27
1097,2021-04-11,PAT,2332,1131,1201,45,57,8,175,26,1754,21,233,7,6,2241,91,ITH,ITH2,4,Provincia Autonoma Trento,P.A. Trento,541380,58388,10.79,0.43
1098,2020-12-31,PAT,1624,449,1175,841,105,676,0,0,1,1,0,0,0,1624,0,ITH,ITH2,4,Provincia Autonoma Trento,P.A. Trento,541380,60012,11.09,0.3
1099,2021-02-15,PAT,533,187,346,145,21,27,11,1,1,322,0,0,5,419,114,ITH,ITH2,4,Provincia Autonoma Trento,P.A. Trento,541380,60545,11.18,0.1
1100,2021-03-01,PAT,1237,454,783,74,1,10,95,5,8,1037,0,3,4,942,295,ITH,ITH2,4,Provincia Autonoma Trento,P.A. Trento,541380,61782,11.41,0.23
1101,2021-02-09,PAT,914,287,627,447,8,73,0,2,1,381,0,0,2,441,473,ITH,ITH2,4,Provincia Autonoma Trento,P.A. Trento,541380,62696,11.58,0.17
1102,2021-04-22,PAT,3069,1438,1631,74,49,8,0,1310,882,212,515,2,17,3025,44,ITH,ITH2,4,Provincia Autonoma Trento,P.A. Trento,541380,65765,12.15,0.57
1103,2021-03-06,PAT,773,277,496,362,11,0,195,3,0,195,0,5,2,622,151,ITH,ITH2,4,Provincia Autonoma Trento,P.A. Trento,541380,66538,12.29,0.14
1104,2021-01-06,PAT,42,13,29,42,0,0,0,0,0,0,0,0,0,42,0,ITH,ITH2,4,Provincia Autonoma Trento,P.A. Trento,541380,66580,12.3,0.01
1105,2021-01-18,PAT,643,154,489,529,35,73,0,1,0,1,0,0,4,588,55,ITH,ITH2,4,Provincia Autonoma Trento,P.A. Trento,541380,67223,12.42,0.12
1106,2021-01-05,PAT,709,232,477,495,46,162,0,1,1,0,0,0,4,709,0,ITH,ITH2,4,Provincia Autonoma Trento,P.A. Trento,541380,67932,12.55,0.13
1107,2021-04-20,PAT,2836,1360,1476,40,20,0,4,940,1261,169,384,2,16,2798,38,ITH,ITH2,4,Provincia Autonoma Trento,P.A. Trento,541380,70768,13.07,0.52
1108,2021-03-26,PAT,3149,1225,1924,136,178,108,554,30,1095,901,63,46,38,2550,599,ITH,ITH2,4,Provincia Autonoma Trento,P.A. Trento,541380,73917,13.65,0.58
1109,2021-04-23,PAT,3531,1719,1812,33,16,20,10,1566,792,184,881,1,28,3475,56,ITH,ITH2,4,Provincia Autonoma Trento,P.A. Trento,541380,77448,14.31,0.65
1110,2021-02-06,PAT,574,298,276,179,0,0,0,1,0,391,0,0,3,433,141,ITH,ITH2,4,Provincia Autonoma Trento,P.A. Trento,541380,78022,14.41,0.11
1111,2021-02-21,PAT,155,92,63,154,0,0,1,0,0,0,0,0,0,43,112,ITH,ITH2,4,Provincia Autonoma Trento,P.A. Trento,541380,78177,14.44,0.03
1112,2021-01-20,PAT,290,72,218,231,10,48,0,0,0,0,0,0,1,278,12,ITH,ITH2,4,Provincia Autonoma Trento,P.A. Trento,541380,78467,14.49,0.05
1113,2021-01-02,PAT,502,143,359,336,21,141,0,0,0,3,0,0,1,502,0,ITH,ITH2,4,Provincia Autonoma Trento,P.A. Trento,541380,78969,14.59,0.09
1114,2021-04-01,PAT,2881,1226,1655,192,137,8,125,35,501,1634,120,24,105,1796,1085,ITH,ITH2,4,Provincia Autonoma Trento,P.A. Trento,541380,81850,15.12,0.53
1115,2021-03-11,PAT,2293,851,1442,105,50,41,391,8,13,1587,22,59,17,1471,822,ITH,ITH2,4,Provincia Autonoma Trento,P.A. Trento,541380,84143,15.54,0.42
1116,2021-02-02,PAT,907,240,667,507,33,189,0,2,5,170,0,0,1,190,717,ITH,ITH2,4,Provincia Autonoma Trento,P.A. Trento,541380,85050,15.71,0.17
1117,2021-01-11,PAT,730,221,509,523,49,153,0,1,0,0,0,0,4,730,0,ITH,ITH2,4,Provincia Autonoma Trento,P.A. Trento,541380,85780,15.84,0.13
1118,2021-04-18,PAT,1853,844,1009,10,53,4,3,1025,509,23,218,0,8,1845,8,ITH,ITH2,4,Provincia Autonoma Trento,P.A. Trento,541380,87633,16.19,0.34
1119,2021-01-15,PAT,594,131,463,463,18,111,0,0,1,0,0,0,1,594,0,ITH,ITH2,4,Provincia Autonoma Trento,P.A. Trento,541380,88227,16.3,0.11
1120,2021-04-21,PAT,2880,1342,1538,47,12,3,1,1175,918,186,531,0,7,2826,54,ITH,ITH2,4,Provincia Autonoma Trento,P.A. Trento,541380,91107,16.83,0.53
1121,2021-02-17,PAT,1110,425,685,326,9,35,12,3,11,709,0,3,2,1020,90,ITH,ITH2,4,Provincia Autonoma Trento,P.A. Trento,541380,92217,17.03,0.21
1122,2021-03-23,PAT,2429,938,1491,146,111,71,163,7,844,1002,35,34,16,1697,732,ITH,ITH2,4,Provincia Autonoma Trento,P.A. Trento,541380,94646,17.48,0.45
1123,2021-03-24,PAT,2372,938,1434,207,89,42,224,6,237,1450,65,42,10,1552,820,ITH,ITH2,4,Provincia Autonoma Trento,P.A. Trento,541380,97018,17.92,0.44
1124,2020-12-27,PAT,103,40,63,76,4,21,0,0,0,0,0,0,2,103,0,ITH,ITH2,4,Provincia Autonoma Trento,P.A. Trento,541380,97121,17.94,0.02
1125,2021-03-14,PAT,107,65,42,102,0,0,5,0,0,0,0,0,0,20,87,ITH,ITH2,4,Provincia Autonoma Trento,P.A. Trento,541380,97228,17.96,0.02
1126,2021-04-24,PAT,3416,1640,1776,3,30,3,2,2105,334,43,883,0,13,3398,18,ITH,ITH2,4,Provincia Autonoma Trento,P.A. Trento,541380,100644,18.59,0.63
1127,2021-01-10,PAT,84,19,65,54,18,12,0,0,0,0,0,0,0,84,0,ITH,ITH2,4,Provincia Autonoma Trento,P.A. Trento,541380,100728,18.61,0.02
1128,2021-01-31,PAT,75,15,60,55,13,6,0,1,0,0,0,0,0,1,74,ITH,ITH2,4,Provincia Autonoma Trento,P.A. Trento,541380,100803,18.62,0.01
1129,2021-02-10,PAT,850,290,560,310,7,51,0,1,0,481,0,0,0,509,341,ITH,ITH2,4,Provincia Autonoma Trento,P.A. Trento,541380,101653,18.78,0.16
1130,2021-04-02,PAT,2770,1140,1630,149,65,44,297,58,1168,689,133,15,152,2106,664,ITH,ITH2,4,Provincia Autonoma Trento,P.A. Trento,541380,104423,19.29,0.51
1131,2021-01-12,PAT,504,158,346,418,25,61,0,0,0,0,0,0,0,504,0,ITH,ITH2,4,Provincia Autonoma Trento,P.A. Trento,541380,104927,19.38,0.09
1132,2021-01-01,PAT,213,50,163,114,11,88,0,0,0,0,0,0,0,213,0,ITH,ITH2,4,Provincia Autonoma Trento,P.A. Trento,541380,105140,19.42,0.04
1133,2021-02-11,PAT,1132,365,767,332,3,48,0,0,5,739,0,0,5,796,336,ITH,ITH2,4,Provincia Autonoma Trento,P.A. Trento,541380,106272,19.63,0.21
1134,2021-03-09,PAT,1579,588,991,98,44,31,199,2,8,1102,1,92,2,936,643,ITH,ITH2,4,Provincia Autonoma Trento,P.A. Trento,541380,107851,19.92,0.29
1135,2021-04-12,PAT,3070,1395,1675,136,29,31,364,76,1320,754,317,12,31,2575,495,ITH,ITH2,4,Provincia Autonoma Trento,P.A. Trento,541380,110921,20.49,0.57
1136,2021-02-01,PAT,1220,335,885,767,70,375,0,1,1,0,0,0,6,92,1128,ITH,ITH2,4,Provincia Autonoma Trento,P.A. Trento,541380,112141,20.71,0.23
1137,2021-03-12,PAT,2492,931,1561,207,253,106,557,9,26,1120,5,203,6,1688,804,ITH,ITH2,4,Provincia Autonoma Trento,P.A. Trento,541380,114633,21.17,0.46
1138,2021-01-07,PAT,1270,310,960,649,46,557,0,1,4,13,0,0,0,1270,0,ITH,ITH2,4,Provincia Autonoma Trento,P.A. Trento,541380,115903,21.41,0.23
1139,2021-02-27,PAT,1024,455,569,459,5,2,113,0,2,434,0,4,5,604,420,ITH,ITH2,4,Provincia Autonoma Trento,P.A. Trento,541380,116927,21.6,0.19
1140,2021-02-20,PAT,406,245,161,330,10,30,31,0,0,1,0,3,1,122,284,ITH,ITH2,4,Provincia Autonoma Trento,P.A. Trento,541380,117333,21.67,0.07
1141,2021-01-25,PAT,817,215,602,524,27,263,0,0,0,2,0,0,1,23,794,ITH,ITH2,4,Provincia Autonoma Trento,P.A. Trento,541380,118150,21.82,0.15
1142,2021-02-08,PAT,1151,318,833,551,53,237,1,1,4,303,0,0,1,342,809,ITH,ITH2,4,Provincia Autonoma Trento,P.A. Trento,541380,119301,22.04,0.21
1143,2021-03-31,PAT,2547,983,1564,142,34,5,227,26,480,1474,101,6,52,1690,857,ITH,ITH2,4,Provincia Autonoma Trento,P.A. Trento,541380,121848,22.51,0.47
1144,2021-02-04,PAT,972,304,668,543,10,89,0,1,2,325,0,0,2,420,552,ITH,ITH2,4,Provincia Autonoma Trento,P.A. Trento,541380,122820,22.69,0.18
1145,2021-02-05,PAT,802,271,531,467,19,66,0,1,0,248,0,0,1,283,519,ITH,ITH2,4,Provincia Autonoma Trento,P.A. Trento,541380,123622,22.83,0.15
1146,2021-04-10,PAT,2788,1304,1484,21,8,1,187,42,2183,67,257,11,11,1994,794,ITH,ITH2,4,Provincia Autonoma Trento,P.A. Trento,541380,126410,23.35,0.51
1147,2021-03-22,PAT,2304,972,1332,82,132,8,103,11,849,994,61,38,26,1429,875,ITH,ITH2,4,Provincia Autonoma Trento,P.A. Trento,541380,128714,23.78,0.43
1148,2021-01-17,PAT,251,195,56,251,0,0,0,0,0,0,0,0,0,251,0,ITH,ITH2,4,Provincia Autonoma Trento,P.A. Trento,541380,128965,23.82,0.05
1149,2021-04-16,PAT,2781,1315,1466,82,28,25,8,223,1235,379,774,2,25,2637,144,ITH,ITH2,4,Provincia Autonoma Trento,P.A. Trento,541380,131746,24.34,0.51
1150,2021-01-16,PAT,319,148,171,304,0,15,0,0,0,0,0,0,0,319,0,ITH,ITH2,4,Provincia Autonoma Trento,P.A. Trento,541380,132065,24.39,0.06
1151,2021-02-18,PAT,1205,426,779,300,25,35,55,2,3,782,0,3,0,1143,62,ITH,ITH2,4,Provincia Autonoma Trento,P.A. Trento,541380,133270,24.62,0.22
1152,2021-02-28,PAT,242,121,121,231,0,0,11,0,0,0,0,0,0,242,0,ITH,ITH2,4,Provincia Autonoma Trento,P.A. Trento,541380,133512,24.66,0.04
1153,2021-04-06,PAT,2254,948,1306,39,6,9,101,11,850,1068,139,18,13,1488,766,ITH,ITH2,4,Provincia Autonoma Trento,P.A. Trento,541380,135766,25.08,0.42
1154,2021-03-28,PAT,746,290,456,18,413,0,2,9,18,8,167,107,4,743,3,ITH,ITH2,4,Provincia Autonoma Trento,P.A. Trento,541380,136512,25.22,0.14
1155,2021-04-03,PAT,1132,471,661,143,266,0,31,9,146,60,365,107,5,965,167,ITH,ITH2,4,Provincia Autonoma Trento,P.A. Trento,541380,137644,25.42,0.21
1156,2021-02-22,PAT,745,259,486,119,4,70,45,1,4,501,0,0,1,661,84,ITH,ITH2,4,Provincia Autonoma Trento,P.A. Trento,541380,138389,25.56,0.14
1157,2021-04-26,PAT,2324,1089,1235,17,12,0,10,540,1045,121,563,1,15,2255,69,ITH,ITH2,4,Provincia Autonoma Trento,P.A. Trento,541380,140713,25.99,0.43
1158,2021-03-19,PAT,2422,915,1507,320,70,53,68,17,758,1065,50,2,19,1571,851,ITH,ITH2,4,Provincia Autonoma Trento,P.A. Trento,541380,143135,26.44,0.45
1159,2021-02-19,PAT,927,358,569,170,37,93,28,5,11,582,0,1,0,869,58,ITH,ITH2,4,Provincia Autonoma Trento,P.A. Trento,541380,144062,26.61,0.17
1160,2021-01-28,PAT,530,147,383,390,29,107,0,1,1,2,0,0,0,48,482,ITH,ITH2,4,Provincia Autonoma Trento,P.A. Trento,541380,144592,26.71,0.1
1161,2021-03-16,PAT,1391,506,885,221,7,36,5,1,24,1073,11,0,13,608,783,ITH,ITH2,4,Provincia Autonoma Trento,P.A. Trento,541380,145983,26.96,0.26
1162,2021-01-04,PAT,870,227,643,486,41,336,0,2,4,1,0,0,0,870,0,ITH,ITH2,4,Provincia Autonoma Trento,P.A. Trento,541380,146853,27.13,0.16
1163,2021-04-09,PAT,2693,1138,1555,86,27,27,195,60,1290,886,111,4,7,1504,1189,ITH,ITH2,4,Provincia Autonoma Trento,P.A. Trento,541380,149546,27.62,0.5
1164,2021-02-25,PAT,1639,642,997,120,9,32,93,2,3,1377,0,1,2,1199,440,ITH,ITH2,4,Provincia Autonoma Trento,P.A. Trento,541380,151185,27.93,0.3
1165,2021-01-03,PAT,492,160,332,419,9,63,0,0,0,0,0,0,1,492,0,ITH,ITH2,4,Provincia Autonoma Trento,P.A. Trento,541380,151677,28.02,0.09
1166,2021-01-19,PAT,405,77,328,365,3,36,0,0,0,0,0,0,1,405,0,ITH,ITH2,4,Provincia Autonoma Trento,P.A. Trento,541380,152082,28.09,0.07
1167,2021-02-03,PAT,846,314,532,356,13,73,0,1,2,400,0,0,1,414,432,ITH,ITH2,4,Provincia Autonoma Trento,P.A. Trento,541380,152928,28.25,0.16
1168,2021-02-14,PAT,246,186,60,246,0,0,0,0,0,0,0,0,0,11,235,ITH,ITH2,4,Provincia Autonoma Trento,P.A. Trento,541380,153174,28.29,0.05
1169,2021-04-13,PAT,2544,1053,1491,25,12,3,387,40,1218,693,144,2,20,2037,507,ITH,ITH2,4,Provincia Autonoma Trento,P.A. Trento,541380,155718,28.76,0.47
1170,2020-12-30,PAT,7,3,4,4,1,2,0,0,0,0,0,0,0,7,0,ITH,ITH2,4,Provincia Autonoma Trento,P.A. Trento,541380,155725,28.76,0.0
1171,2021-03-25,PAT,2871,1103,1768,183,141,28,359,32,631,1326,83,25,63,1822,1049,ITH,ITH2,4,Provincia Autonoma Trento,P.A. Trento,541380,158596,29.29,0.53
1172,2021-03-30,PAT,2379,970,1409,71,60,53,176,18,792,1048,94,9,58,1742,637,ITH,ITH2,4,Provincia Autonoma Trento,P.A. Trento,541380,160975,29.73,0.44
1173,2021-01-26,PAT,542,154,388,441,16,84,0,0,0,0,0,0,1,27,515,ITH,ITH2,4,Provincia Autonoma Trento,P.A. Trento,541380,161517,29.83,0.1
1174,2021-04-10,CAM,28338,13486,14852,259,61,90,733,333,7069,6314,12857,211,411,23423,4915,ITF,ITF3,15,Campania,Campania,5801692,28338,0.49,0.49
1175,2021-04-04,CAM,7942,4002,3940,177,28,6,73,46,1210,1996,4044,63,299,6899,1043,ITF,ITF3,15,Campania,Campania,5801692,36280,0.63,0.14
1176,2021-01-12,CAM,5214,2563,2651,3439,722,340,0,104,29,7,0,0,573,5214,0,ITF,ITF3,15,Campania,Campania,5801692,41494,0.72,0.09
1177,2021-04-02,CAM,21741,10411,11330,263,48,108,1063,138,6340,3975,8558,515,733,19423,2318,ITF,ITF3,15,Campania,Campania,5801692,63235,1.09,0.37
1178,2021-02-19,CAM,9554,3556,5998,1663,169,161,2192,103,35,4457,0,0,774,8904,650,ITF,ITF3,15,Campania,Campania,5801692,72789,1.25,0.16
1179,2021-01-01,CAM,919,506,413,831,85,0,0,2,0,0,0,0,1,919,0,ITF,ITF3,15,Campania,Campania,5801692,73708,1.27,0.02
1180,2021-03-26,CAM,19453,8929,10524,363,40,142,1634,100,3152,7624,5466,464,468,15643,3810,ITF,ITF3,15,Campania,Campania,5801692,93161,1.61,0.34
1181,2021-02-11,CAM,6278,2704,3574,1861,279,129,0,238,90,2410,0,0,1271,6212,66,ITF,ITF3,15,Campania,Campania,5801692,99439,1.71,0.11
1182,2021-01-18,CAM,957,399,558,576,93,187,0,12,4,17,0,0,68,713,244,ITF,ITF3,15,Campania,Campania,5801692,100396,1.73,0.02
1183,2021-02-22,CAM,10663,3292,7371,544,60,143,5542,63,38,3899,0,0,374,10400,263,ITF,ITF3,15,Campania,Campania,5801692,111059,1.91,0.18
1184,2021-04-03,CAM,21115,10315,10800,203,50,185,558,106,5970,4533,8849,207,454,18739,2376,ITF,ITF3,15,Campania,Campania,5801692,132174,2.28,0.36
1185,2021-02-08,CAM,5112,2449,2663,1387,320,226,0,327,180,1436,0,0,1236,4310,802,ITF,ITF3,15,Campania,Campania,5801692,137286,2.37,0.09
1186,2021-01-16,CAM,3369,1675,1694,1355,230,373,0,231,63,32,0,0,1085,3369,0,ITF,ITF3,15,Campania,Campania,5801692,140655,2.42,0.06
1187,2021-04-01,CAM,24304,11664,12640,416,63,83,1626,170,4315,7021,9395,572,643,20174,4130,ITF,ITF3,15,Campania,Campania,5801692,164959,2.84,0.42
1188,2021-03-13,CAM,14252,6793,7459,404,136,193,3685,84,27,6717,0,2322,684,8967,5285,ITF,ITF3,15,Campania,Campania,5801692,179211,3.09,0.25
1189,2021-01-06,CAM,7652,3749,3903,5781,838,300,0,116,29,4,0,0,584,7652,0,ITF,ITF3,15,Campania,Campania,5801692,186863,3.22,0.13
1190,2021-03-16,CAM,8087,3519,4568,289,61,60,114,47,85,6875,235,29,292,3773,4314,ITF,ITF3,15,Campania,Campania,5801692,194950,3.36,0.14
1191,2021-03-12,CAM,14247,7095,7152,1022,156,82,2802,114,56,6606,0,2438,971,8164,6083,ITF,ITF3,15,Campania,Campania,5801692,209197,3.61,0.25
1192,2021-04-15,CAM,34290,16642,17648,312,46,21,318,4261,7017,6153,15606,121,435,24418,9872,ITF,ITF3,15,Campania,Campania,5801692,243487,4.2,0.59
1193,2020-12-27,CAM,720,422,298,703,14,0,0,0,1,0,0,0,2,720,0,ITF,ITF3,15,Campania,Campania,5801692,244207,4.21,0.01
1194,2021-04-18,CAM,27160,13263,13897,108,23,7,240,3940,5519,5346,11735,84,158,18266,8894,ITF,ITF3,15,Campania,Campania,5801692,271367,4.68,0.47
1195,2021-01-29,CAM,10052,4812,5240,6405,1052,259,0,307,75,19,0,0,1935,47,10005,ITF,ITF3,15,Campania,Campania,5801692,281419,4.85,0.17
1196,2021-04-12,CAM,23302,10921,12381,149,64,70,217,1027,10306,3270,7759,129,311,20265,3037,ITF,ITF3,15,Campania,Campania,5801692,304721,5.25,0.4
1197,2021-02-17,CAM,7388,3210,4178,1013,208,38,362,129,70,4913,0,0,655,6328,1060,ITF,ITF3,15,Campania,Campania,5801692,312109,5.38,0.13
1198,2021-02-16,CAM,5435,2410,3025,983,276,169,1,118,43,3189,0,0,656,4664,771,ITF,ITF3,15,Campania,Campania,5801692,317544,5.47,0.09
1199,2021-04-21,CAM,30248,14731,15517,103,43,4,266,5935,7877,3761,11921,104,234,18041,12207,ITF,ITF3,15,Campania,Campania,5801692,347792,5.99,0.52
1200,2021-01-25,CAM,5744,2926,2818,4743,644,56,0,46,13,2,0,0,240,164,5580,ITF,ITF3,15,Campania,Campania,5801692,353536,6.09,0.1
1201,2021-02-27,CAM,13943,4471,9472,825,290,82,8311,245,112,3184,0,0,894,12301,1642,ITF,ITF3,15,Campania,Campania,5801692,367479,6.33,0.24
1202,2021-01-09,CAM,10566,5024,5542,6759,1256,269,0,253,64,21,0,0,1944,10566,0,ITF,ITF3,15,Campania,Campania,5801692,378045,6.52,0.18
1203,2021-04-24,CAM,36258,17502,18756,147,36,7,371,4560,8220,4134,18171,148,464,25027,11231,ITF,ITF3,15,Campania,Campania,5801692,414303,7.14,0.62
1204,2021-02-18,CAM,9079,3811,5268,1752,241,89,438,142,57,5561,0,1,798,8371,708,ITF,ITF3,15,Campania,Campania,5801692,423382,7.3,0.16
1205,2021-01-08,CAM,10456,4969,5487,6715,1147,212,0,309,80,18,0,0,1975,10456,0,ITF,ITF3,15,Campania,Campania,5801692,433838,7.48,0.18
1206,2021-04-11,CAM,17521,8606,8915,116,34,2,203,313,5115,1834,9596,82,226,15443,2078,ITF,ITF3,15,Campania,Campania,5801692,451359,7.78,0.3
1207,2021-02-25,CAM,12422,4479,7943,803,119,124,4805,144,81,5692,0,0,654,11234,1188,ITF,ITF3,15,Campania,Campania,5801692,463781,7.99,0.21
1208,2021-01-14,CAM,7073,2977,4096,3707,1264,350,0,206,61,14,0,0,1471,7073,0,ITF,ITF3,15,Campania,Campania,5801692,470854,8.12,0.12
1209,2021-02-20,CAM,8564,3079,5485,1023,158,145,1966,57,13,4588,0,0,614,8261,303,ITF,ITF3,15,Campania,Campania,5801692,479418,8.26,0.15
1210,2021-01-26,CAM,7339,3726,3613,5774,847,231,0,87,27,5,0,0,368,352,6987,ITF,ITF3,15,Campania,Campania,5801692,486757,8.39,0.13
1211,2021-02-14,CAM,3924,1921,2003,626,102,15,0,130,122,2472,0,0,457,3890,34,ITF,ITF3,15,Campania,Campania,5801692,490681,8.46,0.07
1212,2021-04-13,CAM,26592,12674,13918,226,69,97,244,2699,11287,4200,7135,135,500,21065,5527,ITF,ITF3,15,Campania,Campania,5801692,517273,8.92,0.46
1213,2021-03-14,CAM,8505,3721,4784,328,115,2,2018,56,27,4563,0,975,421,4367,4138,ITF,ITF3,15,Campania,Campania,5801692,525778,9.06,0.15
1214,2021-02-10,CAM,6904,3413,3491,1945,284,98,0,448,235,2218,0,0,1676,6728,176,ITF,ITF3,15,Campania,Campania,5801692,532682,9.18,0.12
1215,2021-02-06,CAM,5341,2665,2676,1990,520,459,0,427,176,58,0,0,1711,2103,3238,ITF,ITF3,15,Campania,Campania,5801692,538023,9.27,0.09
1216,2021-01-10,CAM,8165,3736,4429,5179,1010,97,0,232,62,13,0,0,1572,8165,0,ITF,ITF3,15,Campania,Campania,5801692,546188,9.41,0.14
1217,2021-04-20,CAM,32089,15543,16546,152,40,199,332,7679,7196,4714,11293,142,342,20771,11318,ITF,ITF3,15,Campania,Campania,5801692,578277,9.97,0.55
1218,2021-01-05,CAM,7237,3638,3599,5810,923,106,0,68,20,4,0,0,306,7237,0,ITF,ITF3,15,Campania,Campania,5801692,585514,10.09,0.12
1219,2021-01-30,CAM,10721,5079,5642,6930,1278,227,0,251,68,18,0,0,1949,39,10682,ITF,ITF3,15,Campania,Campania,5801692,596235,10.28,0.18
1220,2021-04-25,CAM,30674,15160,15514,343,103,5,200,8495,5519,2241,13354,89,325,25290,5384,ITF,ITF3,15,Campania,Campania,5801692,626909,10.81,0.53
1221,2021-04-23,CAM,32259,15495,16764,161,42,69,320,5734,6226,3741,15463,181,322,23127,9132,ITF,ITF3,15,Campania,Campania,5801692,659168,11.36,0.56
1222,2021-02-05,CAM,7261,3463,3798,3447,995,308,0,348,140,35,0,0,1988,2133,5128,ITF,ITF3,15,Campania,Campania,5801692,666429,11.49,0.13
1223,2021-01-11,CAM,4072,1871,2201,2386,681,252,0,111,28,14,0,0,600,4072,0,ITF,ITF3,15,Campania,Campania,5801692,670501,11.56,0.07
1224,2021-04-16,CAM,34283,16545,17738,236,50,108,314,3195,6275,6623,16837,277,368,23629,10654,ITF,ITF3,15,Campania,Campania,5801692,704784,12.15,0.59
1225,2021-03-27,CAM,21276,10028,11248,356,39,63,1957,88,4053,7142,6937,210,431,17413,3863,ITF,ITF3,15,Campania,Campania,5801692,726060,12.51,0.37
1226,2021-03-22,CAM,12745,5922,6823,309,762,72,2471,80,3639,3502,588,922,400,10707,2038,ITF,ITF3,15,Campania,Campania,5801692,738805,12.73,0.22
1227,2021-03-17,CAM,11586,5096,6490,490,134,49,137,55,158,10009,141,43,370,5007,6579,ITF,ITF3,15,Campania,Campania,5801692,750391,12.93,0.2
1228,2021-03-01,CAM,12122,4245,7877,1153,319,147,5786,304,181,3104,0,0,1128,8011,4111,ITF,ITF3,15,Campania,Campania,5801692,762513,13.14,0.21
1229,2021-02-04,CAM,7943,3429,4514,3965,1245,292,0,328,140,25,0,0,1948,1308,6635,ITF,ITF3,15,Campania,Campania,5801692,770456,13.28,0.14
1230,2021-03-31,CAM,22665,10896,11769,340,85,111,1164,143,7469,5166,7334,307,546,19227,3438,ITF,ITF3,15,Campania,Campania,5801692,793121,13.67,0.39
1231,2021-03-02,CAM,12745,4550,8195,1294,197,147,5899,365,225,3279,0,2,1337,8402,4343,ITF,ITF3,15,Campania,Campania,5801692,805866,13.89,0.22
1232,2021-01-23,CAM,3838,2028,1810,3161,343,69,0,40,8,0,0,0,217,273,3565,ITF,ITF3,15,Campania,Campania,5801692,809704,13.96,0.07
1233,2021-02-09,CAM,4643,2202,2441,1148,178,6,0,356,211,1381,0,0,1363,4391,252,ITF,ITF3,15,Campania,Campania,5801692,814347,14.04,0.08
1234,2021-02-15,CAM,5469,2515,2954,987,238,94,1,98,64,3402,1,1,583,5296,173,ITF,ITF3,15,Campania,Campania,5801692,819816,14.13,0.09
1235,2021-03-28,CAM,15548,7497,8051,79,156,18,679,55,3590,5102,5532,165,172,13925,1623,ITF,ITF3,15,Campania,Campania,5801692,835364,14.4,0.27
1236,2021-02-24,CAM,11767,4146,7621,845,194,145,4189,45,24,5963,1,0,361,11079,688,ITF,ITF3,15,Campania,Campania,5801692,847131,14.6,0.2
1237,2021-04-06,CAM,24381,11421,12960,306,116,141,1555,101,10173,5374,5995,208,412,19864,4517,ITF,ITF3,15,Campania,Campania,5801692,871512,15.02,0.42
1238,2021-02-28,CAM,10411,3206,7205,496,116,22,5496,302,139,2261,0,0,1579,8511,1900,ITF,ITF3,15,Campania,Campania,5801692,881923,15.2,0.18
1239,2021-02-07,CAM,2929,1382,1547,706,189,225,0,260,155,342,0,0,1052,2158,771,ITF,ITF3,15,Campania,Campania,5801692,884852,15.25,0.05
1240,2020-12-31,CAM,1490,811,679,1273,150,1,0,11,2,0,0,0,53,1490,0,ITF,ITF3,15,Campania,Campania,5801692,886342,15.28,0.03
1241,2021-03-20,CAM,13894,6433,7461,295,43,35,2883,76,1677,6516,772,1020,577,10155,3739,ITF,ITF3,15,Campania,Campania,5801692,900236,15.52,0.24
1242,2021-04-26,CAM,33683,16492,17191,211,140,4,167,8347,4121,2265,17957,147,324,28087,5596,ITF,ITF3,15,Campania,Campania,5801692,933919,16.1,0.58
1243,2021-01-17,CAM,1155,551,604,718,54,151,0,22,7,3,0,0,200,702,453,ITF,ITF3,15,Campania,Campania,5801692,935074,16.12,0.02
1244,2021-02-21,CAM,5833,2239,3594,780,45,22,508,56,14,3871,0,0,537,5608,225,ITF,ITF3,15,Campania,Campania,5801692,940907,16.22,0.1
1245,2021-03-19,CAM,11030,4868,6162,392,68,21,853,70,134,8441,474,138,439,7161,3869,ITF,ITF3,15,Campania,Campania,5801692,951937,16.41,0.19
1246,2021-01-21,CAM,2093,1116,977,1379,153,75,0,95,32,22,0,0,337,677,1416,ITF,ITF3,15,Campania,Campania,5801692,954030,16.44,0.04
1247,2021-03-29,CAM,18945,9136,9809,362,51,129,1198,83,4480,5041,6847,304,450,17401,1544,ITF,ITF3,15,Campania,Campania,5801692,972975,16.77,0.33
1248,2021-02-26,CAM,13327,4228,9099,951,127,220,7829,130,65,3422,0,1,582,11992,1335,ITF,ITF3,15,Campania,Campania,5801692,986302,17.0,0.23
1249,2021-03-18,CAM,12163,5376,6787,460,79,34,459,72,260,9973,231,99,496,5975,6188,ITF,ITF3,15,Campania,Campania,5801692,998465,17.21,0.21
1250,2021-03-05,CAM,16475,6347,10128,1683,243,64,5787,320,141,6364,0,4,1869,9815,6660,ITF,ITF3,15,Campania,Campania,5801692,1014940,17.49,0.28
1251,2021-01-07,CAM,8910,4166,4744,6313,1087,332,0,193,29,11,0,0,945,8910,0,ITF,ITF3,15,Campania,Campania,5801692,1023850,17.65,0.15
1252,2021-03-06,CAM,16304,6750,9554,993,135,173,5486,250,170,7145,0,1105,847,10637,5667,ITF,ITF3,15,Campania,Campania,5801692,1040154,17.93,0.28
1253,2021-04-22,CAM,33863,16492,17371,225,50,21,306,5241,6684,5052,15833,135,316,21496,12367,ITF,ITF3,15,Campania,Campania,5801692,1074017,18.51,0.58
1254,2021-03-03,CAM,13916,5492,8424,2088,240,156,4232,469,251,4809,0,4,1667,7287,6629,ITF,ITF3,15,Campania,Campania,5801692,1087933,18.75,0.24
1255,2021-04-17,CAM,36165,17495,18670,217,41,7,430,4708,6964,6358,16960,140,340,24644,11521,ITF,ITF3,15,Campania,Campania,5801692,1124098,19.38,0.62
1256,2021-03-10,CAM,15240,7374,7866,704,246,26,2468,121,44,8441,1,2345,844,8411,6829,ITF,ITF3,15,Campania,Campania,5801692,1139338,19.64,0.26
1257,2021-03-21,CAM,9982,4592,5390,168,28,17,1677,46,3787,2935,762,383,179,7593,2389,ITF,ITF3,15,Campania,Campania,5801692,1149320,19.81,0.17
1258,2021-03-08,CAM,14536,6715,7821,888,248,70,4957,156,78,4874,0,2275,990,9761,4775,ITF,ITF3,15,Campania,Campania,5801692,1163856,20.06,0.25
1259,2021-02-23,CAM,10995,3385,7610,520,87,295,5939,57,30,3760,0,0,307,10469,526,ITF,ITF3,15,Campania,Campania,5801692,1174851,20.25,0.19
1260,2021-01-22,CAM,1523,775,748,970,120,209,0,28,6,4,0,0,186,673,850,ITF,ITF3,15,Campania,Campania,5801692,1176374,20.28,0.03
1261,2021-02-12,CAM,6528,2860,3668,1885,306,208,4,160,69,3062,0,0,834,6342,186,ITF,ITF3,15,Campania,Campania,5801692,1182902,20.39,0.11
1262,2021-03-04,CAM,14649,5349,9300,1901,305,136,4836,302,98,5595,0,1,1475,8756,5893,ITF,ITF3,15,Campania,Campania,5801692,1197551,20.64,0.25
1263,2021-03-23,CAM,15332,7055,8277,359,491,181,3292,160,2743,4739,2114,577,676,12827,2505,ITF,ITF3,15,Campania,Campania,5801692,1212883,20.91,0.26
1264,2021-03-24,CAM,17620,8081,9539,410,99,70,2443,111,1943,6726,4802,621,395,14669,2951,ITF,ITF3,15,Campania,Campania,5801692,1230503,21.21,0.3
1265,2021-01-24,CAM,4128,2123,2005,3140,410,166,0,46,10,0,0,0,356,383,3745,ITF,ITF3,15,Campania,Campania,5801692,1234631,21.28,0.07
1266,2021-03-25,CAM,19996,9339,10657,308,52,8,2483,124,2563,7454,6029,396,579,16493,3503,ITF,ITF3,15,Campania,Campania,5801692,1254627,21.63,0.34
1267,2021-02-13,CAM,5509,2550,2959,960,114,131,2,160,127,3622,0,0,393,5292,217,ITF,ITF3,15,Campania,Campania,5801692,1260136,21.72,0.09
1268,2021-04-19,CAM,30452,14742,15710,177,51,91,241,7792,5423,5104,11189,121,263,18890,11562,ITF,ITF3,15,Campania,Campania,5801692,1290588,22.25,0.52
1269,2021-02-01,CAM,3985,1813,2172,2504,656,152,0,102,26,14,0,0,531,110,3875,ITF,ITF3,15,Campania,Campania,5801692,1294573,22.31,0.07
1270,2021-01-02,CAM,3673,1962,1711,3167,340,0,0,22,8,0,0,0,136,3673,0,ITF,ITF3,15,Campania,Campania,5801692,1298246,22.38,0.06
1271,2021-01-20,CAM,1257,650,607,395,146,101,0,101,100,17,0,0,397,1257,0,ITF,ITF3,15,Campania,Campania,5801692,1299503,22.4,0.02
1272,2021-03-09,CAM,13839,6619,7220,797,276,184,4187,177,49,4513,1,2515,1140,10058,3781,ITF,ITF3,15,Campania,Campania,5801692,1313342,22.64,0.24
1273,2021-04-05,CAM,11636,5542,6094,141,23,6,432,31,2455,2879,5306,111,252,9214,2422,ITF,ITF3,15,Campania,Campania,5801692,1324978,22.84,0.2
1274,2021-01-27,CAM,7738,3820,3918,5839,875,270,0,118,32,4,0,0,600,163,7575,ITF,ITF3,15,Campania,Campania,5801692,1332716,22.97,0.13
1275,2021-01-31,CAM,8066,3711,4355,5106,1012,67,0,238,61,12,0,0,1570,23,8043,ITF,ITF3,15,Campania,Campania,5801692,1340782,23.11,0.14
1276,2021-01-19,CAM,1095,474,621,534,129,171,0,36,7,1,0,0,217,1092,3,ITF,ITF3,15,Campania,Campania,5801692,1341877,23.13,0.02
1277,2021-03-11,CAM,17574,8665,8909,1049,295,105,2835,180,87,8955,0,2956,1112,10298,7276,ITF,ITF3,15,Campania,Campania,5801692,1359451,23.43,0.3
1278,2021-01-28,CAM,8833,4122,4711,6216,1094,347,0,190,32,12,0,0,942,135,8698,ITF,ITF3,15,Campania,Campania,5801692,1368284,23.58,0.15
1279,2021-01-04,CAM,5826,2963,2863,4850,679,0,0,45,5,1,0,0,246,5826,0,ITF,ITF3,15,Campania,Campania,5801692,1374110,23.68,0.1
1280,2021-04-09,CAM,29808,13948,15860,261,74,39,958,183,9291,7320,10728,353,601,23692,6116,ITF,ITF3,15,Campania,Campania,5801692,1403918,24.2,0.51
1281,2021-02-02,CAM,5722,2804,2918,3640,828,354,0,140,50,22,0,0,688,443,5279,ITF,ITF3,15,Campania,Campania,5801692,1409640,24.3,0.1
1282,2021-03-15,CAM,12936,6087,6849,821,142,78,2561,82,1445,6287,12,1065,443,8192,4744,ITF,ITF3,15,Campania,Campania,5801692,1422576,24.52,0.22
1283,2021-02-03,CAM,8902,4002,4900,4736,1101,714,0,295,74,34,0,0,1948,878,8024,ITF,ITF3,15,Campania,Campania,5801692,1431478,24.67,0.15
1284,2021-04-08,CAM,28264,13636,14628,283,131,58,1040,135,6670,7225,11876,401,445,22429,5835,ITF,ITF3,15,Campania,Campania,5801692,1459742,25.16,0.49
1285,2021-01-15,CAM,4980,2381,2599,2740,832,191,0,159,72,22,0,0,964,4980,0,ITF,ITF3,15,Campania,Campania,5801692,1464722,25.25,0.09
1286,2021-04-14,CAM,27635,13325,14310,268,55,22,268,3203,11169,5109,7059,133,349,19071,8564,ITF,ITF3,15,Campania,Campania,5801692,1492357,25.72,0.48
1287,2021-01-03,CAM,3837,2009,1828,3191,401,0,0,31,6,0,0,0,208,3837,0,ITF,ITF3,15,Campania,Campania,5801692,1496194,25.79,0.07
1288,2021-03-07,CAM,11911,5344,6567,533,110,85,4351,158,134,4030,0,1953,557,8070,3841,ITF,ITF3,15,Campania,Campania,5801692,1508105,25.99,0.21
1289,2021-03-30,CAM,21723,10270,11453,278,47,182,1836,155,5859,5684,6765,284,633,18768,2955,ITF,ITF3,15,Campania,Campania,5801692,1529828,26.37,0.37
1290,2021-01-13,CAM,8019,3665,4354,4350,1031,587,0,267,65,30,0,0,1689,8019,0,ITF,ITF3,15,Campania,Campania,5801692,1537847,26.51,0.14
1291,2021-04-07,CAM,24735,11770,12965,348,206,62,1043,135,7507,6621,8000,274,539,20013,4722,ITF,ITF3,15,Campania,Campania,5801692,1562582,26.93,0.43
1292,2021-01-31,LAZ,4370,1817,2553,3572,142,244,0,57,43,153,0,0,159,387,3983,ITI,ITI4,12,Lazio,Lazio,5879082,4370,0.07,0.07
1293,2021-01-26,LAZ,7808,3028,4780,6592,219,631,0,81,44,154,0,0,87,577,7231,ITI,ITI4,12,Lazio,Lazio,5879082,12178,0.21,0.13
1294,2021-02-13,LAZ,6477,2552,3925,2123,100,280,0,58,69,3710,0,0,137,6189,288,ITI,ITI4,12,Lazio,Lazio,5879082,18655,0.32,0.11
1295,2021-03-18,LAZ,14208,6071,8137,1025,94,330,6,378,1038,9663,1284,15,375,7824,6384,ITI,ITI4,12,Lazio,Lazio,5879082,32863,0.56,0.24
1296,2021-04-13,LAZ,25175,11663,13512,730,109,289,55,4877,8073,7780,2862,23,377,17499,7676,ITI,ITI4,12,Lazio,Lazio,5879082,58038,0.99,0.43
1297,2021-01-27,LAZ,6000,2317,3683,4797,228,457,0,99,50,148,0,0,221,883,5117,ITI,ITI4,12,Lazio,Lazio,5879082,64038,1.09,0.1
1298,2021-02-10,LAZ,8023,3286,4737,2647,276,634,0,95,79,4044,0,0,248,4844,3179,ITI,ITI4,12,Lazio,Lazio,5879082,72061,1.23,0.14
1299,2021-02-25,LAZ,12647,5515,7132,1754,440,489,2611,139,117,5230,1,1423,443,11599,1048,ITI,ITI4,12,Lazio,Lazio,5879082,84708,1.44,0.22
1300,2021-03-08,LAZ,19972,8268,11704,1578,135,380,4709,930,271,9234,906,1102,727,14703,5269,ITI,ITI4,12,Lazio,Lazio,5879082,104680,1.78,0.34
1301,2021-04-08,LAZ,26325,12003,14322,1218,92,186,59,3578,9033,8409,2473,162,1115,18667,7658,ITI,ITI4,12,Lazio,Lazio,5879082,131005,2.23,0.45
1302,2021-03-02,LAZ,16770,7281,9489,1477,362,229,3754,462,96,8224,328,1278,560,12838,3932,ITI,ITI4,12,Lazio,Lazio,5879082,147775,2.51,0.29
1303,2021-01-10,LAZ,4039,1700,2339,3424,160,252,0,35,27,24,0,0,117,4039,0,ITI,ITI4,12,Lazio,Lazio,5879082,151814,2.58,0.07
1304,2021-01-20,LAZ,4658,1838,2820,3282,233,427,0,90,58,367,0,0,201,3115,1543,ITI,ITI4,12,Lazio,Lazio,5879082,156472,2.66,0.08
1305,2021-04-20,LAZ,30511,14022,16489,687,135,230,75,7299,10107,7901,3651,32,394,19406,11105,ITI,ITI4,12,Lazio,Lazio,5879082,186983,3.18,0.52
1306,2021-01-24,LAZ,5617,2189,3428,4945,132,134,0,55,98,166,0,0,87,535,5082,ITI,ITI4,12,Lazio,Lazio,5879082,192600,3.28,0.1
1307,2021-03-15,LAZ,19246,8318,10928,1603,136,411,2526,703,1675,9757,813,964,658,12510,6736,ITI,ITI4,12,Lazio,Lazio,5879082,211846,3.6,0.33
1308,2021-01-28,LAZ,8151,3105,5046,6811,381,514,0,103,36,146,0,0,160,655,7496,ITI,ITI4,12,Lazio,Lazio,5879082,219997,3.74,0.14
1309,2021-04-07,LAZ,24673,11178,13495,1119,89,189,94,2805,8829,8389,2059,117,983,17479,7194,ITI,ITI4,12,Lazio,Lazio,5879082,244670,4.16,0.42
1310,2021-01-30,LAZ,6824,2806,4018,5298,283,651,0,109,67,184,0,0,232,623,6201,ITI,ITI4,12,Lazio,Lazio,5879082,251494,4.28,0.12
1311,2021-04-14,LAZ,28811,13094,15717,656,85,148,82,5013,9668,9024,3681,19,435,18766,10045,ITI,ITI4,12,Lazio,Lazio,5879082,280305,4.77,0.49
1312,2021-01-11,LAZ,5525,2103,3422,4553,311,569,0,12,9,14,0,0,57,5525,0,ITI,ITI4,12,Lazio,Lazio,5879082,285830,4.86,0.09
1313,2021-03-07,LAZ,14072,5424,8648,1000,27,148,3533,311,137,7465,405,697,349,10483,3589,ITI,ITI4,12,Lazio,Lazio,5879082,299902,5.1,0.24
1314,2021-04-19,LAZ,29714,13524,16190,624,106,156,37,6848,9914,8220,3353,43,413,19163,10551,ITI,ITI4,12,Lazio,Lazio,5879082,329616,5.61,0.51
1315,2021-01-13,LAZ,5630,2114,3516,4146,273,1009,0,38,12,26,0,0,126,5630,0,ITI,ITI4,12,Lazio,Lazio,5879082,335246,5.7,0.1
1316,2021-02-22,LAZ,11434,4979,6455,1779,130,473,2222,36,30,5276,1,1390,97,10932,502,ITI,ITI4,12,Lazio,Lazio,5879082,346680,5.9,0.19
1317,2021-02-24,LAZ,12028,5191,6837,1799,434,337,2400,75,64,5244,0,1327,348,11035,993,ITI,ITI4,12,Lazio,Lazio,5879082,358708,6.1,0.2
1318,2021-04-10,LAZ,23657,10268,13389,672,59,111,86,3932,7260,7816,3196,31,494,16493,7164,ITI,ITI4,12,Lazio,Lazio,5879082,382365,6.5,0.4
1319,2021-03-22,LAZ,21491,8946,12545,883,79,245,3861,420,4365,9327,1380,558,373,14960,6531,ITI,ITI4,12,Lazio,Lazio,5879082,403856,6.87,0.37
1320,2021-03-16,LAZ,13526,5727,7799,1194,70,280,6,215,848,9679,860,9,365,7090,6436,ITI,ITI4,12,Lazio,Lazio,5879082,417382,7.1,0.23
1321,2020-12-30,LAZ,1630,629,1001,1603,0,27,0,0,0,0,0,0,0,1630,0,ITI,ITI4,12,Lazio,Lazio,5879082,419012,7.13,0.03
1322,2021-01-17,LAZ,4766,1947,2819,3243,148,177,0,54,77,896,0,0,171,4554,212,ITI,ITI4,12,Lazio,Lazio,5879082,423778,7.21,0.08
1323,2021-04-26,LAZ,28327,13057,15270,897,82,333,56,7253,11142,5445,2556,409,154,19263,9064,ITI,ITI4,12,Lazio,Lazio,5879082,452105,7.69,0.48
1324,2021-04-09,LAZ,26906,12070,14836,841,148,162,70,4166,8845,8576,2842,155,1101,18722,8184,ITI,ITI4,12,Lazio,Lazio,5879082,479011,8.15,0.46
1325,2021-04-02,LAZ,27989,13065,14924,1166,114,166,197,3261,9004,9373,3353,291,1064,20694,7295,ITI,ITI4,12,Lazio,Lazio,5879082,507000,8.62,0.48
1326,2021-03-20,LAZ,18175,6797,11378,909,148,360,3047,395,2115,9092,1473,214,422,12317,5858,ITI,ITI4,12,Lazio,Lazio,5879082,525175,8.93,0.31
1327,2020-12-29,LAZ,488,176,312,486,2,0,0,0,0,0,0,0,0,488,0,ITI,ITI4,12,Lazio,Lazio,5879082,525663,8.94,0.01
1328,2021-03-28,LAZ,18798,7529,11269,550,22,77,2606,1389,4235,8555,961,139,264,13500,5298,ITI,ITI4,12,Lazio,Lazio,5879082,544461,9.26,0.32
1329,2021-01-09,LAZ,6293,2560,3733,5115,240,620,0,61,41,39,0,0,177,6293,0,ITI,ITI4,12,Lazio,Lazio,5879082,550754,9.37,0.11
1330,2021-01-05,LAZ,7370,2802,4568,6690,98,577,0,1,1,1,0,1,1,7370,0,ITI,ITI4,12,Lazio,Lazio,5879082,558124,9.49,0.13
1331,2021-03-19,LAZ,17068,7289,9779,1131,149,389,1006,396,2071,9690,1482,267,487,10747,6321,ITI,ITI4,12,Lazio,Lazio,5879082,575192,9.78,0.29
1332,2020-12-28,LAZ,959,412,547,957,2,0,0,0,0,0,0,0,0,959,0,ITI,ITI4,12,Lazio,Lazio,5879082,576151,9.8,0.02
1333,2021-02-07,LAZ,4866,1967,2899,3252,139,218,1,84,92,893,0,0,187,385,4481,ITI,ITI4,12,Lazio,Lazio,5879082,581017,9.88,0.08
1334,2021-02-08,LAZ,9575,4031,5544,3789,430,918,0,133,98,3826,0,0,381,4499,5076,ITI,ITI4,12,Lazio,Lazio,5879082,590592,10.05,0.16
1335,2021-03-29,LAZ,23786,10685,13101,763,92,143,803,1547,7476,9756,2405,368,433,16826,6960,ITI,ITI4,12,Lazio,Lazio,5879082,614378,10.45,0.4
1336,2021-02-27,LAZ,11397,4255,7142,1360,403,515,2703,83,103,4899,12,1120,199,10443,954,ITI,ITI4,12,Lazio,Lazio,5879082,625775,10.64,0.19
1337,2021-01-22,LAZ,3855,1549,2306,3380,76,70,0,51,21,165,0,0,92,340,3515,ITI,ITI4,12,Lazio,Lazio,5879082,629630,10.71,0.07
1338,2021-03-05,LAZ,18674,7885,10789,1787,180,256,3970,1078,188,8584,562,1323,746,13945,4729,ITI,ITI4,12,Lazio,Lazio,5879082,648304,11.03,0.32
1339,2021-04-18,LAZ,23594,10474,13120,446,23,37,26,6110,7878,7033,1857,11,173,15987,7607,ITI,ITI4,12,Lazio,Lazio,5879082,671898,11.43,0.4
1340,2021-03-21,LAZ,17812,6818,10994,1148,33,111,3436,115,3156,8258,1233,118,204,12782,5030,ITI,ITI4,12,Lazio,Lazio,5879082,689710,11.73,0.3
1341,2021-02-04,LAZ,6205,2402,3803,4460,358,892,0,105,68,119,0,0,203,974,5231,ITI,ITI4,12,Lazio,Lazio,5879082,695915,11.84,0.11
1342,2021-04-06,LAZ,23646,10569,13077,1118,88,94,167,2627,8553,8083,1888,234,794,16605,7041,ITI,ITI4,12,Lazio,Lazio,5879082,719561,12.24,0.4
1343,2021-03-10,LAZ,21921,9440,12481,1890,177,452,4617,2210,546,9061,913,1179,876,16282,5639,ITI,ITI4,12,Lazio,Lazio,5879082,741482,12.61,0.37
1344,2021-04-24,LAZ,32463,14570,17893,696,95,152,93,8454,10942,7085,3861,547,538,20202,12261,ITI,ITI4,12,Lazio,Lazio,5879082,773945,13.16,0.55
1345,2021-02-18,LAZ,9871,4904,4967,2162,111,473,1,160,60,4980,0,1665,259,9185,686,ITI,ITI4,12,Lazio,Lazio,5879082,783816,13.33,0.17
1346,2021-02-19,LAZ,9878,4990,4888,2170,105,408,34,93,93,5132,0,1636,207,9201,677,ITI,ITI4,12,Lazio,Lazio,5879082,793694,13.5,0.17
1347,2021-04-17,LAZ,31979,14037,17942,827,101,218,54,7120,9267,9262,4339,10,781,20138,11841,ITI,ITI4,12,Lazio,Lazio,5879082,825673,14.04,0.54
1348,2021-02-14,LAZ,5688,2326,3362,1645,38,127,0,73,121,3498,0,0,186,5293,395,ITI,ITI4,12,Lazio,Lazio,5879082,831361,14.14,0.1
1349,2021-01-14,LAZ,5368,2062,3306,3887,306,811,0,63,37,105,0,0,159,5368,0,ITI,ITI4,12,Lazio,Lazio,5879082,836729,14.23,0.09
1350,2021-01-02,LAZ,6705,2630,4075,6269,77,358,0,0,0,0,0,0,1,6705,0,ITI,ITI4,12,Lazio,Lazio,5879082,843434,14.35,0.11
1351,2021-03-09,LAZ,20837,8927,11910,1904,113,338,4617,1505,333,9103,1060,1230,634,15642,5195,ITI,ITI4,12,Lazio,Lazio,5879082,864271,14.7,0.35
1352,2021-03-04,LAZ,18412,7851,10561,2013,216,507,3905,924,132,8281,429,1315,690,13397,5015,ITI,ITI4,12,Lazio,Lazio,5879082,882683,15.01,0.31
1353,2021-01-04,LAZ,7479,2908,4571,7076,86,316,1,0,0,0,0,0,0,7479,0,ITI,ITI4,12,Lazio,Lazio,5879082,890162,15.14,0.13
1354,2021-02-01,LAZ,5671,2174,3497,4784,193,559,0,17,27,30,1,0,60,354,5317,ITI,ITI4,12,Lazio,Lazio,5879082,895833,15.24,0.1
1355,2021-03-11,LAZ,23706,10540,13166,1993,133,440,4437,2759,734,9465,1072,1892,781,17479,6227,ITI,ITI4,12,Lazio,Lazio,5879082,919539,15.64,0.4
1356,2021-04-23,LAZ,36428,17500,18928,762,153,176,87,8024,11960,7609,5483,668,1506,21824,14604,ITI,ITI4,12,Lazio,Lazio,5879082,955967,16.26,0.62
1357,2021-01-07,LAZ,7743,2901,4842,6898,182,566,0,16,10,9,0,0,62,7743,0,ITI,ITI4,12,Lazio,Lazio,5879082,963710,16.39,0.13
1358,2021-02-20,LAZ,9000,4172,4828,1942,123,298,22,109,113,4854,0,1310,229,8412,588,ITI,ITI4,12,Lazio,Lazio,5879082,972710,16.55,0.15
1359,2021-04-05,LAZ,19714,8968,10746,502,36,29,63,1809,8148,7573,1250,20,284,13557,6157,ITI,ITI4,12,Lazio,Lazio,5879082,992424,16.88,0.34
1360,2021-01-03,LAZ,5250,1972,3278,5125,50,65,0,1,4,1,0,0,4,5250,0,ITI,ITI4,12,Lazio,Lazio,5879082,997674,16.97,0.09
1361,2021-02-06,LAZ,5294,2160,3134,3279,217,680,0,140,151,606,0,0,221,809,4485,ITI,ITI4,12,Lazio,Lazio,5879082,1002968,17.06,0.09
1362,2021-04-16,LAZ,33752,15418,18334,693,140,335,85,6750,10371,9523,4899,53,903,21863,11889,ITI,ITI4,12,Lazio,Lazio,5879082,1036720,17.63,0.57
1363,2021-02-05,LAZ,7148,2873,4275,5095,380,995,0,118,93,252,0,0,215,1164,5984,ITI,ITI4,12,Lazio,Lazio,5879082,1043868,17.76,0.12
1364,2021-03-13,LAZ,21364,8388,12976,1376,120,330,3739,3180,1277,9182,722,856,582,15470,5894,ITI,ITI4,12,Lazio,Lazio,5879082,1065232,18.12,0.36
1365,2021-02-03,LAZ,6392,2416,3976,4621,342,1078,0,62,38,83,0,0,168,936,5456,ITI,ITI4,12,Lazio,Lazio,5879082,1071624,18.23,0.11
1366,2021-03-24,LAZ,25717,11202,14515,1026,103,107,3605,1730,6506,9653,1812,280,895,19546,6171,ITI,ITI4,12,Lazio,Lazio,5879082,1097341,18.67,0.44
1367,2021-03-23,LAZ,23269,10075,13194,1036,101,181,3857,1054,4926,9317,1410,640,747,16865,6404,ITI,ITI4,12,Lazio,Lazio,5879082,1120610,19.06,0.4
1368,2021-01-19,LAZ,4622,1847,2775,2968,223,424,0,115,118,454,0,0,320,4168,454,ITI,ITI4,12,Lazio,Lazio,5879082,1125232,19.14,0.08
1369,2021-01-18,LAZ,6076,2430,3646,3906,388,725,0,113,74,512,0,0,358,5098,978,ITI,ITI4,12,Lazio,Lazio,5879082,1131308,19.24,0.1
1370,2021-03-30,LAZ,25046,11474,13572,1233,96,249,294,2420,7822,9594,2308,378,652,17937,7109,ITI,ITI4,12,Lazio,Lazio,5879082,1156354,19.67,0.43
1371,2021-04-15,LAZ,31304,14043,17261,690,118,333,85,5365,10292,9569,4033,45,774,20628,10676,ITI,ITI4,12,Lazio,Lazio,5879082,1187658,20.2,0.53
1372,2021-03-25,LAZ,26575,11342,15233,928,95,318,3491,2206,6663,9875,1942,233,824,20135,6440,ITI,ITI4,12,Lazio,Lazio,5879082,1214233,20.65,0.45
1373,2021-03-27,LAZ,25838,10307,15531,1307,127,290,3463,2065,5470,9647,2254,204,1011,19475,6363,ITI,ITI4,12,Lazio,Lazio,5879082,1240071,21.09,0.44
1374,2021-01-29,LAZ,7775,2963,4812,6374,262,704,0,88,46,130,0,0,171,656,7119,ITI,ITI4,12,Lazio,Lazio,5879082,1247846,21.23,0.13
1375,2021-02-11,LAZ,6832,2897,3935,2197,179,500,0,76,37,3674,0,0,169,6464,368,ITI,ITI4,12,Lazio,Lazio,5879082,1254678,21.34,0.12
1376,2021-02-28,LAZ,10228,3996,6232,1601,265,77,2599,88,45,4673,5,682,193,9714,514,ITI,ITI4,12,Lazio,Lazio,5879082,1264906,21.52,0.17
1377,2021-01-01,LAZ,3554,1382,2172,3483,2,68,0,0,0,0,0,0,1,3554,0,ITI,ITI4,12,Lazio,Lazio,5879082,1268460,21.58,0.06
1378,2021-03-26,LAZ,27990,12136,15854,1016,119,330,3271,1983,6711,10248,2564,309,1439,21253,6737,ITI,ITI4,12,Lazio,Lazio,5879082,1296450,22.05,0.48
1379,2021-03-12,LAZ,22713,10041,12672,2004,188,400,3948,2388,1171,9637,916,1191,870,16401,6312,ITI,ITI4,12,Lazio,Lazio,5879082,1319163,22.44,0.39
1380,2021-01-23,LAZ,7086,2799,4287,6064,255,417,0,40,47,170,0,0,93,457,6629,ITI,ITI4,12,Lazio,Lazio,5879082,1326249,22.56,0.12
1381,2021-04-04,LAZ,17406,8013,9393,307,40,11,42,1815,7360,6764,877,17,173,12169,5237,ITI,ITI4,12,Lazio,Lazio,5879082,1343655,22.85,0.3
1382,2021-01-12,LAZ,5391,1974,3417,4343,344,584,0,21,11,10,0,0,78,5391,0,ITI,ITI4,12,Lazio,Lazio,5879082,1349046,22.95,0.09
1383,2021-01-16,LAZ,5544,2208,3336,3358,246,1064,0,73,86,545,0,0,172,5544,0,ITI,ITI4,12,Lazio,Lazio,5879082,1354590,23.04,0.09
1384,2021-01-15,LAZ,6450,2617,3833,4498,423,988,0,94,65,194,0,0,188,6450,0,ITI,ITI4,12,Lazio,Lazio,5879082,1361040,23.15,0.11
1385,2021-01-21,LAZ,5436,2232,3204,4781,92,232,0,56,15,167,0,0,93,384,5052,ITI,ITI4,12,Lazio,Lazio,5879082,1366476,23.24,0.09
1386,2021-02-02,LAZ,5846,2177,3669,4712,368,571,0,55,36,33,0,0,71,575,5271,ITI,ITI4,12,Lazio,Lazio,5879082,1372322,23.34,0.1
1387,2021-02-21,LAZ,6894,3138,3756,1245,65,51,16,87,93,4579,0,607,151,6521,373,ITI,ITI4,12,Lazio,Lazio,5879082,1379216,23.46,0.12
1388,2021-04-01,LAZ,27936,12799,15137,1127,111,284,256,2972,8978,9692,3267,339,910,20821,7115,ITI,ITI4,12,Lazio,Lazio,5879082,1407152,23.93,0.48
1389,2020-12-27,LAZ,272,131,141,272,0,0,0,0,0,0,0,0,0,272,0,ITI,ITI4,12,Lazio,Lazio,5879082,1407424,23.94,0.0
1390,2021-02-15,LAZ,7929,3501,4428,2447,377,379,0,84,82,4288,0,8,264,7435,494,ITI,ITI4,12,Lazio,Lazio,5879082,1415353,24.07,0.13
1391,2021-04-03,LAZ,24254,10843,13411,842,72,111,214,3079,8223,8564,2197,44,908,17584,6670,ITI,ITI4,12,Lazio,Lazio,5879082,1439607,24.49,0.41
1392,2021-02-26,LAZ,12995,5659,7336,1909,542,352,2740,117,94,5258,4,1385,594,11693,1302,ITI,ITI4,12,Lazio,Lazio,5879082,1452602,24.71,0.22
1393,2021-02-17,LAZ,9047,4521,4526,2282,244,499,1,117,62,4275,0,1345,222,8288,759,ITI,ITI4,12,Lazio,Lazio,5879082,1461649,24.86,0.15
1394,2021-02-12,LAZ,6690,2757,3933,1995,183,302,0,82,41,3833,0,0,254,6426,264,ITI,ITI4,12,Lazio,Lazio,5879082,1468339,24.98,0.11
1395,2021-04-21,LAZ,32381,14719,17662,688,120,135,69,7553,10730,8143,4378,47,518,20233,12148,ITI,ITI4,12,Lazio,Lazio,5879082,1500720,25.53,0.55
1396,2021-01-25,LAZ,7968,3163,4805,7006,218,363,0,61,64,139,0,0,117,628,7340,ITI,ITI4,12,Lazio,Lazio,5879082,1508688,25.66,0.14
1397,2021-03-06,LAZ,18137,6970,11167,1508,119,327,3773,2223,143,8025,583,932,504,13883,4254,ITI,ITI4,12,Lazio,Lazio,5879082,1526825,25.97,0.31
1398,2021-04-11,LAZ,18946,8381,10565,387,30,50,31,3778,6111,6458,2001,14,86,13069,5877,ITI,ITI4,12,Lazio,Lazio,5879082,1545771,26.29,0.32
1399,2021-04-12,LAZ,23318,10477,12841,628,76,101,72,4119,7610,7696,2583,107,326,16461,6857,ITI,ITI4,12,Lazio,Lazio,5879082,1569089,26.69,0.4
1400,2021-03-17,LAZ,13680,5837,7843,1045,96,255,14,288,936,9698,965,7,376,7444,6236,ITI,ITI4,12,Lazio,Lazio,5879082,1582769,26.92,0.23
1401,2021-03-14,LAZ,17054,6598,10456,1162,96,81,3446,452,1099,8439,543,565,1171,11900,5154,ITI,ITI4,12,Lazio,Lazio,5879082,1599823,27.21,0.29
1402,2021-03-01,LAZ,16866,7219,9647,1325,531,385,3579,385,137,8175,390,1406,553,12997,3869,ITI,ITI4,12,Lazio,Lazio,5879082,1616689,27.5,0.29
1403,2021-02-16,LAZ,8253,3987,4266,2058,125,261,1,133,91,4258,0,951,375,7794,459,ITI,ITI4,12,Lazio,Lazio,5879082,1624942,27.64,0.14
1404,2021-01-08,LAZ,7726,2894,4832,6519,196,798,0,36,32,32,0,0,113,7726,0,ITI,ITI4,12,Lazio,Lazio,5879082,1632668,27.77,0.13
1405,2021-03-03,LAZ,17199,7275,9924,1560,211,379,3937,693,117,8193,259,1249,601,12908,4291,ITI,ITI4,12,Lazio,Lazio,5879082,1649867,28.06,0.29
1406,2021-01-06,LAZ,5119,1960,3159,4619,154,320,1,1,4,8,5,1,6,5119,0,ITI,ITI4,12,Lazio,Lazio,5879082,1654986,28.15,0.09
1407,2021-04-25,LAZ,24144,11089,13055,787,22,10,21,7073,9628,5096,1093,152,262,16374,7770,ITI,ITI4,12,Lazio,Lazio,5879082,1679130,28.56,0.41
1408,2021-02-23,LAZ,11005,4731,6274,1897,119,309,1910,65,55,5217,0,1015,418,10308,697,ITI,ITI4,12,Lazio,Lazio,5879082,1690135,28.75,0.19
1409,2021-03-31,LAZ,25856,11900,13956,1010,96,135,255,2488,8130,9607,2832,369,934,18810,7046,ITI,ITI4,12,Lazio,Lazio,5879082,1715991,29.19,0.44
1410,2021-02-09,LAZ,8650,3659,4991,3258,246,548,0,115,119,4058,0,0,306,4578,4072,ITI,ITI4,12,Lazio,Lazio,5879082,1724641,29.34,0.15
1411,2020-12-31,LAZ,5291,2121,3170,4987,20,279,0,1,0,0,0,0,4,5291,0,ITI,ITI4,12,Lazio,Lazio,5879082,1729932,29.43,0.09
1412,2021-04-22,LAZ,37493,18463,19030,858,112,295,77,7878,11618,8080,5014,475,3086,23498,13995,ITI,ITI4,12,Lazio,Lazio,5879082,1767425,30.06,0.64
1413,2021-01-07,PAB,917,327,590,617,107,0,0,25,16,61,0,0,91,917,0,ITH,ITH1,4,Provincia Autonoma Bolzano / Bozen,P.A. Bolzano,533050,917,0.17,0.17
1414,2021-04-23,PAB,4537,2148,2389,229,109,22,15,1791,718,489,1113,27,24,3246,1291,ITH,ITH1,4,Provincia Autonoma Bolzano / Bozen,P.A. Bolzano,533050,5454,1.02,0.85
1415,2021-01-04,PAB,508,201,307,420,49,4,0,6,6,0,0,0,23,508,0,ITH,ITH1,4,Provincia Autonoma Bolzano / Bozen,P.A. Bolzano,533050,5962,1.12,0.1
1416,2021-02-20,PAB,1502,471,1031,196,53,24,729,5,6,477,0,1,11,1484,18,ITH,ITH1,4,Provincia Autonoma Bolzano / Bozen,P.A. Bolzano,533050,7464,1.4,0.28
1417,2021-03-11,PAB,1681,823,858,89,309,79,335,3,14,371,87,379,15,1143,538,ITH,ITH1,4,Provincia Autonoma Bolzano / Bozen,P.A. Bolzano,533050,9145,1.72,0.32
1418,2021-02-01,PAB,1449,439,1010,772,314,295,1,6,0,2,1,1,57,12,1437,ITH,ITH1,4,Provincia Autonoma Bolzano / Bozen,P.A. Bolzano,533050,10594,1.99,0.27
1419,2021-04-05,PAB,301,144,157,5,3,0,1,1,18,63,203,7,0,23,278,ITH,ITH1,4,Provincia Autonoma Bolzano / Bozen,P.A. Bolzano,533050,10895,2.04,0.06
1420,2021-02-05,PAB,3194,1180,2014,761,505,440,0,21,12,1381,0,0,74,8,3186,ITH,ITH1,4,Provincia Autonoma Bolzano / Bozen,P.A. Bolzano,533050,14089,2.64,0.6
1421,2021-04-10,PAB,5389,2664,2725,146,54,3,22,183,3270,552,940,197,22,4801,588,ITH,ITH1,4,Provincia Autonoma Bolzano / Bozen,P.A. Bolzano,533050,19478,3.65,1.01
1422,2021-02-06,PAB,2626,1171,1455,452,43,6,1,28,76,1932,0,0,88,18,2608,ITH,ITH1,4,Provincia Autonoma Bolzano / Bozen,P.A. Bolzano,533050,22104,4.15,0.49
1423,2021-02-26,PAB,1525,550,975,62,32,2,333,4,1,1052,1,0,38,1495,30,ITH,ITH1,4,Provincia Autonoma Bolzano / Bozen,P.A. Bolzano,533050,23629,4.43,0.29
1424,2021-03-06,PAB,3969,2079,1890,479,164,7,381,10,19,1981,48,859,21,3758,211,ITH,ITH1,4,Provincia Autonoma Bolzano / Bozen,P.A. Bolzano,533050,27598,5.18,0.74
1425,2021-01-22,PAB,248,143,105,136,8,85,1,4,0,3,0,0,11,124,124,ITH,ITH1,4,Provincia Autonoma Bolzano / Bozen,P.A. Bolzano,533050,27846,5.22,0.05
1426,2021-04-17,PAB,5230,2598,2632,69,12,36,76,2791,1237,99,734,161,15,5186,44,ITH,ITH1,4,Provincia Autonoma Bolzano / Bozen,P.A. Bolzano,533050,33076,6.21,0.98
1427,2021-02-03,PAB,1503,478,1025,666,341,321,0,12,5,72,1,0,85,5,1498,ITH,ITH1,4,Provincia Autonoma Bolzano / Bozen,P.A. Bolzano,533050,34579,6.49,0.28
1428,2021-04-16,PAB,2949,1418,1531,194,36,5,38,1422,616,115,419,98,6,2438,511,ITH,ITH1,4,Provincia Autonoma Bolzano / Bozen,P.A. Bolzano,533050,37528,7.04,0.55
1429,2021-03-13,PAB,2885,1459,1426,168,59,1,20,11,879,1295,58,381,13,2784,101,ITH,ITH1,4,Provincia Autonoma Bolzano / Bozen,P.A. Bolzano,533050,40413,7.58,0.54
1430,2021-01-19,PAB,853,371,482,174,55,0,0,7,6,578,2,0,31,723,130,ITH,ITH1,4,Provincia Autonoma Bolzano / Bozen,P.A. Bolzano,533050,41266,7.74,0.16
1431,2021-04-03,PAB,831,364,467,9,6,0,0,1,12,799,0,4,0,22,809,ITH,ITH1,4,Provincia Autonoma Bolzano / Bozen,P.A. Bolzano,533050,42097,7.9,0.16
1432,2021-04-22,PAB,2921,1499,1422,66,29,16,88,728,614,165,844,350,21,1979,942,ITH,ITH1,4,Provincia Autonoma Bolzano / Bozen,P.A. Bolzano,533050,45018,8.45,0.55
1433,2021-03-01,PAB,917,220,697,18,2,5,735,18,0,0,0,0,139,917,0,ITH,ITH1,4,Provincia Autonoma Bolzano / Bozen,P.A. Bolzano,533050,45935,8.62,0.17
1434,2021-02-16,PAB,529,205,324,10,1,0,0,0,0,516,2,0,0,529,0,ITH,ITH1,4,Provincia Autonoma Bolzano / Bozen,P.A. Bolzano,533050,46464,8.72,0.1
1435,2021-01-06,PAB,59,18,41,58,1,0,0,0,0,0,0,0,0,59,0,ITH,ITH1,4,Provincia Autonoma Bolzano / Bozen,P.A. Bolzano,533050,46523,8.73,0.01
1436,2021-03-10,PAB,1261,524,737,659,102,0,118,4,7,134,13,133,91,1118,143,ITH,ITH1,4,Provincia Autonoma Bolzano / Bozen,P.A. Bolzano,533050,47784,8.96,0.24
1437,2021-01-02,PAB,91,48,43,69,1,0,0,5,1,0,0,0,15,91,0,ITH,ITH1,4,Provincia Autonoma Bolzano / Bozen,P.A. Bolzano,533050,47875,8.98,0.02
1438,2020-12-30,PAB,388,182,206,343,41,0,0,0,0,0,0,0,4,388,0,ITH,ITH1,4,Provincia Autonoma Bolzano / Bozen,P.A. Bolzano,533050,48263,9.05,0.07
1439,2021-01-11,PAB,1569,513,1056,586,284,175,0,54,41,161,1,0,267,1569,0,ITH,ITH1,4,Provincia Autonoma Bolzano / Bozen,P.A. Bolzano,533050,49832,9.35,0.29
1440,2021-04-09,PAB,2922,1289,1633,336,111,102,14,46,633,279,1363,13,25,2193,729,ITH,ITH1,4,Provincia Autonoma Bolzano / Bozen,P.A. Bolzano,533050,52754,9.9,0.55
1441,2021-02-08,PAB,2,1,1,0,0,0,0,0,0,1,0,0,1,1,1,ITH,ITH1,4,Provincia Autonoma Bolzano / Bozen,P.A. Bolzano,533050,52756,9.9,0.0
1442,2021-02-02,PAB,1745,506,1239,630,370,605,0,9,10,11,0,0,110,8,1737,ITH,ITH1,4,Provincia Autonoma Bolzano / Bozen,P.A. Bolzano,533050,54501,10.22,0.33
1443,2021-01-14,PAB,1944,575,1369,520,441,313,0,63,42,329,0,0,236,1944,0,ITH,ITH1,4,Provincia Autonoma Bolzano / Bozen,P.A. Bolzano,533050,56445,10.59,0.36
1444,2021-01-15,PAB,3281,1227,2054,607,307,342,0,81,29,1447,0,0,468,3281,0,ITH,ITH1,4,Provincia Autonoma Bolzano / Bozen,P.A. Bolzano,533050,59726,11.2,0.62
1445,2021-01-09,PAB,612,326,286,76,28,75,0,66,19,13,0,0,335,612,0,ITH,ITH1,4,Provincia Autonoma Bolzano / Bozen,P.A. Bolzano,533050,60338,11.32,0.11
1446,2021-03-29,PAB,990,423,567,11,2,0,13,0,157,711,67,26,3,231,759,ITH,ITH1,4,Provincia Autonoma Bolzano / Bozen,P.A. Bolzano,533050,61328,11.51,0.19
1447,2021-03-15,PAB,848,295,553,294,97,13,4,16,216,66,65,4,73,366,482,ITH,ITH1,4,Provincia Autonoma Bolzano / Bozen,P.A. Bolzano,533050,62176,11.66,0.16
1448,2021-03-19,PAB,1903,772,1131,158,58,15,14,9,138,1182,311,0,18,797,1106,ITH,ITH1,4,Provincia Autonoma Bolzano / Bozen,P.A. Bolzano,533050,64079,12.02,0.36
1449,2021-04-24,PAB,5099,2448,2651,294,197,2,7,2725,761,178,863,54,18,4615,484,ITH,ITH1,4,Provincia Autonoma Bolzano / Bozen,P.A. Bolzano,533050,69178,12.98,0.96
1450,2021-03-05,PAB,1838,624,1214,337,98,59,240,8,2,896,125,9,64,1396,442,ITH,ITH1,4,Provincia Autonoma Bolzano / Bozen,P.A. Bolzano,533050,71016,13.32,0.34
1451,2021-04-18,PAB,3110,1607,1503,28,14,2,27,1916,524,134,188,273,4,2100,1010,ITH,ITH1,4,Provincia Autonoma Bolzano / Bozen,P.A. Bolzano,533050,74126,13.91,0.58
1452,2021-03-21,PAB,768,285,483,165,17,1,3,3,9,568,0,0,2,14,754,ITH,ITH1,4,Provincia Autonoma Bolzano / Bozen,P.A. Bolzano,533050,74894,14.05,0.14
1453,2021-01-13,PAB,1691,557,1134,446,310,270,0,66,30,175,0,0,394,1691,0,ITH,ITH1,4,Provincia Autonoma Bolzano / Bozen,P.A. Bolzano,533050,76585,14.37,0.32
1454,2021-03-30,PAB,1298,532,766,51,7,153,27,0,121,924,1,11,3,218,1080,ITH,ITH1,4,Provincia Autonoma Bolzano / Bozen,P.A. Bolzano,533050,77883,14.61,0.24
1455,2021-01-18,PAB,1771,687,1084,390,102,8,0,32,56,1019,0,0,164,1766,5,ITH,ITH1,4,Provincia Autonoma Bolzano / Bozen,P.A. Bolzano,533050,79654,14.94,0.33
1456,2021-03-27,PAB,3047,1552,1495,322,36,0,46,31,481,1440,360,305,26,1541,1506,ITH,ITH1,4,Provincia Autonoma Bolzano / Bozen,P.A. Bolzano,533050,82701,15.51,0.57
1457,2021-03-07,PAB,114,13,101,59,50,0,1,0,0,3,0,0,1,9,105,ITH,ITH1,4,Provincia Autonoma Bolzano / Bozen,P.A. Bolzano,533050,82815,15.54,0.02
1458,2021-04-14,PAB,3588,1643,1945,417,139,20,30,1094,829,124,845,80,10,3496,92,ITH,ITH1,4,Provincia Autonoma Bolzano / Bozen,P.A. Bolzano,533050,86403,16.21,0.67
1459,2021-04-02,PAB,2077,837,1240,189,66,60,17,5,253,935,532,11,9,720,1357,ITH,ITH1,4,Provincia Autonoma Bolzano / Bozen,P.A. Bolzano,533050,88480,16.6,0.39
1460,2021-04-12,PAB,2101,943,1158,33,11,1,2,159,1651,93,142,3,6,2095,6,ITH,ITH1,4,Provincia Autonoma Bolzano / Bozen,P.A. Bolzano,533050,90581,16.99,0.39
1461,2021-03-20,PAB,1757,848,909,115,48,9,1,7,265,967,238,99,8,1132,625,ITH,ITH1,4,Provincia Autonoma Bolzano / Bozen,P.A. Bolzano,533050,92338,17.32,0.33
1462,2021-04-26,PAB,1539,769,770,24,36,0,56,917,285,31,101,85,4,1534,5,ITH,ITH1,4,Provincia Autonoma Bolzano / Bozen,P.A. Bolzano,533050,93877,17.61,0.29
1463,2021-02-12,PAB,730,217,513,322,71,106,0,10,6,141,0,2,72,482,248,ITH,ITH1,4,Provincia Autonoma Bolzano / Bozen,P.A. Bolzano,533050,94607,17.75,0.14
1464,2021-02-22,PAB,526,143,383,342,68,0,10,15,4,5,0,1,81,514,12,ITH,ITH1,4,Provincia Autonoma Bolzano / Bozen,P.A. Bolzano,533050,95133,17.85,0.1
1465,2021-03-04,PAB,1703,998,705,301,80,39,262,11,5,171,75,710,49,1474,229,ITH,ITH1,4,Provincia Autonoma Bolzano / Bozen,P.A. Bolzano,533050,96836,18.17,0.32
1466,2021-02-13,PAB,318,79,239,126,57,7,0,0,0,126,0,0,2,312,6,ITH,ITH1,4,Provincia Autonoma Bolzano / Bozen,P.A. Bolzano,533050,97154,18.23,0.06
1467,2021-02-24,PAB,1365,405,960,10,3,0,1344,0,0,0,0,8,0,1353,12,ITH,ITH1,4,Provincia Autonoma Bolzano / Bozen,P.A. Bolzano,533050,98519,18.48,0.26
1468,2021-03-09,PAB,1194,543,651,29,81,22,47,0,1,930,0,80,4,1192,2,ITH,ITH1,4,Provincia Autonoma Bolzano / Bozen,P.A. Bolzano,533050,99713,18.71,0.22
1469,2021-01-27,PAB,84,28,56,54,26,0,0,1,0,0,0,0,3,1,83,ITH,ITH1,4,Provincia Autonoma Bolzano / Bozen,P.A. Bolzano,533050,99797,18.72,0.02
1470,2021-03-31,PAB,1831,693,1138,419,304,22,16,15,160,430,425,20,20,819,1012,ITH,ITH1,4,Provincia Autonoma Bolzano / Bozen,P.A. Bolzano,533050,101628,19.07,0.34
1471,2021-03-08,PAB,1200,526,674,23,10,166,3,25,41,755,159,0,18,1173,27,ITH,ITH1,4,Provincia Autonoma Bolzano / Bozen,P.A. Bolzano,533050,102828,19.29,0.23
1472,2021-01-10,PAB,2,2,0,1,0,0,0,0,0,0,0,0,1,2,0,ITH,ITH1,4,Provincia Autonoma Bolzano / Bozen,P.A. Bolzano,533050,102830,19.29,0.0
1473,2021-04-08,PAB,2751,1336,1415,47,34,121,2,17,2009,83,310,91,37,2549,202,ITH,ITH1,4,Provincia Autonoma Bolzano / Bozen,P.A. Bolzano,533050,105581,19.81,0.52
1474,2021-03-02,PAB,689,197,492,6,0,0,676,0,0,0,0,7,0,689,0,ITH,ITH1,4,Provincia Autonoma Bolzano / Bozen,P.A. Bolzano,533050,106270,19.94,0.13
1475,2021-01-20,PAB,617,252,365,287,51,0,0,6,3,257,0,0,13,409,208,ITH,ITH1,4,Provincia Autonoma Bolzano / Bozen,P.A. Bolzano,533050,106887,20.05,0.12
1476,2021-01-23,PAB,197,117,80,191,0,0,0,2,0,0,0,0,4,0,197,ITH,ITH1,4,Provincia Autonoma Bolzano / Bozen,P.A. Bolzano,533050,107084,20.09,0.04
1477,2021-04-06,PAB,2042,1024,1018,107,46,130,3,10,826,83,805,16,16,1940,102,ITH,ITH1,4,Provincia Autonoma Bolzano / Bozen,P.A. Bolzano,533050,109126,20.47,0.38
1478,2021-01-17,PAB,2328,1044,1284,56,38,37,0,57,46,1989,0,0,105,2317,11,ITH,ITH1,4,Provincia Autonoma Bolzano / Bozen,P.A. Bolzano,533050,111454,20.91,0.44
1479,2021-02-04,PAB,1957,593,1364,650,507,458,0,23,25,233,0,0,61,8,1949,ITH,ITH1,4,Provincia Autonoma Bolzano / Bozen,P.A. Bolzano,533050,113411,21.28,0.37
1480,2021-04-11,PAB,2719,1291,1428,46,17,3,63,350,1671,84,222,258,5,2541,178,ITH,ITH1,4,Provincia Autonoma Bolzano / Bozen,P.A. Bolzano,533050,116130,21.79,0.51
1481,2021-01-28,PAB,869,307,562,584,187,69,0,8,0,0,0,2,19,10,859,ITH,ITH1,4,Provincia Autonoma Bolzano / Bozen,P.A. Bolzano,533050,116999,21.95,0.16
1482,2021-03-22,PAB,1133,514,619,2,0,0,0,6,900,192,13,15,5,1129,4,ITH,ITH1,4,Provincia Autonoma Bolzano / Bozen,P.A. Bolzano,533050,118132,22.16,0.21
1483,2021-02-27,PAB,2457,759,1698,202,87,8,1233,8,13,885,0,3,18,2447,10,ITH,ITH1,4,Provincia Autonoma Bolzano / Bozen,P.A. Bolzano,533050,120589,22.62,0.46
1484,2021-01-25,PAB,487,183,304,401,68,0,1,4,0,1,0,2,10,3,484,ITH,ITH1,4,Provincia Autonoma Bolzano / Bozen,P.A. Bolzano,533050,121076,22.71,0.09
1485,2021-04-07,PAB,1777,802,975,128,81,57,2,6,908,459,26,100,10,1238,539,ITH,ITH1,4,Provincia Autonoma Bolzano / Bozen,P.A. Bolzano,533050,122853,23.05,0.33
1486,2021-02-09,PAB,317,126,191,64,17,2,2,1,0,228,0,0,3,1,316,ITH,ITH1,4,Provincia Autonoma Bolzano / Bozen,P.A. Bolzano,533050,123170,23.11,0.06
1487,2021-03-17,PAB,580,213,367,11,6,46,0,0,16,491,0,0,10,579,1,ITH,ITH1,4,Provincia Autonoma Bolzano / Bozen,P.A. Bolzano,533050,123750,23.22,0.11
1488,2021-04-25,PAB,3067,1495,1572,53,24,0,24,1445,734,156,442,180,9,2396,671,ITH,ITH1,4,Provincia Autonoma Bolzano / Bozen,P.A. Bolzano,533050,126817,23.79,0.58
1489,2021-03-03,PAB,1166,391,775,12,5,6,738,3,0,349,0,51,2,1153,13,ITH,ITH1,4,Provincia Autonoma Bolzano / Bozen,P.A. Bolzano,533050,127983,24.01,0.22
1490,2021-01-08,PAB,1521,479,1042,790,170,168,0,51,29,104,0,0,209,1521,0,ITH,ITH1,4,Provincia Autonoma Bolzano / Bozen,P.A. Bolzano,533050,129504,24.29,0.29
1491,2021-02-19,PAB,1975,450,1525,122,143,84,1511,3,3,86,6,0,17,1964,11,ITH,ITH1,4,Provincia Autonoma Bolzano / Bozen,P.A. Bolzano,533050,131479,24.67,0.37
1492,2021-02-18,PAB,1646,401,1245,23,44,21,1285,1,1,261,0,0,10,1642,4,ITH,ITH1,4,Provincia Autonoma Bolzano / Bozen,P.A. Bolzano,533050,133125,24.97,0.31
1493,2021-02-25,PAB,1498,549,949,22,5,0,405,2,1,1041,0,0,22,1497,1,ITH,ITH1,4,Provincia Autonoma Bolzano / Bozen,P.A. Bolzano,533050,134623,25.26,0.28
1494,2020-12-31,PAB,911,518,393,477,61,0,0,47,9,1,0,0,316,911,0,ITH,ITH1,4,Provincia Autonoma Bolzano / Bozen,P.A. Bolzano,533050,135534,25.43,0.17
1495,2021-01-03,PAB,41,16,25,33,5,0,0,0,0,1,0,0,2,41,0,ITH,ITH1,4,Provincia Autonoma Bolzano / Bozen,P.A. Bolzano,533050,135575,25.43,0.01
1496,2021-01-26,PAB,810,291,519,673,129,0,0,3,1,0,0,0,4,1,809,ITH,ITH1,4,Provincia Autonoma Bolzano / Bozen,P.A. Bolzano,533050,136385,25.59,0.15
1497,2021-03-26,PAB,1631,716,915,20,14,68,1,9,132,917,423,0,47,509,1122,ITH,ITH1,4,Provincia Autonoma Bolzano / Bozen,P.A. Bolzano,533050,138016,25.89,0.31
1498,2021-03-16,PAB,776,308,468,26,31,48,0,4,14,645,5,2,1,123,653,ITH,ITH1,4,Provincia Autonoma Bolzano / Bozen,P.A. Bolzano,533050,138792,26.04,0.15
1499,2021-04-01,PAB,2786,1407,1379,238,104,44,65,22,513,607,729,446,18,2642,144,ITH,ITH1,4,Provincia Autonoma Bolzano / Bozen,P.A. Bolzano,533050,141578,26.56,0.52
1500,2021-04-13,PAB,2391,1130,1261,23,4,1,6,1246,932,30,93,55,1,2383,8,ITH,ITH1,4,Provincia Autonoma Bolzano / Bozen,P.A. Bolzano,533050,143969,27.01,0.45
1501,2021-01-16,PAB,2840,1265,1575,435,93,77,1,54,98,1976,0,0,106,2840,0,ITH,ITH1,4,Provincia Autonoma Bolzano / Bozen,P.A. Bolzano,533050,146809,27.54,0.53
1502,2021-02-07,PAB,2361,1057,1304,102,75,68,0,51,44,1951,0,0,70,14,2347,ITH,ITH1,4,Provincia Autonoma Bolzano / Bozen,P.A. Bolzano,533050,149170,27.98,0.44
1503,2021-01-21,PAB,952,442,510,750,88,68,0,1,0,28,0,5,12,139,813,ITH,ITH1,4,Provincia Autonoma Bolzano / Bozen,P.A. Bolzano,533050,150122,28.16,0.18
1504,2021-03-25,PAB,2128,1056,1072,219,72,32,46,22,843,305,294,268,27,1696,432,ITH,ITH1,4,Provincia Autonoma Bolzano / Bozen,P.A. Bolzano,533050,152250,28.56,0.4
1505,2021-03-23,PAB,1552,759,793,0,1,0,34,5,1156,215,58,68,15,1551,1,ITH,ITH1,4,Provincia Autonoma Bolzano / Bozen,P.A. Bolzano,533050,153802,28.85,0.29
1506,2021-03-24,PAB,2040,977,1063,13,16,7,29,6,1361,248,278,61,21,2027,13,ITH,ITH1,4,Provincia Autonoma Bolzano / Bozen,P.A. Bolzano,533050,155842,29.24,0.38
1507,2021-01-05,PAB,830,286,544,734,62,0,0,8,2,0,0,0,24,830,0,ITH,ITH1,4,Provincia Autonoma Bolzano / Bozen,P.A. Bolzano,533050,156672,29.39,0.16
1508,2020-12-27,PAB,144,65,79,139,2,0,0,0,0,1,0,0,2,144,0,ITH,ITH1,4,Provincia Autonoma Bolzano / Bozen,P.A. Bolzano,533050,156816,29.42,0.03
1509,2021-03-14,PAB,758,336,422,130,11,33,0,3,7,562,1,2,9,25,733,ITH,ITH1,4,Provincia Autonoma Bolzano / Bozen,P.A. Bolzano,533050,157574,29.56,0.14
1510,2021-01-30,PAB,498,245,253,217,46,101,0,29,2,0,0,0,103,4,494,ITH,ITH1,4,Provincia Autonoma Bolzano / Bozen,P.A. Bolzano,533050,158072,29.65,0.09
1511,2021-04-20,PAB,1557,780,777,10,13,12,8,619,363,46,474,9,3,1556,1,ITH,ITH1,4,Provincia Autonoma Bolzano / Bozen,P.A. Bolzano,533050,159629,29.95,0.29
1512,2021-01-24,PAB,12,10,2,1,0,0,0,2,1,0,0,0,8,0,12,ITH,ITH1,4,Provincia Autonoma Bolzano / Bozen,P.A. Bolzano,533050,159641,29.95,0.0
1513,2021-04-21,PAB,3008,1467,1541,112,12,2,11,1728,491,88,538,17,9,2162,846,ITH,ITH1,4,Provincia Autonoma Bolzano / Bozen,P.A. Bolzano,533050,162649,30.51,0.56
1514,2021-02-17,PAB,4,1,3,1,0,0,0,0,0,2,1,0,0,2,2,ITH,ITH1,4,Provincia Autonoma Bolzano / Bozen,P.A. Bolzano,533050,162653,30.51,0.0
1515,2021-02-23,PAB,768,323,445,0,0,0,85,2,1,672,0,0,8,762,6,ITH,ITH1,4,Provincia Autonoma Bolzano / Bozen,P.A. Bolzano,533050,163421,30.66,0.14
1516,2021-04-19,PAB,1869,857,1012,44,22,1,11,1039,300,166,269,8,9,1687,182,ITH,ITH1,4,Provincia Autonoma Bolzano / Bozen,P.A. Bolzano,533050,165290,31.01,0.35
1517,2021-04-15,PAB,4394,2305,2089,119,48,38,118,1385,735,174,1260,493,24,4131,263,ITH,ITH1,4,Provincia Autonoma Bolzano / Bozen,P.A. Bolzano,533050,169684,31.83,0.82
1518,2021-03-28,PAB,569,212,357,45,38,0,2,6,5,470,2,0,1,11,558,ITH,ITH1,4,Provincia Autonoma Bolzano / Bozen,P.A. Bolzano,533050,170253,31.94,0.11
1519,2021-01-12,PAB,1709,459,1250,369,228,479,0,54,43,134,0,0,402,1709,0,ITH,ITH1,4,Provincia Autonoma Bolzano / Bozen,P.A. Bolzano,533050,171962,32.26,0.32
1520,2021-02-11,PAB,1091,431,660,213,92,105,0,4,2,589,56,0,30,239,852,ITH,ITH1,4,Provincia Autonoma Bolzano / Bozen,P.A. Bolzano,533050,173053,32.46,0.2
1521,2021-02-10,PAB,1635,604,1031,489,166,1,0,18,5,872,0,1,83,26,1609,ITH,ITH1,4,Provincia Autonoma Bolzano / Bozen,P.A. Bolzano,533050,174688,32.77,0.31
1522,2021-01-01,PAB,6,5,1,6,0,0,0,0,0,0,0,0,0,6,0,ITH,ITH1,4,Provincia Autonoma Bolzano / Bozen,P.A. Bolzano,533050,174694,32.77,0.0
1523,2021-01-29,PAB,1497,510,987,882,282,295,4,7,1,4,0,0,22,24,1473,ITH,ITH1,4,Provincia Autonoma Bolzano / Bozen,P.A. Bolzano,533050,176191,33.05,0.28
1524,2021-03-18,PAB,1302,531,771,50,16,51,0,10,14,1056,70,0,35,226,1076,ITH,ITH1,4,Provincia Autonoma Bolzano / Bozen,P.A. Bolzano,533050,177493,33.3,0.24
1525,2021-03-12,PAB,1664,734,930,150,173,82,101,9,268,524,134,204,19,1251,413,ITH,ITH1,4,Provincia Autonoma Bolzano / Bozen,P.A. Bolzano,533050,179157,33.61,0.31
1526,2021-02-15,PAB,72,42,30,17,2,40,0,0,1,7,0,0,5,26,46,ITH,ITH1,4,Provincia Autonoma Bolzano / Bozen,P.A. Bolzano,533050,179229,33.62,0.01
1527,2021-03-29,VEN,31285,13519,17766,634,428,478,444,991,5773,17004,3642,816,1075,27427,3858,ITH,ITH3,5,Veneto,Veneto,4905854,31285,0.64,0.64
1528,2021-01-02,VEN,5742,1765,3977,4801,233,544,3,24,2,3,0,0,132,5742,0,ITH,ITH3,5,Veneto,Veneto,4905854,37027,0.75,0.12
1529,2021-03-15,VEN,16534,7200,9334,1389,772,372,1969,145,599,9248,1056,651,333,11318,5216,ITH,ITH3,5,Veneto,Veneto,4905854,53561,1.09,0.34
1530,2021-03-09,VEN,16455,7377,9078,1310,348,749,2948,108,60,8546,666,1116,604,10144,6311,ITH,ITH3,5,Veneto,Veneto,4905854,70016,1.43,0.34
1531,2021-04-20,VEN,21922,9327,12595,530,121,492,155,826,4548,9629,5157,31,433,8039,13883,ITH,ITH3,5,Veneto,Veneto,4905854,91938,1.87,0.45
1532,2021-02-05,VEN,8369,2535,5834,4309,1465,2165,14,66,20,8,1,6,315,1424,6945,ITH,ITH3,5,Veneto,Veneto,4905854,100307,2.04,0.17
1533,2021-04-23,VEN,29772,13293,16479,583,293,243,116,986,13096,6638,7043,37,737,21208,8564,ITH,ITH3,5,Veneto,Veneto,4905854,130079,2.65,0.61
1534,2021-01-07,VEN,8360,2318,6042,5473,858,1804,2,41,18,35,0,0,129,8360,0,ITH,ITH3,5,Veneto,Veneto,4905854,138439,2.82,0.17
1535,2021-03-18,VEN,12597,5132,7465,1685,482,495,855,105,140,7505,1041,36,253,7370,5227,ITH,ITH3,5,Veneto,Veneto,4905854,151036,3.08,0.26
1536,2021-02-26,VEN,8288,3266,5022,1804,544,746,315,64,30,4380,145,91,169,7036,1252,ITH,ITH3,5,Veneto,Veneto,4905854,159324,3.25,0.17
1537,2021-01-13,VEN,5986,1607,4379,2795,1123,1888,2,21,6,3,0,1,147,5986,0,ITH,ITH3,5,Veneto,Veneto,4905854,165310,3.37,0.12
1538,2021-03-21,VEN,11982,4754,7228,1600,1131,42,2533,130,201,4244,1639,180,282,8522,3460,ITH,ITH3,5,Veneto,Veneto,4905854,177292,3.61,0.24
1539,2021-03-11,VEN,19588,8673,10915,1815,958,888,3688,191,72,9321,727,1185,743,14005,5583,ITH,ITH3,5,Veneto,Veneto,4905854,196880,4.01,0.4
1540,2021-02-23,VEN,7364,3243,4121,1020,205,245,183,48,21,5343,49,69,181,7104,260,ITH,ITH3,5,Veneto,Veneto,4905854,204244,4.16,0.15
1541,2021-03-01,VEN,9387,3711,5676,2068,421,954,2519,106,21,2608,164,272,254,7565,1822,ITH,ITH3,5,Veneto,Veneto,4905854,213631,4.35,0.19
1542,2021-02-16,VEN,6631,2868,3763,727,241,478,3,18,14,5020,34,2,94,6453,178,ITH,ITH3,5,Veneto,Veneto,4905854,220262,4.49,0.14
1543,2021-02-17,VEN,6021,2771,3250,424,158,361,4,23,11,4946,25,5,64,5927,94,ITH,ITH3,5,Veneto,Veneto,4905854,226283,4.61,0.12
1544,2021-03-06,VEN,10530,4263,6267,3544,514,1491,1329,63,26,1971,1274,128,190,7325,3205,ITH,ITH3,5,Veneto,Veneto,4905854,236813,4.83,0.21
1545,2021-01-22,VEN,1080,332,748,947,52,57,3,1,0,0,0,0,20,25,1055,ITH,ITH3,5,Veneto,Veneto,4905854,237893,4.85,0.02
1546,2021-04-17,VEN,22166,8984,13182,806,216,129,86,496,3407,10261,6459,16,290,14883,7283,ITH,ITH3,5,Veneto,Veneto,4905854,260059,5.3,0.45
1547,2021-01-29,VEN,9012,2785,6227,6055,1230,1437,6,64,18,4,0,2,196,368,8644,ITH,ITH3,5,Veneto,Veneto,4905854,269071,5.48,0.18
1548,2021-03-03,VEN,11985,4547,7438,3355,661,1236,2342,101,41,3377,144,400,328,8491,3494,ITH,ITH3,5,Veneto,Veneto,4905854,281056,5.73,0.24
1549,2021-03-31,VEN,38293,16031,22262,1867,664,811,413,1252,9229,18498,4042,361,1156,30849,7444,ITH,ITH3,5,Veneto,Veneto,4905854,319349,6.51,0.78
1550,2021-04-22,VEN,30784,13406,17378,656,293,318,110,1021,12633,9027,5852,44,830,15170,15614,ITH,ITH3,5,Veneto,Veneto,4905854,350133,7.14,0.63
1551,2021-02-28,VEN,4136,1389,2747,1741,942,15,15,22,1,992,301,76,31,3299,837,ITH,ITH3,5,Veneto,Veneto,4905854,354269,7.22,0.08
1552,2021-02-04,VEN,7317,2015,5302,3466,1101,2380,6,34,15,20,1,0,294,553,6764,ITH,ITH3,5,Veneto,Veneto,4905854,361586,7.37,0.15
1553,2021-03-10,VEN,18880,8585,10295,1540,791,560,4150,189,86,9048,646,1269,601,13197,5683,ITH,ITH3,5,Veneto,Veneto,4905854,380466,7.76,0.38
1554,2021-01-31,VEN,4766,1561,3205,3720,562,377,4,16,2,5,2,12,66,393,4373,ITH,ITH3,5,Veneto,Veneto,4905854,385232,7.85,0.1
1555,2021-02-09,VEN,5239,1889,3350,3099,642,1265,6,41,10,21,1,1,153,3444,1795,ITH,ITH3,5,Veneto,Veneto,4905854,390471,7.96,0.11
1556,2021-02-21,VEN,4623,1204,3419,495,0,18,3685,0,0,417,0,2,6,4619,4,ITH,ITH3,5,Veneto,Veneto,4905854,395094,8.05,0.09
1557,2021-01-26,VEN,6914,2089,4825,5347,521,976,5,9,3,0,0,1,52,154,6760,ITH,ITH3,5,Veneto,Veneto,4905854,402008,8.19,0.14
1558,2021-03-17,VEN,14609,5971,8638,2245,467,300,700,127,192,8780,1391,26,381,7843,6766,ITH,ITH3,5,Veneto,Veneto,4905854,416617,8.49,0.3
1559,2021-01-09,VEN,7930,2537,5393,5211,974,1573,6,38,4,3,22,12,87,7930,0,ITH,ITH3,5,Veneto,Veneto,4905854,424547,8.65,0.16
1560,2021-04-13,VEN,13850,6246,7604,741,175,299,66,342,2213,5153,4449,26,386,8384,5466,ITH,ITH3,5,Veneto,Veneto,4905854,438397,8.94,0.28
1561,2021-03-14,VEN,15142,5913,9229,3382,1054,100,3660,156,1441,3750,995,256,348,14247,895,ITH,ITH3,5,Veneto,Veneto,4905854,453539,9.24,0.31
1562,2021-02-07,VEN,2314,861,1453,1973,238,50,2,14,3,2,0,7,25,714,1600,ITH,ITH3,5,Veneto,Veneto,4905854,455853,9.29,0.05
1563,2021-01-04,VEN,6736,2034,4702,5257,425,913,6,14,2,1,0,0,118,6736,0,ITH,ITH3,5,Veneto,Veneto,4905854,462589,9.43,0.14
1564,2021-01-18,VEN,2763,777,1986,1224,478,992,1,11,4,8,0,1,44,2564,199,ITH,ITH3,5,Veneto,Veneto,4905854,465352,9.49,0.06
1565,2020-12-30,VEN,699,245,454,598,52,39,2,0,0,0,0,0,8,699,0,ITH,ITH3,5,Veneto,Veneto,4905854,466051,9.5,0.01
1566,2021-02-01,VEN,8524,2494,6030,4234,1538,2105,10,68,25,267,0,0,277,161,8363,ITH,ITH3,5,Veneto,Veneto,4905854,474575,9.67,0.17
1567,2021-01-19,VEN,1308,471,837,726,218,325,0,6,3,7,1,0,22,1159,149,ITH,ITH3,5,Veneto,Veneto,4905854,475883,9.7,0.03
1568,2021-03-12,VEN,18552,8113,10439,2137,1193,755,3510,210,117,8048,847,1009,726,11833,6719,ITH,ITH3,5,Veneto,Veneto,4905854,494435,10.08,0.38
1569,2020-12-31,VEN,3218,1042,2176,2700,94,252,2,23,0,0,0,0,147,3218,0,ITH,ITH3,5,Veneto,Veneto,4905854,497653,10.14,0.07
1570,2021-04-05,VEN,19140,8370,10770,658,392,327,176,340,9870,5521,1702,22,132,13688,5452,ITH,ITH3,5,Veneto,Veneto,4905854,516793,10.53,0.39
1571,2021-01-03,VEN,5159,1563,3596,4601,255,249,2,13,1,0,0,0,38,5159,0,ITH,ITH3,5,Veneto,Veneto,4905854,521952,10.64,0.11
1572,2021-01-21,VEN,2290,719,1571,1986,74,141,3,11,0,0,0,0,75,21,2269,ITH,ITH3,5,Veneto,Veneto,4905854,524242,10.69,0.05
1573,2021-03-30,VEN,35761,15135,20626,820,403,584,477,1531,8618,16810,4632,489,1397,30514,5247,ITH,ITH3,5,Veneto,Veneto,4905854,560003,11.41,0.73
1574,2021-02-03,VEN,5936,1662,4274,2855,1134,1750,6,23,7,3,0,0,158,481,5455,ITH,ITH3,5,Veneto,Veneto,4905854,565939,11.54,0.12
1575,2021-01-30,VEN,8746,2671,6075,6303,1025,1235,9,53,4,4,2,13,98,693,8053,ITH,ITH3,5,Veneto,Veneto,4905854,574685,11.71,0.18
1576,2021-02-13,VEN,3267,1474,1793,1592,198,1438,1,11,2,3,1,1,20,3247,20,ITH,ITH3,5,Veneto,Veneto,4905854,577952,11.78,0.07
1577,2021-02-06,VEN,4093,1353,2740,3097,542,367,4,19,5,3,0,1,55,710,3383,ITH,ITH3,5,Veneto,Veneto,4905854,582045,11.86,0.08
1578,2021-01-24,VEN,4117,1219,2898,3755,94,222,4,5,1,1,1,0,34,28,4089,ITH,ITH3,5,Veneto,Veneto,4905854,586162,11.95,0.08
1579,2021-04-16,VEN,24062,10336,13726,740,301,430,123,536,5778,9976,5633,35,510,12181,11881,ITH,ITH3,5,Veneto,Veneto,4905854,610224,12.44,0.49
1580,2021-03-22,VEN,18086,8130,9956,1414,1146,549,2496,211,2765,6701,1613,782,409,13042,5044,ITH,ITH3,5,Veneto,Veneto,4905854,628310,12.81,0.37
1581,2021-03-23,VEN,22128,10179,11949,1201,1111,677,2867,283,5281,6685,2358,1046,619,17410,4718,ITH,ITH3,5,Veneto,Veneto,4905854,650438,13.26,0.45
1582,2021-03-24,VEN,22016,9501,12515,1215,1048,807,3107,265,1506,10423,2224,970,451,15206,6810,ITH,ITH3,5,Veneto,Veneto,4905854,672454,13.71,0.45
1583,2021-04-10,VEN,27251,11875,15376,588,309,407,115,445,9373,10834,4823,13,344,18776,8475,ITH,ITH3,5,Veneto,Veneto,4905854,699705,14.26,0.56
1584,2021-04-02,VEN,23752,10434,13318,1209,512,379,298,508,7191,9694,3372,151,438,17422,6330,ITH,ITH3,5,Veneto,Veneto,4905854,723457,14.75,0.48
1585,2021-03-04,VEN,12865,4779,8086,3216,844,1422,2833,91,56,3415,318,431,239,9400,3465,ITH,ITH3,5,Veneto,Veneto,4905854,736322,15.01,0.26
1586,2021-04-19,VEN,20808,8592,12216,882,176,286,208,521,2903,11327,4180,18,307,4502,16306,ITH,ITH3,5,Veneto,Veneto,4905854,757130,15.43,0.42
1587,2021-02-22,VEN,6990,3029,3961,756,138,342,243,26,15,5401,40,1,28,6603,387,ITH,ITH3,5,Veneto,Veneto,4905854,764120,15.58,0.14
1588,2021-02-08,VEN,4974,1540,3434,2823,784,1178,4,37,8,12,1,0,127,1930,3044,ITH,ITH3,5,Veneto,Veneto,4905854,769094,15.68,0.1
1589,2021-01-01,VEN,1527,471,1056,1497,7,1,3,0,0,0,0,0,19,1527,0,ITH,ITH3,5,Veneto,Veneto,4905854,770621,15.71,0.03
1590,2021-01-27,VEN,7140,2065,5075,5213,723,879,9,89,23,2,0,0,202,245,6895,ITH,ITH3,5,Veneto,Veneto,4905854,777761,15.85,0.15
1591,2021-01-05,VEN,7332,2184,5148,5420,663,1122,5,23,2,1,0,2,94,7332,0,ITH,ITH3,5,Veneto,Veneto,4905854,785093,16.0,0.15
1592,2021-01-20,VEN,1038,368,670,695,116,213,1,5,1,2,0,0,5,386,652,ITH,ITH3,5,Veneto,Veneto,4905854,786131,16.02,0.02
1593,2021-02-02,VEN,6403,1843,4560,2975,1134,1996,3,25,6,153,6,0,105,390,6013,ITH,ITH3,5,Veneto,Veneto,4905854,792534,16.15,0.13
1594,2021-04-18,VEN,17470,7239,10231,520,155,69,110,380,2302,7377,6307,14,236,9886,7584,ITH,ITH3,5,Veneto,Veneto,4905854,810004,16.51,0.36
1595,2020-12-27,VEN,880,395,485,875,1,0,1,0,1,0,0,0,2,880,0,ITH,ITH3,5,Veneto,Veneto,4905854,810884,16.53,0.02
1596,2021-04-03,VEN,21835,9580,12255,1860,301,150,129,497,6434,8427,3457,31,549,14107,7728,ITH,ITH3,5,Veneto,Veneto,4905854,832719,16.97,0.45
1597,2021-01-28,VEN,9205,2661,6544,6489,1080,1451,5,40,2,7,2,0,129,173,9032,ITH,ITH3,5,Veneto,Veneto,4905854,841924,17.16,0.19
1598,2021-04-21,VEN,31385,12816,18569,984,304,378,119,652,10289,13037,5094,15,513,15537,15848,ITH,ITH3,5,Veneto,Veneto,4905854,873309,17.8,0.64
1599,2021-04-08,VEN,31930,14150,17780,1154,376,580,442,936,11008,10218,6516,110,590,24054,7876,ITH,ITH3,5,Veneto,Veneto,4905854,905239,18.45,0.65
1600,2021-01-10,VEN,5031,1670,3361,3861,565,462,1,10,2,4,0,2,124,5031,0,ITH,ITH3,5,Veneto,Veneto,4905854,910270,18.55,0.1
1601,2021-04-24,VEN,23919,10469,13450,599,260,103,59,601,10023,6924,4798,17,535,14923,8996,ITH,ITH3,5,Veneto,Veneto,4905854,934189,19.04,0.49
1602,2021-02-18,VEN,5792,2444,3348,958,249,667,8,33,14,3798,3,1,61,5728,64,ITH,ITH3,5,Veneto,Veneto,4905854,939981,19.16,0.12
1603,2021-02-27,VEN,8989,2693,6296,2322,180,64,4133,44,14,1964,32,86,150,8138,851,ITH,ITH3,5,Veneto,Veneto,4905854,948970,19.34,0.18
1604,2021-04-04,VEN,7771,3529,4242,23,40,1,13,135,4975,1315,1222,2,45,6621,1150,ITH,ITH3,5,Veneto,Veneto,4905854,956741,19.5,0.16
1605,2021-03-16,VEN,12479,5339,7140,1398,382,485,129,124,113,7720,1767,21,340,6869,5610,ITH,ITH3,5,Veneto,Veneto,4905854,969220,19.76,0.25
1606,2021-02-25,VEN,7896,3339,4557,1548,342,473,297,34,35,4936,21,109,101,7294,602,ITH,ITH3,5,Veneto,Veneto,4905854,977116,19.92,0.16
1607,2021-03-26,VEN,29497,13074,16423,1292,1754,1228,1923,466,8140,9826,3165,986,717,24011,5486,ITH,ITH3,5,Veneto,Veneto,4905854,1006613,20.52,0.6
1608,2021-02-19,VEN,7298,3124,4174,1547,565,665,9,35,15,4367,5,4,86,7095,203,ITH,ITH3,5,Veneto,Veneto,4905854,1013911,20.67,0.15
1609,2021-01-06,VEN,8133,2386,5747,6351,672,808,10,83,24,2,2,2,179,8133,0,ITH,ITH3,5,Veneto,Veneto,4905854,1022044,20.83,0.17
1610,2021-02-14,VEN,125,56,69,97,22,0,0,2,0,0,0,0,4,112,13,ITH,ITH3,5,Veneto,Veneto,4905854,1022169,20.84,0.0
1611,2021-01-08,VEN,9405,2835,6570,5994,1323,1805,12,65,18,4,1,1,182,9405,0,ITH,ITH3,5,Veneto,Veneto,4905854,1031574,21.03,0.19
1612,2021-01-16,VEN,4607,1542,3065,3195,670,657,0,14,6,0,0,1,64,4607,0,ITH,ITH3,5,Veneto,Veneto,4905854,1036181,21.12,0.09
1613,2021-03-20,VEN,12925,5335,7590,710,232,320,2399,152,1613,4728,2094,219,458,10826,2099,ITH,ITH3,5,Veneto,Veneto,4905854,1049106,21.38,0.26
1614,2021-04-01,VEN,24464,10695,13769,1026,604,585,159,686,6813,9824,3919,279,569,18091,6373,ITH,ITH3,5,Veneto,Veneto,4905854,1073570,21.88,0.5
1615,2021-03-19,VEN,13787,5667,8120,2162,862,513,727,157,127,7563,1238,55,383,7692,6095,ITH,ITH3,5,Veneto,Veneto,4905854,1087357,22.16,0.28
1616,2021-04-26,VEN,19818,9094,10724,436,141,106,86,876,10213,2885,4442,47,586,14771,5047,ITH,ITH3,5,Veneto,Veneto,4905854,1107175,22.57,0.4
1617,2021-01-17,VEN,1932,780,1152,1588,193,120,2,3,1,3,0,0,22,1583,349,ITH,ITH3,5,Veneto,Veneto,4905854,1109107,22.61,0.04
1618,2021-04-25,VEN,18142,8086,10056,354,94,111,59,410,9014,3994,3880,4,222,13335,4807,ITH,ITH3,5,Veneto,Veneto,4905854,1127249,22.98,0.37
1619,2021-04-06,VEN,28061,12884,15177,435,205,389,104,541,16115,5420,4559,59,234,22983,5078,ITH,ITH3,5,Veneto,Veneto,4905854,1155310,23.55,0.57
1620,2021-02-24,VEN,8611,3677,4934,1590,391,521,14,35,28,5592,37,273,130,8127,484,ITH,ITH3,5,Veneto,Veneto,4905854,1163921,23.73,0.18
1621,2021-03-28,VEN,31287,13597,17690,1467,1448,172,2443,1171,8606,9244,3871,56,2809,27613,3674,ITH,ITH3,5,Veneto,Veneto,4905854,1195208,24.36,0.64
1622,2021-02-12,VEN,4313,1447,2866,2768,441,692,8,43,14,6,0,4,337,3741,572,ITH,ITH3,5,Veneto,Veneto,4905854,1199521,24.45,0.09
1623,2021-01-25,VEN,6467,2075,4392,5065,377,904,2,13,2,6,0,0,98,160,6307,ITH,ITH3,5,Veneto,Veneto,4905854,1205988,24.58,0.13
1624,2021-03-05,VEN,13217,4932,8285,3609,691,1467,2954,109,50,3091,474,323,449,9592,3625,ITH,ITH3,5,Veneto,Veneto,4905854,1219205,24.85,0.27
1625,2021-01-11,VEN,7239,2101,5138,3499,1161,1958,8,58,22,254,5,0,274,7239,0,ITH,ITH3,5,Veneto,Veneto,4905854,1226444,25.0,0.15
1626,2021-01-15,VEN,5865,1820,4045,2981,992,1569,4,46,18,9,0,5,241,5865,0,ITH,ITH3,5,Veneto,Veneto,4905854,1232309,25.12,0.12
1627,2021-04-11,VEN,20920,8835,12085,1895,136,83,345,322,4304,8217,5305,11,302,14609,6311,ITH,ITH3,5,Veneto,Veneto,4905854,1253229,25.55,0.43
1628,2021-04-12,VEN,14673,6222,8451,689,117,122,939,322,2121,6035,3947,18,363,6540,8133,ITH,ITH3,5,Veneto,Veneto,4905854,1267902,25.84,0.3
1629,2021-03-08,VEN,13491,6155,7336,716,201,385,2947,84,54,7165,474,1119,346,9432,4059,ITH,ITH3,5,Veneto,Veneto,4905854,1281393,26.12,0.27
1630,2021-04-15,VEN,20551,8484,12067,753,247,485,687,429,3753,8822,4932,8,435,9757,10794,ITH,ITH3,5,Veneto,Veneto,4905854,1301944,26.54,0.42
1631,2021-01-14,VEN,7061,1924,5137,3241,1065,2491,4,26,7,17,1,0,209,7061,0,ITH,ITH3,5,Veneto,Veneto,4905854,1309005,26.68,0.14
1632,2021-04-07,VEN,35408,15880,19528,1955,678,739,358,1039,18143,5594,5601,82,1219,28076,7332,ITH,ITH3,5,Veneto,Veneto,4905854,1344413,27.4,0.72
1633,2021-04-14,VEN,15351,6673,8678,811,261,183,131,399,3543,5331,4257,22,413,8859,6492,ITH,ITH3,5,Veneto,Veneto,4905854,1359764,27.72,0.31
1634,2021-02-11,VEN,4012,1239,2773,2660,390,804,8,20,8,10,6,1,105,3384,628,ITH,ITH3,5,Veneto,Veneto,4905854,1363776,27.8,0.08
1635,2021-01-12,VEN,5230,1516,3714,2250,852,1753,5,29,16,176,0,0,149,5230,0,ITH,ITH3,5,Veneto,Veneto,4905854,1369006,27.91,0.11
1636,2021-03-07,VEN,4454,1743,2711,1909,195,23,832,24,4,982,388,39,58,3901,553,ITH,ITH3,5,Veneto,Veneto,4905854,1373460,28.0,0.09
1637,2021-03-02,VEN,11445,4613,6832,2861,773,1197,1869,95,32,3288,465,468,397,8168,3277,ITH,ITH3,5,Veneto,Veneto,4905854,1384905,28.23,0.23
1638,2021-01-23,VEN,4052,1247,2805,3406,173,437,3,3,2,1,1,0,26,34,4018,ITH,ITH3,5,Veneto,Veneto,4905854,1388957,28.31,0.08
1639,2021-04-09,VEN,30925,13612,17313,1744,907,580,199,971,8508,9968,6871,93,1084,22594,8331,ITH,ITH3,5,Veneto,Veneto,4905854,1419882,28.94,0.63
1640,2021-03-27,VEN,32005,13962,18043,2283,1676,197,1555,670,6976,12312,4030,222,2084,26175,5830,ITH,ITH3,5,Veneto,Veneto,4905854,1451887,29.59,0.65
1641,2021-03-13,VEN,17156,7236,9920,2682,1651,109,4041,275,210,4814,2099,443,832,14049,3107,ITH,ITH3,5,Veneto,Veneto,4905854,1469043,29.94,0.35
1642,2021-02-10,VEN,4751,1588,3163,3175,552,783,2,50,19,6,1,0,163,3697,1054,ITH,ITH3,5,Veneto,Veneto,4905854,1473794,30.04,0.1
1643,2021-02-15,VEN,4386,1821,2565,486,84,383,2,19,9,3273,54,14,62,4145,241,ITH,ITH3,5,Veneto,Veneto,4905854,1478180,30.13,0.09
1644,2021-03-25,VEN,25824,10949,14875,1535,1437,1019,2262,351,5619,9928,2244,844,585,19704,6120,ITH,ITH3,5,Veneto,Veneto,4905854,1504004,30.66,0.53
1645,2021-02-20,VEN,6419,2013,4406,1905,113,100,3243,30,10,968,3,6,41,6350,69,ITH,ITH3,5,Veneto,Veneto,4905854,1510423,30.79,0.13
1646,2021-04-07,FVG,7474,3313,4161,335,297,114,32,5,2714,2094,1856,12,15,6689,785,ITH,ITH4,6,Friuli-Venezia Giulia,Friuli Venezia Giulia,1215220,7474,0.62,0.62
1647,2021-02-27,FVG,3426,1178,2248,203,140,4,1503,1,0,1523,27,25,0,3425,1,ITH,ITH4,6,Friuli-Venezia Giulia,Friuli Venezia Giulia,1215220,10900,0.9,0.28
1648,2021-01-02,FVG,1217,471,746,1150,67,0,0,0,0,0,0,0,0,1217,0,ITH,ITH4,6,Friuli-Venezia Giulia,Friuli Venezia Giulia,1215220,12117,1.0,0.1
1649,2021-01-24,FVG,305,119,186,277,27,1,0,0,0,0,0,0,0,1,304,ITH,ITH4,6,Friuli-Venezia Giulia,Friuli Venezia Giulia,1215220,12422,1.02,0.03
1650,2021-01-14,FVG,2588,789,1799,1608,550,430,0,0,0,0,0,0,0,2588,0,ITH,ITH4,6,Friuli-Venezia Giulia,Friuli Venezia Giulia,1215220,15010,1.24,0.21
1651,2021-01-07,FVG,2092,718,1374,1760,222,110,0,0,0,0,0,0,0,2092,0,ITH,ITH4,6,Friuli-Venezia Giulia,Friuli Venezia Giulia,1215220,17102,1.41,0.17
1652,2021-03-04,FVG,3425,1591,1834,357,216,96,402,1,1,1815,33,504,0,2783,642,ITH,ITH4,6,Friuli-Venezia Giulia,Friuli Venezia Giulia,1215220,20527,1.69,0.28
1653,2021-01-08,FVG,2322,747,1575,1680,242,396,0,1,0,0,0,0,3,2322,0,ITH,ITH4,6,Friuli-Venezia Giulia,Friuli Venezia Giulia,1215220,22849,1.88,0.19
1654,2021-03-26,FVG,5799,2424,3375,500,211,234,753,21,650,2050,1259,88,33,3784,2015,ITH,ITH4,6,Friuli-Venezia Giulia,Friuli Venezia Giulia,1215220,28648,2.36,0.48
1655,2021-04-19,FVG,6641,3113,3528,189,155,39,29,264,1103,1756,3092,2,12,3274,3367,ITH,ITH4,6,Friuli-Venezia Giulia,Friuli Venezia Giulia,1215220,35289,2.9,0.55
1656,2021-02-18,FVG,3212,1489,1723,229,122,331,978,0,0,1502,16,34,0,2806,406,ITH,ITH4,6,Friuli-Venezia Giulia,Friuli Venezia Giulia,1215220,38501,3.17,0.26
1657,2021-02-19,FVG,3254,1290,1964,568,309,315,426,0,0,1589,11,35,1,2825,429,ITH,ITH4,6,Friuli-Venezia Giulia,Friuli Venezia Giulia,1215220,41755,3.44,0.27
1658,2021-02-20,FVG,2068,933,1135,11,1,148,306,0,2,1584,16,0,0,1924,144,ITH,ITH4,6,Friuli-Venezia Giulia,Friuli Venezia Giulia,1215220,43823,3.61,0.17
1659,2021-03-12,FVG,3942,1545,2397,177,63,47,589,1,5,2865,92,101,2,2562,1380,ITH,ITH4,6,Friuli-Venezia Giulia,Friuli Venezia Giulia,1215220,47765,3.93,0.32
1660,2021-02-01,FVG,2096,688,1408,1590,371,135,0,0,0,0,0,0,0,15,2081,ITH,ITH4,6,Friuli-Venezia Giulia,Friuli Venezia Giulia,1215220,49861,4.1,0.17
1661,2021-02-13,FVG,567,179,388,337,230,0,0,0,0,0,0,0,0,561,6,ITH,ITH4,6,Friuli-Venezia Giulia,Friuli Venezia Giulia,1215220,50428,4.15,0.05
1662,2021-02-08,FVG,2357,694,1663,1401,521,435,0,0,0,0,0,0,0,92,2265,ITH,ITH4,6,Friuli-Venezia Giulia,Friuli Venezia Giulia,1215220,52785,4.34,0.19
1663,2021-01-18,FVG,1962,607,1355,1360,492,110,0,0,0,0,0,0,0,1868,94,ITH,ITH4,6,Friuli-Venezia Giulia,Friuli Venezia Giulia,1215220,54747,4.51,0.16
1664,2021-01-27,FVG,1272,425,847,851,357,64,0,0,0,0,0,0,0,450,822,ITH,ITH4,6,Friuli-Venezia Giulia,Friuli Venezia Giulia,1215220,56019,4.61,0.1
1665,2021-02-12,FVG,1200,428,772,674,393,128,1,0,1,2,1,0,0,1150,50,ITH,ITH4,6,Friuli-Venezia Giulia,Friuli Venezia Giulia,1215220,57219,4.71,0.1
1666,2021-04-15,FVG,6420,2831,3589,218,66,83,4,237,1088,1950,2753,0,21,5164,1256,ITH,ITH4,6,Friuli-Venezia Giulia,Friuli Venezia Giulia,1215220,63639,5.24,0.53
1667,2021-03-08,FVG,4041,1574,2467,694,511,140,436,0,7,2190,22,39,2,1953,2088,ITH,ITH4,6,Friuli-Venezia Giulia,Friuli Venezia Giulia,1215220,67680,5.57,0.33
1668,2021-04-10,FVG,4958,2143,2815,156,188,81,76,27,746,2084,1568,13,19,3735,1223,ITH,ITH4,6,Friuli-Venezia Giulia,Friuli Venezia Giulia,1215220,72638,5.98,0.41
1669,2021-03-01,FVG,2958,1042,1916,93,81,176,949,1,1,1636,17,4,0,2905,53,ITH,ITH4,6,Friuli-Venezia Giulia,Friuli Venezia Giulia,1215220,75596,6.22,0.24
1670,2021-01-29,FVG,2413,813,1600,1855,321,237,0,0,0,0,0,0,0,264,2149,ITH,ITH4,6,Friuli-Venezia Giulia,Friuli Venezia Giulia,1215220,78009,6.42,0.2
1671,2021-03-22,FVG,3542,1342,2200,149,87,206,463,0,1,2471,155,6,4,1588,1954,ITH,ITH4,6,Friuli-Venezia Giulia,Friuli Venezia Giulia,1215220,81551,6.71,0.29
1672,2021-03-31,FVG,8036,3502,4534,169,107,296,878,4,2340,2163,1962,112,5,7187,849,ITH,ITH4,6,Friuli-Venezia Giulia,Friuli Venezia Giulia,1215220,89587,7.37,0.66
1673,2021-04-02,FVG,6570,2914,3656,366,239,82,3,1,609,3137,2088,15,30,4735,1835,ITH,ITH4,6,Friuli-Venezia Giulia,Friuli Venezia Giulia,1215220,96157,7.91,0.54
1674,2021-02-22,FVG,2493,1196,1297,431,312,115,5,1,0,1369,14,246,0,2075,418,ITH,ITH4,6,Friuli-Venezia Giulia,Friuli Venezia Giulia,1215220,98650,8.12,0.21
1675,2021-02-28,FVG,2669,989,1680,234,162,0,1488,0,0,405,1,379,0,2274,395,ITH,ITH4,6,Friuli-Venezia Giulia,Friuli Venezia Giulia,1215220,101319,8.34,0.22
1676,2021-02-25,FVG,3075,1607,1468,22,5,299,743,0,1,1557,12,436,0,3050,25,ITH,ITH4,6,Friuli-Venezia Giulia,Friuli Venezia Giulia,1215220,104394,8.59,0.25
1677,2021-02-21,FVG,800,281,519,213,166,27,1,0,0,382,10,1,0,423,377,ITH,ITH4,6,Friuli-Venezia Giulia,Friuli Venezia Giulia,1215220,105194,8.66,0.07
1678,2021-03-15,FVG,3762,1634,2128,329,256,180,234,1,1,2426,101,234,0,1442,2320,ITH,ITH4,6,Friuli-Venezia Giulia,Friuli Venezia Giulia,1215220,108956,8.97,0.31
1679,2021-04-03,FVG,3977,1967,2010,35,580,4,149,2,3,2245,919,36,4,2651,1326,ITH,ITH4,6,Friuli-Venezia Giulia,Friuli Venezia Giulia,1215220,112933,9.29,0.33
1680,2021-01-04,FVG,1510,559,951,1392,118,0,0,0,0,0,0,0,0,1510,0,ITH,ITH4,6,Friuli-Venezia Giulia,Friuli Venezia Giulia,1215220,114443,9.42,0.12
1681,2021-01-19,FVG,7,2,5,5,0,2,0,0,0,0,0,0,0,7,0,ITH,ITH4,6,Friuli-Venezia Giulia,Friuli Venezia Giulia,1215220,114450,9.42,0.0
1682,2021-04-05,FVG,2865,1426,1439,34,221,13,121,3,610,468,1367,27,1,2849,16,ITH,ITH4,6,Friuli-Venezia Giulia,Friuli Venezia Giulia,1215220,117315,9.65,0.24
1683,2020-12-30,FVG,630,246,384,601,29,0,0,0,0,0,0,0,0,630,0,ITH,ITH4,6,Friuli-Venezia Giulia,Friuli Venezia Giulia,1215220,117945,9.71,0.05
1684,2020-12-31,FVG,1053,384,669,1011,42,0,0,0,0,0,0,0,0,1053,0,ITH,ITH4,6,Friuli-Venezia Giulia,Friuli Venezia Giulia,1215220,118998,9.79,0.09
1685,2021-02-07,FVG,1561,483,1078,866,693,2,0,0,0,0,0,0,0,386,1175,ITH,ITH4,6,Friuli-Venezia Giulia,Friuli Venezia Giulia,1215220,120559,9.92,0.13
1686,2021-01-03,FVG,312,122,190,285,26,1,0,0,0,0,0,0,0,312,0,ITH,ITH4,6,Friuli-Venezia Giulia,Friuli Venezia Giulia,1215220,120871,9.95,0.03
1687,2021-02-05,FVG,2613,784,1829,1612,511,490,0,0,0,0,0,0,0,90,2523,ITH,ITH4,6,Friuli-Venezia Giulia,Friuli Venezia Giulia,1215220,123484,10.16,0.22
1688,2021-04-13,FVG,7318,3264,4054,348,308,189,23,230,2194,2235,1767,13,11,5714,1604,ITH,ITH4,6,Friuli-Venezia Giulia,Friuli Venezia Giulia,1215220,130802,10.76,0.6
1689,2021-03-30,FVG,7090,3142,3948,421,334,404,138,14,2004,1937,1782,53,3,6170,920,ITH,ITH4,6,Friuli-Venezia Giulia,Friuli Venezia Giulia,1215220,137892,11.35,0.58
1690,2021-01-30,FVG,2271,744,1527,1475,354,442,0,0,0,0,0,0,0,270,2001,ITH,ITH4,6,Friuli-Venezia Giulia,Friuli Venezia Giulia,1215220,140163,11.53,0.19
1691,2021-02-03,FVG,2647,791,1856,1702,558,386,0,0,0,1,0,0,0,23,2624,ITH,ITH4,6,Friuli-Venezia Giulia,Friuli Venezia Giulia,1215220,142810,11.75,0.22
1692,2021-04-23,FVG,7248,3288,3960,300,137,41,7,403,1190,2203,2933,4,30,3478,3770,ITH,ITH4,6,Friuli-Venezia Giulia,Friuli Venezia Giulia,1215220,150058,12.35,0.6
1693,2021-01-10,FVG,2941,919,2022,1745,951,245,0,0,0,0,0,0,0,2941,0,ITH,ITH4,6,Friuli-Venezia Giulia,Friuli Venezia Giulia,1215220,152999,12.59,0.24
1694,2021-01-13,FVG,2651,834,1817,1822,599,230,0,0,0,0,0,0,0,2651,0,ITH,ITH4,6,Friuli-Venezia Giulia,Friuli Venezia Giulia,1215220,155650,12.81,0.22
1695,2021-02-02,FVG,2467,806,1661,1658,393,416,0,0,0,0,0,0,0,217,2250,ITH,ITH4,6,Friuli-Venezia Giulia,Friuli Venezia Giulia,1215220,158117,13.01,0.2
1696,2021-03-06,FVG,3491,1194,2297,182,249,5,1464,0,0,1565,6,20,0,3165,326,ITH,ITH4,6,Friuli-Venezia Giulia,Friuli Venezia Giulia,1215220,161608,13.3,0.29
1697,2021-04-22,FVG,6675,3039,3636,122,111,34,2,329,1559,2122,2379,1,16,3047,3628,ITH,ITH4,6,Friuli-Venezia Giulia,Friuli Venezia Giulia,1215220,168283,13.85,0.55
1698,2021-04-16,FVG,6859,2961,3898,286,180,171,16,289,983,2038,2869,1,26,4943,1916,ITH,ITH4,6,Friuli-Venezia Giulia,Friuli Venezia Giulia,1215220,175142,14.41,0.56
1699,2021-03-24,FVG,3770,1529,2241,183,183,148,427,1,21,2324,416,62,5,2288,1482,ITH,ITH4,6,Friuli-Venezia Giulia,Friuli Venezia Giulia,1215220,178912,14.72,0.31
1700,2021-04-18,FVG,5976,2770,3206,321,74,81,2,396,1484,728,2863,0,27,5570,406,ITH,ITH4,6,Friuli-Venezia Giulia,Friuli Venezia Giulia,1215220,184888,15.21,0.49
1701,2021-03-23,FVG,3761,1561,2200,321,303,245,241,0,3,2449,169,29,1,1618,2143,ITH,ITH4,6,Friuli-Venezia Giulia,Friuli Venezia Giulia,1215220,188649,15.52,0.31
1702,2021-03-03,FVG,3642,1628,2014,750,546,104,427,0,0,1331,15,469,0,2364,1278,ITH,ITH4,6,Friuli-Venezia Giulia,Friuli Venezia Giulia,1215220,192291,15.82,0.3
1703,2020-12-27,FVG,262,149,113,259,3,0,0,0,0,0,0,0,0,262,0,ITH,ITH4,6,Friuli-Venezia Giulia,Friuli Venezia Giulia,1215220,192553,15.85,0.02
1704,2021-04-17,FVG,7351,3201,4150,317,116,1,3,625,594,2427,3243,2,23,5869,1482,ITH,ITH4,6,Friuli-Venezia Giulia,Friuli Venezia Giulia,1215220,199904,16.45,0.6
1705,2021-02-06,FVG,1154,338,816,755,208,191,0,0,0,0,0,0,0,22,1132,ITH,ITH4,6,Friuli-Venezia Giulia,Friuli Venezia Giulia,1215220,201058,16.54,0.09
1706,2021-01-22,FVG,90,30,60,89,1,0,0,0,0,0,0,0,0,0,90,ITH,ITH4,6,Friuli-Venezia Giulia,Friuli Venezia Giulia,1215220,201148,16.55,0.01
1707,2021-04-24,FVG,6602,2916,3686,429,55,0,1,521,281,1987,3272,1,55,5362,1240,ITH,ITH4,6,Friuli-Venezia Giulia,Friuli Venezia Giulia,1215220,207750,17.1,0.54
1708,2021-01-31,FVG,2715,836,1879,1693,1004,18,0,0,0,0,0,0,0,385,2330,ITH,ITH4,6,Friuli-Venezia Giulia,Friuli Venezia Giulia,1215220,210465,17.32,0.22
1709,2021-03-17,FVG,3235,1267,1968,429,219,200,6,0,1,2247,130,3,0,742,2493,ITH,ITH4,6,Friuli-Venezia Giulia,Friuli Venezia Giulia,1215220,213700,17.59,0.27
1710,2021-03-10,FVG,3362,1494,1868,305,301,209,195,0,1,1973,67,309,2,1570,1792,ITH,ITH4,6,Friuli-Venezia Giulia,Friuli Venezia Giulia,1215220,217062,17.86,0.28
1711,2021-03-27,FVG,4983,2560,2423,60,811,1,98,3,906,1990,1096,16,2,3572,1411,ITH,ITH4,6,Friuli-Venezia Giulia,Friuli Venezia Giulia,1215220,222045,18.27,0.41
1712,2021-04-21,FVG,7649,3424,4225,107,73,30,9,549,2464,2058,2348,4,7,4006,3643,ITH,ITH4,6,Friuli-Venezia Giulia,Friuli Venezia Giulia,1215220,229694,18.9,0.63
1713,2021-03-14,FVG,1397,548,849,0,1,0,797,0,0,248,16,335,0,1144,253,ITH,ITH4,6,Friuli-Venezia Giulia,Friuli Venezia Giulia,1215220,231091,19.02,0.11
1714,2021-02-10,FVG,1352,496,856,745,487,119,1,0,0,0,0,0,0,1266,86,ITH,ITH4,6,Friuli-Venezia Giulia,Friuli Venezia Giulia,1215220,232443,19.13,0.11
1715,2021-04-08,FVG,7161,2996,4165,257,146,237,34,4,1540,2968,1960,4,11,5239,1922,ITH,ITH4,6,Friuli-Venezia Giulia,Friuli Venezia Giulia,1215220,239604,19.72,0.59
1716,2021-01-26,FVG,1975,647,1328,1442,152,381,0,0,0,0,0,0,0,214,1761,ITH,ITH4,6,Friuli-Venezia Giulia,Friuli Venezia Giulia,1215220,241579,19.88,0.16
1717,2021-03-29,FVG,6871,2999,3872,237,209,161,311,10,2110,2416,1353,48,16,5291,1580,ITH,ITH4,6,Friuli-Venezia Giulia,Friuli Venezia Giulia,1215220,248450,20.44,0.57
1718,2021-01-12,FVG,2260,713,1547,1529,370,361,0,0,0,0,0,0,0,2260,0,ITH,ITH4,6,Friuli-Venezia Giulia,Friuli Venezia Giulia,1215220,250710,20.63,0.19
1719,2021-03-09,FVG,3863,1590,2273,657,480,200,424,2,4,2005,28,60,3,1110,2753,ITH,ITH4,6,Friuli-Venezia Giulia,Friuli Venezia Giulia,1215220,254573,20.95,0.32
1720,2021-03-28,FVG,4808,2272,2536,13,745,5,1306,7,1525,425,663,111,8,4668,140,ITH,ITH4,6,Friuli-Venezia Giulia,Friuli Venezia Giulia,1215220,259381,21.34,0.4
1721,2021-03-19,FVG,3235,1340,1895,106,47,296,134,0,0,2513,138,0,1,1301,1934,ITH,ITH4,6,Friuli-Venezia Giulia,Friuli Venezia Giulia,1215220,262616,21.61,0.27
1722,2021-01-17,FVG,1720,524,1196,674,560,486,0,0,0,0,0,0,0,1720,0,ITH,ITH4,6,Friuli-Venezia Giulia,Friuli Venezia Giulia,1215220,264336,21.75,0.14
1723,2021-04-26,FVG,2872,1298,1574,86,76,1,8,142,904,531,1103,1,20,1651,1221,ITH,ITH4,6,Friuli-Venezia Giulia,Friuli Venezia Giulia,1215220,267208,21.99,0.24
1724,2021-01-25,FVG,1583,567,1016,1370,141,72,0,0,0,0,0,0,0,194,1389,ITH,ITH4,6,Friuli-Venezia Giulia,Friuli Venezia Giulia,1215220,268791,22.12,0.13
1725,2021-02-23,FVG,2615,1252,1363,104,44,247,1,0,2,1943,19,254,1,2437,178,ITH,ITH4,6,Friuli-Venezia Giulia,Friuli Venezia Giulia,1215220,271406,22.33,0.22
1726,2021-02-26,FVG,3740,2094,1646,75,26,561,299,0,2,1739,5,1033,0,3593,147,ITH,ITH4,6,Friuli-Venezia Giulia,Friuli Venezia Giulia,1215220,275146,22.64,0.31
1727,2021-04-12,FVG,7213,3167,4046,281,179,230,20,99,1760,2073,2542,4,25,6086,1127,ITH,ITH4,6,Friuli-Venezia Giulia,Friuli Venezia Giulia,1215220,282359,23.24,0.59
1728,2021-03-21,FVG,2600,937,1663,6,9,88,1119,0,0,1333,3,27,15,2192,408,ITH,ITH4,6,Friuli-Venezia Giulia,Friuli Venezia Giulia,1215220,284959,23.45,0.21
1729,2021-01-21,FVG,895,345,550,864,31,0,0,0,0,0,0,0,0,1,894,ITH,ITH4,6,Friuli-Venezia Giulia,Friuli Venezia Giulia,1215220,285854,23.52,0.07
1730,2021-04-11,FVG,3434,1519,1915,234,100,7,27,13,537,1225,1266,7,18,2528,906,ITH,ITH4,6,Friuli-Venezia Giulia,Friuli Venezia Giulia,1215220,289288,23.81,0.28
1731,2021-03-18,FVG,3374,1423,1951,60,23,168,4,1,1,2864,253,0,0,1692,1682,ITH,ITH4,6,Friuli-Venezia Giulia,Friuli Venezia Giulia,1215220,292662,24.08,0.28
1732,2021-03-05,FVG,3741,1481,2260,1050,654,77,146,0,8,1735,25,46,0,2668,1073,ITH,ITH4,6,Friuli-Venezia Giulia,Friuli Venezia Giulia,1215220,296403,24.39,0.31
1733,2021-01-23,FVG,816,324,492,768,48,0,0,0,0,0,0,0,0,4,812,ITH,ITH4,6,Friuli-Venezia Giulia,Friuli Venezia Giulia,1215220,297219,24.46,0.07
1734,2021-03-07,FVG,2537,926,1611,1,5,153,1782,0,0,143,0,453,0,2536,1,ITH,ITH4,6,Friuli-Venezia Giulia,Friuli Venezia Giulia,1215220,299756,24.67,0.21
1735,2021-03-02,FVG,4220,1518,2702,1163,658,203,634,0,1,1538,17,5,1,2717,1503,ITH,ITH4,6,Friuli-Venezia Giulia,Friuli Venezia Giulia,1215220,303976,25.01,0.35
1736,2021-04-09,FVG,7666,3490,4176,300,172,77,22,59,1289,2614,3120,0,13,6446,1220,ITH,ITH4,6,Friuli-Venezia Giulia,Friuli Venezia Giulia,1215220,311642,25.64,0.63
1737,2021-02-24,FVG,2518,1082,1436,23,5,312,297,1,0,1835,15,0,30,2500,18,ITH,ITH4,6,Friuli-Venezia Giulia,Friuli Venezia Giulia,1215220,314160,25.85,0.21
1738,2021-04-14,FVG,7113,3076,4037,329,222,74,3,262,1556,2147,2507,2,11,5437,1676,ITH,ITH4,6,Friuli-Venezia Giulia,Friuli Venezia Giulia,1215220,321273,26.44,0.59
1739,2021-02-11,FVG,1935,665,1270,1134,566,230,0,0,1,3,0,1,0,1742,193,ITH,ITH4,6,Friuli-Venezia Giulia,Friuli Venezia Giulia,1215220,323208,26.6,0.16
1740,2021-03-20,FVG,3346,1353,1993,412,279,10,66,2,1,2381,14,179,2,1252,2094,ITH,ITH4,6,Friuli-Venezia Giulia,Friuli Venezia Giulia,1215220,326554,26.87,0.28
1741,2021-02-17,FVG,2352,998,1354,328,178,230,0,0,0,1555,14,46,1,1873,479,ITH,ITH4,6,Friuli-Venezia Giulia,Friuli Venezia Giulia,1215220,328906,27.07,0.19
1742,2021-02-16,FVG,2516,1135,1381,260,244,221,0,0,3,1760,28,0,0,2400,116,ITH,ITH4,6,Friuli-Venezia Giulia,Friuli Venezia Giulia,1215220,331422,27.27,0.21
1743,2021-03-16,FVG,3153,1288,1865,327,256,245,1,0,3,2203,115,0,3,1073,2080,ITH,ITH4,6,Friuli-Venezia Giulia,Friuli Venezia Giulia,1215220,334575,27.53,0.26
1744,2021-02-09,FVG,1848,556,1292,1053,509,286,0,0,0,0,0,0,0,1559,289,ITH,ITH4,6,Friuli-Venezia Giulia,Friuli Venezia Giulia,1215220,336423,27.68,0.15
1745,2021-03-25,FVG,5303,2252,3051,54,57,303,835,3,956,2059,978,53,5,3168,2135,ITH,ITH4,6,Friuli-Venezia Giulia,Friuli Venezia Giulia,1215220,341726,28.12,0.44
1746,2021-02-15,FVG,2454,909,1545,700,390,316,0,0,4,1034,10,0,0,2204,250,ITH,ITH4,6,Friuli-Venezia Giulia,Friuli Venezia Giulia,1215220,344180,28.32,0.2
1747,2021-01-09,FVG,2518,841,1677,1519,406,593,0,0,0,0,0,0,0,2518,0,ITH,ITH4,6,Friuli-Venezia Giulia,Friuli Venezia Giulia,1215220,346698,28.53,0.21
1748,2021-03-13,FVG,2934,1119,1815,12,4,86,723,1,2,2058,9,39,0,1661,1273,ITH,ITH4,6,Friuli-Venezia Giulia,Friuli Venezia Giulia,1215220,349632,28.77,0.24
1749,2021-01-20,FVG,751,323,428,719,32,0,0,0,0,0,0,0,0,12,739,ITH,ITH4,6,Friuli-Venezia Giulia,Friuli Venezia Giulia,1215220,350383,28.83,0.06
1750,2021-01-05,FVG,1680,551,1129,1350,133,197,0,0,0,0,0,0,0,1680,0,ITH,ITH4,6,Friuli-Venezia Giulia,Friuli Venezia Giulia,1215220,352063,28.97,0.14
1751,2021-02-04,FVG,2731,807,1924,1723,543,465,0,0,0,0,0,0,0,36,2695,ITH,ITH4,6,Friuli-Venezia Giulia,Friuli Venezia Giulia,1215220,354794,29.2,0.22
1752,2021-04-06,FVG,6249,2760,3489,255,199,132,29,4,1101,2688,1818,19,4,5097,1152,ITH,ITH4,6,Friuli-Venezia Giulia,Friuli Venezia Giulia,1215220,361043,29.71,0.51
1753,2021-04-25,FVG,2059,844,1215,331,50,0,1,691,224,66,679,0,17,2048,11,ITH,ITH4,6,Friuli-Venezia Giulia,Friuli Venezia Giulia,1215220,363102,29.88,0.17
1754,2021-01-16,FVG,1231,360,871,771,212,248,0,0,0,0,0,0,0,1231,0,ITH,ITH4,6,Friuli-Venezia Giulia,Friuli Venezia Giulia,1215220,364333,29.98,0.1
1755,2021-04-01,FVG,6311,2991,3320,170,116,199,94,2,1171,2058,2429,57,15,5297,1014,ITH,ITH4,6,Friuli-Venezia Giulia,Friuli Venezia Giulia,1215220,370644,30.5,0.52
1756,2021-04-20,FVG,7065,3039,4026,494,313,38,8,428,1148,2362,2264,2,8,3187,3878,ITH,ITH4,6,Friuli-Venezia Giulia,Friuli Venezia Giulia,1215220,377709,31.08,0.58
1757,2021-01-06,FVG,710,264,446,515,195,0,0,0,0,0,0,0,0,710,0,ITH,ITH4,6,Friuli-Venezia Giulia,Friuli Venezia Giulia,1215220,378419,31.14,0.06
1758,2021-03-11,FVG,3327,1393,1934,262,114,289,504,1,2,2014,35,104,2,1578,1749,ITH,ITH4,6,Friuli-Venezia Giulia,Friuli Venezia Giulia,1215220,381746,31.41,0.27
1759,2021-01-28,FVG,2237,793,1444,1756,287,194,0,0,0,0,0,0,0,354,1883,ITH,ITH4,6,Friuli-Venezia Giulia,Friuli Venezia Giulia,1215220,383983,31.6,0.18
1760,2021-01-15,FVG,2028,606,1422,1283,370,375,0,0,0,0,0,0,0,2028,0,ITH,ITH4,6,Friuli-Venezia Giulia,Friuli Venezia Giulia,1215220,386011,31.76,0.17
1761,2021-01-11,FVG,1884,609,1275,1502,336,46,0,0,0,0,0,0,0,1884,0,ITH,ITH4,6,Friuli-Venezia Giulia,Friuli Venezia Giulia,1215220,387895,31.92,0.16
1762,2021-04-18,SIC,19796,9894,9902,243,84,105,95,6004,1815,2686,8667,15,82,15408,4388,ITG,ITG1,19,Sicilia,Sicilia,4999891,19796,0.4,0.4
1763,2021-04-24,SIC,31327,14794,16533,443,161,353,136,4690,2833,5664,16652,99,296,23641,7686,ITG,ITG1,19,Sicilia,Sicilia,4999891,51123,1.02,0.63
1764,2021-01-31,SIC,4113,1959,2154,2602,835,295,0,61,26,26,0,0,268,114,3999,ITG,ITG1,19,Sicilia,Sicilia,4999891,55236,1.1,0.08
1765,2021-02-10,SIC,4434,1819,2615,1975,1154,741,0,59,33,18,0,0,454,4009,425,ITG,ITG1,19,Sicilia,Sicilia,4999891,59670,1.19,0.09
1766,2021-02-17,SIC,5434,3294,2140,1531,719,887,2,39,8,10,0,1999,239,4760,674,ITG,ITG1,19,Sicilia,Sicilia,4999891,65104,1.3,0.11
1767,2021-04-21,SIC,22565,10852,11713,543,201,301,121,1668,1614,3735,14104,29,249,16447,6118,ITG,ITG1,19,Sicilia,Sicilia,4999891,87669,1.75,0.45
1768,2021-03-23,SIC,21065,10107,10958,880,417,387,1648,184,3536,5909,7399,405,300,15457,5608,ITG,ITG1,19,Sicilia,Sicilia,4999891,108734,2.17,0.42
1769,2021-03-14,SIC,8835,3951,4884,571,415,180,678,146,1692,4351,148,67,587,4977,3858,ITG,ITG1,19,Sicilia,Sicilia,4999891,117569,2.35,0.18
1770,2021-01-10,SIC,3618,1615,2003,2126,552,464,0,42,22,92,0,0,320,3618,0,ITG,ITG1,19,Sicilia,Sicilia,4999891,121187,2.42,0.07
1771,2021-03-15,SIC,10767,4726,6041,1241,459,676,1155,60,1533,4919,133,308,283,5694,5073,ITG,ITG1,19,Sicilia,Sicilia,4999891,131954,2.64,0.22
1772,2021-01-28,SIC,9330,4400,4930,7466,1371,295,0,35,11,4,0,0,148,414,8916,ITG,ITG1,19,Sicilia,Sicilia,4999891,141284,2.83,0.19
1773,2021-02-14,SIC,1057,402,655,433,300,236,0,9,3,4,0,0,72,917,140,ITG,ITG1,19,Sicilia,Sicilia,4999891,142341,2.85,0.02
1774,2021-03-16,SIC,10173,4466,5707,1664,549,851,218,59,128,5733,620,75,276,4021,6152,ITG,ITG1,19,Sicilia,Sicilia,4999891,152514,3.05,0.2
1775,2021-04-20,SIC,19358,9114,10244,475,281,457,59,1477,1443,3613,11408,22,123,14001,5357,ITG,ITG1,19,Sicilia,Sicilia,4999891,171872,3.44,0.39
1776,2021-01-02,SIC,4875,2535,2340,4314,144,0,0,87,7,2,0,0,321,4875,0,ITG,ITG1,19,Sicilia,Sicilia,4999891,176747,3.54,0.1
1777,2021-02-02,SIC,5541,2623,2918,3156,1562,429,0,50,7,21,0,0,316,633,4908,ITG,ITG1,19,Sicilia,Sicilia,4999891,182288,3.65,0.11
1778,2020-12-28,SIC,207,124,83,205,2,0,0,0,0,0,0,0,0,207,0,ITG,ITG1,19,Sicilia,Sicilia,4999891,182495,3.65,0.0
1779,2021-01-15,SIC,5080,2233,2847,2824,1047,479,0,67,19,2,0,0,642,5080,0,ITG,ITG1,19,Sicilia,Sicilia,4999891,187575,3.75,0.1
1780,2021-03-11,SIC,15506,6547,8959,1611,1276,1026,3325,200,2112,4052,158,993,753,12932,2574,ITG,ITG1,19,Sicilia,Sicilia,4999891,203081,4.06,0.31
1781,2021-01-11,SIC,5905,2591,3314,3923,1014,382,0,83,17,89,0,0,397,5905,0,ITG,ITG1,19,Sicilia,Sicilia,4999891,208986,4.18,0.12
1782,2021-03-24,SIC,21186,9916,11270,958,492,606,1463,346,3222,5953,7634,200,312,15297,5889,ITG,ITG1,19,Sicilia,Sicilia,4999891,230172,4.6,0.42
1783,2021-03-07,SIC,9281,3466,5815,968,558,463,3299,88,12,3462,18,227,186,8197,1084,ITG,ITG1,19,Sicilia,Sicilia,4999891,239453,4.79,0.19
1784,2021-03-26,SIC,17907,8332,9575,1072,573,338,1308,225,2838,5580,5607,124,242,12387,5520,ITG,ITG1,19,Sicilia,Sicilia,4999891,257360,5.15,0.36
1785,2021-02-28,SIC,7181,3072,4109,871,410,112,1359,90,7,3359,2,268,703,6551,630,ITG,ITG1,19,Sicilia,Sicilia,4999891,264541,5.29,0.14
1786,2021-04-07,SIC,15761,7765,7996,764,386,473,182,244,1684,4451,7158,81,338,8590,7171,ITG,ITG1,19,Sicilia,Sicilia,4999891,280302,5.61,0.32
1787,2021-01-16,SIC,2776,1195,1581,1329,561,298,0,24,15,6,0,0,543,2776,0,ITG,ITG1,19,Sicilia,Sicilia,4999891,283078,5.66,0.06
1788,2021-04-04,SIC,6987,3384,3603,192,106,184,44,114,855,2489,2894,17,92,5694,1293,ITG,ITG1,19,Sicilia,Sicilia,4999891,290065,5.8,0.14
1789,2021-01-23,SIC,4178,2158,2020,3941,198,16,0,1,2,0,0,0,20,225,3953,ITG,ITG1,19,Sicilia,Sicilia,4999891,294243,5.88,0.08
1790,2021-02-11,SIC,5335,2103,3232,2458,1444,891,0,77,25,7,0,0,433,4868,467,ITG,ITG1,19,Sicilia,Sicilia,4999891,299578,5.99,0.11
1791,2021-04-06,SIC,18173,8720,9453,804,275,602,188,279,1950,5484,8033,105,453,13850,4323,ITG,ITG1,19,Sicilia,Sicilia,4999891,317751,6.36,0.36
1792,2021-03-13,SIC,12465,5492,6973,1174,771,513,1768,210,2143,4707,133,202,844,7859,4606,ITG,ITG1,19,Sicilia,Sicilia,4999891,330216,6.6,0.25
1793,2021-02-04,SIC,6932,3183,3749,4430,1444,557,0,49,13,18,0,0,421,1460,5472,ITG,ITG1,19,Sicilia,Sicilia,4999891,337148,6.74,0.14
1794,2021-02-15,SIC,3966,1872,2094,1703,995,628,26,28,10,14,9,351,202,3397,569,ITG,ITG1,19,Sicilia,Sicilia,4999891,341114,6.82,0.08
1795,2021-04-01,SIC,14472,6699,7773,625,238,520,191,129,2244,5113,4866,405,141,9745,4727,ITG,ITG1,19,Sicilia,Sicilia,4999891,355586,7.11,0.29
1796,2021-02-19,SIC,5177,2763,2414,1488,852,610,239,31,13,83,2,1541,318,4606,571,ITG,ITG1,19,Sicilia,Sicilia,4999891,360763,7.22,0.1
1797,2021-02-18,SIC,5497,3174,2323,1636,884,834,96,21,8,10,5,1836,167,5065,432,ITG,ITG1,19,Sicilia,Sicilia,4999891,366260,7.33,0.11
1798,2021-02-21,SIC,5178,2508,2670,379,165,174,153,38,6,3920,3,174,166,5070,108,ITG,ITG1,19,Sicilia,Sicilia,4999891,371438,7.43,0.1
1799,2021-01-18,SIC,1577,658,919,722,166,229,0,22,11,0,0,0,427,1432,145,ITG,ITG1,19,Sicilia,Sicilia,4999891,373015,7.46,0.03
1800,2021-04-03,SIC,16392,7794,8598,439,167,282,199,1005,4321,4983,4562,36,398,13549,2843,ITG,ITG1,19,Sicilia,Sicilia,4999891,389407,7.79,0.33
1801,2021-03-27,SIC,15811,7463,8348,650,409,365,742,248,1826,5663,5579,56,273,10891,4920,ITG,ITG1,19,Sicilia,Sicilia,4999891,405218,8.1,0.32
1802,2021-02-12,SIC,4747,1853,2894,2301,1398,644,0,45,17,10,0,0,332,4416,331,ITG,ITG1,19,Sicilia,Sicilia,4999891,409965,8.2,0.09
1803,2021-01-27,SIC,7535,3839,3696,6331,819,152,0,44,11,7,0,0,171,189,7346,ITG,ITG1,19,Sicilia,Sicilia,4999891,417500,8.35,0.15
1804,2021-04-02,SIC,14048,6611,7437,633,217,377,205,131,2133,5218,4894,79,161,9260,4788,ITG,ITG1,19,Sicilia,Sicilia,4999891,431548,8.63,0.28
1805,2021-02-13,SIC,3107,1168,1939,1296,921,570,0,36,19,13,0,0,252,2850,257,ITG,ITG1,19,Sicilia,Sicilia,4999891,434655,8.69,0.06
1806,2021-01-25,SIC,7515,3699,3816,6636,577,70,0,21,7,44,0,0,160,322,7193,ITG,ITG1,19,Sicilia,Sicilia,4999891,442170,8.84,0.15
1807,2021-04-12,SIC,19098,9297,9801,424,152,397,118,1396,1675,3666,11049,27,194,11741,7357,ITG,ITG1,19,Sicilia,Sicilia,4999891,461268,9.23,0.38
1808,2021-03-20,SIC,18943,9093,9850,836,316,434,1221,191,2527,5565,7307,113,433,13553,5390,ITG,ITG1,19,Sicilia,Sicilia,4999891,480211,9.6,0.38
1809,2021-04-11,SIC,15505,7627,7878,220,102,188,97,794,1032,3250,9690,15,117,8475,7030,ITG,ITG1,19,Sicilia,Sicilia,4999891,495716,9.91,0.31
1810,2021-03-09,SIC,13245,5633,7612,1595,1210,713,3699,112,19,4036,217,1138,506,10869,2376,ITG,ITG1,19,Sicilia,Sicilia,4999891,508961,10.18,0.26
1811,2021-02-24,SIC,9601,4870,4731,1423,755,504,923,25,23,4101,1,1618,228,9005,596,ITG,ITG1,19,Sicilia,Sicilia,4999891,518562,10.37,0.19
1812,2021-04-22,SIC,27023,12790,14233,623,148,354,98,3052,2042,4398,16064,36,208,20557,6466,ITG,ITG1,19,Sicilia,Sicilia,4999891,545585,10.91,0.54
1813,2021-02-08,SIC,4086,1759,2327,2346,1028,397,0,37,5,16,0,0,257,2128,1958,ITG,ITG1,19,Sicilia,Sicilia,4999891,549671,10.99,0.08
1814,2021-01-07,SIC,9173,4239,4934,7694,974,210,0,64,8,2,0,0,221,9173,0,ITG,ITG1,19,Sicilia,Sicilia,4999891,558844,11.18,0.18
1815,2021-02-16,SIC,4414,2300,2114,1465,976,818,1,35,9,27,8,878,197,3947,467,ITG,ITG1,19,Sicilia,Sicilia,4999891,563258,11.27,0.09
1816,2021-01-09,SIC,7326,3424,3902,5034,1070,456,0,117,36,41,0,0,572,7326,0,ITG,ITG1,19,Sicilia,Sicilia,4999891,570584,11.41,0.15
1817,2021-03-31,SIC,14605,6738,7867,648,298,537,189,140,2230,5245,5035,108,175,9577,5028,ITG,ITG1,19,Sicilia,Sicilia,4999891,585189,11.7,0.29
1818,2021-03-08,SIC,13585,5850,7735,2013,1127,714,4001,135,24,3936,73,1025,537,10771,2814,ITG,ITG1,19,Sicilia,Sicilia,4999891,598774,11.98,0.27
1819,2021-03-29,SIC,15001,7039,7962,877,348,341,304,127,2532,5027,5163,104,178,10483,4518,ITG,ITG1,19,Sicilia,Sicilia,4999891,613775,12.28,0.3
1820,2021-01-30,SIC,7839,3569,4270,5452,1611,475,0,47,12,4,0,0,238,175,7664,ITG,ITG1,19,Sicilia,Sicilia,4999891,621614,12.43,0.16
1821,2021-01-14,SIC,5259,2518,2741,3052,1281,259,0,106,34,90,0,0,437,5259,0,ITG,ITG1,19,Sicilia,Sicilia,4999891,626873,12.54,0.11
1822,2021-03-21,SIC,15227,7338,7889,489,228,75,958,161,2142,4573,6220,112,269,11252,3975,ITG,ITG1,19,Sicilia,Sicilia,4999891,642100,12.84,0.3
1823,2021-01-13,SIC,5213,2465,2748,3038,1167,443,0,92,28,27,0,0,418,5213,0,ITG,ITG1,19,Sicilia,Sicilia,4999891,647313,12.95,0.1
1824,2021-03-04,SIC,15216,6560,8656,2811,1839,750,3832,117,36,4034,27,1207,563,11012,4204,ITG,ITG1,19,Sicilia,Sicilia,4999891,662529,13.25,0.3
1825,2021-03-05,SIC,15948,6877,9071,3193,1697,757,4085,94,30,4081,106,1489,416,11622,4326,ITG,ITG1,19,Sicilia,Sicilia,4999891,678477,13.57,0.32
1826,2021-01-24,SIC,4339,2265,2074,3994,265,3,0,12,6,37,0,0,22,148,4191,ITG,ITG1,19,Sicilia,Sicilia,4999891,682816,13.66,0.09
1827,2021-02-23,SIC,8951,4690,4261,1268,736,535,581,16,9,4077,2,1486,241,8461,490,ITG,ITG1,19,Sicilia,Sicilia,4999891,691767,13.84,0.18
1828,2021-04-19,SIC,18587,8796,9791,671,435,387,79,913,1254,3504,11183,24,137,12859,5728,ITG,ITG1,19,Sicilia,Sicilia,4999891,710354,14.21,0.37
1829,2021-04-25,SIC,21313,10177,11136,250,135,126,51,3356,1749,3633,11813,54,146,16398,4915,ITG,ITG1,19,Sicilia,Sicilia,4999891,731667,14.63,0.43
1830,2021-01-04,SIC,8373,4172,4201,7595,547,6,0,26,8,2,0,0,189,8373,0,ITG,ITG1,19,Sicilia,Sicilia,4999891,740040,14.8,0.17
1831,2021-03-03,SIC,14709,6547,8162,2408,1520,517,3833,68,15,4374,44,1427,503,11622,3087,ITG,ITG1,19,Sicilia,Sicilia,4999891,754749,15.1,0.29
1832,2021-04-23,SIC,28904,13842,15062,640,212,406,109,4084,2412,4339,16430,64,208,22974,5930,ITG,ITG1,19,Sicilia,Sicilia,4999891,783653,15.67,0.58
1833,2021-04-05,SIC,8193,4034,4159,232,72,177,56,116,964,2926,3583,5,62,6752,1441,ITG,ITG1,19,Sicilia,Sicilia,4999891,791846,15.84,0.16
1834,2021-02-25,SIC,10163,5277,4886,1772,924,518,672,30,7,4058,26,1743,413,8983,1180,ITG,ITG1,19,Sicilia,Sicilia,4999891,802009,16.04,0.2
1835,2021-02-01,SIC,6078,2684,3394,4168,1237,318,0,47,13,44,0,0,251,304,5774,ITG,ITG1,19,Sicilia,Sicilia,4999891,808087,16.16,0.12
1836,2021-04-14,SIC,20668,9939,10729,601,191,393,100,1634,1626,4179,11758,29,157,11835,8833,ITG,ITG1,19,Sicilia,Sicilia,4999891,828755,16.58,0.41
1837,2021-01-26,SIC,9529,4685,4844,8392,768,254,0,21,7,2,0,0,85,265,9264,ITG,ITG1,19,Sicilia,Sicilia,4999891,838284,16.77,0.19
1838,2021-04-09,SIC,20664,10084,10580,740,352,369,285,915,1934,4400,11340,88,241,11491,9173,ITG,ITG1,19,Sicilia,Sicilia,4999891,858948,17.18,0.41
1839,2021-01-03,SIC,4695,2455,2240,4363,206,0,0,34,3,1,0,0,88,4695,0,ITG,ITG1,19,Sicilia,Sicilia,4999891,863643,17.27,0.09
1840,2021-02-06,SIC,5069,2228,2841,2535,1496,592,0,36,12,5,0,0,393,1488,3581,ITG,ITG1,19,Sicilia,Sicilia,4999891,868712,17.37,0.1
1841,2021-01-19,SIC,1273,521,752,522,125,238,0,20,13,18,0,0,337,1094,179,ITG,ITG1,19,Sicilia,Sicilia,4999891,869985,17.4,0.03
1842,2021-02-03,SIC,6105,2859,3246,3359,1498,624,0,91,20,11,0,0,502,756,5349,ITG,ITG1,19,Sicilia,Sicilia,4999891,876090,17.52,0.12
1843,2021-04-13,SIC,20047,9789,10258,669,179,272,127,1597,1865,3810,11352,41,135,11294,8753,ITG,ITG1,19,Sicilia,Sicilia,4999891,896137,17.92,0.4
1844,2021-04-16,SIC,28821,14464,14357,746,330,661,107,8350,2387,4275,11754,33,178,20435,8386,ITG,ITG1,19,Sicilia,Sicilia,4999891,924958,18.5,0.58
1845,2021-02-07,SIC,2349,997,1352,1611,435,157,0,16,9,1,0,0,120,675,1674,ITG,ITG1,19,Sicilia,Sicilia,4999891,927307,18.55,0.05
1846,2021-04-08,SIC,17020,8391,8629,699,430,484,158,231,1581,3876,9154,132,275,8496,8524,ITG,ITG1,19,Sicilia,Sicilia,4999891,944327,18.89,0.34
1847,2021-03-02,SIC,14957,6389,8568,2383,1211,525,4334,50,5,4535,57,1411,446,12132,2825,ITG,ITG1,19,Sicilia,Sicilia,4999891,959284,19.19,0.3
1848,2021-03-25,SIC,20507,9543,10964,1325,530,607,1381,256,3206,5607,7172,195,228,14965,5542,ITG,ITG1,19,Sicilia,Sicilia,4999891,979791,19.6,0.41
1849,2021-03-30,SIC,14577,6759,7818,716,395,386,255,149,2530,5112,4697,171,166,9749,4828,ITG,ITG1,19,Sicilia,Sicilia,4999891,994368,19.89,0.29
1850,2021-01-20,SIC,809,411,398,423,59,192,0,20,2,0,0,0,113,573,236,ITG,ITG1,19,Sicilia,Sicilia,4999891,995177,19.9,0.02
1851,2021-01-17,SIC,1299,587,712,621,319,160,0,12,8,3,0,0,176,1245,54,ITG,ITG1,19,Sicilia,Sicilia,4999891,996476,19.93,0.03
1852,2021-04-26,SIC,21460,10172,11288,470,219,473,73,1377,1346,3428,13893,50,131,13315,8145,ITG,ITG1,19,Sicilia,Sicilia,4999891,1017936,20.36,0.43
1853,2020-12-29,SIC,235,146,89,235,0,0,0,0,0,0,0,0,0,235,0,ITG,ITG1,19,Sicilia,Sicilia,4999891,1018171,20.36,0.0
1854,2021-03-06,SIC,12956,5184,7772,2003,1212,878,3652,106,20,3963,65,704,353,10049,2907,ITG,ITG1,19,Sicilia,Sicilia,4999891,1031127,20.62,0.26
1855,2021-03-22,SIC,16868,7948,8920,915,358,370,1231,151,2166,5647,5681,121,228,11315,5553,ITG,ITG1,19,Sicilia,Sicilia,4999891,1047995,20.96,0.34
1856,2021-04-10,SIC,20687,10101,10586,487,196,367,240,1395,1768,4247,11736,44,207,11629,9058,ITG,ITG1,19,Sicilia,Sicilia,4999891,1068682,21.37,0.41
1857,2021-02-05,SIC,7217,3232,3985,3618,1903,856,0,74,32,109,0,0,625,2132,5085,ITG,ITG1,19,Sicilia,Sicilia,4999891,1075899,21.52,0.14
1858,2020-12-30,SIC,173,101,72,156,11,0,0,0,0,0,0,0,6,173,0,ITG,ITG1,19,Sicilia,Sicilia,4999891,1076072,21.52,0.0
1859,2021-02-26,SIC,12248,5978,6270,1837,1124,399,2453,47,18,3954,1,1854,561,10558,1690,ITG,ITG1,19,Sicilia,Sicilia,4999891,1088320,21.77,0.24
1860,2021-02-09,SIC,4371,1831,2540,2241,871,640,0,59,27,15,0,0,518,3365,1006,ITG,ITG1,19,Sicilia,Sicilia,4999891,1092691,21.85,0.09
1861,2021-03-17,SIC,15422,7569,7853,1403,538,665,306,158,206,5778,6049,73,246,9475,5947,ITG,ITG1,19,Sicilia,Sicilia,4999891,1108113,22.16,0.31
1862,2021-02-22,SIC,8039,4162,3877,1107,452,561,322,30,10,4149,0,1153,255,7547,492,ITG,ITG1,19,Sicilia,Sicilia,4999891,1116152,22.32,0.16
1863,2021-03-19,SIC,16506,8124,8382,1262,570,601,456,149,579,5434,7120,52,283,10777,5729,ITG,ITG1,19,Sicilia,Sicilia,4999891,1132658,22.65,0.33
1864,2021-01-06,SIC,6471,3402,3069,5717,434,2,0,51,31,15,0,0,221,6471,0,ITG,ITG1,19,Sicilia,Sicilia,4999891,1139129,22.78,0.13
1865,2021-04-15,SIC,21419,10412,11007,801,448,345,112,1746,1530,4206,11997,35,199,11829,9590,ITG,ITG1,19,Sicilia,Sicilia,4999891,1160548,23.21,0.43
1866,2021-01-08,SIC,8328,3864,4464,6591,942,213,0,78,33,23,0,0,448,8328,0,ITG,ITG1,19,Sicilia,Sicilia,4999891,1168876,23.38,0.17
1867,2021-03-01,SIC,12983,6131,6852,1558,1042,395,3154,58,18,4376,34,1859,489,11324,1659,ITG,ITG1,19,Sicilia,Sicilia,4999891,1181859,23.64,0.26
1868,2021-03-28,SIC,11038,5183,5855,535,303,171,187,90,948,4520,4114,28,142,7021,4017,ITG,ITG1,19,Sicilia,Sicilia,4999891,1192897,23.86,0.22
1869,2021-01-12,SIC,4543,2235,2308,2863,1177,195,0,61,14,29,0,0,204,4543,0,ITG,ITG1,19,Sicilia,Sicilia,4999891,1197440,23.95,0.09
1870,2020-12-31,SIC,878,470,408,828,6,0,0,4,0,0,0,0,40,878,0,ITG,ITG1,19,Sicilia,Sicilia,4999891,1198318,23.97,0.02
1871,2021-01-05,SIC,10528,5160,5368,9075,915,207,0,47,7,4,0,0,273,10528,0,ITG,ITG1,19,Sicilia,Sicilia,4999891,1208846,24.18,0.21
1872,2021-01-22,SIC,1236,626,610,1036,59,118,0,3,0,0,0,0,20,242,994,ITG,ITG1,19,Sicilia,Sicilia,4999891,1210082,24.2,0.02
1873,2021-01-01,SIC,815,437,378,740,29,0,0,10,0,0,0,0,36,815,0,ITG,ITG1,19,Sicilia,Sicilia,4999891,1210897,24.22,0.02
1874,2021-01-29,SIC,9363,4323,5040,7154,1601,305,0,27,8,79,0,0,189,432,8931,ITG,ITG1,19,Sicilia,Sicilia,4999891,1220260,24.41,0.19
1875,2021-03-18,SIC,15645,7794,7851,1284,500,617,37,162,191,5468,7022,73,291,9919,5726,ITG,ITG1,19,Sicilia,Sicilia,4999891,1235905,24.72,0.31
1876,2021-03-12,SIC,13125,5620,7505,1387,866,741,2407,238,1989,3885,158,627,827,10901,2224,ITG,ITG1,19,Sicilia,Sicilia,4999891,1249030,24.98,0.26
1877,2021-02-27,SIC,12450,5570,6880,1515,777,280,3371,149,11,3976,2,1146,1223,11239,1211,ITG,ITG1,19,Sicilia,Sicilia,4999891,1261480,25.23,0.25
1878,2021-03-10,SIC,13991,5977,8014,1481,1362,983,3767,148,24,4189,154,1120,763,11600,2391,ITG,ITG1,19,Sicilia,Sicilia,4999891,1275471,25.51,0.28
1879,2021-01-21,SIC,1336,652,684,1008,124,138,0,11,4,0,0,0,51,500,836,ITG,ITG1,19,Sicilia,Sicilia,4999891,1276807,25.54,0.03
1880,2021-04-17,SIC,26179,13225,12954,324,100,241,89,7813,2370,3875,11178,31,158,19024,7155,ITG,ITG1,19,Sicilia,Sicilia,4999891,1302986,26.06,0.52
1881,2020-12-27,SIC,90,54,36,62,1,26,0,0,0,0,0,0,1,90,0,ITG,ITG1,19,Sicilia,Sicilia,4999891,1303076,26.06,0.0
1882,2021-02-20,SIC,7285,3737,3548,848,712,561,175,39,14,3987,9,730,210,7033,252,ITG,ITG1,19,Sicilia,Sicilia,4999891,1310361,26.21,0.15
1883,2021-01-26,BAS,793,350,443,622,70,35,0,18,0,0,0,0,48,101,692,ITF,ITF5,17,Basilicata,Basilicata,559084,793,0.14,0.14
1884,2021-01-31,BAS,77,24,53,75,2,0,0,0,0,0,0,0,0,0,77,ITF,ITF5,17,Basilicata,Basilicata,559084,870,0.16,0.01
1885,2021-02-10,BAS,547,237,310,176,153,127,1,0,0,90,0,0,0,495,52,ITF,ITF5,17,Basilicata,Basilicata,559084,1417,0.25,0.1
1886,2021-04-13,BAS,2135,1060,1075,147,15,1,73,420,443,821,178,6,31,1303,832,ITF,ITF5,17,Basilicata,Basilicata,559084,3552,0.64,0.38
1887,2021-03-27,BAS,2060,762,1298,18,34,0,381,11,17,1555,30,0,14,1746,314,ITF,ITF5,17,Basilicata,Basilicata,559084,5612,1.0,0.37
1888,2021-04-15,BAS,3454,1675,1779,115,37,1,35,243,207,738,2038,6,34,2645,809,ITF,ITF5,17,Basilicata,Basilicata,559084,9066,1.62,0.62
1889,2021-03-10,BAS,1650,814,836,101,57,33,273,1,4,877,2,300,2,811,839,ITF,ITF5,17,Basilicata,Basilicata,559084,10716,1.92,0.3
1890,2021-03-08,BAS,1450,707,743,221,158,38,273,7,12,410,2,299,30,840,610,ITF,ITF5,17,Basilicata,Basilicata,559084,12166,2.18,0.26
1891,2021-03-28,BAS,2148,745,1403,92,6,8,713,3,8,1279,7,2,30,2126,22,ITF,ITF5,17,Basilicata,Basilicata,559084,14314,2.56,0.38
1892,2021-03-20,BAS,1286,566,720,45,69,0,178,0,8,950,30,5,1,275,1011,ITF,ITF5,17,Basilicata,Basilicata,559084,15600,2.79,0.23
1893,2021-04-06,BAS,1402,480,922,206,70,7,588,29,8,345,61,27,61,1206,196,ITF,ITF5,17,Basilicata,Basilicata,559084,17002,3.04,0.25
1894,2021-04-26,BAS,4450,2160,2290,24,12,0,68,440,1007,173,2633,17,76,4242,208,ITF,ITF5,17,Basilicata,Basilicata,559084,21452,3.84,0.8
1895,2021-03-19,BAS,2284,988,1296,58,96,0,142,1,8,1950,2,22,5,261,2023,ITF,ITF5,17,Basilicata,Basilicata,559084,23736,4.25,0.41
1896,2021-01-29,BAS,613,229,384,398,38,70,0,41,2,16,0,0,48,63,550,ITF,ITF5,17,Basilicata,Basilicata,559084,24349,4.36,0.11
1897,2021-02-24,BAS,1803,743,1060,85,14,2,0,4,8,1686,0,1,3,1734,69,ITF,ITF5,17,Basilicata,Basilicata,559084,26152,4.68,0.32
1898,2021-02-07,BAS,373,159,214,259,74,40,0,0,0,0,0,0,0,49,324,ITF,ITF5,17,Basilicata,Basilicata,559084,26525,4.74,0.07
1899,2021-01-17,BAS,328,133,195,233,12,54,0,5,1,0,0,0,23,327,1,ITF,ITF5,17,Basilicata,Basilicata,559084,26853,4.8,0.06
1900,2021-04-11,BAS,847,330,517,74,3,9,225,3,5,47,473,3,5,786,61,ITF,ITF5,17,Basilicata,Basilicata,559084,27700,4.95,0.15
1901,2021-01-21,BAS,30,10,20,0,0,0,0,2,0,4,0,0,24,30,0,ITF,ITF5,17,Basilicata,Basilicata,559084,27730,4.96,0.01
1902,2021-04-12,BAS,2249,1086,1163,227,24,31,102,719,440,523,157,14,12,1675,574,ITF,ITF5,17,Basilicata,Basilicata,559084,29979,5.36,0.4
1903,2021-02-23,BAS,1901,771,1130,159,24,35,0,4,15,1658,0,0,6,1763,138,ITF,ITF5,17,Basilicata,Basilicata,559084,31880,5.7,0.34
1904,2021-02-26,BAS,2148,904,1244,88,94,1,0,2,6,1954,0,0,3,2069,79,ITF,ITF5,17,Basilicata,Basilicata,559084,34028,6.09,0.38
1905,2021-01-25,BAS,1020,427,593,828,80,1,0,33,2,0,0,0,76,74,946,ITF,ITF5,17,Basilicata,Basilicata,559084,35048,6.27,0.18
1906,2021-03-21,BAS,1045,480,565,32,1,0,159,2,9,803,0,0,39,352,693,ITF,ITF5,17,Basilicata,Basilicata,559084,36093,6.46,0.19
1907,2021-03-05,BAS,1849,855,994,298,157,72,309,6,12,689,2,296,8,1104,745,ITF,ITF5,17,Basilicata,Basilicata,559084,37942,6.79,0.33
1908,2021-01-07,BAS,640,319,321,556,8,29,0,16,0,0,0,0,31,640,0,ITF,ITF5,17,Basilicata,Basilicata,559084,38582,6.9,0.11
1909,2021-04-04,BAS,543,215,328,9,8,0,88,7,0,406,20,4,1,130,413,ITF,ITF5,17,Basilicata,Basilicata,559084,39125,7.0,0.1
1910,2021-04-17,BAS,3456,1655,1801,53,7,0,10,13,17,1235,2104,12,5,2191,1265,ITF,ITF5,17,Basilicata,Basilicata,559084,42581,7.62,0.62
1911,2021-04-22,BAS,5034,2345,2689,61,17,23,85,273,903,1449,2079,61,83,3433,1601,ITF,ITF5,17,Basilicata,Basilicata,559084,47615,8.52,0.9
1912,2021-03-03,BAS,1740,813,927,191,298,99,244,3,3,590,58,253,1,1184,556,ITF,ITF5,17,Basilicata,Basilicata,559084,49355,8.83,0.31
1913,2021-03-06,BAS,1351,535,816,296,140,57,259,0,2,383,0,212,2,757,594,ITF,ITF5,17,Basilicata,Basilicata,559084,50706,9.07,0.24
1914,2021-01-22,BAS,67,24,43,6,0,0,0,13,10,19,0,0,19,67,0,ITF,ITF5,17,Basilicata,Basilicata,559084,50773,9.08,0.01
1915,2021-03-25,BAS,1731,577,1154,38,52,11,645,4,12,915,27,24,3,1419,312,ITF,ITF5,17,Basilicata,Basilicata,559084,52504,9.39,0.31
1916,2021-03-16,BAS,1899,799,1100,103,30,0,62,4,13,1671,2,6,8,228,1671,ITF,ITF5,17,Basilicata,Basilicata,559084,54403,9.73,0.34
1917,2021-01-09,BAS,557,160,397,386,55,67,1,7,0,0,0,0,41,557,0,ITF,ITF5,17,Basilicata,Basilicata,559084,54960,9.83,0.1
1918,2021-02-15,BAS,621,232,389,191,134,46,0,0,3,246,0,1,0,580,41,ITF,ITF5,17,Basilicata,Basilicata,559084,55581,9.94,0.11
1919,2021-03-13,BAS,1794,888,906,82,325,46,213,2,6,864,1,245,10,749,1045,ITF,ITF5,17,Basilicata,Basilicata,559084,57375,10.26,0.32
1920,2021-02-09,BAS,491,213,278,200,237,54,0,0,0,0,0,0,0,316,175,ITF,ITF5,17,Basilicata,Basilicata,559084,57866,10.35,0.09
1921,2020-12-27,BAS,106,41,65,104,0,0,0,0,0,0,0,0,2,106,0,ITF,ITF5,17,Basilicata,Basilicata,559084,57972,10.37,0.02
1922,2021-01-27,BAS,411,175,236,299,17,26,0,12,9,25,0,0,23,113,298,ITF,ITF5,17,Basilicata,Basilicata,559084,58383,10.44,0.07
1923,2021-01-02,BAS,949,380,569,855,43,0,3,9,0,0,0,0,39,949,0,ITF,ITF5,17,Basilicata,Basilicata,559084,59332,10.61,0.17
1924,2021-01-05,BAS,945,409,536,861,44,0,0,12,0,0,0,0,28,945,0,ITF,ITF5,17,Basilicata,Basilicata,559084,60277,10.78,0.17
1925,2021-01-20,BAS,84,22,62,0,0,0,0,10,8,43,0,0,23,84,0,ITF,ITF5,17,Basilicata,Basilicata,559084,60361,10.8,0.02
1926,2021-03-09,BAS,1391,706,685,222,51,33,238,2,2,545,0,292,6,787,604,ITF,ITF5,17,Basilicata,Basilicata,559084,61752,11.05,0.25
1927,2021-03-23,BAS,1198,492,706,49,5,2,279,5,2,827,5,21,3,1091,107,ITF,ITF5,17,Basilicata,Basilicata,559084,62950,11.26,0.21
1928,2021-04-20,BAS,4031,1916,2115,32,13,10,60,57,213,1698,1922,10,16,2195,1836,ITF,ITF5,17,Basilicata,Basilicata,559084,66981,11.98,0.72
1929,2021-01-15,BAS,813,350,463,578,21,174,0,5,1,1,0,0,33,813,0,ITF,ITF5,17,Basilicata,Basilicata,559084,67794,12.13,0.15
1930,2021-04-19,BAS,4213,1923,2290,77,21,58,125,30,103,1590,2159,11,39,2552,1661,ITF,ITF5,17,Basilicata,Basilicata,559084,72007,12.88,0.75
1931,2021-04-08,BAS,881,406,475,262,57,0,188,16,9,82,199,37,31,872,9,ITF,ITF5,17,Basilicata,Basilicata,559084,72888,13.04,0.16
1932,2021-01-11,BAS,183,66,117,107,21,41,0,4,0,0,0,0,10,183,0,ITF,ITF5,17,Basilicata,Basilicata,559084,73071,13.07,0.03
1933,2021-01-28,BAS,903,401,502,717,24,81,0,30,0,1,0,0,50,119,784,ITF,ITF5,17,Basilicata,Basilicata,559084,73974,13.23,0.16
1934,2021-03-11,BAS,1783,919,864,163,83,77,223,5,5,905,3,289,30,824,959,ITF,ITF5,17,Basilicata,Basilicata,559084,75757,13.55,0.32
1935,2021-03-02,BAS,791,381,410,110,33,5,213,5,4,184,0,237,0,656,135,ITF,ITF5,17,Basilicata,Basilicata,559084,76548,13.69,0.14
1936,2021-02-11,BAS,951,401,550,200,158,107,0,0,6,472,0,4,4,868,83,ITF,ITF5,17,Basilicata,Basilicata,559084,77499,13.86,0.17
1937,2021-04-14,BAS,2081,1011,1070,34,4,2,92,295,602,676,337,14,25,1391,690,ITF,ITF5,17,Basilicata,Basilicata,559084,79580,14.23,0.37
1938,2021-01-12,BAS,217,88,129,87,22,99,0,1,0,0,0,0,8,217,0,ITF,ITF5,17,Basilicata,Basilicata,559084,79797,14.27,0.04
1939,2021-01-23,BAS,707,299,408,592,38,1,0,18,2,8,0,0,48,33,674,ITF,ITF5,17,Basilicata,Basilicata,559084,80504,14.4,0.13
1940,2021-04-09,BAS,1146,351,795,142,16,1,618,12,12,137,126,50,32,1079,67,ITF,ITF5,17,Basilicata,Basilicata,559084,81650,14.6,0.2
1941,2021-01-14,BAS,969,413,556,504,112,323,0,6,0,0,0,0,24,969,0,ITF,ITF5,17,Basilicata,Basilicata,559084,82619,14.78,0.17
1942,2021-03-07,BAS,882,308,574,39,12,4,471,2,0,328,0,22,4,844,38,ITF,ITF5,17,Basilicata,Basilicata,559084,83501,14.94,0.16
1943,2021-01-18,BAS,463,157,306,364,52,45,0,0,0,0,0,0,2,364,99,ITF,ITF5,17,Basilicata,Basilicata,559084,83964,15.02,0.08
1944,2021-04-07,BAS,1401,580,821,268,21,20,584,8,10,107,340,23,20,1366,35,ITF,ITF5,17,Basilicata,Basilicata,559084,85365,15.27,0.25
1945,2021-03-04,BAS,1872,889,983,217,151,66,241,1,5,843,41,302,5,1079,793,ITF,ITF5,17,Basilicata,Basilicata,559084,87237,15.6,0.33
1946,2021-02-20,BAS,1161,531,630,77,171,80,0,0,9,810,11,0,3,1043,118,ITF,ITF5,17,Basilicata,Basilicata,559084,88398,15.81,0.21
1947,2021-04-05,BAS,437,166,271,2,3,0,71,2,1,338,15,4,1,135,302,ITF,ITF5,17,Basilicata,Basilicata,559084,88835,15.89,0.08
1948,2021-02-14,BAS,151,48,103,55,12,65,0,0,1,18,0,0,0,151,0,ITF,ITF5,17,Basilicata,Basilicata,559084,88986,15.92,0.03
1949,2021-02-19,BAS,1622,737,885,219,360,66,0,1,13,962,0,0,1,1560,62,ITF,ITF5,17,Basilicata,Basilicata,559084,90608,16.21,0.29
1950,2021-03-26,BAS,1938,704,1234,195,8,3,475,13,9,1190,21,8,16,1676,262,ITF,ITF5,17,Basilicata,Basilicata,559084,92546,16.55,0.35
1951,2021-01-08,BAS,554,219,335,383,33,59,0,36,0,0,0,0,43,554,0,ITF,ITF5,17,Basilicata,Basilicata,559084,93100,16.65,0.1
1952,2021-02-01,BAS,242,91,151,156,24,48,0,4,1,0,0,0,9,46,196,ITF,ITF5,17,Basilicata,Basilicata,559084,93342,16.7,0.04
1953,2021-01-16,BAS,721,304,417,466,17,161,2,17,0,1,0,0,57,721,0,ITF,ITF5,17,Basilicata,Basilicata,559084,94063,16.82,0.13
1954,2021-03-12,BAS,1896,975,921,266,64,37,258,1,8,985,0,274,3,798,1098,ITF,ITF5,17,Basilicata,Basilicata,559084,95959,17.16,0.34
1955,2021-01-19,BAS,199,84,115,78,48,44,0,3,6,8,0,0,12,199,0,ITF,ITF5,17,Basilicata,Basilicata,559084,96158,17.2,0.04
1956,2021-04-25,BAS,2985,1459,1526,18,10,12,84,184,648,33,1946,10,40,2929,56,ITF,ITF5,17,Basilicata,Basilicata,559084,99143,17.73,0.53
1957,2021-01-04,BAS,607,271,336,550,49,0,2,1,0,0,0,0,5,607,0,ITF,ITF5,17,Basilicata,Basilicata,559084,99750,17.84,0.11
1958,2021-04-01,BAS,2849,1153,1696,79,33,24,293,15,23,2192,104,17,69,2135,714,ITF,ITF5,17,Basilicata,Basilicata,559084,102599,18.35,0.51
1959,2021-03-14,BAS,1008,477,531,41,110,8,249,0,3,516,0,79,2,539,469,ITF,ITF5,17,Basilicata,Basilicata,559084,103607,18.53,0.18
1960,2021-04-24,BAS,4531,2195,2336,50,16,2,100,369,876,770,2248,13,87,3557,974,ITF,ITF5,17,Basilicata,Basilicata,559084,108138,19.34,0.81
1961,2021-03-17,BAS,1448,606,842,22,12,0,2,6,9,1390,0,5,2,27,1421,ITF,ITF5,17,Basilicata,Basilicata,559084,109586,19.6,0.26
1962,2021-04-21,BAS,3927,1840,2087,20,6,0,66,113,231,1492,1962,15,22,2268,1659,ITF,ITF5,17,Basilicata,Basilicata,559084,113513,20.3,0.7
1963,2021-02-12,BAS,775,332,443,288,192,90,0,3,4,192,0,6,0,744,31,ITF,ITF5,17,Basilicata,Basilicata,559084,114288,20.44,0.14
1964,2021-02-16,BAS,905,377,528,250,93,67,0,1,1,492,0,1,0,807,98,ITF,ITF5,17,Basilicata,Basilicata,559084,115193,20.6,0.16
1965,2021-02-27,BAS,1986,856,1130,103,123,21,0,16,6,1678,4,0,35,1822,164,ITF,ITF5,17,Basilicata,Basilicata,559084,117179,20.96,0.36
1966,2021-02-17,BAS,1135,493,642,123,53,57,1,0,12,885,0,1,3,1059,76,ITF,ITF5,17,Basilicata,Basilicata,559084,118314,21.16,0.2
1967,2021-02-04,BAS,1093,441,652,637,106,281,0,26,0,3,0,0,40,63,1030,ITF,ITF5,17,Basilicata,Basilicata,559084,119407,21.36,0.2
1968,2021-03-31,BAS,3251,1292,1959,68,46,0,234,20,13,2672,130,21,47,2467,784,ITF,ITF5,17,Basilicata,Basilicata,559084,122658,21.94,0.58
1969,2021-01-06,BAS,294,129,165,229,9,36,0,6,0,0,0,0,14,294,0,ITF,ITF5,17,Basilicata,Basilicata,559084,122952,21.99,0.05
1970,2021-03-01,BAS,540,279,261,121,107,4,50,1,1,169,0,86,1,376,164,ITF,ITF5,17,Basilicata,Basilicata,559084,123492,22.09,0.1
1971,2021-02-18,BAS,1070,401,669,270,59,150,0,0,0,588,0,0,3,855,215,ITF,ITF5,17,Basilicata,Basilicata,559084,124562,22.28,0.19
1972,2021-03-18,BAS,1346,561,785,30,0,0,0,1,7,1306,0,0,2,22,1324,ITF,ITF5,17,Basilicata,Basilicata,559084,125908,22.52,0.24
1973,2021-02-28,BAS,802,342,460,32,29,0,0,0,0,740,0,0,1,774,28,ITF,ITF5,17,Basilicata,Basilicata,559084,126710,22.66,0.14
1974,2021-02-21,BAS,284,113,171,16,1,11,1,0,1,254,0,0,0,284,0,ITF,ITF5,17,Basilicata,Basilicata,559084,126994,22.71,0.05
1975,2021-02-25,BAS,1787,736,1051,67,3,0,0,1,6,1705,0,1,4,1741,46,ITF,ITF5,17,Basilicata,Basilicata,559084,128781,23.03,0.32
1976,2021-02-22,BAS,1790,773,1017,125,23,2,0,2,7,1627,0,0,4,1737,53,ITF,ITF5,17,Basilicata,Basilicata,559084,130571,23.35,0.32
1977,2021-02-08,BAS,557,193,364,436,72,49,0,0,0,0,0,0,0,151,406,ITF,ITF5,17,Basilicata,Basilicata,559084,131128,23.45,0.1
1978,2021-04-18,BAS,3721,1846,1875,30,6,0,17,44,214,1341,2051,15,3,2353,1368,ITF,ITF5,17,Basilicata,Basilicata,559084,134849,24.12,0.67
1979,2021-04-03,BAS,1823,759,1064,43,3,0,314,12,8,1113,294,14,22,1479,344,ITF,ITF5,17,Basilicata,Basilicata,559084,136672,24.45,0.33
1980,2021-03-29,BAS,2691,988,1703,71,20,1,674,15,10,1790,60,8,42,2351,340,ITF,ITF5,17,Basilicata,Basilicata,559084,139363,24.93,0.48
1981,2021-03-15,BAS,2347,981,1366,78,30,0,266,3,6,1934,1,23,6,520,1827,ITF,ITF5,17,Basilicata,Basilicata,559084,141710,25.35,0.42
1982,2021-02-02,BAS,367,143,224,212,15,102,0,9,1,0,0,2,26,175,192,ITF,ITF5,17,Basilicata,Basilicata,559084,142077,25.41,0.07
1983,2021-01-30,BAS,704,227,477,424,82,126,0,20,0,0,0,0,52,128,576,ITF,ITF5,17,Basilicata,Basilicata,559084,142781,25.54,0.13
1984,2021-02-03,BAS,666,300,366,425,15,172,0,40,1,0,0,0,13,32,634,ITF,ITF5,17,Basilicata,Basilicata,559084,143447,25.66,0.12
1985,2021-04-23,BAS,4534,2181,2353,75,29,6,46,233,997,761,2244,22,121,3535,999,ITF,ITF5,17,Basilicata,Basilicata,559084,147981,26.47,0.81
1986,2021-01-03,BAS,900,344,556,790,53,0,2,7,0,0,0,0,48,900,0,ITF,ITF5,17,Basilicata,Basilicata,559084,148881,26.63,0.16
1987,2021-01-10,BAS,77,24,53,9,2,0,0,7,4,0,0,0,55,77,0,ITF,ITF5,17,Basilicata,Basilicata,559084,148958,26.64,0.01
1988,2021-03-30,BAS,2931,1197,1734,37,15,0,513,8,15,2206,99,13,25,2586,345,ITF,ITF5,17,Basilicata,Basilicata,559084,151889,27.17,0.52
1989,2021-02-05,BAS,983,443,540,611,37,191,0,23,8,5,0,0,108,64,919,ITF,ITF5,17,Basilicata,Basilicata,559084,152872,27.34,0.18
1990,2021-01-13,BAS,916,387,529,699,11,148,1,37,1,1,0,0,18,916,0,ITF,ITF5,17,Basilicata,Basilicata,559084,153788,27.51,0.16
1991,2021-03-24,BAS,1563,637,926,67,24,0,430,5,8,956,6,45,22,1209,354,ITF,ITF5,17,Basilicata,Basilicata,559084,155351,27.79,0.28
1992,2021-04-02,BAS,2318,1049,1269,97,34,2,25,18,33,1737,271,42,59,1711,607,ITF,ITF5,17,Basilicata,Basilicata,559084,157669,28.2,0.41
1993,2021-01-24,BAS,835,300,535,707,46,1,0,13,0,0,0,0,68,58,777,ITF,ITF5,17,Basilicata,Basilicata,559084,158504,28.35,0.15
1994,2021-02-06,BAS,902,367,535,546,186,168,1,1,0,0,0,0,0,146,756,ITF,ITF5,17,Basilicata,Basilicata,559084,159406,28.51,0.16
1995,2021-04-16,BAS,3354,1646,1708,32,21,1,71,19,35,885,2269,6,15,2439,915,ITF,ITF5,17,Basilicata,Basilicata,559084,162760,29.11,0.6
1996,2021-03-22,BAS,1172,529,643,46,68,0,385,2,4,642,7,16,2,626,546,ITF,ITF5,17,Basilicata,Basilicata,559084,163932,29.32,0.21
1997,2021-04-10,BAS,1037,384,653,64,12,8,486,5,4,148,282,21,7,955,82,ITF,ITF5,17,Basilicata,Basilicata,559084,164969,29.51,0.19
1998,2021-02-13,BAS,799,313,486,279,155,115,0,5,14,201,0,2,28,738,61,ITF,ITF5,17,Basilicata,Basilicata,559084,165768,29.65,0.14
1999,2021-04-09,VDA,233,110,123,0,0,7,0,154,32,29,8,0,3,200,33,ITC,ITC2,2,Valle d'Aosta / Vallée d'Aoste,Valle d'Aosta,125666,233,0.19,0.19
2000,2021-01-29,VDA,316,138,178,259,32,16,0,6,3,0,0,0,0,2,314,ITC,ITC2,2,Valle d'Aosta / Vallée d'Aoste,Valle d'Aosta,125666,549,0.44,0.25
2001,2021-03-20,VDA,205,85,120,5,4,15,1,86,46,14,1,27,6,170,35,ITC,ITC2,2,Valle d'Aosta / Vallée d'Aoste,Valle d'Aosta,125666,754,0.6,0.16
2002,2021-02-24,VDA,183,82,101,30,9,13,7,0,4,66,0,54,0,164,19,ITC,ITC2,2,Valle d'Aosta / Vallée d'Aoste,Valle d'Aosta,125666,937,0.75,0.15
2003,2021-01-09,VDA,443,199,244,225,183,22,0,7,6,0,0,0,0,443,0,ITC,ITC2,2,Valle d'Aosta / Vallée d'Aoste,Valle d'Aosta,125666,1380,1.1,0.35
2004,2021-02-07,VDA,292,120,172,110,63,0,3,1,1,105,7,2,0,190,102,ITC,ITC2,2,Valle d'Aosta / Vallée d'Aoste,Valle d'Aosta,125666,1672,1.33,0.23
2005,2021-03-29,VDA,490,232,258,6,5,18,0,50,172,209,23,1,6,451,39,ITC,ITC2,2,Valle d'Aosta / Vallée d'Aoste,Valle d'Aosta,125666,2162,1.72,0.39
2006,2021-02-16,VDA,325,53,272,10,0,14,236,11,8,32,0,4,10,320,5,ITC,ITC2,2,Valle d'Aosta / Vallée d'Aoste,Valle d'Aosta,125666,2487,1.98,0.26
2007,2021-01-21,VDA,33,12,21,0,0,33,0,0,0,0,0,0,0,33,0,ITC,ITC2,2,Valle d'Aosta / Vallée d'Aoste,Valle d'Aosta,125666,2520,2.01,0.03
2008,2021-02-21,VDA,18,3,15,0,0,18,0,0,0,0,0,0,0,0,18,ITC,ITC2,2,Valle d'Aosta / Vallée d'Aoste,Valle d'Aosta,125666,2538,2.02,0.01
2009,2021-03-25,VDA,386,154,232,10,0,1,1,8,57,287,14,0,8,377,9,ITC,ITC2,2,Valle d'Aosta / Vallée d'Aoste,Valle d'Aosta,125666,2924,2.33,0.31
2010,2021-03-15,VDA,361,122,239,20,4,10,65,8,16,217,14,7,0,159,202,ITC,ITC2,2,Valle d'Aosta / Vallée d'Aoste,Valle d'Aosta,125666,3285,2.61,0.29
2011,2021-01-30,VDA,437,202,235,232,181,12,0,7,4,0,0,0,1,14,423,ITC,ITC2,2,Valle d'Aosta / Vallée d'Aoste,Valle d'Aosta,125666,3722,2.96,0.35
2012,2021-01-14,VDA,237,69,168,151,62,0,0,16,6,2,0,0,0,237,0,ITC,ITC2,2,Valle d'Aosta / Vallée d'Aoste,Valle d'Aosta,125666,3959,3.15,0.19
2013,2021-04-19,VDA,748,323,425,11,5,2,1,103,132,311,175,1,7,540,208,ITC,ITC2,2,Valle d'Aosta / Vallée d'Aoste,Valle d'Aosta,125666,4707,3.75,0.6
2014,2021-02-22,VDA,316,94,222,62,10,39,67,0,15,111,0,6,6,213,103,ITC,ITC2,2,Valle d'Aosta / Vallée d'Aoste,Valle d'Aosta,125666,5023,4.0,0.25
2015,2021-03-04,VDA,291,139,152,56,19,2,2,3,10,160,2,14,23,42,249,ITC,ITC2,2,Valle d'Aosta / Vallée d'Aoste,Valle d'Aosta,125666,5314,4.23,0.23
2016,2021-01-13,VDA,337,110,227,166,138,28,0,3,2,0,0,0,0,337,0,ITC,ITC2,2,Valle d'Aosta / Vallée d'Aoste,Valle d'Aosta,125666,5651,4.5,0.27
2017,2021-04-10,VDA,401,189,212,2,2,1,0,109,223,22,30,0,12,396,5,ITC,ITC2,2,Valle d'Aosta / Vallée d'Aoste,Valle d'Aosta,125666,6052,4.82,0.32
2018,2021-02-05,VDA,294,102,192,159,52,0,0,14,16,53,0,0,0,101,193,ITC,ITC2,2,Valle d'Aosta / Vallée d'Aoste,Valle d'Aosta,125666,6346,5.05,0.23
2019,2021-04-16,VDA,596,261,335,63,10,2,0,235,79,25,172,0,10,594,2,ITC,ITC2,2,Valle d'Aosta / Vallée d'Aoste,Valle d'Aosta,125666,6942,5.52,0.47
2020,2021-03-13,VDA,142,84,58,2,11,0,3,80,0,0,0,24,22,142,0,ITC,ITC2,2,Valle d'Aosta / Vallée d'Aoste,Valle d'Aosta,125666,7084,5.64,0.11
2021,2021-04-14,VDA,933,424,509,16,3,0,1,83,257,403,150,3,17,711,222,ITC,ITC2,2,Valle d'Aosta / Vallée d'Aoste,Valle d'Aosta,125666,8017,6.38,0.74
2022,2021-04-15,VDA,806,375,431,30,1,0,1,232,134,241,153,2,12,667,139,ITC,ITC2,2,Valle d'Aosta / Vallée d'Aoste,Valle d'Aosta,125666,8823,7.02,0.64
2023,2021-03-27,VDA,332,164,168,23,12,14,1,111,72,66,4,21,8,301,31,ITC,ITC2,2,Valle d'Aosta / Vallée d'Aoste,Valle d'Aosta,125666,9155,7.29,0.26
2024,2021-03-07,VDA,64,30,34,16,3,0,1,1,4,26,0,2,11,11,53,ITC,ITC2,2,Valle d'Aosta / Vallée d'Aoste,Valle d'Aosta,125666,9219,7.34,0.05
2025,2021-01-18,VDA,213,74,139,29,7,27,0,104,0,46,0,0,0,213,0,ITC,ITC2,2,Valle d'Aosta / Vallée d'Aoste,Valle d'Aosta,125666,9432,7.51,0.17
2026,2021-02-27,VDA,230,84,146,69,8,2,0,10,4,128,0,4,5,124,106,ITC,ITC2,2,Valle d'Aosta / Vallée d'Aoste,Valle d'Aosta,125666,9662,7.69,0.18
2027,2021-01-02,VDA,6,5,1,0,0,6,0,0,0,0,0,0,0,6,0,ITC,ITC2,2,Valle d'Aosta / Vallée d'Aoste,Valle d'Aosta,125666,9668,7.69,0.0
2028,2021-03-18,VDA,134,43,91,4,0,25,0,0,2,101,1,1,0,98,36,ITC,ITC2,2,Valle d'Aosta / Vallée d'Aoste,Valle d'Aosta,125666,9802,7.8,0.11
2029,2021-01-22,VDA,56,21,35,36,0,20,0,0,0,0,0,0,0,20,36,ITC,ITC2,2,Valle d'Aosta / Vallée d'Aoste,Valle d'Aosta,125666,9858,7.84,0.04
2030,2021-02-06,VDA,289,104,185,170,36,0,0,1,2,74,5,1,0,92,197,ITC,ITC2,2,Valle d'Aosta / Vallée d'Aoste,Valle d'Aosta,125666,10147,8.07,0.23
2031,2021-03-10,VDA,436,182,254,9,0,17,0,1,19,361,20,7,2,225,211,ITC,ITC2,2,Valle d'Aosta / Vallée d'Aoste,Valle d'Aosta,125666,10583,8.42,0.35
2032,2021-03-02,VDA,339,166,173,17,9,39,5,34,1,145,0,65,24,336,3,ITC,ITC2,2,Valle d'Aosta / Vallée d'Aoste,Valle d'Aosta,125666,10922,8.69,0.27
2033,2021-01-20,VDA,23,8,15,0,0,6,0,0,0,17,0,0,0,23,0,ITC,ITC2,2,Valle d'Aosta / Vallée d'Aoste,Valle d'Aosta,125666,10945,8.71,0.02
2034,2021-03-11,VDA,192,72,120,2,0,7,2,1,10,167,1,1,1,64,128,ITC,ITC2,2,Valle d'Aosta / Vallée d'Aoste,Valle d'Aosta,125666,11137,8.86,0.15
2035,2021-02-20,VDA,251,210,41,6,17,11,9,3,2,8,0,183,12,241,10,ITC,ITC2,2,Valle d'Aosta / Vallée d'Aoste,Valle d'Aosta,125666,11388,9.06,0.2
2036,2021-04-08,VDA,582,282,300,6,0,4,2,50,146,281,80,0,13,438,144,ITC,ITC2,2,Valle d'Aosta / Vallée d'Aoste,Valle d'Aosta,125666,11970,9.53,0.46
2037,2021-01-11,VDA,325,112,213,238,50,30,0,3,3,0,0,0,1,325,0,ITC,ITC2,2,Valle d'Aosta / Vallée d'Aoste,Valle d'Aosta,125666,12295,9.78,0.26
2038,2021-04-17,VDA,635,405,230,8,8,0,2,158,197,46,206,0,10,633,2,ITC,ITC2,2,Valle d'Aosta / Vallée d'Aoste,Valle d'Aosta,125666,12930,10.29,0.51
2039,2021-04-11,VDA,476,207,269,2,3,0,3,265,142,5,47,0,9,476,0,ITC,ITC2,2,Valle d'Aosta / Vallée d'Aoste,Valle d'Aosta,125666,13406,10.67,0.38
2040,2021-02-23,VDA,216,123,93,0,1,0,16,0,0,0,0,46,153,216,0,ITC,ITC2,2,Valle d'Aosta / Vallée d'Aoste,Valle d'Aosta,125666,13622,10.84,0.17
2041,2021-03-17,VDA,430,185,245,35,4,15,7,14,23,253,9,42,28,270,160,ITC,ITC2,2,Valle d'Aosta / Vallée d'Aoste,Valle d'Aosta,125666,14052,11.18,0.34
2042,2021-02-09,VDA,251,84,167,78,16,14,53,8,3,75,2,1,1,68,183,ITC,ITC2,2,Valle d'Aosta / Vallée d'Aoste,Valle d'Aosta,125666,14303,11.38,0.2
2043,2021-02-17,VDA,327,144,183,25,1,30,0,0,16,237,0,17,1,227,100,ITC,ITC2,2,Valle d'Aosta / Vallée d'Aoste,Valle d'Aosta,125666,14630,11.64,0.26
2044,2021-03-06,VDA,22,4,18,13,0,5,0,0,0,4,0,0,0,22,0,ITC,ITC2,2,Valle d'Aosta / Vallée d'Aoste,Valle d'Aosta,125666,14652,11.66,0.02
2045,2021-02-26,VDA,206,57,149,67,8,6,1,6,6,102,1,4,5,122,84,ITC,ITC2,2,Valle d'Aosta / Vallée d'Aoste,Valle d'Aosta,125666,14858,11.82,0.16
2046,2021-04-21,VDA,865,409,456,21,16,1,5,66,152,285,259,10,50,618,247,ITC,ITC2,2,Valle d'Aosta / Vallée d'Aoste,Valle d'Aosta,125666,15723,12.51,0.69
2047,2021-01-05,VDA,150,54,96,127,11,11,0,0,1,0,0,0,0,150,0,ITC,ITC2,2,Valle d'Aosta / Vallée d'Aoste,Valle d'Aosta,125666,15873,12.63,0.12
2048,2021-01-08,VDA,299,130,169,240,35,16,0,5,3,0,0,0,0,299,0,ITC,ITC2,2,Valle d'Aosta / Vallée d'Aoste,Valle d'Aosta,125666,16172,12.87,0.24
2049,2021-04-25,VDA,845,406,439,2,7,0,1,297,334,55,127,1,21,707,138,ITC,ITC2,2,Valle d'Aosta / Vallée d'Aoste,Valle d'Aosta,125666,17017,13.54,0.67
2050,2020-12-31,VDA,18,4,14,16,2,0,0,0,0,0,0,0,0,18,0,ITC,ITC2,2,Valle d'Aosta / Vallée d'Aoste,Valle d'Aosta,125666,17035,13.56,0.01
2051,2021-03-14,VDA,390,200,190,6,21,0,52,205,1,0,0,34,71,390,0,ITC,ITC2,2,Valle d'Aosta / Vallée d'Aoste,Valle d'Aosta,125666,17425,13.87,0.31
2052,2021-03-01,VDA,181,66,115,19,8,29,0,0,3,116,2,2,2,147,34,ITC,ITC2,2,Valle d'Aosta / Vallée d'Aoste,Valle d'Aosta,125666,17606,14.01,0.14
2053,2021-04-22,VDA,1062,446,616,9,3,3,3,182,249,464,126,2,21,684,378,ITC,ITC2,2,Valle d'Aosta / Vallée d'Aoste,Valle d'Aosta,125666,18668,14.86,0.85
2054,2021-01-10,VDA,220,71,149,172,25,19,0,4,0,0,0,0,0,220,0,ITC,ITC2,2,Valle d'Aosta / Vallée d'Aoste,Valle d'Aosta,125666,18888,15.03,0.18
2055,2021-03-03,VDA,255,118,137,9,11,1,4,4,9,208,6,1,2,186,69,ITC,ITC2,2,Valle d'Aosta / Vallée d'Aoste,Valle d'Aosta,125666,19143,15.23,0.2
2056,2021-01-06,VDA,65,33,32,29,8,18,0,7,3,0,0,0,0,65,0,ITC,ITC2,2,Valle d'Aosta / Vallée d'Aoste,Valle d'Aosta,125666,19208,15.28,0.05
2057,2021-04-23,VDA,915,439,476,40,7,28,0,164,276,250,138,0,12,532,383,ITC,ITC2,2,Valle d'Aosta / Vallée d'Aoste,Valle d'Aosta,125666,20123,16.01,0.73
2058,2021-04-02,VDA,868,343,525,61,9,12,177,88,167,195,74,11,74,645,223,ITC,ITC2,2,Valle d'Aosta / Vallée d'Aoste,Valle d'Aosta,125666,20991,16.7,0.69
2059,2021-03-12,VDA,529,175,354,14,8,7,255,44,21,148,8,2,22,303,226,ITC,ITC2,2,Valle d'Aosta / Vallée d'Aoste,Valle d'Aosta,125666,21520,17.12,0.42
2060,2021-01-12,VDA,302,72,230,242,34,11,0,14,1,0,0,0,0,302,0,ITC,ITC2,2,Valle d'Aosta / Vallée d'Aoste,Valle d'Aosta,125666,21822,17.37,0.24
2061,2021-03-16,VDA,176,36,140,2,0,13,0,15,14,119,0,0,13,115,61,ITC,ITC2,2,Valle d'Aosta / Vallée d'Aoste,Valle d'Aosta,125666,21998,17.51,0.14
2062,2021-04-04,VDA,569,251,318,1,8,0,94,270,155,22,5,4,10,568,1,ITC,ITC2,2,Valle d'Aosta / Vallée d'Aoste,Valle d'Aosta,125666,22567,17.96,0.45
2063,2021-02-11,VDA,231,107,124,53,21,0,0,2,10,128,1,13,3,222,9,ITC,ITC2,2,Valle d'Aosta / Vallée d'Aoste,Valle d'Aosta,125666,22798,18.14,0.18
2064,2021-04-20,VDA,929,429,500,25,9,8,2,152,174,278,251,1,29,738,191,ITC,ITC2,2,Valle d'Aosta / Vallée d'Aoste,Valle d'Aosta,125666,23727,18.88,0.74
2065,2021-03-26,VDA,494,203,291,4,2,0,226,54,78,99,3,3,25,487,7,ITC,ITC2,2,Valle d'Aosta / Vallée d'Aoste,Valle d'Aosta,125666,24221,19.27,0.39
2066,2021-01-15,VDA,218,82,136,116,32,28,0,18,17,6,0,0,1,218,0,ITC,ITC2,2,Valle d'Aosta / Vallée d'Aoste,Valle d'Aosta,125666,24439,19.45,0.17
2067,2021-03-24,VDA,512,230,282,8,5,0,1,16,34,420,18,3,7,257,255,ITC,ITC2,2,Valle d'Aosta / Vallée d'Aoste,Valle d'Aosta,125666,24951,19.86,0.41
2068,2020-12-27,VDA,20,9,11,20,0,0,0,0,0,0,0,0,0,20,0,ITC,ITC2,2,Valle d'Aosta / Vallée d'Aoste,Valle d'Aosta,125666,24971,19.87,0.02
2069,2021-04-01,VDA,770,391,379,1,1,0,0,205,303,200,53,0,7,759,11,ITC,ITC2,2,Valle d'Aosta / Vallée d'Aoste,Valle d'Aosta,125666,25741,20.48,0.61
2070,2021-02-08,VDA,223,83,140,28,19,3,25,82,0,64,0,0,2,25,198,ITC,ITC2,2,Valle d'Aosta / Vallée d'Aoste,Valle d'Aosta,125666,25964,20.66,0.18
2071,2021-02-02,VDA,271,70,201,225,34,3,0,8,1,0,0,0,0,2,269,ITC,ITC2,2,Valle d'Aosta / Vallée d'Aoste,Valle d'Aosta,125666,26235,20.88,0.22
2072,2021-03-23,VDA,375,149,226,13,2,7,7,37,18,279,0,9,3,242,133,ITC,ITC2,2,Valle d'Aosta / Vallée d'Aoste,Valle d'Aosta,125666,26610,21.18,0.3
2073,2021-04-07,VDA,904,472,432,15,0,0,1,84,270,390,91,0,53,676,228,ITC,ITC2,2,Valle d'Aosta / Vallée d'Aoste,Valle d'Aosta,125666,27514,21.89,0.72
2074,2021-03-22,VDA,557,204,353,36,5,18,17,54,37,340,29,11,10,331,226,ITC,ITC2,2,Valle d'Aosta / Vallée d'Aoste,Valle d'Aosta,125666,28071,22.34,0.44
2075,2021-02-10,VDA,248,77,171,51,14,26,18,4,3,128,0,1,3,141,107,ITC,ITC2,2,Valle d'Aosta / Vallée d'Aoste,Valle d'Aosta,125666,28319,22.54,0.2
2076,2021-01-17,VDA,131,56,75,49,2,20,0,1,0,59,0,0,0,131,0,ITC,ITC2,2,Valle d'Aosta / Vallée d'Aoste,Valle d'Aosta,125666,28450,22.64,0.1
2077,2021-04-26,VDA,693,312,381,11,2,0,2,79,246,208,124,7,14,525,168,ITC,ITC2,2,Valle d'Aosta / Vallée d'Aoste,Valle d'Aosta,125666,29143,23.19,0.55
2078,2021-02-15,VDA,264,136,128,24,2,25,2,0,6,173,2,29,1,229,35,ITC,ITC2,2,Valle d'Aosta / Vallée d'Aoste,Valle d'Aosta,125666,29407,23.4,0.21
2079,2021-03-28,VDA,520,212,308,51,10,0,46,168,99,53,18,55,20,519,1,ITC,ITC2,2,Valle d'Aosta / Vallée d'Aoste,Valle d'Aosta,125666,29927,23.81,0.41
2080,2021-03-19,VDA,319,84,235,8,1,21,209,42,1,9,0,1,27,284,35,ITC,ITC2,2,Valle d'Aosta / Vallée d'Aoste,Valle d'Aosta,125666,30246,24.07,0.25
2081,2021-01-28,VDA,290,123,167,202,35,6,0,12,7,2,0,0,26,56,234,ITC,ITC2,2,Valle d'Aosta / Vallée d'Aoste,Valle d'Aosta,125666,30536,24.3,0.23
2082,2021-04-13,VDA,371,171,200,2,1,8,0,69,108,120,54,0,9,327,44,ITC,ITC2,2,Valle d'Aosta / Vallée d'Aoste,Valle d'Aosta,125666,30907,24.59,0.3
2083,2021-01-27,VDA,151,71,80,55,8,18,0,10,3,53,0,0,4,79,72,ITC,ITC2,2,Valle d'Aosta / Vallée d'Aoste,Valle d'Aosta,125666,31058,24.71,0.12
2084,2021-03-09,VDA,204,96,108,2,0,23,25,56,5,36,0,39,18,172,32,ITC,ITC2,2,Valle d'Aosta / Vallée d'Aoste,Valle d'Aosta,125666,31262,24.88,0.16
2085,2021-02-13,VDA,215,195,20,0,0,0,0,0,0,0,0,215,0,215,0,ITC,ITC2,2,Valle d'Aosta / Vallée d'Aoste,Valle d'Aosta,125666,31477,25.05,0.17
2086,2021-01-19,VDA,256,77,179,160,10,15,0,10,3,57,0,0,1,256,0,ITC,ITC2,2,Valle d'Aosta / Vallée d'Aoste,Valle d'Aosta,125666,31733,25.25,0.2
2087,2021-02-14,VDA,48,16,32,6,0,42,0,0,0,0,0,0,0,1,47,ITC,ITC2,2,Valle d'Aosta / Vallée d'Aoste,Valle d'Aosta,125666,31781,25.29,0.04
2088,2021-01-26,VDA,139,48,91,115,11,12,0,0,1,0,0,0,0,0,139,ITC,ITC2,2,Valle d'Aosta / Vallée d'Aoste,Valle d'Aosta,125666,31920,25.4,0.11
2089,2021-02-12,VDA,263,96,167,51,13,28,5,2,10,133,18,0,3,217,46,ITC,ITC2,2,Valle d'Aosta / Vallée d'Aoste,Valle d'Aosta,125666,32183,25.61,0.21
2090,2021-02-03,VDA,351,114,237,157,136,52,0,4,1,1,0,0,0,14,337,ITC,ITC2,2,Valle d'Aosta / Vallée d'Aoste,Valle d'Aosta,125666,32534,25.89,0.28
2091,2021-01-25,VDA,147,65,82,125,13,6,0,3,0,0,0,0,0,0,147,ITC,ITC2,2,Valle d'Aosta / Vallée d'Aoste,Valle d'Aosta,125666,32681,26.01,0.12
2092,2021-04-12,VDA,479,181,298,8,8,22,2,88,60,227,61,0,3,319,160,ITC,ITC2,2,Valle d'Aosta / Vallée d'Aoste,Valle d'Aosta,125666,33160,26.39,0.38
2093,2021-02-01,VDA,403,127,276,268,56,70,0,2,2,3,0,0,2,87,316,ITC,ITC2,2,Valle d'Aosta / Vallée d'Aoste,Valle d'Aosta,125666,33563,26.71,0.32
2094,2021-03-31,VDA,550,300,250,6,0,0,0,22,307,202,6,0,7,525,25,ITC,ITC2,2,Valle d'Aosta / Vallée d'Aoste,Valle d'Aosta,125666,34113,27.15,0.44
2095,2021-01-07,VDA,275,111,164,224,38,5,0,3,2,0,0,0,3,275,0,ITC,ITC2,2,Valle d'Aosta / Vallée d'Aoste,Valle d'Aosta,125666,34388,27.36,0.22
2096,2021-03-08,VDA,481,231,250,28,1,13,1,6,25,365,7,28,7,237,244,ITC,ITC2,2,Valle d'Aosta / Vallée d'Aoste,Valle d'Aosta,125666,34869,27.75,0.38
2097,2021-03-30,VDA,399,221,178,9,2,5,5,32,180,124,27,9,6,380,19,ITC,ITC2,2,Valle d'Aosta / Vallée d'Aoste,Valle d'Aosta,125666,35268,28.06,0.32
2098,2021-04-18,VDA,513,251,262,9,6,3,4,202,82,12,182,0,13,509,4,ITC,ITC2,2,Valle d'Aosta / Vallée d'Aoste,Valle d'Aosta,125666,35781,28.47,0.41
2099,2021-03-05,VDA,275,124,151,51,10,13,5,4,10,138,18,0,26,53,222,ITC,ITC2,2,Valle d'Aosta / Vallée d'Aoste,Valle d'Aosta,125666,36056,28.69,0.22
2100,2021-01-16,VDA,236,80,156,127,32,22,0,2,2,51,0,0,0,236,0,ITC,ITC2,2,Valle d'Aosta / Vallée d'Aoste,Valle d'Aosta,125666,36292,28.88,0.19
2101,2021-04-06,VDA,739,379,360,24,4,1,0,55,192,239,158,14,52,627,112,ITC,ITC2,2,Valle d'Aosta / Vallée d'Aoste,Valle d'Aosta,125666,37031,29.47,0.59
2102,2021-04-24,VDA,709,394,315,14,7,7,1,131,172,88,237,4,48,543,166,ITC,ITC2,2,Valle d'Aosta / Vallée d'Aoste,Valle d'Aosta,125666,37740,30.03,0.56
2103,2021-02-04,VDA,294,86,208,168,76,34,0,12,3,1,0,0,0,8,286,ITC,ITC2,2,Valle d'Aosta / Vallée d'Aoste,Valle d'Aosta,125666,38034,30.27,0.23
2104,2021-02-28,VDA,260,86,174,78,36,24,4,7,10,94,0,3,4,77,183,ITC,ITC2,2,Valle d'Aosta / Vallée d'Aoste,Valle d'Aosta,125666,38294,30.47,0.21
2105,2021-03-21,VDA,353,164,189,2,5,0,28,208,57,1,0,27,25,353,0,ITC,ITC2,2,Valle d'Aosta / Vallée d'Aoste,Valle d'Aosta,125666,38647,30.75,0.28
2106,2021-01-31,VDA,290,90,200,231,33,18,0,5,0,0,0,0,3,58,232,ITC,ITC2,2,Valle d'Aosta / Vallée d'Aoste,Valle d'Aosta,125666,38937,30.98,0.23
2107,2021-04-05,VDA,458,221,237,18,3,0,34,186,117,8,84,0,8,455,3,ITC,ITC2,2,Valle d'Aosta / Vallée d'Aoste,Valle d'Aosta,125666,39395,31.35,0.36
2108,2021-02-18,VDA,349,153,196,61,9,45,8,6,17,184,0,16,3,261,88,ITC,ITC2,2,Valle d'Aosta / Vallée d'Aoste,Valle d'Aosta,125666,39744,31.63,0.28
2109,2021-02-19,VDA,292,102,190,17,1,35,65,3,16,154,0,0,1,268,24,ITC,ITC2,2,Valle d'Aosta / Vallée d'Aoste,Valle d'Aosta,125666,40036,31.86,0.23
2110,2021-01-04,VDA,142,59,83,126,14,0,0,2,0,0,0,0,0,142,0,ITC,ITC2,2,Valle d'Aosta / Vallée d'Aoste,Valle d'Aosta,125666,40178,31.97,0.11
2111,2021-02-25,VDA,201,101,100,6,4,12,2,84,1,0,0,27,65,194,7,ITC,ITC2,2,Valle d'Aosta / Vallée d'Aoste,Valle d'Aosta,125666,40379,32.13,0.16
2112,2021-04-03,VDA,673,339,334,13,11,4,1,117,333,58,69,5,62,658,15,ITC,ITC2,2,Valle d'Aosta / Vallée d'Aoste,Valle d'Aosta,125666,41052,32.67,0.54
2113,2021-04-14,CAL,8002,3870,4132,172,185,141,175,208,1539,1570,3825,74,113,6536,1466,ITF,ITF6,18,Calabria,Calabria,1947131,8002,0.41,0.41
2114,2021-01-30,CAL,2175,1148,1027,1976,189,0,0,3,0,1,0,0,6,358,1817,ITF,ITF6,18,Calabria,Calabria,1947131,10177,0.52,0.11
2115,2021-01-12,CAL,2058,1017,1041,1706,237,29,0,21,1,19,0,0,45,2058,0,ITF,ITF6,18,Calabria,Calabria,1947131,12235,0.63,0.11
2116,2021-04-02,CAL,8079,3689,4390,361,135,605,1154,115,177,2800,2247,198,287,4216,3863,ITF,ITF6,18,Calabria,Calabria,1947131,20314,1.04,0.41
2117,2021-04-04,CAL,1737,876,861,34,23,23,67,249,266,504,516,2,53,1236,501,ITF,ITF6,18,Calabria,Calabria,1947131,22051,1.13,0.09
2118,2021-02-25,CAL,2821,1519,1302,736,228,235,4,41,15,971,36,425,130,2242,579,ITF,ITF6,18,Calabria,Calabria,1947131,24872,1.28,0.14
2119,2021-02-11,CAL,2341,1043,1298,1464,372,241,0,25,18,156,0,0,65,1081,1260,ITF,ITF6,18,Calabria,Calabria,1947131,27213,1.4,0.12
2120,2021-03-07,CAL,3131,1561,1570,105,33,348,2,10,31,1741,474,363,24,3042,89,ITF,ITF6,18,Calabria,Calabria,1947131,30344,1.56,0.16
2121,2021-03-16,CAL,3778,1851,1927,460,203,22,30,49,79,2138,594,68,135,2180,1598,ITF,ITF6,18,Calabria,Calabria,1947131,34122,1.75,0.19
2122,2020-12-27,CAL,275,150,125,274,1,0,0,0,0,0,0,0,0,275,0,ITF,ITF6,18,Calabria,Calabria,1947131,34397,1.77,0.01
2123,2021-03-18,CAL,4247,1979,2268,360,210,232,45,65,115,2311,753,60,96,2278,1969,ITF,ITF6,18,Calabria,Calabria,1947131,38644,1.98,0.22
2124,2021-03-19,CAL,4186,1947,2239,486,121,295,102,64,114,2010,883,12,99,1900,2286,ITF,ITF6,18,Calabria,Calabria,1947131,42830,2.2,0.21
2125,2021-03-08,CAL,5323,2822,2501,708,245,453,3,49,65,1553,1138,849,260,4265,1058,ITF,ITF6,18,Calabria,Calabria,1947131,48153,2.47,0.27
2126,2021-01-29,CAL,2049,985,1064,1753,231,49,0,3,3,1,0,0,9,234,1815,ITF,ITF6,18,Calabria,Calabria,1947131,50202,2.58,0.11
2127,2021-01-27,CAL,1457,734,723,1226,201,23,0,4,0,0,0,0,3,396,1061,ITF,ITF6,18,Calabria,Calabria,1947131,51659,2.65,0.07
2128,2021-03-31,CAL,8824,4006,4818,378,283,653,2052,145,193,2693,1987,118,322,4884,3940,ITF,ITF6,18,Calabria,Calabria,1947131,60483,3.11,0.45
2129,2021-02-08,CAL,1847,733,1114,1214,406,121,0,14,1,0,0,0,91,661,1186,ITF,ITF6,18,Calabria,Calabria,1947131,62330,3.2,0.09
2130,2021-03-20,CAL,6482,2982,3500,432,100,408,466,72,124,3574,1022,74,210,4094,2388,ITF,ITF6,18,Calabria,Calabria,1947131,68812,3.53,0.33
2131,2021-02-24,CAL,1843,940,903,658,108,115,4,15,10,754,84,47,48,1368,475,ITF,ITF6,18,Calabria,Calabria,1947131,70655,3.63,0.09
2132,2021-01-22,CAL,658,274,384,298,146,112,0,37,29,4,0,0,32,656,2,ITF,ITF6,18,Calabria,Calabria,1947131,71313,3.66,0.03
2133,2021-04-21,CAL,11483,5782,5701,260,200,196,238,1608,2286,1124,5162,187,222,8571,2912,ITF,ITF6,18,Calabria,Calabria,1947131,82796,4.25,0.59
2134,2021-01-09,CAL,1916,1036,880,1529,315,0,0,26,2,1,0,0,43,1916,0,ITF,ITF6,18,Calabria,Calabria,1947131,84712,4.35,0.1
2135,2021-01-21,CAL,958,444,514,735,82,115,0,4,2,0,0,0,20,929,29,ITF,ITF6,18,Calabria,Calabria,1947131,85670,4.4,0.05
2136,2021-03-14,CAL,2543,1018,1525,322,103,312,722,15,30,811,128,30,70,2143,400,ITF,ITF6,18,Calabria,Calabria,1947131,88213,4.53,0.13
2137,2021-04-11,CAL,4083,1860,2223,136,49,51,167,59,209,1725,1619,12,56,2142,1941,ITF,ITF6,18,Calabria,Calabria,1947131,92296,4.74,0.21
2138,2021-04-24,CAL,18757,9352,9405,287,229,146,113,6012,3564,1920,5940,230,316,15385,3372,ITF,ITF6,18,Calabria,Calabria,1947131,111053,5.7,0.96
2139,2021-03-05,CAL,6172,3565,2607,696,257,712,5,46,61,2014,879,1405,97,5596,576,ITF,ITF6,18,Calabria,Calabria,1947131,117225,6.02,0.32
2140,2021-04-18,CAL,5773,2760,3013,148,89,102,79,130,1436,1202,2528,12,47,4894,879,ITF,ITF6,18,Calabria,Calabria,1947131,122998,6.32,0.3
2141,2021-02-28,CAL,2169,983,1186,114,39,190,0,10,24,1707,28,6,51,2017,152,ITF,ITF6,18,Calabria,Calabria,1947131,125167,6.43,0.11
2142,2021-02-09,CAL,2148,904,1244,1423,394,231,0,20,5,0,0,0,75,948,1200,ITF,ITF6,18,Calabria,Calabria,1947131,127315,6.54,0.11
2143,2021-02-06,CAL,2910,1338,1572,2095,368,248,0,45,9,10,0,0,135,442,2468,ITF,ITF6,18,Calabria,Calabria,1947131,130225,6.69,0.15
2144,2021-04-25,CAL,15730,7978,7752,150,314,121,122,5767,2979,728,4514,273,762,14627,1103,ITF,ITF6,18,Calabria,Calabria,1947131,145955,7.5,0.81
2145,2021-02-05,CAL,3798,1709,2089,2329,745,554,0,41,8,3,0,0,118,490,3308,ITF,ITF6,18,Calabria,Calabria,1947131,149753,7.69,0.2
2146,2021-03-03,CAL,4871,2655,2216,631,351,917,4,38,43,1408,462,935,82,3808,1063,ITF,ITF6,18,Calabria,Calabria,1947131,154624,7.94,0.25
2147,2021-04-26,CAL,10171,5117,5054,215,140,404,109,1380,1666,971,4763,397,126,7825,2346,ITF,ITF6,18,Calabria,Calabria,1947131,164795,8.46,0.52
2148,2021-04-06,CAL,7210,3234,3976,376,163,453,804,103,241,2464,2366,51,189,4137,3073,ITF,ITF6,18,Calabria,Calabria,1947131,172005,8.83,0.37
2149,2021-02-04,CAL,3391,1623,1768,2560,505,222,0,23,6,7,0,0,68,644,2747,ITF,ITF6,18,Calabria,Calabria,1947131,175396,9.01,0.17
2150,2021-04-17,CAL,10642,4993,5649,211,138,218,118,302,2655,2180,4526,98,196,8925,1717,ITF,ITF6,18,Calabria,Calabria,1947131,186038,9.55,0.55
2151,2021-01-17,CAL,867,418,449,527,121,48,0,17,4,33,0,0,117,801,66,ITF,ITF6,18,Calabria,Calabria,1947131,186905,9.6,0.04
2152,2021-04-16,CAL,10131,4955,5176,332,213,288,233,254,2333,1094,5020,133,231,8532,1599,ITF,ITF6,18,Calabria,Calabria,1947131,197036,10.12,0.52
2153,2021-02-27,CAL,3681,1913,1768,422,193,396,2,24,41,2075,96,348,84,3302,379,ITF,ITF6,18,Calabria,Calabria,1947131,200717,10.31,0.19
2154,2021-03-04,CAL,5390,3112,2278,646,252,744,2,63,46,1636,631,1237,133,4594,796,ITF,ITF6,18,Calabria,Calabria,1947131,206107,10.59,0.28
2155,2021-01-31,CAL,1108,554,554,765,282,58,0,1,0,0,0,0,2,155,953,ITF,ITF6,18,Calabria,Calabria,1947131,207215,10.64,0.06
2156,2021-03-28,CAL,2535,1172,1363,127,109,31,412,74,67,785,739,15,176,1405,1130,ITF,ITF6,18,Calabria,Calabria,1947131,209750,10.77,0.13
2157,2021-02-13,CAL,1331,583,748,731,144,111,0,31,9,167,0,0,138,968,363,ITF,ITF6,18,Calabria,Calabria,1947131,211081,10.84,0.07
2158,2021-02-18,CAL,1801,804,997,586,369,299,61,7,6,388,11,0,74,1578,223,ITF,ITF6,18,Calabria,Calabria,1947131,212882,10.93,0.09
2159,2021-01-25,CAL,1069,515,554,1025,35,0,0,0,1,0,0,0,8,156,913,ITF,ITF6,18,Calabria,Calabria,1947131,213951,10.99,0.05
2160,2021-03-10,CAL,6446,3281,3165,744,516,586,64,79,53,2233,1023,797,351,5252,1194,ITF,ITF6,18,Calabria,Calabria,1947131,220397,11.32,0.33
2161,2021-04-15,CAL,7394,3626,3768,161,153,162,199,144,1667,1064,3694,34,116,5790,1604,ITF,ITF6,18,Calabria,Calabria,1947131,227791,11.7,0.38
2162,2021-02-19,CAL,1461,652,809,544,208,195,0,9,9,422,57,1,16,1200,261,ITF,ITF6,18,Calabria,Calabria,1947131,229252,11.77,0.08
2163,2021-04-12,CAL,6694,3262,3432,219,136,276,104,105,858,1435,3432,37,92,5092,1602,ITF,ITF6,18,Calabria,Calabria,1947131,235946,12.12,0.34
2164,2021-02-12,CAL,1711,669,1042,815,300,136,0,64,32,210,0,0,154,943,768,ITF,ITF6,18,Calabria,Calabria,1947131,237657,12.21,0.09
2165,2021-01-11,CAL,2154,1040,1114,1759,301,3,0,17,4,39,0,0,31,2154,0,ITF,ITF6,18,Calabria,Calabria,1947131,239811,12.32,0.11
2166,2021-03-02,CAL,4137,2396,1741,705,202,430,2,26,24,1451,222,1003,72,3428,709,ITF,ITF6,18,Calabria,Calabria,1947131,243948,12.53,0.21
2167,2021-01-04,CAL,997,492,505,969,28,0,0,0,0,0,0,0,0,997,0,ITF,ITF6,18,Calabria,Calabria,1947131,244945,12.58,0.05
2168,2021-04-09,CAL,7819,3664,4155,342,138,470,306,151,506,2172,3494,31,209,4906,2913,ITF,ITF6,18,Calabria,Calabria,1947131,252764,12.98,0.4
2169,2021-03-15,CAL,3508,1675,1833,542,166,140,587,56,81,1183,431,177,145,2079,1429,ITF,ITF6,18,Calabria,Calabria,1947131,256272,13.16,0.18
2170,2021-02-02,CAL,2290,1112,1178,1864,341,75,0,1,1,1,0,0,7,177,2113,ITF,ITF6,18,Calabria,Calabria,1947131,258562,13.28,0.12
2171,2021-01-14,CAL,2557,1214,1343,1962,349,3,0,61,24,47,0,0,111,2557,0,ITF,ITF6,18,Calabria,Calabria,1947131,261119,13.41,0.13
2172,2021-04-05,CAL,3446,1627,1819,133,22,149,134,286,439,1181,1030,18,54,2545,901,ITF,ITF6,18,Calabria,Calabria,1947131,264565,13.59,0.18
2173,2021-01-10,CAL,929,524,405,830,99,0,0,0,0,0,0,0,0,929,0,ITF,ITF6,18,Calabria,Calabria,1947131,265494,13.64,0.05
2174,2021-02-07,CAL,860,428,432,567,121,81,0,10,0,0,0,0,81,147,713,ITF,ITF6,18,Calabria,Calabria,1947131,266354,13.68,0.04
2175,2021-01-23,CAL,400,186,214,325,25,23,0,2,0,1,0,0,24,358,42,ITF,ITF6,18,Calabria,Calabria,1947131,266754,13.7,0.02
2176,2021-03-25,CAL,7001,3315,3686,291,362,564,1100,112,124,2270,1839,80,259,4484,2517,ITF,ITF6,18,Calabria,Calabria,1947131,273755,14.06,0.36
2177,2021-02-10,CAL,2463,1074,1389,1469,340,357,0,56,25,72,0,0,144,839,1624,ITF,ITF6,18,Calabria,Calabria,1947131,276218,14.19,0.13
2178,2021-02-15,CAL,1137,538,599,499,121,164,1,11,20,294,4,0,23,989,148,ITF,ITF6,18,Calabria,Calabria,1947131,277355,14.24,0.06
2179,2021-04-23,CAL,12518,6227,6291,302,189,226,203,1709,2403,1196,5803,180,307,9276,3242,ITF,ITF6,18,Calabria,Calabria,1947131,289873,14.89,0.64
2180,2021-02-03,CAL,2766,1431,1335,2172,394,103,0,18,4,2,0,0,73,583,2183,ITF,ITF6,18,Calabria,Calabria,1947131,292639,15.03,0.14
2181,2021-01-13,CAL,2028,1022,1006,1800,152,34,0,14,4,4,0,0,20,2028,0,ITF,ITF6,18,Calabria,Calabria,1947131,294667,15.13,0.1
2182,2021-03-13,CAL,6657,2933,3724,425,156,340,685,95,43,3805,749,123,236,5683,974,ITF,ITF6,18,Calabria,Calabria,1947131,301324,15.48,0.34
2183,2021-01-19,CAL,1109,488,621,853,105,76,0,11,11,14,0,0,39,1098,11,ITF,ITF6,18,Calabria,Calabria,1947131,302433,15.53,0.06
2184,2021-03-01,CAL,2689,1534,1155,399,156,258,3,10,11,1053,71,656,72,2239,450,ITF,ITF6,18,Calabria,Calabria,1947131,305122,15.67,0.14
2185,2021-02-17,CAL,1683,673,1010,675,239,285,81,7,6,354,2,0,34,1472,211,ITF,ITF6,18,Calabria,Calabria,1947131,306805,15.76,0.09
2186,2021-04-03,CAL,8823,3789,5034,363,123,358,622,88,214,4981,1904,57,113,4204,4619,ITF,ITF6,18,Calabria,Calabria,1947131,315628,16.21,0.45
2187,2021-01-06,CAL,926,500,426,822,90,0,0,5,0,0,0,0,9,926,0,ITF,ITF6,18,Calabria,Calabria,1947131,316554,16.26,0.05
2188,2021-02-16,CAL,1534,643,891,659,191,265,0,14,23,334,1,0,47,1255,279,ITF,ITF6,18,Calabria,Calabria,1947131,318088,16.34,0.08
2189,2021-02-21,CAL,608,286,322,36,46,48,0,2,2,374,28,30,42,531,77,ITF,ITF6,18,Calabria,Calabria,1947131,318696,16.37,0.03
2190,2021-03-29,CAL,5630,2382,3248,206,320,134,1580,134,161,1126,1671,71,227,3876,1754,ITF,ITF6,18,Calabria,Calabria,1947131,324326,16.66,0.29
2191,2021-03-09,CAL,5825,3032,2793,803,267,461,18,65,71,1926,1123,933,158,4848,977,ITF,ITF6,18,Calabria,Calabria,1947131,330151,16.96,0.3
2192,2021-03-12,CAL,5093,2438,2655,468,397,220,786,61,38,2148,412,403,160,4050,1043,ITF,ITF6,18,Calabria,Calabria,1947131,335244,17.22,0.26
2193,2021-02-20,CAL,1359,735,624,439,185,55,2,13,5,490,54,19,97,1044,315,ITF,ITF6,18,Calabria,Calabria,1947131,336603,17.29,0.07
2194,2021-02-01,CAL,2503,1195,1308,2050,359,43,0,14,2,1,0,0,34,248,2255,ITF,ITF6,18,Calabria,Calabria,1947131,339106,17.42,0.13
2195,2021-01-07,CAL,2180,1061,1119,1883,211,0,0,20,4,0,0,0,62,2180,0,ITF,ITF6,18,Calabria,Calabria,1947131,341286,17.53,0.11
2196,2021-03-21,CAL,4365,1883,2482,135,38,200,745,79,92,2129,695,83,169,2663,1702,ITF,ITF6,18,Calabria,Calabria,1947131,345651,17.75,0.22
2197,2021-02-23,CAL,1549,728,821,437,177,206,1,13,10,583,63,2,57,1434,115,ITF,ITF6,18,Calabria,Calabria,1947131,347200,17.83,0.08
2198,2021-01-18,CAL,1232,550,682,984,138,11,0,24,3,6,0,0,66,1040,192,ITF,ITF6,18,Calabria,Calabria,1947131,348432,17.89,0.06
2199,2021-03-06,CAL,7957,4063,3894,702,225,760,6,41,97,4059,1136,840,91,7201,756,ITF,ITF6,18,Calabria,Calabria,1947131,356389,18.3,0.41
2200,2021-01-28,CAL,2234,1109,1125,1922,284,0,0,2,1,0,0,0,25,84,2150,ITF,ITF6,18,Calabria,Calabria,1947131,358623,18.42,0.11
2201,2021-04-07,CAL,6179,2799,3380,193,70,399,539,110,179,2096,2430,32,131,3629,2550,ITF,ITF6,18,Calabria,Calabria,1947131,364802,18.74,0.32
2202,2021-03-17,CAL,3642,1624,2018,280,148,165,95,39,81,2179,582,31,42,1944,1698,ITF,ITF6,18,Calabria,Calabria,1947131,368444,18.92,0.19
2203,2021-02-26,CAL,3081,1632,1449,540,193,408,4,21,18,1362,84,370,81,2611,470,ITF,ITF6,18,Calabria,Calabria,1947131,371525,19.08,0.16
2204,2021-02-14,CAL,371,145,226,146,31,83,0,2,2,95,0,0,12,341,30,ITF,ITF6,18,Calabria,Calabria,1947131,371896,19.1,0.02
2205,2021-03-27,CAL,8320,3778,4542,306,389,148,1400,125,179,3416,1871,66,420,4459,3861,ITF,ITF6,18,Calabria,Calabria,1947131,380216,19.53,0.43
2206,2021-04-22,CAL,9353,4670,4683,236,170,274,96,1451,1801,966,4104,41,214,6665,2688,ITF,ITF6,18,Calabria,Calabria,1947131,389569,20.01,0.48
2207,2021-01-08,CAL,2109,1014,1095,1898,200,0,0,3,0,0,0,0,8,2109,0,ITF,ITF6,18,Calabria,Calabria,1947131,391678,20.12,0.11
2208,2021-01-26,CAL,1805,861,944,1571,149,70,0,1,0,0,0,0,14,285,1520,ITF,ITF6,18,Calabria,Calabria,1947131,393483,20.21,0.09
2209,2021-01-03,CAL,6,3,3,4,2,0,0,0,0,0,0,0,0,6,0,ITF,ITF6,18,Calabria,Calabria,1947131,393489,20.21,0.0
2210,2021-04-13,CAL,6489,3197,3292,245,92,40,106,103,1275,1273,3084,153,118,5231,1258,ITF,ITF6,18,Calabria,Calabria,1947131,399978,20.54,0.33
2211,2021-03-26,CAL,7646,3627,4019,511,371,217,1039,151,231,2562,2058,135,371,4532,3114,ITF,ITF6,18,Calabria,Calabria,1947131,407624,20.93,0.39
2212,2021-01-02,CAL,165,94,71,165,0,0,0,0,0,0,0,0,0,165,0,ITF,ITF6,18,Calabria,Calabria,1947131,407789,20.94,0.01
2213,2021-01-24,CAL,44,18,26,15,3,26,0,0,0,0,0,0,0,39,5,ITF,ITF6,18,Calabria,Calabria,1947131,407833,20.95,0.0
2214,2020-12-28,CAL,6,2,4,6,0,0,0,0,0,0,0,0,0,6,0,ITF,ITF6,18,Calabria,Calabria,1947131,407839,20.95,0.0
2215,2021-04-01,CAL,8354,3774,4580,455,247,680,1116,122,218,3070,1991,113,342,3850,4504,ITF,ITF6,18,Calabria,Calabria,1947131,416193,21.37,0.43
2216,2021-03-24,CAL,7389,3367,4022,386,289,699,1495,151,146,2605,1294,105,219,4210,3179,ITF,ITF6,18,Calabria,Calabria,1947131,423582,21.75,0.38
2217,2021-03-23,CAL,5207,2442,2765,280,145,55,1083,98,74,2046,1078,102,246,3409,1798,ITF,ITF6,18,Calabria,Calabria,1947131,428789,22.02,0.27
2218,2021-01-05,CAL,1350,618,732,1256,81,0,0,2,0,0,0,0,11,1350,0,ITF,ITF6,18,Calabria,Calabria,1947131,430139,22.09,0.07
2219,2021-01-16,CAL,2394,1120,1274,1664,264,241,0,49,12,9,0,0,155,2394,0,ITF,ITF6,18,Calabria,Calabria,1947131,432533,22.21,0.12
2220,2021-03-30,CAL,5790,2487,3303,166,103,210,1122,154,196,1991,1473,89,286,3197,2593,ITF,ITF6,18,Calabria,Calabria,1947131,438323,22.51,0.3
2221,2021-03-11,CAL,6877,3278,3599,934,474,574,600,122,88,2551,873,412,249,5621,1256,ITF,ITF6,18,Calabria,Calabria,1947131,445200,22.86,0.35
2222,2021-04-08,CAL,9373,4408,4965,451,178,537,304,216,581,3377,3456,44,229,5695,3678,ITF,ITF6,18,Calabria,Calabria,1947131,454573,23.35,0.48
2223,2021-04-10,CAL,11174,5032,6142,424,161,462,303,144,703,5598,3147,49,183,6343,4831,ITF,ITF6,18,Calabria,Calabria,1947131,465747,23.92,0.57
2224,2021-03-22,CAL,4708,2203,2505,194,125,148,1125,49,50,1994,804,77,142,3041,1667,ITF,ITF6,18,Calabria,Calabria,1947131,470455,24.16,0.24
2225,2021-04-20,CAL,7645,3840,3805,295,300,137,165,420,1715,1066,3151,115,281,6023,1622,ITF,ITF6,18,Calabria,Calabria,1947131,478100,24.55,0.39
2226,2021-01-15,CAL,2793,1258,1535,1690,349,412,0,54,19,44,0,0,225,2793,0,ITF,ITF6,18,Calabria,Calabria,1947131,480893,24.7,0.14
2227,2021-01-20,CAL,1395,622,773,864,127,179,0,41,14,25,0,0,145,1394,1,ITF,ITF6,18,Calabria,Calabria,1947131,482288,24.77,0.07
2228,2021-02-22,CAL,1998,1014,984,729,231,166,5,32,7,678,33,3,114,1441,557,ITF,ITF6,18,Calabria,Calabria,1947131,484286,24.87,0.1
2229,2021-04-19,CAL,7698,3706,3992,291,132,63,156,244,1971,1172,3482,92,95,6080,1618,ITF,ITF6,18,Calabria,Calabria,1947131,491984,25.27,0.4
2230,2021-02-16,MAR,1292,475,817,737,434,92,0,3,2,0,0,0,24,1262,30,ITI,ITI3,11,Marche,Marche,1525271,1292,0.08,0.08
2231,2021-02-28,MAR,2841,1251,1590,19,6,0,2,2,3,2800,0,2,7,2835,6,ITI,ITI3,11,Marche,Marche,1525271,4133,0.27,0.19
2232,2021-03-25,MAR,6657,2774,3883,464,148,373,519,95,27,4383,258,122,268,3247,3410,ITI,ITI3,11,Marche,Marche,1525271,10790,0.71,0.44
2233,2021-01-23,MAR,560,190,370,441,55,63,0,0,0,0,0,0,1,123,437,ITI,ITI3,11,Marche,Marche,1525271,11350,0.74,0.04
2234,2021-03-22,MAR,5661,2378,3283,408,232,70,433,14,14,4183,19,238,50,2532,3129,ITI,ITI3,11,Marche,Marche,1525271,17011,1.12,0.37
2235,2021-02-21,MAR,377,142,235,204,62,57,1,11,1,0,0,0,41,376,1,ITI,ITI3,11,Marche,Marche,1525271,17388,1.14,0.02
2236,2021-03-29,MAR,5898,2587,3311,228,147,39,215,34,67,4280,732,75,81,3446,2452,ITI,ITI3,11,Marche,Marche,1525271,23286,1.53,0.39
2237,2021-03-09,MAR,5533,2376,3157,754,226,41,1070,20,4,2588,124,652,54,4644,889,ITI,ITI3,11,Marche,Marche,1525271,28819,1.89,0.36
2238,2021-01-02,MAR,453,139,314,444,9,0,0,0,0,0,0,0,0,453,0,ITI,ITI3,11,Marche,Marche,1525271,29272,1.92,0.03
2239,2021-02-15,MAR,973,413,560,544,390,1,0,4,1,1,12,0,20,960,13,ITI,ITI3,11,Marche,Marche,1525271,30245,1.98,0.06
2240,2021-02-03,MAR,2125,742,1383,1344,569,166,0,4,5,2,0,0,35,119,2006,ITI,ITI3,11,Marche,Marche,1525271,32370,2.12,0.14
2241,2021-01-15,MAR,1771,500,1271,985,357,366,0,9,3,0,0,0,51,1771,0,ITI,ITI3,11,Marche,Marche,1525271,34141,2.24,0.12
2242,2021-04-23,MAR,11161,5140,6021,182,84,73,53,2841,3416,1686,2723,45,58,8105,3056,ITI,ITI3,11,Marche,Marche,1525271,45302,2.97,0.73
2243,2021-01-24,MAR,894,344,550,775,118,0,0,0,0,0,0,0,1,17,877,ITI,ITI3,11,Marche,Marche,1525271,46196,3.03,0.06
2244,2021-04-20,MAR,10726,5007,5719,181,74,101,87,1953,4637,594,3053,21,25,9301,1425,ITI,ITI3,11,Marche,Marche,1525271,56922,3.73,0.7
2245,2021-03-15,MAR,4513,2120,2393,300,81,11,242,38,8,3478,27,217,111,1423,3090,ITI,ITI3,11,Marche,Marche,1525271,61435,4.03,0.3
2246,2021-04-01,MAR,7599,3190,4409,390,239,46,284,37,158,4615,1687,70,73,4173,3426,ITI,ITI3,11,Marche,Marche,1525271,69034,4.53,0.5
2247,2021-01-03,MAR,896,348,548,759,130,0,0,1,0,0,0,0,6,896,0,ITI,ITI3,11,Marche,Marche,1525271,69930,4.58,0.06
2248,2021-01-04,MAR,1501,563,938,1291,194,11,0,1,0,0,0,0,4,1501,0,ITI,ITI3,11,Marche,Marche,1525271,71431,4.68,0.1
2249,2021-01-19,MAR,226,82,144,121,20,85,0,0,0,0,0,0,0,141,85,ITI,ITI3,11,Marche,Marche,1525271,71657,4.7,0.01
2250,2021-03-11,MAR,6832,2930,3902,1094,386,52,1148,25,9,3227,86,700,105,5461,1371,ITI,ITI3,11,Marche,Marche,1525271,78489,5.15,0.45
2251,2021-03-13,MAR,5877,2708,3169,664,168,58,237,26,10,4248,13,353,100,1916,3961,ITI,ITI3,11,Marche,Marche,1525271,84366,5.53,0.39
2252,2021-04-16,MAR,10137,4732,5405,322,142,76,513,228,3850,696,4080,21,209,9602,535,ITI,ITI3,11,Marche,Marche,1525271,94503,6.2,0.66
2253,2021-03-30,MAR,7446,3056,4390,524,321,276,367,44,113,4271,1385,80,65,4608,2838,ITI,ITI3,11,Marche,Marche,1525271,101949,6.68,0.49
2254,2021-01-13,MAR,2105,746,1359,1408,578,76,0,6,5,15,0,0,17,2105,0,ITI,ITI3,11,Marche,Marche,1525271,104054,6.82,0.14
2255,2021-02-06,MAR,2460,900,1560,1402,536,415,0,21,8,4,0,0,74,523,1937,ITI,ITI3,11,Marche,Marche,1525271,106514,6.98,0.16
2256,2021-02-05,MAR,2157,653,1504,1318,347,419,0,6,8,2,0,0,57,440,1717,ITI,ITI3,11,Marche,Marche,1525271,108671,7.12,0.14
2257,2021-04-19,MAR,9613,4500,5113,245,124,13,64,1479,4118,975,2416,36,143,8030,1583,ITI,ITI3,11,Marche,Marche,1525271,118284,7.75,0.63
2258,2021-02-19,MAR,1971,716,1255,1273,405,203,2,7,4,2,13,0,62,1836,135,ITI,ITI3,11,Marche,Marche,1525271,120255,7.88,0.13
2259,2021-02-18,MAR,2104,746,1358,1150,501,402,1,14,4,1,0,0,31,1816,288,ITI,ITI3,11,Marche,Marche,1525271,122359,8.02,0.14
2260,2021-03-27,MAR,7420,3083,4337,278,170,144,711,77,107,4087,1535,133,178,5051,2369,ITI,ITI3,11,Marche,Marche,1525271,129779,8.51,0.49
2261,2021-01-31,MAR,1929,773,1156,1533,392,0,0,1,0,0,0,0,3,105,1824,ITI,ITI3,11,Marche,Marche,1525271,131708,8.64,0.13
2262,2021-01-14,MAR,2010,692,1318,1112,558,298,0,4,1,0,0,0,37,2010,0,ITI,ITI3,11,Marche,Marche,1525271,133718,8.77,0.13
2263,2021-02-10,MAR,1439,452,987,881,292,215,0,6,1,0,0,0,44,1080,359,ITI,ITI3,11,Marche,Marche,1525271,135157,8.86,0.09
2264,2021-04-17,MAR,11748,5331,6417,204,152,130,614,326,4108,921,5163,14,116,10673,1075,ITI,ITI3,11,Marche,Marche,1525271,146905,9.63,0.77
2265,2021-03-10,MAR,5783,2490,3293,721,411,114,1041,12,11,2675,100,652,46,4646,1137,ITI,ITI3,11,Marche,Marche,1525271,152688,10.01,0.38
2266,2021-01-18,MAR,673,230,443,370,116,132,0,5,8,30,0,0,12,547,126,ITI,ITI3,11,Marche,Marche,1525271,153361,10.05,0.04
2267,2020-12-30,MAR,17,5,12,14,3,0,0,0,0,0,0,0,0,17,0,ITI,ITI3,11,Marche,Marche,1525271,153378,10.06,0.0
2268,2021-02-24,MAR,3496,1518,1978,229,191,214,1,5,4,2823,22,3,4,3416,80,ITI,ITI3,11,Marche,Marche,1525271,156874,10.28,0.23
2269,2021-01-17,MAR,1603,684,919,968,367,46,0,50,30,4,0,0,138,1550,53,ITI,ITI3,11,Marche,Marche,1525271,158477,10.39,0.11
2270,2021-03-02,MAR,4966,1943,3023,589,184,259,538,12,3,3320,4,3,54,4400,566,ITI,ITI3,11,Marche,Marche,1525271,163443,10.72,0.33
2271,2021-02-20,MAR,4127,1708,2419,118,118,261,0,17,13,3581,0,3,16,4016,111,ITI,ITI3,11,Marche,Marche,1525271,167570,10.99,0.27
2272,2021-04-09,MAR,9685,4261,5424,273,73,104,1321,108,2334,1618,3691,70,93,9483,202,ITI,ITI3,11,Marche,Marche,1525271,177255,11.62,0.63
2273,2021-04-26,MAR,8970,3977,4993,158,70,22,178,1736,4039,895,1771,42,59,5956,3014,ITI,ITI3,11,Marche,Marche,1525271,186225,12.21,0.59
2274,2021-03-20,MAR,4146,1745,2401,181,63,114,89,10,4,3641,14,12,18,1054,3092,ITI,ITI3,11,Marche,Marche,1525271,190371,12.48,0.27
2275,2021-04-05,MAR,5696,2359,3337,253,84,103,758,54,1005,2268,1112,28,31,4427,1269,ITI,ITI3,11,Marche,Marche,1525271,196067,12.85,0.37
2276,2021-04-11,MAR,7134,3123,4011,282,97,10,783,47,2167,1233,2451,44,20,6848,286,ITI,ITI3,11,Marche,Marche,1525271,203201,13.32,0.47
2277,2021-03-28,MAR,4134,1744,2390,45,45,6,396,17,32,2667,873,11,42,2439,1695,ITI,ITI3,11,Marche,Marche,1525271,207335,13.59,0.27
2278,2021-01-09,MAR,1709,605,1104,1406,238,0,0,17,2,0,0,0,46,1709,0,ITI,ITI3,11,Marche,Marche,1525271,209044,13.71,0.11
2279,2021-04-12,MAR,8579,3779,4800,179,82,88,1157,107,2845,1315,2609,79,118,8092,487,ITI,ITI3,11,Marche,Marche,1525271,217623,14.27,0.56
2280,2021-01-25,MAR,1596,559,1037,1426,110,56,0,0,0,2,0,0,2,97,1499,ITI,ITI3,11,Marche,Marche,1525271,219219,14.37,0.1
2281,2021-01-07,MAR,1802,633,1169,1480,279,0,0,8,0,0,0,0,35,1802,0,ITI,ITI3,11,Marche,Marche,1525271,221021,14.49,0.12
2282,2021-03-19,MAR,3870,1605,2265,495,135,293,6,5,7,2838,63,13,15,343,3527,ITI,ITI3,11,Marche,Marche,1525271,224891,14.74,0.25
2283,2021-02-12,MAR,1583,618,965,815,423,88,0,32,14,3,0,0,208,1431,152,ITI,ITI3,11,Marche,Marche,1525271,226474,14.85,0.1
2284,2021-04-21,MAR,10809,4977,5832,273,111,46,81,2394,4299,556,2874,43,132,9612,1197,ITI,ITI3,11,Marche,Marche,1525271,237283,15.56,0.71
2285,2021-02-04,MAR,2342,810,1532,1406,602,275,0,11,3,1,0,0,44,112,2230,ITI,ITI3,11,Marche,Marche,1525271,239625,15.71,0.15
2286,2021-04-06,MAR,8883,3696,5187,310,185,161,1728,97,1740,1888,2580,98,96,8068,815,ITI,ITI3,11,Marche,Marche,1525271,248508,16.29,0.58
2287,2021-04-25,MAR,8633,4013,4620,206,37,1,20,3961,2094,675,1602,22,15,6992,1641,ITI,ITI3,11,Marche,Marche,1525271,257141,16.86,0.57
2288,2021-01-22,MAR,487,167,320,315,74,87,0,1,0,0,0,0,10,194,293,ITI,ITI3,11,Marche,Marche,1525271,257628,16.89,0.03
2289,2021-03-14,MAR,2517,1036,1481,442,58,1,456,4,3,1537,5,2,9,1919,598,ITI,ITI3,11,Marche,Marche,1525271,260145,17.06,0.17
2290,2021-03-05,MAR,6293,2956,3337,1128,324,144,803,52,27,2389,185,1115,126,4826,1467,ITI,ITI3,11,Marche,Marche,1525271,266438,17.47,0.41
2291,2021-02-09,MAR,125,42,83,78,21,26,0,0,0,0,0,0,0,47,78,ITI,ITI3,11,Marche,Marche,1525271,266563,17.48,0.01
2292,2021-03-01,MAR,3727,1489,2238,387,138,87,286,4,1,2793,4,5,22,3480,247,ITI,ITI3,11,Marche,Marche,1525271,270290,17.72,0.24
2293,2021-03-03,MAR,6762,3095,3667,818,374,256,783,36,12,3134,195,1056,98,5881,881,ITI,ITI3,11,Marche,Marche,1525271,277052,18.16,0.44
2294,2021-02-27,MAR,3374,1440,1934,186,142,161,1,6,1,2848,17,6,6,3165,209,ITI,ITI3,11,Marche,Marche,1525271,280426,18.39,0.22
2295,2021-01-06,MAR,2181,792,1389,1738,261,147,0,5,1,0,0,0,29,2181,0,ITI,ITI3,11,Marche,Marche,1525271,282607,18.53,0.14
2296,2021-02-23,MAR,3274,1400,1874,219,57,118,0,7,4,2826,0,8,35,3218,56,ITI,ITI3,11,Marche,Marche,1525271,285881,18.74,0.21
2297,2021-03-31,MAR,7381,3086,4295,477,327,162,257,31,103,4560,1299,87,78,4355,3026,ITI,ITI3,11,Marche,Marche,1525271,293262,19.23,0.48
2298,2021-04-14,MAR,10277,4594,5683,418,161,80,1013,182,3551,902,3793,41,136,9903,374,ITI,ITI3,11,Marche,Marche,1525271,303539,19.9,0.67
2299,2021-02-11,MAR,1988,658,1330,1155,370,212,0,32,22,32,0,0,165,1599,389,ITI,ITI3,11,Marche,Marche,1525271,305527,20.03,0.13
2300,2021-02-22,MAR,3414,1499,1915,326,89,77,2,7,0,2869,1,5,38,3339,75,ITI,ITI3,11,Marche,Marche,1525271,308941,20.25,0.22
2301,2021-04-10,MAR,11083,4705,6378,313,169,80,1103,209,2814,2235,4031,53,76,10764,319,ITI,ITI3,11,Marche,Marche,1525271,320024,20.98,0.73
2302,2021-03-16,MAR,3577,1549,2028,317,71,56,5,7,6,2931,46,111,27,394,3183,ITI,ITI3,11,Marche,Marche,1525271,323601,21.22,0.23
2303,2021-04-04,MAR,3828,1793,2035,189,117,7,84,10,633,2010,755,10,13,2657,1171,ITI,ITI3,11,Marche,Marche,1525271,327429,21.47,0.25
2304,2021-03-07,MAR,5183,2108,3075,607,167,32,896,13,2,3007,76,336,47,4430,753,ITI,ITI3,11,Marche,Marche,1525271,332612,21.81,0.34
2305,2021-04-02,MAR,7000,3033,3967,389,210,112,424,47,735,2701,2127,213,42,6257,743,ITI,ITI3,11,Marche,Marche,1525271,339612,22.27,0.46
2306,2021-01-12,MAR,1226,413,813,912,255,50,0,2,0,0,0,0,7,1226,0,ITI,ITI3,11,Marche,Marche,1525271,340838,22.35,0.08
2307,2021-02-02,MAR,1193,397,796,804,265,93,0,5,0,5,0,0,21,73,1120,ITI,ITI3,11,Marche,Marche,1525271,342031,22.42,0.08
2308,2021-02-08,MAR,833,258,575,408,133,262,0,6,3,4,0,0,17,371,462,ITI,ITI3,11,Marche,Marche,1525271,342864,22.48,0.05
2309,2021-02-25,MAR,3563,1447,2116,432,137,423,1,8,5,2493,27,3,34,3384,179,ITI,ITI3,11,Marche,Marche,1525271,346427,22.71,0.23
2310,2021-01-05,MAR,1562,586,976,1436,112,0,0,3,2,0,0,0,9,1562,0,ITI,ITI3,11,Marche,Marche,1525271,347989,22.81,0.1
2311,2021-01-27,MAR,2122,780,1342,1754,156,140,0,13,10,8,0,0,41,122,2000,ITI,ITI3,11,Marche,Marche,1525271,350111,22.95,0.14
2312,2021-04-03,MAR,7592,3214,4378,321,152,60,293,76,827,2954,2816,20,73,6920,672,ITI,ITI3,11,Marche,Marche,1525271,357703,23.45,0.5
2313,2020-12-27,MAR,200,97,103,184,12,4,0,0,0,0,0,0,0,200,0,ITI,ITI3,11,Marche,Marche,1525271,357903,23.46,0.01
2314,2021-03-18,MAR,3445,1514,1931,326,188,125,3,7,8,2653,23,98,14,216,3229,ITI,ITI3,11,Marche,Marche,1525271,361348,23.69,0.23
2315,2021-01-10,MAR,1737,699,1038,1462,253,0,0,5,1,0,0,0,16,1737,0,ITI,ITI3,11,Marche,Marche,1525271,363085,23.8,0.11
2316,2021-02-07,MAR,1872,735,1137,1156,481,46,0,41,20,4,0,0,124,344,1528,ITI,ITI3,11,Marche,Marche,1525271,364957,23.93,0.12
2317,2021-04-08,MAR,7533,3288,4245,273,95,96,715,82,2072,1333,2802,26,39,7202,331,ITI,ITI3,11,Marche,Marche,1525271,372490,24.42,0.49
2318,2021-03-23,MAR,5818,2538,3280,259,104,139,328,23,7,4639,27,220,72,2271,3547,ITI,ITI3,11,Marche,Marche,1525271,378308,24.8,0.38
2319,2021-03-24,MAR,7038,2983,4055,484,152,202,592,40,25,4814,321,161,247,3369,3669,ITI,ITI3,11,Marche,Marche,1525271,385346,25.26,0.46
2320,2021-01-20,MAR,399,100,299,147,56,190,0,2,0,1,0,0,3,386,13,ITI,ITI3,11,Marche,Marche,1525271,385745,25.29,0.03
2321,2021-04-07,MAR,7814,3437,4377,189,143,176,973,75,1888,1334,2898,30,108,7478,336,ITI,ITI3,11,Marche,Marche,1525271,393559,25.8,0.51
2322,2021-01-11,MAR,1176,411,765,1021,155,0,0,0,0,0,0,0,0,1176,0,ITI,ITI3,11,Marche,Marche,1525271,394735,25.88,0.08
2323,2021-01-28,MAR,1975,661,1314,1583,238,101,0,9,1,0,0,0,43,167,1808,ITI,ITI3,11,Marche,Marche,1525271,396710,26.01,0.13
2324,2021-01-30,MAR,1908,669,1239,1566,293,0,0,12,0,0,0,0,37,29,1879,ITI,ITI3,11,Marche,Marche,1525271,398618,26.13,0.13
2325,2020-12-31,MAR,385,180,205,371,14,0,0,0,0,0,0,0,0,385,0,ITI,ITI3,11,Marche,Marche,1525271,399003,26.16,0.03
2326,2021-02-14,MAR,738,301,437,578,109,0,0,10,0,0,0,0,41,738,0,ITI,ITI3,11,Marche,Marche,1525271,399741,26.21,0.05
2327,2021-01-08,MAR,1575,588,987,1227,323,0,0,5,0,0,0,0,20,1575,0,ITI,ITI3,11,Marche,Marche,1525271,401316,26.31,0.1
2328,2021-01-26,MAR,2017,746,1271,1736,153,86,0,15,4,1,0,0,22,92,1925,ITI,ITI3,11,Marche,Marche,1525271,403333,26.44,0.13
2329,2021-04-15,MAR,10389,4679,5710,503,138,128,932,192,3639,780,3841,55,181,9824,565,ITI,ITI3,11,Marche,Marche,1525271,413722,27.12,0.68
2330,2021-02-13,MAR,1064,455,609,457,311,90,0,25,10,16,0,0,155,1012,52,ITI,ITI3,11,Marche,Marche,1525271,414786,27.19,0.07
2331,2021-04-22,MAR,10804,4941,5863,236,84,30,58,2750,3928,688,2952,37,41,9224,1580,ITI,ITI3,11,Marche,Marche,1525271,425590,27.9,0.71
2332,2021-03-04,MAR,6627,2978,3649,1064,375,115,769,53,18,2806,222,1041,164,5233,1394,ITI,ITI3,11,Marche,Marche,1525271,432217,28.34,0.43
2333,2021-03-08,MAR,6367,2808,3559,768,228,220,1015,8,2,3102,147,829,48,5365,1002,ITI,ITI3,11,Marche,Marche,1525271,438584,28.75,0.42
2334,2021-01-29,MAR,1991,730,1261,1479,404,74,0,6,0,3,0,0,25,168,1823,ITI,ITI3,11,Marche,Marche,1525271,440575,28.89,0.13
2335,2021-01-16,MAR,2006,723,1283,1059,415,285,0,53,42,21,0,0,131,2006,0,ITI,ITI3,11,Marche,Marche,1525271,442581,29.02,0.13
2336,2021-03-12,MAR,4717,2020,2697,820,445,17,929,20,11,1907,3,487,78,3472,1245,ITI,ITI3,11,Marche,Marche,1525271,447298,29.33,0.31
2337,2021-03-26,MAR,6346,2614,3732,336,222,190,501,58,31,4092,396,204,316,3535,2811,ITI,ITI3,11,Marche,Marche,1525271,453644,29.74,0.42
2338,2021-02-01,MAR,1365,480,885,1057,200,81,0,5,0,0,0,0,22,98,1267,ITI,ITI3,11,Marche,Marche,1525271,455009,29.83,0.09
2339,2021-04-13,MAR,9861,4275,5586,204,105,60,1075,163,3748,955,3469,32,50,9620,241,ITI,ITI3,11,Marche,Marche,1525271,464870,30.48,0.65
2340,2021-03-21,MAR,4512,1878,2634,87,42,57,205,19,7,4047,9,13,26,1632,2880,ITI,ITI3,11,Marche,Marche,1525271,469382,30.77,0.3
2341,2021-01-21,MAR,899,255,644,461,85,336,0,1,0,3,0,0,13,585,314,ITI,ITI3,11,Marche,Marche,1525271,470281,30.83,0.06
2342,2021-04-18,MAR,8834,4136,4698,259,64,2,455,1076,2951,377,3616,11,23,7913,921,ITI,ITI3,11,Marche,Marche,1525271,479115,31.41,0.58
2343,2021-04-24,MAR,12029,5309,6720,131,134,46,78,2367,3734,1674,3743,33,89,7562,4467,ITI,ITI3,11,Marche,Marche,1525271,491144,32.2,0.79
2344,2021-02-17,MAR,1791,664,1127,968,472,309,0,6,1,1,22,0,12,1672,119,ITI,ITI3,11,Marche,Marche,1525271,492935,32.32,0.12
2345,2021-03-06,MAR,5732,2647,3085,973,225,172,747,37,7,2400,221,864,86,4464,1268,ITI,ITI3,11,Marche,Marche,1525271,498667,32.69,0.38
2346,2021-03-17,MAR,3435,1497,1938,301,79,117,5,10,10,2822,61,7,23,111,3324,ITI,ITI3,11,Marche,Marche,1525271,502102,32.92,0.23
2347,2021-02-26,MAR,3636,1503,2133,449,178,389,39,8,4,2521,31,4,13,3160,476,ITI,ITI3,11,Marche,Marche,1525271,505738,33.16,0.24
2348,2021-04-20,SAR,10659,4853,5806,142,97,75,31,3940,2445,1976,1886,6,61,7523,3136,ITG,ITG2,20,Sardegna,Sardegna,1639591,10659,0.65,0.65
2349,2021-03-29,SAR,4377,1545,2832,624,490,182,1411,22,116,1021,312,98,101,3791,586,ITG,ITG2,20,Sardegna,Sardegna,1639591,15036,0.92,0.27
2350,2021-01-02,SAR,60,21,39,60,0,0,0,0,0,0,0,0,0,60,0,ITG,ITG2,20,Sardegna,Sardegna,1639591,15096,0.92,0.0
2351,2021-03-09,SAR,5150,2371,2779,1056,567,287,310,9,33,2278,14,561,35,4421,729,ITG,ITG2,20,Sardegna,Sardegna,1639591,20246,1.23,0.31
2352,2021-03-15,SAR,2685,1216,1469,458,591,86,1019,7,10,325,8,170,11,2312,373,ITG,ITG2,20,Sardegna,Sardegna,1639591,22931,1.4,0.16
2353,2021-01-07,SAR,3111,1077,2034,2720,373,0,0,1,2,0,0,11,4,3111,0,ITG,ITG2,20,Sardegna,Sardegna,1639591,26042,1.59,0.19
2354,2021-04-23,SAR,11982,5345,6637,394,169,70,128,2142,1900,3326,3542,8,303,7076,4906,ITG,ITG2,20,Sardegna,Sardegna,1639591,38024,2.32,0.73
2355,2021-02-26,SAR,2800,1108,1692,1224,878,221,7,20,16,289,5,98,42,2494,306,ITG,ITG2,20,Sardegna,Sardegna,1639591,40824,2.49,0.17
2356,2021-02-05,SAR,1897,749,1148,1214,511,164,0,0,0,1,1,3,3,433,1464,ITG,ITG2,20,Sardegna,Sardegna,1639591,42721,2.61,0.12
2357,2021-02-23,SAR,1519,1010,509,602,387,89,0,7,6,16,0,374,38,1285,234,ITG,ITG2,20,Sardegna,Sardegna,1639591,44240,2.7,0.09
2358,2020-12-28,SAR,65,25,40,65,0,0,0,0,0,0,0,0,0,65,0,ITG,ITG2,20,Sardegna,Sardegna,1639591,44305,2.7,0.0
2359,2021-01-13,SAR,573,178,395,494,79,0,0,0,0,0,0,0,0,573,0,ITG,ITG2,20,Sardegna,Sardegna,1639591,44878,2.74,0.03
2360,2021-03-21,SAR,4030,1809,2221,64,240,1,575,14,56,2890,17,107,66,2590,1440,ITG,ITG2,20,Sardegna,Sardegna,1639591,48908,2.98,0.25
2361,2021-03-11,SAR,6035,2725,3310,1011,567,418,102,52,98,2957,120,643,67,4834,1201,ITG,ITG2,20,Sardegna,Sardegna,1639591,54943,3.35,0.37
2362,2021-03-18,SAR,7251,3067,4184,1078,315,354,63,55,639,4242,429,12,64,5648,1603,ITG,ITG2,20,Sardegna,Sardegna,1639591,62194,3.79,0.44
2363,2021-03-31,SAR,10131,4042,6089,396,575,230,1378,148,701,4999,1486,31,187,7684,2447,ITG,ITG2,20,Sardegna,Sardegna,1639591,72325,4.41,0.62
2364,2021-04-17,SAR,9148,4113,5035,294,86,108,24,1368,2607,3374,1119,3,165,5058,4090,ITG,ITG2,20,Sardegna,Sardegna,1639591,81473,4.97,0.56
2365,2021-01-29,SAR,2952,1067,1885,2581,366,3,0,0,0,0,0,0,2,48,2904,ITG,ITG2,20,Sardegna,Sardegna,1639591,84425,5.15,0.18
2366,2021-03-03,SAR,3834,2061,1773,1070,554,600,1,5,5,704,1,857,37,2607,1227,ITG,ITG2,20,Sardegna,Sardegna,1639591,88259,5.38,0.23
2367,2021-01-09,SAR,4026,1417,2609,3182,832,0,0,3,1,1,0,0,7,4026,0,ITG,ITG2,20,Sardegna,Sardegna,1639591,92285,5.63,0.25
2368,2021-03-01,SAR,2161,1054,1107,1136,341,141,1,8,19,104,10,391,10,1502,659,ITG,ITG2,20,Sardegna,Sardegna,1639591,94446,5.76,0.13
2369,2021-01-22,SAR,83,47,36,45,38,0,0,0,0,0,0,0,0,55,28,ITG,ITG2,20,Sardegna,Sardegna,1639591,94529,5.77,0.01
2370,2021-02-17,SAR,1406,576,830,689,338,313,0,1,0,0,1,33,31,1332,74,ITG,ITG2,20,Sardegna,Sardegna,1639591,95935,5.85,0.09
2371,2021-03-06,SAR,2638,1079,1559,1108,885,469,36,3,10,24,2,79,22,857,1781,ITG,ITG2,20,Sardegna,Sardegna,1639591,98573,6.01,0.16
2372,2021-02-16,SAR,700,289,411,376,211,112,0,0,0,0,0,0,1,673,27,ITG,ITG2,20,Sardegna,Sardegna,1639591,99273,6.05,0.04
2373,2021-04-22,SAR,10184,4502,5682,216,120,75,36,2569,1557,2866,2512,6,227,5343,4841,ITG,ITG2,20,Sardegna,Sardegna,1639591,109457,6.68,0.62
2374,2021-03-10,SAR,6009,2917,3092,719,497,414,335,14,85,2986,29,902,28,5159,850,ITG,ITG2,20,Sardegna,Sardegna,1639591,115466,7.04,0.37
2375,2021-04-13,SAR,7584,3583,4001,216,62,45,15,486,3657,1491,1427,144,41,5758,1826,ITG,ITG2,20,Sardegna,Sardegna,1639591,123050,7.5,0.46
2376,2021-02-21,SAR,1589,710,879,67,28,59,0,0,7,1422,0,6,0,1559,30,ITG,ITG2,20,Sardegna,Sardegna,1639591,124639,7.6,0.1
2377,2021-02-28,SAR,368,169,199,245,76,47,0,0,0,0,0,0,0,142,226,ITG,ITG2,20,Sardegna,Sardegna,1639591,125007,7.62,0.02
2378,2021-01-26,SAR,1336,453,883,1296,39,0,1,0,0,0,0,0,0,27,1309,ITG,ITG2,20,Sardegna,Sardegna,1639591,126343,7.71,0.08
2379,2021-02-09,SAR,2286,837,1449,1308,471,497,1,4,0,1,2,0,2,1290,996,ITG,ITG2,20,Sardegna,Sardegna,1639591,128629,7.85,0.14
2380,2021-01-31,SAR,2121,750,1371,1544,555,0,0,6,0,1,1,0,14,48,2073,ITG,ITG2,20,Sardegna,Sardegna,1639591,130750,7.97,0.13
2381,2021-01-16,SAR,1492,525,967,1282,207,0,1,1,1,0,0,0,0,1492,0,ITG,ITG2,20,Sardegna,Sardegna,1639591,132242,8.07,0.09
2382,2021-04-25,SAR,3904,1998,1906,41,4,0,3,1241,841,581,1180,1,12,3389,515,ITG,ITG2,20,Sardegna,Sardegna,1639591,136146,8.3,0.24
2383,2021-02-24,SAR,2410,1292,1118,1193,521,301,0,6,2,7,0,366,14,2221,189,ITG,ITG2,20,Sardegna,Sardegna,1639591,138556,8.45,0.15
2384,2021-03-20,SAR,5193,2073,3120,696,307,127,855,19,91,2744,203,105,46,2916,2277,ITG,ITG2,20,Sardegna,Sardegna,1639591,143749,8.77,0.32
2385,2021-04-06,SAR,7132,2970,4162,656,252,226,455,101,1846,2539,584,35,438,5000,2132,ITG,ITG2,20,Sardegna,Sardegna,1639591,150881,9.2,0.43
2386,2021-03-28,SAR,4618,1813,2805,83,42,23,681,49,131,3275,216,13,105,4540,78,ITG,ITG2,20,Sardegna,Sardegna,1639591,155499,9.48,0.28
2387,2021-01-17,SAR,860,277,583,747,113,0,0,0,0,0,0,0,0,859,1,ITG,ITG2,20,Sardegna,Sardegna,1639591,156359,9.54,0.05
2388,2021-03-19,SAR,7262,3045,4217,1315,773,222,10,141,581,3507,325,247,141,5050,2212,ITG,ITG2,20,Sardegna,Sardegna,1639591,163621,9.98,0.44
2389,2021-04-01,SAR,10087,4019,6068,456,369,209,1251,169,896,4686,1534,203,314,7076,3011,ITG,ITG2,20,Sardegna,Sardegna,1639591,173708,10.59,0.62
2390,2021-04-26,SAR,6418,3082,3336,56,84,22,7,2304,1170,808,1928,4,35,5554,864,ITG,ITG2,20,Sardegna,Sardegna,1639591,180126,10.99,0.39
2391,2021-04-12,SAR,6947,3163,3784,88,83,44,11,596,2790,2199,1010,30,96,5234,1713,ITG,ITG2,20,Sardegna,Sardegna,1639591,187073,11.41,0.42
2392,2021-03-05,SAR,5033,2443,2590,1694,1153,669,10,31,14,647,14,745,56,2681,2352,ITG,ITG2,20,Sardegna,Sardegna,1639591,192106,11.72,0.31
2393,2021-03-08,SAR,4004,1786,2218,740,1027,650,153,8,8,854,46,505,13,2784,1220,ITG,ITG2,20,Sardegna,Sardegna,1639591,196110,11.96,0.24
2394,2021-01-11,SAR,1183,505,678,656,525,0,0,0,0,1,0,0,1,1183,0,ITG,ITG2,20,Sardegna,Sardegna,1639591,197293,12.03,0.07
2395,2021-01-25,SAR,588,212,376,553,34,0,0,0,0,0,0,0,1,22,566,ITG,ITG2,20,Sardegna,Sardegna,1639591,197881,12.07,0.04
2396,2021-04-09,SAR,11985,5298,6687,437,256,39,163,434,3477,4835,2092,37,215,7641,4344,ITG,ITG2,20,Sardegna,Sardegna,1639591,209866,12.8,0.73
2397,2021-02-12,SAR,2237,933,1304,986,720,501,0,4,0,1,4,0,21,2178,59,ITG,ITG2,20,Sardegna,Sardegna,1639591,212103,12.94,0.14
2398,2021-04-11,SAR,5389,2442,2947,62,16,1,20,26,3233,1860,150,9,12,4269,1120,ITG,ITG2,20,Sardegna,Sardegna,1639591,217492,13.27,0.33
2399,2021-01-15,SAR,1563,573,990,1170,384,0,0,0,0,0,6,3,0,1563,0,ITG,ITG2,20,Sardegna,Sardegna,1639591,219055,13.36,0.1
2400,2021-01-23,SAR,60,22,38,60,0,0,0,0,0,0,0,0,0,0,60,ITG,ITG2,20,Sardegna,Sardegna,1639591,219115,13.36,0.0
2401,2021-01-12,SAR,865,408,457,504,361,0,0,0,0,0,0,0,0,865,0,ITG,ITG2,20,Sardegna,Sardegna,1639591,219980,13.42,0.05
2402,2021-01-14,SAR,1105,426,679,885,220,0,0,0,0,0,0,0,0,1105,0,ITG,ITG2,20,Sardegna,Sardegna,1639591,221085,13.48,0.07
2403,2021-03-07,SAR,1657,750,907,323,230,78,2,4,1,1012,0,0,7,1117,540,ITG,ITG2,20,Sardegna,Sardegna,1639591,222742,13.59,0.1
2404,2021-03-02,SAR,2865,1459,1406,1067,608,381,2,8,10,324,1,461,3,1712,1153,ITG,ITG2,20,Sardegna,Sardegna,1639591,225607,13.76,0.17
2405,2021-02-11,SAR,1315,490,825,588,266,369,0,31,1,3,0,0,57,1204,111,ITG,ITG2,20,Sardegna,Sardegna,1639591,226922,13.84,0.08
2406,2021-04-07,SAR,13418,5952,7466,675,443,256,350,188,3334,5595,2333,72,172,7772,5646,ITG,ITG2,20,Sardegna,Sardegna,1639591,240340,14.66,0.82
2407,2021-04-14,SAR,8008,3783,4225,145,34,96,17,462,4768,812,1620,1,53,6798,1210,ITG,ITG2,20,Sardegna,Sardegna,1639591,248348,15.15,0.49
2408,2021-02-10,SAR,1959,765,1194,1169,299,488,1,0,1,0,0,0,1,1441,518,ITG,ITG2,20,Sardegna,Sardegna,1639591,250307,15.27,0.12
2409,2021-03-25,SAR,8683,3636,5047,815,311,189,1562,155,440,3802,927,343,139,7379,1304,ITG,ITG2,20,Sardegna,Sardegna,1639591,258990,15.8,0.53
2410,2021-02-20,SAR,2041,855,1186,484,150,195,1,2,4,1204,0,0,1,1707,334,ITG,ITG2,20,Sardegna,Sardegna,1639591,261031,15.92,0.12
2411,2021-02-15,SAR,958,349,609,440,231,279,0,2,0,0,3,0,3,927,31,ITG,ITG2,20,Sardegna,Sardegna,1639591,261989,15.98,0.06
2412,2021-03-13,SAR,2751,1072,1679,274,142,240,132,13,101,1765,22,43,19,2470,281,ITG,ITG2,20,Sardegna,Sardegna,1639591,264740,16.15,0.17
2413,2021-03-27,SAR,5711,2174,3537,331,322,217,1309,31,188,2634,507,83,89,5289,422,ITG,ITG2,20,Sardegna,Sardegna,1639591,270451,16.5,0.35
2414,2021-02-02,SAR,1482,655,827,988,475,0,0,0,0,0,0,0,19,241,1241,ITG,ITG2,20,Sardegna,Sardegna,1639591,271933,16.59,0.09
2415,2021-01-20,SAR,210,77,133,154,56,0,0,0,0,0,0,0,0,208,2,ITG,ITG2,20,Sardegna,Sardegna,1639591,272143,16.6,0.01
2416,2021-03-23,SAR,6140,2630,3510,1108,317,283,1140,34,165,2311,607,95,80,5063,1077,ITG,ITG2,20,Sardegna,Sardegna,1639591,278283,16.97,0.37
2417,2021-01-05,SAR,1327,446,881,1283,40,0,0,1,0,0,0,0,3,1327,0,ITG,ITG2,20,Sardegna,Sardegna,1639591,279610,17.05,0.08
2418,2021-04-03,SAR,4430,1709,2721,181,275,153,424,54,430,2588,203,23,99,2687,1743,ITG,ITG2,20,Sardegna,Sardegna,1639591,284040,17.32,0.27
2419,2020-12-27,SAR,65,34,31,65,0,0,0,0,0,0,0,0,0,65,0,ITG,ITG2,20,Sardegna,Sardegna,1639591,284105,17.33,0.0
2420,2021-04-18,SAR,5154,2238,2916,48,6,0,3,863,323,3471,418,11,11,2287,2867,ITG,ITG2,20,Sardegna,Sardegna,1639591,289259,17.64,0.31
2421,2021-01-27,SAR,1408,494,914,1303,103,0,0,0,0,0,0,0,2,79,1329,ITG,ITG2,20,Sardegna,Sardegna,1639591,290667,17.73,0.09
2422,2021-03-17,SAR,6552,2849,3703,1077,529,528,128,80,443,3341,367,5,54,4945,1607,ITG,ITG2,20,Sardegna,Sardegna,1639591,297219,18.13,0.4
2423,2021-04-24,SAR,9922,4657,5265,109,55,58,41,1852,1871,2130,3628,2,176,7693,2229,ITG,ITG2,20,Sardegna,Sardegna,1639591,307141,18.73,0.61
2424,2021-01-28,SAR,2968,1044,1924,2554,400,0,0,1,0,0,0,11,2,69,2899,ITG,ITG2,20,Sardegna,Sardegna,1639591,310109,18.91,0.18
2425,2021-01-10,SAR,2183,750,1433,1632,548,0,0,0,0,0,0,0,3,2183,0,ITG,ITG2,20,Sardegna,Sardegna,1639591,312292,19.05,0.13
2426,2021-03-14,SAR,606,376,230,34,210,0,12,2,1,251,0,87,9,606,0,ITG,ITG2,20,Sardegna,Sardegna,1639591,312898,19.08,0.04
2427,2021-04-21,SAR,11989,5532,6457,151,63,101,41,2747,1968,4288,2497,8,125,6520,5469,ITG,ITG2,20,Sardegna,Sardegna,1639591,324887,19.82,0.73
2428,2021-04-08,SAR,13339,5882,7457,716,197,77,288,392,2923,4969,3561,41,175,8221,5118,ITG,ITG2,20,Sardegna,Sardegna,1639591,338226,20.63,0.81
2429,2021-01-08,SAR,3258,1184,2074,2930,323,0,0,0,0,2,1,0,2,3258,0,ITG,ITG2,20,Sardegna,Sardegna,1639591,341484,20.83,0.2
2430,2021-02-18,SAR,1878,732,1146,1074,344,298,110,4,0,1,1,33,13,1814,64,ITG,ITG2,20,Sardegna,Sardegna,1639591,343362,20.94,0.11
2431,2021-02-27,SAR,1921,647,1274,1059,316,306,0,14,2,178,0,0,46,1366,555,ITG,ITG2,20,Sardegna,Sardegna,1639591,345283,21.06,0.12
2432,2021-04-04,SAR,1,0,1,0,0,0,0,0,0,1,0,0,0,0,1,ITG,ITG2,20,Sardegna,Sardegna,1639591,345284,21.06,0.0
2433,2021-02-04,SAR,2271,816,1455,1737,360,170,0,1,1,1,1,0,0,916,1355,ITG,ITG2,20,Sardegna,Sardegna,1639591,347555,21.2,0.14
2434,2021-02-19,SAR,1498,472,1026,677,390,388,0,4,4,1,13,1,20,1442,56,ITG,ITG2,20,Sardegna,Sardegna,1639591,349053,21.29,0.09
2435,2021-04-05,SAR,2031,782,1249,55,150,0,694,93,395,145,123,22,354,2030,1,ITG,ITG2,20,Sardegna,Sardegna,1639591,351084,21.41,0.12
2436,2020-12-29,SAR,57,32,25,56,1,0,0,0,0,0,0,0,0,57,0,ITG,ITG2,20,Sardegna,Sardegna,1639591,351141,21.42,0.0
2437,2021-03-16,SAR,4367,1945,2422,663,204,352,8,43,163,2542,336,1,55,3445,922,ITG,ITG2,20,Sardegna,Sardegna,1639591,355508,21.68,0.27
2438,2021-03-26,SAR,8081,3176,4905,844,564,414,1520,140,466,2759,998,227,149,6556,1525,ITG,ITG2,20,Sardegna,Sardegna,1639591,363589,22.18,0.49
2439,2021-02-14,SAR,539,263,276,286,188,57,0,1,0,3,0,0,4,537,2,ITG,ITG2,20,Sardegna,Sardegna,1639591,364128,22.21,0.03
2440,2021-01-06,SAR,1615,549,1066,1510,99,0,0,0,0,1,0,0,5,1615,0,ITG,ITG2,20,Sardegna,Sardegna,1639591,365743,22.31,0.1
2441,2021-02-25,SAR,2899,1255,1644,1474,611,466,9,6,2,242,2,74,13,2294,605,ITG,ITG2,20,Sardegna,Sardegna,1639591,368642,22.48,0.18
2442,2021-03-12,SAR,5756,2408,3348,1048,766,464,159,33,56,2573,83,468,106,4448,1308,ITG,ITG2,20,Sardegna,Sardegna,1639591,374398,22.83,0.35
2443,2021-01-04,SAR,591,217,374,565,20,0,0,0,0,1,0,0,5,591,0,ITG,ITG2,20,Sardegna,Sardegna,1639591,374989,22.87,0.04
2444,2020-12-31,SAR,32,16,16,28,4,0,0,0,0,0,0,0,0,32,0,ITG,ITG2,20,Sardegna,Sardegna,1639591,375021,22.87,0.0
2445,2021-02-01,SAR,1524,605,919,896,551,77,0,0,0,0,0,0,0,225,1299,ITG,ITG2,20,Sardegna,Sardegna,1639591,376545,22.97,0.09
2446,2021-01-19,SAR,747,270,477,423,163,160,1,0,0,0,0,0,0,692,55,ITG,ITG2,20,Sardegna,Sardegna,1639591,377292,23.01,0.05
2447,2021-02-07,SAR,1116,394,722,975,141,0,0,0,0,0,0,0,0,228,888,ITG,ITG2,20,Sardegna,Sardegna,1639591,378408,23.08,0.07
2448,2021-01-18,SAR,904,326,578,714,188,0,0,0,0,0,0,1,1,780,124,ITG,ITG2,20,Sardegna,Sardegna,1639591,379312,23.13,0.06
2449,2021-03-30,SAR,8526,3413,5113,650,514,237,1453,105,864,3336,1207,60,100,6257,2269,ITG,ITG2,20,Sardegna,Sardegna,1639591,387838,23.65,0.52
2450,2021-01-03,SAR,90,36,54,89,1,0,0,0,0,0,0,0,0,90,0,ITG,ITG2,20,Sardegna,Sardegna,1639591,387928,23.66,0.01
2451,2021-01-30,SAR,3862,1392,2470,2987,873,0,0,0,0,1,0,0,1,362,3500,ITG,ITG2,20,Sardegna,Sardegna,1639591,391790,23.9,0.24
2452,2021-01-21,SAR,126,60,66,60,66,0,0,0,0,0,0,0,0,94,32,ITG,ITG2,20,Sardegna,Sardegna,1639591,391916,23.9,0.01
2453,2021-02-03,SAR,1119,419,700,920,169,19,0,1,0,0,0,0,10,426,693,ITG,ITG2,20,Sardegna,Sardegna,1639591,393035,23.97,0.07
2454,2021-04-02,SAR,8968,3536,5432,528,682,177,1301,98,803,4209,909,70,191,5738,3230,ITG,ITG2,20,Sardegna,Sardegna,1639591,402003,24.52,0.55
2455,2021-04-16,SAR,14401,6474,7927,477,159,107,27,2158,4362,4303,2670,19,119,9068,5333,ITG,ITG2,20,Sardegna,Sardegna,1639591,416404,25.4,0.88
2456,2021-01-24,SAR,90,34,56,89,1,0,0,0,0,0,0,0,0,5,85,ITG,ITG2,20,Sardegna,Sardegna,1639591,416494,25.4,0.01
2457,2021-03-24,SAR,7275,2992,4283,739,253,397,1059,58,400,3162,783,330,94,5918,1357,ITG,ITG2,20,Sardegna,Sardegna,1639591,423769,25.85,0.44
2458,2021-03-22,SAR,3582,1378,2204,838,344,109,1135,15,61,800,153,105,22,3070,512,ITG,ITG2,20,Sardegna,Sardegna,1639591,427351,26.06,0.22
2459,2021-04-10,SAR,10254,4620,5634,153,91,11,218,537,4662,3600,801,11,170,8318,1936,ITG,ITG2,20,Sardegna,Sardegna,1639591,437605,26.69,0.63
2460,2021-02-06,SAR,1970,697,1273,1544,284,139,1,0,1,0,0,0,1,569,1401,ITG,ITG2,20,Sardegna,Sardegna,1639591,439575,26.81,0.12
2461,2021-02-13,SAR,1456,565,891,732,433,256,5,4,3,1,1,0,21,1454,2,ITG,ITG2,20,Sardegna,Sardegna,1639591,441031,26.9,0.09
2462,2021-02-08,SAR,1470,533,937,998,337,126,0,1,0,1,1,1,5,856,614,ITG,ITG2,20,Sardegna,Sardegna,1639591,442501,26.99,0.09
2463,2021-01-01,SAR,30,16,14,30,0,0,0,0,0,0,0,0,0,30,0,ITG,ITG2,20,Sardegna,Sardegna,1639591,442531,26.99,0.0
2464,2021-04-19,SAR,9778,4421,5357,186,75,88,43,3658,2932,1394,1365,6,31,8427,1351,ITG,ITG2,20,Sardegna,Sardegna,1639591,452309,27.59,0.6
2465,2021-03-04,SAR,4002,1953,2049,987,552,542,42,44,18,1153,1,581,82,2747,1255,ITG,ITG2,20,Sardegna,Sardegna,1639591,456311,27.83,0.24
2466,2021-02-22,SAR,1637,948,689,606,293,190,0,6,3,5,11,516,7,1409,228,ITG,ITG2,20,Sardegna,Sardegna,1639591,457948,27.93,0.1
2467,2021-04-15,SAR,11530,5381,6149,268,93,128,20,969,3886,3873,2141,29,123,6588,4942,ITG,ITG2,20,Sardegna,Sardegna,1639591,469478,28.63,0.7
