,data,area,Vaccinazioni giornaliere,sesso_maschile,sesso_femminile,Operatori sanitari - sociosanitari,Personale non sanitario,Ospiti RSA,categoria_over80,categoria_forze_armate,categoria_personale_scolastico,prima_dose,seconda_dose,codice_NUTS1,codice_NUTS2,codice_regione_ISTAT,nome_area,Regione,popolazione,Totale vaccinazioni,Totale vaccinazioni ogni cento ab,Vaccinazioni giornaliere ogni cento ab
0,2021-01-21,PUG,2129,903,1226,1429,174,526,0,0,0,1270,859,ITF,ITF4,16,Puglia,Puglia,4029053,2129,0.05,0.05
1,2021-01-22,PUG,1409,579,830,876,157,373,2,0,1,992,417,ITF,ITF4,16,Puglia,Puglia,4029053,3538,0.09,0.03
2,2021-02-10,PUG,3603,1425,2178,2491,247,864,0,0,1,2122,1481,ITF,ITF4,16,Puglia,Puglia,4029053,7141,0.18,0.09
3,2021-03-08,PUG,14253,5910,8343,2092,1135,202,6586,513,3725,11877,2376,ITF,ITF4,16,Puglia,Puglia,4029053,21394,0.53,0.35
4,2021-01-09,PUG,4867,2245,2622,4313,303,246,4,0,1,4867,0,ITF,ITF4,16,Puglia,Puglia,4029053,26261,0.65,0.12
5,2021-02-15,PUG,3242,1263,1979,2245,536,452,0,6,3,2623,619,ITF,ITF4,16,Puglia,Puglia,4029053,29503,0.73,0.08
6,2021-01-01,PUG,146,60,86,145,1,0,0,0,0,146,0,ITF,ITF4,16,Puglia,Puglia,4029053,29649,0.74,0.0
7,2021-01-12,PUG,4202,1765,2437,3628,350,218,1,0,5,4202,0,ITF,ITF4,16,Puglia,Puglia,4029053,33851,0.84,0.1
8,2021-03-04,PUG,14791,5751,9040,1536,893,318,4558,1226,6260,13416,1375,ITF,ITF4,16,Puglia,Puglia,4029053,48642,1.21,0.37
9,2021-03-13,PUG,9523,3782,5741,2148,419,127,3651,220,2958,7801,1722,ITF,ITF4,16,Puglia,Puglia,4029053,58165,1.44,0.24
10,2021-01-19,PUG,1221,452,769,527,117,577,0,0,0,1211,10,ITF,ITF4,16,Puglia,Puglia,4029053,59386,1.47,0.03
11,2021-03-02,PUG,16036,5983,10053,1378,1052,111,4269,1245,7981,14742,1294,ITF,ITF4,16,Puglia,Puglia,4029053,75422,1.87,0.4
12,2021-01-04,PUG,4503,2012,2491,4371,120,11,0,0,1,4503,0,ITF,ITF4,16,Puglia,Puglia,4029053,79925,1.98,0.11
13,2020-12-31,PUG,1634,782,852,1549,38,44,0,0,3,1634,0,ITF,ITF4,16,Puglia,Puglia,4029053,81559,2.02,0.04
14,2021-01-18,PUG,1844,770,1074,1182,216,446,0,0,0,1495,349,ITF,ITF4,16,Puglia,Puglia,4029053,83403,2.07,0.05
15,2021-01-06,PUG,3943,1664,2279,3221,349,373,0,0,0,3943,0,ITF,ITF4,16,Puglia,Puglia,4029053,87346,2.17,0.1
16,2021-02-19,PUG,4719,2009,2710,3033,1238,390,2,49,7,4328,391,ITF,ITF4,16,Puglia,Puglia,4029053,92065,2.29,0.12
17,2021-01-03,PUG,2004,942,1062,1814,44,145,0,0,1,2004,0,ITF,ITF4,16,Puglia,Puglia,4029053,94069,2.33,0.05
18,2021-02-18,PUG,4361,1839,2522,2704,965,683,5,2,2,3758,603,ITF,ITF4,16,Puglia,Puglia,4029053,98430,2.44,0.11
19,2021-03-14,PUG,2834,1236,1598,943,201,60,917,30,683,2102,732,ITF,ITF4,16,Puglia,Puglia,4029053,101264,2.51,0.07
20,2021-02-16,PUG,3377,1449,1928,2131,811,413,4,16,2,2732,645,ITF,ITF4,16,Puglia,Puglia,4029053,104641,2.6,0.08
21,2021-01-10,PUG,2346,1060,1286,2035,109,202,0,0,0,2346,0,ITF,ITF4,16,Puglia,Puglia,4029053,106987,2.66,0.06
22,2020-12-30,PUG,1,0,1,1,0,0,0,0,0,1,0,ITF,ITF4,16,Puglia,Puglia,4029053,106988,2.66,0.0
23,2021-02-07,PUG,1373,615,758,970,221,182,0,0,0,248,1125,ITF,ITF4,16,Puglia,Puglia,4029053,108361,2.69,0.03
24,2021-01-05,PUG,5096,2244,2852,4740,249,98,5,0,4,5096,0,ITF,ITF4,16,Puglia,Puglia,4029053,113457,2.82,0.13
25,2021-03-03,PUG,16247,6510,9737,2012,816,192,5740,810,6677,14426,1821,ITF,ITF4,16,Puglia,Puglia,4029053,129704,3.22,0.4
26,2021-01-13,PUG,4533,1727,2806,3967,334,230,0,0,2,4533,0,ITF,ITF4,16,Puglia,Puglia,4029053,134237,3.33,0.11
27,2021-02-23,PUG,9275,4388,4887,1753,483,156,5473,398,1012,8817,458,ITF,ITF4,16,Puglia,Puglia,4029053,143512,3.56,0.23
28,2021-03-07,PUG,4746,1860,2886,909,231,2,1528,299,1777,4176,570,ITF,ITF4,16,Puglia,Puglia,4029053,148258,3.68,0.12
29,2020-12-27,PUG,506,249,257,401,42,63,0,0,0,506,0,ITF,ITF4,16,Puglia,Puglia,4029053,148764,3.69,0.01
30,2021-01-20,PUG,1550,543,1007,783,165,602,0,0,0,1542,8,ITF,ITF4,16,Puglia,Puglia,4029053,150314,3.73,0.04
31,2021-01-02,PUG,2945,1297,1648,2826,92,23,0,0,4,2945,0,ITF,ITF4,16,Puglia,Puglia,4029053,153259,3.8,0.07
32,2021-02-21,PUG,2167,469,1698,535,85,49,30,12,1456,2106,61,ITF,ITF4,16,Puglia,Puglia,4029053,155426,3.86,0.05
33,2021-01-11,PUG,3749,1587,2162,3212,357,175,0,3,2,3749,0,ITF,ITF4,16,Puglia,Puglia,4029053,159175,3.95,0.09
34,2021-01-16,PUG,2502,1033,1469,1680,306,515,0,0,1,2502,0,ITF,ITF4,16,Puglia,Puglia,4029053,161677,4.01,0.06
35,2021-02-02,PUG,4274,1814,2460,3590,383,298,0,0,3,545,3729,ITF,ITF4,16,Puglia,Puglia,4029053,165951,4.12,0.11
36,2021-02-24,PUG,9695,4532,5163,1867,709,117,6084,365,553,9107,588,ITF,ITF4,16,Puglia,Puglia,4029053,175646,4.36,0.24
37,2021-01-29,PUG,6188,2659,3529,5465,432,288,0,0,3,436,5752,ITF,ITF4,16,Puglia,Puglia,4029053,181834,4.51,0.15
38,2021-02-12,PUG,4098,1629,2469,2937,451,690,5,10,5,3008,1090,ITF,ITF4,16,Puglia,Puglia,4029053,185932,4.61,0.1
39,2021-02-11,PUG,3693,1401,2292,2568,400,723,0,0,2,2417,1276,ITF,ITF4,16,Puglia,Puglia,4029053,189625,4.71,0.09
40,2021-01-25,PUG,3820,1676,2144,3470,179,168,2,0,1,423,3397,ITF,ITF4,16,Puglia,Puglia,4029053,193445,4.8,0.09
41,2021-03-09,PUG,12312,5404,6908,1802,857,197,5138,1005,3313,10328,1984,ITF,ITF4,16,Puglia,Puglia,4029053,205757,5.11,0.31
42,2021-03-06,PUG,15126,5655,9471,2109,765,70,4973,479,6730,13161,1965,ITF,ITF4,16,Puglia,Puglia,4029053,220883,5.48,0.38
43,2021-01-08,PUG,5572,2336,3236,4843,401,325,0,0,3,5572,0,ITF,ITF4,16,Puglia,Puglia,4029053,226455,5.62,0.14
44,2021-03-01,PUG,14788,5762,9026,1944,913,84,6005,817,5025,13426,1362,ITF,ITF4,16,Puglia,Puglia,4029053,241243,5.99,0.37
45,2021-02-09,PUG,3833,1567,2266,2532,667,621,8,0,5,2161,1672,ITF,ITF4,16,Puglia,Puglia,4029053,245076,6.08,0.1
46,2021-01-31,PUG,1805,825,980,1499,104,198,2,0,2,73,1732,ITF,ITF4,16,Puglia,Puglia,4029053,246881,6.13,0.04
47,2021-02-28,PUG,5725,1757,3968,559,258,25,1483,194,3206,5539,186,ITF,ITF4,16,Puglia,Puglia,4029053,252606,6.27,0.14
48,2021-01-24,PUG,1668,749,919,1286,231,150,1,0,0,152,1516,ITF,ITF4,16,Puglia,Puglia,4029053,254274,6.31,0.04
49,2021-03-05,PUG,16796,6683,10113,2299,1212,272,5190,1011,6812,14637,2159,ITF,ITF4,16,Puglia,Puglia,4029053,271070,6.73,0.42
50,2021-01-30,PUG,5523,2510,3013,4747,348,419,3,0,6,413,5110,ITF,ITF4,16,Puglia,Puglia,4029053,276593,6.86,0.14
51,2021-01-15,PUG,4545,1860,2685,3592,388,558,0,3,4,4545,0,ITF,ITF4,16,Puglia,Puglia,4029053,281138,6.98,0.11
52,2021-03-11,PUG,13696,5871,7825,2844,1125,478,4895,794,3560,10681,3015,ITF,ITF4,16,Puglia,Puglia,4029053,294834,7.32,0.34
53,2021-01-27,PUG,4574,1927,2647,3915,261,396,0,0,2,610,3964,ITF,ITF4,16,Puglia,Puglia,4029053,299408,7.43,0.11
54,2021-02-05,PUG,5622,2269,3353,4562,525,526,0,3,6,1325,4297,ITF,ITF4,16,Puglia,Puglia,4029053,305030,7.57,0.14
55,2021-02-06,PUG,4482,1910,2572,3479,487,513,0,0,3,1584,2898,ITF,ITF4,16,Puglia,Puglia,4029053,309512,7.68,0.11
56,2021-03-15,PUG,10757,5148,5609,2038,761,74,7083,348,453,4643,6114,ITF,ITF4,16,Puglia,Puglia,4029053,320269,7.95,0.27
57,2021-01-14,PUG,4056,1582,2474,3161,394,499,0,0,2,4056,0,ITF,ITF4,16,Puglia,Puglia,4029053,324325,8.05,0.1
58,2021-03-12,PUG,13359,5837,7522,3274,1271,430,4790,835,2759,9436,3923,ITF,ITF4,16,Puglia,Puglia,4029053,337684,8.38,0.33
59,2021-01-17,PUG,1297,586,711,821,147,329,0,0,0,1228,69,ITF,ITF4,16,Puglia,Puglia,4029053,338981,8.41,0.03
60,2021-02-27,PUG,13705,4616,9089,1573,774,190,4825,344,5999,12532,1173,ITF,ITF4,16,Puglia,Puglia,4029053,352686,8.75,0.34
61,2021-02-04,PUG,5890,2355,3535,4420,812,652,0,0,6,1164,4726,ITF,ITF4,16,Puglia,Puglia,4029053,358576,8.9,0.15
62,2021-02-20,PUG,2950,1074,1876,2108,243,167,4,4,424,2694,256,ITF,ITF4,16,Puglia,Puglia,4029053,361526,8.97,0.07
63,2021-01-07,PUG,5707,2448,3259,5210,276,217,0,1,3,5707,0,ITF,ITF4,16,Puglia,Puglia,4029053,367233,9.11,0.14
64,2021-02-01,PUG,3957,1656,2301,3439,300,209,0,4,5,375,3582,ITF,ITF4,16,Puglia,Puglia,4029053,371190,9.21,0.1
65,2021-02-08,PUG,3959,1593,2366,2932,611,389,1,25,1,1570,2389,ITF,ITF4,16,Puglia,Puglia,4029053,375149,9.31,0.1
66,2021-02-22,PUG,9549,4496,5053,1402,720,139,6755,215,318,9219,330,ITF,ITF4,16,Puglia,Puglia,4029053,384698,9.55,0.24
67,2021-03-10,PUG,14008,6056,7952,2553,1242,355,6202,581,3075,10898,3110,ITF,ITF4,16,Puglia,Puglia,4029053,398706,9.9,0.35
68,2021-01-28,PUG,5464,2271,3193,4759,376,327,0,0,2,475,4989,ITF,ITF4,16,Puglia,Puglia,4029053,404170,10.03,0.14
69,2021-02-03,PUG,5027,1999,3028,4362,478,184,0,0,3,728,4299,ITF,ITF4,16,Puglia,Puglia,4029053,409197,10.16,0.12
70,2021-02-26,PUG,13394,4875,8519,2084,830,295,4975,597,4613,12376,1018,ITF,ITF4,16,Puglia,Puglia,4029053,422591,10.49,0.33
71,2021-01-23,PUG,3036,1291,1745,2522,206,307,0,0,1,885,2151,ITF,ITF4,16,Puglia,Puglia,4029053,425627,10.56,0.08
72,2021-01-26,PUG,5361,2398,2963,4847,281,232,1,0,0,574,4787,ITF,ITF4,16,Puglia,Puglia,4029053,430988,10.7,0.13
73,2021-02-14,PUG,784,348,436,681,32,70,0,0,1,662,122,ITF,ITF4,16,Puglia,Puglia,4029053,431772,10.72,0.02
74,2021-02-25,PUG,11428,4883,6545,1640,865,419,5505,725,2274,10317,1111,ITF,ITF4,16,Puglia,Puglia,4029053,443200,11.0,0.28
75,2021-03-16,PUG,5212,2423,2789,1504,554,45,3052,35,22,1606,3606,ITF,ITF4,16,Puglia,Puglia,4029053,448412,11.13,0.13
76,2021-02-17,PUG,4262,1742,2520,2453,1209,598,1,0,1,3665,597,ITF,ITF4,16,Puglia,Puglia,4029053,452674,11.24,0.11
77,2021-02-13,PUG,3718,1450,2268,2879,519,291,4,18,7,3026,692,ITF,ITF4,16,Puglia,Puglia,4029053,456392,11.33,0.09
78,2021-01-06,EMR,8260,2940,5320,6848,761,650,0,1,0,8260,0,ITH,ITH5,8,Emilia-Romagna,Emilia-Romagna,4459477,8260,0.19,0.19
79,2021-01-31,EMR,7692,2758,4934,6172,1259,261,0,0,0,242,7450,ITH,ITH5,8,Emilia-Romagna,Emilia-Romagna,4459477,15952,0.36,0.17
80,2021-03-14,EMR,8397,3585,4812,696,903,53,5492,359,894,4623,3774,ITH,ITH5,8,Emilia-Romagna,Emilia-Romagna,4459477,24349,0.55,0.19
81,2021-02-25,EMR,9148,3470,5678,793,514,140,7616,0,85,8197,951,ITH,ITH5,8,Emilia-Romagna,Emilia-Romagna,4459477,33497,0.75,0.21
82,2021-02-02,EMR,9430,3030,6400,6230,1490,1629,80,0,1,496,8934,ITH,ITH5,8,Emilia-Romagna,Emilia-Romagna,4459477,42927,0.96,0.21
83,2021-02-17,EMR,6532,2760,3772,803,1278,404,4047,0,0,5759,773,ITH,ITH5,8,Emilia-Romagna,Emilia-Romagna,4459477,49459,1.11,0.15
84,2021-02-16,EMR,5727,2426,3301,743,907,437,3640,0,0,5198,529,ITH,ITH5,8,Emilia-Romagna,Emilia-Romagna,4459477,55186,1.24,0.13
85,2021-02-18,EMR,7042,2891,4151,891,531,236,5384,0,0,6460,582,ITH,ITH5,8,Emilia-Romagna,Emilia-Romagna,4459477,62228,1.4,0.16
86,2021-03-15,EMR,12506,5604,6902,788,1259,110,9052,777,520,6092,6414,ITH,ITH5,8,Emilia-Romagna,Emilia-Romagna,4459477,74734,1.68,0.28
87,2021-02-26,EMR,7538,2855,4683,1008,622,217,5388,0,303,6502,1036,ITH,ITH5,8,Emilia-Romagna,Emilia-Romagna,4459477,82272,1.84,0.17
88,2021-01-13,EMR,9062,2938,6124,6005,1312,1744,0,0,1,9062,0,ITH,ITH5,8,Emilia-Romagna,Emilia-Romagna,4459477,91334,2.05,0.2
89,2021-02-06,EMR,7515,2375,5140,5358,946,1172,39,0,0,2109,5406,ITH,ITH5,8,Emilia-Romagna,Emilia-Romagna,4459477,98849,2.22,0.17
90,2021-03-07,EMR,6526,2433,4093,1450,737,22,2555,513,1249,5013,1513,ITH,ITH5,8,Emilia-Romagna,Emilia-Romagna,4459477,105375,2.36,0.15
91,2021-03-02,EMR,11556,3795,7761,1918,785,221,5257,355,3020,9588,1968,ITH,ITH5,8,Emilia-Romagna,Emilia-Romagna,4459477,116931,2.62,0.26
92,2021-03-13,EMR,15528,6046,9482,1245,1278,72,8193,886,3854,10244,5284,ITH,ITH5,8,Emilia-Romagna,Emilia-Romagna,4459477,132459,2.97,0.35
93,2021-01-14,EMR,8084,2572,5512,5390,1088,1605,0,1,0,8084,0,ITH,ITH5,8,Emilia-Romagna,Emilia-Romagna,4459477,140543,3.15,0.18
94,2021-01-23,EMR,2443,868,1575,1899,114,430,0,0,0,441,2002,ITH,ITH5,8,Emilia-Romagna,Emilia-Romagna,4459477,142986,3.21,0.05
95,2021-01-07,EMR,10207,3381,6826,8180,959,1068,0,0,0,10207,0,ITH,ITH5,8,Emilia-Romagna,Emilia-Romagna,4459477,153193,3.44,0.23
96,2021-02-23,EMR,8187,3210,4977,407,316,111,7352,0,1,7803,384,ITH,ITH5,8,Emilia-Romagna,Emilia-Romagna,4459477,161380,3.62,0.18
97,2021-03-08,EMR,11406,4497,6909,2291,1029,295,4260,1212,2319,8797,2609,ITH,ITH5,8,Emilia-Romagna,Emilia-Romagna,4459477,172786,3.87,0.26
98,2021-01-15,EMR,7698,2392,5306,5296,1084,1317,0,0,1,7698,0,ITH,ITH5,8,Emilia-Romagna,Emilia-Romagna,4459477,180484,4.05,0.17
99,2021-01-29,EMR,10325,3476,6849,8080,1228,1017,0,0,0,289,10036,ITH,ITH5,8,Emilia-Romagna,Emilia-Romagna,4459477,190809,4.28,0.23
100,2021-02-20,EMR,5309,2100,3209,406,239,155,4509,0,0,5044,265,ITH,ITH5,8,Emilia-Romagna,Emilia-Romagna,4459477,196118,4.4,0.12
101,2021-02-15,EMR,2890,845,2045,1981,463,157,289,0,0,2764,126,ITH,ITH5,8,Emilia-Romagna,Emilia-Romagna,4459477,199008,4.46,0.06
102,2021-02-10,EMR,3935,1353,2582,2330,574,775,256,0,0,2735,1200,ITH,ITH5,8,Emilia-Romagna,Emilia-Romagna,4459477,202943,4.55,0.09
103,2021-03-05,EMR,17453,5673,11780,3063,1463,244,6248,529,5906,14061,3392,ITH,ITH5,8,Emilia-Romagna,Emilia-Romagna,4459477,220396,4.94,0.39
104,2021-01-30,EMR,10037,3508,6529,7562,1706,769,0,0,0,143,9894,ITH,ITH5,8,Emilia-Romagna,Emilia-Romagna,4459477,230433,5.17,0.23
105,2021-01-11,EMR,9321,3265,6056,6572,1482,1267,0,0,0,9321,0,ITH,ITH5,8,Emilia-Romagna,Emilia-Romagna,4459477,239754,5.38,0.21
106,2021-01-25,EMR,6413,2128,4285,5231,504,678,0,0,0,221,6192,ITH,ITH5,8,Emilia-Romagna,Emilia-Romagna,4459477,246167,5.52,0.14
107,2021-01-19,EMR,2039,502,1537,745,135,1159,0,0,0,2022,17,ITH,ITH5,8,Emilia-Romagna,Emilia-Romagna,4459477,248206,5.57,0.05
108,2021-01-18,EMR,3125,879,2246,1681,316,1128,0,0,0,2448,677,ITH,ITH5,8,Emilia-Romagna,Emilia-Romagna,4459477,251331,5.64,0.07
109,2021-01-26,EMR,8325,3000,5325,6599,694,1032,0,0,0,217,8108,ITH,ITH5,8,Emilia-Romagna,Emilia-Romagna,4459477,259656,5.82,0.19
110,2021-02-04,EMR,9902,3191,6711,6426,1684,1674,118,0,0,1238,8664,ITH,ITH5,8,Emilia-Romagna,Emilia-Romagna,4459477,269558,6.04,0.22
111,2021-01-24,EMR,2443,884,1559,2079,114,250,0,0,0,300,2143,ITH,ITH5,8,Emilia-Romagna,Emilia-Romagna,4459477,272001,6.1,0.05
112,2021-02-08,EMR,5177,1518,3659,2827,693,1478,178,0,1,2282,2895,ITH,ITH5,8,Emilia-Romagna,Emilia-Romagna,4459477,277178,6.22,0.12
113,2021-02-22,EMR,7460,3080,4380,386,218,129,6727,0,0,7197,263,ITH,ITH5,8,Emilia-Romagna,Emilia-Romagna,4459477,284638,6.38,0.17
114,2021-03-06,EMR,20197,5762,14435,2671,951,40,5816,517,10202,17527,2670,ITH,ITH5,8,Emilia-Romagna,Emilia-Romagna,4459477,304835,6.84,0.45
115,2021-03-16,EMR,8339,3424,4915,246,385,36,7626,5,41,2945,5394,ITH,ITH5,8,Emilia-Romagna,Emilia-Romagna,4459477,313174,7.02,0.19
116,2021-01-22,EMR,1827,477,1350,941,164,722,0,0,0,1088,739,ITH,ITH5,8,Emilia-Romagna,Emilia-Romagna,4459477,315001,7.06,0.04
117,2021-02-27,EMR,10938,3984,6954,1719,496,114,7671,0,938,9207,1731,ITH,ITH5,8,Emilia-Romagna,Emilia-Romagna,4459477,325939,7.31,0.25
118,2021-01-09,EMR,9874,3425,6449,7824,1169,881,0,0,0,9874,0,ITH,ITH5,8,Emilia-Romagna,Emilia-Romagna,4459477,335813,7.53,0.22
119,2021-01-08,EMR,10808,3555,7253,8454,1274,1080,0,0,0,10808,0,ITH,ITH5,8,Emilia-Romagna,Emilia-Romagna,4459477,346621,7.77,0.24
120,2021-02-24,EMR,9261,3540,5721,636,581,216,7765,0,63,8407,854,ITH,ITH5,8,Emilia-Romagna,Emilia-Romagna,4459477,355882,7.98,0.21
121,2020-12-27,EMR,968,372,596,824,118,26,0,0,0,968,0,ITH,ITH5,8,Emilia-Romagna,Emilia-Romagna,4459477,356850,8.0,0.02
122,2021-02-05,EMR,9293,2959,6334,6211,1287,1607,187,0,1,1625,7668,ITH,ITH5,8,Emilia-Romagna,Emilia-Romagna,4459477,366143,8.21,0.21
123,2021-01-21,EMR,2151,725,1426,1282,216,653,0,0,0,809,1342,ITH,ITH5,8,Emilia-Romagna,Emilia-Romagna,4459477,368294,8.26,0.05
124,2021-03-04,EMR,16236,5288,10948,2590,1174,239,6346,511,5376,13250,2986,ITH,ITH5,8,Emilia-Romagna,Emilia-Romagna,4459477,384530,8.62,0.36
125,2021-01-17,EMR,2889,887,2002,1913,425,547,0,0,4,2643,246,ITH,ITH5,8,Emilia-Romagna,Emilia-Romagna,4459477,387419,8.69,0.06
126,2020-12-31,EMR,2204,776,1428,1675,202,327,0,0,0,2204,0,ITH,ITH5,8,Emilia-Romagna,Emilia-Romagna,4459477,389623,8.74,0.05
127,2021-02-01,EMR,10289,3595,6694,7446,1584,1259,0,0,0,366,9923,ITH,ITH5,8,Emilia-Romagna,Emilia-Romagna,4459477,399912,8.97,0.23
128,2021-03-10,EMR,17967,7236,10731,1297,1163,96,9848,1115,4448,12382,5585,ITH,ITH5,8,Emilia-Romagna,Emilia-Romagna,4459477,417879,9.37,0.4
129,2021-01-05,EMR,9324,3163,6161,7924,635,765,0,0,0,9324,0,ITH,ITH5,8,Emilia-Romagna,Emilia-Romagna,4459477,427203,9.58,0.21
130,2021-02-07,EMR,4786,1534,3252,3685,644,444,10,0,3,1727,3059,ITH,ITH5,8,Emilia-Romagna,Emilia-Romagna,4459477,431989,9.69,0.11
131,2021-01-02,EMR,2347,903,1444,2071,79,197,0,0,0,2347,0,ITH,ITH5,8,Emilia-Romagna,Emilia-Romagna,4459477,434336,9.74,0.05
132,2021-01-20,EMR,1321,269,1052,391,143,787,0,0,0,1320,1,ITH,ITH5,8,Emilia-Romagna,Emilia-Romagna,4459477,435657,9.77,0.03
133,2021-03-11,EMR,16747,6851,9896,1110,1698,200,8790,1215,3734,10940,5807,ITH,ITH5,8,Emilia-Romagna,Emilia-Romagna,4459477,452404,10.14,0.38
134,2021-02-19,EMR,7283,2999,4284,818,368,257,5840,0,0,6780,503,ITH,ITH5,8,Emilia-Romagna,Emilia-Romagna,4459477,459687,10.31,0.16
135,2021-02-09,EMR,4150,1246,2904,2217,467,1198,268,0,0,2305,1845,ITH,ITH5,8,Emilia-Romagna,Emilia-Romagna,4459477,463837,10.4,0.09
136,2021-02-14,EMR,1398,377,1021,858,482,39,19,0,0,1278,120,ITH,ITH5,8,Emilia-Romagna,Emilia-Romagna,4459477,465235,10.43,0.03
137,2021-02-21,EMR,4404,1693,2711,394,267,190,3553,0,0,3967,437,ITH,ITH5,8,Emilia-Romagna,Emilia-Romagna,4459477,469639,10.53,0.1
138,2021-02-28,EMR,6800,2520,4280,1769,460,53,4219,4,295,4957,1843,ITH,ITH5,8,Emilia-Romagna,Emilia-Romagna,4459477,476439,10.68,0.15
139,2021-01-28,EMR,10220,3333,6887,8068,1030,1122,0,0,0,348,9872,ITH,ITH5,8,Emilia-Romagna,Emilia-Romagna,4459477,486659,10.91,0.23
140,2021-03-03,EMR,15641,5176,10465,2523,1047,160,6796,340,4775,13199,2442,ITH,ITH5,8,Emilia-Romagna,Emilia-Romagna,4459477,502300,11.26,0.35
141,2021-02-12,EMR,5308,1676,3632,3391,908,704,305,0,0,3908,1400,ITH,ITH5,8,Emilia-Romagna,Emilia-Romagna,4459477,507608,11.38,0.12
142,2021-03-01,EMR,9952,3529,6423,1812,596,413,5581,309,1241,7722,2230,ITH,ITH5,8,Emilia-Romagna,Emilia-Romagna,4459477,517560,11.61,0.22
143,2021-02-13,EMR,3603,1077,2526,2779,493,145,186,0,0,3005,598,ITH,ITH5,8,Emilia-Romagna,Emilia-Romagna,4459477,521163,11.69,0.08
144,2021-01-10,EMR,7124,2662,4462,5641,977,499,6,0,1,7124,0,ITH,ITH5,8,Emilia-Romagna,Emilia-Romagna,4459477,528287,11.85,0.16
145,2021-01-12,EMR,9313,3084,6229,6350,1332,1631,0,0,0,9313,0,ITH,ITH5,8,Emilia-Romagna,Emilia-Romagna,4459477,537600,12.06,0.21
146,2021-01-27,EMR,8315,2933,5382,6885,775,654,0,1,0,463,7852,ITH,ITH5,8,Emilia-Romagna,Emilia-Romagna,4459477,545915,12.24,0.19
147,2021-03-09,EMR,14223,5723,8500,1021,898,176,7546,1072,3510,10305,3918,ITH,ITH5,8,Emilia-Romagna,Emilia-Romagna,4459477,560138,12.56,0.32
148,2021-02-11,EMR,4244,1414,2830,2528,650,719,345,0,2,3406,838,ITH,ITH5,8,Emilia-Romagna,Emilia-Romagna,4459477,564382,12.66,0.1
149,2021-01-04,EMR,7258,2510,4748,6165,516,577,0,0,0,7258,0,ITH,ITH5,8,Emilia-Romagna,Emilia-Romagna,4459477,571640,12.82,0.16
150,2021-03-12,EMR,17387,7111,10276,1571,1792,211,9716,1094,3003,10722,6665,ITH,ITH5,8,Emilia-Romagna,Emilia-Romagna,4459477,589027,13.21,0.39
151,2021-02-03,EMR,9269,2972,6297,6227,1340,1617,85,0,0,953,8316,ITH,ITH5,8,Emilia-Romagna,Emilia-Romagna,4459477,598296,13.42,0.21
152,2021-01-03,EMR,2729,934,1795,2479,80,170,0,0,0,2729,0,ITH,ITH5,8,Emilia-Romagna,Emilia-Romagna,4459477,601025,13.48,0.06
153,2021-01-16,EMR,5592,1717,3875,3687,793,1108,0,3,1,5592,0,ITH,ITH5,8,Emilia-Romagna,Emilia-Romagna,4459477,606617,13.6,0.13
154,2021-02-09,SAR,2286,837,1449,1308,479,497,1,0,1,1290,996,ITG,ITG2,20,Sardegna,Sardegna,1639591,2286,0.14,0.14
155,2021-02-21,SAR,1584,709,875,66,32,59,1421,6,0,1554,30,ITG,ITG2,20,Sardegna,Sardegna,1639591,3870,0.24,0.1
156,2021-01-31,SAR,2121,750,1371,1544,576,0,1,0,0,48,2073,ITG,ITG2,20,Sardegna,Sardegna,1639591,5991,0.37,0.13
157,2021-02-18,SAR,1876,732,1144,1072,362,298,1,33,110,1812,64,ITG,ITG2,20,Sardegna,Sardegna,1639591,7867,0.48,0.11
158,2021-01-08,SAR,3257,1184,2073,2929,328,0,0,0,0,3257,0,ITG,ITG2,20,Sardegna,Sardegna,1639591,11124,0.68,0.2
159,2021-01-16,SAR,1492,525,967,1282,209,0,0,0,1,1492,0,ITG,ITG2,20,Sardegna,Sardegna,1639591,12616,0.77,0.09
160,2021-01-17,SAR,860,277,583,747,113,0,0,0,0,859,1,ITG,ITG2,20,Sardegna,Sardegna,1639591,13476,0.82,0.05
161,2021-03-05,SAR,4871,2392,2479,1643,1357,637,565,659,10,2656,2215,ITG,ITG2,20,Sardegna,Sardegna,1639591,18347,1.12,0.3
162,2021-01-11,SAR,1182,505,677,656,526,0,0,0,0,1182,0,ITG,ITG2,20,Sardegna,Sardegna,1639591,19529,1.19,0.07
163,2021-01-25,SAR,588,212,376,553,35,0,0,0,0,22,566,ITG,ITG2,20,Sardegna,Sardegna,1639591,20117,1.23,0.04
164,2021-01-21,SAR,126,60,66,60,66,0,0,0,0,94,32,ITG,ITG2,20,Sardegna,Sardegna,1639591,20243,1.23,0.01
165,2021-01-28,SAR,2968,1044,1924,2554,403,0,0,11,0,69,2899,ITG,ITG2,20,Sardegna,Sardegna,1639591,23211,1.42,0.18
166,2021-01-10,SAR,2183,750,1433,1632,551,0,0,0,0,2183,0,ITG,ITG2,20,Sardegna,Sardegna,1639591,25394,1.55,0.13
167,2021-02-08,SAR,1470,533,937,998,345,126,1,0,0,856,614,ITG,ITG2,20,Sardegna,Sardegna,1639591,26864,1.64,0.09
168,2021-02-22,SAR,1620,942,678,596,403,179,2,440,0,1392,228,ITG,ITG2,20,Sardegna,Sardegna,1639591,28484,1.74,0.1
169,2021-03-04,SAR,3880,1888,1992,953,860,462,1091,475,39,2732,1148,ITG,ITG2,20,Sardegna,Sardegna,1639591,32364,1.97,0.24
170,2021-01-01,SAR,30,16,14,30,0,0,0,0,0,30,0,ITG,ITG2,20,Sardegna,Sardegna,1639591,32394,1.98,0.0
171,2021-02-26,SAR,2789,1103,1686,1220,1068,218,204,74,5,2482,307,ITG,ITG2,20,Sardegna,Sardegna,1639591,35183,2.15,0.17
172,2021-01-13,SAR,573,178,395,494,79,0,0,0,0,573,0,ITG,ITG2,20,Sardegna,Sardegna,1639591,35756,2.18,0.03
173,2021-02-23,SAR,1517,1009,508,602,519,89,6,301,0,1282,235,ITG,ITG2,20,Sardegna,Sardegna,1639591,37273,2.27,0.09
174,2021-03-11,SAR,5697,2569,3128,1009,1061,416,2640,469,102,4500,1197,ITG,ITG2,20,Sardegna,Sardegna,1639591,42970,2.62,0.35
175,2021-01-07,SAR,3111,1077,2034,2720,380,0,0,11,0,3111,0,ITG,ITG2,20,Sardegna,Sardegna,1639591,46081,2.81,0.19
176,2020-12-27,SAR,65,34,31,65,0,0,0,0,0,65,0,ITG,ITG2,20,Sardegna,Sardegna,1639591,46146,2.81,0.0
177,2021-02-02,SAR,1482,655,827,988,494,0,0,0,0,241,1241,ITG,ITG2,20,Sardegna,Sardegna,1639591,47628,2.9,0.09
178,2021-01-20,SAR,210,77,133,154,56,0,0,0,0,208,2,ITG,ITG2,20,Sardegna,Sardegna,1639591,47838,2.92,0.01
179,2021-01-05,SAR,1327,446,881,1283,44,0,0,0,0,1327,0,ITG,ITG2,20,Sardegna,Sardegna,1639591,49165,3.0,0.08
180,2021-01-26,SAR,1336,453,883,1296,39,0,0,0,1,27,1309,ITG,ITG2,20,Sardegna,Sardegna,1639591,50501,3.08,0.08
181,2021-02-28,SAR,367,169,198,244,76,47,0,0,0,141,226,ITG,ITG2,20,Sardegna,Sardegna,1639591,50868,3.1,0.02
182,2021-01-14,SAR,1105,426,679,885,220,0,0,0,0,1105,0,ITG,ITG2,20,Sardegna,Sardegna,1639591,51973,3.17,0.07
183,2021-02-10,SAR,1959,765,1194,1169,301,488,0,0,1,1441,518,ITG,ITG2,20,Sardegna,Sardegna,1639591,53932,3.29,0.12
184,2021-03-13,SAR,2433,943,1490,272,391,147,1450,43,130,2152,281,ITG,ITG2,20,Sardegna,Sardegna,1639591,56365,3.44,0.15
185,2021-02-17,SAR,1405,575,830,689,376,313,0,27,0,1330,75,ITG,ITG2,20,Sardegna,Sardegna,1639591,57770,3.52,0.09
186,2021-03-06,SAR,2535,1046,1489,1086,922,405,7,79,36,852,1683,ITG,ITG2,20,Sardegna,Sardegna,1639591,60305,3.68,0.15
187,2021-01-22,SAR,83,47,36,45,38,0,0,0,0,55,28,ITG,ITG2,20,Sardegna,Sardegna,1639591,60388,3.68,0.01
188,2021-03-03,SAR,3740,2034,1706,1057,716,525,701,740,1,2602,1138,ITG,ITG2,20,Sardegna,Sardegna,1639591,64128,3.91,0.23
189,2021-02-16,SAR,700,289,411,376,212,112,0,0,0,673,27,ITG,ITG2,20,Sardegna,Sardegna,1639591,64828,3.95,0.04
190,2021-01-09,SAR,4026,1417,2609,3181,845,0,0,0,0,4026,0,ITG,ITG2,20,Sardegna,Sardegna,1639591,68854,4.2,0.25
191,2021-01-29,SAR,2951,1067,1884,2580,368,3,0,0,0,48,2903,ITG,ITG2,20,Sardegna,Sardegna,1639591,71805,4.38,0.18
192,2021-02-27,SAR,1915,643,1272,1059,379,304,173,0,0,1360,555,ITG,ITG2,20,Sardegna,Sardegna,1639591,73720,4.5,0.12
193,2021-02-04,SAR,2271,816,1455,1737,363,170,1,0,0,916,1355,ITG,ITG2,20,Sardegna,Sardegna,1639591,75991,4.63,0.14
194,2021-03-08,SAR,3964,1777,2187,732,1160,624,852,444,152,2775,1189,ITG,ITG2,20,Sardegna,Sardegna,1639591,79955,4.88,0.24
195,2021-02-12,SAR,2236,933,1303,986,749,500,1,0,0,2177,59,ITG,ITG2,20,Sardegna,Sardegna,1639591,82191,5.01,0.14
196,2021-01-15,SAR,1563,573,990,1170,390,0,0,3,0,1563,0,ITG,ITG2,20,Sardegna,Sardegna,1639591,83754,5.11,0.1
197,2020-12-28,SAR,65,25,40,65,0,0,0,0,0,65,0,ITG,ITG2,20,Sardegna,Sardegna,1639591,83819,5.11,0.0
198,2021-02-05,SAR,1897,749,1148,1214,515,164,1,3,0,433,1464,ITG,ITG2,20,Sardegna,Sardegna,1639591,85716,5.23,0.12
199,2021-01-12,SAR,865,408,457,504,361,0,0,0,0,865,0,ITG,ITG2,20,Sardegna,Sardegna,1639591,86581,5.28,0.05
200,2021-01-23,SAR,60,22,38,60,0,0,0,0,0,0,60,ITG,ITG2,20,Sardegna,Sardegna,1639591,86641,5.28,0.0
201,2021-03-07,SAR,1590,724,866,307,238,32,1011,0,2,1117,473,ITG,ITG2,20,Sardegna,Sardegna,1639591,88231,5.38,0.1
202,2021-02-15,SAR,958,349,609,440,239,279,0,0,0,927,31,ITG,ITG2,20,Sardegna,Sardegna,1639591,89189,5.44,0.06
203,2021-03-01,SAR,2159,1054,1105,1135,444,141,104,334,1,1500,659,ITG,ITG2,20,Sardegna,Sardegna,1639591,91348,5.57,0.13
204,2021-03-10,SAR,5563,2707,2856,719,855,413,2584,657,335,4710,853,ITG,ITG2,20,Sardegna,Sardegna,1639591,96911,5.91,0.34
205,2021-03-12,SAR,5591,2346,3245,1034,1253,451,2423,271,159,4285,1306,ITG,ITG2,20,Sardegna,Sardegna,1639591,102502,6.25,0.34
206,2021-01-19,SAR,747,270,477,423,163,160,0,0,1,692,55,ITG,ITG2,20,Sardegna,Sardegna,1639591,103249,6.3,0.05
207,2021-02-07,SAR,1116,394,722,975,141,0,0,0,0,228,888,ITG,ITG2,20,Sardegna,Sardegna,1639591,104365,6.37,0.07
208,2021-03-09,SAR,4761,2196,2565,1054,885,285,1914,329,294,4032,729,ITG,ITG2,20,Sardegna,Sardegna,1639591,109126,6.66,0.29
209,2021-03-15,SAR,2678,1214,1464,457,648,85,323,149,1016,2305,373,ITG,ITG2,20,Sardegna,Sardegna,1639591,111804,6.82,0.16
210,2021-01-02,SAR,60,21,39,60,0,0,0,0,0,60,0,ITG,ITG2,20,Sardegna,Sardegna,1639591,111864,6.82,0.0
211,2021-02-01,SAR,1524,605,919,896,551,77,0,0,0,225,1299,ITG,ITG2,20,Sardegna,Sardegna,1639591,113388,6.92,0.09
212,2021-01-04,SAR,591,217,374,565,26,0,0,0,0,591,0,ITG,ITG2,20,Sardegna,Sardegna,1639591,113979,6.95,0.04
213,2021-01-18,SAR,904,326,578,714,190,0,0,0,0,780,124,ITG,ITG2,20,Sardegna,Sardegna,1639591,114883,7.01,0.06
214,2020-12-31,SAR,32,16,16,28,4,0,0,0,0,32,0,ITG,ITG2,20,Sardegna,Sardegna,1639591,114915,7.01,0.0
215,2021-03-16,SAR,2646,1193,1453,558,467,268,1345,0,8,1963,683,ITG,ITG2,20,Sardegna,Sardegna,1639591,117561,7.17,0.16
216,2021-02-14,SAR,539,263,276,286,193,57,3,0,0,537,2,ITG,ITG2,20,Sardegna,Sardegna,1639591,118100,7.2,0.03
217,2021-02-19,SAR,1495,470,1025,677,437,379,1,1,0,1439,56,ITG,ITG2,20,Sardegna,Sardegna,1639591,119595,7.29,0.09
218,2021-01-06,SAR,1615,549,1066,1510,105,0,0,0,0,1615,0,ITG,ITG2,20,Sardegna,Sardegna,1639591,121210,7.39,0.1
219,2021-02-25,SAR,2894,1252,1642,1472,738,465,159,51,9,2288,606,ITG,ITG2,20,Sardegna,Sardegna,1639591,124104,7.57,0.18
220,2020-12-29,SAR,57,32,25,56,1,0,0,0,0,57,0,ITG,ITG2,20,Sardegna,Sardegna,1639591,124161,7.57,0.0
221,2021-02-03,SAR,1118,418,700,919,180,19,0,0,0,426,692,ITG,ITG2,20,Sardegna,Sardegna,1639591,125279,7.64,0.07
222,2021-01-30,SAR,3862,1392,2470,2987,874,0,1,0,0,362,3500,ITG,ITG2,20,Sardegna,Sardegna,1639591,129141,7.88,0.24
223,2021-01-03,SAR,90,36,54,89,1,0,0,0,0,90,0,ITG,ITG2,20,Sardegna,Sardegna,1639591,129231,7.88,0.01
224,2021-03-14,SAR,603,374,229,34,236,0,248,73,12,603,0,ITG,ITG2,20,Sardegna,Sardegna,1639591,129834,7.92,0.04
225,2021-03-02,SAR,2691,1406,1285,1028,730,229,319,383,2,1705,986,ITG,ITG2,20,Sardegna,Sardegna,1639591,132525,8.08,0.16
226,2021-02-11,SAR,1314,490,824,588,356,369,1,0,0,1203,111,ITG,ITG2,20,Sardegna,Sardegna,1639591,133839,8.16,0.08
227,2021-02-24,SAR,2407,1291,1116,1192,614,300,2,299,0,2218,189,ITG,ITG2,20,Sardegna,Sardegna,1639591,136246,8.31,0.15
228,2021-01-24,SAR,90,34,56,89,1,0,0,0,0,5,85,ITG,ITG2,20,Sardegna,Sardegna,1639591,136336,8.32,0.01
229,2021-02-13,SAR,1454,563,891,732,464,253,0,0,5,1452,2,ITG,ITG2,20,Sardegna,Sardegna,1639591,137790,8.4,0.09
230,2021-02-06,SAR,1970,697,1273,1544,286,139,0,0,1,569,1401,ITG,ITG2,20,Sardegna,Sardegna,1639591,139760,8.52,0.12
231,2021-02-20,SAR,2036,854,1182,483,157,194,1201,0,1,1702,334,ITG,ITG2,20,Sardegna,Sardegna,1639591,141796,8.65,0.12
232,2021-01-27,SAR,1408,494,914,1303,105,0,0,0,0,79,1329,ITG,ITG2,20,Sardegna,Sardegna,1639591,143204,8.73,0.09
233,2021-01-11,LAZ,5525,2103,3422,4553,403,569,0,0,0,5525,0,ITI,ITI4,12,Lazio,Lazio,5879082,5525,0.09,0.09
234,2021-03-07,LAZ,13962,5387,8575,1199,1229,148,7157,696,3533,10373,3589,ITI,ITI4,12,Lazio,Lazio,5879082,19487,0.33,0.24
235,2021-01-13,LAZ,5559,2063,3496,4145,402,1009,3,0,0,5559,0,ITI,ITI4,12,Lazio,Lazio,5879082,25046,0.43,0.09
236,2021-03-13,LAZ,21022,8248,12774,4958,2467,312,8826,720,3739,15163,5859,ITI,ITI4,12,Lazio,Lazio,5879082,46068,0.78,0.36
237,2021-01-03,LAZ,5250,1972,3278,5125,60,65,0,0,0,5250,0,ITI,ITI4,12,Lazio,Lazio,5879082,51318,0.87,0.09
238,2021-02-03,LAZ,6288,2348,3940,4620,555,1078,35,0,0,901,5387,ITI,ITI4,12,Lazio,Lazio,5879082,57606,0.98,0.11
239,2021-02-06,LAZ,5069,2015,3054,3270,630,660,509,0,0,769,4300,ITI,ITI4,12,Lazio,Lazio,5879082,62675,1.07,0.09
240,2021-01-19,LAZ,4360,1671,2689,2967,561,424,408,0,0,3907,453,ITI,ITI4,12,Lazio,Lazio,5879082,67035,1.14,0.07
241,2021-02-22,LAZ,11381,4968,6413,1777,309,472,5211,1390,2222,10880,501,ITI,ITI4,12,Lazio,Lazio,5879082,78416,1.33,0.19
242,2021-02-24,LAZ,11942,5171,6771,1795,936,337,5147,1327,2400,10953,989,ITI,ITI4,12,Lazio,Lazio,5879082,90358,1.54,0.2
243,2021-03-16,LAZ,11410,4873,6537,1156,1764,203,8283,0,4,5984,5426,ITI,ITI4,12,Lazio,Lazio,5879082,101768,1.73,0.19
244,2020-12-30,LAZ,1630,629,1001,1603,0,27,0,0,0,1630,0,ITI,ITI4,12,Lazio,Lazio,5879082,103398,1.76,0.03
245,2021-01-17,LAZ,4555,1841,2714,3231,336,177,811,0,0,4343,212,ITI,ITI4,12,Lazio,Lazio,5879082,107953,1.84,0.08
246,2021-02-07,LAZ,4668,1865,2803,3251,385,218,813,0,1,382,4286,ITI,ITI4,12,Lazio,Lazio,5879082,112621,1.92,0.08
247,2021-02-08,LAZ,9334,3868,5466,3788,874,918,3754,0,0,4487,4847,ITI,ITI4,12,Lazio,Lazio,5879082,121955,2.07,0.16
248,2021-01-09,LAZ,6288,2556,3732,5110,558,620,0,0,0,6288,0,ITI,ITI4,12,Lazio,Lazio,5879082,128243,2.18,0.11
249,2021-02-12,LAZ,6494,2645,3849,1995,423,302,3774,0,0,6417,77,ITI,ITI4,12,Lazio,Lazio,5879082,134737,2.29,0.11
250,2021-01-25,LAZ,7761,3041,4720,7006,270,363,122,0,0,421,7340,ITI,ITI4,12,Lazio,Lazio,5879082,142498,2.42,0.13
251,2021-02-26,LAZ,12805,5579,7226,1908,1331,323,5119,1385,2739,11587,1218,ITI,ITI4,12,Lazio,Lazio,5879082,155303,2.64,0.22
252,2021-02-17,LAZ,8807,4370,4437,2282,432,499,4248,1345,1,8279,528,ITI,ITI4,12,Lazio,Lazio,5879082,164110,2.79,0.15
253,2021-01-15,LAZ,6223,2465,3758,4476,604,988,155,0,0,6223,0,ITI,ITI4,12,Lazio,Lazio,5879082,170333,2.9,0.11
254,2021-02-21,LAZ,6776,3094,3682,1245,362,51,4495,607,16,6494,282,ITI,ITI4,12,Lazio,Lazio,5879082,177109,3.01,0.12
255,2021-01-04,LAZ,7478,2907,4571,7075,86,316,0,0,1,7478,0,ITI,ITI4,12,Lazio,Lazio,5879082,184587,3.14,0.13
256,2021-02-01,LAZ,5669,2173,3496,4784,319,559,7,0,0,353,5316,ITI,ITI4,12,Lazio,Lazio,5879082,190256,3.24,0.1
257,2021-01-07,LAZ,7722,2893,4829,6880,276,566,0,0,0,7722,0,ITI,ITI4,12,Lazio,Lazio,5879082,197978,3.37,0.13
258,2021-03-11,LAZ,23496,10475,13021,4777,3132,440,9185,1526,4436,17281,6215,ITI,ITI4,12,Lazio,Lazio,5879082,221474,3.77,0.4
259,2021-03-03,LAZ,17000,7192,9808,2097,1374,374,7969,1249,3937,12710,4290,ITI,ITI4,12,Lazio,Lazio,5879082,238474,4.06,0.29
260,2021-03-01,LAZ,16573,7090,9483,1551,1735,383,7919,1406,3579,12732,3841,ITI,ITI4,12,Lazio,Lazio,5879082,255047,4.34,0.28
261,2021-02-16,LAZ,8043,3862,4181,2058,578,261,4195,950,1,7786,257,ITI,ITI4,12,Lazio,Lazio,5879082,263090,4.48,0.14
262,2021-01-06,LAZ,5096,1951,3145,4619,155,320,0,1,1,5096,0,ITI,ITI4,12,Lazio,Lazio,5879082,268186,4.56,0.09
263,2021-03-14,LAZ,16930,6552,10378,1318,3346,81,8295,445,3445,11796,5134,ITI,ITI4,12,Lazio,Lazio,5879082,285116,4.85,0.29
264,2021-02-23,LAZ,10862,4668,6194,1896,599,309,5133,1015,1910,10238,624,ITI,ITI4,12,Lazio,Lazio,5879082,295978,5.03,0.18
265,2021-01-20,LAZ,4390,1657,2733,3279,399,426,286,0,0,2849,1541,ITI,ITI4,12,Lazio,Lazio,5879082,300368,5.11,0.07
266,2021-03-02,LAZ,16505,7141,9364,1808,1421,229,8015,1278,3754,12576,3929,ITI,ITI4,12,Lazio,Lazio,5879082,316873,5.39,0.28
267,2021-01-10,LAZ,4039,1700,2339,3424,363,252,0,0,0,4039,0,ITI,ITI4,12,Lazio,Lazio,5879082,320912,5.46,0.07
268,2021-02-14,LAZ,5535,2245,3290,1645,318,127,3445,0,0,5286,249,ITI,ITI4,12,Lazio,Lazio,5879082,326447,5.55,0.09
269,2021-03-10,LAZ,21610,9307,12303,3958,2609,449,8799,1179,4616,15987,5623,ITI,ITI4,12,Lazio,Lazio,5879082,348057,5.92,0.37
270,2021-02-18,LAZ,9670,4798,4872,2160,415,473,4956,1665,1,9172,498,ITI,ITI4,12,Lazio,Lazio,5879082,357727,6.08,0.16
271,2021-02-19,LAZ,9690,4889,4801,2170,389,408,5053,1636,34,9193,497,ITI,ITI4,12,Lazio,Lazio,5879082,367417,6.25,0.16
272,2021-02-05,LAZ,6910,2722,4188,5095,631,995,189,0,0,1131,5779,ITI,ITI4,12,Lazio,Lazio,5879082,374327,6.37,0.12
273,2021-01-29,LAZ,7593,2865,4728,6372,427,704,90,0,0,477,7116,ITI,ITI4,12,Lazio,Lazio,5879082,381920,6.5,0.13
274,2020-12-28,LAZ,959,412,547,957,2,0,0,0,0,959,0,ITI,ITI4,12,Lazio,Lazio,5879082,382879,6.51,0.02
275,2021-01-05,LAZ,7370,2802,4568,6690,102,577,0,1,0,7370,0,ITI,ITI4,12,Lazio,Lazio,5879082,390249,6.64,0.13
276,2021-03-08,LAZ,19749,8168,11581,2418,2162,379,8980,1102,4708,14487,5262,ITI,ITI4,12,Lazio,Lazio,5879082,409998,6.97,0.34
277,2021-02-27,LAZ,11344,4240,7104,1358,884,515,4764,1120,2703,10391,953,ITI,ITI4,12,Lazio,Lazio,5879082,421342,7.17,0.19
278,2021-03-05,LAZ,18442,7782,10660,2715,1743,255,8437,1323,3969,13728,4714,ITI,ITI4,12,Lazio,Lazio,5879082,439784,7.48,0.31
279,2021-01-27,LAZ,5768,2170,3598,4797,385,457,129,0,0,651,5117,ITI,ITI4,12,Lazio,Lazio,5879082,445552,7.58,0.1
280,2021-02-10,LAZ,7772,3112,4660,2646,580,633,3913,0,0,4837,2935,ITI,ITI4,12,Lazio,Lazio,5879082,453324,7.71,0.13
281,2021-01-31,LAZ,4279,1783,2496,3572,339,244,124,0,0,296,3983,ITI,ITI4,12,Lazio,Lazio,5879082,457603,7.78,0.07
282,2021-01-24,LAZ,5467,2109,3358,4945,262,134,126,0,0,385,5082,ITI,ITI4,12,Lazio,Lazio,5879082,463070,7.88,0.09
283,2021-01-28,LAZ,7954,2998,4956,6810,496,514,134,0,0,459,7495,ITI,ITI4,12,Lazio,Lazio,5879082,471024,8.01,0.14
284,2021-01-30,LAZ,6649,2730,3919,5298,574,651,126,0,0,448,6201,ITI,ITI4,12,Lazio,Lazio,5879082,477673,8.12,0.11
285,2021-03-15,LAZ,18942,8204,10738,2246,3632,405,9427,706,2526,12296,6646,ITI,ITI4,12,Lazio,Lazio,5879082,496615,8.45,0.32
286,2021-02-11,LAZ,6657,2788,3869,2196,334,500,3627,0,0,6459,198,ITI,ITI4,12,Lazio,Lazio,5879082,503272,8.56,0.11
287,2021-02-28,LAZ,10199,3991,6208,1601,688,77,4552,682,2599,9685,514,ITI,ITI4,12,Lazio,Lazio,5879082,513471,8.73,0.17
288,2021-01-01,LAZ,3553,1381,2172,3483,2,68,0,0,0,3553,0,ITI,ITI4,12,Lazio,Lazio,5879082,517024,8.79,0.06
289,2021-03-12,LAZ,22388,9906,12482,4586,3398,400,9282,774,3948,16115,6273,ITI,ITI4,12,Lazio,Lazio,5879082,539412,9.18,0.38
290,2021-02-13,LAZ,6272,2435,3837,2123,213,280,3656,0,0,6184,88,ITI,ITI4,12,Lazio,Lazio,5879082,545684,9.28,0.11
291,2021-02-25,LAZ,12572,5492,7080,1753,1209,488,5088,1423,2611,11526,1046,ITI,ITI4,12,Lazio,Lazio,5879082,558256,9.5,0.21
292,2021-01-26,LAZ,7602,2907,4695,6590,256,631,125,0,0,372,7230,ITI,ITI4,12,Lazio,Lazio,5879082,565858,9.62,0.13
293,2021-01-12,LAZ,5391,1974,3417,4343,464,584,0,0,0,5391,0,ITI,ITI4,12,Lazio,Lazio,5879082,571249,9.72,0.09
294,2021-01-23,LAZ,6883,2682,4201,6063,278,417,125,0,0,255,6628,ITI,ITI4,12,Lazio,Lazio,5879082,578132,9.83,0.12
295,2021-01-16,LAZ,5345,2072,3273,3350,461,1064,470,0,0,5345,0,ITI,ITI4,12,Lazio,Lazio,5879082,583477,9.92,0.09
296,2021-01-18,LAZ,5835,2268,3567,3901,756,725,453,0,0,4857,978,ITI,ITI4,12,Lazio,Lazio,5879082,589312,10.02,0.1
297,2021-02-15,LAZ,7726,3379,4347,2447,675,378,4218,8,0,7429,297,ITI,ITI4,12,Lazio,Lazio,5879082,597038,10.16,0.13
298,2021-01-21,LAZ,5247,2109,3138,4780,110,232,125,0,0,196,5051,ITI,ITI4,12,Lazio,Lazio,5879082,602285,10.24,0.09
299,2021-02-02,LAZ,5772,2133,3639,4712,486,571,3,0,0,501,5271,ITI,ITI4,12,Lazio,Lazio,5879082,608057,10.34,0.1
300,2020-12-27,LAZ,272,131,141,272,0,0,0,0,0,272,0,ITI,ITI4,12,Lazio,Lazio,5879082,608329,10.35,0.0
301,2021-02-20,LAZ,8784,4078,4706,1941,461,298,4752,1310,22,8367,417,ITI,ITI4,12,Lazio,Lazio,5879082,617113,10.5,0.15
302,2021-02-04,LAZ,6045,2281,3764,4460,621,892,72,0,0,942,5103,ITI,ITI4,12,Lazio,Lazio,5879082,623158,10.6,0.1
303,2021-01-22,LAZ,3662,1442,2220,3379,90,70,123,0,0,148,3514,ITI,ITI4,12,Lazio,Lazio,5879082,626820,10.66,0.06
304,2020-12-29,LAZ,440,155,285,440,0,0,0,0,0,440,0,ITI,ITI4,12,Lazio,Lazio,5879082,627260,10.67,0.01
305,2021-01-08,LAZ,7707,2887,4820,6517,392,798,0,0,0,7707,0,ITI,ITI4,12,Lazio,Lazio,5879082,634967,10.8,0.13
306,2021-02-09,LAZ,8392,3484,4908,3258,581,548,4005,0,0,4571,3821,ITI,ITI4,12,Lazio,Lazio,5879082,643359,10.94,0.14
307,2020-12-31,LAZ,5218,2095,3123,4927,12,279,0,0,0,5218,0,ITI,ITI4,12,Lazio,Lazio,5879082,648577,11.03,0.09
308,2021-03-06,LAZ,17858,6863,10995,3637,1363,327,7827,932,3772,13634,4224,ITI,ITI4,12,Lazio,Lazio,5879082,666435,11.34,0.3
309,2021-01-02,LAZ,6704,2629,4075,6268,78,358,0,0,0,6704,0,ITI,ITI4,12,Lazio,Lazio,5879082,673139,11.45,0.11
310,2021-03-09,LAZ,20702,8880,11822,3358,2278,338,8881,1230,4617,15511,5191,ITI,ITI4,12,Lazio,Lazio,5879082,693841,11.8,0.35
311,2021-01-14,LAZ,5217,1960,3257,3872,450,811,84,0,0,5217,0,ITI,ITI4,12,Lazio,Lazio,5879082,699058,11.89,0.09
312,2021-03-04,LAZ,18150,7728,10422,2771,1550,505,8104,1315,3905,13147,5003,ITI,ITI4,12,Lazio,Lazio,5879082,717208,12.2,0.31
313,2021-03-05,CAL,6145,3540,2605,695,1589,710,1854,1292,5,5570,575,ITF,ITF6,18,Calabria,Calabria,1947131,6145,0.32,0.32
314,2021-02-28,CAL,2167,983,1184,113,152,190,1706,6,0,2016,151,ITF,ITF6,18,Calabria,Calabria,1947131,8312,0.43,0.11
315,2021-01-21,CAL,958,444,514,735,108,115,0,0,0,929,29,ITF,ITF6,18,Calabria,Calabria,1947131,9270,0.48,0.05
316,2021-03-14,CAL,2542,1018,1524,322,376,312,802,9,721,2142,400,ITF,ITF6,18,Calabria,Calabria,1947131,11812,0.61,0.13
317,2021-03-12,CAL,5091,2437,2654,468,1325,217,1963,333,785,4048,1043,ITF,ITF6,18,Calabria,Calabria,1947131,16903,0.87,0.26
318,2021-03-09,CAL,5816,3030,2786,802,1936,419,1768,873,18,4840,976,ITF,ITF6,18,Calabria,Calabria,1947131,22719,1.17,0.3
319,2021-03-03,CAL,4865,2651,2214,631,1157,917,1367,789,4,3802,1063,ITF,ITF6,18,Calabria,Calabria,1947131,27584,1.42,0.25
320,2021-02-04,CAL,3391,1623,1768,2560,609,222,0,0,0,644,2747,ITF,ITF6,18,Calabria,Calabria,1947131,30975,1.59,0.17
321,2021-02-06,CAL,2909,1337,1572,2095,567,247,0,0,0,442,2467,ITF,ITF6,18,Calabria,Calabria,1947131,33884,1.74,0.15
322,2021-03-04,CAL,5381,3104,2277,646,1413,731,1540,1049,2,4585,796,ITF,ITF6,18,Calabria,Calabria,1947131,39265,2.02,0.28
323,2021-01-31,CAL,1107,554,553,764,285,58,0,0,0,155,952,ITF,ITF6,18,Calabria,Calabria,1947131,40372,2.07,0.06
324,2021-02-12,CAL,1711,669,1042,815,760,136,0,0,0,943,768,ITF,ITF6,18,Calabria,Calabria,1947131,42083,2.16,0.09
325,2021-01-05,CAL,1350,618,732,1256,94,0,0,0,0,1350,0,ITF,ITF6,18,Calabria,Calabria,1947131,43433,2.23,0.07
326,2021-01-16,CAL,2394,1120,1274,1664,489,241,0,0,0,2394,0,ITF,ITF6,18,Calabria,Calabria,1947131,45827,2.35,0.12
327,2021-01-02,CAL,165,94,71,165,0,0,0,0,0,165,0,ITF,ITF6,18,Calabria,Calabria,1947131,45992,2.36,0.01
328,2021-01-24,CAL,44,18,26,15,3,26,0,0,0,39,5,ITF,ITF6,18,Calabria,Calabria,1947131,46036,2.36,0.0
329,2021-02-14,CAL,371,145,226,146,142,83,0,0,0,341,30,ITF,ITF6,18,Calabria,Calabria,1947131,46407,2.38,0.02
330,2021-01-08,CAL,2109,1014,1095,1898,211,0,0,0,0,2109,0,ITF,ITF6,18,Calabria,Calabria,1947131,48516,2.49,0.11
331,2021-01-26,CAL,1805,861,944,1571,164,70,0,0,0,285,1520,ITF,ITF6,18,Calabria,Calabria,1947131,50321,2.58,0.09
332,2021-01-03,CAL,6,3,3,4,2,0,0,0,0,6,0,ITF,ITF6,18,Calabria,Calabria,1947131,50327,2.58,0.0
333,2021-02-21,CAL,607,286,321,36,164,47,330,30,0,530,77,ITF,ITF6,18,Calabria,Calabria,1947131,50934,2.62,0.03
334,2021-02-16,CAL,1534,643,891,659,517,240,118,0,0,1255,279,ITF,ITF6,18,Calabria,Calabria,1947131,52468,2.69,0.08
335,2021-01-20,CAL,1395,622,773,864,352,179,0,0,0,1394,1,ITF,ITF6,18,Calabria,Calabria,1947131,53863,2.77,0.07
336,2021-03-11,CAL,6874,3275,3599,934,2062,570,2379,329,600,5618,1256,ITF,ITF6,18,Calabria,Calabria,1947131,60737,3.12,0.35
337,2021-02-22,CAL,1996,1013,983,727,543,166,552,3,5,1441,555,ITF,ITF6,18,Calabria,Calabria,1947131,62733,3.22,0.1
338,2021-03-16,CAL,2267,1087,1180,326,581,14,1319,7,20,1145,1122,ITF,ITF6,18,Calabria,Calabria,1947131,65000,3.34,0.12
339,2021-01-06,CAL,926,500,426,822,104,0,0,0,0,926,0,ITF,ITF6,18,Calabria,Calabria,1947131,65926,3.39,0.05
340,2021-03-01,CAL,2688,1533,1155,399,422,257,971,636,3,2238,450,ITF,ITF6,18,Calabria,Calabria,1947131,68614,3.52,0.14
341,2021-02-09,CAL,2147,904,1243,1422,494,231,0,0,0,948,1199,ITF,ITF6,18,Calabria,Calabria,1947131,70761,3.63,0.11
342,2021-01-09,CAL,1916,1036,880,1529,387,0,0,0,0,1916,0,ITF,ITF6,18,Calabria,Calabria,1947131,72677,3.73,0.1
343,2021-02-15,CAL,1137,538,599,499,412,159,66,0,1,989,148,ITF,ITF6,18,Calabria,Calabria,1947131,73814,3.79,0.06
344,2021-02-03,CAL,2763,1428,1335,2170,490,103,0,0,0,583,2180,ITF,ITF6,18,Calabria,Calabria,1947131,76577,3.93,0.14
345,2021-01-13,CAL,2028,1022,1006,1800,194,34,0,0,0,2028,0,ITF,ITF6,18,Calabria,Calabria,1947131,78605,4.04,0.1
346,2021-02-08,CAL,1847,733,1114,1214,512,121,0,0,0,661,1186,ITF,ITF6,18,Calabria,Calabria,1947131,80452,4.13,0.09
347,2021-02-20,CAL,1358,735,623,438,411,55,433,19,2,1043,315,ITF,ITF6,18,Calabria,Calabria,1947131,81810,4.2,0.07
348,2021-02-01,CAL,2497,1192,1305,2044,410,43,0,0,0,248,2249,ITF,ITF6,18,Calabria,Calabria,1947131,84307,4.33,0.13
349,2021-02-18,CAL,1798,802,996,585,509,299,344,0,61,1575,223,ITF,ITF6,18,Calabria,Calabria,1947131,86105,4.42,0.09
350,2021-02-13,CAL,1330,582,748,731,488,111,0,0,0,967,363,ITF,ITF6,18,Calabria,Calabria,1947131,87435,4.49,0.07
351,2021-01-25,CAL,1064,512,552,1021,43,0,0,0,0,156,908,ITF,ITF6,18,Calabria,Calabria,1947131,88499,4.55,0.05
352,2021-02-19,CAL,1461,652,809,544,341,195,380,1,0,1200,261,ITF,ITF6,18,Calabria,Calabria,1947131,89960,4.62,0.08
353,2021-03-10,CAL,6440,3277,3163,742,2351,586,2020,677,64,5249,1191,ITF,ITF6,18,Calabria,Calabria,1947131,96400,4.95,0.33
354,2021-01-11,CAL,2154,1040,1114,1759,392,3,0,0,0,2154,0,ITF,ITF6,18,Calabria,Calabria,1947131,98554,5.06,0.11
355,2021-02-25,CAL,2820,1518,1302,736,636,234,862,348,4,2241,579,ITF,ITF6,18,Calabria,Calabria,1947131,101374,5.21,0.14
356,2021-03-07,CAL,3131,1561,1570,105,655,348,1674,347,2,3042,89,ITF,ITF6,18,Calabria,Calabria,1947131,104505,5.37,0.16
357,2021-02-11,CAL,2341,1043,1298,1464,636,241,0,0,0,1081,1260,ITF,ITF6,18,Calabria,Calabria,1947131,106846,5.49,0.12
358,2021-02-02,CAL,2289,1112,1177,1863,351,75,0,0,0,177,2112,ITF,ITF6,18,Calabria,Calabria,1947131,109135,5.6,0.12
359,2021-03-02,CAL,4131,2390,1741,705,735,427,1390,872,2,3422,709,ITF,ITF6,18,Calabria,Calabria,1947131,113266,5.82,0.21
360,2021-01-04,CAL,996,492,504,969,27,0,0,0,0,996,0,ITF,ITF6,18,Calabria,Calabria,1947131,114262,5.87,0.05
361,2021-03-15,CAL,3432,1643,1789,538,920,136,1093,160,585,2011,1421,ITF,ITF6,18,Calabria,Calabria,1947131,117694,6.04,0.18
362,2021-01-14,CAL,2557,1214,1343,1962,592,3,0,0,0,2557,0,ITF,ITF6,18,Calabria,Calabria,1947131,120251,6.18,0.13
363,2021-01-30,CAL,2173,1147,1026,1974,199,0,0,0,0,358,1815,ITF,ITF6,18,Calabria,Calabria,1947131,122424,6.29,0.11
364,2021-01-12,CAL,2058,1017,1041,1706,323,29,0,0,0,2058,0,ITF,ITF6,18,Calabria,Calabria,1947131,124482,6.39,0.11
365,2021-03-13,CAL,6652,2933,3719,425,1376,338,3763,65,685,5678,974,ITF,ITF6,18,Calabria,Calabria,1947131,131134,6.73,0.34
366,2021-02-07,CAL,859,428,431,566,212,81,0,0,0,147,712,ITF,ITF6,18,Calabria,Calabria,1947131,131993,6.78,0.04
367,2021-01-19,CAL,1109,488,621,853,180,76,0,0,0,1098,11,ITF,ITF6,18,Calabria,Calabria,1947131,133102,6.84,0.06
368,2021-01-23,CAL,400,186,214,325,52,23,0,0,0,358,42,ITF,ITF6,18,Calabria,Calabria,1947131,133502,6.86,0.02
369,2021-01-10,CAL,929,524,405,830,99,0,0,0,0,929,0,ITF,ITF6,18,Calabria,Calabria,1947131,134431,6.9,0.05
370,2021-02-10,CAL,2463,1074,1389,1469,637,357,0,0,0,839,1624,ITF,ITF6,18,Calabria,Calabria,1947131,136894,7.03,0.13
371,2021-03-08,CAL,5312,2815,2497,707,1813,453,1514,822,3,4254,1058,ITF,ITF6,18,Calabria,Calabria,1947131,142206,7.3,0.27
372,2020-12-27,CAL,275,150,125,274,1,0,0,0,0,275,0,ITF,ITF6,18,Calabria,Calabria,1947131,142481,7.32,0.01
373,2021-02-24,CAL,1843,940,903,658,366,115,653,47,4,1368,475,ITF,ITF6,18,Calabria,Calabria,1947131,144324,7.41,0.09
374,2021-01-29,CAL,2048,984,1064,1752,247,49,0,0,0,234,1814,ITF,ITF6,18,Calabria,Calabria,1947131,146372,7.52,0.11
375,2021-01-22,CAL,656,274,382,298,248,110,0,0,0,654,2,ITF,ITF6,18,Calabria,Calabria,1947131,147028,7.55,0.03
376,2021-01-27,CAL,1457,734,723,1226,208,23,0,0,0,396,1061,ITF,ITF6,18,Calabria,Calabria,1947131,148485,7.63,0.07
377,2021-01-18,CAL,1230,550,680,982,237,11,0,0,0,1040,190,ITF,ITF6,18,Calabria,Calabria,1947131,149715,7.69,0.06
378,2021-01-28,CAL,2232,1107,1125,1920,312,0,0,0,0,84,2148,ITF,ITF6,18,Calabria,Calabria,1947131,151947,7.8,0.11
379,2021-03-06,CAL,7945,4053,3892,701,1872,758,3795,813,6,7190,755,ITF,ITF6,18,Calabria,Calabria,1947131,159892,8.21,0.41
380,2021-02-26,CAL,3077,1630,1447,538,688,406,1147,294,4,2610,467,ITF,ITF6,18,Calabria,Calabria,1947131,162969,8.37,0.16
381,2021-01-07,CAL,2180,1061,1119,1883,297,0,0,0,0,2180,0,ITF,ITF6,18,Calabria,Calabria,1947131,165149,8.48,0.11
382,2021-02-23,CAL,1549,728,821,437,381,206,522,2,1,1434,115,ITF,ITF6,18,Calabria,Calabria,1947131,166698,8.56,0.08
383,2021-02-05,CAL,3795,1709,2086,2327,914,554,0,0,0,488,3307,ITF,ITF6,18,Calabria,Calabria,1947131,170493,8.76,0.19
384,2021-01-17,CAL,867,418,449,527,292,48,0,0,0,801,66,ITF,ITF6,18,Calabria,Calabria,1947131,171360,8.8,0.04
385,2021-02-27,CAL,3679,1913,1766,421,588,395,1971,302,2,3301,378,ITF,ITF6,18,Calabria,Calabria,1947131,175039,8.99,0.19
386,2021-01-15,CAL,2793,1258,1535,1690,691,412,0,0,0,2793,0,ITF,ITF6,18,Calabria,Calabria,1947131,177832,9.13,0.14
387,2020-12-28,CAL,6,2,4,6,0,0,0,0,0,6,0,ITF,ITF6,18,Calabria,Calabria,1947131,177838,9.13,0.0
388,2021-02-17,CAL,1681,672,1009,673,343,285,299,0,81,1471,210,ITF,ITF6,18,Calabria,Calabria,1947131,179519,9.22,0.09
389,2021-02-15,TOS,8770,3374,5396,4536,2028,216,56,794,1140,7945,825,ITI,ITI1,9,Toscana,Toscana,3729641,8770,0.24,0.24
390,2021-03-04,TOS,17193,6526,10667,2816,1643,240,8040,759,3695,14117,3076,ITI,ITI1,9,Toscana,Toscana,3729641,25963,0.7,0.46
391,2021-01-17,TOS,2535,871,1664,2002,293,240,0,0,0,2022,513,ITI,ITI1,9,Toscana,Toscana,3729641,28498,0.76,0.07
392,2021-03-15,TOS,8165,3239,4926,3211,1955,288,10,420,2281,3770,4395,ITI,ITI1,9,Toscana,Toscana,3729641,36663,0.98,0.22
393,2021-02-18,TOS,8815,3284,5531,2924,1511,228,214,796,3142,7923,892,ITI,ITI1,9,Toscana,Toscana,3729641,45478,1.22,0.24
394,2021-01-21,TOS,1589,686,903,579,220,790,0,0,0,867,722,ITI,ITI1,9,Toscana,Toscana,3729641,47067,1.26,0.04
395,2021-02-24,TOS,10335,4456,5879,81,1570,301,4104,1331,2948,10138,197,ITI,ITI1,9,Toscana,Toscana,3729641,57402,1.54,0.28
396,2021-02-17,TOS,8172,3168,5004,3465,1173,249,215,584,2486,7421,751,ITI,ITI1,9,Toscana,Toscana,3729641,65574,1.76,0.22
397,2021-02-19,TOS,8283,2943,5340,2966,1234,229,154,580,3120,7777,506,ITI,ITI1,9,Toscana,Toscana,3729641,73857,1.98,0.22
398,2021-01-29,TOS,6136,1698,4438,5375,139,622,0,0,0,302,5834,ITI,ITI1,9,Toscana,Toscana,3729641,79993,2.14,0.16
399,2021-01-11,TOS,5092,1689,3403,4360,210,522,0,0,0,5092,0,ITI,ITI1,9,Toscana,Toscana,3729641,85085,2.28,0.14
400,2020-12-30,TOS,327,104,223,34,10,283,0,0,0,327,0,ITI,ITI1,9,Toscana,Toscana,3729641,85412,2.29,0.01
401,2021-03-14,TOS,7158,2561,4597,3100,1249,121,2,211,2475,3227,3931,ITI,ITI1,9,Toscana,Toscana,3729641,92570,2.48,0.19
402,2021-02-14,TOS,8993,2567,6426,3033,5613,81,0,261,5,8883,110,ITI,ITI1,9,Toscana,Toscana,3729641,101563,2.72,0.24
403,2021-02-06,TOS,4527,1550,2977,3725,575,227,0,0,0,1294,3233,ITI,ITI1,9,Toscana,Toscana,3729641,106090,2.84,0.12
404,2021-01-03,TOS,3336,1052,2284,2565,9,762,0,0,0,3336,0,ITI,ITI1,9,Toscana,Toscana,3729641,109426,2.93,0.09
405,2021-02-26,TOS,9916,3713,6203,1557,1703,278,1787,1028,3563,8710,1206,ITI,ITI1,9,Toscana,Toscana,3729641,119342,3.2,0.27
406,2021-03-08,TOS,6232,2542,3690,4063,1732,177,63,189,8,1415,4817,ITI,ITI1,9,Toscana,Toscana,3729641,125574,3.37,0.17
407,2021-02-03,TOS,4221,1452,2769,3475,240,505,1,0,0,241,3980,ITI,ITI1,9,Toscana,Toscana,3729641,129795,3.48,0.11
408,2021-01-22,TOS,2861,1063,1798,2022,81,758,0,0,0,525,2336,ITI,ITI1,9,Toscana,Toscana,3729641,132656,3.56,0.08
409,2021-02-12,TOS,7606,2683,4923,3742,3272,188,2,402,0,7393,213,ITI,ITI1,9,Toscana,Toscana,3729641,140262,3.76,0.2
410,2021-01-10,TOS,3001,1104,1897,2432,138,431,0,0,0,3001,0,ITI,ITI1,9,Toscana,Toscana,3729641,143263,3.84,0.08
411,2021-01-20,TOS,1314,635,679,432,256,626,0,0,0,1077,237,ITI,ITI1,9,Toscana,Toscana,3729641,144577,3.88,0.04
412,2021-02-16,TOS,9267,3338,5929,5083,982,178,10,691,2323,8556,711,ITI,ITI1,9,Toscana,Toscana,3729641,153844,4.12,0.25
413,2021-01-16,TOS,3271,1046,2225,2493,538,240,0,0,0,3271,0,ITI,ITI1,9,Toscana,Toscana,3729641,157115,4.21,0.09
414,2021-02-28,TOS,1648,667,981,1110,202,78,0,249,9,921,727,ITI,ITI1,9,Toscana,Toscana,3729641,158763,4.26,0.04
415,2021-03-02,TOS,10443,3714,6729,3169,1026,125,1819,792,3512,7006,3437,ITI,ITI1,9,Toscana,Toscana,3729641,169206,4.54,0.28
416,2021-01-24,TOS,3348,1072,2276,2601,37,709,1,0,0,200,3148,ITI,ITI1,9,Toscana,Toscana,3729641,172554,4.63,0.09
417,2021-02-05,TOS,5748,2244,3504,4121,1184,442,1,0,0,1924,3824,ITI,ITI1,9,Toscana,Toscana,3729641,178302,4.78,0.15
418,2021-02-11,TOS,5383,2021,3362,2809,2218,323,12,10,11,5141,242,ITI,ITI1,9,Toscana,Toscana,3729641,183685,4.93,0.14
419,2021-02-02,TOS,3741,1475,2266,3020,287,422,6,6,0,194,3547,ITI,ITI1,9,Toscana,Toscana,3729641,187426,5.03,0.1
420,2021-03-05,TOS,16147,6187,9960,3920,2389,170,5081,715,3872,11407,4740,ITI,ITI1,9,Toscana,Toscana,3729641,203573,5.46,0.43
421,2021-02-23,TOS,7718,3322,4396,1489,1571,204,509,1114,2831,7557,161,ITI,ITI1,9,Toscana,Toscana,3729641,211291,5.67,0.21
422,2021-03-07,TOS,5647,2356,3291,3102,1097,123,15,536,774,2106,3541,ITI,ITI1,9,Toscana,Toscana,3729641,216938,5.82,0.15
423,2021-01-13,TOS,4063,1398,2665,3308,350,405,0,0,0,4063,0,ITI,ITI1,9,Toscana,Toscana,3729641,221001,5.93,0.11
424,2021-03-01,TOS,4295,1611,2684,3188,601,136,2,343,25,660,3635,ITI,ITI1,9,Toscana,Toscana,3729641,225296,6.04,0.12
425,2021-01-09,TOS,4484,1596,2888,3779,144,560,1,0,0,4484,0,ITI,ITI1,9,Toscana,Toscana,3729641,229780,6.16,0.12
426,2021-03-03,TOS,17883,6353,11530,3318,1153,135,9017,814,3446,14286,3597,ITI,ITI1,9,Toscana,Toscana,3729641,247663,6.64,0.48
427,2021-03-11,TOS,14656,5640,9016,2436,2233,195,9641,140,11,11388,3268,ITI,ITI1,9,Toscana,Toscana,3729641,262319,7.03,0.39
428,2021-02-20,TOS,4641,1790,2851,3350,1038,203,17,15,18,4128,513,ITI,ITI1,9,Toscana,Toscana,3729641,266960,7.16,0.12
429,2021-01-04,TOS,5063,1893,3170,4099,32,932,0,0,0,5063,0,ITI,ITI1,9,Toscana,Toscana,3729641,272023,7.29,0.14
430,2021-02-04,TOS,4251,1594,2657,3166,624,456,5,0,0,961,3290,ITI,ITI1,9,Toscana,Toscana,3729641,276274,7.41,0.11
431,2021-01-31,TOS,2964,1090,1874,2381,135,448,0,0,0,103,2861,ITI,ITI1,9,Toscana,Toscana,3729641,279238,7.49,0.08
432,2021-02-21,TOS,5103,2088,3015,3666,1219,195,1,13,9,4934,169,ITI,ITI1,9,Toscana,Toscana,3729641,284341,7.62,0.14
433,2021-01-14,TOS,3254,1179,2075,2459,475,320,0,0,0,3254,0,ITI,ITI1,9,Toscana,Toscana,3729641,287595,7.71,0.09
434,2021-01-23,TOS,3949,1354,2595,2936,172,841,0,0,0,640,3309,ITI,ITI1,9,Toscana,Toscana,3729641,291544,7.82,0.11
435,2021-01-06,TOS,4519,1459,3060,3984,10,525,0,0,0,4519,0,ITI,ITI1,9,Toscana,Toscana,3729641,296063,7.94,0.12
436,2021-01-12,TOS,3581,1398,2183,2944,283,354,0,0,0,3581,0,ITI,ITI1,9,Toscana,Toscana,3729641,299644,8.03,0.1
437,2021-02-07,TOS,2806,953,1853,2349,300,157,0,0,0,885,1921,ITI,ITI1,9,Toscana,Toscana,3729641,302450,8.11,0.08
438,2021-01-01,TOS,2368,786,1582,1716,2,650,0,0,0,2368,0,ITI,ITI1,9,Toscana,Toscana,3729641,304818,8.17,0.06
439,2021-01-19,TOS,1104,531,573,392,221,491,0,0,0,1104,0,ITI,ITI1,9,Toscana,Toscana,3729641,305922,8.2,0.03
440,2021-02-13,TOS,7784,2360,5424,3666,3768,163,0,186,1,7557,227,ITI,ITI1,9,Toscana,Toscana,3729641,313706,8.41,0.21
441,2021-02-01,TOS,5465,1942,3523,4441,407,617,0,0,0,521,4944,ITI,ITI1,9,Toscana,Toscana,3729641,319171,8.56,0.15
442,2021-02-25,TOS,10534,4248,6286,1078,1696,259,3200,1102,3199,9540,994,ITI,ITI1,9,Toscana,Toscana,3729641,329705,8.84,0.28
443,2021-01-05,TOS,5244,1755,3489,4354,11,879,0,0,0,5244,0,ITI,ITI1,9,Toscana,Toscana,3729641,334949,8.98,0.14
444,2021-01-08,TOS,5944,1641,4303,5360,39,545,0,0,0,5944,0,ITI,ITI1,9,Toscana,Toscana,3729641,340893,9.14,0.16
445,2021-02-08,TOS,4095,1358,2737,3373,345,377,0,0,0,3636,459,ITI,ITI1,9,Toscana,Toscana,3729641,344988,9.25,0.11
446,2021-01-30,TOS,4620,1622,2998,3763,219,638,0,0,0,197,4423,ITI,ITI1,9,Toscana,Toscana,3729641,349608,9.37,0.12
447,2021-03-13,TOS,9253,3282,5971,2833,2109,54,173,344,3740,5307,3946,ITI,ITI1,9,Toscana,Toscana,3729641,358861,9.62,0.25
448,2021-01-18,TOS,1119,636,483,430,314,375,0,0,0,1021,98,ITI,ITI1,9,Toscana,Toscana,3729641,359980,9.65,0.03
449,2021-02-22,TOS,9816,4252,5564,3483,2279,315,22,1014,2703,9538,278,ITI,ITI1,9,Toscana,Toscana,3729641,369796,9.92,0.26
450,2021-01-27,TOS,4835,1572,3263,4019,74,742,0,0,0,207,4628,ITI,ITI1,9,Toscana,Toscana,3729641,374631,10.04,0.13
451,2021-02-10,TOS,4262,1280,2982,3536,241,484,0,1,0,3739,523,ITI,ITI1,9,Toscana,Toscana,3729641,378893,10.16,0.11
452,2021-03-12,TOS,15797,5890,9907,2601,1919,171,6531,650,3925,12290,3507,ITI,ITI1,9,Toscana,Toscana,3729641,394690,10.58,0.42
453,2021-03-09,TOS,10373,3973,6400,4805,2078,151,3186,142,11,4820,5553,ITI,ITI1,9,Toscana,Toscana,3729641,405063,10.86,0.28
454,2021-02-27,TOS,1944,722,1222,1353,314,132,1,125,19,1042,902,ITI,ITI1,9,Toscana,Toscana,3729641,407007,10.91,0.05
455,2021-01-25,TOS,5124,1896,3228,4159,56,909,0,0,0,248,4876,ITI,ITI1,9,Toscana,Toscana,3729641,412131,11.05,0.14
456,2021-01-02,TOS,3497,1097,2400,2682,15,800,0,0,0,3497,0,ITI,ITI1,9,Toscana,Toscana,3729641,415628,11.14,0.09
457,2021-01-07,TOS,6018,1751,4267,5308,30,680,0,0,0,6018,0,ITI,ITI1,9,Toscana,Toscana,3729641,421646,11.31,0.16
458,2021-01-15,TOS,3878,1347,2531,2758,676,444,0,0,0,3878,0,ITI,ITI1,9,Toscana,Toscana,3729641,425524,11.41,0.1
459,2021-02-09,TOS,4486,1468,3018,3583,388,513,2,0,0,3875,611,ITI,ITI1,9,Toscana,Toscana,3729641,430010,11.53,0.12
460,2021-03-16,TOS,2989,1152,1837,1219,879,86,779,12,14,1372,1617,ITI,ITI1,9,Toscana,Toscana,3729641,432999,11.61,0.08
461,2021-01-26,TOS,5392,1791,3601,4357,84,951,0,0,0,219,5173,ITI,ITI1,9,Toscana,Toscana,3729641,438391,11.75,0.14
462,2021-03-06,TOS,7097,2840,4257,3805,1614,145,30,357,1146,2906,4191,ITI,ITI1,9,Toscana,Toscana,3729641,445488,11.94,0.19
463,2020-12-31,TOS,805,202,603,97,10,698,0,0,0,805,0,ITI,ITI1,9,Toscana,Toscana,3729641,446293,11.97,0.02
464,2020-12-27,TOS,620,267,353,460,147,13,0,0,0,620,0,ITI,ITI1,9,Toscana,Toscana,3729641,446913,11.98,0.02
465,2021-03-10,TOS,17273,6752,10521,2992,2186,204,11718,160,13,13311,3962,ITI,ITI1,9,Toscana,Toscana,3729641,464186,12.45,0.46
466,2021-01-28,TOS,6275,1880,4395,5421,66,788,0,0,0,349,5926,ITI,ITI1,9,Toscana,Toscana,3729641,470461,12.61,0.17
467,2021-01-28,LIG,2840,968,1872,2237,288,309,0,1,5,40,2800,ITC,ITC3,7,Liguria,Liguria,1550640,2840,0.18,0.18
468,2020-12-31,LIG,988,354,634,750,55,155,28,0,0,988,0,ITC,ITC3,7,Liguria,Liguria,1550640,3828,0.25,0.06
469,2021-03-11,LIG,6024,2937,3087,1107,608,163,3648,496,2,4144,1880,ITC,ITC3,7,Liguria,Liguria,1550640,9852,0.64,0.39
470,2021-02-07,LIG,407,153,254,191,29,187,0,0,0,2,405,ITC,ITC3,7,Liguria,Liguria,1550640,10259,0.66,0.03
471,2021-01-04,LIG,2516,826,1690,2157,235,121,0,0,3,2516,0,ITC,ITC3,7,Liguria,Liguria,1550640,12775,0.82,0.16
472,2021-01-14,LIG,2977,1053,1924,1868,555,553,0,0,1,2977,0,ITC,ITC3,7,Liguria,Liguria,1550640,15752,1.02,0.19
473,2021-02-16,LIG,2391,948,1443,982,410,283,714,0,2,1999,392,ITC,ITC3,7,Liguria,Liguria,1550640,18143,1.17,0.15
474,2021-01-12,LIG,2458,884,1574,1748,269,439,0,0,2,2458,0,ITC,ITC3,7,Liguria,Liguria,1550640,20601,1.33,0.16
475,2021-02-08,LIG,1857,716,1141,1224,384,242,0,0,7,306,1551,ITC,ITC3,7,Liguria,Liguria,1550640,22458,1.45,0.12
476,2021-03-04,LIG,4719,2112,2607,918,318,277,2920,282,4,3889,830,ITC,ITC3,7,Liguria,Liguria,1550640,27177,1.75,0.3
477,2021-01-26,LIG,2480,802,1678,1963,261,251,0,0,5,104,2376,ITC,ITC3,7,Liguria,Liguria,1550640,29657,1.91,0.16
478,2021-03-09,LIG,5731,2661,3070,1027,621,131,3421,531,0,4309,1422,ITC,ITC3,7,Liguria,Liguria,1550640,35388,2.28,0.37
479,2021-01-27,LIG,1742,602,1140,1336,178,227,0,0,1,142,1600,ITC,ITC3,7,Liguria,Liguria,1550640,37130,2.39,0.11
480,2021-02-14,LIG,232,122,110,31,30,111,60,0,0,232,0,ITC,ITC3,7,Liguria,Liguria,1550640,37362,2.41,0.01
481,2021-02-09,LIG,1893,680,1213,1080,336,455,0,0,22,256,1637,ITC,ITC3,7,Liguria,Liguria,1550640,39255,2.53,0.12
482,2021-02-15,LIG,2253,837,1416,1083,265,240,662,1,2,1860,393,ITC,ITC3,7,Liguria,Liguria,1550640,41508,2.68,0.15
483,2021-02-27,LIG,1886,920,966,136,544,5,1201,0,0,1757,129,ITC,ITC3,7,Liguria,Liguria,1550640,43394,2.8,0.12
484,2021-01-29,LIG,3039,1057,1982,2297,311,429,0,0,2,66,2973,ITC,ITC3,7,Liguria,Liguria,1550640,46433,2.99,0.2
485,2020-12-29,LIG,125,33,92,93,11,21,0,0,0,125,0,ITC,ITC3,7,Liguria,Liguria,1550640,46558,3.0,0.01
486,2021-02-11,LIG,1952,757,1195,1233,258,455,0,0,6,1091,861,ITC,ITC3,7,Liguria,Liguria,1550640,48510,3.13,0.13
487,2021-01-01,LIG,144,55,89,139,5,0,0,0,0,144,0,ITC,ITC3,7,Liguria,Liguria,1550640,48654,3.14,0.01
488,2021-03-10,LIG,5682,2741,2941,814,776,85,3602,404,1,3786,1896,ITC,ITC3,7,Liguria,Liguria,1550640,54336,3.5,0.37
489,2021-03-08,LIG,5577,2439,3138,1120,527,80,3537,306,7,3893,1684,ITC,ITC3,7,Liguria,Liguria,1550640,59913,3.86,0.36
490,2021-01-02,LIG,691,245,446,595,96,0,0,0,0,691,0,ITC,ITC3,7,Liguria,Liguria,1550640,60604,3.91,0.04
491,2021-01-11,LIG,2651,990,1661,1989,345,316,0,0,1,2651,0,ITC,ITC3,7,Liguria,Liguria,1550640,63255,4.08,0.17
492,2021-02-13,LIG,1079,508,571,543,135,147,254,0,0,800,279,ITC,ITC3,7,Liguria,Liguria,1550640,64334,4.15,0.07
493,2021-01-05,LIG,2877,895,1982,2306,303,261,0,0,7,2877,0,ITC,ITC3,7,Liguria,Liguria,1550640,67211,4.33,0.19
494,2021-01-15,LIG,2245,751,1494,1323,408,512,0,0,2,2245,0,ITC,ITC3,7,Liguria,Liguria,1550640,69456,4.48,0.14
495,2021-03-15,LIG,6493,2767,3726,768,1072,10,3643,195,805,4010,2483,ITC,ITC3,7,Liguria,Liguria,1550640,75949,4.9,0.42
496,2021-02-21,LIG,869,491,378,183,317,102,267,0,0,865,4,ITC,ITC3,7,Liguria,Liguria,1550640,76818,4.95,0.06
497,2021-02-25,LIG,3435,1345,2090,549,219,88,2576,2,1,3305,130,ITC,ITC3,7,Liguria,Liguria,1550640,80253,5.18,0.22
498,2021-01-31,LIG,624,270,354,418,71,135,0,0,0,9,615,ITC,ITC3,7,Liguria,Liguria,1550640,80877,5.22,0.04
499,2021-02-10,LIG,2275,827,1448,1350,419,496,5,0,5,1014,1261,ITC,ITC3,7,Liguria,Liguria,1550640,83152,5.36,0.15
500,2021-03-13,LIG,3522,1493,2029,328,710,72,1502,120,790,2668,854,ITC,ITC3,7,Liguria,Liguria,1550640,86674,5.59,0.23
501,2021-03-12,LIG,5680,2642,3038,1063,816,17,3343,437,4,3444,2236,ITC,ITC3,7,Liguria,Liguria,1550640,92354,5.96,0.37
502,2021-01-18,LIG,2124,740,1384,1247,429,438,0,0,10,1967,157,ITC,ITC3,7,Liguria,Liguria,1550640,94478,6.09,0.14
503,2021-02-22,LIG,3306,1450,1856,701,210,226,2167,0,2,3168,138,ITC,ITC3,7,Liguria,Liguria,1550640,97784,6.31,0.21
504,2021-03-16,LIG,3352,1484,1868,461,176,126,2588,1,0,1304,2048,ITC,ITC3,7,Liguria,Liguria,1550640,101136,6.52,0.22
505,2021-01-21,LIG,1102,385,717,584,185,332,1,0,0,672,430,ITC,ITC3,7,Liguria,Liguria,1550640,102238,6.59,0.07
506,2021-01-07,LIG,3166,1076,2090,2313,420,428,0,1,4,3166,0,ITC,ITC3,7,Liguria,Liguria,1550640,105404,6.8,0.2
507,2021-01-08,LIG,2925,999,1926,2083,406,431,0,1,4,2925,0,ITC,ITC3,7,Liguria,Liguria,1550640,108329,6.99,0.19
508,2021-02-24,LIG,3730,1548,2182,789,272,150,2518,0,1,3472,258,ITC,ITC3,7,Liguria,Liguria,1550640,112059,7.23,0.24
509,2021-02-23,LIG,3788,1555,2233,693,254,113,2724,2,2,3680,108,ITC,ITC3,7,Liguria,Liguria,1550640,115847,7.47,0.24
510,2021-02-17,LIG,2621,1164,1457,881,362,262,1115,0,1,2258,363,ITC,ITC3,7,Liguria,Liguria,1550640,118468,7.64,0.17
511,2021-03-06,LIG,3243,1818,1425,373,788,120,1490,472,0,2538,705,ITC,ITC3,7,Liguria,Liguria,1550640,121711,7.85,0.21
512,2021-01-25,LIG,2717,888,1829,2208,190,317,0,0,2,471,2246,ITC,ITC3,7,Liguria,Liguria,1550640,124428,8.02,0.18
513,2021-02-12,LIG,1906,681,1225,863,221,391,430,0,1,987,919,ITC,ITC3,7,Liguria,Liguria,1550640,126334,8.15,0.12
514,2021-02-26,LIG,3644,1474,2170,761,202,168,2511,0,2,3316,328,ITC,ITC3,7,Liguria,Liguria,1550640,129978,8.38,0.23
515,2021-01-20,LIG,1451,529,922,693,330,426,0,0,2,1439,12,ITC,ITC3,7,Liguria,Liguria,1550640,131429,8.48,0.09
516,2021-02-02,LIG,2664,1002,1662,1970,228,464,0,0,2,198,2466,ITC,ITC3,7,Liguria,Liguria,1550640,134093,8.65,0.17
517,2021-01-06,LIG,1660,616,1044,1230,250,113,64,0,3,1660,0,ITC,ITC3,7,Liguria,Liguria,1550640,135753,8.75,0.11
518,2020-12-28,LIG,80,30,50,77,3,0,0,0,0,80,0,ITC,ITC3,7,Liguria,Liguria,1550640,135833,8.76,0.01
519,2020-12-27,LIG,135,56,79,88,2,45,0,0,0,135,0,ITC,ITC3,7,Liguria,Liguria,1550640,135968,8.77,0.01
520,2021-02-19,LIG,3090,1278,1812,985,593,97,1412,0,3,2914,176,ITC,ITC3,7,Liguria,Liguria,1550640,139058,8.97,0.2
521,2021-02-18,LIG,2756,1126,1630,930,444,349,1030,0,3,2428,328,ITC,ITC3,7,Liguria,Liguria,1550640,141814,9.15,0.18
522,2021-01-13,LIG,2753,1012,1741,1912,350,487,0,0,4,2753,0,ITC,ITC3,7,Liguria,Liguria,1550640,144567,9.32,0.18
523,2021-01-24,LIG,755,236,519,632,63,60,0,0,0,113,642,ITC,ITC3,7,Liguria,Liguria,1550640,145322,9.37,0.05
524,2021-03-07,LIG,1857,1085,772,184,524,257,508,383,1,1557,300,ITC,ITC3,7,Liguria,Liguria,1550640,147179,9.49,0.12
525,2021-01-30,LIG,1660,567,1093,1261,141,256,0,0,2,25,1635,ITC,ITC3,7,Liguria,Liguria,1550640,148839,9.6,0.11
526,2021-02-06,LIG,1891,767,1124,1309,206,375,0,0,1,145,1746,ITC,ITC3,7,Liguria,Liguria,1550640,150730,9.72,0.12
527,2021-01-19,LIG,1356,429,927,709,316,328,0,0,3,1266,90,ITC,ITC3,7,Liguria,Liguria,1550640,152086,9.81,0.09
528,2021-01-03,LIG,734,230,504,658,75,0,0,0,1,734,0,ITC,ITC3,7,Liguria,Liguria,1550640,152820,9.86,0.05
529,2021-02-03,LIG,2241,771,1470,1601,257,382,0,0,1,54,2187,ITC,ITC3,7,Liguria,Liguria,1550640,155061,10.0,0.14
530,2021-02-05,LIG,2628,975,1653,1728,432,464,0,0,4,301,2327,ITC,ITC3,7,Liguria,Liguria,1550640,157689,10.17,0.17
531,2021-03-14,LIG,1642,744,898,64,382,176,562,27,431,1038,604,ITC,ITC3,7,Liguria,Liguria,1550640,159331,10.28,0.11
532,2021-02-04,LIG,2812,983,1829,1864,468,471,0,1,8,179,2633,ITC,ITC3,7,Liguria,Liguria,1550640,162143,10.46,0.18
533,2021-02-28,LIG,1060,581,479,12,571,3,474,0,0,1059,1,ITC,ITC3,7,Liguria,Liguria,1550640,163203,10.52,0.07
534,2021-01-17,LIG,861,300,561,516,82,262,0,0,1,861,0,ITC,ITC3,7,Liguria,Liguria,1550640,164064,10.58,0.06
535,2020-12-30,LIG,12,5,7,12,0,0,0,0,0,12,0,ITC,ITC3,7,Liguria,Liguria,1550640,164076,10.58,0.0
536,2021-01-23,LIG,809,295,514,633,132,43,0,0,1,153,656,ITC,ITC3,7,Liguria,Liguria,1550640,164885,10.63,0.05
537,2021-02-20,LIG,1334,636,698,159,464,122,589,0,0,1333,1,ITC,ITC3,7,Liguria,Liguria,1550640,166219,10.72,0.09
538,2021-01-09,LIG,1334,481,853,998,147,187,0,0,2,1334,0,ITC,ITC3,7,Liguria,Liguria,1550640,167553,10.81,0.09
539,2021-03-03,LIG,4520,1810,2710,1029,242,288,2953,3,5,3527,993,ITC,ITC3,7,Liguria,Liguria,1550640,172073,11.1,0.29
540,2021-01-22,LIG,1810,601,1209,1062,183,565,0,0,0,1325,485,ITC,ITC3,7,Liguria,Liguria,1550640,173883,11.21,0.12
541,2021-03-05,LIG,4841,2139,2702,797,324,81,3323,311,5,3717,1124,ITC,ITC3,7,Liguria,Liguria,1550640,178724,11.53,0.31
542,2021-01-16,LIG,1278,557,721,753,225,299,0,0,1,1278,0,ITC,ITC3,7,Liguria,Liguria,1550640,180002,11.61,0.08
543,2021-02-01,LIG,2440,904,1536,1912,212,315,0,0,1,76,2364,ITC,ITC3,7,Liguria,Liguria,1550640,182442,11.77,0.16
544,2021-03-02,LIG,4038,1667,2371,723,178,76,3056,1,4,3728,310,ITC,ITC3,7,Liguria,Liguria,1550640,186480,12.03,0.26
545,2021-03-01,LIG,3492,1422,2070,527,120,105,2739,0,1,3370,122,ITC,ITC3,7,Liguria,Liguria,1550640,189972,12.25,0.23
546,2021-01-10,LIG,648,262,386,369,103,176,0,0,0,648,0,ITC,ITC3,7,Liguria,Liguria,1550640,190620,12.29,0.04
547,2021-02-16,CAM,5434,2410,3024,911,1182,169,3172,0,0,4663,771,ITF,ITF3,15,Campania,Campania,5801692,5434,0.09,0.09
548,2021-01-25,CAM,5744,2926,2818,4743,945,56,0,0,0,164,5580,ITF,ITF3,15,Campania,Campania,5801692,11178,0.19,0.1
549,2021-02-27,CAM,13938,4470,9468,597,3062,78,3146,0,7055,12296,1642,ITF,ITF3,15,Campania,Campania,5801692,25116,0.43,0.24
550,2021-02-18,CAM,9077,3811,5266,1710,1341,70,5520,0,436,8369,708,ITF,ITF3,15,Campania,Campania,5801692,34193,0.59,0.16
551,2021-02-17,CAM,7384,3207,4177,994,1084,38,4906,0,362,6324,1060,ITF,ITF3,15,Campania,Campania,5801692,41577,0.72,0.13
552,2021-01-09,CAM,10566,5024,5542,6759,3538,269,0,0,0,10566,0,ITF,ITF3,15,Campania,Campania,5801692,52143,0.9,0.18
553,2021-01-21,CAM,2093,1116,977,1379,639,75,0,0,0,677,1416,ITF,ITF3,15,Campania,Campania,5801692,54236,0.93,0.04
554,2021-02-20,CAM,8564,3079,5485,1015,857,145,4582,0,1965,8261,303,ITF,ITF3,15,Campania,Campania,5801692,62800,1.08,0.15
555,2021-02-10,CAM,6904,3413,3491,1945,2703,98,2158,0,0,6728,176,ITF,ITF3,15,Campania,Campania,5801692,69704,1.2,0.12
556,2021-03-14,CAM,8508,3723,4785,137,2215,2,3622,844,1688,4371,4137,ITF,ITF3,15,Campania,Campania,5801692,78212,1.35,0.15
557,2021-01-28,CAM,8832,4122,4710,6216,2269,347,0,0,0,135,8697,ITF,ITF3,15,Campania,Campania,5801692,87044,1.5,0.15
558,2021-01-19,CAM,1095,474,621,534,390,171,0,0,0,1092,3,ITF,ITF3,15,Campania,Campania,5801692,88139,1.52,0.02
559,2021-03-11,CAM,17521,8633,8888,1007,5223,105,7629,986,2571,10243,7278,ITF,ITF3,15,Campania,Campania,5801692,105660,1.82,0.3
560,2021-02-02,CAM,5722,2804,2918,3640,1728,354,0,0,0,443,5279,ITF,ITF3,15,Campania,Campania,5801692,111382,1.92,0.1
561,2021-01-02,CAM,3674,1963,1711,3167,507,0,0,0,0,3674,0,ITF,ITF3,15,Campania,Campania,5801692,115056,1.98,0.06
562,2021-01-20,CAM,1257,650,607,395,761,101,0,0,0,1257,0,ITF,ITF3,15,Campania,Campania,5801692,116313,2.0,0.02
563,2021-01-27,CAM,7736,3820,3916,5837,1629,270,0,0,0,161,7575,ITF,ITF3,15,Campania,Campania,5801692,124049,2.14,0.13
564,2021-03-09,CAM,13823,6612,7211,743,4620,183,3729,1118,3430,10044,3779,ITF,ITF3,15,Campania,Campania,5801692,137872,2.38,0.24
565,2021-02-15,CAM,5469,2515,2954,976,1002,94,3395,1,1,5296,173,ITF,ITF3,15,Campania,Campania,5801692,143341,2.47,0.09
566,2021-02-07,CAM,2936,1386,1550,712,1708,226,290,0,0,2158,778,ITF,ITF3,15,Campania,Campania,5801692,146277,2.52,0.05
567,2021-02-09,CAM,4642,2201,2441,1148,2150,6,1338,0,0,4390,252,ITF,ITF3,15,Campania,Campania,5801692,150919,2.6,0.08
568,2020-12-31,CAM,1490,811,679,1273,216,1,0,0,0,1490,0,ITF,ITF3,15,Campania,Campania,5801692,152409,2.63,0.03
569,2021-01-13,CAM,8019,3665,4354,4350,3082,587,0,0,0,8019,0,ITF,ITF3,15,Campania,Campania,5801692,160428,2.77,0.14
570,2021-01-03,CAM,3837,2009,1828,3191,646,0,0,0,0,3837,0,ITF,ITF3,15,Campania,Campania,5801692,164265,2.83,0.07
571,2021-03-12,CAM,14231,7083,7148,977,4700,82,5285,1234,1953,8153,6078,ITF,ITF3,15,Campania,Campania,5801692,178496,3.08,0.25
572,2021-01-18,CAM,957,399,558,576,194,187,0,0,0,713,244,ITF,ITF3,15,Campania,Campania,5801692,179453,3.09,0.02
573,2021-03-13,CAM,14257,6793,7464,344,4234,193,5318,1195,2973,8970,5287,ITF,ITF3,15,Campania,Campania,5801692,193710,3.34,0.25
574,2021-02-22,CAM,10613,3283,7330,512,2276,139,3867,0,3819,10351,262,ITF,ITF3,15,Campania,Campania,5801692,204323,3.52,0.18
575,2021-01-16,CAM,3369,1675,1694,1355,1641,373,0,0,0,3369,0,ITF,ITF3,15,Campania,Campania,5801692,207692,3.58,0.06
576,2021-01-06,CAM,7652,3749,3903,5781,1571,300,0,0,0,7652,0,ITF,ITF3,15,Campania,Campania,5801692,215344,3.71,0.13
577,2021-03-16,CAM,6537,2881,3656,260,1165,60,4940,10,102,2541,3996,ITF,ITF3,15,Campania,Campania,5801692,221881,3.82,0.11
578,2021-02-08,CAM,5113,2449,2664,1388,2121,226,1378,0,0,4311,802,ITF,ITF3,15,Campania,Campania,5801692,226994,3.91,0.09
579,2021-03-02,CAM,12743,4550,8193,1266,4352,147,1938,2,5038,8399,4344,ITF,ITF3,15,Campania,Campania,5801692,239737,4.13,0.22
580,2021-01-23,CAM,3839,2029,1810,3161,609,69,0,0,0,273,3566,ITF,ITF3,15,Campania,Campania,5801692,243576,4.2,0.07
581,2021-01-08,CAM,10455,4969,5486,6714,3529,212,0,0,0,10455,0,ITF,ITF3,15,Campania,Campania,5801692,254031,4.38,0.18
582,2021-02-06,CAM,5341,2665,2676,1990,2877,459,15,0,0,2103,3238,ITF,ITF3,15,Campania,Campania,5801692,259372,4.47,0.09
583,2021-01-10,CAM,8165,3736,4429,5179,2889,97,0,0,0,8165,0,ITF,ITF3,15,Campania,Campania,5801692,267537,4.61,0.14
584,2021-01-11,CAM,4072,1871,2201,2386,1434,252,0,0,0,4072,0,ITF,ITF3,15,Campania,Campania,5801692,271609,4.68,0.07
585,2021-01-29,CAM,10052,4812,5240,6405,3388,259,0,0,0,47,10005,ITF,ITF3,15,Campania,Campania,5801692,281661,4.85,0.17
586,2021-03-05,CAM,16468,6345,10123,1640,5427,64,5027,4,4306,9810,6658,ITF,ITF3,15,Campania,Campania,5801692,298129,5.14,0.28
587,2021-02-26,CAM,13317,4227,9090,623,2381,218,3222,1,6872,11982,1335,ITF,ITF3,15,Campania,Campania,5801692,311446,5.37,0.23
588,2021-01-07,CAM,8910,4166,4744,6313,2265,332,0,0,0,8910,0,ITF,ITF3,15,Campania,Campania,5801692,320356,5.52,0.15
589,2021-03-04,CAM,14644,5345,9299,1788,5088,135,4198,1,3434,8751,5893,ITF,ITF3,15,Campania,Campania,5801692,335000,5.77,0.25
590,2021-02-14,CAM,3933,1926,2007,550,905,17,2461,0,0,3890,43,ITF,ITF3,15,Campania,Campania,5801692,338933,5.84,0.07
591,2021-01-26,CAM,7297,3701,3596,5742,1333,222,0,0,0,352,6945,ITF,ITF3,15,Campania,Campania,5801692,346230,5.97,0.13
592,2021-02-05,CAM,7261,3463,3798,3447,3497,308,9,0,0,2133,5128,ITF,ITF3,15,Campania,Campania,5801692,353491,6.09,0.13
593,2021-01-05,CAM,7237,3638,3599,5810,1321,106,0,0,0,7237,0,ITF,ITF3,15,Campania,Campania,5801692,360728,6.22,0.12
594,2021-01-12,CAM,5214,2563,2651,3439,1435,340,0,0,0,5214,0,ITF,ITF3,15,Campania,Campania,5801692,365942,6.31,0.09
595,2021-02-19,CAM,9553,3556,5997,1644,1128,161,4453,0,2167,8903,650,ITF,ITF3,15,Campania,Campania,5801692,375495,6.47,0.16
596,2020-12-27,CAM,720,422,298,703,17,0,0,0,0,720,0,ITF,ITF3,15,Campania,Campania,5801692,376215,6.48,0.01
597,2021-01-01,CAM,919,506,413,831,88,0,0,0,0,919,0,ITF,ITF3,15,Campania,Campania,5801692,377134,6.5,0.02
598,2021-02-11,CAM,6279,2705,3574,1861,1926,129,2363,0,0,6213,66,ITF,ITF3,15,Campania,Campania,5801692,383413,6.61,0.11
599,2021-02-13,CAM,5508,2549,2959,952,808,131,3615,0,2,5291,217,ITF,ITF3,15,Campania,Campania,5801692,388921,6.7,0.09
600,2021-01-24,CAM,4128,2123,2005,3140,822,166,0,0,0,383,3745,ITF,ITF3,15,Campania,Campania,5801692,393049,6.77,0.07
601,2021-03-06,CAM,16295,6746,9549,955,4431,173,5827,1027,3882,10631,5664,ITF,ITF3,15,Campania,Campania,5801692,409344,7.06,0.28
602,2021-03-10,CAM,15225,7361,7864,638,3986,26,7285,1006,2284,8398,6827,ITF,ITF3,15,Campania,Campania,5801692,424569,7.32,0.26
603,2021-03-08,CAM,14502,6703,7799,835,5195,36,4175,1334,2927,9727,4775,ITF,ITF3,15,Campania,Campania,5801692,439071,7.57,0.25
604,2021-02-23,CAM,10984,3382,7602,514,2210,286,3687,0,4287,10458,526,ITF,ITF3,15,Campania,Campania,5801692,450055,7.76,0.19
605,2021-03-03,CAM,13918,5494,8424,2017,5279,156,3468,3,2995,7289,6629,ITF,ITF3,15,Campania,Campania,5801692,463973,8.0,0.24
606,2021-02-12,CAM,6552,2874,3678,1811,1467,214,3056,0,4,6340,212,ITF,ITF3,15,Campania,Campania,5801692,470525,8.11,0.11
607,2021-01-22,CAM,1523,775,748,970,344,209,0,0,0,673,850,ITF,ITF3,15,Campania,Campania,5801692,472048,8.14,0.03
608,2021-01-31,CAM,8067,3711,4356,5107,2893,67,0,0,0,23,8044,ITF,ITF3,15,Campania,Campania,5801692,480115,8.28,0.14
609,2021-02-01,CAM,3985,1813,2172,2504,1329,152,0,0,0,110,3875,ITF,ITF3,15,Campania,Campania,5801692,484100,8.34,0.07
610,2021-02-24,CAM,11762,4142,7620,712,2311,140,5095,0,3504,11074,688,ITF,ITF3,15,Campania,Campania,5801692,495862,8.55,0.2
611,2021-02-28,CAM,10400,3204,7196,485,3656,22,1943,0,4294,8501,1899,ITF,ITF3,15,Campania,Campania,5801692,506262,8.73,0.18
612,2021-01-17,CAM,1155,551,604,718,286,151,0,0,0,702,453,ITF,ITF3,15,Campania,Campania,5801692,507417,8.75,0.02
613,2021-02-21,CAM,5834,2239,3595,780,653,22,3870,0,509,5609,225,ITF,ITF3,15,Campania,Campania,5801692,513251,8.85,0.1
614,2021-01-30,CAM,10721,5079,5642,6930,3564,227,0,0,0,39,10682,ITF,ITF3,15,Campania,Campania,5801692,523972,9.03,0.18
615,2021-01-14,CAM,7072,2976,4096,3706,3016,350,0,0,0,7072,0,ITF,ITF3,15,Campania,Campania,5801692,531044,9.15,0.12
616,2021-02-25,CAM,12422,4479,7943,600,2672,124,4916,0,4110,11234,1188,ITF,ITF3,15,Campania,Campania,5801692,543466,9.37,0.21
617,2021-03-07,CAM,11911,5344,6567,513,4258,85,3276,1512,2267,8070,3841,ITF,ITF3,15,Campania,Campania,5801692,555377,9.57,0.21
618,2021-01-04,CAM,5826,2963,2863,4850,976,0,0,0,0,5826,0,ITF,ITF3,15,Campania,Campania,5801692,561203,9.67,0.1
619,2021-01-15,CAM,4980,2381,2599,2740,2049,191,0,0,0,4980,0,ITF,ITF3,15,Campania,Campania,5801692,566183,9.76,0.09
620,2021-03-15,CAM,13014,6126,6888,483,3821,87,5808,234,2581,8312,4702,ITF,ITF3,15,Campania,Campania,5801692,579197,9.98,0.22
621,2021-02-03,CAM,8902,4002,4900,4735,3452,714,1,0,0,878,8024,ITF,ITF3,15,Campania,Campania,5801692,588099,10.14,0.15
622,2021-03-01,CAM,12115,4241,7874,1095,3709,145,1720,0,5446,8004,4111,ITF,ITF3,15,Campania,Campania,5801692,600214,10.35,0.21
623,2021-02-04,CAM,7943,3429,4514,3965,3685,292,1,0,0,1308,6635,ITF,ITF3,15,Campania,Campania,5801692,608157,10.48,0.14
624,2021-03-11,SIC,14746,6224,8522,1604,4706,906,3931,473,3126,12175,2571,ITG,ITG1,19,Sicilia,Sicilia,4999891,14746,0.29,0.29
625,2021-02-02,SIC,5537,2621,2916,3152,1956,429,0,0,0,633,4904,ITG,ITG1,19,Sicilia,Sicilia,4999891,20283,0.41,0.11
626,2021-01-03,SIC,4693,2454,2239,4361,332,0,0,0,0,4693,0,ITG,ITG1,19,Sicilia,Sicilia,4999891,24976,0.5,0.09
627,2021-02-03,SIC,6100,2856,3244,3356,2120,624,0,0,0,756,5344,ITG,ITG1,19,Sicilia,Sicilia,4999891,31076,0.62,0.12
628,2021-01-26,SIC,9515,4679,4836,8379,882,254,0,0,0,265,9250,ITG,ITG1,19,Sicilia,Sicilia,4999891,40591,0.81,0.19
629,2021-02-06,SIC,5066,2225,2841,2535,1939,592,0,0,0,1488,3578,ITG,ITG1,19,Sicilia,Sicilia,4999891,45657,0.91,0.1
630,2021-02-28,SIC,7176,3071,4105,870,1311,93,3289,254,1359,6547,629,ITG,ITG1,19,Sicilia,Sicilia,4999891,52833,1.06,0.14
631,2021-02-11,SIC,5332,2103,3229,2458,1984,890,0,0,0,4868,464,ITG,ITG1,19,Sicilia,Sicilia,4999891,58165,1.16,0.11
632,2021-03-13,SIC,11728,5148,6580,1166,3657,493,4606,133,1673,7134,4594,ITG,ITG1,19,Sicilia,Sicilia,4999891,69893,1.4,0.23
633,2021-02-15,SIC,3949,1860,2089,1699,1344,563,10,307,26,3380,569,ITG,ITG1,19,Sicilia,Sicilia,4999891,73842,1.48,0.08
634,2021-02-19,SIC,5153,2755,2398,1482,1363,599,74,1396,239,4585,568,ITG,ITG1,19,Sicilia,Sicilia,4999891,78995,1.58,0.1
635,2021-02-18,SIC,5494,3174,2320,1635,1244,813,9,1697,96,5063,431,ITG,ITG1,19,Sicilia,Sicilia,4999891,84489,1.69,0.11
636,2021-01-29,SIC,9359,4320,5039,7150,1904,305,0,0,0,432,8927,ITG,ITG1,19,Sicilia,Sicilia,4999891,93848,1.88,0.19
637,2021-01-22,SIC,1235,625,610,1035,82,118,0,0,0,242,993,ITG,ITG1,19,Sicilia,Sicilia,4999891,95083,1.9,0.02
638,2021-01-06,SIC,6471,3402,3069,5717,752,2,0,0,0,6471,0,ITG,ITG1,19,Sicilia,Sicilia,4999891,101554,2.03,0.13
639,2021-03-01,SIC,12861,6091,6770,1556,1808,392,4302,1744,3059,11202,1659,ITG,ITG1,19,Sicilia,Sicilia,4999891,114415,2.29,0.26
640,2021-02-25,SIC,10149,5273,4876,1769,1700,507,3978,1525,670,8974,1175,ITG,ITG1,19,Sicilia,Sicilia,4999891,124564,2.49,0.2
641,2021-03-03,SIC,14544,6485,8059,2407,2317,507,4282,1324,3707,11463,3081,ITG,ITG1,19,Sicilia,Sicilia,4999891,139108,2.78,0.29
642,2021-02-01,SIC,6077,2684,3393,4168,1591,318,0,0,0,304,5773,ITG,ITG1,19,Sicilia,Sicilia,4999891,145185,2.9,0.12
643,2021-01-04,SIC,8373,4172,4201,7595,772,6,0,0,0,8373,0,ITG,ITG1,19,Sicilia,Sicilia,4999891,153558,3.07,0.17
644,2021-01-21,SIC,1328,647,681,1001,190,137,0,0,0,499,829,ITG,ITG1,19,Sicilia,Sicilia,4999891,154886,3.1,0.03
645,2021-01-30,SIC,7837,3569,4268,5450,1912,475,0,0,0,175,7662,ITG,ITG1,19,Sicilia,Sicilia,4999891,162723,3.25,0.16
646,2021-01-14,SIC,5250,2514,2736,3046,1945,259,0,0,0,5250,0,ITG,ITG1,19,Sicilia,Sicilia,4999891,167973,3.36,0.11
647,2021-01-24,SIC,4335,2262,2073,3990,342,3,0,0,0,148,4187,ITG,ITG1,19,Sicilia,Sicilia,4999891,172308,3.45,0.09
648,2021-01-11,SIC,5903,2590,3313,3923,1598,382,0,0,0,5903,0,ITG,ITG1,19,Sicilia,Sicilia,4999891,178211,3.56,0.12
649,2020-12-28,SIC,207,124,83,205,2,0,0,0,0,207,0,ITG,ITG1,19,Sicilia,Sicilia,4999891,178418,3.57,0.0
650,2021-03-07,SIC,9140,3417,5723,959,961,431,3350,216,3223,8060,1080,ITG,ITG1,19,Sicilia,Sicilia,4999891,187558,3.75,0.18
651,2021-01-15,SIC,5079,2233,2846,2824,1776,479,0,0,0,5079,0,ITG,ITG1,19,Sicilia,Sicilia,4999891,192637,3.85,0.1
652,2021-02-08,SIC,4086,1759,2327,2346,1343,397,0,0,0,2128,1958,ITG,ITG1,19,Sicilia,Sicilia,4999891,196723,3.93,0.08
653,2021-01-07,SIC,9173,4239,4934,7694,1269,210,0,0,0,9173,0,ITG,ITG1,19,Sicilia,Sicilia,4999891,205896,4.12,0.18
654,2021-03-08,SIC,13413,5747,7666,2000,2104,626,3801,920,3962,10607,2806,ITG,ITG1,19,Sicilia,Sicilia,4999891,219309,4.39,0.27
655,2021-03-15,SIC,10310,4512,5798,1237,2329,664,4830,213,1037,5239,5071,ITG,ITG1,19,Sicilia,Sicilia,4999891,229619,4.59,0.21
656,2021-01-28,SIC,9328,4399,4929,7464,1569,295,0,0,0,414,8914,ITG,ITG1,19,Sicilia,Sicilia,4999891,238947,4.78,0.19
657,2021-03-16,SIC,8238,3603,4635,1188,1189,642,4944,65,210,2973,5265,ITG,ITG1,19,Sicilia,Sicilia,4999891,247185,4.94,0.16
658,2021-01-19,SIC,1271,521,750,521,512,238,0,0,0,1093,178,ITG,ITG1,19,Sicilia,Sicilia,4999891,248456,4.97,0.03
659,2021-01-18,SIC,1548,646,902,721,619,208,0,0,0,1432,116,ITG,ITG1,19,Sicilia,Sicilia,4999891,250004,5.0,0.03
660,2021-02-21,SIC,5173,2504,2669,376,650,174,3682,138,153,5068,105,ITG,ITG1,19,Sicilia,Sicilia,4999891,255177,5.1,0.1
661,2021-01-10,SIC,3618,1615,2003,2126,1028,464,0,0,0,3618,0,ITG,ITG1,19,Sicilia,Sicilia,4999891,258795,5.18,0.07
662,2021-02-12,SIC,4744,1852,2892,2299,1802,643,0,0,0,4413,331,ITG,ITG1,19,Sicilia,Sicilia,4999891,263539,5.27,0.09
663,2021-01-27,SIC,7531,3835,3696,6329,1050,152,0,0,0,189,7342,ITG,ITG1,19,Sicilia,Sicilia,4999891,271070,5.42,0.15
664,2021-02-24,SIC,9599,4869,4730,1422,1253,499,4028,1474,923,9004,595,ITG,ITG1,19,Sicilia,Sicilia,4999891,280669,5.61,0.19
665,2021-02-13,SIC,3106,1167,1939,1295,1241,570,0,0,0,2849,257,ITG,ITG1,19,Sicilia,Sicilia,4999891,283775,5.68,0.06
666,2021-03-09,SIC,13001,5465,7536,1592,2291,584,3943,937,3654,10629,2372,ITG,ITG1,19,Sicilia,Sicilia,4999891,296776,5.94,0.26
667,2021-02-17,SIC,5427,3290,2137,1528,1126,880,8,1883,2,4755,672,ITG,ITG1,19,Sicilia,Sicilia,4999891,302203,6.04,0.11
668,2021-02-16,SIC,4410,2298,2112,1463,1287,777,25,857,1,3943,467,ITG,ITG1,19,Sicilia,Sicilia,4999891,306613,6.13,0.09
669,2021-01-09,SIC,7325,3424,3901,5034,1835,456,0,0,0,7325,0,ITG,ITG1,19,Sicilia,Sicilia,4999891,313938,6.28,0.15
670,2021-01-02,SIC,4872,2533,2339,4311,561,0,0,0,0,4872,0,ITG,ITG1,19,Sicilia,Sicilia,4999891,318810,6.38,0.1
671,2021-02-26,SIC,12201,5967,6234,1836,1970,360,3888,1733,2414,10515,1686,ITG,ITG1,19,Sicilia,Sicilia,4999891,331011,6.62,0.24
672,2021-01-17,SIC,1295,584,711,619,516,160,0,0,0,1245,50,ITG,ITG1,19,Sicilia,Sicilia,4999891,332306,6.65,0.03
673,2020-12-30,SIC,173,101,72,156,17,0,0,0,0,173,0,ITG,ITG1,19,Sicilia,Sicilia,4999891,332479,6.65,0.0
674,2020-12-29,SIC,235,146,89,235,0,0,0,0,0,235,0,ITG,ITG1,19,Sicilia,Sicilia,4999891,332714,6.65,0.0
675,2021-03-06,SIC,12845,5144,7701,2002,2000,758,3887,638,3560,9939,2906,ITG,ITG1,19,Sicilia,Sicilia,4999891,345559,6.91,0.26
676,2021-02-09,SIC,4370,1831,2539,2240,1490,640,0,0,0,3364,1006,ITG,ITG1,19,Sicilia,Sicilia,4999891,349929,7.0,0.09
677,2021-01-31,SIC,4111,1958,2153,2600,1216,295,0,0,0,113,3998,ITG,ITG1,19,Sicilia,Sicilia,4999891,354040,7.08,0.08
678,2021-02-10,SIC,4433,1819,2614,1975,1717,741,0,0,0,4008,425,ITG,ITG1,19,Sicilia,Sicilia,4999891,358473,7.17,0.09
679,2021-02-07,SIC,2348,996,1352,1610,581,157,0,0,0,675,1673,ITG,ITG1,19,Sicilia,Sicilia,4999891,360821,7.22,0.05
680,2021-02-22,SIC,8035,4159,3876,1107,935,554,4065,1053,321,7544,491,ITG,ITG1,19,Sicilia,Sicilia,4999891,368856,7.38,0.16
681,2021-02-05,SIC,7216,3232,3984,3618,2742,856,0,0,0,2132,5084,ITG,ITG1,19,Sicilia,Sicilia,4999891,376072,7.52,0.14
682,2021-03-02,SIC,14830,6347,8483,2380,1924,500,4467,1331,4228,12011,2819,ITG,ITG1,19,Sicilia,Sicilia,4999891,390902,7.82,0.3
683,2021-01-20,SIC,808,410,398,422,194,192,0,0,0,573,235,ITG,ITG1,19,Sicilia,Sicilia,4999891,391710,7.83,0.02
684,2021-01-12,SIC,4542,2234,2308,2863,1484,195,0,0,0,4542,0,ITG,ITG1,19,Sicilia,Sicilia,4999891,396252,7.93,0.09
685,2021-01-05,SIC,10527,5159,5368,9074,1246,207,0,0,0,10527,0,ITG,ITG1,19,Sicilia,Sicilia,4999891,406779,8.14,0.21
686,2020-12-31,SIC,877,469,408,827,50,0,0,0,0,877,0,ITG,ITG1,19,Sicilia,Sicilia,4999891,407656,8.15,0.02
687,2021-01-08,SIC,8328,3864,4464,6591,1524,213,0,0,0,8328,0,ITG,ITG1,19,Sicilia,Sicilia,4999891,415984,8.32,0.17
688,2021-01-25,SIC,7511,3696,3815,6633,808,70,0,0,0,322,7189,ITG,ITG1,19,Sicilia,Sicilia,4999891,423495,8.47,0.15
689,2021-02-04,SIC,6877,3159,3718,4417,1920,540,0,0,0,1460,5417,ITG,ITG1,19,Sicilia,Sicilia,4999891,430372,8.61,0.14
690,2021-01-16,SIC,2776,1195,1581,1329,1149,298,0,0,0,2776,0,ITG,ITG1,19,Sicilia,Sicilia,4999891,433148,8.66,0.06
691,2021-01-23,SIC,4149,2147,2002,3912,221,16,0,0,0,225,3924,ITG,ITG1,19,Sicilia,Sicilia,4999891,437297,8.75,0.08
692,2021-02-20,SIC,7260,3731,3529,839,1332,546,3748,620,175,7010,250,ITG,ITG1,19,Sicilia,Sicilia,4999891,444557,8.89,0.15
693,2021-03-10,SIC,13535,5773,7762,1477,2884,933,4060,646,3535,11145,2390,ITG,ITG1,19,Sicilia,Sicilia,4999891,458092,9.16,0.27
694,2020-12-27,SIC,89,54,35,62,2,25,0,0,0,89,0,ITG,ITG1,19,Sicilia,Sicilia,4999891,458181,9.16,0.0
695,2021-03-14,SIC,8239,3680,4559,565,2574,175,4261,34,630,4399,3840,ITG,ITG1,19,Sicilia,Sicilia,4999891,466420,9.33,0.16
696,2021-01-01,SIC,815,437,378,740,75,0,0,0,0,815,0,ITG,ITG1,19,Sicilia,Sicilia,4999891,467235,9.34,0.02
697,2021-03-12,SIC,12612,5397,7215,1378,4171,695,3764,341,2263,10390,2222,ITG,ITG1,19,Sicilia,Sicilia,4999891,479847,9.6,0.25
698,2021-02-27,SIC,12441,5567,6874,1513,2423,277,3838,1021,3369,11236,1205,ITG,ITG1,19,Sicilia,Sicilia,4999891,492288,9.85,0.25
699,2021-01-13,SIC,5204,2462,2742,3033,1730,441,0,0,0,5204,0,ITG,ITG1,19,Sicilia,Sicilia,4999891,497492,9.95,0.1
700,2021-03-05,SIC,15825,6816,9009,3190,2486,712,3998,1419,4020,11500,4325,ITG,ITG1,19,Sicilia,Sicilia,4999891,513317,10.27,0.32
701,2021-03-04,SIC,15076,6499,8577,2811,2798,698,3927,1123,3719,10874,4202,ITG,ITG1,19,Sicilia,Sicilia,4999891,528393,10.57,0.3
702,2021-02-23,SIC,8945,4687,4258,1265,1236,502,3996,1367,579,8456,489,ITG,ITG1,19,Sicilia,Sicilia,4999891,537338,10.75,0.18
703,2021-02-14,SIC,1057,402,655,433,388,236,0,0,0,917,140,ITG,ITG1,19,Sicilia,Sicilia,4999891,538395,10.77,0.02
704,2021-02-16,PIE,3961,1752,2209,1819,1593,548,0,0,1,3203,758,ITC,ITC1,1,Piemonte,Piemonte,4356406,3961,0.09,0.09
705,2021-02-14,PIE,1475,498,977,796,380,285,0,0,14,875,600,ITC,ITC1,1,Piemonte,Piemonte,4356406,5436,0.12,0.03
706,2021-01-09,PIE,6183,2185,3998,4488,1127,568,0,0,0,6183,0,ITC,ITC1,1,Piemonte,Piemonte,4356406,11619,0.27,0.14
707,2021-02-24,PIE,11344,4608,6736,1831,1308,388,5659,0,2158,10833,511,ITC,ITC1,1,Piemonte,Piemonte,4356406,22963,0.53,0.26
708,2021-01-07,PIE,5385,1739,3646,4158,886,341,0,0,0,5385,0,ITC,ITC1,1,Piemonte,Piemonte,4356406,28348,0.65,0.12
709,2021-03-05,PIE,15216,5924,9292,2536,1991,653,7660,0,2376,11395,3821,ITC,ITC1,1,Piemonte,Piemonte,4356406,43564,1.0,0.35
710,2021-01-21,PIE,6876,2314,4562,4705,855,1316,0,0,0,3381,3495,ITC,ITC1,1,Piemonte,Piemonte,4356406,50440,1.16,0.16
711,2021-02-23,PIE,9195,3699,5496,2285,1383,376,4100,0,1051,8615,580,ITC,ITC1,1,Piemonte,Piemonte,4356406,59635,1.37,0.21
712,2021-02-26,PIE,12222,4903,7319,811,1446,487,6582,0,2896,11486,736,ITC,ITC1,1,Piemonte,Piemonte,4356406,71857,1.65,0.28
713,2021-02-09,PIE,7350,2309,5041,4153,1366,1831,0,0,0,722,6628,ITC,ITC1,1,Piemonte,Piemonte,4356406,79207,1.82,0.17
714,2021-01-27,PIE,4196,1453,2743,2983,656,557,0,0,0,999,3197,ITC,ITC1,1,Piemonte,Piemonte,4356406,83403,1.91,0.1
715,2021-01-06,PIE,3114,1110,2004,2368,433,313,0,0,0,3114,0,ITC,ITC1,1,Piemonte,Piemonte,4356406,86517,1.99,0.07
716,2021-01-20,PIE,6538,2067,4471,3571,1153,1814,0,0,0,5813,725,ITC,ITC1,1,Piemonte,Piemonte,4356406,93055,2.14,0.15
717,2021-03-11,PIE,13517,4966,8551,2308,1443,368,7307,0,2091,10436,3081,ITC,ITC1,1,Piemonte,Piemonte,4356406,106572,2.45,0.31
718,2021-01-05,PIE,5377,1602,3775,4364,728,285,0,0,0,5377,0,ITC,ITC1,1,Piemonte,Piemonte,4356406,111949,2.57,0.12
719,2021-01-13,PIE,10078,3222,6856,6484,2265,1329,0,0,0,10078,0,ITC,ITC1,1,Piemonte,Piemonte,4356406,122027,2.8,0.23
720,2020-12-28,PIE,1,1,0,1,0,0,0,0,0,1,0,ITC,ITC1,1,Piemonte,Piemonte,4356406,122028,2.8,0.0
721,2021-01-12,PIE,10040,3401,6639,6859,2009,1172,0,0,0,10040,0,ITC,ITC1,1,Piemonte,Piemonte,4356406,132068,3.03,0.23
722,2021-01-10,PIE,5207,2273,2934,3904,784,519,0,0,0,5207,0,ITC,ITC1,1,Piemonte,Piemonte,4356406,137275,3.15,0.12
723,2021-02-18,PIE,4744,2080,2664,2237,1901,604,0,0,2,4349,395,ITC,ITC1,1,Piemonte,Piemonte,4356406,142019,3.26,0.11
724,2020-12-30,PIE,730,322,408,685,45,0,0,0,0,730,0,ITC,ITC1,1,Piemonte,Piemonte,4356406,142749,3.28,0.02
725,2021-03-04,PIE,14399,5698,8701,2168,1939,582,7521,0,2189,11487,2912,ITC,ITC1,1,Piemonte,Piemonte,4356406,157148,3.61,0.33
726,2021-01-24,PIE,3150,957,2193,2632,372,146,0,0,0,434,2716,ITC,ITC1,1,Piemonte,Piemonte,4356406,160298,3.68,0.07
727,2021-01-19,PIE,6421,2099,4322,3574,1299,1548,0,0,0,6412,9,ITC,ITC1,1,Piemonte,Piemonte,4356406,166719,3.83,0.15
728,2021-01-17,PIE,3517,1168,2349,2083,595,839,0,0,0,2870,647,ITC,ITC1,1,Piemonte,Piemonte,4356406,170236,3.91,0.08
729,2021-01-26,PIE,6328,1878,4450,4725,875,728,0,0,0,735,5593,ITC,ITC1,1,Piemonte,Piemonte,4356406,176564,4.05,0.15
730,2021-03-07,PIE,11939,4642,7297,1321,1136,107,7326,0,2049,11060,879,ITC,ITC1,1,Piemonte,Piemonte,4356406,188503,4.33,0.27
731,2021-01-14,PIE,9761,3150,6611,6175,2102,1484,0,0,0,9761,0,ITC,ITC1,1,Piemonte,Piemonte,4356406,198264,4.55,0.22
732,2021-01-23,PIE,4219,1321,2898,3190,523,506,0,0,0,878,3341,ITC,ITC1,1,Piemonte,Piemonte,4356406,202483,4.65,0.1
733,2021-02-11,PIE,6761,2106,4655,3420,1327,2011,0,0,3,3004,3757,ITC,ITC1,1,Piemonte,Piemonte,4356406,209244,4.8,0.16
734,2021-02-27,PIE,12651,4839,7812,880,980,232,7525,0,3034,12303,348,ITC,ITC1,1,Piemonte,Piemonte,4356406,221895,5.09,0.29
735,2021-03-09,PIE,13505,5240,8265,1679,1542,354,7615,0,2315,11158,2347,ITC,ITC1,1,Piemonte,Piemonte,4356406,235400,5.4,0.31
736,2021-02-17,PIE,4730,2124,2606,2187,2044,497,1,0,1,3741,989,ITC,ITC1,1,Piemonte,Piemonte,4356406,240130,5.51,0.11
737,2021-01-29,PIE,5939,1886,4053,4198,1069,672,0,0,0,455,5484,ITC,ITC1,1,Piemonte,Piemonte,4356406,246069,5.65,0.14
738,2021-01-25,PIE,6209,1938,4271,4782,865,562,0,0,0,982,5227,ITC,ITC1,1,Piemonte,Piemonte,4356406,252278,5.79,0.14
739,2021-03-03,PIE,11974,4541,7433,1101,947,258,7015,0,2653,11152,822,ITC,ITC1,1,Piemonte,Piemonte,4356406,264252,6.07,0.27
740,2021-01-01,PIE,1038,395,643,922,116,0,0,0,0,1038,0,ITC,ITC1,1,Piemonte,Piemonte,4356406,265290,6.09,0.02
741,2021-02-08,PIE,6914,2355,4559,3782,1558,1574,0,0,0,666,6248,ITC,ITC1,1,Piemonte,Piemonte,4356406,272204,6.25,0.16
742,2021-01-16,PIE,7754,2630,5124,4794,1590,1370,0,0,0,7754,0,ITC,ITC1,1,Piemonte,Piemonte,4356406,279958,6.43,0.18
743,2021-02-13,PIE,4149,1334,2815,2309,722,1112,1,0,5,2927,1222,ITC,ITC1,1,Piemonte,Piemonte,4356406,284107,6.52,0.1
744,2021-01-18,PIE,6162,2047,4115,3233,1404,1525,0,0,0,5914,248,ITC,ITC1,1,Piemonte,Piemonte,4356406,290269,6.66,0.14
745,2021-02-03,PIE,10185,3301,6884,6641,2309,1235,0,0,0,611,9574,ITC,ITC1,1,Piemonte,Piemonte,4356406,300454,6.9,0.23
746,2021-02-12,PIE,6879,2212,4667,3522,1647,1708,0,0,2,3922,2957,ITC,ITC1,1,Piemonte,Piemonte,4356406,307333,7.05,0.16
747,2021-01-04,PIE,5562,1678,3884,4590,737,235,0,0,0,5562,0,ITC,ITC1,1,Piemonte,Piemonte,4356406,312895,7.18,0.13
748,2021-01-03,PIE,3061,966,2095,2714,295,52,0,0,0,3061,0,ITC,ITC1,1,Piemonte,Piemonte,4356406,315956,7.25,0.07
749,2021-01-15,PIE,8961,2951,6010,5493,1924,1544,0,0,0,8961,0,ITC,ITC1,1,Piemonte,Piemonte,4356406,324917,7.46,0.21
750,2021-02-25,PIE,12173,5223,6950,1434,2057,405,6319,0,1958,11625,548,ITC,ITC1,1,Piemonte,Piemonte,4356406,337090,7.74,0.28
751,2021-02-01,PIE,8641,3053,5588,6164,1403,1074,0,0,0,578,8063,ITC,ITC1,1,Piemonte,Piemonte,4356406,345731,7.94,0.2
752,2021-02-19,PIE,5525,2170,3355,1987,1765,665,30,0,1078,5023,502,ITC,ITC1,1,Piemonte,Piemonte,4356406,351256,8.06,0.13
753,2021-02-05,PIE,9449,3077,6372,5764,2041,1644,0,0,0,657,8792,ITC,ITC1,1,Piemonte,Piemonte,4356406,360705,8.28,0.22
754,2021-03-13,PIE,12762,4618,8144,1168,1013,157,8299,0,2125,11331,1431,ITC,ITC1,1,Piemonte,Piemonte,4356406,373467,8.57,0.29
755,2021-03-02,PIE,11082,4431,6651,902,1085,214,6380,0,2501,10267,815,ITC,ITC1,1,Piemonte,Piemonte,4356406,384549,8.83,0.25
756,2021-03-08,PIE,13706,5209,8497,2024,1405,366,7394,0,2517,11068,2638,ITC,ITC1,1,Piemonte,Piemonte,4356406,398255,9.14,0.31
757,2021-03-01,PIE,11693,4676,7017,1141,1275,281,6593,0,2403,10880,813,ITC,ITC1,1,Piemonte,Piemonte,4356406,409948,9.41,0.27
758,2021-02-22,PIE,8460,3462,4998,1695,1439,518,3888,0,920,7871,589,ITC,ITC1,1,Piemonte,Piemonte,4356406,418408,9.6,0.19
759,2021-02-20,PIE,3828,1251,2577,1100,1063,219,30,0,1416,3654,174,ITC,ITC1,1,Piemonte,Piemonte,4356406,422236,9.69,0.09
760,2021-03-16,PIE,8608,3490,5118,1982,865,182,5567,0,12,2969,5639,ITC,ITC1,1,Piemonte,Piemonte,4356406,430844,9.89,0.2
761,2021-03-06,PIE,13951,5195,8756,2260,1119,455,7425,0,2692,11169,2782,ITC,ITC1,1,Piemonte,Piemonte,4356406,444795,10.21,0.32
762,2021-02-21,PIE,5086,2080,3006,686,264,47,3352,0,737,4983,103,ITC,ITC1,1,Piemonte,Piemonte,4356406,449881,10.33,0.12
763,2021-02-28,PIE,10798,4054,6744,641,510,53,6809,0,2785,10558,240,ITC,ITC1,1,Piemonte,Piemonte,4356406,460679,10.57,0.25
764,2020-12-27,PIE,912,368,544,760,76,76,0,0,0,912,0,ITC,ITC1,1,Piemonte,Piemonte,4356406,461591,10.6,0.02
765,2021-01-22,PIE,3864,1248,2616,2279,650,935,0,0,0,2523,1341,ITC,ITC1,1,Piemonte,Piemonte,4356406,465455,10.68,0.09
766,2021-03-12,PIE,13718,5072,8646,2131,1330,453,7549,0,2255,10810,2908,ITC,ITC1,1,Piemonte,Piemonte,4356406,479173,11.0,0.31
767,2021-03-10,PIE,13325,5020,8305,1659,1332,277,7915,0,2142,11034,2291,ITC,ITC1,1,Piemonte,Piemonte,4356406,492498,11.31,0.31
768,2021-03-15,PIE,10434,4103,6331,1709,1496,192,5688,0,1349,4863,5571,ITC,ITC1,1,Piemonte,Piemonte,4356406,502932,11.54,0.24
769,2021-01-08,PIE,5528,1761,3767,4078,1029,421,0,0,0,5528,0,ITC,ITC1,1,Piemonte,Piemonte,4356406,508460,11.67,0.13
770,2020-12-31,PIE,3907,1332,2575,3413,360,134,0,0,0,3907,0,ITC,ITC1,1,Piemonte,Piemonte,4356406,512367,11.76,0.09
771,2021-02-07,PIE,3087,974,2113,1649,662,776,0,0,0,445,2642,ITC,ITC1,1,Piemonte,Piemonte,4356406,515454,11.83,0.07
772,2021-01-28,PIE,5588,1809,3779,4118,879,590,1,0,0,384,5204,ITC,ITC1,1,Piemonte,Piemonte,4356406,521042,11.96,0.13
773,2021-01-11,PIE,8740,2980,5760,6053,1561,1126,0,0,0,8740,0,ITC,ITC1,1,Piemonte,Piemonte,4356406,529782,12.16,0.2
774,2021-02-02,PIE,10232,3504,6728,6866,2048,1318,0,0,0,814,9418,ITC,ITC1,1,Piemonte,Piemonte,4356406,540014,12.4,0.23
775,2021-02-15,PIE,4411,1587,2824,2313,1137,959,1,0,1,3206,1205,ITC,ITC1,1,Piemonte,Piemonte,4356406,544425,12.5,0.1
776,2021-01-02,PIE,3539,1134,2405,3072,414,53,0,0,0,3539,0,ITC,ITC1,1,Piemonte,Piemonte,4356406,547964,12.58,0.08
777,2021-01-30,PIE,5978,2135,3843,4367,1116,495,0,0,0,218,5760,ITC,ITC1,1,Piemonte,Piemonte,4356406,553942,12.72,0.14
778,2021-02-06,PIE,7982,2664,5318,5100,1627,1255,0,0,0,400,7582,ITC,ITC1,1,Piemonte,Piemonte,4356406,561924,12.9,0.18
779,2021-02-10,PIE,7444,2345,5099,3847,1498,2099,0,0,0,1316,6128,ITC,ITC1,1,Piemonte,Piemonte,4356406,569368,13.07,0.17
780,2021-03-14,PIE,8179,3322,4857,794,617,2,5793,0,973,5285,2894,ITC,ITC1,1,Piemonte,Piemonte,4356406,577547,13.26,0.19
781,2021-02-04,PIE,10196,3337,6859,6234,2199,1763,0,0,0,588,9608,ITC,ITC1,1,Piemonte,Piemonte,4356406,587743,13.49,0.23
782,2021-01-31,PIE,4105,1748,2357,3076,654,375,0,0,0,112,3993,ITC,ITC1,1,Piemonte,Piemonte,4356406,591848,13.59,0.09
783,2021-02-17,LOM,11755,3703,8052,7564,2247,1857,39,38,10,10400,1355,ITC,ITC4,3,Lombardia,Lombardia,10060574,11755,0.12,0.12
784,2020-12-27,LOM,702,407,295,601,86,14,1,0,0,702,0,ITC,ITC4,3,Lombardia,Lombardia,10060574,12457,0.12,0.01
785,2021-02-20,LOM,9385,3879,5506,4275,1110,216,2917,863,4,9092,293,ITC,ITC4,3,Lombardia,Lombardia,10060574,21842,0.22,0.09
786,2021-02-16,LOM,9362,3060,6302,5809,2247,1271,8,8,19,8912,450,ITC,ITC4,3,Lombardia,Lombardia,10060574,31204,0.31,0.09
787,2021-01-09,LOM,12376,4558,7818,9498,2675,196,6,1,0,12376,0,ITC,ITC4,3,Lombardia,Lombardia,10060574,43580,0.43,0.12
788,2021-02-03,LOM,25126,7796,17330,15397,5661,3920,139,8,1,1083,24043,ITC,ITC4,3,Lombardia,Lombardia,10060574,68706,0.68,0.25
789,2021-01-03,LOM,852,316,536,744,103,4,1,0,0,852,0,ITC,ITC4,3,Lombardia,Lombardia,10060574,69558,0.69,0.01
790,2021-01-04,LOM,5977,2058,3919,4916,877,173,11,0,0,5977,0,ITC,ITC4,3,Lombardia,Lombardia,10060574,75535,0.75,0.06
791,2021-01-28,LOM,12153,3683,8470,9171,1981,971,28,1,1,775,11378,ITC,ITC4,3,Lombardia,Lombardia,10060574,87688,0.87,0.12
792,2021-03-11,LOM,33678,12635,21043,5559,4421,1838,14593,1186,6081,24641,9037,ITC,ITC4,3,Lombardia,Lombardia,10060574,121366,1.21,0.33
793,2021-02-02,LOM,19804,6567,13237,13479,4562,1679,76,7,1,489,19315,ITC,ITC4,3,Lombardia,Lombardia,10060574,141170,1.4,0.2
794,2021-01-20,LOM,5543,1360,4183,2725,1218,1541,59,0,0,5428,115,ITC,ITC4,3,Lombardia,Lombardia,10060574,146713,1.46,0.06
795,2021-01-02,LOM,199,72,127,178,21,0,0,0,0,199,0,ITC,ITC4,3,Lombardia,Lombardia,10060574,146912,1.46,0.0
796,2021-03-09,LOM,31492,12096,19396,5993,4720,2147,11804,1426,5402,24322,7170,ITC,ITC4,3,Lombardia,Lombardia,10060574,178404,1.77,0.31
797,2021-02-12,LOM,13335,4174,9161,7923,2629,2675,100,5,3,8681,4654,ITC,ITC4,3,Lombardia,Lombardia,10060574,191739,1.91,0.13
798,2021-01-25,LOM,7020,2370,4650,5629,1159,218,14,0,0,486,6534,ITC,ITC4,3,Lombardia,Lombardia,10060574,198759,1.98,0.07
799,2021-01-27,LOM,8028,2675,5353,6192,1399,434,1,0,2,820,7208,ITC,ITC4,3,Lombardia,Lombardia,10060574,206787,2.06,0.08
800,2021-02-06,LOM,14913,5429,9484,9655,3357,1826,71,1,3,887,14026,ITC,ITC4,3,Lombardia,Lombardia,10060574,221700,2.2,0.15
801,2021-02-11,LOM,16680,4919,11761,9616,3231,3791,32,4,6,9383,7297,ITC,ITC4,3,Lombardia,Lombardia,10060574,238380,2.37,0.17
802,2021-03-15,LOM,30193,10839,19354,4547,3802,807,12503,507,8027,22099,8094,ITC,ITC4,3,Lombardia,Lombardia,10060574,268573,2.67,0.3
803,2021-02-19,LOM,13983,5346,8637,5521,1884,1094,4540,928,16,13344,639,ITC,ITC4,3,Lombardia,Lombardia,10060574,282556,2.81,0.14
804,2021-01-12,LOM,19688,6561,13127,13370,4664,1562,91,1,0,19688,0,ITC,ITC4,3,Lombardia,Lombardia,10060574,302244,3.0,0.2
805,2021-03-06,LOM,20779,8837,11942,4716,5886,438,7381,1011,1347,16274,4505,ITC,ITC4,3,Lombardia,Lombardia,10060574,323023,3.21,0.21
806,2021-01-18,LOM,9011,2927,6084,5149,2042,1764,54,2,0,8029,982,ITC,ITC4,3,Lombardia,Lombardia,10060574,332034,3.3,0.09
807,2021-01-05,LOM,7673,2513,5160,6160,1334,172,7,0,0,7673,0,ITC,ITC4,3,Lombardia,Lombardia,10060574,339707,3.38,0.08
808,2021-02-22,LOM,11652,4712,6940,4163,1536,932,4028,965,28,11343,309,ITC,ITC4,3,Lombardia,Lombardia,10060574,351359,3.49,0.12
809,2021-02-04,LOM,27028,7914,19114,15515,5863,5450,193,7,0,1877,25151,ITC,ITC4,3,Lombardia,Lombardia,10060574,378387,3.76,0.27
810,2021-01-17,LOM,8173,3303,4870,5487,2434,211,36,5,0,7973,200,ITC,ITC4,3,Lombardia,Lombardia,10060574,386560,3.84,0.08
811,2021-01-24,LOM,1184,453,731,828,331,24,1,0,0,522,662,ITC,ITC4,3,Lombardia,Lombardia,10060574,387744,3.85,0.01
812,2021-03-04,LOM,28534,11810,16724,6764,6711,2001,10771,1911,376,19886,8648,ITC,ITC4,3,Lombardia,Lombardia,10060574,416278,4.14,0.28
813,2021-03-08,LOM,28594,10700,17894,6461,3991,976,11095,1572,4499,21733,6861,ITC,ITC4,3,Lombardia,Lombardia,10060574,444872,4.42,0.28
814,2021-01-22,LOM,2890,814,2076,1545,609,727,9,0,0,2838,52,ITC,ITC4,3,Lombardia,Lombardia,10060574,447762,4.45,0.03
815,2021-03-12,LOM,32880,12183,20697,4915,3921,1337,15005,1062,6640,23080,9800,ITC,ITC4,3,Lombardia,Lombardia,10060574,480642,4.78,0.33
816,2021-02-08,LOM,9725,2845,6880,5161,2225,2286,53,0,0,2071,7654,ITC,ITC4,3,Lombardia,Lombardia,10060574,490367,4.87,0.1
817,2021-01-07,LOM,11556,3594,7962,8956,1924,652,22,1,1,11556,0,ITC,ITC4,3,Lombardia,Lombardia,10060574,501923,4.99,0.11
818,2021-02-10,LOM,14074,4419,9655,8392,2348,3254,71,3,6,7388,6686,ITC,ITC4,3,Lombardia,Lombardia,10060574,515997,5.13,0.14
819,2021-02-25,LOM,14765,6141,8624,2726,1544,1287,7985,1216,7,13361,1404,ITC,ITC4,3,Lombardia,Lombardia,10060574,530762,5.28,0.15
820,2021-01-19,LOM,7980,2321,5659,3994,1805,2115,65,1,0,7504,476,ITC,ITC4,3,Lombardia,Lombardia,10060574,538742,5.35,0.08
821,2021-02-14,LOM,3500,1514,1986,2702,761,24,3,0,10,2936,564,ITC,ITC4,3,Lombardia,Lombardia,10060574,542242,5.39,0.03
822,2021-02-27,LOM,13779,5801,7978,2001,1867,529,8243,1091,48,13235,544,ITC,ITC4,3,Lombardia,Lombardia,10060574,556021,5.53,0.14
823,2021-03-16,LOM,19372,7664,11708,2761,2244,914,13384,16,53,11756,7616,ITC,ITC4,3,Lombardia,Lombardia,10060574,575393,5.72,0.19
824,2021-01-21,LOM,5315,1563,3752,3006,1281,1024,4,0,0,4628,687,ITC,ITC4,3,Lombardia,Lombardia,10060574,580708,5.77,0.05
825,2021-02-07,LOM,7145,2787,4358,5514,1344,263,17,2,5,339,6806,ITC,ITC4,3,Lombardia,Lombardia,10060574,587853,5.84,0.07
826,2021-01-26,LOM,8325,2704,5621,6640,1440,223,22,0,0,334,7991,ITC,ITC4,3,Lombardia,Lombardia,10060574,596178,5.93,0.08
827,2020-12-31,LOM,713,300,413,657,56,0,0,0,0,713,0,ITC,ITC4,3,Lombardia,Lombardia,10060574,596891,5.93,0.01
828,2021-02-28,LOM,7822,3229,4593,1106,2279,76,4248,82,31,7606,216,ITC,ITC4,3,Lombardia,Lombardia,10060574,604713,6.01,0.08
829,2021-02-15,LOM,8770,3067,5703,6010,1747,969,4,31,9,8350,420,ITC,ITC4,3,Lombardia,Lombardia,10060574,613483,6.1,0.09
830,2021-02-18,LOM,13932,4894,9038,6112,1942,1567,3426,857,28,12910,1022,ITC,ITC4,3,Lombardia,Lombardia,10060574,627415,6.24,0.14
831,2021-01-08,LOM,12590,3893,8697,9956,2316,313,5,0,0,12590,0,ITC,ITC4,3,Lombardia,Lombardia,10060574,640005,6.36,0.13
832,2021-01-30,LOM,12309,4565,7744,9902,2237,160,8,1,1,192,12117,ITC,ITC4,3,Lombardia,Lombardia,10060574,652314,6.48,0.12
833,2021-02-05,LOM,24852,7219,17633,14056,6184,4355,256,1,0,2096,22756,ITC,ITC4,3,Lombardia,Lombardia,10060574,677166,6.73,0.25
834,2021-03-10,LOM,30953,11853,19100,6636,4585,1728,11242,1519,5243,23667,7286,ITC,ITC4,3,Lombardia,Lombardia,10060574,708119,7.04,0.31
835,2021-02-23,LOM,11664,4759,6905,3931,1614,830,4296,990,3,11356,308,ITC,ITC4,3,Lombardia,Lombardia,10060574,719783,7.15,0.12
836,2021-01-13,LOM,25674,7895,17779,15491,5929,4062,189,2,1,25674,0,ITC,ITC4,3,Lombardia,Lombardia,10060574,745457,7.41,0.26
837,2021-02-21,LOM,5004,1851,3153,1743,959,32,2227,40,3,4984,20,ITC,ITC4,3,Lombardia,Lombardia,10060574,750461,7.46,0.05
838,2020-12-30,LOM,113,42,71,105,8,0,0,0,0,113,0,ITC,ITC4,3,Lombardia,Lombardia,10060574,750574,7.46,0.0
839,2021-02-09,LOM,11931,3270,8661,5651,2270,3929,75,2,4,3977,7954,ITC,ITC4,3,Lombardia,Lombardia,10060574,762505,7.58,0.12
840,2021-01-10,LOM,10512,3955,6557,8170,2243,85,11,2,1,10512,0,ITC,ITC4,3,Lombardia,Lombardia,10060574,773017,7.68,0.1
841,2021-03-14,LOM,13473,4713,8760,1493,1324,80,5214,396,4966,10204,3269,ITC,ITC4,3,Lombardia,Lombardia,10060574,786490,7.82,0.13
842,2021-03-03,LOM,26162,11143,15019,6265,6308,1582,9696,1841,470,19109,7053,ITC,ITC4,3,Lombardia,Lombardia,10060574,812652,8.08,0.26
843,2021-02-26,LOM,17763,7356,10407,3031,1888,1115,10402,1303,24,16170,1593,ITC,ITC4,3,Lombardia,Lombardia,10060574,830415,8.25,0.18
844,2021-03-05,LOM,27795,11441,16354,6985,6532,1460,10519,1894,405,19674,8121,ITC,ITC4,3,Lombardia,Lombardia,10060574,858210,8.53,0.28
845,2020-12-29,LOM,100,43,57,100,0,0,0,0,0,100,0,ITC,ITC4,3,Lombardia,Lombardia,10060574,858310,8.53,0.0
846,2021-02-13,LOM,6326,2400,3926,4146,1473,682,17,4,4,4927,1399,ITC,ITC4,3,Lombardia,Lombardia,10060574,864636,8.59,0.06
847,2021-01-29,LOM,13431,4111,9320,10480,2369,573,9,0,0,653,12778,ITC,ITC4,3,Lombardia,Lombardia,10060574,878067,8.73,0.13
848,2021-02-24,LOM,14455,5845,8610,3521,1731,1774,6225,1181,23,13569,886,ITC,ITC4,3,Lombardia,Lombardia,10060574,892522,8.87,0.14
849,2021-03-07,LOM,10792,4751,6041,2998,1994,73,4520,552,655,8240,2552,ITC,ITC4,3,Lombardia,Lombardia,10060574,903314,8.98,0.11
850,2020-12-28,LOM,103,44,59,102,1,0,0,0,0,103,0,ITC,ITC4,3,Lombardia,Lombardia,10060574,903417,8.98,0.0
851,2021-01-31,LOM,9727,3754,5973,7568,2063,87,7,2,0,33,9694,ITC,ITC4,3,Lombardia,Lombardia,10060574,913144,9.08,0.1
852,2021-02-01,LOM,16022,5305,10717,11655,3420,902,43,1,1,324,15698,ITC,ITC4,3,Lombardia,Lombardia,10060574,929166,9.24,0.16
853,2021-03-02,LOM,22338,9517,12821,3016,4181,2014,11219,1778,130,19429,2909,ITC,ITC4,3,Lombardia,Lombardia,10060574,951504,9.46,0.22
854,2021-03-13,LOM,24643,8773,15870,3684,2839,249,9670,612,7589,18705,5938,ITC,ITC4,3,Lombardia,Lombardia,10060574,976147,9.7,0.24
855,2021-01-14,LOM,26237,7660,18577,14939,5721,5348,228,1,0,26237,0,ITC,ITC4,3,Lombardia,Lombardia,10060574,1002384,9.96,0.26
856,2021-01-23,LOM,1114,357,757,644,332,138,0,0,0,916,198,ITC,ITC4,3,Lombardia,Lombardia,10060574,1003498,9.97,0.01
857,2021-01-01,LOM,24,7,17,24,0,0,0,0,0,24,0,ITC,ITC4,3,Lombardia,Lombardia,10060574,1003522,9.97,0.0
858,2021-01-11,LOM,15977,5309,10668,11778,3455,699,42,1,2,15977,0,ITC,ITC4,3,Lombardia,Lombardia,10060574,1019499,10.13,0.16
859,2021-01-15,LOM,24415,7189,17226,13555,6189,4367,302,2,0,24415,0,ITC,ITC4,3,Lombardia,Lombardia,10060574,1043914,10.38,0.24
860,2021-01-16,LOM,15264,5688,9576,8555,5074,1480,152,3,0,15264,0,ITC,ITC4,3,Lombardia,Lombardia,10060574,1059178,10.53,0.15
861,2021-03-01,LOM,18435,8087,10348,2608,2605,851,10735,1608,28,16753,1682,ITC,ITC4,3,Lombardia,Lombardia,10060574,1077613,10.71,0.18
862,2021-01-06,LOM,7044,2486,4558,5837,1167,38,0,0,2,7044,0,ITC,ITC4,3,Lombardia,Lombardia,10060574,1084657,10.78,0.07
863,2021-02-28,VEN,4100,1355,2745,1702,1397,15,983,0,3,3263,837,ITH,ITH3,5,Veneto,Veneto,4905854,4100,0.08,0.08
864,2021-01-26,VEN,6902,2081,4821,5338,595,963,0,1,5,155,6747,ITH,ITH3,5,Veneto,Veneto,4905854,11002,0.22,0.14
865,2021-02-04,VEN,7309,2012,5297,3454,1459,2380,12,0,4,556,6753,ITH,ITH3,5,Veneto,Veneto,4905854,18311,0.37,0.15
866,2021-03-10,VEN,18619,8404,10215,1406,2494,555,9039,993,4132,12948,5671,ITH,ITH3,5,Veneto,Veneto,4905854,36930,0.75,0.38
867,2021-02-09,VEN,5125,1855,3270,3088,868,1149,19,0,1,3422,1703,ITH,ITH3,5,Veneto,Veneto,4905854,42055,0.86,0.1
868,2021-02-27,VEN,8913,2647,6266,2169,609,45,1960,12,4118,8081,832,ITH,ITH3,5,Veneto,Veneto,4905854,50968,1.04,0.18
869,2021-02-07,VEN,2313,861,1452,1930,330,50,2,0,1,714,1599,ITH,ITH3,5,Veneto,Veneto,4905854,53281,1.09,0.05
870,2020-12-30,VEN,699,245,454,598,62,39,0,0,0,699,0,ITH,ITH3,5,Veneto,Veneto,4905854,53980,1.1,0.01
871,2021-01-04,VEN,6726,2029,4697,5238,569,913,1,0,5,6726,0,ITH,ITH3,5,Veneto,Veneto,4905854,60706,1.24,0.14
872,2021-01-21,VEN,2290,719,1571,1985,162,141,0,0,2,21,2269,ITH,ITH3,5,Veneto,Veneto,4905854,62996,1.28,0.05
873,2021-01-03,VEN,5158,1563,3595,4597,311,249,0,0,1,5158,0,ITH,ITH3,5,Veneto,Veneto,4905854,68154,1.39,0.11
874,2021-02-03,VEN,5934,1659,4275,2852,1334,1743,1,0,4,482,5452,ITH,ITH3,5,Veneto,Veneto,4905854,74088,1.51,0.12
875,2021-02-11,VEN,4021,1244,2777,2613,596,800,9,1,2,3392,629,ITH,ITH3,5,Veneto,Veneto,4905854,78109,1.59,0.08
876,2021-01-14,VEN,7052,1924,5128,3227,1333,2473,17,0,2,7052,0,ITH,ITH3,5,Veneto,Veneto,4905854,85161,1.74,0.14
877,2021-02-12,VEN,4325,1453,2872,2761,881,671,6,2,4,3752,573,ITH,ITH3,5,Veneto,Veneto,4905854,89486,1.82,0.09
878,2021-01-25,VEN,6466,2074,4392,5060,499,904,1,0,2,170,6296,ITH,ITH3,5,Veneto,Veneto,4905854,95952,1.96,0.13
879,2021-01-28,VEN,9197,2659,6538,6458,1288,1448,0,0,3,169,9028,ITH,ITH3,5,Veneto,Veneto,4905854,105149,2.14,0.19
880,2021-02-10,VEN,4706,1568,3138,3104,857,744,0,0,1,3654,1052,ITH,ITH3,5,Veneto,Veneto,4905854,109855,2.24,0.1
881,2021-02-05,VEN,8361,2531,5830,4271,1912,2162,7,5,4,1424,6937,ITH,ITH3,5,Veneto,Veneto,4905854,118216,2.41,0.17
882,2021-01-05,VEN,7327,2183,5144,5410,789,1122,0,1,5,7327,0,ITH,ITH3,5,Veneto,Veneto,4905854,125543,2.56,0.15
883,2021-01-20,VEN,1039,368,671,696,130,213,0,0,0,387,652,ITH,ITH3,5,Veneto,Veneto,4905854,126582,2.58,0.02
884,2021-01-27,VEN,7140,2064,5076,5206,1047,879,0,0,8,246,6894,ITH,ITH3,5,Veneto,Veneto,4905854,133722,2.73,0.15
885,2021-01-31,VEN,4740,1550,3190,3676,679,377,4,2,2,393,4347,ITH,ITH3,5,Veneto,Veneto,4905854,138462,2.82,0.1
886,2021-01-09,VEN,7925,2536,5389,5173,1163,1573,3,11,2,7925,0,ITH,ITH3,5,Veneto,Veneto,4905854,146387,2.98,0.16
887,2021-02-21,VEN,4624,1203,3421,495,9,18,417,2,3683,4619,5,ITH,ITH3,5,Veneto,Veneto,4905854,151011,3.08,0.09
888,2021-03-14,VEN,14483,5567,8916,2087,4781,85,4135,129,3266,13757,726,ITH,ITH3,5,Veneto,Veneto,4905854,165494,3.37,0.3
889,2021-03-04,VEN,12690,4694,7996,3100,1676,1349,3409,330,2826,9285,3405,ITH,ITH3,5,Veneto,Veneto,4905854,178184,3.63,0.26
890,2021-01-01,VEN,1525,470,1055,1494,30,1,0,0,0,1525,0,ITH,ITH3,5,Veneto,Veneto,4905854,179709,3.66,0.03
891,2021-03-01,VEN,9302,3643,5659,2013,1082,923,2628,156,2500,7477,1825,ITH,ITH3,5,Veneto,Veneto,4905854,189011,3.85,0.19
892,2021-02-18,VEN,5700,2440,3260,934,353,607,3799,1,6,5637,63,ITH,ITH3,5,Veneto,Veneto,4905854,194711,3.97,0.12
893,2021-01-30,VEN,8729,2667,6062,6208,1285,1218,4,12,2,687,8042,ITH,ITH3,5,Veneto,Veneto,4905854,203440,4.15,0.18
894,2021-01-13,VEN,5975,1600,4375,2790,1300,1880,3,0,2,5975,0,ITH,ITH3,5,Veneto,Veneto,4905854,209415,4.27,0.12
895,2021-03-11,VEN,18904,8468,10436,1547,3034,707,9299,951,3366,13517,5387,ITH,ITH3,5,Veneto,Veneto,4905854,228319,4.65,0.39
896,2021-01-07,VEN,8359,2319,6040,5467,1087,1805,0,0,0,8359,0,ITH,ITH3,5,Veneto,Veneto,4905854,236678,4.82,0.17
897,2021-02-26,VEN,8213,3239,4974,1672,1111,738,4379,31,282,6963,1250,ITH,ITH3,5,Veneto,Veneto,4905854,244891,4.99,0.17
898,2021-02-23,VEN,7304,3215,4089,1008,492,213,5343,69,179,7046,258,ITH,ITH3,5,Veneto,Veneto,4905854,252195,5.14,0.15
899,2021-02-13,VEN,3260,1472,1788,1558,665,1034,2,0,1,3246,14,ITH,ITH3,5,Veneto,Veneto,4905854,255455,5.21,0.07
900,2021-01-24,VEN,4116,1219,2897,3752,138,222,1,0,3,28,4088,ITH,ITH3,5,Veneto,Veneto,4905854,259571,5.29,0.08
901,2021-02-06,VEN,4086,1350,2736,3019,697,367,3,0,0,707,3379,ITH,ITH3,5,Veneto,Veneto,4905854,263657,5.37,0.08
902,2021-03-15,VEN,15947,6846,9101,1267,2849,269,9248,367,1947,10785,5162,ITH,ITH3,5,Veneto,Veneto,4905854,279604,5.7,0.33
903,2021-03-09,VEN,16137,7275,8862,1198,1905,668,8533,891,2942,10039,6098,ITH,ITH3,5,Veneto,Veneto,4905854,295741,6.03,0.33
904,2021-01-02,VEN,5740,1765,3975,4796,396,544,2,0,2,5740,0,ITH,ITH3,5,Veneto,Veneto,4905854,301481,6.15,0.12
905,2021-02-08,VEN,4966,1538,3428,2790,993,1169,12,0,2,1932,3034,ITH,ITH3,5,Veneto,Veneto,4905854,306447,6.25,0.1
906,2021-02-22,VEN,6957,3015,3942,743,232,339,5402,1,240,6570,387,ITH,ITH3,5,Veneto,Veneto,4905854,313404,6.39,0.14
907,2021-02-16,VEN,6623,2867,3756,718,386,478,5039,1,1,6447,176,ITH,ITH3,5,Veneto,Veneto,4905854,320027,6.52,0.14
908,2021-01-22,VEN,1079,332,747,946,76,57,0,0,0,25,1054,ITH,ITH3,5,Veneto,Veneto,4905854,321106,6.55,0.02
909,2021-02-17,VEN,6003,2763,3240,410,281,361,4946,5,0,5909,94,ITH,ITH3,5,Veneto,Veneto,4905854,327109,6.67,0.12
910,2021-03-06,VEN,10494,4250,6244,2955,2709,1485,1973,46,1326,7300,3194,ITH,ITH3,5,Veneto,Veneto,4905854,337603,6.88,0.21
911,2021-01-29,VEN,8996,2780,6216,6039,1517,1434,3,1,2,367,8629,ITH,ITH3,5,Veneto,Veneto,4905854,346599,7.07,0.18
912,2021-01-16,VEN,4598,1539,3059,3193,756,649,0,0,0,4598,0,ITH,ITH3,5,Veneto,Veneto,4905854,351197,7.16,0.09
913,2021-02-24,VEN,8539,3656,4883,1521,640,506,5602,259,11,8056,483,ITH,ITH3,5,Veneto,Veneto,4905854,359736,7.33,0.17
914,2021-02-25,VEN,7845,3318,4527,1491,564,467,4940,109,274,7253,592,ITH,ITH3,5,Veneto,Veneto,4905854,367581,7.49,0.16
915,2021-01-17,VEN,1932,780,1152,1587,220,120,3,0,2,1583,349,ITH,ITH3,5,Veneto,Veneto,4905854,369513,7.53,0.04
916,2021-01-08,VEN,9397,2831,6566,5977,1603,1807,3,1,6,9397,0,ITH,ITH3,5,Veneto,Veneto,4905854,378910,7.72,0.19
917,2021-03-16,VEN,10205,4427,5778,935,1917,290,6969,12,82,5090,5115,ITH,ITH3,5,Veneto,Veneto,4905854,389115,7.93,0.21
918,2021-02-14,VEN,125,56,69,95,30,0,0,0,0,112,13,ITH,ITH3,5,Veneto,Veneto,4905854,389240,7.93,0.0
919,2021-02-19,VEN,7290,3119,4171,1535,715,663,4368,3,6,7088,202,ITH,ITH3,5,Veneto,Veneto,4905854,396530,8.08,0.15
920,2021-01-06,VEN,8129,2382,5747,6307,1003,807,1,2,9,8129,0,ITH,ITH3,5,Veneto,Veneto,4905854,404659,8.25,0.17
921,2021-03-05,VEN,13115,4880,8235,3429,1989,1381,3090,274,2952,9533,3582,ITH,ITH3,5,Veneto,Veneto,4905854,417774,8.52,0.27
922,2021-03-08,VEN,13339,6044,7295,699,1184,383,7147,986,2940,9300,4039,ITH,ITH3,5,Veneto,Veneto,4905854,431113,8.79,0.27
923,2021-01-11,VEN,7236,2100,5136,3499,1529,1956,247,0,5,7236,0,ITH,ITH3,5,Veneto,Veneto,4905854,438349,8.94,0.15
924,2021-01-15,VEN,5869,1820,4049,2990,1299,1565,9,3,3,5869,0,ITH,ITH3,5,Veneto,Veneto,4905854,444218,9.05,0.12
925,2021-01-10,VEN,5019,1661,3358,3838,715,462,2,2,0,5019,0,ITH,ITH3,5,Veneto,Veneto,4905854,449237,9.16,0.1
926,2021-01-18,VEN,2770,782,1988,1222,541,999,8,0,0,2571,199,ITH,ITH3,5,Veneto,Veneto,4905854,452007,9.21,0.06
927,2020-12-31,VEN,3220,1044,2176,2701,265,252,0,0,2,3220,0,ITH,ITH3,5,Veneto,Veneto,4905854,455227,9.28,0.07
928,2021-02-01,VEN,8517,2488,6029,4206,1953,2106,245,0,7,165,8352,ITH,ITH3,5,Veneto,Veneto,4905854,463744,9.45,0.17
929,2021-01-19,VEN,1309,472,837,726,253,324,6,0,0,1160,149,ITH,ITH3,5,Veneto,Veneto,4905854,465053,9.48,0.03
930,2021-03-12,VEN,17866,7704,10162,1879,3237,595,8032,651,3472,11366,6500,ITH,ITH3,5,Veneto,Veneto,4905854,482919,9.84,0.36
931,2021-02-15,VEN,4386,1820,2566,483,210,383,3294,14,2,4146,240,ITH,ITH3,5,Veneto,Veneto,4905854,487305,9.93,0.09
932,2021-03-13,VEN,16588,6836,9752,2064,5334,73,4810,280,4027,13712,2876,ITH,ITH3,5,Veneto,Veneto,4905854,503893,10.27,0.34
933,2021-02-20,VEN,6320,1984,4336,1798,204,99,971,6,3242,6316,4,ITH,ITH3,5,Veneto,Veneto,4905854,510213,10.4,0.13
934,2021-01-12,VEN,5230,1516,3714,2251,1056,1752,168,0,3,5230,0,ITH,ITH3,5,Veneto,Veneto,4905854,515443,10.51,0.11
935,2021-03-07,VEN,4446,1739,2707,1692,927,17,983,0,827,3891,555,ITH,ITH3,5,Veneto,Veneto,4905854,519889,10.6,0.09
936,2021-01-23,VEN,4063,1255,2808,3404,205,450,1,0,3,34,4029,ITH,ITH3,5,Veneto,Veneto,4905854,523952,10.68,0.08
937,2021-03-02,VEN,11318,4547,6771,2760,1847,1167,3285,411,1848,8043,3275,ITH,ITH3,5,Veneto,Veneto,4905854,535270,10.91,0.23
938,2020-12-27,VEN,880,395,485,875,4,0,0,0,1,880,0,ITH,ITH3,5,Veneto,Veneto,4905854,536150,10.93,0.02
939,2021-02-02,VEN,6402,1842,4560,2969,1285,1994,152,0,2,392,6010,ITH,ITH3,5,Veneto,Veneto,4905854,542552,11.06,0.13
940,2021-03-03,VEN,11796,4462,7334,3294,1448,1110,3375,310,2259,8332,3464,ITH,ITH3,5,Veneto,Veneto,4905854,554348,11.3,0.24
941,2021-02-05,MAR,2156,653,1503,1317,420,419,0,0,0,440,1716,ITI,ITI3,11,Marche,Marche,1525271,2156,0.14,0.14
942,2021-01-20,MAR,398,99,299,146,62,190,0,0,0,386,12,ITI,ITI3,11,Marche,Marche,1525271,2554,0.17,0.03
943,2021-01-10,MAR,1737,699,1038,1462,275,0,0,0,0,1737,0,ITI,ITI3,11,Marche,Marche,1525271,4291,0.28,0.11
944,2021-03-10,MAR,5703,2439,3264,721,808,101,2673,362,1038,4566,1137,ITI,ITI3,11,Marche,Marche,1525271,9994,0.66,0.37
945,2021-01-18,MAR,673,230,443,370,171,132,0,0,0,547,126,ITI,ITI3,11,Marche,Marche,1525271,10667,0.7,0.04
946,2021-02-19,MAR,1971,716,1255,1273,492,203,1,0,2,1836,135,ITI,ITI3,11,Marche,Marche,1525271,12638,0.83,0.13
947,2021-02-18,MAR,2103,746,1357,1150,549,402,1,0,1,1816,287,ITI,ITI3,11,Marche,Marche,1525271,14741,0.97,0.14
948,2021-02-20,MAR,4126,1708,2418,118,411,261,3333,3,0,4015,111,ITI,ITI3,11,Marche,Marche,1525271,18867,1.24,0.27
949,2021-02-24,MAR,3440,1506,1934,226,235,165,2810,3,1,3361,79,ITI,ITI3,11,Marche,Marche,1525271,22307,1.46,0.23
950,2021-01-21,MAR,896,253,643,460,100,336,0,0,0,585,311,ITI,ITI3,11,Marche,Marche,1525271,23203,1.52,0.06
951,2021-01-16,MAR,2006,723,1283,1059,662,285,0,0,0,2006,0,ITI,ITI3,11,Marche,Marche,1525271,25209,1.65,0.13
952,2021-03-12,MAR,4574,1923,2651,817,673,0,1904,251,929,3330,1244,ITI,ITI3,11,Marche,Marche,1525271,29783,1.95,0.3
953,2021-02-02,MAR,1193,397,796,804,296,93,0,0,0,73,1120,ITI,ITI3,11,Marche,Marche,1525271,30976,2.03,0.08
954,2021-02-08,MAR,833,258,575,408,163,262,0,0,0,371,462,ITI,ITI3,11,Marche,Marche,1525271,31809,2.09,0.05
955,2021-01-05,MAR,1562,586,976,1436,126,0,0,0,0,1562,0,ITI,ITI3,11,Marche,Marche,1525271,33371,2.19,0.1
956,2021-01-27,MAR,2120,780,1340,1754,226,140,0,0,0,122,1998,ITI,ITI3,11,Marche,Marche,1525271,35491,2.33,0.14
957,2021-03-06,MAR,5593,2527,3066,973,708,125,2400,640,747,4326,1267,ITI,ITI3,11,Marche,Marche,1525271,41084,2.69,0.37
958,2021-02-15,MAR,973,413,560,544,428,1,0,0,0,960,13,ITI,ITI3,11,Marche,Marche,1525271,42057,2.76,0.06
959,2021-03-16,MAR,2281,995,1286,151,118,30,1903,75,4,208,2073,ITI,ITI3,11,Marche,Marche,1525271,44338,2.91,0.15
960,2021-02-22,MAR,3413,1498,1915,325,408,77,2596,5,2,3339,74,ITI,ITI3,11,Marche,Marche,1525271,47751,3.13,0.22
961,2021-02-11,MAR,1988,658,1330,1155,621,212,0,0,0,1599,389,ITI,ITI3,11,Marche,Marche,1525271,49739,3.26,0.13
962,2021-01-13,MAR,2105,746,1359,1408,621,76,0,0,0,2105,0,ITI,ITI3,11,Marche,Marche,1525271,51844,3.4,0.14
963,2021-02-06,MAR,2460,900,1560,1402,643,415,0,0,0,523,1937,ITI,ITI3,11,Marche,Marche,1525271,54304,3.56,0.16
964,2021-01-09,MAR,1709,605,1104,1406,303,0,0,0,0,1709,0,ITI,ITI3,11,Marche,Marche,1525271,56013,3.67,0.11
965,2021-03-01,MAR,3725,1487,2238,387,177,82,2788,5,286,3478,247,ITI,ITI3,11,Marche,Marche,1525271,59738,3.92,0.24
966,2021-02-04,MAR,2342,810,1532,1406,661,275,0,0,0,112,2230,ITI,ITI3,11,Marche,Marche,1525271,62080,4.07,0.15
967,2021-02-09,MAR,125,42,83,78,21,26,0,0,0,47,78,ITI,ITI3,11,Marche,Marche,1525271,62205,4.08,0.01
968,2021-02-03,MAR,2125,742,1383,1344,615,166,0,0,0,119,2006,ITI,ITI3,11,Marche,Marche,1525271,64330,4.22,0.14
969,2021-01-15,MAR,1771,500,1271,985,420,366,0,0,0,1771,0,ITI,ITI3,11,Marche,Marche,1525271,66101,4.33,0.12
970,2021-01-03,MAR,896,348,548,759,137,0,0,0,0,896,0,ITI,ITI3,11,Marche,Marche,1525271,66997,4.39,0.06
971,2021-01-04,MAR,1500,563,937,1290,199,11,0,0,0,1500,0,ITI,ITI3,11,Marche,Marche,1525271,68497,4.49,0.1
972,2021-03-15,MAR,4489,2109,2380,300,473,8,3453,14,241,1422,3067,ITI,ITI3,11,Marche,Marche,1525271,72986,4.79,0.29
973,2021-02-07,MAR,1870,734,1136,1156,668,46,0,0,0,344,1526,ITI,ITI3,11,Marche,Marche,1525271,74856,4.91,0.12
974,2021-01-08,MAR,1574,588,986,1226,348,0,0,0,0,1574,0,ITI,ITI3,11,Marche,Marche,1525271,76430,5.01,0.1
975,2020-12-30,MAR,17,5,12,14,3,0,0,0,0,17,0,ITI,ITI3,11,Marche,Marche,1525271,76447,5.01,0.0
976,2021-01-17,MAR,1598,682,916,964,588,46,0,0,0,1549,49,ITI,ITI3,11,Marche,Marche,1525271,78045,5.12,0.1
977,2021-03-02,MAR,4963,1943,3020,589,275,242,3316,3,538,4397,566,ITI,ITI3,11,Marche,Marche,1525271,83008,5.44,0.33
978,2021-03-09,MAR,5397,2279,3118,754,443,36,2588,506,1070,4515,882,ITI,ITI3,11,Marche,Marche,1525271,88405,5.8,0.35
979,2021-01-02,MAR,453,139,314,444,9,0,0,0,0,453,0,ITI,ITI3,11,Marche,Marche,1525271,88858,5.83,0.03
980,2021-02-21,MAR,377,142,235,204,115,57,0,0,1,376,1,ITI,ITI3,11,Marche,Marche,1525271,89235,5.85,0.02
981,2021-02-12,MAR,1583,618,965,815,680,88,0,0,0,1431,152,ITI,ITI3,11,Marche,Marche,1525271,90818,5.95,0.1
982,2021-01-25,MAR,1596,559,1037,1426,114,56,0,0,0,97,1499,ITI,ITI3,11,Marche,Marche,1525271,92414,6.06,0.1
983,2021-01-07,MAR,1802,633,1169,1480,322,0,0,0,0,1802,0,ITI,ITI3,11,Marche,Marche,1525271,94216,6.18,0.12
984,2021-02-28,MAR,2837,1250,1587,19,18,0,2796,2,2,2831,6,ITI,ITI3,11,Marche,Marche,1525271,97053,6.36,0.19
985,2021-02-27,MAR,3373,1440,1933,186,172,161,2847,6,1,3164,209,ITI,ITI3,11,Marche,Marche,1525271,100426,6.58,0.22
986,2021-01-06,MAR,2181,792,1389,1738,296,147,0,0,0,2181,0,ITI,ITI3,11,Marche,Marche,1525271,102607,6.73,0.14
987,2021-03-14,MAR,2513,1034,1479,442,80,0,1533,2,456,1915,598,ITI,ITI3,11,Marche,Marche,1525271,105120,6.89,0.16
988,2021-02-23,MAR,3274,1400,1874,219,137,116,2794,8,0,3218,56,ITI,ITI3,11,Marche,Marche,1525271,108394,7.11,0.21
989,2021-03-05,MAR,6023,2735,3288,1127,796,143,2373,782,802,4556,1467,ITI,ITI3,11,Marche,Marche,1525271,114417,7.5,0.39
990,2021-01-22,MAR,487,167,320,315,85,87,0,0,0,194,293,ITI,ITI3,11,Marche,Marche,1525271,114904,7.53,0.03
991,2021-03-03,MAR,6690,3033,3657,818,818,254,3132,885,783,5809,881,ITI,ITI3,11,Marche,Marche,1525271,121594,7.97,0.44
992,2021-01-24,MAR,891,342,549,772,119,0,0,0,0,17,874,ITI,ITI3,11,Marche,Marche,1525271,122485,8.03,0.06
993,2021-03-13,MAR,5612,2506,3106,664,373,57,4248,133,137,1651,3961,ITI,ITI3,11,Marche,Marche,1525271,128097,8.4,0.37
994,2021-01-26,MAR,2016,746,1270,1736,194,86,0,0,0,92,1924,ITI,ITI3,11,Marche,Marche,1525271,130113,8.53,0.13
995,2020-12-31,MAR,383,178,205,370,13,0,0,0,0,383,0,ITI,ITI3,11,Marche,Marche,1525271,130496,8.56,0.03
996,2021-03-04,MAR,6480,2855,3625,1064,920,106,2798,824,768,5086,1394,ITI,ITI3,11,Marche,Marche,1525271,136976,8.98,0.42
997,2021-02-14,MAR,738,301,437,578,160,0,0,0,0,738,0,ITI,ITI3,11,Marche,Marche,1525271,137714,9.03,0.05
998,2021-02-16,MAR,1292,475,817,737,463,92,0,0,0,1262,30,ITI,ITI3,11,Marche,Marche,1525271,139006,9.11,0.08
999,2021-01-23,MAR,557,190,367,440,54,63,0,0,0,123,434,ITI,ITI3,11,Marche,Marche,1525271,139563,9.15,0.04
1000,2021-02-13,MAR,1064,455,609,457,517,90,0,0,0,1012,52,ITI,ITI3,11,Marche,Marche,1525271,140627,9.22,0.07
1001,2021-01-28,MAR,1973,659,1314,1581,291,101,0,0,0,167,1806,ITI,ITI3,11,Marche,Marche,1525271,142600,9.35,0.13
1002,2021-01-30,MAR,1907,668,1239,1566,341,0,0,0,0,29,1878,ITI,ITI3,11,Marche,Marche,1525271,144507,9.47,0.13
1003,2021-01-11,MAR,1176,411,765,1021,155,0,0,0,0,1176,0,ITI,ITI3,11,Marche,Marche,1525271,145683,9.55,0.08
1004,2021-03-08,MAR,6165,2659,3506,768,535,219,3096,533,1014,5163,1002,ITI,ITI3,11,Marche,Marche,1525271,151848,9.96,0.4
1005,2021-02-01,MAR,1365,480,885,1057,227,81,0,0,0,98,1267,ITI,ITI3,11,Marche,Marche,1525271,153213,10.04,0.09
1006,2021-01-29,MAR,1991,730,1261,1479,438,74,0,0,0,168,1823,ITI,ITI3,11,Marche,Marche,1525271,155204,10.18,0.13
1007,2021-02-25,MAR,3562,1446,2116,432,213,423,2490,3,1,3383,179,ITI,ITI3,11,Marche,Marche,1525271,158766,10.41,0.23
1008,2020-12-27,MAR,200,97,103,184,12,4,0,0,0,200,0,ITI,ITI3,11,Marche,Marche,1525271,158966,10.42,0.01
1009,2021-02-10,MAR,1439,452,987,881,343,215,0,0,0,1080,359,ITI,ITI3,11,Marche,Marche,1525271,160405,10.52,0.09
1010,2021-01-31,MAR,1927,772,1155,1532,395,0,0,0,0,105,1822,ITI,ITI3,11,Marche,Marche,1525271,162332,10.64,0.13
1011,2021-01-14,MAR,2010,692,1318,1112,600,298,0,0,0,2010,0,ITI,ITI3,11,Marche,Marche,1525271,164342,10.77,0.13
1012,2021-02-17,MAR,1791,664,1127,968,522,300,1,0,0,1672,119,ITI,ITI3,11,Marche,Marche,1525271,166133,10.89,0.12
1013,2021-02-26,MAR,3569,1493,2076,446,231,330,2519,4,39,3093,476,ITI,ITI3,11,Marche,Marche,1525271,169702,11.13,0.23
1014,2021-01-12,MAR,1226,413,813,912,264,50,0,0,0,1226,0,ITI,ITI3,11,Marche,Marche,1525271,170928,11.21,0.08
1015,2021-03-07,MAR,5183,2108,3075,607,357,0,3007,316,896,4430,753,ITI,ITI3,11,Marche,Marche,1525271,176111,11.55,0.34
1016,2021-03-11,MAR,6775,2903,3872,1094,910,38,3227,358,1148,5404,1371,ITI,ITI3,11,Marche,Marche,1525271,182886,11.99,0.44
1017,2021-01-19,MAR,225,81,144,120,20,85,0,0,0,141,84,ITI,ITI3,11,Marche,Marche,1525271,183111,12.01,0.01
1018,2021-03-08,FVG,3872,1528,2344,683,538,7,2169,39,436,1816,2056,ITH,ITH4,6,Friuli-Venezia Giulia,Friuli Venezia Giulia,1215220,3872,0.32,0.32
1019,2021-02-12,FVG,1200,428,772,674,395,128,2,0,1,1150,50,ITH,ITH4,6,Friuli-Venezia Giulia,Friuli Venezia Giulia,1215220,5072,0.42,0.1
1020,2021-01-12,FVG,2257,712,1545,1526,370,361,0,0,0,2257,0,ITH,ITH4,6,Friuli-Venezia Giulia,Friuli Venezia Giulia,1215220,7329,0.6,0.19
1021,2021-03-09,FVG,3855,1589,2266,654,522,195,2001,60,423,1105,2750,ITH,ITH4,6,Friuli-Venezia Giulia,Friuli Venezia Giulia,1215220,11184,0.92,0.32
1022,2021-03-01,FVG,2840,998,1842,82,97,164,1544,4,949,2799,41,ITH,ITH4,6,Friuli-Venezia Giulia,Friuli Venezia Giulia,1215220,14024,1.15,0.23
1023,2021-01-29,FVG,2413,813,1600,1855,321,237,0,0,0,264,2149,ITH,ITH4,6,Friuli-Venezia Giulia,Friuli Venezia Giulia,1215220,16437,1.35,0.2
1024,2021-02-22,FVG,2491,1196,1295,430,326,115,1369,246,5,2073,418,ITH,ITH4,6,Friuli-Venezia Giulia,Friuli Venezia Giulia,1215220,18928,1.56,0.2
1025,2021-02-25,FVG,3062,1600,1462,21,128,189,1551,433,740,3037,25,ITH,ITH4,6,Friuli-Venezia Giulia,Friuli Venezia Giulia,1215220,21990,1.81,0.25
1026,2021-01-20,FVG,750,323,427,719,31,0,0,0,0,12,738,ITH,ITH4,6,Friuli-Venezia Giulia,Friuli Venezia Giulia,1215220,22740,1.87,0.06
1027,2021-01-05,FVG,1679,550,1129,1349,133,197,0,0,0,1679,0,ITH,ITH4,6,Friuli-Venezia Giulia,Friuli Venezia Giulia,1215220,24419,2.01,0.14
1028,2021-01-16,FVG,1231,360,871,771,212,248,0,0,0,1231,0,ITH,ITH4,6,Friuli-Venezia Giulia,Friuli Venezia Giulia,1215220,25650,2.11,0.1
1029,2021-01-09,FVG,2518,841,1677,1519,406,593,0,0,0,2518,0,ITH,ITH4,6,Friuli-Venezia Giulia,Friuli Venezia Giulia,1215220,28168,2.32,0.21
1030,2021-03-16,FVG,1594,659,935,76,104,158,1256,0,0,380,1214,ITH,ITH4,6,Friuli-Venezia Giulia,Friuli Venezia Giulia,1215220,29762,2.45,0.13
1031,2021-02-09,FVG,1848,556,1292,1053,509,286,0,0,0,1559,289,ITH,ITH4,6,Friuli-Venezia Giulia,Friuli Venezia Giulia,1215220,31610,2.6,0.15
1032,2021-02-10,FVG,1352,496,856,745,487,119,0,0,1,1266,86,ITH,ITH4,6,Friuli-Venezia Giulia,Friuli Venezia Giulia,1215220,32962,2.71,0.11
1033,2021-01-26,FVG,1972,647,1325,1439,152,381,0,0,0,214,1758,ITH,ITH4,6,Friuli-Venezia Giulia,Friuli Venezia Giulia,1215220,34934,2.87,0.16
1034,2021-03-10,FVG,3319,1491,1828,297,363,185,1970,309,195,1531,1788,ITH,ITH4,6,Friuli-Venezia Giulia,Friuli Venezia Giulia,1215220,38253,3.15,0.27
1035,2021-01-31,FVG,2713,836,1877,1692,1003,18,0,0,0,385,2328,ITH,ITH4,6,Friuli-Venezia Giulia,Friuli Venezia Giulia,1215220,40966,3.37,0.22
1036,2021-01-28,FVG,2235,792,1443,1754,287,194,0,0,0,354,1881,ITH,ITH4,6,Friuli-Venezia Giulia,Friuli Venezia Giulia,1215220,43201,3.55,0.18
1037,2021-03-11,FVG,3056,1281,1775,235,136,264,1916,100,405,1339,1717,ITH,ITH4,6,Friuli-Venezia Giulia,Friuli Venezia Giulia,1215220,46257,3.81,0.25
1038,2021-01-11,FVG,1882,609,1273,1500,336,46,0,0,0,1882,0,ITH,ITH4,6,Friuli-Venezia Giulia,Friuli Venezia Giulia,1215220,48139,3.96,0.15
1039,2021-03-04,FVG,3396,1571,1825,356,250,88,1811,490,401,2763,633,ITH,ITH4,6,Friuli-Venezia Giulia,Friuli Venezia Giulia,1215220,51535,4.24,0.28
1040,2021-01-07,FVG,2091,718,1373,1759,222,110,0,0,0,2091,0,ITH,ITH4,6,Friuli-Venezia Giulia,Friuli Venezia Giulia,1215220,53626,4.41,0.17
1041,2021-01-08,FVG,2322,747,1575,1680,246,396,0,0,0,2322,0,ITH,ITH4,6,Friuli-Venezia Giulia,Friuli Venezia Giulia,1215220,55948,4.6,0.19
1042,2021-03-03,FVG,3620,1617,2003,748,558,100,1320,469,425,2344,1276,ITH,ITH4,6,Friuli-Venezia Giulia,Friuli Venezia Giulia,1215220,59568,4.9,0.3
1043,2021-03-06,FVG,3487,1192,2295,182,259,1,1561,20,1464,3161,326,ITH,ITH4,6,Friuli-Venezia Giulia,Friuli Venezia Giulia,1215220,63055,5.19,0.29
1044,2021-02-02,FVG,2466,806,1660,1657,393,416,0,0,0,217,2249,ITH,ITH4,6,Friuli-Venezia Giulia,Friuli Venezia Giulia,1215220,65521,5.39,0.2
1045,2020-12-27,FVG,262,149,113,259,3,0,0,0,0,262,0,ITH,ITH4,6,Friuli-Venezia Giulia,Friuli Venezia Giulia,1215220,65783,5.41,0.02
1046,2021-02-06,FVG,1154,338,816,755,208,191,0,0,0,22,1132,ITH,ITH4,6,Friuli-Venezia Giulia,Friuli Venezia Giulia,1215220,66937,5.51,0.09
1047,2021-01-03,FVG,312,122,190,285,26,1,0,0,0,312,0,ITH,ITH4,6,Friuli-Venezia Giulia,Friuli Venezia Giulia,1215220,67249,5.53,0.03
1048,2021-02-05,FVG,2613,784,1829,1612,511,490,0,0,0,90,2523,ITH,ITH4,6,Friuli-Venezia Giulia,Friuli Venezia Giulia,1215220,69862,5.75,0.22
1049,2021-01-30,FVG,2271,744,1527,1475,354,442,0,0,0,270,2001,ITH,ITH4,6,Friuli-Venezia Giulia,Friuli Venezia Giulia,1215220,72133,5.94,0.19
1050,2021-02-03,FVG,2646,790,1856,1701,558,386,1,0,0,23,2623,ITH,ITH4,6,Friuli-Venezia Giulia,Friuli Venezia Giulia,1215220,74779,6.15,0.22
1051,2021-02-08,FVG,2354,693,1661,1399,521,434,0,0,0,91,2263,ITH,ITH4,6,Friuli-Venezia Giulia,Friuli Venezia Giulia,1215220,77133,6.35,0.19
1052,2021-01-17,FVG,1720,524,1196,674,560,486,0,0,0,1720,0,ITH,ITH4,6,Friuli-Venezia Giulia,Friuli Venezia Giulia,1215220,78853,6.49,0.14
1053,2021-02-24,FVG,2515,1082,1433,23,55,310,1830,0,297,2497,18,ITH,ITH4,6,Friuli-Venezia Giulia,Friuli Venezia Giulia,1215220,81368,6.7,0.21
1054,2021-02-28,FVG,2668,988,1680,234,163,0,405,378,1488,2273,395,ITH,ITH4,6,Friuli-Venezia Giulia,Friuli Venezia Giulia,1215220,84036,6.92,0.22
1055,2021-02-21,FVG,799,280,519,213,177,25,383,1,0,422,377,ITH,ITH4,6,Friuli-Venezia Giulia,Friuli Venezia Giulia,1215220,84835,6.98,0.07
1056,2021-02-18,FVG,3209,1487,1722,229,138,331,1499,34,978,2803,406,ITH,ITH4,6,Friuli-Venezia Giulia,Friuli Venezia Giulia,1215220,88044,7.25,0.26
1057,2021-02-19,FVG,3249,1288,1961,564,322,312,1588,35,428,2820,429,ITH,ITH4,6,Friuli-Venezia Giulia,Friuli Venezia Giulia,1215220,91293,7.51,0.27
1058,2021-03-15,FVG,3269,1433,1836,278,278,127,2121,246,219,1345,1924,ITH,ITH4,6,Friuli-Venezia Giulia,Friuli Venezia Giulia,1215220,94562,7.78,0.27
1059,2020-12-31,FVG,1053,384,669,1011,42,0,0,0,0,1053,0,ITH,ITH4,6,Friuli-Venezia Giulia,Friuli Venezia Giulia,1215220,95615,7.87,0.09
1060,2021-01-04,FVG,1510,559,951,1392,118,0,0,0,0,1510,0,ITH,ITH4,6,Friuli-Venezia Giulia,Friuli Venezia Giulia,1215220,97125,7.99,0.12
1061,2021-02-07,FVG,1561,483,1078,866,693,2,0,0,0,386,1175,ITH,ITH4,6,Friuli-Venezia Giulia,Friuli Venezia Giulia,1215220,98686,8.12,0.13
1062,2020-12-30,FVG,630,246,384,601,29,0,0,0,0,630,0,ITH,ITH4,6,Friuli-Venezia Giulia,Friuli Venezia Giulia,1215220,99316,8.17,0.05
1063,2021-01-24,FVG,305,119,186,277,27,1,0,0,0,1,304,ITH,ITH4,6,Friuli-Venezia Giulia,Friuli Venezia Giulia,1215220,99621,8.2,0.03
1064,2021-01-10,FVG,2941,919,2022,1745,951,245,0,0,0,2941,0,ITH,ITH4,6,Friuli-Venezia Giulia,Friuli Venezia Giulia,1215220,102562,8.44,0.24
1065,2021-01-13,FVG,2651,834,1817,1822,599,230,0,0,0,2651,0,ITH,ITH4,6,Friuli-Venezia Giulia,Friuli Venezia Giulia,1215220,105213,8.66,0.22
1066,2021-02-20,FVG,2068,933,1135,11,19,148,1584,0,306,1924,144,ITH,ITH4,6,Friuli-Venezia Giulia,Friuli Venezia Giulia,1215220,107281,8.83,0.17
1067,2021-03-12,FVG,3873,1525,2348,171,150,26,2840,100,586,2495,1378,ITH,ITH4,6,Friuli-Venezia Giulia,Friuli Venezia Giulia,1215220,111154,9.15,0.32
1068,2021-01-18,FVG,1960,607,1353,1358,492,110,0,0,0,1866,94,ITH,ITH4,6,Friuli-Venezia Giulia,Friuli Venezia Giulia,1215220,113114,9.31,0.16
1069,2021-02-11,FVG,1930,663,1267,1134,568,224,3,1,0,1737,193,ITH,ITH4,6,Friuli-Venezia Giulia,Friuli Venezia Giulia,1215220,115044,9.47,0.16
1070,2021-01-14,FVG,2588,789,1799,1608,550,430,0,0,0,2588,0,ITH,ITH4,6,Friuli-Venezia Giulia,Friuli Venezia Giulia,1215220,117632,9.68,0.21
1071,2021-02-27,FVG,3415,1175,2240,202,171,0,1520,25,1497,3415,0,ITH,ITH4,6,Friuli-Venezia Giulia,Friuli Venezia Giulia,1215220,121047,9.96,0.28
1072,2021-01-02,FVG,1217,471,746,1150,67,0,0,0,0,1217,0,ITH,ITH4,6,Friuli-Venezia Giulia,Friuli Venezia Giulia,1215220,122264,10.06,0.1
1073,2021-02-17,FVG,2348,997,1351,327,193,228,1554,46,0,1870,478,ITH,ITH4,6,Friuli-Venezia Giulia,Friuli Venezia Giulia,1215220,124612,10.25,0.19
1074,2021-03-02,FVG,4214,1515,2699,1163,675,202,1535,5,634,2711,1503,ITH,ITH4,6,Friuli-Venezia Giulia,Friuli Venezia Giulia,1215220,128826,10.6,0.35
1075,2021-02-16,FVG,2515,1134,1381,260,275,221,1759,0,0,2399,116,ITH,ITH4,6,Friuli-Venezia Giulia,Friuli Venezia Giulia,1215220,131341,10.81,0.21
1076,2021-01-23,FVG,816,324,492,768,48,0,0,0,0,4,812,ITH,ITH4,6,Friuli-Venezia Giulia,Friuli Venezia Giulia,1215220,132157,10.88,0.07
1077,2021-03-07,FVG,2535,925,1610,1,158,0,143,452,1781,2534,1,ITH,ITH4,6,Friuli-Venezia Giulia,Friuli Venezia Giulia,1215220,134692,11.08,0.21
1078,2021-01-25,FVG,1582,567,1015,1369,141,72,0,0,0,194,1388,ITH,ITH4,6,Friuli-Venezia Giulia,Friuli Venezia Giulia,1215220,136274,11.21,0.13
1079,2021-01-21,FVG,894,345,549,863,31,0,0,0,0,1,893,ITH,ITH4,6,Friuli-Venezia Giulia,Friuli Venezia Giulia,1215220,137168,11.29,0.07
1080,2021-02-23,FVG,2614,1251,1363,105,105,206,1943,254,1,2436,178,ITH,ITH4,6,Friuli-Venezia Giulia,Friuli Venezia Giulia,1215220,139782,11.5,0.22
1081,2021-02-26,FVG,3716,2087,1629,75,140,433,1737,1032,299,3570,146,ITH,ITH4,6,Friuli-Venezia Giulia,Friuli Venezia Giulia,1215220,143498,11.81,0.31
1082,2021-03-05,FVG,3615,1426,2189,1043,684,33,1668,43,144,2581,1034,ITH,ITH4,6,Friuli-Venezia Giulia,Friuli Venezia Giulia,1215220,147113,12.11,0.3
1083,2021-02-15,FVG,2451,909,1542,698,405,314,1034,0,0,2201,250,ITH,ITH4,6,Friuli-Venezia Giulia,Friuli Venezia Giulia,1215220,149564,12.31,0.2
1084,2021-03-13,FVG,2789,1080,1709,10,14,86,2053,37,589,1519,1270,ITH,ITH4,6,Friuli-Venezia Giulia,Friuli Venezia Giulia,1215220,152353,12.54,0.23
1085,2021-03-14,FVG,1156,497,659,0,8,0,243,323,582,908,248,ITH,ITH4,6,Friuli-Venezia Giulia,Friuli Venezia Giulia,1215220,153509,12.63,0.1
1086,2021-01-19,FVG,7,2,5,5,0,2,0,0,0,7,0,ITH,ITH4,6,Friuli-Venezia Giulia,Friuli Venezia Giulia,1215220,153516,12.63,0.0
1087,2021-01-15,FVG,2028,606,1422,1283,370,375,0,0,0,2028,0,ITH,ITH4,6,Friuli-Venezia Giulia,Friuli Venezia Giulia,1215220,155544,12.8,0.17
1088,2021-02-04,FVG,2731,807,1924,1723,543,465,0,0,0,36,2695,ITH,ITH4,6,Friuli-Venezia Giulia,Friuli Venezia Giulia,1215220,158275,13.02,0.22
1089,2021-01-06,FVG,709,264,445,514,195,0,0,0,0,709,0,ITH,ITH4,6,Friuli-Venezia Giulia,Friuli Venezia Giulia,1215220,158984,13.08,0.06
1090,2021-01-22,FVG,90,30,60,89,1,0,0,0,0,0,90,ITH,ITH4,6,Friuli-Venezia Giulia,Friuli Venezia Giulia,1215220,159074,13.09,0.01
1091,2021-01-27,FVG,1269,425,844,849,356,64,0,0,0,447,822,ITH,ITH4,6,Friuli-Venezia Giulia,Friuli Venezia Giulia,1215220,160343,13.19,0.1
1092,2021-02-13,FVG,562,175,387,334,228,0,0,0,0,556,6,ITH,ITH4,6,Friuli-Venezia Giulia,Friuli Venezia Giulia,1215220,160905,13.24,0.05
1093,2021-02-01,FVG,2093,687,1406,1587,371,135,0,0,0,14,2079,ITH,ITH4,6,Friuli-Venezia Giulia,Friuli Venezia Giulia,1215220,162998,13.41,0.17
1094,2021-03-01,ABR,3485,1390,2095,697,293,174,1911,128,282,2722,763,ITF,ITF1,13,Abruzzo,Abruzzo,1304970,3485,0.27,0.27
1095,2021-03-08,ABR,5127,1669,3458,1190,507,112,1019,104,2195,4153,974,ITF,ITF1,13,Abruzzo,Abruzzo,1304970,8612,0.66,0.39
1096,2020-12-27,ABR,37,19,18,34,1,2,0,0,0,37,0,ITF,ITF1,13,Abruzzo,Abruzzo,1304970,8649,0.66,0.0
1097,2021-02-24,ABR,3302,1439,1863,391,340,247,1967,226,131,3126,176,ITF,ITF1,13,Abruzzo,Abruzzo,1304970,11951,0.92,0.25
1098,2021-01-29,ABR,1386,449,937,1290,96,0,0,0,0,74,1312,ITF,ITF1,13,Abruzzo,Abruzzo,1304970,13337,1.02,0.11
1099,2021-02-17,ABR,2076,951,1125,512,241,394,718,210,1,1793,283,ITF,ITF1,13,Abruzzo,Abruzzo,1304970,15413,1.18,0.16
1100,2021-03-04,ABR,5936,2358,3578,1170,535,93,2992,328,818,5015,921,ITF,ITF1,13,Abruzzo,Abruzzo,1304970,21349,1.64,0.45
1101,2021-01-24,ABR,50,22,28,49,1,0,0,0,0,6,44,ITF,ITF1,13,Abruzzo,Abruzzo,1304970,21399,1.64,0.0
1102,2021-01-31,ABR,1502,488,1014,1154,245,103,0,0,0,287,1215,ITF,ITF1,13,Abruzzo,Abruzzo,1304970,22901,1.75,0.12
1103,2021-01-04,ABR,1401,575,826,1396,5,0,0,0,0,1401,0,ITF,ITF1,13,Abruzzo,Abruzzo,1304970,24302,1.86,0.11
1104,2021-03-11,ABR,5422,2186,3236,1322,558,241,1539,199,1563,4283,1139,ITF,ITF1,13,Abruzzo,Abruzzo,1304970,29724,2.28,0.42
1105,2021-02-05,ABR,1535,520,1015,1188,241,106,0,0,0,788,747,ITF,ITF1,13,Abruzzo,Abruzzo,1304970,31259,2.4,0.12
1106,2021-01-30,ABR,1509,566,943,1348,114,47,0,0,0,69,1440,ITF,ITF1,13,Abruzzo,Abruzzo,1304970,32768,2.51,0.12
1107,2021-03-14,ABR,1883,731,1152,8,150,0,1476,0,249,1216,667,ITF,ITF1,13,Abruzzo,Abruzzo,1304970,34651,2.66,0.14
1108,2021-01-10,ABR,1139,409,730,1091,48,0,0,0,0,1139,0,ITF,ITF1,13,Abruzzo,Abruzzo,1304970,35790,2.74,0.09
1109,2021-02-20,ABR,4781,1842,2939,310,569,192,1417,406,1887,4705,76,ITF,ITF1,13,Abruzzo,Abruzzo,1304970,40571,3.11,0.37
1110,2021-01-06,ABR,1830,664,1166,1546,151,133,0,0,0,1830,0,ITF,ITF1,13,Abruzzo,Abruzzo,1304970,42401,3.25,0.14
1111,2021-03-02,ABR,3963,1676,2287,934,439,53,1856,276,405,3279,684,ITF,ITF1,13,Abruzzo,Abruzzo,1304970,46364,3.55,0.3
1112,2021-01-11,ABR,1551,557,994,1337,166,48,0,0,0,1551,0,ITF,ITF1,13,Abruzzo,Abruzzo,1304970,47915,3.67,0.12
1113,2021-02-15,ABR,1796,831,965,625,487,221,217,246,0,1754,42,ITF,ITF1,13,Abruzzo,Abruzzo,1304970,49711,3.81,0.14
1114,2021-03-13,ABR,4124,1420,2704,518,988,137,1401,23,1057,3081,1043,ITF,ITF1,13,Abruzzo,Abruzzo,1304970,53835,4.13,0.32
1115,2021-03-12,ABR,6021,1988,4033,1005,875,135,1700,117,2189,4438,1583,ITF,ITF1,13,Abruzzo,Abruzzo,1304970,59856,4.59,0.46
1116,2021-01-16,ABR,927,428,499,710,202,15,0,0,0,927,0,ITF,ITF1,13,Abruzzo,Abruzzo,1304970,60783,4.66,0.07
1117,2021-03-03,ABR,4627,1881,2746,1222,583,36,1585,346,855,3721,906,ITF,ITF1,13,Abruzzo,Abruzzo,1304970,65410,5.01,0.35
1118,2021-02-23,ABR,2784,1274,1510,324,423,215,1436,286,100,2773,11,ITF,ITF1,13,Abruzzo,Abruzzo,1304970,68194,5.23,0.21
1119,2021-03-10,ABR,4948,1640,3308,735,455,242,1518,127,1871,3992,956,ITF,ITF1,13,Abruzzo,Abruzzo,1304970,73142,5.6,0.38
1120,2021-01-03,ABR,471,185,286,464,7,0,0,0,0,471,0,ITF,ITF1,13,Abruzzo,Abruzzo,1304970,73613,5.64,0.04
1121,2021-03-15,ABR,3514,1376,2138,655,569,78,1962,41,209,1701,1813,ITF,ITF1,13,Abruzzo,Abruzzo,1304970,77127,5.91,0.27
1122,2021-03-05,ABR,5261,1937,3324,561,457,107,2582,202,1352,4564,697,ITF,ITF1,13,Abruzzo,Abruzzo,1304970,82388,6.31,0.4
1123,2021-02-26,ABR,3919,1671,2248,1025,565,160,1650,257,262,2950,969,ITF,ITF1,13,Abruzzo,Abruzzo,1304970,86307,6.61,0.3
1124,2021-01-12,ABR,1804,666,1138,1470,334,0,0,0,0,1804,0,ITF,ITF1,13,Abruzzo,Abruzzo,1304970,88111,6.75,0.14
1125,2021-02-12,ABR,968,319,649,438,220,310,0,0,0,779,189,ITF,ITF1,13,Abruzzo,Abruzzo,1304970,89079,6.83,0.07
1126,2021-03-06,ABR,4174,1354,2820,432,368,52,1748,15,1559,3604,570,ITF,ITF1,13,Abruzzo,Abruzzo,1304970,93253,7.15,0.32
1127,2021-01-25,ABR,1604,633,971,1584,20,0,0,0,0,20,1584,ITF,ITF1,13,Abruzzo,Abruzzo,1304970,94857,7.27,0.12
1128,2021-02-27,ABR,2809,1337,1472,253,185,123,732,642,874,2543,266,ITF,ITF1,13,Abruzzo,Abruzzo,1304970,97666,7.48,0.22
1129,2021-01-20,ABR,447,156,291,147,96,204,0,0,0,445,2,ITF,ITF1,13,Abruzzo,Abruzzo,1304970,98113,7.52,0.03
1130,2021-02-21,ABR,1220,551,669,2,4,3,1209,2,0,1219,1,ITF,ITF1,13,Abruzzo,Abruzzo,1304970,99333,7.61,0.09
1131,2021-02-03,ABR,2061,717,1344,1541,402,118,0,0,0,419,1642,ITF,ITF1,13,Abruzzo,Abruzzo,1304970,101394,7.77,0.16
1132,2021-01-28,ABR,1433,495,938,1370,62,1,0,0,0,12,1421,ITF,ITF1,13,Abruzzo,Abruzzo,1304970,102827,7.88,0.11
1133,2021-01-17,ABR,187,59,128,136,51,0,0,0,0,180,7,ITF,ITF1,13,Abruzzo,Abruzzo,1304970,103014,7.89,0.01
1134,2021-02-28,ABR,1705,510,1195,23,34,0,79,149,1420,1703,2,ITF,ITF1,13,Abruzzo,Abruzzo,1304970,104719,8.02,0.13
1135,2021-01-13,ABR,1253,440,813,1103,150,0,0,0,0,1253,0,ITF,ITF1,13,Abruzzo,Abruzzo,1304970,105972,8.12,0.1
1136,2021-01-22,ABR,118,57,61,2,4,112,0,0,0,118,0,ITF,ITF1,13,Abruzzo,Abruzzo,1304970,106090,8.13,0.01
1137,2021-02-13,ABR,845,383,462,549,224,72,0,0,0,437,408,ITF,ITF1,13,Abruzzo,Abruzzo,1304970,106935,8.19,0.06
1138,2021-01-14,ABR,530,189,341,364,166,0,0,0,0,530,0,ITF,ITF1,13,Abruzzo,Abruzzo,1304970,107465,8.24,0.04
1139,2021-01-23,ABR,263,114,149,223,14,26,0,0,0,57,206,ITF,ITF1,13,Abruzzo,Abruzzo,1304970,107728,8.26,0.02
1140,2021-02-09,ABR,908,311,597,612,165,131,0,0,0,499,409,ITF,ITF1,13,Abruzzo,Abruzzo,1304970,108636,8.32,0.07
1141,2021-02-04,ABR,1681,616,1065,1168,456,57,0,0,0,609,1072,ITF,ITF1,13,Abruzzo,Abruzzo,1304970,110317,8.45,0.13
1142,2021-02-25,ABR,3086,1347,1739,615,557,18,1508,262,126,2558,528,ITF,ITF1,13,Abruzzo,Abruzzo,1304970,113403,8.69,0.24
1143,2021-01-26,ABR,1542,567,975,1513,29,0,0,0,0,29,1513,ITF,ITF1,13,Abruzzo,Abruzzo,1304970,114945,8.81,0.12
1144,2021-02-10,ABR,948,313,635,622,210,116,0,0,0,504,444,ITF,ITF1,13,Abruzzo,Abruzzo,1304970,115893,8.88,0.07
1145,2021-02-18,ABR,2291,934,1357,670,380,416,610,215,0,2161,130,ITF,ITF1,13,Abruzzo,Abruzzo,1304970,118184,9.06,0.18
1146,2021-01-09,ABR,1483,565,918,1430,53,0,0,0,0,1483,0,ITF,ITF1,13,Abruzzo,Abruzzo,1304970,119667,9.17,0.11
1147,2021-01-08,ABR,1525,507,1018,1487,38,0,0,0,0,1525,0,ITF,ITF1,13,Abruzzo,Abruzzo,1304970,121192,9.29,0.12
1148,2021-02-19,ABR,3301,1552,1749,990,433,371,1111,388,8,3201,100,ITF,ITF1,13,Abruzzo,Abruzzo,1304970,124493,9.54,0.25
1149,2021-01-07,ABR,1603,552,1051,1566,37,0,0,0,0,1603,0,ITF,ITF1,13,Abruzzo,Abruzzo,1304970,126096,9.66,0.12
1150,2021-02-16,ABR,1978,869,1109,841,513,139,410,75,0,1966,12,ITF,ITF1,13,Abruzzo,Abruzzo,1304970,128074,9.81,0.15
1151,2021-02-01,ABR,1632,573,1059,1384,247,1,0,0,0,271,1361,ITF,ITF1,13,Abruzzo,Abruzzo,1304970,129706,9.94,0.13
1152,2021-01-05,ABR,1614,604,1010,1604,10,0,0,0,0,1614,0,ITF,ITF1,13,Abruzzo,Abruzzo,1304970,131320,10.06,0.12
1153,2021-01-18,ABR,122,48,74,106,14,2,0,0,0,46,76,ITF,ITF1,13,Abruzzo,Abruzzo,1304970,131442,10.07,0.01
1154,2021-01-15,ABR,379,149,230,223,121,35,0,0,0,379,0,ITF,ITF1,13,Abruzzo,Abruzzo,1304970,131821,10.1,0.03
1155,2021-02-08,ABR,1201,398,803,710,227,264,0,0,0,491,710,ITF,ITF1,13,Abruzzo,Abruzzo,1304970,133022,10.19,0.09
1156,2021-01-19,ABR,111,55,56,27,34,50,0,0,0,91,20,ITF,ITF1,13,Abruzzo,Abruzzo,1304970,133133,10.2,0.01
1157,2021-01-27,ABR,1364,515,849,1301,63,0,0,0,0,39,1325,ITF,ITF1,13,Abruzzo,Abruzzo,1304970,134497,10.31,0.1
1158,2021-03-09,ABR,5169,1795,3374,987,528,84,1320,204,2046,4230,939,ITF,ITF1,13,Abruzzo,Abruzzo,1304970,139666,10.7,0.4
1159,2021-02-02,ABR,1798,677,1121,1243,413,142,0,0,0,241,1557,ITF,ITF1,13,Abruzzo,Abruzzo,1304970,141464,10.84,0.14
1160,2021-01-21,ABR,157,47,110,10,6,141,0,0,0,157,0,ITF,ITF1,13,Abruzzo,Abruzzo,1304970,141621,10.85,0.01
1161,2021-02-07,ABR,777,307,470,646,130,1,0,0,0,201,576,ITF,ITF1,13,Abruzzo,Abruzzo,1304970,142398,10.91,0.06
1162,2021-01-02,ABR,548,218,330,540,8,0,0,0,0,548,0,ITF,ITF1,13,Abruzzo,Abruzzo,1304970,142946,10.95,0.04
1163,2021-02-06,ABR,1611,742,869,1168,371,72,0,0,0,602,1009,ITF,ITF1,13,Abruzzo,Abruzzo,1304970,144557,11.08,0.12
1164,2021-03-07,ABR,2523,630,1893,28,210,0,461,1,1823,2523,0,ITF,ITF1,13,Abruzzo,Abruzzo,1304970,147080,11.27,0.19
1165,2021-02-22,ABR,2644,1175,1469,477,357,46,1094,419,251,2614,30,ITF,ITF1,13,Abruzzo,Abruzzo,1304970,149724,11.47,0.2
1166,2021-02-11,ABR,816,262,554,473,189,154,0,0,0,773,43,ITF,ITF1,13,Abruzzo,Abruzzo,1304970,150540,11.54,0.06
1167,2021-03-16,ABR,2272,940,1332,226,130,168,1735,6,7,1084,1188,ITF,ITF1,13,Abruzzo,Abruzzo,1304970,152812,11.71,0.17
1168,2021-03-10,PAT,2321,898,1423,346,75,25,1368,220,287,1382,939,ITH,ITH2,4,Provincia Autonoma Trento,P.A. Trento,541380,2321,0.43,0.43
1169,2021-01-01,PAT,206,48,158,109,11,86,0,0,0,206,0,ITH,ITH2,4,Provincia Autonoma Trento,P.A. Trento,541380,2527,0.47,0.04
1170,2021-01-12,PAT,501,158,343,413,29,59,0,0,0,501,0,ITH,ITH2,4,Provincia Autonoma Trento,P.A. Trento,541380,3028,0.56,0.09
1171,2021-03-09,PAT,1516,567,949,95,63,28,1058,81,191,881,635,ITH,ITH2,4,Provincia Autonoma Trento,P.A. Trento,541380,4544,0.84,0.28
1172,2021-02-11,PAT,1130,364,766,331,16,48,735,0,0,796,334,ITH,ITH2,4,Provincia Autonoma Trento,P.A. Trento,541380,5674,1.05,0.21
1173,2021-01-23,PAT,570,330,240,480,2,88,0,0,0,384,186,ITH,ITH2,4,Provincia Autonoma Trento,P.A. Trento,541380,6244,1.15,0.11
1174,2021-02-26,PAT,1207,432,775,249,23,19,810,1,105,883,324,ITH,ITH2,4,Provincia Autonoma Trento,P.A. Trento,541380,7451,1.38,0.22
1175,2021-03-02,PAT,1274,429,845,130,42,53,905,0,144,884,390,ITH,ITH2,4,Provincia Autonoma Trento,P.A. Trento,541380,8725,1.61,0.24
1176,2021-01-08,PAT,1442,312,1130,764,152,526,0,0,0,1442,0,ITH,ITH2,4,Provincia Autonoma Trento,P.A. Trento,541380,10167,1.88,0.27
1177,2021-03-01,PAT,1235,453,782,74,18,10,1035,3,95,937,298,ITH,ITH2,4,Provincia Autonoma Trento,P.A. Trento,541380,11402,2.11,0.23
1178,2021-02-09,PAT,913,287,626,446,13,73,381,0,0,441,472,ITH,ITH2,4,Provincia Autonoma Trento,P.A. Trento,541380,12315,2.27,0.17
1179,2021-03-06,PAT,732,256,476,324,17,0,194,5,192,580,152,ITH,ITH2,4,Provincia Autonoma Trento,P.A. Trento,541380,13047,2.41,0.14
1180,2021-02-19,PAT,891,344,547,168,52,70,572,1,28,833,58,ITH,ITH2,4,Provincia Autonoma Trento,P.A. Trento,541380,13938,2.57,0.16
1181,2021-01-28,PAT,530,147,383,390,33,107,0,0,0,48,482,ITH,ITH2,4,Provincia Autonoma Trento,P.A. Trento,541380,14468,2.67,0.1
1182,2021-01-19,PAT,403,77,326,363,4,36,0,0,0,403,0,ITH,ITH2,4,Provincia Autonoma Trento,P.A. Trento,541380,14871,2.75,0.07
1183,2021-02-03,PAT,845,313,532,354,25,73,393,0,0,414,431,ITH,ITH2,4,Provincia Autonoma Trento,P.A. Trento,541380,15716,2.9,0.16
1184,2021-01-16,PAT,318,147,171,303,1,14,0,0,0,318,0,ITH,ITH2,4,Provincia Autonoma Trento,P.A. Trento,541380,16034,2.96,0.06
1185,2021-02-22,PAT,744,259,485,118,11,70,500,0,45,659,85,ITH,ITH2,4,Provincia Autonoma Trento,P.A. Trento,541380,16778,3.1,0.14
1186,2021-02-18,PAT,1196,422,774,300,30,35,773,3,55,1133,63,ITH,ITH2,4,Provincia Autonoma Trento,P.A. Trento,541380,17974,3.32,0.22
1187,2020-12-30,PAT,6,2,4,4,1,1,0,0,0,6,0,ITH,ITH2,4,Provincia Autonoma Trento,P.A. Trento,541380,17980,3.32,0.0
1188,2020-12-27,PAT,103,40,63,76,6,21,0,0,0,103,0,ITH,ITH2,4,Provincia Autonoma Trento,P.A. Trento,541380,18083,3.34,0.02
1189,2021-01-15,PAT,592,130,462,460,21,111,0,0,0,592,0,ITH,ITH2,4,Provincia Autonoma Trento,P.A. Trento,541380,18675,3.45,0.11
1190,2021-02-24,PAT,1302,518,784,236,10,28,961,1,66,907,395,ITH,ITH2,4,Provincia Autonoma Trento,P.A. Trento,541380,19977,3.69,0.24
1191,2021-01-22,PAT,1628,422,1206,874,128,623,0,0,3,316,1312,ITH,ITH2,4,Provincia Autonoma Trento,P.A. Trento,541380,21605,3.99,0.3
1192,2021-02-16,PAT,663,244,419,73,14,3,563,0,10,658,5,ITH,ITH2,4,Provincia Autonoma Trento,P.A. Trento,541380,22268,4.11,0.12
1193,2021-03-08,PAT,1375,428,947,65,45,0,982,7,276,1015,360,ITH,ITH2,4,Provincia Autonoma Trento,P.A. Trento,541380,23643,4.37,0.25
1194,2021-01-09,PAT,184,40,144,139,14,31,0,0,0,184,0,ITH,ITH2,4,Provincia Autonoma Trento,P.A. Trento,541380,23827,4.4,0.03
1195,2021-03-11,PAT,2220,825,1395,98,163,41,1492,59,367,1367,853,ITH,ITH2,4,Provincia Autonoma Trento,P.A. Trento,541380,26047,4.81,0.41
1196,2021-02-13,PAT,536,333,203,373,5,0,158,0,0,171,365,ITH,ITH2,4,Provincia Autonoma Trento,P.A. Trento,541380,26583,4.91,0.1
1197,2020-12-31,PAT,1598,440,1158,819,109,670,0,0,0,1598,0,ITH,ITH2,4,Provincia Autonoma Trento,P.A. Trento,541380,28181,5.21,0.3
1198,2021-01-18,PAT,640,154,486,527,40,73,0,0,0,586,54,ITH,ITH2,4,Provincia Autonoma Trento,P.A. Trento,541380,28821,5.32,0.12
1199,2021-02-15,PAT,530,186,344,144,28,27,320,0,11,417,113,ITH,ITH2,4,Provincia Autonoma Trento,P.A. Trento,541380,29351,5.42,0.1
1200,2021-01-06,PAT,42,13,29,42,0,0,0,0,0,42,0,ITH,ITH2,4,Provincia Autonoma Trento,P.A. Trento,541380,29393,5.43,0.01
1201,2021-03-03,PAT,1625,612,1013,71,29,58,1247,19,201,1069,556,ITH,ITH2,4,Provincia Autonoma Trento,P.A. Trento,541380,31018,5.73,0.3
1202,2021-01-13,PAT,420,123,297,391,6,23,0,0,0,420,0,ITH,ITH2,4,Provincia Autonoma Trento,P.A. Trento,541380,31438,5.81,0.08
1203,2021-02-23,PAT,1086,389,697,272,15,17,731,3,48,875,211,ITH,ITH2,4,Provincia Autonoma Trento,P.A. Trento,541380,32524,6.01,0.2
1204,2021-01-05,PAT,707,231,476,494,52,161,0,0,0,707,0,ITH,ITH2,4,Provincia Autonoma Trento,P.A. Trento,541380,33231,6.14,0.13
1205,2021-01-14,PAT,696,201,495,477,11,208,0,0,0,696,0,ITH,ITH2,4,Provincia Autonoma Trento,P.A. Trento,541380,33927,6.27,0.13
1206,2021-01-30,PAT,383,130,253,345,7,31,0,0,0,151,232,ITH,ITH2,4,Provincia Autonoma Trento,P.A. Trento,541380,34310,6.34,0.07
1207,2021-03-05,PAT,2179,685,1494,125,130,101,902,157,764,1582,597,ITH,ITH2,4,Provincia Autonoma Trento,P.A. Trento,541380,36489,6.74,0.4
1208,2021-03-15,PAT,1282,496,786,52,474,6,535,54,161,852,430,ITH,ITH2,4,Provincia Autonoma Trento,P.A. Trento,541380,37771,6.98,0.24
1209,2021-02-02,PAT,889,237,652,507,47,171,164,0,0,190,699,ITH,ITH2,4,Provincia Autonoma Trento,P.A. Trento,541380,38660,7.14,0.16
1210,2021-01-20,PAT,288,71,217,229,11,48,0,0,0,276,12,ITH,ITH2,4,Provincia Autonoma Trento,P.A. Trento,541380,38948,7.19,0.05
1211,2021-01-02,PAT,498,142,356,334,25,139,0,0,0,498,0,ITH,ITH2,4,Provincia Autonoma Trento,P.A. Trento,541380,39446,7.29,0.09
1212,2021-01-11,PAT,724,220,504,516,58,150,0,0,0,724,0,ITH,ITH2,4,Provincia Autonoma Trento,P.A. Trento,541380,40170,7.42,0.13
1213,2021-02-12,PAT,1009,340,669,335,68,55,551,0,0,588,421,ITH,ITH2,4,Provincia Autonoma Trento,P.A. Trento,541380,41179,7.61,0.19
1214,2021-01-27,PAT,734,257,477,395,34,304,1,0,0,73,661,ITH,ITH2,4,Provincia Autonoma Trento,P.A. Trento,541380,41913,7.74,0.14
1215,2021-01-29,PAT,1349,331,1018,722,86,541,0,0,0,54,1295,ITH,ITH2,4,Provincia Autonoma Trento,P.A. Trento,541380,43262,7.99,0.25
1216,2021-02-05,PAT,802,271,531,467,22,66,247,0,0,283,519,ITH,ITH2,4,Provincia Autonoma Trento,P.A. Trento,541380,44064,8.14,0.15
1217,2021-02-04,PAT,971,303,668,541,17,89,324,0,0,420,551,ITH,ITH2,4,Provincia Autonoma Trento,P.A. Trento,541380,45035,8.32,0.18
1218,2021-01-21,PAT,349,93,256,318,15,16,0,0,0,227,122,ITH,ITH2,4,Provincia Autonoma Trento,P.A. Trento,541380,45384,8.38,0.06
1219,2021-03-04,PAT,2316,776,1540,160,81,23,1688,19,345,1468,848,ITH,ITH2,4,Provincia Autonoma Trento,P.A. Trento,541380,47700,8.81,0.43
1220,2021-01-24,PAT,545,274,271,533,12,0,0,0,0,222,323,ITH,ITH2,4,Provincia Autonoma Trento,P.A. Trento,541380,48245,8.91,0.1
1221,2021-02-20,PAT,404,244,160,329,10,30,1,3,31,121,283,ITH,ITH2,4,Provincia Autonoma Trento,P.A. Trento,541380,48649,8.99,0.07
1222,2021-01-17,PAT,251,195,56,251,0,0,0,0,0,251,0,ITH,ITH2,4,Provincia Autonoma Trento,P.A. Trento,541380,48900,9.03,0.05
1223,2021-02-01,PAT,1218,334,884,766,78,374,0,0,0,92,1126,ITH,ITH2,4,Provincia Autonoma Trento,P.A. Trento,541380,50118,9.26,0.22
1224,2021-03-12,PAT,2370,894,1476,204,345,84,1012,203,522,1593,777,ITH,ITH2,4,Provincia Autonoma Trento,P.A. Trento,541380,52488,9.7,0.44
1225,2021-01-07,PAT,1268,310,958,649,63,556,0,0,0,1268,0,ITH,ITH2,4,Provincia Autonoma Trento,P.A. Trento,541380,53756,9.93,0.23
1226,2021-02-27,PAT,1021,454,567,444,28,0,434,4,111,598,423,ITH,ITH2,4,Provincia Autonoma Trento,P.A. Trento,541380,54777,10.12,0.19
1227,2021-01-25,PAT,774,205,569,482,30,262,0,0,0,23,751,ITH,ITH2,4,Provincia Autonoma Trento,P.A. Trento,541380,55551,10.26,0.14
1228,2021-02-08,PAT,1149,318,831,550,59,237,302,0,1,341,808,ITH,ITH2,4,Provincia Autonoma Trento,P.A. Trento,541380,56700,10.47,0.21
1229,2021-02-28,PAT,242,121,121,231,0,0,0,0,11,242,0,ITH,ITH2,4,Provincia Autonoma Trento,P.A. Trento,541380,56942,10.52,0.04
1230,2021-01-10,PAT,84,19,65,53,19,12,0,0,0,84,0,ITH,ITH2,4,Provincia Autonoma Trento,P.A. Trento,541380,57026,10.53,0.02
1231,2021-02-10,PAT,849,289,560,310,9,51,479,0,0,508,341,ITH,ITH2,4,Provincia Autonoma Trento,P.A. Trento,541380,57875,10.69,0.16
1232,2021-03-14,PAT,107,65,42,102,0,0,0,0,5,20,87,ITH,ITH2,4,Provincia Autonoma Trento,P.A. Trento,541380,57982,10.71,0.02
1233,2021-01-31,PAT,74,15,59,55,13,6,0,0,0,0,74,ITH,ITH2,4,Provincia Autonoma Trento,P.A. Trento,541380,58056,10.72,0.01
1234,2021-02-06,PAT,572,296,276,178,7,0,387,0,0,432,140,ITH,ITH2,4,Provincia Autonoma Trento,P.A. Trento,541380,58628,10.83,0.11
1235,2021-03-13,PAT,812,378,434,184,18,30,39,282,259,763,49,ITH,ITH2,4,Provincia Autonoma Trento,P.A. Trento,541380,59440,10.98,0.15
1236,2021-01-26,PAT,497,138,359,397,16,84,0,0,0,25,472,ITH,ITH2,4,Provincia Autonoma Trento,P.A. Trento,541380,59937,11.07,0.09
1237,2021-03-07,PAT,21,6,15,0,0,0,0,0,21,21,0,ITH,ITH2,4,Provincia Autonoma Trento,P.A. Trento,541380,59958,11.08,0.0
1238,2021-01-03,PAT,483,158,325,409,12,62,0,0,0,483,0,ITH,ITH2,4,Provincia Autonoma Trento,P.A. Trento,541380,60441,11.16,0.09
1239,2021-01-04,PAT,853,223,630,481,49,322,1,0,0,853,0,ITH,ITH2,4,Provincia Autonoma Trento,P.A. Trento,541380,61294,11.32,0.16
1240,2021-02-25,PAT,1582,619,963,120,16,32,1320,1,93,1114,468,ITH,ITH2,4,Provincia Autonoma Trento,P.A. Trento,541380,62876,11.61,0.29
1241,2021-03-16,PAT,1125,432,693,171,57,0,893,0,4,441,684,ITH,ITH2,4,Provincia Autonoma Trento,P.A. Trento,541380,64001,11.82,0.21
1242,2021-02-14,PAT,246,186,60,246,0,0,0,0,0,11,235,ITH,ITH2,4,Provincia Autonoma Trento,P.A. Trento,541380,64247,11.87,0.05
1243,2021-02-21,PAT,155,92,63,154,0,0,0,0,1,43,112,ITH,ITH2,4,Provincia Autonoma Trento,P.A. Trento,541380,64402,11.9,0.03
1244,2021-02-17,PAT,1105,424,681,325,27,35,703,3,12,1013,92,ITH,ITH2,4,Provincia Autonoma Trento,P.A. Trento,541380,65507,12.1,0.2
1245,2021-02-25,PAB,1494,548,946,22,340,0,727,0,405,1493,1,ITH,ITH1,4,Provincia Autonoma Bolzano / Bozen,P.A. Bolzano,533050,1494,0.28,0.28
1246,2021-03-03,PAB,1162,391,771,12,13,6,345,51,735,1149,13,ITH,ITH1,4,Provincia Autonoma Bolzano / Bozen,P.A. Bolzano,533050,2656,0.5,0.22
1247,2021-01-14,PAB,1809,540,1269,477,761,285,286,0,0,1809,0,ITH,ITH1,4,Provincia Autonoma Bolzano / Bozen,P.A. Bolzano,533050,4465,0.84,0.34
1248,2021-03-15,PAB,838,292,546,285,478,13,56,2,4,365,473,ITH,ITH1,4,Provincia Autonoma Bolzano / Bozen,P.A. Bolzano,533050,5303,0.99,0.16
1249,2021-02-02,PAB,1731,500,1231,617,500,605,9,0,0,8,1723,ITH,ITH1,4,Provincia Autonoma Bolzano / Bozen,P.A. Bolzano,533050,7034,1.32,0.32
1250,2021-02-08,PAB,1,1,0,0,1,0,0,0,0,1,0,ITH,ITH1,4,Provincia Autonoma Bolzano / Bozen,P.A. Bolzano,533050,7035,1.32,0.0
1251,2021-01-15,PAB,3027,1119,1908,532,899,336,1260,0,0,3027,0,ITH,ITH1,4,Provincia Autonoma Bolzano / Bozen,P.A. Bolzano,533050,10062,1.89,0.57
1252,2021-03-05,PAB,1756,590,1166,334,386,28,760,9,239,1314,442,ITH,ITH1,4,Provincia Autonoma Bolzano / Bozen,P.A. Bolzano,533050,11818,2.22,0.33
1253,2021-03-14,PAB,754,336,418,130,37,33,553,1,0,25,729,ITH,ITH1,4,Provincia Autonoma Bolzano / Bozen,P.A. Bolzano,533050,12572,2.36,0.14
1254,2021-01-30,PAB,496,244,252,216,179,101,0,0,0,4,492,ITH,ITH1,4,Provincia Autonoma Bolzano / Bozen,P.A. Bolzano,533050,13068,2.45,0.09
1255,2021-02-27,PAB,2454,758,1696,202,128,8,881,3,1232,2445,9,ITH,ITH1,4,Provincia Autonoma Bolzano / Bozen,P.A. Bolzano,533050,15522,2.91,0.46
1256,2021-01-25,PAB,462,177,285,380,80,0,1,0,1,3,459,ITH,ITH1,4,Provincia Autonoma Bolzano / Bozen,P.A. Bolzano,533050,15984,3.0,0.09
1257,2021-01-17,PAB,2270,1025,1245,54,236,19,1961,0,0,2259,11,ITH,ITH1,4,Provincia Autonoma Bolzano / Bozen,P.A. Bolzano,533050,18254,3.42,0.43
1258,2021-02-04,PAB,1876,568,1308,623,620,419,214,0,0,8,1868,ITH,ITH1,4,Provincia Autonoma Bolzano / Bozen,P.A. Bolzano,533050,20130,3.78,0.35
1259,2021-01-23,PAB,195,115,80,183,12,0,0,0,0,0,195,ITH,ITH1,4,Provincia Autonoma Bolzano / Bozen,P.A. Bolzano,533050,20325,3.81,0.04
1260,2021-01-29,PAB,1488,508,980,856,331,295,2,0,4,23,1465,ITH,ITH1,4,Provincia Autonoma Bolzano / Bozen,P.A. Bolzano,533050,21813,4.09,0.28
1261,2021-02-11,PAB,1030,408,622,202,383,102,343,0,0,222,808,ITH,ITH1,4,Provincia Autonoma Bolzano / Bozen,P.A. Bolzano,533050,22843,4.29,0.19
1262,2021-02-10,PAB,1630,602,1028,489,559,1,581,0,0,26,1604,ITH,ITH1,4,Provincia Autonoma Bolzano / Bozen,P.A. Bolzano,533050,24473,4.59,0.31
1263,2021-03-12,PAB,837,386,451,51,342,41,297,57,49,687,150,ITH,ITH1,4,Provincia Autonoma Bolzano / Bozen,P.A. Bolzano,533050,25310,4.75,0.16
1264,2021-02-06,PAB,2299,1025,1274,446,375,6,1471,0,1,18,2281,ITH,ITH1,4,Provincia Autonoma Bolzano / Bozen,P.A. Bolzano,533050,27609,5.18,0.43
1265,2021-02-03,PAB,1445,457,988,615,441,321,68,0,0,5,1440,ITH,ITH1,4,Provincia Autonoma Bolzano / Bozen,P.A. Bolzano,533050,29054,5.45,0.27
1266,2021-02-26,PAB,1367,488,879,51,137,1,846,0,332,1337,30,ITH,ITH1,4,Provincia Autonoma Bolzano / Bozen,P.A. Bolzano,533050,30421,5.71,0.26
1267,2021-03-06,PAB,3945,2068,1877,478,871,7,1953,255,381,3733,212,ITH,ITH1,4,Provincia Autonoma Bolzano / Bozen,P.A. Bolzano,533050,34366,6.45,0.74
1268,2021-03-02,PAB,681,193,488,1,1,0,0,7,672,681,0,ITH,ITH1,4,Provincia Autonoma Bolzano / Bozen,P.A. Bolzano,533050,35047,6.57,0.13
1269,2021-01-11,PAB,1501,476,1025,532,645,174,150,0,0,1501,0,ITH,ITH1,4,Provincia Autonoma Bolzano / Bozen,P.A. Bolzano,533050,36548,6.86,0.28
1270,2020-12-30,PAB,362,168,194,321,41,0,0,0,0,362,0,ITH,ITH1,4,Provincia Autonoma Bolzano / Bozen,P.A. Bolzano,533050,36910,6.92,0.07
1271,2021-01-02,PAB,91,48,43,69,22,0,0,0,0,91,0,ITH,ITH1,4,Provincia Autonoma Bolzano / Bozen,P.A. Bolzano,533050,37001,6.94,0.02
1272,2021-03-04,PAB,1669,988,681,293,598,25,40,452,261,1457,212,ITH,ITH1,4,Provincia Autonoma Bolzano / Bozen,P.A. Bolzano,533050,38670,7.25,0.31
1273,2021-02-22,PAB,520,142,378,338,168,0,4,0,10,510,10,ITH,ITH1,4,Provincia Autonoma Bolzano / Bozen,P.A. Bolzano,533050,39190,7.35,0.1
1274,2021-02-13,PAB,318,79,239,126,184,7,1,0,0,312,6,ITH,ITH1,4,Provincia Autonoma Bolzano / Bozen,P.A. Bolzano,533050,39508,7.41,0.06
1275,2021-02-16,PAB,528,205,323,10,7,0,511,0,0,528,0,ITH,ITH1,4,Provincia Autonoma Bolzano / Bozen,P.A. Bolzano,533050,40036,7.51,0.1
1276,2021-02-18,PAB,1641,401,1240,23,313,20,4,0,1281,1638,3,ITH,ITH1,4,Provincia Autonoma Bolzano / Bozen,P.A. Bolzano,533050,41677,7.82,0.31
1277,2021-01-08,PAB,1488,469,1019,760,466,166,96,0,0,1488,0,ITH,ITH1,4,Provincia Autonoma Bolzano / Bozen,P.A. Bolzano,533050,43165,8.1,0.28
1278,2020-12-31,PAB,867,497,370,440,427,0,0,0,0,867,0,ITH,ITH1,4,Provincia Autonoma Bolzano / Bozen,P.A. Bolzano,533050,44032,8.26,0.16
1279,2021-02-19,PAB,1962,449,1513,121,250,79,7,0,1505,1951,11,ITH,ITH1,4,Provincia Autonoma Bolzano / Bozen,P.A. Bolzano,533050,45994,8.63,0.37
1280,2021-02-07,PAB,2165,975,1190,99,398,1,1667,0,0,12,2153,ITH,ITH1,4,Provincia Autonoma Bolzano / Bozen,P.A. Bolzano,533050,48159,9.03,0.41
1281,2021-01-13,PAB,1317,409,908,368,588,255,106,0,0,1317,0,ITH,ITH1,4,Provincia Autonoma Bolzano / Bozen,P.A. Bolzano,533050,49476,9.28,0.25
1282,2021-01-22,PAB,241,138,103,129,23,85,3,0,1,124,117,ITH,ITH1,4,Provincia Autonoma Bolzano / Bozen,P.A. Bolzano,533050,49717,9.33,0.05
1283,2021-03-13,PAB,2859,1448,1411,165,1313,1,1272,89,19,2758,101,ITH,ITH1,4,Provincia Autonoma Bolzano / Bozen,P.A. Bolzano,533050,52576,9.86,0.54
1284,2021-02-05,PAB,2789,1036,1753,641,677,394,1077,0,0,6,2783,ITH,ITH1,4,Provincia Autonoma Bolzano / Bozen,P.A. Bolzano,533050,55365,10.39,0.52
1285,2021-01-19,PAB,810,349,461,170,65,0,575,0,0,680,130,ITH,ITH1,4,Provincia Autonoma Bolzano / Bozen,P.A. Bolzano,533050,56175,10.54,0.15
1286,2021-01-04,PAB,469,191,278,397,72,0,0,0,0,469,0,ITH,ITH1,4,Provincia Autonoma Bolzano / Bozen,P.A. Bolzano,533050,56644,10.63,0.09
1287,2021-03-11,PAB,1638,802,836,89,551,68,365,233,332,1123,515,ITH,ITH1,4,Provincia Autonoma Bolzano / Bozen,P.A. Bolzano,533050,58282,10.93,0.31
1288,2021-01-07,PAB,892,317,575,613,227,0,52,0,0,892,0,ITH,ITH1,4,Provincia Autonoma Bolzano / Bozen,P.A. Bolzano,533050,59174,11.1,0.17
1289,2021-02-20,PAB,1502,471,1031,196,83,24,469,1,729,1484,18,ITH,ITH1,4,Provincia Autonoma Bolzano / Bozen,P.A. Bolzano,533050,60676,11.38,0.28
1290,2021-02-24,PAB,1361,403,958,10,3,0,0,8,1340,1349,12,ITH,ITH1,4,Provincia Autonoma Bolzano / Bozen,P.A. Bolzano,533050,62037,11.64,0.26
1291,2021-02-12,PAB,721,214,507,312,296,104,7,2,0,475,246,ITH,ITH1,4,Provincia Autonoma Bolzano / Bozen,P.A. Bolzano,533050,62758,11.77,0.14
1292,2021-01-27,PAB,84,28,56,54,30,0,0,0,0,1,83,ITH,ITH1,4,Provincia Autonoma Bolzano / Bozen,P.A. Bolzano,533050,62842,11.79,0.02
1293,2021-03-01,PAB,891,213,678,0,181,0,0,0,710,891,0,ITH,ITH1,4,Provincia Autonoma Bolzano / Bozen,P.A. Bolzano,533050,63733,11.96,0.17
1294,2021-03-10,PAB,1172,446,726,653,188,0,134,80,117,1029,143,ITH,ITH1,4,Provincia Autonoma Bolzano / Bozen,P.A. Bolzano,533050,64905,12.18,0.22
1295,2021-01-05,PAB,821,283,538,719,102,0,0,0,0,821,0,ITH,ITH1,4,Provincia Autonoma Bolzano / Bozen,P.A. Bolzano,533050,65726,12.33,0.15
1296,2021-01-21,PAB,915,426,489,719,101,68,27,0,0,138,777,ITH,ITH1,4,Provincia Autonoma Bolzano / Bozen,P.A. Bolzano,533050,66641,12.5,0.17
1297,2021-02-01,PAB,1385,404,981,706,382,296,0,0,1,11,1374,ITH,ITH1,4,Provincia Autonoma Bolzano / Bozen,P.A. Bolzano,533050,68026,12.76,0.26
1298,2021-03-16,PAB,393,148,245,10,29,18,336,0,0,42,351,ITH,ITH1,4,Provincia Autonoma Bolzano / Bozen,P.A. Bolzano,533050,68419,12.84,0.07
1299,2021-01-26,PAB,809,291,518,670,139,0,0,0,0,1,808,ITH,ITH1,4,Provincia Autonoma Bolzano / Bozen,P.A. Bolzano,533050,69228,12.99,0.15
1300,2021-01-03,PAB,41,16,25,33,7,0,1,0,0,41,0,ITH,ITH1,4,Provincia Autonoma Bolzano / Bozen,P.A. Bolzano,533050,69269,12.99,0.01
1301,2021-01-16,PAB,2748,1229,1519,449,360,77,1861,0,1,2748,0,ITH,ITH1,4,Provincia Autonoma Bolzano / Bozen,P.A. Bolzano,533050,72017,13.51,0.52
1302,2021-02-17,PAB,4,1,3,1,2,0,1,0,0,2,2,ITH,ITH1,4,Provincia Autonoma Bolzano / Bozen,P.A. Bolzano,533050,72021,13.51,0.0
1303,2021-01-24,PAB,12,10,2,1,11,0,0,0,0,0,12,ITH,ITH1,4,Provincia Autonoma Bolzano / Bozen,P.A. Bolzano,533050,72033,13.51,0.0
1304,2021-02-23,PAB,763,320,443,0,58,0,621,0,84,758,5,ITH,ITH1,4,Provincia Autonoma Bolzano / Bozen,P.A. Bolzano,533050,72796,13.66,0.14
1305,2021-02-09,PAB,317,126,191,64,22,2,227,0,2,1,316,ITH,ITH1,4,Provincia Autonoma Bolzano / Bozen,P.A. Bolzano,533050,73113,13.72,0.06
1306,2021-01-28,PAB,867,307,560,584,214,69,0,0,0,10,857,ITH,ITH1,4,Provincia Autonoma Bolzano / Bozen,P.A. Bolzano,533050,73980,13.88,0.16
1307,2021-01-18,PAB,1655,638,1017,368,299,7,981,0,0,1651,4,ITH,ITH1,4,Provincia Autonoma Bolzano / Bozen,P.A. Bolzano,533050,75635,14.19,0.31
1308,2021-03-07,PAB,114,13,101,59,51,0,3,0,1,9,105,ITH,ITH1,4,Provincia Autonoma Bolzano / Bozen,P.A. Bolzano,533050,75749,14.21,0.02
1309,2021-01-09,PAB,600,317,283,75,439,74,12,0,0,600,0,ITH,ITH1,4,Provincia Autonoma Bolzano / Bozen,P.A. Bolzano,533050,76349,14.32,0.11
1310,2021-02-15,PAB,72,42,30,17,10,40,5,0,0,26,46,ITH,ITH1,4,Provincia Autonoma Bolzano / Bozen,P.A. Bolzano,533050,76421,14.34,0.01
1311,2021-01-01,PAB,1,1,0,1,0,0,0,0,0,1,0,ITH,ITH1,4,Provincia Autonoma Bolzano / Bozen,P.A. Bolzano,533050,76422,14.34,0.0
1312,2021-01-12,PAB,1527,398,1129,299,680,475,73,0,0,1527,0,ITH,ITH1,4,Provincia Autonoma Bolzano / Bozen,P.A. Bolzano,533050,77949,14.62,0.29
1313,2021-03-09,PAB,1185,540,645,29,101,21,915,72,47,1183,2,ITH,ITH1,4,Provincia Autonoma Bolzano / Bozen,P.A. Bolzano,533050,79134,14.85,0.22
1314,2020-12-27,PAB,143,65,78,136,6,0,1,0,0,143,0,ITH,ITH1,4,Provincia Autonoma Bolzano / Bozen,P.A. Bolzano,533050,79277,14.87,0.03
1315,2021-01-20,PAB,609,248,361,283,76,0,250,0,0,401,208,ITH,ITH1,4,Provincia Autonoma Bolzano / Bozen,P.A. Bolzano,533050,79886,14.99,0.11
1316,2021-01-10,PAB,2,2,0,1,1,0,0,0,0,2,0,ITH,ITH1,4,Provincia Autonoma Bolzano / Bozen,P.A. Bolzano,533050,79888,14.99,0.0
1317,2021-03-08,PAB,1187,517,670,23,285,164,712,0,3,1161,26,ITH,ITH1,4,Provincia Autonoma Bolzano / Bozen,P.A. Bolzano,533050,81075,15.21,0.22
1318,2021-01-06,PAB,59,18,41,59,0,0,0,0,0,59,0,ITH,ITH1,4,Provincia Autonoma Bolzano / Bozen,P.A. Bolzano,533050,81134,15.22,0.01
1319,2021-02-27,UMB,1658,354,1304,14,11,13,0,60,1560,1642,16,ITI,ITI2,10,Umbria,Umbria,882015,1658,0.19,0.19
1320,2021-03-03,UMB,4434,1770,2664,720,290,85,1517,289,1533,3722,712,ITI,ITI2,10,Umbria,Umbria,882015,6092,0.69,0.5
1321,2021-02-18,UMB,1495,582,913,324,16,170,985,0,0,1029,466,ITI,ITI2,10,Umbria,Umbria,882015,7587,0.86,0.17
1322,2021-02-24,UMB,1520,565,955,1082,46,91,292,9,0,1504,16,ITI,ITI2,10,Umbria,Umbria,882015,9107,1.03,0.17
1323,2021-02-08,UMB,637,203,434,368,112,153,0,4,0,88,549,ITI,ITI2,10,Umbria,Umbria,882015,9744,1.1,0.07
1324,2021-01-09,UMB,1719,492,1227,888,10,821,0,0,0,1719,0,ITI,ITI2,10,Umbria,Umbria,882015,11463,1.3,0.19
1325,2021-01-15,UMB,692,212,480,588,44,60,0,0,0,692,0,ITI,ITI2,10,Umbria,Umbria,882015,12155,1.38,0.08
1326,2021-01-17,UMB,54,17,37,47,7,0,0,0,0,54,0,ITI,ITI2,10,Umbria,Umbria,882015,12209,1.38,0.01
1327,2021-01-30,UMB,1577,483,1094,841,18,717,1,0,0,44,1533,ITI,ITI2,10,Umbria,Umbria,882015,13786,1.56,0.18
1328,2021-01-23,UMB,277,100,177,276,1,0,0,0,0,2,275,ITI,ITI2,10,Umbria,Umbria,882015,14063,1.59,0.03
1329,2021-02-04,UMB,732,226,506,692,20,20,0,0,0,25,707,ITI,ITI2,10,Umbria,Umbria,882015,14795,1.68,0.08
1330,2021-03-02,UMB,3626,1343,2283,318,276,55,1290,241,1446,3622,4,ITI,ITI2,10,Umbria,Umbria,882015,18421,2.09,0.41
1331,2021-02-11,UMB,842,349,493,735,99,5,0,0,3,837,5,ITI,ITI2,10,Umbria,Umbria,882015,19263,2.18,0.1
1332,2021-02-05,UMB,780,234,546,645,51,84,0,0,0,18,762,ITI,ITI2,10,Umbria,Umbria,882015,20043,2.27,0.09
1333,2021-02-12,UMB,671,224,447,459,208,1,1,0,2,665,6,ITI,ITI2,10,Umbria,Umbria,882015,20714,2.35,0.08
1334,2021-01-26,UMB,814,390,424,813,1,0,0,0,0,18,796,ITI,ITI2,10,Umbria,Umbria,882015,21528,2.44,0.09
1335,2021-01-22,UMB,276,105,171,273,1,2,0,0,0,32,244,ITI,ITI2,10,Umbria,Umbria,882015,21804,2.47,0.03
1336,2021-01-31,UMB,1056,276,780,765,10,281,0,0,0,25,1031,ITI,ITI2,10,Umbria,Umbria,882015,22860,2.59,0.12
1337,2021-01-03,UMB,267,111,156,267,0,0,0,0,0,267,0,ITI,ITI2,10,Umbria,Umbria,882015,23127,2.62,0.03
1338,2021-03-01,UMB,1510,777,733,114,28,0,1249,118,1,1396,114,ITI,ITI2,10,Umbria,Umbria,882015,24637,2.79,0.17
1339,2021-01-05,UMB,850,428,422,845,5,0,0,0,0,850,0,ITI,ITI2,10,Umbria,Umbria,882015,25487,2.89,0.1
1340,2021-02-10,UMB,715,349,366,606,106,3,0,0,0,700,15,ITI,ITI2,10,Umbria,Umbria,882015,26202,2.97,0.08
1341,2021-01-13,UMB,450,139,311,379,29,42,0,0,0,450,0,ITI,ITI2,10,Umbria,Umbria,882015,26652,3.02,0.05
1342,2021-01-27,UMB,838,329,509,837,1,0,0,0,0,13,825,ITI,ITI2,10,Umbria,Umbria,882015,27490,3.12,0.1
1343,2021-01-06,UMB,843,323,520,840,3,0,0,0,0,843,0,ITI,ITI2,10,Umbria,Umbria,882015,28333,3.21,0.1
1344,2021-03-10,UMB,3933,1874,2059,120,854,111,2564,209,75,2680,1253,ITI,ITI2,10,Umbria,Umbria,882015,32266,3.66,0.45
1345,2021-01-08,UMB,1173,337,836,926,9,238,0,0,0,1173,0,ITI,ITI2,10,Umbria,Umbria,882015,33439,3.79,0.13
1346,2020-12-31,UMB,322,127,195,310,12,0,0,0,0,322,0,ITI,ITI2,10,Umbria,Umbria,882015,33761,3.83,0.04
1347,2021-02-23,UMB,1693,658,1035,1187,95,17,394,0,0,1650,43,ITI,ITI2,10,Umbria,Umbria,882015,35454,4.02,0.19
1348,2021-01-14,UMB,749,200,549,696,35,17,0,0,1,749,0,ITI,ITI2,10,Umbria,Umbria,882015,36203,4.1,0.08
1349,2021-03-05,UMB,4582,1378,3204,604,388,7,682,347,2554,3926,656,ITI,ITI2,10,Umbria,Umbria,882015,40785,4.62,0.52
1350,2021-02-02,UMB,942,274,668,713,17,212,0,0,0,32,910,ITI,ITI2,10,Umbria,Umbria,882015,41727,4.73,0.11
1351,2021-03-15,UMB,4590,1926,2664,1426,347,78,2335,141,263,2822,1768,ITI,ITI2,10,Umbria,Umbria,882015,46317,5.25,0.52
1352,2021-01-19,UMB,103,23,80,21,2,80,0,0,0,103,0,ITI,ITI2,10,Umbria,Umbria,882015,46420,5.26,0.01
1353,2021-02-26,UMB,653,250,403,381,71,40,154,4,3,645,8,ITI,ITI2,10,Umbria,Umbria,882015,47073,5.34,0.07
1354,2021-01-07,UMB,1291,383,908,883,4,404,0,0,0,1291,0,ITI,ITI2,10,Umbria,Umbria,882015,48364,5.48,0.15
1355,2021-02-03,UMB,725,174,551,560,37,128,0,0,0,67,658,ITI,ITI2,10,Umbria,Umbria,882015,49089,5.57,0.08
1356,2021-01-04,UMB,809,397,412,808,1,0,0,0,0,809,0,ITI,ITI2,10,Umbria,Umbria,882015,49898,5.66,0.09
1357,2021-03-11,UMB,3536,1679,1857,143,784,238,2012,201,158,2530,1006,ITI,ITI2,10,Umbria,Umbria,882015,53434,6.06,0.4
1358,2021-02-06,UMB,396,138,258,333,47,16,0,0,0,34,362,ITI,ITI2,10,Umbria,Umbria,882015,53830,6.1,0.04
1359,2021-03-13,UMB,1731,524,1207,120,182,49,152,77,1151,1486,245,ITI,ITI2,10,Umbria,Umbria,882015,55561,6.3,0.2
1360,2021-01-18,UMB,588,215,373,315,149,124,0,0,0,504,84,ITI,ITI2,10,Umbria,Umbria,882015,56149,6.37,0.07
1361,2021-03-07,UMB,844,180,664,16,83,25,44,0,676,837,7,ITI,ITI2,10,Umbria,Umbria,882015,56993,6.46,0.1
1362,2021-02-01,UMB,1260,333,927,876,32,352,0,0,0,47,1213,ITI,ITI2,10,Umbria,Umbria,882015,58253,6.6,0.14
1363,2021-01-25,UMB,647,322,325,645,2,0,0,0,0,5,642,ITI,ITI2,10,Umbria,Umbria,882015,58900,6.68,0.07
1364,2021-01-02,UMB,301,110,191,301,0,0,0,0,0,301,0,ITI,ITI2,10,Umbria,Umbria,882015,59201,6.71,0.03
1365,2021-01-11,UMB,1271,336,935,878,20,373,0,0,0,1271,0,ITI,ITI2,10,Umbria,Umbria,882015,60472,6.86,0.14
1366,2021-03-09,UMB,4017,1943,2074,142,681,94,2912,165,23,2724,1293,ITI,ITI2,10,Umbria,Umbria,882015,64489,7.31,0.46
1367,2021-03-04,UMB,4475,1849,2626,849,238,4,1552,366,1466,3647,828,ITI,ITI2,10,Umbria,Umbria,882015,68964,7.82,0.51
1368,2021-03-14,UMB,66,48,18,0,61,1,0,0,4,66,0,ITI,ITI2,10,Umbria,Umbria,882015,69030,7.83,0.01
1369,2021-03-06,UMB,4246,1107,3139,422,247,25,1110,120,2322,4103,143,ITI,ITI2,10,Umbria,Umbria,882015,73276,8.31,0.48
1370,2021-02-16,UMB,1307,655,652,33,12,0,1262,0,0,1298,9,ITI,ITI2,10,Umbria,Umbria,882015,74583,8.46,0.15
1371,2021-03-16,UMB,2718,1118,1600,1250,77,47,1335,0,9,1096,1622,ITI,ITI2,10,Umbria,Umbria,882015,77301,8.76,0.31
1372,2021-01-29,UMB,1221,343,878,934,16,271,0,0,0,79,1142,ITI,ITI2,10,Umbria,Umbria,882015,78522,8.9,0.14
1373,2021-02-07,UMB,54,17,37,46,8,0,0,0,0,1,53,ITI,ITI2,10,Umbria,Umbria,882015,78576,8.91,0.01
1374,2021-02-20,UMB,282,100,182,83,8,39,152,0,0,258,24,ITI,ITI2,10,Umbria,Umbria,882015,78858,8.94,0.03
1375,2021-03-12,UMB,2625,1026,1599,110,592,41,461,229,1192,2127,498,ITI,ITI2,10,Umbria,Umbria,882015,81483,9.24,0.3
1376,2021-02-25,UMB,1332,494,838,825,100,97,305,0,5,1280,52,ITI,ITI2,10,Umbria,Umbria,882015,82815,9.39,0.15
1377,2021-02-19,UMB,743,293,450,281,16,14,432,0,0,526,217,ITI,ITI2,10,Umbria,Umbria,882015,83558,9.47,0.08
1378,2021-01-24,UMB,254,104,150,254,0,0,0,0,0,1,253,ITI,ITI2,10,Umbria,Umbria,882015,83812,9.5,0.03
1379,2021-01-21,UMB,610,202,408,428,13,169,0,0,0,341,269,ITI,ITI2,10,Umbria,Umbria,882015,84422,9.57,0.07
1380,2020-12-27,UMB,85,45,40,67,2,16,0,0,0,85,0,ITI,ITI2,10,Umbria,Umbria,882015,84507,9.58,0.01
1381,2021-01-28,UMB,1240,392,848,891,4,345,0,0,0,19,1221,ITI,ITI2,10,Umbria,Umbria,882015,85747,9.72,0.14
1382,2021-01-10,UMB,1056,275,781,740,9,307,0,0,0,1056,0,ITI,ITI2,10,Umbria,Umbria,882015,86803,9.84,0.12
1383,2021-02-15,UMB,1368,692,676,10,8,0,1350,0,0,1367,1,ITI,ITI2,10,Umbria,Umbria,882015,88171,10.0,0.16
1384,2021-01-16,UMB,221,73,148,146,32,43,0,0,0,221,0,ITI,ITI2,10,Umbria,Umbria,882015,88392,10.02,0.03
1385,2021-01-12,UMB,784,247,537,665,14,105,0,0,0,784,0,ITI,ITI2,10,Umbria,Umbria,882015,89176,10.11,0.09
1386,2021-01-01,UMB,269,102,167,268,1,0,0,0,0,269,0,ITI,ITI2,10,Umbria,Umbria,882015,89445,10.14,0.03
1387,2021-02-22,UMB,1858,777,1081,732,120,1,1005,0,0,1769,89,ITI,ITI2,10,Umbria,Umbria,882015,91303,10.35,0.21
1388,2021-02-13,UMB,115,28,87,68,46,0,1,0,0,112,3,ITI,ITI2,10,Umbria,Umbria,882015,91418,10.36,0.01
1389,2021-03-08,UMB,3663,1796,1867,140,355,45,2851,230,42,2301,1362,ITI,ITI2,10,Umbria,Umbria,882015,95081,10.78,0.42
1390,2021-01-20,UMB,613,222,391,583,15,14,0,0,1,613,0,ITI,ITI2,10,Umbria,Umbria,882015,95694,10.85,0.07
1391,2021-02-17,UMB,1618,748,870,363,14,0,1240,0,1,1267,351,ITI,ITI2,10,Umbria,Umbria,882015,97312,11.03,0.18
1392,2021-03-14,BAS,829,426,403,40,123,8,436,71,151,436,393,ITF,ITF5,17,Basilicata,Basilicata,559084,829,0.15,0.15
1393,2021-02-12,BAS,775,332,443,288,201,90,190,6,0,744,31,ITF,ITF5,17,Basilicata,Basilicata,559084,1604,0.29,0.14
1394,2021-02-15,BAS,621,232,389,191,137,46,246,1,0,580,41,ITF,ITF5,17,Basilicata,Basilicata,559084,2225,0.4,0.11
1395,2021-03-13,BAS,1728,851,877,49,358,15,862,231,213,749,979,ITF,ITF5,17,Basilicata,Basilicata,559084,3953,0.71,0.31
1396,2021-01-05,BAS,945,409,536,861,84,0,0,0,0,945,0,ITF,ITF5,17,Basilicata,Basilicata,559084,4898,0.88,0.17
1397,2021-01-27,BAS,410,174,236,299,85,26,0,0,0,113,297,ITF,ITF5,17,Basilicata,Basilicata,559084,5308,0.95,0.07
1398,2021-03-09,BAS,1391,706,685,222,95,33,545,258,238,787,604,ITF,ITF5,17,Basilicata,Basilicata,559084,6699,1.2,0.25
1399,2021-01-02,BAS,949,380,569,855,91,0,0,0,3,949,0,ITF,ITF5,17,Basilicata,Basilicata,559084,7648,1.37,0.17
1400,2021-01-03,BAS,900,344,556,790,108,0,0,0,2,900,0,ITF,ITF5,17,Basilicata,Basilicata,559084,8548,1.53,0.16
1401,2021-01-30,BAS,703,226,477,424,153,126,0,0,0,127,576,ITF,ITF5,17,Basilicata,Basilicata,559084,9251,1.65,0.13
1402,2021-02-03,BAS,666,300,366,425,69,172,0,0,0,32,634,ITF,ITF5,17,Basilicata,Basilicata,559084,9917,1.77,0.12
1403,2021-03-15,BAS,2122,880,1242,77,42,0,1714,23,266,516,1606,ITF,ITF5,17,Basilicata,Basilicata,559084,12039,2.15,0.38
1404,2021-02-01,BAS,242,91,151,156,38,48,0,0,0,46,196,ITF,ITF5,17,Basilicata,Basilicata,559084,12281,2.2,0.04
1405,2021-01-04,BAS,607,271,336,550,55,0,0,0,2,607,0,ITF,ITF5,17,Basilicata,Basilicata,559084,12888,2.31,0.11
1406,2021-03-12,BAS,1894,974,920,265,108,37,985,241,258,796,1098,ITF,ITF5,17,Basilicata,Basilicata,559084,14782,2.64,0.34
1407,2021-01-19,BAS,199,84,115,78,77,44,0,0,0,199,0,ITF,ITF5,17,Basilicata,Basilicata,559084,14981,2.68,0.04
1408,2021-02-13,BAS,799,313,486,279,204,115,199,2,0,738,61,ITF,ITF5,17,Basilicata,Basilicata,559084,15780,2.82,0.14
1409,2021-01-24,BAS,834,299,535,706,127,1,0,0,0,58,776,ITF,ITF5,17,Basilicata,Basilicata,559084,16614,2.97,0.15
1410,2021-02-06,BAS,902,367,535,546,187,168,0,0,1,146,756,ITF,ITF5,17,Basilicata,Basilicata,559084,17516,3.13,0.16
1411,2021-01-29,BAS,612,228,384,397,145,70,0,0,0,63,549,ITF,ITF5,17,Basilicata,Basilicata,559084,18128,3.24,0.11
1412,2021-02-24,BAS,1784,739,1045,85,29,2,1667,1,0,1715,69,ITF,ITF5,17,Basilicata,Basilicata,559084,19912,3.56,0.32
1413,2021-03-03,BAS,1713,804,909,191,413,99,561,203,246,1157,556,ITF,ITF5,17,Basilicata,Basilicata,559084,21625,3.87,0.31
1414,2021-03-06,BAS,1350,534,816,296,170,57,383,185,259,756,594,ITF,ITF5,17,Basilicata,Basilicata,559084,22975,4.11,0.24
1415,2021-01-22,BAS,66,24,42,6,60,0,0,0,0,66,0,ITF,ITF5,17,Basilicata,Basilicata,559084,23041,4.12,0.01
1416,2021-03-02,BAS,792,381,411,110,78,5,185,201,213,657,135,ITF,ITF5,17,Basilicata,Basilicata,559084,23833,4.26,0.14
1417,2021-01-18,BAS,463,157,306,364,54,45,0,0,0,364,99,ITF,ITF5,17,Basilicata,Basilicata,559084,24296,4.35,0.08
1418,2021-03-07,BAS,882,308,574,39,18,4,328,22,471,844,38,ITF,ITF5,17,Basilicata,Basilicata,559084,25178,4.5,0.16
1419,2021-01-14,BAS,969,413,556,504,142,323,0,0,0,969,0,ITF,ITF5,17,Basilicata,Basilicata,559084,26147,4.68,0.17
1420,2021-02-11,BAS,951,401,550,200,169,107,471,4,0,868,83,ITF,ITF5,17,Basilicata,Basilicata,559084,27098,4.85,0.17
1421,2021-01-21,BAS,30,10,20,0,30,0,0,0,0,30,0,ITF,ITF5,17,Basilicata,Basilicata,559084,27128,4.85,0.01
1422,2021-01-20,BAS,84,22,62,0,84,0,0,0,0,84,0,ITF,ITF5,17,Basilicata,Basilicata,559084,27212,4.87,0.02
1423,2020-12-27,BAS,106,41,65,104,2,0,0,0,0,106,0,ITF,ITF5,17,Basilicata,Basilicata,559084,27318,4.89,0.02
1424,2021-02-07,BAS,373,159,214,259,74,40,0,0,0,49,324,ITF,ITF5,17,Basilicata,Basilicata,559084,27691,4.95,0.07
1425,2021-01-15,BAS,812,349,463,577,61,174,0,0,0,812,0,ITF,ITF5,17,Basilicata,Basilicata,559084,28503,5.1,0.15
1426,2021-03-11,BAS,1781,917,864,163,160,77,905,253,223,822,959,ITF,ITF5,17,Basilicata,Basilicata,559084,30284,5.42,0.32
1427,2021-03-10,BAS,1649,814,835,101,110,33,876,256,273,811,838,ITF,ITF5,17,Basilicata,Basilicata,559084,31933,5.71,0.29
1428,2021-01-26,BAS,793,350,443,622,136,35,0,0,0,101,692,ITF,ITF5,17,Basilicata,Basilicata,559084,32726,5.85,0.14
1429,2021-02-26,BAS,2136,895,1241,88,104,1,1943,0,0,2057,79,ITF,ITF5,17,Basilicata,Basilicata,559084,34862,6.24,0.38
1430,2021-01-25,BAS,1020,427,593,828,191,1,0,0,0,74,946,ITF,ITF5,17,Basilicata,Basilicata,559084,35882,6.42,0.18
1431,2021-02-21,BAS,281,111,170,16,2,11,251,0,1,281,0,ITF,ITF5,17,Basilicata,Basilicata,559084,36163,6.47,0.05
1432,2021-02-25,BAS,1795,738,1057,67,14,0,1713,1,0,1748,47,ITF,ITF5,17,Basilicata,Basilicata,559084,37958,6.79,0.32
1433,2021-02-28,BAS,799,341,458,32,30,0,737,0,0,771,28,ITF,ITF5,17,Basilicata,Basilicata,559084,38757,6.93,0.14
1434,2021-03-08,BAS,1450,707,743,221,252,38,410,256,273,840,610,ITF,ITF5,17,Basilicata,Basilicata,559084,40207,7.19,0.26
1435,2021-02-10,BAS,547,237,310,176,153,127,90,0,1,495,52,ITF,ITF5,17,Basilicata,Basilicata,559084,40754,7.29,0.1
1436,2021-01-31,BAS,77,24,53,75,2,0,0,0,0,0,77,ITF,ITF5,17,Basilicata,Basilicata,559084,40831,7.3,0.01
1437,2021-02-22,BAS,1768,763,1005,125,86,2,1555,0,0,1715,53,ITF,ITF5,17,Basilicata,Basilicata,559084,42599,7.62,0.32
1438,2021-02-08,BAS,557,193,364,436,72,49,0,0,0,151,406,ITF,ITF5,17,Basilicata,Basilicata,559084,43156,7.72,0.1
1439,2021-02-16,BAS,905,377,528,250,95,67,492,1,0,807,98,ITF,ITF5,17,Basilicata,Basilicata,559084,44061,7.88,0.16
1440,2021-02-27,BAS,1896,819,1077,103,182,21,1590,0,0,1731,165,ITF,ITF5,17,Basilicata,Basilicata,559084,45957,8.22,0.34
1441,2021-03-01,BAS,540,279,261,121,129,4,168,68,50,376,164,ITF,ITF5,17,Basilicata,Basilicata,559084,46497,8.32,0.1
1442,2021-02-17,BAS,1133,492,641,123,69,57,882,1,1,1057,76,ITF,ITF5,17,Basilicata,Basilicata,559084,47630,8.52,0.2
1443,2021-02-04,BAS,1092,440,652,636,175,281,0,0,0,63,1029,ITF,ITF5,17,Basilicata,Basilicata,559084,48722,8.71,0.2
1444,2021-01-06,BAS,294,129,165,229,29,36,0,0,0,294,0,ITF,ITF5,17,Basilicata,Basilicata,559084,49016,8.77,0.05
1445,2021-02-18,BAS,1070,401,669,270,74,150,576,0,0,855,215,ITF,ITF5,17,Basilicata,Basilicata,559084,50086,8.96,0.19
1446,2021-02-02,BAS,366,142,224,212,51,102,1,0,0,176,190,ITF,ITF5,17,Basilicata,Basilicata,559084,50452,9.02,0.07
1447,2021-01-16,BAS,721,304,417,466,92,161,0,0,2,721,0,ITF,ITF5,17,Basilicata,Basilicata,559084,51173,9.15,0.13
1448,2021-01-28,BAS,903,401,502,717,104,81,1,0,0,119,784,ITF,ITF5,17,Basilicata,Basilicata,559084,52076,9.31,0.16
1449,2021-01-11,BAS,183,66,117,107,35,41,0,0,0,183,0,ITF,ITF5,17,Basilicata,Basilicata,559084,52259,9.35,0.03
1450,2021-02-09,BAS,491,213,278,200,237,54,0,0,0,316,175,ITF,ITF5,17,Basilicata,Basilicata,559084,52750,9.44,0.09
1451,2021-01-09,BAS,557,160,397,386,103,67,0,0,1,557,0,ITF,ITF5,17,Basilicata,Basilicata,559084,53307,9.53,0.1
1452,2021-03-16,BAS,1168,480,688,90,35,0,977,5,61,223,945,ITF,ITF5,17,Basilicata,Basilicata,559084,54475,9.74,0.21
1453,2021-01-17,BAS,328,133,195,233,41,54,0,0,0,327,1,ITF,ITF5,17,Basilicata,Basilicata,559084,54803,9.8,0.06
1454,2021-02-05,BAS,982,442,540,610,181,191,0,0,0,64,918,ITF,ITF5,17,Basilicata,Basilicata,559084,55785,9.98,0.18
1455,2021-01-13,BAS,916,387,529,699,68,148,0,0,1,916,0,ITF,ITF5,17,Basilicata,Basilicata,559084,56701,10.14,0.16
1456,2021-01-10,BAS,77,24,53,9,68,0,0,0,0,77,0,ITF,ITF5,17,Basilicata,Basilicata,559084,56778,10.16,0.01
1457,2021-01-12,BAS,217,88,129,87,31,99,0,0,0,217,0,ITF,ITF5,17,Basilicata,Basilicata,559084,56995,10.19,0.04
1458,2021-01-23,BAS,707,299,408,592,114,1,0,0,0,33,674,ITF,ITF5,17,Basilicata,Basilicata,559084,57702,10.32,0.13
1459,2021-02-19,BAS,1621,736,885,219,374,66,962,0,0,1559,62,ITF,ITF5,17,Basilicata,Basilicata,559084,59323,10.61,0.29
1460,2021-01-08,BAS,554,219,335,383,112,59,0,0,0,554,0,ITF,ITF5,17,Basilicata,Basilicata,559084,59877,10.71,0.1
1461,2021-02-20,BAS,1128,515,613,74,182,69,803,0,0,1011,117,ITF,ITF5,17,Basilicata,Basilicata,559084,61005,10.91,0.2
1462,2021-03-04,BAS,1830,866,964,217,243,66,800,263,241,1037,793,ITF,ITF5,17,Basilicata,Basilicata,559084,62835,11.24,0.33
1463,2021-02-14,BAS,150,48,102,55,13,64,18,0,0,150,0,ITF,ITF5,17,Basilicata,Basilicata,559084,62985,11.27,0.03
1464,2021-02-23,BAS,1888,768,1120,160,47,35,1646,0,0,1750,138,ITF,ITF5,17,Basilicata,Basilicata,559084,64873,11.6,0.34
1465,2021-01-07,BAS,640,319,321,556,55,29,0,0,0,640,0,ITF,ITF5,17,Basilicata,Basilicata,559084,65513,11.72,0.11
1466,2021-03-05,BAS,1823,842,981,298,227,72,662,254,310,1079,744,ITF,ITF5,17,Basilicata,Basilicata,559084,67336,12.04,0.33
1467,2021-03-06,MOL,1728,807,921,156,1415,0,5,152,0,1569,159,ITF,ITF2,14,Molise,Molise,305617,1728,0.57,0.57
1468,2021-03-03,MOL,672,316,356,63,389,48,0,45,127,590,82,ITF,ITF2,14,Molise,Molise,305617,2400,0.79,0.22
1469,2021-02-27,MOL,1366,568,798,26,40,14,1285,0,1,1347,19,ITF,ITF2,14,Molise,Molise,305617,3766,1.23,0.45
1470,2021-03-10,MOL,1716,715,1001,188,830,1,1,187,509,1666,50,ITF,ITF2,14,Molise,Molise,305617,5482,1.79,0.56
1471,2021-02-05,MOL,593,269,324,460,70,63,0,0,0,55,538,ITF,ITF2,14,Molise,Molise,305617,6075,1.99,0.19
1472,2021-01-18,MOL,114,48,66,97,17,0,0,0,0,114,0,ITF,ITF2,14,Molise,Molise,305617,6189,2.03,0.04
1473,2021-02-10,MOL,150,78,72,91,6,53,0,0,0,130,20,ITF,ITF2,14,Molise,Molise,305617,6339,2.07,0.05
1474,2021-02-15,MOL,144,70,74,117,12,15,0,0,0,141,3,ITF,ITF2,14,Molise,Molise,305617,6483,2.12,0.05
1475,2021-02-11,MOL,293,133,160,225,19,45,0,3,1,257,36,ITF,ITF2,14,Molise,Molise,305617,6776,2.22,0.1
1476,2021-02-04,MOL,758,295,463,502,114,141,0,0,1,77,681,ITF,ITF2,14,Molise,Molise,305617,7534,2.47,0.25
1477,2021-03-01,MOL,641,268,373,200,184,108,0,2,147,427,214,ITF,ITF2,14,Molise,Molise,305617,8175,2.67,0.21
1478,2021-01-30,MOL,460,158,302,189,92,179,0,0,0,12,448,ITF,ITF2,14,Molise,Molise,305617,8635,2.83,0.15
1479,2021-03-04,MOL,850,417,433,252,493,69,0,36,0,526,324,ITF,ITF2,14,Molise,Molise,305617,9485,3.1,0.28
1480,2021-01-27,MOL,674,251,423,436,28,209,0,0,1,8,666,ITF,ITF2,14,Molise,Molise,305617,10159,3.32,0.22
1481,2021-02-26,MOL,563,260,303,42,57,3,406,0,55,490,73,ITF,ITF2,14,Molise,Molise,305617,10722,3.51,0.18
1482,2021-03-09,MOL,1329,579,750,199,467,0,52,218,393,1177,152,ITF,ITF2,14,Molise,Molise,305617,12051,3.94,0.43
1483,2021-02-17,MOL,72,32,40,47,19,6,0,0,0,57,15,ITF,ITF2,14,Molise,Molise,305617,12123,3.97,0.02
1484,2021-02-16,MOL,156,70,86,148,8,0,0,0,0,150,6,ITF,ITF2,14,Molise,Molise,305617,12279,4.02,0.05
1485,2021-02-07,MOL,66,32,34,49,1,16,0,0,0,19,47,ITF,ITF2,14,Molise,Molise,305617,12345,4.04,0.02
1486,2021-01-28,MOL,613,217,396,430,28,154,0,0,1,17,596,ITF,ITF2,14,Molise,Molise,305617,12958,4.24,0.2
1487,2021-03-15,MOL,812,331,481,137,251,66,0,61,297,567,245,ITF,ITF2,14,Molise,Molise,305617,13770,4.51,0.27
1488,2021-02-19,MOL,169,93,76,95,70,1,0,0,3,167,2,ITF,ITF2,14,Molise,Molise,305617,13939,4.56,0.06
1489,2021-02-22,MOL,265,129,136,56,139,62,8,0,0,250,15,ITF,ITF2,14,Molise,Molise,305617,14204,4.65,0.09
1490,2021-01-29,MOL,421,136,285,227,82,109,0,0,3,6,415,ITF,ITF2,14,Molise,Molise,305617,14625,4.79,0.14
1491,2021-02-09,MOL,359,170,189,161,88,110,0,0,0,197,162,ITF,ITF2,14,Molise,Molise,305617,14984,4.9,0.12
1492,2021-01-31,MOL,268,70,198,85,18,164,0,0,1,6,262,ITF,ITF2,14,Molise,Molise,305617,15252,4.99,0.09
1493,2021-01-08,MOL,429,141,288,244,65,120,0,0,0,429,0,ITF,ITF2,14,Molise,Molise,305617,15681,5.13,0.14
1494,2021-02-21,MOL,573,227,346,1,4,0,568,0,0,571,2,ITF,ITF2,14,Molise,Molise,305617,16254,5.32,0.19
1495,2021-01-16,MOL,420,166,254,270,23,127,0,0,0,420,0,ITF,ITF2,14,Molise,Molise,305617,16674,5.46,0.14
1496,2021-01-06,MOL,689,260,429,456,62,171,0,0,0,689,0,ITF,ITF2,14,Molise,Molise,305617,17363,5.68,0.23
1497,2021-03-16,MOL,547,203,344,6,527,11,0,3,0,229,318,ITF,ITF2,14,Molise,Molise,305617,17910,5.86,0.18
1498,2021-02-08,MOL,334,141,193,206,43,85,0,0,0,216,118,ITF,ITF2,14,Molise,Molise,305617,18244,5.97,0.11
1499,2021-02-01,MOL,562,201,361,301,149,111,0,0,1,14,548,ITF,ITF2,14,Molise,Molise,305617,18806,6.15,0.18
1500,2021-01-13,MOL,474,160,314,256,73,144,0,0,1,474,0,ITF,ITF2,14,Molise,Molise,305617,19280,6.31,0.16
1501,2021-02-23,MOL,527,202,325,136,42,8,340,0,1,362,165,ITF,ITF2,14,Molise,Molise,305617,19807,6.48,0.17
1502,2021-03-07,MOL,1114,499,615,2,1112,0,0,0,0,1112,2,ITF,ITF2,14,Molise,Molise,305617,20921,6.85,0.36
1503,2021-01-12,MOL,336,114,222,132,75,129,0,0,0,336,0,ITF,ITF2,14,Molise,Molise,305617,21257,6.96,0.11
1504,2021-01-10,MOL,270,72,198,82,19,169,0,0,0,270,0,ITF,ITF2,14,Molise,Molise,305617,21527,7.04,0.09
1505,2021-03-14,MOL,594,239,355,2,592,0,0,0,0,16,578,ITF,ITF2,14,Molise,Molise,305617,22121,7.24,0.19
1506,2021-02-28,MOL,828,331,497,38,763,27,0,0,0,786,42,ITF,ITF2,14,Molise,Molise,305617,22949,7.51,0.27
1507,2021-02-18,MOL,319,74,245,296,23,0,0,0,0,306,13,ITF,ITF2,14,Molise,Molise,305617,23268,7.61,0.1
1508,2021-03-11,MOL,694,315,379,18,257,12,0,147,260,688,6,ITF,ITF2,14,Molise,Molise,305617,23962,7.84,0.23
1509,2021-01-25,MOL,319,130,189,317,0,0,0,0,2,3,316,ITF,ITF2,14,Molise,Molise,305617,24281,7.94,0.1
1510,2021-02-12,MOL,330,149,181,224,32,72,0,0,2,208,122,ITF,ITF2,14,Molise,Molise,305617,24611,8.05,0.11
1511,2021-01-20,MOL,18,8,10,14,4,0,0,0,0,18,0,ITF,ITF2,14,Molise,Molise,305617,24629,8.06,0.01
1512,2021-02-02,MOL,486,155,331,295,63,128,0,0,0,163,323,ITF,ITF2,14,Molise,Molise,305617,25115,8.22,0.16
1513,2021-03-12,MOL,1156,489,667,38,653,0,0,68,397,1120,36,ITF,ITF2,14,Molise,Molise,305617,26271,8.6,0.38
1514,2021-01-04,MOL,314,131,183,301,13,0,0,0,0,314,0,ITF,ITF2,14,Molise,Molise,305617,26585,8.7,0.1
1515,2021-02-06,MOL,429,179,250,276,22,130,0,0,1,29,400,ITF,ITF2,14,Molise,Molise,305617,27014,8.84,0.14
1516,2021-03-08,MOL,1376,522,854,359,514,23,0,76,404,1236,140,ITF,ITF2,14,Molise,Molise,305617,28390,9.29,0.45
1517,2021-01-07,MOL,598,209,389,414,39,145,0,0,0,598,0,ITF,ITF2,14,Molise,Molise,305617,28988,9.49,0.2
1518,2021-01-11,MOL,557,194,363,196,250,111,0,0,0,557,0,ITF,ITF2,14,Molise,Molise,305617,29545,9.67,0.18
1519,2021-02-25,MOL,541,239,302,68,12,28,433,0,0,473,68,ITF,ITF2,14,Molise,Molise,305617,30086,9.84,0.18
1520,2021-01-15,MOL,538,242,296,398,59,81,0,0,0,538,0,ITF,ITF2,14,Molise,Molise,305617,30624,10.02,0.18
1521,2021-02-03,MOL,731,249,482,391,159,180,0,0,1,338,393,ITF,ITF2,14,Molise,Molise,305617,31355,10.26,0.24
1522,2021-01-05,MOL,449,180,269,441,8,0,0,0,0,449,0,ITF,ITF2,14,Molise,Molise,305617,31804,10.41,0.15
1523,2021-01-19,MOL,173,63,110,90,59,22,0,0,2,162,11,ITF,ITF2,14,Molise,Molise,305617,31977,10.46,0.06
1524,2021-03-02,MOL,666,383,283,98,253,51,0,113,151,508,158,ITF,ITF2,14,Molise,Molise,305617,32643,10.68,0.22
1525,2021-03-13,MOL,1189,594,595,29,1004,5,0,151,0,200,989,ITF,ITF2,14,Molise,Molise,305617,33832,11.07,0.39
1526,2021-01-14,MOL,646,239,407,418,113,115,0,0,0,646,0,ITF,ITF2,14,Molise,Molise,305617,34478,11.28,0.21
1527,2021-01-17,MOL,78,38,40,78,0,0,0,0,0,48,30,ITF,ITF2,14,Molise,Molise,305617,34556,11.31,0.03
1528,2021-01-22,MOL,126,35,91,21,32,73,0,0,0,126,0,ITF,ITF2,14,Molise,Molise,305617,34682,11.35,0.04
1529,2021-02-13,MOL,132,80,52,129,3,0,0,0,0,132,0,ITF,ITF2,14,Molise,Molise,305617,34814,11.39,0.04
1530,2021-01-21,MOL,6,2,4,0,6,0,0,0,0,6,0,ITF,ITF2,14,Molise,Molise,305617,34820,11.39,0.0
1531,2020-12-27,MOL,50,20,30,29,4,17,0,0,0,50,0,ITF,ITF2,14,Molise,Molise,305617,34870,11.41,0.02
1532,2021-02-20,MOL,1018,441,577,20,57,8,933,0,0,998,20,ITF,ITF2,14,Molise,Molise,305617,35888,11.74,0.33
1533,2021-03-05,MOL,1219,649,570,322,673,0,0,151,73,1015,204,ITF,ITF2,14,Molise,Molise,305617,37107,12.14,0.4
1534,2021-02-24,MOL,666,278,388,242,105,44,274,0,1,333,333,ITF,ITF2,14,Molise,Molise,305617,37773,12.36,0.22
1535,2021-01-09,MOL,450,152,298,221,51,178,0,0,0,450,0,ITF,ITF2,14,Molise,Molise,305617,38223,12.51,0.15
1536,2021-01-26,MOL,450,184,266,444,5,0,0,0,1,8,442,ITF,ITF2,14,Molise,Molise,305617,38673,12.65,0.15
1537,2021-03-11,VDA,192,72,120,2,14,7,166,1,2,64,128,ITC,ITC2,2,Valle d'Aosta / Vallée d'Aoste,Valle d'Aosta,125666,192,0.15,0.15
1538,2021-01-16,VDA,236,80,156,127,36,22,51,0,0,236,0,ITC,ITC2,2,Valle d'Aosta / Vallée d'Aoste,Valle d'Aosta,125666,428,0.34,0.19
1539,2021-03-05,VDA,275,124,151,50,69,13,138,0,5,53,222,ITC,ITC2,2,Valle d'Aosta / Vallée d'Aoste,Valle d'Aosta,125666,703,0.56,0.22
1540,2021-02-04,VDA,294,86,208,168,91,34,1,0,0,8,286,ITC,ITC2,2,Valle d'Aosta / Vallée d'Aoste,Valle d'Aosta,125666,997,0.79,0.23
1541,2021-03-08,VDA,481,231,250,28,81,13,343,15,1,237,244,ITC,ITC2,2,Valle d'Aosta / Vallée d'Aoste,Valle d'Aosta,125666,1478,1.18,0.38
1542,2021-02-01,VDA,403,127,276,268,65,70,0,0,0,87,316,ITC,ITC2,2,Valle d'Aosta / Vallée d'Aoste,Valle d'Aosta,125666,1881,1.5,0.32
1543,2021-01-07,VDA,275,111,164,224,46,5,0,0,0,275,0,ITC,ITC2,2,Valle d'Aosta / Vallée d'Aoste,Valle d'Aosta,125666,2156,1.72,0.22
1544,2021-01-15,VDA,218,82,136,116,68,28,6,0,0,218,0,ITC,ITC2,2,Valle d'Aosta / Vallée d'Aoste,Valle d'Aosta,125666,2374,1.89,0.17
1545,2020-12-27,VDA,20,9,11,20,0,0,0,0,0,20,0,ITC,ITC2,2,Valle d'Aosta / Vallée d'Aoste,Valle d'Aosta,125666,2394,1.91,0.02
1546,2021-02-18,VDA,349,153,196,61,41,45,180,14,8,261,88,ITC,ITC2,2,Valle d'Aosta / Vallée d'Aoste,Valle d'Aosta,125666,2743,2.18,0.28
1547,2021-02-19,VDA,292,102,190,17,30,35,145,0,65,268,24,ITC,ITC2,2,Valle d'Aosta / Vallée d'Aoste,Valle d'Aosta,125666,3035,2.42,0.23
1548,2021-03-12,VDA,529,175,354,14,104,7,148,2,254,303,226,ITC,ITC2,2,Valle d'Aosta / Vallée d'Aoste,Valle d'Aosta,125666,3564,2.84,0.42
1549,2021-01-12,VDA,302,72,230,242,49,11,0,0,0,302,0,ITC,ITC2,2,Valle d'Aosta / Vallée d'Aoste,Valle d'Aosta,125666,3866,3.08,0.24
1550,2021-01-18,VDA,213,74,139,29,111,27,46,0,0,213,0,ITC,ITC2,2,Valle d'Aosta / Vallée d'Aoste,Valle d'Aosta,125666,4079,3.25,0.17
1551,2021-03-07,VDA,64,30,34,16,19,0,26,2,1,11,53,ITC,ITC2,2,Valle d'Aosta / Vallée d'Aoste,Valle d'Aosta,125666,4143,3.3,0.05
1552,2021-03-01,VDA,181,66,115,19,15,29,116,2,0,147,34,ITC,ITC2,2,Valle d'Aosta / Vallée d'Aoste,Valle d'Aosta,125666,4324,3.44,0.14
1553,2021-01-08,VDA,299,130,169,240,43,16,0,0,0,299,0,ITC,ITC2,2,Valle d'Aosta / Vallée d'Aoste,Valle d'Aosta,125666,4623,3.68,0.24
1554,2021-01-30,VDA,436,202,234,232,192,12,0,0,0,13,423,ITC,ITC2,2,Valle d'Aosta / Vallée d'Aoste,Valle d'Aosta,125666,5059,4.03,0.35
1555,2021-02-10,VDA,248,77,171,51,25,26,127,1,18,141,107,ITC,ITC2,2,Valle d'Aosta / Vallée d'Aoste,Valle d'Aosta,125666,5307,4.22,0.2
1556,2021-01-17,VDA,131,56,75,49,3,20,59,0,0,131,0,ITC,ITC2,2,Valle d'Aosta / Vallée d'Aoste,Valle d'Aosta,125666,5438,4.33,0.1
1557,2021-01-19,VDA,256,77,179,160,24,15,57,0,0,256,0,ITC,ITC2,2,Valle d'Aosta / Vallée d'Aoste,Valle d'Aosta,125666,5694,4.53,0.2
1558,2021-03-10,VDA,436,182,254,9,68,17,336,6,0,225,211,ITC,ITC2,2,Valle d'Aosta / Vallée d'Aoste,Valle d'Aosta,125666,6130,4.88,0.35
1559,2021-02-20,VDA,249,209,40,6,51,7,2,174,9,240,9,ITC,ITC2,2,Valle d'Aosta / Vallée d'Aoste,Valle d'Aosta,125666,6379,5.08,0.2
1560,2021-03-02,VDA,339,166,173,17,106,39,107,65,5,336,3,ITC,ITC2,2,Valle d'Aosta / Vallée d'Aoste,Valle d'Aosta,125666,6718,5.35,0.27
1561,2021-01-20,VDA,23,8,15,0,0,6,17,0,0,23,0,ITC,ITC2,2,Valle d'Aosta / Vallée d'Aoste,Valle d'Aosta,125666,6741,5.36,0.02
1562,2021-03-15,VDA,361,122,239,20,45,10,215,6,65,159,202,ITC,ITC2,2,Valle d'Aosta / Vallée d'Aoste,Valle d'Aosta,125666,7102,5.65,0.29
1563,2021-02-21,VDA,18,3,15,0,0,18,0,0,0,0,18,ITC,ITC2,2,Valle d'Aosta / Vallée d'Aoste,Valle d'Aosta,125666,7120,5.67,0.01
1564,2021-01-09,VDA,443,199,244,225,196,22,0,0,0,443,0,ITC,ITC2,2,Valle d'Aosta / Vallée d'Aoste,Valle d'Aosta,125666,7563,6.02,0.35
1565,2021-01-21,VDA,33,12,21,0,0,33,0,0,0,33,0,ITC,ITC2,2,Valle d'Aosta / Vallée d'Aoste,Valle d'Aosta,125666,7596,6.04,0.03
1566,2021-02-09,VDA,251,84,167,78,30,14,75,1,53,68,183,ITC,ITC2,2,Valle d'Aosta / Vallée d'Aoste,Valle d'Aosta,125666,7847,6.24,0.2
1567,2021-02-17,VDA,327,144,183,25,19,30,237,16,0,227,100,ITC,ITC2,2,Valle d'Aosta / Vallée d'Aoste,Valle d'Aosta,125666,8174,6.5,0.26
1568,2021-03-06,VDA,22,4,18,13,0,5,4,0,0,22,0,ITC,ITC2,2,Valle d'Aosta / Vallée d'Aoste,Valle d'Aosta,125666,8196,6.52,0.02
1569,2021-02-26,VDA,206,57,149,67,34,4,96,4,1,122,84,ITC,ITC2,2,Valle d'Aosta / Vallée d'Aoste,Valle d'Aosta,125666,8402,6.69,0.16
1570,2021-01-05,VDA,150,54,96,127,12,11,0,0,0,150,0,ITC,ITC2,2,Valle d'Aosta / Vallée d'Aoste,Valle d'Aosta,125666,8552,6.81,0.12
1571,2021-01-10,VDA,220,71,149,172,29,19,0,0,0,220,0,ITC,ITC2,2,Valle d'Aosta / Vallée d'Aoste,Valle d'Aosta,125666,8772,6.98,0.18
1572,2021-03-03,VDA,254,117,137,9,111,1,128,1,4,186,68,ITC,ITC2,2,Valle d'Aosta / Vallée d'Aoste,Valle d'Aosta,125666,9026,7.18,0.2
1573,2021-03-14,VDA,390,200,190,6,298,0,0,34,52,390,0,ITC,ITC2,2,Valle d'Aosta / Vallée d'Aoste,Valle d'Aosta,125666,9416,7.49,0.31
1574,2021-01-06,VDA,65,33,32,29,18,18,0,0,0,65,0,ITC,ITC2,2,Valle d'Aosta / Vallée d'Aoste,Valle d'Aosta,125666,9481,7.54,0.05
1575,2021-01-14,VDA,237,69,168,151,84,0,2,0,0,237,0,ITC,ITC2,2,Valle d'Aosta / Vallée d'Aoste,Valle d'Aosta,125666,9718,7.73,0.19
1576,2021-02-22,VDA,316,94,222,62,41,37,103,6,67,213,103,ITC,ITC2,2,Valle d'Aosta / Vallée d'Aoste,Valle d'Aosta,125666,10034,7.98,0.25
1577,2021-01-28,VDA,290,123,167,194,88,6,2,0,0,56,234,ITC,ITC2,2,Valle d'Aosta / Vallée d'Aoste,Valle d'Aosta,125666,10324,8.22,0.23
1578,2021-02-13,VDA,215,195,20,0,54,0,0,161,0,215,0,ITC,ITC2,2,Valle d'Aosta / Vallée d'Aoste,Valle d'Aosta,125666,10539,8.39,0.17
1579,2021-02-24,VDA,183,82,101,30,15,13,65,53,7,164,19,ITC,ITC2,2,Valle d'Aosta / Vallée d'Aoste,Valle d'Aosta,125666,10722,8.53,0.15
1580,2021-01-29,VDA,316,138,178,259,41,16,0,0,0,2,314,ITC,ITC2,2,Valle d'Aosta / Vallée d'Aoste,Valle d'Aosta,125666,11038,8.78,0.25
1581,2021-02-03,VDA,351,114,237,157,141,52,1,0,0,14,337,ITC,ITC2,2,Valle d'Aosta / Vallée d'Aoste,Valle d'Aosta,125666,11389,9.06,0.28
1582,2021-02-12,VDA,263,96,167,51,50,26,131,0,5,217,46,ITC,ITC2,2,Valle d'Aosta / Vallée d'Aoste,Valle d'Aosta,125666,11652,9.27,0.21
1583,2021-03-09,VDA,204,96,108,2,79,23,36,39,25,172,32,ITC,ITC2,2,Valle d'Aosta / Vallée d'Aoste,Valle d'Aosta,125666,11856,9.43,0.16
1584,2021-01-26,VDA,139,48,91,115,12,12,0,0,0,0,139,ITC,ITC2,2,Valle d'Aosta / Vallée d'Aoste,Valle d'Aosta,125666,11995,9.55,0.11
1585,2021-01-25,VDA,147,65,82,125,16,6,0,0,0,0,147,ITC,ITC2,2,Valle d'Aosta / Vallée d'Aoste,Valle d'Aosta,125666,12142,9.66,0.12
1586,2021-02-14,VDA,48,16,32,6,0,42,0,0,0,1,47,ITC,ITC2,2,Valle d'Aosta / Vallée d'Aoste,Valle d'Aosta,125666,12190,9.7,0.04
1587,2021-02-15,VDA,264,136,128,24,29,24,170,15,2,229,35,ITC,ITC2,2,Valle d'Aosta / Vallée d'Aoste,Valle d'Aosta,125666,12454,9.91,0.21
1588,2021-01-11,VDA,325,112,213,238,57,30,0,0,0,325,0,ITC,ITC2,2,Valle d'Aosta / Vallée d'Aoste,Valle d'Aosta,125666,12779,10.17,0.26
1589,2021-02-08,VDA,223,83,140,28,103,3,64,0,25,25,198,ITC,ITC2,2,Valle d'Aosta / Vallée d'Aoste,Valle d'Aosta,125666,13002,10.35,0.18
1590,2021-02-02,VDA,271,70,201,225,43,3,0,0,0,2,269,ITC,ITC2,2,Valle d'Aosta / Vallée d'Aoste,Valle d'Aosta,125666,13273,10.56,0.22
1591,2021-02-23,VDA,216,123,93,0,165,0,0,35,16,216,0,ITC,ITC2,2,Valle d'Aosta / Vallée d'Aoste,Valle d'Aosta,125666,13489,10.73,0.17
1592,2021-02-27,VDA,230,84,146,69,30,1,126,4,0,124,106,ITC,ITC2,2,Valle d'Aosta / Vallée d'Aoste,Valle d'Aosta,125666,13719,10.92,0.18
1593,2021-01-02,VDA,6,5,1,0,0,6,0,0,0,6,0,ITC,ITC2,2,Valle d'Aosta / Vallée d'Aoste,Valle d'Aosta,125666,13725,10.92,0.0
1594,2021-02-06,VDA,289,104,185,170,44,0,74,1,0,92,197,ITC,ITC2,2,Valle d'Aosta / Vallée d'Aoste,Valle d'Aosta,125666,14014,11.15,0.23
1595,2021-01-22,VDA,56,21,35,36,0,20,0,0,0,20,36,ITC,ITC2,2,Valle d'Aosta / Vallée d'Aoste,Valle d'Aosta,125666,14070,11.2,0.04
1596,2021-02-25,VDA,201,101,100,6,157,11,0,25,2,194,7,ITC,ITC2,2,Valle d'Aosta / Vallée d'Aoste,Valle d'Aosta,125666,14271,11.36,0.16
1597,2021-01-04,VDA,142,59,83,126,16,0,0,0,0,142,0,ITC,ITC2,2,Valle d'Aosta / Vallée d'Aoste,Valle d'Aosta,125666,14413,11.47,0.11
1598,2021-02-16,VDA,325,53,272,10,58,12,5,4,236,320,5,ITC,ITC2,2,Valle d'Aosta / Vallée d'Aoste,Valle d'Aosta,125666,14738,11.73,0.26
1599,2021-02-07,VDA,292,120,172,110,72,0,105,2,3,190,102,ITC,ITC2,2,Valle d'Aosta / Vallée d'Aoste,Valle d'Aosta,125666,15030,11.96,0.23
1600,2021-02-28,VDA,260,86,174,78,58,24,93,3,4,77,183,ITC,ITC2,2,Valle d'Aosta / Vallée d'Aoste,Valle d'Aosta,125666,15290,12.17,0.21
1601,2021-01-31,VDA,290,90,200,231,41,18,0,0,0,58,232,ITC,ITC2,2,Valle d'Aosta / Vallée d'Aoste,Valle d'Aosta,125666,15580,12.4,0.23
1602,2020-12-31,VDA,18,4,14,16,2,0,0,0,0,18,0,ITC,ITC2,2,Valle d'Aosta / Vallée d'Aoste,Valle d'Aosta,125666,15598,12.41,0.01
1603,2021-01-27,VDA,151,71,80,53,27,18,53,0,0,79,72,ITC,ITC2,2,Valle d'Aosta / Vallée d'Aoste,Valle d'Aosta,125666,15749,12.53,0.12
1604,2021-03-16,VDA,112,16,96,2,57,13,40,0,0,52,60,ITC,ITC2,2,Valle d'Aosta / Vallée d'Aoste,Valle d'Aosta,125666,15861,12.62,0.09
1605,2021-02-11,VDA,231,107,124,53,38,0,127,13,0,222,9,ITC,ITC2,2,Valle d'Aosta / Vallée d'Aoste,Valle d'Aosta,125666,16092,12.81,0.18
1606,2021-03-04,VDA,291,139,152,55,58,2,160,14,2,42,249,ITC,ITC2,2,Valle d'Aosta / Vallée d'Aoste,Valle d'Aosta,125666,16383,13.04,0.23
1607,2021-02-05,VDA,294,102,192,159,82,0,53,0,0,101,193,ITC,ITC2,2,Valle d'Aosta / Vallée d'Aoste,Valle d'Aosta,125666,16677,13.27,0.23
1608,2021-01-13,VDA,337,110,227,166,143,28,0,0,0,337,0,ITC,ITC2,2,Valle d'Aosta / Vallée d'Aoste,Valle d'Aosta,125666,17014,13.54,0.27
1609,2021-03-13,VDA,142,84,58,2,114,0,0,23,3,142,0,ITC,ITC2,2,Valle d'Aosta / Vallée d'Aoste,Valle d'Aosta,125666,17156,13.65,0.11
