,data,area,Vaccinazioni giornaliere,sesso_maschile,sesso_femminile,prima_dose,seconda_dose,pregressa_infezione,codice_NUTS1,codice_NUTS2,codice_regione_ISTAT,nome_area,Regione,popolazione,Totale vaccinazioni,Totale vaccinazioni ogni cento ab,Vaccinazioni giornaliere ogni cento ab
0,2021-04-16,LAZ,34560,15760,18800,21915,12210,435,ITI,ITI4,12,Lazio,Lazio,5879082,34560,0.59,0.59
1,2021-01-23,LAZ,7216,2870,4346,586,6630,0,ITI,ITI4,12,Lazio,Lazio,5879082,41776,0.71,0.12
2,2021-01-06,LAZ,5200,1991,3209,5080,0,120,ITI,ITI4,12,Lazio,Lazio,5879082,46976,0.8,0.09
3,2021-03-16,LAZ,13602,5768,7834,7050,6469,83,ITI,ITI4,12,Lazio,Lazio,5879082,60578,1.03,0.23
4,2021-03-09,LAZ,22040,9958,12082,16456,5223,361,ITI,ITI4,12,Lazio,Lazio,5879082,82618,1.41,0.37
5,2021-01-11,LAZ,5663,2148,3515,5517,0,146,ITI,ITI4,12,Lazio,Lazio,5879082,88281,1.5,0.1
6,2021-02-20,LAZ,9215,4275,4940,8367,776,72,ITI,ITI4,12,Lazio,Lazio,5879082,97496,1.66,0.16
7,2021-05-31,LAZ,51800,23067,28733,30877,19902,1021,ITI,ITI4,12,Lazio,Lazio,5879082,149296,2.54,0.88
8,2021-04-04,LAZ,17667,8201,9466,12262,5291,114,ITI,ITI4,12,Lazio,Lazio,5879082,166963,2.84,0.3
9,2021-08-08,LAZ,50232,26002,24230,17972,31432,828,ITI,ITI4,12,Lazio,Lazio,5879082,217195,3.69,0.85
10,2021-06-26,LAZ,56227,26503,29724,24707,30926,594,ITI,ITI4,12,Lazio,Lazio,5879082,273422,4.65,0.96
11,2021-04-30,LAZ,41710,18481,23229,26627,14370,713,ITI,ITI4,12,Lazio,Lazio,5879082,315132,5.36,0.71
12,2021-08-22,LAZ,8753,5288,3465,2523,6140,90,ITI,ITI4,12,Lazio,Lazio,5879082,323885,5.51,0.15
13,2021-06-19,LAZ,66566,31406,35160,35278,30469,819,ITI,ITI4,12,Lazio,Lazio,5879082,390451,6.64,1.13
14,2021-05-26,LAZ,47664,21923,25741,34876,12142,646,ITI,ITI4,12,Lazio,Lazio,5879082,438115,7.45,0.81
15,2021-03-04,LAZ,19462,8744,10718,14181,5033,248,ITI,ITI4,12,Lazio,Lazio,5879082,457577,7.78,0.33
16,2021-06-12,LAZ,69939,32121,37818,39882,29412,645,ITI,ITI4,12,Lazio,Lazio,5879082,527516,8.97,1.19
17,2021-06-14,LAZ,63088,29557,33531,32328,30196,564,ITI,ITI4,12,Lazio,Lazio,5879082,590604,10.05,1.07
18,2021-03-21,LAZ,18292,7202,11090,13028,5071,193,ITI,ITI4,12,Lazio,Lazio,5879082,608896,10.36,0.31
19,2021-07-22,LAZ,61165,30563,30602,28497,31142,1526,ITI,ITI4,12,Lazio,Lazio,5879082,670061,11.4,1.04
20,2021-05-17,LAZ,44640,20442,24198,35420,8615,605,ITI,ITI4,12,Lazio,Lazio,5879082,714701,12.16,0.76
21,2021-02-06,LAZ,6230,2543,3687,898,5328,4,ITI,ITI4,12,Lazio,Lazio,5879082,720931,12.26,0.11
22,2021-03-30,LAZ,27116,13186,13930,19542,7215,359,ITI,ITI4,12,Lazio,Lazio,5879082,748047,12.72,0.46
23,2021-07-08,LAZ,64332,31583,32749,28171,35491,670,ITI,ITI4,12,Lazio,Lazio,5879082,812379,13.82,1.09
24,2021-07-27,LAZ,56392,27385,29007,8085,47979,328,ITI,ITI4,12,Lazio,Lazio,5879082,868771,14.78,0.96
25,2021-04-18,LAZ,23866,10608,13258,15852,7698,316,ITI,ITI4,12,Lazio,Lazio,5879082,892637,15.18,0.41
26,2021-02-18,LAZ,10028,4980,5048,9101,820,107,ITI,ITI4,12,Lazio,Lazio,5879082,902665,15.35,0.17
27,2021-05-12,LAZ,47618,21620,25998,30241,16686,691,ITI,ITI4,12,Lazio,Lazio,5879082,950283,16.16,0.81
28,2021-02-01,LAZ,5684,2185,3499,353,5330,1,ITI,ITI4,12,Lazio,Lazio,5879082,955967,16.26,0.1
29,2021-02-25,LAZ,12778,5596,7182,11399,1181,198,ITI,ITI4,12,Lazio,Lazio,5879082,968745,16.48,0.22
30,2021-06-05,LAZ,66389,32709,33680,42940,22779,670,ITI,ITI4,12,Lazio,Lazio,5879082,1035134,17.61,1.13
31,2021-01-25,LAZ,8121,3251,4870,776,7345,0,ITI,ITI4,12,Lazio,Lazio,5879082,1043255,17.75,0.14
32,2021-05-05,LAZ,46855,21500,25355,30358,15870,627,ITI,ITI4,12,Lazio,Lazio,5879082,1090110,18.54,0.8
33,2021-03-02,LAZ,17239,7631,9608,13106,3956,177,ITI,ITI4,12,Lazio,Lazio,5879082,1107349,18.84,0.29
34,2021-01-18,LAZ,6387,2604,3783,5280,981,126,ITI,ITI4,12,Lazio,Lazio,5879082,1113736,18.94,0.11
35,2021-04-28,LAZ,33037,15075,17962,20912,11666,459,ITI,ITI4,12,Lazio,Lazio,5879082,1146773,19.51,0.56
36,2021-03-28,LAZ,19194,7835,11359,13541,5314,339,ITI,ITI4,12,Lazio,Lazio,5879082,1165967,19.83,0.33
37,2021-05-07,LAZ,48328,22656,25672,29795,17818,715,ITI,ITI4,12,Lazio,Lazio,5879082,1214295,20.65,0.82
38,2021-03-11,LAZ,25510,12032,13478,18864,6287,359,ITI,ITI4,12,Lazio,Lazio,5879082,1239805,21.09,0.43
39,2021-08-15,LAZ,1498,922,576,780,696,22,ITI,ITI4,12,Lazio,Lazio,5879082,1241303,21.11,0.03
40,2021-07-03,LAZ,53239,25068,28171,4640,48452,147,ITI,ITI4,12,Lazio,Lazio,5879082,1294542,22.02,0.91
41,2020-12-30,LAZ,1656,639,1017,1645,0,11,ITI,ITI4,12,Lazio,Lazio,5879082,1296198,22.05,0.03
42,2021-07-01,LAZ,48547,23229,25318,7200,41131,216,ITI,ITI4,12,Lazio,Lazio,5879082,1344745,22.87,0.83
43,2021-04-09,LAZ,27727,12623,15104,19120,8278,329,ITI,ITI4,12,Lazio,Lazio,5879082,1372472,23.35,0.47
44,2021-03-23,LAZ,25472,11960,13512,18480,6638,354,ITI,ITI4,12,Lazio,Lazio,5879082,1397944,23.78,0.43
45,2021-02-15,LAZ,8044,3549,4495,7310,646,88,ITI,ITI4,12,Lazio,Lazio,5879082,1405988,23.92,0.14
46,2021-02-11,LAZ,7000,3011,3989,6441,533,26,ITI,ITI4,12,Lazio,Lazio,5879082,1412988,24.03,0.12
47,2021-04-11,LAZ,19239,8532,10707,13122,5928,189,ITI,ITI4,12,Lazio,Lazio,5879082,1432227,24.36,0.33
48,2021-02-13,LAZ,6612,2627,3985,6145,420,47,ITI,ITI4,12,Lazio,Lazio,5879082,1438839,24.47,0.11
49,2021-07-20,LAZ,63414,31641,31773,28466,33714,1234,ITI,ITI4,12,Lazio,Lazio,5879082,1502253,25.55,1.08
50,2021-05-24,LAZ,44039,20203,23836,33567,9820,652,ITI,ITI4,12,Lazio,Lazio,5879082,1546292,26.3,0.75
51,2021-01-03,LAZ,5339,2013,3326,5280,0,59,ITI,ITI4,12,Lazio,Lazio,5879082,1551631,26.39,0.09
52,2021-04-13,LAZ,25839,11980,13859,17637,7749,453,ITI,ITI4,12,Lazio,Lazio,5879082,1577470,26.83,0.44
53,2021-08-10,LAZ,50782,26255,24527,21439,28377,966,ITI,ITI4,12,Lazio,Lazio,5879082,1628252,27.7,0.86
54,2021-05-19,LAZ,47320,21741,25579,36489,10155,676,ITI,ITI4,12,Lazio,Lazio,5879082,1675572,28.5,0.8
55,2021-08-27,LAZ,30513,16011,14502,7623,22329,561,ITI,ITI4,12,Lazio,Lazio,5879082,1706085,29.02,0.52
56,2021-01-04,LAZ,7578,2941,4637,7472,0,106,ITI,ITI4,12,Lazio,Lazio,5879082,1713663,29.15,0.13
57,2021-06-24,LAZ,64050,30553,33497,28622,34771,657,ITI,ITI4,12,Lazio,Lazio,5879082,1777713,30.24,1.09
58,2021-06-07,LAZ,62651,29323,33328,32712,29343,596,ITI,ITI4,12,Lazio,Lazio,5879082,1840364,31.3,1.07
59,2021-07-15,LAZ,45009,22040,22969,6717,37872,420,ITI,ITI4,12,Lazio,Lazio,5879082,1885373,32.07,0.77
60,2021-01-13,LAZ,5806,2191,3615,5644,0,162,ITI,ITI4,12,Lazio,Lazio,5879082,1891179,32.17,0.1
61,2021-04-23,LAZ,37976,18286,19690,22033,15405,538,ITI,ITI4,12,Lazio,Lazio,5879082,1929155,32.81,0.65
62,2021-08-03,LAZ,31932,16232,15700,4860,26880,192,ITI,ITI4,12,Lazio,Lazio,5879082,1961087,33.36,0.54
63,2021-01-30,LAZ,7020,2897,4123,813,6206,1,ITI,ITI4,12,Lazio,Lazio,5879082,1968107,33.48,0.12
64,2021-07-19,LAZ,63167,31060,32107,28322,33719,1126,ITI,ITI4,12,Lazio,Lazio,5879082,2031274,34.55,1.07
65,2021-08-29,LAZ,27385,13935,13450,9026,17770,589,ITI,ITI4,12,Lazio,Lazio,5879082,2058659,35.02,0.47
66,2021-04-01,LAZ,29793,14135,15658,22230,7175,388,ITI,ITI4,12,Lazio,Lazio,5879082,2088452,35.52,0.51
67,2021-07-10,LAZ,71100,35683,35417,25038,45401,661,ITI,ITI4,12,Lazio,Lazio,5879082,2159552,36.73,1.21
68,2021-07-24,LAZ,30761,15517,15244,3229,27376,156,ITI,ITI4,12,Lazio,Lazio,5879082,2190313,37.26,0.52
69,2021-06-23,LAZ,62355,29375,32980,28437,33414,504,ITI,ITI4,12,Lazio,Lazio,5879082,2252668,38.32,1.06
70,2021-03-27,LAZ,26551,10799,15752,19484,6517,550,ITI,ITI4,12,Lazio,Lazio,5879082,2279219,38.77,0.45
71,2021-08-31,LAZ,25167,12330,12837,9692,14671,804,ITI,ITI4,12,Lazio,Lazio,5879082,2304386,39.2,0.43
72,2021-07-05,LAZ,61714,29710,32004,25603,35044,1067,ITI,ITI4,12,Lazio,Lazio,5879082,2366100,40.25,1.05
73,2021-05-23,LAZ,47177,22891,24286,39127,7405,645,ITI,ITI4,12,Lazio,Lazio,5879082,2413277,41.05,0.8
74,2021-05-09,LAZ,37569,17271,20298,25782,11287,500,ITI,ITI4,12,Lazio,Lazio,5879082,2450846,41.69,0.64
75,2021-08-17,LAZ,7790,4413,3377,3599,4095,96,ITI,ITI4,12,Lazio,Lazio,5879082,2458636,41.82,0.13
76,2021-07-12,LAZ,41441,20725,20716,5870,35342,229,ITI,ITI4,12,Lazio,Lazio,5879082,2500077,42.52,0.7
77,2021-05-16,LAZ,51019,24571,26448,36902,13515,602,ITI,ITI4,12,Lazio,Lazio,5879082,2551096,43.39,0.87
78,2021-08-24,LAZ,18520,9872,8648,11504,6306,710,ITI,ITI4,12,Lazio,Lazio,5879082,2569616,43.71,0.32
79,2021-06-28,LAZ,58980,28201,30779,27510,31021,449,ITI,ITI4,12,Lazio,Lazio,5879082,2628596,44.71,1.0
80,2021-06-09,LAZ,70532,33406,37126,35990,33903,639,ITI,ITI4,12,Lazio,Lazio,5879082,2699128,45.91,1.2
81,2021-04-27,LAZ,30833,13923,16910,19420,10959,454,ITI,ITI4,12,Lazio,Lazio,5879082,2729961,46.44,0.52
82,2021-03-01,LAZ,17130,7370,9760,12982,3889,259,ITI,ITI4,12,Lazio,Lazio,5879082,2747091,46.73,0.29
83,2021-08-05,LAZ,33006,17092,15914,21580,10415,1011,ITI,ITI4,12,Lazio,Lazio,5879082,2780097,47.29,0.56
84,2021-02-22,LAZ,11466,4995,6471,10808,504,154,ITI,ITI4,12,Lazio,Lazio,5879082,2791563,47.48,0.2
85,2021-02-03,LAZ,6495,2491,4004,960,5528,7,ITI,ITI4,12,Lazio,Lazio,5879082,2798058,47.59,0.11
86,2021-01-20,LAZ,4820,1952,2868,3271,1545,4,ITI,ITI4,12,Lazio,Lazio,5879082,2802878,47.68,0.08
87,2021-05-14,LAZ,51632,23596,28036,32419,18399,814,ITI,ITI4,12,Lazio,Lazio,5879082,2854510,48.55,0.88
88,2021-03-18,LAZ,14300,6111,8189,7778,6432,90,ITI,ITI4,12,Lazio,Lazio,5879082,2868810,48.8,0.24
89,2021-06-21,LAZ,62018,28812,33206,28501,32905,612,ITI,ITI4,12,Lazio,Lazio,5879082,2930828,49.85,1.05
90,2021-03-13,LAZ,21852,8756,13096,15699,5915,238,ITI,ITI4,12,Lazio,Lazio,5879082,2952680,50.22,0.37
91,2021-02-08,LAZ,9749,4160,5589,4507,5240,2,ITI,ITI4,12,Lazio,Lazio,5879082,2962429,50.39,0.17
92,2021-07-31,LAZ,56209,29541,26668,5558,50347,304,ITI,ITI4,12,Lazio,Lazio,5879082,3018638,51.35,0.96
93,2021-01-08,LAZ,7956,2979,4977,7759,0,197,ITI,ITI4,12,Lazio,Lazio,5879082,3026594,51.48,0.14
94,2021-07-29,LAZ,56037,28552,27485,7667,47993,377,ITI,ITI4,12,Lazio,Lazio,5879082,3082631,52.43,0.95
95,2021-04-15,LAZ,32048,14356,17692,20657,10883,508,ITI,ITI4,12,Lazio,Lazio,5879082,3114679,52.98,0.55
96,2021-08-26,LAZ,32068,16637,15431,8209,23307,552,ITI,ITI4,12,Lazio,Lazio,5879082,3146747,53.52,0.55
97,2021-02-10,LAZ,8209,3414,4795,4847,3357,5,ITI,ITI4,12,Lazio,Lazio,5879082,3154956,53.66,0.14
98,2021-05-21,LAZ,52109,25068,27041,37302,14105,702,ITI,ITI4,12,Lazio,Lazio,5879082,3207065,54.55,0.89
99,2021-06-04,LAZ,62066,30265,31801,43560,17863,643,ITI,ITI4,12,Lazio,Lazio,5879082,3269131,55.61,1.06
100,2021-05-04,LAZ,40290,18537,21753,26067,13699,524,ITI,ITI4,12,Lazio,Lazio,5879082,3309421,56.29,0.69
101,2021-08-12,LAZ,47689,24684,23005,20608,26104,977,ITI,ITI4,12,Lazio,Lazio,5879082,3357110,57.1,0.81
102,2021-01-15,LAZ,6710,2760,3950,6539,0,171,ITI,ITI4,12,Lazio,Lazio,5879082,3363820,57.22,0.11
103,2021-04-25,LAZ,24581,11280,13301,16374,7875,332,ITI,ITI4,12,Lazio,Lazio,5879082,3388401,57.63,0.42
104,2021-04-06,LAZ,24650,11286,13364,17149,7177,324,ITI,ITI4,12,Lazio,Lazio,5879082,3413051,58.05,0.42
105,2020-12-27,LAZ,276,132,144,276,0,0,ITI,ITI4,12,Lazio,Lazio,5879082,3413327,58.06,0.0
106,2021-02-24,LAZ,12058,5213,6845,10932,997,129,ITI,ITI4,12,Lazio,Lazio,5879082,3425385,58.26,0.21
107,2021-07-07,LAZ,62687,31047,31640,28392,33698,597,ITI,ITI4,12,Lazio,Lazio,5879082,3488072,59.33,1.07
108,2021-03-29,LAZ,25584,12151,13433,18188,7083,313,ITI,ITI4,12,Lazio,Lazio,5879082,3513656,59.77,0.44
109,2021-03-15,LAZ,21034,9873,11161,14001,6770,263,ITI,ITI4,12,Lazio,Lazio,5879082,3534690,60.12,0.36
110,2021-02-12,LAZ,6857,2857,4000,6353,422,82,ITI,ITI4,12,Lazio,Lazio,5879082,3541547,60.24,0.12
111,2020-12-31,LAZ,5375,2151,3224,5315,0,60,ITI,ITI4,12,Lazio,Lazio,5879082,3546922,60.33,0.09
112,2021-04-10,LAZ,23951,10423,13528,16472,7204,275,ITI,ITI4,12,Lazio,Lazio,5879082,3570873,60.74,0.41
113,2021-02-05,LAZ,7336,2998,4338,1219,6114,3,ITI,ITI4,12,Lazio,Lazio,5879082,3578209,60.86,0.12
114,2021-06-02,LAZ,43529,21602,21927,31442,11532,555,ITI,ITI4,12,Lazio,Lazio,5879082,3621738,61.6,0.74
115,2021-06-11,LAZ,69805,32844,36961,36685,32469,651,ITI,ITI4,12,Lazio,Lazio,5879082,3691543,62.79,1.19
116,2021-08-07,LAZ,34727,18772,15955,21797,11818,1112,ITI,ITI4,12,Lazio,Lazio,5879082,3726270,63.38,0.59
117,2021-05-06,LAZ,48886,22783,26103,30544,17610,732,ITI,ITI4,12,Lazio,Lazio,5879082,3775156,64.21,0.83
118,2021-05-02,LAZ,32924,14457,18467,22935,9461,528,ITI,ITI4,12,Lazio,Lazio,5879082,3808080,64.77,0.56
119,2021-01-22,LAZ,4013,1640,2373,497,3516,0,ITI,ITI4,12,Lazio,Lazio,5879082,3812093,64.84,0.07
120,2021-02-27,LAZ,11534,4336,7198,10343,1047,144,ITI,ITI4,12,Lazio,Lazio,5879082,3823627,65.04,0.2
121,2021-05-20,LAZ,51892,25048,26844,37180,13980,732,ITI,ITI4,12,Lazio,Lazio,5879082,3875519,65.92,0.88
122,2021-08-28,LAZ,32522,16979,15543,11031,20748,743,ITI,ITI4,12,Lazio,Lazio,5879082,3908041,66.47,0.55
123,2021-03-25,LAZ,29529,13717,15812,22377,6679,473,ITI,ITI4,12,Lazio,Lazio,5879082,3937570,66.98,0.5
124,2021-01-27,LAZ,6125,2392,3733,1005,5120,0,ITI,ITI4,12,Lazio,Lazio,5879082,3943695,67.08,0.1
125,2021-06-01,LAZ,49162,23724,25438,30090,18593,479,ITI,ITI4,12,Lazio,Lazio,5879082,3992857,67.92,0.84
126,2021-04-05,LAZ,19983,9153,10830,13615,6214,154,ITI,ITI4,12,Lazio,Lazio,5879082,4012840,68.26,0.34
127,2021-03-20,LAZ,19276,7674,11602,13087,5923,266,ITI,ITI4,12,Lazio,Lazio,5879082,4032116,68.58,0.33
128,2021-07-17,LAZ,43903,22147,21756,2179,41619,105,ITI,ITI4,12,Lazio,Lazio,5879082,4076019,69.33,0.75
129,2021-06-30,LAZ,63024,29663,33361,29756,32718,550,ITI,ITI4,12,Lazio,Lazio,5879082,4139043,70.4,1.07
130,2021-04-08,LAZ,26889,12328,14561,18763,7716,410,ITI,ITI4,12,Lazio,Lazio,5879082,4165932,70.86,0.46
131,2021-07-02,LAZ,48548,23267,25281,6620,41740,188,ITI,ITI4,12,Lazio,Lazio,5879082,4214480,71.69,0.83
132,2021-01-01,LAZ,3600,1396,2204,3560,0,40,ITI,ITI4,12,Lazio,Lazio,5879082,4218080,71.75,0.06
133,2021-01-10,LAZ,4136,1739,2397,4069,0,67,ITI,ITI4,12,Lazio,Lazio,5879082,4222216,71.82,0.07
134,2021-06-16,LAZ,64729,31084,33645,32081,32011,637,ITI,ITI4,12,Lazio,Lazio,5879082,4286945,72.92,1.1
135,2021-04-20,LAZ,31151,14298,16853,19347,11366,438,ITI,ITI4,12,Lazio,Lazio,5879082,4318096,73.45,0.53
136,2021-03-08,LAZ,20953,9100,11853,15347,5305,301,ITI,ITI4,12,Lazio,Lazio,5879082,4339049,73.8,0.36
137,2021-01-05,LAZ,7456,2832,4624,7353,0,103,ITI,ITI4,12,Lazio,Lazio,5879082,4346505,73.93,0.13
138,2021-01-24,LAZ,5703,2230,3473,618,5085,0,ITI,ITI4,12,Lazio,Lazio,5879082,4352208,74.03,0.1
139,2021-02-07,LAZ,4970,2048,2922,410,4559,1,ITI,ITI4,12,Lazio,Lazio,5879082,4357178,74.11,0.08
140,2021-05-18,LAZ,45094,20634,24460,34897,9586,611,ITI,ITI4,12,Lazio,Lazio,5879082,4402272,74.88,0.77
141,2021-04-03,LAZ,24853,11223,13630,17889,6737,227,ITI,ITI4,12,Lazio,Lazio,5879082,4427125,75.3,0.42
142,2021-02-19,LAZ,10061,5086,4975,9073,839,149,ITI,ITI4,12,Lazio,Lazio,5879082,4437186,75.47,0.17
143,2021-08-14,LAZ,2520,1424,1096,991,1497,32,ITI,ITI4,12,Lazio,Lazio,5879082,4439706,75.52,0.04
144,2021-08-16,LAZ,3672,2024,1648,2041,1570,61,ITI,ITI4,12,Lazio,Lazio,5879082,4443378,75.58,0.06
145,2021-01-17,LAZ,4956,2049,2907,4679,213,64,ITI,ITI4,12,Lazio,Lazio,5879082,4448334,75.66,0.08
146,2021-01-19,LAZ,4781,1964,2817,4324,454,3,ITI,ITI4,12,Lazio,Lazio,5879082,4453115,75.75,0.08
147,2021-06-20,LAZ,55332,25449,29883,29614,24958,760,ITI,ITI4,12,Lazio,Lazio,5879082,4508447,76.69,0.94
148,2021-06-06,LAZ,58279,28097,30182,35143,22538,598,ITI,ITI4,12,Lazio,Lazio,5879082,4566726,77.68,0.99
149,2021-02-26,LAZ,13134,5740,7394,11541,1406,187,ITI,ITI4,12,Lazio,Lazio,5879082,4579860,77.9,0.22
150,2021-07-09,LAZ,65044,31397,33647,27628,36669,747,ITI,ITI4,12,Lazio,Lazio,5879082,4644904,79.01,1.11
151,2021-07-28,LAZ,57741,29229,28512,8101,49289,351,ITI,ITI4,12,Lazio,Lazio,5879082,4702645,79.99,0.98
152,2021-05-25,LAZ,47633,22364,25269,35310,11727,596,ITI,ITI4,12,Lazio,Lazio,5879082,4750278,80.8,0.81
153,2021-04-12,LAZ,23942,10795,13147,16649,6964,329,ITI,ITI4,12,Lazio,Lazio,5879082,4774220,81.21,0.41
154,2021-07-21,LAZ,62836,31730,31106,28655,32816,1365,ITI,ITI4,12,Lazio,Lazio,5879082,4837056,82.28,1.07
155,2021-06-08,LAZ,66821,31896,34925,36160,30012,649,ITI,ITI4,12,Lazio,Lazio,5879082,4903877,83.41,1.14
156,2021-08-11,LAZ,48778,25546,23232,20305,27603,870,ITI,ITI4,12,Lazio,Lazio,5879082,4952655,84.24,0.83
157,2021-05-03,LAZ,39637,17898,21739,26185,12775,677,ITI,ITI4,12,Lazio,Lazio,5879082,4992292,84.92,0.67
158,2021-07-25,LAZ,24655,12138,12517,2096,22509,50,ITI,ITI4,12,Lazio,Lazio,5879082,5016947,85.34,0.42
159,2021-06-22,LAZ,62853,29078,33775,28599,33535,719,ITI,ITI4,12,Lazio,Lazio,5879082,5079800,86.4,1.07
160,2021-03-14,LAZ,17299,6779,10520,11851,5181,267,ITI,ITI4,12,Lazio,Lazio,5879082,5097099,86.7,0.29
161,2021-04-22,LAZ,39225,19512,19713,23814,14724,687,ITI,ITI4,12,Lazio,Lazio,5879082,5136324,87.37,0.67
162,2021-03-10,LAZ,23371,10679,12692,17358,5662,351,ITI,ITI4,12,Lazio,Lazio,5879082,5159695,87.76,0.4
163,2021-01-12,LAZ,5514,2022,3492,5371,0,143,ITI,ITI4,12,Lazio,Lazio,5879082,5165209,87.86,0.09
164,2021-06-18,LAZ,64409,31031,33378,30307,33347,755,ITI,ITI4,12,Lazio,Lazio,5879082,5229618,88.95,1.1
165,2021-06-17,LAZ,67052,32270,34782,31818,34509,725,ITI,ITI4,12,Lazio,Lazio,5879082,5296670,90.09,1.14
166,2021-04-21,LAZ,33162,15073,18089,20233,12487,442,ITI,ITI4,12,Lazio,Lazio,5879082,5329832,90.66,0.56
167,2021-07-30,LAZ,55945,28975,26970,7383,48206,356,ITI,ITI4,12,Lazio,Lazio,5879082,5385777,91.61,0.95
168,2021-06-03,LAZ,56865,28733,28132,38287,17854,724,ITI,ITI4,12,Lazio,Lazio,5879082,5442642,92.58,0.97
169,2021-04-29,LAZ,38855,17349,21506,24807,13368,680,ITI,ITI4,12,Lazio,Lazio,5879082,5481497,93.24,0.66
170,2021-03-03,LAZ,17903,7890,10013,13345,4311,247,ITI,ITI4,12,Lazio,Lazio,5879082,5499400,93.54,0.3
171,2021-08-09,LAZ,52525,26658,25867,21846,29625,1054,ITI,ITI4,12,Lazio,Lazio,5879082,5551925,94.44,0.89
172,2021-01-26,LAZ,7977,3132,4845,732,7245,0,ITI,ITI4,12,Lazio,Lazio,5879082,5559902,94.57,0.14
173,2021-04-02,LAZ,29554,14171,15383,21756,7398,400,ITI,ITI4,12,Lazio,Lazio,5879082,5589456,95.07,0.5
174,2021-05-01,LAZ,38267,17209,21058,25703,12077,487,ITI,ITI4,12,Lazio,Lazio,5879082,5627723,95.72,0.65
175,2021-04-17,LAZ,32487,14252,18235,19958,12066,463,ITI,ITI4,12,Lazio,Lazio,5879082,5660210,96.28,0.55
176,2021-07-26,LAZ,50867,25060,25807,6663,43892,312,ITI,ITI4,12,Lazio,Lazio,5879082,5711077,97.14,0.87
177,2021-07-14,LAZ,42194,20569,21625,6204,35627,363,ITI,ITI4,12,Lazio,Lazio,5879082,5753271,97.86,0.72
178,2021-01-09,LAZ,6419,2611,3808,6306,0,113,ITI,ITI4,12,Lazio,Lazio,5879082,5759690,97.97,0.11
179,2021-04-19,LAZ,30162,13714,16448,18953,10730,479,ITI,ITI4,12,Lazio,Lazio,5879082,5789852,98.48,0.51
180,2021-02-21,LAZ,7000,3184,3816,6485,467,48,ITI,ITI4,12,Lazio,Lazio,5879082,5796852,98.6,0.12
181,2021-08-06,LAZ,33228,17419,15809,22111,10068,1049,ITI,ITI4,12,Lazio,Lazio,5879082,5830080,99.17,0.57
182,2021-06-10,LAZ,72218,34126,38092,37320,34052,846,ITI,ITI4,12,Lazio,Lazio,5879082,5902298,100.39,1.23
183,2021-04-14,LAZ,29401,13327,16074,18850,10197,354,ITI,ITI4,12,Lazio,Lazio,5879082,5931699,100.89,0.5
184,2021-07-23,LAZ,58469,29331,29138,26806,29893,1770,ITI,ITI4,12,Lazio,Lazio,5879082,5990168,101.89,0.99
185,2021-03-17,LAZ,13880,5950,7930,7472,6291,117,ITI,ITI4,12,Lazio,Lazio,5879082,6004048,102.13,0.24
186,2021-06-25,LAZ,63441,30649,32792,28142,34703,596,ITI,ITI4,12,Lazio,Lazio,5879082,6067489,103.2,1.08
187,2021-06-27,LAZ,47265,21617,25648,20591,26188,486,ITI,ITI4,12,Lazio,Lazio,5879082,6114754,104.01,0.8
188,2021-08-23,LAZ,22603,12315,10288,16272,5359,972,ITI,ITI4,12,Lazio,Lazio,5879082,6137357,104.39,0.38
189,2021-03-22,LAZ,23420,10563,12857,16356,6732,332,ITI,ITI4,12,Lazio,Lazio,5879082,6160777,104.79,0.4
190,2020-12-29,LAZ,496,182,314,492,0,4,ITI,ITI4,12,Lazio,Lazio,5879082,6161273,104.8,0.01
191,2021-06-13,LAZ,58454,26229,32225,33080,24868,506,ITI,ITI4,12,Lazio,Lazio,5879082,6219727,105.79,0.99
192,2021-03-07,LAZ,14165,5480,8685,10351,3603,211,ITI,ITI4,12,Lazio,Lazio,5879082,6233892,106.04,0.24
193,2021-06-15,LAZ,66208,31997,34211,33378,32258,572,ITI,ITI4,12,Lazio,Lazio,5879082,6300100,107.16,1.13
194,2021-03-24,LAZ,27988,13149,14839,21314,6274,400,ITI,ITI4,12,Lazio,Lazio,5879082,6328088,107.64,0.48
195,2021-07-11,LAZ,44150,22261,21889,3766,40233,151,ITI,ITI4,12,Lazio,Lazio,5879082,6372238,108.39,0.75
196,2021-01-28,LAZ,8288,3171,5117,787,7500,1,ITI,ITI4,12,Lazio,Lazio,5879082,6380526,108.53,0.14
197,2021-07-04,LAZ,46600,21696,24904,4120,42394,86,ITI,ITI4,12,Lazio,Lazio,5879082,6427126,109.32,0.79
198,2021-05-08,LAZ,45509,20779,24730,29324,15453,732,ITI,ITI4,12,Lazio,Lazio,5879082,6472635,110.1,0.77
199,2021-07-13,LAZ,42736,20949,21787,5510,36888,338,ITI,ITI4,12,Lazio,Lazio,5879082,6515371,110.82,0.73
200,2021-03-26,LAZ,30365,14068,16297,23009,6901,455,ITI,ITI4,12,Lazio,Lazio,5879082,6545736,111.34,0.52
201,2021-02-14,LAZ,5807,2381,3426,5301,475,31,ITI,ITI4,12,Lazio,Lazio,5879082,6551543,111.44,0.1
202,2021-03-12,LAZ,24106,11146,12960,17388,6356,362,ITI,ITI4,12,Lazio,Lazio,5879082,6575649,111.85,0.41
203,2021-08-13,LAZ,43481,22610,20871,20040,22386,1055,ITI,ITI4,12,Lazio,Lazio,5879082,6619130,112.59,0.74
204,2021-02-09,LAZ,8821,3782,5039,4577,4237,7,ITI,ITI4,12,Lazio,Lazio,5879082,6627951,112.74,0.15
205,2021-02-23,LAZ,11105,4790,6315,10207,769,129,ITI,ITI4,12,Lazio,Lazio,5879082,6639056,112.93,0.19
206,2021-08-20,LAZ,8284,4665,3619,2047,6144,93,ITI,ITI4,12,Lazio,Lazio,5879082,6647340,113.07,0.14
207,2021-05-29,LAZ,52107,23444,28663,40194,11049,864,ITI,ITI4,12,Lazio,Lazio,5879082,6699447,113.95,0.89
208,2021-08-01,LAZ,39233,20909,18324,5616,33315,302,ITI,ITI4,12,Lazio,Lazio,5879082,6738680,114.62,0.67
209,2021-05-10,LAZ,44511,20355,24156,30359,13445,707,ITI,ITI4,12,Lazio,Lazio,5879082,6783191,115.38,0.76
210,2021-02-04,LAZ,6447,2568,3879,1125,5321,1,ITI,ITI4,12,Lazio,Lazio,5879082,6789638,115.49,0.11
211,2021-08-25,LAZ,31644,16611,15033,9897,21152,595,ITI,ITI4,12,Lazio,Lazio,5879082,6821282,116.03,0.54
212,2021-05-22,LAZ,55221,27061,28160,43670,10706,845,ITI,ITI4,12,Lazio,Lazio,5879082,6876503,116.97,0.94
213,2021-07-06,LAZ,62603,30377,32226,28564,33544,495,ITI,ITI4,12,Lazio,Lazio,5879082,6939106,118.03,1.06
214,2021-01-21,LAZ,5667,2369,3298,556,5111,0,ITI,ITI4,12,Lazio,Lazio,5879082,6944773,118.13,0.1
215,2021-03-31,LAZ,27881,13481,14400,20393,7145,343,ITI,ITI4,12,Lazio,Lazio,5879082,6972654,118.6,0.47
216,2021-01-07,LAZ,7936,2978,4958,7779,0,157,ITI,ITI4,12,Lazio,Lazio,5879082,6980590,118.74,0.13
217,2021-02-28,LAZ,10286,4040,6246,9646,540,100,ITI,ITI4,12,Lazio,Lazio,5879082,6990876,118.91,0.17
218,2021-01-02,LAZ,6839,2681,4158,6759,0,80,ITI,ITI4,12,Lazio,Lazio,5879082,6997715,119.03,0.12
219,2021-08-18,LAZ,9385,5414,3971,3174,6096,115,ITI,ITI4,12,Lazio,Lazio,5879082,7007100,119.19,0.16
220,2021-05-27,LAZ,58539,27240,31299,43945,13804,790,ITI,ITI4,12,Lazio,Lazio,5879082,7065639,120.18,1.0
221,2021-03-05,LAZ,19608,8688,10920,14618,4753,237,ITI,ITI4,12,Lazio,Lazio,5879082,7085247,120.52,0.33
222,2021-02-16,LAZ,8359,4034,4325,7703,612,44,ITI,ITI4,12,Lazio,Lazio,5879082,7093606,120.66,0.14
223,2021-08-30,LAZ,30410,15336,15074,9922,19815,673,ITI,ITI4,12,Lazio,Lazio,5879082,7124016,121.18,0.52
224,2021-05-15,LAZ,57506,27471,30035,40047,16581,878,ITI,ITI4,12,Lazio,Lazio,5879082,7181522,122.15,0.98
225,2021-03-19,LAZ,17507,7596,9911,11003,6350,154,ITI,ITI4,12,Lazio,Lazio,5879082,7199029,122.45,0.3
226,2021-01-29,LAZ,8357,3191,5166,874,7481,2,ITI,ITI4,12,Lazio,Lazio,5879082,7207386,122.59,0.14
227,2021-02-17,LAZ,9211,4616,4595,8255,885,71,ITI,ITI4,12,Lazio,Lazio,5879082,7216597,122.75,0.16
228,2021-05-28,LAZ,57268,26638,30630,43146,13341,781,ITI,ITI4,12,Lazio,Lazio,5879082,7273865,123.72,0.97
229,2021-08-19,LAZ,9081,5197,3884,2838,6139,104,ITI,ITI4,12,Lazio,Lazio,5879082,7282946,123.88,0.15
230,2021-03-06,LAZ,18393,7096,11297,13897,4273,223,ITI,ITI4,12,Lazio,Lazio,5879082,7301339,124.19,0.31
231,2021-01-31,LAZ,4466,1858,2608,481,3985,0,ITI,ITI4,12,Lazio,Lazio,5879082,7305805,124.27,0.08
232,2021-05-11,LAZ,48384,22222,26162,31120,16586,678,ITI,ITI4,12,Lazio,Lazio,5879082,7354189,125.09,0.82
233,2021-07-16,LAZ,44024,21013,23011,2925,40920,179,ITI,ITI4,12,Lazio,Lazio,5879082,7398213,125.84,0.75
234,2021-04-24,LAZ,33581,15155,18426,20139,12900,542,ITI,ITI4,12,Lazio,Lazio,5879082,7431794,126.41,0.57
235,2021-08-02,LAZ,36995,19325,17670,6364,30405,226,ITI,ITI4,12,Lazio,Lazio,5879082,7468789,127.04,0.63
236,2021-08-21,LAZ,10130,5820,4310,3191,6843,96,ITI,ITI4,12,Lazio,Lazio,5879082,7478919,127.21,0.17
237,2021-05-30,LAZ,41276,17657,23619,33235,7376,665,ITI,ITI4,12,Lazio,Lazio,5879082,7520195,127.91,0.7
238,2021-05-13,LAZ,50275,22597,27678,31657,17872,746,ITI,ITI4,12,Lazio,Lazio,5879082,7570470,128.77,0.86
239,2021-08-04,LAZ,47337,23829,23508,20413,26283,641,ITI,ITI4,12,Lazio,Lazio,5879082,7617807,129.57,0.81
240,2021-06-29,LAZ,59516,28285,31231,27746,31181,589,ITI,ITI4,12,Lazio,Lazio,5879082,7677323,130.59,1.01
241,2021-01-14,LAZ,5598,2179,3419,5424,0,174,ITI,ITI4,12,Lazio,Lazio,5879082,7682921,130.68,0.1
242,2021-04-07,LAZ,26041,12189,13852,18345,7325,371,ITI,ITI4,12,Lazio,Lazio,5879082,7708962,131.13,0.44
243,2020-12-28,LAZ,960,413,547,955,0,5,ITI,ITI4,12,Lazio,Lazio,5879082,7709922,131.14,0.02
244,2021-01-16,LAZ,5771,2335,3436,5623,0,148,ITI,ITI4,12,Lazio,Lazio,5879082,7715693,131.24,0.1
245,2021-04-26,LAZ,29340,13503,15837,19543,9290,507,ITI,ITI4,12,Lazio,Lazio,5879082,7745033,131.74,0.5
246,2021-02-02,LAZ,5918,2219,3699,639,5276,3,ITI,ITI4,12,Lazio,Lazio,5879082,7750951,131.84,0.1
247,2021-07-18,LAZ,58390,29729,28661,22798,34796,796,ITI,ITI4,12,Lazio,Lazio,5879082,7809341,132.83,0.99
248,2021-06-21,EMR,37592,19005,18587,16096,20891,605,ITH,ITH5,8,Emilia-Romagna,Emilia-Romagna,4459477,37592,0.84,0.84
249,2021-07-08,EMR,41348,20599,20749,4737,36200,411,ITH,ITH5,8,Emilia-Romagna,Emilia-Romagna,4459477,78940,1.77,0.93
250,2021-03-30,EMR,23350,10340,13010,17993,5042,315,ITH,ITH5,8,Emilia-Romagna,Emilia-Romagna,4459477,102290,2.29,0.52
251,2021-07-22,EMR,40364,21548,18816,15292,24182,890,ITH,ITH5,8,Emilia-Romagna,Emilia-Romagna,4459477,142654,3.2,0.91
252,2021-01-04,EMR,7307,2526,4781,7304,0,3,ITH,ITH5,8,Emilia-Romagna,Emilia-Romagna,4459477,149961,3.36,0.16
253,2021-01-23,EMR,2448,871,1577,439,2009,0,ITH,ITH5,8,Emilia-Romagna,Emilia-Romagna,4459477,152409,3.42,0.05
254,2021-05-07,EMR,35334,16985,18349,22700,11891,743,ITH,ITH5,8,Emilia-Romagna,Emilia-Romagna,4459477,187743,4.21,0.79
255,2021-07-03,EMR,32120,15934,16186,11442,20017,661,ITH,ITH5,8,Emilia-Romagna,Emilia-Romagna,4459477,219863,4.93,0.72
256,2021-08-29,EMR,20420,11280,9140,8347,11228,845,ITH,ITH5,8,Emilia-Romagna,Emilia-Romagna,4459477,240283,5.39,0.46
257,2021-07-20,EMR,43123,22544,20579,6678,35770,675,ITH,ITH5,8,Emilia-Romagna,Emilia-Romagna,4459477,283406,6.36,0.97
258,2021-04-11,EMR,15285,6940,8345,11982,3049,254,ITH,ITH5,8,Emilia-Romagna,Emilia-Romagna,4459477,298691,6.7,0.34
259,2021-02-11,EMR,4255,1413,2842,3395,843,17,ITH,ITH5,8,Emilia-Romagna,Emilia-Romagna,4459477,302946,6.79,0.1
260,2021-05-12,EMR,38962,18312,20650,28471,9698,793,ITH,ITH5,8,Emilia-Romagna,Emilia-Romagna,4459477,341908,7.67,0.87
261,2021-02-01,EMR,10329,3618,6711,355,9972,2,ITH,ITH5,8,Emilia-Romagna,Emilia-Romagna,4459477,352237,7.9,0.23
262,2021-01-18,EMR,3131,881,2250,2448,680,3,ITH,ITH5,8,Emilia-Romagna,Emilia-Romagna,4459477,355368,7.97,0.07
263,2021-03-16,EMR,12251,5028,7223,4875,7311,65,ITH,ITH5,8,Emilia-Romagna,Emilia-Romagna,4459477,367619,8.24,0.27
264,2021-01-25,EMR,6464,2148,4316,206,6257,1,ITH,ITH5,8,Emilia-Romagna,Emilia-Romagna,4459477,374083,8.39,0.14
265,2021-07-01,EMR,34536,16880,17656,14832,18847,857,ITH,ITH5,8,Emilia-Romagna,Emilia-Romagna,4459477,408619,9.16,0.77
266,2021-03-23,EMR,18801,8147,10654,11947,6689,165,ITH,ITH5,8,Emilia-Romagna,Emilia-Romagna,4459477,427420,9.58,0.42
267,2021-01-30,EMR,10093,3527,6566,137,9955,1,ITH,ITH5,8,Emilia-Romagna,Emilia-Romagna,4459477,437513,9.81,0.23
268,2021-02-18,EMR,7044,2892,4152,6440,588,16,ITH,ITH5,8,Emilia-Romagna,Emilia-Romagna,4459477,444557,9.97,0.16
269,2021-06-07,EMR,40569,20824,19745,33476,6263,830,ITH,ITH5,8,Emilia-Romagna,Emilia-Romagna,4459477,485126,10.88,0.91
270,2021-08-03,EMR,38485,20253,18232,15563,22283,639,ITH,ITH5,8,Emilia-Romagna,Emilia-Romagna,4459477,523611,11.74,0.86
271,2021-04-16,EMR,29241,13765,15476,20017,8841,383,ITH,ITH5,8,Emilia-Romagna,Emilia-Romagna,4459477,552852,12.4,0.66
272,2021-01-06,EMR,8286,2954,5332,8285,0,1,ITH,ITH5,8,Emilia-Romagna,Emilia-Romagna,4459477,561138,12.58,0.19
273,2021-08-08,EMR,21601,11706,9895,10572,10490,539,ITH,ITH5,8,Emilia-Romagna,Emilia-Romagna,4459477,582739,13.07,0.48
274,2021-04-30,EMR,36655,16807,19848,21237,14809,609,ITH,ITH5,8,Emilia-Romagna,Emilia-Romagna,4459477,619394,13.89,0.82
275,2021-03-28,EMR,13550,6059,7491,9544,3885,121,ITH,ITH5,8,Emilia-Romagna,Emilia-Romagna,4459477,632944,14.19,0.3
276,2021-08-17,EMR,22345,12279,10066,14475,6854,1016,ITH,ITH5,8,Emilia-Romagna,Emilia-Romagna,4459477,655289,14.69,0.5
277,2021-05-26,EMR,33344,14756,18588,9930,23029,385,ITH,ITH5,8,Emilia-Romagna,Emilia-Romagna,4459477,688633,15.44,0.75
278,2021-06-12,EMR,41386,21883,19503,35493,4919,974,ITH,ITH5,8,Emilia-Romagna,Emilia-Romagna,4459477,730019,16.37,0.93
279,2021-03-04,EMR,16458,5351,11107,13344,3025,89,ITH,ITH5,8,Emilia-Romagna,Emilia-Romagna,4459477,746477,16.74,0.37
280,2021-05-24,EMR,30008,13738,16270,17967,11527,514,ITH,ITH5,8,Emilia-Romagna,Emilia-Romagna,4459477,776485,17.41,0.67
281,2021-02-13,EMR,3629,1085,2544,3016,599,14,ITH,ITH5,8,Emilia-Romagna,Emilia-Romagna,4459477,780114,17.49,0.08
282,2021-08-27,EMR,27781,14945,12836,6919,20132,730,ITH,ITH5,8,Emilia-Romagna,Emilia-Romagna,4459477,807895,18.12,0.62
283,2021-05-19,EMR,33838,14996,18842,18042,15266,530,ITH,ITH5,8,Emilia-Romagna,Emilia-Romagna,4459477,841733,18.88,0.76
284,2021-06-02,EMR,24119,12069,12050,18702,4978,439,ITH,ITH5,8,Emilia-Romagna,Emilia-Romagna,4459477,865852,19.42,0.54
285,2021-08-15,EMR,6644,3686,2958,3277,3199,168,ITH,ITH5,8,Emilia-Romagna,Emilia-Romagna,4459477,872496,19.56,0.15
286,2021-06-26,EMR,37476,18991,18485,21034,15535,907,ITH,ITH5,8,Emilia-Romagna,Emilia-Romagna,4459477,909972,20.41,0.84
287,2021-08-22,EMR,16394,8997,7397,6676,9096,622,ITH,ITH5,8,Emilia-Romagna,Emilia-Romagna,4459477,926366,20.77,0.37
288,2021-07-10,EMR,42096,21435,20661,6806,34643,647,ITH,ITH5,8,Emilia-Romagna,Emilia-Romagna,4459477,968462,21.72,0.94
289,2021-07-29,EMR,40766,21516,19250,14514,25542,710,ITH,ITH5,8,Emilia-Romagna,Emilia-Romagna,4459477,1009228,22.63,0.91
290,2021-07-27,EMR,41116,21844,19272,17018,23319,779,ITH,ITH5,8,Emilia-Romagna,Emilia-Romagna,4459477,1050344,23.55,0.92
291,2021-04-18,EMR,17526,8406,9120,12364,4933,229,ITH,ITH5,8,Emilia-Romagna,Emilia-Romagna,4459477,1067870,23.95,0.39
292,2021-06-14,EMR,41341,21373,19968,27488,13087,766,ITH,ITH5,8,Emilia-Romagna,Emilia-Romagna,4459477,1109211,24.87,0.93
293,2021-03-09,EMR,14803,6035,8768,10753,3954,96,ITH,ITH5,8,Emilia-Romagna,Emilia-Romagna,4459477,1124014,25.21,0.33
294,2021-05-05,EMR,30142,14003,16139,18306,11272,564,ITH,ITH5,8,Emilia-Romagna,Emilia-Romagna,4459477,1154156,25.88,0.68
295,2021-07-15,EMR,50382,26242,24140,7915,41775,692,ITH,ITH5,8,Emilia-Romagna,Emilia-Romagna,4459477,1204538,27.01,1.13
296,2021-04-23,EMR,29577,13815,15762,14305,14893,379,ITH,ITH5,8,Emilia-Romagna,Emilia-Romagna,4459477,1234115,27.67,0.66
297,2021-01-13,EMR,9078,2943,6135,9073,0,5,ITH,ITH5,8,Emilia-Romagna,Emilia-Romagna,4459477,1243193,27.88,0.2
298,2021-04-04,EMR,9882,4719,5163,7528,2271,83,ITH,ITH5,8,Emilia-Romagna,Emilia-Romagna,4459477,1253075,28.1,0.22
299,2021-01-11,EMR,9348,3278,6070,9339,0,9,ITH,ITH5,8,Emilia-Romagna,Emilia-Romagna,4459477,1262423,28.31,0.21
300,2021-05-31,EMR,29809,13775,16034,17729,11528,552,ITH,ITH5,8,Emilia-Romagna,Emilia-Romagna,4459477,1292232,28.98,0.67
301,2021-02-20,EMR,5318,2094,3224,5048,263,7,ITH,ITH5,8,Emilia-Romagna,Emilia-Romagna,4459477,1297550,29.1,0.12
302,2021-01-15,EMR,7754,2406,5348,7746,0,8,ITH,ITH5,8,Emilia-Romagna,Emilia-Romagna,4459477,1305304,29.27,0.17
303,2021-02-25,EMR,9249,3498,5751,8271,955,23,ITH,ITH5,8,Emilia-Romagna,Emilia-Romagna,4459477,1314553,29.48,0.21
304,2021-06-19,EMR,36687,18363,18324,16757,19401,529,ITH,ITH5,8,Emilia-Romagna,Emilia-Romagna,4459477,1351240,30.3,0.82
305,2021-03-11,EMR,17497,7330,10167,11457,5854,186,ITH,ITH5,8,Emilia-Romagna,Emilia-Romagna,4459477,1368737,30.69,0.39
306,2021-02-06,EMR,7601,2407,5194,2108,5489,4,ITH,ITH5,8,Emilia-Romagna,Emilia-Romagna,4459477,1376338,30.86,0.17
307,2021-05-09,EMR,25643,12269,13374,18280,6972,391,ITH,ITH5,8,Emilia-Romagna,Emilia-Romagna,4459477,1401981,31.44,0.58
308,2021-01-29,EMR,10424,3498,6926,290,10134,0,ITH,ITH5,8,Emilia-Romagna,Emilia-Romagna,4459477,1412405,31.67,0.23
309,2021-08-10,EMR,31300,16741,14559,15370,14908,1022,ITH,ITH5,8,Emilia-Romagna,Emilia-Romagna,4459477,1443705,32.37,0.7
310,2021-03-13,EMR,16147,6365,9782,10594,5314,239,ITH,ITH5,8,Emilia-Romagna,Emilia-Romagna,4459477,1459852,32.74,0.36
311,2021-07-05,EMR,33235,16206,17029,11229,21376,630,ITH,ITH5,8,Emilia-Romagna,Emilia-Romagna,4459477,1493087,33.48,0.75
312,2021-03-27,EMR,21680,9071,12609,14523,6911,246,ITH,ITH5,8,Emilia-Romagna,Emilia-Romagna,4459477,1514767,33.97,0.49
313,2021-04-13,EMR,23725,11131,12594,19034,4344,347,ITH,ITH5,8,Emilia-Romagna,Emilia-Romagna,4459477,1538492,34.5,0.53
314,2021-01-03,EMR,2764,945,1819,2764,0,0,ITH,ITH5,8,Emilia-Romagna,Emilia-Romagna,4459477,1541256,34.56,0.06
315,2021-03-25,EMR,21488,9421,12067,14237,6992,259,ITH,ITH5,8,Emilia-Romagna,Emilia-Romagna,4459477,1562744,35.04,0.48
316,2021-05-21,EMR,39384,17560,21824,21636,17130,618,ITH,ITH5,8,Emilia-Romagna,Emilia-Romagna,4459477,1602128,35.93,0.88
317,2021-02-10,EMR,4023,1383,2640,2756,1261,6,ITH,ITH5,8,Emilia-Romagna,Emilia-Romagna,4459477,1606151,36.02,0.09
318,2021-04-08,EMR,31395,14416,16979,25328,5331,736,ITH,ITH5,8,Emilia-Romagna,Emilia-Romagna,4459477,1637546,36.72,0.7
319,2021-03-18,EMR,13776,5850,7926,5680,8005,91,ITH,ITH5,8,Emilia-Romagna,Emilia-Romagna,4459477,1651322,37.03,0.31
320,2021-05-14,EMR,37349,17200,20149,26797,9653,899,ITH,ITH5,8,Emilia-Romagna,Emilia-Romagna,4459477,1688671,37.87,0.84
321,2021-02-03,EMR,9348,2991,6357,961,8386,1,ITH,ITH5,8,Emilia-Romagna,Emilia-Romagna,4459477,1698019,38.08,0.21
322,2021-04-01,EMR,23973,10783,13190,19071,4556,346,ITH,ITH5,8,Emilia-Romagna,Emilia-Romagna,4459477,1721992,38.61,0.54
323,2021-02-17,EMR,6539,2764,3775,5754,772,13,ITH,ITH5,8,Emilia-Romagna,Emilia-Romagna,4459477,1728531,38.76,0.15
324,2021-06-01,EMR,27195,13113,14082,16848,9928,419,ITH,ITH5,8,Emilia-Romagna,Emilia-Romagna,4459477,1755726,39.37,0.61
325,2021-01-10,EMR,7172,2685,4487,7171,0,1,ITH,ITH5,8,Emilia-Romagna,Emilia-Romagna,4459477,1762898,39.53,0.16
326,2021-06-16,EMR,45956,23536,22420,25266,19959,731,ITH,ITH5,8,Emilia-Romagna,Emilia-Romagna,4459477,1808854,40.56,1.03
327,2021-03-08,EMR,12219,5100,7119,9471,2664,84,ITH,ITH5,8,Emilia-Romagna,Emilia-Romagna,4459477,1821073,40.84,0.27
328,2021-08-31,EMR,16721,8828,7893,4821,11287,613,ITH,ITH5,8,Emilia-Romagna,Emilia-Romagna,4459477,1837794,41.21,0.37
329,2021-05-23,EMR,25502,11867,13635,13578,11607,317,ITH,ITH5,8,Emilia-Romagna,Emilia-Romagna,4459477,1863296,41.78,0.57
330,2021-07-19,EMR,41991,22118,19873,6635,34761,595,ITH,ITH5,8,Emilia-Romagna,Emilia-Romagna,4459477,1905287,42.72,0.94
331,2021-08-26,EMR,27550,14701,12849,9344,17275,931,ITH,ITH5,8,Emilia-Romagna,Emilia-Romagna,4459477,1932837,43.34,0.62
332,2021-06-04,EMR,45756,23025,22731,36849,8199,708,ITH,ITH5,8,Emilia-Romagna,Emilia-Romagna,4459477,1978593,44.37,1.03
333,2021-06-09,EMR,43149,21918,21231,35719,6426,1004,ITH,ITH5,8,Emilia-Romagna,Emilia-Romagna,4459477,2021742,45.34,0.97
334,2021-03-01,EMR,10103,3584,6519,7816,2262,25,ITH,ITH5,8,Emilia-Romagna,Emilia-Romagna,4459477,2031845,45.56,0.23
335,2021-08-05,EMR,36742,19442,17300,18365,17405,972,ITH,ITH5,8,Emilia-Romagna,Emilia-Romagna,4459477,2068587,46.39,0.82
336,2021-08-12,EMR,27676,15035,12641,19246,6875,1555,ITH,ITH5,8,Emilia-Romagna,Emilia-Romagna,4459477,2096263,47.01,0.62
337,2021-05-04,EMR,29310,13727,15583,15166,13669,475,ITH,ITH5,8,Emilia-Romagna,Emilia-Romagna,4459477,2125573,47.66,0.66
338,2021-02-27,EMR,10970,3999,6971,9195,1742,33,ITH,ITH5,8,Emilia-Romagna,Emilia-Romagna,4459477,2136543,47.91,0.25
339,2021-04-25,EMR,22358,10243,12115,14401,7515,442,ITH,ITH5,8,Emilia-Romagna,Emilia-Romagna,4459477,2158901,48.41,0.5
340,2021-08-07,EMR,30944,17019,13925,17678,12204,1062,ITH,ITH5,8,Emilia-Romagna,Emilia-Romagna,4459477,2189845,49.11,0.69
341,2021-05-02,EMR,25594,11656,13938,13191,11999,404,ITH,ITH5,8,Emilia-Romagna,Emilia-Romagna,4459477,2215439,49.68,0.57
342,2021-01-22,EMR,1830,476,1354,1087,741,2,ITH,ITH5,8,Emilia-Romagna,Emilia-Romagna,4459477,2217269,49.72,0.04
343,2021-08-24,EMR,23291,12657,10634,10472,11742,1077,ITH,ITH5,8,Emilia-Romagna,Emilia-Romagna,4459477,2240560,50.24,0.52
344,2021-02-08,EMR,5238,1536,3702,2317,2918,3,ITH,ITH5,8,Emilia-Romagna,Emilia-Romagna,4459477,2245798,50.36,0.12
345,2021-05-16,EMR,25884,12178,13706,18361,7143,380,ITH,ITH5,8,Emilia-Romagna,Emilia-Romagna,4459477,2271682,50.94,0.58
346,2021-02-22,EMR,7485,3093,4392,7199,273,13,ITH,ITH5,8,Emilia-Romagna,Emilia-Romagna,4459477,2279167,51.11,0.17
347,2021-02-15,EMR,2903,850,2053,2710,125,68,ITH,ITH5,8,Emilia-Romagna,Emilia-Romagna,4459477,2282070,51.17,0.07
348,2021-01-27,EMR,8371,2951,5420,461,7910,0,ITH,ITH5,8,Emilia-Romagna,Emilia-Romagna,4459477,2290441,51.36,0.19
349,2021-07-31,EMR,36199,19222,16977,12141,23365,693,ITH,ITH5,8,Emilia-Romagna,Emilia-Romagna,4459477,2326640,52.17,0.81
350,2021-08-09,EMR,30210,16118,14092,16626,12556,1028,ITH,ITH5,8,Emilia-Romagna,Emilia-Romagna,4459477,2356850,52.85,0.68
351,2021-05-01,EMR,28430,12781,15649,15278,12793,359,ITH,ITH5,8,Emilia-Romagna,Emilia-Romagna,4459477,2385280,53.49,0.64
352,2021-07-28,EMR,38687,20741,17946,14001,24041,645,ITH,ITH5,8,Emilia-Romagna,Emilia-Romagna,4459477,2423967,54.36,0.87
353,2021-04-12,EMR,19258,9015,10243,14447,4452,359,ITH,ITH5,8,Emilia-Romagna,Emilia-Romagna,4459477,2443225,54.79,0.43
354,2021-04-20,EMR,22653,10418,12235,13886,8367,400,ITH,ITH5,8,Emilia-Romagna,Emilia-Romagna,4459477,2465878,55.3,0.51
355,2021-06-23,EMR,38058,19094,18964,18492,18864,702,ITH,ITH5,8,Emilia-Romagna,Emilia-Romagna,4459477,2503936,56.15,0.85
356,2021-01-08,EMR,10873,3584,7289,10870,0,3,ITH,ITH5,8,Emilia-Romagna,Emilia-Romagna,4459477,2514809,56.39,0.24
357,2021-03-06,EMR,21034,5970,15064,18168,2742,124,ITH,ITH5,8,Emilia-Romagna,Emilia-Romagna,4459477,2535843,56.86,0.47
358,2021-01-20,EMR,1331,269,1062,1329,1,1,ITH,ITH5,8,Emilia-Romagna,Emilia-Romagna,4459477,2537174,56.89,0.03
359,2021-07-24,EMR,38860,20954,17906,17329,20628,903,ITH,ITH5,8,Emilia-Romagna,Emilia-Romagna,4459477,2576034,57.77,0.87
360,2021-04-15,EMR,29366,13986,15380,19244,9681,441,ITH,ITH5,8,Emilia-Romagna,Emilia-Romagna,4459477,2605400,58.42,0.66
361,2021-06-18,EMR,42788,21454,21334,16304,25928,556,ITH,ITH5,8,Emilia-Romagna,Emilia-Romagna,4459477,2648188,59.38,0.96
362,2021-03-10,EMR,18808,7740,11068,12981,5646,181,ITH,ITH5,8,Emilia-Romagna,Emilia-Romagna,4459477,2666996,59.81,0.42
363,2021-07-12,EMR,44067,22330,21737,5429,38129,509,ITH,ITH5,8,Emilia-Romagna,Emilia-Romagna,4459477,2711063,60.79,0.99
364,2021-08-19,EMR,21513,11553,9960,11920,8722,871,ITH,ITH5,8,Emilia-Romagna,Emilia-Romagna,4459477,2732576,61.28,0.48
365,2021-05-28,EMR,41297,18964,22333,17270,23429,598,ITH,ITH5,8,Emilia-Romagna,Emilia-Romagna,4459477,2773873,62.2,0.93
366,2021-04-22,EMR,29060,13455,15605,14616,14080,364,ITH,ITH5,8,Emilia-Romagna,Emilia-Romagna,4459477,2802933,62.85,0.65
367,2021-01-12,EMR,9482,3126,6356,9473,0,9,ITH,ITH5,8,Emilia-Romagna,Emilia-Romagna,4459477,2812415,63.07,0.21
368,2021-04-27,EMR,32132,14874,17258,19234,12469,429,ITH,ITH5,8,Emilia-Romagna,Emilia-Romagna,4459477,2844547,63.79,0.72
369,2021-08-14,EMR,15783,8901,6882,8318,7022,443,ITH,ITH5,8,Emilia-Romagna,Emilia-Romagna,4459477,2860330,64.14,0.35
370,2021-02-05,EMR,9310,2963,6347,1617,7689,4,ITH,ITH5,8,Emilia-Romagna,Emilia-Romagna,4459477,2869640,64.35,0.21
371,2021-06-20,EMR,30744,15596,15148,15611,14667,466,ITH,ITH5,8,Emilia-Romagna,Emilia-Romagna,4459477,2900384,65.04,0.69
372,2021-06-08,EMR,45101,23081,22020,36819,7506,776,ITH,ITH5,8,Emilia-Romagna,Emilia-Romagna,4459477,2945485,66.05,1.01
373,2021-08-04,EMR,35317,18826,16491,13057,21677,583,ITH,ITH5,8,Emilia-Romagna,Emilia-Romagna,4459477,2980802,66.84,0.79
374,2021-08-28,EMR,26100,14422,11678,8484,16807,809,ITH,ITH5,8,Emilia-Romagna,Emilia-Romagna,4459477,3006902,67.43,0.59
375,2021-05-20,EMR,40410,18344,22066,18396,21500,514,ITH,ITH5,8,Emilia-Romagna,Emilia-Romagna,4459477,3047312,68.33,0.91
376,2021-08-23,EMR,22557,11742,10815,11821,9466,1270,ITH,ITH5,8,Emilia-Romagna,Emilia-Romagna,4459477,3069869,68.84,0.51
377,2021-06-25,EMR,42861,21811,21050,19775,22315,771,ITH,ITH5,8,Emilia-Romagna,Emilia-Romagna,4459477,3112730,69.8,0.96
378,2021-03-17,EMR,13731,5699,8032,5818,7855,58,ITH,ITH5,8,Emilia-Romagna,Emilia-Romagna,4459477,3126461,70.11,0.31
379,2021-08-21,EMR,19065,10665,8400,10424,7760,881,ITH,ITH5,8,Emilia-Romagna,Emilia-Romagna,4459477,3145526,70.54,0.43
380,2021-05-13,EMR,35855,16516,19339,27289,7849,717,ITH,ITH5,8,Emilia-Romagna,Emilia-Romagna,4459477,3181381,71.34,0.8
381,2021-05-18,EMR,29233,13280,15953,18098,10646,489,ITH,ITH5,8,Emilia-Romagna,Emilia-Romagna,4459477,3210614,72.0,0.66
382,2021-02-07,EMR,4790,1537,3253,1724,3064,2,ITH,ITH5,8,Emilia-Romagna,Emilia-Romagna,4459477,3215404,72.1,0.11
383,2021-02-24,EMR,9360,3568,5792,8454,890,16,ITH,ITH5,8,Emilia-Romagna,Emilia-Romagna,4459477,3224764,72.31,0.21
384,2021-01-05,EMR,9362,3170,6192,9358,0,4,ITH,ITH5,8,Emilia-Romagna,Emilia-Romagna,4459477,3234126,72.52,0.21
385,2021-04-29,EMR,44990,21152,23838,26609,17563,818,ITH,ITH5,8,Emilia-Romagna,Emilia-Romagna,4459477,3279116,73.53,1.01
386,2021-01-19,EMR,2051,508,1543,2033,17,1,ITH,ITH5,8,Emilia-Romagna,Emilia-Romagna,4459477,3281167,73.58,0.05
387,2021-02-12,EMR,5329,1678,3651,3899,1407,23,ITH,ITH5,8,Emilia-Romagna,Emilia-Romagna,4459477,3286496,73.7,0.12
388,2021-04-10,EMR,20935,9303,11632,16453,4148,334,ITH,ITH5,8,Emilia-Romagna,Emilia-Romagna,4459477,3307431,74.17,0.47
389,2021-04-17,EMR,27318,13084,14234,17574,9353,391,ITH,ITH5,8,Emilia-Romagna,Emilia-Romagna,4459477,3334749,74.78,0.61
390,2021-01-07,EMR,10288,3405,6883,10284,0,4,ITH,ITH5,8,Emilia-Romagna,Emilia-Romagna,4459477,3345037,75.01,0.23
391,2021-04-03,EMR,19999,8785,11214,15957,3798,244,ITH,ITH5,8,Emilia-Romagna,Emilia-Romagna,4459477,3365036,75.46,0.45
392,2021-05-30,EMR,27098,12804,14294,12984,13710,404,ITH,ITH5,8,Emilia-Romagna,Emilia-Romagna,4459477,3392134,76.07,0.61
393,2021-02-19,EMR,7329,3011,4318,6801,514,14,ITH,ITH5,8,Emilia-Romagna,Emilia-Romagna,4459477,3399463,76.23,0.16
394,2021-07-26,EMR,39556,21092,18464,15907,22877,772,ITH,ITH5,8,Emilia-Romagna,Emilia-Romagna,4459477,3439019,77.12,0.89
395,2020-12-31,EMR,2212,778,1434,2211,0,1,ITH,ITH5,8,Emilia-Romagna,Emilia-Romagna,4459477,3441231,77.17,0.05
396,2021-06-06,EMR,36598,18999,17599,31566,4415,617,ITH,ITH5,8,Emilia-Romagna,Emilia-Romagna,4459477,3477829,77.99,0.82
397,2021-02-26,EMR,9642,3677,5965,8563,1054,25,ITH,ITH5,8,Emilia-Romagna,Emilia-Romagna,4459477,3487471,78.2,0.22
398,2021-07-23,EMR,40419,21901,18518,19862,19482,1075,ITH,ITH5,8,Emilia-Romagna,Emilia-Romagna,4459477,3527890,79.11,0.91
399,2021-04-14,EMR,27061,12851,14210,20519,6114,428,ITH,ITH5,8,Emilia-Romagna,Emilia-Romagna,4459477,3554951,79.72,0.61
400,2021-01-21,EMR,2167,730,1437,819,1348,0,ITH,ITH5,8,Emilia-Romagna,Emilia-Romagna,4459477,3557118,79.77,0.05
401,2021-05-06,EMR,35980,16625,19355,22151,13099,730,ITH,ITH5,8,Emilia-Romagna,Emilia-Romagna,4459477,3593098,80.57,0.81
402,2021-01-26,EMR,8337,3002,5335,209,8127,1,ITH,ITH5,8,Emilia-Romagna,Emilia-Romagna,4459477,3601435,80.76,0.19
403,2021-07-02,EMR,34756,17091,17665,12402,21722,632,ITH,ITH5,8,Emilia-Romagna,Emilia-Romagna,4459477,3636191,81.54,0.78
404,2021-03-24,EMR,21236,9412,11824,13627,7386,223,ITH,ITH5,8,Emilia-Romagna,Emilia-Romagna,4459477,3657427,82.01,0.48
405,2021-01-24,EMR,2446,887,1559,298,2148,0,ITH,ITH5,8,Emilia-Romagna,Emilia-Romagna,4459477,3659873,82.07,0.05
406,2021-07-21,EMR,43677,23296,20381,10790,32271,616,ITH,ITH5,8,Emilia-Romagna,Emilia-Romagna,4459477,3703550,83.05,0.98
407,2021-04-19,EMR,20919,9803,11116,14335,6284,300,ITH,ITH5,8,Emilia-Romagna,Emilia-Romagna,4459477,3724469,83.52,0.47
408,2021-01-09,EMR,9993,3458,6535,9989,0,4,ITH,ITH5,8,Emilia-Romagna,Emilia-Romagna,4459477,3734462,83.74,0.22
409,2021-06-15,EMR,43872,22641,21231,27919,15071,882,ITH,ITH5,8,Emilia-Romagna,Emilia-Romagna,4459477,3778334,84.73,0.98
410,2021-03-07,EMR,7848,2961,4887,6289,1523,36,ITH,ITH5,8,Emilia-Romagna,Emilia-Romagna,4459477,3786182,84.9,0.18
411,2021-05-03,EMR,28736,13569,15167,17395,10887,454,ITH,ITH5,8,Emilia-Romagna,Emilia-Romagna,4459477,3814918,85.55,0.64
412,2021-07-16,EMR,49786,26278,23508,7060,42073,653,ITH,ITH5,8,Emilia-Romagna,Emilia-Romagna,4459477,3864704,86.66,1.12
413,2021-06-27,EMR,29592,14891,14701,16214,12731,647,ITH,ITH5,8,Emilia-Romagna,Emilia-Romagna,4459477,3894296,87.33,0.66
414,2021-07-14,EMR,47962,24538,23424,5594,41836,532,ITH,ITH5,8,Emilia-Romagna,Emilia-Romagna,4459477,3942258,88.4,1.08
415,2021-04-05,EMR,14861,6812,8049,11788,2894,179,ITH,ITH5,8,Emilia-Romagna,Emilia-Romagna,4459477,3957119,88.74,0.33
416,2021-03-15,EMR,13464,6255,7209,6854,6507,103,ITH,ITH5,8,Emilia-Romagna,Emilia-Romagna,4459477,3970583,89.04,0.3
417,2021-06-03,EMR,37931,18443,19488,29706,7558,667,ITH,ITH5,8,Emilia-Romagna,Emilia-Romagna,4459477,4008514,89.89,0.85
418,2021-02-23,EMR,8217,3219,4998,7819,386,12,ITH,ITH5,8,Emilia-Romagna,Emilia-Romagna,4459477,4016731,90.07,0.18
419,2021-03-12,EMR,18323,7709,10614,11310,6720,293,ITH,ITH5,8,Emilia-Romagna,Emilia-Romagna,4459477,4035054,90.48,0.41
420,2021-07-07,EMR,37910,19145,18765,13407,23709,794,ITH,ITH5,8,Emilia-Romagna,Emilia-Romagna,4459477,4072964,91.33,0.85
421,2021-03-29,EMR,21446,9627,11819,16541,4663,242,ITH,ITH5,8,Emilia-Romagna,Emilia-Romagna,4459477,4094410,91.81,0.48
422,2021-02-21,EMR,4447,1705,2742,3997,440,10,ITH,ITH5,8,Emilia-Romagna,Emilia-Romagna,4459477,4098857,91.91,0.1
423,2021-07-25,EMR,28466,15176,13290,10567,17435,464,ITH,ITH5,8,Emilia-Romagna,Emilia-Romagna,4459477,4127323,92.55,0.64
424,2021-08-11,EMR,27724,14863,12861,12050,14866,808,ITH,ITH5,8,Emilia-Romagna,Emilia-Romagna,4459477,4155047,93.17,0.62
425,2021-02-28,EMR,6829,2528,4301,4958,1852,19,ITH,ITH5,8,Emilia-Romagna,Emilia-Romagna,4459477,4161876,93.33,0.15
426,2021-04-26,EMR,27914,12940,14974,18039,9323,552,ITH,ITH5,8,Emilia-Romagna,Emilia-Romagna,4459477,4189790,93.95,0.63
427,2021-01-16,EMR,5631,1718,3913,5630,0,1,ITH,ITH5,8,Emilia-Romagna,Emilia-Romagna,4459477,4195421,94.08,0.13
428,2021-03-14,EMR,8809,3841,4968,4946,3799,64,ITH,ITH5,8,Emilia-Romagna,Emilia-Romagna,4459477,4204230,94.28,0.2
429,2021-07-09,EMR,44918,22951,21967,5424,39075,419,ITH,ITH5,8,Emilia-Romagna,Emilia-Romagna,4459477,4249148,95.28,1.01
430,2021-01-17,EMR,2895,890,2005,2645,249,1,ITH,ITH5,8,Emilia-Romagna,Emilia-Romagna,4459477,4252043,95.35,0.06
431,2021-04-02,EMR,23411,10559,12852,18557,4488,366,ITH,ITH5,8,Emilia-Romagna,Emilia-Romagna,4459477,4275454,95.87,0.52
432,2021-05-29,EMR,37948,16520,21428,16661,20764,523,ITH,ITH5,8,Emilia-Romagna,Emilia-Romagna,4459477,4313402,96.72,0.85
433,2021-08-02,EMR,38510,20346,18164,14751,23087,672,ITH,ITH5,8,Emilia-Romagna,Emilia-Romagna,4459477,4351912,97.59,0.86
434,2021-04-24,EMR,28654,13250,15404,14064,14242,348,ITH,ITH5,8,Emilia-Romagna,Emilia-Romagna,4459477,4380566,98.23,0.64
435,2021-05-11,EMR,35815,16805,19010,27863,7262,690,ITH,ITH5,8,Emilia-Romagna,Emilia-Romagna,4459477,4416381,99.03,0.8
436,2021-01-31,EMR,7708,2769,4939,240,7468,0,ITH,ITH5,8,Emilia-Romagna,Emilia-Romagna,4459477,4424089,99.21,0.17
437,2021-02-09,EMR,4161,1253,2908,2307,1853,1,ITH,ITH5,8,Emilia-Romagna,Emilia-Romagna,4459477,4428250,99.3,0.09
438,2021-05-15,EMR,33293,14998,18295,22217,10435,641,ITH,ITH5,8,Emilia-Romagna,Emilia-Romagna,4459477,4461543,100.05,0.75
439,2021-02-04,EMR,9932,3206,6726,1236,8695,1,ITH,ITH5,8,Emilia-Romagna,Emilia-Romagna,4459477,4471475,100.27,0.22
440,2021-05-22,EMR,33155,14155,19000,16474,16225,456,ITH,ITH5,8,Emilia-Romagna,Emilia-Romagna,4459477,4504630,101.01,0.74
441,2021-07-18,EMR,34574,17911,16663,8201,25817,556,ITH,ITH5,8,Emilia-Romagna,Emilia-Romagna,4459477,4539204,101.79,0.78
442,2021-04-09,EMR,25801,11694,14107,19529,5760,512,ITH,ITH5,8,Emilia-Romagna,Emilia-Romagna,4459477,4565005,102.37,0.58
443,2021-02-02,EMR,9488,3052,6436,526,8961,1,ITH,ITH5,8,Emilia-Romagna,Emilia-Romagna,4459477,4574493,102.58,0.21
444,2021-08-06,EMR,34638,18578,16060,18768,14980,890,ITH,ITH5,8,Emilia-Romagna,Emilia-Romagna,4459477,4609131,103.36,0.78
445,2021-04-28,EMR,33751,15604,18147,20263,12899,589,ITH,ITH5,8,Emilia-Romagna,Emilia-Romagna,4459477,4642882,104.11,0.76
446,2021-06-24,EMR,40646,20414,20232,20319,19568,759,ITH,ITH5,8,Emilia-Romagna,Emilia-Romagna,4459477,4683528,105.02,0.91
447,2021-08-20,EMR,19685,10720,8965,10244,8503,938,ITH,ITH5,8,Emilia-Romagna,Emilia-Romagna,4459477,4703213,105.47,0.44
448,2021-08-25,EMR,25095,13523,11572,9573,14584,938,ITH,ITH5,8,Emilia-Romagna,Emilia-Romagna,4459477,4728308,106.03,0.56
449,2021-01-02,EMR,2380,918,1462,2380,0,0,ITH,ITH5,8,Emilia-Romagna,Emilia-Romagna,4459477,4730688,106.08,0.05
450,2021-06-05,EMR,44314,22380,21934,36640,6921,753,ITH,ITH5,8,Emilia-Romagna,Emilia-Romagna,4459477,4775002,107.08,0.99
451,2021-06-22,EMR,36541,18199,18342,16299,19636,606,ITH,ITH5,8,Emilia-Romagna,Emilia-Romagna,4459477,4811543,107.89,0.82
452,2021-06-29,EMR,37726,18605,19121,18148,18794,784,ITH,ITH5,8,Emilia-Romagna,Emilia-Romagna,4459477,4849269,108.74,0.85
453,2021-03-21,EMR,11958,5296,6662,7259,4606,93,ITH,ITH5,8,Emilia-Romagna,Emilia-Romagna,4459477,4861227,109.01,0.27
454,2021-06-10,EMR,45096,23165,21931,38704,5383,1009,ITH,ITH5,8,Emilia-Romagna,Emilia-Romagna,4459477,4906323,110.02,1.01
455,2021-03-02,EMR,12662,4272,8390,10514,2090,58,ITH,ITH5,8,Emilia-Romagna,Emilia-Romagna,4459477,4918985,110.3,0.28
456,2021-03-19,EMR,15924,6970,8954,7792,7971,161,ITH,ITH5,8,Emilia-Romagna,Emilia-Romagna,4459477,4934909,110.66,0.36
457,2021-07-11,EMR,30393,15240,15153,2766,27363,264,ITH,ITH5,8,Emilia-Romagna,Emilia-Romagna,4459477,4965302,111.34,0.68
458,2021-08-30,EMR,26788,14046,12742,7474,18309,1005,ITH,ITH5,8,Emilia-Romagna,Emilia-Romagna,4459477,4992090,111.94,0.6
459,2021-07-06,EMR,36811,18508,18303,12946,23195,670,ITH,ITH5,8,Emilia-Romagna,Emilia-Romagna,4459477,5028901,112.77,0.83
460,2021-05-17,EMR,32477,15415,17062,22339,9560,578,ITH,ITH5,8,Emilia-Romagna,Emilia-Romagna,4459477,5061378,113.5,0.73
461,2021-06-17,EMR,46707,23667,23040,21823,24225,659,ITH,ITH5,8,Emilia-Romagna,Emilia-Romagna,4459477,5108085,114.54,1.05
462,2021-08-13,EMR,21234,11787,9447,14249,6081,904,ITH,ITH5,8,Emilia-Romagna,Emilia-Romagna,4459477,5129319,115.02,0.48
463,2021-04-07,EMR,26890,12307,14583,20464,6079,347,ITH,ITH5,8,Emilia-Romagna,Emilia-Romagna,4459477,5156209,115.62,0.6
464,2021-01-14,EMR,8130,2596,5534,8121,0,9,ITH,ITH5,8,Emilia-Romagna,Emilia-Romagna,4459477,5164339,115.81,0.18
465,2021-03-31,EMR,25297,11061,14236,19502,5472,323,ITH,ITH5,8,Emilia-Romagna,Emilia-Romagna,4459477,5189636,116.37,0.57
466,2021-07-13,EMR,48486,24835,23651,6477,41329,680,ITH,ITH5,8,Emilia-Romagna,Emilia-Romagna,4459477,5238122,117.46,1.09
467,2021-07-04,EMR,24271,12069,12202,10201,13607,463,ITH,ITH5,8,Emilia-Romagna,Emilia-Romagna,4459477,5262393,118.0,0.54
468,2021-03-26,EMR,23737,10125,13612,17020,6442,275,ITH,ITH5,8,Emilia-Romagna,Emilia-Romagna,4459477,5286130,118.54,0.53
469,2021-06-30,EMR,34257,17290,16967,17711,15662,884,ITH,ITH5,8,Emilia-Romagna,Emilia-Romagna,4459477,5320387,119.31,0.77
470,2021-07-17,EMR,43654,23048,20606,7179,35740,735,ITH,ITH5,8,Emilia-Romagna,Emilia-Romagna,4459477,5364041,120.28,0.98
471,2021-06-11,EMR,45978,23863,22115,38346,6552,1080,ITH,ITH5,8,Emilia-Romagna,Emilia-Romagna,4459477,5410019,121.32,1.03
472,2021-06-28,EMR,40071,19664,20407,19657,19577,837,ITH,ITH5,8,Emilia-Romagna,Emilia-Romagna,4459477,5450090,122.21,0.9
473,2021-03-20,EMR,16090,6829,9261,8956,6965,169,ITH,ITH5,8,Emilia-Romagna,Emilia-Romagna,4459477,5466180,122.57,0.36
474,2021-04-06,EMR,24769,11179,13590,19726,4750,293,ITH,ITH5,8,Emilia-Romagna,Emilia-Romagna,4459477,5490949,123.13,0.56
475,2020-12-27,EMR,971,374,597,971,0,0,ITH,ITH5,8,Emilia-Romagna,Emilia-Romagna,4459477,5491920,123.15,0.02
476,2021-06-13,EMR,28770,15009,13761,23827,4286,657,ITH,ITH5,8,Emilia-Romagna,Emilia-Romagna,4459477,5520690,123.8,0.65
477,2021-03-05,EMR,17922,5862,12060,14293,3504,125,ITH,ITH5,8,Emilia-Romagna,Emilia-Romagna,4459477,5538612,124.2,0.4
478,2021-03-22,EMR,17658,7820,9838,10616,6871,171,ITH,ITH5,8,Emilia-Romagna,Emilia-Romagna,4459477,5556270,124.59,0.4
479,2021-03-03,EMR,15895,5268,10627,13356,2487,52,ITH,ITH5,8,Emilia-Romagna,Emilia-Romagna,4459477,5572165,124.95,0.36
480,2021-08-16,EMR,20206,10863,9343,12641,6574,991,ITH,ITH5,8,Emilia-Romagna,Emilia-Romagna,4459477,5592371,125.4,0.45
481,2021-05-25,EMR,25240,11238,14002,11299,13512,429,ITH,ITH5,8,Emilia-Romagna,Emilia-Romagna,4459477,5617611,125.97,0.57
482,2021-02-14,EMR,1402,378,1024,1274,120,8,ITH,ITH5,8,Emilia-Romagna,Emilia-Romagna,4459477,5619013,126.0,0.03
483,2021-05-27,EMR,42345,18770,23575,13562,28283,500,ITH,ITH5,8,Emilia-Romagna,Emilia-Romagna,4459477,5661358,126.95,0.95
484,2021-02-16,EMR,5773,2447,3326,5228,531,14,ITH,ITH5,8,Emilia-Romagna,Emilia-Romagna,4459477,5667131,127.08,0.13
485,2021-08-01,EMR,30015,16148,13867,10237,19346,432,ITH,ITH5,8,Emilia-Romagna,Emilia-Romagna,4459477,5697146,127.75,0.67
486,2021-08-18,EMR,22239,12178,10061,14543,6641,1055,ITH,ITH5,8,Emilia-Romagna,Emilia-Romagna,4459477,5719385,128.25,0.5
487,2021-05-10,EMR,33894,16151,17743,26014,7263,617,ITH,ITH5,8,Emilia-Romagna,Emilia-Romagna,4459477,5753279,129.01,0.76
488,2021-07-30,EMR,39842,21405,18437,15664,23461,717,ITH,ITH5,8,Emilia-Romagna,Emilia-Romagna,4459477,5793121,129.91,0.89
489,2021-04-21,EMR,23974,10971,13003,13869,9742,363,ITH,ITH5,8,Emilia-Romagna,Emilia-Romagna,4459477,5817095,130.44,0.54
490,2021-05-08,EMR,32379,15112,17267,20401,11437,541,ITH,ITH5,8,Emilia-Romagna,Emilia-Romagna,4459477,5849474,131.17,0.73
491,2021-01-28,EMR,10262,3343,6919,348,9914,0,ITH,ITH5,8,Emilia-Romagna,Emilia-Romagna,4459477,5859736,131.4,0.23
492,2021-04-18,CAL,5875,2807,3068,4934,917,24,ITF,ITF6,18,Calabria,Calabria,1947131,5875,0.3,0.3
493,2021-04-04,CAL,1574,789,785,1141,422,11,ITF,ITF6,18,Calabria,Calabria,1947131,7449,0.38,0.08
494,2021-06-26,CAL,15579,7200,8379,7574,7934,71,ITF,ITF6,18,Calabria,Calabria,1947131,23028,1.18,0.8
495,2021-07-01,CAL,12395,5836,6559,5475,6836,84,ITF,ITF6,18,Calabria,Calabria,1947131,35423,1.82,0.64
496,2021-02-01,CAL,2556,1212,1344,236,2317,3,ITF,ITF6,18,Calabria,Calabria,1947131,37979,1.95,0.13
497,2021-07-08,CAL,12049,5616,6433,2694,9310,45,ITF,ITF6,18,Calabria,Calabria,1947131,50028,2.57,0.62
498,2021-08-10,CAL,9777,4913,4864,3594,6082,101,ITF,ITF6,18,Calabria,Calabria,1947131,59805,3.07,0.5
499,2021-06-14,CAL,14357,6511,7846,9628,4652,77,ITF,ITF6,18,Calabria,Calabria,1947131,74162,3.81,0.74
500,2021-03-04,CAL,5491,3196,2295,4672,799,20,ITF,ITF6,18,Calabria,Calabria,1947131,79653,4.09,0.28
501,2021-06-12,CAL,13248,6298,6950,10781,2399,68,ITF,ITF6,18,Calabria,Calabria,1947131,92901,4.77,0.68
502,2021-02-06,CAL,2933,1351,1582,439,2493,1,ITF,ITF6,18,Calabria,Calabria,1947131,95834,4.92,0.15
503,2021-07-10,CAL,15943,7537,8406,3247,12653,43,ITF,ITF6,18,Calabria,Calabria,1947131,111777,5.74,0.82
504,2021-01-23,CAL,403,188,215,360,43,0,ITF,ITF6,18,Calabria,Calabria,1947131,112180,5.76,0.02
505,2021-03-09,CAL,6577,3434,3143,5517,989,71,ITF,ITF6,18,Calabria,Calabria,1947131,118757,6.1,0.34
506,2021-02-20,CAL,1498,787,711,1156,328,14,ITF,ITF6,18,Calabria,Calabria,1947131,120255,6.18,0.08
507,2021-08-22,CAL,1522,769,753,484,1019,19,ITF,ITF6,18,Calabria,Calabria,1947131,121777,6.25,0.08
508,2021-05-31,CAL,15299,7347,7952,7310,7908,81,ITF,ITF6,18,Calabria,Calabria,1947131,137076,7.04,0.79
509,2021-07-27,CAL,17586,8994,8592,5025,12476,85,ITF,ITF6,18,Calabria,Calabria,1947131,154662,7.94,0.9
510,2021-01-06,CAL,955,519,436,955,0,0,ITF,ITF6,18,Calabria,Calabria,1947131,155617,7.99,0.05
511,2021-04-16,CAL,10329,5047,5282,8638,1634,57,ITF,ITF6,18,Calabria,Calabria,1947131,165946,8.52,0.53
512,2021-02-18,CAL,1884,874,1010,1632,233,19,ITF,ITF6,18,Calabria,Calabria,1947131,167830,8.62,0.1
513,2021-08-03,CAL,14094,7124,6970,3911,10110,73,ITF,ITF6,18,Calabria,Calabria,1947131,181924,9.34,0.72
514,2021-06-21,CAL,15412,7098,8314,7996,7377,39,ITF,ITF6,18,Calabria,Calabria,1947131,197336,10.13,0.79
515,2021-01-11,CAL,2190,1060,1130,2188,0,2,ITF,ITF6,18,Calabria,Calabria,1947131,199526,10.25,0.11
516,2021-01-25,CAL,1089,522,567,150,939,0,ITF,ITF6,18,Calabria,Calabria,1947131,200615,10.3,0.06
517,2021-05-05,CAL,13601,6504,7097,8406,5117,78,ITF,ITF6,18,Calabria,Calabria,1947131,214216,11.0,0.7
518,2021-08-17,CAL,7678,3911,3767,2758,4825,95,ITF,ITF6,18,Calabria,Calabria,1947131,221894,11.4,0.39
519,2021-08-08,CAL,4218,2146,2072,1492,2698,28,ITF,ITF6,18,Calabria,Calabria,1947131,226112,11.61,0.22
520,2021-07-22,CAL,18333,9029,9304,3496,14747,90,ITF,ITF6,18,Calabria,Calabria,1947131,244445,12.55,0.94
521,2021-04-30,CAL,15101,7406,7695,10531,4493,77,ITF,ITF6,18,Calabria,Calabria,1947131,259546,13.33,0.78
522,2021-06-07,CAL,18006,8423,9583,14711,3214,81,ITF,ITF6,18,Calabria,Calabria,1947131,277552,14.25,0.92
523,2021-05-24,CAL,17783,8911,8872,9938,7763,82,ITF,ITF6,18,Calabria,Calabria,1947131,295335,15.17,0.91
524,2021-05-07,CAL,16277,7666,8611,9665,6524,88,ITF,ITF6,18,Calabria,Calabria,1947131,311612,16.0,0.84
525,2021-02-13,CAL,1417,612,805,1044,370,3,ITF,ITF6,18,Calabria,Calabria,1947131,313029,16.08,0.07
526,2021-08-15,CAL,51,24,27,17,33,1,ITF,ITF6,18,Calabria,Calabria,1947131,313080,16.08,0.0
527,2021-05-12,CAL,16485,8043,8442,10831,5559,95,ITF,ITF6,18,Calabria,Calabria,1947131,329565,16.93,0.85
528,2021-05-26,CAL,18740,9332,9408,10328,8320,92,ITF,ITF6,18,Calabria,Calabria,1947131,348305,17.89,0.96
529,2021-03-30,CAL,6505,2841,3664,3650,2833,22,ITF,ITF6,18,Calabria,Calabria,1947131,354810,18.22,0.33
530,2021-05-19,CAL,18325,9082,9243,11262,6988,75,ITF,ITF6,18,Calabria,Calabria,1947131,373135,19.16,0.94
531,2021-02-25,CAL,2921,1573,1348,2279,602,40,ITF,ITF6,18,Calabria,Calabria,1947131,376056,19.31,0.15
532,2021-03-28,CAL,2697,1236,1461,1565,1127,5,ITF,ITF6,18,Calabria,Calabria,1947131,378753,19.45,0.14
533,2021-08-29,CAL,1685,887,798,721,934,30,ITF,ITF6,18,Calabria,Calabria,1947131,380438,19.54,0.09
534,2021-01-30,CAL,2210,1169,1041,299,1908,3,ITF,ITF6,18,Calabria,Calabria,1947131,382648,19.65,0.11
535,2021-02-17,CAL,1879,833,1046,1649,213,17,ITF,ITF6,18,Calabria,Calabria,1947131,384527,19.75,0.1
536,2021-07-24,CAL,18036,9280,8756,4578,13358,100,ITF,ITF6,18,Calabria,Calabria,1947131,402563,20.67,0.93
537,2021-05-28,CAL,21015,10212,10803,11425,9477,113,ITF,ITF6,18,Calabria,Calabria,1947131,423578,21.75,1.08
538,2021-04-15,CAL,7786,3817,3969,5989,1750,47,ITF,ITF6,18,Calabria,Calabria,1947131,431364,22.15,0.4
539,2021-03-11,CAL,7310,3478,3832,5952,1307,51,ITF,ITF6,18,Calabria,Calabria,1947131,438674,22.53,0.38
540,2021-06-19,CAL,15853,7419,8434,8499,7286,68,ITF,ITF6,18,Calabria,Calabria,1947131,454527,23.34,0.81
541,2021-01-04,CAL,1075,533,542,1072,0,3,ITF,ITF6,18,Calabria,Calabria,1947131,455602,23.4,0.06
542,2021-04-23,CAL,13150,6458,6692,9439,3611,100,ITF,ITF6,18,Calabria,Calabria,1947131,468752,24.07,0.68
543,2021-01-13,CAL,2108,1065,1043,2096,0,12,ITF,ITF6,18,Calabria,Calabria,1947131,470860,24.18,0.11
544,2021-03-02,CAL,4422,2501,1921,3617,796,9,ITF,ITF6,18,Calabria,Calabria,1947131,475282,24.41,0.23
545,2021-03-16,CAL,3870,1899,1971,2183,1674,13,ITF,ITF6,18,Calabria,Calabria,1947131,479152,24.61,0.2
546,2021-07-29,CAL,17590,8770,8820,4718,12771,101,ITF,ITF6,18,Calabria,Calabria,1947131,496742,25.51,0.9
547,2021-02-11,CAL,2353,1053,1300,1064,1267,22,ITF,ITF6,18,Calabria,Calabria,1947131,499095,25.63,0.12
548,2021-01-18,CAL,1308,594,714,1055,249,4,ITF,ITF6,18,Calabria,Calabria,1947131,500403,25.7,0.07
549,2021-07-03,CAL,15182,7149,8033,5285,9819,78,ITF,ITF6,18,Calabria,Calabria,1947131,515585,26.48,0.78
550,2021-04-11,CAL,4209,1912,2297,2243,1949,17,ITF,ITF6,18,Calabria,Calabria,1947131,519794,26.7,0.22
551,2021-07-20,CAL,17497,8483,9014,3202,14222,73,ITF,ITF6,18,Calabria,Calabria,1947131,537291,27.59,0.9
552,2021-06-11,CAL,17830,8761,9069,15128,2578,124,ITF,ITF6,18,Calabria,Calabria,1947131,555121,28.51,0.92
553,2021-01-08,CAL,2201,1049,1152,2194,0,7,ITF,ITF6,18,Calabria,Calabria,1947131,557322,28.62,0.11
554,2021-03-18,CAL,4493,2101,2392,2341,2127,25,ITF,ITF6,18,Calabria,Calabria,1947131,561815,28.85,0.23
555,2021-02-27,CAL,4053,2087,1966,3659,387,7,ITF,ITF6,18,Calabria,Calabria,1947131,565868,29.06,0.21
556,2021-03-23,CAL,5266,2469,2797,3421,1822,23,ITF,ITF6,18,Calabria,Calabria,1947131,571134,29.33,0.27
557,2021-08-27,CAL,9158,4764,4394,3609,5389,160,ITF,ITF6,18,Calabria,Calabria,1947131,580292,29.8,0.47
558,2021-07-15,CAL,18308,8822,9486,2533,15725,50,ITF,ITF6,18,Calabria,Calabria,1947131,598600,30.74,0.94
559,2021-02-15,CAL,1181,566,615,1011,165,5,ITF,ITF6,18,Calabria,Calabria,1947131,599781,30.8,0.06
560,2020-12-27,CAL,317,169,148,317,0,0,ITF,ITF6,18,Calabria,Calabria,1947131,600098,30.82,0.02
561,2021-04-06,CAL,8174,3725,4449,4461,3678,35,ITF,ITF6,18,Calabria,Calabria,1947131,608272,31.24,0.42
562,2021-02-08,CAL,1880,748,1132,667,1210,3,ITF,ITF6,18,Calabria,Calabria,1947131,610152,31.34,0.1
563,2021-03-06,CAL,8538,4400,4138,7699,815,24,ITF,ITF6,18,Calabria,Calabria,1947131,618690,31.77,0.44
564,2021-08-19,CAL,5871,2943,2928,2348,3466,57,ITF,ITF6,18,Calabria,Calabria,1947131,624561,32.08,0.3
565,2021-05-09,CAL,9683,4522,5161,6043,3593,47,ITF,ITF6,18,Calabria,Calabria,1947131,634244,32.57,0.5
566,2021-01-29,CAL,2079,1004,1075,226,1852,1,ITF,ITF6,18,Calabria,Calabria,1947131,636323,32.68,0.11
567,2021-04-01,CAL,8694,3959,4735,4153,4503,38,ITF,ITF6,18,Calabria,Calabria,1947131,645017,33.13,0.45
568,2021-04-08,CAL,9355,4432,4923,5823,3483,49,ITF,ITF6,18,Calabria,Calabria,1947131,654372,33.61,0.48
569,2021-02-10,CAL,2524,1084,1440,874,1635,15,ITF,ITF6,18,Calabria,Calabria,1947131,656896,33.74,0.13
570,2021-07-17,CAL,18340,9048,9292,2711,15561,68,ITF,ITF6,18,Calabria,Calabria,1947131,675236,34.68,0.94
571,2021-05-23,CAL,11392,5553,5839,6996,4353,43,ITF,ITF6,18,Calabria,Calabria,1947131,686628,35.26,0.59
572,2021-03-01,CAL,2749,1560,1189,2284,461,4,ITF,ITF6,18,Calabria,Calabria,1947131,689377,35.4,0.14
573,2021-06-09,CAL,18255,8619,9636,15900,2271,84,ITF,ITF6,18,Calabria,Calabria,1947131,707632,36.34,0.94
574,2021-08-31,CAL,5090,2517,2573,1959,3024,107,ITF,ITF6,18,Calabria,Calabria,1947131,712722,36.6,0.26
575,2021-06-23,CAL,17232,7870,9362,8148,9001,83,ITF,ITF6,18,Calabria,Calabria,1947131,729954,37.49,0.88
576,2021-03-13,CAL,7016,3042,3974,5943,1036,37,ITF,ITF6,18,Calabria,Calabria,1947131,736970,37.85,0.36
577,2021-01-15,CAL,2818,1267,1551,2812,0,6,ITF,ITF6,18,Calabria,Calabria,1947131,739788,37.99,0.14
578,2021-07-31,CAL,13812,7061,6751,3642,10098,72,ITF,ITF6,18,Calabria,Calabria,1947131,753600,38.7,0.71
579,2021-01-27,CAL,1491,757,734,385,1105,1,ITF,ITF6,18,Calabria,Calabria,1947131,755091,38.78,0.08
580,2021-04-13,CAL,6962,3419,3543,5605,1332,25,ITF,ITF6,18,Calabria,Calabria,1947131,762053,39.14,0.36
581,2021-01-20,CAL,1410,630,780,1406,1,3,ITF,ITF6,18,Calabria,Calabria,1947131,763463,39.21,0.07
582,2021-01-03,CAL,6,3,3,6,0,0,ITF,ITF6,18,Calabria,Calabria,1947131,763469,39.21,0.0
583,2021-03-27,CAL,8845,4029,4816,4664,4136,45,ITF,ITF6,18,Calabria,Calabria,1947131,772314,39.66,0.45
584,2021-07-05,CAL,13387,6254,7133,4268,9055,64,ITF,ITF6,18,Calabria,Calabria,1947131,785701,40.35,0.69
585,2021-02-14,CAL,490,228,262,452,37,1,ITF,ITF6,18,Calabria,Calabria,1947131,786191,40.38,0.03
586,2021-05-25,CAL,16425,8046,8379,10215,6123,87,ITF,ITF6,18,Calabria,Calabria,1947131,802616,41.22,0.84
587,2021-01-26,CAL,1891,907,984,269,1621,1,ITF,ITF6,18,Calabria,Calabria,1947131,804507,41.32,0.1
588,2021-07-28,CAL,21381,10731,10650,5899,15370,112,ITF,ITF6,18,Calabria,Calabria,1947131,825888,42.42,1.1
589,2021-04-22,CAL,9831,4914,4917,6847,2931,53,ITF,ITF6,18,Calabria,Calabria,1947131,835719,42.92,0.5
590,2021-05-06,CAL,13347,6319,7028,8924,4350,73,ITF,ITF6,18,Calabria,Calabria,1947131,849066,43.61,0.69
591,2021-04-24,CAL,19302,9608,9694,15760,3455,87,ITF,ITF6,18,Calabria,Calabria,1947131,868368,44.6,0.99
592,2021-02-26,CAL,3152,1677,1475,2674,463,15,ITF,ITF6,18,Calabria,Calabria,1947131,871520,44.76,0.16
593,2021-08-02,CAL,15077,7536,7541,3727,11294,56,ITF,ITF6,18,Calabria,Calabria,1947131,886597,45.53,0.77
594,2021-06-20,CAL,6651,3150,3501,3815,2808,28,ITF,ITF6,18,Calabria,Calabria,1947131,893248,45.88,0.34
595,2021-06-06,CAL,13806,6637,7169,12015,1720,71,ITF,ITF6,18,Calabria,Calabria,1947131,907054,46.58,0.71
596,2021-05-04,CAL,16516,7619,8897,11631,4787,98,ITF,ITF6,18,Calabria,Calabria,1947131,923570,47.43,0.85
597,2021-08-12,CAL,7639,3877,3762,2798,4665,176,ITF,ITF6,18,Calabria,Calabria,1947131,931209,47.82,0.39
598,2021-01-22,CAL,662,276,386,660,2,0,ITF,ITF6,18,Calabria,Calabria,1947131,931871,47.86,0.03
599,2021-05-02,CAL,12557,5861,6696,10586,1907,64,ITF,ITF6,18,Calabria,Calabria,1947131,944428,48.5,0.64
600,2021-03-29,CAL,5783,2500,3283,3979,1775,29,ITF,ITF6,18,Calabria,Calabria,1947131,950211,48.8,0.3
601,2021-01-31,CAL,1131,563,568,150,981,0,ITF,ITF6,18,Calabria,Calabria,1947131,951342,48.86,0.06
602,2021-07-07,CAL,13969,6582,7387,3901,9993,75,ITF,ITF6,18,Calabria,Calabria,1947131,965311,49.58,0.72
603,2021-07-12,CAL,17980,8540,9440,2687,15244,49,ITF,ITF6,18,Calabria,Calabria,1947131,983291,50.5,0.92
604,2021-01-10,CAL,955,538,417,955,0,0,ITF,ITF6,18,Calabria,Calabria,1947131,984246,50.55,0.05
605,2021-04-20,CAL,7892,3986,3906,6072,1744,76,ITF,ITF6,18,Calabria,Calabria,1947131,992138,50.95,0.41
606,2021-06-04,CAL,17548,8160,9388,12957,4522,69,ITF,ITF6,18,Calabria,Calabria,1947131,1009686,51.86,0.9
607,2021-05-21,CAL,21367,10883,10484,13858,7398,111,ITF,ITF6,18,Calabria,Calabria,1947131,1031053,52.95,1.1
608,2021-01-05,CAL,1549,729,820,1547,0,2,ITF,ITF6,18,Calabria,Calabria,1947131,1032602,53.03,0.08
609,2021-03-08,CAL,5523,2992,2531,4408,1083,32,ITF,ITF6,18,Calabria,Calabria,1947131,1038125,53.32,0.28
610,2021-03-25,CAL,7542,3561,3981,4584,2924,34,ITF,ITF6,18,Calabria,Calabria,1947131,1045667,53.7,0.39
611,2021-06-16,CAL,18339,8476,9863,12125,6124,90,ITF,ITF6,18,Calabria,Calabria,1947131,1064006,54.64,0.94
612,2021-04-25,CAL,15897,8066,7831,14800,1029,68,ITF,ITF6,18,Calabria,Calabria,1947131,1079903,55.46,0.82
613,2021-08-26,CAL,7212,3606,3606,3186,3906,120,ITF,ITF6,18,Calabria,Calabria,1947131,1087115,55.83,0.37
614,2021-06-30,CAL,16393,7508,8885,7021,9270,102,ITF,ITF6,18,Calabria,Calabria,1947131,1103508,56.67,0.84
615,2021-06-28,CAL,13305,6126,7179,5377,7861,67,ITF,ITF6,18,Calabria,Calabria,1947131,1116813,57.36,0.68
616,2021-03-20,CAL,6765,3096,3669,4179,2569,17,ITF,ITF6,18,Calabria,Calabria,1947131,1123578,57.7,0.35
617,2021-08-14,CAL,2229,1193,1036,724,1489,16,ITF,ITF6,18,Calabria,Calabria,1947131,1125807,57.82,0.11
618,2021-07-14,CAL,22645,10680,11965,4158,18410,77,ITF,ITF6,18,Calabria,Calabria,1947131,1148452,58.98,1.16
619,2021-04-05,CAL,3643,1728,1915,2672,959,12,ITF,ITF6,18,Calabria,Calabria,1947131,1152095,59.17,0.19
620,2021-06-08,CAL,16685,7901,8784,14518,2045,122,ITF,ITF6,18,Calabria,Calabria,1947131,1168780,60.03,0.86
621,2021-03-17,CAL,4188,1874,2314,2189,1989,10,ITF,ITF6,18,Calabria,Calabria,1947131,1172968,60.24,0.22
622,2021-06-25,CAL,18833,8744,10089,8070,10677,86,ITF,ITF6,18,Calabria,Calabria,1947131,1191801,61.21,0.97
623,2021-01-07,CAL,2222,1091,1131,2218,0,4,ITF,ITF6,18,Calabria,Calabria,1947131,1194023,61.32,0.11
624,2021-06-13,CAL,6849,3360,3489,5731,1063,55,ITF,ITF6,18,Calabria,Calabria,1947131,1200872,61.67,0.35
625,2021-04-17,CAL,10858,5077,5781,9023,1785,50,ITF,ITF6,18,Calabria,Calabria,1947131,1211730,62.23,0.56
626,2021-05-01,CAL,16749,7981,8768,12403,4255,91,ITF,ITF6,18,Calabria,Calabria,1947131,1228479,63.09,0.86
627,2021-03-05,CAL,6246,3626,2620,5651,579,16,ITF,ITF6,18,Calabria,Calabria,1947131,1234725,63.41,0.32
628,2021-08-09,CAL,13165,6710,6455,4639,8364,162,ITF,ITF6,18,Calabria,Calabria,1947131,1247890,64.09,0.68
629,2021-07-26,CAL,18789,9336,9453,5212,13488,89,ITF,ITF6,18,Calabria,Calabria,1947131,1266679,65.05,0.96
630,2021-05-11,CAL,15133,7329,7804,10243,4820,70,ITF,ITF6,18,Calabria,Calabria,1947131,1281812,65.83,0.78
631,2021-07-16,CAL,21057,10034,11023,3380,17601,76,ITF,ITF6,18,Calabria,Calabria,1947131,1302869,66.91,1.08
632,2021-08-16,CAL,6975,3566,3409,2377,4536,62,ITF,ITF6,18,Calabria,Calabria,1947131,1309844,67.27,0.36
633,2021-02-12,CAL,1717,673,1044,943,768,6,ITF,ITF6,18,Calabria,Calabria,1947131,1311561,67.36,0.09
634,2021-06-27,CAL,8423,3946,4477,4987,3396,40,ITF,ITF6,18,Calabria,Calabria,1947131,1319984,67.79,0.43
635,2021-01-12,CAL,2091,1035,1056,2082,0,9,ITF,ITF6,18,Calabria,Calabria,1947131,1322075,67.9,0.11
636,2021-02-24,CAL,1947,995,952,1461,480,6,ITF,ITF6,18,Calabria,Calabria,1947131,1324022,68.0,0.1
637,2021-07-13,CAL,17435,8157,9278,2311,15055,69,ITF,ITF6,18,Calabria,Calabria,1947131,1341457,68.89,0.9
638,2021-04-19,CAL,7904,3818,4086,6171,1686,47,ITF,ITF6,18,Calabria,Calabria,1947131,1349361,69.3,0.41
639,2021-01-09,CAL,2094,1122,972,2086,0,8,ITF,ITF6,18,Calabria,Calabria,1947131,1351455,69.41,0.11
640,2021-03-15,CAL,3656,1766,1890,2167,1478,11,ITF,ITF6,18,Calabria,Calabria,1947131,1355111,69.6,0.19
641,2021-08-28,CAL,5304,2779,2525,1895,3316,93,ITF,ITF6,18,Calabria,Calabria,1947131,1360415,69.87,0.27
642,2021-07-02,CAL,16272,7533,8739,6243,9945,84,ITF,ITF6,18,Calabria,Calabria,1947131,1376687,70.7,0.84
643,2021-05-20,CAL,16998,8506,8492,11274,5656,68,ITF,ITF6,18,Calabria,Calabria,1947131,1393685,71.58,0.87
644,2021-02-07,CAL,871,435,436,143,726,2,ITF,ITF6,18,Calabria,Calabria,1947131,1394556,71.62,0.04
645,2021-03-12,CAL,5160,2471,2689,4074,1063,23,ITF,ITF6,18,Calabria,Calabria,1947131,1399716,71.89,0.27
646,2021-01-14,CAL,2674,1271,1403,2668,0,6,ITF,ITF6,18,Calabria,Calabria,1947131,1402390,72.02,0.14
647,2021-01-21,CAL,983,460,523,946,34,3,ITF,ITF6,18,Calabria,Calabria,1947131,1403373,72.07,0.05
648,2021-06-18,CAL,18916,8807,10109,11286,7514,116,ITF,ITF6,18,Calabria,Calabria,1947131,1422289,73.05,0.97
649,2021-03-10,CAL,6886,3507,3379,5474,1374,38,ITF,ITF6,18,Calabria,Calabria,1947131,1429175,73.4,0.35
650,2021-08-23,CAL,7681,3814,3867,2794,4781,106,ITF,ITF6,18,Calabria,Calabria,1947131,1436856,73.79,0.39
651,2021-06-01,CAL,12882,5975,6907,7885,4938,59,ITF,ITF6,18,Calabria,Calabria,1947131,1449738,74.46,0.66
652,2021-01-24,CAL,47,20,27,41,6,0,ITF,ITF6,18,Calabria,Calabria,1947131,1449785,74.46,0.0
653,2021-07-09,CAL,15675,7306,8369,3637,11967,71,ITF,ITF6,18,Calabria,Calabria,1947131,1465460,75.26,0.81
654,2021-08-21,CAL,3644,1859,1785,1439,2158,47,ITF,ITF6,18,Calabria,Calabria,1947131,1469104,75.45,0.19
655,2020-12-28,CAL,6,2,4,6,0,0,ITF,ITF6,18,Calabria,Calabria,1947131,1469110,75.45,0.0
656,2021-06-03,CAL,14256,6656,7600,9590,4611,55,ITF,ITF6,18,Calabria,Calabria,1947131,1483366,76.18,0.73
657,2021-02-28,CAL,2372,1081,1291,2214,155,3,ITF,ITF6,18,Calabria,Calabria,1947131,1485738,76.3,0.12
658,2021-04-03,CAL,9449,4087,5362,4527,4859,63,ITF,ITF6,18,Calabria,Calabria,1947131,1495187,76.79,0.49
659,2021-01-28,CAL,2300,1144,1156,79,2221,0,ITF,ITF6,18,Calabria,Calabria,1947131,1497487,76.91,0.12
660,2021-08-13,CAL,7591,3917,3674,2441,5082,68,ITF,ITF6,18,Calabria,Calabria,1947131,1505078,77.3,0.39
661,2021-05-08,CAL,18562,8426,10136,10517,7972,73,ITF,ITF6,18,Calabria,Calabria,1947131,1523640,78.25,0.95
662,2021-05-22,CAL,22201,10565,11636,14213,7897,91,ITF,ITF6,18,Calabria,Calabria,1947131,1545841,79.39,1.14
663,2021-08-30,CAL,9391,4721,4670,3175,6094,122,ITF,ITF6,18,Calabria,Calabria,1947131,1555232,79.87,0.48
664,2021-04-21,CAL,11616,5837,5779,8629,2928,59,ITF,ITF6,18,Calabria,Calabria,1947131,1566848,80.47,0.6
665,2021-03-03,CAL,5114,2792,2322,4010,1090,14,ITF,ITF6,18,Calabria,Calabria,1947131,1571962,80.73,0.26
666,2021-08-04,CAL,16014,8118,7896,4250,11663,101,ITF,ITF6,18,Calabria,Calabria,1947131,1587976,81.55,0.82
667,2021-08-20,CAL,7569,3824,3745,3023,4455,91,ITF,ITF6,18,Calabria,Calabria,1947131,1595545,81.94,0.39
668,2021-05-18,CAL,15345,7678,7667,11847,3428,70,ITF,ITF6,18,Calabria,Calabria,1947131,1610890,82.73,0.79
669,2021-03-22,CAL,4991,2348,2643,3180,1786,25,ITF,ITF6,18,Calabria,Calabria,1947131,1615881,82.99,0.26
670,2021-05-13,CAL,15981,7690,8291,11177,4728,76,ITF,ITF6,18,Calabria,Calabria,1947131,1631862,83.81,0.82
671,2021-02-19,CAL,1520,688,832,1247,264,9,ITF,ITF6,18,Calabria,Calabria,1947131,1633382,83.89,0.08
672,2021-05-30,CAL,11003,5302,5701,6814,4154,35,ITF,ITF6,18,Calabria,Calabria,1947131,1644385,84.45,0.57
673,2021-04-07,CAL,9174,4170,5004,5051,4068,55,ITF,ITF6,18,Calabria,Calabria,1947131,1653559,84.92,0.47
674,2021-02-23,CAL,1612,763,849,1488,119,5,ITF,ITF6,18,Calabria,Calabria,1947131,1655171,85.01,0.08
675,2021-06-29,CAL,13072,6039,7033,5354,7667,51,ITF,ITF6,18,Calabria,Calabria,1947131,1668243,85.68,0.67
676,2021-05-03,CAL,14848,6805,8043,10464,4292,92,ITF,ITF6,18,Calabria,Calabria,1947131,1683091,86.44,0.76
677,2021-03-21,CAL,4470,1931,2539,2730,1729,11,ITF,ITF6,18,Calabria,Calabria,1947131,1687561,86.67,0.23
678,2021-03-07,CAL,3409,1740,1669,3302,93,14,ITF,ITF6,18,Calabria,Calabria,1947131,1690970,86.84,0.18
679,2021-08-11,CAL,11043,5666,5377,3519,7409,115,ITF,ITF6,18,Calabria,Calabria,1947131,1702013,87.41,0.57
680,2021-06-15,CAL,15161,7051,8110,10239,4830,92,ITF,ITF6,18,Calabria,Calabria,1947131,1717174,88.19,0.78
681,2021-07-30,CAL,19736,10060,9676,5523,14091,122,ITF,ITF6,18,Calabria,Calabria,1947131,1736910,89.2,1.01
682,2021-04-02,CAL,8546,3915,4631,4578,3934,34,ITF,ITF6,18,Calabria,Calabria,1947131,1745456,89.64,0.44
683,2021-06-24,CAL,15419,7026,8393,6983,8356,80,ITF,ITF6,18,Calabria,Calabria,1947131,1760875,90.43,0.79
684,2021-03-19,CAL,4250,1987,2263,1887,2356,7,ITF,ITF6,18,Calabria,Calabria,1947131,1765125,90.65,0.22
685,2021-07-11,CAL,6433,2984,3449,846,5576,11,ITF,ITF6,18,Calabria,Calabria,1947131,1771558,90.98,0.33
686,2021-05-17,CAL,14912,7464,7448,10142,4718,52,ITF,ITF6,18,Calabria,Calabria,1947131,1786470,91.75,0.77
687,2021-08-25,CAL,8848,4330,4518,3331,5385,132,ITF,ITF6,18,Calabria,Calabria,1947131,1795318,92.2,0.45
688,2021-02-21,CAL,666,306,360,586,79,1,ITF,ITF6,18,Calabria,Calabria,1947131,1795984,92.24,0.03
689,2021-04-28,CAL,12576,6099,6477,9624,2880,72,ITF,ITF6,18,Calabria,Calabria,1947131,1808560,92.88,0.65
690,2021-02-04,CAL,3675,1748,1927,646,3023,6,ITF,ITF6,18,Calabria,Calabria,1947131,1812235,93.07,0.19
691,2021-02-09,CAL,2175,921,1254,950,1215,10,ITF,ITF6,18,Calabria,Calabria,1947131,1814410,93.18,0.11
692,2021-05-29,CAL,19296,8962,10334,9350,9870,76,ITF,ITF6,18,Calabria,Calabria,1947131,1833706,94.17,0.99
693,2021-07-25,CAL,6948,3570,3378,1469,5447,32,ITF,ITF6,18,Calabria,Calabria,1947131,1840654,94.53,0.36
694,2021-04-14,CAL,8089,3906,4183,6585,1455,49,ITF,ITF6,18,Calabria,Calabria,1947131,1848743,94.95,0.42
695,2021-02-16,CAL,1752,745,1007,1466,281,5,ITF,ITF6,18,Calabria,Calabria,1947131,1850495,95.04,0.09
696,2021-03-31,CAL,9163,4181,4982,5069,4058,36,ITF,ITF6,18,Calabria,Calabria,1947131,1859658,95.51,0.47
697,2021-04-09,CAL,8030,3768,4262,5052,2895,83,ITF,ITF6,18,Calabria,Calabria,1947131,1867688,95.92,0.41
698,2021-07-18,CAL,8789,4205,4584,1280,7477,32,ITF,ITF6,18,Calabria,Calabria,1947131,1876477,96.37,0.45
699,2021-06-05,CAL,20784,9709,11075,17631,3074,79,ITF,ITF6,18,Calabria,Calabria,1947131,1897261,97.44,1.07
700,2021-06-10,CAL,15894,7333,8561,12986,2808,100,ITF,ITF6,18,Calabria,Calabria,1947131,1913155,98.26,0.82
701,2021-03-14,CAL,2770,1071,1699,2282,481,7,ITF,ITF6,18,Calabria,Calabria,1947131,1915925,98.4,0.14
702,2021-08-18,CAL,9459,4851,4608,3395,5964,100,ITF,ITF6,18,Calabria,Calabria,1947131,1925384,98.88,0.49
703,2021-06-22,CAL,14623,6918,7705,7380,7147,96,ITF,ITF6,18,Calabria,Calabria,1947131,1940007,99.63,0.75
704,2021-05-10,CAL,13174,6129,7045,7695,5418,61,ITF,ITF6,18,Calabria,Calabria,1947131,1953181,100.31,0.68
705,2021-04-26,CAL,10195,5062,5133,7714,2433,48,ITF,ITF6,18,Calabria,Calabria,1947131,1963376,100.83,0.52
706,2021-05-15,CAL,27275,13054,14221,20267,6872,136,ITF,ITF6,18,Calabria,Calabria,1947131,1990651,102.24,1.4
707,2021-08-06,CAL,15616,7929,7687,5083,10401,132,ITF,ITF6,18,Calabria,Calabria,1947131,2006267,103.04,0.8
708,2021-02-02,CAL,2375,1170,1205,176,2199,0,ITF,ITF6,18,Calabria,Calabria,1947131,2008642,103.16,0.12
709,2021-01-16,CAL,2425,1139,1286,2422,0,3,ITF,ITF6,18,Calabria,Calabria,1947131,2011067,103.28,0.12
710,2021-07-23,CAL,22747,11355,11392,5559,17087,101,ITF,ITF6,18,Calabria,Calabria,1947131,2033814,104.45,1.17
711,2021-05-27,CAL,17671,8738,8933,9773,7817,81,ITF,ITF6,18,Calabria,Calabria,1947131,2051485,105.36,0.91
712,2021-08-01,CAL,4895,2562,2333,1172,3699,24,ITF,ITF6,18,Calabria,Calabria,1947131,2056380,105.61,0.25
713,2021-05-14,CAL,19941,9579,10362,12945,6883,113,ITF,ITF6,18,Calabria,Calabria,1947131,2076321,106.63,1.02
714,2021-04-27,CAL,9977,4907,5070,7963,1966,48,ITF,ITF6,18,Calabria,Calabria,1947131,2086298,107.15,0.51
715,2021-02-03,CAL,2872,1480,1392,519,2348,5,ITF,ITF6,18,Calabria,Calabria,1947131,2089170,107.29,0.15
716,2021-07-19,CAL,19015,9108,9907,3036,15929,50,ITF,ITF6,18,Calabria,Calabria,1947131,2108185,108.27,0.98
717,2021-08-05,CAL,12468,6289,6179,3880,8493,95,ITF,ITF6,18,Calabria,Calabria,1947131,2120653,108.91,0.64
718,2021-02-22,CAL,2096,1068,1028,1526,561,9,ITF,ITF6,18,Calabria,Calabria,1947131,2122749,109.02,0.11
719,2021-06-02,CAL,12099,5800,6299,8787,3265,47,ITF,ITF6,18,Calabria,Calabria,1947131,2134848,109.64,0.62
720,2021-08-07,CAL,9526,4873,4653,3018,6444,64,ITF,ITF6,18,Calabria,Calabria,1947131,2144374,110.13,0.49
721,2021-05-16,CAL,13817,6742,7075,9920,3842,55,ITF,ITF6,18,Calabria,Calabria,1947131,2158191,110.84,0.71
722,2021-08-24,CAL,6504,3228,3276,2321,4098,85,ITF,ITF6,18,Calabria,Calabria,1947131,2164695,111.17,0.33
723,2021-07-21,CAL,22101,10613,11488,4511,17476,114,ITF,ITF6,18,Calabria,Calabria,1947131,2186796,112.31,1.14
724,2021-01-17,CAL,913,441,472,807,100,6,ITF,ITF6,18,Calabria,Calabria,1947131,2187709,112.36,0.05
725,2021-03-24,CAL,7960,3642,4318,4545,3390,25,ITF,ITF6,18,Calabria,Calabria,1947131,2195669,112.76,0.41
726,2021-04-10,CAL,11733,5310,6423,6824,4863,46,ITF,ITF6,18,Calabria,Calabria,1947131,2207402,113.37,0.6
727,2021-02-05,CAL,3863,1745,2118,473,3375,15,ITF,ITF6,18,Calabria,Calabria,1947131,2211265,113.57,0.2
728,2021-04-29,CAL,12510,6085,6425,8653,3799,58,ITF,ITF6,18,Calabria,Calabria,1947131,2223775,114.21,0.64
729,2021-04-12,CAL,7033,3423,3610,5349,1656,28,ITF,ITF6,18,Calabria,Calabria,1947131,2230808,114.57,0.36
730,2021-01-19,CAL,1132,499,633,1117,13,2,ITF,ITF6,18,Calabria,Calabria,1947131,2231940,114.63,0.06
731,2021-07-04,CAL,5952,2820,3132,1991,3925,36,ITF,ITF6,18,Calabria,Calabria,1947131,2237892,114.93,0.31
732,2021-06-17,CAL,15817,7226,8591,9596,6167,54,ITF,ITF6,18,Calabria,Calabria,1947131,2253709,115.75,0.81
733,2021-03-26,CAL,8110,3850,4260,4941,3137,32,ITF,ITF6,18,Calabria,Calabria,1947131,2261819,116.16,0.42
734,2021-07-06,CAL,12495,5753,6742,3835,8594,66,ITF,ITF6,18,Calabria,Calabria,1947131,2274314,116.8,0.64
735,2021-01-02,CAL,166,94,72,166,0,0,ITF,ITF6,18,Calabria,Calabria,1947131,2274480,116.81,0.01
736,2021-04-08,BAS,790,361,429,762,10,18,ITF,ITF5,17,Basilicata,Basilicata,559084,790,0.14,0.14
737,2021-04-22,BAS,5050,2352,2698,3382,1613,55,ITF,ITF5,17,Basilicata,Basilicata,559084,5840,1.04,0.9
738,2021-07-31,BAS,5470,2879,2591,1826,3590,54,ITF,ITF5,17,Basilicata,Basilicata,559084,11310,2.02,0.98
739,2021-07-17,BAS,5856,2915,2941,1710,4107,39,ITF,ITF5,17,Basilicata,Basilicata,559084,17166,3.07,1.05
740,2021-06-30,BAS,3452,1668,1784,2315,1111,26,ITF,ITF5,17,Basilicata,Basilicata,559084,20618,3.69,0.62
741,2021-05-30,BAS,2778,1421,1357,920,1853,5,ITF,ITF5,17,Basilicata,Basilicata,559084,23396,4.18,0.5
742,2021-04-03,BAS,1815,754,1061,1465,337,13,ITF,ITF5,17,Basilicata,Basilicata,559084,25211,4.51,0.32
743,2021-08-24,BAS,3267,1766,1501,1477,1713,77,ITF,ITF5,17,Basilicata,Basilicata,559084,28478,5.09,0.58
744,2021-01-10,BAS,77,24,53,77,0,0,ITF,ITF5,17,Basilicata,Basilicata,559084,28555,5.11,0.01
745,2021-04-20,BAS,4148,1983,2165,2180,1941,27,ITF,ITF5,17,Basilicata,Basilicata,559084,32703,5.85,0.74
746,2021-08-07,BAS,4513,2375,2138,1360,3094,59,ITF,ITF5,17,Basilicata,Basilicata,559084,37216,6.66,0.81
747,2021-01-08,BAS,555,219,336,555,0,0,ITF,ITF5,17,Basilicata,Basilicata,559084,37771,6.76,0.1
748,2021-03-25,BAS,1886,605,1281,1515,347,24,ITF,ITF5,17,Basilicata,Basilicata,559084,39657,7.09,0.34
749,2021-01-27,BAS,419,177,242,113,306,0,ITF,ITF5,17,Basilicata,Basilicata,559084,40076,7.17,0.07
750,2021-02-10,BAS,552,241,311,497,53,2,ITF,ITF5,17,Basilicata,Basilicata,559084,40628,7.27,0.1
751,2021-05-21,BAS,4578,2321,2257,1480,3086,12,ITF,ITF5,17,Basilicata,Basilicata,559084,45206,8.09,0.82
752,2021-08-12,BAS,3918,2000,1918,1677,2159,82,ITF,ITF5,17,Basilicata,Basilicata,559084,49124,8.79,0.7
753,2021-07-26,BAS,5416,2720,2696,1991,3387,38,ITF,ITF5,17,Basilicata,Basilicata,559084,54540,9.76,0.97
754,2021-01-22,BAS,67,24,43,67,0,0,ITF,ITF5,17,Basilicata,Basilicata,559084,54607,9.77,0.01
755,2021-07-24,BAS,5749,2945,2804,1775,3924,50,ITF,ITF5,17,Basilicata,Basilicata,559084,60356,10.8,1.03
756,2021-05-04,BAS,4143,1995,2148,3570,524,49,ITF,ITF5,17,Basilicata,Basilicata,559084,64499,11.54,0.74
757,2021-03-08,BAS,1471,721,750,820,619,32,ITF,ITF5,17,Basilicata,Basilicata,559084,65970,11.8,0.26
758,2021-06-16,BAS,4606,2086,2520,2126,2460,20,ITF,ITF5,17,Basilicata,Basilicata,559084,70576,12.62,0.82
759,2021-01-15,BAS,819,353,466,819,0,0,ITF,ITF5,17,Basilicata,Basilicata,559084,71395,12.77,0.15
760,2020-12-27,BAS,106,41,65,106,0,0,ITF,ITF5,17,Basilicata,Basilicata,559084,71501,12.79,0.02
761,2021-03-20,BAS,1305,576,729,276,1022,7,ITF,ITF5,17,Basilicata,Basilicata,559084,72806,13.02,0.23
762,2021-06-28,BAS,3641,1747,1894,2113,1509,19,ITF,ITF5,17,Basilicata,Basilicata,559084,76447,13.67,0.65
763,2021-06-04,BAS,4833,2289,2544,3749,1046,38,ITF,ITF5,17,Basilicata,Basilicata,559084,81280,14.54,0.86
764,2021-02-24,BAS,1815,744,1071,1729,75,11,ITF,ITF5,17,Basilicata,Basilicata,559084,83095,14.86,0.32
765,2021-08-26,BAS,2523,1278,1245,1120,1339,64,ITF,ITF5,17,Basilicata,Basilicata,559084,85618,15.31,0.45
766,2021-02-22,BAS,1796,777,1019,1735,53,8,ITF,ITF5,17,Basilicata,Basilicata,559084,87414,15.64,0.32
767,2021-02-17,BAS,1137,493,644,1058,77,2,ITF,ITF5,17,Basilicata,Basilicata,559084,88551,15.84,0.2
768,2021-05-28,BAS,3617,1811,1806,918,2666,33,ITF,ITF5,17,Basilicata,Basilicata,559084,92168,16.49,0.65
769,2021-06-11,BAS,4236,1982,2254,3166,1028,42,ITF,ITF5,17,Basilicata,Basilicata,559084,96404,17.24,0.76
770,2021-08-19,BAS,3596,1872,1724,1671,1837,88,ITF,ITF5,17,Basilicata,Basilicata,559084,100000,17.89,0.64
771,2021-05-11,BAS,2654,1353,1301,1597,1033,24,ITF,ITF5,17,Basilicata,Basilicata,559084,102654,18.36,0.47
772,2021-02-05,BAS,996,447,549,63,931,2,ITF,ITF5,17,Basilicata,Basilicata,559084,103650,18.54,0.18
773,2021-07-12,BAS,5441,2592,2849,1606,3809,26,ITF,ITF5,17,Basilicata,Basilicata,559084,109091,19.51,0.97
774,2021-05-16,BAS,4973,2468,2505,2812,2113,48,ITF,ITF5,17,Basilicata,Basilicata,559084,114064,20.4,0.89
775,2021-07-19,BAS,5929,2891,3038,2000,3886,43,ITF,ITF5,17,Basilicata,Basilicata,559084,119993,21.46,1.06
776,2021-05-23,BAS,4518,2302,2216,1527,2984,7,ITF,ITF5,17,Basilicata,Basilicata,559084,124511,22.27,0.81
777,2021-03-15,BAS,2372,992,1380,508,1846,18,ITF,ITF5,17,Basilicata,Basilicata,559084,126883,22.69,0.42
778,2021-01-17,BAS,329,133,196,328,1,0,ITF,ITF5,17,Basilicata,Basilicata,559084,127212,22.75,0.06
779,2021-04-27,BAS,4729,2243,2486,4348,327,54,ITF,ITF5,17,Basilicata,Basilicata,559084,131941,23.6,0.85
780,2021-08-05,BAS,4556,2319,2237,1283,3232,41,ITF,ITF5,17,Basilicata,Basilicata,559084,136497,24.41,0.81
781,2021-04-01,BAS,2732,1118,1614,1970,734,28,ITF,ITF5,17,Basilicata,Basilicata,559084,139229,24.9,0.49
782,2021-02-03,BAS,674,304,370,32,642,0,ITF,ITF5,17,Basilicata,Basilicata,559084,139903,25.02,0.12
783,2021-06-01,BAS,6137,2927,3210,3034,3076,27,ITF,ITF5,17,Basilicata,Basilicata,559084,146040,26.12,1.1
784,2021-05-02,BAS,4181,2001,2180,3490,629,62,ITF,ITF5,17,Basilicata,Basilicata,559084,150221,26.87,0.75
785,2021-04-15,BAS,3435,1681,1754,2588,800,47,ITF,ITF5,17,Basilicata,Basilicata,559084,153656,27.48,0.61
786,2021-07-07,BAS,5204,2471,2733,2019,3170,15,ITF,ITF5,17,Basilicata,Basilicata,559084,158860,28.41,0.93
787,2021-01-03,BAS,910,347,563,910,0,0,ITF,ITF5,17,Basilicata,Basilicata,559084,159770,28.58,0.16
788,2021-06-09,BAS,4423,2072,2351,3967,423,33,ITF,ITF5,17,Basilicata,Basilicata,559084,164193,29.37,0.79
789,2021-04-13,BAS,2118,1053,1065,1282,818,18,ITF,ITF5,17,Basilicata,Basilicata,559084,166311,29.75,0.38
790,2021-03-01,BAS,553,286,267,384,169,0,ITF,ITF5,17,Basilicata,Basilicata,559084,166864,29.85,0.1
791,2021-08-14,BAS,3479,1907,1572,1421,1998,60,ITF,ITF5,17,Basilicata,Basilicata,559084,170343,30.47,0.62
792,2021-06-18,BAS,4465,2066,2399,2179,2259,27,ITF,ITF5,17,Basilicata,Basilicata,559084,174808,31.27,0.8
793,2021-08-23,BAS,3315,1736,1579,1369,1864,82,ITF,ITF5,17,Basilicata,Basilicata,559084,178123,31.86,0.59
794,2021-03-06,BAS,1371,541,830,752,606,13,ITF,ITF5,17,Basilicata,Basilicata,559084,179494,32.11,0.25
795,2021-05-09,BAS,4684,2339,2345,2941,1694,49,ITF,ITF5,17,Basilicata,Basilicata,559084,184178,32.94,0.84
796,2021-02-15,BAS,633,239,394,573,44,16,ITF,ITF5,17,Basilicata,Basilicata,559084,184811,33.06,0.11
797,2021-01-29,BAS,618,232,386,63,555,0,ITF,ITF5,17,Basilicata,Basilicata,559084,185429,33.17,0.11
798,2021-03-05,BAS,1868,862,1006,1097,757,14,ITF,ITF5,17,Basilicata,Basilicata,559084,187297,33.5,0.33
799,2021-06-23,BAS,3240,1522,1718,2332,876,32,ITF,ITF5,17,Basilicata,Basilicata,559084,190537,34.08,0.58
800,2021-03-13,BAS,1807,893,914,738,1049,20,ITF,ITF5,17,Basilicata,Basilicata,559084,192344,34.4,0.32
801,2021-02-07,BAS,381,161,220,49,332,0,ITF,ITF5,17,Basilicata,Basilicata,559084,192725,34.47,0.07
802,2021-05-18,BAS,5898,2857,3041,3382,2492,24,ITF,ITF5,17,Basilicata,Basilicata,559084,198623,35.53,1.05
803,2021-07-14,BAS,5642,2721,2921,1628,3989,25,ITF,ITF5,17,Basilicata,Basilicata,559084,204265,36.54,1.01
804,2021-04-05,BAS,726,235,491,412,304,10,ITF,ITF5,17,Basilicata,Basilicata,559084,204991,36.67,0.13
805,2021-03-22,BAS,1220,547,673,639,573,8,ITF,ITF5,17,Basilicata,Basilicata,559084,206211,36.88,0.22
806,2021-03-03,BAS,1769,826,943,1184,563,22,ITF,ITF5,17,Basilicata,Basilicata,559084,207980,37.2,0.32
807,2021-03-27,BAS,2257,866,1391,1809,434,14,ITF,ITF5,17,Basilicata,Basilicata,559084,210237,37.6,0.4
808,2021-08-31,BAS,2492,1263,1229,1315,1068,109,ITF,ITF5,17,Basilicata,Basilicata,559084,212729,38.05,0.45
809,2021-07-05,BAS,3270,1615,1655,2214,1022,34,ITF,ITF5,17,Basilicata,Basilicata,559084,215999,38.63,0.58
810,2021-01-07,BAS,644,321,323,644,0,0,ITF,ITF5,17,Basilicata,Basilicata,559084,216643,38.75,0.12
811,2021-02-19,BAS,1625,739,886,1557,63,5,ITF,ITF5,17,Basilicata,Basilicata,559084,218268,39.04,0.29
812,2021-02-12,BAS,780,333,447,747,32,1,ITF,ITF5,17,Basilicata,Basilicata,559084,219048,39.18,0.14
813,2021-04-10,BAS,1035,379,656,923,84,28,ITF,ITF5,17,Basilicata,Basilicata,559084,220083,39.36,0.19
814,2021-06-24,BAS,4091,1940,2151,2152,1902,37,ITF,ITF5,17,Basilicata,Basilicata,559084,224174,40.1,0.73
815,2021-06-27,BAS,3007,1477,1530,2378,615,14,ITF,ITF5,17,Basilicata,Basilicata,559084,227181,40.63,0.54
816,2021-04-29,BAS,4858,2398,2460,4342,441,75,ITF,ITF5,17,Basilicata,Basilicata,559084,232039,41.5,0.87
817,2021-03-17,BAS,1470,615,855,24,1442,4,ITF,ITF5,17,Basilicata,Basilicata,559084,233509,41.77,0.26
818,2021-01-19,BAS,199,84,115,199,0,0,ITF,ITF5,17,Basilicata,Basilicata,559084,233708,41.8,0.04
819,2021-06-25,BAS,3317,1571,1746,2444,839,34,ITF,ITF5,17,Basilicata,Basilicata,559084,237025,42.4,0.59
820,2021-07-04,BAS,3112,1563,1549,2164,922,26,ITF,ITF5,17,Basilicata,Basilicata,559084,240137,42.95,0.56
821,2021-08-04,BAS,4500,2232,2268,1424,3035,41,ITF,ITF5,17,Basilicata,Basilicata,559084,244637,43.76,0.8
822,2021-06-08,BAS,4588,2196,2392,4191,358,39,ITF,ITF5,17,Basilicata,Basilicata,559084,249225,44.58,0.82
823,2021-04-12,BAS,2176,1055,1121,1653,493,30,ITF,ITF5,17,Basilicata,Basilicata,559084,251401,44.97,0.39
824,2021-06-13,BAS,3014,1440,1574,2678,308,28,ITF,ITF5,17,Basilicata,Basilicata,559084,254415,45.51,0.54
825,2021-05-27,BAS,3625,1865,1760,1075,2536,14,ITF,ITF5,17,Basilicata,Basilicata,559084,258040,46.15,0.65
826,2021-01-24,BAS,865,316,549,58,806,1,ITF,ITF5,17,Basilicata,Basilicata,559084,258905,46.31,0.15
827,2021-05-13,BAS,5985,2969,3016,3298,2597,90,ITF,ITF5,17,Basilicata,Basilicata,559084,264890,47.38,1.07
828,2021-08-21,BAS,3268,1778,1490,1711,1461,96,ITF,ITF5,17,Basilicata,Basilicata,559084,268158,47.96,0.58
829,2021-05-08,BAS,4846,2407,2439,3382,1412,52,ITF,ITF5,17,Basilicata,Basilicata,559084,273004,48.83,0.87
830,2021-05-25,BAS,4200,2114,2086,868,3322,10,ITF,ITF5,17,Basilicata,Basilicata,559084,277204,49.58,0.75
831,2021-02-14,BAS,151,48,103,105,0,46,ITF,ITF5,17,Basilicata,Basilicata,559084,277355,49.61,0.03
832,2021-01-31,BAS,77,24,53,0,77,0,ITF,ITF5,17,Basilicata,Basilicata,559084,277432,49.62,0.01
833,2021-01-12,BAS,217,88,129,217,0,0,ITF,ITF5,17,Basilicata,Basilicata,559084,277649,49.66,0.04
834,2021-08-09,BAS,4010,2065,1945,1569,2395,46,ITF,ITF5,17,Basilicata,Basilicata,559084,281659,50.38,0.72
835,2021-07-23,BAS,5553,2781,2772,1890,3617,46,ITF,ITF5,17,Basilicata,Basilicata,559084,287212,51.37,0.99
836,2021-05-01,BAS,4710,2139,2571,3884,756,70,ITF,ITF5,17,Basilicata,Basilicata,559084,291922,52.21,0.84
837,2021-05-10,BAS,4807,2383,2424,2709,2042,56,ITF,ITF5,17,Basilicata,Basilicata,559084,296729,53.07,0.86
838,2021-08-18,BAS,3571,1975,1596,1499,1976,96,ITF,ITF5,17,Basilicata,Basilicata,559084,300300,53.71,0.64
839,2021-07-18,BAS,4392,2164,2228,1580,2785,27,ITF,ITF5,17,Basilicata,Basilicata,559084,304692,54.5,0.79
840,2021-08-01,BAS,4208,2114,2094,1632,2536,40,ITF,ITF5,17,Basilicata,Basilicata,559084,308900,55.25,0.75
841,2021-04-28,BAS,4709,2159,2550,4207,441,61,ITF,ITF5,17,Basilicata,Basilicata,559084,313609,56.09,0.84
842,2021-03-02,BAS,802,387,415,659,138,5,ITF,ITF5,17,Basilicata,Basilicata,559084,314411,56.24,0.14
843,2021-08-06,BAS,4253,2176,2077,1316,2884,53,ITF,ITF5,17,Basilicata,Basilicata,559084,318664,57.0,0.76
844,2021-06-10,BAS,4346,2101,2245,3868,441,37,ITF,ITF5,17,Basilicata,Basilicata,559084,323010,57.77,0.78
845,2021-08-30,BAS,3203,1712,1491,1551,1548,104,ITF,ITF5,17,Basilicata,Basilicata,559084,326213,58.35,0.57
846,2021-03-24,BAS,1950,745,1205,1481,444,25,ITF,ITF5,17,Basilicata,Basilicata,559084,328163,58.7,0.35
847,2021-07-02,BAS,3689,1839,1850,2484,1176,29,ITF,ITF5,17,Basilicata,Basilicata,559084,331852,59.36,0.66
848,2021-04-24,BAS,4583,2221,2362,3476,1051,56,ITF,ITF5,17,Basilicata,Basilicata,559084,336435,60.18,0.82
849,2021-08-02,BAS,4609,2334,2275,1779,2790,40,ITF,ITF5,17,Basilicata,Basilicata,559084,341044,61.0,0.82
850,2021-07-16,BAS,5932,2899,3033,1803,4095,34,ITF,ITF5,17,Basilicata,Basilicata,559084,346976,62.06,1.06
851,2021-03-19,BAS,2309,999,1310,259,2043,7,ITF,ITF5,17,Basilicata,Basilicata,559084,349285,62.47,0.41
852,2021-08-20,BAS,3123,1679,1444,1452,1593,78,ITF,ITF5,17,Basilicata,Basilicata,559084,352408,63.03,0.56
853,2021-07-21,BAS,5846,2942,2904,1612,4201,33,ITF,ITF5,17,Basilicata,Basilicata,559084,358254,64.08,1.05
854,2021-04-19,BAS,4182,1920,2262,2395,1653,134,ITF,ITF5,17,Basilicata,Basilicata,559084,362436,64.83,0.75
855,2021-07-28,BAS,5036,2576,2460,1930,3047,59,ITF,ITF5,17,Basilicata,Basilicata,559084,367472,65.73,0.9
856,2021-06-15,BAS,3221,1416,1805,2225,975,21,ITF,ITF5,17,Basilicata,Basilicata,559084,370693,66.3,0.58
857,2021-02-26,BAS,2157,905,1252,2070,81,6,ITF,ITF5,17,Basilicata,Basilicata,559084,372850,66.69,0.39
858,2021-05-20,BAS,5884,2980,2904,2885,2971,28,ITF,ITF5,17,Basilicata,Basilicata,559084,378734,67.74,1.05
859,2021-08-28,BAS,2275,1287,988,1110,1105,60,ITF,ITF5,17,Basilicata,Basilicata,559084,381009,68.15,0.41
860,2021-06-06,BAS,4512,2074,2438,3695,779,38,ITF,ITF5,17,Basilicata,Basilicata,559084,385521,68.96,0.81
861,2021-08-11,BAS,3711,1924,1787,1429,2224,58,ITF,ITF5,17,Basilicata,Basilicata,559084,389232,69.62,0.66
862,2021-08-16,BAS,3566,1866,1700,1484,1998,84,ITF,ITF5,17,Basilicata,Basilicata,559084,392798,70.26,0.64
863,2021-03-10,BAS,1686,846,840,836,839,11,ITF,ITF5,17,Basilicata,Basilicata,559084,394484,70.56,0.3
864,2021-01-26,BAS,812,357,455,101,711,0,ITF,ITF5,17,Basilicata,Basilicata,559084,395296,70.7,0.15
865,2021-05-06,BAS,5069,2440,2629,3432,1586,51,ITF,ITF5,17,Basilicata,Basilicata,559084,400365,71.61,0.91
866,2021-05-15,BAS,6534,3344,3190,3876,2575,83,ITF,ITF5,17,Basilicata,Basilicata,559084,406899,72.78,1.17
867,2021-04-02,BAS,2344,1057,1287,1714,605,25,ITF,ITF5,17,Basilicata,Basilicata,559084,409243,73.2,0.42
868,2021-06-29,BAS,3856,1880,1976,2785,1043,28,ITF,ITF5,17,Basilicata,Basilicata,559084,413099,73.89,0.69
869,2021-03-21,BAS,1177,547,630,474,700,3,ITF,ITF5,17,Basilicata,Basilicata,559084,414276,74.1,0.21
870,2021-05-29,BAS,3060,1534,1526,824,2225,11,ITF,ITF5,17,Basilicata,Basilicata,559084,417336,74.65,0.55
871,2021-08-13,BAS,3660,1903,1757,1423,2146,91,ITF,ITF5,17,Basilicata,Basilicata,559084,420996,75.3,0.65
872,2021-07-30,BAS,4766,2436,2330,1915,2802,49,ITF,ITF5,17,Basilicata,Basilicata,559084,425762,76.15,0.85
873,2021-06-17,BAS,4442,2045,2397,2087,2330,25,ITF,ITF5,17,Basilicata,Basilicata,559084,430204,76.95,0.79
874,2021-04-21,BAS,3951,1844,2107,2243,1678,30,ITF,ITF5,17,Basilicata,Basilicata,559084,434155,77.65,0.71
875,2021-02-11,BAS,956,405,551,871,83,2,ITF,ITF5,17,Basilicata,Basilicata,559084,435111,77.83,0.17
876,2021-05-22,BAS,5493,2725,2768,1929,3553,11,ITF,ITF5,17,Basilicata,Basilicata,559084,440604,78.81,0.98
877,2021-03-26,BAS,1956,703,1253,1667,261,28,ITF,ITF5,17,Basilicata,Basilicata,559084,442560,79.16,0.35
878,2021-02-16,BAS,907,377,530,790,98,19,ITF,ITF5,17,Basilicata,Basilicata,559084,443467,79.32,0.16
879,2021-01-28,BAS,919,407,512,119,800,0,ITF,ITF5,17,Basilicata,Basilicata,559084,444386,79.48,0.16
880,2021-02-28,BAS,813,347,466,772,37,4,ITF,ITF5,17,Basilicata,Basilicata,559084,445199,79.63,0.15
881,2021-01-02,BAS,957,383,574,956,0,1,ITF,ITF5,17,Basilicata,Basilicata,559084,446156,79.8,0.17
882,2021-01-16,BAS,725,305,420,725,0,0,ITF,ITF5,17,Basilicata,Basilicata,559084,446881,79.93,0.13
883,2021-04-26,BAS,4466,2164,2302,4197,221,48,ITF,ITF5,17,Basilicata,Basilicata,559084,451347,80.73,0.8
884,2021-08-08,BAS,3664,1873,1791,1115,2520,29,ITF,ITF5,17,Basilicata,Basilicata,559084,455011,81.39,0.66
885,2021-01-13,BAS,917,387,530,917,0,0,ITF,ITF5,17,Basilicata,Basilicata,559084,455928,81.55,0.16
886,2021-04-23,BAS,4551,2191,2360,3480,1010,61,ITF,ITF5,17,Basilicata,Basilicata,559084,460479,82.36,0.81
887,2021-01-30,BAS,713,230,483,129,584,0,ITF,ITF5,17,Basilicata,Basilicata,559084,461192,82.49,0.13
888,2021-02-04,BAS,1108,446,662,64,1044,0,ITF,ITF5,17,Basilicata,Basilicata,559084,462300,82.69,0.2
889,2021-07-11,BAS,5033,2407,2626,1510,3498,25,ITF,ITF5,17,Basilicata,Basilicata,559084,467333,83.59,0.9
890,2021-02-02,BAS,369,145,224,174,194,1,ITF,ITF5,17,Basilicata,Basilicata,559084,467702,83.66,0.07
891,2021-04-09,BAS,1153,350,803,1062,63,28,ITF,ITF5,17,Basilicata,Basilicata,559084,468855,83.86,0.21
892,2021-01-18,BAS,465,158,307,366,99,0,ITF,ITF5,17,Basilicata,Basilicata,559084,469320,83.94,0.08
893,2021-03-16,BAS,1922,808,1114,226,1693,3,ITF,ITF5,17,Basilicata,Basilicata,559084,471242,84.29,0.34
894,2021-05-05,BAS,4338,2050,2288,3378,891,69,ITF,ITF5,17,Basilicata,Basilicata,559084,475580,85.06,0.78
895,2021-03-09,BAS,1412,722,690,780,612,20,ITF,ITF5,17,Basilicata,Basilicata,559084,476992,85.32,0.25
896,2021-04-14,BAS,2046,1001,1045,1354,676,16,ITF,ITF5,17,Basilicata,Basilicata,559084,479038,85.68,0.37
897,2021-01-21,BAS,31,10,21,30,1,0,ITF,ITF5,17,Basilicata,Basilicata,559084,479069,85.69,0.01
898,2021-01-04,BAS,613,274,339,613,0,0,ITF,ITF5,17,Basilicata,Basilicata,559084,479682,85.8,0.11
899,2021-07-06,BAS,4211,2009,2202,2115,2060,36,ITF,ITF5,17,Basilicata,Basilicata,559084,483893,86.55,0.75
900,2021-02-13,BAS,801,314,487,702,61,38,ITF,ITF5,17,Basilicata,Basilicata,559084,484694,86.69,0.14
901,2021-05-24,BAS,4836,2345,2491,1090,3733,13,ITF,ITF5,17,Basilicata,Basilicata,559084,489530,87.56,0.86
902,2021-03-04,BAS,1898,901,997,1067,807,24,ITF,ITF5,17,Basilicata,Basilicata,559084,491428,87.9,0.34
903,2021-06-12,BAS,3686,1694,1992,2959,689,38,ITF,ITF5,17,Basilicata,Basilicata,559084,495114,88.56,0.66
904,2021-01-14,BAS,973,413,560,973,0,0,ITF,ITF5,17,Basilicata,Basilicata,559084,496087,88.73,0.17
905,2021-04-07,BAS,1212,552,660,1156,36,20,ITF,ITF5,17,Basilicata,Basilicata,559084,497299,88.95,0.22
906,2021-04-25,BAS,2990,1459,1531,2906,52,32,ITF,ITF5,17,Basilicata,Basilicata,559084,500289,89.48,0.53
907,2021-08-03,BAS,5120,2599,2521,1828,3243,49,ITF,ITF5,17,Basilicata,Basilicata,559084,505409,90.4,0.92
908,2021-08-17,BAS,3507,1763,1744,1397,2044,66,ITF,ITF5,17,Basilicata,Basilicata,559084,508916,91.03,0.63
909,2021-05-12,BAS,4730,2330,2400,2801,1881,48,ITF,ITF5,17,Basilicata,Basilicata,559084,513646,91.87,0.85
910,2021-02-21,BAS,284,113,171,284,0,0,ITF,ITF5,17,Basilicata,Basilicata,559084,513930,91.92,0.05
911,2021-03-07,BAS,896,313,583,847,39,10,ITF,ITF5,17,Basilicata,Basilicata,559084,514826,92.08,0.16
912,2021-01-09,BAS,560,161,399,560,0,0,ITF,ITF5,17,Basilicata,Basilicata,559084,515386,92.18,0.1
913,2021-08-29,BAS,2332,1250,1082,1256,979,97,ITF,ITF5,17,Basilicata,Basilicata,559084,517718,92.6,0.42
914,2021-07-03,BAS,3946,2103,1843,2756,1144,46,ITF,ITF5,17,Basilicata,Basilicata,559084,521664,93.31,0.71
915,2021-01-25,BAS,1044,438,606,73,970,1,ITF,ITF5,17,Basilicata,Basilicata,559084,522708,93.49,0.19
916,2021-01-11,BAS,186,67,119,186,0,0,ITF,ITF5,17,Basilicata,Basilicata,559084,522894,93.53,0.03
917,2021-07-13,BAS,5854,2825,3029,1772,4034,48,ITF,ITF5,17,Basilicata,Basilicata,559084,528748,94.57,1.05
918,2021-02-27,BAS,1999,862,1137,1817,165,17,ITF,ITF5,17,Basilicata,Basilicata,559084,530747,94.93,0.36
919,2021-01-23,BAS,753,319,434,33,720,0,ITF,ITF5,17,Basilicata,Basilicata,559084,531500,95.07,0.13
920,2021-05-03,BAS,4510,2043,2467,3620,827,63,ITF,ITF5,17,Basilicata,Basilicata,559084,536010,95.87,0.81
921,2021-02-09,BAS,494,215,279,317,177,0,ITF,ITF5,17,Basilicata,Basilicata,559084,536504,95.96,0.09
922,2021-07-25,BAS,4482,2256,2226,1608,2848,26,ITF,ITF5,17,Basilicata,Basilicata,559084,540986,96.76,0.8
923,2021-06-21,BAS,4257,2045,2212,2142,2094,21,ITF,ITF5,17,Basilicata,Basilicata,559084,545243,97.52,0.76
924,2021-07-29,BAS,4858,2524,2334,1909,2902,47,ITF,ITF5,17,Basilicata,Basilicata,559084,550101,98.39,0.87
925,2021-06-02,BAS,5962,2806,3156,4375,1544,43,ITF,ITF5,17,Basilicata,Basilicata,559084,556063,99.46,1.07
926,2021-04-18,BAS,3720,1843,1877,2327,1370,23,ITF,ITF5,17,Basilicata,Basilicata,559084,559783,100.13,0.67
927,2021-02-20,BAS,1168,535,633,1049,119,0,ITF,ITF5,17,Basilicata,Basilicata,559084,560951,100.33,0.21
928,2021-07-27,BAS,4715,2372,2343,1814,2855,46,ITF,ITF5,17,Basilicata,Basilicata,559084,565666,101.18,0.84
929,2021-05-31,BAS,4230,2010,2220,1713,2509,8,ITF,ITF5,17,Basilicata,Basilicata,559084,569896,101.93,0.76
930,2021-05-07,BAS,4638,2280,2358,3269,1340,29,ITF,ITF5,17,Basilicata,Basilicata,559084,574534,102.76,0.83
931,2021-08-15,BAS,2705,1431,1274,1137,1528,40,ITF,ITF5,17,Basilicata,Basilicata,559084,577239,103.25,0.48
932,2021-07-10,BAS,5530,2669,2861,1596,3925,9,ITF,ITF5,17,Basilicata,Basilicata,559084,582769,104.24,0.99
933,2021-05-14,BAS,5906,2798,3108,3273,2530,103,ITF,ITF5,17,Basilicata,Basilicata,559084,588675,105.29,1.06
934,2021-07-15,BAS,6479,3212,3267,1668,4785,26,ITF,ITF5,17,Basilicata,Basilicata,559084,595154,106.45,1.16
935,2021-04-06,BAS,1274,465,809,1073,184,17,ITF,ITF5,17,Basilicata,Basilicata,559084,596428,106.68,0.23
936,2021-06-14,BAS,4826,2156,2670,2091,2710,25,ITF,ITF5,17,Basilicata,Basilicata,559084,601254,107.54,0.86
937,2021-03-23,BAS,1640,632,1008,1451,169,20,ITF,ITF5,17,Basilicata,Basilicata,559084,602894,107.84,0.29
938,2021-07-01,BAS,3711,1856,1855,2566,1112,33,ITF,ITF5,17,Basilicata,Basilicata,559084,606605,108.5,0.66
939,2021-06-19,BAS,4467,2178,2289,2370,2075,22,ITF,ITF5,17,Basilicata,Basilicata,559084,611072,109.3,0.8
940,2021-03-28,BAS,2145,744,1401,2111,17,17,ITF,ITF5,17,Basilicata,Basilicata,559084,613217,109.68,0.38
941,2021-03-11,BAS,1800,931,869,819,963,18,ITF,ITF5,17,Basilicata,Basilicata,559084,615017,110.0,0.32
942,2021-07-20,BAS,5697,2794,2903,1691,3965,41,ITF,ITF5,17,Basilicata,Basilicata,559084,620714,111.02,1.02
943,2021-06-07,BAS,4239,1922,2317,3885,316,38,ITF,ITF5,17,Basilicata,Basilicata,559084,624953,111.78,0.76
944,2021-04-11,BAS,966,393,573,760,176,30,ITF,ITF5,17,Basilicata,Basilicata,559084,625919,111.95,0.17
945,2021-04-04,BAS,612,227,385,188,418,6,ITF,ITF5,17,Basilicata,Basilicata,559084,626531,112.06,0.11
946,2021-02-18,BAS,1073,402,671,854,216,3,ITF,ITF5,17,Basilicata,Basilicata,559084,627604,112.26,0.19
947,2021-02-01,BAS,248,94,154,46,202,0,ITF,ITF5,17,Basilicata,Basilicata,559084,627852,112.3,0.04
948,2021-05-26,BAS,4489,2260,2229,1676,2784,29,ITF,ITF5,17,Basilicata,Basilicata,559084,632341,113.1,0.8
949,2021-03-18,BAS,1362,569,793,17,1336,9,ITF,ITF5,17,Basilicata,Basilicata,559084,633703,113.35,0.24
950,2021-08-22,BAS,2443,1282,1161,1023,1371,49,ITF,ITF5,17,Basilicata,Basilicata,559084,636146,113.78,0.44
951,2021-06-26,BAS,3337,1614,1723,2751,558,28,ITF,ITF5,17,Basilicata,Basilicata,559084,639483,114.38,0.6
952,2021-03-30,BAS,2855,1214,1641,2494,346,15,ITF,ITF5,17,Basilicata,Basilicata,559084,642338,114.89,0.51
953,2021-07-08,BAS,5138,2430,2708,1853,3260,25,ITF,ITF5,17,Basilicata,Basilicata,559084,647476,115.81,0.92
954,2021-01-06,BAS,296,130,166,296,0,0,ITF,ITF5,17,Basilicata,Basilicata,559084,647772,115.86,0.05
955,2021-04-16,BAS,3324,1635,1689,2398,901,25,ITF,ITF5,17,Basilicata,Basilicata,559084,651096,116.46,0.59
956,2021-07-22,BAS,5798,2889,2909,1788,3949,61,ITF,ITF5,17,Basilicata,Basilicata,559084,656894,117.49,1.04
957,2021-07-09,BAS,5338,2608,2730,1696,3633,9,ITF,ITF5,17,Basilicata,Basilicata,559084,662232,118.45,0.95
958,2021-04-17,BAS,3462,1655,1807,2171,1262,29,ITF,ITF5,17,Basilicata,Basilicata,559084,665694,119.07,0.62
959,2021-03-29,BAS,2483,899,1584,2141,288,54,ITF,ITF5,17,Basilicata,Basilicata,559084,668177,119.51,0.44
960,2021-01-05,BAS,952,410,542,952,0,0,ITF,ITF5,17,Basilicata,Basilicata,559084,669129,119.68,0.17
961,2021-06-20,BAS,4010,1884,2126,1940,2036,34,ITF,ITF5,17,Basilicata,Basilicata,559084,673139,120.4,0.72
962,2021-03-14,BAS,1012,478,534,530,470,12,ITF,ITF5,17,Basilicata,Basilicata,559084,674151,120.58,0.18
963,2021-03-31,BAS,3116,1268,1848,2301,785,30,ITF,ITF5,17,Basilicata,Basilicata,559084,677267,121.14,0.56
964,2021-06-22,BAS,4355,2061,2294,2223,2100,32,ITF,ITF5,17,Basilicata,Basilicata,559084,681622,121.92,0.78
965,2021-06-05,BAS,4800,2210,2590,3823,941,36,ITF,ITF5,17,Basilicata,Basilicata,559084,686422,122.78,0.86
966,2021-08-27,BAS,2480,1313,1167,1000,1410,70,ITF,ITF5,17,Basilicata,Basilicata,559084,688902,123.22,0.44
967,2021-02-23,BAS,1908,772,1136,1750,140,18,ITF,ITF5,17,Basilicata,Basilicata,559084,690810,123.56,0.34
968,2021-06-03,BAS,4922,2258,2664,3704,1180,38,ITF,ITF5,17,Basilicata,Basilicata,559084,695732,124.44,0.88
969,2021-03-12,BAS,1918,986,932,786,1104,28,ITF,ITF5,17,Basilicata,Basilicata,559084,697650,124.78,0.34
970,2021-05-17,BAS,5548,2735,2813,3363,2136,49,ITF,ITF5,17,Basilicata,Basilicata,559084,703198,125.78,0.99
971,2021-08-25,BAS,2683,1408,1275,1260,1339,84,ITF,ITF5,17,Basilicata,Basilicata,559084,705881,126.26,0.48
972,2021-02-08,BAS,564,194,370,153,411,0,ITF,ITF5,17,Basilicata,Basilicata,559084,706445,126.36,0.1
973,2021-05-19,BAS,2872,1499,1373,1183,1676,13,ITF,ITF5,17,Basilicata,Basilicata,559084,709317,126.87,0.51
974,2021-02-25,BAS,1795,740,1055,1737,47,11,ITF,ITF5,17,Basilicata,Basilicata,559084,711112,127.19,0.32
975,2021-08-10,BAS,4415,2325,2090,1513,2831,71,ITF,ITF5,17,Basilicata,Basilicata,559084,715527,127.98,0.79
976,2021-02-06,BAS,926,380,546,146,780,0,ITF,ITF5,17,Basilicata,Basilicata,559084,716453,128.15,0.17
977,2021-04-30,BAS,5287,2377,2910,4065,1163,59,ITF,ITF5,17,Basilicata,Basilicata,559084,721740,129.09,0.95
978,2021-01-20,BAS,85,22,63,84,1,0,ITF,ITF5,17,Basilicata,Basilicata,559084,721825,129.11,0.02
979,2021-07-01,TOS,32077,15530,16547,10722,21074,281,ITI,ITI1,9,Toscana,Toscana,3729641,32077,0.86,0.86
980,2021-03-26,TOS,20750,9432,11318,14709,5831,210,ITI,ITI1,9,Toscana,Toscana,3729641,52827,1.42,0.56
981,2021-03-09,TOS,11144,4576,6568,5502,5563,79,ITI,ITI1,9,Toscana,Toscana,3729641,63971,1.72,0.3
982,2021-04-09,TOS,24620,10585,14035,20717,3453,450,ITI,ITI1,9,Toscana,Toscana,3729641,88591,2.38,0.66
983,2021-07-18,TOS,30386,15279,15107,8339,21837,210,ITI,ITI1,9,Toscana,Toscana,3729641,118977,3.19,0.81
984,2021-06-17,TOS,32614,16709,15905,26708,5561,345,ITI,ITI1,9,Toscana,Toscana,3729641,151591,4.06,0.87
985,2021-06-22,TOS,31059,15629,15430,22463,8218,378,ITI,ITI1,9,Toscana,Toscana,3729641,182650,4.9,0.83
986,2021-05-17,TOS,29781,14883,14898,20560,8942,279,ITI,ITI1,9,Toscana,Toscana,3729641,212431,5.7,0.8
987,2021-03-21,TOS,3296,1629,1667,1819,1434,43,ITI,ITI1,9,Toscana,Toscana,3729641,215727,5.78,0.09
988,2021-08-25,TOS,20288,10596,9692,10596,8968,724,ITI,ITI1,9,Toscana,Toscana,3729641,236015,6.33,0.54
989,2021-01-23,TOS,3970,1360,2610,630,3334,6,ITI,ITI1,9,Toscana,Toscana,3729641,239985,6.43,0.11
990,2021-06-29,TOS,37054,18042,19012,7991,28915,148,ITI,ITI1,9,Toscana,Toscana,3729641,277039,7.43,0.99
991,2021-05-03,TOS,11944,5518,6426,10363,1333,248,ITI,ITI1,9,Toscana,Toscana,3729641,288983,7.75,0.32
992,2021-08-01,TOS,29922,15318,14604,13786,15651,485,ITI,ITI1,9,Toscana,Toscana,3729641,318905,8.55,0.8
993,2021-06-05,TOS,28455,13608,14847,20561,7620,274,ITI,ITI1,9,Toscana,Toscana,3729641,347360,9.31,0.76
994,2021-08-08,TOS,25032,12916,12116,14609,9924,499,ITI,ITI1,9,Toscana,Toscana,3729641,372392,9.98,0.67
995,2021-01-11,TOS,5095,1691,3404,4996,0,99,ITI,ITI1,9,Toscana,Toscana,3729641,377487,10.12,0.14
996,2021-04-21,TOS,29649,12688,16961,16851,12159,639,ITI,ITI1,9,Toscana,Toscana,3729641,407136,10.92,0.79
997,2021-02-23,TOS,7723,3325,4398,7209,162,352,ITI,ITI1,9,Toscana,Toscana,3729641,414859,11.12,0.21
998,2021-06-03,TOS,32066,15457,16609,27153,4589,324,ITI,ITI1,9,Toscana,Toscana,3729641,446925,11.98,0.86
999,2021-08-27,TOS,16092,8577,7515,7602,7966,524,ITI,ITI1,9,Toscana,Toscana,3729641,463017,12.41,0.43
1000,2021-01-28,TOS,6286,1883,4403,346,5933,7,ITI,ITI1,9,Toscana,Toscana,3729641,469303,12.58,0.17
1001,2021-08-20,TOS,20206,11082,9124,9959,9752,495,ITI,ITI1,9,Toscana,Toscana,3729641,489509,13.12,0.54
1002,2021-05-22,TOS,26036,12667,13369,21490,4297,249,ITI,ITI1,9,Toscana,Toscana,3729641,515545,13.82,0.7
1003,2021-05-05,TOS,30162,13464,16698,14854,14572,736,ITI,ITI1,9,Toscana,Toscana,3729641,545707,14.63,0.81
1004,2021-08-13,TOS,23100,12515,10585,11329,11225,546,ITI,ITI1,9,Toscana,Toscana,3729641,568807,15.25,0.62
1005,2021-02-28,TOS,1649,667,982,852,727,70,ITI,ITI1,9,Toscana,Toscana,3729641,570456,15.3,0.04
1006,2021-02-11,TOS,5383,2022,3361,5060,242,81,ITI,ITI1,9,Toscana,Toscana,3729641,575839,15.44,0.14
1007,2021-02-09,TOS,4490,1470,3020,3765,611,114,ITI,ITI1,9,Toscana,Toscana,3729641,580329,15.56,0.12
1008,2021-04-07,TOS,35858,15484,20374,28159,7277,422,ITI,ITI1,9,Toscana,Toscana,3729641,616187,16.52,0.96
1009,2021-01-16,TOS,3271,1046,2225,3213,0,58,ITI,ITI1,9,Toscana,Toscana,3729641,619458,16.61,0.09
1010,2021-04-26,TOS,10149,4936,5213,7456,2557,136,ITI,ITI1,9,Toscana,Toscana,3729641,629607,16.88,0.27
1011,2021-01-02,TOS,3499,1096,2403,3455,0,44,ITI,ITI1,9,Toscana,Toscana,3729641,633106,16.97,0.09
1012,2021-07-30,TOS,37909,20401,17508,10794,26760,355,ITI,ITI1,9,Toscana,Toscana,3729641,671015,17.99,1.02
1013,2021-07-13,TOS,29346,14736,14610,7718,21455,173,ITI,ITI1,9,Toscana,Toscana,3729641,700361,18.78,0.79
1014,2021-04-02,TOS,32035,13586,18449,23696,8084,255,ITI,ITI1,9,Toscana,Toscana,3729641,732396,19.64,0.86
1015,2021-02-04,TOS,4255,1595,2660,933,3295,27,ITI,ITI1,9,Toscana,Toscana,3729641,736651,19.75,0.11
1016,2021-05-15,TOS,29372,13863,15509,22872,5904,596,ITI,ITI1,9,Toscana,Toscana,3729641,766023,20.54,0.79
1017,2021-04-28,TOS,19150,8193,10957,3447,15346,357,ITI,ITI1,9,Toscana,Toscana,3729641,785173,21.05,0.51
1018,2021-02-18,TOS,8825,3286,5539,7745,896,184,ITI,ITI1,9,Toscana,Toscana,3729641,793998,21.29,0.24
1019,2021-05-29,TOS,31581,15267,16314,23181,8172,228,ITI,ITI1,9,Toscana,Toscana,3729641,825579,22.14,0.85
1020,2021-08-06,TOS,32954,17669,15285,15343,17135,476,ITI,ITI1,9,Toscana,Toscana,3729641,858533,23.02,0.88
1021,2021-03-28,TOS,6212,2807,3405,5876,253,83,ITI,ITI1,9,Toscana,Toscana,3729641,864745,23.19,0.17
1022,2021-01-30,TOS,4624,1623,3001,175,4431,18,ITI,ITI1,9,Toscana,Toscana,3729641,869369,23.31,0.12
1023,2021-07-06,TOS,25797,13040,12757,11043,14529,225,ITI,ITI1,9,Toscana,Toscana,3729641,895166,24.0,0.69
1024,2021-05-10,TOS,26242,12417,13825,15247,10648,347,ITI,ITI1,9,Toscana,Toscana,3729641,921408,24.71,0.7
1025,2021-03-14,TOS,7177,2571,4606,3149,3935,93,ITI,ITI1,9,Toscana,Toscana,3729641,928585,24.9,0.19
1026,2021-08-18,TOS,25939,13816,12123,12842,12493,604,ITI,ITI1,9,Toscana,Toscana,3729641,954524,25.59,0.7
1027,2021-02-16,TOS,9282,3340,5942,8331,721,230,ITI,ITI1,9,Toscana,Toscana,3729641,963806,25.84,0.25
1028,2021-05-02,TOS,11180,4936,6244,8977,1969,234,ITI,ITI1,9,Toscana,Toscana,3729641,974986,26.14,0.3
1029,2021-08-10,TOS,25914,13483,12431,16344,8925,645,ITI,ITI1,9,Toscana,Toscana,3729641,1000900,26.84,0.69
1030,2021-03-19,TOS,10172,4475,5697,7127,2897,148,ITI,ITI1,9,Toscana,Toscana,3729641,1011072,27.11,0.27
1031,2021-01-21,TOS,1589,686,903,858,722,9,ITI,ITI1,9,Toscana,Toscana,3729641,1012661,27.15,0.04
1032,2021-06-10,TOS,26454,13571,12883,25547,559,348,ITI,ITI1,9,Toscana,Toscana,3729641,1039115,27.86,0.71
1033,2021-05-24,TOS,33762,16726,17036,23896,9586,280,ITI,ITI1,9,Toscana,Toscana,3729641,1072877,28.77,0.91
1034,2021-06-12,TOS,29405,15158,14247,24659,4391,355,ITI,ITI1,9,Toscana,Toscana,3729641,1102282,29.55,0.79
1035,2021-04-16,TOS,28988,12894,16094,21433,6922,633,ITI,ITI1,9,Toscana,Toscana,3729641,1131270,30.33,0.78
1036,2021-07-25,TOS,33940,16787,17153,7067,26692,181,ITI,ITI1,9,Toscana,Toscana,3729641,1165210,31.24,0.91
1037,2021-03-02,TOS,10602,3799,6803,7041,3448,113,ITI,ITI1,9,Toscana,Toscana,3729641,1175812,31.53,0.28
1038,2021-01-04,TOS,5067,1896,3171,5002,0,65,ITI,ITI1,9,Toscana,Toscana,3729641,1180879,31.66,0.14
1039,2021-04-14,TOS,20213,8353,11860,14511,5155,547,ITI,ITI1,9,Toscana,Toscana,3729641,1201092,32.2,0.54
1040,2021-06-14,TOS,31831,16351,15480,27428,4109,294,ITI,ITI1,9,Toscana,Toscana,3729641,1232923,33.06,0.85
1041,2021-03-07,TOS,5649,2358,3291,1993,3545,111,ITI,ITI1,9,Toscana,Toscana,3729641,1238572,33.21,0.15
1042,2021-07-20,TOS,37343,19107,18236,7971,29180,192,ITI,ITI1,9,Toscana,Toscana,3729641,1275915,34.21,1.0
1043,2021-07-11,TOS,26193,12730,13463,9178,16842,173,ITI,ITI1,9,Toscana,Toscana,3729641,1302108,34.91,0.7
1044,2021-06-24,TOS,29463,14628,14835,19318,9751,394,ITI,ITI1,9,Toscana,Toscana,3729641,1331571,35.7,0.79
1045,2021-01-09,TOS,4487,1597,2890,4421,0,66,ITI,ITI1,9,Toscana,Toscana,3729641,1336058,35.82,0.12
1046,2021-03-23,TOS,9453,4415,5038,6969,2285,199,ITI,ITI1,9,Toscana,Toscana,3729641,1345511,36.08,0.25
1047,2020-12-30,TOS,329,106,223,328,0,1,ITI,ITI1,9,Toscana,Toscana,3729641,1345840,36.08,0.01
1048,2021-08-24,TOS,21864,11461,10403,12718,8284,862,ITI,ITI1,9,Toscana,Toscana,3729641,1367704,36.67,0.59
1049,2021-08-05,TOS,34734,18013,16721,12122,22239,373,ITI,ITI1,9,Toscana,Toscana,3729641,1402438,37.6,0.93
1050,2021-02-06,TOS,4529,1551,2978,1261,3236,32,ITI,ITI1,9,Toscana,Toscana,3729641,1406967,37.72,0.12
1051,2021-07-17,TOS,27758,14343,13415,8966,18551,241,ITI,ITI1,9,Toscana,Toscana,3729641,1434725,38.47,0.74
1052,2021-02-25,TOS,10632,4305,6327,9464,998,170,ITI,ITI1,9,Toscana,Toscana,3729641,1445357,38.75,0.29
1053,2021-06-28,TOS,37706,18144,19562,8438,29101,167,ITI,ITI1,9,Toscana,Toscana,3729641,1483063,39.76,1.01
1054,2021-01-20,TOS,1334,640,694,1023,248,63,ITI,ITI1,9,Toscana,Toscana,3729641,1484397,39.8,0.04
1055,2021-04-30,TOS,40247,17812,22435,19653,19948,646,ITI,ITI1,9,Toscana,Toscana,3729641,1524644,40.88,1.08
1056,2021-04-25,TOS,11067,5252,5815,8760,2146,161,ITI,ITI1,9,Toscana,Toscana,3729641,1535711,41.18,0.3
1057,2021-06-02,TOS,27612,13632,13980,21866,5512,234,ITI,ITI1,9,Toscana,Toscana,3729641,1563323,41.92,0.74
1058,2021-04-06,TOS,22242,9837,12405,18078,3745,419,ITI,ITI1,9,Toscana,Toscana,3729641,1585565,42.51,0.6
1059,2021-02-08,TOS,4099,1361,2738,3529,459,111,ITI,ITI1,9,Toscana,Toscana,3729641,1589664,42.62,0.11
1060,2021-07-15,TOS,31256,15295,15961,8089,22922,245,ITI,ITI1,9,Toscana,Toscana,3729641,1620920,43.46,0.84
1061,2021-05-19,TOS,27975,13587,14388,18645,9063,267,ITI,ITI1,9,Toscana,Toscana,3729641,1648895,44.21,0.75
1062,2021-04-13,TOS,8495,3508,4987,5736,2476,283,ITI,ITI1,9,Toscana,Toscana,3729641,1657390,44.44,0.23
1063,2021-08-22,TOS,18520,9964,8556,7303,10902,315,ITI,ITI1,9,Toscana,Toscana,3729641,1675910,44.93,0.5
1064,2021-02-20,TOS,4664,1797,2867,3993,537,134,ITI,ITI1,9,Toscana,Toscana,3729641,1680574,45.06,0.13
1065,2021-05-31,TOS,30357,14650,15707,19267,10848,242,ITI,ITI1,9,Toscana,Toscana,3729641,1710931,45.87,0.81
1066,2021-05-14,TOS,33398,15458,17940,20021,12734,643,ITI,ITI1,9,Toscana,Toscana,3729641,1744329,46.77,0.9
1067,2021-03-04,TOS,17869,6964,10905,14627,3085,157,ITI,ITI1,9,Toscana,Toscana,3729641,1762198,47.25,0.48
1068,2021-08-17,TOS,25983,14017,11966,11461,14027,495,ITI,ITI1,9,Toscana,Toscana,3729641,1788181,47.95,0.7
1069,2021-06-21,TOS,31208,15499,15709,18143,12801,264,ITI,ITI1,9,Toscana,Toscana,3729641,1819389,48.78,0.84
1070,2021-05-12,TOS,34231,15590,18641,13584,20061,586,ITI,ITI1,9,Toscana,Toscana,3729641,1853620,49.7,0.92
1071,2021-01-18,TOS,1120,637,483,972,98,50,ITI,ITI1,9,Toscana,Toscana,3729641,1854740,49.73,0.03
1072,2021-02-01,TOS,5514,1959,3555,510,4994,10,ITI,ITI1,9,Toscana,Toscana,3729641,1860254,49.88,0.15
1073,2021-03-18,TOS,9988,3987,6001,5857,3994,137,ITI,ITI1,9,Toscana,Toscana,3729641,1870242,50.15,0.27
1074,2021-06-26,TOS,34574,16770,17804,9994,24350,230,ITI,ITI1,9,Toscana,Toscana,3729641,1904816,51.07,0.93
1075,2021-06-09,TOS,34851,17583,17268,33961,463,427,ITI,ITI1,9,Toscana,Toscana,3729641,1939667,52.01,0.93
1076,2021-04-04,TOS,13927,6612,7315,13507,255,165,ITI,ITI1,9,Toscana,Toscana,3729641,1953594,52.38,0.37
1077,2021-03-16,TOS,4904,1885,3019,2569,2254,81,ITI,ITI1,9,Toscana,Toscana,3729641,1958498,52.51,0.13
1078,2021-04-27,TOS,10377,4927,5450,3667,6506,204,ITI,ITI1,9,Toscana,Toscana,3729641,1968875,52.79,0.28
1079,2021-07-19,TOS,38039,18960,19079,8812,28937,290,ITI,ITI1,9,Toscana,Toscana,3729641,2006914,53.81,1.02
1080,2021-01-17,TOS,2536,871,1665,1987,514,35,ITI,ITI1,9,Toscana,Toscana,3729641,2009450,53.88,0.07
1081,2021-06-11,TOS,29759,15499,14260,24732,4661,366,ITI,ITI1,9,Toscana,Toscana,3729641,2039209,54.68,0.8
1082,2021-04-15,TOS,24494,10238,14256,15343,8620,531,ITI,ITI1,9,Toscana,Toscana,3729641,2063703,55.33,0.66
1083,2021-02-17,TOS,8178,3171,5007,7300,754,124,ITI,ITI1,9,Toscana,Toscana,3729641,2071881,55.55,0.22
1084,2021-07-24,TOS,38450,19373,19077,6850,31369,231,ITI,ITI1,9,Toscana,Toscana,3729641,2110331,56.58,1.03
1085,2021-05-28,TOS,30150,13957,16193,17430,12491,229,ITI,ITI1,9,Toscana,Toscana,3729641,2140481,57.39,0.81
1086,2021-08-03,TOS,36345,18921,17424,12167,23800,378,ITI,ITI1,9,Toscana,Toscana,3729641,2176826,58.37,0.97
1087,2021-01-13,TOS,4063,1398,2665,3999,0,64,ITI,ITI1,9,Toscana,Toscana,3729641,2180889,58.47,0.11
1088,2021-04-23,TOS,25682,11433,14249,8801,16350,531,ITI,ITI1,9,Toscana,Toscana,3729641,2206571,59.16,0.69
1089,2021-01-01,TOS,2370,788,1582,2325,0,45,ITI,ITI1,9,Toscana,Toscana,3729641,2208941,59.23,0.06
1090,2021-04-11,TOS,3646,1681,1965,3334,156,156,ITI,ITI1,9,Toscana,Toscana,3729641,2212587,59.32,0.1
1091,2021-07-03,TOS,29428,14827,14601,11871,17172,385,ITI,ITI1,9,Toscana,Toscana,3729641,2242015,60.11,0.79
1092,2021-08-07,TOS,30462,16290,14172,14210,15765,487,ITI,ITI1,9,Toscana,Toscana,3729641,2272477,60.93,0.82
1093,2021-03-06,TOS,7114,2853,4261,2826,4203,85,ITI,ITI1,9,Toscana,Toscana,3729641,2279591,61.12,0.19
1094,2021-07-22,TOS,39388,19796,19592,4481,34740,167,ITI,ITI1,9,Toscana,Toscana,3729641,2318979,62.18,1.06
1095,2021-05-26,TOS,35623,17116,18507,20148,15219,256,ITI,ITI1,9,Toscana,Toscana,3729641,2354602,63.13,0.96
1096,2021-03-30,TOS,17039,7647,9392,13267,3574,198,ITI,ITI1,9,Toscana,Toscana,3729641,2371641,63.59,0.46
1097,2021-07-08,TOS,21095,10370,10725,9267,11587,241,ITI,ITI1,9,Toscana,Toscana,3729641,2392736,64.15,0.57
1098,2020-12-27,TOS,620,267,353,615,0,5,ITI,ITI1,9,Toscana,Toscana,3729641,2393356,64.17,0.02
1099,2021-02-27,TOS,1984,756,1228,1006,902,76,ITI,ITI1,9,Toscana,Toscana,3729641,2395340,64.22,0.05
1100,2021-06-07,TOS,34973,17160,17813,30976,3649,348,ITI,ITI1,9,Toscana,Toscana,3729641,2430313,65.16,0.94
1101,2021-05-21,TOS,28956,13500,15456,17227,11472,257,ITI,ITI1,9,Toscana,Toscana,3729641,2459269,65.94,0.78
1102,2021-08-29,TOS,16855,8899,7956,7465,8818,572,ITI,ITI1,9,Toscana,Toscana,3729641,2476124,66.39,0.45
1103,2021-01-06,TOS,4519,1460,3059,4467,0,52,ITI,ITI1,9,Toscana,Toscana,3729641,2480643,66.51,0.12
1104,2021-03-11,TOS,15973,6389,9584,12417,3373,183,ITI,ITI1,9,Toscana,Toscana,3729641,2496616,66.94,0.43
1105,2021-06-19,TOS,26525,13931,12594,21395,4791,339,ITI,ITI1,9,Toscana,Toscana,3729641,2523141,67.65,0.71
1106,2021-07-05,TOS,30530,15093,15437,10343,19956,231,ITI,ITI1,9,Toscana,Toscana,3729641,2553671,68.47,0.82
1107,2021-03-08,TOS,6713,2950,3763,1841,4825,47,ITI,ITI1,9,Toscana,Toscana,3729641,2560384,68.65,0.18
1108,2021-06-16,TOS,31799,16279,15520,26287,5190,322,ITI,ITI1,9,Toscana,Toscana,3729641,2592183,69.5,0.85
1109,2021-05-30,TOS,28705,13958,14747,21510,6953,242,ITI,ITI1,9,Toscana,Toscana,3729641,2620888,70.27,0.77
1110,2021-04-22,TOS,35785,15316,20469,17402,17555,828,ITI,ITI1,9,Toscana,Toscana,3729641,2656673,71.23,0.96
1111,2021-02-24,TOS,10374,4467,5907,10036,198,140,ITI,ITI1,9,Toscana,Toscana,3729641,2667047,71.51,0.28
1112,2021-07-31,TOS,35839,19212,16627,12373,23017,449,ITI,ITI1,9,Toscana,Toscana,3729641,2702886,72.47,0.96
1113,2021-06-04,TOS,28340,13450,14890,20265,7807,268,ITI,ITI1,9,Toscana,Toscana,3729641,2731226,73.23,0.76
1114,2021-04-08,TOS,29766,12596,17170,22944,6453,369,ITI,ITI1,9,Toscana,Toscana,3729641,2760992,74.03,0.8
1115,2021-03-20,TOS,6590,2978,3612,5361,1138,91,ITI,ITI1,9,Toscana,Toscana,3729641,2767582,74.21,0.18
1116,2021-01-22,TOS,2866,1064,1802,524,2339,3,ITI,ITI1,9,Toscana,Toscana,3729641,2770448,74.28,0.08
1117,2021-07-07,TOS,25645,12608,13037,9334,16120,191,ITI,ITI1,9,Toscana,Toscana,3729641,2796093,74.97,0.69
1118,2021-03-27,TOS,8865,4155,4710,8511,216,138,ITI,ITI1,9,Toscana,Toscana,3729641,2804958,75.21,0.24
1119,2021-08-21,TOS,17922,9926,7996,8090,9456,376,ITI,ITI1,9,Toscana,Toscana,3729641,2822880,75.69,0.48
1120,2021-02-03,TOS,4226,1452,2774,236,3986,4,ITI,ITI1,9,Toscana,Toscana,3729641,2827106,75.8,0.11
1121,2021-01-15,TOS,3879,1348,2531,3819,0,60,ITI,ITI1,9,Toscana,Toscana,3729641,2830985,75.91,0.1
1122,2021-08-02,TOS,35300,18085,17215,13357,21551,392,ITI,ITI1,9,Toscana,Toscana,3729641,2866285,76.85,0.95
1123,2021-01-03,TOS,3337,1052,2285,3291,0,46,ITI,ITI1,9,Toscana,Toscana,3729641,2869622,76.94,0.09
1124,2021-02-15,TOS,8771,3377,5394,7772,826,173,ITI,ITI1,9,Toscana,Toscana,3729641,2878393,77.18,0.24
1125,2021-07-04,TOS,31547,15320,16227,9364,21885,298,ITI,ITI1,9,Toscana,Toscana,3729641,2909940,78.02,0.85
1126,2020-12-31,TOS,802,201,601,798,0,4,ITI,ITI1,9,Toscana,Toscana,3729641,2910742,78.04,0.02
1127,2021-04-10,TOS,11753,5368,6385,10772,743,238,ITI,ITI1,9,Toscana,Toscana,3729641,2922495,78.36,0.32
1128,2021-02-05,TOS,5751,2245,3506,1888,3829,34,ITI,ITI1,9,Toscana,Toscana,3729641,2928246,78.51,0.15
1129,2021-05-16,TOS,26691,12895,13796,23925,2470,296,ITI,ITI1,9,Toscana,Toscana,3729641,2954937,79.23,0.72
1130,2021-05-11,TOS,27971,12996,14975,12102,15489,380,ITI,ITI1,9,Toscana,Toscana,3729641,2982908,79.98,0.75
1131,2021-08-19,TOS,24172,12823,11349,11902,11643,627,ITI,ITI1,9,Toscana,Toscana,3729641,3007080,80.63,0.65
1132,2021-03-13,TOS,9292,3311,5981,5170,3968,154,ITI,ITI1,9,Toscana,Toscana,3729641,3016372,80.88,0.25
1133,2021-03-03,TOS,18233,6540,11693,14496,3609,128,ITI,ITI1,9,Toscana,Toscana,3729641,3034605,81.36,0.49
1134,2021-01-05,TOS,5249,1755,3494,5193,0,56,ITI,ITI1,9,Toscana,Toscana,3729641,3039854,81.51,0.14
1135,2021-01-19,TOS,1105,532,573,1063,0,42,ITI,ITI1,9,Toscana,Toscana,3729641,3040959,81.53,0.03
1136,2021-03-01,TOS,4474,1734,2740,765,3642,67,ITI,ITI1,9,Toscana,Toscana,3729641,3045433,81.65,0.12
1137,2021-06-30,TOS,38282,18521,19761,8462,29600,220,ITI,ITI1,9,Toscana,Toscana,3729641,3083715,82.68,1.03
1138,2021-02-14,TOS,9001,2570,6431,8738,110,153,ITI,ITI1,9,Toscana,Toscana,3729641,3092716,82.92,0.24
1139,2021-05-25,TOS,34210,16517,17693,19293,14644,273,ITI,ITI1,9,Toscana,Toscana,3729641,3126926,83.84,0.92
1140,2021-03-29,TOS,9698,4849,4849,9213,351,134,ITI,ITI1,9,Toscana,Toscana,3729641,3136624,84.1,0.26
1141,2021-08-23,TOS,22732,11806,10926,11471,10532,729,ITI,ITI1,9,Toscana,Toscana,3729641,3159356,84.71,0.61
1142,2021-02-19,TOS,8293,2952,5341,7600,513,180,ITI,ITI1,9,Toscana,Toscana,3729641,3167649,84.93,0.22
1143,2021-06-18,TOS,30826,16267,14559,25007,5406,413,ITI,ITI1,9,Toscana,Toscana,3729641,3198475,85.76,0.83
1144,2021-03-25,TOS,23982,10413,13569,15313,8407,262,ITI,ITI1,9,Toscana,Toscana,3729641,3222457,86.4,0.64
1145,2021-04-12,TOS,2624,1193,1431,1799,656,169,ITI,ITI1,9,Toscana,Toscana,3729641,3225081,86.47,0.07
1146,2021-07-21,TOS,38512,19655,18857,7348,30930,234,ITI,ITI1,9,Toscana,Toscana,3729641,3263593,87.5,1.03
1147,2021-05-13,TOS,35197,15547,19650,13204,21352,641,ITI,ITI1,9,Toscana,Toscana,3729641,3298790,88.45,0.94
1148,2021-02-22,TOS,9821,4255,5566,9166,278,377,ITI,ITI1,9,Toscana,Toscana,3729641,3308611,88.71,0.26
1149,2021-08-11,TOS,27032,14174,12858,16892,9408,732,ITI,ITI1,9,Toscana,Toscana,3729641,3335643,89.44,0.72
1150,2021-01-12,TOS,3583,1398,2185,3510,0,73,ITI,ITI1,9,Toscana,Toscana,3729641,3339226,89.53,0.1
1151,2021-07-14,TOS,28960,14295,14665,8610,20093,257,ITI,ITI1,9,Toscana,Toscana,3729641,3368186,90.31,0.78
1152,2021-01-29,TOS,6150,1702,4448,290,5848,12,ITI,ITI1,9,Toscana,Toscana,3729641,3374336,90.47,0.16
1153,2021-05-09,TOS,22553,9783,12770,9412,12879,262,ITI,ITI1,9,Toscana,Toscana,3729641,3396889,91.08,0.6
1154,2021-08-26,TOS,18562,9729,8833,9489,8355,718,ITI,ITI1,9,Toscana,Toscana,3729641,3415451,91.58,0.5
1155,2021-05-23,TOS,28437,13672,14765,25607,2561,269,ITI,ITI1,9,Toscana,Toscana,3729641,3443888,92.34,0.76
1156,2021-08-31,TOS,14222,7365,6857,7659,6058,505,ITI,ITI1,9,Toscana,Toscana,3729641,3458110,92.72,0.38
1157,2021-08-14,TOS,22369,12207,10162,10450,11504,415,ITI,ITI1,9,Toscana,Toscana,3729641,3480479,93.32,0.6
1158,2021-08-12,TOS,25833,13439,12394,14300,10889,644,ITI,ITI1,9,Toscana,Toscana,3729641,3506312,94.01,0.69
1159,2021-07-26,TOS,38295,19865,18430,10083,27902,310,ITI,ITI1,9,Toscana,Toscana,3729641,3544607,95.04,1.03
1160,2021-02-10,TOS,4268,1285,2983,3587,525,156,ITI,ITI1,9,Toscana,Toscana,3729641,3548875,95.15,0.11
1161,2021-05-04,TOS,18328,8219,10109,12415,5467,446,ITI,ITI1,9,Toscana,Toscana,3729641,3567203,95.64,0.49
1162,2021-05-08,TOS,29187,13131,16056,13263,15523,401,ITI,ITI1,9,Toscana,Toscana,3729641,3596390,96.43,0.78
1163,2021-03-12,TOS,16994,6627,10367,13270,3531,193,ITI,ITI1,9,Toscana,Toscana,3729641,3613384,96.88,0.46
1164,2021-08-16,TOS,29984,15742,14242,16589,12693,702,ITI,ITI1,9,Toscana,Toscana,3729641,3643368,97.69,0.8
1165,2021-01-14,TOS,3255,1179,2076,3219,0,36,ITI,ITI1,9,Toscana,Toscana,3729641,3646623,97.77,0.09
1166,2021-06-20,TOS,25189,12490,12699,15425,9522,242,ITI,ITI1,9,Toscana,Toscana,3729641,3671812,98.45,0.68
1167,2021-04-24,TOS,13449,6174,7275,5620,7460,369,ITI,ITI1,9,Toscana,Toscana,3729641,3685261,98.81,0.36
1168,2021-08-04,TOS,34799,18006,16793,11319,23065,415,ITI,ITI1,9,Toscana,Toscana,3729641,3720060,99.74,0.93
1169,2021-04-29,TOS,39382,17742,21640,18561,20157,664,ITI,ITI1,9,Toscana,Toscana,3729641,3759442,100.8,1.06
1170,2021-03-24,TOS,20046,8317,11729,10415,9487,144,ITI,ITI1,9,Toscana,Toscana,3729641,3779488,101.34,0.54
1171,2021-02-21,TOS,5104,2088,3016,4730,170,204,ITI,ITI1,9,Toscana,Toscana,3729641,3784592,101.47,0.14
1172,2021-06-01,TOS,26960,13397,13563,22871,3837,252,ITI,ITI1,9,Toscana,Toscana,3729641,3811552,102.2,0.72
1173,2021-07-02,TOS,28312,14209,14103,10815,17200,297,ITI,ITI1,9,Toscana,Toscana,3729641,3839864,102.96,0.76
1174,2021-02-12,TOS,7619,2694,4925,7293,213,113,ITI,ITI1,9,Toscana,Toscana,3729641,3847483,103.16,0.2
1175,2021-07-28,TOS,38566,20161,18405,12107,26120,339,ITI,ITI1,9,Toscana,Toscana,3729641,3886049,104.19,1.03
1176,2021-07-16,TOS,27682,14047,13635,7703,19725,254,ITI,ITI1,9,Toscana,Toscana,3729641,3913731,104.94,0.74
1177,2021-05-20,TOS,29781,13925,15856,18641,10856,284,ITI,ITI1,9,Toscana,Toscana,3729641,3943512,105.73,0.8
1178,2021-08-28,TOS,15773,8498,7275,6379,8941,453,ITI,ITI1,9,Toscana,Toscana,3729641,3959285,106.16,0.42
1179,2021-01-31,TOS,3052,1131,1921,100,2949,3,ITI,ITI1,9,Toscana,Toscana,3729641,3962337,106.24,0.08
1180,2021-04-05,TOS,15289,6826,8463,14370,739,180,ITI,ITI1,9,Toscana,Toscana,3729641,3977626,106.65,0.41
1181,2021-02-07,TOS,2810,955,1855,864,1926,20,ITI,ITI1,9,Toscana,Toscana,3729641,3980436,106.72,0.08
1182,2021-05-27,TOS,28381,13211,15170,13280,14879,222,ITI,ITI1,9,Toscana,Toscana,3729641,4008817,107.49,0.76
1183,2021-03-31,TOS,32786,13286,19500,20198,12246,342,ITI,ITI1,9,Toscana,Toscana,3729641,4041603,108.36,0.88
1184,2021-07-09,TOS,29138,14115,15023,7693,21250,195,ITI,ITI1,9,Toscana,Toscana,3729641,4070741,109.15,0.78
1185,2021-03-22,TOS,5260,2770,2490,4676,447,137,ITI,ITI1,9,Toscana,Toscana,3729641,4076001,109.29,0.14
1186,2021-06-15,TOS,31233,16076,15157,26311,4574,348,ITI,ITI1,9,Toscana,Toscana,3729641,4107234,110.12,0.84
1187,2021-03-10,TOS,18373,7408,10965,14268,3998,107,ITI,ITI1,9,Toscana,Toscana,3729641,4125607,110.62,0.49
1188,2021-02-02,TOS,3744,1476,2268,187,3550,7,ITI,ITI1,9,Toscana,Toscana,3729641,4129351,110.72,0.1
1189,2021-06-27,TOS,33308,16079,17229,5916,27259,133,ITI,ITI1,9,Toscana,Toscana,3729641,4162659,111.61,0.89
1190,2021-05-01,TOS,23342,10072,13270,13729,9228,385,ITI,ITI1,9,Toscana,Toscana,3729641,4186001,112.24,0.63
1191,2021-03-05,TOS,16884,6691,10193,11943,4760,181,ITI,ITI1,9,Toscana,Toscana,3729641,4202885,112.69,0.45
1192,2021-08-09,TOS,28957,14706,14251,18494,9755,708,ITI,ITI1,9,Toscana,Toscana,3729641,4231842,113.47,0.78
1193,2021-06-13,TOS,24621,12354,12267,22601,1659,361,ITI,ITI1,9,Toscana,Toscana,3729641,4256463,114.13,0.66
1194,2021-01-26,TOS,5399,1794,3605,209,5186,4,ITI,ITI1,9,Toscana,Toscana,3729641,4261862,114.27,0.14
1195,2021-05-06,TOS,31437,13675,17762,13457,17286,694,ITI,ITI1,9,Toscana,Toscana,3729641,4293299,115.11,0.84
1196,2021-04-19,TOS,9105,4516,4589,7754,1034,317,ITI,ITI1,9,Toscana,Toscana,3729641,4302404,115.36,0.24
1197,2021-04-17,TOS,20581,9231,11350,17948,2143,490,ITI,ITI1,9,Toscana,Toscana,3729641,4322985,115.91,0.55
1198,2021-01-24,TOS,3349,1072,2277,196,3150,3,ITI,ITI1,9,Toscana,Toscana,3729641,4326334,116.0,0.09
1199,2021-01-07,TOS,6018,1751,4267,5932,0,86,ITI,ITI1,9,Toscana,Toscana,3729641,4332352,116.16,0.16
1200,2021-07-23,TOS,38453,19303,19150,4388,33908,157,ITI,ITI1,9,Toscana,Toscana,3729641,4370805,117.19,1.03
1201,2021-05-18,TOS,28847,14279,14568,19763,8830,254,ITI,ITI1,9,Toscana,Toscana,3729641,4399652,117.96,0.77
1202,2021-01-25,TOS,5132,1895,3237,240,4888,4,ITI,ITI1,9,Toscana,Toscana,3729641,4404784,118.1,0.14
1203,2021-04-18,TOS,8370,4095,4275,7061,1033,276,ITI,ITI1,9,Toscana,Toscana,3729641,4413154,118.33,0.22
1204,2021-07-27,TOS,38723,20135,18588,11269,27110,344,ITI,ITI1,9,Toscana,Toscana,3729641,4451877,119.36,1.04
1205,2021-07-10,TOS,29316,14187,15129,7957,21170,189,ITI,ITI1,9,Toscana,Toscana,3729641,4481193,120.15,0.79
1206,2021-05-07,TOS,32179,14717,17462,11351,20216,612,ITI,ITI1,9,Toscana,Toscana,3729641,4513372,121.01,0.86
1207,2021-08-15,TOS,14687,7760,6927,5269,9234,184,ITI,ITI1,9,Toscana,Toscana,3729641,4528059,121.41,0.39
1208,2021-07-29,TOS,39409,20527,18882,12611,26452,346,ITI,ITI1,9,Toscana,Toscana,3729641,4567468,122.46,1.06
1209,2021-02-13,TOS,7788,2362,5426,7413,227,148,ITI,ITI1,9,Toscana,Toscana,3729641,4575256,122.67,0.21
1210,2021-01-08,TOS,5948,1644,4304,5855,0,93,ITI,ITI1,9,Toscana,Toscana,3729641,4581204,122.83,0.16
1211,2021-07-12,TOS,28283,14004,14279,9665,18314,304,ITI,ITI1,9,Toscana,Toscana,3729641,4609487,123.59,0.76
1212,2021-04-01,TOS,27156,11264,15892,16184,10731,241,ITI,ITI1,9,Toscana,Toscana,3729641,4636643,124.32,0.73
1213,2021-03-15,TOS,8712,3658,5054,4089,4448,175,ITI,ITI1,9,Toscana,Toscana,3729641,4645355,124.55,0.23
1214,2021-06-23,TOS,31577,15311,16266,19821,11394,362,ITI,ITI1,9,Toscana,Toscana,3729641,4676932,125.4,0.85
1215,2021-01-10,TOS,3002,1105,1897,2947,0,55,ITI,ITI1,9,Toscana,Toscana,3729641,4679934,125.48,0.08
1216,2021-04-20,TOS,18161,8109,10052,12208,5589,364,ITI,ITI1,9,Toscana,Toscana,3729641,4698095,125.97,0.49
1217,2021-04-03,TOS,15017,6646,8371,13675,1126,216,ITI,ITI1,9,Toscana,Toscana,3729641,4713112,126.37,0.4
1218,2021-01-27,TOS,4837,1575,3262,200,4632,5,ITI,ITI1,9,Toscana,Toscana,3729641,4717949,126.5,0.13
1219,2021-08-30,TOS,24707,12482,12225,13091,10494,1122,ITI,ITI1,9,Toscana,Toscana,3729641,4742656,127.16,0.66
1220,2021-03-17,TOS,11431,4593,6838,6801,4537,93,ITI,ITI1,9,Toscana,Toscana,3729641,4754087,127.47,0.31
1221,2021-06-25,TOS,33650,16830,16820,12111,21257,282,ITI,ITI1,9,Toscana,Toscana,3729641,4787737,128.37,0.9
1222,2021-06-08,TOS,32610,16728,15882,31736,491,383,ITI,ITI1,9,Toscana,Toscana,3729641,4820347,129.24,0.87
1223,2021-02-26,TOS,10092,3841,6251,8662,1211,219,ITI,ITI1,9,Toscana,Toscana,3729641,4830439,129.51,0.27
1224,2021-06-06,TOS,28327,13664,14663,22591,5370,366,ITI,ITI1,9,Toscana,Toscana,3729641,4858766,130.27,0.76
1225,2021-01-27,VDA,156,75,81,80,76,0,ITC,ITC2,2,Valle d'Aosta / Vallée d'Aoste,Valle d'Aosta,125666,156,0.12,0.12
1226,2021-04-20,VDA,935,430,505,710,194,31,ITC,ITC2,2,Valle d'Aosta / Vallée d'Aoste,Valle d'Aosta,125666,1091,0.87,0.74
1227,2021-01-10,VDA,220,71,149,212,0,8,ITC,ITC2,2,Valle d'Aosta / Vallée d'Aoste,Valle d'Aosta,125666,1311,1.04,0.18
1228,2020-12-27,VDA,20,9,11,20,0,0,ITC,ITC2,2,Valle d'Aosta / Vallée d'Aoste,Valle d'Aosta,125666,1331,1.06,0.02
1229,2021-05-02,VDA,765,345,420,581,160,24,ITC,ITC2,2,Valle d'Aosta / Vallée d'Aoste,Valle d'Aosta,125666,2096,1.67,0.61
1230,2021-01-22,VDA,58,22,36,22,36,0,ITC,ITC2,2,Valle d'Aosta / Vallée d'Aoste,Valle d'Aosta,125666,2154,1.71,0.05
1231,2021-01-08,VDA,301,131,170,301,0,0,ITC,ITC2,2,Valle d'Aosta / Vallée d'Aoste,Valle d'Aosta,125666,2455,1.95,0.24
1232,2021-03-06,VDA,22,4,18,18,0,4,ITC,ITC2,2,Valle d'Aosta / Vallée d'Aoste,Valle d'Aosta,125666,2477,1.97,0.02
1233,2021-05-30,VDA,865,429,436,683,171,11,ITC,ITC2,2,Valle d'Aosta / Vallée d'Aoste,Valle d'Aosta,125666,3342,2.66,0.69
1234,2021-07-26,VDA,1005,512,493,315,682,8,ITC,ITC2,2,Valle d'Aosta / Vallée d'Aoste,Valle d'Aosta,125666,4347,3.46,0.8
1235,2021-05-28,VDA,977,415,562,546,413,18,ITC,ITC2,2,Valle d'Aosta / Vallée d'Aoste,Valle d'Aosta,125666,5324,4.24,0.78
1236,2021-02-17,VDA,329,146,183,225,101,3,ITC,ITC2,2,Valle d'Aosta / Vallée d'Aoste,Valle d'Aosta,125666,5653,4.5,0.26
1237,2021-03-08,VDA,488,233,255,240,245,3,ITC,ITC2,2,Valle d'Aosta / Vallée d'Aoste,Valle d'Aosta,125666,6141,4.89,0.39
1238,2021-08-12,VDA,375,204,171,117,248,10,ITC,ITC2,2,Valle d'Aosta / Vallée d'Aoste,Valle d'Aosta,125666,6516,5.19,0.3
1239,2021-05-04,VDA,1136,511,625,435,674,27,ITC,ITC2,2,Valle d'Aosta / Vallée d'Aoste,Valle d'Aosta,125666,7652,6.09,0.9
1240,2021-06-16,VDA,1062,565,497,664,394,4,ITC,ITC2,2,Valle d'Aosta / Vallée d'Aoste,Valle d'Aosta,125666,8714,6.93,0.85
1241,2021-03-15,VDA,387,141,246,175,203,9,ITC,ITC2,2,Valle d'Aosta / Vallée d'Aoste,Valle d'Aosta,125666,9101,7.24,0.31
1242,2021-08-19,VDA,265,158,107,70,180,15,ITC,ITC2,2,Valle d'Aosta / Vallée d'Aoste,Valle d'Aosta,125666,9366,7.45,0.21
1243,2021-05-11,VDA,649,326,323,472,150,27,ITC,ITC2,2,Valle d'Aosta / Vallée d'Aoste,Valle d'Aosta,125666,10015,7.97,0.52
1244,2021-04-27,VDA,979,424,555,653,292,34,ITC,ITC2,2,Valle d'Aosta / Vallée d'Aoste,Valle d'Aosta,125666,10994,8.75,0.78
1245,2021-01-17,VDA,131,56,75,131,0,0,ITC,ITC2,2,Valle d'Aosta / Vallée d'Aoste,Valle d'Aosta,125666,11125,8.85,0.1
1246,2021-06-23,VDA,1044,551,493,422,617,5,ITC,ITC2,2,Valle d'Aosta / Vallée d'Aoste,Valle d'Aosta,125666,12169,9.68,0.83
1247,2021-02-05,VDA,296,103,193,102,194,0,ITC,ITC2,2,Valle d'Aosta / Vallée d'Aoste,Valle d'Aosta,125666,12465,9.92,0.24
1248,2021-02-22,VDA,317,94,223,211,104,2,ITC,ITC2,2,Valle d'Aosta / Vallée d'Aoste,Valle d'Aosta,125666,12782,10.17,0.25
1249,2021-05-16,VDA,690,342,348,341,342,7,ITC,ITC2,2,Valle d'Aosta / Vallée d'Aoste,Valle d'Aosta,125666,13472,10.72,0.55
1250,2021-08-07,VDA,739,433,306,304,421,14,ITC,ITC2,2,Valle d'Aosta / Vallée d'Aoste,Valle d'Aosta,125666,14211,11.31,0.59
1251,2021-02-03,VDA,354,116,238,15,339,0,ITC,ITC2,2,Valle d'Aosta / Vallée d'Aoste,Valle d'Aosta,125666,14565,11.59,0.28
1252,2021-04-01,VDA,778,394,384,747,12,19,ITC,ITC2,2,Valle d'Aosta / Vallée d'Aoste,Valle d'Aosta,125666,15343,12.21,0.62
1253,2021-07-12,VDA,979,483,496,238,733,8,ITC,ITC2,2,Valle d'Aosta / Vallée d'Aoste,Valle d'Aosta,125666,16322,12.99,0.78
1254,2021-04-03,VDA,676,341,335,649,15,12,ITC,ITC2,2,Valle d'Aosta / Vallée d'Aoste,Valle d'Aosta,125666,16998,13.53,0.54
1255,2021-03-20,VDA,209,87,122,168,36,5,ITC,ITC2,2,Valle d'Aosta / Vallée d'Aoste,Valle d'Aosta,125666,17207,13.69,0.17
1256,2021-06-28,VDA,989,497,492,327,659,3,ITC,ITC2,2,Valle d'Aosta / Vallée d'Aoste,Valle d'Aosta,125666,18196,14.48,0.79
1257,2021-06-11,VDA,1048,484,564,754,283,11,ITC,ITC2,2,Valle d'Aosta / Vallée d'Aoste,Valle d'Aosta,125666,19244,15.31,0.83
1258,2021-04-15,VDA,814,378,436,643,140,31,ITC,ITC2,2,Valle d'Aosta / Vallée d'Aoste,Valle d'Aosta,125666,20058,15.96,0.65
1259,2021-07-07,VDA,793,440,353,413,363,17,ITC,ITC2,2,Valle d'Aosta / Vallée d'Aoste,Valle d'Aosta,125666,20851,16.59,0.63
1260,2021-07-24,VDA,1019,536,483,331,682,6,ITC,ITC2,2,Valle d'Aosta / Vallée d'Aoste,Valle d'Aosta,125666,21870,17.4,0.81
1261,2021-06-09,VDA,1050,558,492,1007,35,8,ITC,ITC2,2,Valle d'Aosta / Vallée d'Aoste,Valle d'Aosta,125666,22920,18.24,0.84
1262,2021-03-01,VDA,181,66,115,139,34,8,ITC,ITC2,2,Valle d'Aosta / Vallée d'Aoste,Valle d'Aosta,125666,23101,18.38,0.14
1263,2021-02-15,VDA,264,136,128,226,35,3,ITC,ITC2,2,Valle d'Aosta / Vallée d'Aoste,Valle d'Aosta,125666,23365,18.59,0.21
1264,2021-08-14,VDA,465,256,209,135,314,16,ITC,ITC2,2,Valle d'Aosta / Vallée d'Aoste,Valle d'Aosta,125666,23830,18.96,0.37
1265,2021-03-13,VDA,147,88,59,141,0,6,ITC,ITC2,2,Valle d'Aosta / Vallée d'Aoste,Valle d'Aosta,125666,23977,19.08,0.12
1266,2021-01-15,VDA,220,83,137,220,0,0,ITC,ITC2,2,Valle d'Aosta / Vallée d'Aoste,Valle d'Aosta,125666,24197,19.26,0.18
1267,2021-02-10,VDA,248,77,171,141,107,0,ITC,ITC2,2,Valle d'Aosta / Vallée d'Aoste,Valle d'Aosta,125666,24445,19.45,0.2
1268,2021-03-25,VDA,389,154,235,364,10,15,ITC,ITC2,2,Valle d'Aosta / Vallée d'Aoste,Valle d'Aosta,125666,24834,19.76,0.31
1269,2021-05-21,VDA,933,443,490,523,401,9,ITC,ITC2,2,Valle d'Aosta / Vallée d'Aoste,Valle d'Aosta,125666,25767,20.5,0.74
1270,2021-04-17,VDA,638,407,231,596,2,40,ITC,ITC2,2,Valle d'Aosta / Vallée d'Aoste,Valle d'Aosta,125666,26405,21.01,0.51
1271,2021-01-07,VDA,280,113,167,280,0,0,ITC,ITC2,2,Valle d'Aosta / Vallée d'Aoste,Valle d'Aosta,125666,26685,21.23,0.22
1272,2021-06-30,VDA,1120,543,577,416,695,9,ITC,ITC2,2,Valle d'Aosta / Vallée d'Aoste,Valle d'Aosta,125666,27805,22.13,0.89
1273,2021-06-04,VDA,910,385,525,468,435,7,ITC,ITC2,2,Valle d'Aosta / Vallée d'Aoste,Valle d'Aosta,125666,28715,22.85,0.72
1274,2021-08-26,VDA,342,167,175,82,253,7,ITC,ITC2,2,Valle d'Aosta / Vallée d'Aoste,Valle d'Aosta,125666,29057,23.12,0.27
1275,2021-07-23,VDA,973,485,488,360,607,6,ITC,ITC2,2,Valle d'Aosta / Vallée d'Aoste,Valle d'Aosta,125666,30030,23.9,0.77
1276,2021-07-19,VDA,878,460,418,255,618,5,ITC,ITC2,2,Valle d'Aosta / Vallée d'Aoste,Valle d'Aosta,125666,30908,24.6,0.7
1277,2021-02-24,VDA,185,84,101,163,21,1,ITC,ITC2,2,Valle d'Aosta / Vallée d'Aoste,Valle d'Aosta,125666,31093,24.74,0.15
1278,2021-04-08,VDA,585,282,303,420,144,21,ITC,ITC2,2,Valle d'Aosta / Vallée d'Aoste,Valle d'Aosta,125666,31678,25.21,0.47
1279,2021-06-13,VDA,857,403,454,372,482,3,ITC,ITC2,2,Valle d'Aosta / Vallée d'Aoste,Valle d'Aosta,125666,32535,25.89,0.68
1280,2021-05-23,VDA,999,465,534,654,340,5,ITC,ITC2,2,Valle d'Aosta / Vallée d'Aoste,Valle d'Aosta,125666,33534,26.69,0.79
1281,2021-01-29,VDA,321,139,182,2,319,0,ITC,ITC2,2,Valle d'Aosta / Vallée d'Aoste,Valle d'Aosta,125666,33855,26.94,0.26
1282,2021-08-31,VDA,464,243,221,65,396,3,ITC,ITC2,2,Valle d'Aosta / Vallée d'Aoste,Valle d'Aosta,125666,34319,27.31,0.37
1283,2021-04-22,VDA,1068,450,618,652,383,33,ITC,ITC2,2,Valle d'Aosta / Vallée d'Aoste,Valle d'Aosta,125666,35387,28.16,0.85
1284,2021-05-09,VDA,574,287,287,425,130,19,ITC,ITC2,2,Valle d'Aosta / Vallée d'Aoste,Valle d'Aosta,125666,35961,28.62,0.46
1285,2021-07-31,VDA,890,464,426,317,559,14,ITC,ITC2,2,Valle d'Aosta / Vallée d'Aoste,Valle d'Aosta,125666,36851,29.32,0.71
1286,2021-04-13,VDA,373,171,202,312,44,17,ITC,ITC2,2,Valle d'Aosta / Vallée d'Aoste,Valle d'Aosta,125666,37224,29.62,0.3
1287,2021-07-05,VDA,836,357,479,313,510,13,ITC,ITC2,2,Valle d'Aosta / Vallée d'Aoste,Valle d'Aosta,125666,38060,30.29,0.67
1288,2021-03-27,VDA,337,166,171,292,31,14,ITC,ITC2,2,Valle d'Aosta / Vallée d'Aoste,Valle d'Aosta,125666,38397,30.55,0.27
1289,2021-06-18,VDA,1000,443,557,587,400,13,ITC,ITC2,2,Valle d'Aosta / Vallée d'Aoste,Valle d'Aosta,125666,39397,31.35,0.8
1290,2021-05-25,VDA,1117,532,585,530,575,12,ITC,ITC2,2,Valle d'Aosta / Vallée d'Aoste,Valle d'Aosta,125666,40514,32.24,0.89
1291,2021-02-14,VDA,48,16,32,1,47,0,ITC,ITC2,2,Valle d'Aosta / Vallée d'Aoste,Valle d'Aosta,125666,40562,32.28,0.04
1292,2021-05-08,VDA,908,543,365,500,382,26,ITC,ITC2,2,Valle d'Aosta / Vallée d'Aoste,Valle d'Aosta,125666,41470,33.0,0.72
1293,2021-08-16,VDA,419,208,211,126,276,17,ITC,ITC2,2,Valle d'Aosta / Vallée d'Aoste,Valle d'Aosta,125666,41889,33.33,0.33
1294,2021-03-31,VDA,555,302,253,511,26,18,ITC,ITC2,2,Valle d'Aosta / Vallée d'Aoste,Valle d'Aosta,125666,42444,33.78,0.44
1295,2021-05-27,VDA,1093,498,595,575,506,12,ITC,ITC2,2,Valle d'Aosta / Vallée d'Aoste,Valle d'Aosta,125666,43537,34.65,0.87
1296,2021-05-13,VDA,1145,560,585,522,602,21,ITC,ITC2,2,Valle d'Aosta / Vallée d'Aoste,Valle d'Aosta,125666,44682,35.56,0.91
1297,2021-02-02,VDA,287,73,214,3,284,0,ITC,ITC2,2,Valle d'Aosta / Vallée d'Aoste,Valle d'Aosta,125666,44969,35.78,0.23
1298,2021-07-09,VDA,945,446,499,279,656,10,ITC,ITC2,2,Valle d'Aosta / Vallée d'Aoste,Valle d'Aosta,125666,45914,36.54,0.75
1299,2021-06-25,VDA,978,445,533,325,651,2,ITC,ITC2,2,Valle d'Aosta / Vallée d'Aoste,Valle d'Aosta,125666,46892,37.31,0.78
1300,2021-08-21,VDA,441,221,220,93,331,17,ITC,ITC2,2,Valle d'Aosta / Vallée d'Aoste,Valle d'Aosta,125666,47333,37.67,0.35
1301,2021-05-20,VDA,1044,475,569,591,440,13,ITC,ITC2,2,Valle d'Aosta / Vallée d'Aoste,Valle d'Aosta,125666,48377,38.5,0.83
1302,2021-07-02,VDA,871,386,485,304,562,5,ITC,ITC2,2,Valle d'Aosta / Vallée d'Aoste,Valle d'Aosta,125666,49248,39.19,0.69
1303,2021-03-24,VDA,516,230,286,256,257,3,ITC,ITC2,2,Valle d'Aosta / Vallée d'Aoste,Valle d'Aosta,125666,49764,39.6,0.41
1304,2021-08-28,VDA,535,285,250,91,423,21,ITC,ITC2,2,Valle d'Aosta / Vallée d'Aoste,Valle d'Aosta,125666,50299,40.03,0.43
1305,2021-05-06,VDA,1083,516,567,664,385,34,ITC,ITC2,2,Valle d'Aosta / Vallée d'Aoste,Valle d'Aosta,125666,51382,40.89,0.86
1306,2021-02-16,VDA,327,53,274,315,6,6,ITC,ITC2,2,Valle d'Aosta / Vallée d'Aoste,Valle d'Aosta,125666,51709,41.15,0.26
1307,2021-02-19,VDA,292,102,190,267,24,1,ITC,ITC2,2,Valle d'Aosta / Vallée d'Aoste,Valle d'Aosta,125666,52001,41.38,0.23
1308,2021-08-04,VDA,1046,571,475,370,658,18,ITC,ITC2,2,Valle d'Aosta / Vallée d'Aoste,Valle d'Aosta,125666,53047,42.21,0.83
1309,2021-01-05,VDA,151,55,96,151,0,0,ITC,ITC2,2,Valle d'Aosta / Vallée d'Aoste,Valle d'Aosta,125666,53198,42.33,0.12
1310,2021-01-14,VDA,237,69,168,237,0,0,ITC,ITC2,2,Valle d'Aosta / Vallée d'Aoste,Valle d'Aosta,125666,53435,42.52,0.19
1311,2021-08-02,VDA,760,407,353,304,446,10,ITC,ITC2,2,Valle d'Aosta / Vallée d'Aoste,Valle d'Aosta,125666,54195,43.13,0.6
1312,2021-04-24,VDA,723,401,322,534,167,22,ITC,ITC2,2,Valle d'Aosta / Vallée d'Aoste,Valle d'Aosta,125666,54918,43.7,0.58
1313,2021-08-30,VDA,546,275,271,115,393,38,ITC,ITC2,2,Valle d'Aosta / Vallée d'Aoste,Valle d'Aosta,125666,55464,44.14,0.43
1314,2021-01-31,VDA,291,91,200,58,233,0,ITC,ITC2,2,Valle d'Aosta / Vallée d'Aoste,Valle d'Aosta,125666,55755,44.37,0.23
1315,2021-03-17,VDA,438,185,253,259,165,14,ITC,ITC2,2,Valle d'Aosta / Vallée d'Aoste,Valle d'Aosta,125666,56193,44.72,0.35
1316,2021-03-03,VDA,258,119,139,182,71,5,ITC,ITC2,2,Valle d'Aosta / Vallée d'Aoste,Valle d'Aosta,125666,56451,44.92,0.21
1317,2021-07-16,VDA,1077,554,523,345,731,1,ITC,ITC2,2,Valle d'Aosta / Vallée d'Aoste,Valle d'Aosta,125666,57528,45.78,0.86
1318,2021-06-08,VDA,770,408,362,733,33,4,ITC,ITC2,2,Valle d'Aosta / Vallée d'Aoste,Valle d'Aosta,125666,58298,46.39,0.61
1319,2021-02-26,VDA,210,58,152,110,86,14,ITC,ITC2,2,Valle d'Aosta / Vallée d'Aoste,Valle d'Aosta,125666,58508,46.56,0.17
1320,2021-04-10,VDA,405,191,214,389,5,11,ITC,ITC2,2,Valle d'Aosta / Vallée d'Aoste,Valle d'Aosta,125666,58913,46.88,0.32
1321,2021-04-05,VDA,465,223,242,445,6,14,ITC,ITC2,2,Valle d'Aosta / Vallée d'Aoste,Valle d'Aosta,125666,59378,47.25,0.37
1322,2021-06-27,VDA,1253,608,645,311,931,11,ITC,ITC2,2,Valle d'Aosta / Vallée d'Aoste,Valle d'Aosta,125666,60631,48.25,1.0
1323,2021-07-14,VDA,1021,534,487,293,728,0,ITC,ITC2,2,Valle d'Aosta / Vallée d'Aoste,Valle d'Aosta,125666,61652,49.06,0.81
1324,2021-03-29,VDA,494,233,261,450,40,4,ITC,ITC2,2,Valle d'Aosta / Vallée d'Aoste,Valle d'Aosta,125666,62146,49.45,0.39
1325,2021-06-20,VDA,1132,545,587,478,644,10,ITC,ITC2,2,Valle d'Aosta / Vallée d'Aoste,Valle d'Aosta,125666,63278,50.35,0.9
1326,2021-03-12,VDA,534,176,358,301,226,7,ITC,ITC2,2,Valle d'Aosta / Vallée d'Aoste,Valle d'Aosta,125666,63812,50.78,0.42
1327,2021-08-01,VDA,842,445,397,286,547,9,ITC,ITC2,2,Valle d'Aosta / Vallée d'Aoste,Valle d'Aosta,125666,64654,51.45,0.67
1328,2021-01-28,VDA,294,124,170,55,239,0,ITC,ITC2,2,Valle d'Aosta / Vallée d'Aoste,Valle d'Aosta,125666,64948,51.68,0.23
1329,2021-04-07,VDA,910,474,436,655,229,26,ITC,ITC2,2,Valle d'Aosta / Vallée d'Aoste,Valle d'Aosta,125666,65858,52.41,0.72
1330,2021-07-28,VDA,1423,765,658,364,1048,11,ITC,ITC2,2,Valle d'Aosta / Vallée d'Aoste,Valle d'Aosta,125666,67281,53.54,1.13
1331,2021-04-19,VDA,753,326,427,521,209,23,ITC,ITC2,2,Valle d'Aosta / Vallée d'Aoste,Valle d'Aosta,125666,68034,54.14,0.6
1332,2021-01-16,VDA,237,80,157,237,0,0,ITC,ITC2,2,Valle d'Aosta / Vallée d'Aoste,Valle d'Aosta,125666,68271,54.33,0.19
1333,2021-06-22,VDA,1191,666,525,530,649,12,ITC,ITC2,2,Valle d'Aosta / Vallée d'Aoste,Valle d'Aosta,125666,69462,55.28,0.95
1334,2021-01-26,VDA,149,52,97,2,147,0,ITC,ITC2,2,Valle d'Aosta / Vallée d'Aoste,Valle d'Aosta,125666,69611,55.39,0.12
1335,2021-02-12,VDA,263,96,167,216,46,1,ITC,ITC2,2,Valle d'Aosta / Vallée d'Aoste,Valle d'Aosta,125666,69874,55.6,0.21
1336,2021-01-12,VDA,303,73,230,303,0,0,ITC,ITC2,2,Valle d'Aosta / Vallée d'Aoste,Valle d'Aosta,125666,70177,55.84,0.24
1337,2021-05-24,VDA,1138,517,621,676,447,15,ITC,ITC2,2,Valle d'Aosta / Vallée d'Aoste,Valle d'Aosta,125666,71315,56.75,0.91
1338,2021-05-10,VDA,783,382,401,533,235,15,ITC,ITC2,2,Valle d'Aosta / Vallée d'Aoste,Valle d'Aosta,125666,72098,57.37,0.62
1339,2021-03-22,VDA,561,205,356,326,229,6,ITC,ITC2,2,Valle d'Aosta / Vallée d'Aoste,Valle d'Aosta,125666,72659,57.82,0.45
1340,2021-03-10,VDA,439,184,255,220,214,5,ITC,ITC2,2,Valle d'Aosta / Vallée d'Aoste,Valle d'Aosta,125666,73098,58.17,0.35
1341,2021-02-21,VDA,18,3,15,0,18,0,ITC,ITC2,2,Valle d'Aosta / Vallée d'Aoste,Valle d'Aosta,125666,73116,58.18,0.01
1342,2021-06-01,VDA,873,470,403,510,354,9,ITC,ITC2,2,Valle d'Aosta / Vallée d'Aoste,Valle d'Aosta,125666,73989,58.88,0.69
1343,2021-08-23,VDA,404,205,199,91,299,14,ITC,ITC2,2,Valle d'Aosta / Vallée d'Aoste,Valle d'Aosta,125666,74393,59.2,0.32
1344,2020-12-31,VDA,18,4,14,18,0,0,ITC,ITC2,2,Valle d'Aosta / Vallée d'Aoste,Valle d'Aosta,125666,74411,59.21,0.01
1345,2021-06-06,VDA,1160,582,578,781,373,6,ITC,ITC2,2,Valle d'Aosta / Vallée d'Aoste,Valle d'Aosta,125666,75571,60.14,0.92
1346,2021-06-15,VDA,924,508,416,654,257,13,ITC,ITC2,2,Valle d'Aosta / Vallée d'Aoste,Valle d'Aosta,125666,76495,60.87,0.74
1347,2021-08-11,VDA,776,380,396,303,452,21,ITC,ITC2,2,Valle d'Aosta / Vallée d'Aoste,Valle d'Aosta,125666,77271,61.49,0.62
1348,2021-03-05,VDA,277,125,152,53,223,1,ITC,ITC2,2,Valle d'Aosta / Vallée d'Aoste,Valle d'Aosta,125666,77548,61.71,0.22
1349,2021-06-12,VDA,1234,600,634,1061,167,6,ITC,ITC2,2,Valle d'Aosta / Vallée d'Aoste,Valle d'Aosta,125666,78782,62.69,0.98
1350,2021-03-19,VDA,322,85,237,286,35,1,ITC,ITC2,2,Valle d'Aosta / Vallée d'Aoste,Valle d'Aosta,125666,79104,62.95,0.26
1351,2021-02-09,VDA,255,86,169,70,184,1,ITC,ITC2,2,Valle d'Aosta / Vallée d'Aoste,Valle d'Aosta,125666,79359,63.15,0.2
1352,2021-07-20,VDA,1119,585,534,391,723,5,ITC,ITC2,2,Valle d'Aosta / Vallée d'Aoste,Valle d'Aosta,125666,80478,64.04,0.89
1353,2021-03-14,VDA,392,200,192,374,0,18,ITC,ITC2,2,Valle d'Aosta / Vallée d'Aoste,Valle d'Aosta,125666,80870,64.35,0.31
1354,2021-04-26,VDA,718,330,388,516,170,32,ITC,ITC2,2,Valle d'Aosta / Vallée d'Aoste,Valle d'Aosta,125666,81588,64.92,0.57
1355,2021-08-27,VDA,496,257,239,123,369,4,ITC,ITC2,2,Valle d'Aosta / Vallée d'Aoste,Valle d'Aosta,125666,82084,65.32,0.39
1356,2021-07-01,VDA,962,473,489,328,621,13,ITC,ITC2,2,Valle d'Aosta / Vallée d'Aoste,Valle d'Aosta,125666,83046,66.08,0.77
1357,2021-08-18,VDA,687,356,331,235,433,19,ITC,ITC2,2,Valle d'Aosta / Vallée d'Aoste,Valle d'Aosta,125666,83733,66.63,0.55
1358,2021-07-30,VDA,965,501,464,419,525,21,ITC,ITC2,2,Valle d'Aosta / Vallée d'Aoste,Valle d'Aosta,125666,84698,67.4,0.77
1359,2021-04-21,VDA,869,410,459,588,249,32,ITC,ITC2,2,Valle d'Aosta / Vallée d'Aoste,Valle d'Aosta,125666,85567,68.09,0.69
1360,2021-07-13,VDA,1061,567,494,307,748,6,ITC,ITC2,2,Valle d'Aosta / Vallée d'Aoste,Valle d'Aosta,125666,86628,68.94,0.84
1361,2021-03-21,VDA,359,168,191,350,0,9,ITC,ITC2,2,Valle d'Aosta / Vallée d'Aoste,Valle d'Aosta,125666,86987,69.22,0.29
1362,2021-06-29,VDA,782,390,392,236,543,3,ITC,ITC2,2,Valle d'Aosta / Vallée d'Aoste,Valle d'Aosta,125666,87769,69.84,0.62
1363,2021-06-05,VDA,926,476,450,729,188,9,ITC,ITC2,2,Valle d'Aosta / Vallée d'Aoste,Valle d'Aosta,125666,88695,70.58,0.74
1364,2021-02-11,VDA,231,107,124,221,9,1,ITC,ITC2,2,Valle d'Aosta / Vallée d'Aoste,Valle d'Aosta,125666,88926,70.76,0.18
1365,2021-07-18,VDA,927,455,472,248,674,5,ITC,ITC2,2,Valle d'Aosta / Vallée d'Aoste,Valle d'Aosta,125666,89853,71.5,0.74
1366,2021-04-09,VDA,238,111,127,201,33,4,ITC,ITC2,2,Valle d'Aosta / Vallée d'Aoste,Valle d'Aosta,125666,90091,71.69,0.19
1367,2021-05-22,VDA,956,505,451,545,401,10,ITC,ITC2,2,Valle d'Aosta / Vallée d'Aoste,Valle d'Aosta,125666,91047,72.45,0.76
1368,2021-07-25,VDA,1020,494,526,265,749,6,ITC,ITC2,2,Valle d'Aosta / Vallée d'Aoste,Valle d'Aosta,125666,92067,73.26,0.81
1369,2021-04-16,VDA,599,261,338,566,2,31,ITC,ITC2,2,Valle d'Aosta / Vallée d'Aoste,Valle d'Aosta,125666,92666,73.74,0.48
1370,2021-04-02,VDA,875,345,530,626,226,23,ITC,ITC2,2,Valle d'Aosta / Vallée d'Aoste,Valle d'Aosta,125666,93541,74.44,0.7
1371,2021-05-07,VDA,566,247,319,515,30,21,ITC,ITC2,2,Valle d'Aosta / Vallée d'Aoste,Valle d'Aosta,125666,94107,74.89,0.45
1372,2021-04-23,VDA,923,443,480,511,383,29,ITC,ITC2,2,Valle d'Aosta / Vallée d'Aoste,Valle d'Aosta,125666,95030,75.62,0.73
1373,2021-01-13,VDA,338,110,228,338,0,0,ITC,ITC2,2,Valle d'Aosta / Vallée d'Aoste,Valle d'Aosta,125666,95368,75.89,0.27
1374,2021-07-29,VDA,996,508,488,319,667,10,ITC,ITC2,2,Valle d'Aosta / Vallée d'Aoste,Valle d'Aosta,125666,96364,76.68,0.79
1375,2021-07-15,VDA,1096,595,501,295,798,3,ITC,ITC2,2,Valle d'Aosta / Vallée d'Aoste,Valle d'Aosta,125666,97460,77.55,0.87
1376,2021-04-06,VDA,743,382,361,598,112,33,ITC,ITC2,2,Valle d'Aosta / Vallée d'Aoste,Valle d'Aosta,125666,98203,78.15,0.59
1377,2021-03-18,VDA,136,43,93,96,37,3,ITC,ITC2,2,Valle d'Aosta / Vallée d'Aoste,Valle d'Aosta,125666,98339,78.25,0.11
1378,2021-02-28,VDA,260,86,174,73,183,4,ITC,ITC2,2,Valle d'Aosta / Vallée d'Aoste,Valle d'Aosta,125666,98599,78.46,0.21
1379,2021-05-05,VDA,1038,566,472,434,582,22,ITC,ITC2,2,Valle d'Aosta / Vallée d'Aoste,Valle d'Aosta,125666,99637,79.29,0.83
1380,2021-08-13,VDA,493,272,221,204,281,8,ITC,ITC2,2,Valle d'Aosta / Vallée d'Aoste,Valle d'Aosta,125666,100130,79.68,0.39
1381,2021-04-18,VDA,523,255,268,495,2,26,ITC,ITC2,2,Valle d'Aosta / Vallée d'Aoste,Valle d'Aosta,125666,100653,80.1,0.42
1382,2021-06-14,VDA,1017,523,494,575,428,14,ITC,ITC2,2,Valle d'Aosta / Vallée d'Aoste,Valle d'Aosta,125666,101670,80.9,0.81
1383,2021-05-31,VDA,881,396,485,490,380,11,ITC,ITC2,2,Valle d'Aosta / Vallée d'Aoste,Valle d'Aosta,125666,102551,81.61,0.7
1384,2021-07-27,VDA,1121,596,525,563,554,4,ITC,ITC2,2,Valle d'Aosta / Vallée d'Aoste,Valle d'Aosta,125666,103672,82.5,0.89
1385,2021-02-23,VDA,217,124,93,216,0,1,ITC,ITC2,2,Valle d'Aosta / Vallée d'Aoste,Valle d'Aosta,125666,103889,82.67,0.17
1386,2021-06-03,VDA,1309,669,640,882,413,14,ITC,ITC2,2,Valle d'Aosta / Vallée d'Aoste,Valle d'Aosta,125666,105198,83.71,1.04
1387,2021-08-25,VDA,681,348,333,128,527,26,ITC,ITC2,2,Valle d'Aosta / Vallée d'Aoste,Valle d'Aosta,125666,105879,84.25,0.54
1388,2021-01-09,VDA,444,199,245,444,0,0,ITC,ITC2,2,Valle d'Aosta / Vallée d'Aoste,Valle d'Aosta,125666,106323,84.61,0.35
1389,2021-06-24,VDA,1225,631,594,380,837,8,ITC,ITC2,2,Valle d'Aosta / Vallée d'Aoste,Valle d'Aosta,125666,107548,85.58,0.97
1390,2021-07-03,VDA,936,485,451,390,537,9,ITC,ITC2,2,Valle d'Aosta / Vallée d'Aoste,Valle d'Aosta,125666,108484,86.33,0.74
1391,2021-08-29,VDA,209,120,89,6,202,1,ITC,ITC2,2,Valle d'Aosta / Vallée d'Aoste,Valle d'Aosta,125666,108693,86.49,0.17
1392,2021-06-26,VDA,1065,512,553,351,707,7,ITC,ITC2,2,Valle d'Aosta / Vallée d'Aoste,Valle d'Aosta,125666,109758,87.34,0.85
1393,2021-03-04,VDA,291,139,152,39,250,2,ITC,ITC2,2,Valle d'Aosta / Vallée d'Aoste,Valle d'Aosta,125666,110049,87.57,0.23
1394,2021-05-26,VDA,1212,587,625,567,634,11,ITC,ITC2,2,Valle d'Aosta / Vallée d'Aoste,Valle d'Aosta,125666,111261,88.54,0.96
1395,2021-06-10,VDA,1057,610,447,1008,41,8,ITC,ITC2,2,Valle d'Aosta / Vallée d'Aoste,Valle d'Aosta,125666,112318,89.38,0.84
1396,2021-03-02,VDA,340,166,174,291,3,46,ITC,ITC2,2,Valle d'Aosta / Vallée d'Aoste,Valle d'Aosta,125666,112658,89.65,0.27
1397,2021-05-29,VDA,800,436,364,554,239,7,ITC,ITC2,2,Valle d'Aosta / Vallée d'Aoste,Valle d'Aosta,125666,113458,90.29,0.64
1398,2021-07-11,VDA,908,472,436,254,643,11,ITC,ITC2,2,Valle d'Aosta / Vallée d'Aoste,Valle d'Aosta,125666,114366,91.01,0.72
1399,2021-02-25,VDA,202,101,101,190,8,4,ITC,ITC2,2,Valle d'Aosta / Vallée d'Aoste,Valle d'Aosta,125666,114568,91.17,0.16
1400,2021-04-25,VDA,850,409,441,674,139,37,ITC,ITC2,2,Valle d'Aosta / Vallée d'Aoste,Valle d'Aosta,125666,115418,91.85,0.68
1401,2021-06-21,VDA,1123,600,523,608,505,10,ITC,ITC2,2,Valle d'Aosta / Vallée d'Aoste,Valle d'Aosta,125666,116541,92.74,0.89
1402,2021-06-07,VDA,711,347,364,637,61,13,ITC,ITC2,2,Valle d'Aosta / Vallée d'Aoste,Valle d'Aosta,125666,117252,93.3,0.57
1403,2021-02-27,VDA,232,86,146,120,107,5,ITC,ITC2,2,Valle d'Aosta / Vallée d'Aoste,Valle d'Aosta,125666,117484,93.49,0.18
1404,2021-08-03,VDA,936,485,451,564,362,10,ITC,ITC2,2,Valle d'Aosta / Vallée d'Aoste,Valle d'Aosta,125666,118420,94.23,0.74
1405,2021-05-03,VDA,841,400,441,459,352,30,ITC,ITC2,2,Valle d'Aosta / Vallée d'Aoste,Valle d'Aosta,125666,119261,94.9,0.67
1406,2021-03-07,VDA,64,30,34,11,53,0,ITC,ITC2,2,Valle d'Aosta / Vallée d'Aoste,Valle d'Aosta,125666,119325,94.95,0.05
1407,2021-08-20,VDA,473,240,233,142,316,15,ITC,ITC2,2,Valle d'Aosta / Vallée d'Aoste,Valle d'Aosta,125666,119798,95.33,0.38
1408,2021-05-17,VDA,809,417,392,365,434,10,ITC,ITC2,2,Valle d'Aosta / Vallée d'Aoste,Valle d'Aosta,125666,120607,95.97,0.64
1409,2021-08-08,VDA,579,297,282,175,394,10,ITC,ITC2,2,Valle d'Aosta / Vallée d'Aoste,Valle d'Aosta,125666,121186,96.43,0.46
1410,2021-05-15,VDA,1067,614,453,368,686,13,ITC,ITC2,2,Valle d'Aosta / Vallée d'Aoste,Valle d'Aosta,125666,122253,97.28,0.85
1411,2021-02-04,VDA,295,86,209,8,287,0,ITC,ITC2,2,Valle d'Aosta / Vallée d'Aoste,Valle d'Aosta,125666,122548,97.52,0.23
1412,2021-04-28,VDA,1220,633,587,683,503,34,ITC,ITC2,2,Valle d'Aosta / Vallée d'Aoste,Valle d'Aosta,125666,123768,98.49,0.97
1413,2021-08-06,VDA,820,400,420,406,398,16,ITC,ITC2,2,Valle d'Aosta / Vallée d'Aoste,Valle d'Aosta,125666,124588,99.14,0.65
1414,2021-02-08,VDA,224,83,141,25,199,0,ITC,ITC2,2,Valle d'Aosta / Vallée d'Aoste,Valle d'Aosta,125666,124812,99.32,0.18
1415,2021-03-23,VDA,380,150,230,229,135,16,ITC,ITC2,2,Valle d'Aosta / Vallée d'Aoste,Valle d'Aosta,125666,125192,99.62,0.3
1416,2021-05-19,VDA,993,498,495,411,575,7,ITC,ITC2,2,Valle d'Aosta / Vallée d'Aoste,Valle d'Aosta,125666,126185,100.41,0.79
1417,2021-08-05,VDA,786,406,380,281,482,23,ITC,ITC2,2,Valle d'Aosta / Vallée d'Aoste,Valle d'Aosta,125666,126971,101.04,0.63
1418,2021-01-06,VDA,66,34,32,66,0,0,ITC,ITC2,2,Valle d'Aosta / Vallée d'Aoste,Valle d'Aosta,125666,127037,101.09,0.05
1419,2021-01-11,VDA,328,113,215,328,0,0,ITC,ITC2,2,Valle d'Aosta / Vallée d'Aoste,Valle d'Aosta,125666,127365,101.35,0.26
1420,2021-04-04,VDA,572,253,319,562,0,10,ITC,ITC2,2,Valle d'Aosta / Vallée d'Aoste,Valle d'Aosta,125666,127937,101.81,0.46
1421,2021-08-10,VDA,850,436,414,579,261,10,ITC,ITC2,2,Valle d'Aosta / Vallée d'Aoste,Valle d'Aosta,125666,128787,102.48,0.68
1422,2021-02-06,VDA,289,104,185,91,197,1,ITC,ITC2,2,Valle d'Aosta / Vallée d'Aoste,Valle d'Aosta,125666,129076,102.71,0.23
1423,2021-04-30,VDA,833,357,476,469,347,17,ITC,ITC2,2,Valle d'Aosta / Vallée d'Aoste,Valle d'Aosta,125666,129909,103.38,0.66
1424,2021-01-20,VDA,64,15,49,64,0,0,ITC,ITC2,2,Valle d'Aosta / Vallée d'Aoste,Valle d'Aosta,125666,129973,103.43,0.05
1425,2021-01-30,VDA,439,202,237,12,425,2,ITC,ITC2,2,Valle d'Aosta / Vallée d'Aoste,Valle d'Aosta,125666,130412,103.78,0.35
1426,2021-01-25,VDA,150,67,83,1,149,0,ITC,ITC2,2,Valle d'Aosta / Vallée d'Aoste,Valle d'Aosta,125666,130562,103.9,0.12
1427,2021-07-10,VDA,1295,670,625,320,964,11,ITC,ITC2,2,Valle d'Aosta / Vallée d'Aoste,Valle d'Aosta,125666,131857,104.93,1.03
1428,2021-08-22,VDA,177,88,89,8,169,0,ITC,ITC2,2,Valle d'Aosta / Vallée d'Aoste,Valle d'Aosta,125666,132034,105.07,0.14
1429,2021-05-14,VDA,964,444,520,265,670,29,ITC,ITC2,2,Valle d'Aosta / Vallée d'Aoste,Valle d'Aosta,125666,132998,105.83,0.77
1430,2021-03-16,VDA,185,37,148,109,67,9,ITC,ITC2,2,Valle d'Aosta / Vallée d'Aoste,Valle d'Aosta,125666,133183,105.98,0.15
1431,2021-08-17,VDA,560,306,254,210,342,8,ITC,ITC2,2,Valle d'Aosta / Vallée d'Aoste,Valle d'Aosta,125666,133743,106.43,0.45
1432,2021-02-13,VDA,217,197,20,214,1,2,ITC,ITC2,2,Valle d'Aosta / Vallée d'Aoste,Valle d'Aosta,125666,133960,106.6,0.17
1433,2021-02-18,VDA,349,153,196,256,88,5,ITC,ITC2,2,Valle d'Aosta / Vallée d'Aoste,Valle d'Aosta,125666,134309,106.88,0.28
1434,2021-07-22,VDA,980,519,461,271,703,6,ITC,ITC2,2,Valle d'Aosta / Vallée d'Aoste,Valle d'Aosta,125666,135289,107.66,0.78
1435,2021-01-18,VDA,214,74,140,214,0,0,ITC,ITC2,2,Valle d'Aosta / Vallée d'Aoste,Valle d'Aosta,125666,135503,107.83,0.17
1436,2021-04-11,VDA,479,208,271,463,0,16,ITC,ITC2,2,Valle d'Aosta / Vallée d'Aoste,Valle d'Aosta,125666,135982,108.21,0.38
1437,2021-02-01,VDA,409,128,281,86,320,3,ITC,ITC2,2,Valle d'Aosta / Vallée d'Aoste,Valle d'Aosta,125666,136391,108.53,0.33
1438,2021-07-08,VDA,1276,709,567,341,924,11,ITC,ITC2,2,Valle d'Aosta / Vallée d'Aoste,Valle d'Aosta,125666,137667,109.55,1.02
1439,2021-03-30,VDA,402,223,179,364,20,18,ITC,ITC2,2,Valle d'Aosta / Vallée d'Aoste,Valle d'Aosta,125666,138069,109.87,0.32
1440,2021-05-12,VDA,1144,550,594,449,671,24,ITC,ITC2,2,Valle d'Aosta / Vallée d'Aoste,Valle d'Aosta,125666,139213,110.78,0.91
1441,2021-07-17,VDA,987,521,466,253,730,4,ITC,ITC2,2,Valle d'Aosta / Vallée d'Aoste,Valle d'Aosta,125666,140200,111.57,0.79
1442,2021-01-19,VDA,256,77,179,256,0,0,ITC,ITC2,2,Valle d'Aosta / Vallée d'Aoste,Valle d'Aosta,125666,140456,111.77,0.2
1443,2021-04-12,VDA,487,187,300,305,164,18,ITC,ITC2,2,Valle d'Aosta / Vallée d'Aoste,Valle d'Aosta,125666,140943,112.16,0.39
1444,2021-04-29,VDA,1293,636,657,742,532,19,ITC,ITC2,2,Valle d'Aosta / Vallée d'Aoste,Valle d'Aosta,125666,142236,113.19,1.03
1445,2021-07-21,VDA,1168,638,530,311,849,8,ITC,ITC2,2,Valle d'Aosta / Vallée d'Aoste,Valle d'Aosta,125666,143404,114.12,0.93
1446,2021-07-04,VDA,1192,530,662,349,829,14,ITC,ITC2,2,Valle d'Aosta / Vallée d'Aoste,Valle d'Aosta,125666,144596,115.06,0.95
1447,2021-05-18,VDA,972,484,488,349,619,4,ITC,ITC2,2,Valle d'Aosta / Vallée d'Aoste,Valle d'Aosta,125666,145568,115.84,0.77
1448,2021-02-07,VDA,292,120,172,190,102,0,ITC,ITC2,2,Valle d'Aosta / Vallée d'Aoste,Valle d'Aosta,125666,145860,116.07,0.23
1449,2021-08-09,VDA,674,335,339,252,401,21,ITC,ITC2,2,Valle d'Aosta / Vallée d'Aoste,Valle d'Aosta,125666,146534,116.61,0.54
1450,2021-05-01,VDA,941,564,377,440,484,17,ITC,ITC2,2,Valle d'Aosta / Vallée d'Aoste,Valle d'Aosta,125666,147475,117.35,0.75
1451,2021-04-14,VDA,942,430,512,692,224,26,ITC,ITC2,2,Valle d'Aosta / Vallée d'Aoste,Valle d'Aosta,125666,148417,118.1,0.75
1452,2021-07-06,VDA,885,480,405,158,722,5,ITC,ITC2,2,Valle d'Aosta / Vallée d'Aoste,Valle d'Aosta,125666,149302,118.81,0.7
1453,2021-01-02,VDA,6,5,1,6,0,0,ITC,ITC2,2,Valle d'Aosta / Vallée d'Aoste,Valle d'Aosta,125666,149308,118.81,0.0
1454,2021-03-26,VDA,498,204,294,481,7,10,ITC,ITC2,2,Valle d'Aosta / Vallée d'Aoste,Valle d'Aosta,125666,149806,119.21,0.4
1455,2021-06-17,VDA,990,529,461,637,341,12,ITC,ITC2,2,Valle d'Aosta / Vallée d'Aoste,Valle d'Aosta,125666,150796,120.0,0.79
1456,2021-01-21,VDA,33,12,21,33,0,0,ITC,ITC2,2,Valle d'Aosta / Vallée d'Aoste,Valle d'Aosta,125666,150829,120.02,0.03
1457,2021-01-04,VDA,144,61,83,144,0,0,ITC,ITC2,2,Valle d'Aosta / Vallée d'Aoste,Valle d'Aosta,125666,150973,120.14,0.11
1458,2021-03-28,VDA,524,213,311,497,0,27,ITC,ITC2,2,Valle d'Aosta / Vallée d'Aoste,Valle d'Aosta,125666,151497,120.56,0.42
1459,2021-03-11,VDA,392,164,228,152,239,1,ITC,ITC2,2,Valle d'Aosta / Vallée d'Aoste,Valle d'Aosta,125666,151889,120.87,0.31
1460,2021-06-02,VDA,1216,688,528,810,402,4,ITC,ITC2,2,Valle d'Aosta / Vallée d'Aoste,Valle d'Aosta,125666,153105,121.83,0.97
1461,2021-06-19,VDA,1295,671,624,658,621,16,ITC,ITC2,2,Valle d'Aosta / Vallée d'Aoste,Valle d'Aosta,125666,154400,122.87,1.03
1462,2021-08-24,VDA,671,369,302,143,518,10,ITC,ITC2,2,Valle d'Aosta / Vallée d'Aoste,Valle d'Aosta,125666,155071,123.4,0.53
1463,2021-03-09,VDA,206,96,110,167,32,7,ITC,ITC2,2,Valle d'Aosta / Vallée d'Aoste,Valle d'Aosta,125666,155277,123.56,0.16
1464,2021-02-20,VDA,256,214,42,243,10,3,ITC,ITC2,2,Valle d'Aosta / Vallée d'Aoste,Valle d'Aosta,125666,155533,123.77,0.2
1465,2021-02-06,PAT,582,302,280,439,143,0,ITH,ITH2,4,Provincia Autonoma Trento,P.A. Trento,541380,582,0.11,0.11
1466,2021-02-23,PAT,1128,403,725,887,218,23,ITH,ITH2,4,Provincia Autonoma Trento,P.A. Trento,541380,1710,0.32,0.21
1467,2021-05-17,PAT,4356,2156,2200,3752,363,241,ITH,ITH2,4,Provincia Autonoma Trento,P.A. Trento,541380,6066,1.12,0.8
1468,2021-08-25,PAT,4386,2344,2042,1080,3234,72,ITH,ITH2,4,Provincia Autonoma Trento,P.A. Trento,541380,10452,1.93,0.81
1469,2021-04-09,PAT,2804,1193,1611,1526,1209,69,ITH,ITH2,4,Provincia Autonoma Trento,P.A. Trento,541380,13256,2.45,0.52
1470,2021-02-11,PAT,1171,377,794,803,367,1,ITH,ITH2,4,Provincia Autonoma Trento,P.A. Trento,541380,14427,2.66,0.22
1471,2021-07-18,PAT,463,242,221,119,339,5,ITH,ITH2,4,Provincia Autonoma Trento,P.A. Trento,541380,14890,2.75,0.09
1472,2021-02-25,PAT,1652,648,1004,1197,445,10,ITH,ITH2,4,Provincia Autonoma Trento,P.A. Trento,541380,16542,3.06,0.31
1473,2020-12-30,PAT,7,3,4,7,0,0,ITH,ITH2,4,Provincia Autonoma Trento,P.A. Trento,541380,16549,3.06,0.0
1474,2021-06-05,PAT,4131,1939,2192,689,3364,78,ITH,ITH2,4,Provincia Autonoma Trento,P.A. Trento,541380,20680,3.82,0.76
1475,2021-01-23,PAT,584,338,246,389,194,1,ITH,ITH2,4,Provincia Autonoma Trento,P.A. Trento,541380,21264,3.93,0.11
1476,2021-05-03,PAT,4311,2223,2088,3845,157,309,ITH,ITH2,4,Provincia Autonoma Trento,P.A. Trento,541380,25575,4.72,0.8
1477,2021-08-13,PAT,5942,3364,2578,2569,3226,147,ITH,ITH2,4,Provincia Autonoma Trento,P.A. Trento,541380,31517,5.82,1.1
1478,2021-07-01,PAT,7147,3736,3411,3597,3363,187,ITH,ITH2,4,Provincia Autonoma Trento,P.A. Trento,541380,38664,7.14,1.32
1479,2021-05-05,PAT,5054,2610,2444,4433,305,316,ITH,ITH2,4,Provincia Autonoma Trento,P.A. Trento,541380,43718,8.08,0.93
1480,2021-07-27,PAT,4811,2544,2267,1753,2950,108,ITH,ITH2,4,Provincia Autonoma Trento,P.A. Trento,541380,48529,8.96,0.89
1481,2021-05-31,PAT,4805,2213,2592,1609,3087,109,ITH,ITH2,4,Provincia Autonoma Trento,P.A. Trento,541380,53334,9.85,0.89
1482,2021-07-13,PAT,3835,1951,1884,1777,1932,126,ITH,ITH2,4,Provincia Autonoma Trento,P.A. Trento,541380,57169,10.56,0.71
1483,2021-04-21,PAT,2944,1372,1572,2739,51,154,ITH,ITH2,4,Provincia Autonoma Trento,P.A. Trento,541380,60113,11.1,0.54
1484,2021-01-28,PAT,554,156,398,51,503,0,ITH,ITH2,4,Provincia Autonoma Trento,P.A. Trento,541380,60667,11.21,0.1
1485,2021-01-11,PAT,765,235,530,765,0,0,ITH,ITH2,4,Provincia Autonoma Trento,P.A. Trento,541380,61432,11.35,0.14
1486,2021-03-09,PAT,1668,619,1049,978,653,37,ITH,ITH2,4,Provincia Autonoma Trento,P.A. Trento,541380,63100,11.66,0.31
1487,2021-06-17,PAT,6748,3560,3188,2044,4535,169,ITH,ITH2,4,Provincia Autonoma Trento,P.A. Trento,541380,69848,12.9,1.25
1488,2021-08-08,PAT,634,337,297,241,385,8,ITH,ITH2,4,Provincia Autonoma Trento,P.A. Trento,541380,70482,13.02,0.12
1489,2021-08-27,PAT,3791,2062,1729,926,2787,78,ITH,ITH2,4,Provincia Autonoma Trento,P.A. Trento,541380,74273,13.72,0.7
1490,2021-03-26,PAT,3274,1280,1994,2518,612,144,ITH,ITH2,4,Provincia Autonoma Trento,P.A. Trento,541380,77547,14.32,0.6
1491,2021-06-29,PAT,6422,3238,3184,2781,3533,108,ITH,ITH2,4,Provincia Autonoma Trento,P.A. Trento,541380,83969,15.51,1.19
1492,2021-06-12,PAT,5426,2716,2710,435,4941,50,ITH,ITH2,4,Provincia Autonoma Trento,P.A. Trento,541380,89395,16.51,1.0
1493,2021-03-21,PAT,136,74,62,131,0,5,ITH,ITH2,4,Provincia Autonoma Trento,P.A. Trento,541380,89531,16.54,0.03
1494,2021-05-24,PAT,4492,2077,2415,1269,3109,114,ITH,ITH2,4,Provincia Autonoma Trento,P.A. Trento,541380,94023,17.37,0.83
1495,2021-04-14,PAT,3144,1478,1666,2251,738,155,ITH,ITH2,4,Provincia Autonoma Trento,P.A. Trento,541380,97167,17.95,0.58
1496,2021-03-28,PAT,767,303,464,717,2,48,ITH,ITH2,4,Provincia Autonoma Trento,P.A. Trento,541380,97934,18.09,0.14
1497,2021-01-04,PAT,905,250,655,903,0,2,ITH,ITH2,4,Provincia Autonoma Trento,P.A. Trento,541380,98839,18.26,0.17
1498,2021-07-06,PAT,5230,2760,2470,3114,1928,188,ITH,ITH2,4,Provincia Autonoma Trento,P.A. Trento,541380,104069,19.22,0.97
1499,2021-01-18,PAT,690,168,522,631,59,0,ITH,ITH2,4,Provincia Autonoma Trento,P.A. Trento,541380,104759,19.35,0.13
1500,2021-05-22,PAT,3371,1665,1706,849,2431,91,ITH,ITH2,4,Provincia Autonoma Trento,P.A. Trento,541380,108130,19.97,0.62
1501,2021-05-29,PAT,2444,1328,1116,785,1570,89,ITH,ITH2,4,Provincia Autonoma Trento,P.A. Trento,541380,110574,20.42,0.45
1502,2021-04-02,PAT,2890,1178,1712,2042,684,164,ITH,ITH2,4,Provincia Autonoma Trento,P.A. Trento,541380,113464,20.96,0.53
1503,2021-04-16,PAT,2905,1377,1528,2597,149,159,ITH,ITH2,4,Provincia Autonoma Trento,P.A. Trento,541380,116369,21.49,0.54
1504,2021-02-18,PAT,1434,503,931,1347,69,18,ITH,ITH2,4,Provincia Autonoma Trento,P.A. Trento,541380,117803,21.76,0.26
1505,2021-07-25,PAT,365,204,161,138,218,9,ITH,ITH2,4,Provincia Autonoma Trento,P.A. Trento,541380,118168,21.83,0.07
1506,2021-08-06,PAT,6470,3564,2906,2664,3685,121,ITH,ITH2,4,Provincia Autonoma Trento,P.A. Trento,541380,124638,23.02,1.2
1507,2021-01-16,PAT,322,148,174,322,0,0,ITH,ITH2,4,Provincia Autonoma Trento,P.A. Trento,541380,124960,23.08,0.06
1508,2021-04-28,PAT,4285,1991,2294,3894,139,252,ITH,ITH2,4,Provincia Autonoma Trento,P.A. Trento,541380,129245,23.87,0.79
1509,2021-07-20,PAT,4826,2608,2218,1745,2933,148,ITH,ITH2,4,Provincia Autonoma Trento,P.A. Trento,541380,134071,24.76,0.89
1510,2021-02-20,PAT,412,247,165,124,287,1,ITH,ITH2,4,Provincia Autonoma Trento,P.A. Trento,541380,134483,24.84,0.08
1511,2021-02-16,PAT,676,248,428,660,5,11,ITH,ITH2,4,Provincia Autonoma Trento,P.A. Trento,541380,135159,24.97,0.12
1512,2021-04-23,PAT,3668,1786,1882,3431,56,181,ITH,ITH2,4,Provincia Autonoma Trento,P.A. Trento,541380,138827,25.64,0.68
1513,2021-01-30,PAT,396,136,260,155,241,0,ITH,ITH2,4,Provincia Autonoma Trento,P.A. Trento,541380,139223,25.72,0.07
1514,2021-05-10,PAT,3268,1678,1590,2532,517,219,ITH,ITH2,4,Provincia Autonoma Trento,P.A. Trento,541380,142491,26.32,0.6
1515,2021-03-14,PAT,110,67,43,19,89,2,ITH,ITH2,4,Provincia Autonoma Trento,P.A. Trento,541380,142601,26.34,0.02
1516,2021-03-07,PAT,24,6,18,24,0,0,ITH,ITH2,4,Provincia Autonoma Trento,P.A. Trento,541380,142625,26.34,0.0
1517,2021-01-09,PAT,195,42,153,195,0,0,ITH,ITH2,4,Provincia Autonoma Trento,P.A. Trento,541380,142820,26.38,0.04
1518,2021-06-24,PAT,6054,3170,2884,3655,2207,192,ITH,ITH2,4,Provincia Autonoma Trento,P.A. Trento,541380,148874,27.5,1.12
1519,2021-05-12,PAT,3347,1511,1836,1962,1219,166,ITH,ITH2,4,Provincia Autonoma Trento,P.A. Trento,541380,152221,28.12,0.62
1520,2021-03-16,PAT,1407,514,893,581,792,34,ITH,ITH2,4,Provincia Autonoma Trento,P.A. Trento,541380,153628,28.38,0.26
1521,2021-08-20,PAT,5201,2870,2331,1478,3625,98,ITH,ITH2,4,Provincia Autonoma Trento,P.A. Trento,541380,158829,29.34,0.96
1522,2021-05-14,PAT,5439,2612,2827,3711,1428,300,ITH,ITH2,4,Provincia Autonoma Trento,P.A. Trento,541380,164268,30.34,1.0
1523,2021-08-22,PAT,406,243,163,220,171,15,ITH,ITH2,4,Provincia Autonoma Trento,P.A. Trento,541380,164674,30.42,0.07
1524,2021-06-19,PAT,3146,1722,1424,236,2879,31,ITH,ITH2,4,Provincia Autonoma Trento,P.A. Trento,541380,167820,31.0,0.58
1525,2021-07-08,PAT,4162,2212,1950,2513,1482,167,ITH,ITH2,4,Provincia Autonoma Trento,P.A. Trento,541380,171982,31.77,0.77
1526,2021-02-04,PAT,1013,321,692,429,583,1,ITH,ITH2,4,Provincia Autonoma Trento,P.A. Trento,541380,172995,31.95,0.19
1527,2021-03-02,PAT,1322,445,877,910,382,30,ITH,ITH2,4,Provincia Autonoma Trento,P.A. Trento,541380,174317,32.2,0.24
1528,2021-06-10,PAT,6213,3027,3186,1813,4265,135,ITH,ITH2,4,Provincia Autonoma Trento,P.A. Trento,541380,180530,33.35,1.15
1529,2021-08-24,PAT,4601,2467,2134,1287,3221,93,ITH,ITH2,4,Provincia Autonoma Trento,P.A. Trento,541380,185131,34.2,0.85
1530,2021-07-24,PAT,994,547,447,525,445,24,ITH,ITH2,4,Provincia Autonoma Trento,P.A. Trento,541380,186125,34.38,0.18
1531,2021-05-02,PAT,3564,1979,1585,3295,39,230,ITH,ITH2,4,Provincia Autonoma Trento,P.A. Trento,541380,189689,35.04,0.66
1532,2021-08-10,PAT,5986,3198,2788,2892,2910,184,ITH,ITH2,4,Provincia Autonoma Trento,P.A. Trento,541380,195675,36.14,1.11
1533,2021-01-06,PAT,43,13,30,43,0,0,ITH,ITH2,4,Provincia Autonoma Trento,P.A. Trento,541380,195718,36.15,0.01
1534,2021-08-05,PAT,6385,3490,2895,2947,3315,123,ITH,ITH2,4,Provincia Autonoma Trento,P.A. Trento,541380,202103,37.33,1.18
1535,2021-08-12,PAT,5688,3046,2642,2184,3329,175,ITH,ITH2,4,Provincia Autonoma Trento,P.A. Trento,541380,207791,38.38,1.05
1536,2021-07-29,PAT,5476,2910,2566,2646,2713,117,ITH,ITH2,4,Provincia Autonoma Trento,P.A. Trento,541380,213267,39.39,1.01
1537,2021-06-16,PAT,6321,3414,2907,1990,4208,123,ITH,ITH2,4,Provincia Autonoma Trento,P.A. Trento,541380,219588,40.56,1.17
1538,2021-03-15,PAT,1453,573,880,929,469,55,ITH,ITH2,4,Provincia Autonoma Trento,P.A. Trento,541380,221041,40.83,0.27
1539,2021-04-01,PAT,2945,1251,1694,1745,1106,94,ITH,ITH2,4,Provincia Autonoma Trento,P.A. Trento,541380,223986,41.37,0.54
1540,2021-07-10,PAT,1097,564,533,149,920,28,ITH,ITH2,4,Provincia Autonoma Trento,P.A. Trento,541380,225083,41.58,0.2
1541,2021-03-23,PAT,2483,962,1521,1628,755,100,ITH,ITH2,4,Provincia Autonoma Trento,P.A. Trento,541380,227566,42.03,0.46
1542,2021-05-28,PAT,3805,1768,2037,1399,2265,141,ITH,ITH2,4,Provincia Autonoma Trento,P.A. Trento,541380,231371,42.74,0.7
1543,2021-01-25,PAT,849,231,618,25,824,0,ITH,ITH2,4,Provincia Autonoma Trento,P.A. Trento,541380,232220,42.89,0.16
1544,2021-03-25,PAT,2915,1127,1788,1742,1060,113,ITH,ITH2,4,Provincia Autonoma Trento,P.A. Trento,541380,235135,43.43,0.54
1545,2021-07-03,PAT,1268,681,587,78,1185,5,ITH,ITH2,4,Provincia Autonoma Trento,P.A. Trento,541380,236403,43.67,0.23
1546,2021-01-08,PAT,1537,341,1196,1536,0,1,ITH,ITH2,4,Provincia Autonoma Trento,P.A. Trento,541380,237940,43.95,0.28
1547,2021-06-14,PAT,5815,3009,2806,2043,3656,116,ITH,ITH2,4,Provincia Autonoma Trento,P.A. Trento,541380,243755,45.02,1.07
1548,2021-04-18,PAT,1864,849,1015,1796,9,59,ITH,ITH2,4,Provincia Autonoma Trento,P.A. Trento,541380,245619,45.37,0.34
1549,2021-03-06,PAT,808,285,523,614,152,42,ITH,ITH2,4,Provincia Autonoma Trento,P.A. Trento,541380,246427,45.52,0.15
1550,2021-04-11,PAT,2392,1161,1231,2201,99,92,ITH,ITH2,4,Provincia Autonoma Trento,P.A. Trento,541380,248819,45.96,0.44
1551,2021-04-13,PAT,2617,1089,1528,2027,509,81,ITH,ITH2,4,Provincia Autonoma Trento,P.A. Trento,541380,251436,46.44,0.48
1552,2021-01-20,PAT,308,77,231,296,12,0,ITH,ITH2,4,Provincia Autonoma Trento,P.A. Trento,541380,251744,46.5,0.06
1553,2021-04-30,PAT,4991,2433,2558,4444,163,384,ITH,ITH2,4,Provincia Autonoma Trento,P.A. Trento,541380,256735,47.42,0.92
1554,2021-05-19,PAT,5194,2512,2682,3671,1273,250,ITH,ITH2,4,Provincia Autonoma Trento,P.A. Trento,541380,261929,48.38,0.96
1555,2021-02-08,PAT,1194,333,861,347,847,0,ITH,ITH2,4,Provincia Autonoma Trento,P.A. Trento,541380,263123,48.6,0.22
1556,2021-08-29,PAT,615,346,269,310,281,24,ITH,ITH2,4,Provincia Autonoma Trento,P.A. Trento,541380,263738,48.72,0.11
1557,2021-03-13,PAT,965,496,469,841,48,76,ITH,ITH2,4,Provincia Autonoma Trento,P.A. Trento,541380,264703,48.89,0.18
1558,2021-07-05,PAT,5429,2849,2580,3794,1390,245,ITH,ITH2,4,Provincia Autonoma Trento,P.A. Trento,541380,270132,49.9,1.0
1559,2021-06-21,PAT,6259,3387,2872,3649,2425,185,ITH,ITH2,4,Provincia Autonoma Trento,P.A. Trento,541380,276391,51.05,1.16
1560,2021-03-04,PAT,2388,807,1581,1556,790,42,ITH,ITH2,4,Provincia Autonoma Trento,P.A. Trento,541380,278779,51.49,0.44
1561,2021-01-27,PAT,873,310,563,115,756,2,ITH,ITH2,4,Provincia Autonoma Trento,P.A. Trento,541380,279652,51.66,0.16
1562,2021-02-13,PAT,540,335,205,172,368,0,ITH,ITH2,4,Provincia Autonoma Trento,P.A. Trento,541380,280192,51.76,0.1
1563,2021-04-29,PAT,4698,2263,2435,4170,214,314,ITH,ITH2,4,Provincia Autonoma Trento,P.A. Trento,541380,284890,52.62,0.87
1564,2021-08-07,PAT,1622,929,693,817,769,36,ITH,ITH2,4,Provincia Autonoma Trento,P.A. Trento,541380,286512,52.92,0.3
1565,2021-01-22,PAT,1748,459,1289,350,1396,2,ITH,ITH2,4,Provincia Autonoma Trento,P.A. Trento,541380,288260,53.25,0.32
1566,2021-02-05,PAT,835,288,547,285,550,0,ITH,ITH2,4,Provincia Autonoma Trento,P.A. Trento,541380,289095,53.4,0.15
1567,2021-05-16,PAT,1358,756,602,1041,248,69,ITH,ITH2,4,Provincia Autonoma Trento,P.A. Trento,541380,290453,53.65,0.25
1568,2021-01-05,PAT,759,262,497,759,0,0,ITH,ITH2,4,Provincia Autonoma Trento,P.A. Trento,541380,291212,53.79,0.14
1569,2021-04-15,PAT,3233,1458,1775,2830,156,247,ITH,ITH2,4,Provincia Autonoma Trento,P.A. Trento,541380,294445,54.39,0.6
1570,2021-08-19,PAT,4620,2480,2140,1101,3436,83,ITH,ITH2,4,Provincia Autonoma Trento,P.A. Trento,541380,299065,55.24,0.85
1571,2021-01-17,PAT,255,199,56,255,0,0,ITH,ITH2,4,Provincia Autonoma Trento,P.A. Trento,541380,299320,55.29,0.05
1572,2021-06-23,PAT,6692,3546,3146,4627,1871,194,ITH,ITH2,4,Provincia Autonoma Trento,P.A. Trento,541380,306012,56.52,1.24
1573,2021-05-11,PAT,3741,1767,1974,2641,862,238,ITH,ITH2,4,Provincia Autonoma Trento,P.A. Trento,541380,309753,57.22,0.69
1574,2021-04-27,PAT,3953,1900,2053,3595,70,288,ITH,ITH2,4,Provincia Autonoma Trento,P.A. Trento,541380,313706,57.95,0.73
1575,2021-05-04,PAT,4570,2490,2080,4169,97,304,ITH,ITH2,4,Provincia Autonoma Trento,P.A. Trento,541380,318276,58.79,0.84
1576,2021-03-30,PAT,2465,998,1467,1671,692,102,ITH,ITH2,4,Provincia Autonoma Trento,P.A. Trento,541380,320741,59.25,0.46
1577,2021-06-02,PAT,2880,1381,1499,897,1915,68,ITH,ITH2,4,Provincia Autonoma Trento,P.A. Trento,541380,323621,59.78,0.53
1578,2021-03-11,PAT,2615,980,1635,1504,1051,60,ITH,ITH2,4,Provincia Autonoma Trento,P.A. Trento,541380,326236,60.26,0.48
1579,2021-07-22,PAT,4775,2586,2189,1901,2737,137,ITH,ITH2,4,Provincia Autonoma Trento,P.A. Trento,541380,331011,61.14,0.88
1580,2021-07-07,PAT,4524,2428,2096,2923,1404,197,ITH,ITH2,4,Provincia Autonoma Trento,P.A. Trento,541380,335535,61.98,0.84
1581,2021-02-27,PAT,1053,468,585,605,428,20,ITH,ITH2,4,Provincia Autonoma Trento,P.A. Trento,541380,336588,62.17,0.19
1582,2021-08-03,PAT,6206,3354,2852,2485,3595,126,ITH,ITH2,4,Provincia Autonoma Trento,P.A. Trento,541380,342794,63.32,1.15
1583,2021-01-01,PAT,222,51,171,222,0,0,ITH,ITH2,4,Provincia Autonoma Trento,P.A. Trento,541380,343016,63.36,0.04
1584,2021-06-07,PAT,5880,2925,2955,2680,3023,177,ITH,ITH2,4,Provincia Autonoma Trento,P.A. Trento,541380,348896,64.45,1.09
1585,2021-04-25,PAT,2002,952,1050,1873,7,122,ITH,ITH2,4,Provincia Autonoma Trento,P.A. Trento,541380,350898,64.82,0.37
1586,2021-05-07,PAT,6089,3131,2958,4854,853,382,ITH,ITH2,4,Provincia Autonoma Trento,P.A. Trento,541380,356987,65.94,1.12
1587,2021-04-20,PAT,2908,1387,1521,2689,37,182,ITH,ITH2,4,Provincia Autonoma Trento,P.A. Trento,541380,359895,66.48,0.54
1588,2021-05-09,PAT,2354,1225,1129,1871,347,136,ITH,ITH2,4,Provincia Autonoma Trento,P.A. Trento,541380,362249,66.91,0.43
1589,2021-08-17,PAT,5433,2876,2557,1931,3373,129,ITH,ITH2,4,Provincia Autonoma Trento,P.A. Trento,541380,367682,67.92,1.0
1590,2021-02-15,PAT,547,193,354,419,126,2,ITH,ITH2,4,Provincia Autonoma Trento,P.A. Trento,541380,368229,68.02,0.1
1591,2021-05-26,PAT,3961,1868,2093,1117,2722,122,ITH,ITH2,4,Provincia Autonoma Trento,P.A. Trento,541380,372190,68.75,0.73
1592,2021-08-02,PAT,5374,2852,2522,1607,3701,66,ITH,ITH2,4,Provincia Autonoma Trento,P.A. Trento,541380,377564,69.74,0.99
1593,2021-07-17,PAT,1099,537,562,271,809,19,ITH,ITH2,4,Provincia Autonoma Trento,P.A. Trento,541380,378663,69.94,0.2
1594,2021-05-21,PAT,5211,2504,2707,3137,1802,272,ITH,ITH2,4,Provincia Autonoma Trento,P.A. Trento,541380,383874,70.91,0.96
1595,2021-02-01,PAT,1278,356,922,98,1180,0,ITH,ITH2,4,Provincia Autonoma Trento,P.A. Trento,541380,385152,71.14,0.24
1596,2021-08-31,PAT,3741,1940,1801,964,2691,86,ITH,ITH2,4,Provincia Autonoma Trento,P.A. Trento,541380,388893,71.83,0.69
1597,2021-02-03,PAT,876,325,551,416,460,0,ITH,ITH2,4,Provincia Autonoma Trento,P.A. Trento,541380,389769,72.0,0.16
1598,2021-06-18,PAT,7064,3758,3306,1784,5188,92,ITH,ITH2,4,Provincia Autonoma Trento,P.A. Trento,541380,396833,73.3,1.3
1599,2021-03-27,PAT,1671,746,925,1324,263,84,ITH,ITH2,4,Provincia Autonoma Trento,P.A. Trento,541380,398504,73.61,0.31
1600,2021-06-04,PAT,5927,2650,3277,1732,4062,133,ITH,ITH2,4,Provincia Autonoma Trento,P.A. Trento,541380,404431,74.7,1.09
1601,2021-02-24,PAT,1371,541,830,942,405,24,ITH,ITH2,4,Provincia Autonoma Trento,P.A. Trento,541380,405802,74.96,0.25
1602,2021-03-08,PAT,1426,439,987,1042,354,30,ITH,ITH2,4,Provincia Autonoma Trento,P.A. Trento,541380,407228,75.22,0.26
1603,2021-03-22,PAT,2349,995,1354,1406,885,58,ITH,ITH2,4,Provincia Autonoma Trento,P.A. Trento,541380,409577,75.65,0.43
1604,2021-01-24,PAT,562,285,277,226,336,0,ITH,ITH2,4,Provincia Autonoma Trento,P.A. Trento,541380,410139,75.76,0.1
1605,2021-06-30,PAT,6867,3528,3339,2700,4053,114,ITH,ITH2,4,Provincia Autonoma Trento,P.A. Trento,541380,417006,77.03,1.27
1606,2021-06-06,PAT,2267,1079,1188,431,1815,21,ITH,ITH2,4,Provincia Autonoma Trento,P.A. Trento,541380,419273,77.45,0.42
1607,2021-07-12,PAT,4267,2148,2119,2038,2040,189,ITH,ITH2,4,Provincia Autonoma Trento,P.A. Trento,541380,423540,78.23,0.79
1608,2021-02-17,PAT,1174,450,724,1057,112,5,ITH,ITH2,4,Provincia Autonoma Trento,P.A. Trento,541380,424714,78.45,0.22
1609,2021-05-30,PAT,1777,876,901,865,843,69,ITH,ITH2,4,Provincia Autonoma Trento,P.A. Trento,541380,426491,78.78,0.33
1610,2021-01-03,PAT,502,166,336,502,0,0,ITH,ITH2,4,Provincia Autonoma Trento,P.A. Trento,541380,426993,78.87,0.09
1611,2021-07-21,PAT,4705,2520,2185,1526,3085,94,ITH,ITH2,4,Provincia Autonoma Trento,P.A. Trento,541380,431698,79.74,0.87
1612,2021-08-09,PAT,5344,2849,2495,2280,2923,141,ITH,ITH2,4,Provincia Autonoma Trento,P.A. Trento,541380,437042,80.73,0.99
1613,2021-08-26,PAT,4119,2161,1958,1068,2954,97,ITH,ITH2,4,Provincia Autonoma Trento,P.A. Trento,541380,441161,81.49,0.76
1614,2021-02-22,PAT,755,262,493,663,86,6,ITH,ITH2,4,Provincia Autonoma Trento,P.A. Trento,541380,441916,81.63,0.14
1615,2021-08-28,PAT,1330,817,513,545,748,37,ITH,ITH2,4,Provincia Autonoma Trento,P.A. Trento,541380,443246,81.87,0.25
1616,2021-08-21,PAT,1322,786,536,605,679,38,ITH,ITH2,4,Provincia Autonoma Trento,P.A. Trento,541380,444568,82.12,0.24
1617,2021-06-25,PAT,7781,4149,3632,4195,3442,144,ITH,ITH2,4,Provincia Autonoma Trento,P.A. Trento,541380,452349,83.55,1.44
1618,2021-08-14,PAT,289,155,134,49,237,3,ITH,ITH2,4,Provincia Autonoma Trento,P.A. Trento,541380,452638,83.61,0.05
1619,2021-06-03,PAT,4843,2279,2564,1237,3514,92,ITH,ITH2,4,Provincia Autonoma Trento,P.A. Trento,541380,457481,84.5,0.89
1620,2021-01-19,PAT,434,89,345,434,0,0,ITH,ITH2,4,Provincia Autonoma Trento,P.A. Trento,541380,457915,84.58,0.08
1621,2021-07-23,PAT,4752,2436,2316,1669,2952,131,ITH,ITH2,4,Provincia Autonoma Trento,P.A. Trento,541380,462667,85.46,0.88
1622,2021-07-19,PAT,4807,2530,2277,1455,3223,129,ITH,ITH2,4,Provincia Autonoma Trento,P.A. Trento,541380,467474,86.35,0.89
1623,2021-05-23,PAT,1995,1015,980,432,1535,28,ITH,ITH2,4,Provincia Autonoma Trento,P.A. Trento,541380,469469,86.72,0.37
1624,2021-04-10,PAT,2876,1352,1524,1994,803,79,ITH,ITH2,4,Provincia Autonoma Trento,P.A. Trento,541380,472345,87.25,0.53
1625,2021-01-31,PAT,77,16,61,1,76,0,ITH,ITH2,4,Provincia Autonoma Trento,P.A. Trento,541380,472422,87.26,0.01
1626,2021-07-04,PAT,225,125,100,66,157,2,ITH,ITH2,4,Provincia Autonoma Trento,P.A. Trento,541380,472647,87.3,0.04
1627,2021-08-30,PAT,3833,1965,1868,1163,2563,107,ITH,ITH2,4,Provincia Autonoma Trento,P.A. Trento,541380,476480,88.01,0.71
1628,2021-04-03,PAT,1178,485,693,933,177,68,ITH,ITH2,4,Provincia Autonoma Trento,P.A. Trento,541380,477658,88.23,0.22
1629,2021-04-24,PAT,3580,1714,1866,3353,16,211,ITH,ITH2,4,Provincia Autonoma Trento,P.A. Trento,541380,481238,88.89,0.66
1630,2021-02-26,PAT,1257,445,812,933,299,25,ITH,ITH2,4,Provincia Autonoma Trento,P.A. Trento,541380,482495,89.12,0.23
1631,2021-01-14,PAT,731,218,513,729,0,2,ITH,ITH2,4,Provincia Autonoma Trento,P.A. Trento,541380,483226,89.26,0.14
1632,2021-03-10,PAT,2482,973,1509,1471,947,64,ITH,ITH2,4,Provincia Autonoma Trento,P.A. Trento,541380,485708,89.72,0.46
1633,2021-05-18,PAT,4319,2046,2273,3170,867,282,ITH,ITH2,4,Provincia Autonoma Trento,P.A. Trento,541380,490027,90.51,0.8
1634,2021-03-12,PAT,2602,991,1611,1711,815,76,ITH,ITH2,4,Provincia Autonoma Trento,P.A. Trento,541380,492629,91.0,0.48
1635,2021-06-20,PAT,1900,1050,850,31,1864,5,ITH,ITH2,4,Provincia Autonoma Trento,P.A. Trento,541380,494529,91.35,0.35
1636,2021-07-02,PAT,7415,4031,3384,3587,3593,235,ITH,ITH2,4,Provincia Autonoma Trento,P.A. Trento,541380,501944,92.72,1.37
1637,2021-01-15,PAT,628,149,479,627,0,1,ITH,ITH2,4,Provincia Autonoma Trento,P.A. Trento,541380,502572,92.83,0.12
1638,2021-05-20,PAT,5118,2406,2712,3149,1687,282,ITH,ITH2,4,Provincia Autonoma Trento,P.A. Trento,541380,507690,93.78,0.95
1639,2021-03-24,PAT,2415,963,1452,1469,827,119,ITH,ITH2,4,Provincia Autonoma Trento,P.A. Trento,541380,510105,94.22,0.45
1640,2021-02-09,PAT,952,303,649,448,503,1,ITH,ITH2,4,Provincia Autonoma Trento,P.A. Trento,541380,511057,94.4,0.18
1641,2021-08-23,PAT,4334,2288,2046,1426,2743,165,ITH,ITH2,4,Provincia Autonoma Trento,P.A. Trento,541380,515391,95.2,0.8
1642,2021-07-11,PAT,1035,566,469,132,894,9,ITH,ITH2,4,Provincia Autonoma Trento,P.A. Trento,541380,516426,95.39,0.19
1643,2021-02-10,PAT,872,295,577,513,358,1,ITH,ITH2,4,Provincia Autonoma Trento,P.A. Trento,541380,517298,95.55,0.16
1644,2021-07-26,PAT,3898,2056,1842,836,2996,66,ITH,ITH2,4,Provincia Autonoma Trento,P.A. Trento,541380,521196,96.27,0.72
1645,2021-04-08,PAT,3177,1333,1844,1949,1133,95,ITH,ITH2,4,Provincia Autonoma Trento,P.A. Trento,541380,524373,96.86,0.59
1646,2021-01-10,PAT,87,20,67,87,0,0,ITH,ITH2,4,Provincia Autonoma Trento,P.A. Trento,541380,524460,96.87,0.02
1647,2021-01-29,PAT,1425,363,1062,56,1369,0,ITH,ITH2,4,Provincia Autonoma Trento,P.A. Trento,541380,525885,97.14,0.26
1648,2021-07-14,PAT,4185,2175,2010,1714,2354,117,ITH,ITH2,4,Provincia Autonoma Trento,P.A. Trento,541380,530070,97.91,0.77
1649,2021-04-22,PAT,3174,1481,1693,2946,46,182,ITH,ITH2,4,Provincia Autonoma Trento,P.A. Trento,541380,533244,98.5,0.59
1650,2021-07-31,PAT,1495,856,639,1073,383,39,ITH,ITH2,4,Provincia Autonoma Trento,P.A. Trento,541380,534739,98.77,0.28
1651,2021-02-28,PAT,246,122,124,236,0,10,ITH,ITH2,4,Provincia Autonoma Trento,P.A. Trento,541380,534985,98.82,0.05
1652,2021-08-04,PAT,6207,3311,2896,2571,3498,138,ITH,ITH2,4,Provincia Autonoma Trento,P.A. Trento,541380,541192,99.97,1.15
1653,2021-06-08,PAT,6042,2917,3125,1788,4132,122,ITH,ITH2,4,Provincia Autonoma Trento,P.A. Trento,541380,547234,101.08,1.12
1654,2021-04-26,PAT,2676,1260,1416,2411,96,169,ITH,ITH2,4,Provincia Autonoma Trento,P.A. Trento,541380,549910,101.58,0.49
1655,2021-02-19,PAT,945,366,579,847,65,33,ITH,ITH2,4,Provincia Autonoma Trento,P.A. Trento,541380,550855,101.75,0.17
1656,2021-03-17,PAT,2130,812,1318,1131,906,93,ITH,ITH2,4,Provincia Autonoma Trento,P.A. Trento,541380,552985,102.14,0.39
1657,2021-02-02,PAT,942,254,688,192,750,0,ITH,ITH2,4,Provincia Autonoma Trento,P.A. Trento,541380,553927,102.32,0.17
1658,2021-07-09,PAT,5147,2729,2418,3042,1883,222,ITH,ITH2,4,Provincia Autonoma Trento,P.A. Trento,541380,559074,103.27,0.95
1659,2021-05-13,PAT,3455,1605,1850,2102,1126,227,ITH,ITH2,4,Provincia Autonoma Trento,P.A. Trento,541380,562529,103.91,0.64
1660,2021-01-02,PAT,522,149,373,522,0,0,ITH,ITH2,4,Provincia Autonoma Trento,P.A. Trento,541380,563051,104.0,0.1
1661,2021-03-29,PAT,2564,1010,1554,1694,742,128,ITH,ITH2,4,Provincia Autonoma Trento,P.A. Trento,541380,565615,104.48,0.47
1662,2021-04-12,PAT,3156,1455,1701,2527,504,125,ITH,ITH2,4,Provincia Autonoma Trento,P.A. Trento,541380,568771,105.06,0.58
1663,2021-01-21,PAT,376,104,272,247,129,0,ITH,ITH2,4,Provincia Autonoma Trento,P.A. Trento,541380,569147,105.13,0.07
1664,2021-05-01,PAT,4888,2486,2402,4554,37,297,ITH,ITH2,4,Provincia Autonoma Trento,P.A. Trento,541380,574035,106.03,0.9
1665,2021-04-07,PAT,2652,1027,1625,1575,954,123,ITH,ITH2,4,Provincia Autonoma Trento,P.A. Trento,541380,576687,106.52,0.49
1666,2021-07-16,PAT,4596,2368,2228,1739,2704,153,ITH,ITH2,4,Provincia Autonoma Trento,P.A. Trento,541380,581283,107.37,0.85
1667,2021-06-27,PAT,1368,735,633,396,961,11,ITH,ITH2,4,Provincia Autonoma Trento,P.A. Trento,541380,582651,107.62,0.25
1668,2020-12-31,PAT,1701,480,1221,1701,0,0,ITH,ITH2,4,Provincia Autonoma Trento,P.A. Trento,541380,584352,107.94,0.31
1669,2021-06-22,PAT,6383,3479,2904,3628,2568,187,ITH,ITH2,4,Provincia Autonoma Trento,P.A. Trento,541380,590735,109.12,1.18
1670,2021-03-05,PAT,2306,736,1570,1641,569,96,ITH,ITH2,4,Provincia Autonoma Trento,P.A. Trento,541380,593041,109.54,0.43
1671,2021-01-07,PAT,1301,328,973,1298,0,3,ITH,ITH2,4,Provincia Autonoma Trento,P.A. Trento,541380,594342,109.78,0.24
1672,2021-08-11,PAT,5835,3145,2690,3082,2593,160,ITH,ITH2,4,Provincia Autonoma Trento,P.A. Trento,541380,600177,110.86,1.08
1673,2021-02-21,PAT,158,95,63,44,114,0,ITH,ITH2,4,Provincia Autonoma Trento,P.A. Trento,541380,600335,110.89,0.03
1674,2021-05-15,PAT,1604,832,772,649,914,41,ITH,ITH2,4,Provincia Autonoma Trento,P.A. Trento,541380,601939,111.19,0.3
1675,2021-06-01,PAT,4103,1925,2178,1082,2910,111,ITH,ITH2,4,Provincia Autonoma Trento,P.A. Trento,541380,606042,111.94,0.76
1676,2021-03-31,PAT,2621,1001,1620,1654,868,99,ITH,ITH2,4,Provincia Autonoma Trento,P.A. Trento,541380,608663,112.43,0.48
1677,2021-01-26,PAT,577,173,404,28,549,0,ITH,ITH2,4,Provincia Autonoma Trento,P.A. Trento,541380,609240,112.53,0.11
1678,2021-05-06,PAT,5614,2793,2821,4446,793,375,ITH,ITH2,4,Provincia Autonoma Trento,P.A. Trento,541380,614854,113.57,1.04
1679,2021-01-12,PAT,541,173,368,540,0,1,ITH,ITH2,4,Provincia Autonoma Trento,P.A. Trento,541380,615395,113.67,0.1
1680,2021-03-19,PAT,2467,925,1542,1503,881,83,ITH,ITH2,4,Provincia Autonoma Trento,P.A. Trento,541380,617862,114.13,0.46
1681,2021-04-05,PAT,35,17,18,30,2,3,ITH,ITH2,4,Provincia Autonoma Trento,P.A. Trento,541380,617897,114.13,0.01
1682,2021-04-17,PAT,2251,1146,1105,2089,57,105,ITH,ITH2,4,Provincia Autonoma Trento,P.A. Trento,541380,620148,114.55,0.42
1683,2021-04-19,PAT,2646,1244,1402,2430,23,193,ITH,ITH2,4,Provincia Autonoma Trento,P.A. Trento,541380,622794,115.04,0.49
1684,2021-07-28,PAT,4865,2668,2197,2161,2571,133,ITH,ITH2,4,Provincia Autonoma Trento,P.A. Trento,541380,627659,115.94,0.9
1685,2021-06-15,PAT,6327,3339,2988,1630,4564,133,ITH,ITH2,4,Provincia Autonoma Trento,P.A. Trento,541380,633986,117.11,1.17
1686,2021-03-18,PAT,2335,964,1371,1222,1089,24,ITH,ITH2,4,Provincia Autonoma Trento,P.A. Trento,541380,636321,117.54,0.43
1687,2021-06-09,PAT,6324,3121,3203,2115,4127,82,ITH,ITH2,4,Provincia Autonoma Trento,P.A. Trento,541380,642645,118.7,1.17
1688,2021-06-26,PAT,1435,753,682,680,726,29,ITH,ITH2,4,Provincia Autonoma Trento,P.A. Trento,541380,644080,118.97,0.27
1689,2021-06-28,PAT,6947,3596,3351,2972,3869,106,ITH,ITH2,4,Provincia Autonoma Trento,P.A. Trento,541380,651027,120.25,1.28
1690,2021-04-06,PAT,2288,969,1319,1459,770,59,ITH,ITH2,4,Provincia Autonoma Trento,P.A. Trento,541380,653315,120.68,0.42
1691,2021-07-15,PAT,4296,2299,1997,1791,2362,143,ITH,ITH2,4,Provincia Autonoma Trento,P.A. Trento,541380,657611,121.47,0.79
1692,2021-01-13,PAT,444,131,313,444,0,0,ITH,ITH2,4,Provincia Autonoma Trento,P.A. Trento,541380,658055,121.55,0.08
1693,2021-02-12,PAT,1033,346,687,592,439,2,ITH,ITH2,4,Provincia Autonoma Trento,P.A. Trento,541380,659088,121.74,0.19
1694,2021-03-01,PAT,1254,460,794,929,301,24,ITH,ITH2,4,Provincia Autonoma Trento,P.A. Trento,541380,660342,121.97,0.23
1695,2021-03-20,PAT,888,409,479,663,211,14,ITH,ITH2,4,Provincia Autonoma Trento,P.A. Trento,541380,661230,122.14,0.16
1696,2021-03-03,PAT,1672,628,1044,1115,520,37,ITH,ITH2,4,Provincia Autonoma Trento,P.A. Trento,541380,662902,122.45,0.31
1697,2021-06-11,PAT,7304,3475,3829,1492,5708,104,ITH,ITH2,4,Provincia Autonoma Trento,P.A. Trento,541380,670206,123.8,1.35
1698,2021-06-13,PAT,3733,2060,1673,280,3430,23,ITH,ITH2,4,Provincia Autonoma Trento,P.A. Trento,541380,673939,124.49,0.69
1699,2020-12-27,PAT,107,43,64,107,0,0,ITH,ITH2,4,Provincia Autonoma Trento,P.A. Trento,541380,674046,124.51,0.02
1700,2021-07-30,PAT,5842,3095,2747,2293,3445,104,ITH,ITH2,4,Provincia Autonoma Trento,P.A. Trento,541380,679888,125.58,1.08
1701,2021-08-16,PAT,4840,2558,2282,1805,2927,108,ITH,ITH2,4,Provincia Autonoma Trento,P.A. Trento,541380,684728,126.48,0.89
1702,2021-05-25,PAT,4866,2315,2551,1743,2974,149,ITH,ITH2,4,Provincia Autonoma Trento,P.A. Trento,541380,689594,127.38,0.9
1703,2021-05-08,PAT,3195,1743,1452,2571,426,198,ITH,ITH2,4,Provincia Autonoma Trento,P.A. Trento,541380,692789,127.97,0.59
1704,2021-02-14,PAT,250,189,61,11,239,0,ITH,ITH2,4,Provincia Autonoma Trento,P.A. Trento,541380,693039,128.01,0.05
1705,2021-08-18,PAT,4633,2552,2081,1428,3118,87,ITH,ITH2,4,Provincia Autonoma Trento,P.A. Trento,541380,697672,128.87,0.86
1706,2021-05-27,PAT,4379,2034,2345,1165,3081,133,ITH,ITH2,4,Provincia Autonoma Trento,P.A. Trento,541380,702051,129.68,0.81
1707,2021-06-27,MOL,2378,1127,1251,1135,1232,11,ITF,ITF2,14,Molise,Molise,305617,2378,0.78,0.78
1708,2021-01-07,MOL,600,209,391,600,0,0,ITF,ITF2,14,Molise,Molise,305617,2978,0.97,0.2
1709,2021-02-12,MOL,336,151,185,211,124,1,ITF,ITF2,14,Molise,Molise,305617,3314,1.08,0.11
1710,2021-08-11,MOL,2021,1057,964,1148,815,58,ITF,ITF2,14,Molise,Molise,305617,5335,1.75,0.66
1711,2021-01-12,MOL,336,114,222,336,0,0,ITF,ITF2,14,Molise,Molise,305617,5671,1.86,0.11
1712,2021-07-14,MOL,3409,1669,1740,198,3195,16,ITF,ITF2,14,Molise,Molise,305617,9080,2.97,1.12
1713,2021-04-05,MOL,391,189,202,292,99,0,ITF,ITF2,14,Molise,Molise,305617,9471,3.1,0.13
1714,2021-03-29,MOL,2039,836,1203,1518,489,32,ITF,ITF2,14,Molise,Molise,305617,11510,3.77,0.67
1715,2021-01-31,MOL,268,70,198,6,262,0,ITF,ITF2,14,Molise,Molise,305617,11778,3.85,0.09
1716,2021-05-01,MOL,2654,1272,1382,407,2228,19,ITF,ITF2,14,Molise,Molise,305617,14432,4.72,0.87
1717,2021-03-05,MOL,1228,653,575,1007,208,13,ITF,ITF2,14,Molise,Molise,305617,15660,5.12,0.4
1718,2021-08-09,MOL,3439,1779,1660,1631,1759,49,ITF,ITF2,14,Molise,Molise,305617,19099,6.25,1.13
1719,2021-06-13,MOL,2914,1552,1362,2547,328,39,ITF,ITF2,14,Molise,Molise,305617,22013,7.2,0.95
1720,2021-04-17,MOL,3063,1507,1556,1543,1493,27,ITF,ITF2,14,Molise,Molise,305617,25076,8.21,1.0
1721,2021-03-24,MOL,1634,658,976,1214,402,18,ITF,ITF2,14,Molise,Molise,305617,26710,8.74,0.53
1722,2021-07-02,MOL,2691,1305,1386,136,2546,9,ITF,ITF2,14,Molise,Molise,305617,29401,9.62,0.88
1723,2021-07-04,MOL,2155,1088,1067,581,1551,23,ITF,ITF2,14,Molise,Molise,305617,31556,10.33,0.71
1724,2021-02-07,MOL,67,32,35,20,47,0,ITF,ITF2,14,Molise,Molise,305617,31623,10.35,0.02
1725,2021-05-18,MOL,1663,887,776,998,658,7,ITF,ITF2,14,Molise,Molise,305617,33286,10.89,0.54
1726,2021-03-22,MOL,1153,443,710,891,245,17,ITF,ITF2,14,Molise,Molise,305617,34439,11.27,0.38
1727,2021-07-23,MOL,2920,1520,1400,874,1992,54,ITF,ITF2,14,Molise,Molise,305617,37359,12.22,0.96
1728,2021-08-28,MOL,1707,949,758,631,1060,16,ITF,ITF2,14,Molise,Molise,305617,39066,12.78,0.56
1729,2021-01-26,MOL,450,184,266,8,442,0,ITF,ITF2,14,Molise,Molise,305617,39516,12.93,0.15
1730,2021-05-06,MOL,2700,1222,1478,2049,606,45,ITF,ITF2,14,Molise,Molise,305617,42216,13.81,0.88
1731,2021-07-28,MOL,2442,1294,1148,1143,1267,32,ITF,ITF2,14,Molise,Molise,305617,44658,14.61,0.8
1732,2021-08-23,MOL,1721,932,789,270,1438,13,ITF,ITF2,14,Molise,Molise,305617,46379,15.18,0.56
1733,2021-02-19,MOL,171,95,76,169,2,0,ITF,ITF2,14,Molise,Molise,305617,46550,15.23,0.06
1734,2021-03-10,MOL,1745,722,1023,1673,50,22,ITF,ITF2,14,Molise,Molise,305617,48295,15.8,0.57
1735,2021-06-01,MOL,2613,1328,1285,2465,108,40,ITF,ITF2,14,Molise,Molise,305617,50908,16.66,0.85
1736,2021-08-16,MOL,1782,923,859,825,941,16,ITF,ITF2,14,Molise,Molise,305617,52690,17.24,0.58
1737,2021-03-15,MOL,834,340,494,570,245,19,ITF,ITF2,14,Molise,Molise,305617,53524,17.51,0.27
1738,2021-02-24,MOL,671,281,390,326,337,8,ITF,ITF2,14,Molise,Molise,305617,54195,17.73,0.22
1739,2021-07-16,MOL,3074,1558,1516,385,2661,28,ITF,ITF2,14,Molise,Molise,305617,57269,18.74,1.01
1740,2021-07-09,MOL,3440,1652,1788,167,3255,18,ITF,ITF2,14,Molise,Molise,305617,60709,19.86,1.13
1741,2021-06-20,MOL,423,174,249,48,371,4,ITF,ITF2,14,Molise,Molise,305617,61132,20.0,0.14
1742,2021-04-24,MOL,2560,1208,1352,698,1847,15,ITF,ITF2,14,Molise,Molise,305617,63692,20.84,0.84
1743,2021-02-26,MOL,564,261,303,490,73,1,ITF,ITF2,14,Molise,Molise,305617,64256,21.03,0.18
1744,2021-08-02,MOL,2703,1410,1293,1193,1466,44,ITF,ITF2,14,Molise,Molise,305617,66959,21.91,0.88
1745,2021-06-06,MOL,2091,1075,1016,1749,324,18,ITF,ITF2,14,Molise,Molise,305617,69050,22.59,0.68
1746,2021-03-19,MOL,1187,483,704,742,428,17,ITF,ITF2,14,Molise,Molise,305617,70237,22.98,0.39
1747,2021-01-21,MOL,6,2,4,6,0,0,ITF,ITF2,14,Molise,Molise,305617,70243,22.98,0.0
1748,2021-01-17,MOL,78,38,40,48,30,0,ITF,ITF2,14,Molise,Molise,305617,70321,23.01,0.03
1749,2021-04-10,MOL,2647,1264,1383,2456,152,39,ITF,ITF2,14,Molise,Molise,305617,72968,23.88,0.87
1750,2021-02-05,MOL,595,270,325,55,540,0,ITF,ITF2,14,Molise,Molise,305617,73563,24.07,0.19
1751,2021-01-19,MOL,174,63,111,163,11,0,ITF,ITF2,14,Molise,Molise,305617,73737,24.13,0.06
1752,2021-04-29,MOL,2244,1148,1096,878,1351,15,ITF,ITF2,14,Molise,Molise,305617,75981,24.86,0.73
1753,2021-04-12,MOL,1300,557,743,1038,251,11,ITF,ITF2,14,Molise,Molise,305617,77281,25.29,0.43
1754,2021-07-21,MOL,2071,1041,1030,784,1247,40,ITF,ITF2,14,Molise,Molise,305617,79352,25.96,0.68
1755,2021-05-20,MOL,2678,1381,1297,2405,189,84,ITF,ITF2,14,Molise,Molise,305617,82030,26.84,0.88
1756,2021-05-25,MOL,1972,890,1082,1304,632,36,ITF,ITF2,14,Molise,Molise,305617,84002,27.49,0.65
1757,2021-01-04,MOL,314,131,183,314,0,0,ITF,ITF2,14,Molise,Molise,305617,84316,27.59,0.1
1758,2021-03-17,MOL,914,386,528,521,333,60,ITF,ITF2,14,Molise,Molise,305617,85230,27.89,0.3
1759,2021-06-25,MOL,3447,1694,1753,1474,1917,56,ITF,ITF2,14,Molise,Molise,305617,88677,29.02,1.13
1760,2021-06-08,MOL,2900,1601,1299,2201,696,3,ITF,ITF2,14,Molise,Molise,305617,91577,29.96,0.95
1761,2021-05-13,MOL,3051,1418,1633,2538,460,53,ITF,ITF2,14,Molise,Molise,305617,94628,30.96,1.0
1762,2021-08-21,MOL,2135,1203,932,1080,1014,41,ITF,ITF2,14,Molise,Molise,305617,96763,31.66,0.7
1763,2021-08-04,MOL,2517,1305,1212,958,1541,18,ITF,ITF2,14,Molise,Molise,305617,99280,32.49,0.82
1764,2021-04-28,MOL,1699,926,773,472,1220,7,ITF,ITF2,14,Molise,Molise,305617,100979,33.04,0.56
1765,2021-08-06,MOL,2327,1229,1098,1081,1204,42,ITF,ITF2,14,Molise,Molise,305617,103306,33.8,0.76
1766,2021-08-30,MOL,1221,664,557,177,1026,18,ITF,ITF2,14,Molise,Molise,305617,104527,34.2,0.4
1767,2021-06-24,MOL,3346,1557,1789,440,2868,38,ITF,ITF2,14,Molise,Molise,305617,107873,35.3,1.09
1768,2021-03-02,MOL,671,385,286,507,158,6,ITF,ITF2,14,Molise,Molise,305617,108544,35.52,0.22
1769,2021-06-10,MOL,2601,1195,1406,1256,1301,44,ITF,ITF2,14,Molise,Molise,305617,111145,36.37,0.85
1770,2021-04-02,MOL,1464,714,750,663,780,21,ITF,ITF2,14,Molise,Molise,305617,112609,36.85,0.48
1771,2021-07-11,MOL,2458,1196,1262,180,2274,4,ITF,ITF2,14,Molise,Molise,305617,115067,37.65,0.8
1772,2021-03-03,MOL,675,319,356,588,82,5,ITF,ITF2,14,Molise,Molise,305617,115742,37.87,0.22
1773,2021-01-05,MOL,449,180,269,449,0,0,ITF,ITF2,14,Molise,Molise,305617,116191,38.02,0.15
1774,2021-07-06,MOL,3067,1431,1636,38,3025,4,ITF,ITF2,14,Molise,Molise,305617,119258,39.02,1.0
1775,2021-05-10,MOL,2906,1291,1615,2498,373,35,ITF,ITF2,14,Molise,Molise,305617,122164,39.97,0.95
1776,2021-06-29,MOL,2500,1164,1336,382,2089,29,ITF,ITF2,14,Molise,Molise,305617,124664,40.79,0.82
1777,2021-05-03,MOL,2506,1179,1327,2302,163,41,ITF,ITF2,14,Molise,Molise,305617,127170,41.61,0.82
1778,2021-05-17,MOL,2231,1093,1138,1707,496,28,ITF,ITF2,14,Molise,Molise,305617,129401,42.34,0.73
1779,2021-03-21,MOL,1251,544,707,480,769,2,ITF,ITF2,14,Molise,Molise,305617,130652,42.75,0.41
1780,2021-08-25,MOL,723,363,360,185,533,5,ITF,ITF2,14,Molise,Molise,305617,131375,42.99,0.24
1781,2021-03-14,MOL,599,241,358,18,581,0,ITF,ITF2,14,Molise,Molise,305617,131974,43.18,0.2
1782,2021-08-18,MOL,1344,705,639,343,979,22,ITF,ITF2,14,Molise,Molise,305617,133318,43.62,0.44
1783,2021-06-22,MOL,2972,1372,1600,672,2280,20,ITF,ITF2,14,Molise,Molise,305617,136290,44.6,0.97
1784,2021-03-31,MOL,2199,920,1279,1308,820,71,ITF,ITF2,14,Molise,Molise,305617,138489,45.31,0.72
1785,2021-08-20,MOL,2455,1292,1163,503,1934,18,ITF,ITF2,14,Molise,Molise,305617,140944,46.12,0.8
1786,2021-01-28,MOL,615,217,398,17,598,0,ITF,ITF2,14,Molise,Molise,305617,141559,46.32,0.2
1787,2021-03-12,MOL,1465,640,825,1406,36,23,ITF,ITF2,14,Molise,Molise,305617,143024,46.8,0.48
1788,2021-01-09,MOL,453,154,299,453,0,0,ITF,ITF2,14,Molise,Molise,305617,143477,46.95,0.15
1789,2021-04-19,MOL,1830,843,987,988,780,62,ITF,ITF2,14,Molise,Molise,305617,145307,47.55,0.6
1790,2021-04-14,MOL,1812,769,1043,1136,665,11,ITF,ITF2,14,Molise,Molise,305617,147119,48.14,0.59
1791,2021-02-16,MOL,158,72,86,151,6,1,ITF,ITF2,14,Molise,Molise,305617,147277,48.19,0.05
1792,2021-05-27,MOL,2845,1351,1494,1968,841,36,ITF,ITF2,14,Molise,Molise,305617,150122,49.12,0.93
1793,2021-07-25,MOL,2014,1063,951,355,1644,15,ITF,ITF2,14,Molise,Molise,305617,152136,49.78,0.66
1794,2021-05-29,MOL,2372,1235,1137,1938,393,41,ITF,ITF2,14,Molise,Molise,305617,154508,50.56,0.78
1795,2021-08-13,MOL,1532,798,734,1120,383,29,ITF,ITF2,14,Molise,Molise,305617,156040,51.06,0.5
1796,2021-05-08,MOL,2992,1459,1533,1705,1249,38,ITF,ITF2,14,Molise,Molise,305617,159032,52.04,0.98
1797,2021-04-21,MOL,1878,795,1083,970,901,7,ITF,ITF2,14,Molise,Molise,305617,160910,52.65,0.61
1798,2021-07-30,MOL,2683,1389,1294,1436,1191,56,ITF,ITF2,14,Molise,Molise,305617,163593,53.53,0.88
1799,2021-02-11,MOL,295,133,162,258,37,0,ITF,ITF2,14,Molise,Molise,305617,163888,53.63,0.1
1800,2021-05-22,MOL,2287,1184,1103,2180,88,19,ITF,ITF2,14,Molise,Molise,305617,166175,54.37,0.75
1801,2021-02-21,MOL,576,227,349,574,2,0,ITF,ITF2,14,Molise,Molise,305617,166751,54.56,0.19
1802,2021-02-04,MOL,762,296,466,78,684,0,ITF,ITF2,14,Molise,Molise,305617,167513,54.81,0.25
1803,2021-05-15,MOL,2992,1406,1586,2551,387,54,ITF,ITF2,14,Molise,Molise,305617,170505,55.79,0.98
1804,2021-03-16,MOL,615,230,385,265,348,2,ITF,ITF2,14,Molise,Molise,305617,171120,55.99,0.2
1805,2021-03-28,MOL,1629,749,880,519,1103,7,ITF,ITF2,14,Molise,Molise,305617,172749,56.52,0.53
1806,2021-01-30,MOL,465,161,304,12,453,0,ITF,ITF2,14,Molise,Molise,305617,173214,56.68,0.15
1807,2021-02-23,MOL,585,223,362,362,221,2,ITF,ITF2,14,Molise,Molise,305617,173799,56.87,0.19
1808,2021-06-03,MOL,3313,1578,1735,2713,560,40,ITF,ITF2,14,Molise,Molise,305617,177112,57.95,1.08
1809,2021-04-07,MOL,1692,849,843,1371,275,46,ITF,ITF2,14,Molise,Molise,305617,178804,58.51,0.55
1810,2021-06-05,MOL,3018,1526,1492,2816,174,28,ITF,ITF2,14,Molise,Molise,305617,181822,59.49,0.99
1811,2021-07-18,MOL,1767,888,879,126,1632,9,ITF,ITF2,14,Molise,Molise,305617,183589,60.07,0.58
1812,2021-07-13,MOL,2810,1427,1383,320,2473,17,ITF,ITF2,14,Molise,Molise,305617,186399,60.99,0.92
1813,2021-02-28,MOL,837,336,501,792,43,2,ITF,ITF2,14,Molise,Molise,305617,187236,61.26,0.27
1814,2021-02-27,MOL,1370,570,800,1346,19,5,ITF,ITF2,14,Molise,Molise,305617,188606,61.71,0.45
1815,2021-06-07,MOL,1969,864,1105,1124,820,25,ITF,ITF2,14,Molise,Molise,305617,190575,62.36,0.64
1816,2021-02-13,MOL,132,80,52,132,0,0,ITF,ITF2,14,Molise,Molise,305617,190707,62.4,0.04
1817,2021-01-14,MOL,649,240,409,649,0,0,ITF,ITF2,14,Molise,Molise,305617,191356,62.61,0.21
1818,2021-02-02,MOL,540,176,364,216,323,1,ITF,ITF2,14,Molise,Molise,305617,191896,62.79,0.18
1819,2021-01-16,MOL,422,166,256,422,0,0,ITF,ITF2,14,Molise,Molise,305617,192318,62.93,0.14
1820,2021-04-26,MOL,1159,521,638,810,331,18,ITF,ITF2,14,Molise,Molise,305617,193477,63.31,0.38
1821,2021-04-09,MOL,2329,1254,1075,2108,191,30,ITF,ITF2,14,Molise,Molise,305617,195806,64.07,0.76
1822,2021-01-18,MOL,115,48,67,115,0,0,ITF,ITF2,14,Molise,Molise,305617,195921,64.11,0.04
1823,2021-02-09,MOL,360,170,190,197,163,0,ITF,ITF2,14,Molise,Molise,305617,196281,64.22,0.12
1824,2021-08-01,MOL,961,526,435,755,175,31,ITF,ITF2,14,Molise,Molise,305617,197242,64.54,0.31
1825,2021-08-03,MOL,2201,1143,1058,1215,952,34,ITF,ITF2,14,Molise,Molise,305617,199443,65.26,0.72
1826,2021-01-11,MOL,558,194,364,558,0,0,ITF,ITF2,14,Molise,Molise,305617,200001,65.44,0.18
1827,2021-07-29,MOL,2455,1258,1197,1590,819,46,ITF,ITF2,14,Molise,Molise,305617,202456,66.25,0.8
1828,2021-01-25,MOL,319,130,189,3,316,0,ITF,ITF2,14,Molise,Molise,305617,202775,66.35,0.1
1829,2021-02-06,MOL,430,179,251,29,401,0,ITF,ITF2,14,Molise,Molise,305617,203205,66.49,0.14
1830,2021-03-04,MOL,852,417,435,515,325,12,ITF,ITF2,14,Molise,Molise,305617,204057,66.77,0.28
1831,2021-06-12,MOL,5945,3058,2887,5658,203,84,ITF,ITF2,14,Molise,Molise,305617,210002,68.71,1.95
1832,2021-08-17,MOL,1664,877,787,339,1310,15,ITF,ITF2,14,Molise,Molise,305617,211666,69.26,0.54
1833,2021-06-14,MOL,1645,816,829,546,1082,17,ITF,ITF2,14,Molise,Molise,305617,213311,69.8,0.54
1834,2021-08-29,MOL,1403,764,639,110,1285,8,ITF,ITF2,14,Molise,Molise,305617,214714,70.26,0.46
1835,2021-05-24,MOL,1973,857,1116,1273,672,28,ITF,ITF2,14,Molise,Molise,305617,216687,70.9,0.65
1836,2021-05-07,MOL,2657,1236,1421,2021,599,37,ITF,ITF2,14,Molise,Molise,305617,219344,71.77,0.87
1837,2021-04-18,MOL,1087,484,603,143,937,7,ITF,ITF2,14,Molise,Molise,305617,220431,72.13,0.36
1838,2021-07-27,MOL,1928,1064,864,1315,551,62,ITF,ITF2,14,Molise,Molise,305617,222359,72.76,0.63
1839,2021-07-10,MOL,3730,1783,1947,324,3392,14,ITF,ITF2,14,Molise,Molise,305617,226089,73.98,1.22
1840,2021-04-04,MOL,253,141,112,231,15,7,ITF,ITF2,14,Molise,Molise,305617,226342,74.06,0.08
1841,2021-03-18,MOL,1159,477,682,635,465,59,ITF,ITF2,14,Molise,Molise,305617,227501,74.44,0.38
1842,2021-05-26,MOL,1603,722,881,813,756,34,ITF,ITF2,14,Molise,Molise,305617,229104,74.96,0.52
1843,2021-03-30,MOL,2007,859,1148,1474,513,20,ITF,ITF2,14,Molise,Molise,305617,231111,75.62,0.66
1844,2021-02-01,MOL,563,201,362,14,549,0,ITF,ITF2,14,Molise,Molise,305617,231674,75.81,0.18
1845,2021-07-08,MOL,3434,1653,1781,108,3303,23,ITF,ITF2,14,Molise,Molise,305617,235108,76.93,1.12
1846,2021-05-12,MOL,2865,1300,1565,2698,98,69,ITF,ITF2,14,Molise,Molise,305617,237973,77.87,0.94
1847,2021-05-05,MOL,2466,1059,1407,2290,144,32,ITF,ITF2,14,Molise,Molise,305617,240439,78.67,0.81
1848,2021-05-04,MOL,2716,1184,1532,2551,128,37,ITF,ITF2,14,Molise,Molise,305617,243155,79.56,0.89
1849,2021-01-10,MOL,270,72,198,270,0,0,ITF,ITF2,14,Molise,Molise,305617,243425,79.65,0.09
1850,2021-04-20,MOL,2331,1033,1298,1213,1109,9,ITF,ITF2,14,Molise,Molise,305617,245756,80.41,0.76
1851,2021-06-09,MOL,1813,912,901,856,928,29,ITF,ITF2,14,Molise,Molise,305617,247569,81.01,0.59
1852,2021-05-23,MOL,1784,897,887,1743,9,32,ITF,ITF2,14,Molise,Molise,305617,249353,81.59,0.58
1853,2021-08-31,MOL,1004,551,453,187,811,6,ITF,ITF2,14,Molise,Molise,305617,250357,81.92,0.33
1854,2021-03-11,MOL,1472,641,831,1451,6,15,ITF,ITF2,14,Molise,Molise,305617,251829,82.4,0.48
1855,2021-01-06,MOL,690,260,430,690,0,0,ITF,ITF2,14,Molise,Molise,305617,252519,82.63,0.23
1856,2021-04-16,MOL,2435,1035,1400,1178,1234,23,ITF,ITF2,14,Molise,Molise,305617,254954,83.42,0.8
1857,2021-06-21,MOL,2926,1362,1564,1642,1237,47,ITF,ITF2,14,Molise,Molise,305617,257880,84.38,0.96
1858,2021-04-25,MOL,794,397,397,557,233,4,ITF,ITF2,14,Molise,Molise,305617,258674,84.64,0.26
1859,2021-06-04,MOL,3082,1515,1567,2592,458,32,ITF,ITF2,14,Molise,Molise,305617,261756,85.65,1.01
1860,2021-04-08,MOL,1775,908,867,1545,203,27,ITF,ITF2,14,Molise,Molise,305617,263531,86.23,0.58
1861,2021-07-17,MOL,2856,1524,1332,293,2541,22,ITF,ITF2,14,Molise,Molise,305617,266387,87.16,0.93
1862,2021-04-22,MOL,1850,867,983,1060,779,11,ITF,ITF2,14,Molise,Molise,305617,268237,87.77,0.61
1863,2021-07-31,MOL,1994,1115,879,757,1196,41,ITF,ITF2,14,Molise,Molise,305617,270231,88.42,0.65
1864,2021-02-17,MOL,72,32,40,50,15,7,ITF,ITF2,14,Molise,Molise,305617,270303,88.45,0.02
1865,2021-07-24,MOL,3140,1688,1452,731,2379,30,ITF,ITF2,14,Molise,Molise,305617,273443,89.47,1.03
1866,2021-04-11,MOL,1200,594,606,1167,14,19,ITF,ITF2,14,Molise,Molise,305617,274643,89.87,0.39
1867,2021-07-20,MOL,2177,1100,1077,1016,1114,47,ITF,ITF2,14,Molise,Molise,305617,276820,90.58,0.71
1868,2021-07-03,MOL,2746,1382,1364,571,2155,20,ITF,ITF2,14,Molise,Molise,305617,279566,91.48,0.9
1869,2021-08-08,MOL,890,466,424,648,227,15,ITF,ITF2,14,Molise,Molise,305617,280456,91.77,0.29
1870,2021-07-22,MOL,2216,1097,1119,842,1319,55,ITF,ITF2,14,Molise,Molise,305617,282672,92.49,0.73
1871,2021-01-20,MOL,18,8,10,18,0,0,ITF,ITF2,14,Molise,Molise,305617,282690,92.5,0.01
1872,2021-04-30,MOL,2951,1563,1388,821,2115,15,ITF,ITF2,14,Molise,Molise,305617,285641,93.46,0.97
1873,2021-02-25,MOL,543,239,304,471,69,3,ITF,ITF2,14,Molise,Molise,305617,286184,93.64,0.18
1874,2021-08-10,MOL,1926,1046,880,687,1207,32,ITF,ITF2,14,Molise,Molise,305617,288110,94.27,0.63
1875,2021-03-01,MOL,663,274,389,431,215,17,ITF,ITF2,14,Molise,Molise,305617,288773,94.49,0.22
1876,2021-04-03,MOL,1779,856,923,1722,36,21,ITF,ITF2,14,Molise,Molise,305617,290552,95.07,0.58
1877,2021-07-12,MOL,2680,1322,1358,358,2301,21,ITF,ITF2,14,Molise,Molise,305617,293232,95.95,0.88
1878,2021-06-26,MOL,3133,1539,1594,529,2589,15,ITF,ITF2,14,Molise,Molise,305617,296365,96.97,1.03
1879,2021-02-10,MOL,151,79,72,131,20,0,ITF,ITF2,14,Molise,Molise,305617,296516,97.02,0.05
1880,2021-05-21,MOL,2200,1102,1098,1790,326,84,ITF,ITF2,14,Molise,Molise,305617,298716,97.74,0.72
1881,2021-01-27,MOL,675,251,424,8,667,0,ITF,ITF2,14,Molise,Molise,305617,299391,97.96,0.22
1882,2021-04-06,MOL,1500,703,797,1133,345,22,ITF,ITF2,14,Molise,Molise,305617,300891,98.45,0.49
1883,2021-02-08,MOL,335,141,194,216,119,0,ITF,ITF2,14,Molise,Molise,305617,301226,98.56,0.11
1884,2021-07-15,MOL,3216,1618,1598,210,2991,15,ITF,ITF2,14,Molise,Molise,305617,304442,99.62,1.05
1885,2021-05-19,MOL,2355,1211,1144,1887,430,38,ITF,ITF2,14,Molise,Molise,305617,306797,100.39,0.77
1886,2021-03-23,MOL,1652,698,954,1417,210,25,ITF,ITF2,14,Molise,Molise,305617,308449,100.93,0.54
1887,2021-08-27,MOL,2118,1090,1028,414,1682,22,ITF,ITF2,14,Molise,Molise,305617,310567,101.62,0.69
1888,2021-07-01,MOL,2672,1300,1372,274,2383,15,ITF,ITF2,14,Molise,Molise,305617,313239,102.49,0.87
1889,2021-07-26,MOL,2430,1254,1176,1252,1118,60,ITF,ITF2,14,Molise,Molise,305617,315669,103.29,0.8
1890,2021-05-28,MOL,2663,1370,1293,2043,547,73,ITF,ITF2,14,Molise,Molise,305617,318332,104.16,0.87
1891,2021-06-11,MOL,3466,1666,1800,1986,1433,47,ITF,ITF2,14,Molise,Molise,305617,321798,105.29,1.13
1892,2021-04-15,MOL,1940,801,1139,1085,849,6,ITF,ITF2,14,Molise,Molise,305617,323738,105.93,0.63
1893,2021-01-13,MOL,480,163,317,480,0,0,ITF,ITF2,14,Molise,Molise,305617,324218,106.09,0.16
1894,2021-06-19,MOL,2358,1175,1183,1289,1023,46,ITF,ITF2,14,Molise,Molise,305617,326576,106.86,0.77
1895,2021-04-23,MOL,2059,886,1173,1378,662,19,ITF,ITF2,14,Molise,Molise,305617,328635,107.53,0.67
1896,2021-08-26,MOL,1721,932,789,306,1409,6,ITF,ITF2,14,Molise,Molise,305617,330356,108.09,0.56
1897,2021-08-12,MOL,1464,761,703,1027,399,38,ITF,ITF2,14,Molise,Molise,305617,331820,108.57,0.48
1898,2021-01-29,MOL,424,137,287,6,418,0,ITF,ITF2,14,Molise,Molise,305617,332244,108.71,0.14
1899,2021-05-09,MOL,2064,939,1125,1930,98,36,ITF,ITF2,14,Molise,Molise,305617,334308,109.39,0.68
1900,2021-07-07,MOL,2960,1369,1591,57,2899,4,ITF,ITF2,14,Molise,Molise,305617,337268,110.36,0.97
1901,2021-05-11,MOL,3231,1424,1807,2915,254,62,ITF,ITF2,14,Molise,Molise,305617,340499,111.41,1.06
1902,2021-08-19,MOL,2281,1145,1136,606,1648,27,ITF,ITF2,14,Molise,Molise,305617,342780,112.16,0.75
1903,2021-02-15,MOL,144,70,74,141,3,0,ITF,ITF2,14,Molise,Molise,305617,342924,112.21,0.05
1904,2021-08-14,MOL,1620,874,746,707,894,19,ITF,ITF2,14,Molise,Molise,305617,344544,112.74,0.53
1905,2021-01-08,MOL,432,142,290,432,0,0,ITF,ITF2,14,Molise,Molise,305617,344976,112.88,0.14
1906,2021-04-01,MOL,1478,669,809,733,730,15,ITF,ITF2,14,Molise,Molise,305617,346454,113.36,0.48
1907,2021-03-25,MOL,1812,732,1080,1286,498,28,ITF,ITF2,14,Molise,Molise,305617,348266,113.96,0.59
1908,2021-03-08,MOL,1391,525,866,1213,140,38,ITF,ITF2,14,Molise,Molise,305617,349657,114.41,0.46
1909,2021-06-16,MOL,2108,1042,1066,1157,936,15,ITF,ITF2,14,Molise,Molise,305617,351765,115.1,0.69
1910,2021-04-13,MOL,1633,718,915,1037,588,8,ITF,ITF2,14,Molise,Molise,305617,353398,115.63,0.53
1911,2021-03-27,MOL,2747,1275,1472,1296,1434,17,ITF,ITF2,14,Molise,Molise,305617,356145,116.53,0.9
1912,2021-07-05,MOL,2742,1284,1458,40,2700,2,ITF,ITF2,14,Molise,Molise,305617,358887,117.43,0.9
1913,2021-06-18,MOL,2779,1257,1522,1291,1460,28,ITF,ITF2,14,Molise,Molise,305617,361666,118.34,0.91
1914,2021-06-30,MOL,2974,1414,1560,878,2012,84,ITF,ITF2,14,Molise,Molise,305617,364640,119.31,0.97
1915,2021-03-13,MOL,1192,597,595,184,990,18,ITF,ITF2,14,Molise,Molise,305617,365832,119.7,0.39
1916,2021-01-15,MOL,540,243,297,540,0,0,ITF,ITF2,14,Molise,Molise,305617,366372,119.88,0.18
1917,2021-01-22,MOL,128,36,92,128,0,0,ITF,ITF2,14,Molise,Molise,305617,366500,119.92,0.04
1918,2021-05-02,MOL,1901,935,966,580,1308,13,ITF,ITF2,14,Molise,Molise,305617,368401,120.54,0.62
1919,2021-03-06,MOL,1728,807,921,1559,159,10,ITF,ITF2,14,Molise,Molise,305617,370129,121.11,0.57
1920,2021-02-22,MOL,265,129,136,248,15,2,ITF,ITF2,14,Molise,Molise,305617,370394,121.2,0.09
1921,2020-12-27,MOL,50,20,30,50,0,0,ITF,ITF2,14,Molise,Molise,305617,370444,121.21,0.02
1922,2021-05-30,MOL,1873,935,938,1559,286,28,ITF,ITF2,14,Molise,Molise,305617,372317,121.82,0.61
1923,2021-06-23,MOL,2799,1289,1510,222,2567,10,ITF,ITF2,14,Molise,Molise,305617,375116,122.74,0.92
1924,2021-03-20,MOL,2332,975,1357,998,1323,11,ITF,ITF2,14,Molise,Molise,305617,377448,123.5,0.76
1925,2021-06-28,MOL,2922,1362,1560,1009,1890,23,ITF,ITF2,14,Molise,Molise,305617,380370,124.46,0.96
1926,2021-03-07,MOL,1133,501,632,1128,2,3,ITF,ITF2,14,Molise,Molise,305617,381503,124.83,0.37
1927,2021-06-15,MOL,2238,1053,1185,764,1457,17,ITF,ITF2,14,Molise,Molise,305617,383741,125.56,0.73
1928,2021-06-17,MOL,2314,1021,1293,916,1371,27,ITF,ITF2,14,Molise,Molise,305617,386055,126.32,0.76
1929,2021-03-26,MOL,2583,1046,1537,1892,645,46,ITF,ITF2,14,Molise,Molise,305617,388638,127.17,0.85
1930,2021-02-18,MOL,321,74,247,304,13,4,ITF,ITF2,14,Molise,Molise,305617,388959,127.27,0.11
1931,2021-03-09,MOL,1334,582,752,1152,154,28,ITF,ITF2,14,Molise,Molise,305617,390293,127.71,0.44
1932,2021-02-20,MOL,1020,443,577,1000,20,0,ITF,ITF2,14,Molise,Molise,305617,391313,128.04,0.33
1933,2021-05-31,MOL,2377,1155,1222,1907,427,43,ITF,ITF2,14,Molise,Molise,305617,393690,128.82,0.78
1934,2021-05-14,MOL,2653,1220,1433,1894,722,37,ITF,ITF2,14,Molise,Molise,305617,396343,129.69,0.87
1935,2021-08-22,MOL,389,202,187,3,386,0,ITF,ITF2,14,Molise,Molise,305617,396732,129.81,0.13
1936,2021-06-02,MOL,2823,1366,1457,2697,100,26,ITF,ITF2,14,Molise,Molise,305617,399555,130.74,0.92
1937,2021-07-19,MOL,2781,1357,1424,507,2247,27,ITF,ITF2,14,Molise,Molise,305617,402336,131.65,0.91
1938,2021-02-03,MOL,745,254,491,344,401,0,ITF,ITF2,14,Molise,Molise,305617,403081,131.89,0.24
1939,2021-04-27,MOL,1601,771,830,445,1131,25,ITF,ITF2,14,Molise,Molise,305617,404682,132.41,0.52
1940,2021-08-05,MOL,2284,1155,1129,1613,622,49,ITF,ITF2,14,Molise,Molise,305617,406966,133.16,0.75
1941,2021-05-16,MOL,1259,577,682,1053,184,22,ITF,ITF2,14,Molise,Molise,305617,408225,133.57,0.41
1942,2021-08-24,MOL,1648,889,759,230,1396,22,ITF,ITF2,14,Molise,Molise,305617,409873,134.11,0.54
1943,2021-08-07,MOL,1924,1063,861,1049,848,27,ITF,ITF2,14,Molise,Molise,305617,411797,134.74,0.63
1944,2021-08-15,UMB,4387,2383,2004,2860,1382,145,ITI,ITI2,10,Umbria,Umbria,882015,4387,0.5,0.5
1945,2021-07-29,UMB,8194,4222,3972,2144,5932,118,ITI,ITI2,10,Umbria,Umbria,882015,12581,1.43,0.93
1946,2021-05-07,UMB,10125,4713,5412,6649,3192,284,ITI,ITI2,10,Umbria,Umbria,882015,22706,2.57,1.15
1947,2021-08-29,UMB,1927,990,937,669,1249,9,ITI,ITI2,10,Umbria,Umbria,882015,24633,2.79,0.22
1948,2021-08-10,UMB,7391,3929,3462,3999,3249,143,ITI,ITI2,10,Umbria,Umbria,882015,32024,3.63,0.84
1949,2021-06-14,UMB,5380,2745,2635,3252,2011,117,ITI,ITI2,10,Umbria,Umbria,882015,37404,4.24,0.61
1950,2021-04-06,UMB,5291,2167,3124,2864,2390,37,ITI,ITI2,10,Umbria,Umbria,882015,42695,4.84,0.6
1951,2021-03-28,UMB,1096,441,655,1041,24,31,ITI,ITI2,10,Umbria,Umbria,882015,43791,4.96,0.12
1952,2021-01-30,UMB,1575,486,1089,43,1532,0,ITI,ITI2,10,Umbria,Umbria,882015,45366,5.14,0.18
1953,2021-07-15,UMB,10566,5176,5390,562,9906,98,ITI,ITI2,10,Umbria,Umbria,882015,55932,6.34,1.2
1954,2021-04-23,UMB,6656,2820,3836,3299,3158,199,ITI,ITI2,10,Umbria,Umbria,882015,62588,7.1,0.75
1955,2021-02-25,UMB,1333,495,838,1273,52,8,ITI,ITI2,10,Umbria,Umbria,882015,63921,7.25,0.15
1956,2021-03-11,UMB,3635,1761,1874,2616,1006,13,ITI,ITI2,10,Umbria,Umbria,882015,67556,7.66,0.41
1957,2021-01-13,UMB,450,139,311,450,0,0,ITI,ITI2,10,Umbria,Umbria,882015,68006,7.71,0.05
1958,2021-06-19,UMB,4571,2200,2371,2460,2032,79,ITI,ITI2,10,Umbria,Umbria,882015,72577,8.23,0.52
1959,2021-01-06,UMB,847,326,521,847,0,0,ITI,ITI2,10,Umbria,Umbria,882015,73424,8.32,0.1
1960,2021-06-12,UMB,7716,3687,4029,5960,1579,177,ITI,ITI2,10,Umbria,Umbria,882015,81140,9.2,0.87
1961,2021-04-16,UMB,8099,3743,4356,6082,1838,179,ITI,ITI2,10,Umbria,Umbria,882015,89239,10.12,0.92
1962,2021-04-30,UMB,6257,2971,3286,2735,3400,122,ITI,ITI2,10,Umbria,Umbria,882015,95496,10.83,0.71
1963,2021-07-03,UMB,6473,3246,3227,2826,3496,151,ITI,ITI2,10,Umbria,Umbria,882015,101969,11.56,0.73
1964,2021-07-20,UMB,8264,4106,4158,1096,7084,84,ITI,ITI2,10,Umbria,Umbria,882015,110233,12.5,0.94
1965,2021-03-23,UMB,3825,1713,2112,2158,1630,37,ITI,ITI2,10,Umbria,Umbria,882015,114058,12.93,0.43
1966,2021-08-27,UMB,4591,2415,2176,1499,2991,101,ITI,ITI2,10,Umbria,Umbria,882015,118649,13.45,0.52
1967,2021-07-01,UMB,9694,4797,4897,3293,6286,115,ITI,ITI2,10,Umbria,Umbria,882015,128343,14.55,1.1
1968,2021-02-08,UMB,636,203,433,88,548,0,ITI,ITI2,10,Umbria,Umbria,882015,128979,14.62,0.07
1969,2021-05-19,UMB,9422,4218,5204,5592,3745,85,ITI,ITI2,10,Umbria,Umbria,882015,138401,15.69,1.07
1970,2021-02-13,UMB,114,27,87,111,3,0,ITI,ITI2,10,Umbria,Umbria,882015,138515,15.7,0.01
1971,2021-05-24,UMB,9067,4515,4552,8022,880,165,ITI,ITI2,10,Umbria,Umbria,882015,147582,16.73,1.03
1972,2021-04-18,UMB,1532,681,851,578,931,23,ITI,ITI2,10,Umbria,Umbria,882015,149114,16.91,0.17
1973,2021-01-11,UMB,1319,352,967,1319,0,0,ITI,ITI2,10,Umbria,Umbria,882015,150433,17.06,0.15
1974,2021-07-27,UMB,8137,4087,4050,2695,5326,116,ITI,ITI2,10,Umbria,Umbria,882015,158570,17.98,0.92
1975,2021-05-05,UMB,7223,3306,3917,3833,3306,84,ITI,ITI2,10,Umbria,Umbria,882015,165793,18.8,0.82
1976,2021-01-25,UMB,648,322,326,5,643,0,ITI,ITI2,10,Umbria,Umbria,882015,166441,18.87,0.07
1977,2021-06-02,UMB,3923,1885,2038,3802,42,79,ITI,ITI2,10,Umbria,Umbria,882015,170364,19.32,0.44
1978,2021-02-20,UMB,283,101,182,259,24,0,ITI,ITI2,10,Umbria,Umbria,882015,170647,19.35,0.03
1979,2021-03-09,UMB,4089,2001,2088,2792,1288,9,ITI,ITI2,10,Umbria,Umbria,882015,174736,19.81,0.46
1980,2021-03-18,UMB,2983,1177,1806,1711,1264,8,ITI,ITI2,10,Umbria,Umbria,882015,177719,20.15,0.34
1981,2021-06-26,UMB,9328,4738,4590,5571,3634,123,ITI,ITI2,10,Umbria,Umbria,882015,187047,21.21,1.06
1982,2021-07-10,UMB,7688,3810,3878,66,7608,14,ITI,ITI2,10,Umbria,Umbria,882015,194735,22.08,0.87
1983,2021-04-25,UMB,4359,1685,2674,3867,83,409,ITI,ITI2,10,Umbria,Umbria,882015,199094,22.57,0.49
1984,2021-08-03,UMB,9196,4758,4438,3503,5513,180,ITI,ITI2,10,Umbria,Umbria,882015,208290,23.62,1.04
1985,2021-07-08,UMB,9570,4631,4939,179,9344,47,ITI,ITI2,10,Umbria,Umbria,882015,217860,24.7,1.09
1986,2021-05-12,UMB,6499,3028,3471,4203,2147,149,ITI,ITI2,10,Umbria,Umbria,882015,224359,25.44,0.74
1987,2021-03-30,UMB,3981,1733,2248,2401,1542,38,ITI,ITI2,10,Umbria,Umbria,882015,228340,25.89,0.45
1988,2020-12-27,UMB,87,46,41,87,0,0,ITI,ITI2,10,Umbria,Umbria,882015,228427,25.9,0.01
1989,2021-03-04,UMB,4485,1855,2630,3643,827,15,ITI,ITI2,10,Umbria,Umbria,882015,232912,26.41,0.51
1990,2021-08-08,UMB,5060,2710,2350,3553,1414,93,ITI,ITI2,10,Umbria,Umbria,882015,237972,26.98,0.57
1991,2021-01-20,UMB,603,221,382,603,0,0,ITI,ITI2,10,Umbria,Umbria,882015,238575,27.05,0.07
1992,2021-07-22,UMB,10060,4913,5147,1652,8303,105,ITI,ITI2,10,Umbria,Umbria,882015,248635,28.19,1.14
1993,2021-01-01,UMB,273,104,169,273,0,0,ITI,ITI2,10,Umbria,Umbria,882015,248908,28.22,0.03
1994,2021-04-11,UMB,3099,1505,1594,3033,49,17,ITI,ITI2,10,Umbria,Umbria,882015,252007,28.57,0.35
1995,2021-01-18,UMB,617,220,397,530,87,0,ITI,ITI2,10,Umbria,Umbria,882015,252624,28.64,0.07
1996,2021-02-06,UMB,420,151,269,34,386,0,ITI,ITI2,10,Umbria,Umbria,882015,253044,28.69,0.05
1997,2021-05-26,UMB,9658,4570,5088,8214,1252,192,ITI,ITI2,10,Umbria,Umbria,882015,262702,29.78,1.09
1998,2021-07-26,UMB,9081,4798,4283,3876,5080,125,ITI,ITI2,10,Umbria,Umbria,882015,271783,30.81,1.03
1999,2021-04-04,UMB,57,20,37,22,35,0,ITI,ITI2,10,Umbria,Umbria,882015,271840,30.82,0.01
2000,2021-06-07,UMB,6947,3427,3520,6074,696,177,ITI,ITI2,10,Umbria,Umbria,882015,278787,31.61,0.79
2001,2021-03-16,UMB,3538,1454,2084,1909,1627,2,ITI,ITI2,10,Umbria,Umbria,882015,282325,32.01,0.4
2002,2021-02-27,UMB,1658,354,1304,1642,16,0,ITI,ITI2,10,Umbria,Umbria,882015,283983,32.2,0.19
2003,2021-04-03,UMB,2099,712,1387,1034,1054,11,ITI,ITI2,10,Umbria,Umbria,882015,286082,32.44,0.24
2004,2021-07-12,UMB,4624,2236,2388,105,4507,12,ITI,ITI2,10,Umbria,Umbria,882015,290706,32.96,0.52
2005,2021-08-22,UMB,1469,772,697,478,977,14,ITI,ITI2,10,Umbria,Umbria,882015,292175,33.13,0.17
2006,2021-05-31,UMB,5819,2846,2973,4849,885,85,ITI,ITI2,10,Umbria,Umbria,882015,297994,33.79,0.66
2007,2021-05-14,UMB,5334,2515,2819,3352,1819,163,ITI,ITI2,10,Umbria,Umbria,882015,303328,34.39,0.6
2008,2021-02-01,UMB,1284,341,943,48,1236,0,ITI,ITI2,10,Umbria,Umbria,882015,304612,34.54,0.15
2009,2021-02-18,UMB,1496,582,914,1029,466,1,ITI,ITI2,10,Umbria,Umbria,882015,306108,34.71,0.17
2010,2021-04-20,UMB,5451,2365,3086,3429,1947,75,ITI,ITI2,10,Umbria,Umbria,882015,311559,35.32,0.62
2011,2021-01-27,UMB,841,330,511,13,828,0,ITI,ITI2,10,Umbria,Umbria,882015,312400,35.42,0.1
2012,2021-01-10,UMB,1066,274,792,1066,0,0,ITI,ITI2,10,Umbria,Umbria,882015,313466,35.54,0.12
2013,2021-05-21,UMB,8978,3671,5307,4063,4830,85,ITI,ITI2,10,Umbria,Umbria,882015,322444,36.56,1.02
2014,2021-05-04,UMB,5540,2546,2994,2353,3125,62,ITI,ITI2,10,Umbria,Umbria,882015,327984,37.19,0.63
2015,2021-04-01,UMB,4424,1875,2549,2325,2061,38,ITI,ITI2,10,Umbria,Umbria,882015,332408,37.69,0.5
2016,2021-08-17,UMB,3662,1906,1756,2486,1088,88,ITI,ITI2,10,Umbria,Umbria,882015,336070,38.1,0.42
2017,2021-06-21,UMB,7510,3935,3575,5060,2338,112,ITI,ITI2,10,Umbria,Umbria,882015,343580,38.95,0.85
2018,2021-03-06,UMB,4306,1147,3159,4134,138,34,ITI,ITI2,10,Umbria,Umbria,882015,347886,39.44,0.49
2019,2021-01-22,UMB,276,105,171,32,244,0,ITI,ITI2,10,Umbria,Umbria,882015,348162,39.47,0.03
2020,2021-06-28,UMB,9775,4819,4956,3715,5984,76,ITI,ITI2,10,Umbria,Umbria,882015,357937,40.58,1.11
2021,2021-05-02,UMB,3781,1867,1914,1298,2454,29,ITI,ITI2,10,Umbria,Umbria,882015,361718,41.01,0.43
2022,2021-03-20,UMB,2319,845,1474,2289,25,5,ITI,ITI2,10,Umbria,Umbria,882015,364037,41.27,0.26
2023,2021-03-13,UMB,1735,524,1211,1486,249,0,ITI,ITI2,10,Umbria,Umbria,882015,365772,41.47,0.2
2024,2021-01-15,UMB,697,213,484,697,0,0,ITI,ITI2,10,Umbria,Umbria,882015,366469,41.55,0.08
2025,2021-01-29,UMB,1233,350,883,79,1154,0,ITI,ITI2,10,Umbria,Umbria,882015,367702,41.69,0.14
2026,2021-05-09,UMB,5758,2754,3004,5247,391,120,ITI,ITI2,10,Umbria,Umbria,882015,373460,42.34,0.65
2027,2021-02-22,UMB,1889,807,1082,1803,86,0,ITI,ITI2,10,Umbria,Umbria,882015,375349,42.56,0.21
2028,2021-06-11,UMB,7000,3518,3482,5992,772,236,ITI,ITI2,10,Umbria,Umbria,882015,382349,43.35,0.79
2029,2021-08-12,UMB,7340,3895,3445,4577,2544,219,ITI,ITI2,10,Umbria,Umbria,882015,389689,44.18,0.83
2030,2021-06-30,UMB,10486,5299,5187,3664,6717,105,ITI,ITI2,10,Umbria,Umbria,882015,400175,45.37,1.19
2031,2021-07-07,UMB,9494,4500,4994,89,9375,30,ITI,ITI2,10,Umbria,Umbria,882015,409669,46.45,1.08
2032,2021-01-08,UMB,1187,344,843,1187,0,0,ITI,ITI2,10,Umbria,Umbria,882015,410856,46.58,0.13
2033,2021-05-23,UMB,5071,1856,3215,636,4419,16,ITI,ITI2,10,Umbria,Umbria,882015,415927,47.16,0.57
2034,2021-08-31,UMB,3440,1782,1658,965,2419,56,ITI,ITI2,10,Umbria,Umbria,882015,419367,47.55,0.39
2035,2021-05-28,UMB,9596,4440,5156,7112,2300,184,ITI,ITI2,10,Umbria,Umbria,882015,428963,48.63,1.09
2036,2021-04-15,UMB,7663,3504,4159,5701,1889,73,ITI,ITI2,10,Umbria,Umbria,882015,436626,49.5,0.87
2037,2021-02-17,UMB,1619,748,871,1266,352,1,ITI,ITI2,10,Umbria,Umbria,882015,438245,49.69,0.18
2038,2021-07-24,UMB,8696,4368,4328,1347,7282,67,ITI,ITI2,10,Umbria,Umbria,882015,446941,50.67,0.99
2039,2021-04-13,UMB,7682,3402,4280,5923,1669,90,ITI,ITI2,10,Umbria,Umbria,882015,454623,51.54,0.87
2040,2021-02-15,UMB,1367,692,675,1364,1,2,ITI,ITI2,10,Umbria,Umbria,882015,455990,51.7,0.15
2041,2021-03-01,UMB,1505,775,730,1385,114,6,ITI,ITI2,10,Umbria,Umbria,882015,457495,51.87,0.17
2042,2021-06-09,UMB,8154,3950,4204,7130,725,299,ITI,ITI2,10,Umbria,Umbria,882015,465649,52.79,0.92
2043,2021-06-23,UMB,11221,5735,5486,7653,3410,158,ITI,ITI2,10,Umbria,Umbria,882015,476870,54.07,1.27
2044,2021-03-15,UMB,4597,1941,2656,2827,1767,3,ITI,ITI2,10,Umbria,Umbria,882015,481467,54.59,0.52
2045,2021-02-10,UMB,715,350,365,700,15,0,ITI,ITI2,10,Umbria,Umbria,882015,482182,54.67,0.08
2046,2021-08-07,UMB,7226,3798,3428,2540,4614,72,ITI,ITI2,10,Umbria,Umbria,882015,489408,55.49,0.82
2047,2021-05-16,UMB,5222,2493,2729,5087,50,85,ITI,ITI2,10,Umbria,Umbria,882015,494630,56.08,0.59
2048,2021-08-24,UMB,4431,2246,2185,1868,2474,89,ITI,ITI2,10,Umbria,Umbria,882015,499061,56.58,0.5
2049,2021-08-05,UMB,9683,5071,4612,3837,5683,163,ITI,ITI2,10,Umbria,Umbria,882015,508744,57.68,1.1
2050,2021-01-24,UMB,258,106,152,1,257,0,ITI,ITI2,10,Umbria,Umbria,882015,509002,57.71,0.03
2051,2021-08-16,UMB,3516,1741,1775,1977,1471,68,ITI,ITI2,10,Umbria,Umbria,882015,512518,58.11,0.4
2052,2021-08-30,UMB,1914,915,999,1493,343,78,ITI,ITI2,10,Umbria,Umbria,882015,514432,58.32,0.22
2053,2021-06-08,UMB,7384,3643,3741,6630,548,206,ITI,ITI2,10,Umbria,Umbria,882015,521816,59.16,0.84
2054,2021-07-09,UMB,9562,4630,4932,128,9410,24,ITI,ITI2,10,Umbria,Umbria,882015,531378,60.25,1.08
2055,2021-07-23,UMB,10645,5444,5201,1325,9215,105,ITI,ITI2,10,Umbria,Umbria,882015,542023,61.45,1.21
2056,2021-08-28,UMB,2758,1425,1333,1349,1338,71,ITI,ITI2,10,Umbria,Umbria,882015,544781,61.77,0.31
2057,2021-04-08,UMB,5883,2516,3367,4006,1805,72,ITI,ITI2,10,Umbria,Umbria,882015,550664,62.43,0.67
2058,2021-07-17,UMB,7665,3855,3810,1284,6232,149,ITI,ITI2,10,Umbria,Umbria,882015,558329,63.3,0.87
2059,2021-06-04,UMB,8920,4410,4510,7537,1202,181,ITI,ITI2,10,Umbria,Umbria,882015,567249,64.31,1.01
2060,2021-06-13,UMB,6764,3557,3207,6390,230,144,ITI,ITI2,10,Umbria,Umbria,882015,574013,65.08,0.77
2061,2021-08-14,UMB,5840,3229,2611,2916,2777,147,ITI,ITI2,10,Umbria,Umbria,882015,579853,65.74,0.66
2062,2021-03-17,UMB,3330,1313,2017,1855,1473,2,ITI,ITI2,10,Umbria,Umbria,882015,583183,66.12,0.38
2063,2021-01-07,UMB,1301,388,913,1301,0,0,ITI,ITI2,10,Umbria,Umbria,882015,584484,66.27,0.15
2064,2021-05-11,UMB,6255,2840,3415,3921,2193,141,ITI,ITI2,10,Umbria,Umbria,882015,590739,66.98,0.71
2065,2021-08-19,UMB,5717,3036,2681,3931,1608,178,ITI,ITI2,10,Umbria,Umbria,882015,596456,67.62,0.65
2066,2021-08-26,UMB,4059,2151,1908,1791,2158,110,ITI,ITI2,10,Umbria,Umbria,882015,600515,68.08,0.46
2067,2021-07-19,UMB,7660,3838,3822,1524,6035,101,ITI,ITI2,10,Umbria,Umbria,882015,608175,68.95,0.87
2068,2021-04-27,UMB,5667,2401,3266,3055,2579,33,ITI,ITI2,10,Umbria,Umbria,882015,613842,69.6,0.64
2069,2021-02-03,UMB,725,174,551,67,658,0,ITI,ITI2,10,Umbria,Umbria,882015,614567,69.68,0.08
2070,2021-02-05,UMB,782,234,548,18,764,0,ITI,ITI2,10,Umbria,Umbria,882015,615349,69.77,0.09
2071,2021-01-03,UMB,270,112,158,270,0,0,ITI,ITI2,10,Umbria,Umbria,882015,615619,69.8,0.03
2072,2021-07-31,UMB,4329,2261,2068,1477,2805,47,ITI,ITI2,10,Umbria,Umbria,882015,619948,70.29,0.49
2073,2021-04-22,UMB,5457,2251,3206,2702,2673,82,ITI,ITI2,10,Umbria,Umbria,882015,625405,70.91,0.62
2074,2021-06-27,UMB,7461,3732,3729,1728,5671,62,ITI,ITI2,10,Umbria,Umbria,882015,632866,71.75,0.85
2075,2021-07-28,UMB,8236,4333,3903,2971,5152,113,ITI,ITI2,10,Umbria,Umbria,882015,641102,72.69,0.93
2076,2021-07-16,UMB,9625,4898,4727,665,8881,79,ITI,ITI2,10,Umbria,Umbria,882015,650727,73.78,1.09
2077,2021-05-20,UMB,9864,4606,5258,6098,3657,109,ITI,ITI2,10,Umbria,Umbria,882015,660591,74.9,1.12
2078,2021-05-01,UMB,5372,2639,2733,2096,3230,46,ITI,ITI2,10,Umbria,Umbria,882015,665963,75.5,0.61
2079,2021-03-05,UMB,4620,1402,3218,3948,657,15,ITI,ITI2,10,Umbria,Umbria,882015,670583,76.03,0.52
2080,2021-08-09,UMB,6688,3544,3144,3501,3029,158,ITI,ITI2,10,Umbria,Umbria,882015,677271,76.79,0.76
2081,2021-03-03,UMB,4432,1772,2660,3718,711,3,ITI,ITI2,10,Umbria,Umbria,882015,681703,77.29,0.5
2082,2021-08-11,UMB,7609,4083,3526,3723,3704,182,ITI,ITI2,10,Umbria,Umbria,882015,689312,78.15,0.86
2083,2021-06-25,UMB,10188,5293,4895,5246,4777,165,ITI,ITI2,10,Umbria,Umbria,882015,699500,79.31,1.16
2084,2021-01-26,UMB,816,390,426,17,799,0,ITI,ITI2,10,Umbria,Umbria,882015,700316,79.4,0.09
2085,2021-02-12,UMB,672,224,448,666,6,0,ITI,ITI2,10,Umbria,Umbria,882015,700988,79.48,0.08
2086,2021-02-26,UMB,660,253,407,650,8,2,ITI,ITI2,10,Umbria,Umbria,882015,701648,79.55,0.07
2087,2021-03-29,UMB,3636,1603,2033,2152,1423,61,ITI,ITI2,10,Umbria,Umbria,882015,705284,79.96,0.41
2088,2021-01-31,UMB,1059,276,783,25,1034,0,ITI,ITI2,10,Umbria,Umbria,882015,706343,80.08,0.12
2089,2021-05-25,UMB,8818,4301,4517,7583,1063,172,ITI,ITI2,10,Umbria,Umbria,882015,715161,81.08,1.0
2090,2021-05-18,UMB,7758,3360,4398,3832,3841,85,ITI,ITI2,10,Umbria,Umbria,882015,722919,81.96,0.88
2091,2021-02-11,UMB,839,348,491,834,5,0,ITI,ITI2,10,Umbria,Umbria,882015,723758,82.06,0.1
2092,2021-05-22,UMB,6976,2757,4219,2601,4326,49,ITI,ITI2,10,Umbria,Umbria,882015,730734,82.85,0.79
2093,2021-04-17,UMB,6694,3075,3619,5185,1342,167,ITI,ITI2,10,Umbria,Umbria,882015,737428,83.61,0.76
2094,2021-01-05,UMB,855,430,425,855,0,0,ITI,ITI2,10,Umbria,Umbria,882015,738283,83.7,0.1
2095,2021-03-31,UMB,3896,1727,2169,2179,1685,32,ITI,ITI2,10,Umbria,Umbria,882015,742179,84.15,0.44
2096,2021-02-16,UMB,1308,655,653,1299,9,0,ITI,ITI2,10,Umbria,Umbria,882015,743487,84.29,0.15
2097,2021-05-27,UMB,9977,4868,5109,8473,1321,183,ITI,ITI2,10,Umbria,Umbria,882015,753464,85.43,1.13
2098,2021-01-04,UMB,809,397,412,809,0,0,ITI,ITI2,10,Umbria,Umbria,882015,754273,85.52,0.09
2099,2021-04-14,UMB,8155,3681,4474,6097,1979,79,ITI,ITI2,10,Umbria,Umbria,882015,762428,86.44,0.92
2100,2021-07-21,UMB,9848,4912,4936,1230,8531,87,ITI,ITI2,10,Umbria,Umbria,882015,772276,87.56,1.12
2101,2021-07-04,UMB,3407,1740,1667,2342,968,97,ITI,ITI2,10,Umbria,Umbria,882015,775683,87.94,0.39
2102,2021-04-12,UMB,7088,3081,4007,5312,1717,59,ITI,ITI2,10,Umbria,Umbria,882015,782771,88.75,0.8
2103,2021-01-19,UMB,102,23,79,102,0,0,ITI,ITI2,10,Umbria,Umbria,882015,782873,88.76,0.01
2104,2021-04-29,UMB,5220,2253,2967,2807,2324,89,ITI,ITI2,10,Umbria,Umbria,882015,788093,89.35,0.59
2105,2021-03-24,UMB,4104,1792,2312,2744,1323,37,ITI,ITI2,10,Umbria,Umbria,882015,792197,89.82,0.47
2106,2021-07-02,UMB,8747,4329,4418,2966,5603,178,ITI,ITI2,10,Umbria,Umbria,882015,800944,90.81,0.99
2107,2021-04-10,UMB,7396,3479,3917,7178,84,134,ITI,ITI2,10,Umbria,Umbria,882015,808340,91.65,0.84
2108,2021-06-06,UMB,7609,3905,3704,6790,694,125,ITI,ITI2,10,Umbria,Umbria,882015,815949,92.51,0.86
2109,2021-02-24,UMB,1519,563,956,1504,15,0,ITI,ITI2,10,Umbria,Umbria,882015,817468,92.68,0.17
2110,2021-08-18,UMB,4696,2457,2239,3432,1146,118,ITI,ITI2,10,Umbria,Umbria,882015,822164,93.21,0.53
2111,2021-07-06,UMB,8594,4093,4501,150,8421,23,ITI,ITI2,10,Umbria,Umbria,882015,830758,94.19,0.97
2112,2021-05-10,UMB,6000,2804,3196,3733,2151,116,ITI,ITI2,10,Umbria,Umbria,882015,836758,94.87,0.68
2113,2021-07-11,UMB,5875,2967,2908,89,5785,1,ITI,ITI2,10,Umbria,Umbria,882015,842633,95.53,0.67
2114,2021-04-02,UMB,4345,1778,2567,3545,755,45,ITI,ITI2,10,Umbria,Umbria,882015,846978,96.03,0.49
2115,2021-01-09,UMB,1717,495,1222,1717,0,0,ITI,ITI2,10,Umbria,Umbria,882015,848695,96.22,0.19
2116,2021-04-19,UMB,5036,2227,2809,2932,2048,56,ITI,ITI2,10,Umbria,Umbria,882015,853731,96.79,0.57
2117,2021-05-06,UMB,9470,4325,5145,6028,3315,127,ITI,ITI2,10,Umbria,Umbria,882015,863201,97.87,1.07
2118,2021-03-22,UMB,3561,1656,1905,2305,1246,10,ITI,ITI2,10,Umbria,Umbria,882015,866762,98.27,0.4
2119,2021-04-05,UMB,4251,1729,2522,2182,2057,12,ITI,ITI2,10,Umbria,Umbria,882015,871013,98.75,0.48
2120,2021-02-07,UMB,54,17,37,1,53,0,ITI,ITI2,10,Umbria,Umbria,882015,871067,98.76,0.01
2121,2021-07-14,UMB,6198,3008,3190,1629,4262,307,ITI,ITI2,10,Umbria,Umbria,882015,877265,99.46,0.7
2122,2021-08-01,UMB,3024,1532,1492,1330,1648,46,ITI,ITI2,10,Umbria,Umbria,882015,880289,99.8,0.34
2123,2021-06-03,UMB,9046,4471,4575,8584,290,172,ITI,ITI2,10,Umbria,Umbria,882015,889335,100.83,1.03
2124,2021-04-07,UMB,5625,2305,3320,3533,2006,86,ITI,ITI2,10,Umbria,Umbria,882015,894960,101.47,0.64
2125,2021-02-23,UMB,1691,657,1034,1648,42,1,ITI,ITI2,10,Umbria,Umbria,882015,896651,101.66,0.19
2126,2021-08-02,UMB,5530,2896,2634,258,5250,22,ITI,ITI2,10,Umbria,Umbria,882015,902181,102.29,0.63
2127,2021-06-20,UMB,6219,3007,3212,1575,4603,41,ITI,ITI2,10,Umbria,Umbria,882015,908400,102.99,0.71
2128,2021-04-24,UMB,4563,1962,2601,3274,1183,106,ITI,ITI2,10,Umbria,Umbria,882015,912963,103.51,0.52
2129,2021-01-12,UMB,836,247,589,836,0,0,ITI,ITI2,10,Umbria,Umbria,882015,913799,103.6,0.09
2130,2021-03-14,UMB,66,48,18,66,0,0,ITI,ITI2,10,Umbria,Umbria,882015,913865,103.61,0.01
2131,2021-06-22,UMB,8042,4082,3960,5144,2795,103,ITI,ITI2,10,Umbria,Umbria,882015,921907,104.52,0.91
2132,2021-01-17,UMB,54,17,37,54,0,0,ITI,ITI2,10,Umbria,Umbria,882015,921961,104.53,0.01
2133,2020-12-31,UMB,322,127,195,322,0,0,ITI,ITI2,10,Umbria,Umbria,882015,922283,104.57,0.04
2134,2021-06-15,UMB,5982,3014,2968,3793,2071,118,ITI,ITI2,10,Umbria,Umbria,882015,928265,105.24,0.68
2135,2021-05-08,UMB,8155,3747,4408,4802,3247,106,ITI,ITI2,10,Umbria,Umbria,882015,936420,106.17,0.92
2136,2021-01-28,UMB,1248,394,854,18,1230,0,ITI,ITI2,10,Umbria,Umbria,882015,937668,106.31,0.14
2137,2021-05-03,UMB,5088,2271,2817,2097,2887,104,ITI,ITI2,10,Umbria,Umbria,882015,942756,106.89,0.58
2138,2021-01-23,UMB,280,100,180,2,278,0,ITI,ITI2,10,Umbria,Umbria,882015,943036,106.92,0.03
2139,2021-07-18,UMB,7853,4063,3790,273,7553,27,ITI,ITI2,10,Umbria,Umbria,882015,950889,107.81,0.89
2140,2021-06-05,UMB,8227,3777,4450,5414,2655,158,ITI,ITI2,10,Umbria,Umbria,882015,959116,108.74,0.93
2141,2021-06-10,UMB,7559,3764,3795,6461,785,313,ITI,ITI2,10,Umbria,Umbria,882015,966675,109.6,0.86
2142,2021-08-13,UMB,6960,3866,3094,4244,2521,195,ITI,ITI2,10,Umbria,Umbria,882015,973635,110.39,0.79
2143,2021-06-17,UMB,6972,3543,3429,4750,2080,142,ITI,ITI2,10,Umbria,Umbria,882015,980607,111.18,0.79
2144,2021-03-26,UMB,4599,1720,2879,4345,172,82,ITI,ITI2,10,Umbria,Umbria,882015,985206,111.7,0.52
2145,2021-01-02,UMB,304,111,193,304,0,0,ITI,ITI2,10,Umbria,Umbria,882015,985510,111.73,0.03
2146,2021-03-07,UMB,845,180,665,837,7,1,ITI,ITI2,10,Umbria,Umbria,882015,986355,111.83,0.1
2147,2021-03-12,UMB,2695,1082,1613,2191,496,8,ITI,ITI2,10,Umbria,Umbria,882015,989050,112.14,0.31
2148,2021-03-21,UMB,675,338,337,672,0,3,ITI,ITI2,10,Umbria,Umbria,882015,989725,112.21,0.08
2149,2021-08-25,UMB,4282,2228,2054,1539,2663,80,ITI,ITI2,10,Umbria,Umbria,882015,994007,112.7,0.49
2150,2021-06-29,UMB,9898,5040,4858,4102,5695,101,ITI,ITI2,10,Umbria,Umbria,882015,1003905,113.82,1.12
2151,2021-01-21,UMB,608,202,406,338,269,1,ITI,ITI2,10,Umbria,Umbria,882015,1004513,113.89,0.07
2152,2021-08-20,UMB,4340,2312,2028,2919,1277,144,ITI,ITI2,10,Umbria,Umbria,882015,1008853,114.38,0.49
2153,2021-07-13,UMB,4232,2006,2226,78,4146,8,ITI,ITI2,10,Umbria,Umbria,882015,1013085,114.86,0.48
2154,2021-04-21,UMB,5329,2320,3009,3060,2230,39,ITI,ITI2,10,Umbria,Umbria,882015,1018414,115.46,0.6
2155,2021-07-30,UMB,6210,3237,2973,3184,2907,119,ITI,ITI2,10,Umbria,Umbria,882015,1024624,116.17,0.7
2156,2021-03-02,UMB,3643,1346,2297,3635,5,3,ITI,ITI2,10,Umbria,Umbria,882015,1028267,116.58,0.41
2157,2021-06-24,UMB,10161,5120,5041,6002,4009,150,ITI,ITI2,10,Umbria,Umbria,882015,1038428,117.73,1.15
2158,2021-07-25,UMB,7305,3849,3456,1166,6095,44,ITI,ITI2,10,Umbria,Umbria,882015,1045733,118.56,0.83
2159,2021-05-29,UMB,7859,3612,4247,6176,1569,114,ITI,ITI2,10,Umbria,Umbria,882015,1053592,119.45,0.89
2160,2021-05-17,UMB,6373,3064,3309,4108,2179,86,ITI,ITI2,10,Umbria,Umbria,882015,1059965,120.18,0.72
2161,2021-01-14,UMB,723,192,531,723,0,0,ITI,ITI2,10,Umbria,Umbria,882015,1060688,120.26,0.08
2162,2021-03-19,UMB,1743,565,1178,1082,656,5,ITI,ITI2,10,Umbria,Umbria,882015,1062431,120.45,0.2
2163,2021-05-30,UMB,5982,2999,2983,5662,202,118,ITI,ITI2,10,Umbria,Umbria,882015,1068413,121.13,0.68
2164,2021-03-08,UMB,3700,1825,1875,2326,1361,13,ITI,ITI2,10,Umbria,Umbria,882015,1072113,121.55,0.42
2165,2021-06-16,UMB,6318,3092,3226,3069,3097,152,ITI,ITI2,10,Umbria,Umbria,882015,1078431,122.27,0.72
2166,2021-03-25,UMB,3934,1726,2208,2823,1064,47,ITI,ITI2,10,Umbria,Umbria,882015,1082365,122.72,0.45
2167,2021-03-27,UMB,4251,1513,2738,3855,340,56,ITI,ITI2,10,Umbria,Umbria,882015,1086616,123.2,0.48
2168,2021-06-18,UMB,4779,2356,2423,1568,3159,52,ITI,ITI2,10,Umbria,Umbria,882015,1091395,123.74,0.54
2169,2021-07-05,UMB,8418,4082,4336,153,8251,14,ITI,ITI2,10,Umbria,Umbria,882015,1099813,124.69,0.95
2170,2021-05-13,UMB,5940,2670,3270,3727,2085,128,ITI,ITI2,10,Umbria,Umbria,882015,1105753,125.37,0.67
2171,2021-08-21,UMB,2786,1464,1322,1607,1114,65,ITI,ITI2,10,Umbria,Umbria,882015,1108539,125.68,0.32
2172,2021-02-19,UMB,743,293,450,525,217,1,ITI,ITI2,10,Umbria,Umbria,882015,1109282,125.77,0.08
2173,2021-08-04,UMB,10642,5533,5109,3298,7175,169,ITI,ITI2,10,Umbria,Umbria,882015,1119924,126.97,1.21
2174,2021-08-23,UMB,5289,2820,2469,1542,3662,85,ITI,ITI2,10,Umbria,Umbria,882015,1125213,127.57,0.6
2175,2021-06-01,UMB,4385,2090,2295,4157,156,72,ITI,ITI2,10,Umbria,Umbria,882015,1129598,128.07,0.5
2176,2021-03-10,UMB,4031,1943,2088,2759,1257,15,ITI,ITI2,10,Umbria,Umbria,882015,1133629,128.53,0.46
2177,2021-01-16,UMB,202,60,142,201,0,1,ITI,ITI2,10,Umbria,Umbria,882015,1133831,128.55,0.02
2178,2021-02-02,UMB,944,272,672,32,912,0,ITI,ITI2,10,Umbria,Umbria,882015,1134775,128.66,0.11
2179,2021-04-26,UMB,5399,2341,3058,3103,2255,41,ITI,ITI2,10,Umbria,Umbria,882015,1140174,129.27,0.61
2180,2021-04-09,UMB,6747,3129,3618,6410,215,122,ITI,ITI2,10,Umbria,Umbria,882015,1146921,130.03,0.76
2181,2021-04-28,UMB,5392,2331,3061,2938,2397,57,ITI,ITI2,10,Umbria,Umbria,882015,1152313,130.65,0.61
2182,2021-08-06,UMB,8222,4301,3921,3326,4808,88,ITI,ITI2,10,Umbria,Umbria,882015,1160535,131.58,0.93
2183,2021-02-04,UMB,734,226,508,26,708,0,ITI,ITI2,10,Umbria,Umbria,882015,1161269,131.66,0.08
2184,2021-05-15,UMB,4992,1883,3109,1765,3164,63,ITI,ITI2,10,Umbria,Umbria,882015,1166261,132.23,0.57
2185,2021-02-21,UMB,1,0,1,1,0,0,ITI,ITI2,10,Umbria,Umbria,882015,1166262,132.23,0.0
2186,2021-03-24,MAR,7080,3008,4072,3291,3716,73,ITI,ITI3,11,Marche,Marche,1525271,7080,0.46,0.46
2187,2021-06-01,MAR,12056,6157,5899,9680,2090,286,ITI,ITI3,11,Marche,Marche,1525271,19136,1.25,0.79
2188,2021-03-10,MAR,5713,2443,3270,4480,1180,53,ITI,ITI3,11,Marche,Marche,1525271,24849,1.63,0.37
2189,2021-02-21,MAR,376,141,235,363,1,12,ITI,ITI3,11,Marche,Marche,1525271,25225,1.65,0.02
2190,2021-01-21,MAR,922,262,660,577,328,17,ITI,ITI3,11,Marche,Marche,1525271,26147,1.71,0.06
2191,2021-05-01,MAR,9326,3926,5400,3500,5750,76,ITI,ITI3,11,Marche,Marche,1525271,35473,2.33,0.61
2192,2021-05-20,MAR,12684,5961,6723,7537,4896,251,ITI,ITI3,11,Marche,Marche,1525271,48157,3.16,0.83
2193,2021-02-07,MAR,1872,735,1137,331,1529,12,ITI,ITI3,11,Marche,Marche,1525271,50029,3.28,0.12
2194,2021-07-23,MAR,15544,8281,7263,2532,12788,224,ITI,ITI3,11,Marche,Marche,1525271,65573,4.3,1.02
2195,2021-08-11,MAR,7572,4099,3473,3171,4165,236,ITI,ITI3,11,Marche,Marche,1525271,73145,4.8,0.5
2196,2021-06-15,MAR,13193,6567,6626,9823,3052,318,ITI,ITI3,11,Marche,Marche,1525271,86338,5.66,0.86
2197,2021-01-12,MAR,1234,418,816,1221,0,13,ITI,ITI3,11,Marche,Marche,1525271,87572,5.74,0.08
2198,2021-06-22,MAR,13220,6482,6738,6476,6461,283,ITI,ITI3,11,Marche,Marche,1525271,100792,6.61,0.87
2199,2021-04-26,MAR,9173,4063,5110,6017,3026,130,ITI,ITI3,11,Marche,Marche,1525271,109965,7.21,0.6
2200,2021-01-26,MAR,2022,747,1275,74,1939,9,ITI,ITI3,11,Marche,Marche,1525271,111987,7.34,0.13
2201,2021-07-11,MAR,10399,5220,5179,1605,8657,137,ITI,ITI3,11,Marche,Marche,1525271,122386,8.02,0.68
2202,2021-04-19,MAR,9608,4503,5105,7900,1586,122,ITI,ITI3,11,Marche,Marche,1525271,131994,8.65,0.63
2203,2021-07-28,MAR,14199,7371,6828,3248,10719,232,ITI,ITI3,11,Marche,Marche,1525271,146193,9.58,0.93
2204,2021-05-27,MAR,13733,6818,6915,9180,4301,252,ITI,ITI3,11,Marche,Marche,1525271,159926,10.49,0.9
2205,2021-03-31,MAR,7377,3088,4289,4267,3025,85,ITI,ITI3,11,Marche,Marche,1525271,167303,10.97,0.48
2206,2021-08-06,MAR,11705,6354,5351,4145,7279,281,ITI,ITI3,11,Marche,Marche,1525271,179008,11.74,0.77
2207,2021-05-15,MAR,14118,6441,7677,7827,6044,247,ITI,ITI3,11,Marche,Marche,1525271,193126,12.66,0.93
2208,2021-08-23,MAR,6196,3340,2856,2279,3650,267,ITI,ITI3,11,Marche,Marche,1525271,199322,13.07,0.41
2209,2021-02-19,MAR,2002,739,1263,1826,135,41,ITI,ITI3,11,Marche,Marche,1525271,201324,13.2,0.13
2210,2021-04-05,MAR,5703,2367,3336,4354,1269,80,ITI,ITI3,11,Marche,Marche,1525271,207027,13.57,0.37
2211,2021-06-27,MAR,9949,4819,5130,4487,5291,171,ITI,ITI3,11,Marche,Marche,1525271,216976,14.23,0.65
2212,2021-03-19,MAR,3881,1621,2260,325,3544,12,ITI,ITI3,11,Marche,Marche,1525271,220857,14.48,0.25
2213,2021-03-17,MAR,3476,1525,1951,105,3369,2,ITI,ITI3,11,Marche,Marche,1525271,224333,14.71,0.23
2214,2021-01-19,MAR,233,87,146,140,90,3,ITI,ITI3,11,Marche,Marche,1525271,224566,14.72,0.02
2215,2021-02-02,MAR,1193,398,795,70,1123,0,ITI,ITI3,11,Marche,Marche,1525271,225759,14.8,0.08
2216,2021-05-13,MAR,12614,5698,6916,6827,5508,279,ITI,ITI3,11,Marche,Marche,1525271,238373,15.63,0.83
2217,2021-04-12,MAR,8573,3775,4798,7933,482,158,ITI,ITI3,11,Marche,Marche,1525271,246946,16.19,0.56
2218,2021-01-02,MAR,458,143,315,456,0,2,ITI,ITI3,11,Marche,Marche,1525271,247404,16.22,0.03
2219,2021-08-25,MAR,5586,2989,2597,2727,2538,321,ITI,ITI3,11,Marche,Marche,1525271,252990,16.59,0.37
2220,2021-03-05,MAR,6227,2875,3352,4692,1469,66,ITI,ITI3,11,Marche,Marche,1525271,259217,16.99,0.41
2221,2021-01-07,MAR,1820,641,1179,1803,0,17,ITI,ITI3,11,Marche,Marche,1525271,261037,17.11,0.12
2222,2021-03-12,MAR,4681,1999,2682,3346,1280,55,ITI,ITI3,11,Marche,Marche,1525271,265718,17.42,0.31
2223,2021-01-14,MAR,2018,696,1322,1994,0,24,ITI,ITI3,11,Marche,Marche,1525271,267736,17.55,0.13
2224,2021-06-20,MAR,11161,5547,5614,5991,4988,182,ITI,ITI3,11,Marche,Marche,1525271,278897,18.29,0.73
2225,2021-07-18,MAR,12124,6310,5814,1333,10673,118,ITI,ITI3,11,Marche,Marche,1525271,291021,19.08,0.79
2226,2021-01-31,MAR,1921,772,1149,93,1824,4,ITI,ITI3,11,Marche,Marche,1525271,292942,19.21,0.13
2227,2021-04-07,MAR,8869,3932,4937,8361,369,139,ITI,ITI3,11,Marche,Marche,1525271,301811,19.79,0.58
2228,2021-02-09,MAR,125,42,83,46,79,0,ITI,ITI3,11,Marche,Marche,1525271,301936,19.8,0.01
2229,2021-07-16,MAR,15839,8239,7600,1844,13736,259,ITI,ITI3,11,Marche,Marche,1525271,317775,20.83,1.04
2230,2021-06-12,MAR,13781,7315,6466,12104,1346,331,ITI,ITI3,11,Marche,Marche,1525271,331556,21.74,0.9
2231,2021-04-16,MAR,10085,4704,5381,9354,526,205,ITI,ITI3,11,Marche,Marche,1525271,341641,22.4,0.66
2232,2021-08-18,MAR,6421,3421,3000,3214,2872,335,ITI,ITI3,11,Marche,Marche,1525271,348062,22.82,0.42
2233,2021-08-04,MAR,12002,6380,5622,4059,7701,242,ITI,ITI3,11,Marche,Marche,1525271,360064,23.61,0.79
2234,2021-01-23,MAR,557,190,367,118,436,3,ITI,ITI3,11,Marche,Marche,1525271,360621,23.64,0.04
2235,2021-06-29,MAR,13371,6599,6772,4929,8215,227,ITI,ITI3,11,Marche,Marche,1525271,373992,24.52,0.88
2236,2021-05-03,MAR,10410,4690,5720,4858,5414,138,ITI,ITI3,11,Marche,Marche,1525271,384402,25.2,0.68
2237,2021-02-14,MAR,739,301,438,727,0,12,ITI,ITI3,11,Marche,Marche,1525271,385141,25.25,0.05
2238,2021-08-16,MAR,5165,2781,2384,2983,2022,160,ITI,ITI3,11,Marche,Marche,1525271,390306,25.59,0.34
2239,2021-05-08,MAR,12292,5486,6806,4854,7264,174,ITI,ITI3,11,Marche,Marche,1525271,402598,26.4,0.81
2240,2021-07-30,MAR,14712,7864,6848,4867,9557,288,ITI,ITI3,11,Marche,Marche,1525271,417310,27.36,0.96
2241,2021-07-09,MAR,14903,7503,7400,2556,12133,214,ITI,ITI3,11,Marche,Marche,1525271,432213,28.34,0.98
2242,2021-03-29,MAR,5897,2583,3314,3391,2458,48,ITI,ITI3,11,Marche,Marche,1525271,438110,28.72,0.39
2243,2021-06-03,MAR,14639,7483,7156,12082,2252,305,ITI,ITI3,11,Marche,Marche,1525271,452749,29.68,0.96
2244,2021-07-04,MAR,10896,5445,5451,3204,7531,161,ITI,ITI3,11,Marche,Marche,1525271,463645,30.4,0.71
2245,2020-12-31,MAR,392,184,208,390,0,2,ITI,ITI3,11,Marche,Marche,1525271,464037,30.42,0.03
2246,2021-08-30,MAR,5683,2845,2838,2362,3051,270,ITI,ITI3,11,Marche,Marche,1525271,469720,30.8,0.37
2247,2021-02-28,MAR,2836,1251,1585,2822,6,8,ITI,ITI3,11,Marche,Marche,1525271,472556,30.98,0.19
2248,2021-06-08,MAR,14097,7094,7003,11195,2610,292,ITI,ITI3,11,Marche,Marche,1525271,486653,31.91,0.92
2249,2021-03-07,MAR,5180,2107,3073,4378,754,48,ITI,ITI3,11,Marche,Marche,1525271,491833,32.25,0.34
2250,2021-08-08,MAR,5635,3019,2616,1679,3845,111,ITI,ITI3,11,Marche,Marche,1525271,497468,32.62,0.37
2251,2021-07-06,MAR,13962,6920,7042,3142,10597,223,ITI,ITI3,11,Marche,Marche,1525271,511430,33.53,0.92
2252,2021-07-20,MAR,14397,7436,6961,1768,12455,174,ITI,ITI3,11,Marche,Marche,1525271,525827,34.47,0.94
2253,2021-01-16,MAR,2040,735,1305,1989,0,51,ITI,ITI3,11,Marche,Marche,1525271,527867,34.61,0.13
2254,2021-04-24,MAR,12173,5367,6806,7559,4467,147,ITI,ITI3,11,Marche,Marche,1525271,540040,35.41,0.8
2255,2021-02-26,MAR,3679,1523,2156,3097,478,104,ITI,ITI3,11,Marche,Marche,1525271,543719,35.65,0.24
2256,2021-05-12,MAR,10430,4691,5739,4732,5505,193,ITI,ITI3,11,Marche,Marche,1525271,554149,36.33,0.68
2257,2021-08-20,MAR,4963,2693,2270,2954,1687,322,ITI,ITI3,11,Marche,Marche,1525271,559112,36.66,0.33
2258,2021-07-08,MAR,15041,7539,7502,2789,12027,225,ITI,ITI3,11,Marche,Marche,1525271,574153,37.64,0.99
2259,2021-08-27,MAR,5718,3051,2667,2801,2516,401,ITI,ITI3,11,Marche,Marche,1525271,579871,38.02,0.37
2260,2021-07-01,MAR,14698,7368,7330,4659,9760,279,ITI,ITI3,11,Marche,Marche,1525271,594569,38.98,0.96
2261,2021-02-15,MAR,967,412,555,939,13,15,ITI,ITI3,11,Marche,Marche,1525271,595536,39.04,0.06
2262,2021-07-25,MAR,9352,4933,4419,1005,8249,98,ITI,ITI3,11,Marche,Marche,1525271,604888,39.66,0.61
2263,2021-01-04,MAR,1527,574,953,1514,0,13,ITI,ITI3,11,Marche,Marche,1525271,606415,39.76,0.1
2264,2021-04-14,MAR,10220,4565,5655,9654,369,197,ITI,ITI3,11,Marche,Marche,1525271,616635,40.43,0.67
2265,2020-12-30,MAR,17,5,12,17,0,0,ITI,ITI3,11,Marche,Marche,1525271,616652,40.43,0.0
2266,2021-03-28,MAR,4125,1739,2386,2396,1691,38,ITI,ITI3,11,Marche,Marche,1525271,620777,40.7,0.27
2267,2021-01-30,MAR,1905,668,1237,24,1881,0,ITI,ITI3,11,Marche,Marche,1525271,622682,40.82,0.12
2268,2021-02-04,MAR,2388,844,1544,107,2276,5,ITI,ITI3,11,Marche,Marche,1525271,625070,40.98,0.16
2269,2021-01-18,MAR,696,237,459,536,149,11,ITI,ITI3,11,Marche,Marche,1525271,625766,41.03,0.05
2270,2021-04-28,MAR,10933,4981,5952,6020,4740,173,ITI,ITI3,11,Marche,Marche,1525271,636699,41.74,0.72
2271,2021-02-18,MAR,2145,786,1359,1806,288,51,ITI,ITI3,11,Marche,Marche,1525271,638844,41.88,0.14
2272,2021-05-29,MAR,12875,6239,6636,8117,4540,218,ITI,ITI3,11,Marche,Marche,1525271,651719,42.73,0.84
2273,2021-02-16,MAR,1287,475,812,1225,30,32,ITI,ITI3,11,Marche,Marche,1525271,653006,42.81,0.08
2274,2021-02-25,MAR,3562,1466,2096,3320,181,61,ITI,ITI3,11,Marche,Marche,1525271,656568,43.05,0.23
2275,2021-08-01,MAR,7495,4049,3446,1833,5577,85,ITI,ITI3,11,Marche,Marche,1525271,664063,43.54,0.49
2276,2021-06-05,MAR,13943,7011,6932,11519,2058,366,ITI,ITI3,11,Marche,Marche,1525271,678006,44.45,0.91
2277,2021-06-19,MAR,14695,7404,7291,7749,6680,266,ITI,ITI3,11,Marche,Marche,1525271,692701,45.41,0.96
2278,2021-05-31,MAR,11782,5944,5838,8599,2931,252,ITI,ITI3,11,Marche,Marche,1525271,704483,46.19,0.77
2279,2021-05-17,MAR,12049,5650,6399,7470,4354,225,ITI,ITI3,11,Marche,Marche,1525271,716532,46.98,0.79
2280,2021-03-02,MAR,5002,1967,3035,4370,566,66,ITI,ITI3,11,Marche,Marche,1525271,721534,47.31,0.33
2281,2021-06-10,MAR,14930,7695,7235,12575,2013,342,ITI,ITI3,11,Marche,Marche,1525271,736464,48.28,0.98
2282,2021-08-15,MAR,225,112,113,205,13,7,ITI,ITI3,11,Marche,Marche,1525271,736689,48.3,0.01
2283,2021-05-24,MAR,10999,5193,5806,7957,2865,177,ITI,ITI3,11,Marche,Marche,1525271,747688,49.02,0.72
2284,2021-04-30,MAR,14166,6205,7961,5396,8572,198,ITI,ITI3,11,Marche,Marche,1525271,761854,49.95,0.93
2285,2021-04-11,MAR,7118,3116,4002,6686,287,145,ITI,ITI3,11,Marche,Marche,1525271,768972,50.42,0.47
2286,2021-03-11,MAR,6636,2824,3812,5146,1411,79,ITI,ITI3,11,Marche,Marche,1525271,775608,50.85,0.44
2287,2021-03-25,MAR,6704,2794,3910,3188,3456,60,ITI,ITI3,11,Marche,Marche,1525271,782312,51.29,0.44
2288,2021-05-26,MAR,11889,5952,5937,8449,3226,214,ITI,ITI3,11,Marche,Marche,1525271,794201,52.07,0.78
2289,2021-03-30,MAR,7486,3079,4407,4578,2833,75,ITI,ITI3,11,Marche,Marche,1525271,801687,52.56,0.49
2290,2021-02-01,MAR,1362,479,883,93,1266,3,ITI,ITI3,11,Marche,Marche,1525271,803049,52.65,0.09
2291,2021-04-09,MAR,9573,4193,5380,9152,200,221,ITI,ITI3,11,Marche,Marche,1525271,812622,53.28,0.63
2292,2021-07-27,MAR,14366,7533,6833,3035,11105,226,ITI,ITI3,11,Marche,Marche,1525271,826988,54.22,0.94
2293,2021-01-06,MAR,2214,804,1410,2195,0,19,ITI,ITI3,11,Marche,Marche,1525271,829202,54.36,0.15
2294,2021-03-04,MAR,6540,2895,3645,5083,1395,62,ITI,ITI3,11,Marche,Marche,1525271,835742,54.79,0.43
2295,2021-03-13,MAR,5807,2681,3126,1765,4002,40,ITI,ITI3,11,Marche,Marche,1525271,841549,55.17,0.38
2296,2021-08-17,MAR,7596,4042,3554,3086,4286,224,ITI,ITI3,11,Marche,Marche,1525271,849145,55.67,0.5
2297,2021-06-21,MAR,12607,6184,6423,5479,6881,247,ITI,ITI3,11,Marche,Marche,1525271,861752,56.5,0.83
2298,2021-03-26,MAR,6392,2626,3766,3475,2859,58,ITI,ITI3,11,Marche,Marche,1525271,868144,56.92,0.42
2299,2021-06-17,MAR,15205,7565,7640,8797,6111,297,ITI,ITI3,11,Marche,Marche,1525271,883349,57.91,1.0
2300,2021-03-09,MAR,5433,2295,3138,4460,881,92,ITI,ITI3,11,Marche,Marche,1525271,888782,58.27,0.36
2301,2021-07-22,MAR,15748,8048,7700,2019,13488,241,ITI,ITI3,11,Marche,Marche,1525271,904530,59.3,1.03
2302,2021-04-13,MAR,9838,4261,5577,9399,234,205,ITI,ITI3,11,Marche,Marche,1525271,914368,59.95,0.65
2303,2021-05-10,MAR,9452,4338,5114,4761,4555,136,ITI,ITI3,11,Marche,Marche,1525271,923820,60.57,0.62
2304,2021-03-14,MAR,2499,1032,1467,1897,592,10,ITI,ITI3,11,Marche,Marche,1525271,926319,60.73,0.16
2305,2021-03-21,MAR,4505,1873,2632,1612,2876,17,ITI,ITI3,11,Marche,Marche,1525271,930824,61.03,0.3
2306,2021-02-06,MAR,2463,902,1561,512,1942,9,ITI,ITI3,11,Marche,Marche,1525271,933287,61.19,0.16
2307,2021-05-22,MAR,11941,5720,6221,7321,4449,171,ITI,ITI3,11,Marche,Marche,1525271,945228,61.97,0.78
2308,2021-02-11,MAR,1988,657,1331,1557,390,41,ITI,ITI3,11,Marche,Marche,1525271,947216,62.1,0.13
2309,2021-05-05,MAR,11695,5322,6373,5103,6431,161,ITI,ITI3,11,Marche,Marche,1525271,958911,62.87,0.77
2310,2021-08-13,MAR,6750,3758,2992,3387,3151,212,ITI,ITI3,11,Marche,Marche,1525271,965661,63.31,0.44
2311,2021-04-23,MAR,11318,5222,6096,8100,3055,163,ITI,ITI3,11,Marche,Marche,1525271,976979,64.05,0.74
2312,2021-02-23,MAR,3314,1432,1882,3243,56,15,ITI,ITI3,11,Marche,Marche,1525271,980293,64.27,0.22
2313,2021-07-03,MAR,13844,6991,6853,4136,9396,312,ITI,ITI3,11,Marche,Marche,1525271,994137,65.18,0.91
2314,2021-02-20,MAR,4163,1732,2431,4042,111,10,ITI,ITI3,11,Marche,Marche,1525271,998300,65.45,0.27
2315,2021-08-22,MAR,109,60,49,75,26,8,ITI,ITI3,11,Marche,Marche,1525271,998409,65.46,0.01
2316,2021-01-20,MAR,406,100,306,384,20,2,ITI,ITI3,11,Marche,Marche,1525271,998815,65.48,0.03
2317,2021-02-03,MAR,2129,743,1386,97,2011,21,ITI,ITI3,11,Marche,Marche,1525271,1000944,65.62,0.14
2318,2021-05-14,MAR,13637,6293,7344,6508,6914,215,ITI,ITI3,11,Marche,Marche,1525271,1014581,66.52,0.89
2319,2021-04-06,MAR,8877,3693,5184,7930,810,137,ITI,ITI3,11,Marche,Marche,1525271,1023458,67.1,0.58
2320,2021-03-23,MAR,5839,2557,3282,2225,3576,38,ITI,ITI3,11,Marche,Marche,1525271,1029297,67.48,0.38
2321,2021-02-08,MAR,834,259,575,366,463,5,ITI,ITI3,11,Marche,Marche,1525271,1030131,67.54,0.05
2322,2021-07-15,MAR,16010,8286,7724,1752,14030,228,ITI,ITI3,11,Marche,Marche,1525271,1046141,68.59,1.05
2323,2021-05-19,MAR,11667,5365,6302,8369,3101,197,ITI,ITI3,11,Marche,Marche,1525271,1057808,69.35,0.76
2324,2021-05-09,MAR,8866,4022,4844,3560,5229,77,ITI,ITI3,11,Marche,Marche,1525271,1066674,69.93,0.58
2325,2021-03-06,MAR,5739,2642,3097,4419,1268,52,ITI,ITI3,11,Marche,Marche,1525271,1072413,70.31,0.38
2326,2021-07-05,MAR,13167,6510,6657,2920,10075,172,ITI,ITI3,11,Marche,Marche,1525271,1085580,71.17,0.86
2327,2021-06-16,MAR,13755,6912,6843,9126,4365,264,ITI,ITI3,11,Marche,Marche,1525271,1099335,72.07,0.9
2328,2021-06-02,MAR,11900,5938,5962,11028,676,196,ITI,ITI3,11,Marche,Marche,1525271,1111235,72.85,0.78
2329,2021-02-22,MAR,3461,1532,1929,3351,75,35,ITI,ITI3,11,Marche,Marche,1525271,1114696,73.08,0.23
2330,2021-07-17,MAR,15139,7792,7347,1384,13544,211,ITI,ITI3,11,Marche,Marche,1525271,1129835,74.07,0.99
2331,2021-05-21,MAR,13909,6594,7315,7225,6472,212,ITI,ITI3,11,Marche,Marche,1525271,1143744,74.99,0.91
2332,2021-08-29,MAR,453,255,198,245,182,26,ITI,ITI3,11,Marche,Marche,1525271,1144197,75.02,0.03
2333,2021-05-28,MAR,13963,6741,7222,8801,4864,298,ITI,ITI3,11,Marche,Marche,1525271,1158160,75.93,0.92
2334,2021-04-01,MAR,7578,3184,4394,4065,3418,95,ITI,ITI3,11,Marche,Marche,1525271,1165738,76.43,0.5
2335,2021-07-02,MAR,14557,7180,7377,4674,9652,231,ITI,ITI3,11,Marche,Marche,1525271,1180295,77.38,0.95
2336,2021-06-18,MAR,15347,7647,7700,8294,6753,300,ITI,ITI3,11,Marche,Marche,1525271,1195642,78.39,1.01
2337,2021-01-15,MAR,1772,500,1272,1755,0,17,ITI,ITI3,11,Marche,Marche,1525271,1197414,78.51,0.12
2338,2021-04-25,MAR,8601,3995,4606,6892,1578,131,ITI,ITI3,11,Marche,Marche,1525271,1206015,79.07,0.56
2339,2021-08-03,MAR,10878,5737,5141,4030,6582,266,ITI,ITI3,11,Marche,Marche,1525271,1216893,79.78,0.71
2340,2021-08-12,MAR,8018,4329,3689,3888,3769,361,ITI,ITI3,11,Marche,Marche,1525271,1224911,80.31,0.53
2341,2021-04-17,MAR,11706,5318,6388,10396,1073,237,ITI,ITI3,11,Marche,Marche,1525271,1236617,81.08,0.77
2342,2021-07-26,MAR,11030,5736,5294,2109,8716,205,ITI,ITI3,11,Marche,Marche,1525271,1247647,81.8,0.72
2343,2021-08-09,MAR,9094,4828,4266,4051,4770,273,ITI,ITI3,11,Marche,Marche,1525271,1256741,82.39,0.6
2344,2021-06-13,MAR,10752,5566,5186,9204,1299,249,ITI,ITI3,11,Marche,Marche,1525271,1267493,83.1,0.7
2345,2020-12-27,MAR,209,100,109,207,0,2,ITI,ITI3,11,Marche,Marche,1525271,1267702,83.11,0.01
2346,2021-05-07,MAR,12837,5801,7036,3560,9185,92,ITI,ITI3,11,Marche,Marche,1525271,1280539,83.95,0.84
2347,2021-02-13,MAR,1093,462,631,988,82,23,ITI,ITI3,11,Marche,Marche,1525271,1281632,84.03,0.07
2348,2021-01-27,MAR,2119,778,1341,113,2004,2,ITI,ITI3,11,Marche,Marche,1525271,1283751,84.17,0.14
2349,2021-04-20,MAR,10756,5030,5726,9149,1472,135,ITI,ITI3,11,Marche,Marche,1525271,1294507,84.87,0.71
2350,2021-06-14,MAR,12839,6487,6352,9258,3310,271,ITI,ITI3,11,Marche,Marche,1525271,1307346,85.71,0.84
2351,2021-08-28,MAR,3148,1697,1451,1202,1802,144,ITI,ITI3,11,Marche,Marche,1525271,1310494,85.92,0.21
2352,2021-08-07,MAR,9452,5193,4259,3473,5742,237,ITI,ITI3,11,Marche,Marche,1525271,1319946,86.54,0.62
2353,2021-07-21,MAR,14925,7618,7307,2069,12643,213,ITI,ITI3,11,Marche,Marche,1525271,1334871,87.52,0.98
2354,2021-04-29,MAR,13450,6158,7292,7162,6105,183,ITI,ITI3,11,Marche,Marche,1525271,1348321,88.4,0.88
2355,2021-08-24,MAR,6438,3401,3037,3297,2759,382,ITI,ITI3,11,Marche,Marche,1525271,1354759,88.82,0.42
2356,2021-08-05,MAR,11906,6393,5513,4080,7560,266,ITI,ITI3,11,Marche,Marche,1525271,1366665,89.6,0.78
2357,2021-03-27,MAR,7428,3097,4331,4959,2395,74,ITI,ITI3,11,Marche,Marche,1525271,1374093,90.09,0.49
2358,2021-04-10,MAR,10934,4628,6306,10373,314,247,ITI,ITI3,11,Marche,Marche,1525271,1385027,90.81,0.72
2359,2021-01-03,MAR,912,358,554,902,0,10,ITI,ITI3,11,Marche,Marche,1525271,1385939,90.87,0.06
2360,2021-07-19,MAR,14679,7532,7147,1926,12538,215,ITI,ITI3,11,Marche,Marche,1525271,1400618,91.83,0.96
2361,2021-07-24,MAR,13274,7116,6158,2943,10074,257,ITI,ITI3,11,Marche,Marche,1525271,1413892,92.7,0.87
2362,2021-07-10,MAR,14160,7233,6927,1656,12301,203,ITI,ITI3,11,Marche,Marche,1525271,1428052,93.63,0.93
2363,2021-04-22,MAR,10798,4931,5867,9078,1579,141,ITI,ITI3,11,Marche,Marche,1525271,1438850,94.33,0.71
2364,2021-02-24,MAR,3534,1547,1987,3424,78,32,ITI,ITI3,11,Marche,Marche,1525271,1442384,94.57,0.23
2365,2021-08-02,MAR,11724,6208,5516,4599,6867,258,ITI,ITI3,11,Marche,Marche,1525271,1454108,95.33,0.77
2366,2021-06-06,MAR,12453,6137,6316,10639,1578,236,ITI,ITI3,11,Marche,Marche,1525271,1466561,96.15,0.82
2367,2021-01-13,MAR,2114,747,1367,2073,0,41,ITI,ITI3,11,Marche,Marche,1525271,1468675,96.29,0.14
2368,2021-05-02,MAR,8904,3939,4965,3080,5742,82,ITI,ITI3,11,Marche,Marche,1525271,1477579,96.87,0.58
2369,2021-08-10,MAR,9202,4815,4387,3333,5593,276,ITI,ITI3,11,Marche,Marche,1525271,1486781,97.48,0.6
2370,2021-06-28,MAR,12362,6026,6336,4613,7512,237,ITI,ITI3,11,Marche,Marche,1525271,1499143,98.29,0.81
2371,2021-07-29,MAR,14845,7880,6965,4579,9955,311,ITI,ITI3,11,Marche,Marche,1525271,1513988,99.26,0.97
2372,2021-01-25,MAR,1597,559,1038,90,1507,0,ITI,ITI3,11,Marche,Marche,1525271,1515585,99.36,0.1
2373,2021-01-08,MAR,1583,592,991,1568,0,15,ITI,ITI3,11,Marche,Marche,1525271,1517168,99.47,0.1
2374,2021-04-18,MAR,8825,4132,4693,7730,921,174,ITI,ITI3,11,Marche,Marche,1525271,1525993,100.05,0.58
2375,2021-01-29,MAR,1994,731,1263,155,1834,5,ITI,ITI3,11,Marche,Marche,1525271,1527987,100.18,0.13
2376,2021-05-18,MAR,11272,5347,5925,7490,3603,179,ITI,ITI3,11,Marche,Marche,1525271,1539259,100.92,0.74
2377,2021-08-26,MAR,5680,3027,2653,2775,2545,360,ITI,ITI3,11,Marche,Marche,1525271,1544939,101.29,0.37
2378,2021-08-21,MAR,2977,1663,1314,1492,1311,174,ITI,ITI3,11,Marche,Marche,1525271,1547916,101.48,0.2
2379,2021-06-04,MAR,14338,7290,7048,11588,2440,310,ITI,ITI3,11,Marche,Marche,1525271,1562254,102.42,0.94
2380,2021-04-08,MAR,9489,4156,5333,8962,370,157,ITI,ITI3,11,Marche,Marche,1525271,1571743,103.05,0.62
2381,2021-03-03,MAR,6701,3077,3624,5717,885,99,ITI,ITI3,11,Marche,Marche,1525271,1578444,103.49,0.44
2382,2021-01-05,MAR,1587,593,994,1568,0,19,ITI,ITI3,11,Marche,Marche,1525271,1580031,103.59,0.1
2383,2021-03-08,MAR,6301,2761,3540,5189,1002,110,ITI,ITI3,11,Marche,Marche,1525271,1586332,104.0,0.41
2384,2021-02-05,MAR,2158,655,1503,438,1719,1,ITI,ITI3,11,Marche,Marche,1525271,1588490,104.14,0.14
2385,2021-05-16,MAR,10900,4958,5942,6548,4231,121,ITI,ITI3,11,Marche,Marche,1525271,1599390,104.86,0.71
2386,2021-05-30,MAR,9735,4690,5045,6546,2992,197,ITI,ITI3,11,Marche,Marche,1525271,1609125,105.5,0.64
2387,2021-07-31,MAR,13204,7250,5954,5142,7731,331,ITI,ITI3,11,Marche,Marche,1525271,1622329,106.36,0.87
2388,2021-07-14,MAR,13853,6819,7034,1786,11875,192,ITI,ITI3,11,Marche,Marche,1525271,1636182,107.27,0.91
2389,2021-01-10,MAR,1746,702,1044,1732,0,14,ITI,ITI3,11,Marche,Marche,1525271,1637928,107.39,0.11
2390,2021-07-12,MAR,13724,6805,6919,1228,12378,118,ITI,ITI3,11,Marche,Marche,1525271,1651652,108.29,0.9
2391,2021-03-22,MAR,5703,2412,3291,2479,3178,46,ITI,ITI3,11,Marche,Marche,1525271,1657355,108.66,0.37
2392,2021-01-24,MAR,881,339,542,3,878,0,ITI,ITI3,11,Marche,Marche,1525271,1658236,108.72,0.06
2393,2021-06-30,MAR,13649,6663,6986,4452,8986,211,ITI,ITI3,11,Marche,Marche,1525271,1671885,109.61,0.89
2394,2021-05-04,MAR,10975,4841,6134,4927,5905,143,ITI,ITI3,11,Marche,Marche,1525271,1682860,110.33,0.72
2395,2021-05-11,MAR,10624,4832,5792,5491,4943,190,ITI,ITI3,11,Marche,Marche,1525271,1693484,111.03,0.7
2396,2021-03-15,MAR,4451,2060,2391,1291,3139,21,ITI,ITI3,11,Marche,Marche,1525271,1697935,111.32,0.29
2397,2021-08-19,MAR,6272,3346,2926,3490,2453,329,ITI,ITI3,11,Marche,Marche,1525271,1704207,111.73,0.41
2398,2021-06-23,MAR,13893,6819,7074,6627,7010,256,ITI,ITI3,11,Marche,Marche,1525271,1718100,112.64,0.91
2399,2021-04-27,MAR,9595,4390,5205,5508,3990,97,ITI,ITI3,11,Marche,Marche,1525271,1727695,113.27,0.63
2400,2021-01-17,MAR,1624,695,929,1554,64,6,ITI,ITI3,11,Marche,Marche,1525271,1729319,113.38,0.11
2401,2021-04-15,MAR,10381,4678,5703,9573,564,244,ITI,ITI3,11,Marche,Marche,1525271,1739700,114.06,0.68
2402,2021-02-17,MAR,1828,701,1127,1642,118,68,ITI,ITI3,11,Marche,Marche,1525271,1741528,114.18,0.12
2403,2021-04-03,MAR,7577,3204,4373,6736,667,174,ITI,ITI3,11,Marche,Marche,1525271,1749105,114.68,0.5
2404,2021-06-25,MAR,14344,7171,7173,6418,7637,289,ITI,ITI3,11,Marche,Marche,1525271,1763449,115.62,0.94
2405,2021-03-20,MAR,4178,1759,2419,1035,3129,14,ITI,ITI3,11,Marche,Marche,1525271,1767627,115.89,0.27
2406,2021-01-22,MAR,489,168,321,193,294,2,ITI,ITI3,11,Marche,Marche,1525271,1768116,115.92,0.03
2407,2021-07-07,MAR,14257,7068,7189,2935,11080,242,ITI,ITI3,11,Marche,Marche,1525271,1782373,116.86,0.93
2408,2021-01-09,MAR,1718,606,1112,1698,0,20,ITI,ITI3,11,Marche,Marche,1525271,1784091,116.97,0.11
2409,2021-04-02,MAR,6895,2987,3908,6044,739,112,ITI,ITI3,11,Marche,Marche,1525271,1790986,117.42,0.45
2410,2021-03-16,MAR,3521,1523,1998,285,3230,6,ITI,ITI3,11,Marche,Marche,1525271,1794507,117.65,0.23
2411,2021-06-24,MAR,13836,6672,7164,6187,7377,272,ITI,ITI3,11,Marche,Marche,1525271,1808343,118.56,0.91
2412,2021-01-11,MAR,1181,413,768,1163,0,18,ITI,ITI3,11,Marche,Marche,1525271,1809524,118.64,0.08
2413,2021-04-21,MAR,10786,4969,5817,9428,1195,163,ITI,ITI3,11,Marche,Marche,1525271,1820310,119.34,0.71
2414,2021-01-28,MAR,2092,726,1366,160,1931,1,ITI,ITI3,11,Marche,Marche,1525271,1822402,119.48,0.14
2415,2021-04-04,MAR,3836,1797,2039,2614,1169,53,ITI,ITI3,11,Marche,Marche,1525271,1826238,119.73,0.25
2416,2021-07-13,MAR,14852,7278,7574,1456,13267,129,ITI,ITI3,11,Marche,Marche,1525271,1841090,120.71,0.97
2417,2021-08-31,MAR,3745,1990,1755,1486,2094,165,ITI,ITI3,11,Marche,Marche,1525271,1844835,120.95,0.25
2418,2021-06-09,MAR,14279,7417,6862,12108,1869,302,ITI,ITI3,11,Marche,Marche,1525271,1859114,121.89,0.94
2419,2021-06-07,MAR,13322,6589,6733,10569,2450,303,ITI,ITI3,11,Marche,Marche,1525271,1872436,122.76,0.87
2420,2021-02-27,MAR,3401,1457,1944,3158,209,34,ITI,ITI3,11,Marche,Marche,1525271,1875837,122.98,0.22
2421,2021-03-18,MAR,3440,1507,1933,149,3279,12,ITI,ITI3,11,Marche,Marche,1525271,1879277,123.21,0.23
2422,2021-06-26,MAR,13580,6908,6672,5690,7672,218,ITI,ITI3,11,Marche,Marche,1525271,1892857,124.1,0.89
2423,2021-05-23,MAR,9210,4284,4926,7414,1672,124,ITI,ITI3,11,Marche,Marche,1525271,1902067,124.7,0.6
2424,2021-05-06,MAR,12661,5825,6836,5359,7075,227,ITI,ITI3,11,Marche,Marche,1525271,1914728,125.53,0.83
2425,2021-02-12,MAR,1581,618,963,1404,151,26,ITI,ITI3,11,Marche,Marche,1525271,1916309,125.64,0.1
2426,2021-08-14,MAR,2400,1378,1022,1033,1318,49,ITI,ITI3,11,Marche,Marche,1525271,1918709,125.79,0.16
2427,2021-02-10,MAR,1440,452,988,1039,359,42,ITI,ITI3,11,Marche,Marche,1525271,1920149,125.89,0.09
2428,2021-06-11,MAR,14003,7156,6847,11374,2324,305,ITI,ITI3,11,Marche,Marche,1525271,1934152,126.81,0.92
2429,2021-05-25,MAR,11769,5798,5971,8497,3052,220,ITI,ITI3,11,Marche,Marche,1525271,1945921,127.58,0.77
2430,2021-03-01,MAR,3772,1520,2252,3503,248,21,ITI,ITI3,11,Marche,Marche,1525271,1949693,127.83,0.25
2431,2021-03-28,FVG,4944,2355,2589,4690,158,96,ITH,ITH4,6,Friuli-Venezia Giulia,Friuli Venezia Giulia,1215220,4944,0.41,0.41
2432,2021-01-18,FVG,1963,607,1356,1869,94,0,ITH,ITH4,6,Friuli-Venezia Giulia,Friuli Venezia Giulia,1215220,6907,0.57,0.16
2433,2021-01-04,FVG,1507,558,949,1507,0,0,ITH,ITH4,6,Friuli-Venezia Giulia,Friuli Venezia Giulia,1215220,8414,0.69,0.12
2434,2021-02-18,FVG,3227,1500,1727,2801,408,18,ITH,ITH4,6,Friuli-Venezia Giulia,Friuli Venezia Giulia,1215220,11641,0.96,0.27
2435,2021-04-02,FVG,6603,2933,3670,4634,1840,129,ITH,ITH4,6,Friuli-Venezia Giulia,Friuli Venezia Giulia,1215220,18244,1.5,0.54
2436,2021-04-28,FVG,7334,3238,4096,3687,3510,137,ITH,ITH4,6,Friuli-Venezia Giulia,Friuli Venezia Giulia,1215220,25578,2.1,0.6
2437,2021-01-23,FVG,815,323,492,4,811,0,ITH,ITH4,6,Friuli-Venezia Giulia,Friuli Venezia Giulia,1215220,26393,2.17,0.07
2438,2021-07-20,FVG,9397,4926,4471,2444,6654,299,ITH,ITH4,6,Friuli-Venezia Giulia,Friuli Venezia Giulia,1215220,35790,2.95,0.77
2439,2021-08-03,FVG,10030,5268,4762,5116,4545,369,ITH,ITH4,6,Friuli-Venezia Giulia,Friuli Venezia Giulia,1215220,45820,3.77,0.83
2440,2021-04-11,FVG,3433,1519,1914,2414,906,113,ITH,ITH4,6,Friuli-Venezia Giulia,Friuli Venezia Giulia,1215220,49253,4.05,0.28
2441,2021-06-07,FVG,9219,4780,4439,7847,996,376,ITH,ITH4,6,Friuli-Venezia Giulia,Friuli Venezia Giulia,1215220,58472,4.81,0.76
2442,2021-01-30,FVG,2284,745,1539,270,2014,0,ITH,ITH4,6,Friuli-Venezia Giulia,Friuli Venezia Giulia,1215220,60756,5.0,0.19
2443,2021-07-13,FVG,11075,5706,5369,1169,9755,151,ITH,ITH4,6,Friuli-Venezia Giulia,Friuli Venezia Giulia,1215220,71831,5.91,0.91
2444,2021-08-29,FVG,3132,1760,1372,1782,1250,100,ITH,ITH4,6,Friuli-Venezia Giulia,Friuli Venezia Giulia,1215220,74963,6.17,0.26
2445,2021-06-24,FVG,11102,5662,5440,1895,9099,108,ITH,ITH4,6,Friuli-Venezia Giulia,Friuli Venezia Giulia,1215220,86065,7.08,0.91
2446,2021-03-16,FVG,3189,1300,1889,1024,2083,82,ITH,ITH4,6,Friuli-Venezia Giulia,Friuli Venezia Giulia,1215220,89254,7.34,0.26
2447,2021-08-20,FVG,6223,3512,2711,2659,3291,273,ITH,ITH4,6,Friuli-Venezia Giulia,Friuli Venezia Giulia,1215220,95477,7.86,0.51
2448,2021-05-12,FVG,11184,5171,6013,9348,1426,410,ITH,ITH4,6,Friuli-Venezia Giulia,Friuli Venezia Giulia,1215220,106661,8.78,0.92
2449,2021-07-08,FVG,13097,7080,6017,1357,11558,182,ITH,ITH4,6,Friuli-Venezia Giulia,Friuli Venezia Giulia,1215220,119758,9.85,1.08
2450,2021-02-04,FVG,2727,808,1919,35,2692,0,ITH,ITH4,6,Friuli-Venezia Giulia,Friuli Venezia Giulia,1215220,122485,10.08,0.22
2451,2021-08-08,FVG,4266,2321,1945,1855,2316,95,ITH,ITH4,6,Friuli-Venezia Giulia,Friuli Venezia Giulia,1215220,126751,10.43,0.35
2452,2021-04-30,FVG,7409,3268,4141,3574,3661,174,ITH,ITH4,6,Friuli-Venezia Giulia,Friuli Venezia Giulia,1215220,134160,11.04,0.61
2453,2021-05-24,FVG,11477,5556,5921,7527,3647,303,ITH,ITH4,6,Friuli-Venezia Giulia,Friuli Venezia Giulia,1215220,145637,11.98,0.94
2454,2021-02-13,FVG,566,179,387,558,6,2,ITH,ITH4,6,Friuli-Venezia Giulia,Friuli Venezia Giulia,1215220,146203,12.03,0.05
2455,2021-08-15,FVG,1,1,0,0,1,0,ITH,ITH4,6,Friuli-Venezia Giulia,Friuli Venezia Giulia,1215220,146204,12.03,0.0
2456,2021-03-02,FVG,4222,1519,2703,2700,1500,22,ITH,ITH4,6,Friuli-Venezia Giulia,Friuli Venezia Giulia,1215220,150426,12.38,0.35
2457,2021-03-04,FVG,3458,1599,1859,2768,661,29,ITH,ITH4,6,Friuli-Venezia Giulia,Friuli Venezia Giulia,1215220,153884,12.66,0.28
2458,2021-06-12,FVG,8228,4716,3512,6796,1161,271,ITH,ITH4,6,Friuli-Venezia Giulia,Friuli Venezia Giulia,1215220,162112,13.34,0.68
2459,2021-02-06,FVG,1155,339,816,21,1133,1,ITH,ITH4,6,Friuli-Venezia Giulia,Friuli Venezia Giulia,1215220,163267,13.44,0.1
2460,2021-02-23,FVG,2649,1279,1370,2461,181,7,ITH,ITH4,6,Friuli-Venezia Giulia,Friuli Venezia Giulia,1215220,165916,13.65,0.22
2461,2021-05-17,FVG,8842,4107,4735,6081,2494,267,ITH,ITH4,6,Friuli-Venezia Giulia,Friuli Venezia Giulia,1215220,174758,14.38,0.73
2462,2021-03-09,FVG,4022,1728,2294,1243,2755,24,ITH,ITH4,6,Friuli-Venezia Giulia,Friuli Venezia Giulia,1215220,178780,14.71,0.33
2463,2021-04-16,FVG,6977,3032,3945,4913,1930,134,ITH,ITH4,6,Friuli-Venezia Giulia,Friuli Venezia Giulia,1215220,185757,15.29,0.57
2464,2021-01-06,FVG,716,265,451,716,0,0,ITH,ITH4,6,Friuli-Venezia Giulia,Friuli Venezia Giulia,1215220,186473,15.34,0.06
2465,2021-02-11,FVG,1932,664,1268,1736,193,3,ITH,ITH4,6,Friuli-Venezia Giulia,Friuli Venezia Giulia,1215220,188405,15.5,0.16
2466,2021-04-09,FVG,7937,3667,4270,6510,1255,172,ITH,ITH4,6,Friuli-Venezia Giulia,Friuli Venezia Giulia,1215220,196342,16.16,0.65
2467,2021-05-05,FVG,9800,4279,5521,6080,3477,243,ITH,ITH4,6,Friuli-Venezia Giulia,Friuli Venezia Giulia,1215220,206142,16.96,0.81
2468,2021-01-25,FVG,1587,568,1019,195,1392,0,ITH,ITH4,6,Friuli-Venezia Giulia,Friuli Venezia Giulia,1215220,207729,17.09,0.13
2469,2021-07-01,FVG,12376,6439,5937,2637,9483,256,ITH,ITH4,6,Friuli-Venezia Giulia,Friuli Venezia Giulia,1215220,220105,18.11,1.02
2470,2021-03-23,FVG,3905,1693,2212,1741,2144,20,ITH,ITH4,6,Friuli-Venezia Giulia,Friuli Venezia Giulia,1215220,224010,18.43,0.32
2471,2021-01-16,FVG,1232,362,870,1232,0,0,ITH,ITH4,6,Friuli-Venezia Giulia,Friuli Venezia Giulia,1215220,225242,18.54,0.1
2472,2021-07-03,FVG,11419,6091,5328,1092,10179,148,ITH,ITH4,6,Friuli-Venezia Giulia,Friuli Venezia Giulia,1215220,236661,19.47,0.94
2473,2021-03-25,FVG,5541,2430,3111,3329,2140,72,ITH,ITH4,6,Friuli-Venezia Giulia,Friuli Venezia Giulia,1215220,242202,19.93,0.46
2474,2021-05-31,FVG,8954,4446,4508,6477,2228,249,ITH,ITH4,6,Friuli-Venezia Giulia,Friuli Venezia Giulia,1215220,251156,20.67,0.74
2475,2021-07-27,FVG,9498,4776,4722,2632,6638,228,ITH,ITH4,6,Friuli-Venezia Giulia,Friuli Venezia Giulia,1215220,260654,21.45,0.78
2476,2021-06-26,FVG,10370,5284,5086,4146,6172,52,ITH,ITH4,6,Friuli-Venezia Giulia,Friuli Venezia Giulia,1215220,271024,22.3,0.85
2477,2021-04-21,FVG,7779,3469,4310,4016,3683,80,ITH,ITH4,6,Friuli-Venezia Giulia,Friuli Venezia Giulia,1215220,278803,22.94,0.64
2478,2021-01-11,FVG,1885,609,1276,1884,0,1,ITH,ITH4,6,Friuli-Venezia Giulia,Friuli Venezia Giulia,1215220,280688,23.1,0.16
2479,2021-07-15,FVG,10080,5133,4947,942,8894,244,ITH,ITH4,6,Friuli-Venezia Giulia,Friuli Venezia Giulia,1215220,290768,23.93,0.83
2480,2021-04-23,FVG,7501,3391,4110,3488,3874,139,ITH,ITH4,6,Friuli-Venezia Giulia,Friuli Venezia Giulia,1215220,298269,24.54,0.62
2481,2021-08-01,FVG,3577,1917,1660,1458,1871,248,ITH,ITH4,6,Friuli-Venezia Giulia,Friuli Venezia Giulia,1215220,301846,24.84,0.29
2482,2021-08-22,FVG,2021,1156,865,780,1204,37,ITH,ITH4,6,Friuli-Venezia Giulia,Friuli Venezia Giulia,1215220,303867,25.01,0.17
2483,2021-05-19,FVG,12117,5977,6140,9319,2366,432,ITH,ITH4,6,Friuli-Venezia Giulia,Friuli Venezia Giulia,1215220,315984,26.0,1.0
2484,2021-03-14,FVG,1402,554,848,1124,252,26,ITH,ITH4,6,Friuli-Venezia Giulia,Friuli Venezia Giulia,1215220,317386,26.12,0.12
2485,2021-08-27,FVG,6094,3286,2808,1356,4538,200,ITH,ITH4,6,Friuli-Venezia Giulia,Friuli Venezia Giulia,1215220,323480,26.62,0.5
2486,2021-06-19,FVG,8562,4462,4100,1348,7149,65,ITH,ITH4,6,Friuli-Venezia Giulia,Friuli Venezia Giulia,1215220,332042,27.32,0.7
2487,2021-03-11,FVG,3482,1519,1963,1713,1754,15,ITH,ITH4,6,Friuli-Venezia Giulia,Friuli Venezia Giulia,1215220,335524,27.61,0.29
2488,2021-03-21,FVG,2675,1002,1673,2215,410,50,ITH,ITH4,6,Friuli-Venezia Giulia,Friuli Venezia Giulia,1215220,338199,27.83,0.22
2489,2021-01-27,FVG,1272,426,846,449,821,2,ITH,ITH4,6,Friuli-Venezia Giulia,Friuli Venezia Giulia,1215220,339471,27.93,0.1
2490,2021-05-07,FVG,10913,4995,5918,7177,3541,195,ITH,ITH4,6,Friuli-Venezia Giulia,Friuli Venezia Giulia,1215220,350384,28.83,0.9
2491,2021-06-04,FVG,12155,6231,5924,10286,1449,420,ITH,ITH4,6,Friuli-Venezia Giulia,Friuli Venezia Giulia,1215220,362539,29.83,1.0
2492,2021-07-05,FVG,9549,4854,4695,1315,8091,143,ITH,ITH4,6,Friuli-Venezia Giulia,Friuli Venezia Giulia,1215220,372088,30.62,0.79
2493,2021-06-21,FVG,9211,4501,4710,1823,7251,137,ITH,ITH4,6,Friuli-Venezia Giulia,Friuli Venezia Giulia,1215220,381299,31.38,0.76
2494,2021-03-13,FVG,2946,1125,1821,1659,1274,13,ITH,ITH4,6,Friuli-Venezia Giulia,Friuli Venezia Giulia,1215220,384245,31.62,0.24
2495,2020-12-30,FVG,626,244,382,626,0,0,ITH,ITH4,6,Friuli-Venezia Giulia,Friuli Venezia Giulia,1215220,384871,31.67,0.05
2496,2021-06-05,FVG,10335,5342,4993,8399,1552,384,ITH,ITH4,6,Friuli-Venezia Giulia,Friuli Venezia Giulia,1215220,395206,32.52,0.85
2497,2021-02-25,FVG,3177,1659,1518,3116,29,32,ITH,ITH4,6,Friuli-Venezia Giulia,Friuli Venezia Giulia,1215220,398383,32.78,0.26
2498,2021-06-16,FVG,12192,5915,6277,3894,8034,264,ITH,ITH4,6,Friuli-Venezia Giulia,Friuli Venezia Giulia,1215220,410575,33.79,1.0
2499,2021-08-12,FVG,7792,4162,3630,4996,2495,301,ITH,ITH4,6,Friuli-Venezia Giulia,Friuli Venezia Giulia,1215220,418367,34.43,0.64
2500,2021-06-23,FVG,12093,5853,6240,1995,9954,144,ITH,ITH4,6,Friuli-Venezia Giulia,Friuli Venezia Giulia,1215220,430460,35.42,1.0
2501,2021-08-19,FVG,4779,2557,2222,1624,2998,157,ITH,ITH4,6,Friuli-Venezia Giulia,Friuli Venezia Giulia,1215220,435239,35.82,0.39
2502,2021-08-05,FVG,7033,3613,3420,3137,3692,204,ITH,ITH4,6,Friuli-Venezia Giulia,Friuli Venezia Giulia,1215220,442272,36.39,0.58
2503,2021-04-27,FVG,8147,3742,4405,3550,4496,101,ITH,ITH4,6,Friuli-Venezia Giulia,Friuli Venezia Giulia,1215220,450419,37.06,0.67
2504,2021-05-04,FVG,9607,4334,5273,5995,3387,225,ITH,ITH4,6,Friuli-Venezia Giulia,Friuli Venezia Giulia,1215220,460026,37.86,0.79
2505,2021-03-30,FVG,7612,3403,4209,6281,1198,133,ITH,ITH4,6,Friuli-Venezia Giulia,Friuli Venezia Giulia,1215220,467638,38.48,0.63
2506,2021-07-10,FVG,8804,4542,4262,142,8636,26,ITH,ITH4,6,Friuli-Venezia Giulia,Friuli Venezia Giulia,1215220,476442,39.21,0.72
2507,2021-02-27,FVG,3536,1203,2333,3518,1,17,ITH,ITH4,6,Friuli-Venezia Giulia,Friuli Venezia Giulia,1215220,479978,39.5,0.29
2508,2021-04-25,FVG,2381,992,1389,2187,13,181,ITH,ITH4,6,Friuli-Venezia Giulia,Friuli Venezia Giulia,1215220,482359,39.69,0.2
2509,2021-01-15,FVG,2020,605,1415,2019,0,1,ITH,ITH4,6,Friuli-Venezia Giulia,Friuli Venezia Giulia,1215220,484379,39.86,0.17
2510,2021-04-13,FVG,7388,3297,4091,5651,1609,128,ITH,ITH4,6,Friuli-Venezia Giulia,Friuli Venezia Giulia,1215220,491767,40.47,0.61
2511,2021-01-03,FVG,313,123,190,313,0,0,ITH,ITH4,6,Friuli-Venezia Giulia,Friuli Venezia Giulia,1215220,492080,40.49,0.03
2512,2021-07-22,FVG,7699,4087,3612,3252,4144,303,ITH,ITH4,6,Friuli-Venezia Giulia,Friuli Venezia Giulia,1215220,499779,41.13,0.63
2513,2021-01-20,FVG,749,320,429,13,736,0,ITH,ITH4,6,Friuli-Venezia Giulia,Friuli Venezia Giulia,1215220,500528,41.19,0.06
2514,2021-04-08,FVG,7468,3234,4234,5405,1930,133,ITH,ITH4,6,Friuli-Venezia Giulia,Friuli Venezia Giulia,1215220,507996,41.8,0.61
2515,2021-05-21,FVG,11247,5030,6217,7907,2995,345,ITH,ITH4,6,Friuli-Venezia Giulia,Friuli Venezia Giulia,1215220,519243,42.73,0.93
2516,2021-02-10,FVG,1351,497,854,1265,86,0,ITH,ITH4,6,Friuli-Venezia Giulia,Friuli Venezia Giulia,1215220,520594,42.84,0.11
2517,2021-07-17,FVG,7379,3959,3420,620,6676,83,ITH,ITH4,6,Friuli-Venezia Giulia,Friuli Venezia Giulia,1215220,527973,43.45,0.61
2518,2021-02-01,FVG,2106,690,1416,17,2089,0,ITH,ITH4,6,Friuli-Venezia Giulia,Friuli Venezia Giulia,1215220,530079,43.62,0.17
2519,2021-08-31,FVG,3929,2088,1841,806,2996,127,ITH,ITH4,6,Friuli-Venezia Giulia,Friuli Venezia Giulia,1215220,534008,43.94,0.32
2520,2021-05-14,FVG,10831,5389,5442,7927,2608,296,ITH,ITH4,6,Friuli-Venezia Giulia,Friuli Venezia Giulia,1215220,544839,44.83,0.89
2521,2021-02-03,FVG,2650,792,1858,22,2627,1,ITH,ITH4,6,Friuli-Venezia Giulia,Friuli Venezia Giulia,1215220,547489,45.05,0.22
2522,2021-07-24,FVG,6159,3326,2833,2912,3075,172,ITH,ITH4,6,Friuli-Venezia Giulia,Friuli Venezia Giulia,1215220,553648,45.56,0.51
2523,2021-08-24,FVG,6532,3524,3008,710,5690,132,ITH,ITH4,6,Friuli-Venezia Giulia,Friuli Venezia Giulia,1215220,560180,46.1,0.54
2524,2021-08-10,FVG,7133,3966,3167,5113,1649,371,ITH,ITH4,6,Friuli-Venezia Giulia,Friuli Venezia Giulia,1215220,567313,46.68,0.59
2525,2021-05-02,FVG,6909,3254,3655,3807,2961,141,ITH,ITH4,6,Friuli-Venezia Giulia,Friuli Venezia Giulia,1215220,574222,47.25,0.57
2526,2021-05-16,FVG,10020,4797,5223,8371,1405,244,ITH,ITH4,6,Friuli-Venezia Giulia,Friuli Venezia Giulia,1215220,584242,48.08,0.82
2527,2021-05-09,FVG,7382,3317,4065,3374,3874,134,ITH,ITH4,6,Friuli-Venezia Giulia,Friuli Venezia Giulia,1215220,591624,48.68,0.61
2528,2021-07-31,FVG,7350,3773,3577,1269,5991,90,ITH,ITH4,6,Friuli-Venezia Giulia,Friuli Venezia Giulia,1215220,598974,49.29,0.6
2529,2021-08-17,FVG,3482,1869,1613,2652,595,235,ITH,ITH4,6,Friuli-Venezia Giulia,Friuli Venezia Giulia,1215220,602456,49.58,0.29
2530,2021-05-26,FVG,13450,6717,6733,9649,3450,351,ITH,ITH4,6,Friuli-Venezia Giulia,Friuli Venezia Giulia,1215220,615906,50.68,1.11
2531,2021-02-15,FVG,2459,914,1545,2199,254,6,ITH,ITH4,6,Friuli-Venezia Giulia,Friuli Venezia Giulia,1215220,618365,50.89,0.2
2532,2021-06-18,FVG,10964,5414,5550,3398,7306,260,ITH,ITH4,6,Friuli-Venezia Giulia,Friuli Venezia Giulia,1215220,629329,51.79,0.9
2533,2021-03-10,FVG,3600,1708,1892,1745,1796,59,ITH,ITH4,6,Friuli-Venezia Giulia,Friuli Venezia Giulia,1215220,632929,52.08,0.3
2534,2021-02-24,FVG,2531,1093,1438,2502,18,11,ITH,ITH4,6,Friuli-Venezia Giulia,Friuli Venezia Giulia,1215220,635460,52.29,0.21
2535,2021-03-27,FVG,5382,2921,2461,3922,1412,48,ITH,ITH4,6,Friuli-Venezia Giulia,Friuli Venezia Giulia,1215220,640842,52.73,0.44
2536,2021-01-24,FVG,307,121,186,2,305,0,ITH,ITH4,6,Friuli-Venezia Giulia,Friuli Venezia Giulia,1215220,641149,52.76,0.03
2537,2021-06-30,FVG,13192,6715,6477,1381,11638,173,ITH,ITH4,6,Friuli-Venezia Giulia,Friuli Venezia Giulia,1215220,654341,53.85,1.09
2538,2021-03-08,FVG,4132,1646,2486,2027,2090,15,ITH,ITH4,6,Friuli-Venezia Giulia,Friuli Venezia Giulia,1215220,658473,54.19,0.34
2539,2021-03-22,FVG,3668,1454,2214,1671,1958,39,ITH,ITH4,6,Friuli-Venezia Giulia,Friuli Venezia Giulia,1215220,662141,54.49,0.3
2540,2021-01-17,FVG,1715,522,1193,1713,0,2,ITH,ITH4,6,Friuli-Venezia Giulia,Friuli Venezia Giulia,1215220,663856,54.63,0.14
2541,2021-04-01,FVG,6431,3072,3359,5324,1017,90,ITH,ITH4,6,Friuli-Venezia Giulia,Friuli Venezia Giulia,1215220,670287,55.16,0.53
2542,2021-05-28,FVG,10650,5103,5547,6230,4140,280,ITH,ITH4,6,Friuli-Venezia Giulia,Friuli Venezia Giulia,1215220,680937,56.03,0.88
2543,2021-07-12,FVG,10020,5143,4877,1102,8763,155,ITH,ITH4,6,Friuli-Venezia Giulia,Friuli Venezia Giulia,1215220,690957,56.86,0.82
2544,2021-02-19,FVG,3271,1300,1971,2828,428,15,ITH,ITH4,6,Friuli-Venezia Giulia,Friuli Venezia Giulia,1215220,694228,57.13,0.27
2545,2021-02-22,FVG,2491,1197,1294,2067,419,5,ITH,ITH4,6,Friuli-Venezia Giulia,Friuli Venezia Giulia,1215220,696719,57.33,0.2
2546,2021-06-02,FVG,9428,4962,4466,8822,282,324,ITH,ITH4,6,Friuli-Venezia Giulia,Friuli Venezia Giulia,1215220,706147,58.11,0.78
2547,2021-08-09,FVG,7797,4173,3624,2335,5276,186,ITH,ITH4,6,Friuli-Venezia Giulia,Friuli Venezia Giulia,1215220,713944,58.75,0.64
2548,2021-02-07,FVG,1567,482,1085,384,1182,1,ITH,ITH4,6,Friuli-Venezia Giulia,Friuli Venezia Giulia,1215220,715511,58.88,0.13
2549,2021-04-18,FVG,6055,2812,3243,5418,408,229,ITH,ITH4,6,Friuli-Venezia Giulia,Friuli Venezia Giulia,1215220,721566,59.38,0.5
2550,2021-01-08,FVG,2324,746,1578,2324,0,0,ITH,ITH4,6,Friuli-Venezia Giulia,Friuli Venezia Giulia,1215220,723890,59.57,0.19
2551,2021-06-14,FVG,10308,5002,5306,5182,4835,291,ITH,ITH4,6,Friuli-Venezia Giulia,Friuli Venezia Giulia,1215220,734198,60.42,0.85
2552,2021-02-20,FVG,2079,942,1137,1932,144,3,ITH,ITH4,6,Friuli-Venezia Giulia,Friuli Venezia Giulia,1215220,736277,60.59,0.17
2553,2021-01-22,FVG,90,30,60,1,89,0,ITH,ITH4,6,Friuli-Venezia Giulia,Friuli Venezia Giulia,1215220,736367,60.6,0.01
2554,2021-03-06,FVG,3501,1197,2304,3144,325,32,ITH,ITH4,6,Friuli-Venezia Giulia,Friuli Venezia Giulia,1215220,739868,60.88,0.29
2555,2021-07-29,FVG,9581,4884,4697,3200,6080,301,ITH,ITH4,6,Friuli-Venezia Giulia,Friuli Venezia Giulia,1215220,749449,61.67,0.79
2556,2021-04-20,FVG,7139,3075,4064,3096,3916,127,ITH,ITH4,6,Friuli-Venezia Giulia,Friuli Venezia Giulia,1215220,756588,62.26,0.59
2557,2021-02-08,FVG,2359,695,1664,90,2268,1,ITH,ITH4,6,Friuli-Venezia Giulia,Friuli Venezia Giulia,1215220,758947,62.45,0.19
2558,2021-06-13,FVG,8707,4531,4176,5184,3329,194,ITH,ITH4,6,Friuli-Venezia Giulia,Friuli Venezia Giulia,1215220,767654,63.17,0.72
2559,2021-07-26,FVG,8546,4259,4287,1772,6564,210,ITH,ITH4,6,Friuli-Venezia Giulia,Friuli Venezia Giulia,1215220,776200,63.87,0.7
2560,2021-04-15,FVG,6521,2881,3640,5091,1274,156,ITH,ITH4,6,Friuli-Venezia Giulia,Friuli Venezia Giulia,1215220,782721,64.41,0.54
2561,2021-04-29,FVG,6797,2992,3805,4014,2596,187,ITH,ITH4,6,Friuli-Venezia Giulia,Friuli Venezia Giulia,1215220,789518,64.97,0.56
2562,2021-01-05,FVG,1678,551,1127,1676,0,2,ITH,ITH4,6,Friuli-Venezia Giulia,Friuli Venezia Giulia,1215220,791196,65.11,0.14
2563,2021-08-07,FVG,4738,2550,2188,2677,1930,131,ITH,ITH4,6,Friuli-Venezia Giulia,Friuli Venezia Giulia,1215220,795934,65.5,0.39
2564,2021-02-05,FVG,2613,785,1828,89,2524,0,ITH,ITH4,6,Friuli-Venezia Giulia,Friuli Venezia Giulia,1215220,798547,65.71,0.22
2565,2021-03-15,FVG,3959,1812,2147,1611,2325,23,ITH,ITH4,6,Friuli-Venezia Giulia,Friuli Venezia Giulia,1215220,802506,66.04,0.33
2566,2021-05-11,FVG,9151,4399,4752,7124,1810,217,ITH,ITH4,6,Friuli-Venezia Giulia,Friuli Venezia Giulia,1215220,811657,66.79,0.75
2567,2021-01-31,FVG,2726,842,1884,385,2341,0,ITH,ITH4,6,Friuli-Venezia Giulia,Friuli Venezia Giulia,1215220,814383,67.02,0.22
2568,2021-04-24,FVG,6690,2951,3739,5206,1245,239,ITH,ITH4,6,Friuli-Venezia Giulia,Friuli Venezia Giulia,1215220,821073,67.57,0.55
2569,2021-06-06,FVG,9497,4630,4867,7643,1567,287,ITH,ITH4,6,Friuli-Venezia Giulia,Friuli Venezia Giulia,1215220,830570,68.35,0.78
2570,2021-02-26,FVG,3748,2105,1643,3568,148,32,ITH,ITH4,6,Friuli-Venezia Giulia,Friuli Venezia Giulia,1215220,834318,68.66,0.31
2571,2021-02-17,FVG,2361,1003,1358,1874,485,2,ITH,ITH4,6,Friuli-Venezia Giulia,Friuli Venezia Giulia,1215220,836679,68.85,0.19
2572,2021-08-26,FVG,7238,3915,3323,1226,5793,219,ITH,ITH4,6,Friuli-Venezia Giulia,Friuli Venezia Giulia,1215220,843917,69.45,0.6
2573,2021-05-18,FVG,10857,5429,5428,8400,2096,361,ITH,ITH4,6,Friuli-Venezia Giulia,Friuli Venezia Giulia,1215220,854774,70.34,0.89
2574,2021-06-01,FVG,10141,5129,5012,7705,2125,311,ITH,ITH4,6,Friuli-Venezia Giulia,Friuli Venezia Giulia,1215220,864915,71.17,0.83
2575,2021-06-20,FVG,6521,3235,3286,1491,4937,93,ITH,ITH4,6,Friuli-Venezia Giulia,Friuli Venezia Giulia,1215220,871436,71.71,0.54
2576,2021-03-29,FVG,7035,3131,3904,5371,1589,75,ITH,ITH4,6,Friuli-Venezia Giulia,Friuli Venezia Giulia,1215220,878471,72.29,0.58
2577,2021-08-14,FVG,198,146,52,180,4,14,ITH,ITH4,6,Friuli-Venezia Giulia,Friuli Venezia Giulia,1215220,878669,72.31,0.02
2578,2021-08-28,FVG,2881,1566,1315,1769,954,158,ITH,ITH4,6,Friuli-Venezia Giulia,Friuli Venezia Giulia,1215220,881550,72.54,0.24
2579,2021-05-06,FVG,11968,5562,6406,7712,3980,276,ITH,ITH4,6,Friuli-Venezia Giulia,Friuli Venezia Giulia,1215220,893518,73.53,0.98
2580,2021-07-02,FVG,11112,5744,5368,2115,8805,192,ITH,ITH4,6,Friuli-Venezia Giulia,Friuli Venezia Giulia,1215220,904630,74.44,0.91
2581,2021-06-25,FVG,10993,5528,5465,2396,8554,43,ITH,ITH4,6,Friuli-Venezia Giulia,Friuli Venezia Giulia,1215220,915623,75.35,0.9
2582,2021-04-14,FVG,7250,3134,4116,5409,1716,125,ITH,ITH4,6,Friuli-Venezia Giulia,Friuli Venezia Giulia,1215220,922873,75.94,0.6
2583,2021-07-06,FVG,11218,5855,5363,1352,9754,112,ITH,ITH4,6,Friuli-Venezia Giulia,Friuli Venezia Giulia,1215220,934091,76.87,0.92
2584,2021-07-23,FVG,9036,4632,4404,3030,5581,425,ITH,ITH4,6,Friuli-Venezia Giulia,Friuli Venezia Giulia,1215220,943127,77.61,0.74
2585,2021-08-25,FVG,7790,4169,3621,2982,4445,363,ITH,ITH4,6,Friuli-Venezia Giulia,Friuli Venezia Giulia,1215220,950917,78.25,0.64
2586,2021-06-03,FVG,12459,6756,5703,9916,2127,416,ITH,ITH4,6,Friuli-Venezia Giulia,Friuli Venezia Giulia,1215220,963376,79.28,1.03
2587,2021-04-17,FVG,7463,3239,4224,5816,1484,163,ITH,ITH4,6,Friuli-Venezia Giulia,Friuli Venezia Giulia,1215220,970839,79.89,0.61
2588,2021-07-28,FVG,10480,5344,5136,3988,6039,453,ITH,ITH4,6,Friuli-Venezia Giulia,Friuli Venezia Giulia,1215220,981319,80.75,0.86
2589,2021-07-19,FVG,9429,4927,4502,851,8424,154,ITH,ITH4,6,Friuli-Venezia Giulia,Friuli Venezia Giulia,1215220,990748,81.53,0.78
2590,2021-04-10,FVG,5058,2215,2843,3751,1230,77,ITH,ITH4,6,Friuli-Venezia Giulia,Friuli Venezia Giulia,1215220,995806,81.94,0.42
2591,2021-05-23,FVG,10288,4864,5424,5919,4155,214,ITH,ITH4,6,Friuli-Venezia Giulia,Friuli Venezia Giulia,1215220,1006094,82.79,0.85
2592,2021-08-23,FVG,4679,2414,2265,2547,1775,357,ITH,ITH4,6,Friuli-Venezia Giulia,Friuli Venezia Giulia,1215220,1010773,83.18,0.39
2593,2021-05-29,FVG,12038,5854,6184,6786,4991,261,ITH,ITH4,6,Friuli-Venezia Giulia,Friuli Venezia Giulia,1215220,1022811,84.17,0.99
2594,2021-07-25,FVG,3890,2024,1866,1917,1868,105,ITH,ITH4,6,Friuli-Venezia Giulia,Friuli Venezia Giulia,1215220,1026701,84.49,0.32
2595,2021-07-11,FVG,6860,3581,3279,2379,4181,300,ITH,ITH4,6,Friuli-Venezia Giulia,Friuli Venezia Giulia,1215220,1033561,85.05,0.56
2596,2021-01-10,FVG,2942,919,2023,2942,0,0,ITH,ITH4,6,Friuli-Venezia Giulia,Friuli Venezia Giulia,1215220,1036503,85.29,0.24
2597,2021-07-14,FVG,10902,5578,5324,1256,9454,192,ITH,ITH4,6,Friuli-Venezia Giulia,Friuli Venezia Giulia,1215220,1047405,86.19,0.9
2598,2021-04-05,FVG,2897,1440,1457,2821,15,61,ITH,ITH4,6,Friuli-Venezia Giulia,Friuli Venezia Giulia,1215220,1050302,86.43,0.24
2599,2021-01-12,FVG,2262,715,1547,2262,0,0,ITH,ITH4,6,Friuli-Venezia Giulia,Friuli Venezia Giulia,1215220,1052564,86.62,0.19
2600,2021-01-29,FVG,2417,814,1603,264,2153,0,ITH,ITH4,6,Friuli-Venezia Giulia,Friuli Venezia Giulia,1215220,1054981,86.81,0.2
2601,2021-04-22,FVG,6797,3091,3706,3033,3692,72,ITH,ITH4,6,Friuli-Venezia Giulia,Friuli Venezia Giulia,1215220,1061778,87.37,0.56
2602,2021-05-30,FVG,11071,4995,6076,7235,3589,247,ITH,ITH4,6,Friuli-Venezia Giulia,Friuli Venezia Giulia,1215220,1072849,88.28,0.91
2603,2021-01-19,FVG,6,2,4,6,0,0,ITH,ITH4,6,Friuli-Venezia Giulia,Friuli Venezia Giulia,1215220,1072855,88.28,0.0
2604,2021-07-07,FVG,11316,5796,5520,1449,9741,126,ITH,ITH4,6,Friuli-Venezia Giulia,Friuli Venezia Giulia,1215220,1084171,89.22,0.93
2605,2021-07-21,FVG,8634,4377,4257,2040,6332,262,ITH,ITH4,6,Friuli-Venezia Giulia,Friuli Venezia Giulia,1215220,1092805,89.93,0.71
2606,2021-05-15,FVG,12689,6119,6570,7686,4703,300,ITH,ITH4,6,Friuli-Venezia Giulia,Friuli Venezia Giulia,1215220,1105494,90.97,1.04
2607,2021-07-09,FVG,11940,6342,5598,2114,9538,288,ITH,ITH4,6,Friuli-Venezia Giulia,Friuli Venezia Giulia,1215220,1117434,91.95,0.98
2608,2021-03-17,FVG,3240,1270,1970,736,2494,10,ITH,ITH4,6,Friuli-Venezia Giulia,Friuli Venezia Giulia,1215220,1120674,92.22,0.27
2609,2021-08-21,FVG,2852,1530,1322,277,2533,42,ITH,ITH4,6,Friuli-Venezia Giulia,Friuli Venezia Giulia,1215220,1123526,92.45,0.23
2610,2021-05-13,FVG,11209,5418,5791,8740,2076,393,ITH,ITH4,6,Friuli-Venezia Giulia,Friuli Venezia Giulia,1215220,1134735,93.38,0.92
2611,2021-02-16,FVG,2517,1135,1382,2397,116,4,ITH,ITH4,6,Friuli-Venezia Giulia,Friuli Venezia Giulia,1215220,1137252,93.58,0.21
2612,2021-08-30,FVG,7158,3806,3352,2392,4537,229,ITH,ITH4,6,Friuli-Venezia Giulia,Friuli Venezia Giulia,1215220,1144410,94.17,0.59
2613,2021-05-22,FVG,11599,5208,6391,7089,4241,269,ITH,ITH4,6,Friuli-Venezia Giulia,Friuli Venezia Giulia,1215220,1156009,95.13,0.95
2614,2021-07-18,FVG,5460,2955,2505,435,5001,24,ITH,ITH4,6,Friuli-Venezia Giulia,Friuli Venezia Giulia,1215220,1161469,95.58,0.45
2615,2021-01-07,FVG,2105,724,1381,2105,0,0,ITH,ITH4,6,Friuli-Venezia Giulia,Friuli Venezia Giulia,1215220,1163574,95.75,0.17
2616,2021-03-05,FVG,3824,1541,2283,2723,1078,23,ITH,ITH4,6,Friuli-Venezia Giulia,Friuli Venezia Giulia,1215220,1167398,96.06,0.31
2617,2021-08-02,FVG,9004,4621,4383,2839,5907,258,ITH,ITH4,6,Friuli-Venezia Giulia,Friuli Venezia Giulia,1215220,1176402,96.81,0.74
2618,2021-04-03,FVG,4021,1993,2028,2623,1338,60,ITH,ITH4,6,Friuli-Venezia Giulia,Friuli Venezia Giulia,1215220,1180423,97.14,0.33
2619,2021-06-10,FVG,11565,6019,5546,9700,1467,398,ITH,ITH4,6,Friuli-Venezia Giulia,Friuli Venezia Giulia,1215220,1191988,98.09,0.95
2620,2021-08-06,FVG,6429,3372,3057,2322,3931,176,ITH,ITH4,6,Friuli-Venezia Giulia,Friuli Venezia Giulia,1215220,1198417,98.62,0.53
2621,2021-08-11,FVG,7795,4118,3677,5085,2370,340,ITH,ITH4,6,Friuli-Venezia Giulia,Friuli Venezia Giulia,1215220,1206212,99.26,0.64
2622,2021-05-03,FVG,7250,3298,3952,3346,3789,115,ITH,ITH4,6,Friuli-Venezia Giulia,Friuli Venezia Giulia,1215220,1213462,99.86,0.6
2623,2021-01-14,FVG,2587,791,1796,2584,0,3,ITH,ITH4,6,Friuli-Venezia Giulia,Friuli Venezia Giulia,1215220,1216049,100.07,0.21
2624,2021-08-13,FVG,3784,2119,1665,2614,966,204,ITH,ITH4,6,Friuli-Venezia Giulia,Friuli Venezia Giulia,1215220,1219833,100.38,0.31
2625,2021-03-24,FVG,3984,1725,2259,2462,1484,38,ITH,ITH4,6,Friuli-Venezia Giulia,Friuli Venezia Giulia,1215220,1223817,100.71,0.33
2626,2021-05-20,FVG,12723,6328,6395,9793,2526,404,ITH,ITH4,6,Friuli-Venezia Giulia,Friuli Venezia Giulia,1215220,1236540,101.75,1.05
2627,2021-01-26,FVG,1978,648,1330,216,1761,1,ITH,ITH4,6,Friuli-Venezia Giulia,Friuli Venezia Giulia,1215220,1238518,101.92,0.16
2628,2021-02-09,FVG,1842,555,1287,1555,286,1,ITH,ITH4,6,Friuli-Venezia Giulia,Friuli Venezia Giulia,1215220,1240360,102.07,0.15
2629,2021-05-01,FVG,7206,3249,3957,5904,1045,257,ITH,ITH4,6,Friuli-Venezia Giulia,Friuli Venezia Giulia,1215220,1247566,102.66,0.59
2630,2021-01-21,FVG,897,345,552,1,896,0,ITH,ITH4,6,Friuli-Venezia Giulia,Friuli Venezia Giulia,1215220,1248463,102.74,0.07
2631,2021-02-21,FVG,801,281,520,421,378,2,ITH,ITH4,6,Friuli-Venezia Giulia,Friuli Venezia Giulia,1215220,1249264,102.8,0.07
2632,2021-07-04,FVG,9351,4794,4557,2892,6204,255,ITH,ITH4,6,Friuli-Venezia Giulia,Friuli Venezia Giulia,1215220,1258615,103.57,0.77
2633,2021-03-19,FVG,3254,1351,1903,1303,1936,15,ITH,ITH4,6,Friuli-Venezia Giulia,Friuli Venezia Giulia,1215220,1261869,103.84,0.27
2634,2021-06-27,FVG,7641,3816,3825,3756,3838,47,ITH,ITH4,6,Friuli-Venezia Giulia,Friuli Venezia Giulia,1215220,1269510,104.47,0.63
2635,2021-06-29,FVG,11376,5800,5576,1227,10042,107,ITH,ITH4,6,Friuli-Venezia Giulia,Friuli Venezia Giulia,1215220,1280886,105.4,0.94
2636,2021-07-16,FVG,9794,5234,4560,1694,7948,152,ITH,ITH4,6,Friuli-Venezia Giulia,Friuli Venezia Giulia,1215220,1290680,106.21,0.81
2637,2021-04-19,FVG,6729,3140,3589,3213,3424,92,ITH,ITH4,6,Friuli-Venezia Giulia,Friuli Venezia Giulia,1215220,1297409,106.76,0.55
2638,2021-01-09,FVG,2515,841,1674,2514,0,1,ITH,ITH4,6,Friuli-Venezia Giulia,Friuli Venezia Giulia,1215220,1299924,106.97,0.21
2639,2021-06-15,FVG,12164,6189,5975,5350,6538,276,ITH,ITH4,6,Friuli-Venezia Giulia,Friuli Venezia Giulia,1215220,1312088,107.97,1.0
2640,2021-03-07,FVG,2554,936,1618,2495,1,58,ITH,ITH4,6,Friuli-Venezia Giulia,Friuli Venezia Giulia,1215220,1314642,108.18,0.21
2641,2020-12-31,FVG,1048,381,667,1047,0,1,ITH,ITH4,6,Friuli-Venezia Giulia,Friuli Venezia Giulia,1215220,1315690,108.27,0.09
2642,2021-06-08,FVG,10518,5504,5014,9634,467,417,ITH,ITH4,6,Friuli-Venezia Giulia,Friuli Venezia Giulia,1215220,1326208,109.13,0.87
2643,2021-02-28,FVG,2691,1005,1686,2268,394,29,ITH,ITH4,6,Friuli-Venezia Giulia,Friuli Venezia Giulia,1215220,1328899,109.35,0.22
2644,2021-08-04,FVG,9273,4790,4483,4591,4375,307,ITH,ITH4,6,Friuli-Venezia Giulia,Friuli Venezia Giulia,1215220,1338172,110.12,0.76
2645,2021-04-26,FVG,5474,2455,3019,3703,1651,120,ITH,ITH4,6,Friuli-Venezia Giulia,Friuli Venezia Giulia,1215220,1343646,110.57,0.45
2646,2021-03-26,FVG,6026,2611,3415,3831,2021,174,ITH,ITH4,6,Friuli-Venezia Giulia,Friuli Venezia Giulia,1215220,1349672,111.06,0.5
2647,2021-03-12,FVG,4108,1701,2407,2700,1382,26,ITH,ITH4,6,Friuli-Venezia Giulia,Friuli Venezia Giulia,1215220,1353780,111.4,0.34
2648,2021-01-02,FVG,1217,470,747,1217,0,0,ITH,ITH4,6,Friuli-Venezia Giulia,Friuli Venezia Giulia,1215220,1354997,111.5,0.1
2649,2021-04-12,FVG,7288,3196,4092,5998,1136,154,ITH,ITH4,6,Friuli-Venezia Giulia,Friuli Venezia Giulia,1215220,1362285,112.1,0.6
2650,2021-02-02,FVG,2476,809,1667,218,2258,0,ITH,ITH4,6,Friuli-Venezia Giulia,Friuli Venezia Giulia,1215220,1364761,112.31,0.2
2651,2021-03-31,FVG,8147,3574,4573,7171,850,126,ITH,ITH4,6,Friuli-Venezia Giulia,Friuli Venezia Giulia,1215220,1372908,112.98,0.67
2652,2021-04-07,FVG,7851,3639,4212,6946,786,119,ITH,ITH4,6,Friuli-Venezia Giulia,Friuli Venezia Giulia,1215220,1380759,113.62,0.65
2653,2021-06-17,FVG,11437,5786,5651,2286,9044,107,ITH,ITH4,6,Friuli-Venezia Giulia,Friuli Venezia Giulia,1215220,1392196,114.56,0.94
2654,2021-06-22,FVG,11606,5976,5630,2365,9108,133,ITH,ITH4,6,Friuli-Venezia Giulia,Friuli Venezia Giulia,1215220,1403802,115.52,0.96
2655,2021-06-09,FVG,11351,5973,5378,9488,1395,468,ITH,ITH4,6,Friuli-Venezia Giulia,Friuli Venezia Giulia,1215220,1415153,116.45,0.93
2656,2021-03-01,FVG,2967,1044,1923,2891,53,23,ITH,ITH4,6,Friuli-Venezia Giulia,Friuli Venezia Giulia,1215220,1418120,116.7,0.24
2657,2021-03-18,FVG,3377,1424,1953,1683,1686,8,ITH,ITH4,6,Friuli-Venezia Giulia,Friuli Venezia Giulia,1215220,1421497,116.97,0.28
2658,2021-06-28,FVG,9919,4998,4921,2158,7710,51,ITH,ITH4,6,Friuli-Venezia Giulia,Friuli Venezia Giulia,1215220,1431416,117.79,0.82
2659,2021-03-20,FVG,3408,1413,1995,1300,2094,14,ITH,ITH4,6,Friuli-Venezia Giulia,Friuli Venezia Giulia,1215220,1434824,118.07,0.28
2660,2021-01-13,FVG,2653,835,1818,2652,0,1,ITH,ITH4,6,Friuli-Venezia Giulia,Friuli Venezia Giulia,1215220,1437477,118.29,0.22
2661,2021-04-06,FVG,6686,3139,3547,5427,1154,105,ITH,ITH4,6,Friuli-Venezia Giulia,Friuli Venezia Giulia,1215220,1444163,118.84,0.55
2662,2020-12-27,FVG,262,149,113,261,0,1,ITH,ITH4,6,Friuli-Venezia Giulia,Friuli Venezia Giulia,1215220,1444425,118.86,0.02
2663,2021-02-12,FVG,1195,428,767,1142,49,4,ITH,ITH4,6,Friuli-Venezia Giulia,Friuli Venezia Giulia,1215220,1445620,118.96,0.1
2664,2021-05-25,FVG,12947,6399,6548,9287,3318,342,ITH,ITH4,6,Friuli-Venezia Giulia,Friuli Venezia Giulia,1215220,1458567,120.02,1.07
2665,2021-08-16,FVG,4718,2533,2185,2588,1873,257,ITH,ITH4,6,Friuli-Venezia Giulia,Friuli Venezia Giulia,1215220,1463285,120.41,0.39
2666,2021-06-11,FVG,10933,5962,4971,9636,839,458,ITH,ITH4,6,Friuli-Venezia Giulia,Friuli Venezia Giulia,1215220,1474218,121.31,0.9
2667,2021-03-03,FVG,3651,1639,2012,2344,1277,30,ITH,ITH4,6,Friuli-Venezia Giulia,Friuli Venezia Giulia,1215220,1477869,121.61,0.3
2668,2021-05-27,FVG,12850,6155,6695,7389,5238,223,ITH,ITH4,6,Friuli-Venezia Giulia,Friuli Venezia Giulia,1215220,1490719,122.67,1.06
2669,2021-07-30,FVG,9048,4712,4336,2758,6026,264,ITH,ITH4,6,Friuli-Venezia Giulia,Friuli Venezia Giulia,1215220,1499767,123.42,0.74
2670,2021-01-28,FVG,2249,797,1452,355,1894,0,ITH,ITH4,6,Friuli-Venezia Giulia,Friuli Venezia Giulia,1215220,1502016,123.6,0.19
2671,2021-05-08,FVG,10332,4671,5661,5359,4788,185,ITH,ITH4,6,Friuli-Venezia Giulia,Friuli Venezia Giulia,1215220,1512348,124.45,0.85
2672,2021-02-14,FVG,1,0,1,0,1,0,ITH,ITH4,6,Friuli-Venezia Giulia,Friuli Venezia Giulia,1215220,1512349,124.45,0.0
2673,2021-08-18,FVG,4678,2494,2184,2978,1463,237,ITH,ITH4,6,Friuli-Venezia Giulia,Friuli Venezia Giulia,1215220,1517027,124.84,0.38
2674,2021-05-10,FVG,8006,3557,4449,6224,1543,239,ITH,ITH4,6,Friuli-Venezia Giulia,Friuli Venezia Giulia,1215220,1525033,125.49,0.66
2675,2021-04-05,PUG,12774,6205,6569,12100,533,141,ITF,ITF4,16,Puglia,Puglia,4029053,12774,0.32,0.32
2676,2021-03-19,PUG,7994,3670,4324,3367,4591,36,ITF,ITF4,16,Puglia,Puglia,4029053,20768,0.52,0.2
2677,2021-06-27,PUG,18570,9223,9347,9959,8346,265,ITF,ITF4,16,Puglia,Puglia,4029053,39338,0.98,0.46
2678,2021-02-09,PUG,3854,1575,2279,2158,1676,20,ITF,ITF4,16,Puglia,Puglia,4029053,43192,1.07,0.1
2679,2021-05-20,PUG,33725,15308,18417,20764,12444,517,ITF,ITF4,16,Puglia,Puglia,4029053,76917,1.91,0.84
2680,2021-03-24,PUG,13618,6538,7080,6045,7453,120,ITF,ITF4,16,Puglia,Puglia,4029053,90535,2.25,0.34
2681,2021-08-28,PUG,5626,3069,2557,1984,3455,187,ITF,ITF4,16,Puglia,Puglia,4029053,96161,2.39,0.14
2682,2021-01-26,PUG,5380,2407,2973,563,4816,1,ITF,ITF4,16,Puglia,Puglia,4029053,101541,2.52,0.13
2683,2021-07-02,PUG,47446,22556,24890,17369,29152,925,ITF,ITF4,16,Puglia,Puglia,4029053,148987,3.7,1.18
2684,2021-04-19,PUG,27764,12900,14864,24379,3047,338,ITF,ITF4,16,Puglia,Puglia,4029053,176751,4.39,0.69
2685,2021-07-28,PUG,45320,22915,22405,14680,29736,904,ITF,ITF4,16,Puglia,Puglia,4029053,222071,5.51,1.12
2686,2021-04-24,PUG,29460,13422,16038,25171,3954,335,ITF,ITF4,16,Puglia,Puglia,4029053,251531,6.24,0.73
2687,2021-07-11,PUG,12183,5759,6424,2574,9511,98,ITF,ITF4,16,Puglia,Puglia,4029053,263714,6.55,0.3
2688,2021-08-23,PUG,30164,15598,14566,10645,18627,892,ITF,ITF4,16,Puglia,Puglia,4029053,293878,7.29,0.75
2689,2021-02-07,PUG,1584,669,915,253,1331,0,ITF,ITF4,16,Puglia,Puglia,4029053,295462,7.33,0.04
2690,2021-01-21,PUG,2132,905,1227,1268,862,2,ITF,ITF4,16,Puglia,Puglia,4029053,297594,7.39,0.05
2691,2021-05-01,PUG,27706,12689,15017,16719,10706,281,ITF,ITF4,16,Puglia,Puglia,4029053,325300,8.07,0.69
2692,2021-08-09,PUG,27873,14344,13529,11223,15779,871,ITF,ITF4,16,Puglia,Puglia,4029053,353173,8.77,0.69
2693,2021-01-02,PUG,2958,1306,1652,2958,0,0,ITF,ITF4,16,Puglia,Puglia,4029053,356131,8.84,0.07
2694,2021-04-12,PUG,29488,13871,15617,26148,3023,317,ITF,ITF4,16,Puglia,Puglia,4029053,385619,9.57,0.73
2695,2021-03-05,PUG,17733,7197,10536,15196,2316,221,ITF,ITF4,16,Puglia,Puglia,4029053,403352,10.01,0.44
2696,2021-02-26,PUG,13800,5068,8732,12524,1079,197,ITF,ITF4,16,Puglia,Puglia,4029053,417152,10.35,0.34
2697,2020-12-31,PUG,1638,785,853,1638,0,0,ITF,ITF4,16,Puglia,Puglia,4029053,418790,10.39,0.04
2698,2021-08-11,PUG,23817,12242,11575,12065,10740,1012,ITF,ITF4,16,Puglia,Puglia,4029053,442607,10.99,0.59
2699,2021-06-15,PUG,42728,20890,21838,22387,19748,593,ITF,ITF4,16,Puglia,Puglia,4029053,485335,12.05,1.06
2700,2021-06-08,PUG,39396,19185,20211,20961,17873,562,ITF,ITF4,16,Puglia,Puglia,4029053,524731,13.02,0.98
2701,2021-01-12,PUG,4222,1774,2448,4221,0,1,ITF,ITF4,16,Puglia,Puglia,4029053,528953,13.13,0.1
2702,2021-04-07,PUG,15742,7148,8594,8839,6706,197,ITF,ITF4,16,Puglia,Puglia,4029053,544695,13.52,0.39
2703,2021-07-16,PUG,46579,22606,23973,12949,32818,812,ITF,ITF4,16,Puglia,Puglia,4029053,591274,14.68,1.16
2704,2021-02-21,PUG,2179,475,1704,2065,63,51,ITF,ITF4,16,Puglia,Puglia,4029053,593453,14.73,0.05
2705,2021-06-01,PUG,35044,17555,17489,21646,13001,397,ITF,ITF4,16,Puglia,Puglia,4029053,628497,15.6,0.87
2706,2021-05-15,PUG,43712,19035,24677,22838,20163,711,ITF,ITF4,16,Puglia,Puglia,4029053,672209,16.68,1.08
2707,2021-06-03,PUG,50694,24592,26102,30537,19432,725,ITF,ITF4,16,Puglia,Puglia,4029053,722903,17.94,1.26
2708,2021-03-10,PUG,14856,6644,8212,11559,3137,160,ITF,ITF4,16,Puglia,Puglia,4029053,737759,18.31,0.37
2709,2021-02-14,PUG,790,348,442,658,127,5,ITF,ITF4,16,Puglia,Puglia,4029053,738549,18.33,0.02
2710,2021-05-25,PUG,34830,16260,18570,20580,13664,586,ITF,ITF4,16,Puglia,Puglia,4029053,773379,19.2,0.86
2711,2021-05-08,PUG,54474,23061,31413,23967,29941,566,ITF,ITF4,16,Puglia,Puglia,4029053,827853,20.55,1.35
2712,2021-08-16,PUG,12041,6384,5657,7049,4352,640,ITF,ITF4,16,Puglia,Puglia,4029053,839894,20.85,0.3
2713,2021-05-06,PUG,39772,17398,22374,19308,19905,559,ITF,ITF4,16,Puglia,Puglia,4029053,879666,21.83,0.99
2714,2021-03-31,PUG,14583,6836,7747,8843,5590,150,ITF,ITF4,16,Puglia,Puglia,4029053,894249,22.2,0.36
2715,2021-02-02,PUG,4363,1856,2507,574,3788,1,ITF,ITF4,16,Puglia,Puglia,4029053,898612,22.3,0.11
2716,2021-01-14,PUG,4081,1595,2486,4080,0,1,ITF,ITF4,16,Puglia,Puglia,4029053,902693,22.4,0.1
2717,2021-01-07,PUG,5734,2468,3266,5734,0,0,ITF,ITF4,16,Puglia,Puglia,4029053,908427,22.55,0.14
2718,2021-04-17,PUG,40092,19000,21092,36081,3588,423,ITF,ITF4,16,Puglia,Puglia,4029053,948519,23.54,1.0
2719,2021-02-19,PUG,4750,2020,2730,4302,393,55,ITF,ITF4,16,Puglia,Puglia,4029053,953269,23.66,0.12
2720,2021-06-22,PUG,42550,20642,21908,19063,22916,571,ITF,ITF4,16,Puglia,Puglia,4029053,995819,24.72,1.06
2721,2021-04-26,PUG,26356,12079,14277,22727,3239,390,ITF,ITF4,16,Puglia,Puglia,4029053,1022175,25.37,0.65
2722,2021-08-04,PUG,35201,17924,17277,12368,21762,1071,ITF,ITF4,16,Puglia,Puglia,4029053,1057376,26.24,0.87
2723,2021-08-30,PUG,27524,14345,13179,11266,15238,1020,ITF,ITF4,16,Puglia,Puglia,4029053,1084900,26.93,0.68
2724,2021-01-31,PUG,1823,834,989,73,1750,0,ITF,ITF4,16,Puglia,Puglia,4029053,1086723,26.97,0.05
2725,2021-05-29,PUG,30691,14467,16224,20602,9543,546,ITF,ITF4,16,Puglia,Puglia,4029053,1117414,27.73,0.76
2726,2021-04-02,PUG,12866,6010,6856,8185,4530,151,ITF,ITF4,16,Puglia,Puglia,4029053,1130280,28.05,0.32
2727,2021-07-21,PUG,45022,22198,22824,11880,32297,845,ITF,ITF4,16,Puglia,Puglia,4029053,1175302,29.17,1.12
2728,2021-07-04,PUG,19939,9696,10243,7936,11717,286,ITF,ITF4,16,Puglia,Puglia,4029053,1195241,29.67,0.49
2729,2021-07-23,PUG,43305,21910,21395,13635,28694,976,ITF,ITF4,16,Puglia,Puglia,4029053,1238546,30.74,1.07
2730,2021-01-19,PUG,1222,453,769,1211,10,1,ITF,ITF4,16,Puglia,Puglia,4029053,1239768,30.77,0.03
2731,2021-06-13,PUG,21880,10959,10921,16369,5225,286,ITF,ITF4,16,Puglia,Puglia,4029053,1261648,31.31,0.54
2732,2021-02-28,PUG,6076,1811,4265,5809,191,76,ITF,ITF4,16,Puglia,Puglia,4029053,1267724,31.46,0.15
2733,2021-05-12,PUG,36652,16346,20306,23523,12544,585,ITF,ITF4,16,Puglia,Puglia,4029053,1304376,32.37,0.91
2734,2021-07-30,PUG,36357,18676,17681,13107,22371,879,ITF,ITF4,16,Puglia,Puglia,4029053,1340733,33.28,0.9
2735,2021-05-27,PUG,41014,19383,21631,22903,17434,677,ITF,ITF4,16,Puglia,Puglia,4029053,1381747,34.29,1.02
2736,2021-08-18,PUG,20113,10647,9466,10671,8519,923,ITF,ITF4,16,Puglia,Puglia,4029053,1401860,34.79,0.5
2737,2021-03-29,PUG,13580,6628,6952,6613,6768,199,ITF,ITF4,16,Puglia,Puglia,4029053,1415440,35.13,0.34
2738,2021-03-12,PUG,14318,6456,7862,10231,3946,141,ITF,ITF4,16,Puglia,Puglia,4029053,1429758,35.49,0.36
2739,2021-06-20,PUG,21616,10862,10754,14064,7226,326,ITF,ITF4,16,Puglia,Puglia,4029053,1451374,36.02,0.54
2740,2021-02-04,PUG,5937,2367,3570,1134,4800,3,ITF,ITF4,16,Puglia,Puglia,4029053,1457311,36.17,0.15
2741,2021-06-12,PUG,34650,17270,17380,25077,8979,594,ITF,ITF4,16,Puglia,Puglia,4029053,1491961,37.03,0.86
2742,2021-07-09,PUG,37147,17894,19253,6404,30064,679,ITF,ITF4,16,Puglia,Puglia,4029053,1529108,37.95,0.92
2743,2021-05-13,PUG,38877,17334,21543,21004,17308,565,ITF,ITF4,16,Puglia,Puglia,4029053,1567985,38.92,0.96
2744,2021-03-17,PUG,10357,4706,5651,4104,6191,62,ITF,ITF4,16,Puglia,Puglia,4029053,1578342,39.17,0.26
2745,2021-07-20,PUG,47023,23068,23955,8217,38296,510,ITF,ITF4,16,Puglia,Puglia,4029053,1625365,40.34,1.17
2746,2021-07-27,PUG,48577,24168,24409,13301,34464,812,ITF,ITF4,16,Puglia,Puglia,4029053,1673942,41.55,1.21
2747,2021-05-31,PUG,37971,18313,19658,23162,14253,556,ITF,ITF4,16,Puglia,Puglia,4029053,1711913,42.49,0.94
2748,2021-03-16,PUG,9889,4694,5195,3451,6380,58,ITF,ITF4,16,Puglia,Puglia,4029053,1721802,42.73,0.25
2749,2021-06-24,PUG,53004,25642,27362,23584,28631,789,ITF,ITF4,16,Puglia,Puglia,4029053,1774806,44.05,1.32
2750,2021-04-28,PUG,19883,8917,10966,14829,4790,264,ITF,ITF4,16,Puglia,Puglia,4029053,1794689,44.54,0.49
2751,2021-08-06,PUG,30263,15733,14530,9059,20443,761,ITF,ITF4,16,Puglia,Puglia,4029053,1824952,45.29,0.75
2752,2021-01-09,PUG,4899,2252,2647,4895,0,4,ITF,ITF4,16,Puglia,Puglia,4029053,1829851,45.42,0.12
2753,2021-07-01,PUG,48507,22712,25795,11455,36418,634,ITF,ITF4,16,Puglia,Puglia,4029053,1878358,46.62,1.2
2754,2021-04-16,PUG,36144,16991,19153,32426,3287,431,ITF,ITF4,16,Puglia,Puglia,4029053,1914502,47.52,0.9
2755,2021-02-18,PUG,4387,1848,2539,3717,610,60,ITF,ITF4,16,Puglia,Puglia,4029053,1918889,47.63,0.11
2756,2021-07-25,PUG,14312,7400,6912,4276,9831,205,ITF,ITF4,16,Puglia,Puglia,4029053,1933201,47.98,0.36
2757,2021-04-09,PUG,22112,9529,12583,17080,4645,387,ITF,ITF4,16,Puglia,Puglia,4029053,1955313,48.53,0.55
2758,2021-02-11,PUG,3699,1401,2298,2392,1279,28,ITF,ITF4,16,Puglia,Puglia,4029053,1959012,48.62,0.09
2759,2021-07-18,PUG,18840,9650,9190,6208,12295,337,ITF,ITF4,16,Puglia,Puglia,4029053,1977852,49.09,0.47
2760,2021-03-02,PUG,16424,6104,10320,14870,1309,245,ITF,ITF4,16,Puglia,Puglia,4029053,1994276,49.5,0.41
2761,2021-06-10,PUG,47265,23241,24024,29409,17137,719,ITF,ITF4,16,Puglia,Puglia,4029053,2041541,50.67,1.17
2762,2021-04-04,PUG,5998,2977,3021,5909,7,82,ITF,ITF4,16,Puglia,Puglia,4029053,2047539,50.82,0.15
2763,2021-07-13,PUG,48839,23031,25808,7800,40454,585,ITF,ITF4,16,Puglia,Puglia,4029053,2096378,52.03,1.21
2764,2021-03-21,PUG,2697,1227,1470,578,2107,12,ITF,ITF4,16,Puglia,Puglia,4029053,2099075,52.1,0.07
2765,2021-06-29,PUG,46719,22404,24315,15364,30662,693,ITF,ITF4,16,Puglia,Puglia,4029053,2145794,53.26,1.16
2766,2021-08-20,PUG,17797,9246,8551,8121,8935,741,ITF,ITF4,16,Puglia,Puglia,4029053,2163591,53.7,0.44
2767,2021-01-23,PUG,3043,1294,1749,881,2161,1,ITF,ITF4,16,Puglia,Puglia,4029053,2166634,53.78,0.08
2768,2021-05-03,PUG,33417,14937,18480,22160,10693,564,ITF,ITF4,16,Puglia,Puglia,4029053,2200051,54.6,0.83
2769,2021-03-07,PUG,4994,2007,2987,4371,578,45,ITF,ITF4,16,Puglia,Puglia,4029053,2205045,54.73,0.12
2770,2021-01-28,PUG,5489,2286,3203,441,5048,0,ITF,ITF4,16,Puglia,Puglia,4029053,2210534,54.86,0.14
2771,2021-08-15,PUG,55,34,21,55,0,0,ITF,ITF4,16,Puglia,Puglia,4029053,2210589,54.87,0.0
2772,2021-04-23,PUG,29619,13768,15851,23916,5288,415,ITF,ITF4,16,Puglia,Puglia,4029053,2240208,55.6,0.74
2773,2021-08-01,PUG,12412,6500,5912,4309,7980,123,ITF,ITF4,16,Puglia,Puglia,4029053,2252620,55.91,0.31
2774,2021-05-17,PUG,32972,15287,17685,20467,12004,501,ITF,ITF4,16,Puglia,Puglia,4029053,2285592,56.73,0.82
2775,2021-08-25,PUG,25253,13224,12029,10129,14190,934,ITF,ITF4,16,Puglia,Puglia,4029053,2310845,57.35,0.63
2776,2021-08-08,PUG,5116,2600,2516,1657,3409,50,ITF,ITF4,16,Puglia,Puglia,4029053,2315961,57.48,0.13
2777,2021-08-27,PUG,23375,12234,11141,9793,12650,932,ITF,ITF4,16,Puglia,Puglia,4029053,2339336,58.06,0.58
2778,2021-03-18,PUG,9623,4374,5249,3344,6213,66,ITF,ITF4,16,Puglia,Puglia,4029053,2348959,58.3,0.24
2779,2021-06-26,PUG,32464,16351,16113,15901,15996,567,ITF,ITF4,16,Puglia,Puglia,4029053,2381423,59.11,0.81
2780,2021-03-04,PUG,15390,6115,9275,13721,1440,229,ITF,ITF4,16,Puglia,Puglia,4029053,2396813,59.49,0.38
2781,2021-06-09,PUG,41999,20799,21200,29976,11316,707,ITF,ITF4,16,Puglia,Puglia,4029053,2438812,60.53,1.04
2782,2021-02-15,PUG,3267,1271,1996,2600,622,45,ITF,ITF4,16,Puglia,Puglia,4029053,2442079,60.61,0.08
2783,2021-04-25,PUG,11328,5243,6085,10051,1144,133,ITF,ITF4,16,Puglia,Puglia,4029053,2453407,60.89,0.28
2784,2021-02-27,PUG,14246,4826,9420,12828,1235,183,ITF,ITF4,16,Puglia,Puglia,4029053,2467653,61.25,0.35
2785,2021-08-03,PUG,36399,18469,17930,9174,26455,770,ITF,ITF4,16,Puglia,Puglia,4029053,2504052,62.15,0.9
2786,2021-01-01,PUG,150,61,89,150,0,0,ITF,ITF4,16,Puglia,Puglia,4029053,2504202,62.15,0.0
2787,2021-06-07,PUG,44462,21705,22757,30385,13312,765,ITF,ITF4,16,Puglia,Puglia,4029053,2548664,63.26,1.1
2788,2021-04-11,PUG,16488,7268,9220,14658,1648,182,ITF,ITF4,16,Puglia,Puglia,4029053,2565152,63.67,0.41
2789,2021-03-14,PUG,3381,1465,1916,2476,867,38,ITF,ITF4,16,Puglia,Puglia,4029053,2568533,63.75,0.08
2790,2021-01-16,PUG,2508,1035,1473,2507,0,1,ITF,ITF4,16,Puglia,Puglia,4029053,2571041,63.81,0.06
2791,2021-01-11,PUG,3758,1592,2166,3757,0,1,ITF,ITF4,16,Puglia,Puglia,4029053,2574799,63.91,0.09
2792,2021-04-21,PUG,23171,10699,12472,19125,3745,301,ITF,ITF4,16,Puglia,Puglia,4029053,2597970,64.48,0.58
2793,2021-05-24,PUG,36214,17085,19129,24507,11095,612,ITF,ITF4,16,Puglia,Puglia,4029053,2634184,65.38,0.9
2794,2021-02-16,PUG,3392,1456,1936,2712,649,31,ITF,ITF4,16,Puglia,Puglia,4029053,2637576,65.46,0.08
2795,2021-01-30,PUG,5541,2516,3025,380,5160,1,ITF,ITF4,16,Puglia,Puglia,4029053,2643117,65.6,0.14
2796,2021-05-10,PUG,37920,16761,21159,19321,18098,501,ITF,ITF4,16,Puglia,Puglia,4029053,2681037,66.54,0.94
2797,2021-08-17,PUG,19903,10327,9576,9255,9950,698,ITF,ITF4,16,Puglia,Puglia,4029053,2700940,67.04,0.49
2798,2021-05-22,PUG,34776,15920,18856,23652,10579,545,ITF,ITF4,16,Puglia,Puglia,4029053,2735716,67.9,0.86
2799,2021-02-25,PUG,11994,5070,6924,10674,1183,137,ITF,ITF4,16,Puglia,Puglia,4029053,2747710,68.2,0.3
2800,2021-06-05,PUG,42668,20896,21772,29190,12757,721,ITF,ITF4,16,Puglia,Puglia,4029053,2790378,69.26,1.06
2801,2021-02-23,PUG,9398,4432,4966,8810,496,92,ITF,ITF4,16,Puglia,Puglia,4029053,2799776,69.49,0.23
2802,2021-05-05,PUG,39353,17277,22076,24503,14259,591,ITF,ITF4,16,Puglia,Puglia,4029053,2839129,70.47,0.98
2803,2021-08-13,PUG,13756,7313,6443,7276,5890,590,ITF,ITF4,16,Puglia,Puglia,4029053,2852885,70.81,0.34
2804,2021-06-17,PUG,42950,20988,21962,21406,20982,562,ITF,ITF4,16,Puglia,Puglia,4029053,2895835,71.87,1.07
2805,2021-03-30,PUG,12449,5969,6480,6196,6099,154,ITF,ITF4,16,Puglia,Puglia,4029053,2908284,72.18,0.31
2806,2021-02-01,PUG,3979,1667,2312,353,3625,1,ITF,ITF4,16,Puglia,Puglia,4029053,2912263,72.28,0.1
2807,2021-05-26,PUG,38730,18607,20123,26239,11836,655,ITF,ITF4,16,Puglia,Puglia,4029053,2950993,73.24,0.96
2808,2021-01-27,PUG,4605,1944,2661,617,3988,0,ITF,ITF4,16,Puglia,Puglia,4029053,2955598,73.36,0.11
2809,2021-05-07,PUG,50252,22424,27828,25975,23684,593,ITF,ITF4,16,Puglia,Puglia,4029053,3005850,74.6,1.25
2810,2021-07-29,PUG,42977,21719,21258,12250,29927,800,ITF,ITF4,16,Puglia,Puglia,4029053,3048827,75.67,1.07
2811,2021-01-13,PUG,4553,1733,2820,4552,0,1,ITF,ITF4,16,Puglia,Puglia,4029053,3053380,75.78,0.11
2812,2021-04-06,PUG,13867,6265,7602,6924,6773,170,ITF,ITF4,16,Puglia,Puglia,4029053,3067247,76.13,0.34
2813,2021-07-15,PUG,44877,21712,23165,8880,35319,678,ITF,ITF4,16,Puglia,Puglia,4029053,3112124,77.24,1.11
2814,2021-03-06,PUG,16183,6139,10044,13887,2125,171,ITF,ITF4,16,Puglia,Puglia,4029053,3128307,77.64,0.4
2815,2021-01-08,PUG,5694,2395,3299,5692,0,2,ITF,ITF4,16,Puglia,Puglia,4029053,3134001,77.79,0.14
2816,2021-06-14,PUG,42119,20606,21513,28855,12474,790,ITF,ITF4,16,Puglia,Puglia,4029053,3176120,78.83,1.05
2817,2021-04-18,PUG,22681,10853,11828,21429,1057,195,ITF,ITF4,16,Puglia,Puglia,4029053,3198801,79.39,0.56
2818,2021-02-20,PUG,2977,1080,1897,2687,257,33,ITF,ITF4,16,Puglia,Puglia,4029053,3201778,79.47,0.07
2819,2021-05-21,PUG,39251,18644,20607,28274,10183,794,ITF,ITF4,16,Puglia,Puglia,4029053,3241029,80.44,0.97
2820,2021-08-31,PUG,16114,8255,7859,5545,10004,565,ITF,ITF4,16,Puglia,Puglia,4029053,3257143,80.84,0.4
2821,2021-05-19,PUG,26493,12808,13685,19561,6497,435,ITF,ITF4,16,Puglia,Puglia,4029053,3283636,81.5,0.66
2822,2021-03-23,PUG,11156,5664,5492,4532,6530,94,ITF,ITF4,16,Puglia,Puglia,4029053,3294792,81.78,0.28
2823,2021-02-13,PUG,3732,1461,2271,3020,696,16,ITF,ITF4,16,Puglia,Puglia,4029053,3298524,81.87,0.09
2824,2021-06-28,PUG,48721,23635,25086,21667,26257,797,ITF,ITF4,16,Puglia,Puglia,4029053,3347245,83.08,1.21
2825,2021-08-05,PUG,34310,17248,17062,9416,24014,880,ITF,ITF4,16,Puglia,Puglia,4029053,3381555,83.93,0.85
2826,2021-01-06,PUG,3963,1679,2284,3962,0,1,ITF,ITF4,16,Puglia,Puglia,4029053,3385518,84.03,0.1
2827,2021-08-12,PUG,19395,10309,9086,10943,7542,910,ITF,ITF4,16,Puglia,Puglia,4029053,3404913,84.51,0.48
2828,2021-07-14,PUG,46259,22191,24068,13378,32046,835,ITF,ITF4,16,Puglia,Puglia,4029053,3451172,85.66,1.15
2829,2021-08-02,PUG,39669,20112,19557,14160,24280,1229,ITF,ITF4,16,Puglia,Puglia,4029053,3490841,86.64,0.98
2830,2021-03-01,PUG,15133,5882,9251,13596,1385,152,ITF,ITF4,16,Puglia,Puglia,4029053,3505974,87.02,0.38
2831,2021-07-17,PUG,30842,15482,15360,9536,20677,629,ITF,ITF4,16,Puglia,Puglia,4029053,3536816,87.78,0.77
2832,2021-05-14,PUG,45097,20612,24485,28010,16229,858,ITF,ITF4,16,Puglia,Puglia,4029053,3581913,88.9,1.12
2833,2021-08-22,PUG,1474,768,706,531,920,23,ITF,ITF4,16,Puglia,Puglia,4029053,3583387,88.94,0.04
2834,2021-08-14,PUG,1086,560,526,497,570,19,ITF,ITF4,16,Puglia,Puglia,4029053,3584473,88.97,0.03
2835,2021-01-15,PUG,4559,1867,2692,4554,0,5,ITF,ITF4,16,Puglia,Puglia,4029053,3589032,89.08,0.11
2836,2021-01-18,PUG,1848,772,1076,1496,351,1,ITF,ITF4,16,Puglia,Puglia,4029053,3590880,89.12,0.05
2837,2021-02-06,PUG,4556,1935,2621,1578,2963,15,ITF,ITF4,16,Puglia,Puglia,4029053,3595436,89.24,0.11
2838,2021-01-20,PUG,1547,541,1006,1537,8,2,ITF,ITF4,16,Puglia,Puglia,4029053,3596983,89.28,0.04
2839,2021-04-30,PUG,35041,15703,19338,22469,12006,566,ITF,ITF4,16,Puglia,Puglia,4029053,3632024,90.15,0.87
2840,2021-04-13,PUG,28786,13653,15133,24932,3539,315,ITF,ITF4,16,Puglia,Puglia,4029053,3660810,90.86,0.71
2841,2021-07-22,PUG,47624,23614,24010,8489,38449,686,ITF,ITF4,16,Puglia,Puglia,4029053,3708434,92.04,1.18
2842,2021-07-05,PUG,38950,18278,20672,7246,31152,552,ITF,ITF4,16,Puglia,Puglia,4029053,3747384,93.01,0.97
2843,2021-05-02,PUG,21359,9676,11683,13901,7279,179,ITF,ITF4,16,Puglia,Puglia,4029053,3768743,93.54,0.53
2844,2021-03-25,PUG,11775,6037,5738,5256,6418,101,ITF,ITF4,16,Puglia,Puglia,4029053,3780518,93.83,0.29
2845,2021-08-29,PUG,1234,647,587,409,798,27,ITF,ITF4,16,Puglia,Puglia,4029053,3781752,93.86,0.03
2846,2021-07-03,PUG,33298,16682,16616,13468,19328,502,ITF,ITF4,16,Puglia,Puglia,4029053,3815050,94.69,0.83
2847,2021-02-08,PUG,4010,1621,2389,1582,2413,15,ITF,ITF4,16,Puglia,Puglia,4029053,3819060,94.79,0.1
2848,2021-01-10,PUG,2351,1062,1289,2351,0,0,ITF,ITF4,16,Puglia,Puglia,4029053,3821411,94.85,0.06
2849,2021-04-20,PUG,21228,9860,11368,17475,3485,268,ITF,ITF4,16,Puglia,Puglia,4029053,3842639,95.37,0.53
2850,2020-12-27,PUG,510,252,258,510,0,0,ITF,ITF4,16,Puglia,Puglia,4029053,3843149,95.39,0.01
2851,2021-05-09,PUG,30839,12661,18178,14794,15672,373,ITF,ITF4,16,Puglia,Puglia,4029053,3873988,96.15,0.77
2852,2021-04-22,PUG,23069,10557,12512,17740,4944,385,ITF,ITF4,16,Puglia,Puglia,4029053,3897057,96.72,0.57
2853,2021-07-31,PUG,19985,10618,9367,7884,11620,481,ITF,ITF4,16,Puglia,Puglia,4029053,3917042,97.22,0.5
2854,2021-06-16,PUG,42161,20752,21409,26915,14517,729,ITF,ITF4,16,Puglia,Puglia,4029053,3959203,98.27,1.05
2855,2020-12-30,PUG,1,0,1,1,0,0,ITF,ITF4,16,Puglia,Puglia,4029053,3959204,98.27,0.0
2856,2021-03-22,PUG,9984,5139,4845,4246,5667,71,ITF,ITF4,16,Puglia,Puglia,4029053,3969188,98.51,0.25
2857,2021-01-24,PUG,1673,754,919,151,1522,0,ITF,ITF4,16,Puglia,Puglia,4029053,3970861,98.56,0.04
2858,2021-06-30,PUG,47917,23238,24679,18843,28216,858,ITF,ITF4,16,Puglia,Puglia,4029053,4018778,99.74,1.19
2859,2021-01-22,PUG,1414,580,834,992,421,1,ITF,ITF4,16,Puglia,Puglia,4029053,4020192,99.78,0.04
2860,2021-08-21,PUG,4289,2296,1993,1961,2095,233,ITF,ITF4,16,Puglia,Puglia,4029053,4024481,99.89,0.11
2861,2021-06-25,PUG,50921,25077,25844,23841,26180,900,ITF,ITF4,16,Puglia,Puglia,4029053,4075402,101.15,1.26
2862,2021-01-25,PUG,3837,1685,2152,424,3412,1,ITF,ITF4,16,Puglia,Puglia,4029053,4079239,101.25,0.1
2863,2021-07-10,PUG,22403,11032,11371,4463,17644,296,ITF,ITF4,16,Puglia,Puglia,4029053,4101642,101.8,0.56
2864,2021-08-10,PUG,27105,14082,13023,13938,12007,1160,ITF,ITF4,16,Puglia,Puglia,4029053,4128747,102.47,0.67
2865,2021-07-24,PUG,26745,13877,12868,7999,18273,473,ITF,ITF4,16,Puglia,Puglia,4029053,4155492,103.14,0.66
2866,2021-06-18,PUG,47893,23573,24320,28882,18085,926,ITF,ITF4,16,Puglia,Puglia,4029053,4203385,104.33,1.19
2867,2021-02-10,PUG,3659,1443,2216,2126,1513,20,ITF,ITF4,16,Puglia,Puglia,4029053,4207044,104.42,0.09
2868,2021-05-23,PUG,17969,8400,9569,13871,3837,261,ITF,ITF4,16,Puglia,Puglia,4029053,4225013,104.86,0.45
2869,2021-02-17,PUG,4297,1754,2543,3618,640,39,ITF,ITF4,16,Puglia,Puglia,4029053,4229310,104.97,0.11
2870,2021-05-28,PUG,44135,20896,23239,27434,15899,802,ITF,ITF4,16,Puglia,Puglia,4029053,4273445,106.07,1.1
2871,2021-03-15,PUG,12358,6160,6198,5736,6517,105,ITF,ITF4,16,Puglia,Puglia,4029053,4285803,106.37,0.31
2872,2021-08-19,PUG,17802,9276,8526,8721,8357,724,ITF,ITF4,16,Puglia,Puglia,4029053,4303605,106.81,0.44
2873,2021-01-17,PUG,1311,592,719,1241,70,0,ITF,ITF4,16,Puglia,Puglia,4029053,4304916,106.85,0.03
2874,2021-06-23,PUG,29440,14385,15055,16945,11884,611,ITF,ITF4,16,Puglia,Puglia,4029053,4334356,107.58,0.73
2875,2021-04-27,PUG,26735,12099,14636,20783,5625,327,ITF,ITF4,16,Puglia,Puglia,4029053,4361091,108.24,0.66
2876,2021-02-12,PUG,4216,1673,2543,3098,1094,24,ITF,ITF4,16,Puglia,Puglia,4029053,4365307,108.35,0.1
2877,2021-01-29,PUG,6216,2670,3546,221,5995,0,ITF,ITF4,16,Puglia,Puglia,4029053,4371523,108.5,0.15
2878,2021-03-20,PUG,8440,3891,4549,3769,4625,46,ITF,ITF4,16,Puglia,Puglia,4029053,4379963,108.71,0.21
2879,2021-03-03,PUG,16823,6826,9997,14732,1940,151,ITF,ITF4,16,Puglia,Puglia,4029053,4396786,109.13,0.42
2880,2021-06-11,PUG,48030,23493,24537,33015,14106,909,ITF,ITF4,16,Puglia,Puglia,4029053,4444816,110.32,1.19
2881,2021-01-03,PUG,2010,945,1065,2009,0,1,ITF,ITF4,16,Puglia,Puglia,4029053,4446826,110.37,0.05
2882,2021-03-27,PUG,12181,5723,6458,6880,5189,112,ITF,ITF4,16,Puglia,Puglia,4029053,4459007,110.67,0.3
2883,2021-01-05,PUG,5116,2255,2861,5113,0,3,ITF,ITF4,16,Puglia,Puglia,4029053,4464123,110.8,0.13
2884,2021-04-15,PUG,32775,15295,17480,28594,3780,401,ITF,ITF4,16,Puglia,Puglia,4029053,4496898,111.61,0.81
2885,2021-04-08,PUG,17528,7612,9916,11116,6197,215,ITF,ITF4,16,Puglia,Puglia,4029053,4514426,112.05,0.44
2886,2021-06-06,PUG,30763,15496,15267,25372,5069,322,ITF,ITF4,16,Puglia,Puglia,4029053,4545189,112.81,0.76
2887,2021-04-10,PUG,30955,13129,17826,26108,4464,383,ITF,ITF4,16,Puglia,Puglia,4029053,4576144,113.58,0.77
2888,2021-07-19,PUG,49537,24338,25199,10956,37818,763,ITF,ITF4,16,Puglia,Puglia,4029053,4625681,114.81,1.23
2889,2021-07-26,PUG,47938,23930,24008,17096,29917,925,ITF,ITF4,16,Puglia,Puglia,4029053,4673619,116.0,1.19
2890,2021-05-30,PUG,21060,10077,10983,15727,5076,257,ITF,ITF4,16,Puglia,Puglia,4029053,4694679,116.52,0.52
2891,2021-04-03,PUG,10586,4661,5925,6817,3576,193,ITF,ITF4,16,Puglia,Puglia,4029053,4705265,116.78,0.26
2892,2021-05-11,PUG,32735,14466,18269,13698,18548,489,ITF,ITF4,16,Puglia,Puglia,4029053,4738000,117.6,0.81
2893,2021-05-04,PUG,35229,14903,20326,18246,16563,420,ITF,ITF4,16,Puglia,Puglia,4029053,4773229,118.47,0.87
2894,2021-03-08,PUG,15017,6445,8572,12443,2415,159,ITF,ITF4,16,Puglia,Puglia,4029053,4788246,118.84,0.37
2895,2021-07-07,PUG,38761,18558,20203,6098,32154,509,ITF,ITF4,16,Puglia,Puglia,4029053,4827007,119.81,0.96
2896,2021-04-01,PUG,13979,6570,7409,7380,6382,217,ITF,ITF4,16,Puglia,Puglia,4029053,4840986,120.15,0.35
2897,2021-02-03,PUG,5054,2008,3046,705,4348,1,ITF,ITF4,16,Puglia,Puglia,4029053,4846040,120.28,0.13
2898,2021-07-12,PUG,45791,21618,24173,12746,32292,753,ITF,ITF4,16,Puglia,Puglia,4029053,4891831,121.41,1.14
2899,2021-07-08,PUG,41598,19287,22311,5439,35701,458,ITF,ITF4,16,Puglia,Puglia,4029053,4933429,122.45,1.03
2900,2021-01-04,PUG,4513,2016,2497,4511,0,2,ITF,ITF4,16,Puglia,Puglia,4029053,4937942,122.56,0.11
2901,2021-03-26,PUG,12036,5861,6175,7221,4677,138,ITF,ITF4,16,Puglia,Puglia,4029053,4949978,122.86,0.3
2902,2021-03-09,PUG,13694,6124,7570,11493,2018,183,ITF,ITF4,16,Puglia,Puglia,4029053,4963672,123.2,0.34
2903,2021-04-14,PUG,32060,15124,16936,28452,3302,306,ITF,ITF4,16,Puglia,Puglia,4029053,4995732,123.99,0.8
2904,2021-03-28,PUG,3548,1659,1889,1178,2335,35,ITF,ITF4,16,Puglia,Puglia,4029053,4999280,124.08,0.09
2905,2021-07-06,PUG,42433,19540,22893,6114,35902,417,ITF,ITF4,16,Puglia,Puglia,4029053,5041713,125.13,1.05
2906,2021-06-19,PUG,34825,17465,17360,22225,11946,654,ITF,ITF4,16,Puglia,Puglia,4029053,5076538,126.0,0.86
2907,2021-06-21,PUG,41939,20452,21487,21458,19844,637,ITF,ITF4,16,Puglia,Puglia,4029053,5118477,127.04,1.04
2908,2021-08-24,PUG,25020,12804,12216,9297,14899,824,ITF,ITF4,16,Puglia,Puglia,4029053,5143497,127.66,0.62
2909,2021-03-11,PUG,14861,6602,8259,11464,3193,204,ITF,ITF4,16,Puglia,Puglia,4029053,5158358,128.03,0.37
2910,2021-06-02,PUG,27099,13249,13850,21901,4841,357,ITF,ITF4,16,Puglia,Puglia,4029053,5185457,128.7,0.67
2911,2021-03-13,PUG,10483,4140,6343,8569,1817,97,ITF,ITF4,16,Puglia,Puglia,4029053,5195940,128.96,0.26
2912,2021-02-24,PUG,10068,4718,5350,9372,597,99,ITF,ITF4,16,Puglia,Puglia,4029053,5206008,129.21,0.25
2913,2021-06-04,PUG,52867,25580,27287,34197,17841,829,ITF,ITF4,16,Puglia,Puglia,4029053,5258875,130.52,1.31
2914,2021-05-18,PUG,28981,13481,15500,15800,12902,279,ITF,ITF4,16,Puglia,Puglia,4029053,5287856,131.24,0.72
2915,2021-08-26,PUG,20147,10390,9757,8626,10648,873,ITF,ITF4,16,Puglia,Puglia,4029053,5308003,131.74,0.5
2916,2021-04-29,PUG,26320,12171,14149,19189,6704,427,ITF,ITF4,16,Puglia,Puglia,4029053,5334323,132.4,0.65
2917,2021-08-07,PUG,10084,5325,4759,3539,6248,297,ITF,ITF4,16,Puglia,Puglia,4029053,5344407,132.65,0.25
2918,2021-02-22,PUG,9652,4539,5113,9227,336,89,ITF,ITF4,16,Puglia,Puglia,4029053,5354059,132.89,0.24
2919,2021-02-05,PUG,5650,2277,3373,1311,4334,5,ITF,ITF4,16,Puglia,Puglia,4029053,5359709,133.03,0.14
2920,2021-05-16,PUG,24645,11116,13529,12468,11952,225,ITF,ITF4,16,Puglia,Puglia,4029053,5384354,133.64,0.61
2921,2021-01-11,VEN,7244,2102,5142,7243,0,1,ITH,ITH3,5,Veneto,Veneto,4905854,7244,0.15,0.15
2922,2021-04-21,VEN,32408,13205,19203,15567,16065,776,ITH,ITH3,5,Veneto,Veneto,4905854,39652,0.81,0.66
2923,2021-05-22,VEN,34834,16703,18131,12718,21447,669,ITH,ITH3,5,Veneto,Veneto,4905854,74486,1.52,0.71
2924,2021-02-11,VEN,4015,1238,2777,3349,628,38,ITH,ITH3,5,Veneto,Veneto,4905854,78501,1.6,0.08
2925,2021-01-28,VEN,9216,2666,6550,169,9045,2,ITH,ITH3,5,Veneto,Veneto,4905854,87717,1.79,0.19
2926,2021-01-23,VEN,4057,1250,2807,31,4026,0,ITH,ITH3,5,Veneto,Veneto,4905854,91774,1.87,0.08
2927,2021-06-29,VEN,45571,22733,22838,19050,25837,684,ITH,ITH3,5,Veneto,Veneto,4905854,137345,2.8,0.93
2928,2021-03-21,VEN,11992,4756,7236,8286,3466,240,ITH,ITH3,5,Veneto,Veneto,4905854,149337,3.04,0.24
2929,2021-01-16,VEN,4612,1542,3070,4612,0,0,ITH,ITH3,5,Veneto,Veneto,4905854,153949,3.14,0.09
2930,2021-03-14,VEN,15186,5945,9241,13847,894,445,ITH,ITH3,5,Veneto,Veneto,4905854,169135,3.45,0.31
2931,2021-07-27,VEN,42236,22168,20068,11770,30039,427,ITH,ITH3,5,Veneto,Veneto,4905854,211371,4.31,0.86
2932,2021-08-01,VEN,27909,14939,12970,11035,16358,516,ITH,ITH3,5,Veneto,Veneto,4905854,239280,4.88,0.57
2933,2021-04-23,VEN,31303,13857,17446,21433,8710,1160,ITH,ITH3,5,Veneto,Veneto,4905854,270583,5.52,0.64
2934,2021-02-16,VEN,6644,2870,3774,6439,176,29,ITH,ITH3,5,Veneto,Veneto,4905854,277227,5.65,0.14
2935,2021-08-13,VEN,24432,13812,10620,18292,5361,779,ITH,ITH3,5,Veneto,Veneto,4905854,301659,6.15,0.5
2936,2021-08-27,VEN,26690,14279,12411,8247,17865,578,ITH,ITH3,5,Veneto,Veneto,4905854,328349,6.69,0.54
2937,2021-05-05,VEN,44412,21279,23133,36228,6562,1622,ITH,ITH3,5,Veneto,Veneto,4905854,372761,7.6,0.91
2938,2021-07-01,VEN,51001,26050,24951,20694,29304,1003,ITH,ITH3,5,Veneto,Veneto,4905854,423762,8.64,1.04
2939,2021-05-17,VEN,26551,13002,13549,15657,10075,819,ITH,ITH3,5,Veneto,Veneto,4905854,450313,9.18,0.54
2940,2021-02-06,VEN,4099,1354,2745,708,3391,0,ITH,ITH3,5,Veneto,Veneto,4905854,454412,9.26,0.08
2941,2021-08-25,VEN,19985,10840,9145,7992,11415,578,ITH,ITH3,5,Veneto,Veneto,4905854,474397,9.67,0.41
2942,2021-02-23,VEN,7384,3253,4131,7030,270,84,ITH,ITH3,5,Veneto,Veneto,4905854,481781,9.82,0.15
2943,2021-07-18,VEN,37719,19760,17959,3850,33622,247,ITH,ITH3,5,Veneto,Veneto,4905854,519500,10.59,0.77
2944,2021-02-25,VEN,7905,3345,4560,7160,607,138,ITH,ITH3,5,Veneto,Veneto,4905854,527405,10.75,0.16
2945,2021-04-09,VEN,31206,13768,17438,21912,8351,943,ITH,ITH3,5,Veneto,Veneto,4905854,558611,11.39,0.64
2946,2021-06-05,VEN,46876,24145,22731,37322,8103,1451,ITH,ITH3,5,Veneto,Veneto,4905854,605487,12.34,0.96
2947,2021-07-13,VEN,43570,22612,20958,5420,37842,308,ITH,ITH3,5,Veneto,Veneto,4905854,649057,13.23,0.89
2948,2021-04-04,VEN,7789,3534,4255,6516,1148,125,ITH,ITH3,5,Veneto,Veneto,4905854,656846,13.39,0.16
2949,2021-06-17,VEN,51751,25930,25821,25553,25054,1144,ITH,ITH3,5,Veneto,Veneto,4905854,708597,14.44,1.05
2950,2021-03-09,VEN,16566,7459,9107,9830,6338,398,ITH,ITH3,5,Veneto,Veneto,4905854,725163,14.78,0.34
2951,2021-05-31,VEN,31652,16245,15407,20896,9934,822,ITH,ITH3,5,Veneto,Veneto,4905854,756815,15.43,0.65
2952,2021-03-26,VEN,29618,13164,16454,23283,5468,867,ITH,ITH3,5,Veneto,Veneto,4905854,786433,16.03,0.6
2953,2021-03-28,VEN,31316,13611,17705,26888,3616,812,ITH,ITH3,5,Veneto,Veneto,4905854,817749,16.67,0.64
2954,2021-03-02,VEN,11497,4628,6869,7937,3312,248,ITH,ITH3,5,Veneto,Veneto,4905854,829246,16.9,0.23
2955,2021-06-10,VEN,52397,27038,25359,41328,9375,1694,ITH,ITH3,5,Veneto,Veneto,4905854,881643,17.97,1.07
2956,2021-04-02,VEN,24121,10635,13486,17146,6332,643,ITH,ITH3,5,Veneto,Veneto,4905854,905764,18.46,0.49
2957,2021-05-10,VEN,36517,17087,19430,25416,9855,1246,ITH,ITH3,5,Veneto,Veneto,4905854,942281,19.21,0.74
2958,2021-01-30,VEN,8761,2679,6082,689,8072,0,ITH,ITH3,5,Veneto,Veneto,4905854,951042,19.39,0.18
2959,2021-03-07,VEN,4496,1769,2727,3865,560,71,ITH,ITH3,5,Veneto,Veneto,4905854,955538,19.48,0.09
2960,2021-05-29,VEN,33060,16699,16361,24250,7696,1114,ITH,ITH3,5,Veneto,Veneto,4905854,988598,20.15,0.67
2961,2021-02-18,VEN,5833,2456,3377,5730,64,39,ITH,ITH3,5,Veneto,Veneto,4905854,994431,20.27,0.12
2962,2021-07-25,VEN,33196,17541,15655,10842,21890,464,ITH,ITH3,5,Veneto,Veneto,4905854,1027627,20.95,0.68
2963,2021-04-16,VEN,24468,10502,13966,11893,11893,682,ITH,ITH3,5,Veneto,Veneto,4905854,1052095,21.45,0.5
2964,2021-05-12,VEN,36997,17909,19088,30251,5128,1618,ITH,ITH3,5,Veneto,Veneto,4905854,1089092,22.2,0.75
2965,2021-07-08,VEN,46728,24313,22415,4507,41921,300,ITH,ITH3,5,Veneto,Veneto,4905854,1135820,23.15,0.95
2966,2021-06-24,VEN,56214,28474,27740,17640,37893,681,ITH,ITH3,5,Veneto,Veneto,4905854,1192034,24.3,1.15
2967,2021-03-16,VEN,12538,5358,7180,6642,5626,270,ITH,ITH3,5,Veneto,Veneto,4905854,1204572,24.55,0.26
2968,2021-08-20,VEN,19422,10524,8898,11276,7560,586,ITH,ITH3,5,Veneto,Veneto,4905854,1223994,24.95,0.4
2969,2021-08-06,VEN,38281,20887,17394,19839,17567,875,ITH,ITH3,5,Veneto,Veneto,4905854,1262275,25.73,0.78
2970,2021-04-28,VEN,32465,15198,17267,22255,9024,1186,ITH,ITH3,5,Veneto,Veneto,4905854,1294740,26.39,0.66
2971,2021-07-20,VEN,44373,23691,20682,6883,36985,505,ITH,ITH3,5,Veneto,Veneto,4905854,1339113,27.3,0.9
2972,2021-01-18,VEN,2766,778,1988,2560,201,5,ITH,ITH3,5,Veneto,Veneto,4905854,1341879,27.35,0.06
2973,2021-02-04,VEN,7397,2029,5368,550,6846,1,ITH,ITH3,5,Veneto,Veneto,4905854,1349276,27.5,0.15
2974,2021-08-08,VEN,20520,11398,9122,10669,9541,310,ITH,ITH3,5,Veneto,Veneto,4905854,1369796,27.92,0.42
2975,2021-06-12,VEN,48699,24501,24198,36407,10830,1462,ITH,ITH3,5,Veneto,Veneto,4905854,1418495,28.91,0.99
2976,2021-05-24,VEN,33092,16436,16656,7631,25054,407,ITH,ITH3,5,Veneto,Veneto,4905854,1451587,29.59,0.67
2977,2021-08-15,VEN,3105,1762,1343,2615,425,65,ITH,ITH3,5,Veneto,Veneto,4905854,1454692,29.65,0.06
2978,2021-01-09,VEN,7937,2539,5398,7932,0,5,ITH,ITH3,5,Veneto,Veneto,4905854,1462629,29.81,0.16
2979,2021-03-18,VEN,12627,5145,7482,7038,5236,353,ITH,ITH3,5,Veneto,Veneto,4905854,1475256,30.07,0.26
2980,2021-06-26,VEN,48090,24517,23573,13598,34003,489,ITH,ITH3,5,Veneto,Veneto,4905854,1523346,31.05,0.98
2981,2021-06-19,VEN,49300,25082,24218,25680,22591,1029,ITH,ITH3,5,Veneto,Veneto,4905854,1572646,32.06,1.0
2982,2021-07-06,VEN,36151,18626,17525,13213,22306,632,ITH,ITH3,5,Veneto,Veneto,4905854,1608797,32.79,0.74
2983,2021-04-14,VEN,15943,6915,9028,8764,6634,545,ITH,ITH3,5,Veneto,Veneto,4905854,1624740,33.12,0.32
2984,2021-01-04,VEN,6741,2038,4703,6739,0,2,ITH,ITH3,5,Veneto,Veneto,4905854,1631481,33.26,0.14
2985,2021-08-22,VEN,9242,5042,4200,5857,3107,278,ITH,ITH3,5,Veneto,Veneto,4905854,1640723,33.44,0.19
2986,2021-05-14,VEN,46835,22278,24557,24299,20954,1582,ITH,ITH3,5,Veneto,Veneto,4905854,1687558,34.4,0.95
2987,2021-06-09,VEN,42826,21968,20858,33780,7499,1547,ITH,ITH3,5,Veneto,Veneto,4905854,1730384,35.27,0.87
2988,2021-06-28,VEN,47670,24124,23546,18426,28544,700,ITH,ITH3,5,Veneto,Veneto,4905854,1778054,36.24,0.97
2989,2021-01-25,VEN,6471,2077,4394,157,6314,0,ITH,ITH3,5,Veneto,Veneto,4905854,1784525,36.38,0.13
2990,2021-07-29,VEN,47503,25113,22390,20109,26540,854,ITH,ITH3,5,Veneto,Veneto,4905854,1832028,37.34,0.97
2991,2021-07-15,VEN,51417,26909,24508,6032,45008,377,ITH,ITH3,5,Veneto,Veneto,4905854,1883445,38.39,1.05
2992,2021-05-03,VEN,40711,19812,20899,32802,6439,1470,ITH,ITH3,5,Veneto,Veneto,4905854,1924156,39.22,0.83
2993,2021-05-28,VEN,46950,22976,23974,23683,22064,1203,ITH,ITH3,5,Veneto,Veneto,4905854,1971106,40.18,0.96
2994,2021-07-24,VEN,41697,22361,19336,13300,27766,631,ITH,ITH3,5,Veneto,Veneto,4905854,2012803,41.03,0.85
2995,2021-07-10,VEN,43196,23215,19981,6302,36542,352,ITH,ITH3,5,Veneto,Veneto,4905854,2055999,41.91,0.88
2996,2021-07-17,VEN,40608,21483,19125,4294,35971,343,ITH,ITH3,5,Veneto,Veneto,4905854,2096607,42.74,0.83
2997,2021-08-29,VEN,13363,7331,6032,4477,8566,320,ITH,ITH3,5,Veneto,Veneto,4905854,2109970,43.01,0.27
2998,2021-05-21,VEN,44855,22059,22796,19802,23949,1104,ITH,ITH3,5,Veneto,Veneto,4905854,2154825,43.92,0.91
2999,2021-08-05,VEN,39162,21403,17759,15653,22901,608,ITH,ITH3,5,Veneto,Veneto,4905854,2193987,44.72,0.8
3000,2021-04-18,VEN,17531,7263,10268,9511,7567,453,ITH,ITH3,5,Veneto,Veneto,4905854,2211518,45.08,0.36
3001,2021-01-08,VEN,9416,2837,6579,9402,0,14,ITH,ITH3,5,Veneto,Veneto,4905854,2220934,45.27,0.19
3002,2021-01-13,VEN,5988,1606,4382,5985,0,3,ITH,ITH3,5,Veneto,Veneto,4905854,2226922,45.39,0.12
3003,2021-03-23,VEN,22228,10249,11979,16870,4718,640,ITH,ITH3,5,Veneto,Veneto,4905854,2249150,45.85,0.45
3004,2021-05-19,VEN,33156,15185,17971,16230,15993,933,ITH,ITH3,5,Veneto,Veneto,4905854,2282306,46.52,0.68
3005,2021-02-08,VEN,5007,1559,3448,1923,3078,6,ITH,ITH3,5,Veneto,Veneto,4905854,2287313,46.62,0.1
3006,2021-04-06,VEN,29033,13368,15665,23259,5047,727,ITH,ITH3,5,Veneto,Veneto,4905854,2316346,47.22,0.59
3007,2021-05-07,VEN,48645,23306,25339,37613,8677,2355,ITH,ITH3,5,Veneto,Veneto,4905854,2364991,48.21,0.99
3008,2021-01-27,VEN,7148,2069,5079,239,6908,1,ITH,ITH3,5,Veneto,Veneto,4905854,2372139,48.35,0.15
3009,2021-05-02,VEN,37246,17266,19980,25611,10331,1304,ITH,ITH3,5,Veneto,Veneto,4905854,2409385,49.11,0.76
3010,2021-06-14,VEN,42629,21560,21069,26301,15319,1009,ITH,ITH3,5,Veneto,Veneto,4905854,2452014,49.98,0.87
3011,2021-03-06,VEN,10684,4357,6327,7214,3278,192,ITH,ITH3,5,Veneto,Veneto,4905854,2462698,50.2,0.22
3012,2021-08-10,VEN,28499,15639,12860,16417,11474,608,ITH,ITH3,5,Veneto,Veneto,4905854,2491197,50.78,0.58
3013,2020-12-30,VEN,699,245,454,699,0,0,ITH,ITH3,5,Veneto,Veneto,4905854,2491896,50.79,0.01
3014,2021-08-12,VEN,24162,13087,11075,17302,6155,705,ITH,ITH3,5,Veneto,Veneto,4905854,2516058,51.29,0.49
3015,2021-04-20,VEN,22464,9506,12958,7880,14010,574,ITH,ITH3,5,Veneto,Veneto,4905854,2538522,51.74,0.46
3016,2021-08-17,VEN,19225,10445,8780,11179,7581,465,ITH,ITH3,5,Veneto,Veneto,4905854,2557747,52.14,0.39
3017,2021-05-09,VEN,35089,16144,18945,23791,10054,1244,ITH,ITH3,5,Veneto,Veneto,4905854,2592836,52.85,0.72
3018,2021-05-26,VEN,31163,15233,15930,13990,16495,678,ITH,ITH3,5,Veneto,Veneto,4905854,2623999,53.49,0.64
3019,2021-08-31,VEN,15103,7931,7172,5179,9467,457,ITH,ITH3,5,Veneto,Veneto,4905854,2639102,53.79,0.31
3020,2021-02-20,VEN,6430,2018,4412,6276,73,81,ITH,ITH3,5,Veneto,Veneto,4905854,2645532,53.93,0.13
3021,2021-06-02,VEN,20317,10239,10078,15350,4347,620,ITH,ITH3,5,Veneto,Veneto,4905854,2665849,54.34,0.41
3022,2021-08-24,VEN,19810,10556,9254,8860,10419,531,ITH,ITH3,5,Veneto,Veneto,4905854,2685659,54.74,0.4
3023,2021-03-01,VEN,9395,3717,5678,7411,1822,162,ITH,ITH3,5,Veneto,Veneto,4905854,2695054,54.94,0.19
3024,2021-07-12,VEN,43247,22782,20465,4013,38912,322,ITH,ITH3,5,Veneto,Veneto,4905854,2738301,55.82,0.88
3025,2021-04-03,VEN,21991,9644,12347,13865,7721,405,ITH,ITH3,5,Veneto,Veneto,4905854,2760292,56.27,0.45
3026,2021-03-20,VEN,13036,5393,7643,10659,2082,295,ITH,ITH3,5,Veneto,Veneto,4905854,2773328,56.53,0.27
3027,2021-02-17,VEN,6022,2772,3250,5900,94,28,ITH,ITH3,5,Veneto,Veneto,4905854,2779350,56.65,0.12
3028,2021-04-01,VEN,25404,11197,14207,18213,6414,777,ITH,ITH3,5,Veneto,Veneto,4905854,2804754,57.17,0.52
3029,2021-04-15,VEN,20942,8654,12288,9363,10833,746,ITH,ITH3,5,Veneto,Veneto,4905854,2825696,57.6,0.43
3030,2021-01-05,VEN,7335,2186,5149,7333,0,2,ITH,ITH3,5,Veneto,Veneto,4905854,2833031,57.75,0.15
3031,2021-08-03,VEN,40709,21550,19159,17573,22420,716,ITH,ITH3,5,Veneto,Veneto,4905854,2873740,58.58,0.83
3032,2021-04-25,VEN,18336,8156,10180,12907,4835,594,ITH,ITH3,5,Veneto,Veneto,4905854,2892076,58.95,0.37
3033,2021-06-21,VEN,44333,22186,22147,20462,22963,908,ITH,ITH3,5,Veneto,Veneto,4905854,2936409,59.86,0.9
3034,2021-01-06,VEN,8142,2391,5751,8139,0,3,ITH,ITH3,5,Veneto,Veneto,4905854,2944551,60.02,0.17
3035,2021-06-23,VEN,49359,24454,24905,14559,34001,799,ITH,ITH3,5,Veneto,Veneto,4905854,2993910,61.03,1.01
3036,2021-02-13,VEN,3266,1473,1793,3230,20,16,ITH,ITH3,5,Veneto,Veneto,4905854,2997176,61.09,0.07
3037,2021-02-01,VEN,8563,2502,6061,157,8406,0,ITH,ITH3,5,Veneto,Veneto,4905854,3005739,61.27,0.17
3038,2021-02-15,VEN,4393,1827,2566,4144,240,9,ITH,ITH3,5,Veneto,Veneto,4905854,3010132,61.36,0.09
3039,2021-03-30,VEN,36009,15317,20692,29740,5253,1016,ITH,ITH3,5,Veneto,Veneto,4905854,3046141,62.09,0.73
3040,2021-08-02,VEN,40086,21025,19061,16285,23162,639,ITH,ITH3,5,Veneto,Veneto,4905854,3086227,62.91,0.82
3041,2021-04-10,VEN,27484,11987,15497,18378,8474,632,ITH,ITH3,5,Veneto,Veneto,4905854,3113711,63.47,0.56
3042,2021-06-06,VEN,37451,19175,18276,31495,4733,1223,ITH,ITH3,5,Veneto,Veneto,4905854,3151162,64.23,0.76
3043,2021-03-11,VEN,19839,8893,10946,13796,5577,466,ITH,ITH3,5,Veneto,Veneto,4905854,3171001,64.64,0.4
3044,2021-04-27,VEN,28213,12799,15414,20138,6915,1160,ITH,ITH3,5,Veneto,Veneto,4905854,3199214,65.21,0.58
3045,2021-01-17,VEN,1933,781,1152,1584,349,0,ITH,ITH3,5,Veneto,Veneto,4905854,3201147,65.25,0.04
3046,2021-06-07,VEN,44699,23319,21380,36179,7043,1477,ITH,ITH3,5,Veneto,Veneto,4905854,3245846,66.16,0.91
3047,2021-02-27,VEN,8994,2693,6301,7965,849,180,ITH,ITH3,5,Veneto,Veneto,4905854,3254840,66.35,0.18
3048,2021-03-04,VEN,12989,4890,8099,9121,3478,390,ITH,ITH3,5,Veneto,Veneto,4905854,3267829,66.61,0.26
3049,2021-01-10,VEN,5036,1673,3363,5035,0,1,ITH,ITH3,5,Veneto,Veneto,4905854,3272865,66.71,0.1
3050,2021-05-23,VEN,34490,16469,18021,10620,23399,471,ITH,ITH3,5,Veneto,Veneto,4905854,3307355,67.42,0.7
3051,2021-02-12,VEN,4314,1446,2868,3671,572,71,ITH,ITH3,5,Veneto,Veneto,4905854,3311669,67.5,0.09
3052,2021-01-29,VEN,9029,2789,6240,365,8664,0,ITH,ITH3,5,Veneto,Veneto,4905854,3320698,67.69,0.18
3053,2021-02-10,VEN,4760,1592,3168,3692,1059,9,ITH,ITH3,5,Veneto,Veneto,4905854,3325458,67.79,0.1
3054,2021-04-08,VEN,32408,14387,18021,23348,7886,1174,ITH,ITH3,5,Veneto,Veneto,4905854,3357866,68.45,0.66
3055,2021-06-04,VEN,49654,25843,23811,39838,8145,1671,ITH,ITH3,5,Veneto,Veneto,4905854,3407520,69.46,1.01
3056,2021-02-24,VEN,8622,3680,4942,7999,489,134,ITH,ITH3,5,Veneto,Veneto,4905854,3416142,69.63,0.18
3057,2021-03-15,VEN,16672,7331,9341,10958,5212,502,ITH,ITH3,5,Veneto,Veneto,4905854,3432814,69.97,0.34
3058,2021-05-18,VEN,27031,12550,14481,12636,13635,760,ITH,ITH3,5,Veneto,Veneto,4905854,3459845,70.52,0.55
3059,2021-03-03,VEN,12101,4648,7453,8388,3502,211,ITH,ITH3,5,Veneto,Veneto,4905854,3471946,70.77,0.25
3060,2021-06-11,VEN,47328,24623,22705,34722,11187,1419,ITH,ITH3,5,Veneto,Veneto,4905854,3519274,71.74,0.96
3061,2021-06-25,VEN,51714,26164,25550,15073,36004,637,ITH,ITH3,5,Veneto,Veneto,4905854,3570988,72.79,1.05
3062,2021-07-14,VEN,43618,22425,21193,5284,37942,392,ITH,ITH3,5,Veneto,Veneto,4905854,3614606,73.68,0.89
3063,2020-12-27,VEN,880,395,485,880,0,0,ITH,ITH3,5,Veneto,Veneto,4905854,3615486,73.7,0.02
3064,2021-05-30,VEN,22550,11273,11277,15207,6691,652,ITH,ITH3,5,Veneto,Veneto,4905854,3638036,74.16,0.46
3065,2021-07-26,VEN,43634,22937,20697,16991,26008,635,ITH,ITH3,5,Veneto,Veneto,4905854,3681670,75.05,0.89
3066,2021-05-08,VEN,41518,18780,22738,28265,11827,1426,ITH,ITH3,5,Veneto,Veneto,4905854,3723188,75.89,0.85
3067,2021-07-30,VEN,45569,24236,21333,22604,22081,884,ITH,ITH3,5,Veneto,Veneto,4905854,3768757,76.82,0.93
3068,2021-08-16,VEN,19692,10659,9033,12935,6167,590,ITH,ITH3,5,Veneto,Veneto,4905854,3788449,77.22,0.4
3069,2021-07-07,VEN,40973,21320,19653,15649,24537,787,ITH,ITH3,5,Veneto,Veneto,4905854,3829422,78.06,0.84
3070,2021-08-19,VEN,19516,10638,8878,12180,6802,534,ITH,ITH3,5,Veneto,Veneto,4905854,3848938,78.46,0.4
3071,2021-05-11,VEN,33198,16516,16682,27151,4729,1318,ITH,ITH3,5,Veneto,Veneto,4905854,3882136,79.13,0.68
3072,2021-01-22,VEN,1080,332,748,25,1055,0,ITH,ITH3,5,Veneto,Veneto,4905854,3883216,79.15,0.02
3073,2021-08-21,VEN,12151,6861,5290,8258,3377,516,ITH,ITH3,5,Veneto,Veneto,4905854,3895367,79.4,0.25
3074,2021-06-22,VEN,43744,21628,22116,18509,24386,849,ITH,ITH3,5,Veneto,Veneto,4905854,3939111,80.29,0.89
3075,2021-08-18,VEN,23289,12554,10735,14175,8430,684,ITH,ITH3,5,Veneto,Veneto,4905854,3962400,80.77,0.47
3076,2021-08-04,VEN,42406,22647,19759,22557,18755,1094,ITH,ITH3,5,Veneto,Veneto,4905854,4004806,81.63,0.86
3077,2021-04-26,VEN,20733,9461,11272,14915,5140,678,ITH,ITH3,5,Veneto,Veneto,4905854,4025539,82.06,0.42
3078,2021-02-03,VEN,5955,1672,4283,474,5477,4,ITH,ITH3,5,Veneto,Veneto,4905854,4031494,82.18,0.12
3079,2021-08-07,VEN,28946,16293,12653,16331,12067,548,ITH,ITH3,5,Veneto,Veneto,4905854,4060440,82.77,0.59
3080,2021-04-29,VEN,50328,23411,26917,35408,13183,1737,ITH,ITH3,5,Veneto,Veneto,4905854,4110768,83.79,1.03
3081,2021-07-21,VEN,43269,22334,20935,8698,34074,497,ITH,ITH3,5,Veneto,Veneto,4905854,4154037,84.68,0.88
3082,2021-02-05,VEN,8390,2541,5849,1409,6972,9,ITH,ITH3,5,Veneto,Veneto,4905854,4162427,84.85,0.17
3083,2021-02-22,VEN,7019,3044,3975,6581,391,47,ITH,ITH3,5,Veneto,Veneto,4905854,4169446,84.99,0.14
3084,2021-05-16,VEN,28423,14015,14408,20324,7080,1019,ITH,ITH3,5,Veneto,Veneto,4905854,4197869,85.57,0.58
3085,2021-06-30,VEN,45810,23102,22708,17872,27191,747,ITH,ITH3,5,Veneto,Veneto,4905854,4243679,86.5,0.93
3086,2021-03-22,VEN,18156,8184,9972,12587,5050,519,ITH,ITH3,5,Veneto,Veneto,4905854,4261835,86.87,0.37
3087,2021-03-13,VEN,17241,7312,9929,13735,3133,373,ITH,ITH3,5,Veneto,Veneto,4905854,4279076,87.22,0.35
3088,2021-01-15,VEN,5878,1819,4059,5872,0,6,ITH,ITH3,5,Veneto,Veneto,4905854,4284954,87.34,0.12
3089,2021-08-28,VEN,20784,11546,9238,8614,11435,735,ITH,ITH3,5,Veneto,Veneto,4905854,4305738,87.77,0.42
3090,2021-05-20,VEN,44843,21260,23583,19365,24374,1104,ITH,ITH3,5,Veneto,Veneto,4905854,4350581,88.68,0.91
3091,2021-02-09,VEN,5250,1892,3358,3431,1806,13,ITH,ITH3,5,Veneto,Veneto,4905854,4355831,88.79,0.11
3092,2021-06-27,VEN,40243,20559,19684,15354,24311,578,ITH,ITH3,5,Veneto,Veneto,4905854,4396074,89.61,0.82
3093,2021-03-19,VEN,13804,5673,8131,7405,6105,294,ITH,ITH3,5,Veneto,Veneto,4905854,4409878,89.89,0.28
3094,2021-04-22,VEN,32075,13944,18131,15471,15779,825,ITH,ITH3,5,Veneto,Veneto,4905854,4441953,90.54,0.65
3095,2021-07-31,VEN,35149,18885,16264,17001,17500,648,ITH,ITH3,5,Veneto,Veneto,4905854,4477102,91.26,0.72
3096,2021-08-14,VEN,9909,5802,4107,7260,2398,251,ITH,ITH3,5,Veneto,Veneto,4905854,4487011,91.46,0.2
3097,2021-07-19,VEN,44750,23569,21181,7967,36389,394,ITH,ITH3,5,Veneto,Veneto,4905854,4531761,92.37,0.91
3098,2021-02-26,VEN,8299,3274,5025,6944,1260,95,ITH,ITH3,5,Veneto,Veneto,4905854,4540060,92.54,0.17
3099,2021-04-24,VEN,24769,10832,13937,14967,9080,722,ITH,ITH3,5,Veneto,Veneto,4905854,4564829,93.05,0.5
3100,2021-01-14,VEN,7066,1927,5139,7046,0,20,ITH,ITH3,5,Veneto,Veneto,4905854,4571895,93.19,0.14
3101,2021-03-12,VEN,18663,8196,10467,11329,6751,583,ITH,ITH3,5,Veneto,Veneto,4905854,4590558,93.57,0.38
3102,2021-06-15,VEN,47839,24301,23538,29144,17545,1150,ITH,ITH3,5,Veneto,Veneto,4905854,4638397,94.55,0.98
3103,2021-08-11,VEN,26756,14780,11976,15620,10561,575,ITH,ITH3,5,Veneto,Veneto,4905854,4665153,95.09,0.55
3104,2021-05-04,VEN,43030,20381,22649,33360,8033,1637,ITH,ITH3,5,Veneto,Veneto,4905854,4708183,95.97,0.88
3105,2021-01-24,VEN,4117,1219,2898,28,4089,0,ITH,ITH3,5,Veneto,Veneto,4905854,4712300,96.05,0.08
3106,2021-04-07,VEN,36063,16205,19858,27608,7341,1114,ITH,ITH3,5,Veneto,Veneto,4905854,4748363,96.79,0.74
3107,2021-07-16,VEN,44730,24062,20668,6958,37313,459,ITH,ITH3,5,Veneto,Veneto,4905854,4793093,97.7,0.91
3108,2021-08-09,VEN,34772,18644,16128,17138,16862,772,ITH,ITH3,5,Veneto,Veneto,4905854,4827865,98.41,0.71
3109,2021-08-26,VEN,22221,11838,10383,8269,13352,600,ITH,ITH3,5,Veneto,Veneto,4905854,4850086,98.86,0.45
3110,2020-12-31,VEN,3221,1042,2179,3221,0,0,ITH,ITH3,5,Veneto,Veneto,4905854,4853307,98.93,0.07
3111,2021-08-30,VEN,26806,14208,12598,7927,18265,614,ITH,ITH3,5,Veneto,Veneto,4905854,4880113,99.48,0.55
3112,2021-05-27,VEN,46668,22924,23744,22368,23256,1044,ITH,ITH3,5,Veneto,Veneto,4905854,4926781,100.43,0.95
3113,2021-02-07,VEN,2316,863,1453,714,1601,1,ITH,ITH3,5,Veneto,Veneto,4905854,4929097,100.47,0.05
3114,2021-04-17,VEN,22451,9099,13352,14375,7278,798,ITH,ITH3,5,Veneto,Veneto,4905854,4951548,100.93,0.46
3115,2021-01-07,VEN,8361,2317,6044,8360,0,1,ITH,ITH3,5,Veneto,Veneto,4905854,4959909,101.1,0.17
3116,2021-06-13,VEN,37342,19257,18085,29317,6957,1068,ITH,ITH3,5,Veneto,Veneto,4905854,4997251,101.86,0.76
3117,2021-01-21,VEN,2294,719,1575,19,2275,0,ITH,ITH3,5,Veneto,Veneto,4905854,4999545,101.91,0.05
3118,2021-03-05,VEN,13341,5023,8318,9224,3674,443,ITH,ITH3,5,Veneto,Veneto,4905854,5012886,102.18,0.27
3119,2021-06-08,VEN,43853,22673,21180,36189,6146,1518,ITH,ITH3,5,Veneto,Veneto,4905854,5056739,103.08,0.89
3120,2021-05-25,VEN,27867,13451,14416,11273,16096,498,ITH,ITH3,5,Veneto,Veneto,4905854,5084606,103.64,0.57
3121,2021-02-14,VEN,125,55,70,112,13,0,ITH,ITH3,5,Veneto,Veneto,4905854,5084731,103.65,0.0
3122,2021-02-28,VEN,4136,1389,2747,3224,837,75,ITH,ITH3,5,Veneto,Veneto,4905854,5088867,103.73,0.08
3123,2021-03-17,VEN,14646,5991,8655,7526,6797,323,ITH,ITH3,5,Veneto,Veneto,4905854,5103513,104.03,0.3
3124,2021-07-04,VEN,33885,17579,16306,14997,18287,601,ITH,ITH3,5,Veneto,Veneto,4905854,5137398,104.72,0.69
3125,2021-04-12,VEN,14918,6344,8574,6399,8217,302,ITH,ITH3,5,Veneto,Veneto,4905854,5152316,105.02,0.3
3126,2021-01-02,VEN,5743,1767,3976,5742,0,1,ITH,ITH3,5,Veneto,Veneto,4905854,5158059,105.14,0.12
3127,2021-01-19,VEN,1313,475,838,1163,149,1,ITH,ITH3,5,Veneto,Veneto,4905854,5159372,105.17,0.03
3128,2021-07-23,VEN,44491,23454,21037,15139,28780,572,ITH,ITH3,5,Veneto,Veneto,4905854,5203863,106.07,0.91
3129,2021-01-31,VEN,4789,1566,3223,408,4381,0,ITH,ITH3,5,Veneto,Veneto,4905854,5208652,106.17,0.1
3130,2021-03-29,VEN,31475,13707,17768,26653,3827,995,ITH,ITH3,5,Veneto,Veneto,4905854,5240127,106.81,0.64
3131,2021-05-13,VEN,44341,21880,22461,32591,9917,1833,ITH,ITH3,5,Veneto,Veneto,4905854,5284468,107.72,0.9
3132,2021-02-02,VEN,6514,1881,4633,396,6118,0,ITH,ITH3,5,Veneto,Veneto,4905854,5290982,107.85,0.13
3133,2021-07-09,VEN,45087,23780,21307,4126,40676,285,ITH,ITH3,5,Veneto,Veneto,4905854,5336069,108.77,0.92
3134,2021-03-31,VEN,38974,16458,22516,30421,7507,1046,ITH,ITH3,5,Veneto,Veneto,4905854,5375043,109.56,0.79
3135,2021-07-02,VEN,49557,25139,24418,16291,32487,779,ITH,ITH3,5,Veneto,Veneto,4905854,5424600,110.57,1.01
3136,2021-03-24,VEN,22126,9581,12545,14668,6806,652,ITH,ITH3,5,Veneto,Veneto,4905854,5446726,111.03,0.45
3137,2021-07-28,VEN,40274,20912,19362,12036,27783,455,ITH,ITH3,5,Veneto,Veneto,4905854,5487000,111.85,0.82
3138,2021-01-12,VEN,5231,1517,3714,5223,0,8,ITH,ITH3,5,Veneto,Veneto,4905854,5492231,111.95,0.11
3139,2021-04-19,VEN,21557,8931,12626,4709,16420,428,ITH,ITH3,5,Veneto,Veneto,4905854,5513788,112.39,0.44
3140,2021-04-05,VEN,19165,8376,10789,13423,5439,303,ITH,ITH3,5,Veneto,Veneto,4905854,5532953,112.78,0.39
3141,2021-01-26,VEN,6925,2092,4833,149,6776,0,ITH,ITH3,5,Veneto,Veneto,4905854,5539878,112.92,0.14
3142,2021-05-06,VEN,47049,22066,24983,36583,8493,1973,ITH,ITH3,5,Veneto,Veneto,4905854,5586927,113.88,0.96
3143,2021-05-01,VEN,38874,18250,20624,28713,8929,1232,ITH,ITH3,5,Veneto,Veneto,4905854,5625801,114.68,0.79
3144,2021-07-11,VEN,34237,17926,16311,3700,30285,252,ITH,ITH3,5,Veneto,Veneto,4905854,5660038,115.37,0.7
3145,2021-04-30,VEN,50269,23622,26647,33178,15674,1417,ITH,ITH3,5,Veneto,Veneto,4905854,5710307,116.4,1.02
3146,2021-01-20,VEN,1039,368,671,387,652,0,ITH,ITH3,5,Veneto,Veneto,4905854,5711346,116.42,0.02
3147,2021-07-03,VEN,38707,20121,18586,11028,27104,575,ITH,ITH3,5,Veneto,Veneto,4905854,5750053,117.21,0.79
3148,2021-06-16,VEN,47792,23579,24213,25269,21434,1089,ITH,ITH3,5,Veneto,Veneto,4905854,5797845,118.18,0.97
3149,2021-01-01,VEN,1528,471,1057,1527,0,1,ITH,ITH3,5,Veneto,Veneto,4905854,5799373,118.21,0.03
3150,2021-03-25,VEN,25976,11063,14913,18974,6104,898,ITH,ITH3,5,Veneto,Veneto,4905854,5825349,118.74,0.53
3151,2021-04-11,VEN,21013,8877,12136,14231,6297,485,ITH,ITH3,5,Veneto,Veneto,4905854,5846362,119.17,0.43
3152,2021-07-22,VEN,48386,25119,23267,13310,34429,647,ITH,ITH3,5,Veneto,Veneto,4905854,5894748,120.16,0.99
3153,2021-04-13,VEN,14039,6327,7712,8057,5479,503,ITH,ITH3,5,Veneto,Veneto,4905854,5908787,120.44,0.29
3154,2021-07-05,VEN,39144,20287,18857,14158,24194,792,ITH,ITH3,5,Veneto,Veneto,4905854,5947931,121.24,0.8
3155,2021-01-03,VEN,5158,1562,3596,5158,0,0,ITH,ITH3,5,Veneto,Veneto,4905854,5953089,121.35,0.11
3156,2021-03-08,VEN,13645,6282,7363,9304,4078,263,ITH,ITH3,5,Veneto,Veneto,4905854,5966734,121.62,0.28
3157,2021-06-18,VEN,53660,26778,26882,23988,28633,1039,ITH,ITH3,5,Veneto,Veneto,4905854,6020394,122.72,1.09
3158,2021-03-27,VEN,32093,14019,18074,25381,5807,905,ITH,ITH3,5,Veneto,Veneto,4905854,6052487,123.37,0.65
3159,2021-06-03,VEN,54527,28039,26488,40879,11998,1650,ITH,ITH3,5,Veneto,Veneto,4905854,6107014,124.48,1.11
3160,2021-06-20,VEN,41207,20065,21142,18930,21539,738,ITH,ITH3,5,Veneto,Veneto,4905854,6148221,125.32,0.84
3161,2021-02-19,VEN,7323,3141,4182,6995,204,124,ITH,ITH3,5,Veneto,Veneto,4905854,6155544,125.47,0.15
3162,2021-08-23,VEN,24480,13009,11471,10547,13221,712,ITH,ITH3,5,Veneto,Veneto,4905854,6180024,125.97,0.5
3163,2021-02-21,VEN,4640,1212,3428,4516,5,119,ITH,ITH3,5,Veneto,Veneto,4905854,6184664,126.07,0.09
3164,2021-05-15,VEN,36274,17520,18754,24820,10023,1431,ITH,ITH3,5,Veneto,Veneto,4905854,6220938,126.81,0.74
3165,2021-06-01,VEN,26991,13568,13423,15790,10557,644,ITH,ITH3,5,Veneto,Veneto,4905854,6247929,127.36,0.55
3166,2021-03-10,VEN,19043,8728,10315,12962,5686,395,ITH,ITH3,5,Veneto,Veneto,4905854,6266972,127.74,0.39
3167,2021-02-28,LIG,1060,580,480,1048,11,1,ITC,ITC3,7,Liguria,Liguria,1550640,1060,0.07,0.07
3168,2021-01-28,LIG,2851,972,1879,38,2813,0,ITC,ITC3,7,Liguria,Liguria,1550640,3911,0.25,0.18
3169,2021-07-18,LIG,2385,1224,1161,389,1984,12,ITC,ITC3,7,Liguria,Liguria,1550640,6296,0.41,0.15
3170,2021-06-05,LIG,8103,4125,3978,4924,3156,23,ITC,ITC3,7,Liguria,Liguria,1550640,14399,0.93,0.52
3171,2021-04-09,LIG,12482,5568,6914,10560,1787,135,ITC,ITC3,7,Liguria,Liguria,1550640,26881,1.73,0.8
3172,2021-03-31,LIG,11953,5290,6663,9072,2780,101,ITC,ITC3,7,Liguria,Liguria,1550640,38834,2.5,0.77
3173,2021-03-14,LIG,1660,753,907,1043,605,12,ITC,ITC3,7,Liguria,Liguria,1550640,40494,2.61,0.11
3174,2021-08-18,LIG,12190,6581,5609,4247,7833,110,ITC,ITC3,7,Liguria,Liguria,1550640,52684,3.4,0.79
3175,2021-06-22,LIG,15798,7465,8333,7628,8117,53,ITC,ITC3,7,Liguria,Liguria,1550640,68482,4.42,1.02
3176,2021-07-06,LIG,12366,6071,6295,5652,6646,68,ITC,ITC3,7,Liguria,Liguria,1550640,80848,5.21,0.8
3177,2021-05-10,LIG,12663,5650,7013,6205,6381,77,ITC,ITC3,7,Liguria,Liguria,1550640,93511,6.03,0.82
3178,2021-03-26,LIG,9356,4040,5316,6093,3157,106,ITC,ITC3,7,Liguria,Liguria,1550640,102867,6.63,0.6
3179,2021-07-04,LIG,4861,2583,2278,3825,997,39,ITC,ITC3,7,Liguria,Liguria,1550640,107728,6.95,0.31
3180,2021-01-02,LIG,693,247,446,693,0,0,ITC,ITC3,7,Liguria,Liguria,1550640,108421,6.99,0.04
3181,2021-08-01,LIG,1491,858,633,152,1339,0,ITC,ITC3,7,Liguria,Liguria,1550640,109912,7.09,0.1
3182,2021-02-16,LIG,2429,958,1471,1993,430,6,ITC,ITC3,7,Liguria,Liguria,1550640,112341,7.24,0.16
3183,2021-07-23,LIG,19996,10304,9692,5129,14764,103,ITC,ITC3,7,Liguria,Liguria,1550640,132337,8.53,1.29
3184,2021-05-27,LIG,17010,8720,8290,12679,4173,158,ITC,ITC3,7,Liguria,Liguria,1550640,149347,9.63,1.1
3185,2021-04-14,LIG,13084,5674,7410,10752,2211,121,ITC,ITC3,7,Liguria,Liguria,1550640,162431,10.48,0.84
3186,2021-05-29,LIG,6874,3255,3619,3977,2873,24,ITC,ITC3,7,Liguria,Liguria,1550640,169305,10.92,0.44
3187,2021-08-30,LIG,9763,5214,4549,2461,7234,68,ITC,ITC3,7,Liguria,Liguria,1550640,179068,11.55,0.63
3188,2021-02-11,LIG,1990,772,1218,1093,888,9,ITC,ITC3,7,Liguria,Liguria,1550640,181058,11.68,0.13
3189,2021-05-22,LIG,6657,3222,3435,4879,1687,91,ITC,ITC3,7,Liguria,Liguria,1550640,187715,12.11,0.43
3190,2021-06-10,LIG,18882,9734,9148,13137,5670,75,ITC,ITC3,7,Liguria,Liguria,1550640,206597,13.32,1.22
3191,2021-03-19,LIG,5301,2236,3065,2099,3151,51,ITC,ITC3,7,Liguria,Liguria,1550640,211898,13.67,0.34
3192,2021-03-02,LIG,4080,1692,2388,3762,310,8,ITC,ITC3,7,Liguria,Liguria,1550640,215978,13.93,0.26
3193,2021-07-11,LIG,2153,1196,957,1237,903,13,ITC,ITC3,7,Liguria,Liguria,1550640,218131,14.07,0.14
3194,2021-04-26,LIG,10584,4991,5593,7858,2641,85,ITC,ITC3,7,Liguria,Liguria,1550640,228715,14.75,0.68
3195,2021-01-16,LIG,1279,558,721,1274,0,5,ITC,ITC3,7,Liguria,Liguria,1550640,229994,14.83,0.08
3196,2021-02-02,LIG,2675,1007,1668,127,2546,2,ITC,ITC3,7,Liguria,Liguria,1550640,232669,15.0,0.17
3197,2021-04-28,LIG,14464,6525,7939,6382,7996,86,ITC,ITC3,7,Liguria,Liguria,1550640,247133,15.94,0.93
3198,2021-08-06,LIG,12181,6185,5996,3958,8113,110,ITC,ITC3,7,Liguria,Liguria,1550640,259314,16.72,0.79
3199,2021-02-04,LIG,2820,990,1830,177,2643,0,ITC,ITC3,7,Liguria,Liguria,1550640,262134,16.9,0.18
3200,2021-05-15,LIG,7325,3276,4049,4296,2962,67,ITC,ITC3,7,Liguria,Liguria,1550640,269459,17.38,0.47
3201,2021-01-09,LIG,1338,484,854,1337,0,1,ITC,ITC3,7,Liguria,Liguria,1550640,270797,17.46,0.09
3202,2021-04-19,LIG,12840,5621,7219,8918,3834,88,ITC,ITC3,7,Liguria,Liguria,1550640,283637,18.29,0.83
3203,2021-07-13,LIG,13100,6443,6657,3485,9579,36,ITC,ITC3,7,Liguria,Liguria,1550640,296737,19.14,0.84
3204,2021-01-21,LIG,1109,385,724,677,431,1,ITC,ITC3,7,Liguria,Liguria,1550640,297846,19.21,0.07
3205,2021-08-20,LIG,9363,4975,4388,3120,6170,73,ITC,ITC3,7,Liguria,Liguria,1550640,307209,19.81,0.6
3206,2021-01-14,LIG,2983,1056,1927,2982,0,1,ITC,ITC3,7,Liguria,Liguria,1550640,310192,20.0,0.19
3207,2020-12-28,LIG,80,30,50,80,0,0,ITC,ITC3,7,Liguria,Liguria,1550640,310272,20.01,0.01
3208,2021-06-03,LIG,15550,7708,7842,9114,6390,46,ITC,ITC3,7,Liguria,Liguria,1550640,325822,21.01,1.0
3209,2021-04-07,LIG,13691,6113,7578,11309,2292,90,ITC,ITC3,7,Liguria,Liguria,1550640,339513,21.9,0.88
3210,2021-02-23,LIG,3809,1559,2250,3663,109,37,ITC,ITC3,7,Liguria,Liguria,1550640,343322,22.14,0.25
3211,2021-08-10,LIG,13113,6547,6566,4274,8708,131,ITC,ITC3,7,Liguria,Liguria,1550640,356435,22.99,0.85
3212,2021-06-14,LIG,15166,7321,7845,8232,6877,57,ITC,ITC3,7,Liguria,Liguria,1550640,371601,23.96,0.98
3213,2021-05-03,LIG,13266,5922,7344,6358,6821,87,ITC,ITC3,7,Liguria,Liguria,1550640,384867,24.82,0.86
3214,2021-08-11,LIG,13119,6726,6393,4789,8225,105,ITC,ITC3,7,Liguria,Liguria,1550640,397986,25.67,0.85
3215,2021-03-21,LIG,551,220,331,69,482,0,ITC,ITC3,7,Liguria,Liguria,1550640,398537,25.7,0.04
3216,2021-08-25,LIG,9307,5007,4300,3204,6010,93,ITC,ITC3,7,Liguria,Liguria,1550640,407844,26.3,0.6
3217,2021-01-23,LIG,813,297,516,156,657,0,ITC,ITC3,7,Liguria,Liguria,1550640,408657,26.35,0.05
3218,2021-06-29,LIG,15189,7233,7956,8658,6456,75,ITC,ITC3,7,Liguria,Liguria,1550640,423846,27.33,0.98
3219,2021-05-17,LIG,12046,5527,6519,8613,3368,65,ITC,ITC3,7,Liguria,Liguria,1550640,435892,28.11,0.78
3220,2021-06-15,LIG,17398,8468,8930,9280,8064,54,ITC,ITC3,7,Liguria,Liguria,1550640,453290,29.23,1.12
3221,2021-03-07,LIG,1915,1139,776,1602,301,12,ITC,ITC3,7,Liguria,Liguria,1550640,455205,29.36,0.12
3222,2021-06-17,LIG,16706,7941,8765,9094,7539,73,ITC,ITC3,7,Liguria,Liguria,1550640,471911,30.43,1.08
3223,2021-07-25,LIG,6400,3269,3131,650,5740,10,ITC,ITC3,7,Liguria,Liguria,1550640,478311,30.85,0.41
3224,2021-02-09,LIG,1956,696,1260,263,1691,2,ITC,ITC3,7,Liguria,Liguria,1550640,480267,30.97,0.13
3225,2021-06-24,LIG,11159,5451,5708,6248,4854,57,ITC,ITC3,7,Liguria,Liguria,1550640,491426,31.69,0.72
3226,2021-04-02,LIG,11795,5222,6573,9222,2488,85,ITC,ITC3,7,Liguria,Liguria,1550640,503221,32.45,0.76
3227,2021-04-21,LIG,14296,6461,7835,8862,5345,89,ITC,ITC3,7,Liguria,Liguria,1550640,517517,33.37,0.92
3228,2021-07-30,LIG,16066,8325,7741,4659,11330,77,ITC,ITC3,7,Liguria,Liguria,1550640,533583,34.41,1.04
3229,2021-08-13,LIG,10879,5618,5261,3928,6866,85,ITC,ITC3,7,Liguria,Liguria,1550640,544462,35.11,0.7
3230,2021-05-08,LIG,7539,3337,4202,2273,5228,38,ITC,ITC3,7,Liguria,Liguria,1550640,552001,35.6,0.49
3231,2021-01-25,LIG,2734,893,1841,475,2258,1,ITC,ITC3,7,Liguria,Liguria,1550640,554735,35.77,0.18
3232,2021-05-05,LIG,13726,6143,7583,5178,8463,85,ITC,ITC3,7,Liguria,Liguria,1550640,568461,36.66,0.89
3233,2021-02-21,LIG,869,491,378,863,4,2,ITC,ITC3,7,Liguria,Liguria,1550640,569330,36.72,0.06
3234,2021-08-15,LIG,1411,786,625,853,527,31,ITC,ITC3,7,Liguria,Liguria,1550640,570741,36.81,0.09
3235,2021-05-24,LIG,11888,5595,6293,9279,2510,99,ITC,ITC3,7,Liguria,Liguria,1550640,582629,37.57,0.77
3236,2021-05-07,LIG,13616,6048,7568,5720,7812,84,ITC,ITC3,7,Liguria,Liguria,1550640,596245,38.45,0.88
3237,2021-02-13,LIG,1080,508,572,797,280,3,ITC,ITC3,7,Liguria,Liguria,1550640,597325,38.52,0.07
3238,2021-06-07,LIG,15719,7671,8048,8640,7036,43,ITC,ITC3,7,Liguria,Liguria,1550640,613044,39.53,1.01
3239,2021-03-12,LIG,6221,2874,3347,3689,2474,58,ITC,ITC3,7,Liguria,Liguria,1550640,619265,39.94,0.4
3240,2021-07-01,LIG,13568,6542,7026,7320,6169,79,ITC,ITC3,7,Liguria,Liguria,1550640,632833,40.81,0.87
3241,2021-05-19,LIG,13580,5965,7615,10324,3124,132,ITC,ITC3,7,Liguria,Liguria,1550640,646413,41.69,0.88
3242,2021-03-23,LIG,9295,4233,5062,5992,3216,87,ITC,ITC3,7,Liguria,Liguria,1550640,655708,42.29,0.6
3243,2021-08-27,LIG,9171,4891,4280,2813,6291,67,ITC,ITC3,7,Liguria,Liguria,1550640,664879,42.88,0.59
3244,2021-07-15,LIG,14782,7476,7306,5168,9505,109,ITC,ITC3,7,Liguria,Liguria,1550640,679661,43.83,0.95
3245,2021-02-01,LIG,2574,929,1645,101,2473,0,ITC,ITC3,7,Liguria,Liguria,1550640,682235,44.0,0.17
3246,2021-07-08,LIG,13658,6717,6941,6173,7407,78,ITC,ITC3,7,Liguria,Liguria,1550640,695893,44.88,0.88
3247,2021-05-12,LIG,12121,5492,6629,6611,5409,101,ITC,ITC3,7,Liguria,Liguria,1550640,708014,45.66,0.78
3248,2021-05-26,LIG,16697,8432,8265,12171,4382,144,ITC,ITC3,7,Liguria,Liguria,1550640,724711,46.74,1.08
3249,2021-03-30,LIG,12226,5432,6794,8753,3393,80,ITC,ITC3,7,Liguria,Liguria,1550640,736937,47.52,0.79
3250,2021-02-25,LIG,3459,1349,2110,3307,130,22,ITC,ITC3,7,Liguria,Liguria,1550640,740396,47.75,0.22
3251,2021-01-30,LIG,1666,572,1094,23,1642,1,ITC,ITC3,7,Liguria,Liguria,1550640,742062,47.86,0.11
3252,2021-03-28,LIG,1142,511,631,382,752,8,ITC,ITC3,7,Liguria,Liguria,1550640,743204,47.93,0.07
3253,2021-08-29,LIG,738,420,318,173,562,3,ITC,ITC3,7,Liguria,Liguria,1550640,743942,47.98,0.05
3254,2021-07-29,LIG,17974,9195,8779,4405,13496,73,ITC,ITC3,7,Liguria,Liguria,1550640,761916,49.14,1.16
3255,2021-03-16,LIG,6089,2732,3357,2316,3735,38,ITC,ITC3,7,Liguria,Liguria,1550640,768005,49.53,0.39
3256,2021-04-23,LIG,14699,6654,8045,8462,6129,108,ITC,ITC3,7,Liguria,Liguria,1550640,782704,50.48,0.95
3257,2021-03-11,LIG,6424,3104,3320,4359,2014,51,ITC,ITC3,7,Liguria,Liguria,1550640,789128,50.89,0.41
3258,2021-01-13,LIG,2761,1016,1745,2760,0,1,ITC,ITC3,7,Liguria,Liguria,1550640,791889,51.07,0.18
3259,2021-01-04,LIG,2624,857,1767,2623,0,1,ITC,ITC3,7,Liguria,Liguria,1550640,794513,51.24,0.17
3260,2021-08-03,LIG,14126,7216,6910,3983,10058,85,ITC,ITC3,7,Liguria,Liguria,1550640,808639,52.15,0.91
3261,2021-06-21,LIG,14847,7042,7805,8524,6252,71,ITC,ITC3,7,Liguria,Liguria,1550640,823486,53.11,0.96
3262,2021-06-26,LIG,7225,3361,3864,4445,2718,62,ITC,ITC3,7,Liguria,Liguria,1550640,830711,53.57,0.47
3263,2021-07-10,LIG,6904,3482,3422,2740,4131,33,ITC,ITC3,7,Liguria,Liguria,1550640,837615,54.02,0.45
3264,2021-04-04,LIG,764,369,395,508,251,5,ITC,ITC3,7,Liguria,Liguria,1550640,838379,54.07,0.05
3265,2021-04-18,LIG,2618,1165,1453,2094,469,55,ITC,ITC3,7,Liguria,Liguria,1550640,840997,54.24,0.17
3266,2021-07-27,LIG,17427,8880,8547,4357,12997,73,ITC,ITC3,7,Liguria,Liguria,1550640,858424,55.36,1.12
3267,2021-01-08,LIG,2940,1001,1939,2938,0,2,ITC,ITC3,7,Liguria,Liguria,1550640,861364,55.55,0.19
3268,2020-12-30,LIG,12,5,7,12,0,0,ITC,ITC3,7,Liguria,Liguria,1550640,861376,55.55,0.0
3269,2021-07-03,LIG,8822,4371,4451,5460,3324,38,ITC,ITC3,7,Liguria,Liguria,1550640,870198,56.12,0.57
3270,2021-04-11,LIG,4251,1930,2321,3959,249,43,ITC,ITC3,7,Liguria,Liguria,1550640,874449,56.39,0.27
3271,2021-07-20,LIG,13973,6884,7089,2735,11190,48,ITC,ITC3,7,Liguria,Liguria,1550640,888422,57.29,0.9
3272,2021-01-18,LIG,2146,749,1397,1987,157,2,ITC,ITC3,7,Liguria,Liguria,1550640,890568,57.43,0.14
3273,2021-01-27,LIG,1748,604,1144,139,1608,1,ITC,ITC3,7,Liguria,Liguria,1550640,892316,57.55,0.11
3274,2021-05-21,LIG,12869,5967,6902,9602,3135,132,ITC,ITC3,7,Liguria,Liguria,1550640,905185,58.37,0.83
3275,2021-02-27,LIG,1888,921,967,1755,129,4,ITC,ITC3,7,Liguria,Liguria,1550640,907073,58.5,0.12
3276,2021-04-06,LIG,13263,5904,7359,10893,2265,105,ITC,ITC3,7,Liguria,Liguria,1550640,920336,59.35,0.86
3277,2021-02-08,LIG,1983,744,1239,299,1684,0,ITC,ITC3,7,Liguria,Liguria,1550640,922319,59.48,0.13
3278,2020-12-27,LIG,135,56,79,134,0,1,ITC,ITC3,7,Liguria,Liguria,1550640,922454,59.49,0.01
3279,2021-08-17,LIG,9838,5163,4675,3650,6109,79,ITC,ITC3,7,Liguria,Liguria,1550640,932292,60.12,0.63
3280,2021-03-04,LIG,4744,2119,2625,3840,849,55,ITC,ITC3,7,Liguria,Liguria,1550640,937036,60.43,0.31
3281,2021-06-12,LIG,10258,4991,5267,7454,2760,44,ITC,ITC3,7,Liguria,Liguria,1550640,947294,61.09,0.66
3282,2021-04-30,LIG,14438,6450,7988,5773,8579,86,ITC,ITC3,7,Liguria,Liguria,1550640,961732,62.02,0.93
3283,2021-03-06,LIG,3305,1842,1463,2581,705,19,ITC,ITC3,7,Liguria,Liguria,1550640,965037,62.23,0.21
3284,2021-01-22,LIG,1828,606,1222,1337,489,2,ITC,ITC3,7,Liguria,Liguria,1550640,966865,62.35,0.12
3285,2021-05-02,LIG,3981,1837,2144,503,3472,6,ITC,ITC3,7,Liguria,Liguria,1550640,970846,62.61,0.26
3286,2021-01-11,LIG,2658,994,1664,2656,0,2,ITC,ITC3,7,Liguria,Liguria,1550640,973504,62.78,0.17
3287,2021-02-06,LIG,1892,768,1124,145,1747,0,ITC,ITC3,7,Liguria,Liguria,1550640,975396,62.9,0.12
3288,2021-06-11,LIG,17865,9094,8771,11727,6081,57,ITC,ITC3,7,Liguria,Liguria,1550640,993261,64.05,1.15
3289,2021-04-15,LIG,11851,5241,6610,9891,1856,104,ITC,ITC3,7,Liguria,Liguria,1550640,1005112,64.82,0.76
3290,2021-08-08,LIG,1207,649,558,545,658,4,ITC,ITC3,7,Liguria,Liguria,1550640,1006319,64.9,0.08
3291,2021-07-22,LIG,21430,10890,10540,4575,16761,94,ITC,ITC3,7,Liguria,Liguria,1550640,1027749,66.28,1.38
3292,2021-04-16,LIG,12010,5294,6716,10022,1832,156,ITC,ITC3,7,Liguria,Liguria,1550640,1039759,67.05,0.77
3293,2021-01-06,LIG,1666,618,1048,1664,0,2,ITC,ITC3,7,Liguria,Liguria,1550640,1041425,67.16,0.11
3294,2021-06-28,LIG,11622,5621,6001,7235,4309,78,ITC,ITC3,7,Liguria,Liguria,1550640,1053047,67.91,0.75
3295,2021-02-10,LIG,2323,839,1484,1015,1304,4,ITC,ITC3,7,Liguria,Liguria,1550640,1055370,68.06,0.15
3296,2021-08-14,LIG,3199,1707,1492,896,2288,15,ITC,ITC3,7,Liguria,Liguria,1550640,1058569,68.27,0.21
3297,2021-03-18,LIG,4990,2125,2865,1977,2983,30,ITC,ITC3,7,Liguria,Liguria,1550640,1063559,68.59,0.32
3298,2021-04-01,LIG,12440,5518,6922,9584,2777,79,ITC,ITC3,7,Liguria,Liguria,1550640,1075999,69.39,0.8
3299,2021-02-15,LIG,2264,839,1425,1854,399,11,ITC,ITC3,7,Liguria,Liguria,1550640,1078263,69.54,0.15
3300,2021-01-03,LIG,737,232,505,735,0,2,ITC,ITC3,7,Liguria,Liguria,1550640,1079000,69.58,0.05
3301,2021-05-04,LIG,13660,6094,7566,5361,8234,65,ITC,ITC3,7,Liguria,Liguria,1550640,1092660,70.47,0.88
3302,2021-08-12,LIG,12516,6434,6082,4594,7840,82,ITC,ITC3,7,Liguria,Liguria,1550640,1105176,71.27,0.81
3303,2021-05-09,LIG,2826,1244,1582,1085,1711,30,ITC,ITC3,7,Liguria,Liguria,1550640,1108002,71.45,0.18
3304,2021-01-29,LIG,3101,1070,2031,64,3037,0,ITC,ITC3,7,Liguria,Liguria,1550640,1111103,71.65,0.2
3305,2021-07-12,LIG,13430,6441,6989,4146,9232,52,ITC,ITC3,7,Liguria,Liguria,1550640,1124533,72.52,0.87
3306,2021-01-10,LIG,651,264,387,647,0,4,ITC,ITC3,7,Liguria,Liguria,1550640,1125184,72.56,0.04
3307,2021-04-20,LIG,14253,6525,7728,9743,4359,151,ITC,ITC3,7,Liguria,Liguria,1550640,1139437,73.48,0.92
3308,2021-08-31,LIG,6312,3335,2977,1661,4616,35,ITC,ITC3,7,Liguria,Liguria,1550640,1145749,73.89,0.41
3309,2021-04-08,LIG,13794,6184,7610,11611,2048,135,ITC,ITC3,7,Liguria,Liguria,1550640,1159543,74.78,0.89
3310,2021-07-17,LIG,6514,3360,3154,1807,4694,13,ITC,ITC3,7,Liguria,Liguria,1550640,1166057,75.2,0.42
3311,2021-07-31,LIG,8261,4413,3848,1313,6927,21,ITC,ITC3,7,Liguria,Liguria,1550640,1174318,75.73,0.53
3312,2021-06-04,LIG,14802,7268,7534,9248,5498,56,ITC,ITC3,7,Liguria,Liguria,1550640,1189120,76.69,0.95
3313,2021-06-08,LIG,18122,9041,9081,11406,6652,64,ITC,ITC3,7,Liguria,Liguria,1550640,1207242,77.85,1.17
3314,2021-03-17,LIG,5558,2371,3187,2455,3084,19,ITC,ITC3,7,Liguria,Liguria,1550640,1212800,78.21,0.36
3315,2021-06-25,LIG,13851,6622,7229,6876,6921,54,ITC,ITC3,7,Liguria,Liguria,1550640,1226651,79.11,0.89
3316,2021-07-14,LIG,11521,5670,5851,3435,8027,59,ITC,ITC3,7,Liguria,Liguria,1550640,1238172,79.85,0.74
3317,2021-07-28,LIG,18475,9521,8954,5810,12547,118,ITC,ITC3,7,Liguria,Liguria,1550640,1256647,81.04,1.19
3318,2021-03-20,LIG,2315,994,1321,1128,1174,13,ITC,ITC3,7,Liguria,Liguria,1550640,1258962,81.19,0.15
3319,2021-08-26,LIG,9006,4705,4301,2609,6335,62,ITC,ITC3,7,Liguria,Liguria,1550640,1267968,81.77,0.58
3320,2021-06-30,LIG,15092,7201,7891,8205,6812,75,ITC,ITC3,7,Liguria,Liguria,1550640,1283060,82.74,0.97
3321,2021-01-15,LIG,2264,756,1508,2259,0,5,ITC,ITC3,7,Liguria,Liguria,1550640,1285324,82.89,0.15
3322,2021-07-26,LIG,17642,9002,8640,4707,12845,90,ITC,ITC3,7,Liguria,Liguria,1550640,1302966,84.03,1.14
3323,2021-01-07,LIG,3228,1097,2131,3225,0,3,ITC,ITC3,7,Liguria,Liguria,1550640,1306194,84.24,0.21
3324,2021-06-13,LIG,5638,2704,2934,5146,456,36,ITC,ITC3,7,Liguria,Liguria,1550640,1311832,84.6,0.36
3325,2021-04-17,LIG,7391,3218,4173,6583,753,55,ITC,ITC3,7,Liguria,Liguria,1550640,1319223,85.08,0.48
3326,2021-05-01,LIG,7153,3260,3893,1314,5809,30,ITC,ITC3,7,Liguria,Liguria,1550640,1326376,85.54,0.46
3327,2021-03-05,LIG,4873,2153,2720,3691,1135,47,ITC,ITC3,7,Liguria,Liguria,1550640,1331249,85.85,0.31
3328,2021-08-09,LIG,11984,6089,5895,4344,7526,114,ITC,ITC3,7,Liguria,Liguria,1550640,1343233,86.62,0.77
3329,2021-06-16,LIG,16394,7924,8470,9217,7114,63,ITC,ITC3,7,Liguria,Liguria,1550640,1359627,87.68,1.06
3330,2021-03-08,LIG,5631,2462,3169,3907,1692,32,ITC,ITC3,7,Liguria,Liguria,1550640,1365258,88.04,0.36
3331,2021-03-25,LIG,9781,4235,5546,6243,3396,142,ITC,ITC3,7,Liguria,Liguria,1550640,1375039,88.68,0.63
3332,2021-01-01,LIG,146,56,90,146,0,0,ITC,ITC3,7,Liguria,Liguria,1550640,1375185,88.68,0.01
3333,2021-01-20,LIG,1560,557,1003,1547,12,1,ITC,ITC3,7,Liguria,Liguria,1550640,1376745,88.79,0.1
3334,2021-08-19,LIG,9808,5163,4645,2722,7003,83,ITC,ITC3,7,Liguria,Liguria,1550640,1386553,89.42,0.63
3335,2021-05-06,LIG,14541,6447,8094,6075,8338,128,ITC,ITC3,7,Liguria,Liguria,1550640,1401094,90.36,0.94
3336,2021-01-26,LIG,2490,809,1681,16,2474,0,ITC,ITC3,7,Liguria,Liguria,1550640,1403584,90.52,0.16
3337,2021-05-23,LIG,2310,1121,1189,1172,1124,14,ITC,ITC3,7,Liguria,Liguria,1550640,1405894,90.67,0.15
3338,2021-03-01,LIG,3541,1447,2094,3386,136,19,ITC,ITC3,7,Liguria,Liguria,1550640,1409435,90.89,0.23
3339,2021-06-09,LIG,19094,9580,9514,12449,6585,60,ITC,ITC3,7,Liguria,Liguria,1550640,1428529,92.13,1.23
3340,2021-04-03,LIG,5410,2500,2910,4436,944,30,ITC,ITC3,7,Liguria,Liguria,1550640,1433939,92.47,0.35
3341,2021-02-17,LIG,2701,1185,1516,2254,435,12,ITC,ITC3,7,Liguria,Liguria,1550640,1436640,92.65,0.17
3342,2021-07-24,LIG,11605,6038,5567,2315,9245,45,ITC,ITC3,7,Liguria,Liguria,1550640,1448245,93.4,0.75
3343,2021-05-28,LIG,16325,8157,8168,11623,4557,145,ITC,ITC3,7,Liguria,Liguria,1550640,1464570,94.45,1.05
3344,2021-01-05,LIG,2879,896,1983,2879,0,0,ITC,ITC3,7,Liguria,Liguria,1550640,1467449,94.64,0.19
3345,2021-03-03,LIG,4583,1848,2735,3445,1029,109,ITC,ITC3,7,Liguria,Liguria,1550640,1472032,94.93,0.3
3346,2021-08-04,LIG,13848,6971,6877,3261,10486,101,ITC,ITC3,7,Liguria,Liguria,1550640,1485880,95.82,0.89
3347,2021-06-06,LIG,3815,2032,1783,2942,862,11,ITC,ITC3,7,Liguria,Liguria,1550640,1489695,96.07,0.25
3348,2021-04-24,LIG,8220,3797,4423,4984,3154,82,ITC,ITC3,7,Liguria,Liguria,1550640,1497915,96.6,0.53
3349,2021-02-26,LIG,3770,1525,2245,3416,329,25,ITC,ITC3,7,Liguria,Liguria,1550640,1501685,96.84,0.24
3350,2021-08-02,LIG,13094,6512,6582,2973,10050,71,ITC,ITC3,7,Liguria,Liguria,1550640,1514779,97.69,0.84
3351,2021-06-20,LIG,1335,658,677,1047,275,13,ITC,ITC3,7,Liguria,Liguria,1550640,1516114,97.77,0.09
3352,2021-04-25,LIG,1936,921,1015,1509,415,12,ITC,ITC3,7,Liguria,Liguria,1550640,1518050,97.9,0.12
3353,2021-03-13,LIG,3852,1638,2214,2964,858,30,ITC,ITC3,7,Liguria,Liguria,1550640,1521902,98.15,0.25
3354,2021-06-23,LIG,14349,6863,7486,9066,5207,76,ITC,ITC3,7,Liguria,Liguria,1550640,1536251,99.07,0.93
3355,2021-02-14,LIG,233,122,111,233,0,0,ITC,ITC3,7,Liguria,Liguria,1550640,1536484,99.09,0.02
3356,2021-05-25,LIG,14279,6959,7320,10960,3193,126,ITC,ITC3,7,Liguria,Liguria,1550640,1550763,100.01,0.92
3357,2021-03-27,LIG,3934,1549,2385,2513,1397,24,ITC,ITC3,7,Liguria,Liguria,1550640,1554697,100.26,0.25
3358,2021-07-05,LIG,11922,5776,6146,5326,6530,66,ITC,ITC3,7,Liguria,Liguria,1550640,1566619,101.03,0.77
3359,2021-04-13,LIG,13087,5873,7214,10949,2027,111,ITC,ITC3,7,Liguria,Liguria,1550640,1579706,101.87,0.84
3360,2021-07-09,LIG,12844,6331,6513,4204,8587,53,ITC,ITC3,7,Liguria,Liguria,1550640,1592550,102.7,0.83
3361,2021-04-05,LIG,3984,1756,2228,2312,1651,21,ITC,ITC3,7,Liguria,Liguria,1550640,1596534,102.96,0.26
3362,2021-02-24,LIG,3767,1561,2206,3456,259,52,ITC,ITC3,7,Liguria,Liguria,1550640,1600301,103.2,0.24
3363,2020-12-29,LIG,125,33,92,125,0,0,ITC,ITC3,7,Liguria,Liguria,1550640,1600426,103.21,0.01
3364,2021-01-12,LIG,2475,890,1585,2474,0,1,ITC,ITC3,7,Liguria,Liguria,1550640,1602901,103.37,0.16
3365,2021-04-22,LIG,13879,6217,7662,8656,5089,134,ITC,ITC3,7,Liguria,Liguria,1550640,1616780,104.27,0.9
3366,2021-01-24,LIG,761,241,520,116,645,0,ITC,ITC3,7,Liguria,Liguria,1550640,1617541,104.31,0.05
3367,2021-06-27,LIG,1951,895,1056,684,1253,14,ITC,ITC3,7,Liguria,Liguria,1550640,1619492,104.44,0.13
3368,2021-08-21,LIG,3054,1661,1393,899,2113,42,ITC,ITC3,7,Liguria,Liguria,1550640,1622546,104.64,0.2
3369,2021-05-13,LIG,13329,6094,7235,8900,4272,157,ITC,ITC3,7,Liguria,Liguria,1550640,1635875,105.5,0.86
3370,2021-02-19,LIG,3222,1307,1915,3032,176,14,ITC,ITC3,7,Liguria,Liguria,1550640,1639097,105.7,0.21
3371,2021-05-30,LIG,3307,1614,1693,1338,1946,23,ITC,ITC3,7,Liguria,Liguria,1550640,1642404,105.92,0.21
3372,2021-08-23,LIG,10523,5489,5034,3528,6910,85,ITC,ITC3,7,Liguria,Liguria,1550640,1652927,106.6,0.68
3373,2021-06-01,LIG,16349,8231,8118,10928,5376,45,ITC,ITC3,7,Liguria,Liguria,1550640,1669276,107.65,1.05
3374,2021-06-18,LIG,15423,7507,7916,8128,7222,73,ITC,ITC3,7,Liguria,Liguria,1550640,1684699,108.65,0.99
3375,2021-03-22,LIG,7759,3476,4283,4743,2943,73,ITC,ITC3,7,Liguria,Liguria,1550640,1692458,109.15,0.5
3376,2021-02-07,LIG,407,153,254,2,405,0,ITC,ITC3,7,Liguria,Liguria,1550640,1692865,109.17,0.03
3377,2021-05-18,LIG,13502,6136,7366,10063,3315,124,ITC,ITC3,7,Liguria,Liguria,1550640,1706367,110.04,0.87
3378,2021-07-16,LIG,12627,6222,6405,3138,9437,52,ITC,ITC3,7,Liguria,Liguria,1550640,1718994,110.86,0.81
3379,2021-05-11,LIG,13940,6400,7540,7200,6629,111,ITC,ITC3,7,Liguria,Liguria,1550640,1732934,111.76,0.9
3380,2021-03-29,LIG,10592,4627,5965,7362,3135,95,ITC,ITC3,7,Liguria,Liguria,1550640,1743526,112.44,0.68
3381,2021-01-31,LIG,624,270,354,4,620,0,ITC,ITC3,7,Liguria,Liguria,1550640,1744150,112.48,0.04
3382,2021-07-07,LIG,11782,5647,6135,4935,6780,67,ITC,ITC3,7,Liguria,Liguria,1550640,1755932,113.24,0.76
3383,2021-02-12,LIG,1941,691,1250,895,1045,1,ITC,ITC3,7,Liguria,Liguria,1550640,1757873,113.36,0.13
3384,2021-08-16,LIG,9909,5126,4783,3769,6042,98,ITC,ITC3,7,Liguria,Liguria,1550640,1767782,114.0,0.64
3385,2021-03-15,LIG,7368,3121,4247,4502,2819,47,ITC,ITC3,7,Liguria,Liguria,1550640,1775150,114.48,0.48
3386,2021-03-10,LIG,5925,2869,3056,3953,1917,55,ITC,ITC3,7,Liguria,Liguria,1550640,1781075,114.86,0.38
3387,2021-08-28,LIG,4130,2337,1793,1013,3097,20,ITC,ITC3,7,Liguria,Liguria,1550640,1785205,115.13,0.27
3388,2021-05-20,LIG,12951,6011,6940,8791,4039,121,ITC,ITC3,7,Liguria,Liguria,1550640,1798156,115.96,0.84
3389,2021-06-02,LIG,8542,4348,4194,5338,3177,27,ITC,ITC3,7,Liguria,Liguria,1550640,1806698,116.51,0.55
3390,2021-06-19,LIG,7416,3777,3639,5700,1671,45,ITC,ITC3,7,Liguria,Liguria,1550640,1814114,116.99,0.48
3391,2021-02-18,LIG,2772,1128,1644,2425,339,8,ITC,ITC3,7,Liguria,Liguria,1550640,1816886,117.17,0.18
3392,2021-05-14,LIG,13159,5870,7289,8636,4349,174,ITC,ITC3,7,Liguria,Liguria,1550640,1830045,118.02,0.85
3393,2021-08-22,LIG,760,441,319,175,579,6,ITC,ITC3,7,Liguria,Liguria,1550640,1830805,118.07,0.05
3394,2021-05-31,LIG,14729,7385,7344,9126,5523,80,ITC,ITC3,7,Liguria,Liguria,1550640,1845534,119.02,0.95
3395,2021-03-09,LIG,5939,2757,3182,4449,1432,58,ITC,ITC3,7,Liguria,Liguria,1550640,1851473,119.4,0.38
3396,2021-02-20,LIG,1337,639,698,1334,1,2,ITC,ITC3,7,Liguria,Liguria,1550640,1852810,119.49,0.09
3397,2021-08-07,LIG,5190,2651,2539,1115,4056,19,ITC,ITC3,7,Liguria,Liguria,1550640,1858000,119.82,0.33
3398,2021-05-16,LIG,3712,1863,1849,2119,1567,26,ITC,ITC3,7,Liguria,Liguria,1550640,1861712,120.06,0.24
3399,2021-08-24,LIG,8727,4527,4200,2917,5732,78,ITC,ITC3,7,Liguria,Liguria,1550640,1870439,120.62,0.56
3400,2021-02-22,LIG,3347,1477,1870,3195,143,9,ITC,ITC3,7,Liguria,Liguria,1550640,1873786,120.84,0.22
3401,2021-07-19,LIG,12109,6036,6073,3354,8694,61,ITC,ITC3,7,Liguria,Liguria,1550640,1885895,121.62,0.78
3402,2021-08-05,LIG,14224,7349,6875,4114,10036,74,ITC,ITC3,7,Liguria,Liguria,1550640,1900119,122.54,0.92
3403,2021-04-27,LIG,14822,6700,8122,7148,7607,67,ITC,ITC3,7,Liguria,Liguria,1550640,1914941,123.49,0.96
3404,2021-02-03,LIG,2320,792,1528,51,2269,0,ITC,ITC3,7,Liguria,Liguria,1550640,1917261,123.64,0.15
3405,2021-07-21,LIG,19201,9518,9683,3822,15313,66,ITC,ITC3,7,Liguria,Liguria,1550640,1936462,124.88,1.24
3406,2021-04-29,LIG,15592,6983,8609,6648,8853,91,ITC,ITC3,7,Liguria,Liguria,1550640,1952054,125.89,1.01
3407,2021-04-12,LIG,12392,5477,6915,10277,2021,94,ITC,ITC3,7,Liguria,Liguria,1550640,1964446,126.69,0.8
3408,2021-01-19,LIG,1376,441,935,1282,90,4,ITC,ITC3,7,Liguria,Liguria,1550640,1965822,126.77,0.09
3409,2021-02-05,LIG,2739,994,1745,299,2439,1,ITC,ITC3,7,Liguria,Liguria,1550640,1968561,126.95,0.18
3410,2021-03-24,LIG,9188,4035,5153,5818,3290,80,ITC,ITC3,7,Liguria,Liguria,1550640,1977749,127.54,0.59
3411,2021-07-02,LIG,12986,6374,6612,6397,6512,77,ITC,ITC3,7,Liguria,Liguria,1550640,1990735,128.38,0.84
3412,2020-12-31,LIG,990,352,638,990,0,0,ITC,ITC3,7,Liguria,Liguria,1550640,1991725,128.45,0.06
3413,2021-04-10,LIG,7895,3564,4331,6906,914,75,ITC,ITC3,7,Liguria,Liguria,1550640,1999620,128.95,0.51
3414,2021-01-17,LIG,866,301,565,865,0,1,ITC,ITC3,7,Liguria,Liguria,1550640,2000486,129.01,0.06
3415,2021-06-20,PAB,5248,2853,2395,621,4603,24,ITH,ITH1,4,Provincia Autonoma Bolzano / Bozen,P.A. Bolzano,533050,5248,0.98,0.98
3416,2021-02-07,PAB,2680,1186,1494,330,2350,0,ITH,ITH1,4,Provincia Autonoma Bolzano / Bozen,P.A. Bolzano,533050,7928,1.49,0.5
3417,2021-05-18,PAB,3364,1765,1599,2091,1191,82,ITH,ITH1,4,Provincia Autonoma Bolzano / Bozen,P.A. Bolzano,533050,11292,2.12,0.63
3418,2021-01-26,PAB,810,291,519,1,809,0,ITH,ITH1,4,Provincia Autonoma Bolzano / Bozen,P.A. Bolzano,533050,12102,2.27,0.15
3419,2021-07-02,PAB,3202,1658,1544,857,2172,173,ITH,ITH1,4,Provincia Autonoma Bolzano / Bozen,P.A. Bolzano,533050,15304,2.87,0.6
3420,2021-03-24,PAB,2067,1002,1065,2048,13,6,ITH,ITH1,4,Provincia Autonoma Bolzano / Bozen,P.A. Bolzano,533050,17371,3.26,0.39
3421,2021-03-10,PAB,1277,537,740,1133,144,0,ITH,ITH1,4,Provincia Autonoma Bolzano / Bozen,P.A. Bolzano,533050,18648,3.5,0.24
3422,2021-05-06,PAB,5191,2752,2439,2374,2571,246,ITH,ITH1,4,Provincia Autonoma Bolzano / Bozen,P.A. Bolzano,533050,23839,4.47,0.97
3423,2021-02-12,PAB,730,217,513,482,248,0,ITH,ITH1,4,Provincia Autonoma Bolzano / Bozen,P.A. Bolzano,533050,24569,4.61,0.14
3424,2021-04-10,PAB,5416,2673,2743,4826,590,0,ITH,ITH1,4,Provincia Autonoma Bolzano / Bozen,P.A. Bolzano,533050,29985,5.63,1.02
3425,2020-12-31,PAB,929,528,401,929,0,0,ITH,ITH1,4,Provincia Autonoma Bolzano / Bozen,P.A. Bolzano,533050,30914,5.8,0.17
3426,2021-04-19,PAB,1876,860,1016,1694,182,0,ITH,ITH1,4,Provincia Autonoma Bolzano / Bozen,P.A. Bolzano,533050,32790,6.15,0.35
3427,2021-06-15,PAB,2045,1184,861,481,1534,30,ITH,ITH1,4,Provincia Autonoma Bolzano / Bozen,P.A. Bolzano,533050,34835,6.54,0.38
3428,2021-07-28,PAB,1437,784,653,881,495,61,ITH,ITH1,4,Provincia Autonoma Bolzano / Bozen,P.A. Bolzano,533050,36272,6.8,0.27
3429,2021-08-23,PAB,2127,1202,925,801,1326,0,ITH,ITH1,4,Provincia Autonoma Bolzano / Bozen,P.A. Bolzano,533050,38399,7.2,0.4
3430,2021-07-16,PAB,4511,2448,2063,1072,3319,120,ITH,ITH1,4,Provincia Autonoma Bolzano / Bozen,P.A. Bolzano,533050,42910,8.05,0.85
3431,2021-04-24,PAB,5119,2458,2661,4632,487,0,ITH,ITH1,4,Provincia Autonoma Bolzano / Bozen,P.A. Bolzano,533050,48029,9.01,0.96
3432,2021-08-02,PAB,2131,1277,854,1167,875,89,ITH,ITH1,4,Provincia Autonoma Bolzano / Bozen,P.A. Bolzano,533050,50160,9.41,0.4
3433,2021-07-14,PAB,872,452,420,481,361,30,ITH,ITH1,4,Provincia Autonoma Bolzano / Bozen,P.A. Bolzano,533050,51032,9.57,0.16
3434,2021-04-05,PAB,304,147,157,24,280,0,ITH,ITH1,4,Provincia Autonoma Bolzano / Bozen,P.A. Bolzano,533050,51336,9.63,0.06
3435,2021-06-27,PAB,4429,2315,2114,591,3810,28,ITH,ITH1,4,Provincia Autonoma Bolzano / Bozen,P.A. Bolzano,533050,55765,10.46,0.83
3436,2021-01-12,PAB,1711,460,1251,1711,0,0,ITH,ITH1,4,Provincia Autonoma Bolzano / Bozen,P.A. Bolzano,533050,57476,10.78,0.32
3437,2021-06-06,PAB,4553,2189,2364,811,3693,49,ITH,ITH1,4,Provincia Autonoma Bolzano / Bozen,P.A. Bolzano,533050,62029,11.64,0.85
3438,2021-02-26,PAB,1528,551,977,1498,30,0,ITH,ITH1,4,Provincia Autonoma Bolzano / Bozen,P.A. Bolzano,533050,63557,11.92,0.29
3439,2021-06-01,PAB,3676,2384,1292,2061,1478,137,ITH,ITH1,4,Provincia Autonoma Bolzano / Bozen,P.A. Bolzano,533050,67233,12.61,0.69
3440,2021-02-19,PAB,2252,512,1740,2241,11,0,ITH,ITH1,4,Provincia Autonoma Bolzano / Bozen,P.A. Bolzano,533050,69485,13.04,0.42
3441,2021-05-20,PAB,4974,2502,2472,3345,1479,150,ITH,ITH1,4,Provincia Autonoma Bolzano / Bozen,P.A. Bolzano,533050,74459,13.97,0.93
3442,2021-08-11,PAB,1195,599,596,710,485,0,ITH,ITH1,4,Provincia Autonoma Bolzano / Bozen,P.A. Bolzano,533050,75654,14.19,0.22
3443,2021-08-28,PAB,3259,1830,1429,1052,2207,0,ITH,ITH1,4,Provincia Autonoma Bolzano / Bozen,P.A. Bolzano,533050,78913,14.8,0.61
3444,2021-07-09,PAB,5227,2612,2615,918,4168,141,ITH,ITH1,4,Provincia Autonoma Bolzano / Bozen,P.A. Bolzano,533050,84140,15.78,0.98
3445,2021-03-22,PAB,1159,527,632,1124,17,18,ITH,ITH1,4,Provincia Autonoma Bolzano / Bozen,P.A. Bolzano,533050,85299,16.0,0.22
3446,2021-08-09,PAB,1542,860,682,1128,414,0,ITH,ITH1,4,Provincia Autonoma Bolzano / Bozen,P.A. Bolzano,533050,86841,16.29,0.29
3447,2021-05-01,PAB,2105,1067,1038,1815,160,130,ITH,ITH1,4,Provincia Autonoma Bolzano / Bozen,P.A. Bolzano,533050,88946,16.69,0.39
3448,2021-03-12,PAB,1668,736,932,1252,413,3,ITH,ITH1,4,Provincia Autonoma Bolzano / Bozen,P.A. Bolzano,533050,90614,17.0,0.31
3449,2021-03-29,PAB,1172,500,672,412,760,0,ITH,ITH1,4,Provincia Autonoma Bolzano / Bozen,P.A. Bolzano,533050,91786,17.22,0.22
3450,2021-03-17,PAB,581,213,368,580,1,0,ITH,ITH1,4,Provincia Autonoma Bolzano / Bozen,P.A. Bolzano,533050,92367,17.33,0.11
3451,2021-08-21,PAB,1704,917,787,629,1075,0,ITH,ITH1,4,Provincia Autonoma Bolzano / Bozen,P.A. Bolzano,533050,94071,17.65,0.32
3452,2021-05-13,PAB,3005,1360,1645,1023,1934,48,ITH,ITH1,4,Provincia Autonoma Bolzano / Bozen,P.A. Bolzano,533050,97076,18.21,0.56
3453,2021-04-29,PAB,2638,1356,1282,1942,696,0,ITH,ITH1,4,Provincia Autonoma Bolzano / Bozen,P.A. Bolzano,533050,99714,18.71,0.49
3454,2021-04-17,PAB,5255,2609,2646,5211,44,0,ITH,ITH1,4,Provincia Autonoma Bolzano / Bozen,P.A. Bolzano,533050,104969,19.69,0.99
3455,2021-01-07,PAB,921,329,592,921,0,0,ITH,ITH1,4,Provincia Autonoma Bolzano / Bozen,P.A. Bolzano,533050,105890,19.86,0.17
3456,2021-07-21,PAB,3219,1881,1338,536,2644,39,ITH,ITH1,4,Provincia Autonoma Bolzano / Bozen,P.A. Bolzano,533050,109109,20.47,0.6
3457,2021-04-12,PAB,2110,948,1162,2104,6,0,ITH,ITH1,4,Provincia Autonoma Bolzano / Bozen,P.A. Bolzano,533050,111219,20.86,0.4
3458,2021-01-24,PAB,12,10,2,0,12,0,ITH,ITH1,4,Provincia Autonoma Bolzano / Bozen,P.A. Bolzano,533050,111231,20.87,0.0
3459,2021-07-04,PAB,4421,2132,2289,160,4233,28,ITH,ITH1,4,Provincia Autonoma Bolzano / Bozen,P.A. Bolzano,533050,115652,21.7,0.83
3460,2021-08-30,PAB,2133,1121,1012,844,1289,0,ITH,ITH1,4,Provincia Autonoma Bolzano / Bozen,P.A. Bolzano,533050,117785,22.1,0.4
3461,2021-06-29,PAB,1882,1016,866,246,1616,20,ITH,ITH1,4,Provincia Autonoma Bolzano / Bozen,P.A. Bolzano,533050,119667,22.45,0.35
3462,2021-08-04,PAB,3811,2017,1794,2725,978,108,ITH,ITH1,4,Provincia Autonoma Bolzano / Bozen,P.A. Bolzano,533050,123478,23.16,0.71
3463,2021-06-08,PAB,4263,2182,2081,890,3345,28,ITH,ITH1,4,Provincia Autonoma Bolzano / Bozen,P.A. Bolzano,533050,127741,23.96,0.8
3464,2021-03-31,PAB,1835,695,1140,821,1014,0,ITH,ITH1,4,Provincia Autonoma Bolzano / Bozen,P.A. Bolzano,533050,129576,24.31,0.34
3465,2021-07-23,PAB,4357,2376,1981,1709,2391,257,ITH,ITH1,4,Provincia Autonoma Bolzano / Bozen,P.A. Bolzano,533050,133933,25.13,0.82
3466,2021-01-05,PAB,830,286,544,829,0,1,ITH,ITH1,4,Provincia Autonoma Bolzano / Bozen,P.A. Bolzano,533050,134763,25.28,0.16
3467,2021-01-23,PAB,197,117,80,0,197,0,ITH,ITH1,4,Provincia Autonoma Bolzano / Bozen,P.A. Bolzano,533050,134960,25.32,0.04
3468,2021-08-25,PAB,2731,1451,1280,818,1913,0,ITH,ITH1,4,Provincia Autonoma Bolzano / Bozen,P.A. Bolzano,533050,137691,25.83,0.51
3469,2021-05-03,PAB,1838,851,987,398,1419,21,ITH,ITH1,4,Provincia Autonoma Bolzano / Bozen,P.A. Bolzano,533050,139529,26.18,0.34
3470,2021-03-05,PAB,1843,627,1216,1397,443,3,ITH,ITH1,4,Provincia Autonoma Bolzano / Bozen,P.A. Bolzano,533050,141372,26.52,0.35
3471,2021-05-27,PAB,6211,3276,2935,3915,2014,282,ITH,ITH1,4,Provincia Autonoma Bolzano / Bozen,P.A. Bolzano,533050,147583,27.69,1.17
3472,2021-06-13,PAB,3689,2055,1634,453,3197,39,ITH,ITH1,4,Provincia Autonoma Bolzano / Bozen,P.A. Bolzano,533050,151272,28.38,0.69
3473,2021-05-25,PAB,3898,2024,1874,2910,888,100,ITH,ITH1,4,Provincia Autonoma Bolzano / Bozen,P.A. Bolzano,533050,155170,29.11,0.73
3474,2021-02-14,PAB,299,131,168,297,2,0,ITH,ITH1,4,Provincia Autonoma Bolzano / Bozen,P.A. Bolzano,533050,155469,29.17,0.06
3475,2021-08-16,PAB,1960,1113,847,877,1083,0,ITH,ITH1,4,Provincia Autonoma Bolzano / Bozen,P.A. Bolzano,533050,157429,29.53,0.37
3476,2021-05-08,PAB,4430,2383,2047,3575,664,191,ITH,ITH1,4,Provincia Autonoma Bolzano / Bozen,P.A. Bolzano,533050,161859,30.36,0.83
3477,2021-03-03,PAB,1181,395,786,1168,13,0,ITH,ITH1,4,Provincia Autonoma Bolzano / Bozen,P.A. Bolzano,533050,163040,30.59,0.22
3478,2021-08-08,PAB,1875,1024,851,1013,855,7,ITH,ITH1,4,Provincia Autonoma Bolzano / Bozen,P.A. Bolzano,533050,164915,30.94,0.35
3479,2021-01-21,PAB,969,452,517,140,829,0,ITH,ITH1,4,Provincia Autonoma Bolzano / Bozen,P.A. Bolzano,533050,165884,31.12,0.18
3480,2021-07-25,PAB,1891,1127,764,665,1146,80,ITH,ITH1,4,Provincia Autonoma Bolzano / Bozen,P.A. Bolzano,533050,167775,31.47,0.35
3481,2021-01-19,PAB,853,371,482,723,130,0,ITH,ITH1,4,Provincia Autonoma Bolzano / Bozen,P.A. Bolzano,533050,168628,31.63,0.16
3482,2021-06-25,PAB,4179,2308,1871,1026,3014,139,ITH,ITH1,4,Provincia Autonoma Bolzano / Bozen,P.A. Bolzano,533050,172807,32.42,0.78
3483,2021-02-09,PAB,317,126,191,1,316,0,ITH,ITH1,4,Provincia Autonoma Bolzano / Bozen,P.A. Bolzano,533050,173124,32.48,0.06
3484,2021-07-13,PAB,3383,1732,1651,1325,1930,128,ITH,ITH1,4,Provincia Autonoma Bolzano / Bozen,P.A. Bolzano,533050,176507,33.11,0.63
3485,2021-02-02,PAB,1752,509,1243,8,1744,0,ITH,ITH1,4,Provincia Autonoma Bolzano / Bozen,P.A. Bolzano,533050,178259,33.44,0.33
3486,2021-07-20,PAB,3133,1730,1403,1404,1524,205,ITH,ITH1,4,Provincia Autonoma Bolzano / Bozen,P.A. Bolzano,533050,181392,34.03,0.59
3487,2021-03-07,PAB,440,150,290,19,420,1,ITH,ITH1,4,Provincia Autonoma Bolzano / Bozen,P.A. Bolzano,533050,181832,34.11,0.08
3488,2021-07-30,PAB,5298,2841,2457,3407,1541,350,ITH,ITH1,4,Provincia Autonoma Bolzano / Bozen,P.A. Bolzano,533050,187130,35.11,0.99
3489,2021-04-21,PAB,3016,1469,1547,2169,847,0,ITH,ITH1,4,Provincia Autonoma Bolzano / Bozen,P.A. Bolzano,533050,190146,35.67,0.57
3490,2021-06-24,PAB,3943,2041,1902,1570,2201,172,ITH,ITH1,4,Provincia Autonoma Bolzano / Bozen,P.A. Bolzano,533050,194089,36.41,0.74
3491,2021-01-09,PAB,612,326,286,612,0,0,ITH,ITH1,4,Provincia Autonoma Bolzano / Bozen,P.A. Bolzano,533050,194701,36.53,0.11
3492,2021-05-15,PAB,7019,3695,3324,6336,294,389,ITH,ITH1,4,Provincia Autonoma Bolzano / Bozen,P.A. Bolzano,533050,201720,37.84,1.32
3493,2021-02-04,PAB,1966,596,1370,8,1958,0,ITH,ITH1,4,Provincia Autonoma Bolzano / Bozen,P.A. Bolzano,533050,203686,38.21,0.37
3494,2021-07-11,PAB,6075,3094,2981,1090,4879,106,ITH,ITH1,4,Provincia Autonoma Bolzano / Bozen,P.A. Bolzano,533050,209761,39.35,1.14
3495,2021-04-02,PAB,2090,841,1249,701,1357,32,ITH,ITH1,4,Provincia Autonoma Bolzano / Bozen,P.A. Bolzano,533050,211851,39.74,0.39
3496,2021-05-29,PAB,7340,3907,3433,4043,3144,153,ITH,ITH1,4,Provincia Autonoma Bolzano / Bozen,P.A. Bolzano,533050,219191,41.12,1.38
3497,2021-02-23,PAB,769,324,445,763,6,0,ITH,ITH1,4,Provincia Autonoma Bolzano / Bozen,P.A. Bolzano,533050,219960,41.26,0.14
3498,2021-05-17,PAB,3154,1525,1629,2287,697,170,ITH,ITH1,4,Provincia Autonoma Bolzano / Bozen,P.A. Bolzano,533050,223114,41.86,0.59
3499,2021-06-03,PAB,4890,2663,2227,3690,972,228,ITH,ITH1,4,Provincia Autonoma Bolzano / Bozen,P.A. Bolzano,533050,228004,42.77,0.92
3500,2021-07-06,PAB,1721,925,796,694,982,45,ITH,ITH1,4,Provincia Autonoma Bolzano / Bozen,P.A. Bolzano,533050,229725,43.1,0.32
3501,2021-06-22,PAB,2471,1423,1048,319,2126,26,ITH,ITH1,4,Provincia Autonoma Bolzano / Bozen,P.A. Bolzano,533050,232196,43.56,0.46
3502,2021-03-14,PAB,758,336,422,25,733,0,ITH,ITH1,4,Provincia Autonoma Bolzano / Bozen,P.A. Bolzano,533050,232954,43.7,0.14
3503,2021-04-14,PAB,3603,1650,1953,3508,95,0,ITH,ITH1,4,Provincia Autonoma Bolzano / Bozen,P.A. Bolzano,533050,236557,44.38,0.68
3504,2021-08-06,PAB,3636,1915,1721,1203,2427,6,ITH,ITH1,4,Provincia Autonoma Bolzano / Bozen,P.A. Bolzano,533050,240193,45.06,0.68
3505,2021-04-28,PAB,2469,1307,1162,2464,5,0,ITH,ITH1,4,Provincia Autonoma Bolzano / Bozen,P.A. Bolzano,533050,242662,45.52,0.46
3506,2021-06-05,PAB,6086,3034,3052,4699,1097,290,ITH,ITH1,4,Provincia Autonoma Bolzano / Bozen,P.A. Bolzano,533050,248748,46.67,1.14
3507,2021-08-27,PAB,2706,1406,1300,987,1719,0,ITH,ITH1,4,Provincia Autonoma Bolzano / Bozen,P.A. Bolzano,533050,251454,47.17,0.51
3508,2021-04-30,PAB,3348,1599,1749,1570,1778,0,ITH,ITH1,4,Provincia Autonoma Bolzano / Bozen,P.A. Bolzano,533050,254802,47.8,0.63
3509,2021-08-20,PAB,3920,2066,1854,952,2968,0,ITH,ITH1,4,Provincia Autonoma Bolzano / Bozen,P.A. Bolzano,533050,258722,48.54,0.74
3510,2021-05-10,PAB,3029,1306,1723,1338,1611,80,ITH,ITH1,4,Provincia Autonoma Bolzano / Bozen,P.A. Bolzano,533050,261751,49.1,0.57
3511,2021-08-01,PAB,1317,759,558,712,551,54,ITH,ITH1,4,Provincia Autonoma Bolzano / Bozen,P.A. Bolzano,533050,263068,49.35,0.25
3512,2021-01-20,PAB,619,254,365,410,209,0,ITH,ITH1,4,Provincia Autonoma Bolzano / Bozen,P.A. Bolzano,533050,263687,49.47,0.12
3513,2021-07-22,PAB,3734,1940,1794,1735,1788,211,ITH,ITH1,4,Provincia Autonoma Bolzano / Bozen,P.A. Bolzano,533050,267421,50.17,0.7
3514,2021-01-06,PAB,59,18,41,59,0,0,ITH,ITH1,4,Provincia Autonoma Bolzano / Bozen,P.A. Bolzano,533050,267480,50.18,0.01
3515,2021-03-30,PAB,1302,532,770,220,1082,0,ITH,ITH1,4,Provincia Autonoma Bolzano / Bozen,P.A. Bolzano,533050,268782,50.42,0.24
3516,2021-04-16,PAB,2958,1424,1534,2445,512,1,ITH,ITH1,4,Provincia Autonoma Bolzano / Bozen,P.A. Bolzano,533050,271740,50.98,0.55
3517,2021-07-08,PAB,5511,2783,2728,549,4887,75,ITH,ITH1,4,Provincia Autonoma Bolzano / Bozen,P.A. Bolzano,533050,277251,52.01,1.03
3518,2021-05-31,PAB,3067,1514,1553,2086,867,114,ITH,ITH1,4,Provincia Autonoma Bolzano / Bozen,P.A. Bolzano,533050,280318,52.59,0.58
3519,2021-01-01,PAB,6,5,1,6,0,0,ITH,ITH1,4,Provincia Autonoma Bolzano / Bozen,P.A. Bolzano,533050,280324,52.59,0.0
3520,2021-06-07,PAB,2986,1554,1432,2524,324,138,ITH,ITH1,4,Provincia Autonoma Bolzano / Bozen,P.A. Bolzano,533050,283310,53.15,0.56
3521,2021-02-27,PAB,2458,759,1699,2448,10,0,ITH,ITH1,4,Provincia Autonoma Bolzano / Bozen,P.A. Bolzano,533050,285768,53.61,0.46
3522,2021-06-17,PAB,1773,982,791,623,1078,72,ITH,ITH1,4,Provincia Autonoma Bolzano / Bozen,P.A. Bolzano,533050,287541,53.94,0.33
3523,2021-01-02,PAB,91,48,43,91,0,0,ITH,ITH1,4,Provincia Autonoma Bolzano / Bozen,P.A. Bolzano,533050,287632,53.96,0.02
3524,2021-06-26,PAB,4548,2331,2217,1365,3077,106,ITH,ITH1,4,Provincia Autonoma Bolzano / Bozen,P.A. Bolzano,533050,292180,54.81,0.85
3525,2021-01-04,PAB,510,201,309,510,0,0,ITH,ITH1,4,Provincia Autonoma Bolzano / Bozen,P.A. Bolzano,533050,292690,54.91,0.1
3526,2021-03-26,PAB,1663,737,926,524,1137,2,ITH,ITH1,4,Provincia Autonoma Bolzano / Bozen,P.A. Bolzano,533050,294353,55.22,0.31
3527,2021-04-09,PAB,2942,1303,1639,2212,730,0,ITH,ITH1,4,Provincia Autonoma Bolzano / Bozen,P.A. Bolzano,533050,297295,55.77,0.55
3528,2021-05-22,PAB,6843,3571,3272,4479,2168,196,ITH,ITH1,4,Provincia Autonoma Bolzano / Bozen,P.A. Bolzano,533050,304138,57.06,1.28
3529,2021-02-11,PAB,1094,432,662,239,855,0,ITH,ITH1,4,Provincia Autonoma Bolzano / Bozen,P.A. Bolzano,533050,305232,57.26,0.21
3530,2021-07-18,PAB,1868,1033,835,649,1150,69,ITH,ITH1,4,Provincia Autonoma Bolzano / Bozen,P.A. Bolzano,533050,307100,57.61,0.35
3531,2021-08-18,PAB,879,461,418,381,498,0,ITH,ITH1,4,Provincia Autonoma Bolzano / Bozen,P.A. Bolzano,533050,307979,57.78,0.16
3532,2021-02-16,PAB,530,205,325,530,0,0,ITH,ITH1,4,Provincia Autonoma Bolzano / Bozen,P.A. Bolzano,533050,308509,57.88,0.1
3533,2021-01-28,PAB,872,309,563,9,863,0,ITH,ITH1,4,Provincia Autonoma Bolzano / Bozen,P.A. Bolzano,533050,309381,58.04,0.16
3534,2021-01-16,PAB,2841,1265,1576,2841,0,0,ITH,ITH1,4,Provincia Autonoma Bolzano / Bozen,P.A. Bolzano,533050,312222,58.57,0.53
3535,2021-06-10,PAB,4498,2334,2164,1308,3098,92,ITH,ITH1,4,Provincia Autonoma Bolzano / Bozen,P.A. Bolzano,533050,316720,59.42,0.84
3536,2021-08-13,PAB,2904,1554,1350,1602,1299,3,ITH,ITH1,4,Provincia Autonoma Bolzano / Bozen,P.A. Bolzano,533050,319624,59.96,0.54
3537,2021-04-26,PAB,1549,776,773,1544,5,0,ITH,ITH1,4,Provincia Autonoma Bolzano / Bozen,P.A. Bolzano,533050,321173,60.25,0.29
3538,2021-06-19,PAB,5664,3016,2648,555,5037,72,ITH,ITH1,4,Provincia Autonoma Bolzano / Bozen,P.A. Bolzano,533050,326837,61.31,1.06
3539,2021-03-11,PAB,1691,830,861,1145,538,8,ITH,ITH1,4,Provincia Autonoma Bolzano / Bozen,P.A. Bolzano,533050,328528,61.63,0.32
3540,2021-02-25,PAB,1498,549,949,1497,1,0,ITH,ITH1,4,Provincia Autonoma Bolzano / Bozen,P.A. Bolzano,533050,330026,61.91,0.28
3541,2021-06-02,PAB,1468,824,644,978,459,31,ITH,ITH1,4,Provincia Autonoma Bolzano / Bozen,P.A. Bolzano,533050,331494,62.19,0.28
3542,2021-02-08,PAB,2,1,1,1,1,0,ITH,ITH1,4,Provincia Autonoma Bolzano / Bozen,P.A. Bolzano,533050,331496,62.19,0.0
3543,2021-02-13,PAB,318,79,239,312,6,0,ITH,ITH1,4,Provincia Autonoma Bolzano / Bozen,P.A. Bolzano,533050,331814,62.25,0.06
3544,2021-04-11,PAB,2734,1301,1433,2555,178,1,ITH,ITH1,4,Provincia Autonoma Bolzano / Bozen,P.A. Bolzano,533050,334548,62.76,0.51
3545,2021-05-24,PAB,1459,769,690,1060,335,64,ITH,ITH1,4,Provincia Autonoma Bolzano / Bozen,P.A. Bolzano,533050,336007,63.03,0.27
3546,2021-02-20,PAB,1802,540,1262,1784,18,0,ITH,ITH1,4,Provincia Autonoma Bolzano / Bozen,P.A. Bolzano,533050,337809,63.37,0.34
3547,2021-07-27,PAB,3157,1885,1272,908,2181,68,ITH,ITH1,4,Provincia Autonoma Bolzano / Bozen,P.A. Bolzano,533050,340966,63.97,0.59
3548,2021-04-18,PAB,3116,1611,1505,2105,1011,0,ITH,ITH1,4,Provincia Autonoma Bolzano / Bozen,P.A. Bolzano,533050,344082,64.55,0.58
3549,2021-03-18,PAB,1302,531,771,226,1076,0,ITH,ITH1,4,Provincia Autonoma Bolzano / Bozen,P.A. Bolzano,533050,345384,64.79,0.24
3550,2021-08-22,PAB,992,545,447,307,685,0,ITH,ITH1,4,Provincia Autonoma Bolzano / Bozen,P.A. Bolzano,533050,346376,64.98,0.19
3551,2021-05-14,PAB,5145,2323,2822,2904,2044,197,ITH,ITH1,4,Provincia Autonoma Bolzano / Bozen,P.A. Bolzano,533050,351521,65.95,0.97
3552,2021-03-16,PAB,1290,532,758,124,1166,0,ITH,ITH1,4,Provincia Autonoma Bolzano / Bozen,P.A. Bolzano,533050,352811,66.19,0.24
3553,2021-05-12,PAB,3805,2063,1742,3422,154,229,ITH,ITH1,4,Provincia Autonoma Bolzano / Bozen,P.A. Bolzano,533050,356616,66.9,0.71
3554,2021-02-01,PAB,1466,448,1018,14,1452,0,ITH,ITH1,4,Provincia Autonoma Bolzano / Bozen,P.A. Bolzano,533050,358082,67.18,0.28
3555,2021-08-29,PAB,865,476,389,367,498,0,ITH,ITH1,4,Provincia Autonoma Bolzano / Bozen,P.A. Bolzano,533050,358947,67.34,0.16
3556,2021-02-06,PAB,2633,1176,1457,19,2614,0,ITH,ITH1,4,Provincia Autonoma Bolzano / Bozen,P.A. Bolzano,533050,361580,67.83,0.49
3557,2021-06-21,PAB,3168,1615,1553,260,2868,40,ITH,ITH1,4,Provincia Autonoma Bolzano / Bozen,P.A. Bolzano,533050,364748,68.43,0.59
3558,2021-03-28,PAB,569,212,357,11,558,0,ITH,ITH1,4,Provincia Autonoma Bolzano / Bozen,P.A. Bolzano,533050,365317,68.53,0.11
3559,2021-02-18,PAB,1838,457,1381,1830,7,1,ITH,ITH1,4,Provincia Autonoma Bolzano / Bozen,P.A. Bolzano,533050,367155,68.88,0.34
3560,2021-07-29,PAB,1340,717,623,719,570,51,ITH,ITH1,4,Provincia Autonoma Bolzano / Bozen,P.A. Bolzano,533050,368495,69.13,0.25
3561,2021-05-19,PAB,3886,1996,1890,1963,1789,134,ITH,ITH1,4,Provincia Autonoma Bolzano / Bozen,P.A. Bolzano,533050,372381,69.86,0.73
3562,2021-01-03,PAB,41,16,25,41,0,0,ITH,ITH1,4,Provincia Autonoma Bolzano / Bozen,P.A. Bolzano,533050,372422,69.87,0.01
3563,2021-04-13,PAB,2399,1134,1265,2392,7,0,ITH,ITH1,4,Provincia Autonoma Bolzano / Bozen,P.A. Bolzano,533050,374821,70.32,0.45
3564,2021-07-26,PAB,1628,940,688,1126,411,91,ITH,ITH1,4,Provincia Autonoma Bolzano / Bozen,P.A. Bolzano,533050,376449,70.62,0.31
3565,2021-02-22,PAB,526,143,383,514,12,0,ITH,ITH1,4,Provincia Autonoma Bolzano / Bozen,P.A. Bolzano,533050,376975,70.72,0.1
3566,2021-07-10,PAB,5812,3001,2811,958,4748,106,ITH,ITH1,4,Provincia Autonoma Bolzano / Bozen,P.A. Bolzano,533050,382787,71.81,1.09
3567,2021-01-18,PAB,1775,688,1087,1770,5,0,ITH,ITH1,4,Provincia Autonoma Bolzano / Bozen,P.A. Bolzano,533050,384562,72.14,0.33
3568,2021-01-15,PAB,3291,1233,2058,3291,0,0,ITH,ITH1,4,Provincia Autonoma Bolzano / Bozen,P.A. Bolzano,533050,387853,72.76,0.62
3569,2021-08-14,PAB,2057,1119,938,788,1269,0,ITH,ITH1,4,Provincia Autonoma Bolzano / Bozen,P.A. Bolzano,533050,389910,73.15,0.39
3570,2021-06-18,PAB,4543,2350,2193,1469,2911,163,ITH,ITH1,4,Provincia Autonoma Bolzano / Bozen,P.A. Bolzano,533050,394453,74.0,0.85
3571,2021-04-25,PAB,3078,1501,1577,2406,672,0,ITH,ITH1,4,Provincia Autonoma Bolzano / Bozen,P.A. Bolzano,533050,397531,74.58,0.58
3572,2021-08-03,PAB,2947,1586,1361,1983,837,127,ITH,ITH1,4,Provincia Autonoma Bolzano / Bozen,P.A. Bolzano,533050,400478,75.13,0.55
3573,2021-01-13,PAB,1727,569,1158,1727,0,0,ITH,ITH1,4,Provincia Autonoma Bolzano / Bozen,P.A. Bolzano,533050,402205,75.45,0.32
3574,2021-01-30,PAB,498,245,253,4,494,0,ITH,ITH1,4,Provincia Autonoma Bolzano / Bozen,P.A. Bolzano,533050,402703,75.55,0.09
3575,2021-03-09,PAB,1194,543,651,1192,2,0,ITH,ITH1,4,Provincia Autonoma Bolzano / Bozen,P.A. Bolzano,533050,403897,75.77,0.22
3576,2021-05-23,PAB,4343,2305,2038,4141,8,194,ITH,ITH1,4,Provincia Autonoma Bolzano / Bozen,P.A. Bolzano,533050,408240,76.59,0.81
3577,2021-07-19,PAB,2781,1394,1387,625,2047,109,ITH,ITH1,4,Provincia Autonoma Bolzano / Bozen,P.A. Bolzano,533050,411021,77.11,0.52
3578,2021-02-03,PAB,1506,479,1027,5,1501,0,ITH,ITH1,4,Provincia Autonoma Bolzano / Bozen,P.A. Bolzano,533050,412527,77.39,0.28
3579,2021-08-26,PAB,2235,1131,1104,880,1355,0,ITH,ITH1,4,Provincia Autonoma Bolzano / Bozen,P.A. Bolzano,533050,414762,77.81,0.42
3580,2021-07-07,PAB,1992,1033,959,601,1336,55,ITH,ITH1,4,Provincia Autonoma Bolzano / Bozen,P.A. Bolzano,533050,416754,78.18,0.37
3581,2021-08-10,PAB,1846,1013,833,1567,278,1,ITH,ITH1,4,Provincia Autonoma Bolzano / Bozen,P.A. Bolzano,533050,418600,78.53,0.35
3582,2020-12-30,PAB,389,183,206,389,0,0,ITH,ITH1,4,Provincia Autonoma Bolzano / Bozen,P.A. Bolzano,533050,418989,78.6,0.07
3583,2021-06-09,PAB,3868,1919,1949,1263,2497,108,ITH,ITH1,4,Provincia Autonoma Bolzano / Bozen,P.A. Bolzano,533050,422857,79.33,0.73
3584,2021-03-01,PAB,924,223,701,923,1,0,ITH,ITH1,4,Provincia Autonoma Bolzano / Bozen,P.A. Bolzano,533050,423781,79.5,0.17
3585,2021-08-05,PAB,3466,1885,1581,1801,1577,88,ITH,ITH1,4,Provincia Autonoma Bolzano / Bozen,P.A. Bolzano,533050,427247,80.15,0.65
3586,2021-03-15,PAB,1194,452,742,711,482,1,ITH,ITH1,4,Provincia Autonoma Bolzano / Bozen,P.A. Bolzano,533050,428441,80.38,0.22
3587,2021-04-27,PAB,2234,1015,1219,1156,1078,0,ITH,ITH1,4,Provincia Autonoma Bolzano / Bozen,P.A. Bolzano,533050,430675,80.79,0.42
3588,2021-01-17,PAB,2329,1044,1285,2318,11,0,ITH,ITH1,4,Provincia Autonoma Bolzano / Bozen,P.A. Bolzano,533050,433004,81.23,0.44
3589,2021-06-23,PAB,1153,595,558,333,768,52,ITH,ITH1,4,Provincia Autonoma Bolzano / Bozen,P.A. Bolzano,533050,434157,81.45,0.22
3590,2021-01-08,PAB,1537,484,1053,1537,0,0,ITH,ITH1,4,Provincia Autonoma Bolzano / Bozen,P.A. Bolzano,533050,435694,81.74,0.29
3591,2021-08-07,PAB,2368,1348,1020,1689,665,14,ITH,ITH1,4,Provincia Autonoma Bolzano / Bozen,P.A. Bolzano,533050,438062,82.18,0.44
3592,2021-08-15,PAB,614,332,282,281,333,0,ITH,ITH1,4,Provincia Autonoma Bolzano / Bozen,P.A. Bolzano,533050,438676,82.3,0.12
3593,2021-05-07,PAB,4200,2063,2137,3398,528,274,ITH,ITH1,4,Provincia Autonoma Bolzano / Bozen,P.A. Bolzano,533050,442876,83.08,0.79
3594,2021-07-03,PAB,5638,2792,2846,975,4565,98,ITH,ITH1,4,Provincia Autonoma Bolzano / Bozen,P.A. Bolzano,533050,448514,84.14,1.06
3595,2021-05-05,PAB,4161,1948,2213,1827,2118,216,ITH,ITH1,4,Provincia Autonoma Bolzano / Bozen,P.A. Bolzano,533050,452675,84.92,0.78
3596,2021-01-25,PAB,493,187,306,3,490,0,ITH,ITH1,4,Provincia Autonoma Bolzano / Bozen,P.A. Bolzano,533050,453168,85.01,0.09
3597,2021-03-23,PAB,1555,760,795,1543,1,11,ITH,ITH1,4,Provincia Autonoma Bolzano / Bozen,P.A. Bolzano,533050,454723,85.31,0.29
3598,2021-04-23,PAB,4554,2157,2397,3261,1293,0,ITH,ITH1,4,Provincia Autonoma Bolzano / Bozen,P.A. Bolzano,533050,459277,86.16,0.85
3599,2021-01-11,PAB,1593,522,1071,1593,0,0,ITH,ITH1,4,Provincia Autonoma Bolzano / Bozen,P.A. Bolzano,533050,460870,86.46,0.3
3600,2021-07-15,PAB,4391,2317,2074,1515,2701,175,ITH,ITH1,4,Provincia Autonoma Bolzano / Bozen,P.A. Bolzano,533050,465261,87.28,0.82
3601,2021-04-06,PAB,2253,1120,1133,2151,102,0,ITH,ITH1,4,Provincia Autonoma Bolzano / Bozen,P.A. Bolzano,533050,467514,87.71,0.42
3602,2021-02-10,PAB,1637,605,1032,27,1610,0,ITH,ITH1,4,Provincia Autonoma Bolzano / Bozen,P.A. Bolzano,533050,469151,88.01,0.31
3603,2021-08-31,PAB,1281,684,597,330,951,0,ITH,ITH1,4,Provincia Autonoma Bolzano / Bozen,P.A. Bolzano,533050,470432,88.25,0.24
3604,2021-05-21,PAB,7395,4064,3331,5230,1878,287,ITH,ITH1,4,Provincia Autonoma Bolzano / Bozen,P.A. Bolzano,533050,477827,89.64,1.39
3605,2021-04-20,PAB,1565,785,780,1562,3,0,ITH,ITH1,4,Provincia Autonoma Bolzano / Bozen,P.A. Bolzano,533050,479392,89.93,0.29
3606,2021-01-10,PAB,2,2,0,2,0,0,ITH,ITH1,4,Provincia Autonoma Bolzano / Bozen,P.A. Bolzano,533050,479394,89.93,0.0
3607,2021-06-16,PAB,3823,2028,1795,11,3807,5,ITH,ITH1,4,Provincia Autonoma Bolzano / Bozen,P.A. Bolzano,533050,483217,90.65,0.72
3608,2021-06-04,PAB,6720,3386,3334,4950,1537,233,ITH,ITH1,4,Provincia Autonoma Bolzano / Bozen,P.A. Bolzano,533050,489937,91.91,1.26
3609,2021-02-24,PAB,1368,407,961,1356,12,0,ITH,ITH1,4,Provincia Autonoma Bolzano / Bozen,P.A. Bolzano,533050,491305,92.17,0.26
3610,2021-03-27,PAB,3053,1554,1499,1545,1508,0,ITH,ITH1,4,Provincia Autonoma Bolzano / Bozen,P.A. Bolzano,533050,494358,92.74,0.57
3611,2021-03-13,PAB,2886,1460,1426,2785,101,0,ITH,ITH1,4,Provincia Autonoma Bolzano / Bozen,P.A. Bolzano,533050,497244,93.28,0.54
3612,2021-02-05,PAB,3201,1186,2015,8,3193,0,ITH,ITH1,4,Provincia Autonoma Bolzano / Bozen,P.A. Bolzano,533050,500445,93.88,0.6
3613,2021-07-17,PAB,3147,1801,1346,712,2351,84,ITH,ITH1,4,Provincia Autonoma Bolzano / Bozen,P.A. Bolzano,533050,503592,94.47,0.59
3614,2021-04-08,PAB,2795,1360,1435,2586,204,5,ITH,ITH1,4,Provincia Autonoma Bolzano / Bozen,P.A. Bolzano,533050,506387,95.0,0.52
3615,2020-12-27,PAB,144,65,79,144,0,0,ITH,ITH1,4,Provincia Autonoma Bolzano / Bozen,P.A. Bolzano,533050,506531,95.03,0.03
3616,2021-04-01,PAB,2791,1409,1382,2645,146,0,ITH,ITH1,4,Provincia Autonoma Bolzano / Bozen,P.A. Bolzano,533050,509322,95.55,0.52
3617,2021-07-05,PAB,2936,1406,1530,823,1984,129,ITH,ITH1,4,Provincia Autonoma Bolzano / Bozen,P.A. Bolzano,533050,512258,96.1,0.55
3618,2021-05-30,PAB,4793,2531,2262,733,4030,30,ITH,ITH1,4,Provincia Autonoma Bolzano / Bozen,P.A. Bolzano,533050,517051,97.0,0.9
3619,2021-07-12,PAB,3533,1755,1778,252,3243,38,ITH,ITH1,4,Provincia Autonoma Bolzano / Bozen,P.A. Bolzano,533050,520584,97.66,0.66
3620,2021-04-03,PAB,833,366,467,22,811,0,ITH,ITH1,4,Provincia Autonoma Bolzano / Bozen,P.A. Bolzano,533050,521417,97.82,0.16
3621,2021-03-25,PAB,2171,1080,1091,1725,443,3,ITH,ITH1,4,Provincia Autonoma Bolzano / Bozen,P.A. Bolzano,533050,523588,98.22,0.41
3622,2021-08-24,PAB,1965,1025,940,571,1394,0,ITH,ITH1,4,Provincia Autonoma Bolzano / Bozen,P.A. Bolzano,533050,525553,98.59,0.37
3623,2021-05-16,PAB,2029,935,1094,1285,694,50,ITH,ITH1,4,Provincia Autonoma Bolzano / Bozen,P.A. Bolzano,533050,527582,98.97,0.38
3624,2021-04-15,PAB,4410,2314,2096,4144,266,0,ITH,ITH1,4,Provincia Autonoma Bolzano / Bozen,P.A. Bolzano,533050,531992,99.8,0.83
3625,2021-07-24,PAB,4827,2847,1980,1387,3329,111,ITH,ITH1,4,Provincia Autonoma Bolzano / Bozen,P.A. Bolzano,533050,536819,100.71,0.91
3626,2021-05-02,PAB,2453,1284,1169,1431,915,107,ITH,ITH1,4,Provincia Autonoma Bolzano / Bozen,P.A. Bolzano,533050,539272,101.17,0.46
3627,2021-01-22,PAB,248,143,105,124,124,0,ITH,ITH1,4,Provincia Autonoma Bolzano / Bozen,P.A. Bolzano,533050,539520,101.21,0.05
3628,2021-03-08,PAB,1211,534,677,1184,27,0,ITH,ITH1,4,Provincia Autonoma Bolzano / Bozen,P.A. Bolzano,533050,540731,101.44,0.23
3629,2021-08-12,PAB,3357,1719,1638,648,2707,2,ITH,ITH1,4,Provincia Autonoma Bolzano / Bozen,P.A. Bolzano,533050,544088,102.07,0.63
3630,2021-05-04,PAB,3452,1844,1608,2269,1038,145,ITH,ITH1,4,Provincia Autonoma Bolzano / Bozen,P.A. Bolzano,533050,547540,102.72,0.65
3631,2021-06-30,PAB,3064,1565,1499,400,2608,56,ITH,ITH1,4,Provincia Autonoma Bolzano / Bozen,P.A. Bolzano,533050,550604,103.29,0.57
3632,2021-06-11,PAB,5838,3003,2835,2140,3486,212,ITH,ITH1,4,Provincia Autonoma Bolzano / Bozen,P.A. Bolzano,533050,556442,104.39,1.1
3633,2021-03-20,PAB,1760,851,909,1130,625,5,ITH,ITH1,4,Provincia Autonoma Bolzano / Bozen,P.A. Bolzano,533050,558202,104.72,0.33
3634,2021-06-28,PAB,4613,2307,2306,217,4372,24,ITH,ITH1,4,Provincia Autonoma Bolzano / Bozen,P.A. Bolzano,533050,562815,105.58,0.87
3635,2021-01-27,PAB,85,29,56,2,83,0,ITH,ITH1,4,Provincia Autonoma Bolzano / Bozen,P.A. Bolzano,533050,562900,105.6,0.02
3636,2021-03-21,PAB,769,286,483,15,754,0,ITH,ITH1,4,Provincia Autonoma Bolzano / Bozen,P.A. Bolzano,533050,563669,105.74,0.14
3637,2021-06-12,PAB,5079,2754,2325,1675,3289,115,ITH,ITH1,4,Provincia Autonoma Bolzano / Bozen,P.A. Bolzano,533050,568748,106.7,0.95
3638,2021-01-14,PAB,1953,578,1375,1953,0,0,ITH,ITH1,4,Provincia Autonoma Bolzano / Bozen,P.A. Bolzano,533050,570701,107.06,0.37
3639,2021-04-07,PAB,1803,825,978,1262,541,0,ITH,ITH1,4,Provincia Autonoma Bolzano / Bozen,P.A. Bolzano,533050,572504,107.4,0.34
3640,2021-03-02,PAB,696,200,496,694,2,0,ITH,ITH1,4,Provincia Autonoma Bolzano / Bozen,P.A. Bolzano,533050,573200,107.53,0.13
3641,2021-03-19,PAB,1921,777,1144,801,1120,0,ITH,ITH1,4,Provincia Autonoma Bolzano / Bozen,P.A. Bolzano,533050,575121,107.89,0.36
3642,2021-07-01,PAB,4637,2304,2333,1312,3166,159,ITH,ITH1,4,Provincia Autonoma Bolzano / Bozen,P.A. Bolzano,533050,579758,108.76,0.87
3643,2021-03-04,PAB,1720,1010,710,1487,229,4,ITH,ITH1,4,Provincia Autonoma Bolzano / Bozen,P.A. Bolzano,533050,581478,109.09,0.32
3644,2021-05-26,PAB,5019,2537,2482,2869,1978,172,ITH,ITH1,4,Provincia Autonoma Bolzano / Bozen,P.A. Bolzano,533050,586497,110.03,0.94
3645,2021-08-17,PAB,1244,688,556,854,390,0,ITH,ITH1,4,Provincia Autonoma Bolzano / Bozen,P.A. Bolzano,533050,587741,110.26,0.23
3646,2021-06-14,PAB,2984,1617,1367,577,2361,46,ITH,ITH1,4,Provincia Autonoma Bolzano / Bozen,P.A. Bolzano,533050,590725,110.82,0.56
3647,2021-02-15,PAB,72,42,30,26,46,0,ITH,ITH1,4,Provincia Autonoma Bolzano / Bozen,P.A. Bolzano,533050,590797,110.83,0.01
3648,2021-08-19,PAB,1746,962,784,1132,613,1,ITH,ITH1,4,Provincia Autonoma Bolzano / Bozen,P.A. Bolzano,533050,592543,111.16,0.33
3649,2021-05-11,PAB,2854,1338,1516,1262,1523,69,ITH,ITH1,4,Provincia Autonoma Bolzano / Bozen,P.A. Bolzano,533050,595397,111.7,0.54
3650,2021-07-31,PAB,3168,1720,1448,2114,924,130,ITH,ITH1,4,Provincia Autonoma Bolzano / Bozen,P.A. Bolzano,533050,598565,112.29,0.59
3651,2021-01-29,PAB,1515,518,997,24,1491,0,ITH,ITH1,4,Provincia Autonoma Bolzano / Bozen,P.A. Bolzano,533050,600080,112.57,0.28
3652,2021-04-22,PAB,2938,1511,1427,1996,942,0,ITH,ITH1,4,Provincia Autonoma Bolzano / Bozen,P.A. Bolzano,533050,603018,113.13,0.55
3653,2021-05-09,PAB,4243,2410,1833,2934,1150,159,ITH,ITH1,4,Provincia Autonoma Bolzano / Bozen,P.A. Bolzano,533050,607261,113.92,0.8
3654,2021-03-06,PAB,3976,2082,1894,3765,211,0,ITH,ITH1,4,Provincia Autonoma Bolzano / Bozen,P.A. Bolzano,533050,611237,114.67,0.75
3655,2021-05-28,PAB,7466,3942,3524,5368,1895,203,ITH,ITH1,4,Provincia Autonoma Bolzano / Bozen,P.A. Bolzano,533050,618703,116.07,1.4
3656,2021-02-17,PAB,156,51,105,139,17,0,ITH,ITH1,4,Provincia Autonoma Bolzano / Bozen,P.A. Bolzano,533050,618859,116.1,0.03
3657,2021-03-03,ABR,4641,1899,2742,3713,906,22,ITF,ITF1,13,Abruzzo,Abruzzo,1304970,4641,0.36,0.36
3658,2021-07-14,ABR,13722,6798,6924,2436,11135,151,ITF,ITF1,13,Abruzzo,Abruzzo,1304970,18363,1.41,1.05
3659,2021-04-08,ABR,7394,3334,4060,4934,2331,129,ITF,ITF1,13,Abruzzo,Abruzzo,1304970,25757,1.97,0.57
3660,2021-04-22,ABR,6737,3251,3486,4828,1733,176,ITF,ITF1,13,Abruzzo,Abruzzo,1304970,32494,2.49,0.52
3661,2021-07-31,ABR,11742,6342,5400,3480,8059,203,ITF,ITF1,13,Abruzzo,Abruzzo,1304970,44236,3.39,0.9
3662,2021-03-22,ABR,4348,1912,2436,2310,1971,67,ITF,ITF1,13,Abruzzo,Abruzzo,1304970,48584,3.72,0.33
3663,2021-05-30,ABR,8660,4110,4550,5326,3255,79,ITF,ITF1,13,Abruzzo,Abruzzo,1304970,57244,4.39,0.66
3664,2021-04-03,ABR,5162,2258,2904,3484,1598,80,ITF,ITF1,13,Abruzzo,Abruzzo,1304970,62406,4.78,0.4
3665,2021-07-26,ABR,14259,7459,6800,3871,10190,198,ITF,ITF1,13,Abruzzo,Abruzzo,1304970,76665,5.87,1.09
3666,2021-07-12,ABR,15077,7458,7619,2361,12600,116,ITF,ITF1,13,Abruzzo,Abruzzo,1304970,91742,7.03,1.16
3667,2021-01-10,ABR,1270,538,732,1266,0,4,ITF,ITF1,13,Abruzzo,Abruzzo,1304970,93012,7.13,0.1
3668,2021-04-29,ABR,12683,5853,6830,9275,3097,311,ITF,ITF1,13,Abruzzo,Abruzzo,1304970,105695,8.1,0.97
3669,2021-08-07,ABR,6489,3615,2874,1836,4558,95,ITF,ITF1,13,Abruzzo,Abruzzo,1304970,112184,8.6,0.5
3670,2021-06-25,ABR,11064,5481,5583,4907,6013,144,ITF,ITF1,13,Abruzzo,Abruzzo,1304970,123248,9.44,0.85
3671,2021-01-15,ABR,385,155,230,371,0,14,ITF,ITF1,13,Abruzzo,Abruzzo,1304970,123633,9.47,0.03
3672,2021-02-10,ABR,946,311,635,492,444,10,ITF,ITF1,13,Abruzzo,Abruzzo,1304970,124579,9.55,0.07
3673,2021-01-22,ABR,118,57,61,118,0,0,ITF,ITF1,13,Abruzzo,Abruzzo,1304970,124697,9.56,0.01
3674,2021-01-03,ABR,501,212,289,499,0,2,ITF,ITF1,13,Abruzzo,Abruzzo,1304970,125198,9.59,0.04
3675,2021-08-21,ABR,3842,2098,1744,1729,1991,122,ITF,ITF1,13,Abruzzo,Abruzzo,1304970,129040,9.89,0.29
3676,2021-05-04,ABR,10856,5096,5760,7042,3625,189,ITF,ITF1,13,Abruzzo,Abruzzo,1304970,139896,10.72,0.83
3677,2021-03-08,ABR,5155,1694,3461,4083,976,96,ITF,ITF1,13,Abruzzo,Abruzzo,1304970,145051,11.12,0.4
3678,2021-01-24,ABR,50,22,28,6,44,0,ITF,ITF1,13,Abruzzo,Abruzzo,1304970,145101,11.12,0.0
3679,2020-12-27,ABR,47,24,23,47,0,0,ITF,ITF1,13,Abruzzo,Abruzzo,1304970,145148,11.12,0.0
3680,2021-03-20,ABR,4794,2200,2594,2561,2171,62,ITF,ITF1,13,Abruzzo,Abruzzo,1304970,149942,11.49,0.37
3681,2021-06-13,ABR,9844,4925,4919,7846,1833,165,ITF,ITF1,13,Abruzzo,Abruzzo,1304970,159786,12.24,0.75
3682,2021-02-22,ABR,2643,1174,1469,2587,30,26,ITF,ITF1,13,Abruzzo,Abruzzo,1304970,162429,12.45,0.2
3683,2021-02-05,ABR,1535,521,1014,772,747,16,ITF,ITF1,13,Abruzzo,Abruzzo,1304970,163964,12.56,0.12
3684,2021-05-16,ABR,9578,4135,5443,5647,3812,119,ITF,ITF1,13,Abruzzo,Abruzzo,1304970,173542,13.3,0.73
3685,2021-06-04,ABR,15649,7396,8253,10759,4703,187,ITF,ITF1,13,Abruzzo,Abruzzo,1304970,189191,14.5,1.2
3686,2021-05-18,ABR,12110,5660,6450,7562,4379,169,ITF,ITF1,13,Abruzzo,Abruzzo,1304970,201301,15.43,0.93
3687,2021-02-24,ABR,3306,1442,1864,3112,177,17,ITF,ITF1,13,Abruzzo,Abruzzo,1304970,204607,15.68,0.25
3688,2021-08-09,ABR,10696,5544,5152,3093,7410,193,ITF,ITF1,13,Abruzzo,Abruzzo,1304970,215303,16.5,0.82
3689,2021-08-26,ABR,5769,3015,2754,2014,3604,151,ITF,ITF1,13,Abruzzo,Abruzzo,1304970,221072,16.94,0.44
3690,2021-06-30,ABR,11169,5430,5739,4494,6509,166,ITF,ITF1,13,Abruzzo,Abruzzo,1304970,232241,17.8,0.86
3691,2021-02-17,ABR,2071,948,1123,1780,282,9,ITF,ITF1,13,Abruzzo,Abruzzo,1304970,234312,17.96,0.16
3692,2021-06-11,ABR,11780,5853,5927,8830,2764,186,ITF,ITF1,13,Abruzzo,Abruzzo,1304970,246092,18.86,0.9
3693,2021-08-19,ABR,6724,3611,3113,3256,3277,191,ITF,ITF1,13,Abruzzo,Abruzzo,1304970,252816,19.37,0.52
3694,2021-02-12,ABR,1228,567,661,1026,189,13,ITF,ITF1,13,Abruzzo,Abruzzo,1304970,254044,19.47,0.09
3695,2021-07-19,ABR,11776,5982,5794,2664,8942,170,ITF,ITF1,13,Abruzzo,Abruzzo,1304970,265820,20.37,0.9
3696,2021-05-23,ABR,9881,4694,5187,7068,2692,121,ITF,ITF1,13,Abruzzo,Abruzzo,1304970,275701,21.13,0.76
3697,2021-06-06,ABR,11154,5311,5843,8779,2242,133,ITF,ITF1,13,Abruzzo,Abruzzo,1304970,286855,21.98,0.85
3698,2021-04-10,ABR,8779,4059,4720,6124,2510,145,ITF,ITF1,13,Abruzzo,Abruzzo,1304970,295634,22.65,0.67
3699,2021-04-27,ABR,9084,4367,4717,6505,2466,113,ITF,ITF1,13,Abruzzo,Abruzzo,1304970,304718,23.35,0.7
3700,2021-07-02,ABR,11834,5946,5888,4830,6820,184,ITF,ITF1,13,Abruzzo,Abruzzo,1304970,316552,24.26,0.91
3701,2021-03-15,ABR,3680,1445,2235,1840,1808,32,ITF,ITF1,13,Abruzzo,Abruzzo,1304970,320232,24.54,0.28
3702,2021-01-17,ABR,192,63,129,184,7,1,ITF,ITF1,13,Abruzzo,Abruzzo,1304970,320424,24.55,0.01
3703,2021-06-23,ABR,11014,5283,5731,5579,5290,145,ITF,ITF1,13,Abruzzo,Abruzzo,1304970,331438,25.4,0.84
3704,2021-07-21,ABR,11076,5718,5358,2424,8517,135,ITF,ITF1,13,Abruzzo,Abruzzo,1304970,342514,26.25,0.85
3705,2021-02-03,ABR,2063,717,1346,411,1644,8,ITF,ITF1,13,Abruzzo,Abruzzo,1304970,344577,26.4,0.16
3706,2021-03-27,ABR,6124,2622,3502,3561,2491,72,ITF,ITF1,13,Abruzzo,Abruzzo,1304970,350701,26.87,0.47
3707,2021-01-05,ABR,1734,721,1013,1729,0,5,ITF,ITF1,13,Abruzzo,Abruzzo,1304970,352435,27.01,0.13
3708,2021-04-15,ABR,7829,3686,4143,5825,1843,161,ITF,ITF1,13,Abruzzo,Abruzzo,1304970,360264,27.61,0.6
3709,2021-07-07,ABR,12067,5908,6159,4036,7792,239,ITF,ITF1,13,Abruzzo,Abruzzo,1304970,372331,28.53,0.92
3710,2021-07-09,ABR,13609,6792,6817,2890,10581,138,ITF,ITF1,13,Abruzzo,Abruzzo,1304970,385940,29.57,1.04
3711,2021-03-01,ABR,3477,1384,2093,2702,751,24,ITF,ITF1,13,Abruzzo,Abruzzo,1304970,389417,29.84,0.27
3712,2021-08-14,ABR,128,69,59,101,25,2,ITF,ITF1,13,Abruzzo,Abruzzo,1304970,389545,29.85,0.01
3713,2021-06-18,ABR,10195,5006,5189,6554,3494,147,ITF,ITF1,13,Abruzzo,Abruzzo,1304970,399740,30.63,0.78
3714,2021-02-02,ABR,1763,668,1095,218,1541,4,ITF,ITF1,13,Abruzzo,Abruzzo,1304970,401503,30.77,0.14
3715,2021-05-13,ABR,11153,5043,6110,6960,3961,232,ITF,ITF1,13,Abruzzo,Abruzzo,1304970,412656,31.62,0.85
3716,2021-03-31,ABR,6723,2945,3778,4559,2069,95,ITF,ITF1,13,Abruzzo,Abruzzo,1304970,419379,32.14,0.52
3717,2021-01-29,ABR,1387,449,938,71,1315,1,ITF,ITF1,13,Abruzzo,Abruzzo,1304970,420766,32.24,0.11
3718,2021-08-02,ABR,13858,7156,6702,3547,10052,259,ITF,ITF1,13,Abruzzo,Abruzzo,1304970,434624,33.31,1.06
3719,2021-05-27,ABR,13325,6107,7218,8320,4830,175,ITF,ITF1,13,Abruzzo,Abruzzo,1304970,447949,34.33,1.02
3720,2021-08-28,ABR,2305,1332,973,701,1555,49,ITF,ITF1,13,Abruzzo,Abruzzo,1304970,450254,34.5,0.18
3721,2021-05-11,ABR,10765,5122,5643,5731,4856,178,ITF,ITF1,13,Abruzzo,Abruzzo,1304970,461019,35.33,0.82
3722,2021-08-18,ABR,7377,3915,3462,3089,4098,190,ITF,ITF1,13,Abruzzo,Abruzzo,1304970,468396,35.89,0.57
3723,2021-04-05,ABR,2693,1147,1546,1729,880,84,ITF,ITF1,13,Abruzzo,Abruzzo,1304970,471089,36.1,0.21
3724,2021-04-17,ABR,7359,3403,3956,4211,3052,96,ITF,ITF1,13,Abruzzo,Abruzzo,1304970,478448,36.66,0.56
3725,2021-02-19,ABR,3301,1553,1748,3162,100,39,ITF,ITF1,13,Abruzzo,Abruzzo,1304970,481749,36.92,0.25
3726,2021-01-07,ABR,1712,657,1055,1705,0,7,ITF,ITF1,13,Abruzzo,Abruzzo,1304970,483461,37.05,0.13
3727,2021-07-30,ABR,12086,6434,5652,3796,8066,224,ITF,ITF1,13,Abruzzo,Abruzzo,1304970,495547,37.97,0.93
3728,2021-02-26,ABR,3923,1679,2244,2928,969,26,ITF,ITF1,13,Abruzzo,Abruzzo,1304970,499470,38.27,0.3
3729,2021-03-17,ABR,4541,1873,2668,2778,1740,23,ITF,ITF1,13,Abruzzo,Abruzzo,1304970,504011,38.62,0.35
3730,2021-03-24,ABR,6387,2785,3602,3993,2252,142,ITF,ITF1,13,Abruzzo,Abruzzo,1304970,510398,39.11,0.49
3731,2021-02-28,ABR,1703,509,1194,1665,2,36,ITF,ITF1,13,Abruzzo,Abruzzo,1304970,512101,39.24,0.13
3732,2021-08-04,ABR,10885,5631,5254,4304,6338,243,ITF,ITF1,13,Abruzzo,Abruzzo,1304970,522986,40.08,0.83
3733,2021-01-02,ABR,559,226,333,558,0,1,ITF,ITF1,13,Abruzzo,Abruzzo,1304970,523545,40.12,0.04
3734,2021-06-08,ABR,12874,6625,6249,10438,2196,240,ITF,ITF1,13,Abruzzo,Abruzzo,1304970,536419,41.11,0.99
3735,2021-04-26,ABR,8563,4066,4497,7139,1213,211,ITF,ITF1,13,Abruzzo,Abruzzo,1304970,544982,41.76,0.66
3736,2021-06-01,ABR,10999,4878,6121,6510,4368,121,ITF,ITF1,13,Abruzzo,Abruzzo,1304970,555981,42.6,0.84
3737,2021-03-19,ABR,5797,2585,3212,2731,3024,42,ITF,ITF1,13,Abruzzo,Abruzzo,1304970,561778,43.05,0.44
3738,2021-03-05,ABR,5346,1957,3389,4586,697,63,ITF,ITF1,13,Abruzzo,Abruzzo,1304970,567124,43.46,0.41
3739,2021-06-27,ABR,8370,4301,4069,5021,3209,140,ITF,ITF1,13,Abruzzo,Abruzzo,1304970,575494,44.1,0.64
3740,2021-04-07,ABR,7541,3483,4058,4515,2892,134,ITF,ITF1,13,Abruzzo,Abruzzo,1304970,583035,44.68,0.58
3741,2021-07-16,ABR,16147,8237,7910,2468,13562,117,ITF,ITF1,13,Abruzzo,Abruzzo,1304970,599182,45.92,1.24
3742,2021-05-15,ABR,11443,5185,6258,5942,5322,179,ITF,ITF1,13,Abruzzo,Abruzzo,1304970,610625,46.79,0.88
3743,2021-08-23,ABR,5919,3107,2812,1663,4112,144,ITF,ITF1,13,Abruzzo,Abruzzo,1304970,616544,47.25,0.45
3744,2021-07-11,ABR,9885,4974,4911,2365,7385,135,ITF,ITF1,13,Abruzzo,Abruzzo,1304970,626429,48.0,0.76
3745,2021-01-12,ABR,1899,761,1138,1885,0,14,ITF,ITF1,13,Abruzzo,Abruzzo,1304970,628328,48.15,0.15
3746,2021-05-25,ABR,11422,5325,6097,8085,3139,198,ITF,ITF1,13,Abruzzo,Abruzzo,1304970,639750,49.02,0.88
3747,2021-01-31,ABR,1522,494,1028,287,1234,1,ITF,ITF1,13,Abruzzo,Abruzzo,1304970,641272,49.14,0.12
3748,2021-05-10,ABR,10119,4788,5331,5361,4650,108,ITF,ITF1,13,Abruzzo,Abruzzo,1304970,651391,49.92,0.78
3749,2021-01-19,ABR,112,56,56,90,21,1,ITF,ITF1,13,Abruzzo,Abruzzo,1304970,651503,49.92,0.01
3750,2021-02-07,ABR,780,308,472,200,579,1,ITF,ITF1,13,Abruzzo,Abruzzo,1304970,652283,49.98,0.06
3751,2021-07-23,ABR,12574,6464,6110,2853,9561,160,ITF,ITF1,13,Abruzzo,Abruzzo,1304970,664857,50.95,0.96
3752,2021-01-21,ABR,157,47,110,157,0,0,ITF,ITF1,13,Abruzzo,Abruzzo,1304970,665014,50.96,0.01
3753,2021-05-01,ABR,10746,5048,5698,5628,4982,136,ITF,ITF1,13,Abruzzo,Abruzzo,1304970,675760,51.78,0.82
3754,2021-05-20,ABR,12807,5926,6881,7412,5268,127,ITF,ITF1,13,Abruzzo,Abruzzo,1304970,688567,52.76,0.98
3755,2021-04-23,ABR,7403,3398,4005,4927,2307,169,ITF,ITF1,13,Abruzzo,Abruzzo,1304970,695970,53.33,0.57
3756,2021-01-30,ABR,1514,570,944,64,1449,1,ITF,ITF1,13,Abruzzo,Abruzzo,1304970,697484,53.45,0.12
3757,2021-08-01,ABR,7570,4056,3514,2004,5464,102,ITF,ITF1,13,Abruzzo,Abruzzo,1304970,705054,54.03,0.58
3758,2021-01-18,ABR,152,70,82,53,99,0,ITF,ITF1,13,Abruzzo,Abruzzo,1304970,705206,54.04,0.01
3759,2021-06-24,ABR,10874,5412,5462,5725,4979,170,ITF,ITF1,13,Abruzzo,Abruzzo,1304970,716080,54.87,0.83
3760,2021-04-28,ABR,9519,4591,4928,7311,2025,183,ITF,ITF1,13,Abruzzo,Abruzzo,1304970,725599,55.6,0.73
3761,2021-05-12,ABR,9632,4603,5029,5874,3582,176,ITF,ITF1,13,Abruzzo,Abruzzo,1304970,735231,56.34,0.74
3762,2021-03-16,ABR,3485,1453,2032,1802,1654,29,ITF,ITF1,13,Abruzzo,Abruzzo,1304970,738716,56.61,0.27
3763,2021-08-20,ABR,6050,3169,2881,2035,3884,131,ITF,ITF1,13,Abruzzo,Abruzzo,1304970,744766,57.07,0.46
3764,2021-08-06,ABR,10670,5704,4966,3685,6744,241,ITF,ITF1,13,Abruzzo,Abruzzo,1304970,755436,57.89,0.82
3765,2021-02-09,ABR,920,322,598,510,409,1,ITF,ITF1,13,Abruzzo,Abruzzo,1304970,756356,57.96,0.07
3766,2021-07-04,ABR,8370,4214,4156,3332,4913,125,ITF,ITF1,13,Abruzzo,Abruzzo,1304970,764726,58.6,0.64
3767,2021-08-30,ABR,7428,4063,3365,1945,5353,130,ITF,ITF1,13,Abruzzo,Abruzzo,1304970,772154,59.17,0.57
3768,2021-05-08,ABR,10296,4875,5421,6316,3836,144,ITF,ITF1,13,Abruzzo,Abruzzo,1304970,782450,59.96,0.79
3769,2021-04-24,ABR,8730,3975,4755,6938,1532,260,ITF,ITF1,13,Abruzzo,Abruzzo,1304970,791180,60.63,0.67
3770,2021-08-16,ABR,6094,3208,2886,2255,3693,146,ITF,ITF1,13,Abruzzo,Abruzzo,1304970,797274,61.1,0.47
3771,2021-01-14,ABR,568,227,341,566,0,2,ITF,ITF1,13,Abruzzo,Abruzzo,1304970,797842,61.14,0.04
3772,2021-04-19,ABR,6234,2862,3372,3787,2374,73,ITF,ITF1,13,Abruzzo,Abruzzo,1304970,804076,61.62,0.48
3773,2021-02-21,ABR,1218,550,668,1193,1,24,ITF,ITF1,13,Abruzzo,Abruzzo,1304970,805294,61.71,0.09
3774,2021-07-28,ABR,13275,6956,6319,3436,9672,167,ITF,ITF1,13,Abruzzo,Abruzzo,1304970,818569,62.73,1.02
3775,2021-06-15,ABR,11331,5563,5768,8683,2439,209,ITF,ITF1,13,Abruzzo,Abruzzo,1304970,829900,63.6,0.87
3776,2021-04-12,ABR,6240,2958,3282,4984,1175,81,ITF,ITF1,13,Abruzzo,Abruzzo,1304970,836140,64.07,0.48
3777,2021-08-11,ABR,8275,4415,3860,2613,5504,158,ITF,ITF1,13,Abruzzo,Abruzzo,1304970,844415,64.71,0.63
3778,2021-06-19,ABR,10557,5201,5356,6484,3900,173,ITF,ITF1,13,Abruzzo,Abruzzo,1304970,854972,65.52,0.81
3779,2021-03-10,ABR,5052,1687,3365,4025,958,69,ITF,ITF1,13,Abruzzo,Abruzzo,1304970,860024,65.9,0.39
3780,2021-01-26,ABR,1549,568,981,31,1518,0,ITF,ITF1,13,Abruzzo,Abruzzo,1304970,861573,66.02,0.12
3781,2021-05-06,ABR,13005,6088,6917,7798,5048,159,ITF,ITF1,13,Abruzzo,Abruzzo,1304970,874578,67.02,1.0
3782,2021-06-29,ABR,11430,5640,5790,5246,5997,187,ITF,ITF1,13,Abruzzo,Abruzzo,1304970,886008,67.89,0.88
3783,2021-03-21,ABR,2133,914,1219,838,1291,4,ITF,ITF1,13,Abruzzo,Abruzzo,1304970,888141,68.06,0.16
3784,2021-06-12,ABR,11423,5916,5507,9891,1351,181,ITF,ITF1,13,Abruzzo,Abruzzo,1304970,899564,68.93,0.88
3785,2021-05-05,ABR,11645,5574,6071,6276,5209,160,ITF,ITF1,13,Abruzzo,Abruzzo,1304970,911209,69.83,0.89
3786,2021-03-09,ABR,5177,1805,3372,4148,938,91,ITF,ITF1,13,Abruzzo,Abruzzo,1304970,916386,70.22,0.4
3787,2021-08-13,ABR,7119,3830,3289,2014,5000,105,ITF,ITF1,13,Abruzzo,Abruzzo,1304970,923505,70.77,0.55
3788,2021-07-01,ABR,12762,6283,6479,5769,6768,225,ITF,ITF1,13,Abruzzo,Abruzzo,1304970,936267,71.75,0.98
3789,2021-06-17,ABR,10915,5458,5457,7300,3452,163,ITF,ITF1,13,Abruzzo,Abruzzo,1304970,947182,72.58,0.84
3790,2021-02-11,ABR,816,262,554,771,43,2,ITF,ITF1,13,Abruzzo,Abruzzo,1304970,947998,72.65,0.06
3791,2021-05-24,ABR,12223,5839,6384,8726,3341,156,ITF,ITF1,13,Abruzzo,Abruzzo,1304970,960221,73.58,0.94
3792,2021-02-18,ABR,2291,933,1358,2141,133,17,ITF,ITF1,13,Abruzzo,Abruzzo,1304970,962512,73.76,0.18
3793,2021-05-29,ABR,10319,4431,5888,4457,5772,90,ITF,ITF1,13,Abruzzo,Abruzzo,1304970,972831,74.55,0.79
3794,2021-02-16,ABR,1916,842,1074,1891,12,13,ITF,ITF1,13,Abruzzo,Abruzzo,1304970,974747,74.69,0.15
3795,2021-03-02,ABR,3967,1676,2291,3261,686,20,ITF,ITF1,13,Abruzzo,Abruzzo,1304970,978714,75.0,0.3
3796,2021-06-10,ABR,12710,6320,6390,10308,2163,239,ITF,ITF1,13,Abruzzo,Abruzzo,1304970,991424,75.97,0.97
3797,2021-01-16,ABR,937,430,507,929,0,8,ITF,ITF1,13,Abruzzo,Abruzzo,1304970,992361,76.04,0.07
3798,2021-03-07,ABR,2524,630,1894,2482,0,42,ITF,ITF1,13,Abruzzo,Abruzzo,1304970,994885,76.24,0.19
3799,2021-01-09,ABR,1612,692,920,1600,0,12,ITF,ITF1,13,Abruzzo,Abruzzo,1304970,996497,76.36,0.12
3800,2021-01-13,ABR,1304,483,821,1296,0,8,ITF,ITF1,13,Abruzzo,Abruzzo,1304970,997801,76.46,0.1
3801,2021-02-13,ABR,866,393,473,438,424,4,ITF,ITF1,13,Abruzzo,Abruzzo,1304970,998667,76.53,0.07
3802,2021-07-17,ABR,14100,7388,6712,2661,11263,176,ITF,ITF1,13,Abruzzo,Abruzzo,1304970,1012767,77.61,1.08
3803,2021-03-04,ABR,5942,2361,3581,4973,927,42,ITF,ITF1,13,Abruzzo,Abruzzo,1304970,1018709,78.06,0.46
3804,2021-04-09,ABR,8994,4262,4732,6245,2603,146,ITF,ITF1,13,Abruzzo,Abruzzo,1304970,1027703,78.75,0.69
3805,2021-07-18,ABR,12206,6311,5895,2004,10082,120,ITF,ITF1,13,Abruzzo,Abruzzo,1304970,1039909,79.69,0.94
3806,2021-04-02,ABR,6696,3104,3592,5112,1489,95,ITF,ITF1,13,Abruzzo,Abruzzo,1304970,1046605,80.2,0.51
3807,2021-02-04,ABR,1685,617,1068,601,1072,12,ITF,ITF1,13,Abruzzo,Abruzzo,1304970,1048290,80.33,0.13
3808,2021-07-20,ABR,12588,6386,6202,3226,9177,185,ITF,ITF1,13,Abruzzo,Abruzzo,1304970,1060878,81.3,0.96
3809,2021-08-24,ABR,6359,3409,2950,1878,4329,152,ITF,ITF1,13,Abruzzo,Abruzzo,1304970,1067237,81.78,0.49
3810,2021-03-28,ABR,2428,1018,1410,1994,384,50,ITF,ITF1,13,Abruzzo,Abruzzo,1304970,1069665,81.97,0.19
3811,2021-07-06,ABR,10464,5199,5265,4301,5988,175,ITF,ITF1,13,Abruzzo,Abruzzo,1304970,1080129,82.77,0.8
3812,2021-04-14,ABR,6598,2952,3646,4339,2123,136,ITF,ITF1,13,Abruzzo,Abruzzo,1304970,1086727,83.28,0.51
3813,2021-01-04,ABR,1513,685,828,1507,0,6,ITF,ITF1,13,Abruzzo,Abruzzo,1304970,1088240,83.39,0.12
3814,2021-01-23,ABR,265,116,149,51,208,6,ITF,ITF1,13,Abruzzo,Abruzzo,1304970,1088505,83.41,0.02
3815,2021-05-03,ABR,11153,5260,5893,7131,3837,185,ITF,ITF1,13,Abruzzo,Abruzzo,1304970,1099658,84.27,0.85
3816,2021-05-22,ABR,13161,6393,6768,8131,4917,113,ITF,ITF1,13,Abruzzo,Abruzzo,1304970,1112819,85.28,1.01
3817,2021-03-26,ABR,5362,2315,3047,3178,2079,105,ITF,ITF1,13,Abruzzo,Abruzzo,1304970,1118181,85.69,0.41
3818,2021-07-27,ABR,15139,7904,7235,3342,11622,175,ITF,ITF1,13,Abruzzo,Abruzzo,1304970,1133320,86.85,1.16
3819,2021-05-31,ABR,11339,5115,6224,6768,4444,127,ITF,ITF1,13,Abruzzo,Abruzzo,1304970,1144659,87.72,0.87
3820,2021-04-20,ABR,5637,2714,2923,4105,1456,76,ITF,ITF1,13,Abruzzo,Abruzzo,1304970,1150296,88.15,0.43
3821,2021-07-29,ABR,15178,7972,7206,3928,11040,210,ITF,ITF1,13,Abruzzo,Abruzzo,1304970,1165474,89.31,1.16
3822,2021-05-28,ABR,14025,6310,7715,7493,6364,168,ITF,ITF1,13,Abruzzo,Abruzzo,1304970,1179499,90.39,1.07
3823,2021-01-28,ABR,1433,495,938,11,1422,0,ITF,ITF1,13,Abruzzo,Abruzzo,1304970,1180932,90.49,0.11
3824,2021-01-11,ABR,1688,690,998,1684,0,4,ITF,ITF1,13,Abruzzo,Abruzzo,1304970,1182620,90.62,0.13
3825,2021-04-21,ABR,6390,3102,3288,4634,1672,84,ITF,ITF1,13,Abruzzo,Abruzzo,1304970,1189010,91.11,0.49
3826,2021-07-15,ABR,15946,8090,7856,3133,12637,176,ITF,ITF1,13,Abruzzo,Abruzzo,1304970,1204956,92.34,1.22
3827,2021-06-28,ABR,10055,4838,5217,5312,4574,169,ITF,ITF1,13,Abruzzo,Abruzzo,1304970,1215011,93.11,0.77
3828,2021-05-07,ABR,12211,5714,6497,7655,4423,133,ITF,ITF1,13,Abruzzo,Abruzzo,1304970,1227222,94.04,0.94
3829,2021-02-01,ABR,1633,574,1059,268,1364,1,ITF,ITF1,13,Abruzzo,Abruzzo,1304970,1228855,94.17,0.13
3830,2021-08-31,ABR,5471,2976,2495,1422,3951,98,ITF,ITF1,13,Abruzzo,Abruzzo,1304970,1234326,94.59,0.42
3831,2021-03-23,ABR,4837,2193,2644,2211,2567,59,ITF,ITF1,13,Abruzzo,Abruzzo,1304970,1239163,94.96,0.37
3832,2021-01-25,ABR,1605,633,972,13,1590,2,ITF,ITF1,13,Abruzzo,Abruzzo,1304970,1240768,95.08,0.12
3833,2021-04-04,ABR,1632,768,864,1458,129,45,ITF,ITF1,13,Abruzzo,Abruzzo,1304970,1242400,95.21,0.13
3834,2021-07-13,ABR,15525,7752,7773,2826,12522,177,ITF,ITF1,13,Abruzzo,Abruzzo,1304970,1257925,96.39,1.19
3835,2021-08-12,ABR,8768,4626,4142,3181,5407,180,ITF,ITF1,13,Abruzzo,Abruzzo,1304970,1266693,97.07,0.67
3836,2021-06-16,ABR,10895,5452,5443,7991,2688,216,ITF,ITF1,13,Abruzzo,Abruzzo,1304970,1277588,97.9,0.83
3837,2021-07-25,ABR,9865,5219,4646,2173,7569,123,ITF,ITF1,13,Abruzzo,Abruzzo,1304970,1287453,98.66,0.76
3838,2021-07-08,ABR,13493,6681,6812,3411,9917,165,ITF,ITF1,13,Abruzzo,Abruzzo,1304970,1300946,99.69,1.03
3839,2021-04-16,ABR,7544,3491,4053,5500,1916,128,ITF,ITF1,13,Abruzzo,Abruzzo,1304970,1308490,100.27,0.58
3840,2021-03-11,ABR,5491,2216,3275,4266,1139,86,ITF,ITF1,13,Abruzzo,Abruzzo,1304970,1313981,100.69,0.42
3841,2021-04-25,ABR,9072,4625,4447,8053,809,210,ITF,ITF1,13,Abruzzo,Abruzzo,1304970,1323053,101.39,0.7
3842,2021-08-05,ABR,13898,7160,6738,4714,8914,270,ITF,ITF1,13,Abruzzo,Abruzzo,1304970,1336951,102.45,1.07
3843,2021-03-25,ABR,5800,2665,3135,3065,2622,113,ITF,ITF1,13,Abruzzo,Abruzzo,1304970,1342751,102.9,0.44
3844,2021-08-29,ABR,1469,879,590,523,932,14,ITF,ITF1,13,Abruzzo,Abruzzo,1304970,1344220,103.01,0.11
3845,2021-01-27,ABR,1369,515,854,35,1334,0,ITF,ITF1,13,Abruzzo,Abruzzo,1304970,1345589,103.11,0.1
3846,2021-07-03,ABR,10194,5149,5045,3501,6545,148,ITF,ITF1,13,Abruzzo,Abruzzo,1304970,1355783,103.89,0.78
3847,2021-05-21,ABR,13020,6329,6691,7866,4978,176,ITF,ITF1,13,Abruzzo,Abruzzo,1304970,1368803,104.89,1.0
3848,2021-03-18,ABR,3900,1652,2248,2038,1835,27,ITF,ITF1,13,Abruzzo,Abruzzo,1304970,1372703,105.19,0.3
3849,2021-08-22,ABR,1833,948,885,538,1243,52,ITF,ITF1,13,Abruzzo,Abruzzo,1304970,1374536,105.33,0.14
3850,2021-06-26,ABR,10051,5018,5033,5690,4199,162,ITF,ITF1,13,Abruzzo,Abruzzo,1304970,1384587,106.1,0.77
3851,2021-04-06,ABR,7679,3580,4099,5229,2320,130,ITF,ITF1,13,Abruzzo,Abruzzo,1304970,1392266,106.69,0.59
3852,2021-08-03,ABR,12722,6574,6148,3648,8905,169,ITF,ITF1,13,Abruzzo,Abruzzo,1304970,1404988,107.66,0.97
3853,2021-08-17,ABR,6582,3467,3115,2825,3540,217,ITF,ITF1,13,Abruzzo,Abruzzo,1304970,1411570,108.17,0.5
3854,2021-06-02,ABR,9770,4747,5023,6836,2816,118,ITF,ITF1,13,Abruzzo,Abruzzo,1304970,1421340,108.92,0.75
3855,2021-03-13,ABR,4124,1420,2704,3011,1043,70,ITF,ITF1,13,Abruzzo,Abruzzo,1304970,1425464,109.23,0.32
3856,2021-06-21,ABR,11055,5388,5667,4939,5988,128,ITF,ITF1,13,Abruzzo,Abruzzo,1304970,1436519,110.08,0.85
3857,2021-02-27,ABR,2813,1339,1474,2512,267,34,ITF,ITF1,13,Abruzzo,Abruzzo,1304970,1439332,110.3,0.22
3858,2021-06-07,ABR,11103,5291,5812,9073,1844,186,ITF,ITF1,13,Abruzzo,Abruzzo,1304970,1450435,111.15,0.85
3859,2021-04-11,ABR,5381,2629,2752,4836,487,58,ITF,ITF1,13,Abruzzo,Abruzzo,1304970,1455816,111.56,0.41
3860,2021-06-09,ABR,11572,6091,5481,9706,1684,182,ITF,ITF1,13,Abruzzo,Abruzzo,1304970,1467388,112.45,0.89
3861,2021-01-08,ABR,1659,638,1021,1650,0,9,ITF,ITF1,13,Abruzzo,Abruzzo,1304970,1469047,112.57,0.13
3862,2021-04-18,ABR,5820,2730,3090,4728,944,148,ITF,ITF1,13,Abruzzo,Abruzzo,1304970,1474867,113.02,0.45
3863,2021-02-20,ABR,4778,1845,2933,4658,76,44,ITF,ITF1,13,Abruzzo,Abruzzo,1304970,1479645,113.39,0.37
3864,2021-05-09,ABR,9158,4090,5068,4174,4872,112,ITF,ITF1,13,Abruzzo,Abruzzo,1304970,1488803,114.09,0.7
3865,2021-02-15,ABR,1794,832,962,1735,42,17,ITF,ITF1,13,Abruzzo,Abruzzo,1304970,1490597,114.22,0.14
3866,2021-05-26,ABR,13550,6044,7506,8396,4994,160,ITF,ITF1,13,Abruzzo,Abruzzo,1304970,1504147,115.26,1.04
3867,2021-06-14,ABR,10978,5430,5548,7425,3379,174,ITF,ITF1,13,Abruzzo,Abruzzo,1304970,1515125,116.1,0.84
3868,2021-07-10,ABR,13121,6633,6488,3011,9945,165,ITF,ITF1,13,Abruzzo,Abruzzo,1304970,1528246,117.11,1.01
3869,2021-05-14,ABR,10595,5071,5524,5283,5151,161,ITF,ITF1,13,Abruzzo,Abruzzo,1304970,1538841,117.92,0.81
3870,2021-04-01,ABR,5628,2521,3107,3430,2120,78,ITF,ITF1,13,Abruzzo,Abruzzo,1304970,1544469,118.35,0.43
3871,2021-03-30,ABR,5128,2262,2866,3144,1823,161,ITF,ITF1,13,Abruzzo,Abruzzo,1304970,1549597,118.75,0.39
3872,2021-01-06,ABR,1990,819,1171,1980,0,10,ITF,ITF1,13,Abruzzo,Abruzzo,1304970,1551587,118.9,0.15
3873,2021-03-06,ABR,4182,1361,2821,3569,571,42,ITF,ITF1,13,Abruzzo,Abruzzo,1304970,1555769,119.22,0.32
3874,2021-06-22,ABR,10412,4878,5534,5386,4847,179,ITF,ITF1,13,Abruzzo,Abruzzo,1304970,1566181,120.02,0.8
3875,2021-03-29,ABR,5710,2600,3110,3020,2640,50,ITF,ITF1,13,Abruzzo,Abruzzo,1304970,1571891,120.45,0.44
3876,2021-06-03,ABR,13199,6286,6913,9245,3779,175,ITF,ITF1,13,Abruzzo,Abruzzo,1304970,1585090,121.47,1.01
3877,2021-03-12,ABR,6043,1993,4050,4349,1611,83,ITF,ITF1,13,Abruzzo,Abruzzo,1304970,1591133,121.93,0.46
3878,2021-06-20,ABR,8444,4237,4207,5410,2931,103,ITF,ITF1,13,Abruzzo,Abruzzo,1304970,1599577,122.58,0.65
3879,2021-03-14,ABR,1886,732,1154,1200,669,17,ITF,ITF1,13,Abruzzo,Abruzzo,1304970,1601463,122.72,0.14
3880,2021-02-25,ABR,3056,1344,1712,2507,530,19,ITF,ITF1,13,Abruzzo,Abruzzo,1304970,1604519,122.95,0.23
3881,2021-06-05,ABR,14618,6866,7752,10368,4050,200,ITF,ITF1,13,Abruzzo,Abruzzo,1304970,1619137,124.07,1.12
3882,2021-08-08,ABR,4451,2429,2022,1886,2475,90,ITF,ITF1,13,Abruzzo,Abruzzo,1304970,1623588,124.42,0.34
3883,2021-05-17,ABR,11037,5039,5998,6019,4856,162,ITF,ITF1,13,Abruzzo,Abruzzo,1304970,1634625,125.26,0.85
3884,2021-08-25,ABR,7121,3791,3330,2372,4582,167,ITF,ITF1,13,Abruzzo,Abruzzo,1304970,1641746,125.81,0.55
3885,2021-08-27,ABR,7949,4189,3760,2464,5325,160,ITF,ITF1,13,Abruzzo,Abruzzo,1304970,1649695,126.42,0.61
3886,2021-02-23,ABR,2780,1273,1507,2754,11,15,ITF,ITF1,13,Abruzzo,Abruzzo,1304970,1652475,126.63,0.21
3887,2021-02-06,ABR,1611,743,868,595,1009,7,ITF,ITF1,13,Abruzzo,Abruzzo,1304970,1654086,126.75,0.12
3888,2021-02-08,ABR,1196,396,800,486,710,0,ITF,ITF1,13,Abruzzo,Abruzzo,1304970,1655282,126.84,0.09
3889,2021-05-19,ABR,10731,5126,5605,7570,3037,124,ITF,ITF1,13,Abruzzo,Abruzzo,1304970,1666013,127.67,0.82
3890,2021-04-30,ABR,12511,5871,6640,6510,5728,273,ITF,ITF1,13,Abruzzo,Abruzzo,1304970,1678524,128.63,0.96
3891,2021-04-13,ABR,5895,2755,3140,4560,1238,97,ITF,ITF1,13,Abruzzo,Abruzzo,1304970,1684419,129.08,0.45
3892,2021-01-20,ABR,449,157,292,427,2,20,ITF,ITF1,13,Abruzzo,Abruzzo,1304970,1684868,129.11,0.03
3893,2021-07-05,ABR,10908,5348,5560,4043,6675,190,ITF,ITF1,13,Abruzzo,Abruzzo,1304970,1695776,129.95,0.84
3894,2021-07-22,ABR,14487,7413,7074,3517,10761,209,ITF,ITF1,13,Abruzzo,Abruzzo,1304970,1710263,131.06,1.11
3895,2021-07-24,ABR,12633,6842,5791,3812,8586,235,ITF,ITF1,13,Abruzzo,Abruzzo,1304970,1722896,132.03,0.97
3896,2021-05-02,ABR,10464,5115,5349,5086,5232,146,ITF,ITF1,13,Abruzzo,Abruzzo,1304970,1733360,132.83,0.8
3897,2021-08-10,ABR,9270,4962,4308,3399,5660,211,ITF,ITF1,13,Abruzzo,Abruzzo,1304970,1742630,133.54,0.71
3898,2021-05-24,CAM,31357,15153,16204,15852,15156,349,ITF,ITF3,15,Campania,Campania,5801692,31357,0.54,0.54
3899,2021-02-13,CAM,5507,2550,2957,5106,217,184,ITF,ITF3,15,Campania,Campania,5801692,36864,0.64,0.09
3900,2021-08-01,CAM,16066,8396,7670,7001,8831,234,ITF,ITF3,15,Campania,Campania,5801692,52930,0.91,0.28
3901,2021-04-23,CAM,32356,15534,16822,22450,9157,749,ITF,ITF3,15,Campania,Campania,5801692,85286,1.47,0.56
3902,2021-08-15,CAM,1118,637,481,216,895,7,ITF,ITF3,15,Campania,Campania,5801692,86404,1.49,0.02
3903,2021-06-24,CAM,66090,31841,34249,13422,52280,388,ITF,ITF3,15,Campania,Campania,5801692,152494,2.63,1.14
3904,2021-03-16,CAM,8088,3519,4569,3700,4316,72,ITF,ITF3,15,Campania,Campania,5801692,160582,2.77,0.14
3905,2021-08-20,CAM,17346,9297,8049,7445,9372,529,ITF,ITF3,15,Campania,Campania,5801692,177928,3.07,0.3
3906,2021-01-25,CAM,5750,2927,2823,167,5583,0,ITF,ITF3,15,Campania,Campania,5801692,183678,3.17,0.1
3907,2021-07-01,CAM,61523,29855,31668,19786,41017,720,ITF,ITF3,15,Campania,Campania,5801692,245201,4.23,1.06
3908,2021-03-23,CAM,15744,7445,8299,12866,2513,365,ITF,ITF3,15,Campania,Campania,5801692,260945,4.5,0.27
3909,2021-08-27,CAM,24398,13018,11380,7849,15878,671,ITF,ITF3,15,Campania,Campania,5801692,285343,4.92,0.42
3910,2021-06-07,CAM,57598,27727,29871,52750,4048,800,ITF,ITF3,15,Campania,Campania,5801692,342941,5.91,0.99
3911,2021-02-25,CAM,12431,4482,7949,10945,1195,291,ITF,ITF3,15,Campania,Campania,5801692,355372,6.13,0.21
3912,2021-04-09,CAM,29953,14085,15868,23183,6139,631,ITF,ITF3,15,Campania,Campania,5801692,385325,6.64,0.52
3913,2021-06-05,CAM,77649,37593,40056,70771,6039,839,ITF,ITF3,15,Campania,Campania,5801692,462974,7.98,1.34
3914,2021-01-30,CAM,10732,5083,5649,43,10687,2,ITF,ITF3,15,Campania,Campania,5801692,473706,8.16,0.18
3915,2021-07-03,CAM,67286,32498,34788,8169,58711,406,ITF,ITF3,15,Campania,Campania,5801692,540992,9.32,1.16
3916,2021-08-29,CAM,10195,5532,4663,3649,6277,269,ITF,ITF3,15,Campania,Campania,5801692,551187,9.5,0.18
3917,2021-01-16,CAM,3372,1677,1695,3261,0,111,ITF,ITF3,15,Campania,Campania,5801692,554559,9.56,0.06
3918,2021-03-28,CAM,15567,7511,8056,13585,1625,357,ITF,ITF3,15,Campania,Campania,5801692,570126,9.83,0.27
3919,2021-01-04,CAM,5826,2962,2864,5726,0,100,ITF,ITF3,15,Campania,Campania,5801692,575952,9.93,0.1
3920,2021-06-19,CAM,62407,29712,32695,24195,37768,444,ITF,ITF3,15,Campania,Campania,5801692,638359,11.0,1.08
3921,2021-08-03,CAM,32001,16217,15784,14577,16651,773,ITF,ITF3,15,Campania,Campania,5801692,670360,11.55,0.55
3922,2021-02-11,CAM,6284,2707,3577,5921,67,296,ITF,ITF3,15,Campania,Campania,5801692,676644,11.66,0.11
3923,2021-07-27,CAM,49098,24385,24713,12715,35718,665,ITF,ITF3,15,Campania,Campania,5801692,725742,12.51,0.85
3924,2021-03-02,CAM,12763,4560,8203,8195,4345,223,ITF,ITF3,15,Campania,Campania,5801692,738505,12.73,0.22
3925,2021-07-15,CAM,66733,32055,34678,9287,57078,368,ITF,ITF3,15,Campania,Campania,5801692,805238,13.88,1.15
3926,2021-01-11,CAM,4075,1874,2201,3966,0,109,ITF,ITF3,15,Campania,Campania,5801692,809313,13.95,0.07
3927,2021-04-11,CAM,17528,8609,8919,15041,2087,400,ITF,ITF3,15,Campania,Campania,5801692,826841,14.25,0.3
3928,2021-04-28,CAM,36423,17631,18792,25854,9760,809,ITF,ITF3,15,Campania,Campania,5801692,863264,14.88,0.63
3929,2021-01-18,CAM,959,399,560,683,244,32,ITF,ITF3,15,Campania,Campania,5801692,864223,14.9,0.02
3930,2021-07-20,CAM,40122,19800,20322,6320,33331,471,ITF,ITF3,15,Campania,Campania,5801692,904345,15.59,0.69
3931,2021-06-26,CAM,62948,30693,32255,14632,47859,457,ITF,ITF3,15,Campania,Campania,5801692,967293,16.67,1.08
3932,2021-07-13,CAM,53689,25793,27896,4885,48500,304,ITF,ITF3,15,Campania,Campania,5801692,1020982,17.6,0.93
3933,2021-04-04,CAM,7966,4017,3949,6687,1047,232,ITF,ITF3,15,Campania,Campania,5801692,1028948,17.74,0.14
3934,2021-06-12,CAM,64002,31546,32456,55813,7216,973,ITF,ITF3,15,Campania,Campania,5801692,1092950,18.84,1.1
3935,2021-03-04,CAM,14708,5396,9312,8533,5896,279,ITF,ITF3,15,Campania,Campania,5801692,1107658,19.09,0.25
3936,2021-05-19,CAM,51300,22655,28645,33812,16751,737,ITF,ITF3,15,Campania,Campania,5801692,1158958,19.98,0.88
3937,2021-05-05,CAM,51189,24867,26322,43215,6396,1578,ITF,ITF3,15,Campania,Campania,5801692,1210147,20.86,0.88
3938,2021-05-12,CAM,40922,19969,20953,30586,9171,1165,ITF,ITF3,15,Campania,Campania,5801692,1251069,21.56,0.71
3939,2021-06-14,CAM,37130,17921,19209,18758,18021,351,ITF,ITF3,15,Campania,Campania,5801692,1288199,22.2,0.64
3940,2021-08-10,CAM,21640,11193,10447,13679,6948,1013,ITF,ITF3,15,Campania,Campania,5801692,1309839,22.58,0.37
3941,2021-08-22,CAM,6762,3834,2928,2493,4125,144,ITF,ITF3,15,Campania,Campania,5801692,1316601,22.69,0.12
3942,2021-01-23,CAM,3843,2032,1811,267,3570,6,ITF,ITF3,15,Campania,Campania,5801692,1320444,22.76,0.07
3943,2021-03-21,CAM,10074,4676,5398,7493,2391,190,ITF,ITF3,15,Campania,Campania,5801692,1330518,22.93,0.17
3944,2021-02-10,CAM,6912,3417,3495,6485,178,249,ITF,ITF3,15,Campania,Campania,5801692,1337430,23.05,0.12
3945,2021-07-17,CAM,55268,27560,27708,3497,51546,225,ITF,ITF3,15,Campania,Campania,5801692,1392698,24.01,0.95
3946,2021-04-08,CAM,28499,13823,14676,22040,5847,612,ITF,ITF3,15,Campania,Campania,5801692,1421197,24.5,0.49
3947,2021-06-04,CAM,74568,35834,38734,64666,9133,769,ITF,ITF3,15,Campania,Campania,5801692,1495765,25.78,1.29
3948,2021-03-09,CAM,14139,6874,7265,9911,3798,430,ITF,ITF3,15,Campania,Campania,5801692,1509904,26.03,0.24
3949,2021-05-31,CAM,40797,20696,20101,29845,10381,571,ITF,ITF3,15,Campania,Campania,5801692,1550701,26.73,0.7
3950,2021-08-26,CAM,24517,12746,11771,8186,15527,804,ITF,ITF3,15,Campania,Campania,5801692,1575218,27.15,0.42
3951,2021-04-16,CAM,34447,16637,17810,23081,10668,698,ITF,ITF3,15,Campania,Campania,5801692,1609665,27.74,0.59
3952,2021-01-06,CAM,7650,3750,3900,7506,0,144,ITF,ITF3,15,Campania,Campania,5801692,1617315,27.88,0.13
3953,2021-02-18,CAM,9092,3819,5273,8154,708,230,ITF,ITF3,15,Campania,Campania,5801692,1626407,28.03,0.16
3954,2021-04-25,CAM,30748,15180,15568,24559,5408,781,ITF,ITF3,15,Campania,Campania,5801692,1657155,28.56,0.53
3955,2021-05-26,CAM,52734,25873,26861,21110,31153,471,ITF,ITF3,15,Campania,Campania,5801692,1709889,29.47,0.91
3956,2021-05-17,CAM,49503,21755,27748,23655,25390,458,ITF,ITF3,15,Campania,Campania,5801692,1759392,30.33,0.85
3957,2021-02-06,CAM,5341,2666,2675,2004,3239,98,ITF,ITF3,15,Campania,Campania,5801692,1764733,30.42,0.09
3958,2021-07-22,CAM,61823,30525,31298,6535,54761,527,ITF,ITF3,15,Campania,Campania,5801692,1826556,31.48,1.07
3959,2021-08-08,CAM,7571,4039,3532,4648,2665,258,ITF,ITF3,15,Campania,Campania,5801692,1834127,31.61,0.13
3960,2021-04-30,CAM,42329,20197,22132,24974,16508,847,ITF,ITF3,15,Campania,Campania,5801692,1876456,32.34,0.73
3961,2021-02-04,CAM,7943,3429,4514,1249,6635,59,ITF,ITF3,15,Campania,Campania,5801692,1884399,32.48,0.14
3962,2021-01-01,CAM,919,506,413,899,0,20,ITF,ITF3,15,Campania,Campania,5801692,1885318,32.5,0.02
3963,2021-07-31,CAM,30719,16211,14508,10573,19596,550,ITF,ITF3,15,Campania,Campania,5801692,1916037,33.03,0.53
3964,2021-05-07,CAM,59789,29213,30576,42507,15966,1316,ITF,ITF3,15,Campania,Campania,5801692,1975826,34.06,1.03
3965,2021-01-27,CAM,7739,3820,3919,156,7578,5,ITF,ITF3,15,Campania,Campania,5801692,1983565,34.19,0.13
3966,2021-07-08,CAM,61120,29417,31703,5638,55147,335,ITF,ITF3,15,Campania,Campania,5801692,2044685,35.24,1.05
3967,2021-02-08,CAM,5121,2454,2667,4166,808,147,ITF,ITF3,15,Campania,Campania,5801692,2049806,35.33,0.09
3968,2021-02-01,CAM,3987,1813,2174,103,3876,8,ITF,ITF3,15,Campania,Campania,5801692,2053793,35.4,0.07
3969,2021-03-30,CAM,22056,10580,11476,18572,2957,527,ITF,ITF3,15,Campania,Campania,5801692,2075849,35.78,0.38
3970,2021-02-27,CAM,13955,4472,9483,11971,1650,334,ITF,ITF3,15,Campania,Campania,5801692,2089804,36.02,0.24
3971,2021-06-16,CAM,31651,15010,16641,20536,10774,341,ITF,ITF3,15,Campania,Campania,5801692,2121455,36.57,0.55
3972,2021-08-12,CAM,18919,9994,8925,12422,5710,787,ITF,ITF3,15,Campania,Campania,5801692,2140374,36.89,0.33
3973,2021-05-02,CAM,43477,21538,21939,31205,11361,911,ITF,ITF3,15,Campania,Campania,5801692,2183851,37.64,0.75
3974,2021-01-22,CAM,1525,776,749,659,852,14,ITF,ITF3,15,Campania,Campania,5801692,2185376,37.67,0.03
3975,2021-05-21,CAM,63867,29648,34219,42153,20699,1015,ITF,ITF3,15,Campania,Campania,5801692,2249243,38.77,1.1
3976,2021-04-01,CAM,24683,12013,12670,20048,4134,501,ITF,ITF3,15,Campania,Campania,5801692,2273926,39.19,0.43
3977,2021-05-28,CAM,73071,35324,37747,26266,46181,624,ITF,ITF3,15,Campania,Campania,5801692,2346997,40.45,1.26
3978,2021-04-06,CAM,24520,11564,12956,19478,4525,517,ITF,ITF3,15,Campania,Campania,5801692,2371517,40.88,0.42
3979,2021-07-12,CAM,56695,27373,29322,3738,52603,354,ITF,ITF3,15,Campania,Campania,5801692,2428212,41.85,0.98
3980,2020-12-27,CAM,720,422,298,716,0,4,ITF,ITF3,15,Campania,Campania,5801692,2428932,41.87,0.01
3981,2021-07-29,CAM,48552,24375,24177,13619,34138,795,ITF,ITF3,15,Campania,Campania,5801692,2477484,42.7,0.84
3982,2021-04-20,CAM,32148,15542,16606,20236,11316,596,ITF,ITF3,15,Campania,Campania,5801692,2509632,43.26,0.55
3983,2021-06-28,CAM,46531,22741,23790,20531,25408,592,ITF,ITF3,15,Campania,Campania,5801692,2556163,44.06,0.8
3984,2021-03-20,CAM,13989,6530,7459,9985,3739,265,ITF,ITF3,15,Campania,Campania,5801692,2570152,44.3,0.24
3985,2021-01-13,CAM,8021,3667,4354,7776,0,245,ITF,ITF3,15,Campania,Campania,5801692,2578173,44.44,0.14
3986,2021-04-18,CAM,27221,13286,13935,17787,8903,531,ITF,ITF3,15,Campania,Campania,5801692,2605394,44.91,0.47
3987,2021-03-18,CAM,12178,5383,6795,5792,6191,195,ITF,ITF3,15,Campania,Campania,5801692,2617572,45.12,0.21
3988,2021-03-25,CAM,20326,9656,10670,16339,3505,482,ITF,ITF3,15,Campania,Campania,5801692,2637898,45.47,0.35
3989,2021-07-24,CAM,47993,24871,23122,6732,40887,374,ITF,ITF3,15,Campania,Campania,5801692,2685891,46.29,0.83
3990,2021-07-14,CAM,51114,24580,26534,4300,46499,315,ITF,ITF3,15,Campania,Campania,5801692,2737005,47.18,0.88
3991,2021-04-05,CAM,11640,5542,6098,8912,2424,304,ITF,ITF3,15,Campania,Campania,5801692,2748645,47.38,0.2
3992,2021-03-17,CAM,11597,5103,6494,4850,6589,158,ITF,ITF3,15,Campania,Campania,5801692,2760242,47.58,0.2
3993,2021-06-11,CAM,70821,34408,36413,63766,6050,1005,ITF,ITF3,15,Campania,Campania,5801692,2831063,48.8,1.22
3994,2021-03-03,CAM,13923,5495,8428,7082,6631,210,ITF,ITF3,15,Campania,Campania,5801692,2844986,49.04,0.24
3995,2021-06-25,CAM,65518,31805,33713,13740,51346,432,ITF,ITF3,15,Campania,Campania,5801692,2910504,50.17,1.13
3996,2021-04-17,CAM,36201,17517,18684,23957,11517,727,ITF,ITF3,15,Campania,Campania,5801692,2946705,50.79,0.62
3997,2021-06-13,CAM,43430,21245,22185,37999,4731,700,ITF,ITF3,15,Campania,Campania,5801692,2990135,51.54,0.75
3998,2021-05-30,CAM,52167,25452,26715,37958,13325,884,ITF,ITF3,15,Campania,Campania,5801692,3042302,52.44,0.9
3999,2021-02-19,CAM,9575,3561,6014,8692,650,233,ITF,ITF3,15,Campania,Campania,5801692,3051877,52.6,0.17
4000,2021-07-26,CAM,48881,24339,24542,10415,37936,530,ITF,ITF3,15,Campania,Campania,5801692,3100758,53.45,0.84
4001,2021-03-06,CAM,16374,6817,9557,10379,5670,325,ITF,ITF3,15,Campania,Campania,5801692,3117132,53.73,0.28
4002,2021-08-19,CAM,21966,11620,10346,9589,11726,651,ITF,ITF3,15,Campania,Campania,5801692,3139098,54.11,0.38
4003,2021-03-08,CAM,14693,6850,7843,9455,4781,457,ITF,ITF3,15,Campania,Campania,5801692,3153791,54.36,0.25
4004,2021-08-31,CAM,21340,10683,10657,8021,12565,754,ITF,ITF3,15,Campania,Campania,5801692,3175131,54.73,0.37
4005,2021-02-15,CAM,5472,2516,2956,5151,175,146,ITF,ITF3,15,Campania,Campania,5801692,3180603,54.82,0.09
4006,2021-06-09,CAM,53063,26053,27010,41597,10915,551,ITF,ITF3,15,Campania,Campania,5801692,3233666,55.74,0.91
4007,2021-03-01,CAM,12133,4248,7885,7751,4113,269,ITF,ITF3,15,Campania,Campania,5801692,3245799,55.95,0.21
4008,2021-08-17,CAM,22274,12040,10234,7304,14433,537,ITF,ITF3,15,Campania,Campania,5801692,3268073,56.33,0.38
4009,2021-05-09,CAM,43213,20293,22920,30899,11106,1208,ITF,ITF3,15,Campania,Campania,5801692,3311286,57.07,0.74
4010,2021-01-10,CAM,8166,3737,4429,7964,0,202,ITF,ITF3,15,Campania,Campania,5801692,3319452,57.22,0.14
4011,2021-05-14,CAM,61048,27584,33464,34806,24736,1506,ITF,ITF3,15,Campania,Campania,5801692,3380500,58.27,1.05
4012,2021-07-10,CAM,66913,32668,34245,2729,63962,222,ITF,ITF3,15,Campania,Campania,5801692,3447413,59.42,1.15
4013,2021-02-24,CAM,11786,4152,7634,10825,688,273,ITF,ITF3,15,Campania,Campania,5801692,3459199,59.62,0.2
4014,2021-01-20,CAM,1259,650,609,1228,0,31,ITF,ITF3,15,Campania,Campania,5801692,3460458,59.65,0.02
4015,2021-04-13,CAM,26613,12688,13925,20545,5536,532,ITF,ITF3,15,Campania,Campania,5801692,3487071,60.1,0.46
4016,2021-01-03,CAM,3836,2009,1827,3787,0,49,ITF,ITF3,15,Campania,Campania,5801692,3490907,60.17,0.07
4017,2021-07-05,CAM,63306,30517,32789,12713,49880,713,ITF,ITF3,15,Campania,Campania,5801692,3554213,61.26,1.09
4018,2021-01-08,CAM,10453,4967,5486,10192,0,261,ITF,ITF3,15,Campania,Campania,5801692,3564666,61.44,0.18
4019,2021-04-27,CAM,32169,15632,16537,23442,7930,797,ITF,ITF3,15,Campania,Campania,5801692,3596835,62.0,0.55
4020,2021-06-23,CAM,46769,22091,24678,10712,35799,258,ITF,ITF3,15,Campania,Campania,5801692,3643604,62.8,0.81
4021,2021-08-05,CAM,35240,18075,17165,17374,16836,1030,ITF,ITF3,15,Campania,Campania,5801692,3678844,63.41,0.61
4022,2021-01-15,CAM,4978,2380,2598,4820,0,158,ITF,ITF3,15,Campania,Campania,5801692,3683822,63.5,0.09
4023,2021-06-21,CAM,46880,22646,24234,11295,35248,337,ITF,ITF3,15,Campania,Campania,5801692,3730702,64.3,0.81
4024,2021-03-13,CAM,14525,7043,7482,8958,5283,284,ITF,ITF3,15,Campania,Campania,5801692,3745227,64.55,0.25
4025,2021-03-22,CAM,13184,6347,6837,10830,2043,311,ITF,ITF3,15,Campania,Campania,5801692,3758411,64.78,0.23
4026,2021-02-07,CAM,2930,1383,1547,2067,771,92,ITF,ITF3,15,Campania,Campania,5801692,3761341,64.83,0.05
4027,2021-05-25,CAM,46551,22407,24144,22541,23455,555,ITF,ITF3,15,Campania,Campania,5801692,3807892,65.63,0.8
4028,2021-04-22,CAM,34118,16636,17482,20912,12544,662,ITF,ITF3,15,Campania,Campania,5801692,3842010,66.22,0.59
4029,2021-01-12,CAM,5214,2564,2650,5075,0,139,ITF,ITF3,15,Campania,Campania,5801692,3847224,66.31,0.09
4030,2021-08-14,CAM,4917,2804,2113,2052,2705,160,ITF,ITF3,15,Campania,Campania,5801692,3852141,66.4,0.08
4031,2020-12-31,CAM,1490,811,679,1470,0,20,ITF,ITF3,15,Campania,Campania,5801692,3853631,66.42,0.03
4032,2021-06-06,CAM,63233,31449,31784,61801,649,783,ITF,ITF3,15,Campania,Campania,5801692,3916864,67.51,1.09
4033,2021-02-26,CAM,13344,4230,9114,11701,1342,301,ITF,ITF3,15,Campania,Campania,5801692,3930208,67.74,0.23
4034,2021-08-02,CAM,41759,21219,20540,13205,27997,557,ITF,ITF3,15,Campania,Campania,5801692,3971967,68.46,0.72
4035,2021-04-24,CAM,36381,17535,18846,24333,11249,799,ITF,ITF3,15,Campania,Campania,5801692,4008348,69.09,0.63
4036,2021-07-19,CAM,43992,21541,22451,5183,38372,437,ITF,ITF3,15,Campania,Campania,5801692,4052340,69.85,0.76
4037,2021-04-10,CAM,28361,13495,14866,22784,4917,660,ITF,ITF3,15,Campania,Campania,5801692,4080701,70.34,0.49
4038,2021-05-04,CAM,48478,23342,25136,38266,8906,1306,ITF,ITF3,15,Campania,Campania,5801692,4129179,71.17,0.84
4039,2021-01-24,CAM,4122,2119,2003,360,3745,17,ITF,ITF3,15,Campania,Campania,5801692,4133301,71.24,0.07
4040,2021-08-21,CAM,9883,5415,4468,4066,5442,375,ITF,ITF3,15,Campania,Campania,5801692,4143184,71.41,0.17
4041,2021-05-13,CAM,55457,24834,30623,37844,16023,1590,ITF,ITF3,15,Campania,Campania,5801692,4198641,72.37,0.96
4042,2021-07-09,CAM,61491,29768,31723,4338,56826,327,ITF,ITF3,15,Campania,Campania,5801692,4260132,73.43,1.06
4043,2021-01-31,CAM,8070,3712,4358,22,8047,1,ITF,ITF3,15,Campania,Campania,5801692,4268202,73.57,0.14
4044,2021-04-03,CAM,21119,10316,10803,18250,2383,486,ITF,ITF3,15,Campania,Campania,5801692,4289321,73.93,0.36
4045,2021-08-16,CAM,12464,6693,5771,6229,5721,514,ITF,ITF3,15,Campania,Campania,5801692,4301785,74.15,0.21
4046,2021-01-05,CAM,7237,3637,3600,7072,0,165,ITF,ITF3,15,Campania,Campania,5801692,4309022,74.27,0.12
4047,2021-02-17,CAM,7408,3221,4187,6214,1064,130,ITF,ITF3,15,Campania,Campania,5801692,4316430,74.4,0.13
4048,2021-04-15,CAM,34348,16665,17683,23782,9905,661,ITF,ITF3,15,Campania,Campania,5801692,4350778,74.99,0.59
4049,2021-05-06,CAM,57619,28138,29481,41229,14775,1615,ITF,ITF3,15,Campania,Campania,5801692,4408397,75.98,0.99
4050,2021-08-18,CAM,19581,10339,9242,7751,11279,551,ITF,ITF3,15,Campania,Campania,5801692,4427978,76.32,0.34
4051,2021-02-28,CAM,10416,3208,7208,8289,1900,227,ITF,ITF3,15,Campania,Campania,5801692,4438394,76.5,0.18
4052,2021-02-14,CAM,3929,1923,2006,3842,34,53,ITF,ITF3,15,Campania,Campania,5801692,4442323,76.57,0.07
4053,2021-06-30,CAM,47665,22773,24892,18347,28648,670,ITF,ITF3,15,Campania,Campania,5801692,4489988,77.39,0.82
4054,2021-01-07,CAM,8909,4167,4742,8735,0,174,ITF,ITF3,15,Campania,Campania,5801692,4498897,77.54,0.15
4055,2021-03-05,CAM,16821,6668,10153,9839,6669,313,ITF,ITF3,15,Campania,Campania,5801692,4515718,77.83,0.29
4056,2021-07-07,CAM,52308,24822,27486,7226,44640,442,ITF,ITF3,15,Campania,Campania,5801692,4568026,78.74,0.9
4057,2021-03-29,CAM,19407,9577,9830,17444,1550,413,ITF,ITF3,15,Campania,Campania,5801692,4587433,79.07,0.33
4058,2021-05-11,CAM,39889,19251,20638,29541,9407,941,ITF,ITF3,15,Campania,Campania,5801692,4627322,79.76,0.69
4059,2021-07-11,CAM,40867,19669,21198,1005,39774,88,ITF,ITF3,15,Campania,Campania,5801692,4668189,80.46,0.7
4060,2021-01-26,CAM,7343,3728,3615,331,6991,21,ITF,ITF3,15,Campania,Campania,5801692,4675532,80.59,0.13
4061,2021-04-19,CAM,30773,14828,15945,18664,11577,532,ITF,ITF3,15,Campania,Campania,5801692,4706305,81.12,0.53
4062,2021-01-09,CAM,10565,5022,5543,10303,0,262,ITF,ITF3,15,Campania,Campania,5801692,4716870,81.3,0.18
4063,2021-05-23,CAM,58764,28648,30116,37213,20905,646,ITF,ITF3,15,Campania,Campania,5801692,4775634,82.31,1.01
4064,2021-02-12,CAM,6533,2861,3672,6087,188,258,ITF,ITF3,15,Campania,Campania,5801692,4782167,82.43,0.11
4065,2021-01-29,CAM,10062,4814,5248,49,10009,4,ITF,ITF3,15,Campania,Campania,5801692,4792229,82.6,0.17
4066,2021-06-27,CAM,43559,21452,22107,14072,29072,415,ITF,ITF3,15,Campania,Campania,5801692,4835788,83.35,0.75
4067,2021-03-19,CAM,11150,4976,6174,7083,3875,192,ITF,ITF3,15,Campania,Campania,5801692,4846938,83.54,0.19
4068,2021-07-28,CAM,49491,24590,24901,13940,34776,775,ITF,ITF3,15,Campania,Campania,5801692,4896429,84.4,0.85
4069,2021-08-13,CAM,16865,9152,7713,9733,6600,532,ITF,ITF3,15,Campania,Campania,5801692,4913294,84.69,0.29
4070,2021-01-14,CAM,7074,2977,4097,6809,0,265,ITF,ITF3,15,Campania,Campania,5801692,4920368,84.81,0.12
4071,2021-01-17,CAM,1155,551,604,682,453,20,ITF,ITF3,15,Campania,Campania,5801692,4921523,84.83,0.02
4072,2021-03-15,CAM,13347,6494,6853,8313,4747,287,ITF,ITF3,15,Campania,Campania,5801692,4934870,85.06,0.23
4073,2021-07-02,CAM,55883,27004,28879,14405,40951,527,ITF,ITF3,15,Campania,Campania,5801692,4990753,86.02,0.96
4074,2021-08-28,CAM,17692,9607,8085,5356,11842,494,ITF,ITF3,15,Campania,Campania,5801692,5008445,86.33,0.3
4075,2021-06-20,CAM,47611,22747,24864,14294,32992,325,ITF,ITF3,15,Campania,Campania,5801692,5056056,87.15,0.82
4076,2021-03-27,CAM,21518,10243,11275,17226,3868,424,ITF,ITF3,15,Campania,Campania,5801692,5077574,87.52,0.37
4077,2021-06-01,CAM,42280,20970,21310,31484,10542,254,ITF,ITF3,15,Campania,Campania,5801692,5119854,88.25,0.73
4078,2021-06-18,CAM,65899,31406,34493,35010,30305,584,ITF,ITF3,15,Campania,Campania,5801692,5185753,89.38,1.14
4079,2021-03-10,CAM,15634,7734,7900,8431,6852,351,ITF,ITF3,15,Campania,Campania,5801692,5201387,89.65,0.27
4080,2021-08-06,CAM,31219,16254,14965,17559,12637,1023,ITF,ITF3,15,Campania,Campania,5801692,5232606,90.19,0.54
4081,2021-08-23,CAM,23712,12357,11355,9541,13336,835,ITF,ITF3,15,Campania,Campania,5801692,5256318,90.6,0.41
4082,2021-05-15,CAM,62817,29082,33735,42112,18870,1835,ITF,ITF3,15,Campania,Campania,5801692,5319135,91.68,1.08
4083,2021-02-02,CAM,5724,2806,2918,413,5280,31,ITF,ITF3,15,Campania,Campania,5801692,5324859,91.78,0.1
4084,2021-03-31,CAM,23199,11376,11823,19327,3440,432,ITF,ITF3,15,Campania,Campania,5801692,5348058,92.18,0.4
4085,2021-07-18,CAM,31341,15762,15579,3828,27166,347,ITF,ITF3,15,Campania,Campania,5801692,5379399,92.72,0.54
4086,2021-04-07,CAM,24974,11988,12986,19675,4725,574,ITF,ITF3,15,Campania,Campania,5801692,5404373,93.15,0.43
4087,2021-06-22,CAM,52455,25014,27441,13170,39005,280,ITF,ITF3,15,Campania,Campania,5801692,5456828,94.06,0.9
4088,2021-03-14,CAM,8619,3828,4791,4362,4142,115,ITF,ITF3,15,Campania,Campania,5801692,5465447,94.2,0.15
4089,2021-05-10,CAM,35480,16393,19087,24891,9932,657,ITF,ITF3,15,Campania,Campania,5801692,5500927,94.82,0.61
4090,2021-06-08,CAM,53115,25877,27238,45383,7076,656,ITF,ITF3,15,Campania,Campania,5801692,5554042,95.73,0.92
4091,2021-08-04,CAM,29839,15302,14537,15956,13086,797,ITF,ITF3,15,Campania,Campania,5801692,5583881,96.25,0.51
4092,2021-04-26,CAM,34052,16651,17401,27542,5623,887,ITF,ITF3,15,Campania,Campania,5801692,5617933,96.83,0.59
4093,2021-06-10,CAM,75988,36703,39285,67870,7086,1032,ITF,ITF3,15,Campania,Campania,5801692,5693921,98.14,1.31
4094,2021-05-08,CAM,56451,27150,29301,39064,15845,1542,ITF,ITF3,15,Campania,Campania,5801692,5750372,99.12,0.97
4095,2021-01-28,CAM,8841,4127,4714,132,8701,8,ITF,ITF3,15,Campania,Campania,5801692,5759213,99.27,0.15
4096,2021-03-12,CAM,14581,7413,7168,8154,6087,340,ITF,ITF3,15,Campania,Campania,5801692,5773794,99.52,0.25
4097,2021-05-27,CAM,73027,35382,37645,25809,46652,566,ITF,ITF3,15,Campania,Campania,5801692,5846821,100.78,1.26
4098,2021-02-16,CAM,5455,2418,3037,4508,771,176,ITF,ITF3,15,Campania,Campania,5801692,5852276,100.87,0.09
4099,2021-05-22,CAM,68131,32557,35574,45614,21658,859,ITF,ITF3,15,Campania,Campania,5801692,5920407,102.05,1.17
4100,2021-08-30,CAM,29065,14999,14066,9753,18513,799,ITF,ITF3,15,Campania,Campania,5801692,5949472,102.55,0.5
4101,2021-07-16,CAM,61051,29863,31188,6716,53906,429,ITF,ITF3,15,Campania,Campania,5801692,6010523,103.6,1.05
4102,2021-04-02,CAM,21868,10526,11342,19065,2324,479,ITF,ITF3,15,Campania,Campania,5801692,6032391,103.98,0.38
4103,2021-07-30,CAM,44740,22767,21973,14399,29500,841,ITF,ITF3,15,Campania,Campania,5801692,6077131,104.75,0.77
4104,2021-04-21,CAM,30338,14766,15572,17545,12231,562,ITF,ITF3,15,Campania,Campania,5801692,6107469,105.27,0.52
4105,2021-03-07,CAM,11973,5405,6568,7778,3844,351,ITF,ITF3,15,Campania,Campania,5801692,6119442,105.48,0.21
4106,2021-08-11,CAM,21050,11094,9956,12108,8143,799,ITF,ITF3,15,Campania,Campania,5801692,6140492,105.84,0.36
4107,2021-05-03,CAM,40754,19891,20863,27867,11864,1023,ITF,ITF3,15,Campania,Campania,5801692,6181246,106.54,0.7
4108,2021-06-29,CAM,49341,23996,25345,19718,29119,504,ITF,ITF3,15,Campania,Campania,5801692,6230587,107.39,0.85
4109,2021-06-15,CAM,18684,9093,9591,10999,7419,266,ITF,ITF3,15,Campania,Campania,5801692,6249271,107.71,0.32
4110,2021-06-03,CAM,72646,35234,37412,61044,10680,922,ITF,ITF3,15,Campania,Campania,5801692,6321917,108.97,1.25
4111,2021-02-23,CAM,11009,3394,7615,10165,534,310,ITF,ITF3,15,Campania,Campania,5801692,6332926,109.16,0.19
4112,2021-08-25,CAM,22845,12031,10814,8739,13408,698,ITF,ITF3,15,Campania,Campania,5801692,6355771,109.55,0.39
4113,2021-02-21,CAM,5837,2241,3596,5490,225,122,ITF,ITF3,15,Campania,Campania,5801692,6361608,109.65,0.1
4114,2021-03-24,CAM,17923,8370,9553,14585,2958,380,ITF,ITF3,15,Campania,Campania,5801692,6379531,109.96,0.31
4115,2021-05-20,CAM,61004,28241,32763,42240,17792,972,ITF,ITF3,15,Campania,Campania,5801692,6440535,111.01,1.05
4116,2021-02-09,CAM,4643,2202,2441,4231,252,160,ITF,ITF3,15,Campania,Campania,5801692,6445178,111.09,0.08
4117,2021-05-29,CAM,67882,32284,35598,43071,23962,849,ITF,ITF3,15,Campania,Campania,5801692,6513060,112.26,1.17
4118,2021-07-25,CAM,23175,11756,11419,4289,18738,148,ITF,ITF3,15,Campania,Campania,5801692,6536235,112.66,0.4
4119,2021-06-02,CAM,42937,20182,22755,37727,4728,482,ITF,ITF3,15,Campania,Campania,5801692,6579172,113.4,0.74
4120,2021-02-22,CAM,10689,3296,7393,10161,268,260,ITF,ITF3,15,Campania,Campania,5801692,6589861,113.59,0.18
4121,2021-03-11,CAM,18014,9066,8948,10286,7292,436,ITF,ITF3,15,Campania,Campania,5801692,6607875,113.9,0.31
4122,2021-08-24,CAM,22670,11760,10910,8759,13182,729,ITF,ITF3,15,Campania,Campania,5801692,6630545,114.29,0.39
4123,2021-05-16,CAM,51157,23229,27928,32857,17582,718,ITF,ITF3,15,Campania,Campania,5801692,6681702,115.17,0.88
4124,2021-02-20,CAM,8573,3080,5493,8094,303,176,ITF,ITF3,15,Campania,Campania,5801692,6690275,115.32,0.15
4125,2021-02-03,CAM,8904,4003,4901,843,8025,36,ITF,ITF3,15,Campania,Campania,5801692,6699179,115.47,0.15
4126,2021-05-18,CAM,52231,23248,28983,31856,19711,664,ITF,ITF3,15,Campania,Campania,5801692,6751410,116.37,0.9
4127,2021-08-09,CAM,25086,13085,12001,13732,10464,890,ITF,ITF3,15,Campania,Campania,5801692,6776496,116.8,0.43
4128,2021-02-05,CAM,7267,3464,3803,2024,5128,115,ITF,ITF3,15,Campania,Campania,5801692,6783763,116.93,0.13
4129,2021-08-07,CAM,17213,9198,8015,11229,5284,700,ITF,ITF3,15,Campania,Campania,5801692,6800976,117.22,0.3
4130,2021-04-29,CAM,41561,20183,21378,24004,16747,810,ITF,ITF3,15,Campania,Campania,5801692,6842537,117.94,0.72
4131,2021-01-19,CAM,1095,474,621,1042,3,50,ITF,ITF3,15,Campania,Campania,5801692,6843632,117.96,0.02
4132,2021-07-21,CAM,50213,24461,25752,8611,40887,715,ITF,ITF3,15,Campania,Campania,5801692,6893845,118.82,0.87
4133,2021-01-21,CAM,2093,1116,977,669,1417,7,ITF,ITF3,15,Campania,Campania,5801692,6895938,118.86,0.04
4134,2021-07-23,CAM,61830,30805,31025,8465,52862,503,ITF,ITF3,15,Campania,Campania,5801692,6957768,119.93,1.07
4135,2021-04-14,CAM,27665,13338,14327,18646,8590,429,ITF,ITF3,15,Campania,Campania,5801692,6985433,120.4,0.48
4136,2021-05-01,CAM,46352,22665,23687,29276,16111,965,ITF,ITF3,15,Campania,Campania,5801692,7031785,121.2,0.8
4137,2021-07-06,CAM,56703,27070,29633,16101,40096,506,ITF,ITF3,15,Campania,Campania,5801692,7088488,122.18,0.98
4138,2021-04-12,CAM,23306,10919,12387,19749,3034,523,ITF,ITF3,15,Campania,Campania,5801692,7111794,122.58,0.4
4139,2021-01-02,CAM,3671,1962,1709,3613,0,58,ITF,ITF3,15,Campania,Campania,5801692,7115465,122.64,0.06
4140,2021-06-17,CAM,60216,28868,31348,32828,26799,589,ITF,ITF3,15,Campania,Campania,5801692,7175681,123.68,1.04
4141,2021-07-04,CAM,48822,23766,25056,6299,42318,205,ITF,ITF3,15,Campania,Campania,5801692,7224503,124.52,0.84
4142,2021-03-26,CAM,19869,9325,10544,15613,3817,439,ITF,ITF3,15,Campania,Campania,5801692,7244372,124.87,0.34
4143,2021-08-29,SIC,14530,7932,6598,4757,9629,144,ITG,ITG1,19,Sicilia,Sicilia,4999891,14530,0.29,0.29
4144,2021-02-25,SIC,9943,5207,4736,8687,1164,92,ITG,ITG1,19,Sicilia,Sicilia,4999891,24473,0.49,0.2
4145,2021-06-05,SIC,59962,28524,31438,48738,10597,627,ITG,ITG1,19,Sicilia,Sicilia,4999891,84435,1.69,1.2
4146,2021-03-14,SIC,8779,3930,4849,4891,3836,52,ITG,ITG1,19,Sicilia,Sicilia,4999891,93214,1.86,0.18
4147,2021-03-02,SIC,14785,6380,8405,11890,2780,115,ITG,ITG1,19,Sicilia,Sicilia,4999891,107999,2.16,0.3
4148,2021-01-04,SIC,8520,4252,4268,8471,0,49,ITG,ITG1,19,Sicilia,Sicilia,4999891,116519,2.33,0.17
4149,2021-01-18,SIC,1625,675,950,1455,159,11,ITG,ITG1,19,Sicilia,Sicilia,4999891,118144,2.36,0.03
4150,2021-04-28,SIC,29289,13723,15566,19723,9163,403,ITG,ITG1,19,Sicilia,Sicilia,4999891,147433,2.95,0.59
4151,2021-08-10,SIC,21835,10876,10959,10659,10916,260,ITG,ITG1,19,Sicilia,Sicilia,4999891,169268,3.39,0.44
4152,2021-01-30,SIC,7733,3555,4178,145,7585,3,ITG,ITG1,19,Sicilia,Sicilia,4999891,177001,3.54,0.15
4153,2021-03-28,SIC,10993,5152,5841,6915,4012,66,ITG,ITG1,19,Sicilia,Sicilia,4999891,187994,3.76,0.22
4154,2021-07-15,SIC,48386,22457,25929,7991,40133,262,ITG,ITG1,19,Sicilia,Sicilia,4999891,236380,4.73,0.97
4155,2021-08-15,SIC,2513,1428,1085,1509,954,50,ITG,ITG1,19,Sicilia,Sicilia,4999891,238893,4.78,0.05
4156,2021-08-01,SIC,19964,10431,9533,7853,11964,147,ITG,ITG1,19,Sicilia,Sicilia,4999891,258857,5.18,0.4
4157,2021-06-19,SIC,44299,21061,23238,18765,25215,319,ITG,ITG1,19,Sicilia,Sicilia,4999891,303156,6.06,0.89
4158,2021-04-23,SIC,28633,13725,14908,22410,5841,382,ITG,ITG1,19,Sicilia,Sicilia,4999891,331789,6.64,0.57
4159,2021-04-11,SIC,15380,7595,7785,8229,7040,111,ITG,ITG1,19,Sicilia,Sicilia,4999891,347169,6.94,0.31
4160,2021-07-20,SIC,48509,23629,24880,12801,35352,356,ITG,ITG1,19,Sicilia,Sicilia,4999891,395678,7.91,0.97
4161,2020-12-30,SIC,186,110,76,185,0,1,ITG,ITG1,19,Sicilia,Sicilia,4999891,395864,7.92,0.0
4162,2021-01-16,SIC,2736,1220,1516,2715,0,21,ITG,ITG1,19,Sicilia,Sicilia,4999891,398600,7.97,0.05
4163,2021-07-01,SIC,31002,14083,16919,10758,19987,257,ITG,ITG1,19,Sicilia,Sicilia,4999891,429602,8.59,0.62
4164,2021-04-09,SIC,20227,9839,10388,10922,9043,262,ITG,ITG1,19,Sicilia,Sicilia,4999891,449829,9.0,0.4
4165,2021-03-23,SIC,20975,10090,10885,15233,5567,175,ITG,ITG1,19,Sicilia,Sicilia,4999891,470804,9.42,0.42
4166,2021-02-13,SIC,2979,1124,1855,2686,256,37,ITG,ITG1,19,Sicilia,Sicilia,4999891,473783,9.48,0.06
4167,2021-05-24,SIC,35880,17446,18434,15590,20057,233,ITG,ITG1,19,Sicilia,Sicilia,4999891,509663,10.19,0.72
4168,2021-08-27,SIC,23383,11891,11492,9865,13190,328,ITG,ITG1,19,Sicilia,Sicilia,4999891,533046,10.66,0.47
4169,2021-06-24,SIC,42368,19673,22695,17635,24373,360,ITG,ITG1,19,Sicilia,Sicilia,4999891,575414,11.51,0.85
4170,2021-06-07,SIC,49694,23418,26276,41122,8038,534,ITG,ITG1,19,Sicilia,Sicilia,4999891,625108,12.5,0.99
4171,2021-01-25,SIC,7452,3690,3762,267,7178,7,ITG,ITG1,19,Sicilia,Sicilia,4999891,632560,12.65,0.15
4172,2021-05-05,SIC,26407,12234,14173,16285,9683,439,ITG,ITG1,19,Sicilia,Sicilia,4999891,658967,13.18,0.53
4173,2021-05-19,SIC,42890,20765,22125,28184,14330,376,ITG,ITG1,19,Sicilia,Sicilia,4999891,701857,14.04,0.86
4174,2021-07-27,SIC,43355,21489,21866,19294,23598,463,ITG,ITG1,19,Sicilia,Sicilia,4999891,745212,14.9,0.87
4175,2021-08-03,SIC,32058,15722,16336,13872,17766,420,ITG,ITG1,19,Sicilia,Sicilia,4999891,777270,15.55,0.64
4176,2021-02-11,SIC,5238,2060,3178,4652,467,119,ITG,ITG1,19,Sicilia,Sicilia,4999891,782508,15.65,0.1
4177,2021-04-16,SIC,28868,14502,14366,20253,8299,316,ITG,ITG1,19,Sicilia,Sicilia,4999891,811376,16.23,0.58
4178,2021-01-23,SIC,4487,2309,2178,208,4269,10,ITG,ITG1,19,Sicilia,Sicilia,4999891,815863,16.32,0.09
4179,2021-01-06,SIC,6266,3300,2966,6203,0,63,ITG,ITG1,19,Sicilia,Sicilia,4999891,822129,16.44,0.13
4180,2021-02-23,SIC,8785,4667,4118,8229,468,88,ITG,ITG1,19,Sicilia,Sicilia,4999891,830914,16.62,0.18
4181,2021-03-09,SIC,13169,5771,7398,10837,2202,130,ITG,ITG1,19,Sicilia,Sicilia,4999891,844083,16.88,0.26
4182,2021-01-11,SIC,5923,2615,3308,5864,0,59,ITG,ITG1,19,Sicilia,Sicilia,4999891,850006,17.0,0.12
4183,2021-04-04,SIC,6797,3321,3476,5434,1295,68,ITG,ITG1,19,Sicilia,Sicilia,4999891,856803,17.14,0.14
4184,2021-07-13,SIC,46106,21161,24945,6902,38987,217,ITG,ITG1,19,Sicilia,Sicilia,4999891,902909,18.06,0.92
4185,2021-06-26,SIC,37270,17783,19487,16352,20610,308,ITG,ITG1,19,Sicilia,Sicilia,4999891,940179,18.8,0.75
4186,2021-04-30,SIC,35066,16360,18706,23534,11054,478,ITG,ITG1,19,Sicilia,Sicilia,4999891,975245,19.51,0.7
4187,2021-03-04,SIC,15258,6707,8551,11010,4121,127,ITG,ITG1,19,Sicilia,Sicilia,4999891,990503,19.81,0.31
4188,2021-08-08,SIC,15318,8132,7186,7414,7715,189,ITG,ITG1,19,Sicilia,Sicilia,4999891,1005821,20.12,0.31
4189,2021-06-12,SIC,45798,22399,23399,39371,5895,532,ITG,ITG1,19,Sicilia,Sicilia,4999891,1051619,21.03,0.92
4190,2020-12-28,SIC,225,138,87,224,0,1,ITG,ITG1,19,Sicilia,Sicilia,4999891,1051844,21.04,0.0
4191,2021-05-17,SIC,31929,15406,16523,18993,12643,293,ITG,ITG1,19,Sicilia,Sicilia,4999891,1083773,21.68,0.64
4192,2021-03-21,SIC,15227,7346,7881,11185,3970,72,ITG,ITG1,19,Sicilia,Sicilia,4999891,1099000,21.98,0.3
4193,2021-02-06,SIC,4735,2118,2617,1449,3266,20,ITG,ITG1,19,Sicilia,Sicilia,4999891,1103735,22.08,0.09
4194,2021-02-04,SIC,6761,3083,3678,1421,5310,30,ITG,ITG1,19,Sicilia,Sicilia,4999891,1110496,22.21,0.14
4195,2021-01-01,SIC,824,441,383,820,0,4,ITG,ITG1,19,Sicilia,Sicilia,4999891,1111320,22.23,0.02
4196,2021-03-16,SIC,9639,4330,5309,3566,6003,70,ITG,ITG1,19,Sicilia,Sicilia,4999891,1120959,22.42,0.19
4197,2021-07-08,SIC,38396,17496,20900,6538,31635,223,ITG,ITG1,19,Sicilia,Sicilia,4999891,1159355,23.19,0.77
4198,2021-02-27,SIC,12243,5506,6737,10938,1204,101,ITG,ITG1,19,Sicilia,Sicilia,4999891,1171598,23.43,0.24
4199,2021-05-31,SIC,38124,17167,20957,21276,16552,296,ITG,ITG1,19,Sicilia,Sicilia,4999891,1209722,24.19,0.76
4200,2021-08-22,SIC,10325,5500,4825,3914,6293,118,ITG,ITG1,19,Sicilia,Sicilia,4999891,1220047,24.4,0.21
4201,2021-02-18,SIC,5343,3148,2195,4843,431,69,ITG,ITG1,19,Sicilia,Sicilia,4999891,1225390,24.51,0.11
4202,2021-05-12,SIC,36862,17393,19469,21414,14924,524,ITG,ITG1,19,Sicilia,Sicilia,4999891,1262252,25.25,0.74
4203,2021-08-20,SIC,18795,9359,9436,9855,8675,265,ITG,ITG1,19,Sicilia,Sicilia,4999891,1281047,25.62,0.38
4204,2021-07-17,SIC,49327,24296,25031,9320,39708,299,ITG,ITG1,19,Sicilia,Sicilia,4999891,1330374,26.61,0.99
4205,2021-04-08,SIC,19006,9344,9662,9271,9540,195,ITG,ITG1,19,Sicilia,Sicilia,4999891,1349380,26.99,0.38
4206,2021-04-02,SIC,13903,6560,7343,9047,4737,119,ITG,ITG1,19,Sicilia,Sicilia,4999891,1363283,27.27,0.28
4207,2021-02-10,SIC,4353,1776,2577,3888,382,83,ITG,ITG1,19,Sicilia,Sicilia,4999891,1367636,27.35,0.09
4208,2021-05-21,SIC,48702,23073,25629,26659,21619,424,ITG,ITG1,19,Sicilia,Sicilia,4999891,1416338,28.33,0.97
4209,2021-08-12,SIC,15122,7584,7538,7977,6904,241,ITG,ITG1,19,Sicilia,Sicilia,4999891,1431460,28.63,0.3
4210,2021-05-16,SIC,33706,16441,17265,21891,11520,295,ITG,ITG1,19,Sicilia,Sicilia,4999891,1465166,29.3,0.67
4211,2021-05-02,SIC,24618,11435,13183,17703,6605,310,ITG,ITG1,19,Sicilia,Sicilia,4999891,1489784,29.8,0.49
4212,2021-03-20,SIC,18604,8986,9618,13367,5143,94,ITG,ITG1,19,Sicilia,Sicilia,4999891,1508388,30.17,0.37
4213,2021-08-24,SIC,23725,11756,11969,10964,12394,367,ITG,ITG1,19,Sicilia,Sicilia,4999891,1532113,30.64,0.47
4214,2021-06-28,SIC,31942,14878,17064,14907,16741,294,ITG,ITG1,19,Sicilia,Sicilia,4999891,1564055,31.28,0.64
4215,2021-07-05,SIC,37529,17617,19912,8915,28373,241,ITG,ITG1,19,Sicilia,Sicilia,4999891,1601584,32.03,0.75
4216,2021-06-21,SIC,40249,18633,21616,18419,21501,329,ITG,ITG1,19,Sicilia,Sicilia,4999891,1641833,32.84,0.8
4217,2021-05-09,SIC,28441,13321,15120,19774,8297,370,ITG,ITG1,19,Sicilia,Sicilia,4999891,1670274,33.41,0.57
4218,2021-08-17,SIC,18656,9542,9114,10157,8172,327,ITG,ITG1,19,Sicilia,Sicilia,4999891,1688930,33.78,0.37
4219,2021-06-04,SIC,57874,26770,31104,45407,11962,505,ITG,ITG1,19,Sicilia,Sicilia,4999891,1746804,34.94,1.16
4220,2021-04-06,SIC,17765,8486,9279,13258,4297,210,ITG,ITG1,19,Sicilia,Sicilia,4999891,1764569,35.29,0.36
4221,2021-02-22,SIC,7947,4132,3815,7372,493,82,ITG,ITG1,19,Sicilia,Sicilia,4999891,1772516,35.45,0.16
4222,2020-12-27,SIC,93,55,38,92,0,1,ITG,ITG1,19,Sicilia,Sicilia,4999891,1772609,35.45,0.0
4223,2021-06-02,SIC,35283,16298,18985,27103,7782,398,ITG,ITG1,19,Sicilia,Sicilia,4999891,1807892,36.16,0.71
4224,2021-05-07,SIC,36602,17280,19322,24594,11625,383,ITG,ITG1,19,Sicilia,Sicilia,4999891,1844494,36.89,0.73
4225,2021-03-11,SIC,15457,6710,8747,12885,2418,154,ITG,ITG1,19,Sicilia,Sicilia,4999891,1859951,37.2,0.31
4226,2021-01-27,SIC,7294,3713,3581,167,7126,1,ITG,ITG1,19,Sicilia,Sicilia,4999891,1867245,37.35,0.15
4227,2021-01-13,SIC,5187,2444,2743,5153,0,34,ITG,ITG1,19,Sicilia,Sicilia,4999891,1872432,37.45,0.1
4228,2021-07-12,SIC,48999,22614,26385,6441,42359,199,ITG,ITG1,19,Sicilia,Sicilia,4999891,1921431,38.43,0.98
4229,2021-02-08,SIC,3888,1680,2208,2081,1759,48,ITG,ITG1,19,Sicilia,Sicilia,4999891,1925319,38.51,0.08
4230,2021-01-22,SIC,1293,641,652,261,1030,2,ITG,ITG1,19,Sicilia,Sicilia,4999891,1926612,38.53,0.03
4231,2021-01-08,SIC,8154,3796,4358,8061,0,93,ITG,ITG1,19,Sicilia,Sicilia,4999891,1934766,38.7,0.16
4232,2021-04-18,SIC,19836,9916,9920,15286,4363,187,ITG,ITG1,19,Sicilia,Sicilia,4999891,1954602,39.09,0.4
4233,2021-04-20,SIC,18994,9005,9989,13439,5249,306,ITG,ITG1,19,Sicilia,Sicilia,4999891,1973596,39.47,0.38
4234,2021-07-29,SIC,36193,17886,18307,14324,21528,341,ITG,ITG1,19,Sicilia,Sicilia,4999891,2009789,40.2,0.72
4235,2021-04-01,SIC,14330,6627,7703,9520,4668,142,ITG,ITG1,19,Sicilia,Sicilia,4999891,2024119,40.48,0.29
4236,2021-07-10,SIC,46915,22353,24562,6056,40651,208,ITG,ITG1,19,Sicilia,Sicilia,4999891,2071034,41.42,0.94
4237,2021-06-23,SIC,44512,20711,23801,17927,26248,337,ITG,ITG1,19,Sicilia,Sicilia,4999891,2115546,42.31,0.89
4238,2021-02-20,SIC,7170,3707,3463,6803,272,95,ITG,ITG1,19,Sicilia,Sicilia,4999891,2122716,42.46,0.14
4239,2021-02-03,SIC,5943,2792,3151,708,5227,8,ITG,ITG1,19,Sicilia,Sicilia,4999891,2128659,42.57,0.12
4240,2021-01-24,SIC,4335,2268,2067,123,4210,2,ITG,ITG1,19,Sicilia,Sicilia,4999891,2132994,42.66,0.09
4241,2021-05-04,SIC,26866,12479,14387,17155,9298,413,ITG,ITG1,19,Sicilia,Sicilia,4999891,2159860,43.2,0.54
4242,2021-02-05,SIC,6788,3005,3783,2086,4664,38,ITG,ITG1,19,Sicilia,Sicilia,4999891,2166648,43.33,0.14
4243,2021-04-03,SIC,16422,7818,8604,13421,2837,164,ITG,ITG1,19,Sicilia,Sicilia,4999891,2183070,43.66,0.33
4244,2021-03-01,SIC,12773,6076,6697,10991,1657,125,ITG,ITG1,19,Sicilia,Sicilia,4999891,2195843,43.92,0.26
4245,2021-06-09,SIC,49788,23684,26104,41911,7266,611,ITG,ITG1,19,Sicilia,Sicilia,4999891,2245631,44.91,1.0
4246,2021-08-31,SIC,21662,10904,10758,7524,13906,232,ITG,ITG1,19,Sicilia,Sicilia,4999891,2267293,45.35,0.43
4247,2021-03-30,SIC,14587,6772,7815,9715,4769,103,ITG,ITG1,19,Sicilia,Sicilia,4999891,2281880,45.64,0.29
4248,2021-03-13,SIC,12223,5394,6829,7634,4499,90,ITG,ITG1,19,Sicilia,Sicilia,4999891,2294103,45.88,0.24
4249,2021-01-20,SIC,969,513,456,691,275,3,ITG,ITG1,19,Sicilia,Sicilia,4999891,2295072,45.9,0.02
4250,2021-03-18,SIC,15414,7757,7657,9738,5621,55,ITG,ITG1,19,Sicilia,Sicilia,4999891,2310486,46.21,0.31
4251,2021-08-26,SIC,20021,10112,9909,9108,10604,309,ITG,ITG1,19,Sicilia,Sicilia,4999891,2330507,46.61,0.4
4252,2021-02-07,SIC,2322,982,1340,664,1648,10,ITG,ITG1,19,Sicilia,Sicilia,4999891,2332829,46.66,0.05
4253,2021-07-14,SIC,47541,22025,25516,7933,39349,259,ITG,ITG1,19,Sicilia,Sicilia,4999891,2380370,47.61,0.95
4254,2021-05-18,SIC,36128,17389,18739,23241,12486,401,ITG,ITG1,19,Sicilia,Sicilia,4999891,2416498,48.33,0.72
4255,2021-04-27,SIC,26460,12690,13770,15154,10959,347,ITG,ITG1,19,Sicilia,Sicilia,4999891,2442958,48.86,0.53
4256,2021-08-05,SIC,23858,11844,12014,11524,12028,306,ITG,ITG1,19,Sicilia,Sicilia,4999891,2466816,49.34,0.48
4257,2021-05-14,SIC,52249,24500,27749,35796,15682,771,ITG,ITG1,19,Sicilia,Sicilia,4999891,2519065,50.38,1.05
4258,2021-01-15,SIC,5325,2335,2990,5258,0,67,ITG,ITG1,19,Sicilia,Sicilia,4999891,2524390,50.49,0.11
4259,2021-04-25,SIC,21404,10208,11196,16147,5018,239,ITG,ITG1,19,Sicilia,Sicilia,4999891,2545794,50.92,0.43
4260,2021-02-01,SIC,5952,2641,3311,296,5642,14,ITG,ITG1,19,Sicilia,Sicilia,4999891,2551746,51.04,0.12
4261,2021-03-22,SIC,16691,7920,8771,11167,5427,97,ITG,ITG1,19,Sicilia,Sicilia,4999891,2568437,51.37,0.33
4262,2021-06-30,SIC,32615,15039,17576,11449,20845,321,ITG,ITG1,19,Sicilia,Sicilia,4999891,2601052,52.02,0.65
4263,2021-07-24,SIC,40752,21218,19534,16810,23631,311,ITG,ITG1,19,Sicilia,Sicilia,4999891,2641804,52.84,0.82
4264,2021-02-15,SIC,3775,1768,2007,3135,564,76,ITG,ITG1,19,Sicilia,Sicilia,4999891,2645579,52.91,0.08
4265,2021-07-22,SIC,40680,19970,20710,11238,29148,294,ITG,ITG1,19,Sicilia,Sicilia,4999891,2686259,53.73,0.81
4266,2021-05-26,SIC,44718,21029,23689,23897,20478,343,ITG,ITG1,19,Sicilia,Sicilia,4999891,2730977,54.62,0.89
4267,2021-01-03,SIC,4810,2513,2297,4776,0,34,ITG,ITG1,19,Sicilia,Sicilia,4999891,2735787,54.72,0.1
4268,2021-04-13,SIC,20270,9874,10396,11230,8843,197,ITG,ITG1,19,Sicilia,Sicilia,4999891,2756057,55.12,0.41
4269,2021-07-31,SIC,28754,14935,13819,10447,18042,265,ITG,ITG1,19,Sicilia,Sicilia,4999891,2784811,55.7,0.58
4270,2021-03-15,SIC,10689,4734,5955,5655,4954,80,ITG,ITG1,19,Sicilia,Sicilia,4999891,2795500,55.91,0.21
4271,2021-03-27,SIC,15701,7407,8294,10686,4888,127,ITG,ITG1,19,Sicilia,Sicilia,4999891,2811201,56.23,0.31
4272,2021-01-29,SIC,9185,4256,4929,405,8768,12,ITG,ITG1,19,Sicilia,Sicilia,4999891,2820386,56.41,0.18
4273,2021-02-12,SIC,4606,1829,2777,4241,286,79,ITG,ITG1,19,Sicilia,Sicilia,4999891,2824992,56.5,0.09
4274,2021-05-23,SIC,34099,16603,17496,19849,14021,229,ITG,ITG1,19,Sicilia,Sicilia,4999891,2859091,57.18,0.68
4275,2021-08-09,SIC,25176,12859,12317,12485,12315,376,ITG,ITG1,19,Sicilia,Sicilia,4999891,2884267,57.69,0.5
4276,2021-01-19,SIC,1523,677,846,1267,241,15,ITG,ITG1,19,Sicilia,Sicilia,4999891,2885790,57.72,0.03
4277,2021-06-11,SIC,49972,23846,26126,41597,7710,665,ITG,ITG1,19,Sicilia,Sicilia,4999891,2935762,58.72,1.0
4278,2021-04-29,SIC,31821,14849,16972,21809,9562,450,ITG,ITG1,19,Sicilia,Sicilia,4999891,2967583,59.35,0.64
4279,2021-03-03,SIC,14591,6552,8039,11386,3075,130,ITG,ITG1,19,Sicilia,Sicilia,4999891,2982174,59.64,0.29
4280,2021-08-07,SIC,20062,10409,9653,10821,8904,337,ITG,ITG1,19,Sicilia,Sicilia,4999891,3002236,60.05,0.4
4281,2021-08-16,SIC,20449,10492,9957,10973,9163,313,ITG,ITG1,19,Sicilia,Sicilia,4999891,3022685,60.46,0.41
4282,2021-04-17,SIC,26013,13155,12858,18668,7069,276,ITG,ITG1,19,Sicilia,Sicilia,4999891,3048698,60.98,0.52
4283,2021-07-26,SIC,44541,22195,22346,16713,27456,372,ITG,ITG1,19,Sicilia,Sicilia,4999891,3093239,61.87,0.89
4284,2021-03-17,SIC,15056,7444,7612,9078,5852,126,ITG,ITG1,19,Sicilia,Sicilia,4999891,3108295,62.17,0.3
4285,2021-06-25,SIC,39802,18677,21125,17383,22080,339,ITG,ITG1,19,Sicilia,Sicilia,4999891,3148097,62.96,0.8
4286,2021-07-09,SIC,44823,20685,24138,6403,38238,182,ITG,ITG1,19,Sicilia,Sicilia,4999891,3192920,63.86,0.9
4287,2021-06-06,SIC,49535,23925,25610,41151,7827,557,ITG,ITG1,19,Sicilia,Sicilia,4999891,3242455,64.85,0.99
4288,2021-07-21,SIC,42969,20966,22003,10644,32016,309,ITG,ITG1,19,Sicilia,Sicilia,4999891,3285424,65.71,0.86
4289,2021-07-07,SIC,35419,16203,19216,6039,29141,239,ITG,ITG1,19,Sicilia,Sicilia,4999891,3320843,66.42,0.71
4290,2021-05-25,SIC,33560,15431,18129,13940,19364,256,ITG,ITG1,19,Sicilia,Sicilia,4999891,3354403,67.09,0.67
4291,2021-03-29,SIC,15048,7085,7963,10399,4500,149,ITG,ITG1,19,Sicilia,Sicilia,4999891,3369451,67.39,0.3
4292,2021-07-28,SIC,37656,18861,18795,14684,22651,321,ITG,ITG1,19,Sicilia,Sicilia,4999891,3407107,68.14,0.75
4293,2021-06-22,SIC,40054,18408,21646,18341,21334,379,ITG,ITG1,19,Sicilia,Sicilia,4999891,3447161,68.94,0.8
4294,2021-05-22,SIC,48023,22811,25212,28309,19318,396,ITG,ITG1,19,Sicilia,Sicilia,4999891,3495184,69.91,0.96
4295,2021-08-30,SIC,28247,14401,13846,10241,17660,346,ITG,ITG1,19,Sicilia,Sicilia,4999891,3523431,70.47,0.56
4296,2021-02-28,SIC,7131,3032,4099,6456,630,45,ITG,ITG1,19,Sicilia,Sicilia,4999891,3530562,70.61,0.14
4297,2021-06-08,SIC,47709,22404,25305,40458,6713,538,ITG,ITG1,19,Sicilia,Sicilia,4999891,3578271,71.57,0.95
4298,2021-01-10,SIC,3566,1598,1968,3544,0,22,ITG,ITG1,19,Sicilia,Sicilia,4999891,3581837,71.64,0.07
4299,2021-01-05,SIC,10428,5125,5303,10345,0,83,ITG,ITG1,19,Sicilia,Sicilia,4999891,3592265,71.85,0.21
4300,2021-04-15,SIC,21593,10497,11096,12007,9355,231,ITG,ITG1,19,Sicilia,Sicilia,4999891,3613858,72.28,0.43
4301,2021-06-10,SIC,53048,24907,28141,45150,7246,652,ITG,ITG1,19,Sicilia,Sicilia,4999891,3666906,73.34,1.06
4302,2021-05-27,SIC,47608,21928,25680,24457,22731,420,ITG,ITG1,19,Sicilia,Sicilia,4999891,3714514,74.29,0.95
4303,2021-04-14,SIC,20588,9940,10648,11621,8772,195,ITG,ITG1,19,Sicilia,Sicilia,4999891,3735102,74.7,0.41
4304,2021-07-23,SIC,41486,20843,20643,14368,26794,324,ITG,ITG1,19,Sicilia,Sicilia,4999891,3776588,75.53,0.83
4305,2021-04-21,SIC,22398,10750,11648,15994,6126,278,ITG,ITG1,19,Sicilia,Sicilia,4999891,3798986,75.98,0.45
4306,2020-12-29,SIC,245,152,93,244,0,1,ITG,ITG1,19,Sicilia,Sicilia,4999891,3799231,75.99,0.0
4307,2021-06-13,SIC,34545,17165,17380,30604,3508,433,ITG,ITG1,19,Sicilia,Sicilia,4999891,3833776,76.68,0.69
4308,2021-02-24,SIC,9381,4805,4576,8707,567,107,ITG,ITG1,19,Sicilia,Sicilia,4999891,3843157,76.86,0.19
4309,2021-01-21,SIC,1456,715,741,490,955,11,ITG,ITG1,19,Sicilia,Sicilia,4999891,3844613,76.89,0.03
4310,2021-05-01,SIC,24454,11318,13136,19001,5169,284,ITG,ITG1,19,Sicilia,Sicilia,4999891,3869067,77.38,0.49
4311,2021-08-11,SIC,16208,8343,7865,8731,7187,290,ITG,ITG1,19,Sicilia,Sicilia,4999891,3885275,77.71,0.32
4312,2021-01-09,SIC,7252,3423,3829,7191,0,61,ITG,ITG1,19,Sicilia,Sicilia,4999891,3892527,77.85,0.15
4313,2021-05-03,SIC,23327,10802,12525,13267,9796,264,ITG,ITG1,19,Sicilia,Sicilia,4999891,3915854,78.32,0.47
4314,2021-07-11,SIC,36041,16870,19171,3663,32283,95,ITG,ITG1,19,Sicilia,Sicilia,4999891,3951895,79.04,0.72
4315,2021-07-25,SIC,31822,16771,15051,11859,19705,258,ITG,ITG1,19,Sicilia,Sicilia,4999891,3983717,79.68,0.64
4316,2021-04-19,SIC,18290,8671,9619,12464,5589,237,ITG,ITG1,19,Sicilia,Sicilia,4999891,4002007,80.04,0.37
4317,2021-02-26,SIC,11988,5883,6105,10191,1681,116,ITG,ITG1,19,Sicilia,Sicilia,4999891,4013995,80.28,0.24
4318,2021-05-06,SIC,29487,14015,15472,18160,10840,487,ITG,ITG1,19,Sicilia,Sicilia,4999891,4043482,80.87,0.59
4319,2021-08-28,SIC,20882,11185,9697,7263,13399,220,ITG,ITG1,19,Sicilia,Sicilia,4999891,4064364,81.29,0.42
4320,2021-08-14,SIC,6217,3368,2849,3359,2737,121,ITG,ITG1,19,Sicilia,Sicilia,4999891,4070581,81.41,0.12
4321,2021-03-31,SIC,14526,6708,7818,9444,4933,149,ITG,ITG1,19,Sicilia,Sicilia,4999891,4085107,81.7,0.29
4322,2021-06-01,SIC,38986,17725,21261,24595,14040,351,ITG,ITG1,19,Sicilia,Sicilia,4999891,4124093,82.48,0.78
4323,2021-04-05,SIC,8024,3957,4067,6512,1442,70,ITG,ITG1,19,Sicilia,Sicilia,4999891,4132117,82.64,0.16
4324,2021-04-07,SIC,18445,9061,9384,9738,8513,194,ITG,ITG1,19,Sicilia,Sicilia,4999891,4150562,83.01,0.37
4325,2021-07-16,SIC,49353,23375,25978,8722,40342,289,ITG,ITG1,19,Sicilia,Sicilia,4999891,4199915,84.0,0.99
4326,2021-07-30,SIC,32477,16085,16392,12076,20116,285,ITG,ITG1,19,Sicilia,Sicilia,4999891,4232392,84.65,0.65
4327,2021-06-03,SIC,46006,21101,24905,33767,11718,521,ITG,ITG1,19,Sicilia,Sicilia,4999891,4278398,85.57,0.92
4328,2021-06-20,SIC,33452,15829,17623,15114,18078,260,ITG,ITG1,19,Sicilia,Sicilia,4999891,4311850,86.24,0.67
4329,2021-04-22,SIC,26778,12644,14134,19896,6461,421,ITG,ITG1,19,Sicilia,Sicilia,4999891,4338628,86.77,0.54
4330,2021-03-10,SIC,13959,6134,7825,11629,2186,144,ITG,ITG1,19,Sicilia,Sicilia,4999891,4352587,87.05,0.28
4331,2021-01-12,SIC,4374,2142,2232,4328,0,46,ITG,ITG1,19,Sicilia,Sicilia,4999891,4356961,87.14,0.09
4332,2021-06-18,SIC,43608,20150,23458,18862,24375,371,ITG,ITG1,19,Sicilia,Sicilia,4999891,4400569,88.01,0.87
4333,2021-06-27,SIC,25315,12204,13111,12101,12983,231,ITG,ITG1,19,Sicilia,Sicilia,4999891,4425884,88.52,0.51
4334,2021-05-15,SIC,56539,26408,30131,40383,15249,907,ITG,ITG1,19,Sicilia,Sicilia,4999891,4482423,89.65,1.13
4335,2021-03-19,SIC,16325,8061,8264,10652,5579,94,ITG,ITG1,19,Sicilia,Sicilia,4999891,4498748,89.98,0.33
4336,2021-08-23,SIC,24082,11901,12181,10790,12940,352,ITG,ITG1,19,Sicilia,Sicilia,4999891,4522830,90.46,0.48
4337,2021-04-10,SIC,20447,9976,10471,11303,8970,174,ITG,ITG1,19,Sicilia,Sicilia,4999891,4543277,90.87,0.41
4338,2021-01-17,SIC,1314,598,716,1240,65,9,ITG,ITG1,19,Sicilia,Sicilia,4999891,4544591,90.89,0.03
4339,2021-07-02,SIC,30564,14233,16331,9930,20347,287,ITG,ITG1,19,Sicilia,Sicilia,4999891,4575155,91.51,0.61
4340,2021-07-19,SIC,48982,23601,25381,11662,36959,361,ITG,ITG1,19,Sicilia,Sicilia,4999891,4624137,92.48,0.98
4341,2021-07-06,SIC,37100,17155,19945,10277,26512,311,ITG,ITG1,19,Sicilia,Sicilia,4999891,4661237,93.23,0.74
4342,2021-05-10,SIC,28739,13798,14941,16188,12220,331,ITG,ITG1,19,Sicilia,Sicilia,4999891,4689976,93.8,0.57
4343,2021-08-18,SIC,22006,11372,10634,11689,9948,369,ITG,ITG1,19,Sicilia,Sicilia,4999891,4711982,94.24,0.44
4344,2021-03-26,SIC,17997,8362,9635,12342,5502,153,ITG,ITG1,19,Sicilia,Sicilia,4999891,4729979,94.6,0.36
4345,2021-01-28,SIC,9037,4276,4761,363,8673,1,ITG,ITG1,19,Sicilia,Sicilia,4999891,4739016,94.78,0.18
4346,2021-07-04,SIC,26514,12800,13714,7612,18727,175,ITG,ITG1,19,Sicilia,Sicilia,4999891,4765530,95.31,0.53
4347,2021-05-08,SIC,35675,17049,18626,24909,10319,447,ITG,ITG1,19,Sicilia,Sicilia,4999891,4801205,96.03,0.71
4348,2021-01-26,SIC,9582,4747,4835,218,9363,1,ITG,ITG1,19,Sicilia,Sicilia,4999891,4810787,96.22,0.19
4349,2021-04-12,SIC,19022,9221,9801,11487,7276,259,ITG,ITG1,19,Sicilia,Sicilia,4999891,4829809,96.6,0.38
4350,2021-02-14,SIC,1055,402,653,905,140,10,ITG,ITG1,19,Sicilia,Sicilia,4999891,4830864,96.62,0.02
4351,2021-01-02,SIC,4886,2545,2341,4850,0,36,ITG,ITG1,19,Sicilia,Sicilia,4999891,4835750,96.72,0.1
4352,2021-01-07,SIC,8990,4159,4831,8906,0,84,ITG,ITG1,19,Sicilia,Sicilia,4999891,4844740,96.9,0.18
4353,2021-08-13,SIC,11565,5995,5570,6006,5320,239,ITG,ITG1,19,Sicilia,Sicilia,4999891,4856305,97.13,0.23
4354,2021-03-05,SIC,15786,6852,8934,11395,4242,149,ITG,ITG1,19,Sicilia,Sicilia,4999891,4872091,97.44,0.32
4355,2021-02-16,SIC,4201,2208,1993,3664,467,70,ITG,ITG1,19,Sicilia,Sicilia,4999891,4876292,97.53,0.08
4356,2021-06-17,SIC,41885,19503,22382,20363,21150,372,ITG,ITG1,19,Sicilia,Sicilia,4999891,4918177,98.37,0.84
4357,2021-03-12,SIC,12885,5570,7315,10660,2070,155,ITG,ITG1,19,Sicilia,Sicilia,4999891,4931062,98.62,0.26
4358,2021-02-09,SIC,4349,1800,2549,3247,1037,65,ITG,ITG1,19,Sicilia,Sicilia,4999891,4935411,98.71,0.09
4359,2021-05-20,SIC,44091,21126,22965,27744,15932,415,ITG,ITG1,19,Sicilia,Sicilia,4999891,4979502,99.59,0.88
4360,2021-02-21,SIC,5170,2501,2669,5046,107,17,ITG,ITG1,19,Sicilia,Sicilia,4999891,4984672,99.7,0.1
4361,2020-12-31,SIC,896,477,419,888,0,8,ITG,ITG1,19,Sicilia,Sicilia,4999891,4985568,99.71,0.02
4362,2021-03-07,SIC,9269,3457,5812,8129,1083,57,ITG,ITG1,19,Sicilia,Sicilia,4999891,4994837,99.9,0.19
4363,2021-06-15,SIC,46150,21757,24393,28184,17530,436,ITG,ITG1,19,Sicilia,Sicilia,4999891,5040987,100.82,0.92
4364,2021-03-24,SIC,20988,9880,11108,15046,5742,200,ITG,ITG1,19,Sicilia,Sicilia,4999891,5061975,101.24,0.42
4365,2021-05-29,SIC,47192,21469,25723,23530,23214,448,ITG,ITG1,19,Sicilia,Sicilia,4999891,5109167,102.19,0.94
4366,2021-08-25,SIC,21849,10842,11007,9972,11518,359,ITG,ITG1,19,Sicilia,Sicilia,4999891,5131016,102.62,0.44
4367,2021-06-29,SIC,31470,14745,16725,15741,15324,405,ITG,ITG1,19,Sicilia,Sicilia,4999891,5162486,103.25,0.63
4368,2021-06-16,SIC,40442,18806,21636,21270,18813,359,ITG,ITG1,19,Sicilia,Sicilia,4999891,5202928,104.06,0.81
4369,2021-03-25,SIC,20479,9535,10944,14755,5547,177,ITG,ITG1,19,Sicilia,Sicilia,4999891,5223407,104.47,0.41
4370,2021-07-03,SIC,33883,16287,17596,9034,24605,244,ITG,ITG1,19,Sicilia,Sicilia,4999891,5257290,105.15,0.68
4371,2021-03-06,SIC,12649,5062,7587,9766,2782,101,ITG,ITG1,19,Sicilia,Sicilia,4999891,5269939,105.4,0.25
4372,2021-06-14,SIC,43494,20661,22833,28169,14896,429,ITG,ITG1,19,Sicilia,Sicilia,4999891,5313433,106.27,0.87
4373,2021-05-28,SIC,51265,22986,28279,24309,26544,412,ITG,ITG1,19,Sicilia,Sicilia,4999891,5364698,107.3,1.03
4374,2021-08-19,SIC,19608,9790,9818,10508,8790,310,ITG,ITG1,19,Sicilia,Sicilia,4999891,5384306,107.69,0.39
4375,2021-02-19,SIC,4980,2696,2284,4329,564,87,ITG,ITG1,19,Sicilia,Sicilia,4999891,5389286,107.79,0.1
4376,2021-03-08,SIC,13524,5973,7551,10781,2616,127,ITG,ITG1,19,Sicilia,Sicilia,4999891,5402810,108.06,0.27
4377,2021-08-21,SIC,13740,7167,6573,6201,7352,187,ITG,ITG1,19,Sicilia,Sicilia,4999891,5416550,108.33,0.27
4378,2021-05-30,SIC,35776,16175,19601,17425,18056,295,ITG,ITG1,19,Sicilia,Sicilia,4999891,5452326,109.05,0.72
4379,2021-05-13,SIC,47492,22272,25220,30303,16551,638,ITG,ITG1,19,Sicilia,Sicilia,4999891,5499818,110.0,0.95
4380,2021-01-31,SIC,4059,1942,2117,107,3950,2,ITG,ITG1,19,Sicilia,Sicilia,4999891,5503877,110.08,0.08
4381,2021-05-11,SIC,32689,15504,17185,19686,12498,505,ITG,ITG1,19,Sicilia,Sicilia,4999891,5536566,110.73,0.65
4382,2021-02-17,SIC,5220,3204,2016,4500,670,50,ITG,ITG1,19,Sicilia,Sicilia,4999891,5541786,110.84,0.1
4383,2021-04-24,SIC,31215,14716,16499,23142,7639,434,ITG,ITG1,19,Sicilia,Sicilia,4999891,5573001,111.46,0.62
4384,2021-08-02,SIC,32944,16373,16571,12831,19767,346,ITG,ITG1,19,Sicilia,Sicilia,4999891,5605945,112.12,0.66
4385,2021-08-06,SIC,24790,12579,12211,13506,10875,409,ITG,ITG1,19,Sicilia,Sicilia,4999891,5630735,112.62,0.5
4386,2021-04-26,SIC,21706,10276,11430,13303,8086,317,ITG,ITG1,19,Sicilia,Sicilia,4999891,5652441,113.05,0.43
4387,2021-02-02,SIC,5322,2497,2825,612,4700,10,ITG,ITG1,19,Sicilia,Sicilia,4999891,5657763,113.16,0.11
4388,2021-08-04,SIC,24347,12003,12344,10976,13048,323,ITG,ITG1,19,Sicilia,Sicilia,4999891,5682110,113.64,0.49
4389,2021-07-18,SIC,39282,19782,19500,8103,30947,232,ITG,ITG1,19,Sicilia,Sicilia,4999891,5721392,114.43,0.79
4390,2021-01-14,SIC,5266,2493,2773,5204,0,62,ITG,ITG1,19,Sicilia,Sicilia,4999891,5726658,114.54,0.11
4391,2021-07-06,PIE,38318,19398,18920,8647,29124,547,ITC,ITC1,1,Piemonte,Piemonte,4356406,38318,0.88,0.88
4392,2021-03-28,PIE,16082,6903,9179,8122,7624,336,ITC,ITC1,1,Piemonte,Piemonte,4356406,54400,1.25,0.37
4393,2021-07-20,PIE,39089,20568,18521,5751,32771,567,ITC,ITC1,1,Piemonte,Piemonte,4356406,93489,2.15,0.9
4394,2021-04-11,PIE,20847,9325,11522,18228,2151,468,ITC,ITC1,1,Piemonte,Piemonte,4356406,114336,2.62,0.48
4395,2021-01-04,PIE,5580,1687,3893,5579,0,1,ITC,ITC1,1,Piemonte,Piemonte,4356406,119916,2.75,0.13
4396,2021-04-28,PIE,26088,11758,14330,15480,10057,551,ITC,ITC1,1,Piemonte,Piemonte,4356406,146004,3.35,0.6
4397,2021-01-18,PIE,6175,2050,4125,5920,251,4,ITC,ITC1,1,Piemonte,Piemonte,4356406,152179,3.49,0.14
4398,2021-02-11,PIE,6768,2108,4660,2987,3762,19,ITC,ITC1,1,Piemonte,Piemonte,4356406,158947,3.65,0.16
4399,2021-04-09,PIE,25910,11409,14501,20829,4505,576,ITC,ITC1,1,Piemonte,Piemonte,4356406,184857,4.24,0.59
4400,2020-12-30,PIE,735,323,412,735,0,0,ITC,ITC1,1,Piemonte,Piemonte,4356406,185592,4.26,0.02
4401,2021-06-05,PIE,36994,18943,18051,31893,4460,641,ITC,ITC1,1,Piemonte,Piemonte,4356406,222586,5.11,0.85
4402,2021-02-25,PIE,12276,5298,6978,11544,547,185,ITC,ITC1,1,Piemonte,Piemonte,4356406,234862,5.39,0.28
4403,2021-03-23,PIE,13210,5573,7637,6643,6248,319,ITC,ITC1,1,Piemonte,Piemonte,4356406,248072,5.69,0.3
4404,2021-01-16,PIE,7775,2625,5150,7768,0,7,ITC,ITC1,1,Piemonte,Piemonte,4356406,255847,5.87,0.18
4405,2021-07-08,PIE,41012,20975,20037,7452,32992,568,ITC,ITC1,1,Piemonte,Piemonte,4356406,296859,6.81,0.94
4406,2021-06-07,PIE,34945,17878,17067,29523,4805,617,ITC,ITC1,1,Piemonte,Piemonte,4356406,331804,7.62,0.8
4407,2021-08-03,PIE,30140,15768,14372,9301,20382,457,ITC,ITC1,1,Piemonte,Piemonte,4356406,361944,8.31,0.69
4408,2021-07-15,PIE,42586,22005,20581,4092,38036,458,ITC,ITC1,1,Piemonte,Piemonte,4356406,404530,9.29,0.98
4409,2021-08-01,PIE,27168,14393,12775,8435,18282,451,ITC,ITC1,1,Piemonte,Piemonte,4356406,431698,9.91,0.62
4410,2021-04-23,PIE,27461,12610,14851,19986,6765,710,ITC,ITC1,1,Piemonte,Piemonte,4356406,459159,10.54,0.63
4411,2021-08-27,PIE,17313,9242,8071,7451,9218,644,ITC,ITC1,1,Piemonte,Piemonte,4356406,476472,10.94,0.4
4412,2021-05-19,PIE,33159,15312,17847,21427,11140,592,ITC,ITC1,1,Piemonte,Piemonte,4356406,509631,11.7,0.76
4413,2021-03-14,PIE,8216,3340,4876,5175,2900,141,ITC,ITC1,1,Piemonte,Piemonte,4356406,517847,11.89,0.19
4414,2021-05-10,PIE,29068,14026,15042,15306,13135,627,ITC,ITC1,1,Piemonte,Piemonte,4356406,546915,12.55,0.67
4415,2021-01-30,PIE,5993,2142,3851,217,5775,1,ITC,ITC1,1,Piemonte,Piemonte,4356406,552908,12.69,0.14
4416,2021-06-24,PIE,39273,19713,19560,18334,20339,600,ITC,ITC1,1,Piemonte,Piemonte,4356406,592181,13.59,0.9
4417,2021-03-16,PIE,10530,4277,6253,4369,6067,94,ITC,ITC1,1,Piemonte,Piemonte,4356406,602711,13.84,0.24
4418,2021-08-20,PIE,16457,8818,7639,10240,5528,689,ITC,ITC1,1,Piemonte,Piemonte,4356406,619168,14.21,0.38
4419,2021-05-12,PIE,31947,15206,16741,18379,12942,626,ITC,ITC1,1,Piemonte,Piemonte,4356406,651115,14.95,0.73
4420,2021-06-19,PIE,40124,20349,19775,22891,16678,555,ITC,ITC1,1,Piemonte,Piemonte,4356406,691239,15.87,0.92
4421,2021-02-04,PIE,10227,3351,6876,582,9643,2,ITC,ITC1,1,Piemonte,Piemonte,4356406,701466,16.1,0.23
4422,2021-08-15,PIE,6565,3624,2941,5027,1268,270,ITC,ITC1,1,Piemonte,Piemonte,4356406,708031,16.25,0.15
4423,2021-05-24,PIE,29014,13433,15581,16648,11983,383,ITC,ITC1,1,Piemonte,Piemonte,4356406,737045,16.92,0.67
4424,2021-03-02,PIE,11329,4615,6714,10325,813,191,ITC,ITC1,1,Piemonte,Piemonte,4356406,748374,17.18,0.26
4425,2021-05-17,PIE,30987,14633,16354,17377,13200,410,ITC,ITC1,1,Piemonte,Piemonte,4356406,779361,17.89,0.71
4426,2021-02-06,PIE,8005,2666,5339,396,7607,2,ITC,ITC1,1,Piemonte,Piemonte,4356406,787366,18.07,0.18
4427,2021-02-23,PIE,9255,3727,5528,8494,586,175,ITC,ITC1,1,Piemonte,Piemonte,4356406,796621,18.29,0.21
4428,2021-05-31,PIE,29151,14073,15078,20155,8586,410,ITC,ITC1,1,Piemonte,Piemonte,4356406,825772,18.96,0.67
4429,2021-06-17,PIE,41180,20673,20507,24203,16356,621,ITC,ITC1,1,Piemonte,Piemonte,4356406,866952,19.9,0.95
4430,2021-03-09,PIE,14325,5734,8591,11742,2348,235,ITC,ITC1,1,Piemonte,Piemonte,4356406,881277,20.23,0.33
4431,2021-04-02,PIE,20170,8329,11841,11336,8433,401,ITC,ITC1,1,Piemonte,Piemonte,4356406,901447,20.69,0.46
4432,2021-05-29,PIE,32843,15245,17598,20297,12187,359,ITC,ITC1,1,Piemonte,Piemonte,4356406,934290,21.45,0.75
4433,2021-02-18,PIE,4808,2107,2701,4291,429,88,ITC,ITC1,1,Piemonte,Piemonte,4356406,939098,21.56,0.11
4434,2021-07-25,PIE,28690,15220,13470,6591,21604,495,ITC,ITC1,1,Piemonte,Piemonte,4356406,967788,22.22,0.66
4435,2021-04-16,PIE,28458,13228,15230,22684,5013,761,ITC,ITC1,1,Piemonte,Piemonte,4356406,996246,22.87,0.65
4436,2021-01-23,PIE,4263,1327,2936,878,3383,2,ITC,ITC1,1,Piemonte,Piemonte,4356406,1000509,22.97,0.1
4437,2021-03-21,PIE,10734,4741,5993,4023,6538,173,ITC,ITC1,1,Piemonte,Piemonte,4356406,1011243,23.21,0.25
4438,2021-08-13,PIE,19951,10637,9314,12041,7225,685,ITC,ITC1,1,Piemonte,Piemonte,4356406,1031194,23.67,0.46
4439,2021-05-05,PIE,34689,16246,18443,20328,13667,694,ITC,ITC1,1,Piemonte,Piemonte,4356406,1065883,24.47,0.8
4440,2021-07-01,PIE,41964,21002,20962,19802,21140,1022,ITC,ITC1,1,Piemonte,Piemonte,4356406,1107847,25.43,0.96
4441,2020-12-28,PIE,1,1,0,1,0,0,ITC,ITC1,1,Piemonte,Piemonte,4356406,1107848,25.43,0.0
4442,2021-07-27,PIE,33780,17634,16146,8236,24982,562,ITC,ITC1,1,Piemonte,Piemonte,4356406,1141628,26.21,0.78
4443,2021-05-02,PIE,25157,11291,13866,14012,10749,396,ITC,ITC1,1,Piemonte,Piemonte,4356406,1166785,26.78,0.58
4444,2021-06-26,PIE,41257,20991,20266,21955,18589,713,ITC,ITC1,1,Piemonte,Piemonte,4356406,1208042,27.73,0.95
4445,2021-07-13,PIE,38886,20061,18825,3671,34882,333,ITC,ITC1,1,Piemonte,Piemonte,4356406,1246928,28.62,0.89
4446,2021-04-04,PIE,9263,4059,5204,6397,2712,154,ITC,ITC1,1,Piemonte,Piemonte,4356406,1256191,28.84,0.21
4447,2021-04-21,PIE,25786,11849,13937,19761,5356,669,ITC,ITC1,1,Piemonte,Piemonte,4356406,1281977,29.43,0.59
4448,2021-01-11,PIE,8750,2981,5769,8744,0,6,ITC,ITC1,1,Piemonte,Piemonte,4356406,1290727,29.63,0.2
4449,2021-08-22,PIE,9577,5232,4345,5122,4097,358,ITC,ITC1,1,Piemonte,Piemonte,4356406,1300304,29.85,0.22
4450,2021-02-08,PIE,6924,2355,4569,661,6258,5,ITC,ITC1,1,Piemonte,Piemonte,4356406,1307228,30.01,0.16
4451,2021-08-08,PIE,20250,10820,9430,8994,10925,331,ITC,ITC1,1,Piemonte,Piemonte,4356406,1327478,30.47,0.46
4452,2021-04-30,PIE,31980,14385,17595,17948,13344,688,ITC,ITC1,1,Piemonte,Piemonte,4356406,1359458,31.21,0.73
4453,2021-06-12,PIE,42672,22492,20180,39249,2626,797,ITC,ITC1,1,Piemonte,Piemonte,4356406,1402130,32.19,0.98
4454,2021-08-24,PIE,15199,8112,7087,7848,6722,629,ITC,ITC1,1,Piemonte,Piemonte,4356406,1417329,32.53,0.35
4455,2021-01-01,PIE,1041,396,645,1040,0,1,ITC,ITC1,1,Piemonte,Piemonte,4356406,1418370,32.56,0.02
4456,2021-01-13,PIE,10087,3228,6859,10078,0,9,ITC,ITC1,1,Piemonte,Piemonte,4356406,1428457,32.79,0.23
4457,2021-06-16,PIE,40438,20262,20176,23543,16267,628,ITC,ITC1,1,Piemonte,Piemonte,4356406,1468895,33.72,0.93
4458,2021-08-12,PIE,21992,11800,10192,13451,7815,726,ITC,ITC1,1,Piemonte,Piemonte,4356406,1490887,34.22,0.5
4459,2021-01-06,PIE,3113,1104,2009,3112,0,1,ITC,ITC1,1,Piemonte,Piemonte,4356406,1494000,34.29,0.07
4460,2021-08-05,PIE,30298,16078,14220,11220,18545,533,ITC,ITC1,1,Piemonte,Piemonte,4356406,1524298,34.99,0.7
4461,2021-06-23,PIE,39787,19764,20023,16406,22879,502,ITC,ITC1,1,Piemonte,Piemonte,4356406,1564085,35.9,0.91
4462,2021-08-19,PIE,15844,8527,7317,10543,4593,708,ITC,ITC1,1,Piemonte,Piemonte,4356406,1579929,36.27,0.36
4463,2021-07-03,PIE,40118,20139,19979,15339,24045,734,ITC,ITC1,1,Piemonte,Piemonte,4356406,1620047,37.19,0.92
4464,2021-03-30,PIE,17002,7121,9881,8731,7875,396,ITC,ITC1,1,Piemonte,Piemonte,4356406,1637049,37.58,0.39
4465,2021-02-27,PIE,12700,4852,7848,12131,337,232,ITC,ITC1,1,Piemonte,Piemonte,4356406,1649749,37.87,0.29
4466,2021-04-25,PIE,20253,9317,10936,17289,2503,461,ITC,ITC1,1,Piemonte,Piemonte,4356406,1670002,38.33,0.46
4467,2021-01-15,PIE,9119,3010,6109,9113,0,6,ITC,ITC1,1,Piemonte,Piemonte,4356406,1679121,38.54,0.21
4468,2021-06-21,PIE,38499,19248,19251,17155,20778,566,ITC,ITC1,1,Piemonte,Piemonte,4356406,1717620,39.43,0.88
4469,2021-03-13,PIE,13045,4723,8322,11341,1432,272,ITC,ITC1,1,Piemonte,Piemonte,4356406,1730665,39.73,0.3
4470,2021-06-02,PIE,26741,13085,13656,21649,4648,444,ITC,ITC1,1,Piemonte,Piemonte,4356406,1757406,40.34,0.61
4471,2021-02-22,PIE,8499,3473,5026,7799,595,105,ITC,ITC1,1,Piemonte,Piemonte,4356406,1765905,40.54,0.2
4472,2021-03-11,PIE,14033,5314,8719,10683,3099,251,ITC,ITC1,1,Piemonte,Piemonte,4356406,1779938,40.86,0.32
4473,2021-03-25,PIE,17147,7274,9873,8069,8637,441,ITC,ITC1,1,Piemonte,Piemonte,4356406,1797085,41.25,0.39
4474,2021-08-29,PIE,15065,8082,6983,5023,9623,419,ITC,ITC1,1,Piemonte,Piemonte,4356406,1812150,41.6,0.35
4475,2021-05-21,PIE,36229,16826,19403,20049,15660,520,ITC,ITC1,1,Piemonte,Piemonte,4356406,1848379,42.43,0.83
4476,2021-07-17,PIE,42017,22112,19905,4951,36576,490,ITC,ITC1,1,Piemonte,Piemonte,4356406,1890396,43.39,0.96
4477,2021-02-01,PIE,8669,3057,5612,579,8089,1,ITC,ITC1,1,Piemonte,Piemonte,4356406,1899065,43.59,0.2
4478,2021-07-05,PIE,35614,17819,17795,11694,23235,685,ITC,ITC1,1,Piemonte,Piemonte,4356406,1934679,44.41,0.82
4479,2021-02-20,PIE,3845,1262,2583,3570,174,101,ITC,ITC1,1,Piemonte,Piemonte,4356406,1938524,44.5,0.09
4480,2021-07-24,PIE,34847,18330,16517,7893,26356,598,ITC,ITC1,1,Piemonte,Piemonte,4356406,1973371,45.3,0.8
4481,2021-08-07,PIE,29730,15906,13824,12642,16638,450,ITC,ITC1,1,Piemonte,Piemonte,4356406,2003101,45.98,0.68
4482,2021-04-29,PIE,48564,22006,26558,34712,12648,1204,ITC,ITC1,1,Piemonte,Piemonte,4356406,2051665,47.1,1.11
4483,2021-07-12,PIE,39217,20227,18990,4560,34186,471,ITC,ITC1,1,Piemonte,Piemonte,4356406,2090882,48.0,0.9
4484,2021-07-29,PIE,36642,19047,17595,9345,26645,652,ITC,ITC1,1,Piemonte,Piemonte,4356406,2127524,48.84,0.84
4485,2021-04-20,PIE,25528,11687,13841,18541,6356,631,ITC,ITC1,1,Piemonte,Piemonte,4356406,2153052,49.42,0.59
4486,2021-05-07,PIE,33135,15678,17457,18367,14151,617,ITC,ITC1,1,Piemonte,Piemonte,4356406,2186187,50.18,0.76
4487,2021-01-27,PIE,4199,1452,2747,994,3203,2,ITC,ITC1,1,Piemonte,Piemonte,4356406,2190386,50.28,0.1
4488,2021-02-13,PIE,4164,1342,2822,2924,1224,16,ITC,ITC1,1,Piemonte,Piemonte,4356406,2194550,50.38,0.1
4489,2021-07-31,PIE,35701,18977,16724,10730,24626,345,ITC,ITC1,1,Piemonte,Piemonte,4356406,2230251,51.19,0.82
4490,2021-08-17,PIE,18020,9667,8353,11671,5584,765,ITC,ITC1,1,Piemonte,Piemonte,4356406,2248271,51.61,0.41
4491,2021-05-09,PIE,27166,12937,14229,13154,13623,389,ITC,ITC1,1,Piemonte,Piemonte,4356406,2275437,52.23,0.62
4492,2021-05-16,PIE,28214,12804,15410,14752,13087,375,ITC,ITC1,1,Piemonte,Piemonte,4356406,2303651,52.88,0.65
4493,2021-02-05,PIE,9620,3140,6480,653,8965,2,ITC,ITC1,1,Piemonte,Piemonte,4356406,2313271,53.1,0.22
4494,2021-03-08,PIE,14301,5602,8699,11345,2713,243,ITC,ITC1,1,Piemonte,Piemonte,4356406,2327572,53.43,0.33
4495,2021-05-04,PIE,31568,14589,16979,17297,13681,590,ITC,ITC1,1,Piemonte,Piemonte,4356406,2359140,54.15,0.72
4496,2021-01-24,PIE,3160,964,2196,434,2724,2,ITC,ITC1,1,Piemonte,Piemonte,4356406,2362300,54.23,0.07
4497,2021-06-30,PIE,41308,20196,21112,18465,21967,876,ITC,ITC1,1,Piemonte,Piemonte,4356406,2403608,55.17,0.95
4498,2021-03-22,PIE,11538,4896,6642,3714,7607,217,ITC,ITC1,1,Piemonte,Piemonte,4356406,2415146,55.44,0.26
4499,2021-07-10,PIE,41198,20875,20323,6724,33936,538,ITC,ITC1,1,Piemonte,Piemonte,4356406,2456344,56.38,0.95
4500,2021-04-01,PIE,19419,8143,11276,10966,8130,323,ITC,ITC1,1,Piemonte,Piemonte,4356406,2475763,56.83,0.45
4501,2021-05-28,PIE,35109,16628,18481,18679,16018,412,ITC,ITC1,1,Piemonte,Piemonte,4356406,2510872,57.64,0.81
4502,2021-01-25,PIE,6229,1946,4283,975,5252,2,ITC,ITC1,1,Piemonte,Piemonte,4356406,2517101,57.78,0.14
4503,2021-07-22,PIE,41621,21917,19704,7005,34024,592,ITC,ITC1,1,Piemonte,Piemonte,4356406,2558722,58.73,0.96
4504,2021-04-13,PIE,26727,12019,14708,22589,3463,675,ITC,ITC1,1,Piemonte,Piemonte,4356406,2585449,59.35,0.61
4505,2021-01-20,PIE,6613,2086,4527,5890,716,7,ITC,ITC1,1,Piemonte,Piemonte,4356406,2592062,59.5,0.15
4506,2021-02-03,PIE,10216,3309,6907,609,9605,2,ITC,ITC1,1,Piemonte,Piemonte,4356406,2602278,59.73,0.23
4507,2021-04-18,PIE,22958,10811,12147,19631,2753,574,ITC,ITC1,1,Piemonte,Piemonte,4356406,2625236,60.26,0.53
4508,2021-01-08,PIE,5539,1764,3775,5537,0,2,ITC,ITC1,1,Piemonte,Piemonte,4356406,2630775,60.39,0.13
4509,2021-06-14,PIE,38050,19598,18452,30247,7098,705,ITC,ITC1,1,Piemonte,Piemonte,4356406,2668825,61.26,0.87
4510,2021-03-06,PIE,14025,5229,8796,11052,2794,179,ITC,ITC1,1,Piemonte,Piemonte,4356406,2682850,61.58,0.32
4511,2021-08-10,PIE,21854,11581,10273,12414,8822,618,ITC,ITC1,1,Piemonte,Piemonte,4356406,2704704,62.09,0.5
4512,2021-01-22,PIE,3874,1253,2621,2528,1345,1,ITC,ITC1,1,Piemonte,Piemonte,4356406,2708578,62.17,0.09
4513,2021-08-21,PIE,13265,7093,6172,7689,5080,496,ITC,ITC1,1,Piemonte,Piemonte,4356406,2721843,62.48,0.3
4514,2021-05-26,PIE,34201,15763,18438,15337,18508,356,ITC,ITC1,1,Piemonte,Piemonte,4356406,2756044,63.26,0.79
4515,2021-02-15,PIE,4436,1600,2836,3207,1206,23,ITC,ITC1,1,Piemonte,Piemonte,4356406,2760480,63.37,0.1
4516,2021-03-04,PIE,14730,5935,8795,11560,2947,223,ITC,ITC1,1,Piemonte,Piemonte,4356406,2775210,63.7,0.34
4517,2021-05-14,PIE,33473,16302,17171,17354,15447,672,ITC,ITC1,1,Piemonte,Piemonte,4356406,2808683,64.47,0.77
4518,2021-06-18,PIE,40680,20342,20338,25770,14228,682,ITC,ITC1,1,Piemonte,Piemonte,4356406,2849363,65.41,0.93
4519,2021-03-10,PIE,13941,5447,8494,11385,2293,263,ITC,ITC1,1,Piemonte,Piemonte,4356406,2863304,65.73,0.32
4520,2021-03-27,PIE,18407,7833,10574,9130,8832,445,ITC,ITC1,1,Piemonte,Piemonte,4356406,2881711,66.15,0.42
4521,2021-04-27,PIE,22652,10234,12418,16840,5160,652,ITC,ITC1,1,Piemonte,Piemonte,4356406,2904363,66.67,0.52
4522,2021-01-17,PIE,3526,1169,2357,2875,649,2,ITC,ITC1,1,Piemonte,Piemonte,4356406,2907889,66.75,0.08
4523,2021-03-15,PIE,10698,4197,6501,4932,5610,156,ITC,ITC1,1,Piemonte,Piemonte,4356406,2918587,67.0,0.25
4524,2021-05-11,PIE,32245,15544,16701,18356,13252,637,ITC,ITC1,1,Piemonte,Piemonte,4356406,2950832,67.74,0.74
4525,2021-01-31,PIE,4131,1759,2372,115,4016,0,ITC,ITC1,1,Piemonte,Piemonte,4356406,2954963,67.83,0.09
4526,2021-05-30,PIE,27812,13223,14589,18040,9396,376,ITC,ITC1,1,Piemonte,Piemonte,4356406,2982775,68.47,0.64
4527,2021-02-19,PIE,5548,2181,3367,4925,501,122,ITC,ITC1,1,Piemonte,Piemonte,4356406,2988323,68.6,0.13
4528,2021-06-04,PIE,37649,19686,17963,34071,2964,614,ITC,ITC1,1,Piemonte,Piemonte,4356406,3025972,69.46,0.86
4529,2021-02-24,PIE,11398,4613,6785,10744,504,150,ITC,ITC1,1,Piemonte,Piemonte,4356406,3037370,69.72,0.26
4530,2021-08-09,PIE,24701,12892,11809,12028,11988,685,ITC,ITC1,1,Piemonte,Piemonte,4356406,3062071,70.29,0.57
4531,2021-08-26,PIE,16765,9066,7699,8036,7988,741,ITC,ITC1,1,Piemonte,Piemonte,4356406,3078836,70.67,0.38
4532,2021-05-18,PIE,32213,14865,17348,19084,12684,445,ITC,ITC1,1,Piemonte,Piemonte,4356406,3111049,71.41,0.74
4533,2021-01-03,PIE,3066,971,2095,3065,0,1,ITC,ITC1,1,Piemonte,Piemonte,4356406,3114115,71.48,0.07
4534,2021-07-02,PIE,43801,22032,21769,17366,25578,857,ITC,ITC1,1,Piemonte,Piemonte,4356406,3157916,72.49,1.01
4535,2021-08-28,PIE,17404,9166,8238,7245,9550,609,ITC,ITC1,1,Piemonte,Piemonte,4356406,3175320,72.89,0.4
4536,2021-01-19,PIE,6469,2108,4361,6451,9,9,ITC,ITC1,1,Piemonte,Piemonte,4356406,3181789,73.04,0.15
4537,2021-07-23,PIE,38125,20098,18027,8013,29483,629,ITC,ITC1,1,Piemonte,Piemonte,4356406,3219914,73.91,0.88
4538,2021-04-14,PIE,28332,12828,15504,23049,4567,716,ITC,ITC1,1,Piemonte,Piemonte,4356406,3248246,74.56,0.65
4539,2021-08-06,PIE,30415,16091,14324,13288,16499,628,ITC,ITC1,1,Piemonte,Piemonte,4356406,3278661,75.26,0.7
4540,2021-07-26,PIE,32793,17064,15729,8281,23879,633,ITC,ITC1,1,Piemonte,Piemonte,4356406,3311454,76.01,0.75
4541,2021-04-17,PIE,30494,14163,16331,26467,3311,716,ITC,ITC1,1,Piemonte,Piemonte,4356406,3341948,76.71,0.7
4542,2021-06-13,PIE,38043,20075,17968,33145,4134,764,ITC,ITC1,1,Piemonte,Piemonte,4356406,3379991,77.59,0.87
4543,2021-02-10,PIE,7549,2375,5174,1301,6233,15,ITC,ITC1,1,Piemonte,Piemonte,4356406,3387540,77.76,0.17
4544,2021-04-08,PIE,25343,11032,14311,20050,4727,566,ITC,ITC1,1,Piemonte,Piemonte,4356406,3412883,78.34,0.58
4545,2021-07-18,PIE,32917,17263,15654,3244,29339,334,ITC,ITC1,1,Piemonte,Piemonte,4356406,3445800,79.1,0.76
4546,2021-02-07,PIE,3094,973,2121,442,2651,1,ITC,ITC1,1,Piemonte,Piemonte,4356406,3448894,79.17,0.07
4547,2021-07-11,PIE,33206,16923,16283,4526,28362,318,ITC,ITC1,1,Piemonte,Piemonte,4356406,3482100,79.93,0.76
4548,2021-06-25,PIE,45566,22706,22860,20279,24573,714,ITC,ITC1,1,Piemonte,Piemonte,4356406,3527666,80.98,1.05
4549,2021-04-03,PIE,19489,8201,11288,10601,8574,314,ITC,ITC1,1,Piemonte,Piemonte,4356406,3547155,81.42,0.45
4550,2021-01-10,PIE,5216,2276,2940,5214,0,2,ITC,ITC1,1,Piemonte,Piemonte,4356406,3552371,81.54,0.12
4551,2021-07-14,PIE,39038,20077,18961,3594,35018,426,ITC,ITC1,1,Piemonte,Piemonte,4356406,3591409,82.44,0.9
4552,2021-04-22,PIE,27687,12751,14936,20199,6694,794,ITC,ITC1,1,Piemonte,Piemonte,4356406,3619096,83.08,0.64
4553,2021-01-12,PIE,10091,3415,6676,10085,0,6,ITC,ITC1,1,Piemonte,Piemonte,4356406,3629187,83.31,0.23
4554,2021-01-29,PIE,5952,1889,4063,452,5500,0,ITC,ITC1,1,Piemonte,Piemonte,4356406,3635139,83.44,0.14
4555,2021-06-06,PIE,35147,18359,16788,32103,2491,553,ITC,ITC1,1,Piemonte,Piemonte,4356406,3670286,84.25,0.81
4556,2021-08-02,PIE,29921,15795,14126,9367,20053,501,ITC,ITC1,1,Piemonte,Piemonte,4356406,3700207,84.94,0.69
4557,2021-02-17,PIE,4806,2164,2642,3754,990,62,ITC,ITC1,1,Piemonte,Piemonte,4356406,3705013,85.05,0.11
4558,2021-06-08,PIE,37729,19526,18203,34163,2853,713,ITC,ITC1,1,Piemonte,Piemonte,4356406,3742742,85.91,0.87
4559,2021-08-04,PIE,29238,15439,13799,8905,19847,486,ITC,ITC1,1,Piemonte,Piemonte,4356406,3771980,86.58,0.67
4560,2021-04-26,PIE,19827,8762,11065,14915,4400,512,ITC,ITC1,1,Piemonte,Piemonte,4356406,3791807,87.04,0.46
4561,2021-08-25,PIE,16369,8834,7535,8253,7409,707,ITC,ITC1,1,Piemonte,Piemonte,4356406,3808176,87.42,0.38
4562,2021-06-03,PIE,34773,17995,16778,29738,4490,545,ITC,ITC1,1,Piemonte,Piemonte,4356406,3842949,88.21,0.8
4563,2021-07-07,PIE,38010,18888,19122,9690,27737,583,ITC,ITC1,1,Piemonte,Piemonte,4356406,3880959,89.09,0.87
4564,2021-03-29,PIE,15265,6482,8783,8389,6615,261,ITC,ITC1,1,Piemonte,Piemonte,4356406,3896224,89.44,0.35
4565,2021-07-21,PIE,38014,20168,17846,6541,30954,519,ITC,ITC1,1,Piemonte,Piemonte,4356406,3934238,90.31,0.87
4566,2021-04-12,PIE,22963,10367,12596,19447,2993,523,ITC,ITC1,1,Piemonte,Piemonte,4356406,3957201,90.84,0.53
4567,2021-01-02,PIE,3550,1133,2417,3549,0,1,ITC,ITC1,1,Piemonte,Piemonte,4356406,3960751,90.92,0.08
4568,2021-05-13,PIE,35742,17555,18187,19889,15138,715,ITC,ITC1,1,Piemonte,Piemonte,4356406,3996493,91.74,0.82
4569,2021-02-02,PIE,10271,3516,6755,810,9460,1,ITC,ITC1,1,Piemonte,Piemonte,4356406,4006764,91.97,0.24
4570,2021-07-09,PIE,40460,20646,19814,5755,34175,530,ITC,ITC1,1,Piemonte,Piemonte,4356406,4047224,92.9,0.93
4571,2021-03-31,PIE,19138,8127,11011,10101,8695,342,ITC,ITC1,1,Piemonte,Piemonte,4356406,4066362,93.34,0.44
4572,2021-05-27,PIE,37489,17427,20062,18844,18198,447,ITC,ITC1,1,Piemonte,Piemonte,4356406,4103851,94.2,0.86
4573,2021-02-16,PIE,3980,1764,2216,3167,764,49,ITC,ITC1,1,Piemonte,Piemonte,4356406,4107831,94.29,0.09
4574,2021-08-30,PIE,20707,10767,9940,7192,12858,657,ITC,ITC1,1,Piemonte,Piemonte,4356406,4128538,94.77,0.48
4575,2021-05-22,PIE,33559,15154,18405,16910,16238,411,ITC,ITC1,1,Piemonte,Piemonte,4356406,4162097,95.54,0.77
4576,2021-07-19,PIE,39623,20619,19004,4486,34719,418,ITC,ITC1,1,Piemonte,Piemonte,4356406,4201720,96.45,0.91
4577,2021-04-10,PIE,30189,13422,16767,25267,4267,655,ITC,ITC1,1,Piemonte,Piemonte,4356406,4231909,97.14,0.69
4578,2021-04-15,PIE,29617,13571,16046,23407,5522,688,ITC,ITC1,1,Piemonte,Piemonte,4356406,4261526,97.82,0.68
4579,2021-01-05,PIE,5395,1610,3785,5389,0,6,ITC,ITC1,1,Piemonte,Piemonte,4356406,4266921,97.95,0.12
4580,2021-02-28,PIE,10823,4061,6762,10404,241,178,ITC,ITC1,1,Piemonte,Piemonte,4356406,4277744,98.19,0.25
4581,2021-03-17,PIE,12529,5061,7468,5037,7303,189,ITC,ITC1,1,Piemonte,Piemonte,4356406,4290273,98.48,0.29
4582,2021-08-11,PIE,23352,12558,10794,13393,9352,607,ITC,ITC1,1,Piemonte,Piemonte,4356406,4313625,99.02,0.54
4583,2021-05-03,PIE,26705,12217,14488,12043,14221,441,ITC,ITC1,1,Piemonte,Piemonte,4356406,4340330,99.63,0.61
4584,2021-02-26,PIE,12303,4938,7365,11354,739,210,ITC,ITC1,1,Piemonte,Piemonte,4356406,4352633,99.91,0.28
4585,2021-03-24,PIE,15594,6408,9186,6098,9136,360,ITC,ITC1,1,Piemonte,Piemonte,4356406,4368227,100.27,0.36
4586,2021-05-01,PIE,28572,13007,15565,16319,11801,452,ITC,ITC1,1,Piemonte,Piemonte,4356406,4396799,100.93,0.66
4587,2021-01-21,PIE,6879,2313,4566,3371,3502,6,ITC,ITC1,1,Piemonte,Piemonte,4356406,4403678,101.09,0.16
4588,2021-08-23,PIE,18293,9825,8468,8799,8916,578,ITC,ITC1,1,Piemonte,Piemonte,4356406,4421971,101.51,0.42
4589,2021-05-15,PIE,33813,15763,18050,19407,13739,667,ITC,ITC1,1,Piemonte,Piemonte,4356406,4455784,102.28,0.78
4590,2021-06-01,PIE,29596,14878,14718,24482,4682,432,ITC,ITC1,1,Piemonte,Piemonte,4356406,4485380,102.96,0.68
4591,2021-02-21,PIE,5098,2085,3013,4944,104,50,ITC,ITC1,1,Piemonte,Piemonte,4356406,4490478,103.08,0.12
4592,2021-06-10,PIE,40549,21201,19348,37081,2593,875,ITC,ITC1,1,Piemonte,Piemonte,4356406,4531027,104.01,0.93
4593,2021-06-27,PIE,37566,18617,18949,15205,21763,598,ITC,ITC1,1,Piemonte,Piemonte,4356406,4568593,104.87,0.86
4594,2021-03-19,PIE,11037,4522,6515,4219,6609,209,ITC,ITC1,1,Piemonte,Piemonte,4356406,4579630,105.12,0.25
4595,2021-04-05,PIE,14763,6242,8521,11951,2560,252,ITC,ITC1,1,Piemonte,Piemonte,4356406,4594393,105.46,0.34
4596,2021-06-22,PIE,40675,20113,20562,17788,22328,559,ITC,ITC1,1,Piemonte,Piemonte,4356406,4635068,106.4,0.93
4597,2021-01-07,PIE,5390,1734,3656,5388,0,2,ITC,ITC1,1,Piemonte,Piemonte,4356406,4640458,106.52,0.12
4598,2021-03-05,PIE,15647,6298,9349,11541,3827,279,ITC,ITC1,1,Piemonte,Piemonte,4356406,4656105,106.88,0.36
4599,2021-07-28,PIE,34783,18074,16709,9139,25039,605,ITC,ITC1,1,Piemonte,Piemonte,4356406,4690888,107.68,0.8
4600,2021-06-15,PIE,39002,20084,18918,26529,11785,688,ITC,ITC1,1,Piemonte,Piemonte,4356406,4729890,108.57,0.9
4601,2021-03-07,PIE,11998,4671,7327,10867,877,254,ITC,ITC1,1,Piemonte,Piemonte,4356406,4741888,108.85,0.28
4602,2021-04-24,PIE,27539,12450,15089,21310,5664,565,ITC,ITC1,1,Piemonte,Piemonte,4356406,4769427,109.48,0.63
4603,2021-01-14,PIE,9783,3156,6627,9777,0,6,ITC,ITC1,1,Piemonte,Piemonte,4356406,4779210,109.71,0.22
4604,2021-06-20,PIE,34122,17107,17015,18780,14779,563,ITC,ITC1,1,Piemonte,Piemonte,4356406,4813332,110.49,0.78
4605,2021-03-12,PIE,14224,5410,8814,10988,2945,291,ITC,ITC1,1,Piemonte,Piemonte,4356406,4827556,110.82,0.33
4606,2021-07-04,PIE,33813,17046,16767,11239,21953,621,ITC,ITC1,1,Piemonte,Piemonte,4356406,4861369,111.59,0.78
4607,2021-03-26,PIE,17939,7132,10807,8522,8887,530,ITC,ITC1,1,Piemonte,Piemonte,4356406,4879308,112.0,0.41
4608,2021-05-20,PIE,38686,17973,20713,13351,24976,359,ITC,ITC1,1,Piemonte,Piemonte,4356406,4917994,112.89,0.89
4609,2021-02-09,PIE,7405,2319,5086,715,6688,2,ITC,ITC1,1,Piemonte,Piemonte,4356406,4925399,113.06,0.17
4610,2021-07-16,PIE,42111,21997,20114,3601,38093,417,ITC,ITC1,1,Piemonte,Piemonte,4356406,4967510,114.03,0.97
4611,2021-04-07,PIE,23645,10007,13638,17646,5461,538,ITC,ITC1,1,Piemonte,Piemonte,4356406,4991155,114.57,0.54
4612,2021-06-29,PIE,40579,20267,20312,19183,20698,698,ITC,ITC1,1,Piemonte,Piemonte,4356406,5031734,115.5,0.93
4613,2020-12-31,PIE,3891,1326,2565,3891,0,0,ITC,ITC1,1,Piemonte,Piemonte,4356406,5035625,115.59,0.09
4614,2021-06-28,PIE,38475,19106,19369,15129,22750,596,ITC,ITC1,1,Piemonte,Piemonte,4356406,5074100,116.47,0.88
4615,2021-04-06,PIE,20742,9043,11699,15081,5207,454,ITC,ITC1,1,Piemonte,Piemonte,4356406,5094842,116.95,0.48
4616,2020-12-27,PIE,914,370,544,914,0,0,ITC,ITC1,1,Piemonte,Piemonte,4356406,5095756,116.97,0.02
4617,2021-08-31,PIE,16296,8565,7731,5551,10286,459,ITC,ITC1,1,Piemonte,Piemonte,4356406,5112052,117.35,0.37
4618,2021-06-09,PIE,38684,20378,18306,35163,2734,787,ITC,ITC1,1,Piemonte,Piemonte,4356406,5150736,118.23,0.89
4619,2021-03-18,PIE,11778,4814,6964,3839,7746,193,ITC,ITC1,1,Piemonte,Piemonte,4356406,5162514,118.5,0.27
4620,2021-03-03,PIE,12368,4863,7505,11356,819,193,ITC,ITC1,1,Piemonte,Piemonte,4356406,5174882,118.79,0.28
4621,2021-03-20,PIE,11925,4897,7028,5773,5900,252,ITC,ITC1,1,Piemonte,Piemonte,4356406,5186807,119.06,0.27
4622,2021-08-14,PIE,15070,8114,6956,9767,4755,548,ITC,ITC1,1,Piemonte,Piemonte,4356406,5201877,119.41,0.35
4623,2021-05-06,PIE,33446,15795,17651,19295,13549,602,ITC,ITC1,1,Piemonte,Piemonte,4356406,5235323,120.18,0.77
4624,2021-05-23,PIE,28807,13166,15641,15480,13012,315,ITC,ITC1,1,Piemonte,Piemonte,4356406,5264130,120.84,0.66
4625,2021-02-12,PIE,6900,2219,4681,3912,2963,25,ITC,ITC1,1,Piemonte,Piemonte,4356406,5271030,120.99,0.16
4626,2021-03-01,PIE,12174,4964,7210,11184,810,180,ITC,ITC1,1,Piemonte,Piemonte,4356406,5283204,121.27,0.28
4627,2021-05-25,PIE,31919,14794,17125,15631,15894,394,ITC,ITC1,1,Piemonte,Piemonte,4356406,5315123,122.01,0.73
4628,2021-06-11,PIE,43636,23095,20541,39982,2840,814,ITC,ITC1,1,Piemonte,Piemonte,4356406,5358759,123.01,1.0
4629,2021-08-18,PIE,18045,9747,8298,11563,5752,730,ITC,ITC1,1,Piemonte,Piemonte,4356406,5376804,123.42,0.41
4630,2021-04-19,PIE,22571,10772,11799,17653,4356,562,ITC,ITC1,1,Piemonte,Piemonte,4356406,5399375,123.94,0.52
4631,2021-01-09,PIE,6190,2190,4000,6188,0,2,ITC,ITC1,1,Piemonte,Piemonte,4356406,5405565,124.08,0.14
4632,2021-01-26,PIE,6358,1894,4464,736,5621,1,ITC,ITC1,1,Piemonte,Piemonte,4356406,5411923,124.23,0.15
4633,2021-07-30,PIE,35754,18672,17082,9511,25768,475,ITC,ITC1,1,Piemonte,Piemonte,4356406,5447677,125.05,0.82
4634,2021-08-16,PIE,19195,10192,9003,11566,6803,826,ITC,ITC1,1,Piemonte,Piemonte,4356406,5466872,125.49,0.44
4635,2021-05-08,PIE,34326,16278,18048,18143,15660,523,ITC,ITC1,1,Piemonte,Piemonte,4356406,5501198,126.28,0.79
4636,2021-01-28,PIE,5606,1811,3795,380,5226,0,ITC,ITC1,1,Piemonte,Piemonte,4356406,5506804,126.41,0.13
4637,2021-02-14,PIE,1482,501,981,871,604,7,ITC,ITC1,1,Piemonte,Piemonte,4356406,5508286,126.44,0.03
4638,2021-08-01,SAR,3054,1501,1553,1030,1988,36,ITG,ITG2,20,Sardegna,Sardegna,1639591,3054,0.19,0.19
4639,2021-04-23,SAR,12888,5756,7132,7247,5492,149,ITG,ITG2,20,Sardegna,Sardegna,1639591,15942,0.97,0.79
4640,2021-05-10,SAR,9872,4403,5469,7150,2542,180,ITG,ITG2,20,Sardegna,Sardegna,1639591,25814,1.57,0.6
4641,2021-01-30,SAR,3870,1394,2476,363,3507,0,ITG,ITG2,20,Sardegna,Sardegna,1639591,29684,1.81,0.24
4642,2021-03-09,SAR,5544,2746,2798,4747,727,70,ITG,ITG2,20,Sardegna,Sardegna,1639591,35228,2.15,0.34
4643,2021-08-13,SAR,9950,5418,4532,6315,3516,119,ITG,ITG2,20,Sardegna,Sardegna,1639591,45178,2.76,0.61
4644,2021-05-05,SAR,10201,4657,5544,7951,2039,211,ITG,ITG2,20,Sardegna,Sardegna,1639591,55379,3.38,0.62
4645,2021-02-11,SAR,1311,488,823,1200,111,0,ITG,ITG2,20,Sardegna,Sardegna,1639591,56690,3.46,0.08
4646,2021-05-24,SAR,14470,7256,7214,8355,5983,132,ITG,ITG2,20,Sardegna,Sardegna,1639591,71160,4.34,0.88
4647,2021-02-13,SAR,1447,562,885,1441,2,4,ITG,ITG2,20,Sardegna,Sardegna,1639591,72607,4.43,0.09
4648,2021-01-16,SAR,1493,527,966,1493,0,0,ITG,ITG2,20,Sardegna,Sardegna,1639591,74100,4.52,0.09
4649,2021-08-15,SAR,21,11,10,11,10,0,ITG,ITG2,20,Sardegna,Sardegna,1639591,74121,4.52,0.0
4650,2021-08-27,SAR,8386,4496,3890,4910,3335,141,ITG,ITG2,20,Sardegna,Sardegna,1639591,82507,5.03,0.51
4651,2021-05-19,SAR,17045,8677,8368,12620,4257,168,ITG,ITG2,20,Sardegna,Sardegna,1639591,99552,6.07,1.04
4652,2021-06-05,SAR,17887,8440,9447,11285,6467,135,ITG,ITG2,20,Sardegna,Sardegna,1639591,117439,7.16,1.09
4653,2021-02-25,SAR,2900,1255,1645,2262,604,34,ITG,ITG2,20,Sardegna,Sardegna,1639591,120339,7.34,0.18
4654,2021-03-14,SAR,606,378,228,596,1,9,ITG,ITG2,20,Sardegna,Sardegna,1639591,120945,7.38,0.04
4655,2021-04-09,SAR,12344,5487,6857,7835,4369,140,ITG,ITG2,20,Sardegna,Sardegna,1639591,133289,8.13,0.75
4656,2021-07-20,SAR,16148,7931,8217,3654,12404,90,ITG,ITG2,20,Sardegna,Sardegna,1639591,149437,9.11,0.98
4657,2021-04-11,SAR,5402,2446,2956,4252,1122,28,ITG,ITG2,20,Sardegna,Sardegna,1639591,154839,9.44,0.33
4658,2021-06-07,SAR,12565,6145,6420,9437,3006,122,ITG,ITG2,20,Sardegna,Sardegna,1639591,167404,10.21,0.77
4659,2021-02-04,SAR,2273,815,1458,910,1360,3,ITG,ITG2,20,Sardegna,Sardegna,1639591,169677,10.35,0.14
4660,2021-07-01,SAR,19834,9765,10069,7258,12483,93,ITG,ITG2,20,Sardegna,Sardegna,1639591,189511,11.56,1.21
4661,2021-03-23,SAR,6440,2898,3542,5180,1082,178,ITG,ITG2,20,Sardegna,Sardegna,1639591,195951,11.95,0.39
4662,2021-07-15,SAR,18778,9236,9542,4646,14031,101,ITG,ITG2,20,Sardegna,Sardegna,1639591,214729,13.1,1.15
4663,2021-08-03,SAR,14573,7506,7067,7516,6862,195,ITG,ITG2,20,Sardegna,Sardegna,1639591,229302,13.99,0.89
4664,2021-06-19,SAR,15345,7516,7829,9120,6126,99,ITG,ITG2,20,Sardegna,Sardegna,1639591,244647,14.92,0.94
4665,2021-07-06,SAR,15936,7723,8213,4660,11176,100,ITG,ITG2,20,Sardegna,Sardegna,1639591,260583,15.89,0.97
4666,2021-03-28,SAR,4558,1805,2753,4408,78,72,ITG,ITG2,20,Sardegna,Sardegna,1639591,265141,16.17,0.28
4667,2021-01-04,SAR,588,215,373,588,0,0,ITG,ITG2,20,Sardegna,Sardegna,1639591,265729,16.21,0.04
4668,2021-06-12,SAR,14756,7195,7561,9936,4702,118,ITG,ITG2,20,Sardegna,Sardegna,1639591,280485,17.11,0.9
4669,2021-03-04,SAR,4381,2309,2072,3059,1257,65,ITG,ITG2,20,Sardegna,Sardegna,1639591,284866,17.37,0.27
4670,2021-03-21,SAR,4039,1813,2226,2573,1440,26,ITG,ITG2,20,Sardegna,Sardegna,1639591,288905,17.62,0.25
4671,2021-03-02,SAR,3041,1631,1410,1814,1154,73,ITG,ITG2,20,Sardegna,Sardegna,1639591,291946,17.81,0.19
4672,2021-04-28,SAR,9029,4285,4744,5165,3713,151,ITG,ITG2,20,Sardegna,Sardegna,1639591,300975,18.36,0.55
4673,2021-01-18,SAR,903,324,579,779,124,0,ITG,ITG2,20,Sardegna,Sardegna,1639591,301878,18.41,0.06
4674,2021-06-24,SAR,19201,9213,9988,8116,10982,103,ITG,ITG2,20,Sardegna,Sardegna,1639591,321079,19.58,1.17
4675,2021-03-16,SAR,4400,1953,2447,3433,923,44,ITG,ITG2,20,Sardegna,Sardegna,1639591,325479,19.85,0.27
4676,2021-05-29,SAR,18000,8652,9348,13235,4598,167,ITG,ITG2,20,Sardegna,Sardegna,1639591,343479,20.95,1.1
4677,2021-02-18,SAR,1879,731,1148,1774,64,41,ITG,ITG2,20,Sardegna,Sardegna,1639591,345358,21.06,0.11
4678,2021-05-31,SAR,11368,5410,5958,8160,3110,98,ITG,ITG2,20,Sardegna,Sardegna,1639591,356726,21.76,0.69
4679,2021-07-27,SAR,16535,8386,8149,4219,12205,111,ITG,ITG2,20,Sardegna,Sardegna,1639591,373261,22.77,1.01
4680,2021-04-18,SAR,5137,2229,2908,2230,2878,29,ITG,ITG2,20,Sardegna,Sardegna,1639591,378398,23.08,0.31
4681,2021-01-08,SAR,3260,1186,2074,3258,0,2,ITG,ITG2,20,Sardegna,Sardegna,1639591,381658,23.28,0.2
4682,2021-08-08,SAR,1885,980,905,1021,841,23,ITG,ITG2,20,Sardegna,Sardegna,1639591,383543,23.39,0.11
4683,2021-06-26,SAR,19161,9013,10148,5455,13631,75,ITG,ITG2,20,Sardegna,Sardegna,1639591,402704,24.56,1.17
4684,2021-08-22,SAR,1163,650,513,403,757,3,ITG,ITG2,20,Sardegna,Sardegna,1639591,403867,24.63,0.07
4685,2021-04-30,SAR,11156,5309,5847,6757,4212,187,ITG,ITG2,20,Sardegna,Sardegna,1639591,415023,25.31,0.68
4686,2021-05-17,SAR,12823,6261,6562,9128,3547,148,ITG,ITG2,20,Sardegna,Sardegna,1639591,427846,26.09,0.78
4687,2021-02-06,SAR,1975,702,1273,564,1408,3,ITG,ITG2,20,Sardegna,Sardegna,1639591,429821,26.22,0.12
4688,2021-02-23,SAR,1568,1046,522,1270,281,17,ITG,ITG2,20,Sardegna,Sardegna,1639591,431389,26.31,0.1
4689,2021-07-24,SAR,12388,6387,6001,1998,10363,27,ITG,ITG2,20,Sardegna,Sardegna,1639591,443777,27.07,0.76
4690,2021-04-02,SAR,8999,3555,5444,5592,3245,162,ITG,ITG2,20,Sardegna,Sardegna,1639591,452776,27.62,0.55
4691,2021-07-13,SAR,17806,8523,9283,3250,14478,78,ITG,ITG2,20,Sardegna,Sardegna,1639591,470582,28.7,1.09
4692,2021-04-04,SAR,2,1,1,0,2,0,ITG,ITG2,20,Sardegna,Sardegna,1639591,470584,28.7,0.0
4693,2021-08-20,SAR,10172,5352,4820,4794,5228,150,ITG,ITG2,20,Sardegna,Sardegna,1639591,480756,29.32,0.62
4694,2021-05-12,SAR,11144,5266,5878,7794,3139,211,ITG,ITG2,20,Sardegna,Sardegna,1639591,491900,30.0,0.68
4695,2020-12-28,SAR,66,26,40,66,0,0,ITG,ITG2,20,Sardegna,Sardegna,1639591,491966,30.01,0.0
4696,2021-06-14,SAR,13748,6643,7105,9790,3816,142,ITG,ITG2,20,Sardegna,Sardegna,1639591,505714,30.84,0.84
4697,2021-03-06,SAR,2640,1082,1558,782,1781,77,ITG,ITG2,20,Sardegna,Sardegna,1639591,508354,31.0,0.16
4698,2021-07-08,SAR,18445,8971,9474,3832,14528,85,ITG,ITG2,20,Sardegna,Sardegna,1639591,526799,32.13,1.12
4699,2021-07-25,SAR,4343,2142,2201,862,3466,15,ITG,ITG2,20,Sardegna,Sardegna,1639591,531142,32.39,0.26
4700,2021-04-16,SAR,14463,6498,7965,8941,5344,178,ITG,ITG2,20,Sardegna,Sardegna,1639591,545605,33.28,0.88
4701,2021-01-23,SAR,60,22,38,0,60,0,ITG,ITG2,20,Sardegna,Sardegna,1639591,545665,33.28,0.0
4702,2021-01-13,SAR,575,179,396,575,0,0,ITG,ITG2,20,Sardegna,Sardegna,1639591,546240,33.32,0.04
4703,2021-07-17,SAR,12869,6301,6568,3178,9624,67,ITG,ITG2,20,Sardegna,Sardegna,1639591,559109,34.1,0.78
4704,2021-04-21,SAR,12083,5558,6525,6439,5541,103,ITG,ITG2,20,Sardegna,Sardegna,1639591,571192,34.84,0.74
4705,2021-01-11,SAR,1185,506,679,1184,0,1,ITG,ITG2,20,Sardegna,Sardegna,1639591,572377,34.91,0.07
4706,2021-06-17,SAR,18464,8530,9934,9918,8425,121,ITG,ITG2,20,Sardegna,Sardegna,1639591,590841,36.04,1.13
4707,2021-01-25,SAR,591,214,377,22,569,0,ITG,ITG2,20,Sardegna,Sardegna,1639591,591432,36.07,0.04
4708,2021-08-24,SAR,10103,5402,4701,4813,5135,155,ITG,ITG2,20,Sardegna,Sardegna,1639591,601535,36.69,0.62
4709,2021-05-16,SAR,8226,3833,4393,5985,2161,80,ITG,ITG2,20,Sardegna,Sardegna,1639591,609761,37.19,0.5
4710,2021-07-12,SAR,15336,7413,7923,2403,12877,56,ITG,ITG2,20,Sardegna,Sardegna,1639591,625097,38.13,0.94
4711,2021-07-05,SAR,15583,7572,8011,3327,12207,49,ITG,ITG2,20,Sardegna,Sardegna,1639591,640680,39.08,0.95
4712,2021-08-31,SAR,6576,3484,3092,2681,3791,104,ITG,ITG2,20,Sardegna,Sardegna,1639591,647256,39.48,0.4
4713,2021-06-02,SAR,9787,4693,5094,8060,1640,87,ITG,ITG2,20,Sardegna,Sardegna,1639591,657043,40.07,0.6
4714,2021-07-29,SAR,17897,9045,8852,6526,11205,166,ITG,ITG2,20,Sardegna,Sardegna,1639591,674940,41.17,1.09
4715,2021-04-20,SAR,11014,5003,6011,7694,3221,99,ITG,ITG2,20,Sardegna,Sardegna,1639591,685954,41.84,0.67
4716,2021-05-07,SAR,14493,6641,7852,9710,4530,253,ITG,ITG2,20,Sardegna,Sardegna,1639591,700447,42.72,0.88
4717,2021-01-27,SAR,1416,498,918,78,1338,0,ITG,ITG2,20,Sardegna,Sardegna,1639591,701863,42.81,0.09
4718,2021-07-03,SAR,15843,7563,8280,3236,12575,32,ITG,ITG2,20,Sardegna,Sardegna,1639591,717706,43.77,0.97
4719,2021-03-25,SAR,9138,3987,5151,7688,1305,145,ITG,ITG2,20,Sardegna,Sardegna,1639591,726844,44.33,0.56
4720,2021-08-29,SAR,476,250,226,355,107,14,ITG,ITG2,20,Sardegna,Sardegna,1639591,727320,44.36,0.03
4721,2021-05-21,SAR,22646,11205,11441,16264,6102,280,ITG,ITG2,20,Sardegna,Sardegna,1639591,749966,45.74,1.38
4722,2021-06-28,SAR,14994,7041,7953,3051,11877,66,ITG,ITG2,20,Sardegna,Sardegna,1639591,764960,46.66,0.91
4723,2021-04-06,SAR,7478,3127,4351,4972,2430,76,ITG,ITG2,20,Sardegna,Sardegna,1639591,772438,47.11,0.46
4724,2020-12-27,SAR,65,34,31,65,0,0,ITG,ITG2,20,Sardegna,Sardegna,1639591,772503,47.12,0.0
4725,2021-04-25,SAR,4507,2274,2233,3677,781,49,ITG,ITG2,20,Sardegna,Sardegna,1639591,777010,47.39,0.27
4726,2021-01-15,SAR,1561,572,989,1559,0,2,ITG,ITG2,20,Sardegna,Sardegna,1639591,778571,47.49,0.1
4727,2021-08-17,SAR,10609,5535,5074,6093,4390,126,ITG,ITG2,20,Sardegna,Sardegna,1639591,789180,48.13,0.65
4728,2021-02-01,SAR,1525,607,918,224,1301,0,ITG,ITG2,20,Sardegna,Sardegna,1639591,790705,48.23,0.09
4729,2021-06-16,SAR,17634,8275,9359,12164,5309,161,ITG,ITG2,20,Sardegna,Sardegna,1639591,808339,49.3,1.08
4730,2021-01-01,SAR,32,17,15,32,0,0,ITG,ITG2,20,Sardegna,Sardegna,1639591,808371,49.3,0.0
4731,2021-02-27,SAR,1918,644,1274,1318,559,41,ITG,ITG2,20,Sardegna,Sardegna,1639591,810289,49.42,0.12
4732,2021-07-31,SAR,10320,5458,4862,5276,4963,81,ITG,ITG2,20,Sardegna,Sardegna,1639591,820609,50.05,0.63
4733,2021-08-19,SAR,10753,5685,5068,5732,4889,132,ITG,ITG2,20,Sardegna,Sardegna,1639591,831362,50.71,0.66
4734,2021-05-28,SAR,17957,8700,9257,13492,4277,188,ITG,ITG2,20,Sardegna,Sardegna,1639591,849319,51.8,1.1
4735,2021-02-17,SAR,1409,579,830,1275,74,60,ITG,ITG2,20,Sardegna,Sardegna,1639591,850728,51.89,0.09
4736,2021-05-25,SAR,15144,7705,7439,8489,6478,177,ITG,ITG2,20,Sardegna,Sardegna,1639591,865872,52.81,0.92
4737,2021-02-22,SAR,1639,948,691,1385,228,26,ITG,ITG2,20,Sardegna,Sardegna,1639591,867511,52.91,0.1
4738,2021-03-11,SAR,6431,3096,3335,5148,1201,82,ITG,ITG2,20,Sardegna,Sardegna,1639591,873942,53.3,0.39
4739,2021-06-04,SAR,14504,6942,7562,9783,4562,159,ITG,ITG2,20,Sardegna,Sardegna,1639591,888446,54.19,0.88
4740,2021-06-21,SAR,14028,6734,7294,5123,8831,74,ITG,ITG2,20,Sardegna,Sardegna,1639591,902474,55.04,0.86
4741,2021-06-11,SAR,14784,7025,7759,9092,5538,154,ITG,ITG2,20,Sardegna,Sardegna,1639591,917258,55.94,0.9
4742,2021-03-03,SAR,4126,2288,1838,2741,1299,86,ITG,ITG2,20,Sardegna,Sardegna,1639591,921384,56.2,0.25
4743,2021-06-30,SAR,17773,8514,9259,4806,12886,81,ITG,ITG2,20,Sardegna,Sardegna,1639591,939157,57.28,1.08
4744,2021-03-22,SAR,3699,1501,2198,3101,514,84,ITG,ITG2,20,Sardegna,Sardegna,1639591,942856,57.51,0.23
4745,2021-02-05,SAR,1905,752,1153,430,1473,2,ITG,ITG2,20,Sardegna,Sardegna,1639591,944761,57.62,0.12
4746,2021-04-03,SAR,4680,1811,2869,2640,1971,69,ITG,ITG2,20,Sardegna,Sardegna,1639591,949441,57.91,0.29
4747,2021-05-30,SAR,9729,4838,4891,7301,2358,70,ITG,ITG2,20,Sardegna,Sardegna,1639591,959170,58.5,0.59
4748,2021-02-19,SAR,1506,473,1033,1403,56,47,ITG,ITG2,20,Sardegna,Sardegna,1639591,960676,58.59,0.09
4749,2021-08-05,SAR,15653,8231,7422,8693,6800,160,ITG,ITG2,20,Sardegna,Sardegna,1639591,976329,59.55,0.95
4750,2021-02-20,SAR,2040,854,1186,1683,334,23,ITG,ITG2,20,Sardegna,Sardegna,1639591,978369,59.67,0.12
4751,2021-08-07,SAR,8211,4308,3903,5437,2706,68,ITG,ITG2,20,Sardegna,Sardegna,1639591,986580,60.17,0.5
4752,2021-04-29,SAR,11130,5109,6021,6612,4359,159,ITG,ITG2,20,Sardegna,Sardegna,1639591,997710,60.85,0.68
4753,2021-05-09,SAR,6125,2873,3252,5108,925,92,ITG,ITG2,20,Sardegna,Sardegna,1639591,1003835,61.22,0.37
4754,2021-05-26,SAR,15536,8191,7345,9701,5651,184,ITG,ITG2,20,Sardegna,Sardegna,1639591,1019371,62.17,0.95
4755,2021-02-15,SAR,957,349,608,920,31,6,ITG,ITG2,20,Sardegna,Sardegna,1639591,1020328,62.23,0.06
4756,2021-03-18,SAR,7255,3074,4181,5573,1607,75,ITG,ITG2,20,Sardegna,Sardegna,1639591,1027583,62.67,0.44
4757,2021-05-14,SAR,14586,6874,7712,10758,3644,184,ITG,ITG2,20,Sardegna,Sardegna,1639591,1042169,63.56,0.89
4758,2021-02-03,SAR,1119,419,700,424,694,1,ITG,ITG2,20,Sardegna,Sardegna,1639591,1043288,63.63,0.07
4759,2021-07-10,SAR,14239,6888,7351,2704,11502,33,ITG,ITG2,20,Sardegna,Sardegna,1639591,1057527,64.5,0.87
4760,2021-04-01,SAR,10175,4078,6097,7008,3017,150,ITG,ITG2,20,Sardegna,Sardegna,1639591,1067702,65.12,0.62
4761,2021-07-21,SAR,19393,9501,9892,3909,15400,84,ITG,ITG2,20,Sardegna,Sardegna,1639591,1087095,66.3,1.18
4762,2021-03-13,SAR,2757,1077,1680,2435,281,41,ITG,ITG2,20,Sardegna,Sardegna,1639591,1089852,66.47,0.17
4763,2021-03-30,SAR,8780,3595,5185,6350,2276,154,ITG,ITG2,20,Sardegna,Sardegna,1639591,1098632,67.01,0.54
4764,2021-01-06,SAR,1619,548,1071,1619,0,0,ITG,ITG2,20,Sardegna,Sardegna,1639591,1100251,67.11,0.1
4765,2021-06-23,SAR,20547,9668,10879,6192,14262,93,ITG,ITG2,20,Sardegna,Sardegna,1639591,1120798,68.36,1.25
4766,2021-07-22,SAR,18333,9265,9068,4506,13718,109,ITG,ITG2,20,Sardegna,Sardegna,1639591,1139131,69.48,1.12
4767,2021-04-13,SAR,7631,3602,4029,5739,1826,66,ITG,ITG2,20,Sardegna,Sardegna,1639591,1146762,69.94,0.47
4768,2021-06-09,SAR,15470,7369,8101,11575,3744,151,ITG,ITG2,20,Sardegna,Sardegna,1639591,1162232,70.89,0.94
4769,2021-04-08,SAR,13450,5935,7515,8215,5120,115,ITG,ITG2,20,Sardegna,Sardegna,1639591,1175682,71.71,0.82
4770,2021-07-14,SAR,16909,8191,8718,3775,13023,111,ITG,ITG2,20,Sardegna,Sardegna,1639591,1192591,72.74,1.03
4771,2020-12-29,SAR,57,32,25,57,0,0,ITG,ITG2,20,Sardegna,Sardegna,1639591,1192648,72.74,0.0
4772,2021-04-22,SAR,10516,4667,5849,5499,4924,93,ITG,ITG2,20,Sardegna,Sardegna,1639591,1203164,73.38,0.64
4773,2021-01-12,SAR,866,408,458,866,0,0,ITG,ITG2,20,Sardegna,Sardegna,1639591,1204030,73.43,0.05
4774,2021-05-11,SAR,8969,4191,4778,6397,2435,137,ITG,ITG2,20,Sardegna,Sardegna,1639591,1212999,73.98,0.55
4775,2021-01-31,SAR,2122,752,1370,45,2077,0,ITG,ITG2,20,Sardegna,Sardegna,1639591,1215121,74.11,0.13
4776,2021-03-27,SAR,5741,2194,3547,5224,422,95,ITG,ITG2,20,Sardegna,Sardegna,1639591,1220862,74.46,0.35
4777,2021-05-23,SAR,9968,4809,5159,7623,2247,98,ITG,ITG2,20,Sardegna,Sardegna,1639591,1230830,75.07,0.61
4778,2021-02-12,SAR,2241,934,1307,2176,59,6,ITG,ITG2,20,Sardegna,Sardegna,1639591,1233071,75.21,0.14
4779,2021-07-19,SAR,15230,7630,7600,2797,12383,50,ITG,ITG2,20,Sardegna,Sardegna,1639591,1248301,76.13,0.93
4780,2021-04-10,SAR,10506,4754,5752,8453,1945,108,ITG,ITG2,20,Sardegna,Sardegna,1639591,1258807,76.78,0.64
4781,2021-06-25,SAR,16513,7810,8703,3900,12556,57,ITG,ITG2,20,Sardegna,Sardegna,1639591,1275320,77.78,1.01
4782,2021-01-10,SAR,2183,749,1434,2182,0,1,ITG,ITG2,20,Sardegna,Sardegna,1639591,1277503,77.92,0.13
4783,2021-03-20,SAR,5198,2076,3122,2893,2278,27,ITG,ITG2,20,Sardegna,Sardegna,1639591,1282701,78.23,0.32
4784,2021-06-13,SAR,9502,4678,4824,6162,3260,80,ITG,ITG2,20,Sardegna,Sardegna,1639591,1292203,78.81,0.58
4785,2021-01-29,SAR,2959,1071,1888,45,2912,2,ITG,ITG2,20,Sardegna,Sardegna,1639591,1295162,78.99,0.18
4786,2021-02-10,SAR,1961,766,1195,1435,520,6,ITG,ITG2,20,Sardegna,Sardegna,1639591,1297123,79.11,0.12
4787,2021-02-14,SAR,538,263,275,536,2,0,ITG,ITG2,20,Sardegna,Sardegna,1639591,1297661,79.15,0.03
4788,2021-07-18,SAR,5695,2876,2819,984,4701,10,ITG,ITG2,20,Sardegna,Sardegna,1639591,1303356,79.49,0.35
4789,2021-08-18,SAR,10693,5533,5160,5706,4857,130,ITG,ITG2,20,Sardegna,Sardegna,1639591,1314049,80.14,0.65
4790,2021-04-05,SAR,2045,784,1261,2004,1,40,ITG,ITG2,20,Sardegna,Sardegna,1639591,1316094,80.27,0.12
4791,2021-08-21,SAR,5640,3065,2575,3654,1895,91,ITG,ITG2,20,Sardegna,Sardegna,1639591,1321734,80.61,0.34
4792,2021-03-08,SAR,4698,2442,2256,3423,1222,53,ITG,ITG2,20,Sardegna,Sardegna,1639591,1326432,80.9,0.29
4793,2021-05-04,SAR,9579,4401,5178,7541,1881,157,ITG,ITG2,20,Sardegna,Sardegna,1639591,1336011,81.48,0.58
4794,2021-01-24,SAR,91,35,56,5,86,0,ITG,ITG2,20,Sardegna,Sardegna,1639591,1336102,81.49,0.01
4795,2021-01-07,SAR,3107,1073,2034,3103,0,4,ITG,ITG2,20,Sardegna,Sardegna,1639591,1339209,81.68,0.19
4796,2021-06-10,SAR,17813,8480,9333,11644,6043,126,ITG,ITG2,20,Sardegna,Sardegna,1639591,1357022,82.77,1.09
4797,2021-08-06,SAR,13823,7174,6649,7991,5659,173,ITG,ITG2,20,Sardegna,Sardegna,1639591,1370845,83.61,0.84
4798,2021-08-09,SAR,13415,6973,6442,6475,6794,146,ITG,ITG2,20,Sardegna,Sardegna,1639591,1384260,84.43,0.82
4799,2021-08-26,SAR,9428,4997,4431,5355,3947,126,ITG,ITG2,20,Sardegna,Sardegna,1639591,1393688,85.0,0.58
4800,2021-05-18,SAR,14758,7382,7376,9417,5211,130,ITG,ITG2,20,Sardegna,Sardegna,1639591,1408446,85.9,0.9
4801,2021-02-24,SAR,2420,1299,1121,2184,194,42,ITG,ITG2,20,Sardegna,Sardegna,1639591,1410866,86.05,0.15
4802,2021-07-02,SAR,18934,8893,10041,4405,14431,98,ITG,ITG2,20,Sardegna,Sardegna,1639591,1429800,87.2,1.15
4803,2021-04-27,SAR,7634,3563,4071,5477,2045,112,ITG,ITG2,20,Sardegna,Sardegna,1639591,1437434,87.67,0.47
4804,2021-01-17,SAR,860,277,583,859,1,0,ITG,ITG2,20,Sardegna,Sardegna,1639591,1438294,87.72,0.05
4805,2021-03-15,SAR,2801,1318,1483,2385,374,42,ITG,ITG2,20,Sardegna,Sardegna,1639591,1441095,87.89,0.17
4806,2021-07-04,SAR,8207,3988,4219,2067,6125,15,ITG,ITG2,20,Sardegna,Sardegna,1639591,1449302,88.39,0.5
4807,2021-03-26,SAR,8479,3526,4953,6812,1528,139,ITG,ITG2,20,Sardegna,Sardegna,1639591,1457781,88.91,0.52
4808,2021-08-30,SAR,8750,4673,4077,4838,3755,157,ITG,ITG2,20,Sardegna,Sardegna,1639591,1466531,89.44,0.53
4809,2021-05-22,SAR,24942,11989,12953,19491,5146,305,ITG,ITG2,20,Sardegna,Sardegna,1639591,1491473,90.97,1.52
4810,2021-06-29,SAR,17892,8605,9287,3753,14090,49,ITG,ITG2,20,Sardegna,Sardegna,1639591,1509365,92.06,1.09
4811,2021-08-02,SAR,13117,6602,6515,6210,6729,178,ITG,ITG2,20,Sardegna,Sardegna,1639591,1522482,92.86,0.8
4812,2021-01-28,SAR,2976,1045,1931,68,2908,0,ITG,ITG2,20,Sardegna,Sardegna,1639591,1525458,93.04,0.18
4813,2021-04-12,SAR,7000,3184,3816,5216,1713,71,ITG,ITG2,20,Sardegna,Sardegna,1639591,1532458,93.47,0.43
4814,2021-01-02,SAR,60,21,39,60,0,0,ITG,ITG2,20,Sardegna,Sardegna,1639591,1532518,93.47,0.0
4815,2021-06-08,SAR,14835,7071,7764,11169,3511,155,ITG,ITG2,20,Sardegna,Sardegna,1639591,1547353,94.37,0.9
4816,2021-02-28,SAR,367,169,198,139,226,2,ITG,ITG2,20,Sardegna,Sardegna,1639591,1547720,94.4,0.02
4817,2021-08-04,SAR,16216,8528,7688,9600,6353,263,ITG,ITG2,20,Sardegna,Sardegna,1639591,1563936,95.39,0.99
4818,2021-04-26,SAR,6864,3277,3587,5865,903,96,ITG,ITG2,20,Sardegna,Sardegna,1639591,1570800,95.8,0.42
4819,2020-12-31,SAR,32,16,16,32,0,0,ITG,ITG2,20,Sardegna,Sardegna,1639591,1570832,95.81,0.0
4820,2021-07-30,SAR,15205,7856,7349,6623,8416,166,ITG,ITG2,20,Sardegna,Sardegna,1639591,1586037,96.73,0.93
4821,2021-06-18,SAR,16489,7509,8980,8604,7770,115,ITG,ITG2,20,Sardegna,Sardegna,1639591,1602526,97.74,1.01
4822,2021-03-10,SAR,6063,2959,3104,5136,853,74,ITG,ITG2,20,Sardegna,Sardegna,1639591,1608589,98.11,0.37
4823,2021-08-14,SAR,1794,1025,769,990,794,10,ITG,ITG2,20,Sardegna,Sardegna,1639591,1610383,98.22,0.11
4824,2021-05-06,SAR,12973,6023,6950,9563,3159,251,ITG,ITG2,20,Sardegna,Sardegna,1639591,1623356,99.01,0.79
4825,2021-03-01,SAR,2273,1158,1115,1583,660,30,ITG,ITG2,20,Sardegna,Sardegna,1639591,1625629,99.15,0.14
4826,2021-08-28,SAR,4162,2395,1767,2852,1251,59,ITG,ITG2,20,Sardegna,Sardegna,1639591,1629791,99.4,0.25
4827,2021-06-06,SAR,10038,5002,5036,6316,3653,69,ITG,ITG2,20,Sardegna,Sardegna,1639591,1639829,100.01,0.61
4828,2021-01-19,SAR,748,269,479,692,55,1,ITG,ITG2,20,Sardegna,Sardegna,1639591,1640577,100.06,0.05
4829,2021-03-17,SAR,6553,2848,3705,4907,1609,37,ITG,ITG2,20,Sardegna,Sardegna,1639591,1647130,100.46,0.4
4830,2021-06-27,SAR,9020,4310,4710,2957,6035,28,ITG,ITG2,20,Sardegna,Sardegna,1639591,1656150,101.01,0.55
4831,2021-06-01,SAR,14323,6655,7668,9637,4591,95,ITG,ITG2,20,Sardegna,Sardegna,1639591,1670473,101.88,0.87
4832,2021-02-21,SAR,1588,709,879,1557,30,1,ITG,ITG2,20,Sardegna,Sardegna,1639591,1672061,101.98,0.1
4833,2021-07-28,SAR,16794,8620,8174,6320,10326,148,ITG,ITG2,20,Sardegna,Sardegna,1639591,1688855,103.0,1.02
4834,2021-04-19,SAR,10195,4629,5566,8624,1429,142,ITG,ITG2,20,Sardegna,Sardegna,1639591,1699050,103.63,0.62
4835,2021-01-09,SAR,4015,1415,2600,4015,0,0,ITG,ITG2,20,Sardegna,Sardegna,1639591,1703065,103.87,0.24
4836,2021-06-15,SAR,14688,6808,7880,9813,4741,134,ITG,ITG2,20,Sardegna,Sardegna,1639591,1717753,104.77,0.9
4837,2021-05-27,SAR,17829,9263,8566,12085,5535,209,ITG,ITG2,20,Sardegna,Sardegna,1639591,1735582,105.85,1.09
4838,2021-02-16,SAR,699,289,410,663,27,9,ITG,ITG2,20,Sardegna,Sardegna,1639591,1736281,105.9,0.04
4839,2021-03-05,SAR,5216,2611,2605,2818,2359,39,ITG,ITG2,20,Sardegna,Sardegna,1639591,1741497,106.22,0.32
4840,2021-03-19,SAR,7270,3048,4222,4992,2219,59,ITG,ITG2,20,Sardegna,Sardegna,1639591,1748767,106.66,0.44
4841,2021-07-23,SAR,15759,7787,7972,3404,12277,78,ITG,ITG2,20,Sardegna,Sardegna,1639591,1764526,107.62,0.96
4842,2021-04-14,SAR,8268,3910,4358,6967,1239,62,ITG,ITG2,20,Sardegna,Sardegna,1639591,1772794,108.12,0.5
4843,2021-05-01,SAR,9933,4774,5159,5369,4461,103,ITG,ITG2,20,Sardegna,Sardegna,1639591,1782727,108.73,0.61
4844,2021-01-21,SAR,127,61,66,94,33,0,ITG,ITG2,20,Sardegna,Sardegna,1639591,1782854,108.74,0.01
4845,2021-02-07,SAR,1120,396,724,227,892,1,ITG,ITG2,20,Sardegna,Sardegna,1639591,1783974,108.81,0.07
4846,2021-05-13,SAR,12383,5866,6517,8722,3448,213,ITG,ITG2,20,Sardegna,Sardegna,1639591,1796357,109.56,0.76
4847,2021-02-02,SAR,1501,670,831,257,1244,0,ITG,ITG2,20,Sardegna,Sardegna,1639591,1797858,109.65,0.09
4848,2021-08-23,SAR,10522,5566,4956,5636,4710,176,ITG,ITG2,20,Sardegna,Sardegna,1639591,1808380,110.29,0.64
4849,2021-05-15,SAR,13817,6432,7385,10195,3437,185,ITG,ITG2,20,Sardegna,Sardegna,1639591,1822197,111.14,0.84
4850,2021-07-11,SAR,6380,3120,3260,1425,4920,35,ITG,ITG2,20,Sardegna,Sardegna,1639591,1828577,111.53,0.39
4851,2021-03-24,SAR,7412,3114,4298,5910,1357,145,ITG,ITG2,20,Sardegna,Sardegna,1639591,1835989,111.98,0.45
4852,2021-07-16,SAR,16935,8475,8460,4553,12247,135,ITG,ITG2,20,Sardegna,Sardegna,1639591,1852924,113.01,1.03
4853,2021-04-07,SAR,13563,6057,7506,7827,5657,79,ITG,ITG2,20,Sardegna,Sardegna,1639591,1866487,113.84,0.83
4854,2021-04-24,SAR,10397,4861,5536,7888,2375,134,ITG,ITG2,20,Sardegna,Sardegna,1639591,1876884,114.47,0.63
4855,2021-01-14,SAR,1106,425,681,1106,0,0,ITG,ITG2,20,Sardegna,Sardegna,1639591,1877990,114.54,0.07
4856,2021-03-07,SAR,1658,751,907,1113,541,4,ITG,ITG2,20,Sardegna,Sardegna,1639591,1879648,114.64,0.1
4857,2021-08-11,SAR,11926,6361,5565,6145,5601,180,ITG,ITG2,20,Sardegna,Sardegna,1639591,1891574,115.37,0.73
4858,2021-05-03,SAR,8207,3833,4374,6490,1604,113,ITG,ITG2,20,Sardegna,Sardegna,1639591,1899781,115.87,0.5
4859,2021-05-20,SAR,16370,7884,8486,11262,4900,208,ITG,ITG2,20,Sardegna,Sardegna,1639591,1916151,116.87,1.0
4860,2021-02-09,SAR,2288,835,1453,1284,999,5,ITG,ITG2,20,Sardegna,Sardegna,1639591,1918439,117.01,0.14
4861,2021-02-26,SAR,2804,1106,1698,2446,306,52,ITG,ITG2,20,Sardegna,Sardegna,1639591,1921243,117.18,0.17
4862,2021-01-26,SAR,1341,456,885,27,1314,0,ITG,ITG2,20,Sardegna,Sardegna,1639591,1922584,117.26,0.08
4863,2021-08-16,SAR,8461,4411,4050,4550,3796,115,ITG,ITG2,20,Sardegna,Sardegna,1639591,1931045,117.78,0.52
4864,2021-05-08,SAR,13106,5978,7128,10659,2287,160,ITG,ITG2,20,Sardegna,Sardegna,1639591,1944151,118.58,0.8
4865,2021-08-10,SAR,14239,7507,6732,6249,7828,162,ITG,ITG2,20,Sardegna,Sardegna,1639591,1958390,119.44,0.87
4866,2021-05-02,SAR,5990,2712,3278,5218,667,105,ITG,ITG2,20,Sardegna,Sardegna,1639591,1964380,119.81,0.37
4867,2021-02-08,SAR,1469,533,936,852,616,1,ITG,ITG2,20,Sardegna,Sardegna,1639591,1965849,119.9,0.09
4868,2021-08-12,SAR,12480,6614,5866,6626,5686,168,ITG,ITG2,20,Sardegna,Sardegna,1639591,1978329,120.66,0.76
4869,2021-01-20,SAR,210,77,133,208,2,0,ITG,ITG2,20,Sardegna,Sardegna,1639591,1978539,120.67,0.01
4870,2021-03-29,SAR,4760,1857,2903,4077,589,94,ITG,ITG2,20,Sardegna,Sardegna,1639591,1983299,120.96,0.29
4871,2021-04-15,SAR,11855,5544,6311,6779,4956,120,ITG,ITG2,20,Sardegna,Sardegna,1639591,1995154,121.69,0.72
4872,2021-01-05,SAR,1322,443,879,1322,0,0,ITG,ITG2,20,Sardegna,Sardegna,1639591,1996476,121.77,0.08
4873,2021-01-22,SAR,83,47,36,55,28,0,ITG,ITG2,20,Sardegna,Sardegna,1639591,1996559,121.77,0.01
4874,2021-07-26,SAR,14599,7288,7311,4123,10399,77,ITG,ITG2,20,Sardegna,Sardegna,1639591,2011158,122.66,0.89
4875,2021-04-17,SAR,10093,4506,5587,5401,4608,84,ITG,ITG2,20,Sardegna,Sardegna,1639591,2021251,123.28,0.62
4876,2021-01-03,SAR,90,36,54,90,0,0,ITG,ITG2,20,Sardegna,Sardegna,1639591,2021341,123.28,0.01
4877,2021-07-07,SAR,15910,7730,8180,4086,11771,53,ITG,ITG2,20,Sardegna,Sardegna,1639591,2037251,124.25,0.97
4878,2021-06-22,SAR,19342,8991,10351,7166,12075,101,ITG,ITG2,20,Sardegna,Sardegna,1639591,2056593,125.43,1.18
4879,2021-07-09,SAR,15879,7599,8280,3431,12365,83,ITG,ITG2,20,Sardegna,Sardegna,1639591,2072472,126.4,0.97
4880,2021-03-31,SAR,10272,4156,6116,7701,2433,138,ITG,ITG2,20,Sardegna,Sardegna,1639591,2082744,127.03,0.63
4881,2021-08-25,SAR,10062,5290,4772,4240,5711,111,ITG,ITG2,20,Sardegna,Sardegna,1639591,2092806,127.64,0.61
4882,2021-06-03,SAR,16398,7645,8753,10565,5692,141,ITG,ITG2,20,Sardegna,Sardegna,1639591,2109204,128.64,1.0
4883,2021-06-20,SAR,6295,2807,3488,3635,2628,32,ITG,ITG2,20,Sardegna,Sardegna,1639591,2115499,129.03,0.38
4884,2021-03-12,SAR,5980,2622,3358,4517,1309,154,ITG,ITG2,20,Sardegna,Sardegna,1639591,2121479,129.39,0.36
4885,2021-08-01,LOM,53142,28435,24707,27339,24264,1539,ITC,ITC4,3,Lombardia,Lombardia,10060574,53142,0.53,0.53
4886,2021-04-23,LOM,73637,33369,40268,55559,16649,1429,ITC,ITC4,3,Lombardia,Lombardia,10060574,126779,1.26,0.73
4887,2021-08-06,LOM,85585,46641,38944,17783,66946,856,ITC,ITC4,3,Lombardia,Lombardia,10060574,212364,2.11,0.85
4888,2021-04-28,LOM,95797,43689,52108,66891,26943,1963,ITC,ITC4,3,Lombardia,Lombardia,10060574,308161,3.06,0.95
4889,2021-06-24,LOM,109762,56738,53024,78377,29007,2378,ITC,ITC4,3,Lombardia,Lombardia,10060574,417923,4.15,1.09
4890,2021-03-16,LOM,25536,10131,15405,16307,9107,122,ITC,ITC4,3,Lombardia,Lombardia,10060574,443459,4.41,0.25
4891,2021-05-12,LOM,87569,41777,45792,57283,27607,2679,ITC,ITC4,3,Lombardia,Lombardia,10060574,531028,5.28,0.87
4892,2021-07-20,LOM,95034,49099,45935,6925,87368,741,ITC,ITC4,3,Lombardia,Lombardia,10060574,626062,6.22,0.94
4893,2021-02-04,LOM,28011,8166,19845,2047,25959,5,ITC,ITC4,3,Lombardia,Lombardia,10060574,654073,6.5,0.28
4894,2021-07-18,LOM,97105,50593,46512,8544,87867,694,ITC,ITC4,3,Lombardia,Lombardia,10060574,751178,7.47,0.97
4895,2021-04-09,LOM,52452,22394,30058,35588,16022,842,ITC,ITC4,3,Lombardia,Lombardia,10060574,803630,7.99,0.52
4896,2021-07-13,LOM,108713,56841,51872,15456,92022,1235,ITC,ITC4,3,Lombardia,Lombardia,10060574,912343,9.07,1.08
4897,2021-04-04,LOM,7614,3231,4383,3682,3898,34,ITC,ITC4,3,Lombardia,Lombardia,10060574,919957,9.14,0.08
4898,2021-01-16,LOM,15646,5786,9860,15635,0,11,ITC,ITC4,3,Lombardia,Lombardia,10060574,935603,9.3,0.16
4899,2021-08-15,LOM,7000,3988,3012,2934,3883,183,ITC,ITC4,3,Lombardia,Lombardia,10060574,942603,9.37,0.07
4900,2021-03-28,LOM,20636,7880,12756,13966,6285,385,ITC,ITC4,3,Lombardia,Lombardia,10060574,963239,9.57,0.21
4901,2021-04-14,LOM,47235,21048,26187,33537,12986,712,ITC,ITC4,3,Lombardia,Lombardia,10060574,1010474,10.04,0.47
4902,2021-01-04,LOM,6132,2119,4013,6125,0,7,ITC,ITC4,3,Lombardia,Lombardia,10060574,1016606,10.1,0.06
4903,2021-06-19,LOM,104404,52031,52373,56232,46750,1422,ITC,ITC4,3,Lombardia,Lombardia,10060574,1121010,11.14,1.04
4904,2021-07-06,LOM,102173,50884,51289,23097,77660,1416,ITC,ITC4,3,Lombardia,Lombardia,10060574,1223183,12.16,1.02
4905,2021-05-24,LOM,89622,43527,46095,48600,40085,937,ITC,ITC4,3,Lombardia,Lombardia,10060574,1312805,13.05,0.89
4906,2021-02-11,LOM,17133,5024,12109,9636,7418,79,ITC,ITC4,3,Lombardia,Lombardia,10060574,1329938,13.22,0.17
4907,2021-05-31,LOM,95739,47431,48308,78388,16248,1103,ITC,ITC4,3,Lombardia,Lombardia,10060574,1425677,14.17,0.95
4908,2021-02-16,LOM,9528,3081,6447,8976,451,101,ITC,ITC4,3,Lombardia,Lombardia,10060574,1435205,14.27,0.09
4909,2021-06-10,LOM,102725,52271,50454,86432,14493,1800,ITC,ITC4,3,Lombardia,Lombardia,10060574,1537930,15.29,1.02
4910,2021-03-02,LOM,22841,9711,13130,19530,3046,265,ITC,ITC4,3,Lombardia,Lombardia,10060574,1560771,15.51,0.23
4911,2021-08-20,LOM,27102,14999,12103,14128,11879,1095,ITC,ITC4,3,Lombardia,Lombardia,10060574,1587873,15.78,0.27
4912,2021-08-27,LOM,35737,19220,16517,18533,14617,2587,ITC,ITC4,3,Lombardia,Lombardia,10060574,1623610,16.14,0.36
4913,2021-06-05,LOM,102447,52962,49485,91104,9831,1512,ITC,ITC4,3,Lombardia,Lombardia,10060574,1726057,17.16,1.02
4914,2021-03-14,LOM,14882,5349,9533,11216,3289,377,ITC,ITC4,3,Lombardia,Lombardia,10060574,1740939,17.3,0.15
4915,2021-05-10,LOM,85319,40905,44414,61595,21598,2126,ITC,ITC4,3,Lombardia,Lombardia,10060574,1826258,18.15,0.85
4916,2021-01-30,LOM,12355,4585,7770,146,12200,9,ITC,ITC4,3,Lombardia,Lombardia,10060574,1838613,18.28,0.12
4917,2021-06-12,LOM,89330,48066,41264,84312,3174,1844,ITC,ITC4,3,Lombardia,Lombardia,10060574,1927943,19.16,0.89
4918,2021-06-29,LOM,107316,53217,54099,57429,47879,2008,ITC,ITC4,3,Lombardia,Lombardia,10060574,2035259,20.23,1.07
4919,2021-06-17,LOM,108659,52751,55908,50539,56943,1177,ITC,ITC4,3,Lombardia,Lombardia,10060574,2143918,21.31,1.08
4920,2021-03-09,LOM,33265,12881,20384,25250,7421,594,ITC,ITC4,3,Lombardia,Lombardia,10060574,2177183,21.64,0.33
4921,2021-08-13,LOM,53436,29602,23834,20515,31656,1265,ITC,ITC4,3,Lombardia,Lombardia,10060574,2230619,22.17,0.53
4922,2021-05-05,LOM,88115,42009,46106,70426,15357,2332,ITC,ITC4,3,Lombardia,Lombardia,10060574,2318734,23.05,0.88
4923,2021-07-01,LOM,105138,52891,52247,53345,49393,2400,ITC,ITC4,3,Lombardia,Lombardia,10060574,2423872,24.09,1.05
4924,2021-04-02,LOM,41415,16951,24464,26212,14648,555,ITC,ITC4,3,Lombardia,Lombardia,10060574,2465287,24.5,0.41
4925,2021-08-12,LOM,56889,31251,25638,21988,33519,1382,ITC,ITC4,3,Lombardia,Lombardia,10060574,2522176,25.07,0.57
4926,2021-01-09,LOM,12506,4612,7894,12498,0,8,ITC,ITC4,3,Lombardia,Lombardia,10060574,2534682,25.19,0.12
4927,2021-03-07,LOM,12095,5364,6731,9338,2563,194,ITC,ITC4,3,Lombardia,Lombardia,10060574,2546777,25.31,0.12
4928,2021-01-27,LOM,8070,2685,5385,807,7261,2,ITC,ITC4,3,Lombardia,Lombardia,10060574,2554847,25.39,0.08
4929,2021-07-03,LOM,102511,51717,50794,44537,55864,2110,ITC,ITC4,3,Lombardia,Lombardia,10060574,2657358,26.41,1.02
4930,2021-03-25,LOM,43042,16094,26948,29254,12877,911,ITC,ITC4,3,Lombardia,Lombardia,10060574,2700400,26.84,0.43
4931,2021-08-29,LOM,25189,13530,11659,12729,11160,1300,ITC,ITC4,3,Lombardia,Lombardia,10060574,2725589,27.09,0.25
4932,2021-05-21,LOM,93929,45278,48651,28391,64777,761,ITC,ITC4,3,Lombardia,Lombardia,10060574,2819518,28.03,0.93
4933,2021-07-08,LOM,114702,58453,56249,13230,100448,1024,ITC,ITC4,3,Lombardia,Lombardia,10060574,2934220,29.17,1.14
4934,2021-07-25,LOM,86637,45735,40902,9422,76434,781,ITC,ITC4,3,Lombardia,Lombardia,10060574,3020857,30.03,0.86
4935,2021-04-16,LOM,53728,23939,29789,38418,14393,917,ITC,ITC4,3,Lombardia,Lombardia,10060574,3074585,30.56,0.53
4936,2021-05-03,LOM,83750,39782,43968,69454,12141,2155,ITC,ITC4,3,Lombardia,Lombardia,10060574,3158335,31.39,0.83
4937,2021-01-23,LOM,1127,361,766,925,199,3,ITC,ITC4,3,Lombardia,Lombardia,10060574,3159462,31.4,0.01
4938,2021-07-27,LOM,104936,56843,48093,7478,96754,704,ITC,ITC4,3,Lombardia,Lombardia,10060574,3264398,32.45,1.04
4939,2021-03-26,LOM,41376,15729,25647,27506,13190,680,ITC,ITC4,3,Lombardia,Lombardia,10060574,3305774,32.86,0.41
4940,2021-05-22,LOM,70677,33867,36810,31727,38234,716,ITC,ITC4,3,Lombardia,Lombardia,10060574,3376451,33.56,0.7
4941,2021-05-29,LOM,88389,42439,45950,41398,46147,844,ITC,ITC4,3,Lombardia,Lombardia,10060574,3464840,34.44,0.88
4942,2021-02-18,LOM,14062,4930,9132,12825,1038,199,ITC,ITC4,3,Lombardia,Lombardia,10060574,3478902,34.58,0.14
4943,2020-12-28,LOM,108,47,61,108,0,0,ITC,ITC4,3,Lombardia,Lombardia,10060574,3479010,34.58,0.0
4944,2021-04-21,LOM,71888,32583,39305,55824,14697,1367,ITC,ITC4,3,Lombardia,Lombardia,10060574,3550898,35.3,0.71
4945,2021-01-11,LOM,16312,5391,10921,16302,0,10,ITC,ITC4,3,Lombardia,Lombardia,10060574,3567210,35.46,0.16
4946,2021-01-28,LOM,12271,3722,8549,795,11469,7,ITC,ITC4,3,Lombardia,Lombardia,10060574,3579481,35.58,0.12
4947,2021-02-23,LOM,11834,4807,7027,11292,332,210,ITC,ITC4,3,Lombardia,Lombardia,10060574,3591315,35.7,0.12
4948,2021-08-08,LOM,58836,31955,26881,16680,41362,794,ITC,ITC4,3,Lombardia,Lombardia,10060574,3650151,36.28,0.58
4949,2021-08-25,LOM,44494,24036,20458,21652,19733,3109,ITC,ITC4,3,Lombardia,Lombardia,10060574,3694645,36.72,0.44
4950,2021-05-17,LOM,94692,45374,49318,29504,64439,749,ITC,ITC4,3,Lombardia,Lombardia,10060574,3789337,37.67,0.94
4951,2021-03-21,LOM,23522,8499,15023,17728,5197,597,ITC,ITC4,3,Lombardia,Lombardia,10060574,3812859,37.9,0.23
4952,2021-02-13,LOM,6427,2445,3982,4887,1479,61,ITC,ITC4,3,Lombardia,Lombardia,10060574,3819286,37.96,0.06
4953,2021-07-17,LOM,108503,57293,51210,10219,97359,925,ITC,ITC4,3,Lombardia,Lombardia,10060574,3927789,39.04,1.08
4954,2021-01-13,LOM,26481,8099,18382,26456,0,25,ITC,ITC4,3,Lombardia,Lombardia,10060574,3954270,39.3,0.26
4955,2021-01-18,LOM,9266,2991,6275,8276,975,15,ITC,ITC4,3,Lombardia,Lombardia,10060574,3963536,39.4,0.09
4956,2021-03-23,LOM,42631,15490,27141,28867,12901,863,ITC,ITC4,3,Lombardia,Lombardia,10060574,4006167,39.82,0.42
4957,2021-08-24,LOM,47536,25868,21668,24447,19453,3636,ITC,ITC4,3,Lombardia,Lombardia,10060574,4053703,40.29,0.47
4958,2021-01-25,LOM,7120,2397,4723,513,6604,3,ITC,ITC4,3,Lombardia,Lombardia,10060574,4060823,40.36,0.07
4959,2021-02-01,LOM,16121,5336,10785,307,15812,2,ITC,ITC4,3,Lombardia,Lombardia,10060574,4076944,40.52,0.16
4960,2021-07-05,LOM,101930,49788,52142,31505,68535,1890,ITC,ITC4,3,Lombardia,Lombardia,10060574,4178874,41.54,1.01
4961,2021-08-31,LOM,46506,24808,21698,26016,17467,3023,ITC,ITC4,3,Lombardia,Lombardia,10060574,4225380,42.0,0.46
4962,2021-04-11,LOM,32228,13946,18282,24319,7397,512,ITC,ITC4,3,Lombardia,Lombardia,10060574,4257608,42.32,0.32
4963,2021-01-01,LOM,24,7,17,24,0,0,ITC,ITC4,3,Lombardia,Lombardia,10060574,4257632,42.32,0.0
4964,2021-06-07,LOM,99017,50442,48575,84033,13360,1624,ITC,ITC4,3,Lombardia,Lombardia,10060574,4356649,43.3,0.98
4965,2021-02-27,LOM,13955,5876,8079,13153,645,157,ITC,ITC4,3,Lombardia,Lombardia,10060574,4370604,43.44,0.14
4966,2020-12-30,LOM,115,42,73,115,0,0,ITC,ITC4,3,Lombardia,Lombardia,10060574,4370719,43.44,0.0
4967,2021-06-16,LOM,99370,50476,48894,49860,48359,1151,ITC,ITC4,3,Lombardia,Lombardia,10060574,4470089,44.43,0.99
4968,2021-05-07,LOM,92427,43742,48685,68047,22439,1941,ITC,ITC4,3,Lombardia,Lombardia,10060574,4562516,45.35,0.92
4969,2021-03-18,LOM,27461,10982,16479,15939,11295,227,ITC,ITC4,3,Lombardia,Lombardia,10060574,4589977,45.62,0.27
4970,2021-08-22,LOM,18209,10164,8045,7600,10067,542,ITC,ITC4,3,Lombardia,Lombardia,10060574,4608186,45.8,0.18
4971,2021-05-14,LOM,86047,41436,44611,53158,30368,2521,ITC,ITC4,3,Lombardia,Lombardia,10060574,4694233,46.66,0.86
4972,2021-08-03,LOM,85821,46537,39284,13484,71610,727,ITC,ITC4,3,Lombardia,Lombardia,10060574,4780054,47.51,0.85
4973,2021-04-25,LOM,51617,23665,27952,45525,4840,1252,ITC,ITC4,3,Lombardia,Lombardia,10060574,4831671,48.03,0.51
4974,2021-06-28,LOM,108094,55065,53029,74297,31191,2606,ITC,ITC4,3,Lombardia,Lombardia,10060574,4939765,49.1,1.07
4975,2021-07-15,LOM,109394,56281,53113,13386,94818,1190,ITC,ITC4,3,Lombardia,Lombardia,10060574,5049159,50.19,1.09
4976,2021-04-06,LOM,43100,17597,25503,24451,17956,693,ITC,ITC4,3,Lombardia,Lombardia,10060574,5092259,50.62,0.43
4977,2021-07-29,LOM,74422,40426,33996,33774,38696,1952,ITC,ITC4,3,Lombardia,Lombardia,10060574,5166681,51.36,0.74
4978,2021-03-04,LOM,29374,12135,17239,20065,9087,222,ITC,ITC4,3,Lombardia,Lombardia,10060574,5196055,51.65,0.29
4979,2021-05-19,LOM,83303,39786,43517,33119,49373,811,ITC,ITC4,3,Lombardia,Lombardia,10060574,5279358,52.48,0.83
4980,2021-02-08,LOM,10133,2935,7198,2125,8000,8,ITC,ITC4,3,Lombardia,Lombardia,10060574,5289491,52.58,0.1
4981,2021-02-25,LOM,15357,6371,8986,13536,1621,200,ITC,ITC4,3,Lombardia,Lombardia,10060574,5304848,52.73,0.15
4982,2021-02-06,LOM,15309,5556,9753,1014,14290,5,ITC,ITC4,3,Lombardia,Lombardia,10060574,5320157,52.88,0.15
4983,2021-06-30,LOM,107002,53007,53995,56591,48288,2123,ITC,ITC4,3,Lombardia,Lombardia,10060574,5427159,53.94,1.06
4984,2021-03-22,LOM,40365,14315,26050,28952,10576,837,ITC,ITC4,3,Lombardia,Lombardia,10060574,5467524,54.35,0.4
4985,2021-04-08,LOM,52464,21795,30669,35298,16490,676,ITC,ITC4,3,Lombardia,Lombardia,10060574,5519988,54.87,0.52
4986,2020-12-29,LOM,106,45,61,106,0,0,ITC,ITC4,3,Lombardia,Lombardia,10060574,5520094,54.87,0.0
4987,2021-07-14,LOM,109446,56857,52589,14355,93684,1407,ITC,ITC4,3,Lombardia,Lombardia,10060574,5629540,55.96,1.09
4988,2021-07-31,LOM,71110,38777,32333,36368,32721,2021,ITC,ITC4,3,Lombardia,Lombardia,10060574,5700650,56.66,0.71
4989,2021-04-22,LOM,74068,33441,40627,56220,16441,1407,ITC,ITC4,3,Lombardia,Lombardia,10060574,5774718,57.4,0.74
4990,2021-03-03,LOM,27024,11531,15493,19487,7317,220,ITC,ITC4,3,Lombardia,Lombardia,10060574,5801742,57.67,0.27
4991,2021-07-12,LOM,111876,57506,54370,14802,95935,1139,ITC,ITC4,3,Lombardia,Lombardia,10060574,5913618,58.78,1.11
4992,2021-04-03,LOM,36324,14897,21427,25791,10150,383,ITC,ITC4,3,Lombardia,Lombardia,10060574,5949942,59.14,0.36
4993,2021-05-30,LOM,74420,35612,38808,33793,40008,619,ITC,ITC4,3,Lombardia,Lombardia,10060574,6024362,59.88,0.74
4994,2021-07-26,LOM,109609,58918,50691,7711,101139,759,ITC,ITC4,3,Lombardia,Lombardia,10060574,6133971,60.97,1.09
4995,2021-03-06,LOM,21363,9108,12255,16543,4519,301,ITC,ITC4,3,Lombardia,Lombardia,10060574,6155334,61.18,0.21
4996,2021-06-09,LOM,103713,52252,51461,87438,14550,1725,ITC,ITC4,3,Lombardia,Lombardia,10060574,6259047,62.21,1.03
4997,2021-03-08,LOM,29821,11210,18611,22169,7125,527,ITC,ITC4,3,Lombardia,Lombardia,10060574,6288868,62.51,0.3
4998,2021-05-04,LOM,86883,41097,45786,70267,14421,2195,ITC,ITC4,3,Lombardia,Lombardia,10060574,6375751,63.37,0.86
4999,2021-01-24,LOM,1202,458,744,538,664,0,ITC,ITC4,3,Lombardia,Lombardia,10060574,6376953,63.39,0.01
5000,2021-06-14,LOM,94880,48204,46676,49129,44632,1119,ITC,ITC4,3,Lombardia,Lombardia,10060574,6471833,64.33,0.94
5001,2021-08-17,LOM,33258,18410,14848,17406,14667,1185,ITC,ITC4,3,Lombardia,Lombardia,10060574,6505091,64.66,0.33
5002,2021-05-26,LOM,93785,44685,49100,42748,50147,890,ITC,ITC4,3,Lombardia,Lombardia,10060574,6598876,65.59,0.93
5003,2021-02-15,LOM,9052,3166,5886,8393,479,180,ITC,ITC4,3,Lombardia,Lombardia,10060574,6607928,65.68,0.09
5004,2021-07-10,LOM,107269,54303,52966,13916,92174,1179,ITC,ITC4,3,Lombardia,Lombardia,10060574,6715197,66.75,1.07
5005,2021-06-26,LOM,105931,55458,50473,77788,25740,2403,ITC,ITC4,3,Lombardia,Lombardia,10060574,6821128,67.8,1.05
5006,2021-02-10,LOM,14460,4527,9933,7568,6863,29,ITC,ITC4,3,Lombardia,Lombardia,10060574,6835588,67.94,0.14
5007,2021-07-24,LOM,95877,50656,45221,9742,85279,856,ITC,ITC4,3,Lombardia,Lombardia,10060574,6931465,68.9,0.95
5008,2021-08-10,LOM,61455,33261,28194,18704,41685,1066,ITC,ITC4,3,Lombardia,Lombardia,10060574,6992920,69.51,0.61
5009,2021-05-02,LOM,83536,38345,45191,59235,22479,1822,ITC,ITC4,3,Lombardia,Lombardia,10060574,7076456,70.34,0.83
5010,2021-07-22,LOM,99419,52043,47376,12528,85436,1455,ITC,ITC4,3,Lombardia,Lombardia,10060574,7175875,71.33,0.99
5011,2021-04-13,LOM,47691,21287,26404,32930,14106,655,ITC,ITC4,3,Lombardia,Lombardia,10060574,7223566,71.8,0.47
5012,2021-04-30,LOM,117535,54895,62640,87204,27681,2650,ITC,ITC4,3,Lombardia,Lombardia,10060574,7341101,72.97,1.17
5013,2021-01-20,LOM,5713,1392,4321,5593,115,5,ITC,ITC4,3,Lombardia,Lombardia,10060574,7346814,73.03,0.06
5014,2021-02-20,LOM,9370,3872,5498,8847,327,196,ITC,ITC4,3,Lombardia,Lombardia,10060574,7356184,73.12,0.09
5015,2021-04-18,LOM,36437,16241,20196,30529,5245,663,ITC,ITC4,3,Lombardia,Lombardia,10060574,7392621,73.48,0.36
5016,2021-01-08,LOM,12754,3939,8815,12743,0,11,ITC,ITC4,3,Lombardia,Lombardia,10060574,7405375,73.61,0.13
5017,2021-08-05,LOM,90284,49268,41016,15722,73745,817,ITC,ITC4,3,Lombardia,Lombardia,10060574,7495659,74.51,0.9
5018,2021-08-19,LOM,28961,15934,13027,14772,13066,1123,ITC,ITC4,3,Lombardia,Lombardia,10060574,7524620,74.79,0.29
5019,2021-05-11,LOM,86942,41459,45483,58214,26247,2481,ITC,ITC4,3,Lombardia,Lombardia,10060574,7611562,75.66,0.86
5020,2021-05-28,LOM,93695,44881,48814,42038,50744,913,ITC,ITC4,3,Lombardia,Lombardia,10060574,7705257,76.59,0.93
5021,2021-02-17,LOM,12034,3778,8256,10446,1392,196,ITC,ITC4,3,Lombardia,Lombardia,10060574,7717291,76.71,0.12
5022,2021-06-11,LOM,101532,51718,49814,84942,14697,1893,ITC,ITC4,3,Lombardia,Lombardia,10060574,7818823,77.72,1.01
5023,2021-05-23,LOM,60819,28964,31855,26297,34009,513,ITC,ITC4,3,Lombardia,Lombardia,10060574,7879642,78.32,0.6
5024,2021-02-12,LOM,14026,4389,9637,8885,4981,160,ITC,ITC4,3,Lombardia,Lombardia,10060574,7893668,78.46,0.14
5025,2021-07-19,LOM,96934,50323,46611,10814,85040,1080,ITC,ITC4,3,Lombardia,Lombardia,10060574,7990602,79.42,0.96
5026,2021-04-10,LOM,52820,21875,30945,40093,11976,751,ITC,ITC4,3,Lombardia,Lombardia,10060574,8043422,79.95,0.53
5027,2021-08-21,LOM,21329,11878,9451,9483,11073,773,ITC,ITC4,3,Lombardia,Lombardia,10060574,8064751,80.16,0.21
5028,2021-03-20,LOM,32612,12172,20440,22248,9860,504,ITC,ITC4,3,Lombardia,Lombardia,10060574,8097363,80.49,0.32
5029,2020-12-27,LOM,718,414,304,718,0,0,ITC,ITC4,3,Lombardia,Lombardia,10060574,8098081,80.49,0.01
5030,2021-08-02,LOM,83628,45307,38321,18336,64378,914,ITC,ITC4,3,Lombardia,Lombardia,10060574,8181709,81.32,0.83
5031,2021-02-03,LOM,25719,7949,17770,1078,24636,5,ITC,ITC4,3,Lombardia,Lombardia,10060574,8207428,81.58,0.26
5032,2021-04-01,LOM,43191,17318,25873,26085,16393,713,ITC,ITC4,3,Lombardia,Lombardia,10060574,8250619,82.01,0.43
5033,2021-04-05,LOM,27391,11698,15693,19028,8109,254,ITC,ITC4,3,Lombardia,Lombardia,10060574,8278010,82.28,0.27
5034,2021-08-18,LOM,30875,17030,13845,17868,11637,1370,ITC,ITC4,3,Lombardia,Lombardia,10060574,8308885,82.59,0.31
5035,2021-01-31,LOM,9823,3812,6011,29,9794,0,ITC,ITC4,3,Lombardia,Lombardia,10060574,8318708,82.69,0.1
5036,2021-01-15,LOM,25289,7455,17834,25237,0,52,ITC,ITC4,3,Lombardia,Lombardia,10060574,8343997,82.94,0.25
5037,2021-08-07,LOM,79723,43276,36447,16073,62845,805,ITC,ITC4,3,Lombardia,Lombardia,10060574,8423720,83.73,0.79
5038,2021-04-29,LOM,115647,53631,62016,83093,29911,2643,ITC,ITC4,3,Lombardia,Lombardia,10060574,8539367,84.88,1.15
5039,2021-06-25,LOM,108330,56255,52075,78362,27662,2306,ITC,ITC4,3,Lombardia,Lombardia,10060574,8647697,85.96,1.08
5040,2021-04-20,LOM,67708,30851,36857,55892,10358,1458,ITC,ITC4,3,Lombardia,Lombardia,10060574,8715405,86.63,0.67
5041,2021-01-10,LOM,10555,3982,6573,10547,0,8,ITC,ITC4,3,Lombardia,Lombardia,10060574,8725960,86.73,0.1
5042,2021-01-17,LOM,8359,3350,5009,8152,201,6,ITC,ITC4,3,Lombardia,Lombardia,10060574,8734319,86.82,0.08
5043,2021-06-06,LOM,90136,46351,43785,79535,9222,1379,ITC,ITC4,3,Lombardia,Lombardia,10060574,8824455,87.71,0.9
5044,2021-01-07,LOM,11807,3657,8150,11766,0,41,ITC,ITC4,3,Lombardia,Lombardia,10060574,8836262,87.83,0.12
5045,2021-02-19,LOM,14230,5402,8828,13329,725,176,ITC,ITC4,3,Lombardia,Lombardia,10060574,8850492,87.97,0.14
5046,2021-04-17,LOM,48580,21329,27251,36980,10873,727,ITC,ITC4,3,Lombardia,Lombardia,10060574,8899072,88.45,0.48
5047,2021-02-26,LOM,18444,7572,10872,16330,1906,208,ITC,ITC4,3,Lombardia,Lombardia,10060574,8917516,88.64,0.18
5048,2021-07-30,LOM,73280,39780,33500,35069,36091,2120,ITC,ITC4,3,Lombardia,Lombardia,10060574,8990796,89.37,0.73
5049,2021-01-22,LOM,3199,885,2314,3125,69,5,ITC,ITC4,3,Lombardia,Lombardia,10060574,8993995,89.4,0.03
5050,2021-06-18,LOM,107721,52911,54810,51878,54603,1240,ITC,ITC4,3,Lombardia,Lombardia,10060574,9101716,90.47,1.07
5051,2021-08-14,LOM,26543,14887,11656,11133,14860,550,ITC,ITC4,3,Lombardia,Lombardia,10060574,9128259,90.73,0.26
5052,2021-03-01,LOM,18800,8236,10564,16886,1708,206,ITC,ITC4,3,Lombardia,Lombardia,10060574,9147059,90.92,0.19
5053,2021-08-23,LOM,57478,31496,25982,23771,30421,3286,ITC,ITC4,3,Lombardia,Lombardia,10060574,9204537,91.49,0.57
5054,2021-05-15,LOM,80992,38810,42182,45385,33445,2162,ITC,ITC4,3,Lombardia,Lombardia,10060574,9285529,92.3,0.81
5055,2021-05-25,LOM,91219,43643,47576,43860,46535,824,ITC,ITC4,3,Lombardia,Lombardia,10060574,9376748,93.2,0.91
5056,2021-02-14,LOM,3586,1547,2039,2934,637,15,ITC,ITC4,3,Lombardia,Lombardia,10060574,9380334,93.24,0.04
5057,2021-01-12,LOM,20337,6743,13594,20306,0,31,ITC,ITC4,3,Lombardia,Lombardia,10060574,9400671,93.44,0.2
5058,2021-05-09,LOM,69728,32891,36837,54430,13282,2016,ITC,ITC4,3,Lombardia,Lombardia,10060574,9470399,94.13,0.69
5059,2021-01-29,LOM,13546,4146,9400,686,12857,3,ITC,ITC4,3,Lombardia,Lombardia,10060574,9483945,94.27,0.13
5060,2021-06-13,LOM,76007,40567,35440,72287,2131,1589,ITC,ITC4,3,Lombardia,Lombardia,10060574,9559952,95.02,0.76
5061,2021-03-05,LOM,29004,11971,17033,20255,8444,305,ITC,ITC4,3,Lombardia,Lombardia,10060574,9588956,95.31,0.29
5062,2021-06-27,LOM,90952,46824,44128,69782,18871,2299,ITC,ITC4,3,Lombardia,Lombardia,10060574,9679908,96.22,0.9
5063,2021-03-19,LOM,32505,12947,19558,18920,13262,323,ITC,ITC4,3,Lombardia,Lombardia,10060574,9712413,96.54,0.32
5064,2021-06-01,LOM,94038,46129,47909,75802,17127,1109,ITC,ITC4,3,Lombardia,Lombardia,10060574,9806451,97.47,0.93
5065,2021-01-02,LOM,202,74,128,202,0,0,ITC,ITC4,3,Lombardia,Lombardia,10060574,9806653,97.48,0.0
5066,2020-12-31,LOM,715,302,413,715,0,0,ITC,ITC4,3,Lombardia,Lombardia,10060574,9807368,97.48,0.01
5067,2021-06-23,LOM,111072,57460,53612,76709,32227,2136,ITC,ITC4,3,Lombardia,Lombardia,10060574,9918440,98.59,1.1
5068,2021-03-15,LOM,31624,11356,20268,22427,8576,621,ITC,ITC4,3,Lombardia,Lombardia,10060574,9950064,98.9,0.31
5069,2021-04-27,LOM,86110,40009,46101,67636,16611,1863,ITC,ITC4,3,Lombardia,Lombardia,10060574,10036174,99.76,0.86
5070,2021-07-07,LOM,112047,56166,55881,18002,92885,1160,ITC,ITC4,3,Lombardia,Lombardia,10060574,10148221,100.87,1.11
5071,2021-04-15,LOM,49488,21874,27614,34891,13840,757,ITC,ITC4,3,Lombardia,Lombardia,10060574,10197709,101.36,0.49
5072,2021-01-05,LOM,7875,2583,5292,7869,0,6,ITC,ITC4,3,Lombardia,Lombardia,10060574,10205584,101.44,0.08
5073,2021-03-27,LOM,32524,12409,20115,23116,8771,637,ITC,ITC4,3,Lombardia,Lombardia,10060574,10238108,101.76,0.32
5074,2021-01-03,LOM,856,316,540,855,0,1,ITC,ITC4,3,Lombardia,Lombardia,10060574,10238964,101.77,0.01
5075,2021-07-11,LOM,90335,45701,44634,11765,77512,1058,ITC,ITC4,3,Lombardia,Lombardia,10060574,10329299,102.67,0.9
5076,2021-05-13,LOM,87233,41797,45436,55591,28900,2742,ITC,ITC4,3,Lombardia,Lombardia,10060574,10416532,103.54,0.87
5077,2021-02-02,LOM,20000,6644,13356,497,19500,3,ITC,ITC4,3,Lombardia,Lombardia,10060574,10436532,103.74,0.2
5078,2021-03-31,LOM,42266,17146,25120,26200,15383,683,ITC,ITC4,3,Lombardia,Lombardia,10060574,10478798,104.16,0.42
5079,2021-06-08,LOM,102940,52318,50622,87175,14086,1679,ITC,ITC4,3,Lombardia,Lombardia,10060574,10581738,105.18,1.02
5080,2021-02-28,LOM,7886,3256,4630,7604,210,72,ITC,ITC4,3,Lombardia,Lombardia,10060574,10589624,105.26,0.08
5081,2021-08-04,LOM,90143,48823,41320,14464,75014,665,ITC,ITC4,3,Lombardia,Lombardia,10060574,10679767,106.15,0.9
5082,2021-04-26,LOM,88027,40950,47077,67041,19170,1816,ITC,ITC4,3,Lombardia,Lombardia,10060574,10767794,107.03,0.87
5083,2021-07-21,LOM,94028,48507,45521,8637,84526,865,ITC,ITC4,3,Lombardia,Lombardia,10060574,10861822,107.96,0.93
5084,2021-05-27,LOM,95016,45507,49509,40623,53602,791,ITC,ITC4,3,Lombardia,Lombardia,10060574,10956838,108.91,0.94
5085,2021-04-24,LOM,75862,33619,42243,53414,21162,1286,ITC,ITC4,3,Lombardia,Lombardia,10060574,11032700,109.66,0.75
5086,2021-01-14,LOM,26975,7821,19154,26923,0,52,ITC,ITC4,3,Lombardia,Lombardia,10060574,11059675,109.93,0.27
5087,2021-08-16,LOM,38921,21048,17873,16831,21049,1041,ITC,ITC4,3,Lombardia,Lombardia,10060574,11098596,110.32,0.39
5088,2021-05-08,LOM,87833,40788,47045,63437,22115,2281,ITC,ITC4,3,Lombardia,Lombardia,10060574,11186429,111.19,0.87
5089,2021-06-22,LOM,111255,58108,53147,79175,29957,2123,ITC,ITC4,3,Lombardia,Lombardia,10060574,11297684,112.3,1.11
5090,2021-07-09,LOM,115780,59011,56769,11739,103157,884,ITC,ITC4,3,Lombardia,Lombardia,10060574,11413464,113.45,1.15
5091,2021-06-03,LOM,97194,49740,47454,84611,10916,1667,ITC,ITC4,3,Lombardia,Lombardia,10060574,11510658,114.41,0.97
5092,2021-06-20,LOM,89045,44373,44672,52814,34990,1241,ITC,ITC4,3,Lombardia,Lombardia,10060574,11599703,115.3,0.89
5093,2021-03-17,LOM,26314,10514,15800,15115,11039,160,ITC,ITC4,3,Lombardia,Lombardia,10060574,11626017,115.56,0.26
5094,2021-03-10,LOM,33363,12760,20603,24856,7906,601,ITC,ITC4,3,Lombardia,Lombardia,10060574,11659380,115.89,0.33
5095,2021-05-06,LOM,89949,42233,47716,70959,16581,2409,ITC,ITC4,3,Lombardia,Lombardia,10060574,11749329,116.79,0.89
5096,2021-01-26,LOM,8392,2718,5674,348,8043,1,ITC,ITC4,3,Lombardia,Lombardia,10060574,11757721,116.87,0.08
5097,2021-07-16,LOM,108922,56710,52212,11134,96625,1163,ITC,ITC4,3,Lombardia,Lombardia,10060574,11866643,117.95,1.08
5098,2021-04-07,LOM,50624,20937,29687,34080,15835,709,ITC,ITC4,3,Lombardia,Lombardia,10060574,11917267,118.46,0.5
5099,2021-04-12,LOM,47338,20622,26716,32290,14397,651,ITC,ITC4,3,Lombardia,Lombardia,10060574,11964605,118.93,0.47
5100,2021-02-21,LOM,5054,1864,3190,4941,17,96,ITC,ITC4,3,Lombardia,Lombardia,10060574,11969659,118.98,0.05
5101,2021-07-28,LOM,77452,41727,35725,19114,56583,1755,ITC,ITC4,3,Lombardia,Lombardia,10060574,12047111,119.75,0.77
5102,2021-04-19,LOM,60407,27489,32918,49684,9420,1303,ITC,ITC4,3,Lombardia,Lombardia,10060574,12107518,120.35,0.6
5103,2021-06-15,LOM,96070,48892,47178,49023,45993,1054,ITC,ITC4,3,Lombardia,Lombardia,10060574,12203588,121.3,0.95
5104,2021-03-12,LOM,35331,12989,22342,24458,10254,619,ITC,ITC4,3,Lombardia,Lombardia,10060574,12238919,121.65,0.35
5105,2021-03-29,LOM,40072,15554,24518,24539,14857,676,ITC,ITC4,3,Lombardia,Lombardia,10060574,12278991,122.05,0.4
5106,2021-07-04,LOM,86768,43401,43367,40192,44620,1956,ITC,ITC4,3,Lombardia,Lombardia,10060574,12365759,122.91,0.86
5107,2021-08-30,LOM,71223,37843,33380,43185,22392,5646,ITC,ITC4,3,Lombardia,Lombardia,10060574,12436982,123.62,0.71
5108,2021-07-02,LOM,104027,52143,51884,48880,52947,2200,ITC,ITC4,3,Lombardia,Lombardia,10060574,12541009,124.66,1.03
5109,2021-03-24,LOM,43406,15673,27733,30471,12038,897,ITC,ITC4,3,Lombardia,Lombardia,10060574,12584415,125.09,0.43
5110,2021-02-09,LOM,12232,3336,8896,4027,8191,14,ITC,ITC4,3,Lombardia,Lombardia,10060574,12596647,125.21,0.12
5111,2021-06-21,LOM,113378,58084,55294,78304,32904,2170,ITC,ITC4,3,Lombardia,Lombardia,10060574,12710025,126.33,1.13
5112,2021-06-02,LOM,84702,43613,41089,76989,6394,1319,ITC,ITC4,3,Lombardia,Lombardia,10060574,12794727,127.18,0.84
5113,2021-03-11,LOM,36275,13502,22773,25638,9951,686,ITC,ITC4,3,Lombardia,Lombardia,10060574,12831002,127.54,0.36
5114,2021-03-30,LOM,39735,15633,24102,24258,14862,615,ITC,ITC4,3,Lombardia,Lombardia,10060574,12870737,127.93,0.39
5115,2021-01-06,LOM,7167,2531,4636,7161,0,6,ITC,ITC4,3,Lombardia,Lombardia,10060574,12877904,128.0,0.07
5116,2021-08-26,LOM,38666,20775,17891,20341,15531,2794,ITC,ITC4,3,Lombardia,Lombardia,10060574,12916570,128.39,0.38
5117,2021-05-18,LOM,88249,42173,46076,31857,55589,803,ITC,ITC4,3,Lombardia,Lombardia,10060574,13004819,129.27,0.88
5118,2021-06-04,LOM,104652,54322,50330,93202,9662,1788,ITC,ITC4,3,Lombardia,Lombardia,10060574,13109471,130.31,1.04
5119,2021-02-24,LOM,14728,5961,8767,13576,958,194,ITC,ITC4,3,Lombardia,Lombardia,10060574,13124199,130.45,0.15
5120,2021-05-16,LOM,68739,32518,36221,35548,32232,959,ITC,ITC4,3,Lombardia,Lombardia,10060574,13192938,131.14,0.68
5121,2021-02-05,LOM,25784,7491,18293,2427,23344,13,ITC,ITC4,3,Lombardia,Lombardia,10060574,13218722,131.39,0.26
5122,2021-02-22,LOM,11948,4821,7127,11440,310,198,ITC,ITC4,3,Lombardia,Lombardia,10060574,13230670,131.51,0.12
5123,2021-03-13,LOM,27231,9794,17437,20557,6120,554,ITC,ITC4,3,Lombardia,Lombardia,10060574,13257901,131.78,0.27
5124,2021-07-23,LOM,95526,50068,45458,11426,82839,1261,ITC,ITC4,3,Lombardia,Lombardia,10060574,13353427,132.73,0.95
5125,2021-08-09,LOM,68961,37019,31942,18628,49283,1050,ITC,ITC4,3,Lombardia,Lombardia,10060574,13422388,133.42,0.69
5126,2021-05-01,LOM,96097,43729,52368,65023,29319,1755,ITC,ITC4,3,Lombardia,Lombardia,10060574,13518485,134.37,0.96
5127,2021-01-21,LOM,5532,1612,3920,4820,695,17,ITC,ITC4,3,Lombardia,Lombardia,10060574,13524017,134.43,0.05
5128,2021-02-07,LOM,7319,2829,4490,335,6981,3,ITC,ITC4,3,Lombardia,Lombardia,10060574,13531336,134.5,0.07
5129,2021-01-19,LOM,8062,2332,5730,7579,469,14,ITC,ITC4,3,Lombardia,Lombardia,10060574,13539398,134.58,0.08
5130,2021-08-11,LOM,61367,33584,27783,22445,37575,1347,ITC,ITC4,3,Lombardia,Lombardia,10060574,13600765,135.19,0.61
5131,2021-08-28,LOM,35012,19243,15769,17772,15038,2202,ITC,ITC4,3,Lombardia,Lombardia,10060574,13635777,135.54,0.35
5132,2021-05-20,LOM,95614,46243,49371,31717,63081,816,ITC,ITC4,3,Lombardia,Lombardia,10060574,13731391,136.49,0.95
