,data,area,Vaccinazioni giornaliere,sesso_maschile,sesso_femminile,prima_dose,seconda_dose,pregressa_infezione,codice_NUTS1,codice_NUTS2,codice_regione_ISTAT,nome_area,Regione,popolazione,Totale vaccinazioni,Totale vaccinazioni ogni cento ab,Vaccinazioni giornaliere ogni cento ab
0,2021-01-12,PUG,4213,1770,2443,4211,0,2,ITF,ITF4,16,Puglia,Puglia,4029053,4213,0.1,0.1
1,2021-04-07,PUG,15700,7126,8574,8820,6678,202,ITF,ITF4,16,Puglia,Puglia,4029053,19913,0.49,0.39
2,2021-04-19,PUG,27667,12863,14804,24271,3043,353,ITF,ITF4,16,Puglia,Puglia,4029053,47580,1.18,0.69
3,2021-04-24,PUG,29360,13368,15992,25075,3945,340,ITF,ITF4,16,Puglia,Puglia,4029053,76940,1.91,0.73
4,2021-01-14,PUG,4072,1591,2481,4066,0,6,ITF,ITF4,16,Puglia,Puglia,4029053,81012,2.01,0.1
5,2021-01-07,PUG,5718,2459,3259,5718,0,0,ITF,ITF4,16,Puglia,Puglia,4029053,86730,2.15,0.14
6,2021-04-17,PUG,39970,18944,21026,35973,3569,428,ITF,ITF4,16,Puglia,Puglia,4029053,126700,3.14,0.99
7,2021-02-09,PUG,3839,1569,2270,2149,1672,18,ITF,ITF4,16,Puglia,Puglia,4029053,130539,3.24,0.1
8,2021-05-20,PUG,33566,15230,18336,20713,12339,514,ITF,ITF4,16,Puglia,Puglia,4029053,164105,4.07,0.83
9,2021-03-24,PUG,13571,6509,7062,6149,7307,115,ITF,ITF4,16,Puglia,Puglia,4029053,177676,4.41,0.34
10,2021-01-26,PUG,5364,2398,2966,570,4793,1,ITF,ITF4,16,Puglia,Puglia,4029053,183040,4.54,0.13
11,2021-07-02,PUG,44725,21226,23499,16358,27455,912,ITF,ITF4,16,Puglia,Puglia,4029053,227765,5.65,1.11
12,2021-05-06,PUG,39557,17296,22261,19319,19679,559,ITF,ITF4,16,Puglia,Puglia,4029053,267322,6.63,0.98
13,2021-04-05,PUG,12749,6192,6557,12075,533,141,ITF,ITF4,16,Puglia,Puglia,4029053,280071,6.95,0.32
14,2021-03-19,PUG,7963,3654,4309,3377,4549,37,ITF,ITF4,16,Puglia,Puglia,4029053,288034,7.15,0.2
15,2021-06-27,PUG,18434,9159,9275,9908,8246,280,ITF,ITF4,16,Puglia,Puglia,4029053,306468,7.61,0.46
16,2021-02-14,PUG,786,347,439,658,124,4,ITF,ITF4,16,Puglia,Puglia,4029053,307254,7.63,0.02
17,2021-02-07,PUG,1579,669,910,253,1326,0,ITF,ITF4,16,Puglia,Puglia,4029053,308833,7.67,0.04
18,2021-01-21,PUG,2132,904,1228,1269,861,2,ITF,ITF4,16,Puglia,Puglia,4029053,310965,7.72,0.05
19,2021-05-01,PUG,27612,12646,14966,16691,10650,271,ITF,ITF4,16,Puglia,Puglia,4029053,338577,8.4,0.69
20,2021-01-02,PUG,2951,1302,1649,2951,0,0,ITF,ITF4,16,Puglia,Puglia,4029053,341528,8.48,0.07
21,2021-04-12,PUG,29257,13781,15476,26064,2877,316,ITF,ITF4,16,Puglia,Puglia,4029053,370785,9.2,0.73
22,2021-07-04,PUG,18202,8800,9402,6787,11179,236,ITF,ITF4,16,Puglia,Puglia,4029053,388987,9.65,0.45
23,2021-02-21,PUG,2177,474,1703,2046,62,69,ITF,ITF4,16,Puglia,Puglia,4029053,391164,9.71,0.05
24,2021-06-01,PUG,34773,17394,17379,21515,12852,406,ITF,ITF4,16,Puglia,Puglia,4029053,425937,10.57,0.86
25,2021-05-15,PUG,43537,18956,24581,22814,20003,720,ITF,ITF4,16,Puglia,Puglia,4029053,469474,11.65,1.08
26,2021-06-03,PUG,50334,24420,25914,30308,19234,792,ITF,ITF4,16,Puglia,Puglia,4029053,519808,12.9,1.25
27,2021-03-10,PUG,14809,6613,8196,11535,3123,151,ITF,ITF4,16,Puglia,Puglia,4029053,534617,13.27,0.37
28,2021-03-29,PUG,13537,6598,6939,6604,6741,192,ITF,ITF4,16,Puglia,Puglia,4029053,548154,13.61,0.34
29,2021-01-31,PUG,1816,832,984,75,1741,0,ITF,ITF4,16,Puglia,Puglia,4029053,549970,13.65,0.05
30,2021-03-05,PUG,17686,7168,10518,15169,2305,212,ITF,ITF4,16,Puglia,Puglia,4029053,567656,14.09,0.44
31,2021-02-26,PUG,13762,5054,8708,12534,1034,194,ITF,ITF4,16,Puglia,Puglia,4029053,581418,14.43,0.34
32,2020-12-31,PUG,1634,782,852,1634,0,0,ITF,ITF4,16,Puglia,Puglia,4029053,583052,14.47,0.04
33,2021-06-15,PUG,42320,20699,21621,22117,19555,648,ITF,ITF4,16,Puglia,Puglia,4029053,625372,15.52,1.05
34,2021-06-08,PUG,39139,19058,20081,20802,17746,591,ITF,ITF4,16,Puglia,Puglia,4029053,664511,16.49,0.97
35,2021-02-19,PUG,4735,2012,2723,4289,392,54,ITF,ITF4,16,Puglia,Puglia,4029053,669246,16.61,0.12
36,2021-06-22,PUG,41773,20233,21540,18674,22490,609,ITF,ITF4,16,Puglia,Puglia,4029053,711019,17.65,1.04
37,2021-04-26,PUG,26261,12029,14232,22633,3234,394,ITF,ITF4,16,Puglia,Puglia,4029053,737280,18.3,0.65
38,2021-03-16,PUG,9872,4688,5184,3455,6360,57,ITF,ITF4,16,Puglia,Puglia,4029053,747152,18.54,0.25
39,2021-06-24,PUG,51755,25023,26732,22961,27974,820,ITF,ITF4,16,Puglia,Puglia,4029053,798907,19.83,1.28
40,2021-04-28,PUG,19799,8877,10922,14757,4770,272,ITF,ITF4,16,Puglia,Puglia,4029053,818706,20.32,0.49
41,2021-05-27,PUG,40647,19203,21444,22698,17265,684,ITF,ITF4,16,Puglia,Puglia,4029053,859353,21.33,1.01
42,2021-03-02,PUG,16388,6091,10297,14844,1302,242,ITF,ITF4,16,Puglia,Puglia,4029053,875741,21.74,0.41
43,2021-06-10,PUG,46878,23045,23833,29112,16988,778,ITF,ITF4,16,Puglia,Puglia,4029053,922619,22.9,1.16
44,2021-04-04,PUG,5968,2964,3004,5882,5,81,ITF,ITF4,16,Puglia,Puglia,4029053,928587,23.05,0.15
45,2021-03-21,PUG,2694,1227,1467,579,2104,11,ITF,ITF4,16,Puglia,Puglia,4029053,931281,23.11,0.07
46,2021-06-29,PUG,45805,21954,23851,15058,30032,715,ITF,ITF4,16,Puglia,Puglia,4029053,977086,24.25,1.14
47,2021-03-31,PUG,14553,6818,7735,8845,5560,148,ITF,ITF4,16,Puglia,Puglia,4029053,991639,24.61,0.36
48,2021-02-02,PUG,4344,1846,2498,591,3752,1,ITF,ITF4,16,Puglia,Puglia,4029053,995983,24.72,0.11
49,2021-05-13,PUG,38676,17247,21429,20929,17163,584,ITF,ITF4,16,Puglia,Puglia,4029053,1034659,25.68,0.96
50,2021-03-17,PUG,10345,4700,5645,4109,6174,62,ITF,ITF4,16,Puglia,Puglia,4029053,1045004,25.94,0.26
51,2021-01-19,PUG,1221,452,769,1210,10,1,ITF,ITF4,16,Puglia,Puglia,4029053,1046225,25.97,0.03
52,2021-01-04,PUG,4508,2016,2492,4506,0,2,ITF,ITF4,16,Puglia,Puglia,4029053,1050733,26.08,0.11
53,2021-05-25,PUG,34651,16173,18478,20558,13503,590,ITF,ITF4,16,Puglia,Puglia,4029053,1085384,26.94,0.86
54,2021-05-08,PUG,54253,22966,31287,24019,29726,508,ITF,ITF4,16,Puglia,Puglia,4029053,1139637,28.29,1.35
55,2021-06-13,PUG,21693,10873,10820,16184,5177,332,ITF,ITF4,16,Puglia,Puglia,4029053,1161330,28.82,0.54
56,2021-02-28,PUG,6059,1807,4252,5799,186,74,ITF,ITF4,16,Puglia,Puglia,4029053,1167389,28.97,0.15
57,2021-05-12,PUG,36551,16308,20243,23466,12484,601,ITF,ITF4,16,Puglia,Puglia,4029053,1203940,29.88,0.91
58,2021-01-23,PUG,3039,1294,1745,885,2153,1,ITF,ITF4,16,Puglia,Puglia,4029053,1206979,29.96,0.08
59,2021-03-12,PUG,14275,6434,7841,10211,3928,136,ITF,ITF4,16,Puglia,Puglia,4029053,1221254,30.31,0.35
60,2021-06-20,PUG,21400,10768,10632,13918,7134,348,ITF,ITF4,16,Puglia,Puglia,4029053,1242654,30.84,0.53
61,2021-02-04,PUG,5928,2365,3563,1184,4735,9,ITF,ITF4,16,Puglia,Puglia,4029053,1248582,30.99,0.15
62,2021-05-17,PUG,32831,15207,17624,20466,11857,508,ITF,ITF4,16,Puglia,Puglia,4029053,1281413,31.8,0.81
63,2021-05-29,PUG,30421,14334,16087,20476,9384,561,ITF,ITF4,16,Puglia,Puglia,4029053,1311834,32.56,0.76
64,2021-04-02,PUG,12843,6000,6843,8168,4524,151,ITF,ITF4,16,Puglia,Puglia,4029053,1324677,32.88,0.32
65,2021-04-16,PUG,36003,16921,19082,32287,3282,434,ITF,ITF4,16,Puglia,Puglia,4029053,1360680,33.77,0.89
66,2021-01-09,PUG,4887,2250,2637,4884,0,3,ITF,ITF4,16,Puglia,Puglia,4029053,1365567,33.89,0.12
67,2021-07-01,PUG,46428,21726,24702,11020,34785,623,ITF,ITF4,16,Puglia,Puglia,4029053,1411995,35.05,1.15
68,2021-03-14,PUG,3328,1433,1895,2475,817,36,ITF,ITF4,16,Puglia,Puglia,4029053,1415323,35.13,0.08
69,2021-01-16,PUG,2506,1033,1473,2504,0,2,ITF,ITF4,16,Puglia,Puglia,4029053,1417829,35.19,0.06
70,2021-05-31,PUG,37718,18159,19559,23021,14122,575,ITF,ITF4,16,Puglia,Puglia,4029053,1455547,36.13,0.94
71,2021-03-26,PUG,11999,5838,6161,7228,4645,126,ITF,ITF4,16,Puglia,Puglia,4029053,1467546,36.42,0.3
72,2021-03-09,PUG,13606,6078,7528,11414,2010,182,ITF,ITF4,16,Puglia,Puglia,4029053,1481152,36.76,0.34
73,2021-04-14,PUG,31934,15072,16862,28305,3307,322,ITF,ITF4,16,Puglia,Puglia,4029053,1513086,37.55,0.79
74,2021-03-28,PUG,3541,1654,1887,1180,2327,34,ITF,ITF4,16,Puglia,Puglia,4029053,1516627,37.64,0.09
75,2021-06-19,PUG,34362,17220,17142,21873,11779,710,ITF,ITF4,16,Puglia,Puglia,4029053,1550989,38.5,0.85
76,2021-06-12,PUG,33983,16957,17026,24517,8820,646,ITF,ITF4,16,Puglia,Puglia,4029053,1584972,39.34,0.84
77,2021-01-28,PUG,5474,2277,3197,471,5003,0,ITF,ITF4,16,Puglia,Puglia,4029053,1590446,39.47,0.14
78,2021-04-23,PUG,29491,13708,15783,23814,5256,421,ITF,ITF4,16,Puglia,Puglia,4029053,1619937,40.21,0.73
79,2021-03-18,PUG,9476,4292,5184,3266,6146,64,ITF,ITF4,16,Puglia,Puglia,4029053,1629413,40.44,0.24
80,2021-06-26,PUG,31293,15742,15551,15462,15237,594,ITF,ITF4,16,Puglia,Puglia,4029053,1660706,41.22,0.78
81,2021-03-04,PUG,15343,6091,9252,13700,1420,223,ITF,ITF4,16,Puglia,Puglia,4029053,1676049,41.6,0.38
82,2021-06-09,PUG,41612,20607,21005,29664,11174,774,ITF,ITF4,16,Puglia,Puglia,4029053,1717661,42.63,1.03
83,2021-02-15,PUG,3258,1270,1988,2592,622,44,ITF,ITF4,16,Puglia,Puglia,4029053,1720919,42.71,0.08
84,2021-05-26,PUG,38480,18480,20000,26142,11674,664,ITF,ITF4,16,Puglia,Puglia,4029053,1759399,43.67,0.96
85,2021-02-23,PUG,9364,4421,4943,8785,488,91,ITF,ITF4,16,Puglia,Puglia,4029053,1768763,43.9,0.23
86,2021-01-11,PUG,3754,1588,2166,3753,0,1,ITF,ITF4,16,Puglia,Puglia,4029053,1772517,43.99,0.09
87,2021-04-21,PUG,23097,10663,12434,19050,3733,314,ITF,ITF4,16,Puglia,Puglia,4029053,1795614,44.57,0.57
88,2021-05-24,PUG,36068,17015,19053,24455,10989,624,ITF,ITF4,16,Puglia,Puglia,4029053,1831682,45.46,0.9
89,2021-02-16,PUG,3383,1455,1928,2707,646,30,ITF,ITF4,16,Puglia,Puglia,4029053,1835065,45.55,0.08
90,2021-01-30,PUG,5531,2514,3017,409,5121,1,ITF,ITF4,16,Puglia,Puglia,4029053,1840596,45.68,0.14
91,2021-05-10,PUG,37705,16658,21047,19289,17942,474,ITF,ITF4,16,Puglia,Puglia,4029053,1878301,46.62,0.94
92,2021-02-18,PUG,4380,1846,2534,3715,606,59,ITF,ITF4,16,Puglia,Puglia,4029053,1882681,46.73,0.11
93,2021-04-09,PUG,22054,9507,12547,17046,4623,385,ITF,ITF4,16,Puglia,Puglia,4029053,1904735,47.28,0.55
94,2021-02-11,PUG,3697,1401,2296,2393,1278,26,ITF,ITF4,16,Puglia,Puglia,4029053,1908432,47.37,0.09
95,2021-05-22,PUG,34601,15847,18754,23668,10382,551,ITF,ITF4,16,Puglia,Puglia,4029053,1943033,48.23,0.86
96,2021-02-25,PUG,11969,5062,6907,10662,1173,134,ITF,ITF4,16,Puglia,Puglia,4029053,1955002,48.52,0.3
97,2021-06-05,PUG,42251,20714,21537,28807,12596,848,ITF,ITF4,16,Puglia,Puglia,4029053,1997253,49.57,1.05
98,2021-01-06,PUG,3952,1674,2278,3951,0,1,ITF,ITF4,16,Puglia,Puglia,4029053,2001205,49.67,0.1
99,2021-06-16,PUG,41609,20467,21142,26483,14337,789,ITF,ITF4,16,Puglia,Puglia,4029053,2042814,50.7,1.03
100,2021-05-21,PUG,38976,18506,20470,28163,10022,791,ITF,ITF4,16,Puglia,Puglia,4029053,2081790,51.67,0.97
101,2021-05-19,PUG,26383,12756,13627,19511,6434,438,ITF,ITF4,16,Puglia,Puglia,4029053,2108173,52.32,0.65
102,2021-03-23,PUG,11097,5627,5470,4539,6476,82,ITF,ITF4,16,Puglia,Puglia,4029053,2119270,52.6,0.28
103,2021-01-27,PUG,4602,1941,2661,630,3971,1,ITF,ITF4,16,Puglia,Puglia,4029053,2123872,52.71,0.11
104,2021-05-07,PUG,50007,22322,27685,25999,23454,554,ITF,ITF4,16,Puglia,Puglia,4029053,2173879,53.96,1.24
105,2021-01-13,PUG,4542,1729,2813,4539,0,3,ITF,ITF4,16,Puglia,Puglia,4029053,2178421,54.07,0.11
106,2021-04-06,PUG,13833,6248,7585,6911,6753,169,ITF,ITF4,16,Puglia,Puglia,4029053,2192254,54.41,0.34
107,2021-03-01,PUG,15104,5867,9237,13579,1372,153,ITF,ITF4,16,Puglia,Puglia,4029053,2207358,54.79,0.37
108,2021-01-10,PUG,2348,1061,1287,2347,0,1,ITF,ITF4,16,Puglia,Puglia,4029053,2209706,54.84,0.06
109,2021-04-20,PUG,21152,9825,11327,17411,3465,276,ITF,ITF4,16,Puglia,Puglia,4029053,2230858,55.37,0.52
110,2020-12-27,PUG,509,252,257,509,0,0,ITF,ITF4,16,Puglia,Puglia,4029053,2231367,55.38,0.01
111,2021-04-25,PUG,11310,5237,6073,10021,1158,131,ITF,ITF4,16,Puglia,Puglia,4029053,2242677,55.66,0.28
112,2021-02-27,PUG,14223,4818,9405,12816,1226,181,ITF,ITF4,16,Puglia,Puglia,4029053,2256900,56.02,0.35
113,2021-01-01,PUG,148,61,87,148,0,0,ITF,ITF4,16,Puglia,Puglia,4029053,2257048,56.02,0.0
114,2021-06-07,PUG,44095,21534,22561,30078,13196,821,ITF,ITF4,16,Puglia,Puglia,4029053,2301143,57.11,1.09
115,2021-04-11,PUG,16464,7252,9212,14629,1658,177,ITF,ITF4,16,Puglia,Puglia,4029053,2317607,57.52,0.41
116,2021-06-21,PUG,41298,20128,21170,21171,19445,682,ITF,ITF4,16,Puglia,Puglia,4029053,2358905,58.55,1.03
117,2021-03-11,PUG,14808,6570,8238,11439,3172,197,ITF,ITF4,16,Puglia,Puglia,4029053,2373713,58.91,0.37
118,2021-06-02,PUG,26959,13185,13774,21751,4813,395,ITF,ITF4,16,Puglia,Puglia,4029053,2400672,59.58,0.67
119,2021-03-13,PUG,10468,4134,6334,8562,1808,98,ITF,ITF4,16,Puglia,Puglia,4029053,2411140,59.84,0.26
120,2021-02-24,PUG,10039,4705,5334,9358,591,90,ITF,ITF4,16,Puglia,Puglia,4029053,2421179,60.09,0.25
121,2021-06-04,PUG,52445,25380,27065,33915,17653,877,ITF,ITF4,16,Puglia,Puglia,4029053,2473624,61.39,1.3
122,2021-05-18,PUG,28868,13430,15438,15841,12777,250,ITF,ITF4,16,Puglia,Puglia,4029053,2502492,62.11,0.72
123,2021-02-13,PUG,3727,1456,2271,3015,696,16,ITF,ITF4,16,Puglia,Puglia,4029053,2506219,62.2,0.09
124,2021-06-28,PUG,47856,23218,24638,21293,25695,868,ITF,ITF4,16,Puglia,Puglia,4029053,2554075,63.39,1.19
125,2021-01-18,PUG,1845,771,1074,1495,349,1,ITF,ITF4,16,Puglia,Puglia,4029053,2555920,63.44,0.05
126,2021-02-06,PUG,4550,1931,2619,1578,2957,15,ITF,ITF4,16,Puglia,Puglia,4029053,2560470,63.55,0.11
127,2021-01-20,PUG,1548,542,1006,1537,8,3,ITF,ITF4,16,Puglia,Puglia,4029053,2562018,63.59,0.04
128,2021-04-30,PUG,34924,15644,19280,22385,11970,569,ITF,ITF4,16,Puglia,Puglia,4029053,2596942,64.46,0.87
129,2021-04-13,PUG,28727,13626,15101,25014,3401,312,ITF,ITF4,16,Puglia,Puglia,4029053,2625669,65.17,0.71
130,2021-07-05,PUG,21869,10245,11624,3711,17889,269,ITF,ITF4,16,Puglia,Puglia,4029053,2647538,65.71,0.54
131,2021-05-02,PUG,21314,9659,11655,13865,7266,183,ITF,ITF4,16,Puglia,Puglia,4029053,2668852,66.24,0.53
132,2020-12-30,PUG,1,0,1,1,0,0,ITF,ITF4,16,Puglia,Puglia,4029053,2668853,66.24,0.0
133,2021-03-22,PUG,9943,5107,4836,4238,5646,59,ITF,ITF4,16,Puglia,Puglia,4029053,2678796,66.49,0.25
134,2021-01-24,PUG,1670,750,920,154,1516,0,ITF,ITF4,16,Puglia,Puglia,4029053,2680466,66.53,0.04
135,2021-06-30,PUG,45312,22021,23291,17623,26842,847,ITF,ITF4,16,Puglia,Puglia,4029053,2725778,67.65,1.12
136,2021-03-15,PUG,12337,6146,6191,5733,6504,100,ITF,ITF4,16,Puglia,Puglia,4029053,2738115,67.96,0.31
137,2021-01-17,PUG,1308,590,718,1238,69,1,ITF,ITF4,16,Puglia,Puglia,4029053,2739423,67.99,0.03
138,2021-06-23,PUG,29109,14215,14894,16764,11703,642,ITF,ITF4,16,Puglia,Puglia,4029053,2768532,68.71,0.72
139,2021-04-27,PUG,26674,12068,14606,20747,5603,324,ITF,ITF4,16,Puglia,Puglia,4029053,2795206,69.38,0.66
140,2021-03-25,PUG,11702,5993,5709,5366,6242,94,ITF,ITF4,16,Puglia,Puglia,4029053,2806908,69.67,0.29
141,2021-07-03,PUG,31437,15669,15768,12774,18162,501,ITF,ITF4,16,Puglia,Puglia,4029053,2838345,70.45,0.78
142,2021-02-08,PUG,3992,1609,2383,1581,2395,16,ITF,ITF4,16,Puglia,Puglia,4029053,2842337,70.55,0.1
143,2021-02-10,PUG,3646,1436,2210,2114,1511,21,ITF,ITF4,16,Puglia,Puglia,4029053,2845983,70.64,0.09
144,2021-05-23,PUG,17913,8370,9543,13846,3805,262,ITF,ITF4,16,Puglia,Puglia,4029053,2863896,71.08,0.44
145,2021-02-17,PUG,4278,1747,2531,3633,605,40,ITF,ITF4,16,Puglia,Puglia,4029053,2868174,71.19,0.11
146,2021-05-28,PUG,43826,20761,23065,27335,15671,820,ITF,ITF4,16,Puglia,Puglia,4029053,2912000,72.28,1.09
147,2021-05-30,PUG,20945,10033,10912,15632,5036,277,ITF,ITF4,16,Puglia,Puglia,4029053,2932945,72.79,0.52
148,2021-03-06,PUG,16147,6126,10021,13888,2093,166,ITF,ITF4,16,Puglia,Puglia,4029053,2949092,73.2,0.4
149,2021-01-08,PUG,5649,2370,3279,5643,0,6,ITF,ITF4,16,Puglia,Puglia,4029053,2954741,73.34,0.14
150,2021-06-14,PUG,41759,20433,21326,28553,12338,868,ITF,ITF4,16,Puglia,Puglia,4029053,2996500,74.37,1.04
151,2021-04-18,PUG,22606,10814,11792,21337,1062,207,ITF,ITF4,16,Puglia,Puglia,4029053,3019106,74.93,0.56
152,2021-02-20,PUG,2970,1079,1891,2686,257,27,ITF,ITF4,16,Puglia,Puglia,4029053,3022076,75.01,0.07
153,2021-01-15,PUG,4551,1866,2685,4546,0,5,ITF,ITF4,16,Puglia,Puglia,4029053,3026627,75.12,0.11
154,2021-01-22,PUG,1409,578,831,990,418,1,ITF,ITF4,16,Puglia,Puglia,4029053,3028036,75.16,0.03
155,2021-06-25,PUG,49567,24405,25162,23229,25406,932,ITF,ITF4,16,Puglia,Puglia,4029053,3077603,76.39,1.23
156,2021-04-29,PUG,26160,12102,14058,19073,6662,425,ITF,ITF4,16,Puglia,Puglia,4029053,3103763,77.03,0.65
157,2021-02-22,PUG,9630,4536,5094,9211,332,87,ITF,ITF4,16,Puglia,Puglia,4029053,3113393,77.27,0.24
158,2021-02-05,PUG,5635,2273,3362,1328,4302,5,ITF,ITF4,16,Puglia,Puglia,4029053,3119028,77.41,0.14
159,2021-05-16,PUG,24536,11063,13473,12483,11828,225,ITF,ITF4,16,Puglia,Puglia,4029053,3143564,78.02,0.61
160,2021-06-18,PUG,47248,23258,23990,28470,17782,996,ITF,ITF4,16,Puglia,Puglia,4029053,3190812,79.2,1.17
161,2021-01-03,PUG,2006,942,1064,2005,0,1,ITF,ITF4,16,Puglia,Puglia,4029053,3192818,79.24,0.05
162,2021-05-09,PUG,30653,12563,18090,14651,15616,386,ITF,ITF4,16,Puglia,Puglia,4029053,3223471,80.01,0.76
163,2021-04-22,PUG,23012,10534,12478,17702,4918,392,ITF,ITF4,16,Puglia,Puglia,4029053,3246483,80.58,0.57
164,2021-02-12,PUG,4212,1672,2540,3098,1092,22,ITF,ITF4,16,Puglia,Puglia,4029053,3250695,80.68,0.1
165,2021-01-29,PUG,6201,2663,3538,425,5771,5,ITF,ITF4,16,Puglia,Puglia,4029053,3256896,80.84,0.15
166,2021-03-27,PUG,12153,5709,6444,6875,5169,109,ITF,ITF4,16,Puglia,Puglia,4029053,3269049,81.14,0.3
167,2021-01-05,PUG,5109,2252,2857,5106,0,3,ITF,ITF4,16,Puglia,Puglia,4029053,3274158,81.26,0.13
168,2021-04-15,PUG,32556,15191,17365,28625,3546,385,ITF,ITF4,16,Puglia,Puglia,4029053,3306714,82.07,0.81
169,2021-05-11,PUG,32551,14358,18193,13638,18419,494,ITF,ITF4,16,Puglia,Puglia,4029053,3339265,82.88,0.81
170,2021-05-04,PUG,35035,14816,20219,18166,16452,417,ITF,ITF4,16,Puglia,Puglia,4029053,3374300,83.75,0.87
171,2021-03-08,PUG,14989,6437,8552,12435,2401,153,ITF,ITF4,16,Puglia,Puglia,4029053,3389289,84.12,0.37
172,2021-03-20,PUG,8413,3878,4535,3776,4594,43,ITF,ITF4,16,Puglia,Puglia,4029053,3397702,84.33,0.21
173,2021-03-03,PUG,16779,6798,9981,14713,1916,150,ITF,ITF4,16,Puglia,Puglia,4029053,3414481,84.75,0.42
174,2021-06-11,PUG,47578,23272,24306,32657,13937,984,ITF,ITF4,16,Puglia,Puglia,4029053,3462059,85.93,1.18
175,2021-04-03,PUG,10559,4644,5915,6804,3559,196,ITF,ITF4,16,Puglia,Puglia,4029053,3472618,86.19,0.26
176,2021-05-03,PUG,33299,14883,18416,22086,10629,584,ITF,ITF4,16,Puglia,Puglia,4029053,3505917,87.02,0.83
177,2021-03-07,PUG,4983,2000,2983,4373,571,39,ITF,ITF4,16,Puglia,Puglia,4029053,3510900,87.14,0.12
178,2021-05-05,PUG,39137,17155,21982,24357,14182,598,ITF,ITF4,16,Puglia,Puglia,4029053,3550037,88.11,0.97
179,2021-06-17,PUG,42191,20620,21571,20986,20595,610,ITF,ITF4,16,Puglia,Puglia,4029053,3592228,89.16,1.05
180,2021-03-30,PUG,12350,5914,6436,6288,5908,154,ITF,ITF4,16,Puglia,Puglia,4029053,3604578,89.46,0.31
181,2021-02-01,PUG,3966,1660,2306,369,3595,2,ITF,ITF4,16,Puglia,Puglia,4029053,3608544,89.56,0.1
182,2021-05-14,PUG,44909,20523,24386,27918,16122,869,ITF,ITF4,16,Puglia,Puglia,4029053,3653453,90.68,1.11
183,2021-01-25,PUG,3828,1680,2148,424,3403,1,ITF,ITF4,16,Puglia,Puglia,4029053,3657281,90.77,0.1
184,2021-04-08,PUG,17479,7583,9896,11087,6177,215,ITF,ITF4,16,Puglia,Puglia,4029053,3674760,91.21,0.43
185,2021-06-06,PUG,30607,15405,15202,25217,5030,360,ITF,ITF4,16,Puglia,Puglia,4029053,3705367,91.97,0.76
186,2021-04-10,PUG,30884,13098,17786,26280,4224,380,ITF,ITF4,16,Puglia,Puglia,4029053,3736251,92.73,0.77
187,2021-04-01,PUG,13926,6538,7388,7368,6347,211,ITF,ITF4,16,Puglia,Puglia,4029053,3750177,93.08,0.35
188,2021-02-03,PUG,5038,2006,3032,727,4308,3,ITF,ITF4,16,Puglia,Puglia,4029053,3755215,93.2,0.13
189,2021-02-16,LOM,9506,3073,6433,8957,448,101,ITC,ITC4,3,Lombardia,Lombardia,10060574,9506,0.09,0.09
190,2021-06-10,LOM,102550,52209,50341,86352,14395,1803,ITC,ITC4,3,Lombardia,Lombardia,10060574,112056,1.11,1.02
191,2021-03-02,LOM,22812,9702,13110,19504,3039,269,ITC,ITC4,3,Lombardia,Lombardia,10060574,134868,1.34,0.23
192,2020-12-28,LOM,107,47,60,107,0,0,ITC,ITC4,3,Lombardia,Lombardia,10060574,134975,1.34,0.0
193,2021-04-21,LOM,71766,32536,39230,55776,14615,1375,ITC,ITC4,3,Lombardia,Lombardia,10060574,206741,2.05,0.71
194,2021-01-11,LOM,16261,5378,10883,16251,0,10,ITC,ITC4,3,Lombardia,Lombardia,10060574,223002,2.22,0.16
195,2021-01-28,LOM,12226,3703,8523,794,11425,7,ITC,ITC4,3,Lombardia,Lombardia,10060574,235228,2.34,0.12
196,2021-02-04,LOM,27821,8109,19712,2007,25808,6,ITC,ITC4,3,Lombardia,Lombardia,10060574,263049,2.61,0.28
197,2021-04-09,LOM,52370,22364,30006,35544,15993,833,ITC,ITC4,3,Lombardia,Lombardia,10060574,315419,3.14,0.52
198,2021-04-04,LOM,7611,3230,4381,3682,3895,34,ITC,ITC4,3,Lombardia,Lombardia,10060574,323030,3.21,0.08
199,2021-04-02,LOM,41186,16850,24336,26171,14456,559,ITC,ITC4,3,Lombardia,Lombardia,10060574,364216,3.62,0.41
200,2021-04-28,LOM,95725,43664,52061,66845,26904,1976,ITC,ITC4,3,Lombardia,Lombardia,10060574,459941,4.57,0.95
201,2021-06-24,LOM,109456,56606,52850,78748,28329,2379,ITC,ITC4,3,Lombardia,Lombardia,10060574,569397,5.66,1.09
202,2021-03-16,LOM,25497,10113,15384,16297,9078,122,ITC,ITC4,3,Lombardia,Lombardia,10060574,594894,5.91,0.25
203,2021-05-12,LOM,87475,41745,45730,57399,27556,2520,ITC,ITC4,3,Lombardia,Lombardia,10060574,682369,6.78,0.87
204,2021-04-23,LOM,73495,33310,40185,55560,16548,1387,ITC,ITC4,3,Lombardia,Lombardia,10060574,755864,7.51,0.73
205,2021-05-10,LOM,85263,40880,44383,62032,21577,1654,ITC,ITC4,3,Lombardia,Lombardia,10060574,841127,8.36,0.85
206,2021-01-30,LOM,12314,4566,7748,145,12160,9,ITC,ITC4,3,Lombardia,Lombardia,10060574,853441,8.48,0.12
207,2021-03-28,LOM,20481,7817,12664,13933,6164,384,ITC,ITC4,3,Lombardia,Lombardia,10060574,873922,8.69,0.2
208,2021-04-14,LOM,47172,21025,26147,33522,12970,680,ITC,ITC4,3,Lombardia,Lombardia,10060574,921094,9.16,0.47
209,2021-01-04,LOM,6100,2103,3997,6094,0,6,ITC,ITC4,3,Lombardia,Lombardia,10060574,927194,9.22,0.06
210,2021-06-19,LOM,104139,51914,52225,57903,44813,1423,ITC,ITC4,3,Lombardia,Lombardia,10060574,1031333,10.25,1.04
211,2021-06-05,LOM,102373,52930,49443,91092,9767,1514,ITC,ITC4,3,Lombardia,Lombardia,10060574,1133706,11.27,1.02
212,2021-03-14,LOM,14874,5348,9526,11218,3283,373,ITC,ITC4,3,Lombardia,Lombardia,10060574,1148580,11.42,0.15
213,2021-02-23,LOM,11829,4803,7026,11289,332,208,ITC,ITC4,3,Lombardia,Lombardia,10060574,1160409,11.53,0.12
214,2021-01-16,LOM,15432,5734,9698,15421,0,11,ITC,ITC4,3,Lombardia,Lombardia,10060574,1175841,11.69,0.15
215,2021-01-09,LOM,12419,4574,7845,12411,0,8,ITC,ITC4,3,Lombardia,Lombardia,10060574,1188260,11.81,0.12
216,2021-05-24,LOM,89507,43480,46027,48578,39995,934,ITC,ITC4,3,Lombardia,Lombardia,10060574,1277767,12.7,0.89
217,2021-02-11,LOM,17080,5010,12070,9628,7373,79,ITC,ITC4,3,Lombardia,Lombardia,10060574,1294847,12.87,0.17
218,2021-05-31,LOM,95655,47401,48254,78351,16195,1109,ITC,ITC4,3,Lombardia,Lombardia,10060574,1390502,13.82,0.95
219,2021-03-26,LOM,41303,15695,25608,27489,13142,672,ITC,ITC4,3,Lombardia,Lombardia,10060574,1431805,14.23,0.41
220,2021-05-22,LOM,70583,33831,36752,31713,38155,715,ITC,ITC4,3,Lombardia,Lombardia,10060574,1502388,14.93,0.7
221,2021-04-11,LOM,32219,13944,18275,24314,7394,511,ITC,ITC4,3,Lombardia,Lombardia,10060574,1534607,15.25,0.32
222,2021-01-01,LOM,24,7,17,24,0,0,ITC,ITC4,3,Lombardia,Lombardia,10060574,1534631,15.25,0.0
223,2021-06-07,LOM,98931,50414,48517,84006,13304,1621,ITC,ITC4,3,Lombardia,Lombardia,10060574,1633562,16.24,0.98
224,2021-02-27,LOM,13946,5871,8075,13151,641,154,ITC,ITC4,3,Lombardia,Lombardia,10060574,1647508,16.38,0.14
225,2020-12-30,LOM,114,42,72,114,0,0,ITC,ITC4,3,Lombardia,Lombardia,10060574,1647622,16.38,0.0
226,2021-04-25,LOM,51498,23613,27885,45535,4743,1220,ITC,ITC4,3,Lombardia,Lombardia,10060574,1699120,16.89,0.51
227,2021-06-28,LOM,107831,54947,52884,74496,30744,2591,ITC,ITC4,3,Lombardia,Lombardia,10060574,1806951,17.96,1.07
228,2021-04-06,LOM,43063,17585,25478,24436,17935,692,ITC,ITC4,3,Lombardia,Lombardia,10060574,1850014,18.39,0.43
229,2021-06-17,LOM,108441,52665,55776,52989,54266,1186,ITC,ITC4,3,Lombardia,Lombardia,10060574,1958455,19.47,1.08
230,2021-03-09,LOM,33217,12861,20356,25240,7396,581,ITC,ITC4,3,Lombardia,Lombardia,10060574,1991672,19.8,0.33
231,2021-05-05,LOM,87933,41923,46010,70359,15312,2262,ITC,ITC4,3,Lombardia,Lombardia,10060574,2079605,20.67,0.87
232,2021-07-01,LOM,104645,52657,51988,53310,48949,2386,ITC,ITC4,3,Lombardia,Lombardia,10060574,2184250,21.71,1.04
233,2021-04-16,LOM,53672,23922,29750,38423,14357,892,ITC,ITC4,3,Lombardia,Lombardia,10060574,2237922,22.24,0.53
234,2021-05-03,LOM,83701,39754,43947,69454,12125,2122,ITC,ITC4,3,Lombardia,Lombardia,10060574,2321623,23.08,0.83
235,2021-01-23,LOM,1115,357,758,913,199,3,ITC,ITC4,3,Lombardia,Lombardia,10060574,2322738,23.09,0.01
236,2021-06-21,LOM,113195,58002,55193,80175,30843,2177,ITC,ITC4,3,Lombardia,Lombardia,10060574,2435933,24.21,1.13
237,2021-06-12,LOM,89293,48052,41241,84374,3075,1844,ITC,ITC4,3,Lombardia,Lombardia,10060574,2525226,25.1,0.89
238,2021-06-29,LOM,107025,53084,53941,57469,47555,2001,ITC,ITC4,3,Lombardia,Lombardia,10060574,2632251,26.16,1.06
239,2021-03-21,LOM,23512,8494,15018,17729,5194,589,ITC,ITC4,3,Lombardia,Lombardia,10060574,2655763,26.4,0.23
240,2021-02-13,LOM,6419,2441,3978,4882,1477,60,ITC,ITC4,3,Lombardia,Lombardia,10060574,2662182,26.46,0.06
241,2021-05-29,LOM,88300,42408,45892,41398,46059,843,ITC,ITC4,3,Lombardia,Lombardia,10060574,2750482,27.34,0.88
242,2021-02-18,LOM,14050,4924,9126,12816,1036,198,ITC,ITC4,3,Lombardia,Lombardia,10060574,2764532,27.48,0.14
243,2021-05-17,LOM,94635,45351,49284,29522,64410,703,ITC,ITC4,3,Lombardia,Lombardia,10060574,2859167,28.42,0.94
244,2021-05-19,LOM,82870,39584,43286,33041,49054,775,ITC,ITC4,3,Lombardia,Lombardia,10060574,2942037,29.24,0.82
245,2021-02-08,LOM,10083,2919,7164,2121,7953,9,ITC,ITC4,3,Lombardia,Lombardia,10060574,2952120,29.34,0.1
246,2021-02-25,LOM,15293,6349,8944,13520,1572,201,ITC,ITC4,3,Lombardia,Lombardia,10060574,2967413,29.5,0.15
247,2021-03-07,LOM,12087,5361,6726,9338,2559,190,ITC,ITC4,3,Lombardia,Lombardia,10060574,2979500,29.62,0.12
248,2021-01-27,LOM,8035,2674,5361,806,7227,2,ITC,ITC4,3,Lombardia,Lombardia,10060574,2987535,29.7,0.08
249,2021-07-03,LOM,102096,51509,50587,44522,55468,2106,ITC,ITC4,3,Lombardia,Lombardia,10060574,3089631,30.71,1.01
250,2021-03-25,LOM,42822,16015,26807,29234,12684,904,ITC,ITC4,3,Lombardia,Lombardia,10060574,3132453,31.14,0.43
251,2021-05-21,LOM,93819,45231,48588,28370,64684,765,ITC,ITC4,3,Lombardia,Lombardia,10060574,3226272,32.07,0.93
252,2021-06-16,LOM,99198,50410,48788,50093,47952,1153,ITC,ITC4,3,Lombardia,Lombardia,10060574,3325470,33.05,0.99
253,2021-03-06,LOM,21339,9099,12240,16523,4513,303,ITC,ITC4,3,Lombardia,Lombardia,10060574,3346809,33.27,0.21
254,2021-06-09,LOM,103586,52201,51385,87398,14462,1726,ITC,ITC4,3,Lombardia,Lombardia,10060574,3450395,34.3,1.03
255,2021-03-08,LOM,29747,11187,18560,22149,7079,519,ITC,ITC4,3,Lombardia,Lombardia,10060574,3480142,34.59,0.3
256,2021-05-04,LOM,86816,41075,45741,70281,14393,2142,ITC,ITC4,3,Lombardia,Lombardia,10060574,3566958,35.45,0.86
257,2021-01-18,LOM,9202,2972,6230,8212,975,15,ITC,ITC4,3,Lombardia,Lombardia,10060574,3576160,35.55,0.09
258,2021-03-23,LOM,42572,15466,27106,28857,12860,855,ITC,ITC4,3,Lombardia,Lombardia,10060574,3618732,35.97,0.42
259,2021-01-25,LOM,7015,2368,4647,471,6541,3,ITC,ITC4,3,Lombardia,Lombardia,10060574,3625747,36.04,0.07
260,2021-02-01,LOM,16066,5322,10744,307,15757,2,ITC,ITC4,3,Lombardia,Lombardia,10060574,3641813,36.2,0.16
261,2021-07-05,LOM,79152,38071,41081,18508,59582,1062,ITC,ITC4,3,Lombardia,Lombardia,10060574,3720965,36.99,0.79
262,2021-06-02,LOM,84633,43574,41059,76986,6331,1316,ITC,ITC4,3,Lombardia,Lombardia,10060574,3805598,37.83,0.84
263,2021-03-11,LOM,36216,13476,22740,25623,9909,684,ITC,ITC4,3,Lombardia,Lombardia,10060574,3841814,38.19,0.36
264,2021-03-30,LOM,39622,15589,24033,24228,14780,614,ITC,ITC4,3,Lombardia,Lombardia,10060574,3881436,38.58,0.39
265,2021-01-06,LOM,7060,2493,4567,7055,0,5,ITC,ITC4,3,Lombardia,Lombardia,10060574,3888496,38.65,0.07
266,2021-01-13,LOM,26432,8072,18360,26405,0,27,ITC,ITC4,3,Lombardia,Lombardia,10060574,3914928,38.91,0.26
267,2021-03-04,LOM,29323,12111,17212,20038,9065,220,ITC,ITC4,3,Lombardia,Lombardia,10060574,3944251,39.21,0.29
268,2021-06-30,LOM,106671,52861,53810,56582,48000,2089,ITC,ITC4,3,Lombardia,Lombardia,10060574,4050922,40.27,1.06
269,2021-03-22,LOM,40336,14302,26034,28944,10557,835,ITC,ITC4,3,Lombardia,Lombardia,10060574,4091258,40.67,0.4
270,2021-04-08,LOM,52356,21761,30595,35221,16459,676,ITC,ITC4,3,Lombardia,Lombardia,10060574,4143614,41.19,0.52
271,2020-12-29,LOM,106,45,61,106,0,0,ITC,ITC4,3,Lombardia,Lombardia,10060574,4143720,41.19,0.0
272,2021-04-22,LOM,73895,33384,40511,56182,16326,1387,ITC,ITC4,3,Lombardia,Lombardia,10060574,4217615,41.92,0.73
273,2021-03-03,LOM,26971,11515,15456,19470,7282,219,ITC,ITC4,3,Lombardia,Lombardia,10060574,4244586,42.19,0.27
274,2021-05-11,LOM,86873,41433,45440,58239,26221,2413,ITC,ITC4,3,Lombardia,Lombardia,10060574,4331459,43.05,0.86
275,2021-02-06,LOM,15258,5537,9721,1011,14243,4,ITC,ITC4,3,Lombardia,Lombardia,10060574,4346717,43.21,0.15
276,2021-05-02,LOM,83504,38337,45167,59260,22464,1780,ITC,ITC4,3,Lombardia,Lombardia,10060574,4430221,44.04,0.83
277,2021-04-13,LOM,47644,21267,26377,32923,14077,644,ITC,ITC4,3,Lombardia,Lombardia,10060574,4477865,44.51,0.47
278,2021-04-30,LOM,117250,54794,62456,87197,27490,2563,ITC,ITC4,3,Lombardia,Lombardia,10060574,4595115,45.67,1.17
279,2021-01-20,LOM,5666,1377,4289,5546,114,6,ITC,ITC4,3,Lombardia,Lombardia,10060574,4600781,45.73,0.06
280,2021-06-14,LOM,94741,48138,46603,49089,44512,1140,ITC,ITC4,3,Lombardia,Lombardia,10060574,4695522,46.67,0.94
281,2021-05-26,LOM,93643,44638,49005,42719,50033,891,ITC,ITC4,3,Lombardia,Lombardia,10060574,4789165,47.6,0.93
282,2021-02-15,LOM,8950,3137,5813,8353,418,179,ITC,ITC4,3,Lombardia,Lombardia,10060574,4798115,47.69,0.09
283,2021-05-07,LOM,92285,43695,48590,68363,22382,1540,ITC,ITC4,3,Lombardia,Lombardia,10060574,4890400,48.61,0.92
284,2021-03-18,LOM,27390,10954,16436,15928,11237,225,ITC,ITC4,3,Lombardia,Lombardia,10060574,4917790,48.88,0.27
285,2021-05-14,LOM,85920,41379,44541,53238,30299,2383,ITC,ITC4,3,Lombardia,Lombardia,10060574,5003710,49.74,0.85
286,2021-06-26,LOM,105862,55422,50440,78071,25392,2399,ITC,ITC4,3,Lombardia,Lombardia,10060574,5109572,50.79,1.05
287,2021-02-10,LOM,14400,4506,9894,7547,6822,31,ITC,ITC4,3,Lombardia,Lombardia,10060574,5123972,50.93,0.14
288,2021-02-03,LOM,25646,7917,17729,1076,24565,5,ITC,ITC4,3,Lombardia,Lombardia,10060574,5149618,51.19,0.25
289,2021-04-01,LOM,42964,17235,25729,26049,16204,711,ITC,ITC4,3,Lombardia,Lombardia,10060574,5192582,51.61,0.43
290,2021-01-24,LOM,1199,457,742,536,663,0,ITC,ITC4,3,Lombardia,Lombardia,10060574,5193781,51.63,0.01
291,2021-05-28,LOM,93519,44819,48700,42017,50582,920,ITC,ITC4,3,Lombardia,Lombardia,10060574,5287300,52.55,0.93
292,2021-02-17,LOM,11990,3756,8234,10407,1390,193,ITC,ITC4,3,Lombardia,Lombardia,10060574,5299290,52.67,0.12
293,2021-06-11,LOM,101362,51647,49715,84885,14579,1898,ITC,ITC4,3,Lombardia,Lombardia,10060574,5400652,53.68,1.01
294,2021-04-05,LOM,27380,11695,15685,19023,8103,254,ITC,ITC4,3,Lombardia,Lombardia,10060574,5428032,53.95,0.27
295,2021-01-31,LOM,9739,3765,5974,29,9710,0,ITC,ITC4,3,Lombardia,Lombardia,10060574,5437771,54.05,0.1
296,2021-05-25,LOM,91150,43618,47532,43840,46483,827,ITC,ITC4,3,Lombardia,Lombardia,10060574,5528921,54.96,0.91
297,2021-02-14,LOM,3583,1547,2036,2934,635,14,ITC,ITC4,3,Lombardia,Lombardia,10060574,5532504,54.99,0.04
298,2021-01-12,LOM,20228,6700,13528,20199,0,29,ITC,ITC4,3,Lombardia,Lombardia,10060574,5552732,55.19,0.2
299,2021-04-03,LOM,36241,14860,21381,25769,10091,381,ITC,ITC4,3,Lombardia,Lombardia,10060574,5588973,55.55,0.36
300,2021-05-30,LOM,74373,35589,38784,33796,39957,620,ITC,ITC4,3,Lombardia,Lombardia,10060574,5663346,56.29,0.74
301,2021-05-18,LOM,88198,42156,46042,31864,55568,766,ITC,ITC4,3,Lombardia,Lombardia,10060574,5751544,57.17,0.88
302,2021-06-04,LOM,104600,54300,50300,93188,9626,1786,ITC,ITC4,3,Lombardia,Lombardia,10060574,5856144,58.21,1.04
303,2021-02-24,LOM,14720,5957,8763,13557,954,209,ITC,ITC4,3,Lombardia,Lombardia,10060574,5870864,58.36,0.15
304,2021-05-16,LOM,68699,32505,36194,35586,32203,910,ITC,ITC4,3,Lombardia,Lombardia,10060574,5939563,59.04,0.68
305,2021-02-05,LOM,25706,7456,18250,2409,23278,19,ITC,ITC4,3,Lombardia,Lombardia,10060574,5965269,59.29,0.26
306,2021-02-22,LOM,11897,4809,7088,11393,305,199,ITC,ITC4,3,Lombardia,Lombardia,10060574,5977166,59.41,0.12
307,2021-03-13,LOM,27175,9770,17405,20529,6094,552,ITC,ITC4,3,Lombardia,Lombardia,10060574,6004341,59.68,0.27
308,2021-05-01,LOM,95976,43673,52303,65054,29210,1712,ITC,ITC4,3,Lombardia,Lombardia,10060574,6100317,60.64,0.95
309,2021-01-21,LOM,5464,1597,3867,4758,690,16,ITC,ITC4,3,Lombardia,Lombardia,10060574,6105781,60.69,0.05
310,2021-02-07,LOM,7312,2825,4487,335,6974,3,ITC,ITC4,3,Lombardia,Lombardia,10060574,6113093,60.76,0.07
311,2021-01-19,LOM,8053,2329,5724,7571,468,14,ITC,ITC4,3,Lombardia,Lombardia,10060574,6121146,60.84,0.08
312,2021-03-20,LOM,32585,12161,20424,22234,9850,501,ITC,ITC4,3,Lombardia,Lombardia,10060574,6153731,61.17,0.32
313,2020-12-27,LOM,718,414,304,718,0,0,ITC,ITC4,3,Lombardia,Lombardia,10060574,6154449,61.17,0.01
314,2021-05-09,LOM,69708,32884,36824,54467,13268,1973,ITC,ITC4,3,Lombardia,Lombardia,10060574,6224157,61.87,0.69
315,2021-01-29,LOM,13487,4127,9360,683,12801,3,ITC,ITC4,3,Lombardia,Lombardia,10060574,6237644,62.0,0.13
316,2021-01-22,LOM,3142,868,2274,3068,69,5,ITC,ITC4,3,Lombardia,Lombardia,10060574,6240786,62.03,0.03
317,2021-04-15,LOM,49446,21857,27589,34869,13824,753,ITC,ITC4,3,Lombardia,Lombardia,10060574,6290232,62.52,0.49
318,2021-01-05,LOM,7853,2576,5277,7847,0,6,ITC,ITC4,3,Lombardia,Lombardia,10060574,6298085,62.6,0.08
319,2021-06-01,LOM,93942,46096,47846,75728,17088,1126,ITC,ITC4,3,Lombardia,Lombardia,10060574,6392027,63.54,0.93
320,2021-01-02,LOM,201,73,128,201,0,0,ITC,ITC4,3,Lombardia,Lombardia,10060574,6392228,63.54,0.0
321,2021-06-08,LOM,102837,52281,50556,87133,14032,1672,ITC,ITC4,3,Lombardia,Lombardia,10060574,6495065,64.56,1.02
322,2021-02-28,LOM,7884,3254,4630,7602,210,72,ITC,ITC4,3,Lombardia,Lombardia,10060574,6502949,64.64,0.08
323,2021-04-26,LOM,87948,40924,47024,67016,19165,1767,ITC,ITC4,3,Lombardia,Lombardia,10060574,6590897,65.51,0.87
324,2021-06-18,LOM,107545,52827,54718,53499,52798,1248,ITC,ITC4,3,Lombardia,Lombardia,10060574,6698442,66.58,1.07
325,2021-03-01,LOM,18793,8232,10561,16881,1705,207,ITC,ITC4,3,Lombardia,Lombardia,10060574,6717235,66.77,0.19
326,2021-05-15,LOM,80904,38782,42122,45473,33382,2049,ITC,ITC4,3,Lombardia,Lombardia,10060574,6798139,67.57,0.8
327,2021-05-13,LOM,87142,41764,45378,55703,28850,2589,ITC,ITC4,3,Lombardia,Lombardia,10060574,6885281,68.44,0.87
328,2021-02-02,LOM,19880,6598,13282,496,19381,3,ITC,ITC4,3,Lombardia,Lombardia,10060574,6905161,68.64,0.2
329,2021-03-31,LOM,42055,17053,25002,26143,15233,679,ITC,ITC4,3,Lombardia,Lombardia,10060574,6947216,69.05,0.42
330,2021-03-10,LOM,33248,12716,20532,24798,7863,587,ITC,ITC4,3,Lombardia,Lombardia,10060574,6980464,69.38,0.33
331,2021-05-06,LOM,89823,42191,47632,70964,16492,2367,ITC,ITC4,3,Lombardia,Lombardia,10060574,7070287,70.28,0.89
332,2021-01-26,LOM,8342,2706,5636,349,7993,0,ITC,ITC4,3,Lombardia,Lombardia,10060574,7078629,70.36,0.08
333,2021-05-23,LOM,60762,28927,31835,26292,33955,515,ITC,ITC4,3,Lombardia,Lombardia,10060574,7139391,70.96,0.6
334,2021-02-12,LOM,13964,4366,9598,8869,4935,160,ITC,ITC4,3,Lombardia,Lombardia,10060574,7153355,71.1,0.14
335,2021-04-10,LOM,52736,21836,30900,40028,11955,753,ITC,ITC4,3,Lombardia,Lombardia,10060574,7206091,71.63,0.52
336,2021-06-06,LOM,90124,46344,43780,79526,9221,1377,ITC,ITC4,3,Lombardia,Lombardia,10060574,7296215,72.52,0.9
337,2021-01-07,LOM,11759,3636,8123,11719,0,40,ITC,ITC4,3,Lombardia,Lombardia,10060574,7307974,72.64,0.12
338,2021-02-19,LOM,14218,5400,8818,13320,723,175,ITC,ITC4,3,Lombardia,Lombardia,10060574,7322192,72.78,0.14
339,2021-04-17,LOM,48513,21302,27211,36956,10839,718,ITC,ITC4,3,Lombardia,Lombardia,10060574,7370705,73.26,0.48
340,2021-02-26,LOM,18396,7554,10842,16319,1873,204,ITC,ITC4,3,Lombardia,Lombardia,10060574,7389101,73.45,0.18
341,2020-12-31,LOM,714,302,412,714,0,0,ITC,ITC4,3,Lombardia,Lombardia,10060574,7389815,73.45,0.01
342,2021-05-20,LOM,94412,45624,48788,31217,62552,643,ITC,ITC4,3,Lombardia,Lombardia,10060574,7484227,74.39,0.94
343,2021-03-27,LOM,32440,12377,20063,23101,8708,631,ITC,ITC4,3,Lombardia,Lombardia,10060574,7516667,74.71,0.32
344,2021-01-03,LOM,854,316,538,853,0,1,ITC,ITC4,3,Lombardia,Lombardia,10060574,7517521,74.72,0.01
345,2021-06-22,LOM,110929,57903,53026,79600,29205,2124,ITC,ITC4,3,Lombardia,Lombardia,10060574,7628450,75.83,1.1
346,2021-06-13,LOM,75991,40559,35432,72280,2124,1587,ITC,ITC4,3,Lombardia,Lombardia,10060574,7704441,76.58,0.76
347,2021-03-05,LOM,28945,11939,17006,20228,8417,300,ITC,ITC4,3,Lombardia,Lombardia,10060574,7733386,76.87,0.29
348,2021-06-27,LOM,90903,46795,44108,69784,18823,2296,ITC,ITC4,3,Lombardia,Lombardia,10060574,7824289,77.77,0.9
349,2021-03-19,LOM,32429,12916,19513,18906,13200,323,ITC,ITC4,3,Lombardia,Lombardia,10060574,7856718,78.09,0.32
350,2021-05-27,LOM,94810,45429,49381,40602,53418,790,ITC,ITC4,3,Lombardia,Lombardia,10060574,7951528,79.04,0.94
351,2021-06-03,LOM,97135,49714,47421,84572,10870,1693,ITC,ITC4,3,Lombardia,Lombardia,10060574,8048663,80.0,0.97
352,2021-06-20,LOM,88928,44325,44603,53886,33802,1240,ITC,ITC4,3,Lombardia,Lombardia,10060574,8137591,80.89,0.88
353,2021-03-12,LOM,35269,12967,22302,24447,10204,618,ITC,ITC4,3,Lombardia,Lombardia,10060574,8172860,81.24,0.35
354,2021-03-29,LOM,40046,15542,24504,24528,14837,681,ITC,ITC4,3,Lombardia,Lombardia,10060574,8212906,81.63,0.4
355,2021-04-12,LOM,47243,20583,26660,32264,14342,637,ITC,ITC4,3,Lombardia,Lombardia,10060574,8260149,82.1,0.47
356,2021-02-21,LOM,5053,1864,3189,4942,17,94,ITC,ITC4,3,Lombardia,Lombardia,10060574,8265202,82.15,0.05
357,2021-04-19,LOM,60121,27351,32770,49446,9405,1270,ITC,ITC4,3,Lombardia,Lombardia,10060574,8325323,82.75,0.6
358,2021-06-15,LOM,95954,48832,47122,49026,45855,1073,ITC,ITC4,3,Lombardia,Lombardia,10060574,8421277,83.71,0.95
359,2021-04-24,LOM,75806,33595,42211,53435,21131,1240,ITC,ITC4,3,Lombardia,Lombardia,10060574,8497083,84.46,0.75
360,2021-01-14,LOM,26917,7803,19114,26862,0,55,ITC,ITC4,3,Lombardia,Lombardia,10060574,8524000,84.73,0.27
361,2021-05-08,LOM,87723,40756,46967,63467,22039,2217,ITC,ITC4,3,Lombardia,Lombardia,10060574,8611723,85.6,0.87
362,2021-04-07,LOM,50588,20921,29667,34072,15809,707,ITC,ITC4,3,Lombardia,Lombardia,10060574,8662311,86.1,0.5
363,2021-02-20,LOM,9338,3867,5471,8843,298,197,ITC,ITC4,3,Lombardia,Lombardia,10060574,8671649,86.19,0.09
364,2021-04-18,LOM,36410,16232,20178,30526,5240,644,ITC,ITC4,3,Lombardia,Lombardia,10060574,8708059,86.56,0.36
365,2021-01-08,LOM,12707,3919,8788,12695,0,12,ITC,ITC4,3,Lombardia,Lombardia,10060574,8720766,86.68,0.13
366,2021-01-15,LOM,25219,7433,17786,25167,0,52,ITC,ITC4,3,Lombardia,Lombardia,10060574,8745985,86.93,0.25
367,2021-04-29,LOM,115511,53588,61923,83085,29845,2581,ITC,ITC4,3,Lombardia,Lombardia,10060574,8861496,88.08,1.15
368,2021-06-25,LOM,108002,56053,51949,78258,27435,2309,ITC,ITC4,3,Lombardia,Lombardia,10060574,8969498,89.15,1.07
369,2021-04-20,LOM,67658,30832,36826,55887,10339,1432,ITC,ITC4,3,Lombardia,Lombardia,10060574,9037156,89.83,0.67
370,2021-01-10,LOM,10518,3960,6558,10509,0,9,ITC,ITC4,3,Lombardia,Lombardia,10060574,9047674,89.93,0.1
371,2021-01-17,LOM,8349,3346,5003,8142,201,6,ITC,ITC4,3,Lombardia,Lombardia,10060574,9056023,90.01,0.08
372,2021-06-23,LOM,110735,57307,53428,77227,31360,2148,ITC,ITC4,3,Lombardia,Lombardia,10060574,9166758,91.12,1.1
373,2021-03-15,LOM,31552,11328,20224,22421,8517,614,ITC,ITC4,3,Lombardia,Lombardia,10060574,9198310,91.43,0.31
374,2021-04-27,LOM,85998,39973,46025,67640,16551,1807,ITC,ITC4,3,Lombardia,Lombardia,10060574,9284308,92.28,0.85
375,2021-03-17,LOM,26257,10495,15762,15098,10999,160,ITC,ITC4,3,Lombardia,Lombardia,10060574,9310565,92.55,0.26
376,2021-07-04,LOM,86646,43333,43313,40181,44511,1954,ITC,ITC4,3,Lombardia,Lombardia,10060574,9397211,93.41,0.86
377,2021-07-02,LOM,103587,51926,51661,48831,52553,2203,ITC,ITC4,3,Lombardia,Lombardia,10060574,9500798,94.44,1.03
378,2021-03-24,LOM,43239,15608,27631,30466,11882,891,ITC,ITC4,3,Lombardia,Lombardia,10060574,9544037,94.87,0.43
379,2021-02-09,LOM,12216,3334,8882,4023,8179,14,ITC,ITC4,3,Lombardia,Lombardia,10060574,9556253,94.99,0.12
380,2021-03-02,CAM,12761,4558,8203,8214,4345,202,ITF,ITF3,15,Campania,Campania,5801692,12761,0.22,0.22
381,2021-01-11,CAM,4070,1871,2199,3961,0,109,ITF,ITF3,15,Campania,Campania,5801692,16831,0.29,0.07
382,2021-06-07,CAM,57570,27716,29854,52860,4033,677,ITF,ITF3,15,Campania,Campania,5801692,74401,1.28,0.99
383,2021-02-25,CAM,12425,4478,7947,10968,1188,269,ITF,ITF3,15,Campania,Campania,5801692,86826,1.5,0.21
384,2021-04-09,CAM,30044,14153,15891,23313,6134,597,ITF,ITF3,15,Campania,Campania,5801692,116870,2.01,0.52
385,2021-06-05,CAM,77591,37563,40028,70865,6023,703,ITF,ITF3,15,Campania,Campania,5801692,194461,3.35,1.34
386,2021-06-14,CAM,37077,17904,19173,18766,18004,307,ITF,ITF3,15,Campania,Campania,5801692,231538,3.99,0.64
387,2021-06-24,CAM,66019,31800,34219,13465,52225,329,ITF,ITF3,15,Campania,Campania,5801692,297557,5.13,1.14
388,2021-03-16,CAM,8086,3519,4567,3700,4314,72,ITF,ITF3,15,Campania,Campania,5801692,305643,5.27,0.14
389,2021-01-25,CAM,5746,2927,2819,163,5583,0,ITF,ITF3,15,Campania,Campania,5801692,311389,5.37,0.1
390,2021-07-01,CAM,61463,29825,31638,19843,40971,649,ITF,ITF3,15,Campania,Campania,5801692,372852,6.43,1.06
391,2021-03-23,CAM,15740,7443,8297,12922,2513,305,ITF,ITF3,15,Campania,Campania,5801692,388592,6.7,0.27
392,2021-05-19,CAM,51156,22604,28552,33826,16609,721,ITF,ITF3,15,Campania,Campania,5801692,439748,7.58,0.88
393,2021-05-24,CAM,31358,15151,16207,15864,15149,345,ITF,ITF3,15,Campania,Campania,5801692,471106,8.12,0.54
394,2021-02-13,CAM,5508,2550,2958,5109,217,182,ITF,ITF3,15,Campania,Campania,5801692,476614,8.22,0.09
395,2021-04-23,CAM,32322,15520,16802,22484,9148,690,ITF,ITF3,15,Campania,Campania,5801692,508936,8.77,0.56
396,2021-03-28,CAM,15556,7504,8052,13601,1625,330,ITF,ITF3,15,Campania,Campania,5801692,524492,9.04,0.27
397,2021-01-04,CAM,5826,2963,2863,5727,0,99,ITF,ITF3,15,Campania,Campania,5801692,530318,9.14,0.1
398,2021-06-19,CAM,62333,29687,32646,24239,37718,376,ITF,ITF3,15,Campania,Campania,5801692,592651,10.22,1.07
399,2021-03-09,CAM,14124,6870,7254,9958,3785,381,ITF,ITF3,15,Campania,Campania,5801692,606775,10.46,0.24
400,2021-04-11,CAM,17525,8606,8919,15069,2082,374,ITF,ITF3,15,Campania,Campania,5801692,624300,10.76,0.3
401,2021-04-28,CAM,36434,17641,18793,25916,9756,762,ITF,ITF3,15,Campania,Campania,5801692,660734,11.39,0.63
402,2021-01-18,CAM,958,399,559,682,244,32,ITF,ITF3,15,Campania,Campania,5801692,661692,11.41,0.02
403,2021-05-17,CAM,49360,21700,27660,23653,25257,450,ITF,ITF3,15,Campania,Campania,5801692,711052,12.26,0.85
404,2021-01-30,CAM,10722,5080,5642,36,10684,2,ITF,ITF3,15,Campania,Campania,5801692,721774,12.44,0.18
405,2021-07-03,CAM,67285,32493,34792,8206,58703,376,ITF,ITF3,15,Campania,Campania,5801692,789059,13.6,1.16
406,2021-01-16,CAM,3371,1677,1694,3262,0,109,ITF,ITF3,15,Campania,Campania,5801692,792430,13.66,0.06
407,2021-02-11,CAM,6280,2704,3576,5929,66,285,ITF,ITF3,15,Campania,Campania,5801692,798710,13.77,0.11
408,2021-04-16,CAM,34322,16560,17762,23017,10665,640,ITF,ITF3,15,Campania,Campania,5801692,833032,14.36,0.59
409,2021-02-27,CAM,13948,4473,9475,12008,1642,298,ITF,ITF3,15,Campania,Campania,5801692,846980,14.6,0.24
410,2021-06-16,CAM,31293,14823,16470,20250,10749,294,ITF,ITF3,15,Campania,Campania,5801692,878273,15.14,0.54
411,2021-05-26,CAM,52670,25833,26837,21108,31097,465,ITF,ITF3,15,Campania,Campania,5801692,930943,16.05,0.91
412,2021-04-06,CAM,24511,11562,12949,19506,4524,481,ITF,ITF3,15,Campania,Campania,5801692,955454,16.47,0.42
413,2020-12-27,CAM,720,422,298,716,0,4,ITF,ITF3,15,Campania,Campania,5801692,956174,16.48,0.01
414,2021-04-20,CAM,32035,15499,16536,20158,11312,565,ITF,ITF3,15,Campania,Campania,5801692,988209,17.03,0.55
415,2021-05-05,CAM,51173,24857,26316,43287,6385,1501,ITF,ITF3,15,Campania,Campania,5801692,1039382,17.92,0.88
416,2021-05-12,CAM,40885,19949,20936,30590,9155,1140,ITF,ITF3,15,Campania,Campania,5801692,1080267,18.62,0.7
417,2021-05-31,CAM,40724,20664,20060,29848,10309,567,ITF,ITF3,15,Campania,Campania,5801692,1120991,19.32,0.7
418,2021-06-02,CAM,42786,20122,22664,37688,4662,436,ITF,ITF3,15,Campania,Campania,5801692,1163777,20.06,0.74
419,2021-02-22,CAM,10682,3294,7388,10194,263,225,ITF,ITF3,15,Campania,Campania,5801692,1174459,20.24,0.18
420,2021-06-26,CAM,62900,30679,32221,14647,47845,408,ITF,ITF3,15,Campania,Campania,5801692,1237359,21.33,1.08
421,2021-04-04,CAM,7967,4018,3949,6702,1047,218,ITF,ITF3,15,Campania,Campania,5801692,1245326,21.46,0.14
422,2021-06-12,CAM,63975,31536,32439,55941,7213,821,ITF,ITF3,15,Campania,Campania,5801692,1309301,22.57,1.1
423,2021-03-04,CAM,14707,5396,9311,8554,5894,259,ITF,ITF3,15,Campania,Campania,5801692,1324008,22.82,0.25
424,2021-05-07,CAM,59763,29204,30559,42779,15946,1038,ITF,ITF3,15,Campania,Campania,5801692,1383771,23.85,1.03
425,2021-01-27,CAM,7738,3820,3918,157,7576,5,ITF,ITF3,15,Campania,Campania,5801692,1391509,23.98,0.13
426,2021-01-06,CAM,7652,3749,3903,7508,0,144,ITF,ITF3,15,Campania,Campania,5801692,1399161,24.12,0.13
427,2021-02-18,CAM,9080,3813,5267,8151,707,222,ITF,ITF3,15,Campania,Campania,5801692,1408241,24.27,0.16
428,2021-04-25,CAM,30733,15170,15563,24599,5396,738,ITF,ITF3,15,Campania,Campania,5801692,1438974,24.8,0.53
429,2021-01-13,CAM,8020,3666,4354,7781,0,239,ITF,ITF3,15,Campania,Campania,5801692,1446994,24.94,0.14
430,2021-02-06,CAM,5341,2666,2675,2006,3239,96,ITF,ITF3,15,Campania,Campania,5801692,1452335,25.03,0.09
431,2021-04-30,CAM,42322,20191,22131,25036,16498,788,ITF,ITF3,15,Campania,Campania,5801692,1494657,25.76,0.73
432,2021-02-04,CAM,7943,3429,4514,1249,6635,59,ITF,ITF3,15,Campania,Campania,5801692,1502600,25.9,0.14
433,2021-01-01,CAM,919,506,413,900,0,19,ITF,ITF3,15,Campania,Campania,5801692,1503519,25.92,0.02
434,2021-03-25,CAM,20321,9653,10668,16390,3503,428,ITF,ITF3,15,Campania,Campania,5801692,1523840,26.27,0.35
435,2021-01-23,CAM,3839,2029,1810,267,3566,6,ITF,ITF3,15,Campania,Campania,5801692,1527679,26.33,0.07
436,2021-03-21,CAM,10071,4674,5397,7507,2390,174,ITF,ITF3,15,Campania,Campania,5801692,1537750,26.51,0.17
437,2021-02-10,CAM,6905,3413,3492,6484,177,244,ITF,ITF3,15,Campania,Campania,5801692,1544655,26.62,0.12
438,2021-04-08,CAM,28391,13749,14642,21992,5843,556,ITF,ITF3,15,Campania,Campania,5801692,1573046,27.11,0.49
439,2021-06-04,CAM,74476,35801,38675,64773,9059,644,ITF,ITF3,15,Campania,Campania,5801692,1647522,28.4,1.28
440,2021-05-21,CAM,63707,29603,34104,42177,20525,1005,ITF,ITF3,15,Campania,Campania,5801692,1711229,29.5,1.1
441,2021-05-02,CAM,43496,21541,21955,31286,11359,851,ITF,ITF3,15,Campania,Campania,5801692,1754725,30.25,0.75
442,2021-01-22,CAM,1525,776,749,659,852,14,ITF,ITF3,15,Campania,Campania,5801692,1756250,30.27,0.03
443,2021-03-06,CAM,16371,6814,9557,10412,5669,290,ITF,ITF3,15,Campania,Campania,5801692,1772621,30.55,0.28
444,2021-02-08,CAM,5113,2449,2664,4164,803,146,ITF,ITF3,15,Campania,Campania,5801692,1777734,30.64,0.09
445,2021-02-01,CAM,3984,1813,2171,102,3874,8,ITF,ITF3,15,Campania,Campania,5801692,1781718,30.71,0.07
446,2021-03-30,CAM,22051,10575,11476,18597,2958,496,ITF,ITF3,15,Campania,Campania,5801692,1803769,31.09,0.38
447,2021-03-11,CAM,17998,9056,8942,10331,7279,388,ITF,ITF3,15,Campania,Campania,5801692,1821767,31.4,0.31
448,2021-05-16,CAM,51145,23225,27920,32867,17572,706,ITF,ITF3,15,Campania,Campania,5801692,1872912,32.28,0.88
449,2021-02-20,CAM,8573,3080,5493,8109,303,161,ITF,ITF3,15,Campania,Campania,5801692,1881485,32.43,0.15
450,2021-02-03,CAM,8903,4003,4900,842,8025,36,ITF,ITF3,15,Campania,Campania,5801692,1890388,32.58,0.15
451,2021-03-18,CAM,12175,5380,6795,5795,6189,191,ITF,ITF3,15,Campania,Campania,5801692,1902563,32.79,0.21
452,2021-04-05,CAM,11638,5542,6096,8939,2424,275,ITF,ITF3,15,Campania,Campania,5801692,1914201,32.99,0.2
453,2021-03-17,CAM,11590,5100,6490,4860,6581,149,ITF,ITF3,15,Campania,Campania,5801692,1925791,33.19,0.2
454,2021-06-11,CAM,70772,34380,36392,63907,6023,842,ITF,ITF3,15,Campania,Campania,5801692,1996563,34.41,1.22
455,2021-03-03,CAM,13924,5496,8428,7099,6630,195,ITF,ITF3,15,Campania,Campania,5801692,2010487,34.65,0.24
456,2021-06-25,CAM,65471,31783,33688,13788,51304,379,ITF,ITF3,15,Campania,Campania,5801692,2075958,35.78,1.13
457,2021-05-25,CAM,46502,22383,24119,22548,23406,548,ITF,ITF3,15,Campania,Campania,5801692,2122460,36.58,0.8
458,2021-01-20,CAM,1257,650,607,1226,0,31,ITF,ITF3,15,Campania,Campania,5801692,2123717,36.61,0.02
459,2021-04-13,CAM,26606,12685,13921,20575,5533,498,ITF,ITF3,15,Campania,Campania,5801692,2150323,37.06,0.46
460,2021-01-03,CAM,3836,2009,1827,3787,0,49,ITF,ITF3,15,Campania,Campania,5801692,2154159,37.13,0.07
461,2021-07-05,CAM,44236,21365,22871,8966,34787,483,ITF,ITF3,15,Campania,Campania,5801692,2198395,37.89,0.76
462,2021-06-28,CAM,46488,22720,23768,20585,25384,519,ITF,ITF3,15,Campania,Campania,5801692,2244883,38.69,0.8
463,2021-03-20,CAM,13986,6526,7460,10011,3739,236,ITF,ITF3,15,Campania,Campania,5801692,2258869,38.93,0.24
464,2021-02-15,CAM,5471,2516,2955,5160,174,137,ITF,ITF3,15,Campania,Campania,5801692,2264340,39.03,0.09
465,2021-06-09,CAM,53042,26046,26996,41696,10902,444,ITF,ITF3,15,Campania,Campania,5801692,2317382,39.94,0.91
466,2021-03-01,CAM,12129,4247,7882,7783,4112,234,ITF,ITF3,15,Campania,Campania,5801692,2329511,40.15,0.21
467,2021-05-09,CAM,43201,20285,22916,30970,11095,1136,ITF,ITF3,15,Campania,Campania,5801692,2372712,40.9,0.74
468,2021-04-01,CAM,24680,12010,12670,20080,4133,467,ITF,ITF3,15,Campania,Campania,5801692,2397392,41.32,0.43
469,2021-05-28,CAM,73017,35288,37729,26290,46114,613,ITF,ITF3,15,Campania,Campania,5801692,2470409,42.58,1.26
470,2021-05-14,CAM,61037,27582,33455,34851,24704,1482,ITF,ITF3,15,Campania,Campania,5801692,2531446,43.63,1.05
471,2021-02-24,CAM,11784,4149,7635,10849,688,247,ITF,ITF3,15,Campania,Campania,5801692,2543230,43.84,0.2
472,2021-01-05,CAM,7237,3637,3600,7076,0,161,ITF,ITF3,15,Campania,Campania,5801692,2550467,43.96,0.12
473,2021-02-17,CAM,7389,3211,4178,6205,1060,124,ITF,ITF3,15,Campania,Campania,5801692,2557856,44.09,0.13
474,2021-04-15,CAM,34343,16664,17679,23813,9902,628,ITF,ITF3,15,Campania,Campania,5801692,2592199,44.68,0.59
475,2021-03-08,CAM,14685,6846,7839,9504,4775,406,ITF,ITF3,15,Campania,Campania,5801692,2606884,44.93,0.25
476,2021-05-04,CAM,48480,23347,25133,38348,8901,1231,ITF,ITF3,15,Campania,Campania,5801692,2655364,45.77,0.84
477,2021-01-24,CAM,4122,2119,2003,360,3745,17,ITF,ITF3,15,Campania,Campania,5801692,2659486,45.84,0.07
478,2021-05-13,CAM,55449,24828,30621,37875,16004,1570,ITF,ITF3,15,Campania,Campania,5801692,2714935,46.8,0.96
479,2021-01-31,CAM,8069,3712,4357,22,8046,1,ITF,ITF3,15,Campania,Campania,5801692,2723004,46.93,0.14
480,2021-04-22,CAM,33962,16540,17422,20932,12405,625,ITF,ITF3,15,Campania,Campania,5801692,2756966,47.52,0.59
481,2021-01-12,CAM,5215,2564,2651,5076,0,139,ITF,ITF3,15,Campania,Campania,5801692,2762181,47.61,0.09
482,2021-05-06,CAM,57282,27910,29372,41311,14451,1520,ITF,ITF3,15,Campania,Campania,5801692,2819463,48.6,0.99
483,2021-02-28,CAM,10412,3207,7205,8315,1900,197,ITF,ITF3,15,Campania,Campania,5801692,2829875,48.78,0.18
484,2021-02-14,CAM,3928,1923,2005,3844,34,50,ITF,ITF3,15,Campania,Campania,5801692,2833803,48.84,0.07
485,2021-01-26,CAM,7341,3726,3615,331,6989,21,ITF,ITF3,15,Campania,Campania,5801692,2841144,48.97,0.13
486,2021-04-19,CAM,30766,14829,15937,18689,11572,505,ITF,ITF3,15,Campania,Campania,5801692,2871910,49.5,0.53
487,2021-01-09,CAM,10567,5024,5543,10306,0,261,ITF,ITF3,15,Campania,Campania,5801692,2882477,49.68,0.18
488,2021-04-17,CAM,36182,17510,18672,23983,11512,687,ITF,ITF3,15,Campania,Campania,5801692,2918659,50.31,0.62
489,2021-06-13,CAM,43421,21236,22185,38101,4727,593,ITF,ITF3,15,Campania,Campania,5801692,2962080,51.06,0.75
490,2021-05-30,CAM,52109,25418,26691,37917,13312,880,ITF,ITF3,15,Campania,Campania,5801692,3014189,51.95,0.9
491,2021-02-19,CAM,9571,3559,6012,8714,650,207,ITF,ITF3,15,Campania,Campania,5801692,3023760,52.12,0.16
492,2021-05-18,CAM,52180,23229,28951,31872,19655,653,ITF,ITF3,15,Campania,Campania,5801692,3075940,53.02,0.9
493,2021-02-05,CAM,7260,3463,3797,2018,5128,114,ITF,ITF3,15,Campania,Campania,5801692,3083200,53.14,0.13
494,2021-04-29,CAM,41327,20036,21291,24095,16481,751,ITF,ITF3,15,Campania,Campania,5801692,3124527,53.86,0.71
495,2021-01-19,CAM,1095,474,621,1042,3,50,ITF,ITF3,15,Campania,Campania,5801692,3125622,53.87,0.02
496,2021-01-21,CAM,2092,1115,977,670,1416,6,ITF,ITF3,15,Campania,Campania,5801692,3127714,53.91,0.04
497,2021-04-14,CAM,27649,13338,14311,18668,8570,411,ITF,ITF3,15,Campania,Campania,5801692,3155363,54.39,0.48
498,2021-05-01,CAM,46338,22659,23679,29331,16104,903,ITF,ITF3,15,Campania,Campania,5801692,3201701,55.19,0.8
499,2021-04-12,CAM,23306,10920,12386,19772,3035,499,ITF,ITF3,15,Campania,Campania,5801692,3225007,55.59,0.4
500,2021-01-10,CAM,8165,3736,4429,7963,0,202,ITF,ITF3,15,Campania,Campania,5801692,3233172,55.73,0.14
501,2021-04-03,CAM,21115,10315,10800,18280,2381,454,ITF,ITF3,15,Campania,Campania,5801692,3254287,56.09,0.36
502,2021-05-23,CAM,58744,28638,30106,37221,20895,628,ITF,ITF3,15,Campania,Campania,5801692,3313031,57.1,1.01
503,2021-02-12,CAM,6530,2861,3669,6092,188,250,ITF,ITF3,15,Campania,Campania,5801692,3319561,57.22,0.11
504,2021-03-29,CAM,19402,9576,9826,17469,1546,387,ITF,ITF3,15,Campania,Campania,5801692,3338963,57.55,0.33
505,2021-06-20,CAM,47594,22740,24854,14333,32976,285,ITF,ITF3,15,Campania,Campania,5801692,3386557,58.37,0.82
506,2021-06-22,CAM,52430,25002,27428,13195,38988,247,ITF,ITF3,15,Campania,Campania,5801692,3438987,59.28,0.9
507,2021-03-14,CAM,8618,3827,4791,4381,4140,97,ITF,ITF3,15,Campania,Campania,5801692,3447605,59.42,0.15
508,2021-05-10,CAM,35468,16390,19078,24988,9926,554,ITF,ITF3,15,Campania,Campania,5801692,3483073,60.04,0.61
509,2021-06-08,CAM,53030,25848,27182,45457,6994,579,ITF,ITF3,15,Campania,Campania,5801692,3536103,60.95,0.91
510,2021-04-26,CAM,34031,16648,17383,27571,5622,838,ITF,ITF3,15,Campania,Campania,5801692,3570134,61.54,0.59
511,2021-05-11,CAM,39861,19236,20625,29550,9400,911,ITF,ITF3,15,Campania,Campania,5801692,3609995,62.22,0.69
512,2021-02-02,CAM,5724,2805,2919,413,5280,31,ITF,ITF3,15,Campania,Campania,5801692,3615719,62.32,0.1
513,2021-03-31,CAM,23183,11369,11814,19355,3440,388,ITF,ITF3,15,Campania,Campania,5801692,3638902,62.72,0.4
514,2021-04-07,CAM,24971,11985,12986,19713,4725,533,ITF,ITF3,15,Campania,Campania,5801692,3663873,63.15,0.43
515,2021-04-02,CAM,21862,10522,11340,19097,2322,443,ITF,ITF3,15,Campania,Campania,5801692,3685735,63.53,0.38
516,2020-12-31,CAM,1489,810,679,1470,0,19,ITF,ITF3,15,Campania,Campania,5801692,3687224,63.55,0.03
517,2021-06-06,CAM,63218,31440,31778,61924,647,647,ITF,ITF3,15,Campania,Campania,5801692,3750442,64.64,1.09
518,2021-02-26,CAM,13334,4227,9107,11731,1335,268,ITF,ITF3,15,Campania,Campania,5801692,3763776,64.87,0.23
519,2021-04-24,CAM,36362,17526,18836,24359,11248,755,ITF,ITF3,15,Campania,Campania,5801692,3800138,65.5,0.63
520,2021-04-10,CAM,28354,13493,14861,22826,4914,614,ITF,ITF3,15,Campania,Campania,5801692,3828492,65.99,0.49
521,2021-01-07,CAM,8910,4167,4743,8737,0,173,ITF,ITF3,15,Campania,Campania,5801692,3837402,66.14,0.15
522,2021-03-05,CAM,16812,6665,10147,9864,6663,285,ITF,ITF3,15,Campania,Campania,5801692,3854214,66.43,0.29
523,2021-01-14,CAM,7074,2978,4096,6810,0,264,ITF,ITF3,15,Campania,Campania,5801692,3861288,66.55,0.12
524,2021-01-02,CAM,3672,1962,1710,3614,0,58,ITF,ITF3,15,Campania,Campania,5801692,3864960,66.62,0.06
525,2021-06-17,CAM,59901,28727,31174,32651,26751,499,ITF,ITF3,15,Campania,Campania,5801692,3924861,67.65,1.03
526,2021-07-04,CAM,48815,23765,25050,6328,42305,182,ITF,ITF3,15,Campania,Campania,5801692,3973676,68.49,0.84
527,2021-03-26,CAM,19861,9321,10540,15649,3815,397,ITF,ITF3,15,Campania,Campania,5801692,3993537,68.83,0.34
528,2021-03-27,CAM,21513,10242,11271,17256,3865,392,ITF,ITF3,15,Campania,Campania,5801692,4015050,69.2,0.37
529,2021-06-01,CAM,41963,20834,21129,31274,10470,219,ITF,ITF3,15,Campania,Campania,5801692,4057013,69.93,0.72
530,2021-06-18,CAM,65854,31386,34468,35096,30270,488,ITF,ITF3,15,Campania,Campania,5801692,4122867,71.06,1.14
531,2021-03-10,CAM,15610,7719,7891,8463,6835,312,ITF,ITF3,15,Campania,Campania,5801692,4138477,71.33,0.27
532,2021-05-15,CAM,62653,29040,33613,42152,18712,1789,ITF,ITF3,15,Campania,Campania,5801692,4201130,72.41,1.08
533,2021-01-29,CAM,10053,4812,5241,43,10006,4,ITF,ITF3,15,Campania,Campania,5801692,4211183,72.59,0.17
534,2021-06-27,CAM,43541,21449,22092,14104,29063,374,ITF,ITF3,15,Campania,Campania,5801692,4254724,73.34,0.75
535,2021-03-19,CAM,11143,4973,6170,7096,3873,174,ITF,ITF3,15,Campania,Campania,5801692,4265867,73.53,0.19
536,2021-06-10,CAM,75880,36666,39214,67974,7032,874,ITF,ITF3,15,Campania,Campania,5801692,4341747,74.84,1.31
537,2021-03-12,CAM,14573,7409,7164,8198,6083,292,ITF,ITF3,15,Campania,Campania,5801692,4356320,75.09,0.25
538,2021-06-03,CAM,72619,35216,37403,61158,10668,793,ITF,ITF3,15,Campania,Campania,5801692,4428939,76.34,1.25
539,2021-02-23,CAM,11003,3388,7615,10207,526,270,ITF,ITF3,15,Campania,Campania,5801692,4439942,76.53,0.19
540,2021-02-21,CAM,5836,2241,3595,5496,225,115,ITF,ITF3,15,Campania,Campania,5801692,4445778,76.63,0.1
541,2021-03-07,CAM,11973,5404,6569,7816,3843,314,ITF,ITF3,15,Campania,Campania,5801692,4457751,76.84,0.21
542,2021-05-03,CAM,40777,19898,20879,27957,11857,963,ITF,ITF3,15,Campania,Campania,5801692,4498528,77.54,0.7
543,2021-06-29,CAM,49284,23969,25315,19838,28986,460,ITF,ITF3,15,Campania,Campania,5801692,4547812,78.39,0.85
544,2021-06-15,CAM,18643,9067,9576,11012,7401,230,ITF,ITF3,15,Campania,Campania,5801692,4566455,78.71,0.32
545,2021-05-08,CAM,56418,27132,29286,39142,15828,1448,ITF,ITF3,15,Campania,Campania,5801692,4622873,79.68,0.97
546,2021-01-28,CAM,8833,4122,4711,126,8699,8,ITF,ITF3,15,Campania,Campania,5801692,4631706,79.83,0.15
547,2021-04-21,CAM,30230,14727,15503,17480,12227,523,ITF,ITF3,15,Campania,Campania,5801692,4661936,80.35,0.52
548,2021-04-18,CAM,27220,13285,13935,17822,8900,498,ITF,ITF3,15,Campania,Campania,5801692,4689156,80.82,0.47
549,2021-01-08,CAM,10454,4967,5487,10195,0,259,ITF,ITF3,15,Campania,Campania,5801692,4699610,81.0,0.18
550,2021-04-27,CAM,32158,15625,16533,23497,7921,740,ITF,ITF3,15,Campania,Campania,5801692,4731768,81.56,0.55
551,2021-06-23,CAM,46725,22073,24652,10752,35767,206,ITF,ITF3,15,Campania,Campania,5801692,4778493,82.36,0.81
552,2021-01-15,CAM,4980,2381,2599,4824,0,156,ITF,ITF3,15,Campania,Campania,5801692,4783473,82.45,0.09
553,2021-06-21,CAM,46793,22596,24197,11341,35169,283,ITF,ITF3,15,Campania,Campania,5801692,4830266,83.26,0.81
554,2021-03-13,CAM,14518,7038,7480,8989,5282,247,ITF,ITF3,15,Campania,Campania,5801692,4844784,83.51,0.25
555,2021-03-22,CAM,13181,6344,6837,10865,2040,276,ITF,ITF3,15,Campania,Campania,5801692,4857965,83.73,0.23
556,2021-02-07,CAM,2929,1382,1547,2068,771,90,ITF,ITF3,15,Campania,Campania,5801692,4860894,83.78,0.05
557,2021-06-30,CAM,47492,22665,24827,18356,28523,613,ITF,ITF3,15,Campania,Campania,5801692,4908386,84.6,0.82
558,2021-01-17,CAM,1155,551,604,682,453,20,ITF,ITF3,15,Campania,Campania,5801692,4909541,84.62,0.02
559,2021-03-15,CAM,13345,6490,6855,8353,4746,246,ITF,ITF3,15,Campania,Campania,5801692,4922886,84.85,0.23
560,2021-07-02,CAM,55813,26966,28847,14444,40886,483,ITF,ITF3,15,Campania,Campania,5801692,4978699,85.81,0.96
561,2021-05-27,CAM,72914,35353,37561,25825,46531,558,ITF,ITF3,15,Campania,Campania,5801692,5051613,87.07,1.26
562,2021-02-16,CAM,5439,2411,3028,4493,771,175,ITF,ITF3,15,Campania,Campania,5801692,5057052,87.17,0.09
563,2021-05-22,CAM,67952,32508,35444,45625,21483,844,ITF,ITF3,15,Campania,Campania,5801692,5125004,88.34,1.17
564,2021-03-24,CAM,17923,8370,9553,14626,2958,339,ITF,ITF3,15,Campania,Campania,5801692,5142927,88.65,0.31
565,2021-05-20,CAM,60807,28121,32686,42224,17624,959,ITF,ITF3,15,Campania,Campania,5801692,5203734,89.69,1.05
566,2021-02-09,CAM,4643,2202,2441,4234,252,157,ITF,ITF3,15,Campania,Campania,5801692,5208377,89.77,0.08
567,2021-05-29,CAM,67812,32257,35555,43109,23864,839,ITF,ITF3,15,Campania,Campania,5801692,5276189,90.94,1.17
568,2021-05-20,PAB,4726,2336,2390,3229,1469,28,ITH,ITH1,4,Provincia Autonoma Bolzano / Bozen,P.A. Bolzano,533050,4726,0.89,0.89
569,2021-03-31,PAB,1832,694,1138,821,1011,0,ITH,ITH1,4,Provincia Autonoma Bolzano / Bozen,P.A. Bolzano,533050,6558,1.23,0.34
570,2021-02-12,PAB,730,217,513,482,248,0,ITH,ITH1,4,Provincia Autonoma Bolzano / Bozen,P.A. Bolzano,533050,7288,1.37,0.14
571,2021-04-10,PAB,5396,2666,2730,4802,588,6,ITH,ITH1,4,Provincia Autonoma Bolzano / Bozen,P.A. Bolzano,533050,12684,2.38,1.01
572,2020-12-31,PAB,913,519,394,913,0,0,ITH,ITH1,4,Provincia Autonoma Bolzano / Bozen,P.A. Bolzano,533050,13597,2.55,0.17
573,2021-04-19,PAB,1872,858,1014,1688,182,2,ITH,ITH1,4,Provincia Autonoma Bolzano / Bozen,P.A. Bolzano,533050,15469,2.9,0.35
574,2021-06-15,PAB,2017,1165,852,486,1531,0,ITH,ITH1,4,Provincia Autonoma Bolzano / Bozen,P.A. Bolzano,533050,17486,3.28,0.38
575,2021-04-17,PAB,5239,2602,2637,5182,44,13,ITH,ITH1,4,Provincia Autonoma Bolzano / Bozen,P.A. Bolzano,533050,22725,4.26,0.98
576,2021-01-07,PAB,918,327,591,918,0,0,ITH,ITH1,4,Provincia Autonoma Bolzano / Bozen,P.A. Bolzano,533050,23643,4.44,0.17
577,2021-01-26,PAB,810,291,519,1,809,0,ITH,ITH1,4,Provincia Autonoma Bolzano / Bozen,P.A. Bolzano,533050,24453,4.59,0.15
578,2021-07-02,PAB,3195,1657,1538,1023,2172,0,ITH,ITH1,4,Provincia Autonoma Bolzano / Bozen,P.A. Bolzano,533050,27648,5.19,0.6
579,2021-03-24,PAB,2064,999,1065,2049,13,2,ITH,ITH1,4,Provincia Autonoma Bolzano / Bozen,P.A. Bolzano,533050,29712,5.57,0.39
580,2021-03-10,PAB,1268,529,739,1123,143,2,ITH,ITH1,4,Provincia Autonoma Bolzano / Bozen,P.A. Bolzano,533050,30980,5.81,0.24
581,2021-05-06,PAB,5181,2747,2434,2591,2568,22,ITH,ITH1,4,Provincia Autonoma Bolzano / Bozen,P.A. Bolzano,533050,36161,6.78,0.97
582,2021-06-20,PAB,4992,2716,2276,406,4586,0,ITH,ITH1,4,Provincia Autonoma Bolzano / Bozen,P.A. Bolzano,533050,41153,7.72,0.94
583,2021-02-07,PAB,2362,1058,1304,14,2348,0,ITH,ITH1,4,Provincia Autonoma Bolzano / Bozen,P.A. Bolzano,533050,43515,8.16,0.44
584,2021-05-18,PAB,3342,1753,1589,2134,1186,22,ITH,ITH1,4,Provincia Autonoma Bolzano / Bozen,P.A. Bolzano,533050,46857,8.79,0.63
585,2021-04-24,PAB,5105,2450,2655,4601,485,19,ITH,ITH1,4,Provincia Autonoma Bolzano / Bozen,P.A. Bolzano,533050,51962,9.75,0.96
586,2021-04-05,PAB,301,144,157,22,278,1,ITH,ITH1,4,Provincia Autonoma Bolzano / Bozen,P.A. Bolzano,533050,52263,9.8,0.06
587,2021-06-27,PAB,4421,2311,2110,615,3806,0,ITH,ITH1,4,Provincia Autonoma Bolzano / Bozen,P.A. Bolzano,533050,56684,10.63,0.83
588,2021-01-12,PAB,1709,459,1250,1709,0,0,ITH,ITH1,4,Provincia Autonoma Bolzano / Bozen,P.A. Bolzano,533050,58393,10.95,0.32
589,2021-03-22,PAB,1144,523,621,1138,5,1,ITH,ITH1,4,Provincia Autonoma Bolzano / Bozen,P.A. Bolzano,533050,59537,11.17,0.21
590,2021-03-05,PAB,1840,625,1215,1395,443,2,ITH,ITH1,4,Provincia Autonoma Bolzano / Bozen,P.A. Bolzano,533050,61377,11.51,0.35
591,2021-01-24,PAB,12,10,2,0,12,0,ITH,ITH1,4,Provincia Autonoma Bolzano / Bozen,P.A. Bolzano,533050,61389,11.52,0.0
592,2021-07-04,PAB,4411,2129,2282,188,4223,0,ITH,ITH1,4,Provincia Autonoma Bolzano / Bozen,P.A. Bolzano,533050,65800,12.34,0.83
593,2021-06-06,PAB,4530,2176,2354,855,3675,0,ITH,ITH1,4,Provincia Autonoma Bolzano / Bozen,P.A. Bolzano,533050,70330,13.19,0.85
594,2021-02-26,PAB,1526,551,975,1493,30,3,ITH,ITH1,4,Provincia Autonoma Bolzano / Bozen,P.A. Bolzano,533050,71856,13.48,0.29
595,2021-06-01,PAB,3559,2318,1241,2087,1472,0,ITH,ITH1,4,Provincia Autonoma Bolzano / Bozen,P.A. Bolzano,533050,75415,14.15,0.67
596,2021-02-19,PAB,2252,512,1740,2241,11,0,ITH,ITH1,4,Provincia Autonoma Bolzano / Bozen,P.A. Bolzano,533050,77667,14.57,0.42
597,2021-04-12,PAB,2105,946,1159,2095,7,3,ITH,ITH1,4,Provincia Autonoma Bolzano / Bozen,P.A. Bolzano,533050,79772,14.97,0.39
598,2021-03-07,PAB,114,13,101,9,105,0,ITH,ITH1,4,Provincia Autonoma Bolzano / Bozen,P.A. Bolzano,533050,79886,14.99,0.02
599,2021-04-21,PAB,3013,1468,1545,2156,848,9,ITH,ITH1,4,Provincia Autonoma Bolzano / Bozen,P.A. Bolzano,533050,82899,15.55,0.57
600,2021-06-24,PAB,3916,2026,1890,1727,2189,0,ITH,ITH1,4,Provincia Autonoma Bolzano / Bozen,P.A. Bolzano,533050,86815,16.29,0.73
601,2021-01-05,PAB,830,286,544,830,0,0,ITH,ITH1,4,Provincia Autonoma Bolzano / Bozen,P.A. Bolzano,533050,87645,16.44,0.16
602,2021-01-23,PAB,197,117,80,0,197,0,ITH,ITH1,4,Provincia Autonoma Bolzano / Bozen,P.A. Bolzano,533050,87842,16.48,0.04
603,2021-05-03,PAB,1830,847,983,416,1413,1,ITH,ITH1,4,Provincia Autonoma Bolzano / Bozen,P.A. Bolzano,533050,89672,16.82,0.34
604,2021-02-23,PAB,769,324,445,763,6,0,ITH,ITH1,4,Provincia Autonoma Bolzano / Bozen,P.A. Bolzano,533050,90441,16.97,0.14
605,2021-05-17,PAB,3139,1516,1623,2436,694,9,ITH,ITH1,4,Provincia Autonoma Bolzano / Bozen,P.A. Bolzano,533050,93580,17.56,0.59
606,2021-06-03,PAB,4722,2566,2156,3775,947,0,ITH,ITH1,4,Provincia Autonoma Bolzano / Bozen,P.A. Bolzano,533050,98302,18.44,0.89
607,2021-03-17,PAB,582,213,369,580,2,0,ITH,ITH1,4,Provincia Autonoma Bolzano / Bozen,P.A. Bolzano,533050,98884,18.55,0.11
608,2021-05-13,PAB,2994,1355,1639,1058,1930,6,ITH,ITH1,4,Provincia Autonoma Bolzano / Bozen,P.A. Bolzano,533050,101878,19.11,0.56
609,2021-04-29,PAB,2631,1351,1280,1925,694,12,ITH,ITH1,4,Provincia Autonoma Bolzano / Bozen,P.A. Bolzano,533050,104509,19.61,0.49
610,2021-01-19,PAB,853,371,482,723,130,0,ITH,ITH1,4,Provincia Autonoma Bolzano / Bozen,P.A. Bolzano,533050,105362,19.77,0.16
611,2021-06-25,PAB,4159,2293,1866,1153,3006,0,ITH,ITH1,4,Provincia Autonoma Bolzano / Bozen,P.A. Bolzano,533050,109521,20.55,0.78
612,2021-02-09,PAB,317,126,191,1,316,0,ITH,ITH1,4,Provincia Autonoma Bolzano / Bozen,P.A. Bolzano,533050,109838,20.61,0.06
613,2021-06-29,PAB,1873,1010,863,257,1616,0,ITH,ITH1,4,Provincia Autonoma Bolzano / Bozen,P.A. Bolzano,533050,111711,20.96,0.35
614,2021-03-21,PAB,768,285,483,14,754,0,ITH,ITH1,4,Provincia Autonoma Bolzano / Bozen,P.A. Bolzano,533050,112479,21.1,0.14
615,2021-06-12,PAB,5038,2733,2305,1750,3288,0,ITH,ITH1,4,Provincia Autonoma Bolzano / Bozen,P.A. Bolzano,533050,117517,22.05,0.95
616,2021-01-14,PAB,1946,575,1371,1946,0,0,ITH,ITH1,4,Provincia Autonoma Bolzano / Bozen,P.A. Bolzano,533050,119463,22.41,0.37
617,2021-04-07,PAB,1798,823,975,1255,540,3,ITH,ITH1,4,Provincia Autonoma Bolzano / Bozen,P.A. Bolzano,533050,121261,22.75,0.34
618,2021-03-02,PAB,695,200,495,692,2,1,ITH,ITH1,4,Provincia Autonoma Bolzano / Bozen,P.A. Bolzano,533050,121956,22.88,0.13
619,2021-05-01,PAB,2104,1067,1037,1940,160,4,ITH,ITH1,4,Provincia Autonoma Bolzano / Bozen,P.A. Bolzano,533050,124060,23.27,0.39
620,2021-03-12,PAB,1664,734,930,1250,413,1,ITH,ITH1,4,Provincia Autonoma Bolzano / Bozen,P.A. Bolzano,533050,125724,23.59,0.31
621,2021-03-29,PAB,1171,499,672,411,759,1,ITH,ITH1,4,Provincia Autonoma Bolzano / Bozen,P.A. Bolzano,533050,126895,23.81,0.22
622,2021-06-08,PAB,4149,2118,2031,832,3317,0,ITH,ITH1,4,Provincia Autonoma Bolzano / Bozen,P.A. Bolzano,533050,131044,24.58,0.78
623,2021-04-28,PAB,2464,1302,1162,2444,5,15,ITH,ITH1,4,Provincia Autonoma Bolzano / Bozen,P.A. Bolzano,533050,133508,25.05,0.46
624,2021-05-27,PAB,6087,3200,2887,4020,2010,57,ITH,ITH1,4,Provincia Autonoma Bolzano / Bozen,P.A. Bolzano,533050,139595,26.19,1.14
625,2021-06-13,PAB,3682,2049,1633,490,3192,0,ITH,ITH1,4,Provincia Autonoma Bolzano / Bozen,P.A. Bolzano,533050,143277,26.88,0.69
626,2021-05-25,PAB,3839,1992,1847,2935,886,18,ITH,ITH1,4,Provincia Autonoma Bolzano / Bozen,P.A. Bolzano,533050,147116,27.6,0.72
627,2021-02-14,PAB,297,130,167,297,0,0,ITH,ITH1,4,Provincia Autonoma Bolzano / Bozen,P.A. Bolzano,533050,147413,27.65,0.06
628,2021-05-08,PAB,4427,2382,2045,3749,663,15,ITH,ITH1,4,Provincia Autonoma Bolzano / Bozen,P.A. Bolzano,533050,151840,28.49,0.83
629,2021-03-03,PAB,1181,395,786,1168,13,0,ITH,ITH1,4,Provincia Autonoma Bolzano / Bozen,P.A. Bolzano,533050,153021,28.71,0.22
630,2021-05-15,PAB,7005,3691,3314,6679,294,32,ITH,ITH1,4,Provincia Autonoma Bolzano / Bozen,P.A. Bolzano,533050,160026,30.02,1.31
631,2021-02-04,PAB,1958,593,1365,8,1950,0,ITH,ITH1,4,Provincia Autonoma Bolzano / Bozen,P.A. Bolzano,533050,161984,30.39,0.37
632,2021-04-02,PAB,2077,837,1240,718,1357,2,ITH,ITH1,4,Provincia Autonoma Bolzano / Bozen,P.A. Bolzano,533050,164061,30.78,0.39
633,2021-01-09,PAB,612,326,286,612,0,0,ITH,ITH1,4,Provincia Autonoma Bolzano / Bozen,P.A. Bolzano,533050,164673,30.89,0.11
634,2021-06-17,PAB,1757,976,781,679,1078,0,ITH,ITH1,4,Provincia Autonoma Bolzano / Bozen,P.A. Bolzano,533050,166430,31.22,0.33
635,2021-01-02,PAB,91,48,43,91,0,0,ITH,ITH1,4,Provincia Autonoma Bolzano / Bozen,P.A. Bolzano,533050,166521,31.24,0.02
636,2021-02-02,PAB,1745,506,1239,8,1737,0,ITH,ITH1,4,Provincia Autonoma Bolzano / Bozen,P.A. Bolzano,533050,168266,31.57,0.33
637,2021-03-19,PAB,1906,773,1133,794,1107,5,ITH,ITH1,4,Provincia Autonoma Bolzano / Bozen,P.A. Bolzano,533050,170172,31.92,0.36
638,2021-07-01,PAB,4620,2296,2324,1459,3161,0,ITH,ITH1,4,Provincia Autonoma Bolzano / Bozen,P.A. Bolzano,533050,174792,32.79,0.87
639,2021-01-21,PAB,953,442,511,139,814,0,ITH,ITH1,4,Provincia Autonoma Bolzano / Bozen,P.A. Bolzano,533050,175745,32.97,0.18
640,2021-06-05,PAB,6069,3023,3046,4974,1095,0,ITH,ITH1,4,Provincia Autonoma Bolzano / Bozen,P.A. Bolzano,533050,181814,34.11,1.14
641,2021-04-30,PAB,3342,1594,1748,1559,1776,7,ITH,ITH1,4,Provincia Autonoma Bolzano / Bozen,P.A. Bolzano,533050,185156,34.74,0.63
642,2021-01-20,PAB,618,253,365,410,208,0,ITH,ITH1,4,Provincia Autonoma Bolzano / Bozen,P.A. Bolzano,533050,185774,34.85,0.12
643,2021-01-06,PAB,59,18,41,59,0,0,ITH,ITH1,4,Provincia Autonoma Bolzano / Bozen,P.A. Bolzano,533050,185833,34.86,0.01
644,2021-03-30,PAB,1299,532,767,219,1080,0,ITH,ITH1,4,Provincia Autonoma Bolzano / Bozen,P.A. Bolzano,533050,187132,35.11,0.24
645,2021-04-16,PAB,2951,1419,1532,2437,511,3,ITH,ITH1,4,Provincia Autonoma Bolzano / Bozen,P.A. Bolzano,533050,190083,35.66,0.55
646,2021-06-19,PAB,5658,3012,2646,624,5034,0,ITH,ITH1,4,Provincia Autonoma Bolzano / Bozen,P.A. Bolzano,533050,195741,36.72,1.06
647,2021-03-11,PAB,1685,825,860,1136,538,11,ITH,ITH1,4,Provincia Autonoma Bolzano / Bozen,P.A. Bolzano,533050,197426,37.04,0.32
648,2021-02-25,PAB,1498,549,949,1496,1,1,ITH,ITH1,4,Provincia Autonoma Bolzano / Bozen,P.A. Bolzano,533050,198924,37.32,0.28
649,2021-05-10,PAB,3018,1300,1718,1412,1605,1,ITH,ITH1,4,Provincia Autonoma Bolzano / Bozen,P.A. Bolzano,533050,201942,37.88,0.57
650,2021-02-16,PAB,530,205,325,530,0,0,ITH,ITH1,4,Provincia Autonoma Bolzano / Bozen,P.A. Bolzano,533050,202472,37.98,0.1
651,2021-01-28,PAB,871,308,563,9,862,0,ITH,ITH1,4,Provincia Autonoma Bolzano / Bozen,P.A. Bolzano,533050,203343,38.15,0.16
652,2021-06-22,PAB,2451,1409,1042,335,2116,0,ITH,ITH1,4,Provincia Autonoma Bolzano / Bozen,P.A. Bolzano,533050,205794,38.61,0.46
653,2021-03-14,PAB,758,336,422,25,733,0,ITH,ITH1,4,Provincia Autonoma Bolzano / Bozen,P.A. Bolzano,533050,206552,38.75,0.14
654,2021-04-14,PAB,3593,1645,1948,3488,91,14,ITH,ITH1,4,Provincia Autonoma Bolzano / Bozen,P.A. Bolzano,533050,210145,39.42,0.67
655,2021-01-04,PAB,508,201,307,508,0,0,ITH,ITH1,4,Provincia Autonoma Bolzano / Bozen,P.A. Bolzano,533050,210653,39.52,0.1
656,2021-05-29,PAB,7134,3768,3366,3967,3140,27,ITH,ITH1,4,Provincia Autonoma Bolzano / Bozen,P.A. Bolzano,533050,217787,40.86,1.34
657,2021-03-26,PAB,1657,733,924,523,1134,0,ITH,ITH1,4,Provincia Autonoma Bolzano / Bozen,P.A. Bolzano,533050,219444,41.17,0.31
658,2021-04-09,PAB,2937,1301,1636,2200,730,7,ITH,ITH1,4,Provincia Autonoma Bolzano / Bozen,P.A. Bolzano,533050,222381,41.72,0.55
659,2021-05-22,PAB,6821,3553,3268,4620,2166,35,ITH,ITH1,4,Provincia Autonoma Bolzano / Bozen,P.A. Bolzano,533050,229202,43.0,1.28
660,2021-02-11,PAB,1094,432,662,239,855,0,ITH,ITH1,4,Provincia Autonoma Bolzano / Bozen,P.A. Bolzano,533050,230296,43.2,0.21
661,2021-02-18,PAB,1839,457,1382,1832,7,0,ITH,ITH1,4,Provincia Autonoma Bolzano / Bozen,P.A. Bolzano,533050,232135,43.55,0.34
662,2020-12-30,PAB,388,182,206,388,0,0,ITH,ITH1,4,Provincia Autonoma Bolzano / Bozen,P.A. Bolzano,533050,232523,43.62,0.07
663,2021-06-26,PAB,4523,2319,2204,1451,3072,0,ITH,ITH1,4,Provincia Autonoma Bolzano / Bozen,P.A. Bolzano,533050,237046,44.47,0.85
664,2021-03-18,PAB,1302,531,771,226,1076,0,ITH,ITH1,4,Provincia Autonoma Bolzano / Bozen,P.A. Bolzano,533050,238348,44.71,0.24
665,2021-05-14,PAB,5134,2320,2814,3086,2037,11,ITH,ITH1,4,Provincia Autonoma Bolzano / Bozen,P.A. Bolzano,533050,243482,45.68,0.96
666,2021-03-16,PAB,1290,532,758,124,1166,0,ITH,ITH1,4,Provincia Autonoma Bolzano / Bozen,P.A. Bolzano,533050,244772,45.92,0.24
667,2021-05-12,PAB,3792,2058,1734,3621,153,18,ITH,ITH1,4,Provincia Autonoma Bolzano / Bozen,P.A. Bolzano,533050,248564,46.63,0.71
668,2021-02-01,PAB,1452,440,1012,12,1440,0,ITH,ITH1,4,Provincia Autonoma Bolzano / Bozen,P.A. Bolzano,533050,250016,46.9,0.27
669,2021-06-02,PAB,1444,809,635,987,457,0,ITH,ITH1,4,Provincia Autonoma Bolzano / Bozen,P.A. Bolzano,533050,251460,47.17,0.27
670,2021-02-08,PAB,2,1,1,1,1,0,ITH,ITH1,4,Provincia Autonoma Bolzano / Bozen,P.A. Bolzano,533050,251462,47.17,0.0
671,2021-05-19,PAB,3637,1850,1787,1843,1786,8,ITH,ITH1,4,Provincia Autonoma Bolzano / Bozen,P.A. Bolzano,533050,255099,47.86,0.68
672,2021-01-03,PAB,41,16,25,41,0,0,ITH,ITH1,4,Provincia Autonoma Bolzano / Bozen,P.A. Bolzano,533050,255140,47.86,0.01
673,2021-04-13,PAB,2395,1132,1263,2386,7,2,ITH,ITH1,4,Provincia Autonoma Bolzano / Bozen,P.A. Bolzano,533050,257535,48.31,0.45
674,2021-02-22,PAB,526,143,383,514,12,0,ITH,ITH1,4,Provincia Autonoma Bolzano / Bozen,P.A. Bolzano,533050,258061,48.41,0.1
675,2021-05-31,PAB,2987,1464,1523,2105,867,15,ITH,ITH1,4,Provincia Autonoma Bolzano / Bozen,P.A. Bolzano,533050,261048,48.97,0.56
676,2021-01-01,PAB,6,5,1,6,0,0,ITH,ITH1,4,Provincia Autonoma Bolzano / Bozen,P.A. Bolzano,533050,261054,48.97,0.0
677,2021-06-07,PAB,2901,1506,1395,2582,319,0,ITH,ITH1,4,Provincia Autonoma Bolzano / Bozen,P.A. Bolzano,533050,263955,49.52,0.54
678,2021-02-27,PAB,2458,759,1699,2445,10,3,ITH,ITH1,4,Provincia Autonoma Bolzano / Bozen,P.A. Bolzano,533050,266413,49.98,0.46
679,2021-03-04,PAB,1715,1005,710,1481,229,5,ITH,ITH1,4,Provincia Autonoma Bolzano / Bozen,P.A. Bolzano,533050,268128,50.3,0.32
680,2021-05-26,PAB,4939,2492,2447,2946,1974,19,ITH,ITH1,4,Provincia Autonoma Bolzano / Bozen,P.A. Bolzano,533050,273067,51.23,0.93
681,2021-06-14,PAB,2961,1606,1355,604,2357,0,ITH,ITH1,4,Provincia Autonoma Bolzano / Bozen,P.A. Bolzano,533050,276028,51.78,0.56
682,2021-02-15,PAB,72,42,30,26,46,0,ITH,ITH1,4,Provincia Autonoma Bolzano / Bozen,P.A. Bolzano,533050,276100,51.8,0.01
683,2021-05-11,PAB,2844,1335,1509,1308,1523,13,ITH,ITH1,4,Provincia Autonoma Bolzano / Bozen,P.A. Bolzano,533050,278944,52.33,0.53
684,2021-01-29,PAB,1497,510,987,24,1473,0,ITH,ITH1,4,Provincia Autonoma Bolzano / Bozen,P.A. Bolzano,533050,280441,52.61,0.28
685,2021-02-06,PAB,2626,1171,1455,18,2607,1,ITH,ITH1,4,Provincia Autonoma Bolzano / Bozen,P.A. Bolzano,533050,283067,53.1,0.49
686,2021-06-21,PAB,3162,1612,1550,295,2867,0,ITH,ITH1,4,Provincia Autonoma Bolzano / Bozen,P.A. Bolzano,533050,286229,53.7,0.59
687,2021-03-28,PAB,569,212,357,11,558,0,ITH,ITH1,4,Provincia Autonoma Bolzano / Bozen,P.A. Bolzano,533050,286798,53.8,0.11
688,2021-04-25,PAB,3073,1497,1576,2398,672,3,ITH,ITH1,4,Provincia Autonoma Bolzano / Bozen,P.A. Bolzano,533050,289871,54.38,0.58
689,2021-01-13,PAB,1691,557,1134,1691,0,0,ITH,ITH1,4,Provincia Autonoma Bolzano / Bozen,P.A. Bolzano,533050,291562,54.7,0.32
690,2021-01-30,PAB,498,245,253,4,494,0,ITH,ITH1,4,Provincia Autonoma Bolzano / Bozen,P.A. Bolzano,533050,292060,54.79,0.09
691,2021-04-23,PAB,4543,2151,2392,3243,1291,9,ITH,ITH1,4,Provincia Autonoma Bolzano / Bozen,P.A. Bolzano,533050,296603,55.64,0.85
692,2021-06-09,PAB,3789,1884,1905,1314,2475,0,ITH,ITH1,4,Provincia Autonoma Bolzano / Bozen,P.A. Bolzano,533050,300392,56.35,0.71
693,2021-03-01,PAB,922,221,701,918,1,3,ITH,ITH1,4,Provincia Autonoma Bolzano / Bozen,P.A. Bolzano,533050,301314,56.53,0.17
694,2021-03-15,PAB,1192,451,741,710,482,0,ITH,ITH1,4,Provincia Autonoma Bolzano / Bozen,P.A. Bolzano,533050,302506,56.75,0.22
695,2021-04-27,PAB,2226,1013,1213,1146,1077,3,ITH,ITH1,4,Provincia Autonoma Bolzano / Bozen,P.A. Bolzano,533050,304732,57.17,0.42
696,2021-01-17,PAB,2328,1044,1284,2317,11,0,ITH,ITH1,4,Provincia Autonoma Bolzano / Bozen,P.A. Bolzano,533050,307060,57.6,0.44
697,2021-06-23,PAB,1148,591,557,384,764,0,ITH,ITH1,4,Provincia Autonoma Bolzano / Bozen,P.A. Bolzano,533050,308208,57.82,0.22
698,2021-04-20,PAB,1562,784,778,1558,2,2,ITH,ITH1,4,Provincia Autonoma Bolzano / Bozen,P.A. Bolzano,533050,309770,58.11,0.29
699,2021-03-09,PAB,1194,543,651,1192,2,0,ITH,ITH1,4,Provincia Autonoma Bolzano / Bozen,P.A. Bolzano,533050,310964,58.34,0.22
700,2021-05-23,PAB,4338,2303,2035,4311,8,19,ITH,ITH1,4,Provincia Autonoma Bolzano / Bozen,P.A. Bolzano,533050,315302,59.15,0.81
701,2021-02-03,PAB,1503,478,1025,5,1498,0,ITH,ITH1,4,Provincia Autonoma Bolzano / Bozen,P.A. Bolzano,533050,316805,59.43,0.28
702,2021-02-10,PAB,1636,605,1031,26,1610,0,ITH,ITH1,4,Provincia Autonoma Bolzano / Bozen,P.A. Bolzano,533050,318441,59.74,0.31
703,2021-05-21,PAB,6924,3806,3118,5044,1845,35,ITH,ITH1,4,Provincia Autonoma Bolzano / Bozen,P.A. Bolzano,533050,325365,61.04,1.3
704,2021-05-16,PAB,2025,932,1093,1329,692,4,ITH,ITH1,4,Provincia Autonoma Bolzano / Bozen,P.A. Bolzano,533050,327390,61.42,0.38
705,2021-02-13,PAB,318,79,239,312,6,0,ITH,ITH1,4,Provincia Autonoma Bolzano / Bozen,P.A. Bolzano,533050,327708,61.48,0.06
706,2021-04-11,PAB,2724,1294,1430,2543,177,4,ITH,ITH1,4,Provincia Autonoma Bolzano / Bozen,P.A. Bolzano,533050,330432,61.99,0.51
707,2021-05-24,PAB,1444,762,682,1093,333,18,ITH,ITH1,4,Provincia Autonoma Bolzano / Bozen,P.A. Bolzano,533050,331876,62.26,0.27
708,2021-02-20,PAB,1802,540,1262,1784,18,0,ITH,ITH1,4,Provincia Autonoma Bolzano / Bozen,P.A. Bolzano,533050,333678,62.6,0.34
709,2021-04-18,PAB,3110,1607,1503,2099,1010,1,ITH,ITH1,4,Provincia Autonoma Bolzano / Bozen,P.A. Bolzano,533050,336788,63.18,0.58
710,2021-01-15,PAB,3282,1228,2054,3282,0,0,ITH,ITH1,4,Provincia Autonoma Bolzano / Bozen,P.A. Bolzano,533050,340070,63.8,0.62
711,2021-06-18,PAB,4148,2158,1990,1249,2899,0,ITH,ITH1,4,Provincia Autonoma Bolzano / Bozen,P.A. Bolzano,533050,344218,64.58,0.78
712,2021-01-08,PAB,1521,479,1042,1521,0,0,ITH,ITH1,4,Provincia Autonoma Bolzano / Bozen,P.A. Bolzano,533050,345739,64.86,0.29
713,2021-04-22,PAB,2924,1501,1423,1975,942,7,ITH,ITH1,4,Provincia Autonoma Bolzano / Bozen,P.A. Bolzano,533050,348663,65.41,0.55
714,2021-05-09,PAB,4241,2410,1831,3084,1152,5,ITH,ITH1,4,Provincia Autonoma Bolzano / Bozen,P.A. Bolzano,533050,352904,66.2,0.8
715,2021-03-06,PAB,3973,2081,1892,3758,211,4,ITH,ITH1,4,Provincia Autonoma Bolzano / Bozen,P.A. Bolzano,533050,356877,66.95,0.75
716,2021-05-28,PAB,5683,2896,2787,3777,1890,16,ITH,ITH1,4,Provincia Autonoma Bolzano / Bozen,P.A. Bolzano,533050,362560,68.02,1.07
717,2021-02-17,PAB,156,51,105,139,17,0,ITH,ITH1,4,Provincia Autonoma Bolzano / Bozen,P.A. Bolzano,533050,362716,68.05,0.03
718,2021-01-11,PAB,1574,513,1061,1574,0,0,ITH,ITH1,4,Provincia Autonoma Bolzano / Bozen,P.A. Bolzano,533050,364290,68.34,0.3
719,2021-04-06,PAB,2250,1118,1132,2147,103,0,ITH,ITH1,4,Provincia Autonoma Bolzano / Bozen,P.A. Bolzano,533050,366540,68.76,0.42
720,2021-04-08,PAB,2767,1347,1420,2562,204,1,ITH,ITH1,4,Provincia Autonoma Bolzano / Bozen,P.A. Bolzano,533050,369307,69.28,0.52
721,2021-06-04,PAB,6467,3238,3229,4937,1530,0,ITH,ITH1,4,Provincia Autonoma Bolzano / Bozen,P.A. Bolzano,533050,375774,70.5,1.21
722,2021-02-24,PAB,1367,406,961,1354,12,1,ITH,ITH1,4,Provincia Autonoma Bolzano / Bozen,P.A. Bolzano,533050,377141,70.75,0.26
723,2021-03-27,PAB,3051,1554,1497,1543,1508,0,ITH,ITH1,4,Provincia Autonoma Bolzano / Bozen,P.A. Bolzano,533050,380192,71.32,0.57
724,2021-03-13,PAB,2885,1459,1426,2782,101,2,ITH,ITH1,4,Provincia Autonoma Bolzano / Bozen,P.A. Bolzano,533050,383077,71.87,0.54
725,2020-12-27,PAB,144,65,79,144,0,0,ITH,ITH1,4,Provincia Autonoma Bolzano / Bozen,P.A. Bolzano,533050,383221,71.89,0.03
726,2021-06-30,PAB,3054,1559,1495,451,2603,0,ITH,ITH1,4,Provincia Autonoma Bolzano / Bozen,P.A. Bolzano,533050,386275,72.47,0.57
727,2021-06-11,PAB,5755,2952,2803,2285,3470,0,ITH,ITH1,4,Provincia Autonoma Bolzano / Bozen,P.A. Bolzano,533050,392030,73.54,1.08
728,2021-03-20,PAB,1758,849,909,1132,625,1,ITH,ITH1,4,Provincia Autonoma Bolzano / Bozen,P.A. Bolzano,533050,393788,73.87,0.33
729,2021-06-28,PAB,4607,2304,2303,240,4367,0,ITH,ITH1,4,Provincia Autonoma Bolzano / Bozen,P.A. Bolzano,533050,398395,74.74,0.86
730,2021-01-10,PAB,2,2,0,2,0,0,ITH,ITH1,4,Provincia Autonoma Bolzano / Bozen,P.A. Bolzano,533050,398397,74.74,0.0
731,2021-06-16,PAB,3812,2018,1794,9,3803,0,ITH,ITH1,4,Provincia Autonoma Bolzano / Bozen,P.A. Bolzano,533050,402209,75.45,0.72
732,2021-03-08,PAB,1210,534,676,1183,27,0,ITH,ITH1,4,Provincia Autonoma Bolzano / Bozen,P.A. Bolzano,533050,403419,75.68,0.23
733,2021-05-04,PAB,3449,1843,1606,2400,1037,12,ITH,ITH1,4,Provincia Autonoma Bolzano / Bozen,P.A. Bolzano,533050,406868,76.33,0.65
734,2021-02-05,PAB,3195,1181,2014,8,3187,0,ITH,ITH1,4,Provincia Autonoma Bolzano / Bozen,P.A. Bolzano,533050,410063,76.93,0.6
735,2021-04-15,PAB,4399,2307,2092,4116,263,20,ITH,ITH1,4,Provincia Autonoma Bolzano / Bozen,P.A. Bolzano,533050,414462,77.75,0.83
736,2021-05-02,PAB,2457,1288,1169,1531,921,5,ITH,ITH1,4,Provincia Autonoma Bolzano / Bozen,P.A. Bolzano,533050,416919,78.21,0.46
737,2021-01-22,PAB,248,143,105,124,124,0,ITH,ITH1,4,Provincia Autonoma Bolzano / Bozen,P.A. Bolzano,533050,417167,78.26,0.05
738,2021-01-16,PAB,2840,1265,1575,2840,0,0,ITH,ITH1,4,Provincia Autonoma Bolzano / Bozen,P.A. Bolzano,533050,420007,78.79,0.53
739,2021-06-10,PAB,4443,2307,2136,1348,3095,0,ITH,ITH1,4,Provincia Autonoma Bolzano / Bozen,P.A. Bolzano,533050,424450,79.63,0.83
740,2021-04-26,PAB,1543,771,772,1532,5,6,ITH,ITH1,4,Provincia Autonoma Bolzano / Bozen,P.A. Bolzano,533050,425993,79.92,0.29
741,2021-01-18,PAB,1772,687,1085,1767,5,0,ITH,ITH1,4,Provincia Autonoma Bolzano / Bozen,P.A. Bolzano,533050,427765,80.25,0.33
742,2021-05-07,PAB,4193,2061,2132,3649,528,16,ITH,ITH1,4,Provincia Autonoma Bolzano / Bozen,P.A. Bolzano,533050,431958,81.04,0.79
743,2021-07-03,PAB,5628,2789,2839,1072,4556,0,ITH,ITH1,4,Provincia Autonoma Bolzano / Bozen,P.A. Bolzano,533050,437586,82.09,1.06
744,2021-05-05,PAB,4154,1945,2209,2025,2116,13,ITH,ITH1,4,Provincia Autonoma Bolzano / Bozen,P.A. Bolzano,533050,441740,82.87,0.78
745,2021-01-25,PAB,487,183,304,3,484,0,ITH,ITH1,4,Provincia Autonoma Bolzano / Bozen,P.A. Bolzano,533050,442227,82.96,0.09
746,2021-03-23,PAB,1555,760,795,1554,1,0,ITH,ITH1,4,Provincia Autonoma Bolzano / Bozen,P.A. Bolzano,533050,443782,83.25,0.29
747,2021-04-01,PAB,2787,1407,1380,2638,144,5,ITH,ITH1,4,Provincia Autonoma Bolzano / Bozen,P.A. Bolzano,533050,446569,83.78,0.52
748,2021-07-05,PAB,2836,1359,1477,867,1969,0,ITH,ITH1,4,Provincia Autonoma Bolzano / Bozen,P.A. Bolzano,533050,449405,84.31,0.53
749,2021-05-30,PAB,4763,2516,2247,749,4011,3,ITH,ITH1,4,Provincia Autonoma Bolzano / Bozen,P.A. Bolzano,533050,454168,85.2,0.89
750,2021-04-03,PAB,831,364,467,20,810,1,ITH,ITH1,4,Provincia Autonoma Bolzano / Bozen,P.A. Bolzano,533050,454999,85.36,0.16
751,2021-03-25,PAB,2150,1063,1087,1706,443,1,ITH,ITH1,4,Provincia Autonoma Bolzano / Bozen,P.A. Bolzano,533050,457149,85.76,0.4
752,2021-01-27,PAB,85,29,56,2,83,0,ITH,ITH1,4,Provincia Autonoma Bolzano / Bozen,P.A. Bolzano,533050,457234,85.78,0.02
753,2021-01-11,CAL,2171,1050,1121,2169,0,2,ITF,ITF6,18,Calabria,Calabria,1947131,2171,0.11,0.11
754,2021-01-25,CAL,1077,516,561,148,929,0,ITF,ITF6,18,Calabria,Calabria,1947131,3248,0.17,0.06
755,2021-05-05,CAL,13532,6471,7061,8409,5052,71,ITF,ITF6,18,Calabria,Calabria,1947131,16780,0.86,0.69
756,2021-03-02,CAL,4365,2490,1875,3602,755,8,ITF,ITF6,18,Calabria,Calabria,1947131,21145,1.09,0.22
757,2021-03-16,CAL,3855,1891,1964,2186,1661,8,ITF,ITF6,18,Calabria,Calabria,1947131,25000,1.28,0.2
758,2021-06-14,CAL,14328,6493,7835,9621,4631,76,ITF,ITF6,18,Calabria,Calabria,1947131,39328,2.02,0.74
759,2021-03-04,CAL,5482,3191,2291,4666,797,19,ITF,ITF6,18,Calabria,Calabria,1947131,44810,2.3,0.28
760,2021-06-12,CAL,13211,6288,6923,10751,2397,63,ITF,ITF6,18,Calabria,Calabria,1947131,58021,2.98,0.68
761,2021-02-25,CAL,2888,1555,1333,2252,596,40,ITF,ITF6,18,Calabria,Calabria,1947131,60909,3.13,0.15
762,2021-07-01,CAL,12314,5807,6507,5399,6832,83,ITF,ITF6,18,Calabria,Calabria,1947131,73223,3.76,0.63
763,2021-02-01,CAL,2517,1199,1318,241,2273,3,ITF,ITF6,18,Calabria,Calabria,1947131,75740,3.89,0.13
764,2021-05-12,CAL,16404,8000,8404,10822,5490,92,ITF,ITF6,18,Calabria,Calabria,1947131,92144,4.73,0.84
765,2021-05-26,CAL,18668,9277,9391,10308,8268,92,ITF,ITF6,18,Calabria,Calabria,1947131,110812,5.69,0.96
766,2021-03-30,CAL,6383,2756,3627,3620,2747,16,ITF,ITF6,18,Calabria,Calabria,1947131,117195,6.02,0.33
767,2021-04-18,CAL,5845,2793,3052,4911,913,21,ITF,ITF6,18,Calabria,Calabria,1947131,123040,6.32,0.3
768,2021-04-04,CAL,1570,785,785,1139,421,10,ITF,ITF6,18,Calabria,Calabria,1947131,124610,6.4,0.08
769,2021-06-26,CAL,15556,7185,8371,7552,7937,67,ITF,ITF6,18,Calabria,Calabria,1947131,140166,7.2,0.8
770,2021-06-07,CAL,17989,8415,9574,14704,3209,76,ITF,ITF6,18,Calabria,Calabria,1947131,158155,8.12,0.92
771,2021-03-09,CAL,6408,3310,3098,5364,981,63,ITF,ITF6,18,Calabria,Calabria,1947131,164563,8.45,0.33
772,2021-02-20,CAL,1434,764,670,1101,319,14,ITF,ITF6,18,Calabria,Calabria,1947131,165997,8.53,0.07
773,2021-05-31,CAL,15271,7327,7944,7308,7882,81,ITF,ITF6,18,Calabria,Calabria,1947131,181268,9.31,0.78
774,2021-04-30,CAL,14978,7343,7635,10550,4361,67,ITF,ITF6,18,Calabria,Calabria,1947131,196246,10.08,0.77
775,2021-01-18,CAL,1290,583,707,1048,238,4,ITF,ITF6,18,Calabria,Calabria,1947131,197536,10.14,0.07
776,2021-07-03,CAL,15142,7130,8012,5268,9799,75,ITF,ITF6,18,Calabria,Calabria,1947131,212678,10.92,0.78
777,2021-02-06,CAL,2911,1341,1570,443,2467,1,ITF,ITF6,18,Calabria,Calabria,1947131,215589,11.07,0.15
778,2021-01-23,CAL,401,186,215,359,42,0,ITF,ITF6,18,Calabria,Calabria,1947131,215990,11.09,0.02
779,2021-03-28,CAL,2692,1231,1461,1565,1123,4,ITF,ITF6,18,Calabria,Calabria,1947131,218682,11.23,0.14
780,2021-01-30,CAL,2181,1150,1031,343,1835,3,ITF,ITF6,18,Calabria,Calabria,1947131,220863,11.34,0.11
781,2021-01-06,CAL,933,504,429,933,0,0,ITF,ITF6,18,Calabria,Calabria,1947131,221796,11.39,0.05
782,2021-04-16,CAL,10208,4975,5233,8571,1584,53,ITF,ITF6,18,Calabria,Calabria,1947131,232004,11.92,0.52
783,2021-02-18,CAL,1849,848,1001,1606,228,15,ITF,ITF6,18,Calabria,Calabria,1947131,233853,12.01,0.09
784,2021-06-21,CAL,15344,7056,8288,7976,7333,35,ITF,ITF6,18,Calabria,Calabria,1947131,249197,12.8,0.79
785,2021-01-04,CAL,1068,529,539,1065,0,3,ITF,ITF6,18,Calabria,Calabria,1947131,250265,12.85,0.05
786,2021-03-06,CAL,8451,4353,4098,7637,795,19,ITF,ITF6,18,Calabria,Calabria,1947131,258716,13.29,0.43
787,2021-02-11,CAL,2341,1044,1297,1062,1257,22,ITF,ITF6,18,Calabria,Calabria,1947131,261057,13.41,0.12
788,2021-05-23,CAL,11387,5552,5835,6995,4349,43,ITF,ITF6,18,Calabria,Calabria,1947131,272444,13.99,0.58
789,2021-03-01,CAL,2728,1548,1180,2269,455,4,ITF,ITF6,18,Calabria,Calabria,1947131,275172,14.13,0.14
790,2021-06-09,CAL,18205,8592,9613,15888,2236,81,ITF,ITF6,18,Calabria,Calabria,1947131,293377,15.07,0.93
791,2021-05-19,CAL,18334,9078,9256,11287,6974,73,ITF,ITF6,18,Calabria,Calabria,1947131,311711,16.01,0.94
792,2021-03-23,CAL,5244,2460,2784,3414,1809,21,ITF,ITF6,18,Calabria,Calabria,1947131,316955,16.28,0.27
793,2021-03-11,CAL,7237,3431,3806,5925,1267,45,ITF,ITF6,18,Calabria,Calabria,1947131,324192,16.65,0.37
794,2021-06-19,CAL,15823,7404,8419,8494,7264,65,ITF,ITF6,18,Calabria,Calabria,1947131,340015,17.46,0.81
795,2021-05-14,CAL,19915,9567,10348,12944,6864,107,ITF,ITF6,18,Calabria,Calabria,1947131,359930,18.49,1.02
796,2021-04-27,CAL,9953,4893,5060,7963,1944,46,ITF,ITF6,18,Calabria,Calabria,1947131,369883,19.0,0.51
797,2021-02-03,CAL,2814,1451,1363,566,2243,5,ITF,ITF6,18,Calabria,Calabria,1947131,372697,19.14,0.14
798,2021-05-24,CAL,17717,8843,8874,9936,7698,83,ITF,ITF6,18,Calabria,Calabria,1947131,390414,20.05,0.91
799,2021-05-07,CAL,16115,7593,8522,9658,6383,74,ITF,ITF6,18,Calabria,Calabria,1947131,406529,20.88,0.83
800,2021-02-13,CAL,1398,604,794,1030,365,3,ITF,ITF6,18,Calabria,Calabria,1947131,407927,20.95,0.07
801,2021-06-11,CAL,17808,8751,9057,15109,2584,115,ITF,ITF6,18,Calabria,Calabria,1947131,425735,21.86,0.91
802,2021-01-08,CAL,2167,1034,1133,2160,0,7,ITF,ITF6,18,Calabria,Calabria,1947131,427902,21.98,0.11
803,2021-03-18,CAL,4421,2066,2355,2333,2065,23,ITF,ITF6,18,Calabria,Calabria,1947131,432323,22.2,0.23
804,2021-04-23,CAL,13118,6441,6677,9428,3594,96,ITF,ITF6,18,Calabria,Calabria,1947131,445441,22.88,0.67
805,2021-01-13,CAL,2049,1033,1016,2037,0,12,ITF,ITF6,18,Calabria,Calabria,1947131,447490,22.98,0.11
806,2021-06-23,CAL,17103,7805,9298,8092,8930,81,ITF,ITF6,18,Calabria,Calabria,1947131,464593,23.86,0.88
807,2021-04-11,CAL,4186,1902,2284,2227,1943,16,ITF,ITF6,18,Calabria,Calabria,1947131,468779,24.08,0.21
808,2021-04-13,CAL,6897,3380,3517,5565,1311,21,ITF,ITF6,18,Calabria,Calabria,1947131,475676,24.43,0.35
809,2021-01-20,CAL,1403,627,776,1399,1,3,ITF,ITF6,18,Calabria,Calabria,1947131,477079,24.5,0.07
810,2021-01-03,CAL,6,3,3,6,0,0,ITF,ITF6,18,Calabria,Calabria,1947131,477085,24.5,0.0
811,2021-03-27,CAL,8731,3967,4764,4652,4037,42,ITF,ITF6,18,Calabria,Calabria,1947131,485816,24.95,0.45
812,2021-02-17,CAL,1866,824,1042,1642,211,13,ITF,ITF6,18,Calabria,Calabria,1947131,487682,25.05,0.1
813,2021-05-28,CAL,20982,10196,10786,11412,9459,111,ITF,ITF6,18,Calabria,Calabria,1947131,508664,26.12,1.08
814,2021-04-15,CAL,7729,3790,3939,5967,1724,38,ITF,ITF6,18,Calabria,Calabria,1947131,516393,26.52,0.4
815,2021-04-01,CAL,8672,3946,4726,4162,4478,32,ITF,ITF6,18,Calabria,Calabria,1947131,525065,26.97,0.45
816,2021-05-09,CAL,9620,4483,5137,6045,3535,40,ITF,ITF6,18,Calabria,Calabria,1947131,534685,27.46,0.49
817,2021-01-29,CAL,2059,994,1065,227,1831,1,ITF,ITF6,18,Calabria,Calabria,1947131,536744,27.57,0.11
818,2021-05-04,CAL,16427,7572,8855,11643,4700,84,ITF,ITF6,18,Calabria,Calabria,1947131,553171,28.41,0.84
819,2021-01-22,CAL,659,275,384,657,2,0,ITF,ITF6,18,Calabria,Calabria,1947131,553830,28.44,0.03
820,2021-05-02,CAL,12517,5842,6675,10611,1849,57,ITF,ITF6,18,Calabria,Calabria,1947131,566347,29.09,0.64
821,2021-03-29,CAL,5741,2468,3273,3957,1760,24,ITF,ITF6,18,Calabria,Calabria,1947131,572088,29.38,0.29
822,2021-01-31,CAL,1112,555,557,153,959,0,ITF,ITF6,18,Calabria,Calabria,1947131,573200,29.44,0.06
823,2021-02-15,CAL,1149,545,604,994,151,4,ITF,ITF6,18,Calabria,Calabria,1947131,574349,29.5,0.06
824,2020-12-27,CAL,312,170,142,312,0,0,ITF,ITF6,18,Calabria,Calabria,1947131,574661,29.51,0.02
825,2021-04-06,CAL,8072,3661,4411,4417,3631,24,ITF,ITF6,18,Calabria,Calabria,1947131,582733,29.93,0.41
826,2021-02-08,CAL,1856,737,1119,660,1193,3,ITF,ITF6,18,Calabria,Calabria,1947131,584589,30.02,0.1
827,2021-02-22,CAL,2053,1042,1011,1486,558,9,ITF,ITF6,18,Calabria,Calabria,1947131,586642,30.13,0.11
828,2021-06-02,CAL,12090,5799,6291,8780,3266,44,ITF,ITF6,18,Calabria,Calabria,1947131,598732,30.75,0.62
829,2021-05-16,CAL,13782,6725,7057,9918,3812,52,ITF,ITF6,18,Calabria,Calabria,1947131,612514,31.46,0.71
830,2021-02-27,CAL,4002,2060,1942,3614,382,6,ITF,ITF6,18,Calabria,Calabria,1947131,616516,31.66,0.21
831,2021-01-27,CAL,1471,742,729,395,1075,1,ITF,ITF6,18,Calabria,Calabria,1947131,617987,31.74,0.08
832,2021-02-14,CAL,468,214,254,437,30,1,ITF,ITF6,18,Calabria,Calabria,1947131,618455,31.76,0.02
833,2021-05-25,CAL,16367,8000,8367,10205,6078,84,ITF,ITF6,18,Calabria,Calabria,1947131,634822,32.6,0.84
834,2021-01-26,CAL,1841,877,964,276,1564,1,ITF,ITF6,18,Calabria,Calabria,1947131,636663,32.7,0.09
835,2021-04-22,CAL,9745,4864,4881,6814,2888,43,ITF,ITF6,18,Calabria,Calabria,1947131,646408,33.2,0.5
836,2021-05-06,CAL,13257,6276,6981,8924,4267,66,ITF,ITF6,18,Calabria,Calabria,1947131,659665,33.88,0.68
837,2021-07-05,CAL,8676,4051,4625,2507,6135,34,ITF,ITF6,18,Calabria,Calabria,1947131,668341,34.32,0.45
838,2021-03-08,CAL,5430,2914,2516,4338,1066,26,ITF,ITF6,18,Calabria,Calabria,1947131,673771,34.6,0.28
839,2021-03-25,CAL,7435,3493,3942,4546,2859,30,ITF,ITF6,18,Calabria,Calabria,1947131,681206,34.99,0.38
840,2021-06-16,CAL,18295,8446,9849,12118,6092,85,ITF,ITF6,18,Calabria,Calabria,1947131,699501,35.92,0.94
841,2021-01-10,CAL,934,527,407,934,0,0,ITF,ITF6,18,Calabria,Calabria,1947131,700435,35.97,0.05
842,2021-04-20,CAL,7846,3956,3890,6049,1725,72,ITF,ITF6,18,Calabria,Calabria,1947131,708281,36.38,0.4
843,2021-04-08,CAL,9250,4368,4882,5737,3468,45,ITF,ITF6,18,Calabria,Calabria,1947131,717531,36.85,0.48
844,2021-02-10,CAL,2512,1080,1432,868,1629,15,ITF,ITF6,18,Calabria,Calabria,1947131,720043,36.98,0.13
845,2021-06-04,CAL,17501,8140,9361,12943,4491,67,ITF,ITF6,18,Calabria,Calabria,1947131,737544,37.88,0.9
846,2021-05-21,CAL,21329,10860,10469,13867,7355,107,ITF,ITF6,18,Calabria,Calabria,1947131,758873,38.97,1.1
847,2021-01-05,CAL,1517,708,809,1515,0,2,ITF,ITF6,18,Calabria,Calabria,1947131,760390,39.05,0.08
848,2021-01-12,CAL,2075,1026,1049,2066,0,9,ITF,ITF6,18,Calabria,Calabria,1947131,762465,39.16,0.11
849,2021-02-24,CAL,1914,975,939,1430,478,6,ITF,ITF6,18,Calabria,Calabria,1947131,764379,39.26,0.1
850,2021-03-03,CAL,5054,2760,2294,3962,1080,12,ITF,ITF6,18,Calabria,Calabria,1947131,769433,39.52,0.26
851,2021-05-11,CAL,15054,7283,7771,10214,4773,67,ITF,ITF6,18,Calabria,Calabria,1947131,784487,40.29,0.77
852,2021-01-24,CAL,46,19,27,39,7,0,ITF,ITF6,18,Calabria,Calabria,1947131,784533,40.29,0.0
853,2021-04-05,CAL,3644,1729,1915,2673,959,12,ITF,ITF6,18,Calabria,Calabria,1947131,788177,40.48,0.19
854,2021-06-08,CAL,16647,7888,8759,14507,2023,117,ITF,ITF6,18,Calabria,Calabria,1947131,804824,41.33,0.85
855,2021-03-17,CAL,4102,1826,2276,2179,1916,7,ITF,ITF6,18,Calabria,Calabria,1947131,808926,41.54,0.21
856,2021-06-25,CAL,18774,8718,10056,8065,10632,77,ITF,ITF6,18,Calabria,Calabria,1947131,827700,42.51,0.96
857,2021-04-19,CAL,7870,3798,4072,6152,1675,43,ITF,ITF6,18,Calabria,Calabria,1947131,835570,42.91,0.4
858,2021-01-09,CAL,1946,1050,896,1938,0,8,ITF,ITF6,18,Calabria,Calabria,1947131,837516,43.01,0.1
859,2021-02-28,CAL,2334,1058,1276,2178,153,3,ITF,ITF6,18,Calabria,Calabria,1947131,839850,43.13,0.12
860,2021-04-24,CAL,19259,9586,9673,15727,3450,82,ITF,ITF6,18,Calabria,Calabria,1947131,859109,44.12,0.99
861,2021-02-26,CAL,3079,1641,1438,2611,453,15,ITF,ITF6,18,Calabria,Calabria,1947131,862188,44.28,0.16
862,2021-06-20,CAL,6645,3149,3496,3807,2810,28,ITF,ITF6,18,Calabria,Calabria,1947131,868833,44.62,0.34
863,2021-06-06,CAL,13701,6582,7119,11942,1696,63,ITF,ITF6,18,Calabria,Calabria,1947131,882534,45.32,0.7
864,2021-01-17,CAL,897,431,466,797,95,5,ITF,ITF6,18,Calabria,Calabria,1947131,883431,45.37,0.05
865,2021-03-24,CAL,7811,3572,4239,4512,3277,22,ITF,ITF6,18,Calabria,Calabria,1947131,891242,45.77,0.4
866,2021-04-10,CAL,11626,5263,6363,6729,4854,43,ITF,ITF6,18,Calabria,Calabria,1947131,902868,46.37,0.6
867,2021-02-05,CAL,3813,1718,2095,474,3324,15,ITF,ITF6,18,Calabria,Calabria,1947131,906681,46.56,0.2
868,2021-04-29,CAL,12450,6047,6403,8653,3748,49,ITF,ITF6,18,Calabria,Calabria,1947131,919131,47.2,0.64
869,2021-04-12,CAL,7057,3430,3627,5390,1645,22,ITF,ITF6,18,Calabria,Calabria,1947131,926188,47.57,0.36
870,2021-01-19,CAL,1117,492,625,1104,11,2,ITF,ITF6,18,Calabria,Calabria,1947131,927305,47.62,0.06
871,2021-07-04,CAL,5939,2813,3126,1980,3924,35,ITF,ITF6,18,Calabria,Calabria,1947131,933244,47.93,0.31
872,2021-06-17,CAL,15758,7200,8558,9586,6122,50,ITF,ITF6,18,Calabria,Calabria,1947131,949002,48.74,0.81
873,2021-03-26,CAL,8079,3835,4244,4932,3119,28,ITF,ITF6,18,Calabria,Calabria,1947131,957081,49.15,0.41
874,2021-02-12,CAL,1710,668,1042,941,763,6,ITF,ITF6,18,Calabria,Calabria,1947131,958791,49.24,0.09
875,2021-06-27,CAL,8415,3938,4477,4984,3395,36,ITF,ITF6,18,Calabria,Calabria,1947131,967206,49.67,0.43
876,2021-04-03,CAL,9362,4053,5309,4497,4807,58,ITF,ITF6,18,Calabria,Calabria,1947131,976568,50.15,0.48
877,2021-06-18,CAL,18843,8779,10064,11247,7489,107,ITF,ITF6,18,Calabria,Calabria,1947131,995411,51.12,0.97
878,2021-03-10,CAL,6732,3420,3312,5370,1333,29,ITF,ITF6,18,Calabria,Calabria,1947131,1002143,51.47,0.35
879,2021-06-01,CAL,12851,5960,6891,7877,4916,58,ITF,ITF6,18,Calabria,Calabria,1947131,1014994,52.13,0.66
880,2021-06-29,CAL,13013,6010,7003,5330,7633,50,ITF,ITF6,18,Calabria,Calabria,1947131,1028007,52.8,0.67
881,2021-05-03,CAL,14767,6769,7998,10465,4218,84,ITF,ITF6,18,Calabria,Calabria,1947131,1042774,53.55,0.76
882,2021-03-21,CAL,4454,1922,2532,2726,1718,10,ITF,ITF6,18,Calabria,Calabria,1947131,1047228,53.78,0.23
883,2021-03-07,CAL,3392,1731,1661,3287,92,13,ITF,ITF6,18,Calabria,Calabria,1947131,1050620,53.96,0.17
884,2021-06-15,CAL,9809,4537,5272,6430,3325,54,ITF,ITF6,18,Calabria,Calabria,1947131,1060429,54.46,0.5
885,2020-12-28,CAL,6,2,4,6,0,0,ITF,ITF6,18,Calabria,Calabria,1947131,1060435,54.46,0.0
886,2021-06-03,CAL,14202,6645,7557,9573,4574,55,ITF,ITF6,18,Calabria,Calabria,1947131,1074637,55.19,0.73
887,2021-04-07,CAL,7086,3212,3874,4035,3006,45,ITF,ITF6,18,Calabria,Calabria,1947131,1081723,55.55,0.36
888,2021-02-23,CAL,1593,754,839,1473,115,5,ITF,ITF6,18,Calabria,Calabria,1947131,1083316,55.64,0.08
889,2021-03-31,CAL,9086,4136,4950,5013,4039,34,ITF,ITF6,18,Calabria,Calabria,1947131,1092402,56.1,0.47
890,2021-04-09,CAL,7944,3724,4220,4976,2888,80,ITF,ITF6,18,Calabria,Calabria,1947131,1100346,56.51,0.41
891,2021-06-05,CAL,20629,9665,10964,17581,2970,78,ITF,ITF6,18,Calabria,Calabria,1947131,1120975,57.57,1.06
892,2021-01-07,CAL,2200,1075,1125,2196,0,4,ITF,ITF6,18,Calabria,Calabria,1947131,1123175,57.68,0.11
893,2021-06-13,CAL,6793,3334,3459,5709,1032,52,ITF,ITF6,18,Calabria,Calabria,1947131,1129968,58.03,0.35
894,2021-04-17,CAL,10824,5074,5750,9001,1777,46,ITF,ITF6,18,Calabria,Calabria,1947131,1140792,58.59,0.56
895,2021-05-01,CAL,16661,7942,8719,12375,4200,86,ITF,ITF6,18,Calabria,Calabria,1947131,1157453,59.44,0.86
896,2021-03-05,CAL,6236,3619,2617,5647,574,15,ITF,ITF6,18,Calabria,Calabria,1947131,1163689,59.76,0.32
897,2021-03-12,CAL,5161,2475,2686,4081,1062,18,ITF,ITF6,18,Calabria,Calabria,1947131,1168850,60.03,0.27
898,2021-01-14,CAL,2641,1252,1389,2635,0,6,ITF,ITF6,18,Calabria,Calabria,1947131,1171491,60.16,0.14
899,2021-01-21,CAL,966,450,516,932,31,3,ITF,ITF6,18,Calabria,Calabria,1947131,1172457,60.21,0.05
900,2021-01-02,CAL,166,94,72,166,0,0,ITF,ITF6,18,Calabria,Calabria,1947131,1172623,60.22,0.01
901,2021-05-13,CAL,15927,7659,8268,11157,4706,64,ITF,ITF6,18,Calabria,Calabria,1947131,1188550,61.04,0.82
902,2021-02-19,CAL,1509,682,827,1239,261,9,ITF,ITF6,18,Calabria,Calabria,1947131,1190059,61.12,0.08
903,2021-05-30,CAL,10957,5264,5693,6767,4155,35,ITF,ITF6,18,Calabria,Calabria,1947131,1201016,61.68,0.56
904,2021-05-17,CAL,14893,7443,7450,10128,4715,50,ITF,ITF6,18,Calabria,Calabria,1947131,1215909,62.45,0.76
905,2021-01-28,CAL,2256,1121,1135,83,2173,0,ITF,ITF6,18,Calabria,Calabria,1947131,1218165,62.56,0.12
906,2021-05-08,CAL,18435,8386,10049,10543,7829,63,ITF,ITF6,18,Calabria,Calabria,1947131,1236600,63.51,0.95
907,2021-05-22,CAL,22174,10551,11623,14231,7853,90,ITF,ITF6,18,Calabria,Calabria,1947131,1258774,64.65,1.14
908,2021-04-21,CAL,11545,5799,5746,8600,2894,51,ITF,ITF6,18,Calabria,Calabria,1947131,1270319,65.24,0.59
909,2021-04-02,CAL,8525,3902,4623,4576,3917,32,ITF,ITF6,18,Calabria,Calabria,1947131,1278844,65.68,0.44
910,2021-02-21,CAL,622,295,327,544,77,1,ITF,ITF6,18,Calabria,Calabria,1947131,1279466,65.71,0.03
911,2021-04-28,CAL,12525,6060,6465,9591,2863,71,ITF,ITF6,18,Calabria,Calabria,1947131,1291991,66.35,0.64
912,2021-02-04,CAL,3594,1708,1886,647,2941,6,ITF,ITF6,18,Calabria,Calabria,1947131,1295585,66.54,0.18
913,2021-05-15,CAL,27235,13026,14209,20256,6850,129,ITF,ITF6,18,Calabria,Calabria,1947131,1322820,67.94,1.4
914,2021-02-02,CAL,2351,1152,1199,177,2174,0,ITF,ITF6,18,Calabria,Calabria,1947131,1325171,68.06,0.12
915,2021-01-16,CAL,2401,1125,1276,2398,0,3,ITF,ITF6,18,Calabria,Calabria,1947131,1327572,68.18,0.12
916,2021-03-14,CAL,2710,1053,1657,2279,425,6,ITF,ITF6,18,Calabria,Calabria,1947131,1330282,68.32,0.14
917,2021-06-22,CAL,14526,6854,7672,7350,7084,92,ITF,ITF6,18,Calabria,Calabria,1947131,1344808,69.07,0.75
918,2021-05-10,CAL,13120,6087,7033,7668,5398,54,ITF,ITF6,18,Calabria,Calabria,1947131,1357928,69.74,0.67
919,2021-04-26,CAL,10186,5060,5126,7722,2420,44,ITF,ITF6,18,Calabria,Calabria,1947131,1368114,70.26,0.52
920,2021-06-24,CAL,15239,6934,8305,6882,8283,74,ITF,ITF6,18,Calabria,Calabria,1947131,1383353,71.05,0.78
921,2021-03-19,CAL,4185,1953,2232,1887,2291,7,ITF,ITF6,18,Calabria,Calabria,1947131,1387538,71.26,0.21
922,2021-06-10,CAL,15825,7273,8552,12961,2771,93,ITF,ITF6,18,Calabria,Calabria,1947131,1403363,72.07,0.81
923,2021-03-13,CAL,6943,3019,3924,5933,982,28,ITF,ITF6,18,Calabria,Calabria,1947131,1410306,72.43,0.36
924,2021-01-15,CAL,2802,1259,1543,2796,0,6,ITF,ITF6,18,Calabria,Calabria,1947131,1413108,72.57,0.14
925,2021-04-25,CAL,15880,8056,7824,14789,1032,59,ITF,ITF6,18,Calabria,Calabria,1947131,1428988,73.39,0.82
926,2021-06-30,CAL,16363,7494,8869,7008,9260,95,ITF,ITF6,18,Calabria,Calabria,1947131,1445351,74.23,0.84
927,2021-06-28,CAL,13256,6098,7158,5366,7826,64,ITF,ITF6,18,Calabria,Calabria,1947131,1458607,74.91,0.68
928,2021-03-20,CAL,6711,3074,3637,4184,2511,16,ITF,ITF6,18,Calabria,Calabria,1947131,1465318,75.26,0.34
929,2021-03-15,CAL,3582,1711,1871,2126,1447,9,ITF,ITF6,18,Calabria,Calabria,1947131,1468900,75.44,0.18
930,2021-07-02,CAL,16242,7528,8714,6239,9922,81,ITF,ITF6,18,Calabria,Calabria,1947131,1485142,76.27,0.83
931,2021-05-20,CAL,16901,8436,8465,11240,5606,55,ITF,ITF6,18,Calabria,Calabria,1947131,1502043,77.14,0.87
932,2021-02-07,CAL,861,430,431,146,713,2,ITF,ITF6,18,Calabria,Calabria,1947131,1502904,77.19,0.04
933,2021-05-18,CAL,15279,7638,7641,11796,3415,68,ITF,ITF6,18,Calabria,Calabria,1947131,1518183,77.97,0.78
934,2021-03-22,CAL,4945,2319,2626,3161,1760,24,ITF,ITF6,18,Calabria,Calabria,1947131,1523128,78.22,0.25
935,2021-02-09,CAL,2159,913,1246,947,1203,9,ITF,ITF6,18,Calabria,Calabria,1947131,1525287,78.34,0.11
936,2021-05-29,CAL,19245,8938,10307,9322,9847,76,ITF,ITF6,18,Calabria,Calabria,1947131,1544532,79.32,0.99
937,2021-04-14,CAL,8062,3893,4169,6573,1445,44,ITF,ITF6,18,Calabria,Calabria,1947131,1552594,79.74,0.41
938,2021-02-16,CAL,1740,736,1004,1456,279,5,ITF,ITF6,18,Calabria,Calabria,1947131,1554334,79.83,0.09
939,2021-05-27,CAL,17614,8692,8922,9754,7780,80,ITF,ITF6,18,Calabria,Calabria,1947131,1571948,80.73,0.9
940,2020-12-27,ABR,37,19,18,37,0,0,ITF,ITF1,13,Abruzzo,Abruzzo,1304970,37,0.0,0.0
941,2021-03-20,ABR,4793,2199,2594,2560,2171,62,ITF,ITF1,13,Abruzzo,Abruzzo,1304970,4830,0.37,0.37
942,2021-06-13,ABR,9850,4926,4924,7849,1836,165,ITF,ITF1,13,Abruzzo,Abruzzo,1304970,14680,1.12,0.75
943,2021-01-29,ABR,1387,449,938,73,1313,1,ITF,ITF1,13,Abruzzo,Abruzzo,1304970,16067,1.23,0.11
944,2021-01-10,ABR,1139,409,730,1135,0,4,ITF,ITF1,13,Abruzzo,Abruzzo,1304970,17206,1.32,0.09
945,2021-04-29,ABR,12671,5850,6821,9274,3095,302,ITF,ITF1,13,Abruzzo,Abruzzo,1304970,29877,2.29,0.97
946,2021-06-25,ABR,10975,5431,5544,4829,6005,141,ITF,ITF1,13,Abruzzo,Abruzzo,1304970,40852,3.13,0.84
947,2021-01-15,ABR,379,149,230,365,0,14,ITF,ITF1,13,Abruzzo,Abruzzo,1304970,41231,3.16,0.03
948,2021-04-27,ABR,9084,4368,4716,6506,2467,111,ITF,ITF1,13,Abruzzo,Abruzzo,1304970,50315,3.86,0.7
949,2021-07-02,ABR,11846,5955,5891,4837,6827,182,ITF,ITF1,13,Abruzzo,Abruzzo,1304970,62161,4.76,0.91
950,2021-05-30,ABR,8656,4109,4547,5324,3253,79,ITF,ITF1,13,Abruzzo,Abruzzo,1304970,70817,5.43,0.66
951,2021-04-03,ABR,5160,2257,2903,3484,1597,79,ITF,ITF1,13,Abruzzo,Abruzzo,1304970,75977,5.82,0.4
952,2021-03-03,ABR,4633,1891,2742,3704,906,23,ITF,ITF1,13,Abruzzo,Abruzzo,1304970,80610,6.18,0.36
953,2021-04-08,ABR,7394,3337,4057,4933,2330,131,ITF,ITF1,13,Abruzzo,Abruzzo,1304970,88004,6.74,0.57
954,2021-04-22,ABR,6730,3249,3481,4826,1730,174,ITF,ITF1,13,Abruzzo,Abruzzo,1304970,94734,7.26,0.52
955,2021-03-22,ABR,4344,1908,2436,2312,1971,61,ITF,ITF1,13,Abruzzo,Abruzzo,1304970,99078,7.59,0.33
956,2021-06-30,ABR,11108,5403,5705,4449,6494,165,ITF,ITF1,13,Abruzzo,Abruzzo,1304970,110186,8.44,0.85
957,2021-01-22,ABR,118,57,61,118,0,0,ITF,ITF1,13,Abruzzo,Abruzzo,1304970,110304,8.45,0.01
958,2021-01-03,ABR,471,185,286,469,0,2,ITF,ITF1,13,Abruzzo,Abruzzo,1304970,110775,8.49,0.04
959,2021-03-27,ABR,6120,2620,3500,3563,2486,71,ITF,ITF1,13,Abruzzo,Abruzzo,1304970,116895,8.96,0.47
960,2021-02-22,ABR,2642,1173,1469,2587,30,25,ITF,ITF1,13,Abruzzo,Abruzzo,1304970,119537,9.16,0.2
961,2021-02-05,ABR,1534,521,1013,772,746,16,ITF,ITF1,13,Abruzzo,Abruzzo,1304970,121071,9.28,0.12
962,2021-05-16,ABR,9578,4137,5441,5648,3813,117,ITF,ITF1,13,Abruzzo,Abruzzo,1304970,130649,10.01,0.73
963,2021-06-04,ABR,15630,7389,8241,10756,4689,185,ITF,ITF1,13,Abruzzo,Abruzzo,1304970,146279,11.21,1.2
964,2021-05-18,ABR,12110,5660,6450,7562,4380,168,ITF,ITF1,13,Abruzzo,Abruzzo,1304970,158389,12.14,0.93
965,2021-02-24,ABR,3305,1441,1864,3112,176,17,ITF,ITF1,13,Abruzzo,Abruzzo,1304970,161694,12.39,0.25
966,2021-02-10,ABR,947,312,635,493,444,10,ITF,ITF1,13,Abruzzo,Abruzzo,1304970,162641,12.46,0.07
967,2021-05-04,ABR,10749,5050,5699,6943,3616,190,ITF,ITF1,13,Abruzzo,Abruzzo,1304970,173390,13.29,0.82
968,2021-03-08,ABR,5148,1693,3455,4088,970,90,ITF,ITF1,13,Abruzzo,Abruzzo,1304970,178538,13.68,0.39
969,2021-01-24,ABR,50,22,28,6,44,0,ITF,ITF1,13,Abruzzo,Abruzzo,1304970,178588,13.69,0.0
970,2021-03-01,ABR,3478,1385,2093,2706,751,21,ITF,ITF1,13,Abruzzo,Abruzzo,1304970,182066,13.95,0.27
971,2021-06-18,ABR,10159,4986,5173,6541,3476,142,ITF,ITF1,13,Abruzzo,Abruzzo,1304970,192225,14.73,0.78
972,2021-03-15,ABR,3683,1447,2236,1845,1807,31,ITF,ITF1,13,Abruzzo,Abruzzo,1304970,195908,15.01,0.28
973,2021-01-17,ABR,188,59,129,180,7,1,ITF,ITF1,13,Abruzzo,Abruzzo,1304970,196096,15.03,0.01
974,2021-06-23,ABR,11019,5290,5729,5581,5293,145,ITF,ITF1,13,Abruzzo,Abruzzo,1304970,207115,15.87,0.84
975,2021-03-17,ABR,4539,1873,2666,2776,1740,23,ITF,ITF1,13,Abruzzo,Abruzzo,1304970,211654,16.22,0.35
976,2021-05-27,ABR,13311,6094,7217,8316,4821,174,ITF,ITF1,13,Abruzzo,Abruzzo,1304970,224965,17.24,1.02
977,2021-03-19,ABR,5793,2584,3209,2732,3020,41,ITF,ITF1,13,Abruzzo,Abruzzo,1304970,230758,17.68,0.44
978,2021-03-05,ABR,5348,1958,3390,4592,697,59,ITF,ITF1,13,Abruzzo,Abruzzo,1304970,236106,18.09,0.41
979,2021-02-12,ABR,1228,567,661,1026,189,13,ITF,ITF1,13,Abruzzo,Abruzzo,1304970,237334,18.19,0.09
980,2021-05-23,ABR,9881,4696,5185,7068,2692,121,ITF,ITF1,13,Abruzzo,Abruzzo,1304970,247215,18.94,0.76
981,2021-06-06,ABR,11111,5310,5801,8773,2210,128,ITF,ITF1,13,Abruzzo,Abruzzo,1304970,258326,19.8,0.85
982,2021-04-10,ABR,8774,4057,4717,6127,2508,139,ITF,ITF1,13,Abruzzo,Abruzzo,1304970,267100,20.47,0.67
983,2021-04-17,ABR,7358,3401,3957,4216,3053,89,ITF,ITF1,13,Abruzzo,Abruzzo,1304970,274458,21.03,0.56
984,2021-02-19,ABR,3300,1551,1749,3162,100,38,ITF,ITF1,13,Abruzzo,Abruzzo,1304970,277758,21.28,0.25
985,2021-01-05,ABR,1615,604,1011,1610,0,5,ITF,ITF1,13,Abruzzo,Abruzzo,1304970,279373,21.41,0.12
986,2021-04-15,ABR,7819,3679,4140,5834,1840,145,ITF,ITF1,13,Abruzzo,Abruzzo,1304970,287192,22.01,0.6
987,2021-06-22,ABR,10405,4876,5529,5383,4844,178,ITF,ITF1,13,Abruzzo,Abruzzo,1304970,297597,22.8,0.8
988,2021-02-17,ABR,2071,948,1123,1780,282,9,ITF,ITF1,13,Abruzzo,Abruzzo,1304970,299668,22.96,0.16
989,2021-06-11,ABR,11762,5849,5913,8823,2759,180,ITF,ITF1,13,Abruzzo,Abruzzo,1304970,311430,23.86,0.9
990,2021-05-11,ABR,10751,5113,5638,5734,4845,172,ITF,ITF1,13,Abruzzo,Abruzzo,1304970,322181,24.69,0.82
991,2021-02-02,ABR,1763,668,1095,218,1541,4,ITF,ITF1,13,Abruzzo,Abruzzo,1304970,323944,24.82,0.14
992,2021-05-13,ABR,11146,5042,6104,6959,3959,228,ITF,ITF1,13,Abruzzo,Abruzzo,1304970,335090,25.68,0.85
993,2021-03-31,ABR,6714,2939,3775,4555,2069,90,ITF,ITF1,13,Abruzzo,Abruzzo,1304970,341804,26.19,0.51
994,2021-05-15,ABR,11426,5176,6250,5951,5300,175,ITF,ITF1,13,Abruzzo,Abruzzo,1304970,353230,27.07,0.88
995,2021-01-19,ABR,111,55,56,90,20,1,ITF,ITF1,13,Abruzzo,Abruzzo,1304970,353341,27.08,0.01
996,2021-02-07,ABR,779,308,471,200,578,1,ITF,ITF1,13,Abruzzo,Abruzzo,1304970,354120,27.14,0.06
997,2021-01-21,ABR,157,47,110,157,0,0,ITF,ITF1,13,Abruzzo,Abruzzo,1304970,354277,27.15,0.01
998,2021-02-03,ABR,2062,717,1345,411,1643,8,ITF,ITF1,13,Abruzzo,Abruzzo,1304970,356339,27.31,0.16
999,2021-02-28,ABR,1702,508,1194,1666,2,34,ITF,ITF1,13,Abruzzo,Abruzzo,1304970,358041,27.44,0.13
1000,2021-01-02,ABR,552,220,332,551,0,1,ITF,ITF1,13,Abruzzo,Abruzzo,1304970,358593,27.48,0.04
1001,2021-06-08,ABR,12823,6596,6227,10390,2197,236,ITF,ITF1,13,Abruzzo,Abruzzo,1304970,371416,28.46,0.98
1002,2021-04-26,ABR,8561,4065,4496,7141,1214,206,ITF,ITF1,13,Abruzzo,Abruzzo,1304970,379977,29.12,0.66
1003,2021-06-01,ABR,10999,4882,6117,6512,4367,120,ITF,ITF1,13,Abruzzo,Abruzzo,1304970,390976,29.96,0.84
1004,2021-03-24,ABR,6383,2784,3599,3997,2251,135,ITF,ITF1,13,Abruzzo,Abruzzo,1304970,397359,30.45,0.49
1005,2021-02-09,ABR,909,312,597,499,409,1,ITF,ITF1,13,Abruzzo,Abruzzo,1304970,398268,30.52,0.07
1006,2021-07-04,ABR,8395,4234,4161,3341,4930,124,ITF,ITF1,13,Abruzzo,Abruzzo,1304970,406663,31.16,0.64
1007,2021-01-07,ABR,1605,553,1052,1598,0,7,ITF,ITF1,13,Abruzzo,Abruzzo,1304970,408268,31.29,0.12
1008,2021-02-26,ABR,3924,1680,2244,2929,969,26,ITF,ITF1,13,Abruzzo,Abruzzo,1304970,412192,31.59,0.3
1009,2021-03-29,ABR,5708,2599,3109,3020,2639,49,ITF,ITF1,13,Abruzzo,Abruzzo,1304970,417900,32.02,0.44
1010,2021-06-03,ABR,13180,6278,6902,9234,3776,170,ITF,ITF1,13,Abruzzo,Abruzzo,1304970,431080,33.03,1.01
1011,2021-03-12,ABR,6014,1987,4027,4355,1582,77,ITF,ITF1,13,Abruzzo,Abruzzo,1304970,437094,33.49,0.46
1012,2021-06-20,ABR,8443,4239,4204,5415,2928,100,ITF,ITF1,13,Abruzzo,Abruzzo,1304970,445537,34.14,0.65
1013,2021-03-14,ABR,1873,731,1142,1191,666,16,ITF,ITF1,13,Abruzzo,Abruzzo,1304970,447410,34.29,0.14
1014,2021-04-05,ABR,2692,1147,1545,1731,879,82,ITF,ITF1,13,Abruzzo,Abruzzo,1304970,450102,34.49,0.21
1015,2021-01-12,ABR,1805,667,1138,1791,0,14,ITF,ITF1,13,Abruzzo,Abruzzo,1304970,451907,34.63,0.14
1016,2021-05-25,ABR,11418,5324,6094,8084,3137,197,ITF,ITF1,13,Abruzzo,Abruzzo,1304970,463325,35.5,0.87
1017,2021-01-31,ABR,1522,494,1028,288,1233,1,ITF,ITF1,13,Abruzzo,Abruzzo,1304970,464847,35.62,0.12
1018,2021-05-10,ABR,10103,4780,5323,5369,4649,85,ITF,ITF1,13,Abruzzo,Abruzzo,1304970,474950,36.4,0.77
1019,2021-04-23,ABR,7382,3388,3994,4916,2302,164,ITF,ITF1,13,Abruzzo,Abruzzo,1304970,482332,36.96,0.57
1020,2021-01-30,ABR,1511,568,943,68,1442,1,ITF,ITF1,13,Abruzzo,Abruzzo,1304970,483843,37.08,0.12
1021,2021-06-29,ABR,11397,5621,5776,5224,5987,186,ITF,ITF1,13,Abruzzo,Abruzzo,1304970,495240,37.95,0.87
1022,2021-05-01,ABR,10735,5043,5692,5628,4975,132,ITF,ITF1,13,Abruzzo,Abruzzo,1304970,505975,38.77,0.82
1023,2021-05-20,ABR,12746,5902,6844,7390,5258,98,ITF,ITF1,13,Abruzzo,Abruzzo,1304970,518721,39.75,0.98
1024,2021-06-19,ABR,10483,5163,5320,6484,3828,171,ITF,ITF1,13,Abruzzo,Abruzzo,1304970,529204,40.55,0.8
1025,2021-06-27,ABR,8370,4302,4068,5012,3217,141,ITF,ITF1,13,Abruzzo,Abruzzo,1304970,537574,41.19,0.64
1026,2021-04-07,ABR,7221,3333,3888,4314,2784,123,ITF,ITF1,13,Abruzzo,Abruzzo,1304970,544795,41.75,0.55
1027,2021-05-08,ABR,10291,4870,5421,6338,3832,121,ITF,ITF1,13,Abruzzo,Abruzzo,1304970,555086,42.54,0.79
1028,2021-04-24,ABR,8729,3977,4752,6944,1531,254,ITF,ITF1,13,Abruzzo,Abruzzo,1304970,563815,43.21,0.67
1029,2021-01-14,ABR,530,189,341,528,0,2,ITF,ITF1,13,Abruzzo,Abruzzo,1304970,564345,43.25,0.04
1030,2021-04-19,ABR,6226,2858,3368,3785,2372,69,ITF,ITF1,13,Abruzzo,Abruzzo,1304970,570571,43.72,0.48
1031,2021-02-21,ABR,1218,550,668,1193,1,24,ITF,ITF1,13,Abruzzo,Abruzzo,1304970,571789,43.82,0.09
1032,2021-06-15,ABR,11315,5560,5755,8683,2427,205,ITF,ITF1,13,Abruzzo,Abruzzo,1304970,583104,44.68,0.87
1033,2021-04-12,ABR,6207,2944,3263,4954,1174,79,ITF,ITF1,13,Abruzzo,Abruzzo,1304970,589311,45.16,0.48
1034,2021-01-16,ABR,934,430,504,926,0,8,ITF,ITF1,13,Abruzzo,Abruzzo,1304970,590245,45.23,0.07
1035,2021-03-07,ABR,2523,630,1893,2484,0,39,ITF,ITF1,13,Abruzzo,Abruzzo,1304970,592768,45.42,0.19
1036,2021-01-09,ABR,1484,566,918,1472,0,12,ITF,ITF1,13,Abruzzo,Abruzzo,1304970,594252,45.54,0.11
1037,2021-02-11,ABR,816,262,554,771,43,2,ITF,ITF1,13,Abruzzo,Abruzzo,1304970,595068,45.6,0.06
1038,2021-05-24,ABR,12266,5856,6410,8757,3350,159,ITF,ITF1,13,Abruzzo,Abruzzo,1304970,607334,46.54,0.94
1039,2021-02-18,ABR,2288,933,1355,2140,130,18,ITF,ITF1,13,Abruzzo,Abruzzo,1304970,609622,46.72,0.18
1040,2021-05-29,ABR,10316,4428,5888,4454,5773,89,ITF,ITF1,13,Abruzzo,Abruzzo,1304970,619938,47.51,0.79
1041,2021-03-21,ABR,2134,914,1220,840,1290,4,ITF,ITF1,13,Abruzzo,Abruzzo,1304970,622072,47.67,0.16
1042,2021-06-12,ABR,11400,5902,5498,9892,1331,177,ITF,ITF1,13,Abruzzo,Abruzzo,1304970,633472,48.54,0.87
1043,2021-01-13,ABR,1258,441,817,1250,0,8,ITF,ITF1,13,Abruzzo,Abruzzo,1304970,634730,48.64,0.1
1044,2021-02-13,ABR,854,385,469,434,416,4,ITF,ITF1,13,Abruzzo,Abruzzo,1304970,635584,48.7,0.07
1045,2021-03-04,ABR,5936,2360,3576,4974,922,40,ITF,ITF1,13,Abruzzo,Abruzzo,1304970,641520,49.16,0.45
1046,2021-05-28,ABR,14008,6307,7701,7491,6349,168,ITF,ITF1,13,Abruzzo,Abruzzo,1304970,655528,50.23,1.07
1047,2021-01-18,ABR,125,51,74,46,79,0,ITF,ITF1,13,Abruzzo,Abruzzo,1304970,655653,50.24,0.01
1048,2021-06-24,ABR,10852,5399,5453,5690,4995,167,ITF,ITF1,13,Abruzzo,Abruzzo,1304970,666505,51.07,0.83
1049,2021-04-28,ABR,9512,4587,4925,7316,2023,173,ITF,ITF1,13,Abruzzo,Abruzzo,1304970,676017,51.8,0.73
1050,2021-05-12,ABR,9630,4600,5030,5876,3580,174,ITF,ITF1,13,Abruzzo,Abruzzo,1304970,685647,52.54,0.74
1051,2021-03-16,ABR,3484,1452,2032,1802,1654,28,ITF,ITF1,13,Abruzzo,Abruzzo,1304970,689131,52.81,0.27
1052,2021-02-25,ABR,3052,1340,1712,2506,528,18,ITF,ITF1,13,Abruzzo,Abruzzo,1304970,692183,53.04,0.23
1053,2021-06-05,ABR,14616,6863,7753,10371,4047,198,ITF,ITF1,13,Abruzzo,Abruzzo,1304970,706799,54.16,1.12
1054,2021-05-17,ABR,11035,5038,5997,6024,4855,156,ITF,ITF1,13,Abruzzo,Abruzzo,1304970,717834,55.01,0.85
1055,2021-02-23,ABR,2781,1274,1507,2755,11,15,ITF,ITF1,13,Abruzzo,Abruzzo,1304970,720615,55.22,0.21
1056,2021-02-06,ABR,1610,743,867,595,1008,7,ITF,ITF1,13,Abruzzo,Abruzzo,1304970,722225,55.34,0.12
1057,2021-02-08,ABR,1194,395,799,486,708,0,ITF,ITF1,13,Abruzzo,Abruzzo,1304970,723419,55.44,0.09
1058,2021-05-19,ABR,10691,5108,5583,7531,3038,122,ITF,ITF1,13,Abruzzo,Abruzzo,1304970,734110,56.25,0.82
1059,2021-02-16,ABR,1917,842,1075,1892,12,13,ITF,ITF1,13,Abruzzo,Abruzzo,1304970,736027,56.4,0.15
1060,2021-03-02,ABR,3965,1675,2290,3261,684,20,ITF,ITF1,13,Abruzzo,Abruzzo,1304970,739992,56.71,0.3
1061,2021-06-10,ABR,12701,6317,6384,10302,2162,237,ITF,ITF1,13,Abruzzo,Abruzzo,1304970,752693,57.68,0.97
1062,2021-01-28,ABR,1433,495,938,12,1421,0,ITF,ITF1,13,Abruzzo,Abruzzo,1304970,754126,57.79,0.11
1063,2021-03-28,ABR,2415,1015,1400,1993,372,50,ITF,ITF1,13,Abruzzo,Abruzzo,1304970,756541,57.97,0.19
1064,2021-04-14,ABR,6593,2949,3644,4341,2120,132,ITF,ITF1,13,Abruzzo,Abruzzo,1304970,763134,58.48,0.51
1065,2021-01-04,ABR,1403,576,827,1397,0,6,ITF,ITF1,13,Abruzzo,Abruzzo,1304970,764537,58.59,0.11
1066,2021-01-23,ABR,264,115,149,51,207,6,ITF,ITF1,13,Abruzzo,Abruzzo,1304970,764801,58.61,0.02
1067,2021-05-03,ABR,11129,5250,5879,7118,3832,179,ITF,ITF1,13,Abruzzo,Abruzzo,1304970,775930,59.46,0.85
1068,2021-04-16,ABR,7536,3486,4050,5498,1916,122,ITF,ITF1,13,Abruzzo,Abruzzo,1304970,783466,60.04,0.58
1069,2021-05-07,ABR,12199,5711,6488,7666,4413,120,ITF,ITF1,13,Abruzzo,Abruzzo,1304970,795665,60.97,0.93
1070,2021-03-25,ABR,5793,2662,3131,3065,2617,111,ITF,ITF1,13,Abruzzo,Abruzzo,1304970,801458,61.42,0.44
1071,2021-01-27,ABR,1364,515,849,39,1325,0,ITF,ITF1,13,Abruzzo,Abruzzo,1304970,802822,61.52,0.1
1072,2021-07-03,ABR,10254,5164,5090,3537,6569,148,ITF,ITF1,13,Abruzzo,Abruzzo,1304970,813076,62.31,0.79
1073,2021-05-21,ABR,13016,6327,6689,7863,4979,174,ITF,ITF1,13,Abruzzo,Abruzzo,1304970,826092,63.3,1.0
1074,2021-05-22,ABR,13153,6390,6763,8132,4909,112,ITF,ITF1,13,Abruzzo,Abruzzo,1304970,839245,64.31,1.01
1075,2021-03-26,ABR,5354,2311,3043,3177,2075,102,ITF,ITF1,13,Abruzzo,Abruzzo,1304970,844599,64.72,0.41
1076,2021-05-31,ABR,11312,5105,6207,6760,4423,129,ITF,ITF1,13,Abruzzo,Abruzzo,1304970,855911,65.59,0.87
1077,2021-04-20,ABR,5596,2693,2903,4106,1418,72,ITF,ITF1,13,Abruzzo,Abruzzo,1304970,861507,66.02,0.43
1078,2021-04-25,ABR,9066,4621,4445,8056,810,200,ITF,ITF1,13,Abruzzo,Abruzzo,1304970,870573,66.71,0.69
1079,2021-01-08,ABR,1525,507,1018,1516,0,9,ITF,ITF1,13,Abruzzo,Abruzzo,1304970,872098,66.83,0.12
1080,2021-04-18,ABR,5814,2728,3086,4726,943,145,ITF,ITF1,13,Abruzzo,Abruzzo,1304970,877912,67.27,0.45
1081,2021-02-20,ABR,4773,1841,2932,4657,76,40,ITF,ITF1,13,Abruzzo,Abruzzo,1304970,882685,67.64,0.37
1082,2021-05-05,ABR,11640,5574,6066,6276,5206,158,ITF,ITF1,13,Abruzzo,Abruzzo,1304970,894325,68.53,0.89
1083,2021-03-09,ABR,5176,1804,3372,4156,938,82,ITF,ITF1,13,Abruzzo,Abruzzo,1304970,899501,68.93,0.4
1084,2021-07-01,ABR,12753,6278,6475,5770,6760,223,ITF,ITF1,13,Abruzzo,Abruzzo,1304970,912254,69.91,0.98
1085,2021-06-17,ABR,10905,5453,5452,7294,3453,158,ITF,ITF1,13,Abruzzo,Abruzzo,1304970,923159,70.74,0.84
1086,2021-02-01,ABR,1632,573,1059,270,1361,1,ITF,ITF1,13,Abruzzo,Abruzzo,1304970,924791,70.87,0.13
1087,2021-03-23,ABR,4831,2187,2644,2213,2566,52,ITF,ITF1,13,Abruzzo,Abruzzo,1304970,929622,71.24,0.37
1088,2021-01-25,ABR,1604,632,972,15,1587,2,ITF,ITF1,13,Abruzzo,Abruzzo,1304970,931226,71.36,0.12
1089,2021-04-30,ABR,12406,5816,6590,6421,5721,264,ITF,ITF1,13,Abruzzo,Abruzzo,1304970,943632,72.31,0.95
1090,2021-04-13,ABR,5855,2739,3116,4560,1200,95,ITF,ITF1,13,Abruzzo,Abruzzo,1304970,949487,72.76,0.45
1091,2021-01-20,ABR,447,156,291,425,2,20,ITF,ITF1,13,Abruzzo,Abruzzo,1304970,949934,72.79,0.03
1092,2021-07-05,ABR,8482,4111,4371,2865,5486,131,ITF,ITF1,13,Abruzzo,Abruzzo,1304970,958416,73.44,0.65
1093,2021-05-02,ABR,10459,5111,5348,5089,5228,142,ITF,ITF1,13,Abruzzo,Abruzzo,1304970,968875,74.25,0.8
1094,2021-03-11,ABR,5494,2220,3274,4273,1138,83,ITF,ITF1,13,Abruzzo,Abruzzo,1304970,974369,74.67,0.42
1095,2021-06-02,ABR,9764,4743,5021,6836,2811,117,ITF,ITF1,13,Abruzzo,Abruzzo,1304970,984133,75.41,0.75
1096,2021-03-13,ABR,4124,1420,2704,3015,1043,66,ITF,ITF1,13,Abruzzo,Abruzzo,1304970,988257,75.73,0.32
1097,2021-06-21,ABR,11030,5381,5649,4932,5972,126,ITF,ITF1,13,Abruzzo,Abruzzo,1304970,999287,76.58,0.85
1098,2021-01-11,ABR,1553,557,996,1549,0,4,ITF,ITF1,13,Abruzzo,Abruzzo,1304970,1000840,76.69,0.12
1099,2021-04-21,ABR,6388,3101,3287,4636,1675,77,ITF,ITF1,13,Abruzzo,Abruzzo,1304970,1007228,77.18,0.49
1100,2021-06-28,ABR,10030,4821,5209,5287,4575,168,ITF,ITF1,13,Abruzzo,Abruzzo,1304970,1017258,77.95,0.77
1101,2021-04-06,ABR,7678,3579,4099,5235,2318,125,ITF,ITF1,13,Abruzzo,Abruzzo,1304970,1024936,78.54,0.59
1102,2021-03-30,ABR,5126,2261,2865,3146,1822,158,ITF,ITF1,13,Abruzzo,Abruzzo,1304970,1030062,78.93,0.39
1103,2021-01-06,ABR,1832,664,1168,1822,0,10,ITF,ITF1,13,Abruzzo,Abruzzo,1304970,1031894,79.07,0.14
1104,2021-03-18,ABR,3896,1651,2245,2039,1831,26,ITF,ITF1,13,Abruzzo,Abruzzo,1304970,1035790,79.37,0.3
1105,2021-06-26,ABR,10032,5011,5021,5680,4194,158,ITF,ITF1,13,Abruzzo,Abruzzo,1304970,1045822,80.14,0.77
1106,2021-05-14,ABR,10594,5069,5525,5285,5148,161,ITF,ITF1,13,Abruzzo,Abruzzo,1304970,1056416,80.95,0.81
1107,2021-04-01,ABR,5591,2505,3086,3430,2087,74,ITF,ITF1,13,Abruzzo,Abruzzo,1304970,1062007,81.38,0.43
1108,2021-05-09,ABR,9156,4090,5066,4175,4870,111,ITF,ITF1,13,Abruzzo,Abruzzo,1304970,1071163,82.08,0.7
1109,2021-02-15,ABR,1795,832,963,1736,42,17,ITF,ITF1,13,Abruzzo,Abruzzo,1304970,1072958,82.22,0.14
1110,2021-05-26,ABR,13557,6047,7510,8401,4995,161,ITF,ITF1,13,Abruzzo,Abruzzo,1304970,1086515,83.26,1.04
1111,2021-06-14,ABR,10967,5425,5542,7429,3368,170,ITF,ITF1,13,Abruzzo,Abruzzo,1304970,1097482,84.1,0.84
1112,2021-03-10,ABR,5045,1682,3363,4025,956,64,ITF,ITF1,13,Abruzzo,Abruzzo,1304970,1102527,84.49,0.39
1113,2021-01-26,ABR,1543,568,975,30,1513,0,ITF,ITF1,13,Abruzzo,Abruzzo,1304970,1104070,84.61,0.12
1114,2021-05-06,ABR,12987,6077,6910,7808,5026,153,ITF,ITF1,13,Abruzzo,Abruzzo,1304970,1117057,85.6,1.0
1115,2021-04-09,ABR,8924,4226,4698,6246,2539,139,ITF,ITF1,13,Abruzzo,Abruzzo,1304970,1125981,86.28,0.68
1116,2021-04-02,ABR,6694,3102,3592,5118,1487,89,ITF,ITF1,13,Abruzzo,Abruzzo,1304970,1132675,86.8,0.51
1117,2021-02-04,ABR,1682,616,1066,598,1072,12,ITF,ITF1,13,Abruzzo,Abruzzo,1304970,1134357,86.93,0.13
1118,2021-04-04,ABR,1631,767,864,1459,129,43,ITF,ITF1,13,Abruzzo,Abruzzo,1304970,1135988,87.05,0.12
1119,2021-06-16,ABR,10872,5442,5430,7990,2668,214,ITF,ITF1,13,Abruzzo,Abruzzo,1304970,1146860,87.88,0.83
1120,2021-02-27,ABR,2813,1339,1474,2513,267,33,ITF,ITF1,13,Abruzzo,Abruzzo,1304970,1149673,88.1,0.22
1121,2021-06-07,ABR,11061,5278,5783,9062,1816,183,ITF,ITF1,13,Abruzzo,Abruzzo,1304970,1160734,88.95,0.85
1122,2021-04-11,ABR,5330,2606,2724,4797,483,50,ITF,ITF1,13,Abruzzo,Abruzzo,1304970,1166064,89.36,0.41
1123,2021-06-09,ABR,11557,6087,5470,9698,1678,181,ITF,ITF1,13,Abruzzo,Abruzzo,1304970,1177621,90.24,0.89
1124,2021-03-06,ABR,4177,1358,2819,3568,570,39,ITF,ITF1,13,Abruzzo,Abruzzo,1304970,1181798,90.56,0.32
1125,2021-06-24,SIC,42251,19613,22638,17580,24318,353,ITG,ITG1,19,Sicilia,Sicilia,4999891,42251,0.85,0.85
1126,2021-06-07,SIC,49535,23362,26173,41112,7907,516,ITG,ITG1,19,Sicilia,Sicilia,4999891,91786,1.84,0.99
1127,2021-01-25,SIC,7420,3674,3746,284,7129,7,ITG,ITG1,19,Sicilia,Sicilia,4999891,99206,1.98,0.15
1128,2021-05-05,SIC,26278,12181,14097,16231,9627,420,ITG,ITG1,19,Sicilia,Sicilia,4999891,125484,2.51,0.53
1129,2021-05-19,SIC,42671,20654,22017,27970,14352,349,ITG,ITG1,19,Sicilia,Sicilia,4999891,168155,3.36,0.85
1130,2021-01-30,SIC,7694,3535,4159,166,7526,2,ITG,ITG1,19,Sicilia,Sicilia,4999891,175849,3.52,0.15
1131,2021-03-28,SIC,10975,5142,5833,6904,4011,60,ITG,ITG1,19,Sicilia,Sicilia,4999891,186824,3.74,0.22
1132,2021-04-04,SIC,6805,3322,3483,5451,1292,62,ITG,ITG1,19,Sicilia,Sicilia,4999891,193629,3.87,0.14
1133,2021-03-02,SIC,14667,6306,8361,11781,2775,111,ITG,ITG1,19,Sicilia,Sicilia,4999891,208296,4.17,0.29
1134,2021-01-04,SIC,8388,4191,4197,8343,0,45,ITG,ITG1,19,Sicilia,Sicilia,4999891,216684,4.33,0.17
1135,2021-01-18,SIC,1571,641,930,1407,153,11,ITG,ITG1,19,Sicilia,Sicilia,4999891,218255,4.37,0.03
1136,2021-04-28,SIC,29208,13703,15505,19731,9096,381,ITG,ITG1,19,Sicilia,Sicilia,4999891,247463,4.95,0.58
1137,2021-02-25,SIC,9868,5155,4713,8619,1164,85,ITG,ITG1,19,Sicilia,Sicilia,4999891,257331,5.15,0.2
1138,2021-06-05,SIC,59927,28507,31420,48735,10577,615,ITG,ITG1,19,Sicilia,Sicilia,4999891,317258,6.35,1.2
1139,2021-03-14,SIC,8773,3927,4846,4886,3836,51,ITG,ITG1,19,Sicilia,Sicilia,4999891,326031,6.52,0.18
1140,2021-02-11,SIC,5235,2059,3176,4655,463,117,ITG,ITG1,19,Sicilia,Sicilia,4999891,331266,6.63,0.1
1141,2021-04-11,SIC,15378,7593,7785,8245,7030,103,ITG,ITG1,19,Sicilia,Sicilia,4999891,346644,6.93,0.31
1142,2020-12-30,SIC,184,109,75,183,0,1,ITG,ITG1,19,Sicilia,Sicilia,4999891,346828,6.94,0.0
1143,2021-01-16,SIC,2579,1152,1427,2558,0,21,ITG,ITG1,19,Sicilia,Sicilia,4999891,349407,6.99,0.05
1144,2021-07-01,SIC,30955,14039,16916,10749,19950,256,ITG,ITG1,19,Sicilia,Sicilia,4999891,380362,7.61,0.62
1145,2021-04-09,SIC,20282,9876,10406,10961,9076,245,ITG,ITG1,19,Sicilia,Sicilia,4999891,400644,8.01,0.41
1146,2021-03-23,SIC,20831,10005,10826,15167,5513,151,ITG,ITG1,19,Sicilia,Sicilia,4999891,421475,8.43,0.42
1147,2020-12-28,SIC,214,128,86,213,0,1,ITG,ITG1,19,Sicilia,Sicilia,4999891,421689,8.43,0.0
1148,2021-05-31,SIC,37913,17053,20860,21279,16337,297,ITG,ITG1,19,Sicilia,Sicilia,4999891,459602,9.19,0.76
1149,2021-06-19,SIC,44212,21019,23193,18752,25144,316,ITG,ITG1,19,Sicilia,Sicilia,4999891,503814,10.08,0.88
1150,2021-04-23,SIC,28552,13694,14858,22367,5822,363,ITG,ITG1,19,Sicilia,Sicilia,4999891,532366,10.65,0.57
1151,2021-06-26,SIC,37217,17755,19462,16358,20561,298,ITG,ITG1,19,Sicilia,Sicilia,4999891,569583,11.39,0.74
1152,2021-04-30,SIC,34985,16332,18653,23524,11016,445,ITG,ITG1,19,Sicilia,Sicilia,4999891,604568,12.09,0.7
1153,2021-02-13,SIC,2977,1123,1854,2686,255,36,ITG,ITG1,19,Sicilia,Sicilia,4999891,607545,12.15,0.06
1154,2021-05-24,SIC,35704,17314,18390,15480,19992,232,ITG,ITG1,19,Sicilia,Sicilia,4999891,643249,12.87,0.71
1155,2021-05-17,SIC,31907,15382,16525,18948,12677,282,ITG,ITG1,19,Sicilia,Sicilia,4999891,675156,13.5,0.64
1156,2021-03-21,SIC,15217,7340,7877,11181,3969,67,ITG,ITG1,19,Sicilia,Sicilia,4999891,690373,13.81,0.3
1157,2021-02-06,SIC,4700,2100,2600,1444,3235,21,ITG,ITG1,19,Sicilia,Sicilia,4999891,695073,13.9,0.09
1158,2021-06-04,SIC,57623,26642,30981,45325,11800,498,ITG,ITG1,19,Sicilia,Sicilia,4999891,752696,15.05,1.15
1159,2021-04-06,SIC,17748,8479,9269,13268,4283,197,ITG,ITG1,19,Sicilia,Sicilia,4999891,770444,15.41,0.35
1160,2021-02-22,SIC,7892,4095,3797,7321,493,78,ITG,ITG1,19,Sicilia,Sicilia,4999891,778336,15.57,0.16
1161,2021-03-16,SIC,9559,4278,5281,3556,5936,67,ITG,ITG1,19,Sicilia,Sicilia,4999891,787895,15.76,0.19
1162,2021-02-27,SIC,12235,5501,6734,10937,1204,94,ITG,ITG1,19,Sicilia,Sicilia,4999891,800130,16.0,0.24
1163,2021-02-08,SIC,3890,1682,2208,2080,1761,49,ITG,ITG1,19,Sicilia,Sicilia,4999891,804020,16.08,0.08
1164,2021-02-23,SIC,8685,4590,4095,8140,466,79,ITG,ITG1,19,Sicilia,Sicilia,4999891,812705,16.25,0.17
1165,2021-03-09,SIC,13081,5702,7379,10757,2200,124,ITG,ITG1,19,Sicilia,Sicilia,4999891,825786,16.52,0.26
1166,2021-01-11,SIC,5825,2571,3254,5767,0,58,ITG,ITG1,19,Sicilia,Sicilia,4999891,831611,16.63,0.12
1167,2021-06-16,SIC,40231,18704,21527,21210,18669,352,ITG,ITG1,19,Sicilia,Sicilia,4999891,871842,17.44,0.8
1168,2021-03-25,SIC,20356,9461,10895,14724,5465,167,ITG,ITG1,19,Sicilia,Sicilia,4999891,892198,17.84,0.41
1169,2021-07-03,SIC,33966,16250,17716,9031,24697,238,ITG,ITG1,19,Sicilia,Sicilia,4999891,926164,18.52,0.68
1170,2021-04-16,SIC,28505,14325,14180,19934,8267,304,ITG,ITG1,19,Sicilia,Sicilia,4999891,954669,19.09,0.57
1171,2021-01-23,SIC,4432,2280,2152,195,4227,10,ITG,ITG1,19,Sicilia,Sicilia,4999891,959101,19.18,0.09
1172,2021-01-06,SIC,6242,3286,2956,6182,0,60,ITG,ITG1,19,Sicilia,Sicilia,4999891,965343,19.31,0.12
1173,2021-04-02,SIC,13887,6545,7342,9050,4733,104,ITG,ITG1,19,Sicilia,Sicilia,4999891,979230,19.59,0.28
1174,2021-02-10,SIC,4354,1775,2579,3890,380,84,ITG,ITG1,19,Sicilia,Sicilia,4999891,983584,19.67,0.09
1175,2021-05-21,SIC,48558,23018,25540,26550,21585,423,ITG,ITG1,19,Sicilia,Sicilia,4999891,1032142,20.64,0.97
1176,2021-02-04,SIC,6747,3074,3673,1423,5295,29,ITG,ITG1,19,Sicilia,Sicilia,4999891,1038889,20.78,0.13
1177,2021-01-01,SIC,818,437,381,814,0,4,ITG,ITG1,19,Sicilia,Sicilia,4999891,1039707,20.79,0.02
1178,2021-04-20,SIC,18969,8977,9992,13433,5245,291,ITG,ITG1,19,Sicilia,Sicilia,4999891,1058676,21.17,0.38
1179,2021-02-18,SIC,5277,3100,2177,4783,430,64,ITG,ITG1,19,Sicilia,Sicilia,4999891,1063953,21.28,0.11
1180,2021-05-12,SIC,36769,17316,19453,21331,14909,529,ITG,ITG1,19,Sicilia,Sicilia,4999891,1100722,22.01,0.74
1181,2021-04-08,SIC,16702,8250,8452,8084,8467,151,ITG,ITG1,19,Sicilia,Sicilia,4999891,1117424,22.35,0.33
1182,2021-03-04,SIC,15072,6569,8503,10832,4117,123,ITG,ITG1,19,Sicilia,Sicilia,4999891,1132496,22.65,0.3
1183,2021-06-12,SIC,45732,22382,23350,39323,5885,524,ITG,ITG1,19,Sicilia,Sicilia,4999891,1178228,23.57,0.91
1184,2021-05-07,SIC,36551,17258,19293,24620,11613,318,ITG,ITG1,19,Sicilia,Sicilia,4999891,1214779,24.3,0.73
1185,2021-03-11,SIC,15338,6620,8718,12831,2370,137,ITG,ITG1,19,Sicilia,Sicilia,4999891,1230117,24.6,0.31
1186,2021-01-27,SIC,7285,3710,3575,176,7108,1,ITG,ITG1,19,Sicilia,Sicilia,4999891,1237402,24.75,0.15
1187,2021-01-13,SIC,5175,2437,2738,5141,0,34,ITG,ITG1,19,Sicilia,Sicilia,4999891,1242577,24.85,0.1
1188,2020-12-27,SIC,92,55,37,91,0,1,ITG,ITG1,19,Sicilia,Sicilia,4999891,1242669,24.85,0.0
1189,2021-06-02,SIC,35248,16288,18960,27093,7772,383,ITG,ITG1,19,Sicilia,Sicilia,4999891,1277917,25.56,0.7
1190,2021-03-01,SIC,12693,6014,6679,10914,1655,124,ITG,ITG1,19,Sicilia,Sicilia,4999891,1290610,25.81,0.25
1191,2021-06-09,SIC,49686,23647,26039,41942,7128,616,ITG,ITG1,19,Sicilia,Sicilia,4999891,1340296,26.81,0.99
1192,2021-05-16,SIC,33140,16137,17003,21537,11326,277,ITG,ITG1,19,Sicilia,Sicilia,4999891,1373436,27.47,0.66
1193,2021-05-02,SIC,24603,11428,13175,17707,6601,295,ITG,ITG1,19,Sicilia,Sicilia,4999891,1398039,27.96,0.49
1194,2021-03-20,SIC,18574,8967,9607,13353,5138,83,ITG,ITG1,19,Sicilia,Sicilia,4999891,1416613,28.33,0.37
1195,2021-06-28,SIC,31790,14765,17025,14851,16648,291,ITG,ITG1,19,Sicilia,Sicilia,4999891,1448403,28.97,0.64
1196,2021-07-05,SIC,28197,13152,15045,5985,22051,161,ITG,ITG1,19,Sicilia,Sicilia,4999891,1476600,29.53,0.56
1197,2021-06-21,SIC,40188,18608,21580,18425,21441,322,ITG,ITG1,19,Sicilia,Sicilia,4999891,1516788,30.34,0.8
1198,2021-05-09,SIC,28076,13136,14940,19466,8269,341,ITG,ITG1,19,Sicilia,Sicilia,4999891,1544864,30.9,0.56
1199,2021-03-06,SIC,12638,5058,7580,9761,2782,95,ITG,ITG1,19,Sicilia,Sicilia,4999891,1557502,31.15,0.25
1200,2021-06-14,SIC,43348,20598,22750,28165,14767,416,ITG,ITG1,19,Sicilia,Sicilia,4999891,1600850,32.02,0.87
1201,2021-05-28,SIC,51223,22955,28268,24326,26488,409,ITG,ITG1,19,Sicilia,Sicilia,4999891,1652073,33.04,1.02
1202,2021-04-01,SIC,14229,6609,7620,9437,4664,128,ITG,ITG1,19,Sicilia,Sicilia,4999891,1666302,33.33,0.28
1203,2021-06-23,SIC,44436,20671,23765,17886,26220,330,ITG,ITG1,19,Sicilia,Sicilia,4999891,1710738,34.22,0.89
1204,2021-01-24,SIC,4316,2256,2060,132,4182,2,ITG,ITG1,19,Sicilia,Sicilia,4999891,1715054,34.3,0.09
1205,2021-05-04,SIC,26815,12468,14347,17138,9291,386,ITG,ITG1,19,Sicilia,Sicilia,4999891,1741869,34.84,0.54
1206,2021-02-20,SIC,7138,3692,3446,6800,241,97,ITG,ITG1,19,Sicilia,Sicilia,4999891,1749007,34.98,0.14
1207,2021-02-03,SIC,5921,2779,3142,713,5200,8,ITG,ITG1,19,Sicilia,Sicilia,4999891,1754928,35.1,0.12
1208,2021-04-27,SIC,26322,12652,13670,15169,10833,320,ITG,ITG1,19,Sicilia,Sicilia,4999891,1781250,35.63,0.53
1209,2021-05-14,SIC,52047,24399,27648,35619,15677,751,ITG,ITG1,19,Sicilia,Sicilia,4999891,1833297,36.67,1.04
1210,2021-01-15,SIC,5202,2283,2919,5135,0,67,ITG,ITG1,19,Sicilia,Sicilia,4999891,1838499,36.77,0.1
1211,2021-04-25,SIC,21352,10185,11167,16150,4977,225,ITG,ITG1,19,Sicilia,Sicilia,4999891,1859851,37.2,0.43
1212,2021-02-01,SIC,5905,2625,3280,282,5611,12,ITG,ITG1,19,Sicilia,Sicilia,4999891,1865756,37.32,0.12
1213,2021-03-22,SIC,16587,7838,8749,11135,5363,89,ITG,ITG1,19,Sicilia,Sicilia,4999891,1882343,37.65,0.33
1214,2021-01-22,SIC,1279,636,643,260,1017,2,ITG,ITG1,19,Sicilia,Sicilia,4999891,1883622,37.67,0.03
1215,2021-01-08,SIC,8114,3782,4332,8025,0,89,ITG,ITG1,19,Sicilia,Sicilia,4999891,1891736,37.84,0.16
1216,2021-04-18,SIC,19709,9851,9858,15170,4362,177,ITG,ITG1,19,Sicilia,Sicilia,4999891,1911445,38.23,0.39
1217,2021-03-30,SIC,14554,6759,7795,9697,4764,93,ITG,ITG1,19,Sicilia,Sicilia,4999891,1925999,38.52,0.29
1218,2021-03-13,SIC,12209,5387,6822,7626,4492,91,ITG,ITG1,19,Sicilia,Sicilia,4999891,1938208,38.77,0.24
1219,2021-01-20,SIC,957,508,449,688,266,3,ITG,ITG1,19,Sicilia,Sicilia,4999891,1939165,38.78,0.02
1220,2021-03-18,SIC,15287,7666,7621,9738,5499,50,ITG,ITG1,19,Sicilia,Sicilia,4999891,1954452,39.09,0.31
1221,2021-02-07,SIC,2322,982,1340,665,1648,9,ITG,ITG1,19,Sicilia,Sicilia,4999891,1956774,39.14,0.05
1222,2021-05-18,SIC,36071,17358,18713,23184,12493,394,ITG,ITG1,19,Sicilia,Sicilia,4999891,1992845,39.86,0.72
1223,2021-05-25,SIC,33354,15290,18064,13843,19258,253,ITG,ITG1,19,Sicilia,Sicilia,4999891,2026199,40.52,0.67
1224,2021-03-29,SIC,15002,7059,7943,10371,4497,134,ITG,ITG1,19,Sicilia,Sicilia,4999891,2041201,40.82,0.3
1225,2021-06-01,SIC,38766,17630,21136,24620,13799,347,ITG,ITG1,19,Sicilia,Sicilia,4999891,2079967,41.6,0.78
1226,2021-04-05,SIC,8014,3954,4060,6510,1441,63,ITG,ITG1,19,Sicilia,Sicilia,4999891,2087981,41.76,0.16
1227,2021-01-19,SIC,1498,662,836,1262,222,14,ITG,ITG1,19,Sicilia,Sicilia,4999891,2089479,41.79,0.03
1228,2021-06-11,SIC,49790,23765,26025,41545,7590,655,ITG,ITG1,19,Sicilia,Sicilia,4999891,2139269,42.79,1.0
1229,2021-04-29,SIC,31692,14819,16873,21795,9462,435,ITG,ITG1,19,Sicilia,Sicilia,4999891,2170961,43.42,0.63
1230,2021-03-03,SIC,14422,6431,7991,11234,3066,122,ITG,ITG1,19,Sicilia,Sicilia,4999891,2185383,43.71,0.29
1231,2021-03-15,SIC,10616,4687,5929,5646,4894,76,ITG,ITG1,19,Sicilia,Sicilia,4999891,2195999,43.92,0.21
1232,2021-06-22,SIC,39916,18351,21565,18289,21256,371,ITG,ITG1,19,Sicilia,Sicilia,4999891,2235915,44.72,0.8
1233,2021-05-22,SIC,47959,22780,25179,28251,19309,399,ITG,ITG1,19,Sicilia,Sicilia,4999891,2283874,45.68,0.96
1234,2021-02-28,SIC,7163,3062,4101,6482,630,51,ITG,ITG1,19,Sicilia,Sicilia,4999891,2291037,45.82,0.14
1235,2021-06-08,SIC,47500,22325,25175,40471,6514,515,ITG,ITG1,19,Sicilia,Sicilia,4999891,2338537,46.77,0.95
1236,2021-01-09,SIC,7184,3387,3797,7125,0,59,ITG,ITG1,19,Sicilia,Sicilia,4999891,2345721,46.92,0.14
1237,2021-05-03,SIC,23305,10793,12512,13272,9787,246,ITG,ITG1,19,Sicilia,Sicilia,4999891,2369026,47.38,0.47
1238,2021-04-19,SIC,18233,8635,9598,12433,5579,221,ITG,ITG1,19,Sicilia,Sicilia,4999891,2387259,47.75,0.36
1239,2021-02-05,SIC,6740,2980,3760,2089,4613,38,ITG,ITG1,19,Sicilia,Sicilia,4999891,2393999,47.88,0.13
1240,2021-04-03,SIC,16412,7815,8597,13424,2834,154,ITG,ITG1,19,Sicilia,Sicilia,4999891,2410411,48.21,0.33
1241,2021-02-19,SIC,4906,2647,2259,4262,563,81,ITG,ITG1,19,Sicilia,Sicilia,4999891,2415317,48.31,0.1
1242,2021-03-08,SIC,13393,5866,7527,10665,2614,114,ITG,ITG1,19,Sicilia,Sicilia,4999891,2428710,48.58,0.27
1243,2021-05-30,SIC,35772,16170,19602,17427,18048,297,ITG,ITG1,19,Sicilia,Sicilia,4999891,2464482,49.29,0.72
1244,2021-05-13,SIC,47267,22161,25106,30115,16536,616,ITG,ITG1,19,Sicilia,Sicilia,4999891,2511749,50.24,0.95
1245,2021-01-31,SIC,4032,1927,2105,110,3920,2,ITG,ITG1,19,Sicilia,Sicilia,4999891,2515781,50.32,0.08
1246,2021-05-11,SIC,32299,15356,16943,19352,12475,472,ITG,ITG1,19,Sicilia,Sicilia,4999891,2548080,50.96,0.65
1247,2021-02-17,SIC,5215,3203,2012,4501,668,46,ITG,ITG1,19,Sicilia,Sicilia,4999891,2553295,51.07,0.1
1248,2021-04-24,SIC,31137,14697,16440,23120,7632,385,ITG,ITG1,19,Sicilia,Sicilia,4999891,2584432,51.69,0.62
1249,2021-04-26,SIC,21684,10262,11422,13302,8080,302,ITG,ITG1,19,Sicilia,Sicilia,4999891,2606116,52.12,0.43
1250,2021-02-02,SIC,5272,2472,2800,617,4645,10,ITG,ITG1,19,Sicilia,Sicilia,4999891,2611388,52.23,0.11
1251,2021-04-17,SIC,26021,13150,12871,18692,7066,263,ITG,ITG1,19,Sicilia,Sicilia,4999891,2637409,52.75,0.52
1252,2021-03-17,SIC,14984,7398,7586,9075,5787,122,ITG,ITG1,19,Sicilia,Sicilia,4999891,2652393,53.05,0.3
1253,2021-06-25,SIC,39805,18681,21124,17428,22044,333,ITG,ITG1,19,Sicilia,Sicilia,4999891,2692198,53.85,0.8
1254,2021-06-06,SIC,49523,23915,25608,41150,7823,550,ITG,ITG1,19,Sicilia,Sicilia,4999891,2741721,54.84,0.99
1255,2021-02-26,SIC,11884,5811,6073,10091,1681,112,ITG,ITG1,19,Sicilia,Sicilia,4999891,2753605,55.07,0.24
1256,2021-05-06,SIC,29329,13947,15382,18033,10828,468,ITG,ITG1,19,Sicilia,Sicilia,4999891,2782934,55.66,0.59
1257,2021-06-30,SIC,32415,14960,17455,11399,20699,317,ITG,ITG1,19,Sicilia,Sicilia,4999891,2815349,56.31,0.65
1258,2020-12-29,SIC,243,152,91,243,0,0,ITG,ITG1,19,Sicilia,Sicilia,4999891,2815592,56.31,0.0
1259,2021-06-13,SIC,34528,17156,17372,30595,3502,431,ITG,ITG1,19,Sicilia,Sicilia,4999891,2850120,57.0,0.69
1260,2021-04-10,SIC,20421,9968,10453,11302,8963,156,ITG,ITG1,19,Sicilia,Sicilia,4999891,2870541,57.41,0.41
1261,2021-01-17,SIC,1305,592,713,1236,60,9,ITG,ITG1,19,Sicilia,Sicilia,4999891,2871846,57.44,0.03
1262,2021-04-12,SIC,18841,9140,9701,11349,7251,241,ITG,ITG1,19,Sicilia,Sicilia,4999891,2890687,57.82,0.38
1263,2021-02-14,SIC,1055,402,653,907,140,8,ITG,ITG1,19,Sicilia,Sicilia,4999891,2891742,57.84,0.02
1264,2021-01-02,SIC,4846,2524,2322,4816,0,30,ITG,ITG1,19,Sicilia,Sicilia,4999891,2896588,57.93,0.1
1265,2021-02-24,SIC,9306,4760,4546,8644,560,102,ITG,ITG1,19,Sicilia,Sicilia,4999891,2905894,58.12,0.19
1266,2021-01-21,SIC,1434,706,728,490,933,11,ITG,ITG1,19,Sicilia,Sicilia,4999891,2907328,58.15,0.03
1267,2021-05-01,SIC,24439,11311,13128,19001,5164,274,ITG,ITG1,19,Sicilia,Sicilia,4999891,2931767,58.64,0.49
1268,2021-05-10,SIC,28329,13604,14725,15908,12151,270,ITG,ITG1,19,Sicilia,Sicilia,4999891,2960096,59.2,0.57
1269,2021-03-26,SIC,17857,8292,9565,12295,5430,132,ITG,ITG1,19,Sicilia,Sicilia,4999891,2977953,59.56,0.36
1270,2021-01-28,SIC,9029,4272,4757,392,8636,1,ITG,ITG1,19,Sicilia,Sicilia,4999891,2986982,59.74,0.18
1271,2021-07-04,SIC,26854,12957,13897,7692,18991,171,ITG,ITG1,19,Sicilia,Sicilia,4999891,3013836,60.28,0.54
1272,2021-05-08,SIC,35623,17026,18597,24978,10297,348,ITG,ITG1,19,Sicilia,Sicilia,4999891,3049459,60.99,0.71
1273,2021-01-26,SIC,9529,4715,4814,248,9280,1,ITG,ITG1,19,Sicilia,Sicilia,4999891,3058988,61.18,0.19
1274,2021-03-27,SIC,15607,7357,8250,10637,4852,118,ITG,ITG1,19,Sicilia,Sicilia,4999891,3074595,61.49,0.31
1275,2021-01-29,SIC,9176,4253,4923,413,8751,12,ITG,ITG1,19,Sicilia,Sicilia,4999891,3083771,61.68,0.18
1276,2021-02-12,SIC,4586,1811,2775,4242,266,78,ITG,ITG1,19,Sicilia,Sicilia,4999891,3088357,61.77,0.09
1277,2021-05-23,SIC,34096,16599,17497,19851,14016,229,ITG,ITG1,19,Sicilia,Sicilia,4999891,3122453,62.45,0.68
1278,2021-06-10,SIC,52791,24790,28001,45058,7087,646,ITG,ITG1,19,Sicilia,Sicilia,4999891,3175244,63.51,1.06
1279,2021-05-27,SIC,47425,21781,25644,24431,22580,414,ITG,ITG1,19,Sicilia,Sicilia,4999891,3222669,64.45,0.95
1280,2021-04-14,SIC,20090,9714,10376,11211,8695,184,ITG,ITG1,19,Sicilia,Sicilia,4999891,3242759,64.86,0.4
1281,2021-04-21,SIC,22369,10740,11629,15995,6108,266,ITG,ITG1,19,Sicilia,Sicilia,4999891,3265128,65.3,0.45
1282,2021-04-07,SIC,15488,7620,7868,8190,7124,174,ITG,ITG1,19,Sicilia,Sicilia,4999891,3280616,65.61,0.31
1283,2021-06-03,SIC,45769,20987,24782,33752,11509,508,ITG,ITG1,19,Sicilia,Sicilia,4999891,3326385,66.53,0.92
1284,2021-01-14,SIC,5251,2483,2768,5189,0,62,ITG,ITG1,19,Sicilia,Sicilia,4999891,3331636,66.63,0.11
1285,2021-07-02,SIC,30456,14138,16318,9897,20284,275,ITG,ITG1,19,Sicilia,Sicilia,4999891,3362092,67.24,0.61
1286,2021-03-05,SIC,15666,6770,8896,11293,4235,138,ITG,ITG1,19,Sicilia,Sicilia,4999891,3377758,67.56,0.31
1287,2021-02-16,SIC,4201,2208,1993,3665,465,71,ITG,ITG1,19,Sicilia,Sicilia,4999891,3381959,67.64,0.08
1288,2021-03-31,SIC,14449,6692,7757,9377,4932,140,ITG,ITG1,19,Sicilia,Sicilia,4999891,3396408,67.93,0.29
1289,2021-01-07,SIC,8923,4127,4796,8843,0,80,ITG,ITG1,19,Sicilia,Sicilia,4999891,3405331,68.11,0.18
1290,2021-06-17,SIC,41733,19432,22301,20313,21066,354,ITG,ITG1,19,Sicilia,Sicilia,4999891,3447064,68.94,0.83
1291,2020-12-31,SIC,887,473,414,879,0,8,ITG,ITG1,19,Sicilia,Sicilia,4999891,3447951,68.96,0.02
1292,2021-03-07,SIC,9260,3454,5806,8118,1083,59,ITG,ITG1,19,Sicilia,Sicilia,4999891,3457211,69.15,0.19
1293,2021-06-15,SIC,45968,21693,24275,28217,17326,425,ITG,ITG1,19,Sicilia,Sicilia,4999891,3503179,70.07,0.92
1294,2021-03-24,SIC,20877,9803,11074,15028,5661,188,ITG,ITG1,19,Sicilia,Sicilia,4999891,3524056,70.48,0.42
1295,2021-05-29,SIC,47169,21462,25707,23532,23190,447,ITG,ITG1,19,Sicilia,Sicilia,4999891,3571225,71.43,0.94
1296,2021-02-21,SIC,5168,2501,2667,5047,106,15,ITG,ITG1,19,Sicilia,Sicilia,4999891,3576393,71.53,0.1
1297,2021-02-09,SIC,4350,1798,2552,3248,1037,65,ITG,ITG1,19,Sicilia,Sicilia,4999891,3580743,71.62,0.09
1298,2021-05-20,SIC,43745,20972,22773,27546,15904,295,ITG,ITG1,19,Sicilia,Sicilia,4999891,3624488,72.49,0.87
1299,2021-02-15,SIC,3730,1733,1997,3092,564,74,ITG,ITG1,19,Sicilia,Sicilia,4999891,3628218,72.57,0.07
1300,2021-05-26,SIC,44502,20858,23644,23732,20424,346,ITG,ITG1,19,Sicilia,Sicilia,4999891,3672720,73.46,0.89
1301,2021-01-03,SIC,4782,2496,2286,4752,0,30,ITG,ITG1,19,Sicilia,Sicilia,4999891,3677502,73.55,0.1
1302,2021-04-13,SIC,19679,9589,10090,10769,8751,159,ITG,ITG1,19,Sicilia,Sicilia,4999891,3697181,73.95,0.39
1303,2021-01-10,SIC,3534,1578,1956,3513,0,21,ITG,ITG1,19,Sicilia,Sicilia,4999891,3700715,74.02,0.07
1304,2021-01-05,SIC,10334,5078,5256,10259,0,75,ITG,ITG1,19,Sicilia,Sicilia,4999891,3711049,74.22,0.21
1305,2021-04-15,SIC,21035,10246,10789,11541,9293,201,ITG,ITG1,19,Sicilia,Sicilia,4999891,3732084,74.64,0.42
1306,2021-06-20,SIC,33351,15782,17569,15114,17978,259,ITG,ITG1,19,Sicilia,Sicilia,4999891,3765435,75.31,0.67
1307,2021-04-22,SIC,26733,12628,14105,19878,6458,397,ITG,ITG1,19,Sicilia,Sicilia,4999891,3792168,75.85,0.53
1308,2021-03-10,SIC,13861,6059,7802,11548,2183,130,ITG,ITG1,19,Sicilia,Sicilia,4999891,3806029,76.12,0.28
1309,2021-01-12,SIC,4326,2120,2206,4283,0,43,ITG,ITG1,19,Sicilia,Sicilia,4999891,3810355,76.21,0.09
1310,2021-06-18,SIC,43472,20097,23375,18833,24273,366,ITG,ITG1,19,Sicilia,Sicilia,4999891,3853827,77.08,0.87
1311,2021-06-27,SIC,25285,12194,13091,12104,12955,226,ITG,ITG1,19,Sicilia,Sicilia,4999891,3879112,77.58,0.51
1312,2021-05-15,SIC,56472,26384,30088,40342,15236,894,ITG,ITG1,19,Sicilia,Sicilia,4999891,3935584,78.71,1.13
1313,2021-03-19,SIC,16216,7986,8230,10646,5482,88,ITG,ITG1,19,Sicilia,Sicilia,4999891,3951800,79.04,0.32
1314,2021-03-12,SIC,12775,5493,7282,10634,1995,146,ITG,ITG1,19,Sicilia,Sicilia,4999891,3964575,79.29,0.26
1315,2021-06-29,SIC,31158,14604,16554,15665,15097,396,ITG,ITG1,19,Sicilia,Sicilia,4999891,3995733,79.92,0.62
1316,2021-01-15,BAS,814,351,463,814,0,0,ITF,ITF5,17,Basilicata,Basilicata,559084,814,0.15,0.15
1317,2020-12-27,BAS,106,41,65,106,0,0,ITF,ITF5,17,Basilicata,Basilicata,559084,920,0.16,0.02
1318,2021-03-20,BAS,1294,573,721,274,1013,7,ITF,ITF5,17,Basilicata,Basilicata,559084,2214,0.4,0.23
1319,2021-06-28,BAS,3640,1745,1895,2113,1509,18,ITF,ITF5,17,Basilicata,Basilicata,559084,5854,1.05,0.65
1320,2021-03-06,BAS,1360,538,822,749,599,12,ITF,ITF5,17,Basilicata,Basilicata,559084,7214,1.29,0.24
1321,2021-01-10,BAS,77,24,53,77,0,0,ITF,ITF5,17,Basilicata,Basilicata,559084,7291,1.3,0.01
1322,2021-04-20,BAS,4035,1921,2114,2178,1833,24,ITF,ITF5,17,Basilicata,Basilicata,559084,11326,2.03,0.72
1323,2021-01-08,BAS,554,219,335,554,0,0,ITF,ITF5,17,Basilicata,Basilicata,559084,11880,2.12,0.1
1324,2021-03-15,BAS,2360,986,1374,508,1836,16,ITF,ITF5,17,Basilicata,Basilicata,559084,14240,2.55,0.42
1325,2021-01-17,BAS,328,133,195,327,1,0,ITF,ITF5,17,Basilicata,Basilicata,559084,14568,2.61,0.06
1326,2021-05-30,BAS,2776,1420,1356,919,1852,5,ITF,ITF5,17,Basilicata,Basilicata,559084,17344,3.1,0.5
1327,2021-04-03,BAS,1808,749,1059,1460,336,12,ITF,ITF5,17,Basilicata,Basilicata,559084,19152,3.43,0.32
1328,2021-02-05,BAS,987,444,543,63,923,1,ITF,ITF5,17,Basilicata,Basilicata,559084,20139,3.6,0.18
1329,2021-05-16,BAS,4972,2468,2504,2811,2113,48,ITF,ITF5,17,Basilicata,Basilicata,559084,25111,4.49,0.89
1330,2021-04-08,BAS,766,351,415,741,10,15,ITF,ITF5,17,Basilicata,Basilicata,559084,25877,4.63,0.14
1331,2021-04-22,BAS,5036,2346,2690,3379,1603,54,ITF,ITF5,17,Basilicata,Basilicata,559084,30913,5.53,0.9
1332,2021-06-30,BAS,3453,1669,1784,2316,1111,26,ITF,ITF5,17,Basilicata,Basilicata,559084,34366,6.15,0.62
1333,2021-02-17,BAS,1135,493,642,1057,76,2,ITF,ITF5,17,Basilicata,Basilicata,559084,35501,6.35,0.2
1334,2021-05-28,BAS,3614,1809,1805,918,2663,33,ITF,ITF5,17,Basilicata,Basilicata,559084,39115,7.0,0.65
1335,2021-01-22,BAS,67,24,43,67,0,0,ITF,ITF5,17,Basilicata,Basilicata,559084,39182,7.01,0.01
1336,2021-05-02,BAS,4180,2001,2179,3491,629,60,ITF,ITF5,17,Basilicata,Basilicata,559084,43362,7.76,0.75
1337,2021-04-15,BAS,3386,1659,1727,2589,754,43,ITF,ITF5,17,Basilicata,Basilicata,559084,46748,8.36,0.61
1338,2021-06-04,BAS,4832,2289,2543,3750,1046,36,ITF,ITF5,17,Basilicata,Basilicata,559084,51580,9.23,0.86
1339,2021-02-24,BAS,1803,743,1060,1723,69,11,ITF,ITF5,17,Basilicata,Basilicata,559084,53383,9.55,0.32
1340,2021-02-22,BAS,1790,773,1017,1729,53,8,ITF,ITF5,17,Basilicata,Basilicata,559084,55173,9.87,0.32
1341,2021-06-23,BAS,3319,1563,1756,2412,875,32,ITF,ITF5,17,Basilicata,Basilicata,559084,58492,10.46,0.59
1342,2021-03-25,BAS,1885,604,1281,1521,344,20,ITF,ITF5,17,Basilicata,Basilicata,559084,60377,10.8,0.34
1343,2021-01-27,BAS,412,175,237,113,299,0,ITF,ITF5,17,Basilicata,Basilicata,559084,60789,10.87,0.07
1344,2021-02-10,BAS,549,238,311,495,52,2,ITF,ITF5,17,Basilicata,Basilicata,559084,61338,10.97,0.1
1345,2021-05-21,BAS,4574,2320,2254,1479,3083,12,ITF,ITF5,17,Basilicata,Basilicata,559084,65912,11.79,0.82
1346,2021-04-01,BAS,2697,1107,1590,1948,721,28,ITF,ITF5,17,Basilicata,Basilicata,559084,68609,12.27,0.48
1347,2021-02-03,BAS,669,301,368,32,637,0,ITF,ITF5,17,Basilicata,Basilicata,559084,69278,12.39,0.12
1348,2021-05-04,BAS,4137,1991,2146,3566,523,48,ITF,ITF5,17,Basilicata,Basilicata,559084,73415,13.13,0.74
1349,2021-03-08,BAS,1461,714,747,818,614,29,ITF,ITF5,17,Basilicata,Basilicata,559084,74876,13.39,0.26
1350,2021-06-16,BAS,4595,2082,2513,2121,2454,20,ITF,ITF5,17,Basilicata,Basilicata,559084,79471,14.21,0.82
1351,2021-06-09,BAS,4429,2073,2356,3973,424,32,ITF,ITF5,17,Basilicata,Basilicata,559084,83900,15.01,0.79
1352,2021-04-27,BAS,4727,2242,2485,4351,325,51,ITF,ITF5,17,Basilicata,Basilicata,559084,88627,15.85,0.85
1353,2021-06-27,BAS,3007,1477,1530,2377,616,14,ITF,ITF5,17,Basilicata,Basilicata,559084,91634,16.39,0.54
1354,2021-05-09,BAS,4683,2339,2344,2940,1694,49,ITF,ITF5,17,Basilicata,Basilicata,559084,96317,17.23,0.84
1355,2021-02-15,BAS,622,232,390,566,42,14,ITF,ITF5,17,Basilicata,Basilicata,559084,96939,17.34,0.11
1356,2021-01-29,BAS,617,231,386,63,554,0,ITF,ITF5,17,Basilicata,Basilicata,559084,97556,17.45,0.11
1357,2021-03-05,BAS,1856,857,999,1096,747,13,ITF,ITF5,17,Basilicata,Basilicata,559084,99412,17.78,0.33
1358,2021-06-13,BAS,3157,1467,1690,2679,450,28,ITF,ITF5,17,Basilicata,Basilicata,559084,102569,18.35,0.56
1359,2021-05-27,BAS,3602,1855,1747,1059,2529,14,ITF,ITF5,17,Basilicata,Basilicata,559084,106171,18.99,0.64
1360,2021-05-23,BAS,4517,2302,2215,1526,2984,7,ITF,ITF5,17,Basilicata,Basilicata,559084,110688,19.8,0.81
1361,2021-03-27,BAS,2249,860,1389,1807,428,14,ITF,ITF5,17,Basilicata,Basilicata,559084,112937,20.2,0.4
1362,2021-07-05,BAS,2635,1294,1341,1689,917,29,ITF,ITF5,17,Basilicata,Basilicata,559084,115572,20.67,0.47
1363,2021-01-03,BAS,901,344,557,901,0,0,ITF,ITF5,17,Basilicata,Basilicata,559084,116473,20.83,0.16
1364,2021-06-11,BAS,4238,1982,2256,3168,1029,41,ITF,ITF5,17,Basilicata,Basilicata,559084,120711,21.59,0.76
1365,2021-05-11,BAS,2654,1353,1301,1597,1033,24,ITF,ITF5,17,Basilicata,Basilicata,559084,123365,22.07,0.47
1366,2021-04-05,BAS,724,233,491,412,302,10,ITF,ITF5,17,Basilicata,Basilicata,559084,124089,22.2,0.13
1367,2021-03-22,BAS,1189,537,652,634,548,7,ITF,ITF5,17,Basilicata,Basilicata,559084,125278,22.41,0.21
1368,2021-04-13,BAS,2121,1055,1066,1286,817,18,ITF,ITF5,17,Basilicata,Basilicata,559084,127399,22.79,0.38
1369,2021-03-01,BAS,548,284,264,382,166,0,ITF,ITF5,17,Basilicata,Basilicata,559084,127947,22.89,0.1
1370,2021-06-18,BAS,4463,2065,2398,2179,2258,26,ITF,ITF5,17,Basilicata,Basilicata,559084,132410,23.68,0.8
1371,2021-01-24,BAS,842,305,537,57,784,1,ITF,ITF5,17,Basilicata,Basilicata,559084,133252,23.83,0.15
1372,2021-05-13,BAS,5985,2967,3018,3299,2596,90,ITF,ITF5,17,Basilicata,Basilicata,559084,139237,24.9,1.07
1373,2021-03-13,BAS,1798,890,908,734,1045,19,ITF,ITF5,17,Basilicata,Basilicata,559084,141035,25.23,0.32
1374,2021-02-07,BAS,375,159,216,49,326,0,ITF,ITF5,17,Basilicata,Basilicata,559084,141410,25.29,0.07
1375,2021-05-18,BAS,5897,2857,3040,3385,2492,20,ITF,ITF5,17,Basilicata,Basilicata,559084,147307,26.35,1.05
1376,2021-05-01,BAS,4704,2137,2567,3886,751,67,ITF,ITF5,17,Basilicata,Basilicata,559084,152011,27.19,0.84
1377,2021-06-01,BAS,6134,2925,3209,3032,3075,27,ITF,ITF5,17,Basilicata,Basilicata,559084,158145,28.29,1.1
1378,2021-06-08,BAS,4584,2192,2392,4188,358,38,ITF,ITF5,17,Basilicata,Basilicata,559084,162729,29.11,0.82
1379,2021-04-29,BAS,4831,2385,2446,4338,421,72,ITF,ITF5,17,Basilicata,Basilicata,559084,167560,29.97,0.86
1380,2021-03-17,BAS,1455,610,845,24,1427,4,ITF,ITF5,17,Basilicata,Basilicata,559084,169015,30.23,0.26
1381,2021-01-19,BAS,199,84,115,199,0,0,ITF,ITF5,17,Basilicata,Basilicata,559084,169214,30.27,0.04
1382,2021-06-25,BAS,3318,1573,1745,2454,831,33,ITF,ITF5,17,Basilicata,Basilicata,559084,172532,30.86,0.59
1383,2021-07-04,BAS,3111,1563,1548,2165,921,25,ITF,ITF5,17,Basilicata,Basilicata,559084,175643,31.42,0.56
1384,2021-03-24,BAS,1897,724,1173,1477,398,22,ITF,ITF5,17,Basilicata,Basilicata,559084,177540,31.76,0.34
1385,2021-07-02,BAS,3640,1793,1847,2435,1177,28,ITF,ITF5,17,Basilicata,Basilicata,559084,181180,32.41,0.65
1386,2021-01-07,BAS,641,319,322,641,0,0,ITF,ITF5,17,Basilicata,Basilicata,559084,181821,32.52,0.11
1387,2021-02-19,BAS,1623,738,885,1556,62,5,ITF,ITF5,17,Basilicata,Basilicata,559084,183444,32.81,0.29
1388,2021-02-12,BAS,776,332,444,744,31,1,ITF,ITF5,17,Basilicata,Basilicata,559084,184220,32.95,0.14
1389,2021-04-10,BAS,1033,378,655,924,83,26,ITF,ITF5,17,Basilicata,Basilicata,559084,185253,33.14,0.18
1390,2021-04-17,BAS,3461,1655,1806,2171,1262,28,ITF,ITF5,17,Basilicata,Basilicata,559084,188714,33.75,0.62
1391,2021-03-29,BAS,2434,880,1554,2096,287,51,ITF,ITF5,17,Basilicata,Basilicata,559084,191148,34.19,0.44
1392,2021-01-05,BAS,946,409,537,946,0,0,ITF,ITF5,17,Basilicata,Basilicata,559084,192094,34.36,0.17
1393,2021-06-20,BAS,4011,1884,2127,1941,2036,34,ITF,ITF5,17,Basilicata,Basilicata,559084,196105,35.08,0.72
1394,2021-03-03,BAS,1747,817,930,1167,559,21,ITF,ITF5,17,Basilicata,Basilicata,559084,197852,35.39,0.31
1395,2021-05-25,BAS,4195,2112,2083,864,3321,10,ITF,ITF5,17,Basilicata,Basilicata,559084,202047,36.14,0.75
1396,2021-02-14,BAS,151,48,103,105,0,46,ITF,ITF5,17,Basilicata,Basilicata,559084,202198,36.17,0.03
1397,2021-01-31,BAS,77,24,53,0,77,0,ITF,ITF5,17,Basilicata,Basilicata,559084,202275,36.18,0.01
1398,2021-01-12,BAS,217,88,129,217,0,0,ITF,ITF5,17,Basilicata,Basilicata,559084,202492,36.22,0.04
1399,2021-05-10,BAS,4804,2382,2422,2718,2042,44,ITF,ITF5,17,Basilicata,Basilicata,559084,207296,37.08,0.86
1400,2021-02-26,BAS,2150,904,1246,2064,80,6,ITF,ITF5,17,Basilicata,Basilicata,559084,209446,37.46,0.38
1401,2021-05-20,BAS,5854,2963,2891,2874,2965,15,ITF,ITF5,17,Basilicata,Basilicata,559084,215300,38.51,1.05
1402,2021-06-06,BAS,4513,2074,2439,3695,780,38,ITF,ITF5,17,Basilicata,Basilicata,559084,219813,39.32,0.81
1403,2021-04-24,BAS,4542,2197,2345,3474,1013,55,ITF,ITF5,17,Basilicata,Basilicata,559084,224355,40.13,0.81
1404,2021-03-19,BAS,2296,995,1301,259,2030,7,ITF,ITF5,17,Basilicata,Basilicata,559084,226651,40.54,0.41
1405,2021-04-12,BAS,2173,1053,1120,1654,490,29,ITF,ITF5,17,Basilicata,Basilicata,559084,228824,40.93,0.39
1406,2021-04-19,BAS,4166,1913,2253,2398,1638,130,ITF,ITF5,17,Basilicata,Basilicata,559084,232990,41.67,0.75
1407,2021-06-15,BAS,3219,1415,1804,2224,975,20,ITF,ITF5,17,Basilicata,Basilicata,559084,236209,42.25,0.58
1408,2021-02-28,BAS,804,343,461,771,29,4,ITF,ITF5,17,Basilicata,Basilicata,559084,237013,42.39,0.14
1409,2021-01-02,BAS,950,381,569,949,0,1,ITF,ITF5,17,Basilicata,Basilicata,559084,237963,42.56,0.17
1410,2021-01-16,BAS,722,304,418,722,0,0,ITF,ITF5,17,Basilicata,Basilicata,559084,238685,42.69,0.13
1411,2021-04-26,BAS,4465,2164,2301,4198,221,46,ITF,ITF5,17,Basilicata,Basilicata,559084,243150,43.49,0.8
1412,2021-02-21,BAS,284,113,171,284,0,0,ITF,ITF5,17,Basilicata,Basilicata,559084,243434,43.54,0.05
1413,2021-03-07,BAS,889,309,580,841,38,10,ITF,ITF5,17,Basilicata,Basilicata,559084,244323,43.7,0.16
1414,2021-02-11,BAS,952,401,551,867,83,2,ITF,ITF5,17,Basilicata,Basilicata,559084,245275,43.87,0.17
1415,2021-05-22,BAS,5488,2723,2765,1926,3551,11,ITF,ITF5,17,Basilicata,Basilicata,559084,250763,44.85,0.98
1416,2021-03-26,BAS,1955,703,1252,1669,260,26,ITF,ITF5,17,Basilicata,Basilicata,559084,252718,45.2,0.35
1417,2021-06-29,BAS,3883,1893,1990,2816,1041,26,ITF,ITF5,17,Basilicata,Basilicata,559084,256601,45.9,0.69
1418,2021-03-21,BAS,1062,489,573,364,696,2,ITF,ITF5,17,Basilicata,Basilicata,559084,257663,46.09,0.19
1419,2021-05-29,BAS,3060,1534,1526,826,2225,9,ITF,ITF5,17,Basilicata,Basilicata,559084,260723,46.63,0.55
1420,2021-01-13,BAS,916,387,529,916,0,0,ITF,ITF5,17,Basilicata,Basilicata,559084,261639,46.8,0.16
1421,2021-04-23,BAS,4535,2184,2351,3478,999,58,ITF,ITF5,17,Basilicata,Basilicata,559084,266174,47.61,0.81
1422,2021-01-30,BAS,706,229,477,129,577,0,ITF,ITF5,17,Basilicata,Basilicata,559084,266880,47.74,0.13
1423,2021-03-04,BAS,1881,892,989,1063,796,22,ITF,ITF5,17,Basilicata,Basilicata,559084,268761,48.07,0.34
1424,2021-06-12,BAS,3822,1743,2079,2959,825,38,ITF,ITF5,17,Basilicata,Basilicata,559084,272583,48.76,0.68
1425,2021-06-24,BAS,4143,1959,2184,2203,1903,37,ITF,ITF5,17,Basilicata,Basilicata,559084,276726,49.5,0.74
1426,2021-04-28,BAS,4704,2158,2546,4204,441,59,ITF,ITF5,17,Basilicata,Basilicata,559084,281430,50.34,0.84
1427,2021-03-02,BAS,797,384,413,656,136,5,ITF,ITF5,17,Basilicata,Basilicata,559084,282227,50.48,0.14
1428,2021-06-10,BAS,4346,2102,2244,3870,441,35,ITF,ITF5,17,Basilicata,Basilicata,559084,286573,51.26,0.78
1429,2021-03-14,BAS,1010,477,533,529,469,12,ITF,ITF5,17,Basilicata,Basilicata,559084,287583,51.44,0.18
1430,2021-03-31,BAS,3094,1258,1836,2282,782,30,ITF,ITF5,17,Basilicata,Basilicata,559084,290677,51.99,0.55
1431,2021-06-22,BAS,4371,2071,2300,2237,2102,32,ITF,ITF5,17,Basilicata,Basilicata,559084,295048,52.77,0.78
1432,2021-06-05,BAS,4800,2209,2591,3823,943,34,ITF,ITF5,17,Basilicata,Basilicata,559084,299848,53.63,0.86
1433,2021-02-23,BAS,1901,771,1130,1746,138,17,ITF,ITF5,17,Basilicata,Basilicata,559084,301749,53.97,0.34
1434,2021-06-03,BAS,4918,2255,2663,3699,1181,38,ITF,ITF5,17,Basilicata,Basilicata,559084,306667,54.85,0.88
1435,2021-03-12,BAS,1907,981,926,780,1101,26,ITF,ITF5,17,Basilicata,Basilicata,559084,308574,55.19,0.34
1436,2021-05-17,BAS,5540,2732,2808,3359,2132,49,ITF,ITF5,17,Basilicata,Basilicata,559084,314114,56.18,0.99
1437,2021-02-08,BAS,558,193,365,151,407,0,ITF,ITF5,17,Basilicata,Basilicata,559084,314672,56.28,0.1
1438,2021-02-16,BAS,907,377,530,790,98,19,ITF,ITF5,17,Basilicata,Basilicata,559084,315579,56.45,0.16
1439,2021-01-28,BAS,907,402,505,119,788,0,ITF,ITF5,17,Basilicata,Basilicata,559084,316486,56.61,0.16
1440,2021-01-14,BAS,969,413,556,969,0,0,ITF,ITF5,17,Basilicata,Basilicata,559084,317455,56.78,0.17
1441,2021-04-07,BAS,1212,552,660,1155,37,20,ITF,ITF5,17,Basilicata,Basilicata,559084,318667,57.0,0.22
1442,2021-04-14,BAS,2041,999,1042,1351,674,16,ITF,ITF5,17,Basilicata,Basilicata,559084,320708,57.36,0.37
1443,2021-01-21,BAS,30,10,20,30,0,0,ITF,ITF5,17,Basilicata,Basilicata,559084,320738,57.37,0.01
1444,2021-01-04,BAS,607,271,336,607,0,0,ITF,ITF5,17,Basilicata,Basilicata,559084,321345,57.48,0.11
1445,2021-01-09,BAS,557,160,397,557,0,0,ITF,ITF5,17,Basilicata,Basilicata,559084,321902,57.58,0.1
1446,2021-07-03,BAS,3642,1833,1809,2454,1148,40,ITF,ITF5,17,Basilicata,Basilicata,559084,325544,58.23,0.65
1447,2021-05-07,BAS,4649,2284,2365,3271,1354,24,ITF,ITF5,17,Basilicata,Basilicata,559084,330193,59.06,0.83
1448,2021-02-13,BAS,800,314,486,701,61,38,ITF,ITF5,17,Basilicata,Basilicata,559084,330993,59.2,0.14
1449,2021-05-24,BAS,4833,2343,2490,1090,3730,13,ITF,ITF5,17,Basilicata,Basilicata,559084,335826,60.07,0.86
1450,2021-06-02,BAS,5961,2805,3156,4379,1543,39,ITF,ITF5,17,Basilicata,Basilicata,559084,341787,61.13,1.07
1451,2021-04-18,BAS,3719,1845,1874,2330,1367,22,ITF,ITF5,17,Basilicata,Basilicata,559084,345506,61.8,0.67
1452,2021-02-20,BAS,1163,532,631,1044,119,0,ITF,ITF5,17,Basilicata,Basilicata,559084,346669,62.01,0.21
1453,2021-05-31,BAS,4229,2009,2220,1713,2508,8,ITF,ITF5,17,Basilicata,Basilicata,559084,350898,62.76,0.76
1454,2021-02-18,BAS,1070,401,669,852,215,3,ITF,ITF5,17,Basilicata,Basilicata,559084,351968,62.95,0.19
1455,2021-06-17,BAS,4432,2038,2394,2089,2319,24,ITF,ITF5,17,Basilicata,Basilicata,559084,356400,63.75,0.79
1456,2021-04-21,BAS,3921,1835,2086,2242,1650,29,ITF,ITF5,17,Basilicata,Basilicata,559084,360321,64.45,0.7
1457,2021-01-18,BAS,463,157,306,364,99,0,ITF,ITF5,17,Basilicata,Basilicata,559084,360784,64.53,0.08
1458,2021-03-16,BAS,1908,802,1106,226,1679,3,ITF,ITF5,17,Basilicata,Basilicata,559084,362692,64.87,0.34
1459,2021-05-05,BAS,4334,2048,2286,3378,890,66,ITF,ITF5,17,Basilicata,Basilicata,559084,367026,65.65,0.78
1460,2021-03-09,BAS,1402,715,687,778,606,18,ITF,ITF5,17,Basilicata,Basilicata,559084,368428,65.9,0.25
1461,2021-01-25,BAS,1024,429,595,73,950,1,ITF,ITF5,17,Basilicata,Basilicata,559084,369452,66.08,0.18
1462,2021-01-11,BAS,183,66,117,183,0,0,ITF,ITF5,17,Basilicata,Basilicata,559084,369635,66.11,0.03
1463,2021-05-19,BAS,2871,1498,1373,1182,1676,13,ITF,ITF5,17,Basilicata,Basilicata,559084,372506,66.63,0.51
1464,2021-02-25,BAS,1788,737,1051,1731,46,11,ITF,ITF5,17,Basilicata,Basilicata,559084,374294,66.95,0.32
1465,2021-02-06,BAS,905,369,536,146,759,0,ITF,ITF5,17,Basilicata,Basilicata,559084,375199,67.11,0.16
1466,2021-04-30,BAS,5284,2374,2910,4065,1162,57,ITF,ITF5,17,Basilicata,Basilicata,559084,380483,68.05,0.95
1467,2021-01-20,BAS,84,22,62,84,0,0,ITF,ITF5,17,Basilicata,Basilicata,559084,380567,68.07,0.02
1468,2021-01-23,BAS,721,305,416,33,688,0,ITF,ITF5,17,Basilicata,Basilicata,559084,381288,68.2,0.13
1469,2021-05-03,BAS,4511,2043,2468,3622,827,62,ITF,ITF5,17,Basilicata,Basilicata,559084,385799,69.01,0.81
1470,2021-02-09,BAS,491,213,278,316,175,0,ITF,ITF5,17,Basilicata,Basilicata,559084,386290,69.09,0.09
1471,2021-06-21,BAS,4253,2042,2211,2143,2091,19,ITF,ITF5,17,Basilicata,Basilicata,559084,390543,69.85,0.76
1472,2021-06-19,BAS,4465,2178,2287,2370,2073,22,ITF,ITF5,17,Basilicata,Basilicata,559084,395008,70.65,0.8
1473,2021-03-28,BAS,2142,743,1399,2108,17,17,ITF,ITF5,17,Basilicata,Basilicata,559084,397150,71.04,0.38
1474,2021-03-11,BAS,1794,928,866,817,959,18,ITF,ITF5,17,Basilicata,Basilicata,559084,398944,71.36,0.32
1475,2021-04-25,BAS,2988,1457,1531,2904,52,32,ITF,ITF5,17,Basilicata,Basilicata,559084,401932,71.89,0.53
1476,2021-05-12,BAS,4724,2327,2397,2794,1882,48,ITF,ITF5,17,Basilicata,Basilicata,559084,406656,72.74,0.84
1477,2021-04-06,BAS,1273,464,809,1074,184,15,ITF,ITF5,17,Basilicata,Basilicata,559084,407929,72.96,0.23
1478,2021-03-30,BAS,2744,1158,1586,2384,345,15,ITF,ITF5,17,Basilicata,Basilicata,559084,410673,73.45,0.49
1479,2021-01-06,BAS,294,129,165,294,0,0,ITF,ITF5,17,Basilicata,Basilicata,559084,410967,73.51,0.05
1480,2021-04-16,BAS,3321,1634,1687,2400,898,23,ITF,ITF5,17,Basilicata,Basilicata,559084,414288,74.1,0.59
1481,2021-05-14,BAS,5907,2799,3108,3273,2531,103,ITF,ITF5,17,Basilicata,Basilicata,559084,420195,75.16,1.06
1482,2021-03-18,BAS,1350,564,786,17,1325,8,ITF,ITF5,17,Basilicata,Basilicata,559084,421545,75.4,0.24
1483,2021-06-26,BAS,3327,1611,1716,2742,557,28,ITF,ITF5,17,Basilicata,Basilicata,559084,424872,75.99,0.6
1484,2021-06-14,BAS,4824,2155,2669,2092,2709,23,ITF,ITF5,17,Basilicata,Basilicata,559084,429696,76.86,0.86
1485,2021-03-23,BAS,1591,610,981,1406,168,17,ITF,ITF5,17,Basilicata,Basilicata,559084,431287,77.14,0.28
1486,2021-07-01,BAS,3652,1807,1845,2515,1104,33,ITF,ITF5,17,Basilicata,Basilicata,559084,434939,77.79,0.65
1487,2021-02-01,BAS,242,91,151,46,196,0,ITF,ITF5,17,Basilicata,Basilicata,559084,435181,77.84,0.04
1488,2021-05-26,BAS,4488,2259,2229,1677,2782,29,ITF,ITF5,17,Basilicata,Basilicata,559084,439669,78.64,0.8
1489,2021-05-08,BAS,4834,2398,2436,3386,1406,42,ITF,ITF5,17,Basilicata,Basilicata,559084,444503,79.51,0.86
1490,2021-03-10,BAS,1680,842,838,833,839,8,ITF,ITF5,17,Basilicata,Basilicata,559084,446183,79.81,0.3
1491,2021-01-26,BAS,801,354,447,101,700,0,ITF,ITF5,17,Basilicata,Basilicata,559084,446984,79.95,0.14
1492,2021-05-06,BAS,5053,2436,2617,3433,1569,51,ITF,ITF5,17,Basilicata,Basilicata,559084,452037,80.85,0.9
1493,2021-05-15,BAS,6529,3344,3185,3875,2571,83,ITF,ITF5,17,Basilicata,Basilicata,559084,458566,82.02,1.17
1494,2021-04-02,BAS,2317,1046,1271,1692,604,21,ITF,ITF5,17,Basilicata,Basilicata,559084,460883,82.44,0.41
1495,2021-02-04,BAS,1098,442,656,63,1035,0,ITF,ITF5,17,Basilicata,Basilicata,559084,461981,82.63,0.2
1496,2021-02-02,BAS,367,143,224,174,192,1,ITF,ITF5,17,Basilicata,Basilicata,559084,462348,82.7,0.07
1497,2021-04-09,BAS,1151,350,801,1064,63,24,ITF,ITF5,17,Basilicata,Basilicata,559084,463499,82.9,0.21
1498,2021-02-27,BAS,1993,861,1132,1812,164,17,ITF,ITF5,17,Basilicata,Basilicata,559084,465492,83.26,0.36
1499,2021-06-07,BAS,4242,1922,2320,3890,316,36,ITF,ITF5,17,Basilicata,Basilicata,559084,469734,84.02,0.76
1500,2021-04-11,BAS,851,330,521,756,66,29,ITF,ITF5,17,Basilicata,Basilicata,559084,470585,84.17,0.15
1501,2021-04-04,BAS,610,225,385,191,413,6,ITF,ITF5,17,Basilicata,Basilicata,559084,471195,84.28,0.11
1502,2021-02-11,LIG,1979,767,1212,1094,876,9,ITC,ITC3,7,Liguria,Liguria,1550640,1979,0.13,0.13
1503,2021-05-22,LIG,6649,3220,3429,4870,1683,96,ITC,ITC3,7,Liguria,Liguria,1550640,8628,0.56,0.43
1504,2021-06-10,LIG,18728,9665,9063,13100,5624,4,ITC,ITC3,7,Liguria,Liguria,1550640,27356,1.76,1.21
1505,2021-03-19,LIG,5296,2234,3062,2095,3146,55,ITC,ITC3,7,Liguria,Liguria,1550640,32652,2.11,0.34
1506,2021-03-02,LIG,4074,1689,2385,3753,310,11,ITC,ITC3,7,Liguria,Liguria,1550640,36726,2.37,0.26
1507,2021-06-24,LIG,11034,5389,5645,6247,4775,12,ITC,ITC3,7,Liguria,Liguria,1550640,47760,3.08,0.71
1508,2021-04-02,LIG,11788,5219,6569,9206,2487,95,ITC,ITC3,7,Liguria,Liguria,1550640,59548,3.84,0.76
1509,2021-06-05,LIG,8088,4115,3973,4936,3152,0,ITC,ITC3,7,Liguria,Liguria,1550640,67636,4.36,0.52
1510,2021-04-09,LIG,12456,5560,6896,10549,1766,141,ITC,ITC3,7,Liguria,Liguria,1550640,80092,5.17,0.8
1511,2021-03-31,LIG,11925,5275,6650,9048,2770,107,ITC,ITC3,7,Liguria,Liguria,1550640,92017,5.93,0.77
1512,2021-01-28,LIG,2847,971,1876,39,2808,0,ITC,ITC3,7,Liguria,Liguria,1550640,94864,6.12,0.18
1513,2021-01-21,LIG,1106,385,721,674,431,1,ITC,ITC3,7,Liguria,Liguria,1550640,95970,6.19,0.07
1514,2021-02-28,LIG,1058,580,478,1042,9,7,ITC,ITC3,7,Liguria,Liguria,1550640,97028,6.26,0.07
1515,2021-03-26,LIG,9331,4025,5306,6067,3155,109,ITC,ITC3,7,Liguria,Liguria,1550640,106359,6.86,0.6
1516,2021-07-04,LIG,4830,2569,2261,3837,978,15,ITC,ITC3,7,Liguria,Liguria,1550640,111189,7.17,0.31
1517,2021-01-02,LIG,691,245,446,691,0,0,ITC,ITC3,7,Liguria,Liguria,1550640,111880,7.22,0.04
1518,2021-06-15,LIG,17384,8454,8930,9312,8059,13,ITC,ITC3,7,Liguria,Liguria,1550640,129264,8.34,1.12
1519,2021-04-26,LIG,10555,4981,5574,7813,2637,105,ITC,ITC3,7,Liguria,Liguria,1550640,139819,9.02,0.68
1520,2021-01-16,LIG,1278,557,721,1273,0,5,ITC,ITC3,7,Liguria,Liguria,1550640,141097,9.1,0.08
1521,2021-02-02,LIG,2671,1005,1666,127,2542,2,ITC,ITC3,7,Liguria,Liguria,1550640,143768,9.27,0.17
1522,2021-04-28,LIG,14444,6520,7924,6344,7984,116,ITC,ITC3,7,Liguria,Liguria,1550640,158212,10.2,0.93
1523,2021-02-04,LIG,2817,986,1831,179,2638,0,ITC,ITC3,7,Liguria,Liguria,1550640,161029,10.38,0.18
1524,2021-05-15,LIG,7306,3264,4042,4274,2954,78,ITC,ITC3,7,Liguria,Liguria,1550640,168335,10.86,0.47
1525,2021-02-21,LIG,869,491,378,857,4,8,ITC,ITC3,7,Liguria,Liguria,1550640,169204,10.91,0.06
1526,2021-03-14,LIG,1659,752,907,1033,604,22,ITC,ITC3,7,Liguria,Liguria,1550640,170863,11.02,0.11
1527,2021-06-22,LIG,15773,7446,8327,7638,8111,24,ITC,ITC3,7,Liguria,Liguria,1550640,186636,12.04,1.02
1528,2021-05-10,LIG,12644,5639,7005,6208,6371,65,ITC,ITC3,7,Liguria,Liguria,1550640,199280,12.85,0.82
1529,2021-05-03,LIG,13279,5922,7357,6324,6815,140,ITC,ITC3,7,Liguria,Liguria,1550640,212559,13.71,0.86
1530,2021-03-21,LIG,550,220,330,69,481,0,ITC,ITC3,7,Liguria,Liguria,1550640,213109,13.74,0.04
1531,2021-01-23,LIG,809,295,514,153,656,0,ITC,ITC3,7,Liguria,Liguria,1550640,213918,13.8,0.05
1532,2021-06-29,LIG,15049,7170,7879,8653,6364,32,ITC,ITC3,7,Liguria,Liguria,1550640,228967,14.77,0.97
1533,2021-02-16,LIG,2426,956,1470,1995,422,9,ITC,ITC3,7,Liguria,Liguria,1550640,231393,14.92,0.16
1534,2021-05-27,LIG,16870,8648,8222,12548,4145,177,ITC,ITC3,7,Liguria,Liguria,1550640,248263,16.01,1.09
1535,2021-04-14,LIG,13068,5667,7401,10729,2202,137,ITC,ITC3,7,Liguria,Liguria,1550640,261331,16.85,0.84
1536,2021-05-29,LIG,6863,3251,3612,3969,2870,24,ITC,ITC3,7,Liguria,Liguria,1550640,268194,17.3,0.44
1537,2021-02-09,LIG,1941,690,1251,255,1684,2,ITC,ITC3,7,Liguria,Liguria,1550640,270135,17.42,0.13
1538,2020-12-28,LIG,80,30,50,80,0,0,ITC,ITC3,7,Liguria,Liguria,1550640,270215,17.43,0.01
1539,2021-06-03,LIG,15518,7688,7830,9150,6361,7,ITC,ITC3,7,Liguria,Liguria,1550640,285733,18.43,1.0
1540,2021-04-07,LIG,13677,6107,7570,11299,2288,90,ITC,ITC3,7,Liguria,Liguria,1550640,299410,19.31,0.88
1541,2021-02-23,LIG,3806,1559,2247,3657,109,40,ITC,ITC3,7,Liguria,Liguria,1550640,303216,19.55,0.25
1542,2021-06-14,LIG,15077,7282,7795,8230,6845,2,ITC,ITC3,7,Liguria,Liguria,1550640,318293,20.53,0.97
1543,2021-02-25,LIG,3457,1349,2108,3307,130,20,ITC,ITC3,7,Liguria,Liguria,1550640,321750,20.75,0.22
1544,2021-04-21,LIG,14248,6434,7814,8799,5328,121,ITC,ITC3,7,Liguria,Liguria,1550640,335998,21.67,0.92
1545,2021-05-08,LIG,7526,3333,4193,2270,5212,44,ITC,ITC3,7,Liguria,Liguria,1550640,343524,22.15,0.49
1546,2021-01-25,LIG,2726,889,1837,476,2249,1,ITC,ITC3,7,Liguria,Liguria,1550640,346250,22.33,0.18
1547,2021-05-05,LIG,13709,6133,7576,5182,8418,109,ITC,ITC3,7,Liguria,Liguria,1550640,359959,23.21,0.88
1548,2021-01-14,LIG,2981,1055,1926,2979,0,2,ITC,ITC3,7,Liguria,Liguria,1550640,362940,23.41,0.19
1549,2021-03-12,LIG,6216,2873,3343,3688,2471,57,ITC,ITC3,7,Liguria,Liguria,1550640,369156,23.81,0.4
1550,2021-07-01,LIG,13399,6461,6938,7319,6048,32,ITC,ITC3,7,Liguria,Liguria,1550640,382555,24.67,0.86
1551,2021-05-19,LIG,13571,5962,7609,10306,3120,145,ITC,ITC3,7,Liguria,Liguria,1550640,396126,25.55,0.88
1552,2021-03-07,LIG,1915,1138,777,1590,301,24,ITC,ITC3,7,Liguria,Liguria,1550640,398041,25.67,0.12
1553,2021-06-17,LIG,16609,7889,8720,9086,7506,17,ITC,ITC3,7,Liguria,Liguria,1550640,414650,26.74,1.07
1554,2021-06-02,LIG,8530,4342,4188,5362,3168,0,ITC,ITC3,7,Liguria,Liguria,1550640,423180,27.29,0.55
1555,2021-06-19,LIG,7364,3749,3615,5688,1660,16,ITC,ITC3,7,Liguria,Liguria,1550640,430544,27.77,0.47
1556,2021-01-09,LIG,1335,481,854,1334,0,1,ITC,ITC3,7,Liguria,Liguria,1550640,431879,27.85,0.09
1557,2021-04-19,LIG,12829,5615,7214,8884,3830,115,ITC,ITC3,7,Liguria,Liguria,1550640,444708,28.68,0.83
1558,2021-04-23,LIG,14671,6637,8034,8404,6120,147,ITC,ITC3,7,Liguria,Liguria,1550640,459379,29.63,0.95
1559,2021-03-11,LIG,6397,3088,3309,4330,2010,57,ITC,ITC3,7,Liguria,Liguria,1550640,465776,30.04,0.41
1560,2021-01-13,LIG,2757,1013,1744,2756,0,1,ITC,ITC3,7,Liguria,Liguria,1550640,468533,30.22,0.18
1561,2021-01-04,LIG,2615,855,1760,2614,0,1,ITC,ITC3,7,Liguria,Liguria,1550640,471148,30.38,0.17
1562,2020-12-30,LIG,12,5,7,12,0,0,ITC,ITC3,7,Liguria,Liguria,1550640,471160,30.38,0.0
1563,2021-07-03,LIG,8768,4348,4420,5466,3290,12,ITC,ITC3,7,Liguria,Liguria,1550640,479928,30.95,0.57
1564,2021-04-11,LIG,4246,1929,2317,3942,249,55,ITC,ITC3,7,Liguria,Liguria,1550640,484174,31.22,0.27
1565,2021-05-17,LIG,12023,5519,6504,8651,3322,50,ITC,ITC3,7,Liguria,Liguria,1550640,496197,32.0,0.78
1566,2021-01-30,LIG,1661,567,1094,23,1637,1,ITC,ITC3,7,Liguria,Liguria,1550640,497858,32.11,0.11
1567,2021-03-28,LIG,1141,511,630,378,751,12,ITC,ITC3,7,Liguria,Liguria,1550640,498999,32.18,0.07
1568,2021-03-04,LIG,4738,2118,2620,3834,847,57,ITC,ITC3,7,Liguria,Liguria,1550640,503737,32.49,0.31
1569,2021-06-12,LIG,10229,4974,5255,7477,2752,0,ITC,ITC3,7,Liguria,Liguria,1550640,513966,33.15,0.66
1570,2021-04-30,LIG,14416,6439,7977,5728,8568,120,ITC,ITC3,7,Liguria,Liguria,1550640,528382,34.08,0.93
1571,2021-03-06,LIG,3304,1842,1462,2550,705,49,ITC,ITC3,7,Liguria,Liguria,1550640,531686,34.29,0.21
1572,2021-03-23,LIG,9272,4220,5052,5981,3209,82,ITC,ITC3,7,Liguria,Liguria,1550640,540958,34.89,0.6
1573,2021-02-01,LIG,2558,922,1636,90,2468,0,ITC,ITC3,7,Liguria,Liguria,1550640,543516,35.05,0.16
1574,2021-05-12,LIG,12029,5447,6582,6569,5347,113,ITC,ITC3,7,Liguria,Liguria,1550640,555545,35.83,0.78
1575,2021-05-26,LIG,16655,8410,8245,12117,4373,165,ITC,ITC3,7,Liguria,Liguria,1550640,572200,36.9,1.07
1576,2021-03-30,LIG,12211,5426,6785,8734,3388,89,ITC,ITC3,7,Liguria,Liguria,1550640,584411,37.69,0.79
1577,2021-02-18,LIG,2768,1126,1642,2423,334,11,ITC,ITC3,7,Liguria,Liguria,1550640,587179,37.87,0.18
1578,2021-05-14,LIG,13107,5838,7269,8593,4327,187,ITC,ITC3,7,Liguria,Liguria,1550640,600286,38.71,0.85
1579,2021-05-31,LIG,14639,7328,7311,9030,5514,95,ITC,ITC3,7,Liguria,Liguria,1550640,614925,39.66,0.94
1580,2021-03-09,LIG,5931,2754,3177,4439,1431,61,ITC,ITC3,7,Liguria,Liguria,1550640,620856,40.04,0.38
1581,2021-02-20,LIG,1335,637,698,1330,1,4,ITC,ITC3,7,Liguria,Liguria,1550640,622191,40.12,0.09
1582,2021-05-24,LIG,11830,5564,6266,9231,2494,105,ITC,ITC3,7,Liguria,Liguria,1550640,634021,40.89,0.76
1583,2021-05-07,LIG,13589,6037,7552,5729,7792,68,ITC,ITC3,7,Liguria,Liguria,1550640,647610,41.76,0.88
1584,2021-02-13,LIG,1080,508,572,797,280,3,ITC,ITC3,7,Liguria,Liguria,1550640,648690,41.83,0.07
1585,2021-06-07,LIG,15683,7655,8028,8664,7012,7,ITC,ITC3,7,Liguria,Liguria,1550640,664373,42.85,1.01
1586,2021-06-26,LIG,7107,3307,3800,4487,2611,9,ITC,ITC3,7,Liguria,Liguria,1550640,671480,43.3,0.46
1587,2021-04-04,LIG,756,366,390,499,249,8,ITC,ITC3,7,Liguria,Liguria,1550640,672236,43.35,0.05
1588,2021-04-18,LIG,2613,1164,1449,2074,468,71,ITC,ITC3,7,Liguria,Liguria,1550640,674849,43.52,0.17
1589,2021-01-08,LIG,2927,999,1928,2925,0,2,ITC,ITC3,7,Liguria,Liguria,1550640,677776,43.71,0.19
1590,2021-01-27,LIG,1744,603,1141,140,1603,1,ITC,ITC3,7,Liguria,Liguria,1550640,679520,43.82,0.11
1591,2021-05-21,LIG,12842,5955,6887,9570,3126,146,ITC,ITC3,7,Liguria,Liguria,1550640,692362,44.65,0.83
1592,2021-02-27,LIG,1888,921,967,1750,129,9,ITC,ITC3,7,Liguria,Liguria,1550640,694250,44.77,0.12
1593,2021-02-10,LIG,2314,836,1478,1015,1295,4,ITC,ITC3,7,Liguria,Liguria,1550640,696564,44.92,0.15
1594,2021-01-18,LIG,2141,746,1395,1982,157,2,ITC,ITC3,7,Liguria,Liguria,1550640,698705,45.06,0.14
1595,2021-03-16,LIG,6083,2731,3352,2309,3733,41,ITC,ITC3,7,Liguria,Liguria,1550640,704788,45.45,0.39
1596,2021-01-11,LIG,2653,990,1663,2652,0,1,ITC,ITC3,7,Liguria,Liguria,1550640,707441,45.62,0.17
1597,2021-02-06,LIG,1892,768,1124,145,1747,0,ITC,ITC3,7,Liguria,Liguria,1550640,709333,45.74,0.12
1598,2021-06-11,LIG,17812,9071,8741,11748,6062,2,ITC,ITC3,7,Liguria,Liguria,1550640,727145,46.89,1.15
1599,2021-04-15,LIG,11832,5230,6602,9862,1851,119,ITC,ITC3,7,Liguria,Liguria,1550640,738977,47.66,0.76
1600,2021-04-08,LIG,13746,6161,7585,11544,2045,157,ITC,ITC3,7,Liguria,Liguria,1550640,752723,48.54,0.89
1601,2021-06-04,LIG,14736,7236,7500,9243,5487,6,ITC,ITC3,7,Liguria,Liguria,1550640,767459,49.49,0.95
1602,2021-02-17,LIG,2689,1182,1507,2251,426,12,ITC,ITC3,7,Liguria,Liguria,1550640,770148,49.67,0.17
1603,2021-05-28,LIG,16279,8128,8151,11579,4535,165,ITC,ITC3,7,Liguria,Liguria,1550640,786427,50.72,1.05
1604,2021-01-22,LIG,1819,604,1215,1330,486,3,ITC,ITC3,7,Liguria,Liguria,1550640,788246,50.83,0.12
1605,2021-05-02,LIG,3978,1836,2142,505,3467,6,ITC,ITC3,7,Liguria,Liguria,1550640,792224,51.09,0.26
1606,2021-05-04,LIG,13647,6084,7563,5332,8229,86,ITC,ITC3,7,Liguria,Liguria,1550640,805871,51.97,0.88
1607,2021-05-09,LIG,2822,1244,1578,1084,1709,29,ITC,ITC3,7,Liguria,Liguria,1550640,808693,52.15,0.18
1608,2021-01-29,LIG,3082,1064,2018,67,3015,0,ITC,ITC3,7,Liguria,Liguria,1550640,811775,52.35,0.2
1609,2021-03-18,LIG,4986,2124,2862,1972,2979,35,ITC,ITC3,7,Liguria,Liguria,1550640,816761,52.67,0.32
1610,2021-04-01,LIG,12423,5511,6912,9564,2770,89,ITC,ITC3,7,Liguria,Liguria,1550640,829184,53.47,0.8
1611,2021-06-08,LIG,18070,9016,9054,11445,6619,6,ITC,ITC3,7,Liguria,Liguria,1550640,847254,54.64,1.17
1612,2021-03-17,LIG,5556,2370,3186,2455,3079,22,ITC,ITC3,7,Liguria,Liguria,1550640,852810,55.0,0.36
1613,2021-06-25,LIG,13725,6568,7157,6871,6840,14,ITC,ITC3,7,Liguria,Liguria,1550640,866535,55.88,0.89
1614,2021-05-06,LIG,14518,6441,8077,6038,8323,157,ITC,ITC3,7,Liguria,Liguria,1550640,881053,56.82,0.94
1615,2021-01-26,LIG,2487,806,1681,16,2471,0,ITC,ITC3,7,Liguria,Liguria,1550640,883540,56.98,0.16
1616,2021-04-06,LIG,13246,5902,7344,10878,2261,107,ITC,ITC3,7,Liguria,Liguria,1550640,896786,57.83,0.85
1617,2021-02-08,LIG,1977,741,1236,306,1671,0,ITC,ITC3,7,Liguria,Liguria,1550640,898763,57.96,0.13
1618,2020-12-27,LIG,135,56,79,134,0,1,ITC,ITC3,7,Liguria,Liguria,1550640,898898,57.97,0.01
1619,2021-05-16,LIG,3705,1862,1843,2118,1560,27,ITC,ITC3,7,Liguria,Liguria,1550640,902603,58.21,0.24
1620,2021-02-22,LIG,3343,1476,1867,3191,142,10,ITC,ITC3,7,Liguria,Liguria,1550640,905946,58.42,0.22
1621,2021-04-27,LIG,14777,6681,8096,7107,7585,85,ITC,ITC3,7,Liguria,Liguria,1550640,920723,59.38,0.95
1622,2021-02-03,LIG,2315,790,1525,54,2261,0,ITC,ITC3,7,Liguria,Liguria,1550640,923038,59.53,0.15
1623,2021-04-29,LIG,15577,6978,8599,6582,8839,156,ITC,ITC3,7,Liguria,Liguria,1550640,938615,60.53,1.0
1624,2021-04-12,LIG,12388,5476,6912,10270,2019,99,ITC,ITC3,7,Liguria,Liguria,1550640,951003,61.33,0.8
1625,2021-01-19,LIG,1371,438,933,1277,90,4,ITC,ITC3,7,Liguria,Liguria,1550640,952374,61.42,0.09
1626,2021-02-05,LIG,2681,987,1694,303,2376,2,ITC,ITC3,7,Liguria,Liguria,1550640,955055,61.59,0.17
1627,2021-01-10,LIG,648,262,386,644,0,4,ITC,ITC3,7,Liguria,Liguria,1550640,955703,61.63,0.04
1628,2021-04-20,LIG,14227,6514,7713,9702,4349,176,ITC,ITC3,7,Liguria,Liguria,1550640,969930,62.55,0.92
1629,2021-05-23,LIG,2305,1119,1186,1169,1123,13,ITC,ITC3,7,Liguria,Liguria,1550640,972235,62.7,0.15
1630,2021-03-01,LIG,3527,1444,2083,3384,123,20,ITC,ITC3,7,Liguria,Liguria,1550640,975762,62.93,0.23
1631,2021-06-09,LIG,19037,9552,9485,12477,6556,4,ITC,ITC3,7,Liguria,Liguria,1550640,994799,64.15,1.23
1632,2021-06-16,LIG,15969,7681,8288,8965,6994,10,ITC,ITC3,7,Liguria,Liguria,1550640,1010768,65.18,1.03
1633,2021-03-08,LIG,5623,2458,3165,3893,1689,41,ITC,ITC3,7,Liguria,Liguria,1550640,1016391,65.55,0.36
1634,2021-03-25,LIG,9766,4231,5535,6225,3392,149,ITC,ITC3,7,Liguria,Liguria,1550640,1026157,66.18,0.63
1635,2021-01-01,LIG,144,55,89,144,0,0,ITC,ITC3,7,Liguria,Liguria,1550640,1026301,66.19,0.01
1636,2021-03-27,LIG,3932,1549,2383,2485,1395,52,ITC,ITC3,7,Liguria,Liguria,1550640,1030233,66.44,0.25
1637,2021-07-05,LIG,8910,4327,4583,3858,5021,31,ITC,ITC3,7,Liguria,Liguria,1550640,1039143,67.01,0.57
1638,2021-04-13,LIG,13077,5867,7210,10926,2024,127,ITC,ITC3,7,Liguria,Liguria,1550640,1052220,67.86,0.84
1639,2021-01-05,LIG,2878,895,1983,2878,0,0,ITC,ITC3,7,Liguria,Liguria,1550640,1055098,68.04,0.19
1640,2021-03-03,LIG,4581,1847,2734,3443,1027,111,ITC,ITC3,7,Liguria,Liguria,1550640,1059679,68.34,0.3
1641,2021-02-24,LIG,3764,1560,2204,3448,258,58,ITC,ITC3,7,Liguria,Liguria,1550640,1063443,68.58,0.24
1642,2021-01-20,LIG,1552,555,997,1537,12,3,ITC,ITC3,7,Liguria,Liguria,1550640,1064995,68.68,0.1
1643,2021-04-05,LIG,3978,1753,2225,2303,1649,26,ITC,ITC3,7,Liguria,Liguria,1550640,1068973,68.94,0.26
1644,2021-05-11,LIG,13914,6388,7526,7180,6615,119,ITC,ITC3,7,Liguria,Liguria,1550640,1082887,69.83,0.9
1645,2021-03-29,LIG,10577,4619,5958,7338,3131,108,ITC,ITC3,7,Liguria,Liguria,1550640,1093464,70.52,0.68
1646,2021-01-31,LIG,624,270,354,9,615,0,ITC,ITC3,7,Liguria,Liguria,1550640,1094088,70.56,0.04
1647,2021-02-15,LIG,2262,839,1423,1855,397,10,ITC,ITC3,7,Liguria,Liguria,1550640,1096350,70.7,0.15
1648,2021-01-03,LIG,734,230,504,732,0,2,ITC,ITC3,7,Liguria,Liguria,1550640,1097084,70.75,0.05
1649,2021-01-07,LIG,3229,1095,2134,3226,0,3,ITC,ITC3,7,Liguria,Liguria,1550640,1100313,70.96,0.21
1650,2021-06-13,LIG,5616,2695,2921,5162,454,0,ITC,ITC3,7,Liguria,Liguria,1550640,1105929,71.32,0.36
1651,2021-04-17,LIG,7382,3216,4166,6546,750,86,ITC,ITC3,7,Liguria,Liguria,1550640,1113311,71.8,0.48
1652,2021-05-01,LIG,7142,3256,3886,1303,5800,39,ITC,ITC3,7,Liguria,Liguria,1550640,1120453,72.26,0.46
1653,2021-03-05,LIG,4869,2150,2719,3674,1132,63,ITC,ITC3,7,Liguria,Liguria,1550640,1125322,72.57,0.31
1654,2021-06-06,LIG,3818,2033,1785,2948,870,0,ITC,ITC3,7,Liguria,Liguria,1550640,1129140,72.82,0.25
1655,2021-04-24,LIG,8218,3795,4423,4958,3151,109,ITC,ITC3,7,Liguria,Liguria,1550640,1137358,73.35,0.53
1656,2021-02-26,LIG,3765,1523,2242,3411,329,25,ITC,ITC3,7,Liguria,Liguria,1550640,1141123,73.59,0.24
1657,2021-06-20,LIG,1333,658,675,1051,275,7,ITC,ITC3,7,Liguria,Liguria,1550640,1142456,73.68,0.09
1658,2021-03-24,LIG,9178,4031,5147,5806,3287,85,ITC,ITC3,7,Liguria,Liguria,1550640,1151634,74.27,0.59
1659,2021-07-02,LIG,12871,6310,6561,6401,6439,31,ITC,ITC3,7,Liguria,Liguria,1550640,1164505,75.1,0.83
1660,2020-12-31,LIG,990,353,637,990,0,0,ITC,ITC3,7,Liguria,Liguria,1550640,1165495,75.16,0.06
1661,2021-04-10,LIG,7884,3558,4326,6886,914,84,ITC,ITC3,7,Liguria,Liguria,1550640,1173379,75.67,0.51
1662,2021-01-17,LIG,866,301,565,865,0,1,ITC,ITC3,7,Liguria,Liguria,1550640,1174245,75.73,0.06
1663,2021-05-13,LIG,13296,6081,7215,8881,4247,168,ITC,ITC3,7,Liguria,Liguria,1550640,1187541,76.58,0.86
1664,2021-02-19,LIG,3219,1306,1913,2988,176,55,ITC,ITC3,7,Liguria,Liguria,1550640,1190760,76.79,0.21
1665,2021-05-30,LIG,3302,1613,1689,1350,1939,13,ITC,ITC3,7,Liguria,Liguria,1550640,1194062,77.0,0.21
1666,2021-04-03,LIG,5405,2498,2907,4427,942,36,ITC,ITC3,7,Liguria,Liguria,1550640,1199467,77.35,0.35
1667,2021-01-24,LIG,756,237,519,113,643,0,ITC,ITC3,7,Liguria,Liguria,1550640,1200223,77.4,0.05
1668,2021-06-27,LIG,1932,888,1044,688,1234,10,ITC,ITC3,7,Liguria,Liguria,1550640,1202155,77.53,0.12
1669,2021-06-01,LIG,16159,8116,8043,10789,5366,4,ITC,ITC3,7,Liguria,Liguria,1550640,1218314,78.57,1.04
1670,2021-06-18,LIG,15297,7454,7843,8146,7133,18,ITC,ITC3,7,Liguria,Liguria,1550640,1233611,79.55,0.99
1671,2021-03-10,LIG,5900,2862,3038,3929,1906,65,ITC,ITC3,7,Liguria,Liguria,1550640,1239511,79.94,0.38
1672,2020-12-29,LIG,125,33,92,125,0,0,ITC,ITC3,7,Liguria,Liguria,1550640,1239636,79.94,0.01
1673,2021-01-12,LIG,2469,887,1582,2468,0,1,ITC,ITC3,7,Liguria,Liguria,1550640,1242105,80.1,0.16
1674,2021-04-22,LIG,13851,6208,7643,8616,5075,160,ITC,ITC3,7,Liguria,Liguria,1550640,1255956,81.0,0.89
1675,2021-02-12,LIG,1935,690,1245,895,1038,2,ITC,ITC3,7,Liguria,Liguria,1550640,1257891,81.12,0.12
1676,2021-03-15,LIG,7246,3097,4149,4491,2706,49,ITC,ITC3,7,Liguria,Liguria,1550640,1265137,81.59,0.47
1677,2021-06-21,LIG,14789,7019,7770,8554,6220,15,ITC,ITC3,7,Liguria,Liguria,1550640,1279926,82.54,0.95
1678,2021-04-16,LIG,11988,5286,6702,9970,1828,190,ITC,ITC3,7,Liguria,Liguria,1550640,1291914,83.31,0.77
1679,2021-01-06,LIG,1660,616,1044,1657,0,3,ITC,ITC3,7,Liguria,Liguria,1550640,1293574,83.42,0.11
1680,2021-06-28,LIG,11538,5586,5952,7238,4260,40,ITC,ITC3,7,Liguria,Liguria,1550640,1305112,84.17,0.74
1681,2021-03-20,LIG,2316,995,1321,1124,1174,18,ITC,ITC3,7,Liguria,Liguria,1550640,1307428,84.32,0.15
1682,2021-06-30,LIG,15013,7164,7849,8207,6765,41,ITC,ITC3,7,Liguria,Liguria,1550640,1322441,85.28,0.97
1683,2021-01-15,LIG,2257,755,1502,2252,0,5,ITC,ITC3,7,Liguria,Liguria,1550640,1324698,85.43,0.15
1684,2021-04-25,LIG,1935,920,1015,1506,415,14,ITC,ITC3,7,Liguria,Liguria,1550640,1326633,85.55,0.12
1685,2021-03-13,LIG,3849,1637,2212,2949,855,45,ITC,ITC3,7,Liguria,Liguria,1550640,1330482,85.8,0.25
1686,2021-06-23,LIG,14253,6817,7436,9066,5168,19,ITC,ITC3,7,Liguria,Liguria,1550640,1344735,86.72,0.92
1687,2021-02-14,LIG,233,122,111,233,0,0,ITC,ITC3,7,Liguria,Liguria,1550640,1344968,86.74,0.02
1688,2021-05-25,LIG,14109,6865,7244,10792,3179,138,ITC,ITC3,7,Liguria,Liguria,1550640,1359077,87.65,0.91
1689,2021-03-22,LIG,7745,3467,4278,4735,2937,73,ITC,ITC3,7,Liguria,Liguria,1550640,1366822,88.15,0.5
1690,2021-02-07,LIG,407,153,254,2,405,0,ITC,ITC3,7,Liguria,Liguria,1550640,1367229,88.17,0.03
1691,2021-05-18,LIG,13462,6118,7344,10032,3293,137,ITC,ITC3,7,Liguria,Liguria,1550640,1380691,89.04,0.87
1692,2021-05-20,LIG,12857,5969,6888,8706,4025,126,ITC,ITC3,7,Liguria,Liguria,1550640,1393548,89.87,0.83
1693,2021-07-01,SAR,20083,9899,10184,7257,12733,93,ITG,ITG2,20,Sardegna,Sardegna,1639591,20083,1.22,1.22
1694,2021-03-23,SAR,6388,2863,3525,5171,1065,152,ITG,ITG2,20,Sardegna,Sardegna,1639591,26471,1.61,0.39
1695,2021-05-12,SAR,11129,5257,5872,7785,3138,206,ITG,ITG2,20,Sardegna,Sardegna,1639591,37600,2.29,0.68
1696,2021-02-11,SAR,1311,488,823,1196,111,4,ITG,ITG2,20,Sardegna,Sardegna,1639591,38911,2.37,0.08
1697,2021-05-24,SAR,14469,7256,7213,8354,5983,132,ITG,ITG2,20,Sardegna,Sardegna,1639591,53380,3.26,0.88
1698,2021-02-13,SAR,1440,560,880,1434,2,4,ITG,ITG2,20,Sardegna,Sardegna,1639591,54820,3.34,0.09
1699,2021-05-29,SAR,17997,8648,9349,13237,4592,168,ITG,ITG2,20,Sardegna,Sardegna,1639591,72817,4.44,1.1
1700,2021-02-18,SAR,1726,669,1057,1625,64,37,ITG,ITG2,20,Sardegna,Sardegna,1639591,74543,4.55,0.11
1701,2021-03-09,SAR,5512,2726,2786,4727,728,57,ITG,ITG2,20,Sardegna,Sardegna,1639591,80055,4.88,0.34
1702,2021-05-05,SAR,10152,4642,5510,7946,2012,194,ITG,ITG2,20,Sardegna,Sardegna,1639591,90207,5.5,0.62
1703,2021-03-02,SAR,3033,1629,1404,1815,1152,66,ITG,ITG2,20,Sardegna,Sardegna,1639591,93240,5.69,0.18
1704,2021-04-23,SAR,12639,5634,7005,7040,5462,137,ITG,ITG2,20,Sardegna,Sardegna,1639591,105879,6.46,0.77
1705,2021-05-10,SAR,9731,4337,5394,7027,2538,166,ITG,ITG2,20,Sardegna,Sardegna,1639591,115610,7.05,0.59
1706,2021-01-30,SAR,3862,1391,2471,361,3501,0,ITG,ITG2,20,Sardegna,Sardegna,1639591,119472,7.29,0.24
1707,2021-05-19,SAR,17006,8660,8346,12615,4235,156,ITG,ITG2,20,Sardegna,Sardegna,1639591,136478,8.32,1.04
1708,2021-06-05,SAR,17871,8433,9438,11284,6453,134,ITG,ITG2,20,Sardegna,Sardegna,1639591,154349,9.41,1.09
1709,2021-02-25,SAR,2797,1200,1597,2162,604,31,ITG,ITG2,20,Sardegna,Sardegna,1639591,157146,9.58,0.17
1710,2021-03-14,SAR,604,376,228,595,0,9,ITG,ITG2,20,Sardegna,Sardegna,1639591,157750,9.62,0.04
1711,2021-06-19,SAR,15333,7510,7823,9114,6120,99,ITG,ITG2,20,Sardegna,Sardegna,1639591,173083,10.56,0.94
1712,2021-03-28,SAR,4518,1784,2734,4377,78,63,ITG,ITG2,20,Sardegna,Sardegna,1639591,177601,10.83,0.28
1713,2021-01-04,SAR,586,215,371,586,0,0,ITG,ITG2,20,Sardegna,Sardegna,1639591,178187,10.87,0.04
1714,2021-01-16,SAR,1488,525,963,1488,0,0,ITG,ITG2,20,Sardegna,Sardegna,1639591,179675,10.96,0.09
1715,2021-04-09,SAR,12257,5454,6803,7787,4350,120,ITG,ITG2,20,Sardegna,Sardegna,1639591,191932,11.71,0.75
1716,2021-04-11,SAR,5391,2440,2951,4244,1121,26,ITG,ITG2,20,Sardegna,Sardegna,1639591,197323,12.03,0.33
1717,2021-06-07,SAR,12560,6142,6418,9435,3004,121,ITG,ITG2,20,Sardegna,Sardegna,1639591,209883,12.8,0.77
1718,2021-02-04,SAR,2253,810,1443,895,1355,3,ITG,ITG2,20,Sardegna,Sardegna,1639591,212136,12.94,0.14
1719,2021-04-02,SAR,8844,3493,5351,5458,3237,149,ITG,ITG2,20,Sardegna,Sardegna,1639591,220980,13.48,0.54
1720,2021-05-31,SAR,11370,5410,5960,8161,3110,99,ITG,ITG2,20,Sardegna,Sardegna,1639591,232350,14.17,0.69
1721,2021-04-18,SAR,5118,2220,2898,2223,2867,28,ITG,ITG2,20,Sardegna,Sardegna,1639591,237468,14.48,0.31
1722,2021-01-08,SAR,3240,1178,2062,3238,0,2,ITG,ITG2,20,Sardegna,Sardegna,1639591,240708,14.68,0.2
1723,2021-06-02,SAR,9784,4690,5094,8058,1640,86,ITG,ITG2,20,Sardegna,Sardegna,1639591,250492,15.28,0.6
1724,2021-04-20,SAR,10966,4975,5991,7673,3202,91,ITG,ITG2,20,Sardegna,Sardegna,1639591,261458,15.95,0.67
1725,2020-12-28,SAR,65,25,40,65,0,0,ITG,ITG2,20,Sardegna,Sardegna,1639591,261523,15.95,0.0
1726,2021-06-14,SAR,13743,6638,7105,9995,3609,139,ITG,ITG2,20,Sardegna,Sardegna,1639591,275266,16.79,0.84
1727,2021-03-06,SAR,2626,1074,1552,773,1780,73,ITG,ITG2,20,Sardegna,Sardegna,1639591,277892,16.95,0.16
1728,2021-06-28,SAR,14981,7036,7945,3052,11865,64,ITG,ITG2,20,Sardegna,Sardegna,1639591,292873,17.86,0.91
1729,2021-04-06,SAR,7454,3124,4330,4968,2428,58,ITG,ITG2,20,Sardegna,Sardegna,1639591,300327,18.32,0.45
1730,2020-12-27,SAR,65,34,31,65,0,0,ITG,ITG2,20,Sardegna,Sardegna,1639591,300392,18.32,0.0
1731,2021-04-28,SAR,8996,4267,4729,5158,3691,147,ITG,ITG2,20,Sardegna,Sardegna,1639591,309388,18.87,0.55
1732,2021-01-18,SAR,866,312,554,743,123,0,ITG,ITG2,20,Sardegna,Sardegna,1639591,310254,18.92,0.05
1733,2021-06-24,SAR,19161,9202,9959,8113,10947,101,ITG,ITG2,20,Sardegna,Sardegna,1639591,329415,20.09,1.17
1734,2021-03-16,SAR,4269,1890,2379,3308,921,40,ITG,ITG2,20,Sardegna,Sardegna,1639591,333684,20.35,0.26
1735,2021-04-21,SAR,12036,5542,6494,6433,5507,96,ITG,ITG2,20,Sardegna,Sardegna,1639591,345720,21.09,0.73
1736,2021-01-11,SAR,1172,500,672,1171,0,1,ITG,ITG2,20,Sardegna,Sardegna,1639591,346892,21.16,0.07
1737,2021-06-17,SAR,18450,8524,9926,9919,8411,120,ITG,ITG2,20,Sardegna,Sardegna,1639591,365342,22.28,1.13
1738,2021-01-25,SAR,590,214,376,22,568,0,ITG,ITG2,20,Sardegna,Sardegna,1639591,365932,22.32,0.04
1739,2021-04-30,SAR,11119,5294,5825,6744,4203,172,ITG,ITG2,20,Sardegna,Sardegna,1639591,377051,23.0,0.68
1740,2021-05-17,SAR,12784,6245,6539,9124,3516,144,ITG,ITG2,20,Sardegna,Sardegna,1639591,389835,23.78,0.78
1741,2021-02-06,SAR,1969,697,1272,564,1402,3,ITG,ITG2,20,Sardegna,Sardegna,1639591,391804,23.9,0.12
1742,2021-02-23,SAR,1481,973,508,1214,252,15,ITG,ITG2,20,Sardegna,Sardegna,1639591,393285,23.99,0.09
1743,2021-05-02,SAR,5878,2668,3210,5214,574,90,ITG,ITG2,20,Sardegna,Sardegna,1639591,399163,24.35,0.36
1744,2021-02-08,SAR,1466,531,935,852,613,1,ITG,ITG2,20,Sardegna,Sardegna,1639591,400629,24.43,0.09
1745,2021-06-12,SAR,14752,7192,7560,9937,4700,115,ITG,ITG2,20,Sardegna,Sardegna,1639591,415381,25.33,0.9
1746,2021-03-04,SAR,4342,2279,2063,3040,1248,54,ITG,ITG2,20,Sardegna,Sardegna,1639591,419723,25.6,0.26
1747,2021-03-21,SAR,4017,1804,2213,2571,1427,19,ITG,ITG2,20,Sardegna,Sardegna,1639591,423740,25.84,0.25
1748,2021-04-04,SAR,1,0,1,0,1,0,ITG,ITG2,20,Sardegna,Sardegna,1639591,423741,25.84,0.0
1749,2021-06-16,SAR,17631,8276,9355,12169,5302,160,ITG,ITG2,20,Sardegna,Sardegna,1639591,441372,26.92,1.08
1750,2021-04-16,SAR,14430,6484,7946,8930,5338,162,ITG,ITG2,20,Sardegna,Sardegna,1639591,455802,27.8,0.88
1751,2021-01-23,SAR,50,18,32,0,50,0,ITG,ITG2,20,Sardegna,Sardegna,1639591,455852,27.8,0.0
1752,2021-02-22,SAR,1623,940,683,1369,228,26,ITG,ITG2,20,Sardegna,Sardegna,1639591,457475,27.9,0.1
1753,2021-03-11,SAR,6375,3051,3324,5111,1196,68,ITG,ITG2,20,Sardegna,Sardegna,1639591,463850,28.29,0.39
1754,2021-06-26,SAR,19123,9000,10123,5444,13605,74,ITG,ITG2,20,Sardegna,Sardegna,1639591,482973,29.46,1.17
1755,2021-05-07,SAR,14304,6552,7752,9581,4495,228,ITG,ITG2,20,Sardegna,Sardegna,1639591,497277,30.33,0.87
1756,2021-01-27,SAR,1370,481,889,78,1292,0,ITG,ITG2,20,Sardegna,Sardegna,1639591,498647,30.41,0.08
1757,2021-07-03,SAR,15841,7562,8279,3246,12564,31,ITG,ITG2,20,Sardegna,Sardegna,1639591,514488,31.38,0.97
1758,2021-03-25,SAR,9095,3965,5130,7677,1302,116,ITG,ITG2,20,Sardegna,Sardegna,1639591,523583,31.93,0.55
1759,2021-05-21,SAR,22636,11203,11433,16261,6095,280,ITG,ITG2,20,Sardegna,Sardegna,1639591,546219,33.31,1.38
1760,2021-02-20,SAR,2002,831,1171,1645,334,23,ITG,ITG2,20,Sardegna,Sardegna,1639591,548221,33.44,0.12
1761,2021-05-16,SAR,8221,3831,4390,5987,2160,74,ITG,ITG2,20,Sardegna,Sardegna,1639591,556442,33.94,0.5
1762,2021-07-05,SAR,11920,5832,6088,2532,9361,27,ITG,ITG2,20,Sardegna,Sardegna,1639591,568362,34.66,0.73
1763,2021-01-20,SAR,210,77,133,208,2,0,ITG,ITG2,20,Sardegna,Sardegna,1639591,568572,34.68,0.01
1764,2021-03-29,SAR,4507,1755,2752,3943,486,78,ITG,ITG2,20,Sardegna,Sardegna,1639591,573079,34.95,0.27
1765,2021-01-13,SAR,571,178,393,571,0,0,ITG,ITG2,20,Sardegna,Sardegna,1639591,573650,34.99,0.03
1766,2021-05-28,SAR,17952,8697,9255,13488,4276,188,ITG,ITG2,20,Sardegna,Sardegna,1639591,591602,36.08,1.09
1767,2021-02-17,SAR,1380,570,810,1250,74,56,ITG,ITG2,20,Sardegna,Sardegna,1639591,592982,36.17,0.08
1768,2021-05-25,SAR,15137,7701,7436,8486,6476,175,ITG,ITG2,20,Sardegna,Sardegna,1639591,608119,37.09,0.92
1769,2021-06-11,SAR,14776,7021,7755,9093,5532,151,ITG,ITG2,20,Sardegna,Sardegna,1639591,622895,37.99,0.9
1770,2021-03-03,SAR,4108,2274,1834,2736,1296,76,ITG,ITG2,20,Sardegna,Sardegna,1639591,627003,38.24,0.25
1771,2021-06-30,SAR,17778,8514,9264,4818,12879,81,ITG,ITG2,20,Sardegna,Sardegna,1639591,644781,39.33,1.08
1772,2021-03-22,SAR,3666,1490,2176,3094,498,74,ITG,ITG2,20,Sardegna,Sardegna,1639591,648447,39.55,0.22
1773,2021-04-08,SAR,13414,5927,7487,8195,5110,109,ITG,ITG2,20,Sardegna,Sardegna,1639591,661861,40.37,0.82
1774,2020-12-29,SAR,55,31,24,55,0,0,ITG,ITG2,20,Sardegna,Sardegna,1639591,661916,40.37,0.0
1775,2021-06-04,SAR,14479,6929,7550,9768,4554,157,ITG,ITG2,20,Sardegna,Sardegna,1639591,676395,41.25,0.88
1776,2021-06-21,SAR,14011,6729,7282,5122,8817,72,ITG,ITG2,20,Sardegna,Sardegna,1639591,690406,42.11,0.85
1777,2021-03-13,SAR,2740,1070,1670,2421,279,40,ITG,ITG2,20,Sardegna,Sardegna,1639591,693146,42.28,0.17
1778,2021-03-30,SAR,8708,3566,5142,6334,2235,139,ITG,ITG2,20,Sardegna,Sardegna,1639591,701854,42.81,0.53
1779,2021-01-06,SAR,1608,546,1062,1607,0,1,ITG,ITG2,20,Sardegna,Sardegna,1639591,703462,42.9,0.1
1780,2021-06-23,SAR,20531,9660,10871,6191,14249,91,ITG,ITG2,20,Sardegna,Sardegna,1639591,723993,44.16,1.25
1781,2021-04-25,SAR,4490,2265,2225,3667,777,46,ITG,ITG2,20,Sardegna,Sardegna,1639591,728483,44.43,0.27
1782,2021-01-15,SAR,1274,498,776,1272,0,2,ITG,ITG2,20,Sardegna,Sardegna,1639591,729757,44.51,0.08
1783,2021-02-01,SAR,1523,605,918,224,1299,0,ITG,ITG2,20,Sardegna,Sardegna,1639591,731280,44.6,0.09
1784,2021-05-09,SAR,6124,2872,3252,5111,926,87,ITG,ITG2,20,Sardegna,Sardegna,1639591,737404,44.97,0.37
1785,2021-05-26,SAR,15534,8188,7346,9705,5645,184,ITG,ITG2,20,Sardegna,Sardegna,1639591,752938,45.92,0.95
1786,2021-02-15,SAR,954,347,607,917,31,6,ITG,ITG2,20,Sardegna,Sardegna,1639591,753892,45.98,0.06
1787,2021-03-18,SAR,7248,3067,4181,5570,1605,73,ITG,ITG2,20,Sardegna,Sardegna,1639591,761140,46.42,0.44
1788,2021-05-14,SAR,14538,6860,7678,10758,3618,162,ITG,ITG2,20,Sardegna,Sardegna,1639591,775678,47.31,0.89
1789,2021-02-03,SAR,1118,418,700,424,693,1,ITG,ITG2,20,Sardegna,Sardegna,1639591,776796,47.38,0.07
1790,2021-04-01,SAR,10115,4049,6066,6974,3006,135,ITG,ITG2,20,Sardegna,Sardegna,1639591,786911,47.99,0.62
1791,2021-02-10,SAR,1954,765,1189,1430,518,6,ITG,ITG2,20,Sardegna,Sardegna,1639591,788865,48.11,0.12
1792,2021-04-29,SAR,11113,5102,6011,6611,4351,151,ITG,ITG2,20,Sardegna,Sardegna,1639591,799978,48.79,0.68
1793,2021-06-25,SAR,16495,7803,8692,3899,12540,56,ITG,ITG2,20,Sardegna,Sardegna,1639591,816473,49.8,1.01
1794,2021-01-10,SAR,2166,746,1420,2166,0,0,ITG,ITG2,20,Sardegna,Sardegna,1639591,818639,49.93,0.13
1795,2021-04-22,SAR,10435,4628,5807,5497,4855,83,ITG,ITG2,20,Sardegna,Sardegna,1639591,829074,50.57,0.64
1796,2021-01-12,SAR,863,406,457,863,0,0,ITG,ITG2,20,Sardegna,Sardegna,1639591,829937,50.62,0.05
1797,2021-05-11,SAR,8799,4084,4715,6303,2370,126,ITG,ITG2,20,Sardegna,Sardegna,1639591,838736,51.16,0.54
1798,2021-01-31,SAR,2117,749,1368,45,2072,0,ITG,ITG2,20,Sardegna,Sardegna,1639591,840853,51.28,0.13
1799,2021-02-14,SAR,537,263,274,535,2,0,ITG,ITG2,20,Sardegna,Sardegna,1639591,841390,51.32,0.03
1800,2021-04-05,SAR,2031,782,1249,1999,1,31,ITG,ITG2,20,Sardegna,Sardegna,1639591,843421,51.44,0.12
1801,2021-06-29,SAR,17848,8582,9266,3753,14047,48,ITG,ITG2,20,Sardegna,Sardegna,1639591,861269,52.53,1.09
1802,2021-02-05,SAR,1894,747,1147,430,1462,2,ITG,ITG2,20,Sardegna,Sardegna,1639591,863163,52.65,0.12
1803,2021-04-03,SAR,4657,1803,2854,2629,1964,64,ITG,ITG2,20,Sardegna,Sardegna,1639591,867820,52.93,0.28
1804,2021-05-30,SAR,9727,4836,4891,7300,2357,70,ITG,ITG2,20,Sardegna,Sardegna,1639591,877547,53.52,0.59
1805,2021-02-19,SAR,1473,463,1010,1374,56,43,ITG,ITG2,20,Sardegna,Sardegna,1639591,879020,53.61,0.09
1806,2021-04-15,SAR,11746,5488,6258,6759,4876,111,ITG,ITG2,20,Sardegna,Sardegna,1639591,890766,54.33,0.72
1807,2021-01-05,SAR,1320,443,877,1320,0,0,ITG,ITG2,20,Sardegna,Sardegna,1639591,892086,54.41,0.08
1808,2021-01-22,SAR,83,47,36,55,28,0,ITG,ITG2,20,Sardegna,Sardegna,1639591,892169,54.41,0.01
1809,2021-04-17,SAR,9984,4464,5520,5397,4509,78,ITG,ITG2,20,Sardegna,Sardegna,1639591,902153,55.02,0.61
1810,2021-01-03,SAR,90,36,54,90,0,0,ITG,ITG2,20,Sardegna,Sardegna,1639591,902243,55.03,0.01
1811,2021-06-22,SAR,19329,8985,10344,7167,12060,102,ITG,ITG2,20,Sardegna,Sardegna,1639591,921572,56.21,1.18
1812,2021-03-31,SAR,10199,4126,6073,7653,2424,122,ITG,ITG2,20,Sardegna,Sardegna,1639591,931771,56.83,0.62
1813,2021-03-20,SAR,5174,2066,3108,2890,2258,26,ITG,ITG2,20,Sardegna,Sardegna,1639591,936945,57.15,0.32
1814,2021-06-13,SAR,9498,4674,4824,6158,3260,80,ITG,ITG2,20,Sardegna,Sardegna,1639591,946443,57.72,0.58
1815,2021-01-29,SAR,2955,1070,1885,45,2908,2,ITG,ITG2,20,Sardegna,Sardegna,1639591,949398,57.9,0.18
1816,2021-05-18,SAR,14746,7373,7373,9443,5199,104,ITG,ITG2,20,Sardegna,Sardegna,1639591,964144,58.8,0.9
1817,2021-02-24,SAR,2406,1290,1116,2182,189,35,ITG,ITG2,20,Sardegna,Sardegna,1639591,966550,58.95,0.15
1818,2021-04-12,SAR,6977,3172,3805,5200,1713,64,ITG,ITG2,20,Sardegna,Sardegna,1639591,973527,59.38,0.43
1819,2021-01-02,SAR,59,21,38,59,0,0,ITG,ITG2,20,Sardegna,Sardegna,1639591,973586,59.38,0.0
1820,2021-06-08,SAR,14828,7069,7759,11171,3504,153,ITG,ITG2,20,Sardegna,Sardegna,1639591,988414,60.28,0.9
1821,2021-02-28,SAR,367,169,198,139,226,2,ITG,ITG2,20,Sardegna,Sardegna,1639591,988781,60.31,0.02
1822,2021-04-26,SAR,6820,3264,3556,5855,876,89,ITG,ITG2,20,Sardegna,Sardegna,1639591,995601,60.72,0.42
1823,2021-07-02,SAR,19058,8965,10093,4417,14545,96,ITG,ITG2,20,Sardegna,Sardegna,1639591,1014659,61.88,1.16
1824,2021-04-27,SAR,7609,3547,4062,5470,2041,98,ITG,ITG2,20,Sardegna,Sardegna,1639591,1022268,62.35,0.46
1825,2021-01-17,SAR,859,277,582,858,1,0,ITG,ITG2,20,Sardegna,Sardegna,1639591,1023127,62.4,0.05
1826,2021-03-15,SAR,2793,1316,1477,2380,373,40,ITG,ITG2,20,Sardegna,Sardegna,1639591,1025920,62.57,0.17
1827,2021-07-04,SAR,8199,3986,4213,2068,6116,15,ITG,ITG2,20,Sardegna,Sardegna,1639591,1034119,63.07,0.5
1828,2021-03-26,SAR,8422,3486,4936,6771,1526,125,ITG,ITG2,20,Sardegna,Sardegna,1639591,1042541,63.59,0.51
1829,2021-05-22,SAR,24821,11942,12879,19386,5130,305,ITG,ITG2,20,Sardegna,Sardegna,1639591,1067362,65.1,1.51
1830,2021-01-19,SAR,739,265,474,686,52,1,ITG,ITG2,20,Sardegna,Sardegna,1639591,1068101,65.14,0.05
1831,2021-03-17,SAR,6455,2808,3647,4821,1597,37,ITG,ITG2,20,Sardegna,Sardegna,1639591,1074556,65.54,0.39
1832,2021-06-27,SAR,9010,4306,4704,2956,6026,28,ITG,ITG2,20,Sardegna,Sardegna,1639591,1083566,66.09,0.55
1833,2021-03-24,SAR,7383,3101,4282,5893,1356,134,ITG,ITG2,20,Sardegna,Sardegna,1639591,1090949,66.54,0.45
1834,2021-03-27,SAR,5729,2192,3537,5220,422,87,ITG,ITG2,20,Sardegna,Sardegna,1639591,1096678,66.89,0.35
1835,2021-05-23,SAR,9963,4805,5158,7623,2244,96,ITG,ITG2,20,Sardegna,Sardegna,1639591,1106641,67.49,0.61
1836,2021-02-12,SAR,2216,920,1296,2152,59,5,ITG,ITG2,20,Sardegna,Sardegna,1639591,1108857,67.63,0.14
1837,2021-04-10,SAR,10458,4735,5723,8447,1911,100,ITG,ITG2,20,Sardegna,Sardegna,1639591,1119315,68.27,0.64
1838,2021-01-07,SAR,3093,1069,2024,3089,0,4,ITG,ITG2,20,Sardegna,Sardegna,1639591,1122408,68.46,0.19
1839,2021-06-10,SAR,17807,8477,9330,11648,6035,124,ITG,ITG2,20,Sardegna,Sardegna,1639591,1140215,69.54,1.09
1840,2020-12-31,SAR,27,15,12,27,0,0,ITG,ITG2,20,Sardegna,Sardegna,1639591,1140242,69.54,0.0
1841,2021-06-03,SAR,16393,7643,8750,10566,5687,140,ITG,ITG2,20,Sardegna,Sardegna,1639591,1156635,70.54,1.0
1842,2021-06-20,SAR,6288,2804,3484,3636,2620,32,ITG,ITG2,20,Sardegna,Sardegna,1639591,1162923,70.93,0.38
1843,2021-03-12,SAR,5970,2616,3354,4522,1304,144,ITG,ITG2,20,Sardegna,Sardegna,1639591,1168893,71.29,0.36
1844,2021-06-06,SAR,10035,5002,5033,6316,3651,68,ITG,ITG2,20,Sardegna,Sardegna,1639591,1178928,71.9,0.61
1845,2021-04-14,SAR,8208,3880,4328,6911,1237,60,ITG,ITG2,20,Sardegna,Sardegna,1639591,1187136,72.4,0.5
1846,2021-01-28,SAR,2968,1044,1924,67,2901,0,ITG,ITG2,20,Sardegna,Sardegna,1639591,1190104,72.59,0.18
1847,2021-05-27,SAR,17820,9259,8561,12078,5534,208,ITG,ITG2,20,Sardegna,Sardegna,1639591,1207924,73.67,1.09
1848,2021-02-16,SAR,699,289,410,663,27,9,ITG,ITG2,20,Sardegna,Sardegna,1639591,1208623,73.71,0.04
1849,2021-03-05,SAR,5187,2592,2595,2802,2350,35,ITG,ITG2,20,Sardegna,Sardegna,1639591,1213810,74.03,0.32
1850,2021-05-01,SAR,9873,4746,5127,5327,4454,92,ITG,ITG2,20,Sardegna,Sardegna,1639591,1223683,74.63,0.6
1851,2021-01-21,SAR,126,60,66,94,32,0,ITG,ITG2,20,Sardegna,Sardegna,1639591,1223809,74.64,0.01
1852,2021-02-07,SAR,1117,395,722,227,889,1,ITG,ITG2,20,Sardegna,Sardegna,1639591,1224926,74.71,0.07
1853,2021-05-03,SAR,8167,3807,4360,6470,1596,101,ITG,ITG2,20,Sardegna,Sardegna,1639591,1233093,75.21,0.5
1854,2021-05-20,SAR,16302,7851,8451,11237,4890,175,ITG,ITG2,20,Sardegna,Sardegna,1639591,1249395,76.2,0.99
1855,2021-02-09,SAR,2284,835,1449,1283,996,5,ITG,ITG2,20,Sardegna,Sardegna,1639591,1251679,76.34,0.14
1856,2021-02-26,SAR,2711,1068,1643,2357,306,48,ITG,ITG2,20,Sardegna,Sardegna,1639591,1254390,76.51,0.17
1857,2021-06-01,SAR,14317,6652,7665,9633,4590,94,ITG,ITG2,20,Sardegna,Sardegna,1639591,1268707,77.38,0.87
1858,2021-02-21,SAR,1588,709,879,1557,30,1,ITG,ITG2,20,Sardegna,Sardegna,1639591,1270295,77.48,0.1
1859,2021-04-19,SAR,10152,4605,5547,8597,1423,132,ITG,ITG2,20,Sardegna,Sardegna,1639591,1280447,78.1,0.62
1860,2021-01-09,SAR,4001,1412,2589,4001,0,0,ITG,ITG2,20,Sardegna,Sardegna,1639591,1284448,78.34,0.24
1861,2021-06-15,SAR,14680,6799,7881,9816,4731,133,ITG,ITG2,20,Sardegna,Sardegna,1639591,1299128,79.23,0.9
1862,2021-03-07,SAR,1631,725,906,1088,539,4,ITG,ITG2,20,Sardegna,Sardegna,1639591,1300759,79.33,0.1
1863,2021-03-19,SAR,7259,3044,4215,4993,2213,53,ITG,ITG2,20,Sardegna,Sardegna,1639591,1308018,79.78,0.44
1864,2021-04-07,SAR,13518,6040,7478,7808,5642,68,ITG,ITG2,20,Sardegna,Sardegna,1639591,1321536,80.6,0.82
1865,2021-04-24,SAR,10309,4819,5490,7851,2331,127,ITG,ITG2,20,Sardegna,Sardegna,1639591,1331845,81.23,0.63
1866,2021-01-14,SAR,1103,424,679,1103,0,0,ITG,ITG2,20,Sardegna,Sardegna,1639591,1332948,81.3,0.07
1867,2021-01-01,SAR,32,17,15,32,0,0,ITG,ITG2,20,Sardegna,Sardegna,1639591,1332980,81.3,0.0
1868,2021-02-27,SAR,1867,622,1245,1271,555,41,ITG,ITG2,20,Sardegna,Sardegna,1639591,1334847,81.41,0.11
1869,2021-04-13,SAR,7532,3561,3971,5651,1824,57,ITG,ITG2,20,Sardegna,Sardegna,1639591,1342379,81.87,0.46
1870,2021-06-09,SAR,15461,7365,8096,11576,3738,147,ITG,ITG2,20,Sardegna,Sardegna,1639591,1357840,82.82,0.94
1871,2021-03-08,SAR,4669,2418,2251,3411,1219,39,ITG,ITG2,20,Sardegna,Sardegna,1639591,1362509,83.1,0.28
1872,2021-05-04,SAR,9535,4384,5151,7538,1852,145,ITG,ITG2,20,Sardegna,Sardegna,1639591,1372044,83.68,0.58
1873,2021-01-24,SAR,90,34,56,5,85,0,ITG,ITG2,20,Sardegna,Sardegna,1639591,1372134,83.69,0.01
1874,2021-06-18,SAR,16482,7506,8976,8603,7764,115,ITG,ITG2,20,Sardegna,Sardegna,1639591,1388616,84.69,1.01
1875,2021-03-10,SAR,6017,2940,3077,5126,829,62,ITG,ITG2,20,Sardegna,Sardegna,1639591,1394633,85.06,0.37
1876,2021-05-06,SAR,12937,6007,6930,9558,3142,237,ITG,ITG2,20,Sardegna,Sardegna,1639591,1407570,85.85,0.79
1877,2021-03-01,SAR,2041,961,1080,1357,658,26,ITG,ITG2,20,Sardegna,Sardegna,1639591,1409611,85.97,0.12
1878,2021-05-13,SAR,12363,5858,6505,8717,3446,200,ITG,ITG2,20,Sardegna,Sardegna,1639591,1421974,86.73,0.75
1879,2021-02-02,SAR,1498,669,829,257,1241,0,ITG,ITG2,20,Sardegna,Sardegna,1639591,1423472,86.82,0.09
1880,2021-05-15,SAR,13783,6419,7364,10189,3433,161,ITG,ITG2,20,Sardegna,Sardegna,1639591,1437255,87.66,0.84
1881,2021-01-26,SAR,1336,453,883,27,1309,0,ITG,ITG2,20,Sardegna,Sardegna,1639591,1438591,87.74,0.08
1882,2021-05-08,SAR,13049,5951,7098,10638,2281,130,ITG,ITG2,20,Sardegna,Sardegna,1639591,1451640,88.54,0.8
1883,2021-01-16,TOS,3271,1046,2225,3213,0,58,ITI,ITI1,9,Toscana,Toscana,3729641,3271,0.09,0.09
1884,2021-04-26,TOS,10140,4932,5208,7457,2551,132,ITI,ITI1,9,Toscana,Toscana,3729641,13411,0.36,0.27
1885,2021-01-02,TOS,3497,1096,2401,3453,0,44,ITI,ITI1,9,Toscana,Toscana,3729641,16908,0.45,0.09
1886,2021-03-07,TOS,5647,2357,3290,1998,3543,106,ITI,ITI1,9,Toscana,Toscana,3729641,22555,0.6,0.15
1887,2021-06-05,TOS,28424,13594,14830,20550,7610,264,ITI,ITI1,9,Toscana,Toscana,3729641,50979,1.37,0.76
1888,2021-01-11,TOS,5095,1691,3404,4995,0,100,ITI,ITI1,9,Toscana,Toscana,3729641,56074,1.5,0.14
1889,2021-04-21,TOS,29616,12675,16941,16863,12123,630,ITI,ITI1,9,Toscana,Toscana,3729641,85690,2.3,0.79
1890,2021-02-23,TOS,7723,3325,4398,7219,161,343,ITI,ITI1,9,Toscana,Toscana,3729641,93413,2.5,0.21
1891,2021-06-03,TOS,31996,15412,16584,27127,4547,322,ITI,ITI1,9,Toscana,Toscana,3729641,125409,3.36,0.86
1892,2021-06-22,TOS,31004,15592,15412,22441,8189,374,ITI,ITI1,9,Toscana,Toscana,3729641,156413,4.19,0.83
1893,2021-05-17,TOS,29694,14812,14882,20621,8872,201,ITI,ITI1,9,Toscana,Toscana,3729641,186107,4.99,0.8
1894,2021-03-21,TOS,3293,1627,1666,1818,1433,42,ITI,ITI1,9,Toscana,Toscana,3729641,189400,5.08,0.09
1895,2021-01-23,TOS,3966,1360,2606,634,3326,6,ITI,ITI1,9,Toscana,Toscana,3729641,193366,5.18,0.11
1896,2021-06-29,TOS,36955,17988,18967,7976,28836,143,ITI,ITI1,9,Toscana,Toscana,3729641,230321,6.18,0.99
1897,2021-05-03,TOS,11927,5507,6420,10369,1317,241,ITI,ITI1,9,Toscana,Toscana,3729641,242248,6.5,0.32
1898,2021-07-01,TOS,31953,15449,16504,10717,20970,266,ITI,ITI1,9,Toscana,Toscana,3729641,274201,7.35,0.86
1899,2021-03-26,TOS,20679,9394,11285,14716,5765,198,ITI,ITI1,9,Toscana,Toscana,3729641,294880,7.91,0.55
1900,2021-03-09,TOS,11129,4567,6562,5504,5552,73,ITI,ITI1,9,Toscana,Toscana,3729641,306009,8.2,0.3
1901,2021-04-09,TOS,24595,10580,14015,20743,3409,443,ITI,ITI1,9,Toscana,Toscana,3729641,330604,8.86,0.66
1902,2021-06-17,TOS,32475,16619,15856,26647,5497,331,ITI,ITI1,9,Toscana,Toscana,3729641,363079,9.73,0.87
1903,2021-02-04,TOS,4253,1594,2659,934,3292,27,ITI,ITI1,9,Toscana,Toscana,3729641,367332,9.85,0.11
1904,2021-05-15,TOS,29337,13850,15487,22862,5887,588,ITI,ITI1,9,Toscana,Toscana,3729641,396669,10.64,0.79
1905,2021-05-22,TOS,26013,12655,13358,21454,4285,274,ITI,ITI1,9,Toscana,Toscana,3729641,422682,11.33,0.7
1906,2021-05-05,TOS,30112,13439,16673,14880,14511,721,ITI,ITI1,9,Toscana,Toscana,3729641,452794,12.14,0.81
1907,2021-02-28,TOS,1649,667,982,851,727,71,ITI,ITI1,9,Toscana,Toscana,3729641,454443,12.18,0.04
1908,2021-02-11,TOS,5384,2022,3362,5064,242,78,ITI,ITI1,9,Toscana,Toscana,3729641,459827,12.33,0.14
1909,2021-02-09,TOS,4488,1468,3020,3763,611,114,ITI,ITI1,9,Toscana,Toscana,3729641,464315,12.45,0.12
1910,2021-04-02,TOS,31988,13569,18419,23714,8026,248,ITI,ITI1,9,Toscana,Toscana,3729641,496303,13.31,0.86
1911,2021-06-24,TOS,29418,14600,14818,19298,9733,387,ITI,ITI1,9,Toscana,Toscana,3729641,525721,14.1,0.79
1912,2021-01-09,TOS,4485,1596,2889,4419,0,66,ITI,ITI1,9,Toscana,Toscana,3729641,530206,14.22,0.12
1913,2021-01-28,TOS,6282,1882,4400,347,5928,7,ITI,ITI1,9,Toscana,Toscana,3729641,536488,14.38,0.17
1914,2021-03-19,TOS,10142,4460,5682,7131,2868,143,ITI,ITI1,9,Toscana,Toscana,3729641,546630,14.66,0.27
1915,2021-04-07,TOS,35825,15462,20363,28168,7249,408,ITI,ITI1,9,Toscana,Toscana,3729641,582455,15.62,0.96
1916,2021-06-12,TOS,29382,15147,14235,24650,4387,345,ITI,ITI1,9,Toscana,Toscana,3729641,611837,16.4,0.79
1917,2021-04-16,TOS,28943,12878,16065,21425,6896,622,ITI,ITI1,9,Toscana,Toscana,3729641,640780,17.18,0.78
1918,2021-02-16,TOS,9280,3340,5940,8329,721,230,ITI,ITI1,9,Toscana,Toscana,3729641,650060,17.43,0.25
1919,2021-05-02,TOS,11166,4931,6235,8968,1963,235,ITI,ITI1,9,Toscana,Toscana,3729641,661226,17.73,0.3
1920,2021-02-25,TOS,10633,4306,6327,9471,998,164,ITI,ITI1,9,Toscana,Toscana,3729641,671859,18.01,0.29
1921,2021-06-28,TOS,37638,18100,19538,8443,29029,166,ITI,ITI1,9,Toscana,Toscana,3729641,709497,19.02,1.01
1922,2021-01-20,TOS,1332,638,694,1021,248,63,ITI,ITI1,9,Toscana,Toscana,3729641,710829,19.06,0.04
1923,2021-04-30,TOS,40192,17786,22406,19650,19892,650,ITI,ITI1,9,Toscana,Toscana,3729641,751021,20.14,1.08
1924,2021-02-20,TOS,4640,1789,2851,3995,513,132,ITI,ITI1,9,Toscana,Toscana,3729641,755661,20.26,0.12
1925,2021-03-28,TOS,6212,2808,3404,5880,254,78,ITI,ITI1,9,Toscana,Toscana,3729641,761873,20.43,0.17
1926,2021-01-30,TOS,4622,1622,3000,179,4425,18,ITI,ITI1,9,Toscana,Toscana,3729641,766495,20.55,0.12
1927,2021-05-10,TOS,26191,12386,13805,15328,10619,244,ITI,ITI1,9,Toscana,Toscana,3729641,792686,21.25,0.7
1928,2021-03-14,TOS,7174,2569,4605,3150,3935,89,ITI,ITI1,9,Toscana,Toscana,3729641,799860,21.45,0.19
1929,2021-06-10,TOS,26344,13519,12825,25469,534,341,ITI,ITI1,9,Toscana,Toscana,3729641,826204,22.15,0.71
1930,2021-05-24,TOS,33722,16703,17019,23851,9569,302,ITI,ITI1,9,Toscana,Toscana,3729641,859926,23.06,0.9
1931,2021-01-25,TOS,5126,1895,3231,242,4879,5,ITI,ITI1,9,Toscana,Toscana,3729641,865052,23.19,0.14
1932,2021-04-18,TOS,8359,4091,4268,7061,1028,270,ITI,ITI1,9,Toscana,Toscana,3729641,873411,23.42,0.22
1933,2021-04-28,TOS,19121,8179,10942,3466,15307,348,ITI,ITI1,9,Toscana,Toscana,3729641,892532,23.93,0.51
1934,2021-02-18,TOS,8822,3285,5537,7744,896,182,ITI,ITI1,9,Toscana,Toscana,3729641,901354,24.17,0.24
1935,2021-05-29,TOS,31554,15255,16299,23166,8161,227,ITI,ITI1,9,Toscana,Toscana,3729641,932908,25.01,0.85
1936,2021-03-23,TOS,9400,4376,5024,6935,2275,190,ITI,ITI1,9,Toscana,Toscana,3729641,942308,25.27,0.25
1937,2020-12-30,TOS,327,104,223,326,0,1,ITI,ITI1,9,Toscana,Toscana,3729641,942635,25.27,0.01
1938,2021-03-02,TOS,10599,3799,6800,7046,3444,109,ITI,ITI1,9,Toscana,Toscana,3729641,953234,25.56,0.28
1939,2021-01-04,TOS,5066,1895,3171,5001,0,65,ITI,ITI1,9,Toscana,Toscana,3729641,958300,25.69,0.14
1940,2021-04-14,TOS,20183,8345,11838,14539,5109,535,ITI,ITI1,9,Toscana,Toscana,3729641,978483,26.24,0.54
1941,2021-06-14,TOS,31780,16319,15461,27396,4103,281,ITI,ITI1,9,Toscana,Toscana,3729641,1010263,27.09,0.85
1942,2021-03-04,TOS,17847,6950,10897,14616,3082,149,ITI,ITI1,9,Toscana,Toscana,3729641,1028110,27.57,0.48
1943,2021-03-18,TOS,9980,3984,5996,5870,3972,138,ITI,ITI1,9,Toscana,Toscana,3729641,1038090,27.83,0.27
1944,2021-06-26,TOS,34519,16745,17774,9998,24296,225,ITI,ITI1,9,Toscana,Toscana,3729641,1072609,28.76,0.93
1945,2021-06-09,TOS,34737,17514,17223,33896,425,416,ITI,ITI1,9,Toscana,Toscana,3729641,1107346,29.69,0.93
1946,2021-04-04,TOS,13921,6608,7313,13507,253,161,ITI,ITI1,9,Toscana,Toscana,3729641,1121267,30.06,0.37
1947,2021-01-21,TOS,1589,686,903,858,722,9,ITI,ITI1,9,Toscana,Toscana,3729641,1122856,30.11,0.04
1948,2021-06-02,TOS,27569,13605,13964,21835,5506,228,ITI,ITI1,9,Toscana,Toscana,3729641,1150425,30.85,0.74
1949,2021-04-06,TOS,22223,9821,12402,18094,3716,413,ITI,ITI1,9,Toscana,Toscana,3729641,1172648,31.44,0.6
1950,2021-02-08,TOS,4097,1360,2737,3527,459,111,ITI,ITI1,9,Toscana,Toscana,3729641,1176745,31.55,0.11
1951,2021-05-19,TOS,27945,13567,14378,18622,9043,280,ITI,ITI1,9,Toscana,Toscana,3729641,1204690,32.3,0.75
1952,2021-04-13,TOS,8487,3506,4981,5750,2457,280,ITI,ITI1,9,Toscana,Toscana,3729641,1213177,32.53,0.23
1953,2021-04-25,TOS,11059,5248,5811,8759,2140,160,ITI,ITI1,9,Toscana,Toscana,3729641,1224236,32.82,0.3
1954,2021-01-13,TOS,4062,1398,2664,3998,0,64,ITI,ITI1,9,Toscana,Toscana,3729641,1228298,32.93,0.11
1955,2021-04-23,TOS,25645,11414,14231,8842,16301,502,ITI,ITI1,9,Toscana,Toscana,3729641,1253943,33.62,0.69
1956,2021-02-06,TOS,4527,1550,2977,1262,3233,32,ITI,ITI1,9,Toscana,Toscana,3729641,1258470,33.74,0.12
1957,2021-05-07,TOS,32119,14689,17430,11570,20141,408,ITI,ITI1,9,Toscana,Toscana,3729641,1290589,34.6,0.86
1958,2021-02-13,TOS,7786,2361,5425,7416,227,143,ITI,ITI1,9,Toscana,Toscana,3729641,1298375,34.81,0.21
1959,2021-05-12,TOS,34199,15574,18625,13583,20030,586,ITI,ITI1,9,Toscana,Toscana,3729641,1332574,35.73,0.92
1960,2021-01-18,TOS,1119,636,483,971,98,50,ITI,ITI1,9,Toscana,Toscana,3729641,1333693,35.76,0.03
1961,2021-02-01,TOS,5509,1958,3551,511,4988,10,ITI,ITI1,9,Toscana,Toscana,3729641,1339202,35.91,0.15
1962,2021-04-27,TOS,10354,4916,5438,3667,6487,200,ITI,ITI1,9,Toscana,Toscana,3729641,1349556,36.18,0.28
1963,2021-01-17,TOS,2535,870,1665,1986,514,35,ITI,ITI1,9,Toscana,Toscana,3729641,1352091,36.25,0.07
1964,2021-03-16,TOS,4899,1882,3017,2565,2251,83,ITI,ITI1,9,Toscana,Toscana,3729641,1356990,36.38,0.13
1965,2021-02-27,TOS,1984,756,1228,1007,902,75,ITI,ITI1,9,Toscana,Toscana,3729641,1358974,36.44,0.05
1966,2021-06-07,TOS,34816,17056,17760,30882,3603,331,ITI,ITI1,9,Toscana,Toscana,3729641,1393790,37.37,0.93
1967,2021-05-21,TOS,28884,13455,15429,17200,11411,273,ITI,ITI1,9,Toscana,Toscana,3729641,1422674,38.15,0.77
1968,2021-05-31,TOS,30280,14604,15676,19216,10823,241,ITI,ITI1,9,Toscana,Toscana,3729641,1452954,38.96,0.81
1969,2021-05-14,TOS,33316,15405,17911,20018,12664,634,ITI,ITI1,9,Toscana,Toscana,3729641,1486270,39.85,0.89
1970,2021-01-01,TOS,2370,788,1582,2325,0,45,ITI,ITI1,9,Toscana,Toscana,3729641,1488640,39.91,0.06
1971,2021-04-11,TOS,3645,1680,1965,3337,155,153,ITI,ITI1,9,Toscana,Toscana,3729641,1492285,40.01,0.1
1972,2021-07-03,TOS,29318,14766,14552,11858,17088,372,ITI,ITI1,9,Toscana,Toscana,3729641,1521603,40.8,0.79
1973,2021-03-06,TOS,7110,2852,4258,2832,4196,82,ITI,ITI1,9,Toscana,Toscana,3729641,1528713,40.99,0.19
1974,2021-05-26,TOS,35582,17100,18482,20116,15198,268,ITI,ITI1,9,Toscana,Toscana,3729641,1564295,41.94,0.95
1975,2021-03-30,TOS,17019,7643,9376,13268,3563,188,ITI,ITI1,9,Toscana,Toscana,3729641,1581314,42.4,0.46
1976,2020-12-27,TOS,620,267,353,615,0,5,ITI,ITI1,9,Toscana,Toscana,3729641,1581934,42.42,0.02
1977,2021-01-03,TOS,3336,1052,2284,3290,0,46,ITI,ITI1,9,Toscana,Toscana,3729641,1585270,42.5,0.09
1978,2021-02-15,TOS,8770,3376,5394,7775,826,169,ITI,ITI1,9,Toscana,Toscana,3729641,1594040,42.74,0.24
1979,2021-02-22,TOS,9818,4253,5565,9169,277,372,ITI,ITI1,9,Toscana,Toscana,3729641,1603858,43.0,0.26
1980,2021-03-20,TOS,6586,2977,3609,5363,1136,87,ITI,ITI1,9,Toscana,Toscana,3729641,1610444,43.18,0.18
1981,2021-01-22,TOS,2866,1064,1802,525,2338,3,ITI,ITI1,9,Toscana,Toscana,3729641,1613310,43.26,0.08
1982,2021-03-27,TOS,8862,4153,4709,8513,215,134,ITI,ITI1,9,Toscana,Toscana,3729641,1622172,43.49,0.24
1983,2021-07-05,TOS,14777,7271,7506,5930,8715,132,ITI,ITI1,9,Toscana,Toscana,3729641,1636949,43.89,0.4
1984,2021-03-08,TOS,6707,2945,3762,1844,4820,43,ITI,ITI1,9,Toscana,Toscana,3729641,1643656,44.07,0.18
1985,2021-06-16,TOS,31735,16246,15489,26255,5164,316,ITI,ITI1,9,Toscana,Toscana,3729641,1675391,44.92,0.85
1986,2021-05-30,TOS,28673,13944,14729,21485,6946,242,ITI,ITI1,9,Toscana,Toscana,3729641,1704064,45.69,0.77
1987,2021-07-04,TOS,30480,14768,15712,9323,20870,287,ITI,ITI1,9,Toscana,Toscana,3729641,1734544,46.51,0.82
1988,2020-12-31,TOS,802,201,601,798,0,4,ITI,ITI1,9,Toscana,Toscana,3729641,1735346,46.53,0.02
1989,2021-04-10,TOS,11721,5348,6373,10745,743,233,ITI,ITI1,9,Toscana,Toscana,3729641,1747067,46.84,0.31
1990,2021-02-19,TOS,8292,2952,5340,7602,513,177,ITI,ITI1,9,Toscana,Toscana,3729641,1755359,47.07,0.22
1991,2021-06-11,TOS,29682,15440,14242,24707,4622,353,ITI,ITI1,9,Toscana,Toscana,3729641,1785041,47.86,0.8
1992,2021-04-15,TOS,24401,10195,14206,15305,8570,526,ITI,ITI1,9,Toscana,Toscana,3729641,1809442,48.52,0.65
1993,2021-02-17,TOS,8176,3170,5006,7305,752,119,ITI,ITI1,9,Toscana,Toscana,3729641,1817618,48.73,0.22
1994,2021-05-28,TOS,30074,13911,16163,17403,12444,227,ITI,ITI1,9,Toscana,Toscana,3729641,1847692,49.54,0.81
1995,2021-04-22,TOS,35694,15292,20402,17386,17485,823,ITI,ITI1,9,Toscana,Toscana,3729641,1883386,50.5,0.96
1996,2021-02-24,TOS,10371,4467,5904,10040,197,134,ITI,ITI1,9,Toscana,Toscana,3729641,1893757,50.78,0.28
1997,2021-06-04,TOS,28250,13377,14873,20234,7755,261,ITI,ITI1,9,Toscana,Toscana,3729641,1922007,51.53,0.76
1998,2021-01-08,TOS,5947,1643,4304,5854,0,93,ITI,ITI1,9,Toscana,Toscana,3729641,1927954,51.69,0.16
1999,2021-04-01,TOS,27022,11209,15813,16161,10629,232,ITI,ITI1,9,Toscana,Toscana,3729641,1954976,52.42,0.72
2000,2021-03-15,TOS,8698,3645,5053,4084,4443,171,ITI,ITI1,9,Toscana,Toscana,3729641,1963674,52.65,0.23
2001,2021-06-23,TOS,31498,15266,16232,19777,11370,351,ITI,ITI1,9,Toscana,Toscana,3729641,1995172,53.5,0.84
2002,2021-01-10,TOS,3002,1105,1897,2948,0,54,ITI,ITI1,9,Toscana,Toscana,3729641,1998174,53.58,0.08
2003,2021-04-20,TOS,18160,8110,10050,12228,5575,357,ITI,ITI1,9,Toscana,Toscana,3729641,2016334,54.06,0.49
2004,2021-04-03,TOS,15013,6646,8367,13674,1126,213,ITI,ITI1,9,Toscana,Toscana,3729641,2031347,54.46,0.4
2005,2021-01-27,TOS,4836,1574,3262,202,4629,5,ITI,ITI1,9,Toscana,Toscana,3729641,2036183,54.59,0.13
2006,2021-03-17,TOS,11421,4587,6834,6799,4529,93,ITI,ITI1,9,Toscana,Toscana,3729641,2047604,54.9,0.31
2007,2021-06-25,TOS,33541,16761,16780,12101,21166,274,ITI,ITI1,9,Toscana,Toscana,3729641,2081145,55.8,0.9
2008,2021-06-08,TOS,32520,16659,15861,31722,442,356,ITI,ITI1,9,Toscana,Toscana,3729641,2113665,56.67,0.87
2009,2021-02-26,TOS,10080,3834,6246,8659,1206,215,ITI,ITI1,9,Toscana,Toscana,3729641,2123745,56.94,0.27
2010,2021-06-06,TOS,28294,13647,14647,22575,5360,359,ITI,ITI1,9,Toscana,Toscana,3729641,2152039,57.7,0.76
2011,2021-02-03,TOS,4222,1452,2770,237,3981,4,ITI,ITI1,9,Toscana,Toscana,3729641,2156261,57.81,0.11
2012,2021-01-15,TOS,3878,1347,2531,3818,0,60,ITI,ITI1,9,Toscana,Toscana,3729641,2160139,57.92,0.1
2013,2021-06-18,TOS,30743,16209,14534,24979,5368,396,ITI,ITI1,9,Toscana,Toscana,3729641,2190882,58.74,0.82
2014,2021-03-01,TOS,4474,1734,2740,767,3641,66,ITI,ITI1,9,Toscana,Toscana,3729641,2195356,58.86,0.12
2015,2021-05-23,TOS,28387,13649,14738,25533,2562,292,ITI,ITI1,9,Toscana,Toscana,3729641,2223743,59.62,0.76
2016,2021-05-08,TOS,29151,13113,16038,13288,15472,391,ITI,ITI1,9,Toscana,Toscana,3729641,2252894,60.41,0.78
2017,2021-03-12,TOS,16976,6614,10362,13267,3528,181,ITI,ITI1,9,Toscana,Toscana,3729641,2269870,60.86,0.46
2018,2021-01-14,TOS,3255,1179,2076,3220,0,35,ITI,ITI1,9,Toscana,Toscana,3729641,2273125,60.95,0.09
2019,2021-06-20,TOS,25175,12485,12690,15420,9517,238,ITI,ITI1,9,Toscana,Toscana,3729641,2298300,61.62,0.67
2020,2021-04-24,TOS,13434,6168,7266,5623,7443,368,ITI,ITI1,9,Toscana,Toscana,3729641,2311734,61.98,0.36
2021,2021-06-30,TOS,38218,18487,19731,8509,29496,213,ITI,ITI1,9,Toscana,Toscana,3729641,2349952,63.01,1.02
2022,2021-02-14,TOS,9000,2569,6431,8740,110,150,ITI,ITI1,9,Toscana,Toscana,3729641,2358952,63.25,0.24
2023,2021-05-25,TOS,34152,16478,17674,19248,14619,285,ITI,ITI1,9,Toscana,Toscana,3729641,2393104,64.16,0.92
2024,2021-03-29,TOS,9670,4828,4842,9216,324,130,ITI,ITI1,9,Toscana,Toscana,3729641,2402774,64.42,0.26
2025,2021-05-27,TOS,28320,13172,15148,13264,14834,222,ITI,ITI1,9,Toscana,Toscana,3729641,2431094,65.18,0.76
2026,2021-03-31,TOS,32705,13249,19456,20216,12163,326,ITI,ITI1,9,Toscana,Toscana,3729641,2463799,66.06,0.88
2027,2021-03-22,TOS,5251,2763,2488,4678,444,129,ITI,ITI1,9,Toscana,Toscana,3729641,2469050,66.2,0.14
2028,2021-04-08,TOS,29684,12558,17126,22937,6387,360,ITI,ITI1,9,Toscana,Toscana,3729641,2498734,67.0,0.8
2029,2021-03-03,TOS,18228,6538,11690,14498,3606,124,ITI,ITI1,9,Toscana,Toscana,3729641,2516962,67.49,0.49
2030,2021-01-05,TOS,5249,1755,3494,5193,0,56,ITI,ITI1,9,Toscana,Toscana,3729641,2522211,67.63,0.14
2031,2021-01-19,TOS,1106,533,573,1064,0,42,ITI,ITI1,9,Toscana,Toscana,3729641,2523317,67.66,0.03
2032,2021-01-12,TOS,3581,1398,2183,3508,0,73,ITI,ITI1,9,Toscana,Toscana,3729641,2526898,67.75,0.1
2033,2021-02-10,TOS,4263,1281,2982,3584,523,156,ITI,ITI1,9,Toscana,Toscana,3729641,2531161,67.87,0.11
2034,2021-05-04,TOS,18313,8215,10098,12428,5451,434,ITI,ITI1,9,Toscana,Toscana,3729641,2549474,68.36,0.49
2035,2021-02-12,TOS,7618,2694,4924,7296,213,109,ITI,ITI1,9,Toscana,Toscana,3729641,2557092,68.56,0.2
2036,2021-03-25,TOS,23895,10377,13518,15295,8352,248,ITI,ITI1,9,Toscana,Toscana,3729641,2580987,69.2,0.64
2037,2021-04-12,TOS,2612,1183,1429,1791,654,167,ITI,ITI1,9,Toscana,Toscana,3729641,2583599,69.27,0.07
2038,2021-05-13,TOS,35036,15450,19586,13200,21196,640,ITI,ITI1,9,Toscana,Toscana,3729641,2618635,70.21,0.94
2039,2021-04-29,TOS,39304,17704,21600,18567,20080,657,ITI,ITI1,9,Toscana,Toscana,3729641,2657939,71.27,1.05
2040,2021-03-24,TOS,20012,8301,11711,10415,9456,141,ITI,ITI1,9,Toscana,Toscana,3729641,2677951,71.8,0.54
2041,2021-02-21,TOS,5105,2089,3016,4730,170,205,ITI,ITI1,9,Toscana,Toscana,3729641,2683056,71.94,0.14
2042,2021-01-26,TOS,5393,1792,3601,216,5173,4,ITI,ITI1,9,Toscana,Toscana,3729641,2688449,72.08,0.14
2043,2021-05-06,TOS,31323,13615,17708,13481,17162,680,ITI,ITI1,9,Toscana,Toscana,3729641,2719772,72.92,0.84
2044,2021-04-19,TOS,9097,4510,4587,7755,1032,310,ITI,ITI1,9,Toscana,Toscana,3729641,2728869,73.17,0.24
2045,2021-04-17,TOS,20532,9206,11326,17920,2134,478,ITI,ITI1,9,Toscana,Toscana,3729641,2749401,73.72,0.55
2046,2021-01-24,TOS,3349,1073,2276,198,3148,3,ITI,ITI1,9,Toscana,Toscana,3729641,2752750,73.81,0.09
2047,2021-01-07,TOS,6018,1751,4267,5932,0,86,ITI,ITI1,9,Toscana,Toscana,3729641,2758768,73.97,0.16
2048,2021-06-27,TOS,33296,16073,17223,5929,27239,128,ITI,ITI1,9,Toscana,Toscana,3729641,2792064,74.86,0.89
2049,2021-05-01,TOS,23316,10065,13251,13725,9181,410,ITI,ITI1,9,Toscana,Toscana,3729641,2815380,75.49,0.63
2050,2021-03-05,TOS,16878,6688,10190,11948,4754,176,ITI,ITI1,9,Toscana,Toscana,3729641,2832258,75.94,0.45
2051,2021-06-13,TOS,24611,12347,12264,22599,1664,348,ITI,ITI1,9,Toscana,Toscana,3729641,2856869,76.6,0.66
2052,2021-06-01,TOS,26910,13366,13544,22851,3814,245,ITI,ITI1,9,Toscana,Toscana,3729641,2883779,77.32,0.72
2053,2021-07-02,TOS,28207,14145,14062,10800,17128,279,ITI,ITI1,9,Toscana,Toscana,3729641,2911986,78.08,0.76
2054,2021-06-15,TOS,31178,16048,15130,26288,4557,333,ITI,ITI1,9,Toscana,Toscana,3729641,2943164,78.91,0.84
2055,2021-03-10,TOS,18373,7408,10965,14252,4018,103,ITI,ITI1,9,Toscana,Toscana,3729641,2961537,79.41,0.49
2056,2021-02-02,TOS,3743,1475,2268,189,3547,7,ITI,ITI1,9,Toscana,Toscana,3729641,2965280,79.51,0.1
2057,2021-06-21,TOS,31148,15453,15695,18129,12765,254,ITI,ITI1,9,Toscana,Toscana,3729641,2996428,80.34,0.84
2058,2021-01-06,TOS,4519,1460,3059,4467,0,52,ITI,ITI1,9,Toscana,Toscana,3729641,3000947,80.46,0.12
2059,2021-03-11,TOS,15884,6340,9544,12380,3329,175,ITI,ITI1,9,Toscana,Toscana,3729641,3016831,80.89,0.43
2060,2021-06-19,TOS,26462,13886,12576,21385,4749,328,ITI,ITI1,9,Toscana,Toscana,3729641,3043293,81.6,0.71
2061,2021-02-05,TOS,5749,2245,3504,1890,3825,34,ITI,ITI1,9,Toscana,Toscana,3729641,3049042,81.75,0.15
2062,2021-05-16,TOS,26672,12885,13787,23885,2467,320,ITI,ITI1,9,Toscana,Toscana,3729641,3075714,82.47,0.72
2063,2021-05-11,TOS,27950,12983,14967,12115,15467,368,ITI,ITI1,9,Toscana,Toscana,3729641,3103664,83.22,0.75
2064,2021-03-13,TOS,9288,3310,5978,5172,3964,152,ITI,ITI1,9,Toscana,Toscana,3729641,3112952,83.47,0.25
2065,2021-01-29,TOS,6144,1700,4444,292,5840,12,ITI,ITI1,9,Toscana,Toscana,3729641,3119096,83.63,0.16
2066,2021-05-09,TOS,22533,9768,12765,9418,12861,254,ITI,ITI1,9,Toscana,Toscana,3729641,3141629,84.23,0.6
2067,2021-05-20,TOS,29733,13886,15847,18607,10814,312,ITI,ITI1,9,Toscana,Toscana,3729641,3171362,85.03,0.8
2068,2021-01-31,TOS,3050,1129,1921,103,2944,3,ITI,ITI1,9,Toscana,Toscana,3729641,3174412,85.11,0.08
2069,2021-04-05,TOS,15285,6826,8459,14376,737,172,ITI,ITI1,9,Toscana,Toscana,3729641,3189697,85.52,0.41
2070,2021-02-07,TOS,2806,952,1854,866,1920,20,ITI,ITI1,9,Toscana,Toscana,3729641,3192503,85.6,0.08
2071,2021-05-18,TOS,28834,14268,14566,19741,8821,272,ITI,ITI1,9,Toscana,Toscana,3729641,3221337,86.37,0.77
2072,2021-04-16,EMR,29230,13763,15467,20018,8837,375,ITH,ITH5,8,Emilia-Romagna,Emilia-Romagna,4459477,29230,0.66,0.66
2073,2021-01-06,EMR,8287,2955,5332,8286,0,1,ITH,ITH5,8,Emilia-Romagna,Emilia-Romagna,4459477,37517,0.84,0.19
2074,2021-04-30,EMR,36605,16788,19817,21186,14794,625,ITH,ITH5,8,Emilia-Romagna,Emilia-Romagna,4459477,74122,1.66,0.82
2075,2021-03-28,EMR,13500,6026,7474,9505,3870,125,ITH,ITH5,8,Emilia-Romagna,Emilia-Romagna,4459477,87622,1.96,0.3
2076,2021-02-25,EMR,9249,3499,5750,8273,954,22,ITH,ITH5,8,Emilia-Romagna,Emilia-Romagna,4459477,96871,2.17,0.21
2077,2021-06-19,EMR,36580,18316,18264,17019,19353,208,ITH,ITH5,8,Emilia-Romagna,Emilia-Romagna,4459477,133451,2.99,0.82
2078,2021-03-11,EMR,17453,7306,10147,11431,5851,171,ITH,ITH5,8,Emilia-Romagna,Emilia-Romagna,4459477,150904,3.38,0.39
2079,2021-04-11,EMR,15278,6935,8343,11979,3048,251,ITH,ITH5,8,Emilia-Romagna,Emilia-Romagna,4459477,166182,3.73,0.34
2080,2021-02-11,EMR,4254,1415,2839,3397,841,16,ITH,ITH5,8,Emilia-Romagna,Emilia-Romagna,4459477,170436,3.82,0.1
2081,2021-01-23,EMR,2448,871,1577,443,2005,0,ITH,ITH5,8,Emilia-Romagna,Emilia-Romagna,4459477,172884,3.88,0.05
2082,2021-05-07,EMR,35272,16962,18310,22725,11855,692,ITH,ITH5,8,Emilia-Romagna,Emilia-Romagna,4459477,208156,4.67,0.79
2083,2021-07-03,EMR,31830,15784,16046,11652,19887,291,ITH,ITH5,8,Emilia-Romagna,Emilia-Romagna,4459477,239986,5.38,0.71
2084,2021-06-21,EMR,37507,18963,18544,16403,20857,247,ITH,ITH5,8,Emilia-Romagna,Emilia-Romagna,4459477,277493,6.22,0.84
2085,2021-03-30,EMR,23346,10338,13008,18006,5041,299,ITH,ITH5,8,Emilia-Romagna,Emilia-Romagna,4459477,300839,6.75,0.52
2086,2021-01-04,EMR,7315,2527,4788,7312,0,3,ITH,ITH5,8,Emilia-Romagna,Emilia-Romagna,4459477,308154,6.91,0.16
2087,2021-05-19,EMR,33719,14960,18759,18024,15174,521,ITH,ITH5,8,Emilia-Romagna,Emilia-Romagna,4459477,341873,7.67,0.76
2088,2021-01-30,EMR,10079,3520,6559,140,9938,1,ITH,ITH5,8,Emilia-Romagna,Emilia-Romagna,4459477,351952,7.89,0.23
2089,2021-04-23,EMR,29562,13811,15751,14286,14882,394,ITH,ITH5,8,Emilia-Romagna,Emilia-Romagna,4459477,381514,8.56,0.66
2090,2021-01-13,EMR,9077,2942,6135,9072,0,5,ITH,ITH5,8,Emilia-Romagna,Emilia-Romagna,4459477,390591,8.76,0.2
2091,2021-05-26,EMR,33224,14730,18494,9923,22924,377,ITH,ITH5,8,Emilia-Romagna,Emilia-Romagna,4459477,423815,9.5,0.75
2092,2021-06-12,EMR,41246,21810,19436,35776,4909,561,ITH,ITH5,8,Emilia-Romagna,Emilia-Romagna,4459477,465061,10.43,0.92
2093,2021-03-04,EMR,16452,5350,11102,13344,3017,91,ITH,ITH5,8,Emilia-Romagna,Emilia-Romagna,4459477,481513,10.8,0.37
2094,2021-05-24,EMR,29946,13717,16229,17949,11477,520,ITH,ITH5,8,Emilia-Romagna,Emilia-Romagna,4459477,511459,11.47,0.67
2095,2021-02-13,EMR,3627,1084,2543,3014,598,15,ITH,ITH5,8,Emilia-Romagna,Emilia-Romagna,4459477,515086,11.55,0.08
2096,2021-05-12,EMR,38902,18286,20616,28371,9676,855,ITH,ITH5,8,Emilia-Romagna,Emilia-Romagna,4459477,553988,12.42,0.87
2097,2021-02-01,EMR,10320,3610,6710,360,9958,2,ITH,ITH5,8,Emilia-Romagna,Emilia-Romagna,4459477,564308,12.65,0.23
2098,2021-01-18,EMR,3128,879,2249,2446,679,3,ITH,ITH5,8,Emilia-Romagna,Emilia-Romagna,4459477,567436,12.72,0.07
2099,2021-03-16,EMR,12247,5028,7219,4872,7309,66,ITH,ITH5,8,Emilia-Romagna,Emilia-Romagna,4459477,579683,13.0,0.27
2100,2021-01-25,EMR,6462,2146,4316,206,6255,1,ITH,ITH5,8,Emilia-Romagna,Emilia-Romagna,4459477,586145,13.14,0.14
2101,2021-07-01,EMR,33977,16576,17401,14968,18701,308,ITH,ITH5,8,Emilia-Romagna,Emilia-Romagna,4459477,620122,13.91,0.76
2102,2021-03-23,EMR,18797,8144,10653,11951,6687,159,ITH,ITH5,8,Emilia-Romagna,Emilia-Romagna,4459477,638919,14.33,0.42
2103,2021-02-18,EMR,7039,2892,4147,6440,583,16,ITH,ITH5,8,Emilia-Romagna,Emilia-Romagna,4459477,645958,14.49,0.16
2104,2021-06-07,EMR,40421,20745,19676,33804,6248,369,ITH,ITH5,8,Emilia-Romagna,Emilia-Romagna,4459477,686379,15.39,0.91
2105,2021-04-18,EMR,17503,8396,9107,12357,4918,228,ITH,ITH5,8,Emilia-Romagna,Emilia-Romagna,4459477,703882,15.78,0.39
2106,2021-06-14,EMR,41214,21297,19917,27706,13058,450,ITH,ITH5,8,Emilia-Romagna,Emilia-Romagna,4459477,745096,16.71,0.92
2107,2021-01-10,EMR,7171,2684,4487,7170,0,1,ITH,ITH5,8,Emilia-Romagna,Emilia-Romagna,4459477,752267,16.87,0.16
2108,2021-06-16,EMR,45654,23328,22326,25370,19894,390,ITH,ITH5,8,Emilia-Romagna,Emilia-Romagna,4459477,797921,17.89,1.02
2109,2021-03-08,EMR,12190,5093,7097,9464,2647,79,ITH,ITH5,8,Emilia-Romagna,Emilia-Romagna,4459477,810111,18.17,0.27
2110,2021-02-06,EMR,7595,2404,5191,2106,5485,4,ITH,ITH5,8,Emilia-Romagna,Emilia-Romagna,4459477,817706,18.34,0.17
2111,2021-06-26,EMR,37369,18935,18434,21501,15479,389,ITH,ITH5,8,Emilia-Romagna,Emilia-Romagna,4459477,855075,19.17,0.84
2112,2021-04-04,EMR,9879,4717,5162,7525,2267,87,ITH,ITH5,8,Emilia-Romagna,Emilia-Romagna,4459477,864954,19.4,0.22
2113,2021-01-11,EMR,9347,3273,6074,9338,0,9,ITH,ITH5,8,Emilia-Romagna,Emilia-Romagna,4459477,874301,19.61,0.21
2114,2021-06-02,EMR,24084,12057,12027,18897,4968,219,ITH,ITH5,8,Emilia-Romagna,Emilia-Romagna,4459477,898385,20.15,0.54
2115,2021-03-13,EMR,16137,6362,9775,10587,5313,237,ITH,ITH5,8,Emilia-Romagna,Emilia-Romagna,4459477,914522,20.51,0.36
2116,2021-07-05,EMR,20512,10036,10476,7532,12786,194,ITH,ITH5,8,Emilia-Romagna,Emilia-Romagna,4459477,935034,20.97,0.46
2117,2021-03-27,EMR,21661,9059,12602,14508,6908,245,ITH,ITH5,8,Emilia-Romagna,Emilia-Romagna,4459477,956695,21.45,0.49
2118,2021-04-13,EMR,23721,11129,12592,19026,4342,353,ITH,ITH5,8,Emilia-Romagna,Emilia-Romagna,4459477,980416,21.98,0.53
2119,2021-01-03,EMR,2763,943,1820,2763,0,0,ITH,ITH5,8,Emilia-Romagna,Emilia-Romagna,4459477,983179,22.05,0.06
2120,2021-05-31,EMR,29731,13751,15980,17682,11466,583,ITH,ITH5,8,Emilia-Romagna,Emilia-Romagna,4459477,1012910,22.71,0.67
2121,2021-02-20,EMR,5318,2094,3224,5048,263,7,ITH,ITH5,8,Emilia-Romagna,Emilia-Romagna,4459477,1018228,22.83,0.12
2122,2021-01-15,EMR,7750,2404,5346,7742,0,8,ITH,ITH5,8,Emilia-Romagna,Emilia-Romagna,4459477,1025978,23.01,0.17
2123,2021-06-09,EMR,42940,21823,21117,36072,6360,508,ITH,ITH5,8,Emilia-Romagna,Emilia-Romagna,4459477,1068918,23.97,0.96
2124,2021-03-01,EMR,10095,3582,6513,7812,2258,25,ITH,ITH5,8,Emilia-Romagna,Emilia-Romagna,4459477,1079013,24.2,0.23
2125,2021-05-04,EMR,29273,13704,15569,15118,13659,496,ITH,ITH5,8,Emilia-Romagna,Emilia-Romagna,4459477,1108286,24.85,0.66
2126,2021-05-09,EMR,25609,12252,13357,18228,6967,414,ITH,ITH5,8,Emilia-Romagna,Emilia-Romagna,4459477,1133895,25.43,0.57
2127,2021-01-29,EMR,10414,3496,6918,289,10124,1,ITH,ITH5,8,Emilia-Romagna,Emilia-Romagna,4459477,1144309,25.66,0.23
2128,2021-02-15,EMR,2904,851,2053,2712,125,67,ITH,ITH5,8,Emilia-Romagna,Emilia-Romagna,4459477,1147213,25.73,0.07
2129,2021-01-27,EMR,8361,2947,5414,462,7899,0,ITH,ITH5,8,Emilia-Romagna,Emilia-Romagna,4459477,1155574,25.91,0.19
2130,2021-03-09,EMR,14753,6019,8734,10704,3954,95,ITH,ITH5,8,Emilia-Romagna,Emilia-Romagna,4459477,1170327,26.24,0.33
2131,2021-05-05,EMR,30092,13985,16107,18268,11250,574,ITH,ITH5,8,Emilia-Romagna,Emilia-Romagna,4459477,1200419,26.92,0.67
2132,2021-05-23,EMR,25480,11859,13621,13575,11592,313,ITH,ITH5,8,Emilia-Romagna,Emilia-Romagna,4459477,1225899,27.49,0.57
2133,2021-04-20,EMR,22621,10405,12216,13859,8353,409,ITH,ITH5,8,Emilia-Romagna,Emilia-Romagna,4459477,1248520,28.0,0.51
2134,2021-06-23,EMR,37713,18869,18844,18626,18808,279,ITH,ITH5,8,Emilia-Romagna,Emilia-Romagna,4459477,1286233,28.84,0.85
2135,2021-01-08,EMR,10866,3580,7286,10863,0,3,ITH,ITH5,8,Emilia-Romagna,Emilia-Romagna,4459477,1297099,29.09,0.24
2136,2021-03-06,EMR,20901,5935,14966,18047,2731,123,ITH,ITH5,8,Emilia-Romagna,Emilia-Romagna,4459477,1318000,29.56,0.47
2137,2021-03-25,EMR,21481,9417,12064,14233,6989,259,ITH,ITH5,8,Emilia-Romagna,Emilia-Romagna,4459477,1339481,30.04,0.48
2138,2021-05-21,EMR,39261,17530,21731,21626,17024,611,ITH,ITH5,8,Emilia-Romagna,Emilia-Romagna,4459477,1378742,30.92,0.88
2139,2021-02-10,EMR,4023,1385,2638,2761,1256,6,ITH,ITH5,8,Emilia-Romagna,Emilia-Romagna,4459477,1382765,31.01,0.09
2140,2021-04-08,EMR,31213,14333,16880,25213,5303,697,ITH,ITH5,8,Emilia-Romagna,Emilia-Romagna,4459477,1413978,31.71,0.7
2141,2021-03-18,EMR,13675,5806,7869,5584,8000,91,ITH,ITH5,8,Emilia-Romagna,Emilia-Romagna,4459477,1427653,32.01,0.31
2142,2021-05-14,EMR,37244,17164,20080,26746,9599,899,ITH,ITH5,8,Emilia-Romagna,Emilia-Romagna,4459477,1464897,32.85,0.84
2143,2021-02-03,EMR,9338,2989,6349,964,8373,1,ITH,ITH5,8,Emilia-Romagna,Emilia-Romagna,4459477,1474235,33.06,0.21
2144,2021-04-01,EMR,23947,10770,13177,19063,4546,338,ITH,ITH5,8,Emilia-Romagna,Emilia-Romagna,4459477,1498182,33.6,0.54
2145,2021-02-17,EMR,6538,2764,3774,5754,772,12,ITH,ITH5,8,Emilia-Romagna,Emilia-Romagna,4459477,1504720,33.74,0.15
2146,2021-06-30,EMR,34116,17221,16895,18211,15583,322,ITH,ITH5,8,Emilia-Romagna,Emilia-Romagna,4459477,1538836,34.51,0.77
2147,2021-06-11,EMR,45735,23753,21982,38660,6497,578,ITH,ITH5,8,Emilia-Romagna,Emilia-Romagna,4459477,1584571,35.53,1.03
2148,2021-06-28,EMR,39939,19594,20345,20003,19495,441,ITH,ITH5,8,Emilia-Romagna,Emilia-Romagna,4459477,1624510,36.43,0.9
2149,2021-03-20,EMR,16085,6829,9256,8955,6964,166,ITH,ITH5,8,Emilia-Romagna,Emilia-Romagna,4459477,1640595,36.79,0.36
2150,2021-04-06,EMR,24747,11174,13573,19720,4742,285,ITH,ITH5,8,Emilia-Romagna,Emilia-Romagna,4459477,1665342,37.34,0.55
2151,2020-12-27,EMR,972,373,599,972,0,0,ITH,ITH5,8,Emilia-Romagna,Emilia-Romagna,4459477,1666314,37.37,0.02
2152,2021-05-02,EMR,25578,11651,13927,13185,11990,403,ITH,ITH5,8,Emilia-Romagna,Emilia-Romagna,4459477,1691892,37.94,0.57
2153,2021-01-22,EMR,1829,477,1352,1086,741,2,ITH,ITH5,8,Emilia-Romagna,Emilia-Romagna,4459477,1693721,37.98,0.04
2154,2021-02-08,EMR,5231,1534,3697,2315,2913,3,ITH,ITH5,8,Emilia-Romagna,Emilia-Romagna,4459477,1698952,38.1,0.12
2155,2021-05-16,EMR,25845,12168,13677,18354,7112,379,ITH,ITH5,8,Emilia-Romagna,Emilia-Romagna,4459477,1724797,38.68,0.58
2156,2021-02-22,EMR,7482,3091,4391,7197,272,13,ITH,ITH5,8,Emilia-Romagna,Emilia-Romagna,4459477,1732279,38.84,0.17
2157,2021-05-01,EMR,28402,12774,15628,15266,12776,360,ITH,ITH5,8,Emilia-Romagna,Emilia-Romagna,4459477,1760681,39.48,0.64
2158,2021-05-28,EMR,41180,18932,22248,17258,23331,591,ITH,ITH5,8,Emilia-Romagna,Emilia-Romagna,4459477,1801861,40.41,0.92
2159,2021-04-22,EMR,29050,13451,15599,14589,14078,383,ITH,ITH5,8,Emilia-Romagna,Emilia-Romagna,4459477,1830911,41.06,0.65
2160,2021-06-04,EMR,45569,22956,22613,37100,8119,350,ITH,ITH5,8,Emilia-Romagna,Emilia-Romagna,4459477,1876480,42.08,1.02
2161,2021-01-20,EMR,1325,270,1055,1323,1,1,ITH,ITH5,8,Emilia-Romagna,Emilia-Romagna,4459477,1877805,42.11,0.03
2162,2021-04-15,EMR,29344,13980,15364,19232,9674,438,ITH,ITH5,8,Emilia-Romagna,Emilia-Romagna,4459477,1907149,42.77,0.66
2163,2021-06-18,EMR,42368,21187,21181,16352,25768,248,ITH,ITH5,8,Emilia-Romagna,Emilia-Romagna,4459477,1949517,43.72,0.95
2164,2021-03-10,EMR,18797,7741,11056,12973,5645,179,ITH,ITH5,8,Emilia-Romagna,Emilia-Romagna,4459477,1968314,44.14,0.42
2165,2021-02-12,EMR,5313,1673,3640,3886,1403,24,ITH,ITH5,8,Emilia-Romagna,Emilia-Romagna,4459477,1973627,44.26,0.12
2166,2021-04-10,EMR,20921,9300,11621,16445,4143,333,ITH,ITH5,8,Emilia-Romagna,Emilia-Romagna,4459477,1994548,44.73,0.47
2167,2021-04-17,EMR,27298,13072,14226,17557,9345,396,ITH,ITH5,8,Emilia-Romagna,Emilia-Romagna,4459477,2021846,45.34,0.61
2168,2021-01-07,EMR,10274,3406,6868,10270,0,4,ITH,ITH5,8,Emilia-Romagna,Emilia-Romagna,4459477,2032120,45.57,0.23
2169,2021-04-03,EMR,19940,8767,11173,15955,3740,245,ITH,ITH5,8,Emilia-Romagna,Emilia-Romagna,4459477,2052060,46.02,0.45
2170,2021-05-30,EMR,27075,12792,14283,12973,13693,409,ITH,ITH5,8,Emilia-Romagna,Emilia-Romagna,4459477,2079135,46.62,0.61
2171,2021-02-19,EMR,7327,3010,4317,6800,514,13,ITH,ITH5,8,Emilia-Romagna,Emilia-Romagna,4459477,2086462,46.79,0.16
2172,2020-12-31,EMR,2215,780,1435,2214,0,1,ITH,ITH5,8,Emilia-Romagna,Emilia-Romagna,4459477,2088677,46.84,0.05
2173,2021-06-06,EMR,36551,18979,17572,31950,4406,195,ITH,ITH5,8,Emilia-Romagna,Emilia-Romagna,4459477,2125228,47.66,0.82
2174,2021-02-26,EMR,9634,3673,5961,8566,1048,20,ITH,ITH5,8,Emilia-Romagna,Emilia-Romagna,4459477,2134862,47.87,0.22
2175,2021-05-20,EMR,40267,18311,21956,18402,21370,495,ITH,ITH5,8,Emilia-Romagna,Emilia-Romagna,4459477,2175129,48.78,0.9
2176,2021-06-25,EMR,42429,21489,20940,19790,22226,413,ITH,ITH5,8,Emilia-Romagna,Emilia-Romagna,4459477,2217558,49.73,0.95
2177,2021-03-17,EMR,13719,5692,8027,5815,7846,58,ITH,ITH5,8,Emilia-Romagna,Emilia-Romagna,4459477,2231277,50.03,0.31
2178,2021-05-13,EMR,35785,16494,19291,27248,7797,740,ITH,ITH5,8,Emilia-Romagna,Emilia-Romagna,4459477,2267062,50.84,0.8
2179,2021-02-05,EMR,9290,2956,6334,1601,7683,6,ITH,ITH5,8,Emilia-Romagna,Emilia-Romagna,4459477,2276352,51.05,0.21
2180,2021-06-20,EMR,30700,15581,15119,15932,14642,126,ITH,ITH5,8,Emilia-Romagna,Emilia-Romagna,4459477,2307052,51.73,0.69
2181,2021-04-14,EMR,27042,12843,14199,20501,6103,438,ITH,ITH5,8,Emilia-Romagna,Emilia-Romagna,4459477,2334094,52.34,0.61
2182,2021-01-21,EMR,2165,729,1436,819,1346,0,ITH,ITH5,8,Emilia-Romagna,Emilia-Romagna,4459477,2336259,52.39,0.05
2183,2021-06-03,EMR,37855,18418,19437,30047,7508,300,ITH,ITH5,8,Emilia-Romagna,Emilia-Romagna,4459477,2374114,53.24,0.85
2184,2021-02-23,EMR,8216,3219,4997,7819,386,11,ITH,ITH5,8,Emilia-Romagna,Emilia-Romagna,4459477,2382330,53.42,0.18
2185,2021-03-12,EMR,18306,7701,10605,11305,6717,284,ITH,ITH5,8,Emilia-Romagna,Emilia-Romagna,4459477,2400636,53.83,0.41
2186,2021-06-01,EMR,27141,13089,14052,17037,9893,211,ITH,ITH5,8,Emilia-Romagna,Emilia-Romagna,4459477,2427777,54.44,0.61
2187,2021-04-12,EMR,19245,9007,10238,14442,4447,356,ITH,ITH5,8,Emilia-Romagna,Emilia-Romagna,4459477,2447022,54.87,0.43
2188,2021-06-08,EMR,44851,22958,21893,37002,7461,388,ITH,ITH5,8,Emilia-Romagna,Emilia-Romagna,4459477,2491873,55.88,1.01
2189,2021-06-13,EMR,28688,14959,13729,24109,4270,309,ITH,ITH5,8,Emilia-Romagna,Emilia-Romagna,4459477,2520561,56.52,0.64
2190,2021-03-05,EMR,17850,5839,12011,14276,3454,120,ITH,ITH5,8,Emilia-Romagna,Emilia-Romagna,4459477,2538411,56.92,0.4
2191,2021-03-22,EMR,17650,7815,9835,10617,6864,169,ITH,ITH5,8,Emilia-Romagna,Emilia-Romagna,4459477,2556061,57.32,0.4
2192,2021-03-03,EMR,15857,5253,10604,13320,2485,52,ITH,ITH5,8,Emilia-Romagna,Emilia-Romagna,4459477,2571918,57.67,0.36
2193,2021-05-25,EMR,25073,11193,13880,11291,13358,424,ITH,ITH5,8,Emilia-Romagna,Emilia-Romagna,4459477,2596991,58.24,0.56
2194,2021-02-14,EMR,1403,378,1025,1275,120,8,ITH,ITH5,8,Emilia-Romagna,Emilia-Romagna,4459477,2598394,58.27,0.03
2195,2021-05-27,EMR,42232,18740,23492,13621,28178,433,ITH,ITH5,8,Emilia-Romagna,Emilia-Romagna,4459477,2640626,59.21,0.95
2196,2021-02-16,EMR,5772,2446,3326,5227,531,14,ITH,ITH5,8,Emilia-Romagna,Emilia-Romagna,4459477,2646398,59.34,0.13
2197,2021-05-18,EMR,29100,13247,15853,18089,10524,487,ITH,ITH5,8,Emilia-Romagna,Emilia-Romagna,4459477,2675498,60.0,0.65
2198,2021-02-07,EMR,4785,1536,3249,1722,3061,2,ITH,ITH5,8,Emilia-Romagna,Emilia-Romagna,4459477,2680283,60.1,0.11
2199,2021-02-24,EMR,9351,3566,5785,8450,884,17,ITH,ITH5,8,Emilia-Romagna,Emilia-Romagna,4459477,2689634,60.31,0.21
2200,2021-01-05,EMR,9361,3170,6191,9357,0,4,ITH,ITH5,8,Emilia-Romagna,Emilia-Romagna,4459477,2698995,60.52,0.21
2201,2021-04-29,EMR,44952,21134,23818,26591,17549,812,ITH,ITH5,8,Emilia-Romagna,Emilia-Romagna,4459477,2743947,61.53,1.01
2202,2021-01-19,EMR,2046,505,1541,2028,17,1,ITH,ITH5,8,Emilia-Romagna,Emilia-Romagna,4459477,2745993,61.58,0.05
2203,2021-01-12,EMR,9476,3124,6352,9466,0,10,ITH,ITH5,8,Emilia-Romagna,Emilia-Romagna,4459477,2755469,61.79,0.21
2204,2021-06-27,EMR,29486,14826,14660,16518,12675,293,ITH,ITH5,8,Emilia-Romagna,Emilia-Romagna,4459477,2784955,62.45,0.66
2205,2021-04-05,EMR,14848,6802,8046,11779,2892,177,ITH,ITH5,8,Emilia-Romagna,Emilia-Romagna,4459477,2799803,62.78,0.33
2206,2021-04-28,EMR,33715,15588,18127,20242,12888,585,ITH,ITH5,8,Emilia-Romagna,Emilia-Romagna,4459477,2833518,63.54,0.76
2207,2021-06-24,EMR,40077,20040,20037,20187,19531,359,ITH,ITH5,8,Emilia-Romagna,Emilia-Romagna,4459477,2873595,64.44,0.9
2208,2021-03-15,EMR,13444,6244,7200,6849,6499,96,ITH,ITH5,8,Emilia-Romagna,Emilia-Romagna,4459477,2887039,64.74,0.3
2209,2021-02-09,EMR,4154,1249,2905,2306,1847,1,ITH,ITH5,8,Emilia-Romagna,Emilia-Romagna,4459477,2891193,64.83,0.09
2210,2021-05-15,EMR,33249,14982,18267,22193,10408,648,ITH,ITH5,8,Emilia-Romagna,Emilia-Romagna,4459477,2924442,65.58,0.75
2211,2021-02-04,EMR,9920,3201,6719,1229,8690,1,ITH,ITH5,8,Emilia-Romagna,Emilia-Romagna,4459477,2934362,65.8,0.22
2212,2021-05-22,EMR,33037,14132,18905,16452,16125,460,ITH,ITH5,8,Emilia-Romagna,Emilia-Romagna,4459477,2967399,66.54,0.74
2213,2021-04-09,EMR,25724,11666,14058,19527,5697,500,ITH,ITH5,8,Emilia-Romagna,Emilia-Romagna,4459477,2993123,67.12,0.58
2214,2021-02-02,EMR,9474,3048,6426,515,8959,0,ITH,ITH5,8,Emilia-Romagna,Emilia-Romagna,4459477,3002597,67.33,0.21
2215,2021-04-19,EMR,20902,9797,11105,14304,6273,325,ITH,ITH5,8,Emilia-Romagna,Emilia-Romagna,4459477,3023499,67.8,0.47
2216,2021-01-09,EMR,9988,3452,6536,9984,0,4,ITH,ITH5,8,Emilia-Romagna,Emilia-Romagna,4459477,3033487,68.02,0.22
2217,2021-06-15,EMR,43573,22452,21121,27993,15026,554,ITH,ITH5,8,Emilia-Romagna,Emilia-Romagna,4459477,3077060,69.0,0.98
2218,2021-03-07,EMR,7839,2958,4881,6287,1520,32,ITH,ITH5,8,Emilia-Romagna,Emilia-Romagna,4459477,3084899,69.18,0.18
2219,2021-05-03,EMR,28700,13559,15141,17359,10878,463,ITH,ITH5,8,Emilia-Romagna,Emilia-Romagna,4459477,3113599,69.82,0.64
2220,2021-02-28,EMR,6819,2527,4292,4955,1845,19,ITH,ITH5,8,Emilia-Romagna,Emilia-Romagna,4459477,3120418,69.97,0.15
2221,2021-04-26,EMR,27902,12936,14966,18003,9321,578,ITH,ITH5,8,Emilia-Romagna,Emilia-Romagna,4459477,3148320,70.6,0.63
2222,2021-01-16,EMR,5628,1718,3910,5627,0,1,ITH,ITH5,8,Emilia-Romagna,Emilia-Romagna,4459477,3153948,70.72,0.13
2223,2021-03-14,EMR,8801,3839,4962,4941,3797,63,ITH,ITH5,8,Emilia-Romagna,Emilia-Romagna,4459477,3162749,70.92,0.2
2224,2021-05-10,EMR,33841,16125,17716,26009,7245,587,ITH,ITH5,8,Emilia-Romagna,Emilia-Romagna,4459477,3196590,71.68,0.76
2225,2021-04-21,EMR,23957,10962,12995,13832,9746,379,ITH,ITH5,8,Emilia-Romagna,Emilia-Romagna,4459477,3220547,72.22,0.54
2226,2021-05-08,EMR,32344,15094,17250,20372,11422,550,ITH,ITH5,8,Emilia-Romagna,Emilia-Romagna,4459477,3252891,72.94,0.73
2227,2021-01-28,EMR,10255,3339,6916,348,9907,0,ITH,ITH5,8,Emilia-Romagna,Emilia-Romagna,4459477,3263146,73.17,0.23
2228,2021-04-24,EMR,28632,13241,15391,14034,14229,369,ITH,ITH5,8,Emilia-Romagna,Emilia-Romagna,4459477,3291778,73.82,0.64
2229,2021-05-11,EMR,35779,16792,18987,27763,7254,762,ITH,ITH5,8,Emilia-Romagna,Emilia-Romagna,4459477,3327557,74.62,0.8
2230,2021-01-31,EMR,7698,2763,4935,241,7457,0,ITH,ITH5,8,Emilia-Romagna,Emilia-Romagna,4459477,3335255,74.79,0.17
2231,2021-06-29,EMR,37508,18488,19020,18512,18675,321,ITH,ITH5,8,Emilia-Romagna,Emilia-Romagna,4459477,3372763,75.63,0.84
2232,2021-03-21,EMR,11956,5296,6660,7261,4605,90,ITH,ITH5,8,Emilia-Romagna,Emilia-Romagna,4459477,3384719,75.9,0.27
2233,2021-06-10,EMR,44896,23059,21837,38995,5349,552,ITH,ITH5,8,Emilia-Romagna,Emilia-Romagna,4459477,3429615,76.91,1.01
2234,2021-03-02,EMR,12658,4272,8386,10526,2077,55,ITH,ITH5,8,Emilia-Romagna,Emilia-Romagna,4459477,3442273,77.19,0.28
2235,2021-03-29,EMR,21424,9613,11811,16535,4650,239,ITH,ITH5,8,Emilia-Romagna,Emilia-Romagna,4459477,3463697,77.67,0.48
2236,2021-02-21,EMR,4450,1708,2742,4000,440,10,ITH,ITH5,8,Emilia-Romagna,Emilia-Romagna,4459477,3468147,77.77,0.1
2237,2021-03-19,EMR,15925,6972,8953,7799,7969,157,ITH,ITH5,8,Emilia-Romagna,Emilia-Romagna,4459477,3484072,78.13,0.36
2238,2021-04-07,EMR,26116,11890,14226,19789,6011,316,ITH,ITH5,8,Emilia-Romagna,Emilia-Romagna,4459477,3510188,78.71,0.59
2239,2021-01-14,EMR,8129,2593,5536,8119,0,10,ITH,ITH5,8,Emilia-Romagna,Emilia-Romagna,4459477,3518317,78.9,0.18
2240,2021-06-17,EMR,46248,23382,22866,21770,24126,352,ITH,ITH5,8,Emilia-Romagna,Emilia-Romagna,4459477,3564565,79.93,1.04
2241,2021-01-02,EMR,2375,916,1459,2375,0,0,ITH,ITH5,8,Emilia-Romagna,Emilia-Romagna,4459477,3566940,79.99,0.05
2242,2021-06-05,EMR,44148,22319,21829,36854,6867,427,ITH,ITH5,8,Emilia-Romagna,Emilia-Romagna,4459477,3611088,80.98,0.99
2243,2021-06-22,EMR,35944,17887,18057,16309,19378,257,ITH,ITH5,8,Emilia-Romagna,Emilia-Romagna,4459477,3647032,81.78,0.81
2244,2021-05-17,EMR,32394,15389,17005,22363,9491,540,ITH,ITH5,8,Emilia-Romagna,Emilia-Romagna,4459477,3679426,82.51,0.73
2245,2021-02-27,EMR,10961,3998,6963,9192,1738,31,ITH,ITH5,8,Emilia-Romagna,Emilia-Romagna,4459477,3690387,82.75,0.25
2246,2021-04-25,EMR,22350,10240,12110,14388,7510,452,ITH,ITH5,8,Emilia-Romagna,Emilia-Romagna,4459477,3712737,83.25,0.5
2247,2021-04-27,EMR,32101,14863,17238,19193,12461,447,ITH,ITH5,8,Emilia-Romagna,Emilia-Romagna,4459477,3744838,83.97,0.72
2248,2021-05-06,EMR,35927,16602,19325,22155,13056,716,ITH,ITH5,8,Emilia-Romagna,Emilia-Romagna,4459477,3780765,84.78,0.81
2249,2021-01-26,EMR,8334,3000,5334,213,8120,1,ITH,ITH5,8,Emilia-Romagna,Emilia-Romagna,4459477,3789099,84.97,0.19
2250,2021-07-02,EMR,34431,16913,17518,12584,21521,326,ITH,ITH5,8,Emilia-Romagna,Emilia-Romagna,4459477,3823530,85.74,0.77
2251,2021-03-24,EMR,21219,9401,11818,13618,7382,219,ITH,ITH5,8,Emilia-Romagna,Emilia-Romagna,4459477,3844749,86.22,0.48
2252,2021-01-24,EMR,2443,885,1558,298,2145,0,ITH,ITH5,8,Emilia-Romagna,Emilia-Romagna,4459477,3847192,86.27,0.05
2253,2021-01-17,EMR,2890,887,2003,2643,246,1,ITH,ITH5,8,Emilia-Romagna,Emilia-Romagna,4459477,3850082,86.33,0.06
2254,2021-04-02,EMR,23394,10552,12842,18557,4481,356,ITH,ITH5,8,Emilia-Romagna,Emilia-Romagna,4459477,3873476,86.86,0.52
2255,2021-05-29,EMR,37835,16494,21341,16635,20674,526,ITH,ITH5,8,Emilia-Romagna,Emilia-Romagna,4459477,3911311,87.71,0.85
2256,2021-03-31,EMR,25266,11043,14223,19489,5456,321,ITH,ITH5,8,Emilia-Romagna,Emilia-Romagna,4459477,3936577,88.27,0.57
2257,2021-07-04,EMR,23988,11916,12072,10412,13365,211,ITH,ITH5,8,Emilia-Romagna,Emilia-Romagna,4459477,3960565,88.81,0.54
2258,2021-03-26,EMR,23703,10110,13593,16996,6437,270,ITH,ITH5,8,Emilia-Romagna,Emilia-Romagna,4459477,3984268,89.34,0.53
2259,2021-04-03,VDA,676,341,335,649,15,12,ITC,ITC2,2,Valle d'Aosta / Vallée d'Aoste,Valle d'Aosta,125666,676,0.54,0.54
2260,2021-03-20,VDA,208,86,122,167,36,5,ITC,ITC2,2,Valle d'Aosta / Vallée d'Aoste,Valle d'Aosta,125666,884,0.7,0.17
2261,2021-06-28,VDA,986,496,490,329,657,0,ITC,ITC2,2,Valle d'Aosta / Vallée d'Aoste,Valle d'Aosta,125666,1870,1.49,0.78
2262,2021-06-11,VDA,1047,483,564,764,283,0,ITC,ITC2,2,Valle d'Aosta / Vallée d'Aoste,Valle d'Aosta,125666,2917,2.32,0.83
2263,2021-05-23,VDA,999,465,534,652,341,6,ITC,ITC2,2,Valle d'Aosta / Vallée d'Aoste,Valle d'Aosta,125666,3916,3.12,0.79
2264,2021-01-29,VDA,318,138,180,2,316,0,ITC,ITC2,2,Valle d'Aosta / Vallée d'Aoste,Valle d'Aosta,125666,4234,3.37,0.25
2265,2021-04-22,VDA,1068,450,618,652,383,33,ITC,ITC2,2,Valle d'Aosta / Vallée d'Aoste,Valle d'Aosta,125666,5302,4.22,0.85
2266,2021-05-30,VDA,865,429,436,682,171,12,ITC,ITC2,2,Valle d'Aosta / Vallée d'Aoste,Valle d'Aosta,125666,6167,4.91,0.69
2267,2021-05-28,VDA,975,414,561,544,412,19,ITC,ITC2,2,Valle d'Aosta / Vallée d'Aoste,Valle d'Aosta,125666,7142,5.68,0.78
2268,2021-02-17,VDA,327,144,183,223,100,4,ITC,ITC2,2,Valle d'Aosta / Vallée d'Aoste,Valle d'Aosta,125666,7469,5.94,0.26
2269,2021-05-02,VDA,765,345,420,581,160,24,ITC,ITC2,2,Valle d'Aosta / Vallée d'Aoste,Valle d'Aosta,125666,8234,6.55,0.61
2270,2021-01-22,VDA,56,21,35,20,36,0,ITC,ITC2,2,Valle d'Aosta / Vallée d'Aoste,Valle d'Aosta,125666,8290,6.6,0.04
2271,2021-01-08,VDA,299,130,169,299,0,0,ITC,ITC2,2,Valle d'Aosta / Vallée d'Aoste,Valle d'Aosta,125666,8589,6.83,0.24
2272,2021-03-06,VDA,22,4,18,18,0,4,ITC,ITC2,2,Valle d'Aosta / Vallée d'Aoste,Valle d'Aosta,125666,8611,6.85,0.02
2273,2021-01-27,VDA,151,71,80,79,72,0,ITC,ITC2,2,Valle d'Aosta / Vallée d'Aoste,Valle d'Aosta,125666,8762,6.97,0.12
2274,2021-04-20,VDA,933,430,503,707,194,32,ITC,ITC2,2,Valle d'Aosta / Vallée d'Aoste,Valle d'Aosta,125666,9695,7.71,0.74
2275,2021-01-10,VDA,220,71,149,208,0,12,ITC,ITC2,2,Valle d'Aosta / Vallée d'Aoste,Valle d'Aosta,125666,9915,7.89,0.18
2276,2020-12-27,VDA,20,9,11,20,0,0,ITC,ITC2,2,Valle d'Aosta / Vallée d'Aoste,Valle d'Aosta,125666,9935,7.91,0.02
2277,2021-02-05,VDA,294,102,192,101,193,0,ITC,ITC2,2,Valle d'Aosta / Vallée d'Aoste,Valle d'Aosta,125666,10229,8.14,0.23
2278,2021-02-22,VDA,316,94,222,210,103,3,ITC,ITC2,2,Valle d'Aosta / Vallée d'Aoste,Valle d'Aosta,125666,10545,8.39,0.25
2279,2021-05-16,VDA,688,341,347,338,341,9,ITC,ITC2,2,Valle d'Aosta / Vallée d'Aoste,Valle d'Aosta,125666,11233,8.94,0.55
2280,2021-04-15,VDA,810,377,433,638,139,33,ITC,ITC2,2,Valle d'Aosta / Vallée d'Aoste,Valle d'Aosta,125666,12043,9.58,0.64
2281,2021-03-08,VDA,485,233,252,237,245,3,ITC,ITC2,2,Valle d'Aosta / Vallée d'Aoste,Valle d'Aosta,125666,12528,9.97,0.39
2282,2021-05-04,VDA,1135,510,625,434,673,28,ITC,ITC2,2,Valle d'Aosta / Vallée d'Aoste,Valle d'Aosta,125666,13663,10.87,0.9
2283,2021-06-16,VDA,683,365,318,642,41,0,ITC,ITC2,2,Valle d'Aosta / Vallée d'Aoste,Valle d'Aosta,125666,14346,11.42,0.54
2284,2021-03-15,VDA,362,123,239,150,203,9,ITC,ITC2,2,Valle d'Aosta / Vallée d'Aoste,Valle d'Aosta,125666,14708,11.7,0.29
2285,2021-05-11,VDA,647,325,322,469,151,27,ITC,ITC2,2,Valle d'Aosta / Vallée d'Aoste,Valle d'Aosta,125666,15355,12.22,0.51
2286,2021-04-27,VDA,978,423,555,650,292,36,ITC,ITC2,2,Valle d'Aosta / Vallée d'Aoste,Valle d'Aosta,125666,16333,13.0,0.78
2287,2021-01-17,VDA,131,56,75,131,0,0,ITC,ITC2,2,Valle d'Aosta / Vallée d'Aoste,Valle d'Aosta,125666,16464,13.1,0.1
2288,2021-06-23,VDA,1043,551,492,427,616,0,ITC,ITC2,2,Valle d'Aosta / Vallée d'Aoste,Valle d'Aosta,125666,17507,13.93,0.83
2289,2021-02-03,VDA,351,114,237,14,337,0,ITC,ITC2,2,Valle d'Aosta / Vallée d'Aoste,Valle d'Aosta,125666,17858,14.21,0.28
2290,2021-04-01,VDA,777,394,383,746,12,19,ITC,ITC2,2,Valle d'Aosta / Vallée d'Aoste,Valle d'Aosta,125666,18635,14.83,0.62
2291,2021-02-10,VDA,248,77,171,141,107,0,ITC,ITC2,2,Valle d'Aosta / Vallée d'Aoste,Valle d'Aosta,125666,18883,15.03,0.2
2292,2021-03-25,VDA,389,154,235,364,10,15,ITC,ITC2,2,Valle d'Aosta / Vallée d'Aoste,Valle d'Aosta,125666,19272,15.34,0.31
2293,2021-05-21,VDA,917,433,484,515,386,16,ITC,ITC2,2,Valle d'Aosta / Vallée d'Aoste,Valle d'Aosta,125666,20189,16.07,0.73
2294,2021-04-17,VDA,638,407,231,593,2,43,ITC,ITC2,2,Valle d'Aosta / Vallée d'Aoste,Valle d'Aosta,125666,20827,16.57,0.51
2295,2021-01-07,VDA,276,111,165,276,0,0,ITC,ITC2,2,Valle d'Aosta / Vallée d'Aoste,Valle d'Aosta,125666,21103,16.79,0.22
2296,2021-02-19,VDA,292,102,190,266,24,2,ITC,ITC2,2,Valle d'Aosta / Vallée d'Aoste,Valle d'Aosta,125666,21395,17.03,0.23
2297,2021-05-09,VDA,574,287,287,425,130,19,ITC,ITC2,2,Valle d'Aosta / Vallée d'Aoste,Valle d'Aosta,125666,21969,17.48,0.46
2298,2021-03-17,VDA,433,185,248,259,160,14,ITC,ITC2,2,Valle d'Aosta / Vallée d'Aoste,Valle d'Aosta,125666,22402,17.83,0.34
2299,2021-03-03,VDA,255,118,137,182,68,5,ITC,ITC2,2,Valle d'Aosta / Vallée d'Aoste,Valle d'Aosta,125666,22657,18.03,0.2
2300,2021-03-13,VDA,147,88,59,141,0,6,ITC,ITC2,2,Valle d'Aosta / Vallée d'Aoste,Valle d'Aosta,125666,22804,18.15,0.12
2301,2021-01-15,VDA,218,82,136,218,0,0,ITC,ITC2,2,Valle d'Aosta / Vallée d'Aoste,Valle d'Aosta,125666,23022,18.32,0.17
2302,2021-03-31,VDA,555,302,253,511,26,18,ITC,ITC2,2,Valle d'Aosta / Vallée d'Aoste,Valle d'Aosta,125666,23577,18.76,0.44
2303,2021-06-04,VDA,908,383,525,474,434,0,ITC,ITC2,2,Valle d'Aosta / Vallée d'Aoste,Valle d'Aosta,125666,24485,19.48,0.72
2304,2021-01-19,VDA,256,77,179,256,0,0,ITC,ITC2,2,Valle d'Aosta / Vallée d'Aoste,Valle d'Aosta,125666,24741,19.69,0.2
2305,2021-04-12,VDA,486,186,300,305,163,18,ITC,ITC2,2,Valle d'Aosta / Vallée d'Aoste,Valle d'Aosta,125666,25227,20.07,0.39
2306,2021-04-29,VDA,1291,634,657,736,534,21,ITC,ITC2,2,Valle d'Aosta / Vallée d'Aoste,Valle d'Aosta,125666,26518,21.1,1.03
2307,2021-06-09,VDA,1027,535,492,991,36,0,ITC,ITC2,2,Valle d'Aosta / Vallée d'Aoste,Valle d'Aosta,125666,27545,21.92,0.82
2308,2021-03-01,VDA,181,66,115,139,34,8,ITC,ITC2,2,Valle d'Aosta / Vallée d'Aoste,Valle d'Aosta,125666,27726,22.06,0.14
2309,2021-02-15,VDA,264,136,128,225,35,4,ITC,ITC2,2,Valle d'Aosta / Vallée d'Aoste,Valle d'Aosta,125666,27990,22.27,0.21
2310,2021-02-24,VDA,183,82,101,162,19,2,ITC,ITC2,2,Valle d'Aosta / Vallée d'Aoste,Valle d'Aosta,125666,28173,22.42,0.15
2311,2021-04-08,VDA,584,282,302,420,143,21,ITC,ITC2,2,Valle d'Aosta / Vallée d'Aoste,Valle d'Aosta,125666,28757,22.88,0.46
2312,2021-06-13,VDA,851,399,452,373,478,0,ITC,ITC2,2,Valle d'Aosta / Vallée d'Aoste,Valle d'Aosta,125666,29608,23.56,0.68
2313,2021-06-08,VDA,712,356,356,679,33,0,ITC,ITC2,2,Valle d'Aosta / Vallée d'Aoste,Valle d'Aosta,125666,30320,24.13,0.57
2314,2021-04-13,VDA,373,171,202,311,44,18,ITC,ITC2,2,Valle d'Aosta / Vallée d'Aoste,Valle d'Aosta,125666,30693,24.42,0.3
2315,2021-07-05,VDA,571,239,332,145,426,0,ITC,ITC2,2,Valle d'Aosta / Vallée d'Aoste,Valle d'Aosta,125666,31264,24.88,0.45
2316,2021-03-27,VDA,333,164,169,289,31,13,ITC,ITC2,2,Valle d'Aosta / Vallée d'Aoste,Valle d'Aosta,125666,31597,25.14,0.26
2317,2021-06-18,VDA,998,443,555,599,399,0,ITC,ITC2,2,Valle d'Aosta / Vallée d'Aoste,Valle d'Aosta,125666,32595,25.94,0.79
2318,2021-03-29,VDA,493,233,260,448,40,5,ITC,ITC2,2,Valle d'Aosta / Vallée d'Aoste,Valle d'Aosta,125666,33088,26.33,0.39
2319,2021-06-20,VDA,1131,545,586,487,644,0,ITC,ITC2,2,Valle d'Aosta / Vallée d'Aoste,Valle d'Aosta,125666,34219,27.23,0.9
2320,2021-06-30,VDA,1117,542,575,425,692,0,ITC,ITC2,2,Valle d'Aosta / Vallée d'Aoste,Valle d'Aosta,125666,35336,28.12,0.89
2321,2021-01-31,VDA,291,91,200,58,233,0,ITC,ITC2,2,Valle d'Aosta / Vallée d'Aoste,Valle d'Aosta,125666,35627,28.35,0.23
2322,2021-01-05,VDA,150,54,96,150,0,0,ITC,ITC2,2,Valle d'Aosta / Vallée d'Aoste,Valle d'Aosta,125666,35777,28.47,0.12
2323,2021-01-14,VDA,237,69,168,237,0,0,ITC,ITC2,2,Valle d'Aosta / Vallée d'Aoste,Valle d'Aosta,125666,36014,28.66,0.19
2324,2021-04-24,VDA,722,400,322,533,167,22,ITC,ITC2,2,Valle d'Aosta / Vallée d'Aoste,Valle d'Aosta,125666,36736,29.23,0.57
2325,2021-04-19,VDA,751,325,426,519,209,23,ITC,ITC2,2,Valle d'Aosta / Vallée d'Aoste,Valle d'Aosta,125666,37487,29.83,0.6
2326,2021-05-27,VDA,1089,497,592,574,503,12,ITC,ITC2,2,Valle d'Aosta / Vallée d'Aoste,Valle d'Aosta,125666,38576,30.7,0.87
2327,2021-05-13,VDA,1139,556,583,515,599,25,ITC,ITC2,2,Valle d'Aosta / Vallée d'Aoste,Valle d'Aosta,125666,39715,31.6,0.91
2328,2021-02-02,VDA,273,70,203,2,271,0,ITC,ITC2,2,Valle d'Aosta / Vallée d'Aoste,Valle d'Aosta,125666,39988,31.82,0.22
2329,2021-06-25,VDA,977,445,532,324,653,0,ITC,ITC2,2,Valle d'Aosta / Vallée d'Aoste,Valle d'Aosta,125666,40965,32.6,0.78
2330,2021-05-20,VDA,807,363,444,358,440,9,ITC,ITC2,2,Valle d'Aosta / Vallée d'Aoste,Valle d'Aosta,125666,41772,33.24,0.64
2331,2021-07-02,VDA,865,383,482,305,560,0,ITC,ITC2,2,Valle d'Aosta / Vallée d'Aoste,Valle d'Aosta,125666,42637,33.93,0.69
2332,2021-03-24,VDA,515,230,285,255,257,3,ITC,ITC2,2,Valle d'Aosta / Vallée d'Aoste,Valle d'Aosta,125666,43152,34.34,0.41
2333,2021-05-06,VDA,1064,510,554,646,384,34,ITC,ITC2,2,Valle d'Aosta / Vallée d'Aoste,Valle d'Aosta,125666,44216,35.19,0.85
2334,2021-07-04,VDA,1191,530,661,351,840,0,ITC,ITC2,2,Valle d'Aosta / Vallée d'Aoste,Valle d'Aosta,125666,45407,36.13,0.95
2335,2021-05-18,VDA,970,484,486,349,617,4,ITC,ITC2,2,Valle d'Aosta / Vallée d'Aoste,Valle d'Aosta,125666,46377,36.9,0.77
2336,2021-02-07,VDA,292,120,172,190,102,0,ITC,ITC2,2,Valle d'Aosta / Vallée d'Aoste,Valle d'Aosta,125666,46669,37.14,0.23
2337,2021-05-01,VDA,940,563,377,439,484,17,ITC,ITC2,2,Valle d'Aosta / Vallée d'Aoste,Valle d'Aosta,125666,47609,37.89,0.75
2338,2021-05-25,VDA,1115,530,585,529,574,12,ITC,ITC2,2,Valle d'Aosta / Vallée d'Aoste,Valle d'Aosta,125666,48724,38.77,0.89
2339,2021-02-14,VDA,48,16,32,1,47,0,ITC,ITC2,2,Valle d'Aosta / Vallée d'Aoste,Valle d'Aosta,125666,48772,38.81,0.04
2340,2021-05-08,VDA,904,540,364,497,378,29,ITC,ITC2,2,Valle d'Aosta / Vallée d'Aoste,Valle d'Aosta,125666,49676,39.53,0.72
2341,2021-04-05,VDA,464,223,241,439,6,19,ITC,ITC2,2,Valle d'Aosta / Vallée d'Aoste,Valle d'Aosta,125666,50140,39.9,0.37
2342,2021-06-27,VDA,1250,607,643,322,928,0,ITC,ITC2,2,Valle d'Aosta / Vallée d'Aoste,Valle d'Aosta,125666,51390,40.89,0.99
2343,2021-01-28,VDA,291,123,168,56,235,0,ITC,ITC2,2,Valle d'Aosta / Vallée d'Aoste,Valle d'Aosta,125666,51681,41.13,0.23
2344,2021-03-12,VDA,531,175,356,291,226,14,ITC,ITC2,2,Valle d'Aosta / Vallée d'Aoste,Valle d'Aosta,125666,52212,41.55,0.42
2345,2021-03-10,VDA,438,183,255,220,213,5,ITC,ITC2,2,Valle d'Aosta / Vallée d'Aoste,Valle d'Aosta,125666,52650,41.9,0.35
2346,2021-02-21,VDA,18,3,15,0,18,0,ITC,ITC2,2,Valle d'Aosta / Vallée d'Aoste,Valle d'Aosta,125666,52668,41.91,0.01
2347,2021-06-01,VDA,871,469,402,518,353,0,ITC,ITC2,2,Valle d'Aosta / Vallée d'Aoste,Valle d'Aosta,125666,53539,42.6,0.69
2348,2021-01-26,VDA,139,48,91,0,139,0,ITC,ITC2,2,Valle d'Aosta / Vallée d'Aoste,Valle d'Aosta,125666,53678,42.71,0.11
2349,2021-02-12,VDA,263,96,167,216,46,1,ITC,ITC2,2,Valle d'Aosta / Vallée d'Aoste,Valle d'Aosta,125666,53941,42.92,0.21
2350,2021-01-12,VDA,302,72,230,302,0,0,ITC,ITC2,2,Valle d'Aosta / Vallée d'Aoste,Valle d'Aosta,125666,54243,43.16,0.24
2351,2021-05-24,VDA,1136,516,620,673,447,16,ITC,ITC2,2,Valle d'Aosta / Vallée d'Aoste,Valle d'Aosta,125666,55379,44.07,0.9
2352,2021-05-10,VDA,782,381,401,532,235,15,ITC,ITC2,2,Valle d'Aosta / Vallée d'Aoste,Valle d'Aosta,125666,56161,44.69,0.62
2353,2021-03-22,VDA,560,205,355,324,227,9,ITC,ITC2,2,Valle d'Aosta / Vallée d'Aoste,Valle d'Aosta,125666,56721,45.14,0.45
2354,2021-06-05,VDA,925,476,449,737,188,0,ITC,ITC2,2,Valle d'Aosta / Vallée d'Aoste,Valle d'Aosta,125666,57646,45.87,0.74
2355,2021-02-11,VDA,231,107,124,221,9,1,ITC,ITC2,2,Valle d'Aosta / Vallée d'Aoste,Valle d'Aosta,125666,57877,46.06,0.18
2356,2021-04-09,VDA,237,111,126,200,33,4,ITC,ITC2,2,Valle d'Aosta / Vallée d'Aoste,Valle d'Aosta,125666,58114,46.24,0.19
2357,2021-05-22,VDA,940,494,446,531,400,9,ITC,ITC2,2,Valle d'Aosta / Vallée d'Aoste,Valle d'Aosta,125666,59054,46.99,0.75
2358,2021-04-16,VDA,599,261,338,565,2,32,ITC,ITC2,2,Valle d'Aosta / Vallée d'Aoste,Valle d'Aosta,125666,59653,47.47,0.48
2359,2021-04-02,VDA,873,344,529,595,225,53,ITC,ITC2,2,Valle d'Aosta / Vallée d'Aoste,Valle d'Aosta,125666,60526,48.16,0.69
2360,2021-05-29,VDA,798,434,364,553,237,8,ITC,ITC2,2,Valle d'Aosta / Vallée d'Aoste,Valle d'Aosta,125666,61324,48.8,0.64
2361,2021-01-16,VDA,237,80,157,237,0,0,ITC,ITC2,2,Valle d'Aosta / Vallée d'Aoste,Valle d'Aosta,125666,61561,48.99,0.19
2362,2021-06-22,VDA,1189,666,523,541,648,0,ITC,ITC2,2,Valle d'Aosta / Vallée d'Aoste,Valle d'Aosta,125666,62750,49.93,0.95
2363,2021-03-14,VDA,392,200,192,373,0,19,ITC,ITC2,2,Valle d'Aosta / Vallée d'Aoste,Valle d'Aosta,125666,63142,50.25,0.31
2364,2021-04-26,VDA,715,327,388,512,170,33,ITC,ITC2,2,Valle d'Aosta / Vallée d'Aoste,Valle d'Aosta,125666,63857,50.81,0.57
2365,2021-07-01,VDA,962,473,489,341,621,0,ITC,ITC2,2,Valle d'Aosta / Vallée d'Aoste,Valle d'Aosta,125666,64819,51.58,0.77
2366,2021-01-09,VDA,443,199,244,442,0,1,ITC,ITC2,2,Valle d'Aosta / Vallée d'Aoste,Valle d'Aosta,125666,65262,51.93,0.35
2367,2021-06-12,VDA,1232,599,633,1066,166,0,ITC,ITC2,2,Valle d'Aosta / Vallée d'Aoste,Valle d'Aosta,125666,66494,52.91,0.98
2368,2021-03-19,VDA,322,85,237,277,35,10,ITC,ITC2,2,Valle d'Aosta / Vallée d'Aoste,Valle d'Aosta,125666,66816,53.17,0.26
2369,2021-05-07,VDA,564,245,319,519,31,14,ITC,ITC2,2,Valle d'Aosta / Vallée d'Aoste,Valle d'Aosta,125666,67380,53.62,0.45
2370,2021-04-23,VDA,921,443,478,509,383,29,ITC,ITC2,2,Valle d'Aosta / Vallée d'Aoste,Valle d'Aosta,125666,68301,54.35,0.73
2371,2021-01-13,VDA,337,110,227,337,0,0,ITC,ITC2,2,Valle d'Aosta / Vallée d'Aoste,Valle d'Aosta,125666,68638,54.62,0.27
2372,2021-04-06,VDA,741,381,360,595,112,34,ITC,ITC2,2,Valle d'Aosta / Vallée d'Aoste,Valle d'Aosta,125666,69379,55.21,0.59
2373,2021-03-18,VDA,136,43,93,96,37,3,ITC,ITC2,2,Valle d'Aosta / Vallée d'Aoste,Valle d'Aosta,125666,69515,55.32,0.11
2374,2021-06-26,VDA,1061,509,552,357,704,0,ITC,ITC2,2,Valle d'Aosta / Vallée d'Aoste,Valle d'Aosta,125666,70576,56.16,0.84
2375,2021-03-04,VDA,291,139,152,40,249,2,ITC,ITC2,2,Valle d'Aosta / Vallée d'Aoste,Valle d'Aosta,125666,70867,56.39,0.23
2376,2021-05-26,VDA,1209,587,622,565,633,11,ITC,ITC2,2,Valle d'Aosta / Vallée d'Aoste,Valle d'Aosta,125666,72076,57.36,0.96
2377,2021-02-16,VDA,326,53,273,309,6,11,ITC,ITC2,2,Valle d'Aosta / Vallée d'Aoste,Valle d'Aosta,125666,72402,57.61,0.26
2378,2021-04-07,VDA,910,474,436,654,229,27,ITC,ITC2,2,Valle d'Aosta / Vallée d'Aoste,Valle d'Aosta,125666,73312,58.34,0.72
2379,2021-04-14,VDA,941,430,511,689,224,28,ITC,ITC2,2,Valle d'Aosta / Vallée d'Aoste,Valle d'Aosta,125666,74253,59.09,0.75
2380,2021-01-02,VDA,6,5,1,6,0,0,ITC,ITC2,2,Valle d'Aosta / Vallée d'Aoste,Valle d'Aosta,125666,74259,59.09,0.0
2381,2021-03-26,VDA,498,204,294,472,7,19,ITC,ITC2,2,Valle d'Aosta / Vallée d'Aoste,Valle d'Aosta,125666,74757,59.49,0.4
2382,2021-06-17,VDA,775,422,353,626,149,0,ITC,ITC2,2,Valle d'Aosta / Vallée d'Aoste,Valle d'Aosta,125666,75532,60.11,0.62
2383,2021-01-21,VDA,33,12,21,33,0,0,ITC,ITC2,2,Valle d'Aosta / Vallée d'Aoste,Valle d'Aosta,125666,75565,60.13,0.03
2384,2021-01-04,VDA,142,59,83,142,0,0,ITC,ITC2,2,Valle d'Aosta / Vallée d'Aoste,Valle d'Aosta,125666,75707,60.24,0.11
2385,2021-03-28,VDA,522,212,310,492,1,29,ITC,ITC2,2,Valle d'Aosta / Vallée d'Aoste,Valle d'Aosta,125666,76229,60.66,0.42
2386,2021-03-11,VDA,197,76,121,66,131,0,ITC,ITC2,2,Valle d'Aosta / Vallée d'Aoste,Valle d'Aosta,125666,76426,60.82,0.16
2387,2021-06-02,VDA,1215,688,527,814,401,0,ITC,ITC2,2,Valle d'Aosta / Vallée d'Aoste,Valle d'Aosta,125666,77641,61.78,0.97
2388,2021-06-19,VDA,1288,667,621,669,619,0,ITC,ITC2,2,Valle d'Aosta / Vallée d'Aoste,Valle d'Aosta,125666,78929,62.81,1.02
2389,2021-04-21,VDA,868,410,458,588,248,32,ITC,ITC2,2,Valle d'Aosta / Vallée d'Aoste,Valle d'Aosta,125666,79797,63.5,0.69
2390,2021-03-21,VDA,355,165,190,346,0,9,ITC,ITC2,2,Valle d'Aosta / Vallée d'Aoste,Valle d'Aosta,125666,80152,63.78,0.28
2391,2021-06-29,VDA,780,390,390,238,542,0,ITC,ITC2,2,Valle d'Aosta / Vallée d'Aoste,Valle d'Aosta,125666,80932,64.4,0.62
2392,2021-02-23,VDA,216,123,93,215,0,1,ITC,ITC2,2,Valle d'Aosta / Vallée d'Aoste,Valle d'Aosta,125666,81148,64.57,0.17
2393,2021-06-03,VDA,1306,667,639,896,410,0,ITC,ITC2,2,Valle d'Aosta / Vallée d'Aoste,Valle d'Aosta,125666,82454,65.61,1.04
2394,2021-05-17,VDA,809,417,392,370,434,5,ITC,ITC2,2,Valle d'Aosta / Vallée d'Aoste,Valle d'Aosta,125666,83263,66.26,0.64
2395,2021-02-25,VDA,201,101,100,190,7,4,ITC,ITC2,2,Valle d'Aosta / Vallée d'Aoste,Valle d'Aosta,125666,83464,66.42,0.16
2396,2021-06-24,VDA,1221,629,592,388,833,0,ITC,ITC2,2,Valle d'Aosta / Vallée d'Aoste,Valle d'Aosta,125666,84685,67.39,0.97
2397,2021-07-03,VDA,935,484,451,399,536,0,ITC,ITC2,2,Valle d'Aosta / Vallée d'Aoste,Valle d'Aosta,125666,85620,68.13,0.74
2398,2021-02-08,VDA,223,83,140,25,198,0,ITC,ITC2,2,Valle d'Aosta / Vallée d'Aoste,Valle d'Aosta,125666,85843,68.31,0.18
2399,2021-03-23,VDA,379,150,229,228,134,17,ITC,ITC2,2,Valle d'Aosta / Vallée d'Aoste,Valle d'Aosta,125666,86222,68.61,0.3
2400,2021-05-19,VDA,993,498,495,411,575,7,ITC,ITC2,2,Valle d'Aosta / Vallée d'Aoste,Valle d'Aosta,125666,87215,69.4,0.79
2401,2021-03-16,VDA,182,37,145,109,64,9,ITC,ITC2,2,Valle d'Aosta / Vallée d'Aoste,Valle d'Aosta,125666,87397,69.55,0.14
2402,2021-02-09,VDA,251,84,167,67,183,1,ITC,ITC2,2,Valle d'Aosta / Vallée d'Aoste,Valle d'Aosta,125666,87648,69.75,0.2
2403,2021-04-18,VDA,522,254,268,492,4,26,ITC,ITC2,2,Valle d'Aosta / Vallée d'Aoste,Valle d'Aosta,125666,88170,70.16,0.42
2404,2021-06-14,VDA,306,163,143,12,294,0,ITC,ITC2,2,Valle d'Aosta / Vallée d'Aoste,Valle d'Aosta,125666,88476,70.41,0.24
2405,2021-05-31,VDA,880,396,484,490,379,11,ITC,ITC2,2,Valle d'Aosta / Vallée d'Aoste,Valle d'Aosta,125666,89356,71.11,0.7
2406,2021-04-25,VDA,849,408,441,673,139,37,ITC,ITC2,2,Valle d'Aosta / Vallée d'Aoste,Valle d'Aosta,125666,90205,71.78,0.68
2407,2021-06-21,VDA,1122,600,522,617,505,0,ITC,ITC2,2,Valle d'Aosta / Vallée d'Aoste,Valle d'Aosta,125666,91327,72.67,0.89
2408,2021-06-07,VDA,710,347,363,649,61,0,ITC,ITC2,2,Valle d'Aosta / Vallée d'Aoste,Valle d'Aosta,125666,92037,73.24,0.56
2409,2021-02-27,VDA,231,85,146,119,107,5,ITC,ITC2,2,Valle d'Aosta / Vallée d'Aoste,Valle d'Aosta,125666,92268,73.42,0.18
2410,2021-03-09,VDA,206,96,110,166,32,8,ITC,ITC2,2,Valle d'Aosta / Vallée d'Aoste,Valle d'Aosta,125666,92474,73.59,0.16
2411,2021-02-20,VDA,251,210,41,238,10,3,ITC,ITC2,2,Valle d'Aosta / Vallée d'Aoste,Valle d'Aosta,125666,92725,73.79,0.2
2412,2021-05-15,VDA,1065,614,451,367,685,13,ITC,ITC2,2,Valle d'Aosta / Vallée d'Aoste,Valle d'Aosta,125666,93790,74.63,0.85
2413,2021-02-04,VDA,294,86,208,8,286,0,ITC,ITC2,2,Valle d'Aosta / Vallée d'Aoste,Valle d'Aosta,125666,94084,74.87,0.23
2414,2021-04-28,VDA,1218,632,586,681,503,34,ITC,ITC2,2,Valle d'Aosta / Vallée d'Aoste,Valle d'Aosta,125666,95302,75.84,0.97
2415,2021-06-10,VDA,1002,558,444,960,42,0,ITC,ITC2,2,Valle d'Aosta / Vallée d'Aoste,Valle d'Aosta,125666,96304,76.63,0.8
2416,2021-03-02,VDA,339,166,173,291,3,45,ITC,ITC2,2,Valle d'Aosta / Vallée d'Aoste,Valle d'Aosta,125666,96643,76.9,0.27
2417,2021-01-11,VDA,325,112,213,325,0,0,ITC,ITC2,2,Valle d'Aosta / Vallée d'Aoste,Valle d'Aosta,125666,96968,77.16,0.26
2418,2021-02-06,VDA,289,104,185,91,197,1,ITC,ITC2,2,Valle d'Aosta / Vallée d'Aoste,Valle d'Aosta,125666,97257,77.39,0.23
2419,2021-04-30,VDA,831,355,476,467,346,18,ITC,ITC2,2,Valle d'Aosta / Vallée d'Aoste,Valle d'Aosta,125666,98088,78.05,0.66
2420,2021-01-20,VDA,23,8,15,23,0,0,ITC,ITC2,2,Valle d'Aosta / Vallée d'Aoste,Valle d'Aosta,125666,98111,78.07,0.02
2421,2021-01-18,VDA,213,74,139,213,0,0,ITC,ITC2,2,Valle d'Aosta / Vallée d'Aoste,Valle d'Aosta,125666,98324,78.24,0.17
2422,2021-04-11,VDA,479,208,271,462,0,17,ITC,ITC2,2,Valle d'Aosta / Vallée d'Aoste,Valle d'Aosta,125666,98803,78.62,0.38
2423,2021-01-06,VDA,65,33,32,65,0,0,ITC,ITC2,2,Valle d'Aosta / Vallée d'Aoste,Valle d'Aosta,125666,98868,78.68,0.05
2424,2021-02-18,VDA,349,153,196,255,88,6,ITC,ITC2,2,Valle d'Aosta / Vallée d'Aoste,Valle d'Aosta,125666,99217,78.95,0.28
2425,2021-04-04,VDA,572,253,319,550,1,21,ITC,ITC2,2,Valle d'Aosta / Vallée d'Aoste,Valle d'Aosta,125666,99789,79.41,0.46
2426,2021-02-13,VDA,216,196,20,213,1,2,ITC,ITC2,2,Valle d'Aosta / Vallée d'Aoste,Valle d'Aosta,125666,100005,79.58,0.17
2427,2021-02-26,VDA,207,58,149,108,85,14,ITC,ITC2,2,Valle d'Aosta / Vallée d'Aoste,Valle d'Aosta,125666,100212,79.74,0.16
2428,2021-04-10,VDA,404,190,214,387,5,12,ITC,ITC2,2,Valle d'Aosta / Vallée d'Aoste,Valle d'Aosta,125666,100616,80.07,0.32
2429,2020-12-31,VDA,18,4,14,18,0,0,ITC,ITC2,2,Valle d'Aosta / Vallée d'Aoste,Valle d'Aosta,125666,100634,80.08,0.01
2430,2021-06-06,VDA,1160,582,578,787,373,0,ITC,ITC2,2,Valle d'Aosta / Vallée d'Aoste,Valle d'Aosta,125666,101794,81.0,0.92
2431,2021-06-15,VDA,876,479,397,621,255,0,ITC,ITC2,2,Valle d'Aosta / Vallée d'Aoste,Valle d'Aosta,125666,102670,81.7,0.7
2432,2021-03-05,VDA,275,124,151,52,222,1,ITC,ITC2,2,Valle d'Aosta / Vallée d'Aoste,Valle d'Aosta,125666,102945,81.92,0.22
2433,2021-02-28,VDA,260,86,174,73,183,4,ITC,ITC2,2,Valle d'Aosta / Vallée d'Aoste,Valle d'Aosta,125666,103205,82.13,0.21
2434,2021-05-05,VDA,1038,566,472,434,582,22,ITC,ITC2,2,Valle d'Aosta / Vallée d'Aoste,Valle d'Aosta,125666,104243,82.95,0.83
2435,2021-05-03,VDA,839,400,439,458,351,30,ITC,ITC2,2,Valle d'Aosta / Vallée d'Aoste,Valle d'Aosta,125666,105082,83.62,0.67
2436,2021-03-07,VDA,64,30,34,11,53,0,ITC,ITC2,2,Valle d'Aosta / Vallée d'Aoste,Valle d'Aosta,125666,105146,83.67,0.05
2437,2021-01-30,VDA,439,202,237,12,425,2,ITC,ITC2,2,Valle d'Aosta / Vallée d'Aoste,Valle d'Aosta,125666,105585,84.02,0.35
2438,2021-01-25,VDA,147,65,82,0,147,0,ITC,ITC2,2,Valle d'Aosta / Vallée d'Aoste,Valle d'Aosta,125666,105732,84.14,0.12
2439,2021-05-14,VDA,960,442,518,249,669,42,ITC,ITC2,2,Valle d'Aosta / Vallée d'Aoste,Valle d'Aosta,125666,106692,84.9,0.76
2440,2021-02-01,VDA,404,127,277,84,317,3,ITC,ITC2,2,Valle d'Aosta / Vallée d'Aoste,Valle d'Aosta,125666,107096,85.22,0.32
2441,2021-03-30,VDA,402,223,179,365,20,17,ITC,ITC2,2,Valle d'Aosta / Vallée d'Aoste,Valle d'Aosta,125666,107498,85.54,0.32
2442,2021-05-12,VDA,1140,549,591,439,670,31,ITC,ITC2,2,Valle d'Aosta / Vallée d'Aoste,Valle d'Aosta,125666,108638,86.45,0.91
2443,2021-04-04,VEN,7783,3533,4250,6511,1148,124,ITH,ITH3,5,Veneto,Veneto,4905854,7783,0.16,0.16
2444,2021-05-24,VEN,33020,16404,16616,7622,24995,403,ITH,ITH3,5,Veneto,Veneto,4905854,40803,0.83,0.67
2445,2021-04-23,VEN,31242,13838,17404,21382,8708,1152,ITH,ITH3,5,Veneto,Veneto,4905854,72045,1.47,0.64
2446,2021-02-16,VEN,6644,2870,3774,6438,176,30,ITH,ITH3,5,Veneto,Veneto,4905854,78689,1.6,0.14
2447,2021-05-29,VEN,32983,16665,16318,24170,7652,1161,ITH,ITH3,5,Veneto,Veneto,4905854,111672,2.28,0.67
2448,2021-01-23,VEN,4051,1246,2805,31,4020,0,ITH,ITH3,5,Veneto,Veneto,4905854,115723,2.36,0.08
2449,2021-06-29,VEN,45386,22648,22738,18987,25684,715,ITH,ITH3,5,Veneto,Veneto,4905854,161109,3.28,0.93
2450,2021-03-21,VEN,11981,4753,7228,8278,3463,240,ITH,ITH3,5,Veneto,Veneto,4905854,173090,3.53,0.24
2451,2021-01-16,VEN,4611,1542,3069,4611,0,0,ITH,ITH3,5,Veneto,Veneto,4905854,177701,3.62,0.09
2452,2021-03-14,VEN,15176,5942,9234,13845,894,437,ITH,ITH3,5,Veneto,Veneto,4905854,192877,3.93,0.31
2453,2021-01-11,VEN,7240,2102,5138,7239,0,1,ITH,ITH3,5,Veneto,Veneto,4905854,200117,4.08,0.15
2454,2021-04-21,VEN,32332,13180,19152,15496,16058,778,ITH,ITH3,5,Veneto,Veneto,4905854,232449,4.74,0.66
2455,2021-05-22,VEN,34760,16670,18090,12698,21393,669,ITH,ITH3,5,Veneto,Veneto,4905854,267209,5.45,0.71
2456,2021-02-11,VEN,4012,1238,2774,3344,628,40,ITH,ITH3,5,Veneto,Veneto,4905854,271221,5.53,0.08
2457,2021-01-28,VEN,9210,2662,6548,170,9038,2,ITH,ITH3,5,Veneto,Veneto,4905854,280431,5.72,0.19
2458,2021-05-17,VEN,26489,12976,13513,15881,10014,594,ITH,ITH3,5,Veneto,Veneto,4905854,306920,6.26,0.54
2459,2021-02-06,VEN,4095,1354,2741,709,3386,0,ITH,ITH3,5,Veneto,Veneto,4905854,311015,6.34,0.08
2460,2021-02-23,VEN,7383,3254,4129,7029,271,83,ITH,ITH3,5,Veneto,Veneto,4905854,318398,6.49,0.15
2461,2021-04-28,VEN,32395,15168,17227,22178,9018,1199,ITH,ITH3,5,Veneto,Veneto,4905854,350793,7.15,0.66
2462,2021-06-17,VEN,51480,25797,25683,25330,24928,1222,ITH,ITH3,5,Veneto,Veneto,4905854,402273,8.2,1.05
2463,2021-03-09,VEN,16543,7446,9097,9823,6323,397,ITH,ITH3,5,Veneto,Veneto,4905854,418816,8.54,0.34
2464,2021-05-31,VEN,31603,16220,15383,20854,9915,834,ITH,ITH3,5,Veneto,Veneto,4905854,450419,9.18,0.64
2465,2021-03-26,VEN,29581,13143,16438,23264,5461,856,ITH,ITH3,5,Veneto,Veneto,4905854,480000,9.78,0.6
2466,2021-03-28,VEN,31294,13603,17691,26875,3612,807,ITH,ITH3,5,Veneto,Veneto,4905854,511294,10.42,0.64
2467,2021-06-19,VEN,49177,25031,24146,25587,22495,1095,ITH,ITH3,5,Veneto,Veneto,4905854,560471,11.42,1.0
2468,2021-05-05,VEN,44322,21238,23084,36109,6571,1642,ITH,ITH3,5,Veneto,Veneto,4905854,604793,12.33,0.9
2469,2021-07-01,VEN,50198,25655,24543,20512,28662,1024,ITH,ITH3,5,Veneto,Veneto,4905854,654991,13.35,1.02
2470,2021-05-12,VEN,36747,17787,18960,30024,5107,1616,ITH,ITH3,5,Veneto,Veneto,4905854,691738,14.1,0.75
2471,2021-06-24,VEN,55858,28295,27563,17498,37667,693,ITH,ITH3,5,Veneto,Veneto,4905854,747596,15.24,1.14
2472,2021-02-25,VEN,7898,3339,4559,7158,605,135,ITH,ITH3,5,Veneto,Veneto,4905854,755494,15.4,0.16
2473,2021-04-09,VEN,31190,13762,17428,21910,8340,940,ITH,ITH3,5,Veneto,Veneto,4905854,786684,16.04,0.64
2474,2021-06-05,VEN,46736,24067,22669,37155,7997,1584,ITH,ITH3,5,Veneto,Veneto,4905854,833420,16.99,0.95
2475,2021-02-18,VEN,5828,2455,3373,5724,64,40,ITH,ITH3,5,Veneto,Veneto,4905854,839248,17.11,0.12
2476,2021-04-16,VEN,24445,10492,13953,11871,11887,687,ITH,ITH3,5,Veneto,Veneto,4905854,863693,17.61,0.5
2477,2021-04-18,VEN,17511,7252,10259,9496,7564,451,ITH,ITH3,5,Veneto,Veneto,4905854,881204,17.96,0.36
2478,2021-01-08,VEN,9407,2835,6572,9393,0,14,ITH,ITH3,5,Veneto,Veneto,4905854,890611,18.15,0.19
2479,2021-01-09,VEN,7928,2539,5389,7922,0,6,ITH,ITH3,5,Veneto,Veneto,4905854,898539,18.32,0.16
2480,2021-03-18,VEN,12612,5138,7474,7034,5228,350,ITH,ITH3,5,Veneto,Veneto,4905854,911151,18.57,0.26
2481,2021-06-26,VEN,47934,24448,23486,13546,33881,507,ITH,ITH3,5,Veneto,Veneto,4905854,959085,19.55,0.98
2482,2021-05-10,VEN,36456,17048,19408,25642,9852,962,ITH,ITH3,5,Veneto,Veneto,4905854,995541,20.29,0.74
2483,2021-01-30,VEN,8747,2672,6075,693,8054,0,ITH,ITH3,5,Veneto,Veneto,4905854,1004288,20.47,0.18
2484,2021-03-07,VEN,4493,1768,2725,3863,561,69,ITH,ITH3,5,Veneto,Veneto,4905854,1008781,20.56,0.09
2485,2021-05-03,VEN,40669,19793,20876,32756,6442,1471,ITH,ITH3,5,Veneto,Veneto,4905854,1049450,21.39,0.83
2486,2021-01-18,VEN,2762,776,1986,2558,199,5,ITH,ITH3,5,Veneto,Veneto,4905854,1052212,21.45,0.06
2487,2021-02-04,VEN,7386,2025,5361,550,6835,1,ITH,ITH3,5,Veneto,Veneto,4905854,1059598,21.6,0.15
2488,2021-04-30,VEN,49985,23474,26511,32916,15662,1407,ITH,ITH3,5,Veneto,Veneto,4905854,1109583,22.62,1.02
2489,2021-01-20,VEN,1038,368,670,386,652,0,ITH,ITH3,5,Veneto,Veneto,4905854,1110621,22.64,0.02
2490,2021-03-02,VEN,11490,4625,6865,7934,3309,247,ITH,ITH3,5,Veneto,Veneto,4905854,1122111,22.87,0.23
2491,2021-06-10,VEN,52076,26891,25185,41002,9260,1814,ITH,ITH3,5,Veneto,Veneto,4905854,1174187,23.93,1.06
2492,2021-04-02,VEN,24081,10616,13465,17118,6328,635,ITH,ITH3,5,Veneto,Veneto,4905854,1198268,24.43,0.49
2493,2021-06-09,VEN,42580,21841,20739,33517,7419,1644,ITH,ITH3,5,Veneto,Veneto,4905854,1240848,25.29,0.87
2494,2021-06-12,VEN,48540,24430,24110,36194,10753,1593,ITH,ITH3,5,Veneto,Veneto,4905854,1289388,26.28,0.99
2495,2021-05-02,VEN,37233,17262,19971,25609,10329,1295,ITH,ITH3,5,Veneto,Veneto,4905854,1326621,27.04,0.76
2496,2021-06-14,VEN,42561,21522,21039,26215,15283,1063,ITH,ITH3,5,Veneto,Veneto,4905854,1369182,27.91,0.87
2497,2021-03-06,VEN,10667,4356,6311,7218,3262,187,ITH,ITH3,5,Veneto,Veneto,4905854,1379849,28.13,0.22
2498,2021-04-14,VEN,15907,6896,9011,8726,6627,554,ITH,ITH3,5,Veneto,Veneto,4905854,1395756,28.45,0.32
2499,2021-01-04,VEN,6736,2034,4702,6734,0,2,ITH,ITH3,5,Veneto,Veneto,4905854,1402492,28.59,0.14
2500,2021-05-14,VEN,46701,22208,24493,24264,20863,1574,ITH,ITH3,5,Veneto,Veneto,4905854,1449193,29.54,0.95
2501,2021-02-20,VEN,6424,2014,4410,6273,71,80,ITH,ITH3,5,Veneto,Veneto,4905854,1455617,29.67,0.13
2502,2021-06-02,VEN,20308,10233,10075,15297,4346,665,ITH,ITH3,5,Veneto,Veneto,4905854,1475925,30.08,0.41
2503,2021-03-16,VEN,12527,5353,7174,6640,5620,267,ITH,ITH3,5,Veneto,Veneto,4905854,1488452,30.34,0.26
2504,2021-03-23,VEN,22211,10239,11972,16863,4712,636,ITH,ITH3,5,Veneto,Veneto,4905854,1510663,30.79,0.45
2505,2021-05-19,VEN,32919,15072,17847,16074,15913,932,ITH,ITH3,5,Veneto,Veneto,4905854,1543582,31.46,0.67
2506,2021-02-08,VEN,5003,1559,3444,1923,3074,6,ITH,ITH3,5,Veneto,Veneto,4905854,1548585,31.57,0.1
2507,2021-01-13,VEN,5985,1606,4379,5982,0,3,ITH,ITH3,5,Veneto,Veneto,4905854,1554570,31.69,0.12
2508,2021-04-25,VEN,18316,8150,10166,12873,4835,608,ITH,ITH3,5,Veneto,Veneto,4905854,1572886,32.06,0.37
2509,2021-06-21,VEN,44254,22144,22110,20391,22928,935,ITH,ITH3,5,Veneto,Veneto,4905854,1617140,32.96,0.9
2510,2021-01-06,VEN,8134,2386,5748,8131,0,3,ITH,ITH3,5,Veneto,Veneto,4905854,1625274,33.13,0.17
2511,2021-06-23,VEN,48761,24170,24591,14598,33337,826,ITH,ITH3,5,Veneto,Veneto,4905854,1674035,34.12,0.99
2512,2021-05-28,VEN,46667,22854,23813,23653,21816,1198,ITH,ITH3,5,Veneto,Veneto,4905854,1720702,35.07,0.95
2513,2021-05-21,VEN,44750,22015,22735,19894,23749,1107,ITH,ITH3,5,Veneto,Veneto,4905854,1765452,35.99,0.91
2514,2021-07-03,VEN,38431,19971,18460,10998,26851,582,ITH,ITH3,5,Veneto,Veneto,4905854,1803883,36.77,0.78
2515,2021-06-16,VEN,47469,23411,24058,25110,21218,1141,ITH,ITH3,5,Veneto,Veneto,4905854,1851352,37.74,0.97
2516,2021-01-01,VEN,1528,471,1057,1527,0,1,ITH,ITH3,5,Veneto,Veneto,4905854,1852880,37.77,0.03
2517,2021-03-25,VEN,25952,11055,14897,18960,6099,893,ITH,ITH3,5,Veneto,Veneto,4905854,1878832,38.3,0.53
2518,2021-04-11,VEN,20996,8869,12127,14217,6294,485,ITH,ITH3,5,Veneto,Veneto,4905854,1899828,38.73,0.43
2519,2021-04-13,VEN,14030,6324,7706,8040,5485,505,ITH,ITH3,5,Veneto,Veneto,4905854,1913858,39.01,0.29
2520,2021-07-05,VEN,27830,14370,13460,9225,18088,517,ITH,ITH3,5,Veneto,Veneto,4905854,1941688,39.58,0.57
2521,2021-06-28,VEN,47507,24043,23464,18349,28435,723,ITH,ITH3,5,Veneto,Veneto,4905854,1989195,40.55,0.97
2522,2021-01-25,VEN,6468,2075,4393,159,6309,0,ITH,ITH3,5,Veneto,Veneto,4905854,1995663,40.68,0.13
2523,2021-04-20,VEN,22432,9497,12935,7862,13999,571,ITH,ITH3,5,Veneto,Veneto,4905854,2018095,41.14,0.46
2524,2021-05-09,VEN,35038,16116,18922,23734,10057,1247,ITH,ITH3,5,Veneto,Veneto,4905854,2053133,41.85,0.71
2525,2021-05-26,VEN,31075,15188,15887,13938,16458,679,ITH,ITH3,5,Veneto,Veneto,4905854,2084208,42.48,0.63
2526,2021-03-01,VEN,9395,3716,5679,7410,1822,163,ITH,ITH3,5,Veneto,Veneto,4905854,2093603,42.68,0.19
2527,2021-04-03,VEN,21952,9626,12326,13840,7708,404,ITH,ITH3,5,Veneto,Veneto,4905854,2115555,43.12,0.45
2528,2021-03-20,VEN,13019,5388,7631,10649,2080,290,ITH,ITH3,5,Veneto,Veneto,4905854,2128574,43.39,0.27
2529,2021-03-11,VEN,19827,8888,10939,13792,5571,464,ITH,ITH3,5,Veneto,Veneto,4905854,2148401,43.79,0.4
2530,2021-04-27,VEN,28135,12757,15378,20059,6914,1162,ITH,ITH3,5,Veneto,Veneto,4905854,2176536,44.37,0.57
2531,2021-01-17,VEN,1933,781,1152,1584,349,0,ITH,ITH3,5,Veneto,Veneto,4905854,2178469,44.41,0.04
2532,2021-05-07,VEN,48533,23257,25276,38153,8666,1714,ITH,ITH3,5,Veneto,Veneto,4905854,2227002,45.39,0.99
2533,2021-01-27,VEN,7141,2064,5077,240,6900,1,ITH,ITH3,5,Veneto,Veneto,4905854,2234143,45.54,0.15
2534,2021-02-13,VEN,3266,1473,1793,3230,20,16,ITH,ITH3,5,Veneto,Veneto,4905854,2237409,45.61,0.07
2535,2021-04-06,VEN,28955,13327,15628,23191,5042,722,ITH,ITH3,5,Veneto,Veneto,4905854,2266364,46.2,0.59
2536,2021-02-01,VEN,8561,2502,6059,160,8401,0,ITH,ITH3,5,Veneto,Veneto,4905854,2274925,46.37,0.17
2537,2021-02-15,VEN,4389,1824,2565,4140,240,9,ITH,ITH3,5,Veneto,Veneto,4905854,2279314,46.46,0.09
2538,2021-03-30,VEN,35958,15293,20665,29713,5241,1004,ITH,ITH3,5,Veneto,Veneto,4905854,2315272,47.19,0.73
2539,2021-04-10,VEN,27455,11971,15484,18364,8468,623,ITH,ITH3,5,Veneto,Veneto,4905854,2342727,47.75,0.56
2540,2021-06-06,VEN,37420,19155,18265,31403,4728,1289,ITH,ITH3,5,Veneto,Veneto,4905854,2380147,48.52,0.76
2541,2020-12-27,VEN,880,395,485,880,0,0,ITH,ITH3,5,Veneto,Veneto,4905854,2381027,48.53,0.02
2542,2021-05-30,VEN,22538,11264,11274,15194,6688,656,ITH,ITH3,5,Veneto,Veneto,4905854,2403565,48.99,0.46
2543,2021-03-15,VEN,16666,7327,9339,10955,5208,503,ITH,ITH3,5,Veneto,Veneto,4905854,2420231,49.33,0.34
2544,2021-05-18,VEN,26890,12509,14381,12617,13574,699,ITH,ITH3,5,Veneto,Veneto,4905854,2447121,49.88,0.55
2545,2021-06-30,VEN,45298,22871,22427,17715,26814,769,ITH,ITH3,5,Veneto,Veneto,4905854,2492419,50.8,0.92
2546,2021-01-10,VEN,5034,1672,3362,5033,0,1,ITH,ITH3,5,Veneto,Veneto,4905854,2497453,50.91,0.1
2547,2021-05-23,VEN,34484,16464,18020,10615,23400,469,ITH,ITH3,5,Veneto,Veneto,4905854,2531937,51.61,0.7
2548,2021-02-12,VEN,4314,1447,2867,3671,572,71,ITH,ITH3,5,Veneto,Veneto,4905854,2536251,51.7,0.09
2549,2021-01-29,VEN,9023,2788,6235,366,8657,0,ITH,ITH3,5,Veneto,Veneto,4905854,2545274,51.88,0.18
2550,2021-05-08,VEN,41435,18745,22690,28179,11812,1444,ITH,ITH3,5,Veneto,Veneto,4905854,2586709,52.73,0.84
2551,2021-06-27,VEN,40198,20535,19663,15331,24267,600,ITH,ITH3,5,Veneto,Veneto,4905854,2626907,53.55,0.82
2552,2021-03-19,VEN,13791,5668,8123,7403,6095,293,ITH,ITH3,5,Veneto,Veneto,4905854,2640698,53.83,0.28
2553,2021-02-17,VEN,6022,2772,3250,5900,94,28,ITH,ITH3,5,Veneto,Veneto,4905854,2646720,53.95,0.12
2554,2021-04-01,VEN,25320,11153,14167,18133,6411,776,ITH,ITH3,5,Veneto,Veneto,4905854,2672040,54.47,0.52
2555,2021-04-15,VEN,20906,8634,12272,9333,10823,750,ITH,ITH3,5,Veneto,Veneto,4905854,2692946,54.89,0.43
2556,2021-01-05,VEN,7330,2183,5147,7328,0,2,ITH,ITH3,5,Veneto,Veneto,4905854,2700276,55.04,0.15
2557,2021-01-03,VEN,5157,1562,3595,5157,0,0,ITH,ITH3,5,Veneto,Veneto,4905854,2705433,55.15,0.11
2558,2021-03-08,VEN,13630,6271,7359,9300,4069,261,ITH,ITH3,5,Veneto,Veneto,4905854,2719063,55.42,0.28
2559,2021-06-18,VEN,53413,26672,26741,23871,28449,1093,ITH,ITH3,5,Veneto,Veneto,4905854,2772476,56.51,1.09
2560,2021-03-27,VEN,32069,14011,18058,25365,5799,905,ITH,ITH3,5,Veneto,Veneto,4905854,2804545,57.17,0.65
2561,2021-06-03,VEN,54346,27945,26401,40615,11962,1769,ITH,ITH3,5,Veneto,Veneto,4905854,2858891,58.28,1.11
2562,2021-06-20,VEN,41077,19999,21078,18805,21505,767,ITH,ITH3,5,Veneto,Veneto,4905854,2899968,59.11,0.84
2563,2021-03-03,VEN,12096,4646,7450,8386,3499,211,ITH,ITH3,5,Veneto,Veneto,4905854,2912064,59.36,0.25
2564,2021-06-11,VEN,47235,24566,22669,34578,11148,1509,ITH,ITH3,5,Veneto,Veneto,4905854,2959299,60.32,0.96
2565,2021-06-25,VEN,51312,25972,25340,14953,35707,652,ITH,ITH3,5,Veneto,Veneto,4905854,3010611,61.37,1.05
2566,2021-04-22,VEN,32003,13920,18083,15427,15746,830,ITH,ITH3,5,Veneto,Veneto,4905854,3042614,62.02,0.65
2567,2021-02-03,VEN,5946,1668,4278,477,5466,3,ITH,ITH3,5,Veneto,Veneto,4905854,3048560,62.14,0.12
2568,2021-04-29,VEN,50266,23380,26886,35330,13182,1754,ITH,ITH3,5,Veneto,Veneto,4905854,3098826,63.17,1.02
2569,2021-02-05,VEN,8377,2534,5843,1408,6960,9,ITH,ITH3,5,Veneto,Veneto,4905854,3107203,63.34,0.17
2570,2021-02-22,VEN,7014,3041,3973,6580,387,47,ITH,ITH3,5,Veneto,Veneto,4905854,3114217,63.48,0.14
2571,2021-05-16,VEN,28410,14004,14406,20306,7077,1027,ITH,ITH3,5,Veneto,Veneto,4905854,3142627,64.06,0.58
2572,2021-02-26,VEN,8295,3271,5024,6944,1258,93,ITH,ITH3,5,Veneto,Veneto,4905854,3150922,64.23,0.17
2573,2021-04-24,VEN,24752,10827,13925,14951,9080,721,ITH,ITH3,5,Veneto,Veneto,4905854,3175674,64.73,0.5
2574,2021-01-14,VEN,7063,1924,5139,7043,0,20,ITH,ITH3,5,Veneto,Veneto,4905854,3182737,64.88,0.14
2575,2021-03-12,VEN,18657,8194,10463,11328,6748,581,ITH,ITH3,5,Veneto,Veneto,4905854,3201394,65.26,0.38
2576,2021-04-17,VEN,22418,9084,13334,14347,7275,796,ITH,ITH3,5,Veneto,Veneto,4905854,3223812,65.71,0.46
2577,2021-03-22,VEN,18144,8177,9967,12581,5046,517,ITH,ITH3,5,Veneto,Veneto,4905854,3241956,66.08,0.37
2578,2021-03-13,VEN,17229,7303,9926,13724,3131,374,ITH,ITH3,5,Veneto,Veneto,4905854,3259185,66.43,0.35
2579,2021-01-15,VEN,5875,1820,4055,5869,0,6,ITH,ITH3,5,Veneto,Veneto,4905854,3265060,66.55,0.12
2580,2021-05-20,VEN,44748,21229,23519,19335,24307,1106,ITH,ITH3,5,Veneto,Veneto,4905854,3309808,67.47,0.91
2581,2021-02-09,VEN,5248,1891,3357,3432,1803,13,ITH,ITH3,5,Veneto,Veneto,4905854,3315056,67.57,0.11
2582,2021-05-27,VEN,46476,22840,23636,22280,23154,1042,ITH,ITH3,5,Veneto,Veneto,4905854,3361532,68.52,0.95
2583,2021-02-07,VEN,2315,862,1453,713,1601,1,ITH,ITH3,5,Veneto,Veneto,4905854,3363847,68.57,0.05
2584,2021-07-02,VEN,49214,24970,24244,16126,32295,793,ITH,ITH3,5,Veneto,Veneto,4905854,3413061,69.57,1.0
2585,2021-03-24,VEN,22109,9573,12536,14658,6802,649,ITH,ITH3,5,Veneto,Veneto,4905854,3435170,70.02,0.45
2586,2021-02-10,VEN,4752,1588,3164,3688,1055,9,ITH,ITH3,5,Veneto,Veneto,4905854,3439922,70.12,0.1
2587,2021-04-08,VEN,32365,14367,17998,23317,7875,1173,ITH,ITH3,5,Veneto,Veneto,4905854,3472287,70.78,0.66
2588,2021-06-04,VEN,49526,25783,23743,39635,8116,1775,ITH,ITH3,5,Veneto,Veneto,4905854,3521813,71.79,1.01
2589,2021-02-24,VEN,8616,3679,4937,7995,488,133,ITH,ITH3,5,Veneto,Veneto,4905854,3530429,71.96,0.18
2590,2021-06-22,VEN,43629,21577,22052,18415,24327,887,ITH,ITH3,5,Veneto,Veneto,4905854,3574058,72.85,0.89
2591,2021-04-26,VEN,20717,9454,11263,14897,5138,682,ITH,ITH3,5,Veneto,Veneto,4905854,3594775,73.28,0.42
2592,2021-06-15,VEN,47704,24229,23475,28976,17493,1235,ITH,ITH3,5,Veneto,Veneto,4905854,3642479,74.25,0.97
2593,2021-02-19,VEN,7322,3140,4182,6992,204,126,ITH,ITH3,5,Veneto,Veneto,4905854,3649801,74.4,0.15
2594,2021-02-21,VEN,4638,1211,3427,4514,5,119,ITH,ITH3,5,Veneto,Veneto,4905854,3654439,74.49,0.09
2595,2021-05-15,VEN,36201,17493,18708,24781,9991,1429,ITH,ITH3,5,Veneto,Veneto,4905854,3690640,75.23,0.74
2596,2021-06-01,VEN,26925,13543,13382,15721,10519,685,ITH,ITH3,5,Veneto,Veneto,4905854,3717565,75.78,0.55
2597,2021-03-10,VEN,19039,8727,10312,12962,5683,394,ITH,ITH3,5,Veneto,Veneto,4905854,3736604,76.17,0.39
2598,2020-12-31,VEN,3220,1042,2178,3220,0,0,ITH,ITH3,5,Veneto,Veneto,4905854,3739824,76.23,0.07
2599,2021-07-04,VEN,33833,17557,16276,14949,18270,614,ITH,ITH3,5,Veneto,Veneto,4905854,3773657,76.92,0.69
2600,2021-04-12,VEN,14902,6334,8568,6385,8215,302,ITH,ITH3,5,Veneto,Veneto,4905854,3788559,77.23,0.3
2601,2021-01-02,VEN,5744,1767,3977,5743,0,1,ITH,ITH3,5,Veneto,Veneto,4905854,3794303,77.34,0.12
2602,2021-06-08,VEN,43777,22631,21146,36053,6113,1611,ITH,ITH3,5,Veneto,Veneto,4905854,3838080,78.23,0.89
2603,2021-05-25,VEN,27748,13397,14351,11234,16013,501,ITH,ITH3,5,Veneto,Veneto,4905854,3865828,78.8,0.57
2604,2021-02-14,VEN,126,56,70,113,13,0,ITH,ITH3,5,Veneto,Veneto,4905854,3865954,78.8,0.0
2605,2021-02-28,VEN,4136,1389,2747,3225,837,74,ITH,ITH3,5,Veneto,Veneto,4905854,3870090,78.89,0.08
2606,2021-03-17,VEN,14645,5992,8653,7530,6796,319,ITH,ITH3,5,Veneto,Veneto,4905854,3884735,79.19,0.3
2607,2021-01-19,VEN,1310,473,837,1159,150,1,ITH,ITH3,5,Veneto,Veneto,4905854,3886045,79.21,0.03
2608,2021-05-01,VEN,38841,18230,20611,28669,8942,1230,ITH,ITH3,5,Veneto,Veneto,4905854,3924886,80.0,0.79
2609,2021-01-07,VEN,8360,2318,6042,8359,0,1,ITH,ITH3,5,Veneto,Veneto,4905854,3933246,80.17,0.17
2610,2021-06-13,VEN,37326,19247,18079,29218,6963,1145,ITH,ITH3,5,Veneto,Veneto,4905854,3970572,80.94,0.76
2611,2021-01-21,VEN,2293,719,1574,21,2272,0,ITH,ITH3,5,Veneto,Veneto,4905854,3972865,80.98,0.05
2612,2021-03-05,VEN,13336,5020,8316,9217,3670,449,ITH,ITH3,5,Veneto,Veneto,4905854,3986201,81.25,0.27
2613,2021-01-12,VEN,5231,1517,3714,5223,0,8,ITH,ITH3,5,Veneto,Veneto,4905854,3991432,81.36,0.11
2614,2021-04-19,VEN,21543,8922,12621,4709,16409,425,ITH,ITH3,5,Veneto,Veneto,4905854,4012975,81.8,0.44
2615,2021-04-05,VEN,19152,8370,10782,13417,5435,300,ITH,ITH3,5,Veneto,Veneto,4905854,4032127,82.19,0.39
2616,2021-01-26,VEN,6919,2090,4829,149,6770,0,ITH,ITH3,5,Veneto,Veneto,4905854,4039046,82.33,0.14
2617,2021-05-06,VEN,46954,22024,24930,36505,8474,1975,ITH,ITH3,5,Veneto,Veneto,4905854,4086000,83.29,0.96
2618,2020-12-30,VEN,699,245,454,699,0,0,ITH,ITH3,5,Veneto,Veneto,4905854,4086699,83.3,0.01
2619,2021-06-07,VEN,44637,23283,21354,36004,7022,1611,ITH,ITH3,5,Veneto,Veneto,4905854,4131336,84.21,0.91
2620,2021-02-27,VEN,8990,2692,6298,7963,847,180,ITH,ITH3,5,Veneto,Veneto,4905854,4140326,84.4,0.18
2621,2021-03-04,VEN,12980,4884,8096,9119,3472,389,ITH,ITH3,5,Veneto,Veneto,4905854,4153306,84.66,0.26
2622,2021-05-11,VEN,33157,16498,16659,27118,4719,1320,ITH,ITH3,5,Veneto,Veneto,4905854,4186463,85.34,0.68
2623,2021-01-22,VEN,1080,332,748,25,1055,0,ITH,ITH3,5,Veneto,Veneto,4905854,4187543,85.36,0.02
2624,2021-05-04,VEN,42935,20333,22602,33254,8027,1654,ITH,ITH3,5,Veneto,Veneto,4905854,4230478,86.23,0.88
2625,2021-01-24,VEN,4117,1219,2898,28,4089,0,ITH,ITH3,5,Veneto,Veneto,4905854,4234595,86.32,0.08
2626,2021-04-07,VEN,36006,16182,19824,27562,7337,1107,ITH,ITH3,5,Veneto,Veneto,4905854,4270601,87.05,0.73
2627,2021-01-31,VEN,4769,1563,3206,391,4378,0,ITH,ITH3,5,Veneto,Veneto,4905854,4275370,87.15,0.1
2628,2021-03-29,VEN,31505,13723,17782,26635,3876,994,ITH,ITH3,5,Veneto,Veneto,4905854,4306875,87.79,0.64
2629,2021-05-13,VEN,44228,21828,22400,32515,9885,1828,ITH,ITH3,5,Veneto,Veneto,4905854,4351103,88.69,0.9
2630,2021-02-02,VEN,6512,1881,4631,396,6116,0,ITH,ITH3,5,Veneto,Veneto,4905854,4357615,88.82,0.13
2631,2021-03-31,VEN,38820,16391,22429,30288,7496,1036,ITH,ITH3,5,Veneto,Veneto,4905854,4396435,89.62,0.79
2632,2021-02-13,UMB,114,27,87,111,3,0,ITI,ITI2,10,Umbria,Umbria,882015,114,0.01,0.01
2633,2021-05-24,UMB,9055,4509,4546,8006,879,170,ITI,ITI2,10,Umbria,Umbria,882015,9169,1.04,1.03
2634,2021-04-18,UMB,1531,681,850,578,930,23,ITI,ITI2,10,Umbria,Umbria,882015,10700,1.21,0.17
2635,2021-01-11,UMB,1303,341,962,1303,0,0,ITI,ITI2,10,Umbria,Umbria,882015,12003,1.36,0.15
2636,2021-05-05,UMB,7207,3298,3909,3820,3304,83,ITI,ITI2,10,Umbria,Umbria,882015,19210,2.18,0.82
2637,2021-01-25,UMB,648,323,325,5,643,0,ITI,ITI2,10,Umbria,Umbria,882015,19858,2.25,0.07
2638,2021-04-04,UMB,57,20,37,22,35,0,ITI,ITI2,10,Umbria,Umbria,882015,19915,2.26,0.01
2639,2021-06-07,UMB,6942,3425,3517,6248,694,0,ITI,ITI2,10,Umbria,Umbria,882015,26857,3.04,0.79
2640,2021-04-06,UMB,5287,2165,3122,2863,2387,37,ITI,ITI2,10,Umbria,Umbria,882015,32144,3.64,0.6
2641,2021-03-28,UMB,1095,441,654,1040,24,31,ITI,ITI2,10,Umbria,Umbria,882015,33239,3.77,0.12
2642,2021-01-30,UMB,1575,486,1089,44,1531,0,ITI,ITI2,10,Umbria,Umbria,882015,34814,3.95,0.18
2643,2021-06-14,UMB,5377,2745,2632,3368,2009,0,ITI,ITI2,10,Umbria,Umbria,882015,40191,4.56,0.61
2644,2021-05-07,UMB,10097,4698,5399,6701,3192,204,ITI,ITI2,10,Umbria,Umbria,882015,50288,5.7,1.14
2645,2021-07-03,UMB,6369,3200,3169,2920,3394,55,ITI,ITI2,10,Umbria,Umbria,882015,56657,6.42,0.72
2646,2021-06-02,UMB,3914,1881,2033,3873,40,1,ITI,ITI2,10,Umbria,Umbria,882015,60571,6.87,0.44
2647,2021-02-20,UMB,283,101,182,259,24,0,ITI,ITI2,10,Umbria,Umbria,882015,60854,6.9,0.03
2648,2021-03-09,UMB,4088,2000,2088,2791,1288,9,ITI,ITI2,10,Umbria,Umbria,882015,64942,7.36,0.46
2649,2021-04-23,UMB,6604,2782,3822,3287,3120,197,ITI,ITI2,10,Umbria,Umbria,882015,71546,8.11,0.75
2650,2021-02-25,UMB,1332,495,837,1272,52,8,ITI,ITI2,10,Umbria,Umbria,882015,72878,8.26,0.15
2651,2021-03-11,UMB,3582,1722,1860,2564,1006,12,ITI,ITI2,10,Umbria,Umbria,882015,76460,8.67,0.41
2652,2021-01-13,UMB,449,139,310,449,0,0,ITI,ITI2,10,Umbria,Umbria,882015,76909,8.72,0.05
2653,2021-06-19,UMB,4568,2199,2369,2538,2030,0,ITI,ITI2,10,Umbria,Umbria,882015,81477,9.24,0.52
2654,2021-01-06,UMB,846,325,521,846,0,0,ITI,ITI2,10,Umbria,Umbria,882015,82323,9.33,0.1
2655,2021-06-12,UMB,7708,3683,4025,6131,1577,0,ITI,ITI2,10,Umbria,Umbria,882015,90031,10.21,0.87
2656,2021-04-16,UMB,8095,3739,4356,6081,1838,176,ITI,ITI2,10,Umbria,Umbria,882015,98126,11.13,0.92
2657,2021-04-30,UMB,6249,2971,3278,2732,3397,120,ITI,ITI2,10,Umbria,Umbria,882015,104375,11.83,0.71
2658,2021-03-04,UMB,4484,1855,2629,3643,827,14,ITI,ITI2,10,Umbria,Umbria,882015,108859,12.34,0.51
2659,2021-01-20,UMB,602,221,381,602,0,0,ITI,ITI2,10,Umbria,Umbria,882015,109461,12.41,0.07
2660,2021-03-23,UMB,3790,1682,2108,2124,1629,37,ITI,ITI2,10,Umbria,Umbria,882015,113251,12.84,0.43
2661,2021-07-01,UMB,9636,4770,4866,3360,6235,41,ITI,ITI2,10,Umbria,Umbria,882015,122887,13.93,1.09
2662,2021-02-08,UMB,635,203,432,88,547,0,ITI,ITI2,10,Umbria,Umbria,882015,123522,14.0,0.07
2663,2021-05-19,UMB,9411,4211,5200,5582,3743,86,ITI,ITI2,10,Umbria,Umbria,882015,132933,15.07,1.07
2664,2021-02-06,UMB,396,138,258,34,362,0,ITI,ITI2,10,Umbria,Umbria,882015,133329,15.12,0.04
2665,2021-05-12,UMB,6487,3024,3463,4193,2146,148,ITI,ITI2,10,Umbria,Umbria,882015,139816,15.85,0.74
2666,2021-03-30,UMB,3976,1729,2247,2400,1540,36,ITI,ITI2,10,Umbria,Umbria,882015,143792,16.3,0.45
2667,2020-12-27,UMB,84,44,40,84,0,0,ITI,ITI2,10,Umbria,Umbria,882015,143876,16.31,0.01
2668,2021-02-22,UMB,1889,807,1082,1803,86,0,ITI,ITI2,10,Umbria,Umbria,882015,145765,16.53,0.21
2669,2021-03-16,UMB,3538,1454,2084,1909,1627,2,ITI,ITI2,10,Umbria,Umbria,882015,149303,16.93,0.4
2670,2021-02-27,UMB,1658,354,1304,1642,16,0,ITI,ITI2,10,Umbria,Umbria,882015,150961,17.12,0.19
2671,2021-04-03,UMB,2097,712,1385,1034,1052,11,ITI,ITI2,10,Umbria,Umbria,882015,153058,17.35,0.24
2672,2021-01-08,UMB,1187,344,843,1187,0,0,ITI,ITI2,10,Umbria,Umbria,882015,154245,17.49,0.13
2673,2021-04-25,UMB,4357,1684,2673,3866,82,409,ITI,ITI2,10,Umbria,Umbria,882015,158602,17.98,0.49
2674,2021-06-21,UMB,7495,3927,3568,5158,2337,0,ITI,ITI2,10,Umbria,Umbria,882015,166097,18.83,0.85
2675,2021-01-01,UMB,273,104,169,273,0,0,ITI,ITI2,10,Umbria,Umbria,882015,166370,18.86,0.03
2676,2021-04-11,UMB,3097,1504,1593,3031,49,17,ITI,ITI2,10,Umbria,Umbria,882015,169467,19.21,0.35
2677,2021-01-18,UMB,613,218,395,529,84,0,ITI,ITI2,10,Umbria,Umbria,882015,170080,19.28,0.07
2678,2021-05-30,UMB,5982,2999,2983,5660,202,120,ITI,ITI2,10,Umbria,Umbria,882015,176062,19.96,0.68
2679,2021-03-08,UMB,3696,1822,1874,2322,1361,13,ITI,ITI2,10,Umbria,Umbria,882015,179758,20.38,0.42
2680,2021-06-16,UMB,6316,3093,3223,3222,3093,1,ITI,ITI2,10,Umbria,Umbria,882015,186074,21.1,0.72
2681,2021-03-25,UMB,3898,1698,2200,2794,1063,41,ITI,ITI2,10,Umbria,Umbria,882015,189972,21.54,0.44
2682,2021-03-18,UMB,2965,1171,1794,1699,1262,4,ITI,ITI2,10,Umbria,Umbria,882015,192937,21.87,0.34
2683,2021-06-26,UMB,9301,4723,4578,5685,3616,0,ITI,ITI2,10,Umbria,Umbria,882015,202238,22.93,1.05
2684,2021-04-20,UMB,5444,2360,3084,3422,1947,75,ITI,ITI2,10,Umbria,Umbria,882015,207682,23.55,0.62
2685,2021-01-27,UMB,840,330,510,13,827,0,ITI,ITI2,10,Umbria,Umbria,882015,208522,23.64,0.1
2686,2021-01-10,UMB,1065,274,791,1065,0,0,ITI,ITI2,10,Umbria,Umbria,882015,209587,23.76,0.12
2687,2021-05-21,UMB,8970,3668,5302,4059,4828,83,ITI,ITI2,10,Umbria,Umbria,882015,218557,24.78,1.02
2688,2021-05-04,UMB,5537,2544,2993,2352,3125,60,ITI,ITI2,10,Umbria,Umbria,882015,224094,25.41,0.63
2689,2021-05-26,UMB,9645,4563,5082,8193,1250,202,ITI,ITI2,10,Umbria,Umbria,882015,233739,26.5,1.09
2690,2021-05-28,UMB,9583,4435,5148,7097,2295,191,ITI,ITI2,10,Umbria,Umbria,882015,243322,27.59,1.09
2691,2021-04-15,UMB,7634,3493,4141,5676,1887,71,ITI,ITI2,10,Umbria,Umbria,882015,250956,28.45,0.87
2692,2021-02-17,UMB,1618,748,870,1266,351,1,ITI,ITI2,10,Umbria,Umbria,882015,252574,28.64,0.18
2693,2021-05-31,UMB,5802,2837,2965,4837,884,81,ITI,ITI2,10,Umbria,Umbria,882015,258376,29.29,0.66
2694,2021-05-14,UMB,5323,2507,2816,3349,1817,157,ITI,ITI2,10,Umbria,Umbria,882015,263699,29.9,0.6
2695,2021-02-01,UMB,1284,341,943,48,1236,0,ITI,ITI2,10,Umbria,Umbria,882015,264983,30.04,0.15
2696,2021-02-18,UMB,1496,582,914,1029,466,1,ITI,ITI2,10,Umbria,Umbria,882015,266479,30.21,0.17
2697,2021-05-16,UMB,5218,2492,2726,5087,49,82,ITI,ITI2,10,Umbria,Umbria,882015,271697,30.8,0.59
2698,2021-06-30,UMB,10441,5281,5160,3761,6680,0,ITI,ITI2,10,Umbria,Umbria,882015,282138,31.99,1.18
2699,2021-06-11,UMB,6909,3468,3441,6143,766,0,ITI,ITI2,10,Umbria,Umbria,882015,289047,32.77,0.78
2700,2021-04-08,UMB,5864,2510,3354,4007,1789,68,ITI,ITI2,10,Umbria,Umbria,882015,294911,33.44,0.66
2701,2021-06-04,UMB,8904,4401,4503,7709,1194,1,ITI,ITI2,10,Umbria,Umbria,882015,303815,34.45,1.01
2702,2021-03-06,UMB,4304,1146,3158,4134,138,32,ITI,ITI2,10,Umbria,Umbria,882015,308119,34.93,0.49
2703,2021-01-22,UMB,276,105,171,32,244,0,ITI,ITI2,10,Umbria,Umbria,882015,308395,34.96,0.03
2704,2021-06-28,UMB,9670,4779,4891,3774,5896,0,ITI,ITI2,10,Umbria,Umbria,882015,318065,36.06,1.1
2705,2021-05-02,UMB,3780,1866,1914,1294,2454,32,ITI,ITI2,10,Umbria,Umbria,882015,321845,36.49,0.43
2706,2021-03-20,UMB,2319,845,1474,2290,25,4,ITI,ITI2,10,Umbria,Umbria,882015,324164,36.75,0.26
2707,2021-03-13,UMB,1735,524,1211,1486,249,0,ITI,ITI2,10,Umbria,Umbria,882015,325899,36.95,0.2
2708,2021-01-15,UMB,695,213,482,695,0,0,ITI,ITI2,10,Umbria,Umbria,882015,326594,37.03,0.08
2709,2021-01-29,UMB,1230,348,882,79,1151,0,ITI,ITI2,10,Umbria,Umbria,882015,327824,37.17,0.14
2710,2021-05-09,UMB,5753,2752,3001,5242,391,120,ITI,ITI2,10,Umbria,Umbria,882015,333577,37.82,0.65
2711,2021-03-27,UMB,4251,1513,2738,3855,340,56,ITI,ITI2,10,Umbria,Umbria,882015,337828,38.3,0.48
2712,2021-06-18,UMB,4763,2351,2412,1610,3152,1,ITI,ITI2,10,Umbria,Umbria,882015,342591,38.84,0.54
2713,2021-07-05,UMB,6363,3099,3264,70,6288,5,ITI,ITI2,10,Umbria,Umbria,882015,348954,39.56,0.72
2714,2021-05-13,UMB,5914,2657,3257,3701,2083,130,ITI,ITI2,10,Umbria,Umbria,882015,354868,40.23,0.67
2715,2021-04-01,UMB,4372,1837,2535,2327,2009,36,ITI,ITI2,10,Umbria,Umbria,882015,359240,40.73,0.5
2716,2021-03-01,UMB,1504,774,730,1384,114,6,ITI,ITI2,10,Umbria,Umbria,882015,360744,40.9,0.17
2717,2021-06-09,UMB,8061,3907,4154,7340,721,0,ITI,ITI2,10,Umbria,Umbria,882015,368805,41.81,0.91
2718,2021-06-23,UMB,11191,5715,5476,7796,3395,0,ITI,ITI2,10,Umbria,Umbria,882015,379996,43.08,1.27
2719,2021-03-15,UMB,4594,1938,2656,2825,1766,3,ITI,ITI2,10,Umbria,Umbria,882015,384590,43.6,0.52
2720,2021-02-10,UMB,714,348,366,699,15,0,ITI,ITI2,10,Umbria,Umbria,882015,385304,43.68,0.08
2721,2021-01-24,UMB,258,106,152,1,257,0,ITI,ITI2,10,Umbria,Umbria,882015,385562,43.71,0.03
2722,2021-06-08,UMB,7373,3638,3735,6830,543,0,ITI,ITI2,10,Umbria,Umbria,882015,392935,44.55,0.84
2723,2021-04-27,UMB,5663,2401,3262,3053,2578,32,ITI,ITI2,10,Umbria,Umbria,882015,398598,45.19,0.64
2724,2021-02-03,UMB,724,174,550,67,657,0,ITI,ITI2,10,Umbria,Umbria,882015,399322,45.27,0.08
2725,2021-02-05,UMB,780,234,546,18,762,0,ITI,ITI2,10,Umbria,Umbria,882015,400102,45.36,0.09
2726,2021-05-23,UMB,5067,1854,3213,634,4416,17,ITI,ITI2,10,Umbria,Umbria,882015,405169,45.94,0.57
2727,2021-03-17,UMB,3328,1313,2015,1854,1472,2,ITI,ITI2,10,Umbria,Umbria,882015,408497,46.31,0.38
2728,2021-05-11,UMB,6228,2831,3397,3894,2194,140,ITI,ITI2,10,Umbria,Umbria,882015,414725,47.02,0.71
2729,2021-03-29,UMB,3629,1600,2029,2152,1419,58,ITI,ITI2,10,Umbria,Umbria,882015,418354,47.43,0.41
2730,2021-01-31,UMB,1058,276,782,25,1033,0,ITI,ITI2,10,Umbria,Umbria,882015,419412,47.55,0.12
2731,2021-05-25,UMB,8812,4300,4512,7574,1062,176,ITI,ITI2,10,Umbria,Umbria,882015,428224,48.55,1.0
2732,2021-05-18,UMB,7731,3349,4382,3811,3837,83,ITI,ITI2,10,Umbria,Umbria,882015,435955,49.43,0.88
2733,2021-03-22,UMB,3560,1655,1905,2304,1246,10,ITI,ITI2,10,Umbria,Umbria,882015,439515,49.83,0.4
2734,2021-04-05,UMB,4248,1728,2520,2181,2055,12,ITI,ITI2,10,Umbria,Umbria,882015,443763,50.31,0.48
2735,2021-02-07,UMB,54,17,37,1,53,0,ITI,ITI2,10,Umbria,Umbria,882015,443817,50.32,0.01
2736,2021-06-13,UMB,6763,3556,3207,6533,230,0,ITI,ITI2,10,Umbria,Umbria,882015,450580,51.09,0.77
2737,2021-05-01,UMB,5370,2638,2732,2096,3230,44,ITI,ITI2,10,Umbria,Umbria,882015,455950,51.69,0.61
2738,2021-03-05,UMB,4619,1402,3217,3948,656,15,ITI,ITI2,10,Umbria,Umbria,882015,460569,52.22,0.52
2739,2021-03-03,UMB,4431,1770,2661,3718,710,3,ITI,ITI2,10,Umbria,Umbria,882015,465000,52.72,0.5
2740,2021-06-06,UMB,7608,3904,3704,6915,693,0,ITI,ITI2,10,Umbria,Umbria,882015,472608,53.58,0.86
2741,2021-06-27,UMB,7455,3730,3725,1768,5687,0,ITI,ITI2,10,Umbria,Umbria,882015,480063,54.43,0.85
2742,2021-02-11,UMB,839,348,491,834,5,0,ITI,ITI2,10,Umbria,Umbria,882015,480902,54.52,0.1
2743,2021-05-22,UMB,6960,2752,4208,2594,4319,47,ITI,ITI2,10,Umbria,Umbria,882015,487862,55.31,0.79
2744,2021-04-02,UMB,4343,1778,2565,3545,755,43,ITI,ITI2,10,Umbria,Umbria,882015,492205,55.8,0.49
2745,2021-01-09,UMB,1717,495,1222,1717,0,0,ITI,ITI2,10,Umbria,Umbria,882015,493922,56.0,0.19
2746,2021-04-19,UMB,5031,2225,2806,2927,2048,56,ITI,ITI2,10,Umbria,Umbria,882015,498953,56.57,0.57
2747,2021-02-19,UMB,743,293,450,525,217,1,ITI,ITI2,10,Umbria,Umbria,882015,499696,56.65,0.08
2748,2021-06-01,UMB,4380,2089,2291,4225,155,0,ITI,ITI2,10,Umbria,Umbria,882015,504076,57.15,0.5
2749,2021-03-10,UMB,4031,1943,2088,2760,1256,15,ITI,ITI2,10,Umbria,Umbria,882015,508107,57.61,0.46
2750,2021-01-16,UMB,217,71,146,216,0,1,ITI,ITI2,10,Umbria,Umbria,882015,508324,57.63,0.02
2751,2021-02-02,UMB,942,272,670,32,910,0,ITI,ITI2,10,Umbria,Umbria,882015,509266,57.74,0.11
2752,2021-01-07,UMB,1300,387,913,1300,0,0,ITI,ITI2,10,Umbria,Umbria,882015,510566,57.89,0.15
2753,2021-06-25,UMB,10084,5222,4862,5379,4704,1,ITI,ITI2,10,Umbria,Umbria,882015,520650,59.03,1.14
2754,2021-01-26,UMB,815,389,426,17,798,0,ITI,ITI2,10,Umbria,Umbria,882015,521465,59.12,0.09
2755,2021-02-12,UMB,670,224,446,664,6,0,ITI,ITI2,10,Umbria,Umbria,882015,522135,59.2,0.08
2756,2021-02-26,UMB,660,253,407,650,8,2,ITI,ITI2,10,Umbria,Umbria,882015,522795,59.27,0.07
2757,2021-07-04,UMB,3402,1739,1663,2410,963,29,ITI,ITI2,10,Umbria,Umbria,882015,526197,59.66,0.39
2758,2021-04-12,UMB,7085,3081,4004,5312,1717,56,ITI,ITI2,10,Umbria,Umbria,882015,533282,60.46,0.8
2759,2021-01-19,UMB,102,23,79,102,0,0,ITI,ITI2,10,Umbria,Umbria,882015,533384,60.47,0.01
2760,2021-04-29,UMB,5210,2245,2965,2801,2320,89,ITI,ITI2,10,Umbria,Umbria,882015,538594,61.06,0.59
2761,2021-03-24,UMB,4103,1792,2311,2743,1323,37,ITI,ITI2,10,Umbria,Umbria,882015,542697,61.53,0.47
2762,2021-07-02,UMB,8629,4268,4361,3038,5501,90,ITI,ITI2,10,Umbria,Umbria,882015,551326,62.51,0.98
2763,2021-04-10,UMB,7389,3477,3912,7173,84,132,ITI,ITI2,10,Umbria,Umbria,882015,558715,63.35,0.84
2764,2021-01-17,UMB,54,17,37,54,0,0,ITI,ITI2,10,Umbria,Umbria,882015,558769,63.35,0.01
2765,2020-12-31,UMB,322,127,195,322,0,0,ITI,ITI2,10,Umbria,Umbria,882015,559091,63.39,0.04
2766,2021-06-05,UMB,8221,3775,4446,5566,2654,1,ITI,ITI2,10,Umbria,Umbria,882015,567312,64.32,0.93
2767,2021-02-24,UMB,1518,563,955,1503,15,0,ITI,ITI2,10,Umbria,Umbria,882015,568830,64.49,0.17
2768,2021-05-10,UMB,5975,2793,3182,3759,2148,68,ITI,ITI2,10,Umbria,Umbria,882015,574805,65.17,0.68
2769,2021-05-08,UMB,8126,3738,4388,4792,3226,108,ITI,ITI2,10,Umbria,Umbria,882015,582931,66.09,0.92
2770,2021-01-28,UMB,1248,394,854,19,1229,0,ITI,ITI2,10,Umbria,Umbria,882015,584179,66.23,0.14
2771,2021-05-03,UMB,5086,2270,2816,2098,2887,101,ITI,ITI2,10,Umbria,Umbria,882015,589265,66.81,0.58
2772,2021-01-23,UMB,280,100,180,2,278,0,ITI,ITI2,10,Umbria,Umbria,882015,589545,66.84,0.03
2773,2021-01-21,UMB,608,202,406,338,269,1,ITI,ITI2,10,Umbria,Umbria,882015,590153,66.91,0.07
2774,2021-05-20,UMB,9830,4585,5245,6099,3650,81,ITI,ITI2,10,Umbria,Umbria,882015,599983,68.02,1.11
2775,2021-03-31,UMB,3897,1728,2169,2179,1686,32,ITI,ITI2,10,Umbria,Umbria,882015,603880,68.47,0.44
2776,2021-02-16,UMB,1308,655,653,1299,9,0,ITI,ITI2,10,Umbria,Umbria,882015,605188,68.61,0.15
2777,2021-05-27,UMB,9964,4864,5100,8458,1318,188,ITI,ITI2,10,Umbria,Umbria,882015,615152,69.74,1.13
2778,2021-01-04,UMB,809,398,411,809,0,0,ITI,ITI2,10,Umbria,Umbria,882015,615961,69.84,0.09
2779,2021-04-14,UMB,8147,3678,4469,6091,1979,77,ITI,ITI2,10,Umbria,Umbria,882015,624108,70.76,0.92
2780,2021-06-03,UMB,9030,4463,4567,8745,285,0,ITI,ITI2,10,Umbria,Umbria,882015,633138,71.78,1.02
2781,2021-04-07,UMB,5571,2292,3279,3482,2004,85,ITI,ITI2,10,Umbria,Umbria,882015,638709,72.41,0.63
2782,2021-02-23,UMB,1691,657,1034,1649,42,0,ITI,ITI2,10,Umbria,Umbria,882015,640400,72.61,0.19
2783,2021-04-26,UMB,5380,2332,3048,3088,2251,41,ITI,ITI2,10,Umbria,Umbria,882015,645780,73.22,0.61
2784,2021-04-09,UMB,6731,3125,3606,6406,209,116,ITI,ITI2,10,Umbria,Umbria,882015,652511,73.98,0.76
2785,2021-04-28,UMB,5378,2326,3052,2937,2395,46,ITI,ITI2,10,Umbria,Umbria,882015,657889,74.59,0.61
2786,2021-02-04,UMB,733,226,507,25,708,0,ITI,ITI2,10,Umbria,Umbria,882015,658622,74.67,0.08
2787,2021-05-15,UMB,4989,1882,3107,1764,3163,62,ITI,ITI2,10,Umbria,Umbria,882015,663611,75.24,0.57
2788,2021-06-15,UMB,5970,3011,2959,3909,2061,0,ITI,ITI2,10,Umbria,Umbria,882015,669581,75.91,0.68
2789,2021-06-17,UMB,6944,3518,3426,4881,2055,8,ITI,ITI2,10,Umbria,Umbria,882015,676525,76.7,0.79
2790,2021-03-26,UMB,4588,1712,2876,4345,172,71,ITI,ITI2,10,Umbria,Umbria,882015,681113,77.22,0.52
2791,2021-01-02,UMB,304,111,193,304,0,0,ITI,ITI2,10,Umbria,Umbria,882015,681417,77.26,0.03
2792,2021-05-06,UMB,9451,4313,5138,6013,3314,124,ITI,ITI2,10,Umbria,Umbria,882015,690868,78.33,1.07
2793,2021-06-10,UMB,7458,3718,3740,6685,773,0,ITI,ITI2,10,Umbria,Umbria,882015,698326,79.17,0.85
2794,2021-03-07,UMB,845,180,665,837,7,1,ITI,ITI2,10,Umbria,Umbria,882015,699171,79.27,0.1
2795,2021-05-29,UMB,7852,3608,4244,6167,1566,119,ITI,ITI2,10,Umbria,Umbria,882015,707023,80.16,0.89
2796,2021-04-21,UMB,5320,2316,3004,3054,2227,39,ITI,ITI2,10,Umbria,Umbria,882015,712343,80.76,0.6
2797,2021-03-02,UMB,3641,1346,2295,3634,4,3,ITI,ITI2,10,Umbria,Umbria,882015,715984,81.18,0.41
2798,2021-06-24,UMB,10121,5105,5016,6134,3987,0,ITI,ITI2,10,Umbria,Umbria,882015,726105,82.32,1.15
2799,2021-04-13,UMB,7675,3396,4279,5918,1668,89,ITI,ITI2,10,Umbria,Umbria,882015,733780,83.19,0.87
2800,2021-02-15,UMB,1367,692,675,1364,1,2,ITI,ITI2,10,Umbria,Umbria,882015,735147,83.35,0.15
2801,2021-01-03,UMB,270,112,158,270,0,0,ITI,ITI2,10,Umbria,Umbria,882015,735417,83.38,0.03
2802,2021-04-22,UMB,5445,2247,3198,2701,2664,80,ITI,ITI2,10,Umbria,Umbria,882015,740862,84.0,0.62
2803,2021-04-17,UMB,6674,3069,3605,5171,1340,163,ITI,ITI2,10,Umbria,Umbria,882015,747536,84.75,0.76
2804,2021-01-05,UMB,854,429,425,854,0,0,ITI,ITI2,10,Umbria,Umbria,882015,748390,84.85,0.1
2805,2021-06-20,UMB,6211,3000,3211,1583,4628,0,ITI,ITI2,10,Umbria,Umbria,882015,754601,85.55,0.7
2806,2021-04-24,UMB,4559,1960,2599,3274,1181,104,ITI,ITI2,10,Umbria,Umbria,882015,759160,86.07,0.52
2807,2021-01-12,UMB,834,247,587,834,0,0,ITI,ITI2,10,Umbria,Umbria,882015,759994,86.17,0.09
2808,2021-03-14,UMB,66,48,18,66,0,0,ITI,ITI2,10,Umbria,Umbria,882015,760060,86.17,0.01
2809,2021-06-22,UMB,8018,4066,3952,5245,2772,1,ITI,ITI2,10,Umbria,Umbria,882015,768078,87.08,0.91
2810,2021-03-12,UMB,2694,1081,1613,2191,495,8,ITI,ITI2,10,Umbria,Umbria,882015,770772,87.39,0.31
2811,2021-03-21,UMB,675,338,337,672,0,3,ITI,ITI2,10,Umbria,Umbria,882015,771447,87.46,0.08
2812,2021-06-29,UMB,9862,5023,4839,4189,5673,0,ITI,ITI2,10,Umbria,Umbria,882015,781309,88.58,1.12
2813,2021-05-17,UMB,6367,3060,3307,4141,2177,49,ITI,ITI2,10,Umbria,Umbria,882015,787676,89.3,0.72
2814,2021-01-14,UMB,722,192,530,722,0,0,ITI,ITI2,10,Umbria,Umbria,882015,788398,89.39,0.08
2815,2021-03-19,UMB,1740,565,1175,1079,656,5,ITI,ITI2,10,Umbria,Umbria,882015,790138,89.58,0.2
2816,2021-03-30,LAZ,26804,12968,13836,19332,7149,323,ITI,ITI4,12,Lazio,Lazio,5879082,26804,0.46,0.46
2817,2021-04-18,LAZ,23808,10577,13231,15890,7650,268,ITI,ITI4,12,Lazio,Lazio,5879082,50612,0.86,0.4
2818,2021-05-19,LAZ,47121,21631,25490,36401,10103,617,ITI,ITI4,12,Lazio,Lazio,5879082,97733,1.66,0.8
2819,2021-02-20,LAZ,9207,4274,4933,8369,771,67,ITI,ITI4,12,Lazio,Lazio,5879082,106940,1.82,0.16
2820,2021-05-31,LAZ,51553,22910,28643,30764,19742,1047,ITI,ITI4,12,Lazio,Lazio,5879082,158493,2.7,0.88
2821,2021-04-04,LAZ,17533,8106,9427,12158,5265,110,ITI,ITI4,12,Lazio,Lazio,5879082,176026,2.99,0.3
2822,2021-03-16,LAZ,13545,5740,7805,7022,6444,79,ITI,ITI4,12,Lazio,Lazio,5879082,189571,3.22,0.23
2823,2021-03-09,LAZ,21957,9911,12046,16438,5199,320,ITI,ITI4,12,Lazio,Lazio,5879082,211528,3.6,0.37
2824,2021-01-11,LAZ,5542,2109,3433,5397,0,145,ITI,ITI4,12,Lazio,Lazio,5879082,217070,3.69,0.09
2825,2021-04-16,LAZ,34430,15697,18733,21965,12093,372,ITI,ITI4,12,Lazio,Lazio,5879082,251500,4.28,0.59
2826,2021-01-23,LAZ,7214,2869,4345,585,6629,0,ITI,ITI4,12,Lazio,Lazio,5879082,258714,4.4,0.12
2827,2021-01-06,LAZ,5124,1962,3162,5004,0,120,ITI,ITI4,12,Lazio,Lazio,5879082,263838,4.49,0.09
2828,2021-02-25,LAZ,12679,5537,7142,11435,1078,166,ITI,ITI4,12,Lazio,Lazio,5879082,276517,4.7,0.22
2829,2021-06-05,LAZ,65924,32514,33410,42562,22726,636,ITI,ITI4,12,Lazio,Lazio,5879082,342441,5.82,1.12
2830,2021-05-26,LAZ,47478,21806,25672,34717,12102,659,ITI,ITI4,12,Lazio,Lazio,5879082,389919,6.63,0.81
2831,2021-03-04,LAZ,19412,8719,10693,14181,5018,213,ITI,ITI4,12,Lazio,Lazio,5879082,409331,6.96,0.33
2832,2021-06-12,LAZ,69771,32040,37731,39813,29350,608,ITI,ITI4,12,Lazio,Lazio,5879082,479102,8.15,1.19
2833,2021-06-14,LAZ,62596,29357,33239,31945,30122,529,ITI,ITI4,12,Lazio,Lazio,5879082,541698,9.21,1.06
2834,2021-03-21,LAZ,18229,7163,11066,13005,5051,173,ITI,ITI4,12,Lazio,Lazio,5879082,559927,9.52,0.31
2835,2020-12-30,LAZ,1630,629,1001,1619,0,11,ITI,ITI4,12,Lazio,Lazio,5879082,561557,9.55,0.03
2836,2021-07-01,LAZ,47742,22820,24922,7040,40516,186,ITI,ITI4,12,Lazio,Lazio,5879082,609299,10.36,0.81
2837,2021-04-09,LAZ,27578,12511,15067,19051,8253,274,ITI,ITI4,12,Lazio,Lazio,5879082,636877,10.83,0.47
2838,2021-02-18,LAZ,10018,4975,5043,9110,811,97,ITI,ITI4,12,Lazio,Lazio,5879082,646895,11.0,0.17
2839,2021-05-12,LAZ,47544,21575,25969,30255,16647,642,ITI,ITI4,12,Lazio,Lazio,5879082,694439,11.81,0.81
2840,2021-02-01,LAZ,5676,2178,3498,353,5322,1,ITI,ITI4,12,Lazio,Lazio,5879082,700115,11.91,0.1
2841,2021-01-13,LAZ,5694,2151,3543,5532,0,162,ITI,ITI4,12,Lazio,Lazio,5879082,705809,12.01,0.1
2842,2021-04-23,LAZ,37696,18097,19599,21958,15276,462,ITI,ITI4,12,Lazio,Lazio,5879082,743505,12.65,0.64
2843,2021-06-26,LAZ,55887,26322,29565,24540,30783,564,ITI,ITI4,12,Lazio,Lazio,5879082,799392,13.6,0.95
2844,2021-04-30,LAZ,41361,18320,23041,26492,14215,654,ITI,ITI4,12,Lazio,Lazio,5879082,840753,14.3,0.7
2845,2021-06-19,LAZ,66202,31193,35009,35142,30299,761,ITI,ITI4,12,Lazio,Lazio,5879082,906955,15.43,1.13
2846,2021-05-17,LAZ,44505,20368,24137,35524,8571,410,ITI,ITI4,12,Lazio,Lazio,5879082,951460,16.18,0.76
2847,2021-02-06,LAZ,6159,2492,3667,834,5319,6,ITI,ITI4,12,Lazio,Lazio,5879082,957619,16.29,0.1
2848,2021-02-11,LAZ,7001,3013,3988,6445,533,23,ITI,ITI4,12,Lazio,Lazio,5879082,964620,16.41,0.12
2849,2021-04-11,LAZ,19155,8470,10685,13114,5881,160,ITI,ITI4,12,Lazio,Lazio,5879082,983775,16.73,0.33
2850,2021-03-28,LAZ,19125,7771,11354,13489,5310,326,ITI,ITI4,12,Lazio,Lazio,5879082,1002900,17.06,0.33
2851,2021-06-09,LAZ,69986,33033,36953,35783,33587,616,ITI,ITI4,12,Lazio,Lazio,5879082,1072886,18.25,1.19
2852,2021-01-04,LAZ,7485,2909,4576,7381,0,104,ITI,ITI4,12,Lazio,Lazio,5879082,1080371,18.38,0.13
2853,2021-06-24,LAZ,63508,30277,33231,28448,34431,629,ITI,ITI4,12,Lazio,Lazio,5879082,1143879,19.46,1.08
2854,2021-06-07,LAZ,62199,29063,33136,32478,29150,571,ITI,ITI4,12,Lazio,Lazio,5879082,1206078,20.51,1.06
2855,2021-06-21,LAZ,61286,28410,32876,28337,32377,572,ITI,ITI4,12,Lazio,Lazio,5879082,1267364,21.56,1.04
2856,2021-03-13,LAZ,21786,8710,13076,15676,5894,216,ITI,ITI4,12,Lazio,Lazio,5879082,1289150,21.93,0.37
2857,2021-01-25,LAZ,8111,3246,4865,770,7341,0,ITI,ITI4,12,Lazio,Lazio,5879082,1297261,22.07,0.14
2858,2021-05-05,LAZ,46787,21465,25322,30396,15836,555,ITI,ITI4,12,Lazio,Lazio,5879082,1344048,22.86,0.8
2859,2021-03-02,LAZ,17190,7608,9582,13102,3935,153,ITI,ITI4,12,Lazio,Lazio,5879082,1361238,23.15,0.29
2860,2021-01-18,LAZ,6268,2558,3710,5164,978,126,ITI,ITI4,12,Lazio,Lazio,5879082,1367506,23.26,0.11
2861,2021-04-28,LAZ,32930,15027,17903,20961,11573,396,ITI,ITI4,12,Lazio,Lazio,5879082,1400436,23.82,0.56
2862,2021-03-27,LAZ,26332,10667,15665,19361,6475,496,ITI,ITI4,12,Lazio,Lazio,5879082,1426768,24.27,0.45
2863,2021-07-05,LAZ,46724,22469,24255,20038,25888,798,ITI,ITI4,12,Lazio,Lazio,5879082,1473492,25.06,0.79
2864,2021-03-23,LAZ,25236,11794,13442,18330,6596,310,ITI,ITI4,12,Lazio,Lazio,5879082,1498728,25.49,0.43
2865,2021-02-15,LAZ,8026,3540,4486,7318,632,76,ITI,ITI4,12,Lazio,Lazio,5879082,1506754,25.63,0.14
2866,2021-01-29,LAZ,8043,3080,4963,811,7230,2,ITI,ITI4,12,Lazio,Lazio,5879082,1514797,25.77,0.14
2867,2021-02-17,LAZ,9187,4608,4579,8245,877,65,ITI,ITI4,12,Lazio,Lazio,5879082,1523984,25.92,0.16
2868,2021-02-13,LAZ,6611,2627,3984,6151,418,42,ITI,ITI4,12,Lazio,Lazio,5879082,1530595,26.03,0.11
2869,2021-05-24,LAZ,43932,20135,23797,33500,9761,671,ITI,ITI4,12,Lazio,Lazio,5879082,1574527,26.78,0.75
2870,2021-01-03,LAZ,5255,1973,3282,5196,0,59,ITI,ITI4,12,Lazio,Lazio,5879082,1579782,26.87,0.09
2871,2021-04-13,LAZ,25772,11947,13825,17674,7716,382,ITI,ITI4,12,Lazio,Lazio,5879082,1605554,27.31,0.44
2872,2021-01-08,LAZ,7730,2895,4835,7534,0,196,ITI,ITI4,12,Lazio,Lazio,5879082,1613284,27.44,0.13
2873,2021-01-30,LAZ,7013,2895,4118,807,6205,1,ITI,ITI4,12,Lazio,Lazio,5879082,1620297,27.56,0.12
2874,2021-01-15,LAZ,6583,2708,3875,6413,0,170,ITI,ITI4,12,Lazio,Lazio,5879082,1626880,27.67,0.11
2875,2021-04-25,LAZ,24522,11249,13273,16415,7817,290,ITI,ITI4,12,Lazio,Lazio,5879082,1651402,28.09,0.42
2876,2021-05-07,LAZ,48218,22604,25614,30098,17751,369,ITI,ITI4,12,Lazio,Lazio,5879082,1699620,28.91,0.82
2877,2021-03-11,LAZ,25328,11928,13400,18790,6231,307,ITI,ITI4,12,Lazio,Lazio,5879082,1724948,29.34,0.43
2878,2021-07-03,LAZ,52847,24878,27969,4601,48115,131,ITI,ITI4,12,Lazio,Lazio,5879082,1777795,30.24,0.9
2879,2021-02-03,LAZ,6488,2488,4000,957,5524,7,ITI,ITI4,12,Lazio,Lazio,5879082,1784283,30.35,0.11
2880,2021-01-20,LAZ,4810,1945,2865,3264,1543,3,ITI,ITI4,12,Lazio,Lazio,5879082,1789093,30.43,0.08
2881,2021-05-14,LAZ,51483,23520,27963,32502,18318,663,ITI,ITI4,12,Lazio,Lazio,5879082,1840576,31.31,0.88
2882,2021-04-27,LAZ,30707,13862,16845,19452,10849,406,ITI,ITI4,12,Lazio,Lazio,5879082,1871283,31.83,0.52
2883,2021-03-01,LAZ,17115,7367,9748,13016,3885,214,ITI,ITI4,12,Lazio,Lazio,5879082,1888398,32.12,0.29
2884,2021-02-22,LAZ,11458,4990,6468,10837,502,119,ITI,ITI4,12,Lazio,Lazio,5879082,1899856,32.32,0.19
2885,2021-06-02,LAZ,43234,21482,21752,31209,11499,526,ITI,ITI4,12,Lazio,Lazio,5879082,1943090,33.05,0.74
2886,2021-06-11,LAZ,69178,32466,36712,36429,32164,585,ITI,ITI4,12,Lazio,Lazio,5879082,2012268,34.23,1.18
2887,2021-05-23,LAZ,47086,22842,24244,39032,7381,673,ITI,ITI4,12,Lazio,Lazio,5879082,2059354,35.03,0.8
2888,2021-05-09,LAZ,37541,17259,20282,25821,11272,448,ITI,ITI4,12,Lazio,Lazio,5879082,2096895,35.67,0.64
2889,2021-05-16,LAZ,50931,24523,26408,36893,13487,551,ITI,ITI4,12,Lazio,Lazio,5879082,2147826,36.53,0.87
2890,2021-06-28,LAZ,58683,28033,30650,27433,30838,412,ITI,ITI4,12,Lazio,Lazio,5879082,2206509,37.53,1.0
2891,2021-05-28,LAZ,56946,26432,30514,42935,13212,799,ITI,ITI4,12,Lazio,Lazio,5879082,2263455,38.5,0.97
2892,2021-03-06,LAZ,18359,7084,11275,13892,4257,210,ITI,ITI4,12,Lazio,Lazio,5879082,2281814,38.81,0.31
2893,2021-04-01,LAZ,29629,14035,15594,22128,7141,360,ITI,ITI4,12,Lazio,Lazio,5879082,2311443,39.32,0.5
2894,2021-06-23,LAZ,62006,29159,32847,28321,33217,468,ITI,ITI4,12,Lazio,Lazio,5879082,2373449,40.37,1.05
2895,2021-04-15,LAZ,31942,14311,17631,20691,10813,438,ITI,ITI4,12,Lazio,Lazio,5879082,2405391,40.91,0.54
2896,2021-02-10,LAZ,8192,3403,4789,4844,3343,5,ITI,ITI4,12,Lazio,Lazio,5879082,2413583,41.05,0.14
2897,2021-05-21,LAZ,51812,24863,26949,37136,13950,726,ITI,ITI4,12,Lazio,Lazio,5879082,2465395,41.94,0.88
2898,2021-06-04,LAZ,61446,29949,31497,43164,17692,590,ITI,ITI4,12,Lazio,Lazio,5879082,2526841,42.98,1.05
2899,2021-05-04,LAZ,39870,18344,21526,25880,13520,470,ITI,ITI4,12,Lazio,Lazio,5879082,2566711,43.66,0.68
2900,2021-02-24,LAZ,12049,5209,6840,10946,994,109,ITI,ITI4,12,Lazio,Lazio,5879082,2578760,43.86,0.2
2901,2021-03-29,LAZ,25226,11906,13320,17913,7037,276,ITI,ITI4,12,Lazio,Lazio,5879082,2603986,44.29,0.43
2902,2021-03-15,LAZ,20916,9799,11117,13953,6743,220,ITI,ITI4,12,Lazio,Lazio,5879082,2624902,44.65,0.36
2903,2021-04-06,LAZ,24396,11118,13278,16975,7114,307,ITI,ITI4,12,Lazio,Lazio,5879082,2649298,45.06,0.41
2904,2020-12-27,LAZ,274,132,142,274,0,0,ITI,ITI4,12,Lazio,Lazio,5879082,2649572,45.07,0.0
2905,2021-03-20,LAZ,19154,7603,11551,13018,5885,251,ITI,ITI4,12,Lazio,Lazio,5879082,2668726,45.39,0.33
2906,2021-06-30,LAZ,62556,29391,33165,29699,32341,516,ITI,ITI4,12,Lazio,Lazio,5879082,2731282,46.46,1.06
2907,2021-04-08,LAZ,26734,12243,14491,18689,7697,348,ITI,ITI4,12,Lazio,Lazio,5879082,2758016,46.91,0.45
2908,2021-07-02,LAZ,47791,22888,24903,6501,41119,171,ITI,ITI4,12,Lazio,Lazio,5879082,2805807,47.73,0.81
2909,2021-02-08,LAZ,9740,4153,5587,4505,5233,2,ITI,ITI4,12,Lazio,Lazio,5879082,2815547,47.89,0.17
2910,2021-05-02,LAZ,32637,14340,18297,22813,9363,461,ITI,ITI4,12,Lazio,Lazio,5879082,2848184,48.45,0.56
2911,2021-01-22,LAZ,4006,1636,2370,491,3515,0,ITI,ITI4,12,Lazio,Lazio,5879082,2852190,48.51,0.07
2912,2021-02-27,LAZ,11449,4285,7164,10344,978,127,ITI,ITI4,12,Lazio,Lazio,5879082,2863639,48.71,0.19
2913,2021-05-20,LAZ,51516,24765,26751,37058,13732,726,ITI,ITI4,12,Lazio,Lazio,5879082,2915155,49.59,0.88
2914,2021-03-18,LAZ,14225,6078,8147,7763,6391,71,ITI,ITI4,12,Lazio,Lazio,5879082,2929380,49.83,0.24
2915,2021-03-25,LAZ,29018,13377,15641,21988,6607,423,ITI,ITI4,12,Lazio,Lazio,5879082,2958398,50.32,0.49
2916,2021-01-27,LAZ,6116,2389,3727,999,5117,0,ITI,ITI4,12,Lazio,Lazio,5879082,2964514,50.42,0.1
2917,2021-06-01,LAZ,48779,23538,25241,29856,18485,438,ITI,ITI4,12,Lazio,Lazio,5879082,3013293,51.25,0.83
2918,2021-04-05,LAZ,19846,9065,10781,13518,6181,147,ITI,ITI4,12,Lazio,Lazio,5879082,3033139,51.59,0.34
2919,2021-05-25,LAZ,47423,22236,25187,35151,11664,608,ITI,ITI4,12,Lazio,Lazio,5879082,3080562,52.4,0.81
2920,2021-04-12,LAZ,23845,10748,13097,16671,6900,274,ITI,ITI4,12,Lazio,Lazio,5879082,3104407,52.8,0.41
2921,2021-06-08,LAZ,66370,31636,34734,35947,29795,628,ITI,ITI4,12,Lazio,Lazio,5879082,3170777,53.93,1.13
2922,2021-05-06,LAZ,48741,22696,26045,30539,17549,653,ITI,ITI4,12,Lazio,Lazio,5879082,3219518,54.76,0.83
2923,2021-01-17,LAZ,4893,2027,2866,4618,212,63,ITI,ITI4,12,Lazio,Lazio,5879082,3224411,54.85,0.08
2924,2021-01-19,LAZ,4771,1957,2814,4314,454,3,ITI,ITI4,12,Lazio,Lazio,5879082,3229182,54.93,0.08
2925,2021-04-29,LAZ,38662,17248,21414,24823,13235,604,ITI,ITI4,12,Lazio,Lazio,5879082,3267844,55.58,0.66
2926,2021-03-03,LAZ,17856,7865,9991,13344,4294,218,ITI,ITI4,12,Lazio,Lazio,5879082,3285700,55.89,0.3
2927,2021-01-05,LAZ,7375,2803,4572,7273,0,102,ITI,ITI4,12,Lazio,Lazio,5879082,3293075,56.01,0.13
2928,2021-01-24,LAZ,5696,2229,3467,612,5084,0,ITI,ITI4,12,Lazio,Lazio,5879082,3298771,56.11,0.1
2929,2021-02-07,LAZ,4944,2026,2918,386,4557,1,ITI,ITI4,12,Lazio,Lazio,5879082,3303715,56.19,0.08
2930,2021-05-18,LAZ,44921,20541,24380,34808,9543,570,ITI,ITI4,12,Lazio,Lazio,5879082,3348636,56.96,0.76
2931,2021-05-03,LAZ,39224,17708,21516,26037,12607,580,ITI,ITI4,12,Lazio,Lazio,5879082,3387860,57.63,0.67
2932,2021-06-22,LAZ,62452,28812,33640,28501,33281,670,ITI,ITI4,12,Lazio,Lazio,5879082,3450312,58.69,1.06
2933,2021-03-14,LAZ,17240,6754,10486,11841,5154,245,ITI,ITI4,12,Lazio,Lazio,5879082,3467552,58.98,0.29
2934,2021-02-12,LAZ,6848,2849,3999,6353,416,79,ITI,ITI4,12,Lazio,Lazio,5879082,3474400,59.1,0.12
2935,2020-12-31,LAZ,5293,2121,3172,5233,0,60,ITI,ITI4,12,Lazio,Lazio,5879082,3479693,59.19,0.09
2936,2021-04-10,LAZ,23926,10409,13517,16491,7190,245,ITI,ITI4,12,Lazio,Lazio,5879082,3503619,59.59,0.41
2937,2021-02-05,LAZ,7309,2979,4330,1208,6099,2,ITI,ITI4,12,Lazio,Lazio,5879082,3510928,59.72,0.12
2938,2021-01-31,LAZ,4460,1854,2606,476,3983,1,ITI,ITI4,12,Lazio,Lazio,5879082,3515388,59.79,0.08
2939,2021-05-11,LAZ,48283,22171,26112,31146,16540,597,ITI,ITI4,12,Lazio,Lazio,5879082,3563671,60.62,0.82
2940,2021-04-24,LAZ,33419,15076,18343,20156,12774,489,ITI,ITI4,12,Lazio,Lazio,5879082,3597090,61.18,0.57
2941,2021-05-30,LAZ,41207,17635,23572,33180,7353,674,ITI,ITI4,12,Lazio,Lazio,5879082,3638297,61.89,0.7
2942,2021-05-13,LAZ,50117,22517,27600,31658,17783,676,ITI,ITI4,12,Lazio,Lazio,5879082,3688414,62.74,0.85
2943,2021-06-29,LAZ,59235,28164,31071,27649,31033,553,ITI,ITI4,12,Lazio,Lazio,5879082,3747649,63.75,1.01
2944,2021-01-14,LAZ,5489,2146,3343,5315,0,174,ITI,ITI4,12,Lazio,Lazio,5879082,3753138,63.84,0.09
2945,2021-04-07,LAZ,25853,12045,13808,18215,7314,324,ITI,ITI4,12,Lazio,Lazio,5879082,3778991,64.28,0.44
2946,2021-06-20,LAZ,55319,25436,29883,29708,24894,717,ITI,ITI4,12,Lazio,Lazio,5879082,3834310,65.22,0.94
2947,2021-06-06,LAZ,58044,27983,30061,34979,22498,567,ITI,ITI4,12,Lazio,Lazio,5879082,3892354,66.21,0.99
2948,2021-02-26,LAZ,13119,5728,7391,11561,1395,163,ITI,ITI4,12,Lazio,Lazio,5879082,3905473,66.43,0.22
2949,2021-05-01,LAZ,37953,17083,20870,25561,11963,429,ITI,ITI4,12,Lazio,Lazio,5879082,3943426,67.08,0.65
2950,2021-04-17,LAZ,32369,14207,18162,19995,11975,399,ITI,ITI4,12,Lazio,Lazio,5879082,3975795,67.63,0.55
2951,2021-03-22,LAZ,23195,10421,12774,16214,6674,307,ITI,ITI4,12,Lazio,Lazio,5879082,3998990,68.02,0.39
2952,2021-01-09,LAZ,6298,2562,3736,6186,0,112,ITI,ITI4,12,Lazio,Lazio,5879082,4005288,68.13,0.11
2953,2021-04-19,LAZ,30104,13682,16422,18993,10682,429,ITI,ITI4,12,Lazio,Lazio,5879082,4035392,68.64,0.51
2954,2021-02-21,LAZ,6989,3180,3809,6487,463,39,ITI,ITI4,12,Lazio,Lazio,5879082,4042381,68.76,0.12
2955,2021-01-26,LAZ,7964,3129,4835,727,7237,0,ITI,ITI4,12,Lazio,Lazio,5879082,4050345,68.89,0.14
2956,2021-04-02,LAZ,29309,14015,15294,21614,7337,358,ITI,ITI4,12,Lazio,Lazio,5879082,4079654,69.39,0.5
2957,2021-01-28,LAZ,8280,3166,5114,782,7497,1,ITI,ITI4,12,Lazio,Lazio,5879082,4087934,69.53,0.14
2958,2021-07-04,LAZ,46401,21584,24817,4072,42246,83,ITI,ITI4,12,Lazio,Lazio,5879082,4134335,70.32,0.79
2959,2021-05-08,LAZ,45433,20738,24695,29371,15408,654,ITI,ITI4,12,Lazio,Lazio,5879082,4179768,71.1,0.77
2960,2021-03-26,LAZ,30006,13819,16187,22753,6846,407,ITI,ITI4,12,Lazio,Lazio,5879082,4209774,71.61,0.51
2961,2021-04-03,LAZ,24783,11183,13600,17872,6700,211,ITI,ITI4,12,Lazio,Lazio,5879082,4234557,72.03,0.42
2962,2021-02-19,LAZ,10043,5078,4965,9073,831,139,ITI,ITI4,12,Lazio,Lazio,5879082,4244600,72.2,0.17
2963,2021-06-17,LAZ,66503,31909,34594,31646,34175,682,ITI,ITI4,12,Lazio,Lazio,5879082,4311103,73.33,1.13
2964,2021-04-21,LAZ,33038,15014,18024,20291,12375,372,ITI,ITI4,12,Lazio,Lazio,5879082,4344141,73.89,0.56
2965,2021-06-03,LAZ,56329,28493,27836,37968,17689,672,ITI,ITI4,12,Lazio,Lazio,5879082,4400470,74.85,0.96
2966,2021-06-10,LAZ,71438,33665,37773,36956,33692,790,ITI,ITI4,12,Lazio,Lazio,5879082,4471908,76.06,1.22
2967,2021-04-14,LAZ,29312,13286,16026,18879,10123,310,ITI,ITI4,12,Lazio,Lazio,5879082,4501220,76.56,0.5
2968,2020-12-28,LAZ,959,412,547,954,0,5,ITI,ITI4,12,Lazio,Lazio,5879082,4502179,76.58,0.02
2969,2021-01-16,LAZ,5645,2281,3364,5499,0,146,ITI,ITI4,12,Lazio,Lazio,5879082,4507824,76.68,0.1
2970,2021-04-26,LAZ,29235,13458,15777,19594,9204,437,ITI,ITI4,12,Lazio,Lazio,5879082,4537059,77.17,0.5
2971,2021-02-02,LAZ,5911,2213,3698,636,5272,3,ITI,ITI4,12,Lazio,Lazio,5879082,4542970,77.27,0.1
2972,2020-12-29,LAZ,488,176,312,484,0,4,ITI,ITI4,12,Lazio,Lazio,5879082,4543458,77.28,0.01
2973,2021-06-13,LAZ,58354,26180,32174,33038,24825,491,ITI,ITI4,12,Lazio,Lazio,5879082,4601812,78.27,0.99
2974,2021-03-07,LAZ,14133,5466,8667,10343,3593,197,ITI,ITI4,12,Lazio,Lazio,5879082,4615945,78.51,0.24
2975,2021-06-15,LAZ,65538,31591,33947,33062,31941,535,ITI,ITI4,12,Lazio,Lazio,5879082,4681483,79.63,1.11
2976,2021-03-24,LAZ,27660,12912,14748,21061,6237,362,ITI,ITI4,12,Lazio,Lazio,5879082,4709143,80.1,0.47
2977,2021-05-29,LAZ,51961,23355,28606,40115,10974,872,ITI,ITI4,12,Lazio,Lazio,5879082,4761104,80.98,0.88
2978,2021-03-12,LAZ,23943,11033,12910,17316,6317,310,ITI,ITI4,12,Lazio,Lazio,5879082,4785047,81.39,0.41
2979,2021-02-09,LAZ,8803,3771,5032,4574,4222,7,ITI,ITI4,12,Lazio,Lazio,5879082,4793850,81.54,0.15
2980,2021-02-23,LAZ,11095,4784,6311,10207,765,123,ITI,ITI4,12,Lazio,Lazio,5879082,4804945,81.73,0.19
2981,2021-05-10,LAZ,44437,20305,24132,30583,13415,439,ITI,ITI4,12,Lazio,Lazio,5879082,4849382,82.49,0.76
2982,2021-05-27,LAZ,58111,26967,31144,43626,13688,797,ITI,ITI4,12,Lazio,Lazio,5879082,4907493,83.47,0.99
2983,2021-03-05,LAZ,19568,8668,10900,14623,4734,211,ITI,ITI4,12,Lazio,Lazio,5879082,4927061,83.81,0.33
2984,2021-02-16,LAZ,8359,4035,4324,7712,607,40,ITI,ITI4,12,Lazio,Lazio,5879082,4935420,83.95,0.14
2985,2021-02-14,LAZ,5777,2372,3405,5276,471,30,ITI,ITI4,12,Lazio,Lazio,5879082,4941197,84.05,0.1
2986,2021-02-28,LAZ,10263,4017,6246,9657,515,91,ITI,ITI4,12,Lazio,Lazio,5879082,4951460,84.22,0.17
2987,2021-01-02,LAZ,6708,2631,4077,6628,0,80,ITI,ITI4,12,Lazio,Lazio,5879082,4958168,84.34,0.11
2988,2021-01-21,LAZ,5603,2348,3255,550,5053,0,ITI,ITI4,12,Lazio,Lazio,5879082,4963771,84.43,0.1
2989,2021-03-31,LAZ,27627,13328,14299,20218,7098,311,ITI,ITI4,12,Lazio,Lazio,5879082,4991398,84.9,0.47
2990,2021-01-07,LAZ,7752,2904,4848,7595,0,157,ITI,ITI4,12,Lazio,Lazio,5879082,4999150,85.03,0.13
2991,2021-01-01,LAZ,3555,1382,2173,3515,0,40,ITI,ITI4,12,Lazio,Lazio,5879082,5002705,85.09,0.06
2992,2021-01-10,LAZ,4043,1702,2341,3976,0,67,ITI,ITI4,12,Lazio,Lazio,5879082,5006748,85.16,0.07
2993,2021-06-16,LAZ,64181,30732,33449,31874,31704,603,ITI,ITI4,12,Lazio,Lazio,5879082,5070929,86.25,1.09
2994,2021-04-20,LAZ,31086,14276,16810,19399,11300,387,ITI,ITI4,12,Lazio,Lazio,5879082,5102015,86.78,0.53
2995,2021-03-08,LAZ,20864,9046,11818,15319,5273,272,ITI,ITI4,12,Lazio,Lazio,5879082,5122879,87.14,0.35
2996,2021-04-22,LAZ,38873,19229,19644,23654,14620,599,ITI,ITI4,12,Lazio,Lazio,5879082,5161752,87.8,0.66
2997,2021-03-10,LAZ,23330,10652,12678,17368,5647,315,ITI,ITI4,12,Lazio,Lazio,5879082,5185082,88.2,0.4
2998,2021-01-12,LAZ,5413,1981,3432,5270,0,143,ITI,ITI4,12,Lazio,Lazio,5879082,5190495,88.29,0.09
2999,2021-06-18,LAZ,63869,30686,33183,30139,33031,699,ITI,ITI4,12,Lazio,Lazio,5879082,5254364,89.37,1.09
3000,2021-03-17,LAZ,13812,5914,7898,7453,6256,103,ITI,ITI4,12,Lazio,Lazio,5879082,5268176,89.61,0.23
3001,2021-06-25,LAZ,62663,30154,32509,27921,34190,552,ITI,ITI4,12,Lazio,Lazio,5879082,5330839,90.67,1.07
3002,2021-06-27,LAZ,47135,21538,25597,20574,26109,452,ITI,ITI4,12,Lazio,Lazio,5879082,5377974,91.48,0.8
3003,2021-02-04,LAZ,6337,2506,3831,1020,5316,1,ITI,ITI4,12,Lazio,Lazio,5879082,5384311,91.58,0.11
3004,2021-05-22,LAZ,55101,26993,28108,43499,10681,921,ITI,ITI4,12,Lazio,Lazio,5879082,5439412,92.52,0.94
3005,2021-05-15,LAZ,57338,27395,29943,40013,16511,814,ITI,ITI4,12,Lazio,Lazio,5879082,5496750,93.5,0.98
3006,2021-03-19,LAZ,17439,7555,9884,10985,6328,126,ITI,ITI4,12,Lazio,Lazio,5879082,5514189,93.79,0.3
3007,2021-06-19,PIE,39941,20258,19683,23307,16634,0,ITC,ITC1,1,Piemonte,Piemonte,4356406,39941,0.92,0.92
3008,2021-02-04,PIE,10206,3341,6865,586,9618,2,ITC,ITC1,1,Piemonte,Piemonte,4356406,50147,1.15,0.23
3009,2021-04-30,PIE,31847,14329,17518,17843,13336,668,ITC,ITC1,1,Piemonte,Piemonte,4356406,81994,1.88,0.73
3010,2021-03-23,PIE,13120,5491,7629,6567,6245,308,ITC,ITC1,1,Piemonte,Piemonte,4356406,95114,2.18,0.3
3011,2021-01-16,PIE,7771,2630,5141,7764,0,7,ITC,ITC1,1,Piemonte,Piemonte,4356406,102885,2.36,0.18
3012,2021-01-23,PIE,4257,1325,2932,877,3378,2,ITC,ITC1,1,Piemonte,Piemonte,4356406,107142,2.46,0.1
3013,2021-03-21,PIE,10728,4741,5987,4028,6533,167,ITC,ITC1,1,Piemonte,Piemonte,4356406,117870,2.71,0.25
3014,2021-02-11,PIE,6764,2107,4657,2987,3758,19,ITC,ITC1,1,Piemonte,Piemonte,4356406,124634,2.86,0.16
3015,2021-04-09,PIE,25859,11392,14467,20791,4507,561,ITC,ITC1,1,Piemonte,Piemonte,4356406,150493,3.45,0.59
3016,2020-12-30,PIE,730,322,408,730,0,0,ITC,ITC1,1,Piemonte,Piemonte,4356406,151223,3.47,0.02
3017,2021-06-05,PIE,36932,18920,18012,32474,4458,0,ITC,ITC1,1,Piemonte,Piemonte,4356406,188155,4.32,0.85
3018,2021-02-25,PIE,12219,5252,6967,11494,547,178,ITC,ITC1,1,Piemonte,Piemonte,4356406,200374,4.6,0.28
3019,2021-03-28,PIE,16062,6901,9161,8118,7622,322,ITC,ITC1,1,Piemonte,Piemonte,4356406,216436,4.97,0.37
3020,2021-04-11,PIE,20841,9327,11514,18229,2154,458,ITC,ITC1,1,Piemonte,Piemonte,4356406,237277,5.45,0.48
3021,2021-01-04,PIE,5564,1679,3885,5563,0,1,ITC,ITC1,1,Piemonte,Piemonte,4356406,242841,5.57,0.13
3022,2021-04-28,PIE,26048,11740,14308,15467,10035,546,ITC,ITC1,1,Piemonte,Piemonte,4356406,268889,6.17,0.6
3023,2021-01-18,PIE,6167,2048,4119,5914,249,4,ITC,ITC1,1,Piemonte,Piemonte,4356406,275056,6.31,0.14
3024,2021-04-23,PIE,27447,12603,14844,19979,6762,706,ITC,ITC1,1,Piemonte,Piemonte,4356406,302503,6.94,0.63
3025,2021-05-24,PIE,28986,13423,15563,16646,11962,378,ITC,ITC1,1,Piemonte,Piemonte,4356406,331489,7.61,0.67
3026,2021-03-02,PIE,11202,4506,6696,10202,816,184,ITC,ITC1,1,Piemonte,Piemonte,4356406,342691,7.87,0.26
3027,2021-06-12,PIE,42491,22398,20093,39870,2621,0,ITC,ITC1,1,Piemonte,Piemonte,4356406,385182,8.84,0.98
3028,2021-06-07,PIE,34881,17857,17024,30089,4788,4,ITC,ITC1,1,Piemonte,Piemonte,4356406,420063,9.64,0.8
3029,2020-12-28,PIE,1,1,0,1,0,0,ITC,ITC1,1,Piemonte,Piemonte,4356406,420064,9.64,0.0
3030,2021-05-19,PIE,33157,15307,17850,21453,11125,579,ITC,ITC1,1,Piemonte,Piemonte,4356406,453221,10.4,0.76
3031,2021-03-14,PIE,8205,3336,4869,5173,2897,135,ITC,ITC1,1,Piemonte,Piemonte,4356406,461426,10.59,0.19
3032,2021-05-10,PIE,28953,13958,14995,15404,13118,431,ITC,ITC1,1,Piemonte,Piemonte,4356406,490379,11.26,0.66
3033,2021-01-30,PIE,5981,2136,3845,217,5763,1,ITC,ITC1,1,Piemonte,Piemonte,4356406,496360,11.39,0.14
3034,2021-06-24,PIE,39137,19629,19508,18866,20271,0,ITC,ITC1,1,Piemonte,Piemonte,4356406,535497,12.29,0.9
3035,2021-03-16,PIE,10523,4269,6254,4372,6060,91,ITC,ITC1,1,Piemonte,Piemonte,4356406,546020,12.53,0.24
3036,2021-05-12,PIE,31903,15197,16706,18381,12904,618,ITC,ITC1,1,Piemonte,Piemonte,4356406,577923,13.27,0.73
3037,2021-05-05,PIE,32199,15099,17100,18547,13020,632,ITC,ITC1,1,Piemonte,Piemonte,4356406,610122,14.01,0.74
3038,2021-07-01,PIE,41759,20896,20863,20690,21069,0,ITC,ITC1,1,Piemonte,Piemonte,4356406,651881,14.96,0.96
3039,2021-07-03,PIE,39902,20036,19866,15912,23990,0,ITC,ITC1,1,Piemonte,Piemonte,4356406,691783,15.88,0.92
3040,2021-06-02,PIE,26531,12998,13533,22062,4469,0,ITC,ITC1,1,Piemonte,Piemonte,4356406,718314,16.49,0.61
3041,2021-02-22,PIE,8483,3472,5011,7793,590,100,ITC,ITC1,1,Piemonte,Piemonte,4356406,726797,16.68,0.19
3042,2021-03-11,PIE,13821,5118,8703,10481,3097,243,ITC,ITC1,1,Piemonte,Piemonte,4356406,740618,17.0,0.32
3043,2021-03-25,PIE,17071,7209,9862,7997,8639,435,ITC,ITC1,1,Piemonte,Piemonte,4356406,757689,17.39,0.39
3044,2021-04-02,PIE,20143,8304,11839,11321,8427,395,ITC,ITC1,1,Piemonte,Piemonte,4356406,777832,17.85,0.46
3045,2021-05-29,PIE,32802,15228,17574,20265,12169,368,ITC,ITC1,1,Piemonte,Piemonte,4356406,810634,18.61,0.75
3046,2021-02-18,PIE,4791,2094,2697,4276,430,85,ITC,ITC1,1,Piemonte,Piemonte,4356406,815425,18.72,0.11
3047,2021-04-16,PIE,28409,13215,15194,22655,4987,767,ITC,ITC1,1,Piemonte,Piemonte,4356406,843834,19.37,0.65
3048,2021-06-26,PIE,41029,20873,20156,22618,18411,0,ITC,ITC1,1,Piemonte,Piemonte,4356406,884863,20.31,0.94
3049,2021-04-04,PIE,9261,4062,5199,6398,2714,149,ITC,ITC1,1,Piemonte,Piemonte,4356406,894124,20.52,0.21
3050,2021-04-21,PIE,25756,11841,13915,19790,5340,626,ITC,ITC1,1,Piemonte,Piemonte,4356406,919880,21.12,0.59
3051,2021-01-11,PIE,8745,2981,5764,8739,0,6,ITC,ITC1,1,Piemonte,Piemonte,4356406,928625,21.32,0.2
3052,2021-06-28,PIE,38358,19046,19312,15664,22692,2,ITC,ITC1,1,Piemonte,Piemonte,4356406,966983,22.2,0.88
3053,2021-04-06,PIE,20249,8815,11434,14601,5196,452,ITC,ITC1,1,Piemonte,Piemonte,4356406,987232,22.66,0.46
3054,2020-12-27,PIE,913,369,544,913,0,0,ITC,ITC1,1,Piemonte,Piemonte,4356406,988145,22.68,0.02
3055,2021-05-17,PIE,30920,14602,16318,17484,13155,281,ITC,ITC1,1,Piemonte,Piemonte,4356406,1019065,23.39,0.71
3056,2021-02-06,PIE,7995,2666,5329,398,7595,2,ITC,ITC1,1,Piemonte,Piemonte,4356406,1027060,23.58,0.18
3057,2021-02-23,PIE,9234,3713,5521,8482,581,171,ITC,ITC1,1,Piemonte,Piemonte,4356406,1036294,23.79,0.21
3058,2021-05-31,PIE,29104,14056,15048,20124,8579,401,ITC,ITC1,1,Piemonte,Piemonte,4356406,1065398,24.46,0.67
3059,2021-06-17,PIE,41006,20590,20416,24707,16299,0,ITC,ITC1,1,Piemonte,Piemonte,4356406,1106404,25.4,0.94
3060,2021-03-09,PIE,14064,5515,8549,11496,2343,225,ITC,ITC1,1,Piemonte,Piemonte,4356406,1120468,25.72,0.32
3061,2021-02-08,PIE,6919,2357,4562,662,6253,4,ITC,ITC1,1,Piemonte,Piemonte,4356406,1127387,25.88,0.16
3062,2021-05-21,PIE,36071,16749,19322,19935,15633,503,ITC,ITC1,1,Piemonte,Piemonte,4356406,1163458,26.71,0.83
3063,2021-04-20,PIE,25489,11667,13822,18509,6346,634,ITC,ITC1,1,Piemonte,Piemonte,4356406,1188947,27.29,0.59
3064,2021-05-07,PIE,33074,15644,17430,18558,14125,391,ITC,ITC1,1,Piemonte,Piemonte,4356406,1222021,28.05,0.76
3065,2021-01-27,PIE,4197,1453,2744,997,3198,2,ITC,ITC1,1,Piemonte,Piemonte,4356406,1226218,28.15,0.1
3066,2021-02-13,PIE,4153,1334,2819,2915,1222,16,ITC,ITC1,1,Piemonte,Piemonte,4356406,1230371,28.24,0.1
3067,2021-05-02,PIE,25097,11276,13821,13967,10745,385,ITC,ITC1,1,Piemonte,Piemonte,4356406,1255468,28.82,0.58
3068,2021-02-27,PIE,12691,4851,7840,12119,345,227,ITC,ITC1,1,Piemonte,Piemonte,4356406,1268159,29.11,0.29
3069,2021-04-25,PIE,20233,9305,10928,17269,2501,463,ITC,ITC1,1,Piemonte,Piemonte,4356406,1288392,29.57,0.46
3070,2021-01-15,PIE,9114,3012,6102,9108,0,6,ITC,ITC1,1,Piemonte,Piemonte,4356406,1297506,29.78,0.21
3071,2021-03-30,PIE,16917,7056,9861,8660,7873,384,ITC,ITC1,1,Piemonte,Piemonte,4356406,1314423,30.17,0.39
3072,2021-04-01,PIE,19348,8083,11265,10919,8120,309,ITC,ITC1,1,Piemonte,Piemonte,4356406,1333771,30.62,0.44
3073,2021-05-28,PIE,35036,16598,18438,18660,15977,399,ITC,ITC1,1,Piemonte,Piemonte,4356406,1368807,31.42,0.8
3074,2021-01-25,PIE,6215,1938,4277,981,5232,2,ITC,ITC1,1,Piemonte,Piemonte,4356406,1375022,31.56,0.14
3075,2021-01-13,PIE,10085,3226,6859,10076,0,9,ITC,ITC1,1,Piemonte,Piemonte,4356406,1385107,31.79,0.23
3076,2021-06-16,PIE,40336,20220,20116,24091,16245,0,ITC,ITC1,1,Piemonte,Piemonte,4356406,1425443,32.72,0.93
3077,2021-01-06,PIE,3117,1111,2006,3116,0,1,ITC,ITC1,1,Piemonte,Piemonte,4356406,1428560,32.79,0.07
3078,2021-06-23,PIE,39608,19655,19953,16796,22812,0,ITC,ITC1,1,Piemonte,Piemonte,4356406,1468168,33.7,0.91
3079,2021-06-09,PIE,38575,20334,18241,35853,2716,6,ITC,ITC1,1,Piemonte,Piemonte,4356406,1506743,34.59,0.89
3080,2021-03-18,PIE,11759,4805,6954,3838,7730,191,ITC,ITC1,1,Piemonte,Piemonte,4356406,1518502,34.86,0.27
3081,2021-03-03,PIE,12120,4644,7476,11113,819,188,ITC,ITC1,1,Piemonte,Piemonte,4356406,1530622,35.13,0.28
3082,2021-01-01,PIE,1038,395,643,1037,0,1,ITC,ITC1,1,Piemonte,Piemonte,4356406,1531660,35.16,0.02
3083,2021-07-05,PIE,31522,15765,15757,10568,20953,1,ITC,ITC1,1,Piemonte,Piemonte,4356406,1563182,35.88,0.72
3084,2021-02-20,PIE,3834,1254,2580,3560,174,100,ITC,ITC1,1,Piemonte,Piemonte,4356406,1567016,35.97,0.09
3085,2021-04-29,PIE,48476,21979,26497,34680,12618,1178,ITC,ITC1,1,Piemonte,Piemonte,4356406,1615492,37.08,1.11
3086,2021-05-16,PIE,28145,12780,15365,14711,13065,369,ITC,ITC1,1,Piemonte,Piemonte,4356406,1643637,37.73,0.65
3087,2021-02-05,PIE,9604,3139,6465,657,8945,2,ITC,ITC1,1,Piemonte,Piemonte,4356406,1653241,37.95,0.22
3088,2021-06-18,PIE,40441,20189,20252,26296,14145,0,ITC,ITC1,1,Piemonte,Piemonte,4356406,1693682,38.88,0.93
3089,2021-03-10,PIE,13682,5214,8468,11138,2294,250,ITC,ITC1,1,Piemonte,Piemonte,4356406,1707364,39.19,0.31
3090,2021-05-09,PIE,27139,12929,14210,13138,13621,380,ITC,ITC1,1,Piemonte,Piemonte,4356406,1734503,39.81,0.62
3091,2021-05-26,PIE,32750,15105,17645,15322,17079,349,ITC,ITC1,1,Piemonte,Piemonte,4356406,1767253,40.57,0.75
3092,2021-02-15,PIE,4432,1597,2835,3203,1205,24,ITC,ITC1,1,Piemonte,Piemonte,4356406,1771685,40.67,0.1
3093,2021-03-04,PIE,14535,5770,8765,11368,2948,219,ITC,ITC1,1,Piemonte,Piemonte,4356406,1786220,41.0,0.33
3094,2021-04-13,PIE,25952,11619,14333,21898,3459,595,ITC,ITC1,1,Piemonte,Piemonte,4356406,1812172,41.6,0.6
3095,2021-01-20,PIE,6617,2089,4528,5892,718,7,ITC,ITC1,1,Piemonte,Piemonte,4356406,1818789,41.75,0.15
3096,2021-02-03,PIE,10202,3304,6898,609,9591,2,ITC,ITC1,1,Piemonte,Piemonte,4356406,1828991,41.98,0.23
3097,2021-06-21,PIE,38249,19079,19170,17564,20685,0,ITC,ITC1,1,Piemonte,Piemonte,4356406,1867240,42.86,0.88
3098,2021-03-13,PIE,13047,4723,8324,11334,1445,268,ITC,ITC1,1,Piemonte,Piemonte,4356406,1880287,43.16,0.3
3099,2021-04-18,PIE,22973,10822,12151,19645,2756,572,ITC,ITC1,1,Piemonte,Piemonte,4356406,1903260,43.69,0.53
3100,2021-01-08,PIE,5533,1762,3771,5531,0,2,ITC,ITC1,1,Piemonte,Piemonte,4356406,1908793,43.82,0.13
3101,2021-06-14,PIE,37918,19536,18382,30826,7090,2,ITC,ITC1,1,Piemonte,Piemonte,4356406,1946711,44.69,0.87
3102,2021-03-06,PIE,13994,5211,8783,11032,2789,173,ITC,ITC1,1,Piemonte,Piemonte,4356406,1960705,45.01,0.32
3103,2021-01-22,PIE,3867,1249,2618,2524,1341,2,ITC,ITC1,1,Piemonte,Piemonte,4356406,1964572,45.1,0.09
3104,2021-07-02,PIE,43472,21869,21603,18080,25391,1,ITC,ITC1,1,Piemonte,Piemonte,4356406,2008044,46.09,1.0
3105,2021-05-30,PIE,27702,13187,14515,17989,9324,389,ITC,ITC1,1,Piemonte,Piemonte,4356406,2035746,46.73,0.64
3106,2021-02-19,PIE,5535,2175,3360,4915,501,119,ITC,ITC1,1,Piemonte,Piemonte,4356406,2041281,46.86,0.13
3107,2021-06-04,PIE,37506,19607,17899,34570,2934,2,ITC,ITC1,1,Piemonte,Piemonte,4356406,2078787,47.72,0.86
3108,2021-02-24,PIE,11410,4630,6780,10764,505,141,ITC,ITC1,1,Piemonte,Piemonte,4356406,2090197,47.98,0.26
3109,2021-03-27,PIE,18398,7828,10570,9137,8827,434,ITC,ITC1,1,Piemonte,Piemonte,4356406,2108595,48.4,0.42
3110,2021-01-19,PIE,6466,2105,4361,6445,12,9,ITC,ITC1,1,Piemonte,Piemonte,4356406,2115061,48.55,0.15
3111,2021-04-14,PIE,27715,12566,15149,22486,4525,704,ITC,ITC1,1,Piemonte,Piemonte,4356406,2142776,49.19,0.64
3112,2021-06-03,PIE,34605,17874,16731,30205,4399,1,ITC,ITC1,1,Piemonte,Piemonte,4356406,2177381,49.98,0.79
3113,2021-03-08,PIE,14020,5359,8661,11078,2714,228,ITC,ITC1,1,Piemonte,Piemonte,4356406,2191401,50.3,0.32
3114,2021-05-04,PIE,28587,13146,15441,15891,12177,519,ITC,ITC1,1,Piemonte,Piemonte,4356406,2219988,50.96,0.66
3115,2021-01-24,PIE,3153,959,2194,432,2719,2,ITC,ITC1,1,Piemonte,Piemonte,4356406,2223141,51.03,0.07
3116,2021-06-30,PIE,41090,20083,21007,19186,21901,3,ITC,ITC1,1,Piemonte,Piemonte,4356406,2264231,51.97,0.94
3117,2021-03-22,PIE,11523,4890,6633,3710,7606,207,ITC,ITC1,1,Piemonte,Piemonte,4356406,2275754,52.24,0.26
3118,2021-03-20,PIE,11922,4899,7023,5781,5898,243,ITC,ITC1,1,Piemonte,Piemonte,4356406,2287676,52.51,0.27
3119,2021-05-06,PIE,33483,15796,17687,19330,13555,598,ITC,ITC1,1,Piemonte,Piemonte,4356406,2321159,53.28,0.77
3120,2021-05-23,PIE,28727,13144,15583,15468,12951,308,ITC,ITC1,1,Piemonte,Piemonte,4356406,2349886,53.94,0.66
3121,2021-02-12,PIE,6891,2215,4676,3907,2961,23,ITC,ITC1,1,Piemonte,Piemonte,4356406,2356777,54.1,0.16
3122,2021-03-01,PIE,12043,4846,7197,11066,809,168,ITC,ITC1,1,Piemonte,Piemonte,4356406,2368820,54.38,0.28
3123,2021-05-25,PIE,31149,14454,16695,15620,15142,387,ITC,ITC1,1,Piemonte,Piemonte,4356406,2399969,55.09,0.72
3124,2021-06-11,PIE,43504,23024,20480,40678,2820,6,ITC,ITC1,1,Piemonte,Piemonte,4356406,2443473,56.09,1.0
3125,2021-05-18,PIE,32116,14821,17295,19018,12663,435,ITC,ITC1,1,Piemonte,Piemonte,4356406,2475589,56.83,0.74
3126,2021-01-03,PIE,3063,967,2096,3061,0,2,ITC,ITC1,1,Piemonte,Piemonte,4356406,2478652,56.9,0.07
3127,2021-06-25,PIE,45273,22545,22728,20827,24444,2,ITC,ITC1,1,Piemonte,Piemonte,4356406,2523925,57.94,1.04
3128,2021-04-03,PIE,19435,8160,11275,10582,8547,306,ITC,ITC1,1,Piemonte,Piemonte,4356406,2543360,58.38,0.45
3129,2021-01-10,PIE,5214,2275,2939,5212,0,2,ITC,ITC1,1,Piemonte,Piemonte,4356406,2548574,58.5,0.12
3130,2021-04-22,PIE,27696,12754,14942,20188,6709,799,ITC,ITC1,1,Piemonte,Piemonte,4356406,2576270,59.14,0.64
3131,2021-01-12,PIE,10090,3415,6675,10083,0,7,ITC,ITC1,1,Piemonte,Piemonte,4356406,2586360,59.37,0.23
3132,2021-01-29,PIE,5945,1887,4058,455,5490,0,ITC,ITC1,1,Piemonte,Piemonte,4356406,2592305,59.51,0.14
3133,2021-05-13,PIE,35685,17527,18158,19867,15118,700,ITC,ITC1,1,Piemonte,Piemonte,4356406,2627990,60.32,0.82
3134,2021-02-02,PIE,10242,3509,6733,815,9426,1,ITC,ITC1,1,Piemonte,Piemonte,4356406,2638232,60.56,0.24
3135,2021-03-31,PIE,19110,8104,11006,10077,8694,339,ITC,ITC1,1,Piemonte,Piemonte,4356406,2657342,61.0,0.44
3136,2021-05-27,PIE,37393,17393,20000,18821,18137,435,ITC,ITC1,1,Piemonte,Piemonte,4356406,2694735,61.86,0.86
3137,2021-02-16,PIE,3967,1756,2211,3161,758,48,ITC,ITC1,1,Piemonte,Piemonte,4356406,2698702,61.95,0.09
3138,2021-06-06,PIE,35039,18310,16729,32587,2452,0,ITC,ITC1,1,Piemonte,Piemonte,4356406,2733741,62.75,0.8
3139,2021-02-17,PIE,4794,2157,2637,3745,990,59,ITC,ITC1,1,Piemonte,Piemonte,4356406,2738535,62.86,0.11
3140,2021-06-08,PIE,37642,19492,18150,34801,2841,0,ITC,ITC1,1,Piemonte,Piemonte,4356406,2776177,63.73,0.86
3141,2021-04-26,PIE,19800,8748,11052,14891,4402,507,ITC,ITC1,1,Piemonte,Piemonte,4356406,2795977,64.18,0.45
3142,2021-05-03,PIE,26659,12168,14491,12058,14161,440,ITC,ITC1,1,Piemonte,Piemonte,4356406,2822636,64.79,0.61
3143,2021-02-26,PIE,12293,4933,7360,11353,737,203,ITC,ITC1,1,Piemonte,Piemonte,4356406,2834929,65.07,0.28
3144,2021-04-24,PIE,27507,12436,15071,21279,5654,574,ITC,ITC1,1,Piemonte,Piemonte,4356406,2862436,65.71,0.63
3145,2021-01-14,PIE,9767,3152,6615,9759,0,8,ITC,ITC1,1,Piemonte,Piemonte,4356406,2872203,65.93,0.22
3146,2021-04-27,PIE,22609,10214,12395,16822,5147,640,ITC,ITC1,1,Piemonte,Piemonte,4356406,2894812,66.45,0.52
3147,2021-01-17,PIE,3520,1169,2351,2870,648,2,ITC,ITC1,1,Piemonte,Piemonte,4356406,2898332,66.53,0.08
3148,2021-03-15,PIE,10682,4184,6498,4911,5620,151,ITC,ITC1,1,Piemonte,Piemonte,4356406,2909014,66.78,0.25
3149,2021-05-11,PIE,32079,15459,16620,18228,13213,638,ITC,ITC1,1,Piemonte,Piemonte,4356406,2941093,67.51,0.74
3150,2021-01-31,PIE,4113,1753,2360,112,4001,0,ITC,ITC1,1,Piemonte,Piemonte,4356406,2945206,67.61,0.09
3151,2021-02-07,PIE,3089,974,2115,444,2644,1,ITC,ITC1,1,Piemonte,Piemonte,4356406,2948295,67.68,0.07
3152,2021-05-22,PIE,33494,15115,18379,16874,16226,394,ITC,ITC1,1,Piemonte,Piemonte,4356406,2981789,68.45,0.77
3153,2021-04-19,PIE,22561,10774,11787,17630,4364,567,ITC,ITC1,1,Piemonte,Piemonte,4356406,3004350,68.96,0.52
3154,2021-01-09,PIE,6185,2185,4000,6184,0,1,ITC,ITC1,1,Piemonte,Piemonte,4356406,3010535,69.11,0.14
3155,2021-01-26,PIE,6333,1880,4453,734,5598,1,ITC,ITC1,1,Piemonte,Piemonte,4356406,3016868,69.25,0.15
3156,2021-05-08,PIE,34294,16273,18021,18140,15641,513,ITC,ITC1,1,Piemonte,Piemonte,4356406,3051162,70.04,0.79
3157,2021-01-28,PIE,5591,1809,3782,384,5207,0,ITC,ITC1,1,Piemonte,Piemonte,4356406,3056753,70.17,0.13
3158,2021-02-14,PIE,1476,498,978,869,600,7,ITC,ITC1,1,Piemonte,Piemonte,4356406,3058229,70.2,0.03
3159,2021-02-28,PIE,10816,4060,6756,10403,240,173,ITC,ITC1,1,Piemonte,Piemonte,4356406,3069045,70.45,0.25
3160,2021-03-17,PIE,12518,5055,7463,5044,7294,180,ITC,ITC1,1,Piemonte,Piemonte,4356406,3081563,70.74,0.29
3161,2021-06-10,PIE,40236,21025,19211,37676,2555,5,ITC,ITC1,1,Piemonte,Piemonte,4356406,3121799,71.66,0.92
3162,2021-06-27,PIE,37421,18560,18861,15688,21733,0,ITC,ITC1,1,Piemonte,Piemonte,4356406,3159220,72.52,0.86
3163,2021-03-29,PIE,15186,6405,8781,8315,6612,259,ITC,ITC1,1,Piemonte,Piemonte,4356406,3174406,72.87,0.35
3164,2021-04-12,PIE,22951,10368,12583,19523,2990,438,ITC,ITC1,1,Piemonte,Piemonte,4356406,3197357,73.39,0.53
3165,2021-01-02,PIE,3545,1134,2411,3544,0,1,ITC,ITC1,1,Piemonte,Piemonte,4356406,3200902,73.48,0.08
3166,2021-05-01,PIE,28540,12999,15541,16303,11799,438,ITC,ITC1,1,Piemonte,Piemonte,4356406,3229442,74.13,0.66
3167,2021-01-21,PIE,6881,2314,4567,3379,3496,6,ITC,ITC1,1,Piemonte,Piemonte,4356406,3236323,74.29,0.16
3168,2021-05-15,PIE,33779,15747,18032,19409,13718,652,ITC,ITC1,1,Piemonte,Piemonte,4356406,3270102,75.06,0.78
3169,2021-06-01,PIE,29261,14669,14592,24867,4394,0,ITC,ITC1,1,Piemonte,Piemonte,4356406,3299363,75.74,0.67
3170,2021-02-21,PIE,5090,2083,3007,4937,102,51,ITC,ITC1,1,Piemonte,Piemonte,4356406,3304453,75.85,0.12
3171,2021-03-19,PIE,11032,4521,6511,4219,6606,207,ITC,ITC1,1,Piemonte,Piemonte,4356406,3315485,76.11,0.25
3172,2021-04-05,PIE,14748,6234,8514,11941,2556,251,ITC,ITC1,1,Piemonte,Piemonte,4356406,3330233,76.44,0.34
3173,2021-06-29,PIE,40425,20205,20220,19802,20622,1,ITC,ITC1,1,Piemonte,Piemonte,4356406,3370658,77.37,0.93
3174,2021-03-24,PIE,15540,6373,9167,6083,9127,330,ITC,ITC1,1,Piemonte,Piemonte,4356406,3386198,77.73,0.36
3175,2021-05-20,PIE,38624,17938,20686,13326,24944,354,ITC,ITC1,1,Piemonte,Piemonte,4356406,3424822,78.62,0.89
3176,2021-02-09,PIE,7392,2316,5076,720,6670,2,ITC,ITC1,1,Piemonte,Piemonte,4356406,3432214,78.79,0.17
3177,2021-04-07,PIE,23611,9999,13612,17635,5461,515,ITC,ITC1,1,Piemonte,Piemonte,4356406,3455825,79.33,0.54
3178,2021-06-20,PIE,33995,17030,16965,19278,14717,0,ITC,ITC1,1,Piemonte,Piemonte,4356406,3489820,80.11,0.78
3179,2021-03-12,PIE,14015,5241,8774,10802,2937,276,ITC,ITC1,1,Piemonte,Piemonte,4356406,3503835,80.43,0.32
3180,2021-07-04,PIE,33615,16939,16676,11748,21867,0,ITC,ITC1,1,Piemonte,Piemonte,4356406,3537450,81.2,0.77
3181,2021-03-26,PIE,17811,7028,10783,8380,8907,524,ITC,ITC1,1,Piemonte,Piemonte,4356406,3555261,81.61,0.41
3182,2021-02-01,PIE,8645,3055,5590,578,8066,1,ITC,ITC1,1,Piemonte,Piemonte,4356406,3563906,81.81,0.2
3183,2021-05-14,PIE,33417,16277,17140,17335,15424,658,ITC,ITC1,1,Piemonte,Piemonte,4356406,3597323,82.58,0.77
3184,2021-04-17,PIE,30483,14160,16323,26457,3316,710,ITC,ITC1,1,Piemonte,Piemonte,4356406,3627806,83.28,0.7
3185,2021-06-13,PIE,37877,19996,17881,33746,4131,0,ITC,ITC1,1,Piemonte,Piemonte,4356406,3665683,84.14,0.87
3186,2021-02-10,PIE,7535,2371,5164,1301,6219,15,ITC,ITC1,1,Piemonte,Piemonte,4356406,3673218,84.32,0.17
3187,2021-04-08,PIE,25153,10935,14218,19868,4730,555,ITC,ITC1,1,Piemonte,Piemonte,4356406,3698371,84.9,0.58
3188,2021-04-10,PIE,30197,13431,16766,25273,4278,646,ITC,ITC1,1,Piemonte,Piemonte,4356406,3728568,85.59,0.69
3189,2021-04-15,PIE,29653,13584,16069,23493,5486,674,ITC,ITC1,1,Piemonte,Piemonte,4356406,3758221,86.27,0.68
3190,2021-01-05,PIE,5381,1603,3778,5376,0,5,ITC,ITC1,1,Piemonte,Piemonte,4356406,3763602,86.39,0.12
3191,2021-06-22,PIE,40435,19957,20478,18244,22191,0,ITC,ITC1,1,Piemonte,Piemonte,4356406,3804037,87.32,0.93
3192,2021-01-07,PIE,5387,1739,3648,5385,0,2,ITC,ITC1,1,Piemonte,Piemonte,4356406,3809424,87.44,0.12
3193,2021-03-05,PIE,15376,6060,9316,11290,3818,268,ITC,ITC1,1,Piemonte,Piemonte,4356406,3824800,87.8,0.35
3194,2021-06-15,PIE,38871,20021,18850,27107,11760,4,ITC,ITC1,1,Piemonte,Piemonte,4356406,3863671,88.69,0.89
3195,2021-03-07,PIE,11977,4658,7319,10858,878,241,ITC,ITC1,1,Piemonte,Piemonte,4356406,3875648,88.96,0.27
3196,2020-12-31,PIE,3909,1334,2575,3909,0,0,ITC,ITC1,1,Piemonte,Piemonte,4356406,3879557,89.05,0.09
3197,2021-01-26,MOL,450,184,266,8,442,0,ITF,ITF2,14,Molise,Molise,305617,450,0.15,0.15
3198,2021-05-06,MOL,2679,1214,1465,2042,598,39,ITF,ITF2,14,Molise,Molise,305617,3129,1.02,0.88
3199,2021-04-05,MOL,391,189,202,292,99,0,ITF,ITF2,14,Molise,Molise,305617,3520,1.15,0.13
3200,2021-03-29,MOL,2033,835,1198,1518,486,29,ITF,ITF2,14,Molise,Molise,305617,5553,1.82,0.67
3201,2021-01-31,MOL,268,70,198,6,262,0,ITF,ITF2,14,Molise,Molise,305617,5821,1.9,0.09
3202,2021-01-12,MOL,336,114,222,336,0,0,ITF,ITF2,14,Molise,Molise,305617,6157,2.01,0.11
3203,2021-02-24,MOL,666,278,388,325,333,8,ITF,ITF2,14,Molise,Molise,305617,6823,2.23,0.22
3204,2021-06-27,MOL,2363,1119,1244,1128,1225,10,ITF,ITF2,14,Molise,Molise,305617,9186,3.01,0.77
3205,2021-01-07,MOL,598,209,389,598,0,0,ITF,ITF2,14,Molise,Molise,305617,9784,3.2,0.2
3206,2021-02-12,MOL,332,150,182,207,124,1,ITF,ITF2,14,Molise,Molise,305617,10116,3.31,0.11
3207,2021-03-24,MOL,1631,658,973,1212,402,17,ITF,ITF2,14,Molise,Molise,305617,11747,3.84,0.53
3208,2021-07-02,MOL,2601,1264,1337,120,2473,8,ITF,ITF2,14,Molise,Molise,305617,14348,4.69,0.85
3209,2021-07-04,MOL,1973,982,991,567,1383,23,ITF,ITF2,14,Molise,Molise,305617,16321,5.34,0.65
3210,2021-01-17,MOL,78,38,40,48,30,0,ITF,ITF2,14,Molise,Molise,305617,16399,5.37,0.03
3211,2021-02-19,MOL,169,93,76,167,2,0,ITF,ITF2,14,Molise,Molise,305617,16568,5.42,0.06
3212,2021-03-10,MOL,1737,720,1017,1667,50,20,ITF,ITF2,14,Molise,Molise,305617,18305,5.99,0.57
3213,2021-06-01,MOL,2598,1322,1276,2454,108,36,ITF,ITF2,14,Molise,Molise,305617,20903,6.84,0.85
3214,2021-05-01,MOL,2647,1268,1379,405,2223,19,ITF,ITF2,14,Molise,Molise,305617,23550,7.71,0.87
3215,2021-03-05,MOL,1219,649,570,1003,204,12,ITF,ITF2,14,Molise,Molise,305617,24769,8.1,0.4
3216,2021-06-13,MOL,2785,1485,1300,2427,325,33,ITF,ITF2,14,Molise,Molise,305617,27554,9.02,0.91
3217,2021-04-17,MOL,3054,1501,1553,1543,1486,25,ITF,ITF2,14,Molise,Molise,305617,30608,10.02,1.0
3218,2021-06-20,MOL,421,174,247,47,370,4,ITF,ITF2,14,Molise,Molise,305617,31029,10.15,0.14
3219,2021-04-24,MOL,2551,1202,1349,695,1841,15,ITF,ITF2,14,Molise,Molise,305617,33580,10.99,0.83
3220,2021-02-26,MOL,563,260,303,489,73,1,ITF,ITF2,14,Molise,Molise,305617,34143,11.17,0.18
3221,2021-06-06,MOL,2060,1059,1001,1720,323,17,ITF,ITF2,14,Molise,Molise,305617,36203,11.85,0.67
3222,2021-02-07,MOL,66,32,34,19,47,0,ITF,ITF2,14,Molise,Molise,305617,36269,11.87,0.02
3223,2021-05-18,MOL,1645,877,768,984,655,6,ITF,ITF2,14,Molise,Molise,305617,37914,12.41,0.54
3224,2021-03-22,MOL,1148,440,708,889,243,16,ITF,ITF2,14,Molise,Molise,305617,39062,12.78,0.38
3225,2021-05-20,MOL,2661,1371,1290,2397,186,78,ITF,ITF2,14,Molise,Molise,305617,41723,13.65,0.87
3226,2021-03-31,MOL,2193,919,1274,1307,819,67,ITF,ITF2,14,Molise,Molise,305617,43916,14.37,0.72
3227,2021-03-17,MOL,908,385,523,518,332,58,ITF,ITF2,14,Molise,Molise,305617,44824,14.67,0.3
3228,2021-06-25,MOL,3412,1682,1730,1463,1897,52,ITF,ITF2,14,Molise,Molise,305617,48236,15.78,1.12
3229,2021-06-08,MOL,2886,1593,1293,2187,696,3,ITF,ITF2,14,Molise,Molise,305617,51122,16.73,0.94
3230,2021-01-09,MOL,450,152,298,450,0,0,ITF,ITF2,14,Molise,Molise,305617,51572,16.87,0.15
3231,2021-04-19,MOL,1827,842,985,987,778,62,ITF,ITF2,14,Molise,Molise,305617,53399,17.47,0.6
3232,2021-03-03,MOL,672,316,356,586,82,4,ITF,ITF2,14,Molise,Molise,305617,54071,17.69,0.22
3233,2021-01-05,MOL,449,180,269,449,0,0,ITF,ITF2,14,Molise,Molise,305617,54520,17.84,0.15
3234,2021-04-10,MOL,2640,1261,1379,2453,152,35,ITF,ITF2,14,Molise,Molise,305617,57160,18.7,0.86
3235,2021-02-05,MOL,593,269,324,55,538,0,ITF,ITF2,14,Molise,Molise,305617,57753,18.9,0.19
3236,2021-01-19,MOL,173,63,110,162,11,0,ITF,ITF2,14,Molise,Molise,305617,57926,18.95,0.06
3237,2021-04-29,MOL,2239,1146,1093,877,1348,14,ITF,ITF2,14,Molise,Molise,305617,60165,19.69,0.73
3238,2021-04-12,MOL,1299,557,742,1037,251,11,ITF,ITF2,14,Molise,Molise,305617,61464,20.11,0.43
3239,2021-03-15,MOL,832,338,494,570,245,17,ITF,ITF2,14,Molise,Molise,305617,62296,20.38,0.27
3240,2021-06-24,MOL,3307,1542,1765,432,2839,36,ITF,ITF2,14,Molise,Molise,305617,65603,21.47,1.08
3241,2021-03-02,MOL,667,383,284,504,158,5,ITF,ITF2,14,Molise,Molise,305617,66270,21.68,0.22
3242,2021-06-10,MOL,2571,1182,1389,1233,1301,37,ITF,ITF2,14,Molise,Molise,305617,68841,22.53,0.84
3243,2021-05-25,MOL,1963,887,1076,1297,630,36,ITF,ITF2,14,Molise,Molise,305617,70804,23.17,0.64
3244,2021-01-04,MOL,314,131,183,314,0,0,ITF,ITF2,14,Molise,Molise,305617,71118,23.27,0.1
3245,2021-04-14,MOL,1806,767,1039,1135,661,10,ITF,ITF2,14,Molise,Molise,305617,72924,23.86,0.59
3246,2021-02-16,MOL,156,70,86,149,6,1,ITF,ITF2,14,Molise,Molise,305617,73080,23.91,0.05
3247,2021-05-27,MOL,2834,1348,1486,1960,836,38,ITF,ITF2,14,Molise,Molise,305617,75914,24.84,0.93
3248,2021-05-13,MOL,3039,1410,1629,2528,457,54,ITF,ITF2,14,Molise,Molise,305617,78953,25.83,0.99
3249,2021-04-28,MOL,1693,923,770,469,1217,7,ITF,ITF2,14,Molise,Molise,305617,80646,26.39,0.55
3250,2021-02-21,MOL,574,227,347,572,2,0,ITF,ITF2,14,Molise,Molise,305617,81220,26.58,0.19
3251,2021-02-04,MOL,758,295,463,77,681,0,ITF,ITF2,14,Molise,Molise,305617,81978,26.82,0.25
3252,2021-03-19,MOL,1184,482,702,740,427,17,ITF,ITF2,14,Molise,Molise,305617,83162,27.21,0.39
3253,2021-01-21,MOL,6,2,4,6,0,0,ITF,ITF2,14,Molise,Molise,305617,83168,27.21,0.0
3254,2021-02-23,MOL,582,223,359,361,219,2,ITF,ITF2,14,Molise,Molise,305617,83750,27.4,0.19
3255,2021-06-03,MOL,3291,1566,1725,2704,554,33,ITF,ITF2,14,Molise,Molise,305617,87041,28.48,1.08
3256,2021-04-07,MOL,1688,847,841,1368,275,45,ITF,ITF2,14,Molise,Molise,305617,88729,29.03,0.55
3257,2021-06-05,MOL,2964,1503,1461,2783,154,27,ITF,ITF2,14,Molise,Molise,305617,91693,30.0,0.97
3258,2021-05-10,MOL,2890,1285,1605,2489,373,28,ITF,ITF2,14,Molise,Molise,305617,94583,30.95,0.95
3259,2021-06-29,MOL,2456,1145,1311,376,2054,26,ITF,ITF2,14,Molise,Molise,305617,97039,31.75,0.8
3260,2021-05-03,MOL,2485,1165,1320,2288,163,34,ITF,ITF2,14,Molise,Molise,305617,99524,32.56,0.81
3261,2021-05-17,MOL,2228,1092,1136,1705,496,27,ITF,ITF2,14,Molise,Molise,305617,101752,33.29,0.73
3262,2021-03-21,MOL,1246,542,704,477,767,2,ITF,ITF2,14,Molise,Molise,305617,102998,33.7,0.41
3263,2021-03-14,MOL,596,240,356,17,579,0,ITF,ITF2,14,Molise,Molise,305617,103594,33.9,0.2
3264,2021-06-22,MOL,2959,1368,1591,668,2274,17,ITF,ITF2,14,Molise,Molise,305617,106553,34.86,0.97
3265,2021-03-07,MOL,1132,501,631,1127,2,3,ITF,ITF2,14,Molise,Molise,305617,107685,35.24,0.37
3266,2021-06-15,MOL,2215,1042,1173,748,1451,16,ITF,ITF2,14,Molise,Molise,305617,109900,35.96,0.72
3267,2021-06-17,MOL,2307,1017,1290,911,1369,27,ITF,ITF2,14,Molise,Molise,305617,112207,36.71,0.75
3268,2021-03-26,MOL,2575,1045,1530,1889,642,44,ITF,ITF2,14,Molise,Molise,305617,114782,37.56,0.84
3269,2021-04-02,MOL,1455,709,746,663,777,15,ITF,ITF2,14,Molise,Molise,305617,116237,38.03,0.48
3270,2021-05-08,MOL,2975,1455,1520,1697,1244,34,ITF,ITF2,14,Molise,Molise,305617,119212,39.01,0.97
3271,2021-04-21,MOL,1864,789,1075,963,895,6,ITF,ITF2,14,Molise,Molise,305617,121076,39.62,0.61
3272,2021-02-11,MOL,294,133,161,257,37,0,ITF,ITF2,14,Molise,Molise,305617,121370,39.71,0.1
3273,2021-05-22,MOL,1316,712,604,1225,84,7,ITF,ITF2,14,Molise,Molise,305617,122686,40.14,0.43
3274,2021-03-16,MOL,614,230,384,265,347,2,ITF,ITF2,14,Molise,Molise,305617,123300,40.34,0.2
3275,2021-01-11,MOL,557,194,363,557,0,0,ITF,ITF2,14,Molise,Molise,305617,123857,40.53,0.18
3276,2021-05-15,MOL,2980,1398,1582,2545,384,51,ITF,ITF2,14,Molise,Molise,305617,126837,41.5,0.98
3277,2021-02-02,MOL,539,176,363,215,323,1,ITF,ITF2,14,Molise,Molise,305617,127376,41.68,0.18
3278,2021-01-16,MOL,422,166,256,422,0,0,ITF,ITF2,14,Molise,Molise,305617,127798,41.82,0.14
3279,2021-04-26,MOL,1157,521,636,809,331,17,ITF,ITF2,14,Molise,Molise,305617,128955,42.19,0.38
3280,2021-04-09,MOL,2324,1251,1073,2105,191,28,ITF,ITF2,14,Molise,Molise,305617,131279,42.96,0.76
3281,2021-01-18,MOL,114,48,66,114,0,0,ITF,ITF2,14,Molise,Molise,305617,131393,42.99,0.04
3282,2021-02-28,MOL,832,334,498,788,42,2,ITF,ITF2,14,Molise,Molise,305617,132225,43.26,0.27
3283,2021-02-27,MOL,1366,568,798,1342,19,5,ITF,ITF2,14,Molise,Molise,305617,133591,43.71,0.45
3284,2021-06-07,MOL,1953,859,1094,1113,819,21,ITF,ITF2,14,Molise,Molise,305617,135544,44.35,0.64
3285,2021-02-13,MOL,132,80,52,132,0,0,ITF,ITF2,14,Molise,Molise,305617,135676,44.39,0.04
3286,2021-01-28,MOL,613,217,396,17,596,0,ITF,ITF2,14,Molise,Molise,305617,136289,44.59,0.2
3287,2021-03-12,MOL,1459,637,822,1404,36,19,ITF,ITF2,14,Molise,Molise,305617,137748,45.07,0.48
3288,2021-01-14,MOL,646,239,407,646,0,0,ITF,ITF2,14,Molise,Molise,305617,138394,45.28,0.21
3289,2021-05-26,MOL,1548,697,851,768,754,26,ITF,ITF2,14,Molise,Molise,305617,139942,45.79,0.51
3290,2021-03-30,MOL,2003,857,1146,1472,512,19,ITF,ITF2,14,Molise,Molise,305617,141945,46.45,0.66
3291,2021-02-01,MOL,562,201,361,14,548,0,ITF,ITF2,14,Molise,Molise,305617,142507,46.63,0.18
3292,2021-05-12,MOL,2852,1294,1558,2691,96,65,ITF,ITF2,14,Molise,Molise,305617,145359,47.56,0.93
3293,2021-04-06,MOL,1494,701,793,1131,343,20,ITF,ITF2,14,Molise,Molise,305617,146853,48.05,0.49
3294,2021-02-08,MOL,334,141,193,216,118,0,ITF,ITF2,14,Molise,Molise,305617,147187,48.16,0.11
3295,2021-05-19,MOL,2342,1205,1137,1880,425,37,ITF,ITF2,14,Molise,Molise,305617,149529,48.93,0.77
3296,2021-03-23,MOL,1642,694,948,1411,207,24,ITF,ITF2,14,Molise,Molise,305617,151171,49.46,0.54
3297,2021-07-01,MOL,2650,1289,1361,263,2372,15,ITF,ITF2,14,Molise,Molise,305617,153821,50.33,0.87
3298,2021-03-04,MOL,850,417,433,514,324,12,ITF,ITF2,14,Molise,Molise,305617,154671,50.61,0.28
3299,2021-06-12,MOL,3401,1748,1653,3240,110,51,ITF,ITF2,14,Molise,Molise,305617,158072,51.72,1.11
3300,2021-06-14,MOL,1627,810,817,535,1075,17,ITF,ITF2,14,Molise,Molise,305617,159699,52.25,0.53
3301,2021-01-20,MOL,18,8,10,18,0,0,ITF,ITF2,14,Molise,Molise,305617,159717,52.26,0.01
3302,2021-01-25,MOL,319,130,189,3,316,0,ITF,ITF2,14,Molise,Molise,305617,160036,52.36,0.1
3303,2021-05-05,MOL,2414,1042,1372,2249,141,24,ITF,ITF2,14,Molise,Molise,305617,162450,53.15,0.79
3304,2021-05-04,MOL,2705,1181,1524,2541,128,36,ITF,ITF2,14,Molise,Molise,305617,165155,54.04,0.89
3305,2021-01-10,MOL,270,72,198,270,0,0,ITF,ITF2,14,Molise,Molise,305617,165425,54.13,0.09
3306,2021-04-20,MOL,2318,1025,1293,1209,1098,11,ITF,ITF2,14,Molise,Molise,305617,167743,54.89,0.76
3307,2021-06-09,MOL,1023,565,458,507,500,16,ITF,ITF2,14,Molise,Molise,305617,168766,55.22,0.33
3308,2021-05-23,MOL,1702,865,837,1688,6,8,ITF,ITF2,14,Molise,Molise,305617,170468,55.78,0.56
3309,2021-03-01,MOL,662,274,388,430,215,17,ITF,ITF2,14,Molise,Molise,305617,171130,55.99,0.22
3310,2021-04-03,MOL,1773,851,922,1716,35,22,ITF,ITF2,14,Molise,Molise,305617,172903,56.58,0.58
3311,2021-03-28,MOL,1626,747,879,517,1102,7,ITF,ITF2,14,Molise,Molise,305617,174529,57.11,0.53
3312,2021-01-30,MOL,461,158,303,12,449,0,ITF,ITF2,14,Molise,Molise,305617,174990,57.26,0.15
3313,2021-02-18,MOL,319,74,245,302,13,4,ITF,ITF2,14,Molise,Molise,305617,175309,57.36,0.1
3314,2021-03-09,MOL,1329,579,750,1149,152,28,ITF,ITF2,14,Molise,Molise,305617,176638,57.8,0.43
3315,2021-02-20,MOL,1018,441,577,998,20,0,ITF,ITF2,14,Molise,Molise,305617,177656,58.13,0.33
3316,2021-05-31,MOL,2356,1144,1212,1893,418,45,ITF,ITF2,14,Molise,Molise,305617,180012,58.9,0.77
3317,2021-05-14,MOL,2644,1215,1429,1890,718,36,ITF,ITF2,14,Molise,Molise,305617,182656,59.77,0.87
3318,2021-06-02,MOL,2805,1355,1450,2686,99,20,ITF,ITF2,14,Molise,Molise,305617,185461,60.68,0.92
3319,2021-05-24,MOL,1964,853,1111,1271,666,27,ITF,ITF2,14,Molise,Molise,305617,187425,61.33,0.64
3320,2021-05-07,MOL,2643,1228,1415,2021,597,25,ITF,ITF2,14,Molise,Molise,305617,190068,62.19,0.86
3321,2021-04-18,MOL,1083,483,600,144,934,5,ITF,ITF2,14,Molise,Molise,305617,191151,62.55,0.35
3322,2021-04-04,MOL,253,141,112,233,15,5,ITF,ITF2,14,Molise,Molise,305617,191404,62.63,0.08
3323,2021-03-18,MOL,1156,476,680,633,464,59,ITF,ITF2,14,Molise,Molise,305617,192560,63.01,0.38
3324,2021-06-26,MOL,3119,1529,1590,523,2581,15,ITF,ITF2,14,Molise,Molise,305617,195679,64.03,1.02
3325,2021-04-11,MOL,1196,591,605,1168,14,14,ITF,ITF2,14,Molise,Molise,305617,196875,64.42,0.39
3326,2021-07-03,MOL,2720,1369,1351,563,2137,20,ITF,ITF2,14,Molise,Molise,305617,199595,65.31,0.89
3327,2021-02-15,MOL,144,70,74,141,3,0,ITF,ITF2,14,Molise,Molise,305617,199739,65.36,0.05
3328,2021-04-30,MOL,2937,1556,1381,818,2107,12,ITF,ITF2,14,Molise,Molise,305617,202676,66.32,0.96
3329,2021-02-25,MOL,541,239,302,470,68,3,ITF,ITF2,14,Molise,Molise,305617,203217,66.49,0.18
3330,2021-01-29,MOL,421,136,285,6,415,0,ITF,ITF2,14,Molise,Molise,305617,203638,66.63,0.14
3331,2021-05-09,MOL,2052,933,1119,1923,96,33,ITF,ITF2,14,Molise,Molise,305617,205690,67.3,0.67
3332,2021-05-11,MOL,3207,1414,1793,2909,250,48,ITF,ITF2,14,Molise,Molise,305617,208897,68.35,1.05
3333,2021-01-22,MOL,128,36,92,128,0,0,ITF,ITF2,14,Molise,Molise,305617,209025,68.39,0.04
3334,2021-05-02,MOL,1893,932,961,577,1305,11,ITF,ITF2,14,Molise,Molise,305617,210918,69.01,0.62
3335,2021-03-06,MOL,1728,807,921,1559,159,10,ITF,ITF2,14,Molise,Molise,305617,212646,69.58,0.57
3336,2021-02-06,MOL,430,179,251,29,401,0,ITF,ITF2,14,Molise,Molise,305617,213076,69.72,0.14
3337,2021-06-04,MOL,3037,1490,1547,2566,442,29,ITF,ITF2,14,Molise,Molise,305617,216113,70.71,0.99
3338,2021-04-08,MOL,1767,904,863,1540,202,25,ITF,ITF2,14,Molise,Molise,305617,217880,71.29,0.58
3339,2021-04-22,MOL,1845,864,981,1056,779,10,ITF,ITF2,14,Molise,Molise,305617,219725,71.9,0.6
3340,2021-02-17,MOL,72,32,40,50,15,7,ITF,ITF2,14,Molise,Molise,305617,219797,71.92,0.02
3341,2021-05-28,MOL,2648,1363,1285,2036,547,65,ITF,ITF2,14,Molise,Molise,305617,222445,72.79,0.87
3342,2021-06-11,MOL,3442,1654,1788,1971,1428,43,ITF,ITF2,14,Molise,Molise,305617,225887,73.91,1.13
3343,2021-04-15,MOL,1926,794,1132,1074,845,7,ITF,ITF2,14,Molise,Molise,305617,227813,74.54,0.63
3344,2021-02-03,MOL,731,249,482,338,393,0,ITF,ITF2,14,Molise,Molise,305617,228544,74.78,0.24
3345,2021-04-27,MOL,1594,768,826,443,1129,22,ITF,ITF2,14,Molise,Molise,305617,230138,75.3,0.52
3346,2021-05-16,MOL,1248,572,676,1046,182,20,ITF,ITF2,14,Molise,Molise,305617,231386,75.71,0.41
3347,2021-03-25,MOL,1806,730,1076,1284,497,25,ITF,ITF2,14,Molise,Molise,305617,233192,76.3,0.59
3348,2021-03-08,MOL,1379,522,857,1202,140,37,ITF,ITF2,14,Molise,Molise,305617,234571,76.75,0.45
3349,2021-06-16,MOL,2002,1013,989,1133,855,14,ITF,ITF2,14,Molise,Molise,305617,236573,77.41,0.66
3350,2021-04-13,MOL,1632,718,914,1037,587,8,ITF,ITF2,14,Molise,Molise,305617,238205,77.94,0.53
3351,2021-03-27,MOL,2743,1273,1470,1295,1433,15,ITF,ITF2,14,Molise,Molise,305617,240948,78.84,0.9
3352,2021-07-05,MOL,2152,1008,1144,33,2117,2,ITF,ITF2,14,Molise,Molise,305617,243100,79.54,0.7
3353,2021-02-10,MOL,151,79,72,131,20,0,ITF,ITF2,14,Molise,Molise,305617,243251,79.59,0.05
3354,2021-05-21,MOL,2100,1053,1047,1699,322,79,ITF,ITF2,14,Molise,Molise,305617,245351,80.28,0.69
3355,2021-01-27,MOL,674,251,423,8,666,0,ITF,ITF2,14,Molise,Molise,305617,246025,80.5,0.22
3356,2021-01-08,MOL,429,141,288,429,0,0,ITF,ITF2,14,Molise,Molise,305617,246454,80.64,0.14
3357,2021-06-18,MOL,2754,1246,1508,1281,1447,26,ITF,ITF2,14,Molise,Molise,305617,249208,81.54,0.9
3358,2021-05-30,MOL,1862,928,934,1549,285,28,ITF,ITF2,14,Molise,Molise,305617,251070,82.15,0.61
3359,2021-02-22,MOL,265,129,136,248,15,2,ITF,ITF2,14,Molise,Molise,305617,251335,82.24,0.09
3360,2020-12-27,MOL,50,20,30,50,0,0,ITF,ITF2,14,Molise,Molise,305617,251385,82.25,0.02
3361,2021-04-01,MOL,1469,667,802,729,726,14,ITF,ITF2,14,Molise,Molise,305617,252854,82.74,0.48
3362,2021-05-29,MOL,2350,1223,1127,1917,390,43,ITF,ITF2,14,Molise,Molise,305617,255204,83.5,0.77
3363,2021-02-09,MOL,359,170,189,197,162,0,ITF,ITF2,14,Molise,Molise,305617,255563,83.62,0.12
3364,2021-03-11,MOL,1465,637,828,1446,6,13,ITF,ITF2,14,Molise,Molise,305617,257028,84.1,0.48
3365,2021-01-06,MOL,689,260,429,689,0,0,ITF,ITF2,14,Molise,Molise,305617,257717,84.33,0.23
3366,2021-04-16,MOL,2430,1033,1397,1177,1232,21,ITF,ITF2,14,Molise,Molise,305617,260147,85.12,0.8
3367,2021-06-21,MOL,2900,1350,1550,1623,1231,46,ITF,ITF2,14,Molise,Molise,305617,263047,86.07,0.95
3368,2021-04-25,MOL,792,395,397,555,233,4,ITF,ITF2,14,Molise,Molise,305617,263839,86.33,0.26
3369,2021-01-13,MOL,474,160,314,474,0,0,ITF,ITF2,14,Molise,Molise,305617,264313,86.49,0.16
3370,2021-06-19,MOL,2326,1156,1170,1274,1010,42,ITF,ITF2,14,Molise,Molise,305617,266639,87.25,0.76
3371,2021-04-23,MOL,2050,882,1168,1374,659,17,ITF,ITF2,14,Molise,Molise,305617,268689,87.92,0.67
3372,2021-06-30,MOL,2915,1388,1527,867,1967,81,ITF,ITF2,14,Molise,Molise,305617,271604,88.87,0.95
3373,2021-03-13,MOL,1189,594,595,183,989,17,ITF,ITF2,14,Molise,Molise,305617,272793,89.26,0.39
3374,2021-01-15,MOL,538,242,296,538,0,0,ITF,ITF2,14,Molise,Molise,305617,273331,89.44,0.18
3375,2021-06-23,MOL,2787,1284,1503,220,2557,10,ITF,ITF2,14,Molise,Molise,305617,276118,90.35,0.91
3376,2021-03-20,MOL,2321,968,1353,992,1321,8,ITF,ITF2,14,Molise,Molise,305617,278439,91.11,0.76
3377,2021-06-28,MOL,2888,1347,1541,996,1870,22,ITF,ITF2,14,Molise,Molise,305617,281327,92.05,0.94
3378,2021-02-04,FVG,2725,808,1917,35,2690,0,ITH,ITH4,6,Friuli-Venezia Giulia,Friuli Venezia Giulia,1215220,2725,0.22,0.22
3379,2021-04-30,FVG,7345,3244,4101,3526,3649,170,ITH,ITH4,6,Friuli-Venezia Giulia,Friuli Venezia Giulia,1215220,10070,0.83,0.6
3380,2021-04-28,FVG,7285,3219,4066,3666,3488,131,ITH,ITH4,6,Friuli-Venezia Giulia,Friuli Venezia Giulia,1215220,17355,1.43,0.6
3381,2021-01-23,FVG,814,323,491,4,810,0,ITH,ITH4,6,Friuli-Venezia Giulia,Friuli Venezia Giulia,1215220,18169,1.5,0.07
3382,2021-05-05,FVG,9756,4261,5495,6050,3468,238,ITH,ITH4,6,Friuli-Venezia Giulia,Friuli Venezia Giulia,1215220,27925,2.3,0.8
3383,2021-02-18,FVG,3218,1492,1726,2791,407,20,ITH,ITH4,6,Friuli-Venezia Giulia,Friuli Venezia Giulia,1215220,31143,2.56,0.26
3384,2021-04-02,FVG,6594,2926,3668,4643,1838,113,ITH,ITH4,6,Friuli-Venezia Giulia,Friuli Venezia Giulia,1215220,37737,3.11,0.54
3385,2021-04-16,FVG,6951,3020,3931,4897,1925,129,ITH,ITH4,6,Friuli-Venezia Giulia,Friuli Venezia Giulia,1215220,44688,3.68,0.57
3386,2021-01-06,FVG,710,264,446,710,0,0,ITH,ITH4,6,Friuli-Venezia Giulia,Friuli Venezia Giulia,1215220,45398,3.74,0.06
3387,2021-03-28,FVG,4937,2354,2583,4725,158,54,ITH,ITH4,6,Friuli-Venezia Giulia,Friuli Venezia Giulia,1215220,50335,4.14,0.41
3388,2021-01-18,FVG,1961,606,1355,1867,94,0,ITH,ITH4,6,Friuli-Venezia Giulia,Friuli Venezia Giulia,1215220,52296,4.3,0.16
3389,2021-01-04,FVG,1507,558,949,1507,0,0,ITH,ITH4,6,Friuli-Venezia Giulia,Friuli Venezia Giulia,1215220,53803,4.43,0.12
3390,2021-02-06,FVG,1154,338,816,21,1132,1,ITH,ITH4,6,Friuli-Venezia Giulia,Friuli Venezia Giulia,1215220,54957,4.52,0.09
3391,2021-02-23,FVG,2644,1278,1366,2461,180,3,ITH,ITH4,6,Friuli-Venezia Giulia,Friuli Venezia Giulia,1215220,57601,4.74,0.22
3392,2021-01-30,FVG,2277,745,1532,270,2007,0,ITH,ITH4,6,Friuli-Venezia Giulia,Friuli Venezia Giulia,1215220,59878,4.93,0.19
3393,2021-06-26,FVG,10040,5098,4942,3898,6140,2,ITH,ITH4,6,Friuli-Venezia Giulia,Friuli Venezia Giulia,1215220,69918,5.75,0.83
3394,2021-04-21,FVG,7754,3458,4296,3988,3680,86,ITH,ITH4,6,Friuli-Venezia Giulia,Friuli Venezia Giulia,1215220,77672,6.39,0.64
3395,2021-01-11,FVG,1882,608,1274,1882,0,0,ITH,ITH4,6,Friuli-Venezia Giulia,Friuli Venezia Giulia,1215220,79554,6.55,0.15
3396,2021-05-24,FVG,11418,5523,5895,7550,3616,252,ITH,ITH4,6,Friuli-Venezia Giulia,Friuli Venezia Giulia,1215220,90972,7.49,0.94
3397,2021-02-13,FVG,566,179,387,559,6,1,ITH,ITH4,6,Friuli-Venezia Giulia,Friuli Venezia Giulia,1215220,91538,7.53,0.05
3398,2021-03-02,FVG,4220,1519,2701,2702,1499,19,ITH,ITH4,6,Friuli-Venezia Giulia,Friuli Venezia Giulia,1215220,95758,7.88,0.35
3399,2021-03-04,FVG,3452,1598,1854,2770,660,22,ITH,ITH4,6,Friuli-Venezia Giulia,Friuli Venezia Giulia,1215220,99210,8.16,0.28
3400,2021-06-12,FVG,8078,4633,3445,6919,1159,0,ITH,ITH4,6,Friuli-Venezia Giulia,Friuli Venezia Giulia,1215220,107288,8.83,0.66
3401,2021-03-21,FVG,2673,1000,1673,2228,409,36,ITH,ITH4,6,Friuli-Venezia Giulia,Friuli Venezia Giulia,1215220,109961,9.05,0.22
3402,2021-04-11,FVG,3433,1520,1913,2436,906,91,ITH,ITH4,6,Friuli-Venezia Giulia,Friuli Venezia Giulia,1215220,113394,9.33,0.28
3403,2021-06-07,FVG,9158,4748,4410,8151,989,18,ITH,ITH4,6,Friuli-Venezia Giulia,Friuli Venezia Giulia,1215220,122552,10.08,0.75
3404,2021-05-31,FVG,8888,4418,4470,6492,2176,220,ITH,ITH4,6,Friuli-Venezia Giulia,Friuli Venezia Giulia,1215220,131440,10.82,0.73
3405,2021-06-24,FVG,10977,5599,5378,1949,9022,6,ITH,ITH4,6,Friuli-Venezia Giulia,Friuli Venezia Giulia,1215220,142417,11.72,0.9
3406,2021-03-16,FVG,3187,1299,1888,1033,2081,73,ITH,ITH4,6,Friuli-Venezia Giulia,Friuli Venezia Giulia,1215220,145604,11.98,0.26
3407,2021-05-12,FVG,10868,5034,5834,9066,1408,394,ITH,ITH4,6,Friuli-Venezia Giulia,Friuli Venezia Giulia,1215220,156472,12.88,0.89
3408,2021-05-19,FVG,12038,5934,6104,9294,2344,400,ITH,ITH4,6,Friuli-Venezia Giulia,Friuli Venezia Giulia,1215220,168510,13.87,0.99
3409,2021-01-25,FVG,1583,567,1016,194,1389,0,ITH,ITH4,6,Friuli-Venezia Giulia,Friuli Venezia Giulia,1215220,170093,14.0,0.13
3410,2021-07-01,FVG,11783,6124,5659,2487,9029,267,ITH,ITH4,6,Friuli-Venezia Giulia,Friuli Venezia Giulia,1215220,181876,14.97,0.97
3411,2021-03-23,FVG,3888,1681,2207,1733,2141,14,ITH,ITH4,6,Friuli-Venezia Giulia,Friuli Venezia Giulia,1215220,185764,15.29,0.32
3412,2021-01-16,FVG,1230,360,870,1230,0,0,ITH,ITH4,6,Friuli-Venezia Giulia,Friuli Venezia Giulia,1215220,186994,15.39,0.1
3413,2021-07-03,FVG,11323,6040,5283,1069,10101,153,ITH,ITH4,6,Friuli-Venezia Giulia,Friuli Venezia Giulia,1215220,198317,16.32,0.93
3414,2021-03-25,FVG,5528,2420,3108,3338,2136,54,ITH,ITH4,6,Friuli-Venezia Giulia,Friuli Venezia Giulia,1215220,203845,16.77,0.45
3415,2021-03-30,FVG,7223,3252,3971,6187,923,113,ITH,ITH4,6,Friuli-Venezia Giulia,Friuli Venezia Giulia,1215220,211068,17.37,0.59
3416,2021-06-19,FVG,8489,4426,4063,1364,7125,0,ITH,ITH4,6,Friuli-Venezia Giulia,Friuli Venezia Giulia,1215220,219557,18.07,0.7
3417,2021-03-11,FVG,3476,1517,1959,1713,1751,12,ITH,ITH4,6,Friuli-Venezia Giulia,Friuli Venezia Giulia,1215220,223033,18.35,0.29
3418,2021-04-13,FVG,7367,3290,4077,5638,1603,126,ITH,ITH4,6,Friuli-Venezia Giulia,Friuli Venezia Giulia,1215220,230400,18.96,0.61
3419,2021-02-11,FVG,1930,664,1266,1735,192,3,ITH,ITH4,6,Friuli-Venezia Giulia,Friuli Venezia Giulia,1215220,232330,19.12,0.16
3420,2021-04-09,FVG,7913,3657,4256,6506,1246,161,ITH,ITH4,6,Friuli-Venezia Giulia,Friuli Venezia Giulia,1215220,240243,19.77,0.65
3421,2020-12-30,FVG,626,244,382,626,0,0,ITH,ITH4,6,Friuli-Venezia Giulia,Friuli Venezia Giulia,1215220,240869,19.82,0.05
3422,2021-06-05,FVG,10289,5317,4972,8741,1548,0,ITH,ITH4,6,Friuli-Venezia Giulia,Friuli Venezia Giulia,1215220,251158,20.67,0.85
3423,2021-02-25,FVG,3165,1652,1513,3112,29,24,ITH,ITH4,6,Friuli-Venezia Giulia,Friuli Venezia Giulia,1215220,254323,20.93,0.26
3424,2021-06-16,FVG,12068,5859,6209,4063,8002,3,ITH,ITH4,6,Friuli-Venezia Giulia,Friuli Venezia Giulia,1215220,266391,21.92,0.99
3425,2021-04-23,FVG,7467,3377,4090,3463,3865,139,ITH,ITH4,6,Friuli-Venezia Giulia,Friuli Venezia Giulia,1215220,273858,22.54,0.61
3426,2021-05-17,FVG,8805,4086,4719,6094,2485,226,ITH,ITH4,6,Friuli-Venezia Giulia,Friuli Venezia Giulia,1215220,282663,23.26,0.72
3427,2021-03-09,FVG,4009,1722,2287,1237,2747,25,ITH,ITH4,6,Friuli-Venezia Giulia,Friuli Venezia Giulia,1215220,286672,23.59,0.33
3428,2021-06-04,FVG,12038,6182,5856,10632,1385,21,ITH,ITH4,6,Friuli-Venezia Giulia,Friuli Venezia Giulia,1215220,298710,24.58,0.99
3429,2021-03-14,FVG,1398,550,848,1124,252,22,ITH,ITH4,6,Friuli-Venezia Giulia,Friuli Venezia Giulia,1215220,300108,24.7,0.12
3430,2021-04-08,FVG,7446,3217,4229,5404,1922,120,ITH,ITH4,6,Friuli-Venezia Giulia,Friuli Venezia Giulia,1215220,307554,25.31,0.61
3431,2021-05-21,FVG,11203,5013,6190,7917,2968,318,ITH,ITH4,6,Friuli-Venezia Giulia,Friuli Venezia Giulia,1215220,318757,26.23,0.92
3432,2021-02-10,FVG,1350,496,854,1264,86,0,ITH,ITH4,6,Friuli-Venezia Giulia,Friuli Venezia Giulia,1215220,320107,26.34,0.11
3433,2021-02-01,FVG,2097,688,1409,16,2081,0,ITH,ITH4,6,Friuli-Venezia Giulia,Friuli Venezia Giulia,1215220,322204,26.51,0.17
3434,2021-01-27,FVG,1271,425,846,448,821,2,ITH,ITH4,6,Friuli-Venezia Giulia,Friuli Venezia Giulia,1215220,323475,26.62,0.1
3435,2021-05-07,FVG,10609,4852,5757,6934,3510,165,ITH,ITH4,6,Friuli-Venezia Giulia,Friuli Venezia Giulia,1215220,334084,27.49,0.87
3436,2021-05-09,FVG,7355,3301,4054,3370,3857,128,ITH,ITH4,6,Friuli-Venezia Giulia,Friuli Venezia Giulia,1215220,341439,28.1,0.61
3437,2021-02-27,FVG,3531,1201,2330,3511,1,19,ITH,ITH4,6,Friuli-Venezia Giulia,Friuli Venezia Giulia,1215220,344970,28.39,0.29
3438,2021-04-25,FVG,2364,989,1375,2176,11,177,ITH,ITH4,6,Friuli-Venezia Giulia,Friuli Venezia Giulia,1215220,347334,28.58,0.19
3439,2021-01-15,FVG,2021,605,1416,2020,0,1,ITH,ITH4,6,Friuli-Venezia Giulia,Friuli Venezia Giulia,1215220,349355,28.75,0.17
3440,2021-04-01,FVG,6391,3052,3339,5307,1015,69,ITH,ITH4,6,Friuli-Venezia Giulia,Friuli Venezia Giulia,1215220,355746,29.27,0.53
3441,2021-05-28,FVG,10535,5045,5490,6176,4111,248,ITH,ITH4,6,Friuli-Venezia Giulia,Friuli Venezia Giulia,1215220,366281,30.14,0.87
3442,2021-06-23,FVG,11980,5795,6185,2093,9883,4,ITH,ITH4,6,Friuli-Venezia Giulia,Friuli Venezia Giulia,1215220,378261,31.13,0.99
3443,2021-04-27,FVG,8102,3718,4384,3529,4475,98,ITH,ITH4,6,Friuli-Venezia Giulia,Friuli Venezia Giulia,1215220,386363,31.79,0.67
3444,2021-06-09,FVG,11164,5876,5288,9758,1390,16,ITH,ITH4,6,Friuli-Venezia Giulia,Friuli Venezia Giulia,1215220,397527,32.71,0.92
3445,2021-03-01,FVG,2958,1041,1917,2887,52,19,ITH,ITH4,6,Friuli-Venezia Giulia,Friuli Venezia Giulia,1215220,400485,32.96,0.24
3446,2021-03-18,FVG,3372,1421,1951,1684,1681,7,ITH,ITH4,6,Friuli-Venezia Giulia,Friuli Venezia Giulia,1215220,403857,33.23,0.28
3447,2021-06-28,FVG,9776,4914,4862,2099,7666,11,ITH,ITH4,6,Friuli-Venezia Giulia,Friuli Venezia Giulia,1215220,413633,34.04,0.8
3448,2021-03-20,FVG,3401,1409,1992,1300,2091,10,ITH,ITH4,6,Friuli-Venezia Giulia,Friuli Venezia Giulia,1215220,417034,34.32,0.28
3449,2021-01-13,FVG,2650,834,1816,2650,0,0,ITH,ITH4,6,Friuli-Venezia Giulia,Friuli Venezia Giulia,1215220,419684,34.54,0.22
3450,2021-04-06,FVG,6669,3126,3543,5424,1150,95,ITH,ITH4,6,Friuli-Venezia Giulia,Friuli Venezia Giulia,1215220,426353,35.08,0.55
3451,2020-12-27,FVG,262,149,113,261,0,1,ITH,ITH4,6,Friuli-Venezia Giulia,Friuli Venezia Giulia,1215220,426615,35.11,0.02
3452,2021-07-05,FVG,4713,2369,2344,610,4034,69,ITH,ITH4,6,Friuli-Venezia Giulia,Friuli Venezia Giulia,1215220,431328,35.49,0.39
3453,2021-06-21,FVG,9127,4451,4676,1899,7225,3,ITH,ITH4,6,Friuli-Venezia Giulia,Friuli Venezia Giulia,1215220,440455,36.24,0.75
3454,2021-03-13,FVG,2942,1124,1818,1658,1272,12,ITH,ITH4,6,Friuli-Venezia Giulia,Friuli Venezia Giulia,1215220,443397,36.49,0.24
3455,2021-05-02,FVG,6898,3248,3650,3805,2959,134,ITH,ITH4,6,Friuli-Venezia Giulia,Friuli Venezia Giulia,1215220,450295,37.05,0.57
3456,2021-05-16,FVG,9987,4779,5208,8362,1399,226,ITH,ITH4,6,Friuli-Venezia Giulia,Friuli Venezia Giulia,1215220,460282,37.88,0.82
3457,2021-06-18,FVG,10623,5183,5440,3360,7260,3,ITH,ITH4,6,Friuli-Venezia Giulia,Friuli Venezia Giulia,1215220,470905,38.75,0.87
3458,2021-03-10,FVG,3587,1698,1889,1740,1794,53,ITH,ITH4,6,Friuli-Venezia Giulia,Friuli Venezia Giulia,1215220,474492,39.05,0.3
3459,2021-02-24,FVG,2524,1088,1436,2496,18,10,ITH,ITH4,6,Friuli-Venezia Giulia,Friuli Venezia Giulia,1215220,477016,39.25,0.21
3460,2021-03-27,FVG,5376,2917,2459,3938,1411,27,ITH,ITH4,6,Friuli-Venezia Giulia,Friuli Venezia Giulia,1215220,482392,39.7,0.44
3461,2021-05-26,FVG,13417,6701,6716,9661,3434,322,ITH,ITH4,6,Friuli-Venezia Giulia,Friuli Venezia Giulia,1215220,495809,40.8,1.1
3462,2021-02-15,FVG,2454,911,1543,2196,254,4,ITH,ITH4,6,Friuli-Venezia Giulia,Friuli Venezia Giulia,1215220,498263,41.0,0.2
3463,2021-04-20,FVG,7114,3062,4052,3078,3905,131,ITH,ITH4,6,Friuli-Venezia Giulia,Friuli Venezia Giulia,1215220,505377,41.59,0.59
3464,2021-01-03,FVG,312,122,190,312,0,0,ITH,ITH4,6,Friuli-Venezia Giulia,Friuli Venezia Giulia,1215220,505689,41.61,0.03
3465,2021-01-20,FVG,748,320,428,13,735,0,ITH,ITH4,6,Friuli-Venezia Giulia,Friuli Venezia Giulia,1215220,506437,41.67,0.06
3466,2021-02-22,FVG,2485,1193,1292,2064,418,3,ITH,ITH4,6,Friuli-Venezia Giulia,Friuli Venezia Giulia,1215220,508922,41.88,0.2
3467,2021-06-02,FVG,9406,4951,4455,9118,280,8,ITH,ITH4,6,Friuli-Venezia Giulia,Friuli Venezia Giulia,1215220,518328,42.65,0.77
3468,2021-04-18,FVG,6038,2800,3238,5448,407,183,ITH,ITH4,6,Friuli-Venezia Giulia,Friuli Venezia Giulia,1215220,524366,43.15,0.5
3469,2021-01-08,FVG,2321,746,1575,2321,0,0,ITH,ITH4,6,Friuli-Venezia Giulia,Friuli Venezia Giulia,1215220,526687,43.34,0.19
3470,2021-06-14,FVG,10030,4840,5190,5226,4801,3,ITH,ITH4,6,Friuli-Venezia Giulia,Friuli Venezia Giulia,1215220,536717,44.17,0.83
3471,2021-02-20,FVG,2068,933,1135,1921,144,3,ITH,ITH4,6,Friuli-Venezia Giulia,Friuli Venezia Giulia,1215220,538785,44.34,0.17
3472,2021-01-22,FVG,89,29,60,0,89,0,ITH,ITH4,6,Friuli-Venezia Giulia,Friuli Venezia Giulia,1215220,538874,44.34,0.01
3473,2021-03-06,FVG,3500,1196,2304,3147,325,28,ITH,ITH4,6,Friuli-Venezia Giulia,Friuli Venezia Giulia,1215220,542374,44.63,0.29
3474,2021-05-06,FVG,11889,5523,6366,7662,3967,260,ITH,ITH4,6,Friuli-Venezia Giulia,Friuli Venezia Giulia,1215220,554263,45.61,0.98
3475,2021-07-02,FVG,10454,5400,5054,1787,8471,196,ITH,ITH4,6,Friuli-Venezia Giulia,Friuli Venezia Giulia,1215220,564717,46.47,0.86
3476,2021-06-25,FVG,10709,5388,5321,2193,8510,6,ITH,ITH4,6,Friuli-Venezia Giulia,Friuli Venezia Giulia,1215220,575426,47.35,0.88
3477,2021-03-17,FVG,3236,1267,1969,739,2491,6,ITH,ITH4,6,Friuli-Venezia Giulia,Friuli Venezia Giulia,1215220,578662,47.62,0.27
3478,2021-05-13,FVG,11147,5373,5774,8725,2059,363,ITH,ITH4,6,Friuli-Venezia Giulia,Friuli Venezia Giulia,1215220,589809,48.54,0.92
3479,2021-02-19,FVG,3253,1291,1962,2814,427,12,ITH,ITH4,6,Friuli-Venezia Giulia,Friuli Venezia Giulia,1215220,593062,48.8,0.27
3480,2021-04-24,FVG,6680,2949,3731,5205,1243,232,ITH,ITH4,6,Friuli-Venezia Giulia,Friuli Venezia Giulia,1215220,599742,49.35,0.55
3481,2021-06-06,FVG,9455,4615,4840,7906,1547,2,ITH,ITH4,6,Friuli-Venezia Giulia,Friuli Venezia Giulia,1215220,609197,50.13,0.78
3482,2021-02-26,FVG,3735,2093,1642,3560,148,27,ITH,ITH4,6,Friuli-Venezia Giulia,Friuli Venezia Giulia,1215220,612932,50.44,0.31
3483,2021-02-17,FVG,2355,1000,1355,1873,480,2,ITH,ITH4,6,Friuli-Venezia Giulia,Friuli Venezia Giulia,1215220,615287,50.63,0.19
3484,2021-04-15,FVG,6506,2873,3633,5090,1270,146,ITH,ITH4,6,Friuli-Venezia Giulia,Friuli Venezia Giulia,1215220,621793,51.17,0.54
3485,2021-04-29,FVG,6757,2977,3780,3969,2592,196,ITH,ITH4,6,Friuli-Venezia Giulia,Friuli Venezia Giulia,1215220,628550,51.72,0.56
3486,2021-01-05,FVG,1678,551,1127,1677,0,1,ITH,ITH4,6,Friuli-Venezia Giulia,Friuli Venezia Giulia,1215220,630228,51.86,0.14
3487,2021-02-05,FVG,2610,784,1826,89,2521,0,ITH,ITH4,6,Friuli-Venezia Giulia,Friuli Venezia Giulia,1215220,632838,52.08,0.21
3488,2021-04-14,FVG,7217,3118,4099,5384,1712,121,ITH,ITH4,6,Friuli-Venezia Giulia,Friuli Venezia Giulia,1215220,640055,52.67,0.59
3489,2021-06-03,FVG,12347,6700,5647,10254,2067,26,ITH,ITH4,6,Friuli-Venezia Giulia,Friuli Venezia Giulia,1215220,652402,53.69,1.02
3490,2021-01-19,FVG,6,2,4,6,0,0,ITH,ITH4,6,Friuli-Venezia Giulia,Friuli Venezia Giulia,1215220,652408,53.69,0.0
3491,2021-05-04,FVG,9541,4301,5240,5982,3360,199,ITH,ITH4,6,Friuli-Venezia Giulia,Friuli Venezia Giulia,1215220,661949,54.47,0.79
3492,2021-01-24,FVG,305,119,186,1,304,0,ITH,ITH4,6,Friuli-Venezia Giulia,Friuli Venezia Giulia,1215220,662254,54.5,0.03
3493,2021-06-30,FVG,12832,6535,6297,1359,11290,183,ITH,ITH4,6,Friuli-Venezia Giulia,Friuli Venezia Giulia,1215220,675086,55.55,1.06
3494,2021-03-08,FVG,4120,1642,2478,2020,2086,14,ITH,ITH4,6,Friuli-Venezia Giulia,Friuli Venezia Giulia,1215220,679206,55.89,0.34
3495,2021-03-22,FVG,3659,1446,2213,1672,1954,33,ITH,ITH4,6,Friuli-Venezia Giulia,Friuli Venezia Giulia,1215220,682865,56.19,0.3
3496,2021-01-17,FVG,1715,522,1193,1713,0,2,ITH,ITH4,6,Friuli-Venezia Giulia,Friuli Venezia Giulia,1215220,684580,56.33,0.14
3497,2021-03-15,FVG,3951,1809,2142,1612,2321,18,ITH,ITH4,6,Friuli-Venezia Giulia,Friuli Venezia Giulia,1215220,688531,56.66,0.33
3498,2021-02-12,FVG,1193,428,765,1142,47,4,ITH,ITH4,6,Friuli-Venezia Giulia,Friuli Venezia Giulia,1215220,689724,56.76,0.1
3499,2021-05-25,FVG,12900,6377,6523,9274,3312,314,ITH,ITH4,6,Friuli-Venezia Giulia,Friuli Venezia Giulia,1215220,702624,57.82,1.06
3500,2021-06-11,FVG,10599,5773,4826,9761,829,9,ITH,ITH4,6,Friuli-Venezia Giulia,Friuli Venezia Giulia,1215220,713223,58.69,0.87
3501,2021-03-03,FVG,3646,1634,2012,2357,1275,14,ITH,ITH4,6,Friuli-Venezia Giulia,Friuli Venezia Giulia,1215220,716869,58.99,0.3
3502,2021-05-27,FVG,12818,6135,6683,7402,5228,188,ITH,ITH4,6,Friuli-Venezia Giulia,Friuli Venezia Giulia,1215220,729687,60.05,1.05
3503,2021-02-07,FVG,1564,482,1082,384,1179,1,ITH,ITH4,6,Friuli-Venezia Giulia,Friuli Venezia Giulia,1215220,731251,60.17,0.13
3504,2021-05-18,FVG,10785,5395,5390,8379,2076,330,ITH,ITH4,6,Friuli-Venezia Giulia,Friuli Venezia Giulia,1215220,742036,61.06,0.89
3505,2021-06-01,FVG,10091,5106,4985,7950,2121,20,ITH,ITH4,6,Friuli-Venezia Giulia,Friuli Venezia Giulia,1215220,752127,61.89,0.83
3506,2021-06-20,FVG,6499,3220,3279,1566,4929,4,ITH,ITH4,6,Friuli-Venezia Giulia,Friuli Venezia Giulia,1215220,758626,62.43,0.53
3507,2021-03-29,FVG,7021,3125,3896,5379,1582,60,ITH,ITH4,6,Friuli-Venezia Giulia,Friuli Venezia Giulia,1215220,765647,63.0,0.58
3508,2021-01-10,FVG,2940,918,2022,2940,0,0,ITH,ITH4,6,Friuli-Venezia Giulia,Friuli Venezia Giulia,1215220,768587,63.25,0.24
3509,2021-04-05,FVG,2895,1438,1457,2830,15,50,ITH,ITH4,6,Friuli-Venezia Giulia,Friuli Venezia Giulia,1215220,771482,63.48,0.24
3510,2021-01-12,FVG,2257,713,1544,2257,0,0,ITH,ITH4,6,Friuli-Venezia Giulia,Friuli Venezia Giulia,1215220,773739,63.67,0.19
3511,2021-01-29,FVG,2412,813,1599,264,2148,0,ITH,ITH4,6,Friuli-Venezia Giulia,Friuli Venezia Giulia,1215220,776151,63.87,0.2
3512,2021-04-22,FVG,6781,3084,3697,3030,3688,63,ITH,ITH4,6,Friuli-Venezia Giulia,Friuli Venezia Giulia,1215220,782932,64.43,0.56
3513,2021-02-16,FVG,2516,1135,1381,2397,116,3,ITH,ITH4,6,Friuli-Venezia Giulia,Friuli Venezia Giulia,1215220,785448,64.63,0.21
3514,2021-03-24,FVG,3973,1717,2256,2464,1480,29,ITH,ITH4,6,Friuli-Venezia Giulia,Friuli Venezia Giulia,1215220,789421,64.96,0.33
3515,2021-05-20,FVG,12698,6309,6389,9809,2515,374,ITH,ITH4,6,Friuli-Venezia Giulia,Friuli Venezia Giulia,1215220,802119,66.01,1.04
3516,2021-01-26,FVG,1977,647,1330,216,1760,1,ITH,ITH4,6,Friuli-Venezia Giulia,Friuli Venezia Giulia,1215220,804096,66.17,0.16
3517,2021-05-30,FVG,11059,4987,6072,7243,3585,231,ITH,ITH4,6,Friuli-Venezia Giulia,Friuli Venezia Giulia,1215220,815155,67.08,0.91
3518,2021-05-03,FVG,7215,3290,3925,3315,3785,115,ITH,ITH4,6,Friuli-Venezia Giulia,Friuli Venezia Giulia,1215220,822370,67.67,0.59
3519,2021-01-14,FVG,2584,789,1795,2581,0,3,ITH,ITH4,6,Friuli-Venezia Giulia,Friuli Venezia Giulia,1215220,824954,67.89,0.21
3520,2021-06-08,FVG,10307,5393,4914,9851,428,28,ITH,ITH4,6,Friuli-Venezia Giulia,Friuli Venezia Giulia,1215220,835261,68.73,0.85
3521,2021-02-28,FVG,2686,1003,1683,2265,394,27,ITH,ITH4,6,Friuli-Venezia Giulia,Friuli Venezia Giulia,1215220,837947,68.95,0.22
3522,2021-04-26,FVG,5460,2450,3010,3690,1649,121,ITH,ITH4,6,Friuli-Venezia Giulia,Friuli Venezia Giulia,1215220,843407,69.4,0.45
3523,2021-05-11,FVG,9033,4333,4700,7015,1802,216,ITH,ITH4,6,Friuli-Venezia Giulia,Friuli Venezia Giulia,1215220,852440,70.15,0.74
3524,2021-01-31,FVG,2717,838,1879,385,2332,0,ITH,ITH4,6,Friuli-Venezia Giulia,Friuli Venezia Giulia,1215220,855157,70.37,0.22
3525,2021-05-29,FVG,12018,5846,6172,6791,4987,240,ITH,ITH4,6,Friuli-Venezia Giulia,Friuli Venezia Giulia,1215220,867175,71.36,0.99
3526,2021-05-22,FVG,11576,5198,6378,7092,4239,245,ITH,ITH4,6,Friuli-Venezia Giulia,Friuli Venezia Giulia,1215220,878751,72.31,0.95
3527,2021-01-28,FVG,2240,794,1446,355,1885,0,ITH,ITH4,6,Friuli-Venezia Giulia,Friuli Venezia Giulia,1215220,880991,72.5,0.18
3528,2021-05-08,FVG,10270,4643,5627,5307,4783,180,ITH,ITH4,6,Friuli-Venezia Giulia,Friuli Venezia Giulia,1215220,891261,73.34,0.85
3529,2021-02-14,FVG,1,0,1,0,1,0,ITH,ITH4,6,Friuli-Venezia Giulia,Friuli Venezia Giulia,1215220,891262,73.34,0.0
3530,2021-05-10,FVG,7940,3529,4411,6230,1542,168,ITH,ITH4,6,Friuli-Venezia Giulia,Friuli Venezia Giulia,1215220,899202,73.99,0.65
3531,2021-04-03,FVG,4012,1990,2022,2638,1331,43,ITH,ITH4,6,Friuli-Venezia Giulia,Friuli Venezia Giulia,1215220,903214,74.33,0.33
3532,2021-06-10,FVG,10710,5612,5098,9669,1037,4,ITH,ITH4,6,Friuli-Venezia Giulia,Friuli Venezia Giulia,1215220,913924,75.21,0.88
3533,2021-03-19,FVG,3251,1350,1901,1301,1936,14,ITH,ITH4,6,Friuli-Venezia Giulia,Friuli Venezia Giulia,1215220,917175,75.47,0.27
3534,2021-06-27,FVG,7327,3657,3670,3519,3806,2,ITH,ITH4,6,Friuli-Venezia Giulia,Friuli Venezia Giulia,1215220,924502,76.08,0.6
3535,2021-06-29,FVG,11215,5723,5492,1148,9953,114,ITH,ITH4,6,Friuli-Venezia Giulia,Friuli Venezia Giulia,1215220,935717,77.0,0.92
3536,2021-05-15,FVG,12657,6105,6552,7682,4699,276,ITH,ITH4,6,Friuli-Venezia Giulia,Friuli Venezia Giulia,1215220,948374,78.04,1.04
3537,2021-05-01,FVG,7194,3245,3949,5898,1043,253,ITH,ITH4,6,Friuli-Venezia Giulia,Friuli Venezia Giulia,1215220,955568,78.63,0.59
3538,2021-01-21,FVG,896,345,551,1,895,0,ITH,ITH4,6,Friuli-Venezia Giulia,Friuli Venezia Giulia,1215220,956464,78.71,0.07
3539,2021-02-21,FVG,801,281,520,421,378,2,ITH,ITH4,6,Friuli-Venezia Giulia,Friuli Venezia Giulia,1215220,957265,78.77,0.07
3540,2021-04-07,FVG,7826,3623,4203,6940,782,104,ITH,ITH4,6,Friuli-Venezia Giulia,Friuli Venezia Giulia,1215220,965091,79.42,0.64
3541,2021-02-09,FVG,1842,555,1287,1556,286,0,ITH,ITH4,6,Friuli-Venezia Giulia,Friuli Venezia Giulia,1215220,966933,79.57,0.15
3542,2021-02-02,FVG,2467,806,1661,217,2250,0,ITH,ITH4,6,Friuli-Venezia Giulia,Friuli Venezia Giulia,1215220,969400,79.77,0.2
3543,2021-03-31,FVG,8114,3559,4555,7155,846,113,ITH,ITH4,6,Friuli-Venezia Giulia,Friuli Venezia Giulia,1215220,977514,80.44,0.67
3544,2021-07-04,FVG,7860,4054,3806,2730,4866,264,ITH,ITH4,6,Friuli-Venezia Giulia,Friuli Venezia Giulia,1215220,985374,81.09,0.65
3545,2021-03-26,FVG,6001,2603,3398,3827,2016,158,ITH,ITH4,6,Friuli-Venezia Giulia,Friuli Venezia Giulia,1215220,991375,81.58,0.49
3546,2021-03-12,FVG,4102,1696,2406,2698,1381,23,ITH,ITH4,6,Friuli-Venezia Giulia,Friuli Venezia Giulia,1215220,995477,81.92,0.34
3547,2021-01-02,FVG,1216,470,746,1216,0,0,ITH,ITH4,6,Friuli-Venezia Giulia,Friuli Venezia Giulia,1215220,996693,82.02,0.1
3548,2021-04-12,FVG,7264,3184,4080,5993,1132,139,ITH,ITH4,6,Friuli-Venezia Giulia,Friuli Venezia Giulia,1215220,1003957,82.62,0.6
3549,2021-05-14,FVG,10752,5355,5397,7885,2591,276,ITH,ITH4,6,Friuli-Venezia Giulia,Friuli Venezia Giulia,1215220,1014709,83.5,0.88
3550,2021-02-03,FVG,2647,791,1856,22,2624,1,ITH,ITH4,6,Friuli-Venezia Giulia,Friuli Venezia Giulia,1215220,1017356,83.72,0.22
3551,2021-02-08,FVG,2356,694,1662,90,2265,1,ITH,ITH4,6,Friuli-Venezia Giulia,Friuli Venezia Giulia,1215220,1019712,83.91,0.19
3552,2021-06-13,FVG,8646,4501,4145,5324,3321,1,ITH,ITH4,6,Friuli-Venezia Giulia,Friuli Venezia Giulia,1215220,1028358,84.62,0.71
3553,2021-04-17,FVG,7453,3235,4218,5808,1483,162,ITH,ITH4,6,Friuli-Venezia Giulia,Friuli Venezia Giulia,1215220,1035811,85.24,0.61
3554,2021-04-10,FVG,5047,2212,2835,3756,1225,66,ITH,ITH4,6,Friuli-Venezia Giulia,Friuli Venezia Giulia,1215220,1040858,85.65,0.42
3555,2021-05-23,FVG,10276,4855,5421,5928,4150,198,ITH,ITH4,6,Friuli-Venezia Giulia,Friuli Venezia Giulia,1215220,1051134,86.5,0.85
3556,2021-01-07,FVG,2093,718,1375,2093,0,0,ITH,ITH4,6,Friuli-Venezia Giulia,Friuli Venezia Giulia,1215220,1053227,86.67,0.17
3557,2021-03-05,FVG,3772,1511,2261,2633,1074,65,ITH,ITH4,6,Friuli-Venezia Giulia,Friuli Venezia Giulia,1215220,1056999,86.98,0.31
3558,2021-04-19,FVG,6711,3133,3578,3203,3416,92,ITH,ITH4,6,Friuli-Venezia Giulia,Friuli Venezia Giulia,1215220,1063710,87.53,0.55
3559,2021-01-09,FVG,2513,841,1672,2511,0,2,ITH,ITH4,6,Friuli-Venezia Giulia,Friuli Venezia Giulia,1215220,1066223,87.74,0.21
3560,2021-06-15,FVG,11755,5943,5812,5303,6451,1,ITH,ITH4,6,Friuli-Venezia Giulia,Friuli Venezia Giulia,1215220,1077978,88.71,0.97
3561,2021-03-07,FVG,2545,932,1613,2489,1,55,ITH,ITH4,6,Friuli-Venezia Giulia,Friuli Venezia Giulia,1215220,1080523,88.92,0.21
3562,2020-12-31,FVG,1048,381,667,1047,0,1,ITH,ITH4,6,Friuli-Venezia Giulia,Friuli Venezia Giulia,1215220,1081571,89.0,0.09
3563,2021-06-17,FVG,11313,5712,5601,2304,9007,2,ITH,ITH4,6,Friuli-Venezia Giulia,Friuli Venezia Giulia,1215220,1092884,89.93,0.93
3564,2021-06-22,FVG,11469,5912,5557,2391,9070,8,ITH,ITH4,6,Friuli-Venezia Giulia,Friuli Venezia Giulia,1215220,1104353,90.88,0.94
3565,2021-05-15,MAR,13970,6377,7593,7832,5893,245,ITI,ITI3,11,Marche,Marche,1525271,13970,0.92,0.92
3566,2021-02-19,MAR,1996,734,1262,1820,135,41,ITI,ITI3,11,Marche,Marche,1525271,15966,1.05,0.13
3567,2021-05-20,MAR,12433,5845,6588,7500,4709,224,ITI,ITI3,11,Marche,Marche,1525271,28399,1.86,0.82
3568,2021-02-07,MAR,1871,735,1136,332,1527,12,ITI,ITI3,11,Marche,Marche,1525271,30270,1.98,0.12
3569,2021-01-31,MAR,1918,769,1149,98,1816,4,ITI,ITI3,11,Marche,Marche,1525271,32188,2.11,0.13
3570,2021-01-21,MAR,918,261,657,574,327,17,ITI,ITI3,11,Marche,Marche,1525271,33106,2.17,0.06
3571,2021-05-01,MAR,9318,3924,5394,3500,5742,76,ITI,ITI3,11,Marche,Marche,1525271,42424,2.78,0.61
3572,2021-03-05,MAR,6215,2869,3346,4684,1468,63,ITI,ITI3,11,Marche,Marche,1525271,48639,3.19,0.41
3573,2021-01-07,MAR,1809,636,1173,1793,0,16,ITI,ITI3,11,Marche,Marche,1525271,50448,3.31,0.12
3574,2021-03-24,MAR,7032,2983,4049,3296,3668,68,ITI,ITI3,11,Marche,Marche,1525271,57480,3.77,0.46
3575,2021-06-01,MAR,12070,6162,5908,9692,2095,283,ITI,ITI3,11,Marche,Marche,1525271,69550,4.56,0.79
3576,2021-03-10,MAR,5672,2404,3268,4480,1140,52,ITI,ITI3,11,Marche,Marche,1525271,75222,4.93,0.37
3577,2021-02-21,MAR,376,141,235,363,1,12,ITI,ITI3,11,Marche,Marche,1525271,75598,4.96,0.02
3578,2021-01-19,MAR,232,87,145,139,90,3,ITI,ITI3,11,Marche,Marche,1525271,75830,4.97,0.02
3579,2021-01-26,MAR,2021,747,1274,81,1931,9,ITI,ITI3,11,Marche,Marche,1525271,77851,5.1,0.13
3580,2021-04-19,MAR,9602,4498,5104,7902,1581,119,ITI,ITI3,11,Marche,Marche,1525271,87453,5.73,0.63
3581,2021-02-14,MAR,739,301,438,727,0,12,ITI,ITI3,11,Marche,Marche,1525271,88192,5.78,0.05
3582,2021-04-05,MAR,5691,2358,3333,4346,1269,76,ITI,ITI3,11,Marche,Marche,1525271,93883,6.16,0.37
3583,2021-06-27,MAR,9949,4820,5129,4487,5291,171,ITI,ITI3,11,Marche,Marche,1525271,103832,6.81,0.65
3584,2021-03-19,MAR,3834,1598,2236,325,3497,12,ITI,ITI3,11,Marche,Marche,1525271,107666,7.06,0.25
3585,2021-03-17,MAR,3430,1496,1934,105,3323,2,ITI,ITI3,11,Marche,Marche,1525271,111096,7.28,0.22
3586,2021-06-15,MAR,13190,6567,6623,9823,3050,317,ITI,ITI3,11,Marche,Marche,1525271,124286,8.15,0.86
3587,2021-01-12,MAR,1229,415,814,1216,0,13,ITI,ITI3,11,Marche,Marche,1525271,125515,8.23,0.08
3588,2021-06-22,MAR,13203,6474,6729,6475,6445,283,ITI,ITI3,11,Marche,Marche,1525271,138718,9.09,0.87
3589,2021-04-26,MAR,9145,4050,5095,6000,3022,123,ITI,ITI3,11,Marche,Marche,1525271,147863,9.69,0.6
3590,2021-05-27,MAR,13730,6816,6914,9178,4301,251,ITI,ITI3,11,Marche,Marche,1525271,161593,10.59,0.9
3591,2021-03-31,MAR,7374,3086,4288,4268,3023,83,ITI,ITI3,11,Marche,Marche,1525271,168967,11.08,0.48
3592,2021-04-07,MAR,8176,3614,4562,7715,347,114,ITI,ITI3,11,Marche,Marche,1525271,177143,11.61,0.54
3593,2021-02-09,MAR,124,42,82,46,78,0,ITI,ITI3,11,Marche,Marche,1525271,177267,11.62,0.01
3594,2021-06-12,MAR,13715,7292,6423,12105,1279,331,ITI,ITI3,11,Marche,Marche,1525271,190982,12.52,0.9
3595,2021-04-16,MAR,10083,4703,5380,9361,525,197,ITI,ITI3,11,Marche,Marche,1525271,201065,13.18,0.66
3596,2021-01-04,MAR,1513,573,940,1501,0,12,ITI,ITI3,11,Marche,Marche,1525271,202578,13.28,0.1
3597,2021-07-04,MAR,10900,5449,5451,3207,7531,162,ITI,ITI3,11,Marche,Marche,1525271,213478,14.0,0.71
3598,2020-12-31,MAR,391,183,208,389,0,2,ITI,ITI3,11,Marche,Marche,1525271,213869,14.02,0.03
3599,2021-02-04,MAR,2384,842,1542,107,2272,5,ITI,ITI3,11,Marche,Marche,1525271,216253,14.18,0.16
3600,2021-01-18,MAR,696,237,459,536,149,11,ITI,ITI3,11,Marche,Marche,1525271,216949,14.22,0.05
3601,2021-04-28,MAR,10900,4963,5937,6002,4731,167,ITI,ITI3,11,Marche,Marche,1525271,227849,14.94,0.71
3602,2021-03-12,MAR,4642,1973,2669,3348,1240,54,ITI,ITI3,11,Marche,Marche,1525271,232491,15.24,0.3
3603,2021-01-14,MAR,2011,693,1318,1987,0,24,ITI,ITI3,11,Marche,Marche,1525271,234502,15.37,0.13
3604,2021-06-20,MAR,11157,5545,5612,5990,4985,182,ITI,ITI3,11,Marche,Marche,1525271,245659,16.11,0.73
3605,2021-04-24,MAR,12146,5355,6791,7542,4464,140,ITI,ITI3,11,Marche,Marche,1525271,257805,16.9,0.8
3606,2021-02-26,MAR,3668,1519,2149,3089,476,103,ITI,ITI3,11,Marche,Marche,1525271,261473,17.14,0.24
3607,2021-05-08,MAR,12269,5476,6793,4857,7247,165,ITI,ITI3,11,Marche,Marche,1525271,273742,17.95,0.8
3608,2021-01-09,MAR,1714,606,1108,1694,0,20,ITI,ITI3,11,Marche,Marche,1525271,275456,18.06,0.11
3609,2021-04-02,MAR,6886,2983,3903,6039,739,108,ITI,ITI3,11,Marche,Marche,1525271,282342,18.51,0.45
3610,2021-03-16,MAR,3473,1486,1987,284,3183,6,ITI,ITI3,11,Marche,Marche,1525271,285815,18.74,0.23
3611,2021-02-02,MAR,1193,398,795,72,1121,0,ITI,ITI3,11,Marche,Marche,1525271,287008,18.82,0.08
3612,2021-05-13,MAR,12603,5695,6908,6827,5499,277,ITI,ITI3,11,Marche,Marche,1525271,299611,19.64,0.83
3613,2021-04-12,MAR,8564,3770,4794,7935,482,147,ITI,ITI3,11,Marche,Marche,1525271,308175,20.2,0.56
3614,2021-01-02,MAR,456,141,315,454,0,2,ITI,ITI3,11,Marche,Marche,1525271,308631,20.23,0.03
3615,2021-03-07,MAR,5180,2107,3073,4379,754,47,ITI,ITI3,11,Marche,Marche,1525271,313811,20.57,0.34
3616,2021-03-29,MAR,5867,2569,3298,3392,2428,47,ITI,ITI3,11,Marche,Marche,1525271,319678,20.96,0.38
3617,2021-06-03,MAR,14637,7481,7156,12077,2256,304,ITI,ITI3,11,Marche,Marche,1525271,334315,21.92,0.96
3618,2021-02-18,MAR,2141,783,1358,1806,286,49,ITI,ITI3,11,Marche,Marche,1525271,336456,22.06,0.14
3619,2021-05-29,MAR,12860,6232,6628,8114,4528,218,ITI,ITI3,11,Marche,Marche,1525271,349316,22.9,0.84
3620,2021-02-28,MAR,2836,1251,1585,2822,6,8,ITI,ITI3,11,Marche,Marche,1525271,352152,23.09,0.19
3621,2021-06-08,MAR,14098,7096,7002,11196,2611,291,ITI,ITI3,11,Marche,Marche,1525271,366250,24.01,0.92
3622,2021-03-02,MAR,4999,1965,3034,4368,566,65,ITI,ITI3,11,Marche,Marche,1525271,371249,24.34,0.33
3623,2021-06-10,MAR,14921,7690,7231,12566,2013,342,ITI,ITI3,11,Marche,Marche,1525271,386170,25.32,0.98
3624,2021-01-23,MAR,557,190,367,120,434,3,ITI,ITI3,11,Marche,Marche,1525271,386727,25.35,0.04
3625,2021-06-29,MAR,13371,6599,6772,4929,8215,227,ITI,ITI3,11,Marche,Marche,1525271,400098,26.23,0.88
3626,2021-05-03,MAR,10355,4663,5692,4816,5409,130,ITI,ITI3,11,Marche,Marche,1525271,410453,26.91,0.68
3627,2021-03-28,MAR,4125,1739,2386,2396,1691,38,ITI,ITI3,11,Marche,Marche,1525271,414578,27.18,0.27
3628,2021-01-30,MAR,1905,668,1237,27,1878,0,ITI,ITI3,11,Marche,Marche,1525271,416483,27.31,0.12
3629,2021-04-14,MAR,10212,4562,5650,9660,370,182,ITI,ITI3,11,Marche,Marche,1525271,426695,27.98,0.67
3630,2020-12-30,MAR,17,5,12,17,0,0,ITI,ITI3,11,Marche,Marche,1525271,426712,27.98,0.0
3631,2021-04-09,MAR,9568,4190,5378,9155,200,213,ITI,ITI3,11,Marche,Marche,1525271,436280,28.6,0.63
3632,2021-01-06,MAR,2204,801,1403,2185,0,19,ITI,ITI3,11,Marche,Marche,1525271,438484,28.75,0.14
3633,2021-05-12,MAR,10427,4688,5739,4737,5501,189,ITI,ITI3,11,Marche,Marche,1525271,448911,29.43,0.68
3634,2021-07-01,MAR,14692,7366,7326,4660,9754,278,ITI,ITI3,11,Marche,Marche,1525271,463603,30.39,0.96
3635,2021-06-24,MAR,13830,6674,7156,6190,7369,271,ITI,ITI3,11,Marche,Marche,1525271,477433,31.3,0.91
3636,2021-01-11,MAR,1176,411,765,1158,0,18,ITI,ITI3,11,Marche,Marche,1525271,478609,31.38,0.08
3637,2021-04-21,MAR,10782,4967,5815,9435,1194,153,ITI,ITI3,11,Marche,Marche,1525271,489391,32.09,0.71
3638,2021-01-28,MAR,2086,725,1361,164,1921,1,ITI,ITI3,11,Marche,Marche,1525271,491477,32.22,0.14
3639,2021-04-04,MAR,3824,1792,2032,2606,1169,49,ITI,ITI3,11,Marche,Marche,1525271,495301,32.47,0.25
3640,2021-01-16,MAR,2036,733,1303,1986,0,50,ITI,ITI3,11,Marche,Marche,1525271,497337,32.61,0.13
3641,2021-06-19,MAR,14687,7402,7285,7749,6673,265,ITI,ITI3,11,Marche,Marche,1525271,512024,33.57,0.96
3642,2021-05-31,MAR,11783,5943,5840,8600,2931,252,ITI,ITI3,11,Marche,Marche,1525271,523807,34.34,0.77
3643,2021-05-17,MAR,11864,5572,6292,7469,4175,220,ITI,ITI3,11,Marche,Marche,1525271,535671,35.12,0.78
3644,2021-04-30,MAR,14104,6174,7930,5380,8543,181,ITI,ITI3,11,Marche,Marche,1525271,549775,36.04,0.92
3645,2021-04-11,MAR,7116,3115,4001,6692,286,138,ITI,ITI3,11,Marche,Marche,1525271,556891,36.51,0.47
3646,2021-03-11,MAR,6593,2784,3809,5148,1370,75,ITI,ITI3,11,Marche,Marche,1525271,563484,36.94,0.43
3647,2021-03-25,MAR,6656,2772,3884,3190,3410,56,ITI,ITI3,11,Marche,Marche,1525271,570140,37.38,0.44
3648,2021-07-03,MAR,13844,6992,6852,4143,9390,311,ITI,ITI3,11,Marche,Marche,1525271,583984,38.29,0.91
3649,2021-05-24,MAR,10801,5113,5688,7944,2680,177,ITI,ITI3,11,Marche,Marche,1525271,594785,39.0,0.71
3650,2021-05-22,MAR,11937,5719,6218,7319,4448,170,ITI,ITI3,11,Marche,Marche,1525271,606722,39.78,0.78
3651,2021-02-11,MAR,1987,657,1330,1557,389,41,ITI,ITI3,11,Marche,Marche,1525271,608709,39.91,0.13
3652,2021-05-05,MAR,11684,5317,6367,5099,6429,156,ITI,ITI3,11,Marche,Marche,1525271,620393,40.67,0.77
3653,2021-03-26,MAR,6334,2607,3727,3469,2809,56,ITI,ITI3,11,Marche,Marche,1525271,626727,41.09,0.42
3654,2021-06-17,MAR,15191,7556,7635,8801,6095,295,ITI,ITI3,11,Marche,Marche,1525271,641918,42.09,1.0
3655,2021-03-09,MAR,5431,2293,3138,4465,881,85,ITI,ITI3,11,Marche,Marche,1525271,647349,42.44,0.36
3656,2021-04-13,MAR,9838,4260,5578,9412,233,193,ITI,ITI3,11,Marche,Marche,1525271,657187,43.09,0.65
3657,2021-05-10,MAR,9448,4336,5112,4769,4551,128,ITI,ITI3,11,Marche,Marche,1525271,666635,43.71,0.62
3658,2021-03-14,MAR,2499,1032,1467,1897,592,10,ITI,ITI3,11,Marche,Marche,1525271,669134,43.87,0.16
3659,2021-03-21,MAR,4504,1873,2631,1614,2875,15,ITI,ITI3,11,Marche,Marche,1525271,673638,44.17,0.3
3660,2021-02-06,MAR,2463,902,1561,513,1941,9,ITI,ITI3,11,Marche,Marche,1525271,676101,44.33,0.16
3661,2021-05-21,MAR,13714,6507,7207,7226,6277,211,ITI,ITI3,11,Marche,Marche,1525271,689815,45.23,0.9
3662,2021-05-28,MAR,13954,6735,7219,8798,4857,299,ITI,ITI3,11,Marche,Marche,1525271,703769,46.14,0.91
3663,2021-04-01,MAR,7576,3182,4394,4068,3416,92,ITI,ITI3,11,Marche,Marche,1525271,711345,46.64,0.5
3664,2021-03-04,MAR,6519,2885,3634,5067,1393,59,ITI,ITI3,11,Marche,Marche,1525271,717864,47.06,0.43
3665,2021-03-13,MAR,5766,2656,3110,1765,3961,40,ITI,ITI3,11,Marche,Marche,1525271,723630,47.44,0.38
3666,2021-06-21,MAR,12603,6182,6421,5481,6877,245,ITI,ITI3,11,Marche,Marche,1525271,736233,48.27,0.83
3667,2021-05-09,MAR,8863,4020,4843,3559,5227,77,ITI,ITI3,11,Marche,Marche,1525271,745096,48.85,0.58
3668,2021-03-06,MAR,5732,2638,3094,4418,1267,47,ITI,ITI3,11,Marche,Marche,1525271,750828,49.23,0.38
3669,2021-02-20,MAR,4157,1730,2427,4036,111,10,ITI,ITI3,11,Marche,Marche,1525271,754985,49.5,0.27
3670,2021-01-20,MAR,403,100,303,382,19,2,ITI,ITI3,11,Marche,Marche,1525271,755388,49.52,0.03
3671,2021-02-03,MAR,2124,741,1383,98,2005,21,ITI,ITI3,11,Marche,Marche,1525271,757512,49.66,0.14
3672,2021-05-14,MAR,13495,6219,7276,6508,6774,213,ITI,ITI3,11,Marche,Marche,1525271,771007,50.55,0.88
3673,2021-07-02,MAR,14551,7177,7374,4679,9641,231,ITI,ITI3,11,Marche,Marche,1525271,785558,51.5,0.95
3674,2021-06-18,MAR,15347,7648,7699,8300,6749,298,ITI,ITI3,11,Marche,Marche,1525271,800905,52.51,1.01
3675,2021-04-29,MAR,13404,6142,7262,7129,6098,177,ITI,ITI3,11,Marche,Marche,1525271,814309,53.39,0.88
3676,2021-02-15,MAR,967,412,555,939,13,15,ITI,ITI3,11,Marche,Marche,1525271,815276,53.45,0.06
3677,2021-05-26,MAR,11846,5933,5913,8449,3183,214,ITI,ITI3,11,Marche,Marche,1525271,827122,54.23,0.78
3678,2021-03-30,MAR,7472,3074,4398,4577,2823,72,ITI,ITI3,11,Marche,Marche,1525271,834594,54.72,0.49
3679,2021-02-01,MAR,1362,479,883,95,1264,3,ITI,ITI3,11,Marche,Marche,1525271,835956,54.81,0.09
3680,2021-04-06,MAR,8875,3693,5182,7932,810,133,ITI,ITI3,11,Marche,Marche,1525271,844831,55.39,0.58
3681,2021-06-09,MAR,14278,7416,6862,12107,1870,301,ITI,ITI3,11,Marche,Marche,1525271,859109,56.33,0.94
3682,2021-06-07,MAR,13320,6588,6732,10568,2450,302,ITI,ITI3,11,Marche,Marche,1525271,872429,57.2,0.87
3683,2021-02-27,MAR,3391,1452,1939,3148,209,34,ITI,ITI3,11,Marche,Marche,1525271,875820,57.42,0.22
3684,2021-03-18,MAR,3395,1477,1918,150,3233,12,ITI,ITI3,11,Marche,Marche,1525271,879215,57.64,0.22
3685,2021-06-26,MAR,13575,6904,6671,5687,7671,217,ITI,ITI3,11,Marche,Marche,1525271,892790,58.53,0.89
3686,2021-05-23,MAR,9208,4282,4926,7413,1671,124,ITI,ITI3,11,Marche,Marche,1525271,901998,59.14,0.6
3687,2021-05-06,MAR,12655,5822,6833,5362,7071,222,ITI,ITI3,11,Marche,Marche,1525271,914653,59.97,0.83
3688,2021-02-12,MAR,1582,618,964,1404,152,26,ITI,ITI3,11,Marche,Marche,1525271,916235,60.07,0.1
3689,2021-02-10,MAR,1439,452,987,1038,359,42,ITI,ITI3,11,Marche,Marche,1525271,917674,60.16,0.09
3690,2021-07-05,MAR,9873,4819,5054,2157,7592,124,ITI,ITI3,11,Marche,Marche,1525271,927547,60.81,0.65
3691,2021-06-16,MAR,13759,6915,6844,9130,4366,263,ITI,ITI3,11,Marche,Marche,1525271,941306,61.71,0.9
3692,2021-06-02,MAR,11900,5938,5962,11028,677,195,ITI,ITI3,11,Marche,Marche,1525271,953206,62.49,0.78
3693,2021-02-22,MAR,3452,1526,1926,3343,75,34,ITI,ITI3,11,Marche,Marche,1525271,956658,62.72,0.23
3694,2021-05-07,MAR,12840,5806,7034,3583,9179,78,ITI,ITI3,11,Marche,Marche,1525271,969498,63.56,0.84
3695,2021-02-13,MAR,1093,462,631,988,82,23,ITI,ITI3,11,Marche,Marche,1525271,970591,63.63,0.07
3696,2021-01-27,MAR,2119,780,1339,119,1998,2,ITI,ITI3,11,Marche,Marche,1525271,972710,63.77,0.14
3697,2021-04-20,MAR,10701,4998,5703,9153,1420,128,ITI,ITI3,11,Marche,Marche,1525271,983411,64.47,0.7
3698,2021-01-25,MAR,1596,558,1038,94,1502,0,ITI,ITI3,11,Marche,Marche,1525271,985007,64.58,0.1
3699,2021-04-22,MAR,10796,4931,5865,9082,1578,136,ITI,ITI3,11,Marche,Marche,1525271,995803,65.29,0.71
3700,2021-02-24,MAR,3525,1541,1984,3415,78,32,ITI,ITI3,11,Marche,Marche,1525271,999328,65.52,0.23
3701,2021-06-04,MAR,14334,7289,7045,11589,2438,307,ITI,ITI3,11,Marche,Marche,1525271,1013662,66.46,0.94
3702,2021-04-08,MAR,8685,3803,4882,8215,345,125,ITI,ITI3,11,Marche,Marche,1525271,1022347,67.03,0.57
3703,2021-06-14,MAR,12833,6485,6348,9257,3308,268,ITI,ITI3,11,Marche,Marche,1525271,1035180,67.87,0.84
3704,2021-01-29,MAR,1992,730,1262,162,1825,5,ITI,ITI3,11,Marche,Marche,1525271,1037172,68.0,0.13
3705,2021-05-18,MAR,11064,5259,5805,7478,3409,177,ITI,ITI3,11,Marche,Marche,1525271,1048236,68.72,0.73
3706,2021-05-11,MAR,10622,4832,5790,5490,4943,189,ITI,ITI3,11,Marche,Marche,1525271,1058858,69.42,0.7
3707,2021-03-15,MAR,4406,2029,2377,1291,3094,21,ITI,ITI3,11,Marche,Marche,1525271,1063264,69.71,0.29
3708,2021-06-23,MAR,13866,6804,7062,6613,6998,255,ITI,ITI3,11,Marche,Marche,1525271,1077130,70.62,0.91
3709,2021-03-23,MAR,5790,2530,3260,2227,3528,35,ITI,ITI3,11,Marche,Marche,1525271,1082920,71.0,0.38
3710,2021-02-08,MAR,833,258,575,366,462,5,ITI,ITI3,11,Marche,Marche,1525271,1083753,71.05,0.05
3711,2021-05-19,MAR,11478,5276,6202,8368,2917,193,ITI,ITI3,11,Marche,Marche,1525271,1095231,71.81,0.75
3712,2021-04-17,MAR,11704,5316,6388,10400,1073,231,ITI,ITI3,11,Marche,Marche,1525271,1106935,72.57,0.77
3713,2021-06-13,MAR,10746,5563,5183,9203,1294,249,ITI,ITI3,11,Marche,Marche,1525271,1117681,73.28,0.7
3714,2020-12-27,MAR,204,99,105,202,0,2,ITI,ITI3,11,Marche,Marche,1525271,1117885,73.29,0.01
3715,2021-06-06,MAR,12447,6133,6314,10635,1577,235,ITI,ITI3,11,Marche,Marche,1525271,1130332,74.11,0.82
3716,2021-06-11,MAR,13992,7152,6840,11368,2321,303,ITI,ITI3,11,Marche,Marche,1525271,1144324,75.02,0.92
3717,2021-05-25,MAR,11650,5748,5902,8497,2933,220,ITI,ITI3,11,Marche,Marche,1525271,1155974,75.79,0.76
3718,2021-03-01,MAR,3762,1513,2249,3493,248,21,ITI,ITI3,11,Marche,Marche,1525271,1159736,76.03,0.25
3719,2021-01-08,MAR,1581,592,989,1566,0,15,ITI,ITI3,11,Marche,Marche,1525271,1161317,76.14,0.1
3720,2021-04-18,MAR,8823,4131,4692,7735,921,167,ITI,ITI3,11,Marche,Marche,1525271,1170140,76.72,0.58
3721,2021-01-10,MAR,1745,701,1044,1731,0,14,ITI,ITI3,11,Marche,Marche,1525271,1171885,76.83,0.11
3722,2021-03-27,MAR,7382,3075,4307,4950,2360,72,ITI,ITI3,11,Marche,Marche,1525271,1179267,77.32,0.48
3723,2021-04-10,MAR,10916,4620,6296,10369,313,234,ITI,ITI3,11,Marche,Marche,1525271,1190183,78.03,0.72
3724,2021-01-03,MAR,907,354,553,897,0,10,ITI,ITI3,11,Marche,Marche,1525271,1191090,78.09,0.06
3725,2021-03-08,MAR,6294,2758,3536,5184,1002,108,ITI,ITI3,11,Marche,Marche,1525271,1197384,78.5,0.41
3726,2021-04-03,MAR,7572,3204,4368,6737,667,168,ITI,ITI3,11,Marche,Marche,1525271,1204956,79.0,0.5
3727,2021-06-25,MAR,14309,7154,7155,6422,7600,287,ITI,ITI3,11,Marche,Marche,1525271,1219265,79.94,0.94
3728,2021-03-03,MAR,6695,3072,3623,5715,884,96,ITI,ITI3,11,Marche,Marche,1525271,1225960,80.38,0.44
3729,2021-01-05,MAR,1575,590,985,1556,0,19,ITI,ITI3,11,Marche,Marche,1525271,1227535,80.48,0.1
3730,2021-04-15,MAR,10377,4675,5702,9577,565,235,ITI,ITI3,11,Marche,Marche,1525271,1237912,81.16,0.68
3731,2021-02-17,MAR,1822,696,1126,1637,117,68,ITI,ITI3,11,Marche,Marche,1525271,1239734,81.28,0.12
3732,2021-02-05,MAR,2154,653,1501,438,1715,1,ITI,ITI3,11,Marche,Marche,1525271,1241888,81.42,0.14
3733,2021-05-16,MAR,10898,4957,5941,6551,4228,119,ITI,ITI3,11,Marche,Marche,1525271,1252786,82.14,0.71
3734,2021-05-30,MAR,9732,4690,5042,6547,2989,196,ITI,ITI3,11,Marche,Marche,1525271,1262518,82.77,0.64
3735,2021-04-27,MAR,9558,4376,5182,5479,3986,93,ITI,ITI3,11,Marche,Marche,1525271,1272076,83.4,0.63
3736,2021-01-17,MAR,1616,693,923,1550,60,6,ITI,ITI3,11,Marche,Marche,1525271,1273692,83.51,0.11
3737,2021-02-16,MAR,1287,475,812,1226,30,31,ITI,ITI3,11,Marche,Marche,1525271,1274979,83.59,0.08
3738,2021-02-25,MAR,3551,1458,2093,3312,180,59,ITI,ITI3,11,Marche,Marche,1525271,1278530,83.82,0.23
3739,2021-06-05,MAR,13940,7008,6932,11517,2059,364,ITI,ITI3,11,Marche,Marche,1525271,1292470,84.74,0.91
3740,2021-04-23,MAR,11278,5200,6078,8064,3055,159,ITI,ITI3,11,Marche,Marche,1525271,1303748,85.48,0.74
3741,2021-02-23,MAR,3309,1427,1882,3238,56,15,ITI,ITI3,11,Marche,Marche,1525271,1307057,85.69,0.22
3742,2021-01-15,MAR,1771,500,1271,1754,0,17,ITI,ITI3,11,Marche,Marche,1525271,1308828,85.81,0.12
3743,2021-04-25,MAR,8600,3993,4607,6897,1575,128,ITI,ITI3,11,Marche,Marche,1525271,1317428,86.37,0.56
3744,2021-01-13,MAR,2107,746,1361,2066,0,41,ITI,ITI3,11,Marche,Marche,1525271,1319535,86.51,0.14
3745,2021-05-02,MAR,8900,3937,4963,3082,5739,79,ITI,ITI3,11,Marche,Marche,1525271,1328435,87.1,0.58
3746,2021-06-28,MAR,12305,6002,6303,4611,7459,235,ITI,ITI3,11,Marche,Marche,1525271,1340740,87.9,0.81
3747,2021-03-22,MAR,5654,2376,3278,2482,3129,43,ITI,ITI3,11,Marche,Marche,1525271,1346394,88.27,0.37
3748,2021-01-24,MAR,881,339,542,5,876,0,ITI,ITI3,11,Marche,Marche,1525271,1347275,88.33,0.06
3749,2021-06-30,MAR,13658,6667,6991,4464,8983,211,ITI,ITI3,11,Marche,Marche,1525271,1360933,89.23,0.9
3750,2021-05-04,MAR,10945,4832,6113,4905,5899,141,ITI,ITI3,11,Marche,Marche,1525271,1371878,89.94,0.72
3751,2021-03-20,MAR,4139,1742,2397,1035,3090,14,ITI,ITI3,11,Marche,Marche,1525271,1376017,90.21,0.27
3752,2021-01-22,MAR,488,168,320,192,294,2,ITI,ITI3,11,Marche,Marche,1525271,1376505,90.25,0.03
3753,2021-03-26,PAT,3231,1257,1974,2613,610,8,ITH,ITH2,4,Provincia Autonoma Trento,P.A. Trento,541380,3231,0.6,0.6
3754,2021-06-19,PAT,3098,1696,1402,256,2842,0,ITH,ITH2,4,Provincia Autonoma Trento,P.A. Trento,541380,6329,1.17,0.57
3755,2021-01-23,PAT,577,334,243,388,189,0,ITH,ITH2,4,Provincia Autonoma Trento,P.A. Trento,541380,6906,1.28,0.11
3756,2021-05-03,PAT,4259,2197,2062,4096,154,9,ITH,ITH2,4,Provincia Autonoma Trento,P.A. Trento,541380,11165,2.06,0.79
3757,2021-07-01,PAT,6866,3567,3299,3454,3275,137,ITH,ITH2,4,Provincia Autonoma Trento,P.A. Trento,541380,18031,3.33,1.27
3758,2021-05-05,PAT,4989,2580,2409,4675,297,17,ITH,ITH2,4,Provincia Autonoma Trento,P.A. Trento,541380,23020,4.25,0.92
3759,2021-01-16,PAT,319,148,171,319,0,0,ITH,ITH2,4,Provincia Autonoma Trento,P.A. Trento,541380,23339,4.31,0.06
3760,2021-04-09,PAT,2740,1162,1578,1535,1200,5,ITH,ITH2,4,Provincia Autonoma Trento,P.A. Trento,541380,26079,4.82,0.51
3761,2021-02-11,PAT,1135,365,770,796,339,0,ITH,ITH2,4,Provincia Autonoma Trento,P.A. Trento,541380,27214,5.03,0.21
3762,2021-02-25,PAT,1641,643,998,1199,441,1,ITH,ITH2,4,Provincia Autonoma Trento,P.A. Trento,541380,28855,5.33,0.3
3763,2020-12-30,PAT,7,3,4,7,0,0,ITH,ITH2,4,Provincia Autonoma Trento,P.A. Trento,541380,28862,5.33,0.0
3764,2021-06-05,PAT,4081,1915,2166,750,3331,0,ITH,ITH2,4,Provincia Autonoma Trento,P.A. Trento,541380,32943,6.09,0.75
3765,2021-05-22,PAT,3258,1598,1660,922,2333,3,ITH,ITH2,4,Provincia Autonoma Trento,P.A. Trento,541380,36201,6.69,0.6
3766,2021-02-06,PAT,574,298,276,433,141,0,ITH,ITH2,4,Provincia Autonoma Trento,P.A. Trento,541380,36775,6.79,0.11
3767,2021-02-23,PAT,1112,395,717,898,213,1,ITH,ITH2,4,Provincia Autonoma Trento,P.A. Trento,541380,37887,7.0,0.21
3768,2021-05-17,PAT,4294,2122,2172,3932,351,11,ITH,ITH2,4,Provincia Autonoma Trento,P.A. Trento,541380,42181,7.79,0.79
3769,2021-04-14,PAT,3119,1465,1654,2376,737,6,ITH,ITH2,4,Provincia Autonoma Trento,P.A. Trento,541380,45300,8.37,0.58
3770,2021-03-28,PAT,753,294,459,749,2,2,ITH,ITH2,4,Provincia Autonoma Trento,P.A. Trento,541380,46053,8.51,0.14
3771,2021-04-21,PAT,2910,1359,1551,2855,50,5,ITH,ITH2,4,Provincia Autonoma Trento,P.A. Trento,541380,48963,9.04,0.54
3772,2021-01-28,PAT,530,147,383,48,482,0,ITH,ITH2,4,Provincia Autonoma Trento,P.A. Trento,541380,49493,9.14,0.1
3773,2021-01-11,PAT,732,223,509,732,0,0,ITH,ITH2,4,Provincia Autonoma Trento,P.A. Trento,541380,50225,9.28,0.14
3774,2021-02-16,PAT,666,246,420,658,5,3,ITH,ITH2,4,Provincia Autonoma Trento,P.A. Trento,541380,50891,9.4,0.12
3775,2021-04-23,PAT,3638,1770,1868,3572,54,12,ITH,ITH2,4,Provincia Autonoma Trento,P.A. Trento,541380,54529,10.07,0.67
3776,2021-01-30,PAT,386,132,254,152,234,0,ITH,ITH2,4,Provincia Autonoma Trento,P.A. Trento,541380,54915,10.14,0.07
3777,2021-06-29,PAT,6217,3131,3086,2716,3501,0,ITH,ITH2,4,Provincia Autonoma Trento,P.A. Trento,541380,61132,11.29,1.15
3778,2021-06-12,PAT,5359,2688,2671,472,4887,0,ITH,ITH2,4,Provincia Autonoma Trento,P.A. Trento,541380,66491,12.28,0.99
3779,2021-03-21,PAT,129,69,60,129,0,0,ITH,ITH2,4,Provincia Autonoma Trento,P.A. Trento,541380,66620,12.31,0.02
3780,2021-05-24,PAT,4383,2012,2371,1360,3022,1,ITH,ITH2,4,Provincia Autonoma Trento,P.A. Trento,541380,71003,13.12,0.81
3781,2021-03-02,PAT,1307,440,867,929,376,2,ITH,ITH2,4,Provincia Autonoma Trento,P.A. Trento,541380,72310,13.36,0.24
3782,2021-06-10,PAT,6125,2978,3147,1916,4209,0,ITH,ITH2,4,Provincia Autonoma Trento,P.A. Trento,541380,78435,14.49,1.13
3783,2021-05-31,PAT,4721,2174,2547,1674,3045,2,ITH,ITH2,4,Provincia Autonoma Trento,P.A. Trento,541380,83156,15.36,0.87
3784,2021-03-09,PAT,1585,591,994,936,646,3,ITH,ITH2,4,Provincia Autonoma Trento,P.A. Trento,541380,84741,15.65,0.29
3785,2021-06-17,PAT,6598,3461,3137,2121,4476,1,ITH,ITH2,4,Provincia Autonoma Trento,P.A. Trento,541380,91339,16.87,1.22
3786,2021-03-14,PAT,108,65,43,21,87,0,ITH,ITH2,4,Provincia Autonoma Trento,P.A. Trento,541380,91447,16.89,0.02
3787,2021-04-28,PAT,4251,1977,2274,4104,138,9,ITH,ITH2,4,Provincia Autonoma Trento,P.A. Trento,541380,95698,17.68,0.79
3788,2021-04-01,PAT,2905,1231,1674,1806,1094,5,ITH,ITH2,4,Provincia Autonoma Trento,P.A. Trento,541380,98603,18.21,0.54
3789,2021-03-23,PAT,2448,944,1504,1668,740,40,ITH,ITH2,4,Provincia Autonoma Trento,P.A. Trento,541380,101051,18.67,0.45
3790,2021-02-04,PAT,976,304,672,422,554,0,ITH,ITH2,4,Provincia Autonoma Trento,P.A. Trento,541380,102027,18.85,0.18
3791,2021-04-13,PAT,2556,1059,1497,2046,507,3,ITH,ITH2,4,Provincia Autonoma Trento,P.A. Trento,541380,104583,19.32,0.47
3792,2021-01-20,PAT,292,73,219,280,12,0,ITH,ITH2,4,Provincia Autonoma Trento,P.A. Trento,541380,104875,19.37,0.05
3793,2021-04-30,PAT,4929,2403,2526,4768,151,10,ITH,ITH2,4,Provincia Autonoma Trento,P.A. Trento,541380,109804,20.28,0.91
3794,2021-05-19,PAT,5101,2458,2643,3828,1255,18,ITH,ITH2,4,Provincia Autonoma Trento,P.A. Trento,541380,114905,21.22,0.94
3795,2021-05-29,PAT,2236,1167,1069,838,1397,1,ITH,ITH2,4,Provincia Autonoma Trento,P.A. Trento,541380,117141,21.64,0.41
3796,2021-04-02,PAT,2845,1157,1688,2156,675,14,ITH,ITH2,4,Provincia Autonoma Trento,P.A. Trento,541380,119986,22.16,0.53
3797,2021-04-16,PAT,2866,1360,1506,2714,145,7,ITH,ITH2,4,Provincia Autonoma Trento,P.A. Trento,541380,122852,22.69,0.53
3798,2021-02-18,PAT,1211,429,782,1148,63,0,ITH,ITH2,4,Provincia Autonoma Trento,P.A. Trento,541380,124063,22.92,0.22
3799,2021-05-10,PAT,3212,1646,1566,2701,505,6,ITH,ITH2,4,Provincia Autonoma Trento,P.A. Trento,541380,127275,23.51,0.59
3800,2021-03-18,PAT,2320,957,1363,1237,1080,3,ITH,ITH2,4,Provincia Autonoma Trento,P.A. Trento,541380,129595,23.94,0.43
3801,2021-06-09,PAT,6237,3077,3160,2164,4073,0,ITH,ITH2,4,Provincia Autonoma Trento,P.A. Trento,541380,135832,25.09,1.15
3802,2021-06-26,PAT,1385,721,664,673,712,0,ITH,ITH2,4,Provincia Autonoma Trento,P.A. Trento,541380,137217,25.35,0.26
3803,2021-06-28,PAT,6743,3480,3263,2946,3797,0,ITH,ITH2,4,Provincia Autonoma Trento,P.A. Trento,541380,143960,26.59,1.25
3804,2021-01-04,PAT,872,229,643,870,0,2,ITH,ITH2,4,Provincia Autonoma Trento,P.A. Trento,541380,144832,26.75,0.16
3805,2021-01-18,PAT,644,154,490,589,55,0,ITH,ITH2,4,Provincia Autonoma Trento,P.A. Trento,541380,145476,26.87,0.12
3806,2021-03-07,PAT,22,6,16,22,0,0,ITH,ITH2,4,Provincia Autonoma Trento,P.A. Trento,541380,145498,26.88,0.0
3807,2021-01-09,PAT,190,40,150,190,0,0,ITH,ITH2,4,Provincia Autonoma Trento,P.A. Trento,541380,145688,26.91,0.04
3808,2021-06-24,PAT,5914,3099,2815,3732,2182,0,ITH,ITH2,4,Provincia Autonoma Trento,P.A. Trento,541380,151602,28.0,1.09
3809,2021-05-12,PAT,3303,1492,1811,2107,1187,9,ITH,ITH2,4,Provincia Autonoma Trento,P.A. Trento,541380,154905,28.61,0.61
3810,2021-03-16,PAT,1391,506,885,598,783,10,ITH,ITH2,4,Provincia Autonoma Trento,P.A. Trento,541380,156296,28.87,0.26
3811,2021-05-14,PAT,5320,2543,2777,3918,1386,16,ITH,ITH2,4,Provincia Autonoma Trento,P.A. Trento,541380,161616,29.85,0.98
3812,2021-02-08,PAT,1153,319,834,342,811,0,ITH,ITH2,4,Provincia Autonoma Trento,P.A. Trento,541380,162769,30.07,0.21
3813,2021-03-04,PAT,2362,794,1568,1580,779,3,ITH,ITH2,4,Provincia Autonoma Trento,P.A. Trento,541380,165131,30.5,0.44
3814,2021-02-20,PAT,407,245,162,123,284,0,ITH,ITH2,4,Provincia Autonoma Trento,P.A. Trento,541380,165538,30.58,0.08
3815,2021-01-08,PAT,1451,314,1137,1451,0,0,ITH,ITH2,4,Provincia Autonoma Trento,P.A. Trento,541380,166989,30.85,0.27
3816,2021-06-14,PAT,5741,2968,2773,2117,3624,0,ITH,ITH2,4,Provincia Autonoma Trento,P.A. Trento,541380,172730,31.91,1.06
3817,2021-04-18,PAT,1855,845,1010,1845,9,1,ITH,ITH2,4,Provincia Autonoma Trento,P.A. Trento,541380,174585,32.25,0.34
3818,2021-05-28,PAT,3720,1736,1984,1492,2227,1,ITH,ITH2,4,Provincia Autonoma Trento,P.A. Trento,541380,178305,32.94,0.69
3819,2021-01-25,PAT,818,215,603,24,794,0,ITH,ITH2,4,Provincia Autonoma Trento,P.A. Trento,541380,179123,33.09,0.15
3820,2021-03-25,PAT,2875,1105,1770,1822,1049,4,ITH,ITH2,4,Provincia Autonoma Trento,P.A. Trento,541380,181998,33.62,0.53
3821,2021-07-03,PAT,1254,669,585,81,1168,5,ITH,ITH2,4,Provincia Autonoma Trento,P.A. Trento,541380,183252,33.85,0.23
3822,2021-03-30,PAT,2388,973,1415,1742,637,9,ITH,ITH2,4,Provincia Autonoma Trento,P.A. Trento,541380,185640,34.29,0.44
3823,2021-01-06,PAT,42,13,29,42,0,0,ITH,ITH2,4,Provincia Autonoma Trento,P.A. Trento,541380,185682,34.3,0.01
3824,2021-06-16,PAT,6210,3345,2865,2046,4163,1,ITH,ITH2,4,Provincia Autonoma Trento,P.A. Trento,541380,191892,35.44,1.15
3825,2021-04-06,PAT,2261,950,1311,1494,765,2,ITH,ITH2,4,Provincia Autonoma Trento,P.A. Trento,541380,194153,35.86,0.42
3826,2021-01-13,PAT,421,123,298,421,0,0,ITH,ITH2,4,Provincia Autonoma Trento,P.A. Trento,541380,194574,35.94,0.08
3827,2021-05-02,PAT,3514,1955,1559,3470,37,7,ITH,ITH2,4,Provincia Autonoma Trento,P.A. Trento,541380,198088,36.59,0.65
3828,2021-03-13,PAT,835,384,451,781,48,6,ITH,ITH2,4,Provincia Autonoma Trento,P.A. Trento,541380,198923,36.74,0.15
3829,2021-07-05,PAT,3632,1852,1780,2629,814,189,ITH,ITH2,4,Provincia Autonoma Trento,P.A. Trento,541380,202555,37.41,0.67
3830,2021-06-21,PAT,6131,3309,2822,3733,2398,0,ITH,ITH2,4,Provincia Autonoma Trento,P.A. Trento,541380,208686,38.55,1.13
3831,2021-04-29,PAT,4642,2241,2401,4415,208,19,ITH,ITH2,4,Provincia Autonoma Trento,P.A. Trento,541380,213328,39.4,0.86
3832,2021-01-22,PAT,1673,435,1238,330,1342,1,ITH,ITH2,4,Provincia Autonoma Trento,P.A. Trento,541380,215001,39.71,0.31
3833,2021-02-05,PAT,805,272,533,283,522,0,ITH,ITH2,4,Provincia Autonoma Trento,P.A. Trento,541380,215806,39.86,0.15
3834,2021-05-16,PAT,1331,736,595,1090,239,2,ITH,ITH2,4,Provincia Autonoma Trento,P.A. Trento,541380,217137,40.11,0.25
3835,2021-01-05,PAT,711,233,478,711,0,0,ITH,ITH2,4,Provincia Autonoma Trento,P.A. Trento,541380,217848,40.24,0.13
3836,2021-04-15,PAT,3202,1443,1759,3030,154,18,ITH,ITH2,4,Provincia Autonoma Trento,P.A. Trento,541380,221050,40.83,0.59
3837,2021-01-27,PAT,810,280,530,92,716,2,ITH,ITH2,4,Provincia Autonoma Trento,P.A. Trento,541380,221860,40.98,0.15
3838,2021-02-13,PAT,537,333,204,172,365,0,ITH,ITH2,4,Provincia Autonoma Trento,P.A. Trento,541380,222397,41.08,0.1
3839,2021-05-07,PAT,5997,3085,2912,5138,841,18,ITH,ITH2,4,Provincia Autonoma Trento,P.A. Trento,541380,228394,42.19,1.11
3840,2021-04-20,PAT,2879,1377,1502,2832,36,11,ITH,ITH2,4,Provincia Autonoma Trento,P.A. Trento,541380,231273,42.72,0.53
3841,2021-05-09,PAT,2324,1210,1114,1976,344,4,ITH,ITH2,4,Provincia Autonoma Trento,P.A. Trento,541380,233597,43.15,0.43
3842,2021-02-15,PAT,534,188,346,420,114,0,ITH,ITH2,4,Provincia Autonoma Trento,P.A. Trento,541380,234131,43.25,0.1
3843,2021-05-26,PAT,3917,1843,2074,1223,2692,2,ITH,ITH2,4,Provincia Autonoma Trento,P.A. Trento,541380,238048,43.97,0.72
3844,2021-06-02,PAT,2838,1359,1479,944,1894,0,ITH,ITH2,4,Provincia Autonoma Trento,P.A. Trento,541380,240886,44.49,0.52
3845,2021-03-11,PAT,2299,852,1447,1469,825,5,ITH,ITH2,4,Provincia Autonoma Trento,P.A. Trento,541380,243185,44.92,0.42
3846,2021-03-06,PAT,786,277,509,632,151,3,ITH,ITH2,4,Provincia Autonoma Trento,P.A. Trento,541380,243971,45.06,0.15
3847,2021-04-11,PAT,2340,1135,1205,2244,91,5,ITH,ITH2,4,Provincia Autonoma Trento,P.A. Trento,541380,246311,45.5,0.43
3848,2021-02-27,PAT,1030,457,573,606,421,3,ITH,ITH2,4,Provincia Autonoma Trento,P.A. Trento,541380,247341,45.69,0.19
3849,2021-01-01,PAT,214,50,164,214,0,0,ITH,ITH2,4,Provincia Autonoma Trento,P.A. Trento,541380,247555,45.73,0.04
3850,2021-06-07,PAT,5789,2880,2909,2806,2983,0,ITH,ITH2,4,Provincia Autonoma Trento,P.A. Trento,541380,253344,46.8,1.07
3851,2021-04-25,PAT,1971,940,1031,1959,7,5,ITH,ITH2,4,Provincia Autonoma Trento,P.A. Trento,541380,255315,47.16,0.36
3852,2021-06-25,PAT,7469,4000,3469,4109,3360,0,ITH,ITH2,4,Provincia Autonoma Trento,P.A. Trento,541380,262784,48.54,1.38
3853,2021-07-02,PAT,7087,3862,3225,3425,3493,169,ITH,ITH2,4,Provincia Autonoma Trento,P.A. Trento,541380,269871,49.85,1.31
3854,2021-01-15,PAT,597,132,465,597,0,0,ITH,ITH2,4,Provincia Autonoma Trento,P.A. Trento,541380,270468,49.96,0.11
3855,2021-06-06,PAT,2229,1061,1168,445,1784,0,ITH,ITH2,4,Provincia Autonoma Trento,P.A. Trento,541380,272697,50.37,0.41
3856,2021-02-17,PAT,1113,425,688,1022,91,0,ITH,ITH2,4,Provincia Autonoma Trento,P.A. Trento,541380,273810,50.58,0.21
3857,2021-05-30,PAT,1770,872,898,930,840,0,ITH,ITH2,4,Provincia Autonoma Trento,P.A. Trento,541380,275580,50.9,0.33
3858,2021-04-03,PAT,1141,471,670,970,169,2,ITH,ITH2,4,Provincia Autonoma Trento,P.A. Trento,541380,276721,51.11,0.21
3859,2021-06-18,PAT,6925,3687,3238,1816,5109,0,ITH,ITH2,4,Provincia Autonoma Trento,P.A. Trento,541380,283646,52.39,1.28
3860,2021-03-27,PAT,1620,710,910,1358,257,5,ITH,ITH2,4,Provincia Autonoma Trento,P.A. Trento,541380,285266,52.69,0.3
3861,2021-06-04,PAT,5825,2605,3220,1832,3992,1,ITH,ITH2,4,Provincia Autonoma Trento,P.A. Trento,541380,291091,53.77,1.08
3862,2021-02-24,PAT,1325,525,800,922,399,4,ITH,ITH2,4,Provincia Autonoma Trento,P.A. Trento,541380,292416,54.01,0.24
3863,2021-06-03,PAT,4766,2235,2531,1301,3465,0,ITH,ITH2,4,Provincia Autonoma Trento,P.A. Trento,541380,297182,54.89,0.88
3864,2021-01-19,PAT,407,77,330,407,0,0,ITH,ITH2,4,Provincia Autonoma Trento,P.A. Trento,541380,297589,54.97,0.08
3865,2021-03-10,PAT,2405,929,1476,1476,922,7,ITH,ITH2,4,Provincia Autonoma Trento,P.A. Trento,541380,299994,55.41,0.44
3866,2021-03-15,PAT,1411,545,866,943,464,4,ITH,ITH2,4,Provincia Autonoma Trento,P.A. Trento,541380,301405,55.67,0.26
3867,2021-01-17,PAT,251,195,56,251,0,0,ITH,ITH2,4,Provincia Autonoma Trento,P.A. Trento,541380,301656,55.72,0.05
3868,2021-06-23,PAT,6511,3450,3061,4641,1870,0,ITH,ITH2,4,Provincia Autonoma Trento,P.A. Trento,541380,308167,56.92,1.2
3869,2021-05-11,PAT,3700,1750,1950,2843,850,7,ITH,ITH2,4,Provincia Autonoma Trento,P.A. Trento,541380,311867,57.61,0.68
3870,2021-04-27,PAT,3914,1881,2033,3832,69,13,ITH,ITH2,4,Provincia Autonoma Trento,P.A. Trento,541380,315781,58.33,0.72
3871,2021-05-04,PAT,4511,2448,2063,4403,94,14,ITH,ITH2,4,Provincia Autonoma Trento,P.A. Trento,541380,320292,59.16,0.83
3872,2021-03-08,PAT,1411,434,977,1055,354,2,ITH,ITH2,4,Provincia Autonoma Trento,P.A. Trento,541380,321703,59.42,0.26
3873,2021-03-22,PAT,2306,973,1333,1428,875,3,ITH,ITH2,4,Provincia Autonoma Trento,P.A. Trento,541380,324009,59.85,0.43
3874,2021-02-12,PAT,1013,341,672,590,423,0,ITH,ITH2,4,Provincia Autonoma Trento,P.A. Trento,541380,325022,60.04,0.19
3875,2021-03-01,PAT,1237,454,783,941,295,1,ITH,ITH2,4,Provincia Autonoma Trento,P.A. Trento,541380,326259,60.26,0.23
3876,2021-03-20,PAT,874,403,471,671,203,0,ITH,ITH2,4,Provincia Autonoma Trento,P.A. Trento,541380,327133,60.43,0.16
3877,2021-03-03,PAT,1659,622,1037,1134,518,7,ITH,ITH2,4,Provincia Autonoma Trento,P.A. Trento,541380,328792,60.73,0.31
3878,2021-06-11,PAT,7194,3424,3770,1574,5620,0,ITH,ITH2,4,Provincia Autonoma Trento,P.A. Trento,541380,335986,62.06,1.33
3879,2021-06-13,PAT,3686,2033,1653,295,3391,0,ITH,ITH2,4,Provincia Autonoma Trento,P.A. Trento,541380,339672,62.74,0.68
3880,2020-12-27,PAT,103,40,63,103,0,0,ITH,ITH2,4,Provincia Autonoma Trento,P.A. Trento,541380,339775,62.76,0.02
3881,2021-05-25,PAT,4770,2269,2501,1868,2902,0,ITH,ITH2,4,Provincia Autonoma Trento,P.A. Trento,541380,344545,63.64,0.88
3882,2021-01-03,PAT,493,160,333,493,0,0,ITH,ITH2,4,Provincia Autonoma Trento,P.A. Trento,541380,345038,63.73,0.09
3883,2021-02-22,PAT,746,259,487,661,84,1,ITH,ITH2,4,Provincia Autonoma Trento,P.A. Trento,541380,345784,63.87,0.14
3884,2021-05-18,PAT,4253,2010,2243,3395,846,12,ITH,ITH2,4,Provincia Autonoma Trento,P.A. Trento,541380,350037,64.66,0.79
3885,2021-01-10,PAT,85,20,65,85,0,0,ITH,ITH2,4,Provincia Autonoma Trento,P.A. Trento,541380,350122,64.67,0.02
3886,2021-05-20,PAT,5014,2358,2656,3365,1635,14,ITH,ITH2,4,Provincia Autonoma Trento,P.A. Trento,541380,355136,65.6,0.93
3887,2021-03-24,PAT,2377,940,1437,1553,820,4,ITH,ITH2,4,Provincia Autonoma Trento,P.A. Trento,541380,357513,66.04,0.44
3888,2021-02-09,PAT,918,287,631,443,475,0,ITH,ITH2,4,Provincia Autonoma Trento,P.A. Trento,541380,358431,66.21,0.17
3889,2021-03-17,PAT,2071,792,1279,1191,871,9,ITH,ITH2,4,Provincia Autonoma Trento,P.A. Trento,541380,360502,66.59,0.38
3890,2021-04-24,PAT,3547,1701,1846,3526,14,7,ITH,ITH2,4,Provincia Autonoma Trento,P.A. Trento,541380,364049,67.24,0.66
3891,2021-02-26,PAT,1218,435,783,922,295,1,ITH,ITH2,4,Provincia Autonoma Trento,P.A. Trento,541380,365267,67.47,0.22
3892,2021-01-14,PAT,701,203,498,699,0,2,ITH,ITH2,4,Provincia Autonoma Trento,P.A. Trento,541380,365968,67.6,0.13
3893,2021-02-28,PAT,242,121,121,242,0,0,ITH,ITH2,4,Provincia Autonoma Trento,P.A. Trento,541380,366210,67.64,0.04
3894,2021-06-08,PAT,5919,2863,3056,1870,4049,0,ITH,ITH2,4,Provincia Autonoma Trento,P.A. Trento,541380,372129,68.74,1.09
3895,2021-04-26,PAT,2655,1252,1403,2553,95,7,ITH,ITH2,4,Provincia Autonoma Trento,P.A. Trento,541380,374784,69.23,0.49
3896,2021-02-19,PAT,929,359,570,868,59,2,ITH,ITH2,4,Provincia Autonoma Trento,P.A. Trento,541380,375713,69.4,0.17
3897,2021-01-24,PAT,548,276,272,224,324,0,ITH,ITH2,4,Provincia Autonoma Trento,P.A. Trento,541380,376261,69.5,0.1
3898,2021-06-30,PAT,6657,3423,3234,2629,3998,30,ITH,ITH2,4,Provincia Autonoma Trento,P.A. Trento,541380,382918,70.73,1.23
3899,2021-01-31,PAT,76,16,60,1,75,0,ITH,ITH2,4,Provincia Autonoma Trento,P.A. Trento,541380,382994,70.74,0.01
3900,2021-07-04,PAT,211,119,92,63,148,0,ITH,ITH2,4,Provincia Autonoma Trento,P.A. Trento,541380,383205,70.78,0.04
3901,2021-05-08,PAT,3162,1726,1436,2735,422,5,ITH,ITH2,4,Provincia Autonoma Trento,P.A. Trento,541380,386367,71.37,0.58
3902,2021-02-14,PAT,246,186,60,11,235,0,ITH,ITH2,4,Provincia Autonoma Trento,P.A. Trento,541380,386613,71.41,0.05
3903,2021-05-27,PAT,4293,1991,2302,1250,3041,2,ITH,ITH2,4,Provincia Autonoma Trento,P.A. Trento,541380,390906,72.21,0.79
3904,2021-01-29,PAT,1358,334,1024,55,1303,0,ITH,ITH2,4,Provincia Autonoma Trento,P.A. Trento,541380,392264,72.46,0.25
3905,2021-04-22,PAT,3152,1470,1682,3099,45,8,ITH,ITH2,4,Provincia Autonoma Trento,P.A. Trento,541380,395416,73.04,0.58
3906,2021-04-07,PAT,2622,1017,1605,1664,942,16,ITH,ITH2,4,Provincia Autonoma Trento,P.A. Trento,541380,398038,73.52,0.48
3907,2021-03-12,PAT,2518,940,1578,1707,806,5,ITH,ITH2,4,Provincia Autonoma Trento,P.A. Trento,541380,400556,73.99,0.47
3908,2021-06-20,PAT,1869,1034,835,32,1837,0,ITH,ITH2,4,Provincia Autonoma Trento,P.A. Trento,541380,402425,74.33,0.35
3909,2021-01-02,PAT,502,143,359,502,0,0,ITH,ITH2,4,Provincia Autonoma Trento,P.A. Trento,541380,402927,74.43,0.09
3910,2021-03-29,PAT,2494,967,1527,1752,735,7,ITH,ITH2,4,Provincia Autonoma Trento,P.A. Trento,541380,405421,74.89,0.46
3911,2021-04-12,PAT,3084,1407,1677,2585,496,3,ITH,ITH2,4,Provincia Autonoma Trento,P.A. Trento,541380,408505,75.46,0.57
3912,2021-06-27,PAT,1282,685,597,342,940,0,ITH,ITH2,4,Provincia Autonoma Trento,P.A. Trento,541380,409787,75.69,0.24
3913,2021-01-12,PAT,507,158,349,506,0,1,ITH,ITH2,4,Provincia Autonoma Trento,P.A. Trento,541380,410294,75.79,0.09
3914,2021-03-19,PAT,2423,915,1508,1563,852,8,ITH,ITH2,4,Provincia Autonoma Trento,P.A. Trento,541380,412717,76.23,0.45
3915,2021-04-05,PAT,35,17,18,33,2,0,ITH,ITH2,4,Provincia Autonoma Trento,P.A. Trento,541380,412752,76.24,0.01
3916,2021-02-02,PAT,910,240,670,191,719,0,ITH,ITH2,4,Provincia Autonoma Trento,P.A. Trento,541380,413662,76.41,0.17
3917,2021-05-13,PAT,3407,1580,1827,2297,1102,8,ITH,ITH2,4,Provincia Autonoma Trento,P.A. Trento,541380,417069,77.04,0.63
3918,2021-03-31,PAT,2585,983,1602,1723,858,4,ITH,ITH2,4,Provincia Autonoma Trento,P.A. Trento,541380,419654,77.52,0.48
3919,2021-01-26,PAT,543,154,389,27,516,0,ITH,ITH2,4,Provincia Autonoma Trento,P.A. Trento,541380,420197,77.62,0.1
3920,2021-05-06,PAT,5532,2740,2792,4740,781,11,ITH,ITH2,4,Provincia Autonoma Trento,P.A. Trento,541380,425729,78.64,1.02
3921,2021-01-21,PAT,353,95,258,229,124,0,ITH,ITH2,4,Provincia Autonoma Trento,P.A. Trento,541380,426082,78.7,0.07
3922,2021-05-01,PAT,4851,2470,2381,4807,36,8,ITH,ITH2,4,Provincia Autonoma Trento,P.A. Trento,541380,430933,79.6,0.9
3923,2021-02-21,PAT,155,92,63,43,112,0,ITH,ITH2,4,Provincia Autonoma Trento,P.A. Trento,541380,431088,79.63,0.03
3924,2021-05-15,PAT,1568,815,753,675,889,4,ITH,ITH2,4,Provincia Autonoma Trento,P.A. Trento,541380,432656,79.92,0.29
3925,2021-06-01,PAT,4012,1875,2137,1156,2855,1,ITH,ITH2,4,Provincia Autonoma Trento,P.A. Trento,541380,436668,80.66,0.74
3926,2021-05-21,PAT,5054,2421,2633,3331,1711,12,ITH,ITH2,4,Provincia Autonoma Trento,P.A. Trento,541380,441722,81.59,0.93
3927,2021-02-01,PAT,1224,338,886,92,1132,0,ITH,ITH2,4,Provincia Autonoma Trento,P.A. Trento,541380,442946,81.82,0.23
3928,2021-02-03,PAT,847,315,532,414,433,0,ITH,ITH2,4,Provincia Autonoma Trento,P.A. Trento,541380,443793,81.97,0.16
3929,2021-05-23,PAT,1956,994,962,448,1508,0,ITH,ITH2,4,Provincia Autonoma Trento,P.A. Trento,541380,445749,82.34,0.36
3930,2021-04-10,PAT,2823,1321,1502,2025,795,3,ITH,ITH2,4,Provincia Autonoma Trento,P.A. Trento,541380,448572,82.86,0.52
3931,2021-02-10,PAT,853,291,562,511,342,0,ITH,ITH2,4,Provincia Autonoma Trento,P.A. Trento,541380,449425,83.01,0.16
3932,2021-04-08,PAT,3139,1316,1823,2008,1119,12,ITH,ITH2,4,Provincia Autonoma Trento,P.A. Trento,541380,452564,83.59,0.58
3933,2020-12-31,PAT,1626,449,1177,1626,0,0,ITH,ITH2,4,Provincia Autonoma Trento,P.A. Trento,541380,454190,83.89,0.3
3934,2021-06-22,PAT,6183,3376,2807,3649,2534,0,ITH,ITH2,4,Provincia Autonoma Trento,P.A. Trento,541380,460373,85.04,1.14
3935,2021-03-05,PAT,2248,704,1544,1655,566,27,ITH,ITH2,4,Provincia Autonoma Trento,P.A. Trento,541380,462621,85.45,0.42
3936,2021-01-07,PAT,1272,310,962,1269,0,3,ITH,ITH2,4,Provincia Autonoma Trento,P.A. Trento,541380,463893,85.69,0.23
3937,2021-04-17,PAT,2232,1139,1093,2168,57,7,ITH,ITH2,4,Provincia Autonoma Trento,P.A. Trento,541380,466125,86.1,0.41
3938,2021-04-19,PAT,2625,1235,1390,2591,22,12,ITH,ITH2,4,Provincia Autonoma Trento,P.A. Trento,541380,468750,86.58,0.48
3939,2021-06-15,PAT,6238,3281,2957,1723,4515,0,ITH,ITH2,4,Provincia Autonoma Trento,P.A. Trento,541380,474988,87.74,1.15
