,data,area,Vaccinazioni giornaliere,sesso_maschile,sesso_femminile,Operatori sanitari - sociosanitari,Personale non sanitario,Ospiti RSA,categoria_over80,prima_dose,seconda_dose,codice_NUTS1,codice_NUTS2,codice_regione_ISTAT,nome_area,Regione,popolazione,Totale vaccinazioni,Totale vaccinazioni ogni cento ab,Vaccinazioni giornaliere ogni cento ab
0,2021-02-16,LOM,2844,998,1846,2023,642,177,2,2727,117,ITC,ITC4,3,Lombardia,Lombardia,10060574,2844,0.03,0.03
1,2021-02-04,LOM,26358,7736,18622,14951,5911,5304,192,1788,24570,ITC,ITC4,3,Lombardia,Lombardia,10060574,29202,0.29,0.26
2,2021-01-16,LOM,15248,5686,9562,8144,5655,1270,179,15248,0,ITC,ITC4,3,Lombardia,Lombardia,10060574,44450,0.44,0.15
3,2020-12-28,LOM,103,44,59,102,1,0,0,103,0,ITC,ITC4,3,Lombardia,Lombardia,10060574,44553,0.44,0.0
4,2021-01-28,LOM,11833,3599,8234,8773,2286,744,30,662,11171,ITC,ITC4,3,Lombardia,Lombardia,10060574,56386,0.56,0.12
5,2021-01-09,LOM,12375,4558,7817,8133,4040,192,10,12375,0,ITC,ITC4,3,Lombardia,Lombardia,10060574,68761,0.68,0.12
6,2021-01-04,LOM,5975,2058,3917,4597,1197,166,15,5975,0,ITC,ITC4,3,Lombardia,Lombardia,10060574,74736,0.74,0.06
7,2021-02-11,LOM,15448,4659,10789,8679,3485,3254,30,8755,6693,ITC,ITC4,3,Lombardia,Lombardia,10060574,90184,0.9,0.15
8,2021-01-30,LOM,12067,4451,7616,9661,2239,159,8,191,11876,ITC,ITC4,3,Lombardia,Lombardia,10060574,102251,1.02,0.12
9,2021-01-11,LOM,15967,5309,10658,10160,5163,544,100,15967,0,ITC,ITC4,3,Lombardia,Lombardia,10060574,118218,1.18,0.16
10,2021-01-23,LOM,1095,351,744,481,578,36,0,897,198,ITC,ITC4,3,Lombardia,Lombardia,10060574,119313,1.19,0.01
11,2021-02-13,LOM,6077,2355,3722,3790,1725,546,16,4818,1259,ITC,ITC4,3,Lombardia,Lombardia,10060574,125390,1.25,0.06
12,2021-01-18,LOM,8917,2909,6008,4076,3283,1442,116,7935,982,ITC,ITC4,3,Lombardia,Lombardia,10060574,134307,1.33,0.09
13,2020-12-30,LOM,113,42,71,105,8,0,0,113,0,ITC,ITC4,3,Lombardia,Lombardia,10060574,134420,1.34,0.0
14,2021-01-13,LOM,25349,7809,17540,11841,9659,3542,307,25349,0,ITC,ITC4,3,Lombardia,Lombardia,10060574,159769,1.59,0.25
15,2021-02-06,LOM,14541,5350,9191,9216,3480,1775,70,878,13663,ITC,ITC4,3,Lombardia,Lombardia,10060574,174310,1.73,0.14
16,2021-01-25,LOM,6877,2321,4556,5399,1288,180,10,475,6402,ITC,ITC4,3,Lombardia,Lombardia,10060574,181187,1.8,0.07
17,2021-02-01,LOM,15696,5191,10505,11319,3443,891,43,312,15384,ITC,ITC4,3,Lombardia,Lombardia,10060574,196883,1.96,0.16
18,2021-01-06,LOM,7042,2486,4556,5262,1742,35,3,7042,0,ITC,ITC4,3,Lombardia,Lombardia,10060574,203925,2.03,0.07
19,2021-01-27,LOM,7959,2655,5304,6053,1702,202,2,815,7144,ITC,ITC4,3,Lombardia,Lombardia,10060574,211884,2.11,0.08
20,2021-01-01,LOM,24,7,17,21,3,0,0,24,0,ITC,ITC4,3,Lombardia,Lombardia,10060574,211908,2.11,0.0
21,2021-02-08,LOM,9360,2757,6603,5091,2173,2043,53,1976,7384,ITC,ITC4,3,Lombardia,Lombardia,10060574,221268,2.2,0.09
22,2021-01-08,LOM,12587,3893,8694,8633,3704,218,32,12587,0,ITC,ITC4,3,Lombardia,Lombardia,10060574,233855,2.32,0.13
23,2021-02-15,LOM,8106,2893,5213,5499,1866,737,4,7690,416,ITC,ITC4,3,Lombardia,Lombardia,10060574,241961,2.41,0.08
24,2021-01-20,LOM,5327,1315,4012,1939,2171,1127,90,5213,114,ITC,ITC4,3,Lombardia,Lombardia,10060574,247288,2.46,0.05
25,2021-02-10,LOM,13137,4219,8918,7823,2566,2655,93,7084,6053,ITC,ITC4,3,Lombardia,Lombardia,10060574,260425,2.59,0.13
26,2021-01-15,LOM,24327,7160,17167,10187,9913,3822,405,24327,0,ITC,ITC4,3,Lombardia,Lombardia,10060574,284752,2.83,0.24
27,2021-01-22,LOM,2806,794,2012,1007,1660,133,6,2754,52,ITC,ITC4,3,Lombardia,Lombardia,10060574,287558,2.86,0.03
28,2020-12-27,LOM,702,407,295,551,137,13,1,702,0,ITC,ITC4,3,Lombardia,Lombardia,10060574,288260,2.87,0.01
29,2021-01-10,LOM,10510,3955,6555,6864,3621,8,17,10510,0,ITC,ITC4,3,Lombardia,Lombardia,10060574,298770,2.97,0.1
30,2021-02-03,LOM,24580,7654,16926,14843,5781,3817,139,888,23692,ITC,ITC4,3,Lombardia,Lombardia,10060574,323350,3.21,0.24
31,2021-01-29,LOM,13224,4063,9161,10286,2373,556,9,592,12632,ITC,ITC4,3,Lombardia,Lombardia,10060574,336574,3.35,0.13
32,2021-01-03,LOM,852,316,536,710,137,4,1,852,0,ITC,ITC4,3,Lombardia,Lombardia,10060574,337426,3.35,0.01
33,2021-01-24,LOM,1184,453,731,798,361,24,1,522,662,ITC,ITC4,3,Lombardia,Lombardia,10060574,338610,3.37,0.01
34,2020-12-29,LOM,100,43,57,100,0,0,0,100,0,ITC,ITC4,3,Lombardia,Lombardia,10060574,338710,3.37,0.0
35,2021-02-05,LOM,24121,7031,17090,13517,6321,4027,256,2020,22101,ITC,ITC4,3,Lombardia,Lombardia,10060574,362831,3.61,0.24
36,2021-01-17,LOM,8042,3258,4784,5099,2776,122,45,7844,198,ITC,ITC4,3,Lombardia,Lombardia,10060574,370873,3.69,0.08
37,2021-01-05,LOM,7671,2513,5158,5710,1786,167,8,7671,0,ITC,ITC4,3,Lombardia,Lombardia,10060574,378544,3.76,0.08
38,2021-02-12,LOM,12342,3940,8402,7024,2993,2290,35,8311,4031,ITC,ITC4,3,Lombardia,Lombardia,10060574,390886,3.89,0.12
39,2021-02-07,LOM,7040,2748,4292,5018,1772,233,17,339,6701,ITC,ITC4,3,Lombardia,Lombardia,10060574,397926,3.96,0.07
40,2021-01-19,LOM,7835,2282,5553,3034,2920,1768,113,7359,476,ITC,ITC4,3,Lombardia,Lombardia,10060574,405761,4.03,0.08
41,2021-01-31,LOM,9508,3641,5867,7273,2141,87,7,32,9476,ITC,ITC4,3,Lombardia,Lombardia,10060574,415269,4.13,0.09
42,2021-01-12,LOM,19594,6528,13066,10886,7203,1347,158,19594,0,ITC,ITC4,3,Lombardia,Lombardia,10060574,434863,4.32,0.19
43,2020-12-31,LOM,713,300,413,656,57,0,0,713,0,ITC,ITC4,3,Lombardia,Lombardia,10060574,435576,4.33,0.01
44,2021-01-07,LOM,11555,3593,7962,8085,2804,594,72,11555,0,ITC,ITC4,3,Lombardia,Lombardia,10060574,447131,4.44,0.11
45,2021-01-21,LOM,5180,1528,3652,1810,3180,188,2,4494,686,ITC,ITC4,3,Lombardia,Lombardia,10060574,452311,4.5,0.05
46,2021-01-02,LOM,199,72,127,177,22,0,0,199,0,ITC,ITC4,3,Lombardia,Lombardia,10060574,452510,4.5,0.0
47,2021-02-02,LOM,19355,6420,12935,13096,4571,1610,78,478,18877,ITC,ITC4,3,Lombardia,Lombardia,10060574,471865,4.69,0.19
48,2021-01-14,LOM,25958,7592,18366,11319,9519,4661,459,25958,0,ITC,ITC4,3,Lombardia,Lombardia,10060574,497823,4.95,0.26
49,2021-02-14,LOM,3499,1514,1985,2600,875,24,0,2936,563,ITC,ITC4,3,Lombardia,Lombardia,10060574,501322,4.98,0.03
50,2021-01-26,LOM,8293,2691,5602,6545,1538,203,7,321,7972,ITC,ITC4,3,Lombardia,Lombardia,10060574,509615,5.07,0.08
51,2021-02-09,LOM,11487,3163,8324,5429,2257,3726,75,3680,7807,ITC,ITC4,3,Lombardia,Lombardia,10060574,521102,5.18,0.11
52,2021-01-12,PUG,4199,1762,2437,3624,356,218,1,4199,0,ITF,ITF4,16,Puglia,Puglia,4029053,4199,0.1,0.1
53,2021-02-07,PUG,1288,583,705,910,217,161,0,244,1044,ITF,ITF4,16,Puglia,Puglia,4029053,5487,0.14,0.03
54,2020-12-31,PUG,1635,783,852,1547,44,44,0,1635,0,ITF,ITF4,16,Puglia,Puglia,4029053,7122,0.18,0.04
55,2021-01-31,PUG,1799,821,978,1493,106,198,2,67,1732,ITF,ITF4,16,Puglia,Puglia,4029053,8921,0.22,0.04
56,2021-01-19,PUG,1221,451,770,526,117,578,0,1211,10,ITF,ITF4,16,Puglia,Puglia,4029053,10142,0.25,0.03
57,2021-01-21,PUG,2123,900,1223,1424,173,526,0,1270,853,ITF,ITF4,16,Puglia,Puglia,4029053,12265,0.3,0.05
58,2021-02-09,PUG,3722,1530,2192,2459,649,614,0,2099,1623,ITF,ITF4,16,Puglia,Puglia,4029053,15987,0.4,0.09
59,2021-01-26,PUG,5352,2396,2956,4841,281,230,0,568,4784,ITF,ITF4,16,Puglia,Puglia,4029053,21339,0.53,0.13
60,2021-01-02,PUG,2943,1295,1648,2806,114,23,0,2943,0,ITF,ITF4,16,Puglia,Puglia,4029053,24282,0.6,0.07
61,2021-02-14,PUG,745,334,411,650,33,62,0,630,115,ITF,ITF4,16,Puglia,Puglia,4029053,25027,0.62,0.02
62,2021-01-14,PUG,4052,1580,2472,3154,402,496,0,4052,0,ITF,ITF4,16,Puglia,Puglia,4029053,29079,0.72,0.1
63,2021-01-07,PUG,5706,2449,3257,5149,342,215,0,5706,0,ITF,ITF4,16,Puglia,Puglia,4029053,34785,0.86,0.14
64,2021-02-02,PUG,4264,1801,2463,3566,382,316,0,580,3684,ITF,ITF4,16,Puglia,Puglia,4029053,39049,0.97,0.11
65,2021-02-04,PUG,5730,2292,3438,4355,768,607,0,1129,4601,ITF,ITF4,16,Puglia,Puglia,4029053,44779,1.11,0.14
66,2021-01-09,PUG,4860,2244,2616,4307,302,247,4,4860,0,ITF,ITF4,16,Puglia,Puglia,4029053,49639,1.23,0.12
67,2021-01-28,PUG,5460,2270,3190,4755,378,327,0,472,4988,ITF,ITF4,16,Puglia,Puglia,4029053,55099,1.37,0.14
68,2021-02-16,PUG,624,267,357,429,121,74,0,471,153,ITF,ITF4,16,Puglia,Puglia,4029053,55723,1.38,0.02
69,2021-01-16,PUG,2501,1032,1469,1676,310,515,0,2501,0,ITF,ITF4,16,Puglia,Puglia,4029053,58224,1.45,0.06
70,2021-01-04,PUG,4502,2012,2490,4346,145,11,0,4502,0,ITF,ITF4,16,Puglia,Puglia,4029053,62726,1.56,0.11
71,2021-01-23,PUG,3024,1286,1738,2513,204,307,0,881,2143,ITF,ITF4,16,Puglia,Puglia,4029053,65750,1.63,0.08
72,2021-02-11,PUG,3652,1387,2265,2535,393,724,0,2381,1271,ITF,ITF4,16,Puglia,Puglia,4029053,69402,1.72,0.09
73,2021-01-11,PUG,3740,1581,2159,3203,362,175,0,3740,0,ITF,ITF4,16,Puglia,Puglia,4029053,73142,1.82,0.09
74,2021-01-30,PUG,5322,2428,2894,4577,324,418,3,361,4961,ITF,ITF4,16,Puglia,Puglia,4029053,78464,1.95,0.13
75,2021-02-01,PUG,3948,1651,2297,3430,310,208,0,374,3574,ITF,ITF4,16,Puglia,Puglia,4029053,82412,2.05,0.1
76,2021-01-18,PUG,1844,770,1074,1181,217,446,0,1495,349,ITF,ITF4,16,Puglia,Puglia,4029053,84256,2.09,0.05
77,2021-02-13,PUG,3694,1445,2249,2855,504,331,4,3003,691,ITF,ITF4,16,Puglia,Puglia,4029053,87950,2.18,0.09
78,2021-02-06,PUG,4395,1883,2512,3429,488,478,0,1560,2835,ITF,ITF4,16,Puglia,Puglia,4029053,92345,2.29,0.11
79,2021-01-06,PUG,3944,1665,2279,3182,388,374,0,3944,0,ITF,ITF4,16,Puglia,Puglia,4029053,96289,2.39,0.1
80,2021-01-25,PUG,3816,1675,2141,3468,180,168,0,421,3395,ITF,ITF4,16,Puglia,Puglia,4029053,100105,2.48,0.09
81,2021-01-13,PUG,4523,1721,2802,3956,337,230,0,4523,0,ITF,ITF4,16,Puglia,Puglia,4029053,104628,2.6,0.11
82,2020-12-30,PUG,1,0,1,1,0,0,0,1,0,ITF,ITF4,16,Puglia,Puglia,4029053,104629,2.6,0.0
83,2021-01-01,PUG,146,60,86,145,1,0,0,146,0,ITF,ITF4,16,Puglia,Puglia,4029053,104775,2.6,0.0
84,2021-01-20,PUG,1551,544,1007,785,165,601,0,1543,8,ITF,ITF4,16,Puglia,Puglia,4029053,106326,2.64,0.04
85,2021-02-15,PUG,3049,1176,1873,2158,459,432,0,2439,610,ITF,ITF4,16,Puglia,Puglia,4029053,109375,2.71,0.08
86,2021-01-08,PUG,5569,2335,3234,4769,475,325,0,5569,0,ITF,ITF4,16,Puglia,Puglia,4029053,114944,2.85,0.14
87,2021-01-27,PUG,4559,1924,2635,3900,263,396,0,600,3959,ITF,ITF4,16,Puglia,Puglia,4029053,119503,2.97,0.11
88,2021-02-08,PUG,3887,1563,2324,2890,608,389,0,1530,2357,ITF,ITF4,16,Puglia,Puglia,4029053,123390,3.06,0.1
89,2021-01-15,PUG,4506,1843,2663,3548,400,558,0,4506,0,ITF,ITF4,16,Puglia,Puglia,4029053,127896,3.17,0.11
90,2021-02-10,PUG,3442,1354,2088,2440,234,768,0,1980,1462,ITF,ITF4,16,Puglia,Puglia,4029053,131338,3.26,0.09
91,2021-01-03,PUG,2003,941,1062,1791,67,145,0,2003,0,ITF,ITF4,16,Puglia,Puglia,4029053,133341,3.31,0.05
92,2021-01-29,PUG,6146,2642,3504,5426,432,288,0,431,5715,ITF,ITF4,16,Puglia,Puglia,4029053,139487,3.46,0.15
93,2021-01-22,PUG,1404,574,830,873,158,373,0,988,416,ITF,ITF4,16,Puglia,Puglia,4029053,140891,3.5,0.03
94,2021-02-03,PUG,5019,1995,3024,4356,479,184,0,726,4293,ITF,ITF4,16,Puglia,Puglia,4029053,145910,3.62,0.12
95,2021-01-10,PUG,2344,1058,1286,2031,112,201,0,2344,0,ITF,ITF4,16,Puglia,Puglia,4029053,148254,3.68,0.06
96,2020-12-27,PUG,506,249,257,401,42,63,0,506,0,ITF,ITF4,16,Puglia,Puglia,4029053,148760,3.69,0.01
97,2021-01-24,PUG,1661,744,917,1280,231,150,0,146,1515,ITF,ITF4,16,Puglia,Puglia,4029053,150421,3.73,0.04
98,2021-01-17,PUG,1295,586,709,818,148,329,0,1226,69,ITF,ITF4,16,Puglia,Puglia,4029053,151716,3.77,0.03
99,2021-02-12,PUG,4045,1609,2436,2888,467,689,1,2958,1087,ITF,ITF4,16,Puglia,Puglia,4029053,155761,3.87,0.1
100,2021-01-05,PUG,5097,2244,2853,4704,290,98,5,5097,0,ITF,ITF4,16,Puglia,Puglia,4029053,160858,3.99,0.13
101,2021-02-05,PUG,5576,2259,3317,4546,527,503,0,1311,4265,ITF,ITF4,16,Puglia,Puglia,4029053,166434,4.13,0.14
102,2021-01-26,MAR,2016,746,1270,1736,194,86,0,92,1924,ITI,ITI3,11,Marche,Marche,1525271,2016,0.13,0.13
103,2021-01-12,MAR,1226,413,813,912,264,50,0,1226,0,ITI,ITI3,11,Marche,Marche,1525271,3242,0.21,0.08
104,2021-02-07,MAR,1867,734,1133,1155,666,46,0,344,1523,ITI,ITI3,11,Marche,Marche,1525271,5109,0.33,0.12
105,2021-01-07,MAR,1802,633,1169,1480,322,0,0,1802,0,ITI,ITI3,11,Marche,Marche,1525271,6911,0.45,0.12
106,2021-01-19,MAR,225,81,144,120,20,85,0,141,84,ITI,ITI3,11,Marche,Marche,1525271,7136,0.47,0.01
107,2021-02-14,MAR,738,301,437,578,160,0,0,738,0,ITI,ITI3,11,Marche,Marche,1525271,7874,0.52,0.05
108,2021-01-31,MAR,1919,769,1150,1527,392,0,0,105,1814,ITI,ITI3,11,Marche,Marche,1525271,9793,0.64,0.13
109,2020-12-31,MAR,383,178,205,370,13,0,0,383,0,ITI,ITI3,11,Marche,Marche,1525271,10176,0.67,0.03
110,2021-01-21,MAR,895,252,643,459,100,336,0,585,310,ITI,ITI3,11,Marche,Marche,1525271,11071,0.73,0.06
111,2021-02-02,MAR,1193,397,796,804,296,93,0,73,1120,ITI,ITI3,11,Marche,Marche,1525271,12264,0.8,0.08
112,2021-01-02,MAR,453,139,314,444,9,0,0,453,0,ITI,ITI3,11,Marche,Marche,1525271,12717,0.83,0.03
113,2021-01-14,MAR,2010,692,1318,1112,600,298,0,2010,0,ITI,ITI3,11,Marche,Marche,1525271,14727,0.97,0.13
114,2021-02-09,MAR,125,42,83,78,21,26,0,47,78,ITI,ITI3,11,Marche,Marche,1525271,14852,0.97,0.01
115,2021-01-09,MAR,1709,605,1104,1406,303,0,0,1709,0,ITI,ITI3,11,Marche,Marche,1525271,16561,1.09,0.11
116,2021-02-04,MAR,2337,806,1531,1405,657,275,0,112,2225,ITI,ITI3,11,Marche,Marche,1525271,18898,1.24,0.15
117,2021-01-16,MAR,2006,723,1283,1059,662,285,0,2006,0,ITI,ITI3,11,Marche,Marche,1525271,20904,1.37,0.13
118,2021-01-28,MAR,1972,659,1313,1581,290,101,0,167,1805,ITI,ITI3,11,Marche,Marche,1525271,22876,1.5,0.13
119,2021-01-23,MAR,557,190,367,440,54,63,0,123,434,ITI,ITI3,11,Marche,Marche,1525271,23433,1.54,0.04
120,2021-01-04,MAR,1500,563,937,1290,199,11,0,1500,0,ITI,ITI3,11,Marche,Marche,1525271,24933,1.63,0.1
121,2021-01-18,MAR,673,230,443,370,171,132,0,547,126,ITI,ITI3,11,Marche,Marche,1525271,25606,1.68,0.04
122,2021-01-30,MAR,1906,668,1238,1566,340,0,0,29,1877,ITI,ITI3,11,Marche,Marche,1525271,27512,1.8,0.12
123,2020-12-30,MAR,17,5,12,14,3,0,0,17,0,ITI,ITI3,11,Marche,Marche,1525271,27529,1.8,0.0
124,2021-02-11,MAR,1987,657,1330,1155,620,212,0,1598,389,ITI,ITI3,11,Marche,Marche,1525271,29516,1.94,0.13
125,2021-01-11,MAR,1176,411,765,1021,155,0,0,1176,0,ITI,ITI3,11,Marche,Marche,1525271,30692,2.01,0.08
126,2021-02-06,MAR,2431,889,1542,1396,639,396,0,521,1910,ITI,ITI3,11,Marche,Marche,1525271,33123,2.17,0.16
127,2021-01-06,MAR,2181,792,1389,1738,296,147,0,2181,0,ITI,ITI3,11,Marche,Marche,1525271,35304,2.31,0.14
128,2021-02-01,MAR,1360,479,881,1053,226,81,0,98,1262,ITI,ITI3,11,Marche,Marche,1525271,36664,2.4,0.09
129,2021-02-13,MAR,1062,453,609,457,515,90,0,1010,52,ITI,ITI3,11,Marche,Marche,1525271,37726,2.47,0.07
130,2021-01-13,MAR,2105,746,1359,1408,621,76,0,2105,0,ITI,ITI3,11,Marche,Marche,1525271,39831,2.61,0.14
131,2021-01-25,MAR,1595,558,1037,1425,114,56,0,97,1498,ITI,ITI3,11,Marche,Marche,1525271,41426,2.72,0.1
132,2021-02-15,MAR,968,412,556,540,427,1,0,955,13,ITI,ITI3,11,Marche,Marche,1525271,42394,2.78,0.06
133,2021-01-15,MAR,1771,500,1271,985,420,366,0,1771,0,ITI,ITI3,11,Marche,Marche,1525271,44165,2.9,0.12
134,2021-01-27,MAR,2117,780,1337,1751,226,140,0,122,1995,ITI,ITI3,11,Marche,Marche,1525271,46282,3.03,0.14
135,2021-02-08,MAR,833,258,575,408,163,262,0,371,462,ITI,ITI3,11,Marche,Marche,1525271,47115,3.09,0.05
136,2021-01-08,MAR,1574,588,986,1226,348,0,0,1574,0,ITI,ITI3,11,Marche,Marche,1525271,48689,3.19,0.1
137,2021-01-20,MAR,398,99,299,146,62,190,0,386,12,ITI,ITI3,11,Marche,Marche,1525271,49087,3.22,0.03
138,2021-02-03,MAR,2124,741,1383,1344,614,166,0,119,2005,ITI,ITI3,11,Marche,Marche,1525271,51211,3.36,0.14
139,2021-01-03,MAR,896,348,548,759,137,0,0,896,0,ITI,ITI3,11,Marche,Marche,1525271,52107,3.42,0.06
140,2021-01-29,MAR,1991,730,1261,1479,438,74,0,168,1823,ITI,ITI3,11,Marche,Marche,1525271,54098,3.55,0.13
141,2021-02-10,MAR,1439,452,987,881,343,215,0,1080,359,ITI,ITI3,11,Marche,Marche,1525271,55537,3.64,0.09
142,2021-01-10,MAR,1737,699,1038,1462,275,0,0,1737,0,ITI,ITI3,11,Marche,Marche,1525271,57274,3.76,0.11
143,2020-12-27,MAR,200,97,103,184,12,4,0,200,0,ITI,ITI3,11,Marche,Marche,1525271,57474,3.77,0.01
144,2021-01-22,MAR,487,167,320,315,85,87,0,194,293,ITI,ITI3,11,Marche,Marche,1525271,57961,3.8,0.03
145,2021-02-12,MAR,1582,618,964,814,680,88,0,1430,152,ITI,ITI3,11,Marche,Marche,1525271,59543,3.9,0.1
146,2021-01-24,MAR,879,338,541,762,117,0,0,17,862,ITI,ITI3,11,Marche,Marche,1525271,60422,3.96,0.06
147,2021-02-05,MAR,2133,650,1483,1309,418,406,0,440,1693,ITI,ITI3,11,Marche,Marche,1525271,62555,4.1,0.14
148,2021-01-05,MAR,1562,586,976,1436,126,0,0,1562,0,ITI,ITI3,11,Marche,Marche,1525271,64117,4.2,0.1
149,2021-01-17,MAR,1598,682,916,964,588,46,0,1549,49,ITI,ITI3,11,Marche,Marche,1525271,65715,4.31,0.1
150,2021-02-12,PAB,691,208,483,301,281,102,7,446,245,ITH,ITH1,4,Provincia Autonoma Bolzano / Bozen,P.A. Bolzano,533050,691,0.13,0.13
151,2021-01-12,PAB,1527,398,1129,299,680,475,73,1527,0,ITH,ITH1,4,Provincia Autonoma Bolzano / Bozen,P.A. Bolzano,533050,2218,0.42,0.29
152,2021-01-24,PAB,12,10,2,1,11,0,0,0,12,ITH,ITH1,4,Provincia Autonoma Bolzano / Bozen,P.A. Bolzano,533050,2230,0.42,0.0
153,2021-01-05,PAB,820,283,537,718,102,0,0,820,0,ITH,ITH1,4,Provincia Autonoma Bolzano / Bozen,P.A. Bolzano,533050,3050,0.57,0.15
154,2021-01-26,PAB,809,291,518,670,139,0,0,1,808,ITH,ITH1,4,Provincia Autonoma Bolzano / Bozen,P.A. Bolzano,533050,3859,0.72,0.15
155,2020-12-31,PAB,866,497,369,439,427,0,0,866,0,ITH,ITH1,4,Provincia Autonoma Bolzano / Bozen,P.A. Bolzano,533050,4725,0.89,0.16
156,2021-02-07,PAB,2162,973,1189,99,397,1,1665,10,2152,ITH,ITH1,4,Provincia Autonoma Bolzano / Bozen,P.A. Bolzano,533050,6887,1.29,0.41
157,2021-01-07,PAB,892,317,575,613,227,0,52,892,0,ITH,ITH1,4,Provincia Autonoma Bolzano / Bozen,P.A. Bolzano,533050,7779,1.46,0.17
158,2021-01-19,PAB,810,349,461,170,65,0,575,680,130,ITH,ITH1,4,Provincia Autonoma Bolzano / Bozen,P.A. Bolzano,533050,8589,1.61,0.15
159,2021-02-09,PAB,317,126,191,64,24,2,227,1,316,ITH,ITH1,4,Provincia Autonoma Bolzano / Bozen,P.A. Bolzano,533050,8906,1.67,0.06
160,2021-01-14,PAB,1807,539,1268,476,760,285,286,1807,0,ITH,ITH1,4,Provincia Autonoma Bolzano / Bozen,P.A. Bolzano,533050,10713,2.01,0.34
161,2021-01-21,PAB,914,426,488,719,100,68,27,138,776,ITH,ITH1,4,Provincia Autonoma Bolzano / Bozen,P.A. Bolzano,533050,11627,2.18,0.17
162,2021-01-09,PAB,600,317,283,75,439,74,12,600,0,ITH,ITH1,4,Provincia Autonoma Bolzano / Bozen,P.A. Bolzano,533050,12227,2.29,0.11
163,2021-02-02,PAB,1720,498,1222,607,499,605,9,7,1713,ITH,ITH1,4,Provincia Autonoma Bolzano / Bozen,P.A. Bolzano,533050,13947,2.62,0.32
164,2021-01-28,PAB,867,307,560,584,214,69,0,10,857,ITH,ITH1,4,Provincia Autonoma Bolzano / Bozen,P.A. Bolzano,533050,14814,2.78,0.16
165,2021-01-02,PAB,91,48,43,69,22,0,0,91,0,ITH,ITH1,4,Provincia Autonoma Bolzano / Bozen,P.A. Bolzano,533050,14905,2.8,0.02
166,2021-01-23,PAB,195,115,80,183,12,0,0,0,195,ITH,ITH1,4,Provincia Autonoma Bolzano / Bozen,P.A. Bolzano,533050,15100,2.83,0.04
167,2021-02-04,PAB,1839,556,1283,623,598,404,214,8,1831,ITH,ITH1,4,Provincia Autonoma Bolzano / Bozen,P.A. Bolzano,533050,16939,3.18,0.34
168,2021-01-16,PAB,2748,1229,1519,450,360,77,1861,2748,0,ITH,ITH1,4,Provincia Autonoma Bolzano / Bozen,P.A. Bolzano,533050,19687,3.69,0.52
169,2021-01-04,PAB,469,191,278,397,72,0,0,469,0,ITH,ITH1,4,Provincia Autonoma Bolzano / Bozen,P.A. Bolzano,533050,20156,3.78,0.09
170,2021-02-11,PAB,1016,398,618,208,362,104,342,235,781,ITH,ITH1,4,Provincia Autonoma Bolzano / Bozen,P.A. Bolzano,533050,21172,3.97,0.19
171,2021-01-06,PAB,59,18,41,59,0,0,0,59,0,ITH,ITH1,4,Provincia Autonoma Bolzano / Bozen,P.A. Bolzano,533050,21231,3.98,0.01
172,2021-02-06,PAB,2276,1018,1258,435,371,0,1470,18,2258,ITH,ITH1,4,Provincia Autonoma Bolzano / Bozen,P.A. Bolzano,533050,23507,4.41,0.43
173,2021-01-18,PAB,1656,638,1018,369,299,7,981,1651,5,ITH,ITH1,4,Provincia Autonoma Bolzano / Bozen,P.A. Bolzano,533050,25163,4.72,0.31
174,2021-01-30,PAB,422,212,210,146,175,101,0,4,418,ITH,ITH1,4,Provincia Autonoma Bolzano / Bozen,P.A. Bolzano,533050,25585,4.8,0.08
175,2021-02-13,PAB,318,79,239,126,184,7,1,312,6,ITH,ITH1,4,Provincia Autonoma Bolzano / Bozen,P.A. Bolzano,533050,25903,4.86,0.06
176,2021-01-25,PAB,461,176,285,379,81,0,1,3,458,ITH,ITH1,4,Provincia Autonoma Bolzano / Bozen,P.A. Bolzano,533050,26364,4.95,0.09
177,2021-01-11,PAB,1501,476,1025,532,645,174,150,1501,0,ITH,ITH1,4,Provincia Autonoma Bolzano / Bozen,P.A. Bolzano,533050,27865,5.23,0.28
178,2020-12-30,PAB,362,168,194,321,41,0,0,362,0,ITH,ITH1,4,Provincia Autonoma Bolzano / Bozen,P.A. Bolzano,533050,28227,5.3,0.07
179,2021-01-20,PAB,608,247,361,282,76,0,250,401,207,ITH,ITH1,4,Provincia Autonoma Bolzano / Bozen,P.A. Bolzano,533050,28835,5.41,0.11
180,2021-01-01,PAB,1,1,0,1,0,0,0,1,0,ITH,ITH1,4,Provincia Autonoma Bolzano / Bozen,P.A. Bolzano,533050,28836,5.41,0.0
181,2021-02-01,PAB,1381,403,978,703,382,296,0,10,1371,ITH,ITH1,4,Provincia Autonoma Bolzano / Bozen,P.A. Bolzano,533050,30217,5.67,0.26
182,2021-01-13,PAB,1316,409,907,367,588,255,106,1316,0,ITH,ITH1,4,Provincia Autonoma Bolzano / Bozen,P.A. Bolzano,533050,31533,5.92,0.25
183,2021-02-08,PAB,1,1,0,0,1,0,0,1,0,ITH,ITH1,4,Provincia Autonoma Bolzano / Bozen,P.A. Bolzano,533050,31534,5.92,0.0
184,2021-02-15,PAB,70,40,30,15,10,40,5,24,46,ITH,ITH1,4,Provincia Autonoma Bolzano / Bozen,P.A. Bolzano,533050,31604,5.93,0.01
185,2021-02-03,PAB,1445,457,988,615,441,321,68,5,1440,ITH,ITH1,4,Provincia Autonoma Bolzano / Bozen,P.A. Bolzano,533050,33049,6.2,0.27
186,2021-01-15,PAB,3026,1119,1907,532,898,336,1260,3026,0,ITH,ITH1,4,Provincia Autonoma Bolzano / Bozen,P.A. Bolzano,533050,36075,6.77,0.57
187,2020-12-27,PAB,143,65,78,136,6,0,1,143,0,ITH,ITH1,4,Provincia Autonoma Bolzano / Bozen,P.A. Bolzano,533050,36218,6.79,0.03
188,2021-01-27,PAB,84,28,56,54,30,0,0,1,83,ITH,ITH1,4,Provincia Autonoma Bolzano / Bozen,P.A. Bolzano,533050,36302,6.81,0.02
189,2021-01-08,PAB,1475,468,1007,747,466,166,96,1475,0,ITH,ITH1,4,Provincia Autonoma Bolzano / Bozen,P.A. Bolzano,533050,37777,7.09,0.28
190,2021-01-03,PAB,34,12,22,26,7,0,1,34,0,ITH,ITH1,4,Provincia Autonoma Bolzano / Bozen,P.A. Bolzano,533050,37811,7.09,0.01
191,2021-01-17,PAB,2269,1024,1245,54,236,19,1960,2257,12,ITH,ITH1,4,Provincia Autonoma Bolzano / Bozen,P.A. Bolzano,533050,40080,7.52,0.43
192,2021-02-10,PAB,1622,600,1022,484,556,1,581,26,1596,ITH,ITH1,4,Provincia Autonoma Bolzano / Bozen,P.A. Bolzano,533050,41702,7.82,0.3
193,2021-01-29,PAB,1487,508,979,855,335,295,2,23,1464,ITH,ITH1,4,Provincia Autonoma Bolzano / Bozen,P.A. Bolzano,533050,43189,8.1,0.28
194,2021-01-10,PAB,2,2,0,1,1,0,0,2,0,ITH,ITH1,4,Provincia Autonoma Bolzano / Bozen,P.A. Bolzano,533050,43191,8.1,0.0
195,2021-02-05,PAB,2788,1035,1753,640,677,394,1077,6,2782,ITH,ITH1,4,Provincia Autonoma Bolzano / Bozen,P.A. Bolzano,533050,45979,8.63,0.52
196,2021-01-22,PAB,241,138,103,129,24,85,3,124,117,ITH,ITH1,4,Provincia Autonoma Bolzano / Bozen,P.A. Bolzano,533050,46220,8.67,0.05
197,2021-01-04,SIC,8371,4171,4200,7593,772,6,0,8371,0,ITG,ITG1,19,Sicilia,Sicilia,4999891,8371,0.17,0.17
198,2021-01-30,SIC,7832,3568,4264,5445,1912,475,0,171,7661,ITG,ITG1,19,Sicilia,Sicilia,4999891,16203,0.32,0.16
199,2021-01-16,SIC,2698,1153,1545,1251,1149,298,0,2698,0,ITG,ITG1,19,Sicilia,Sicilia,4999891,18901,0.38,0.05
200,2021-02-11,SIC,5329,2102,3227,2457,1984,888,0,4865,464,ITG,ITG1,19,Sicilia,Sicilia,4999891,24230,0.48,0.11
201,2021-01-11,SIC,5903,2590,3313,3923,1598,382,0,5903,0,ITG,ITG1,19,Sicilia,Sicilia,4999891,30133,0.6,0.12
202,2020-12-28,SIC,207,124,83,205,2,0,0,207,0,ITG,ITG1,19,Sicilia,Sicilia,4999891,30340,0.61,0.0
203,2021-01-23,SIC,4130,2138,1992,3893,221,16,0,225,3905,ITG,ITG1,19,Sicilia,Sicilia,4999891,34470,0.69,0.08
204,2021-02-04,SIC,6871,3157,3714,4412,1919,540,0,1458,5413,ITG,ITG1,19,Sicilia,Sicilia,4999891,41341,0.83,0.14
205,2021-02-13,SIC,3104,1167,1937,1295,1241,568,0,2847,257,ITG,ITG1,19,Sicilia,Sicilia,4999891,44445,0.89,0.06
206,2021-01-18,SIC,1547,645,902,720,619,208,0,1431,116,ITG,ITG1,19,Sicilia,Sicilia,4999891,45992,0.92,0.03
207,2020-12-30,SIC,173,101,72,156,17,0,0,173,0,ITG,ITG1,19,Sicilia,Sicilia,4999891,46165,0.92,0.0
208,2021-01-25,SIC,7508,3693,3815,6631,807,70,0,322,7186,ITG,ITG1,19,Sicilia,Sicilia,4999891,53673,1.07,0.15
209,2021-02-06,SIC,4918,2146,2772,2469,1879,570,0,1461,3457,ITG,ITG1,19,Sicilia,Sicilia,4999891,58591,1.17,0.1
210,2021-01-06,SIC,6470,3402,3068,5716,752,2,0,6470,0,ITG,ITG1,19,Sicilia,Sicilia,4999891,65061,1.3,0.13
211,2021-01-01,SIC,814,436,378,739,75,0,0,814,0,ITG,ITG1,19,Sicilia,Sicilia,4999891,65875,1.32,0.02
212,2021-02-08,SIC,4081,1756,2325,2341,1343,397,0,2127,1954,ITG,ITG1,19,Sicilia,Sicilia,4999891,69956,1.4,0.08
213,2021-01-13,SIC,5203,2462,2741,3033,1729,441,0,5203,0,ITG,ITG1,19,Sicilia,Sicilia,4999891,75159,1.5,0.1
214,2021-01-20,SIC,807,410,397,421,194,192,0,573,234,ITG,ITG1,19,Sicilia,Sicilia,4999891,75966,1.52,0.02
215,2021-02-01,SIC,6074,2682,3392,4165,1591,318,0,301,5773,ITG,ITG1,19,Sicilia,Sicilia,4999891,82040,1.64,0.12
216,2021-02-10,SIC,4424,1816,2608,1975,1711,738,0,3999,425,ITG,ITG1,19,Sicilia,Sicilia,4999891,86464,1.73,0.09
217,2021-01-27,SIC,7523,3831,3692,6322,1049,152,0,188,7335,ITG,ITG1,19,Sicilia,Sicilia,4999891,93987,1.88,0.15
218,2020-12-27,SIC,89,54,35,62,2,25,0,89,0,ITG,ITG1,19,Sicilia,Sicilia,4999891,94076,1.88,0.0
219,2021-01-22,SIC,1235,625,610,1035,82,118,0,242,993,ITG,ITG1,19,Sicilia,Sicilia,4999891,95311,1.91,0.02
220,2021-02-03,SIC,6098,2855,3243,3354,2120,624,0,755,5343,ITG,ITG1,19,Sicilia,Sicilia,4999891,101409,2.03,0.12
221,2021-01-08,SIC,8328,3864,4464,6591,1524,213,0,8328,0,ITG,ITG1,19,Sicilia,Sicilia,4999891,109737,2.19,0.17
222,2021-02-15,SIC,3887,1807,2080,1694,1621,562,10,3325,562,ITG,ITG1,19,Sicilia,Sicilia,4999891,113624,2.27,0.08
223,2021-01-03,SIC,4692,2454,2238,4360,332,0,0,4692,0,ITG,ITG1,19,Sicilia,Sicilia,4999891,118316,2.37,0.09
224,2021-01-15,SIC,5078,2233,2845,2824,1775,479,0,5078,0,ITG,ITG1,19,Sicilia,Sicilia,4999891,123394,2.47,0.1
225,2020-12-29,SIC,235,146,89,235,0,0,0,235,0,ITG,ITG1,19,Sicilia,Sicilia,4999891,123629,2.47,0.0
226,2021-01-10,SIC,3618,1615,2003,2126,1028,464,0,3618,0,ITG,ITG1,19,Sicilia,Sicilia,4999891,127247,2.54,0.07
227,2021-02-05,SIC,7098,3155,3943,3527,2719,852,0,2125,4973,ITG,ITG1,19,Sicilia,Sicilia,4999891,134345,2.69,0.14
228,2021-01-17,SIC,1295,584,711,619,516,160,0,1245,50,ITG,ITG1,19,Sicilia,Sicilia,4999891,135640,2.71,0.03
229,2021-01-29,SIC,9355,4317,5038,7146,1904,305,0,431,8924,ITG,ITG1,19,Sicilia,Sicilia,4999891,144995,2.9,0.19
230,2021-01-24,SIC,4305,2250,2055,3961,341,3,0,148,4157,ITG,ITG1,19,Sicilia,Sicilia,4999891,149300,2.99,0.09
231,2021-02-07,SIC,2226,927,1299,1490,581,155,0,671,1555,ITG,ITG1,19,Sicilia,Sicilia,4999891,151526,3.03,0.04
232,2021-01-19,SIC,1270,521,749,520,512,238,0,1092,178,ITG,ITG1,19,Sicilia,Sicilia,4999891,152796,3.06,0.03
233,2021-01-05,SIC,10526,5159,5367,9073,1246,207,0,10526,0,ITG,ITG1,19,Sicilia,Sicilia,4999891,163322,3.27,0.21
234,2021-01-31,SIC,4108,1958,2150,2599,1215,294,0,112,3996,ITG,ITG1,19,Sicilia,Sicilia,4999891,167430,3.35,0.08
235,2021-02-12,SIC,4739,1849,2890,2295,1801,643,0,4409,330,ITG,ITG1,19,Sicilia,Sicilia,4999891,172169,3.44,0.09
236,2021-01-12,SIC,4542,2234,2308,2863,1484,195,0,4542,0,ITG,ITG1,19,Sicilia,Sicilia,4999891,176711,3.53,0.09
237,2021-01-07,SIC,9172,4239,4933,7694,1268,210,0,9172,0,ITG,ITG1,19,Sicilia,Sicilia,4999891,185883,3.72,0.18
238,2021-02-02,SIC,5536,2621,2915,3151,1956,429,0,632,4904,ITG,ITG1,19,Sicilia,Sicilia,4999891,191419,3.83,0.11
239,2021-02-14,SIC,1057,402,655,433,388,236,0,917,140,ITG,ITG1,19,Sicilia,Sicilia,4999891,192476,3.85,0.02
240,2021-01-14,SIC,5249,2513,2736,3045,1945,259,0,5249,0,ITG,ITG1,19,Sicilia,Sicilia,4999891,197725,3.95,0.1
241,2020-12-31,SIC,877,469,408,827,50,0,0,877,0,ITG,ITG1,19,Sicilia,Sicilia,4999891,198602,3.97,0.02
242,2021-01-26,SIC,9475,4663,4812,8347,874,254,0,235,9240,ITG,ITG1,19,Sicilia,Sicilia,4999891,208077,4.16,0.19
243,2021-01-21,SIC,1327,646,681,1000,190,137,0,498,829,ITG,ITG1,19,Sicilia,Sicilia,4999891,209404,4.19,0.03
244,2021-01-02,SIC,4871,2532,2339,4311,560,0,0,4871,0,ITG,ITG1,19,Sicilia,Sicilia,4999891,214275,4.29,0.1
245,2021-01-28,SIC,9311,4393,4918,7449,1567,295,0,412,8899,ITG,ITG1,19,Sicilia,Sicilia,4999891,223586,4.47,0.19
246,2021-02-09,SIC,4356,1824,2532,2227,1489,640,0,3352,1004,ITG,ITG1,19,Sicilia,Sicilia,4999891,227942,4.56,0.09
247,2021-01-09,SIC,7325,3424,3901,5034,1835,456,0,7325,0,ITG,ITG1,19,Sicilia,Sicilia,4999891,235267,4.71,0.15
248,2021-02-13,FVG,547,172,375,324,223,0,0,546,1,ITH,ITH4,6,Friuli-Venezia Giulia,Friuli Venezia Giulia,1215220,547,0.05,0.05
249,2021-01-18,FVG,1959,606,1353,1358,491,110,0,1865,94,ITH,ITH4,6,Friuli-Venezia Giulia,Friuli Venezia Giulia,1215220,2506,0.21,0.16
250,2021-01-06,FVG,709,264,445,514,195,0,0,709,0,ITH,ITH4,6,Friuli-Venezia Giulia,Friuli Venezia Giulia,1215220,3215,0.26,0.06
251,2021-02-06,FVG,1152,337,815,755,207,190,0,21,1131,ITH,ITH4,6,Friuli-Venezia Giulia,Friuli Venezia Giulia,1215220,4367,0.36,0.09
252,2021-01-25,FVG,1582,567,1015,1369,141,72,0,194,1388,ITH,ITH4,6,Friuli-Venezia Giulia,Friuli Venezia Giulia,1215220,5949,0.49,0.13
253,2020-12-30,FVG,630,246,384,601,29,0,0,630,0,ITH,ITH4,6,Friuli-Venezia Giulia,Friuli Venezia Giulia,1215220,6579,0.54,0.05
254,2021-01-30,FVG,2270,744,1526,1475,354,441,0,269,2001,ITH,ITH4,6,Friuli-Venezia Giulia,Friuli Venezia Giulia,1215220,8849,0.73,0.19
255,2021-01-04,FVG,1510,559,951,1392,118,0,0,1510,0,ITH,ITH4,6,Friuli-Venezia Giulia,Friuli Venezia Giulia,1215220,10359,0.85,0.12
256,2021-02-04,FVG,2730,807,1923,1722,543,465,0,36,2694,ITH,ITH4,6,Friuli-Venezia Giulia,Friuli Venezia Giulia,1215220,13089,1.08,0.22
257,2021-01-23,FVG,816,324,492,768,48,0,0,4,812,ITH,ITH4,6,Friuli-Venezia Giulia,Friuli Venezia Giulia,1215220,13905,1.14,0.07
258,2021-01-11,FVG,1881,609,1272,1499,336,46,0,1881,0,ITH,ITH4,6,Friuli-Venezia Giulia,Friuli Venezia Giulia,1215220,15786,1.3,0.15
259,2021-02-11,FVG,1914,660,1254,1127,562,222,3,1722,192,ITH,ITH4,6,Friuli-Venezia Giulia,Friuli Venezia Giulia,1215220,17700,1.46,0.16
260,2021-01-16,FVG,1231,360,871,771,212,248,0,1231,0,ITH,ITH4,6,Friuli-Venezia Giulia,Friuli Venezia Giulia,1215220,18931,1.56,0.1
261,2021-01-27,FVG,1269,425,844,849,356,64,0,447,822,ITH,ITH4,6,Friuli-Venezia Giulia,Friuli Venezia Giulia,1215220,20200,1.66,0.1
262,2021-02-10,FVG,1353,495,858,747,487,119,0,1267,86,ITH,ITH4,6,Friuli-Venezia Giulia,Friuli Venezia Giulia,1215220,21553,1.77,0.11
263,2021-01-15,FVG,2028,606,1422,1283,370,375,0,2028,0,ITH,ITH4,6,Friuli-Venezia Giulia,Friuli Venezia Giulia,1215220,23581,1.94,0.17
264,2021-01-03,FVG,312,122,190,285,26,1,0,312,0,ITH,ITH4,6,Friuli-Venezia Giulia,Friuli Venezia Giulia,1215220,23893,1.97,0.03
265,2021-02-15,FVG,2421,894,1527,680,401,314,1026,2172,249,ITH,ITH4,6,Friuli-Venezia Giulia,Friuli Venezia Giulia,1215220,26314,2.17,0.2
266,2021-02-03,FVG,2644,789,1855,1700,558,386,0,22,2622,ITH,ITH4,6,Friuli-Venezia Giulia,Friuli Venezia Giulia,1215220,28958,2.38,0.22
267,2021-01-08,FVG,2322,747,1575,1680,246,396,0,2322,0,ITH,ITH4,6,Friuli-Venezia Giulia,Friuli Venezia Giulia,1215220,31280,2.57,0.19
268,2021-01-22,FVG,90,30,60,89,1,0,0,0,90,ITH,ITH4,6,Friuli-Venezia Giulia,Friuli Venezia Giulia,1215220,31370,2.58,0.01
269,2020-12-27,FVG,262,149,113,259,3,0,0,262,0,ITH,ITH4,6,Friuli-Venezia Giulia,Friuli Venezia Giulia,1215220,31632,2.6,0.02
270,2021-02-01,FVG,2252,741,1511,1670,409,173,0,170,2082,ITH,ITH4,6,Friuli-Venezia Giulia,Friuli Venezia Giulia,1215220,33884,2.79,0.19
271,2021-01-20,FVG,750,323,427,719,31,0,0,12,738,ITH,ITH4,6,Friuli-Venezia Giulia,Friuli Venezia Giulia,1215220,34634,2.85,0.06
272,2021-02-08,FVG,2353,692,1661,1398,521,434,0,91,2262,ITH,ITH4,6,Friuli-Venezia Giulia,Friuli Venezia Giulia,1215220,36987,3.04,0.19
273,2021-01-13,FVG,2651,834,1817,1822,599,230,0,2651,0,ITH,ITH4,6,Friuli-Venezia Giulia,Friuli Venezia Giulia,1215220,39638,3.26,0.22
274,2021-01-24,FVG,305,119,186,277,27,1,0,1,304,ITH,ITH4,6,Friuli-Venezia Giulia,Friuli Venezia Giulia,1215220,39943,3.29,0.03
275,2021-02-07,FVG,1558,483,1075,863,693,2,0,384,1174,ITH,ITH4,6,Friuli-Venezia Giulia,Friuli Venezia Giulia,1215220,41501,3.42,0.13
276,2021-01-12,FVG,2256,712,1544,1522,373,361,0,2256,0,ITH,ITH4,6,Friuli-Venezia Giulia,Friuli Venezia Giulia,1215220,43757,3.6,0.19
277,2021-02-12,FVG,1194,424,770,673,393,126,2,1145,49,ITH,ITH4,6,Friuli-Venezia Giulia,Friuli Venezia Giulia,1215220,44951,3.7,0.1
278,2021-01-31,FVG,2712,836,1876,1692,1002,18,0,385,2327,ITH,ITH4,6,Friuli-Venezia Giulia,Friuli Venezia Giulia,1215220,47663,3.92,0.22
279,2021-01-05,FVG,1679,550,1129,1349,133,197,0,1679,0,ITH,ITH4,6,Friuli-Venezia Giulia,Friuli Venezia Giulia,1215220,49342,4.06,0.14
280,2021-01-10,FVG,2940,919,2021,1745,950,245,0,2940,0,ITH,ITH4,6,Friuli-Venezia Giulia,Friuli Venezia Giulia,1215220,52282,4.3,0.24
281,2021-01-29,FVG,2411,813,1598,1855,321,235,0,262,2149,ITH,ITH4,6,Friuli-Venezia Giulia,Friuli Venezia Giulia,1215220,54693,4.5,0.2
282,2021-01-17,FVG,1720,524,1196,674,560,486,0,1720,0,ITH,ITH4,6,Friuli-Venezia Giulia,Friuli Venezia Giulia,1215220,56413,4.64,0.14
283,2021-02-05,FVG,2613,784,1829,1613,510,490,0,90,2523,ITH,ITH4,6,Friuli-Venezia Giulia,Friuli Venezia Giulia,1215220,59026,4.86,0.22
284,2021-02-16,FVG,378,178,200,39,35,0,304,374,4,ITH,ITH4,6,Friuli-Venezia Giulia,Friuli Venezia Giulia,1215220,59404,4.89,0.03
285,2021-01-21,FVG,893,345,548,862,31,0,0,1,892,ITH,ITH4,6,Friuli-Venezia Giulia,Friuli Venezia Giulia,1215220,60297,4.96,0.07
286,2021-01-09,FVG,2517,841,1676,1519,405,593,0,2517,0,ITH,ITH4,6,Friuli-Venezia Giulia,Friuli Venezia Giulia,1215220,62814,5.17,0.21
287,2021-02-09,FVG,1839,550,1289,1046,507,286,0,1552,287,ITH,ITH4,6,Friuli-Venezia Giulia,Friuli Venezia Giulia,1215220,64653,5.32,0.15
288,2021-01-28,FVG,2232,792,1440,1753,287,192,0,351,1881,ITH,ITH4,6,Friuli-Venezia Giulia,Friuli Venezia Giulia,1215220,66885,5.5,0.18
289,2021-01-02,FVG,1217,471,746,1150,67,0,0,1217,0,ITH,ITH4,6,Friuli-Venezia Giulia,Friuli Venezia Giulia,1215220,68102,5.6,0.1
290,2021-01-07,FVG,2090,718,1372,1759,221,110,0,2090,0,ITH,ITH4,6,Friuli-Venezia Giulia,Friuli Venezia Giulia,1215220,70192,5.78,0.17
291,2021-01-26,FVG,1970,647,1323,1438,152,380,0,212,1758,ITH,ITH4,6,Friuli-Venezia Giulia,Friuli Venezia Giulia,1215220,72162,5.94,0.16
292,2021-01-14,FVG,2587,788,1799,1607,550,430,0,2587,0,ITH,ITH4,6,Friuli-Venezia Giulia,Friuli Venezia Giulia,1215220,74749,6.15,0.21
293,2020-12-31,FVG,1053,384,669,1011,42,0,0,1053,0,ITH,ITH4,6,Friuli-Venezia Giulia,Friuli Venezia Giulia,1215220,75802,6.24,0.09
294,2021-01-19,FVG,4,1,3,4,0,0,0,4,0,ITH,ITH4,6,Friuli-Venezia Giulia,Friuli Venezia Giulia,1215220,75806,6.24,0.0
295,2021-02-02,FVG,2460,806,1654,1650,394,416,0,216,2244,ITH,ITH4,6,Friuli-Venezia Giulia,Friuli Venezia Giulia,1215220,78266,6.44,0.2
296,2021-02-11,PIE,6509,2012,4497,3392,1280,1837,0,2913,3596,ITC,ITC1,1,Piemonte,Piemonte,4356406,6509,0.15,0.15
297,2021-01-16,PIE,7753,2631,5122,4796,1589,1368,0,7753,0,ITC,ITC1,1,Piemonte,Piemonte,4356406,14262,0.33,0.18
298,2021-01-04,PIE,5559,1676,3883,4587,737,235,0,5559,0,ITC,ITC1,1,Piemonte,Piemonte,4356406,19821,0.45,0.13
299,2021-02-04,PIE,10187,3335,6852,6232,2199,1756,0,581,9606,ITC,ITC1,1,Piemonte,Piemonte,4356406,30008,0.69,0.23
300,2021-01-23,PIE,4217,1321,2896,3189,522,506,0,877,3340,ITC,ITC1,1,Piemonte,Piemonte,4356406,34225,0.79,0.1
301,2020-12-30,PIE,730,322,408,685,45,0,0,730,0,ITC,ITC1,1,Piemonte,Piemonte,4356406,34955,0.8,0.02
302,2021-01-30,PIE,5976,2134,3842,4365,1116,495,0,217,5759,ITC,ITC1,1,Piemonte,Piemonte,4356406,40931,0.94,0.14
303,2021-01-18,PIE,6092,2037,4055,3221,1401,1470,0,5844,248,ITC,ITC1,1,Piemonte,Piemonte,4356406,47023,1.08,0.14
304,2021-02-06,PIE,7978,2663,5315,5097,1628,1253,0,400,7578,ITC,ITC1,1,Piemonte,Piemonte,4356406,55001,1.26,0.18
305,2021-01-11,PIE,8739,2979,5760,6052,1561,1126,0,8739,0,ITC,ITC1,1,Piemonte,Piemonte,4356406,63740,1.46,0.2
306,2021-02-08,PIE,6878,2350,4528,3776,1553,1549,0,664,6214,ITC,ITC1,1,Piemonte,Piemonte,4356406,70618,1.62,0.16
307,2021-01-13,PIE,10040,3214,6826,6457,2256,1327,0,10040,0,ITC,ITC1,1,Piemonte,Piemonte,4356406,80658,1.85,0.23
308,2021-02-13,PIE,4025,1273,2752,2286,662,1076,1,2801,1224,ITC,ITC1,1,Piemonte,Piemonte,4356406,84683,1.94,0.09
309,2021-01-01,PIE,1038,395,643,922,116,0,0,1038,0,ITC,ITC1,1,Piemonte,Piemonte,4356406,85721,1.97,0.02
310,2021-02-01,PIE,8637,3051,5586,6161,1402,1074,0,577,8060,ITC,ITC1,1,Piemonte,Piemonte,4356406,94358,2.17,0.2
311,2021-01-06,PIE,3114,1110,2004,2368,433,313,0,3114,0,ITC,ITC1,1,Piemonte,Piemonte,4356406,97472,2.24,0.07
312,2021-01-20,PIE,6372,2033,4339,3560,1153,1659,0,5646,726,ITC,ITC1,1,Piemonte,Piemonte,4356406,103844,2.38,0.15
313,2021-01-25,PIE,6208,1938,4270,4781,865,562,0,980,5228,ITC,ITC1,1,Piemonte,Piemonte,4356406,110052,2.53,0.14
314,2020-12-27,PIE,912,368,544,760,76,76,0,912,0,ITC,ITC1,1,Piemonte,Piemonte,4356406,110964,2.55,0.02
315,2021-01-27,PIE,4193,1452,2741,2981,655,557,0,999,3194,ITC,ITC1,1,Piemonte,Piemonte,4356406,115157,2.64,0.1
316,2021-01-15,PIE,8958,2951,6007,5492,1925,1541,0,8958,0,ITC,ITC1,1,Piemonte,Piemonte,4356406,124115,2.85,0.21
317,2021-02-15,PIE,3866,1234,2632,2251,816,798,1,2662,1204,ITC,ITC1,1,Piemonte,Piemonte,4356406,127981,2.94,0.09
318,2021-02-03,PIE,10145,3292,6853,6613,2299,1233,0,609,9536,ITC,ITC1,1,Piemonte,Piemonte,4356406,138126,3.17,0.23
319,2021-01-08,PIE,5528,1761,3767,4078,1029,421,0,5528,0,ITC,ITC1,1,Piemonte,Piemonte,4356406,143654,3.3,0.13
320,2021-01-22,PIE,3817,1234,2583,2273,649,895,0,2475,1342,ITC,ITC1,1,Piemonte,Piemonte,4356406,147471,3.39,0.09
321,2021-02-05,PIE,9443,3073,6370,5757,2043,1643,0,654,8789,ITC,ITC1,1,Piemonte,Piemonte,4356406,156914,3.6,0.22
322,2021-01-10,PIE,5207,2273,2934,3904,784,519,0,5207,0,ITC,ITC1,1,Piemonte,Piemonte,4356406,162121,3.72,0.12
323,2021-02-10,PIE,7283,2310,4973,3834,1495,1954,0,1309,5974,ITC,ITC1,1,Piemonte,Piemonte,4356406,169404,3.89,0.17
324,2021-01-29,PIE,5846,1852,3994,4117,1057,672,0,453,5393,ITC,ITC1,1,Piemonte,Piemonte,4356406,175250,4.02,0.13
325,2021-01-03,PIE,3061,966,2095,2714,295,52,0,3061,0,ITC,ITC1,1,Piemonte,Piemonte,4356406,178311,4.09,0.07
326,2021-01-17,PIE,3517,1168,2349,2082,595,840,0,2869,648,ITC,ITC1,1,Piemonte,Piemonte,4356406,181828,4.17,0.08
327,2021-01-24,PIE,3150,957,2193,2632,372,146,0,434,2716,ITC,ITC1,1,Piemonte,Piemonte,4356406,184978,4.25,0.07
328,2021-01-12,PIE,9989,3387,6602,6821,1996,1172,0,9989,0,ITC,ITC1,1,Piemonte,Piemonte,4356406,194967,4.48,0.23
329,2021-02-12,PIE,6740,2148,4592,3494,1608,1638,0,3829,2911,ITC,ITC1,1,Piemonte,Piemonte,4356406,201707,4.63,0.15
330,2021-01-31,PIE,4105,1748,2357,3076,654,375,0,112,3993,ITC,ITC1,1,Piemonte,Piemonte,4356406,205812,4.72,0.09
331,2021-01-05,PIE,5376,1602,3774,4362,729,285,0,5376,0,ITC,ITC1,1,Piemonte,Piemonte,4356406,211188,4.85,0.12
332,2021-01-19,PIE,6310,2075,4235,3573,1291,1446,0,6297,13,ITC,ITC1,1,Piemonte,Piemonte,4356406,217498,4.99,0.14
333,2021-01-07,PIE,5370,1731,3639,4145,884,341,0,5370,0,ITC,ITC1,1,Piemonte,Piemonte,4356406,222868,5.12,0.12
334,2021-02-07,PIE,3085,974,2111,1648,662,775,0,445,2640,ITC,ITC1,1,Piemonte,Piemonte,4356406,225953,5.19,0.07
335,2021-01-26,PIE,6323,1875,4448,4720,875,728,0,734,5589,ITC,ITC1,1,Piemonte,Piemonte,4356406,232276,5.33,0.15
336,2020-12-31,PIE,3879,1318,2561,3387,358,134,0,3879,0,ITC,ITC1,1,Piemonte,Piemonte,4356406,236155,5.42,0.09
337,2021-02-14,PIE,1410,456,954,793,332,285,0,812,598,ITC,ITC1,1,Piemonte,Piemonte,4356406,237565,5.45,0.03
338,2021-01-02,PIE,3539,1134,2405,3072,414,53,0,3539,0,ITC,ITC1,1,Piemonte,Piemonte,4356406,241104,5.53,0.08
339,2021-02-02,PIE,10148,3483,6665,6817,2031,1300,0,785,9363,ITC,ITC1,1,Piemonte,Piemonte,4356406,251252,5.77,0.23
340,2021-02-16,PIE,1333,461,872,772,412,149,0,1002,331,ITC,ITC1,1,Piemonte,Piemonte,4356406,252585,5.8,0.03
341,2021-01-21,PIE,6705,2257,4448,4677,857,1171,0,3219,3486,ITC,ITC1,1,Piemonte,Piemonte,4356406,259290,5.95,0.15
342,2021-01-09,PIE,6181,2184,3997,4486,1127,568,0,6181,0,ITC,ITC1,1,Piemonte,Piemonte,4356406,265471,6.09,0.14
343,2021-02-09,PIE,7263,2293,4970,4138,1365,1760,0,717,6546,ITC,ITC1,1,Piemonte,Piemonte,4356406,272734,6.26,0.17
344,2021-01-14,PIE,9760,3150,6610,6175,2102,1483,0,9760,0,ITC,ITC1,1,Piemonte,Piemonte,4356406,282494,6.48,0.22
345,2021-01-28,PIE,5442,1770,3672,4019,852,571,0,349,5093,ITC,ITC1,1,Piemonte,Piemonte,4356406,287936,6.61,0.12
346,2021-02-01,EMR,10285,3593,6692,7425,1603,1257,0,365,9920,ITH,ITH5,8,Emilia-Romagna,Emilia-Romagna,4459477,10285,0.23,0.23
347,2021-01-06,EMR,8257,2938,5319,6822,784,651,0,8257,0,ITH,ITH5,8,Emilia-Romagna,Emilia-Romagna,4459477,18542,0.42,0.19
348,2021-02-13,EMR,3542,1064,2478,2763,531,91,157,2982,560,ITH,ITH5,8,Emilia-Romagna,Emilia-Romagna,4459477,22084,0.5,0.08
349,2021-01-25,EMR,6411,2127,4284,5224,509,678,0,220,6191,ITH,ITH5,8,Emilia-Romagna,Emilia-Romagna,4459477,28495,0.64,0.14
350,2021-01-13,EMR,9063,2939,6124,5860,1458,1745,0,9063,0,ITH,ITH5,8,Emilia-Romagna,Emilia-Romagna,4459477,37558,0.84,0.2
351,2021-01-23,EMR,2443,868,1575,1899,114,430,0,441,2002,ITH,ITH5,8,Emilia-Romagna,Emilia-Romagna,4459477,40001,0.9,0.05
352,2021-01-30,EMR,10034,3507,6527,7555,1710,769,0,143,9891,ITH,ITH5,8,Emilia-Romagna,Emilia-Romagna,4459477,50035,1.12,0.23
353,2021-01-04,EMR,7254,2509,4745,6151,526,577,0,7254,0,ITH,ITH5,8,Emilia-Romagna,Emilia-Romagna,4459477,57289,1.28,0.16
354,2021-01-18,EMR,3125,879,2246,1671,326,1128,0,2448,677,ITH,ITH5,8,Emilia-Romagna,Emilia-Romagna,4459477,60414,1.35,0.07
355,2021-02-11,EMR,4109,1377,2732,2433,740,633,303,3384,725,ITH,ITH5,8,Emilia-Romagna,Emilia-Romagna,4459477,64523,1.45,0.09
356,2021-02-06,EMR,7486,2363,5123,5277,1022,1148,39,2106,5380,ITH,ITH5,8,Emilia-Romagna,Emilia-Romagna,4459477,72009,1.61,0.17
357,2021-01-11,EMR,9323,3266,6057,6529,1528,1266,0,9323,0,ITH,ITH5,8,Emilia-Romagna,Emilia-Romagna,4459477,81332,1.82,0.21
358,2021-01-29,EMR,10281,3470,6811,8074,1229,978,0,284,9997,ITH,ITH5,8,Emilia-Romagna,Emilia-Romagna,4459477,91613,2.05,0.23
359,2021-01-03,EMR,2730,934,1796,2480,80,170,0,2730,0,ITH,ITH5,8,Emilia-Romagna,Emilia-Romagna,4459477,94343,2.12,0.06
360,2021-01-10,EMR,7121,2660,4461,5517,1110,494,0,7121,0,ITH,ITH5,8,Emilia-Romagna,Emilia-Romagna,4459477,101464,2.28,0.16
361,2021-02-10,EMR,3847,1340,2507,2292,589,731,235,2705,1142,ITH,ITH5,8,Emilia-Romagna,Emilia-Romagna,4459477,105311,2.36,0.09
362,2021-01-22,EMR,1827,476,1351,941,164,722,0,1088,739,ITH,ITH5,8,Emilia-Romagna,Emilia-Romagna,4459477,107138,2.4,0.04
363,2020-12-27,EMR,968,372,596,824,118,26,0,968,0,ITH,ITH5,8,Emilia-Romagna,Emilia-Romagna,4459477,108106,2.42,0.02
364,2021-01-15,EMR,7699,2392,5307,5255,1126,1318,0,7699,0,ITH,ITH5,8,Emilia-Romagna,Emilia-Romagna,4459477,115805,2.6,0.17
365,2021-02-15,EMR,2658,774,1884,1907,449,156,146,2533,125,ITH,ITH5,8,Emilia-Romagna,Emilia-Romagna,4459477,118463,2.66,0.06
366,2021-01-27,EMR,8311,2931,5380,6848,812,651,0,459,7852,ITH,ITH5,8,Emilia-Romagna,Emilia-Romagna,4459477,126774,2.84,0.19
367,2021-02-08,EMR,5089,1500,3589,2756,718,1476,139,2262,2827,ITH,ITH5,8,Emilia-Romagna,Emilia-Romagna,4459477,131863,2.96,0.11
368,2021-01-20,EMR,1321,269,1052,410,143,768,0,1320,1,ITH,ITH5,8,Emilia-Romagna,Emilia-Romagna,4459477,133184,2.99,0.03
369,2021-02-03,EMR,9265,2969,6296,6135,1428,1617,85,949,8316,ITH,ITH5,8,Emilia-Romagna,Emilia-Romagna,4459477,142449,3.19,0.21
370,2021-01-08,EMR,10804,3554,7250,8339,1388,1077,0,10804,0,ITH,ITH5,8,Emilia-Romagna,Emilia-Romagna,4459477,153253,3.44,0.24
371,2021-01-12,EMR,9314,3084,6230,6316,1367,1631,0,9314,0,ITH,ITH5,8,Emilia-Romagna,Emilia-Romagna,4459477,162567,3.65,0.21
372,2021-01-26,EMR,8324,3000,5324,6595,697,1032,0,218,8106,ITH,ITH5,8,Emilia-Romagna,Emilia-Romagna,4459477,170891,3.83,0.19
373,2021-01-07,EMR,10204,3381,6823,8169,968,1067,0,10204,0,ITH,ITH5,8,Emilia-Romagna,Emilia-Romagna,4459477,181095,4.06,0.23
374,2021-02-07,EMR,4785,1534,3251,3645,689,441,10,1726,3059,ITH,ITH5,8,Emilia-Romagna,Emilia-Romagna,4459477,185880,4.17,0.11
375,2021-01-19,EMR,2038,501,1537,747,135,1156,0,2021,17,ITH,ITH5,8,Emilia-Romagna,Emilia-Romagna,4459477,187918,4.21,0.05
376,2020-12-31,EMR,2205,776,1429,1672,206,327,0,2205,0,ITH,ITH5,8,Emilia-Romagna,Emilia-Romagna,4459477,190123,4.26,0.05
377,2021-01-31,EMR,7692,2758,4934,6170,1261,261,0,242,7450,ITH,ITH5,8,Emilia-Romagna,Emilia-Romagna,4459477,197815,4.44,0.17
378,2021-02-14,EMR,1390,375,1015,846,486,39,19,1270,120,ITH,ITH5,8,Emilia-Romagna,Emilia-Romagna,4459477,199205,4.47,0.03
379,2021-02-12,EMR,5069,1601,3468,3325,910,567,267,3764,1305,ITH,ITH5,8,Emilia-Romagna,Emilia-Romagna,4459477,204274,4.58,0.11
380,2021-01-24,EMR,2442,882,1560,2072,120,250,0,301,2141,ITH,ITH5,8,Emilia-Romagna,Emilia-Romagna,4459477,206716,4.64,0.05
381,2021-01-05,EMR,9325,3163,6162,7868,693,764,0,9325,0,ITH,ITH5,8,Emilia-Romagna,Emilia-Romagna,4459477,216041,4.84,0.21
382,2021-02-05,EMR,9182,2924,6258,6140,1335,1537,170,1598,7584,ITH,ITH5,8,Emilia-Romagna,Emilia-Romagna,4459477,225223,5.05,0.21
383,2021-01-17,EMR,2889,887,2002,1918,432,539,0,2643,246,ITH,ITH5,8,Emilia-Romagna,Emilia-Romagna,4459477,228112,5.12,0.06
384,2021-01-09,EMR,9872,3425,6447,7669,1323,880,0,9872,0,ITH,ITH5,8,Emilia-Romagna,Emilia-Romagna,4459477,237984,5.34,0.22
385,2021-02-04,EMR,9647,3134,6513,6243,1729,1558,117,1178,8469,ITH,ITH5,8,Emilia-Romagna,Emilia-Romagna,4459477,247631,5.55,0.22
386,2021-01-16,EMR,5591,1716,3875,3653,830,1108,0,5591,0,ITH,ITH5,8,Emilia-Romagna,Emilia-Romagna,4459477,253222,5.68,0.13
387,2021-01-28,EMR,10221,3334,6887,8062,1037,1122,0,353,9868,ITH,ITH5,8,Emilia-Romagna,Emilia-Romagna,4459477,263443,5.91,0.23
388,2021-02-09,EMR,4111,1231,2880,2214,488,1196,213,2265,1846,ITH,ITH5,8,Emilia-Romagna,Emilia-Romagna,4459477,267554,6.0,0.09
389,2021-01-21,EMR,2145,724,1421,1275,219,651,0,804,1341,ITH,ITH5,8,Emilia-Romagna,Emilia-Romagna,4459477,269699,6.05,0.05
390,2021-01-02,EMR,2347,903,1444,2071,79,197,0,2347,0,ITH,ITH5,8,Emilia-Romagna,Emilia-Romagna,4459477,272046,6.1,0.05
391,2021-02-02,EMR,9301,2986,6315,6154,1522,1555,70,483,8818,ITH,ITH5,8,Emilia-Romagna,Emilia-Romagna,4459477,281347,6.31,0.21
392,2021-01-14,EMR,8085,2572,5513,5330,1151,1604,0,8085,0,ITH,ITH5,8,Emilia-Romagna,Emilia-Romagna,4459477,289432,6.49,0.18
393,2021-01-27,VDA,151,71,80,53,27,18,53,79,72,ITC,ITC2,2,Valle d'Aosta / Vallée d'Aoste,Valle d'Aosta,125666,151,0.12,0.12
394,2020-12-27,VDA,20,9,11,20,0,0,0,20,0,ITC,ITC2,2,Valle d'Aosta / Vallée d'Aoste,Valle d'Aosta,125666,171,0.14,0.02
395,2021-01-08,VDA,299,130,169,240,43,16,0,299,0,ITC,ITC2,2,Valle d'Aosta / Vallée d'Aoste,Valle d'Aosta,125666,470,0.37,0.24
396,2021-02-03,VDA,348,114,234,157,141,49,1,13,335,ITC,ITC2,2,Valle d'Aosta / Vallée d'Aoste,Valle d'Aosta,125666,818,0.65,0.28
397,2021-02-15,VDA,264,136,128,24,46,24,170,229,35,ITC,ITC2,2,Valle d'Aosta / Vallée d'Aoste,Valle d'Aosta,125666,1082,0.86,0.21
398,2021-01-15,VDA,218,82,136,116,68,28,6,218,0,ITC,ITC2,2,Valle d'Aosta / Vallée d'Aoste,Valle d'Aosta,125666,1300,1.03,0.17
399,2021-01-10,VDA,220,71,149,172,29,19,0,220,0,ITC,ITC2,2,Valle d'Aosta / Vallée d'Aoste,Valle d'Aosta,125666,1520,1.21,0.18
400,2021-02-05,VDA,294,102,192,159,82,0,53,101,193,ITC,ITC2,2,Valle d'Aosta / Vallée d'Aoste,Valle d'Aosta,125666,1814,1.44,0.23
401,2021-01-22,VDA,56,21,35,36,0,20,0,20,36,ITC,ITC2,2,Valle d'Aosta / Vallée d'Aoste,Valle d'Aosta,125666,1870,1.49,0.04
402,2021-01-17,VDA,131,56,75,49,3,20,59,131,0,ITC,ITC2,2,Valle d'Aosta / Vallée d'Aoste,Valle d'Aosta,125666,2001,1.59,0.1
403,2021-01-29,VDA,316,138,178,259,41,16,0,2,314,ITC,ITC2,2,Valle d'Aosta / Vallée d'Aoste,Valle d'Aosta,125666,2317,1.84,0.25
404,2021-02-10,VDA,227,75,152,48,43,10,126,131,96,ITC,ITC2,2,Valle d'Aosta / Vallée d'Aoste,Valle d'Aosta,125666,2544,2.02,0.18
405,2021-01-05,VDA,150,54,96,127,12,11,0,150,0,ITC,ITC2,2,Valle d'Aosta / Vallée d'Aoste,Valle d'Aosta,125666,2694,2.14,0.12
406,2021-01-31,VDA,290,90,200,231,41,18,0,58,232,ITC,ITC2,2,Valle d'Aosta / Vallée d'Aoste,Valle d'Aosta,125666,2984,2.37,0.23
407,2021-02-12,VDA,245,94,151,51,50,13,131,215,30,ITC,ITC2,2,Valle d'Aosta / Vallée d'Aoste,Valle d'Aosta,125666,3229,2.57,0.19
408,2021-01-12,VDA,302,72,230,242,49,11,0,302,0,ITC,ITC2,2,Valle d'Aosta / Vallée d'Aoste,Valle d'Aosta,125666,3531,2.81,0.24
409,2021-01-07,VDA,275,111,164,224,46,5,0,275,0,ITC,ITC2,2,Valle d'Aosta / Vallée d'Aoste,Valle d'Aosta,125666,3806,3.03,0.22
410,2021-02-02,VDA,270,70,200,225,43,2,0,2,268,ITC,ITC2,2,Valle d'Aosta / Vallée d'Aoste,Valle d'Aosta,125666,4076,3.24,0.21
411,2021-01-19,VDA,256,77,179,160,24,15,57,256,0,ITC,ITC2,2,Valle d'Aosta / Vallée d'Aoste,Valle d'Aosta,125666,4332,3.45,0.2
412,2021-02-14,VDA,48,16,32,6,0,42,0,1,47,ITC,ITC2,2,Valle d'Aosta / Vallée d'Aoste,Valle d'Aosta,125666,4380,3.49,0.04
413,2021-01-14,VDA,237,69,168,151,84,0,2,237,0,ITC,ITC2,2,Valle d'Aosta / Vallée d'Aoste,Valle d'Aosta,125666,4617,3.67,0.19
414,2020-12-31,VDA,18,4,14,16,2,0,0,18,0,ITC,ITC2,2,Valle d'Aosta / Vallée d'Aoste,Valle d'Aosta,125666,4635,3.69,0.01
415,2021-01-26,VDA,139,48,91,115,12,12,0,0,139,ITC,ITC2,2,Valle d'Aosta / Vallée d'Aoste,Valle d'Aosta,125666,4774,3.8,0.11
416,2021-02-07,VDA,292,120,172,110,77,0,105,190,102,ITC,ITC2,2,Valle d'Aosta / Vallée d'Aoste,Valle d'Aosta,125666,5066,4.03,0.23
417,2021-02-16,VDA,41,1,40,4,34,3,0,37,4,ITC,ITC2,2,Valle d'Aosta / Vallée d'Aoste,Valle d'Aosta,125666,5107,4.06,0.03
418,2021-01-02,VDA,6,5,1,0,0,6,0,6,0,ITC,ITC2,2,Valle d'Aosta / Vallée d'Aoste,Valle d'Aosta,125666,5113,4.07,0.0
419,2021-01-28,VDA,290,123,167,194,88,6,2,56,234,ITC,ITC2,2,Valle d'Aosta / Vallée d'Aoste,Valle d'Aosta,125666,5403,4.3,0.23
420,2021-02-09,VDA,244,81,163,78,84,7,75,61,183,ITC,ITC2,2,Valle d'Aosta / Vallée d'Aoste,Valle d'Aosta,125666,5647,4.49,0.19
421,2021-01-09,VDA,443,199,244,225,196,22,0,443,0,ITC,ITC2,2,Valle d'Aosta / Vallée d'Aoste,Valle d'Aosta,125666,6090,4.85,0.35
422,2021-01-21,VDA,33,12,21,0,0,33,0,33,0,ITC,ITC2,2,Valle d'Aosta / Vallée d'Aoste,Valle d'Aosta,125666,6123,4.87,0.03
423,2021-01-16,VDA,236,80,156,127,36,22,51,236,0,ITC,ITC2,2,Valle d'Aosta / Vallée d'Aoste,Valle d'Aosta,125666,6359,5.06,0.19
424,2021-02-11,VDA,231,107,124,53,51,0,127,222,9,ITC,ITC2,2,Valle d'Aosta / Vallée d'Aoste,Valle d'Aosta,125666,6590,5.24,0.18
425,2021-02-04,VDA,293,85,208,167,91,34,1,7,286,ITC,ITC2,2,Valle d'Aosta / Vallée d'Aoste,Valle d'Aosta,125666,6883,5.48,0.23
426,2021-01-04,VDA,142,59,83,126,16,0,0,142,0,ITC,ITC2,2,Valle d'Aosta / Vallée d'Aoste,Valle d'Aosta,125666,7025,5.59,0.11
427,2021-01-30,VDA,436,202,234,232,192,12,0,13,423,ITC,ITC2,2,Valle d'Aosta / Vallée d'Aoste,Valle d'Aosta,125666,7461,5.94,0.35
428,2021-01-25,VDA,147,65,82,125,16,6,0,0,147,ITC,ITC2,2,Valle d'Aosta / Vallée d'Aoste,Valle d'Aosta,125666,7608,6.05,0.12
429,2021-01-11,VDA,325,112,213,238,57,30,0,325,0,ITC,ITC2,2,Valle d'Aosta / Vallée d'Aoste,Valle d'Aosta,125666,7933,6.31,0.26
430,2021-02-06,VDA,288,103,185,169,45,0,74,91,197,ITC,ITC2,2,Valle d'Aosta / Vallée d'Aoste,Valle d'Aosta,125666,8221,6.54,0.23
431,2021-01-06,VDA,65,33,32,29,18,18,0,65,0,ITC,ITC2,2,Valle d'Aosta / Vallée d'Aoste,Valle d'Aosta,125666,8286,6.59,0.05
432,2021-01-18,VDA,213,74,139,29,111,27,46,213,0,ITC,ITC2,2,Valle d'Aosta / Vallée d'Aoste,Valle d'Aosta,125666,8499,6.76,0.17
433,2021-02-13,VDA,215,195,20,0,215,0,0,215,0,ITC,ITC2,2,Valle d'Aosta / Vallée d'Aoste,Valle d'Aosta,125666,8714,6.93,0.17
434,2021-01-13,VDA,337,110,227,166,143,28,0,337,0,ITC,ITC2,2,Valle d'Aosta / Vallée d'Aoste,Valle d'Aosta,125666,9051,7.2,0.27
435,2021-02-08,VDA,220,82,138,28,128,0,64,22,198,ITC,ITC2,2,Valle d'Aosta / Vallée d'Aoste,Valle d'Aosta,125666,9271,7.38,0.18
436,2021-01-20,VDA,23,8,15,0,0,6,17,23,0,ITC,ITC2,2,Valle d'Aosta / Vallée d'Aoste,Valle d'Aosta,125666,9294,7.4,0.02
437,2021-02-01,VDA,397,124,273,268,60,69,0,81,316,ITC,ITC2,2,Valle d'Aosta / Vallée d'Aoste,Valle d'Aosta,125666,9691,7.71,0.32
438,2021-01-02,LIG,686,245,441,590,96,0,0,686,0,ITC,ITC3,7,Liguria,Liguria,1550640,686,0.04,0.04
439,2021-02-02,LIG,2534,953,1581,1831,265,438,0,223,2311,ITC,ITC3,7,Liguria,Liguria,1550640,3220,0.21,0.16
440,2021-01-21,LIG,831,308,523,440,193,197,1,460,371,ITC,ITC3,7,Liguria,Liguria,1550640,4051,0.26,0.05
441,2021-02-09,LIG,1655,624,1031,929,384,342,0,331,1324,ITC,ITC3,7,Liguria,Liguria,1550640,5706,0.37,0.11
442,2021-01-14,LIG,2610,926,1684,1609,573,428,0,2610,0,ITC,ITC3,7,Liguria,Liguria,1550640,8316,0.54,0.17
443,2021-01-28,LIG,2743,935,1808,2127,310,306,0,34,2709,ITC,ITC3,7,Liguria,Liguria,1550640,11059,0.71,0.18
444,2021-02-11,LIG,1240,503,737,754,243,243,0,838,402,ITC,ITC3,7,Liguria,Liguria,1550640,12299,0.79,0.08
445,2021-01-16,LIG,1254,544,710,687,268,299,0,1254,0,ITC,ITC3,7,Liguria,Liguria,1550640,13553,0.87,0.08
446,2021-02-16,LIG,423,168,255,191,79,8,145,408,15,ITC,ITC3,7,Liguria,Liguria,1550640,13976,0.9,0.03
447,2021-02-04,LIG,2749,960,1789,1789,492,468,0,237,2512,ITC,ITC3,7,Liguria,Liguria,1550640,16725,1.08,0.18
448,2021-01-09,LIG,1306,464,842,947,173,186,0,1306,0,ITC,ITC3,7,Liguria,Liguria,1550640,18031,1.16,0.08
449,2021-01-23,LIG,799,289,510,630,126,43,0,145,654,ITC,ITC3,7,Liguria,Liguria,1550640,18830,1.21,0.05
450,2020-12-28,LIG,75,26,49,72,3,0,0,75,0,ITC,ITC3,7,Liguria,Liguria,1550640,18905,1.22,0.0
451,2020-12-30,LIG,9,3,6,9,0,0,0,9,0,ITC,ITC3,7,Liguria,Liguria,1550640,18914,1.22,0.0
452,2021-01-30,LIG,1624,548,1076,1208,166,250,0,21,1603,ITC,ITC3,7,Liguria,Liguria,1550640,20538,1.32,0.1
453,2021-01-04,LIG,2370,782,1588,2053,226,91,0,2370,0,ITC,ITC3,7,Liguria,Liguria,1550640,22908,1.48,0.15
454,2021-01-18,LIG,1632,624,1008,1004,409,219,0,1483,149,ITC,ITC3,7,Liguria,Liguria,1550640,24540,1.58,0.11
455,2021-02-06,LIG,1869,756,1113,1252,242,375,0,145,1724,ITC,ITC3,7,Liguria,Liguria,1550640,26409,1.7,0.12
456,2021-01-11,LIG,2467,910,1557,1869,326,272,0,2467,0,ITC,ITC3,7,Liguria,Liguria,1550640,28876,1.86,0.16
457,2021-01-25,LIG,2572,835,1737,2069,220,283,0,462,2110,ITC,ITC3,7,Liguria,Liguria,1550640,31448,2.03,0.17
458,2021-01-13,LIG,2635,964,1671,1811,372,452,0,2635,0,ITC,ITC3,7,Liguria,Liguria,1550640,34083,2.2,0.17
459,2021-02-13,LIG,1052,494,558,501,157,140,254,781,271,ITC,ITC3,7,Liguria,Liguria,1550640,35135,2.27,0.07
460,2021-02-01,LIG,2317,841,1476,1795,210,312,0,68,2249,ITC,ITC3,7,Liguria,Liguria,1550640,37452,2.42,0.15
461,2021-01-06,LIG,1628,601,1027,1197,254,113,64,1628,0,ITC,ITC3,7,Liguria,Liguria,1550640,39080,2.52,0.1
462,2021-01-08,LIG,2685,927,1758,1911,429,345,0,2685,0,ITC,ITC3,7,Liguria,Liguria,1550640,41765,2.69,0.17
463,2021-02-08,LIG,1728,678,1050,1143,387,198,0,292,1436,ITC,ITC3,7,Liguria,Liguria,1550640,43493,2.8,0.11
464,2020-12-27,LIG,132,54,78,85,2,45,0,132,0,ITC,ITC3,7,Liguria,Liguria,1550640,43625,2.81,0.01
465,2021-01-27,LIG,1613,576,1037,1264,174,175,0,180,1433,ITC,ITC3,7,Liguria,Liguria,1550640,45238,2.92,0.1
466,2021-01-01,LIG,144,55,89,139,5,0,0,144,0,ITC,ITC3,7,Liguria,Liguria,1550640,45382,2.93,0.01
467,2021-01-15,LIG,2165,727,1438,1226,430,509,0,2165,0,ITC,ITC3,7,Liguria,Liguria,1550640,47547,3.07,0.14
468,2021-02-15,LIG,1632,625,1007,788,257,102,485,1457,175,ITC,ITC3,7,Liguria,Liguria,1550640,49179,3.17,0.11
469,2021-01-20,LIG,1184,449,735,535,330,319,0,1173,11,ITC,ITC3,7,Liguria,Liguria,1550640,50363,3.25,0.08
470,2021-02-03,LIG,2142,733,1409,1508,281,353,0,240,1902,ITC,ITC3,7,Liguria,Liguria,1550640,52505,3.39,0.14
471,2021-01-22,LIG,1623,545,1078,861,269,493,0,1150,473,ITC,ITC3,7,Liguria,Liguria,1550640,54128,3.49,0.1
472,2021-01-10,LIG,591,245,346,319,130,142,0,591,0,ITC,ITC3,7,Liguria,Liguria,1550640,54719,3.53,0.04
473,2021-02-10,LIG,2074,763,1311,1171,440,463,0,1057,1017,ITC,ITC3,7,Liguria,Liguria,1550640,56793,3.66,0.13
474,2021-01-29,LIG,2801,977,1824,2115,330,356,0,40,2761,ITC,ITC3,7,Liguria,Liguria,1550640,59594,3.84,0.18
475,2021-01-03,LIG,727,226,501,651,76,0,0,727,0,ITC,ITC3,7,Liguria,Liguria,1550640,60321,3.89,0.05
476,2021-01-05,LIG,2754,860,1894,2217,306,231,0,2754,0,ITC,ITC3,7,Liguria,Liguria,1550640,63075,4.07,0.18
477,2021-02-05,LIG,2263,835,1428,1485,444,334,0,221,2042,ITC,ITC3,7,Liguria,Liguria,1550640,65338,4.21,0.15
478,2021-01-24,LIG,750,233,517,626,64,60,0,113,637,ITC,ITC3,7,Liguria,Liguria,1550640,66088,4.26,0.05
479,2020-12-29,LIG,118,32,86,87,10,21,0,118,0,ITC,ITC3,7,Liguria,Liguria,1550640,66206,4.27,0.01
480,2021-02-12,LIG,1482,608,874,660,191,202,429,962,520,ITC,ITC3,7,Liguria,Liguria,1550640,67688,4.37,0.1
481,2021-01-17,LIG,856,298,558,458,137,261,0,856,0,ITC,ITC3,7,Liguria,Liguria,1550640,68544,4.42,0.06
482,2021-02-14,LIG,164,92,72,29,30,105,0,164,0,ITC,ITC3,7,Liguria,Liguria,1550640,68708,4.43,0.01
483,2021-01-19,LIG,1175,398,777,573,349,253,0,1090,85,ITC,ITC3,7,Liguria,Liguria,1550640,69883,4.51,0.08
484,2021-01-07,LIG,2936,1015,1921,2144,434,358,0,2936,0,ITC,ITC3,7,Liguria,Liguria,1550640,72819,4.7,0.19
485,2021-02-07,LIG,399,150,249,146,70,183,0,3,396,ITC,ITC3,7,Liguria,Liguria,1550640,73218,4.72,0.03
486,2021-01-12,LIG,2235,822,1413,1569,290,376,0,2235,0,ITC,ITC3,7,Liguria,Liguria,1550640,75453,4.87,0.14
487,2021-01-26,LIG,2393,775,1618,1880,262,251,0,153,2240,ITC,ITC3,7,Liguria,Liguria,1550640,77846,5.02,0.15
488,2020-12-31,LIG,948,334,614,713,54,153,28,948,0,ITC,ITC3,7,Liguria,Liguria,1550640,78794,5.08,0.06
489,2021-01-31,LIG,617,264,353,382,101,134,0,7,610,ITC,ITC3,7,Liguria,Liguria,1550640,79411,5.12,0.04
490,2021-01-25,CAL,1064,512,552,1021,43,0,0,156,908,ITF,ITF6,18,Calabria,Calabria,1947131,1064,0.05,0.05
491,2021-01-06,CAL,926,500,426,822,104,0,0,926,0,ITF,ITF6,18,Calabria,Calabria,1947131,1990,0.1,0.05
492,2021-02-01,CAL,2495,1191,1304,2044,408,43,0,247,2248,ITF,ITF6,18,Calabria,Calabria,1947131,4485,0.23,0.13
493,2021-02-13,CAL,234,101,133,103,129,2,0,174,60,ITF,ITF6,18,Calabria,Calabria,1947131,4719,0.24,0.01
494,2021-01-13,CAL,2028,1022,1006,1800,194,34,0,2028,0,ITF,ITF6,18,Calabria,Calabria,1947131,6747,0.35,0.1
495,2021-01-11,CAL,2154,1040,1114,1759,392,3,0,2154,0,ITF,ITF6,18,Calabria,Calabria,1947131,8901,0.46,0.11
496,2021-02-06,CAL,2908,1337,1571,2094,567,247,0,442,2466,ITF,ITF6,18,Calabria,Calabria,1947131,11809,0.61,0.15
497,2021-01-23,CAL,400,186,214,325,52,23,0,358,42,ITF,ITF6,18,Calabria,Calabria,1947131,12209,0.63,0.02
498,2021-01-18,CAL,1230,550,680,982,237,11,0,1040,190,ITF,ITF6,18,Calabria,Calabria,1947131,13439,0.69,0.06
499,2021-01-04,CAL,996,492,504,969,27,0,0,996,0,ITF,ITF6,18,Calabria,Calabria,1947131,14435,0.74,0.05
500,2021-01-30,CAL,2173,1147,1026,1974,199,0,0,358,1815,ITF,ITF6,18,Calabria,Calabria,1947131,16608,0.85,0.11
501,2021-01-03,CAL,6,3,3,4,2,0,0,6,0,ITF,ITF6,18,Calabria,Calabria,1947131,16614,0.85,0.0
502,2021-01-29,CAL,2046,984,1062,1751,247,48,0,233,1813,ITF,ITF6,18,Calabria,Calabria,1947131,18660,0.96,0.11
503,2021-02-10,CAL,1637,746,891,974,371,292,0,534,1103,ITF,ITF6,18,Calabria,Calabria,1947131,20297,1.04,0.08
504,2021-01-15,CAL,2793,1258,1535,1690,691,412,0,2793,0,ITF,ITF6,18,Calabria,Calabria,1947131,23090,1.19,0.14
505,2020-12-27,CAL,275,150,125,274,1,0,0,275,0,ITF,ITF6,18,Calabria,Calabria,1947131,23365,1.2,0.01
506,2021-01-10,CAL,929,524,405,830,99,0,0,929,0,ITF,ITF6,18,Calabria,Calabria,1947131,24294,1.25,0.05
507,2021-01-22,CAL,656,274,382,298,248,110,0,654,2,ITF,ITF6,18,Calabria,Calabria,1947131,24950,1.28,0.03
508,2021-01-08,CAL,2109,1014,1095,1898,211,0,0,2109,0,ITF,ITF6,18,Calabria,Calabria,1947131,27059,1.39,0.11
509,2021-02-03,CAL,2518,1313,1205,2054,361,103,0,577,1941,ITF,ITF6,18,Calabria,Calabria,1947131,29577,1.52,0.13
510,2021-01-20,CAL,1395,622,773,864,352,179,0,1394,1,ITF,ITF6,18,Calabria,Calabria,1947131,30972,1.59,0.07
511,2021-01-27,CAL,1457,734,723,1226,208,23,0,396,1061,ITF,ITF6,18,Calabria,Calabria,1947131,32429,1.67,0.07
512,2021-02-08,CAL,1641,650,991,1040,480,121,0,459,1182,ITF,ITF6,18,Calabria,Calabria,1947131,34070,1.75,0.08
513,2021-01-31,CAL,1107,554,553,764,285,58,0,155,952,ITF,ITF6,18,Calabria,Calabria,1947131,35177,1.81,0.06
514,2021-02-14,CAL,371,145,226,146,142,83,0,341,30,ITF,ITF6,18,Calabria,Calabria,1947131,35548,1.83,0.02
515,2021-01-26,CAL,1803,859,944,1569,164,70,0,283,1520,ITF,ITF6,18,Calabria,Calabria,1947131,37351,1.92,0.09
516,2021-01-12,CAL,2058,1017,1041,1706,323,29,0,2058,0,ITF,ITF6,18,Calabria,Calabria,1947131,39409,2.02,0.11
517,2021-02-07,CAL,858,427,431,565,212,81,0,146,712,ITF,ITF6,18,Calabria,Calabria,1947131,40267,2.07,0.04
518,2021-01-07,CAL,2179,1061,1118,1882,297,0,0,2179,0,ITF,ITF6,18,Calabria,Calabria,1947131,42446,2.18,0.11
519,2021-01-19,CAL,1108,488,620,852,180,76,0,1098,10,ITF,ITF6,18,Calabria,Calabria,1947131,43554,2.24,0.06
520,2021-01-05,CAL,1350,618,732,1256,94,0,0,1350,0,ITF,ITF6,18,Calabria,Calabria,1947131,44904,2.31,0.07
521,2021-01-17,CAL,867,418,449,527,292,48,0,801,66,ITF,ITF6,18,Calabria,Calabria,1947131,45771,2.35,0.04
522,2021-02-12,CAL,495,163,332,199,271,25,0,276,219,ITF,ITF6,18,Calabria,Calabria,1947131,46266,2.38,0.03
523,2021-01-24,CAL,44,18,26,15,3,26,0,39,5,ITF,ITF6,18,Calabria,Calabria,1947131,46310,2.38,0.0
524,2021-02-05,CAL,2009,895,1114,1205,434,370,0,337,1672,ITF,ITF6,18,Calabria,Calabria,1947131,48319,2.48,0.1
525,2021-01-28,CAL,2232,1107,1125,1920,312,0,0,84,2148,ITF,ITF6,18,Calabria,Calabria,1947131,50551,2.6,0.11
526,2020-12-28,CAL,6,2,4,6,0,0,0,6,0,ITF,ITF6,18,Calabria,Calabria,1947131,50557,2.6,0.0
527,2021-01-09,CAL,1916,1036,880,1529,387,0,0,1916,0,ITF,ITF6,18,Calabria,Calabria,1947131,52473,2.69,0.1
528,2021-02-04,CAL,3108,1506,1602,2407,479,222,0,644,2464,ITF,ITF6,18,Calabria,Calabria,1947131,55581,2.85,0.16
529,2021-01-16,CAL,2394,1120,1274,1664,489,241,0,2394,0,ITF,ITF6,18,Calabria,Calabria,1947131,57975,2.98,0.12
530,2021-01-14,CAL,2556,1214,1342,1962,591,3,0,2556,0,ITF,ITF6,18,Calabria,Calabria,1947131,60531,3.11,0.13
531,2021-02-09,CAL,2091,886,1205,1377,483,231,0,941,1150,ITF,ITF6,18,Calabria,Calabria,1947131,62622,3.22,0.11
532,2021-01-21,CAL,958,444,514,735,108,115,0,929,29,ITF,ITF6,18,Calabria,Calabria,1947131,63580,3.27,0.05
533,2021-02-02,CAL,2005,993,1012,1623,307,75,0,170,1835,ITF,ITF6,18,Calabria,Calabria,1947131,65585,3.37,0.1
534,2021-01-02,CAL,165,94,71,165,0,0,0,165,0,ITF,ITF6,18,Calabria,Calabria,1947131,65750,3.38,0.01
535,2021-01-18,CAM,956,399,557,576,194,186,0,712,244,ITF,ITF3,15,Campania,Campania,5801692,956,0.02,0.02
536,2021-02-13,CAM,5498,2543,2955,948,809,131,3610,5280,218,ITF,ITF3,15,Campania,Campania,5801692,6454,0.11,0.09
537,2021-01-25,CAM,5744,2926,2818,4743,945,56,0,164,5580,ITF,ITF3,15,Campania,Campania,5801692,12198,0.21,0.1
538,2021-02-06,CAM,5340,2665,2675,1990,2877,458,15,2102,3238,ITF,ITF3,15,Campania,Campania,5801692,17538,0.3,0.09
539,2021-01-06,CAM,7651,3748,3903,5780,1571,300,0,7651,0,ITF,ITF3,15,Campania,Campania,5801692,25189,0.43,0.13
540,2021-01-30,CAM,10721,5079,5642,6930,3564,227,0,39,10682,ITF,ITF3,15,Campania,Campania,5801692,35910,0.62,0.18
541,2021-01-04,CAM,5823,2961,2862,4848,975,0,0,5823,0,ITF,ITF3,15,Campania,Campania,5801692,41733,0.72,0.1
542,2021-01-16,CAM,3370,1675,1695,1356,1641,373,0,3370,0,ITF,ITF3,15,Campania,Campania,5801692,45103,0.78,0.06
543,2021-02-11,CAM,6275,2702,3573,1861,1922,129,2363,6210,65,ITF,ITF3,15,Campania,Campania,5801692,51378,0.89,0.11
544,2021-01-11,CAM,4069,1869,2200,2383,1434,252,0,4069,0,ITF,ITF3,15,Campania,Campania,5801692,55447,0.96,0.07
545,2021-01-23,CAM,3838,2029,1809,3161,609,68,0,272,3566,ITF,ITF3,15,Campania,Campania,5801692,59285,1.02,0.07
546,2021-02-04,CAM,7941,3427,4514,3964,3684,292,1,1308,6633,ITF,ITF3,15,Campania,Campania,5801692,67226,1.16,0.14
547,2021-02-10,CAM,6903,3421,3482,1944,2714,88,2157,6738,165,ITF,ITF3,15,Campania,Campania,5801692,74129,1.28,0.12
548,2020-12-27,CAM,720,422,298,703,17,0,0,720,0,ITF,ITF3,15,Campania,Campania,5801692,74849,1.29,0.01
549,2021-01-22,CAM,1522,774,748,970,344,208,0,672,850,ITF,ITF3,15,Campania,Campania,5801692,76371,1.32,0.03
550,2021-02-03,CAM,8895,3998,4897,4733,3447,714,1,877,8018,ITF,ITF3,15,Campania,Campania,5801692,85266,1.47,0.15
551,2021-01-03,CAM,3836,2009,1827,3191,645,0,0,3836,0,ITF,ITF3,15,Campania,Campania,5801692,89102,1.54,0.07
552,2021-01-15,CAM,4981,2381,2600,2740,2050,191,0,4981,0,ITF,ITF3,15,Campania,Campania,5801692,94083,1.62,0.09
553,2021-01-01,CAM,919,506,413,831,88,0,0,919,0,ITF,ITF3,15,Campania,Campania,5801692,95002,1.64,0.02
554,2021-01-27,CAM,7731,3816,3915,5832,1629,270,0,161,7570,ITF,ITF3,15,Campania,Campania,5801692,102733,1.77,0.13
555,2021-01-13,CAM,8018,3665,4353,4352,3080,586,0,8018,0,ITF,ITF3,15,Campania,Campania,5801692,110751,1.91,0.14
556,2021-02-08,CAM,5109,2448,2661,1386,2119,226,1378,4307,802,ITF,ITF3,15,Campania,Campania,5801692,115860,2.0,0.09
557,2021-01-08,CAM,10454,4969,5485,6713,3529,212,0,10454,0,ITF,ITF3,15,Campania,Campania,5801692,126314,2.18,0.18
558,2021-01-20,CAM,1257,650,607,395,761,101,0,1257,0,ITF,ITF3,15,Campania,Campania,5801692,127571,2.2,0.02
559,2021-02-15,CAM,5440,2499,2941,975,1001,94,3370,5266,174,ITF,ITF3,15,Campania,Campania,5801692,133011,2.29,0.09
560,2021-02-01,CAM,3985,1813,2172,2504,1329,152,0,110,3875,ITF,ITF3,15,Campania,Campania,5801692,136996,2.36,0.07
561,2021-02-07,CAM,2934,1385,1549,710,1708,226,290,2156,778,ITF,ITF3,15,Campania,Campania,5801692,139930,2.41,0.05
562,2021-01-24,CAM,4128,2123,2005,3140,822,166,0,383,3745,ITF,ITF3,15,Campania,Campania,5801692,144058,2.48,0.07
563,2021-01-05,CAM,7240,3641,3599,5813,1321,106,0,7240,0,ITF,ITF3,15,Campania,Campania,5801692,151298,2.61,0.12
564,2021-01-19,CAM,1095,474,621,534,390,171,0,1092,3,ITF,ITF3,15,Campania,Campania,5801692,152393,2.63,0.02
565,2021-01-31,CAM,8067,3711,4356,5107,2893,67,0,23,8044,ITF,ITF3,15,Campania,Campania,5801692,160460,2.77,0.14
566,2020-12-31,CAM,1490,811,679,1273,216,1,0,1490,0,ITF,ITF3,15,Campania,Campania,5801692,161950,2.79,0.03
567,2021-02-12,CAM,6545,2868,3677,1808,1472,214,3051,6332,213,ITF,ITF3,15,Campania,Campania,5801692,168495,2.9,0.11
568,2021-01-12,CAM,5214,2563,2651,3439,1435,340,0,5214,0,ITF,ITF3,15,Campania,Campania,5801692,173709,2.99,0.09
569,2021-01-10,CAM,8166,3738,4428,5180,2889,97,0,8166,0,ITF,ITF3,15,Campania,Campania,5801692,181875,3.13,0.14
570,2021-02-05,CAM,7253,3460,3793,3444,3496,304,9,2128,5125,ITF,ITF3,15,Campania,Campania,5801692,189128,3.26,0.13
571,2021-01-17,CAM,1155,551,604,718,286,151,0,702,453,ITF,ITF3,15,Campania,Campania,5801692,190283,3.28,0.02
572,2021-01-29,CAM,10050,4811,5239,6404,3387,259,0,47,10003,ITF,ITF3,15,Campania,Campania,5801692,200333,3.45,0.17
573,2021-01-21,CAM,2092,1115,977,1378,639,75,0,677,1415,ITF,ITF3,15,Campania,Campania,5801692,202425,3.49,0.04
574,2021-02-16,CAM,2183,1000,1183,449,494,86,1154,1852,331,ITF,ITF3,15,Campania,Campania,5801692,204608,3.53,0.04
575,2021-01-02,CAM,3674,1963,1711,3167,507,0,0,3674,0,ITF,ITF3,15,Campania,Campania,5801692,208282,3.59,0.06
576,2021-01-28,CAM,8827,4122,4705,6211,2269,347,0,133,8694,ITF,ITF3,15,Campania,Campania,5801692,217109,3.74,0.15
577,2021-02-09,CAM,4627,2192,2435,1148,2137,6,1336,4375,252,ITF,ITF3,15,Campania,Campania,5801692,221736,3.82,0.08
578,2021-01-09,CAM,10565,5025,5540,6758,3538,269,0,10565,0,ITF,ITF3,15,Campania,Campania,5801692,232301,4.0,0.18
579,2021-01-07,CAM,8904,4162,4742,6309,2263,332,0,8904,0,ITF,ITF3,15,Campania,Campania,5801692,241205,4.16,0.15
580,2021-02-02,CAM,5722,2804,2918,3640,1728,354,0,443,5279,ITF,ITF3,15,Campania,Campania,5801692,246927,4.26,0.1
581,2021-02-14,CAM,3933,1927,2006,550,905,17,2461,3890,43,ITF,ITF3,15,Campania,Campania,5801692,250860,4.32,0.07
582,2021-01-14,CAM,7073,2977,4096,3707,3016,350,0,7073,0,ITF,ITF3,15,Campania,Campania,5801692,257933,4.45,0.12
583,2021-01-26,CAM,7293,3701,3592,5738,1333,222,0,352,6941,ITF,ITF3,15,Campania,Campania,5801692,265226,4.57,0.13
584,2021-01-28,TOS,6274,1881,4393,5421,66,787,0,348,5926,ITI,ITI1,9,Toscana,Toscana,3729641,6274,0.17,0.17
585,2021-01-02,TOS,3497,1097,2400,2682,15,800,0,3497,0,ITI,ITI1,9,Toscana,Toscana,3729641,9771,0.26,0.09
586,2021-02-09,TOS,4472,1461,3011,3580,388,504,0,3864,608,ITI,ITI1,9,Toscana,Toscana,3729641,14243,0.38,0.12
587,2021-01-09,TOS,4483,1596,2887,3779,144,560,0,4483,0,ITI,ITI1,9,Toscana,Toscana,3729641,18726,0.5,0.12
588,2021-01-21,TOS,1589,686,903,579,220,790,0,867,722,ITI,ITI1,9,Toscana,Toscana,3729641,20315,0.54,0.04
589,2021-02-16,TOS,2360,949,1411,1455,835,63,7,2097,263,ITI,ITI1,9,Toscana,Toscana,3729641,22675,0.61,0.06
590,2021-01-16,TOS,3248,1037,2211,2493,538,217,0,3248,0,ITI,ITI1,9,Toscana,Toscana,3729641,25923,0.7,0.09
591,2021-02-11,TOS,5328,1992,3336,2806,2239,283,0,5086,242,ITI,ITI1,9,Toscana,Toscana,3729641,31251,0.84,0.14
592,2021-01-23,TOS,3949,1354,2595,2936,172,841,0,640,3309,ITI,ITI1,9,Toscana,Toscana,3729641,35200,0.94,0.11
593,2021-01-11,TOS,5092,1689,3403,4360,210,522,0,5092,0,ITI,ITI1,9,Toscana,Toscana,3729641,40292,1.08,0.14
594,2021-02-04,TOS,4245,1590,2655,3166,624,455,0,955,3290,ITI,ITI1,9,Toscana,Toscana,3729641,44537,1.19,0.11
595,2021-01-30,TOS,4548,1600,2948,3749,199,600,0,172,4376,ITI,ITI1,9,Toscana,Toscana,3729641,49085,1.32,0.12
596,2021-01-04,TOS,5063,1893,3170,4099,32,932,0,5063,0,ITI,ITI1,9,Toscana,Toscana,3729641,54148,1.45,0.14
597,2021-01-25,TOS,5117,1895,3222,4153,56,908,0,247,4870,ITI,ITI1,9,Toscana,Toscana,3729641,59265,1.59,0.14
598,2020-12-30,TOS,327,104,223,34,10,283,0,327,0,ITI,ITI1,9,Toscana,Toscana,3729641,59592,1.6,0.01
599,2021-02-06,TOS,4486,1536,2950,3723,575,188,0,1294,3192,ITI,ITI1,9,Toscana,Toscana,3729641,64078,1.72,0.12
600,2021-01-18,TOS,1119,636,483,430,314,375,0,1021,98,ITI,ITI1,9,Toscana,Toscana,3729641,65197,1.75,0.03
601,2021-01-06,TOS,4519,1459,3060,3984,10,525,0,4519,0,ITI,ITI1,9,Toscana,Toscana,3729641,69716,1.87,0.12
602,2021-02-13,TOS,7781,2358,5423,3664,3954,163,0,7555,226,ITI,ITI1,9,Toscana,Toscana,3729641,77497,2.08,0.21
603,2021-02-08,TOS,4094,1358,2736,3372,345,377,0,3635,459,ITI,ITI1,9,Toscana,Toscana,3729641,81591,2.19,0.11
604,2021-01-20,TOS,1313,634,679,431,256,626,0,1076,237,ITI,ITI1,9,Toscana,Toscana,3729641,82904,2.22,0.04
605,2021-02-01,TOS,5465,1942,3523,4441,407,617,0,521,4944,ITI,ITI1,9,Toscana,Toscana,3729641,88369,2.37,0.15
606,2021-01-13,TOS,4063,1398,2665,3308,350,405,0,4063,0,ITI,ITI1,9,Toscana,Toscana,3729641,92432,2.48,0.11
607,2021-01-01,TOS,2368,786,1582,1716,2,650,0,2368,0,ITI,ITI1,9,Toscana,Toscana,3729641,94800,2.54,0.06
608,2021-01-08,TOS,5944,1641,4303,5360,39,545,0,5944,0,ITI,ITI1,9,Toscana,Toscana,3729641,100744,2.7,0.16
609,2020-12-27,TOS,620,267,353,460,147,13,0,620,0,ITI,ITI1,9,Toscana,Toscana,3729641,101364,2.72,0.02
610,2021-01-22,TOS,2861,1063,1798,2022,81,758,0,525,2336,ITI,ITI1,9,Toscana,Toscana,3729641,104225,2.79,0.08
611,2021-01-03,TOS,3336,1052,2284,2565,9,762,0,3336,0,ITI,ITI1,9,Toscana,Toscana,3729641,107561,2.88,0.09
612,2021-02-03,TOS,4220,1453,2767,3475,240,505,0,240,3980,ITI,ITI1,9,Toscana,Toscana,3729641,111781,3.0,0.11
613,2021-01-15,TOS,3878,1347,2531,2758,676,444,0,3878,0,ITI,ITI1,9,Toscana,Toscana,3729641,115659,3.1,0.1
614,2021-02-15,TOS,8706,3352,5354,4517,3959,185,45,7916,790,ITI,ITI1,9,Toscana,Toscana,3729641,124365,3.33,0.23
615,2021-02-10,TOS,4259,1279,2980,3533,242,484,0,3737,522,ITI,ITI1,9,Toscana,Toscana,3729641,128624,3.45,0.11
616,2021-01-27,TOS,4835,1572,3263,4019,74,742,0,208,4627,ITI,ITI1,9,Toscana,Toscana,3729641,133459,3.58,0.13
617,2021-02-05,TOS,5743,2242,3501,4117,1184,442,0,1922,3821,ITI,ITI1,9,Toscana,Toscana,3729641,139202,3.73,0.15
618,2021-01-17,TOS,2485,836,1649,2002,293,190,0,1972,513,ITI,ITI1,9,Toscana,Toscana,3729641,141687,3.8,0.07
619,2021-01-29,TOS,6134,1698,4436,5374,139,621,0,300,5834,ITI,ITI1,9,Toscana,Toscana,3729641,147821,3.96,0.16
620,2021-01-10,TOS,3001,1104,1897,2432,138,431,0,3001,0,ITI,ITI1,9,Toscana,Toscana,3729641,150822,4.04,0.08
621,2021-01-05,TOS,5244,1755,3489,4354,11,879,0,5244,0,ITI,ITI1,9,Toscana,Toscana,3729641,156066,4.18,0.14
622,2021-02-12,TOS,7562,2658,4904,3737,3675,150,0,7351,211,ITI,ITI1,9,Toscana,Toscana,3729641,163628,4.39,0.2
623,2021-01-31,TOS,2964,1090,1874,2381,135,448,0,103,2861,ITI,ITI1,9,Toscana,Toscana,3729641,166592,4.47,0.08
624,2021-01-12,TOS,3581,1398,2183,2944,283,354,0,3581,0,ITI,ITI1,9,Toscana,Toscana,3729641,170173,4.56,0.1
625,2021-01-24,TOS,3347,1072,2275,2601,37,709,0,199,3148,ITI,ITI1,9,Toscana,Toscana,3729641,173520,4.65,0.09
626,2021-02-14,TOS,8991,2566,6425,3031,5879,81,0,8881,110,ITI,ITI1,9,Toscana,Toscana,3729641,182511,4.89,0.24
627,2021-01-19,TOS,1104,531,573,392,221,491,0,1104,0,ITI,ITI1,9,Toscana,Toscana,3729641,183615,4.92,0.03
628,2020-12-31,TOS,805,202,603,97,10,698,0,805,0,ITI,ITI1,9,Toscana,Toscana,3729641,184420,4.94,0.02
629,2021-01-14,TOS,3254,1179,2075,2459,475,320,0,3254,0,ITI,ITI1,9,Toscana,Toscana,3729641,187674,5.03,0.09
630,2021-02-07,TOS,2805,953,1852,2348,300,157,0,884,1921,ITI,ITI1,9,Toscana,Toscana,3729641,190479,5.11,0.08
631,2021-01-26,TOS,5391,1791,3600,4356,84,951,0,218,5173,ITI,ITI1,9,Toscana,Toscana,3729641,195870,5.25,0.14
632,2021-02-02,TOS,3730,1470,2260,3020,289,421,0,184,3546,ITI,ITI1,9,Toscana,Toscana,3729641,199600,5.35,0.1
633,2021-01-07,TOS,6018,1751,4267,5308,30,680,0,6018,0,ITI,ITI1,9,Toscana,Toscana,3729641,205618,5.51,0.16
634,2021-01-23,LAZ,6883,2682,4201,6063,278,417,125,255,6628,ITI,ITI4,12,Lazio,Lazio,5879082,6883,0.12,0.12
635,2021-01-11,LAZ,5525,2103,3422,4553,403,569,0,5525,0,ITI,ITI4,12,Lazio,Lazio,5879082,12408,0.21,0.09
636,2021-02-11,LAZ,6626,2775,3851,2166,333,500,3627,6428,198,ITI,ITI4,12,Lazio,Lazio,5879082,19034,0.32,0.11
637,2021-01-04,LAZ,7477,2907,4570,7074,87,316,0,7477,0,ITI,ITI4,12,Lazio,Lazio,5879082,26511,0.45,0.13
638,2021-01-30,LAZ,6637,2726,3911,5286,574,651,126,436,6201,ITI,ITI4,12,Lazio,Lazio,5879082,33148,0.56,0.11
639,2021-01-06,LAZ,5095,1950,3145,4618,157,320,0,5095,0,ITI,ITI4,12,Lazio,Lazio,5879082,38243,0.65,0.09
640,2021-02-01,LAZ,5667,2172,3495,4782,319,559,7,351,5316,ITI,ITI4,12,Lazio,Lazio,5879082,43910,0.75,0.1
641,2021-02-06,LAZ,5068,2015,3053,3269,630,660,509,768,4300,ITI,ITI4,12,Lazio,Lazio,5879082,48978,0.83,0.09
642,2020-12-30,LAZ,1601,621,980,1575,0,26,0,1601,0,ITI,ITI4,12,Lazio,Lazio,5879082,50579,0.86,0.03
643,2021-01-13,LAZ,5559,2063,3496,4145,402,1009,3,5559,0,ITI,ITI4,12,Lazio,Lazio,5879082,56138,0.95,0.09
644,2021-01-25,LAZ,7761,3041,4720,7006,270,363,122,421,7340,ITI,ITI4,12,Lazio,Lazio,5879082,63899,1.09,0.13
645,2021-02-13,LAZ,6240,2427,3813,2092,213,279,3656,6152,88,ITI,ITI4,12,Lazio,Lazio,5879082,70139,1.19,0.11
646,2021-01-18,LAZ,5345,2069,3276,3411,756,725,453,4856,489,ITI,ITI4,12,Lazio,Lazio,5879082,75484,1.28,0.09
647,2021-02-15,LAZ,7666,3351,4315,2412,669,378,4207,7369,297,ITI,ITI4,12,Lazio,Lazio,5879082,83150,1.41,0.13
648,2021-01-08,LAZ,7705,2885,4820,6515,392,798,0,7705,0,ITI,ITI4,12,Lazio,Lazio,5879082,90855,1.55,0.13
649,2021-01-20,LAZ,4360,1648,2712,3251,398,425,286,2848,1512,ITI,ITI4,12,Lazio,Lazio,5879082,95215,1.62,0.07
650,2021-02-08,LAZ,9332,3867,5465,3787,873,918,3754,4485,4847,ITI,ITI4,12,Lazio,Lazio,5879082,104547,1.78,0.16
651,2021-01-01,LAZ,3553,1381,2172,3483,2,68,0,3553,0,ITI,ITI4,12,Lazio,Lazio,5879082,108100,1.84,0.06
652,2021-01-27,LAZ,5767,2169,3598,4796,385,457,129,651,5116,ITI,ITI4,12,Lazio,Lazio,5879082,113867,1.94,0.1
653,2021-01-29,LAZ,7416,2805,4611,6203,419,704,90,472,6944,ITI,ITI4,12,Lazio,Lazio,5879082,121283,2.06,0.13
654,2021-01-03,LAZ,5250,1972,3278,5125,60,65,0,5250,0,ITI,ITI4,12,Lazio,Lazio,5879082,126533,2.15,0.09
655,2021-01-15,LAZ,6223,2465,3758,4476,604,988,155,6223,0,ITI,ITI4,12,Lazio,Lazio,5879082,132756,2.26,0.11
656,2021-02-03,LAZ,6274,2345,3929,4617,550,1072,35,887,5387,ITI,ITI4,12,Lazio,Lazio,5879082,139030,2.36,0.11
657,2020-12-27,LAZ,139,66,73,139,0,0,0,139,0,ITI,ITI4,12,Lazio,Lazio,5879082,139169,2.37,0.0
658,2021-01-22,LAZ,3661,1442,2219,3379,90,70,122,147,3514,ITI,ITI4,12,Lazio,Lazio,5879082,142830,2.43,0.06
659,2021-02-10,LAZ,7770,3112,4658,2645,580,633,3912,4836,2934,ITI,ITI4,12,Lazio,Lazio,5879082,150600,2.56,0.13
660,2021-01-10,LAZ,4036,1700,2336,3421,363,252,0,4036,0,ITI,ITI4,12,Lazio,Lazio,5879082,154636,2.63,0.07
661,2021-02-12,LAZ,6419,2622,3797,1961,423,261,3774,6342,77,ITI,ITI4,12,Lazio,Lazio,5879082,161055,2.74,0.11
662,2021-01-17,LAZ,4443,1784,2659,3120,335,177,811,4337,106,ITI,ITI4,12,Lazio,Lazio,5879082,165498,2.82,0.08
663,2021-02-05,LAZ,6905,2721,4184,5092,630,994,189,1128,5777,ITI,ITI4,12,Lazio,Lazio,5879082,172403,2.93,0.12
664,2021-01-05,LAZ,7370,2802,4568,6690,103,577,0,7370,0,ITI,ITI4,12,Lazio,Lazio,5879082,179773,3.06,0.13
665,2021-01-24,LAZ,5467,2109,3358,4945,262,134,126,385,5082,ITI,ITI4,12,Lazio,Lazio,5879082,185240,3.15,0.09
666,2020-12-29,LAZ,418,150,268,418,0,0,0,418,0,ITI,ITI4,12,Lazio,Lazio,5879082,185658,3.16,0.01
667,2021-01-12,LAZ,5391,1974,3417,4343,464,584,0,5391,0,ITI,ITI4,12,Lazio,Lazio,5879082,191049,3.25,0.09
668,2021-01-31,LAZ,4279,1783,2496,3572,339,244,124,296,3983,ITI,ITI4,12,Lazio,Lazio,5879082,195328,3.32,0.07
669,2020-12-31,LAZ,5218,2095,3123,4927,12,279,0,5218,0,ITI,ITI4,12,Lazio,Lazio,5879082,200546,3.41,0.09
670,2021-01-19,LAZ,4360,1671,2689,2967,561,424,408,3907,453,ITI,ITI4,12,Lazio,Lazio,5879082,204906,3.49,0.07
671,2021-02-07,LAZ,4667,1865,2802,3251,385,218,813,381,4286,ITI,ITI4,12,Lazio,Lazio,5879082,209573,3.56,0.08
672,2021-01-26,LAZ,7601,2906,4695,6589,256,631,125,371,7230,ITI,ITI4,12,Lazio,Lazio,5879082,217174,3.69,0.13
673,2021-01-14,LAZ,5217,1960,3257,3872,450,811,84,5217,0,ITI,ITI4,12,Lazio,Lazio,5879082,222391,3.78,0.09
674,2021-02-09,LAZ,8391,3483,4908,3258,581,548,4004,4570,3821,ITI,ITI4,12,Lazio,Lazio,5879082,230782,3.93,0.14
675,2021-02-02,LAZ,5772,2133,3639,4712,486,571,3,501,5271,ITI,ITI4,12,Lazio,Lazio,5879082,236554,4.02,0.1
676,2021-02-14,LAZ,5534,2244,3290,1644,318,127,3445,5285,249,ITI,ITI4,12,Lazio,Lazio,5879082,242088,4.12,0.09
677,2021-01-02,LAZ,6703,2629,4074,6267,78,358,0,6703,0,ITI,ITI4,12,Lazio,Lazio,5879082,248791,4.23,0.11
678,2021-01-21,LAZ,5223,2099,3124,4758,108,232,125,196,5027,ITI,ITI4,12,Lazio,Lazio,5879082,254014,4.32,0.09
679,2021-01-07,LAZ,7719,2891,4828,6877,276,566,0,7719,0,ITI,ITI4,12,Lazio,Lazio,5879082,261733,4.45,0.13
680,2021-01-09,LAZ,6286,2556,3730,5108,558,620,0,6286,0,ITI,ITI4,12,Lazio,Lazio,5879082,268019,4.56,0.11
681,2021-02-04,LAZ,6043,2280,3763,4460,619,892,72,940,5103,ITI,ITI4,12,Lazio,Lazio,5879082,274062,4.66,0.1
682,2021-01-28,LAZ,7954,2998,4956,6810,496,514,134,459,7495,ITI,ITI4,12,Lazio,Lazio,5879082,282016,4.8,0.14
683,2020-12-28,LAZ,516,228,288,515,1,0,0,516,0,ITI,ITI4,12,Lazio,Lazio,5879082,282532,4.81,0.01
684,2021-01-16,LAZ,5339,2069,3270,3347,460,1062,470,5339,0,ITI,ITI4,12,Lazio,Lazio,5879082,287871,4.9,0.09
685,2021-02-16,LAZ,4156,2016,2140,691,831,159,2475,3990,166,ITI,ITI4,12,Lazio,Lazio,5879082,292027,4.97,0.07
686,2021-02-11,SAR,1311,489,822,588,354,368,1,1200,111,ITG,ITG2,20,Sardegna,Sardegna,1639591,1311,0.08,0.08
687,2021-01-16,SAR,1492,525,967,1282,210,0,0,1492,0,ITG,ITG2,20,Sardegna,Sardegna,1639591,2803,0.17,0.09
688,2021-01-04,SAR,591,217,374,565,26,0,0,591,0,ITG,ITG2,20,Sardegna,Sardegna,1639591,3394,0.21,0.04
689,2021-02-04,SAR,2268,814,1454,1736,362,169,1,913,1355,ITG,ITG2,20,Sardegna,Sardegna,1639591,5662,0.35,0.14
690,2021-01-23,SAR,60,22,38,60,0,0,0,0,60,ITG,ITG2,20,Sardegna,Sardegna,1639591,5722,0.35,0.0
691,2020-12-28,SAR,65,25,40,65,0,0,0,65,0,ITG,ITG2,20,Sardegna,Sardegna,1639591,5787,0.35,0.0
692,2021-01-30,SAR,3862,1392,2470,2987,874,0,1,362,3500,ITG,ITG2,20,Sardegna,Sardegna,1639591,9649,0.59,0.24
693,2021-02-13,SAR,1451,561,890,732,467,252,0,1449,2,ITG,ITG2,20,Sardegna,Sardegna,1639591,11100,0.68,0.09
694,2021-01-18,SAR,904,326,578,714,190,0,0,780,124,ITG,ITG2,20,Sardegna,Sardegna,1639591,12004,0.73,0.06
695,2021-02-06,SAR,1968,697,1271,1542,287,139,0,567,1401,ITG,ITG2,20,Sardegna,Sardegna,1639591,13972,0.85,0.12
696,2021-01-11,SAR,1180,504,676,654,526,0,0,1180,0,ITG,ITG2,20,Sardegna,Sardegna,1639591,15152,0.92,0.07
697,2021-01-25,SAR,588,212,376,553,35,0,0,22,566,ITG,ITG2,20,Sardegna,Sardegna,1639591,15740,0.96,0.04
698,2021-02-08,SAR,1470,533,937,998,345,126,1,855,615,ITG,ITG2,20,Sardegna,Sardegna,1639591,17210,1.05,0.09
699,2021-01-13,SAR,573,178,395,494,79,0,0,573,0,ITG,ITG2,20,Sardegna,Sardegna,1639591,17783,1.08,0.03
700,2021-01-01,SAR,30,16,14,30,0,0,0,30,0,ITG,ITG2,20,Sardegna,Sardegna,1639591,17813,1.09,0.0
701,2021-02-01,SAR,1521,603,918,891,553,77,0,223,1298,ITG,ITG2,20,Sardegna,Sardegna,1639591,19334,1.18,0.09
702,2021-01-06,SAR,1599,544,1055,1494,105,0,0,1599,0,ITG,ITG2,20,Sardegna,Sardegna,1639591,20933,1.28,0.1
703,2021-01-20,SAR,210,77,133,154,56,0,0,208,2,ITG,ITG2,20,Sardegna,Sardegna,1639591,21143,1.29,0.01
704,2021-01-08,SAR,3251,1182,2069,2923,328,0,0,3251,0,ITG,ITG2,20,Sardegna,Sardegna,1639591,24394,1.49,0.2
705,2020-12-27,SAR,65,34,31,65,0,0,0,65,0,ITG,ITG2,20,Sardegna,Sardegna,1639591,24459,1.49,0.0
706,2021-01-27,SAR,1392,489,903,1287,105,0,0,79,1313,ITG,ITG2,20,Sardegna,Sardegna,1639591,25851,1.58,0.08
707,2021-01-15,SAR,1563,573,990,1170,393,0,0,1563,0,ITG,ITG2,20,Sardegna,Sardegna,1639591,27414,1.67,0.1
708,2021-02-15,SAR,843,269,574,426,230,187,0,812,31,ITG,ITG2,20,Sardegna,Sardegna,1639591,28257,1.72,0.05
709,2021-02-03,SAR,1117,417,700,918,180,19,0,425,692,ITG,ITG2,20,Sardegna,Sardegna,1639591,29374,1.79,0.07
710,2021-01-22,SAR,83,47,36,45,38,0,0,55,28,ITG,ITG2,20,Sardegna,Sardegna,1639591,29457,1.8,0.01
711,2021-02-05,SAR,1897,749,1148,1214,518,164,1,433,1464,ITG,ITG2,20,Sardegna,Sardegna,1639591,31354,1.91,0.12
712,2021-01-10,SAR,2183,750,1433,1632,551,0,0,2183,0,ITG,ITG2,20,Sardegna,Sardegna,1639591,33537,2.05,0.13
713,2021-02-10,SAR,1955,764,1191,1165,302,488,0,1436,519,ITG,ITG2,20,Sardegna,Sardegna,1639591,35492,2.16,0.12
714,2020-12-29,SAR,56,31,25,55,1,0,0,56,0,ITG,ITG2,20,Sardegna,Sardegna,1639591,35548,2.17,0.0
715,2021-01-29,SAR,2943,1065,1878,2572,368,3,0,48,2895,ITG,ITG2,20,Sardegna,Sardegna,1639591,38491,2.35,0.18
716,2021-01-03,SAR,90,36,54,89,1,0,0,90,0,ITG,ITG2,20,Sardegna,Sardegna,1639591,38581,2.35,0.01
717,2021-01-17,SAR,860,277,583,747,113,0,0,859,1,ITG,ITG2,20,Sardegna,Sardegna,1639591,39441,2.41,0.05
718,2021-01-05,SAR,1327,446,881,1283,44,0,0,1327,0,ITG,ITG2,20,Sardegna,Sardegna,1639591,40768,2.49,0.08
719,2021-01-24,SAR,90,34,56,89,1,0,0,5,85,ITG,ITG2,20,Sardegna,Sardegna,1639591,40858,2.49,0.01
720,2021-01-12,SAR,865,408,457,504,361,0,0,865,0,ITG,ITG2,20,Sardegna,Sardegna,1639591,41723,2.54,0.05
721,2021-02-12,SAR,2192,898,1294,971,736,484,1,2128,64,ITG,ITG2,20,Sardegna,Sardegna,1639591,43915,2.68,0.13
722,2021-01-31,SAR,2121,750,1371,1544,576,0,1,48,2073,ITG,ITG2,20,Sardegna,Sardegna,1639591,46036,2.81,0.13
723,2021-02-14,SAR,537,262,275,287,193,57,0,535,2,ITG,ITG2,20,Sardegna,Sardegna,1639591,46573,2.84,0.03
724,2021-01-19,SAR,747,270,477,423,164,160,0,692,55,ITG,ITG2,20,Sardegna,Sardegna,1639591,47320,2.89,0.05
725,2021-01-07,SAR,3097,1073,2024,2706,391,0,0,3097,0,ITG,ITG2,20,Sardegna,Sardegna,1639591,50417,3.07,0.19
726,2021-02-07,SAR,1116,394,722,975,141,0,0,227,889,ITG,ITG2,20,Sardegna,Sardegna,1639591,51533,3.14,0.07
727,2021-01-26,SAR,1336,453,883,1296,40,0,0,27,1309,ITG,ITG2,20,Sardegna,Sardegna,1639591,52869,3.22,0.08
728,2020-12-31,SAR,32,16,16,28,4,0,0,32,0,ITG,ITG2,20,Sardegna,Sardegna,1639591,52901,3.23,0.0
729,2021-01-28,SAR,2952,1039,1913,2538,414,0,0,69,2883,ITG,ITG2,20,Sardegna,Sardegna,1639591,55853,3.41,0.18
730,2021-01-02,SAR,60,21,39,60,0,0,0,60,0,ITG,ITG2,20,Sardegna,Sardegna,1639591,55913,3.41,0.0
731,2021-02-02,SAR,1480,654,826,986,494,0,0,241,1239,ITG,ITG2,20,Sardegna,Sardegna,1639591,57393,3.5,0.09
732,2021-02-16,SAR,487,180,307,292,162,33,0,465,22,ITG,ITG2,20,Sardegna,Sardegna,1639591,57880,3.53,0.03
733,2021-01-21,SAR,126,60,66,60,66,0,0,94,32,ITG,ITG2,20,Sardegna,Sardegna,1639591,58006,3.54,0.01
734,2021-01-09,SAR,4025,1416,2609,3180,845,0,0,4025,0,ITG,ITG2,20,Sardegna,Sardegna,1639591,62031,3.78,0.25
735,2021-02-09,SAR,2283,836,1447,1306,479,497,1,1287,996,ITG,ITG2,20,Sardegna,Sardegna,1639591,64314,3.92,0.14
736,2021-01-14,SAR,1105,426,679,885,220,0,0,1105,0,ITG,ITG2,20,Sardegna,Sardegna,1639591,65419,3.99,0.07
737,2021-01-30,UMB,1576,483,1093,841,18,716,1,43,1533,ITI,ITI2,10,Umbria,Umbria,882015,1576,0.18,0.18
738,2021-01-11,UMB,1271,336,935,878,20,373,0,1271,0,ITI,ITI2,10,Umbria,Umbria,882015,2847,0.32,0.14
739,2021-02-06,UMB,396,138,258,333,47,16,0,34,362,ITI,ITI2,10,Umbria,Umbria,882015,3243,0.37,0.04
740,2021-01-18,UMB,588,215,373,315,149,124,0,504,84,ITI,ITI2,10,Umbria,Umbria,882015,3831,0.43,0.07
741,2021-01-13,UMB,450,139,311,379,29,42,0,450,0,ITI,ITI2,10,Umbria,Umbria,882015,4281,0.49,0.05
742,2021-02-13,UMB,115,28,87,68,46,0,1,112,3,ITI,ITI2,10,Umbria,Umbria,882015,4396,0.5,0.01
743,2021-01-25,UMB,647,322,325,645,2,0,0,5,642,ITI,ITI2,10,Umbria,Umbria,882015,5043,0.57,0.07
744,2021-02-08,UMB,637,203,434,368,116,153,0,88,549,ITI,ITI2,10,Umbria,Umbria,882015,5680,0.64,0.07
745,2021-01-06,UMB,843,323,520,840,3,0,0,843,0,ITI,ITI2,10,Umbria,Umbria,882015,6523,0.74,0.1
746,2021-01-20,UMB,613,222,391,583,16,14,0,613,0,ITI,ITI2,10,Umbria,Umbria,882015,7136,0.81,0.07
747,2021-01-01,UMB,269,102,167,268,1,0,0,269,0,ITI,ITI2,10,Umbria,Umbria,882015,7405,0.84,0.03
748,2021-02-01,UMB,1260,333,927,876,32,352,0,47,1213,ITI,ITI2,10,Umbria,Umbria,882015,8665,0.98,0.14
749,2020-12-27,UMB,85,45,40,67,2,16,0,85,0,ITI,ITI2,10,Umbria,Umbria,882015,8750,0.99,0.01
750,2021-01-27,UMB,838,329,509,837,1,0,0,13,825,ITI,ITI2,10,Umbria,Umbria,882015,9588,1.09,0.1
751,2021-01-08,UMB,1172,337,835,926,9,237,0,1172,0,ITI,ITI2,10,Umbria,Umbria,882015,10760,1.22,0.13
752,2021-02-15,UMB,1366,692,674,10,6,0,1350,1365,1,ITI,ITI2,10,Umbria,Umbria,882015,12126,1.37,0.15
753,2021-02-03,UMB,725,174,551,560,37,128,0,67,658,ITI,ITI2,10,Umbria,Umbria,882015,12851,1.46,0.08
754,2021-01-15,UMB,692,212,480,588,44,60,0,692,0,ITI,ITI2,10,Umbria,Umbria,882015,13543,1.54,0.08
755,2021-01-10,UMB,1056,275,781,740,9,307,0,1056,0,ITI,ITI2,10,Umbria,Umbria,882015,14599,1.66,0.12
756,2021-01-22,UMB,276,105,171,273,1,2,0,32,244,ITI,ITI2,10,Umbria,Umbria,882015,14875,1.69,0.03
757,2021-01-03,UMB,267,111,156,267,0,0,0,267,0,ITI,ITI2,10,Umbria,Umbria,882015,15142,1.72,0.03
758,2021-02-10,UMB,715,349,366,606,106,3,0,700,15,ITI,ITI2,10,Umbria,Umbria,882015,15857,1.8,0.08
759,2021-01-29,UMB,1220,343,877,934,16,270,0,79,1141,ITI,ITI2,10,Umbria,Umbria,882015,17077,1.94,0.14
760,2021-02-05,UMB,780,234,546,645,51,84,0,18,762,ITI,ITI2,10,Umbria,Umbria,882015,17857,2.02,0.09
761,2021-01-24,UMB,254,104,150,254,0,0,0,1,253,ITI,ITI2,10,Umbria,Umbria,882015,18111,2.05,0.03
762,2021-01-31,UMB,1056,276,780,765,10,281,0,25,1031,ITI,ITI2,10,Umbria,Umbria,882015,19167,2.17,0.12
763,2021-01-05,UMB,850,428,422,845,5,0,0,850,0,ITI,ITI2,10,Umbria,Umbria,882015,20017,2.27,0.1
764,2021-02-12,UMB,671,224,447,459,210,1,1,664,7,ITI,ITI2,10,Umbria,Umbria,882015,20688,2.35,0.08
765,2021-01-17,UMB,54,17,37,47,7,0,0,54,0,ITI,ITI2,10,Umbria,Umbria,882015,20742,2.35,0.01
766,2021-01-12,UMB,784,247,537,665,14,105,0,784,0,ITI,ITI2,10,Umbria,Umbria,882015,21526,2.44,0.09
767,2021-01-07,UMB,1291,383,908,883,4,404,0,1291,0,ITI,ITI2,10,Umbria,Umbria,882015,22817,2.59,0.15
768,2021-01-19,UMB,103,23,80,21,2,80,0,103,0,ITI,ITI2,10,Umbria,Umbria,882015,22920,2.6,0.01
769,2021-01-26,UMB,814,390,424,813,1,0,0,18,796,ITI,ITI2,10,Umbria,Umbria,882015,23734,2.69,0.09
770,2020-12-31,UMB,322,127,195,310,12,0,0,322,0,ITI,ITI2,10,Umbria,Umbria,882015,24056,2.73,0.04
771,2021-02-07,UMB,54,17,37,46,8,0,0,1,53,ITI,ITI2,10,Umbria,Umbria,882015,24110,2.73,0.01
772,2021-02-02,UMB,942,274,668,713,17,212,0,32,910,ITI,ITI2,10,Umbria,Umbria,882015,25052,2.84,0.11
773,2021-02-16,UMB,1133,565,568,8,1,0,1124,1128,5,ITI,ITI2,10,Umbria,Umbria,882015,26185,2.97,0.13
774,2021-01-28,UMB,1240,392,848,891,4,345,0,19,1221,ITI,ITI2,10,Umbria,Umbria,882015,27425,3.11,0.14
775,2021-01-02,UMB,301,110,191,301,0,0,0,301,0,ITI,ITI2,10,Umbria,Umbria,882015,27726,3.14,0.03
776,2021-01-14,UMB,749,200,549,696,36,17,0,749,0,ITI,ITI2,10,Umbria,Umbria,882015,28475,3.23,0.08
777,2021-01-21,UMB,607,200,407,426,13,168,0,338,269,ITI,ITI2,10,Umbria,Umbria,882015,29082,3.3,0.07
778,2021-01-16,UMB,221,73,148,146,32,43,0,221,0,ITI,ITI2,10,Umbria,Umbria,882015,29303,3.32,0.03
779,2021-01-04,UMB,809,397,412,808,1,0,0,809,0,ITI,ITI2,10,Umbria,Umbria,882015,30112,3.41,0.09
780,2021-02-11,UMB,841,349,492,734,102,5,0,834,7,ITI,ITI2,10,Umbria,Umbria,882015,30953,3.51,0.1
781,2021-01-23,UMB,277,100,177,276,1,0,0,2,275,ITI,ITI2,10,Umbria,Umbria,882015,31230,3.54,0.03
782,2021-02-04,UMB,732,226,506,692,20,20,0,25,707,ITI,ITI2,10,Umbria,Umbria,882015,31962,3.62,0.08
783,2021-01-09,UMB,1719,492,1227,888,10,821,0,1719,0,ITI,ITI2,10,Umbria,Umbria,882015,33681,3.82,0.19
784,2021-02-10,BAS,537,239,298,173,147,127,90,485,52,ITF,ITF5,17,Basilicata,Basilicata,559084,537,0.1,0.1
785,2021-01-10,BAS,77,24,53,9,68,0,0,77,0,ITF,ITF5,17,Basilicata,Basilicata,559084,614,0.11,0.01
786,2021-01-22,BAS,66,24,42,6,60,0,0,66,0,ITF,ITF5,17,Basilicata,Basilicata,559084,680,0.12,0.01
787,2021-02-05,BAS,980,440,540,509,281,190,0,62,918,ITF,ITF5,17,Basilicata,Basilicata,559084,1660,0.3,0.18
788,2021-01-17,BAS,326,131,195,95,177,54,0,325,1,ITF,ITF5,17,Basilicata,Basilicata,559084,1986,0.36,0.06
789,2021-01-03,BAS,900,344,556,789,111,0,0,900,0,ITF,ITF5,17,Basilicata,Basilicata,559084,2886,0.52,0.16
790,2021-01-29,BAS,611,228,383,274,267,70,0,62,549,ITF,ITF5,17,Basilicata,Basilicata,559084,3497,0.63,0.11
791,2021-01-15,BAS,812,349,463,449,190,173,0,812,0,ITF,ITF5,17,Basilicata,Basilicata,559084,4309,0.77,0.15
792,2021-01-27,BAS,409,173,236,149,234,26,0,112,297,ITF,ITF5,17,Basilicata,Basilicata,559084,4718,0.84,0.07
793,2020-12-27,BAS,106,41,65,104,2,0,0,106,0,ITF,ITF5,17,Basilicata,Basilicata,559084,4824,0.86,0.02
794,2021-01-08,BAS,557,220,337,262,234,61,0,557,0,ITF,ITF5,17,Basilicata,Basilicata,559084,5381,0.96,0.1
795,2021-02-03,BAS,666,300,366,305,189,172,0,32,634,ITF,ITF5,17,Basilicata,Basilicata,559084,6047,1.08,0.12
796,2021-02-15,BAS,537,213,324,168,132,2,235,506,31,ITF,ITF5,17,Basilicata,Basilicata,559084,6584,1.18,0.1
797,2021-02-07,BAS,372,158,214,257,75,40,0,49,323,ITF,ITF5,17,Basilicata,Basilicata,559084,6956,1.24,0.07
798,2021-01-07,BAS,640,319,321,306,305,29,0,640,0,ITF,ITF5,17,Basilicata,Basilicata,559084,7596,1.36,0.11
799,2021-01-19,BAS,199,84,115,79,76,44,0,199,0,ITF,ITF5,17,Basilicata,Basilicata,559084,7795,1.39,0.04
800,2021-02-14,BAS,130,39,91,55,12,63,0,130,0,ITF,ITF5,17,Basilicata,Basilicata,559084,7925,1.42,0.02
801,2021-01-26,BAS,794,350,444,479,280,35,0,101,693,ITF,ITF5,17,Basilicata,Basilicata,559084,8719,1.56,0.14
802,2021-01-24,BAS,834,299,535,602,231,1,0,58,776,ITF,ITF5,17,Basilicata,Basilicata,559084,9553,1.71,0.15
803,2021-01-05,BAS,945,409,536,709,236,0,0,945,0,ITF,ITF5,17,Basilicata,Basilicata,559084,10498,1.88,0.17
804,2021-01-31,BAS,77,24,53,75,2,0,0,0,77,ITF,ITF5,17,Basilicata,Basilicata,559084,10575,1.89,0.01
805,2021-02-12,BAS,449,205,244,249,197,1,2,447,2,ITF,ITF5,17,Basilicata,Basilicata,559084,11024,1.97,0.08
806,2021-01-12,BAS,216,87,129,39,79,98,0,216,0,ITF,ITF5,17,Basilicata,Basilicata,559084,11240,2.01,0.04
807,2021-02-04,BAS,1089,438,651,551,259,279,0,63,1026,ITF,ITF5,17,Basilicata,Basilicata,559084,12329,2.21,0.19
808,2021-01-04,BAS,607,271,336,527,80,0,0,607,0,ITF,ITF5,17,Basilicata,Basilicata,559084,12936,2.31,0.11
809,2021-02-11,BAS,721,294,427,194,164,72,291,638,83,ITF,ITF5,17,Basilicata,Basilicata,559084,13657,2.44,0.13
810,2021-01-16,BAS,721,304,417,265,295,161,0,721,0,ITF,ITF5,17,Basilicata,Basilicata,559084,14378,2.57,0.13
811,2021-01-23,BAS,705,298,407,479,225,1,0,33,672,ITF,ITF5,17,Basilicata,Basilicata,559084,15083,2.7,0.13
812,2021-02-16,BAS,135,70,65,120,15,0,0,122,13,ITF,ITF5,17,Basilicata,Basilicata,559084,15218,2.72,0.02
813,2021-01-21,BAS,30,10,20,0,30,0,0,30,0,ITF,ITF5,17,Basilicata,Basilicata,559084,15248,2.73,0.01
814,2021-02-02,BAS,363,141,222,132,130,101,0,175,188,ITF,ITF5,17,Basilicata,Basilicata,559084,15611,2.79,0.06
815,2021-01-02,BAS,948,379,569,848,100,0,0,948,0,ITF,ITF5,17,Basilicata,Basilicata,559084,16559,2.96,0.17
816,2021-01-28,BAS,903,401,502,434,391,78,0,119,784,ITF,ITF5,17,Basilicata,Basilicata,559084,17462,3.12,0.16
817,2021-01-14,BAS,969,413,556,402,244,323,0,969,0,ITF,ITF5,17,Basilicata,Basilicata,559084,18431,3.3,0.17
818,2021-02-09,BAS,488,212,276,199,235,54,0,314,174,ITF,ITF5,17,Basilicata,Basilicata,559084,18919,3.38,0.09
819,2021-01-09,BAS,559,161,398,281,211,67,0,559,0,ITF,ITF5,17,Basilicata,Basilicata,559084,19478,3.48,0.1
820,2021-02-13,BAS,597,221,376,263,190,73,71,594,3,ITF,ITF5,17,Basilicata,Basilicata,559084,20075,3.59,0.11
821,2021-01-13,BAS,915,386,529,573,194,148,0,915,0,ITF,ITF5,17,Basilicata,Basilicata,559084,20990,3.75,0.16
822,2021-02-08,BAS,552,190,362,431,74,47,0,148,404,ITF,ITF5,17,Basilicata,Basilicata,559084,21542,3.85,0.1
823,2021-01-25,BAS,1019,426,593,660,358,1,0,74,945,ITF,ITF5,17,Basilicata,Basilicata,559084,22561,4.04,0.18
824,2021-01-20,BAS,84,22,62,0,84,0,0,84,0,ITF,ITF5,17,Basilicata,Basilicata,559084,22645,4.05,0.02
825,2021-02-01,BAS,242,91,151,89,105,48,0,46,196,ITF,ITF5,17,Basilicata,Basilicata,559084,22887,4.09,0.04
826,2021-01-06,BAS,294,129,165,143,115,36,0,294,0,ITF,ITF5,17,Basilicata,Basilicata,559084,23181,4.15,0.05
827,2021-01-18,BAS,462,157,305,361,57,44,0,363,99,ITF,ITF5,17,Basilicata,Basilicata,559084,23643,4.23,0.08
828,2021-01-30,BAS,699,226,473,298,275,126,0,127,572,ITF,ITF5,17,Basilicata,Basilicata,559084,24342,4.35,0.13
829,2021-02-06,BAS,900,366,534,544,188,168,0,144,756,ITF,ITF5,17,Basilicata,Basilicata,559084,25242,4.51,0.16
830,2021-01-11,BAS,183,66,117,78,64,41,0,183,0,ITF,ITF5,17,Basilicata,Basilicata,559084,25425,4.55,0.03
831,2021-02-05,ABR,1534,520,1014,1187,241,106,0,787,747,ITF,ITF1,13,Abruzzo,Abruzzo,1304970,1534,0.12,0.12
832,2021-01-24,ABR,50,22,28,49,1,0,0,6,44,ITF,ITF1,13,Abruzzo,Abruzzo,1304970,1584,0.12,0.0
833,2021-02-12,ABR,968,319,649,438,220,310,0,779,189,ITF,ITF1,13,Abruzzo,Abruzzo,1304970,2552,0.2,0.07
834,2021-01-05,ABR,1614,604,1010,1604,10,0,0,1614,0,ITF,ITF1,13,Abruzzo,Abruzzo,1304970,4166,0.32,0.12
835,2021-01-17,ABR,187,59,128,136,51,0,0,180,7,ITF,ITF1,13,Abruzzo,Abruzzo,1304970,4353,0.33,0.01
836,2020-12-27,ABR,37,19,18,34,1,2,0,37,0,ITF,ITF1,13,Abruzzo,Abruzzo,1304970,4390,0.34,0.0
837,2021-01-10,ABR,1139,409,730,1091,48,0,0,1139,0,ITF,ITF1,13,Abruzzo,Abruzzo,1304970,5529,0.42,0.09
838,2021-01-22,ABR,118,57,61,2,4,112,0,118,0,ITF,ITF1,13,Abruzzo,Abruzzo,1304970,5647,0.43,0.01
839,2021-01-15,ABR,379,149,230,223,121,35,0,379,0,ITF,ITF1,13,Abruzzo,Abruzzo,1304970,6026,0.46,0.03
840,2021-02-10,ABR,947,312,635,621,210,116,0,503,444,ITF,ITF1,13,Abruzzo,Abruzzo,1304970,6973,0.53,0.07
841,2021-01-03,ABR,471,185,286,464,7,0,0,471,0,ITF,ITF1,13,Abruzzo,Abruzzo,1304970,7444,0.57,0.04
842,2021-01-29,ABR,1386,449,937,1290,96,0,0,74,1312,ITF,ITF1,13,Abruzzo,Abruzzo,1304970,8830,0.68,0.11
843,2021-02-03,ABR,2061,717,1344,1541,402,118,0,419,1642,ITF,ITF1,13,Abruzzo,Abruzzo,1304970,10891,0.83,0.16
844,2021-02-02,ABR,1778,672,1106,1235,404,139,0,241,1537,ITF,ITF1,13,Abruzzo,Abruzzo,1304970,12669,0.97,0.14
845,2021-01-02,ABR,548,218,330,540,8,0,0,548,0,ITF,ITF1,13,Abruzzo,Abruzzo,1304970,13217,1.01,0.04
846,2021-01-07,ABR,1603,552,1051,1566,37,0,0,1603,0,ITF,ITF1,13,Abruzzo,Abruzzo,1304970,14820,1.14,0.12
847,2021-01-21,ABR,157,47,110,10,6,141,0,157,0,ITF,ITF1,13,Abruzzo,Abruzzo,1304970,14977,1.15,0.01
848,2021-02-09,ABR,908,311,597,612,165,131,0,499,409,ITF,ITF1,13,Abruzzo,Abruzzo,1304970,15885,1.22,0.07
849,2021-01-14,ABR,530,189,341,364,166,0,0,530,0,ITF,ITF1,13,Abruzzo,Abruzzo,1304970,16415,1.26,0.04
850,2021-01-19,ABR,111,55,56,27,34,50,0,91,20,ITF,ITF1,13,Abruzzo,Abruzzo,1304970,16526,1.27,0.01
851,2021-01-12,ABR,1804,666,1138,1470,334,0,0,1804,0,ITF,ITF1,13,Abruzzo,Abruzzo,1304970,18330,1.4,0.14
852,2021-01-26,ABR,1542,567,975,1513,29,0,0,29,1513,ITF,ITF1,13,Abruzzo,Abruzzo,1304970,19872,1.52,0.12
853,2021-01-31,ABR,1502,488,1014,1154,245,103,0,287,1215,ITF,ITF1,13,Abruzzo,Abruzzo,1304970,21374,1.64,0.12
854,2021-01-30,ABR,1509,566,943,1348,114,47,0,69,1440,ITF,ITF1,13,Abruzzo,Abruzzo,1304970,22883,1.75,0.12
855,2021-02-11,ABR,816,262,554,473,189,154,0,773,43,ITF,ITF1,13,Abruzzo,Abruzzo,1304970,23699,1.82,0.06
856,2021-01-18,ABR,122,48,74,106,14,2,0,46,76,ITF,ITF1,13,Abruzzo,Abruzzo,1304970,23821,1.83,0.01
857,2021-01-04,ABR,1401,575,826,1396,5,0,0,1401,0,ITF,ITF1,13,Abruzzo,Abruzzo,1304970,25222,1.93,0.11
858,2021-01-23,ABR,263,114,149,223,14,26,0,57,206,ITF,ITF1,13,Abruzzo,Abruzzo,1304970,25485,1.95,0.02
859,2021-02-06,ABR,1611,742,869,1168,371,72,0,602,1009,ITF,ITF1,13,Abruzzo,Abruzzo,1304970,27096,2.08,0.12
860,2021-01-11,ABR,1551,557,994,1337,166,48,0,1551,0,ITF,ITF1,13,Abruzzo,Abruzzo,1304970,28647,2.2,0.12
861,2021-01-16,ABR,927,428,499,710,202,15,0,927,0,ITF,ITF1,13,Abruzzo,Abruzzo,1304970,29574,2.27,0.07
862,2021-02-04,ABR,1681,616,1065,1168,456,57,0,609,1072,ITF,ITF1,13,Abruzzo,Abruzzo,1304970,31255,2.4,0.13
863,2021-01-09,ABR,1483,565,918,1430,53,0,0,1483,0,ITF,ITF1,13,Abruzzo,Abruzzo,1304970,32738,2.51,0.11
864,2021-01-28,ABR,1432,494,938,1369,62,1,0,12,1420,ITF,ITF1,13,Abruzzo,Abruzzo,1304970,34170,2.62,0.11
865,2021-02-08,ABR,1197,396,801,710,223,264,0,491,706,ITF,ITF1,13,Abruzzo,Abruzzo,1304970,35367,2.71,0.09
866,2021-01-27,ABR,1364,515,849,1301,63,0,0,39,1325,ITF,ITF1,13,Abruzzo,Abruzzo,1304970,36731,2.81,0.1
867,2021-01-20,ABR,447,156,291,147,96,204,0,445,2,ITF,ITF1,13,Abruzzo,Abruzzo,1304970,37178,2.85,0.03
868,2021-02-15,ABR,1793,830,963,625,733,221,214,1751,42,ITF,ITF1,13,Abruzzo,Abruzzo,1304970,38971,2.99,0.14
869,2021-01-08,ABR,1525,507,1018,1487,38,0,0,1525,0,ITF,ITF1,13,Abruzzo,Abruzzo,1304970,40496,3.1,0.12
870,2021-01-13,ABR,1253,440,813,1103,150,0,0,1253,0,ITF,ITF1,13,Abruzzo,Abruzzo,1304970,41749,3.2,0.1
871,2021-02-13,ABR,840,380,460,545,223,72,0,437,403,ITF,ITF1,13,Abruzzo,Abruzzo,1304970,42589,3.26,0.06
872,2021-02-01,ABR,1632,573,1059,1384,247,1,0,271,1361,ITF,ITF1,13,Abruzzo,Abruzzo,1304970,44221,3.39,0.13
873,2021-01-06,ABR,1830,664,1166,1546,151,133,0,1830,0,ITF,ITF1,13,Abruzzo,Abruzzo,1304970,46051,3.53,0.14
874,2021-01-25,ABR,1603,632,971,1583,20,0,0,20,1583,ITF,ITF1,13,Abruzzo,Abruzzo,1304970,47654,3.65,0.12
875,2021-02-12,MOL,329,149,180,223,34,72,0,207,122,ITF,ITF2,14,Molise,Molise,305617,329,0.11,0.11
876,2021-01-12,MOL,336,114,222,132,75,129,0,336,0,ITF,ITF2,14,Molise,Molise,305617,665,0.22,0.11
877,2021-01-31,MOL,268,70,198,85,19,164,0,6,262,ITF,ITF2,14,Molise,Molise,305617,933,0.31,0.09
878,2021-01-17,MOL,78,38,40,78,0,0,0,48,30,ITF,ITF2,14,Molise,Molise,305617,1011,0.33,0.03
879,2021-02-05,MOL,593,269,324,460,70,63,0,55,538,ITF,ITF2,14,Molise,Molise,305617,1604,0.52,0.19
880,2021-01-05,MOL,449,180,269,441,8,0,0,449,0,ITF,ITF2,14,Molise,Molise,305617,2053,0.67,0.15
881,2021-02-07,MOL,66,32,34,49,1,16,0,19,47,ITF,ITF2,14,Molise,Molise,305617,2119,0.69,0.02
882,2021-01-07,MOL,598,209,389,414,39,145,0,598,0,ITF,ITF2,14,Molise,Molise,305617,2717,0.89,0.2
883,2021-01-26,MOL,450,184,266,444,6,0,0,8,442,ITF,ITF2,14,Molise,Molise,305617,3167,1.04,0.15
884,2021-01-19,MOL,173,63,110,90,61,22,0,162,11,ITF,ITF2,14,Molise,Molise,305617,3340,1.09,0.06
885,2021-01-21,MOL,6,2,4,0,6,0,0,6,0,ITF,ITF2,14,Molise,Molise,305617,3346,1.09,0.0
886,2021-02-16,MOL,123,61,62,120,3,0,0,119,4,ITF,ITF2,14,Molise,Molise,305617,3469,1.14,0.04
887,2021-01-14,MOL,646,239,407,418,113,115,0,646,0,ITF,ITF2,14,Molise,Molise,305617,4115,1.35,0.21
888,2021-02-09,MOL,359,170,189,161,88,110,0,197,162,ITF,ITF2,14,Molise,Molise,305617,4474,1.46,0.12
889,2021-02-02,MOL,486,155,331,295,63,128,0,163,323,ITF,ITF2,14,Molise,Molise,305617,4960,1.62,0.16
890,2021-01-04,MOL,314,131,183,301,13,0,0,314,0,ITF,ITF2,14,Molise,Molise,305617,5274,1.73,0.1
891,2021-01-09,MOL,450,152,298,221,51,178,0,450,0,ITF,ITF2,14,Molise,Molise,305617,5724,1.87,0.15
892,2021-02-04,MOL,757,295,462,501,115,141,0,76,681,ITF,ITF2,14,Molise,Molise,305617,6481,2.12,0.25
893,2021-01-28,MOL,613,217,396,430,29,154,0,17,596,ITF,ITF2,14,Molise,Molise,305617,7094,2.32,0.2
894,2021-01-16,MOL,420,166,254,270,23,127,0,420,0,ITF,ITF2,14,Molise,Molise,305617,7514,2.46,0.14
895,2021-02-11,MOL,293,133,160,225,23,45,0,257,36,ITF,ITF2,14,Molise,Molise,305617,7807,2.55,0.1
896,2021-01-18,MOL,114,48,66,97,17,0,0,114,0,ITF,ITF2,14,Molise,Molise,305617,7921,2.59,0.04
897,2021-01-30,MOL,458,158,300,189,90,179,0,10,448,ITF,ITF2,14,Molise,Molise,305617,8379,2.74,0.15
898,2021-01-11,MOL,557,194,363,196,250,111,0,557,0,ITF,ITF2,14,Molise,Molise,305617,8936,2.92,0.18
899,2021-02-06,MOL,428,178,250,275,23,130,0,28,400,ITF,ITF2,14,Molise,Molise,305617,9364,3.06,0.14
900,2021-02-13,MOL,132,80,52,129,3,0,0,132,0,ITF,ITF2,14,Molise,Molise,305617,9496,3.11,0.04
901,2021-01-06,MOL,689,260,429,456,62,171,0,689,0,ITF,ITF2,14,Molise,Molise,305617,10185,3.33,0.23
902,2021-02-01,MOL,562,201,361,301,150,111,0,14,548,ITF,ITF2,14,Molise,Molise,305617,10747,3.52,0.18
903,2021-01-20,MOL,18,8,10,14,4,0,0,18,0,ITF,ITF2,14,Molise,Molise,305617,10765,3.52,0.01
904,2021-01-13,MOL,474,160,314,256,74,144,0,474,0,ITF,ITF2,14,Molise,Molise,305617,11239,3.68,0.16
905,2021-02-08,MOL,334,141,193,206,43,85,0,216,118,ITF,ITF2,14,Molise,Molise,305617,11573,3.79,0.11
906,2021-01-25,MOL,319,130,189,317,2,0,0,3,316,ITF,ITF2,14,Molise,Molise,305617,11892,3.89,0.1
907,2021-01-27,MOL,674,251,423,436,29,209,0,8,666,ITF,ITF2,14,Molise,Molise,305617,12566,4.11,0.22
908,2021-02-15,MOL,144,70,74,117,12,15,0,141,3,ITF,ITF2,14,Molise,Molise,305617,12710,4.16,0.05
909,2021-01-15,MOL,538,242,296,398,59,81,0,538,0,ITF,ITF2,14,Molise,Molise,305617,13248,4.33,0.18
910,2021-01-08,MOL,429,141,288,244,65,120,0,429,0,ITF,ITF2,14,Molise,Molise,305617,13677,4.48,0.14
911,2021-02-03,MOL,731,249,482,391,160,180,0,338,393,ITF,ITF2,14,Molise,Molise,305617,14408,4.71,0.24
912,2020-12-27,MOL,50,20,30,29,4,17,0,50,0,ITF,ITF2,14,Molise,Molise,305617,14458,4.73,0.02
913,2021-02-10,MOL,150,78,72,91,6,53,0,130,20,ITF,ITF2,14,Molise,Molise,305617,14608,4.78,0.05
914,2021-01-10,MOL,270,72,198,82,19,169,0,270,0,ITF,ITF2,14,Molise,Molise,305617,14878,4.87,0.09
915,2021-01-29,MOL,421,136,285,227,85,109,0,6,415,ITF,ITF2,14,Molise,Molise,305617,15299,5.01,0.14
916,2021-01-22,MOL,126,35,91,21,32,73,0,126,0,ITF,ITF2,14,Molise,Molise,305617,15425,5.05,0.04
917,2021-01-28,VEN,9171,2652,6519,6457,1290,1424,0,166,9005,ITH,ITH3,5,Veneto,Veneto,4905854,9171,0.19,0.19
918,2021-01-16,VEN,4544,1529,3015,3149,745,650,0,4544,0,ITH,ITH3,5,Veneto,Veneto,4905854,13715,0.28,0.09
919,2021-02-16,VEN,3028,1374,1654,120,115,135,2658,2992,36,ITH,ITH3,5,Veneto,Veneto,4905854,16743,0.34,0.06
920,2021-02-04,VEN,7268,2008,5260,3426,1468,2362,12,540,6728,ITH,ITH3,5,Veneto,Veneto,4905854,24011,0.49,0.15
921,2021-01-09,VEN,7924,2535,5389,5170,1178,1573,3,7924,0,ITH,ITH3,5,Veneto,Veneto,4905854,31935,0.65,0.16
922,2021-02-06,VEN,4082,1349,2733,3014,698,367,3,705,3377,ITH,ITH3,5,Veneto,Veneto,4905854,36017,0.73,0.08
923,2021-01-23,VEN,4060,1253,2807,3403,206,450,1,34,4026,ITH,ITH3,5,Veneto,Veneto,4905854,40077,0.82,0.08
924,2021-01-11,VEN,7237,2100,5137,3499,1534,1957,247,7237,0,ITH,ITH3,5,Veneto,Veneto,4905854,47314,0.96,0.15
925,2021-02-11,VEN,3637,1116,2521,2405,617,606,9,3045,592,ITH,ITH3,5,Veneto,Veneto,4905854,50951,1.04,0.07
926,2021-01-30,VEN,8714,2661,6053,6199,1305,1206,4,674,8040,ITH,ITH3,5,Veneto,Veneto,4905854,59665,1.22,0.18
927,2021-01-04,VEN,6724,2029,4695,5237,573,913,1,6724,0,ITH,ITH3,5,Veneto,Veneto,4905854,66389,1.35,0.14
928,2021-01-18,VEN,2754,782,1972,1213,534,999,8,2555,199,ITH,ITH3,5,Veneto,Veneto,4905854,69143,1.41,0.06
929,2021-01-25,VEN,6465,2074,4391,5059,502,903,1,169,6296,ITH,ITH3,5,Veneto,Veneto,4905854,75608,1.54,0.13
930,2020-12-30,VEN,699,245,454,598,62,39,0,699,0,ITH,ITH3,5,Veneto,Veneto,4905854,76307,1.56,0.01
931,2021-01-13,VEN,5975,1600,4375,2790,1302,1880,3,5975,0,ITH,ITH3,5,Veneto,Veneto,4905854,82282,1.68,0.12
932,2021-02-13,VEN,2936,1321,1615,1520,604,811,1,2921,15,ITH,ITH3,5,Veneto,Veneto,4905854,85218,1.74,0.06
933,2021-02-01,VEN,8122,2421,5701,4204,1778,1895,245,161,7961,ITH,ITH3,5,Veneto,Veneto,4905854,93340,1.9,0.17
934,2021-01-06,VEN,8124,2379,5745,6302,1014,807,1,8124,0,ITH,ITH3,5,Veneto,Veneto,4905854,101464,2.07,0.17
935,2021-01-20,VEN,1038,368,670,695,130,213,0,386,652,ITH,ITH3,5,Veneto,Veneto,4905854,102502,2.09,0.02
936,2021-01-08,VEN,9397,2831,6566,5976,1611,1807,3,9397,0,ITH,ITH3,5,Veneto,Veneto,4905854,111899,2.28,0.19
937,2021-02-08,VEN,4869,1524,3345,2739,999,1119,12,1917,2952,ITH,ITH3,5,Veneto,Veneto,4905854,116768,2.38,0.1
938,2021-01-27,VEN,7132,2065,5067,5201,1060,871,0,240,6892,ITH,ITH3,5,Veneto,Veneto,4905854,123900,2.53,0.15
939,2021-01-01,VEN,1525,470,1055,1494,30,1,0,1525,0,ITH,ITH3,5,Veneto,Veneto,4905854,125425,2.56,0.03
940,2021-02-15,VEN,4059,1692,2367,338,193,231,3297,3825,234,ITH,ITH3,5,Veneto,Veneto,4905854,129484,2.64,0.08
941,2021-01-03,VEN,5157,1563,3594,4596,312,249,0,5157,0,ITH,ITH3,5,Veneto,Veneto,4905854,134641,2.74,0.11
942,2021-02-03,VEN,5922,1657,4265,2848,1339,1734,1,474,5448,ITH,ITH3,5,Veneto,Veneto,4905854,140563,2.87,0.12
943,2021-01-22,VEN,1081,332,749,946,77,58,0,27,1054,ITH,ITH3,5,Veneto,Veneto,4905854,141644,2.89,0.02
944,2020-12-27,VEN,880,395,485,875,5,0,0,880,0,ITH,ITH3,5,Veneto,Veneto,4905854,142524,2.91,0.02
945,2021-01-10,VEN,5019,1661,3358,3838,717,462,2,5019,0,ITH,ITH3,5,Veneto,Veneto,4905854,147543,3.01,0.1
946,2021-02-10,VEN,4620,1555,3065,3049,871,699,1,3641,979,ITH,ITH3,5,Veneto,Veneto,4905854,152163,3.1,0.09
947,2021-01-15,VEN,5865,1817,4048,2988,1305,1563,9,5865,0,ITH,ITH3,5,Veneto,Veneto,4905854,158028,3.22,0.12
948,2021-01-29,VEN,8983,2778,6205,6023,1525,1432,3,363,8620,ITH,ITH3,5,Veneto,Veneto,4905854,167011,3.4,0.18
949,2021-01-17,VEN,1931,780,1151,1586,222,120,3,1582,349,ITH,ITH3,5,Veneto,Veneto,4905854,168942,3.44,0.04
950,2021-01-05,VEN,7328,2182,5146,5410,795,1123,0,7328,0,ITH,ITH3,5,Veneto,Veneto,4905854,176270,3.59,0.15
951,2021-02-05,VEN,8283,2521,5762,4185,1934,2159,5,1415,6868,ITH,ITH3,5,Veneto,Veneto,4905854,184553,3.76,0.17
952,2021-01-24,VEN,4116,1219,2897,3750,143,222,1,28,4088,ITH,ITH3,5,Veneto,Veneto,4905854,188669,3.85,0.08
953,2021-02-12,VEN,4153,1382,2771,2647,879,621,6,3601,552,ITH,ITH3,5,Veneto,Veneto,4905854,192822,3.93,0.08
954,2020-12-31,VEN,3218,1044,2174,2699,267,252,0,3218,0,ITH,ITH3,5,Veneto,Veneto,4905854,196040,4.0,0.07
955,2021-01-31,VEN,4679,1540,3139,3646,669,360,4,385,4294,ITH,ITH3,5,Veneto,Veneto,4905854,200719,4.09,0.1
956,2021-01-19,VEN,1309,472,837,726,253,324,6,1160,149,ITH,ITH3,5,Veneto,Veneto,4905854,202028,4.12,0.03
957,2021-02-07,VEN,2312,860,1452,1924,336,50,2,713,1599,ITH,ITH3,5,Veneto,Veneto,4905854,204340,4.17,0.05
958,2021-01-12,VEN,5229,1516,3713,2249,1060,1752,168,5229,0,ITH,ITH3,5,Veneto,Veneto,4905854,209569,4.27,0.11
959,2021-02-09,VEN,5033,1827,3206,3060,867,1086,20,3363,1670,ITH,ITH3,5,Veneto,Veneto,4905854,214602,4.37,0.1
960,2021-01-14,VEN,7049,1924,5125,3224,1336,2472,17,7049,0,ITH,ITH3,5,Veneto,Veneto,4905854,221651,4.52,0.14
961,2021-01-02,VEN,5740,1765,3975,4796,398,544,2,5740,0,ITH,ITH3,5,Veneto,Veneto,4905854,227391,4.64,0.12
962,2021-02-14,VEN,120,54,66,90,30,0,0,107,13,ITH,ITH3,5,Veneto,Veneto,4905854,227511,4.64,0.0
963,2021-02-02,VEN,6391,1836,4555,2967,1288,1984,152,383,6008,ITH,ITH3,5,Veneto,Veneto,4905854,233902,4.77,0.13
964,2021-01-07,VEN,8357,2320,6037,5465,1085,1807,0,8357,0,ITH,ITH3,5,Veneto,Veneto,4905854,242259,4.94,0.17
965,2021-01-21,VEN,2292,719,1573,1987,164,141,0,23,2269,ITH,ITH3,5,Veneto,Veneto,4905854,244551,4.98,0.05
966,2021-01-26,VEN,6899,2080,4819,5307,631,961,0,153,6746,ITH,ITH3,5,Veneto,Veneto,4905854,251450,5.13,0.14
967,2021-01-28,PAT,530,147,383,350,73,107,0,48,482,ITH,ITH2,4,Provincia Autonoma Trento,P.A. Trento,541380,530,0.1,0.1
968,2021-02-16,PAT,234,83,151,42,44,0,148,233,1,ITH,ITH2,4,Provincia Autonoma Trento,P.A. Trento,541380,764,0.14,0.04
969,2021-01-16,PAT,318,147,171,303,1,14,0,318,0,ITH,ITH2,4,Provincia Autonoma Trento,P.A. Trento,541380,1082,0.2,0.06
970,2021-01-09,PAT,184,40,144,139,14,31,0,184,0,ITH,ITH2,4,Provincia Autonoma Trento,P.A. Trento,541380,1266,0.23,0.03
971,2021-02-04,PAT,969,302,667,538,19,88,324,418,551,ITH,ITH2,4,Provincia Autonoma Trento,P.A. Trento,541380,2235,0.41,0.18
972,2021-02-06,PAT,572,296,276,178,21,0,373,432,140,ITH,ITH2,4,Provincia Autonoma Trento,P.A. Trento,541380,2807,0.52,0.11
973,2021-01-23,PAT,570,330,240,480,2,88,0,384,186,ITH,ITH2,4,Provincia Autonoma Trento,P.A. Trento,541380,3377,0.62,0.11
974,2021-02-11,PAT,1119,360,759,322,73,48,676,784,335,ITH,ITH2,4,Provincia Autonoma Trento,P.A. Trento,541380,4496,0.83,0.21
975,2020-12-30,PAT,6,2,4,4,1,1,0,6,0,ITH,ITH2,4,Provincia Autonoma Trento,P.A. Trento,541380,4502,0.83,0.0
976,2021-01-11,PAT,724,220,504,516,58,150,0,724,0,ITH,ITH2,4,Provincia Autonoma Trento,P.A. Trento,541380,5226,0.97,0.13
977,2021-01-04,PAT,852,223,629,481,49,322,0,852,0,ITH,ITH2,4,Provincia Autonoma Trento,P.A. Trento,541380,6078,1.12,0.16
978,2021-01-30,PAT,383,130,253,345,7,31,0,151,232,ITH,ITH2,4,Provincia Autonoma Trento,P.A. Trento,541380,6461,1.19,0.07
979,2021-01-18,PAT,640,154,486,527,40,73,0,586,54,ITH,ITH2,4,Provincia Autonoma Trento,P.A. Trento,541380,7101,1.31,0.12
980,2021-01-06,PAT,42,13,29,42,0,0,0,42,0,ITH,ITH2,4,Provincia Autonoma Trento,P.A. Trento,541380,7143,1.32,0.01
981,2021-01-25,PAT,774,205,569,482,30,262,0,23,751,ITH,ITH2,4,Provincia Autonoma Trento,P.A. Trento,541380,7917,1.46,0.14
982,2021-02-13,PAT,536,333,203,370,11,0,155,171,365,ITH,ITH2,4,Provincia Autonoma Trento,P.A. Trento,541380,8453,1.56,0.1
983,2021-01-13,PAT,420,123,297,391,6,23,0,420,0,ITH,ITH2,4,Provincia Autonoma Trento,P.A. Trento,541380,8873,1.64,0.08
984,2021-02-01,PAT,1217,333,884,765,83,369,0,92,1125,ITH,ITH2,4,Provincia Autonoma Trento,P.A. Trento,541380,10090,1.86,0.22
985,2021-01-20,PAT,288,71,217,229,11,48,0,276,12,ITH,ITH2,4,Provincia Autonoma Trento,P.A. Trento,541380,10378,1.92,0.05
986,2021-02-08,PAT,1148,318,830,544,65,237,302,341,807,ITH,ITH2,4,Provincia Autonoma Trento,P.A. Trento,541380,11526,2.13,0.21
987,2021-01-08,PAT,1442,312,1130,764,152,526,0,1442,0,ITH,ITH2,4,Provincia Autonoma Trento,P.A. Trento,541380,12968,2.4,0.27
988,2021-01-27,PAT,732,257,475,395,34,303,0,72,660,ITH,ITH2,4,Provincia Autonoma Trento,P.A. Trento,541380,13700,2.53,0.14
989,2021-02-15,PAT,508,181,327,143,31,27,307,395,113,ITH,ITH2,4,Provincia Autonoma Trento,P.A. Trento,541380,14208,2.62,0.09
990,2021-01-01,PAT,206,48,158,109,11,86,0,206,0,ITH,ITH2,4,Provincia Autonoma Trento,P.A. Trento,541380,14414,2.66,0.04
991,2021-02-03,PAT,843,311,532,315,81,74,373,414,429,ITH,ITH2,4,Provincia Autonoma Trento,P.A. Trento,541380,15257,2.82,0.16
992,2021-01-03,PAT,483,158,325,409,12,62,0,483,0,ITH,ITH2,4,Provincia Autonoma Trento,P.A. Trento,541380,15740,2.91,0.09
993,2021-01-22,PAT,1623,419,1204,872,128,623,0,313,1310,ITH,ITH2,4,Provincia Autonoma Trento,P.A. Trento,541380,17363,3.21,0.3
994,2021-02-10,PAT,827,282,545,302,109,51,365,489,338,ITH,ITH2,4,Provincia Autonoma Trento,P.A. Trento,541380,18190,3.36,0.15
995,2020-12-27,PAT,103,40,63,76,6,21,0,103,0,ITH,ITH2,4,Provincia Autonoma Trento,P.A. Trento,541380,18293,3.38,0.02
996,2021-01-10,PAT,84,19,65,53,19,12,0,84,0,ITH,ITH2,4,Provincia Autonoma Trento,P.A. Trento,541380,18377,3.39,0.02
997,2021-01-29,PAT,1349,331,1018,722,86,541,0,54,1295,ITH,ITH2,4,Provincia Autonoma Trento,P.A. Trento,541380,19726,3.64,0.25
998,2021-01-15,PAT,590,130,460,455,25,110,0,590,0,ITH,ITH2,4,Provincia Autonoma Trento,P.A. Trento,541380,20316,3.75,0.11
999,2021-01-17,PAT,251,195,56,251,0,0,0,251,0,ITH,ITH2,4,Provincia Autonoma Trento,P.A. Trento,541380,20567,3.8,0.05
1000,2021-02-12,PAT,986,333,653,332,81,55,518,565,421,ITH,ITH2,4,Provincia Autonoma Trento,P.A. Trento,541380,21553,3.98,0.18
1001,2021-02-05,PAT,782,264,518,466,23,65,228,265,517,ITH,ITH2,4,Provincia Autonoma Trento,P.A. Trento,541380,22335,4.13,0.14
1002,2021-01-05,PAT,707,231,476,494,52,161,0,707,0,ITH,ITH2,4,Provincia Autonoma Trento,P.A. Trento,541380,23042,4.26,0.13
1003,2021-01-24,PAT,545,274,271,533,12,0,0,222,323,ITH,ITH2,4,Provincia Autonoma Trento,P.A. Trento,541380,23587,4.36,0.1
1004,2021-01-31,PAT,74,15,59,55,13,6,0,0,74,ITH,ITH2,4,Provincia Autonoma Trento,P.A. Trento,541380,23661,4.37,0.01
1005,2020-12-31,PAT,1595,438,1157,817,108,670,0,1595,0,ITH,ITH2,4,Provincia Autonoma Trento,P.A. Trento,541380,25256,4.67,0.29
1006,2021-01-19,PAT,403,77,326,361,6,36,0,403,0,ITH,ITH2,4,Provincia Autonoma Trento,P.A. Trento,541380,25659,4.74,0.07
1007,2021-02-14,PAT,246,186,60,240,6,0,0,11,235,ITH,ITH2,4,Provincia Autonoma Trento,P.A. Trento,541380,25905,4.78,0.05
1008,2021-01-12,PAT,501,158,343,410,32,59,0,501,0,ITH,ITH2,4,Provincia Autonoma Trento,P.A. Trento,541380,26406,4.88,0.09
1009,2021-01-26,PAT,497,138,359,397,16,84,0,25,472,ITH,ITH2,4,Provincia Autonoma Trento,P.A. Trento,541380,26903,4.97,0.09
1010,2021-01-14,PAT,696,201,495,475,13,208,0,696,0,ITH,ITH2,4,Provincia Autonoma Trento,P.A. Trento,541380,27599,5.1,0.13
1011,2021-02-09,PAT,900,281,619,441,50,73,336,428,472,ITH,ITH2,4,Provincia Autonoma Trento,P.A. Trento,541380,28499,5.26,0.17
1012,2021-01-02,PAT,498,142,356,334,25,139,0,498,0,ITH,ITH2,4,Provincia Autonoma Trento,P.A. Trento,541380,28997,5.36,0.09
1013,2021-01-07,PAT,1269,310,959,649,64,556,0,1269,0,ITH,ITH2,4,Provincia Autonoma Trento,P.A. Trento,541380,30266,5.59,0.23
1014,2021-01-21,PAT,349,93,256,318,15,16,0,227,122,ITH,ITH2,4,Provincia Autonoma Trento,P.A. Trento,541380,30615,5.65,0.06
1015,2021-02-02,PAT,889,237,652,462,92,171,164,190,699,ITH,ITH2,4,Provincia Autonoma Trento,P.A. Trento,541380,31504,5.82,0.16
