,data,area,Vaccinazioni giornaliere,sesso_maschile,sesso_femminile,Operatori sanitari - sociosanitari,Personale non sanitario,Ospiti RSA,categoria_personale_scolastico,categoria_60_69,categoria_70_79,categoria_over80,categoria_soggetti_fragili,categoria_forze_armate,categoria_altro,prima_dose,seconda_dose,codice_NUTS1,codice_NUTS2,codice_regione_ISTAT,nome_area,Regione,popolazione,Totale vaccinazioni,Totale vaccinazioni ogni cento ab,Vaccinazioni giornaliere ogni cento ab
0,2021-02-01,PIE,8642,3053,5589,6177,1397,1068,0,0,0,0,0,0,0,578,8064,ITC,ITC1,1,Piemonte,Piemonte,4356406,8642,0.2,0.2
1,2021-05-12,PIE,31489,14977,16512,378,220,175,1366,12075,3339,2637,9588,1084,627,18813,12676,ITC,ITC1,1,Piemonte,Piemonte,4356406,40131,0.92,0.72
2,2021-02-05,PIE,9454,3080,6374,5766,2043,1643,0,0,0,1,0,0,1,657,8797,ITC,ITC1,1,Piemonte,Piemonte,4356406,49585,1.14,0.22
3,2021-02-20,PIE,3832,1253,2579,1101,976,219,1417,0,0,30,0,89,0,3658,174,ITC,ITC1,1,Piemonte,Piemonte,4356406,53417,1.23,0.09
4,2021-03-26,PIE,18081,7126,10955,1167,764,532,2429,3,16,11841,610,712,7,8945,9136,ITC,ITC1,1,Piemonte,Piemonte,4356406,71498,1.64,0.42
5,2021-04-28,PIE,25954,11691,14263,576,275,106,54,3538,4038,7915,9407,25,20,15953,10001,ITC,ITC1,1,Piemonte,Piemonte,4356406,97452,2.24,0.6
6,2021-04-19,PIE,22531,10762,11769,309,159,213,28,794,5486,4811,10672,1,58,18167,4364,ITC,ITC1,1,Piemonte,Piemonte,4356406,119983,2.75,0.52
7,2021-04-25,PIE,20221,9302,10919,213,108,9,18,1418,6281,2537,9614,8,15,17719,2502,ITC,ITC1,1,Piemonte,Piemonte,4356406,140204,3.22,0.46
8,2021-04-05,PIE,14746,6233,8513,148,115,0,703,1,3905,7996,1844,33,1,12189,2557,ITC,ITC1,1,Piemonte,Piemonte,4356406,154950,3.56,0.34
9,2021-02-19,PIE,5535,2175,3360,1990,1696,667,1079,0,1,34,0,59,9,5034,501,ITC,ITC1,1,Piemonte,Piemonte,4356406,160485,3.68,0.13
10,2021-04-15,PIE,29580,13563,16017,897,402,440,53,1206,9652,6886,10003,7,34,24106,5474,ITC,ITC1,1,Piemonte,Piemonte,4356406,190065,4.36,0.68
11,2021-05-24,PIE,28278,12971,15307,385,277,52,2328,6877,3720,1050,6457,643,6489,16875,11403,ITC,ITC1,1,Piemonte,Piemonte,4356406,218343,5.01,0.65
12,2021-01-16,PIE,7771,2630,5141,4803,1596,1372,0,0,0,0,0,0,0,7771,0,ITC,ITC1,1,Piemonte,Piemonte,4356406,226114,5.19,0.18
13,2021-02-03,PIE,10197,3303,6894,6643,2299,1246,0,2,0,5,0,0,2,611,9586,ITC,ITC1,1,Piemonte,Piemonte,4356406,236311,5.42,0.23
14,2021-04-01,PIE,19328,8072,11256,672,373,292,914,6,1954,13853,968,261,35,11209,8119,ITC,ITC1,1,Piemonte,Piemonte,4356406,255639,5.87,0.44
15,2021-01-19,PIE,6456,2104,4352,3583,1301,1572,0,0,0,0,0,0,0,6444,12,ITC,ITC1,1,Piemonte,Piemonte,4356406,262095,6.02,0.15
16,2021-02-13,PIE,4152,1334,2818,2310,722,1114,5,0,0,1,0,0,0,2931,1221,ITC,ITC1,1,Piemonte,Piemonte,4356406,266247,6.11,0.1
17,2021-01-18,PIE,6164,2047,4117,3238,1403,1523,0,0,0,0,0,0,0,5916,248,ITC,ITC1,1,Piemonte,Piemonte,4356406,272411,6.25,0.14
18,2021-01-04,PIE,5564,1679,3885,4591,736,235,0,0,0,0,0,0,2,5564,0,ITC,ITC1,1,Piemonte,Piemonte,4356406,277975,6.38,0.13
19,2021-01-03,PIE,3063,967,2096,2715,295,52,0,0,0,0,0,0,1,3063,0,ITC,ITC1,1,Piemonte,Piemonte,4356406,281038,6.45,0.07
20,2021-02-12,PIE,6890,2214,4676,3527,1646,1709,2,1,0,4,0,0,1,3930,2960,ITC,ITC1,1,Piemonte,Piemonte,4356406,287928,6.61,0.16
21,2021-03-20,PIE,11917,4898,7019,883,1039,163,1939,20,17,7684,21,21,130,6019,5898,ITC,ITC1,1,Piemonte,Piemonte,4356406,299845,6.88,0.27
22,2021-03-08,PIE,13925,5285,8640,2037,1424,413,2628,1,1,7405,0,13,3,11212,2713,ITC,ITC1,1,Piemonte,Piemonte,4356406,313770,7.2,0.32
23,2021-05-16,PIE,28093,12755,15338,144,98,3,2424,6416,2835,1154,13106,317,1596,15049,13044,ITC,ITC1,1,Piemonte,Piemonte,4356406,341863,7.85,0.64
24,2021-05-04,PIE,28418,13043,15375,494,192,112,204,7542,5836,6247,7482,219,90,16368,12050,ITC,ITC1,1,Piemonte,Piemonte,4356406,370281,8.5,0.65
25,2021-01-29,PIE,5943,1886,4057,4199,1067,673,0,0,0,2,0,0,2,455,5488,ITC,ITC1,1,Piemonte,Piemonte,4356406,376224,8.64,0.14
26,2021-03-09,PIE,13962,5428,8534,1688,1543,356,2330,2,6,8027,1,9,0,11620,2342,ITC,ITC1,1,Piemonte,Piemonte,4356406,390186,8.96,0.32
27,2021-02-27,PIE,12689,4849,7840,886,908,232,3043,0,0,7562,1,56,1,12344,345,ITC,ITC1,1,Piemonte,Piemonte,4356406,402875,9.25,0.29
28,2021-02-17,PIE,4792,2155,2637,2248,2030,497,1,0,1,1,0,1,13,3803,989,ITC,ITC1,1,Piemonte,Piemonte,4356406,407667,9.36,0.11
29,2021-03-27,PIE,18360,7817,10543,1215,1623,119,2109,12,940,11698,446,193,5,9546,8814,ITC,ITC1,1,Piemonte,Piemonte,4356406,426027,9.78,0.42
30,2021-03-01,PIE,12038,4845,7193,1157,1275,281,2430,0,4,6876,0,14,1,11229,809,ITC,ITC1,1,Piemonte,Piemonte,4356406,438065,10.06,0.28
31,2021-02-16,PIE,3966,1755,2211,1815,1586,548,1,0,4,1,0,5,6,3208,758,ITC,ITC1,1,Piemonte,Piemonte,4356406,442031,10.15,0.09
32,2021-02-14,PIE,1476,498,978,796,381,285,14,0,0,0,0,0,0,876,600,ITC,ITC1,1,Piemonte,Piemonte,4356406,443507,10.18,0.03
33,2021-05-11,PIE,31843,15351,16492,311,114,114,935,11501,3302,1999,12319,837,411,18751,13092,ITC,ITC1,1,Piemonte,Piemonte,4356406,475350,10.91,0.73
34,2021-05-17,PIE,30507,14308,16199,207,174,58,2470,6425,3145,1307,11137,546,5038,17622,12885,ITC,ITC1,1,Piemonte,Piemonte,4356406,505857,11.61,0.7
35,2021-02-24,PIE,11409,4629,6780,1855,1289,408,2157,0,3,5685,0,7,5,10904,505,ITC,ITC1,1,Piemonte,Piemonte,4356406,517266,11.87,0.26
36,2021-03-31,PIE,19105,8102,11003,962,687,311,687,8,2527,13178,529,209,7,10413,8692,ITC,ITC1,1,Piemonte,Piemonte,4356406,536371,12.31,0.44
37,2021-01-09,PIE,6184,2185,3999,4499,1113,569,0,1,0,0,0,0,2,6184,0,ITC,ITC1,1,Piemonte,Piemonte,4356406,542555,12.45,0.14
38,2021-01-07,PIE,5387,1739,3648,4159,885,341,0,1,0,0,0,0,1,5387,0,ITC,ITC1,1,Piemonte,Piemonte,4356406,547942,12.58,0.12
39,2021-02-09,PIE,7351,2309,5042,4154,1367,1830,0,0,0,0,0,0,0,722,6629,ITC,ITC1,1,Piemonte,Piemonte,4356406,555293,12.75,0.17
40,2021-01-27,PIE,4196,1453,2743,2982,657,557,0,0,0,0,0,0,0,999,3197,ITC,ITC1,1,Piemonte,Piemonte,4356406,559489,12.84,0.1
41,2021-05-15,PIE,33491,15616,17875,360,226,16,3051,11493,4057,1261,10372,836,1819,19913,13578,ITC,ITC1,1,Piemonte,Piemonte,4356406,592980,13.61,0.77
42,2021-01-06,PIE,3116,1111,2005,2370,429,313,0,0,1,1,0,0,2,3116,0,ITC,ITC1,1,Piemonte,Piemonte,4356406,596096,13.68,0.07
43,2021-04-30,PIE,31697,14236,17461,742,429,385,122,4598,5539,8644,11008,119,111,18396,13301,ITC,ITC1,1,Piemonte,Piemonte,4356406,627793,14.41,0.73
44,2021-05-20,PIE,37915,17535,20380,585,325,362,3002,9376,5074,1488,13019,844,3840,13334,24581,ITC,ITC1,1,Piemonte,Piemonte,4356406,665708,15.28,0.87
45,2021-02-15,PIE,4432,1597,2835,2319,1144,963,1,0,2,2,0,1,0,3227,1205,ITC,ITC1,1,Piemonte,Piemonte,4356406,670140,15.38,0.1
46,2021-04-20,PIE,25445,11651,13794,713,275,258,35,1206,6129,6677,10126,2,24,19106,6339,ITC,ITC1,1,Piemonte,Piemonte,4356406,695585,15.97,0.58
47,2021-03-11,PIE,13759,5069,8690,2318,1414,382,2184,1,5,7373,4,72,6,10664,3095,ITC,ITC1,1,Piemonte,Piemonte,4356406,709344,16.28,0.32
48,2021-05-10,PIE,28497,13672,14825,283,121,103,1128,7353,3226,1808,13567,739,169,15488,13009,ITC,ITC1,1,Piemonte,Piemonte,4356406,737841,16.94,0.65
49,2021-05-09,PIE,26985,12856,14129,286,95,18,644,6854,3264,2711,12848,209,56,13379,13606,ITC,ITC1,1,Piemonte,Piemonte,4356406,764826,17.56,0.62
50,2021-01-20,PIE,6615,2089,4526,3618,1182,1813,0,0,0,0,0,0,2,5898,717,ITC,ITC1,1,Piemonte,Piemonte,4356406,771441,17.71,0.15
51,2021-05-21,PIE,33876,15540,18336,535,300,174,2571,11208,3298,1205,9754,793,4038,18614,15262,ITC,ITC1,1,Piemonte,Piemonte,4356406,805317,18.49,0.78
52,2021-01-05,PIE,5381,1603,3778,4368,721,285,0,0,2,1,0,0,4,5381,0,ITC,ITC1,1,Piemonte,Piemonte,4356406,810698,18.61,0.12
53,2021-04-02,PIE,20129,8298,11831,885,439,390,879,8,2690,13352,1279,153,54,11702,8427,ITC,ITC1,1,Piemonte,Piemonte,4356406,830827,19.07,0.46
54,2021-05-22,PIE,33067,14920,18147,289,213,7,4104,8353,6027,754,8374,441,4505,17050,16017,ITC,ITC1,1,Piemonte,Piemonte,4356406,863894,19.83,0.76
55,2021-02-25,PIE,12218,5252,6966,1447,2063,405,1961,0,2,6330,0,4,6,11671,547,ITC,ITC1,1,Piemonte,Piemonte,4356406,876112,20.11,0.28
56,2021-05-02,PIE,25034,11255,13779,578,230,33,69,3028,7201,5663,8126,86,20,14290,10744,ITC,ITC1,1,Piemonte,Piemonte,4356406,901146,20.69,0.57
57,2021-01-15,PIE,8970,2955,6015,5499,1923,1546,0,1,0,0,0,0,1,8970,0,ITC,ITC1,1,Piemonte,Piemonte,4356406,910116,20.89,0.21
58,2021-01-11,PIE,8742,2980,5762,6060,1553,1127,0,1,0,0,0,0,1,8742,0,ITC,ITC1,1,Piemonte,Piemonte,4356406,918858,21.09,0.2
59,2021-04-07,PIE,23605,9994,13611,951,440,272,532,8,5786,12383,3100,66,67,18141,5464,ITC,ITC1,1,Piemonte,Piemonte,4356406,942463,21.63,0.54
60,2021-04-09,PIE,25841,11383,14458,1220,523,254,46,45,7412,11156,5135,35,15,21333,4508,ITC,ITC1,1,Piemonte,Piemonte,4356406,968304,22.23,0.59
61,2021-01-28,PIE,5590,1809,3781,4120,878,590,0,1,0,1,0,0,0,384,5206,ITC,ITC1,1,Piemonte,Piemonte,4356406,973894,22.36,0.13
62,2021-02-02,PIE,10239,3508,6731,6872,2048,1317,0,0,0,0,0,0,2,815,9424,ITC,ITC1,1,Piemonte,Piemonte,4356406,984133,22.59,0.24
63,2021-03-07,PIE,11969,4656,7313,1322,1134,111,2050,0,5,7345,0,0,2,11091,878,ITC,ITC1,1,Piemonte,Piemonte,4356406,996102,22.87,0.27
64,2021-01-14,PIE,9766,3152,6614,6182,2097,1484,0,0,0,0,0,0,3,9766,0,ITC,ITC1,1,Piemonte,Piemonte,4356406,1005868,23.09,0.22
65,2021-01-23,PIE,4257,1325,2932,3212,524,520,0,0,0,1,0,0,0,879,3378,ITC,ITC1,1,Piemonte,Piemonte,4356406,1010125,23.19,0.1
66,2021-02-11,PIE,6764,2107,4657,3422,1328,2010,3,0,0,0,0,0,1,3006,3758,ITC,ITC1,1,Piemonte,Piemonte,4356406,1016889,23.34,0.16
67,2021-03-02,PIE,11193,4503,6690,907,1122,215,2517,0,4,6416,0,10,2,10377,816,ITC,ITC1,1,Piemonte,Piemonte,4356406,1028082,23.6,0.26
68,2021-03-25,PIE,17062,7203,9859,1035,963,599,1375,4,25,12009,569,476,7,8423,8639,ITC,ITC1,1,Piemonte,Piemonte,4356406,1045144,23.99,0.39
69,2021-03-13,PIE,13035,4717,8318,1169,996,158,2139,1,3,8560,0,4,5,11592,1443,ITC,ITC1,1,Piemonte,Piemonte,4356406,1058179,24.29,0.3
70,2021-01-17,PIE,3518,1168,2350,2082,596,840,0,0,0,0,0,0,0,2870,648,ITC,ITC1,1,Piemonte,Piemonte,4356406,1061697,24.37,0.08
71,2021-04-08,PIE,25142,10929,14213,1057,521,274,412,30,7380,11274,4055,117,22,20412,4730,ITC,ITC1,1,Piemonte,Piemonte,4356406,1086839,24.95,0.58
72,2021-05-08,PIE,33821,16047,17774,277,200,71,1191,9394,4845,3807,13537,409,90,18208,15613,ITC,ITC1,1,Piemonte,Piemonte,4356406,1120660,25.72,0.78
73,2021-03-14,PIE,8200,3332,4868,794,588,2,990,0,5,5815,0,1,5,5308,2892,ITC,ITC1,1,Piemonte,Piemonte,4356406,1128860,25.91,0.19
74,2021-01-31,PIE,4112,1752,2360,3080,655,377,0,0,0,0,0,0,0,112,4000,ITC,ITC1,1,Piemonte,Piemonte,4356406,1132972,26.01,0.09
75,2021-01-26,PIE,6330,1879,4451,4727,873,728,0,0,0,0,0,0,2,735,5595,ITC,ITC1,1,Piemonte,Piemonte,4356406,1139302,26.15,0.15
76,2021-02-04,PIE,10279,3360,6919,6263,2199,1814,0,0,0,0,0,0,3,595,9684,ITC,ITC1,1,Piemonte,Piemonte,4356406,1149581,26.39,0.24
77,2021-04-24,PIE,27423,12410,15013,461,169,30,23,2684,8347,5240,10391,48,30,21791,5632,ITC,ITC1,1,Piemonte,Piemonte,4356406,1177004,27.02,0.63
78,2021-03-17,PIE,12515,5053,7462,2084,806,236,9,1,9,9104,10,250,6,5224,7291,ITC,ITC1,1,Piemonte,Piemonte,4356406,1189519,27.31,0.29
79,2021-04-26,PIE,19714,8718,10996,307,100,84,44,1599,3379,4842,9335,11,13,15335,4379,ITC,ITC1,1,Piemonte,Piemonte,4356406,1209233,27.76,0.45
80,2021-02-10,PIE,7534,2371,5163,3905,1530,2098,0,0,0,0,0,0,1,1316,6218,ITC,ITC1,1,Piemonte,Piemonte,4356406,1216767,27.93,0.17
81,2021-03-28,PIE,16040,6893,9147,926,1914,34,2480,3,461,8931,1076,208,7,8432,7608,ITC,ITC1,1,Piemonte,Piemonte,4356406,1232807,28.3,0.37
82,2021-04-06,PIE,20237,8809,11428,650,591,260,1319,16,5177,9659,2427,113,25,15041,5196,ITC,ITC1,1,Piemonte,Piemonte,4356406,1253044,28.76,0.46
83,2021-02-07,PIE,3087,974,2113,1648,662,777,0,0,0,0,0,0,0,445,2642,ITC,ITC1,1,Piemonte,Piemonte,4356406,1256131,28.83,0.07
84,2021-04-12,PIE,22921,10351,12570,612,296,246,60,243,7776,7342,6289,10,47,19931,2990,ITC,ITC1,1,Piemonte,Piemonte,4356406,1279052,29.36,0.53
85,2021-05-19,PIE,32723,15066,17657,227,179,96,3214,10783,2726,800,8479,576,5643,21898,10825,ITC,ITC1,1,Piemonte,Piemonte,4356406,1311775,30.11,0.75
86,2021-02-18,PIE,4789,2093,2696,2255,1898,624,2,0,0,0,0,3,7,4359,430,ITC,ITC1,1,Piemonte,Piemonte,4356406,1316564,30.22,0.11
87,2020-12-30,PIE,730,322,408,685,45,0,0,0,0,0,0,0,0,730,0,ITC,ITC1,1,Piemonte,Piemonte,4356406,1317294,30.24,0.02
88,2021-03-19,PIE,11018,4510,6508,1127,650,432,271,3,19,8184,25,301,6,4414,6604,ITC,ITC1,1,Piemonte,Piemonte,4356406,1328312,30.49,0.25
89,2020-12-31,PIE,3909,1334,2575,3415,356,134,0,0,0,0,0,0,4,3909,0,ITC,ITC1,1,Piemonte,Piemonte,4356406,1332221,30.58,0.09
90,2021-05-13,PIE,35196,17187,18009,350,194,302,836,11846,3828,1765,14032,1306,737,20425,14771,ITC,ITC1,1,Piemonte,Piemonte,4356406,1367417,31.39,0.81
91,2021-01-08,PIE,5531,1761,3770,4078,1027,422,0,0,0,0,0,0,4,5531,0,ITC,ITC1,1,Piemonte,Piemonte,4356406,1372948,31.52,0.13
92,2021-03-18,PIE,11742,4798,6944,1464,770,343,18,3,14,8873,10,235,12,4029,7713,ITC,ITC1,1,Piemonte,Piemonte,4356406,1384690,31.79,0.27
93,2021-04-11,PIE,20822,9315,11507,401,231,69,254,217,7641,6877,5117,5,10,18661,2161,ITC,ITC1,1,Piemonte,Piemonte,4356406,1405512,32.26,0.48
94,2021-01-21,PIE,6923,2318,4605,4716,840,1352,0,3,0,0,0,0,12,3427,3496,ITC,ITC1,1,Piemonte,Piemonte,4356406,1412435,32.42,0.16
95,2021-02-26,PIE,12292,4932,7360,843,1407,490,2901,0,2,6616,0,32,1,11555,737,ITC,ITC1,1,Piemonte,Piemonte,4356406,1424727,32.7,0.28
96,2021-03-03,PIE,12120,4644,7476,1103,1020,257,2667,0,2,7061,0,10,0,11301,819,ITC,ITC1,1,Piemonte,Piemonte,4356406,1436847,32.98,0.28
97,2021-03-05,PIE,15266,5959,9307,2543,1993,655,2371,1,5,7673,1,24,0,11449,3817,ITC,ITC1,1,Piemonte,Piemonte,4356406,1452113,33.33,0.35
98,2021-02-23,PIE,9233,3713,5520,2298,1346,389,1052,0,2,4108,0,33,5,8653,580,ITC,ITC1,1,Piemonte,Piemonte,4356406,1461346,33.54,0.21
99,2021-01-25,PIE,6215,1938,4277,4790,860,562,0,0,1,1,0,0,1,983,5232,ITC,ITC1,1,Piemonte,Piemonte,4356406,1467561,33.69,0.14
100,2021-01-01,PIE,1038,395,643,922,116,0,0,0,0,0,0,0,0,1038,0,ITC,ITC1,1,Piemonte,Piemonte,4356406,1468599,33.71,0.02
101,2021-04-04,PIE,9254,4059,5195,196,302,0,294,0,2041,4231,2173,11,6,6541,2713,ITC,ITC1,1,Piemonte,Piemonte,4356406,1477853,33.92,0.21
102,2020-12-27,PIE,913,369,544,761,73,76,0,1,0,0,0,0,2,913,0,ITC,ITC1,1,Piemonte,Piemonte,4356406,1478766,33.94,0.02
103,2021-01-22,PIE,3866,1249,2617,2279,650,934,0,1,0,1,0,0,1,2525,1341,ITC,ITC1,1,Piemonte,Piemonte,4356406,1482632,34.03,0.09
104,2021-03-06,PIE,13993,5211,8782,2262,1123,462,2698,1,2,7440,1,4,0,11204,2789,ITC,ITC1,1,Piemonte,Piemonte,4356406,1496625,34.35,0.32
105,2021-03-16,PIE,10519,4268,6251,2231,870,322,13,7,10,6800,65,162,39,4463,6056,ITC,ITC1,1,Piemonte,Piemonte,4356406,1507144,34.6,0.24
106,2021-04-22,PIE,27611,12704,14907,605,332,424,60,1654,5412,6573,12486,20,45,20921,6690,ITC,ITC1,1,Piemonte,Piemonte,4356406,1534755,35.23,0.63
107,2021-04-21,PIE,25683,11806,13877,799,358,264,45,1399,7167,6177,9441,11,22,20357,5326,ITC,ITC1,1,Piemonte,Piemonte,4356406,1560438,35.82,0.59
108,2021-03-12,PIE,13947,5184,8763,2145,1295,471,2274,0,4,7638,13,106,1,11012,2935,ITC,ITC1,1,Piemonte,Piemonte,4356406,1574385,36.14,0.32
109,2021-04-18,PIE,22947,10816,12131,341,242,28,46,913,5632,4396,11322,10,17,20193,2754,ITC,ITC1,1,Piemonte,Piemonte,4356406,1597332,36.67,0.53
110,2021-05-07,PIE,32786,15485,17301,553,195,269,412,9291,5588,3844,12114,465,55,18810,13976,ITC,ITC1,1,Piemonte,Piemonte,4356406,1630118,37.42,0.75
111,2021-03-10,PIE,13629,5166,8463,1667,1339,280,2240,1,7,8018,2,74,1,11335,2294,ITC,ITC1,1,Piemonte,Piemonte,4356406,1643747,37.73,0.31
112,2021-04-17,PIE,30324,14091,16233,746,321,116,56,2807,9982,4922,11349,9,16,27046,3278,ITC,ITC1,1,Piemonte,Piemonte,4356406,1674071,38.43,0.7
113,2021-02-08,PIE,6916,2355,4561,3786,1557,1572,0,0,0,0,0,0,1,666,6250,ITC,ITC1,1,Piemonte,Piemonte,4356406,1680987,38.59,0.16
114,2021-04-29,PIE,48241,21829,26412,1236,563,318,62,9576,11326,9171,15727,164,98,35654,12587,ITC,ITC1,1,Piemonte,Piemonte,4356406,1729228,39.69,1.11
115,2021-02-22,PIE,8479,3471,5008,1705,1397,512,920,2,4,3925,0,11,3,7889,590,ITC,ITC1,1,Piemonte,Piemonte,4356406,1737707,39.89,0.19
116,2021-04-03,PIE,19700,8283,11417,310,252,76,540,15,2977,13667,1666,114,83,10890,8810,ITC,ITC1,1,Piemonte,Piemonte,4356406,1757407,40.34,0.45
117,2021-05-18,PIE,31686,14556,17130,267,271,99,2696,8461,2868,1267,10005,987,4765,19281,12405,ITC,ITC1,1,Piemonte,Piemonte,4356406,1789093,41.07,0.73
118,2021-05-06,PIE,33105,15610,17495,485,185,298,195,10295,5295,3806,11815,625,106,19714,13391,ITC,ITC1,1,Piemonte,Piemonte,4356406,1822198,41.83,0.76
119,2021-02-28,PIE,10814,4059,6755,642,501,53,2791,1,1,6823,0,0,2,10574,240,ITC,ITC1,1,Piemonte,Piemonte,4356406,1833012,42.08,0.25
120,2021-02-21,PIE,5089,2082,3007,685,263,47,737,0,0,3355,0,1,1,4987,102,ITC,ITC1,1,Piemonte,Piemonte,4356406,1838101,42.19,0.12
121,2021-01-10,PIE,5214,2275,2939,3910,783,519,0,0,0,0,0,0,2,5214,0,ITC,ITC1,1,Piemonte,Piemonte,4356406,1843315,42.31,0.12
122,2021-04-27,PIE,22543,10195,12348,358,213,157,80,3087,3897,5014,9688,31,18,17430,5113,ITC,ITC1,1,Piemonte,Piemonte,4356406,1865858,42.83,0.52
123,2021-03-21,PIE,10712,4736,5976,585,1475,10,1319,2,165,7021,1,133,1,4185,6527,ITC,ITC1,1,Piemonte,Piemonte,4356406,1876570,43.08,0.25
124,2021-03-29,PIE,15160,6384,8776,416,543,137,1330,3,1260,10373,744,342,12,8547,6613,ITC,ITC1,1,Piemonte,Piemonte,4356406,1891730,43.42,0.35
125,2021-04-23,PIE,27425,12589,14836,720,275,285,30,1806,5276,6489,12479,42,23,20666,6759,ITC,ITC1,1,Piemonte,Piemonte,4356406,1919155,44.05,0.63
126,2021-03-15,PIE,10649,4158,6491,1718,1460,231,1470,2,5,5733,0,28,2,5030,5619,ITC,ITC1,1,Piemonte,Piemonte,4356406,1929804,44.3,0.24
127,2021-04-14,PIE,27699,12557,15142,867,449,448,60,788,10251,7092,7714,9,21,23178,4521,ITC,ITC1,1,Piemonte,Piemonte,4356406,1957503,44.93,0.64
128,2021-01-12,PIE,10050,3406,6644,6865,2009,1170,0,2,0,0,0,0,4,10050,0,ITC,ITC1,1,Piemonte,Piemonte,4356406,1967553,45.16,0.23
129,2021-05-01,PIE,28519,12989,15530,440,275,59,88,3547,8859,6950,8203,74,24,16721,11798,ITC,ITC1,1,Piemonte,Piemonte,4356406,1996072,45.82,0.65
130,2020-12-28,PIE,1,1,0,1,0,0,0,0,0,0,0,0,0,1,0,ITC,ITC1,1,Piemonte,Piemonte,4356406,1996073,45.82,0.0
131,2021-04-13,PIE,25923,11605,14318,666,266,261,121,900,10400,7035,6234,7,33,22465,3458,ITC,ITC1,1,Piemonte,Piemonte,4356406,2021996,46.41,0.6
132,2021-02-06,PIE,7984,2664,5320,5101,1629,1252,0,0,0,1,0,0,1,400,7584,ITC,ITC1,1,Piemonte,Piemonte,4356406,2029980,46.6,0.18
133,2021-03-30,PIE,17211,7175,10036,783,437,287,994,7,1376,12444,580,297,6,9020,8191,ITC,ITC1,1,Piemonte,Piemonte,4356406,2047191,46.99,0.4
134,2021-01-30,PIE,5979,2135,3844,4375,1108,496,0,0,0,0,0,0,0,218,5761,ITC,ITC1,1,Piemonte,Piemonte,4356406,2053170,47.13,0.14
135,2021-04-16,PIE,28340,13189,15151,1046,469,451,77,1629,7603,5911,11102,5,47,23398,4942,ITC,ITC1,1,Piemonte,Piemonte,4356406,2081510,47.78,0.65
136,2021-05-05,PIE,32071,15005,17066,829,411,233,207,9656,5951,5073,9296,379,36,19069,13002,ITC,ITC1,1,Piemonte,Piemonte,4356406,2113581,48.52,0.74
137,2021-01-13,PIE,10080,3223,6857,6488,2259,1329,0,0,0,0,0,0,4,10080,0,ITC,ITC1,1,Piemonte,Piemonte,4356406,2123661,48.75,0.23
138,2021-05-03,PIE,26620,12149,14471,689,303,65,96,3911,4665,7611,9137,104,39,12486,14134,ITC,ITC1,1,Piemonte,Piemonte,4356406,2150281,49.36,0.61
139,2021-04-10,PIE,30160,13415,16745,902,457,138,134,359,11983,10238,5925,15,9,25882,4278,ITC,ITC1,1,Piemonte,Piemonte,4356406,2180441,50.05,0.69
140,2021-05-14,PIE,32777,15956,16821,421,168,222,1522,11292,3324,1375,12595,1180,678,17519,15258,ITC,ITC1,1,Piemonte,Piemonte,4356406,2213218,50.8,0.75
141,2021-03-22,PIE,11476,4863,6613,892,918,194,1220,1,9,7915,76,249,2,3870,7606,ITC,ITC1,1,Piemonte,Piemonte,4356406,2224694,51.07,0.26
142,2021-03-04,PIE,14492,5733,8759,2186,1950,612,2195,0,2,7537,0,6,4,11545,2947,ITC,ITC1,1,Piemonte,Piemonte,4356406,2239186,51.4,0.33
143,2021-03-24,PIE,15503,6339,9164,1072,766,506,840,5,21,11513,396,374,10,6378,9125,ITC,ITC1,1,Piemonte,Piemonte,4356406,2254689,51.76,0.36
144,2021-01-02,PIE,3545,1134,2411,3081,407,53,0,1,0,1,0,0,2,3545,0,ITC,ITC1,1,Piemonte,Piemonte,4356406,2258234,51.84,0.08
145,2021-01-24,PIE,3153,959,2194,2636,370,146,0,0,0,0,0,0,1,434,2719,ITC,ITC1,1,Piemonte,Piemonte,4356406,2261387,51.91,0.07
146,2021-03-23,PIE,13063,5447,7616,704,1020,260,1334,5,15,9243,287,178,17,6821,6242,ITC,ITC1,1,Piemonte,Piemonte,4356406,2274450,52.21,0.3
147,2021-05-23,PIE,28536,13046,15490,158,58,10,2688,5903,4875,530,7615,247,6452,15689,12847,ITC,ITC1,1,Piemonte,Piemonte,4356406,2302986,52.86,0.66
148,2021-02-01,UMB,1285,342,943,877,35,373,0,0,0,0,0,0,0,48,1237,ITI,ITI2,10,Umbria,Umbria,882015,1285,0.15,0.15
149,2021-04-12,UMB,7086,3076,4010,204,17,0,17,31,2428,2911,1462,4,12,5369,1717,ITI,ITI2,10,Umbria,Umbria,882015,8371,0.95,0.8
150,2021-02-20,UMB,282,100,182,83,7,39,0,0,0,152,0,0,1,258,24,ITI,ITI2,10,Umbria,Umbria,882015,8653,0.98,0.03
151,2021-05-03,UMB,5085,2266,2819,189,22,12,12,17,115,1452,3230,35,1,2198,2887,ITI,ITI2,10,Umbria,Umbria,882015,13738,1.56,0.58
152,2021-01-02,UMB,304,111,193,304,0,0,0,0,0,0,0,0,0,304,0,ITI,ITI2,10,Umbria,Umbria,882015,14042,1.59,0.03
153,2021-01-11,UMB,1315,346,969,880,14,415,0,1,0,0,0,0,5,1315,0,ITI,ITI2,10,Umbria,Umbria,882015,15357,1.74,0.15
154,2021-03-09,UMB,4051,1971,2080,143,568,122,23,0,1,2915,7,217,55,2759,1292,ITI,ITI2,10,Umbria,Umbria,882015,19408,2.2,0.46
155,2021-01-25,UMB,648,323,325,646,2,0,0,0,0,0,0,0,0,5,643,ITI,ITI2,10,Umbria,Umbria,882015,20056,2.27,0.07
156,2021-01-19,UMB,103,23,80,21,2,80,0,0,0,0,0,0,0,103,0,ITI,ITI2,10,Umbria,Umbria,882015,20159,2.29,0.01
157,2021-02-06,UMB,396,138,258,333,47,16,0,0,0,0,0,0,0,34,362,ITI,ITI2,10,Umbria,Umbria,882015,20555,2.33,0.04
158,2021-01-04,UMB,810,398,412,810,0,0,0,0,0,0,0,0,0,810,0,ITI,ITI2,10,Umbria,Umbria,882015,21365,2.42,0.09
159,2021-04-10,UMB,7465,3511,3954,82,63,49,50,49,2475,692,3972,18,15,7330,135,ITI,ITI2,10,Umbria,Umbria,882015,28830,3.27,0.85
160,2021-05-12,UMB,6435,3001,3434,207,28,34,1,379,1372,1277,3073,2,62,4295,2140,ITI,ITI2,10,Umbria,Umbria,882015,35265,4.0,0.73
161,2021-02-05,UMB,780,234,546,645,51,84,0,0,0,0,0,0,0,18,762,ITI,ITI2,10,Umbria,Umbria,882015,36045,4.09,0.09
162,2021-05-24,UMB,8907,4428,4479,162,273,10,124,2724,127,115,5014,337,21,8099,808,ITI,ITI2,10,Umbria,Umbria,882015,44952,5.1,1.01
163,2021-02-03,UMB,725,174,551,560,34,131,0,0,0,0,0,0,0,67,658,ITI,ITI2,10,Umbria,Umbria,882015,45677,5.18,0.08
164,2021-02-26,UMB,660,253,407,386,73,40,3,0,0,154,0,4,0,652,8,ITI,ITI2,10,Umbria,Umbria,882015,46337,5.25,0.07
165,2021-01-07,UMB,1300,387,913,893,1,404,0,0,0,1,0,0,1,1300,0,ITI,ITI2,10,Umbria,Umbria,882015,47637,5.4,0.15
166,2021-03-11,UMB,3565,1697,1868,144,652,263,158,0,0,2018,1,291,38,2559,1006,ITI,ITI2,10,Umbria,Umbria,882015,51202,5.81,0.4
167,2021-03-14,UMB,66,48,18,0,6,1,4,6,2,0,0,0,47,66,0,ITI,ITI2,10,Umbria,Umbria,882015,51268,5.81,0.01
168,2021-04-27,UMB,5648,2398,3250,200,11,1,8,28,1158,2479,1731,8,24,3078,2570,ITI,ITI2,10,Umbria,Umbria,882015,56916,6.45,0.64
169,2021-04-24,UMB,4561,1962,2599,42,15,0,81,35,1127,1078,2178,3,2,3384,1177,ITI,ITI2,10,Umbria,Umbria,882015,61477,6.97,0.52
170,2021-03-10,UMB,4012,1927,2085,123,785,180,75,3,3,2566,6,263,8,2756,1256,ITI,ITI2,10,Umbria,Umbria,882015,65489,7.42,0.45
171,2021-02-16,UMB,1308,655,653,34,4,0,0,2,1,1263,4,0,0,1299,9,ITI,ITI2,10,Umbria,Umbria,882015,66797,7.57,0.15
172,2021-04-21,UMB,5309,2307,3002,237,9,1,9,74,1063,2702,1201,5,8,3083,2226,ITI,ITI2,10,Umbria,Umbria,882015,72106,8.18,0.6
173,2021-02-17,UMB,1618,748,870,363,4,0,1,0,6,1240,1,0,3,1267,351,ITI,ITI2,10,Umbria,Umbria,882015,73724,8.36,0.18
174,2021-04-22,UMB,5421,2228,3193,258,21,78,5,37,792,3016,1199,7,8,2762,2659,ITI,ITI2,10,Umbria,Umbria,882015,79145,8.97,0.61
175,2021-04-30,UMB,6220,2959,3261,74,31,66,77,26,385,281,5264,8,8,2836,3384,ITI,ITI2,10,Umbria,Umbria,882015,85365,9.68,0.71
176,2021-01-06,UMB,846,325,521,843,0,0,0,1,0,0,0,0,2,846,0,ITI,ITI2,10,Umbria,Umbria,882015,86211,9.77,0.1
177,2021-03-06,UMB,4267,1110,3157,422,186,26,2322,6,5,1128,0,125,47,4124,143,ITI,ITI2,10,Umbria,Umbria,882015,90478,10.26,0.48
178,2021-03-01,UMB,1503,774,729,110,10,0,1,0,0,1249,0,133,0,1389,114,ITI,ITI2,10,Umbria,Umbria,882015,91981,10.43,0.17
179,2021-01-05,UMB,854,429,425,851,0,0,0,1,0,0,0,0,2,854,0,ITI,ITI2,10,Umbria,Umbria,882015,92835,10.53,0.1
180,2021-04-03,UMB,2111,716,1395,143,208,30,216,5,32,1283,169,22,3,1058,1053,ITI,ITI2,10,Umbria,Umbria,882015,94946,10.76,0.24
181,2021-02-24,UMB,1520,565,955,1083,45,90,0,1,0,292,0,9,0,1505,15,ITI,ITI2,10,Umbria,Umbria,882015,96466,10.94,0.17
182,2021-04-01,UMB,4347,1809,2538,204,14,309,19,5,7,3268,452,5,64,2340,2007,ITI,ITI2,10,Umbria,Umbria,882015,100813,11.43,0.49
183,2021-05-14,UMB,5221,2430,2791,76,36,34,50,471,767,275,3469,12,31,3417,1804,ITI,ITI2,10,Umbria,Umbria,882015,106034,12.02,0.59
184,2021-02-08,UMB,637,203,434,368,111,154,0,0,0,0,0,4,0,88,549,ITI,ITI2,10,Umbria,Umbria,882015,106671,12.09,0.07
185,2021-05-13,UMB,5881,2646,3235,149,14,21,3,348,1105,1234,2914,15,78,3809,2072,ITI,ITI2,10,Umbria,Umbria,882015,112552,12.76,0.67
186,2021-01-16,UMB,221,73,148,146,32,43,0,0,0,0,0,0,0,221,0,ITI,ITI2,10,Umbria,Umbria,882015,112773,12.79,0.03
187,2021-03-20,UMB,2298,833,1465,317,682,21,1200,0,1,0,0,72,5,2273,25,ITI,ITI2,10,Umbria,Umbria,882015,115071,13.05,0.26
188,2021-01-15,UMB,701,215,486,590,44,67,0,0,0,0,0,0,0,701,0,ITI,ITI2,10,Umbria,Umbria,882015,115772,13.13,0.08
189,2021-01-09,UMB,1745,499,1246,894,7,844,0,0,0,0,0,0,0,1745,0,ITI,ITI2,10,Umbria,Umbria,882015,117517,13.32,0.2
190,2021-03-29,UMB,3844,1692,2152,247,42,58,26,9,12,2832,534,21,63,2365,1479,ITI,ITI2,10,Umbria,Umbria,882015,121361,13.76,0.44
191,2021-01-14,UMB,752,201,551,697,35,19,1,0,0,0,0,0,0,752,0,ITI,ITI2,10,Umbria,Umbria,882015,122113,13.84,0.09
192,2021-05-06,UMB,9433,4301,5132,216,33,27,4,209,3801,1570,3560,4,9,6135,3298,ITI,ITI2,10,Umbria,Umbria,882015,131546,14.91,1.07
193,2021-05-20,UMB,9769,4557,5212,188,99,9,1269,2807,467,769,3686,441,34,6134,3635,ITI,ITI2,10,Umbria,Umbria,882015,141315,16.02,1.11
194,2021-03-05,UMB,4591,1379,3212,604,320,7,2554,2,1,712,0,383,8,3935,656,ITI,ITI2,10,Umbria,Umbria,882015,145906,16.54,0.52
195,2021-02-02,UMB,944,274,670,714,17,212,0,0,0,0,0,0,1,32,912,ITI,ITI2,10,Umbria,Umbria,882015,146850,16.65,0.11
196,2021-04-18,UMB,1530,680,850,67,11,0,41,2,172,840,376,21,0,600,930,ITI,ITI2,10,Umbria,Umbria,882015,148380,16.82,0.17
197,2021-03-15,UMB,4596,1930,2666,1426,264,79,263,2,1,2343,7,206,5,2828,1768,ITI,ITI2,10,Umbria,Umbria,882015,152976,17.34,0.52
198,2021-03-13,UMB,1731,524,1207,120,154,49,1152,3,0,152,0,91,10,1486,245,ITI,ITI2,10,Umbria,Umbria,882015,154707,17.54,0.2
199,2021-01-18,UMB,614,219,395,348,114,144,0,2,1,0,0,0,5,529,85,ITI,ITI2,10,Umbria,Umbria,882015,155321,17.61,0.07
200,2021-04-07,UMB,5567,2289,3278,494,42,107,22,9,925,3187,759,18,4,3561,2006,ITI,ITI2,10,Umbria,Umbria,882015,160888,18.24,0.63
201,2021-02-15,UMB,1368,692,676,10,4,0,0,0,1,1351,2,0,0,1367,1,ITI,ITI2,10,Umbria,Umbria,882015,162256,18.4,0.16
202,2021-02-10,UMB,715,349,366,606,106,3,0,0,0,0,0,0,0,700,15,ITI,ITI2,10,Umbria,Umbria,882015,162971,18.48,0.08
203,2021-04-14,UMB,8147,3673,4474,226,35,15,19,59,2928,3149,1695,13,8,6168,1979,ITI,ITI2,10,Umbria,Umbria,882015,171118,19.4,0.92
204,2021-03-07,UMB,845,180,665,17,82,25,676,0,0,45,0,0,0,838,7,ITI,ITI2,10,Umbria,Umbria,882015,171963,19.5,0.1
205,2021-01-13,UMB,450,139,311,379,29,42,0,0,0,0,0,0,0,450,0,ITI,ITI2,10,Umbria,Umbria,882015,172413,19.55,0.05
206,2021-05-15,UMB,4965,1868,3097,27,29,1,1502,271,400,206,2505,8,16,1802,3163,ITI,ITI2,10,Umbria,Umbria,882015,177378,20.11,0.56
207,2021-01-27,UMB,840,330,510,839,1,0,0,0,0,0,0,0,0,13,827,ITI,ITI2,10,Umbria,Umbria,882015,178218,20.21,0.1
208,2021-02-13,UMB,115,28,87,68,46,0,0,0,0,1,0,0,0,112,3,ITI,ITI2,10,Umbria,Umbria,882015,178333,20.22,0.01
209,2021-03-27,UMB,4253,1512,2741,752,595,1,576,4,7,2239,1,24,54,3913,340,ITI,ITI2,10,Umbria,Umbria,882015,182586,20.7,0.48
210,2021-03-04,UMB,4485,1853,2632,849,184,4,1466,2,0,1563,0,410,7,3657,828,ITI,ITI2,10,Umbria,Umbria,882015,187071,21.21,0.51
211,2021-04-02,UMB,4273,1712,2561,376,318,68,331,3,23,896,2155,35,68,3516,757,ITI,ITI2,10,Umbria,Umbria,882015,191344,21.69,0.48
212,2021-01-26,UMB,816,390,426,815,1,0,0,0,0,0,0,0,0,18,798,ITI,ITI2,10,Umbria,Umbria,882015,192160,21.79,0.09
213,2021-01-20,UMB,613,222,391,583,15,14,1,0,0,0,0,0,0,613,0,ITI,ITI2,10,Umbria,Umbria,882015,192773,21.86,0.07
214,2021-02-12,UMB,671,224,447,459,208,1,2,0,0,1,0,0,0,665,6,ITI,ITI2,10,Umbria,Umbria,882015,193444,21.93,0.08
215,2021-01-31,UMB,1058,276,782,767,10,281,0,0,0,0,0,0,0,25,1033,ITI,ITI2,10,Umbria,Umbria,882015,194502,22.05,0.12
216,2021-03-30,UMB,3948,1705,2243,179,31,108,20,0,0,3075,432,15,88,2416,1532,ITI,ITI2,10,Umbria,Umbria,882015,198450,22.5,0.45
217,2021-05-08,UMB,8097,3728,4369,52,35,8,113,223,2151,637,4844,11,23,4902,3195,ITI,ITI2,10,Umbria,Umbria,882015,206547,23.42,0.92
218,2021-04-13,UMB,7673,3397,4276,218,23,21,19,61,2865,2875,1573,8,10,6004,1669,ITI,ITI2,10,Umbria,Umbria,882015,214220,24.29,0.87
219,2021-05-23,UMB,5048,1849,3199,21,78,32,675,305,36,3428,469,2,2,633,4415,ITI,ITI2,10,Umbria,Umbria,882015,219268,24.86,0.57
220,2021-01-03,UMB,270,112,158,270,0,0,0,0,0,0,0,0,0,270,0,ITI,ITI2,10,Umbria,Umbria,882015,219538,24.89,0.03
221,2021-01-22,UMB,276,105,171,273,1,2,0,0,0,0,0,0,0,32,244,ITI,ITI2,10,Umbria,Umbria,882015,219814,24.92,0.03
222,2021-04-17,UMB,6664,3058,3606,164,31,23,127,39,1756,1445,3061,11,7,5324,1340,ITI,ITI2,10,Umbria,Umbria,882015,226478,25.68,0.76
223,2021-05-07,UMB,10085,4684,5401,123,45,114,162,388,3278,719,5204,14,38,6886,3199,ITI,ITI2,10,Umbria,Umbria,882015,236563,26.82,1.14
224,2021-03-08,UMB,3672,1801,1871,141,289,46,43,1,3,2855,2,292,0,2309,1363,ITI,ITI2,10,Umbria,Umbria,882015,240235,27.24,0.42
225,2021-05-05,UMB,7168,3281,3887,185,32,22,11,73,1414,1576,3835,11,9,3872,3296,ITI,ITI2,10,Umbria,Umbria,882015,247403,28.05,0.81
226,2021-02-04,UMB,733,226,507,693,20,20,0,0,0,0,0,0,0,25,708,ITI,ITI2,10,Umbria,Umbria,882015,248136,28.13,0.08
227,2021-03-17,UMB,3331,1313,2018,1430,55,131,16,2,0,1684,1,8,4,1859,1472,ITI,ITI2,10,Umbria,Umbria,882015,251467,28.51,0.38
228,2021-04-08,UMB,5832,2465,3367,343,28,287,12,24,1402,2905,810,13,8,4037,1795,ITI,ITI2,10,Umbria,Umbria,882015,257299,29.17,0.66
229,2021-03-31,UMB,3903,1733,2170,178,39,183,23,1,5,2963,425,6,80,2216,1687,ITI,ITI2,10,Umbria,Umbria,882015,261202,29.61,0.44
230,2021-01-23,UMB,280,100,180,279,1,0,0,0,0,0,0,0,0,2,278,ITI,ITI2,10,Umbria,Umbria,882015,261482,29.65,0.03
231,2021-03-02,UMB,3642,1346,2296,318,235,55,1446,0,1,1303,0,284,0,3638,4,ITI,ITI2,10,Umbria,Umbria,882015,265124,30.06,0.41
232,2021-03-22,UMB,3559,1654,1905,163,235,0,147,3,2,2830,0,174,5,2313,1246,ITI,ITI2,10,Umbria,Umbria,882015,268683,30.46,0.4
233,2021-01-28,UMB,1247,394,853,898,4,345,0,0,0,0,0,0,0,19,1228,ITI,ITI2,10,Umbria,Umbria,882015,269930,30.6,0.14
234,2021-01-10,UMB,1070,277,793,745,3,318,0,1,1,1,0,0,1,1070,0,ITI,ITI2,10,Umbria,Umbria,882015,271000,30.73,0.12
235,2021-04-06,UMB,5290,2169,3121,599,56,113,29,16,378,3355,713,5,26,2901,2389,ITI,ITI2,10,Umbria,Umbria,882015,276290,31.32,0.6
236,2021-05-17,UMB,6338,3049,3289,142,10,8,10,320,287,960,4309,258,34,4176,2162,ITI,ITI2,10,Umbria,Umbria,882015,282628,32.04,0.72
237,2021-02-27,UMB,1658,354,1304,14,11,13,1560,0,0,0,0,60,0,1642,16,ITI,ITI2,10,Umbria,Umbria,882015,284286,32.23,0.19
238,2020-12-31,UMB,322,127,195,310,0,0,0,2,0,0,0,0,10,322,0,ITI,ITI2,10,Umbria,Umbria,882015,284608,32.27,0.04
239,2021-02-23,UMB,1693,658,1035,1187,95,17,0,0,0,394,0,0,0,1651,42,ITI,ITI2,10,Umbria,Umbria,882015,286301,32.46,0.19
240,2021-03-03,UMB,4438,1773,2665,721,247,86,1534,0,0,1519,0,329,2,3727,711,ITI,ITI2,10,Umbria,Umbria,882015,290739,32.96,0.5
241,2021-03-21,UMB,665,330,335,31,285,0,64,34,6,0,0,34,211,665,0,ITI,ITI2,10,Umbria,Umbria,882015,291404,33.04,0.08
242,2021-02-18,UMB,1496,582,914,325,14,170,0,0,0,985,1,0,1,1030,466,ITI,ITI2,10,Umbria,Umbria,882015,292900,33.21,0.17
243,2021-01-08,UMB,1190,345,845,942,8,239,0,0,1,0,0,0,0,1190,0,ITI,ITI2,10,Umbria,Umbria,882015,294090,33.34,0.13
244,2021-04-11,UMB,3102,1503,1599,30,1,2,4,23,924,137,1942,39,0,3053,49,ITI,ITI2,10,Umbria,Umbria,882015,297192,33.69,0.35
245,2021-04-05,UMB,4250,1728,2522,764,22,69,26,3,89,2653,615,6,3,2195,2055,ITI,ITI2,10,Umbria,Umbria,882015,301442,34.18,0.48
246,2021-04-25,UMB,4364,1685,2679,12,13,8,1,20,187,3998,124,1,0,4282,82,ITI,ITI2,10,Umbria,Umbria,882015,305806,34.67,0.49
247,2021-04-04,UMB,59,20,39,0,0,0,0,0,22,37,0,0,0,23,36,ITI,ITI2,10,Umbria,Umbria,882015,305865,34.68,0.01
248,2021-04-28,UMB,5339,2315,3024,183,37,15,4,28,1123,2167,1774,6,2,2957,2382,ITI,ITI2,10,Umbria,Umbria,882015,311204,35.28,0.61
249,2021-04-20,UMB,5439,2356,3083,203,18,27,16,37,1328,2525,1278,0,7,3492,1947,ITI,ITI2,10,Umbria,Umbria,882015,316643,35.9,0.62
250,2021-02-25,UMB,1336,497,839,827,96,99,6,1,0,305,0,0,2,1284,52,ITI,ITI2,10,Umbria,Umbria,882015,317979,36.05,0.15
251,2021-03-26,UMB,4570,1682,2888,570,496,91,738,2,4,2488,0,155,26,4398,172,ITI,ITI2,10,Umbria,Umbria,882015,322549,36.57,0.52
252,2021-02-19,UMB,743,293,450,282,12,14,0,0,0,433,2,0,0,526,217,ITI,ITI2,10,Umbria,Umbria,882015,323292,36.65,0.08
253,2021-04-23,UMB,6604,2784,3820,66,36,83,92,52,1140,1015,4097,8,15,3485,3119,ITI,ITI2,10,Umbria,Umbria,882015,329896,37.4,0.75
254,2021-01-29,UMB,1232,348,884,944,16,272,0,0,0,0,0,0,0,79,1153,ITI,ITI2,10,Umbria,Umbria,882015,331128,37.54,0.14
255,2021-02-07,UMB,54,17,37,46,8,0,0,0,0,0,0,0,0,1,53,ITI,ITI2,10,Umbria,Umbria,882015,331182,37.55,0.01
256,2021-03-16,UMB,3538,1454,2084,1634,79,98,11,0,2,1708,1,0,5,1911,1627,ITI,ITI2,10,Umbria,Umbria,882015,334720,37.95,0.4
257,2021-03-12,UMB,2652,1039,1613,113,454,59,1194,2,0,465,2,309,54,2154,498,ITI,ITI2,10,Umbria,Umbria,882015,337372,38.25,0.3
258,2021-04-09,UMB,6791,3162,3629,105,62,69,86,35,1802,709,3890,10,23,6572,219,ITI,ITI2,10,Umbria,Umbria,882015,344163,39.02,0.77
259,2021-01-30,UMB,1590,490,1100,852,18,719,0,0,0,1,0,0,0,44,1546,ITI,ITI2,10,Umbria,Umbria,882015,345753,39.2,0.18
260,2021-03-25,UMB,3904,1699,2205,260,72,80,32,5,9,3272,1,123,50,2840,1064,ITI,ITI2,10,Umbria,Umbria,882015,349657,39.64,0.44
261,2021-01-24,UMB,258,106,152,258,0,0,0,0,0,0,0,0,0,1,257,ITI,ITI2,10,Umbria,Umbria,882015,349915,39.67,0.03
262,2021-05-10,UMB,5952,2782,3170,173,30,18,5,233,1157,1233,3037,37,29,3800,2152,ITI,ITI2,10,Umbria,Umbria,882015,355867,40.35,0.67
263,2021-05-04,UMB,5529,2542,2987,202,22,13,7,29,186,1522,3493,42,13,2410,3119,ITI,ITI2,10,Umbria,Umbria,882015,361396,40.97,0.63
264,2021-05-09,UMB,5764,2757,3007,17,15,0,10,38,540,96,5043,2,3,5373,391,ITI,ITI2,10,Umbria,Umbria,882015,367160,41.63,0.65
265,2021-05-21,UMB,8897,3623,5274,58,149,8,2633,1756,377,177,3435,261,43,4100,4797,ITI,ITI2,10,Umbria,Umbria,882015,376057,42.64,1.01
266,2020-12-27,UMB,86,45,41,68,2,16,0,0,0,0,0,0,0,86,0,ITI,ITI2,10,Umbria,Umbria,882015,376143,42.65,0.01
267,2021-03-24,UMB,4072,1760,2312,215,165,1,42,3,2,3531,0,111,2,2749,1323,ITI,ITI2,10,Umbria,Umbria,882015,380215,43.11,0.46
268,2021-03-23,UMB,3797,1685,2112,396,237,12,60,5,3,2854,0,175,55,2168,1629,ITI,ITI2,10,Umbria,Umbria,882015,384012,43.54,0.43
269,2021-05-11,UMB,6217,2825,3392,163,14,21,2,276,1540,1290,2876,9,26,4018,2199,ITI,ITI2,10,Umbria,Umbria,882015,390229,44.24,0.7
270,2021-05-01,UMB,5373,2640,2733,50,19,0,62,13,100,228,4876,23,2,2145,3228,ITI,ITI2,10,Umbria,Umbria,882015,395602,44.85,0.61
271,2021-01-21,UMB,610,202,408,428,13,169,0,0,0,0,0,0,0,341,269,ITI,ITI2,10,Umbria,Umbria,882015,396212,44.92,0.07
272,2021-04-16,UMB,8099,3741,4358,166,34,96,180,90,2606,1903,2978,18,28,6262,1837,ITI,ITI2,10,Umbria,Umbria,882015,404311,45.84,0.92
273,2021-04-26,UMB,5368,2326,3042,202,21,0,8,14,1264,2340,1494,5,20,3116,2252,ITI,ITI2,10,Umbria,Umbria,882015,409679,46.45,0.61
274,2021-04-19,UMB,5013,2214,2799,205,44,34,23,48,801,2515,1324,5,14,2964,2049,ITI,ITI2,10,Umbria,Umbria,882015,414692,47.02,0.57
275,2021-02-22,UMB,1859,778,1081,736,89,1,0,1,2,1007,5,0,18,1773,86,ITI,ITI2,10,Umbria,Umbria,882015,416551,47.23,0.21
276,2021-03-19,UMB,1743,565,1178,462,237,74,724,4,0,192,0,27,23,1087,656,ITI,ITI2,10,Umbria,Umbria,882015,418294,47.42,0.2
277,2021-03-28,UMB,1096,442,654,65,15,5,37,5,7,938,0,24,0,1072,24,ITI,ITI2,10,Umbria,Umbria,882015,419390,47.55,0.12
278,2021-05-02,UMB,3787,1868,1919,36,31,0,19,9,40,67,3575,9,1,1333,2454,ITI,ITI2,10,Umbria,Umbria,882015,423177,47.98,0.43
279,2021-05-22,UMB,6858,2688,4170,45,108,13,2330,1086,191,99,2770,158,58,2604,4254,ITI,ITI2,10,Umbria,Umbria,882015,430035,48.76,0.78
280,2021-01-17,UMB,54,17,37,47,7,0,0,0,0,0,0,0,0,54,0,ITI,ITI2,10,Umbria,Umbria,882015,430089,48.76,0.01
281,2021-05-19,UMB,9368,4190,5178,189,106,59,1498,2337,348,742,3825,238,26,5636,3732,ITI,ITI2,10,Umbria,Umbria,882015,439457,49.82,1.06
282,2021-05-16,UMB,5307,2531,2776,9,11,1,3,19,49,30,5182,1,2,5255,52,ITI,ITI2,10,Umbria,Umbria,882015,444764,50.43,0.6
283,2021-02-11,UMB,842,349,493,735,98,5,3,1,0,0,0,0,0,837,5,ITI,ITI2,10,Umbria,Umbria,882015,445606,50.52,0.1
284,2021-01-12,UMB,838,248,590,677,15,146,0,0,0,0,0,0,0,838,0,ITI,ITI2,10,Umbria,Umbria,882015,446444,50.62,0.1
285,2021-04-29,UMB,5203,2244,2959,204,29,36,8,32,1026,2066,1790,6,6,2877,2326,ITI,ITI2,10,Umbria,Umbria,882015,451647,51.21,0.59
286,2021-03-18,UMB,2942,1164,1778,975,124,350,12,3,5,1463,0,3,7,1704,1238,ITI,ITI2,10,Umbria,Umbria,882015,454589,51.54,0.33
287,2021-04-15,UMB,7626,3482,4144,261,34,55,25,77,2577,2867,1668,44,18,5740,1886,ITI,ITI2,10,Umbria,Umbria,882015,462215,52.4,0.86
288,2021-05-18,UMB,7689,3327,4362,167,130,51,1420,605,397,867,3738,288,26,3852,3837,ITI,ITI2,10,Umbria,Umbria,882015,469904,53.28,0.87
289,2021-01-01,UMB,274,105,169,273,0,0,0,0,0,0,0,0,1,274,0,ITI,ITI2,10,Umbria,Umbria,882015,470178,53.31,0.03
290,2021-05-18,LAZ,44032,20070,23962,700,88,24,3814,10210,6158,1106,5416,1692,14824,34751,9281,ITI,ITI4,12,Lazio,Lazio,5879082,44032,0.75,0.75
291,2021-01-31,LAZ,4458,1853,2605,3572,142,244,0,58,44,154,0,0,244,475,3983,ITI,ITI4,12,Lazio,Lazio,5879082,48490,0.82,0.08
292,2021-01-26,LAZ,7956,3125,4831,6594,219,631,0,86,47,162,0,0,217,724,7232,ITI,ITI4,12,Lazio,Lazio,5879082,56446,0.96,0.14
293,2021-02-13,LAZ,6607,2625,3982,2121,100,280,0,64,70,3721,0,3,248,6194,413,ITI,ITI4,12,Lazio,Lazio,5879082,63053,1.07,0.11
294,2021-03-18,LAZ,14223,6077,8146,1029,94,330,6,378,1038,9672,1285,16,375,7833,6390,ITI,ITI4,12,Lazio,Lazio,5879082,77276,1.31,0.24
295,2021-01-27,LAZ,6114,2387,3727,4797,228,457,0,106,50,150,0,0,326,997,5117,ITI,ITI4,12,Lazio,Lazio,5879082,83390,1.42,0.1
296,2021-04-13,LAZ,25608,11855,13753,753,109,296,57,4931,8125,7829,2932,23,553,17905,7703,ITI,ITI4,12,Lazio,Lazio,5879082,108998,1.85,0.44
297,2021-05-15,LAZ,57029,27241,29788,750,131,91,2728,11084,9775,3579,5148,1549,22194,40611,16418,ITI,ITI4,12,Lazio,Lazio,5879082,166027,2.82,0.97
298,2021-02-10,LAZ,8184,3396,4788,2647,278,634,0,99,82,4057,0,0,387,4850,3334,ITI,ITI4,12,Lazio,Lazio,5879082,174211,2.96,0.14
299,2021-05-23,LAZ,45896,22156,23740,303,58,10,3161,8538,4522,512,3999,837,23956,38837,7059,ITI,ITI4,12,Lazio,Lazio,5879082,220107,3.74,0.78
300,2021-02-25,LAZ,12655,5518,7137,1754,437,489,2612,139,117,5235,1,1427,444,11605,1050,ITI,ITI4,12,Lazio,Lazio,5879082,232762,3.96,0.22
301,2021-05-07,LAZ,48080,22546,25534,1529,144,242,105,11521,12214,5200,6207,1564,9354,30405,17675,ITI,ITI4,12,Lazio,Lazio,5879082,280842,4.78,0.82
302,2021-03-08,LAZ,20061,8312,11749,1579,135,380,4723,937,274,9238,907,1104,784,14788,5273,ITI,ITI4,12,Lazio,Lazio,5879082,300903,5.12,0.34
303,2021-04-08,LAZ,26642,12170,14472,1237,93,187,59,3617,9056,8459,2538,185,1211,18961,7681,ITI,ITI4,12,Lazio,Lazio,5879082,327545,5.57,0.45
304,2021-03-02,LAZ,16984,7431,9553,1469,361,229,3753,476,96,8231,328,1301,740,13050,3934,ITI,ITI4,12,Lazio,Lazio,5879082,344529,5.86,0.29
305,2021-01-10,LAZ,4039,1700,2339,3424,160,252,0,35,27,24,0,0,117,4039,0,ITI,ITI4,12,Lazio,Lazio,5879082,348568,5.93,0.07
306,2021-05-08,LAZ,45153,20599,24554,1246,111,139,69,11259,11029,4978,5205,1363,9754,29800,15353,ITI,ITI4,12,Lazio,Lazio,5879082,393721,6.7,0.77
307,2021-01-20,LAZ,4803,1940,2863,3282,233,427,0,91,59,380,0,0,331,3260,1543,ITI,ITI4,12,Lazio,Lazio,5879082,398524,6.78,0.08
308,2021-05-05,LAZ,46637,21400,25237,1715,164,103,67,10925,12561,4900,5500,953,9749,30887,15750,ITI,ITI4,12,Lazio,Lazio,5879082,445161,7.57,0.79
309,2021-01-24,LAZ,5694,2229,3465,4945,132,134,0,56,107,170,0,0,150,612,5082,ITI,ITI4,12,Lazio,Lazio,5879082,450855,7.67,0.1
310,2021-03-15,LAZ,19273,8330,10943,1601,137,414,2535,710,1679,9759,812,968,658,12534,6739,ITI,ITI4,12,Lazio,Lazio,5879082,470128,8.0,0.33
311,2021-04-07,LAZ,24957,11318,13639,1149,88,190,94,2832,8843,8433,2082,139,1107,17654,7303,ITI,ITI4,12,Lazio,Lazio,5879082,495085,8.42,0.42
312,2021-01-28,LAZ,8278,3164,5114,6811,381,514,0,112,39,150,0,0,271,781,7497,ITI,ITI4,12,Lazio,Lazio,5879082,503363,8.56,0.14
313,2021-01-30,LAZ,7009,2891,4118,5299,283,651,0,114,70,187,0,0,405,807,6202,ITI,ITI4,12,Lazio,Lazio,5879082,510372,8.68,0.12
314,2021-04-20,LAZ,30971,14214,16757,704,143,230,75,7384,10171,8021,3754,35,454,19696,11275,ITI,ITI4,12,Lazio,Lazio,5879082,541343,9.21,0.53
315,2021-04-14,LAZ,29216,13242,15974,671,87,152,82,5070,9721,9111,3758,19,545,19097,10119,ITI,ITI4,12,Lazio,Lazio,5879082,570559,9.7,0.5
316,2021-01-11,LAZ,5529,2104,3425,4555,312,569,0,12,9,14,0,0,58,5529,0,ITI,ITI4,12,Lazio,Lazio,5879082,576088,9.8,0.09
317,2021-05-19,LAZ,46362,21165,25197,839,130,77,3594,10630,6030,1078,5905,1664,16415,36593,9769,ITI,ITI4,12,Lazio,Lazio,5879082,622450,10.59,0.79
318,2021-03-07,LAZ,14098,5434,8664,1004,27,148,3537,311,137,7468,405,708,353,10505,3593,ITI,ITI4,12,Lazio,Lazio,5879082,636548,10.83,0.24
319,2021-01-13,LAZ,5670,2145,3525,4148,273,1009,0,39,12,28,0,0,161,5670,0,ITI,ITI4,12,Lazio,Lazio,5879082,642218,10.92,0.1
320,2021-04-19,LAZ,30051,13658,16393,656,107,157,38,6887,9945,8322,3409,46,484,19383,10668,ITI,ITI4,12,Lazio,Lazio,5879082,672269,11.43,0.51
321,2021-05-22,LAZ,53982,26195,27787,801,107,3,3600,11118,5157,979,6316,1470,24431,43998,9984,ITI,ITI4,12,Lazio,Lazio,5879082,726251,12.35,0.92
322,2021-02-22,LAZ,11457,4990,6467,1779,130,476,2232,37,30,5276,1,1398,98,10955,502,ITI,ITI4,12,Lazio,Lazio,5879082,737708,12.55,0.19
323,2021-02-24,LAZ,12048,5205,6843,1800,432,337,2407,75,64,5247,0,1335,351,11054,994,ITI,ITI4,12,Lazio,Lazio,5879082,749756,12.75,0.2
324,2020-12-30,LAZ,1630,629,1001,1603,0,27,0,0,0,0,0,0,0,1630,0,ITI,ITI4,12,Lazio,Lazio,5879082,751386,12.78,0.03
325,2021-05-13,LAZ,49387,22124,27263,1078,170,103,2417,11367,10976,4221,6015,1523,11517,31819,17568,ITI,ITI4,12,Lazio,Lazio,5879082,800773,13.62,0.84
326,2021-04-26,LAZ,29125,13393,15732,981,83,350,56,7387,11291,5654,2668,430,225,19925,9200,ITI,ITI4,12,Lazio,Lazio,5879082,829898,14.12,0.5
327,2021-04-09,LAZ,27291,12265,15026,858,150,163,70,4194,8878,8620,2914,178,1266,19073,8218,ITI,ITI4,12,Lazio,Lazio,5879082,857189,14.58,0.46
328,2020-12-29,LAZ,488,176,312,486,2,0,0,0,0,0,0,0,0,488,0,ITI,ITI4,12,Lazio,Lazio,5879082,857677,14.59,0.01
329,2021-04-10,LAZ,23802,10312,13490,678,60,111,87,3956,7287,7866,3226,33,498,16621,7181,ITI,ITI4,12,Lazio,Lazio,5879082,881479,14.99,0.4
330,2021-03-22,LAZ,21692,9062,12630,884,81,245,3877,424,4389,9342,1380,578,492,15031,6661,ITI,ITI4,12,Lazio,Lazio,5879082,903171,15.36,0.37
331,2021-03-16,LAZ,13538,5732,7806,1193,70,280,6,215,849,9691,859,9,366,7094,6444,ITI,ITI4,12,Lazio,Lazio,5879082,916709,15.59,0.23
332,2021-01-17,LAZ,4894,2028,2866,3271,149,200,0,54,81,915,0,0,224,4682,212,ITI,ITI4,12,Lazio,Lazio,5879082,921603,15.68,0.08
333,2021-04-02,LAZ,28528,13367,15161,1176,114,166,197,3351,9058,9406,3367,296,1397,21201,7327,ITI,ITI4,12,Lazio,Lazio,5879082,950131,16.16,0.49
334,2021-03-20,LAZ,18225,6810,11415,909,148,360,3054,398,2120,9118,1481,215,422,12341,5884,ITI,ITI4,12,Lazio,Lazio,5879082,968356,16.47,0.31
335,2021-04-28,LAZ,32825,14987,17838,2034,167,68,94,8061,11213,5983,4271,329,605,21281,11544,ITI,ITI4,12,Lazio,Lazio,5879082,1001181,17.03,0.56
336,2021-03-28,LAZ,18836,7541,11295,550,21,77,2616,1393,4242,8572,961,140,264,13526,5310,ITI,ITI4,12,Lazio,Lazio,5879082,1020017,17.35,0.32
337,2021-01-09,LAZ,6294,2561,3733,5116,240,620,0,61,41,39,0,0,177,6294,0,ITI,ITI4,12,Lazio,Lazio,5879082,1026311,17.46,0.11
338,2021-03-19,LAZ,17215,7363,9852,1162,149,389,1011,400,2081,9697,1490,289,547,10888,6327,ITI,ITI4,12,Lazio,Lazio,5879082,1043526,17.75,0.29
339,2021-01-05,LAZ,7373,2802,4571,6693,98,577,0,1,1,1,0,1,1,7373,0,ITI,ITI4,12,Lazio,Lazio,5879082,1050899,17.88,0.13
340,2020-12-28,LAZ,959,412,547,957,2,0,0,0,0,0,0,0,0,959,0,ITI,ITI4,12,Lazio,Lazio,5879082,1051858,17.89,0.02
341,2021-05-01,LAZ,37897,17059,20838,1633,252,44,51,10771,11605,3923,3712,75,5831,25957,11940,ITI,ITI4,12,Lazio,Lazio,5879082,1089755,18.54,0.64
342,2021-02-07,LAZ,4942,2023,2919,3252,139,218,1,84,96,912,0,0,240,387,4555,ITI,ITI4,12,Lazio,Lazio,5879082,1094697,18.62,0.08
343,2021-02-08,LAZ,9739,4153,5586,3789,430,918,0,134,101,3832,0,0,535,4508,5231,ITI,ITI4,12,Lazio,Lazio,5879082,1104436,18.79,0.17
344,2021-03-29,LAZ,23940,10750,13190,771,94,143,805,1561,7502,9777,2418,372,497,16909,7031,ITI,ITI4,12,Lazio,Lazio,5879082,1128376,19.19,0.41
345,2021-02-27,LAZ,11427,4268,7159,1363,398,516,2720,84,103,4901,12,1128,202,10472,955,ITI,ITI4,12,Lazio,Lazio,5879082,1139803,19.39,0.19
346,2021-01-22,LAZ,4002,1633,2369,3380,76,70,0,54,23,177,0,0,222,487,3515,ITI,ITI4,12,Lazio,Lazio,5879082,1143805,19.46,0.07
347,2021-04-18,LAZ,23771,10556,13215,450,23,37,27,6154,7911,7114,1865,12,178,16137,7634,ITI,ITI4,12,Lazio,Lazio,5879082,1167576,19.86,0.4
348,2021-05-20,LAZ,49797,23741,26056,1023,132,56,3595,11192,5831,1231,6561,1992,18184,36657,13140,ITI,ITI4,12,Lazio,Lazio,5879082,1217373,20.71,0.85
349,2021-03-21,LAZ,17856,6825,11031,1148,33,111,3448,115,3167,8283,1230,118,203,12806,5050,ITI,ITI4,12,Lazio,Lazio,5879082,1235229,21.01,0.3
350,2021-04-06,LAZ,23875,10652,13223,1125,88,94,167,2641,8585,8213,1925,235,802,16773,7102,ITI,ITI4,12,Lazio,Lazio,5879082,1259104,21.42,0.41
351,2021-03-05,LAZ,18785,7959,10826,1787,180,256,3965,1087,189,8584,571,1335,831,14053,4732,ITI,ITI4,12,Lazio,Lazio,5879082,1277889,21.74,0.32
352,2021-02-04,LAZ,6300,2479,3821,4458,358,892,0,105,70,123,0,0,294,987,5313,ITI,ITI4,12,Lazio,Lazio,5879082,1284189,21.84,0.11
353,2021-02-19,LAZ,10312,5198,5114,2239,105,408,33,95,93,5337,0,1646,356,9463,849,ITI,ITI4,12,Lazio,Lazio,5879082,1294501,22.02,0.18
354,2021-04-24,LAZ,33268,14967,18301,703,97,155,93,8608,11048,7267,3931,552,814,20522,12746,ITI,ITI4,12,Lazio,Lazio,5879082,1327769,22.58,0.57
355,2021-02-18,LAZ,10017,4976,5041,2162,111,473,1,168,63,4988,0,1680,371,9208,809,ITI,ITI4,12,Lazio,Lazio,5879082,1337786,22.76,0.17
356,2021-03-10,LAZ,22000,9474,12526,1888,177,452,4621,2237,550,9064,916,1178,917,16355,5645,ITI,ITI4,12,Lazio,Lazio,5879082,1359786,23.13,0.37
357,2021-04-17,LAZ,32298,14173,18125,834,102,220,55,7193,9310,9352,4416,10,806,20353,11945,ITI,ITI4,12,Lazio,Lazio,5879082,1392084,23.68,0.55
358,2021-02-14,LAZ,5773,2370,3403,1647,38,127,0,74,131,3503,0,0,253,5303,470,ITI,ITI4,12,Lazio,Lazio,5879082,1397857,23.78,0.1
359,2021-01-14,LAZ,5455,2135,3320,3890,306,811,0,64,38,109,0,0,237,5455,0,ITI,ITI4,12,Lazio,Lazio,5879082,1403312,23.87,0.09
360,2021-01-02,LAZ,6707,2631,4076,6271,77,358,0,0,0,0,0,0,1,6707,0,ITI,ITI4,12,Lazio,Lazio,5879082,1410019,23.98,0.11
361,2021-03-04,LAZ,18649,8013,10636,2007,217,506,3890,932,134,8286,429,1380,868,13633,5016,ITI,ITI4,12,Lazio,Lazio,5879082,1428668,24.3,0.32
362,2021-05-06,LAZ,48571,22597,25974,1648,161,153,107,11411,12793,5440,6323,1371,9164,31082,17489,ITI,ITI4,12,Lazio,Lazio,5879082,1477239,25.13,0.83
363,2021-04-29,LAZ,38493,17173,21320,3409,439,218,129,9504,11898,6098,5277,315,1206,25292,13201,ITI,ITI4,12,Lazio,Lazio,5879082,1515732,25.78,0.65
364,2021-03-09,LAZ,20864,8937,11927,1898,114,338,4636,1510,334,9105,1060,1233,636,15667,5197,ITI,ITI4,12,Lazio,Lazio,5879082,1536596,26.14,0.35
365,2021-01-04,LAZ,7480,2908,4572,7077,86,316,1,0,0,0,0,0,0,7480,0,ITI,ITI4,12,Lazio,Lazio,5879082,1544076,26.26,0.13
366,2021-02-01,LAZ,5674,2176,3498,4786,193,559,0,17,27,30,1,0,61,354,5320,ITI,ITI4,12,Lazio,Lazio,5879082,1549750,26.36,0.1
367,2021-01-07,LAZ,7746,2902,4844,6900,182,566,0,16,10,9,0,0,63,7746,0,ITI,ITI4,12,Lazio,Lazio,5879082,1557496,26.49,0.13
368,2021-02-20,LAZ,9204,4273,4931,1943,123,298,22,114,116,4857,0,1320,411,8437,767,ITI,ITI4,12,Lazio,Lazio,5879082,1566700,26.65,0.16
369,2021-05-03,LAZ,39076,17634,21442,2243,97,76,48,10474,12530,4114,3971,102,5421,26519,12557,ITI,ITI4,12,Lazio,Lazio,5879082,1605776,27.31,0.66
370,2021-04-05,LAZ,19889,9047,10842,505,36,29,64,1842,8205,7599,1252,20,337,13670,6219,ITI,ITI4,12,Lazio,Lazio,5879082,1625665,27.65,0.34
371,2021-03-11,LAZ,23770,10565,13205,1992,135,440,4456,2788,736,9466,1077,1895,785,17541,6229,ITI,ITI4,12,Lazio,Lazio,5879082,1649435,28.06,0.4
372,2021-04-23,LAZ,37575,18028,19547,780,157,175,88,8179,12149,7842,5636,694,1875,22342,15233,ITI,ITI4,12,Lazio,Lazio,5879082,1687010,28.7,0.64
373,2021-05-24,LAZ,41300,18349,22951,785,105,20,3210,10010,5378,708,4950,1014,15120,33058,8242,ITI,ITI4,12,Lazio,Lazio,5879082,1728310,29.4,0.7
374,2021-02-06,LAZ,6135,2474,3661,3697,272,946,0,140,160,610,0,0,310,817,5318,ITI,ITI4,12,Lazio,Lazio,5879082,1734445,29.5,0.1
375,2021-01-03,LAZ,5250,1972,3278,5125,50,65,0,1,4,1,0,0,4,5250,0,ITI,ITI4,12,Lazio,Lazio,5879082,1739695,29.59,0.09
376,2021-04-16,LAZ,34366,15666,18700,710,140,335,86,6840,10455,9680,5041,52,1027,22310,12056,ITI,ITI4,12,Lazio,Lazio,5879082,1774061,30.18,0.58
377,2021-02-05,LAZ,7275,2960,4315,5094,380,995,0,120,95,257,0,0,334,1183,6092,ITI,ITI4,12,Lazio,Lazio,5879082,1781336,30.3,0.12
378,2021-03-13,LAZ,21412,8407,13005,1376,120,330,3750,3211,1278,9186,721,859,581,15518,5894,ITI,ITI4,12,Lazio,Lazio,5879082,1802748,30.66,0.36
379,2021-02-03,LAZ,6488,2488,4000,4650,342,1078,0,65,38,86,0,0,229,964,5524,ITI,ITI4,12,Lazio,Lazio,5879082,1809236,30.77,0.11
380,2021-03-24,LAZ,25878,11298,14580,1029,102,107,3624,1745,6516,9666,1822,301,966,19641,6237,ITI,ITI4,12,Lazio,Lazio,5879082,1835114,31.21,0.44
381,2021-03-23,LAZ,23493,10223,13270,1033,100,181,3863,1058,4933,9333,1414,661,917,16917,6576,ITI,ITI4,12,Lazio,Lazio,5879082,1858607,31.61,0.4
382,2021-05-09,LAZ,37517,17248,20269,1081,77,10,17,9762,9266,3363,3880,1069,8992,26253,11264,ITI,ITI4,12,Lazio,Lazio,5879082,1896124,32.25,0.64
383,2021-01-19,LAZ,4768,1954,2814,2969,223,424,0,115,123,463,0,0,451,4314,454,ITI,ITI4,12,Lazio,Lazio,5879082,1900892,32.33,0.08
384,2021-03-30,LAZ,25254,11583,13671,1238,97,249,296,2464,7847,9621,2359,400,683,18106,7148,ITI,ITI4,12,Lazio,Lazio,5879082,1926146,32.76,0.43
385,2021-01-18,LAZ,6264,2555,3709,3925,388,736,0,114,77,520,0,0,504,5286,978,ITI,ITI4,12,Lazio,Lazio,5879082,1932410,32.87,0.11
386,2021-03-25,LAZ,26911,11509,15402,935,95,318,3519,2241,6680,9908,1961,255,999,20310,6601,ITI,ITI4,12,Lazio,Lazio,5879082,1959321,33.33,0.46
387,2021-04-15,LAZ,31882,14295,17587,705,120,333,87,5443,10370,9688,4192,45,899,21079,10803,ITI,ITI4,12,Lazio,Lazio,5879082,1991203,33.87,0.54
388,2021-03-27,LAZ,26008,10395,15613,1314,126,290,3480,2070,5487,9664,2257,205,1115,19539,6469,ITI,ITI4,12,Lazio,Lazio,5879082,2017211,34.31,0.44
389,2021-05-02,LAZ,32611,14327,18284,1627,142,34,30,9434,10353,3059,2730,45,5157,23250,9361,ITI,ITI4,12,Lazio,Lazio,5879082,2049822,34.87,0.55
390,2021-01-29,LAZ,8042,3079,4963,6391,283,776,0,90,47,135,0,0,320,813,7229,ITI,ITI4,12,Lazio,Lazio,5879082,2057864,35.0,0.14
391,2021-02-11,LAZ,6992,3006,3986,2196,180,499,0,85,42,3685,0,0,305,6467,525,ITI,ITI4,12,Lazio,Lazio,5879082,2064856,35.12,0.12
392,2021-05-16,LAZ,50695,24406,26289,273,11,5,2577,10142,8738,2555,3514,1089,21791,37226,13469,ITI,ITI4,12,Lazio,Lazio,5879082,2115551,35.98,0.86
393,2021-02-28,LAZ,10248,4007,6241,1606,264,77,2602,91,45,4678,5,686,194,9734,514,ITI,ITI4,12,Lazio,Lazio,5879082,2125799,36.16,0.17
394,2021-03-26,LAZ,28224,12250,15974,1017,119,332,3292,1993,6725,10285,2617,310,1534,21381,6843,ITI,ITI4,12,Lazio,Lazio,5879082,2154023,36.64,0.48
395,2021-05-17,LAZ,43755,19978,23777,1391,114,127,2622,10383,5952,1028,5331,1102,15705,35327,8428,ITI,ITI4,12,Lazio,Lazio,5879082,2197778,37.38,0.74
396,2021-04-04,LAZ,17463,8036,9427,306,40,11,42,1821,7370,6805,877,17,174,12197,5266,ITI,ITI4,12,Lazio,Lazio,5879082,2215241,37.68,0.3
397,2021-03-12,LAZ,22886,10124,12762,2003,188,401,3964,2413,1173,9645,927,1199,973,16573,6313,ITI,ITI4,12,Lazio,Lazio,5879082,2238127,38.07,0.39
398,2021-01-12,LAZ,5393,1975,3418,4345,344,584,0,21,11,10,0,0,78,5393,0,ITI,ITI4,12,Lazio,Lazio,5879082,2243520,38.16,0.09
399,2021-01-01,LAZ,3554,1382,2172,3483,2,68,0,0,0,0,0,0,1,3554,0,ITI,ITI4,12,Lazio,Lazio,5879082,2247074,38.22,0.06
400,2021-05-12,LAZ,47351,21454,25897,1128,121,97,1759,11302,10759,4252,5334,1341,11258,30864,16487,ITI,ITI4,12,Lazio,Lazio,5879082,2294425,39.03,0.81
401,2021-01-23,LAZ,7211,2868,4343,6064,255,417,0,45,48,182,0,0,200,582,6629,ITI,ITI4,12,Lazio,Lazio,5879082,2301636,39.15,0.12
402,2021-01-16,LAZ,5641,2280,3361,3359,246,1066,0,74,94,549,0,0,253,5641,0,ITI,ITI4,12,Lazio,Lazio,5879082,2307277,39.25,0.1
403,2021-05-14,LAZ,50667,23124,27543,1370,196,270,2685,11209,11093,3939,6472,1610,11823,32508,18159,ITI,ITI4,12,Lazio,Lazio,5879082,2357944,40.11,0.86
404,2021-05-11,LAZ,47857,21941,25916,1268,126,121,1855,11361,11076,3975,5395,1324,11356,31500,16357,ITI,ITI4,12,Lazio,Lazio,5879082,2405801,40.92,0.81
405,2021-02-02,LAZ,5909,2213,3696,4712,368,571,0,57,39,37,0,0,125,637,5272,ITI,ITI4,12,Lazio,Lazio,5879082,2411710,41.02,0.1
406,2021-02-21,LAZ,6986,3178,3808,1244,65,51,16,88,94,4581,0,610,237,6525,461,ITI,ITI4,12,Lazio,Lazio,5879082,2418696,41.14,0.12
407,2021-02-15,LAZ,8024,3540,4484,2442,378,335,0,89,88,4292,0,11,389,7393,631,ITI,ITI4,12,Lazio,Lazio,5879082,2426720,41.28,0.14
408,2021-04-03,LAZ,24681,11093,13588,844,73,111,214,3164,8263,8602,2207,44,1159,17982,6699,ITI,ITI4,12,Lazio,Lazio,5879082,2451401,41.7,0.42
409,2021-01-15,LAZ,6570,2704,3866,4505,424,988,0,97,66,196,0,0,294,6570,0,ITI,ITI4,12,Lazio,Lazio,5879082,2457971,41.81,0.11
410,2021-01-21,LAZ,5594,2342,3252,4781,92,232,0,60,18,178,0,0,233,542,5052,ITI,ITI4,12,Lazio,Lazio,5879082,2463565,41.9,0.1
411,2021-05-21,LAZ,49391,23198,26193,982,140,7,3468,11334,6000,1303,7505,2176,16476,36661,12730,ITI,ITI4,12,Lazio,Lazio,5879082,2512956,42.74,0.84
412,2021-04-01,LAZ,28403,13047,15356,1141,114,284,256,3044,9003,9727,3305,371,1158,21263,7140,ITI,ITI4,12,Lazio,Lazio,5879082,2541359,43.23,0.48
413,2021-05-04,LAZ,39679,18252,21427,2216,169,103,55,10191,12340,4030,4335,556,5684,26254,13425,ITI,ITI4,12,Lazio,Lazio,5879082,2581038,43.9,0.67
414,2020-12-27,LAZ,273,131,142,273,0,0,0,0,0,0,0,0,0,273,0,ITI,ITI4,12,Lazio,Lazio,5879082,2581311,43.91,0.0
415,2021-02-17,LAZ,9180,4602,4578,2285,247,499,1,123,62,4278,0,1349,336,8306,874,ITI,ITI4,12,Lazio,Lazio,5879082,2590491,44.06,0.16
416,2021-02-12,LAZ,6843,2845,3998,1996,183,302,0,85,44,3844,0,1,388,6432,411,ITI,ITI4,12,Lazio,Lazio,5879082,2597334,44.18,0.12
417,2021-04-21,LAZ,32954,14965,17989,704,122,135,70,7656,10804,8295,4465,49,654,20594,12360,ITI,ITI4,12,Lazio,Lazio,5879082,2630288,44.74,0.56
418,2021-01-25,LAZ,8111,3246,4865,7006,218,363,0,66,73,143,0,0,242,771,7340,ITI,ITI4,12,Lazio,Lazio,5879082,2638399,44.88,0.14
419,2021-03-06,LAZ,18280,7036,11244,1504,118,327,3777,2258,145,8032,584,927,608,14023,4257,ITI,ITI4,12,Lazio,Lazio,5879082,2656679,45.19,0.31
420,2021-03-17,LAZ,13786,5896,7890,1045,100,255,14,292,938,9697,967,7,471,7531,6255,ITI,ITI4,12,Lazio,Lazio,5879082,2670465,45.42,0.23
421,2021-05-10,LAZ,44108,20104,24004,1139,125,130,31,10646,11293,4247,5143,753,10601,30739,13369,ITI,ITI4,12,Lazio,Lazio,5879082,2714573,46.17,0.75
422,2021-02-26,LAZ,13079,5701,7378,1915,537,352,2749,118,96,5269,4,1388,651,11717,1362,ITI,ITI4,12,Lazio,Lazio,5879082,2727652,46.4,0.22
423,2021-04-30,LAZ,41194,18245,22949,4562,583,80,204,9384,11941,6201,6295,344,1600,27041,14153,ITI,ITI4,12,Lazio,Lazio,5879082,2768846,47.1,0.7
424,2021-04-11,LAZ,19115,8431,10684,392,30,50,31,3821,6136,6540,2004,14,97,13234,5881,ITI,ITI4,12,Lazio,Lazio,5879082,2787961,47.42,0.33
425,2021-04-12,LAZ,23753,10674,13079,655,77,101,72,4170,7674,7746,2648,108,502,16856,6897,ITI,ITI4,12,Lazio,Lazio,5879082,2811714,47.83,0.4
426,2021-03-01,LAZ,17088,7345,9743,1327,524,385,3595,390,146,8189,391,1428,713,13203,3885,ITI,ITI4,12,Lazio,Lazio,5879082,2828802,48.12,0.29
427,2021-02-16,LAZ,8354,4033,4321,2065,124,205,1,137,94,4267,0,957,504,7749,605,ITI,ITI4,12,Lazio,Lazio,5879082,2837156,48.26,0.14
428,2021-03-14,LAZ,17082,6606,10476,1162,96,81,3464,454,1103,8437,543,566,1176,11928,5154,ITI,ITI4,12,Lazio,Lazio,5879082,2854238,48.55,0.29
429,2021-01-08,LAZ,7726,2894,4832,6519,196,798,0,36,32,32,0,0,113,7726,0,ITI,ITI4,12,Lazio,Lazio,5879082,2861964,48.68,0.13
430,2021-01-06,LAZ,5121,1961,3160,4621,154,320,1,1,4,8,5,1,6,5121,0,ITI,ITI4,12,Lazio,Lazio,5879082,2867085,48.77,0.09
431,2021-04-25,LAZ,24468,11197,13271,793,23,10,21,7123,9689,5258,1130,152,269,16658,7810,ITI,ITI4,12,Lazio,Lazio,5879082,2891553,49.18,0.42
432,2021-03-03,LAZ,17389,7434,9955,1556,212,380,3937,702,117,8195,259,1356,675,13095,4294,ITI,ITI4,12,Lazio,Lazio,5879082,2908942,49.48,0.3
433,2021-04-27,LAZ,30574,13789,16785,1480,163,44,79,7617,11143,5873,3357,384,434,19739,10835,ITI,ITI4,12,Lazio,Lazio,5879082,2939516,50.0,0.52
434,2021-02-09,LAZ,8797,3768,5029,3258,246,548,0,115,124,4068,0,0,438,4580,4217,ITI,ITI4,12,Lazio,Lazio,5879082,2948313,50.15,0.15
435,2020-12-31,LAZ,5292,2121,3171,4988,20,279,0,1,0,0,0,0,4,5292,0,ITI,ITI4,12,Lazio,Lazio,5879082,2953605,50.24,0.09
436,2021-04-22,LAZ,38439,18886,19553,873,114,296,82,7992,11767,8287,5166,479,3383,23904,14535,ITI,ITI4,12,Lazio,Lazio,5879082,2992044,50.89,0.65
437,2021-02-23,LAZ,11088,4781,6307,1899,119,306,1912,68,61,5226,0,1017,480,10327,761,ITI,ITI4,12,Lazio,Lazio,5879082,3003132,51.08,0.19
438,2021-03-31,LAZ,26080,12031,14049,1025,96,135,254,2523,8153,9630,2835,394,1035,18988,7092,ITI,ITI4,12,Lazio,Lazio,5879082,3029212,51.53,0.44
439,2021-05-03,PAB,1829,846,983,21,8,0,1,313,1166,72,231,4,13,417,1412,ITH,ITH1,4,Provincia Autonoma Bolzano / Bozen,P.A. Bolzano,533050,1829,0.34,0.34
440,2021-01-07,PAB,917,327,590,617,107,0,0,25,16,61,0,0,91,917,0,ITH,ITH1,4,Provincia Autonoma Bolzano / Bozen,P.A. Bolzano,533050,2746,0.52,0.17
441,2021-04-23,PAB,4540,2149,2391,230,109,22,16,1791,718,489,1114,28,23,3249,1291,ITH,ITH1,4,Provincia Autonoma Bolzano / Bozen,P.A. Bolzano,533050,7286,1.37,0.85
442,2021-05-24,PAB,1442,761,681,13,2,0,103,46,22,7,93,10,1146,1109,333,ITH,ITH1,4,Provincia Autonoma Bolzano / Bozen,P.A. Bolzano,533050,8728,1.64,0.27
443,2021-01-04,PAB,508,201,307,420,49,4,0,6,6,0,0,0,23,508,0,ITH,ITH1,4,Provincia Autonoma Bolzano / Bozen,P.A. Bolzano,533050,9236,1.73,0.1
444,2021-02-20,PAB,1802,540,1262,196,55,24,1009,5,6,477,0,1,29,1784,18,ITH,ITH1,4,Provincia Autonoma Bolzano / Bozen,P.A. Bolzano,533050,11038,2.07,0.34
445,2021-03-11,PAB,1681,823,858,89,309,79,335,3,14,371,87,379,15,1143,538,ITH,ITH1,4,Provincia Autonoma Bolzano / Bozen,P.A. Bolzano,533050,12719,2.39,0.32
446,2021-02-01,PAB,1451,440,1011,774,314,295,1,6,0,2,1,1,57,12,1439,ITH,ITH1,4,Provincia Autonoma Bolzano / Bozen,P.A. Bolzano,533050,14170,2.66,0.27
447,2021-04-05,PAB,301,144,157,4,3,0,1,6,16,62,201,7,1,23,278,ITH,ITH1,4,Provincia Autonoma Bolzano / Bozen,P.A. Bolzano,533050,14471,2.71,0.06
448,2021-05-02,PAB,2457,1288,1169,81,22,3,60,212,227,49,1501,278,24,1536,921,ITH,ITH1,4,Provincia Autonoma Bolzano / Bozen,P.A. Bolzano,533050,16928,3.18,0.46
449,2021-02-05,PAB,3195,1181,2014,762,505,440,0,21,12,1381,0,0,74,8,3187,ITH,ITH1,4,Provincia Autonoma Bolzano / Bozen,P.A. Bolzano,533050,20123,3.78,0.6
450,2021-04-10,PAB,5390,2664,2726,146,54,3,22,183,3270,552,942,200,18,4802,588,ITH,ITH1,4,Provincia Autonoma Bolzano / Bozen,P.A. Bolzano,533050,25513,4.79,1.01
451,2021-02-26,PAB,1526,551,975,62,32,2,334,4,1,1051,2,0,38,1495,31,ITH,ITH1,4,Provincia Autonoma Bolzano / Bozen,P.A. Bolzano,533050,27039,5.07,0.29
452,2021-03-06,PAB,3969,2079,1890,479,164,7,382,10,19,1981,48,859,20,3758,211,ITH,ITH1,4,Provincia Autonoma Bolzano / Bozen,P.A. Bolzano,533050,31008,5.82,0.74
453,2021-02-06,PAB,2626,1171,1455,452,43,6,1,28,76,1932,0,0,88,19,2607,ITH,ITH1,4,Provincia Autonoma Bolzano / Bozen,P.A. Bolzano,533050,33634,6.31,0.49
454,2021-04-30,PAB,3337,1592,1745,182,97,44,16,648,617,142,1369,44,178,1561,1776,ITH,ITH1,4,Provincia Autonoma Bolzano / Bozen,P.A. Bolzano,533050,36971,6.94,0.63
455,2021-01-22,PAB,248,143,105,136,8,84,1,4,0,3,1,0,11,124,124,ITH,ITH1,4,Provincia Autonoma Bolzano / Bozen,P.A. Bolzano,533050,37219,6.98,0.05
456,2021-02-03,PAB,1503,478,1025,666,341,321,0,12,5,72,1,0,85,5,1498,ITH,ITH1,4,Provincia Autonoma Bolzano / Bozen,P.A. Bolzano,533050,38722,7.26,0.28
457,2021-04-17,PAB,5231,2598,2633,69,12,36,76,2792,1237,99,735,160,15,5187,44,ITH,ITH1,4,Provincia Autonoma Bolzano / Bozen,P.A. Bolzano,533050,43953,8.25,0.98
458,2021-04-16,PAB,2949,1418,1531,195,37,5,38,1421,616,115,419,98,5,2438,511,ITH,ITH1,4,Provincia Autonoma Bolzano / Bozen,P.A. Bolzano,533050,46902,8.8,0.55
459,2021-03-13,PAB,2885,1459,1426,168,59,1,20,11,879,1295,58,381,13,2784,101,ITH,ITH1,4,Provincia Autonoma Bolzano / Bozen,P.A. Bolzano,533050,49787,9.34,0.54
460,2021-01-19,PAB,853,371,482,174,55,0,0,7,6,578,3,0,30,723,130,ITH,ITH1,4,Provincia Autonoma Bolzano / Bozen,P.A. Bolzano,533050,50640,9.5,0.16
461,2021-02-16,PAB,530,205,325,10,1,0,0,0,0,518,1,0,0,530,0,ITH,ITH1,4,Provincia Autonoma Bolzano / Bozen,P.A. Bolzano,533050,51170,9.6,0.1
462,2021-01-06,PAB,59,18,41,57,2,0,0,0,0,0,0,0,0,59,0,ITH,ITH1,4,Provincia Autonoma Bolzano / Bozen,P.A. Bolzano,533050,51229,9.61,0.01
463,2021-03-10,PAB,1261,524,737,660,102,0,118,4,9,134,10,133,91,1118,143,ITH,ITH1,4,Provincia Autonoma Bolzano / Bozen,P.A. Bolzano,533050,52490,9.85,0.24
464,2021-04-03,PAB,831,364,467,9,6,0,0,1,12,799,0,4,0,22,809,ITH,ITH1,4,Provincia Autonoma Bolzano / Bozen,P.A. Bolzano,533050,53321,10.0,0.16
465,2021-04-22,PAB,2923,1500,1423,67,29,16,87,728,614,165,845,350,22,1981,942,ITH,ITH1,4,Provincia Autonoma Bolzano / Bozen,P.A. Bolzano,533050,56244,10.55,0.55
466,2021-03-01,PAB,922,221,701,18,2,5,739,19,0,0,0,0,139,921,1,ITH,ITH1,4,Provincia Autonoma Bolzano / Bozen,P.A. Bolzano,533050,57166,10.72,0.17
467,2021-05-17,PAB,3109,1499,1610,35,25,2,620,291,100,19,459,31,1527,2425,684,ITH,ITH1,4,Provincia Autonoma Bolzano / Bozen,P.A. Bolzano,533050,60275,11.31,0.58
468,2021-02-14,PAB,297,130,167,0,0,0,0,0,1,296,0,0,0,297,0,ITH,ITH1,4,Provincia Autonoma Bolzano / Bozen,P.A. Bolzano,533050,60572,11.36,0.06
469,2021-05-14,PAB,5086,2289,2797,91,28,4,1074,597,157,47,740,47,2301,3071,2015,ITH,ITH1,4,Provincia Autonoma Bolzano / Bozen,P.A. Bolzano,533050,65658,12.32,0.95
470,2021-01-02,PAB,91,48,43,69,1,0,0,5,1,0,0,0,15,91,0,ITH,ITH1,4,Provincia Autonoma Bolzano / Bozen,P.A. Bolzano,533050,65749,12.33,0.02
471,2021-04-09,PAB,2926,1292,1634,336,113,102,14,47,634,280,1363,13,24,2196,730,ITH,ITH1,4,Provincia Autonoma Bolzano / Bozen,P.A. Bolzano,533050,68675,12.88,0.55
472,2020-12-30,PAB,388,182,206,343,41,0,0,0,0,0,0,0,4,388,0,ITH,ITH1,4,Provincia Autonoma Bolzano / Bozen,P.A. Bolzano,533050,69063,12.96,0.07
473,2021-01-11,PAB,1569,513,1056,586,284,175,0,54,41,161,1,0,267,1569,0,ITH,ITH1,4,Provincia Autonoma Bolzano / Bozen,P.A. Bolzano,533050,70632,13.25,0.29
474,2021-02-08,PAB,2,1,1,0,0,0,0,0,0,1,0,0,1,1,1,ITH,ITH1,4,Provincia Autonoma Bolzano / Bozen,P.A. Bolzano,533050,70634,13.25,0.0
475,2021-01-15,PAB,3282,1228,2054,608,307,342,0,81,29,1447,0,0,468,3282,0,ITH,ITH1,4,Provincia Autonoma Bolzano / Bozen,P.A. Bolzano,533050,73916,13.87,0.62
476,2021-01-09,PAB,612,326,286,76,28,75,0,66,19,13,0,0,335,612,0,ITH,ITH1,4,Provincia Autonoma Bolzano / Bozen,P.A. Bolzano,533050,74528,13.98,0.11
477,2021-03-29,PAB,1170,499,671,14,2,0,13,1,184,842,85,26,3,411,759,ITH,ITH1,4,Provincia Autonoma Bolzano / Bozen,P.A. Bolzano,533050,75698,14.2,0.22
478,2021-03-15,PAB,1192,451,741,294,97,13,4,15,533,93,66,4,73,710,482,ITH,ITH1,4,Provincia Autonoma Bolzano / Bozen,P.A. Bolzano,533050,76890,14.42,0.22
479,2021-02-02,PAB,1745,506,1239,630,370,605,0,9,10,11,0,0,110,8,1737,ITH,ITH1,4,Provincia Autonoma Bolzano / Bozen,P.A. Bolzano,533050,78635,14.75,0.33
480,2021-01-14,PAB,1946,575,1371,521,441,313,0,63,43,329,0,0,236,1946,0,ITH,ITH1,4,Provincia Autonoma Bolzano / Bozen,P.A. Bolzano,533050,80581,15.12,0.37
481,2021-03-19,PAB,1906,773,1133,158,59,15,14,11,138,1182,310,1,18,799,1107,ITH,ITH1,4,Provincia Autonoma Bolzano / Bozen,P.A. Bolzano,533050,82487,15.47,0.36
482,2021-04-24,PAB,5102,2448,2654,294,197,2,7,2728,762,184,859,54,15,4618,484,ITH,ITH1,4,Provincia Autonoma Bolzano / Bozen,P.A. Bolzano,533050,87589,16.43,0.96
483,2021-03-05,PAB,1839,625,1214,337,98,59,240,8,2,896,125,9,65,1397,442,ITH,ITH1,4,Provincia Autonoma Bolzano / Bozen,P.A. Bolzano,533050,89428,16.78,0.34
484,2021-05-06,PAB,5181,2747,2434,190,75,16,197,984,672,148,1929,642,328,2612,2569,ITH,ITH1,4,Provincia Autonoma Bolzano / Bozen,P.A. Bolzano,533050,94609,17.75,0.97
485,2021-04-18,PAB,3110,1607,1503,28,14,2,27,1916,524,134,188,273,4,2100,1010,ITH,ITH1,4,Provincia Autonoma Bolzano / Bozen,P.A. Bolzano,533050,97719,18.33,0.58
486,2021-05-20,PAB,4601,2243,2358,28,12,6,1010,279,97,61,290,24,2794,3197,1404,ITH,ITH1,4,Provincia Autonoma Bolzano / Bozen,P.A. Bolzano,533050,102320,19.2,0.86
487,2021-03-21,PAB,768,285,483,165,17,1,3,3,9,568,0,0,2,14,754,ITH,ITH1,4,Provincia Autonoma Bolzano / Bozen,P.A. Bolzano,533050,103088,19.34,0.14
488,2021-01-13,PAB,1691,557,1134,446,310,270,0,66,30,175,0,0,394,1691,0,ITH,ITH1,4,Provincia Autonoma Bolzano / Bozen,P.A. Bolzano,533050,104779,19.66,0.32
489,2021-04-14,PAB,3593,1645,1948,419,140,20,30,1096,829,124,844,80,11,3501,92,ITH,ITH1,4,Provincia Autonoma Bolzano / Bozen,P.A. Bolzano,533050,108372,20.33,0.67
490,2021-03-07,PAB,114,13,101,59,50,0,1,0,0,3,0,0,1,9,105,ITH,ITH1,4,Provincia Autonoma Bolzano / Bozen,P.A. Bolzano,533050,108486,20.35,0.02
491,2021-03-30,PAB,1298,532,766,51,7,153,27,0,121,924,1,11,3,218,1080,ITH,ITH1,4,Provincia Autonoma Bolzano / Bozen,P.A. Bolzano,533050,109784,20.6,0.24
492,2021-01-18,PAB,1772,687,1085,391,102,8,0,32,56,1019,0,0,164,1767,5,ITH,ITH1,4,Provincia Autonoma Bolzano / Bozen,P.A. Bolzano,533050,111556,20.93,0.33
493,2021-03-27,PAB,3047,1552,1495,320,36,0,46,31,484,1441,358,305,26,1541,1506,ITH,ITH1,4,Provincia Autonoma Bolzano / Bozen,P.A. Bolzano,533050,114603,21.5,0.57
494,2021-04-02,PAB,2077,837,1240,189,66,60,17,5,253,935,532,11,9,720,1357,ITH,ITH1,4,Provincia Autonoma Bolzano / Bozen,P.A. Bolzano,533050,116680,21.89,0.39
495,2021-05-15,PAB,6994,3682,3312,36,60,0,263,473,135,39,744,81,5163,6699,295,ITH,ITH1,4,Provincia Autonoma Bolzano / Bozen,P.A. Bolzano,533050,123674,23.2,1.31
496,2021-03-20,PAB,1757,848,909,115,48,9,1,7,265,967,238,99,8,1132,625,ITH,ITH1,4,Provincia Autonoma Bolzano / Bozen,P.A. Bolzano,533050,125431,23.53,0.33
497,2021-04-26,PAB,1541,771,770,24,36,0,56,919,285,31,101,85,4,1536,5,ITH,ITH1,4,Provincia Autonoma Bolzano / Bozen,P.A. Bolzano,533050,126972,23.82,0.29
498,2021-02-22,PAB,526,143,383,342,68,0,10,15,4,5,0,1,81,514,12,ITH,ITH1,4,Provincia Autonoma Bolzano / Bozen,P.A. Bolzano,533050,127498,23.92,0.1
499,2021-02-13,PAB,318,79,239,126,57,7,0,0,0,126,0,0,2,312,6,ITH,ITH1,4,Provincia Autonoma Bolzano / Bozen,P.A. Bolzano,533050,127816,23.98,0.06
500,2021-03-09,PAB,1194,543,651,29,81,22,47,0,1,930,0,80,4,1192,2,ITH,ITH1,4,Provincia Autonoma Bolzano / Bozen,P.A. Bolzano,533050,129010,24.2,0.22
501,2021-05-08,PAB,4416,2379,2037,63,11,2,8,343,137,41,1046,40,2725,3758,658,ITH,ITH1,4,Provincia Autonoma Bolzano / Bozen,P.A. Bolzano,533050,133426,25.03,0.83
502,2021-01-27,PAB,84,28,56,54,26,0,0,1,0,0,0,0,3,1,83,ITH,ITH1,4,Provincia Autonoma Bolzano / Bozen,P.A. Bolzano,533050,133510,25.05,0.02
503,2021-04-12,PAB,2105,946,1159,33,11,1,2,159,1654,93,143,3,6,2098,7,ITH,ITH1,4,Provincia Autonoma Bolzano / Bozen,P.A. Bolzano,533050,135615,25.44,0.39
504,2021-02-12,PAB,730,217,513,322,71,106,0,10,6,141,0,2,72,482,248,ITH,ITH1,4,Provincia Autonoma Bolzano / Bozen,P.A. Bolzano,533050,136345,25.58,0.14
505,2021-05-13,PAB,2980,1347,1633,42,24,47,384,607,363,67,523,21,902,1050,1930,ITH,ITH1,4,Provincia Autonoma Bolzano / Bozen,P.A. Bolzano,533050,139325,26.14,0.56
506,2021-05-23,PAB,4332,2302,2030,17,18,0,12,144,54,14,224,18,3831,4324,8,ITH,ITH1,4,Provincia Autonoma Bolzano / Bozen,P.A. Bolzano,533050,143657,26.95,0.81
507,2021-03-04,PAB,1710,1001,709,307,80,39,262,12,5,171,75,710,49,1481,229,ITH,ITH1,4,Provincia Autonoma Bolzano / Bozen,P.A. Bolzano,533050,145367,27.27,0.32
508,2021-02-24,PAB,1367,406,961,10,3,0,1346,0,0,0,0,8,0,1355,12,ITH,ITH1,4,Provincia Autonoma Bolzano / Bozen,P.A. Bolzano,533050,146734,27.53,0.26
509,2021-01-10,PAB,2,2,0,1,0,0,0,0,0,0,0,0,1,2,0,ITH,ITH1,4,Provincia Autonoma Bolzano / Bozen,P.A. Bolzano,533050,146736,27.53,0.0
510,2021-03-31,PAB,1831,693,1138,419,304,22,16,15,160,430,426,20,19,820,1011,ITH,ITH1,4,Provincia Autonoma Bolzano / Bozen,P.A. Bolzano,533050,148567,27.87,0.34
511,2021-04-08,PAB,2754,1336,1418,47,34,121,2,17,2011,83,310,91,38,2551,203,ITH,ITH1,4,Provincia Autonoma Bolzano / Bozen,P.A. Bolzano,533050,151321,28.39,0.52
512,2021-01-20,PAB,617,252,365,287,51,0,0,6,3,257,0,0,13,409,208,ITH,ITH1,4,Provincia Autonoma Bolzano / Bozen,P.A. Bolzano,533050,151938,28.5,0.12
513,2021-05-07,PAB,4180,2055,2125,221,50,16,42,710,299,61,1466,135,1180,3662,518,ITH,ITH1,4,Provincia Autonoma Bolzano / Bozen,P.A. Bolzano,533050,156118,29.29,0.78
514,2021-03-08,PAB,1200,526,674,23,10,166,3,30,47,755,147,0,19,1173,27,ITH,ITH1,4,Provincia Autonoma Bolzano / Bozen,P.A. Bolzano,533050,157318,29.51,0.23
515,2021-03-02,PAB,695,200,495,11,1,0,676,0,0,0,0,7,0,693,2,ITH,ITH1,4,Provincia Autonoma Bolzano / Bozen,P.A. Bolzano,533050,158013,29.64,0.13
516,2021-01-23,PAB,197,117,80,191,0,0,0,2,0,0,0,0,4,0,197,ITH,ITH1,4,Provincia Autonoma Bolzano / Bozen,P.A. Bolzano,533050,158210,29.68,0.04
517,2021-04-06,PAB,2249,1117,1132,131,46,130,3,10,988,91,818,16,16,2146,103,ITH,ITH1,4,Provincia Autonoma Bolzano / Bozen,P.A. Bolzano,533050,160459,30.1,0.42
518,2021-01-17,PAB,2328,1044,1284,56,38,37,0,57,46,1989,0,0,105,2317,11,ITH,ITH1,4,Provincia Autonoma Bolzano / Bozen,P.A. Bolzano,533050,162787,30.54,0.44
519,2021-01-28,PAB,871,308,563,585,187,69,0,8,0,0,0,3,19,10,861,ITH,ITH1,4,Provincia Autonoma Bolzano / Bozen,P.A. Bolzano,533050,163658,30.7,0.16
520,2021-03-22,PAB,1133,514,619,2,0,0,0,6,900,192,13,15,5,1129,4,ITH,ITH1,4,Provincia Autonoma Bolzano / Bozen,P.A. Bolzano,533050,164791,30.91,0.21
521,2021-04-11,PAB,2720,1291,1429,46,17,3,63,350,1672,84,222,258,5,2543,177,ITH,ITH1,4,Provincia Autonoma Bolzano / Bozen,P.A. Bolzano,533050,167511,31.43,0.51
522,2021-05-05,PAB,4153,1945,2208,275,126,39,73,929,549,156,1731,138,137,2038,2115,ITH,ITH1,4,Provincia Autonoma Bolzano / Bozen,P.A. Bolzano,533050,171664,32.2,0.78
523,2021-01-25,PAB,487,183,304,401,68,0,1,4,0,1,0,2,10,3,484,ITH,ITH1,4,Provincia Autonoma Bolzano / Bozen,P.A. Bolzano,533050,172151,32.3,0.09
524,2021-04-07,PAB,1777,802,975,128,81,57,2,6,908,459,26,100,10,1238,539,ITH,ITH1,4,Provincia Autonoma Bolzano / Bozen,P.A. Bolzano,533050,173928,32.63,0.33
525,2021-02-09,PAB,317,126,191,64,17,2,2,1,0,228,0,0,3,1,316,ITH,ITH1,4,Provincia Autonoma Bolzano / Bozen,P.A. Bolzano,533050,174245,32.69,0.06
526,2021-02-04,PAB,1958,593,1365,650,507,458,0,23,26,233,0,0,61,8,1950,ITH,ITH1,4,Provincia Autonoma Bolzano / Bozen,P.A. Bolzano,533050,176203,33.06,0.37
527,2021-02-27,PAB,2457,759,1698,202,87,8,1233,8,13,885,0,3,18,2447,10,ITH,ITH1,4,Provincia Autonoma Bolzano / Bozen,P.A. Bolzano,533050,178660,33.52,0.46
528,2021-03-17,PAB,581,213,368,12,6,46,0,0,16,491,0,0,10,580,1,ITH,ITH1,4,Provincia Autonoma Bolzano / Bozen,P.A. Bolzano,533050,179241,33.63,0.11
529,2021-04-25,PAB,3069,1496,1573,53,24,0,24,1445,735,156,443,180,9,2398,671,ITH,ITH1,4,Provincia Autonoma Bolzano / Bozen,P.A. Bolzano,533050,182310,34.2,0.58
530,2021-03-03,PAB,1178,393,785,24,5,6,738,3,0,349,0,51,2,1165,13,ITH,ITH1,4,Provincia Autonoma Bolzano / Bozen,P.A. Bolzano,533050,183488,34.42,0.22
531,2021-01-08,PAB,1521,479,1042,790,170,168,0,51,29,104,0,0,209,1521,0,ITH,ITH1,4,Provincia Autonoma Bolzano / Bozen,P.A. Bolzano,533050,185009,34.71,0.29
532,2021-02-18,PAB,1839,457,1382,76,78,21,1290,3,2,353,4,0,12,1832,7,ITH,ITH1,4,Provincia Autonoma Bolzano / Bozen,P.A. Bolzano,533050,186848,35.05,0.34
533,2021-02-19,PAB,2252,512,1740,123,143,84,1784,3,3,86,6,0,20,2241,11,ITH,ITH1,4,Provincia Autonoma Bolzano / Bozen,P.A. Bolzano,533050,189100,35.48,0.42
534,2021-02-25,PAB,1498,549,949,22,5,0,405,2,1,1041,0,0,22,1497,1,ITH,ITH1,4,Provincia Autonoma Bolzano / Bozen,P.A. Bolzano,533050,190598,35.76,0.28
535,2020-12-31,PAB,912,518,394,478,61,0,0,47,9,1,0,0,316,912,0,ITH,ITH1,4,Provincia Autonoma Bolzano / Bozen,P.A. Bolzano,533050,191510,35.93,0.17
536,2021-01-26,PAB,810,291,519,673,129,0,0,3,1,0,0,0,4,1,809,ITH,ITH1,4,Provincia Autonoma Bolzano / Bozen,P.A. Bolzano,533050,192320,36.08,0.15
537,2021-01-03,PAB,41,16,25,33,5,0,0,0,0,1,0,0,2,41,0,ITH,ITH1,4,Provincia Autonoma Bolzano / Bozen,P.A. Bolzano,533050,192361,36.09,0.01
538,2021-03-26,PAB,1644,721,923,30,16,68,1,8,132,917,424,0,48,511,1133,ITH,ITH1,4,Provincia Autonoma Bolzano / Bozen,P.A. Bolzano,533050,194005,36.4,0.31
539,2021-04-01,PAB,2786,1407,1379,238,104,44,65,22,512,607,731,446,17,2642,144,ITH,ITH1,4,Provincia Autonoma Bolzano / Bozen,P.A. Bolzano,533050,196791,36.92,0.52
540,2021-03-16,PAB,1290,532,758,26,31,48,0,4,14,1160,4,2,1,124,1166,ITH,ITH1,4,Provincia Autonoma Bolzano / Bozen,P.A. Bolzano,533050,198081,37.16,0.24
541,2021-04-13,PAB,2391,1130,1261,23,4,1,6,1246,932,30,93,55,1,2384,7,ITH,ITH1,4,Provincia Autonoma Bolzano / Bozen,P.A. Bolzano,533050,200472,37.61,0.45
542,2021-01-16,PAB,2840,1265,1575,435,93,77,1,54,98,1976,0,0,106,2840,0,ITH,ITH1,4,Provincia Autonoma Bolzano / Bozen,P.A. Bolzano,533050,203312,38.14,0.53
543,2021-04-28,PAB,2458,1300,1158,78,56,10,59,1155,465,76,470,74,15,2455,3,ITH,ITH1,4,Provincia Autonoma Bolzano / Bozen,P.A. Bolzano,533050,205770,38.6,0.46
544,2021-02-07,PAB,2361,1057,1304,102,75,68,0,51,44,1951,0,0,70,14,2347,ITH,ITH1,4,Provincia Autonoma Bolzano / Bozen,P.A. Bolzano,533050,208131,39.05,0.44
545,2021-05-04,PAB,3447,1843,1604,48,38,11,78,499,388,77,2060,176,72,2410,1037,ITH,ITH1,4,Provincia Autonoma Bolzano / Bozen,P.A. Bolzano,533050,211578,39.69,0.65
546,2021-05-01,PAB,2104,1067,1037,121,30,0,90,773,308,62,480,217,23,1944,160,ITH,ITH1,4,Provincia Autonoma Bolzano / Bozen,P.A. Bolzano,533050,213682,40.09,0.39
547,2021-01-21,PAB,952,442,510,750,88,68,0,1,0,28,0,5,12,139,813,ITH,ITH1,4,Provincia Autonoma Bolzano / Bozen,P.A. Bolzano,533050,214634,40.27,0.18
548,2021-03-25,PAB,2141,1059,1082,230,72,27,47,24,843,305,298,268,27,1698,443,ITH,ITH1,4,Provincia Autonoma Bolzano / Bozen,P.A. Bolzano,533050,216775,40.67,0.4
549,2020-12-27,PAB,144,65,79,139,2,0,0,0,0,1,0,0,2,144,0,ITH,ITH1,4,Provincia Autonoma Bolzano / Bozen,P.A. Bolzano,533050,216919,40.69,0.03
550,2021-05-21,PAB,6809,3719,3090,80,47,20,1014,412,155,23,214,50,4794,5038,1771,ITH,ITH1,4,Provincia Autonoma Bolzano / Bozen,P.A. Bolzano,533050,223728,41.97,1.28
551,2021-03-24,PAB,2040,977,1063,13,16,7,29,6,1361,248,278,61,21,2027,13,ITH,ITH1,4,Provincia Autonoma Bolzano / Bozen,P.A. Bolzano,533050,225768,42.35,0.38
552,2021-01-05,PAB,830,286,544,734,62,0,0,8,2,0,0,0,24,830,0,ITH,ITH1,4,Provincia Autonoma Bolzano / Bozen,P.A. Bolzano,533050,226598,42.51,0.16
553,2021-03-23,PAB,1552,759,793,0,1,0,34,5,1156,215,58,69,14,1551,1,ITH,ITH1,4,Provincia Autonoma Bolzano / Bozen,P.A. Bolzano,533050,228150,42.8,0.29
554,2021-05-11,PAB,2842,1334,1508,11,5,11,823,179,165,21,482,19,1126,1320,1522,ITH,ITH1,4,Provincia Autonoma Bolzano / Bozen,P.A. Bolzano,533050,230992,43.33,0.53
555,2021-04-20,PAB,1559,782,777,10,13,12,8,617,363,46,478,9,3,1558,1,ITH,ITH1,4,Provincia Autonoma Bolzano / Bozen,P.A. Bolzano,533050,232551,43.63,0.29
556,2021-01-24,PAB,12,10,2,1,0,0,0,2,1,0,0,0,8,0,12,ITH,ITH1,4,Provincia Autonoma Bolzano / Bozen,P.A. Bolzano,533050,232563,43.63,0.0
557,2021-04-21,PAB,3009,1467,1542,112,12,2,11,1727,490,88,541,17,9,2161,848,ITH,ITH1,4,Provincia Autonoma Bolzano / Bozen,P.A. Bolzano,533050,235572,44.19,0.56
558,2021-02-17,PAB,156,51,105,18,7,0,0,0,2,128,1,0,0,139,17,ITH,ITH1,4,Provincia Autonoma Bolzano / Bozen,P.A. Bolzano,533050,235728,44.22,0.03
559,2021-04-19,PAB,1871,858,1013,44,22,1,11,1039,301,166,269,8,10,1689,182,ITH,ITH1,4,Provincia Autonoma Bolzano / Bozen,P.A. Bolzano,533050,237599,44.57,0.35
560,2021-03-14,PAB,758,336,422,130,11,33,0,3,7,562,1,2,9,25,733,ITH,ITH1,4,Provincia Autonoma Bolzano / Bozen,P.A. Bolzano,533050,238357,44.72,0.14
561,2021-01-30,PAB,498,245,253,217,46,101,0,29,2,0,0,0,103,4,494,ITH,ITH1,4,Provincia Autonoma Bolzano / Bozen,P.A. Bolzano,533050,238855,44.81,0.09
562,2021-05-09,PAB,4233,2404,1829,36,9,1,71,186,163,47,625,317,2778,3080,1153,ITH,ITH1,4,Provincia Autonoma Bolzano / Bozen,P.A. Bolzano,533050,243088,45.6,0.79
563,2021-05-10,PAB,3018,1300,1718,27,14,17,868,266,328,54,319,19,1106,1413,1605,ITH,ITH1,4,Provincia Autonoma Bolzano / Bozen,P.A. Bolzano,533050,246106,46.17,0.57
564,2021-04-27,PAB,2226,1013,1213,109,58,21,53,591,1115,78,118,76,7,1150,1076,ITH,ITH1,4,Provincia Autonoma Bolzano / Bozen,P.A. Bolzano,533050,248332,46.59,0.42
565,2021-02-23,PAB,769,324,445,0,0,0,86,2,1,673,0,0,7,763,6,ITH,ITH1,4,Provincia Autonoma Bolzano / Bozen,P.A. Bolzano,533050,249101,46.73,0.14
566,2021-04-15,PAB,4399,2307,2092,121,47,39,118,1385,736,174,1263,493,23,4136,263,ITH,ITH1,4,Provincia Autonoma Bolzano / Bozen,P.A. Bolzano,533050,253500,47.56,0.83
567,2021-05-19,PAB,3551,1807,1744,139,63,8,256,671,306,61,626,76,1345,1794,1757,ITH,ITH1,4,Provincia Autonoma Bolzano / Bozen,P.A. Bolzano,533050,257051,48.22,0.67
568,2021-03-28,PAB,569,212,357,45,38,0,2,6,5,470,2,0,1,11,558,ITH,ITH1,4,Provincia Autonoma Bolzano / Bozen,P.A. Bolzano,533050,257620,48.33,0.11
569,2021-05-22,PAB,6816,3549,3267,81,52,2,256,758,331,90,877,81,4288,4654,2162,ITH,ITH1,4,Provincia Autonoma Bolzano / Bozen,P.A. Bolzano,533050,264436,49.61,1.28
570,2021-01-12,PAB,1709,459,1250,369,228,479,0,54,43,134,0,0,402,1709,0,ITH,ITH1,4,Provincia Autonoma Bolzano / Bozen,P.A. Bolzano,533050,266145,49.93,0.32
571,2021-02-11,PAB,1092,431,661,215,92,104,0,4,2,589,57,0,29,239,853,ITH,ITH1,4,Provincia Autonoma Bolzano / Bozen,P.A. Bolzano,533050,267237,50.13,0.2
572,2021-04-29,PAB,2630,1351,1279,126,118,71,74,600,541,124,509,245,222,1936,694,ITH,ITH1,4,Provincia Autonoma Bolzano / Bozen,P.A. Bolzano,533050,269867,50.63,0.49
573,2021-02-10,PAB,1635,604,1031,489,166,1,0,18,5,872,0,1,83,26,1609,ITH,ITH1,4,Provincia Autonoma Bolzano / Bozen,P.A. Bolzano,533050,271502,50.93,0.31
574,2021-05-18,PAB,3285,1716,1569,38,17,2,44,664,300,52,293,62,1813,2121,1164,ITH,ITH1,4,Provincia Autonoma Bolzano / Bozen,P.A. Bolzano,533050,274787,51.55,0.62
575,2021-05-12,PAB,3776,2048,1728,64,31,3,63,293,69,27,582,74,2570,3623,153,ITH,ITH1,4,Provincia Autonoma Bolzano / Bozen,P.A. Bolzano,533050,278563,52.26,0.71
576,2021-01-01,PAB,6,5,1,6,0,0,0,0,0,0,0,0,0,6,0,ITH,ITH1,4,Provincia Autonoma Bolzano / Bozen,P.A. Bolzano,533050,278569,52.26,0.0
577,2021-05-16,PAB,2024,931,1093,2,3,0,654,59,46,8,113,12,1127,1330,694,ITH,ITH1,4,Provincia Autonoma Bolzano / Bozen,P.A. Bolzano,533050,280593,52.64,0.38
578,2021-01-29,PAB,1497,510,987,882,282,295,4,7,1,4,0,0,22,24,1473,ITH,ITH1,4,Provincia Autonoma Bolzano / Bozen,P.A. Bolzano,533050,282090,52.92,0.28
579,2021-03-18,PAB,1302,531,771,50,16,51,0,10,15,1056,69,0,35,226,1076,ITH,ITH1,4,Provincia Autonoma Bolzano / Bozen,P.A. Bolzano,533050,283392,53.16,0.24
580,2021-03-12,PAB,1664,734,930,150,173,82,101,9,268,524,134,204,19,1251,413,ITH,ITH1,4,Provincia Autonoma Bolzano / Bozen,P.A. Bolzano,533050,285056,53.48,0.31
581,2021-02-15,PAB,72,42,30,17,2,40,0,0,1,7,0,0,5,26,46,ITH,ITH1,4,Provincia Autonoma Bolzano / Bozen,P.A. Bolzano,533050,285128,53.49,0.01
582,2021-03-07,MOL,1131,501,630,2,16,0,0,0,0,1113,0,0,0,1129,2,ITF,ITF2,14,Molise,Molise,305617,1131,0.37,0.37
583,2021-02-23,MOL,582,223,359,137,39,61,1,0,0,340,0,0,4,363,219,ITF,ITF2,14,Molise,Molise,305617,1713,0.56,0.19
584,2021-03-21,MOL,1246,542,704,14,1,0,0,0,2,1090,133,0,6,479,767,ITF,ITF2,14,Molise,Molise,305617,2959,0.97,0.41
585,2021-01-13,MOL,474,160,314,256,69,144,1,1,1,0,0,0,2,474,0,ITF,ITF2,14,Molise,Molise,305617,3433,1.12,0.16
586,2021-05-01,MOL,2631,1262,1369,9,3,2,7,28,187,141,2158,4,92,410,2221,ITF,ITF2,14,Molise,Molise,305617,6064,1.98,0.86
587,2021-02-02,MOL,539,176,363,295,64,180,0,0,0,0,0,0,0,216,323,ITF,ITF2,14,Molise,Molise,305617,6603,2.16,0.18
588,2021-03-12,MOL,1459,637,822,42,33,0,505,0,1,719,35,116,8,1423,36,ITF,ITF2,14,Molise,Molise,305617,8062,2.64,0.48
589,2021-04-21,MOL,1861,788,1073,19,5,1,26,19,713,420,635,6,17,966,895,ITF,ITF2,14,Molise,Molise,305617,9923,3.25,0.61
590,2021-03-24,MOL,1630,658,972,77,57,0,450,2,3,707,275,48,11,1228,402,ITF,ITF2,14,Molise,Molise,305617,11553,3.78,0.53
591,2021-03-23,MOL,1642,694,948,76,8,6,454,2,4,606,367,97,22,1435,207,ITF,ITF2,14,Molise,Molise,305617,13195,4.32,0.54
592,2021-05-09,MOL,2040,927,1113,5,4,0,15,819,742,26,401,12,16,1944,96,ITF,ITF2,14,Molise,Molise,305617,15235,4.98,0.67
593,2021-05-21,MOL,2017,1010,1007,66,14,2,66,276,49,13,140,127,1264,1706,311,ITF,ITF2,14,Molise,Molise,305617,17252,5.64,0.66
594,2021-04-18,MOL,611,264,347,0,0,0,1,1,87,326,191,0,5,104,507,ITF,ITF2,14,Molise,Molise,305617,17863,5.84,0.2
595,2020-12-27,MOL,50,20,30,29,4,17,0,0,0,0,0,0,0,50,0,ITF,ITF2,14,Molise,Molise,305617,17913,5.86,0.02
596,2021-01-08,MOL,429,141,288,244,7,120,0,13,0,0,0,0,45,429,0,ITF,ITF2,14,Molise,Molise,305617,18342,6.0,0.14
597,2021-03-14,MOL,595,239,356,2,0,0,0,1,1,582,7,0,2,17,578,ITF,ITF2,14,Molise,Molise,305617,18937,6.2,0.19
598,2021-02-18,MOL,319,74,245,296,8,0,0,0,0,0,0,0,15,306,13,ITF,ITF2,14,Molise,Molise,305617,19256,6.3,0.1
599,2021-04-24,MOL,2081,975,1106,11,3,0,17,4,221,355,1463,3,4,608,1473,ITF,ITF2,14,Molise,Molise,305617,21337,6.98,0.68
600,2021-02-28,MOL,829,331,498,38,3,27,0,0,0,761,0,0,0,787,42,ITF,ITF2,14,Molise,Molise,305617,22166,7.25,0.27
601,2021-01-10,MOL,270,72,198,82,19,169,0,0,0,0,0,0,0,270,0,ITF,ITF2,14,Molise,Molise,305617,22436,7.34,0.09
602,2021-04-27,MOL,1590,765,825,29,8,17,1,3,121,247,1128,1,35,462,1128,ITF,ITF2,14,Molise,Molise,305617,24026,7.86,0.52
603,2021-01-26,MOL,450,184,266,444,0,0,1,2,0,0,0,0,3,8,442,ITF,ITF2,14,Molise,Molise,305617,24476,8.01,0.15
604,2021-04-06,MOL,1493,700,793,33,9,9,1,2,5,254,1160,18,2,1150,343,ITF,ITF2,14,Molise,Molise,305617,25969,8.5,0.49
605,2021-02-21,MOL,573,227,346,1,1,0,0,0,1,570,0,0,0,571,2,ITF,ITF2,14,Molise,Molise,305617,26542,8.68,0.19
606,2021-02-09,MOL,359,170,189,161,83,110,0,0,0,0,0,0,5,197,162,ITF,ITF2,14,Molise,Molise,305617,26901,8.8,0.12
607,2021-01-31,MOL,268,70,198,85,18,164,1,0,0,0,0,0,0,6,262,ITF,ITF2,14,Molise,Molise,305617,27169,8.89,0.09
608,2021-02-19,MOL,169,93,76,95,70,1,3,0,0,0,0,0,0,167,2,ITF,ITF2,14,Molise,Molise,305617,27338,8.95,0.06
609,2021-04-20,MOL,2311,1020,1291,23,7,1,23,11,740,420,1052,18,16,1219,1092,ITF,ITF2,14,Molise,Molise,305617,29649,9.7,0.76
610,2021-04-28,MOL,1672,903,769,10,4,5,34,128,172,130,1110,4,75,455,1217,ITF,ITF2,14,Molise,Molise,305617,31321,10.25,0.55
611,2021-05-05,MOL,2413,1042,1371,38,7,2,1,753,508,110,930,62,2,2272,141,ITF,ITF2,14,Molise,Molise,305617,33734,11.04,0.79
612,2021-01-28,MOL,613,217,396,430,9,154,1,4,1,0,0,0,14,17,596,ITF,ITF2,14,Molise,Molise,305617,34347,11.24,0.2
613,2021-03-15,MOL,832,338,494,137,43,67,297,24,4,118,31,61,50,587,245,ITF,ITF2,14,Molise,Molise,305617,35179,11.51,0.27
614,2021-03-30,MOL,2003,857,1146,46,1,1,424,4,6,592,823,82,24,1491,512,ITF,ITF2,14,Molise,Molise,305617,37182,12.17,0.66
615,2021-05-03,MOL,2480,1162,1318,5,3,0,1,274,856,88,1171,35,47,2317,163,ITF,ITF2,14,Molise,Molise,305617,39662,12.98,0.81
616,2021-03-10,MOL,1737,720,1017,188,7,1,509,2,5,757,54,187,27,1687,50,ITF,ITF2,14,Molise,Molise,305617,41399,13.55,0.57
617,2021-04-17,MOL,1691,826,865,5,3,0,3,1,170,553,917,34,5,963,728,ITF,ITF2,14,Molise,Molise,305617,43090,14.1,0.55
618,2021-02-27,MOL,1366,568,798,25,29,14,1,1,0,1290,0,0,6,1347,19,ITF,ITF2,14,Molise,Molise,305617,44456,14.55,0.45
619,2021-01-22,MOL,126,35,91,21,32,73,0,0,0,0,0,0,0,126,0,ITF,ITF2,14,Molise,Molise,305617,44582,14.59,0.04
620,2021-04-13,MOL,1615,710,905,7,4,1,1,12,910,322,350,1,7,1028,587,ITF,ITF2,14,Molise,Molise,305617,46197,15.12,0.53
621,2021-03-22,MOL,1146,439,707,106,5,2,458,7,3,255,216,59,35,903,243,ITF,ITF2,14,Molise,Molise,305617,47343,15.49,0.37
622,2021-04-10,MOL,2562,1234,1328,10,4,0,19,1,12,239,2266,9,2,2411,151,ITF,ITF2,14,Molise,Molise,305617,49905,16.33,0.84
623,2021-03-16,MOL,614,230,384,13,4,11,0,3,7,395,173,4,4,267,347,ITF,ITF2,14,Molise,Molise,305617,50519,16.53,0.2
624,2021-02-05,MOL,593,269,324,460,22,63,0,13,0,0,0,0,35,55,538,ITF,ITF2,14,Molise,Molise,305617,51112,16.72,0.19
625,2021-03-17,MOL,908,385,523,48,25,42,1,8,4,573,176,13,18,576,332,ITF,ITF2,14,Molise,Molise,305617,52020,17.02,0.3
626,2021-05-08,MOL,2970,1452,1518,55,4,0,35,693,255,79,1790,44,15,1726,1244,ITF,ITF2,14,Molise,Molise,305617,54990,17.99,0.97
627,2021-04-26,MOL,1154,519,635,7,0,0,1,3,109,215,807,10,2,825,329,ITF,ITF2,14,Molise,Molise,305617,56144,18.37,0.38
628,2021-02-08,MOL,334,141,193,206,39,85,0,3,0,0,0,0,1,216,118,ITF,ITF2,14,Molise,Molise,305617,56478,18.48,0.11
629,2021-05-23,MOL,1588,802,786,5,0,3,0,17,7,1,15,2,1538,1584,4,ITF,ITF2,14,Molise,Molise,305617,58066,19.0,0.52
630,2021-02-22,MOL,265,129,136,56,65,62,0,27,0,8,0,0,47,250,15,ITF,ITF2,14,Molise,Molise,305617,58331,19.09,0.09
631,2021-03-19,MOL,1184,482,702,32,1,9,248,2,4,727,155,2,4,757,427,ITF,ITF2,14,Molise,Molise,305617,59515,19.47,0.39
632,2021-02-01,MOL,562,201,361,301,144,111,1,1,0,0,0,0,4,14,548,ITF,ITF2,14,Molise,Molise,305617,60077,19.66,0.18
633,2021-03-28,MOL,1592,741,851,155,15,0,1,0,1,1185,233,1,1,490,1102,ITF,ITF2,14,Molise,Molise,305617,61669,20.18,0.52
634,2021-05-19,MOL,2335,1205,1130,51,2,4,99,815,96,6,241,111,910,1912,423,ITF,ITF2,14,Molise,Molise,305617,64004,20.94,0.76
635,2021-04-19,MOL,1825,842,983,18,5,51,7,16,664,254,764,24,22,1048,777,ITF,ITF2,14,Molise,Molise,305617,65829,21.54,0.6
636,2021-01-17,MOL,78,38,40,78,0,0,0,0,0,0,0,0,0,48,30,ITF,ITF2,14,Molise,Molise,305617,65907,21.57,0.03
637,2021-05-13,MOL,3037,1409,1628,34,12,18,16,1871,288,45,674,13,66,2580,457,ITF,ITF2,14,Molise,Molise,305617,68944,22.56,0.99
638,2021-05-16,MOL,1246,570,676,1,0,0,0,439,80,51,169,0,506,1064,182,ITF,ITF2,14,Molise,Molise,305617,70190,22.97,0.41
639,2021-01-29,MOL,421,136,285,227,23,109,3,12,0,0,0,0,47,6,415,ITF,ITF2,14,Molise,Molise,305617,70611,23.1,0.14
640,2021-03-29,MOL,2033,835,1198,108,8,5,525,4,55,514,775,22,17,1547,486,ITF,ITF2,14,Molise,Molise,305617,72644,23.77,0.67
641,2021-05-18,MOL,1634,872,762,81,66,5,88,432,77,21,306,172,386,979,655,ITF,ITF2,14,Molise,Molise,305617,74278,24.3,0.53
642,2021-04-15,MOL,1899,779,1120,3,3,0,27,7,692,649,500,4,14,1061,838,ITF,ITF2,14,Molise,Molise,305617,76177,24.93,0.62
643,2021-03-18,MOL,1156,476,680,73,10,45,0,2,3,855,157,0,11,692,464,ITF,ITF2,14,Molise,Molise,305617,77333,25.3,0.38
644,2021-01-12,MOL,336,114,222,132,74,129,0,0,0,0,0,0,1,336,0,ITF,ITF2,14,Molise,Molise,305617,77669,25.41,0.11
645,2021-03-05,MOL,1219,649,570,322,5,0,73,9,2,618,0,151,39,1015,204,ITF,ITF2,14,Molise,Molise,305617,78888,25.81,0.4
646,2021-05-14,MOL,2642,1213,1429,72,4,0,70,1304,67,67,1007,9,42,1924,718,ITF,ITF2,14,Molise,Molise,305617,81530,26.68,0.86
647,2021-02-24,MOL,666,278,388,242,66,44,1,6,7,274,0,0,26,333,333,ITF,ITF2,14,Molise,Molise,305617,82196,26.9,0.22
648,2021-01-09,MOL,450,152,298,221,27,178,0,5,0,0,0,0,19,450,0,ITF,ITF2,14,Molise,Molise,305617,82646,27.04,0.15
649,2021-02-16,MOL,156,70,86,148,5,0,0,2,0,0,0,0,1,150,6,ITF,ITF2,14,Molise,Molise,305617,82802,27.09,0.05
650,2021-03-20,MOL,2320,968,1352,28,23,0,222,1,6,1857,147,21,15,999,1321,ITF,ITF2,14,Molise,Molise,305617,85122,27.85,0.76
651,2021-02-07,MOL,66,32,34,49,1,16,0,0,0,0,0,0,0,19,47,ITF,ITF2,14,Molise,Molise,305617,85188,27.87,0.02
652,2021-02-17,MOL,72,32,40,47,10,6,0,0,0,1,0,0,8,57,15,ITF,ITF2,14,Molise,Molise,305617,85260,27.9,0.02
653,2021-05-06,MOL,2679,1214,1465,246,35,29,26,963,351,162,715,113,39,2081,598,ITF,ITF2,14,Molise,Molise,305617,87939,28.77,0.88
654,2021-01-30,MOL,461,158,303,189,52,180,0,6,0,0,0,0,34,12,449,ITF,ITF2,14,Molise,Molise,305617,88400,28.93,0.15
655,2021-03-25,MOL,1806,730,1076,53,4,18,493,3,10,832,269,107,17,1309,497,ITF,ITF2,14,Molise,Molise,305617,90206,29.52,0.59
656,2021-05-11,MOL,3205,1413,1792,147,3,0,116,1452,447,102,862,11,65,2955,250,ITF,ITF2,14,Molise,Molise,305617,93411,30.56,1.05
657,2021-05-20,MOL,2514,1276,1238,21,2,3,7,147,170,35,287,82,1760,2383,131,ITF,ITF2,14,Molise,Molise,305617,95925,31.39,0.82
658,2021-04-29,MOL,2231,1140,1091,108,2,2,7,8,148,164,1715,31,46,887,1344,ITF,ITF2,14,Molise,Molise,305617,98156,32.12,0.73
659,2021-03-04,MOL,850,417,433,252,20,69,0,0,1,469,0,36,3,526,324,ITF,ITF2,14,Molise,Molise,305617,99006,32.4,0.28
660,2021-01-14,MOL,646,239,407,418,102,115,0,2,0,0,0,0,9,646,0,ITF,ITF2,14,Molise,Molise,305617,99652,32.61,0.21
661,2021-04-01,MOL,1454,662,792,27,18,21,20,0,2,720,578,62,6,729,725,ITF,ITF2,14,Molise,Molise,305617,101106,33.08,0.48
662,2021-04-25,MOL,788,394,394,2,1,0,0,0,219,62,504,0,0,559,229,ITF,ITF2,14,Molise,Molise,305617,101894,33.34,0.26
663,2021-04-05,MOL,389,188,201,1,0,0,0,1,1,113,273,0,0,290,99,ITF,ITF2,14,Molise,Molise,305617,102283,33.47,0.13
664,2021-01-16,MOL,420,166,254,270,16,127,0,1,0,0,0,0,6,420,0,ITF,ITF2,14,Molise,Molise,305617,102703,33.61,0.14
665,2021-04-03,MOL,1766,848,918,28,74,0,26,13,16,267,1323,7,12,1732,34,ITF,ITF2,14,Molise,Molise,305617,104469,34.18,0.58
666,2021-03-06,MOL,1728,807,921,156,18,0,0,2,4,1395,0,152,1,1569,159,ITF,ITF2,14,Molise,Molise,305617,106197,34.75,0.57
667,2021-03-03,MOL,672,316,356,63,4,48,127,0,0,385,0,45,0,590,82,ITF,ITF2,14,Molise,Molise,305617,106869,34.97,0.22
668,2021-01-06,MOL,689,260,429,456,26,171,0,1,2,21,0,0,12,689,0,ITF,ITF2,14,Molise,Molise,305617,107558,35.19,0.23
669,2021-04-30,MOL,2914,1542,1372,28,0,2,2,8,272,122,2466,0,14,828,2086,ITF,ITF2,14,Molise,Molise,305617,110472,36.15,0.95
670,2021-04-23,MOL,2048,881,1167,50,18,0,20,7,605,226,1106,11,5,1389,659,ITF,ITF2,14,Molise,Molise,305617,112520,36.82,0.67
671,2021-01-05,MOL,449,180,269,441,0,0,0,1,0,0,0,0,7,449,0,ITF,ITF2,14,Molise,Molise,305617,112969,36.96,0.15
672,2021-02-03,MOL,731,249,482,391,112,180,1,4,3,0,0,0,40,338,393,ITF,ITF2,14,Molise,Molise,305617,113700,37.2,0.24
673,2021-01-19,MOL,173,63,110,90,57,22,2,0,0,0,0,0,2,162,11,ITF,ITF2,14,Molise,Molise,305617,113873,37.26,0.06
674,2021-01-15,MOL,538,242,296,398,17,81,0,8,0,0,0,0,34,538,0,ITF,ITF2,14,Molise,Molise,305617,114411,37.44,0.18
675,2021-01-04,MOL,314,131,183,301,0,0,0,2,0,0,0,0,11,314,0,ITF,ITF2,14,Molise,Molise,305617,114725,37.54,0.1
676,2021-04-16,MOL,2411,1027,1384,56,5,11,8,7,693,738,880,7,6,1184,1227,ITF,ITF2,14,Molise,Molise,305617,117136,38.33,0.79
677,2021-02-25,MOL,541,239,302,68,3,28,0,6,0,434,0,0,2,473,68,ITF,ITF2,14,Molise,Molise,305617,117677,38.5,0.18
678,2021-02-06,MOL,429,179,250,276,14,130,1,2,0,0,0,0,6,29,400,ITF,ITF2,14,Molise,Molise,305617,118106,38.65,0.14
679,2021-04-09,MOL,2296,1240,1056,33,10,1,1,93,10,136,2004,2,6,2105,191,ITF,ITF2,14,Molise,Molise,305617,120402,39.4,0.75
680,2021-05-22,MOL,1305,705,600,5,18,2,2,215,40,8,63,54,898,1223,82,ITF,ITF2,14,Molise,Molise,305617,121707,39.82,0.43
681,2021-05-07,MOL,2641,1226,1415,97,28,4,23,603,437,67,1302,70,10,2044,597,ITF,ITF2,14,Molise,Molise,305617,124348,40.69,0.86
682,2021-03-08,MOL,1379,522,857,359,51,23,405,2,1,411,36,76,15,1239,140,ITF,ITF2,14,Molise,Molise,305617,125727,41.14,0.45
683,2021-05-02,MOL,1878,925,953,1,3,0,0,113,23,38,1659,1,40,575,1303,ITF,ITF2,14,Molise,Molise,305617,127605,41.75,0.61
684,2021-02-12,MOL,330,149,181,224,13,72,2,7,1,0,0,0,11,208,122,ITF,ITF2,14,Molise,Molise,305617,127935,41.86,0.11
685,2021-01-07,MOL,598,209,389,414,2,145,0,5,1,4,0,0,27,598,0,ITF,ITF2,14,Molise,Molise,305617,128533,42.06,0.2
686,2021-04-22,MOL,1835,858,977,12,2,6,5,19,753,338,682,8,10,1064,771,ITF,ITF2,14,Molise,Molise,305617,130368,42.66,0.6
687,2021-01-20,MOL,18,8,10,14,4,0,0,0,0,0,0,0,0,18,0,ITF,ITF2,14,Molise,Molise,305617,130386,42.66,0.01
688,2021-01-25,MOL,319,130,189,317,0,0,2,0,0,0,0,0,0,3,316,ITF,ITF2,14,Molise,Molise,305617,130705,42.77,0.1
689,2021-03-11,MOL,1463,636,827,42,2,14,499,4,2,699,12,185,4,1457,6,ITF,ITF2,14,Molise,Molise,305617,132168,43.25,0.48
690,2021-01-11,MOL,557,194,363,196,243,111,0,1,0,0,0,0,6,557,0,ITF,ITF2,14,Molise,Molise,305617,132725,43.43,0.18
691,2021-04-11,MOL,1151,581,570,0,5,0,0,1,1,48,1092,0,4,1138,13,ITF,ITF2,14,Molise,Molise,305617,133876,43.81,0.38
692,2021-05-17,MOL,2214,1085,1129,23,9,44,142,610,56,45,342,10,933,1727,487,ITF,ITF2,14,Molise,Molise,305617,136090,44.53,0.72
693,2021-02-04,MOL,758,295,463,502,95,141,1,3,0,0,0,0,16,77,681,ITF,ITF2,14,Molise,Molise,305617,136848,44.78,0.25
694,2021-04-08,MOL,1754,900,854,105,15,8,35,5,3,195,1369,8,11,1553,201,ITF,ITF2,14,Molise,Molise,305617,138602,45.35,0.57
695,2021-04-07,MOL,1687,847,840,36,12,63,80,10,3,133,1315,29,6,1412,275,ITF,ITF2,14,Molise,Molise,305617,140289,45.9,0.55
696,2021-04-04,MOL,253,141,112,1,0,0,0,0,0,3,248,0,1,238,15,ITF,ITF2,14,Molise,Molise,305617,140542,45.99,0.08
697,2021-02-11,MOL,293,133,160,225,19,45,1,0,0,0,0,3,0,257,36,ITF,ITF2,14,Molise,Molise,305617,140835,46.08,0.1
698,2021-05-12,MOL,2846,1291,1555,60,22,1,18,1698,367,55,561,19,45,2750,96,ITF,ITF2,14,Molise,Molise,305617,143681,47.01,0.93
699,2021-03-13,MOL,1189,594,595,29,5,6,0,5,4,981,6,151,2,200,989,ITF,ITF2,14,Molise,Molise,305617,144870,47.4,0.39
700,2021-03-31,MOL,2193,919,1274,202,13,32,263,10,18,826,708,96,25,1374,819,ITF,ITF2,14,Molise,Molise,305617,147063,48.12,0.72
701,2021-03-02,MOL,667,383,284,98,106,51,151,0,0,139,0,113,9,509,158,ITF,ITF2,14,Molise,Molise,305617,147730,48.34,0.22
702,2021-03-01,MOL,661,274,387,200,36,108,147,8,1,135,0,2,24,447,214,ITF,ITF2,14,Molise,Molise,305617,148391,48.55,0.22
703,2021-03-26,MOL,2574,1045,1529,72,64,23,548,7,16,1014,747,70,13,1932,642,ITF,ITF2,14,Molise,Molise,305617,150965,49.4,0.84
704,2021-02-15,MOL,144,70,74,117,10,15,0,0,0,0,0,0,2,141,3,ITF,ITF2,14,Molise,Molise,305617,151109,49.44,0.05
705,2021-01-18,MOL,114,48,66,97,14,0,0,1,0,0,0,0,2,114,0,ITF,ITF2,14,Molise,Molise,305617,151223,49.48,0.04
706,2021-02-10,MOL,150,78,72,91,6,53,0,0,0,0,0,0,0,130,20,ITF,ITF2,14,Molise,Molise,305617,151373,49.53,0.05
707,2021-04-14,MOL,1787,761,1026,44,1,11,3,5,974,431,309,5,4,1135,652,ITF,ITF2,14,Molise,Molise,305617,153160,50.12,0.58
708,2021-02-20,MOL,1018,441,577,20,5,8,0,0,1,983,0,0,1,998,20,ITF,ITF2,14,Molise,Molise,305617,154178,50.45,0.33
709,2021-04-12,MOL,1261,547,714,17,2,1,0,13,945,88,189,1,5,1019,242,ITF,ITF2,14,Molise,Molise,305617,155439,50.86,0.41
710,2021-05-04,MOL,2702,1179,1523,17,4,1,2,863,494,122,1197,0,2,2574,128,ITF,ITF2,14,Molise,Molise,305617,158141,51.74,0.88
711,2021-05-24,MOL,1854,812,1042,128,34,2,360,294,246,5,29,77,679,1258,596,ITF,ITF2,14,Molise,Molise,305617,159995,52.35,0.61
712,2021-05-10,MOL,2888,1285,1603,30,3,1,12,981,899,76,853,18,15,2515,373,ITF,ITF2,14,Molise,Molise,305617,162883,53.3,0.94
713,2021-02-13,MOL,132,80,52,129,3,0,0,0,0,0,0,0,0,132,0,ITF,ITF2,14,Molise,Molise,305617,163015,53.34,0.04
714,2021-01-27,MOL,674,251,423,436,12,209,1,10,0,0,0,1,5,8,666,ITF,ITF2,14,Molise,Molise,305617,163689,53.56,0.22
715,2021-05-15,MOL,2978,1397,1581,14,9,0,6,1213,239,62,665,5,765,2594,384,ITF,ITF2,14,Molise,Molise,305617,166667,54.53,0.97
716,2021-02-26,MOL,563,260,303,42,7,3,55,9,1,406,1,0,39,490,73,ITF,ITF2,14,Molise,Molise,305617,167230,54.72,0.18
717,2021-03-09,MOL,1329,579,750,199,6,0,393,4,1,409,76,218,23,1177,152,ITF,ITF2,14,Molise,Molise,305617,168559,55.15,0.43
718,2021-03-27,MOL,2738,1272,1466,18,58,0,1,6,4,1908,717,23,3,1305,1433,ITF,ITF2,14,Molise,Molise,305617,171297,56.05,0.9
719,2021-04-02,MOL,1405,691,714,47,77,0,2,8,8,663,477,105,18,644,761,ITF,ITF2,14,Molise,Molise,305617,172702,56.51,0.46
720,2021-01-21,MOL,6,2,4,0,6,0,0,0,0,0,0,0,0,6,0,ITF,ITF2,14,Molise,Molise,305617,172708,56.51,0.0
721,2021-05-06,PAT,5502,2724,2778,108,138,17,53,1581,540,379,389,195,2102,4724,778,ITH,ITH2,4,Provincia Autonoma Trento,P.A. Trento,541380,5502,1.02,1.02
722,2021-01-30,PAT,386,132,254,346,7,32,1,0,0,0,0,0,0,152,234,ITH,ITH2,4,Provincia Autonoma Trento,P.A. Trento,541380,5888,1.09,0.07
723,2021-03-05,PAT,2242,703,1539,126,70,102,788,5,24,957,1,159,10,1676,566,ITH,ITH2,4,Provincia Autonoma Trento,P.A. Trento,541380,8130,1.5,0.41
724,2021-01-14,PAT,699,203,496,482,6,208,0,0,0,0,0,0,3,699,0,ITH,ITH2,4,Provincia Autonoma Trento,P.A. Trento,541380,8829,1.63,0.13
725,2021-05-10,PAT,3205,1644,1561,46,35,2,47,785,232,364,332,101,1261,2701,504,ITH,ITH2,4,Provincia Autonoma Trento,P.A. Trento,541380,12034,2.22,0.59
726,2021-01-24,PAT,547,276,271,535,12,0,0,0,0,0,0,0,0,224,323,ITH,ITH2,4,Provincia Autonoma Trento,P.A. Trento,541380,12581,2.32,0.1
727,2021-03-15,PAT,1410,545,865,58,130,26,174,3,285,624,15,56,39,946,464,ITH,ITH2,4,Provincia Autonoma Trento,P.A. Trento,541380,13991,2.58,0.26
728,2021-05-11,PAT,3678,1743,1935,53,103,6,154,572,191,488,231,61,1819,2845,833,ITH,ITH2,4,Provincia Autonoma Trento,P.A. Trento,541380,17669,3.26,0.68
729,2021-04-29,PAT,4620,2232,2388,82,86,10,37,2509,1207,188,463,4,34,4411,209,ITH,ITH2,4,Provincia Autonoma Trento,P.A. Trento,541380,22289,4.12,0.85
730,2021-05-20,PAT,4862,2291,2571,126,133,9,254,504,289,799,365,138,2245,3278,1584,ITH,ITH2,4,Provincia Autonoma Trento,P.A. Trento,541380,27151,5.02,0.9
731,2021-03-21,PAT,129,69,60,34,1,0,18,2,18,0,56,0,0,129,0,ITH,ITH2,4,Provincia Autonoma Trento,P.A. Trento,541380,27280,5.04,0.02
732,2021-01-21,PAT,351,94,257,320,13,16,0,0,0,0,0,0,2,228,123,ITH,ITH2,4,Provincia Autonoma Trento,P.A. Trento,541380,27631,5.1,0.06
733,2021-03-04,PAT,2355,791,1564,161,26,23,351,14,12,1727,0,19,22,1577,778,ITH,ITH2,4,Provincia Autonoma Trento,P.A. Trento,541380,29986,5.54,0.43
734,2021-04-25,PAT,1969,938,1031,9,4,0,0,1304,215,31,384,0,22,1963,6,ITH,ITH2,4,Provincia Autonoma Trento,P.A. Trento,541380,31955,5.9,0.36
735,2021-04-14,PAT,3112,1463,1649,116,51,7,7,98,1487,1019,311,2,14,2376,736,ITH,ITH2,4,Provincia Autonoma Trento,P.A. Trento,541380,35067,6.48,0.57
736,2021-03-03,PAT,1656,622,1034,74,11,60,205,5,5,1267,3,19,7,1139,517,ITH,ITH2,4,Provincia Autonoma Trento,P.A. Trento,541380,36723,6.78,0.31
737,2021-04-05,PAT,34,17,17,1,0,0,1,21,11,0,0,0,0,33,1,ITH,ITH2,4,Provincia Autonoma Trento,P.A. Trento,541380,36757,6.79,0.01
738,2021-04-19,PAT,2622,1235,1387,41,12,0,6,592,906,314,682,2,67,2599,23,ITH,ITH2,4,Provincia Autonoma Trento,P.A. Trento,541380,39379,7.27,0.48
739,2021-02-23,PAT,1108,395,713,272,13,17,50,1,0,751,0,3,1,897,211,ITH,ITH2,4,Provincia Autonoma Trento,P.A. Trento,541380,40487,7.48,0.2
740,2021-01-13,PAT,421,123,298,392,6,23,0,0,0,0,0,0,0,421,0,ITH,ITH2,4,Provincia Autonoma Trento,P.A. Trento,541380,40908,7.56,0.08
741,2021-03-07,PAT,22,6,16,0,0,0,22,0,0,0,0,0,0,22,0,ITH,ITH2,4,Provincia Autonoma Trento,P.A. Trento,541380,40930,7.56,0.0
742,2021-01-27,PAT,802,277,525,463,33,304,0,0,0,1,0,0,1,91,711,ITH,ITH2,4,Provincia Autonoma Trento,P.A. Trento,541380,41732,7.71,0.15
743,2021-04-15,PAT,3180,1437,1743,183,112,16,3,129,1514,528,685,1,9,3027,153,ITH,ITH2,4,Provincia Autonoma Trento,P.A. Trento,541380,44912,8.3,0.59
744,2021-03-18,PAT,2317,957,1360,64,1,2,3,9,536,1674,17,2,9,1238,1079,ITH,ITH2,4,Provincia Autonoma Trento,P.A. Trento,541380,47229,8.72,0.43
745,2021-05-23,PAT,1950,992,958,9,20,0,139,33,1183,23,153,8,382,447,1503,ITH,ITH2,4,Provincia Autonoma Trento,P.A. Trento,541380,49179,9.08,0.36
746,2021-02-13,PAT,536,333,203,373,4,0,0,1,0,158,0,0,0,171,365,ITH,ITH2,4,Provincia Autonoma Trento,P.A. Trento,541380,49715,9.18,0.1
747,2021-03-27,PAT,1615,709,906,271,363,0,166,12,352,61,228,135,27,1363,252,ITH,ITH2,4,Provincia Autonoma Trento,P.A. Trento,541380,51330,9.48,0.3
748,2021-02-12,PAT,1010,340,670,335,54,55,0,2,9,553,0,0,2,589,421,ITH,ITH2,4,Provincia Autonoma Trento,P.A. Trento,541380,52340,9.67,0.19
749,2021-05-15,PAT,1567,815,752,375,91,0,63,111,51,25,353,51,447,679,888,ITH,ITH2,4,Provincia Autonoma Trento,P.A. Trento,541380,53907,9.96,0.29
750,2021-01-29,PAT,1352,331,1021,724,74,542,0,0,0,3,0,0,9,55,1297,ITH,ITH2,4,Provincia Autonoma Trento,P.A. Trento,541380,55259,10.21,0.25
751,2021-03-20,PAT,872,402,470,154,97,0,69,0,343,78,127,0,4,670,202,ITH,ITH2,4,Provincia Autonoma Trento,P.A. Trento,541380,56131,10.37,0.16
752,2021-05-18,PAT,4225,1995,2230,25,36,1,206,617,247,449,207,101,2336,3395,830,ITH,ITH2,4,Provincia Autonoma Trento,P.A. Trento,541380,60356,11.15,0.78
753,2021-05-16,PAT,1302,717,585,149,39,0,10,35,12,25,82,58,892,1064,238,ITH,ITH2,4,Provincia Autonoma Trento,P.A. Trento,541380,61658,11.39,0.24
754,2021-03-10,PAT,2411,928,1483,356,36,25,327,4,10,1421,2,223,7,1490,921,ITH,ITH2,4,Provincia Autonoma Trento,P.A. Trento,541380,64069,11.83,0.45
755,2021-01-09,PAT,190,40,150,146,13,31,0,0,0,0,0,0,0,190,0,ITH,ITH2,4,Provincia Autonoma Trento,P.A. Trento,541380,64259,11.87,0.04
756,2021-03-08,PAT,1398,433,965,65,15,0,279,2,6,1017,1,7,6,1045,353,ITH,ITH2,4,Provincia Autonoma Trento,P.A. Trento,541380,65657,12.13,0.26
757,2021-05-07,PAT,5981,3076,2905,78,126,12,149,1182,508,521,459,216,2730,5146,835,ITH,ITH2,4,Provincia Autonoma Trento,P.A. Trento,541380,71638,13.23,1.1
758,2021-03-29,PAT,2455,957,1498,98,29,5,92,33,802,1006,100,4,286,1720,735,ITH,ITH2,4,Provincia Autonoma Trento,P.A. Trento,541380,74093,13.69,0.45
759,2021-05-13,PAT,3403,1578,1825,110,299,8,175,562,369,625,203,51,1001,2305,1098,ITH,ITH2,4,Provincia Autonoma Trento,P.A. Trento,541380,77496,14.31,0.63
760,2021-04-17,PAT,2202,1120,1082,14,2,0,0,146,1503,77,453,0,7,2145,57,ITH,ITH2,4,Provincia Autonoma Trento,P.A. Trento,541380,79698,14.72,0.41
761,2021-01-22,PAT,1668,433,1235,904,121,631,3,3,5,1,0,0,0,329,1339,ITH,ITH2,4,Provincia Autonoma Trento,P.A. Trento,541380,81366,15.03,0.31
762,2021-02-16,PAT,663,244,419,73,2,3,10,0,8,563,0,0,4,658,5,ITH,ITH2,4,Provincia Autonoma Trento,P.A. Trento,541380,82029,15.15,0.12
763,2021-02-24,PAT,1318,523,795,236,5,29,66,4,2,974,1,1,0,922,396,ITH,ITH2,4,Provincia Autonoma Trento,P.A. Trento,541380,83347,15.4,0.24
764,2021-01-23,PAT,577,334,243,487,2,88,0,0,0,0,0,0,0,388,189,ITH,ITH2,4,Provincia Autonoma Trento,P.A. Trento,541380,83924,15.5,0.11
765,2021-03-02,PAT,1304,440,864,138,16,55,148,4,9,925,1,1,7,928,376,ITH,ITH2,4,Provincia Autonoma Trento,P.A. Trento,541380,85228,15.74,0.24
766,2021-04-08,PAT,3114,1294,1820,186,25,46,41,57,1024,1413,309,3,10,1996,1118,ITH,ITH2,4,Provincia Autonoma Trento,P.A. Trento,541380,88342,16.32,0.58
767,2021-04-07,PAT,2597,1011,1586,264,26,29,102,19,636,1364,132,10,15,1656,941,ITH,ITH2,4,Provincia Autonoma Trento,P.A. Trento,541380,90939,16.8,0.48
768,2021-03-13,PAT,830,380,450,203,16,30,259,0,0,44,0,278,0,782,48,ITH,ITH2,4,Provincia Autonoma Trento,P.A. Trento,541380,91769,16.95,0.15
769,2021-05-12,PAT,3293,1489,1804,69,108,32,209,648,202,727,192,31,1075,2111,1182,ITH,ITH2,4,Provincia Autonoma Trento,P.A. Trento,541380,95062,17.56,0.61
770,2021-03-17,PAT,2067,790,1277,398,15,55,10,4,276,1266,23,1,19,1199,868,ITH,ITH2,4,Provincia Autonoma Trento,P.A. Trento,541380,97129,17.94,0.38
771,2021-05-24,PAT,3737,1706,2031,89,72,1,393,315,1263,475,344,59,726,972,2765,ITH,ITH2,4,Provincia Autonoma Trento,P.A. Trento,541380,100866,18.63,0.69
772,2021-02-26,PAT,1218,435,783,250,12,19,105,3,2,823,0,1,3,923,295,ITH,ITH2,4,Provincia Autonoma Trento,P.A. Trento,541380,102084,18.86,0.22
773,2021-04-11,PAT,2336,1134,1202,44,57,8,177,23,1741,21,253,8,4,2245,91,ITH,ITH2,4,Provincia Autonoma Trento,P.A. Trento,541380,104420,19.29,0.43
774,2021-01-08,PAT,1449,313,1136,775,128,530,0,0,7,7,0,0,2,1449,0,ITH,ITH2,4,Provincia Autonoma Trento,P.A. Trento,541380,105869,19.56,0.27
775,2021-02-15,PAT,533,187,346,145,21,27,11,1,1,322,0,0,5,419,114,ITH,ITH2,4,Provincia Autonoma Trento,P.A. Trento,541380,106402,19.65,0.1
776,2020-12-31,PAT,1624,449,1175,841,105,676,0,0,1,1,0,0,0,1624,0,ITH,ITH2,4,Provincia Autonoma Trento,P.A. Trento,541380,108026,19.95,0.3
777,2021-03-01,PAT,1237,454,783,74,1,10,95,5,8,1037,0,3,4,942,295,ITH,ITH2,4,Provincia Autonoma Trento,P.A. Trento,541380,109263,20.18,0.23
778,2021-02-09,PAT,914,287,627,447,8,73,0,2,1,381,0,0,2,441,473,ITH,ITH2,4,Provincia Autonoma Trento,P.A. Trento,541380,110177,20.35,0.17
779,2021-04-22,PAT,3144,1467,1677,77,49,8,0,1329,902,242,525,2,10,3100,44,ITH,ITH2,4,Provincia Autonoma Trento,P.A. Trento,541380,113321,20.93,0.58
780,2021-03-06,PAT,783,277,506,362,11,0,204,4,0,195,0,5,2,632,151,ITH,ITH2,4,Provincia Autonoma Trento,P.A. Trento,541380,114104,21.08,0.14
781,2021-04-30,PAT,4910,2396,2514,61,126,14,38,2860,894,172,582,3,160,4765,145,ITH,ITH2,4,Provincia Autonoma Trento,P.A. Trento,541380,119014,21.98,0.91
782,2021-01-18,PAT,643,154,489,529,35,73,0,1,0,1,0,0,4,588,55,ITH,ITH2,4,Provincia Autonoma Trento,P.A. Trento,541380,119657,22.1,0.12
783,2021-01-06,PAT,42,13,29,42,0,0,0,0,0,0,0,0,0,42,0,ITH,ITH2,4,Provincia Autonoma Trento,P.A. Trento,541380,119699,22.11,0.01
784,2021-01-05,PAT,709,232,477,495,46,162,0,1,1,0,0,0,4,709,0,ITH,ITH2,4,Provincia Autonoma Trento,P.A. Trento,541380,120408,22.24,0.13
785,2021-03-26,PAT,3153,1226,1927,136,178,108,557,30,1097,901,62,46,38,2554,599,ITH,ITH2,4,Provincia Autonoma Trento,P.A. Trento,541380,123561,22.82,0.58
786,2021-04-20,PAT,2871,1372,1499,40,20,0,4,950,1276,175,388,2,16,2835,36,ITH,ITH2,4,Provincia Autonoma Trento,P.A. Trento,541380,126432,23.35,0.53
787,2021-05-05,PAT,4970,2574,2396,137,138,11,88,1735,691,88,245,236,1601,4689,281,ITH,ITH2,4,Provincia Autonoma Trento,P.A. Trento,541380,131402,24.27,0.92
788,2021-04-23,PAT,3598,1749,1849,34,16,21,9,1599,805,200,897,1,16,3544,54,ITH,ITH2,4,Provincia Autonoma Trento,P.A. Trento,541380,135000,24.94,0.66
789,2021-02-06,PAT,574,298,276,179,0,0,0,1,0,391,0,0,3,433,141,ITH,ITH2,4,Provincia Autonoma Trento,P.A. Trento,541380,135574,25.04,0.11
790,2021-05-14,PAT,5283,2528,2755,78,182,23,781,646,390,210,289,214,2470,3926,1357,ITH,ITH2,4,Provincia Autonoma Trento,P.A. Trento,541380,140857,26.02,0.98
791,2021-04-01,PAT,2892,1227,1665,195,137,8,125,33,501,1644,123,24,102,1799,1093,ITH,ITH2,4,Provincia Autonoma Trento,P.A. Trento,541380,143749,26.55,0.53
792,2021-02-02,PAT,907,240,667,507,33,189,0,2,5,170,0,0,1,190,717,ITH,ITH2,4,Provincia Autonoma Trento,P.A. Trento,541380,144656,26.72,0.17
793,2021-02-21,PAT,155,92,63,154,0,0,1,0,0,0,0,0,0,43,112,ITH,ITH2,4,Provincia Autonoma Trento,P.A. Trento,541380,144811,26.75,0.03
794,2021-01-20,PAT,291,73,218,232,10,48,0,0,0,0,0,0,1,279,12,ITH,ITH2,4,Provincia Autonoma Trento,P.A. Trento,541380,145102,26.8,0.05
795,2021-01-02,PAT,502,143,359,336,21,141,0,0,0,3,0,0,1,502,0,ITH,ITH2,4,Provincia Autonoma Trento,P.A. Trento,541380,145604,26.89,0.09
796,2021-03-11,PAT,2293,851,1442,105,50,41,391,8,13,1587,23,59,16,1471,822,ITH,ITH2,4,Provincia Autonoma Trento,P.A. Trento,541380,147897,27.32,0.42
797,2021-05-22,PAT,3235,1588,1647,53,59,5,327,107,1570,43,232,153,686,919,2316,ITH,ITH2,4,Provincia Autonoma Trento,P.A. Trento,541380,151132,27.92,0.6
798,2021-01-11,PAT,730,221,509,523,49,153,0,1,0,0,0,0,4,730,0,ITH,ITH2,4,Provincia Autonoma Trento,P.A. Trento,541380,151862,28.05,0.13
799,2021-01-15,PAT,595,132,463,464,18,111,0,0,1,0,0,0,1,595,0,ITH,ITH2,4,Provincia Autonoma Trento,P.A. Trento,541380,152457,28.16,0.11
800,2021-04-18,PAT,1854,844,1010,10,54,4,3,1025,509,24,219,0,6,1845,9,ITH,ITH2,4,Provincia Autonoma Trento,P.A. Trento,541380,154311,28.5,0.34
801,2021-05-04,PAT,4473,2421,2052,41,65,27,26,1576,441,92,366,182,1657,4383,90,ITH,ITH2,4,Provincia Autonoma Trento,P.A. Trento,541380,158784,29.33,0.83
802,2021-03-24,PAT,2375,940,1435,206,90,42,225,6,238,1450,66,42,10,1555,820,ITH,ITH2,4,Provincia Autonoma Trento,P.A. Trento,541380,161159,29.77,0.44
803,2021-03-23,PAT,2444,943,1501,146,111,71,168,7,845,1011,35,34,16,1704,740,ITH,ITH2,4,Provincia Autonoma Trento,P.A. Trento,541380,163603,30.22,0.45
804,2021-05-09,PAT,2322,1210,1112,12,219,0,23,330,84,33,284,66,1271,1978,344,ITH,ITH2,4,Provincia Autonoma Trento,P.A. Trento,541380,165925,30.65,0.43
805,2021-04-21,PAT,2893,1349,1544,47,12,3,1,1176,921,195,534,0,4,2843,50,ITH,ITH2,4,Provincia Autonoma Trento,P.A. Trento,541380,168818,31.18,0.53
806,2021-02-17,PAT,1110,425,685,326,9,35,12,3,11,709,0,3,2,1020,90,ITH,ITH2,4,Provincia Autonoma Trento,P.A. Trento,541380,169928,31.39,0.21
807,2020-12-27,PAT,103,40,63,76,4,21,0,0,0,0,0,0,2,103,0,ITH,ITH2,4,Provincia Autonoma Trento,P.A. Trento,541380,170031,31.41,0.02
808,2021-04-27,PAT,3877,1864,2013,27,104,1,5,2094,903,157,530,16,40,3810,67,ITH,ITH2,4,Provincia Autonoma Trento,P.A. Trento,541380,173908,32.12,0.72
809,2021-02-10,PAT,851,291,560,311,7,51,0,1,0,481,0,0,0,509,342,ITH,ITH2,4,Provincia Autonoma Trento,P.A. Trento,541380,174759,32.28,0.16
810,2021-01-10,PAT,84,19,65,54,18,12,0,0,0,0,0,0,0,84,0,ITH,ITH2,4,Provincia Autonoma Trento,P.A. Trento,541380,174843,32.3,0.02
811,2021-05-08,PAT,3151,1721,1430,16,270,0,29,433,95,34,334,157,1783,2734,417,ITH,ITH2,4,Provincia Autonoma Trento,P.A. Trento,541380,177994,32.88,0.58
812,2021-03-14,PAT,107,65,42,102,0,0,5,0,0,0,0,0,0,20,87,ITH,ITH2,4,Provincia Autonoma Trento,P.A. Trento,541380,178101,32.9,0.02
813,2021-04-24,PAT,3507,1682,1825,3,30,3,2,2175,354,43,886,0,11,3494,13,ITH,ITH2,4,Provincia Autonoma Trento,P.A. Trento,541380,181608,33.55,0.65
814,2021-01-31,PAT,75,15,60,55,13,6,0,1,0,0,0,0,0,1,74,ITH,ITH2,4,Provincia Autonoma Trento,P.A. Trento,541380,181683,33.56,0.01
815,2021-04-02,PAT,2799,1146,1653,153,65,44,309,58,1170,699,133,15,153,2125,674,ITH,ITH2,4,Provincia Autonoma Trento,P.A. Trento,541380,184482,34.08,0.52
816,2021-01-12,PAT,505,158,347,419,25,61,0,0,0,0,0,0,0,505,0,ITH,ITH2,4,Provincia Autonoma Trento,P.A. Trento,541380,184987,34.17,0.09
817,2021-01-01,PAT,213,50,163,114,11,88,0,0,0,0,0,0,0,213,0,ITH,ITH2,4,Provincia Autonoma Trento,P.A. Trento,541380,185200,34.21,0.04
818,2021-02-11,PAT,1132,365,767,332,3,48,0,0,5,739,0,0,5,796,336,ITH,ITH2,4,Provincia Autonoma Trento,P.A. Trento,541380,186332,34.42,0.21
819,2021-03-09,PAT,1580,589,991,98,44,31,200,2,8,1102,1,92,2,937,643,ITH,ITH2,4,Provincia Autonoma Trento,P.A. Trento,541380,187912,34.71,0.29
820,2021-04-12,PAT,3082,1405,1677,137,37,30,365,77,1319,752,326,12,27,2586,496,ITH,ITH2,4,Provincia Autonoma Trento,P.A. Trento,541380,190994,35.28,0.57
821,2021-01-07,PAT,1270,310,960,649,46,557,0,1,4,13,0,0,0,1270,0,ITH,ITH2,4,Provincia Autonoma Trento,P.A. Trento,541380,192264,35.51,0.23
822,2021-02-01,PAT,1220,335,885,767,70,375,0,1,1,0,0,0,6,92,1128,ITH,ITH2,4,Provincia Autonoma Trento,P.A. Trento,541380,193484,35.74,0.23
823,2021-03-12,PAT,2505,936,1569,208,254,106,566,9,26,1120,5,205,6,1700,805,ITH,ITH2,4,Provincia Autonoma Trento,P.A. Trento,541380,195989,36.2,0.46
824,2021-02-27,PAT,1027,456,571,460,5,2,114,0,2,435,0,4,5,606,421,ITH,ITH2,4,Provincia Autonoma Trento,P.A. Trento,541380,197016,36.39,0.19
825,2021-02-20,PAT,407,245,162,330,10,30,31,0,0,1,0,3,2,123,284,ITH,ITH2,4,Provincia Autonoma Trento,P.A. Trento,541380,197423,36.47,0.08
826,2021-05-21,PAT,4024,1912,2112,76,227,15,610,602,299,332,375,255,1233,2488,1536,ITH,ITH2,4,Provincia Autonoma Trento,P.A. Trento,541380,201447,37.21,0.74
827,2021-02-08,PAT,1151,318,833,551,53,237,1,1,4,303,0,0,1,342,809,ITH,ITH2,4,Provincia Autonoma Trento,P.A. Trento,541380,202598,37.42,0.21
828,2021-01-25,PAT,817,215,602,524,27,263,0,0,0,2,0,0,1,23,794,ITH,ITH2,4,Provincia Autonoma Trento,P.A. Trento,541380,203415,37.57,0.15
829,2021-03-31,PAT,2562,983,1579,147,35,5,234,26,481,1475,103,6,50,1705,857,ITH,ITH2,4,Provincia Autonoma Trento,P.A. Trento,541380,205977,38.05,0.47
830,2021-02-05,PAT,802,272,530,467,19,66,0,1,0,248,0,0,1,283,519,ITH,ITH2,4,Provincia Autonoma Trento,P.A. Trento,541380,206779,38.19,0.15
831,2021-04-10,PAT,2795,1307,1488,21,9,1,190,42,2186,67,258,11,10,2002,793,ITH,ITH2,4,Provincia Autonoma Trento,P.A. Trento,541380,209574,38.71,0.52
832,2021-04-16,PAT,2834,1342,1492,86,28,25,8,226,1245,390,804,2,20,2689,145,ITH,ITH2,4,Provincia Autonoma Trento,P.A. Trento,541380,212408,39.23,0.52
833,2021-05-17,PAT,4269,2114,2155,9,30,1,179,504,155,88,139,77,3087,3929,340,ITH,ITH2,4,Provincia Autonoma Trento,P.A. Trento,541380,216677,40.02,0.79
834,2021-02-04,PAT,973,304,669,544,10,89,0,1,2,325,0,0,2,420,553,ITH,ITH2,4,Provincia Autonoma Trento,P.A. Trento,541380,217650,40.2,0.18
835,2021-03-22,PAT,2305,973,1332,83,134,8,103,11,849,994,62,38,23,1430,875,ITH,ITH2,4,Provincia Autonoma Trento,P.A. Trento,541380,219955,40.63,0.43
836,2021-01-17,PAT,251,195,56,251,0,0,0,0,0,0,0,0,0,251,0,ITH,ITH2,4,Provincia Autonoma Trento,P.A. Trento,541380,220206,40.67,0.05
837,2021-05-02,PAT,3512,1955,1557,18,138,0,3,1507,150,21,253,128,1294,3475,37,ITH,ITH2,4,Provincia Autonoma Trento,P.A. Trento,541380,223718,41.32,0.65
838,2021-04-06,PAT,2258,949,1309,40,6,9,101,11,850,1070,141,18,12,1493,765,ITH,ITH2,4,Provincia Autonoma Trento,P.A. Trento,541380,225976,41.74,0.42
839,2021-03-28,PAT,748,292,456,19,414,0,2,9,18,8,168,107,3,745,3,ITH,ITH2,4,Provincia Autonoma Trento,P.A. Trento,541380,226724,41.88,0.14
840,2021-04-03,PAT,1138,471,667,142,269,0,31,10,146,61,369,108,2,971,167,ITH,ITH2,4,Provincia Autonoma Trento,P.A. Trento,541380,227862,42.09,0.21
841,2021-02-22,PAT,745,259,486,119,4,70,45,1,4,501,0,0,1,661,84,ITH,ITH2,4,Provincia Autonoma Trento,P.A. Trento,541380,228607,42.23,0.14
842,2021-04-26,PAT,2646,1244,1402,18,12,0,10,669,1149,154,620,1,13,2552,94,ITH,ITH2,4,Provincia Autonoma Trento,P.A. Trento,541380,231253,42.72,0.49
843,2021-03-19,PAT,2423,915,1508,321,74,53,68,17,758,1065,50,2,15,1571,852,ITH,ITH2,4,Provincia Autonoma Trento,P.A. Trento,541380,233676,43.16,0.45
844,2021-02-18,PAT,1205,426,779,300,25,35,55,2,3,782,0,3,0,1143,62,ITH,ITH2,4,Provincia Autonoma Trento,P.A. Trento,541380,234881,43.39,0.22
845,2021-01-16,PAT,319,148,171,304,0,15,0,0,0,0,0,0,0,319,0,ITH,ITH2,4,Provincia Autonoma Trento,P.A. Trento,541380,235200,43.44,0.06
846,2021-02-28,PAT,242,121,121,231,0,0,11,0,0,0,0,0,0,242,0,ITH,ITH2,4,Provincia Autonoma Trento,P.A. Trento,541380,235442,43.49,0.04
847,2021-05-19,PAT,5073,2447,2626,96,81,12,190,454,236,741,310,120,2833,3839,1234,ITH,ITH2,4,Provincia Autonoma Trento,P.A. Trento,541380,240515,44.43,0.94
848,2021-03-16,PAT,1391,506,885,221,7,36,5,1,24,1073,11,0,13,608,783,ITH,ITH2,4,Provincia Autonoma Trento,P.A. Trento,541380,241906,44.68,0.26
849,2021-02-25,PAT,1640,643,997,120,9,32,93,2,3,1377,0,1,3,1200,440,ITH,ITH2,4,Provincia Autonoma Trento,P.A. Trento,541380,243546,44.99,0.3
850,2021-01-19,PAT,405,77,328,365,3,36,0,0,0,0,0,0,1,405,0,ITH,ITH2,4,Provincia Autonoma Trento,P.A. Trento,541380,243951,45.06,0.07
851,2021-02-14,PAT,246,186,60,246,0,0,0,0,0,0,0,0,0,11,235,ITH,ITH2,4,Provincia Autonoma Trento,P.A. Trento,541380,244197,45.11,0.05
852,2021-01-28,PAT,530,147,383,390,29,107,0,1,1,2,0,0,0,48,482,ITH,ITH2,4,Provincia Autonoma Trento,P.A. Trento,541380,244727,45.2,0.1
853,2021-02-19,PAT,927,358,569,169,38,93,28,5,11,582,0,1,0,869,58,ITH,ITH2,4,Provincia Autonoma Trento,P.A. Trento,541380,245654,45.38,0.17
854,2021-01-04,PAT,870,227,643,486,41,336,0,2,4,1,0,0,0,870,0,ITH,ITH2,4,Provincia Autonoma Trento,P.A. Trento,541380,246524,45.54,0.16
855,2021-04-09,PAT,2706,1144,1562,86,27,27,196,60,1291,897,112,4,6,1507,1199,ITH,ITH2,4,Provincia Autonoma Trento,P.A. Trento,541380,249230,46.04,0.5
856,2021-01-03,PAT,492,160,332,419,9,63,0,0,0,0,0,0,1,492,0,ITH,ITH2,4,Provincia Autonoma Trento,P.A. Trento,541380,249722,46.13,0.09
857,2021-04-28,PAT,4241,1972,2269,99,43,5,24,2416,909,168,534,3,40,4103,138,ITH,ITH2,4,Provincia Autonoma Trento,P.A. Trento,541380,253963,46.91,0.78
858,2021-02-03,PAT,846,314,532,356,13,73,0,1,2,400,0,0,1,414,432,ITH,ITH2,4,Provincia Autonoma Trento,P.A. Trento,541380,254809,47.07,0.16
859,2021-04-13,PAT,2546,1054,1492,25,12,3,389,40,1217,693,145,2,20,2039,507,ITH,ITH2,4,Provincia Autonoma Trento,P.A. Trento,541380,257355,47.54,0.47
860,2020-12-30,PAT,7,3,4,4,1,2,0,0,0,0,0,0,0,7,0,ITH,ITH2,4,Provincia Autonoma Trento,P.A. Trento,541380,257362,47.54,0.0
861,2021-05-03,PAT,4234,2178,2056,90,80,3,7,2064,445,115,514,135,781,4081,153,ITH,ITH2,4,Provincia Autonoma Trento,P.A. Trento,541380,261596,48.32,0.78
862,2021-05-01,PAT,4837,2463,2374,25,71,0,4,2924,179,44,564,81,945,4802,35,ITH,ITH2,4,Provincia Autonoma Trento,P.A. Trento,541380,266433,49.21,0.89
863,2021-03-25,PAT,2874,1103,1771,184,141,28,360,32,631,1327,84,25,62,1824,1050,ITH,ITH2,4,Provincia Autonoma Trento,P.A. Trento,541380,269307,49.74,0.53
864,2021-03-30,PAT,2387,973,1414,71,60,53,183,17,792,1049,96,9,57,1750,637,ITH,ITH2,4,Provincia Autonoma Trento,P.A. Trento,541380,271694,50.19,0.44
865,2021-01-26,PAT,542,154,388,441,16,84,0,0,0,0,0,0,1,27,515,ITH,ITH2,4,Provincia Autonoma Trento,P.A. Trento,541380,272236,50.29,0.1
866,2021-01-07,LIG,3229,1095,2134,2340,315,465,4,18,5,0,0,1,81,3229,0,ITC,ITC3,7,Liguria,Liguria,1550640,3229,0.21,0.21
867,2021-05-22,LIG,6474,3174,3300,160,128,6,112,913,786,268,841,277,2983,4903,1571,ITC,ITC3,7,Liguria,Liguria,1550640,9703,0.63,0.42
868,2021-01-08,LIG,2926,999,1927,2083,343,431,4,12,0,0,0,1,52,2926,0,ITC,ITC3,7,Liguria,Liguria,1550640,12629,0.81,0.19
869,2021-02-18,LIG,2762,1126,1636,958,195,350,2,22,7,1006,35,0,187,2431,331,ITC,ITC3,7,Liguria,Liguria,1550640,15391,0.99,0.18
870,2021-02-19,LIG,3213,1305,1908,1022,269,156,3,39,22,1450,0,4,248,3037,176,ITC,ITC3,7,Liguria,Liguria,1550640,18604,1.2,0.21
871,2021-04-28,LIG,14448,6520,7928,276,181,85,333,3102,4047,3121,2893,59,351,6460,7988,ITC,ITC3,7,Liguria,Liguria,1550640,33052,2.13,0.93
872,2021-04-10,LIG,7877,3556,4321,216,90,34,9,172,3954,1578,1612,6,206,6963,914,ITC,ITC3,7,Liguria,Liguria,1550640,40929,2.64,0.51
873,2021-02-11,LIG,1975,767,1208,1250,231,457,6,3,1,0,4,0,23,1104,871,ITC,ITC3,7,Liguria,Liguria,1550640,42904,2.77,0.13
874,2021-01-18,LIG,2135,745,1390,1252,384,438,10,12,5,1,0,0,33,1978,157,ITC,ITC3,7,Liguria,Liguria,1550640,45039,2.9,0.14
875,2021-03-16,LIG,6073,2722,3351,939,176,324,6,35,77,4275,142,14,85,2349,3724,ITC,ITC3,7,Liguria,Liguria,1550640,51112,3.3,0.39
876,2021-05-12,LIG,11935,5352,6583,507,166,66,91,2856,3070,2209,2200,30,740,6595,5340,ITC,ITC3,7,Liguria,Liguria,1550640,63047,4.07,0.77
877,2021-03-13,LIG,3826,1616,2210,332,121,72,789,100,45,1782,11,180,394,2971,855,ITC,ITC3,7,Liguria,Liguria,1550640,66873,4.31,0.25
878,2021-02-22,LIG,3334,1467,1867,714,104,239,2,2,13,2236,0,7,17,3192,142,ITC,ITC3,7,Liguria,Liguria,1550640,70207,4.53,0.22
879,2021-03-26,LIG,9122,3854,5268,602,325,65,1297,220,266,3896,1840,377,234,5968,3154,ITC,ITC3,7,Liguria,Liguria,1550640,79329,5.12,0.59
880,2020-12-29,LIG,125,33,92,93,11,21,0,0,0,0,0,0,0,125,0,ITC,ITC3,7,Liguria,Liguria,1550640,79454,5.12,0.01
881,2021-03-12,LIG,6150,2814,3336,1205,459,85,4,77,79,3503,51,591,96,3681,2469,ITC,ITC3,7,Liguria,Liguria,1550640,85604,5.52,0.4
882,2021-04-02,LIG,11671,5117,6554,435,225,40,911,356,3181,3623,2465,139,296,9185,2486,ITC,ITC3,7,Liguria,Liguria,1550640,97275,6.27,0.75
883,2021-01-16,LIG,1278,557,721,753,196,299,1,4,2,0,1,0,22,1278,0,ITC,ITC3,7,Liguria,Liguria,1550640,98553,6.36,0.08
884,2021-04-04,LIG,756,366,390,30,0,0,0,36,64,325,222,0,79,507,249,ITC,ITC3,7,Liguria,Liguria,1550640,99309,6.4,0.05
885,2021-01-01,LIG,144,55,89,139,5,0,0,0,0,0,0,0,0,144,0,ITC,ITC3,7,Liguria,Liguria,1550640,99453,6.41,0.01
886,2021-01-05,LIG,2879,896,1983,2308,240,261,7,7,1,17,0,0,38,2879,0,ITC,ITC3,7,Liguria,Liguria,1550640,102332,6.6,0.19
887,2021-04-01,LIG,12379,5468,6911,437,239,142,940,345,3490,3710,2546,188,342,9609,2770,ITC,ITC3,7,Liguria,Liguria,1550640,114711,7.4,0.8
888,2021-01-20,LIG,1550,555,995,728,332,480,2,0,2,0,0,0,6,1538,12,ITC,ITC3,7,Liguria,Liguria,1550640,116261,7.5,0.1
889,2021-01-10,LIG,648,262,386,369,101,176,0,1,0,0,0,0,1,648,0,ITC,ITC3,7,Liguria,Liguria,1550640,116909,7.54,0.04
890,2021-04-03,LIG,5406,2498,2908,117,79,3,19,136,2420,1395,1125,9,103,4463,943,ITC,ITC3,7,Liguria,Liguria,1550640,122315,7.89,0.35
891,2021-01-15,LIG,2257,754,1503,1328,350,517,2,8,1,2,1,0,48,2257,0,ITC,ITC3,7,Liguria,Liguria,1550640,124572,8.03,0.15
892,2021-02-02,LIG,2668,1005,1663,1974,216,464,2,2,0,0,0,0,10,134,2534,ITC,ITC3,7,Liguria,Liguria,1550640,127240,8.21,0.17
893,2021-01-06,LIG,1660,616,1044,1230,142,113,3,36,10,65,0,0,61,1660,0,ITC,ITC3,7,Liguria,Liguria,1550640,128900,8.31,0.11
894,2021-01-28,LIG,2847,971,1876,2239,270,310,5,0,1,1,0,1,20,39,2808,ITC,ITC3,7,Liguria,Liguria,1550640,131747,8.5,0.18
895,2021-05-09,LIG,2820,1242,1578,123,61,4,70,111,1014,428,790,16,203,1110,1710,ITC,ITC3,7,Liguria,Liguria,1550640,134567,8.68,0.18
896,2021-04-07,LIG,13585,6032,7553,442,288,108,574,491,4246,4294,2631,150,361,11296,2289,ITC,ITC3,7,Liguria,Liguria,1550640,148152,9.55,0.88
897,2021-01-02,LIG,691,245,446,595,95,0,0,0,0,0,0,0,1,691,0,ITC,ITC3,7,Liguria,Liguria,1550640,148843,9.6,0.04
898,2021-05-05,LIG,13680,6124,7556,534,202,118,18,2572,4620,2989,2171,132,324,5269,8411,ITC,ITC3,7,Liguria,Liguria,1550640,162523,10.48,0.88
899,2021-04-09,LIG,12423,5556,6867,545,354,110,582,442,4134,3640,2243,61,312,10684,1739,ITC,ITC3,7,Liguria,Liguria,1550640,174946,11.28,0.8
900,2021-01-11,LIG,2654,990,1664,1992,314,315,1,7,0,0,1,0,24,2654,0,ITC,ITC3,7,Liguria,Liguria,1550640,177600,11.45,0.17
901,2021-01-09,LIG,1335,481,854,999,131,188,2,4,0,0,0,1,10,1335,0,ITC,ITC3,7,Liguria,Liguria,1550640,178935,11.54,0.09
902,2021-01-14,LIG,2981,1055,1926,1871,524,553,1,5,0,0,0,2,25,2981,0,ITC,ITC3,7,Liguria,Liguria,1550640,181916,11.73,0.19
903,2021-03-03,LIG,4582,1847,2735,1040,203,308,4,5,5,2982,0,4,31,3556,1026,ITC,ITC3,7,Liguria,Liguria,1550640,186498,12.03,0.3
904,2021-02-16,LIG,2397,954,1443,984,238,283,2,19,4,704,12,0,151,2004,393,ITC,ITC3,7,Liguria,Liguria,1550640,188895,12.18,0.15
905,2021-05-06,LIG,14444,6398,8046,657,340,114,51,3126,4349,2878,2431,156,342,6144,8300,ITC,ITC3,7,Liguria,Liguria,1550640,203339,13.11,0.93
906,2021-04-24,LIG,8169,3785,4384,137,116,58,4,1871,2566,1293,1903,8,213,5017,3152,ITC,ITC3,7,Liguria,Liguria,1550640,211508,13.64,0.53
907,2021-04-18,LIG,2584,1151,1433,216,93,44,1,20,798,526,880,0,6,2115,469,ITC,ITC3,7,Liguria,Liguria,1550640,214092,13.81,0.17
908,2021-02-10,LIG,2312,837,1475,1365,395,513,5,6,2,5,0,0,21,1020,1292,ITC,ITC3,7,Liguria,Liguria,1550640,216404,13.96,0.15
909,2021-05-18,LIG,13330,6015,7315,579,194,40,85,2282,3238,1721,2236,219,2736,10044,3286,ITC,ITC3,7,Liguria,Liguria,1550640,229734,14.82,0.86
910,2021-04-29,LIG,15549,6974,8575,554,228,142,527,3461,4706,2934,2634,82,281,6730,8819,ITC,ITC3,7,Liguria,Liguria,1550640,245283,15.82,1.0
911,2021-01-31,LIG,624,270,354,418,71,135,0,0,0,0,0,0,0,9,615,ITC,ITC3,7,Liguria,Liguria,1550640,245907,15.86,0.04
912,2021-05-21,LIG,12765,5923,6842,430,274,51,212,1896,2077,1036,2067,372,4350,9668,3097,ITC,ITC3,7,Liguria,Liguria,1550640,258672,16.68,0.82
913,2021-05-24,LIG,11479,5380,6099,264,174,44,214,1924,1979,697,1654,205,4324,9041,2438,ITC,ITC3,7,Liguria,Liguria,1550640,270151,17.42,0.74
914,2021-02-20,LIG,1336,637,699,160,107,123,0,34,5,589,0,4,314,1335,1,ITC,ITC3,7,Liguria,Liguria,1550640,271487,17.51,0.09
915,2021-01-21,LIG,1103,385,718,585,159,332,0,2,2,1,0,0,22,672,431,ITC,ITC3,7,Liguria,Liguria,1550640,272590,17.58,0.07
916,2021-05-04,LIG,13598,6081,7517,489,103,126,17,2807,4455,3025,2184,89,303,5371,8227,ITC,ITC3,7,Liguria,Liguria,1550640,286188,18.46,0.88
917,2021-02-23,LIG,3806,1559,2247,689,162,116,1,5,5,2749,42,4,33,3697,109,ITC,ITC3,7,Liguria,Liguria,1550640,289994,18.7,0.25
918,2021-02-26,LIG,3767,1524,2243,784,147,168,2,16,26,2609,0,0,15,3439,328,ITC,ITC3,7,Liguria,Liguria,1550640,293761,18.94,0.24
919,2021-04-30,LIG,14320,6382,7938,346,172,76,513,2959,4281,2923,2720,57,273,5751,8569,ITC,ITC3,7,Liguria,Liguria,1550640,308081,19.87,0.92
920,2021-02-13,LIG,1080,508,572,543,80,148,0,0,0,257,0,2,50,800,280,ITC,ITC3,7,Liguria,Liguria,1550640,309161,19.94,0.07
921,2021-02-12,LIG,1931,691,1240,874,206,399,1,2,1,431,0,7,10,899,1032,ITC,ITC3,7,Liguria,Liguria,1550640,311092,20.06,0.12
922,2021-02-24,LIG,3763,1560,2203,806,193,153,1,2,6,2583,1,0,18,3505,258,ITC,ITC3,7,Liguria,Liguria,1550640,314855,20.3,0.24
923,2021-03-06,LIG,3304,1842,1462,377,151,120,1,58,6,1538,0,559,494,2599,705,ITC,ITC3,7,Liguria,Liguria,1550640,318159,20.52,0.21
924,2021-05-10,LIG,12506,5505,7001,528,180,49,13,2703,3640,2677,2304,30,382,6132,6374,ITC,ITC3,7,Liguria,Liguria,1550640,330665,21.32,0.81
925,2021-04-11,LIG,4249,1931,2318,67,55,25,73,66,2116,627,1175,10,35,4000,249,ITC,ITC3,7,Liguria,Liguria,1550640,334914,21.6,0.27
926,2021-03-20,LIG,2316,995,1321,224,81,0,0,12,44,1857,12,67,19,1142,1174,ITC,ITC3,7,Liguria,Liguria,1550640,337230,21.75,0.15
927,2021-02-17,LIG,2689,1181,1508,909,203,299,2,15,8,1121,0,8,124,2263,426,ITC,ITC3,7,Liguria,Liguria,1550640,339919,21.92,0.17
928,2021-01-25,LIG,2725,889,1836,2211,176,321,2,5,1,0,0,0,9,478,2247,ITC,ITC3,7,Liguria,Liguria,1550640,342644,22.1,0.18
929,2021-04-12,LIG,12383,5475,6908,536,229,117,45,539,4164,4209,2153,68,323,10364,2019,ITC,ITC3,7,Liguria,Liguria,1550640,355027,22.9,0.8
930,2021-03-10,LIG,5878,2840,3038,827,349,95,1,23,28,3752,42,612,149,3972,1906,ITC,ITC3,7,Liguria,Liguria,1550640,360905,23.27,0.38
931,2021-03-31,LIG,11844,5207,6637,527,179,103,879,352,2612,4217,2444,219,312,9074,2770,ITC,ITC3,7,Liguria,Liguria,1550640,372749,24.04,0.76
932,2021-04-22,LIG,13823,6196,7627,538,168,56,534,2707,3375,3007,2959,135,344,8749,5074,ITC,ITC3,7,Liguria,Liguria,1550640,386572,24.93,0.89
933,2021-03-27,LIG,3921,1538,2383,176,175,36,706,26,89,2058,502,92,61,2525,1396,ITC,ITC3,7,Liguria,Liguria,1550640,390493,25.18,0.25
934,2021-04-08,LIG,13727,6157,7570,685,322,110,651,461,4357,3932,2796,76,337,11683,2044,ITC,ITC3,7,Liguria,Liguria,1550640,404220,26.07,0.89
935,2021-03-02,LIG,4074,1689,2385,728,92,76,4,8,16,3089,42,3,16,3764,310,ITC,ITC3,7,Liguria,Liguria,1550640,408294,26.33,0.26
936,2021-03-30,LIG,12147,5379,6768,485,256,152,849,317,2410,4296,2814,279,289,8758,3389,ITC,ITC3,7,Liguria,Liguria,1550640,420441,27.11,0.78
937,2021-05-02,LIG,3872,1768,2104,51,20,2,1,275,2277,402,786,2,56,500,3372,ITC,ITC3,7,Liguria,Liguria,1550640,424313,27.36,0.25
938,2021-03-01,LIG,3507,1430,2077,529,85,108,1,4,6,2751,0,0,23,3385,122,ITC,ITC3,7,Liguria,Liguria,1550640,427820,27.59,0.23
939,2021-03-08,LIG,5622,2456,3166,1124,319,80,7,35,15,3570,11,384,77,3933,1689,ITC,ITC3,7,Liguria,Liguria,1550640,433442,27.95,0.36
940,2021-05-07,LIG,13563,6023,7540,595,381,52,35,2524,4107,2655,2537,141,536,5798,7765,ITC,ITC3,7,Liguria,Liguria,1550640,447005,28.83,0.87
941,2021-04-17,LIG,7382,3217,4165,202,174,160,3,1206,2596,1505,1366,8,162,6632,750,ITC,ITC3,7,Liguria,Liguria,1550640,454387,29.3,0.48
942,2021-04-06,LIG,13171,5857,7314,543,268,208,554,374,4064,4151,2494,134,381,10931,2240,ITC,ITC3,7,Liguria,Liguria,1550640,467558,30.15,0.85
943,2021-01-23,LIG,809,295,514,633,129,43,1,2,1,0,0,0,0,153,656,ITC,ITC3,7,Liguria,Liguria,1550640,468367,30.2,0.05
944,2021-04-26,LIG,10440,4911,5529,355,113,123,3,3408,2504,1363,2352,58,161,7824,2616,ITC,ITC3,7,Liguria,Liguria,1550640,478807,30.88,0.67
945,2021-03-17,LIG,5553,2369,3184,782,156,93,8,20,74,4260,109,4,47,2474,3079,ITC,ITC3,7,Liguria,Liguria,1550640,484360,31.24,0.36
946,2021-05-13,LIG,13038,5850,7188,565,238,63,46,2999,2774,2274,2606,85,1388,8823,4215,ITC,ITC3,7,Liguria,Liguria,1550640,497398,32.08,0.84
947,2021-02-04,LIG,2816,985,1831,1866,462,471,8,0,0,0,0,1,8,179,2637,ITC,ITC3,7,Liguria,Liguria,1550640,500214,32.26,0.18
948,2021-02-15,LIG,2264,839,1425,1091,216,241,2,12,1,664,0,1,36,1867,397,ITC,ITC3,7,Liguria,Liguria,1550640,502478,32.4,0.15
949,2021-02-28,LIG,1060,581,479,12,2,4,0,63,7,474,0,0,498,1051,9,ITC,ITC3,7,Liguria,Liguria,1550640,503538,32.47,0.07
950,2020-12-30,LIG,12,5,7,12,0,0,0,0,0,0,0,0,0,12,0,ITC,ITC3,7,Liguria,Liguria,1550640,503550,32.47,0.0
951,2021-05-17,LIG,11801,5355,6446,469,218,51,192,2098,2772,1564,1940,214,2283,8510,3291,ITC,ITC3,7,Liguria,Liguria,1550640,515351,33.23,0.76
952,2021-02-09,LIG,1937,690,1247,1100,325,475,22,2,0,0,0,0,13,257,1680,ITC,ITC3,7,Liguria,Liguria,1550640,517288,33.36,0.12
953,2021-03-22,LIG,7668,3402,4266,581,197,85,879,125,97,4086,1106,371,141,4732,2936,ITC,ITC3,7,Liguria,Liguria,1550640,524956,33.85,0.49
954,2021-05-14,LIG,12881,5649,7232,448,240,52,389,2391,3126,2189,2270,22,1754,8583,4298,ITC,ITC3,7,Liguria,Liguria,1550640,537837,34.68,0.83
955,2021-01-17,LIG,862,300,562,517,30,262,1,4,2,0,0,0,46,862,0,ITC,ITC3,7,Liguria,Liguria,1550640,538699,34.74,0.06
956,2021-04-05,LIG,3976,1751,2225,188,44,10,10,141,921,2211,338,5,108,2327,1649,ITC,ITC3,7,Liguria,Liguria,1550640,542675,35.0,0.26
957,2021-02-07,LIG,407,153,254,191,18,187,0,0,0,0,9,0,2,2,405,ITC,ITC3,7,Liguria,Liguria,1550640,543082,35.02,0.03
958,2021-03-11,LIG,6352,3054,3298,1146,168,262,2,43,39,3800,90,722,80,4346,2006,ITC,ITC3,7,Liguria,Liguria,1550640,549434,35.43,0.41
959,2021-01-04,LIG,2617,855,1762,2199,158,176,3,22,3,0,1,0,55,2617,0,ITC,ITC3,7,Liguria,Liguria,1550640,552051,35.6,0.17
960,2021-05-03,LIG,13267,5920,7347,353,193,101,24,3652,3298,2936,2353,93,264,6456,6811,ITC,ITC3,7,Liguria,Liguria,1550640,565318,36.46,0.86
961,2021-04-25,LIG,1936,921,1015,12,2,0,0,676,739,162,340,0,5,1521,415,ITC,ITC3,7,Liguria,Liguria,1550640,567254,36.58,0.12
962,2021-04-23,LIG,14673,6639,8034,357,226,107,544,3312,3464,3266,3020,90,287,8553,6120,ITC,ITC3,7,Liguria,Liguria,1550640,581927,37.53,0.95
963,2020-12-31,LIG,989,354,635,751,34,155,0,4,10,28,0,0,7,989,0,ITC,ITC3,7,Liguria,Liguria,1550640,582916,37.59,0.06
964,2021-02-21,LIG,869,491,378,183,21,102,0,38,4,267,0,0,254,865,4,ITC,ITC3,7,Liguria,Liguria,1550640,583785,37.65,0.06
965,2021-03-15,LIG,7302,3076,4226,819,338,106,962,127,83,3782,628,304,153,4598,2704,ITC,ITC3,7,Liguria,Liguria,1550640,591087,38.12,0.47
966,2021-02-06,LIG,1892,768,1124,1310,186,375,1,0,1,0,0,0,19,145,1747,ITC,ITC3,7,Liguria,Liguria,1550640,592979,38.24,0.12
967,2021-04-13,LIG,13052,5860,7192,514,228,112,103,594,4635,4365,2140,88,273,11033,2019,ITC,ITC3,7,Liguria,Liguria,1550640,606031,39.08,0.84
968,2021-01-13,LIG,2755,1014,1741,1913,307,487,4,8,7,1,0,0,28,2755,0,ITC,ITC3,7,Liguria,Liguria,1550640,608786,39.26,0.18
969,2021-01-03,LIG,734,230,504,658,62,0,1,2,0,0,0,0,11,734,0,ITC,ITC3,7,Liguria,Liguria,1550640,609520,39.31,0.05
970,2021-01-30,LIG,1661,567,1094,1261,121,257,2,6,0,0,0,0,14,25,1636,ITC,ITC3,7,Liguria,Liguria,1550640,611181,39.41,0.11
971,2021-04-16,LIG,11976,5282,6694,494,249,163,43,1840,3396,3461,2036,77,217,10165,1811,ITC,ITC3,7,Liguria,Liguria,1550640,623157,40.19,0.77
972,2021-01-19,LIG,1371,438,933,718,313,330,3,1,0,0,0,0,6,1281,90,ITC,ITC3,7,Liguria,Liguria,1550640,624528,40.28,0.09
973,2021-04-20,LIG,13775,6304,7471,463,130,171,378,3032,3010,3468,2787,18,318,9426,4349,ITC,ITC3,7,Liguria,Liguria,1550640,638303,41.16,0.89
974,2021-02-05,LIG,2675,986,1689,1744,418,494,4,1,1,0,0,0,13,304,2371,ITC,ITC3,7,Liguria,Liguria,1550640,640978,41.34,0.17
975,2021-02-03,LIG,2316,792,1524,1628,224,416,1,7,4,0,0,0,36,55,2261,ITC,ITC3,7,Liguria,Liguria,1550640,643294,41.49,0.15
976,2020-12-28,LIG,80,30,50,77,0,0,0,1,0,1,0,0,1,80,0,ITC,ITC3,7,Liguria,Liguria,1550640,643374,41.49,0.01
977,2021-03-23,LIG,9036,4082,4954,662,222,126,1310,151,105,4054,1659,583,164,5827,3209,ITC,ITC3,7,Liguria,Liguria,1550640,652410,42.07,0.58
978,2021-05-01,LIG,7134,3255,3879,167,63,24,3,690,3866,926,1241,6,148,1332,5802,ITC,ITC3,7,Liguria,Liguria,1550640,659544,42.53,0.46
979,2021-03-24,LIG,8942,3834,5108,524,235,103,1344,154,139,4341,1391,556,155,5654,3288,ITC,ITC3,7,Liguria,Liguria,1550640,668486,43.11,0.58
980,2021-05-11,LIG,13655,6171,7484,439,135,64,66,3024,4270,2517,2283,20,837,7065,6590,ITC,ITC3,7,Liguria,Liguria,1550640,682141,43.99,0.88
981,2021-02-25,LIG,3455,1349,2106,555,138,92,1,7,3,2586,42,3,28,3325,130,ITC,ITC3,7,Liguria,Liguria,1550640,685596,44.21,0.22
982,2021-01-24,LIG,756,237,519,632,61,60,0,0,0,0,0,0,3,113,643,ITC,ITC3,7,Liguria,Liguria,1550640,686352,44.26,0.05
983,2021-03-25,LIG,9596,4081,5515,663,265,172,1614,151,259,3736,2064,524,148,6203,3393,ITC,ITC3,7,Liguria,Liguria,1550640,695948,44.88,0.62
984,2021-03-07,LIG,1857,1084,773,184,200,258,1,29,3,509,0,404,269,1556,301,ITC,ITC3,7,Liguria,Liguria,1550640,697805,45.0,0.12
985,2020-12-27,LIG,135,56,79,88,0,45,0,0,0,0,0,0,2,135,0,ITC,ITC3,7,Liguria,Liguria,1550640,697940,45.01,0.01
986,2021-04-14,LIG,13020,5656,7364,461,291,125,61,566,4743,4364,2129,38,242,10817,2203,ITC,ITC3,7,Liguria,Liguria,1550640,710960,45.85,0.84
987,2021-03-04,LIG,4738,2118,2620,923,171,290,4,3,8,2922,42,327,48,3891,847,ITC,ITC3,7,Liguria,Liguria,1550640,715698,46.16,0.31
988,2021-03-09,LIG,5932,2754,3178,1042,315,132,2,51,45,3586,42,629,88,4503,1429,ITC,ITC3,7,Liguria,Liguria,1550640,721630,46.54,0.38
989,2021-04-27,LIG,14740,6678,8062,324,171,104,320,3773,3740,3276,2739,42,251,7161,7579,ITC,ITC3,7,Liguria,Liguria,1550640,736370,47.49,0.95
990,2021-01-26,LIG,2484,803,1681,1965,253,252,5,1,0,0,1,0,7,13,2471,ITC,ITC3,7,Liguria,Liguria,1550640,738854,47.65,0.16
991,2021-05-23,LIG,2284,1116,1168,15,13,1,32,124,852,90,226,111,820,1172,1112,ITC,ITC3,7,Liguria,Liguria,1550640,741138,47.8,0.15
992,2021-04-19,LIG,12812,5617,7195,560,170,103,247,2647,2920,3346,2561,35,223,9003,3809,ITC,ITC3,7,Liguria,Liguria,1550640,753950,48.62,0.83
993,2021-05-15,LIG,7100,3157,3943,189,72,6,316,1086,2127,638,1609,7,1050,4298,2802,ITC,ITC3,7,Liguria,Liguria,1550640,761050,49.08,0.46
994,2021-01-27,LIG,1744,603,1141,1337,169,226,1,0,0,0,0,0,11,141,1603,ITC,ITC3,7,Liguria,Liguria,1550640,762794,49.19,0.11
995,2021-03-14,LIG,1658,752,906,66,68,176,431,70,13,577,3,52,202,1054,604,ITC,ITC3,7,Liguria,Liguria,1550640,764452,49.3,0.11
996,2021-04-21,LIG,14246,6432,7814,518,195,62,498,2662,3513,3676,2756,78,288,8923,5323,ITC,ITC3,7,Liguria,Liguria,1550640,778698,50.22,0.92
997,2021-05-08,LIG,7527,3330,4197,140,154,135,4,982,3001,1331,1561,13,206,2322,5205,ITC,ITC3,7,Liguria,Liguria,1550640,786225,50.7,0.49
998,2021-02-14,LIG,233,122,111,31,0,112,0,0,0,60,0,0,30,233,0,ITC,ITC3,7,Liguria,Liguria,1550640,786458,50.72,0.02
999,2021-01-12,LIG,2460,886,1574,1750,250,439,2,2,1,0,0,1,15,2460,0,ITC,ITC3,7,Liguria,Liguria,1550640,788918,50.88,0.16
1000,2021-04-15,LIG,11814,5218,6596,490,258,140,58,485,3983,3712,2410,76,202,9962,1852,ITC,ITC3,7,Liguria,Liguria,1550640,800732,51.64,0.76
1001,2021-03-28,LIG,1142,511,631,135,92,145,0,25,86,532,86,2,39,391,751,ITC,ITC3,7,Liguria,Liguria,1550640,801874,51.71,0.07
1002,2021-03-19,LIG,5296,2235,3061,735,202,137,83,54,80,3703,165,88,49,2149,3147,ITC,ITC3,7,Liguria,Liguria,1550640,807170,52.05,0.34
1003,2021-03-29,LIG,10440,4511,5929,467,259,119,883,254,1567,3962,2396,205,328,7310,3130,ITC,ITC3,7,Liguria,Liguria,1550640,817610,52.73,0.67
1004,2021-02-01,LIG,2558,923,1635,1948,203,383,1,6,0,0,1,0,16,90,2468,ITC,ITC3,7,Liguria,Liguria,1550640,820168,52.89,0.16
1005,2021-05-19,LIG,13515,5944,7571,588,218,94,198,2344,3247,1480,1933,126,3287,10408,3107,ITC,ITC3,7,Liguria,Liguria,1550640,833683,53.76,0.87
1006,2021-02-08,LIG,1977,742,1235,1255,367,311,7,11,4,1,0,0,21,306,1671,ITC,ITC3,7,Liguria,Liguria,1550640,835660,53.89,0.13
1007,2021-03-21,LIG,552,221,331,7,3,0,0,0,13,525,1,0,3,69,483,ITC,ITC3,7,Liguria,Liguria,1550640,836212,53.93,0.04
1008,2021-05-20,LIG,12798,5936,6862,595,257,54,193,2157,2276,1239,2171,559,3297,8781,4017,ITC,ITC3,7,Liguria,Liguria,1550640,849010,54.75,0.83
1009,2021-01-29,LIG,3079,1064,2015,2312,300,441,2,4,0,0,0,0,20,67,3012,ITC,ITC3,7,Liguria,Liguria,1550640,852089,54.95,0.2
1010,2021-02-27,LIG,1888,921,967,139,18,5,0,61,0,1205,0,0,460,1759,129,ITC,ITC3,7,Liguria,Liguria,1550640,853977,55.07,0.12
1011,2021-01-22,LIG,1818,604,1214,1068,175,565,0,2,0,2,1,0,5,1332,486,ITC,ITC3,7,Liguria,Liguria,1550640,855795,55.19,0.12
1012,2021-03-18,LIG,4982,2124,2858,636,87,98,5,63,80,3691,219,6,97,2009,2973,ITC,ITC3,7,Liguria,Liguria,1550640,860777,55.51,0.32
1013,2021-03-05,LIG,4869,2150,2719,801,221,81,5,5,8,3339,6,365,38,3737,1132,ITC,ITC3,7,Liguria,Liguria,1550640,865646,55.83,0.31
1014,2021-05-16,LIG,3684,1851,1833,20,103,0,258,224,547,201,844,7,1480,2133,1551,ITC,ITC3,7,Liguria,Liguria,1550640,869330,56.06,0.24
1015,2020-12-31,EMR,2207,777,1430,1676,96,330,0,9,5,13,0,0,78,2207,0,ITH,ITH5,8,Emilia-Romagna,Emilia-Romagna,4459477,2207,0.05,0.05
1016,2021-04-12,EMR,19179,8980,10199,441,170,314,62,388,4521,6699,6451,95,38,14748,4431,ITH,ITH5,8,Emilia-Romagna,Emilia-Romagna,4459477,21386,0.48,0.43
1017,2021-02-07,EMR,4793,1537,3256,3689,565,447,3,8,1,10,0,0,70,1732,3061,ITH,ITH5,8,Emilia-Romagna,Emilia-Romagna,4459477,26179,0.59,0.11
1018,2021-03-28,EMR,12972,5769,7203,297,143,50,328,61,4005,5051,2704,258,75,9338,3634,ITH,ITH5,8,Emilia-Romagna,Emilia-Romagna,4459477,39151,0.88,0.29
1019,2021-05-19,EMR,32785,14552,18233,1000,154,49,3022,8891,3303,961,10896,485,4024,17877,14908,ITH,ITH5,8,Emilia-Romagna,Emilia-Romagna,4459477,71936,1.61,0.74
1020,2021-05-14,EMR,36335,16717,19618,462,94,131,1605,14671,3101,1396,10770,44,4061,26807,9528,ITH,ITH5,8,Emilia-Romagna,Emilia-Romagna,4459477,108271,2.43,0.81
1021,2021-01-17,EMR,2890,887,2003,1914,378,547,4,14,5,2,0,0,26,2644,246,ITH,ITH5,8,Emilia-Romagna,Emilia-Romagna,4459477,111161,2.49,0.06
1022,2021-03-19,EMR,15574,6779,8795,1135,565,118,343,79,895,10577,963,765,134,7728,7846,ITH,ITH5,8,Emilia-Romagna,Emilia-Romagna,4459477,126735,2.84,0.35
1023,2021-05-13,EMR,35419,16312,19107,387,139,116,967,14390,3275,2066,8799,46,5234,27671,7748,ITH,ITH5,8,Emilia-Romagna,Emilia-Romagna,4459477,162154,3.64,0.79
1024,2021-04-06,EMR,24613,11107,13506,638,207,197,410,239,5968,11507,5213,87,147,19876,4737,ITH,ITH5,8,Emilia-Romagna,Emilia-Romagna,4459477,186767,4.19,0.55
1025,2021-04-26,EMR,27815,12891,14924,900,248,170,17,1286,8845,5592,10468,136,153,18525,9290,ITH,ITH5,8,Emilia-Romagna,Emilia-Romagna,4459477,214582,4.81,0.62
1026,2021-03-20,EMR,16081,6828,9253,702,384,98,840,57,2958,9369,939,578,156,9117,6964,ITH,ITH5,8,Emilia-Romagna,Emilia-Romagna,4459477,230663,5.17,0.36
1027,2021-03-05,EMR,17659,5743,11916,3087,857,272,5966,59,40,6396,111,547,324,14222,3437,ITH,ITH5,8,Emilia-Romagna,Emilia-Romagna,4459477,248322,5.57,0.4
1028,2021-01-11,EMR,9337,3270,6067,6582,1349,1268,0,25,5,4,0,0,104,9337,0,ITH,ITH5,8,Emilia-Romagna,Emilia-Romagna,4459477,257659,5.78,0.21
1029,2021-01-25,EMR,6437,2137,4300,5254,317,679,0,21,2,3,0,0,161,199,6238,ITH,ITH5,8,Emilia-Romagna,Emilia-Romagna,4459477,264096,5.92,0.14
1030,2021-05-20,EMR,38885,17664,21221,758,221,88,3246,10534,3708,866,13358,586,5520,18001,20884,ITH,ITH5,8,Emilia-Romagna,Emilia-Romagna,4459477,302981,6.79,0.87
1031,2021-04-11,EMR,15221,6907,8314,413,141,104,60,358,2376,6873,4703,77,116,12190,3031,ITH,ITH5,8,Emilia-Romagna,Emilia-Romagna,4459477,318202,7.14,0.34
1032,2021-01-30,EMR,10077,3519,6558,7568,1400,801,0,45,5,2,0,0,256,141,9936,ITH,ITH5,8,Emilia-Romagna,Emilia-Romagna,4459477,328279,7.36,0.23
1033,2021-01-21,EMR,2156,727,1429,1287,156,653,0,9,1,0,0,0,50,811,1345,ITH,ITH5,8,Emilia-Romagna,Emilia-Romagna,4459477,330435,7.41,0.05
1034,2021-05-22,EMR,32025,13740,18285,507,103,18,4863,9833,2195,778,8639,261,4828,16259,15766,ITH,ITH5,8,Emilia-Romagna,Emilia-Romagna,4459477,362460,8.13,0.72
1035,2021-05-07,EMR,34482,16578,17904,685,178,202,242,7613,4011,2395,18120,61,975,22696,11786,ITH,ITH5,8,Emilia-Romagna,Emilia-Romagna,4459477,396942,8.9,0.77
1036,2021-04-04,EMR,9884,4718,5166,187,113,0,58,145,1630,4658,2878,54,161,7615,2269,ITH,ITH5,8,Emilia-Romagna,Emilia-Romagna,4459477,406826,9.12,0.22
1037,2021-03-16,EMR,12239,5025,7214,418,93,116,123,34,113,10914,389,9,30,4932,7307,ITH,ITH5,8,Emilia-Romagna,Emilia-Romagna,4459477,419065,9.4,0.27
1038,2021-04-22,EMR,28972,13409,15563,570,133,148,41,291,8357,8364,11012,13,43,14938,14034,ITH,ITH5,8,Emilia-Romagna,Emilia-Romagna,4459477,448037,10.05,0.65
1039,2021-01-22,EMR,1828,477,1351,937,66,727,0,19,1,10,0,0,68,1088,740,ITH,ITH5,8,Emilia-Romagna,Emilia-Romagna,4459477,449865,10.09,0.04
1040,2021-04-21,EMR,23856,10923,12933,384,89,79,48,206,7838,6784,8402,7,19,14147,9709,ITH,ITH5,8,Emilia-Romagna,Emilia-Romagna,4459477,473721,10.62,0.53
1041,2021-04-17,EMR,26965,12898,14067,393,148,66,57,357,8434,4213,13209,24,64,17694,9271,ITH,ITH5,8,Emilia-Romagna,Emilia-Romagna,4459477,500686,11.23,0.6
1042,2021-03-10,EMR,18680,7651,11029,1315,586,143,4548,28,66,10046,286,1594,68,13040,5640,ITH,ITH5,8,Emilia-Romagna,Emilia-Romagna,4459477,519366,11.65,0.42
1043,2021-04-18,EMR,17444,8371,9073,265,164,152,26,219,6264,2348,7968,15,23,12534,4910,ITH,ITH5,8,Emilia-Romagna,Emilia-Romagna,4459477,536810,12.04,0.39
1044,2021-03-06,EMR,20610,5880,14730,2721,413,49,10447,66,46,5920,111,566,271,17881,2729,ITH,ITH5,8,Emilia-Romagna,Emilia-Romagna,4459477,557420,12.5,0.46
1045,2021-03-14,EMR,8694,3744,4950,728,212,69,928,16,66,5531,650,407,87,4898,3796,ITH,ITH5,8,Emilia-Romagna,Emilia-Romagna,4459477,566114,12.69,0.19
1046,2021-04-13,EMR,23565,11036,12529,487,145,186,51,346,10340,6153,5729,51,77,19280,4285,ITH,ITH5,8,Emilia-Romagna,Emilia-Romagna,4459477,589679,13.22,0.53
1047,2021-02-02,EMR,9479,3049,6430,6243,1348,1633,1,27,4,127,6,0,90,526,8953,ITH,ITH5,8,Emilia-Romagna,Emilia-Romagna,4459477,599158,13.44,0.21
1048,2021-04-03,EMR,19931,8763,11168,376,192,39,431,194,2855,10579,5084,76,105,16193,3738,ITH,ITH5,8,Emilia-Romagna,Emilia-Romagna,4459477,619089,13.88,0.45
1049,2021-01-31,EMR,7695,2761,4934,6174,1124,263,0,16,12,32,0,0,74,241,7454,ITH,ITH5,8,Emilia-Romagna,Emilia-Romagna,4459477,626784,14.06,0.17
1050,2021-03-17,EMR,13714,5690,8024,366,137,108,19,52,399,11884,672,1,76,5869,7845,ITH,ITH5,8,Emilia-Romagna,Emilia-Romagna,4459477,640498,14.36,0.31
1051,2021-01-06,EMR,8265,2943,5322,6854,641,649,0,13,9,44,0,1,54,8265,0,ITH,ITH5,8,Emilia-Romagna,Emilia-Romagna,4459477,648763,14.55,0.19
1052,2021-02-25,EMR,9228,3497,5731,799,187,157,95,47,41,7673,30,0,199,8274,954,ITH,ITH5,8,Emilia-Romagna,Emilia-Romagna,4459477,657991,14.75,0.21
1053,2021-01-26,EMR,8334,3000,5334,6609,537,1031,0,22,2,5,0,0,128,215,8119,ITH,ITH5,8,Emilia-Romagna,Emilia-Romagna,4459477,666325,14.94,0.19
1054,2021-04-24,EMR,28566,13211,15355,498,247,38,37,384,7207,8598,11428,32,97,14359,14207,ITH,ITH5,8,Emilia-Romagna,Emilia-Romagna,4459477,694891,15.58,0.64
1055,2021-02-04,EMR,9934,3205,6729,6437,1466,1675,1,39,11,160,5,0,140,1250,8684,ITH,ITH5,8,Emilia-Romagna,Emilia-Romagna,4459477,704825,15.81,0.22
1056,2021-04-27,EMR,29836,13801,16035,827,167,146,26,3375,7734,7165,9981,180,235,17383,12453,ITH,ITH5,8,Emilia-Romagna,Emilia-Romagna,4459477,734661,16.47,0.67
1057,2021-03-29,EMR,21178,9428,11750,697,206,118,644,129,5519,9296,4260,204,105,16531,4647,ITH,ITH5,8,Emilia-Romagna,Emilia-Romagna,4459477,755839,16.95,0.47
1058,2021-03-15,EMR,13238,6065,7173,812,461,190,541,25,101,9158,812,1075,63,6743,6495,ITH,ITH5,8,Emilia-Romagna,Emilia-Romagna,4459477,769077,17.25,0.3
1059,2021-01-10,EMR,7130,2665,4465,5648,951,499,1,4,1,7,0,0,19,7130,0,ITH,ITH5,8,Emilia-Romagna,Emilia-Romagna,4459477,776207,17.41,0.16
1060,2021-01-12,EMR,9410,3111,6299,6377,1182,1690,0,31,2,33,0,0,95,9410,0,ITH,ITH5,8,Emilia-Romagna,Emilia-Romagna,4459477,785617,17.62,0.21
1061,2021-01-13,EMR,9071,2940,6131,6009,916,1745,1,39,12,91,0,0,258,9071,0,ITH,ITH5,8,Emilia-Romagna,Emilia-Romagna,4459477,794688,17.82,0.2
1062,2021-03-21,EMR,11917,5271,6646,567,357,114,587,31,2734,6116,804,503,104,7313,4604,ITH,ITH5,8,Emilia-Romagna,Emilia-Romagna,4459477,806605,18.09,0.27
1063,2021-04-23,EMR,29518,13793,15725,507,127,136,56,300,7171,9023,12144,21,33,14668,14850,ITH,ITH5,8,Emilia-Romagna,Emilia-Romagna,4459477,836123,18.75,0.66
1064,2021-02-26,EMR,7865,2995,4870,1060,360,258,312,24,28,5606,60,0,157,6819,1046,ITH,ITH5,8,Emilia-Romagna,Emilia-Romagna,4459477,843988,18.93,0.18
1065,2021-02-06,EMR,7599,2405,5194,5380,862,1221,0,13,4,51,0,1,67,2130,5469,ITH,ITH5,8,Emilia-Romagna,Emilia-Romagna,4459477,851587,19.1,0.17
1066,2021-04-16,EMR,28773,13543,15230,617,153,92,71,379,10523,5830,10955,37,116,19960,8813,ITH,ITH5,8,Emilia-Romagna,Emilia-Romagna,4459477,880360,19.74,0.65
1067,2021-05-05,EMR,29340,13648,15692,1234,134,71,198,7100,4365,4187,11477,84,490,18120,11220,ITH,ITH5,8,Emilia-Romagna,Emilia-Romagna,4459477,909700,20.4,0.66
1068,2021-02-05,EMR,9314,2966,6348,6218,1148,1611,1,19,9,223,3,0,82,1637,7677,ITH,ITH5,8,Emilia-Romagna,Emilia-Romagna,4459477,919014,20.61,0.21
1069,2021-05-01,EMR,28376,12763,15613,598,139,10,53,4467,5017,6094,11946,19,33,15607,12769,ITH,ITH5,8,Emilia-Romagna,Emilia-Romagna,4459477,947390,21.24,0.64
1070,2021-01-24,EMR,2443,885,1558,2080,93,249,0,5,1,0,0,0,15,299,2144,ITH,ITH5,8,Emilia-Romagna,Emilia-Romagna,4459477,949833,21.3,0.05
1071,2021-04-02,EMR,23273,10480,12793,732,312,110,948,341,3823,10967,5731,227,82,18815,4458,ITH,ITH5,8,Emilia-Romagna,Emilia-Romagna,4459477,973106,21.82,0.52
1072,2021-03-04,EMR,16421,5343,11078,2615,603,254,5463,50,55,6405,163,512,301,13416,3005,ITH,ITH5,8,Emilia-Romagna,Emilia-Romagna,4459477,989527,22.19,0.37
1073,2021-04-10,EMR,20846,9261,11585,515,209,88,188,194,4087,8960,6510,24,71,16717,4129,ITH,ITH5,8,Emilia-Romagna,Emilia-Romagna,4459477,1010373,22.66,0.47
1074,2021-02-13,EMR,3626,1085,2541,2791,382,144,0,8,7,244,0,0,50,3028,598,ITH,ITH5,8,Emilia-Romagna,Emilia-Romagna,4459477,1013999,22.74,0.08
1075,2021-03-22,EMR,17452,7645,9807,1135,425,169,600,50,3598,9567,1241,588,79,10589,6863,ITH,ITH5,8,Emilia-Romagna,Emilia-Romagna,4459477,1031451,23.13,0.39
1076,2021-03-24,EMR,21051,9291,11760,1215,377,124,1732,270,3449,10636,2707,394,147,13680,7371,ITH,ITH5,8,Emilia-Romagna,Emilia-Romagna,4459477,1052502,23.6,0.47
1077,2021-03-23,EMR,18693,8065,10628,1126,486,196,1362,80,3704,9340,1868,436,95,12007,6686,ITH,ITH5,8,Emilia-Romagna,Emilia-Romagna,4459477,1071195,24.02,0.42
1078,2021-05-08,EMR,31080,14538,16542,462,118,60,368,7451,3543,1909,16705,37,427,19715,11365,ITH,ITH5,8,Emilia-Romagna,Emilia-Romagna,4459477,1102275,24.72,0.7
1079,2021-02-08,EMR,5227,1532,3695,2840,577,1485,1,10,8,247,0,0,59,2313,2914,ITH,ITH5,8,Emilia-Romagna,Emilia-Romagna,4459477,1107502,24.83,0.12
1080,2021-04-08,EMR,30673,14060,16613,2479,576,222,315,401,6639,11050,8622,135,234,25399,5274,ITH,ITH5,8,Emilia-Romagna,Emilia-Romagna,4459477,1138175,25.52,0.69
1081,2021-05-23,EMR,24154,11213,12941,539,183,12,837,7686,1115,402,8860,340,4180,13513,10641,ITH,ITH5,8,Emilia-Romagna,Emilia-Romagna,4459477,1162329,26.06,0.54
1082,2021-04-19,EMR,20816,9750,11066,329,108,164,25,172,8519,3392,8043,22,42,14562,6254,ITH,ITH5,8,Emilia-Romagna,Emilia-Romagna,4459477,1183145,26.53,0.47
1083,2021-02-01,EMR,10319,3610,6709,7473,1502,1260,0,13,7,0,0,0,64,362,9957,ITH,ITH5,8,Emilia-Romagna,Emilia-Romagna,4459477,1193464,26.76,0.23
1084,2021-04-29,EMR,44707,21007,23700,1412,264,104,71,7175,7521,8751,18933,70,406,27167,17540,ITH,ITH5,8,Emilia-Romagna,Emilia-Romagna,4459477,1238171,27.76,1.0
1085,2021-02-22,EMR,7481,3091,4390,389,110,130,0,12,25,6797,9,0,9,7206,275,ITH,ITH5,8,Emilia-Romagna,Emilia-Romagna,4459477,1245652,27.93,0.17
1086,2021-05-12,EMR,37976,17875,20101,402,113,139,1181,12820,3141,2097,12909,58,5116,28396,9580,ITH,ITH5,8,Emilia-Romagna,Emilia-Romagna,4459477,1283628,28.78,0.85
1087,2021-05-18,EMR,27596,12572,15024,1638,449,188,1905,7100,1663,912,8420,829,4492,17293,10303,ITH,ITH5,8,Emilia-Romagna,Emilia-Romagna,4459477,1311224,29.4,0.62
1088,2021-05-06,EMR,35402,16367,19035,1780,444,120,222,7307,5205,3913,15793,71,547,22385,13017,ITH,ITH5,8,Emilia-Romagna,Emilia-Romagna,4459477,1346626,30.2,0.79
1089,2021-01-16,EMR,5626,1718,3908,3690,694,1136,1,18,2,0,0,3,82,5626,0,ITH,ITH5,8,Emilia-Romagna,Emilia-Romagna,4459477,1352252,30.32,0.13
1090,2021-03-12,EMR,18089,7530,10559,1586,898,311,3041,48,73,9901,463,1555,213,11372,6717,ITH,ITH5,8,Emilia-Romagna,Emilia-Romagna,4459477,1370341,30.73,0.41
1091,2021-04-01,EMR,23860,10725,13135,1027,268,146,995,217,4249,11359,5332,171,96,19329,4531,ITH,ITH5,8,Emilia-Romagna,Emilia-Romagna,4459477,1394201,31.26,0.54
1092,2021-01-19,EMR,2045,505,1540,747,133,1161,0,0,0,0,0,0,4,2028,17,ITH,ITH5,8,Emilia-Romagna,Emilia-Romagna,4459477,1396246,31.31,0.05
1093,2021-02-03,EMR,9350,2994,6356,6235,1177,1659,0,29,15,136,7,1,91,983,8367,ITH,ITH5,8,Emilia-Romagna,Emilia-Romagna,4459477,1405596,31.52,0.21
1094,2021-05-24,EMR,26445,12029,14416,1000,331,39,2006,5274,1455,590,8886,1021,5843,15908,10537,ITH,ITH5,8,Emilia-Romagna,Emilia-Romagna,4459477,1432041,32.11,0.59
1095,2021-01-18,EMR,3127,879,2248,1682,239,1129,0,12,0,3,0,0,62,2449,678,ITH,ITH5,8,Emilia-Romagna,Emilia-Romagna,4459477,1435168,32.18,0.07
1096,2021-01-03,EMR,2754,941,1813,2504,61,170,0,3,0,0,0,0,16,2754,0,ITH,ITH5,8,Emilia-Romagna,Emilia-Romagna,4459477,1437922,32.24,0.06
1097,2021-01-04,EMR,7272,2514,4758,6175,350,578,0,16,9,43,0,1,100,7272,0,ITH,ITH5,8,Emilia-Romagna,Emilia-Romagna,4459477,1445194,32.41,0.16
1098,2021-05-16,EMR,25463,11982,13481,384,76,5,709,10294,1398,514,8024,102,3957,18376,7087,ITH,ITH5,8,Emilia-Romagna,Emilia-Romagna,4459477,1470657,32.98,0.57
1099,2021-01-15,EMR,7744,2403,5341,5304,946,1319,1,15,11,61,0,0,87,7744,0,ITH,ITH5,8,Emilia-Romagna,Emilia-Romagna,4459477,1478401,33.15,0.17
1100,2021-05-02,EMR,25435,11588,13847,580,124,63,58,5160,4485,6123,8684,98,60,13453,11982,ITH,ITH5,8,Emilia-Romagna,Emilia-Romagna,4459477,1503836,33.72,0.57
1101,2021-03-08,EMR,12079,4982,7097,2310,612,324,2388,19,39,4341,82,1820,144,9408,2671,ITH,ITH5,8,Emilia-Romagna,Emilia-Romagna,4459477,1515915,33.99,0.27
1102,2021-05-04,EMR,28532,13366,15166,658,135,95,58,5991,4898,6521,9948,44,184,14884,13648,ITH,ITH5,8,Emilia-Romagna,Emilia-Romagna,4459477,1544447,34.63,0.64
1103,2021-01-29,EMR,10411,3497,6914,8109,1084,1060,1,32,7,11,0,0,107,289,10122,ITH,ITH5,8,Emilia-Romagna,Emilia-Romagna,4459477,1554858,34.87,0.23
1104,2021-02-12,EMR,5320,1679,3641,3399,772,706,0,10,19,358,11,0,45,3917,1403,ITH,ITH5,8,Emilia-Romagna,Emilia-Romagna,4459477,1560178,34.99,0.12
1105,2021-03-01,EMR,10085,3574,6511,1835,340,434,1254,25,38,5619,65,311,164,7832,2253,ITH,ITH5,8,Emilia-Romagna,Emilia-Romagna,4459477,1570263,35.21,0.23
1106,2021-03-30,EMR,23274,10287,12987,870,246,164,1189,125,5418,10716,4290,140,116,18241,5033,ITH,ITH5,8,Emilia-Romagna,Emilia-Romagna,4459477,1593537,35.73,0.52
1107,2021-04-09,EMR,25410,11530,13880,1374,276,207,433,263,4867,10683,7193,83,31,19756,5654,ITH,ITH5,8,Emilia-Romagna,Emilia-Romagna,4459477,1618947,36.3,0.57
1108,2021-04-15,EMR,28933,13776,15157,942,208,142,50,297,10062,5833,11233,34,132,19285,9648,ITH,ITH5,8,Emilia-Romagna,Emilia-Romagna,4459477,1647880,36.95,0.65
1109,2021-04-30,EMR,36491,16726,19765,1258,259,131,100,5628,7410,7551,13774,79,301,21712,14779,ITH,ITH5,8,Emilia-Romagna,Emilia-Romagna,4459477,1684371,37.77,0.82
1110,2021-02-18,EMR,7039,2892,4147,894,180,236,0,4,13,5672,26,1,13,6456,583,ITH,ITH5,8,Emilia-Romagna,Emilia-Romagna,4459477,1691410,37.93,0.16
1111,2021-03-31,EMR,25126,10947,14179,1173,288,123,1287,188,4697,12487,4587,160,136,19669,5457,ITH,ITH5,8,Emilia-Romagna,Emilia-Romagna,4459477,1716536,38.49,0.56
1112,2021-01-09,EMR,9946,3440,6506,7869,1067,889,0,18,2,2,0,0,99,9946,0,ITH,ITH5,8,Emilia-Romagna,Emilia-Romagna,4459477,1726482,38.71,0.22
1113,2021-02-16,EMR,5766,2443,3323,745,339,437,0,8,7,4207,8,2,13,5235,531,ITH,ITH5,8,Emilia-Romagna,Emilia-Romagna,4459477,1732248,38.84,0.13
1114,2021-02-17,EMR,6538,2764,3774,804,258,404,0,10,15,4989,25,0,33,5765,773,ITH,ITH5,8,Emilia-Romagna,Emilia-Romagna,4459477,1738786,38.99,0.15
1115,2021-05-11,EMR,35088,16449,18639,354,57,156,782,14111,2949,1634,10495,67,4483,27836,7252,ITH,ITH5,8,Emilia-Romagna,Emilia-Romagna,4459477,1773874,39.78,0.79
1116,2021-02-24,EMR,9323,3556,5767,652,156,228,65,50,29,7854,19,0,270,8443,880,ITH,ITH5,8,Emilia-Romagna,Emilia-Romagna,4459477,1783197,39.99,0.21
1117,2021-05-17,EMR,30263,14370,15893,495,205,77,1008,10063,1942,1087,9956,750,4680,20885,9378,ITH,ITH5,8,Emilia-Romagna,Emilia-Romagna,4459477,1813460,40.67,0.68
1118,2021-01-08,EMR,10837,3570,7267,8468,1135,1089,1,25,3,5,0,1,110,10837,0,ITH,ITH5,8,Emilia-Romagna,Emilia-Romagna,4459477,1824297,40.91,0.24
1119,2021-02-27,EMR,10966,3999,6967,1731,245,122,942,37,30,7755,8,0,96,9228,1738,ITH,ITH5,8,Emilia-Romagna,Emilia-Romagna,4459477,1835263,41.15,0.25
1120,2021-04-25,EMR,22304,10211,12093,775,128,6,32,254,6811,4123,9854,157,164,14800,7504,ITH,ITH5,8,Emilia-Romagna,Emilia-Romagna,4459477,1857567,41.65,0.5
1121,2021-02-19,EMR,7327,3010,4317,821,214,257,0,4,18,5959,33,0,21,6813,514,ITH,ITH5,8,Emilia-Romagna,Emilia-Romagna,4459477,1864894,41.82,0.16
1122,2021-05-03,EMR,27835,13157,14678,496,114,86,93,8665,5134,4713,8347,24,163,16967,10868,ITH,ITH5,8,Emilia-Romagna,Emilia-Romagna,4459477,1892729,42.44,0.62
1123,2021-04-05,EMR,14856,6807,8049,283,89,6,243,74,2915,7584,3593,30,39,11963,2893,ITH,ITH5,8,Emilia-Romagna,Emilia-Romagna,4459477,1907585,42.78,0.33
1124,2021-02-21,EMR,4450,1708,2742,396,108,190,0,4,11,3708,18,0,15,4010,440,ITH,ITH5,8,Emilia-Romagna,Emilia-Romagna,4459477,1912035,42.88,0.1
1125,2021-04-28,EMR,32639,15072,17567,865,146,118,156,5266,7236,6790,11719,45,298,19756,12883,ITH,ITH5,8,Emilia-Romagna,Emilia-Romagna,4459477,1944674,43.61,0.73
1126,2021-02-14,EMR,1401,378,1023,860,363,39,0,19,5,19,1,0,95,1281,120,ITH,ITH5,8,Emilia-Romagna,Emilia-Romagna,4459477,1946075,43.64,0.03
1127,2021-03-26,EMR,23408,9898,13510,1422,600,233,2650,174,4779,9348,3788,278,136,16974,6434,ITH,ITH5,8,Emilia-Romagna,Emilia-Romagna,4459477,1969483,44.16,0.52
1128,2021-02-28,EMR,6822,2527,4295,1775,248,53,304,29,17,4251,8,4,133,4976,1846,ITH,ITH5,8,Emilia-Romagna,Emilia-Romagna,4459477,1976305,44.32,0.15
1129,2021-02-09,EMR,4152,1247,2905,2219,376,1199,0,2,15,278,0,0,63,2306,1846,ITH,ITH5,8,Emilia-Romagna,Emilia-Romagna,4459477,1980457,44.41,0.09
1130,2021-05-10,EMR,33421,15895,17526,357,120,83,201,14452,3205,1528,10803,55,2617,26196,7225,ITH,ITH5,8,Emilia-Romagna,Emilia-Romagna,4459477,2013878,45.16,0.75
1131,2021-01-05,EMR,9347,3167,6180,7929,552,769,0,18,4,0,1,0,74,9347,0,ITH,ITH5,8,Emilia-Romagna,Emilia-Romagna,4459477,2023225,45.37,0.21
1132,2021-05-09,EMR,24195,11587,12608,213,65,13,62,8018,2599,751,11914,23,537,17241,6954,ITH,ITH5,8,Emilia-Romagna,Emilia-Romagna,4459477,2047420,45.91,0.54
1133,2021-05-21,EMR,36806,16466,20340,666,119,145,3493,12149,2698,1070,12160,514,3792,20311,16495,ITH,ITH5,8,Emilia-Romagna,Emilia-Romagna,4459477,2084226,46.74,0.83
1134,2021-01-02,EMR,2353,905,1448,2075,57,198,0,3,0,2,0,0,18,2353,0,ITH,ITH5,8,Emilia-Romagna,Emilia-Romagna,4459477,2086579,46.79,0.05
1135,2021-01-20,EMR,1323,270,1053,393,131,787,0,0,0,1,0,0,11,1322,1,ITH,ITH5,8,Emilia-Romagna,Emilia-Romagna,4459477,2087902,46.82,0.03
1136,2020-12-27,EMR,970,372,598,825,5,26,0,24,1,0,0,0,89,970,0,ITH,ITH5,8,Emilia-Romagna,Emilia-Romagna,4459477,2088872,46.84,0.02
1137,2021-04-20,EMR,22535,10368,12167,302,84,58,30,212,7741,5587,8472,21,28,14203,8332,ITH,ITH5,8,Emilia-Romagna,Emilia-Romagna,4459477,2111407,47.35,0.51
1138,2021-03-11,EMR,17219,7114,10105,1138,839,319,3838,34,52,8852,425,1532,190,11368,5851,ITH,ITH5,8,Emilia-Romagna,Emilia-Romagna,4459477,2128626,47.73,0.39
1139,2021-01-07,EMR,10222,3387,6835,8193,856,1068,0,20,5,3,0,0,77,10222,0,ITH,ITH5,8,Emilia-Romagna,Emilia-Romagna,4459477,2138848,47.96,0.23
1140,2021-04-07,EMR,25743,11697,14046,665,188,158,360,372,5596,12979,5247,78,100,19740,6003,ITH,ITH5,8,Emilia-Romagna,Emilia-Romagna,4459477,2164591,48.54,0.58
1141,2021-03-03,EMR,15821,5245,10576,2534,525,155,4859,51,48,6858,95,342,354,13348,2473,ITH,ITH5,8,Emilia-Romagna,Emilia-Romagna,4459477,2180412,48.89,0.35
1142,2021-03-18,EMR,13672,5806,7866,449,150,94,49,47,474,10854,1357,5,193,5673,7999,ITH,ITH5,8,Emilia-Romagna,Emilia-Romagna,4459477,2194084,49.2,0.31
1143,2021-02-23,EMR,8214,3218,4996,408,147,113,1,24,22,7456,23,0,20,7828,386,ITH,ITH5,8,Emilia-Romagna,Emilia-Romagna,4459477,2202298,49.38,0.18
1144,2021-01-28,EMR,10247,3338,6909,8078,861,1127,0,28,10,1,0,0,142,349,9898,ITH,ITH5,8,Emilia-Romagna,Emilia-Romagna,4459477,2212545,49.61,0.23
1145,2021-03-07,EMR,6861,2640,4221,1457,338,22,1253,13,15,2599,565,561,38,5344,1517,ITH,ITH5,8,Emilia-Romagna,Emilia-Romagna,4459477,2219406,49.77,0.15
1146,2021-01-14,EMR,8100,2579,5521,5402,920,1607,0,39,7,5,1,1,118,8100,0,ITH,ITH5,8,Emilia-Romagna,Emilia-Romagna,4459477,2227506,49.95,0.18
1147,2021-04-14,EMR,26918,12774,14144,676,193,148,72,529,10065,7432,7714,59,30,20850,6068,ITH,ITH5,8,Emilia-Romagna,Emilia-Romagna,4459477,2254424,50.55,0.6
1148,2021-01-23,EMR,2447,870,1577,1900,86,433,0,5,1,2,0,0,20,443,2004,ITH,ITH5,8,Emilia-Romagna,Emilia-Romagna,4459477,2256871,50.61,0.05
1149,2021-03-02,EMR,11816,3893,7923,1974,409,232,3048,42,40,5419,41,373,238,9795,2021,ITH,ITH5,8,Emilia-Romagna,Emilia-Romagna,4459477,2268687,50.87,0.26
1150,2021-02-11,EMR,4250,1416,2834,2533,528,719,2,15,18,374,3,0,58,3410,840,ITH,ITH5,8,Emilia-Romagna,Emilia-Romagna,4459477,2272937,50.97,0.1
1151,2021-03-13,EMR,16068,6305,9763,1251,479,81,4013,52,55,8278,566,1124,169,10756,5312,ITH,ITH5,8,Emilia-Romagna,Emilia-Romagna,4459477,2289005,51.33,0.36
1152,2021-03-25,EMR,21371,9336,12035,1103,351,166,2091,157,3063,9935,3624,725,156,14384,6987,ITH,ITH5,8,Emilia-Romagna,Emilia-Romagna,4459477,2310376,51.81,0.48
1153,2021-03-09,EMR,14662,5958,8704,1029,456,228,3605,21,56,7704,186,1334,43,10706,3956,ITH,ITH5,8,Emilia-Romagna,Emilia-Romagna,4459477,2325038,52.14,0.33
1154,2021-02-10,EMR,4015,1381,2634,2398,357,780,0,23,15,317,9,0,116,2761,1254,ITH,ITH5,8,Emilia-Romagna,Emilia-Romagna,4459477,2329053,52.23,0.09
1155,2021-03-27,EMR,21550,9019,12531,757,295,48,2342,118,4191,9572,3830,242,155,14655,6895,ITH,ITH5,8,Emilia-Romagna,Emilia-Romagna,4459477,2350603,52.71,0.48
1156,2021-01-27,EMR,8359,2947,5412,6907,653,672,0,26,4,2,0,1,94,464,7895,ITH,ITH5,8,Emilia-Romagna,Emilia-Romagna,4459477,2358962,52.9,0.19
1157,2021-02-20,EMR,5317,2094,3223,408,116,155,0,7,21,4591,5,0,14,5053,264,ITH,ITH5,8,Emilia-Romagna,Emilia-Romagna,4459477,2364279,53.02,0.12
1158,2021-02-15,EMR,2902,849,2053,1987,369,160,0,3,9,326,18,0,30,2776,126,ITH,ITH5,8,Emilia-Romagna,Emilia-Romagna,4459477,2367181,53.08,0.07
1159,2021-05-15,EMR,32643,14683,17960,335,86,26,2364,11639,2423,1552,10155,34,4029,22325,10318,ITH,ITH5,8,Emilia-Romagna,Emilia-Romagna,4459477,2399824,53.81,0.73
1160,2021-04-10,CAM,28341,13485,14856,258,61,90,736,334,7069,6313,12856,213,411,23426,4915,ITF,ITF3,15,Campania,Campania,5801692,28341,0.49,0.49
1161,2021-04-04,CAM,7959,4012,3947,177,28,6,73,51,1217,1996,4046,64,301,6915,1044,ITF,ITF3,15,Campania,Campania,5801692,36300,0.63,0.14
1162,2021-05-12,CAM,40792,19910,20882,107,266,19,946,6835,4198,1681,11961,655,14124,31658,9134,ITF,ITF3,15,Campania,Campania,5801692,77092,1.33,0.7
1163,2021-04-28,CAM,36391,17611,18780,168,46,55,226,7007,6954,3705,15802,335,2093,26645,9746,ITF,ITF3,15,Campania,Campania,5801692,113483,1.96,0.63
1164,2021-04-02,CAM,21731,10409,11322,264,48,108,1062,138,6337,3967,8559,515,733,19410,2321,ITF,ITF3,15,Campania,Campania,5801692,135214,2.33,0.37
1165,2021-02-19,CAM,9570,3559,6011,1663,169,161,2207,103,35,4457,0,0,775,8920,650,ITF,ITF3,15,Campania,Campania,5801692,144784,2.5,0.16
1166,2021-01-12,CAM,5214,2563,2651,3439,722,340,0,104,29,7,0,0,573,5214,0,ITF,ITF3,15,Campania,Campania,5801692,149998,2.59,0.09
1167,2021-03-26,CAM,19454,8927,10527,363,40,144,1634,100,3149,7625,5467,463,469,15641,3813,ITF,ITF3,15,Campania,Campania,5801692,169452,2.92,0.34
1168,2021-02-11,CAM,6278,2704,3574,1861,279,129,0,238,90,2410,0,0,1271,6212,66,ITF,ITF3,15,Campania,Campania,5801692,175730,3.03,0.11
1169,2021-01-01,CAM,919,506,413,831,85,0,0,2,0,0,0,0,1,919,0,ITF,ITF3,15,Campania,Campania,5801692,176649,3.04,0.02
1170,2021-02-22,CAM,10681,3295,7386,545,60,144,5557,63,38,3899,0,0,375,10418,263,ITF,ITF3,15,Campania,Campania,5801692,187330,3.23,0.18
1171,2021-01-18,CAM,957,399,558,576,93,187,0,12,4,17,0,0,68,713,244,ITF,ITF3,15,Campania,Campania,5801692,188287,3.25,0.02
1172,2021-04-03,CAM,21111,10314,10797,203,50,189,558,107,5969,4524,8850,207,454,18733,2378,ITF,ITF3,15,Campania,Campania,5801692,209398,3.61,0.36
1173,2021-01-16,CAM,3369,1675,1694,1355,230,373,0,231,63,32,0,0,1085,3369,0,ITF,ITF3,15,Campania,Campania,5801692,212767,3.67,0.06
1174,2021-02-08,CAM,5112,2449,2663,1387,320,226,0,327,180,1436,0,0,1236,4310,802,ITF,ITF3,15,Campania,Campania,5801692,217879,3.76,0.09
1175,2021-04-01,CAM,24338,11687,12651,416,63,108,1625,171,4312,7033,9396,571,643,20206,4132,ITF,ITF3,15,Campania,Campania,5801692,242217,4.17,0.42
1176,2021-03-13,CAM,14249,6794,7455,403,136,193,3683,84,27,6714,0,2325,684,8967,5282,ITF,ITF3,15,Campania,Campania,5801692,256466,4.42,0.25
1177,2021-01-06,CAM,7652,3749,3903,5780,838,300,0,116,29,4,0,0,585,7652,0,ITF,ITF3,15,Campania,Campania,5801692,264118,4.55,0.13
1178,2021-03-16,CAM,8086,3519,4567,289,61,60,112,47,85,6876,235,29,292,3772,4314,ITF,ITF3,15,Campania,Campania,5801692,272204,4.69,0.14
1179,2021-03-12,CAM,14246,7095,7151,1022,156,82,2803,114,56,6604,0,2438,971,8164,6082,ITF,ITF3,15,Campania,Campania,5801692,286450,4.94,0.25
1180,2021-01-29,CAM,10052,4812,5240,6405,1052,259,0,307,75,19,0,0,1935,47,10005,ITF,ITF3,15,Campania,Campania,5801692,296502,5.11,0.17
1181,2021-04-12,CAM,23302,10917,12385,149,64,68,218,1028,10305,3274,7757,128,311,20265,3037,ITF,ITF3,15,Campania,Campania,5801692,319804,5.51,0.4
1182,2021-05-16,CAM,51078,23174,27904,282,107,2,5583,4618,2844,1283,18833,204,17322,33549,17529,ITF,ITF3,15,Campania,Campania,5801692,370882,6.39,0.88
1183,2021-05-04,CAM,48428,23332,25096,202,117,106,235,11805,7379,2120,17172,517,8775,39540,8888,ITF,ITF3,15,Campania,Campania,5801692,419310,7.23,0.83
1184,2021-05-21,CAM,63367,29338,34029,241,548,44,4888,4188,2531,1679,23513,406,25329,43181,20186,ITF,ITF3,15,Campania,Campania,5801692,482677,8.32,1.09
1185,2020-12-27,CAM,720,422,298,703,14,0,0,0,1,0,0,0,2,720,0,ITF,ITF3,15,Campania,Campania,5801692,483397,8.33,0.01
1186,2021-04-15,CAM,34335,16657,17678,313,46,21,319,4262,7018,6172,15628,121,435,24438,9897,ITF,ITF3,15,Campania,Campania,5801692,517732,8.92,0.59
1187,2021-04-18,CAM,27213,13281,13932,108,23,7,240,3940,5520,5399,11735,84,157,18315,8898,ITF,ITF3,15,Campania,Campania,5801692,544945,9.39,0.47
1188,2021-02-16,CAM,5438,2411,3027,984,277,169,1,118,43,3190,0,0,656,4667,771,ITF,ITF3,15,Campania,Campania,5801692,550383,9.49,0.09
1189,2021-02-27,CAM,13950,4473,9477,825,290,82,8314,248,112,3184,0,0,895,12308,1642,ITF,ITF3,15,Campania,Campania,5801692,564333,9.73,0.24
1190,2021-02-17,CAM,7388,3210,4178,1013,208,38,362,129,70,4913,0,0,655,6328,1060,ITF,ITF3,15,Campania,Campania,5801692,571721,9.85,0.13
1191,2021-04-21,CAM,30215,14720,15495,104,43,6,265,5932,7879,3720,11924,104,238,17990,12225,ITF,ITF3,15,Campania,Campania,5801692,601936,10.38,0.52
1192,2021-01-25,CAM,5744,2926,2818,4743,644,56,0,46,13,2,0,0,240,164,5580,ITF,ITF3,15,Campania,Campania,5801692,607680,10.47,0.1
1193,2021-01-09,CAM,10567,5024,5543,6760,1256,269,0,253,64,21,0,0,1944,10567,0,ITF,ITF3,15,Campania,Campania,5801692,618247,10.66,0.18
1194,2021-04-24,CAM,36310,17510,18800,148,36,7,372,4561,8221,4174,18184,142,465,25071,11239,ITF,ITF3,15,Campania,Campania,5801692,654557,11.28,0.63
1195,2021-02-18,CAM,9080,3812,5268,1752,241,89,438,142,57,5562,0,1,798,8372,708,ITF,ITF3,15,Campania,Campania,5801692,663637,11.44,0.16
1196,2021-01-08,CAM,10455,4968,5487,6714,1147,212,0,309,80,18,0,0,1975,10455,0,ITF,ITF3,15,Campania,Campania,5801692,674092,11.62,0.18
1197,2021-04-11,CAM,17522,8605,8917,116,34,2,203,313,5111,1835,9599,83,226,15440,2082,ITF,ITF3,15,Campania,Campania,5801692,691614,11.92,0.3
1198,2021-05-18,CAM,52037,23139,28898,373,512,50,8564,6678,3475,1470,14344,286,16285,32505,19532,ITF,ITF3,15,Campania,Campania,5801692,743651,12.82,0.9
1199,2021-05-06,CAM,57241,27886,29355,247,129,111,293,8744,5747,3161,20059,364,18386,42799,14442,ITF,ITF3,15,Campania,Campania,5801692,800892,13.8,0.99
1200,2021-04-29,CAM,41267,20002,21265,267,106,76,673,7039,7479,3618,19977,344,1688,24803,16464,ITF,ITF3,15,Campania,Campania,5801692,842159,14.52,0.71
1201,2021-01-14,CAM,7073,2977,4096,3707,1264,350,0,206,61,14,0,0,1471,7073,0,ITF,ITF3,15,Campania,Campania,5801692,849232,14.64,0.12
1202,2021-05-11,CAM,39865,19242,20623,143,225,21,2190,6482,3771,1633,11010,480,13910,30497,9368,ITF,ITF3,15,Campania,Campania,5801692,889097,15.32,0.69
1203,2021-02-25,CAM,12425,4478,7947,802,119,124,4809,144,81,5691,1,0,654,11237,1188,ITF,ITF3,15,Campania,Campania,5801692,901522,15.54,0.21
1204,2021-02-20,CAM,8573,3080,5493,1023,158,145,1976,57,13,4588,0,0,613,8270,303,ITF,ITF3,15,Campania,Campania,5801692,910095,15.69,0.15
1205,2021-04-27,CAM,32080,15582,16498,228,270,36,456,6665,6223,2863,14052,280,1007,24166,7914,ITF,ITF3,15,Campania,Campania,5801692,942175,16.24,0.55
1206,2021-02-14,CAM,3928,1923,2005,627,102,15,0,130,122,2475,0,0,457,3894,34,ITF,ITF3,15,Campania,Campania,5801692,946103,16.31,0.07
1207,2021-01-26,CAM,7340,3726,3614,5775,847,231,0,87,27,5,0,0,368,351,6989,ITF,ITF3,15,Campania,Campania,5801692,953443,16.43,0.13
1208,2021-05-03,CAM,40736,19880,20856,158,69,74,272,6902,8088,2224,14039,371,8539,28890,11846,ITF,ITF3,15,Campania,Campania,5801692,994179,17.14,0.7
1209,2021-04-13,CAM,26600,12680,13920,225,68,97,243,2699,11285,4204,7144,135,500,21071,5529,ITF,ITF3,15,Campania,Campania,5801692,1020779,17.59,0.46
1210,2021-03-14,CAM,8502,3721,4781,328,115,2,2015,56,27,4563,0,975,421,4363,4139,ITF,ITF3,15,Campania,Campania,5801692,1029281,17.74,0.15
1211,2021-02-10,CAM,6904,3413,3491,1945,284,98,0,448,235,2218,0,0,1676,6728,176,ITF,ITF3,15,Campania,Campania,5801692,1036185,17.86,0.12
1212,2021-05-05,CAM,51070,24816,26254,219,106,241,256,13139,8035,1830,14234,412,12598,44694,6376,ITF,ITF3,15,Campania,Campania,5801692,1087255,18.74,0.88
1213,2021-02-06,CAM,5340,2665,2675,1990,520,458,0,427,176,58,0,0,1711,2102,3238,ITF,ITF3,15,Campania,Campania,5801692,1092595,18.83,0.09
1214,2021-01-30,CAM,10721,5079,5642,6930,1278,227,0,251,68,18,0,0,1949,38,10683,ITF,ITF3,15,Campania,Campania,5801692,1103316,19.02,0.18
1215,2021-04-23,CAM,32295,15504,16791,161,42,68,319,5740,6224,3774,15464,180,323,23160,9135,ITF,ITF3,15,Campania,Campania,5801692,1135611,19.57,0.56
1216,2021-02-05,CAM,7260,3463,3797,3446,995,308,0,348,140,35,0,0,1988,2133,5127,ITF,ITF3,15,Campania,Campania,5801692,1142871,19.7,0.13
1217,2021-04-20,CAM,31980,15484,16496,152,40,121,333,7677,7193,4690,11291,141,342,20676,11304,ITF,ITF3,15,Campania,Campania,5801692,1174851,20.25,0.55
1218,2021-01-10,CAM,8165,3736,4429,5179,1010,97,0,232,62,13,0,0,1572,8165,0,ITF,ITF3,15,Campania,Campania,5801692,1183016,20.39,0.14
1219,2021-04-25,CAM,30697,15164,15533,344,104,5,200,8493,5521,2258,13356,89,327,25308,5389,ITF,ITF3,15,Campania,Campania,5801692,1213713,20.92,0.53
1220,2021-01-05,CAM,7238,3637,3601,5811,923,106,0,68,20,4,0,0,306,7238,0,ITF,ITF3,15,Campania,Campania,5801692,1220951,21.04,0.12
1221,2021-05-09,CAM,43167,20275,22892,162,65,25,822,6757,5864,1743,13196,151,14382,32080,11087,ITF,ITF3,15,Campania,Campania,5801692,1264118,21.79,0.74
1222,2021-01-11,CAM,4072,1871,2201,2386,681,252,0,111,28,14,0,0,600,4072,0,ITF,ITF3,15,Campania,Campania,5801692,1268190,21.86,0.07
1223,2021-04-16,CAM,34301,16552,17749,237,50,108,314,3196,6274,6633,16843,277,369,23643,10658,ITF,ITF3,15,Campania,Campania,5801692,1302491,22.45,0.59
1224,2021-05-22,CAM,67814,32432,35382,209,476,5,3286,5762,2753,2053,21694,299,31277,46434,21380,ITF,ITF3,15,Campania,Campania,5801692,1370305,23.62,1.17
1225,2021-05-02,CAM,43468,21529,21939,130,37,5,305,7582,6668,1836,17106,213,9586,32132,11336,ITF,ITF3,15,Campania,Campania,5801692,1413773,24.37,0.75
1226,2021-03-17,CAM,11588,5099,6489,489,134,49,136,55,158,10013,141,43,370,5008,6580,ITF,ITF3,15,Campania,Campania,5801692,1425361,24.57,0.2
1227,2021-03-01,CAM,12131,4248,7883,1155,319,148,5790,304,181,3104,0,0,1130,8018,4113,ITF,ITF3,15,Campania,Campania,5801692,1437492,24.78,0.21
1228,2021-02-04,CAM,7944,3429,4515,3966,1245,292,0,328,140,25,0,0,1948,1308,6636,ITF,ITF3,15,Campania,Campania,5801692,1445436,24.91,0.14
1229,2021-03-02,CAM,12756,4554,8202,1294,197,148,5905,367,225,3279,0,2,1339,8411,4345,ITF,ITF3,15,Campania,Campania,5801692,1458192,25.13,0.22
1230,2021-01-23,CAM,3838,2028,1810,3161,343,69,0,40,8,0,0,0,217,273,3565,ITF,ITF3,15,Campania,Campania,5801692,1462030,25.2,0.07
1231,2021-03-22,CAM,12739,5920,6819,308,762,74,2464,80,3638,3503,589,921,400,10699,2040,ITF,ITF3,15,Campania,Campania,5801692,1474769,25.42,0.22
1232,2021-03-27,CAM,21271,10030,11241,356,39,63,1952,88,4052,7144,6936,210,431,17407,3864,ITF,ITF3,15,Campania,Campania,5801692,1496040,25.79,0.37
1233,2021-05-17,CAM,49215,21605,27610,268,336,8,8909,7732,3376,1542,18626,208,8210,24077,25138,ITF,ITF3,15,Campania,Campania,5801692,1545255,26.63,0.85
1234,2021-03-31,CAM,22679,10905,11774,340,85,114,1165,143,7473,5172,7333,307,547,19240,3439,ITF,ITF3,15,Campania,Campania,5801692,1567934,27.03,0.39
1235,2021-05-13,CAM,55379,24807,30572,280,281,16,5313,6631,4508,2244,19974,326,15806,39391,15988,ITF,ITF3,15,Campania,Campania,5801692,1623313,27.98,0.95
1236,2021-02-15,CAM,5470,2516,2954,987,238,94,1,98,64,3403,1,1,583,5297,173,ITF,ITF3,15,Campania,Campania,5801692,1628783,28.07,0.09
1237,2021-02-24,CAM,11787,4149,7638,845,194,150,4200,45,24,5965,1,0,363,11099,688,ITF,ITF3,15,Campania,Campania,5801692,1640570,28.28,0.2
1238,2021-02-28,CAM,10412,3206,7206,496,116,22,5496,303,139,2261,0,0,1579,8512,1900,ITF,ITF3,15,Campania,Campania,5801692,1650982,28.46,0.18
1239,2021-02-07,CAM,2929,1382,1547,706,189,225,0,260,155,342,0,0,1052,2158,771,ITF,ITF3,15,Campania,Campania,5801692,1653911,28.51,0.05
1240,2021-05-14,CAM,60797,27455,33342,309,282,73,6084,7373,5211,2669,25331,327,13138,36311,24486,ITF,ITF3,15,Campania,Campania,5801692,1714708,29.56,1.05
1241,2021-01-17,CAM,1155,551,604,718,54,151,0,22,7,3,0,0,200,702,453,ITF,ITF3,15,Campania,Campania,5801692,1715863,29.58,0.02
1242,2021-02-09,CAM,4643,2202,2441,1148,178,6,0,356,211,1381,0,0,1363,4391,252,ITF,ITF3,15,Campania,Campania,5801692,1720506,29.66,0.08
1243,2021-05-19,CAM,50999,22486,28513,267,363,43,5958,9421,4317,1429,10775,420,18006,34514,16485,ITF,ITF3,15,Campania,Campania,5801692,1771505,30.53,0.88
1244,2021-03-28,CAM,15551,7499,8052,79,156,18,679,55,3592,5103,5532,165,172,13928,1623,ITF,ITF3,15,Campania,Campania,5801692,1787056,30.8,0.27
1245,2021-04-06,CAM,24371,11421,12950,306,116,142,1552,101,10161,5375,5996,210,412,19850,4521,ITF,ITF3,15,Campania,Campania,5801692,1811427,31.22,0.42
1246,2020-12-31,CAM,1490,811,679,1273,150,1,0,11,2,0,0,0,53,1490,0,ITF,ITF3,15,Campania,Campania,5801692,1812917,31.25,0.03
1247,2021-03-20,CAM,13880,6428,7452,295,43,35,2881,76,1677,6503,772,1021,577,10141,3739,ITF,ITF3,15,Campania,Campania,5801692,1826797,31.49,0.24
1248,2021-04-26,CAM,33985,16628,17357,216,141,4,166,8367,4157,2349,18111,148,326,28362,5623,ITF,ITF3,15,Campania,Campania,5801692,1860782,32.07,0.59
1249,2021-02-21,CAM,5834,2239,3595,780,45,22,509,56,14,3871,0,0,537,5609,225,ITF,ITF3,15,Campania,Campania,5801692,1866616,32.17,0.1
1250,2021-03-19,CAM,11036,4870,6166,392,68,21,854,70,134,8445,474,139,439,7165,3871,ITF,ITF3,15,Campania,Campania,5801692,1877652,32.36,0.19
1251,2021-01-21,CAM,2092,1115,977,1379,153,74,0,95,32,22,0,0,337,676,1416,ITF,ITF3,15,Campania,Campania,5801692,1879744,32.4,0.04
1252,2021-03-29,CAM,18947,9134,9813,362,51,131,1197,83,4473,5050,6846,304,450,17401,1546,ITF,ITF3,15,Campania,Campania,5801692,1898691,32.73,0.33
1253,2021-05-10,CAM,35406,16373,19033,185,211,67,2791,6593,4387,1498,13068,252,6354,25497,9909,ITF,ITF3,15,Campania,Campania,5801692,1934097,33.34,0.61
1254,2021-02-26,CAM,13339,4230,9109,951,127,226,7832,131,65,3422,0,1,584,12004,1335,ITF,ITF3,15,Campania,Campania,5801692,1947436,33.57,0.23
1255,2021-05-20,CAM,60393,27805,32588,304,533,41,4319,4600,2732,1619,23131,428,22686,43056,17337,ITF,ITF3,15,Campania,Campania,5801692,2007829,34.61,1.04
1256,2021-05-24,CAM,31016,14873,16143,188,474,41,4541,2993,1696,1178,7697,2136,10072,16157,14859,ITF,ITF3,15,Campania,Campania,5801692,2038845,35.14,0.53
1257,2021-03-18,CAM,12171,5378,6793,460,79,34,459,72,259,9981,232,99,496,5983,6188,ITF,ITF3,15,Campania,Campania,5801692,2051016,35.35,0.21
1258,2021-03-05,CAM,16478,6347,10131,1683,244,64,5788,320,141,6364,0,4,1870,9817,6661,ITF,ITF3,15,Campania,Campania,5801692,2067494,35.64,0.28
1259,2021-01-07,CAM,8910,4166,4744,6313,1087,332,0,193,29,11,0,0,945,8910,0,ITF,ITF3,15,Campania,Campania,5801692,2076404,35.79,0.15
1260,2021-04-22,CAM,33929,16524,17405,228,53,22,306,5243,6683,5077,15848,141,328,21528,12401,ITF,ITF3,15,Campania,Campania,5801692,2110333,36.37,0.58
1261,2021-03-06,CAM,16309,6753,9556,993,135,175,5486,250,170,7148,0,1105,847,10641,5668,ITF,ITF3,15,Campania,Campania,5801692,2126642,36.66,0.28
1262,2021-04-30,CAM,42234,20131,22103,314,68,107,1041,6343,8479,3531,19056,529,2766,25789,16445,ITF,ITF3,15,Campania,Campania,5801692,2168876,37.38,0.73
1263,2021-03-03,CAM,13919,5492,8427,2088,241,158,4231,469,251,4809,0,4,1668,7289,6630,ITF,ITF3,15,Campania,Campania,5801692,2182795,37.62,0.24
1264,2021-04-17,CAM,36171,17506,18665,217,41,7,433,4712,6959,6357,16964,140,341,24665,11506,ITF,ITF3,15,Campania,Campania,5801692,2218966,38.25,0.62
1265,2021-03-10,CAM,15248,7378,7870,705,246,26,2471,121,44,8444,1,2346,844,8415,6833,ITF,ITF3,15,Campania,Campania,5801692,2234214,38.51,0.26
1266,2021-05-07,CAM,59680,29168,30512,301,168,102,332,7560,5408,2632,19987,499,22691,43753,15927,ITF,ITF3,15,Campania,Campania,5801692,2293894,39.54,1.03
1267,2021-03-21,CAM,9983,4592,5391,168,28,17,1679,46,3786,2935,762,383,179,7593,2390,ITF,ITF3,15,Campania,Campania,5801692,2303877,39.71,0.17
1268,2021-03-08,CAM,14538,6716,7822,890,248,70,4957,156,78,4873,1,2275,990,9762,4776,ITF,ITF3,15,Campania,Campania,5801692,2318415,39.96,0.25
1269,2021-02-23,CAM,11003,3388,7615,521,87,295,5945,57,30,3760,0,0,308,10477,526,ITF,ITF3,15,Campania,Campania,5801692,2329418,40.15,0.19
1270,2021-01-22,CAM,1524,776,748,971,120,209,0,28,6,4,0,0,186,673,851,ITF,ITF3,15,Campania,Campania,5801692,2330942,40.18,0.03
1271,2021-02-12,CAM,6529,2861,3668,1886,307,208,4,160,69,3061,0,0,834,6343,186,ITF,ITF3,15,Campania,Campania,5801692,2337471,40.29,0.11
1272,2021-05-15,CAM,62581,29004,33577,289,301,14,3700,7735,4675,1922,27144,237,16564,43916,18665,ITF,ITF3,15,Campania,Campania,5801692,2400052,41.37,1.08
1273,2021-02-13,CAM,5507,2550,2957,959,114,131,2,160,127,3621,0,0,393,5290,217,ITF,ITF3,15,Campania,Campania,5801692,2405559,41.46,0.09
1274,2021-03-04,CAM,14659,5352,9307,1901,305,136,4841,303,98,5595,0,1,1479,8766,5893,ITF,ITF3,15,Campania,Campania,5801692,2420218,41.72,0.25
1275,2021-01-24,CAM,4128,2123,2005,3140,410,166,0,46,10,0,0,0,356,383,3745,ITF,ITF3,15,Campania,Campania,5801692,2424346,41.79,0.07
1276,2021-03-25,CAM,19991,9335,10656,307,52,8,2479,124,2560,7456,6030,395,580,16488,3503,ITF,ITF3,15,Campania,Campania,5801692,2444337,42.13,0.34
1277,2021-03-23,CAM,15335,7054,8281,359,491,188,3288,160,2744,4739,2113,577,676,12822,2513,ITF,ITF3,15,Campania,Campania,5801692,2459672,42.4,0.26
1278,2021-03-24,CAM,17618,8082,9536,410,99,76,2437,111,1941,6725,4803,621,395,14661,2957,ITF,ITF3,15,Campania,Campania,5801692,2477290,42.7,0.3
1279,2021-05-23,CAM,58718,28616,30102,77,325,10,2986,4270,1829,841,15270,461,32649,37840,20878,ITF,ITF3,15,Campania,Campania,5801692,2536008,43.71,1.01
1280,2021-04-19,CAM,30716,14817,15899,177,51,91,243,7793,5432,5318,11224,123,264,19149,11567,ITF,ITF3,15,Campania,Campania,5801692,2566724,44.24,0.53
1281,2021-05-08,CAM,56330,27095,29235,192,124,5,722,7975,6705,3112,20404,256,16835,40525,15805,ITF,ITF3,15,Campania,Campania,5801692,2623054,45.21,0.97
1282,2021-02-01,CAM,3985,1813,2172,2504,656,152,0,102,26,14,0,0,531,110,3875,ITF,ITF3,15,Campania,Campania,5801692,2627039,45.28,0.07
1283,2021-03-09,CAM,13878,6636,7242,798,276,217,4187,177,49,4515,1,2516,1142,10096,3782,ITF,ITF3,15,Campania,Campania,5801692,2640917,45.52,0.24
1284,2021-01-27,CAM,7738,3820,3918,5838,875,270,0,118,32,4,0,0,601,162,7576,ITF,ITF3,15,Campania,Campania,5801692,2648655,45.65,0.13
1285,2021-01-20,CAM,1257,650,607,395,146,101,0,101,100,17,0,0,397,1257,0,ITF,ITF3,15,Campania,Campania,5801692,2649912,45.67,0.02
1286,2021-01-31,CAM,8067,3711,4356,5107,1012,67,0,238,61,12,0,0,1570,23,8044,ITF,ITF3,15,Campania,Campania,5801692,2657979,45.81,0.14
1287,2021-01-02,CAM,3673,1962,1711,3167,340,0,0,22,8,0,0,0,136,3673,0,ITF,ITF3,15,Campania,Campania,5801692,2661652,45.88,0.06
1288,2021-04-05,CAM,11636,5543,6093,141,23,6,432,31,2455,2879,5307,110,252,9214,2422,ITF,ITF3,15,Campania,Campania,5801692,2673288,46.08,0.2
1289,2021-01-19,CAM,1095,474,621,534,129,171,0,36,7,1,0,0,217,1092,3,ITF,ITF3,15,Campania,Campania,5801692,2674383,46.1,0.02
1290,2021-01-28,CAM,8832,4121,4711,6216,1094,347,0,190,32,12,0,0,941,134,8698,ITF,ITF3,15,Campania,Campania,5801692,2683215,46.25,0.15
1291,2021-01-04,CAM,5825,2962,2863,4850,678,0,0,45,5,1,0,0,246,5825,0,ITF,ITF3,15,Campania,Campania,5801692,2689040,46.35,0.1
1292,2021-04-09,CAM,29844,13965,15879,261,74,55,955,187,9294,7330,10730,354,604,23717,6127,ITF,ITF3,15,Campania,Campania,5801692,2718884,46.86,0.51
1293,2021-02-02,CAM,5723,2804,2919,3640,828,355,0,140,50,22,0,0,688,444,5279,ITF,ITF3,15,Campania,Campania,5801692,2724607,46.96,0.1
1294,2021-03-15,CAM,12931,6088,6843,819,142,78,2556,82,1445,6287,13,1066,443,8187,4744,ITF,ITF3,15,Campania,Campania,5801692,2737538,47.19,0.22
1295,2021-02-03,CAM,8903,4003,4900,4736,1102,714,0,295,74,34,0,0,1948,878,8025,ITF,ITF3,15,Campania,Campania,5801692,2746441,47.34,0.15
1296,2021-04-08,CAM,28264,13637,14627,283,130,58,1040,135,6668,7227,11876,401,446,22431,5833,ITF,ITF3,15,Campania,Campania,5801692,2774705,47.83,0.49
1297,2021-01-15,CAM,4980,2381,2599,2740,832,191,0,159,72,22,0,0,964,4980,0,ITF,ITF3,15,Campania,Campania,5801692,2779685,47.91,0.09
1298,2021-03-11,CAM,17578,8669,8909,1049,296,105,2834,180,87,8956,0,2959,1112,10300,7278,ITF,ITF3,15,Campania,Campania,5801692,2797263,48.21,0.3
1299,2021-04-14,CAM,27638,13330,14308,268,55,23,268,3205,11169,5111,7057,133,349,19073,8565,ITF,ITF3,15,Campania,Campania,5801692,2824901,48.69,0.48
1300,2021-05-01,CAM,46318,22652,23666,161,60,1,636,6334,6260,3671,22222,319,6654,30221,16097,ITF,ITF3,15,Campania,Campania,5801692,2871219,49.49,0.8
1301,2021-03-07,CAM,11912,5344,6568,533,110,85,4351,159,134,4030,0,1953,557,8069,3843,ITF,ITF3,15,Campania,Campania,5801692,2883131,49.69,0.21
1302,2021-01-03,CAM,3837,2009,1828,3191,401,0,0,31,6,0,0,0,208,3837,0,ITF,ITF3,15,Campania,Campania,5801692,2886968,49.76,0.07
1303,2021-03-30,CAM,21727,10270,11457,278,47,182,1833,155,5859,5688,6768,284,633,18769,2958,ITF,ITF3,15,Campania,Campania,5801692,2908695,50.14,0.37
1304,2021-01-13,CAM,8020,3666,4354,4350,1032,587,0,267,65,30,0,0,1689,8020,0,ITF,ITF3,15,Campania,Campania,5801692,2916715,50.27,0.14
1305,2021-04-07,CAM,24756,11783,12973,347,206,77,1043,135,7506,6623,8004,274,541,20034,4722,ITF,ITF3,15,Campania,Campania,5801692,2941471,50.7,0.43
1306,2021-02-18,LOM,14041,4926,9115,6165,1880,1594,28,13,18,3438,3,859,43,13013,1028,ITC,ITC4,3,Lombardia,Lombardia,10060574,14041,0.14,0.14
1307,2021-05-13,LOM,86680,41581,45099,2600,868,899,268,28177,11971,2994,29169,1278,8456,58180,28500,ITC,ITC4,3,Lombardia,Lombardia,10060574,100721,1.0,0.86
1308,2021-02-28,LOM,7889,3257,4632,1108,764,76,31,594,199,4343,0,88,686,7673,216,ITC,ITC4,3,Lombardia,Lombardia,10060574,108610,1.08,0.08
1309,2021-03-19,LOM,32401,12898,19503,2748,1934,1418,3010,69,115,22457,350,158,142,19216,13185,ITC,ITC4,3,Lombardia,Lombardia,10060574,141011,1.4,0.32
1310,2021-02-15,LOM,8915,3120,5795,6034,1677,1071,9,12,10,29,4,32,37,8494,421,ITC,ITC4,3,Lombardia,Lombardia,10060574,149926,1.49,0.09
1311,2021-05-19,LOM,82419,39419,43000,1738,653,272,1264,21395,16123,2486,28509,1875,8104,33670,48749,ITC,ITC4,3,Lombardia,Lombardia,10060574,232345,2.31,0.82
1312,2021-04-06,LOM,43028,17556,25472,2181,1933,685,4532,283,559,28007,4407,128,313,25075,17953,ITC,ITC4,3,Lombardia,Lombardia,10060574,275373,2.74,0.43
1313,2021-01-08,LOM,12669,3913,8756,9967,2237,376,0,17,9,7,1,0,55,12669,0,ITC,ITC4,3,Lombardia,Lombardia,10060574,288042,2.86,0.13
1314,2020-12-30,LOM,114,42,72,106,7,0,0,0,0,0,0,0,1,114,0,ITC,ITC4,3,Lombardia,Lombardia,10060574,288156,2.86,0.0
1315,2021-03-28,LOM,20444,7793,12651,2017,1292,115,3875,198,429,11370,1008,34,106,14280,6164,ITC,ITC4,3,Lombardia,Lombardia,10060574,308600,3.07,0.2
1316,2020-12-31,LOM,713,300,413,657,56,0,0,0,0,0,0,0,0,713,0,ITC,ITC4,3,Lombardia,Lombardia,10060574,309313,3.07,0.01
1317,2021-02-21,LOM,5052,1862,3190,1766,910,57,3,2,14,2234,2,42,22,5034,18,ITC,ITC4,3,Lombardia,Lombardia,10060574,314365,3.12,0.05
1318,2021-02-09,LOM,12286,3345,8941,5753,2259,4128,4,16,5,79,4,2,36,4114,8172,ITC,ITC4,3,Lombardia,Lombardia,10060574,326651,3.25,0.12
1319,2021-04-02,LOM,41065,16798,24267,2559,1828,1167,4640,540,2175,24652,3028,130,346,26670,14395,ITC,ITC4,3,Lombardia,Lombardia,10060574,367716,3.66,0.41
1320,2021-01-12,LOM,20139,6677,13462,13562,4571,1743,0,21,13,116,2,1,110,20139,0,ITC,ITC4,3,Lombardia,Lombardia,10060574,387855,3.86,0.2
1321,2021-01-01,LOM,24,7,17,24,0,0,0,0,0,0,0,0,0,24,0,ITC,ITC4,3,Lombardia,Lombardia,10060574,387879,3.86,0.0
1322,2021-03-16,LOM,25475,10112,15363,3316,1463,1459,76,311,249,18140,28,17,416,16419,9056,ITC,ITC4,3,Lombardia,Lombardia,10060574,413354,4.11,0.25
1323,2021-01-21,LOM,5342,1569,3773,3025,1211,1025,0,8,4,7,1,0,61,4653,689,ITC,ITC4,3,Lombardia,Lombardia,10060574,418696,4.16,0.05
1324,2021-04-20,LOM,67611,30813,36798,1157,588,751,569,8887,34187,11087,9589,232,564,57282,10329,ITC,ITC4,3,Lombardia,Lombardia,10060574,486307,4.83,0.67
1325,2021-02-19,LOM,14115,5369,8746,5572,1753,1154,16,22,42,4543,2,930,81,13435,680,ITC,ITC4,3,Lombardia,Lombardia,10060574,500422,4.97,0.14
1326,2021-03-15,LOM,31568,11333,20235,4691,2871,882,8319,273,376,13103,8,637,408,23050,8518,ITC,ITC4,3,Lombardia,Lombardia,10060574,531990,5.29,0.31
1327,2021-05-10,LOM,85175,40852,44323,2614,632,357,455,29371,14262,2402,29052,1253,4777,63672,21503,ITC,ITC4,3,Lombardia,Lombardia,10060574,617165,6.13,0.85
1328,2021-04-28,LOM,95558,43596,51962,1409,657,783,316,23428,28634,23322,15999,311,699,68709,26849,ITC,ITC4,3,Lombardia,Lombardia,10060574,712723,7.08,0.95
1329,2021-03-12,LOM,35238,12948,22290,5136,3227,1507,7382,184,279,16072,10,1114,327,25033,10205,ITC,ITC4,3,Lombardia,Lombardia,10060574,747961,7.43,0.35
1330,2021-02-08,LOM,10079,2918,7161,5324,2252,2405,4,5,2,53,4,0,30,2139,7940,ITC,ITC4,3,Lombardia,Lombardia,10060574,758040,7.53,0.1
1331,2021-04-22,LOM,73756,33322,40434,1193,704,1331,440,11028,31863,15592,10872,185,548,57465,16291,ITC,ITC4,3,Lombardia,Lombardia,10060574,831796,8.27,0.73
1332,2021-03-10,LOM,33226,12725,20501,6909,3856,2102,5480,429,302,12093,9,1608,438,25371,7855,ITC,ITC4,3,Lombardia,Lombardia,10060574,865022,8.6,0.33
1333,2021-01-22,LOM,3105,866,2239,1582,619,881,0,2,3,13,0,0,5,3035,70,ITC,ITC4,3,Lombardia,Lombardia,10060574,868127,8.63,0.03
1334,2021-05-21,LOM,92964,44917,48047,1715,866,243,1595,23442,15063,2077,36592,1948,9423,28856,64108,ITC,ITC4,3,Lombardia,Lombardia,10060574,961091,9.55,0.92
1335,2021-04-17,LOM,48275,21218,27057,521,204,287,385,443,28579,11707,5876,125,148,37506,10769,ITC,ITC4,3,Lombardia,Lombardia,10060574,1009366,10.03,0.48
1336,2021-05-07,LOM,91985,43570,48415,3403,901,728,509,31917,18717,5764,25374,1156,3516,69867,22118,ITC,ITC4,3,Lombardia,Lombardia,10060574,1101351,10.95,0.91
1337,2021-03-08,LOM,29749,11178,18571,6599,2986,1160,4628,423,212,11768,11,1614,348,22680,7069,ITC,ITC4,3,Lombardia,Lombardia,10060574,1131100,11.24,0.3
1338,2021-04-18,LOM,36343,16203,20140,262,115,72,142,234,25814,5690,3800,99,115,31116,5227,ITC,ITC4,3,Lombardia,Lombardia,10060574,1167443,11.6,0.36
1339,2021-03-17,LOM,26233,10482,15751,2533,1418,1969,44,73,110,19615,175,45,251,15244,10989,ITC,ITC4,3,Lombardia,Lombardia,10060574,1193676,11.86,0.26
1340,2021-02-04,LOM,27654,8072,19582,15836,5868,5660,0,11,1,201,4,7,66,1971,25683,ITC,ITC4,3,Lombardia,Lombardia,10060574,1221330,12.14,0.27
1341,2021-03-31,LOM,41917,16965,24952,2600,1888,1473,6199,403,1820,24124,2833,150,427,26735,15182,ITC,ITC4,3,Lombardia,Lombardia,10060574,1263247,12.56,0.42
1342,2021-04-21,LOM,71636,32501,39135,1052,482,722,345,10507,32416,14662,10849,178,423,57047,14589,ITC,ITC4,3,Lombardia,Lombardia,10060574,1334883,13.27,0.71
1343,2021-05-17,LOM,94326,45211,49115,1570,634,149,483,28309,27778,2646,25371,1304,6082,30118,64208,ITC,ITC4,3,Lombardia,Lombardia,10060574,1429209,14.21,0.94
1344,2021-02-17,LOM,11969,3746,8223,7642,2231,1950,10,7,9,40,6,38,36,10580,1389,ITC,ITC4,3,Lombardia,Lombardia,10060574,1441178,14.33,0.12
1345,2020-12-27,LOM,717,413,304,615,46,14,0,13,7,1,1,0,20,717,0,ITC,ITC4,3,Lombardia,Lombardia,10060574,1441895,14.33,0.01
1346,2021-04-19,LOM,60071,27331,32740,1171,444,462,478,3372,34703,9987,8795,177,482,50666,9405,ITC,ITC4,3,Lombardia,Lombardia,10060574,1501966,14.93,0.6
1347,2021-04-24,LOM,75615,33513,42102,668,369,88,166,12525,29554,21467,10086,278,414,54555,21060,ITC,ITC4,3,Lombardia,Lombardia,10060574,1577581,15.68,0.75
1348,2021-05-08,LOM,87163,40493,46670,1750,521,68,599,29873,17876,6343,24896,1083,4154,65648,21515,ITC,ITC4,3,Lombardia,Lombardia,10060574,1664744,16.55,0.87
1349,2021-02-01,LOM,16055,5316,10739,11676,3378,903,1,3,3,45,3,1,42,305,15750,ITC,ITC4,3,Lombardia,Lombardia,10060574,1680799,16.71,0.16
1350,2021-04-05,LOM,27388,11697,15691,546,573,70,703,196,326,23749,1107,28,90,19278,8110,ITC,ITC4,3,Lombardia,Lombardia,10060574,1708187,16.98,0.27
1351,2021-01-31,LOM,9746,3763,5983,7577,2043,87,0,2,2,7,3,2,23,34,9712,ITC,ITC4,3,Lombardia,Lombardia,10060574,1717933,17.08,0.1
1352,2021-01-28,LOM,12194,3693,8501,9205,1859,971,1,11,5,29,2,1,110,780,11414,ITC,ITC4,3,Lombardia,Lombardia,10060574,1730127,17.2,0.12
1353,2021-01-03,LOM,854,316,538,745,89,4,0,0,0,1,1,0,14,854,0,ITC,ITC4,3,Lombardia,Lombardia,10060574,1730981,17.21,0.01
1354,2021-01-04,LOM,6079,2097,3982,4997,736,173,0,22,4,11,0,0,136,6079,0,ITC,ITC4,3,Lombardia,Lombardia,10060574,1737060,17.27,0.06
1355,2021-01-19,LOM,8125,2348,5777,4045,1773,2178,0,9,5,81,4,1,29,7651,474,ITC,ITC4,3,Lombardia,Lombardia,10060574,1745185,17.35,0.08
1356,2021-02-25,LOM,15198,6303,8895,2987,1340,1294,10,39,86,8101,4,1254,83,13645,1553,ITC,ITC4,3,Lombardia,Lombardia,10060574,1760383,17.5,0.15
1357,2021-02-03,LOM,25577,7908,17669,15603,5634,4100,1,17,9,144,6,8,55,1153,24424,ITC,ITC4,3,Lombardia,Lombardia,10060574,1785960,17.75,0.25
1358,2021-05-18,LOM,87776,41951,45825,1580,534,226,492,24420,22175,2615,27023,1636,7075,32455,55321,ITC,ITC4,3,Lombardia,Lombardia,10060574,1873736,18.62,0.87
1359,2021-02-14,LOM,3578,1546,2032,2750,623,42,10,5,1,3,2,0,142,2944,634,ITC,ITC4,3,Lombardia,Lombardia,10060574,1877314,18.66,0.04
1360,2021-02-27,LOM,13949,5871,8078,2091,1235,568,48,209,309,8312,7,1127,43,13307,642,ITC,ITC4,3,Lombardia,Lombardia,10060574,1891263,18.8,0.14
1361,2021-03-18,LOM,27425,10957,16468,2206,1210,1547,100,65,161,21452,506,50,128,16196,11229,ITC,ITC4,3,Lombardia,Lombardia,10060574,1918688,19.07,0.27
1362,2021-05-03,LOM,83641,39735,43906,1749,479,326,746,31562,23751,4434,19075,284,1235,71527,12114,ITC,ITC4,3,Lombardia,Lombardia,10060574,2002329,19.9,0.83
1363,2021-05-01,LOM,95842,43626,52216,685,514,72,309,28094,24163,25259,14496,336,1914,66724,29118,ITC,ITC4,3,Lombardia,Lombardia,10060574,2098171,20.86,0.95
1364,2021-02-07,LOM,7305,2819,4486,5635,1321,293,5,5,2,18,0,3,23,340,6965,ITC,ITC4,3,Lombardia,Lombardia,10060574,2105476,20.93,0.07
1365,2021-04-13,LOM,47571,21235,26336,946,643,706,957,526,24934,13484,4972,101,302,33508,14063,ITC,ITC4,3,Lombardia,Lombardia,10060574,2153047,21.4,0.47
1366,2020-12-28,LOM,107,47,60,105,2,0,0,0,0,0,0,0,0,107,0,ITC,ITC4,3,Lombardia,Lombardia,10060574,2153154,21.4,0.0
1367,2021-03-30,LOM,39458,15468,23990,2778,1929,1168,6914,262,414,22361,2866,223,543,24704,14754,ITC,ITC4,3,Lombardia,Lombardia,10060574,2192612,21.79,0.39
1368,2021-03-07,LOM,12019,5347,6672,3012,2101,82,718,261,333,4629,2,672,209,9460,2559,ITC,ITC4,3,Lombardia,Lombardia,10060574,2204631,21.91,0.12
1369,2021-03-25,LOM,42612,15916,26696,3459,2237,1436,10847,231,772,21284,1667,318,361,30072,12540,ITC,ITC4,3,Lombardia,Lombardia,10060574,2247243,22.34,0.42
1370,2021-01-26,LOM,8375,2720,5655,6651,1337,259,0,22,4,28,0,0,74,372,8003,ITC,ITC4,3,Lombardia,Lombardia,10060574,2255618,22.42,0.08
1371,2021-03-04,LOM,29417,12149,17268,7056,2498,2142,376,1623,1849,11172,8,2055,638,20288,9129,ITC,ITC4,3,Lombardia,Lombardia,10060574,2285035,22.71,0.29
1372,2021-01-17,LOM,8342,3343,4999,5603,750,244,0,169,55,72,6,5,1438,8141,201,ITC,ITC4,3,Lombardia,Lombardia,10060574,2293377,22.8,0.08
1373,2021-03-24,LOM,43306,15625,27681,2985,2448,1503,12497,417,752,20451,1265,563,425,31439,11867,ITC,ITC4,3,Lombardia,Lombardia,10060574,2336683,23.23,0.43
1374,2021-03-22,LOM,40303,14291,26012,2521,2361,897,12172,255,193,20514,542,533,315,29759,10544,ITC,ITC4,3,Lombardia,Lombardia,10060574,2376986,23.63,0.4
1375,2021-02-05,LOM,25601,7436,18165,14473,6221,4525,7,19,11,260,2,2,81,2384,23217,ITC,ITC4,3,Lombardia,Lombardia,10060574,2402587,23.88,0.25
1376,2021-04-10,LOM,52362,21695,30667,876,859,315,1465,513,3044,38942,6034,61,253,40569,11793,ITC,ITC4,3,Lombardia,Lombardia,10060574,2454949,24.4,0.52
1377,2021-03-23,LOM,42515,15402,27113,2266,2337,1322,12511,430,584,21381,770,405,509,29638,12877,ITC,ITC4,3,Lombardia,Lombardia,10060574,2497464,24.82,0.42
1378,2021-01-30,LOM,12323,4570,7753,9911,2119,161,1,18,2,8,1,1,101,174,12149,ITC,ITC4,3,Lombardia,Lombardia,10060574,2509787,24.95,0.12
1379,2021-05-09,LOM,69511,32808,36703,1727,731,18,359,28235,12539,1421,20611,145,3725,56428,13083,ITC,ITC4,3,Lombardia,Lombardia,10060574,2579298,25.64,0.69
1380,2021-04-26,LOM,87915,40914,47001,624,363,320,383,22158,30879,18609,13747,205,627,68760,19155,ITC,ITC4,3,Lombardia,Lombardia,10060574,2667213,26.51,0.87
1381,2021-05-23,LOM,60551,28857,31694,939,549,38,523,13632,8292,923,25150,418,10087,26705,33846,ITC,ITC4,3,Lombardia,Lombardia,10060574,2727764,27.11,0.6
1382,2021-01-24,LOM,1201,459,742,832,136,36,0,8,2,1,1,0,185,537,664,ITC,ITC4,3,Lombardia,Lombardia,10060574,2728965,27.13,0.01
1383,2021-01-05,LOM,7821,2566,5255,6273,1208,174,0,29,4,8,0,0,125,7821,0,ITC,ITC4,3,Lombardia,Lombardia,10060574,2736786,27.2,0.08
1384,2021-04-01,LOM,42865,17191,25674,2720,2085,1283,5754,826,1647,25235,2772,135,408,26740,16125,ITC,ITC4,3,Lombardia,Lombardia,10060574,2779651,27.63,0.43
1385,2021-04-15,LOM,49362,21831,27531,1120,642,1080,653,285,25708,12815,6745,97,217,35552,13810,ITC,ITC4,3,Lombardia,Lombardia,10060574,2829013,28.12,0.49
1386,2021-03-27,LOM,32312,12317,19995,1973,2426,323,6665,406,611,18287,1193,71,357,23708,8604,ITC,ITC4,3,Lombardia,Lombardia,10060574,2861325,28.44,0.32
1387,2021-03-01,LOM,18797,8232,10565,2720,1182,930,29,554,321,10863,3,1656,539,17092,1705,ITC,ITC4,3,Lombardia,Lombardia,10060574,2880122,28.63,0.19
1388,2021-01-18,LOM,9156,2968,6188,5197,1962,1852,0,16,13,54,5,2,55,8175,981,ITC,ITC4,3,Lombardia,Lombardia,10060574,2889278,28.72,0.09
1389,2021-02-22,LOM,11894,4808,7086,4235,1468,1028,28,13,22,4066,4,967,63,11586,308,ITC,ITC4,3,Lombardia,Lombardia,10060574,2901172,28.84,0.12
1390,2021-01-16,LOM,15415,5723,9692,8626,1392,1521,0,557,213,228,5,3,2870,15415,0,ITC,ITC4,3,Lombardia,Lombardia,10060574,2916587,28.99,0.15
1391,2021-04-03,LOM,36217,14852,21365,962,964,86,2241,1004,1551,27527,1657,80,145,26158,10059,ITC,ITC4,3,Lombardia,Lombardia,10060574,2952804,29.35,0.36
1392,2021-03-06,LOM,21316,9086,12230,4765,2181,451,1358,1899,1306,7524,7,1147,678,16801,4515,ITC,ITC4,3,Lombardia,Lombardia,10060574,2974120,29.56,0.21
1393,2021-04-30,LOM,116861,54623,62238,1731,731,783,1097,32516,27562,21006,28530,447,2458,89687,27174,ITC,ITC4,3,Lombardia,Lombardia,10060574,3090981,30.72,1.16
1394,2021-01-06,LOM,7061,2492,4569,5849,1107,38,2,24,1,0,0,0,40,7061,0,ITC,ITC4,3,Lombardia,Lombardia,10060574,3098042,30.79,0.07
1395,2021-03-20,LOM,32512,12152,20360,1991,2349,524,7861,155,140,18460,544,322,166,22660,9852,ITC,ITC4,3,Lombardia,Lombardia,10060574,3130554,31.12,0.32
1396,2021-02-24,LOM,14675,5928,8747,3596,1503,1787,24,36,44,6323,0,1204,158,13747,928,ITC,ITC4,3,Lombardia,Lombardia,10060574,3145229,31.26,0.15
1397,2021-04-09,LOM,52199,22286,29913,2240,1906,1257,3038,264,2343,34146,6457,97,451,36204,15995,ITC,ITC4,3,Lombardia,Lombardia,10060574,3197428,31.78,0.52
1398,2021-01-29,LOM,13439,4115,9324,10488,2325,573,0,5,3,9,1,0,35,655,12784,ITC,ITC4,3,Lombardia,Lombardia,10060574,3210867,31.92,0.13
1399,2021-05-04,LOM,86691,41021,45670,1894,544,351,365,34151,21559,4686,21225,257,1659,72373,14318,ITC,ITC4,3,Lombardia,Lombardia,10060574,3297558,32.78,0.86
1400,2021-05-16,LOM,68419,32383,36036,1566,790,13,313,20918,15780,1216,21165,276,6382,36458,31961,ITC,ITC4,3,Lombardia,Lombardia,10060574,3365977,33.46,0.68
1401,2021-02-16,LOM,9543,3086,6457,5851,2210,1395,19,13,4,10,7,8,26,9087,456,ITC,ITC4,3,Lombardia,Lombardia,10060574,3375520,33.55,0.09
1402,2021-01-09,LOM,12410,4573,7837,9527,2122,196,0,60,12,6,0,1,486,12410,0,ITC,ITC4,3,Lombardia,Lombardia,10060574,3387930,33.68,0.12
1403,2021-01-07,LOM,11761,3636,8125,8977,1797,814,1,14,8,37,2,1,110,11761,0,ITC,ITC4,3,Lombardia,Lombardia,10060574,3399691,33.79,0.12
1404,2021-05-11,LOM,86561,41310,45251,2725,737,432,532,29120,12798,3018,29147,1328,6724,60537,26024,ITC,ITC4,3,Lombardia,Lombardia,10060574,3486252,34.65,0.86
1405,2021-03-29,LOM,40003,15509,24494,2998,2155,455,8608,221,471,21747,2708,209,431,25181,14822,ITC,ITC4,3,Lombardia,Lombardia,10060574,3526255,35.05,0.4
1406,2021-02-20,LOM,9438,3901,5537,4299,1020,225,4,24,37,2919,2,871,37,9139,299,ITC,ITC4,3,Lombardia,Lombardia,10060574,3535693,35.14,0.09
1407,2021-04-11,LOM,32183,13937,18246,967,543,437,1215,231,715,23174,4023,795,83,24791,7392,ITC,ITC4,3,Lombardia,Lombardia,10060574,3567876,35.46,0.32
1408,2021-05-20,LOM,93762,45325,48437,1792,827,454,860,25319,17945,2349,32863,1716,9637,31623,62139,ITC,ITC4,3,Lombardia,Lombardia,10060574,3661638,36.4,0.93
1409,2021-03-21,LOM,23577,8549,15028,1086,1632,441,9133,114,207,9738,198,756,272,18316,5261,ITC,ITC4,3,Lombardia,Lombardia,10060574,3685215,36.63,0.23
1410,2021-04-04,LOM,7617,3232,4385,204,263,68,206,199,347,5880,361,9,80,3718,3899,ITC,ITC4,3,Lombardia,Lombardia,10060574,3692832,36.71,0.08
1411,2020-12-29,LOM,104,44,60,103,1,0,0,0,0,0,0,0,0,104,0,ITC,ITC4,3,Lombardia,Lombardia,10060574,3692936,36.71,0.0
1412,2021-03-05,LOM,28988,11948,17040,7244,3082,1556,427,1294,2142,11075,16,1980,172,20584,8404,ITC,ITC4,3,Lombardia,Lombardia,10060574,3721924,37.0,0.29
1413,2021-02-26,LOM,18366,7552,10814,3334,1716,1183,24,66,40,10586,7,1341,69,16515,1851,ITC,ITC4,3,Lombardia,Lombardia,10060574,3740290,37.18,0.18
1414,2021-03-26,LOM,41173,15615,25558,2731,2221,834,8659,252,555,22764,2469,256,432,28107,13066,ITC,ITC4,3,Lombardia,Lombardia,10060574,3781463,37.59,0.41
1415,2021-04-25,LOM,51393,23575,27818,423,143,12,287,10013,26882,4838,8342,154,299,46719,4674,ITC,ITC4,3,Lombardia,Lombardia,10060574,3832856,38.1,0.51
1416,2021-02-10,LOM,14392,4504,9888,8535,2365,3336,6,25,17,79,1,3,25,7572,6820,ITC,ITC4,3,Lombardia,Lombardia,10060574,3847248,38.24,0.14
1417,2021-04-27,LOM,85868,39934,45934,1094,457,288,356,22986,29401,14754,15615,308,609,69349,16519,ITC,ITC4,3,Lombardia,Lombardia,10060574,3933116,39.09,0.85
1418,2021-03-03,LOM,26931,11501,15430,6404,1784,1799,471,1269,1902,10224,12,2031,1035,19658,7273,ITC,ITC4,3,Lombardia,Lombardia,10060574,3960047,39.36,0.27
1419,2021-01-10,LOM,10518,3957,6561,8175,2197,85,1,4,1,12,5,2,36,10518,0,ITC,ITC4,3,Lombardia,Lombardia,10060574,3970565,39.47,0.1
1420,2021-02-23,LOM,11773,4792,6981,3960,1411,877,3,20,31,4312,1,992,166,11465,308,ITC,ITC4,3,Lombardia,Lombardia,10060574,3982338,39.58,0.12
1421,2021-01-13,LOM,26378,8053,18325,15838,5812,4294,1,28,14,200,4,3,184,26378,0,ITC,ITC4,3,Lombardia,Lombardia,10060574,4008716,39.85,0.26
1422,2021-03-14,LOM,14876,5349,9527,1520,1746,80,5450,99,117,5275,2,413,174,11590,3286,ITC,ITC4,3,Lombardia,Lombardia,10060574,4023592,39.99,0.15
1423,2021-04-23,LOM,73327,33263,40064,1410,609,716,348,12213,30431,15427,11467,237,469,56818,16509,ITC,ITC4,3,Lombardia,Lombardia,10060574,4096919,40.72,0.73
1424,2021-04-14,LOM,47117,21009,26108,935,748,677,786,295,24961,12488,5928,86,213,34151,12966,ITC,ITC4,3,Lombardia,Lombardia,10060574,4144036,41.19,0.47
1425,2021-05-15,LOM,80193,38499,41694,1367,433,66,329,23238,14979,2436,27845,1326,8174,47271,32922,ITC,ITC4,3,Lombardia,Lombardia,10060574,4224229,41.99,0.8
1426,2021-05-24,LOM,88073,42783,45290,2246,857,126,1962,14188,8888,1431,33550,1374,23451,49049,39024,ITC,ITC4,3,Lombardia,Lombardia,10060574,4312302,42.86,0.88
1427,2021-01-27,LOM,8045,2677,5368,6205,1338,434,2,22,3,1,0,0,40,821,7224,ITC,ITC4,3,Lombardia,Lombardia,10060574,4320347,42.94,0.08
1428,2021-02-12,LOM,13946,4355,9591,8116,2724,2957,3,7,8,102,3,5,21,9028,4918,ITC,ITC4,3,Lombardia,Lombardia,10060574,4334293,43.08,0.14
1429,2021-03-09,LOM,33234,12847,20387,6079,4096,2389,5482,434,352,12531,11,1464,396,25811,7423,ITC,ITC4,3,Lombardia,Lombardia,10060574,4367527,43.41,0.33
1430,2021-02-06,LOM,15255,5529,9726,9859,3034,1897,3,42,13,75,2,1,329,1068,14187,ITC,ITC4,3,Lombardia,Lombardia,10060574,4382782,43.56,0.15
1431,2021-05-05,LOM,87673,41808,45865,2333,576,472,356,33942,18049,4570,22504,232,4639,72529,15144,ITC,ITC4,3,Lombardia,Lombardia,10060574,4470455,44.44,0.87
1432,2021-01-25,LOM,7025,2372,4653,5633,941,218,0,26,3,15,0,0,189,489,6536,ITC,ITC4,3,Lombardia,Lombardia,10060574,4477480,44.51,0.07
1433,2021-02-13,LOM,6416,2443,3973,4180,1466,709,4,7,6,17,3,4,20,4939,1477,ITC,ITC4,3,Lombardia,Lombardia,10060574,4483896,44.57,0.06
1434,2021-04-12,LOM,47221,20568,26653,1147,903,504,1678,314,24480,13824,4097,76,198,32891,14330,ITC,ITC4,3,Lombardia,Lombardia,10060574,4531117,45.04,0.47
1435,2021-04-16,LOM,53587,23889,29698,1736,722,1024,463,386,28378,13525,7029,113,211,39273,14314,ITC,ITC4,3,Lombardia,Lombardia,10060574,4584704,45.57,0.53
1436,2021-01-15,LOM,25206,7430,17776,13836,5917,4739,9,56,24,316,3,2,304,25206,0,ITC,ITC4,3,Lombardia,Lombardia,10060574,4609910,45.82,0.25
1437,2021-05-14,LOM,85335,41109,44226,2159,978,637,297,25369,12922,2798,30576,1193,8406,55473,29862,ITC,ITC4,3,Lombardia,Lombardia,10060574,4695245,46.67,0.85
1438,2021-05-22,LOM,69534,33388,36146,1140,692,29,1538,17078,9863,1656,25186,1657,10695,32239,37295,ITC,ITC4,3,Lombardia,Lombardia,10060574,4764779,47.36,0.69
1439,2021-01-02,LOM,199,72,127,178,16,0,0,1,0,0,0,0,4,199,0,ITC,ITC4,3,Lombardia,Lombardia,10060574,4764978,47.36,0.0
1440,2021-02-02,LOM,19849,6584,13265,13500,4508,1687,1,6,4,76,0,7,60,491,19358,ITC,ITC4,3,Lombardia,Lombardia,10060574,4784827,47.56,0.2
1441,2021-01-20,LOM,5608,1373,4235,2746,1177,1579,0,14,6,65,0,0,21,5493,115,ITC,ITC4,3,Lombardia,Lombardia,10060574,4790435,47.62,0.06
1442,2021-05-02,LOM,83512,38334,45178,779,368,35,467,23644,19775,18597,17832,288,1727,61051,22461,ITC,ITC4,3,Lombardia,Lombardia,10060574,4873947,48.45,0.83
1443,2021-03-11,LOM,36202,13465,22737,5876,3537,2192,6670,226,298,15640,9,1296,458,26304,9898,ITC,ITC4,3,Lombardia,Lombardia,10060574,4910149,48.81,0.36
1444,2021-01-11,LOM,16138,5352,10786,11832,3368,786,2,9,5,49,1,1,85,16138,0,ITC,ITC4,3,Lombardia,Lombardia,10060574,4926287,48.97,0.16
1445,2021-05-06,LOM,89618,42131,47487,2328,745,455,347,33162,17970,4854,24710,244,4803,73279,16339,ITC,ITC4,3,Lombardia,Lombardia,10060574,5015905,49.86,0.89
1446,2021-03-02,LOM,22847,9711,13136,3193,1456,2200,132,1113,378,11287,8,1849,1231,19812,3035,ITC,ITC4,3,Lombardia,Lombardia,10060574,5038752,50.08,0.23
1447,2021-04-07,LOM,50523,20876,29647,1738,1438,1187,2473,280,1912,36847,4204,68,376,34711,15812,ITC,ITC4,3,Lombardia,Lombardia,10060574,5089275,50.59,0.5
1448,2021-01-23,LOM,1114,357,757,644,259,138,0,8,6,1,0,0,58,916,198,ITC,ITC4,3,Lombardia,Lombardia,10060574,5090389,50.6,0.01
1449,2021-04-08,LOM,52321,21752,30569,2251,1369,926,1565,288,2274,37613,5467,69,499,35867,16454,ITC,ITC4,3,Lombardia,Lombardia,10060574,5142710,51.12,0.52
1450,2021-02-11,LOM,17043,5003,12040,9764,3335,3873,6,3,2,33,1,4,22,9699,7344,ITC,ITC4,3,Lombardia,Lombardia,10060574,5159753,51.29,0.17
1451,2021-04-29,LOM,115330,53527,61803,2100,760,630,413,30893,28557,24859,24762,303,2053,85553,29777,ITC,ITC4,3,Lombardia,Lombardia,10060574,5275083,52.43,1.15
1452,2021-01-14,LOM,26800,7782,19018,15230,5591,5476,2,34,14,262,3,1,187,26800,0,ITC,ITC4,3,Lombardia,Lombardia,10060574,5301883,52.7,0.27
1453,2021-05-12,LOM,86978,41539,45439,2447,772,444,364,30220,12391,2950,29508,1318,6564,59711,27267,ITC,ITC4,3,Lombardia,Lombardia,10060574,5388861,53.56,0.86
1454,2021-03-13,LOM,27127,9756,17371,3751,2789,264,8143,222,685,10342,17,639,275,21070,6057,ITC,ITC4,3,Lombardia,Lombardia,10060574,5415988,53.83,0.27
1455,2021-03-29,VEN,31389,13631,17758,634,427,518,447,934,5745,16996,3658,931,1099,27557,3832,ITH,ITH3,5,Veneto,Veneto,4905854,31389,0.64,0.64
1456,2021-03-09,VEN,16459,7378,9081,1355,358,749,2948,95,61,8546,687,1117,543,10142,6317,ITH,ITH3,5,Veneto,Veneto,4905854,47848,0.98,0.34
1457,2021-01-02,VEN,5742,1765,3977,4886,233,544,3,21,2,3,0,0,50,5742,0,ITH,ITH3,5,Veneto,Veneto,4905854,53590,1.09,0.12
1458,2021-03-15,VEN,16598,7263,9335,1390,773,430,1969,135,600,9249,1061,710,281,11381,5217,ITH,ITH3,5,Veneto,Veneto,4905854,70188,1.43,0.34
1459,2021-04-20,VEN,22393,9484,12909,552,120,519,155,809,4588,9822,5346,31,451,8401,13992,ITH,ITH3,5,Veneto,Veneto,4905854,92581,1.89,0.46
1460,2021-05-10,VEN,36314,16975,19339,559,879,113,4342,13965,2576,1094,3970,640,8176,26486,9828,ITH,ITH3,5,Veneto,Veneto,4905854,128895,2.63,0.74
1461,2021-02-05,VEN,8370,2534,5836,4473,1470,2163,14,63,21,8,1,6,151,1425,6945,ITH,ITH3,5,Veneto,Veneto,4905854,137265,2.8,0.17
1462,2021-04-23,VEN,31104,13783,17321,648,327,314,116,1004,13542,7144,7154,38,817,22408,8696,ITH,ITH3,5,Veneto,Veneto,4905854,168369,3.43,0.63
1463,2021-01-07,VEN,8358,2318,6040,5568,860,1802,2,38,18,35,0,0,35,8358,0,ITH,ITH3,5,Veneto,Veneto,4905854,176727,3.6,0.17
1464,2021-03-18,VEN,12605,5134,7471,1688,482,497,856,100,140,7504,1056,36,246,7379,5226,ITH,ITH3,5,Veneto,Veneto,4905854,189332,3.86,0.26
1465,2021-02-26,VEN,8288,3267,5021,1823,560,747,315,55,30,4380,145,91,142,7036,1252,ITH,ITH3,5,Veneto,Veneto,4905854,197620,4.03,0.17
1466,2021-03-21,VEN,11983,4754,7229,1602,1131,42,2532,123,201,4244,1639,179,290,8521,3462,ITH,ITH3,5,Veneto,Veneto,4905854,209603,4.27,0.24
1467,2021-03-11,VEN,19697,8768,10929,1839,983,889,3691,172,72,9323,728,1288,712,14116,5581,ITH,ITH3,5,Veneto,Veneto,4905854,229300,4.67,0.4
1468,2021-01-13,VEN,5986,1607,4379,2889,1129,1889,2,19,6,3,2,1,46,5986,0,ITH,ITH3,5,Veneto,Veneto,4905854,235286,4.8,0.12
1469,2021-02-23,VEN,7372,3247,4125,1107,205,245,189,48,21,5342,49,69,97,7106,266,ITH,ITH3,5,Veneto,Veneto,4905854,242658,4.95,0.15
1470,2021-03-01,VEN,9392,3714,5678,2146,432,954,2526,99,21,2607,164,277,166,7572,1820,ITH,ITH3,5,Veneto,Veneto,4905854,252050,5.14,0.19
1471,2021-02-17,VEN,6022,2772,3250,424,158,361,4,19,11,4946,26,5,68,5928,94,ITH,ITH3,5,Veneto,Veneto,4905854,258072,5.26,0.12
1472,2021-03-06,VEN,10633,4320,6313,3560,571,1491,1327,58,26,1971,1275,168,186,7365,3268,ITH,ITH3,5,Veneto,Veneto,4905854,268705,5.48,0.22
1473,2021-02-16,VEN,6638,2870,3768,730,242,479,3,16,14,5020,35,2,97,6461,177,ITH,ITH3,5,Veneto,Veneto,4905854,275343,5.61,0.14
1474,2021-01-22,VEN,1080,332,748,962,52,57,3,1,0,0,0,0,5,25,1055,ITH,ITH3,5,Veneto,Veneto,4905854,276423,5.63,0.02
1475,2021-01-29,VEN,9017,2787,6230,6201,1231,1438,6,56,18,4,0,2,61,367,8650,ITH,ITH3,5,Veneto,Veneto,4905854,285440,5.82,0.18
1476,2021-05-07,VEN,47806,22936,24870,1455,710,283,288,21710,8678,2521,7466,152,4543,39213,8593,ITH,ITH3,5,Veneto,Veneto,4905854,333246,6.79,0.97
1477,2021-04-17,VEN,22393,9075,13318,821,216,129,86,490,3474,10334,6547,16,280,15111,7282,ITH,ITH3,5,Veneto,Veneto,4905854,355639,7.25,0.46
1478,2021-04-22,VEN,31881,13879,18002,681,299,378,111,1019,13127,9312,6058,45,851,16134,15747,ITH,ITH3,5,Veneto,Veneto,4905854,387520,7.9,0.65
1479,2021-03-03,VEN,12039,4594,7445,3356,665,1242,2346,92,41,3377,145,446,329,8542,3497,ITH,ITH3,5,Veneto,Veneto,4905854,399559,8.14,0.25
1480,2021-03-31,VEN,38539,16199,22340,1899,664,808,411,1207,9255,18496,4205,483,1111,31048,7491,ITH,ITH3,5,Veneto,Veneto,4905854,438098,8.93,0.79
1481,2021-02-28,VEN,4136,1389,2747,1741,943,15,15,19,1,992,301,76,33,3299,837,ITH,ITH3,5,Veneto,Veneto,4905854,442234,9.01,0.08
1482,2021-02-04,VEN,7326,2017,5309,3587,1102,2384,6,30,15,21,2,0,179,553,6773,ITH,ITH3,5,Veneto,Veneto,4905854,449560,9.16,0.15
1483,2021-03-10,VEN,18932,8634,10298,1566,795,561,4151,165,86,9047,653,1319,589,13248,5684,ITH,ITH3,5,Veneto,Veneto,4905854,468492,9.55,0.39
1484,2021-01-31,VEN,4766,1562,3204,3753,562,377,4,13,2,5,2,12,36,392,4374,ITH,ITH3,5,Veneto,Veneto,4905854,473258,9.65,0.1
1485,2021-02-21,VEN,4633,1209,3424,494,2,18,3696,0,0,417,0,2,4,4628,5,ITH,ITH3,5,Veneto,Veneto,4905854,477891,9.74,0.09
1486,2021-02-09,VEN,5246,1890,3356,3099,644,1270,6,32,10,21,1,1,162,3446,1800,ITH,ITH3,5,Veneto,Veneto,4905854,483137,9.85,0.11
1487,2021-01-26,VEN,6917,2091,4826,5365,522,977,5,7,3,0,0,1,37,153,6764,ITH,ITH3,5,Veneto,Veneto,4905854,490054,9.99,0.14
1488,2021-05-17,VEN,26266,12898,13368,247,146,77,735,6244,5220,806,3017,373,9401,16391,9875,ITH,ITH3,5,Veneto,Veneto,4905854,516320,10.52,0.54
1489,2021-03-17,VEN,14642,5991,8651,2253,505,318,700,118,192,8778,1430,26,322,7848,6794,ITH,ITH3,5,Veneto,Veneto,4905854,530962,10.82,0.3
1490,2021-03-14,VEN,15165,5934,9231,3410,1134,100,3660,144,1441,3750,996,276,254,14271,894,ITH,ITH3,5,Veneto,Veneto,4905854,546127,11.13,0.31
1491,2021-01-09,VEN,7927,2539,5388,5244,978,1573,6,34,4,3,23,12,50,7927,0,ITH,ITH3,5,Veneto,Veneto,4905854,554054,11.29,0.16
1492,2021-04-13,VEN,14012,6315,7697,754,176,302,66,330,2268,5162,4546,26,382,8522,5490,ITH,ITH3,5,Veneto,Veneto,4905854,568066,11.58,0.29
1493,2021-02-07,VEN,2315,862,1453,1974,238,50,2,12,3,2,0,7,27,714,1601,ITH,ITH3,5,Veneto,Veneto,4905854,570381,11.63,0.05
1494,2021-01-04,VEN,6735,2033,4702,5341,426,912,6,12,2,1,0,0,35,6735,0,ITH,ITH3,5,Veneto,Veneto,4905854,577116,11.76,0.14
1495,2021-01-18,VEN,2762,776,1986,1223,478,992,1,11,4,8,0,1,44,2563,199,ITH,ITH3,5,Veneto,Veneto,4905854,579878,11.82,0.06
1496,2020-12-30,VEN,699,245,454,598,52,39,2,0,0,0,0,0,8,699,0,ITH,ITH3,5,Veneto,Veneto,4905854,580577,11.83,0.01
1497,2020-12-31,VEN,3219,1042,2177,2806,94,252,2,23,0,0,0,0,42,3219,0,ITH,ITH3,5,Veneto,Veneto,4905854,583796,11.9,0.07
1498,2021-03-12,VEN,18570,8123,10447,2138,1340,755,3516,189,115,8049,862,1011,595,11824,6746,ITH,ITH3,5,Veneto,Veneto,4905854,602366,12.28,0.38
1499,2021-02-01,VEN,8557,2500,6057,4422,1543,2136,10,64,25,267,0,0,90,161,8396,ITH,ITH3,5,Veneto,Veneto,4905854,610923,12.45,0.17
1500,2021-01-19,VEN,1309,472,837,726,218,326,0,5,3,7,1,0,23,1159,150,ITH,ITH3,5,Veneto,Veneto,4905854,612232,12.48,0.03
1501,2021-04-05,VEN,19136,8367,10769,661,392,327,176,332,9869,5510,1713,22,134,13696,5440,ITH,ITH3,5,Veneto,Veneto,4905854,631368,12.87,0.39
1502,2021-01-03,VEN,5157,1562,3595,4613,255,249,2,7,1,0,0,0,30,5157,0,ITH,ITH3,5,Veneto,Veneto,4905854,636525,12.97,0.11
1503,2021-05-04,VEN,42616,20184,22432,526,145,106,2369,21934,6939,1575,6498,47,2477,34646,7970,ITH,ITH3,5,Veneto,Veneto,4905854,679141,13.84,0.87
1504,2021-01-21,VEN,2291,719,1572,2052,74,141,3,10,0,0,0,0,11,21,2270,ITH,ITH3,5,Veneto,Veneto,4905854,681432,13.89,0.05
1505,2021-03-30,VEN,35864,15219,20645,872,406,592,478,1473,8618,16802,4770,564,1289,30615,5249,ITH,ITH3,5,Veneto,Veneto,4905854,717296,14.62,0.73
1506,2021-02-03,VEN,5938,1664,4274,2950,1142,1750,6,20,8,3,4,0,55,481,5457,ITH,ITH3,5,Veneto,Veneto,4905854,723234,14.74,0.12
1507,2021-01-30,VEN,8747,2672,6075,6337,1029,1235,9,47,4,4,3,13,66,693,8054,ITH,ITH3,5,Veneto,Veneto,4905854,731981,14.92,0.18
1508,2021-02-06,VEN,4093,1353,2740,3098,542,367,4,17,5,3,0,1,56,709,3384,ITH,ITH3,5,Veneto,Veneto,4905854,736074,15.0,0.08
1509,2021-03-23,VEN,22146,10186,11960,1303,1131,678,2868,257,5282,6685,2366,1047,529,17427,4719,ITH,ITH3,5,Veneto,Veneto,4905854,758220,15.46,0.45
1510,2021-03-22,VEN,18088,8132,9956,1478,1155,549,2494,204,2766,6698,1617,783,344,13045,5043,ITH,ITH3,5,Veneto,Veneto,4905854,776308,15.82,0.37
1511,2021-03-24,VEN,22020,9504,12516,1215,1051,807,3108,249,1506,10424,2228,970,462,15212,6808,ITH,ITH3,5,Veneto,Veneto,4905854,798328,16.27,0.45
1512,2021-04-02,VEN,23967,10549,13418,1215,511,382,299,475,7247,9629,3576,210,423,17639,6328,ITH,ITH3,5,Veneto,Veneto,4905854,822295,16.76,0.49
1513,2021-02-13,VEN,3267,1474,1793,1591,198,1439,1,10,4,3,1,0,20,3247,20,ITH,ITH3,5,Veneto,Veneto,4905854,825562,16.83,0.07
1514,2021-05-01,VEN,38697,18171,20526,492,181,43,274,19000,6480,4342,6054,35,1796,29778,8919,ITH,ITH3,5,Veneto,Veneto,4905854,864259,17.62,0.79
1515,2021-01-24,VEN,4117,1219,2898,3768,94,222,4,2,1,1,1,0,24,28,4089,ITH,ITH3,5,Veneto,Veneto,4905854,868376,17.7,0.08
1516,2021-04-16,VEN,24422,10484,13938,783,305,444,126,512,5884,9997,5814,35,522,12530,11892,ITH,ITH3,5,Veneto,Veneto,4905854,892798,18.2,0.5
1517,2021-04-10,VEN,27439,11970,15469,595,315,407,115,407,9501,10752,5014,15,318,18958,8481,ITH,ITH3,5,Veneto,Veneto,4905854,920237,18.76,0.56
1518,2021-04-19,VEN,21536,8920,12616,967,186,287,202,532,3099,11464,4450,22,327,5119,16417,ITH,ITH3,5,Veneto,Veneto,4905854,941773,19.2,0.44
1519,2021-05-23,VEN,34385,16425,17960,488,330,8,1321,13745,4451,219,3657,176,9990,11076,23309,ITH,ITH3,5,Veneto,Veneto,4905854,976158,19.9,0.7
1520,2021-05-06,VEN,46362,21746,24616,641,231,307,1858,25365,6548,2438,6179,117,2678,37964,8398,ITH,ITH3,5,Veneto,Veneto,4905854,1022520,20.84,0.95
1521,2021-02-08,VEN,4976,1541,3435,2824,785,1178,4,34,9,12,1,0,129,1929,3047,ITH,ITH3,5,Veneto,Veneto,4905854,1027496,20.94,0.1
1522,2021-02-22,VEN,7013,3040,3973,758,138,362,245,22,15,5400,40,1,32,6626,387,ITH,ITH3,5,Veneto,Veneto,4905854,1034509,21.09,0.14
1523,2021-05-08,VEN,41099,18609,22490,877,223,18,2411,17934,4248,4848,5301,253,4986,29325,11774,ITH,ITH3,5,Veneto,Veneto,4905854,1075608,21.92,0.84
1524,2021-03-04,VEN,12913,4824,8089,3219,873,1427,2833,84,55,3415,318,472,217,9448,3465,ITH,ITH3,5,Veneto,Veneto,4905854,1088521,22.19,0.26
1525,2021-05-12,VEN,36027,17440,18587,624,227,193,466,11983,3777,1109,3343,243,14062,30992,5035,ITH,ITH3,5,Veneto,Veneto,4905854,1124548,22.92,0.73
1526,2021-04-29,VEN,50209,23354,26855,657,219,439,218,22228,10694,5666,7944,163,1981,37016,13193,ITH,ITH3,5,Veneto,Veneto,4905854,1174757,23.95,1.02
1527,2021-01-01,VEN,1528,471,1057,1514,7,1,3,0,0,0,0,0,3,1528,0,ITH,ITH3,5,Veneto,Veneto,4905854,1176285,23.98,0.03
1528,2021-01-27,VEN,7138,2062,5076,5406,721,879,9,79,23,2,0,0,19,241,6897,ITH,ITH3,5,Veneto,Veneto,4905854,1183423,24.12,0.15
1529,2021-04-18,VEN,17519,7255,10264,521,158,69,110,369,2318,7344,6384,14,232,9946,7573,ITH,ITH3,5,Veneto,Veneto,4905854,1200942,24.48,0.36
1530,2021-05-18,VEN,26513,12368,14145,305,410,106,1386,5893,6663,2436,2533,362,6419,13199,13314,ITH,ITH3,5,Veneto,Veneto,4905854,1227455,25.02,0.54
1531,2021-04-27,VEN,28079,12738,15341,865,226,286,75,2990,13428,4557,4992,47,613,21157,6922,ITH,ITH3,5,Veneto,Veneto,4905854,1255534,25.59,0.57
1532,2020-12-27,VEN,880,395,485,875,1,0,1,0,1,0,0,0,2,880,0,ITH,ITH3,5,Veneto,Veneto,4905854,1256414,25.61,0.02
1533,2021-01-05,VEN,7330,2182,5148,5472,662,1123,5,20,2,1,0,2,43,7330,0,ITH,ITH3,5,Veneto,Veneto,4905854,1263744,25.76,0.15
1534,2021-01-20,VEN,1038,368,670,695,116,213,1,4,1,2,0,0,6,386,652,ITH,ITH3,5,Veneto,Veneto,4905854,1264782,25.78,0.02
1535,2021-02-02,VEN,6411,1847,4564,2999,1136,2000,3,22,6,153,6,0,86,392,6019,ITH,ITH3,5,Veneto,Veneto,4905854,1271193,25.91,0.13
1536,2021-05-21,VEN,44153,21663,22490,492,552,100,732,17815,6323,721,3941,219,13258,20756,23397,ITH,ITH3,5,Veneto,Veneto,4905854,1315346,26.81,0.9
1537,2021-04-03,VEN,21888,9604,12284,1871,299,150,131,368,6146,8255,4139,31,498,14172,7716,ITH,ITH3,5,Veneto,Veneto,4905854,1337234,27.26,0.45
1538,2021-01-28,VEN,9209,2662,6547,6587,1083,1451,5,37,2,7,2,0,35,173,9036,ITH,ITH3,5,Veneto,Veneto,4905854,1346443,27.45,0.19
1539,2021-04-21,VEN,32273,13164,19109,997,306,398,123,651,10543,13412,5307,16,520,16205,16068,ITH,ITH3,5,Veneto,Veneto,4905854,1378716,28.1,0.66
1540,2021-04-08,VEN,32307,14343,17964,1159,389,593,443,839,11166,10108,6996,121,493,24432,7875,ITH,ITH3,5,Veneto,Veneto,4905854,1411023,28.76,0.66
1541,2021-05-05,VEN,43808,21018,22790,464,197,137,852,21610,10260,1544,6052,45,2647,37300,6508,ITH,ITH3,5,Veneto,Veneto,4905854,1454831,29.65,0.89
1542,2021-05-09,VEN,34875,16041,18834,427,500,16,1890,14621,2999,3105,6235,137,4945,24820,10055,ITH,ITH3,5,Veneto,Veneto,4905854,1489706,30.37,0.71
1543,2021-01-10,VEN,5032,1671,3361,3893,565,462,1,9,2,4,0,2,94,5032,0,ITH,ITH3,5,Veneto,Veneto,4905854,1494738,30.47,0.1
1544,2021-04-24,VEN,24730,10818,13912,606,263,106,62,640,10476,7109,4864,17,587,15652,9078,ITH,ITH3,5,Veneto,Veneto,4905854,1519468,30.97,0.5
1545,2021-02-18,VEN,5828,2455,3373,976,265,667,8,32,15,3797,4,1,63,5764,64,ITH,ITH3,5,Veneto,Veneto,4905854,1525296,31.09,0.12
1546,2021-02-27,VEN,8987,2691,6296,2322,180,65,4154,35,14,1964,32,86,135,8140,847,ITH,ITH3,5,Veneto,Veneto,4905854,1534283,31.27,0.18
1547,2021-05-11,VEN,32817,16373,16444,310,206,90,435,11951,3605,880,3879,210,11251,28144,4673,ITH,ITH3,5,Veneto,Veneto,4905854,1567100,31.94,0.67
1548,2021-04-04,VEN,7776,3531,4245,24,40,1,13,127,4953,1318,1258,2,40,6625,1151,ITH,ITH3,5,Veneto,Veneto,4905854,1574876,32.1,0.16
1549,2021-03-16,VEN,12516,5347,7169,1480,385,515,129,123,112,7720,1769,21,262,6902,5614,ITH,ITH3,5,Veneto,Veneto,4905854,1587392,32.36,0.26
1550,2021-02-25,VEN,7899,3339,4560,1548,343,476,298,33,35,4936,21,109,100,7294,605,ITH,ITH3,5,Veneto,Veneto,4905854,1595291,32.52,0.16
1551,2021-03-26,VEN,29540,13115,16425,1296,1756,1232,1922,444,8146,9812,3173,1024,735,24073,5467,ITH,ITH3,5,Veneto,Veneto,4905854,1624831,33.12,0.6
1552,2021-02-19,VEN,7322,3140,4182,1561,574,665,9,33,17,4366,5,4,88,7119,203,ITH,ITH3,5,Veneto,Veneto,4905854,1632153,33.27,0.15
1553,2021-01-06,VEN,8132,2385,5747,6514,673,808,10,72,24,2,2,2,25,8132,0,ITH,ITH3,5,Veneto,Veneto,4905854,1640285,33.44,0.17
1554,2021-01-08,VEN,9403,2835,6568,6134,1322,1806,12,59,18,4,1,1,46,9403,0,ITH,ITH3,5,Veneto,Veneto,4905854,1649688,33.63,0.19
1555,2021-02-14,VEN,125,56,69,97,22,0,0,1,0,0,0,0,5,112,13,ITH,ITH3,5,Veneto,Veneto,4905854,1649813,33.63,0.0
1556,2021-04-28,VEN,32359,15152,17207,701,245,597,95,4545,15713,2797,6508,36,1122,23338,9021,ITH,ITH3,5,Veneto,Veneto,4905854,1682172,34.29,0.66
1557,2021-05-03,VEN,40521,19739,20782,322,131,101,716,22070,6081,1659,6874,29,2538,34106,6415,ITH,ITH3,5,Veneto,Veneto,4905854,1722693,35.12,0.83
1558,2021-05-13,VEN,43586,21496,22090,500,238,103,564,10154,7061,1143,3774,112,19937,33875,9711,ITH,ITH3,5,Veneto,Veneto,4905854,1766279,36.0,0.89
1559,2021-01-16,VEN,4606,1541,3065,3196,670,657,0,13,6,0,0,1,63,4606,0,ITH,ITH3,5,Veneto,Veneto,4905854,1770885,36.1,0.09
1560,2021-03-20,VEN,12942,5340,7602,710,269,320,2412,137,1617,4728,2100,218,431,10847,2095,ITH,ITH3,5,Veneto,Veneto,4905854,1783827,36.36,0.26
1561,2021-03-19,VEN,13790,5668,8122,2164,866,516,727,145,127,7564,1254,55,372,7697,6093,ITH,ITH3,5,Veneto,Veneto,4905854,1797617,36.64,0.28
1562,2021-05-14,VEN,46151,21959,24192,614,229,170,940,7289,11632,3743,5474,197,15863,25577,20574,ITH,ITH3,5,Veneto,Veneto,4905854,1843768,37.58,0.94
1563,2021-04-26,VEN,20703,9446,11257,464,157,122,87,877,10662,3019,4654,49,612,15555,5148,ITH,ITH3,5,Veneto,Veneto,4905854,1864471,38.01,0.42
1564,2021-05-19,VEN,31869,14635,17234,428,537,169,1678,7036,6488,3425,2826,301,8981,16368,15501,ITH,ITH3,5,Veneto,Veneto,4905854,1896340,38.65,0.65
1565,2021-04-06,VEN,28864,13267,15597,445,204,388,106,514,16798,5347,4775,69,218,23790,5074,ITH,ITH3,5,Veneto,Veneto,4905854,1925204,39.24,0.59
1566,2021-05-24,VEN,32206,15922,16284,204,252,32,2275,12839,4152,342,3551,540,8019,7602,24604,ITH,ITH3,5,Veneto,Veneto,4905854,1957410,39.9,0.66
1567,2021-04-01,VEN,25040,10984,14056,1057,604,601,162,636,7190,9819,4156,291,524,18655,6385,ITH,ITH3,5,Veneto,Veneto,4905854,1982450,40.41,0.51
1568,2021-01-17,VEN,1933,781,1152,1589,193,120,2,3,1,3,0,0,22,1584,349,ITH,ITH3,5,Veneto,Veneto,4905854,1984383,40.45,0.04
1569,2021-02-24,VEN,8613,3678,4935,1592,417,521,14,34,28,5591,41,273,102,8128,485,ITH,ITH3,5,Veneto,Veneto,4905854,1992996,40.62,0.18
1570,2021-04-25,VEN,18309,8146,10163,354,94,112,59,407,9084,4044,3918,4,233,13477,4832,ITH,ITH3,5,Veneto,Veneto,4905854,2011305,41.0,0.37
1571,2021-03-28,VEN,31247,13584,17663,1467,1447,172,2445,1125,8567,9242,3872,56,2854,27612,3635,ITH,ITH3,5,Veneto,Veneto,4905854,2042552,41.63,0.64
1572,2021-02-12,VEN,4314,1447,2867,2772,444,692,8,39,14,6,0,4,335,3742,572,ITH,ITH3,5,Veneto,Veneto,4905854,2046866,41.72,0.09
1573,2021-01-25,VEN,6468,2075,4393,5137,377,904,2,10,2,6,0,0,30,160,6308,ITH,ITH3,5,Veneto,Veneto,4905854,2053334,41.85,0.13
1574,2021-03-05,VEN,13284,4978,8306,3646,694,1468,2979,100,50,3090,475,353,429,9623,3661,ITH,ITH3,5,Veneto,Veneto,4905854,2066618,42.13,0.27
1575,2021-05-16,VEN,28377,13997,14380,502,188,37,241,6101,5290,647,3368,28,11975,21315,7062,ITH,ITH3,5,Veneto,Veneto,4905854,2094995,42.7,0.58
1576,2021-01-11,VEN,7238,2101,5137,3687,1161,1958,8,55,22,254,6,0,87,7238,0,ITH,ITH3,5,Veneto,Veneto,4905854,2102233,42.85,0.15
1577,2021-01-15,VEN,5864,1819,4045,3124,992,1569,4,45,18,9,0,5,98,5864,0,ITH,ITH3,5,Veneto,Veneto,4905854,2108097,42.97,0.12
1578,2021-04-12,VEN,14900,6335,8565,698,121,122,940,274,2088,6047,4324,19,267,6683,8217,ITH,ITH3,5,Veneto,Veneto,4905854,2122997,43.27,0.3
1579,2021-03-08,VEN,13546,6193,7353,719,264,402,2948,68,54,7168,475,1149,299,9477,4069,ITH,ITH3,5,Veneto,Veneto,4905854,2136543,43.55,0.28
1580,2021-04-15,VEN,20808,8583,12225,776,256,494,688,413,3897,8826,5001,8,449,10005,10803,ITH,ITH3,5,Veneto,Veneto,4905854,2157351,43.98,0.42
1581,2021-05-22,VEN,34351,16499,17852,447,254,15,1293,11450,4717,651,3501,66,11957,13220,21131,ITH,ITH3,5,Veneto,Veneto,4905854,2191702,44.68,0.7
1582,2021-04-30,VEN,49907,23439,26468,730,320,472,244,20449,10659,5596,9227,102,2108,34250,15657,ITH,ITH3,5,Veneto,Veneto,4905854,2241609,45.69,1.02
1583,2021-05-20,VEN,43917,20873,23044,400,204,207,1279,17727,5989,1575,3549,321,12666,19970,23947,ITH,ITH3,5,Veneto,Veneto,4905854,2285526,46.59,0.9
1584,2021-04-11,VEN,21002,8873,12129,1898,137,83,345,313,4346,8113,5486,11,270,14695,6307,ITH,ITH3,5,Veneto,Veneto,4905854,2306528,47.02,0.43
1585,2021-05-02,VEN,37160,17228,19932,697,175,21,534,18032,4833,4506,6541,21,1800,26837,10323,ITH,ITH3,5,Veneto,Veneto,4905854,2343688,47.77,0.76
1586,2021-01-14,VEN,7061,1923,5138,3350,1066,2489,4,23,7,17,1,0,104,7061,0,ITH,ITH3,5,Veneto,Veneto,4905854,2350749,47.92,0.14
1587,2021-04-07,VEN,35864,16094,19770,2017,688,757,358,931,18270,5565,6047,118,1113,28534,7330,ITH,ITH3,5,Veneto,Veneto,4905854,2386613,48.65,0.73
1588,2021-04-14,VEN,15869,6879,8990,818,268,186,138,384,3698,5536,4429,24,388,9242,6627,ITH,ITH3,5,Veneto,Veneto,4905854,2402482,48.97,0.32
1589,2021-03-02,VEN,11478,4619,6859,2943,797,1198,1870,83,33,3290,465,469,330,8173,3305,ITH,ITH3,5,Veneto,Veneto,4905854,2413960,49.21,0.23
1590,2021-01-23,VEN,4050,1246,2804,3423,173,436,3,3,2,1,1,0,8,32,4018,ITH,ITH3,5,Veneto,Veneto,4905854,2418010,49.29,0.08
1591,2021-04-09,VEN,31094,13691,17403,1755,915,614,198,897,8496,9861,7303,97,958,22757,8337,ITH,ITH3,5,Veneto,Veneto,4905854,2449104,49.92,0.63
1592,2021-03-07,VEN,4471,1754,2717,1909,197,26,832,22,7,982,388,49,59,3910,561,ITH,ITH3,5,Veneto,Veneto,4905854,2453575,50.01,0.09
1593,2021-02-11,VEN,4013,1238,2775,2661,390,804,8,17,8,10,6,2,107,3383,630,ITH,ITH3,5,Veneto,Veneto,4905854,2457588,50.1,0.08
1594,2021-01-12,VEN,5230,1516,3714,2275,856,1753,5,23,16,176,2,0,124,5230,0,ITH,ITH3,5,Veneto,Veneto,4905854,2462818,50.2,0.11
1595,2021-05-15,VEN,35986,17399,18587,616,259,45,1585,7077,4209,1771,4763,71,15590,26083,9903,ITH,ITH3,5,Veneto,Veneto,4905854,2498804,50.94,0.73
1596,2021-03-27,VEN,32052,13991,18061,2285,1678,197,1581,632,7033,12305,4041,222,2078,26246,5806,ITH,ITH3,5,Veneto,Veneto,4905854,2530856,51.59,0.65
1597,2021-03-13,VEN,17176,7257,9919,2682,1777,109,4042,255,210,4813,2105,464,719,14043,3133,ITH,ITH3,5,Veneto,Veneto,4905854,2548032,51.94,0.35
1598,2021-02-10,VEN,4751,1588,3163,3176,561,783,2,43,18,6,1,0,161,3697,1054,ITH,ITH3,5,Veneto,Veneto,4905854,2552783,52.04,0.1
1599,2021-02-15,VEN,4386,1821,2565,486,84,383,2,18,9,3272,55,14,63,4146,240,ITH,ITH3,5,Veneto,Veneto,4905854,2557169,52.12,0.09
1600,2021-03-25,VEN,25829,10949,14880,1537,1439,1020,2262,331,5621,9922,2253,842,602,19706,6123,ITH,ITH3,5,Veneto,Veneto,4905854,2582998,52.65,0.53
1601,2021-02-20,VEN,6424,2014,4410,1905,114,100,3245,29,11,968,3,6,43,6353,71,ITH,ITH3,5,Veneto,Veneto,4905854,2589422,52.78,0.13
1602,2021-04-07,FVG,7493,3320,4173,341,297,114,34,5,2712,2095,1875,13,7,6712,781,ITH,ITH4,6,Friuli-Venezia Giulia,Friuli Venezia Giulia,1215220,7493,0.62,0.62
1603,2021-02-27,FVG,3518,1200,2318,201,140,4,1600,1,0,1520,27,25,0,3517,1,ITH,ITH4,6,Friuli-Venezia Giulia,Friuli Venezia Giulia,1215220,11011,0.91,0.29
1604,2021-05-11,FVG,8828,4220,4608,110,71,8,569,3088,1013,811,2471,73,614,7040,1788,ITH,ITH4,6,Friuli-Venezia Giulia,Friuli Venezia Giulia,1215220,19839,1.63,0.73
1605,2021-01-02,FVG,1216,470,746,1149,67,0,0,0,0,0,0,0,0,1216,0,ITH,ITH4,6,Friuli-Venezia Giulia,Friuli Venezia Giulia,1215220,21055,1.73,0.1
1606,2021-01-24,FVG,305,119,186,277,27,1,0,0,0,0,0,0,0,1,304,ITH,ITH4,6,Friuli-Venezia Giulia,Friuli Venezia Giulia,1215220,21360,1.76,0.03
1607,2021-01-14,FVG,2584,789,1795,1605,550,429,0,0,0,0,0,0,0,2584,0,ITH,ITH4,6,Friuli-Venezia Giulia,Friuli Venezia Giulia,1215220,23944,1.97,0.21
1608,2021-01-07,FVG,2090,717,1373,1760,221,109,0,0,0,0,0,0,0,2090,0,ITH,ITH4,6,Friuli-Venezia Giulia,Friuli Venezia Giulia,1215220,26034,2.14,0.17
1609,2021-04-28,FVG,7243,3194,4049,255,131,39,4,357,2047,1825,2543,3,39,3779,3464,ITH,ITH4,6,Friuli-Venezia Giulia,Friuli Venezia Giulia,1215220,33277,2.74,0.6
1610,2021-03-04,FVG,3445,1595,1850,365,216,108,403,1,1,1814,33,504,0,2787,658,ITH,ITH4,6,Friuli-Venezia Giulia,Friuli Venezia Giulia,1215220,36722,3.02,0.28
1611,2021-01-08,FVG,2322,747,1575,1680,242,396,0,1,0,0,0,0,3,2322,0,ITH,ITH4,6,Friuli-Venezia Giulia,Friuli Venezia Giulia,1215220,39044,3.21,0.19
1612,2021-04-19,FVG,6704,3130,3574,195,155,38,29,263,1102,1766,3144,2,10,3293,3411,ITH,ITH4,6,Friuli-Venezia Giulia,Friuli Venezia Giulia,1215220,45748,3.76,0.55
1613,2021-03-26,FVG,5796,2423,3373,497,213,233,752,22,649,2047,1263,88,32,3785,2011,ITH,ITH4,6,Friuli-Venezia Giulia,Friuli Venezia Giulia,1215220,51544,4.24,0.48
1614,2021-02-19,FVG,3251,1289,1962,566,308,315,427,0,0,1588,11,35,1,2824,427,ITH,ITH4,6,Friuli-Venezia Giulia,Friuli Venezia Giulia,1215220,54795,4.51,0.27
1615,2021-02-18,FVG,3217,1492,1725,229,122,331,983,0,0,1502,16,34,0,2811,406,ITH,ITH4,6,Friuli-Venezia Giulia,Friuli Venezia Giulia,1215220,58012,4.77,0.26
1616,2021-05-12,FVG,10591,4897,5694,135,79,31,447,2888,1863,499,3701,52,896,9237,1354,ITH,ITH4,6,Friuli-Venezia Giulia,Friuli Venezia Giulia,1215220,68603,5.65,0.87
1617,2021-02-20,FVG,2068,933,1135,11,1,148,306,0,2,1584,16,0,0,1924,144,ITH,ITH4,6,Friuli-Venezia Giulia,Friuli Venezia Giulia,1215220,70671,5.82,0.17
1618,2021-02-08,FVG,2357,694,1663,1401,521,435,0,0,0,0,0,0,0,92,2265,ITH,ITH4,6,Friuli-Venezia Giulia,Friuli Venezia Giulia,1215220,73028,6.01,0.19
1619,2021-05-21,FVG,10572,4661,5911,151,133,76,1328,1957,1066,581,2674,41,2565,7822,2750,ITH,ITH4,6,Friuli-Venezia Giulia,Friuli Venezia Giulia,1215220,83600,6.88,0.87
1620,2021-05-24,FVG,8805,4163,4642,55,78,16,776,1941,677,207,2098,43,2914,6583,2222,ITH,ITH4,6,Friuli-Venezia Giulia,Friuli Venezia Giulia,1215220,92405,7.6,0.72
1621,2021-01-27,FVG,1272,425,847,851,357,64,0,0,0,0,0,0,0,450,822,ITH,ITH4,6,Friuli-Venezia Giulia,Friuli Venezia Giulia,1215220,93677,7.71,0.1
1622,2021-03-12,FVG,3938,1544,2394,178,63,47,589,1,5,2861,93,101,0,2557,1381,ITH,ITH4,6,Friuli-Venezia Giulia,Friuli Venezia Giulia,1215220,97615,8.03,0.32
1623,2021-02-13,FVG,567,179,388,337,230,0,0,0,0,0,0,0,0,561,6,ITH,ITH4,6,Friuli-Venezia Giulia,Friuli Venezia Giulia,1215220,98182,8.08,0.05
1624,2021-02-01,FVG,2096,688,1408,1590,372,134,0,0,0,0,0,0,0,16,2080,ITH,ITH4,6,Friuli-Venezia Giulia,Friuli Venezia Giulia,1215220,100278,8.25,0.17
1625,2021-01-18,FVG,1961,606,1355,1359,492,110,0,0,0,0,0,0,0,1867,94,ITH,ITH4,6,Friuli-Venezia Giulia,Friuli Venezia Giulia,1215220,102239,8.41,0.16
1626,2021-05-18,FVG,10477,5234,5243,208,192,63,395,2128,774,215,2584,487,3431,8490,1987,ITH,ITH4,6,Friuli-Venezia Giulia,Friuli Venezia Giulia,1215220,112716,9.28,0.86
1627,2021-04-30,FVG,7277,3206,4071,335,238,64,8,324,1141,1733,3380,3,51,3672,3605,ITH,ITH4,6,Friuli-Venezia Giulia,Friuli Venezia Giulia,1215220,119993,9.87,0.6
1628,2021-02-12,FVG,1193,428,765,671,389,127,1,0,1,2,1,0,1,1146,47,ITH,ITH4,6,Friuli-Venezia Giulia,Friuli Venezia Giulia,1215220,121186,9.97,0.1
1629,2021-04-15,FVG,6486,2859,3627,222,65,82,6,250,1119,1956,2763,1,22,5216,1270,ITH,ITH4,6,Friuli-Venezia Giulia,Friuli Venezia Giulia,1215220,127672,10.51,0.53
1630,2021-03-08,FVG,4065,1594,2471,694,513,140,436,0,7,2190,22,63,0,1977,2088,ITH,ITH4,6,Friuli-Venezia Giulia,Friuli Venezia Giulia,1215220,131737,10.84,0.33
1631,2021-05-04,FVG,9485,4279,5206,264,96,26,14,515,1599,1548,5410,6,7,6143,3342,ITH,ITH4,6,Friuli-Venezia Giulia,Friuli Venezia Giulia,1215220,141222,11.62,0.78
1632,2021-05-16,FVG,9931,4754,5177,233,73,16,606,2049,933,92,2634,364,2931,8540,1391,ITH,ITH4,6,Friuli-Venezia Giulia,Friuli Venezia Giulia,1215220,151153,12.44,0.82
1633,2021-04-10,FVG,4981,2160,2821,157,185,82,77,28,731,2081,1603,15,22,3759,1222,ITH,ITH4,6,Friuli-Venezia Giulia,Friuli Venezia Giulia,1215220,156134,12.85,0.41
1634,2021-03-22,FVG,3540,1343,2197,149,88,205,463,0,1,2470,155,6,3,1586,1954,ITH,ITH4,6,Friuli-Venezia Giulia,Friuli Venezia Giulia,1215220,159674,13.14,0.29
1635,2021-03-31,FVG,8030,3500,4530,170,108,293,878,5,2335,2159,1968,112,2,7185,845,ITH,ITH4,6,Friuli-Venezia Giulia,Friuli Venezia Giulia,1215220,167704,13.8,0.66
1636,2021-03-01,FVG,2958,1041,1917,92,81,176,950,1,1,1636,17,4,0,2906,52,ITH,ITH4,6,Friuli-Venezia Giulia,Friuli Venezia Giulia,1215220,170662,14.04,0.24
1637,2021-01-29,FVG,2414,814,1600,1856,321,237,0,0,0,0,0,0,0,264,2150,ITH,ITH4,6,Friuli-Venezia Giulia,Friuli Venezia Giulia,1215220,173076,14.24,0.2
1638,2021-04-02,FVG,6566,2915,3651,366,243,84,3,1,609,3133,2087,15,25,4733,1833,ITH,ITH4,6,Friuli-Venezia Giulia,Friuli Venezia Giulia,1215220,179642,14.78,0.54
1639,2021-05-06,FVG,11797,5484,6313,259,145,41,421,1716,1653,1595,5895,61,11,7846,3951,ITH,ITH4,6,Friuli-Venezia Giulia,Friuli Venezia Giulia,1215220,191439,15.75,0.97
1640,2021-02-22,FVG,2484,1193,1291,427,312,115,5,1,0,1366,13,245,0,2067,417,ITH,ITH4,6,Friuli-Venezia Giulia,Friuli Venezia Giulia,1215220,193923,15.96,0.2
1641,2021-02-28,FVG,2684,1002,1682,232,162,0,1495,0,0,405,1,389,0,2291,393,ITH,ITH4,6,Friuli-Venezia Giulia,Friuli Venezia Giulia,1215220,196607,16.18,0.22
1642,2021-02-25,FVG,3160,1651,1509,23,5,298,791,0,1,1555,12,475,0,3135,25,ITH,ITH4,6,Friuli-Venezia Giulia,Friuli Venezia Giulia,1215220,199767,16.44,0.26
1643,2021-05-17,FVG,8574,3973,4601,281,176,19,302,1918,1357,459,2656,45,1361,6283,2291,ITH,ITH4,6,Friuli-Venezia Giulia,Friuli Venezia Giulia,1215220,208341,17.14,0.71
1644,2021-02-21,FVG,800,281,519,213,166,27,1,0,0,382,10,1,0,423,377,ITH,ITH4,6,Friuli-Venezia Giulia,Friuli Venezia Giulia,1215220,209141,17.21,0.07
1645,2021-04-29,FVG,6658,2922,3736,350,146,6,7,393,1205,1473,2998,25,55,4137,2521,ITH,ITH4,6,Friuli-Venezia Giulia,Friuli Venezia Giulia,1215220,215799,17.76,0.55
1646,2021-02-07,FVG,1561,483,1078,866,693,2,0,0,0,0,0,0,0,386,1175,ITH,ITH4,6,Friuli-Venezia Giulia,Friuli Venezia Giulia,1215220,217360,17.89,0.13
1647,2021-03-15,FVG,3765,1636,2129,327,256,180,234,1,1,2426,103,237,0,1446,2319,ITH,ITH4,6,Friuli-Venezia Giulia,Friuli Venezia Giulia,1215220,221125,18.2,0.31
1648,2021-04-03,FVG,3983,1969,2014,37,580,4,150,2,3,2248,919,36,4,2655,1328,ITH,ITH4,6,Friuli-Venezia Giulia,Friuli Venezia Giulia,1215220,225108,18.52,0.33
1649,2021-01-04,FVG,1507,558,949,1390,117,0,0,0,0,0,0,0,0,1507,0,ITH,ITH4,6,Friuli-Venezia Giulia,Friuli Venezia Giulia,1215220,226615,18.65,0.12
1650,2021-01-19,FVG,6,2,4,4,0,2,0,0,0,0,0,0,0,6,0,ITH,ITH4,6,Friuli-Venezia Giulia,Friuli Venezia Giulia,1215220,226621,18.65,0.0
1651,2021-04-05,FVG,2868,1425,1443,33,222,13,122,3,607,468,1373,27,0,2853,15,ITH,ITH4,6,Friuli-Venezia Giulia,Friuli Venezia Giulia,1215220,229489,18.88,0.24
1652,2020-12-30,FVG,626,244,382,597,29,0,0,0,0,0,0,0,0,626,0,ITH,ITH4,6,Friuli-Venezia Giulia,Friuli Venezia Giulia,1215220,230115,18.94,0.05
1653,2021-04-27,FVG,8076,3703,4373,295,287,29,2,581,1874,2113,2854,1,40,3619,4457,ITH,ITH4,6,Friuli-Venezia Giulia,Friuli Venezia Giulia,1215220,238191,19.6,0.66
1654,2020-12-31,FVG,1053,384,669,1011,42,0,0,0,0,0,0,0,0,1053,0,ITH,ITH4,6,Friuli-Venezia Giulia,Friuli Venezia Giulia,1215220,239244,19.69,0.09
1655,2021-04-13,FVG,7362,3289,4073,347,308,188,23,245,2203,2232,1789,12,15,5758,1604,ITH,ITH4,6,Friuli-Venezia Giulia,Friuli Venezia Giulia,1215220,246606,20.29,0.61
1656,2021-02-03,FVG,2647,791,1856,1702,558,386,0,0,0,1,0,0,0,23,2624,ITH,ITH4,6,Friuli-Venezia Giulia,Friuli Venezia Giulia,1215220,249253,20.51,0.22
1657,2021-01-30,FVG,2273,744,1529,1476,355,442,0,0,0,0,0,0,0,270,2003,ITH,ITH4,6,Friuli-Venezia Giulia,Friuli Venezia Giulia,1215220,251526,20.7,0.19
1658,2021-04-23,FVG,7454,3375,4079,301,138,53,7,419,1197,2204,3102,3,30,3598,3856,ITH,ITH4,6,Friuli-Venezia Giulia,Friuli Venezia Giulia,1215220,258980,21.31,0.61
1659,2021-01-03,FVG,312,122,190,285,26,1,0,0,0,0,0,0,0,312,0,ITH,ITH4,6,Friuli-Venezia Giulia,Friuli Venezia Giulia,1215220,259292,21.34,0.03
1660,2021-02-05,FVG,2614,785,1829,1613,511,490,0,0,0,0,0,0,0,90,2524,ITH,ITH4,6,Friuli-Venezia Giulia,Friuli Venezia Giulia,1215220,261906,21.55,0.22
1661,2021-05-05,FVG,9650,4208,5442,294,171,40,14,1373,1753,1227,4767,3,8,6221,3429,ITH,ITH4,6,Friuli-Venezia Giulia,Friuli Venezia Giulia,1215220,271556,22.35,0.79
1662,2021-03-30,FVG,7093,3142,3951,420,334,405,139,14,2002,1937,1786,53,3,6171,922,ITH,ITH4,6,Friuli-Venezia Giulia,Friuli Venezia Giulia,1215220,278649,22.93,0.58
1663,2021-01-10,FVG,2939,918,2021,1744,951,244,0,0,0,0,0,0,0,2939,0,ITH,ITH4,6,Friuli-Venezia Giulia,Friuli Venezia Giulia,1215220,281588,23.17,0.24
1664,2021-01-13,FVG,2650,834,1816,1821,599,230,0,0,0,0,0,0,0,2650,0,ITH,ITH4,6,Friuli-Venezia Giulia,Friuli Venezia Giulia,1215220,284238,23.39,0.22
1665,2021-05-03,FVG,7171,3267,3904,229,185,58,11,319,1353,1253,3728,10,25,3397,3774,ITH,ITH4,6,Friuli-Venezia Giulia,Friuli Venezia Giulia,1215220,291409,23.98,0.59
1666,2021-04-22,FVG,6754,3072,3682,122,108,34,2,330,1560,2122,2459,1,16,3078,3676,ITH,ITH4,6,Friuli-Venezia Giulia,Friuli Venezia Giulia,1215220,298163,24.54,0.56
1667,2021-05-01,FVG,7181,3242,3939,215,36,0,3,220,108,579,5957,4,59,6138,1043,ITH,ITH4,6,Friuli-Venezia Giulia,Friuli Venezia Giulia,1215220,305344,25.13,0.59
1668,2021-03-24,FVG,3766,1530,2236,183,183,148,427,1,21,2321,416,62,4,2286,1480,ITH,ITH4,6,Friuli-Venezia Giulia,Friuli Venezia Giulia,1215220,309110,25.44,0.31
1669,2021-04-18,FVG,6038,2799,3239,328,76,81,2,394,1433,730,2966,1,27,5631,407,ITH,ITH4,6,Friuli-Venezia Giulia,Friuli Venezia Giulia,1215220,315148,25.93,0.5
1670,2021-03-23,FVG,3753,1558,2195,320,303,244,240,0,3,2446,169,28,0,1613,2140,ITH,ITH4,6,Friuli-Venezia Giulia,Friuli Venezia Giulia,1215220,318901,26.24,0.31
1671,2021-03-03,FVG,3636,1625,2011,746,545,104,427,0,0,1331,15,468,0,2363,1273,ITH,ITH4,6,Friuli-Venezia Giulia,Friuli Venezia Giulia,1215220,322537,26.54,0.3
1672,2021-04-17,FVG,7447,3232,4215,320,117,1,3,624,592,2454,3310,3,23,5965,1482,ITH,ITH4,6,Friuli-Venezia Giulia,Friuli Venezia Giulia,1215220,329984,27.15,0.61
1673,2021-05-07,FVG,10520,4807,5713,271,114,24,33,2415,1952,1571,3986,76,78,7053,3467,ITH,ITH4,6,Friuli-Venezia Giulia,Friuli Venezia Giulia,1215220,340504,28.02,0.87
1674,2020-12-27,FVG,262,149,113,259,3,0,0,0,0,0,0,0,0,262,0,ITH,ITH4,6,Friuli-Venezia Giulia,Friuli Venezia Giulia,1215220,340766,28.04,0.02
1675,2021-02-06,FVG,1154,338,816,755,208,191,0,0,0,0,0,0,0,22,1132,ITH,ITH4,6,Friuli-Venezia Giulia,Friuli Venezia Giulia,1215220,341920,28.14,0.09
1676,2021-01-22,FVG,90,30,60,89,1,0,0,0,0,0,0,0,0,0,90,ITH,ITH4,6,Friuli-Venezia Giulia,Friuli Venezia Giulia,1215220,342010,28.14,0.01
1677,2021-02-02,FVG,2467,806,1661,1658,393,416,0,0,0,0,0,0,0,217,2250,ITH,ITH4,6,Friuli-Venezia Giulia,Friuli Venezia Giulia,1215220,344477,28.35,0.2
1678,2021-03-06,FVG,3494,1195,2299,181,249,5,1471,0,0,1563,6,19,0,3169,325,ITH,ITH4,6,Friuli-Venezia Giulia,Friuli Venezia Giulia,1215220,347971,28.63,0.29
1679,2021-04-16,FVG,6910,2995,3915,289,184,169,16,312,977,2040,2902,1,20,4987,1923,ITH,ITH4,6,Friuli-Venezia Giulia,Friuli Venezia Giulia,1215220,354881,29.2,0.57
1680,2021-01-31,FVG,2715,836,1879,1693,1004,18,0,0,0,0,0,0,0,385,2330,ITH,ITH4,6,Friuli-Venezia Giulia,Friuli Venezia Giulia,1215220,357596,29.43,0.22
1681,2021-03-27,FVG,4984,2560,2424,60,811,1,99,4,905,1990,1096,16,2,3573,1411,ITH,ITH4,6,Friuli-Venezia Giulia,Friuli Venezia Giulia,1215220,362580,29.84,0.41
1682,2021-03-10,FVG,3358,1493,1865,305,299,209,195,0,1,1972,67,309,1,1566,1792,ITH,ITH4,6,Friuli-Venezia Giulia,Friuli Venezia Giulia,1215220,365938,30.11,0.28
1683,2021-04-21,FVG,7702,3439,4263,109,73,30,9,545,2427,2057,2442,4,6,4022,3680,ITH,ITH4,6,Friuli-Venezia Giulia,Friuli Venezia Giulia,1215220,373640,30.75,0.63
1684,2021-05-23,FVG,10124,4742,5382,106,70,24,676,1987,677,201,3857,391,2135,6000,4124,ITH,ITH4,6,Friuli-Venezia Giulia,Friuli Venezia Giulia,1215220,383764,31.58,0.83
1685,2021-04-24,FVG,6674,2946,3728,433,55,0,1,526,283,1989,3334,1,52,5431,1243,ITH,ITH4,6,Friuli-Venezia Giulia,Friuli Venezia Giulia,1215220,390438,32.13,0.55
1686,2021-03-17,FVG,3231,1265,1966,427,219,198,6,0,1,2245,132,3,0,743,2488,ITH,ITH4,6,Friuli-Venezia Giulia,Friuli Venezia Giulia,1215220,393669,32.39,0.27
1687,2021-05-08,FVG,10243,4629,5614,341,198,11,17,2296,947,1912,4486,29,6,5465,4778,ITH,ITH4,6,Friuli-Venezia Giulia,Friuli Venezia Giulia,1215220,403912,33.24,0.84
1688,2021-03-14,FVG,1395,547,848,0,1,0,796,0,0,247,16,335,0,1143,252,ITH,ITH4,6,Friuli-Venezia Giulia,Friuli Venezia Giulia,1215220,405307,33.35,0.11
1689,2021-02-10,FVG,1352,496,856,745,487,119,1,0,0,0,0,0,0,1266,86,ITH,ITH4,6,Friuli-Venezia Giulia,Friuli Venezia Giulia,1215220,406659,33.46,0.11
1690,2021-01-26,FVG,1977,647,1330,1441,152,384,0,0,0,0,0,0,0,217,1760,ITH,ITH4,6,Friuli-Venezia Giulia,Friuli Venezia Giulia,1215220,408636,33.63,0.16
1691,2021-04-08,FVG,7207,3014,4193,259,147,236,34,5,1531,2972,2010,4,9,5287,1920,ITH,ITH4,6,Friuli-Venezia Giulia,Friuli Venezia Giulia,1215220,415843,34.22,0.59
1692,2021-03-29,FVG,6874,3001,3873,241,211,160,316,10,2108,2415,1358,47,8,5294,1580,ITH,ITH4,6,Friuli-Venezia Giulia,Friuli Venezia Giulia,1215220,422717,34.79,0.57
1693,2021-03-09,FVG,3855,1589,2266,654,478,200,424,2,4,2003,28,59,3,1108,2747,ITH,ITH4,6,Friuli-Venezia Giulia,Friuli Venezia Giulia,1215220,426572,35.1,0.32
1694,2021-05-13,FVG,10952,5260,5692,129,52,39,775,2832,1286,873,3070,227,1669,8964,1988,ITH,ITH4,6,Friuli-Venezia Giulia,Friuli Venezia Giulia,1215220,437524,36.0,0.9
1695,2021-01-12,FVG,2260,713,1547,1529,370,361,0,0,0,0,0,0,0,2260,0,ITH,ITH4,6,Friuli-Venezia Giulia,Friuli Venezia Giulia,1215220,439784,36.19,0.19
1696,2021-05-10,FVG,7860,3487,4373,192,71,98,27,1864,1787,792,2996,27,6,6322,1538,ITH,ITH4,6,Friuli-Venezia Giulia,Friuli Venezia Giulia,1215220,447644,36.84,0.65
1697,2021-03-28,FVG,4808,2272,2536,13,746,5,1306,8,1525,424,663,111,7,4668,140,ITH,ITH4,6,Friuli-Venezia Giulia,Friuli Venezia Giulia,1215220,452452,37.23,0.4
1698,2021-05-19,FVG,11568,5681,5887,199,88,27,407,2257,1198,246,3361,580,3205,9393,2175,ITH,ITH4,6,Friuli-Venezia Giulia,Friuli Venezia Giulia,1215220,464020,38.18,0.95
1699,2021-03-19,FVG,3233,1339,1894,107,47,297,134,0,0,2510,138,0,0,1301,1932,ITH,ITH4,6,Friuli-Venezia Giulia,Friuli Venezia Giulia,1215220,467253,38.45,0.27
1700,2021-01-17,FVG,1716,523,1193,673,559,484,0,0,0,0,0,0,0,1716,0,ITH,ITH4,6,Friuli-Venezia Giulia,Friuli Venezia Giulia,1215220,468969,38.59,0.14
1701,2021-04-26,FVG,5443,2444,2999,184,148,16,14,330,2087,700,1911,5,48,3795,1648,ITH,ITH4,6,Friuli-Venezia Giulia,Friuli Venezia Giulia,1215220,474412,39.04,0.45
1702,2021-05-20,FVG,12164,5986,6178,154,140,38,1010,2348,736,496,2908,503,3831,9849,2315,ITH,ITH4,6,Friuli-Venezia Giulia,Friuli Venezia Giulia,1215220,486576,40.04,1.0
1703,2021-01-25,FVG,1582,567,1015,1370,140,72,0,0,0,0,0,0,0,194,1388,ITH,ITH4,6,Friuli-Venezia Giulia,Friuli Venezia Giulia,1215220,488158,40.17,0.13
1704,2021-02-23,FVG,2617,1252,1365,104,44,249,0,0,2,1943,19,256,0,2437,180,ITH,ITH4,6,Friuli-Venezia Giulia,Friuli Venezia Giulia,1215220,490775,40.39,0.22
1705,2021-02-26,FVG,3735,2093,1642,74,26,558,295,0,2,1737,5,1038,0,3587,148,ITH,ITH4,6,Friuli-Venezia Giulia,Friuli Venezia Giulia,1215220,494510,40.69,0.31
1706,2021-01-21,FVG,895,345,550,864,31,0,0,0,0,0,0,0,0,1,894,ITH,ITH4,6,Friuli-Venezia Giulia,Friuli Venezia Giulia,1215220,495405,40.77,0.07
1707,2021-04-12,FVG,7253,3181,4072,283,183,230,22,97,1740,2084,2591,4,19,6122,1131,ITH,ITH4,6,Friuli-Venezia Giulia,Friuli Venezia Giulia,1215220,502658,41.36,0.6
1708,2021-03-21,FVG,2602,937,1665,7,9,88,1120,0,0,1333,3,27,15,2193,409,ITH,ITH4,6,Friuli-Venezia Giulia,Friuli Venezia Giulia,1215220,505260,41.58,0.21
1709,2021-04-11,FVG,3433,1520,1913,233,100,7,27,13,533,1224,1270,7,19,2527,906,ITH,ITH4,6,Friuli-Venezia Giulia,Friuli Venezia Giulia,1215220,508693,41.86,0.28
1710,2021-03-18,FVG,3371,1421,1950,60,23,168,4,1,1,2863,251,0,0,1690,1681,ITH,ITH4,6,Friuli-Venezia Giulia,Friuli Venezia Giulia,1215220,512064,42.14,0.28
1711,2021-03-05,FVG,3736,1478,2258,1049,653,77,146,0,8,1729,26,46,2,2663,1073,ITH,ITH4,6,Friuli-Venezia Giulia,Friuli Venezia Giulia,1215220,515800,42.44,0.31
1712,2021-01-23,FVG,816,324,492,768,48,0,0,0,0,0,0,0,0,4,812,ITH,ITH4,6,Friuli-Venezia Giulia,Friuli Venezia Giulia,1215220,516616,42.51,0.07
1713,2021-05-22,FVG,11435,5134,6301,237,70,34,980,1785,461,479,4039,36,3314,7245,4190,ITH,ITH4,6,Friuli-Venezia Giulia,Friuli Venezia Giulia,1215220,528051,43.45,0.94
1714,2021-04-14,FVG,7215,3118,4097,337,224,95,3,281,1560,2157,2548,2,8,5503,1712,ITH,ITH4,6,Friuli-Venezia Giulia,Friuli Venezia Giulia,1215220,535266,44.05,0.59
1715,2021-02-16,FVG,2516,1135,1381,260,244,221,0,0,3,1760,28,0,0,2400,116,ITH,ITH4,6,Friuli-Venezia Giulia,Friuli Venezia Giulia,1215220,537782,44.25,0.21
1716,2021-03-20,FVG,3340,1351,1989,414,279,10,66,2,1,2376,13,179,0,1249,2091,ITH,ITH4,6,Friuli-Venezia Giulia,Friuli Venezia Giulia,1215220,541122,44.53,0.27
1717,2021-02-17,FVG,2353,999,1354,330,178,230,0,0,0,1555,14,46,0,1873,480,ITH,ITH4,6,Friuli-Venezia Giulia,Friuli Venezia Giulia,1215220,543475,44.72,0.19
1718,2021-04-09,FVG,7762,3528,4234,299,172,103,23,57,1281,2618,3202,0,7,6518,1244,ITH,ITH4,6,Friuli-Venezia Giulia,Friuli Venezia Giulia,1215220,551237,45.36,0.64
1719,2021-03-07,FVG,2544,929,1615,1,5,152,1788,0,0,143,0,455,0,2543,1,ITH,ITH4,6,Friuli-Venezia Giulia,Friuli Venezia Giulia,1215220,553781,45.57,0.21
1720,2021-03-02,FVG,4220,1519,2701,1159,659,203,640,0,1,1536,17,5,0,2721,1499,ITH,ITH4,6,Friuli-Venezia Giulia,Friuli Venezia Giulia,1215220,558001,45.92,0.35
1721,2021-02-11,FVG,1930,664,1266,1131,566,229,0,0,1,2,0,1,0,1738,192,ITH,ITH4,6,Friuli-Venezia Giulia,Friuli Venezia Giulia,1215220,559931,46.08,0.16
1722,2021-02-24,FVG,2518,1082,1436,23,5,312,297,1,0,1835,15,0,30,2500,18,ITH,ITH4,6,Friuli-Venezia Giulia,Friuli Venezia Giulia,1215220,562449,46.28,0.21
1723,2021-03-16,FVG,3153,1287,1866,329,256,244,2,0,3,2204,115,0,0,1073,2080,ITH,ITH4,6,Friuli-Venezia Giulia,Friuli Venezia Giulia,1215220,565602,46.54,0.26
1724,2021-02-09,FVG,1841,554,1287,1047,509,285,0,0,0,0,0,0,0,1555,286,ITH,ITH4,6,Friuli-Venezia Giulia,Friuli Venezia Giulia,1215220,567443,46.69,0.15
1725,2021-01-09,FVG,2513,841,1672,1517,406,590,0,0,0,0,0,0,0,2513,0,ITH,ITH4,6,Friuli-Venezia Giulia,Friuli Venezia Giulia,1215220,569956,46.9,0.21
1726,2021-05-15,FVG,12576,6063,6513,373,55,3,534,1686,402,1118,4502,129,3774,7900,4676,ITH,ITH4,6,Friuli-Venezia Giulia,Friuli Venezia Giulia,1215220,582532,47.94,1.03
1727,2021-03-25,FVG,5309,2261,3048,55,54,302,835,3,957,2059,979,63,2,3176,2133,ITH,ITH4,6,Friuli-Venezia Giulia,Friuli Venezia Giulia,1215220,587841,48.37,0.44
1728,2021-02-15,FVG,2453,911,1542,700,390,316,0,0,4,1033,10,0,0,2202,251,ITH,ITH4,6,Friuli-Venezia Giulia,Friuli Venezia Giulia,1215220,590294,48.58,0.2
1729,2021-03-13,FVG,2933,1119,1814,12,4,86,723,1,2,2056,9,40,0,1662,1271,ITH,ITH4,6,Friuli-Venezia Giulia,Friuli Venezia Giulia,1215220,593227,48.82,0.24
1730,2021-01-20,FVG,748,320,428,716,32,0,0,0,0,0,0,0,0,13,735,ITH,ITH4,6,Friuli-Venezia Giulia,Friuli Venezia Giulia,1215220,593975,48.88,0.06
1731,2021-01-05,FVG,1678,551,1127,1349,133,196,0,0,0,0,0,0,0,1678,0,ITH,ITH4,6,Friuli-Venezia Giulia,Friuli Venezia Giulia,1215220,595653,49.02,0.14
1732,2021-04-06,FVG,6275,2771,3504,256,205,131,29,5,1098,2691,1837,19,4,5126,1149,ITH,ITH4,6,Friuli-Venezia Giulia,Friuli Venezia Giulia,1215220,601928,49.53,0.52
1733,2021-04-25,FVG,2361,990,1371,329,50,0,1,729,478,66,691,0,17,2350,11,ITH,ITH4,6,Friuli-Venezia Giulia,Friuli Venezia Giulia,1215220,604289,49.73,0.19
1734,2021-01-16,FVG,1230,360,870,771,211,248,0,0,0,0,0,0,0,1230,0,ITH,ITH4,6,Friuli-Venezia Giulia,Friuli Venezia Giulia,1215220,605519,49.83,0.1
1735,2021-04-01,FVG,6315,2993,3322,172,117,208,94,2,1171,2052,2431,57,11,5300,1015,ITH,ITH4,6,Friuli-Venezia Giulia,Friuli Venezia Giulia,1215220,611834,50.35,0.52
1736,2021-01-06,FVG,710,264,446,515,195,0,0,0,0,0,0,0,0,710,0,ITH,ITH4,6,Friuli-Venezia Giulia,Friuli Venezia Giulia,1215220,612544,50.41,0.06
1737,2021-05-14,FVG,10546,5224,5322,211,142,92,99,2999,1496,792,2835,608,1272,8077,2469,ITH,ITH4,6,Friuli-Venezia Giulia,Friuli Venezia Giulia,1215220,623090,51.27,0.87
1738,2021-02-04,FVG,2725,807,1918,1717,544,464,0,0,0,0,0,0,0,36,2689,ITH,ITH4,6,Friuli-Venezia Giulia,Friuli Venezia Giulia,1215220,625815,51.5,0.22
1739,2021-04-20,FVG,7104,3058,4046,496,313,38,8,428,1147,2366,2301,1,6,3202,3902,ITH,ITH4,6,Friuli-Venezia Giulia,Friuli Venezia Giulia,1215220,632919,52.08,0.58
1740,2021-03-11,FVG,3353,1413,1940,264,114,290,504,1,2,2014,35,127,2,1604,1749,ITH,ITH4,6,Friuli-Venezia Giulia,Friuli Venezia Giulia,1215220,636272,52.36,0.28
1741,2021-01-28,FVG,2238,794,1444,1756,288,194,0,0,0,0,0,0,0,354,1884,ITH,ITH4,6,Friuli-Venezia Giulia,Friuli Venezia Giulia,1215220,638510,52.54,0.18
1742,2021-05-09,FVG,7325,3289,4036,302,99,0,9,1006,457,633,4786,12,21,3473,3852,ITH,ITH4,6,Friuli-Venezia Giulia,Friuli Venezia Giulia,1215220,645835,53.15,0.6
1743,2021-05-02,FVG,6808,3201,3607,262,104,1,6,442,440,1133,4377,2,41,3912,2896,ITH,ITH4,6,Friuli-Venezia Giulia,Friuli Venezia Giulia,1215220,652643,53.71,0.56
1744,2021-01-11,FVG,1884,609,1275,1502,336,46,0,0,0,0,0,0,0,1884,0,ITH,ITH4,6,Friuli-Venezia Giulia,Friuli Venezia Giulia,1215220,654527,53.86,0.16
1745,2021-01-15,FVG,2021,605,1416,1278,369,374,0,0,0,0,0,0,0,2021,0,ITH,ITH4,6,Friuli-Venezia Giulia,Friuli Venezia Giulia,1215220,656548,54.03,0.17
1746,2021-03-03,TOS,18193,6510,11683,3324,1083,135,3446,2,0,9187,3,1003,10,14587,3606,ITI,ITI1,9,Toscana,Toscana,3729641,18193,0.49,0.49
1747,2021-01-04,TOS,5065,1894,3171,4100,29,933,0,0,0,0,0,0,3,5065,0,ITI,ITI1,9,Toscana,Toscana,3729641,23258,0.62,0.14
1748,2021-03-11,TOS,15494,5993,9501,2440,907,270,12,0,7,10331,1293,217,17,12168,3326,ITI,ITI1,9,Toscana,Toscana,3729641,38752,1.04,0.42
1749,2021-02-20,TOS,4641,1790,2851,3350,1038,203,18,0,0,17,0,15,0,4128,513,ITI,ITI1,9,Toscana,Toscana,3729641,43393,1.16,0.12
1750,2021-04-25,TOS,11053,5248,5805,247,101,62,15,33,6269,390,3925,5,6,8916,2137,ITI,ITI1,9,Toscana,Toscana,3729641,54446,1.46,0.3
1751,2021-02-13,TOS,7785,2360,5425,3667,574,163,5,0,2,0,0,186,3188,7558,227,ITI,ITI1,9,Toscana,Toscana,3729641,62231,1.67,0.21
1752,2021-01-19,TOS,1104,531,573,392,220,491,0,0,0,0,0,0,1,1104,0,ITI,ITI1,9,Toscana,Toscana,3729641,63335,1.7,0.03
1753,2021-05-24,TOS,32388,15881,16507,191,328,58,40,13105,4785,427,6395,513,6546,23220,9168,ITI,ITI1,9,Toscana,Toscana,3729641,95723,2.57,0.87
1754,2021-03-18,TOS,9969,3980,5989,438,562,280,3,3,3,7797,871,7,5,6005,3964,ITI,ITI1,9,Toscana,Toscana,3729641,105692,2.83,0.27
1755,2021-04-05,TOS,15279,6823,8456,27,52,0,35,12,13541,257,1328,4,23,14542,737,ITI,ITI1,9,Toscana,Toscana,3729641,120971,3.24,0.41
1756,2021-04-23,TOS,25665,11424,14241,349,246,153,6,166,483,16520,7580,13,149,9353,16312,ITI,ITI1,9,Toscana,Toscana,3729641,146636,3.93,0.69
1757,2021-02-01,TOS,5509,1958,3551,4486,403,616,0,0,0,0,0,0,4,521,4988,ITI,ITI1,9,Toscana,Toscana,3729641,152145,4.08,0.15
1758,2021-02-25,TOS,10635,4306,6329,1078,1634,259,3201,1,1,3232,5,1220,4,9636,999,ITI,ITI1,9,Toscana,Toscana,3729641,162780,4.36,0.29
1759,2021-01-03,TOS,3335,1051,2284,2564,9,762,0,0,0,0,0,0,0,3335,0,ITI,ITI1,9,Toscana,Toscana,3729641,166115,4.45,0.09
1760,2021-02-06,TOS,4527,1550,2977,3725,574,227,0,0,0,0,0,0,1,1294,3233,ITI,ITI1,9,Toscana,Toscana,3729641,170642,4.58,0.12
1761,2021-01-22,TOS,2866,1064,1802,2026,81,758,0,0,0,0,1,0,0,528,2338,ITI,ITI1,9,Toscana,Toscana,3729641,173508,4.65,0.08
1762,2021-02-12,TOS,7606,2683,4923,3742,380,188,0,0,1,3,0,402,2890,7393,213,ITI,ITI1,9,Toscana,Toscana,3729641,181114,4.86,0.2
1763,2021-04-17,TOS,20524,9200,11324,605,389,84,1,22,7392,5932,6069,8,22,18402,2122,ITI,ITI1,9,Toscana,Toscana,3729641,201638,5.41,0.55
1764,2021-03-08,TOS,6369,2630,3739,4063,747,191,8,0,0,66,965,327,2,1550,4819,ITI,ITI1,9,Toscana,Toscana,3729641,208007,5.58,0.17
1765,2021-05-07,TOS,32031,14658,17373,509,357,103,2812,2903,2088,9235,13043,530,451,11978,20053,ITI,ITI1,9,Toscana,Toscana,3729641,240038,6.44,0.86
1766,2021-04-13,TOS,8490,3508,4982,253,461,265,5,35,54,5547,1828,30,12,6033,2457,ITI,ITI1,9,Toscana,Toscana,3729641,248528,6.66,0.23
1767,2021-04-22,TOS,35715,15301,20414,320,500,139,6,123,7349,20452,6686,16,124,18276,17439,ITI,ITI1,9,Toscana,Toscana,3729641,284243,7.62,0.96
1768,2021-02-26,TOS,10076,3833,6243,1555,1653,298,3562,0,0,1817,2,1189,0,8870,1206,ITI,ITI1,9,Toscana,Toscana,3729641,294319,7.89,0.27
1769,2021-05-02,TOS,11164,4927,6237,38,21,3,2,55,6825,1727,2455,12,26,9206,1958,ITI,ITI1,9,Toscana,Toscana,3729641,305483,8.19,0.3
1770,2021-02-03,TOS,4221,1452,2769,3475,239,505,0,0,0,1,0,0,1,241,3980,ITI,ITI1,9,Toscana,Toscana,3729641,309704,8.3,0.11
1771,2021-04-16,TOS,28925,12876,16049,523,524,92,2,67,6610,15192,5841,23,51,22032,6893,ITI,ITI1,9,Toscana,Toscana,3729641,338629,9.08,0.78
1772,2021-03-30,TOS,16861,7498,9363,212,169,250,113,13,4545,8535,2737,219,68,13297,3564,ITI,ITI1,9,Toscana,Toscana,3729641,355490,9.53,0.45
1773,2021-03-02,TOS,10600,3799,6801,3171,986,154,3512,0,0,1851,0,922,4,7156,3444,ITI,ITI1,9,Toscana,Toscana,3729641,366090,9.82,0.28
1774,2021-05-06,TOS,31258,13590,17668,313,513,40,1723,339,3863,12567,11373,132,395,14144,17114,ITI,ITI1,9,Toscana,Toscana,3729641,397348,10.65,0.84
1775,2021-03-22,TOS,4890,2451,2439,222,367,380,314,27,2418,474,466,142,80,4446,444,ITI,ITI1,9,Toscana,Toscana,3729641,402238,10.78,0.13
1776,2021-01-23,TOS,3949,1354,2595,2936,170,841,0,0,0,0,0,0,2,640,3309,ITI,ITI1,9,Toscana,Toscana,3729641,406187,10.89,0.11
1777,2021-04-08,TOS,29649,12535,17114,264,321,207,5,62,1786,23695,3234,17,58,23274,6375,ITI,ITI1,9,Toscana,Toscana,3729641,435836,11.69,0.79
1778,2021-01-24,TOS,3349,1073,2276,2602,35,709,0,0,0,1,0,0,2,201,3148,ITI,ITI1,9,Toscana,Toscana,3729641,439185,11.78,0.09
1779,2021-03-25,TOS,23613,10124,13489,225,313,405,711,46,2777,16131,2660,268,77,15275,8338,ITI,ITI1,9,Toscana,Toscana,3729641,462798,12.41,0.63
1780,2021-01-14,TOS,3255,1179,2076,2459,475,320,0,0,0,0,1,0,0,3255,0,ITI,ITI1,9,Toscana,Toscana,3729641,466053,12.5,0.09
1781,2021-04-19,TOS,9097,4506,4591,640,245,74,7,24,378,511,7213,2,3,8069,1028,ITI,ITI1,9,Toscana,Toscana,3729641,475150,12.74,0.24
1782,2021-03-19,TOS,10136,4457,5679,641,442,303,35,21,2644,5285,712,13,40,7271,2865,ITI,ITI1,9,Toscana,Toscana,3729641,485286,13.01,0.27
1783,2021-03-04,TOS,17623,6758,10865,2816,953,274,3695,2,8,8237,597,1037,4,14541,3082,ITI,ITI1,9,Toscana,Toscana,3729641,502909,13.48,0.47
1784,2021-05-13,TOS,34721,15246,19475,1043,673,29,2707,7114,8945,5466,7403,886,455,13712,21009,ITI,ITI1,9,Toscana,Toscana,3729641,537630,14.42,0.93
1785,2021-02-15,TOS,8770,3375,5395,4538,922,216,1138,0,0,56,0,801,1099,7945,825,ITI,ITI1,9,Toscana,Toscana,3729641,546400,14.65,0.24
1786,2021-01-17,TOS,2535,871,1664,2002,293,240,0,0,0,0,0,0,0,2022,513,ITI,ITI1,9,Toscana,Toscana,3729641,548935,14.72,0.07
1787,2021-05-19,TOS,27637,13383,14254,423,2323,24,2598,3867,1803,273,6299,1529,8498,18823,8814,ITI,ITI1,9,Toscana,Toscana,3729641,576572,15.46,0.74
1788,2021-04-26,TOS,10150,4941,5209,118,282,72,4,47,4257,211,5110,7,42,7596,2554,ITI,ITI1,9,Toscana,Toscana,3729641,586722,15.73,0.27
1789,2021-04-14,TOS,20142,8327,11815,401,409,122,1,33,146,16682,2297,10,41,15043,5099,ITI,ITI1,9,Toscana,Toscana,3729641,606864,16.27,0.54
1790,2021-04-29,TOS,39345,17715,21630,305,331,156,14,97,13139,19434,5750,19,100,19234,20111,ITI,ITI1,9,Toscana,Toscana,3729641,646209,17.33,1.05
1791,2021-03-28,TOS,6212,2808,3404,37,26,145,89,22,2402,893,2557,22,19,5958,254,ITI,ITI1,9,Toscana,Toscana,3729641,652421,17.49,0.17
1792,2021-04-03,TOS,15012,6646,8366,101,64,99,13,16,6585,4914,3183,10,27,13886,1126,ITI,ITI1,9,Toscana,Toscana,3729641,667433,17.9,0.4
1793,2021-02-18,TOS,8818,3285,5533,2924,1447,230,3142,0,0,215,0,860,0,7923,895,ITI,ITI1,9,Toscana,Toscana,3729641,676251,18.13,0.24
1794,2021-03-15,TOS,8356,3331,5025,3214,1609,404,2281,0,2,36,325,482,3,3914,4442,ITI,ITI1,9,Toscana,Toscana,3729641,684607,18.36,0.22
1795,2021-05-10,TOS,26094,12330,13764,489,267,32,2035,7615,3699,660,10152,931,214,15486,10608,ITI,ITI1,9,Toscana,Toscana,3729641,710701,19.06,0.7
1796,2021-03-27,TOS,8859,4150,4709,115,80,245,198,17,3196,2074,2843,57,34,8644,215,ITI,ITI1,9,Toscana,Toscana,3729641,719560,19.29,0.24
1797,2021-01-21,TOS,1589,686,903,579,220,790,0,0,0,0,0,0,0,867,722,ITI,ITI1,9,Toscana,Toscana,3729641,721149,19.34,0.04
1798,2021-04-02,TOS,31942,13532,18410,298,65,371,6,14,8605,19852,2563,117,51,23918,8024,ITI,ITI1,9,Toscana,Toscana,3729641,753091,20.19,0.86
1799,2021-01-15,TOS,3878,1347,2531,2758,674,444,0,0,0,0,0,0,2,3878,0,ITI,ITI1,9,Toscana,Toscana,3729641,756969,20.3,0.1
1800,2021-05-04,TOS,18286,8201,10085,379,423,60,11,127,3760,3880,9437,89,120,12842,5444,ITI,ITI1,9,Toscana,Toscana,3729641,775255,20.79,0.49
1801,2021-05-21,TOS,27605,12732,14873,417,1724,23,3353,5315,2367,273,7964,1066,5103,16626,10979,ITI,ITI1,9,Toscana,Toscana,3729641,802860,21.53,0.74
1802,2021-04-09,TOS,24529,10544,13985,243,121,220,3,42,94,20312,3441,17,36,21121,3408,ITI,ITI1,9,Toscana,Toscana,3729641,827389,22.18,0.66
1803,2021-03-20,TOS,6489,2882,3607,914,563,165,34,4,3576,773,423,27,10,5354,1135,ITI,ITI1,9,Toscana,Toscana,3729641,833878,22.36,0.17
1804,2021-02-17,TOS,8175,3169,5006,3464,1123,249,2486,0,0,218,0,635,0,7423,752,ITI,ITI1,9,Toscana,Toscana,3729641,842053,22.58,0.22
1805,2021-02-23,TOS,7721,3324,4397,1490,1512,204,2832,0,0,510,1,1170,2,7560,161,ITI,ITI1,9,Toscana,Toscana,3729641,849774,22.78,0.21
1806,2021-02-24,TOS,10372,4467,5905,81,1513,301,2947,0,0,4141,0,1384,5,10171,201,ITI,ITI1,9,Toscana,Toscana,3729641,860146,23.06,0.28
1807,2021-01-13,TOS,4062,1398,2664,3308,348,404,0,0,0,0,0,0,2,4062,0,ITI,ITI1,9,Toscana,Toscana,3729641,864208,23.17,0.11
1808,2021-03-07,TOS,5647,2356,3291,3103,642,123,774,0,0,15,417,573,0,2105,3542,ITI,ITI1,9,Toscana,Toscana,3729641,869855,23.32,0.15
1809,2021-02-16,TOS,9279,3339,5940,5084,952,188,2324,0,0,10,0,720,1,8558,721,ITI,ITI1,9,Toscana,Toscana,3729641,879134,23.57,0.25
1810,2021-04-04,TOS,13910,6601,7309,17,20,1,52,14,12885,173,723,5,20,13657,253,ITI,ITI1,9,Toscana,Toscana,3729641,893044,23.94,0.37
1811,2021-03-01,TOS,4472,1733,2739,3192,597,137,25,0,0,9,1,509,2,832,3640,ITI,ITI1,9,Toscana,Toscana,3729641,897516,24.06,0.12
1812,2021-05-20,TOS,28310,13132,15178,1004,2424,29,2978,4926,1934,242,9115,1214,4444,18022,10288,ITI,ITI1,9,Toscana,Toscana,3729641,925826,24.82,0.76
1813,2021-01-09,TOS,4485,1596,2889,3780,143,560,0,0,0,1,0,0,1,4485,0,ITI,ITI1,9,Toscana,Toscana,3729641,930311,24.94,0.12
1814,2021-04-18,TOS,8332,4081,4251,433,217,68,2,25,678,1412,5466,4,27,7337,995,ITI,ITI1,9,Toscana,Toscana,3729641,938643,25.17,0.22
1815,2021-01-07,TOS,6018,1751,4267,5308,29,680,0,0,0,0,0,0,1,6018,0,ITI,ITI1,9,Toscana,Toscana,3729641,944661,25.33,0.16
1816,2021-03-31,TOS,32573,13135,19438,279,111,277,3699,62,2643,23408,1481,451,162,20417,12156,ITI,ITI1,9,Toscana,Toscana,3729641,977234,26.2,0.87
1817,2021-04-24,TOS,13430,6162,7268,129,236,139,4,75,310,6635,5828,2,72,5989,7441,ITI,ITI1,9,Toscana,Toscana,3729641,990664,26.56,0.36
1818,2021-02-28,TOS,1649,667,982,1111,202,78,9,0,0,0,0,249,0,922,727,ITI,ITI1,9,Toscana,Toscana,3729641,992313,26.61,0.04
1819,2021-01-16,TOS,3271,1046,2225,2493,538,240,0,0,0,0,0,0,0,3271,0,ITI,ITI1,9,Toscana,Toscana,3729641,995584,26.69,0.09
1820,2021-04-06,TOS,22170,9774,12396,806,405,136,1626,123,10038,5665,2913,175,283,18456,3714,ITI,ITI1,9,Toscana,Toscana,3729641,1017754,27.29,0.59
1821,2021-01-31,TOS,3050,1129,1921,2465,134,448,0,0,0,1,0,0,2,106,2944,ITI,ITI1,9,Toscana,Toscana,3729641,1020804,27.37,0.08
1822,2021-04-01,TOS,26899,11106,15793,248,114,304,6,4,30,24581,1402,159,51,16297,10602,ITI,ITI1,9,Toscana,Toscana,3729641,1047703,28.09,0.72
1823,2021-02-21,TOS,5105,2089,3016,3666,1220,195,9,0,0,2,0,13,0,4935,170,ITI,ITI1,9,Toscana,Toscana,3729641,1052808,28.23,0.14
1824,2021-05-17,TOS,29436,14614,14822,366,1435,12,2447,4360,2396,199,8969,1380,7872,20771,8665,ITI,ITI1,9,Toscana,Toscana,3729641,1082244,29.02,0.79
1825,2021-02-04,TOS,4253,1594,2659,3168,623,456,0,0,0,5,0,0,1,961,3292,ITI,ITI1,9,Toscana,Toscana,3729641,1086497,29.13,0.11
1826,2021-03-26,TOS,20394,9156,11238,251,327,215,333,28,3494,11888,3667,146,45,14643,5751,ITI,ITI1,9,Toscana,Toscana,3729641,1106891,29.68,0.55
1827,2021-01-28,TOS,6282,1882,4400,5426,64,788,0,0,0,2,0,0,2,354,5928,ITI,ITI1,9,Toscana,Toscana,3729641,1113173,29.85,0.17
1828,2021-01-10,TOS,3001,1104,1897,2432,134,431,0,1,0,0,0,0,3,3001,0,ITI,ITI1,9,Toscana,Toscana,3729641,1116174,29.93,0.08
1829,2021-01-20,TOS,1331,637,694,435,255,640,0,0,0,0,0,0,1,1083,248,ITI,ITI1,9,Toscana,Toscana,3729641,1117505,29.96,0.04
1830,2021-04-07,TOS,35633,15293,20340,309,595,101,20,57,11344,19898,3104,81,124,28385,7248,ITI,ITI1,9,Toscana,Toscana,3729641,1153138,30.92,0.96
1831,2021-01-11,TOS,5094,1691,3403,4362,209,522,0,0,0,0,0,0,1,5094,0,ITI,ITI1,9,Toscana,Toscana,3729641,1158232,31.05,0.14
1832,2021-04-12,TOS,2612,1183,1429,168,440,225,6,4,13,381,1368,4,3,1958,654,ITI,ITI1,9,Toscana,Toscana,3729641,1160844,31.12,0.07
1833,2021-01-25,TOS,5127,1896,3231,4161,54,909,0,0,0,1,0,0,2,248,4879,ITI,ITI1,9,Toscana,Toscana,3729641,1165971,31.26,0.14
1834,2021-05-05,TOS,30002,13360,16642,319,515,196,8,366,3728,11952,12619,18,281,15640,14362,ITI,ITI1,9,Toscana,Toscana,3729641,1195973,32.07,0.8
1835,2021-01-02,TOS,3497,1096,2401,2681,15,801,0,0,0,0,0,0,0,3497,0,ITI,ITI1,9,Toscana,Toscana,3729641,1199470,32.16,0.09
1836,2021-05-03,TOS,11929,5507,6422,159,96,43,3,141,3857,709,6850,14,57,10612,1317,ITI,ITI1,9,Toscana,Toscana,3729641,1211399,32.48,0.32
1837,2021-04-11,TOS,3641,1678,1963,62,87,99,4,6,67,1673,1639,0,4,3486,155,ITI,ITI1,9,Toscana,Toscana,3729641,1215040,32.58,0.1
1838,2021-02-27,TOS,1981,754,1227,1352,311,132,19,0,0,1,0,165,1,1079,902,ITI,ITI1,9,Toscana,Toscana,3729641,1217021,32.63,0.05
1839,2021-03-09,TOS,10674,4152,6522,4806,907,180,11,1,3,3302,1164,297,3,5122,5552,ITI,ITI1,9,Toscana,Toscana,3729641,1227695,32.92,0.29
1840,2021-03-24,TOS,19655,7973,11682,222,385,195,773,51,2845,13978,873,255,78,10199,9456,ITI,ITI1,9,Toscana,Toscana,3729641,1247350,33.44,0.53
1841,2021-05-01,TOS,23304,10058,13246,75,169,124,2,113,10234,7499,5038,8,42,14132,9172,ITI,ITI1,9,Toscana,Toscana,3729641,1270654,34.07,0.62
1842,2021-05-12,TOS,34102,15535,18567,619,475,60,2197,7206,9270,5668,7210,870,527,14153,19949,ITI,ITI1,9,Toscana,Toscana,3729641,1304756,34.98,0.91
1843,2021-03-23,TOS,9092,4102,4990,310,313,351,338,52,2819,4033,659,148,69,6818,2274,ITI,ITI1,9,Toscana,Toscana,3729641,1313848,35.23,0.24
1844,2021-02-02,TOS,3742,1475,2267,3021,283,422,0,0,0,6,0,6,4,195,3547,ITI,ITI1,9,Toscana,Toscana,3729641,1317590,35.33,0.1
1845,2021-02-11,TOS,5383,2021,3362,2809,284,323,16,0,0,12,0,10,1929,5141,242,ITI,ITI1,9,Toscana,Toscana,3729641,1322973,35.47,0.14
1846,2021-02-05,TOS,5749,2245,3504,4122,1180,442,0,0,0,1,0,0,4,1924,3825,ITI,ITI1,9,Toscana,Toscana,3729641,1328722,35.63,0.15
1847,2021-04-10,TOS,11721,5348,6373,291,195,117,3,25,79,8130,2853,10,18,10975,746,ITI,ITI1,9,Toscana,Toscana,3729641,1340443,35.94,0.31
1848,2021-05-22,TOS,24835,12056,12779,369,211,39,54,9728,1595,144,6712,163,5820,20790,4045,ITI,ITI1,9,Toscana,Toscana,3729641,1365278,36.61,0.67
1849,2021-05-15,TOS,29263,13818,15445,221,517,38,16,14289,2821,1846,7354,57,2104,23542,5721,ITI,ITI1,9,Toscana,Toscana,3729641,1394541,37.39,0.78
1850,2021-05-18,TOS,28600,14088,14512,295,1687,10,2684,4474,2564,267,8042,1237,7340,19963,8637,ITI,ITI1,9,Toscana,Toscana,3729641,1423141,38.16,0.77
1851,2021-03-13,TOS,9275,3301,5974,2835,1697,69,3740,0,2,178,384,369,1,5312,3963,ITI,ITI1,9,Toscana,Toscana,3729641,1432416,38.41,0.25
1852,2021-01-18,TOS,1119,636,483,430,313,375,0,0,0,0,0,0,1,1021,98,ITI,ITI1,9,Toscana,Toscana,3729641,1433535,38.44,0.03
1853,2021-02-10,TOS,4263,1281,2982,3535,239,485,0,1,1,1,0,1,0,3740,523,ITI,ITI1,9,Toscana,Toscana,3729641,1437798,38.55,0.11
1854,2021-05-23,TOS,26970,12950,14020,97,136,1,22,11133,1418,106,4860,196,9001,24528,2442,ITI,ITI1,9,Toscana,Toscana,3729641,1464768,39.27,0.72
1855,2021-01-27,TOS,4834,1572,3262,4017,73,743,0,0,0,0,0,0,1,206,4628,ITI,ITI1,9,Toscana,Toscana,3729641,1469602,39.4,0.13
1856,2021-05-08,TOS,29101,13093,16008,462,452,23,2949,5010,1289,4410,14071,189,246,13684,15417,ITI,ITI1,9,Toscana,Toscana,3729641,1498703,40.18,0.78
1857,2021-02-22,TOS,9818,4254,5564,3483,2235,316,2702,0,0,22,1,1058,1,9541,277,ITI,ITI1,9,Toscana,Toscana,3729641,1508521,40.45,0.26
1858,2021-03-29,TOS,9391,4588,4803,227,140,244,200,15,4855,774,2710,210,16,9067,324,ITI,ITI1,9,Toscana,Toscana,3729641,1517912,40.7,0.25
1859,2021-01-08,TOS,5946,1642,4304,5361,37,545,0,0,0,0,0,0,3,5946,0,ITI,ITI1,9,Toscana,Toscana,3729641,1523858,40.86,0.16
1860,2021-02-07,TOS,2806,953,1853,2349,299,157,0,0,0,0,0,0,1,885,1921,ITI,ITI1,9,Toscana,Toscana,3729641,1526664,40.93,0.08
1861,2021-01-12,TOS,3581,1398,2183,2944,282,354,0,0,0,0,0,0,1,3581,0,ITI,ITI1,9,Toscana,Toscana,3729641,1530245,41.03,0.1
1862,2021-04-15,TOS,24378,10187,14191,360,300,175,6,35,149,20285,3008,11,49,15857,8521,ITI,ITI1,9,Toscana,Toscana,3729641,1554623,41.68,0.65
1863,2021-01-06,TOS,4520,1460,3060,3985,9,525,0,0,0,0,0,0,1,4520,0,ITI,ITI1,9,Toscana,Toscana,3729641,1559143,41.8,0.12
1864,2021-01-01,TOS,2369,787,1582,1715,2,650,0,0,0,2,0,0,0,2369,0,ITI,ITI1,9,Toscana,Toscana,3729641,1561512,41.87,0.06
1865,2021-05-16,TOS,26653,12877,13776,452,79,9,11,12192,2728,372,4675,196,5939,24194,2459,ITI,ITI1,9,Toscana,Toscana,3729641,1588165,42.58,0.71
1866,2021-03-05,TOS,16492,6336,10156,3922,1686,170,3871,0,1,5297,656,885,4,11751,4741,ITI,ITI1,9,Toscana,Toscana,3729641,1604657,43.02,0.44
1867,2021-01-05,TOS,5249,1755,3494,4354,15,878,0,0,0,0,0,0,2,5249,0,ITI,ITI1,9,Toscana,Toscana,3729641,1609906,43.17,0.14
1868,2021-02-08,TOS,4097,1360,2737,3373,343,377,0,0,0,2,0,0,2,3638,459,ITI,ITI1,9,Toscana,Toscana,3729641,1614003,43.28,0.11
1869,2021-01-30,TOS,4622,1622,3000,3765,218,638,0,0,0,0,0,0,1,198,4424,ITI,ITI1,9,Toscana,Toscana,3729641,1618625,43.4,0.12
1870,2021-01-29,TOS,6136,1698,4438,5375,138,622,0,0,0,0,0,0,1,302,5834,ITI,ITI1,9,Toscana,Toscana,3729641,1624761,43.56,0.16
1871,2021-03-12,TOS,16521,6220,10301,2613,1587,303,3922,3,4,7045,304,728,12,12993,3528,ITI,ITI1,9,Toscana,Toscana,3729641,1641282,44.01,0.44
1872,2021-04-20,TOS,18155,8111,10044,225,295,70,3,36,7071,6518,3915,3,19,12598,5557,ITI,ITI1,9,Toscana,Toscana,3729641,1659437,44.49,0.49
1873,2021-05-14,TOS,33134,15328,17806,752,752,39,2897,12042,2460,3841,8142,858,1351,20563,12571,ITI,ITI1,9,Toscana,Toscana,3729641,1692571,45.38,0.89
1874,2021-03-21,TOS,3231,1573,1658,660,796,77,12,0,1244,274,160,6,2,1798,1433,ITI,ITI1,9,Toscana,Toscana,3729641,1695802,45.47,0.09
1875,2021-05-09,TOS,22511,9756,12755,406,227,7,4910,3306,1512,1097,10677,255,114,9652,12859,ITI,ITI1,9,Toscana,Toscana,3729641,1718313,46.07,0.6
1876,2021-02-19,TOS,8290,2951,5339,2967,1207,248,3105,0,0,154,1,606,2,7780,510,ITI,ITI1,9,Toscana,Toscana,3729641,1726603,46.29,0.22
1877,2021-05-11,TOS,27931,12977,14954,411,683,65,2083,5835,9258,1777,6778,887,154,12478,15453,ITI,ITI1,9,Toscana,Toscana,3729641,1754534,47.04,0.75
1878,2021-04-28,TOS,19118,8187,10931,413,362,19,6,57,160,14041,3940,30,90,3831,15287,ITI,ITI1,9,Toscana,Toscana,3729641,1773652,47.56,0.51
1879,2021-03-10,TOS,18011,7073,10938,3006,851,271,14,3,3,12282,1317,253,11,13994,4017,ITI,ITI1,9,Toscana,Toscana,3729641,1791663,48.04,0.48
1880,2020-12-27,TOS,620,267,353,460,10,13,0,23,4,5,0,0,105,620,0,ITI,ITI1,9,Toscana,Toscana,3729641,1792283,48.06,0.02
1881,2020-12-30,TOS,327,104,223,34,10,283,0,0,0,0,0,0,0,327,0,ITI,ITI1,9,Toscana,Toscana,3729641,1792610,48.06,0.01
1882,2021-03-16,TOS,4898,1881,3017,1552,427,124,16,1,5,2114,643,13,3,2654,2244,ITI,ITI1,9,Toscana,Toscana,3729641,1797508,48.2,0.13
1883,2021-03-06,TOS,7094,2838,4256,3803,657,145,1145,0,2,30,918,394,0,2901,4193,ITI,ITI1,9,Toscana,Toscana,3729641,1804602,48.39,0.19
1884,2021-04-30,TOS,39969,17671,22298,282,101,167,50,115,13634,18102,7346,48,124,20126,19843,ITI,ITI1,9,Toscana,Toscana,3729641,1844571,49.46,1.07
1885,2021-03-14,TOS,7207,2574,4633,3104,1195,122,2476,0,1,44,26,239,0,3272,3935,ITI,ITI1,9,Toscana,Toscana,3729641,1851778,49.65,0.19
1886,2021-04-21,TOS,29597,12663,16934,298,285,76,2,129,7383,16801,4490,16,117,17513,12084,ITI,ITI1,9,Toscana,Toscana,3729641,1881375,50.44,0.79
1887,2021-04-27,TOS,10343,4909,5434,332,347,39,1,47,347,3955,5217,2,56,3864,6479,ITI,ITI1,9,Toscana,Toscana,3729641,1891718,50.72,0.28
1888,2021-01-26,TOS,5393,1792,3601,4358,81,951,0,0,0,0,0,0,3,220,5173,ITI,ITI1,9,Toscana,Toscana,3729641,1897111,50.87,0.14
1889,2020-12-31,TOS,804,202,602,96,10,698,0,0,0,0,0,0,0,804,0,ITI,ITI1,9,Toscana,Toscana,3729641,1897915,50.89,0.02
1890,2021-02-09,TOS,4488,1468,3020,3582,386,514,0,0,0,4,0,0,2,3877,611,ITI,ITI1,9,Toscana,Toscana,3729641,1902403,51.01,0.12
1891,2021-03-17,TOS,11420,4586,6834,365,328,189,2,5,8,9769,740,2,12,6892,4528,ITI,ITI1,9,Toscana,Toscana,3729641,1913823,51.31,0.31
1892,2021-02-14,TOS,8999,2569,6430,3033,549,81,11,2,1,0,0,261,5061,8889,110,ITI,ITI1,9,Toscana,Toscana,3729641,1922822,51.56,0.24
1893,2021-04-18,SIC,19725,9864,9861,244,84,104,94,5978,1808,2681,8635,15,82,15359,4366,ITG,ITG1,19,Sicilia,Sicilia,4999891,19725,0.39,0.39
1894,2021-05-23,SIC,33750,16404,17346,422,250,122,1830,2021,1287,1200,13208,386,13024,19707,14043,ITG,ITG1,19,Sicilia,Sicilia,4999891,53475,1.07,0.68
1895,2021-04-24,SIC,31339,14799,16540,442,182,393,135,4686,2828,5650,16650,98,275,23598,7741,ITG,ITG1,19,Sicilia,Sicilia,4999891,84814,1.7,0.63
1896,2021-01-31,SIC,4108,1958,2150,2600,835,293,0,61,26,26,0,0,267,113,3995,ITG,ITG1,19,Sicilia,Sicilia,4999891,88922,1.78,0.08
1897,2021-05-09,SIC,28145,13163,14982,392,221,92,592,2601,1365,2028,17625,334,2895,19873,8272,ITG,ITG1,19,Sicilia,Sicilia,4999891,117067,2.34,0.56
1898,2021-02-10,SIC,4420,1813,2607,1973,1150,736,0,57,33,18,0,0,453,3999,421,ITG,ITG1,19,Sicilia,Sicilia,4999891,121487,2.43,0.09
1899,2021-04-21,SIC,22661,10878,11783,545,230,371,121,1668,1610,3740,14096,29,251,16452,6209,ITG,ITG1,19,Sicilia,Sicilia,4999891,144148,2.88,0.45
1900,2021-02-17,SIC,5414,3278,2136,1526,718,883,2,39,8,10,0,1989,239,4746,668,ITG,ITG1,19,Sicilia,Sicilia,4999891,149562,2.99,0.11
1901,2021-03-23,SIC,21065,10077,10988,886,436,441,1645,182,3526,5910,7353,404,282,15411,5654,ITG,ITG1,19,Sicilia,Sicilia,4999891,170627,3.41,0.42
1902,2021-03-14,SIC,8779,3930,4849,565,411,178,678,144,1687,4319,146,66,585,4945,3834,ITG,ITG1,19,Sicilia,Sicilia,4999891,179406,3.59,0.18
1903,2021-04-27,SIC,26361,12707,13654,616,207,376,103,1794,1786,4404,16765,97,213,15584,10777,ITG,ITG1,19,Sicilia,Sicilia,4999891,205767,4.12,0.53
1904,2021-05-08,SIC,35746,17073,18673,523,194,150,452,3200,2002,3046,21978,1064,3137,25430,10316,ITG,ITG1,19,Sicilia,Sicilia,4999891,241513,4.83,0.71
1905,2021-01-10,SIC,3621,1616,2005,2128,552,465,0,42,22,92,0,0,320,3621,0,ITG,ITG1,19,Sicilia,Sicilia,4999891,245134,4.9,0.07
1906,2021-03-15,SIC,10813,4713,6100,1250,494,728,1118,60,1526,4915,132,307,283,5747,5066,ITG,ITG1,19,Sicilia,Sicilia,4999891,255947,5.12,0.22
1907,2021-01-28,SIC,9309,4390,4919,7449,1367,295,0,35,11,4,0,0,148,404,8905,ITG,ITG1,19,Sicilia,Sicilia,4999891,265256,5.31,0.19
1908,2021-02-14,SIC,1058,403,655,433,301,236,0,9,3,4,0,0,72,918,140,ITG,ITG1,19,Sicilia,Sicilia,4999891,266314,5.33,0.02
1909,2021-04-28,SIC,29349,13768,15581,652,229,418,96,2462,2175,4492,18300,169,356,20278,9071,ITG,ITG1,19,Sicilia,Sicilia,4999891,295663,5.91,0.59
1910,2021-03-16,SIC,9784,4365,5419,1638,503,787,43,59,127,5722,579,55,271,3666,6118,ITG,ITG1,19,Sicilia,Sicilia,4999891,305447,6.11,0.2
1911,2021-04-20,SIC,19263,9075,10188,473,274,456,58,1467,1428,3593,11371,22,121,13924,5339,ITG,ITG1,19,Sicilia,Sicilia,4999891,324710,6.49,0.39
1912,2021-05-05,SIC,26296,12174,14122,675,327,328,89,2428,1872,3430,15888,458,801,16705,9591,ITG,ITG1,19,Sicilia,Sicilia,4999891,351006,7.02,0.53
1913,2021-01-02,SIC,4879,2538,2341,4318,144,0,0,87,7,2,0,0,321,4879,0,ITG,ITG1,19,Sicilia,Sicilia,4999891,355885,7.12,0.1
1914,2021-05-03,SIC,23459,10820,12639,611,266,283,88,1690,1776,3017,15423,127,178,13574,9885,ITG,ITG1,19,Sicilia,Sicilia,4999891,379344,7.59,0.47
1915,2021-05-01,SIC,24479,11329,13150,439,165,146,104,2778,2092,2533,15955,78,189,19319,5160,ITG,ITG1,19,Sicilia,Sicilia,4999891,403823,8.08,0.49
1916,2021-02-02,SIC,5544,2624,2920,3157,1563,429,0,50,7,21,1,0,316,634,4910,ITG,ITG1,19,Sicilia,Sicilia,4999891,409367,8.19,0.11
1917,2020-12-28,SIC,211,126,85,209,2,0,0,0,0,0,0,0,0,211,0,ITG,ITG1,19,Sicilia,Sicilia,4999891,409578,8.19,0.0
1918,2021-01-15,SIC,5085,2233,2852,2828,1047,479,0,67,19,2,0,0,643,5085,0,ITG,ITG1,19,Sicilia,Sicilia,4999891,414663,8.29,0.1
1919,2021-05-22,SIC,48273,22918,25355,518,398,217,3211,3246,2182,2282,18214,1023,16982,28774,19499,ITG,ITG1,19,Sicilia,Sicilia,4999891,462936,9.26,0.97
1920,2021-03-11,SIC,15454,6521,8933,1603,1275,1024,3319,198,2106,4043,154,984,748,12889,2565,ITG,ITG1,19,Sicilia,Sicilia,4999891,478390,9.57,0.31
1921,2021-01-11,SIC,5911,2596,3315,3926,1017,382,0,83,17,89,0,0,397,5911,0,ITG,ITG1,19,Sicilia,Sicilia,4999891,484301,9.69,0.12
1922,2021-03-24,SIC,21144,9908,11236,954,486,625,1461,343,3215,5943,7606,201,310,15307,5837,ITG,ITG1,19,Sicilia,Sicilia,4999891,505445,10.11,0.42
1923,2021-03-07,SIC,9270,3456,5814,967,561,476,3284,88,12,3453,18,226,185,8187,1083,ITG,ITG1,19,Sicilia,Sicilia,4999891,514715,10.29,0.19
1924,2021-03-26,SIC,18001,8366,9635,1072,596,403,1309,225,2829,5598,5603,124,242,12470,5531,ITG,ITG1,19,Sicilia,Sicilia,4999891,532716,10.65,0.36
1925,2021-02-28,SIC,7170,3065,4105,870,410,112,1359,90,7,3352,2,266,702,6540,630,ITG,ITG1,19,Sicilia,Sicilia,4999891,539886,10.8,0.14
1926,2021-04-04,SIC,6831,3329,3502,190,97,120,44,107,852,2464,2851,17,89,5539,1292,ITG,ITG1,19,Sicilia,Sicilia,4999891,546717,10.93,0.14
1927,2021-01-16,SIC,2778,1196,1582,1331,561,298,0,24,15,6,0,0,543,2778,0,ITG,ITG1,19,Sicilia,Sicilia,4999891,549495,10.99,0.06
1928,2021-05-17,SIC,32144,15467,16677,579,440,348,1061,2409,1344,1866,14363,1264,8470,19347,12797,ITG,ITG1,19,Sicilia,Sicilia,4999891,581639,11.63,0.64
1929,2021-02-04,SIC,6932,3187,3745,4425,1450,556,0,49,13,18,0,0,421,1455,5477,ITG,ITG1,19,Sicilia,Sicilia,4999891,588571,11.77,0.14
1930,2021-04-07,SIC,15555,7636,7919,763,373,434,159,211,1632,4465,7157,52,309,8391,7164,ITG,ITG1,19,Sicilia,Sicilia,4999891,604126,12.08,0.31
1931,2021-01-23,SIC,4242,2190,2052,4017,186,16,0,1,2,0,0,0,20,217,4025,ITG,ITG1,19,Sicilia,Sicilia,4999891,608368,12.17,0.08
1932,2021-02-11,SIC,5321,2097,3224,2453,1441,885,0,77,25,7,0,0,433,4858,463,ITG,ITG1,19,Sicilia,Sicilia,4999891,613689,12.27,0.11
1933,2021-05-12,SIC,36840,17344,19496,701,377,451,821,1920,1635,3083,23300,1404,3148,21899,14941,ITG,ITG1,19,Sicilia,Sicilia,4999891,650529,13.01,0.74
1934,2021-04-06,SIC,17869,8541,9328,802,278,537,179,222,1858,5499,8023,77,394,13544,4325,ITG,ITG1,19,Sicilia,Sicilia,4999891,668398,13.37,0.36
1935,2021-03-13,SIC,12421,5479,6942,1171,766,500,1761,209,2137,4699,132,205,841,7838,4583,ITG,ITG1,19,Sicilia,Sicilia,4999891,680819,13.62,0.25
1936,2021-02-19,SIC,5129,2732,2397,1478,848,599,239,31,13,83,2,1518,318,4563,566,ITG,ITG1,19,Sicilia,Sicilia,4999891,685948,13.72,0.1
1937,2021-02-15,SIC,3927,1818,2109,1698,1011,646,26,28,10,14,11,281,202,3362,565,ITG,ITG1,19,Sicilia,Sicilia,4999891,689875,13.8,0.08
1938,2021-04-01,SIC,14400,6675,7725,620,216,488,191,127,2239,5110,4863,405,141,9685,4715,ITG,ITG1,19,Sicilia,Sicilia,4999891,704275,14.09,0.29
1939,2021-02-18,SIC,5473,3152,2321,1633,880,835,96,21,8,11,5,1817,167,5045,428,ITG,ITG1,19,Sicilia,Sicilia,4999891,709748,14.2,0.11
1940,2021-02-21,SIC,5168,2501,2667,376,162,173,153,38,6,3918,3,174,165,5062,106,ITG,ITG1,19,Sicilia,Sicilia,4999891,714916,14.3,0.1
1941,2021-05-04,SIC,26835,12468,14367,590,276,358,98,2269,2279,3285,17026,274,380,17648,9187,ITG,ITG1,19,Sicilia,Sicilia,4999891,741751,14.84,0.54
1942,2021-01-18,SIC,1646,666,980,728,189,268,0,22,11,0,0,0,428,1495,151,ITG,ITG1,19,Sicilia,Sicilia,4999891,743397,14.87,0.03
1943,2021-04-03,SIC,16364,7782,8582,437,167,292,198,1036,4359,4947,4496,35,397,13528,2836,ITG,ITG1,19,Sicilia,Sicilia,4999891,759761,15.2,0.33
1944,2021-03-27,SIC,15750,7436,8314,648,416,378,739,246,1807,5648,5548,56,264,10837,4913,ITG,ITG1,19,Sicilia,Sicilia,4999891,775511,15.51,0.32
1945,2021-02-12,SIC,4674,1847,2827,2291,1375,604,0,45,17,10,0,0,332,4407,267,ITG,ITG1,19,Sicilia,Sicilia,4999891,780185,15.6,0.09
1946,2021-05-10,SIC,28306,13596,14710,593,278,233,431,1813,1368,2681,17040,1400,2469,16189,12117,ITG,ITG1,19,Sicilia,Sicilia,4999891,808491,16.17,0.57
1947,2021-04-12,SIC,18950,9203,9747,424,150,390,118,1353,1569,3679,11039,27,201,11610,7340,ITG,ITG1,19,Sicilia,Sicilia,4999891,827441,16.55,0.38
1948,2021-02-13,SIC,3097,1164,1933,1294,920,562,0,36,19,13,0,1,252,2841,256,ITG,ITG1,19,Sicilia,Sicilia,4999891,830538,16.61,0.06
1949,2021-01-25,SIC,7510,3695,3815,6633,575,70,0,21,7,44,0,0,160,314,7196,ITG,ITG1,19,Sicilia,Sicilia,4999891,838048,16.76,0.15
1950,2021-04-11,SIC,15344,7578,7766,220,97,182,97,782,1024,3171,9640,15,116,8315,7029,ITG,ITG1,19,Sicilia,Sicilia,4999891,853392,17.07,0.31
1951,2021-03-09,SIC,13159,5591,7568,1591,1208,708,3687,112,19,4001,197,1131,505,10787,2372,ITG,ITG1,19,Sicilia,Sicilia,4999891,866551,17.33,0.26
1952,2021-01-27,SIC,7526,3836,3690,6323,818,152,0,44,11,7,0,0,171,187,7339,ITG,ITG1,19,Sicilia,Sicilia,4999891,874077,17.48,0.15
1953,2021-04-02,SIC,14006,6594,7412,623,216,357,201,130,2128,5225,4888,79,159,9220,4786,ITG,ITG1,19,Sicilia,Sicilia,4999891,888083,17.76,0.28
1954,2021-05-15,SIC,57000,26627,30373,588,483,232,1853,4342,2472,2977,25892,1115,17046,41631,15369,ITG,ITG1,19,Sicilia,Sicilia,4999891,945083,18.9,1.14
1955,2021-03-20,SIC,18814,9031,9783,835,316,433,1217,189,2525,5491,7266,113,429,13489,5325,ITG,ITG1,19,Sicilia,Sicilia,4999891,963897,19.28,0.38
1956,2021-02-24,SIC,9561,4850,4711,1409,744,504,921,25,23,4095,1,1611,228,8971,590,ITG,ITG1,19,Sicilia,Sicilia,4999891,973458,19.47,0.19
1957,2021-02-16,SIC,4370,2282,2088,1461,960,795,1,35,9,27,8,877,197,3905,465,ITG,ITG1,19,Sicilia,Sicilia,4999891,977828,19.56,0.09
1958,2021-03-29,SIC,15002,7036,7966,874,350,338,304,129,2529,5040,5156,104,178,10486,4516,ITG,ITG1,19,Sicilia,Sicilia,4999891,992830,19.86,0.3
1959,2021-04-22,SIC,27094,12804,14290,631,169,400,98,3050,2041,4405,16056,36,208,20553,6541,ITG,ITG1,19,Sicilia,Sicilia,4999891,1019924,20.4,0.54
1960,2021-02-08,SIC,4086,1760,2326,2346,1028,397,0,37,5,16,0,0,257,2129,1957,ITG,ITG1,19,Sicilia,Sicilia,4999891,1024010,20.48,0.08
1961,2021-01-07,SIC,9180,4244,4936,7701,974,210,0,64,8,2,0,0,221,9180,0,ITG,ITG1,19,Sicilia,Sicilia,4999891,1033190,20.66,0.18
1962,2021-01-09,SIC,7326,3424,3902,5034,1070,456,0,117,36,41,0,0,572,7326,0,ITG,ITG1,19,Sicilia,Sicilia,4999891,1040516,20.81,0.15
1963,2021-03-31,SIC,14606,6750,7856,645,294,513,190,139,2226,5249,5070,106,174,9578,5028,ITG,ITG1,19,Sicilia,Sicilia,4999891,1055122,21.1,0.29
1964,2021-05-07,SIC,36659,17312,19347,578,319,295,261,2834,2219,3460,22892,1393,2408,25029,11630,ITG,ITG1,19,Sicilia,Sicilia,4999891,1091781,21.84,0.73
1965,2021-03-08,SIC,13546,5829,7717,2011,1117,713,3997,134,24,3926,65,1017,542,10738,2808,ITG,ITG1,19,Sicilia,Sicilia,4999891,1105327,22.11,0.27
1966,2021-01-30,SIC,7841,3571,4270,5454,1611,475,0,47,12,4,0,0,238,175,7666,ITG,ITG1,19,Sicilia,Sicilia,4999891,1113168,22.26,0.16
1967,2021-01-14,SIC,5256,2517,2739,3049,1281,259,0,106,34,90,0,0,437,5256,0,ITG,ITG1,19,Sicilia,Sicilia,4999891,1118424,22.37,0.11
1968,2021-03-21,SIC,15228,7338,7890,489,228,75,958,161,2142,4573,6221,112,269,11253,3975,ITG,ITG1,19,Sicilia,Sicilia,4999891,1133652,22.67,0.3
1969,2021-05-20,SIC,43481,20776,22705,621,450,278,1688,3034,1941,1875,16880,1287,15427,27666,15815,ITG,ITG1,19,Sicilia,Sicilia,4999891,1177133,23.54,0.87
1970,2021-01-13,SIC,5266,2491,2775,3046,1192,461,0,92,28,27,0,1,419,5266,0,ITG,ITG1,19,Sicilia,Sicilia,4999891,1182399,23.65,0.11
1971,2021-01-24,SIC,4308,2252,2056,3988,240,3,0,12,6,37,0,0,22,142,4166,ITG,ITG1,19,Sicilia,Sicilia,4999891,1186707,23.73,0.09
1972,2021-04-19,SIC,18474,8738,9736,666,403,386,79,909,1251,3491,11136,24,129,12767,5707,ITG,ITG1,19,Sicilia,Sicilia,4999891,1205181,24.1,0.37
1973,2021-03-05,SIC,15885,6846,9039,3187,1669,747,4077,94,30,4081,104,1482,414,11565,4320,ITG,ITG1,19,Sicilia,Sicilia,4999891,1221066,24.42,0.32
1974,2021-03-04,SIC,15196,6554,8642,2804,1835,749,3826,116,36,4029,27,1213,561,10998,4198,ITG,ITG1,19,Sicilia,Sicilia,4999891,1236262,24.73,0.3
1975,2021-04-29,SIC,31660,14755,16905,908,288,428,107,2658,2215,4662,19963,150,281,22326,9334,ITG,ITG1,19,Sicilia,Sicilia,4999891,1267922,25.36,0.63
1976,2021-05-06,SIC,29014,13729,15285,628,272,337,138,2464,1918,3634,17790,933,900,18431,10583,ITG,ITG1,19,Sicilia,Sicilia,4999891,1296936,25.94,0.58
1977,2021-02-23,SIC,8909,4670,4239,1264,726,517,577,16,9,4075,2,1482,241,8446,463,ITG,ITG1,19,Sicilia,Sicilia,4999891,1305845,26.12,0.18
1978,2021-01-04,SIC,8392,4186,4206,7612,548,6,0,26,8,2,0,0,190,8392,0,ITG,ITG1,19,Sicilia,Sicilia,4999891,1314237,26.29,0.17
1979,2021-04-23,SIC,28895,13848,15047,641,238,379,110,4086,2410,4333,16426,64,208,22948,5947,ITG,ITG1,19,Sicilia,Sicilia,4999891,1343132,26.86,0.58
1980,2021-04-05,SIC,8024,3959,4065,232,71,177,56,75,855,2922,3572,5,59,6584,1440,ITG,ITG1,19,Sicilia,Sicilia,4999891,1351156,27.02,0.16
1981,2021-02-01,SIC,6069,2681,3388,4159,1236,319,0,47,13,44,0,0,251,302,5767,ITG,ITG1,19,Sicilia,Sicilia,4999891,1357225,27.15,0.12
1982,2021-04-14,SIC,20293,9799,10494,588,184,383,97,1609,1561,4018,11686,29,138,11508,8785,ITG,ITG1,19,Sicilia,Sicilia,4999891,1377518,27.55,0.41
1983,2021-04-25,SIC,21352,10185,11167,250,146,176,50,3351,1748,3631,11799,54,147,16376,4976,ITG,ITG1,19,Sicilia,Sicilia,4999891,1398870,27.98,0.43
1984,2021-03-03,SIC,14674,6525,8149,2404,1514,525,3827,68,15,4349,45,1426,501,11586,3088,ITG,ITG1,19,Sicilia,Sicilia,4999891,1413544,28.27,0.29
1985,2021-05-24,SIC,34035,16396,17639,566,528,228,3580,1913,1440,1278,13995,1810,8697,14573,19462,ITG,ITG1,19,Sicilia,Sicilia,4999891,1447579,28.95,0.68
1986,2021-02-25,SIC,10121,5248,4873,1766,924,515,663,30,7,4052,26,1726,412,8955,1166,ITG,ITG1,19,Sicilia,Sicilia,4999891,1457700,29.15,0.2
1987,2021-01-26,SIC,9480,4666,4814,8354,758,254,0,21,7,2,0,0,84,261,9219,ITG,ITG1,19,Sicilia,Sicilia,4999891,1467180,29.34,0.19
1988,2021-01-03,SIC,4703,2459,2244,4371,206,0,0,34,3,1,0,0,88,4703,0,ITG,ITG1,19,Sicilia,Sicilia,4999891,1471883,29.44,0.09
1989,2021-04-09,SIC,20535,10002,10533,732,295,360,281,914,1933,4411,11318,62,229,11388,9147,ITG,ITG1,19,Sicilia,Sicilia,4999891,1492418,29.85,0.41
1990,2021-02-06,SIC,5013,2188,2825,2518,1481,570,0,36,12,5,0,0,391,1462,3551,ITG,ITG1,19,Sicilia,Sicilia,4999891,1497431,29.95,0.1
1991,2021-01-19,SIC,1288,530,758,537,125,238,0,20,13,18,0,0,337,1095,193,ITG,ITG1,19,Sicilia,Sicilia,4999891,1498719,29.98,0.03
1992,2021-05-14,SIC,52173,24431,27742,734,472,416,1084,3653,2085,2971,24552,1758,14448,36326,15847,ITG,ITG1,19,Sicilia,Sicilia,4999891,1550892,31.02,1.04
1993,2021-02-03,SIC,6098,2855,3243,3355,1498,622,0,91,20,11,0,0,501,755,5343,ITG,ITG1,19,Sicilia,Sicilia,4999891,1556990,31.14,0.12
1994,2021-04-13,SIC,19918,9690,10228,658,217,331,127,1528,1704,3841,11331,40,141,11083,8835,ITG,ITG1,19,Sicilia,Sicilia,4999891,1576908,31.54,0.4
1995,2021-04-16,SIC,28747,14425,14322,745,325,657,107,8280,2365,4284,11774,33,177,20371,8376,ITG,ITG1,19,Sicilia,Sicilia,4999891,1605655,32.11,0.57
1996,2021-02-07,SIC,2343,995,1348,1605,435,157,0,16,9,1,0,0,120,674,1669,ITG,ITG1,19,Sicilia,Sicilia,4999891,1607998,32.16,0.05
1997,2021-04-08,SIC,16795,8287,8508,664,369,428,142,233,1586,3862,9144,106,261,8312,8483,ITG,ITG1,19,Sicilia,Sicilia,4999891,1624793,32.5,0.34
1998,2021-03-25,SIC,20528,9540,10988,1331,545,633,1381,255,3198,5610,7152,195,228,14989,5539,ITG,ITG1,19,Sicilia,Sicilia,4999891,1645321,32.91,0.41
1999,2021-03-02,SIC,14885,6364,8521,2371,1189,502,4336,50,5,4526,57,1403,446,12076,2809,ITG,ITG1,19,Sicilia,Sicilia,4999891,1660206,33.2,0.3
2000,2021-05-02,SIC,24657,11447,13210,467,152,111,102,2784,1828,2211,16628,62,312,18056,6601,ITG,ITG1,19,Sicilia,Sicilia,4999891,1684863,33.7,0.49
2001,2021-03-30,SIC,14595,6759,7836,712,402,382,255,149,2522,5125,4713,171,164,9769,4826,ITG,ITG1,19,Sicilia,Sicilia,4999891,1699458,33.99,0.29
2002,2021-01-20,SIC,822,418,404,436,59,192,0,20,2,0,0,0,113,573,249,ITG,ITG1,19,Sicilia,Sicilia,4999891,1700280,34.01,0.02
2003,2020-12-29,SIC,236,146,90,236,0,0,0,0,0,0,0,0,0,236,0,ITG,ITG1,19,Sicilia,Sicilia,4999891,1700516,34.01,0.0
2004,2021-04-26,SIC,21923,10376,11547,482,221,449,73,1388,1350,3694,14055,51,160,13784,8139,ITG,ITG1,19,Sicilia,Sicilia,4999891,1722439,34.45,0.44
2005,2021-04-30,SIC,35176,16438,18738,956,362,304,181,2970,2647,5148,22056,201,351,23978,11198,ITG,ITG1,19,Sicilia,Sicilia,4999891,1757615,35.15,0.7
2006,2021-02-26,SIC,12210,5967,6243,1834,1119,387,2443,47,18,3950,1,1851,560,10526,1684,ITG,ITG1,19,Sicilia,Sicilia,4999891,1769825,35.4,0.24
2007,2021-02-09,SIC,4411,1823,2588,2225,893,677,0,59,26,15,0,0,516,3356,1055,ITG,ITG1,19,Sicilia,Sicilia,4999891,1774236,35.49,0.09
2008,2021-05-13,SIC,47286,22199,25087,685,400,439,975,3093,1950,3161,24701,1327,10555,30689,16597,ITG,ITG1,19,Sicilia,Sicilia,4999891,1821522,36.43,0.95
2009,2021-01-17,SIC,1302,589,713,624,319,160,0,12,8,3,0,0,176,1245,57,ITG,ITG1,19,Sicilia,Sicilia,4999891,1822824,36.46,0.03
2010,2021-03-22,SIC,16818,7915,8903,913,364,384,1221,151,2147,5640,5652,120,226,11275,5543,ITG,ITG1,19,Sicilia,Sicilia,4999891,1839642,36.79,0.34
2011,2021-04-10,SIC,20663,10084,10579,486,196,367,239,1387,1763,4240,11734,44,207,11621,9042,ITG,ITG1,19,Sicilia,Sicilia,4999891,1860305,37.21,0.41
2012,2021-03-06,SIC,12919,5169,7750,1998,1209,865,3648,105,20,3958,65,698,353,10015,2904,ITG,ITG1,19,Sicilia,Sicilia,4999891,1873224,37.47,0.26
2013,2021-02-05,SIC,7100,3155,3945,3528,1883,851,0,74,32,109,0,0,623,2129,4971,ITG,ITG1,19,Sicilia,Sicilia,4999891,1880324,37.61,0.14
2014,2020-12-30,SIC,174,102,72,157,11,0,0,0,0,0,0,0,6,174,0,ITG,ITG1,19,Sicilia,Sicilia,4999891,1880498,37.61,0.0
2015,2021-03-17,SIC,15161,7459,7702,1403,561,701,62,157,204,5746,6040,43,244,9249,5912,ITG,ITG1,19,Sicilia,Sicilia,4999891,1895659,37.91,0.3
2016,2021-02-22,SIC,8014,4147,3867,1108,448,561,320,30,10,4134,0,1149,254,7523,491,ITG,ITG1,19,Sicilia,Sicilia,4999891,1903673,38.07,0.16
2017,2021-03-19,SIC,16519,8115,8404,1260,587,644,454,148,579,5430,7083,52,282,10788,5731,ITG,ITG1,19,Sicilia,Sicilia,4999891,1920192,38.4,0.33
2018,2021-01-08,SIC,8333,3866,4467,6596,942,213,0,78,33,23,0,0,448,8333,0,ITG,ITG1,19,Sicilia,Sicilia,4999891,1928525,38.57,0.17
2019,2021-03-28,SIC,10934,5138,5796,536,287,161,186,88,941,4512,4073,28,122,6923,4011,ITG,ITG1,19,Sicilia,Sicilia,4999891,1939459,38.79,0.22
2020,2021-01-05,SIC,10535,5162,5373,9082,915,207,0,47,7,4,0,0,273,10535,0,ITG,ITG1,19,Sicilia,Sicilia,4999891,1949994,39.0,0.21
2021,2021-01-06,SIC,6479,3408,3071,5722,436,2,0,51,32,15,0,0,221,6479,0,ITG,ITG1,19,Sicilia,Sicilia,4999891,1956473,39.13,0.13
2022,2021-04-15,SIC,21345,10385,10960,799,446,339,112,1742,1526,4164,11983,35,199,11788,9557,ITG,ITG1,19,Sicilia,Sicilia,4999891,1977818,39.56,0.43
2023,2021-05-19,SIC,42676,20574,22102,555,470,237,1302,3304,1872,1813,16697,1211,15215,28389,14287,ITG,ITG1,19,Sicilia,Sicilia,4999891,2020494,40.41,0.85
2024,2021-03-01,SIC,12971,6125,6846,1556,1041,395,3155,58,18,4372,34,1856,486,11316,1655,ITG,ITG1,19,Sicilia,Sicilia,4999891,2033465,40.67,0.26
2025,2020-12-31,SIC,879,470,409,829,6,0,0,4,0,0,0,0,40,879,0,ITG,ITG1,19,Sicilia,Sicilia,4999891,2034344,40.69,0.02
2026,2021-01-12,SIC,4545,2235,2310,2863,1179,195,0,61,14,29,0,0,204,4545,0,ITG,ITG1,19,Sicilia,Sicilia,4999891,2038889,40.78,0.09
2027,2021-01-22,SIC,1252,633,619,1052,59,118,0,3,0,0,0,0,20,243,1009,ITG,ITG1,19,Sicilia,Sicilia,4999891,2040141,40.8,0.03
2028,2021-05-18,SIC,36077,17286,18791,520,586,336,1284,2528,1806,1844,14121,1422,11630,23517,12560,ITG,ITG1,19,Sicilia,Sicilia,4999891,2076218,41.53,0.72
2029,2021-05-16,SIC,33105,16122,16983,409,172,68,1265,2970,1268,1916,13886,478,10673,21778,11327,ITG,ITG1,19,Sicilia,Sicilia,4999891,2109323,42.19,0.66
2030,2021-02-27,SIC,12429,5559,6870,1511,775,280,3368,149,11,3969,2,1143,1221,11225,1204,ITG,ITG1,19,Sicilia,Sicilia,4999891,2121752,42.44,0.25
2031,2021-01-01,SIC,815,437,378,740,29,0,0,10,0,0,0,0,36,815,0,ITG,ITG1,19,Sicilia,Sicilia,4999891,2122567,42.45,0.02
2032,2021-03-18,SIC,15602,7783,7819,1285,510,617,37,153,186,5459,6993,73,289,9864,5738,ITG,ITG1,19,Sicilia,Sicilia,4999891,2138169,42.76,0.31
2033,2021-01-29,SIC,9356,4318,5038,7147,1601,304,0,27,8,79,1,0,189,427,8929,ITG,ITG1,19,Sicilia,Sicilia,4999891,2147525,42.95,0.19
2034,2021-03-12,SIC,13115,5614,7501,1387,873,749,2400,236,1986,3873,156,630,825,10899,2216,ITG,ITG1,19,Sicilia,Sicilia,4999891,2160640,43.21,0.26
2035,2021-01-21,SIC,1360,663,697,1029,127,138,0,11,4,0,0,0,51,500,860,ITG,ITG1,19,Sicilia,Sicilia,4999891,2162000,43.24,0.03
2036,2021-04-17,SIC,26181,13224,12957,324,127,246,90,7791,2360,3875,11173,31,164,19029,7152,ITG,ITG1,19,Sicilia,Sicilia,4999891,2188181,43.76,0.52
2037,2021-05-21,SIC,45685,21507,24178,656,541,258,3662,3080,2181,2197,19483,1378,12249,24297,21388,ITG,ITG1,19,Sicilia,Sicilia,4999891,2233866,44.68,0.91
2038,2021-03-10,SIC,13941,5955,7986,1479,1357,979,3758,148,23,4183,139,1107,768,11556,2385,ITG,ITG1,19,Sicilia,Sicilia,4999891,2247807,44.96,0.28
2039,2021-05-11,SIC,32429,15423,17006,613,272,204,760,1667,1505,2839,20008,1447,3114,19887,12542,ITG,ITG1,19,Sicilia,Sicilia,4999891,2280236,45.61,0.65
2040,2020-12-27,SIC,91,55,36,63,1,26,0,0,0,0,0,0,1,91,0,ITG,ITG1,19,Sicilia,Sicilia,4999891,2280327,45.61,0.0
2041,2021-02-20,SIC,7241,3725,3516,829,709,549,176,39,14,3978,9,729,209,6999,242,ITG,ITG1,19,Sicilia,Sicilia,4999891,2287568,45.75,0.14
2042,2021-02-28,ABR,1704,510,1194,23,6,0,1419,8,1,79,0,149,19,1702,2,ITF,ITF1,13,Abruzzo,Abruzzo,1304970,1704,0.13,0.13
2043,2021-01-17,ABR,187,59,128,136,44,0,0,0,0,0,0,0,7,180,7,ITF,ITF1,13,Abruzzo,Abruzzo,1304970,1891,0.14,0.01
2044,2021-05-13,ABR,11149,5041,6108,283,207,47,641,836,1423,627,5789,442,854,7187,3962,ITF,ITF1,13,Abruzzo,Abruzzo,1304970,13040,1.0,0.85
2045,2021-03-17,ABR,4539,1873,2666,285,102,144,11,18,33,3873,16,36,21,2800,1739,ITF,ITF1,13,Abruzzo,Abruzzo,1304970,17579,1.35,0.35
2046,2021-02-04,ABR,1680,615,1065,1168,413,57,0,5,0,0,0,0,37,609,1071,ITF,ITF1,13,Abruzzo,Abruzzo,1304970,19259,1.48,0.13
2047,2021-04-06,ABR,7681,3581,4100,432,99,44,54,114,499,2350,3939,46,104,5362,2319,ITF,ITF1,13,Abruzzo,Abruzzo,1304970,26940,2.06,0.59
2048,2021-02-09,ABR,908,311,597,612,161,131,0,1,1,1,0,0,1,499,409,ITF,ITF1,13,Abruzzo,Abruzzo,1304970,27848,2.13,0.07
2049,2021-05-17,ABR,11024,5038,5986,352,124,103,332,795,2646,426,4745,495,1006,6166,4858,ITF,ITF1,13,Abruzzo,Abruzzo,1304970,38872,2.98,0.84
2050,2021-04-26,ABR,8565,4067,4498,138,105,131,20,1663,2914,1077,2328,38,151,7349,1216,ITF,ITF1,13,Abruzzo,Abruzzo,1304970,47437,3.64,0.66
2051,2021-01-23,ABR,263,114,149,223,14,26,0,0,0,0,0,0,0,57,206,ITF,ITF1,13,Abruzzo,Abruzzo,1304970,47700,3.66,0.02
2052,2021-03-22,ABR,4281,1852,2429,384,388,56,441,31,19,2575,10,234,143,2311,1970,ITF,ITF1,13,Abruzzo,Abruzzo,1304970,51981,3.98,0.33
2053,2021-01-21,ABR,157,47,110,10,6,141,0,0,0,0,0,0,0,157,0,ITF,ITF1,13,Abruzzo,Abruzzo,1304970,52138,4.0,0.01
2054,2021-03-28,ABR,2415,1017,1398,247,129,1,175,105,54,895,421,242,146,2044,371,ITF,ITF1,13,Abruzzo,Abruzzo,1304970,54553,4.18,0.19
2055,2021-05-19,ABR,10694,5110,5584,116,110,19,396,1456,821,207,4234,215,3120,7655,3039,ITF,ITF1,13,Abruzzo,Abruzzo,1304970,65247,5.0,0.82
2056,2021-02-07,ABR,777,307,470,646,111,1,0,3,0,0,0,0,16,201,576,ITF,ITF1,13,Abruzzo,Abruzzo,1304970,66024,5.06,0.06
2057,2021-03-29,ABR,5625,2524,3101,463,54,49,195,71,73,3615,907,63,135,2986,2639,ITF,ITF1,13,Abruzzo,Abruzzo,1304970,71649,5.49,0.43
2058,2021-02-15,ABR,1794,831,963,625,258,221,0,0,10,392,0,262,26,1752,42,ITF,ITF1,13,Abruzzo,Abruzzo,1304970,73443,5.63,0.14
2059,2021-03-19,ABR,5793,2584,3209,755,280,118,13,14,42,4397,19,103,52,2774,3019,ITF,ITF1,13,Abruzzo,Abruzzo,1304970,79236,6.07,0.44
2060,2021-05-14,ABR,10601,5076,5525,244,152,48,160,737,1227,450,6297,368,918,5443,5158,ITF,ITF1,13,Abruzzo,Abruzzo,1304970,89837,6.88,0.81
2061,2021-02-21,ABR,1218,550,668,2,0,3,0,0,2,1209,0,2,0,1217,1,ITF,ITF1,13,Abruzzo,Abruzzo,1304970,91055,6.98,0.09
2062,2021-04-30,ABR,12405,5811,6594,346,141,74,99,2063,2868,1109,5426,33,246,6710,5695,ITF,ITF1,13,Abruzzo,Abruzzo,1304970,103460,7.93,0.95
2063,2021-01-12,ABR,1804,666,1138,1470,190,0,0,23,33,28,0,0,60,1804,0,ITF,ITF1,13,Abruzzo,Abruzzo,1304970,105264,8.07,0.14
2064,2021-02-26,ABR,3915,1670,2245,1025,336,159,261,64,11,1649,6,270,134,2947,968,ITF,ITF1,13,Abruzzo,Abruzzo,1304970,109179,8.37,0.3
2065,2021-03-21,ABR,2134,913,1221,9,0,1,130,7,9,1922,13,34,9,843,1291,ITF,ITF1,13,Abruzzo,Abruzzo,1304970,111313,8.53,0.16
2066,2021-05-20,ABR,12551,5785,6766,264,128,46,692,2001,1196,254,4996,285,2689,7332,5219,ITF,ITF1,13,Abruzzo,Abruzzo,1304970,123864,9.49,0.96
2067,2021-03-05,ABR,5334,1953,3381,562,229,108,1405,78,4,2588,2,232,126,4636,698,ITF,ITF1,13,Abruzzo,Abruzzo,1304970,129198,9.9,0.41
2068,2021-01-22,ABR,118,57,61,2,1,112,0,1,0,0,0,0,2,118,0,ITF,ITF1,13,Abruzzo,Abruzzo,1304970,129316,9.91,0.01
2069,2021-02-12,ABR,1228,567,661,438,151,310,0,1,0,66,0,260,2,1039,189,ITF,ITF1,13,Abruzzo,Abruzzo,1304970,130544,10.0,0.09
2070,2021-03-06,ABR,4176,1357,2819,433,187,52,1555,29,8,1753,0,15,144,3606,570,ITF,ITF1,13,Abruzzo,Abruzzo,1304970,134720,10.32,0.32
2071,2021-03-18,ABR,3896,1651,2245,281,135,20,7,21,33,3297,4,68,30,2065,1831,ITF,ITF1,13,Abruzzo,Abruzzo,1304970,138616,10.62,0.3
2072,2021-05-10,ABR,10111,4787,5324,147,82,27,77,864,1935,341,5906,285,447,5460,4651,ITF,ITF1,13,Abruzzo,Abruzzo,1304970,148727,11.4,0.77
2073,2021-02-13,ABR,847,383,464,551,206,72,0,1,1,8,0,0,8,436,411,ITF,ITF1,13,Abruzzo,Abruzzo,1304970,149574,11.46,0.06
2074,2021-03-01,ABR,3477,1384,2093,690,174,174,282,18,10,1912,2,131,84,2725,752,ITF,ITF1,13,Abruzzo,Abruzzo,1304970,153051,11.73,0.27
2075,2021-04-22,ABR,6664,3193,3471,82,45,116,28,312,2117,921,2868,37,138,4983,1681,ITF,ITF1,13,Abruzzo,Abruzzo,1304970,159715,12.24,0.51
2076,2021-03-03,ABR,4618,1876,2742,1222,211,97,853,28,0,1586,3,385,233,3712,906,ITF,ITF1,13,Abruzzo,Abruzzo,1304970,164333,12.59,0.35
2077,2021-04-17,ABR,7346,3398,3948,349,251,23,65,192,454,2263,3665,32,52,4293,3053,ITF,ITF1,13,Abruzzo,Abruzzo,1304970,171679,13.16,0.56
2078,2021-05-07,ABR,12202,5707,6495,127,117,33,40,1576,2009,569,7176,85,470,7771,4431,ITF,ITF1,13,Abruzzo,Abruzzo,1304970,183881,14.09,0.94
2079,2021-03-08,ABR,5122,1666,3456,1188,280,115,2192,51,3,1032,0,105,156,4150,972,ITF,ITF1,13,Abruzzo,Abruzzo,1304970,189003,14.48,0.39
2080,2020-12-27,ABR,37,19,18,34,1,2,0,0,0,0,0,0,0,37,0,ITF,ITF1,13,Abruzzo,Abruzzo,1304970,189040,14.49,0.0
2081,2021-03-31,ABR,6647,2878,3769,446,279,80,245,53,83,3257,2042,30,132,4580,2067,ITF,ITF1,13,Abruzzo,Abruzzo,1304970,195687,15.0,0.51
2082,2021-03-10,ABR,4948,1638,3310,736,300,248,1871,27,4,1520,11,128,103,3991,957,ITF,ITF1,13,Abruzzo,Abruzzo,1304970,200635,15.37,0.38
2083,2021-02-23,ABR,2782,1275,1507,324,184,217,100,4,8,1490,2,286,167,2771,11,ITF,ITF1,13,Abruzzo,Abruzzo,1304970,203417,15.59,0.21
2084,2021-04-18,ABR,5811,2726,3085,149,71,25,19,75,168,963,4303,13,25,4869,942,ITF,ITF1,13,Abruzzo,Abruzzo,1304970,209228,16.03,0.45
2085,2021-03-04,ABR,5935,2358,3577,1170,322,92,818,39,12,2992,5,329,156,5013,922,ITF,ITF1,13,Abruzzo,Abruzzo,1304970,215163,16.49,0.45
2086,2021-03-23,ABR,4782,2143,2639,177,183,183,400,14,23,3356,13,355,78,2216,2566,ITF,ITF1,13,Abruzzo,Abruzzo,1304970,219945,16.85,0.37
2087,2021-01-31,ABR,1501,487,1014,1154,236,102,0,1,0,0,0,0,8,286,1215,ITF,ITF1,13,Abruzzo,Abruzzo,1304970,221446,16.97,0.12
2088,2021-01-27,ABR,1364,515,849,1301,61,0,0,1,0,0,0,0,1,39,1325,ITF,ITF1,13,Abruzzo,Abruzzo,1304970,222810,17.07,0.1
2089,2021-03-09,ABR,5168,1795,3373,986,311,86,2046,31,3,1320,69,214,102,4229,939,ITF,ITF1,13,Abruzzo,Abruzzo,1304970,227978,17.47,0.4
2090,2021-04-19,ABR,6226,2856,3370,77,74,36,22,149,2246,1259,2220,26,117,3855,2371,ITF,ITF1,13,Abruzzo,Abruzzo,1304970,234204,17.95,0.48
2091,2021-05-23,ABR,9879,4697,5182,72,135,4,844,1211,380,141,2799,54,4239,7192,2687,ITF,ITF1,13,Abruzzo,Abruzzo,1304970,244083,18.7,0.76
2092,2021-04-24,ABR,8712,3971,4741,84,137,137,23,324,1369,1227,5314,21,76,7180,1532,ITF,ITF1,13,Abruzzo,Abruzzo,1304970,252795,19.37,0.67
2093,2021-05-15,ABR,11338,5135,6203,158,515,24,90,1184,1157,291,6634,185,1100,6044,5294,ITF,ITF1,13,Abruzzo,Abruzzo,1304970,264133,20.24,0.87
2094,2021-01-24,ABR,50,22,28,49,1,0,0,0,0,0,0,0,0,6,44,ITF,ITF1,13,Abruzzo,Abruzzo,1304970,264183,20.24,0.0
2095,2021-01-04,ABR,1401,575,826,1396,5,0,0,0,0,0,0,0,0,1401,0,ITF,ITF1,13,Abruzzo,Abruzzo,1304970,265584,20.35,0.11
2096,2021-03-11,ABR,5419,2183,3236,1321,265,241,1563,50,20,1537,16,247,159,4280,1139,ITF,ITF1,13,Abruzzo,Abruzzo,1304970,271003,20.77,0.42
2097,2021-05-08,ABR,10302,4876,5426,137,120,46,31,1461,1591,748,5347,227,594,6466,3836,ITF,ITF1,13,Abruzzo,Abruzzo,1304970,281305,21.56,0.79
2098,2021-02-01,ABR,1632,573,1059,1384,228,1,0,3,0,0,0,0,16,271,1361,ITF,ITF1,13,Abruzzo,Abruzzo,1304970,282937,21.68,0.13
2099,2021-01-20,ABR,447,156,291,147,73,204,0,12,0,0,0,0,11,445,2,ITF,ITF1,13,Abruzzo,Abruzzo,1304970,283384,21.72,0.03
2100,2021-04-05,ABR,2693,1147,1546,136,205,4,16,31,41,1371,844,11,34,1813,880,ITF,ITF1,13,Abruzzo,Abruzzo,1304970,286077,21.92,0.21
2101,2021-04-13,ABR,5880,2753,3127,94,61,78,150,85,407,1260,3666,31,48,4680,1200,ITF,ITF1,13,Abruzzo,Abruzzo,1304970,291957,22.37,0.45
2102,2021-02-03,ABR,2061,717,1344,1541,362,118,0,4,0,0,0,0,36,419,1642,ITF,ITF1,13,Abruzzo,Abruzzo,1304970,294018,22.53,0.16
2103,2021-01-03,ABR,471,185,286,464,7,0,0,0,0,0,0,0,0,471,0,ITF,ITF1,13,Abruzzo,Abruzzo,1304970,294489,22.57,0.04
2104,2021-04-09,ABR,8790,4139,4651,310,120,32,44,122,826,3291,3908,40,97,6251,2539,ITF,ITF1,13,Abruzzo,Abruzzo,1304970,303279,23.24,0.67
2105,2021-01-28,ABR,1433,495,938,1370,61,1,0,0,1,0,0,0,0,12,1421,ITF,ITF1,13,Abruzzo,Abruzzo,1304970,304712,23.35,0.11
2106,2021-03-15,ABR,3630,1395,2235,657,358,79,330,27,40,1957,2,54,126,1822,1808,ITF,ITF1,13,Abruzzo,Abruzzo,1304970,308342,23.63,0.28
2107,2021-04-07,ABR,7130,3283,3847,187,214,82,15,69,110,3226,3054,96,77,4405,2725,ITF,ITF1,13,Abruzzo,Abruzzo,1304970,315472,24.17,0.55
2108,2021-01-19,ABR,111,55,56,27,3,50,0,8,0,0,0,0,23,91,20,ITF,ITF1,13,Abruzzo,Abruzzo,1304970,315583,24.18,0.01
2109,2021-03-27,ABR,6121,2620,3501,189,228,48,216,86,155,4269,736,77,117,3636,2485,ITF,ITF1,13,Abruzzo,Abruzzo,1304970,321704,24.65,0.47
2110,2021-05-01,ABR,10744,5051,5693,114,61,41,39,1239,1709,1138,6244,23,136,5769,4975,ITF,ITF1,13,Abruzzo,Abruzzo,1304970,332448,25.48,0.82
2111,2021-03-24,ABR,6387,2785,3602,485,299,231,430,114,238,3423,547,344,276,4134,2253,ITF,ITF1,13,Abruzzo,Abruzzo,1304970,338835,25.96,0.49
2112,2021-01-13,ABR,1253,440,813,1103,99,0,0,7,1,7,0,0,36,1253,0,ITF,ITF1,13,Abruzzo,Abruzzo,1304970,340088,26.06,0.1
2113,2021-04-14,ABR,6503,2897,3606,336,95,119,61,86,434,1467,3841,18,46,4424,2079,ITF,ITF1,13,Abruzzo,Abruzzo,1304970,346591,26.56,0.5
2114,2021-03-07,ABR,2516,628,1888,28,99,4,1815,68,10,464,0,1,27,2516,0,ITF,ITF1,13,Abruzzo,Abruzzo,1304970,349107,26.75,0.19
2115,2021-03-30,ABR,5057,2198,2859,211,204,38,286,52,57,2743,1327,51,88,3233,1824,ITF,ITF1,13,Abruzzo,Abruzzo,1304970,354164,27.14,0.39
2116,2021-03-25,ABR,5686,2561,3125,249,211,40,448,58,102,3821,239,311,207,3070,2616,ITF,ITF1,13,Abruzzo,Abruzzo,1304970,359850,27.58,0.44
2117,2021-05-12,ABR,9617,4586,5031,158,115,111,182,816,1342,300,5360,421,812,6046,3571,ITF,ITF1,13,Abruzzo,Abruzzo,1304970,369467,28.31,0.74
2118,2021-03-13,ABR,4125,1421,2704,518,606,138,1057,77,36,1402,6,105,180,3083,1042,ITF,ITF1,13,Abruzzo,Abruzzo,1304970,373592,28.63,0.32
2119,2021-04-28,ABR,9508,4584,4924,161,148,74,20,2353,1816,854,3888,35,159,7484,2024,ITF,ITF1,13,Abruzzo,Abruzzo,1304970,383100,29.36,0.73
2120,2021-04-02,ABR,6684,3093,3591,184,609,26,95,77,215,3304,2044,79,51,5197,1487,ITF,ITF1,13,Abruzzo,Abruzzo,1304970,389784,29.87,0.51
2121,2021-01-16,ABR,928,428,500,711,188,15,0,4,0,0,0,0,10,928,0,ITF,ITF1,13,Abruzzo,Abruzzo,1304970,390712,29.94,0.07
2122,2021-03-26,ABR,5302,2261,3041,264,213,37,449,75,122,3399,357,241,145,3231,2071,ITF,ITF1,13,Abruzzo,Abruzzo,1304970,396014,30.35,0.41
2123,2021-04-04,ABR,1630,767,863,94,57,2,4,9,282,446,718,2,16,1501,129,ITF,ITF1,13,Abruzzo,Abruzzo,1304970,397644,30.47,0.12
2124,2021-02-22,ABR,2643,1174,1469,477,275,46,251,4,4,1094,0,418,74,2613,30,ITF,ITF1,13,Abruzzo,Abruzzo,1304970,400287,30.67,0.2
2125,2021-03-12,ABR,6014,1985,4029,1002,591,138,2188,46,11,1726,2,141,169,4432,1582,ITF,ITF1,13,Abruzzo,Abruzzo,1304970,406301,31.13,0.46
2126,2021-03-16,ABR,3484,1452,2032,284,74,168,12,19,44,2849,6,8,20,1830,1654,ITF,ITF1,13,Abruzzo,Abruzzo,1304970,409785,31.4,0.27
2127,2021-04-10,ABR,8772,4057,4715,390,302,14,147,224,1132,2931,3456,32,144,6264,2508,ITF,ITF1,13,Abruzzo,Abruzzo,1304970,418557,32.07,0.67
2128,2021-02-11,ABR,816,262,554,473,184,154,0,0,0,0,0,0,5,773,43,ITF,ITF1,13,Abruzzo,Abruzzo,1304970,419373,32.14,0.06
2129,2021-04-15,ABR,7745,3612,4133,199,97,92,53,87,330,1567,5239,22,59,5906,1839,ITF,ITF1,13,Abruzzo,Abruzzo,1304970,427118,32.73,0.59
2130,2021-05-21,ABR,12934,6300,6634,202,179,44,408,2187,1036,342,4408,325,3803,8000,4934,ITF,ITF1,13,Abruzzo,Abruzzo,1304970,440052,33.72,0.99
2131,2021-01-06,ABR,1830,664,1166,1546,148,133,0,0,0,0,0,0,3,1830,0,ITF,ITF1,13,Abruzzo,Abruzzo,1304970,441882,33.86,0.14
2132,2021-01-05,ABR,1614,604,1010,1604,10,0,0,0,0,0,0,0,0,1614,0,ITF,ITF1,13,Abruzzo,Abruzzo,1304970,443496,33.99,0.12
2133,2021-05-04,ABR,10696,5040,5656,176,116,17,36,1774,2523,357,5305,45,347,7077,3619,ITF,ITF1,13,Abruzzo,Abruzzo,1304970,454192,34.8,0.82
2134,2021-01-15,ABR,379,149,230,223,79,35,0,7,2,0,0,0,33,379,0,ITF,ITF1,13,Abruzzo,Abruzzo,1304970,454571,34.83,0.03
2135,2021-04-01,ABR,5545,2458,3087,273,117,56,152,155,160,2924,1526,48,134,3458,2087,ITF,ITF1,13,Abruzzo,Abruzzo,1304970,460116,35.26,0.42
2136,2021-04-03,ABR,5083,2219,2864,175,92,27,84,75,112,2403,1962,62,91,3487,1596,ITF,ITF1,13,Abruzzo,Abruzzo,1304970,465199,35.65,0.39
2137,2021-02-08,ABR,1197,396,801,710,214,264,0,1,0,0,0,0,8,487,710,ITF,ITF1,13,Abruzzo,Abruzzo,1304970,466396,35.74,0.09
2138,2021-01-18,ABR,122,48,74,106,8,2,0,3,0,0,0,0,3,46,76,ITF,ITF1,13,Abruzzo,Abruzzo,1304970,466518,35.75,0.01
2139,2021-02-27,ABR,2810,1337,1473,253,84,126,874,17,6,732,1,656,61,2544,266,ITF,ITF1,13,Abruzzo,Abruzzo,1304970,469328,35.96,0.22
2140,2021-04-11,ABR,5330,2606,2724,15,8,7,6,93,628,784,3732,6,51,4847,483,ITF,ITF1,13,Abruzzo,Abruzzo,1304970,474658,36.37,0.41
2141,2021-02-24,ABR,3305,1442,1863,391,180,248,131,12,12,1968,4,248,111,3129,176,ITF,ITF1,13,Abruzzo,Abruzzo,1304970,477963,36.63,0.25
2142,2021-01-29,ABR,1386,449,937,1290,95,0,0,1,0,0,0,0,0,74,1312,ITF,ITF1,13,Abruzzo,Abruzzo,1304970,479349,36.73,0.11
2143,2021-05-16,ABR,9581,4140,5441,159,210,19,1181,1164,635,240,5327,102,544,5765,3816,ITF,ITF1,13,Abruzzo,Abruzzo,1304970,488930,37.47,0.73
2144,2021-01-25,ABR,1603,632,971,1583,19,0,0,0,0,0,0,0,1,19,1584,ITF,ITF1,13,Abruzzo,Abruzzo,1304970,490533,37.59,0.12
2145,2021-02-17,ABR,2071,948,1123,512,144,393,1,0,21,714,0,210,76,1789,282,ITF,ITF1,13,Abruzzo,Abruzzo,1304970,492604,37.75,0.16
2146,2021-03-20,ABR,4759,2179,2580,318,213,62,98,59,101,3650,48,99,111,2591,2168,ITF,ITF1,13,Abruzzo,Abruzzo,1304970,497363,38.11,0.36
2147,2021-04-12,ABR,6225,2950,3275,218,67,50,34,192,504,1303,3756,20,81,5051,1174,ITF,ITF1,13,Abruzzo,Abruzzo,1304970,503588,38.59,0.48
2148,2021-01-07,ABR,1603,552,1051,1566,37,0,0,0,0,0,0,0,0,1603,0,ITF,ITF1,13,Abruzzo,Abruzzo,1304970,505191,38.71,0.12
2149,2021-01-09,ABR,1483,565,918,1430,50,0,0,1,0,0,0,0,2,1483,0,ITF,ITF1,13,Abruzzo,Abruzzo,1304970,506674,38.83,0.11
2150,2021-02-18,ABR,2288,933,1355,670,297,414,0,3,5,612,0,215,72,2158,130,ITF,ITF1,13,Abruzzo,Abruzzo,1304970,508962,39.0,0.18
2151,2021-01-08,ABR,1525,507,1018,1487,36,0,0,1,1,0,0,0,0,1525,0,ITF,ITF1,13,Abruzzo,Abruzzo,1304970,510487,39.12,0.12
2152,2021-05-11,ABR,10654,5057,5597,190,186,24,61,627,1508,340,6550,487,681,5826,4828,ITF,ITF1,13,Abruzzo,Abruzzo,1304970,521141,39.94,0.82
2153,2021-02-19,ABR,3300,1551,1749,990,346,371,8,10,9,1113,1,402,50,3200,100,ITF,ITF1,13,Abruzzo,Abruzzo,1304970,524441,40.19,0.25
2154,2021-02-16,ABR,1918,842,1076,841,278,139,0,4,2,501,0,75,78,1906,12,ITF,ITF1,13,Abruzzo,Abruzzo,1304970,526359,40.33,0.15
2155,2021-04-29,ABR,12668,5849,6819,286,87,85,109,2847,3190,817,4973,57,217,9573,3095,ITF,ITF1,13,Abruzzo,Abruzzo,1304970,539027,41.31,0.97
2156,2021-05-18,ABR,12118,5665,6453,175,148,63,291,1064,1347,248,6045,301,2436,7735,4383,ITF,ITF1,13,Abruzzo,Abruzzo,1304970,551145,42.23,0.93
2157,2021-01-14,ABR,530,189,341,364,114,0,0,4,5,34,0,0,9,530,0,ITF,ITF1,13,Abruzzo,Abruzzo,1304970,551675,42.27,0.04
2158,2021-05-06,ABR,12973,6026,6947,254,125,53,29,1635,2299,502,7248,90,738,7966,5007,ITF,ITF1,13,Abruzzo,Abruzzo,1304970,564648,43.27,0.99
2159,2021-01-26,ABR,1542,567,975,1513,29,0,0,0,0,0,0,0,0,30,1512,ITF,ITF1,13,Abruzzo,Abruzzo,1304970,566190,43.39,0.12
2160,2021-04-21,ABR,6384,3100,3284,63,53,13,14,989,1513,1020,2597,9,113,4710,1674,ITF,ITF1,13,Abruzzo,Abruzzo,1304970,572574,43.88,0.49
2161,2021-02-25,ABR,3042,1330,1712,615,398,57,126,28,6,1465,2,262,83,2514,528,ITF,ITF1,13,Abruzzo,Abruzzo,1304970,575616,44.11,0.23
2162,2021-02-10,ABR,947,312,635,621,182,116,0,5,0,0,0,0,23,503,444,ITF,ITF1,13,Abruzzo,Abruzzo,1304970,576563,44.18,0.07
2163,2021-01-10,ABR,1139,409,730,1091,44,0,0,0,0,0,0,0,4,1139,0,ITF,ITF1,13,Abruzzo,Abruzzo,1304970,577702,44.27,0.09
2164,2021-02-20,ABR,4777,1842,2935,310,443,193,1886,5,12,1416,1,405,106,4701,76,ITF,ITF1,13,Abruzzo,Abruzzo,1304970,582479,44.64,0.37
2165,2021-04-25,ABR,9067,4620,4447,66,54,22,5,4355,1781,589,2065,19,111,8258,809,ITF,ITF1,13,Abruzzo,Abruzzo,1304970,591546,45.33,0.69
2166,2021-04-27,ABR,9084,4370,4714,116,101,22,34,1767,2360,958,3548,27,151,6616,2468,ITF,ITF1,13,Abruzzo,Abruzzo,1304970,600630,46.03,0.7
2167,2021-04-23,ABR,7368,3382,3986,157,67,122,27,536,1643,1533,3170,14,99,5066,2302,ITF,ITF1,13,Abruzzo,Abruzzo,1304970,607998,46.59,0.56
2168,2021-05-24,ABR,12160,5768,6392,151,185,169,961,1609,909,287,2537,115,5237,8873,3287,ITF,ITF1,13,Abruzzo,Abruzzo,1304970,620158,47.52,0.93
2169,2021-03-14,ABR,1884,731,1153,8,3,0,249,20,7,1477,0,2,118,1217,667,ITF,ITF1,13,Abruzzo,Abruzzo,1304970,622042,47.67,0.14
2170,2021-05-03,ABR,11108,5241,5867,279,119,66,93,1670,2763,490,5370,21,237,7259,3849,ITF,ITF1,13,Abruzzo,Abruzzo,1304970,633150,48.52,0.85
2171,2021-04-20,ABR,5589,2689,2900,39,82,1,20,326,2180,920,1948,18,55,4179,1410,ITF,ITF1,13,Abruzzo,Abruzzo,1304970,638739,48.95,0.43
2172,2021-05-09,ABR,9153,4089,5064,74,59,55,959,958,1399,407,4636,133,473,4281,4872,ITF,ITF1,13,Abruzzo,Abruzzo,1304970,647892,49.65,0.7
2173,2021-02-06,ABR,1610,742,868,1167,278,72,0,14,7,2,0,0,70,602,1008,ITF,ITF1,13,Abruzzo,Abruzzo,1304970,649502,49.77,0.12
2174,2021-02-05,ABR,1534,521,1013,1187,188,106,0,9,0,0,0,0,44,788,746,ITF,ITF1,13,Abruzzo,Abruzzo,1304970,651036,49.89,0.12
2175,2021-01-30,ABR,1510,567,943,1349,112,47,0,0,0,0,0,0,2,69,1441,ITF,ITF1,13,Abruzzo,Abruzzo,1304970,652546,50.0,0.12
2176,2021-01-02,ABR,548,218,330,540,5,0,0,0,0,0,0,0,3,548,0,ITF,ITF1,13,Abruzzo,Abruzzo,1304970,653094,50.05,0.04
2177,2021-04-16,ABR,7535,3488,4047,157,79,46,33,166,271,1685,5043,12,43,5618,1917,ITF,ITF1,13,Abruzzo,Abruzzo,1304970,660629,50.62,0.58
2178,2021-05-05,ABR,11571,5540,6031,160,194,49,31,1228,2109,476,6690,29,605,6443,5128,ITF,ITF1,13,Abruzzo,Abruzzo,1304970,672200,51.51,0.89
2179,2021-01-11,ABR,1551,557,994,1337,152,48,0,3,0,0,0,0,11,1551,0,ITF,ITF1,13,Abruzzo,Abruzzo,1304970,673751,51.63,0.12
2180,2021-05-02,ABR,10422,5087,5335,148,78,4,20,1158,1685,336,6825,23,145,5212,5210,ITF,ITF1,13,Abruzzo,Abruzzo,1304970,684173,52.43,0.8
2181,2021-04-08,ABR,7338,3317,4021,156,85,73,203,70,404,2632,3619,45,51,5060,2278,ITF,ITF1,13,Abruzzo,Abruzzo,1304970,691511,52.99,0.56
2182,2021-03-02,ABR,3963,1676,2287,934,220,53,405,82,3,1856,2,299,109,3279,684,ITF,ITF1,13,Abruzzo,Abruzzo,1304970,695474,53.29,0.3
2183,2021-05-22,ABR,13058,6347,6711,145,204,31,231,2002,901,405,4198,111,4830,8169,4889,ITF,ITF1,13,Abruzzo,Abruzzo,1304970,708532,54.29,1.0
2184,2021-02-02,ABR,1778,672,1106,1235,395,139,0,1,0,0,0,0,8,222,1556,ITF,ITF1,13,Abruzzo,Abruzzo,1304970,710310,54.43,0.14
2185,2021-05-17,MAR,11854,5568,6286,226,150,67,106,3242,2558,271,4033,13,1188,7691,4163,ITI,ITI3,11,Marche,Marche,1525271,11854,0.78,0.78
2186,2021-04-27,MAR,9401,4309,5092,146,58,37,288,1367,3914,1044,2466,37,44,5413,3988,ITI,ITI3,11,Marche,Marche,1525271,21255,1.39,0.62
2187,2021-02-16,MAR,1287,475,812,733,433,92,0,3,2,0,0,0,24,1257,30,ITI,ITI3,11,Marche,Marche,1525271,22542,1.48,0.08
2188,2021-02-28,MAR,2836,1251,1585,19,6,0,2,1,3,2796,0,2,7,2830,6,ITI,ITI3,11,Marche,Marche,1525271,25378,1.66,0.19
2189,2021-03-25,MAR,6657,2774,3883,464,148,373,519,95,27,4383,258,122,268,3247,3410,ITI,ITI3,11,Marche,Marche,1525271,32035,2.1,0.44
2190,2021-01-23,MAR,557,190,367,440,53,63,0,0,0,0,0,0,1,123,434,ITI,ITI3,11,Marche,Marche,1525271,32592,2.14,0.04
2191,2021-03-22,MAR,5655,2376,3279,406,232,69,433,14,13,4182,19,238,49,2527,3128,ITI,ITI3,11,Marche,Marche,1525271,38247,2.51,0.37
2192,2021-02-21,MAR,376,141,235,204,62,57,1,11,1,0,0,0,40,375,1,ITI,ITI3,11,Marche,Marche,1525271,38623,2.53,0.02
2193,2021-04-29,MAR,13251,6065,7186,264,136,92,636,1908,3644,1419,4960,94,98,7154,6097,ITI,ITI3,11,Marche,Marche,1525271,51874,3.4,0.87
2194,2021-03-29,MAR,5860,2567,3293,227,147,39,215,34,65,4255,722,75,81,3435,2425,ITI,ITI3,11,Marche,Marche,1525271,57734,3.79,0.38
2195,2021-05-06,MAR,12656,5820,6836,310,201,136,428,1448,3161,1039,5431,169,333,5583,7073,ITI,ITI3,11,Marche,Marche,1525271,70390,4.61,0.83
2196,2021-03-09,MAR,5429,2293,3136,752,224,41,1069,20,3,2586,122,558,54,4549,880,ITI,ITI3,11,Marche,Marche,1525271,75819,4.97,0.36
2197,2021-05-11,MAR,10623,4832,5791,246,150,133,347,2491,3016,519,3399,19,303,5678,4945,ITI,ITI3,11,Marche,Marche,1525271,86442,5.67,0.7
2198,2021-02-15,MAR,967,412,555,539,389,1,0,4,1,1,12,0,20,954,13,ITI,ITI3,11,Marche,Marche,1525271,87409,5.73,0.06
2199,2021-01-02,MAR,453,139,314,444,9,0,0,0,0,0,0,0,0,453,0,ITI,ITI3,11,Marche,Marche,1525271,87862,5.76,0.03
2200,2021-02-03,MAR,2124,741,1383,1344,569,166,0,4,5,2,0,0,34,119,2005,ITI,ITI3,11,Marche,Marche,1525271,89986,5.9,0.14
2201,2021-01-24,MAR,880,339,541,762,117,0,0,0,0,0,0,0,1,5,875,ITI,ITI3,11,Marche,Marche,1525271,90866,5.96,0.06
2202,2021-01-04,MAR,1503,565,938,1291,196,11,0,1,0,0,0,0,4,1503,0,ITI,ITI3,11,Marche,Marche,1525271,92369,6.06,0.1
2203,2021-03-15,MAR,4402,2027,2375,300,81,10,241,36,8,3477,27,115,107,1312,3090,ITI,ITI3,11,Marche,Marche,1525271,96771,6.34,0.29
2204,2021-01-03,MAR,896,348,548,759,130,0,0,1,0,0,0,0,6,896,0,ITI,ITI3,11,Marche,Marche,1525271,97667,6.4,0.06
2205,2021-03-11,MAR,6594,2784,3810,1094,385,52,1097,24,9,3226,86,518,103,5224,1370,ITI,ITI3,11,Marche,Marche,1525271,104261,6.84,0.43
2206,2021-01-15,MAR,1771,500,1271,985,358,365,0,9,3,0,0,0,51,1771,0,ITI,ITI3,11,Marche,Marche,1525271,106032,6.95,0.12
2207,2021-04-23,MAR,11158,5140,6018,182,84,73,53,2839,3416,1684,2724,45,58,8103,3055,ITI,ITI3,11,Marche,Marche,1525271,117190,7.68,0.73
2208,2021-04-20,MAR,10699,4996,5703,179,74,101,87,1950,4633,588,3041,21,25,9282,1417,ITI,ITI3,11,Marche,Marche,1525271,127889,8.38,0.7
2209,2021-04-01,MAR,7578,3183,4395,387,239,46,283,37,157,4613,1675,70,71,4162,3416,ITI,ITI3,11,Marche,Marche,1525271,135467,8.88,0.5
2210,2021-03-13,MAR,5763,2653,3110,662,166,52,237,7,7,4238,13,352,29,1806,3957,ITI,ITI3,11,Marche,Marche,1525271,141230,9.26,0.38
2211,2021-01-19,MAR,226,82,144,121,20,85,0,0,0,0,0,0,0,141,85,ITI,ITI3,11,Marche,Marche,1525271,141456,9.27,0.01
2212,2021-05-02,MAR,8898,3936,4962,275,116,4,936,1936,2168,745,2636,39,43,3160,5738,ITI,ITI3,11,Marche,Marche,1525271,150354,9.86,0.58
2213,2021-04-16,MAR,10082,4703,5379,321,141,76,512,227,3818,683,4076,20,208,9557,525,ITI,ITI3,11,Marche,Marche,1525271,160436,10.52,0.66
2214,2021-03-30,MAR,7418,3044,4374,523,321,275,366,43,113,4251,1386,77,63,4603,2815,ITI,ITI3,11,Marche,Marche,1525271,167854,11.0,0.49
2215,2021-01-13,MAR,2105,746,1359,1408,578,76,0,6,5,15,0,0,17,2105,0,ITI,ITI3,11,Marche,Marche,1525271,169959,11.14,0.14
2216,2021-02-06,MAR,2459,900,1559,1401,536,415,0,21,8,4,0,0,74,522,1937,ITI,ITI3,11,Marche,Marche,1525271,172418,11.3,0.16
2217,2021-02-05,MAR,2155,653,1502,1318,346,418,0,6,8,2,0,0,57,440,1715,ITI,ITI3,11,Marche,Marche,1525271,174573,11.45,0.14
2218,2021-04-19,MAR,9602,4497,5105,243,124,13,64,1477,4116,973,2414,36,142,8022,1580,ITI,ITI3,11,Marche,Marche,1525271,184175,12.07,0.63
2219,2021-02-19,MAR,1962,712,1250,1267,402,203,2,7,4,2,13,0,62,1827,135,ITI,ITI3,11,Marche,Marche,1525271,186137,12.2,0.13
2220,2021-02-10,MAR,1439,452,987,881,292,215,0,6,1,0,0,0,44,1080,359,ITI,ITI3,11,Marche,Marche,1525271,187576,12.3,0.09
2221,2021-02-18,MAR,2101,745,1356,1149,499,402,1,14,4,1,0,0,31,1815,286,ITI,ITI3,11,Marche,Marche,1525271,189677,12.44,0.14
2222,2021-04-17,MAR,11700,5317,6383,204,152,130,613,326,4072,921,5160,14,108,10625,1075,ITI,ITI3,11,Marche,Marche,1525271,201377,13.2,0.77
2223,2021-03-10,MAR,5667,2401,3266,721,411,114,1035,11,11,2673,100,552,39,4530,1137,ITI,ITI3,11,Marche,Marche,1525271,207044,13.57,0.37
2224,2021-03-27,MAR,7377,3072,4305,278,169,144,711,77,104,4072,1512,133,177,5019,2358,ITI,ITI3,11,Marche,Marche,1525271,214421,14.06,0.48
2225,2021-01-31,MAR,1920,770,1150,1527,389,0,0,1,0,0,0,0,3,105,1815,ITI,ITI3,11,Marche,Marche,1525271,216341,14.18,0.13
2226,2021-01-14,MAR,2010,692,1318,1112,558,298,0,4,1,0,0,0,37,2010,0,ITI,ITI3,11,Marche,Marche,1525271,218351,14.32,0.13
2227,2021-01-18,MAR,673,230,443,370,116,132,0,5,8,30,0,0,12,547,126,ITI,ITI3,11,Marche,Marche,1525271,219024,14.36,0.04
2228,2020-12-30,MAR,17,5,12,14,3,0,0,0,0,0,0,0,0,17,0,ITI,ITI3,11,Marche,Marche,1525271,219041,14.36,0.0
2229,2021-02-24,MAR,3486,1515,1971,228,191,210,1,4,4,2819,22,3,4,3408,78,ITI,ITI3,11,Marche,Marche,1525271,222527,14.59,0.23
2230,2021-03-02,MAR,4953,1941,3012,589,184,256,536,11,3,3316,4,3,51,4387,566,ITI,ITI3,11,Marche,Marche,1525271,227480,14.91,0.32
2231,2021-01-17,MAR,1606,687,919,971,367,46,0,50,30,4,0,0,138,1550,56,ITI,ITI3,11,Marche,Marche,1525271,229086,15.02,0.11
2232,2021-05-24,MAR,10736,5086,5650,80,75,13,1013,2679,1140,140,1701,528,3367,8089,2647,ITI,ITI3,11,Marche,Marche,1525271,239822,15.72,0.7
2233,2021-04-28,MAR,10733,4890,5843,216,60,85,322,1630,3739,991,3400,42,248,6002,4731,ITI,ITI3,11,Marche,Marche,1525271,250555,16.43,0.7
2234,2021-04-09,MAR,9558,4189,5369,273,71,103,1305,82,2303,1608,3669,70,74,9357,201,ITI,ITI3,11,Marche,Marche,1525271,260113,17.05,0.63
2235,2021-04-26,MAR,8980,3983,4997,155,70,30,179,1735,4039,897,1774,42,59,5958,3022,ITI,ITI3,11,Marche,Marche,1525271,269093,17.64,0.59
2236,2021-02-20,MAR,4121,1705,2416,118,118,261,0,17,13,3576,0,3,15,4010,111,ITI,ITI3,11,Marche,Marche,1525271,273214,17.91,0.27
2237,2021-03-20,MAR,4135,1740,2395,180,63,114,88,10,4,3632,14,12,18,1049,3086,ITI,ITI3,11,Marche,Marche,1525271,277349,18.18,0.27
2238,2021-04-05,MAR,5688,2355,3333,251,84,103,758,54,1004,2267,1108,28,31,4419,1269,ITI,ITI3,11,Marche,Marche,1525271,283037,18.56,0.37
2239,2021-05-13,MAR,12602,5693,6909,243,158,66,251,3050,2548,763,5080,25,418,7105,5497,ITI,ITI3,11,Marche,Marche,1525271,295639,19.38,0.83
2240,2021-05-07,MAR,12837,5805,7032,308,158,96,951,1423,3772,869,4794,18,448,3659,9178,ITI,ITI3,11,Marche,Marche,1525271,308476,20.22,0.84
2241,2021-01-25,MAR,1595,558,1037,1425,110,56,0,0,0,2,0,0,2,97,1498,ITI,ITI3,11,Marche,Marche,1525271,310071,20.33,0.1
2242,2021-03-19,MAR,3835,1597,2238,495,135,265,6,5,7,2831,63,13,15,339,3496,ITI,ITI3,11,Marche,Marche,1525271,313906,20.58,0.25
2243,2021-04-21,MAR,10782,4967,5815,272,111,46,81,2390,4285,554,2869,43,131,9588,1194,ITI,ITI3,11,Marche,Marche,1525271,324688,21.29,0.71
2244,2021-04-11,MAR,7117,3115,4002,282,96,10,781,47,2163,1224,2449,44,21,6831,286,ITI,ITI3,11,Marche,Marche,1525271,331805,21.75,0.47
2245,2021-01-09,MAR,1709,605,1104,1406,238,0,0,17,2,0,0,0,46,1709,0,ITI,ITI3,11,Marche,Marche,1525271,333514,21.87,0.11
2246,2021-03-28,MAR,4126,1739,2387,45,44,6,396,17,32,2662,871,11,42,2435,1691,ITI,ITI3,11,Marche,Marche,1525271,337640,22.14,0.27
2247,2021-01-07,MAR,1806,636,1170,1483,279,0,0,9,0,0,0,0,35,1806,0,ITI,ITI3,11,Marche,Marche,1525271,339446,22.25,0.12
2248,2021-04-12,MAR,8568,3772,4796,179,82,88,1155,106,2842,1317,2602,79,118,8084,484,ITI,ITI3,11,Marche,Marche,1525271,348014,22.82,0.56
2249,2021-02-12,MAR,1582,618,964,814,423,88,0,32,14,3,0,0,208,1430,152,ITI,ITI3,11,Marche,Marche,1525271,349596,22.92,0.1
2250,2021-05-10,MAR,9448,4336,5112,253,161,53,332,1781,2916,626,2888,42,396,4895,4553,ITI,ITI3,11,Marche,Marche,1525271,359044,23.54,0.62
2251,2021-02-04,MAR,2341,809,1532,1406,601,275,0,11,3,1,0,0,44,112,2229,ITI,ITI3,11,Marche,Marche,1525271,361385,23.69,0.15
2252,2021-01-22,MAR,487,167,320,315,74,87,0,1,0,0,0,0,10,194,293,ITI,ITI3,11,Marche,Marche,1525271,361872,23.73,0.03
2253,2021-03-14,MAR,2499,1031,1468,441,58,1,454,4,3,1522,5,2,9,1906,593,ITI,ITI3,11,Marche,Marche,1525271,364371,23.89,0.16
2254,2021-02-09,MAR,124,42,82,77,21,26,0,0,0,0,0,0,0,46,78,ITI,ITI3,11,Marche,Marche,1525271,364495,23.9,0.01
2255,2021-04-30,MAR,13938,6100,7838,343,78,92,1475,1650,3680,1645,4815,55,105,5398,8540,ITI,ITI3,11,Marche,Marche,1525271,378433,24.81,0.91
2256,2021-01-06,MAR,2181,792,1389,1738,261,147,0,5,1,0,0,0,29,2181,0,ITI,ITI3,11,Marche,Marche,1525271,380614,24.95,0.14
2257,2021-04-06,MAR,8879,3693,5186,310,185,161,1728,97,1739,1888,2579,98,94,8066,813,ITI,ITI3,11,Marche,Marche,1525271,389493,25.54,0.58
2258,2021-04-25,MAR,8599,3993,4606,206,37,1,20,3961,2094,675,1568,22,15,7024,1575,ITI,ITI3,11,Marche,Marche,1525271,398092,26.1,0.56
2259,2021-03-05,MAR,6176,2859,3317,1127,325,144,800,52,26,2385,185,1006,126,4709,1467,ITI,ITI3,11,Marche,Marche,1525271,404268,26.5,0.4
2260,2021-05-20,MAR,12375,5819,6556,201,163,64,534,3249,2248,272,3291,354,1999,7673,4702,ITI,ITI3,11,Marche,Marche,1525271,416643,27.32,0.81
2261,2021-03-01,MAR,3724,1487,2237,388,138,87,286,4,1,2789,4,5,22,3476,248,ITI,ITI3,11,Marche,Marche,1525271,420367,27.56,0.24
2262,2021-02-23,MAR,3267,1397,1870,219,57,118,0,7,4,2822,0,5,35,3211,56,ITI,ITI3,11,Marche,Marche,1525271,423634,27.77,0.21
2263,2021-03-31,MAR,7374,3087,4287,477,327,162,257,30,103,4556,1299,86,77,4350,3024,ITI,ITI3,11,Marche,Marche,1525271,431008,28.26,0.48
2264,2021-03-03,MAR,6647,3048,3599,817,369,208,782,36,12,3133,195,999,96,5766,881,ITI,ITI3,11,Marche,Marche,1525271,437655,28.69,0.44
2265,2021-02-27,MAR,3356,1435,1921,185,139,154,1,6,1,2841,17,6,6,3147,209,ITI,ITI3,11,Marche,Marche,1525271,441011,28.91,0.22
2266,2021-02-11,MAR,1987,657,1330,1155,369,212,0,32,22,32,0,0,165,1598,389,ITI,ITI3,11,Marche,Marche,1525271,442998,29.04,0.13
2267,2021-02-22,MAR,3414,1500,1914,327,89,77,2,7,0,2868,1,5,38,3338,76,ITI,ITI3,11,Marche,Marche,1525271,446412,29.27,0.22
2268,2021-03-07,MAR,5187,2113,3074,607,167,32,896,13,2,3007,76,340,47,4434,753,ITI,ITI3,11,Marche,Marche,1525271,451599,29.61,0.34
2269,2021-04-02,MAR,6875,2973,3902,388,209,112,422,47,733,2696,2014,212,42,6135,740,ITI,ITI3,11,Marche,Marche,1525271,458474,30.06,0.45
2270,2021-04-14,MAR,10215,4564,5651,416,159,80,1013,178,3524,899,3770,41,135,9843,372,ITI,ITI3,11,Marche,Marche,1525271,468689,30.73,0.67
2271,2021-03-16,MAR,3471,1485,1986,315,71,54,5,4,6,2928,46,20,22,290,3181,ITI,ITI3,11,Marche,Marche,1525271,472160,30.96,0.23
2272,2021-04-10,MAR,10916,4619,6297,311,168,80,1102,183,2714,2229,4022,53,54,10603,313,ITI,ITI3,11,Marche,Marche,1525271,483076,31.67,0.72
2273,2021-04-04,MAR,3824,1792,2032,189,117,7,84,10,632,2008,754,10,13,2655,1169,ITI,ITI3,11,Marche,Marche,1525271,486900,31.92,0.25
2274,2021-01-12,MAR,1226,413,813,912,255,50,0,2,0,0,0,0,7,1226,0,ITI,ITI3,11,Marche,Marche,1525271,488126,32.0,0.08
2275,2021-02-02,MAR,1192,397,795,804,264,93,0,5,0,5,0,0,21,73,1119,ITI,ITI3,11,Marche,Marche,1525271,489318,32.08,0.08
2276,2021-05-18,MAR,11063,5257,5806,200,86,36,227,3491,1735,215,3411,60,1602,7658,3405,ITI,ITI3,11,Marche,Marche,1525271,500381,32.81,0.73
2277,2021-02-25,MAR,3510,1434,2076,430,134,377,1,8,5,2491,27,3,34,3331,179,ITI,ITI3,11,Marche,Marche,1525271,503891,33.04,0.23
2278,2021-05-21,MAR,12952,6113,6839,251,114,76,563,3247,2098,312,3687,445,2159,6697,6255,ITI,ITI3,11,Marche,Marche,1525271,516843,33.89,0.85
2279,2021-01-27,MAR,2118,780,1338,1751,155,140,0,13,10,8,0,0,41,122,1996,ITI,ITI3,11,Marche,Marche,1525271,518961,34.02,0.14
2280,2020-12-27,MAR,200,97,103,184,12,4,0,0,0,0,0,0,0,200,0,ITI,ITI3,11,Marche,Marche,1525271,519161,34.04,0.01
2281,2021-05-01,MAR,9320,3925,5395,185,138,15,1280,2037,1825,875,2894,14,57,3578,5742,ITI,ITI3,11,Marche,Marche,1525271,528481,34.65,0.61
2282,2021-02-08,MAR,833,258,575,408,133,262,0,6,3,4,0,0,17,371,462,ITI,ITI3,11,Marche,Marche,1525271,529314,34.7,0.05
2283,2021-05-15,MAR,13967,6376,7591,152,171,30,157,3454,3057,554,5895,27,470,8075,5892,ITI,ITI3,11,Marche,Marche,1525271,543281,35.62,0.92
2284,2021-01-05,MAR,1562,586,976,1436,112,0,0,3,2,0,0,0,9,1562,0,ITI,ITI3,11,Marche,Marche,1525271,544843,35.72,0.1
2285,2021-04-03,MAR,7573,3204,4369,320,151,60,293,76,826,2950,2808,20,69,6903,670,ITI,ITI3,11,Marche,Marche,1525271,552416,36.22,0.5
2286,2021-03-18,MAR,3389,1475,1914,325,187,125,3,7,8,2653,23,46,12,162,3227,ITI,ITI3,11,Marche,Marche,1525271,555805,36.44,0.22
2287,2021-01-10,MAR,1737,699,1038,1462,253,0,0,5,1,0,0,0,16,1737,0,ITI,ITI3,11,Marche,Marche,1525271,557542,36.55,0.11
2288,2021-02-07,MAR,1868,734,1134,1155,479,46,0,41,20,4,0,0,123,344,1524,ITI,ITI3,11,Marche,Marche,1525271,559410,36.68,0.12
2289,2021-04-08,MAR,7522,3285,4237,275,94,97,711,81,2071,1332,2797,26,38,7195,327,ITI,ITI3,11,Marche,Marche,1525271,566932,37.17,0.49
2290,2021-05-14,MAR,13492,6217,7275,294,170,24,363,3509,3126,564,4941,47,454,6720,6772,ITI,ITI3,11,Marche,Marche,1525271,580424,38.05,0.88
2291,2021-03-23,MAR,5789,2529,3260,258,104,135,327,23,6,4620,27,220,69,2262,3527,ITI,ITI3,11,Marche,Marche,1525271,586213,38.43,0.38
2292,2021-05-09,MAR,8772,3986,4786,200,81,13,715,2332,1639,421,2970,21,380,3641,5131,ITI,ITI3,11,Marche,Marche,1525271,594985,39.01,0.58
2293,2021-01-20,MAR,398,100,298,147,55,190,0,2,0,1,0,0,3,384,14,ITI,ITI3,11,Marche,Marche,1525271,595383,39.03,0.03
2294,2021-03-24,MAR,7032,2982,4050,484,152,202,592,40,25,4809,321,160,247,3364,3668,ITI,ITI3,11,Marche,Marche,1525271,602415,39.5,0.46
2295,2021-04-07,MAR,7812,3436,4376,189,143,176,972,75,1888,1333,2898,30,108,7477,335,ITI,ITI3,11,Marche,Marche,1525271,610227,40.01,0.51
2296,2021-01-11,MAR,1176,411,765,1021,155,0,0,0,0,0,0,0,0,1176,0,ITI,ITI3,11,Marche,Marche,1525271,611403,40.08,0.08
2297,2021-01-28,MAR,2085,724,1361,1648,253,101,0,12,2,1,0,0,68,165,1920,ITI,ITI3,11,Marche,Marche,1525271,613488,40.22,0.14
2298,2021-05-22,MAR,11938,5719,6219,131,106,54,558,4308,1398,280,1999,360,2744,7488,4450,ITI,ITI3,11,Marche,Marche,1525271,625426,41.0,0.78
2299,2021-01-30,MAR,1905,668,1237,1566,290,0,0,12,0,0,0,0,37,29,1876,ITI,ITI3,11,Marche,Marche,1525271,627331,41.13,0.12
2300,2021-05-05,MAR,11624,5288,6336,268,162,123,645,1280,3595,899,4318,64,270,5216,6408,ITI,ITI3,11,Marche,Marche,1525271,638955,41.89,0.76
2301,2021-02-14,MAR,738,301,437,578,109,0,0,10,0,0,0,0,41,738,0,ITI,ITI3,11,Marche,Marche,1525271,639693,41.94,0.05
2302,2021-01-08,MAR,1576,588,988,1227,324,0,0,5,0,0,0,0,20,1576,0,ITI,ITI3,11,Marche,Marche,1525271,641269,42.04,0.1
2303,2021-01-26,MAR,2016,746,1270,1736,152,86,0,15,4,1,0,0,22,92,1924,ITI,ITI3,11,Marche,Marche,1525271,643285,42.18,0.13
2304,2021-02-13,MAR,1062,453,609,457,309,90,0,25,10,16,0,0,155,1010,52,ITI,ITI3,11,Marche,Marche,1525271,644347,42.24,0.07
2305,2021-05-19,MAR,11472,5273,6199,383,173,27,532,3615,1821,313,3005,50,1553,8563,2909,ITI,ITI3,11,Marche,Marche,1525271,655819,43.0,0.75
2306,2020-12-31,MAR,385,180,205,371,14,0,0,0,0,0,0,0,0,385,0,ITI,ITI3,11,Marche,Marche,1525271,656204,43.02,0.03
2307,2021-04-15,MAR,10376,4674,5702,501,137,128,932,192,3637,780,3833,55,181,9811,565,ITI,ITI3,11,Marche,Marche,1525271,666580,43.7,0.68
2308,2021-05-23,MAR,9208,4282,4926,71,30,11,652,2988,442,107,1845,143,2919,7537,1671,ITI,ITI3,11,Marche,Marche,1525271,675788,44.31,0.6
2309,2021-04-22,MAR,10794,4931,5863,236,84,30,58,2748,3929,688,2943,37,41,9216,1578,ITI,ITI3,11,Marche,Marche,1525271,686582,45.01,0.71
2310,2021-03-04,MAR,6489,2870,3619,1065,373,115,764,53,18,2804,222,914,161,5096,1393,ITI,ITI3,11,Marche,Marche,1525271,693071,45.44,0.43
2311,2021-03-08,MAR,6265,2745,3520,764,226,201,1012,8,2,3094,147,763,48,5263,1002,ITI,ITI3,11,Marche,Marche,1525271,699336,45.85,0.41
2312,2021-01-29,MAR,1991,730,1261,1480,403,74,0,6,0,3,0,0,25,167,1824,ITI,ITI3,11,Marche,Marche,1525271,701327,45.98,0.13
2313,2021-01-16,MAR,2005,723,1282,1059,414,285,0,53,42,21,0,0,131,2005,0,ITI,ITI3,11,Marche,Marche,1525271,703332,46.11,0.13
2314,2021-04-13,MAR,9838,4259,5579,202,104,60,1074,163,3742,951,3460,32,50,9605,233,ITI,ITI3,11,Marche,Marche,1525271,713170,46.76,0.65
2315,2021-05-16,MAR,10897,4957,5940,244,74,20,94,3271,2340,291,4284,31,248,6670,4227,ITI,ITI3,11,Marche,Marche,1525271,724067,47.47,0.71
2316,2021-05-08,MAR,12270,5477,6793,193,164,94,457,1542,2812,1161,5557,24,266,5022,7248,ITI,ITI3,11,Marche,Marche,1525271,736337,48.28,0.8
2317,2021-05-12,MAR,10422,4684,5738,411,229,72,273,2535,2929,432,3156,18,367,4921,5501,ITI,ITI3,11,Marche,Marche,1525271,746759,48.96,0.68
2318,2021-03-12,MAR,4641,1972,2669,814,444,17,928,20,9,1895,3,434,77,3403,1238,ITI,ITI3,11,Marche,Marche,1525271,751400,49.26,0.3
2319,2021-03-26,MAR,6331,2606,3725,335,222,190,501,58,31,4086,393,203,312,3523,2808,ITI,ITI3,11,Marche,Marche,1525271,757731,49.68,0.42
2320,2021-02-01,MAR,1362,479,883,1054,200,81,0,5,0,0,0,0,22,98,1264,ITI,ITI3,11,Marche,Marche,1525271,759093,49.77,0.09
2321,2021-05-03,MAR,10193,4602,5591,247,77,33,812,1003,3632,961,3255,75,98,4787,5406,ITI,ITI3,11,Marche,Marche,1525271,769286,50.44,0.67
2322,2021-03-21,MAR,4505,1873,2632,87,42,57,205,19,7,4040,9,13,26,1629,2876,ITI,ITI3,11,Marche,Marche,1525271,773791,50.73,0.3
2323,2021-01-21,MAR,897,253,644,460,84,336,0,1,0,3,0,0,13,585,312,ITI,ITI3,11,Marche,Marche,1525271,774688,50.79,0.06
2324,2021-04-18,MAR,8820,4131,4689,261,67,2,453,1074,2952,377,3608,11,15,7899,921,ITI,ITI3,11,Marche,Marche,1525271,783508,51.37,0.58
2325,2021-05-04,MAR,10842,4787,6055,205,116,63,658,1100,3918,1043,3669,28,42,4949,5893,ITI,ITI3,11,Marche,Marche,1525271,794350,52.08,0.71
2326,2021-04-24,MAR,12026,5304,6722,132,134,46,79,2368,3733,1673,3740,33,88,7560,4466,ITI,ITI3,11,Marche,Marche,1525271,806376,52.87,0.79
2327,2021-02-17,MAR,1785,662,1123,963,471,309,0,6,1,1,22,0,12,1668,117,ITI,ITI3,11,Marche,Marche,1525271,808161,52.98,0.12
2328,2021-03-06,MAR,5704,2626,3078,971,223,172,746,37,7,2399,221,843,85,4437,1267,ITI,ITI3,11,Marche,Marche,1525271,813865,53.36,0.37
2329,2021-03-17,MAR,3428,1494,1934,301,79,117,5,8,10,2819,61,7,21,107,3321,ITI,ITI3,11,Marche,Marche,1525271,817293,53.58,0.22
2330,2021-02-26,MAR,3630,1499,2131,449,178,389,39,8,4,2517,31,4,11,3154,476,ITI,ITI3,11,Marche,Marche,1525271,820923,53.82,0.24
2331,2021-01-26,BAS,796,352,444,624,71,35,0,18,0,0,0,0,48,101,695,ITF,ITF5,17,Basilicata,Basilicata,559084,796,0.14,0.14
2332,2021-05-16,BAS,4969,2466,2503,42,24,3,47,231,570,19,3334,5,694,2858,2111,ITF,ITF5,17,Basilicata,Basilicata,559084,5765,1.03,0.89
2333,2021-01-31,BAS,77,24,53,75,2,0,0,0,0,0,0,0,0,0,77,ITF,ITF5,17,Basilicata,Basilicata,559084,5842,1.04,0.01
2334,2021-03-27,BAS,2219,846,1373,21,41,0,383,14,24,1680,30,6,20,1816,403,ITF,ITF5,17,Basilicata,Basilicata,559084,8061,1.44,0.4
2335,2021-05-08,BAS,4838,2400,2438,47,19,3,17,728,893,25,2886,18,202,3431,1407,ITF,ITF5,17,Basilicata,Basilicata,559084,12899,2.31,0.87
2336,2021-02-10,BAS,547,237,310,176,153,127,1,0,0,90,0,0,0,495,52,ITF,ITF5,17,Basilicata,Basilicata,559084,13446,2.41,0.1
2337,2021-04-13,BAS,2115,1051,1064,147,15,1,64,423,439,813,178,7,28,1293,822,ITF,ITF5,17,Basilicata,Basilicata,559084,15561,2.78,0.38
2338,2021-05-23,BAS,4519,2303,2216,23,15,3,221,228,393,14,2193,199,1230,1537,2982,ITF,ITF5,17,Basilicata,Basilicata,559084,20080,3.59,0.81
2339,2021-04-15,BAS,3386,1659,1727,73,16,1,26,243,207,738,2042,6,34,2632,754,ITF,ITF5,17,Basilicata,Basilicata,559084,23466,4.2,0.61
2340,2021-03-10,BAS,1651,814,837,101,57,33,274,1,4,877,2,300,2,812,839,ITF,ITF5,17,Basilicata,Basilicata,559084,25117,4.49,0.3
2341,2021-03-08,BAS,1453,708,745,222,158,38,274,7,12,410,2,300,30,842,611,ITF,ITF5,17,Basilicata,Basilicata,559084,26570,4.75,0.26
2342,2021-05-19,BAS,2873,1500,1373,63,30,14,209,329,401,24,960,281,562,1197,1676,ITF,ITF5,17,Basilicata,Basilicata,559084,29443,5.27,0.51
2343,2021-03-28,BAS,2139,741,1398,92,6,8,710,3,8,1276,7,0,29,2122,17,ITF,ITF5,17,Basilicata,Basilicata,559084,31582,5.65,0.38
2344,2021-03-20,BAS,1286,566,720,45,69,0,178,0,8,950,30,5,1,275,1011,ITF,ITF5,17,Basilicata,Basilicata,559084,32868,5.88,0.23
2345,2021-04-06,BAS,1266,461,805,274,72,7,412,25,8,346,41,27,54,1082,184,ITF,ITF5,17,Basilicata,Basilicata,559084,34134,6.11,0.23
2346,2021-04-26,BAS,4465,2164,2301,24,12,0,73,438,1007,180,2639,17,75,4245,220,ITF,ITF5,17,Basilicata,Basilicata,559084,38599,6.9,0.8
2347,2021-03-19,BAS,2289,992,1297,58,96,0,142,1,8,1955,2,22,5,261,2028,ITF,ITF5,17,Basilicata,Basilicata,559084,40888,7.31,0.41
2348,2021-01-29,BAS,613,229,384,398,38,70,0,41,2,16,0,0,48,63,550,ITF,ITF5,17,Basilicata,Basilicata,559084,41501,7.42,0.11
2349,2021-02-24,BAS,1803,743,1060,85,14,2,0,4,8,1686,0,1,3,1734,69,ITF,ITF5,17,Basilicata,Basilicata,559084,43304,7.75,0.32
2350,2021-02-07,BAS,373,159,214,259,74,40,0,0,0,0,0,0,0,49,324,ITF,ITF5,17,Basilicata,Basilicata,559084,43677,7.81,0.07
2351,2021-05-13,BAS,5982,2966,3016,46,22,23,28,760,828,101,3662,14,498,3385,2597,ITF,ITF5,17,Basilicata,Basilicata,559084,49659,8.88,1.07
2352,2021-05-14,BAS,5906,2797,3109,57,9,34,26,578,718,52,3962,16,454,3374,2532,ITF,ITF5,17,Basilicata,Basilicata,559084,55565,9.94,1.06
2353,2021-01-17,BAS,328,133,195,233,12,54,0,5,1,0,0,0,23,327,1,ITF,ITF5,17,Basilicata,Basilicata,559084,55893,10.0,0.06
2354,2021-04-11,BAS,848,330,518,75,3,9,225,3,5,46,474,3,5,786,62,ITF,ITF5,17,Basilicata,Basilicata,559084,56741,10.15,0.15
2355,2021-01-21,BAS,30,10,20,0,0,0,0,2,0,4,0,0,24,30,0,ITF,ITF5,17,Basilicata,Basilicata,559084,56771,10.15,0.01
2356,2021-02-26,BAS,2149,904,1245,89,94,1,0,2,6,1954,0,0,3,2069,80,ITF,ITF5,17,Basilicata,Basilicata,559084,58920,10.54,0.38
2357,2021-04-12,BAS,2174,1053,1121,231,24,31,92,721,441,446,164,11,13,1679,495,ITF,ITF5,17,Basilicata,Basilicata,559084,61094,10.93,0.39
2358,2021-01-07,BAS,640,319,321,556,8,29,0,16,0,0,0,0,31,640,0,ITF,ITF5,17,Basilicata,Basilicata,559084,61734,11.04,0.11
2359,2021-02-23,BAS,1901,771,1130,159,24,35,0,4,15,1658,0,0,6,1763,138,ITF,ITF5,17,Basilicata,Basilicata,559084,63635,11.38,0.34
2360,2021-01-25,BAS,1023,429,594,831,80,1,0,33,2,0,0,0,76,74,949,ITF,ITF5,17,Basilicata,Basilicata,559084,64658,11.56,0.18
2361,2021-05-20,BAS,5856,2966,2890,36,34,10,232,506,558,62,3116,334,968,2891,2965,ITF,ITF5,17,Basilicata,Basilicata,559084,70514,12.61,1.05
2362,2021-03-21,BAS,1046,481,565,32,1,0,159,2,9,804,0,0,39,352,694,ITF,ITF5,17,Basilicata,Basilicata,559084,71560,12.8,0.19
2363,2021-03-05,BAS,1854,857,997,298,158,72,309,6,12,690,2,299,8,1108,746,ITF,ITF5,17,Basilicata,Basilicata,559084,73414,13.13,0.33
2364,2021-05-07,BAS,4640,2279,2361,56,14,15,14,415,924,105,2907,30,160,3285,1355,ITF,ITF5,17,Basilicata,Basilicata,559084,78054,13.96,0.83
2365,2021-04-17,BAS,3461,1655,1806,53,7,0,10,13,18,1234,2110,11,5,2199,1262,ITF,ITF5,17,Basilicata,Basilicata,559084,81515,14.58,0.62
2366,2021-04-22,BAS,5037,2346,2691,61,17,23,85,272,903,1452,2081,61,82,3434,1603,ITF,ITF5,17,Basilicata,Basilicata,559084,86552,15.48,0.9
2367,2021-04-04,BAS,610,225,385,14,8,0,158,8,0,406,10,4,2,197,413,ITF,ITF5,17,Basilicata,Basilicata,559084,87162,15.59,0.11
2368,2021-03-06,BAS,1352,535,817,296,140,57,259,0,2,383,0,212,3,757,595,ITF,ITF5,17,Basilicata,Basilicata,559084,88514,15.83,0.24
2369,2021-03-03,BAS,1743,813,930,194,298,99,244,3,3,590,58,253,1,1186,557,ITF,ITF5,17,Basilicata,Basilicata,559084,90257,16.14,0.31
2370,2021-01-22,BAS,67,24,43,6,0,0,0,13,10,19,0,0,19,67,0,ITF,ITF5,17,Basilicata,Basilicata,559084,90324,16.16,0.01
2371,2021-03-25,BAS,1879,601,1278,47,55,11,761,5,13,931,28,25,3,1533,346,ITF,ITF5,17,Basilicata,Basilicata,559084,92203,16.49,0.34
2372,2021-03-16,BAS,1900,799,1101,103,30,0,62,4,13,1672,2,6,8,228,1672,ITF,ITF5,17,Basilicata,Basilicata,559084,94103,16.83,0.34
2373,2021-03-13,BAS,1794,888,906,82,325,46,213,2,6,864,1,245,10,749,1045,ITF,ITF5,17,Basilicata,Basilicata,559084,95897,17.15,0.32
2374,2021-01-09,BAS,557,160,397,386,55,67,1,7,0,0,0,0,41,557,0,ITF,ITF5,17,Basilicata,Basilicata,559084,96454,17.25,0.1
2375,2021-02-15,BAS,621,232,389,191,134,46,0,0,3,246,0,1,0,580,41,ITF,ITF5,17,Basilicata,Basilicata,559084,97075,17.36,0.11
2376,2021-05-15,BAS,6527,3341,3186,57,21,2,25,800,821,96,3746,18,941,3955,2572,ITF,ITF5,17,Basilicata,Basilicata,559084,103602,18.53,1.17
2377,2021-02-09,BAS,491,213,278,200,237,54,0,0,0,0,0,0,0,316,175,ITF,ITF5,17,Basilicata,Basilicata,559084,104093,18.62,0.09
2378,2021-05-10,BAS,4806,2383,2423,46,24,0,9,338,645,75,3432,12,225,2766,2040,ITF,ITF5,17,Basilicata,Basilicata,559084,108899,19.48,0.86
2379,2020-12-27,BAS,106,41,65,104,0,0,0,0,0,0,0,0,2,106,0,ITF,ITF5,17,Basilicata,Basilicata,559084,109005,19.5,0.02
2380,2021-05-01,BAS,4699,2135,2564,78,23,9,334,432,703,95,2708,33,284,3948,751,ITF,ITF5,17,Basilicata,Basilicata,559084,113704,20.34,0.84
2381,2021-01-27,BAS,411,175,236,299,17,26,0,12,9,25,0,0,23,113,298,ITF,ITF5,17,Basilicata,Basilicata,559084,114115,20.41,0.07
2382,2021-01-05,BAS,946,409,537,862,44,0,0,12,0,0,0,0,28,946,0,ITF,ITF5,17,Basilicata,Basilicata,559084,115061,20.58,0.17
2383,2021-05-21,BAS,4624,2344,2280,33,11,5,314,277,514,30,2040,312,1088,1541,3083,ITF,ITF5,17,Basilicata,Basilicata,559084,119685,21.41,0.83
2384,2021-03-09,BAS,1392,707,685,222,51,33,238,2,2,545,0,293,6,788,604,ITF,ITF5,17,Basilicata,Basilicata,559084,121077,21.66,0.25
2385,2021-01-02,BAS,949,380,569,855,43,0,3,9,0,0,0,0,39,949,0,ITF,ITF5,17,Basilicata,Basilicata,559084,122026,21.83,0.17
2386,2021-01-20,BAS,84,22,62,0,0,0,0,10,8,43,0,0,23,84,0,ITF,ITF5,17,Basilicata,Basilicata,559084,122110,21.84,0.02
2387,2021-03-23,BAS,1586,610,976,55,7,0,598,7,2,888,5,20,4,1409,177,ITF,ITF5,17,Basilicata,Basilicata,559084,123696,22.12,0.28
2388,2021-04-20,BAS,4034,1921,2113,31,13,10,65,57,215,1689,1928,10,16,2203,1831,ITF,ITF5,17,Basilicata,Basilicata,559084,127730,22.85,0.72
2389,2021-05-02,BAS,4184,2002,2182,54,8,0,175,296,764,24,2729,10,124,3556,628,ITF,ITF5,17,Basilicata,Basilicata,559084,131914,23.59,0.75
2390,2021-01-15,BAS,813,350,463,578,21,174,0,5,1,1,0,0,33,813,0,ITF,ITF5,17,Basilicata,Basilicata,559084,132727,23.74,0.15
2391,2021-05-22,BAS,5462,2713,2749,41,16,9,322,481,475,14,2380,185,1539,1914,3548,ITF,ITF5,17,Basilicata,Basilicata,559084,138189,24.72,0.98
2392,2021-03-11,BAS,1784,920,864,163,83,77,223,5,5,905,3,290,30,825,959,ITF,ITF5,17,Basilicata,Basilicata,559084,139973,25.04,0.32
2393,2021-01-28,BAS,903,401,502,717,24,81,0,30,0,1,0,0,50,119,784,ITF,ITF5,17,Basilicata,Basilicata,559084,140876,25.2,0.16
2394,2021-04-19,BAS,4161,1910,2251,76,19,58,93,29,102,1570,2165,11,38,2524,1637,ITF,ITF5,17,Basilicata,Basilicata,559084,145037,25.94,0.74
2395,2021-05-09,BAS,4686,2341,2345,19,21,1,4,603,714,15,3058,25,226,2991,1695,ITF,ITF5,17,Basilicata,Basilicata,559084,149723,26.78,0.84
2396,2021-04-08,BAS,763,348,415,181,53,0,187,13,9,84,176,35,25,754,9,ITF,ITF5,17,Basilicata,Basilicata,559084,150486,26.92,0.14
2397,2021-01-11,BAS,183,66,117,107,21,41,0,4,0,0,0,0,10,183,0,ITF,ITF5,17,Basilicata,Basilicata,559084,150669,26.95,0.03
2398,2021-04-14,BAS,2041,997,1044,34,4,2,67,298,602,661,336,12,25,1367,674,ITF,ITF5,17,Basilicata,Basilicata,559084,152710,27.31,0.37
2399,2021-01-12,BAS,217,88,129,87,22,99,0,1,0,0,0,0,8,217,0,ITF,ITF5,17,Basilicata,Basilicata,559084,152927,27.35,0.04
2400,2021-03-07,BAS,885,308,577,39,12,4,473,2,0,328,0,23,4,847,38,ITF,ITF5,17,Basilicata,Basilicata,559084,153812,27.51,0.16
2401,2021-03-02,BAS,803,389,414,110,33,15,213,5,4,184,0,239,0,658,145,ITF,ITF5,17,Basilicata,Basilicata,559084,154615,27.66,0.14
2402,2021-02-11,BAS,951,401,550,200,158,107,0,0,6,472,0,4,4,868,83,ITF,ITF5,17,Basilicata,Basilicata,559084,155566,27.83,0.17
2403,2021-01-23,BAS,716,302,414,601,38,1,0,18,2,8,0,0,48,33,683,ITF,ITF5,17,Basilicata,Basilicata,559084,156282,27.95,0.13
2404,2021-04-09,BAS,1151,350,801,141,16,1,624,12,12,136,128,49,32,1088,63,ITF,ITF5,17,Basilicata,Basilicata,559084,157433,28.16,0.21
2405,2021-01-14,BAS,969,413,556,504,112,323,0,6,0,0,0,0,24,969,0,ITF,ITF5,17,Basilicata,Basilicata,559084,158402,28.33,0.17
2406,2021-01-18,BAS,463,157,306,364,52,45,0,0,0,0,0,0,2,364,99,ITF,ITF5,17,Basilicata,Basilicata,559084,158865,28.42,0.08
2407,2021-04-07,BAS,1218,549,669,272,23,18,384,8,10,107,355,23,18,1181,37,ITF,ITF5,17,Basilicata,Basilicata,559084,160083,28.63,0.22
2408,2021-05-03,BAS,4515,2045,2470,231,21,27,286,278,714,187,2632,16,123,3687,828,ITF,ITF5,17,Basilicata,Basilicata,559084,164598,29.44,0.81
2409,2021-03-04,BAS,2006,955,1051,240,151,158,242,3,11,846,41,303,11,1084,922,ITF,ITF5,17,Basilicata,Basilicata,559084,166604,29.8,0.36
2410,2021-04-28,BAS,4705,2159,2546,117,51,12,41,334,1148,135,2735,11,121,4264,441,ITF,ITF5,17,Basilicata,Basilicata,559084,171309,30.64,0.84
2411,2021-02-20,BAS,1161,531,630,77,171,80,0,0,9,810,11,0,3,1043,118,ITF,ITF5,17,Basilicata,Basilicata,559084,172470,30.85,0.21
2412,2021-04-05,BAS,723,233,490,3,3,2,341,5,1,338,18,4,8,421,302,ITF,ITF5,17,Basilicata,Basilicata,559084,173193,30.98,0.13
2413,2021-02-19,BAS,1622,737,885,219,360,66,0,1,13,962,0,0,1,1560,62,ITF,ITF5,17,Basilicata,Basilicata,559084,174815,31.27,0.29
2414,2021-05-12,BAS,4721,2324,2397,22,30,0,30,429,682,102,3102,14,310,2839,1882,ITF,ITF5,17,Basilicata,Basilicata,559084,179536,32.11,0.84
2415,2021-01-08,BAS,554,219,335,383,33,59,0,36,0,0,0,0,43,554,0,ITF,ITF5,17,Basilicata,Basilicata,559084,180090,32.21,0.1
2416,2021-02-14,BAS,151,48,103,55,12,65,0,0,1,18,0,0,0,151,0,ITF,ITF5,17,Basilicata,Basilicata,559084,180241,32.24,0.03
2417,2021-03-26,BAS,1957,703,1254,195,8,3,473,13,9,1210,23,8,15,1696,261,ITF,ITF5,17,Basilicata,Basilicata,559084,182198,32.59,0.35
2418,2021-01-16,BAS,721,304,417,466,17,161,2,17,0,1,0,0,57,721,0,ITF,ITF5,17,Basilicata,Basilicata,559084,182919,32.72,0.13
2419,2021-03-12,BAS,1898,976,922,266,64,37,258,1,8,986,0,275,3,799,1099,ITF,ITF5,17,Basilicata,Basilicata,559084,184817,33.06,0.34
2420,2021-01-04,BAS,607,271,336,550,49,0,2,1,0,0,0,0,5,607,0,ITF,ITF5,17,Basilicata,Basilicata,559084,185424,33.17,0.11
2421,2021-02-01,BAS,242,91,151,156,24,48,0,4,1,0,0,0,9,46,196,ITF,ITF5,17,Basilicata,Basilicata,559084,185666,33.21,0.04
2422,2021-01-19,BAS,199,84,115,78,48,44,0,3,6,8,0,0,12,199,0,ITF,ITF5,17,Basilicata,Basilicata,559084,185865,33.24,0.04
2423,2021-05-24,BAS,4835,2349,2486,34,22,1,555,259,489,33,2481,118,843,1103,3732,ITF,ITF5,17,Basilicata,Basilicata,559084,190700,34.11,0.86
2424,2021-04-01,BAS,2808,1134,1674,78,33,24,279,14,23,2179,103,10,65,2092,716,ITF,ITF5,17,Basilicata,Basilicata,559084,193508,34.61,0.5
2425,2021-04-25,BAS,2986,1458,1528,18,10,12,85,183,649,33,1946,10,40,2932,54,ITF,ITF5,17,Basilicata,Basilicata,559084,196494,35.15,0.53
2426,2021-03-14,BAS,1008,477,531,41,110,8,249,0,3,516,0,79,2,539,469,ITF,ITF5,17,Basilicata,Basilicata,559084,197502,35.33,0.18
2427,2021-04-24,BAS,4544,2197,2347,54,17,1,98,368,873,772,2259,13,89,3532,1012,ITF,ITF5,17,Basilicata,Basilicata,559084,202046,36.14,0.81
2428,2021-03-17,BAS,1452,609,843,22,12,0,2,6,9,1394,0,5,2,27,1425,ITF,ITF5,17,Basilicata,Basilicata,559084,203498,36.4,0.26
2429,2021-04-30,BAS,5287,2373,2914,133,58,2,379,350,886,478,2813,58,130,4123,1164,ITF,ITF5,17,Basilicata,Basilicata,559084,208785,37.34,0.95
2430,2021-04-21,BAS,3921,1835,2086,20,6,0,61,115,230,1492,1961,15,21,2271,1650,ITF,ITF5,17,Basilicata,Basilicata,559084,212706,38.05,0.7
2431,2021-05-04,BAS,4132,1989,2143,60,12,0,89,370,763,190,2438,10,200,3609,523,ITF,ITF5,17,Basilicata,Basilicata,559084,216838,38.78,0.74
2432,2021-02-12,BAS,775,332,443,288,192,90,0,3,4,192,0,6,0,744,31,ITF,ITF5,17,Basilicata,Basilicata,559084,217613,38.92,0.14
2433,2021-05-11,BAS,2654,1353,1301,38,13,11,21,405,422,40,1263,7,434,1621,1033,ITF,ITF5,17,Basilicata,Basilicata,559084,220267,39.4,0.47
2434,2021-02-16,BAS,905,377,528,250,93,67,0,1,1,492,0,1,0,807,98,ITF,ITF5,17,Basilicata,Basilicata,559084,221172,39.56,0.16
2435,2021-02-27,BAS,1991,859,1132,103,123,21,0,16,6,1682,4,1,35,1827,164,ITF,ITF5,17,Basilicata,Basilicata,559084,223163,39.92,0.36
2436,2021-02-17,BAS,1135,493,642,123,53,57,1,0,12,885,0,1,3,1059,76,ITF,ITF5,17,Basilicata,Basilicata,559084,224298,40.12,0.2
2437,2021-02-04,BAS,1095,442,653,639,106,281,0,26,0,3,0,0,40,63,1032,ITF,ITF5,17,Basilicata,Basilicata,559084,225393,40.31,0.2
2438,2021-04-27,BAS,4724,2242,2482,81,21,5,23,339,1159,214,2793,18,71,4399,325,ITF,ITF5,17,Basilicata,Basilicata,559084,230117,41.16,0.84
2439,2021-03-31,BAS,3095,1258,1837,69,46,0,127,20,13,2624,131,20,45,2313,782,ITF,ITF5,17,Basilicata,Basilicata,559084,233212,41.71,0.55
2440,2021-01-06,BAS,294,129,165,229,9,36,0,6,0,0,0,0,14,294,0,ITF,ITF5,17,Basilicata,Basilicata,559084,233506,41.77,0.05
2441,2021-03-01,BAS,547,284,263,122,107,4,50,1,1,169,1,90,2,381,166,ITF,ITF5,17,Basilicata,Basilicata,559084,234053,41.86,0.1
2442,2021-02-18,BAS,1070,401,669,270,59,150,0,0,0,588,0,0,3,855,215,ITF,ITF5,17,Basilicata,Basilicata,559084,235123,42.06,0.19
2443,2021-05-17,BAS,5543,2735,2808,44,37,1,133,462,684,31,2998,127,1026,3410,2133,ITF,ITF5,17,Basilicata,Basilicata,559084,240666,43.05,0.99
2444,2021-02-21,BAS,284,113,171,16,1,11,1,0,1,254,0,0,0,284,0,ITF,ITF5,17,Basilicata,Basilicata,559084,240950,43.1,0.05
2445,2021-05-06,BAS,5048,2435,2613,68,23,2,64,418,932,88,3193,11,249,3479,1569,ITF,ITF5,17,Basilicata,Basilicata,559084,245998,44.0,0.9
2446,2021-02-25,BAS,1787,736,1051,67,3,0,0,1,6,1705,0,1,4,1741,46,ITF,ITF5,17,Basilicata,Basilicata,559084,247785,44.32,0.32
2447,2021-02-22,BAS,1790,773,1017,125,23,2,0,2,7,1627,0,0,4,1737,53,ITF,ITF5,17,Basilicata,Basilicata,559084,249575,44.64,0.32
2448,2021-02-28,BAS,804,343,461,34,29,0,0,0,0,740,0,0,1,775,29,ITF,ITF5,17,Basilicata,Basilicata,559084,250379,44.78,0.14
2449,2021-03-18,BAS,1349,563,786,32,0,0,0,1,7,1306,1,0,2,25,1324,ITF,ITF5,17,Basilicata,Basilicata,559084,251728,45.03,0.24
2450,2021-04-29,BAS,4832,2386,2446,190,62,1,13,549,832,76,2952,33,124,4410,422,ITF,ITF5,17,Basilicata,Basilicata,559084,256560,45.89,0.86
2451,2021-02-08,BAS,557,193,364,436,72,49,0,0,0,0,0,0,0,151,406,ITF,ITF5,17,Basilicata,Basilicata,559084,257117,45.99,0.1
2452,2021-04-18,BAS,3720,1847,1873,28,6,0,17,44,214,1342,2051,15,3,2353,1367,ITF,ITF5,17,Basilicata,Basilicata,559084,260837,46.65,0.67
2453,2021-05-18,BAS,5894,2854,3040,50,41,2,184,479,681,48,3200,131,1078,3404,2490,ITF,ITF5,17,Basilicata,Basilicata,559084,266731,47.71,1.05
2454,2021-04-03,BAS,1807,749,1058,38,3,0,314,12,7,1102,295,14,22,1472,335,ITF,ITF5,17,Basilicata,Basilicata,559084,268538,48.03,0.32
2455,2021-03-29,BAS,2435,881,1554,79,29,1,532,14,9,1668,63,8,32,2149,286,ITF,ITF5,17,Basilicata,Basilicata,559084,270973,48.47,0.44
2456,2021-03-15,BAS,2351,983,1368,79,30,0,266,3,6,1936,1,23,7,521,1830,ITF,ITF5,17,Basilicata,Basilicata,559084,273324,48.89,0.42
2457,2021-02-02,BAS,367,143,224,212,15,102,0,9,1,0,0,2,26,175,192,ITF,ITF5,17,Basilicata,Basilicata,559084,273691,48.95,0.07
2458,2021-01-03,BAS,900,344,556,790,53,0,2,7,0,0,0,0,48,900,0,ITF,ITF5,17,Basilicata,Basilicata,559084,274591,49.11,0.16
2459,2021-01-10,BAS,77,24,53,9,2,0,0,7,4,0,0,0,55,77,0,ITF,ITF5,17,Basilicata,Basilicata,559084,274668,49.13,0.01
2460,2021-03-30,BAS,2739,1156,1583,39,14,0,355,4,13,2181,100,13,20,2394,345,ITF,ITF5,17,Basilicata,Basilicata,559084,277407,49.62,0.49
2461,2021-01-13,BAS,916,387,529,699,11,148,1,37,1,1,0,0,18,916,0,ITF,ITF5,17,Basilicata,Basilicata,559084,278323,49.78,0.16
2462,2021-02-03,BAS,666,300,366,425,15,172,0,40,1,0,0,0,13,32,634,ITF,ITF5,17,Basilicata,Basilicata,559084,278989,49.9,0.12
2463,2021-05-05,BAS,4331,2046,2285,72,43,21,119,554,687,176,2429,20,210,3441,890,ITF,ITF5,17,Basilicata,Basilicata,559084,283320,50.68,0.77
2464,2021-01-30,BAS,704,227,477,424,82,126,0,20,0,0,0,0,52,128,576,ITF,ITF5,17,Basilicata,Basilicata,559084,284024,50.8,0.13
2465,2021-04-23,BAS,4530,2179,2351,75,29,3,46,233,996,759,2244,22,123,3530,1000,ITF,ITF5,17,Basilicata,Basilicata,559084,288554,51.61,0.81
2466,2021-02-05,BAS,984,443,541,611,38,191,0,23,8,5,0,0,108,64,920,ITF,ITF5,17,Basilicata,Basilicata,559084,289538,51.79,0.18
2467,2021-02-06,BAS,902,367,535,546,186,168,1,1,0,0,0,0,0,146,756,ITF,ITF5,17,Basilicata,Basilicata,559084,290440,51.95,0.16
2468,2021-03-24,BAS,1745,680,1065,95,39,0,527,6,8,980,7,52,31,1350,395,ITF,ITF5,17,Basilicata,Basilicata,559084,292185,52.26,0.31
2469,2021-04-02,BAS,2318,1046,1272,98,34,2,25,18,32,1736,274,42,57,1714,604,ITF,ITF5,17,Basilicata,Basilicata,559084,294503,52.68,0.41
2470,2021-01-24,BAS,836,300,536,708,46,1,0,13,0,0,0,0,68,58,778,ITF,ITF5,17,Basilicata,Basilicata,559084,295339,52.83,0.15
2471,2021-04-16,BAS,3320,1633,1687,24,10,1,54,19,35,889,2268,6,14,2421,899,ITF,ITF5,17,Basilicata,Basilicata,559084,298659,53.42,0.59
2472,2021-03-22,BAS,1175,531,644,47,68,0,385,2,5,642,8,16,2,628,547,ITF,ITF5,17,Basilicata,Basilicata,559084,299834,53.63,0.21
2473,2021-04-10,BAS,1031,377,654,64,11,8,483,5,4,147,281,21,7,950,81,ITF,ITF5,17,Basilicata,Basilicata,559084,300865,53.81,0.18
2474,2021-02-13,BAS,799,313,486,279,155,115,0,5,14,201,0,2,28,738,61,ITF,ITF5,17,Basilicata,Basilicata,559084,301664,53.96,0.14
2475,2021-03-21,PUG,2691,1225,1466,462,32,13,285,0,5,1792,15,40,47,587,2104,ITF,ITF4,16,Puglia,Puglia,4029053,2691,0.07,0.07
2476,2021-05-20,PUG,32210,14326,17884,355,240,91,4679,7404,2361,670,6933,1114,8363,20370,11840,ITF,ITF4,16,Puglia,Puglia,4029053,34901,0.87,0.8
2477,2021-01-30,PUG,5528,2515,3013,4752,325,419,6,0,2,3,5,4,12,411,5117,ITF,ITF4,16,Puglia,Puglia,4029053,40429,1.0,0.14
2478,2021-01-14,PUG,4069,1589,2480,3187,377,499,2,1,0,0,0,0,3,4069,0,ITF,ITF4,16,Puglia,Puglia,4029053,44498,1.1,0.1
2479,2021-05-10,PUG,37184,16399,20785,437,372,55,3525,11099,5705,2376,12788,393,434,19403,17781,ITF,ITF4,16,Puglia,Puglia,4029053,81682,2.03,0.92
2480,2021-01-24,PUG,1669,749,920,1286,231,150,0,0,0,1,0,1,0,153,1516,ITF,ITF4,16,Puglia,Puglia,4029053,83351,2.07,0.04
2481,2021-04-20,PUG,20984,9736,11248,496,211,121,93,1398,8998,3354,6021,77,215,17542,3442,ITF,ITF4,16,Puglia,Puglia,4029053,104335,2.59,0.52
2482,2021-03-05,PUG,17216,6817,10399,2314,828,276,7170,34,23,5336,18,1181,36,15052,2164,ITF,ITF4,16,Puglia,Puglia,4029053,121551,3.02,0.43
2483,2021-05-06,PUG,39095,17054,22041,584,458,108,3837,6806,7213,3407,15510,626,546,19489,19606,ITF,ITF4,16,Puglia,Puglia,4029053,160646,3.99,0.97
2484,2021-03-15,PUG,11777,5622,6155,2092,648,116,695,24,30,7673,23,461,15,5277,6500,ITF,ITF4,16,Puglia,Puglia,4029053,172423,4.28,0.29
2485,2021-03-03,PUG,16651,6694,9957,2057,639,287,6715,6,6,5987,4,947,3,14742,1909,ITF,ITF4,16,Puglia,Puglia,4029053,189074,4.69,0.41
2486,2021-03-07,PUG,4917,1942,2975,930,101,3,1853,4,4,1681,7,327,7,4346,571,ITF,ITF4,16,Puglia,Puglia,4029053,193991,4.81,0.12
2487,2021-04-14,PUG,31778,15002,16776,628,220,40,83,4652,15246,4918,5556,124,311,28472,3306,ITF,ITF4,16,Puglia,Puglia,4029053,225769,5.6,0.79
2488,2021-04-25,PUG,11131,5160,5971,184,97,43,146,937,3204,1123,5190,13,194,9975,1156,ITF,ITF4,16,Puglia,Puglia,4029053,236900,5.88,0.28
2489,2021-01-13,PUG,4541,1731,2810,3975,329,231,2,1,0,0,0,1,2,4541,0,ITF,ITF4,16,Puglia,Puglia,4029053,241441,5.99,0.11
2490,2021-04-19,PUG,27486,12757,14729,549,141,77,57,1978,14670,3285,6511,50,168,24454,3032,ITF,ITF4,16,Puglia,Puglia,4029053,268927,6.67,0.68
2491,2021-02-23,PUG,9342,4421,4921,1789,362,167,1019,11,15,5554,1,405,19,8867,475,ITF,ITF4,16,Puglia,Puglia,4029053,278269,6.91,0.23
2492,2021-03-20,PUG,8251,3732,4519,1432,89,54,816,24,51,5649,43,72,21,3664,4587,ITF,ITF4,16,Puglia,Puglia,4029053,286520,7.11,0.2
2493,2021-04-26,PUG,26005,11903,14102,427,232,102,126,6470,8065,2755,7610,34,184,22767,3238,ITF,ITF4,16,Puglia,Puglia,4029053,312525,7.76,0.65
2494,2021-05-15,PUG,42559,18581,23978,266,336,46,4304,11268,4231,2003,15724,130,4251,23203,19356,ITF,ITF4,16,Puglia,Puglia,4029053,355084,8.81,1.06
2495,2021-01-27,PUG,4578,1928,2650,3933,240,396,2,1,3,0,0,0,3,611,3967,ITF,ITF4,16,Puglia,Puglia,4029053,359662,8.93,0.11
2496,2021-05-13,PUG,38070,16932,21138,571,402,149,2652,8678,5879,1930,13075,325,4409,21162,16908,ITF,ITF4,16,Puglia,Puglia,4029053,397732,9.87,0.94
2497,2021-05-16,PUG,24115,10873,13242,89,154,7,3777,7984,2634,692,6450,65,2263,12505,11610,ITF,ITF4,16,Puglia,Puglia,4029053,421847,10.47,0.6
2498,2021-02-13,PUG,3726,1455,2271,2887,517,290,7,0,2,5,0,18,0,3031,695,ITF,ITF4,16,Puglia,Puglia,4029053,425573,10.56,0.09
2499,2021-02-12,PUG,4101,1629,2472,2940,443,689,5,0,0,6,5,10,3,3010,1091,ITF,ITF4,16,Puglia,Puglia,4029053,429674,10.66,0.1
2500,2021-03-18,PUG,9400,4253,5147,1755,489,225,90,17,28,6690,46,40,20,3284,6116,ITF,ITF4,16,Puglia,Puglia,4029053,439074,10.9,0.23
2501,2021-02-24,PUG,10034,4702,5332,1927,601,117,566,9,12,6410,0,375,17,9445,589,ITF,ITF4,16,Puglia,Puglia,4029053,449108,11.15,0.25
2502,2021-05-18,PUG,27942,12825,15117,294,292,121,2785,6316,3233,801,7054,782,6264,15479,12463,ITF,ITF4,16,Puglia,Puglia,4029053,477050,11.84,0.69
2503,2021-01-29,PUG,6193,2660,3533,5516,377,288,3,3,0,1,0,0,5,436,5757,ITF,ITF4,16,Puglia,Puglia,4029053,483243,11.99,0.15
2504,2021-05-23,PUG,17129,7971,9158,72,101,35,1334,2917,1328,490,2778,9,8065,13431,3698,ITF,ITF4,16,Puglia,Puglia,4029053,500372,12.42,0.43
2505,2021-05-08,PUG,53730,22724,31006,679,386,238,6137,11362,6071,4412,22995,532,918,24160,29570,ITF,ITF4,16,Puglia,Puglia,4029053,554102,13.75,1.33
2506,2021-01-22,PUG,1409,578,831,878,154,373,1,0,0,1,1,0,1,991,418,ITF,ITF4,16,Puglia,Puglia,4029053,555511,13.79,0.03
2507,2021-02-10,PUG,3643,1435,2208,2519,254,869,1,0,0,0,0,0,0,2133,1510,ITF,ITF4,16,Puglia,Puglia,4029053,559154,13.88,0.09
2508,2021-01-09,PUG,4885,2250,2635,4331,255,247,1,5,1,4,5,0,36,4885,0,ITF,ITF4,16,Puglia,Puglia,4029053,564039,14.0,0.12
2509,2021-01-21,PUG,2132,904,1228,1432,167,528,0,0,1,2,0,0,2,1271,861,ITF,ITF4,16,Puglia,Puglia,4029053,566171,14.05,0.05
2510,2021-03-08,PUG,14599,6083,8516,2143,840,224,3865,13,10,6829,7,646,22,12201,2398,ITF,ITF4,16,Puglia,Puglia,4029053,580770,14.41,0.36
2511,2021-05-07,PUG,49136,21910,27226,681,469,73,3350,12605,8385,3452,18728,683,710,25942,23194,ITF,ITF4,16,Puglia,Puglia,4029053,629906,15.63,1.22
2512,2021-02-15,PUG,3252,1268,1984,2247,527,454,3,0,1,1,1,7,11,2632,620,ITF,ITF4,16,Puglia,Puglia,4029053,633158,15.71,0.08
2513,2021-05-11,PUG,32086,14112,17974,378,384,44,3504,4784,6238,2342,13315,494,603,13827,18259,ITF,ITF4,16,Puglia,Puglia,4029053,665244,16.51,0.8
2514,2021-03-19,PUG,7950,3647,4303,1762,280,70,261,13,20,5382,74,66,22,3407,4543,ITF,ITF4,16,Puglia,Puglia,4029053,673194,16.71,0.2
2515,2021-03-29,PUG,12858,5996,6862,1596,590,241,1128,35,141,7966,683,409,69,6136,6722,ITF,ITF4,16,Puglia,Puglia,4029053,686052,17.03,0.32
2516,2021-03-13,PUG,10375,4100,6275,2158,280,131,3324,7,13,4129,46,255,32,8643,1732,ITF,ITF4,16,Puglia,Puglia,4029053,696427,17.29,0.26
2517,2021-01-28,PUG,5472,2277,3195,4789,339,327,3,3,0,0,0,6,5,472,5000,ITF,ITF4,16,Puglia,Puglia,4029053,701899,17.42,0.14
2518,2021-04-11,PUG,16438,7237,9201,330,87,14,118,354,1002,5467,8950,16,100,14782,1656,ITF,ITF4,16,Puglia,Puglia,4029053,718337,17.83,0.41
2519,2021-01-04,PUG,4505,2014,2491,4399,88,11,1,0,0,0,0,0,6,4505,0,ITF,ITF4,16,Puglia,Puglia,4029053,722842,17.94,0.11
2520,2021-02-03,PUG,5036,2005,3031,4369,476,185,3,2,0,0,0,1,0,730,4306,ITF,ITF4,16,Puglia,Puglia,4029053,727878,18.07,0.12
2521,2021-04-07,PUG,15267,6752,8515,1146,446,167,363,182,557,8699,3313,146,248,8598,6669,ITF,ITF4,16,Puglia,Puglia,4029053,743145,18.44,0.38
2522,2021-04-08,PUG,17432,7563,9869,1031,328,181,506,218,838,9742,4341,87,160,11259,6173,ITF,ITF4,16,Puglia,Puglia,4029053,760577,18.88,0.43
2523,2021-03-17,PUG,10274,4683,5591,1795,464,64,70,28,37,7680,39,51,46,4170,6104,ITF,ITF4,16,Puglia,Puglia,4029053,770851,19.13,0.25
2524,2021-05-24,PUG,30872,14365,16507,277,231,64,2350,6011,2378,483,5984,526,12568,21866,9006,ITF,ITF4,16,Puglia,Puglia,4029053,801723,19.9,0.77
2525,2021-02-26,PUG,13712,5026,8686,2133,682,298,4689,10,9,5229,18,621,23,12678,1034,ITF,ITF4,16,Puglia,Puglia,4029053,815435,20.24,0.34
2526,2021-01-19,PUG,1221,452,769,531,113,577,0,0,0,0,0,0,0,1211,10,ITF,ITF4,16,Puglia,Puglia,4029053,816656,20.27,0.03
2527,2021-03-02,PUG,16325,6057,10268,1401,664,113,8193,17,17,4353,7,1545,15,15028,1297,ITF,ITF4,16,Puglia,Puglia,4029053,832981,20.67,0.41
2528,2021-01-23,PUG,3040,1294,1746,2526,176,309,1,3,6,14,0,0,5,886,2154,ITF,ITF4,16,Puglia,Puglia,4029053,836021,20.75,0.08
2529,2021-01-18,PUG,1845,770,1075,1183,215,444,0,0,0,1,0,1,1,1496,349,ITF,ITF4,16,Puglia,Puglia,4029053,837866,20.8,0.05
2530,2021-01-06,PUG,3945,1668,2277,3316,224,372,0,11,1,0,0,0,21,3945,0,ITF,ITF4,16,Puglia,Puglia,4029053,841811,20.89,0.1
2531,2021-01-08,PUG,5591,2346,3245,4877,374,328,3,0,0,0,4,4,1,5591,0,ITF,ITF4,16,Puglia,Puglia,4029053,847402,21.03,0.14
2532,2021-03-01,PUG,15085,5858,9227,1974,724,83,5174,7,15,6182,5,899,22,13715,1370,ITF,ITF4,16,Puglia,Puglia,4029053,862487,21.41,0.37
2533,2021-04-30,PUG,34445,15392,19053,807,428,194,167,4112,8243,7021,12871,127,475,22575,11870,ITF,ITF4,16,Puglia,Puglia,4029053,896932,22.26,0.85
2534,2021-03-06,PUG,15925,5951,9974,2178,474,99,7072,15,14,5467,24,567,15,13856,2069,ITF,ITF4,16,Puglia,Puglia,4029053,912857,22.66,0.4
2535,2020-12-31,PUG,1634,782,852,1548,38,44,3,0,1,0,0,0,0,1634,0,ITF,ITF4,16,Puglia,Puglia,4029053,914491,22.7,0.04
2536,2021-03-27,PUG,12124,5696,6428,971,592,70,1379,35,92,7557,1116,236,76,6969,5155,ITF,ITF4,16,Puglia,Puglia,4029053,926615,23.0,0.3
2537,2021-04-22,PUG,22851,10441,12410,790,283,217,118,1851,9142,4164,5942,55,289,17987,4864,ITF,ITF4,16,Puglia,Puglia,4029053,949466,23.57,0.57
2538,2021-02-09,PUG,3840,1570,2270,2534,661,622,6,2,3,9,1,0,2,2168,1672,ITF,ITF4,16,Puglia,Puglia,4029053,953306,23.66,0.1
2539,2021-02-28,PUG,6019,1800,4219,561,137,26,3540,6,3,1545,1,194,6,5833,186,ITF,ITF4,16,Puglia,Puglia,4029053,959325,23.81,0.15
2540,2021-03-26,PUG,11461,5348,6113,1614,919,287,1356,38,119,6466,100,443,119,6816,4645,ITF,ITF4,16,Puglia,Puglia,4029053,970786,24.09,0.28
2541,2021-01-31,PUG,1811,826,985,1503,103,200,2,1,0,2,0,0,0,73,1738,ITF,ITF4,16,Puglia,Puglia,4029053,972597,24.14,0.04
2542,2021-04-04,PUG,5939,2953,2986,98,25,7,48,29,46,286,5323,26,51,5933,6,ITF,ITF4,16,Puglia,Puglia,4029053,978536,24.29,0.15
2543,2021-01-16,PUG,2507,1033,1474,1682,300,518,1,1,1,0,0,0,4,2507,0,ITF,ITF4,16,Puglia,Puglia,4029053,981043,24.35,0.06
2544,2021-04-05,PUG,12682,6163,6519,57,59,4,30,59,239,943,11210,12,69,12148,534,ITF,ITF4,16,Puglia,Puglia,4029053,993725,24.66,0.31
2545,2021-01-15,PUG,4552,1866,2686,3599,369,558,4,2,0,1,1,13,5,4552,0,ITF,ITF4,16,Puglia,Puglia,4029053,998277,24.78,0.11
2546,2021-05-14,PUG,44231,20168,24063,464,311,143,2989,14531,5067,1646,13638,562,4880,28384,15847,ITF,ITF4,16,Puglia,Puglia,4029053,1042508,25.87,1.1
2547,2021-04-01,PUG,13481,6149,7332,1248,453,221,1036,85,329,8073,1579,322,135,7140,6341,ITF,ITF4,16,Puglia,Puglia,4029053,1055989,26.21,0.33
2548,2021-01-11,PUG,3753,1589,2164,3225,336,175,2,4,0,0,0,6,5,3753,0,ITF,ITF4,16,Puglia,Puglia,4029053,1059742,26.3,0.09
2549,2021-02-21,PUG,2176,472,1704,537,73,49,1460,1,5,32,0,12,7,2115,61,ITF,ITF4,16,Puglia,Puglia,4029053,1061918,26.36,0.05
2550,2021-01-20,PUG,1546,541,1005,781,125,627,0,0,3,9,0,0,1,1538,8,ITF,ITF4,16,Puglia,Puglia,4029053,1063464,26.39,0.04
2551,2021-01-02,PUG,2948,1300,1648,2829,91,23,4,0,0,0,0,0,1,2948,0,ITF,ITF4,16,Puglia,Puglia,4029053,1066412,26.47,0.07
2552,2021-02-02,PUG,4342,1845,2497,3632,389,317,3,1,0,0,0,0,0,593,3749,ITF,ITF4,16,Puglia,Puglia,4029053,1070754,26.58,0.11
2553,2021-03-11,PUG,14373,6190,8183,2920,935,515,3691,6,8,5277,9,992,20,11265,3108,ITF,ITF4,16,Puglia,Puglia,4029053,1085127,26.93,0.36
2554,2021-04-18,PUG,22514,10765,11749,82,42,4,9,4037,9374,1441,7315,12,198,21451,1063,ITF,ITF4,16,Puglia,Puglia,4029053,1107641,27.49,0.56
2555,2020-12-27,PUG,509,252,257,440,6,63,0,0,0,0,0,0,0,509,0,ITF,ITF4,16,Puglia,Puglia,4029053,1108150,27.5,0.01
2556,2021-02-17,PUG,4271,1744,2527,2480,1182,598,1,0,1,2,1,1,5,3670,601,ITF,ITF4,16,Puglia,Puglia,4029053,1112421,27.61,0.11
2557,2021-04-21,PUG,23001,10611,12390,681,246,61,377,1963,12318,2782,4322,115,136,19269,3732,ITF,ITF4,16,Puglia,Puglia,4029053,1135422,28.18,0.57
2558,2021-05-04,PUG,34593,14581,20012,614,230,61,3970,5385,9407,3227,11061,324,314,18255,16338,ITF,ITF4,16,Puglia,Puglia,4029053,1170015,29.04,0.86
2559,2021-05-09,PUG,30403,12448,17955,141,211,17,5732,7670,3139,2019,10762,100,612,14894,15509,ITF,ITF4,16,Puglia,Puglia,4029053,1200418,29.79,0.75
2560,2021-03-24,PUG,12974,5981,6993,1908,628,192,1544,29,58,7924,89,497,105,5718,7256,ITF,ITF4,16,Puglia,Puglia,4029053,1213392,30.12,0.32
2561,2021-03-23,PUG,10407,4996,5411,1853,417,51,991,29,44,6098,54,746,124,3940,6467,ITF,ITF4,16,Puglia,Puglia,4029053,1223799,30.37,0.26
2562,2021-02-16,PUG,3379,1452,1927,2156,740,412,2,7,0,5,0,15,42,2735,644,ITF,ITF4,16,Puglia,Puglia,4029053,1227178,30.46,0.08
2563,2021-03-14,PUG,3317,1429,1888,956,91,107,1003,28,10,977,9,43,93,2506,811,ITF,ITF4,16,Puglia,Puglia,4029053,1230495,30.54,0.08
2564,2021-04-27,PUG,26455,11976,14479,655,263,319,239,5222,7455,4198,7755,64,285,20860,5595,ITF,ITF4,16,Puglia,Puglia,4029053,1256950,31.2,0.66
2565,2021-04-24,PUG,29165,13271,15894,553,298,94,75,2520,11269,3617,10272,32,435,25215,3950,ITF,ITF4,16,Puglia,Puglia,4029053,1286115,31.92,0.72
2566,2021-04-02,PUG,12584,5764,6820,894,398,299,697,128,649,7478,1505,193,343,8066,4518,ITF,ITF4,16,Puglia,Puglia,4029053,1298699,32.23,0.31
2567,2021-01-12,PUG,4212,1772,2440,3639,343,218,5,2,3,1,0,0,1,4212,0,ITF,ITF4,16,Puglia,Puglia,4029053,1302911,32.34,0.1
2568,2021-04-12,PUG,29062,13689,15373,505,242,32,158,2205,14834,4872,5847,151,216,26238,2824,ITF,ITF4,16,Puglia,Puglia,4029053,1331973,33.06,0.72
2569,2021-01-25,PUG,3823,1680,2143,3473,170,169,1,1,0,2,1,0,6,423,3400,ITF,ITF4,16,Puglia,Puglia,4029053,1335796,33.15,0.09
2570,2021-05-12,PUG,35916,15935,19981,193,417,220,3409,12201,3856,1866,10812,520,2422,23553,12363,ITF,ITF4,16,Puglia,Puglia,4029053,1371712,34.05,0.89
2571,2021-01-01,PUG,147,60,87,146,1,0,0,0,0,0,0,0,0,147,0,ITF,ITF4,16,Puglia,Puglia,4029053,1371859,34.05,0.0
2572,2021-02-11,PUG,3699,1402,2297,2577,391,725,2,0,0,0,0,0,4,2422,1277,ITF,ITF4,16,Puglia,Puglia,4029053,1375558,34.14,0.09
2573,2021-03-09,PUG,13192,5749,7443,1883,714,229,3558,16,9,5628,10,1090,55,11185,2007,ITF,ITF4,16,Puglia,Puglia,4029053,1388750,34.47,0.33
2574,2021-03-04,PUG,15075,5881,9194,1539,589,325,6305,20,15,4778,9,1465,30,13687,1388,ITF,ITF4,16,Puglia,Puglia,4029053,1403825,34.84,0.37
2575,2021-04-29,PUG,25755,11916,13839,557,395,133,70,3044,9111,4117,7962,33,333,19123,6632,ITF,ITF4,16,Puglia,Puglia,4029053,1429580,35.48,0.64
2576,2021-03-12,PUG,13925,6105,7820,3283,1137,432,3033,8,16,5007,9,988,12,9999,3926,ITF,ITF4,16,Puglia,Puglia,4029053,1443505,35.83,0.35
2577,2021-05-21,PUG,36818,17243,19575,374,364,78,1938,8705,2280,902,10262,855,11060,27554,9264,ITF,ITF4,16,Puglia,Puglia,4029053,1480323,36.74,0.91
2578,2021-01-07,PUG,5716,2456,3260,5220,263,217,3,4,0,0,2,7,0,5716,0,ITF,ITF4,16,Puglia,Puglia,4029053,1486039,36.88,0.14
2579,2021-02-22,PUG,9627,4534,5093,1442,652,140,317,14,19,6809,5,218,11,9295,332,ITF,ITF4,16,Puglia,Puglia,4029053,1495666,37.12,0.24
2580,2021-02-08,PUG,3992,1610,2382,2965,605,389,1,1,0,1,1,26,3,1597,2395,ITF,ITF4,16,Puglia,Puglia,4029053,1499658,37.22,0.1
2581,2021-02-01,PUG,3965,1659,2306,3447,287,208,5,4,0,0,0,6,8,375,3590,ITF,ITF4,16,Puglia,Puglia,4029053,1503623,37.32,0.1
2582,2021-02-20,PUG,2969,1080,1889,2113,236,168,426,0,2,9,1,4,10,2713,256,ITF,ITF4,16,Puglia,Puglia,4029053,1506592,37.39,0.07
2583,2021-04-10,PUG,30707,13021,17686,637,238,122,283,628,1597,11832,14984,149,237,26485,4222,ITF,ITF4,16,Puglia,Puglia,4029053,1537299,38.16,0.76
2584,2021-02-05,PUG,5634,2273,3361,4572,512,526,6,0,0,0,0,14,4,1332,4302,ITF,ITF4,16,Puglia,Puglia,4029053,1542933,38.3,0.14
2585,2021-03-22,PUG,9346,4551,4795,612,368,12,1072,10,38,6753,52,363,66,3702,5644,ITF,ITF4,16,Puglia,Puglia,4029053,1552279,38.53,0.23
2586,2021-02-27,PUG,14205,4807,9398,1608,680,181,6197,15,8,5120,17,366,13,12981,1224,ITF,ITF4,16,Puglia,Puglia,4029053,1566484,38.88,0.35
2587,2021-05-05,PUG,38658,16885,21773,557,224,135,3679,11941,6032,3253,11771,713,353,24549,14109,ITF,ITF4,16,Puglia,Puglia,4029053,1605142,39.84,0.96
2588,2021-01-17,PUG,1308,590,718,818,154,336,0,0,0,0,0,0,0,1239,69,ITF,ITF4,16,Puglia,Puglia,4029053,1606450,39.87,0.03
2589,2021-03-31,PUG,14033,6349,7684,1790,564,177,812,30,191,8642,1346,372,109,8479,5554,ITF,ITF4,16,Puglia,Puglia,4029053,1620483,40.22,0.35
2590,2021-02-06,PUG,4545,1927,2618,3503,484,551,4,0,1,0,0,0,2,1589,2956,ITF,ITF4,16,Puglia,Puglia,4029053,1625028,40.33,0.11
2591,2021-02-04,PUG,5898,2357,3541,4444,792,654,6,0,0,0,1,0,1,1167,4731,ITF,ITF4,16,Puglia,Puglia,4029053,1630926,40.48,0.15
2592,2021-05-17,PUG,31959,14638,17321,274,511,81,3515,8814,2322,941,8107,705,6689,20378,11581,ITF,ITF4,16,Puglia,Puglia,4029053,1662885,41.27,0.79
2593,2021-04-16,PUG,35733,16787,18946,694,284,139,214,4918,14923,4588,9547,102,324,32451,3282,ITF,ITF4,16,Puglia,Puglia,4029053,1698618,42.16,0.89
2594,2021-05-02,PUG,21156,9592,11564,94,92,17,39,3953,4831,3489,8311,20,310,13907,7249,ITF,ITF4,16,Puglia,Puglia,4029053,1719774,42.68,0.53
2595,2021-05-19,PUG,25384,12027,13357,226,252,54,1543,7113,1383,550,5834,898,7531,19227,6157,ITF,ITF4,16,Puglia,Puglia,4029053,1745158,43.31,0.63
2596,2021-05-22,PUG,32952,15118,17834,188,364,53,3318,6481,1853,890,7892,163,11750,23211,9741,ITF,ITF4,16,Puglia,Puglia,4029053,1778110,44.13,0.82
2597,2021-03-28,PUG,3525,1650,1875,638,151,47,120,6,11,2016,520,4,12,1200,2325,ITF,ITF4,16,Puglia,Puglia,4029053,1781635,44.22,0.09
2598,2021-04-17,PUG,39718,18800,20918,531,172,87,182,4787,13040,5030,15319,94,476,36153,3565,ITF,ITF4,16,Puglia,Puglia,4029053,1821353,45.21,0.99
2599,2021-03-10,PUG,14395,6241,8154,2593,1083,355,3094,6,33,6546,7,657,21,11276,3119,ITF,ITF4,16,Puglia,Puglia,4029053,1835748,45.56,0.36
2600,2021-02-18,PUG,4378,1846,2532,2715,960,680,2,1,1,5,1,11,2,3774,604,ITF,ITF4,16,Puglia,Puglia,4029053,1840126,45.67,0.11
2601,2021-04-03,PUG,10489,4604,5885,919,238,135,541,120,365,5421,2440,18,292,6941,3548,ITF,ITF4,16,Puglia,Puglia,4029053,1850615,45.93,0.26
2602,2021-04-06,PUG,13518,5999,7519,750,380,250,221,88,488,8449,2674,131,87,6826,6692,ITF,ITF4,16,Puglia,Puglia,4029053,1864133,46.27,0.34
2603,2021-04-15,PUG,32320,15068,17252,560,226,87,120,4272,13253,5174,8205,97,326,28822,3498,ITF,ITF4,16,Puglia,Puglia,4029053,1896453,47.07,0.8
2604,2021-02-19,PUG,4730,2010,2720,3065,1190,389,7,2,1,2,0,49,25,4339,391,ITF,ITF4,16,Puglia,Puglia,4029053,1901183,47.19,0.12
2605,2021-04-28,PUG,19531,8736,10795,338,164,94,85,2223,7612,3231,5616,57,111,14819,4712,ITF,ITF4,16,Puglia,Puglia,4029053,1920714,47.67,0.48
2606,2021-02-14,PUG,787,348,439,683,32,70,1,0,0,0,0,1,0,663,124,ITF,ITF4,16,Puglia,Puglia,4029053,1921501,47.69,0.02
2607,2021-03-16,PUG,9864,4683,5181,2201,554,91,40,21,22,6639,131,142,23,3508,6356,ITF,ITF4,16,Puglia,Puglia,4029053,1931365,47.94,0.24
2608,2021-01-03,PUG,2007,943,1064,1818,38,145,1,1,1,0,3,0,0,2007,0,ITF,ITF4,16,Puglia,Puglia,4029053,1933372,47.99,0.05
2609,2021-04-09,PUG,21803,9368,12435,1116,548,171,419,473,1165,9767,7672,146,326,17182,4621,ITF,ITF4,16,Puglia,Puglia,4029053,1955175,48.53,0.54
2610,2021-02-25,PUG,11951,5051,6900,1748,766,420,2431,19,15,5784,2,731,35,10790,1161,ITF,ITF4,16,Puglia,Puglia,4029053,1967126,48.82,0.3
2611,2021-05-03,PUG,33050,14756,18294,472,322,188,1452,11364,6023,3492,9408,80,249,22444,10606,ITF,ITF4,16,Puglia,Puglia,4029053,2000176,49.64,0.82
2612,2021-04-13,PUG,28593,13552,15041,661,252,61,118,4546,10796,5331,6362,122,344,25196,3397,ITF,ITF4,16,Puglia,Puglia,4029053,2028769,50.35,0.71
2613,2021-01-26,PUG,5360,2397,2963,4851,270,232,0,2,1,1,0,0,3,571,4789,ITF,ITF4,16,Puglia,Puglia,4029053,2034129,50.49,0.13
2614,2021-01-05,PUG,5104,2249,2855,4787,179,98,4,9,9,5,0,0,13,5104,0,ITF,ITF4,16,Puglia,Puglia,4029053,2039233,50.61,0.13
2615,2021-03-30,PUG,11838,5486,6352,1335,494,266,960,48,165,7130,1013,372,55,5968,5870,ITF,ITF4,16,Puglia,Puglia,4029053,2051071,50.91,0.29
2616,2021-01-10,PUG,2348,1061,1287,2037,106,202,0,2,0,0,1,0,0,2348,0,ITF,ITF4,16,Puglia,Puglia,4029053,2053419,50.97,0.06
2617,2020-12-30,PUG,1,0,1,1,0,0,0,0,0,0,0,0,0,1,0,ITF,ITF4,16,Puglia,Puglia,4029053,2053420,50.97,0.0
2618,2021-04-23,PUG,29178,13547,15631,756,262,295,104,2455,12975,4519,7226,195,391,23973,5205,ITF,ITF4,16,Puglia,Puglia,4029053,2082598,51.69,0.72
2619,2021-03-25,PUG,10884,5287,5597,1274,671,184,656,22,50,7199,64,678,86,4652,6232,ITF,ITF4,16,Puglia,Puglia,4029053,2093482,51.96,0.27
2620,2021-02-07,PUG,1578,669,909,1039,227,309,1,0,2,0,0,0,0,253,1325,ITF,ITF4,16,Puglia,Puglia,4029053,2095060,52.0,0.04
2621,2021-05-01,PUG,27351,12535,14816,175,166,83,29,3399,5506,3972,13594,15,412,16715,10636,ITF,ITF4,16,Puglia,Puglia,4029053,2122411,52.68,0.68
2622,2021-04-14,CAL,7945,3841,4104,172,185,141,174,209,1533,1524,3820,74,113,6492,1453,ITF,ITF6,18,Calabria,Calabria,1947131,7945,0.41,0.41
2623,2021-01-30,CAL,2176,1149,1027,1976,190,0,0,3,0,1,0,0,6,358,1818,ITF,ITF6,18,Calabria,Calabria,1947131,10121,0.52,0.11
2624,2021-04-02,CAL,8023,3663,4360,361,135,603,1153,115,176,2765,2243,197,275,4199,3824,ITF,ITF6,18,Calabria,Calabria,1947131,18144,0.93,0.41
2625,2021-05-06,CAL,13224,6257,6967,322,307,143,465,2328,2021,854,6175,74,535,8944,4280,ITF,ITF6,18,Calabria,Calabria,1947131,31368,1.61,0.68
2626,2021-01-12,CAL,2061,1019,1042,1709,237,29,0,21,1,19,0,0,45,2061,0,ITF,ITF6,18,Calabria,Calabria,1947131,33429,1.72,0.11
2627,2021-05-22,CAL,21901,10442,11459,206,326,183,230,1805,1662,615,10024,439,6411,14061,7840,ITF,ITF6,18,Calabria,Calabria,1947131,55330,2.84,1.12
2628,2021-05-20,CAL,16905,8440,8465,191,295,38,129,1497,1358,466,6857,818,5256,11290,5615,ITF,ITF6,18,Calabria,Calabria,1947131,72235,3.71,0.87
2629,2021-04-04,CAL,1733,876,857,34,23,21,64,249,266,505,516,2,53,1233,500,ITF,ITF6,18,Calabria,Calabria,1947131,73968,3.8,0.09
2630,2021-02-25,CAL,2785,1499,1286,736,226,210,4,41,15,971,37,415,130,2207,578,ITF,ITF6,18,Calabria,Calabria,1947131,76753,3.94,0.14
2631,2021-02-11,CAL,2331,1041,1290,1454,372,241,0,25,18,156,0,0,65,1081,1250,ITF,ITF6,18,Calabria,Calabria,1947131,79084,4.06,0.12
2632,2021-03-07,CAL,3138,1567,1571,105,33,348,2,10,31,1741,476,368,24,3049,89,ITF,ITF6,18,Calabria,Calabria,1947131,82222,4.22,0.16
2633,2021-03-16,CAL,3761,1845,1916,459,202,23,30,49,78,2129,590,67,134,2174,1587,ITF,ITF6,18,Calabria,Calabria,1947131,85983,4.42,0.19
2634,2021-05-15,CAL,26636,12737,13899,266,429,90,181,2579,2478,900,11995,192,7526,19879,6757,ITF,ITF6,18,Calabria,Calabria,1947131,112619,5.78,1.37
2635,2021-05-13,CAL,15840,7586,8254,211,282,148,171,1574,1445,644,7049,152,4164,11213,4627,ITF,ITF6,18,Calabria,Calabria,1947131,128459,6.6,0.81
2636,2021-03-19,CAL,4187,1948,2239,491,121,294,102,64,114,2007,884,13,97,1900,2287,ITF,ITF6,18,Calabria,Calabria,1947131,132646,6.81,0.22
2637,2021-03-08,CAL,5310,2811,2499,708,244,453,3,48,63,1552,1137,843,259,4252,1058,ITF,ITF6,18,Calabria,Calabria,1947131,137956,7.09,0.27
2638,2021-05-18,CAL,15526,7774,7752,201,418,35,143,1301,1071,361,5837,712,5447,12060,3466,ITF,ITF6,18,Calabria,Calabria,1947131,153482,7.88,0.8
2639,2021-01-29,CAL,2043,984,1059,1749,231,47,0,3,3,1,0,0,9,230,1813,ITF,ITF6,18,Calabria,Calabria,1947131,155525,7.99,0.1
2640,2021-01-27,CAL,1456,733,723,1225,201,23,0,4,0,0,0,0,3,396,1060,ITF,ITF6,18,Calabria,Calabria,1947131,156981,8.06,0.07
2641,2021-03-20,CAL,6454,2975,3479,432,99,406,455,73,122,3574,1010,74,209,4066,2388,ITF,ITF6,18,Calabria,Calabria,1947131,163435,8.39,0.33
2642,2021-01-22,CAL,658,274,384,298,146,112,0,37,29,4,0,0,32,656,2,ITF,ITF6,18,Calabria,Calabria,1947131,164093,8.43,0.03
2643,2021-05-16,CAL,13764,6718,7046,191,287,20,136,1359,1078,469,5553,129,4542,9959,3805,ITF,ITF6,18,Calabria,Calabria,1947131,177857,9.13,0.71
2644,2020-12-27,CAL,281,156,125,280,1,0,0,0,0,0,0,0,0,281,0,ITF,ITF6,18,Calabria,Calabria,1947131,178138,9.15,0.01
2645,2021-03-18,CAL,4243,1979,2264,360,209,232,45,65,114,2310,754,58,96,2274,1969,ITF,ITF6,18,Calabria,Calabria,1947131,182381,9.37,0.22
2646,2021-05-21,CAL,21274,10829,10445,258,731,80,226,1734,1514,431,8993,941,6366,13943,7331,ITF,ITF6,18,Calabria,Calabria,1947131,203655,10.46,1.09
2647,2021-03-31,CAL,8819,4007,4812,377,284,652,2048,145,193,2692,1988,118,322,4883,3936,ITF,ITF6,18,Calabria,Calabria,1947131,212474,10.91,0.45
2648,2021-02-08,CAL,1847,733,1114,1214,406,121,0,14,1,0,0,0,91,661,1186,ITF,ITF6,18,Calabria,Calabria,1947131,214321,11.01,0.09
2649,2021-02-24,CAL,1847,942,905,659,108,114,4,16,10,754,84,50,48,1372,475,ITF,ITF6,18,Calabria,Calabria,1947131,216168,11.1,0.09
2650,2021-04-21,CAL,11475,5778,5697,260,201,196,236,1607,2284,1123,5160,187,221,8568,2907,ITF,ITF6,18,Calabria,Calabria,1947131,227643,11.69,0.59
2651,2021-05-17,CAL,15086,7536,7550,302,286,134,150,1619,1373,383,6004,749,4086,10365,4721,ITF,ITF6,18,Calabria,Calabria,1947131,242729,12.47,0.77
2652,2021-01-09,CAL,1920,1037,883,1532,316,0,0,26,2,1,0,0,43,1920,0,ITF,ITF6,18,Calabria,Calabria,1947131,244649,12.56,0.1
2653,2021-01-21,CAL,960,445,515,737,82,115,0,4,2,0,0,0,20,930,30,ITF,ITF6,18,Calabria,Calabria,1947131,245609,12.61,0.05
2654,2021-03-14,CAL,2544,1020,1524,322,104,312,721,15,30,812,128,30,70,2142,402,ITF,ITF6,18,Calabria,Calabria,1947131,248153,12.74,0.13
2655,2021-05-07,CAL,15883,7486,8397,353,343,286,539,2356,2111,1183,7879,137,696,9683,6200,ITF,ITF6,18,Calabria,Calabria,1947131,264036,13.56,0.82
2656,2021-04-11,CAL,4085,1864,2221,137,49,51,166,60,209,1726,1620,12,55,2144,1941,ITF,ITF6,18,Calabria,Calabria,1947131,268121,13.77,0.21
2657,2021-03-05,CAL,6142,3542,2600,694,253,708,5,46,61,2011,878,1390,96,5570,572,ITF,ITF6,18,Calabria,Calabria,1947131,274263,14.09,0.32
2658,2021-04-24,CAL,18927,9445,9482,288,230,146,113,6004,3557,1941,6103,230,315,15532,3395,ITF,ITF6,18,Calabria,Calabria,1947131,293190,15.06,0.97
2659,2021-04-18,CAL,5771,2760,3011,148,88,102,79,130,1432,1204,2528,12,48,4892,879,ITF,ITF6,18,Calabria,Calabria,1947131,298961,15.35,0.3
2660,2021-02-28,CAL,2166,983,1183,113,39,190,0,10,24,1706,28,6,50,2015,151,ITF,ITF6,18,Calabria,Calabria,1947131,301127,15.47,0.11
2661,2021-02-09,CAL,2145,904,1241,1422,394,230,0,20,5,0,0,0,74,947,1198,ITF,ITF6,18,Calabria,Calabria,1947131,303272,15.58,0.11
2662,2021-02-06,CAL,2906,1337,1569,2093,367,247,0,45,9,10,0,0,135,442,2464,ITF,ITF6,18,Calabria,Calabria,1947131,306178,15.72,0.15
2663,2021-02-05,CAL,3798,1709,2089,2330,744,554,0,41,8,3,0,0,118,489,3309,ITF,ITF6,18,Calabria,Calabria,1947131,309976,15.92,0.2
2664,2021-04-17,CAL,10648,4994,5654,211,138,218,118,303,2653,2178,4533,98,198,8934,1714,ITF,ITF6,18,Calabria,Calabria,1947131,320624,16.47,0.55
2665,2021-02-04,CAL,3391,1623,1768,2560,505,222,0,23,6,7,0,0,68,643,2748,ITF,ITF6,18,Calabria,Calabria,1947131,324015,16.64,0.17
2666,2021-01-17,CAL,867,418,449,527,121,48,0,17,4,33,0,0,117,801,66,ITF,ITF6,18,Calabria,Calabria,1947131,324882,16.69,0.04
2667,2021-05-05,CAL,13578,6506,7072,380,171,198,234,1913,1769,1205,6789,108,811,8473,5105,ITF,ITF6,18,Calabria,Calabria,1947131,338460,17.38,0.7
2668,2021-04-25,CAL,15815,8027,7788,149,314,121,122,5767,2979,743,4586,273,761,14697,1118,ITF,ITF6,18,Calabria,Calabria,1947131,354275,18.19,0.81
2669,2021-03-03,CAL,4863,2652,2211,631,351,913,4,38,43,1406,462,934,81,3802,1061,ITF,ITF6,18,Calabria,Calabria,1947131,359138,18.44,0.25
2670,2021-04-06,CAL,7215,3245,3970,377,163,453,802,103,244,2462,2369,51,191,4132,3083,ITF,ITF6,18,Calabria,Calabria,1947131,366353,18.82,0.37
2671,2021-04-26,CAL,10253,5157,5096,223,141,409,112,1387,1658,939,4856,401,127,7882,2371,ITF,ITF6,18,Calabria,Calabria,1947131,376606,19.34,0.53
2672,2021-02-27,CAL,3671,1908,1763,421,194,396,2,24,40,2069,96,346,83,3293,378,ITF,ITF6,18,Calabria,Calabria,1947131,380277,19.53,0.19
2673,2021-04-16,CAL,10124,4952,5172,332,213,287,233,253,2329,1095,5020,133,229,8528,1596,ITF,ITF6,18,Calabria,Calabria,1947131,390401,20.05,0.52
2674,2021-03-28,CAL,2532,1172,1360,127,109,31,412,74,66,785,738,15,175,1401,1131,ITF,ITF6,18,Calabria,Calabria,1947131,392933,20.18,0.13
2675,2021-05-19,CAL,18430,9128,9302,172,332,152,156,1699,1646,470,7715,749,5339,11415,7015,ITF,ITF6,18,Calabria,Calabria,1947131,411363,21.13,0.95
2676,2021-04-28,CAL,12451,6019,6432,174,152,237,167,2322,2215,608,6249,91,236,9659,2792,ITF,ITF6,18,Calabria,Calabria,1947131,423814,21.77,0.64
2677,2021-03-04,CAL,5435,3158,2277,645,251,742,2,62,46,1636,631,1287,133,4641,794,ITF,ITF6,18,Calabria,Calabria,1947131,429249,22.05,0.28
2678,2021-01-31,CAL,1107,555,552,764,282,58,0,1,0,0,0,0,2,154,953,ITF,ITF6,18,Calabria,Calabria,1947131,430356,22.1,0.06
2679,2021-02-18,CAL,1798,802,996,587,369,298,61,7,6,385,11,0,74,1573,225,ITF,ITF6,18,Calabria,Calabria,1947131,432154,22.19,0.09
2680,2021-04-15,CAL,7385,3626,3759,159,153,160,199,145,1660,1064,3695,34,116,5784,1601,ITF,ITF6,18,Calabria,Calabria,1947131,439539,22.57,0.38
2681,2021-02-19,CAL,1462,652,810,544,208,195,0,9,9,423,57,1,16,1201,261,ITF,ITF6,18,Calabria,Calabria,1947131,441001,22.65,0.08
2682,2021-04-12,CAL,6689,3264,3425,219,136,274,104,105,854,1438,3429,37,93,5091,1598,ITF,ITF6,18,Calabria,Calabria,1947131,447690,22.99,0.34
2683,2021-02-13,CAL,1329,583,746,731,144,111,0,31,9,166,0,0,137,966,363,ITF,ITF6,18,Calabria,Calabria,1947131,449019,23.06,0.07
2684,2021-01-25,CAL,1066,513,553,1023,35,0,0,0,1,0,0,0,7,148,918,ITF,ITF6,18,Calabria,Calabria,1947131,450085,23.12,0.05
2685,2021-03-10,CAL,6448,3270,3178,742,531,600,62,79,53,2210,1023,797,351,5227,1221,ITF,ITF6,18,Calabria,Calabria,1947131,456533,23.45,0.33
2686,2021-02-12,CAL,1708,667,1041,813,300,136,0,64,32,209,0,0,154,943,765,ITF,ITF6,18,Calabria,Calabria,1947131,458241,23.53,0.09
2687,2021-05-08,CAL,18138,8265,9873,286,326,74,295,1945,2519,2700,8880,227,886,10454,7684,ITF,ITF6,18,Calabria,Calabria,1947131,476379,24.47,0.93
2688,2021-05-23,CAL,11349,5548,5801,99,223,70,130,854,881,393,4653,299,3747,7013,4336,ITF,ITF6,18,Calabria,Calabria,1947131,487728,25.05,0.58
2689,2021-01-11,CAL,2155,1041,1114,1760,301,3,0,17,4,39,0,0,31,2155,0,ITF,ITF6,18,Calabria,Calabria,1947131,489883,25.16,0.11
2690,2021-01-04,CAL,1051,517,534,1022,29,0,0,0,0,0,0,0,0,1051,0,ITF,ITF6,18,Calabria,Calabria,1947131,490934,25.21,0.05
2691,2021-03-15,CAL,3493,1664,1829,542,165,139,582,56,81,1180,431,172,145,2065,1428,ITF,ITF6,18,Calabria,Calabria,1947131,494427,25.39,0.18
2692,2021-01-14,CAL,2558,1215,1343,1963,349,3,0,61,24,47,0,0,111,2558,0,ITF,ITF6,18,Calabria,Calabria,1947131,496985,25.52,0.13
2693,2021-03-02,CAL,4126,2385,1741,705,202,429,2,25,24,1451,221,995,72,3417,709,ITF,ITF6,18,Calabria,Calabria,1947131,501111,25.74,0.21
2694,2021-04-09,CAL,7783,3652,4131,342,141,471,306,153,506,2127,3498,31,208,4860,2923,ITF,ITF6,18,Calabria,Calabria,1947131,508894,26.14,0.4
2695,2021-02-02,CAL,2287,1114,1173,1862,340,75,0,1,1,1,0,0,7,177,2110,ITF,ITF6,18,Calabria,Calabria,1947131,511181,26.25,0.12
2696,2021-04-05,CAL,3450,1629,1821,133,22,149,133,286,439,1179,1038,18,53,2553,897,ITF,ITF6,18,Calabria,Calabria,1947131,514631,26.43,0.18
2697,2021-03-25,CAL,6951,3283,3668,292,362,564,1100,96,124,2268,1836,80,229,4436,2515,ITF,ITF6,18,Calabria,Calabria,1947131,521582,26.79,0.36
2698,2021-02-07,CAL,858,427,431,565,121,81,0,10,0,0,0,0,81,146,712,ITF,ITF6,18,Calabria,Calabria,1947131,522440,26.83,0.04
2699,2021-04-23,CAL,12611,6264,6347,302,189,227,205,1707,2409,1199,5883,180,310,9368,3243,ITF,ITF6,18,Calabria,Calabria,1947131,535051,27.48,0.65
2700,2021-02-03,CAL,2763,1428,1335,2170,393,103,0,18,4,2,0,0,73,581,2182,ITF,ITF6,18,Calabria,Calabria,1947131,537814,27.62,0.14
2701,2021-01-13,CAL,2028,1022,1006,1800,152,34,0,14,4,4,0,0,20,2028,0,ITF,ITF6,18,Calabria,Calabria,1947131,539842,27.72,0.1
2702,2021-02-15,CAL,1136,538,598,499,120,164,1,11,20,294,4,0,23,988,148,ITF,ITF6,18,Calabria,Calabria,1947131,540978,27.78,0.06
2703,2021-01-10,CAL,929,524,405,830,99,0,0,0,0,0,0,0,0,929,0,ITF,ITF6,18,Calabria,Calabria,1947131,541907,27.83,0.05
2704,2021-01-23,CAL,400,186,214,325,25,23,0,2,0,1,0,0,24,358,42,ITF,ITF6,18,Calabria,Calabria,1947131,542307,27.85,0.02
2705,2021-02-10,CAL,2460,1075,1385,1468,338,357,0,56,25,72,0,0,144,837,1623,ITF,ITF6,18,Calabria,Calabria,1947131,544767,27.98,0.13
2706,2021-01-19,CAL,1108,488,620,852,105,76,0,11,11,14,0,0,39,1098,10,ITF,ITF6,18,Calabria,Calabria,1947131,545875,28.03,0.06
2707,2021-03-13,CAL,6663,2944,3719,424,161,355,685,93,43,3797,746,124,235,5670,993,ITF,ITF6,18,Calabria,Calabria,1947131,552538,28.38,0.34
2708,2021-04-27,CAL,9857,4854,5003,166,161,173,85,1990,1997,598,4477,74,136,7998,1859,ITF,ITF6,18,Calabria,Calabria,1947131,562395,28.88,0.51
2709,2021-03-01,CAL,2682,1527,1155,400,156,258,3,10,11,1053,70,650,71,2232,450,ITF,ITF6,18,Calabria,Calabria,1947131,565077,29.02,0.14
2710,2021-02-17,CAL,1680,672,1008,672,239,285,81,7,6,354,2,0,34,1469,211,ITF,ITF6,18,Calabria,Calabria,1947131,566757,29.11,0.09
2711,2021-01-06,CAL,928,501,427,822,92,0,0,5,0,0,0,0,9,928,0,ITF,ITF6,18,Calabria,Calabria,1947131,567685,29.15,0.05
2712,2021-04-03,CAL,8819,3787,5032,363,123,359,621,87,213,4978,1906,57,112,4201,4618,ITF,ITF6,18,Calabria,Calabria,1947131,576504,29.61,0.45
2713,2021-02-16,CAL,1567,650,917,678,193,277,0,14,23,334,1,0,47,1289,278,ITF,ITF6,18,Calabria,Calabria,1947131,578071,29.69,0.08
2714,2021-02-21,CAL,608,286,322,36,46,48,0,2,2,374,28,30,42,531,77,ITF,ITF6,18,Calabria,Calabria,1947131,578679,29.72,0.03
2715,2021-03-09,CAL,5838,3049,2789,802,267,461,18,65,72,1943,1122,942,146,4861,977,ITF,ITF6,18,Calabria,Calabria,1947131,584517,30.02,0.3
2716,2021-05-11,CAL,15112,7306,7806,250,291,149,208,1620,1802,963,6572,283,2974,10338,4774,ITF,ITF6,18,Calabria,Calabria,1947131,599629,30.8,0.78
2717,2021-03-29,CAL,5627,2380,3247,206,320,134,1575,134,160,1129,1672,71,226,3872,1755,ITF,ITF6,18,Calabria,Calabria,1947131,605256,31.08,0.29
2718,2021-04-29,CAL,11591,5632,5959,287,216,204,170,2067,1930,937,5558,49,173,8285,3306,ITF,ITF6,18,Calabria,Calabria,1947131,616847,31.68,0.6
2719,2021-03-12,CAL,5079,2432,2647,465,394,219,784,60,38,2146,412,401,160,4036,1043,ITF,ITF6,18,Calabria,Calabria,1947131,621926,31.94,0.26
2720,2021-05-24,CAL,17414,8679,8735,288,232,75,318,1658,1257,362,6498,1250,5476,9785,7629,ITF,ITF6,18,Calabria,Calabria,1947131,639340,32.83,0.89
2721,2021-02-20,CAL,1358,736,622,439,185,55,2,13,5,489,54,19,97,1043,315,ITF,ITF6,18,Calabria,Calabria,1947131,640698,32.9,0.07
2722,2021-02-01,CAL,2494,1191,1303,2043,357,43,0,14,2,1,0,0,34,243,2251,ITF,ITF6,18,Calabria,Calabria,1947131,643192,33.03,0.13
2723,2021-04-30,CAL,14679,7222,7457,311,299,327,283,2535,2423,883,7274,104,240,10598,4081,ITF,ITF6,18,Calabria,Calabria,1947131,657871,33.79,0.75
2724,2021-05-04,CAL,16274,7477,8797,302,244,184,531,3026,2105,1454,7990,91,347,11651,4623,ITF,ITF6,18,Calabria,Calabria,1947131,674145,34.62,0.84
2725,2021-01-07,CAL,2183,1063,1120,1885,212,0,0,20,4,0,0,0,62,2183,0,ITF,ITF6,18,Calabria,Calabria,1947131,676328,34.73,0.11
2726,2021-03-21,CAL,4354,1881,2473,135,38,199,741,76,92,2127,694,83,169,2655,1699,ITF,ITF6,18,Calabria,Calabria,1947131,680682,34.96,0.22
2727,2021-05-10,CAL,13128,6089,7039,311,283,179,298,1796,1939,651,6298,169,1204,7736,5392,ITF,ITF6,18,Calabria,Calabria,1947131,693810,35.63,0.67
2728,2021-02-23,CAL,1546,727,819,437,177,204,1,13,10,582,63,2,57,1431,115,ITF,ITF6,18,Calabria,Calabria,1947131,695356,35.71,0.08
2729,2021-03-06,CAL,7952,4057,3895,701,225,760,6,42,96,4056,1133,842,91,7197,755,ITF,ITF6,18,Calabria,Calabria,1947131,703308,36.12,0.41
2730,2021-01-28,CAL,2232,1108,1124,1921,283,0,0,2,1,0,0,0,25,82,2150,ITF,ITF6,18,Calabria,Calabria,1947131,705540,36.23,0.11
2731,2021-04-07,CAL,6361,2875,3486,193,71,400,539,136,217,2167,2466,33,139,3650,2711,ITF,ITF6,18,Calabria,Calabria,1947131,711901,36.56,0.33
2732,2021-02-26,CAL,3062,1632,1430,541,191,389,4,21,18,1362,85,370,81,2610,452,ITF,ITF6,18,Calabria,Calabria,1947131,714963,36.72,0.16
2733,2021-01-18,CAL,1259,566,693,1008,140,11,0,25,3,6,0,0,66,1043,216,ITF,ITF6,18,Calabria,Calabria,1947131,716222,36.78,0.06
2734,2021-03-17,CAL,3793,1686,2107,277,150,167,94,60,110,2243,609,31,52,2097,1696,ITF,ITF6,18,Calabria,Calabria,1947131,720015,36.98,0.19
2735,2021-05-12,CAL,16224,7843,8381,285,270,152,311,1554,1757,658,7792,177,3268,10892,5332,ITF,ITF6,18,Calabria,Calabria,1947131,736239,37.81,0.83
2736,2021-02-14,CAL,369,144,225,146,31,83,0,2,2,93,0,0,12,339,30,ITF,ITF6,18,Calabria,Calabria,1947131,736608,37.83,0.02
2737,2021-01-26,CAL,1802,858,944,1550,167,70,0,1,0,0,0,0,14,278,1524,ITF,ITF6,18,Calabria,Calabria,1947131,738410,37.92,0.09
2738,2021-04-13,CAL,6510,3206,3304,242,92,48,106,103,1278,1282,3088,153,118,5258,1252,ITF,ITF6,18,Calabria,Calabria,1947131,744920,38.26,0.33
2739,2021-03-27,CAL,8311,3773,4538,306,386,148,1400,126,178,3412,1871,66,418,4452,3859,ITF,ITF6,18,Calabria,Calabria,1947131,753231,38.68,0.43
2740,2021-04-22,CAL,9353,4665,4688,235,170,274,96,1450,1802,965,4107,41,213,6667,2686,ITF,ITF6,18,Calabria,Calabria,1947131,762584,39.16,0.48
2741,2021-01-03,CAL,6,3,3,4,2,0,0,0,0,0,0,0,0,6,0,ITF,ITF6,18,Calabria,Calabria,1947131,762590,39.16,0.0
2742,2021-01-08,CAL,2132,1020,1112,1918,203,0,0,3,0,0,0,0,8,2132,0,ITF,ITF6,18,Calabria,Calabria,1947131,764722,39.27,0.11
2743,2021-01-24,CAL,44,18,26,15,3,26,0,0,0,0,0,0,0,39,5,ITF,ITF6,18,Calabria,Calabria,1947131,764766,39.28,0.0
2744,2021-03-26,CAL,7646,3626,4020,511,371,218,1039,150,232,2563,2057,135,370,4528,3118,ITF,ITF6,18,Calabria,Calabria,1947131,772412,39.67,0.39
2745,2021-05-14,CAL,19856,9552,10304,303,319,130,372,1666,1808,683,9468,693,4414,13055,6801,ITF,ITF6,18,Calabria,Calabria,1947131,792268,40.69,1.02
2746,2021-01-16,CAL,2394,1120,1274,1664,264,241,0,49,12,9,0,0,155,2394,0,ITF,ITF6,18,Calabria,Calabria,1947131,794662,40.81,0.12
2747,2021-01-02,CAL,165,94,71,165,0,0,0,0,0,0,0,0,0,165,0,ITF,ITF6,18,Calabria,Calabria,1947131,794827,40.82,0.01
2748,2020-12-28,CAL,6,2,4,6,0,0,0,0,0,0,0,0,0,6,0,ITF,ITF6,18,Calabria,Calabria,1947131,794833,40.82,0.0
2749,2021-04-01,CAL,8322,3761,4561,455,247,680,1115,122,218,3043,1987,113,342,3838,4484,ITF,ITF6,18,Calabria,Calabria,1947131,803155,41.25,0.43
2750,2021-03-24,CAL,7431,3392,4039,387,289,698,1495,166,147,2605,1293,105,246,4255,3176,ITF,ITF6,18,Calabria,Calabria,1947131,810586,41.63,0.38
2751,2021-05-01,CAL,16460,7851,8609,176,277,49,326,2336,3044,2071,7755,108,318,12410,4050,ITF,ITF6,18,Calabria,Calabria,1947131,827046,42.48,0.85
2752,2021-03-23,CAL,5203,2441,2762,280,145,55,1083,98,74,2044,1077,102,245,3406,1797,ITF,ITF6,18,Calabria,Calabria,1947131,832249,42.74,0.27
2753,2021-01-05,CAL,1457,680,777,1321,123,0,0,2,0,0,0,0,11,1457,0,ITF,ITF6,18,Calabria,Calabria,1947131,833706,42.82,0.07
2754,2021-03-30,CAL,5789,2490,3299,166,103,213,1119,156,196,1989,1473,89,285,3195,2594,ITF,ITF6,18,Calabria,Calabria,1947131,839495,43.11,0.3
2755,2021-05-03,CAL,14657,6715,7942,317,217,334,545,2711,2113,769,7083,114,454,10536,4121,ITF,ITF6,18,Calabria,Calabria,1947131,854152,43.87,0.75
2756,2021-03-11,CAL,6877,3276,3601,935,474,572,600,120,88,2554,873,413,248,5620,1257,ITF,ITF6,18,Calabria,Calabria,1947131,861029,44.22,0.35
2757,2021-04-08,CAL,9307,4380,4927,451,178,535,304,206,563,3372,3429,44,225,5673,3634,ITF,ITF6,18,Calabria,Calabria,1947131,870336,44.7,0.48
2758,2021-04-10,CAL,11148,5023,6125,424,161,460,303,142,703,5581,3143,49,182,6339,4809,ITF,ITF6,18,Calabria,Calabria,1947131,881484,45.27,0.57
2759,2021-03-22,CAL,4702,2201,2501,195,125,148,1113,49,50,2001,804,77,140,3036,1666,ITF,ITF6,18,Calabria,Calabria,1947131,886186,45.51,0.24
2760,2021-04-20,CAL,7646,3851,3795,294,301,137,163,420,1711,1066,3145,115,294,6018,1628,ITF,ITF6,18,Calabria,Calabria,1947131,893832,45.91,0.39
2761,2021-01-15,CAL,2795,1258,1537,1692,349,412,0,54,19,44,0,0,225,2795,0,ITF,ITF6,18,Calabria,Calabria,1947131,896627,46.05,0.14
2762,2021-05-09,CAL,9619,4490,5129,145,316,77,186,1180,1362,598,5177,47,531,6134,3485,ITF,ITF6,18,Calabria,Calabria,1947131,906246,46.54,0.49
2763,2021-01-20,CAL,1397,624,773,866,127,179,0,41,14,25,0,0,145,1396,1,ITF,ITF6,18,Calabria,Calabria,1947131,907643,46.61,0.07
2764,2021-02-22,CAL,1996,1012,984,727,231,166,5,32,7,678,33,3,114,1441,555,ITF,ITF6,18,Calabria,Calabria,1947131,909639,46.72,0.1
2765,2021-04-19,CAL,7652,3686,3966,292,131,61,156,243,1971,1135,3477,92,94,6072,1580,ITF,ITF6,18,Calabria,Calabria,1947131,917291,47.11,0.39
2766,2021-05-02,CAL,12426,5801,6625,146,176,26,261,2527,1901,830,6215,68,276,10653,1773,ITF,ITF6,18,Calabria,Calabria,1947131,929717,47.75,0.64
2767,2021-01-29,VDA,318,138,180,260,32,16,0,6,3,0,0,0,1,2,316,ITC,ITC2,2,Valle d'Aosta / Vallée d'Aoste,Valle d'Aosta,125666,318,0.25,0.25
2768,2021-04-09,VDA,237,111,126,0,1,7,0,155,32,30,8,0,4,204,33,ITC,ITC2,2,Valle d'Aosta / Vallée d'Aoste,Valle d'Aosta,125666,555,0.44,0.19
2769,2021-05-14,VDA,959,442,517,101,34,1,72,339,55,25,141,58,133,291,668,ITC,ITC2,2,Valle d'Aosta / Vallée d'Aoste,Valle d'Aosta,125666,1514,1.2,0.76
2770,2021-05-13,VDA,1139,556,583,28,8,11,2,341,281,134,260,8,66,540,599,ITC,ITC2,2,Valle d'Aosta / Vallée d'Aoste,Valle d'Aosta,125666,2653,2.11,0.91
2771,2021-03-20,VDA,208,86,122,5,5,15,2,87,46,14,1,27,6,172,36,ITC,ITC2,2,Valle d'Aosta / Vallée d'Aoste,Valle d'Aosta,125666,2861,2.28,0.17
2772,2021-05-16,VDA,688,341,347,15,9,2,6,138,78,16,162,0,262,347,341,ITC,ITC2,2,Valle d'Aosta / Vallée d'Aoste,Valle d'Aosta,125666,3549,2.82,0.55
2773,2021-02-24,VDA,183,82,101,30,9,13,7,0,4,66,0,54,0,164,19,ITC,ITC2,2,Valle d'Aosta / Vallée d'Aoste,Valle d'Aosta,125666,3732,2.97,0.15
2774,2021-01-09,VDA,443,199,244,225,183,22,0,7,6,0,0,0,0,443,0,ITC,ITC2,2,Valle d'Aosta / Vallée d'Aoste,Valle d'Aosta,125666,4175,3.32,0.35
2775,2021-02-07,VDA,292,120,172,110,63,0,3,1,1,105,7,2,0,190,102,ITC,ITC2,2,Valle d'Aosta / Vallée d'Aoste,Valle d'Aosta,125666,4467,3.55,0.23
2776,2021-05-11,VDA,645,325,320,5,0,0,2,153,230,112,109,6,28,494,151,ITC,ITC2,2,Valle d'Aosta / Vallée d'Aoste,Valle d'Aosta,125666,5112,4.07,0.51
2777,2021-03-29,VDA,493,233,260,7,5,18,2,50,172,209,23,1,6,453,40,ITC,ITC2,2,Valle d'Aosta / Vallée d'Aoste,Valle d'Aosta,125666,5605,4.46,0.39
2778,2021-02-16,VDA,325,53,272,10,0,14,236,10,8,32,0,4,11,320,5,ITC,ITC2,2,Valle d'Aosta / Vallée d'Aoste,Valle d'Aosta,125666,5930,4.72,0.26
2779,2021-01-21,VDA,33,12,21,0,0,33,0,0,0,0,0,0,0,33,0,ITC,ITC2,2,Valle d'Aosta / Vallée d'Aoste,Valle d'Aosta,125666,5963,4.75,0.03
2780,2021-02-21,VDA,18,3,15,0,0,18,0,0,0,0,0,0,0,0,18,ITC,ITC2,2,Valle d'Aosta / Vallée d'Aoste,Valle d'Aosta,125666,5981,4.76,0.01
2781,2021-03-25,VDA,389,154,235,13,0,1,1,8,57,287,14,0,8,379,10,ITC,ITC2,2,Valle d'Aosta / Vallée d'Aoste,Valle d'Aosta,125666,6370,5.07,0.31
2782,2021-03-15,VDA,362,123,239,21,4,10,65,8,16,217,14,7,0,159,203,ITC,ITC2,2,Valle d'Aosta / Vallée d'Aoste,Valle d'Aosta,125666,6732,5.36,0.29
2783,2021-01-13,VDA,337,110,227,166,138,28,0,3,2,0,0,0,0,337,0,ITC,ITC2,2,Valle d'Aosta / Vallée d'Aoste,Valle d'Aosta,125666,7069,5.63,0.27
2784,2021-04-29,VDA,1291,634,657,9,3,39,0,241,506,243,223,6,21,757,534,ITC,ITC2,2,Valle d'Aosta / Vallée d'Aoste,Valle d'Aosta,125666,8360,6.65,1.03
2785,2021-01-30,VDA,439,202,237,233,182,12,0,7,4,0,0,0,1,14,425,ITC,ITC2,2,Valle d'Aosta / Vallée d'Aoste,Valle d'Aosta,125666,8799,7.0,0.35
2786,2021-05-06,VDA,1063,509,554,11,4,4,5,279,344,179,209,5,23,679,384,ITC,ITC2,2,Valle d'Aosta / Vallée d'Aoste,Valle d'Aosta,125666,9862,7.85,0.85
2787,2021-01-14,VDA,237,69,168,151,62,0,0,16,6,2,0,0,0,237,0,ITC,ITC2,2,Valle d'Aosta / Vallée d'Aoste,Valle d'Aosta,125666,10099,8.04,0.19
2788,2021-04-19,VDA,751,325,426,12,5,2,1,99,132,311,175,1,13,542,209,ITC,ITC2,2,Valle d'Aosta / Vallée d'Aoste,Valle d'Aosta,125666,10850,8.63,0.6
2789,2021-02-22,VDA,316,94,222,62,10,39,67,0,15,111,0,6,6,213,103,ITC,ITC2,2,Valle d'Aosta / Vallée d'Aoste,Valle d'Aosta,125666,11166,8.89,0.25
2790,2021-04-10,VDA,404,190,214,2,3,1,0,108,223,22,32,0,13,399,5,ITC,ITC2,2,Valle d'Aosta / Vallée d'Aoste,Valle d'Aosta,125666,11570,9.21,0.32
2791,2021-03-04,VDA,291,139,152,56,19,2,2,3,10,160,2,14,23,42,249,ITC,ITC2,2,Valle d'Aosta / Vallée d'Aoste,Valle d'Aosta,125666,11861,9.44,0.23
2792,2021-02-05,VDA,294,102,192,159,52,0,0,14,16,53,0,0,0,101,193,ITC,ITC2,2,Valle d'Aosta / Vallée d'Aoste,Valle d'Aosta,125666,12155,9.67,0.23
2793,2021-04-16,VDA,599,261,338,63,10,2,0,235,81,26,172,0,10,597,2,ITC,ITC2,2,Valle d'Aosta / Vallée d'Aoste,Valle d'Aosta,125666,12754,10.15,0.48
2794,2021-05-12,VDA,1137,549,588,11,7,2,3,108,438,249,255,19,45,467,670,ITC,ITC2,2,Valle d'Aosta / Vallée d'Aoste,Valle d'Aosta,125666,13891,11.05,0.9
2795,2021-03-13,VDA,145,86,59,3,11,0,3,82,0,0,0,24,22,145,0,ITC,ITC2,2,Valle d'Aosta / Vallée d'Aoste,Valle d'Aosta,125666,14036,11.17,0.12
2796,2021-05-02,VDA,765,345,420,3,4,0,1,353,277,35,82,1,9,605,160,ITC,ITC2,2,Valle d'Aosta / Vallée d'Aoste,Valle d'Aosta,125666,14801,11.78,0.61
2797,2021-04-14,VDA,941,430,511,16,3,0,1,82,259,406,151,3,20,717,224,ITC,ITC2,2,Valle d'Aosta / Vallée d'Aoste,Valle d'Aosta,125666,15742,12.53,0.75
2798,2021-04-15,VDA,810,377,433,30,1,0,1,231,135,241,156,2,13,671,139,ITC,ITC2,2,Valle d'Aosta / Vallée d'Aoste,Valle d'Aosta,125666,16552,13.17,0.64
2799,2021-03-27,VDA,333,164,169,24,12,14,1,110,72,66,4,21,9,302,31,ITC,ITC2,2,Valle d'Aosta / Vallée d'Aoste,Valle d'Aosta,125666,16885,13.44,0.26
2800,2021-03-07,VDA,64,30,34,16,3,0,1,1,4,26,0,2,11,11,53,ITC,ITC2,2,Valle d'Aosta / Vallée d'Aoste,Valle d'Aosta,125666,16949,13.49,0.05
2801,2021-01-18,VDA,213,74,139,29,7,27,0,104,0,46,0,0,0,213,0,ITC,ITC2,2,Valle d'Aosta / Vallée d'Aoste,Valle d'Aosta,125666,17162,13.66,0.17
2802,2021-01-22,VDA,56,21,35,36,0,20,0,0,0,0,0,0,0,20,36,ITC,ITC2,2,Valle d'Aosta / Vallée d'Aoste,Valle d'Aosta,125666,17218,13.7,0.04
2803,2021-05-18,VDA,967,483,484,11,10,1,2,114,231,136,293,2,167,352,615,ITC,ITC2,2,Valle d'Aosta / Vallée d'Aoste,Valle d'Aosta,125666,18185,14.47,0.77
2804,2021-02-06,VDA,289,104,185,170,36,0,0,1,2,74,5,1,0,92,197,ITC,ITC2,2,Valle d'Aosta / Vallée d'Aoste,Valle d'Aosta,125666,18474,14.7,0.23
2805,2021-02-27,VDA,231,85,146,69,9,2,0,10,4,128,0,4,5,124,107,ITC,ITC2,2,Valle d'Aosta / Vallée d'Aoste,Valle d'Aosta,125666,18705,14.88,0.18
2806,2021-05-05,VDA,1036,565,471,11,1,9,3,90,403,220,268,2,29,456,580,ITC,ITC2,2,Valle d'Aosta / Vallée d'Aoste,Valle d'Aosta,125666,19741,15.71,0.82
2807,2021-01-02,VDA,6,5,1,0,0,6,0,0,0,0,0,0,0,6,0,ITC,ITC2,2,Valle d'Aosta / Vallée d'Aoste,Valle d'Aosta,125666,19747,15.71,0.0
2808,2021-03-18,VDA,136,43,93,4,0,26,0,0,2,102,1,1,0,99,37,ITC,ITC2,2,Valle d'Aosta / Vallée d'Aoste,Valle d'Aosta,125666,19883,15.82,0.11
2809,2021-03-10,VDA,438,183,255,9,0,17,0,1,19,363,20,7,2,225,213,ITC,ITC2,2,Valle d'Aosta / Vallée d'Aoste,Valle d'Aosta,125666,20321,16.17,0.35
2810,2021-03-02,VDA,339,166,173,17,9,39,5,34,1,145,0,65,24,336,3,ITC,ITC2,2,Valle d'Aosta / Vallée d'Aoste,Valle d'Aosta,125666,20660,16.44,0.27
2811,2021-05-24,VDA,747,333,414,5,9,4,2,38,214,129,117,5,224,301,446,ITC,ITC2,2,Valle d'Aosta / Vallée d'Aoste,Valle d'Aosta,125666,21407,17.03,0.59
2812,2021-01-20,VDA,23,8,15,0,0,6,0,0,0,17,0,0,0,23,0,ITC,ITC2,2,Valle d'Aosta / Vallée d'Aoste,Valle d'Aosta,125666,21430,17.05,0.02
2813,2021-03-11,VDA,197,76,121,4,0,8,2,1,10,169,1,1,1,66,131,ITC,ITC2,2,Valle d'Aosta / Vallée d'Aoste,Valle d'Aosta,125666,21627,17.21,0.16
2814,2021-05-22,VDA,939,494,445,6,6,2,1,38,174,42,212,4,454,540,399,ITC,ITC2,2,Valle d'Aosta / Vallée d'Aoste,Valle d'Aosta,125666,22566,17.96,0.75
2815,2021-02-20,VDA,251,210,41,6,17,11,9,3,2,8,0,183,12,241,10,ITC,ITC2,2,Valle d'Aosta / Vallée d'Aoste,Valle d'Aosta,125666,22817,18.16,0.2
2816,2021-04-08,VDA,584,282,302,6,0,4,2,50,146,281,82,0,13,441,143,ITC,ITC2,2,Valle d'Aosta / Vallée d'Aoste,Valle d'Aosta,125666,23401,18.62,0.46
2817,2021-01-11,VDA,325,112,213,238,50,30,0,3,3,0,0,0,1,325,0,ITC,ITC2,2,Valle d'Aosta / Vallée d'Aoste,Valle d'Aosta,125666,23726,18.88,0.26
2818,2021-04-17,VDA,638,407,231,8,8,0,2,151,199,46,207,0,17,636,2,ITC,ITC2,2,Valle d'Aosta / Vallée d'Aoste,Valle d'Aosta,125666,24364,19.39,0.51
2819,2021-04-11,VDA,479,208,271,3,4,0,3,265,142,6,47,0,9,479,0,ITC,ITC2,2,Valle d'Aosta / Vallée d'Aoste,Valle d'Aosta,125666,24843,19.77,0.38
2820,2021-04-30,VDA,831,355,476,65,9,5,2,227,233,28,212,14,36,485,346,ITC,ITC2,2,Valle d'Aosta / Vallée d'Aoste,Valle d'Aosta,125666,25674,20.43,0.66
2821,2021-02-09,VDA,251,84,167,78,16,14,53,8,3,75,2,1,1,68,183,ITC,ITC2,2,Valle d'Aosta / Vallée d'Aoste,Valle d'Aosta,125666,25925,20.63,0.2
2822,2021-03-06,VDA,22,4,18,13,0,5,0,0,0,4,0,0,0,22,0,ITC,ITC2,2,Valle d'Aosta / Vallée d'Aoste,Valle d'Aosta,125666,25947,20.65,0.02
2823,2021-02-26,VDA,207,58,149,67,9,6,1,6,6,102,1,4,5,122,85,ITC,ITC2,2,Valle d'Aosta / Vallée d'Aoste,Valle d'Aosta,125666,26154,20.81,0.16
2824,2021-05-10,VDA,780,381,399,9,1,13,3,193,249,158,138,5,11,546,234,ITC,ITC2,2,Valle d'Aosta / Vallée d'Aoste,Valle d'Aosta,125666,26934,21.43,0.62
2825,2021-03-17,VDA,433,185,248,36,4,16,7,13,23,254,9,42,29,273,160,ITC,ITC2,2,Valle d'Aosta / Vallée d'Aoste,Valle d'Aosta,125666,27367,21.78,0.34
2826,2021-02-23,VDA,216,123,93,0,1,0,16,0,0,0,0,46,153,216,0,ITC,ITC2,2,Valle d'Aosta / Vallée d'Aoste,Valle d'Aosta,125666,27583,21.95,0.17
2827,2021-02-17,VDA,327,144,183,25,1,30,0,0,16,237,0,17,1,227,100,ITC,ITC2,2,Valle d'Aosta / Vallée d'Aoste,Valle d'Aosta,125666,27910,22.21,0.26
2828,2021-04-21,VDA,868,410,458,24,16,1,5,60,152,285,259,10,56,620,248,ITC,ITC2,2,Valle d'Aosta / Vallée d'Aoste,Valle d'Aosta,125666,28778,22.9,0.69
2829,2021-01-05,VDA,150,54,96,127,11,11,0,0,1,0,0,0,0,150,0,ITC,ITC2,2,Valle d'Aosta / Vallée d'Aoste,Valle d'Aosta,125666,28928,23.02,0.12
2830,2021-04-25,VDA,848,408,440,3,7,0,1,299,334,55,127,1,21,709,139,ITC,ITC2,2,Valle d'Aosta / Vallée d'Aoste,Valle d'Aosta,125666,29776,23.69,0.67
2831,2020-12-31,VDA,18,4,14,16,2,0,0,0,0,0,0,0,0,18,0,ITC,ITC2,2,Valle d'Aosta / Vallée d'Aoste,Valle d'Aosta,125666,29794,23.71,0.01
2832,2021-04-23,VDA,921,443,478,40,7,29,0,165,277,252,139,0,12,538,383,ITC,ITC2,2,Valle d'Aosta / Vallée d'Aoste,Valle d'Aosta,125666,30715,24.44,0.73
2833,2021-01-06,VDA,65,33,32,29,8,18,0,7,3,0,0,0,0,65,0,ITC,ITC2,2,Valle d'Aosta / Vallée d'Aoste,Valle d'Aosta,125666,30780,24.49,0.05
2834,2021-01-08,VDA,299,130,169,240,35,16,0,5,3,0,0,0,0,299,0,ITC,ITC2,2,Valle d'Aosta / Vallée d'Aoste,Valle d'Aosta,125666,31079,24.73,0.24
2835,2021-03-14,VDA,392,200,192,8,21,0,52,205,1,0,0,34,71,392,0,ITC,ITC2,2,Valle d'Aosta / Vallée d'Aoste,Valle d'Aosta,125666,31471,25.04,0.31
2836,2021-03-01,VDA,181,66,115,19,8,29,0,0,3,116,2,2,2,147,34,ITC,ITC2,2,Valle d'Aosta / Vallée d'Aoste,Valle d'Aosta,125666,31652,25.19,0.14
2837,2021-04-27,VDA,978,423,555,41,13,4,1,128,278,231,227,3,52,686,292,ITC,ITC2,2,Valle d'Aosta / Vallée d'Aoste,Valle d'Aosta,125666,32630,25.97,0.78
2838,2021-04-22,VDA,1067,449,618,9,3,3,3,179,249,467,128,2,24,684,383,ITC,ITC2,2,Valle d'Aosta / Vallée d'Aoste,Valle d'Aosta,125666,33697,26.81,0.85
2839,2021-03-03,VDA,255,118,137,9,11,1,4,4,9,208,6,1,2,186,69,ITC,ITC2,2,Valle d'Aosta / Vallée d'Aoste,Valle d'Aosta,125666,33952,27.02,0.2
2840,2021-01-10,VDA,220,71,149,172,25,19,0,4,0,0,0,0,0,220,0,ITC,ITC2,2,Valle d'Aosta / Vallée d'Aoste,Valle d'Aosta,125666,34172,27.19,0.18
2841,2021-04-02,VDA,873,344,529,63,9,12,178,89,167,196,74,11,74,648,225,ITC,ITC2,2,Valle d'Aosta / Vallée d'Aoste,Valle d'Aosta,125666,35045,27.89,0.69
2842,2021-03-12,VDA,531,175,356,15,8,8,255,44,21,148,8,2,22,305,226,ITC,ITC2,2,Valle d'Aosta / Vallée d'Aoste,Valle d'Aosta,125666,35576,28.31,0.42
2843,2021-01-12,VDA,302,72,230,242,34,11,0,14,1,0,0,0,0,302,0,ITC,ITC2,2,Valle d'Aosta / Vallée d'Aoste,Valle d'Aosta,125666,35878,28.55,0.24
2844,2021-03-16,VDA,180,37,143,4,0,13,0,15,14,121,0,0,13,118,62,ITC,ITC2,2,Valle d'Aosta / Vallée d'Aoste,Valle d'Aosta,125666,36058,28.69,0.14
2845,2021-04-28,VDA,1217,632,585,24,7,30,0,81,597,236,212,1,29,713,504,ITC,ITC2,2,Valle d'Aosta / Vallée d'Aoste,Valle d'Aosta,125666,37275,29.66,0.97
2846,2021-04-04,VDA,572,253,319,1,8,0,96,271,155,22,5,4,10,571,1,ITC,ITC2,2,Valle d'Aosta / Vallée d'Aoste,Valle d'Aosta,125666,37847,30.12,0.46
2847,2021-02-11,VDA,231,107,124,53,21,0,0,2,10,128,1,13,3,222,9,ITC,ITC2,2,Valle d'Aosta / Vallée d'Aoste,Valle d'Aosta,125666,38078,30.3,0.18
2848,2021-04-20,VDA,932,430,502,25,9,8,2,115,174,279,253,1,66,738,194,ITC,ITC2,2,Valle d'Aosta / Vallée d'Aoste,Valle d'Aosta,125666,39010,31.04,0.74
2849,2021-03-26,VDA,498,204,294,4,2,0,227,54,79,100,3,3,26,491,7,ITC,ITC2,2,Valle d'Aosta / Vallée d'Aoste,Valle d'Aosta,125666,39508,31.44,0.4
2850,2021-01-15,VDA,218,82,136,116,32,28,0,18,17,6,0,0,1,218,0,ITC,ITC2,2,Valle d'Aosta / Vallée d'Aoste,Valle d'Aosta,125666,39726,31.61,0.17
2851,2021-03-24,VDA,515,230,285,11,5,0,1,16,34,420,18,3,7,258,257,ITC,ITC2,2,Valle d'Aosta / Vallée d'Aoste,Valle d'Aosta,125666,40241,32.02,0.41
2852,2021-05-01,VDA,938,562,376,15,1,0,1,230,287,56,140,185,23,454,484,ITC,ITC2,2,Valle d'Aosta / Vallée d'Aoste,Valle d'Aosta,125666,41179,32.77,0.75
2853,2021-05-04,VDA,1135,510,625,18,4,2,201,152,255,158,282,13,50,462,673,ITC,ITC2,2,Valle d'Aosta / Vallée d'Aoste,Valle d'Aosta,125666,42314,33.67,0.9
2854,2020-12-27,VDA,20,9,11,20,0,0,0,0,0,0,0,0,0,20,0,ITC,ITC2,2,Valle d'Aosta / Vallée d'Aoste,Valle d'Aosta,125666,42334,33.69,0.02
2855,2021-05-21,VDA,917,433,484,45,30,15,136,78,61,30,136,68,318,531,386,ITC,ITC2,2,Valle d'Aosta / Vallée d'Aoste,Valle d'Aosta,125666,43251,34.42,0.73
2856,2021-04-01,VDA,776,394,382,1,1,0,0,205,306,201,55,0,7,764,12,ITC,ITC2,2,Valle d'Aosta / Vallée d'Aoste,Valle d'Aosta,125666,44027,35.03,0.62
2857,2021-02-08,VDA,223,83,140,28,19,3,25,82,0,64,0,0,2,25,198,ITC,ITC2,2,Valle d'Aosta / Vallée d'Aoste,Valle d'Aosta,125666,44250,35.21,0.18
2858,2021-02-02,VDA,272,70,202,225,35,3,0,8,1,0,0,0,0,2,270,ITC,ITC2,2,Valle d'Aosta / Vallée d'Aoste,Valle d'Aosta,125666,44522,35.43,0.22
2859,2021-03-23,VDA,379,150,229,14,2,7,9,37,18,280,0,9,3,245,134,ITC,ITC2,2,Valle d'Aosta / Vallée d'Aoste,Valle d'Aosta,125666,44901,35.73,0.3
2860,2021-03-22,VDA,560,205,355,37,5,18,19,54,37,340,29,11,10,333,227,ITC,ITC2,2,Valle d'Aosta / Vallée d'Aoste,Valle d'Aosta,125666,45461,36.18,0.45
2861,2021-04-07,VDA,908,473,435,16,0,0,1,84,271,391,92,0,53,679,229,ITC,ITC2,2,Valle d'Aosta / Vallée d'Aoste,Valle d'Aosta,125666,46369,36.9,0.72
2862,2021-02-10,VDA,248,77,171,51,14,26,18,4,3,128,0,1,3,141,107,ITC,ITC2,2,Valle d'Aosta / Vallée d'Aoste,Valle d'Aosta,125666,46617,37.1,0.2
2863,2021-05-09,VDA,574,287,287,5,1,0,1,368,109,12,64,4,10,444,130,ITC,ITC2,2,Valle d'Aosta / Vallée d'Aoste,Valle d'Aosta,125666,47191,37.55,0.46
2864,2021-01-17,VDA,131,56,75,49,2,20,0,1,0,59,0,0,0,131,0,ITC,ITC2,2,Valle d'Aosta / Vallée d'Aoste,Valle d'Aosta,125666,47322,37.66,0.1
2865,2021-04-26,VDA,715,327,388,13,2,0,2,79,246,213,126,7,27,545,170,ITC,ITC2,2,Valle d'Aosta / Vallée d'Aoste,Valle d'Aosta,125666,48037,38.23,0.57
2866,2021-02-15,VDA,264,136,128,24,2,25,2,0,6,173,2,29,1,229,35,ITC,ITC2,2,Valle d'Aosta / Vallée d'Aoste,Valle d'Aosta,125666,48301,38.44,0.21
2867,2021-05-08,VDA,904,540,364,14,25,0,9,299,227,46,98,168,18,526,378,ITC,ITC2,2,Valle d'Aosta / Vallée d'Aoste,Valle d'Aosta,125666,49205,39.16,0.72
2868,2021-03-28,VDA,522,212,310,52,10,0,47,166,99,53,18,55,22,521,1,ITC,ITC2,2,Valle d'Aosta / Vallée d'Aoste,Valle d'Aosta,125666,49727,39.57,0.42
2869,2021-05-19,VDA,991,498,493,17,18,2,8,55,248,130,258,10,245,418,573,ITC,ITC2,2,Valle d'Aosta / Vallée d'Aoste,Valle d'Aosta,125666,50718,40.36,0.79
2870,2021-03-19,VDA,322,85,237,9,1,21,211,42,1,9,0,1,27,286,36,ITC,ITC2,2,Valle d'Aosta / Vallée d'Aoste,Valle d'Aosta,125666,51040,40.62,0.26
2871,2021-04-13,VDA,373,171,202,2,1,8,0,69,108,120,56,0,9,329,44,ITC,ITC2,2,Valle d'Aosta / Vallée d'Aoste,Valle d'Aosta,125666,51413,40.91,0.3
2872,2021-05-23,VDA,997,465,532,3,22,3,3,52,170,42,137,2,563,658,339,ITC,ITC2,2,Valle d'Aosta / Vallée d'Aoste,Valle d'Aosta,125666,52410,41.71,0.79
2873,2021-01-27,VDA,151,71,80,55,8,18,0,9,3,53,0,0,5,79,72,ITC,ITC2,2,Valle d'Aosta / Vallée d'Aoste,Valle d'Aosta,125666,52561,41.83,0.12
2874,2021-01-26,VDA,139,48,91,115,11,12,0,0,1,0,0,0,0,0,139,ITC,ITC2,2,Valle d'Aosta / Vallée d'Aoste,Valle d'Aosta,125666,52700,41.94,0.11
2875,2021-02-03,VDA,351,114,237,157,136,52,0,4,1,1,0,0,0,14,337,ITC,ITC2,2,Valle d'Aosta / Vallée d'Aoste,Valle d'Aosta,125666,53051,42.22,0.28
2876,2021-04-12,VDA,485,186,299,8,10,22,2,89,60,229,62,0,3,322,163,ITC,ITC2,2,Valle d'Aosta / Vallée d'Aoste,Valle d'Aosta,125666,53536,42.6,0.39
2877,2021-01-25,VDA,147,65,82,125,13,6,0,3,0,0,0,0,0,0,147,ITC,ITC2,2,Valle d'Aosta / Vallée d'Aoste,Valle d'Aosta,125666,53683,42.72,0.12
2878,2021-01-28,VDA,290,123,167,202,35,6,0,10,7,2,0,0,28,56,234,ITC,ITC2,2,Valle d'Aosta / Vallée d'Aoste,Valle d'Aosta,125666,53973,42.95,0.23
2879,2021-03-09,VDA,206,96,110,3,0,23,26,55,5,36,0,39,19,174,32,ITC,ITC2,2,Valle d'Aosta / Vallée d'Aoste,Valle d'Aosta,125666,54179,43.11,0.16
2880,2021-01-19,VDA,256,77,179,160,10,15,0,10,3,57,0,0,1,256,0,ITC,ITC2,2,Valle d'Aosta / Vallée d'Aoste,Valle d'Aosta,125666,54435,43.32,0.2
2881,2021-02-13,VDA,216,196,20,0,0,0,0,0,0,0,0,216,0,215,1,ITC,ITC2,2,Valle d'Aosta / Vallée d'Aoste,Valle d'Aosta,125666,54651,43.49,0.17
2882,2021-02-14,VDA,48,16,32,6,0,42,0,0,0,0,0,0,0,1,47,ITC,ITC2,2,Valle d'Aosta / Vallée d'Aoste,Valle d'Aosta,125666,54699,43.53,0.04
2883,2021-02-12,VDA,263,96,167,51,13,28,5,2,10,133,18,0,3,217,46,ITC,ITC2,2,Valle d'Aosta / Vallée d'Aoste,Valle d'Aosta,125666,54962,43.74,0.21
2884,2021-05-15,VDA,1064,614,450,11,19,0,8,243,184,44,231,32,292,379,685,ITC,ITC2,2,Valle d'Aosta / Vallée d'Aoste,Valle d'Aosta,125666,56026,44.58,0.85
2885,2021-05-03,VDA,839,400,439,16,5,1,24,201,331,50,191,3,17,488,351,ITC,ITC2,2,Valle d'Aosta / Vallée d'Aoste,Valle d'Aosta,125666,56865,45.25,0.67
2886,2021-03-31,VDA,555,302,253,7,1,0,0,22,309,203,6,0,7,529,26,ITC,ITC2,2,Valle d'Aosta / Vallée d'Aoste,Valle d'Aosta,125666,57420,45.69,0.44
2887,2021-01-07,VDA,275,111,164,224,38,5,0,3,2,0,0,0,3,275,0,ITC,ITC2,2,Valle d'Aosta / Vallée d'Aoste,Valle d'Aosta,125666,57695,45.91,0.22
2888,2021-05-07,VDA,564,245,319,51,3,2,1,383,21,24,39,11,29,533,31,ITC,ITC2,2,Valle d'Aosta / Vallée d'Aoste,Valle d'Aosta,125666,58259,46.36,0.45
2889,2021-03-08,VDA,482,231,251,29,1,13,1,6,25,365,7,28,7,237,245,ITC,ITC2,2,Valle d'Aosta / Vallée d'Aoste,Valle d'Aosta,125666,58741,46.74,0.38
2890,2021-02-01,VDA,404,127,277,269,56,70,0,2,2,3,0,0,2,87,317,ITC,ITC2,2,Valle d'Aosta / Vallée d'Aoste,Valle d'Aosta,125666,59145,47.07,0.32
2891,2021-03-30,VDA,402,223,179,11,2,5,5,32,180,124,28,9,6,382,20,ITC,ITC2,2,Valle d'Aosta / Vallée d'Aoste,Valle d'Aosta,125666,59547,47.39,0.32
2892,2021-04-18,VDA,522,254,268,11,6,4,4,193,82,15,183,0,24,518,4,ITC,ITC2,2,Valle d'Aosta / Vallée d'Aoste,Valle d'Aosta,125666,60069,47.8,0.42
2893,2021-03-05,VDA,275,124,151,51,10,13,5,4,10,138,18,0,26,53,222,ITC,ITC2,2,Valle d'Aosta / Vallée d'Aoste,Valle d'Aosta,125666,60344,48.02,0.22
2894,2021-04-06,VDA,741,381,360,24,4,1,0,55,192,239,160,14,52,629,112,ITC,ITC2,2,Valle d'Aosta / Vallée d'Aoste,Valle d'Aosta,125666,61085,48.61,0.59
2895,2021-01-31,VDA,291,91,200,232,33,18,0,5,0,0,0,0,3,58,233,ITC,ITC2,2,Valle d'Aosta / Vallée d'Aoste,Valle d'Aosta,125666,61376,48.84,0.23
2896,2021-01-16,VDA,236,80,156,127,32,22,0,2,2,51,0,0,0,236,0,ITC,ITC2,2,Valle d'Aosta / Vallée d'Aoste,Valle d'Aosta,125666,61612,49.03,0.19
2897,2021-04-24,VDA,722,400,322,14,7,7,1,131,174,96,238,4,50,555,167,ITC,ITC2,2,Valle d'Aosta / Vallée d'Aoste,Valle d'Aosta,125666,62334,49.6,0.57
2898,2021-05-17,VDA,808,417,391,7,10,0,12,46,179,145,228,4,177,375,433,ITC,ITC2,2,Valle d'Aosta / Vallée d'Aoste,Valle d'Aosta,125666,63142,50.25,0.64
2899,2021-02-04,VDA,294,86,208,168,76,34,0,12,3,1,0,0,0,8,286,ITC,ITC2,2,Valle d'Aosta / Vallée d'Aoste,Valle d'Aosta,125666,63436,50.48,0.23
2900,2021-02-28,VDA,260,86,174,78,36,24,4,7,10,94,0,3,4,77,183,ITC,ITC2,2,Valle d'Aosta / Vallée d'Aoste,Valle d'Aosta,125666,63696,50.69,0.21
2901,2021-03-21,VDA,355,165,190,2,5,0,30,208,57,1,0,27,25,355,0,ITC,ITC2,2,Valle d'Aosta / Vallée d'Aoste,Valle d'Aosta,125666,64051,50.97,0.28
2902,2021-05-20,VDA,807,363,444,5,9,3,3,34,194,166,183,4,206,367,440,ITC,ITC2,2,Valle d'Aosta / Vallée d'Aoste,Valle d'Aosta,125666,64858,51.61,0.64
2903,2021-02-18,VDA,349,153,196,61,9,45,8,6,17,184,0,16,3,261,88,ITC,ITC2,2,Valle d'Aosta / Vallée d'Aoste,Valle d'Aosta,125666,65207,51.89,0.28
2904,2021-02-19,VDA,292,102,190,17,1,35,65,3,16,154,0,0,1,268,24,ITC,ITC2,2,Valle d'Aosta / Vallée d'Aoste,Valle d'Aosta,125666,65499,52.12,0.23
2905,2021-04-05,VDA,461,222,239,18,4,0,35,186,118,8,84,0,8,457,4,ITC,ITC2,2,Valle d'Aosta / Vallée d'Aoste,Valle d'Aosta,125666,65960,52.49,0.37
2906,2021-01-04,VDA,142,59,83,126,14,0,0,2,0,0,0,0,0,142,0,ITC,ITC2,2,Valle d'Aosta / Vallée d'Aoste,Valle d'Aosta,125666,66102,52.6,0.11
2907,2021-02-25,VDA,201,101,100,6,4,12,2,84,1,0,0,27,65,194,7,ITC,ITC2,2,Valle d'Aosta / Vallée d'Aoste,Valle d'Aosta,125666,66303,52.76,0.16
2908,2021-04-03,VDA,676,341,335,13,11,4,1,117,333,58,72,5,62,661,15,ITC,ITC2,2,Valle d'Aosta / Vallée d'Aoste,Valle d'Aosta,125666,66979,53.3,0.54
2909,2021-04-20,SAR,10851,4937,5914,145,97,75,31,3945,2528,2010,1953,6,61,7638,3213,ITG,ITG2,20,Sardegna,Sardegna,1639591,10851,0.66,0.66
2910,2021-05-10,SAR,9586,4258,5328,117,172,25,252,911,2238,1210,4425,143,93,7057,2529,ITG,ITG2,20,Sardegna,Sardegna,1639591,20437,1.25,0.58
2911,2021-03-29,SAR,4425,1559,2866,624,490,182,1411,22,117,1022,358,98,101,3837,588,ITG,ITG2,20,Sardegna,Sardegna,1639591,24862,1.52,0.27
2912,2021-03-15,SAR,2685,1216,1469,458,591,86,1019,7,10,325,8,170,11,2312,373,ITG,ITG2,20,Sardegna,Sardegna,1639591,27547,1.68,0.16
2913,2021-01-02,SAR,60,21,39,60,0,0,0,0,0,0,0,0,0,60,0,ITG,ITG2,20,Sardegna,Sardegna,1639591,27607,1.68,0.0
2914,2021-03-09,SAR,5645,2629,3016,1085,609,287,310,12,35,2651,16,604,36,4916,729,ITG,ITG2,20,Sardegna,Sardegna,1639591,33252,2.03,0.34
2915,2021-01-07,SAR,3111,1077,2034,2720,373,0,0,1,2,0,0,11,4,3111,0,ITG,ITG2,20,Sardegna,Sardegna,1639591,36363,2.22,0.19
2916,2021-04-23,SAR,12828,5727,7101,396,189,71,129,2326,2068,3658,3677,8,306,7374,5454,ITG,ITG2,20,Sardegna,Sardegna,1639591,49191,3.0,0.78
2917,2021-02-26,SAR,2800,1108,1692,1224,878,221,7,20,16,289,5,98,42,2494,306,ITG,ITG2,20,Sardegna,Sardegna,1639591,51991,3.17,0.17
2918,2021-02-05,SAR,1897,749,1148,1214,511,164,0,0,0,1,1,3,3,433,1464,ITG,ITG2,20,Sardegna,Sardegna,1639591,53888,3.29,0.12
2919,2021-02-23,SAR,1519,1010,509,602,387,89,0,7,6,16,0,374,38,1285,234,ITG,ITG2,20,Sardegna,Sardegna,1639591,55407,3.38,0.09
2920,2020-12-28,SAR,65,25,40,65,0,0,0,0,0,0,0,0,0,65,0,ITG,ITG2,20,Sardegna,Sardegna,1639591,55472,3.38,0.0
2921,2021-01-13,SAR,573,178,395,494,79,0,0,0,0,0,0,0,0,573,0,ITG,ITG2,20,Sardegna,Sardegna,1639591,56045,3.42,0.03
2922,2021-03-21,SAR,4030,1809,2221,64,240,1,575,14,56,2890,17,107,66,2590,1440,ITG,ITG2,20,Sardegna,Sardegna,1639591,60075,3.66,0.25
2923,2021-03-11,SAR,6035,2725,3310,1011,567,418,102,52,98,2957,120,643,67,4834,1201,ITG,ITG2,20,Sardegna,Sardegna,1639591,66110,4.03,0.37
2924,2021-03-18,SAR,7253,3069,4184,1078,315,354,63,55,639,4243,431,12,63,5650,1603,ITG,ITG2,20,Sardegna,Sardegna,1639591,73363,4.47,0.44
2925,2021-05-07,SAR,13939,6376,7563,238,125,37,207,2489,2311,1539,6832,14,147,9615,4324,ITG,ITG2,20,Sardegna,Sardegna,1639591,87302,5.32,0.85
2926,2021-01-29,SAR,2952,1067,1885,2581,366,3,0,0,0,0,0,0,2,48,2904,ITG,ITG2,20,Sardegna,Sardegna,1639591,90254,5.5,0.18
2927,2021-03-03,SAR,3858,2072,1786,1070,554,621,1,5,5,704,1,859,38,2610,1248,ITG,ITG2,20,Sardegna,Sardegna,1639591,94112,5.74,0.24
2928,2021-03-01,SAR,2162,1055,1107,1137,341,141,1,8,19,104,10,391,10,1503,659,ITG,ITG2,20,Sardegna,Sardegna,1639591,96274,5.87,0.13
2929,2021-01-22,SAR,83,47,36,45,38,0,0,0,0,0,0,0,0,55,28,ITG,ITG2,20,Sardegna,Sardegna,1639591,96357,5.88,0.01
2930,2021-02-17,SAR,1407,577,830,690,338,313,0,1,0,0,1,33,31,1333,74,ITG,ITG2,20,Sardegna,Sardegna,1639591,97764,5.96,0.09
2931,2021-02-16,SAR,700,289,411,376,211,112,0,0,0,0,0,0,1,673,27,ITG,ITG2,20,Sardegna,Sardegna,1639591,98464,6.01,0.04
2932,2021-03-10,SAR,6010,2917,3093,719,497,414,335,14,85,2987,29,902,28,5160,850,ITG,ITG2,20,Sardegna,Sardegna,1639591,104474,6.37,0.37
2933,2021-03-31,SAR,10148,4047,6101,396,575,230,1380,149,701,5011,1488,33,185,7701,2447,ITG,ITG2,20,Sardegna,Sardegna,1639591,114622,6.99,0.62
2934,2021-04-17,SAR,10062,4492,5570,299,90,109,24,1699,2720,3719,1227,3,172,5465,4597,ITG,ITG2,20,Sardegna,Sardegna,1639591,124684,7.6,0.61
2935,2021-01-09,SAR,4026,1417,2609,3182,832,0,0,3,1,1,0,0,7,4026,0,ITG,ITG2,20,Sardegna,Sardegna,1639591,128710,7.85,0.25
2936,2021-03-06,SAR,2639,1079,1560,1108,886,469,36,3,10,24,2,79,22,858,1781,ITG,ITG2,20,Sardegna,Sardegna,1639591,131349,8.01,0.16
2937,2021-04-22,SAR,10430,4617,5813,220,121,76,36,2648,1577,2895,2623,7,227,5513,4917,ITG,ITG2,20,Sardegna,Sardegna,1639591,141779,8.65,0.64
2938,2021-04-27,SAR,7603,3546,4057,164,68,51,42,532,891,1608,4107,2,138,5564,2039,ITG,ITG2,20,Sardegna,Sardegna,1639591,149382,9.11,0.46
2939,2021-04-13,SAR,7603,3592,4011,216,62,45,15,489,3662,1493,1441,144,36,5778,1825,ITG,ITG2,20,Sardegna,Sardegna,1639591,156985,9.57,0.46
2940,2021-02-21,SAR,1589,710,879,67,28,59,0,0,7,1422,0,6,0,1559,30,ITG,ITG2,20,Sardegna,Sardegna,1639591,158574,9.67,0.1
2941,2021-05-17,SAR,12016,5628,6388,185,126,6,38,1226,1251,466,4547,475,3696,9127,2889,ITG,ITG2,20,Sardegna,Sardegna,1639591,170590,10.4,0.73
2942,2021-02-28,SAR,368,169,199,245,76,47,0,0,0,0,0,0,0,142,226,ITG,ITG2,20,Sardegna,Sardegna,1639591,170958,10.43,0.02
2943,2021-01-26,SAR,1336,453,883,1296,39,0,1,0,0,0,0,0,0,27,1309,ITG,ITG2,20,Sardegna,Sardegna,1639591,172294,10.51,0.08
2944,2021-02-09,SAR,2286,837,1449,1308,471,497,1,4,0,1,2,0,2,1290,996,ITG,ITG2,20,Sardegna,Sardegna,1639591,174580,10.65,0.14
2945,2021-01-31,SAR,2121,750,1371,1544,555,0,0,6,0,1,1,0,14,48,2073,ITG,ITG2,20,Sardegna,Sardegna,1639591,176701,10.78,0.13
2946,2021-01-16,SAR,1492,525,967,1282,207,0,1,1,1,0,0,0,0,1492,0,ITG,ITG2,20,Sardegna,Sardegna,1639591,178193,10.87,0.09
2947,2021-03-20,SAR,5193,2073,3120,692,307,127,855,20,91,2744,206,105,46,2916,2277,ITG,ITG2,20,Sardegna,Sardegna,1639591,183386,11.18,0.32
2948,2021-03-28,SAR,4619,1814,2805,83,42,23,681,49,131,3276,216,13,105,4540,79,ITG,ITG2,20,Sardegna,Sardegna,1639591,188005,11.47,0.28
2949,2021-05-14,SAR,13398,6102,7296,578,145,39,163,1190,917,675,7514,381,1796,10288,3110,ITG,ITG2,20,Sardegna,Sardegna,1639591,201403,12.28,0.82
2950,2021-01-17,SAR,860,277,583,747,113,0,0,0,0,0,0,0,0,859,1,ITG,ITG2,20,Sardegna,Sardegna,1639591,202263,12.34,0.05
2951,2021-05-13,SAR,10817,4989,5828,150,254,31,113,2745,896,817,5513,103,195,7870,2947,ITG,ITG2,20,Sardegna,Sardegna,1639591,213080,13.0,0.66
2952,2021-05-19,SAR,14663,7188,7475,213,123,9,74,2111,699,551,3538,486,6859,11345,3318,ITG,ITG2,20,Sardegna,Sardegna,1639591,227743,13.89,0.89
2953,2021-04-01,SAR,10101,4026,6075,462,377,210,1257,169,896,4691,1536,203,300,7088,3013,ITG,ITG2,20,Sardegna,Sardegna,1639591,237844,14.51,0.62
2954,2021-04-25,SAR,4476,2261,2215,41,4,0,3,1385,991,719,1312,1,20,3697,779,ITG,ITG2,20,Sardegna,Sardegna,1639591,242320,14.78,0.27
2955,2021-05-24,SAR,13494,6469,7025,277,151,6,247,1219,584,216,4892,306,5596,8365,5129,ITG,ITG2,20,Sardegna,Sardegna,1639591,255814,15.6,0.82
2956,2021-02-24,SAR,2412,1293,1119,1193,521,301,0,6,2,7,0,367,15,2223,189,ITG,ITG2,20,Sardegna,Sardegna,1639591,258226,15.75,0.15
2957,2021-04-06,SAR,7445,3113,4332,657,252,226,456,102,1847,2833,597,35,440,5018,2427,ITG,ITG2,20,Sardegna,Sardegna,1639591,265671,16.2,0.45
2958,2021-03-19,SAR,7265,3047,4218,1315,773,222,10,141,581,3510,325,247,141,5052,2213,ITG,ITG2,20,Sardegna,Sardegna,1639591,272936,16.65,0.44
2959,2021-04-26,SAR,6819,3263,3556,57,84,24,7,2323,1343,823,2118,4,36,5944,875,ITG,ITG2,20,Sardegna,Sardegna,1639591,279755,17.06,0.42
2960,2021-03-05,SAR,5034,2444,2590,1694,1153,669,10,29,14,647,15,747,56,2681,2353,ITG,ITG2,20,Sardegna,Sardegna,1639591,284789,17.37,0.31
2961,2021-05-16,SAR,8176,3812,4364,253,38,2,41,1721,1105,1061,2918,257,780,6016,2160,ITG,ITG2,20,Sardegna,Sardegna,1639591,292965,17.87,0.5
2962,2021-04-12,SAR,6990,3179,3811,89,83,44,11,599,2826,2208,1004,30,96,5276,1714,ITG,ITG2,20,Sardegna,Sardegna,1639591,299955,18.29,0.43
2963,2021-04-30,SAR,10869,5181,5688,383,165,18,207,788,977,1461,6367,334,169,6809,4060,ITG,ITG2,20,Sardegna,Sardegna,1639591,310824,18.96,0.66
2964,2021-05-20,SAR,14667,6998,7669,231,118,44,54,2050,805,738,4555,120,5952,10384,4283,ITG,ITG2,20,Sardegna,Sardegna,1639591,325491,19.85,0.89
2965,2021-05-22,SAR,23749,11353,12396,81,72,12,52,2793,1385,759,7050,43,11502,19027,4722,ITG,ITG2,20,Sardegna,Sardegna,1639591,349240,21.3,1.45
2966,2021-03-08,SAR,4008,1790,2218,740,1027,650,153,8,8,854,46,507,15,2788,1220,ITG,ITG2,20,Sardegna,Sardegna,1639591,353248,21.54,0.24
2967,2021-05-02,SAR,5874,2665,3209,82,58,1,54,694,967,508,3341,13,156,5293,581,ITG,ITG2,20,Sardegna,Sardegna,1639591,359122,21.9,0.36
2968,2021-01-11,SAR,1183,505,678,656,525,0,0,0,0,1,0,0,1,1183,0,ITG,ITG2,20,Sardegna,Sardegna,1639591,360305,21.98,0.07
2969,2021-01-25,SAR,588,212,376,553,34,0,0,0,0,0,0,0,1,22,566,ITG,ITG2,20,Sardegna,Sardegna,1639591,360893,22.01,0.04
2970,2021-04-09,SAR,12222,5418,6804,437,257,39,163,457,3526,4893,2195,37,218,7871,4351,ITG,ITG2,20,Sardegna,Sardegna,1639591,373115,22.76,0.75
2971,2021-02-12,SAR,2237,933,1304,986,720,501,0,4,0,1,4,0,21,2178,59,ITG,ITG2,20,Sardegna,Sardegna,1639591,375352,22.89,0.14
2972,2021-04-11,SAR,5393,2442,2951,62,16,1,20,26,3235,1862,150,9,12,4273,1120,ITG,ITG2,20,Sardegna,Sardegna,1639591,380745,23.22,0.33
2973,2021-01-15,SAR,1563,573,990,1170,384,0,0,0,0,0,6,3,0,1563,0,ITG,ITG2,20,Sardegna,Sardegna,1639591,382308,23.32,0.1
2974,2021-01-14,SAR,1105,426,679,885,220,0,0,0,0,0,0,0,0,1105,0,ITG,ITG2,20,Sardegna,Sardegna,1639591,383413,23.38,0.07
2975,2021-01-12,SAR,865,408,457,504,361,0,0,0,0,0,0,0,0,865,0,ITG,ITG2,20,Sardegna,Sardegna,1639591,384278,23.44,0.05
2976,2021-03-07,SAR,1657,750,907,321,230,78,2,5,1,1012,1,0,7,1117,540,ITG,ITG2,20,Sardegna,Sardegna,1639591,385935,23.54,0.1
2977,2021-04-07,SAR,13476,5985,7491,674,443,257,352,188,3340,5610,2367,72,173,7828,5648,ITG,ITG2,20,Sardegna,Sardegna,1639591,399411,24.36,0.82
2978,2021-04-14,SAR,8233,3893,4340,145,34,96,17,485,4922,846,1632,1,55,6996,1237,ITG,ITG2,20,Sardegna,Sardegna,1639591,407644,24.86,0.5
2979,2021-01-23,SAR,60,22,38,60,0,0,0,0,0,0,0,0,0,0,60,ITG,ITG2,20,Sardegna,Sardegna,1639591,407704,24.87,0.0
2980,2021-03-02,SAR,2865,1459,1406,1067,608,381,2,8,10,324,1,461,3,1712,1153,ITG,ITG2,20,Sardegna,Sardegna,1639591,410569,25.04,0.17
2981,2021-02-11,SAR,1315,490,825,588,266,369,0,31,1,3,0,0,57,1204,111,ITG,ITG2,20,Sardegna,Sardegna,1639591,411884,25.12,0.08
2982,2021-03-25,SAR,8792,3702,5090,815,312,189,1562,157,455,3871,947,343,141,7488,1304,ITG,ITG2,20,Sardegna,Sardegna,1639591,420676,25.66,0.54
2983,2021-02-15,SAR,958,349,609,440,231,279,0,2,0,0,3,0,3,927,31,ITG,ITG2,20,Sardegna,Sardegna,1639591,421634,25.72,0.06
2984,2021-05-15,SAR,13650,6366,7284,117,65,30,88,2920,1101,733,6956,341,1299,10224,3426,ITG,ITG2,20,Sardegna,Sardegna,1639591,435284,26.55,0.83
2985,2021-02-10,SAR,1959,765,1194,1169,299,488,1,0,1,0,0,0,1,1441,518,ITG,ITG2,20,Sardegna,Sardegna,1639591,437243,26.67,0.12
2986,2021-02-20,SAR,2041,855,1186,484,150,195,1,2,4,1204,0,0,1,1707,334,ITG,ITG2,20,Sardegna,Sardegna,1639591,439284,26.79,0.12
2987,2021-03-13,SAR,2752,1073,1679,274,142,240,132,13,101,1765,22,45,18,2471,281,ITG,ITG2,20,Sardegna,Sardegna,1639591,442036,26.96,0.17
2988,2021-03-27,SAR,5712,2174,3538,331,322,217,1309,31,188,2635,507,83,89,5290,422,ITG,ITG2,20,Sardegna,Sardegna,1639591,447748,27.31,0.35
2989,2021-03-23,SAR,6154,2638,3516,1109,318,283,1140,34,166,2312,617,95,80,5076,1078,ITG,ITG2,20,Sardegna,Sardegna,1639591,453902,27.68,0.38
2990,2020-12-27,SAR,65,34,31,65,0,0,0,0,0,0,0,0,0,65,0,ITG,ITG2,20,Sardegna,Sardegna,1639591,453967,27.69,0.0
2991,2021-01-27,SAR,1409,494,915,1304,103,0,0,0,0,0,0,0,2,79,1330,ITG,ITG2,20,Sardegna,Sardegna,1639591,455376,27.77,0.09
2992,2021-02-02,SAR,1482,655,827,988,475,0,0,0,0,0,0,0,19,241,1241,ITG,ITG2,20,Sardegna,Sardegna,1639591,456858,27.86,0.09
2993,2021-01-20,SAR,210,77,133,154,56,0,0,0,0,0,0,0,0,208,2,ITG,ITG2,20,Sardegna,Sardegna,1639591,457068,27.88,0.01
2994,2021-05-21,SAR,19601,9567,10034,203,106,17,46,2453,1138,533,6045,371,8689,14524,5077,ITG,ITG2,20,Sardegna,Sardegna,1639591,476669,29.07,1.2
2995,2021-05-09,SAR,6125,2873,3252,55,44,13,55,1609,932,630,2598,6,183,5195,930,ITG,ITG2,20,Sardegna,Sardegna,1639591,482794,29.45,0.37
2996,2021-01-05,SAR,1327,446,881,1283,40,0,0,1,0,0,0,0,3,1327,0,ITG,ITG2,20,Sardegna,Sardegna,1639591,484121,29.53,0.08
2997,2021-04-03,SAR,4621,1785,2836,181,275,153,426,54,431,2773,209,23,96,2695,1926,ITG,ITG2,20,Sardegna,Sardegna,1639591,488742,29.81,0.28
2998,2021-04-18,SAR,5155,2239,2916,48,6,0,3,863,323,3472,418,11,11,2287,2868,ITG,ITG2,20,Sardegna,Sardegna,1639591,493897,30.12,0.31
2999,2021-03-14,SAR,607,376,231,34,210,0,12,2,1,252,0,87,9,607,0,ITG,ITG2,20,Sardegna,Sardegna,1639591,494504,30.16,0.04
3000,2021-04-21,SAR,12069,5555,6514,151,63,101,41,2753,1974,4296,2555,8,127,6537,5532,ITG,ITG2,20,Sardegna,Sardegna,1639591,506573,30.9,0.74
3001,2021-04-08,SAR,13425,5923,7502,715,198,77,288,393,2924,4981,3635,41,173,8307,5118,ITG,ITG2,20,Sardegna,Sardegna,1639591,519998,31.72,0.82
3002,2021-03-17,SAR,6556,2849,3707,1077,529,528,128,80,443,3343,369,5,54,4949,1607,ITG,ITG2,20,Sardegna,Sardegna,1639591,526554,32.11,0.4
3003,2021-04-24,SAR,10367,4851,5516,110,55,58,41,1959,1938,2286,3739,2,179,8028,2339,ITG,ITG2,20,Sardegna,Sardegna,1639591,536921,32.75,0.63
3004,2021-05-05,SAR,9914,4527,5387,242,192,81,12,770,3500,754,4117,17,229,7905,2009,ITG,ITG2,20,Sardegna,Sardegna,1639591,546835,33.35,0.6
3005,2021-01-28,SAR,2969,1045,1924,2555,400,0,0,1,0,0,0,11,2,69,2900,ITG,ITG2,20,Sardegna,Sardegna,1639591,549804,33.53,0.18
3006,2021-01-10,SAR,2183,750,1433,1632,548,0,0,0,0,0,0,0,3,2183,0,ITG,ITG2,20,Sardegna,Sardegna,1639591,551987,33.67,0.13
3007,2021-01-08,SAR,3258,1184,2074,2930,323,0,0,0,0,2,1,0,2,3258,0,ITG,ITG2,20,Sardegna,Sardegna,1639591,555245,33.86,0.2
3008,2021-02-18,SAR,1878,732,1146,1074,344,298,110,4,0,1,1,33,13,1814,64,ITG,ITG2,20,Sardegna,Sardegna,1639591,557123,33.98,0.11
3009,2021-02-27,SAR,1921,647,1274,1055,315,306,0,15,2,178,3,0,47,1366,555,ITG,ITG2,20,Sardegna,Sardegna,1639591,559044,34.1,0.12
3010,2021-05-11,SAR,8629,3980,4649,255,99,60,123,1209,2329,690,3631,23,210,6298,2331,ITG,ITG2,20,Sardegna,Sardegna,1639591,567673,34.62,0.53
3011,2021-04-04,SAR,1,0,1,0,0,0,0,0,0,1,0,0,0,0,1,ITG,ITG2,20,Sardegna,Sardegna,1639591,567674,34.62,0.0
3012,2021-02-04,SAR,2271,816,1455,1737,360,170,0,1,1,1,1,0,0,916,1355,ITG,ITG2,20,Sardegna,Sardegna,1639591,569945,34.76,0.14
3013,2021-02-19,SAR,1499,473,1026,677,390,388,0,4,4,1,13,1,21,1443,56,ITG,ITG2,20,Sardegna,Sardegna,1639591,571444,34.85,0.09
3014,2021-04-05,SAR,2036,784,1252,55,150,0,694,93,395,150,123,22,354,2035,1,ITG,ITG2,20,Sardegna,Sardegna,1639591,573480,34.98,0.12
3015,2020-12-29,SAR,57,32,25,56,1,0,0,0,0,0,0,0,0,57,0,ITG,ITG2,20,Sardegna,Sardegna,1639591,573537,34.98,0.0
3016,2021-05-03,SAR,8177,3815,4362,215,123,26,16,933,1254,743,4728,78,61,6580,1597,ITG,ITG2,20,Sardegna,Sardegna,1639591,581714,35.48,0.5
3017,2021-03-16,SAR,4374,1949,2425,663,224,352,8,36,163,2549,337,1,41,3452,922,ITG,ITG2,20,Sardegna,Sardegna,1639591,586088,35.75,0.27
3018,2021-04-28,SAR,9003,4267,4736,112,89,48,11,1015,1416,2170,4049,4,89,5307,3696,ITG,ITG2,20,Sardegna,Sardegna,1639591,595091,36.3,0.55
3019,2021-02-14,SAR,539,263,276,284,188,57,0,2,0,3,1,0,4,537,2,ITG,ITG2,20,Sardegna,Sardegna,1639591,595630,36.33,0.03
3020,2021-03-26,SAR,8087,3178,4909,845,567,414,1523,140,466,2761,1002,227,142,6562,1525,ITG,ITG2,20,Sardegna,Sardegna,1639591,603717,36.82,0.49
3021,2021-02-25,SAR,2899,1255,1644,1474,611,466,9,6,2,242,2,74,13,2294,605,ITG,ITG2,20,Sardegna,Sardegna,1639591,606616,37.0,0.18
3022,2021-01-06,SAR,1615,549,1066,1510,99,0,0,0,0,1,0,0,5,1615,0,ITG,ITG2,20,Sardegna,Sardegna,1639591,608231,37.1,0.1
3023,2021-03-12,SAR,6699,2796,3903,1150,843,467,267,72,92,3052,84,480,192,5342,1357,ITG,ITG2,20,Sardegna,Sardegna,1639591,614930,37.51,0.41
3024,2021-01-04,SAR,592,217,375,565,20,0,0,0,0,1,1,0,5,592,0,ITG,ITG2,20,Sardegna,Sardegna,1639591,615522,37.54,0.04
3025,2021-02-07,SAR,1116,394,722,975,141,0,0,0,0,0,0,0,0,228,888,ITG,ITG2,20,Sardegna,Sardegna,1639591,616638,37.61,0.07
3026,2021-02-01,SAR,1524,605,919,896,551,77,0,0,0,0,0,0,0,225,1299,ITG,ITG2,20,Sardegna,Sardegna,1639591,618162,37.7,0.09
3027,2020-12-31,SAR,32,16,16,28,4,0,0,0,0,0,0,0,0,32,0,ITG,ITG2,20,Sardegna,Sardegna,1639591,618194,37.7,0.0
3028,2021-01-19,SAR,747,270,477,423,163,160,1,0,0,0,0,0,0,692,55,ITG,ITG2,20,Sardegna,Sardegna,1639591,618941,37.75,0.05
3029,2021-01-18,SAR,904,326,578,714,188,0,0,0,0,0,0,1,1,780,124,ITG,ITG2,20,Sardegna,Sardegna,1639591,619845,37.8,0.06
3030,2021-01-03,SAR,90,36,54,89,1,0,0,0,0,0,0,0,0,90,0,ITG,ITG2,20,Sardegna,Sardegna,1639591,619935,37.81,0.01
3031,2021-05-04,SAR,9528,4382,5146,344,182,13,14,1557,2061,586,4658,23,90,7675,1853,ITG,ITG2,20,Sardegna,Sardegna,1639591,629463,38.39,0.58
3032,2021-02-03,SAR,1119,419,700,920,169,19,0,1,0,0,0,0,10,426,693,ITG,ITG2,20,Sardegna,Sardegna,1639591,630582,38.46,0.07
3033,2021-03-30,SAR,8640,3462,5178,652,514,237,1453,104,903,3362,1259,60,96,6367,2273,ITG,ITG2,20,Sardegna,Sardegna,1639591,639222,38.99,0.53
3034,2021-01-30,SAR,3863,1392,2471,2988,873,0,0,0,0,1,0,0,1,362,3501,ITG,ITG2,20,Sardegna,Sardegna,1639591,643085,39.22,0.24
3035,2021-01-21,SAR,126,60,66,60,66,0,0,0,0,0,0,0,0,94,32,ITG,ITG2,20,Sardegna,Sardegna,1639591,643211,39.23,0.01
3036,2021-04-02,SAR,8987,3547,5440,533,694,177,1309,96,803,4222,920,71,162,5745,3242,ITG,ITG2,20,Sardegna,Sardegna,1639591,652198,39.78,0.55
3037,2021-01-24,SAR,90,34,56,89,1,0,0,0,0,0,0,0,0,5,85,ITG,ITG2,20,Sardegna,Sardegna,1639591,652288,39.78,0.01
3038,2021-03-22,SAR,3550,1363,2187,839,344,109,1136,16,42,784,153,105,22,3037,513,ITG,ITG2,20,Sardegna,Sardegna,1639591,655838,40.0,0.22
3039,2021-02-06,SAR,1970,697,1273,1544,284,139,1,0,1,0,0,0,1,569,1401,ITG,ITG2,20,Sardegna,Sardegna,1639591,657808,40.12,0.12
3040,2021-02-13,SAR,1456,565,891,732,433,256,5,4,3,1,1,0,21,1454,2,ITG,ITG2,20,Sardegna,Sardegna,1639591,659264,40.21,0.09
3041,2021-05-01,SAR,9850,4735,5115,117,39,11,5,513,1372,2867,4805,8,113,5429,4421,ITG,ITG2,20,Sardegna,Sardegna,1639591,669114,40.81,0.6
3042,2021-04-16,SAR,14441,6488,7953,477,159,107,27,2161,4363,4318,2691,19,119,9098,5343,ITG,ITG2,20,Sardegna,Sardegna,1639591,683555,41.69,0.88
3043,2021-03-24,SAR,7286,2998,4288,739,254,397,1059,58,400,3165,789,330,95,5927,1359,ITG,ITG2,20,Sardegna,Sardegna,1639591,690841,42.13,0.44
3044,2021-04-10,SAR,10489,4748,5741,153,110,11,218,721,4701,3602,805,11,157,8554,1935,ITG,ITG2,20,Sardegna,Sardegna,1639591,701330,42.77,0.64
3045,2021-02-08,SAR,1470,533,937,998,337,126,0,1,0,1,1,1,5,856,614,ITG,ITG2,20,Sardegna,Sardegna,1639591,702800,42.86,0.09
3046,2021-01-01,SAR,32,17,15,30,0,0,0,0,0,0,2,0,0,32,0,ITG,ITG2,20,Sardegna,Sardegna,1639591,702832,42.87,0.0
3047,2021-05-23,SAR,9919,4784,5135,15,36,0,14,1823,645,167,2187,33,4999,7713,2206,ITG,ITG2,20,Sardegna,Sardegna,1639591,712751,43.47,0.6
3048,2021-05-08,SAR,12821,5887,6934,105,85,8,238,2857,1950,1084,6070,12,412,10673,2148,ITG,ITG2,20,Sardegna,Sardegna,1639591,725572,44.25,0.78
3049,2021-05-06,SAR,12377,5715,6662,269,126,71,116,2838,1479,1247,6031,48,152,9368,3009,ITG,ITG2,20,Sardegna,Sardegna,1639591,737949,45.01,0.75
3050,2021-04-19,SAR,10177,4613,5564,186,75,88,43,3704,3201,1419,1424,6,31,8760,1417,ITG,ITG2,20,Sardegna,Sardegna,1639591,748126,45.63,0.62
3051,2021-02-22,SAR,1639,949,690,606,294,190,0,6,3,5,11,517,7,1411,228,ITG,ITG2,20,Sardegna,Sardegna,1639591,749765,45.73,0.1
3052,2021-03-04,SAR,4002,1953,2049,987,552,542,42,44,18,1153,1,581,82,2747,1255,ITG,ITG2,20,Sardegna,Sardegna,1639591,753767,45.97,0.24
3053,2021-05-12,SAR,10228,4593,5635,200,187,35,363,1551,1748,1204,4504,174,262,7162,3066,ITG,ITG2,20,Sardegna,Sardegna,1639591,763995,46.6,0.62
3054,2021-05-18,SAR,13234,6417,6817,150,59,19,63,1855,969,400,4619,208,4892,9139,4095,ITG,ITG2,20,Sardegna,Sardegna,1639591,777229,47.4,0.81
3055,2021-04-15,SAR,11801,5519,6282,271,93,141,20,1065,4003,3897,2147,29,135,6847,4954,ITG,ITG2,20,Sardegna,Sardegna,1639591,789030,48.12,0.72
3056,2021-04-29,SAR,10799,4976,5823,237,94,57,21,977,1249,1529,6468,5,162,6613,4186,ITG,ITG2,20,Sardegna,Sardegna,1639591,799829,48.78,0.66
