,data,area,Vaccinazioni giornaliere,sesso_maschile,sesso_femminile,prima_dose,seconda_dose,pregressa_infezione,dose_aggiuntiva,codice_NUTS1,codice_NUTS2,codice_regione_ISTAT,nome_area,Regione,popolazione,Totale vaccinazioni,Totale vaccinazioni ogni cento ab,Vaccinazioni giornaliere ogni cento ab
0,2021-04-16,LAZ,34592,15774,18818,21906,12244,442,0,ITI,ITI4,12,Lazio,Lazio,5879082,34592,0.59,0.59
1,2021-01-23,LAZ,7221,2872,4349,590,6631,0,0,ITI,ITI4,12,Lazio,Lazio,5879082,41813,0.71,0.12
2,2021-01-06,LAZ,5215,1996,3219,5095,0,120,0,ITI,ITI4,12,Lazio,Lazio,5879082,47028,0.8,0.09
3,2021-09-17,LAZ,11821,6226,5595,4264,6760,409,388,ITI,ITI4,12,Lazio,Lazio,5879082,58849,1.0,0.2
4,2021-02-20,LAZ,9234,4285,4949,8374,788,72,0,ITI,ITI4,12,Lazio,Lazio,5879082,68083,1.16,0.16
5,2021-05-31,LAZ,51835,23085,28750,30848,19939,1048,0,ITI,ITI4,12,Lazio,Lazio,5879082,119918,2.04,0.88
6,2021-02-18,LAZ,10106,5027,5079,9110,882,114,0,ITI,ITI4,12,Lazio,Lazio,5879082,130024,2.21,0.17
7,2021-05-12,LAZ,47638,21628,26010,30242,16704,692,0,ITI,ITI4,12,Lazio,Lazio,5879082,177662,3.02,0.81
8,2021-02-01,LAZ,5687,2186,3501,352,5334,1,0,ITI,ITI4,12,Lazio,Lazio,5879082,183349,3.12,0.1
9,2021-08-08,LAZ,50368,26078,24290,18012,31510,846,0,ITI,ITI4,12,Lazio,Lazio,5879082,233717,3.98,0.86
10,2021-06-26,LAZ,56264,26526,29738,24701,30954,609,0,ITI,ITI4,12,Lazio,Lazio,5879082,289981,4.93,0.96
11,2021-04-30,LAZ,41761,18506,23255,26630,14405,726,0,ITI,ITI4,12,Lazio,Lazio,5879082,331742,5.64,0.71
12,2021-08-22,LAZ,8783,5310,3473,2534,6162,87,0,ITI,ITI4,12,Lazio,Lazio,5879082,340525,5.79,0.15
13,2021-03-30,LAZ,27174,13220,13954,19540,7234,400,0,ITI,ITI4,12,Lazio,Lazio,5879082,367699,6.25,0.46
14,2021-07-08,LAZ,64411,31628,32783,28158,35545,708,0,ITI,ITI4,12,Lazio,Lazio,5879082,432110,7.35,1.1
15,2021-07-27,LAZ,56534,27468,29066,8118,48075,341,0,ITI,ITI4,12,Lazio,Lazio,5879082,488644,8.31,0.96
16,2021-04-18,LAZ,23876,10611,13265,15851,7706,319,0,ITI,ITI4,12,Lazio,Lazio,5879082,512520,8.72,0.41
17,2021-05-26,LAZ,47706,21943,25763,34842,12168,696,0,ITI,ITI4,12,Lazio,Lazio,5879082,560226,9.53,0.81
18,2021-03-04,LAZ,19516,8767,10749,14197,5036,283,0,ITI,ITI4,12,Lazio,Lazio,5879082,579742,9.86,0.33
19,2021-06-12,LAZ,69975,32134,37841,39878,29434,663,0,ITI,ITI4,12,Lazio,Lazio,5879082,649717,11.05,1.19
20,2021-06-14,LAZ,63136,29586,33550,32333,30229,574,0,ITI,ITI4,12,Lazio,Lazio,5879082,712853,12.13,1.07
21,2021-09-22,LAZ,12667,6617,6050,5555,6257,399,456,ITI,ITI4,12,Lazio,Lazio,5879082,725520,12.34,0.22
22,2021-07-22,LAZ,61212,30583,30629,28443,31209,1560,0,ITI,ITI4,12,Lazio,Lazio,5879082,786732,13.38,1.04
23,2021-09-03,LAZ,26022,13579,12443,7318,18214,490,0,ITI,ITI4,12,Lazio,Lazio,5879082,812754,13.82,0.44
24,2021-05-17,LAZ,44662,20452,24210,35403,8636,623,0,ITI,ITI4,12,Lazio,Lazio,5879082,857416,14.58,0.76
25,2021-03-16,LAZ,13647,5784,7863,7045,6518,84,0,ITI,ITI4,12,Lazio,Lazio,5879082,871063,14.82,0.23
26,2021-03-09,LAZ,22087,9982,12105,16482,5233,372,0,ITI,ITI4,12,Lazio,Lazio,5879082,893150,15.19,0.38
27,2021-01-11,LAZ,5734,2184,3550,5589,0,145,0,ITI,ITI4,12,Lazio,Lazio,5879082,898884,15.29,0.1
28,2021-02-25,LAZ,12837,5620,7217,11413,1216,208,0,ITI,ITI4,12,Lazio,Lazio,5879082,911721,15.51,0.22
29,2021-06-05,LAZ,66460,32739,33721,42940,22823,697,0,ITI,ITI4,12,Lazio,Lazio,5879082,978181,16.64,1.13
30,2021-04-04,LAZ,17676,8206,9470,12251,5294,131,0,ITI,ITI4,12,Lazio,Lazio,5879082,995857,16.94,0.3
31,2021-09-10,LAZ,11471,5893,5578,6121,4718,632,0,ITI,ITI4,12,Lazio,Lazio,5879082,1007328,17.13,0.2
32,2021-06-19,LAZ,66612,31429,35183,35274,30510,828,0,ITI,ITI4,12,Lazio,Lazio,5879082,1073940,18.27,1.13
33,2021-07-15,LAZ,45086,22079,23007,6691,37950,445,0,ITI,ITI4,12,Lazio,Lazio,5879082,1119026,19.03,0.77
34,2021-01-13,LAZ,5887,2249,3638,5721,0,166,0,ITI,ITI4,12,Lazio,Lazio,5879082,1124913,19.13,0.1
35,2021-04-23,LAZ,38015,18316,19699,22042,15427,546,0,ITI,ITI4,12,Lazio,Lazio,5879082,1162928,19.78,0.65
36,2021-03-21,LAZ,18311,7214,11097,13029,5071,211,0,ITI,ITI4,12,Lazio,Lazio,5879082,1181239,20.09,0.31
37,2020-12-30,LAZ,1661,641,1020,1650,0,11,0,ITI,ITI4,12,Lazio,Lazio,5879082,1182900,20.12,0.03
38,2021-07-01,LAZ,48592,23244,25348,7169,41199,224,0,ITI,ITI4,12,Lazio,Lazio,5879082,1231492,20.95,0.83
39,2021-04-09,LAZ,27760,12642,15118,19129,8290,341,0,ITI,ITI4,12,Lazio,Lazio,5879082,1259252,21.42,0.47
40,2021-03-23,LAZ,25510,11983,13527,18473,6654,383,0,ITI,ITI4,12,Lazio,Lazio,5879082,1284762,21.85,0.43
41,2021-08-10,LAZ,51093,26430,24663,21587,28508,998,0,ITI,ITI4,12,Lazio,Lazio,5879082,1335855,22.72,0.87
42,2021-05-19,LAZ,47358,21758,25600,36472,10189,697,0,ITI,ITI4,12,Lazio,Lazio,5879082,1383213,23.53,0.81
43,2021-08-27,LAZ,30731,16138,14593,7615,22545,571,0,ITI,ITI4,12,Lazio,Lazio,5879082,1413944,24.05,0.52
44,2021-09-15,LAZ,12436,6293,6143,2943,9141,351,1,ITI,ITI4,12,Lazio,Lazio,5879082,1426380,24.26,0.21
45,2021-01-04,LAZ,7600,2952,4648,7494,0,106,0,ITI,ITI4,12,Lazio,Lazio,5879082,1433980,24.39,0.13
46,2021-06-24,LAZ,64104,30577,33527,28610,34825,669,0,ITI,ITI4,12,Lazio,Lazio,5879082,1498084,25.48,1.09
47,2021-06-07,LAZ,62707,29355,33352,32713,29380,614,0,ITI,ITI4,12,Lazio,Lazio,5879082,1560791,26.55,1.07
48,2021-02-06,LAZ,6287,2568,3719,897,5385,5,0,ITI,ITI4,12,Lazio,Lazio,5879082,1567078,26.66,0.11
49,2021-02-11,LAZ,7087,3073,4014,6451,611,25,0,ITI,ITI4,12,Lazio,Lazio,5879082,1574165,26.78,0.12
50,2021-04-11,LAZ,19250,8538,10712,13122,5938,190,0,ITI,ITI4,12,Lazio,Lazio,5879082,1593415,27.1,0.33
51,2021-02-13,LAZ,6625,2631,3994,6149,425,51,0,ITI,ITI4,12,Lazio,Lazio,5879082,1600040,27.22,0.11
52,2021-07-20,LAZ,63481,31677,31804,28434,33787,1260,0,ITI,ITI4,12,Lazio,Lazio,5879082,1663521,28.3,1.08
53,2021-01-25,LAZ,8174,3288,4886,829,7345,0,0,ITI,ITI4,12,Lazio,Lazio,5879082,1671695,28.43,0.14
54,2021-05-05,LAZ,46885,21515,25370,30359,15896,630,0,ITI,ITI4,12,Lazio,Lazio,5879082,1718580,29.23,0.8
55,2021-03-02,LAZ,17287,7658,9629,13124,3957,206,0,ITI,ITI4,12,Lazio,Lazio,5879082,1735867,29.53,0.29
56,2021-08-29,LAZ,27446,13966,13480,8961,17882,603,0,ITI,ITI4,12,Lazio,Lazio,5879082,1763313,29.99,0.47
57,2021-03-28,LAZ,19216,7844,11372,13527,5326,363,0,ITI,ITI4,12,Lazio,Lazio,5879082,1782529,30.32,0.33
58,2021-06-09,LAZ,70578,33437,37141,35975,33935,668,0,ITI,ITI4,12,Lazio,Lazio,5879082,1853107,31.52,1.2
59,2021-05-07,LAZ,48365,22674,25691,29790,17854,721,0,ITI,ITI4,12,Lazio,Lazio,5879082,1901472,32.34,0.82
60,2021-03-11,LAZ,25552,12055,13497,18882,6297,373,0,ITI,ITI4,12,Lazio,Lazio,5879082,1927024,32.78,0.43
61,2021-08-15,LAZ,1520,941,579,801,697,22,0,ITI,ITI4,12,Lazio,Lazio,5879082,1928544,32.8,0.03
62,2021-07-03,LAZ,53269,25086,28183,4639,48479,151,0,ITI,ITI4,12,Lazio,Lazio,5879082,1981813,33.71,0.91
63,2021-02-03,LAZ,6503,2495,4008,966,5532,5,0,ITI,ITI4,12,Lazio,Lazio,5879082,1988316,33.82,0.11
64,2021-01-20,LAZ,4841,1962,2879,3288,1547,6,0,ITI,ITI4,12,Lazio,Lazio,5879082,1993157,33.9,0.08
65,2021-05-14,LAZ,51677,23609,28068,32424,18428,825,0,ITI,ITI4,12,Lazio,Lazio,5879082,2044834,34.78,0.88
66,2021-03-18,LAZ,14322,6119,8203,7777,6450,95,0,ITI,ITI4,12,Lazio,Lazio,5879082,2059156,35.03,0.24
67,2021-08-03,LAZ,32618,16636,15982,5156,27250,212,0,ITI,ITI4,12,Lazio,Lazio,5879082,2091774,35.58,0.55
68,2021-01-30,LAZ,7025,2898,4127,815,6209,1,0,ITI,ITI4,12,Lazio,Lazio,5879082,2098799,35.7,0.12
69,2021-07-19,LAZ,63230,31092,32138,28296,33779,1155,0,ITI,ITI4,12,Lazio,Lazio,5879082,2162029,36.77,1.08
70,2021-01-15,LAZ,6742,2777,3965,6569,0,173,0,ITI,ITI4,12,Lazio,Lazio,5879082,2168771,36.89,0.11
71,2021-04-25,LAZ,24586,11284,13302,16378,7876,332,0,ITI,ITI4,12,Lazio,Lazio,5879082,2193357,37.31,0.42
72,2021-02-15,LAZ,8107,3603,4504,7326,655,126,0,ITI,ITI4,12,Lazio,Lazio,5879082,2201464,37.45,0.14
73,2021-01-29,LAZ,8419,3205,5214,930,7487,2,0,ITI,ITI4,12,Lazio,Lazio,5879082,2209883,37.59,0.14
74,2021-09-05,LAZ,10100,5166,4934,6568,3088,444,0,ITI,ITI4,12,Lazio,Lazio,5879082,2219983,37.76,0.17
75,2021-06-21,LAZ,62065,28840,33225,28486,32952,627,0,ITI,ITI4,12,Lazio,Lazio,5879082,2282048,38.82,1.06
76,2021-03-13,LAZ,21867,8765,13102,15701,5922,244,0,ITI,ITI4,12,Lazio,Lazio,5879082,2303915,39.19,0.37
77,2021-04-27,LAZ,30862,13941,16921,19377,11025,460,0,ITI,ITI4,12,Lazio,Lazio,5879082,2334777,39.71,0.52
78,2021-03-01,LAZ,17163,7381,9782,12990,3896,277,0,ITI,ITI4,12,Lazio,Lazio,5879082,2351940,40.01,0.29
79,2021-08-05,LAZ,33728,17520,16208,22009,10651,1068,0,ITI,ITI4,12,Lazio,Lazio,5879082,2385668,40.58,0.57
80,2021-02-22,LAZ,11535,5035,6500,10817,554,164,0,ITI,ITI4,12,Lazio,Lazio,5879082,2397203,40.78,0.2
81,2021-06-02,LAZ,43564,21618,21946,31434,11556,574,0,ITI,ITI4,12,Lazio,Lazio,5879082,2440767,41.52,0.74
82,2021-06-11,LAZ,69854,32865,36989,36658,32510,686,0,ITI,ITI4,12,Lazio,Lazio,5879082,2510621,42.7,1.19
83,2021-09-19,LAZ,14762,7652,7110,6110,7927,506,219,ITI,ITI4,12,Lazio,Lazio,5879082,2525383,42.96,0.25
84,2021-01-18,LAZ,6406,2611,3795,5299,981,126,0,ITI,ITI4,12,Lazio,Lazio,5879082,2531789,43.06,0.11
85,2021-04-28,LAZ,33060,15086,17974,20913,11683,464,0,ITI,ITI4,12,Lazio,Lazio,5879082,2564849,43.63,0.56
86,2021-03-27,LAZ,26578,10819,15759,19482,6528,568,0,ITI,ITI4,12,Lazio,Lazio,5879082,2591427,44.08,0.45
87,2021-08-31,LAZ,31171,15429,15742,11615,18598,958,0,ITI,ITI4,12,Lazio,Lazio,5879082,2622598,44.61,0.53
88,2021-07-05,LAZ,61777,29741,32036,25583,35101,1093,0,ITI,ITI4,12,Lazio,Lazio,5879082,2684375,45.66,1.05
89,2021-05-23,LAZ,47201,22905,24296,39083,7420,698,0,ITI,ITI4,12,Lazio,Lazio,5879082,2731576,46.46,0.8
90,2021-04-01,LAZ,29837,14162,15675,22204,7188,445,0,ITI,ITI4,12,Lazio,Lazio,5879082,2761413,46.97,0.51
91,2021-07-10,LAZ,71196,35738,35458,25040,45471,685,0,ITI,ITI4,12,Lazio,Lazio,5879082,2832609,48.18,1.21
92,2021-07-24,LAZ,30787,15531,15256,3207,27419,161,0,ITI,ITI4,12,Lazio,Lazio,5879082,2863396,48.7,0.52
93,2021-06-23,LAZ,62397,29400,32997,28426,33461,510,0,ITI,ITI4,12,Lazio,Lazio,5879082,2925793,49.77,1.06
94,2021-03-25,LAZ,29569,13740,15829,22376,6696,497,0,ITI,ITI4,12,Lazio,Lazio,5879082,2955362,50.27,0.5
95,2021-01-27,LAZ,6190,2417,3773,1061,5129,0,0,ITI,ITI4,12,Lazio,Lazio,5879082,2961552,50.37,0.11
96,2021-06-01,LAZ,49188,23736,25452,30075,18614,499,0,ITI,ITI4,12,Lazio,Lazio,5879082,3010740,51.21,0.84
97,2021-04-05,LAZ,19995,9159,10836,13598,6221,176,0,ITI,ITI4,12,Lazio,Lazio,5879082,3030735,51.55,0.34
98,2021-09-09,LAZ,12267,6256,6011,6255,5457,555,0,ITI,ITI4,12,Lazio,Lazio,5879082,3043002,51.76,0.21
99,2021-04-06,LAZ,24675,11301,13374,17100,7195,380,0,ITI,ITI4,12,Lazio,Lazio,5879082,3067677,52.18,0.42
100,2020-12-27,LAZ,277,133,144,277,0,0,0,ITI,ITI4,12,Lazio,Lazio,5879082,3067954,52.18,0.0
101,2021-02-17,LAZ,9239,4629,4610,8270,899,70,0,ITI,ITI4,12,Lazio,Lazio,5879082,3077193,52.34,0.16
102,2021-05-28,LAZ,57295,26653,30642,43112,13355,828,0,ITI,ITI4,12,Lazio,Lazio,5879082,3134488,53.32,0.97
103,2021-08-19,LAZ,9307,5338,3969,3011,6186,110,0,ITI,ITI4,12,Lazio,Lazio,5879082,3143795,53.47,0.16
104,2021-09-07,LAZ,13236,6717,6519,6939,5832,465,0,ITI,ITI4,12,Lazio,Lazio,5879082,3157031,53.7,0.23
105,2021-03-06,LAZ,18437,7112,11325,13898,4284,255,0,ITI,ITI4,12,Lazio,Lazio,5879082,3175468,54.01,0.31
106,2021-09-14,LAZ,18399,9128,9271,7373,10105,901,20,ITI,ITI4,12,Lazio,Lazio,5879082,3193867,54.33,0.31
107,2021-02-08,LAZ,9762,4170,5592,4506,5254,2,0,ITI,ITI4,12,Lazio,Lazio,5879082,3203629,54.49,0.17
108,2021-05-02,LAZ,32955,14469,18486,22940,9482,533,0,ITI,ITI4,12,Lazio,Lazio,5879082,3236584,55.05,0.56
109,2021-08-07,LAZ,35066,18997,16069,22001,11931,1134,0,ITI,ITI4,12,Lazio,Lazio,5879082,3271650,55.65,0.6
110,2021-05-06,LAZ,48914,22793,26121,30539,17638,737,0,ITI,ITI4,12,Lazio,Lazio,5879082,3320564,56.48,0.83
111,2021-04-15,LAZ,32071,14362,17709,20621,10940,510,0,ITI,ITI4,12,Lazio,Lazio,5879082,3352635,57.03,0.55
112,2021-08-26,LAZ,32260,16752,15508,8236,23458,566,0,ITI,ITI4,12,Lazio,Lazio,5879082,3384895,57.58,0.55
113,2021-02-10,LAZ,8266,3462,4804,4850,3410,6,0,ITI,ITI4,12,Lazio,Lazio,5879082,3393161,57.72,0.14
114,2021-05-21,LAZ,52175,25107,27068,37303,14156,716,0,ITI,ITI4,12,Lazio,Lazio,5879082,3445336,58.6,0.89
115,2021-06-04,LAZ,62134,30295,31839,43562,17893,679,0,ITI,ITI4,12,Lazio,Lazio,5879082,3507470,59.66,1.06
116,2021-09-12,LAZ,7478,3748,3730,4779,2157,542,0,ITI,ITI4,12,Lazio,Lazio,5879082,3514948,59.79,0.13
117,2021-05-04,LAZ,40329,18551,21778,26057,13745,527,0,ITI,ITI4,12,Lazio,Lazio,5879082,3555277,60.47,0.69
118,2021-08-12,LAZ,48073,24896,23177,20824,26255,994,0,ITI,ITI4,12,Lazio,Lazio,5879082,3603350,61.29,0.82
119,2021-05-09,LAZ,37583,17276,20307,25767,11316,500,0,ITI,ITI4,12,Lazio,Lazio,5879082,3640933,61.93,0.64
120,2021-08-17,LAZ,8329,4828,3501,4020,4189,120,0,ITI,ITI4,12,Lazio,Lazio,5879082,3649262,62.07,0.14
121,2021-07-12,LAZ,41476,20741,20735,5851,35387,238,0,ITI,ITI4,12,Lazio,Lazio,5879082,3690738,62.78,0.71
122,2021-05-16,LAZ,51043,24581,26462,36914,13526,603,0,ITI,ITI4,12,Lazio,Lazio,5879082,3741781,63.65,0.87
123,2021-07-28,LAZ,58373,29826,28547,8627,49376,370,0,ITI,ITI4,12,Lazio,Lazio,5879082,3800154,64.64,0.99
124,2021-05-25,LAZ,47667,22384,25283,35291,11747,629,0,ITI,ITI4,12,Lazio,Lazio,5879082,3847821,65.45,0.81
125,2021-09-02,LAZ,26272,13489,12783,7972,17844,456,0,ITI,ITI4,12,Lazio,Lazio,5879082,3874093,65.9,0.45
126,2021-04-12,LAZ,23959,10804,13155,16656,6972,331,0,ITI,ITI4,12,Lazio,Lazio,5879082,3898052,66.3,0.41
127,2021-09-16,LAZ,11152,5712,5440,3540,7116,339,157,ITI,ITI4,12,Lazio,Lazio,5879082,3909204,66.49,0.19
128,2021-07-21,LAZ,63838,32704,31134,29558,32877,1403,0,ITI,ITI4,12,Lazio,Lazio,5879082,3973042,67.58,1.09
129,2021-03-20,LAZ,19295,7681,11614,13090,5924,281,0,ITI,ITI4,12,Lazio,Lazio,5879082,3992337,67.91,0.33
130,2021-07-17,LAZ,43975,22180,21795,2173,41695,107,0,ITI,ITI4,12,Lazio,Lazio,5879082,4036312,68.66,0.75
131,2021-06-30,LAZ,63084,29693,33391,29767,32754,563,0,ITI,ITI4,12,Lazio,Lazio,5879082,4099396,69.73,1.07
132,2021-04-08,LAZ,26922,12342,14580,18762,7734,426,0,ITI,ITI4,12,Lazio,Lazio,5879082,4126318,70.19,0.46
133,2021-07-02,LAZ,48585,23281,25304,6602,41785,198,0,ITI,ITI4,12,Lazio,Lazio,5879082,4174903,71.01,0.83
134,2021-01-22,LAZ,4036,1653,2383,520,3516,0,0,ITI,ITI4,12,Lazio,Lazio,5879082,4178939,71.08,0.07
135,2021-02-27,LAZ,11551,4340,7211,10354,1053,144,0,ITI,ITI4,12,Lazio,Lazio,5879082,4190490,71.28,0.2
136,2021-05-20,LAZ,51974,25084,26890,37269,14011,694,0,ITI,ITI4,12,Lazio,Lazio,5879082,4242464,72.16,0.88
137,2021-08-28,LAZ,32648,17045,15603,10985,20913,750,0,ITI,ITI4,12,Lazio,Lazio,5879082,4275112,72.72,0.56
138,2021-08-14,LAZ,2544,1437,1107,992,1518,34,0,ITI,ITI4,12,Lazio,Lazio,5879082,4277656,72.76,0.04
139,2021-08-16,LAZ,3723,2052,1671,2067,1593,63,0,ITI,ITI4,12,Lazio,Lazio,5879082,4281379,72.82,0.06
140,2021-01-17,LAZ,4970,2055,2915,4692,213,65,0,ITI,ITI4,12,Lazio,Lazio,5879082,4286349,72.91,0.08
141,2021-01-19,LAZ,4792,1970,2822,4335,454,3,0,ITI,ITI4,12,Lazio,Lazio,5879082,4291141,72.99,0.08
142,2021-08-24,LAZ,19001,10192,8809,11842,6433,726,0,ITI,ITI4,12,Lazio,Lazio,5879082,4310142,73.31,0.32
143,2021-06-28,LAZ,58998,28212,30786,27478,31049,471,0,ITI,ITI4,12,Lazio,Lazio,5879082,4369140,74.32,1.0
144,2021-02-12,LAZ,6903,2883,4020,6376,444,83,0,ITI,ITI4,12,Lazio,Lazio,5879082,4376043,74.43,0.12
145,2021-01-31,LAZ,4467,1859,2608,481,3986,0,0,ITI,ITI4,12,Lazio,Lazio,5879082,4380510,74.51,0.08
146,2021-05-11,LAZ,48416,22236,26180,31132,16604,680,0,ITI,ITI4,12,Lazio,Lazio,5879082,4428926,75.33,0.82
147,2021-07-16,LAZ,44505,21457,23048,3325,40991,189,0,ITI,ITI4,12,Lazio,Lazio,5879082,4473431,76.09,0.76
148,2021-04-24,LAZ,33603,15165,18438,20131,12924,548,0,ITI,ITI4,12,Lazio,Lazio,5879082,4507034,76.66,0.57
149,2021-08-02,LAZ,37764,19741,18023,6586,30937,241,0,ITI,ITI4,12,Lazio,Lazio,5879082,4544798,77.3,0.64
150,2021-08-21,LAZ,10219,5876,4343,3209,6903,107,0,ITI,ITI4,12,Lazio,Lazio,5879082,4555017,77.48,0.17
151,2021-05-30,LAZ,41293,17666,23627,33224,7383,686,0,ITI,ITI4,12,Lazio,Lazio,5879082,4596310,78.18,0.7
152,2021-05-13,LAZ,50308,22618,27690,31657,17895,756,0,ITI,ITI4,12,Lazio,Lazio,5879082,4646618,79.04,0.86
153,2021-06-08,LAZ,66865,31921,34944,36149,30041,675,0,ITI,ITI4,12,Lazio,Lazio,5879082,4713483,80.17,1.14
154,2021-07-14,LAZ,42237,20595,21642,6186,35681,370,0,ITI,ITI4,12,Lazio,Lazio,5879082,4755720,80.89,0.72
155,2021-01-09,LAZ,6447,2626,3821,6334,0,113,0,ITI,ITI4,12,Lazio,Lazio,5879082,4762167,81.0,0.11
156,2021-02-24,LAZ,12122,5243,6879,10943,1044,135,0,ITI,ITI4,12,Lazio,Lazio,5879082,4774289,81.21,0.21
157,2021-07-07,LAZ,62753,31078,31675,28388,33751,614,0,ITI,ITI4,12,Lazio,Lazio,5879082,4837042,82.28,1.07
158,2021-03-29,LAZ,25625,12178,13447,18193,7093,339,0,ITI,ITI4,12,Lazio,Lazio,5879082,4862667,82.71,0.44
159,2021-03-15,LAZ,21066,9895,11171,14010,6779,277,0,ITI,ITI4,12,Lazio,Lazio,5879082,4883733,83.07,0.36
160,2021-06-20,LAZ,55354,25459,29895,29598,24980,776,0,ITI,ITI4,12,Lazio,Lazio,5879082,4939087,84.01,0.94
161,2021-06-06,LAZ,58328,28124,30204,35148,22555,625,0,ITI,ITI4,12,Lazio,Lazio,5879082,4997415,85.0,0.99
162,2021-02-26,LAZ,13209,5763,7446,11552,1472,185,0,ITI,ITI4,12,Lazio,Lazio,5879082,5010624,85.23,0.22
163,2021-07-09,LAZ,65138,31430,33708,27615,36751,772,0,ITI,ITI4,12,Lazio,Lazio,5879082,5075762,86.34,1.11
164,2021-04-29,LAZ,38881,17362,21519,24801,13396,684,0,ITI,ITI4,12,Lazio,Lazio,5879082,5114643,87.0,0.66
165,2021-03-03,LAZ,17941,7907,10034,13338,4322,281,0,ITI,ITI4,12,Lazio,Lazio,5879082,5132584,87.3,0.31
166,2021-08-09,LAZ,52772,26808,25964,21939,29739,1094,0,ITI,ITI4,12,Lazio,Lazio,5879082,5185356,88.2,0.9
167,2021-01-26,LAZ,7991,3136,4855,743,7248,0,0,ITI,ITI4,12,Lazio,Lazio,5879082,5193347,88.34,0.14
168,2021-04-19,LAZ,30192,13730,16462,18948,10757,487,0,ITI,ITI4,12,Lazio,Lazio,5879082,5223539,88.85,0.51
169,2021-02-21,LAZ,7001,3184,3817,6482,468,51,0,ITI,ITI4,12,Lazio,Lazio,5879082,5230540,88.97,0.12
170,2020-12-31,LAZ,5389,2159,3230,5329,0,60,0,ITI,ITI4,12,Lazio,Lazio,5879082,5235929,89.06,0.09
171,2021-09-11,LAZ,12390,6130,6260,8306,3194,890,0,ITI,ITI4,12,Lazio,Lazio,5879082,5248319,89.27,0.21
172,2021-04-10,LAZ,23964,10430,13534,16473,7212,279,0,ITI,ITI4,12,Lazio,Lazio,5879082,5272283,89.68,0.41
173,2021-02-05,LAZ,7345,3006,4339,1218,6123,4,0,ITI,ITI4,12,Lazio,Lazio,5879082,5279628,89.8,0.12
174,2021-08-04,LAZ,48289,24363,23926,20777,26798,714,0,ITI,ITI4,12,Lazio,Lazio,5879082,5327917,90.62,0.82
175,2021-01-05,LAZ,7469,2838,4631,7366,0,103,0,ITI,ITI4,12,Lazio,Lazio,5879082,5335386,90.75,0.13
176,2021-01-24,LAZ,5705,2233,3472,619,5086,0,0,ITI,ITI4,12,Lazio,Lazio,5879082,5341091,90.85,0.1
177,2021-02-07,LAZ,4979,2052,2927,413,4565,1,0,ITI,ITI4,12,Lazio,Lazio,5879082,5346070,90.93,0.08
178,2021-05-18,LAZ,45142,20657,24485,34884,9635,623,0,ITI,ITI4,12,Lazio,Lazio,5879082,5391212,91.7,0.77
179,2021-05-01,LAZ,38285,17217,21068,25707,12089,489,0,ITI,ITI4,12,Lazio,Lazio,5879082,5429497,92.35,0.65
180,2021-04-17,LAZ,32505,14258,18247,19966,12072,467,0,ITI,ITI4,12,Lazio,Lazio,5879082,5462002,92.91,0.55
181,2021-07-26,LAZ,50931,25093,25838,6619,43984,328,0,ITI,ITI4,12,Lazio,Lazio,5879082,5512933,93.77,0.87
182,2021-03-22,LAZ,23454,10584,12870,16355,6750,349,0,ITI,ITI4,12,Lazio,Lazio,5879082,5536387,94.17,0.4
183,2020-12-29,LAZ,500,183,317,496,0,4,0,ITI,ITI4,12,Lazio,Lazio,5879082,5536887,94.18,0.01
184,2021-09-21,LAZ,17665,9058,8607,6635,10052,476,502,ITI,ITI4,12,Lazio,Lazio,5879082,5554552,94.48,0.3
185,2021-09-04,LAZ,14286,7269,7017,9625,3923,738,0,ITI,ITI4,12,Lazio,Lazio,5879082,5568838,94.72,0.24
186,2021-04-02,LAZ,29589,14196,15393,21730,7412,447,0,ITI,ITI4,12,Lazio,Lazio,5879082,5598427,95.23,0.5
187,2021-07-11,LAZ,44186,22287,21899,3743,40275,168,0,ITI,ITI4,12,Lazio,Lazio,5879082,5642613,95.98,0.75
188,2021-01-28,LAZ,8341,3189,5152,836,7504,1,0,ITI,ITI4,12,Lazio,Lazio,5879082,5650954,96.12,0.14
189,2021-07-04,LAZ,46637,21716,24921,4111,42432,94,0,ITI,ITI4,12,Lazio,Lazio,5879082,5697591,96.91,0.79
190,2021-05-08,LAZ,45542,20796,24746,29323,15482,737,0,ITI,ITI4,12,Lazio,Lazio,5879082,5743133,97.69,0.77
191,2021-04-03,LAZ,24876,11235,13641,17875,6748,253,0,ITI,ITI4,12,Lazio,Lazio,5879082,5768009,98.11,0.42
192,2021-02-14,LAZ,5809,2383,3426,5298,479,32,0,ITI,ITI4,12,Lazio,Lazio,5879082,5773818,98.21,0.1
193,2021-02-28,LAZ,10303,4045,6258,9656,545,102,0,ITI,ITI4,12,Lazio,Lazio,5879082,5784121,98.38,0.18
194,2021-01-02,LAZ,6854,2687,4167,6774,0,80,0,ITI,ITI4,12,Lazio,Lazio,5879082,5790975,98.5,0.12
195,2021-09-20,LAZ,18811,9931,8880,6793,10855,537,626,ITI,ITI4,12,Lazio,Lazio,5879082,5809786,98.82,0.32
196,2021-06-29,LAZ,59558,28303,31255,27724,31216,618,0,ITI,ITI4,12,Lazio,Lazio,5879082,5869344,99.83,1.01
197,2021-01-14,LAZ,5682,2244,3438,5505,0,177,0,ITI,ITI4,12,Lazio,Lazio,5879082,5875026,99.93,0.1
198,2021-04-07,LAZ,26070,12207,13863,18327,7338,405,0,ITI,ITI4,12,Lazio,Lazio,5879082,5901096,100.37,0.44
199,2021-08-11,LAZ,49064,25749,23315,20485,27682,897,0,ITI,ITI4,12,Lazio,Lazio,5879082,5950160,101.21,0.83
200,2021-05-03,LAZ,39671,17914,21757,26189,12798,684,0,ITI,ITI4,12,Lazio,Lazio,5879082,5989831,101.88,0.67
201,2021-07-25,LAZ,24681,12152,12529,2087,22544,50,0,ITI,ITI4,12,Lazio,Lazio,5879082,6014512,102.3,0.42
202,2021-03-12,LAZ,24182,11183,12999,17380,6422,380,0,ITI,ITI4,12,Lazio,Lazio,5879082,6038694,102.71,0.41
203,2021-08-13,LAZ,43693,22719,20974,20104,22493,1096,0,ITI,ITI4,12,Lazio,Lazio,5879082,6082387,103.46,0.74
204,2021-02-09,LAZ,8858,3808,5050,4579,4272,7,0,ITI,ITI4,12,Lazio,Lazio,5879082,6091245,103.61,0.15
205,2021-02-23,LAZ,11128,4800,6328,10214,780,134,0,ITI,ITI4,12,Lazio,Lazio,5879082,6102373,103.8,0.19
206,2021-06-13,LAZ,58482,26241,32241,33066,24889,527,0,ITI,ITI4,12,Lazio,Lazio,5879082,6160855,104.79,0.99
207,2021-03-07,LAZ,14190,5490,8700,10334,3633,223,0,ITI,ITI4,12,Lazio,Lazio,5879082,6175045,105.03,0.24
208,2021-06-15,LAZ,66271,32037,34234,33366,32316,589,0,ITI,ITI4,12,Lazio,Lazio,5879082,6241316,106.16,1.13
209,2021-03-24,LAZ,28020,13164,14856,21315,6280,425,0,ITI,ITI4,12,Lazio,Lazio,5879082,6269336,106.64,0.48
210,2021-09-06,LAZ,14429,7368,7061,7889,5930,610,0,ITI,ITI4,12,Lazio,Lazio,5879082,6283765,106.88,0.25
211,2021-08-20,LAZ,8442,4756,3686,2113,6228,101,0,ITI,ITI4,12,Lazio,Lazio,5879082,6292207,107.03,0.14
212,2021-05-29,LAZ,52127,23455,28672,40159,11065,903,0,ITI,ITI4,12,Lazio,Lazio,5879082,6344334,107.91,0.89
213,2021-09-08,LAZ,12260,6308,5952,6791,4884,584,1,ITI,ITI4,12,Lazio,Lazio,5879082,6356594,108.12,0.21
214,2021-07-13,LAZ,42789,20982,21807,5490,36939,360,0,ITI,ITI4,12,Lazio,Lazio,5879082,6399383,108.85,0.73
215,2021-03-26,LAZ,30418,14101,16317,23004,6927,487,0,ITI,ITI4,12,Lazio,Lazio,5879082,6429801,109.37,0.52
216,2021-02-19,LAZ,10109,5111,4998,9079,874,156,0,ITI,ITI4,12,Lazio,Lazio,5879082,6439910,109.54,0.17
217,2021-06-17,LAZ,67112,32301,34811,31802,34566,744,0,ITI,ITI4,12,Lazio,Lazio,5879082,6507022,110.68,1.14
218,2021-04-21,LAZ,33193,15087,18106,20241,12509,443,0,ITI,ITI4,12,Lazio,Lazio,5879082,6540215,111.25,0.56
219,2021-01-21,LAZ,5745,2417,3328,632,5113,0,0,ITI,ITI4,12,Lazio,Lazio,5879082,6545960,111.34,0.1
220,2021-06-22,LAZ,62886,29096,33790,28583,33567,736,0,ITI,ITI4,12,Lazio,Lazio,5879082,6608846,112.41,1.07
221,2021-03-14,LAZ,17317,6784,10533,11855,5184,278,0,ITI,ITI4,12,Lazio,Lazio,5879082,6626163,112.71,0.29
222,2021-09-13,LAZ,18645,9511,9134,5423,12510,712,0,ITI,ITI4,12,Lazio,Lazio,5879082,6644808,113.02,0.32
223,2021-07-06,LAZ,62666,30414,32252,28556,33598,512,0,ITI,ITI4,12,Lazio,Lazio,5879082,6707474,114.09,1.07
224,2020-12-28,LAZ,961,414,547,956,0,5,0,ITI,ITI4,12,Lazio,Lazio,5879082,6708435,114.11,0.02
225,2021-01-16,LAZ,5799,2349,3450,5651,0,148,0,ITI,ITI4,12,Lazio,Lazio,5879082,6714234,114.21,0.1
226,2021-04-26,LAZ,29371,13516,15855,19548,9311,512,0,ITI,ITI4,12,Lazio,Lazio,5879082,6743605,114.71,0.5
227,2021-02-02,LAZ,5921,2219,3702,639,5279,3,0,ITI,ITI4,12,Lazio,Lazio,5879082,6749526,114.81,0.1
228,2021-07-18,LAZ,58427,29747,28680,22756,34848,823,0,ITI,ITI4,12,Lazio,Lazio,5879082,6807953,115.8,0.99
229,2021-08-01,LAZ,40033,21349,18684,5798,33916,319,0,ITI,ITI4,12,Lazio,Lazio,5879082,6847986,116.48,0.68
230,2021-05-10,LAZ,44542,20374,24168,30366,13460,716,0,ITI,ITI4,12,Lazio,Lazio,5879082,6892528,117.24,0.76
231,2021-08-18,LAZ,9534,5512,4022,3272,6142,120,0,ITI,ITI4,12,Lazio,Lazio,5879082,6902062,117.4,0.16
232,2021-03-31,LAZ,27930,13516,14414,20383,7165,382,0,ITI,ITI4,12,Lazio,Lazio,5879082,6929992,117.88,0.48
233,2021-01-07,LAZ,7969,2990,4979,7812,0,157,0,ITI,ITI4,12,Lazio,Lazio,5879082,6937961,118.01,0.14
234,2021-07-30,LAZ,56110,29094,27016,7444,48299,367,0,ITI,ITI4,12,Lazio,Lazio,5879082,6994071,118.97,0.95
235,2021-06-03,LAZ,56956,28777,28179,38290,17910,756,0,ITI,ITI4,12,Lazio,Lazio,5879082,7051027,119.93,0.97
236,2021-08-06,LAZ,33747,17766,15981,22453,10219,1075,0,ITI,ITI4,12,Lazio,Lazio,5879082,7084774,120.51,0.57
237,2021-06-10,LAZ,72314,34180,38134,37291,34136,887,0,ITI,ITI4,12,Lazio,Lazio,5879082,7157088,121.74,1.23
238,2021-04-14,LAZ,29412,13331,16081,18830,10225,357,0,ITI,ITI4,12,Lazio,Lazio,5879082,7186500,122.24,0.5
239,2021-09-18,LAZ,19130,9810,9320,8213,9919,738,260,ITI,ITI4,12,Lazio,Lazio,5879082,7205630,122.56,0.33
240,2021-07-23,LAZ,58539,29365,29174,26777,29963,1799,0,ITI,ITI4,12,Lazio,Lazio,5879082,7264169,123.56,1.0
241,2021-05-27,LAZ,58591,27268,31323,43933,13839,819,0,ITI,ITI4,12,Lazio,Lazio,5879082,7322760,124.56,1.0
242,2021-03-05,LAZ,19652,8706,10946,14621,4769,262,0,ITI,ITI4,12,Lazio,Lazio,5879082,7342412,124.89,0.33
243,2021-02-16,LAZ,8440,4106,4334,7710,630,100,0,ITI,ITI4,12,Lazio,Lazio,5879082,7350852,125.03,0.14
244,2021-05-24,LAZ,44068,20220,23848,33537,9863,668,0,ITI,ITI4,12,Lazio,Lazio,5879082,7394920,125.78,0.75
245,2021-01-03,LAZ,5362,2019,3343,5303,0,59,0,ITI,ITI4,12,Lazio,Lazio,5879082,7400282,125.87,0.09
246,2021-04-13,LAZ,25853,11986,13867,17632,7757,464,0,ITI,ITI4,12,Lazio,Lazio,5879082,7426135,126.31,0.44
247,2021-07-31,LAZ,56295,29596,26699,5519,50468,308,0,ITI,ITI4,12,Lazio,Lazio,5879082,7482430,127.27,0.96
248,2021-01-08,LAZ,7995,3000,4995,7797,0,198,0,ITI,ITI4,12,Lazio,Lazio,5879082,7490425,127.41,0.14
249,2021-07-29,LAZ,56119,28594,27525,7658,48071,390,0,ITI,ITI4,12,Lazio,Lazio,5879082,7546544,128.36,0.95
250,2021-01-01,LAZ,3612,1402,2210,3572,0,40,0,ITI,ITI4,12,Lazio,Lazio,5879082,7550156,128.42,0.06
251,2021-01-10,LAZ,4149,1745,2404,4082,0,67,0,ITI,ITI4,12,Lazio,Lazio,5879082,7554305,128.49,0.07
252,2021-06-16,LAZ,64796,31123,33673,32076,32066,654,0,ITI,ITI4,12,Lazio,Lazio,5879082,7619101,129.6,1.1
253,2021-04-20,LAZ,31198,14316,16882,19365,11387,446,0,ITI,ITI4,12,Lazio,Lazio,5879082,7650299,130.13,0.53
254,2021-03-08,LAZ,20987,9121,11866,15362,5317,308,0,ITI,ITI4,12,Lazio,Lazio,5879082,7671286,130.48,0.36
255,2021-04-22,LAZ,39279,19544,19735,23811,14770,698,0,ITI,ITI4,12,Lazio,Lazio,5879082,7710565,131.15,0.67
256,2021-03-10,LAZ,23419,10704,12715,17353,5692,374,0,ITI,ITI4,12,Lazio,Lazio,5879082,7733984,131.55,0.4
257,2021-01-12,LAZ,5571,2059,3512,5426,0,145,0,ITI,ITI4,12,Lazio,Lazio,5879082,7739555,131.65,0.09
258,2021-06-18,LAZ,64491,31068,33423,30296,33425,770,0,ITI,ITI4,12,Lazio,Lazio,5879082,7804046,132.74,1.1
259,2021-03-17,LAZ,13890,5954,7936,7460,6306,124,0,ITI,ITI4,12,Lazio,Lazio,5879082,7817936,132.98,0.24
260,2021-06-25,LAZ,63497,30673,32824,28124,34757,616,0,ITI,ITI4,12,Lazio,Lazio,5879082,7881433,134.06,1.08
261,2021-06-27,LAZ,47277,21624,25653,20564,26205,508,0,ITI,ITI4,12,Lazio,Lazio,5879082,7928710,134.86,0.8
262,2021-08-23,LAZ,22824,12435,10389,16341,5470,1013,0,ITI,ITI4,12,Lazio,Lazio,5879082,7951534,135.25,0.39
263,2021-02-04,LAZ,6478,2584,3894,1147,5330,1,0,ITI,ITI4,12,Lazio,Lazio,5879082,7958012,135.36,0.11
264,2021-08-25,LAZ,31816,16715,15101,9862,21338,616,0,ITI,ITI4,12,Lazio,Lazio,5879082,7989828,135.9,0.54
265,2021-05-22,LAZ,55248,27076,28172,43654,10725,869,0,ITI,ITI4,12,Lazio,Lazio,5879082,8045076,136.84,0.94
266,2021-08-30,LAZ,30613,15478,15135,9944,19962,707,0,ITI,ITI4,12,Lazio,Lazio,5879082,8075689,137.36,0.52
267,2021-05-15,LAZ,57531,27482,30049,40039,16603,889,0,ITI,ITI4,12,Lazio,Lazio,5879082,8133220,138.34,0.98
268,2021-03-19,LAZ,17536,7609,9927,10993,6371,172,0,ITI,ITI4,12,Lazio,Lazio,5879082,8150756,138.64,0.3
269,2021-09-01,LAZ,26496,13580,12916,8137,17828,531,0,ITI,ITI4,12,Lazio,Lazio,5879082,8177252,139.09,0.45
270,2021-06-21,EMR,37602,19010,18592,16077,20898,627,0,ITH,ITH5,8,Emilia-Romagna,Emilia-Romagna,4459477,37602,0.84,0.84
271,2021-07-08,EMR,41354,20602,20752,4724,36209,421,0,ITH,ITH5,8,Emilia-Romagna,Emilia-Romagna,4459477,78956,1.77,0.93
272,2021-03-30,EMR,23353,10341,13012,17993,5044,316,0,ITH,ITH5,8,Emilia-Romagna,Emilia-Romagna,4459477,102309,2.29,0.52
273,2021-07-22,EMR,40392,21558,18834,15228,24214,950,0,ITH,ITH5,8,Emilia-Romagna,Emilia-Romagna,4459477,142701,3.2,0.91
274,2021-07-20,EMR,43150,22555,20595,6653,35793,704,0,ITH,ITH5,8,Emilia-Romagna,Emilia-Romagna,4459477,185851,4.17,0.97
275,2021-04-11,EMR,15286,6940,8346,11984,3049,253,0,ITH,ITH5,8,Emilia-Romagna,Emilia-Romagna,4459477,201137,4.51,0.34
276,2021-08-17,EMR,22397,12311,10086,14511,6863,1023,0,ITH,ITH5,8,Emilia-Romagna,Emilia-Romagna,4459477,223534,5.01,0.5
277,2021-09-03,EMR,23775,12792,10983,6314,16849,612,0,ITH,ITH5,8,Emilia-Romagna,Emilia-Romagna,4459477,247309,5.55,0.53
278,2021-05-26,EMR,33349,14757,18592,9923,23040,386,0,ITH,ITH5,8,Emilia-Romagna,Emilia-Romagna,4459477,280658,6.29,0.75
279,2021-06-12,EMR,41393,21890,19503,35463,4923,1007,0,ITH,ITH5,8,Emilia-Romagna,Emilia-Romagna,4459477,322051,7.22,0.93
280,2021-03-04,EMR,16464,5352,11112,13347,3025,92,0,ITH,ITH5,8,Emilia-Romagna,Emilia-Romagna,4459477,338515,7.59,0.37
281,2021-05-24,EMR,30012,13740,16272,17967,11530,515,0,ITH,ITH5,8,Emilia-Romagna,Emilia-Romagna,4459477,368527,8.26,0.67
282,2021-02-13,EMR,3633,1086,2547,3020,599,14,0,ITH,ITH5,8,Emilia-Romagna,Emilia-Romagna,4459477,372160,8.35,0.08
283,2021-05-12,EMR,38976,18313,20663,28475,9707,794,0,ITH,ITH5,8,Emilia-Romagna,Emilia-Romagna,4459477,411136,9.22,0.87
284,2021-02-01,EMR,10332,3618,6714,354,9976,2,0,ITH,ITH5,8,Emilia-Romagna,Emilia-Romagna,4459477,421468,9.45,0.23
285,2021-01-18,EMR,3132,881,2251,2448,681,3,0,ITH,ITH5,8,Emilia-Romagna,Emilia-Romagna,4459477,424600,9.52,0.07
286,2021-04-16,EMR,29243,13766,15477,20013,8843,387,0,ITH,ITH5,8,Emilia-Romagna,Emilia-Romagna,4459477,453843,10.18,0.66
287,2021-01-06,EMR,8292,2956,5336,8291,0,1,0,ITH,ITH5,8,Emilia-Romagna,Emilia-Romagna,4459477,462135,10.36,0.19
288,2021-08-08,EMR,21630,11721,9909,10577,10497,556,0,ITH,ITH5,8,Emilia-Romagna,Emilia-Romagna,4459477,483765,10.85,0.49
289,2021-04-30,EMR,36661,16810,19851,21238,14811,612,0,ITH,ITH5,8,Emilia-Romagna,Emilia-Romagna,4459477,520426,11.67,0.82
290,2021-03-28,EMR,13553,6061,7492,9546,3887,120,0,ITH,ITH5,8,Emilia-Romagna,Emilia-Romagna,4459477,533979,11.97,0.3
291,2021-01-30,EMR,10097,3528,6569,137,9959,1,0,ITH,ITH5,8,Emilia-Romagna,Emilia-Romagna,4459477,544076,12.2,0.23
292,2021-02-18,EMR,7049,2895,4154,6442,591,16,0,ITH,ITH5,8,Emilia-Romagna,Emilia-Romagna,4459477,551125,12.36,0.16
293,2021-09-17,EMR,18025,9911,8114,4482,13068,474,1,ITH,ITH5,8,Emilia-Romagna,Emilia-Romagna,4459477,569150,12.76,0.4
294,2021-09-15,EMR,19979,10635,9344,4629,14759,591,0,ITH,ITH5,8,Emilia-Romagna,Emilia-Romagna,4459477,589129,13.21,0.45
295,2021-06-07,EMR,40578,20828,19750,33440,6268,870,0,ITH,ITH5,8,Emilia-Romagna,Emilia-Romagna,4459477,629707,14.12,0.91
296,2021-08-03,EMR,38526,20278,18248,15568,22299,659,0,ITH,ITH5,8,Emilia-Romagna,Emilia-Romagna,4459477,668233,14.98,0.86
297,2021-01-23,EMR,2448,871,1577,439,2009,0,0,ITH,ITH5,8,Emilia-Romagna,Emilia-Romagna,4459477,670681,15.04,0.05
298,2021-05-07,EMR,35342,16989,18353,22665,11895,782,0,ITH,ITH5,8,Emilia-Romagna,Emilia-Romagna,4459477,706023,15.83,0.79
299,2021-07-03,EMR,32129,15938,16191,11409,20027,693,0,ITH,ITH5,8,Emilia-Romagna,Emilia-Romagna,4459477,738152,16.55,0.72
300,2021-08-29,EMR,20641,11426,9215,8526,11265,850,0,ITH,ITH5,8,Emilia-Romagna,Emilia-Romagna,4459477,758793,17.02,0.46
301,2021-01-04,EMR,7312,2526,4786,7309,0,3,0,ITH,ITH5,8,Emilia-Romagna,Emilia-Romagna,4459477,766105,17.18,0.16
302,2021-08-27,EMR,27922,15024,12898,6956,20225,741,0,ITH,ITH5,8,Emilia-Romagna,Emilia-Romagna,4459477,794027,17.81,0.63
303,2021-05-19,EMR,33847,14999,18848,18043,15271,533,0,ITH,ITH5,8,Emilia-Romagna,Emilia-Romagna,4459477,827874,18.56,0.76
304,2021-09-10,EMR,26172,14169,12003,5280,20218,674,0,ITH,ITH5,8,Emilia-Romagna,Emilia-Romagna,4459477,854046,19.15,0.59
305,2021-06-02,EMR,24125,12072,12053,18681,4980,464,0,ITH,ITH5,8,Emilia-Romagna,Emilia-Romagna,4459477,878171,19.69,0.54
306,2021-02-11,EMR,4257,1417,2840,3398,842,17,0,ITH,ITH5,8,Emilia-Romagna,Emilia-Romagna,4459477,882428,19.79,0.1
307,2021-07-29,EMR,40801,21536,19265,14496,25558,747,0,ITH,ITH5,8,Emilia-Romagna,Emilia-Romagna,4459477,923229,20.7,0.91
308,2021-07-27,EMR,41140,21855,19285,16985,23335,820,0,ITH,ITH5,8,Emilia-Romagna,Emilia-Romagna,4459477,964369,21.63,0.92
309,2021-03-16,EMR,12256,5028,7228,4875,7316,65,0,ITH,ITH5,8,Emilia-Romagna,Emilia-Romagna,4459477,976625,21.9,0.27
310,2021-01-25,EMR,6467,2149,4318,205,6261,1,0,ITH,ITH5,8,Emilia-Romagna,Emilia-Romagna,4459477,983092,22.05,0.15
311,2021-07-01,EMR,34546,16885,17661,14809,18856,881,0,ITH,ITH5,8,Emilia-Romagna,Emilia-Romagna,4459477,1017638,22.82,0.77
312,2021-03-23,EMR,18806,8151,10655,11949,6691,166,0,ITH,ITH5,8,Emilia-Romagna,Emilia-Romagna,4459477,1036444,23.24,0.42
313,2021-07-15,EMR,50404,26251,24153,7890,41804,710,0,ITH,ITH5,8,Emilia-Romagna,Emilia-Romagna,4459477,1086848,24.37,1.13
314,2021-04-23,EMR,29586,13819,15767,14312,14896,378,0,ITH,ITH5,8,Emilia-Romagna,Emilia-Romagna,4459477,1116434,25.04,0.66
315,2021-01-13,EMR,9078,2943,6135,9073,0,5,0,ITH,ITH5,8,Emilia-Romagna,Emilia-Romagna,4459477,1125512,25.24,0.2
316,2021-04-04,EMR,9887,4720,5167,7531,2272,84,0,ITH,ITH5,8,Emilia-Romagna,Emilia-Romagna,4459477,1135399,25.46,0.22
317,2021-02-25,EMR,9250,3498,5752,8272,955,23,0,ITH,ITH5,8,Emilia-Romagna,Emilia-Romagna,4459477,1144649,25.67,0.21
318,2021-06-19,EMR,36697,18366,18331,16735,19411,551,0,ITH,ITH5,8,Emilia-Romagna,Emilia-Romagna,4459477,1181346,26.49,0.82
319,2021-03-11,EMR,17501,7332,10169,11455,5859,187,0,ITH,ITH5,8,Emilia-Romagna,Emilia-Romagna,4459477,1198847,26.88,0.39
320,2021-02-06,EMR,7605,2409,5196,2108,5493,4,0,ITH,ITH5,8,Emilia-Romagna,Emilia-Romagna,4459477,1206452,27.05,0.17
321,2021-05-31,EMR,29823,13781,16042,17735,11536,552,0,ITH,ITH5,8,Emilia-Romagna,Emilia-Romagna,4459477,1236275,27.72,0.67
322,2021-08-15,EMR,6655,3693,2962,3285,3200,170,0,ITH,ITH5,8,Emilia-Romagna,Emilia-Romagna,4459477,1242930,27.87,0.15
323,2021-06-26,EMR,37493,19002,18491,21009,15544,940,0,ITH,ITH5,8,Emilia-Romagna,Emilia-Romagna,4459477,1280423,28.71,0.84
324,2021-08-22,EMR,16472,9046,7426,6737,9106,629,0,ITH,ITH5,8,Emilia-Romagna,Emilia-Romagna,4459477,1296895,29.08,0.37
325,2021-08-10,EMR,31351,16776,14575,15376,14922,1053,0,ITH,ITH5,8,Emilia-Romagna,Emilia-Romagna,4459477,1328246,29.78,0.7
326,2021-03-13,EMR,16146,6365,9781,10592,5314,240,0,ITH,ITH5,8,Emilia-Romagna,Emilia-Romagna,4459477,1344392,30.15,0.36
327,2021-07-05,EMR,33245,16211,17034,11198,21390,657,0,ITH,ITH5,8,Emilia-Romagna,Emilia-Romagna,4459477,1377637,30.89,0.75
328,2021-03-27,EMR,21685,9075,12610,14526,6910,249,0,ITH,ITH5,8,Emilia-Romagna,Emilia-Romagna,4459477,1399322,31.38,0.49
329,2021-04-13,EMR,23726,11132,12594,19030,4344,352,0,ITH,ITH5,8,Emilia-Romagna,Emilia-Romagna,4459477,1423048,31.91,0.53
330,2021-01-03,EMR,2763,945,1818,2763,0,0,0,ITH,ITH5,8,Emilia-Romagna,Emilia-Romagna,4459477,1425811,31.97,0.06
331,2021-04-18,EMR,17532,8408,9124,12367,4936,229,0,ITH,ITH5,8,Emilia-Romagna,Emilia-Romagna,4459477,1443343,32.37,0.39
332,2021-06-14,EMR,41349,21377,19972,27454,13088,807,0,ITH,ITH5,8,Emilia-Romagna,Emilia-Romagna,4459477,1484692,33.29,0.93
333,2021-01-10,EMR,7174,2686,4488,7173,0,1,0,ITH,ITH5,8,Emilia-Romagna,Emilia-Romagna,4459477,1491866,33.45,0.16
334,2021-06-16,EMR,45967,23540,22427,25238,19971,758,0,ITH,ITH5,8,Emilia-Romagna,Emilia-Romagna,4459477,1537833,34.48,1.03
335,2021-03-09,EMR,14807,6037,8770,10758,3953,96,0,ITH,ITH5,8,Emilia-Romagna,Emilia-Romagna,4459477,1552640,34.82,0.33
336,2021-05-05,EMR,30151,14006,16145,18310,11276,565,0,ITH,ITH5,8,Emilia-Romagna,Emilia-Romagna,4459477,1582791,35.49,0.68
337,2021-08-31,EMR,28073,14966,13107,8330,18684,1059,0,ITH,ITH5,8,Emilia-Romagna,Emilia-Romagna,4459477,1610864,36.12,0.63
338,2021-05-23,EMR,25506,11868,13638,13581,11608,317,0,ITH,ITH5,8,Emilia-Romagna,Emilia-Romagna,4459477,1636370,36.69,0.57
339,2021-07-19,EMR,42018,22130,19888,6634,34784,600,0,ITH,ITH5,8,Emilia-Romagna,Emilia-Romagna,4459477,1678388,37.64,0.94
340,2021-09-14,EMR,20407,11028,9379,4521,15336,550,0,ITH,ITH5,8,Emilia-Romagna,Emilia-Romagna,4459477,1698795,38.09,0.46
341,2021-07-12,EMR,44075,22332,21743,5424,38140,511,0,ITH,ITH5,8,Emilia-Romagna,Emilia-Romagna,4459477,1742870,39.08,0.99
342,2021-09-07,EMR,26073,14091,11982,5850,19626,597,0,ITH,ITH5,8,Emilia-Romagna,Emilia-Romagna,4459477,1768943,39.67,0.58
343,2021-09-05,EMR,17143,9236,7907,6413,9998,732,0,ITH,ITH5,8,Emilia-Romagna,Emilia-Romagna,4459477,1786086,40.05,0.38
344,2021-09-22,EMR,11578,6273,5305,4426,6611,287,254,ITH,ITH5,8,Emilia-Romagna,Emilia-Romagna,4459477,1797664,40.31,0.26
345,2021-05-09,EMR,25647,12271,13376,18278,6977,392,0,ITH,ITH5,8,Emilia-Romagna,Emilia-Romagna,4459477,1823311,40.89,0.58
346,2021-01-29,EMR,10428,3500,6928,290,10138,0,0,ITH,ITH5,8,Emilia-Romagna,Emilia-Romagna,4459477,1833739,41.12,0.23
347,2021-02-15,EMR,2902,849,2053,2709,125,68,0,ITH,ITH5,8,Emilia-Romagna,Emilia-Romagna,4459477,1836641,41.19,0.07
348,2021-01-27,EMR,8372,2951,5421,461,7911,0,0,ITH,ITH5,8,Emilia-Romagna,Emilia-Romagna,4459477,1845013,41.37,0.19
349,2021-01-11,EMR,9357,3278,6079,9348,0,9,0,ITH,ITH5,8,Emilia-Romagna,Emilia-Romagna,4459477,1854370,41.58,0.21
350,2021-09-21,EMR,18967,10387,8580,6803,11419,463,282,ITH,ITH5,8,Emilia-Romagna,Emilia-Romagna,4459477,1873337,42.01,0.43
351,2021-03-08,EMR,12223,5102,7121,9473,2665,85,0,ITH,ITH5,8,Emilia-Romagna,Emilia-Romagna,4459477,1885560,42.28,0.27
352,2021-07-10,EMR,42108,21442,20666,6798,34661,649,0,ITH,ITH5,8,Emilia-Romagna,Emilia-Romagna,4459477,1927668,43.23,0.94
353,2021-05-02,EMR,25597,11657,13940,13191,12000,406,0,ITH,ITH5,8,Emilia-Romagna,Emilia-Romagna,4459477,1953265,43.8,0.57
354,2021-01-22,EMR,1835,479,1356,1087,746,2,0,ITH,ITH5,8,Emilia-Romagna,Emilia-Romagna,4459477,1955100,43.84,0.04
355,2021-08-24,EMR,23407,12712,10695,10525,11771,1111,0,ITH,ITH5,8,Emilia-Romagna,Emilia-Romagna,4459477,1978507,44.37,0.52
356,2021-02-08,EMR,5238,1537,3701,2317,2918,3,0,ITH,ITH5,8,Emilia-Romagna,Emilia-Romagna,4459477,1983745,44.48,0.12
357,2021-05-16,EMR,25892,12184,13708,18366,7148,378,0,ITH,ITH5,8,Emilia-Romagna,Emilia-Romagna,4459477,2009637,45.06,0.58
358,2021-02-12,EMR,5330,1679,3651,3900,1407,23,0,ITH,ITH5,8,Emilia-Romagna,Emilia-Romagna,4459477,2014967,45.18,0.12
359,2021-07-31,EMR,36233,19244,16989,12132,23395,706,0,ITH,ITH5,8,Emilia-Romagna,Emilia-Romagna,4459477,2051200,46.0,0.81
360,2021-06-30,EMR,34263,17291,16972,17702,15667,894,0,ITH,ITH5,8,Emilia-Romagna,Emilia-Romagna,4459477,2085463,46.76,0.77
361,2021-07-17,EMR,43669,23056,20613,7173,35754,742,0,ITH,ITH5,8,Emilia-Romagna,Emilia-Romagna,4459477,2129132,47.74,0.98
362,2021-06-11,EMR,46002,23877,22125,38328,6565,1109,0,ITH,ITH5,8,Emilia-Romagna,Emilia-Romagna,4459477,2175134,48.78,1.03
363,2021-06-28,EMR,40081,19669,20412,19624,19581,876,0,ITH,ITH5,8,Emilia-Romagna,Emilia-Romagna,4459477,2215215,49.67,0.9
364,2021-03-20,EMR,16094,6832,9262,8959,6966,169,0,ITH,ITH5,8,Emilia-Romagna,Emilia-Romagna,4459477,2231309,50.04,0.36
365,2021-04-06,EMR,24775,11182,13593,19730,4752,293,0,ITH,ITH5,8,Emilia-Romagna,Emilia-Romagna,4459477,2256084,50.59,0.56
366,2020-12-27,EMR,973,374,599,973,0,0,0,ITH,ITH5,8,Emilia-Romagna,Emilia-Romagna,4459477,2257057,50.61,0.02
367,2021-08-26,EMR,27636,14750,12886,9362,17315,959,0,ITH,ITH5,8,Emilia-Romagna,Emilia-Romagna,4459477,2284693,51.23,0.62
368,2021-09-12,EMR,14784,8099,6685,3952,10375,457,0,ITH,ITH5,8,Emilia-Romagna,Emilia-Romagna,4459477,2299477,51.56,0.33
369,2021-06-04,EMR,45769,23029,22740,36804,8207,758,0,ITH,ITH5,8,Emilia-Romagna,Emilia-Romagna,4459477,2345246,52.59,1.03
370,2021-04-20,EMR,22655,10419,12236,13890,8364,401,0,ITH,ITH5,8,Emilia-Romagna,Emilia-Romagna,4459477,2367901,53.1,0.51
371,2021-06-23,EMR,38085,19099,18986,18455,18892,738,0,ITH,ITH5,8,Emilia-Romagna,Emilia-Romagna,4459477,2405986,53.95,0.85
372,2021-01-08,EMR,10879,3587,7292,10876,0,3,0,ITH,ITH5,8,Emilia-Romagna,Emilia-Romagna,4459477,2416865,54.2,0.24
373,2021-03-06,EMR,21040,5971,15069,18172,2745,123,0,ITH,ITH5,8,Emilia-Romagna,Emilia-Romagna,4459477,2437905,54.67,0.47
374,2021-02-22,EMR,7485,3093,4392,7199,273,13,0,ITH,ITH5,8,Emilia-Romagna,Emilia-Romagna,4459477,2445390,54.84,0.17
375,2021-03-25,EMR,21489,9420,12069,14238,6990,261,0,ITH,ITH5,8,Emilia-Romagna,Emilia-Romagna,4459477,2466879,55.32,0.48
376,2021-05-21,EMR,39389,17563,21826,21634,17134,621,0,ITH,ITH5,8,Emilia-Romagna,Emilia-Romagna,4459477,2506268,56.2,0.88
377,2021-02-10,EMR,4024,1385,2639,2757,1261,6,0,ITH,ITH5,8,Emilia-Romagna,Emilia-Romagna,4459477,2510292,56.29,0.09
378,2021-04-08,EMR,31405,14420,16985,25328,5335,742,0,ITH,ITH5,8,Emilia-Romagna,Emilia-Romagna,4459477,2541697,57.0,0.7
379,2021-04-10,EMR,20939,9305,11634,16457,4148,334,0,ITH,ITH5,8,Emilia-Romagna,Emilia-Romagna,4459477,2562636,57.46,0.47
380,2021-04-17,EMR,27324,13087,14237,17578,9353,393,0,ITH,ITH5,8,Emilia-Romagna,Emilia-Romagna,4459477,2589960,58.08,0.61
381,2021-01-07,EMR,10291,3408,6883,10287,0,4,0,ITH,ITH5,8,Emilia-Romagna,Emilia-Romagna,4459477,2600251,58.31,0.23
382,2021-04-03,EMR,20005,8788,11217,15958,3801,246,0,ITH,ITH5,8,Emilia-Romagna,Emilia-Romagna,4459477,2620256,58.76,0.45
383,2021-08-19,EMR,21569,11583,9986,11942,8737,890,0,ITH,ITH5,8,Emilia-Romagna,Emilia-Romagna,4459477,2641825,59.24,0.48
384,2021-05-28,EMR,41305,18965,22340,17271,23434,600,0,ITH,ITH5,8,Emilia-Romagna,Emilia-Romagna,4459477,2683130,60.17,0.93
385,2021-04-22,EMR,29062,13456,15606,14616,14081,365,0,ITH,ITH5,8,Emilia-Romagna,Emilia-Romagna,4459477,2712192,60.82,0.65
386,2021-01-12,EMR,9484,3127,6357,9475,0,9,0,ITH,ITH5,8,Emilia-Romagna,Emilia-Romagna,4459477,2721676,61.03,0.21
387,2021-09-19,EMR,15097,8356,6741,5364,9188,545,0,ITH,ITH5,8,Emilia-Romagna,Emilia-Romagna,4459477,2736773,61.37,0.34
388,2021-01-20,EMR,1331,269,1062,1329,1,1,0,ITH,ITH5,8,Emilia-Romagna,Emilia-Romagna,4459477,2738104,61.4,0.03
389,2021-07-24,EMR,38885,20970,17915,17198,20650,1037,0,ITH,ITH5,8,Emilia-Romagna,Emilia-Romagna,4459477,2776989,62.27,0.87
390,2021-04-15,EMR,29373,13987,15386,19243,9685,445,0,ITH,ITH5,8,Emilia-Romagna,Emilia-Romagna,4459477,2806362,62.93,0.66
391,2021-06-18,EMR,42794,21458,21336,16275,25939,580,0,ITH,ITH5,8,Emilia-Romagna,Emilia-Romagna,4459477,2849156,63.89,0.96
392,2021-03-10,EMR,18817,7744,11073,12988,5647,182,0,ITH,ITH5,8,Emilia-Romagna,Emilia-Romagna,4459477,2867973,64.31,0.42
393,2021-08-28,EMR,26321,14566,11755,8637,16856,828,0,ITH,ITH5,8,Emilia-Romagna,Emilia-Romagna,4459477,2894294,64.9,0.59
394,2021-05-20,EMR,40416,18346,22070,18393,21503,520,0,ITH,ITH5,8,Emilia-Romagna,Emilia-Romagna,4459477,2934710,65.81,0.91
395,2021-08-23,EMR,22619,11776,10843,11842,9481,1296,0,ITH,ITH5,8,Emilia-Romagna,Emilia-Romagna,4459477,2957329,66.32,0.51
396,2021-03-18,EMR,13782,5852,7930,5682,8008,92,0,ITH,ITH5,8,Emilia-Romagna,Emilia-Romagna,4459477,2971111,66.62,0.31
397,2021-05-14,EMR,37361,17204,20157,26802,9658,901,0,ITH,ITH5,8,Emilia-Romagna,Emilia-Romagna,4459477,3008472,67.46,0.84
398,2021-02-03,EMR,9351,2993,6358,962,8388,1,0,ITH,ITH5,8,Emilia-Romagna,Emilia-Romagna,4459477,3017823,67.67,0.21
399,2021-04-01,EMR,23981,10788,13193,19072,4562,347,0,ITH,ITH5,8,Emilia-Romagna,Emilia-Romagna,4459477,3041804,68.21,0.54
400,2021-02-17,EMR,6544,2765,3779,5757,774,13,0,ITH,ITH5,8,Emilia-Romagna,Emilia-Romagna,4459477,3048348,68.36,0.15
401,2021-06-01,EMR,27200,13117,14083,16830,9930,440,0,ITH,ITH5,8,Emilia-Romagna,Emilia-Romagna,4459477,3075548,68.97,0.61
402,2021-07-28,EMR,38709,20760,17949,13958,24058,693,0,ITH,ITH5,8,Emilia-Romagna,Emilia-Romagna,4459477,3114257,69.83,0.87
403,2021-06-13,EMR,28781,15014,13767,23807,4290,684,0,ITH,ITH5,8,Emilia-Romagna,Emilia-Romagna,4459477,3143038,70.48,0.65
404,2021-03-05,EMR,17922,5865,12057,14292,3505,125,0,ITH,ITH5,8,Emilia-Romagna,Emilia-Romagna,4459477,3160960,70.88,0.4
405,2021-03-22,EMR,17660,7821,9839,10616,6872,172,0,ITH,ITH5,8,Emilia-Romagna,Emilia-Romagna,4459477,3178620,71.28,0.4
406,2021-03-03,EMR,15900,5269,10631,13361,2486,53,0,ITH,ITH5,8,Emilia-Romagna,Emilia-Romagna,4459477,3194520,71.63,0.36
407,2021-05-30,EMR,27105,12809,14296,12987,13714,404,0,ITH,ITH5,8,Emilia-Romagna,Emilia-Romagna,4459477,3221625,72.24,0.61
408,2021-02-19,EMR,7329,3011,4318,6801,514,14,0,ITH,ITH5,8,Emilia-Romagna,Emilia-Romagna,4459477,3228954,72.41,0.16
409,2021-07-26,EMR,39579,21107,18472,15871,22889,819,0,ITH,ITH5,8,Emilia-Romagna,Emilia-Romagna,4459477,3268533,73.29,0.89
410,2020-12-31,EMR,2214,780,1434,2213,0,1,0,ITH,ITH5,8,Emilia-Romagna,Emilia-Romagna,4459477,3270747,73.34,0.05
411,2021-06-06,EMR,36604,19003,17601,31537,4415,652,0,ITH,ITH5,8,Emilia-Romagna,Emilia-Romagna,4459477,3307351,74.16,0.82
412,2021-02-26,EMR,9641,3676,5965,8561,1054,26,0,ITH,ITH5,8,Emilia-Romagna,Emilia-Romagna,4459477,3316992,74.38,0.22
413,2021-08-09,EMR,30263,16145,14118,16640,12559,1064,0,ITH,ITH5,8,Emilia-Romagna,Emilia-Romagna,4459477,3347255,75.06,0.68
414,2021-05-01,EMR,28432,12782,15650,15278,12795,359,0,ITH,ITH5,8,Emilia-Romagna,Emilia-Romagna,4459477,3375687,75.7,0.64
415,2021-07-16,EMR,49797,26289,23508,7026,42097,674,0,ITH,ITH5,8,Emilia-Romagna,Emilia-Romagna,4459477,3425484,76.81,1.12
416,2021-06-27,EMR,29602,14897,14705,16193,12736,673,0,ITH,ITH5,8,Emilia-Romagna,Emilia-Romagna,4459477,3455086,77.48,0.66
417,2021-07-14,EMR,47990,24550,23440,5589,41865,536,0,ITH,ITH5,8,Emilia-Romagna,Emilia-Romagna,4459477,3503076,78.55,1.08
418,2021-04-05,EMR,14862,6812,8050,11788,2895,179,0,ITH,ITH5,8,Emilia-Romagna,Emilia-Romagna,4459477,3517938,78.89,0.33
419,2021-05-18,EMR,29239,13283,15956,18101,10649,489,0,ITH,ITH5,8,Emilia-Romagna,Emilia-Romagna,4459477,3547177,79.54,0.66
420,2021-02-07,EMR,4794,1537,3257,1724,3068,2,0,ITH,ITH5,8,Emilia-Romagna,Emilia-Romagna,4459477,3551971,79.65,0.11
421,2021-02-24,EMR,9359,3568,5791,8456,887,16,0,ITH,ITH5,8,Emilia-Romagna,Emilia-Romagna,4459477,3561330,79.86,0.21
422,2021-01-05,EMR,9373,3173,6200,9369,0,4,0,ITH,ITH5,8,Emilia-Romagna,Emilia-Romagna,4459477,3570703,80.07,0.21
423,2021-04-29,EMR,44993,21152,23841,26606,17566,821,0,ITH,ITH5,8,Emilia-Romagna,Emilia-Romagna,4459477,3615696,81.08,1.01
424,2021-06-25,EMR,42871,21817,21054,19739,22319,813,0,ITH,ITH5,8,Emilia-Romagna,Emilia-Romagna,4459477,3658567,82.04,0.96
425,2021-03-17,EMR,13731,5699,8032,5817,7855,59,0,ITH,ITH5,8,Emilia-Romagna,Emilia-Romagna,4459477,3672298,82.35,0.31
426,2021-08-21,EMR,19116,10698,8418,10444,7774,898,0,ITH,ITH5,8,Emilia-Romagna,Emilia-Romagna,4459477,3691414,82.78,0.43
427,2021-05-13,EMR,35880,16525,19355,27297,7862,721,0,ITH,ITH5,8,Emilia-Romagna,Emilia-Romagna,4459477,3727294,83.58,0.8
428,2021-03-15,EMR,13465,6255,7210,6854,6507,104,0,ITH,ITH5,8,Emilia-Romagna,Emilia-Romagna,4459477,3740759,83.88,0.3
429,2021-08-06,EMR,34680,18604,16076,18793,14992,895,0,ITH,ITH5,8,Emilia-Romagna,Emilia-Romagna,4459477,3775439,84.66,0.78
430,2021-04-28,EMR,33752,15604,18148,20263,12899,590,0,ITH,ITH5,8,Emilia-Romagna,Emilia-Romagna,4459477,3809191,85.42,0.76
431,2021-06-24,EMR,40660,20422,20238,20264,19575,821,0,ITH,ITH5,8,Emilia-Romagna,Emilia-Romagna,4459477,3849851,86.33,0.91
432,2021-09-09,EMR,24786,13174,11612,5209,18935,642,0,ITH,ITH5,8,Emilia-Romagna,Emilia-Romagna,4459477,3874637,86.89,0.56
433,2021-09-04,EMR,23741,12921,10820,8376,14460,905,0,ITH,ITH5,8,Emilia-Romagna,Emilia-Romagna,4459477,3898378,87.42,0.53
434,2021-08-16,EMR,20234,10876,9358,12634,6580,1020,0,ITH,ITH5,8,Emilia-Romagna,Emilia-Romagna,4459477,3918612,87.87,0.45
435,2021-09-02,EMR,25036,13335,11701,6466,17859,711,0,ITH,ITH5,8,Emilia-Romagna,Emilia-Romagna,4459477,3943648,88.43,0.56
436,2021-05-25,EMR,25246,11240,14006,11300,13516,430,0,ITH,ITH5,8,Emilia-Romagna,Emilia-Romagna,4459477,3968894,89.0,0.57
437,2021-02-14,EMR,1405,378,1027,1278,120,7,0,ITH,ITH5,8,Emilia-Romagna,Emilia-Romagna,4459477,3970299,89.03,0.03
438,2021-02-05,EMR,9313,2965,6348,1617,7692,4,0,ITH,ITH5,8,Emilia-Romagna,Emilia-Romagna,4459477,3979612,89.24,0.21
439,2021-09-11,EMR,24911,14137,10774,4550,19794,567,0,ITH,ITH5,8,Emilia-Romagna,Emilia-Romagna,4459477,4004523,89.8,0.56
440,2021-06-20,EMR,30754,15602,15152,15589,14676,489,0,ITH,ITH5,8,Emilia-Romagna,Emilia-Romagna,4459477,4035277,90.49,0.69
441,2021-01-19,EMR,2051,508,1543,2033,17,1,0,ITH,ITH5,8,Emilia-Romagna,Emilia-Romagna,4459477,4037328,90.53,0.05
442,2021-07-07,EMR,37927,19154,18773,13395,23729,803,0,ITH,ITH5,8,Emilia-Romagna,Emilia-Romagna,4459477,4075255,91.38,0.85
443,2021-03-29,EMR,21452,9630,11822,16542,4665,245,0,ITH,ITH5,8,Emilia-Romagna,Emilia-Romagna,4459477,4096707,91.87,0.48
444,2021-02-21,EMR,4449,1707,2742,3999,440,10,0,ITH,ITH5,8,Emilia-Romagna,Emilia-Romagna,4459477,4101156,91.96,0.1
445,2021-08-02,EMR,38542,20363,18179,14765,23102,675,0,ITH,ITH5,8,Emilia-Romagna,Emilia-Romagna,4459477,4139698,92.83,0.86
446,2021-04-24,EMR,28659,13253,15406,14064,14245,350,0,ITH,ITH5,8,Emilia-Romagna,Emilia-Romagna,4459477,4168357,93.47,0.64
447,2021-05-11,EMR,35827,16810,19017,27866,7265,696,0,ITH,ITH5,8,Emilia-Romagna,Emilia-Romagna,4459477,4204184,94.28,0.8
448,2021-01-31,EMR,7709,2771,4938,240,7469,0,0,ITH,ITH5,8,Emilia-Romagna,Emilia-Romagna,4459477,4211893,94.45,0.17
449,2021-02-09,EMR,4161,1253,2908,2307,1853,1,0,ITH,ITH5,8,Emilia-Romagna,Emilia-Romagna,4459477,4216054,94.54,0.09
450,2021-09-01,EMR,22617,12055,10562,7187,14676,754,0,ITH,ITH5,8,Emilia-Romagna,Emilia-Romagna,4459477,4238671,95.05,0.51
451,2021-04-12,EMR,19259,9016,10243,14450,4450,359,0,ITH,ITH5,8,Emilia-Romagna,Emilia-Romagna,4459477,4257930,95.48,0.43
452,2021-09-16,EMR,21906,11866,10040,3808,17640,458,0,ITH,ITH5,8,Emilia-Romagna,Emilia-Romagna,4459477,4279836,95.97,0.49
453,2021-06-08,EMR,45154,23120,22034,36789,7550,815,0,ITH,ITH5,8,Emilia-Romagna,Emilia-Romagna,4459477,4324990,96.98,1.01
454,2021-08-04,EMR,35354,18847,16507,13027,21691,636,0,ITH,ITH5,8,Emilia-Romagna,Emilia-Romagna,4459477,4360344,97.78,0.79
455,2021-08-20,EMR,19752,10759,8993,10253,8521,978,0,ITH,ITH5,8,Emilia-Romagna,Emilia-Romagna,4459477,4380096,98.22,0.44
456,2021-05-27,EMR,42354,18772,23582,13553,28293,508,0,ITH,ITH5,8,Emilia-Romagna,Emilia-Romagna,4459477,4422450,99.17,0.95
457,2021-02-16,EMR,5774,2448,3326,5230,530,14,0,ITH,ITH5,8,Emilia-Romagna,Emilia-Romagna,4459477,4428224,99.3,0.13
458,2021-07-23,EMR,40436,21907,18529,19779,19494,1163,0,ITH,ITH5,8,Emilia-Romagna,Emilia-Romagna,4459477,4468660,100.21,0.91
459,2021-07-25,EMR,28480,15185,13295,10540,17446,494,0,ITH,ITH5,8,Emilia-Romagna,Emilia-Romagna,4459477,4497140,100.84,0.64
460,2021-08-11,EMR,27778,14894,12884,12102,14881,795,0,ITH,ITH5,8,Emilia-Romagna,Emilia-Romagna,4459477,4524918,101.47,0.62
461,2021-08-25,EMR,25159,13558,11601,9576,14614,969,0,ITH,ITH5,8,Emilia-Romagna,Emilia-Romagna,4459477,4550077,102.03,0.56
462,2021-09-20,EMR,19407,10455,8952,5015,13653,446,293,ITH,ITH5,8,Emilia-Romagna,Emilia-Romagna,4459477,4569484,102.47,0.44
463,2021-06-29,EMR,37730,18607,19123,18129,18800,801,0,ITH,ITH5,8,Emilia-Romagna,Emilia-Romagna,4459477,4607214,103.31,0.85
464,2021-03-21,EMR,11960,5296,6664,7263,4603,94,0,ITH,ITH5,8,Emilia-Romagna,Emilia-Romagna,4459477,4619174,103.58,0.27
465,2021-09-18,EMR,21685,12106,9579,8301,12524,860,0,ITH,ITH5,8,Emilia-Romagna,Emilia-Romagna,4459477,4640859,104.07,0.49
466,2021-06-10,EMR,45109,23171,21938,38673,5387,1049,0,ITH,ITH5,8,Emilia-Romagna,Emilia-Romagna,4459477,4685968,105.08,1.01
467,2021-03-02,EMR,12665,4275,8390,10519,2088,58,0,ITH,ITH5,8,Emilia-Romagna,Emilia-Romagna,4459477,4698633,105.36,0.28
468,2021-05-15,EMR,33298,14999,18299,22211,10443,644,0,ITH,ITH5,8,Emilia-Romagna,Emilia-Romagna,4459477,4731931,106.11,0.75
469,2021-02-04,EMR,9935,3208,6727,1235,8699,1,0,ITH,ITH5,8,Emilia-Romagna,Emilia-Romagna,4459477,4741866,106.33,0.22
470,2021-05-22,EMR,33181,14162,19019,16472,16252,457,0,ITH,ITH5,8,Emilia-Romagna,Emilia-Romagna,4459477,4775047,107.08,0.74
471,2021-07-18,EMR,34592,17921,16671,8184,25838,570,0,ITH,ITH5,8,Emilia-Romagna,Emilia-Romagna,4459477,4809639,107.85,0.78
472,2021-04-09,EMR,25804,11695,14109,19527,5760,517,0,ITH,ITH5,8,Emilia-Romagna,Emilia-Romagna,4459477,4835443,108.43,0.58
473,2021-02-02,EMR,9499,3056,6443,534,8964,1,0,ITH,ITH5,8,Emilia-Romagna,Emilia-Romagna,4459477,4844942,108.64,0.21
474,2021-07-21,EMR,43695,23307,20388,10755,32295,645,0,ITH,ITH5,8,Emilia-Romagna,Emilia-Romagna,4459477,4888637,109.62,0.98
475,2021-04-19,EMR,20922,9806,11116,14336,6284,302,0,ITH,ITH5,8,Emilia-Romagna,Emilia-Romagna,4459477,4909559,110.09,0.47
476,2021-01-09,EMR,9998,3458,6540,9994,0,4,0,ITH,ITH5,8,Emilia-Romagna,Emilia-Romagna,4459477,4919557,110.32,0.22
477,2021-06-15,EMR,43882,22644,21238,27907,15076,899,0,ITH,ITH5,8,Emilia-Romagna,Emilia-Romagna,4459477,4963439,111.3,0.98
478,2021-03-07,EMR,7852,2963,4889,6289,1526,37,0,ITH,ITH5,8,Emilia-Romagna,Emilia-Romagna,4459477,4971291,111.48,0.18
479,2021-05-03,EMR,28740,13571,15169,17398,10885,457,0,ITH,ITH5,8,Emilia-Romagna,Emilia-Romagna,4459477,5000031,112.12,0.64
480,2021-01-02,EMR,2379,917,1462,2379,0,0,0,ITH,ITH5,8,Emilia-Romagna,Emilia-Romagna,4459477,5002410,112.17,0.05
481,2021-09-13,EMR,24215,13105,11110,4778,18721,716,0,ITH,ITH5,8,Emilia-Romagna,Emilia-Romagna,4459477,5026625,112.72,0.54
482,2021-06-05,EMR,44331,22387,21944,36624,6926,781,0,ITH,ITH5,8,Emilia-Romagna,Emilia-Romagna,4459477,5070956,113.71,0.99
483,2021-06-22,EMR,36546,18201,18345,16255,19644,647,0,ITH,ITH5,8,Emilia-Romagna,Emilia-Romagna,4459477,5107502,114.53,0.82
484,2021-07-06,EMR,36819,18513,18306,12917,23203,699,0,ITH,ITH5,8,Emilia-Romagna,Emilia-Romagna,4459477,5144321,115.36,0.83
485,2021-05-17,EMR,32485,15417,17068,22331,9565,589,0,ITH,ITH5,8,Emilia-Romagna,Emilia-Romagna,4459477,5176806,116.09,0.73
486,2021-04-14,EMR,27063,12851,14212,20524,6112,427,0,ITH,ITH5,8,Emilia-Romagna,Emilia-Romagna,4459477,5203869,116.69,0.61
487,2021-01-21,EMR,2170,732,1438,822,1348,0,0,ITH,ITH5,8,Emilia-Romagna,Emilia-Romagna,4459477,5206039,116.74,0.05
488,2021-06-03,EMR,37939,18446,19493,29685,7562,692,0,ITH,ITH5,8,Emilia-Romagna,Emilia-Romagna,4459477,5243978,117.59,0.85
489,2021-08-30,EMR,27044,14201,12843,7650,18367,1027,0,ITH,ITH5,8,Emilia-Romagna,Emilia-Romagna,4459477,5271022,118.2,0.61
490,2021-08-01,EMR,30060,16170,13890,10268,19382,410,0,ITH,ITH5,8,Emilia-Romagna,Emilia-Romagna,4459477,5301082,118.87,0.67
491,2021-08-18,EMR,22294,12210,10084,14587,6653,1054,0,ITH,ITH5,8,Emilia-Romagna,Emilia-Romagna,4459477,5323376,119.37,0.5
492,2021-05-10,EMR,33898,16154,17744,26006,7262,630,0,ITH,ITH5,8,Emilia-Romagna,Emilia-Romagna,4459477,5357274,120.13,0.76
493,2021-07-30,EMR,39877,21420,18457,15670,23475,732,0,ITH,ITH5,8,Emilia-Romagna,Emilia-Romagna,4459477,5397151,121.03,0.89
494,2021-04-21,EMR,23978,10974,13004,13872,9743,363,0,ITH,ITH5,8,Emilia-Romagna,Emilia-Romagna,4459477,5421129,121.56,0.54
495,2021-03-19,EMR,15924,6970,8954,7791,7971,162,0,ITH,ITH5,8,Emilia-Romagna,Emilia-Romagna,4459477,5437053,121.92,0.36
496,2021-04-07,EMR,26895,12309,14586,20464,6081,350,0,ITH,ITH5,8,Emilia-Romagna,Emilia-Romagna,4459477,5463948,122.52,0.6
497,2021-06-17,EMR,46715,23669,23046,21765,24237,713,0,ITH,ITH5,8,Emilia-Romagna,Emilia-Romagna,4459477,5510663,123.57,1.05
498,2021-08-13,EMR,21279,11812,9467,14289,6090,900,0,ITH,ITH5,8,Emilia-Romagna,Emilia-Romagna,4459477,5531942,124.05,0.48
499,2021-02-28,EMR,6830,2528,4302,4959,1852,19,0,ITH,ITH5,8,Emilia-Romagna,Emilia-Romagna,4459477,5538772,124.2,0.15
500,2021-04-26,EMR,27915,12940,14975,18038,9323,554,0,ITH,ITH5,8,Emilia-Romagna,Emilia-Romagna,4459477,5566687,124.83,0.63
501,2021-01-16,EMR,5632,1719,3913,5631,0,1,0,ITH,ITH5,8,Emilia-Romagna,Emilia-Romagna,4459477,5572319,124.95,0.13
502,2021-03-14,EMR,8809,3841,4968,4944,3801,64,0,ITH,ITH5,8,Emilia-Romagna,Emilia-Romagna,4459477,5581128,125.15,0.2
503,2021-05-08,EMR,32380,15112,17268,20397,11439,544,0,ITH,ITH5,8,Emilia-Romagna,Emilia-Romagna,4459477,5613508,125.88,0.73
504,2021-01-28,EMR,10264,3344,6920,348,9916,0,0,ITH,ITH5,8,Emilia-Romagna,Emilia-Romagna,4459477,5623772,126.11,0.23
505,2021-01-14,EMR,8135,2598,5537,8126,0,9,0,ITH,ITH5,8,Emilia-Romagna,Emilia-Romagna,4459477,5631907,126.29,0.18
506,2021-02-23,EMR,8216,3218,4998,7818,386,12,0,ITH,ITH5,8,Emilia-Romagna,Emilia-Romagna,4459477,5640123,126.47,0.18
507,2021-03-12,EMR,18327,7711,10616,11309,6721,297,0,ITH,ITH5,8,Emilia-Romagna,Emilia-Romagna,4459477,5658450,126.89,0.41
508,2021-02-20,EMR,5320,2094,3226,5050,263,7,0,ITH,ITH5,8,Emilia-Romagna,Emilia-Romagna,4459477,5663770,127.01,0.12
509,2021-01-15,EMR,7755,2407,5348,7747,0,8,0,ITH,ITH5,8,Emilia-Romagna,Emilia-Romagna,4459477,5671525,127.18,0.17
510,2021-06-09,EMR,43192,21938,21254,35728,6439,1025,0,ITH,ITH5,8,Emilia-Romagna,Emilia-Romagna,4459477,5714717,128.15,0.97
511,2021-03-01,EMR,10104,3585,6519,7817,2262,25,0,ITH,ITH5,8,Emilia-Romagna,Emilia-Romagna,4459477,5724821,128.37,0.23
512,2021-08-05,EMR,36775,19458,17317,18384,17414,977,0,ITH,ITH5,8,Emilia-Romagna,Emilia-Romagna,4459477,5761596,129.2,0.82
513,2021-08-12,EMR,27739,15070,12669,19315,6883,1541,0,ITH,ITH5,8,Emilia-Romagna,Emilia-Romagna,4459477,5789335,129.82,0.62
514,2021-05-04,EMR,29318,13732,15586,15165,13675,478,0,ITH,ITH5,8,Emilia-Romagna,Emilia-Romagna,4459477,5818653,130.48,0.66
515,2021-02-27,EMR,10967,3998,6969,9192,1742,33,0,ITH,ITH5,8,Emilia-Romagna,Emilia-Romagna,4459477,5829620,130.72,0.25
516,2021-04-25,EMR,22361,10244,12117,14403,7516,442,0,ITH,ITH5,8,Emilia-Romagna,Emilia-Romagna,4459477,5851981,131.23,0.5
517,2021-08-07,EMR,30998,17053,13945,17735,12217,1046,0,ITH,ITH5,8,Emilia-Romagna,Emilia-Romagna,4459477,5882979,131.92,0.7
518,2021-04-27,EMR,32135,14874,17261,19234,12470,431,0,ITH,ITH5,8,Emilia-Romagna,Emilia-Romagna,4459477,5915114,132.64,0.72
519,2021-08-14,EMR,15815,8922,6893,8337,7028,450,0,ITH,ITH5,8,Emilia-Romagna,Emilia-Romagna,4459477,5930929,133.0,0.35
520,2021-05-06,EMR,35987,16628,19359,22153,13105,729,0,ITH,ITH5,8,Emilia-Romagna,Emilia-Romagna,4459477,5966916,133.8,0.81
521,2021-01-26,EMR,8339,3001,5338,209,8129,1,0,ITH,ITH5,8,Emilia-Romagna,Emilia-Romagna,4459477,5975255,133.99,0.19
522,2021-07-02,EMR,34766,17097,17669,12377,21731,658,0,ITH,ITH5,8,Emilia-Romagna,Emilia-Romagna,4459477,6010021,134.77,0.78
523,2021-03-24,EMR,21244,9415,11829,13635,7386,223,0,ITH,ITH5,8,Emilia-Romagna,Emilia-Romagna,4459477,6031265,135.25,0.48
524,2021-01-24,EMR,2446,887,1559,298,2148,0,0,ITH,ITH5,8,Emilia-Romagna,Emilia-Romagna,4459477,6033711,135.3,0.05
525,2021-07-09,EMR,44934,22955,21979,5409,39099,426,0,ITH,ITH5,8,Emilia-Romagna,Emilia-Romagna,4459477,6078645,136.31,1.01
526,2021-01-17,EMR,2898,890,2008,2648,249,1,0,ITH,ITH5,8,Emilia-Romagna,Emilia-Romagna,4459477,6081543,136.37,0.06
527,2021-04-02,EMR,23414,10558,12856,18556,4489,369,0,ITH,ITH5,8,Emilia-Romagna,Emilia-Romagna,4459477,6104957,136.9,0.53
528,2021-09-06,EMR,25306,13422,11884,7027,17458,821,0,ITH,ITH5,8,Emilia-Romagna,Emilia-Romagna,4459477,6130263,137.47,0.57
529,2021-05-29,EMR,37954,16522,21432,16659,20769,526,0,ITH,ITH5,8,Emilia-Romagna,Emilia-Romagna,4459477,6168217,138.32,0.85
530,2021-07-11,EMR,30400,15244,15156,2748,27383,269,0,ITH,ITH5,8,Emilia-Romagna,Emilia-Romagna,4459477,6198617,139.0,0.68
531,2021-03-31,EMR,25305,11067,14238,19505,5474,326,0,ITH,ITH5,8,Emilia-Romagna,Emilia-Romagna,4459477,6223922,139.57,0.57
532,2021-07-13,EMR,48507,24849,23658,6469,41348,690,0,ITH,ITH5,8,Emilia-Romagna,Emilia-Romagna,4459477,6272429,140.65,1.09
533,2021-09-08,EMR,23532,12703,10829,5823,17077,632,0,ITH,ITH5,8,Emilia-Romagna,Emilia-Romagna,4459477,6295961,141.18,0.53
534,2021-07-04,EMR,24276,12071,12205,10172,13612,492,0,ITH,ITH5,8,Emilia-Romagna,Emilia-Romagna,4459477,6320237,141.73,0.54
535,2021-03-26,EMR,23743,10126,13617,17025,6442,276,0,ITH,ITH5,8,Emilia-Romagna,Emilia-Romagna,4459477,6343980,142.26,0.53
536,2021-04-18,CAL,5883,2808,3075,4938,920,25,0,ITF,ITF6,18,Calabria,Calabria,1947131,5883,0.3,0.3
537,2021-04-04,CAL,1573,788,785,1140,422,11,0,ITF,ITF6,18,Calabria,Calabria,1947131,7456,0.38,0.08
538,2021-06-26,CAL,15587,7203,8384,7574,7942,71,0,ITF,ITF6,18,Calabria,Calabria,1947131,23043,1.18,0.8
539,2021-09-22,CAL,5453,2784,2669,2167,3165,107,14,ITF,ITF6,18,Calabria,Calabria,1947131,28496,1.46,0.28
540,2021-08-10,CAL,9787,4915,4872,3599,6086,102,0,ITF,ITF6,18,Calabria,Calabria,1947131,38283,1.97,0.5
541,2021-06-14,CAL,14360,6512,7848,9627,4656,77,0,ITF,ITF6,18,Calabria,Calabria,1947131,52643,2.7,0.74
542,2021-03-04,CAL,5498,3198,2300,4678,800,20,0,ITF,ITF6,18,Calabria,Calabria,1947131,58141,2.99,0.28
543,2021-06-12,CAL,13250,6301,6949,10781,2401,68,0,ITF,ITF6,18,Calabria,Calabria,1947131,71391,3.67,0.68
544,2021-08-08,CAL,4220,2146,2074,1493,2698,29,0,ITF,ITF6,18,Calabria,Calabria,1947131,75611,3.88,0.22
545,2021-07-22,CAL,18336,9027,9309,3491,14754,91,0,ITF,ITF6,18,Calabria,Calabria,1947131,93947,4.82,0.94
546,2021-04-30,CAL,15121,7416,7705,10526,4516,79,0,ITF,ITF6,18,Calabria,Calabria,1947131,109068,5.6,0.78
547,2021-02-06,CAL,2937,1352,1585,439,2497,1,0,ITF,ITF6,18,Calabria,Calabria,1947131,112005,5.75,0.15
548,2021-09-05,CAL,1496,812,684,697,782,17,0,ITF,ITF6,18,Calabria,Calabria,1947131,113501,5.83,0.08
549,2021-07-10,CAL,15949,7541,8408,3244,12661,44,0,ITF,ITF6,18,Calabria,Calabria,1947131,129450,6.65,0.82
550,2021-01-23,CAL,403,188,215,360,43,0,0,ITF,ITF6,18,Calabria,Calabria,1947131,129853,6.67,0.02
551,2021-01-11,CAL,2195,1064,1131,2193,0,2,0,ITF,ITF6,18,Calabria,Calabria,1947131,132048,6.78,0.11
552,2021-01-25,CAL,1090,522,568,150,940,0,0,ITF,ITF6,18,Calabria,Calabria,1947131,133138,6.84,0.06
553,2021-05-05,CAL,13644,6529,7115,8416,5149,79,0,ITF,ITF6,18,Calabria,Calabria,1947131,146782,7.54,0.7
554,2021-09-17,CAL,9008,4682,4326,3923,4863,222,0,ITF,ITF6,18,Calabria,Calabria,1947131,155790,8.0,0.46
555,2021-03-09,CAL,6596,3442,3154,5531,990,75,0,ITF,ITF6,18,Calabria,Calabria,1947131,162386,8.34,0.34
556,2021-02-20,CAL,1521,791,730,1179,328,14,0,ITF,ITF6,18,Calabria,Calabria,1947131,163907,8.42,0.08
557,2021-08-22,CAL,1525,769,756,485,1021,19,0,ITF,ITF6,18,Calabria,Calabria,1947131,165432,8.5,0.08
558,2021-05-31,CAL,15305,7349,7956,7311,7912,82,0,ITF,ITF6,18,Calabria,Calabria,1947131,180737,9.28,0.79
559,2021-07-27,CAL,17589,8993,8596,5019,12482,88,0,ITF,ITF6,18,Calabria,Calabria,1947131,198326,10.19,0.9
560,2021-01-06,CAL,957,520,437,957,0,0,0,ITF,ITF6,18,Calabria,Calabria,1947131,199283,10.23,0.05
561,2021-04-16,CAL,10358,5058,5300,8651,1646,61,0,ITF,ITF6,18,Calabria,Calabria,1947131,209641,10.77,0.53
562,2021-07-01,CAL,12398,5838,6560,5473,6840,85,0,ITF,ITF6,18,Calabria,Calabria,1947131,222039,11.4,0.64
563,2021-06-07,CAL,18008,8425,9583,14711,3215,82,0,ITF,ITF6,18,Calabria,Calabria,1947131,240047,12.33,0.92
564,2021-05-24,CAL,17786,8911,8875,9936,7769,81,0,ITF,ITF6,18,Calabria,Calabria,1947131,257833,13.24,0.91
565,2021-05-07,CAL,16302,7678,8624,9656,6547,99,0,ITF,ITF6,18,Calabria,Calabria,1947131,274135,14.08,0.84
566,2021-02-13,CAL,1420,613,807,1046,371,3,0,ITF,ITF6,18,Calabria,Calabria,1947131,275555,14.15,0.07
567,2021-09-15,CAL,7780,3847,3933,3289,4291,200,0,ITF,ITF6,18,Calabria,Calabria,1947131,283335,14.55,0.4
568,2021-02-25,CAL,2935,1579,1356,2290,605,40,0,ITF,ITF6,18,Calabria,Calabria,1947131,286270,14.7,0.15
569,2021-03-28,CAL,2696,1234,1462,1562,1127,7,0,ITF,ITF6,18,Calabria,Calabria,1947131,288966,14.84,0.14
570,2021-08-29,CAL,1684,888,796,720,933,31,0,ITF,ITF6,18,Calabria,Calabria,1947131,290650,14.93,0.09
571,2021-01-30,CAL,2213,1173,1040,294,1916,3,0,ITF,ITF6,18,Calabria,Calabria,1947131,292863,15.04,0.11
572,2021-01-18,CAL,1313,596,717,1058,251,4,0,ITF,ITF6,18,Calabria,Calabria,1947131,294176,15.11,0.07
573,2021-07-03,CAL,15183,7147,8036,5282,9823,78,0,ITF,ITF6,18,Calabria,Calabria,1947131,309359,15.89,0.78
574,2021-04-11,CAL,4214,1916,2298,2243,1954,17,0,ITF,ITF6,18,Calabria,Calabria,1947131,313573,16.1,0.22
575,2021-07-20,CAL,17495,8484,9011,3195,14225,75,0,ITF,ITF6,18,Calabria,Calabria,1947131,331068,17.0,0.9
576,2021-03-11,CAL,7327,3483,3844,5953,1321,53,0,ITF,ITF6,18,Calabria,Calabria,1947131,338395,17.38,0.38
577,2021-06-19,CAL,15858,7421,8437,8498,7292,68,0,ITF,ITF6,18,Calabria,Calabria,1947131,354253,18.19,0.81
578,2021-08-17,CAL,7690,3918,3772,2765,4830,95,0,ITF,ITF6,18,Calabria,Calabria,1947131,361943,18.59,0.39
579,2021-03-02,CAL,4430,2505,1925,3624,797,9,0,ITF,ITF6,18,Calabria,Calabria,1947131,366373,18.82,0.23
580,2021-03-16,CAL,3876,1901,1975,2182,1681,13,0,ITF,ITF6,18,Calabria,Calabria,1947131,370249,19.02,0.2
581,2021-07-29,CAL,17592,8771,8821,4714,12776,102,0,ITF,ITF6,18,Calabria,Calabria,1947131,387841,19.92,0.9
582,2021-02-18,CAL,1892,878,1014,1639,234,19,0,ITF,ITF6,18,Calabria,Calabria,1947131,389733,20.02,0.1
583,2021-08-03,CAL,14101,7126,6975,3907,10119,75,0,ITF,ITF6,18,Calabria,Calabria,1947131,403834,20.74,0.72
584,2021-06-21,CAL,15420,7106,8314,7998,7383,39,0,ITF,ITF6,18,Calabria,Calabria,1947131,419254,21.53,0.79
585,2021-01-04,CAL,1076,533,543,1073,0,3,0,ITF,ITF6,18,Calabria,Calabria,1947131,420330,21.59,0.06
586,2021-04-23,CAL,13157,6461,6696,9437,3618,102,0,ITF,ITF6,18,Calabria,Calabria,1947131,433487,22.26,0.68
587,2021-01-13,CAL,2111,1067,1044,2099,0,12,0,ITF,ITF6,18,Calabria,Calabria,1947131,435598,22.37,0.11
588,2021-02-01,CAL,2561,1214,1347,237,2321,3,0,ITF,ITF6,18,Calabria,Calabria,1947131,438159,22.5,0.13
589,2021-07-08,CAL,12057,5619,6438,2693,9318,46,0,ITF,ITF6,18,Calabria,Calabria,1947131,450216,23.12,0.62
590,2021-05-12,CAL,16506,8049,8457,10824,5584,98,0,ITF,ITF6,18,Calabria,Calabria,1947131,466722,23.97,0.85
591,2021-05-26,CAL,18753,9339,9414,10334,8327,92,0,ITF,ITF6,18,Calabria,Calabria,1947131,485475,24.93,0.96
592,2021-03-30,CAL,6526,2852,3674,3654,2848,24,0,ITF,ITF6,18,Calabria,Calabria,1947131,492001,25.27,0.34
593,2021-09-03,CAL,9066,4632,4434,3572,5304,190,0,ITF,ITF6,18,Calabria,Calabria,1947131,501067,25.73,0.47
594,2021-08-15,CAL,52,24,28,18,33,1,0,ITF,ITF6,18,Calabria,Calabria,1947131,501119,25.74,0.0
595,2021-06-11,CAL,17833,8761,9072,15127,2581,125,0,ITF,ITF6,18,Calabria,Calabria,1947131,518952,26.65,0.92
596,2021-09-19,CAL,1559,848,711,858,668,33,0,ITF,ITF6,18,Calabria,Calabria,1947131,520511,26.73,0.08
597,2021-01-08,CAL,2202,1049,1153,2195,0,7,0,ITF,ITF6,18,Calabria,Calabria,1947131,522713,26.85,0.11
598,2021-03-18,CAL,4513,2112,2401,2345,2142,26,0,ITF,ITF6,18,Calabria,Calabria,1947131,527226,27.08,0.23
599,2021-03-06,CAL,8553,4406,4147,7710,818,25,0,ITF,ITF6,18,Calabria,Calabria,1947131,535779,27.52,0.44
600,2021-08-19,CAL,5872,2945,2927,2345,3468,59,0,ITF,ITF6,18,Calabria,Calabria,1947131,541651,27.82,0.3
601,2021-02-17,CAL,1879,833,1046,1649,213,17,0,ITF,ITF6,18,Calabria,Calabria,1947131,543530,27.91,0.1
602,2021-07-24,CAL,18178,9344,8834,4680,13398,100,0,ITF,ITF6,18,Calabria,Calabria,1947131,561708,28.85,0.93
603,2021-05-28,CAL,21028,10220,10808,11424,9491,113,0,ITF,ITF6,18,Calabria,Calabria,1947131,582736,29.93,1.08
604,2021-04-15,CAL,7810,3823,3987,6005,1756,49,0,ITF,ITF6,18,Calabria,Calabria,1947131,590546,30.33,0.4
605,2021-04-01,CAL,8709,3964,4745,4154,4516,39,0,ITF,ITF6,18,Calabria,Calabria,1947131,599255,30.78,0.45
606,2021-04-08,CAL,9380,4444,4936,5834,3491,55,0,ITF,ITF6,18,Calabria,Calabria,1947131,608635,31.26,0.48
607,2021-09-12,CAL,2137,1121,1016,824,1276,37,0,ITF,ITF6,18,Calabria,Calabria,1947131,610772,31.37,0.11
608,2021-02-10,CAL,2527,1087,1440,877,1635,15,0,ITF,ITF6,18,Calabria,Calabria,1947131,613299,31.5,0.13
609,2021-07-17,CAL,18336,9046,9290,2705,15563,68,0,ITF,ITF6,18,Calabria,Calabria,1947131,631635,32.44,0.94
610,2021-06-04,CAL,17546,8160,9386,12949,4526,71,0,ITF,ITF6,18,Calabria,Calabria,1947131,649181,33.34,0.9
611,2021-05-21,CAL,21379,10888,10491,13859,7411,109,0,ITF,ITF6,18,Calabria,Calabria,1947131,670560,34.44,1.1
612,2021-04-13,CAL,6980,3429,3551,5615,1337,28,0,ITF,ITF6,18,Calabria,Calabria,1947131,677540,34.8,0.36
613,2021-01-20,CAL,1410,630,780,1406,1,3,0,ITF,ITF6,18,Calabria,Calabria,1947131,678950,34.87,0.07
614,2021-09-10,CAL,8982,4554,4428,3611,5167,204,0,ITF,ITF6,18,Calabria,Calabria,1947131,687932,35.33,0.46
615,2021-05-14,CAL,19956,9584,10372,12949,6891,116,0,ITF,ITF6,18,Calabria,Calabria,1947131,707888,36.36,1.02
616,2021-04-27,CAL,9983,4907,5076,7956,1975,52,0,ITF,ITF6,18,Calabria,Calabria,1947131,717871,36.87,0.51
617,2021-02-03,CAL,2873,1481,1392,515,2353,5,0,ITF,ITF6,18,Calabria,Calabria,1947131,720744,37.02,0.15
618,2021-07-19,CAL,19021,9110,9911,3030,15940,51,0,ITF,ITF6,18,Calabria,Calabria,1947131,739765,37.99,0.98
619,2021-02-11,CAL,2355,1054,1301,1064,1269,22,0,ITF,ITF6,18,Calabria,Calabria,1947131,742120,38.11,0.12
620,2021-05-09,CAL,9709,4536,5173,6031,3629,49,0,ITF,ITF6,18,Calabria,Calabria,1947131,751829,38.61,0.5
621,2021-01-29,CAL,2083,1007,1076,226,1856,1,0,ITF,ITF6,18,Calabria,Calabria,1947131,753912,38.72,0.11
622,2021-05-04,CAL,16544,7629,8915,11623,4815,106,0,ITF,ITF6,18,Calabria,Calabria,1947131,770456,39.57,0.85
623,2021-08-12,CAL,7647,3883,3764,2800,4671,176,0,ITF,ITF6,18,Calabria,Calabria,1947131,778103,39.96,0.39
624,2021-05-19,CAL,18326,9081,9245,11257,6992,77,0,ITF,ITF6,18,Calabria,Calabria,1947131,796429,40.9,0.94
625,2021-03-23,CAL,5270,2471,2799,3421,1825,24,0,ITF,ITF6,18,Calabria,Calabria,1947131,801699,41.17,0.27
626,2021-08-27,CAL,9166,4773,4393,3613,5392,161,0,ITF,ITF6,18,Calabria,Calabria,1947131,810865,41.64,0.47
627,2021-07-15,CAL,18288,8811,9477,2520,15715,53,0,ITF,ITF6,18,Calabria,Calabria,1947131,829153,42.58,0.94
628,2021-02-27,CAL,4071,2099,1972,3677,387,7,0,ITF,ITF6,18,Calabria,Calabria,1947131,833224,42.79,0.21
629,2021-07-31,CAL,13811,7061,6750,3632,10099,80,0,ITF,ITF6,18,Calabria,Calabria,1947131,847035,43.5,0.71
630,2021-01-27,CAL,1491,757,734,383,1107,1,0,ITF,ITF6,18,Calabria,Calabria,1947131,848526,43.58,0.08
631,2021-01-05,CAL,1557,734,823,1555,0,2,0,ITF,ITF6,18,Calabria,Calabria,1947131,850083,43.66,0.08
632,2021-01-03,CAL,6,3,3,6,0,0,0,ITF,ITF6,18,Calabria,Calabria,1947131,850089,43.66,0.0
633,2021-03-27,CAL,8867,4035,4832,4671,4151,45,0,ITF,ITF6,18,Calabria,Calabria,1947131,858956,44.11,0.46
634,2021-07-05,CAL,13386,6253,7133,4260,9061,65,0,ITF,ITF6,18,Calabria,Calabria,1947131,872342,44.8,0.69
635,2021-03-08,CAL,5525,2992,2533,4406,1086,33,0,ITF,ITF6,18,Calabria,Calabria,1947131,877867,45.09,0.28
636,2021-08-05,CAL,12471,6288,6183,3878,8495,98,0,ITF,ITF6,18,Calabria,Calabria,1947131,890338,45.73,0.64
637,2021-02-22,CAL,2109,1076,1033,1538,562,9,0,ITF,ITF6,18,Calabria,Calabria,1947131,892447,45.83,0.11
638,2021-05-23,CAL,11394,5555,5839,6994,4356,44,0,ITF,ITF6,18,Calabria,Calabria,1947131,903841,46.42,0.59
639,2021-03-01,CAL,2766,1567,1199,2301,461,4,0,ITF,ITF6,18,Calabria,Calabria,1947131,906607,46.56,0.14
640,2021-06-09,CAL,18265,8627,9638,15894,2285,86,0,ITF,ITF6,18,Calabria,Calabria,1947131,924872,47.5,0.94
641,2021-08-31,CAL,6833,3380,3453,2675,4031,127,0,ITF,ITF6,18,Calabria,Calabria,1947131,931705,47.85,0.35
642,2021-01-22,CAL,662,276,386,660,2,0,0,ITF,ITF6,18,Calabria,Calabria,1947131,932367,47.88,0.03
643,2021-05-02,CAL,12563,5863,6700,10582,1912,69,0,ITF,ITF6,18,Calabria,Calabria,1947131,944930,48.53,0.65
644,2021-03-29,CAL,5788,2503,3285,3975,1777,36,0,ITF,ITF6,18,Calabria,Calabria,1947131,950718,48.83,0.3
645,2021-01-31,CAL,1132,564,568,148,984,0,0,ITF,ITF6,18,Calabria,Calabria,1947131,951850,48.88,0.06
646,2021-07-07,CAL,13977,6585,7392,3901,9999,77,0,ITF,ITF6,18,Calabria,Calabria,1947131,965827,49.6,0.72
647,2021-09-02,CAL,7542,3918,3624,3159,4261,122,0,ITF,ITF6,18,Calabria,Calabria,1947131,973369,49.99,0.39
648,2021-02-14,CAL,491,229,262,453,37,1,0,ITF,ITF6,18,Calabria,Calabria,1947131,973860,50.02,0.03
649,2021-02-15,CAL,1185,569,616,1015,165,5,0,ITF,ITF6,18,Calabria,Calabria,1947131,975045,50.08,0.06
650,2021-09-14,CAL,6533,3218,3315,2515,3888,130,0,ITF,ITF6,18,Calabria,Calabria,1947131,981578,50.41,0.34
651,2021-01-12,CAL,2094,1035,1059,2085,0,9,0,ITF,ITF6,18,Calabria,Calabria,1947131,983672,50.52,0.11
652,2021-02-24,CAL,1954,997,957,1468,480,6,0,ITF,ITF6,18,Calabria,Calabria,1947131,985626,50.62,0.1
653,2021-03-25,CAL,7527,3555,3972,4547,2940,40,0,ITF,ITF6,18,Calabria,Calabria,1947131,993153,51.01,0.39
654,2021-09-07,CAL,5890,2978,2912,2766,2980,144,0,ITF,ITF6,18,Calabria,Calabria,1947131,999043,51.31,0.3
655,2021-06-16,CAL,18349,8479,9870,12128,6130,91,0,ITF,ITF6,18,Calabria,Calabria,1947131,1017392,52.25,0.94
656,2021-06-02,CAL,12117,5805,6312,8787,3279,51,0,ITF,ITF6,18,Calabria,Calabria,1947131,1029509,52.87,0.62
657,2021-08-07,CAL,9526,4873,4653,3018,6444,64,0,ITF,ITF6,18,Calabria,Calabria,1947131,1039035,53.36,0.49
658,2021-05-16,CAL,13820,6743,7077,9919,3846,55,0,ITF,ITF6,18,Calabria,Calabria,1947131,1052855,54.07,0.71
659,2021-08-24,CAL,6507,3229,3278,2319,4102,86,0,ITF,ITF6,18,Calabria,Calabria,1947131,1059362,54.41,0.33
660,2021-07-21,CAL,22121,10623,11498,4513,17491,117,0,ITF,ITF6,18,Calabria,Calabria,1947131,1081483,55.54,1.14
661,2021-01-17,CAL,915,441,474,809,100,6,0,ITF,ITF6,18,Calabria,Calabria,1947131,1082398,55.59,0.05
662,2021-07-12,CAL,17982,8540,9442,2688,15245,49,0,ITF,ITF6,18,Calabria,Calabria,1947131,1100380,56.51,0.92
663,2021-01-10,CAL,959,540,419,959,0,0,0,ITF,ITF6,18,Calabria,Calabria,1947131,1101339,56.56,0.05
664,2021-04-20,CAL,7909,3994,3915,6080,1751,78,0,ITF,ITF6,18,Calabria,Calabria,1947131,1109248,56.97,0.41
665,2021-05-11,CAL,15153,7336,7817,10242,4838,73,0,ITF,ITF6,18,Calabria,Calabria,1947131,1124401,57.75,0.78
666,2021-07-16,CAL,21060,10034,11026,3374,17609,77,0,ITF,ITF6,18,Calabria,Calabria,1947131,1145461,58.83,1.08
667,2020-12-27,CAL,318,170,148,318,0,0,0,ITF,ITF6,18,Calabria,Calabria,1947131,1145779,58.84,0.02
668,2021-04-06,CAL,8193,3735,4458,4464,3692,37,0,ITF,ITF6,18,Calabria,Calabria,1947131,1153972,59.27,0.42
669,2021-02-08,CAL,1880,748,1132,667,1210,3,0,ITF,ITF6,18,Calabria,Calabria,1947131,1155852,59.36,0.1
670,2021-03-24,CAL,8030,3672,4358,4586,3419,25,0,ITF,ITF6,18,Calabria,Calabria,1947131,1163882,59.77,0.41
671,2021-04-10,CAL,11747,5316,6431,6830,4872,45,0,ITF,ITF6,18,Calabria,Calabria,1947131,1175629,60.38,0.6
672,2021-03-03,CAL,5127,2800,2327,4023,1090,14,0,ITF,ITF6,18,Calabria,Calabria,1947131,1180756,60.64,0.26
673,2021-08-04,CAL,16019,8124,7895,4245,11671,103,0,ITF,ITF6,18,Calabria,Calabria,1947131,1196775,61.46,0.82
674,2021-05-25,CAL,16429,8047,8382,10215,6127,87,0,ITF,ITF6,18,Calabria,Calabria,1947131,1213204,62.31,0.84
675,2021-01-26,CAL,1900,914,986,272,1627,1,0,ITF,ITF6,18,Calabria,Calabria,1947131,1215104,62.4,0.1
676,2021-07-28,CAL,21384,10736,10648,5892,15377,115,0,ITF,ITF6,18,Calabria,Calabria,1947131,1236488,63.5,1.1
677,2021-04-22,CAL,9849,4925,4924,6852,2943,54,0,ITF,ITF6,18,Calabria,Calabria,1947131,1246337,64.01,0.51
678,2021-05-06,CAL,13370,6325,7045,8921,4376,73,0,ITF,ITF6,18,Calabria,Calabria,1947131,1259707,64.7,0.69
679,2021-09-11,CAL,4842,2580,2262,1912,2809,121,0,ITF,ITF6,18,Calabria,Calabria,1947131,1264549,64.94,0.25
680,2021-06-18,CAL,18927,8816,10111,11284,7522,121,0,ITF,ITF6,18,Calabria,Calabria,1947131,1283476,65.92,0.97
681,2021-03-10,CAL,6894,3512,3382,5475,1380,39,0,ITF,ITF6,18,Calabria,Calabria,1947131,1290370,66.27,0.35
682,2021-08-23,CAL,7682,3815,3867,2792,4783,107,0,ITF,ITF6,18,Calabria,Calabria,1947131,1298052,66.66,0.39
683,2021-06-01,CAL,12889,5977,6912,7883,4945,61,0,ITF,ITF6,18,Calabria,Calabria,1947131,1310941,67.33,0.66
684,2021-08-16,CAL,6979,3568,3411,2377,4540,62,0,ITF,ITF6,18,Calabria,Calabria,1947131,1317920,67.69,0.36
685,2021-02-12,CAL,1717,673,1044,943,768,6,0,ITF,ITF6,18,Calabria,Calabria,1947131,1319637,67.77,0.09
686,2021-06-27,CAL,8426,3948,4478,4985,3399,42,0,ITF,ITF6,18,Calabria,Calabria,1947131,1328063,68.21,0.43
687,2021-01-24,CAL,47,20,27,41,6,0,0,ITF,ITF6,18,Calabria,Calabria,1947131,1328110,68.21,0.0
688,2021-07-09,CAL,15686,7311,8375,3633,11982,71,0,ITF,ITF6,18,Calabria,Calabria,1947131,1343796,69.01,0.81
689,2021-08-21,CAL,3648,1861,1787,1440,2161,47,0,ITF,ITF6,18,Calabria,Calabria,1947131,1347444,69.2,0.19
690,2021-06-29,CAL,13079,6042,7037,5352,7675,52,0,ITF,ITF6,18,Calabria,Calabria,1947131,1360523,69.87,0.67
691,2021-05-03,CAL,14862,6808,8054,10464,4303,95,0,ITF,ITF6,18,Calabria,Calabria,1947131,1375385,70.64,0.76
692,2021-03-21,CAL,4472,1932,2540,2725,1734,13,0,ITF,ITF6,18,Calabria,Calabria,1947131,1379857,70.87,0.23
693,2021-03-07,CAL,3419,1745,1674,3312,93,14,0,ITF,ITF6,18,Calabria,Calabria,1947131,1383276,71.04,0.18
694,2021-04-24,CAL,19310,9609,9701,15758,3462,90,0,ITF,ITF6,18,Calabria,Calabria,1947131,1402586,72.03,0.99
695,2021-02-26,CAL,3179,1690,1489,2699,464,16,0,ITF,ITF6,18,Calabria,Calabria,1947131,1405765,72.2,0.16
696,2021-08-02,CAL,15085,7538,7547,3724,11303,58,0,ITF,ITF6,18,Calabria,Calabria,1947131,1420850,72.97,0.77
697,2021-06-20,CAL,6651,3150,3501,3815,2808,28,0,ITF,ITF6,18,Calabria,Calabria,1947131,1427501,73.31,0.34
698,2021-06-06,CAL,13815,6642,7173,12017,1725,73,0,ITF,ITF6,18,Calabria,Calabria,1947131,1441316,74.02,0.71
699,2021-02-05,CAL,3867,1747,2120,472,3380,15,0,ITF,ITF6,18,Calabria,Calabria,1947131,1445183,74.22,0.2
700,2021-04-29,CAL,12535,6098,6437,8656,3819,60,0,ITF,ITF6,18,Calabria,Calabria,1947131,1457718,74.86,0.64
701,2021-04-12,CAL,7049,3429,3620,5354,1666,29,0,ITF,ITF6,18,Calabria,Calabria,1947131,1464767,75.23,0.36
702,2021-01-19,CAL,1133,500,633,1118,13,2,0,ITF,ITF6,18,Calabria,Calabria,1947131,1465900,75.29,0.06
703,2021-07-04,CAL,5959,2824,3135,1991,3932,36,0,ITF,ITF6,18,Calabria,Calabria,1947131,1471859,75.59,0.31
704,2021-08-14,CAL,2234,1196,1038,728,1490,16,0,ITF,ITF6,18,Calabria,Calabria,1947131,1474093,75.71,0.11
705,2021-07-14,CAL,22650,10682,11968,4156,18417,77,0,ITF,ITF6,18,Calabria,Calabria,1947131,1496743,76.87,1.16
706,2021-04-05,CAL,3648,1731,1917,2675,960,13,0,ITF,ITF6,18,Calabria,Calabria,1947131,1500391,77.06,0.19
707,2021-06-08,CAL,16688,7904,8784,14513,2051,124,0,ITF,ITF6,18,Calabria,Calabria,1947131,1517079,77.91,0.86
708,2021-04-03,CAL,9466,4096,5370,4535,4866,65,0,ITF,ITF6,18,Calabria,Calabria,1947131,1526545,78.4,0.49
709,2021-01-28,CAL,2301,1145,1156,78,2223,0,0,ITF,ITF6,18,Calabria,Calabria,1947131,1528846,78.52,0.12
710,2021-08-13,CAL,7594,3918,3676,2442,5083,69,0,ITF,ITF6,18,Calabria,Calabria,1947131,1536440,78.91,0.39
711,2021-09-09,CAL,6295,3151,3144,2395,3785,115,0,ITF,ITF6,18,Calabria,Calabria,1947131,1542735,79.23,0.32
712,2021-05-13,CAL,15996,7699,8297,11177,4741,78,0,ITF,ITF6,18,Calabria,Calabria,1947131,1558731,80.05,0.82
713,2021-02-19,CAL,1521,689,832,1248,264,9,0,ITF,ITF6,18,Calabria,Calabria,1947131,1560252,80.13,0.08
714,2021-05-30,CAL,11010,5308,5702,6821,4154,35,0,ITF,ITF6,18,Calabria,Calabria,1947131,1571262,80.7,0.57
715,2020-12-28,CAL,6,2,4,6,0,0,0,ITF,ITF6,18,Calabria,Calabria,1947131,1571268,80.7,0.0
716,2021-06-03,CAL,14261,6658,7603,9589,4618,54,0,ITF,ITF6,18,Calabria,Calabria,1947131,1585529,81.43,0.73
717,2021-04-07,CAL,9206,4182,5024,5070,4076,60,0,ITF,ITF6,18,Calabria,Calabria,1947131,1594735,81.9,0.47
718,2021-02-23,CAL,1620,766,854,1496,119,5,0,ITF,ITF6,18,Calabria,Calabria,1947131,1596355,81.98,0.08
719,2021-01-07,CAL,2226,1091,1135,2222,0,4,0,ITF,ITF6,18,Calabria,Calabria,1947131,1598581,82.1,0.11
720,2021-06-13,CAL,6862,3368,3494,5730,1076,56,0,ITF,ITF6,18,Calabria,Calabria,1947131,1605443,82.45,0.35
721,2021-04-17,CAL,10872,5083,5789,9031,1789,52,0,ITF,ITF6,18,Calabria,Calabria,1947131,1616315,83.01,0.56
722,2021-09-21,CAL,6514,3442,3072,2697,3655,137,25,ITF,ITF6,18,Calabria,Calabria,1947131,1622829,83.34,0.33
723,2021-05-01,CAL,16760,7984,8776,12400,4266,94,0,ITF,ITF6,18,Calabria,Calabria,1947131,1639589,84.21,0.86
724,2021-03-05,CAL,6244,3624,2620,5649,579,16,0,ITF,ITF6,18,Calabria,Calabria,1947131,1645833,84.53,0.32
725,2021-08-09,CAL,13166,6714,6452,4642,8361,163,0,ITF,ITF6,18,Calabria,Calabria,1947131,1658999,85.2,0.68
726,2021-08-11,CAL,11060,5674,5386,3523,7422,115,0,ITF,ITF6,18,Calabria,Calabria,1947131,1670059,85.77,0.57
727,2021-06-15,CAL,15162,7052,8110,10237,4832,93,0,ITF,ITF6,18,Calabria,Calabria,1947131,1685221,86.55,0.78
728,2021-03-14,CAL,2777,1073,1704,2283,487,7,0,ITF,ITF6,18,Calabria,Calabria,1947131,1687998,86.69,0.14
729,2021-08-18,CAL,9464,4854,4610,3394,5970,100,0,ITF,ITF6,18,Calabria,Calabria,1947131,1697462,87.18,0.49
730,2021-06-22,CAL,14630,6919,7711,7381,7153,96,0,ITF,ITF6,18,Calabria,Calabria,1947131,1712092,87.93,0.75
731,2021-06-17,CAL,15823,7230,8593,9598,6171,54,0,ITF,ITF6,18,Calabria,Calabria,1947131,1727915,88.74,0.81
732,2021-03-26,CAL,8122,3854,4268,4948,3140,34,0,ITF,ITF6,18,Calabria,Calabria,1947131,1736037,89.16,0.42
733,2021-09-08,CAL,7722,3984,3738,3300,4267,155,0,ITF,ITF6,18,Calabria,Calabria,1947131,1743759,89.56,0.4
734,2021-09-16,CAL,6893,3401,3492,2743,3990,160,0,ITF,ITF6,18,Calabria,Calabria,1947131,1750652,89.91,0.35
735,2021-03-17,CAL,4207,1884,2323,2191,2005,11,0,ITF,ITF6,18,Calabria,Calabria,1947131,1754859,90.13,0.22
736,2021-06-25,CAL,18841,8749,10092,8063,10689,89,0,ITF,ITF6,18,Calabria,Calabria,1947131,1773700,91.09,0.97
737,2021-07-13,CAL,17442,8160,9282,2305,15066,71,0,ITF,ITF6,18,Calabria,Calabria,1947131,1791142,91.99,0.9
738,2021-05-08,CAL,18595,8438,10157,10497,8016,82,0,ITF,ITF6,18,Calabria,Calabria,1947131,1809737,92.94,0.95
739,2021-05-22,CAL,22205,10564,11641,14213,7903,89,0,ITF,ITF6,18,Calabria,Calabria,1947131,1831942,94.08,1.14
740,2021-08-30,CAL,9379,4710,4669,3146,6106,127,0,ITF,ITF6,18,Calabria,Calabria,1947131,1841321,94.57,0.48
741,2021-04-21,CAL,11645,5850,5795,8639,2942,64,0,ITF,ITF6,18,Calabria,Calabria,1947131,1852966,95.16,0.6
742,2021-07-30,CAL,19736,10060,9676,5512,14096,128,0,ITF,ITF6,18,Calabria,Calabria,1947131,1872702,96.18,1.01
743,2021-04-02,CAL,8562,3923,4639,4585,3943,34,0,ITF,ITF6,18,Calabria,Calabria,1947131,1881264,96.62,0.44
744,2021-05-17,CAL,14915,7468,7447,10133,4724,58,0,ITF,ITF6,18,Calabria,Calabria,1947131,1896179,97.38,0.77
745,2021-08-25,CAL,8843,4328,4515,3322,5385,136,0,ITF,ITF6,18,Calabria,Calabria,1947131,1905022,97.84,0.45
746,2021-02-21,CAL,674,308,366,594,79,1,0,ITF,ITF6,18,Calabria,Calabria,1947131,1905696,97.87,0.03
747,2021-09-20,CAL,7680,4130,3550,3383,4096,167,34,ITF,ITF6,18,Calabria,Calabria,1947131,1913376,98.27,0.39
748,2021-03-31,CAL,9169,4183,4986,5065,4065,39,0,ITF,ITF6,18,Calabria,Calabria,1947131,1922545,98.74,0.47
749,2021-04-09,CAL,8052,3777,4275,5064,2897,91,0,ITF,ITF6,18,Calabria,Calabria,1947131,1930597,99.15,0.41
750,2021-07-26,CAL,18796,9338,9458,5209,13492,95,0,ITF,ITF6,18,Calabria,Calabria,1947131,1949393,100.12,0.97
751,2021-03-12,CAL,5164,2474,2690,4074,1067,23,0,ITF,ITF6,18,Calabria,Calabria,1947131,1954557,100.38,0.27
752,2021-01-14,CAL,2679,1272,1407,2673,0,6,0,ITF,ITF6,18,Calabria,Calabria,1947131,1957236,100.52,0.14
753,2021-06-24,CAL,15423,7026,8397,6982,8360,81,0,ITF,ITF6,18,Calabria,Calabria,1947131,1972659,101.31,0.79
754,2021-03-19,CAL,4273,1999,2274,1885,2381,7,0,ITF,ITF6,18,Calabria,Calabria,1947131,1976932,101.53,0.22
755,2021-07-11,CAL,6435,2986,3449,846,5578,11,0,ITF,ITF6,18,Calabria,Calabria,1947131,1983367,101.86,0.33
756,2021-09-18,CAL,5649,3044,2605,2879,2602,168,0,ITF,ITF6,18,Calabria,Calabria,1947131,1989016,102.15,0.29
757,2021-06-10,CAL,15898,7335,8563,12983,2813,102,0,ITF,ITF6,18,Calabria,Calabria,1947131,2004914,102.97,0.82
758,2021-04-19,CAL,7911,3821,4090,6174,1689,48,0,ITF,ITF6,18,Calabria,Calabria,1947131,2012825,103.37,0.41
759,2021-01-09,CAL,2108,1132,976,2100,0,8,0,ITF,ITF6,18,Calabria,Calabria,1947131,2014933,103.48,0.11
760,2021-09-01,CAL,9144,4695,4449,3501,5497,146,0,ITF,ITF6,18,Calabria,Calabria,1947131,2024077,103.95,0.47
761,2021-09-13,CAL,8486,4294,4192,3217,5117,152,0,ITF,ITF6,18,Calabria,Calabria,1947131,2032563,104.39,0.44
762,2021-07-18,CAL,8794,4207,4587,1280,7482,32,0,ITF,ITF6,18,Calabria,Calabria,1947131,2041357,104.84,0.45
763,2021-06-05,CAL,20805,9716,11089,17636,3088,81,0,ITF,ITF6,18,Calabria,Calabria,1947131,2062162,105.91,1.07
764,2021-07-06,CAL,12495,5750,6745,3823,8606,66,0,ITF,ITF6,18,Calabria,Calabria,1947131,2074657,106.55,0.64
765,2021-04-28,CAL,12579,6102,6477,9622,2884,73,0,ITF,ITF6,18,Calabria,Calabria,1947131,2087236,107.2,0.65
766,2021-02-04,CAL,3679,1748,1931,647,3026,6,0,ITF,ITF6,18,Calabria,Calabria,1947131,2090915,107.38,0.19
767,2021-05-15,CAL,27283,13058,14225,20266,6885,132,0,ITF,ITF6,18,Calabria,Calabria,1947131,2118198,108.79,1.4
768,2021-08-06,CAL,15627,7936,7691,5086,10406,135,0,ITF,ITF6,18,Calabria,Calabria,1947131,2133825,109.59,0.8
769,2021-02-02,CAL,2376,1170,1206,176,2200,0,0,ITF,ITF6,18,Calabria,Calabria,1947131,2136201,109.71,0.12
770,2021-01-16,CAL,2429,1140,1289,2426,0,3,0,ITF,ITF6,18,Calabria,Calabria,1947131,2138630,109.83,0.12
771,2021-05-10,CAL,13174,6126,7048,7683,5422,69,0,ITF,ITF6,18,Calabria,Calabria,1947131,2151804,110.51,0.68
772,2021-04-26,CAL,10196,5063,5133,7710,2435,51,0,ITF,ITF6,18,Calabria,Calabria,1947131,2162000,111.04,0.52
773,2021-01-21,CAL,985,462,523,947,35,3,0,ITF,ITF6,18,Calabria,Calabria,1947131,2162985,111.09,0.05
774,2021-08-20,CAL,7571,3824,3747,3018,4460,93,0,ITF,ITF6,18,Calabria,Calabria,1947131,2170556,111.47,0.39
775,2021-01-02,CAL,166,94,72,166,0,0,0,ITF,ITF6,18,Calabria,Calabria,1947131,2170722,111.48,0.01
776,2021-02-28,CAL,2385,1087,1298,2225,157,3,0,ITF,ITF6,18,Calabria,Calabria,1947131,2173107,111.61,0.12
777,2021-06-23,CAL,17257,7882,9375,8149,9025,83,0,ITF,ITF6,18,Calabria,Calabria,1947131,2190364,112.49,0.89
778,2021-03-13,CAL,7041,3051,3990,5946,1057,38,0,ITF,ITF6,18,Calabria,Calabria,1947131,2197405,112.85,0.36
779,2021-01-15,CAL,2820,1267,1553,2814,0,6,0,ITF,ITF6,18,Calabria,Calabria,1947131,2200225,113.0,0.14
780,2021-04-25,CAL,15904,8073,7831,14804,1032,68,0,ITF,ITF6,18,Calabria,Calabria,1947131,2216129,113.82,0.82
781,2021-08-26,CAL,7210,3603,3607,3179,3908,123,0,ITF,ITF6,18,Calabria,Calabria,1947131,2223339,114.19,0.37
782,2021-06-30,CAL,16395,7509,8886,7014,9279,102,0,ITF,ITF6,18,Calabria,Calabria,1947131,2239734,115.03,0.84
783,2021-06-28,CAL,13309,6129,7180,5371,7869,69,0,ITF,ITF6,18,Calabria,Calabria,1947131,2253043,115.71,0.68
784,2021-03-20,CAL,6802,3117,3685,4185,2600,17,0,ITF,ITF6,18,Calabria,Calabria,1947131,2259845,116.06,0.35
785,2021-03-15,CAL,3671,1774,1897,2167,1492,12,0,ITF,ITF6,18,Calabria,Calabria,1947131,2263516,116.25,0.19
786,2021-08-28,CAL,5311,2783,2528,1903,3315,93,0,ITF,ITF6,18,Calabria,Calabria,1947131,2268827,116.52,0.27
787,2021-07-02,CAL,16274,7535,8739,6232,9954,88,0,ITF,ITF6,18,Calabria,Calabria,1947131,2285101,117.36,0.84
788,2021-05-20,CAL,17002,8511,8491,11272,5661,69,0,ITF,ITF6,18,Calabria,Calabria,1947131,2302103,118.23,0.87
789,2021-02-07,CAL,873,435,438,143,728,2,0,ITF,ITF6,18,Calabria,Calabria,1947131,2302976,118.28,0.04
790,2021-05-18,CAL,15348,7680,7668,11851,3428,69,0,ITF,ITF6,18,Calabria,Calabria,1947131,2318324,119.06,0.79
791,2021-03-22,CAL,5012,2355,2657,3184,1805,23,0,ITF,ITF6,18,Calabria,Calabria,1947131,2323336,119.32,0.26
792,2021-09-04,CAL,5566,2963,2603,2332,3128,106,0,ITF,ITF6,18,Calabria,Calabria,1947131,2328902,119.61,0.29
793,2021-02-09,CAL,2180,923,1257,954,1216,10,0,ITF,ITF6,18,Calabria,Calabria,1947131,2331082,119.72,0.11
794,2021-05-29,CAL,19306,8965,10341,9354,9877,75,0,ITF,ITF6,18,Calabria,Calabria,1947131,2350388,120.71,0.99
795,2021-09-06,CAL,7997,4113,3884,3437,4421,139,0,ITF,ITF6,18,Calabria,Calabria,1947131,2358385,121.12,0.41
796,2021-07-25,CAL,6951,3571,3380,1467,5452,32,0,ITF,ITF6,18,Calabria,Calabria,1947131,2365336,121.48,0.36
797,2021-04-14,CAL,8101,3913,4188,6589,1462,50,0,ITF,ITF6,18,Calabria,Calabria,1947131,2373437,121.89,0.42
798,2021-02-16,CAL,1755,746,1009,1468,281,6,0,ITF,ITF6,18,Calabria,Calabria,1947131,2375192,121.98,0.09
799,2021-07-23,CAL,22755,11353,11402,5558,17092,105,0,ITF,ITF6,18,Calabria,Calabria,1947131,2397947,123.15,1.17
800,2021-05-27,CAL,17678,8742,8936,9771,7824,83,0,ITF,ITF6,18,Calabria,Calabria,1947131,2415625,124.06,0.91
801,2021-08-01,CAL,4895,2562,2333,1172,3699,24,0,ITF,ITF6,18,Calabria,Calabria,1947131,2420520,124.31,0.25
802,2021-04-08,BAS,790,362,428,762,10,18,0,ITF,ITF5,17,Basilicata,Basilicata,559084,790,0.14,0.14
803,2021-04-22,BAS,5051,2353,2698,3382,1614,55,0,ITF,ITF5,17,Basilicata,Basilicata,559084,5841,1.04,0.9
804,2021-07-31,BAS,5471,2879,2592,1823,3591,57,0,ITF,ITF5,17,Basilicata,Basilicata,559084,11312,2.02,0.98
805,2021-07-17,BAS,5858,2917,2941,1709,4110,39,0,ITF,ITF5,17,Basilicata,Basilicata,559084,17170,3.07,1.05
806,2021-06-30,BAS,3452,1668,1784,2315,1111,26,0,ITF,ITF5,17,Basilicata,Basilicata,559084,20622,3.69,0.62
807,2021-01-10,BAS,77,24,53,77,0,0,0,ITF,ITF5,17,Basilicata,Basilicata,559084,20699,3.7,0.01
808,2021-04-20,BAS,4156,1986,2170,2179,1949,28,0,ITF,ITF5,17,Basilicata,Basilicata,559084,24855,4.45,0.74
809,2021-08-07,BAS,4518,2376,2142,1359,3098,61,0,ITF,ITF5,17,Basilicata,Basilicata,559084,29373,5.25,0.81
810,2021-06-04,BAS,4833,2289,2544,3749,1047,37,0,ITF,ITF5,17,Basilicata,Basilicata,559084,34206,6.12,0.86
811,2021-09-12,BAS,1754,929,825,303,1423,28,0,ITF,ITF5,17,Basilicata,Basilicata,559084,35960,6.43,0.31
812,2021-02-24,BAS,1815,744,1071,1729,75,11,0,ITF,ITF5,17,Basilicata,Basilicata,559084,37775,6.76,0.32
813,2021-08-26,BAS,2523,1278,1245,1120,1339,64,0,ITF,ITF5,17,Basilicata,Basilicata,559084,40298,7.21,0.45
814,2021-02-22,BAS,1799,778,1021,1737,53,9,0,ITF,ITF5,17,Basilicata,Basilicata,559084,42097,7.53,0.32
815,2021-03-25,BAS,1891,608,1283,1515,350,26,0,ITF,ITF5,17,Basilicata,Basilicata,559084,43988,7.87,0.34
816,2021-01-27,BAS,422,179,243,113,309,0,0,ITF,ITF5,17,Basilicata,Basilicata,559084,44410,7.94,0.08
817,2021-02-10,BAS,552,241,311,497,53,2,0,ITF,ITF5,17,Basilicata,Basilicata,559084,44962,8.04,0.1
818,2021-05-21,BAS,4578,2321,2257,1480,3086,12,0,ITF,ITF5,17,Basilicata,Basilicata,559084,49540,8.86,0.82
819,2021-01-15,BAS,819,353,466,819,0,0,0,ITF,ITF5,17,Basilicata,Basilicata,559084,50359,9.01,0.15
820,2020-12-27,BAS,107,41,66,107,0,0,0,ITF,ITF5,17,Basilicata,Basilicata,559084,50466,9.03,0.02
821,2021-09-21,BAS,3107,1702,1405,644,2379,54,30,ITF,ITF5,17,Basilicata,Basilicata,559084,53573,9.58,0.56
822,2021-03-20,BAS,1309,579,730,278,1024,7,0,ITF,ITF5,17,Basilicata,Basilicata,559084,54882,9.82,0.23
823,2021-08-12,BAS,3919,2000,1919,1678,2159,82,0,ITF,ITF5,17,Basilicata,Basilicata,559084,58801,10.52,0.7
824,2021-07-26,BAS,5418,2722,2696,1992,3388,38,0,ITF,ITF5,17,Basilicata,Basilicata,559084,64219,11.49,0.97
825,2021-01-22,BAS,67,24,43,67,0,0,0,ITF,ITF5,17,Basilicata,Basilicata,559084,64286,11.5,0.01
826,2021-05-04,BAS,4143,1995,2148,3569,524,50,0,ITF,ITF5,17,Basilicata,Basilicata,559084,68429,12.24,0.74
827,2021-03-08,BAS,1480,728,752,824,621,35,0,ITF,ITF5,17,Basilicata,Basilicata,559084,69909,12.5,0.26
828,2021-06-16,BAS,4609,2089,2520,2126,2463,20,0,ITF,ITF5,17,Basilicata,Basilicata,559084,74518,13.33,0.82
829,2021-05-30,BAS,2780,1421,1359,920,1855,5,0,ITF,ITF5,17,Basilicata,Basilicata,559084,77298,13.83,0.5
830,2021-04-03,BAS,1815,754,1061,1464,338,13,0,ITF,ITF5,17,Basilicata,Basilicata,559084,79113,14.15,0.32
831,2021-09-07,BAS,2657,1371,1286,679,1906,72,0,ITF,ITF5,17,Basilicata,Basilicata,559084,81770,14.63,0.48
832,2021-08-24,BAS,3269,1768,1501,1479,1713,77,0,ITF,ITF5,17,Basilicata,Basilicata,559084,85039,15.21,0.58
833,2021-02-17,BAS,1137,493,644,1058,77,2,0,ITF,ITF5,17,Basilicata,Basilicata,559084,86176,15.41,0.2
834,2021-05-28,BAS,3617,1811,1806,918,2666,33,0,ITF,ITF5,17,Basilicata,Basilicata,559084,89793,16.06,0.65
835,2021-06-11,BAS,4238,1984,2254,3166,1030,42,0,ITF,ITF5,17,Basilicata,Basilicata,559084,94031,16.82,0.76
836,2021-09-19,BAS,2548,1363,1185,446,2063,39,0,ITF,ITF5,17,Basilicata,Basilicata,559084,96579,17.27,0.46
837,2021-08-19,BAS,3595,1871,1724,1671,1836,88,0,ITF,ITF5,17,Basilicata,Basilicata,559084,100174,17.92,0.64
838,2021-05-11,BAS,2654,1353,1301,1597,1033,24,0,ITF,ITF5,17,Basilicata,Basilicata,559084,102828,18.39,0.47
839,2021-01-08,BAS,556,220,336,556,0,0,0,ITF,ITF5,17,Basilicata,Basilicata,559084,103384,18.49,0.1
840,2021-03-15,BAS,2393,999,1394,522,1852,19,0,ITF,ITF5,17,Basilicata,Basilicata,559084,105777,18.92,0.43
841,2021-01-17,BAS,331,133,198,330,1,0,0,ITF,ITF5,17,Basilicata,Basilicata,559084,106108,18.98,0.06
842,2021-04-27,BAS,4730,2243,2487,4349,327,54,0,ITF,ITF5,17,Basilicata,Basilicata,559084,110838,19.82,0.85
843,2021-08-05,BAS,4558,2320,2238,1284,3232,42,0,ITF,ITF5,17,Basilicata,Basilicata,559084,115396,20.64,0.82
844,2021-09-02,BAS,3032,1624,1408,881,2073,78,0,ITF,ITF5,17,Basilicata,Basilicata,559084,118428,21.18,0.54
845,2021-04-01,BAS,2745,1124,1621,1970,743,32,0,ITF,ITF5,17,Basilicata,Basilicata,559084,121173,21.67,0.49
846,2021-02-03,BAS,676,305,371,32,644,0,0,ITF,ITF5,17,Basilicata,Basilicata,559084,121849,21.79,0.12
847,2021-06-23,BAS,3240,1522,1718,2331,876,33,0,ITF,ITF5,17,Basilicata,Basilicata,559084,125089,22.37,0.58
848,2021-07-24,BAS,5750,2945,2805,1776,3924,50,0,ITF,ITF5,17,Basilicata,Basilicata,559084,130839,23.4,1.03
849,2021-05-02,BAS,4182,2001,2181,3489,629,64,0,ITF,ITF5,17,Basilicata,Basilicata,559084,135021,24.15,0.75
850,2021-04-15,BAS,3431,1679,1752,2586,799,46,0,ITF,ITF5,17,Basilicata,Basilicata,559084,138452,24.76,0.61
851,2021-07-07,BAS,5203,2470,2733,2019,3169,15,0,ITF,ITF5,17,Basilicata,Basilicata,559084,143655,25.69,0.93
852,2021-01-03,BAS,910,347,563,910,0,0,0,ITF,ITF5,17,Basilicata,Basilicata,559084,144565,25.86,0.16
853,2021-06-28,BAS,3641,1747,1894,2113,1509,19,0,ITF,ITF5,17,Basilicata,Basilicata,559084,148206,26.51,0.65
854,2021-03-06,BAS,1382,548,834,754,615,13,0,ITF,ITF5,17,Basilicata,Basilicata,559084,149588,26.76,0.25
855,2021-06-09,BAS,4423,2072,2351,3966,424,33,0,ITF,ITF5,17,Basilicata,Basilicata,559084,154011,27.55,0.79
856,2021-04-13,BAS,2122,1055,1067,1278,825,19,0,ITF,ITF5,17,Basilicata,Basilicata,559084,156133,27.93,0.38
857,2021-03-01,BAS,553,286,267,384,169,0,0,ITF,ITF5,17,Basilicata,Basilicata,559084,156686,28.03,0.1
858,2021-02-05,BAS,998,449,549,64,932,2,0,ITF,ITF5,17,Basilicata,Basilicata,559084,157684,28.2,0.18
859,2021-07-12,BAS,5443,2594,2849,1608,3809,26,0,ITF,ITF5,17,Basilicata,Basilicata,559084,163127,29.18,0.97
860,2021-05-16,BAS,4973,2468,2505,2805,2113,55,0,ITF,ITF5,17,Basilicata,Basilicata,559084,168100,30.07,0.89
861,2021-07-19,BAS,5926,2890,3036,1997,3886,43,0,ITF,ITF5,17,Basilicata,Basilicata,559084,174026,31.13,1.06
862,2021-07-14,BAS,5642,2721,2921,1628,3989,25,0,ITF,ITF5,17,Basilicata,Basilicata,559084,179668,32.14,1.01
863,2021-04-05,BAS,727,236,491,412,305,10,0,ITF,ITF5,17,Basilicata,Basilicata,559084,180395,32.27,0.13
864,2021-03-22,BAS,1224,549,675,642,574,8,0,ITF,ITF5,17,Basilicata,Basilicata,559084,181619,32.49,0.22
865,2021-06-27,BAS,3007,1477,1530,2377,616,14,0,ITF,ITF5,17,Basilicata,Basilicata,559084,184626,33.02,0.54
866,2021-06-01,BAS,6138,2927,3211,3034,3077,27,0,ITF,ITF5,17,Basilicata,Basilicata,559084,190764,34.12,1.1
867,2021-09-09,BAS,3182,1702,1480,684,2418,80,0,ITF,ITF5,17,Basilicata,Basilicata,559084,193946,34.69,0.57
868,2021-08-04,BAS,4502,2232,2270,1425,3035,42,0,ITF,ITF5,17,Basilicata,Basilicata,559084,198448,35.5,0.81
869,2021-06-08,BAS,4587,2195,2392,4191,358,38,0,ITF,ITF5,17,Basilicata,Basilicata,559084,203035,36.32,0.82
870,2021-04-12,BAS,2178,1055,1123,1653,495,30,0,ITF,ITF5,17,Basilicata,Basilicata,559084,205213,36.71,0.39
871,2021-09-16,BAS,2441,1266,1175,407,1981,53,0,ITF,ITF5,17,Basilicata,Basilicata,559084,207654,37.14,0.44
872,2021-07-21,BAS,5846,2942,2904,1612,4201,33,0,ITF,ITF5,17,Basilicata,Basilicata,559084,213500,38.19,1.05
873,2021-09-14,BAS,2328,1283,1045,457,1822,49,0,ITF,ITF5,17,Basilicata,Basilicata,559084,215828,38.6,0.42
874,2021-03-13,BAS,1811,896,915,740,1049,22,0,ITF,ITF5,17,Basilicata,Basilicata,559084,217639,38.93,0.32
875,2021-02-07,BAS,384,163,221,49,335,0,0,ITF,ITF5,17,Basilicata,Basilicata,559084,218023,39.0,0.07
876,2021-05-18,BAS,5896,2855,3041,3377,2492,27,0,ITF,ITF5,17,Basilicata,Basilicata,559084,223919,40.05,1.05
877,2021-08-09,BAS,4013,2066,1947,1568,2398,47,0,ITF,ITF5,17,Basilicata,Basilicata,559084,227932,40.77,0.72
878,2021-07-23,BAS,5551,2781,2770,1889,3616,46,0,ITF,ITF5,17,Basilicata,Basilicata,559084,233483,41.76,0.99
879,2021-05-01,BAS,4709,2139,2570,3884,755,70,0,ITF,ITF5,17,Basilicata,Basilicata,559084,238192,42.6,0.84
880,2021-07-09,BAS,5338,2608,2730,1696,3633,9,0,ITF,ITF5,17,Basilicata,Basilicata,559084,243530,43.56,0.95
881,2021-05-09,BAS,4689,2343,2346,2946,1694,49,0,ITF,ITF5,17,Basilicata,Basilicata,559084,248219,44.4,0.84
882,2021-02-15,BAS,636,240,396,576,44,16,0,ITF,ITF5,17,Basilicata,Basilicata,559084,248855,44.51,0.11
883,2021-01-29,BAS,619,233,386,63,556,0,0,ITF,ITF5,17,Basilicata,Basilicata,559084,249474,44.62,0.11
884,2021-03-05,BAS,1886,870,1016,1105,764,17,0,ITF,ITF5,17,Basilicata,Basilicata,559084,251360,44.96,0.34
885,2021-06-13,BAS,3016,1442,1574,2678,310,28,0,ITF,ITF5,17,Basilicata,Basilicata,559084,254376,45.5,0.54
886,2021-04-29,BAS,4859,2398,2461,4341,441,77,0,ITF,ITF5,17,Basilicata,Basilicata,559084,259235,46.37,0.87
887,2021-03-17,BAS,1475,615,860,24,1447,4,0,ITF,ITF5,17,Basilicata,Basilicata,559084,260710,46.63,0.26
888,2021-01-19,BAS,199,84,115,199,0,0,0,ITF,ITF5,17,Basilicata,Basilicata,559084,260909,46.67,0.04
889,2021-06-25,BAS,3317,1571,1746,2444,839,34,0,ITF,ITF5,17,Basilicata,Basilicata,559084,264226,47.26,0.59
890,2021-07-04,BAS,3112,1563,1549,2164,922,26,0,ITF,ITF5,17,Basilicata,Basilicata,559084,267338,47.82,0.56
891,2021-08-30,BAS,3201,1713,1488,1550,1547,104,0,ITF,ITF5,17,Basilicata,Basilicata,559084,270539,48.39,0.57
892,2021-05-23,BAS,4518,2302,2216,1527,2984,7,0,ITF,ITF5,17,Basilicata,Basilicata,559084,275057,49.2,0.81
893,2021-03-27,BAS,2256,866,1390,1808,434,14,0,ITF,ITF5,17,Basilicata,Basilicata,559084,277313,49.6,0.4
894,2021-08-31,BAS,3105,1597,1508,1683,1276,146,0,ITF,ITF5,17,Basilicata,Basilicata,559084,280418,50.16,0.56
895,2021-07-05,BAS,3270,1615,1655,2214,1021,35,0,ITF,ITF5,17,Basilicata,Basilicata,559084,283688,50.74,0.58
896,2021-09-18,BAS,3327,1866,1461,756,2475,96,0,ITF,ITF5,17,Basilicata,Basilicata,559084,287015,51.34,0.6
897,2021-01-07,BAS,644,321,323,644,0,0,0,ITF,ITF5,17,Basilicata,Basilicata,559084,287659,51.45,0.12
898,2021-03-03,BAS,1816,848,968,1223,565,28,0,ITF,ITF5,17,Basilicata,Basilicata,559084,289475,51.78,0.32
899,2021-05-25,BAS,4200,2114,2086,868,3322,10,0,ITF,ITF5,17,Basilicata,Basilicata,559084,293675,52.53,0.75
900,2021-02-14,BAS,151,48,103,105,0,46,0,ITF,ITF5,17,Basilicata,Basilicata,559084,293826,52.55,0.03
901,2021-04-19,BAS,4182,1920,2262,2394,1653,135,0,ITF,ITF5,17,Basilicata,Basilicata,559084,298008,53.3,0.75
902,2021-07-28,BAS,5037,2576,2461,1929,3048,60,0,ITF,ITF5,17,Basilicata,Basilicata,559084,303045,54.2,0.9
903,2021-06-15,BAS,3223,1417,1806,2225,977,21,0,ITF,ITF5,17,Basilicata,Basilicata,559084,306268,54.78,0.58
904,2021-02-26,BAS,2165,908,1257,2077,82,6,0,ITF,ITF5,17,Basilicata,Basilicata,559084,308433,55.17,0.39
905,2021-04-17,BAS,3462,1656,1806,2171,1262,29,0,ITF,ITF5,17,Basilicata,Basilicata,559084,311895,55.79,0.62
906,2021-03-29,BAS,2482,898,1584,2141,288,53,0,ITF,ITF5,17,Basilicata,Basilicata,559084,314377,56.23,0.44
907,2021-01-05,BAS,953,410,543,953,0,0,0,ITF,ITF5,17,Basilicata,Basilicata,559084,315330,56.4,0.17
908,2021-06-20,BAS,4010,1883,2127,1939,2036,35,0,ITF,ITF5,17,Basilicata,Basilicata,559084,319340,57.12,0.72
909,2021-05-27,BAS,3623,1863,1760,1072,2537,14,0,ITF,ITF5,17,Basilicata,Basilicata,559084,322963,57.77,0.65
910,2021-09-04,BAS,2609,1397,1212,775,1765,69,0,ITF,ITF5,17,Basilicata,Basilicata,559084,325572,58.23,0.47
911,2021-04-24,BAS,4584,2222,2362,3477,1051,56,0,ITF,ITF5,17,Basilicata,Basilicata,559084,330156,59.05,0.82
912,2021-08-02,BAS,4609,2333,2276,1778,2791,40,0,ITF,ITF5,17,Basilicata,Basilicata,559084,334765,59.88,0.82
913,2021-03-24,BAS,2050,797,1253,1484,540,26,0,ITF,ITF5,17,Basilicata,Basilicata,559084,336815,60.24,0.37
914,2021-07-02,BAS,3689,1839,1850,2484,1176,29,0,ITF,ITF5,17,Basilicata,Basilicata,559084,340504,60.9,0.66
915,2021-01-31,BAS,78,24,54,0,78,0,0,ITF,ITF5,17,Basilicata,Basilicata,559084,340582,60.92,0.01
916,2021-01-12,BAS,217,88,129,217,0,0,0,ITF,ITF5,17,Basilicata,Basilicata,559084,340799,60.96,0.04
917,2021-09-06,BAS,3013,1569,1444,746,2189,78,0,ITF,ITF5,17,Basilicata,Basilicata,559084,343812,61.5,0.54
918,2021-02-19,BAS,1627,739,888,1559,63,5,0,ITF,ITF5,17,Basilicata,Basilicata,559084,345439,61.79,0.29
919,2021-02-28,BAS,813,347,466,772,37,4,0,ITF,ITF5,17,Basilicata,Basilicata,559084,346252,61.93,0.15
920,2021-01-02,BAS,958,383,575,957,0,1,0,ITF,ITF5,17,Basilicata,Basilicata,559084,347210,62.1,0.17
921,2021-01-16,BAS,726,305,421,726,0,0,0,ITF,ITF5,17,Basilicata,Basilicata,559084,347936,62.23,0.13
922,2021-04-26,BAS,4465,2164,2301,4194,221,50,0,ITF,ITF5,17,Basilicata,Basilicata,559084,352401,63.03,0.8
923,2021-05-20,BAS,5886,2981,2905,2886,2972,28,0,ITF,ITF5,17,Basilicata,Basilicata,559084,358287,64.08,1.05
924,2021-08-28,BAS,2277,1288,989,1112,1105,60,0,ITF,ITF5,17,Basilicata,Basilicata,559084,360564,64.49,0.41
925,2021-06-06,BAS,4512,2074,2438,3695,779,38,0,ITF,ITF5,17,Basilicata,Basilicata,559084,365076,65.3,0.81
926,2021-08-11,BAS,3708,1921,1787,1427,2223,58,0,ITF,ITF5,17,Basilicata,Basilicata,559084,368784,65.96,0.66
927,2021-09-11,BAS,2868,1520,1348,763,2040,65,0,ITF,ITF5,17,Basilicata,Basilicata,559084,371652,66.48,0.51
928,2021-07-16,BAS,5932,2899,3033,1802,4096,34,0,ITF,ITF5,17,Basilicata,Basilicata,559084,377584,67.54,1.06
929,2021-03-19,BAS,2319,1005,1314,261,2051,7,0,ITF,ITF5,17,Basilicata,Basilicata,559084,379903,67.95,0.41
930,2021-08-20,BAS,3123,1679,1444,1451,1593,79,0,ITF,ITF5,17,Basilicata,Basilicata,559084,383026,68.51,0.56
931,2021-09-01,BAS,3250,1684,1566,1047,2104,99,0,ITF,ITF5,17,Basilicata,Basilicata,559084,386276,69.09,0.58
932,2021-02-11,BAS,958,406,552,873,83,2,0,ITF,ITF5,17,Basilicata,Basilicata,559084,387234,69.26,0.17
933,2021-05-22,BAS,5493,2725,2768,1929,3553,11,0,ITF,ITF5,17,Basilicata,Basilicata,559084,392727,70.24,0.98
934,2021-02-12,BAS,782,335,447,749,32,1,0,ITF,ITF5,17,Basilicata,Basilicata,559084,393509,70.38,0.14
935,2021-04-10,BAS,1036,379,657,925,84,27,0,ITF,ITF5,17,Basilicata,Basilicata,559084,394545,70.57,0.19
936,2021-06-24,BAS,4090,1939,2151,2151,1901,38,0,ITF,ITF5,17,Basilicata,Basilicata,559084,398635,71.3,0.73
937,2021-04-28,BAS,4707,2158,2549,4203,441,63,0,ITF,ITF5,17,Basilicata,Basilicata,559084,403342,72.14,0.84
938,2021-03-14,BAS,1014,480,534,530,471,13,0,ITF,ITF5,17,Basilicata,Basilicata,559084,404356,72.32,0.18
939,2021-03-31,BAS,3130,1279,1851,2302,798,30,0,ITF,ITF5,17,Basilicata,Basilicata,559084,407486,72.88,0.56
940,2021-09-13,BAS,2384,1260,1124,491,1847,46,0,ITF,ITF5,17,Basilicata,Basilicata,559084,409870,73.31,0.43
941,2021-06-22,BAS,4356,2061,2295,2223,2101,32,0,ITF,ITF5,17,Basilicata,Basilicata,559084,414226,74.09,0.78
942,2021-06-05,BAS,4802,2210,2592,3823,943,36,0,ITF,ITF5,17,Basilicata,Basilicata,559084,419028,74.95,0.86
943,2021-08-27,BAS,2480,1313,1167,999,1410,71,0,ITF,ITF5,17,Basilicata,Basilicata,559084,421508,75.39,0.44
944,2021-02-23,BAS,1912,773,1139,1753,141,18,0,ITF,ITF5,17,Basilicata,Basilicata,559084,423420,75.73,0.34
945,2021-08-08,BAS,3664,1873,1791,1112,2521,31,0,ITF,ITF5,17,Basilicata,Basilicata,559084,427084,76.39,0.66
946,2021-02-21,BAS,284,113,171,284,0,0,0,ITF,ITF5,17,Basilicata,Basilicata,559084,427368,76.44,0.05
947,2021-03-07,BAS,900,313,587,848,40,12,0,ITF,ITF5,17,Basilicata,Basilicata,559084,428268,76.6,0.16
948,2021-01-09,BAS,560,161,399,560,0,0,0,ITF,ITF5,17,Basilicata,Basilicata,559084,428828,76.7,0.1
949,2021-05-10,BAS,4804,2382,2422,2709,2042,53,0,ITF,ITF5,17,Basilicata,Basilicata,559084,433632,77.56,0.86
950,2021-08-18,BAS,3572,1975,1597,1500,1976,96,0,ITF,ITF5,17,Basilicata,Basilicata,559084,437204,78.2,0.64
951,2021-07-18,BAS,4389,2163,2226,1576,2786,27,0,ITF,ITF5,17,Basilicata,Basilicata,559084,441593,78.99,0.79
952,2021-08-01,BAS,4210,2114,2096,1633,2537,40,0,ITF,ITF5,17,Basilicata,Basilicata,559084,445803,79.74,0.75
953,2021-04-14,BAS,2047,1002,1045,1354,677,16,0,ITF,ITF5,17,Basilicata,Basilicata,559084,447850,80.1,0.37
954,2021-01-21,BAS,31,10,21,30,1,0,0,ITF,ITF5,17,Basilicata,Basilicata,559084,447881,80.11,0.01
955,2021-01-04,BAS,614,275,339,614,0,0,0,ITF,ITF5,17,Basilicata,Basilicata,559084,448495,80.22,0.11
956,2021-07-06,BAS,4211,2008,2203,2115,2060,36,0,ITF,ITF5,17,Basilicata,Basilicata,559084,452706,80.97,0.75
957,2021-02-16,BAS,908,377,531,791,98,19,0,ITF,ITF5,17,Basilicata,Basilicata,559084,453614,81.14,0.16
958,2021-01-28,BAS,921,408,513,119,802,0,0,ITF,ITF5,17,Basilicata,Basilicata,559084,454535,81.3,0.16
959,2021-03-26,BAS,1957,702,1255,1667,262,28,0,ITF,ITF5,17,Basilicata,Basilicata,559084,456492,81.65,0.35
960,2021-09-08,BAS,2819,1492,1327,766,2004,49,0,ITF,ITF5,17,Basilicata,Basilicata,559084,459311,82.15,0.5
961,2021-08-29,BAS,2332,1250,1082,1256,979,97,0,ITF,ITF5,17,Basilicata,Basilicata,559084,461643,82.57,0.42
962,2021-07-03,BAS,3949,2105,1844,2758,1145,46,0,ITF,ITF5,17,Basilicata,Basilicata,559084,465592,83.28,0.71
963,2021-05-07,BAS,4638,2281,2357,3264,1341,33,0,ITF,ITF5,17,Basilicata,Basilicata,559084,470230,84.11,0.83
964,2021-08-15,BAS,2704,1430,1274,1136,1527,41,0,ITF,ITF5,17,Basilicata,Basilicata,559084,472934,84.59,0.48
965,2021-03-02,BAS,813,388,425,669,139,5,0,ITF,ITF5,17,Basilicata,Basilicata,559084,473747,84.74,0.15
966,2021-08-06,BAS,4214,2158,2056,1315,2846,53,0,ITF,ITF5,17,Basilicata,Basilicata,559084,477961,85.49,0.75
967,2021-06-10,BAS,4347,2101,2246,3867,443,37,0,ITF,ITF5,17,Basilicata,Basilicata,559084,482308,86.27,0.78
968,2021-06-03,BAS,4922,2258,2664,3703,1181,38,0,ITF,ITF5,17,Basilicata,Basilicata,559084,487230,87.15,0.88
969,2021-03-12,BAS,1924,988,936,785,1109,30,0,ITF,ITF5,17,Basilicata,Basilicata,559084,489154,87.49,0.34
970,2021-05-17,BAS,5548,2735,2813,3362,2136,50,0,ITF,ITF5,17,Basilicata,Basilicata,559084,494702,88.48,0.99
971,2021-08-25,BAS,2683,1407,1276,1260,1339,84,0,ITF,ITF5,17,Basilicata,Basilicata,559084,497385,88.96,0.48
972,2021-06-29,BAS,3856,1880,1976,2785,1043,28,0,ITF,ITF5,17,Basilicata,Basilicata,559084,501241,89.65,0.69
973,2021-03-21,BAS,1179,548,631,476,700,3,0,ITF,ITF5,17,Basilicata,Basilicata,559084,502420,89.86,0.21
974,2021-01-14,BAS,973,413,560,973,0,0,0,ITF,ITF5,17,Basilicata,Basilicata,559084,503393,90.04,0.17
975,2021-04-07,BAS,1212,552,660,1157,36,19,0,ITF,ITF5,17,Basilicata,Basilicata,559084,504605,90.26,0.22
976,2021-04-25,BAS,2990,1459,1531,2906,52,32,0,ITF,ITF5,17,Basilicata,Basilicata,559084,507595,90.79,0.53
977,2021-01-23,BAS,763,325,438,33,730,0,0,ITF,ITF5,17,Basilicata,Basilicata,559084,508358,90.93,0.14
978,2021-05-03,BAS,4512,2043,2469,3620,828,64,0,ITF,ITF5,17,Basilicata,Basilicata,559084,512870,91.73,0.81
979,2021-02-09,BAS,496,216,280,318,178,0,0,ITF,ITF5,17,Basilicata,Basilicata,559084,513366,91.82,0.09
980,2021-07-25,BAS,4479,2254,2225,1606,2849,24,0,ITF,ITF5,17,Basilicata,Basilicata,559084,517845,92.62,0.8
981,2021-02-13,BAS,802,314,488,703,61,38,0,ITF,ITF5,17,Basilicata,Basilicata,559084,518647,92.77,0.14
982,2021-05-24,BAS,4833,2344,2489,1087,3733,13,0,ITF,ITF5,17,Basilicata,Basilicata,559084,523480,93.63,0.86
983,2021-07-29,BAS,4856,2523,2333,1907,2902,47,0,ITF,ITF5,17,Basilicata,Basilicata,559084,528336,94.5,0.87
984,2021-08-13,BAS,3661,1904,1757,1423,2147,91,0,ITF,ITF5,17,Basilicata,Basilicata,559084,531997,95.16,0.65
985,2021-07-30,BAS,4767,2437,2330,1915,2803,49,0,ITF,ITF5,17,Basilicata,Basilicata,559084,536764,96.01,0.85
986,2021-06-17,BAS,4442,2045,2397,2087,2330,25,0,ITF,ITF5,17,Basilicata,Basilicata,559084,541206,96.8,0.79
987,2021-04-21,BAS,3951,1845,2106,2242,1679,30,0,ITF,ITF5,17,Basilicata,Basilicata,559084,545157,97.51,0.71
988,2021-07-10,BAS,5530,2669,2861,1596,3925,9,0,ITF,ITF5,17,Basilicata,Basilicata,559084,550687,98.5,0.99
989,2021-05-14,BAS,5908,2798,3110,3272,2530,106,0,ITF,ITF5,17,Basilicata,Basilicata,559084,556595,99.55,1.06
990,2021-03-18,BAS,1365,571,794,17,1339,9,0,ITF,ITF5,17,Basilicata,Basilicata,559084,557960,99.8,0.24
991,2021-02-08,BAS,567,195,372,156,411,0,0,ITF,ITF5,17,Basilicata,Basilicata,559084,558527,99.9,0.1
992,2021-05-19,BAS,2873,1499,1374,1183,1677,13,0,ITF,ITF5,17,Basilicata,Basilicata,559084,561400,100.41,0.51
993,2021-02-25,BAS,1797,741,1056,1738,48,11,0,ITF,ITF5,17,Basilicata,Basilicata,559084,563197,100.74,0.32
994,2021-05-29,BAS,3061,1534,1527,825,2225,11,0,ITF,ITF5,17,Basilicata,Basilicata,559084,566258,101.28,0.55
995,2021-09-20,BAS,3203,1730,1473,667,2429,79,28,ITF,ITF5,17,Basilicata,Basilicata,559084,569461,101.86,0.57
996,2021-01-13,BAS,917,387,530,917,0,0,0,ITF,ITF5,17,Basilicata,Basilicata,559084,570378,102.02,0.16
997,2021-04-23,BAS,4552,2192,2360,3474,1015,63,0,ITF,ITF5,17,Basilicata,Basilicata,559084,574930,102.83,0.81
998,2021-08-03,BAS,5060,2574,2486,1825,3186,49,0,ITF,ITF5,17,Basilicata,Basilicata,559084,579990,103.74,0.91
999,2021-08-17,BAS,3508,1763,1745,1398,2044,66,0,ITF,ITF5,17,Basilicata,Basilicata,559084,583498,104.37,0.63
1000,2021-05-12,BAS,4730,2330,2400,2800,1881,49,0,ITF,ITF5,17,Basilicata,Basilicata,559084,588228,105.21,0.85
1001,2021-07-15,BAS,6479,3211,3268,1668,4785,26,0,ITF,ITF5,17,Basilicata,Basilicata,559084,594707,106.37,1.16
1002,2021-06-21,BAS,4260,2046,2214,2143,2096,21,0,ITF,ITF5,17,Basilicata,Basilicata,559084,598967,107.13,0.76
1003,2021-06-19,BAS,4467,2178,2289,2371,2074,22,0,ITF,ITF5,17,Basilicata,Basilicata,559084,603434,107.93,0.8
1004,2021-03-28,BAS,2147,746,1401,2110,20,17,0,ITF,ITF5,17,Basilicata,Basilicata,559084,605581,108.32,0.38
1005,2021-03-11,BAS,1806,936,870,819,966,21,0,ITF,ITF5,17,Basilicata,Basilicata,559084,607387,108.64,0.32
1006,2021-06-02,BAS,5962,2806,3156,4375,1544,43,0,ITF,ITF5,17,Basilicata,Basilicata,559084,613349,109.71,1.07
1007,2021-09-10,BAS,2612,1318,1294,539,2012,61,0,ITF,ITF5,17,Basilicata,Basilicata,559084,615961,110.17,0.47
1008,2021-04-18,BAS,3721,1844,1877,2327,1370,24,0,ITF,ITF5,17,Basilicata,Basilicata,559084,619682,110.84,0.67
1009,2021-02-20,BAS,1169,536,633,1050,119,0,0,ITF,ITF5,17,Basilicata,Basilicata,559084,620851,111.05,0.21
1010,2021-07-27,BAS,4713,2371,2342,1812,2855,46,0,ITF,ITF5,17,Basilicata,Basilicata,559084,625564,111.89,0.84
1011,2021-05-31,BAS,4230,2010,2220,1713,2509,8,0,ITF,ITF5,17,Basilicata,Basilicata,559084,629794,112.65,0.76
1012,2021-02-18,BAS,1076,405,671,856,217,3,0,ITF,ITF5,17,Basilicata,Basilicata,559084,630870,112.84,0.19
1013,2021-01-18,BAS,465,158,307,366,99,0,0,ITF,ITF5,17,Basilicata,Basilicata,559084,631335,112.92,0.08
1014,2021-03-16,BAS,1928,810,1118,227,1698,3,0,ITF,ITF5,17,Basilicata,Basilicata,559084,633263,113.27,0.34
1015,2021-04-06,BAS,1274,465,809,1072,184,18,0,ITF,ITF5,17,Basilicata,Basilicata,559084,634537,113.5,0.23
1016,2021-06-14,BAS,4825,2156,2669,2090,2711,24,0,ITF,ITF5,17,Basilicata,Basilicata,559084,639362,114.36,0.86
1017,2021-09-22,BAS,2194,1168,1026,408,1671,37,78,ITF,ITF5,17,Basilicata,Basilicata,559084,641556,114.75,0.39
1018,2021-03-23,BAS,1653,635,1018,1461,172,20,0,ITF,ITF5,17,Basilicata,Basilicata,559084,643209,115.05,0.3
1019,2021-07-01,BAS,3713,1856,1857,2563,1115,35,0,ITF,ITF5,17,Basilicata,Basilicata,559084,646922,115.71,0.66
1020,2021-01-30,BAS,713,230,483,129,584,0,0,ITF,ITF5,17,Basilicata,Basilicata,559084,647635,115.84,0.13
1021,2021-09-05,BAS,2282,1205,1077,466,1783,33,0,ITF,ITF5,17,Basilicata,Basilicata,559084,649917,116.25,0.41
1022,2021-03-04,BAS,1912,912,1000,1074,809,29,0,ITF,ITF5,17,Basilicata,Basilicata,559084,651829,116.59,0.34
1023,2021-08-10,BAS,4417,2325,2092,1514,2832,71,0,ITF,ITF5,17,Basilicata,Basilicata,559084,656246,117.38,0.79
1024,2021-02-06,BAS,928,381,547,146,782,0,0,ITF,ITF5,17,Basilicata,Basilicata,559084,657174,117.54,0.17
1025,2021-04-30,BAS,5285,2375,2910,4061,1162,62,0,ITF,ITF5,17,Basilicata,Basilicata,559084,662459,118.49,0.95
1026,2021-01-20,BAS,85,22,63,84,1,0,0,ITF,ITF5,17,Basilicata,Basilicata,559084,662544,118.51,0.02
1027,2021-08-22,BAS,2442,1281,1161,1024,1370,48,0,ITF,ITF5,17,Basilicata,Basilicata,559084,664986,118.94,0.44
1028,2021-06-26,BAS,3340,1617,1723,2750,561,29,0,ITF,ITF5,17,Basilicata,Basilicata,559084,668326,119.54,0.6
1029,2021-09-03,BAS,2863,1522,1341,762,2038,63,0,ITF,ITF5,17,Basilicata,Basilicata,559084,671189,120.05,0.51
1030,2021-02-01,BAS,248,94,154,46,202,0,0,ITF,ITF5,17,Basilicata,Basilicata,559084,671437,120.1,0.04
1031,2021-05-26,BAS,4489,2260,2229,1676,2784,29,0,ITF,ITF5,17,Basilicata,Basilicata,559084,675926,120.9,0.8
1032,2021-05-05,BAS,4338,2049,2289,3376,891,71,0,ITF,ITF5,17,Basilicata,Basilicata,559084,680264,121.67,0.78
1033,2021-03-09,BAS,1422,727,695,782,616,24,0,ITF,ITF5,17,Basilicata,Basilicata,559084,681686,121.93,0.25
1034,2021-01-25,BAS,1054,441,613,74,979,1,0,ITF,ITF5,17,Basilicata,Basilicata,559084,682740,122.12,0.19
1035,2021-01-11,BAS,186,67,119,186,0,0,0,ITF,ITF5,17,Basilicata,Basilicata,559084,682926,122.15,0.03
1036,2021-03-30,BAS,2877,1221,1656,2501,360,16,0,ITF,ITF5,17,Basilicata,Basilicata,559084,685803,122.67,0.51
1037,2021-07-08,BAS,5137,2429,2708,1852,3260,25,0,ITF,ITF5,17,Basilicata,Basilicata,559084,690940,123.58,0.92
1038,2021-01-06,BAS,296,130,166,296,0,0,0,ITF,ITF5,17,Basilicata,Basilicata,559084,691236,123.64,0.05
1039,2021-04-16,BAS,3326,1636,1690,2399,902,25,0,ITF,ITF5,17,Basilicata,Basilicata,559084,694562,124.23,0.59
1040,2021-06-12,BAS,3690,1695,1995,2960,692,38,0,ITF,ITF5,17,Basilicata,Basilicata,559084,698252,124.89,0.66
1041,2021-08-14,BAS,3480,1907,1573,1423,1997,60,0,ITF,ITF5,17,Basilicata,Basilicata,559084,701732,125.51,0.62
1042,2021-06-18,BAS,4466,2066,2400,2179,2260,27,0,ITF,ITF5,17,Basilicata,Basilicata,559084,706198,126.31,0.8
1043,2021-08-23,BAS,3315,1736,1579,1369,1864,82,0,ITF,ITF5,17,Basilicata,Basilicata,559084,709513,126.91,0.59
1044,2021-01-24,BAS,869,317,552,58,810,1,0,ITF,ITF5,17,Basilicata,Basilicata,559084,710382,127.06,0.16
1045,2021-05-13,BAS,5986,2969,3017,3298,2598,90,0,ITF,ITF5,17,Basilicata,Basilicata,559084,716368,128.13,1.07
1046,2021-08-21,BAS,3268,1778,1490,1711,1461,96,0,ITF,ITF5,17,Basilicata,Basilicata,559084,719636,128.72,0.58
1047,2021-05-08,BAS,4846,2407,2439,3379,1413,54,0,ITF,ITF5,17,Basilicata,Basilicata,559084,724482,129.58,0.87
1048,2021-08-16,BAS,3567,1866,1701,1484,1998,85,0,ITF,ITF5,17,Basilicata,Basilicata,559084,728049,130.22,0.64
1049,2021-03-10,BAS,1690,848,842,840,839,11,0,ITF,ITF5,17,Basilicata,Basilicata,559084,729739,130.52,0.3
1050,2021-01-26,BAS,813,358,455,101,712,0,0,ITF,ITF5,17,Basilicata,Basilicata,559084,730552,130.67,0.15
1051,2021-05-06,BAS,5069,2441,2628,3431,1587,51,0,ITF,ITF5,17,Basilicata,Basilicata,559084,735621,131.58,0.91
1052,2021-05-15,BAS,6535,3345,3190,3876,2575,84,0,ITF,ITF5,17,Basilicata,Basilicata,559084,742156,132.74,1.17
1053,2021-04-02,BAS,2347,1060,1287,1716,606,25,0,ITF,ITF5,17,Basilicata,Basilicata,559084,744503,133.16,0.42
1054,2021-02-04,BAS,1109,447,662,64,1045,0,0,ITF,ITF5,17,Basilicata,Basilicata,559084,745612,133.36,0.2
1055,2021-07-11,BAS,5031,2405,2626,1508,3498,25,0,ITF,ITF5,17,Basilicata,Basilicata,559084,750643,134.26,0.9
1056,2021-09-15,BAS,2382,1255,1127,566,1766,50,0,ITF,ITF5,17,Basilicata,Basilicata,559084,753025,134.69,0.43
1057,2021-02-02,BAS,370,145,225,175,194,1,0,ITF,ITF5,17,Basilicata,Basilicata,559084,753395,134.76,0.07
1058,2021-04-09,BAS,1154,352,802,1064,63,27,0,ITF,ITF5,17,Basilicata,Basilicata,559084,754549,134.96,0.21
1059,2021-07-13,BAS,5853,2825,3028,1770,4034,49,0,ITF,ITF5,17,Basilicata,Basilicata,559084,760402,136.01,1.05
1060,2021-02-27,BAS,2005,863,1142,1823,165,17,0,ITF,ITF5,17,Basilicata,Basilicata,559084,762407,136.37,0.36
1061,2021-07-20,BAS,5696,2792,2904,1688,3967,41,0,ITF,ITF5,17,Basilicata,Basilicata,559084,768103,137.39,1.02
1062,2021-06-07,BAS,4239,1921,2318,3885,316,38,0,ITF,ITF5,17,Basilicata,Basilicata,559084,772342,138.14,0.76
1063,2021-04-11,BAS,966,393,573,760,176,30,0,ITF,ITF5,17,Basilicata,Basilicata,559084,773308,138.32,0.17
1064,2021-04-04,BAS,611,227,384,187,418,6,0,ITF,ITF5,17,Basilicata,Basilicata,559084,773919,138.43,0.11
1065,2021-09-17,BAS,2482,1357,1125,495,1926,61,0,ITF,ITF5,17,Basilicata,Basilicata,559084,776401,138.87,0.44
1066,2021-07-22,BAS,5798,2889,2909,1786,3950,62,0,ITF,ITF5,17,Basilicata,Basilicata,559084,782199,139.91,1.04
1067,2021-07-01,TOS,32091,15540,16551,10721,21085,285,0,ITI,ITI1,9,Toscana,Toscana,3729641,32091,0.86,0.86
1068,2021-03-26,TOS,20754,9436,11318,14710,5832,212,0,ITI,ITI1,9,Toscana,Toscana,3729641,52845,1.42,0.56
1069,2021-03-09,TOS,11179,4589,6590,5531,5565,83,0,ITI,ITI1,9,Toscana,Toscana,3729641,64024,1.72,0.3
1070,2021-04-09,TOS,24609,10589,14020,20717,3442,450,0,ITI,ITI1,9,Toscana,Toscana,3729641,88633,2.38,0.66
1071,2021-07-18,TOS,30395,15283,15112,8341,21844,210,0,ITI,ITI1,9,Toscana,Toscana,3729641,119028,3.19,0.81
1072,2021-08-01,TOS,29939,15329,14610,13791,15657,491,0,ITI,ITI1,9,Toscana,Toscana,3729641,148967,3.99,0.8
1073,2021-06-05,TOS,28458,13610,14848,20559,7623,276,0,ITI,ITI1,9,Toscana,Toscana,3729641,177425,4.76,0.76
1074,2021-09-13,TOS,18463,9818,8645,3530,14552,381,0,ITI,ITI1,9,Toscana,Toscana,3729641,195888,5.25,0.5
1075,2021-08-08,TOS,25050,12929,12121,14610,9938,502,0,ITI,ITI1,9,Toscana,Toscana,3729641,220938,5.92,0.67
1076,2021-01-11,TOS,5185,1719,3466,5084,0,101,0,ITI,ITI1,9,Toscana,Toscana,3729641,226123,6.06,0.14
1077,2021-04-21,TOS,29661,12693,16968,16852,12170,639,0,ITI,ITI1,9,Toscana,Toscana,3729641,255784,6.86,0.8
1078,2021-08-27,TOS,16293,8712,7581,7748,8015,530,0,ITI,ITI1,9,Toscana,Toscana,3729641,272077,7.29,0.44
1079,2021-01-28,TOS,6289,1885,4404,349,5933,7,0,ITI,ITI1,9,Toscana,Toscana,3729641,278366,7.46,0.17
1080,2021-01-16,TOS,3298,1059,2239,3240,0,58,0,ITI,ITI1,9,Toscana,Toscana,3729641,281664,7.55,0.09
1081,2021-04-26,TOS,10148,4935,5213,7454,2557,137,0,ITI,ITI1,9,Toscana,Toscana,3729641,291812,7.82,0.27
1082,2021-01-02,TOS,3548,1127,2421,3504,0,44,0,ITI,ITI1,9,Toscana,Toscana,3729641,295360,7.92,0.1
1083,2021-05-22,TOS,26037,12667,13370,21489,4299,249,0,ITI,ITI1,9,Toscana,Toscana,3729641,321397,8.62,0.7
1084,2021-05-05,TOS,30168,13466,16702,14854,14578,736,0,ITI,ITI1,9,Toscana,Toscana,3729641,351565,9.43,0.81
1085,2021-08-13,TOS,23119,12527,10592,11336,11233,550,0,ITI,ITI1,9,Toscana,Toscana,3729641,374684,10.05,0.62
1086,2021-02-28,TOS,1665,669,996,868,727,70,0,ITI,ITI1,9,Toscana,Toscana,3729641,376349,10.09,0.04
1087,2021-02-11,TOS,5423,2037,3386,5099,242,82,0,ITI,ITI1,9,Toscana,Toscana,3729641,381772,10.24,0.15
1088,2021-02-09,TOS,4534,1485,3049,3809,611,114,0,ITI,ITI1,9,Toscana,Toscana,3729641,386306,10.36,0.12
1089,2021-04-07,TOS,35852,15485,20367,28157,7271,424,0,ITI,ITI1,9,Toscana,Toscana,3729641,422158,11.32,0.96
1090,2021-06-22,TOS,31071,15638,15433,22469,8222,380,0,ITI,ITI1,9,Toscana,Toscana,3729641,453229,12.15,0.83
1091,2021-05-17,TOS,29786,14884,14902,20554,8952,280,0,ITI,ITI1,9,Toscana,Toscana,3729641,483015,12.95,0.8
1092,2021-03-21,TOS,3296,1629,1667,1819,1434,43,0,ITI,ITI1,9,Toscana,Toscana,3729641,486311,13.04,0.09
1093,2021-08-25,TOS,20316,10615,9701,10608,8979,729,0,ITI,ITI1,9,Toscana,Toscana,3729641,506627,13.58,0.54
1094,2021-01-23,TOS,3982,1361,2621,641,3335,6,0,ITI,ITI1,9,Toscana,Toscana,3729641,510609,13.69,0.11
1095,2021-06-29,TOS,37062,18045,19017,7973,28933,156,0,ITI,ITI1,9,Toscana,Toscana,3729641,547671,14.68,0.99
1096,2021-05-03,TOS,11946,5518,6428,10363,1335,248,0,ITI,ITI1,9,Toscana,Toscana,3729641,559617,15.0,0.32
1097,2021-06-17,TOS,32623,16715,15908,26713,5564,346,0,ITI,ITI1,9,Toscana,Toscana,3729641,592240,15.88,0.87
1098,2021-09-06,TOS,22833,11837,10996,9469,12337,1027,0,ITI,ITI1,9,Toscana,Toscana,3729641,615073,16.49,0.61
1099,2021-02-04,TOS,4264,1597,2667,942,3295,27,0,ITI,ITI1,9,Toscana,Toscana,3729641,619337,16.61,0.11
1100,2021-05-15,TOS,29377,13866,15511,22870,5910,597,0,ITI,ITI1,9,Toscana,Toscana,3729641,648714,17.39,0.79
1101,2021-04-28,TOS,19160,8195,10965,3445,15357,358,0,ITI,ITI1,9,Toscana,Toscana,3729641,667874,17.91,0.51
1102,2021-02-18,TOS,8875,3302,5573,7794,897,184,0,ITI,ITI1,9,Toscana,Toscana,3729641,676749,18.15,0.24
1103,2021-05-29,TOS,31584,15268,16316,23183,8174,227,0,ITI,ITI1,9,Toscana,Toscana,3729641,708333,18.99,0.85
1104,2021-02-23,TOS,7755,3337,4418,7241,162,352,0,ITI,ITI1,9,Toscana,Toscana,3729641,716088,19.2,0.21
1105,2021-06-03,TOS,32068,15458,16610,27152,4591,325,0,ITI,ITI1,9,Toscana,Toscana,3729641,748156,20.06,0.86
1106,2021-08-20,TOS,20232,11095,9137,9967,9767,498,0,ITI,ITI1,9,Toscana,Toscana,3729641,768388,20.6,0.54
1107,2021-03-19,TOS,10175,4476,5699,7130,2897,148,0,ITI,ITI1,9,Toscana,Toscana,3729641,778563,20.88,0.27
1108,2021-01-21,TOS,1593,687,906,862,722,9,0,ITI,ITI1,9,Toscana,Toscana,3729641,780156,20.92,0.04
1109,2021-07-30,TOS,37919,20408,17511,10794,26766,359,0,ITI,ITI1,9,Toscana,Toscana,3729641,818075,21.93,1.02
1110,2021-07-13,TOS,29351,14737,14614,7713,21461,177,0,ITI,ITI1,9,Toscana,Toscana,3729641,847426,22.72,0.79
1111,2021-04-02,TOS,32017,13580,18437,23683,8079,255,0,ITI,ITI1,9,Toscana,Toscana,3729641,879443,23.58,0.86
1112,2021-07-11,TOS,26194,12730,13464,9167,16852,175,0,ITI,ITI1,9,Toscana,Toscana,3729641,905637,24.28,0.7
1113,2021-06-24,TOS,29471,14634,14837,19319,9754,398,0,ITI,ITI1,9,Toscana,Toscana,3729641,935108,25.07,0.79
1114,2021-01-09,TOS,4542,1622,2920,4475,0,67,0,ITI,ITI1,9,Toscana,Toscana,3729641,939650,25.19,0.12
1115,2021-09-01,TOS,23617,12427,11190,13384,9190,1043,0,ITI,ITI1,9,Toscana,Toscana,3729641,963267,25.83,0.63
1116,2021-09-08,TOS,21345,11087,10258,7202,13400,743,0,ITI,ITI1,9,Toscana,Toscana,3729641,984612,26.4,0.57
1117,2021-03-07,TOS,5659,2362,3297,2001,3547,111,0,ITI,ITI1,9,Toscana,Toscana,3729641,990271,26.55,0.15
1118,2021-06-12,TOS,29407,15159,14248,24655,4392,360,0,ITI,ITI1,9,Toscana,Toscana,3729641,1019678,27.34,0.79
1119,2021-04-16,TOS,29003,12898,16105,21440,6929,634,0,ITI,ITI1,9,Toscana,Toscana,3729641,1048681,28.12,0.78
1120,2021-09-20,TOS,22078,11745,10333,3427,18308,343,0,ITI,ITI1,9,Toscana,Toscana,3729641,1070759,28.71,0.59
1121,2021-07-25,TOS,33928,16777,17151,7051,26696,181,0,ITI,ITI1,9,Toscana,Toscana,3729641,1104687,29.62,0.91
1122,2021-03-28,TOS,6211,2807,3404,5875,253,83,0,ITI,ITI1,9,Toscana,Toscana,3729641,1110898,29.79,0.17
1123,2021-01-30,TOS,4627,1623,3004,173,4436,18,0,ITI,ITI1,9,Toscana,Toscana,3729641,1115525,29.91,0.12
1124,2021-07-06,TOS,25798,13040,12758,11035,14533,230,0,ITI,ITI1,9,Toscana,Toscana,3729641,1141323,30.6,0.69
1125,2021-08-06,TOS,32978,17682,15296,15352,17146,480,0,ITI,ITI1,9,Toscana,Toscana,3729641,1174301,31.49,0.88
1126,2021-03-23,TOS,9449,4415,5034,6960,2289,200,0,ITI,ITI1,9,Toscana,Toscana,3729641,1183750,31.74,0.25
1127,2020-12-30,TOS,327,104,223,326,0,1,0,ITI,ITI1,9,Toscana,Toscana,3729641,1184077,31.75,0.01
1128,2021-08-24,TOS,21907,11488,10419,12721,8320,866,0,ITI,ITI1,9,Toscana,Toscana,3729641,1205984,32.34,0.59
1129,2021-02-16,TOS,9372,3367,6005,8420,721,231,0,ITI,ITI1,9,Toscana,Toscana,3729641,1215356,32.59,0.25
1130,2021-05-02,TOS,11181,4936,6245,8979,1968,234,0,ITI,ITI1,9,Toscana,Toscana,3729641,1226537,32.89,0.3
1131,2021-08-10,TOS,25943,13496,12447,16355,8938,650,0,ITI,ITI1,9,Toscana,Toscana,3729641,1252480,33.58,0.7
1132,2021-02-25,TOS,10648,4315,6333,9484,995,169,0,ITI,ITI1,9,Toscana,Toscana,3729641,1263128,33.87,0.29
1133,2021-06-28,TOS,37712,18149,19563,8435,29105,172,0,ITI,ITI1,9,Toscana,Toscana,3729641,1300840,34.88,1.01
1134,2021-06-02,TOS,27617,13634,13983,21868,5512,237,0,ITI,ITI1,9,Toscana,Toscana,3729641,1328457,35.62,0.74
1135,2021-04-06,TOS,22254,9845,12409,18092,3743,419,0,ITI,ITI1,9,Toscana,Toscana,3729641,1350711,36.22,0.6
1136,2021-09-10,TOS,18112,9504,8608,5519,11965,628,0,ITI,ITI1,9,Toscana,Toscana,3729641,1368823,36.7,0.49
1137,2021-02-08,TOS,4132,1372,2760,3561,459,112,0,ITI,ITI1,9,Toscana,Toscana,3729641,1372955,36.81,0.11
1138,2021-07-15,TOS,31270,15306,15964,8096,22926,248,0,ITI,ITI1,9,Toscana,Toscana,3729641,1404225,37.65,0.84
1139,2021-05-19,TOS,27981,13590,14391,18645,9069,267,0,ITI,ITI1,9,Toscana,Toscana,3729641,1432206,38.4,0.75
1140,2021-04-13,TOS,8505,3513,4992,5739,2483,283,0,ITI,ITI1,9,Toscana,Toscana,3729641,1440711,38.63,0.23
1141,2021-07-22,TOS,39409,19805,19604,4477,34760,172,0,ITI,ITI1,9,Toscana,Toscana,3729641,1480120,39.69,1.06
1142,2021-05-26,TOS,35627,17117,18510,20149,15221,257,0,ITI,ITI1,9,Toscana,Toscana,3729641,1515747,40.64,0.96
1143,2021-03-30,TOS,17042,7646,9396,13269,3575,198,0,ITI,ITI1,9,Toscana,Toscana,3729641,1532789,41.1,0.46
1144,2021-09-03,TOS,14188,7412,6776,7559,5922,707,0,ITI,ITI1,9,Toscana,Toscana,3729641,1546977,41.48,0.38
1145,2021-09-15,TOS,16721,8782,7939,3728,12460,533,0,ITI,ITI1,9,Toscana,Toscana,3729641,1563698,41.93,0.45
1146,2021-03-18,TOS,9994,3987,6007,5863,3992,139,0,ITI,ITI1,9,Toscana,Toscana,3729641,1573692,42.19,0.27
1147,2021-06-26,TOS,34585,16775,17810,9986,24366,233,0,ITI,ITI1,9,Toscana,Toscana,3729641,1608277,43.12,0.93
1148,2021-06-09,TOS,34855,17586,17269,33959,463,433,0,ITI,ITI1,9,Toscana,Toscana,3729641,1643132,44.06,0.93
1149,2021-06-10,TOS,26460,13573,12887,25550,560,350,0,ITI,ITI1,9,Toscana,Toscana,3729641,1669592,44.77,0.71
1150,2021-05-24,TOS,33767,16731,17036,23899,9588,280,0,ITI,ITI1,9,Toscana,Toscana,3729641,1703359,45.67,0.91
1151,2021-01-25,TOS,5135,1895,3240,242,4889,4,0,ITI,ITI1,9,Toscana,Toscana,3729641,1708494,45.81,0.14
1152,2021-04-18,TOS,8373,4098,4275,7060,1037,276,0,ITI,ITI1,9,Toscana,Toscana,3729641,1716867,46.03,0.22
1153,2021-07-20,TOS,37346,19111,18235,7965,29188,193,0,ITI,ITI1,9,Toscana,Toscana,3729641,1754213,47.03,1.0
1154,2021-08-22,TOS,18530,9969,8561,7308,10904,318,0,ITI,ITI1,9,Toscana,Toscana,3729641,1772743,47.53,0.5
1155,2021-01-20,TOS,1346,644,702,1034,249,63,0,ITI,ITI1,9,Toscana,Toscana,3729641,1774089,47.57,0.04
1156,2021-04-30,TOS,40261,17816,22445,19654,19961,646,0,ITI,ITI1,9,Toscana,Toscana,3729641,1814350,48.65,1.08
1157,2021-04-25,TOS,11066,5252,5814,8758,2146,162,0,ITI,ITI1,9,Toscana,Toscana,3729641,1825416,48.94,0.3
1158,2021-08-03,TOS,36364,18934,17430,12168,23817,379,0,ITI,ITI1,9,Toscana,Toscana,3729641,1861780,49.92,0.98
1159,2021-05-10,TOS,26245,12418,13827,15246,10651,348,0,ITI,ITI1,9,Toscana,Toscana,3729641,1888025,50.62,0.7
1160,2021-03-14,TOS,7191,2577,4614,3163,3935,93,0,ITI,ITI1,9,Toscana,Toscana,3729641,1895216,50.81,0.19
1161,2021-08-18,TOS,25954,13826,12128,12847,12503,604,0,ITI,ITI1,9,Toscana,Toscana,3729641,1921170,51.51,0.7
1162,2021-08-05,TOS,34767,18031,16736,12126,22266,375,0,ITI,ITI1,9,Toscana,Toscana,3729641,1955937,52.44,0.93
1163,2021-05-12,TOS,34236,15591,18645,13584,20066,586,0,ITI,ITI1,9,Toscana,Toscana,3729641,1990173,53.36,0.92
1164,2021-01-18,TOS,1127,639,488,979,98,50,0,ITI,ITI1,9,Toscana,Toscana,3729641,1991300,53.39,0.03
1165,2021-07-08,TOS,21100,10373,10727,9269,11590,241,0,ITI,ITI1,9,Toscana,Toscana,3729641,2012400,53.96,0.57
1166,2020-12-27,TOS,629,275,354,624,0,5,0,ITI,ITI1,9,Toscana,Toscana,3729641,2013029,53.97,0.02
1167,2021-09-17,TOS,19499,10640,8859,4143,14869,487,0,ITI,ITI1,9,Toscana,Toscana,3729641,2032528,54.5,0.52
1168,2021-04-04,TOS,13930,6613,7317,13510,255,165,0,ITI,ITI1,9,Toscana,Toscana,3729641,2046458,54.87,0.37
1169,2021-03-16,TOS,4923,1888,3035,2583,2259,81,0,ITI,ITI1,9,Toscana,Toscana,3729641,2051381,55.0,0.13
1170,2021-02-27,TOS,2000,763,1237,1019,903,78,0,ITI,ITI1,9,Toscana,Toscana,3729641,2053381,55.06,0.05
1171,2021-07-27,TOS,38739,20142,18597,11268,27120,351,0,ITI,ITI1,9,Toscana,Toscana,3729641,2092120,56.09,1.04
1172,2021-07-10,TOS,29317,14187,15130,7951,21176,190,0,ITI,ITI1,9,Toscana,Toscana,3729641,2121437,56.88,0.79
1173,2021-05-07,TOS,32192,14721,17471,11346,20231,615,0,ITI,ITI1,9,Toscana,Toscana,3729641,2153629,57.74,0.86
1174,2021-02-20,TOS,4725,1816,2909,4052,537,136,0,ITI,ITI1,9,Toscana,Toscana,3729641,2158354,57.87,0.13
1175,2021-05-31,TOS,30363,14652,15711,19271,10849,243,0,ITI,ITI1,9,Toscana,Toscana,3729641,2188717,58.68,0.81
1176,2021-05-14,TOS,33411,15462,17949,20023,12746,642,0,ITI,ITI1,9,Toscana,Toscana,3729641,2222128,59.58,0.9
1177,2021-01-13,TOS,4126,1423,2703,4061,0,65,0,ITI,ITI1,9,Toscana,Toscana,3729641,2226254,59.69,0.11
1178,2021-04-23,TOS,25700,11442,14258,8799,16370,531,0,ITI,ITI1,9,Toscana,Toscana,3729641,2251954,60.38,0.69
1179,2021-09-02,TOS,18120,9451,8669,11080,6123,917,0,ITI,ITI1,9,Toscana,Toscana,3729641,2270074,60.87,0.49
1180,2021-02-01,TOS,5524,1962,3562,520,4994,10,0,ITI,ITI1,9,Toscana,Toscana,3729641,2275598,61.01,0.15
1181,2021-09-05,TOS,15178,8058,7120,6365,8286,527,0,ITI,ITI1,9,Toscana,Toscana,3729641,2290776,61.42,0.41
1182,2021-02-06,TOS,4539,1555,2984,1270,3236,33,0,ITI,ITI1,9,Toscana,Toscana,3729641,2295315,61.54,0.12
1183,2021-09-12,TOS,18293,9475,8818,4320,13421,552,0,ITI,ITI1,9,Toscana,Toscana,3729641,2313608,62.03,0.49
1184,2021-08-02,TOS,35317,18090,17227,13358,21564,395,0,ITI,ITI1,9,Toscana,Toscana,3729641,2348925,62.98,0.95
1185,2021-09-14,TOS,16123,8729,7394,3192,12588,343,0,ITI,ITI1,9,Toscana,Toscana,3729641,2365048,63.41,0.43
1186,2021-01-03,TOS,3364,1070,2294,3317,0,47,0,ITI,ITI1,9,Toscana,Toscana,3729641,2368412,63.5,0.09
1187,2021-02-15,TOS,8865,3407,5458,7865,828,172,0,ITI,ITI1,9,Toscana,Toscana,3729641,2377277,63.74,0.24
1188,2021-06-07,TOS,34982,17164,17818,30979,3655,348,0,ITI,ITI1,9,Toscana,Toscana,3729641,2412259,64.68,0.94
1189,2021-05-21,TOS,28964,13504,15460,17229,11478,257,0,ITI,ITI1,9,Toscana,Toscana,3729641,2441223,65.45,0.78
1190,2021-08-29,TOS,17003,8990,8013,7582,8838,583,0,ITI,ITI1,9,Toscana,Toscana,3729641,2458226,65.91,0.46
1191,2021-08-15,TOS,14690,7761,6929,5270,9236,184,0,ITI,ITI1,9,Toscana,Toscana,3729641,2472916,66.3,0.39
1192,2021-07-29,TOS,39419,20535,18884,12609,26460,350,0,ITI,ITI1,9,Toscana,Toscana,3729641,2512335,67.36,1.06
1193,2021-02-13,TOS,7869,2390,5479,7493,227,149,0,ITI,ITI1,9,Toscana,Toscana,3729641,2520204,67.57,0.21
1194,2021-01-08,TOS,6063,1695,4368,5970,0,93,0,ITI,ITI1,9,Toscana,Toscana,3729641,2526267,67.73,0.16
1195,2021-07-12,TOS,28288,14007,14281,9658,18326,304,0,ITI,ITI1,9,Toscana,Toscana,3729641,2554555,68.49,0.76
1196,2021-01-01,TOS,2410,814,1596,2364,0,46,0,ITI,ITI1,9,Toscana,Toscana,3729641,2556965,68.56,0.06
1197,2021-04-11,TOS,3641,1680,1961,3331,155,155,0,ITI,ITI1,9,Toscana,Toscana,3729641,2560606,68.66,0.1
1198,2021-07-03,TOS,29442,14834,14608,11878,17179,385,0,ITI,ITI1,9,Toscana,Toscana,3729641,2590048,69.44,0.79
1199,2021-08-07,TOS,30493,16308,14185,14232,15772,489,0,ITI,ITI1,9,Toscana,Toscana,3729641,2620541,70.26,0.82
1200,2021-03-06,TOS,7137,2859,4278,2849,4203,85,0,ITI,ITI1,9,Toscana,Toscana,3729641,2627678,70.45,0.19
1201,2021-03-20,TOS,6594,2980,3614,5364,1139,91,0,ITI,ITI1,9,Toscana,Toscana,3729641,2634272,70.63,0.18
1202,2021-01-22,TOS,2867,1064,1803,526,2338,3,0,ITI,ITI1,9,Toscana,Toscana,3729641,2637139,70.71,0.08
1203,2021-07-07,TOS,25647,12610,13037,9331,16122,194,0,ITI,ITI1,9,Toscana,Toscana,3729641,2662786,71.4,0.69
1204,2021-07-17,TOS,27763,14346,13417,8961,18561,241,0,ITI,ITI1,9,Toscana,Toscana,3729641,2690549,72.14,0.74
1205,2021-06-11,TOS,29766,15504,14262,24737,4662,367,0,ITI,ITI1,9,Toscana,Toscana,3729641,2720315,72.94,0.8
1206,2021-04-15,TOS,24512,10243,14269,15360,8621,531,0,ITI,ITI1,9,Toscana,Toscana,3729641,2744827,73.59,0.66
1207,2021-09-19,TOS,21758,11767,9991,5471,15651,636,0,ITI,ITI1,9,Toscana,Toscana,3729641,2766585,74.18,0.58
1208,2021-02-17,TOS,8228,3193,5035,7349,754,125,0,ITI,ITI1,9,Toscana,Toscana,3729641,2774813,74.4,0.22
1209,2021-04-01,TOS,27173,11273,15900,16194,10737,242,0,ITI,ITI1,9,Toscana,Toscana,3729641,2801986,75.13,0.73
1210,2021-03-15,TOS,8703,3647,5056,4078,4449,176,0,ITI,ITI1,9,Toscana,Toscana,3729641,2810689,75.36,0.23
1211,2021-06-23,TOS,31587,15320,16267,19819,11400,368,0,ITI,ITI1,9,Toscana,Toscana,3729641,2842276,76.21,0.85
1212,2021-09-21,TOS,19375,10421,8954,2706,16420,249,0,ITI,ITI1,9,Toscana,Toscana,3729641,2861651,76.73,0.52
1213,2021-02-22,TOS,9891,4276,5615,9236,277,378,0,ITI,ITI1,9,Toscana,Toscana,3729641,2871542,76.99,0.27
1214,2021-04-27,TOS,10377,4927,5450,3667,6506,204,0,ITI,ITI1,9,Toscana,Toscana,3729641,2881919,77.27,0.28
1215,2021-07-19,TOS,38042,18962,19080,8804,28946,292,0,ITI,ITI1,9,Toscana,Toscana,3729641,2919961,78.29,1.02
1216,2021-03-01,TOS,4476,1732,2744,766,3643,67,0,ITI,ITI1,9,Toscana,Toscana,3729641,2924437,78.41,0.12
1217,2021-08-21,TOS,17990,9962,8028,8149,9460,381,0,ITI,ITI1,9,Toscana,Toscana,3729641,2942427,78.89,0.48
1218,2021-02-03,TOS,4228,1452,2776,237,3987,4,0,ITI,ITI1,9,Toscana,Toscana,3729641,2946655,79.01,0.11
1219,2021-01-15,TOS,3916,1362,2554,3856,0,60,0,ITI,ITI1,9,Toscana,Toscana,3729641,2950571,79.11,0.1
1220,2021-03-27,TOS,8867,4157,4710,8513,216,138,0,ITI,ITI1,9,Toscana,Toscana,3729641,2959438,79.35,0.24
1221,2021-06-30,TOS,38291,18530,19761,8460,29610,221,0,ITI,ITI1,9,Toscana,Toscana,3729641,2997729,80.38,1.03
1222,2021-05-08,TOS,29193,13132,16061,13262,15530,401,0,ITI,ITI1,9,Toscana,Toscana,3729641,3026922,81.16,0.78
1223,2021-03-12,TOS,17051,6647,10404,13323,3533,195,0,ITI,ITI1,9,Toscana,Toscana,3729641,3043973,81.62,0.46
1224,2021-08-16,TOS,30016,15754,14262,16607,12704,705,0,ITI,ITI1,9,Toscana,Toscana,3729641,3073989,82.42,0.8
1225,2021-01-14,TOS,3285,1186,2099,3249,0,36,0,ITI,ITI1,9,Toscana,Toscana,3729641,3077274,82.51,0.09
1226,2021-06-20,TOS,25188,12488,12700,15421,9523,244,0,ITI,ITI1,9,Toscana,Toscana,3729641,3102462,83.18,0.68
1227,2021-07-24,TOS,38457,19376,19081,6845,31378,234,0,ITI,ITI1,9,Toscana,Toscana,3729641,3140919,84.22,1.03
1228,2021-05-28,TOS,30157,13959,16198,17430,12496,231,0,ITI,ITI1,9,Toscana,Toscana,3729641,3171076,85.02,0.81
1229,2021-01-10,TOS,3036,1123,1913,2982,0,54,0,ITI,ITI1,9,Toscana,Toscana,3729641,3174112,85.11,0.08
1230,2021-04-20,TOS,18166,8111,10055,12209,5593,364,0,ITI,ITI1,9,Toscana,Toscana,3729641,3192278,85.59,0.49
1231,2021-04-03,TOS,15023,6649,8374,13684,1123,216,0,ITI,ITI1,9,Toscana,Toscana,3729641,3207301,85.99,0.4
1232,2021-01-27,TOS,4836,1574,3262,199,4632,5,0,ITI,ITI1,9,Toscana,Toscana,3729641,3212137,86.12,0.13
1233,2021-09-16,TOS,17503,9147,8356,4273,12759,471,0,ITI,ITI1,9,Toscana,Toscana,3729641,3229640,86.59,0.47
1234,2021-01-17,TOS,2543,871,1672,1994,514,35,0,ITI,ITI1,9,Toscana,Toscana,3729641,3232183,86.66,0.07
1235,2021-07-05,TOS,30533,15095,15438,10338,19961,234,0,ITI,ITI1,9,Toscana,Toscana,3729641,3262716,87.48,0.82
1236,2021-03-08,TOS,6742,2960,3782,1865,4830,47,0,ITI,ITI1,9,Toscana,Toscana,3729641,3269458,87.66,0.18
1237,2021-06-16,TOS,31802,16280,15522,26288,5190,324,0,ITI,ITI1,9,Toscana,Toscana,3729641,3301260,88.51,0.85
1238,2021-05-30,TOS,28708,13959,14749,21512,6954,242,0,ITI,ITI1,9,Toscana,Toscana,3729641,3329968,89.28,0.77
1239,2021-09-07,TOS,18928,9797,9131,6728,11567,633,0,ITI,ITI1,9,Toscana,Toscana,3729641,3348896,89.79,0.51
1240,2021-09-09,TOS,20048,10279,9769,6906,12211,931,0,ITI,ITI1,9,Toscana,Toscana,3729641,3368944,90.33,0.54
1241,2021-06-18,TOS,30834,16271,14563,25003,5413,418,0,ITI,ITI1,9,Toscana,Toscana,3729641,3399778,91.16,0.83
1242,2021-03-25,TOS,23990,10409,13581,15320,8407,263,0,ITI,ITI1,9,Toscana,Toscana,3729641,3423768,91.8,0.64
1243,2021-04-12,TOS,2631,1195,1436,1806,656,169,0,ITI,ITI1,9,Toscana,Toscana,3729641,3426399,91.87,0.07
1244,2021-05-23,TOS,28445,13678,14767,25612,2563,270,0,ITI,ITI1,9,Toscana,Toscana,3729641,3454844,92.63,0.76
1245,2021-08-31,TOS,20932,10904,10028,11382,8800,750,0,ITI,ITI1,9,Toscana,Toscana,3729641,3475776,93.19,0.56
1246,2021-08-14,TOS,22395,12225,10170,10458,11518,419,0,ITI,ITI1,9,Toscana,Toscana,3729641,3498171,93.79,0.6
1247,2021-08-12,TOS,25857,13456,12401,14313,10899,645,0,ITI,ITI1,9,Toscana,Toscana,3729641,3524028,94.49,0.69
1248,2021-07-26,TOS,38306,19868,18438,10082,27913,311,0,ITI,ITI1,9,Toscana,Toscana,3729641,3562334,95.51,1.03
1249,2021-02-10,TOS,4315,1309,3006,3633,526,156,0,ITI,ITI1,9,Toscana,Toscana,3729641,3566649,95.63,0.12
1250,2021-05-04,TOS,18329,8220,10109,12414,5470,445,0,ITI,ITI1,9,Toscana,Toscana,3729641,3584978,96.12,0.49
1251,2021-02-14,TOS,9064,2587,6477,8800,110,154,0,ITI,ITI1,9,Toscana,Toscana,3729641,3594042,96.36,0.24
1252,2021-05-25,TOS,34213,16518,17695,19295,14645,273,0,ITI,ITI1,9,Toscana,Toscana,3729641,3628255,97.28,0.92
1253,2021-03-29,TOS,9688,4845,4843,9201,350,137,0,ITI,ITI1,9,Toscana,Toscana,3729641,3637943,97.54,0.26
1254,2021-09-11,TOS,19096,10012,9084,5443,13029,624,0,ITI,ITI1,9,Toscana,Toscana,3729641,3657039,98.05,0.51
1255,2021-04-22,TOS,35820,15332,20488,17413,17578,829,0,ITI,ITI1,9,Toscana,Toscana,3729641,3692859,99.01,0.96
1256,2021-02-24,TOS,10408,4489,5919,10070,198,140,0,ITI,ITI1,9,Toscana,Toscana,3729641,3703267,99.29,0.28
1257,2021-07-31,TOS,35860,19230,16630,12374,23025,461,0,ITI,ITI1,9,Toscana,Toscana,3729641,3739127,100.25,0.96
1258,2021-06-04,TOS,28346,13454,14892,20260,7814,272,0,ITI,ITI1,9,Toscana,Toscana,3729641,3767473,101.01,0.76
1259,2021-04-08,TOS,29821,12616,17205,23003,6449,369,0,ITI,ITI1,9,Toscana,Toscana,3729641,3797294,101.81,0.8
1260,2021-04-24,TOS,13453,6176,7277,5622,7462,369,0,ITI,ITI1,9,Toscana,Toscana,3729641,3810747,102.17,0.36
1261,2021-08-30,TOS,24817,12554,12263,13139,10549,1129,0,ITI,ITI1,9,Toscana,Toscana,3729641,3835564,102.84,0.67
1262,2021-03-17,TOS,11455,4604,6851,6823,4537,95,0,ITI,ITI1,9,Toscana,Toscana,3729641,3847019,103.15,0.31
1263,2021-06-25,TOS,33657,16834,16823,12103,21270,284,0,ITI,ITI1,9,Toscana,Toscana,3729641,3880676,104.05,0.9
1264,2021-06-08,TOS,32613,16732,15881,31737,491,385,0,ITI,ITI1,9,Toscana,Toscana,3729641,3913289,104.92,0.87
1265,2021-02-26,TOS,10106,3849,6257,8676,1211,219,0,ITI,ITI1,9,Toscana,Toscana,3729641,3923395,105.19,0.27
1266,2021-06-06,TOS,28331,13666,14665,22587,5374,370,0,ITI,ITI1,9,Toscana,Toscana,3729641,3951726,105.95,0.76
1267,2021-07-04,TOS,31552,15322,16230,9360,21893,299,0,ITI,ITI1,9,Toscana,Toscana,3729641,3983278,106.8,0.85
1268,2020-12-31,TOS,802,201,601,798,0,4,0,ITI,ITI1,9,Toscana,Toscana,3729641,3984080,106.82,0.02
1269,2021-04-10,TOS,11715,5345,6370,10735,742,238,0,ITI,ITI1,9,Toscana,Toscana,3729641,3995795,107.14,0.31
1270,2021-07-21,TOS,38518,19659,18859,7343,30937,238,0,ITI,ITI1,9,Toscana,Toscana,3729641,4034313,108.17,1.03
1271,2021-05-13,TOS,35220,15555,19665,13203,21376,641,0,ITI,ITI1,9,Toscana,Toscana,3729641,4069533,109.11,0.94
1272,2021-08-04,TOS,34864,18036,16828,11360,23084,420,0,ITI,ITI1,9,Toscana,Toscana,3729641,4104397,110.05,0.93
1273,2021-04-29,TOS,39400,17748,21652,18559,20177,664,0,ITI,ITI1,9,Toscana,Toscana,3729641,4143797,111.1,1.06
1274,2021-03-24,TOS,20048,8318,11730,10412,9491,145,0,ITI,ITI1,9,Toscana,Toscana,3729641,4163845,111.64,0.54
1275,2021-02-12,TOS,7682,2719,4963,7355,213,114,0,ITI,ITI1,9,Toscana,Toscana,3729641,4171527,111.85,0.21
1276,2021-05-27,TOS,28386,13213,15173,13279,14885,222,0,ITI,ITI1,9,Toscana,Toscana,3729641,4199913,112.61,0.76
1277,2021-03-31,TOS,32804,13294,19510,20205,12256,343,0,ITI,ITI1,9,Toscana,Toscana,3729641,4232717,113.49,0.88
1278,2021-09-04,TOS,16688,8923,7765,7545,8378,765,0,ITI,ITI1,9,Toscana,Toscana,3729641,4249405,113.94,0.45
1279,2021-07-09,TOS,29149,14121,15028,7691,21260,198,0,ITI,ITI1,9,Toscana,Toscana,3729641,4278554,114.72,0.78
1280,2021-03-03,TOS,18233,6538,11695,14495,3610,128,0,ITI,ITI1,9,Toscana,Toscana,3729641,4296787,115.21,0.49
1281,2021-01-05,TOS,5386,1835,3551,5326,0,60,0,ITI,ITI1,9,Toscana,Toscana,3729641,4302173,115.35,0.14
1282,2021-01-19,TOS,1116,535,581,1074,0,42,0,ITI,ITI1,9,Toscana,Toscana,3729641,4303289,115.38,0.03
1283,2021-02-21,TOS,5164,2103,3061,4789,170,205,0,ITI,ITI1,9,Toscana,Toscana,3729641,4308453,115.52,0.14
1284,2021-06-01,TOS,26969,13402,13567,22874,3838,257,0,ITI,ITI1,9,Toscana,Toscana,3729641,4335422,116.24,0.72
1285,2021-07-02,TOS,28319,14213,14106,10814,17206,299,0,ITI,ITI1,9,Toscana,Toscana,3729641,4363741,117.0,0.76
1286,2021-06-15,TOS,31238,16081,15157,26312,4577,349,0,ITI,ITI1,9,Toscana,Toscana,3729641,4394979,117.84,0.84
1287,2021-03-10,TOS,18420,7423,10997,14317,3997,106,0,ITI,ITI1,9,Toscana,Toscana,3729641,4413399,118.33,0.49
1288,2021-08-23,TOS,22756,11819,10937,11481,10543,732,0,ITI,ITI1,9,Toscana,Toscana,3729641,4436155,118.94,0.61
1289,2021-02-19,TOS,8346,2968,5378,7653,513,180,0,ITI,ITI1,9,Toscana,Toscana,3729641,4444501,119.17,0.22
1290,2021-03-22,TOS,5263,2773,2490,4676,448,139,0,ITI,ITI1,9,Toscana,Toscana,3729641,4449764,119.31,0.14
1291,2021-07-28,TOS,38581,20171,18410,12103,26137,341,0,ITI,ITI1,9,Toscana,Toscana,3729641,4488345,120.34,1.03
1292,2021-01-26,TOS,5400,1795,3605,218,5178,4,0,ITI,ITI1,9,Toscana,Toscana,3729641,4493745,120.49,0.14
1293,2021-05-06,TOS,31449,13678,17771,13454,17299,696,0,ITI,ITI1,9,Toscana,Toscana,3729641,4525194,121.33,0.84
1294,2021-04-19,TOS,9105,4516,4589,7753,1034,318,0,ITI,ITI1,9,Toscana,Toscana,3729641,4534299,121.57,0.24
1295,2021-04-17,TOS,20586,9232,11354,17949,2147,490,0,ITI,ITI1,9,Toscana,Toscana,3729641,4554885,122.13,0.55
1296,2021-06-27,TOS,33313,16084,17229,5911,27268,134,0,ITI,ITI1,9,Toscana,Toscana,3729641,4588198,123.02,0.89
1297,2021-05-01,TOS,23342,10073,13269,13728,9229,385,0,ITI,ITI1,9,Toscana,Toscana,3729641,4611540,123.65,0.63
1298,2021-03-05,TOS,16907,6698,10209,11964,4761,182,0,ITI,ITI1,9,Toscana,Toscana,3729641,4628447,124.1,0.45
1299,2021-08-09,TOS,28989,14727,14262,18502,9770,717,0,ITI,ITI1,9,Toscana,Toscana,3729641,4657436,124.88,0.78
1300,2021-06-13,TOS,24623,12356,12267,22601,1659,363,0,ITI,ITI1,9,Toscana,Toscana,3729641,4682059,125.54,0.66
1301,2021-02-02,TOS,3745,1477,2268,187,3551,7,0,ITI,ITI1,9,Toscana,Toscana,3729641,4685804,125.64,0.1
1302,2021-08-11,TOS,27078,14204,12874,16920,9420,738,0,ITI,ITI1,9,Toscana,Toscana,3729641,4712882,126.36,0.73
1303,2021-01-12,TOS,3631,1417,2214,3558,0,73,0,ITI,ITI1,9,Toscana,Toscana,3729641,4716513,126.46,0.1
1304,2021-09-18,TOS,22220,12171,10049,5652,15884,684,0,ITI,ITI1,9,Toscana,Toscana,3729641,4738733,127.06,0.6
1305,2021-01-24,TOS,3349,1072,2277,196,3150,3,0,ITI,ITI1,9,Toscana,Toscana,3729641,4742082,127.15,0.09
1306,2021-01-07,TOS,6181,1840,4341,6093,0,88,0,ITI,ITI1,9,Toscana,Toscana,3729641,4748263,127.31,0.17
1307,2021-03-02,TOS,10601,3796,6805,7040,3447,114,0,ITI,ITI1,9,Toscana,Toscana,3729641,4758864,127.6,0.28
1308,2021-01-04,TOS,5240,1998,3242,5173,0,67,0,ITI,ITI1,9,Toscana,Toscana,3729641,4764104,127.74,0.14
1309,2021-04-14,TOS,20205,8350,11855,14529,5127,549,0,ITI,ITI1,9,Toscana,Toscana,3729641,4784309,128.28,0.54
1310,2021-06-14,TOS,31837,16352,15485,27429,4109,299,0,ITI,ITI1,9,Toscana,Toscana,3729641,4816146,129.13,0.85
1311,2021-09-22,TOS,15335,8238,7097,3118,11940,277,0,ITI,ITI1,9,Toscana,Toscana,3729641,4831481,129.54,0.41
1312,2021-03-04,TOS,17904,6983,10921,14659,3085,160,0,ITI,ITI1,9,Toscana,Toscana,3729641,4849385,130.02,0.48
1313,2021-08-17,TOS,26021,14042,11979,11480,14044,497,0,ITI,ITI1,9,Toscana,Toscana,3729641,4875406,130.72,0.7
1314,2021-06-21,TOS,31212,15501,15711,18142,12803,267,0,ITI,ITI1,9,Toscana,Toscana,3729641,4906618,131.56,0.84
1315,2021-01-06,TOS,4613,1503,3110,4561,0,52,0,ITI,ITI1,9,Toscana,Toscana,3729641,4911231,131.68,0.12
1316,2021-03-11,TOS,16047,6418,9629,12489,3373,185,0,ITI,ITI1,9,Toscana,Toscana,3729641,4927278,132.11,0.43
1317,2021-06-19,TOS,26529,13934,12595,21397,4791,341,0,ITI,ITI1,9,Toscana,Toscana,3729641,4953807,132.82,0.71
1318,2021-02-05,TOS,5770,2250,3520,1905,3831,34,0,ITI,ITI1,9,Toscana,Toscana,3729641,4959577,132.98,0.15
1319,2021-05-16,TOS,26692,12895,13797,23926,2470,296,0,ITI,ITI1,9,Toscana,Toscana,3729641,4986269,133.69,0.72
1320,2021-05-11,TOS,27972,12997,14975,12099,15492,381,0,ITI,ITI1,9,Toscana,Toscana,3729641,5014241,134.44,0.75
1321,2021-08-19,TOS,24209,12843,11366,11919,11658,632,0,ITI,ITI1,9,Toscana,Toscana,3729641,5038450,135.09,0.65
1322,2021-03-13,TOS,9313,3317,5996,5189,3969,155,0,ITI,ITI1,9,Toscana,Toscana,3729641,5047763,135.34,0.25
1323,2021-07-14,TOS,28971,14302,14669,8606,20106,259,0,ITI,ITI1,9,Toscana,Toscana,3729641,5076734,136.12,0.78
1324,2021-01-29,TOS,6150,1702,4448,290,5848,12,0,ITI,ITI1,9,Toscana,Toscana,3729641,5082884,136.28,0.16
1325,2021-05-09,TOS,22559,9786,12773,9414,12883,262,0,ITI,ITI1,9,Toscana,Toscana,3729641,5105443,136.89,0.6
1326,2021-08-26,TOS,18591,9743,8848,9499,8370,722,0,ITI,ITI1,9,Toscana,Toscana,3729641,5124034,137.39,0.5
1327,2021-07-16,TOS,27694,14054,13640,7706,19733,255,0,ITI,ITI1,9,Toscana,Toscana,3729641,5151728,138.13,0.74
1328,2021-05-20,TOS,29788,13929,15859,18640,10863,285,0,ITI,ITI1,9,Toscana,Toscana,3729641,5181516,138.93,0.8
1329,2021-08-28,TOS,15802,8513,7289,6380,8968,454,0,ITI,ITI1,9,Toscana,Toscana,3729641,5197318,139.35,0.42
1330,2021-01-31,TOS,3052,1131,1921,100,2949,3,0,ITI,ITI1,9,Toscana,Toscana,3729641,5200370,139.43,0.08
1331,2021-04-05,TOS,15288,6826,8462,14371,737,180,0,ITI,ITI1,9,Toscana,Toscana,3729641,5215658,139.84,0.41
1332,2021-02-07,TOS,2818,958,1860,871,1927,20,0,ITI,ITI1,9,Toscana,Toscana,3729641,5218476,139.92,0.08
1333,2021-07-23,TOS,38467,19309,19158,4385,33925,157,0,ITI,ITI1,9,Toscana,Toscana,3729641,5256943,140.95,1.03
1334,2021-05-18,TOS,28855,14281,14574,19766,8836,253,0,ITI,ITI1,9,Toscana,Toscana,3729641,5285798,141.72,0.77
1335,2021-01-27,VDA,156,75,81,80,76,0,0,ITC,ITC2,2,Valle d'Aosta / Vallée d'Aoste,Valle d'Aosta,125666,156,0.12,0.12
1336,2021-04-20,VDA,937,430,507,710,196,31,0,ITC,ITC2,2,Valle d'Aosta / Vallée d'Aoste,Valle d'Aosta,125666,1093,0.87,0.75
1337,2021-01-10,VDA,220,71,149,212,0,8,0,ITC,ITC2,2,Valle d'Aosta / Vallée d'Aoste,Valle d'Aosta,125666,1313,1.04,0.18
1338,2020-12-27,VDA,20,9,11,20,0,0,0,ITC,ITC2,2,Valle d'Aosta / Vallée d'Aoste,Valle d'Aosta,125666,1333,1.06,0.02
1339,2021-05-30,VDA,865,429,436,682,171,12,0,ITC,ITC2,2,Valle d'Aosta / Vallée d'Aoste,Valle d'Aosta,125666,2198,1.75,0.69
1340,2021-07-26,VDA,1009,513,496,311,684,14,0,ITC,ITC2,2,Valle d'Aosta / Vallée d'Aoste,Valle d'Aosta,125666,3207,2.55,0.8
1341,2021-09-07,VDA,692,365,327,111,578,3,0,ITC,ITC2,2,Valle d'Aosta / Vallée d'Aoste,Valle d'Aosta,125666,3899,3.1,0.55
1342,2021-05-28,VDA,977,415,562,545,414,18,0,ITC,ITC2,2,Valle d'Aosta / Vallée d'Aoste,Valle d'Aosta,125666,4876,3.88,0.78
1343,2021-02-17,VDA,329,146,183,225,101,3,0,ITC,ITC2,2,Valle d'Aosta / Vallée d'Aoste,Valle d'Aosta,125666,5205,4.14,0.26
1344,2021-04-15,VDA,814,378,436,643,140,31,0,ITC,ITC2,2,Valle d'Aosta / Vallée d'Aoste,Valle d'Aosta,125666,6019,4.79,0.65
1345,2021-07-07,VDA,795,442,353,414,364,17,0,ITC,ITC2,2,Valle d'Aosta / Vallée d'Aoste,Valle d'Aosta,125666,6814,5.42,0.63
1346,2021-03-08,VDA,488,233,255,240,245,3,0,ITC,ITC2,2,Valle d'Aosta / Vallée d'Aoste,Valle d'Aosta,125666,7302,5.81,0.39
1347,2021-08-12,VDA,378,204,174,118,248,12,0,ITC,ITC2,2,Valle d'Aosta / Vallée d'Aoste,Valle d'Aosta,125666,7680,6.11,0.3
1348,2021-05-04,VDA,1136,511,625,435,674,27,0,ITC,ITC2,2,Valle d'Aosta / Vallée d'Aoste,Valle d'Aosta,125666,8816,7.02,0.9
1349,2021-06-16,VDA,1067,567,500,662,395,10,0,ITC,ITC2,2,Valle d'Aosta / Vallée d'Aoste,Valle d'Aosta,125666,9883,7.86,0.85
1350,2021-03-15,VDA,387,141,246,175,203,9,0,ITC,ITC2,2,Valle d'Aosta / Vallée d'Aoste,Valle d'Aosta,125666,10270,8.17,0.31
1351,2021-08-19,VDA,265,158,107,70,180,15,0,ITC,ITC2,2,Valle d'Aosta / Vallée d'Aoste,Valle d'Aosta,125666,10535,8.38,0.21
1352,2021-07-12,VDA,979,483,496,238,733,8,0,ITC,ITC2,2,Valle d'Aosta / Vallée d'Aoste,Valle d'Aosta,125666,11514,9.16,0.78
1353,2021-04-03,VDA,676,341,335,649,15,12,0,ITC,ITC2,2,Valle d'Aosta / Vallée d'Aoste,Valle d'Aosta,125666,12190,9.7,0.54
1354,2021-03-20,VDA,209,87,122,168,36,5,0,ITC,ITC2,2,Valle d'Aosta / Vallée d'Aoste,Valle d'Aosta,125666,12399,9.87,0.17
1355,2021-06-28,VDA,994,499,495,327,662,5,0,ITC,ITC2,2,Valle d'Aosta / Vallée d'Aoste,Valle d'Aosta,125666,13393,10.66,0.79
1356,2021-06-11,VDA,1048,484,564,752,283,13,0,ITC,ITC2,2,Valle d'Aosta / Vallée d'Aoste,Valle d'Aosta,125666,14441,11.49,0.83
1357,2021-02-05,VDA,296,103,193,102,194,0,0,ITC,ITC2,2,Valle d'Aosta / Vallée d'Aoste,Valle d'Aosta,125666,14737,11.73,0.24
1358,2021-02-22,VDA,318,95,223,212,104,2,0,ITC,ITC2,2,Valle d'Aosta / Vallée d'Aoste,Valle d'Aosta,125666,15055,11.98,0.25
1359,2021-05-16,VDA,690,342,348,340,342,8,0,ITC,ITC2,2,Valle d'Aosta / Vallée d'Aoste,Valle d'Aosta,125666,15745,12.53,0.55
1360,2021-08-07,VDA,740,434,306,307,418,15,0,ITC,ITC2,2,Valle d'Aosta / Vallée d'Aoste,Valle d'Aosta,125666,16485,13.12,0.59
1361,2021-09-21,VDA,382,211,171,107,264,11,0,ITC,ITC2,2,Valle d'Aosta / Vallée d'Aoste,Valle d'Aosta,125666,16867,13.42,0.3
1362,2021-02-03,VDA,354,116,238,15,339,0,0,ITC,ITC2,2,Valle d'Aosta / Vallée d'Aoste,Valle d'Aosta,125666,17221,13.7,0.28
1363,2021-05-02,VDA,765,345,420,581,160,24,0,ITC,ITC2,2,Valle d'Aosta / Vallée d'Aoste,Valle d'Aosta,125666,17986,14.31,0.61
1364,2021-01-22,VDA,58,22,36,22,36,0,0,ITC,ITC2,2,Valle d'Aosta / Vallée d'Aoste,Valle d'Aosta,125666,18044,14.36,0.05
1365,2021-01-08,VDA,301,131,170,301,0,0,0,ITC,ITC2,2,Valle d'Aosta / Vallée d'Aoste,Valle d'Aosta,125666,18345,14.6,0.24
1366,2021-03-06,VDA,22,4,18,18,0,4,0,ITC,ITC2,2,Valle d'Aosta / Vallée d'Aoste,Valle d'Aosta,125666,18367,14.62,0.02
1367,2021-09-02,VDA,520,271,249,88,416,16,0,ITC,ITC2,2,Valle d'Aosta / Vallée d'Aoste,Valle d'Aosta,125666,18887,15.03,0.41
1368,2021-06-09,VDA,1056,560,496,1009,35,12,0,ITC,ITC2,2,Valle d'Aosta / Vallée d'Aoste,Valle d'Aosta,125666,19943,15.87,0.84
1369,2021-03-01,VDA,182,66,116,140,34,8,0,ITC,ITC2,2,Valle d'Aosta / Vallée d'Aoste,Valle d'Aosta,125666,20125,16.01,0.14
1370,2021-02-15,VDA,264,136,128,226,35,3,0,ITC,ITC2,2,Valle d'Aosta / Vallée d'Aoste,Valle d'Aosta,125666,20389,16.22,0.21
1371,2021-02-10,VDA,248,77,171,141,107,0,0,ITC,ITC2,2,Valle d'Aosta / Vallée d'Aoste,Valle d'Aosta,125666,20637,16.42,0.2
1372,2021-05-11,VDA,649,326,323,472,150,27,0,ITC,ITC2,2,Valle d'Aosta / Vallée d'Aoste,Valle d'Aosta,125666,21286,16.94,0.52
1373,2021-04-27,VDA,979,424,555,653,292,34,0,ITC,ITC2,2,Valle d'Aosta / Vallée d'Aoste,Valle d'Aosta,125666,22265,17.72,0.78
1374,2021-01-17,VDA,131,56,75,131,0,0,0,ITC,ITC2,2,Valle d'Aosta / Vallée d'Aoste,Valle d'Aosta,125666,22396,17.82,0.1
1375,2021-06-23,VDA,1045,551,494,423,617,5,0,ITC,ITC2,2,Valle d'Aosta / Vallée d'Aoste,Valle d'Aosta,125666,23441,18.65,0.83
1376,2021-07-24,VDA,1020,536,484,324,682,14,0,ITC,ITC2,2,Valle d'Aosta / Vallée d'Aoste,Valle d'Aosta,125666,24461,19.47,0.81
1377,2021-04-13,VDA,373,171,202,312,44,17,0,ITC,ITC2,2,Valle d'Aosta / Vallée d'Aoste,Valle d'Aosta,125666,24834,19.76,0.3
1378,2021-07-05,VDA,836,357,479,312,511,13,0,ITC,ITC2,2,Valle d'Aosta / Vallée d'Aoste,Valle d'Aosta,125666,25670,20.43,0.67
1379,2021-03-27,VDA,337,166,171,292,31,14,0,ITC,ITC2,2,Valle d'Aosta / Vallée d'Aoste,Valle d'Aosta,125666,26007,20.7,0.27
1380,2021-06-04,VDA,910,385,525,467,435,8,0,ITC,ITC2,2,Valle d'Aosta / Vallée d'Aoste,Valle d'Aosta,125666,26917,21.42,0.72
1381,2021-05-23,VDA,999,465,534,653,340,6,0,ITC,ITC2,2,Valle d'Aosta / Vallée d'Aoste,Valle d'Aosta,125666,27916,22.21,0.79
1382,2021-01-29,VDA,321,139,182,2,319,0,0,ITC,ITC2,2,Valle d'Aosta / Vallée d'Aoste,Valle d'Aosta,125666,28237,22.47,0.26
1383,2021-08-31,VDA,672,344,328,135,531,6,0,ITC,ITC2,2,Valle d'Aosta / Vallée d'Aoste,Valle d'Aosta,125666,28909,23.0,0.53
1384,2021-04-22,VDA,1068,450,618,652,383,33,0,ITC,ITC2,2,Valle d'Aosta / Vallée d'Aoste,Valle d'Aosta,125666,29977,23.85,0.85
1385,2021-05-09,VDA,575,287,288,425,131,19,0,ITC,ITC2,2,Valle d'Aosta / Vallée d'Aoste,Valle d'Aosta,125666,30552,24.31,0.46
1386,2021-07-31,VDA,893,466,427,318,556,19,0,ITC,ITC2,2,Valle d'Aosta / Vallée d'Aoste,Valle d'Aosta,125666,31445,25.02,0.71
1387,2021-04-01,VDA,778,394,384,747,12,19,0,ITC,ITC2,2,Valle d'Aosta / Vallée d'Aoste,Valle d'Aosta,125666,32223,25.64,0.62
1388,2021-09-14,VDA,545,273,272,9,535,1,0,ITC,ITC2,2,Valle d'Aosta / Vallée d'Aoste,Valle d'Aosta,125666,32768,26.08,0.43
1389,2021-07-19,VDA,879,460,419,251,619,9,0,ITC,ITC2,2,Valle d'Aosta / Vallée d'Aoste,Valle d'Aosta,125666,33647,26.77,0.7
1390,2021-02-24,VDA,185,84,101,163,21,1,0,ITC,ITC2,2,Valle d'Aosta / Vallée d'Aoste,Valle d'Aosta,125666,33832,26.92,0.15
1391,2021-08-14,VDA,465,256,209,135,314,16,0,ITC,ITC2,2,Valle d'Aosta / Vallée d'Aoste,Valle d'Aosta,125666,34297,27.29,0.37
1392,2021-03-13,VDA,149,88,61,143,0,6,0,ITC,ITC2,2,Valle d'Aosta / Vallée d'Aoste,Valle d'Aosta,125666,34446,27.41,0.12
1393,2021-03-25,VDA,389,154,235,364,10,15,0,ITC,ITC2,2,Valle d'Aosta / Vallée d'Aoste,Valle d'Aosta,125666,34835,27.72,0.31
1394,2021-05-21,VDA,933,443,490,523,401,9,0,ITC,ITC2,2,Valle d'Aosta / Vallée d'Aoste,Valle d'Aosta,125666,35768,28.46,0.74
1395,2021-04-17,VDA,638,407,231,596,2,40,0,ITC,ITC2,2,Valle d'Aosta / Vallée d'Aoste,Valle d'Aosta,125666,36406,28.97,0.51
1396,2021-01-07,VDA,280,113,167,280,0,0,0,ITC,ITC2,2,Valle d'Aosta / Vallée d'Aoste,Valle d'Aosta,125666,36686,29.19,0.22
1397,2021-02-19,VDA,292,102,190,267,24,1,0,ITC,ITC2,2,Valle d'Aosta / Vallée d'Aoste,Valle d'Aosta,125666,36978,29.43,0.23
1398,2021-08-04,VDA,1047,572,475,368,657,22,0,ITC,ITC2,2,Valle d'Aosta / Vallée d'Aoste,Valle d'Aosta,125666,38025,30.26,0.83
1399,2021-06-30,VDA,1121,544,577,417,695,9,0,ITC,ITC2,2,Valle d'Aosta / Vallée d'Aoste,Valle d'Aosta,125666,39146,31.15,0.89
1400,2021-08-30,VDA,548,277,271,115,395,38,0,ITC,ITC2,2,Valle d'Aosta / Vallée d'Aoste,Valle d'Aosta,125666,39694,31.59,0.44
1401,2021-01-31,VDA,291,91,200,58,233,0,0,ITC,ITC2,2,Valle d'Aosta / Vallée d'Aoste,Valle d'Aosta,125666,39985,31.82,0.23
1402,2021-06-18,VDA,1004,446,558,589,401,14,0,ITC,ITC2,2,Valle d'Aosta / Vallée d'Aoste,Valle d'Aosta,125666,40989,32.62,0.8
1403,2021-08-26,VDA,343,168,175,82,254,7,0,ITC,ITC2,2,Valle d'Aosta / Vallée d'Aoste,Valle d'Aosta,125666,41332,32.89,0.27
1404,2021-07-23,VDA,975,485,490,355,609,11,0,ITC,ITC2,2,Valle d'Aosta / Vallée d'Aoste,Valle d'Aosta,125666,42307,33.67,0.78
1405,2021-01-19,VDA,256,77,179,256,0,0,0,ITC,ITC2,2,Valle d'Aosta / Vallée d'Aoste,Valle d'Aosta,125666,42563,33.87,0.2
1406,2021-04-12,VDA,488,187,301,306,164,18,0,ITC,ITC2,2,Valle d'Aosta / Vallée d'Aoste,Valle d'Aosta,125666,43051,34.26,0.39
1407,2021-04-29,VDA,1293,636,657,742,532,19,0,ITC,ITC2,2,Valle d'Aosta / Vallée d'Aoste,Valle d'Aosta,125666,44344,35.29,1.03
1408,2021-09-18,VDA,245,123,122,176,17,52,0,ITC,ITC2,2,Valle d'Aosta / Vallée d'Aoste,Valle d'Aosta,125666,44589,35.48,0.19
1409,2021-09-04,VDA,513,271,242,130,368,15,0,ITC,ITC2,2,Valle d'Aosta / Vallée d'Aoste,Valle d'Aosta,125666,45102,35.89,0.41
1410,2021-03-17,VDA,438,185,253,259,165,14,0,ITC,ITC2,2,Valle d'Aosta / Vallée d'Aoste,Valle d'Aosta,125666,45540,36.24,0.35
1411,2021-03-03,VDA,258,119,139,182,71,5,0,ITC,ITC2,2,Valle d'Aosta / Vallée d'Aoste,Valle d'Aosta,125666,45798,36.44,0.21
1412,2021-01-05,VDA,151,55,96,151,0,0,0,ITC,ITC2,2,Valle d'Aosta / Vallée d'Aoste,Valle d'Aosta,125666,45949,36.56,0.12
1413,2021-01-14,VDA,237,69,168,237,0,0,0,ITC,ITC2,2,Valle d'Aosta / Vallée d'Aoste,Valle d'Aosta,125666,46186,36.75,0.19
1414,2021-08-02,VDA,763,409,354,303,447,13,0,ITC,ITC2,2,Valle d'Aosta / Vallée d'Aoste,Valle d'Aosta,125666,46949,37.36,0.61
1415,2021-04-24,VDA,724,401,323,535,168,21,0,ITC,ITC2,2,Valle d'Aosta / Vallée d'Aoste,Valle d'Aosta,125666,47673,37.94,0.58
1416,2021-01-15,VDA,220,83,137,220,0,0,0,ITC,ITC2,2,Valle d'Aosta / Vallée d'Aoste,Valle d'Aosta,125666,47893,38.11,0.18
1417,2021-03-31,VDA,555,302,253,511,26,18,0,ITC,ITC2,2,Valle d'Aosta / Vallée d'Aoste,Valle d'Aosta,125666,48448,38.55,0.44
1418,2021-05-27,VDA,1093,498,595,575,506,12,0,ITC,ITC2,2,Valle d'Aosta / Vallée d'Aoste,Valle d'Aosta,125666,49541,39.42,0.87
1419,2021-05-13,VDA,1146,561,585,523,602,21,0,ITC,ITC2,2,Valle d'Aosta / Vallée d'Aoste,Valle d'Aosta,125666,50687,40.33,0.91
1420,2021-02-02,VDA,287,73,214,3,284,0,0,ITC,ITC2,2,Valle d'Aosta / Vallée d'Aoste,Valle d'Aosta,125666,50974,40.56,0.23
1421,2021-07-09,VDA,946,446,500,279,657,10,0,ITC,ITC2,2,Valle d'Aosta / Vallée d'Aoste,Valle d'Aosta,125666,51920,41.32,0.75
1422,2021-05-25,VDA,1117,532,585,530,575,12,0,ITC,ITC2,2,Valle d'Aosta / Vallée d'Aoste,Valle d'Aosta,125666,53037,42.2,0.89
1423,2021-02-14,VDA,48,16,32,1,47,0,0,ITC,ITC2,2,Valle d'Aosta / Vallée d'Aoste,Valle d'Aosta,125666,53085,42.24,0.04
1424,2021-05-08,VDA,909,544,365,500,383,26,0,ITC,ITC2,2,Valle d'Aosta / Vallée d'Aoste,Valle d'Aosta,125666,53994,42.97,0.72
1425,2021-08-16,VDA,422,211,211,129,276,17,0,ITC,ITC2,2,Valle d'Aosta / Vallée d'Aoste,Valle d'Aosta,125666,54416,43.3,0.34
1426,2021-03-22,VDA,561,205,356,326,229,6,0,ITC,ITC2,2,Valle d'Aosta / Vallée d'Aoste,Valle d'Aosta,125666,54977,43.75,0.45
1427,2021-06-05,VDA,929,477,452,730,190,9,0,ITC,ITC2,2,Valle d'Aosta / Vallée d'Aoste,Valle d'Aosta,125666,55906,44.49,0.74
1428,2021-03-29,VDA,494,233,261,450,40,4,0,ITC,ITC2,2,Valle d'Aosta / Vallée d'Aoste,Valle d'Aosta,125666,56400,44.88,0.39
1429,2021-06-20,VDA,1134,545,589,477,644,13,0,ITC,ITC2,2,Valle d'Aosta / Vallée d'Aoste,Valle d'Aosta,125666,57534,45.78,0.9
1430,2021-03-12,VDA,535,177,358,301,226,8,0,ITC,ITC2,2,Valle d'Aosta / Vallée d'Aoste,Valle d'Aosta,125666,58069,46.21,0.43
1431,2021-09-11,VDA,390,238,152,2,385,3,0,ITC,ITC2,2,Valle d'Aosta / Vallée d'Aoste,Valle d'Aosta,125666,58459,46.52,0.31
1432,2021-03-10,VDA,439,184,255,220,214,5,0,ITC,ITC2,2,Valle d'Aosta / Vallée d'Aoste,Valle d'Aosta,125666,58898,46.87,0.35
1433,2021-07-21,VDA,1169,639,530,302,850,17,0,ITC,ITC2,2,Valle d'Aosta / Vallée d'Aoste,Valle d'Aosta,125666,60067,47.8,0.93
1434,2021-07-04,VDA,1193,531,662,350,829,14,0,ITC,ITC2,2,Valle d'Aosta / Vallée d'Aoste,Valle d'Aosta,125666,61260,48.75,0.95
1435,2021-07-16,VDA,1079,555,524,337,731,11,0,ITC,ITC2,2,Valle d'Aosta / Vallée d'Aoste,Valle d'Aosta,125666,62339,49.61,0.86
1436,2021-01-26,VDA,149,52,97,2,147,0,0,ITC,ITC2,2,Valle d'Aosta / Vallée d'Aoste,Valle d'Aosta,125666,62488,49.73,0.12
1437,2021-02-12,VDA,263,96,167,216,46,1,0,ITC,ITC2,2,Valle d'Aosta / Vallée d'Aoste,Valle d'Aosta,125666,62751,49.93,0.21
1438,2021-07-28,VDA,1428,765,663,352,1050,26,0,ITC,ITC2,2,Valle d'Aosta / Vallée d'Aoste,Valle d'Aosta,125666,64179,51.07,1.14
1439,2021-04-19,VDA,753,326,427,521,209,23,0,ITC,ITC2,2,Valle d'Aosta / Vallée d'Aoste,Valle d'Aosta,125666,64932,51.67,0.6
1440,2021-01-16,VDA,239,80,159,239,0,0,0,ITC,ITC2,2,Valle d'Aosta / Vallée d'Aoste,Valle d'Aosta,125666,65171,51.86,0.19
1441,2021-06-22,VDA,1192,666,526,531,649,12,0,ITC,ITC2,2,Valle d'Aosta / Vallée d'Aoste,Valle d'Aosta,125666,66363,52.81,0.95
1442,2021-04-05,VDA,465,223,242,445,6,14,0,ITC,ITC2,2,Valle d'Aosta / Vallée d'Aoste,Valle d'Aosta,125666,66828,53.18,0.37
1443,2021-06-27,VDA,1254,609,645,311,931,12,0,ITC,ITC2,2,Valle d'Aosta / Vallée d'Aoste,Valle d'Aosta,125666,68082,54.18,1.0
1444,2021-07-14,VDA,1022,535,487,288,729,5,0,ITC,ITC2,2,Valle d'Aosta / Vallée d'Aoste,Valle d'Aosta,125666,69104,54.99,0.81
1445,2021-06-25,VDA,980,445,535,323,653,4,0,ITC,ITC2,2,Valle d'Aosta / Vallée d'Aoste,Valle d'Aosta,125666,70084,55.77,0.78
1446,2021-08-21,VDA,443,221,222,94,331,18,0,ITC,ITC2,2,Valle d'Aosta / Vallée d'Aoste,Valle d'Aosta,125666,70527,56.12,0.35
1447,2021-05-20,VDA,1045,475,570,592,440,13,0,ITC,ITC2,2,Valle d'Aosta / Vallée d'Aoste,Valle d'Aosta,125666,71572,56.95,0.83
1448,2021-07-02,VDA,873,387,486,304,563,6,0,ITC,ITC2,2,Valle d'Aosta / Vallée d'Aoste,Valle d'Aosta,125666,72445,57.65,0.69
1449,2021-02-11,VDA,232,107,125,222,9,1,0,ITC,ITC2,2,Valle d'Aosta / Vallée d'Aoste,Valle d'Aosta,125666,72677,57.83,0.18
1450,2021-07-18,VDA,933,457,476,240,674,19,0,ITC,ITC2,2,Valle d'Aosta / Vallée d'Aoste,Valle d'Aosta,125666,73610,58.58,0.74
1451,2021-04-09,VDA,238,111,127,201,33,4,0,ITC,ITC2,2,Valle d'Aosta / Vallée d'Aoste,Valle d'Aosta,125666,73848,58.77,0.19
1452,2021-09-13,VDA,291,149,142,14,276,1,0,ITC,ITC2,2,Valle d'Aosta / Vallée d'Aoste,Valle d'Aosta,125666,74139,59.0,0.23
1453,2021-05-22,VDA,956,505,451,545,401,10,0,ITC,ITC2,2,Valle d'Aosta / Vallée d'Aoste,Valle d'Aosta,125666,75095,59.76,0.76
1454,2021-02-21,VDA,18,3,15,0,18,0,0,ITC,ITC2,2,Valle d'Aosta / Vallée d'Aoste,Valle d'Aosta,125666,75113,59.77,0.01
1455,2021-09-09,VDA,324,174,150,98,215,11,0,ITC,ITC2,2,Valle d'Aosta / Vallée d'Aoste,Valle d'Aosta,125666,75437,60.03,0.26
1456,2021-06-01,VDA,874,471,403,511,354,9,0,ITC,ITC2,2,Valle d'Aosta / Vallée d'Aoste,Valle d'Aosta,125666,76311,60.73,0.7
1457,2021-08-23,VDA,404,205,199,91,299,14,0,ITC,ITC2,2,Valle d'Aosta / Vallée d'Aoste,Valle d'Aosta,125666,76715,61.05,0.32
1458,2021-05-18,VDA,972,484,488,348,619,5,0,ITC,ITC2,2,Valle d'Aosta / Vallée d'Aoste,Valle d'Aosta,125666,77687,61.82,0.77
1459,2021-02-07,VDA,292,120,172,190,102,0,0,ITC,ITC2,2,Valle d'Aosta / Vallée d'Aoste,Valle d'Aosta,125666,77979,62.05,0.23
1460,2021-08-09,VDA,675,336,339,250,404,21,0,ITC,ITC2,2,Valle d'Aosta / Vallée d'Aoste,Valle d'Aosta,125666,78654,62.59,0.54
1461,2021-05-01,VDA,941,564,377,440,484,17,0,ITC,ITC2,2,Valle d'Aosta / Vallée d'Aoste,Valle d'Aosta,125666,79595,63.34,0.75
1462,2021-04-14,VDA,942,430,512,692,224,26,0,ITC,ITC2,2,Valle d'Aosta / Vallée d'Aoste,Valle d'Aosta,125666,80537,64.09,0.75
1463,2021-07-06,VDA,886,481,405,158,723,5,0,ITC,ITC2,2,Valle d'Aosta / Vallée d'Aoste,Valle d'Aosta,125666,81423,64.79,0.71
1464,2021-01-12,VDA,303,73,230,303,0,0,0,ITC,ITC2,2,Valle d'Aosta / Vallée d'Aoste,Valle d'Aosta,125666,81726,65.03,0.24
1465,2021-09-01,VDA,800,428,372,187,586,27,0,ITC,ITC2,2,Valle d'Aosta / Vallée d'Aoste,Valle d'Aosta,125666,82526,65.67,0.64
1466,2021-05-24,VDA,1142,519,623,678,448,16,0,ITC,ITC2,2,Valle d'Aosta / Vallée d'Aoste,Valle d'Aosta,125666,83668,66.58,0.91
1467,2021-05-10,VDA,786,385,401,531,235,20,0,ITC,ITC2,2,Valle d'Aosta / Vallée d'Aoste,Valle d'Aosta,125666,84454,67.21,0.63
1468,2021-03-14,VDA,394,202,192,376,0,18,0,ITC,ITC2,2,Valle d'Aosta / Vallée d'Aoste,Valle d'Aosta,125666,84848,67.52,0.31
1469,2021-04-26,VDA,720,332,388,518,170,32,0,ITC,ITC2,2,Valle d'Aosta / Vallée d'Aoste,Valle d'Aosta,125666,85568,68.09,0.57
1470,2021-08-27,VDA,498,259,239,122,366,10,0,ITC,ITC2,2,Valle d'Aosta / Vallée d'Aoste,Valle d'Aosta,125666,86066,68.49,0.4
1471,2021-07-01,VDA,962,473,489,328,621,13,0,ITC,ITC2,2,Valle d'Aosta / Vallée d'Aoste,Valle d'Aosta,125666,87028,69.25,0.77
1472,2021-03-24,VDA,518,230,288,256,259,3,0,ITC,ITC2,2,Valle d'Aosta / Vallée d'Aoste,Valle d'Aosta,125666,87546,69.67,0.41
1473,2021-08-28,VDA,536,285,251,90,424,22,0,ITC,ITC2,2,Valle d'Aosta / Vallée d'Aoste,Valle d'Aosta,125666,88082,70.09,0.43
1474,2021-05-06,VDA,1083,516,567,664,385,34,0,ITC,ITC2,2,Valle d'Aosta / Vallée d'Aoste,Valle d'Aosta,125666,89165,70.95,0.86
1475,2021-02-16,VDA,329,53,276,317,6,6,0,ITC,ITC2,2,Valle d'Aosta / Vallée d'Aoste,Valle d'Aosta,125666,89494,71.22,0.26
1476,2021-01-02,VDA,6,5,1,6,0,0,0,ITC,ITC2,2,Valle d'Aosta / Vallée d'Aoste,Valle d'Aosta,125666,89500,71.22,0.0
1477,2021-03-26,VDA,498,204,294,482,7,9,0,ITC,ITC2,2,Valle d'Aosta / Vallée d'Aoste,Valle d'Aosta,125666,89998,71.62,0.4
1478,2021-06-17,VDA,993,530,463,637,342,14,0,ITC,ITC2,2,Valle d'Aosta / Vallée d'Aoste,Valle d'Aosta,125666,90991,72.41,0.79
1479,2021-07-25,VDA,1021,494,527,262,749,10,0,ITC,ITC2,2,Valle d'Aosta / Vallée d'Aoste,Valle d'Aosta,125666,92012,73.22,0.81
1480,2021-04-16,VDA,600,261,339,567,2,31,0,ITC,ITC2,2,Valle d'Aosta / Vallée d'Aoste,Valle d'Aosta,125666,92612,73.7,0.48
1481,2021-04-02,VDA,875,345,530,626,226,23,0,ITC,ITC2,2,Valle d'Aosta / Vallée d'Aoste,Valle d'Aosta,125666,93487,74.39,0.7
1482,2021-09-06,VDA,495,245,250,145,319,31,0,ITC,ITC2,2,Valle d'Aosta / Vallée d'Aoste,Valle d'Aosta,125666,93982,74.79,0.39
1483,2021-05-29,VDA,800,436,364,554,239,7,0,ITC,ITC2,2,Valle d'Aosta / Vallée d'Aoste,Valle d'Aosta,125666,94782,75.42,0.64
1484,2021-07-11,VDA,909,473,436,252,643,14,0,ITC,ITC2,2,Valle d'Aosta / Vallée d'Aoste,Valle d'Aosta,125666,95691,76.15,0.72
1485,2021-08-01,VDA,842,445,397,285,547,10,0,ITC,ITC2,2,Valle d'Aosta / Vallée d'Aoste,Valle d'Aosta,125666,96533,76.82,0.67
1486,2021-01-28,VDA,294,124,170,55,239,0,0,ITC,ITC2,2,Valle d'Aosta / Vallée d'Aoste,Valle d'Aosta,125666,96827,77.05,0.23
1487,2021-02-23,VDA,217,124,93,216,0,1,0,ITC,ITC2,2,Valle d'Aosta / Vallée d'Aoste,Valle d'Aosta,125666,97044,77.22,0.17
1488,2021-06-03,VDA,1314,671,643,883,414,17,0,ITC,ITC2,2,Valle d'Aosta / Vallée d'Aoste,Valle d'Aosta,125666,98358,78.27,1.05
1489,2021-08-25,VDA,682,348,334,128,528,26,0,ITC,ITC2,2,Valle d'Aosta / Vallée d'Aoste,Valle d'Aosta,125666,99040,78.81,0.54
1490,2021-08-18,VDA,687,356,331,235,433,19,0,ITC,ITC2,2,Valle d'Aosta / Vallée d'Aoste,Valle d'Aosta,125666,99727,79.36,0.55
1491,2021-07-30,VDA,966,501,465,417,525,24,0,ITC,ITC2,2,Valle d'Aosta / Vallée d'Aoste,Valle d'Aosta,125666,100693,80.13,0.77
1492,2021-04-21,VDA,869,410,459,588,249,32,0,ITC,ITC2,2,Valle d'Aosta / Vallée d'Aoste,Valle d'Aosta,125666,101562,80.82,0.69
1493,2021-07-13,VDA,1064,567,497,310,748,6,0,ITC,ITC2,2,Valle d'Aosta / Vallée d'Aoste,Valle d'Aosta,125666,102626,81.67,0.85
1494,2021-03-21,VDA,361,170,191,352,0,9,0,ITC,ITC2,2,Valle d'Aosta / Vallée d'Aoste,Valle d'Aosta,125666,102987,81.95,0.29
1495,2021-01-09,VDA,445,200,245,445,0,0,0,ITC,ITC2,2,Valle d'Aosta / Vallée d'Aoste,Valle d'Aosta,125666,103432,82.31,0.35
1496,2021-06-24,VDA,1227,631,596,381,837,9,0,ITC,ITC2,2,Valle d'Aosta / Vallée d'Aoste,Valle d'Aosta,125666,104659,83.28,0.98
1497,2021-07-03,VDA,937,486,451,390,537,10,0,ITC,ITC2,2,Valle d'Aosta / Vallée d'Aoste,Valle d'Aosta,125666,105596,84.03,0.75
1498,2021-02-25,VDA,202,101,101,190,8,4,0,ITC,ITC2,2,Valle d'Aosta / Vallée d'Aoste,Valle d'Aosta,125666,105798,84.19,0.16
1499,2021-01-21,VDA,33,12,21,33,0,0,0,ITC,ITC2,2,Valle d'Aosta / Vallée d'Aoste,Valle d'Aosta,125666,105831,84.22,0.03
1500,2021-01-04,VDA,144,61,83,144,0,0,0,ITC,ITC2,2,Valle d'Aosta / Vallée d'Aoste,Valle d'Aosta,125666,105975,84.33,0.11
1501,2021-03-28,VDA,524,213,311,497,0,27,0,ITC,ITC2,2,Valle d'Aosta / Vallée d'Aoste,Valle d'Aosta,125666,106499,84.75,0.42
1502,2021-06-12,VDA,1234,600,634,1057,167,10,0,ITC,ITC2,2,Valle d'Aosta / Vallée d'Aoste,Valle d'Aosta,125666,107733,85.73,0.98
1503,2021-09-20,VDA,559,280,279,249,227,83,0,ITC,ITC2,2,Valle d'Aosta / Vallée d'Aoste,Valle d'Aosta,125666,108292,86.17,0.44
1504,2021-06-29,VDA,782,390,392,236,543,3,0,ITC,ITC2,2,Valle d'Aosta / Vallée d'Aoste,Valle d'Aosta,125666,109074,86.8,0.62
1505,2021-06-10,VDA,1059,612,447,1006,41,12,0,ITC,ITC2,2,Valle d'Aosta / Vallée d'Aoste,Valle d'Aosta,125666,110133,87.64,0.84
1506,2021-03-02,VDA,340,166,174,291,3,46,0,ITC,ITC2,2,Valle d'Aosta / Vallée d'Aoste,Valle d'Aosta,125666,110473,87.91,0.27
1507,2021-05-17,VDA,809,417,392,365,434,10,0,ITC,ITC2,2,Valle d'Aosta / Vallée d'Aoste,Valle d'Aosta,125666,111282,88.55,0.64
1508,2021-08-08,VDA,580,298,282,176,394,10,0,ITC,ITC2,2,Valle d'Aosta / Vallée d'Aoste,Valle d'Aosta,125666,111862,89.02,0.46
1509,2021-05-15,VDA,1068,615,453,368,687,13,0,ITC,ITC2,2,Valle d'Aosta / Vallée d'Aoste,Valle d'Aosta,125666,112930,89.87,0.85
1510,2021-02-04,VDA,295,86,209,8,287,0,0,ITC,ITC2,2,Valle d'Aosta / Vallée d'Aoste,Valle d'Aosta,125666,113225,90.1,0.23
1511,2021-04-28,VDA,1220,633,587,683,503,34,0,ITC,ITC2,2,Valle d'Aosta / Vallée d'Aoste,Valle d'Aosta,125666,114445,91.07,0.97
1512,2021-08-06,VDA,821,400,421,402,398,21,0,ITC,ITC2,2,Valle d'Aosta / Vallée d'Aoste,Valle d'Aosta,125666,115266,91.72,0.65
1513,2021-08-29,VDA,209,120,89,6,202,1,0,ITC,ITC2,2,Valle d'Aosta / Vallée d'Aoste,Valle d'Aosta,125666,115475,91.89,0.17
1514,2021-02-08,VDA,224,83,141,25,199,0,0,ITC,ITC2,2,Valle d'Aosta / Vallée d'Aoste,Valle d'Aosta,125666,115699,92.07,0.18
1515,2021-03-23,VDA,382,150,232,231,135,16,0,ITC,ITC2,2,Valle d'Aosta / Vallée d'Aoste,Valle d'Aosta,125666,116081,92.37,0.3
1516,2021-05-19,VDA,993,498,495,410,575,8,0,ITC,ITC2,2,Valle d'Aosta / Vallée d'Aoste,Valle d'Aosta,125666,117074,93.16,0.79
1517,2021-04-07,VDA,910,474,436,655,229,26,0,ITC,ITC2,2,Valle d'Aosta / Vallée d'Aoste,Valle d'Aosta,125666,117984,93.89,0.72
1518,2021-09-08,VDA,607,307,300,207,346,54,0,ITC,ITC2,2,Valle d'Aosta / Vallée d'Aoste,Valle d'Aosta,125666,118591,94.37,0.48
1519,2021-02-09,VDA,255,86,169,70,184,1,0,ITC,ITC2,2,Valle d'Aosta / Vallée d'Aoste,Valle d'Aosta,125666,118846,94.57,0.2
1520,2021-08-05,VDA,789,406,383,278,480,31,0,ITC,ITC2,2,Valle d'Aosta / Vallée d'Aoste,Valle d'Aosta,125666,119635,95.2,0.63
1521,2021-01-06,VDA,66,34,32,66,0,0,0,ITC,ITC2,2,Valle d'Aosta / Vallée d'Aoste,Valle d'Aosta,125666,119701,95.25,0.05
1522,2021-02-18,VDA,349,153,196,256,88,5,0,ITC,ITC2,2,Valle d'Aosta / Vallée d'Aoste,Valle d'Aosta,125666,120050,95.53,0.28
1523,2021-03-11,VDA,392,164,228,152,239,1,0,ITC,ITC2,2,Valle d'Aosta / Vallée d'Aoste,Valle d'Aosta,125666,120442,95.84,0.31
1524,2021-06-02,VDA,1217,689,528,810,402,5,0,ITC,ITC2,2,Valle d'Aosta / Vallée d'Aoste,Valle d'Aosta,125666,121659,96.81,0.97
1525,2021-06-19,VDA,1295,671,624,658,621,16,0,ITC,ITC2,2,Valle d'Aosta / Vallée d'Aoste,Valle d'Aosta,125666,122954,97.84,1.03
1526,2021-09-10,VDA,616,301,315,209,364,43,0,ITC,ITC2,2,Valle d'Aosta / Vallée d'Aoste,Valle d'Aosta,125666,123570,98.33,0.49
1527,2021-08-24,VDA,672,370,302,144,518,10,0,ITC,ITC2,2,Valle d'Aosta / Vallée d'Aoste,Valle d'Aosta,125666,124242,98.87,0.53
1528,2021-03-09,VDA,206,96,110,167,32,7,0,ITC,ITC2,2,Valle d'Aosta / Vallée d'Aoste,Valle d'Aosta,125666,124448,99.03,0.16
1529,2021-02-20,VDA,257,215,42,244,10,3,0,ITC,ITC2,2,Valle d'Aosta / Vallée d'Aoste,Valle d'Aosta,125666,124705,99.24,0.2
1530,2021-03-19,VDA,322,85,237,285,35,2,0,ITC,ITC2,2,Valle d'Aosta / Vallée d'Aoste,Valle d'Aosta,125666,125027,99.49,0.26
1531,2021-05-07,VDA,566,247,319,513,30,23,0,ITC,ITC2,2,Valle d'Aosta / Vallée d'Aoste,Valle d'Aosta,125666,125593,99.94,0.45
1532,2021-04-23,VDA,923,443,480,511,383,29,0,ITC,ITC2,2,Valle d'Aosta / Vallée d'Aoste,Valle d'Aosta,125666,126516,100.68,0.73
1533,2021-01-13,VDA,338,110,228,338,0,0,0,ITC,ITC2,2,Valle d'Aosta / Vallée d'Aoste,Valle d'Aosta,125666,126854,100.95,0.27
1534,2021-07-29,VDA,999,509,490,318,667,14,0,ITC,ITC2,2,Valle d'Aosta / Vallée d'Aoste,Valle d'Aosta,125666,127853,101.74,0.79
1535,2021-07-15,VDA,1103,597,506,285,804,14,0,ITC,ITC2,2,Valle d'Aosta / Vallée d'Aoste,Valle d'Aosta,125666,128956,102.62,0.88
1536,2021-04-06,VDA,743,382,361,598,112,33,0,ITC,ITC2,2,Valle d'Aosta / Vallée d'Aoste,Valle d'Aosta,125666,129699,103.21,0.59
1537,2021-01-11,VDA,328,113,215,328,0,0,0,ITC,ITC2,2,Valle d'Aosta / Vallée d'Aoste,Valle d'Aosta,125666,130027,103.47,0.26
1538,2021-08-10,VDA,856,437,419,580,264,12,0,ITC,ITC2,2,Valle d'Aosta / Vallée d'Aoste,Valle d'Aosta,125666,130883,104.15,0.68
1539,2021-09-05,VDA,143,75,68,4,136,3,0,ITC,ITC2,2,Valle d'Aosta / Vallée d'Aoste,Valle d'Aosta,125666,131026,104.27,0.11
1540,2021-03-16,VDA,186,37,149,109,68,9,0,ITC,ITC2,2,Valle d'Aosta / Vallée d'Aoste,Valle d'Aosta,125666,131212,104.41,0.15
1541,2021-07-20,VDA,1121,585,536,385,724,12,0,ITC,ITC2,2,Valle d'Aosta / Vallée d'Aoste,Valle d'Aosta,125666,132333,105.31,0.89
1542,2021-09-15,VDA,373,197,176,23,349,1,0,ITC,ITC2,2,Valle d'Aosta / Vallée d'Aoste,Valle d'Aosta,125666,132706,105.6,0.3
1543,2021-04-18,VDA,523,255,268,495,2,26,0,ITC,ITC2,2,Valle d'Aosta / Vallée d'Aoste,Valle d'Aosta,125666,133229,106.02,0.42
1544,2021-09-22,VDA,416,211,205,113,298,5,0,ITC,ITC2,2,Valle d'Aosta / Vallée d'Aoste,Valle d'Aosta,125666,133645,106.35,0.33
1545,2021-04-04,VDA,573,254,319,562,0,11,0,ITC,ITC2,2,Valle d'Aosta / Vallée d'Aoste,Valle d'Aosta,125666,134218,106.81,0.46
1546,2021-08-17,VDA,560,306,254,210,342,8,0,ITC,ITC2,2,Valle d'Aosta / Vallée d'Aoste,Valle d'Aosta,125666,134778,107.25,0.45
1547,2021-03-18,VDA,136,43,93,96,37,3,0,ITC,ITC2,2,Valle d'Aosta / Vallée d'Aoste,Valle d'Aosta,125666,134914,107.36,0.11
1548,2021-06-26,VDA,1066,512,554,351,707,8,0,ITC,ITC2,2,Valle d'Aosta / Vallée d'Aoste,Valle d'Aosta,125666,135980,108.21,0.85
1549,2021-09-17,VDA,193,104,89,21,170,2,0,ITC,ITC2,2,Valle d'Aosta / Vallée d'Aoste,Valle d'Aosta,125666,136173,108.36,0.15
1550,2021-03-04,VDA,291,139,152,38,251,2,0,ITC,ITC2,2,Valle d'Aosta / Vallée d'Aoste,Valle d'Aosta,125666,136464,108.59,0.23
1551,2021-05-26,VDA,1212,587,625,567,634,11,0,ITC,ITC2,2,Valle d'Aosta / Vallée d'Aoste,Valle d'Aosta,125666,137676,109.56,0.96
1552,2021-09-03,VDA,534,283,251,139,369,26,0,ITC,ITC2,2,Valle d'Aosta / Vallée d'Aoste,Valle d'Aosta,125666,138210,109.98,0.42
1553,2021-02-06,VDA,291,104,187,91,199,1,0,ITC,ITC2,2,Valle d'Aosta / Vallée d'Aoste,Valle d'Aosta,125666,138501,110.21,0.23
1554,2021-04-30,VDA,833,357,476,469,347,17,0,ITC,ITC2,2,Valle d'Aosta / Vallée d'Aoste,Valle d'Aosta,125666,139334,110.88,0.66
1555,2021-01-20,VDA,64,15,49,64,0,0,0,ITC,ITC2,2,Valle d'Aosta / Vallée d'Aoste,Valle d'Aosta,125666,139398,110.93,0.05
1556,2021-07-22,VDA,982,519,463,261,704,17,0,ITC,ITC2,2,Valle d'Aosta / Vallée d'Aoste,Valle d'Aosta,125666,140380,111.71,0.78
1557,2021-02-13,VDA,219,199,20,216,1,2,0,ITC,ITC2,2,Valle d'Aosta / Vallée d'Aoste,Valle d'Aosta,125666,140599,111.88,0.17
1558,2021-06-14,VDA,1017,523,494,575,428,14,0,ITC,ITC2,2,Valle d'Aosta / Vallée d'Aoste,Valle d'Aosta,125666,141616,112.69,0.81
1559,2021-05-31,VDA,881,396,485,490,380,11,0,ITC,ITC2,2,Valle d'Aosta / Vallée d'Aoste,Valle d'Aosta,125666,142497,113.39,0.7
1560,2021-07-27,VDA,1132,605,527,566,552,14,0,ITC,ITC2,2,Valle d'Aosta / Vallée d'Aoste,Valle d'Aosta,125666,143629,114.29,0.9
1561,2021-04-25,VDA,850,409,441,674,139,37,0,ITC,ITC2,2,Valle d'Aosta / Vallée d'Aoste,Valle d'Aosta,125666,144479,114.97,0.68
1562,2021-06-21,VDA,1124,600,524,607,507,10,0,ITC,ITC2,2,Valle d'Aosta / Vallée d'Aoste,Valle d'Aosta,125666,145603,115.87,0.89
1563,2021-06-07,VDA,711,347,364,637,61,13,0,ITC,ITC2,2,Valle d'Aosta / Vallée d'Aoste,Valle d'Aosta,125666,146314,116.43,0.57
1564,2021-02-27,VDA,232,86,146,120,107,5,0,ITC,ITC2,2,Valle d'Aosta / Vallée d'Aoste,Valle d'Aosta,125666,146546,116.62,0.18
1565,2021-08-03,VDA,946,489,457,571,358,17,0,ITC,ITC2,2,Valle d'Aosta / Vallée d'Aoste,Valle d'Aosta,125666,147492,117.37,0.75
1566,2021-01-18,VDA,214,74,140,214,0,0,0,ITC,ITC2,2,Valle d'Aosta / Vallée d'Aoste,Valle d'Aosta,125666,147706,117.54,0.17
1567,2021-04-11,VDA,481,208,273,464,0,17,0,ITC,ITC2,2,Valle d'Aosta / Vallée d'Aoste,Valle d'Aosta,125666,148187,117.92,0.38
1568,2021-04-08,VDA,585,282,303,420,144,21,0,ITC,ITC2,2,Valle d'Aosta / Vallée d'Aoste,Valle d'Aosta,125666,148772,118.39,0.47
1569,2021-06-13,VDA,857,403,454,370,482,5,0,ITC,ITC2,2,Valle d'Aosta / Vallée d'Aoste,Valle d'Aosta,125666,149629,119.07,0.68
1570,2021-09-16,VDA,472,220,252,234,150,88,0,ITC,ITC2,2,Valle d'Aosta / Vallée d'Aoste,Valle d'Aosta,125666,150101,119.44,0.38
1571,2021-06-08,VDA,772,408,364,731,33,8,0,ITC,ITC2,2,Valle d'Aosta / Vallée d'Aoste,Valle d'Aosta,125666,150873,120.06,0.61
1572,2021-02-26,VDA,210,58,152,110,86,14,0,ITC,ITC2,2,Valle d'Aosta / Vallée d'Aoste,Valle d'Aosta,125666,151083,120.23,0.17
1573,2021-04-10,VDA,405,191,214,389,5,11,0,ITC,ITC2,2,Valle d'Aosta / Vallée d'Aoste,Valle d'Aosta,125666,151488,120.55,0.32
1574,2020-12-31,VDA,18,4,14,18,0,0,0,ITC,ITC2,2,Valle d'Aosta / Vallée d'Aoste,Valle d'Aosta,125666,151506,120.56,0.01
1575,2021-06-06,VDA,1161,582,579,779,374,8,0,ITC,ITC2,2,Valle d'Aosta / Vallée d'Aoste,Valle d'Aosta,125666,152667,121.49,0.92
1576,2021-06-15,VDA,925,508,417,654,258,13,0,ITC,ITC2,2,Valle d'Aosta / Vallée d'Aoste,Valle d'Aosta,125666,153592,122.22,0.74
1577,2021-08-11,VDA,778,380,398,304,453,21,0,ITC,ITC2,2,Valle d'Aosta / Vallée d'Aoste,Valle d'Aosta,125666,154370,122.84,0.62
1578,2021-03-05,VDA,277,125,152,53,223,1,0,ITC,ITC2,2,Valle d'Aosta / Vallée d'Aoste,Valle d'Aosta,125666,154647,123.06,0.22
1579,2021-02-28,VDA,260,86,174,73,183,4,0,ITC,ITC2,2,Valle d'Aosta / Vallée d'Aoste,Valle d'Aosta,125666,154907,123.27,0.21
1580,2021-05-05,VDA,1039,566,473,435,582,22,0,ITC,ITC2,2,Valle d'Aosta / Vallée d'Aoste,Valle d'Aosta,125666,155946,124.1,0.83
1581,2021-08-13,VDA,496,273,223,204,283,9,0,ITC,ITC2,2,Valle d'Aosta / Vallée d'Aoste,Valle d'Aosta,125666,156442,124.49,0.39
1582,2021-05-03,VDA,841,400,441,459,352,30,0,ITC,ITC2,2,Valle d'Aosta / Vallée d'Aoste,Valle d'Aosta,125666,157283,125.16,0.67
1583,2021-03-07,VDA,64,30,34,11,53,0,0,ITC,ITC2,2,Valle d'Aosta / Vallée d'Aoste,Valle d'Aosta,125666,157347,125.21,0.05
1584,2021-08-20,VDA,473,240,233,142,316,15,0,ITC,ITC2,2,Valle d'Aosta / Vallée d'Aoste,Valle d'Aosta,125666,157820,125.59,0.38
1585,2021-01-30,VDA,440,203,237,12,426,2,0,ITC,ITC2,2,Valle d'Aosta / Vallée d'Aoste,Valle d'Aosta,125666,158260,125.94,0.35
1586,2021-01-25,VDA,150,67,83,1,149,0,0,ITC,ITC2,2,Valle d'Aosta / Vallée d'Aoste,Valle d'Aosta,125666,158410,126.06,0.12
1587,2021-07-10,VDA,1295,670,625,320,964,11,0,ITC,ITC2,2,Valle d'Aosta / Vallée d'Aoste,Valle d'Aosta,125666,159705,127.09,1.03
1588,2021-08-22,VDA,177,88,89,8,169,0,0,ITC,ITC2,2,Valle d'Aosta / Vallée d'Aoste,Valle d'Aosta,125666,159882,127.23,0.14
1589,2021-05-14,VDA,964,444,520,264,670,30,0,ITC,ITC2,2,Valle d'Aosta / Vallée d'Aoste,Valle d'Aosta,125666,160846,127.99,0.77
1590,2021-02-01,VDA,409,128,281,86,320,3,0,ITC,ITC2,2,Valle d'Aosta / Vallée d'Aoste,Valle d'Aosta,125666,161255,128.32,0.33
1591,2021-07-08,VDA,1276,709,567,339,926,11,0,ITC,ITC2,2,Valle d'Aosta / Vallée d'Aoste,Valle d'Aosta,125666,162531,129.34,1.02
1592,2021-03-30,VDA,402,223,179,364,20,18,0,ITC,ITC2,2,Valle d'Aosta / Vallée d'Aoste,Valle d'Aosta,125666,162933,129.66,0.32
1593,2021-05-12,VDA,1145,550,595,450,671,24,0,ITC,ITC2,2,Valle d'Aosta / Vallée d'Aoste,Valle d'Aosta,125666,164078,130.57,0.91
1594,2021-07-17,VDA,987,521,466,248,731,8,0,ITC,ITC2,2,Valle d'Aosta / Vallée d'Aoste,Valle d'Aosta,125666,165065,131.35,0.79
1595,2021-02-06,PAT,582,302,280,439,143,0,0,ITH,ITH2,4,Provincia Autonoma Trento,P.A. Trento,541380,582,0.11,0.11
1596,2021-02-23,PAT,1128,403,725,887,218,23,0,ITH,ITH2,4,Provincia Autonoma Trento,P.A. Trento,541380,1710,0.32,0.21
1597,2021-05-17,PAT,4358,2158,2200,3751,363,244,0,ITH,ITH2,4,Provincia Autonoma Trento,P.A. Trento,541380,6068,1.12,0.8
1598,2021-08-25,PAT,4402,2350,2052,1093,3234,75,0,ITH,ITH2,4,Provincia Autonoma Trento,P.A. Trento,541380,10470,1.93,0.81
1599,2021-01-23,PAT,584,338,246,389,194,1,0,ITH,ITH2,4,Provincia Autonoma Trento,P.A. Trento,541380,11054,2.04,0.11
1600,2021-05-03,PAT,4314,2224,2090,3846,157,311,0,ITH,ITH2,4,Provincia Autonoma Trento,P.A. Trento,541380,15368,2.84,0.8
1601,2021-08-13,PAT,5968,3381,2587,2596,3221,151,0,ITH,ITH2,4,Provincia Autonoma Trento,P.A. Trento,541380,21336,3.94,1.1
1602,2021-06-29,PAT,6437,3245,3192,2749,3535,153,0,ITH,ITH2,4,Provincia Autonoma Trento,P.A. Trento,541380,27773,5.13,1.19
1603,2021-06-12,PAT,5429,2718,2711,436,4943,50,0,ITH,ITH2,4,Provincia Autonoma Trento,P.A. Trento,541380,33202,6.13,1.0
1604,2021-03-21,PAT,136,74,62,131,0,5,0,ITH,ITH2,4,Provincia Autonoma Trento,P.A. Trento,541380,33338,6.16,0.03
1605,2021-09-08,PAT,1553,784,769,484,1040,29,0,ITH,ITH2,4,Provincia Autonoma Trento,P.A. Trento,541380,34891,6.44,0.29
1606,2021-07-27,PAT,4834,2555,2279,1760,2951,123,0,ITH,ITH2,4,Provincia Autonoma Trento,P.A. Trento,541380,39725,7.34,0.89
1607,2021-05-31,PAT,4808,2215,2593,1609,3088,111,0,ITH,ITH2,4,Provincia Autonoma Trento,P.A. Trento,541380,44533,8.23,0.89
1608,2021-09-22,PAT,1582,849,733,893,655,34,0,ITH,ITH2,4,Provincia Autonoma Trento,P.A. Trento,541380,46115,8.52,0.29
1609,2021-08-08,PAT,641,341,300,247,386,8,0,ITH,ITH2,4,Provincia Autonoma Trento,P.A. Trento,541380,46756,8.64,0.12
1610,2021-08-27,PAT,3810,2070,1740,928,2792,90,0,ITH,ITH2,4,Provincia Autonoma Trento,P.A. Trento,541380,50566,9.34,0.7
1611,2021-07-13,PAT,3847,1956,1891,1777,1934,136,0,ITH,ITH2,4,Provincia Autonoma Trento,P.A. Trento,541380,54413,10.05,0.71
1612,2021-04-21,PAT,2945,1372,1573,2739,51,155,0,ITH,ITH2,4,Provincia Autonoma Trento,P.A. Trento,541380,57358,10.59,0.54
1613,2021-01-28,PAT,554,156,398,51,503,0,0,ITH,ITH2,4,Provincia Autonoma Trento,P.A. Trento,541380,57912,10.7,0.1
1614,2021-01-11,PAT,765,235,530,765,0,0,0,ITH,ITH2,4,Provincia Autonoma Trento,P.A. Trento,541380,58677,10.84,0.14
1615,2021-03-09,PAT,1671,620,1051,980,654,37,0,ITH,ITH2,4,Provincia Autonoma Trento,P.A. Trento,541380,60348,11.15,0.31
1616,2021-06-17,PAT,6754,3565,3189,2045,4539,170,0,ITH,ITH2,4,Provincia Autonoma Trento,P.A. Trento,541380,67102,12.39,1.25
1617,2021-04-09,PAT,2807,1195,1612,1529,1209,69,0,ITH,ITH2,4,Provincia Autonoma Trento,P.A. Trento,541380,69909,12.91,0.52
1618,2021-02-11,PAT,1171,377,794,803,367,1,0,ITH,ITH2,4,Provincia Autonoma Trento,P.A. Trento,541380,71080,13.13,0.22
1619,2021-07-18,PAT,465,244,221,116,339,10,0,ITH,ITH2,4,Provincia Autonoma Trento,P.A. Trento,541380,71545,13.22,0.09
1620,2021-02-25,PAT,1656,649,1007,1200,446,10,0,ITH,ITH2,4,Provincia Autonoma Trento,P.A. Trento,541380,73201,13.52,0.31
1621,2020-12-30,PAT,7,3,4,7,0,0,0,ITH,ITH2,4,Provincia Autonoma Trento,P.A. Trento,541380,73208,13.52,0.0
1622,2021-06-05,PAT,4137,1943,2194,690,3367,80,0,ITH,ITH2,4,Provincia Autonoma Trento,P.A. Trento,541380,77345,14.29,0.76
1623,2021-04-14,PAT,3146,1480,1666,2253,738,155,0,ITH,ITH2,4,Provincia Autonoma Trento,P.A. Trento,541380,80491,14.87,0.58
1624,2021-03-28,PAT,768,304,464,717,2,49,0,ITH,ITH2,4,Provincia Autonoma Trento,P.A. Trento,541380,81259,15.01,0.14
1625,2021-01-04,PAT,905,250,655,903,0,2,0,ITH,ITH2,4,Provincia Autonoma Trento,P.A. Trento,541380,82164,15.18,0.17
1626,2021-07-06,PAT,5243,2765,2478,3115,1932,196,0,ITH,ITH2,4,Provincia Autonoma Trento,P.A. Trento,541380,87407,16.15,0.97
1627,2021-07-01,PAT,7156,3740,3416,3584,3367,205,0,ITH,ITH2,4,Provincia Autonoma Trento,P.A. Trento,541380,94563,17.47,1.32
1628,2021-05-05,PAT,5061,2612,2449,4432,306,323,0,ITH,ITH2,4,Provincia Autonoma Trento,P.A. Trento,541380,99624,18.4,0.93
1629,2021-08-06,PAT,6482,3571,2911,2676,3685,121,0,ITH,ITH2,4,Provincia Autonoma Trento,P.A. Trento,541380,106106,19.6,1.2
1630,2021-01-16,PAT,322,148,174,322,0,0,0,ITH,ITH2,4,Provincia Autonoma Trento,P.A. Trento,541380,106428,19.66,0.06
1631,2021-09-15,PAT,1660,883,777,458,1145,57,0,ITH,ITH2,4,Provincia Autonoma Trento,P.A. Trento,541380,108088,19.97,0.31
1632,2021-07-20,PAT,4838,2613,2225,1743,2937,158,0,ITH,ITH2,4,Provincia Autonoma Trento,P.A. Trento,541380,112926,20.86,0.89
1633,2021-05-24,PAT,4494,2078,2416,1268,3110,116,0,ITH,ITH2,4,Provincia Autonoma Trento,P.A. Trento,541380,117420,21.69,0.83
1634,2021-09-01,PAT,3927,2092,1835,832,3017,78,0,ITH,ITH2,4,Provincia Autonoma Trento,P.A. Trento,541380,121347,22.41,0.73
1635,2021-03-02,PAT,1323,446,877,910,382,31,0,ITH,ITH2,4,Provincia Autonoma Trento,P.A. Trento,541380,122670,22.66,0.24
1636,2021-06-10,PAT,6222,3032,3190,1811,4271,140,0,ITH,ITH2,4,Provincia Autonoma Trento,P.A. Trento,541380,128892,23.81,1.15
1637,2021-09-03,PAT,3495,1913,1582,787,2658,50,0,ITH,ITH2,4,Provincia Autonoma Trento,P.A. Trento,541380,132387,24.45,0.65
1638,2021-02-16,PAT,676,248,428,660,5,11,0,ITH,ITH2,4,Provincia Autonoma Trento,P.A. Trento,541380,133063,24.58,0.12
1639,2021-04-23,PAT,3668,1786,1882,3428,56,184,0,ITH,ITH2,4,Provincia Autonoma Trento,P.A. Trento,541380,136731,25.26,0.68
1640,2021-01-30,PAT,396,136,260,155,241,0,0,ITH,ITH2,4,Provincia Autonoma Trento,P.A. Trento,541380,137127,25.33,0.07
1641,2021-05-10,PAT,3272,1680,1592,2530,518,224,0,ITH,ITH2,4,Provincia Autonoma Trento,P.A. Trento,541380,140399,25.93,0.6
1642,2021-03-26,PAT,3278,1282,1996,2519,612,147,0,ITH,ITH2,4,Provincia Autonoma Trento,P.A. Trento,541380,143677,26.54,0.61
1643,2021-06-19,PAT,3147,1723,1424,236,2880,31,0,ITH,ITH2,4,Provincia Autonoma Trento,P.A. Trento,541380,146824,27.12,0.58
1644,2021-07-08,PAT,4168,2215,1953,2511,1484,173,0,ITH,ITH2,4,Provincia Autonoma Trento,P.A. Trento,541380,150992,27.89,0.77
1645,2021-03-14,PAT,110,67,43,19,89,2,0,ITH,ITH2,4,Provincia Autonoma Trento,P.A. Trento,541380,151102,27.91,0.02
1646,2021-03-07,PAT,24,6,18,24,0,0,0,ITH,ITH2,4,Provincia Autonoma Trento,P.A. Trento,541380,151126,27.91,0.0
1647,2021-01-09,PAT,195,42,153,195,0,0,0,ITH,ITH2,4,Provincia Autonoma Trento,P.A. Trento,541380,151321,27.95,0.04
1648,2021-05-22,PAT,3375,1666,1709,849,2435,91,0,ITH,ITH2,4,Provincia Autonoma Trento,P.A. Trento,541380,154696,28.57,0.62
1649,2021-05-29,PAT,2448,1330,1118,783,1574,91,0,ITH,ITH2,4,Provincia Autonoma Trento,P.A. Trento,541380,157144,29.03,0.45
1650,2021-04-02,PAT,2894,1180,1714,2045,684,165,0,ITH,ITH2,4,Provincia Autonoma Trento,P.A. Trento,541380,160038,29.56,0.53
1651,2021-01-18,PAT,690,168,522,631,59,0,0,ITH,ITH2,4,Provincia Autonoma Trento,P.A. Trento,541380,160728,29.69,0.13
1652,2021-04-28,PAT,4294,1998,2296,3898,139,257,0,ITH,ITH2,4,Provincia Autonoma Trento,P.A. Trento,541380,165022,30.48,0.79
1653,2021-04-01,PAT,2947,1252,1695,1745,1107,95,0,ITH,ITH2,4,Provincia Autonoma Trento,P.A. Trento,541380,167969,31.03,0.54
1654,2021-09-05,PAT,1,0,1,1,0,0,0,ITH,ITH2,4,Provincia Autonoma Trento,P.A. Trento,541380,167970,31.03,0.0
1655,2021-07-10,PAT,1098,565,533,147,920,31,0,ITH,ITH2,4,Provincia Autonoma Trento,P.A. Trento,541380,169068,31.23,0.2
1656,2021-02-20,PAT,412,247,165,124,287,1,0,ITH,ITH2,4,Provincia Autonoma Trento,P.A. Trento,541380,169480,31.31,0.08
1657,2021-01-08,PAT,1539,342,1197,1538,0,1,0,ITH,ITH2,4,Provincia Autonoma Trento,P.A. Trento,541380,171019,31.59,0.28
1658,2021-06-14,PAT,5821,3010,2811,2042,3657,122,0,ITH,ITH2,4,Provincia Autonoma Trento,P.A. Trento,541380,176840,32.66,1.08
1659,2021-04-18,PAT,1865,850,1015,1795,9,61,0,ITH,ITH2,4,Provincia Autonoma Trento,P.A. Trento,541380,178705,33.01,0.34
1660,2021-03-06,PAT,814,285,529,617,154,43,0,ITH,ITH2,4,Provincia Autonoma Trento,P.A. Trento,541380,179519,33.16,0.15
1661,2021-04-11,PAT,2393,1161,1232,2201,99,93,0,ITH,ITH2,4,Provincia Autonoma Trento,P.A. Trento,541380,181912,33.6,0.44
1662,2021-09-20,PAT,2794,1472,1322,1398,1304,87,5,ITH,ITH2,4,Provincia Autonoma Trento,P.A. Trento,541380,184706,34.12,0.52
1663,2021-03-04,PAT,2391,807,1584,1558,790,43,0,ITH,ITH2,4,Provincia Autonoma Trento,P.A. Trento,541380,187097,34.56,0.44
1664,2021-03-18,PAT,2336,964,1372,1222,1089,25,0,ITH,ITH2,4,Provincia Autonoma Trento,P.A. Trento,541380,189433,34.99,0.43
1665,2021-06-09,PAT,6336,3125,3211,2115,4135,86,0,ITH,ITH2,4,Provincia Autonoma Trento,P.A. Trento,541380,195769,36.16,1.17
1666,2021-06-26,PAT,1439,756,683,676,727,36,0,ITH,ITH2,4,Provincia Autonoma Trento,P.A. Trento,541380,197208,36.43,0.27
1667,2021-02-04,PAT,1014,321,693,430,583,1,0,ITH,ITH2,4,Provincia Autonoma Trento,P.A. Trento,541380,198222,36.61,0.19
1668,2021-04-13,PAT,2618,1090,1528,2025,509,84,0,ITH,ITH2,4,Provincia Autonoma Trento,P.A. Trento,541380,200840,37.1,0.48
1669,2021-01-20,PAT,308,77,231,296,12,0,0,ITH,ITH2,4,Provincia Autonoma Trento,P.A. Trento,541380,201148,37.15,0.06
1670,2021-04-30,PAT,4994,2435,2559,4445,163,386,0,ITH,ITH2,4,Provincia Autonoma Trento,P.A. Trento,541380,206142,38.08,0.92
1671,2021-05-19,PAT,5196,2514,2682,3669,1274,253,0,ITH,ITH2,4,Provincia Autonoma Trento,P.A. Trento,541380,211338,39.04,0.96
1672,2021-03-23,PAT,2484,962,1522,1629,755,100,0,ITH,ITH2,4,Provincia Autonoma Trento,P.A. Trento,541380,213822,39.5,0.46
1673,2021-05-28,PAT,3806,1768,2038,1399,2266,141,0,ITH,ITH2,4,Provincia Autonoma Trento,P.A. Trento,541380,217628,40.2,0.7
1674,2021-01-25,PAT,849,231,618,25,824,0,0,ITH,ITH2,4,Provincia Autonoma Trento,P.A. Trento,541380,218477,40.36,0.16
1675,2021-03-25,PAT,2918,1128,1790,1743,1061,114,0,ITH,ITH2,4,Provincia Autonoma Trento,P.A. Trento,541380,221395,40.89,0.54
1676,2021-07-03,PAT,1268,681,587,78,1185,5,0,ITH,ITH2,4,Provincia Autonoma Trento,P.A. Trento,541380,222663,41.13,0.23
1677,2021-04-16,PAT,2907,1378,1529,2598,150,159,0,ITH,ITH2,4,Provincia Autonoma Trento,P.A. Trento,541380,225570,41.67,0.54
1678,2021-02-18,PAT,1437,505,932,1350,69,18,0,ITH,ITH2,4,Provincia Autonoma Trento,P.A. Trento,541380,227007,41.93,0.27
1679,2021-07-25,PAT,366,205,161,139,218,9,0,ITH,ITH2,4,Provincia Autonoma Trento,P.A. Trento,541380,227373,42.0,0.07
1680,2021-01-06,PAT,43,13,30,43,0,0,0,ITH,ITH2,4,Provincia Autonoma Trento,P.A. Trento,541380,227416,42.01,0.01
1681,2021-08-24,PAT,4614,2472,2142,1293,3225,96,0,ITH,ITH2,4,Provincia Autonoma Trento,P.A. Trento,541380,232030,42.86,0.85
1682,2021-07-24,PAT,996,548,448,516,445,35,0,ITH,ITH2,4,Provincia Autonoma Trento,P.A. Trento,541380,233026,43.04,0.18
1683,2021-05-02,PAT,3565,1980,1585,3294,39,232,0,ITH,ITH2,4,Provincia Autonoma Trento,P.A. Trento,541380,236591,43.7,0.66
1684,2021-08-10,PAT,6007,3210,2797,2912,2907,188,0,ITH,ITH2,4,Provincia Autonoma Trento,P.A. Trento,541380,242598,44.81,1.11
1685,2021-02-27,PAT,1055,469,586,607,428,20,0,ITH,ITH2,4,Provincia Autonoma Trento,P.A. Trento,541380,243653,45.01,0.19
1686,2021-08-03,PAT,6229,3364,2865,2489,3601,139,0,ITH,ITH2,4,Provincia Autonoma Trento,P.A. Trento,541380,249882,46.16,1.15
1687,2021-01-01,PAT,222,51,171,222,0,0,0,ITH,ITH2,4,Provincia Autonoma Trento,P.A. Trento,541380,250104,46.2,0.04
1688,2021-06-07,PAT,5894,2931,2963,2678,3030,186,0,ITH,ITH2,4,Provincia Autonoma Trento,P.A. Trento,541380,255998,47.29,1.09
1689,2021-04-25,PAT,2003,953,1050,1871,7,125,0,ITH,ITH2,4,Provincia Autonoma Trento,P.A. Trento,541380,258001,47.66,0.37
1690,2021-08-28,PAT,1348,829,519,553,758,37,0,ITH,ITH2,4,Provincia Autonoma Trento,P.A. Trento,541380,259349,47.91,0.25
1691,2021-01-27,PAT,873,310,563,115,756,2,0,ITH,ITH2,4,Provincia Autonoma Trento,P.A. Trento,541380,260222,48.07,0.16
1692,2021-02-13,PAT,543,335,208,174,369,0,0,ITH,ITH2,4,Provincia Autonoma Trento,P.A. Trento,541380,260765,48.17,0.1
1693,2021-06-28,PAT,6965,3602,3363,2938,3869,158,0,ITH,ITH2,4,Provincia Autonoma Trento,P.A. Trento,541380,267730,49.45,1.29
1694,2021-04-06,PAT,2288,969,1319,1459,770,59,0,ITH,ITH2,4,Provincia Autonoma Trento,P.A. Trento,541380,270018,49.88,0.42
1695,2021-07-15,PAT,4304,2306,1998,1792,2367,145,0,ITH,ITH2,4,Provincia Autonoma Trento,P.A. Trento,541380,274322,50.67,0.8
1696,2021-09-19,PAT,479,307,172,294,169,16,0,ITH,ITH2,4,Provincia Autonoma Trento,P.A. Trento,541380,274801,50.76,0.09
1697,2021-01-13,PAT,444,131,313,444,0,0,0,ITH,ITH2,4,Provincia Autonoma Trento,P.A. Trento,541380,275245,50.84,0.08
1698,2021-09-10,PAT,2463,1277,1186,738,1646,79,0,ITH,ITH2,4,Provincia Autonoma Trento,P.A. Trento,541380,277708,51.3,0.45
1699,2021-06-02,PAT,2884,1383,1501,894,1916,74,0,ITH,ITH2,4,Provincia Autonoma Trento,P.A. Trento,541380,280592,51.83,0.53
1700,2021-03-30,PAT,2467,999,1468,1672,693,102,0,ITH,ITH2,4,Provincia Autonoma Trento,P.A. Trento,541380,283059,52.28,0.46
1701,2021-03-13,PAT,965,496,469,841,48,76,0,ITH,ITH2,4,Provincia Autonoma Trento,P.A. Trento,541380,284024,52.46,0.18
1702,2021-07-05,PAT,5436,2850,2586,3789,1394,253,0,ITH,ITH2,4,Provincia Autonoma Trento,P.A. Trento,541380,289460,53.47,1.0
1703,2021-09-12,PAT,7,4,3,3,4,0,0,ITH,ITH2,4,Provincia Autonoma Trento,P.A. Trento,541380,289467,53.47,0.0
1704,2021-06-21,PAT,6261,3387,2874,3644,2426,191,0,ITH,ITH2,4,Provincia Autonoma Trento,P.A. Trento,541380,295728,54.62,1.16
1705,2021-09-17,PAT,1532,802,730,526,960,46,0,ITH,ITH2,4,Provincia Autonoma Trento,P.A. Trento,541380,297260,54.91,0.28
1706,2021-08-05,PAT,6394,3496,2898,2951,3320,123,0,ITH,ITH2,4,Provincia Autonoma Trento,P.A. Trento,541380,303654,56.09,1.18
1707,2021-08-12,PAT,5713,3053,2660,2211,3326,176,0,ITH,ITH2,4,Provincia Autonoma Trento,P.A. Trento,541380,309367,57.14,1.06
1708,2021-07-29,PAT,5493,2921,2572,2641,2720,132,0,ITH,ITH2,4,Provincia Autonoma Trento,P.A. Trento,541380,314860,58.16,1.01
1709,2021-08-21,PAT,1324,786,538,601,680,43,0,ITH,ITH2,4,Provincia Autonoma Trento,P.A. Trento,541380,316184,58.4,0.24
1710,2021-06-25,PAT,7805,4162,3643,4161,3449,195,0,ITH,ITH2,4,Provincia Autonoma Trento,P.A. Trento,541380,323989,59.85,1.44
1711,2021-05-07,PAT,6092,3133,2959,4854,854,384,0,ITH,ITH2,4,Provincia Autonoma Trento,P.A. Trento,541380,330081,60.97,1.13
1712,2021-04-20,PAT,2910,1388,1522,2692,37,181,0,ITH,ITH2,4,Provincia Autonoma Trento,P.A. Trento,541380,332991,61.51,0.54
1713,2021-05-09,PAT,2357,1226,1131,1869,347,141,0,ITH,ITH2,4,Provincia Autonoma Trento,P.A. Trento,541380,335348,61.94,0.44
1714,2021-08-17,PAT,5479,2894,2585,1961,3379,139,0,ITH,ITH2,4,Provincia Autonoma Trento,P.A. Trento,541380,340827,62.96,1.01
1715,2021-02-15,PAT,547,193,354,419,126,2,0,ITH,ITH2,4,Provincia Autonoma Trento,P.A. Trento,541380,341374,63.06,0.1
1716,2021-05-26,PAT,3969,1873,2096,1118,2728,123,0,ITH,ITH2,4,Provincia Autonoma Trento,P.A. Trento,541380,345343,63.79,0.73
1717,2021-08-02,PAT,5383,2852,2531,1607,3704,72,0,ITH,ITH2,4,Provincia Autonoma Trento,P.A. Trento,541380,350726,64.78,0.99
1718,2021-02-12,PAT,1033,346,687,592,439,2,0,ITH,ITH2,4,Provincia Autonoma Trento,P.A. Trento,541380,351759,64.97,0.19
1719,2021-03-11,PAT,2632,988,1644,1512,1060,60,0,ITH,ITH2,4,Provincia Autonoma Trento,P.A. Trento,541380,354391,65.46,0.49
1720,2021-07-22,PAT,4786,2590,2196,1896,2741,149,0,ITH,ITH2,4,Provincia Autonoma Trento,P.A. Trento,541380,359177,66.34,0.88
1721,2021-07-07,PAT,4533,2435,2098,2921,1410,202,0,ITH,ITH2,4,Provincia Autonoma Trento,P.A. Trento,541380,363710,67.18,0.84
1722,2021-01-03,PAT,503,166,337,503,0,0,0,ITH,ITH2,4,Provincia Autonoma Trento,P.A. Trento,541380,364213,67.27,0.09
1723,2021-06-06,PAT,2269,1080,1189,431,1817,21,0,ITH,ITH2,4,Provincia Autonoma Trento,P.A. Trento,541380,366482,67.69,0.42
1724,2021-09-14,PAT,1975,987,988,581,1346,48,0,ITH,ITH2,4,Provincia Autonoma Trento,P.A. Trento,541380,368457,68.06,0.36
1725,2021-07-12,PAT,4279,2155,2124,2033,2044,202,0,ITH,ITH2,4,Provincia Autonoma Trento,P.A. Trento,541380,372736,68.85,0.79
1726,2021-02-17,PAT,1175,450,725,1058,112,5,0,ITH,ITH2,4,Provincia Autonoma Trento,P.A. Trento,541380,373911,69.07,0.22
1727,2021-09-16,PAT,1816,919,897,551,1213,52,0,ITH,ITH2,4,Provincia Autonoma Trento,P.A. Trento,541380,375727,69.4,0.34
1728,2021-06-16,PAT,6329,3418,2911,1990,4215,124,0,ITH,ITH2,4,Provincia Autonoma Trento,P.A. Trento,541380,382056,70.57,1.17
1729,2021-03-15,PAT,1453,573,880,929,469,55,0,ITH,ITH2,4,Provincia Autonoma Trento,P.A. Trento,541380,383509,70.84,0.27
1730,2021-08-19,PAT,4638,2487,2151,1112,3441,85,0,ITH,ITH2,4,Provincia Autonoma Trento,P.A. Trento,541380,388147,71.7,0.86
1731,2021-01-17,PAT,255,199,56,255,0,0,0,ITH,ITH2,4,Provincia Autonoma Trento,P.A. Trento,541380,388402,71.74,0.05
1732,2021-06-23,PAT,6696,3547,3149,4626,1872,198,0,ITH,ITH2,4,Provincia Autonoma Trento,P.A. Trento,541380,395098,72.98,1.24
1733,2021-03-01,PAT,1256,460,796,928,303,25,0,ITH,ITH2,4,Provincia Autonoma Trento,P.A. Trento,541380,396354,73.21,0.23
1734,2021-03-20,PAT,888,409,479,663,211,14,0,ITH,ITH2,4,Provincia Autonoma Trento,P.A. Trento,541380,397242,73.38,0.16
1735,2021-03-03,PAT,1672,628,1044,1115,520,37,0,ITH,ITH2,4,Provincia Autonoma Trento,P.A. Trento,541380,398914,73.68,0.31
1736,2021-09-02,PAT,3357,1756,1601,950,2358,49,0,ITH,ITH2,4,Provincia Autonoma Trento,P.A. Trento,541380,402271,74.3,0.62
1737,2021-06-11,PAT,7315,3480,3835,1493,5715,107,0,ITH,ITH2,4,Provincia Autonoma Trento,P.A. Trento,541380,409586,75.66,1.35
1738,2021-06-13,PAT,3735,2062,1673,279,3430,26,0,ITH,ITH2,4,Provincia Autonoma Trento,P.A. Trento,541380,413321,76.35,0.69
1739,2021-08-14,PAT,290,156,134,50,237,3,0,ITH,ITH2,4,Provincia Autonoma Trento,P.A. Trento,541380,413611,76.4,0.05
1740,2021-07-02,PAT,7433,4041,3392,3577,3598,258,0,ITH,ITH2,4,Provincia Autonoma Trento,P.A. Trento,541380,421044,77.77,1.37
1741,2021-01-15,PAT,628,149,479,627,0,1,0,ITH,ITH2,4,Provincia Autonoma Trento,P.A. Trento,541380,421672,77.89,0.12
1742,2021-04-29,PAT,4706,2268,2438,4176,214,316,0,ITH,ITH2,4,Provincia Autonoma Trento,P.A. Trento,541380,426378,78.76,0.87
1743,2021-08-07,PAT,1631,935,696,817,771,43,0,ITH,ITH2,4,Provincia Autonoma Trento,P.A. Trento,541380,428009,79.06,0.3
1744,2021-01-22,PAT,1748,459,1289,350,1396,2,0,ITH,ITH2,4,Provincia Autonoma Trento,P.A. Trento,541380,429757,79.38,0.32
1745,2021-02-05,PAT,835,288,547,285,550,0,0,ITH,ITH2,4,Provincia Autonoma Trento,P.A. Trento,541380,430592,79.54,0.15
1746,2021-05-16,PAT,1361,759,602,1043,248,70,0,ITH,ITH2,4,Provincia Autonoma Trento,P.A. Trento,541380,431953,79.79,0.25
1747,2021-01-05,PAT,759,262,497,759,0,0,0,ITH,ITH2,4,Provincia Autonoma Trento,P.A. Trento,541380,432712,79.93,0.14
1748,2021-04-15,PAT,3234,1459,1775,2830,156,248,0,ITH,ITH2,4,Provincia Autonoma Trento,P.A. Trento,541380,435946,80.52,0.6
1749,2021-07-21,PAT,4716,2527,2189,1521,3089,106,0,ITH,ITH2,4,Provincia Autonoma Trento,P.A. Trento,541380,440662,81.4,0.87
1750,2021-08-09,PAT,5360,2859,2501,2297,2921,142,0,ITH,ITH2,4,Provincia Autonoma Trento,P.A. Trento,541380,446022,82.39,0.99
1751,2021-08-26,PAT,4137,2170,1967,1075,2959,103,0,ITH,ITH2,4,Provincia Autonoma Trento,P.A. Trento,541380,450159,83.15,0.76
1752,2021-05-30,PAT,1777,876,901,864,843,70,0,ITH,ITH2,4,Provincia Autonoma Trento,P.A. Trento,541380,451936,83.48,0.33
1753,2021-04-03,PAT,1183,487,696,936,178,69,0,ITH,ITH2,4,Provincia Autonoma Trento,P.A. Trento,541380,453119,83.7,0.22
1754,2021-09-07,PAT,2906,1496,1410,840,1993,73,0,ITH,ITH2,4,Provincia Autonoma Trento,P.A. Trento,541380,456025,84.23,0.54
1755,2021-04-24,PAT,3583,1716,1867,3355,16,212,0,ITH,ITH2,4,Provincia Autonoma Trento,P.A. Trento,541380,459608,84.9,0.66
1756,2021-05-20,PAT,5129,2409,2720,3154,1690,285,0,ITH,ITH2,4,Provincia Autonoma Trento,P.A. Trento,541380,464737,85.84,0.95
1757,2021-03-24,PAT,2417,963,1454,1467,827,123,0,ITH,ITH2,4,Provincia Autonoma Trento,P.A. Trento,541380,467154,86.29,0.45
1758,2021-02-09,PAT,952,303,649,448,503,1,0,ITH,ITH2,4,Provincia Autonoma Trento,P.A. Trento,541380,468106,86.47,0.18
1759,2021-03-17,PAT,2131,813,1318,1130,907,94,0,ITH,ITH2,4,Provincia Autonoma Trento,P.A. Trento,541380,470237,86.86,0.39
1760,2021-05-11,PAT,3745,1770,1975,2640,863,242,0,ITH,ITH2,4,Provincia Autonoma Trento,P.A. Trento,541380,473982,87.55,0.69
1761,2021-04-27,PAT,3958,1903,2055,3595,70,293,0,ITH,ITH2,4,Provincia Autonoma Trento,P.A. Trento,541380,477940,88.28,0.73
1762,2021-05-04,PAT,4574,2490,2084,4172,97,305,0,ITH,ITH2,4,Provincia Autonoma Trento,P.A. Trento,541380,482514,89.13,0.84
1763,2020-12-27,PAT,107,43,64,107,0,0,0,ITH,ITH2,4,Provincia Autonoma Trento,P.A. Trento,541380,482621,89.15,0.02
1764,2021-09-21,PAT,2388,1254,1134,1087,1226,63,12,ITH,ITH2,4,Provincia Autonoma Trento,P.A. Trento,541380,485009,89.59,0.44
1765,2021-07-30,PAT,5864,3103,2761,2290,3450,124,0,ITH,ITH2,4,Provincia Autonoma Trento,P.A. Trento,541380,490873,90.67,1.08
1766,2021-06-18,PAT,7069,3761,3308,1783,5190,96,0,ITH,ITH2,4,Provincia Autonoma Trento,P.A. Trento,541380,497942,91.98,1.31
1767,2021-03-27,PAT,1673,747,926,1322,263,88,0,ITH,ITH2,4,Provincia Autonoma Trento,P.A. Trento,541380,499615,92.29,0.31
1768,2021-06-04,PAT,5932,2653,3279,1730,4063,139,0,ITH,ITH2,4,Provincia Autonoma Trento,P.A. Trento,541380,505547,93.38,1.1
1769,2021-02-22,PAT,755,262,493,663,86,6,0,ITH,ITH2,4,Provincia Autonoma Trento,P.A. Trento,541380,506302,93.52,0.14
1770,2021-05-18,PAT,4325,2048,2277,3170,870,285,0,ITH,ITH2,4,Provincia Autonoma Trento,P.A. Trento,541380,510627,94.32,0.8
1771,2021-09-09,PAT,1714,850,864,596,1062,56,0,ITH,ITH2,4,Provincia Autonoma Trento,P.A. Trento,541380,512341,94.64,0.32
1772,2021-01-10,PAT,87,20,67,87,0,0,0,ITH,ITH2,4,Provincia Autonoma Trento,P.A. Trento,541380,512428,94.65,0.02
1773,2021-01-29,PAT,1427,364,1063,56,1371,0,0,ITH,ITH2,4,Provincia Autonoma Trento,P.A. Trento,541380,513855,94.92,0.26
1774,2021-07-14,PAT,4202,2184,2018,1696,2357,149,0,ITH,ITH2,4,Provincia Autonoma Trento,P.A. Trento,541380,518057,95.69,0.78
1775,2021-04-22,PAT,3178,1484,1694,2947,46,185,0,ITH,ITH2,4,Provincia Autonoma Trento,P.A. Trento,541380,521235,96.28,0.59
1776,2021-02-26,PAT,1257,445,812,932,299,26,0,ITH,ITH2,4,Provincia Autonoma Trento,P.A. Trento,541380,522492,96.51,0.23
1777,2021-01-14,PAT,731,218,513,729,0,2,0,ITH,ITH2,4,Provincia Autonoma Trento,P.A. Trento,541380,523223,96.65,0.14
1778,2021-02-28,PAT,246,122,124,236,0,10,0,ITH,ITH2,4,Provincia Autonoma Trento,P.A. Trento,541380,523469,96.69,0.05
1779,2021-08-04,PAT,6216,3316,2900,2578,3500,138,0,ITH,ITH2,4,Provincia Autonoma Trento,P.A. Trento,541380,529685,97.84,1.15
1780,2021-06-08,PAT,6048,2920,3128,1781,4133,134,0,ITH,ITH2,4,Provincia Autonoma Trento,P.A. Trento,541380,535733,98.96,1.12
1781,2021-04-26,PAT,2676,1260,1416,2411,96,169,0,ITH,ITH2,4,Provincia Autonoma Trento,P.A. Trento,541380,538409,99.45,0.49
1782,2021-03-08,PAT,1427,439,988,1043,354,30,0,ITH,ITH2,4,Provincia Autonoma Trento,P.A. Trento,541380,539836,99.71,0.26
1783,2021-03-22,PAT,2350,995,1355,1406,885,59,0,ITH,ITH2,4,Provincia Autonoma Trento,P.A. Trento,541380,542186,100.15,0.43
1784,2021-01-24,PAT,562,285,277,226,336,0,0,ITH,ITH2,4,Provincia Autonoma Trento,P.A. Trento,541380,542748,100.25,0.1
1785,2021-06-30,PAT,6885,3536,3349,2680,4057,148,0,ITH,ITH2,4,Provincia Autonoma Trento,P.A. Trento,541380,549633,101.52,1.27
1786,2021-02-02,PAT,943,255,688,192,751,0,0,ITH,ITH2,4,Provincia Autonoma Trento,P.A. Trento,541380,550576,101.7,0.17
1787,2021-07-09,PAT,5163,2739,2424,3051,1889,223,0,ITH,ITH2,4,Provincia Autonoma Trento,P.A. Trento,541380,555739,102.65,0.95
1788,2021-05-13,PAT,3459,1608,1851,2101,1127,231,0,ITH,ITH2,4,Provincia Autonoma Trento,P.A. Trento,541380,559198,103.29,0.64
1789,2021-03-31,PAT,2627,1002,1625,1659,868,100,0,ITH,ITH2,4,Provincia Autonoma Trento,P.A. Trento,541380,561825,103.78,0.49
1790,2021-08-16,PAT,4867,2571,2296,1820,2931,116,0,ITH,ITH2,4,Provincia Autonoma Trento,P.A. Trento,541380,566692,104.68,0.9
1791,2021-05-25,PAT,4871,2317,2554,1743,2976,152,0,ITH,ITH2,4,Provincia Autonoma Trento,P.A. Trento,541380,571563,105.58,0.9
1792,2021-05-08,PAT,3196,1744,1452,2570,426,200,0,ITH,ITH2,4,Provincia Autonoma Trento,P.A. Trento,541380,574759,106.17,0.59
1793,2021-02-24,PAT,1373,543,830,943,406,24,0,ITH,ITH2,4,Provincia Autonoma Trento,P.A. Trento,541380,576132,106.42,0.25
1794,2021-06-03,PAT,4845,2279,2566,1237,3515,93,0,ITH,ITH2,4,Provincia Autonoma Trento,P.A. Trento,541380,580977,107.31,0.89
1795,2021-09-11,PAT,697,397,300,469,192,36,0,ITH,ITH2,4,Provincia Autonoma Trento,P.A. Trento,541380,581674,107.44,0.13
1796,2021-03-12,PAT,2603,991,1612,1709,815,79,0,ITH,ITH2,4,Provincia Autonoma Trento,P.A. Trento,541380,584277,107.92,0.48
1797,2021-06-20,PAT,1901,1051,850,31,1865,5,0,ITH,ITH2,4,Provincia Autonoma Trento,P.A. Trento,541380,586178,108.27,0.35
1798,2021-09-13,PAT,2428,1303,1125,820,1548,60,0,ITH,ITH2,4,Provincia Autonoma Trento,P.A. Trento,541380,588606,108.72,0.45
1799,2021-01-02,PAT,522,149,373,522,0,0,0,ITH,ITH2,4,Provincia Autonoma Trento,P.A. Trento,541380,589128,108.82,0.1
1800,2021-03-29,PAT,2573,1011,1562,1699,743,131,0,ITH,ITH2,4,Provincia Autonoma Trento,P.A. Trento,541380,591701,109.29,0.48
1801,2021-07-31,PAT,1500,859,641,1076,383,41,0,ITH,ITH2,4,Provincia Autonoma Trento,P.A. Trento,541380,593201,109.57,0.28
1802,2021-04-07,PAT,2656,1029,1627,1577,955,124,0,ITH,ITH2,4,Provincia Autonoma Trento,P.A. Trento,541380,595857,110.06,0.49
1803,2021-07-16,PAT,4606,2375,2231,1728,2712,166,0,ITH,ITH2,4,Provincia Autonoma Trento,P.A. Trento,541380,600463,110.91,0.85
1804,2021-02-19,PAT,945,366,579,847,65,33,0,ITH,ITH2,4,Provincia Autonoma Trento,P.A. Trento,541380,601408,111.09,0.17
1805,2021-08-11,PAT,5851,3152,2699,3105,2582,164,0,ITH,ITH2,4,Provincia Autonoma Trento,P.A. Trento,541380,607259,112.17,1.08
1806,2021-01-31,PAT,77,16,61,1,76,0,0,ITH,ITH2,4,Provincia Autonoma Trento,P.A. Trento,541380,607336,112.18,0.01
1807,2021-07-04,PAT,225,125,100,66,157,2,0,ITH,ITH2,4,Provincia Autonoma Trento,P.A. Trento,541380,607561,112.22,0.04
1808,2021-04-12,PAT,3157,1455,1702,2526,505,126,0,ITH,ITH2,4,Provincia Autonoma Trento,P.A. Trento,541380,610718,112.81,0.58
1809,2021-01-21,PAT,376,104,272,247,129,0,0,ITH,ITH2,4,Provincia Autonoma Trento,P.A. Trento,541380,611094,112.88,0.07
1810,2021-05-01,PAT,4891,2486,2405,4551,37,303,0,ITH,ITH2,4,Provincia Autonoma Trento,P.A. Trento,541380,615985,113.78,0.9
1811,2021-02-21,PAT,158,95,63,44,114,0,0,ITH,ITH2,4,Provincia Autonoma Trento,P.A. Trento,541380,616143,113.81,0.03
1812,2021-01-19,PAT,434,89,345,434,0,0,0,ITH,ITH2,4,Provincia Autonoma Trento,P.A. Trento,541380,616577,113.89,0.08
1813,2021-07-23,PAT,4777,2448,2329,1663,2961,153,0,ITH,ITH2,4,Provincia Autonoma Trento,P.A. Trento,541380,621354,114.77,0.88
1814,2021-03-10,PAT,2486,973,1513,1473,948,65,0,ITH,ITH2,4,Provincia Autonoma Trento,P.A. Trento,541380,623840,115.23,0.46
1815,2021-02-14,PAT,250,189,61,11,239,0,0,ITH,ITH2,4,Provincia Autonoma Trento,P.A. Trento,541380,624090,115.28,0.05
1816,2021-08-18,PAT,4643,2556,2087,1441,3113,89,0,ITH,ITH2,4,Provincia Autonoma Trento,P.A. Trento,541380,628733,116.14,0.86
1817,2021-05-27,PAT,4381,2035,2346,1164,3083,134,0,ITH,ITH2,4,Provincia Autonoma Trento,P.A. Trento,541380,633114,116.94,0.81
1818,2021-09-04,PAT,937,547,390,483,415,39,0,ITH,ITH2,4,Provincia Autonoma Trento,P.A. Trento,541380,634051,117.12,0.17
1819,2021-09-18,PAT,1607,941,666,871,684,52,0,ITH,ITH2,4,Provincia Autonoma Trento,P.A. Trento,541380,635658,117.41,0.3
1820,2021-06-27,PAT,1368,735,633,394,961,13,0,ITH,ITH2,4,Provincia Autonoma Trento,P.A. Trento,541380,637026,117.67,0.25
1821,2021-01-12,PAT,542,174,368,541,0,1,0,ITH,ITH2,4,Provincia Autonoma Trento,P.A. Trento,541380,637568,117.77,0.1
1822,2021-01-26,PAT,577,173,404,28,549,0,0,ITH,ITH2,4,Provincia Autonoma Trento,P.A. Trento,541380,638145,117.87,0.11
1823,2021-05-06,PAT,5618,2795,2823,4446,795,377,0,ITH,ITH2,4,Provincia Autonoma Trento,P.A. Trento,541380,643763,118.91,1.04
1824,2021-05-15,PAT,1610,838,772,650,918,42,0,ITH,ITH2,4,Provincia Autonoma Trento,P.A. Trento,541380,645373,119.21,0.3
1825,2021-06-01,PAT,4108,1926,2182,1080,2913,115,0,ITH,ITH2,4,Provincia Autonoma Trento,P.A. Trento,541380,649481,119.97,0.76
1826,2021-08-30,PAT,3906,1988,1918,1184,2605,117,0,ITH,ITH2,4,Provincia Autonoma Trento,P.A. Trento,541380,653387,120.69,0.72
1827,2021-08-23,PAT,4344,2292,2052,1430,2746,168,0,ITH,ITH2,4,Provincia Autonoma Trento,P.A. Trento,541380,657731,121.49,0.8
1828,2021-09-06,PAT,3142,1650,1492,970,2069,103,0,ITH,ITH2,4,Provincia Autonoma Trento,P.A. Trento,541380,660873,122.07,0.58
1829,2021-07-11,PAT,1037,567,470,131,897,9,0,ITH,ITH2,4,Provincia Autonoma Trento,P.A. Trento,541380,661910,122.26,0.19
1830,2021-03-19,PAT,2467,925,1542,1503,881,83,0,ITH,ITH2,4,Provincia Autonoma Trento,P.A. Trento,541380,664377,122.72,0.46
1831,2021-04-05,PAT,35,17,18,30,2,3,0,ITH,ITH2,4,Provincia Autonoma Trento,P.A. Trento,541380,664412,122.73,0.01
1832,2021-06-24,PAT,6058,3172,2886,3647,2210,201,0,ITH,ITH2,4,Provincia Autonoma Trento,P.A. Trento,541380,670470,123.84,1.12
1833,2021-05-12,PAT,3352,1513,1839,1961,1221,170,0,ITH,ITH2,4,Provincia Autonoma Trento,P.A. Trento,541380,673822,124.46,0.62
1834,2021-03-16,PAT,1407,514,893,581,792,34,0,ITH,ITH2,4,Provincia Autonoma Trento,P.A. Trento,541380,675229,124.72,0.26
1835,2021-08-20,PAT,5232,2889,2343,1492,3636,104,0,ITH,ITH2,4,Provincia Autonoma Trento,P.A. Trento,541380,680461,125.69,0.97
1836,2021-05-14,PAT,5450,2616,2834,3717,1431,302,0,ITH,ITH2,4,Provincia Autonoma Trento,P.A. Trento,541380,685911,126.7,1.01
1837,2021-08-22,PAT,411,246,165,224,171,16,0,ITH,ITH2,4,Provincia Autonoma Trento,P.A. Trento,541380,686322,126.77,0.08
1838,2021-02-08,PAT,1195,333,862,348,847,0,0,ITH,ITH2,4,Provincia Autonoma Trento,P.A. Trento,541380,687517,126.99,0.22
1839,2021-08-29,PAT,617,347,270,309,283,25,0,ITH,ITH2,4,Provincia Autonoma Trento,P.A. Trento,541380,688134,127.11,0.11
1840,2021-07-17,PAT,1100,537,563,270,809,21,0,ITH,ITH2,4,Provincia Autonoma Trento,P.A. Trento,541380,689234,127.31,0.2
1841,2021-05-21,PAT,5218,2507,2711,3136,1808,274,0,ITH,ITH2,4,Provincia Autonoma Trento,P.A. Trento,541380,694452,128.27,0.96
1842,2021-02-01,PAT,1278,356,922,98,1180,0,0,ITH,ITH2,4,Provincia Autonoma Trento,P.A. Trento,541380,695730,128.51,0.24
1843,2021-08-31,PAT,4418,2300,2118,1249,3066,103,0,ITH,ITH2,4,Provincia Autonoma Trento,P.A. Trento,541380,700148,129.33,0.82
1844,2021-02-03,PAT,877,326,551,417,460,0,0,ITH,ITH2,4,Provincia Autonoma Trento,P.A. Trento,541380,701025,129.49,0.16
1845,2021-07-19,PAT,4819,2538,2281,1453,3227,139,0,ITH,ITH2,4,Provincia Autonoma Trento,P.A. Trento,541380,705844,130.38,0.89
1846,2021-05-23,PAT,1995,1015,980,430,1535,30,0,ITH,ITH2,4,Provincia Autonoma Trento,P.A. Trento,541380,707839,130.75,0.37
1847,2021-04-10,PAT,2879,1352,1527,1996,804,79,0,ITH,ITH2,4,Provincia Autonoma Trento,P.A. Trento,541380,710718,131.28,0.53
1848,2021-02-10,PAT,872,295,577,513,358,1,0,ITH,ITH2,4,Provincia Autonoma Trento,P.A. Trento,541380,711590,131.44,0.16
1849,2021-07-26,PAT,3903,2058,1845,833,2996,74,0,ITH,ITH2,4,Provincia Autonoma Trento,P.A. Trento,541380,715493,132.16,0.72
1850,2021-04-08,PAT,3182,1336,1846,1955,1133,94,0,ITH,ITH2,4,Provincia Autonoma Trento,P.A. Trento,541380,718675,132.75,0.59
1851,2020-12-31,PAT,1701,480,1221,1701,0,0,0,ITH,ITH2,4,Provincia Autonoma Trento,P.A. Trento,541380,720376,133.06,0.31
1852,2021-06-22,PAT,6387,3479,2908,3628,2568,191,0,ITH,ITH2,4,Provincia Autonoma Trento,P.A. Trento,541380,726763,134.24,1.18
1853,2021-03-05,PAT,2311,736,1575,1646,569,96,0,ITH,ITH2,4,Provincia Autonoma Trento,P.A. Trento,541380,729074,134.67,0.43
1854,2021-01-07,PAT,1301,328,973,1298,0,3,0,ITH,ITH2,4,Provincia Autonoma Trento,P.A. Trento,541380,730375,134.91,0.24
1855,2021-04-17,PAT,2254,1149,1105,2091,57,106,0,ITH,ITH2,4,Provincia Autonoma Trento,P.A. Trento,541380,732629,135.33,0.42
1856,2021-04-19,PAT,2646,1244,1402,2428,23,195,0,ITH,ITH2,4,Provincia Autonoma Trento,P.A. Trento,541380,735275,135.81,0.49
1857,2021-07-28,PAT,4877,2673,2204,2159,2574,144,0,ITH,ITH2,4,Provincia Autonoma Trento,P.A. Trento,541380,740152,136.72,0.9
1858,2021-06-15,PAT,6336,3343,2993,1630,4567,139,0,ITH,ITH2,4,Provincia Autonoma Trento,P.A. Trento,541380,746488,137.89,1.17
1859,2021-06-27,MOL,2389,1129,1260,1141,1237,11,0,ITF,ITF2,14,Molise,Molise,305617,2389,0.78,0.78
1860,2021-09-18,MOL,1317,741,576,466,836,15,0,ITF,ITF2,14,Molise,Molise,305617,3706,1.21,0.43
1861,2021-01-07,MOL,602,210,392,602,0,0,0,ITF,ITF2,14,Molise,Molise,305617,4308,1.41,0.2
1862,2021-02-12,MOL,337,152,185,212,124,1,0,ITF,ITF2,14,Molise,Molise,305617,4645,1.52,0.11
1863,2021-07-14,MOL,3444,1684,1760,211,3216,17,0,ITF,ITF2,14,Molise,Molise,305617,8089,2.65,1.13
1864,2021-08-23,MOL,1725,934,791,270,1442,13,0,ITF,ITF2,14,Molise,Molise,305617,9814,3.21,0.56
1865,2021-02-19,MOL,171,95,76,169,2,0,0,ITF,ITF2,14,Molise,Molise,305617,9985,3.27,0.06
1866,2021-03-10,MOL,1752,726,1026,1678,50,24,0,ITF,ITF2,14,Molise,Molise,305617,11737,3.84,0.57
1867,2021-05-01,MOL,2676,1284,1392,408,2234,34,0,ITF,ITF2,14,Molise,Molise,305617,14413,4.72,0.88
1868,2021-03-05,MOL,1235,659,576,1011,209,15,0,ITF,ITF2,14,Molise,Molise,305617,15648,5.12,0.4
1869,2021-08-09,MOL,3447,1782,1665,1633,1763,51,0,ITF,ITF2,14,Molise,Molise,305617,19095,6.25,1.13
1870,2021-06-13,MOL,2951,1569,1382,2576,329,46,0,ITF,ITF2,14,Molise,Molise,305617,22046,7.21,0.97
1871,2021-04-17,MOL,3105,1529,1576,1555,1505,45,0,ITF,ITF2,14,Molise,Molise,305617,25151,8.23,1.02
1872,2021-01-26,MOL,450,184,266,8,442,0,0,ITF,ITF2,14,Molise,Molise,305617,25601,8.38,0.15
1873,2021-05-06,MOL,2756,1247,1509,2061,616,79,0,ITF,ITF2,14,Molise,Molise,305617,28357,9.28,0.9
1874,2021-03-24,MOL,1657,662,995,1221,402,34,0,ITF,ITF2,14,Molise,Molise,305617,30014,9.82,0.54
1875,2021-07-02,MOL,2720,1319,1401,137,2572,11,0,ITF,ITF2,14,Molise,Molise,305617,32734,10.71,0.89
1876,2021-02-07,MOL,67,32,35,20,47,0,0,ITF,ITF2,14,Molise,Molise,305617,32801,10.73,0.02
1877,2021-05-18,MOL,1687,899,788,1016,658,13,0,ITF,ITF2,14,Molise,Molise,305617,34488,11.28,0.55
1878,2021-03-22,MOL,1172,450,722,897,245,30,0,ITF,ITF2,14,Molise,Molise,305617,35660,11.67,0.38
1879,2021-07-23,MOL,2942,1531,1411,878,2004,60,0,ITF,ITF2,14,Molise,Molise,305617,38602,12.63,0.96
1880,2021-09-04,MOL,1639,904,735,686,931,22,0,ITF,ITF2,14,Molise,Molise,305617,40241,13.17,0.54
1881,2021-08-28,MOL,1743,972,771,658,1069,16,0,ITF,ITF2,14,Molise,Molise,305617,41984,13.74,0.57
1882,2021-08-11,MOL,2025,1059,966,1145,816,64,0,ITF,ITF2,14,Molise,Molise,305617,44009,14.4,0.66
1883,2021-08-16,MOL,1786,926,860,829,941,16,0,ITF,ITF2,14,Molise,Molise,305617,45795,14.98,0.58
1884,2021-03-15,MOL,855,350,505,577,245,33,0,ITF,ITF2,14,Molise,Molise,305617,46650,15.26,0.28
1885,2021-04-05,MOL,392,190,202,293,99,0,0,ITF,ITF2,14,Molise,Molise,305617,47042,15.39,0.13
1886,2021-03-29,MOL,2072,846,1226,1524,489,59,0,ITF,ITF2,14,Molise,Molise,305617,49114,16.07,0.68
1887,2021-01-31,MOL,268,70,198,6,262,0,0,ITF,ITF2,14,Molise,Molise,305617,49382,16.16,0.09
1888,2021-09-11,MOL,1228,690,538,179,1037,12,0,ITF,ITF2,14,Molise,Molise,305617,50610,16.56,0.4
1889,2021-07-16,MOL,3186,1614,1572,405,2751,30,0,ITF,ITF2,14,Molise,Molise,305617,53796,17.6,1.04
1890,2021-07-09,MOL,3450,1659,1791,168,3264,18,0,ITF,ITF2,14,Molise,Molise,305617,57246,18.73,1.13
1891,2021-06-20,MOL,424,174,250,48,372,4,0,ITF,ITF2,14,Molise,Molise,305617,57670,18.87,0.14
1892,2021-04-24,MOL,2583,1217,1366,703,1852,28,0,ITF,ITF2,14,Molise,Molise,305617,60253,19.72,0.85
1893,2021-02-26,MOL,567,262,305,492,74,1,0,ITF,ITF2,14,Molise,Molise,305617,60820,19.9,0.19
1894,2021-08-02,MOL,2733,1426,1307,1207,1478,48,0,ITF,ITF2,14,Molise,Molise,305617,63553,20.79,0.89
1895,2021-06-06,MOL,2133,1094,1039,1773,329,31,0,ITF,ITF2,14,Molise,Molise,305617,65686,21.49,0.7
1896,2021-06-01,MOL,2650,1346,1304,2485,117,48,0,ITF,ITF2,14,Molise,Molise,305617,68336,22.36,0.87
1897,2021-09-09,MOL,1201,624,577,416,769,16,0,ITF,ITF2,14,Molise,Molise,305617,69537,22.75,0.39
1898,2021-05-13,MOL,3116,1448,1668,2557,461,98,0,ITF,ITF2,14,Molise,Molise,305617,72653,23.77,1.02
1899,2021-07-04,MOL,2162,1091,1071,585,1554,23,0,ITF,ITF2,14,Molise,Molise,305617,74815,24.48,0.71
1900,2021-01-17,MOL,78,38,40,48,30,0,0,ITF,ITF2,14,Molise,Molise,305617,74893,24.51,0.03
1901,2021-04-10,MOL,2686,1279,1407,2467,154,65,0,ITF,ITF2,14,Molise,Molise,305617,77579,25.38,0.88
1902,2021-02-05,MOL,599,271,328,56,543,0,0,ITF,ITF2,14,Molise,Molise,305617,78178,25.58,0.2
1903,2021-01-19,MOL,174,63,111,163,11,0,0,ITF,ITF2,14,Molise,Molise,305617,78352,25.64,0.06
1904,2021-07-28,MOL,2463,1308,1155,1153,1275,35,0,ITF,ITF2,14,Molise,Molise,305617,80815,26.44,0.81
1905,2021-03-17,MOL,977,407,570,526,333,118,0,ITF,ITF2,14,Molise,Molise,305617,81792,26.76,0.32
1906,2021-06-25,MOL,3465,1706,1759,1480,1922,63,0,ITF,ITF2,14,Molise,Molise,305617,85257,27.9,1.13
1907,2021-05-20,MOL,2752,1418,1334,2424,190,138,0,ITF,ITF2,14,Molise,Molise,305617,88009,28.8,0.9
1908,2021-01-12,MOL,337,114,223,337,0,0,0,ITF,ITF2,14,Molise,Molise,305617,88346,28.91,0.11
1909,2021-02-24,MOL,672,281,391,326,338,8,0,ITF,ITF2,14,Molise,Molise,305617,89018,29.13,0.22
1910,2021-08-30,MOL,1699,913,786,229,1451,19,0,ITF,ITF2,14,Molise,Molise,305617,90717,29.68,0.56
1911,2021-06-24,MOL,3365,1566,1799,445,2882,38,0,ITF,ITF2,14,Molise,Molise,305617,94082,30.78,1.1
1912,2021-03-02,MOL,675,388,287,508,159,8,0,ITF,ITF2,14,Molise,Molise,305617,94757,31.01,0.22
1913,2021-06-10,MOL,2640,1214,1426,1290,1301,49,0,ITF,ITF2,14,Molise,Molise,305617,97397,31.87,0.86
1914,2021-03-31,MOL,2272,938,1334,1322,820,130,0,ITF,ITF2,14,Molise,Molise,305617,99669,32.61,0.74
1915,2021-03-19,MOL,1210,489,721,748,430,32,0,ITF,ITF2,14,Molise,Molise,305617,100879,33.01,0.4
1916,2021-01-21,MOL,6,2,4,6,0,0,0,ITF,ITF2,14,Molise,Molise,305617,100885,33.01,0.0
1917,2021-08-20,MOL,2463,1296,1167,507,1936,20,0,ITF,ITF2,14,Molise,Molise,305617,103348,33.82,0.81
1918,2021-01-28,MOL,617,218,399,19,598,0,0,ITF,ITF2,14,Molise,Molise,305617,103965,34.02,0.2
1919,2021-03-12,MOL,1474,642,832,1410,36,28,0,ITF,ITF2,14,Molise,Molise,305617,105439,34.5,0.48
1920,2021-01-14,MOL,653,240,413,653,0,0,0,ITF,ITF2,14,Molise,Molise,305617,106092,34.71,0.21
1921,2021-08-21,MOL,2171,1221,950,1102,1017,52,0,ITF,ITF2,14,Molise,Molise,305617,108263,35.42,0.71
1922,2021-08-04,MOL,2528,1310,1218,966,1543,19,0,ITF,ITF2,14,Molise,Molise,305617,110791,36.25,0.83
1923,2021-04-28,MOL,1725,945,780,492,1221,12,0,ITF,ITF2,14,Molise,Molise,305617,112516,36.82,0.56
1924,2021-08-06,MOL,2344,1237,1107,1094,1207,43,0,ITF,ITF2,14,Molise,Molise,305617,114860,37.58,0.77
1925,2021-04-29,MOL,2267,1164,1103,884,1356,27,0,ITF,ITF2,14,Molise,Molise,305617,117127,38.32,0.74
1926,2021-04-12,MOL,1311,563,748,1041,252,18,0,ITF,ITF2,14,Molise,Molise,305617,118438,38.75,0.43
1927,2021-07-21,MOL,4261,2144,2117,1621,2543,97,0,ITF,ITF2,14,Molise,Molise,305617,122699,40.15,1.39
1928,2021-06-08,MOL,2907,1604,1303,2203,701,3,0,ITF,ITF2,14,Molise,Molise,305617,125606,41.1,0.95
1929,2021-09-16,MOL,385,192,193,156,223,6,0,ITF,ITF2,14,Molise,Molise,305617,125991,41.23,0.13
1930,2021-09-01,MOL,1849,977,872,395,1434,20,0,ITF,ITF2,14,Molise,Molise,305617,127840,41.83,0.61
1931,2021-09-20,MOL,566,345,221,281,275,10,0,ITF,ITF2,14,Molise,Molise,305617,128406,42.02,0.19
1932,2021-02-23,MOL,586,223,363,362,221,3,0,ITF,ITF2,14,Molise,Molise,305617,128992,42.21,0.19
1933,2021-06-03,MOL,3348,1597,1751,2729,568,51,0,ITF,ITF2,14,Molise,Molise,305617,132340,43.3,1.1
1934,2021-04-07,MOL,1740,882,858,1376,276,88,0,ITF,ITF2,14,Molise,Molise,305617,134080,43.87,0.57
1935,2021-03-03,MOL,677,320,357,588,83,6,0,ITF,ITF2,14,Molise,Molise,305617,134757,44.09,0.22
1936,2021-01-05,MOL,451,180,271,451,0,0,0,ITF,ITF2,14,Molise,Molise,305617,135208,44.24,0.15
1937,2021-04-02,MOL,1487,727,760,669,784,34,0,ITF,ITF2,14,Molise,Molise,305617,136695,44.73,0.49
1938,2021-07-11,MOL,2465,1200,1265,181,2280,4,0,ITF,ITF2,14,Molise,Molise,305617,139160,45.53,0.81
1939,2021-08-13,MOL,1539,802,737,1122,385,32,0,ITF,ITF2,14,Molise,Molise,305617,140699,46.04,0.5
1940,2021-05-08,MOL,3042,1480,1562,1720,1259,63,0,ITF,ITF2,14,Molise,Molise,305617,143741,47.03,1.0
1941,2021-04-21,MOL,1896,801,1095,974,910,12,0,ITF,ITF2,14,Molise,Molise,305617,145637,47.65,0.62
1942,2021-07-30,MOL,2700,1399,1301,1443,1196,61,0,ITF,ITF2,14,Molise,Molise,305617,148337,48.54,0.88
1943,2021-02-21,MOL,577,228,349,575,2,0,0,ITF,ITF2,14,Molise,Molise,305617,148914,48.73,0.19
1944,2021-02-04,MOL,763,296,467,78,685,0,0,ITF,ITF2,14,Molise,Molise,305617,149677,48.98,0.25
1945,2021-05-15,MOL,3044,1429,1615,2565,390,89,0,ITF,ITF2,14,Molise,Molise,305617,152721,49.97,1.0
1946,2021-03-07,MOL,1134,502,632,1128,2,4,0,ITF,ITF2,14,Molise,Molise,305617,153855,50.34,0.37
1947,2021-06-15,MOL,2256,1063,1193,779,1459,18,0,ITF,ITF2,14,Molise,Molise,305617,156111,51.08,0.74
1948,2021-06-17,MOL,2328,1027,1301,924,1373,31,0,ITF,ITF2,14,Molise,Molise,305617,158439,51.84,0.76
1949,2021-09-08,MOL,976,517,459,252,720,4,0,ITF,ITF2,14,Molise,Molise,305617,159415,52.16,0.32
1950,2021-01-09,MOL,457,154,303,457,0,0,0,ITF,ITF2,14,Molise,Molise,305617,159872,52.31,0.15
1951,2021-04-19,MOL,1902,865,1037,992,786,124,0,ITF,ITF2,14,Molise,Molise,305617,161774,52.93,0.62
1952,2021-07-13,MOL,2832,1437,1395,323,2491,18,0,ITF,ITF2,14,Molise,Molise,305617,164606,53.86,0.93
1953,2021-06-05,MOL,3046,1539,1507,2828,177,41,0,ITF,ITF2,14,Molise,Molise,305617,167652,54.86,1.0
1954,2021-09-13,MOL,409,229,180,123,280,6,0,ITF,ITF2,14,Molise,Molise,305617,168061,54.99,0.13
1955,2021-07-18,MOL,1947,975,972,142,1794,11,0,ITF,ITF2,14,Molise,Molise,305617,170008,55.63,0.64
1956,2021-02-11,MOL,297,133,164,260,37,0,0,ITF,ITF2,14,Molise,Molise,305617,170305,55.72,0.1
1957,2021-05-22,MOL,4411,2275,2136,4192,180,39,0,ITF,ITF2,14,Molise,Molise,305617,174716,57.17,1.44
1958,2021-07-06,MOL,3073,1433,1640,38,3030,5,0,ITF,ITF2,14,Molise,Molise,305617,177789,58.17,1.01
1959,2021-05-10,MOL,2963,1309,1654,2518,376,69,0,ITF,ITF2,14,Molise,Molise,305617,180752,59.14,0.97
1960,2021-06-29,MOL,2513,1168,1345,386,2096,31,0,ITF,ITF2,14,Molise,Molise,305617,183265,59.97,0.82
1961,2021-05-03,MOL,2558,1215,1343,2321,166,71,0,ITF,ITF2,14,Molise,Molise,305617,185823,60.8,0.84
1962,2021-05-26,MOL,1652,755,897,834,771,47,0,ITF,ITF2,14,Molise,Molise,305617,187475,61.34,0.54
1963,2021-03-30,MOL,2037,874,1163,1487,514,36,0,ITF,ITF2,14,Molise,Molise,305617,189512,62.01,0.67
1964,2021-09-03,MOL,1689,878,811,358,1308,23,0,ITF,ITF2,14,Molise,Molise,305617,191201,62.56,0.55
1965,2021-02-01,MOL,563,201,362,14,549,0,0,ITF,ITF2,14,Molise,Molise,305617,191764,62.75,0.18
1966,2021-07-08,MOL,3448,1661,1787,108,3317,23,0,ITF,ITF2,14,Molise,Molise,305617,195212,63.87,1.13
1967,2021-05-12,MOL,2930,1329,1601,2717,102,111,0,ITF,ITF2,14,Molise,Molise,305617,198142,64.83,0.96
1968,2021-02-02,MOL,540,176,364,216,323,1,0,ITF,ITF2,14,Molise,Molise,305617,198682,65.01,0.18
1969,2021-01-16,MOL,427,169,258,427,0,0,0,ITF,ITF2,14,Molise,Molise,305617,199109,65.15,0.14
1970,2021-04-26,MOL,1174,528,646,816,332,26,0,ITF,ITF2,14,Molise,Molise,305617,200283,65.53,0.38
1971,2021-04-09,MOL,2369,1272,1097,2118,192,59,0,ITF,ITF2,14,Molise,Molise,305617,202652,66.31,0.78
1972,2021-01-18,MOL,117,48,69,117,0,0,0,ITF,ITF2,14,Molise,Molise,305617,202769,66.35,0.04
1973,2021-04-11,MOL,1222,603,619,1177,14,31,0,ITF,ITF2,14,Molise,Molise,305617,203991,66.75,0.4
1974,2021-07-20,MOL,2200,1111,1089,1030,1120,50,0,ITF,ITF2,14,Molise,Molise,305617,206191,67.47,0.72
1975,2021-03-26,MOL,2641,1064,1577,1908,648,85,0,ITF,ITF2,14,Molise,Molise,305617,208832,68.33,0.86
1976,2021-02-28,MOL,840,338,502,794,43,3,0,ITF,ITF2,14,Molise,Molise,305617,209672,68.61,0.27
1977,2021-02-27,MOL,1375,572,803,1349,20,6,0,ITF,ITF2,14,Molise,Molise,305617,211047,69.06,0.45
1978,2021-06-07,MOL,1994,878,1116,1142,825,27,0,ITF,ITF2,14,Molise,Molise,305617,213041,69.71,0.65
1979,2021-09-15,MOL,387,199,188,158,220,9,0,ITF,ITF2,14,Molise,Molise,305617,213428,69.84,0.13
1980,2021-02-13,MOL,132,80,52,132,0,0,0,ITF,ITF2,14,Molise,Molise,305617,213560,69.88,0.04
1981,2021-08-29,MOL,1432,781,651,111,1312,9,0,ITF,ITF2,14,Molise,Molise,305617,214992,70.35,0.47
1982,2021-03-04,MOL,860,423,437,517,325,18,0,ITF,ITF2,14,Molise,Molise,305617,215852,70.63,0.28
1983,2021-06-12,MOL,5968,3067,2901,5669,204,95,0,ITF,ITF2,14,Molise,Molise,305617,221820,72.58,1.95
1984,2021-08-17,MOL,1669,879,790,342,1310,17,0,ITF,ITF2,14,Molise,Molise,305617,223489,73.13,0.55
1985,2021-06-14,MOL,1657,824,833,549,1091,17,0,ITF,ITF2,14,Molise,Molise,305617,225146,73.67,0.54
1986,2021-09-22,MOL,530,247,283,157,206,11,156,ITF,ITF2,14,Molise,Molise,305617,225676,73.84,0.17
1987,2021-05-17,MOL,2266,1108,1158,1718,498,50,0,ITF,ITF2,14,Molise,Molise,305617,227942,74.58,0.74
1988,2021-03-21,MOL,1254,546,708,481,770,3,0,ITF,ITF2,14,Molise,Molise,305617,229196,74.99,0.41
1989,2021-08-25,MOL,1506,810,696,344,1152,10,0,ITF,ITF2,14,Molise,Molise,305617,230702,75.49,0.49
1990,2021-03-14,MOL,601,242,359,18,583,0,0,ITF,ITF2,14,Molise,Molise,305617,231303,75.68,0.2
1991,2021-08-18,MOL,1347,706,641,344,981,22,0,ITF,ITF2,14,Molise,Molise,305617,232650,76.12,0.44
1992,2021-06-22,MOL,2985,1378,1607,676,2289,20,0,ITF,ITF2,14,Molise,Molise,305617,235635,77.1,0.98
1993,2021-02-18,MOL,325,74,251,308,13,4,0,ITF,ITF2,14,Molise,Molise,305617,235960,77.21,0.11
1994,2021-03-09,MOL,1343,585,758,1156,154,33,0,ITF,ITF2,14,Molise,Molise,305617,237303,77.65,0.44
1995,2021-02-20,MOL,1022,444,578,1002,20,0,0,ITF,ITF2,14,Molise,Molise,305617,238325,77.98,0.33
1996,2021-05-31,MOL,2393,1166,1227,1917,428,48,0,ITF,ITF2,14,Molise,Molise,305617,240718,78.76,0.78
1997,2021-04-06,MOL,1529,714,815,1143,346,40,0,ITF,ITF2,14,Molise,Molise,305617,242247,79.26,0.5
1998,2021-02-08,MOL,338,142,196,218,120,0,0,ITF,ITF2,14,Molise,Molise,305617,242585,79.38,0.11
1999,2021-07-15,MOL,3230,1625,1605,214,3001,15,0,ITF,ITF2,14,Molise,Molise,305617,245815,80.43,1.06
2000,2021-05-19,MOL,2410,1231,1179,1909,432,69,0,ITF,ITF2,14,Molise,Molise,305617,248225,81.22,0.79
2001,2021-03-23,MOL,1686,711,975,1428,211,47,0,ITF,ITF2,14,Molise,Molise,305617,249911,81.77,0.55
2002,2021-08-27,MOL,2119,1090,1029,415,1682,22,0,ITF,ITF2,14,Molise,Molise,305617,252030,82.47,0.69
2003,2021-07-01,MOL,2686,1306,1380,276,2391,19,0,ITF,ITF2,14,Molise,Molise,305617,254716,83.34,0.88
2004,2021-09-17,MOL,744,392,352,262,469,13,0,ITF,ITF2,14,Molise,Molise,305617,255460,83.59,0.24
2005,2021-03-16,MOL,618,230,388,266,348,4,0,ITF,ITF2,14,Molise,Molise,305617,256078,83.79,0.2
2006,2021-07-03,MOL,2769,1393,1376,582,2165,22,0,ITF,ITF2,14,Molise,Molise,305617,258847,84.7,0.91
2007,2021-08-08,MOL,893,467,426,648,229,16,0,ITF,ITF2,14,Molise,Molise,305617,259740,84.99,0.29
2008,2021-07-22,MOL,2285,1135,1150,850,1374,61,0,ITF,ITF2,14,Molise,Molise,305617,262025,85.74,0.75
2009,2021-05-24,MOL,1992,866,1126,1283,676,33,0,ITF,ITF2,14,Molise,Molise,305617,264017,86.39,0.65
2010,2021-05-07,MOL,2700,1258,1442,2033,602,65,0,ITF,ITF2,14,Molise,Molise,305617,266717,87.27,0.88
2011,2021-04-18,MOL,1092,486,606,143,939,10,0,ITF,ITF2,14,Molise,Molise,305617,267809,87.63,0.36
2012,2021-07-27,MOL,1966,1087,879,1341,555,70,0,ITF,ITF2,14,Molise,Molise,305617,269775,88.27,0.64
2013,2021-01-20,MOL,18,8,10,18,0,0,0,ITF,ITF2,14,Molise,Molise,305617,269793,88.28,0.01
2014,2021-04-30,MOL,2977,1575,1402,826,2122,29,0,ITF,ITF2,14,Molise,Molise,305617,272770,89.25,0.97
2015,2021-02-25,MOL,544,239,305,471,69,4,0,ITF,ITF2,14,Molise,Molise,305617,273314,89.43,0.18
2016,2021-08-10,MOL,1928,1047,881,689,1207,32,0,ITF,ITF2,14,Molise,Molise,305617,275242,90.06,0.63
2017,2021-09-21,MOL,557,293,264,134,289,4,130,ITF,ITF2,14,Molise,Molise,305617,275799,90.24,0.18
2018,2021-07-26,MOL,2460,1268,1192,1267,1125,68,0,ITF,ITF2,14,Molise,Molise,305617,278259,91.05,0.8
2019,2021-02-15,MOL,145,70,75,142,3,0,0,ITF,ITF2,14,Molise,Molise,305617,278404,91.1,0.05
2020,2021-03-28,MOL,1640,757,883,523,1103,14,0,ITF,ITF2,14,Molise,Molise,305617,280044,91.63,0.54
2021,2021-01-30,MOL,465,161,304,12,453,0,0,ITF,ITF2,14,Molise,Molise,305617,280509,91.78,0.15
2022,2021-05-14,MOL,2692,1242,1450,1902,724,66,0,ITF,ITF2,14,Molise,Molise,305617,283201,92.67,0.88
2023,2021-08-22,MOL,389,202,187,3,386,0,0,ITF,ITF2,14,Molise,Molise,305617,283590,92.79,0.13
2024,2021-06-02,MOL,2865,1376,1489,2730,100,35,0,ITF,ITF2,14,Molise,Molise,305617,286455,93.73,0.94
2025,2021-09-10,MOL,1006,528,478,384,608,14,0,ITF,ITF2,14,Molise,Molise,305617,287461,94.06,0.33
2026,2021-01-11,MOL,562,194,368,562,0,0,0,ITF,ITF2,14,Molise,Molise,305617,288023,94.24,0.18
2027,2021-07-29,MOL,2477,1272,1205,1602,823,52,0,ITF,ITF2,14,Molise,Molise,305617,290500,95.05,0.81
2028,2021-07-10,MOL,3745,1790,1955,326,3405,14,0,ITF,ITF2,14,Molise,Molise,305617,294245,96.28,1.23
2029,2021-04-04,MOL,258,142,116,231,15,12,0,ITF,ITF2,14,Molise,Molise,305617,294503,96.36,0.08
2030,2021-03-18,MOL,1220,495,725,637,465,118,0,ITF,ITF2,14,Molise,Molise,305617,295723,96.76,0.4
2031,2021-06-26,MOL,3143,1546,1597,530,2598,15,0,ITF,ITF2,14,Molise,Molise,305617,298866,97.79,1.03
2032,2021-08-12,MOL,1465,761,704,1024,400,41,0,ITF,ITF2,14,Molise,Molise,305617,300331,98.27,0.48
2033,2021-01-29,MOL,425,137,288,6,419,0,0,ITF,ITF2,14,Molise,Molise,305617,300756,98.41,0.14
2034,2021-05-09,MOL,2086,953,1133,1940,98,48,0,ITF,ITF2,14,Molise,Molise,305617,302842,99.09,0.68
2035,2021-09-05,MOL,7,6,1,7,0,0,0,ITF,ITF2,14,Molise,Molise,305617,302849,99.09,0.0
2036,2021-02-06,MOL,432,179,253,30,402,0,0,ITF,ITF2,14,Molise,Molise,305617,303281,99.24,0.14
2037,2021-09-14,MOL,548,297,251,172,370,6,0,ITF,ITF2,14,Molise,Molise,305617,303829,99.41,0.18
2038,2021-02-22,MOL,267,129,138,250,15,2,0,ITF,ITF2,14,Molise,Molise,305617,304096,99.5,0.09
2039,2020-12-27,MOL,50,20,30,50,0,0,0,ITF,ITF2,14,Molise,Molise,305617,304146,99.52,0.02
2040,2021-07-19,MOL,2898,1422,1476,527,2338,33,0,ITF,ITF2,14,Molise,Molise,305617,307044,100.47,0.95
2041,2021-01-25,MOL,319,130,189,3,316,0,0,ITF,ITF2,14,Molise,Molise,305617,307363,100.57,0.1
2042,2021-05-05,MOL,2507,1074,1433,2315,145,47,0,ITF,ITF2,14,Molise,Molise,305617,309870,101.39,0.82
2043,2021-05-04,MOL,2755,1200,1555,2562,133,60,0,ITF,ITF2,14,Molise,Molise,305617,312625,102.29,0.9
2044,2021-01-10,MOL,270,72,198,270,0,0,0,ITF,ITF2,14,Molise,Molise,305617,312895,102.38,0.09
2045,2021-04-20,MOL,2343,1038,1305,1215,1113,15,0,ITF,ITF2,14,Molise,Molise,305617,315238,103.15,0.77
2046,2021-06-09,MOL,1843,928,915,875,936,32,0,ITF,ITF2,14,Molise,Molise,305617,317081,103.75,0.6
2047,2021-05-23,MOL,1797,904,893,1753,10,34,0,ITF,ITF2,14,Molise,Molise,305617,318878,104.34,0.59
2048,2021-02-10,MOL,152,80,72,132,20,0,0,ITF,ITF2,14,Molise,Molise,305617,319030,104.39,0.05
2049,2021-05-21,MOL,2492,1263,1229,1970,367,155,0,ITF,ITF2,14,Molise,Molise,305617,321522,105.2,0.82
2050,2021-01-27,MOL,676,251,425,8,668,0,0,ITF,ITF2,14,Molise,Molise,305617,322198,105.43,0.22
2051,2021-08-14,MOL,1622,875,747,705,896,21,0,ITF,ITF2,14,Molise,Molise,305617,323820,105.96,0.53
2052,2021-03-25,MOL,1839,742,1097,1292,499,48,0,ITF,ITF2,14,Molise,Molise,305617,325659,106.56,0.6
2053,2021-03-08,MOL,1402,529,873,1216,140,46,0,ITF,ITF2,14,Molise,Molise,305617,327061,107.02,0.46
2054,2021-06-16,MOL,2149,1063,1086,1171,958,20,0,ITF,ITF2,14,Molise,Molise,305617,329210,107.72,0.7
2055,2021-04-13,MOL,1646,722,924,1043,589,14,0,ITF,ITF2,14,Molise,Molise,305617,330856,108.26,0.54
2056,2021-03-27,MOL,2767,1284,1483,1304,1434,29,0,ITF,ITF2,14,Molise,Molise,305617,333623,109.16,0.91
2057,2021-07-05,MOL,2748,1288,1460,42,2704,2,0,ITF,ITF2,14,Molise,Molise,305617,336371,110.06,0.9
2058,2021-07-07,MOL,2971,1375,1596,58,2909,4,0,ITF,ITF2,14,Molise,Molise,305617,339342,111.04,0.97
2059,2021-05-11,MOL,3279,1447,1832,2928,254,97,0,ITF,ITF2,14,Molise,Molise,305617,342621,112.11,1.07
2060,2021-08-19,MOL,2284,1147,1137,609,1648,27,0,ITF,ITF2,14,Molise,Molise,305617,344905,112.86,0.75
2061,2021-06-04,MOL,3129,1538,1591,2624,462,43,0,ITF,ITF2,14,Molise,Molise,305617,348034,113.88,1.02
2062,2021-04-08,MOL,1807,929,878,1556,203,48,0,ITF,ITF2,14,Molise,Molise,305617,349841,114.47,0.59
2063,2021-09-12,MOL,390,212,178,343,34,13,0,ITF,ITF2,14,Molise,Molise,305617,350231,114.6,0.13
2064,2021-07-17,MOL,2883,1538,1345,306,2554,23,0,ITF,ITF2,14,Molise,Molise,305617,353114,115.54,0.94
2065,2021-01-08,MOL,433,142,291,433,0,0,0,ITF,ITF2,14,Molise,Molise,305617,353547,115.68,0.14
2066,2021-09-02,MOL,1532,794,738,306,1200,26,0,ITF,ITF2,14,Molise,Molise,305617,355079,116.18,0.5
2067,2021-04-01,MOL,1500,677,823,742,730,28,0,ITF,ITF2,14,Molise,Molise,305617,356579,116.68,0.49
2068,2021-08-31,MOL,1747,955,792,313,1424,10,0,ITF,ITF2,14,Molise,Molise,305617,358326,117.25,0.57
2069,2021-03-01,MOL,670,276,394,433,217,20,0,ITF,ITF2,14,Molise,Molise,305617,358996,117.47,0.22
2070,2021-04-03,MOL,1807,867,940,1731,37,39,0,ITF,ITF2,14,Molise,Molise,305617,360803,118.06,0.59
2071,2021-01-22,MOL,128,36,92,128,0,0,0,ITF,ITF2,14,Molise,Molise,305617,360931,118.1,0.04
2072,2021-05-02,MOL,1922,950,972,584,1318,20,0,ITF,ITF2,14,Molise,Molise,305617,362853,118.73,0.63
2073,2021-03-06,MOL,1735,810,925,1560,160,15,0,ITF,ITF2,14,Molise,Molise,305617,364588,119.3,0.57
2074,2021-02-03,MOL,748,255,493,347,401,0,0,ITF,ITF2,14,Molise,Molise,305617,365336,119.54,0.24
2075,2021-04-27,MOL,1630,783,847,447,1140,43,0,ITF,ITF2,14,Molise,Molise,305617,366966,120.07,0.53
2076,2021-08-05,MOL,2300,1161,1139,1620,627,53,0,ITF,ITF2,14,Molise,Molise,305617,369266,120.83,0.75
2077,2021-05-16,MOL,1286,585,701,1066,185,35,0,ITF,ITF2,14,Molise,Molise,305617,370552,121.25,0.42
2078,2021-06-18,MOL,2795,1264,1531,1304,1462,29,0,ITF,ITF2,14,Molise,Molise,305617,373347,122.16,0.91
2079,2021-05-30,MOL,1892,949,943,1568,288,36,0,ITF,ITF2,14,Molise,Molise,305617,375239,122.78,0.62
2080,2021-09-07,MOL,921,498,423,346,563,12,0,ITF,ITF2,14,Molise,Molise,305617,376160,123.08,0.3
2081,2021-04-22,MOL,1861,871,990,1062,781,18,0,ITF,ITF2,14,Molise,Molise,305617,378021,123.69,0.61
2082,2021-07-31,MOL,2012,1122,890,764,1202,46,0,ITF,ITF2,14,Molise,Molise,305617,380033,124.35,0.66
2083,2021-02-17,MOL,73,33,40,50,15,8,0,ITF,ITF2,14,Molise,Molise,305617,380106,124.37,0.02
2084,2021-07-24,MOL,3161,1699,1462,740,2391,30,0,ITF,ITF2,14,Molise,Molise,305617,383267,125.41,1.03
2085,2021-05-28,MOL,2686,1377,1309,2062,549,75,0,ITF,ITF2,14,Molise,Molise,305617,385953,126.29,0.88
2086,2021-06-11,MOL,3498,1681,1817,2005,1440,53,0,ITF,ITF2,14,Molise,Molise,305617,389451,127.43,1.14
2087,2021-04-15,MOL,1960,807,1153,1100,851,9,0,ITF,ITF2,14,Molise,Molise,305617,391411,128.07,0.64
2088,2021-09-19,MOL,14,12,2,13,1,0,0,ITF,ITF2,14,Molise,Molise,305617,391425,128.08,0.0
2089,2021-08-24,MOL,1717,928,789,264,1428,25,0,ITF,ITF2,14,Molise,Molise,305617,393142,128.64,0.56
2090,2021-08-07,MOL,1940,1073,867,1060,852,28,0,ITF,ITF2,14,Molise,Molise,305617,395082,129.27,0.63
2091,2021-07-12,MOL,2701,1336,1365,364,2315,22,0,ITF,ITF2,14,Molise,Molise,305617,397783,130.16,0.88
2092,2021-05-25,MOL,1988,895,1093,1311,636,41,0,ITF,ITF2,14,Molise,Molise,305617,399771,130.81,0.65
2093,2021-01-04,MOL,315,132,183,315,0,0,0,ITF,ITF2,14,Molise,Molise,305617,400086,130.91,0.1
2094,2021-04-14,MOL,1827,775,1052,1139,669,19,0,ITF,ITF2,14,Molise,Molise,305617,401913,131.51,0.6
2095,2021-02-16,MOL,159,73,86,152,6,1,0,ITF,ITF2,14,Molise,Molise,305617,402072,131.56,0.05
2096,2021-05-27,MOL,2870,1367,1503,1984,844,42,0,ITF,ITF2,14,Molise,Molise,305617,404942,132.5,0.94
2097,2021-07-25,MOL,2025,1068,957,357,1652,16,0,ITF,ITF2,14,Molise,Molise,305617,406967,133.16,0.66
2098,2021-05-29,MOL,2388,1243,1145,1949,394,45,0,ITF,ITF2,14,Molise,Molise,305617,409355,133.94,0.78
2099,2021-09-06,MOL,1196,633,563,356,834,6,0,ITF,ITF2,14,Molise,Molise,305617,410551,134.34,0.39
2100,2021-02-09,MOL,361,171,190,198,163,0,0,ITF,ITF2,14,Molise,Molise,305617,410912,134.45,0.12
2101,2021-08-01,MOL,967,530,437,760,175,32,0,ITF,ITF2,14,Molise,Molise,305617,411879,134.77,0.32
2102,2021-08-03,MOL,2219,1155,1064,1227,956,36,0,ITF,ITF2,14,Molise,Molise,305617,414098,135.5,0.73
2103,2021-03-11,MOL,1481,644,837,1455,6,20,0,ITF,ITF2,14,Molise,Molise,305617,415579,135.98,0.48
2104,2021-01-06,MOL,695,263,432,695,0,0,0,ITF,ITF2,14,Molise,Molise,305617,416274,136.21,0.23
2105,2021-04-16,MOL,2467,1050,1417,1191,1238,38,0,ITF,ITF2,14,Molise,Molise,305617,418741,137.01,0.81
2106,2021-06-21,MOL,2943,1368,1575,1656,1239,48,0,ITF,ITF2,14,Molise,Molise,305617,421684,137.98,0.96
2107,2021-04-25,MOL,800,401,399,559,233,8,0,ITF,ITF2,14,Molise,Molise,305617,422484,138.24,0.26
2108,2021-01-13,MOL,481,163,318,481,0,0,0,ITF,ITF2,14,Molise,Molise,305617,422965,138.4,0.16
2109,2021-06-19,MOL,2379,1181,1198,1306,1026,47,0,ITF,ITF2,14,Molise,Molise,305617,425344,139.18,0.78
2110,2021-04-23,MOL,2084,903,1181,1382,671,31,0,ITF,ITF2,14,Molise,Molise,305617,427428,139.86,0.68
2111,2021-08-26,MOL,1726,936,790,308,1411,7,0,ITF,ITF2,14,Molise,Molise,305617,429154,140.42,0.56
2112,2021-06-30,MOL,3028,1435,1593,882,2060,86,0,ITF,ITF2,14,Molise,Molise,305617,432182,141.41,0.99
2113,2021-03-13,MOL,1195,599,596,184,991,20,0,ITF,ITF2,14,Molise,Molise,305617,433377,141.8,0.39
2114,2021-01-15,MOL,548,245,303,548,0,0,0,ITF,ITF2,14,Molise,Molise,305617,433925,141.98,0.18
2115,2021-06-23,MOL,2820,1299,1521,223,2587,10,0,ITF,ITF2,14,Molise,Molise,305617,436745,142.91,0.92
2116,2021-03-20,MOL,2353,987,1366,1012,1323,18,0,ITF,ITF2,14,Molise,Molise,305617,439098,143.68,0.77
2117,2021-06-28,MOL,2939,1370,1569,1019,1896,24,0,ITF,ITF2,14,Molise,Molise,305617,442037,144.64,0.96
2118,2021-08-15,UMB,4395,2387,2008,2870,1382,143,0,ITI,ITI2,10,Umbria,Umbria,882015,4395,0.5,0.5
2119,2021-07-29,UMB,8205,4228,3977,2145,5941,119,0,ITI,ITI2,10,Umbria,Umbria,882015,12600,1.43,0.93
2120,2021-05-07,UMB,10134,4716,5418,6656,3192,286,0,ITI,ITI2,10,Umbria,Umbria,882015,22734,2.58,1.15
2121,2021-08-29,UMB,1947,1004,943,684,1254,9,0,ITI,ITI2,10,Umbria,Umbria,882015,24681,2.8,0.22
2122,2021-04-06,UMB,5294,2167,3127,2865,2392,37,0,ITI,ITI2,10,Umbria,Umbria,882015,29975,3.4,0.6
2123,2021-03-28,UMB,1097,441,656,1042,24,31,0,ITI,ITI2,10,Umbria,Umbria,882015,31072,3.52,0.12
2124,2021-01-30,UMB,1575,486,1089,43,1532,0,0,ITI,ITI2,10,Umbria,Umbria,882015,32647,3.7,0.18
2125,2021-06-02,UMB,3926,1886,2040,3804,42,80,0,ITI,ITI2,10,Umbria,Umbria,882015,36573,4.15,0.45
2126,2021-09-10,UMB,4543,2486,2057,722,3776,45,0,ITI,ITI2,10,Umbria,Umbria,882015,41116,4.66,0.52
2127,2021-02-20,UMB,283,101,182,259,24,0,0,ITI,ITI2,10,Umbria,Umbria,882015,41399,4.69,0.03
2128,2021-03-09,UMB,4093,2003,2090,2797,1288,8,0,ITI,ITI2,10,Umbria,Umbria,882015,45492,5.16,0.46
2129,2021-04-23,UMB,6659,2821,3838,3301,3159,199,0,ITI,ITI2,10,Umbria,Umbria,882015,52151,5.91,0.75
2130,2021-02-25,UMB,1334,496,838,1274,52,8,0,ITI,ITI2,10,Umbria,Umbria,882015,53485,6.06,0.15
2131,2021-03-11,UMB,3687,1799,1888,2668,1008,11,0,ITI,ITI2,10,Umbria,Umbria,882015,57172,6.48,0.42
2132,2021-01-13,UMB,452,140,312,452,0,0,0,ITI,ITI2,10,Umbria,Umbria,882015,57624,6.53,0.05
2133,2021-06-19,UMB,4590,2207,2383,2462,2034,94,0,ITI,ITI2,10,Umbria,Umbria,882015,62214,7.05,0.52
2134,2021-02-13,UMB,114,27,87,111,3,0,0,ITI,ITI2,10,Umbria,Umbria,882015,62328,7.07,0.01
2135,2021-05-24,UMB,9078,4521,4557,8030,882,166,0,ITI,ITI2,10,Umbria,Umbria,882015,71406,8.1,1.03
2136,2021-04-18,UMB,1532,681,851,578,931,23,0,ITI,ITI2,10,Umbria,Umbria,882015,72938,8.27,0.17
2137,2021-01-11,UMB,1337,364,973,1337,0,0,0,ITI,ITI2,10,Umbria,Umbria,882015,74275,8.42,0.15
2138,2021-07-27,UMB,8148,4093,4055,2694,5337,117,0,ITI,ITI2,10,Umbria,Umbria,882015,82423,9.34,0.92
2139,2021-05-05,UMB,7224,3306,3918,3834,3306,84,0,ITI,ITI2,10,Umbria,Umbria,882015,89647,10.16,0.82
2140,2021-07-03,UMB,6481,3248,3233,2831,3498,152,0,ITI,ITI2,10,Umbria,Umbria,882015,96128,10.9,0.73
2141,2021-07-20,UMB,8270,4108,4162,1096,7090,84,0,ITI,ITI2,10,Umbria,Umbria,882015,104398,11.84,0.94
2142,2021-09-05,UMB,3390,1798,1592,258,3117,15,0,ITI,ITI2,10,Umbria,Umbria,882015,107788,12.22,0.38
2143,2021-03-23,UMB,3828,1714,2114,2159,1632,37,0,ITI,ITI2,10,Umbria,Umbria,882015,111616,12.65,0.43
2144,2021-08-27,UMB,4601,2419,2182,1499,3000,102,0,ITI,ITI2,10,Umbria,Umbria,882015,116217,13.18,0.52
2145,2021-07-01,UMB,9749,4820,4929,3303,6292,154,0,ITI,ITI2,10,Umbria,Umbria,882015,125966,14.28,1.11
2146,2021-02-08,UMB,637,203,434,88,549,0,0,ITI,ITI2,10,Umbria,Umbria,882015,126603,14.35,0.07
2147,2021-09-22,UMB,2266,1207,1059,923,1170,31,142,ITI,ITI2,10,Umbria,Umbria,882015,128869,14.61,0.26
2148,2021-08-10,UMB,7403,3935,3468,4001,3258,144,0,ITI,ITI2,10,Umbria,Umbria,882015,136272,15.45,0.84
2149,2021-06-14,UMB,5388,2750,2638,3253,2016,119,0,ITI,ITI2,10,Umbria,Umbria,882015,141660,16.06,0.61
2150,2021-09-17,UMB,3293,1768,1525,819,2429,45,0,ITI,ITI2,10,Umbria,Umbria,882015,144953,16.43,0.37
2151,2021-03-18,UMB,2987,1179,1808,1713,1266,8,0,ITI,ITI2,10,Umbria,Umbria,882015,147940,16.77,0.34
2152,2021-06-26,UMB,9381,4758,4623,5579,3639,163,0,ITI,ITI2,10,Umbria,Umbria,882015,157321,17.84,1.06
2153,2021-07-10,UMB,7690,3810,3880,66,7610,14,0,ITI,ITI2,10,Umbria,Umbria,882015,165011,18.71,0.87
2154,2021-07-15,UMB,10579,5179,5400,567,9913,99,0,ITI,ITI2,10,Umbria,Umbria,882015,175590,19.91,1.2
2155,2021-07-08,UMB,9577,4634,4943,180,9350,47,0,ITI,ITI2,10,Umbria,Umbria,882015,185167,20.99,1.09
2156,2021-05-12,UMB,6528,3038,3490,4209,2149,170,0,ITI,ITI2,10,Umbria,Umbria,882015,191695,21.73,0.74
2157,2021-01-06,UMB,847,326,521,847,0,0,0,ITI,ITI2,10,Umbria,Umbria,882015,192542,21.83,0.1
2158,2021-06-12,UMB,7724,3690,4034,5961,1580,183,0,ITI,ITI2,10,Umbria,Umbria,882015,200266,22.71,0.88
2159,2021-04-16,UMB,8102,3745,4357,6085,1838,179,0,ITI,ITI2,10,Umbria,Umbria,882015,208368,23.62,0.92
2160,2021-04-30,UMB,6259,2972,3287,2736,3401,122,0,ITI,ITI2,10,Umbria,Umbria,882015,214627,24.33,0.71
2161,2021-03-04,UMB,4486,1856,2630,3644,827,15,0,ITI,ITI2,10,Umbria,Umbria,882015,219113,24.84,0.51
2162,2021-08-08,UMB,5066,2712,2354,3556,1414,96,0,ITI,ITI2,10,Umbria,Umbria,882015,224179,25.42,0.57
2163,2021-01-20,UMB,603,221,382,603,0,0,0,ITI,ITI2,10,Umbria,Umbria,882015,224782,25.49,0.07
2164,2021-08-22,UMB,1470,773,697,479,977,14,0,ITI,ITI2,10,Umbria,Umbria,882015,226252,25.65,0.17
2165,2021-05-31,UMB,5824,2848,2976,4853,886,85,0,ITI,ITI2,10,Umbria,Umbria,882015,232076,26.31,0.66
2166,2021-05-14,UMB,5347,2526,2821,3353,1819,175,0,ITI,ITI2,10,Umbria,Umbria,882015,237423,26.92,0.61
2167,2021-07-22,UMB,10077,4925,5152,1653,8318,106,0,ITI,ITI2,10,Umbria,Umbria,882015,247500,28.06,1.14
2168,2021-01-01,UMB,273,104,169,273,0,0,0,ITI,ITI2,10,Umbria,Umbria,882015,247773,28.09,0.03
2169,2021-04-11,UMB,3101,1506,1595,3035,49,17,0,ITI,ITI2,10,Umbria,Umbria,882015,250874,28.44,0.35
2170,2021-01-18,UMB,621,223,398,531,90,0,0,ITI,ITI2,10,Umbria,Umbria,882015,251495,28.51,0.07
2171,2021-01-25,UMB,649,322,327,5,644,0,0,ITI,ITI2,10,Umbria,Umbria,882015,252144,28.59,0.07
2172,2021-04-04,UMB,57,20,37,22,35,0,0,ITI,ITI2,10,Umbria,Umbria,882015,252201,28.59,0.01
2173,2021-06-07,UMB,6961,3436,3525,6087,696,178,0,ITI,ITI2,10,Umbria,Umbria,882015,259162,29.38,0.79
2174,2021-09-15,UMB,3688,1909,1779,889,2729,70,0,ITI,ITI2,10,Umbria,Umbria,882015,262850,29.8,0.42
2175,2021-03-16,UMB,3538,1454,2084,1909,1627,2,0,ITI,ITI2,10,Umbria,Umbria,882015,266388,30.2,0.4
2176,2021-02-27,UMB,1658,354,1304,1642,16,0,0,ITI,ITI2,10,Umbria,Umbria,882015,268046,30.39,0.19
2177,2021-05-19,UMB,9432,4219,5213,5599,3745,88,0,ITI,ITI2,10,Umbria,Umbria,882015,277478,31.46,1.07
2178,2021-02-06,UMB,437,163,274,34,403,0,0,ITI,ITI2,10,Umbria,Umbria,882015,277915,31.51,0.05
2179,2021-04-20,UMB,5451,2365,3086,3429,1947,75,0,ITI,ITI2,10,Umbria,Umbria,882015,283366,32.13,0.62
2180,2021-01-27,UMB,842,330,512,13,829,0,0,ITI,ITI2,10,Umbria,Umbria,882015,284208,32.22,0.1
2181,2021-01-10,UMB,1067,274,793,1067,0,0,0,ITI,ITI2,10,Umbria,Umbria,882015,285275,32.34,0.12
2182,2021-05-21,UMB,8983,3673,5310,4068,4831,84,0,ITI,ITI2,10,Umbria,Umbria,882015,294258,33.36,1.02
2183,2021-05-04,UMB,5544,2547,2997,2355,3127,62,0,ITI,ITI2,10,Umbria,Umbria,882015,299802,33.99,0.63
2184,2021-03-30,UMB,3991,1738,2253,2406,1546,39,0,ITI,ITI2,10,Umbria,Umbria,882015,303793,34.44,0.45
2185,2020-12-27,UMB,90,49,41,90,0,0,0,ITI,ITI2,10,Umbria,Umbria,882015,303883,34.45,0.01
2186,2021-02-22,UMB,1892,807,1085,1806,86,0,0,ITI,ITI2,10,Umbria,Umbria,882015,305775,34.67,0.21
2187,2021-09-21,UMB,3083,1669,1414,1078,1826,63,116,ITI,ITI2,10,Umbria,Umbria,882015,308858,35.02,0.35
2188,2021-08-12,UMB,7357,3903,3454,4592,2546,219,0,ITI,ITI2,10,Umbria,Umbria,882015,316215,35.85,0.83
2189,2021-06-30,UMB,10553,5326,5227,3675,6727,151,0,ITI,ITI2,10,Umbria,Umbria,882015,326768,37.05,1.2
2190,2021-09-02,UMB,4361,2269,2092,959,3361,41,0,ITI,ITI2,10,Umbria,Umbria,882015,331129,37.54,0.49
2191,2021-07-07,UMB,9499,4502,4997,88,9380,31,0,ITI,ITI2,10,Umbria,Umbria,882015,340628,38.62,1.08
2192,2021-05-11,UMB,6260,2842,3418,3925,2193,142,0,ITI,ITI2,10,Umbria,Umbria,882015,346888,39.33,0.71
2193,2021-02-01,UMB,1285,342,943,48,1237,0,0,ITI,ITI2,10,Umbria,Umbria,882015,348173,39.47,0.15
2194,2021-02-18,UMB,1497,583,914,1029,467,1,0,ITI,ITI2,10,Umbria,Umbria,882015,349670,39.64,0.17
2195,2021-09-07,UMB,4820,2494,2326,1026,3717,77,0,ITI,ITI2,10,Umbria,Umbria,882015,354490,40.19,0.55
2196,2021-05-30,UMB,5982,2999,2983,5662,202,118,0,ITI,ITI2,10,Umbria,Umbria,882015,360472,40.87,0.68
2197,2021-03-08,UMB,3701,1825,1876,2327,1361,13,0,ITI,ITI2,10,Umbria,Umbria,882015,364173,41.29,0.42
2198,2021-06-16,UMB,6326,3095,3231,3072,3100,154,0,ITI,ITI2,10,Umbria,Umbria,882015,370499,42.01,0.72
2199,2021-03-25,UMB,3937,1728,2209,2826,1064,47,0,ITI,ITI2,10,Umbria,Umbria,882015,374436,42.45,0.45
2200,2021-04-03,UMB,2099,712,1387,1034,1054,11,0,ITI,ITI2,10,Umbria,Umbria,882015,376535,42.69,0.24
2201,2021-07-12,UMB,4632,2242,2390,105,4515,12,0,ITI,ITI2,10,Umbria,Umbria,882015,381167,43.22,0.53
2202,2021-09-19,UMB,1002,542,460,479,496,27,0,ITI,ITI2,10,Umbria,Umbria,882015,382169,43.33,0.11
2203,2021-06-11,UMB,7013,3519,3494,6003,772,238,0,ITI,ITI2,10,Umbria,Umbria,882015,389182,44.12,0.8
2204,2021-09-14,UMB,2817,1442,1375,416,2374,27,0,ITI,ITI2,10,Umbria,Umbria,882015,391999,44.44,0.32
2205,2021-04-25,UMB,4361,1686,2675,3869,83,409,0,ITI,ITI2,10,Umbria,Umbria,882015,396360,44.94,0.49
2206,2021-08-03,UMB,9207,4761,4446,3503,5519,185,0,ITI,ITI2,10,Umbria,Umbria,882015,405567,45.98,1.04
2207,2021-08-17,UMB,3670,1913,1757,2493,1088,89,0,ITI,ITI2,10,Umbria,Umbria,882015,409237,46.4,0.42
2208,2021-06-21,UMB,7553,3953,3600,5068,2338,147,0,ITI,ITI2,10,Umbria,Umbria,882015,416790,47.25,0.86
2209,2021-04-01,UMB,4474,1911,2563,2326,2110,38,0,ITI,ITI2,10,Umbria,Umbria,882015,421264,47.76,0.51
2210,2021-03-01,UMB,1505,775,730,1385,114,6,0,ITI,ITI2,10,Umbria,Umbria,882015,422769,47.93,0.17
2211,2021-06-09,UMB,8162,3951,4211,7136,725,301,0,ITI,ITI2,10,Umbria,Umbria,882015,430931,48.86,0.93
2212,2021-06-23,UMB,11359,5805,5554,7677,3412,270,0,ITI,ITI2,10,Umbria,Umbria,882015,442290,50.15,1.29
2213,2021-08-19,UMB,5730,3042,2688,3940,1611,179,0,ITI,ITI2,10,Umbria,Umbria,882015,448020,50.8,0.65
2214,2021-08-26,UMB,4060,2151,1909,1790,2159,111,0,ITI,ITI2,10,Umbria,Umbria,882015,452080,51.26,0.46
2215,2021-08-07,UMB,7235,3803,3432,2543,4620,72,0,ITI,ITI2,10,Umbria,Umbria,882015,459315,52.08,0.82
2216,2021-05-16,UMB,5227,2493,2734,5087,50,90,0,ITI,ITI2,10,Umbria,Umbria,882015,464542,52.67,0.59
2217,2021-08-24,UMB,4439,2248,2191,1875,2476,88,0,ITI,ITI2,10,Umbria,Umbria,882015,468981,53.17,0.5
2218,2021-08-05,UMB,9707,5078,4629,3838,5701,168,0,ITI,ITI2,10,Umbria,Umbria,882015,478688,54.27,1.1
2219,2021-07-19,UMB,7672,3842,3830,1527,6044,101,0,ITI,ITI2,10,Umbria,Umbria,882015,486360,55.14,0.87
2220,2021-04-27,UMB,5669,2401,3268,3056,2578,35,0,ITI,ITI2,10,Umbria,Umbria,882015,492029,55.78,0.64
2221,2021-02-03,UMB,727,174,553,67,660,0,0,ITI,ITI2,10,Umbria,Umbria,882015,492756,55.87,0.08
2222,2021-03-27,UMB,4253,1515,2738,3857,340,56,0,ITI,ITI2,10,Umbria,Umbria,882015,497009,56.35,0.48
2223,2021-01-08,UMB,1193,344,849,1193,0,0,0,ITI,ITI2,10,Umbria,Umbria,882015,498202,56.48,0.14
2224,2021-05-23,UMB,5074,1857,3217,637,4421,16,0,ITI,ITI2,10,Umbria,Umbria,882015,503276,57.06,0.58
2225,2021-08-31,UMB,4136,2138,1998,1223,2843,70,0,ITI,ITI2,10,Umbria,Umbria,882015,507412,57.53,0.47
2226,2021-04-08,UMB,5904,2525,3379,4024,1807,73,0,ITI,ITI2,10,Umbria,Umbria,882015,513316,58.2,0.67
2227,2021-09-12,UMB,3057,1655,1402,463,2579,15,0,ITI,ITI2,10,Umbria,Umbria,882015,516373,58.54,0.35
2228,2021-07-17,UMB,7674,3857,3817,1287,6239,148,0,ITI,ITI2,10,Umbria,Umbria,882015,524047,59.41,0.87
2229,2021-06-04,UMB,8931,4415,4516,7541,1206,184,0,ITI,ITI2,10,Umbria,Umbria,882015,532978,60.43,1.01
2230,2021-06-13,UMB,6767,3558,3209,6392,230,145,0,ITI,ITI2,10,Umbria,Umbria,882015,539745,61.19,0.77
2231,2021-03-15,UMB,4600,1941,2659,2826,1770,4,0,ITI,ITI2,10,Umbria,Umbria,882015,544345,61.72,0.52
2232,2021-02-10,UMB,715,350,365,700,15,0,0,ITI,ITI2,10,Umbria,Umbria,882015,545060,61.8,0.08
2233,2021-03-06,UMB,4308,1149,3159,4136,138,34,0,ITI,ITI2,10,Umbria,Umbria,882015,549368,62.29,0.49
2234,2021-01-22,UMB,276,105,171,32,244,0,0,ITI,ITI2,10,Umbria,Umbria,882015,549644,62.32,0.03
2235,2021-06-28,UMB,9832,4844,4988,3712,5991,129,0,ITI,ITI2,10,Umbria,Umbria,882015,559476,63.43,1.11
2236,2021-05-02,UMB,3782,1867,1915,1298,2455,29,0,ITI,ITI2,10,Umbria,Umbria,882015,563258,63.86,0.43
2237,2021-03-20,UMB,2320,845,1475,2290,25,5,0,ITI,ITI2,10,Umbria,Umbria,882015,565578,64.12,0.26
2238,2021-03-29,UMB,3639,1605,2034,2153,1424,62,0,ITI,ITI2,10,Umbria,Umbria,882015,569217,64.54,0.41
2239,2021-01-31,UMB,1061,276,785,25,1036,0,0,ITI,ITI2,10,Umbria,Umbria,882015,570278,64.66,0.12
2240,2021-05-25,UMB,8827,4304,4523,7588,1066,173,0,ITI,ITI2,10,Umbria,Umbria,882015,579105,65.66,1.0
2241,2021-02-05,UMB,783,234,549,18,765,0,0,ITI,ITI2,10,Umbria,Umbria,882015,579888,65.75,0.09
2242,2021-06-18,UMB,4814,2374,2440,1569,3166,79,0,ITI,ITI2,10,Umbria,Umbria,882015,584702,66.29,0.55
2243,2021-07-05,UMB,8423,4083,4340,152,8257,14,0,ITI,ITI2,10,Umbria,Umbria,882015,593125,67.25,0.95
2244,2021-05-13,UMB,5945,2671,3274,3731,2085,129,0,ITI,ITI2,10,Umbria,Umbria,882015,599070,67.92,0.67
2245,2021-08-21,UMB,2793,1465,1328,1613,1115,65,0,ITI,ITI2,10,Umbria,Umbria,882015,601863,68.24,0.32
2246,2021-02-19,UMB,743,293,450,525,217,1,0,ITI,ITI2,10,Umbria,Umbria,882015,602606,68.32,0.08
2247,2021-08-14,UMB,5855,3233,2622,2918,2786,151,0,ITI,ITI2,10,Umbria,Umbria,882015,608461,68.99,0.66
2248,2021-03-17,UMB,3331,1313,2018,1855,1474,2,0,ITI,ITI2,10,Umbria,Umbria,882015,611792,69.36,0.38
2249,2021-01-07,UMB,1301,388,913,1301,0,0,0,ITI,ITI2,10,Umbria,Umbria,882015,613093,69.51,0.15
2250,2021-05-01,UMB,5381,2643,2738,2100,3235,46,0,ITI,ITI2,10,Umbria,Umbria,882015,618474,70.12,0.61
2251,2021-03-05,UMB,4625,1403,3222,3951,659,15,0,ITI,ITI2,10,Umbria,Umbria,882015,623099,70.64,0.52
2252,2021-08-09,UMB,6696,3547,3149,3502,3034,160,0,ITI,ITI2,10,Umbria,Umbria,882015,629795,71.4,0.76
2253,2021-03-03,UMB,4433,1772,2661,3719,711,3,0,ITI,ITI2,10,Umbria,Umbria,882015,634228,71.91,0.5
2254,2021-08-11,UMB,7624,4088,3536,3719,3718,187,0,ITI,ITI2,10,Umbria,Umbria,882015,641852,72.77,0.86
2255,2021-03-13,UMB,1735,524,1211,1486,249,0,0,ITI,ITI2,10,Umbria,Umbria,882015,643587,72.97,0.2
2256,2021-01-15,UMB,698,213,485,698,0,0,0,ITI,ITI2,10,Umbria,Umbria,882015,644285,73.05,0.08
2257,2021-01-29,UMB,1240,350,890,79,1161,0,0,ITI,ITI2,10,Umbria,Umbria,882015,645525,73.19,0.14
2258,2021-05-09,UMB,5764,2756,3008,5253,391,120,0,ITI,ITI2,10,Umbria,Umbria,882015,651289,73.84,0.65
2259,2021-09-04,UMB,3436,1777,1659,1099,2275,62,0,ITI,ITI2,10,Umbria,Umbria,882015,654725,74.23,0.39
2260,2021-08-04,UMB,10673,5542,5131,3312,7195,166,0,ITI,ITI2,10,Umbria,Umbria,882015,665398,75.44,1.21
2261,2021-05-18,UMB,7767,3364,4403,3836,3841,90,0,ITI,ITI2,10,Umbria,Umbria,882015,673165,76.32,0.88
2262,2021-03-22,UMB,3562,1657,1905,2306,1246,10,0,ITI,ITI2,10,Umbria,Umbria,882015,676727,76.73,0.4
2263,2021-04-05,UMB,4251,1729,2522,2182,2057,12,0,ITI,ITI2,10,Umbria,Umbria,882015,680978,77.21,0.48
2264,2021-02-07,UMB,55,17,38,1,54,0,0,ITI,ITI2,10,Umbria,Umbria,882015,681033,77.21,0.01
2265,2021-07-14,UMB,6208,3011,3197,1634,4264,310,0,ITI,ITI2,10,Umbria,Umbria,882015,687241,77.92,0.7
2266,2021-08-01,UMB,3027,1533,1494,1331,1650,46,0,ITI,ITI2,10,Umbria,Umbria,882015,690268,78.26,0.34
2267,2021-01-24,UMB,258,106,152,1,257,0,0,ITI,ITI2,10,Umbria,Umbria,882015,690526,78.29,0.03
2268,2021-08-16,UMB,3523,1744,1779,1979,1475,69,0,ITI,ITI2,10,Umbria,Umbria,882015,694049,78.69,0.4
2269,2021-08-30,UMB,1952,952,1000,1498,372,82,0,ITI,ITI2,10,Umbria,Umbria,882015,696001,78.91,0.22
2270,2021-06-08,UMB,7421,3659,3762,6655,557,209,0,ITI,ITI2,10,Umbria,Umbria,882015,703422,79.75,0.84
2271,2021-09-16,UMB,4340,2268,2072,652,3636,52,0,ITI,ITI2,10,Umbria,Umbria,882015,707762,80.24,0.49
2272,2021-07-21,UMB,9856,4914,4942,1233,8536,87,0,ITI,ITI2,10,Umbria,Umbria,882015,717618,81.36,1.12
2273,2021-07-04,UMB,3411,1741,1670,2342,971,98,0,ITI,ITI2,10,Umbria,Umbria,882015,721029,81.75,0.39
2274,2021-04-12,UMB,7093,3081,4012,5316,1717,60,0,ITI,ITI2,10,Umbria,Umbria,882015,728122,82.55,0.8
2275,2021-01-19,UMB,102,23,79,102,0,0,0,ITI,ITI2,10,Umbria,Umbria,882015,728224,82.56,0.01
2276,2021-04-29,UMB,5240,2261,2979,2806,2343,91,0,ITI,ITI2,10,Umbria,Umbria,882015,733464,83.16,0.59
2277,2021-03-24,UMB,4108,1794,2314,2746,1323,39,0,ITI,ITI2,10,Umbria,Umbria,882015,737572,83.62,0.47
2278,2021-07-02,UMB,8757,4330,4427,2966,5610,181,0,ITI,ITI2,10,Umbria,Umbria,882015,746329,84.62,0.99
2279,2021-09-18,UMB,2890,1573,1317,1259,1580,51,0,ITI,ITI2,10,Umbria,Umbria,882015,749219,84.94,0.33
2280,2021-06-25,UMB,10245,5321,4924,5255,4786,204,0,ITI,ITI2,10,Umbria,Umbria,882015,759464,86.11,1.16
2281,2021-01-26,UMB,816,390,426,17,799,0,0,ITI,ITI2,10,Umbria,Umbria,882015,760280,86.2,0.09
2282,2021-06-06,UMB,7611,3906,3705,6791,694,126,0,ITI,ITI2,10,Umbria,Umbria,882015,767891,87.06,0.86
2283,2021-02-24,UMB,1521,564,957,1506,15,0,0,ITI,ITI2,10,Umbria,Umbria,882015,769412,87.23,0.17
2284,2021-08-18,UMB,4707,2464,2243,3442,1146,119,0,ITI,ITI2,10,Umbria,Umbria,882015,774119,87.77,0.53
2285,2021-07-18,UMB,7854,4063,3791,273,7554,27,0,ITI,ITI2,10,Umbria,Umbria,882015,781973,88.66,0.89
2286,2021-07-09,UMB,9570,4632,4938,129,9417,24,0,ITI,ITI2,10,Umbria,Umbria,882015,791543,89.74,1.09
2287,2021-07-23,UMB,10673,5455,5218,1336,9231,106,0,ITI,ITI2,10,Umbria,Umbria,882015,802216,90.95,1.21
2288,2021-08-28,UMB,2771,1429,1342,1358,1342,71,0,ITI,ITI2,10,Umbria,Umbria,882015,804987,91.27,0.31
2289,2021-08-23,UMB,5292,2823,2469,1544,3664,84,0,ITI,ITI2,10,Umbria,Umbria,882015,810279,91.87,0.6
2290,2021-09-09,UMB,5454,2837,2617,1037,4365,52,0,ITI,ITI2,10,Umbria,Umbria,882015,815733,92.49,0.62
2291,2021-06-01,UMB,4390,2090,2300,4162,156,72,0,ITI,ITI2,10,Umbria,Umbria,882015,820123,92.98,0.5
2292,2021-03-10,UMB,4033,1944,2089,2761,1257,15,0,ITI,ITI2,10,Umbria,Umbria,882015,824156,93.44,0.46
2293,2021-06-27,UMB,7480,3738,3742,1731,5671,78,0,ITI,ITI2,10,Umbria,Umbria,882015,831636,94.29,0.85
2294,2021-07-28,UMB,8246,4339,3907,2976,5157,113,0,ITI,ITI2,10,Umbria,Umbria,882015,839882,95.22,0.93
2295,2021-02-12,UMB,674,224,450,668,6,0,0,ITI,ITI2,10,Umbria,Umbria,882015,840556,95.3,0.08
2296,2021-02-26,UMB,660,253,407,650,8,2,0,ITI,ITI2,10,Umbria,Umbria,882015,841216,95.37,0.07
2297,2021-05-06,UMB,9474,4326,5148,6028,3316,130,0,ITI,ITI2,10,Umbria,Umbria,882015,850690,96.45,1.07
2298,2021-04-10,UMB,7407,3483,3924,7187,86,134,0,ITI,ITI2,10,Umbria,Umbria,882015,858097,97.29,0.84
2299,2021-01-17,UMB,55,17,38,55,0,0,0,ITI,ITI2,10,Umbria,Umbria,882015,858152,97.29,0.01
2300,2020-12-31,UMB,322,127,195,322,0,0,0,ITI,ITI2,10,Umbria,Umbria,882015,858474,97.33,0.04
2301,2021-06-15,UMB,5993,3018,2975,3798,2075,120,0,ITI,ITI2,10,Umbria,Umbria,882015,864467,98.01,0.68
2302,2021-07-06,UMB,8600,4093,4507,149,8428,23,0,ITI,ITI2,10,Umbria,Umbria,882015,873067,98.99,0.98
2303,2021-05-10,UMB,6012,2814,3198,3743,2152,117,0,ITI,ITI2,10,Umbria,Umbria,882015,879079,99.67,0.68
2304,2021-05-08,UMB,8163,3749,4414,4806,3251,106,0,ITI,ITI2,10,Umbria,Umbria,882015,887242,100.59,0.93
2305,2021-01-28,UMB,1248,394,854,18,1230,0,0,ITI,ITI2,10,Umbria,Umbria,882015,888490,100.73,0.14
2306,2021-07-16,UMB,9633,4900,4733,665,8889,79,0,ITI,ITI2,10,Umbria,Umbria,882015,898123,101.83,1.09
2307,2021-05-20,UMB,9874,4610,5264,6106,3658,110,0,ITI,ITI2,10,Umbria,Umbria,882015,907997,102.95,1.12
2308,2021-09-11,UMB,3387,1870,1517,641,2703,43,0,ITI,ITI2,10,Umbria,Umbria,882015,911384,103.33,0.38
2309,2021-06-05,UMB,8232,3777,4455,5415,2656,161,0,ITI,ITI2,10,Umbria,Umbria,882015,919616,104.26,0.93
2310,2021-09-13,UMB,2454,1235,1219,316,2115,23,0,ITI,ITI2,10,Umbria,Umbria,882015,922070,104.54,0.28
2311,2021-01-16,UMB,204,61,143,203,0,1,0,ITI,ITI2,10,Umbria,Umbria,882015,922274,104.56,0.02
2312,2021-02-02,UMB,945,272,673,32,913,0,0,ITI,ITI2,10,Umbria,Umbria,882015,923219,104.67,0.11
2313,2021-04-26,UMB,5402,2342,3060,3105,2255,42,0,ITI,ITI2,10,Umbria,Umbria,882015,928621,105.28,0.61
2314,2021-09-01,UMB,4600,2371,2229,1136,3405,59,0,ITI,ITI2,10,Umbria,Umbria,882015,933221,105.81,0.52
2315,2021-06-10,UMB,7570,3770,3800,6465,791,314,0,ITI,ITI2,10,Umbria,Umbria,882015,940791,106.66,0.86
2316,2021-08-13,UMB,6975,3871,3104,4247,2526,202,0,ITI,ITI2,10,Umbria,Umbria,882015,947766,107.45,0.79
2317,2021-06-17,UMB,6980,3545,3435,4751,2082,147,0,ITI,ITI2,10,Umbria,Umbria,882015,954746,108.25,0.79
2318,2021-03-26,UMB,4604,1721,2883,4345,175,84,0,ITI,ITI2,10,Umbria,Umbria,882015,959350,108.77,0.52
2319,2021-01-02,UMB,304,111,193,304,0,0,0,ITI,ITI2,10,Umbria,Umbria,882015,959654,108.8,0.03
2320,2021-05-03,UMB,5092,2273,2819,2100,2888,104,0,ITI,ITI2,10,Umbria,Umbria,882015,964746,109.38,0.58
2321,2021-01-23,UMB,280,100,180,2,278,0,0,ITI,ITI2,10,Umbria,Umbria,882015,965026,109.41,0.03
2322,2021-01-21,UMB,609,203,406,339,269,1,0,ITI,ITI2,10,Umbria,Umbria,882015,965635,109.48,0.07
2323,2021-08-20,UMB,4348,2316,2032,2921,1281,146,0,ITI,ITI2,10,Umbria,Umbria,882015,969983,109.97,0.49
2324,2021-03-31,UMB,3901,1731,2170,2184,1686,31,0,ITI,ITI2,10,Umbria,Umbria,882015,973884,110.42,0.44
2325,2021-02-16,UMB,1308,655,653,1299,9,0,0,ITI,ITI2,10,Umbria,Umbria,882015,975192,110.56,0.15
2326,2021-05-27,UMB,9983,4871,5112,8475,1325,183,0,ITI,ITI2,10,Umbria,Umbria,882015,985175,111.7,1.13
2327,2021-01-04,UMB,810,397,413,810,0,0,0,ITI,ITI2,10,Umbria,Umbria,882015,985985,111.79,0.09
2328,2021-04-14,UMB,8159,3682,4477,6100,1980,79,0,ITI,ITI2,10,Umbria,Umbria,882015,994144,112.71,0.93
2329,2021-07-13,UMB,4238,2006,2232,78,4152,8,0,ITI,ITI2,10,Umbria,Umbria,882015,998382,113.19,0.48
2330,2021-04-21,UMB,5332,2320,3012,3060,2232,40,0,ITI,ITI2,10,Umbria,Umbria,882015,1003714,113.8,0.6
2331,2021-07-30,UMB,6219,3243,2976,3185,2914,120,0,ITI,ITI2,10,Umbria,Umbria,882015,1009933,114.5,0.71
2332,2021-03-02,UMB,3647,1346,2301,3637,7,3,0,ITI,ITI2,10,Umbria,Umbria,882015,1013580,114.92,0.41
2333,2021-02-11,UMB,839,348,491,834,5,0,0,ITI,ITI2,10,Umbria,Umbria,882015,1014419,115.01,0.1
2334,2021-05-22,UMB,6986,2762,4224,2603,4334,49,0,ITI,ITI2,10,Umbria,Umbria,882015,1021405,115.8,0.79
2335,2021-04-09,UMB,6751,3130,3621,6412,216,123,0,ITI,ITI2,10,Umbria,Umbria,882015,1028156,116.57,0.77
2336,2021-04-28,UMB,5394,2332,3062,2939,2398,57,0,ITI,ITI2,10,Umbria,Umbria,882015,1033550,117.18,0.61
2337,2021-08-06,UMB,8242,4311,3931,3329,4825,88,0,ITI,ITI2,10,Umbria,Umbria,882015,1041792,118.11,0.93
2338,2021-02-04,UMB,736,226,510,26,710,0,0,ITI,ITI2,10,Umbria,Umbria,882015,1042528,118.2,0.08
2339,2021-05-15,UMB,4999,1886,3113,1767,3168,64,0,ITI,ITI2,10,Umbria,Umbria,882015,1047527,118.77,0.57
2340,2021-03-07,UMB,846,180,666,838,7,1,0,ITI,ITI2,10,Umbria,Umbria,882015,1048373,118.86,0.1
2341,2021-09-08,UMB,4618,2472,2146,988,3558,72,0,ITI,ITI2,10,Umbria,Umbria,882015,1052991,119.38,0.52
2342,2021-09-06,UMB,4577,2385,2192,894,3645,38,0,ITI,ITI2,10,Umbria,Umbria,882015,1057568,119.9,0.52
2343,2021-09-20,UMB,2561,1358,1203,768,1669,39,85,ITI,ITI2,10,Umbria,Umbria,882015,1060129,120.19,0.29
2344,2021-07-25,UMB,7310,3852,3458,1167,6099,44,0,ITI,ITI2,10,Umbria,Umbria,882015,1067439,121.02,0.83
2345,2021-06-24,UMB,10268,5169,5099,6025,4014,229,0,ITI,ITI2,10,Umbria,Umbria,882015,1077707,122.19,1.16
2346,2021-06-03,UMB,9051,4473,4578,8584,290,177,0,ITI,ITI2,10,Umbria,Umbria,882015,1086758,123.21,1.03
2347,2021-04-07,UMB,5626,2305,3321,3533,2006,87,0,ITI,ITI2,10,Umbria,Umbria,882015,1092384,123.85,0.64
2348,2021-02-23,UMB,1691,657,1034,1648,42,1,0,ITI,ITI2,10,Umbria,Umbria,882015,1094075,124.04,0.19
2349,2021-02-21,UMB,1,0,1,1,0,0,0,ITI,ITI2,10,Umbria,Umbria,882015,1094076,124.04,0.0
2350,2021-05-29,UMB,7862,3614,4248,6177,1571,114,0,ITI,ITI2,10,Umbria,Umbria,882015,1101938,124.93,0.89
2351,2021-07-11,UMB,5875,2967,2908,89,5785,1,0,ITI,ITI2,10,Umbria,Umbria,882015,1107813,125.6,0.67
2352,2021-04-02,UMB,4349,1782,2567,3547,757,45,0,ITI,ITI2,10,Umbria,Umbria,882015,1112162,126.09,0.49
2353,2021-01-09,UMB,1718,495,1223,1718,0,0,0,ITI,ITI2,10,Umbria,Umbria,882015,1113880,126.29,0.19
2354,2021-04-19,UMB,5038,2228,2810,2931,2048,59,0,ITI,ITI2,10,Umbria,Umbria,882015,1118918,126.86,0.57
2355,2021-05-26,UMB,9666,4574,5092,8220,1254,192,0,ITI,ITI2,10,Umbria,Umbria,882015,1128584,127.96,1.1
2356,2021-09-03,UMB,4234,2193,2041,1320,2854,60,0,ITI,ITI2,10,Umbria,Umbria,882015,1132818,128.44,0.48
2357,2021-07-26,UMB,9092,4804,4288,3874,5091,127,0,ITI,ITI2,10,Umbria,Umbria,882015,1141910,129.47,1.03
2358,2021-05-28,UMB,9601,4440,5161,7116,2301,184,0,ITI,ITI2,10,Umbria,Umbria,882015,1151511,130.55,1.09
2359,2021-04-15,UMB,7665,3505,4160,5702,1889,74,0,ITI,ITI2,10,Umbria,Umbria,882015,1159176,131.42,0.87
2360,2021-02-17,UMB,1619,748,871,1266,352,1,0,ITI,ITI2,10,Umbria,Umbria,882015,1160795,131.61,0.18
2361,2021-07-24,UMB,8699,4368,4331,1346,7285,68,0,ITI,ITI2,10,Umbria,Umbria,882015,1169494,132.59,0.99
2362,2021-04-13,UMB,7683,3402,4281,5924,1669,90,0,ITI,ITI2,10,Umbria,Umbria,882015,1177177,133.46,0.87
2363,2021-02-15,UMB,1367,692,675,1364,1,2,0,ITI,ITI2,10,Umbria,Umbria,882015,1178544,133.62,0.15
2364,2021-01-03,UMB,270,112,158,270,0,0,0,ITI,ITI2,10,Umbria,Umbria,882015,1178814,133.65,0.03
2365,2021-07-31,UMB,4334,2262,2072,1478,2809,47,0,ITI,ITI2,10,Umbria,Umbria,882015,1183148,134.14,0.49
2366,2021-04-22,UMB,5458,2251,3207,2702,2674,82,0,ITI,ITI2,10,Umbria,Umbria,882015,1188606,134.76,0.62
2367,2021-04-17,UMB,6697,3077,3620,5187,1343,167,0,ITI,ITI2,10,Umbria,Umbria,882015,1195303,135.52,0.76
2368,2021-01-05,UMB,855,430,425,855,0,0,0,ITI,ITI2,10,Umbria,Umbria,882015,1196158,135.62,0.1
2369,2021-08-02,UMB,5538,2897,2641,259,5257,22,0,ITI,ITI2,10,Umbria,Umbria,882015,1201696,136.24,0.63
2370,2021-06-20,UMB,6225,3007,3218,1577,4605,43,0,ITI,ITI2,10,Umbria,Umbria,882015,1207921,136.95,0.71
2371,2021-04-24,UMB,4566,1962,2604,3277,1183,106,0,ITI,ITI2,10,Umbria,Umbria,882015,1212487,137.47,0.52
2372,2021-01-12,UMB,838,247,591,838,0,0,0,ITI,ITI2,10,Umbria,Umbria,882015,1213325,137.56,0.1
2373,2021-03-14,UMB,66,48,18,66,0,0,0,ITI,ITI2,10,Umbria,Umbria,882015,1213391,137.57,0.01
2374,2021-06-22,UMB,8092,4105,3987,5145,2801,146,0,ITI,ITI2,10,Umbria,Umbria,882015,1221483,138.49,0.92
2375,2021-03-12,UMB,2695,1082,1613,2191,496,8,0,ITI,ITI2,10,Umbria,Umbria,882015,1224178,138.79,0.31
2376,2021-03-21,UMB,676,338,338,673,0,3,0,ITI,ITI2,10,Umbria,Umbria,882015,1224854,138.87,0.08
2377,2021-08-25,UMB,4293,2234,2059,1543,2669,81,0,ITI,ITI2,10,Umbria,Umbria,882015,1229147,139.36,0.49
2378,2021-06-29,UMB,9974,5082,4892,4112,5702,160,0,ITI,ITI2,10,Umbria,Umbria,882015,1239121,140.49,1.13
2379,2021-05-17,UMB,6380,3068,3312,4114,2180,86,0,ITI,ITI2,10,Umbria,Umbria,882015,1245501,141.21,0.72
2380,2021-01-14,UMB,725,192,533,725,0,0,0,ITI,ITI2,10,Umbria,Umbria,882015,1246226,141.29,0.08
2381,2021-03-19,UMB,1744,566,1178,1083,656,5,0,ITI,ITI2,10,Umbria,Umbria,882015,1247970,141.49,0.2
2382,2021-03-24,MAR,7098,3019,4079,3309,3716,73,0,ITI,ITI3,11,Marche,Marche,1525271,7098,0.47,0.47
2383,2021-06-01,MAR,12056,6157,5899,9680,2090,286,0,ITI,ITI3,11,Marche,Marche,1525271,19154,1.26,0.79
2384,2021-03-10,MAR,5711,2442,3269,4477,1180,54,0,ITI,ITI3,11,Marche,Marche,1525271,24865,1.63,0.37
2385,2021-02-21,MAR,376,141,235,363,1,12,0,ITI,ITI3,11,Marche,Marche,1525271,25241,1.65,0.02
2386,2021-05-20,MAR,12686,5962,6724,7537,4898,251,0,ITI,ITI3,11,Marche,Marche,1525271,37927,2.49,0.83
2387,2021-02-07,MAR,1872,735,1137,331,1529,12,0,ITI,ITI3,11,Marche,Marche,1525271,39799,2.61,0.12
2388,2021-04-05,MAR,5703,2367,3336,4352,1269,82,0,ITI,ITI3,11,Marche,Marche,1525271,45502,2.98,0.37
2389,2021-06-27,MAR,9950,4819,5131,4486,5293,171,0,ITI,ITI3,11,Marche,Marche,1525271,55452,3.64,0.65
2390,2021-03-19,MAR,3881,1621,2260,325,3544,12,0,ITI,ITI3,11,Marche,Marche,1525271,59333,3.89,0.25
2391,2021-08-11,MAR,7571,4099,3472,3169,4165,237,0,ITI,ITI3,11,Marche,Marche,1525271,66904,4.39,0.5
2392,2021-06-15,MAR,13199,6574,6625,9827,3052,320,0,ITI,ITI3,11,Marche,Marche,1525271,80103,5.25,0.87
2393,2021-01-12,MAR,1237,418,819,1224,0,13,0,ITI,ITI3,11,Marche,Marche,1525271,81340,5.33,0.08
2394,2021-08-06,MAR,11704,6353,5351,4143,7279,282,0,ITI,ITI3,11,Marche,Marche,1525271,93044,6.1,0.77
2395,2021-05-15,MAR,14119,6442,7677,7826,6045,248,0,ITI,ITI3,11,Marche,Marche,1525271,107163,7.03,0.93
2396,2021-08-23,MAR,6196,3341,2855,2278,3650,268,0,ITI,ITI3,11,Marche,Marche,1525271,113359,7.43,0.41
2397,2021-02-19,MAR,2002,739,1263,1826,135,41,0,ITI,ITI3,11,Marche,Marche,1525271,115361,7.56,0.13
2398,2021-01-26,MAR,2021,747,1274,69,1943,9,0,ITI,ITI3,11,Marche,Marche,1525271,117382,7.7,0.13
2399,2021-07-11,MAR,10399,5220,5179,1605,8657,137,0,ITI,ITI3,11,Marche,Marche,1525271,127781,8.38,0.68
2400,2021-04-19,MAR,9610,4505,5105,7897,1588,125,0,ITI,ITI3,11,Marche,Marche,1525271,137391,9.01,0.63
2401,2021-07-28,MAR,14198,7369,6829,3249,10717,232,0,ITI,ITI3,11,Marche,Marche,1525271,151589,9.94,0.93
2402,2021-09-06,MAR,6376,3389,2987,1771,4392,213,0,ITI,ITI3,11,Marche,Marche,1525271,157965,10.36,0.42
2403,2021-05-27,MAR,13734,6818,6916,9180,4301,253,0,ITI,ITI3,11,Marche,Marche,1525271,171699,11.26,0.9
2404,2021-03-31,MAR,7375,3088,4287,4262,3025,88,0,ITI,ITI3,11,Marche,Marche,1525271,179074,11.74,0.48
2405,2021-09-04,MAR,5450,2976,2474,1639,3625,186,0,ITI,ITI3,11,Marche,Marche,1525271,184524,12.1,0.36
2406,2021-01-21,MAR,922,262,660,577,328,17,0,ITI,ITI3,11,Marche,Marche,1525271,185446,12.16,0.06
2407,2021-05-01,MAR,9327,3926,5401,3498,5752,77,0,ITI,ITI3,11,Marche,Marche,1525271,194773,12.77,0.61
2408,2021-01-19,MAR,233,87,146,140,90,3,0,ITI,ITI3,11,Marche,Marche,1525271,195006,12.79,0.02
2409,2021-02-02,MAR,1193,398,795,70,1123,0,0,ITI,ITI3,11,Marche,Marche,1525271,196199,12.86,0.08
2410,2021-05-13,MAR,12615,5700,6915,6824,5508,283,0,ITI,ITI3,11,Marche,Marche,1525271,208814,13.69,0.83
2411,2021-04-12,MAR,8572,3774,4798,7931,482,159,0,ITI,ITI3,11,Marche,Marche,1525271,217386,14.25,0.56
2412,2021-01-02,MAR,458,143,315,456,0,2,0,ITI,ITI3,11,Marche,Marche,1525271,217844,14.28,0.03
2413,2021-07-23,MAR,15542,8279,7263,2527,12790,225,0,ITI,ITI3,11,Marche,Marche,1525271,233386,15.3,1.02
2414,2021-07-18,MAR,12125,6310,5815,1333,10674,118,0,ITI,ITI3,11,Marche,Marche,1525271,245511,16.1,0.79
2415,2021-01-31,MAR,1921,772,1149,93,1824,4,0,ITI,ITI3,11,Marche,Marche,1525271,247432,16.22,0.13
2416,2021-04-07,MAR,8875,3933,4942,8356,369,150,0,ITI,ITI3,11,Marche,Marche,1525271,256307,16.8,0.58
2417,2021-02-09,MAR,125,42,83,46,79,0,0,ITI,ITI3,11,Marche,Marche,1525271,256432,16.81,0.01
2418,2021-07-16,MAR,15839,8240,7599,1844,13737,258,0,ITI,ITI3,11,Marche,Marche,1525271,272271,17.85,1.04
2419,2021-06-22,MAR,13219,6482,6737,6475,6461,283,0,ITI,ITI3,11,Marche,Marche,1525271,285490,18.72,0.87
2420,2021-04-26,MAR,9177,4063,5114,6019,3028,130,0,ITI,ITI3,11,Marche,Marche,1525271,294667,19.32,0.6
2421,2021-08-18,MAR,6423,3423,3000,3216,2872,335,0,ITI,ITI3,11,Marche,Marche,1525271,301090,19.74,0.42
2422,2021-08-04,MAR,12002,6379,5623,4058,7701,243,0,ITI,ITI3,11,Marche,Marche,1525271,313092,20.53,0.79
2423,2021-09-18,MAR,4781,2656,2125,2119,2487,175,0,ITI,ITI3,11,Marche,Marche,1525271,317873,20.84,0.31
2424,2021-03-17,MAR,3477,1525,1952,105,3370,2,0,ITI,ITI3,11,Marche,Marche,1525271,321350,21.07,0.23
2425,2021-08-30,MAR,5679,2842,2837,2360,3049,270,0,ITI,ITI3,11,Marche,Marche,1525271,327029,21.44,0.37
2426,2021-02-28,MAR,2837,1251,1586,2823,6,8,0,ITI,ITI3,11,Marche,Marche,1525271,329866,21.63,0.19
2427,2021-06-08,MAR,14098,7094,7004,11195,2611,292,0,ITI,ITI3,11,Marche,Marche,1525271,343964,22.55,0.92
2428,2021-02-14,MAR,738,301,437,726,0,12,0,ITI,ITI3,11,Marche,Marche,1525271,344702,22.6,0.05
2429,2021-08-16,MAR,5167,2782,2385,2984,2023,160,0,ITI,ITI3,11,Marche,Marche,1525271,349869,22.94,0.34
2430,2021-05-08,MAR,12292,5486,6806,4849,7265,178,0,ITI,ITI3,11,Marche,Marche,1525271,362161,23.74,0.81
2431,2021-07-04,MAR,10897,5445,5452,3205,7531,161,0,ITI,ITI3,11,Marche,Marche,1525271,373058,24.46,0.71
2432,2021-07-09,MAR,14903,7502,7401,2557,12132,214,0,ITI,ITI3,11,Marche,Marche,1525271,387961,25.44,0.98
2433,2021-09-13,MAR,8068,4277,3791,2046,5779,243,0,ITI,ITI3,11,Marche,Marche,1525271,396029,25.96,0.53
2434,2021-03-29,MAR,5898,2583,3315,3391,2458,49,0,ITI,ITI3,11,Marche,Marche,1525271,401927,26.35,0.39
2435,2021-03-05,MAR,6226,2873,3353,4690,1469,67,0,ITI,ITI3,11,Marche,Marche,1525271,408153,26.76,0.41
2436,2021-01-07,MAR,1821,642,1179,1804,0,17,0,ITI,ITI3,11,Marche,Marche,1525271,409974,26.88,0.12
2437,2021-03-12,MAR,4681,1999,2682,3346,1280,55,0,ITI,ITI3,11,Marche,Marche,1525271,414655,27.19,0.31
2438,2021-08-25,MAR,5584,2991,2593,2724,2539,321,0,ITI,ITI3,11,Marche,Marche,1525271,420239,27.55,0.37
2439,2021-03-07,MAR,5180,2107,3073,4377,754,49,0,ITI,ITI3,11,Marche,Marche,1525271,425419,27.89,0.34
2440,2021-08-08,MAR,5638,3020,2618,1682,3845,111,0,ITI,ITI3,11,Marche,Marche,1525271,431057,28.26,0.37
2441,2021-06-12,MAR,13781,7315,6466,12104,1346,331,0,ITI,ITI3,11,Marche,Marche,1525271,444838,29.16,0.9
2442,2021-04-16,MAR,10086,4704,5382,9348,526,212,0,ITI,ITI3,11,Marche,Marche,1525271,454924,29.83,0.66
2443,2021-09-20,MAR,6443,3477,2966,2127,4025,193,98,ITI,ITI3,11,Marche,Marche,1525271,461367,30.25,0.42
2444,2021-07-25,MAR,9351,4933,4418,1004,8249,98,0,ITI,ITI3,11,Marche,Marche,1525271,470718,30.86,0.61
2445,2021-01-23,MAR,557,190,367,118,436,3,0,ITI,ITI3,11,Marche,Marche,1525271,471275,30.9,0.04
2446,2021-06-29,MAR,13372,6600,6772,4927,8215,230,0,ITI,ITI3,11,Marche,Marche,1525271,484647,31.77,0.88
2447,2021-05-03,MAR,10410,4690,5720,4857,5414,139,0,ITI,ITI3,11,Marche,Marche,1525271,495057,32.46,0.68
2448,2021-03-28,MAR,4128,1741,2387,2396,1693,39,0,ITI,ITI3,11,Marche,Marche,1525271,499185,32.73,0.27
2449,2021-01-30,MAR,1906,669,1237,24,1882,0,0,ITI,ITI3,11,Marche,Marche,1525271,501091,32.85,0.12
2450,2021-05-10,MAR,9463,4343,5120,4746,4564,153,0,ITI,ITI3,11,Marche,Marche,1525271,510554,33.47,0.62
2451,2021-03-14,MAR,2499,1032,1467,1896,592,11,0,ITI,ITI3,11,Marche,Marche,1525271,513053,33.64,0.16
2452,2021-03-02,MAR,5003,1968,3035,4370,566,67,0,ITI,ITI3,11,Marche,Marche,1525271,518056,33.96,0.33
2453,2021-06-10,MAR,14930,7695,7235,12573,2013,344,0,ITI,ITI3,11,Marche,Marche,1525271,532986,34.94,0.98
2454,2021-07-30,MAR,14714,7863,6851,4867,9559,288,0,ITI,ITI3,11,Marche,Marche,1525271,547700,35.91,0.96
2455,2021-01-09,MAR,1720,608,1112,1700,0,20,0,ITI,ITI3,11,Marche,Marche,1525271,549420,36.02,0.11
2456,2021-04-02,MAR,6893,2987,3906,6042,739,112,0,ITI,ITI3,11,Marche,Marche,1525271,556313,36.47,0.45
2457,2021-03-16,MAR,3522,1523,1999,284,3232,6,0,ITI,ITI3,11,Marche,Marche,1525271,559835,36.7,0.23
2458,2021-09-11,MAR,3663,1897,1766,1370,2124,169,0,ITI,ITI3,11,Marche,Marche,1525271,563498,36.94,0.24
2459,2020-12-31,MAR,392,184,208,390,0,2,0,ITI,ITI3,11,Marche,Marche,1525271,563890,36.97,0.03
2460,2021-02-04,MAR,2389,844,1545,107,2277,5,0,ITI,ITI3,11,Marche,Marche,1525271,566279,37.13,0.16
2461,2021-01-04,MAR,1529,574,955,1516,0,13,0,ITI,ITI3,11,Marche,Marche,1525271,567808,37.23,0.1
2462,2021-04-14,MAR,10220,4566,5654,9651,369,200,0,ITI,ITI3,11,Marche,Marche,1525271,578028,37.9,0.67
2463,2020-12-30,MAR,17,5,12,17,0,0,0,ITI,ITI3,11,Marche,Marche,1525271,578045,37.9,0.0
2464,2021-04-09,MAR,9571,4191,5380,9149,200,222,0,ITI,ITI3,11,Marche,Marche,1525271,587616,38.53,0.63
2465,2021-01-14,MAR,2019,696,1323,1995,0,24,0,ITI,ITI3,11,Marche,Marche,1525271,589635,38.66,0.13
2466,2021-06-20,MAR,11161,5547,5614,5989,4989,183,0,ITI,ITI3,11,Marche,Marche,1525271,600796,39.39,0.73
2467,2021-04-24,MAR,12174,5367,6807,7556,4469,149,0,ITI,ITI3,11,Marche,Marche,1525271,612970,40.19,0.8
2468,2021-02-26,MAR,3681,1523,2158,3096,480,105,0,ITI,ITI3,11,Marche,Marche,1525271,616651,40.43,0.24
2469,2021-05-12,MAR,10432,4692,5740,4731,5505,196,0,ITI,ITI3,11,Marche,Marche,1525271,627083,41.11,0.68
2470,2021-07-06,MAR,13963,6920,7043,3140,10598,225,0,ITI,ITI3,11,Marche,Marche,1525271,641046,42.03,0.92
2471,2021-07-20,MAR,14398,7437,6961,1769,12454,175,0,ITI,ITI3,11,Marche,Marche,1525271,655444,42.97,0.94
2472,2021-01-16,MAR,2042,735,1307,1991,0,51,0,ITI,ITI3,11,Marche,Marche,1525271,657486,43.11,0.13
2473,2021-06-19,MAR,14697,7404,7293,7749,6683,265,0,ITI,ITI3,11,Marche,Marche,1525271,672183,44.07,0.96
2474,2021-03-21,MAR,4506,1873,2633,1612,2877,17,0,ITI,ITI3,11,Marche,Marche,1525271,676689,44.37,0.3
2475,2021-02-06,MAR,2462,902,1560,512,1941,9,0,ITI,ITI3,11,Marche,Marche,1525271,679151,44.53,0.16
2476,2021-09-01,MAR,6206,3280,2926,2021,3952,233,0,ITI,ITI3,11,Marche,Marche,1525271,685357,44.93,0.41
2477,2021-08-15,MAR,225,112,113,205,13,7,0,ITI,ITI3,11,Marche,Marche,1525271,685582,44.95,0.01
2478,2021-05-24,MAR,11001,5193,5808,7958,2866,177,0,ITI,ITI3,11,Marche,Marche,1525271,696583,45.67,0.72
2479,2021-05-22,MAR,11941,5720,6221,7321,4449,171,0,ITI,ITI3,11,Marche,Marche,1525271,708524,46.45,0.78
2480,2021-06-24,MAR,13845,6679,7166,6187,7387,271,0,ITI,ITI3,11,Marche,Marche,1525271,722369,47.36,0.91
2481,2021-01-11,MAR,1183,413,770,1165,0,18,0,ITI,ITI3,11,Marche,Marche,1525271,723552,47.44,0.08
2482,2021-01-18,MAR,696,237,459,536,149,11,0,ITI,ITI3,11,Marche,Marche,1525271,724248,47.48,0.05
2483,2021-04-28,MAR,10939,4984,5955,6018,4745,176,0,ITI,ITI3,11,Marche,Marche,1525271,735187,48.2,0.72
2484,2021-03-26,MAR,6393,2626,3767,3474,2860,59,0,ITI,ITI3,11,Marche,Marche,1525271,741580,48.62,0.42
2485,2021-07-27,MAR,14370,7537,6833,3031,11112,227,0,ITI,ITI3,11,Marche,Marche,1525271,755950,49.56,0.94
2486,2021-09-22,MAR,6027,3300,2727,1654,4011,166,196,ITI,ITI3,11,Marche,Marche,1525271,761977,49.96,0.4
2487,2021-01-06,MAR,2216,804,1412,2197,0,19,0,ITI,ITI3,11,Marche,Marche,1525271,764193,50.1,0.15
2488,2021-03-04,MAR,6539,2894,3645,5080,1395,64,0,ITI,ITI3,11,Marche,Marche,1525271,770732,50.53,0.43
2489,2021-03-13,MAR,5809,2682,3127,1765,4003,41,0,ITI,ITI3,11,Marche,Marche,1525271,776541,50.91,0.38
2490,2021-08-17,MAR,7595,4041,3554,3086,4285,224,0,ITI,ITI3,11,Marche,Marche,1525271,784136,51.41,0.5
2491,2021-05-31,MAR,11782,5944,5838,8599,2931,252,0,ITI,ITI3,11,Marche,Marche,1525271,795918,52.18,0.77
2492,2021-05-17,MAR,12047,5649,6398,7463,4355,229,0,ITI,ITI3,11,Marche,Marche,1525271,807965,52.97,0.79
2493,2021-09-08,MAR,7229,3781,3448,2062,4909,258,0,ITI,ITI3,11,Marche,Marche,1525271,815194,53.45,0.47
2494,2021-04-30,MAR,14170,6207,7963,5393,8578,199,0,ITI,ITI3,11,Marche,Marche,1525271,829364,54.37,0.93
2495,2021-08-20,MAR,4964,2693,2271,2952,1687,325,0,ITI,ITI3,11,Marche,Marche,1525271,834328,54.7,0.33
2496,2021-09-03,MAR,6437,3383,3054,2190,3967,280,0,ITI,ITI3,11,Marche,Marche,1525271,840765,55.12,0.42
2497,2021-07-08,MAR,15040,7539,7501,2787,12027,226,0,ITI,ITI3,11,Marche,Marche,1525271,855805,56.11,0.99
2498,2021-08-27,MAR,5715,3050,2665,2800,2514,401,0,ITI,ITI3,11,Marche,Marche,1525271,861520,56.48,0.37
2499,2021-07-01,MAR,14697,7367,7330,4659,9760,278,0,ITI,ITI3,11,Marche,Marche,1525271,876217,57.45,0.96
2500,2021-07-17,MAR,15139,7792,7347,1383,13544,212,0,ITI,ITI3,11,Marche,Marche,1525271,891356,58.44,0.99
2501,2021-05-21,MAR,13909,6594,7315,7225,6472,212,0,ITI,ITI3,11,Marche,Marche,1525271,905265,59.35,0.91
2502,2021-09-12,MAR,250,127,123,171,47,32,0,ITI,ITI3,11,Marche,Marche,1525271,905515,59.37,0.02
2503,2021-08-29,MAR,453,255,198,245,182,26,0,ITI,ITI3,11,Marche,Marche,1525271,905968,59.4,0.03
2504,2021-02-11,MAR,1988,657,1331,1557,390,41,0,ITI,ITI3,11,Marche,Marche,1525271,907956,59.53,0.13
2505,2021-05-05,MAR,11697,5322,6375,5101,6434,162,0,ITI,ITI3,11,Marche,Marche,1525271,919653,60.29,0.77
2506,2021-08-13,MAR,6752,3760,2992,3389,3151,212,0,ITI,ITI3,11,Marche,Marche,1525271,926405,60.74,0.44
2507,2021-04-21,MAR,10788,4970,5818,9423,1196,169,0,ITI,ITI3,11,Marche,Marche,1525271,937193,61.44,0.71
2508,2021-01-28,MAR,2091,726,1365,158,1932,1,0,ITI,ITI3,11,Marche,Marche,1525271,939284,61.58,0.14
2509,2021-04-04,MAR,3836,1797,2039,2614,1170,52,0,ITI,ITI3,11,Marche,Marche,1525271,943120,61.83,0.25
2510,2021-07-13,MAR,14852,7277,7575,1456,13267,129,0,ITI,ITI3,11,Marche,Marche,1525271,957972,62.81,0.97
2511,2021-08-31,MAR,4834,2564,2270,2016,2589,229,0,ITI,ITI3,11,Marche,Marche,1525271,962806,63.12,0.32
2512,2021-06-09,MAR,14279,7417,6862,12108,1869,302,0,ITI,ITI3,11,Marche,Marche,1525271,977085,64.06,0.94
2513,2021-09-17,MAR,8247,4568,3679,2053,5972,222,0,ITI,ITI3,11,Marche,Marche,1525271,985332,64.6,0.54
2514,2021-06-17,MAR,15207,7566,7641,8796,6113,298,0,ITI,ITI3,11,Marche,Marche,1525271,1000539,65.6,1.0
2515,2021-03-09,MAR,5430,2293,3137,4457,881,92,0,ITI,ITI3,11,Marche,Marche,1525271,1005969,65.95,0.36
2516,2021-07-22,MAR,15746,8048,7698,2017,13487,242,0,ITI,ITI3,11,Marche,Marche,1525271,1021715,66.99,1.03
2517,2021-04-13,MAR,9838,4261,5577,9393,234,211,0,ITI,ITI3,11,Marche,Marche,1525271,1031553,67.63,0.65
2518,2021-06-21,MAR,12609,6185,6424,5482,6881,246,0,ITI,ITI3,11,Marche,Marche,1525271,1044162,68.46,0.83
2519,2021-05-09,MAR,8867,4023,4844,3559,5230,78,0,ITI,ITI3,11,Marche,Marche,1525271,1053029,69.04,0.58
2520,2021-02-15,MAR,967,412,555,939,13,15,0,ITI,ITI3,11,Marche,Marche,1525271,1053996,69.1,0.06
2521,2021-05-26,MAR,11889,5952,5937,8448,3227,214,0,ITI,ITI3,11,Marche,Marche,1525271,1065885,69.88,0.78
2522,2021-06-07,MAR,13322,6589,6733,10569,2450,303,0,ITI,ITI3,11,Marche,Marche,1525271,1079207,70.76,0.87
2523,2021-02-27,MAR,3401,1457,1944,3158,209,34,0,ITI,ITI3,11,Marche,Marche,1525271,1082608,70.98,0.22
2524,2021-05-28,MAR,13964,6741,7223,8802,4864,298,0,ITI,ITI3,11,Marche,Marche,1525271,1096572,71.89,0.92
2525,2021-04-01,MAR,7578,3185,4393,4064,3419,95,0,ITI,ITI3,11,Marche,Marche,1525271,1104150,72.39,0.5
2526,2021-09-05,MAR,194,99,95,131,37,26,0,ITI,ITI3,11,Marche,Marche,1525271,1104344,72.4,0.01
2527,2021-07-24,MAR,13277,7118,6159,2941,10077,259,0,ITI,ITI3,11,Marche,Marche,1525271,1117621,73.27,0.87
2528,2021-07-10,MAR,14161,7233,6928,1656,12302,203,0,ITI,ITI3,11,Marche,Marche,1525271,1131782,74.2,0.93
2529,2021-04-11,MAR,7117,3116,4001,6681,287,149,0,ITI,ITI3,11,Marche,Marche,1525271,1138899,74.67,0.47
2530,2021-03-11,MAR,6637,2824,3813,5145,1412,80,0,ITI,ITI3,11,Marche,Marche,1525271,1145536,75.1,0.44
2531,2021-03-25,MAR,6706,2796,3910,3186,3458,62,0,ITI,ITI3,11,Marche,Marche,1525271,1152242,75.54,0.44
2532,2021-05-07,MAR,12838,5802,7036,3549,9187,102,0,ITI,ITI3,11,Marche,Marche,1525271,1165080,76.39,0.84
2533,2021-02-13,MAR,1093,462,631,987,82,24,0,ITI,ITI3,11,Marche,Marche,1525271,1166173,76.46,0.07
2534,2021-01-27,MAR,2119,778,1341,113,2004,2,0,ITI,ITI3,11,Marche,Marche,1525271,1168292,76.6,0.14
2535,2021-04-20,MAR,10754,5028,5726,9146,1471,137,0,ITI,ITI3,11,Marche,Marche,1525271,1179046,77.3,0.71
2536,2021-07-05,MAR,13167,6510,6657,2918,10077,172,0,ITI,ITI3,11,Marche,Marche,1525271,1192213,78.16,0.86
2537,2021-06-16,MAR,13755,6912,6843,9125,4365,265,0,ITI,ITI3,11,Marche,Marche,1525271,1205968,79.07,0.9
2538,2021-06-02,MAR,11903,5939,5964,11028,679,196,0,ITI,ITI3,11,Marche,Marche,1525271,1217871,79.85,0.78
2539,2021-09-10,MAR,7565,4074,3491,2069,5195,301,0,ITI,ITI3,11,Marche,Marche,1525271,1225436,80.34,0.5
2540,2021-03-06,MAR,5738,2641,3097,4418,1268,52,0,ITI,ITI3,11,Marche,Marche,1525271,1231174,80.72,0.38
2541,2021-06-14,MAR,12838,6486,6352,9256,3310,272,0,ITI,ITI3,11,Marche,Marche,1525271,1244012,81.56,0.84
2542,2021-04-22,MAR,10798,4931,5867,9078,1579,141,0,ITI,ITI3,11,Marche,Marche,1525271,1254810,82.27,0.71
2543,2021-02-24,MAR,3534,1547,1987,3424,78,32,0,ITI,ITI3,11,Marche,Marche,1525271,1258344,82.5,0.23
2544,2021-06-04,MAR,14338,7290,7048,11588,2440,310,0,ITI,ITI3,11,Marche,Marche,1525271,1272682,83.44,0.94
2545,2021-04-08,MAR,9492,4159,5333,8960,370,162,0,ITI,ITI3,11,Marche,Marche,1525271,1282174,84.06,0.62
2546,2021-03-30,MAR,7485,3079,4406,4575,2834,76,0,ITI,ITI3,11,Marche,Marche,1525271,1289659,84.55,0.49
2547,2021-02-01,MAR,1362,479,883,93,1266,3,0,ITI,ITI3,11,Marche,Marche,1525271,1291021,84.64,0.09
2548,2021-09-19,MAR,227,117,110,135,63,29,0,ITI,ITI3,11,Marche,Marche,1525271,1291248,84.66,0.01
2549,2021-03-18,MAR,3440,1507,1933,149,3279,12,0,ITI,ITI3,11,Marche,Marche,1525271,1294688,84.88,0.23
2550,2021-06-26,MAR,13577,6906,6671,5688,7672,217,0,ITI,ITI3,11,Marche,Marche,1525271,1308265,85.77,0.89
2551,2021-05-23,MAR,9210,4284,4926,7414,1672,124,0,ITI,ITI3,11,Marche,Marche,1525271,1317475,86.38,0.6
2552,2021-07-03,MAR,13843,6991,6852,4136,9395,312,0,ITI,ITI3,11,Marche,Marche,1525271,1331318,87.28,0.91
2553,2021-02-20,MAR,4163,1732,2431,4042,111,10,0,ITI,ITI3,11,Marche,Marche,1525271,1335481,87.56,0.27
2554,2021-08-22,MAR,109,60,49,75,26,8,0,ITI,ITI3,11,Marche,Marche,1525271,1335590,87.56,0.01
2555,2021-01-20,MAR,406,100,306,384,20,2,0,ITI,ITI3,11,Marche,Marche,1525271,1335996,87.59,0.03
2556,2021-02-22,MAR,3461,1532,1929,3351,75,35,0,ITI,ITI3,11,Marche,Marche,1525271,1339457,87.82,0.23
2557,2021-08-24,MAR,6442,3404,3038,3300,2759,383,0,ITI,ITI3,11,Marche,Marche,1525271,1345899,88.24,0.42
2558,2021-08-05,MAR,11905,6393,5512,4077,7560,268,0,ITI,ITI3,11,Marche,Marche,1525271,1357804,89.02,0.78
2559,2021-07-29,MAR,14846,7880,6966,4579,9955,312,0,ITI,ITI3,11,Marche,Marche,1525271,1372650,89.99,0.97
2560,2021-01-25,MAR,1597,559,1038,90,1507,0,0,ITI,ITI3,11,Marche,Marche,1525271,1374247,90.1,0.1
2561,2021-01-08,MAR,1583,592,991,1568,0,15,0,ITI,ITI3,11,Marche,Marche,1525271,1375830,90.2,0.1
2562,2021-04-18,MAR,8824,4131,4693,7728,921,175,0,ITI,ITI3,11,Marche,Marche,1525271,1384654,90.78,0.58
2563,2021-08-28,MAR,3147,1697,1450,1202,1799,146,0,ITI,ITI3,11,Marche,Marche,1525271,1387801,90.99,0.21
2564,2021-01-29,MAR,1994,731,1263,154,1835,5,0,ITI,ITI3,11,Marche,Marche,1525271,1389795,91.12,0.13
2565,2021-05-18,MAR,11272,5347,5925,7488,3603,181,0,ITI,ITI3,11,Marche,Marche,1525271,1401067,91.86,0.74
2566,2021-08-26,MAR,5682,3028,2654,2776,2546,360,0,ITI,ITI3,11,Marche,Marche,1525271,1406749,92.23,0.37
2567,2021-04-06,MAR,8876,3693,5183,7928,810,138,0,ITI,ITI3,11,Marche,Marche,1525271,1415625,92.81,0.58
2568,2021-03-23,MAR,5838,2556,3282,2223,3576,39,0,ITI,ITI3,11,Marche,Marche,1525271,1421463,93.19,0.38
2569,2021-02-08,MAR,834,259,575,366,463,5,0,ITI,ITI3,11,Marche,Marche,1525271,1422297,93.25,0.05
2570,2021-07-15,MAR,16010,8287,7723,1749,14032,229,0,ITI,ITI3,11,Marche,Marche,1525271,1438307,94.3,1.05
2571,2021-05-19,MAR,11668,5364,6304,8364,3103,201,0,ITI,ITI3,11,Marche,Marche,1525271,1449975,95.06,0.76
2572,2021-03-03,MAR,6700,3076,3624,5716,885,99,0,ITI,ITI3,11,Marche,Marche,1525271,1456675,95.5,0.44
2573,2021-01-05,MAR,1589,594,995,1570,0,19,0,ITI,ITI3,11,Marche,Marche,1525271,1458264,95.61,0.1
2574,2021-05-06,MAR,12661,5825,6836,5355,7076,230,0,ITI,ITI3,11,Marche,Marche,1525271,1470925,96.44,0.83
2575,2021-02-12,MAR,1583,619,964,1405,151,27,0,ITI,ITI3,11,Marche,Marche,1525271,1472508,96.54,0.1
2576,2021-08-14,MAR,2402,1379,1023,1035,1318,49,0,ITI,ITI3,11,Marche,Marche,1525271,1474910,96.7,0.16
2577,2021-02-10,MAR,1441,452,989,1040,359,42,0,ITI,ITI3,11,Marche,Marche,1525271,1476351,96.79,0.09
2578,2021-02-03,MAR,2129,743,1386,97,2011,21,0,ITI,ITI3,11,Marche,Marche,1525271,1478480,96.93,0.14
2579,2021-05-14,MAR,13638,6294,7344,6505,6915,218,0,ITI,ITI3,11,Marche,Marche,1525271,1492118,97.83,0.89
2580,2021-07-02,MAR,14553,7178,7375,4674,9648,231,0,ITI,ITI3,11,Marche,Marche,1525271,1506671,98.78,0.95
2581,2021-06-18,MAR,15348,7649,7699,8295,6753,300,0,ITI,ITI3,11,Marche,Marche,1525271,1522019,99.79,1.01
2582,2021-03-27,MAR,7429,3098,4331,4958,2396,75,0,ITI,ITI3,11,Marche,Marche,1525271,1529448,100.27,0.49
2583,2021-04-10,MAR,10930,4625,6305,10368,314,248,0,ITI,ITI3,11,Marche,Marche,1525271,1540378,100.99,0.72
2584,2021-01-03,MAR,912,358,554,902,0,10,0,ITI,ITI3,11,Marche,Marche,1525271,1541290,101.05,0.06
2585,2021-07-19,MAR,14678,7531,7147,1925,12538,215,0,ITI,ITI3,11,Marche,Marche,1525271,1555968,102.01,0.96
2586,2021-03-08,MAR,6301,2762,3539,5187,1002,112,0,ITI,ITI3,11,Marche,Marche,1525271,1562269,102.43,0.41
2587,2021-07-31,MAR,13203,7250,5953,5142,7731,330,0,ITI,ITI3,11,Marche,Marche,1525271,1575472,103.29,0.87
2588,2021-07-14,MAR,13852,6819,7033,1785,11875,192,0,ITI,ITI3,11,Marche,Marche,1525271,1589324,104.2,0.91
2589,2021-01-10,MAR,1746,702,1044,1732,0,14,0,ITI,ITI3,11,Marche,Marche,1525271,1591070,104.31,0.11
2590,2021-08-21,MAR,2977,1664,1313,1492,1311,174,0,ITI,ITI3,11,Marche,Marche,1525271,1594047,104.51,0.2
2591,2021-05-11,MAR,10624,4831,5793,5487,4943,194,0,ITI,ITI3,11,Marche,Marche,1525271,1604671,105.21,0.7
2592,2021-09-14,MAR,6378,3432,2946,1468,4739,171,0,ITI,ITI3,11,Marche,Marche,1525271,1611049,105.62,0.42
2593,2021-02-05,MAR,2159,656,1503,438,1720,1,0,ITI,ITI3,11,Marche,Marche,1525271,1613208,105.77,0.14
2594,2021-05-16,MAR,10899,4958,5941,6544,4231,124,0,ITI,ITI3,11,Marche,Marche,1525271,1624107,106.48,0.71
2595,2021-05-30,MAR,9736,4691,5045,6546,2993,197,0,ITI,ITI3,11,Marche,Marche,1525271,1633843,107.12,0.64
2596,2021-09-07,MAR,6134,3221,2913,1739,4192,203,0,ITI,ITI3,11,Marche,Marche,1525271,1639977,107.52,0.4
2597,2021-09-09,MAR,6467,3468,2999,1915,4313,239,0,ITI,ITI3,11,Marche,Marche,1525271,1646444,107.94,0.42
2598,2021-08-07,MAR,9457,5196,4261,3476,5742,239,0,ITI,ITI3,11,Marche,Marche,1525271,1655901,108.56,0.62
2599,2021-07-21,MAR,14920,7617,7303,2064,12643,213,0,ITI,ITI3,11,Marche,Marche,1525271,1670821,109.54,0.98
2600,2021-04-29,MAR,13453,6160,7293,7159,6110,184,0,ITI,ITI3,11,Marche,Marche,1525271,1684274,110.42,0.88
2601,2021-03-15,MAR,4452,2061,2391,1291,3140,21,0,ITI,ITI3,11,Marche,Marche,1525271,1688726,110.72,0.29
2602,2021-08-19,MAR,6274,3347,2927,3491,2454,329,0,ITI,ITI3,11,Marche,Marche,1525271,1695000,111.13,0.41
2603,2021-06-23,MAR,13893,6818,7075,6627,7010,256,0,ITI,ITI3,11,Marche,Marche,1525271,1708893,112.04,0.91
2604,2021-06-11,MAR,14003,7156,6847,11374,2324,305,0,ITI,ITI3,11,Marche,Marche,1525271,1722896,112.96,0.92
2605,2021-05-25,MAR,11769,5798,5971,8497,3052,220,0,ITI,ITI3,11,Marche,Marche,1525271,1734665,113.73,0.77
2606,2021-09-02,MAR,6386,3401,2985,2128,4044,214,0,ITI,ITI3,11,Marche,Marche,1525271,1741051,114.15,0.42
2607,2021-07-12,MAR,13724,6805,6919,1228,12378,118,0,ITI,ITI3,11,Marche,Marche,1525271,1754775,115.05,0.9
2608,2021-04-03,MAR,7575,3205,4370,6734,668,173,0,ITI,ITI3,11,Marche,Marche,1525271,1762350,115.54,0.5
2609,2021-09-16,MAR,6092,3273,2819,1293,4644,155,0,ITI,ITI3,11,Marche,Marche,1525271,1768442,115.94,0.4
2610,2021-06-25,MAR,14346,7171,7175,6420,7637,289,0,ITI,ITI3,11,Marche,Marche,1525271,1782788,116.88,0.94
2611,2021-04-15,MAR,10379,4675,5704,9572,563,244,0,ITI,ITI3,11,Marche,Marche,1525271,1793167,117.56,0.68
2612,2021-02-17,MAR,1828,701,1127,1642,118,68,0,ITI,ITI3,11,Marche,Marche,1525271,1794995,117.68,0.12
2613,2021-04-27,MAR,9597,4391,5206,5505,3994,98,0,ITI,ITI3,11,Marche,Marche,1525271,1804592,118.31,0.63
2614,2021-01-17,MAR,1626,696,930,1555,65,6,0,ITI,ITI3,11,Marche,Marche,1525271,1806218,118.42,0.11
2615,2021-04-17,MAR,11705,5317,6388,10393,1073,239,0,ITI,ITI3,11,Marche,Marche,1525271,1817923,119.19,0.77
2616,2021-09-21,MAR,6500,3588,2912,2165,3988,196,151,ITI,ITI3,11,Marche,Marche,1525271,1824423,119.61,0.43
2617,2021-07-26,MAR,11031,5737,5294,2109,8715,207,0,ITI,ITI3,11,Marche,Marche,1525271,1835454,120.34,0.72
2618,2021-08-09,MAR,9098,4828,4270,4053,4771,274,0,ITI,ITI3,11,Marche,Marche,1525271,1844552,120.93,0.6
2619,2021-06-13,MAR,10753,5566,5187,9203,1300,250,0,ITI,ITI3,11,Marche,Marche,1525271,1855305,121.64,0.7
2620,2020-12-27,MAR,210,100,110,208,0,2,0,ITI,ITI3,11,Marche,Marche,1525271,1855515,121.65,0.01
2621,2021-08-02,MAR,11726,6210,5516,4599,6868,259,0,ITI,ITI3,11,Marche,Marche,1525271,1867241,122.42,0.77
2622,2021-06-06,MAR,12453,6138,6315,10637,1579,237,0,ITI,ITI3,11,Marche,Marche,1525271,1879694,123.24,0.82
2623,2021-03-01,MAR,3772,1520,2252,3503,248,21,0,ITI,ITI3,11,Marche,Marche,1525271,1883466,123.48,0.25
2624,2021-06-03,MAR,14638,7483,7155,12081,2252,305,0,ITI,ITI3,11,Marche,Marche,1525271,1898104,124.44,0.96
2625,2021-02-18,MAR,2146,787,1359,1806,288,52,0,ITI,ITI3,11,Marche,Marche,1525271,1900250,124.58,0.14
2626,2021-05-29,MAR,12875,6239,6636,8117,4540,218,0,ITI,ITI3,11,Marche,Marche,1525271,1913125,125.43,0.84
2627,2021-09-15,MAR,7098,3804,3294,1383,5541,174,0,ITI,ITI3,11,Marche,Marche,1525271,1920223,125.89,0.47
2628,2021-02-16,MAR,1287,475,812,1225,30,32,0,ITI,ITI3,11,Marche,Marche,1525271,1921510,125.98,0.08
2629,2021-02-25,MAR,3562,1465,2097,3318,181,63,0,ITI,ITI3,11,Marche,Marche,1525271,1925072,126.21,0.23
2630,2021-08-01,MAR,7497,4049,3448,1835,5577,85,0,ITI,ITI3,11,Marche,Marche,1525271,1932569,126.7,0.49
2631,2021-06-05,MAR,13944,7011,6933,11520,2058,366,0,ITI,ITI3,11,Marche,Marche,1525271,1946513,127.62,0.91
2632,2021-04-23,MAR,11320,5224,6096,8097,3055,168,0,ITI,ITI3,11,Marche,Marche,1525271,1957833,128.36,0.74
2633,2021-02-23,MAR,3314,1432,1882,3243,56,15,0,ITI,ITI3,11,Marche,Marche,1525271,1961147,128.58,0.22
2634,2021-01-15,MAR,1774,501,1273,1756,0,18,0,ITI,ITI3,11,Marche,Marche,1525271,1962921,128.69,0.12
2635,2021-04-25,MAR,8603,3996,4607,6891,1578,134,0,ITI,ITI3,11,Marche,Marche,1525271,1971524,129.26,0.56
2636,2021-08-03,MAR,10877,5736,5141,4029,6581,267,0,ITI,ITI3,11,Marche,Marche,1525271,1982401,129.97,0.71
2637,2021-08-12,MAR,8022,4332,3690,3892,3768,362,0,ITI,ITI3,11,Marche,Marche,1525271,1990423,130.5,0.53
2638,2021-01-13,MAR,2114,747,1367,2073,0,41,0,ITI,ITI3,11,Marche,Marche,1525271,1992537,130.63,0.14
2639,2021-05-02,MAR,8905,3939,4966,3077,5743,85,0,ITI,ITI3,11,Marche,Marche,1525271,2001442,131.22,0.58
2640,2021-08-10,MAR,9200,4814,4386,3333,5592,275,0,ITI,ITI3,11,Marche,Marche,1525271,2010642,131.82,0.6
2641,2021-06-28,MAR,12364,6026,6338,4615,7511,238,0,ITI,ITI3,11,Marche,Marche,1525271,2023006,132.63,0.81
2642,2021-03-22,MAR,5706,2415,3291,2480,3179,47,0,ITI,ITI3,11,Marche,Marche,1525271,2028712,133.01,0.37
2643,2021-01-24,MAR,881,339,542,3,878,0,0,ITI,ITI3,11,Marche,Marche,1525271,2029593,133.06,0.06
2644,2021-06-30,MAR,13650,6664,6986,4452,8986,212,0,ITI,ITI3,11,Marche,Marche,1525271,2043243,133.96,0.89
2645,2021-05-04,MAR,10974,4840,6134,4926,5905,143,0,ITI,ITI3,11,Marche,Marche,1525271,2054217,134.68,0.72
2646,2021-03-20,MAR,4178,1759,2419,1034,3129,15,0,ITI,ITI3,11,Marche,Marche,1525271,2058395,134.95,0.27
2647,2021-01-22,MAR,489,168,321,193,294,2,0,ITI,ITI3,11,Marche,Marche,1525271,2058884,134.98,0.03
2648,2021-07-07,MAR,14260,7068,7192,2934,11083,243,0,ITI,ITI3,11,Marche,Marche,1525271,2073144,135.92,0.93
2649,2021-03-28,FVG,4948,2356,2592,4691,158,99,0,ITH,ITH4,6,Friuli-Venezia Giulia,Friuli Venezia Giulia,1215220,4948,0.41,0.41
2650,2021-01-18,FVG,1964,608,1356,1870,94,0,0,ITH,ITH4,6,Friuli-Venezia Giulia,Friuli Venezia Giulia,1215220,6912,0.57,0.16
2651,2021-01-04,FVG,1509,560,949,1509,0,0,0,ITH,ITH4,6,Friuli-Venezia Giulia,Friuli Venezia Giulia,1215220,8421,0.69,0.12
2652,2021-04-28,FVG,7346,3242,4104,3692,3517,137,0,ITH,ITH4,6,Friuli-Venezia Giulia,Friuli Venezia Giulia,1215220,15767,1.3,0.6
2653,2021-01-23,FVG,816,323,493,5,811,0,0,ITH,ITH4,6,Friuli-Venezia Giulia,Friuli Venezia Giulia,1215220,16583,1.36,0.07
2654,2021-05-24,FVG,11485,5560,5925,7528,3653,304,0,ITH,ITH4,6,Friuli-Venezia Giulia,Friuli Venezia Giulia,1215220,28068,2.31,0.95
2655,2021-02-13,FVG,569,180,389,561,6,2,0,ITH,ITH4,6,Friuli-Venezia Giulia,Friuli Venezia Giulia,1215220,28637,2.36,0.05
2656,2021-08-15,FVG,1,1,0,0,1,0,0,ITH,ITH4,6,Friuli-Venezia Giulia,Friuli Venezia Giulia,1215220,28638,2.36,0.0
2657,2021-03-02,FVG,4225,1521,2704,2702,1500,23,0,ITH,ITH4,6,Friuli-Venezia Giulia,Friuli Venezia Giulia,1215220,32863,2.7,0.35
2658,2021-09-03,FVG,4058,2107,1951,2044,1746,268,0,ITH,ITH4,6,Friuli-Venezia Giulia,Friuli Venezia Giulia,1215220,36921,3.04,0.33
2659,2021-03-04,FVG,3464,1601,1863,2773,662,29,0,ITH,ITH4,6,Friuli-Venezia Giulia,Friuli Venezia Giulia,1215220,40385,3.32,0.29
2660,2021-07-20,FVG,9417,4936,4481,2451,6670,296,0,ITH,ITH4,6,Friuli-Venezia Giulia,Friuli Venezia Giulia,1215220,49802,4.1,0.77
2661,2021-08-03,FVG,10203,5381,4822,5278,4564,361,0,ITH,ITH4,6,Friuli-Venezia Giulia,Friuli Venezia Giulia,1215220,60005,4.94,0.84
2662,2021-04-11,FVG,3435,1519,1916,2412,907,116,0,ITH,ITH4,6,Friuli-Venezia Giulia,Friuli Venezia Giulia,1215220,63440,5.22,0.28
2663,2021-09-15,FVG,4890,2535,2355,2422,2139,329,0,ITH,ITH4,6,Friuli-Venezia Giulia,Friuli Venezia Giulia,1215220,68330,5.62,0.4
2664,2021-06-07,FVG,9232,4787,4445,7842,1001,389,0,ITH,ITH4,6,Friuli-Venezia Giulia,Friuli Venezia Giulia,1215220,77562,6.38,0.76
2665,2021-07-08,FVG,13125,7093,6032,1364,11580,181,0,ITH,ITH4,6,Friuli-Venezia Giulia,Friuli Venezia Giulia,1215220,90687,7.46,1.08
2666,2021-02-04,FVG,2728,808,1920,35,2693,0,0,ITH,ITH4,6,Friuli-Venezia Giulia,Friuli Venezia Giulia,1215220,93415,7.69,0.22
2667,2021-08-08,FVG,4340,2357,1983,1920,2329,91,0,ITH,ITH4,6,Friuli-Venezia Giulia,Friuli Venezia Giulia,1215220,97755,8.04,0.36
2668,2021-04-30,FVG,7418,3271,4147,3577,3667,174,0,ITH,ITH4,6,Friuli-Venezia Giulia,Friuli Venezia Giulia,1215220,105173,8.65,0.61
2669,2021-01-30,FVG,2285,745,1540,270,2015,0,0,ITH,ITH4,6,Friuli-Venezia Giulia,Friuli Venezia Giulia,1215220,107458,8.84,0.19
2670,2021-08-29,FVG,3159,1780,1379,1800,1260,99,0,ITH,ITH4,6,Friuli-Venezia Giulia,Friuli Venezia Giulia,1215220,110617,9.1,0.26
2671,2021-06-24,FVG,11127,5677,5450,1892,9118,117,0,ITH,ITH4,6,Friuli-Venezia Giulia,Friuli Venezia Giulia,1215220,121744,10.02,0.92
2672,2021-03-16,FVG,3193,1302,1891,1023,2085,85,0,ITH,ITH4,6,Friuli-Venezia Giulia,Friuli Venezia Giulia,1215220,124937,10.28,0.26
2673,2021-08-20,FVG,6322,3567,2755,2750,3311,261,0,ITH,ITH4,6,Friuli-Venezia Giulia,Friuli Venezia Giulia,1215220,131259,10.8,0.52
2674,2021-05-12,FVG,11199,5180,6019,9346,1434,419,0,ITH,ITH4,6,Friuli-Venezia Giulia,Friuli Venezia Giulia,1215220,142458,11.72,0.92
2675,2021-02-18,FVG,3230,1503,1727,2804,408,18,0,ITH,ITH4,6,Friuli-Venezia Giulia,Friuli Venezia Giulia,1215220,145688,11.99,0.27
2676,2021-04-02,FVG,6613,2939,3674,4641,1841,131,0,ITH,ITH4,6,Friuli-Venezia Giulia,Friuli Venezia Giulia,1215220,152301,12.53,0.54
2677,2021-02-06,FVG,1156,340,816,21,1134,1,0,ITH,ITH4,6,Friuli-Venezia Giulia,Friuli Venezia Giulia,1215220,153457,12.63,0.1
2678,2021-02-23,FVG,2652,1282,1370,2464,181,7,0,ITH,ITH4,6,Friuli-Venezia Giulia,Friuli Venezia Giulia,1215220,156109,12.85,0.22
2679,2021-05-17,FVG,8848,4111,4737,6073,2498,277,0,ITH,ITH4,6,Friuli-Venezia Giulia,Friuli Venezia Giulia,1215220,164957,13.57,0.73
2680,2021-03-09,FVG,4027,1733,2294,1243,2757,27,0,ITH,ITH4,6,Friuli-Venezia Giulia,Friuli Venezia Giulia,1215220,168984,13.91,0.33
2681,2021-05-05,FVG,9805,4280,5525,6082,3479,244,0,ITH,ITH4,6,Friuli-Venezia Giulia,Friuli Venezia Giulia,1215220,178789,14.71,0.81
2682,2021-01-25,FVG,1595,571,1024,200,1395,0,0,ITH,ITH4,6,Friuli-Venezia Giulia,Friuli Venezia Giulia,1215220,180384,14.84,0.13
2683,2021-07-01,FVG,12397,6453,5944,2641,9499,257,0,ITH,ITH4,6,Friuli-Venezia Giulia,Friuli Venezia Giulia,1215220,192781,15.86,1.02
2684,2021-03-23,FVG,3908,1696,2212,1743,2144,21,0,ITH,ITH4,6,Friuli-Venezia Giulia,Friuli Venezia Giulia,1215220,196689,16.19,0.32
2685,2020-12-28,FVG,1,0,1,1,0,0,0,ITH,ITH4,6,Friuli-Venezia Giulia,Friuli Venezia Giulia,1215220,196690,16.19,0.0
2686,2021-09-08,FVG,3318,1884,1434,1573,1561,184,0,ITH,ITH4,6,Friuli-Venezia Giulia,Friuli Venezia Giulia,1215220,200008,16.46,0.27
2687,2021-09-22,FVG,2448,1267,1181,798,1570,77,3,ITH,ITH4,6,Friuli-Venezia Giulia,Friuli Venezia Giulia,1215220,202456,16.66,0.2
2688,2021-05-31,FVG,8961,4449,4512,6474,2231,256,0,ITH,ITH4,6,Friuli-Venezia Giulia,Friuli Venezia Giulia,1215220,211417,17.4,0.74
2689,2021-07-27,FVG,9538,4800,4738,2651,6661,226,0,ITH,ITH4,6,Friuli-Venezia Giulia,Friuli Venezia Giulia,1215220,220955,18.18,0.78
2690,2021-06-12,FVG,8240,4722,3518,6784,1162,294,0,ITH,ITH4,6,Friuli-Venezia Giulia,Friuli Venezia Giulia,1215220,229195,18.86,0.68
2691,2021-03-21,FVG,2676,1003,1673,2214,410,52,0,ITH,ITH4,6,Friuli-Venezia Giulia,Friuli Venezia Giulia,1215220,231871,19.08,0.22
2692,2021-07-13,FVG,11096,5721,5375,1174,9770,152,0,ITH,ITH4,6,Friuli-Venezia Giulia,Friuli Venezia Giulia,1215220,242967,19.99,0.91
2693,2021-04-04,FVG,4,2,2,2,2,0,0,ITH,ITH4,6,Friuli-Venezia Giulia,Friuli Venezia Giulia,1215220,242971,19.99,0.0
2694,2021-06-26,FVG,10400,5306,5094,4104,6176,120,0,ITH,ITH4,6,Friuli-Venezia Giulia,Friuli Venezia Giulia,1215220,253371,20.85,0.86
2695,2021-04-21,FVG,7786,3471,4315,4021,3684,81,0,ITH,ITH4,6,Friuli-Venezia Giulia,Friuli Venezia Giulia,1215220,261157,21.49,0.64
2696,2021-01-11,FVG,1895,613,1282,1894,0,1,0,ITH,ITH4,6,Friuli-Venezia Giulia,Friuli Venezia Giulia,1215220,263052,21.65,0.16
2697,2021-07-15,FVG,10099,5145,4954,945,8910,244,0,ITH,ITH4,6,Friuli-Venezia Giulia,Friuli Venezia Giulia,1215220,273151,22.48,0.83
2698,2021-08-27,FVG,6190,3334,2856,1412,4568,210,0,ITH,ITH4,6,Friuli-Venezia Giulia,Friuli Venezia Giulia,1215220,279341,22.99,0.51
2699,2021-08-22,FVG,2068,1184,884,793,1236,39,0,ITH,ITH4,6,Friuli-Venezia Giulia,Friuli Venezia Giulia,1215220,281409,23.16,0.17
2700,2021-05-19,FVG,12137,5994,6143,9323,2376,438,0,ITH,ITH4,6,Friuli-Venezia Giulia,Friuli Venezia Giulia,1215220,293546,24.16,1.0
2701,2021-03-14,FVG,1404,555,849,1125,252,27,0,ITH,ITH4,6,Friuli-Venezia Giulia,Friuli Venezia Giulia,1215220,294950,24.27,0.12
2702,2021-09-17,FVG,3636,1969,1667,842,2687,107,0,ITH,ITH4,6,Friuli-Venezia Giulia,Friuli Venezia Giulia,1215220,298586,24.57,0.3
2703,2021-04-16,FVG,7017,3054,3963,4939,1942,136,0,ITH,ITH4,6,Friuli-Venezia Giulia,Friuli Venezia Giulia,1215220,305603,25.15,0.58
2704,2021-01-06,FVG,716,265,451,716,0,0,0,ITH,ITH4,6,Friuli-Venezia Giulia,Friuli Venezia Giulia,1215220,306319,25.21,0.06
2705,2021-02-11,FVG,1971,680,1291,1742,225,4,0,ITH,ITH4,6,Friuli-Venezia Giulia,Friuli Venezia Giulia,1215220,308290,25.37,0.16
2706,2021-09-12,FVG,2374,1270,1104,1442,848,84,0,ITH,ITH4,6,Friuli-Venezia Giulia,Friuli Venezia Giulia,1215220,310664,25.56,0.2
2707,2021-06-04,FVG,12172,6237,5935,10267,1452,453,0,ITH,ITH4,6,Friuli-Venezia Giulia,Friuli Venezia Giulia,1215220,322836,26.57,1.0
2708,2021-01-16,FVG,1233,363,870,1233,0,0,0,ITH,ITH4,6,Friuli-Venezia Giulia,Friuli Venezia Giulia,1215220,324069,26.67,0.1
2709,2021-07-03,FVG,11436,6097,5339,1097,10191,148,0,ITH,ITH4,6,Friuli-Venezia Giulia,Friuli Venezia Giulia,1215220,335505,27.61,0.94
2710,2021-03-25,FVG,5549,2436,3113,3332,2140,77,0,ITH,ITH4,6,Friuli-Venezia Giulia,Friuli Venezia Giulia,1215220,341054,28.07,0.46
2711,2021-02-27,FVG,3545,1206,2339,3527,1,17,0,ITH,ITH4,6,Friuli-Venezia Giulia,Friuli Venezia Giulia,1215220,344599,28.36,0.29
2712,2021-04-25,FVG,2382,992,1390,2188,13,181,0,ITH,ITH4,6,Friuli-Venezia Giulia,Friuli Venezia Giulia,1215220,346981,28.55,0.2
2713,2021-01-01,FVG,2,2,0,2,0,0,0,ITH,ITH4,6,Friuli-Venezia Giulia,Friuli Venezia Giulia,1215220,346983,28.55,0.0
2714,2021-01-15,FVG,2021,605,1416,2020,0,1,0,ITH,ITH4,6,Friuli-Venezia Giulia,Friuli Venezia Giulia,1215220,349004,28.72,0.17
2715,2021-04-18,FVG,6065,2814,3251,5420,410,235,0,ITH,ITH4,6,Friuli-Venezia Giulia,Friuli Venezia Giulia,1215220,355069,29.22,0.5
2716,2021-01-08,FVG,2344,751,1593,2344,0,0,0,ITH,ITH4,6,Friuli-Venezia Giulia,Friuli Venezia Giulia,1215220,357413,29.41,0.19
2717,2021-06-14,FVG,10329,5014,5315,5185,4842,302,0,ITH,ITH4,6,Friuli-Venezia Giulia,Friuli Venezia Giulia,1215220,367742,30.26,0.85
2718,2021-01-27,FVG,1273,427,846,450,821,2,0,ITH,ITH4,6,Friuli-Venezia Giulia,Friuli Venezia Giulia,1215220,369015,30.37,0.1
2719,2021-05-07,FVG,10951,5015,5936,7186,3564,201,0,ITH,ITH4,6,Friuli-Venezia Giulia,Friuli Venezia Giulia,1215220,379966,31.27,0.9
2720,2021-05-09,FVG,7387,3317,4070,3373,3877,137,0,ITH,ITH4,6,Friuli-Venezia Giulia,Friuli Venezia Giulia,1215220,387353,31.88,0.61
2721,2021-07-31,FVG,7376,3793,3583,1272,6014,90,0,ITH,ITH4,6,Friuli-Venezia Giulia,Friuli Venezia Giulia,1215220,394729,32.48,0.61
2722,2021-04-23,FVG,7563,3428,4135,3521,3902,140,0,ITH,ITH4,6,Friuli-Venezia Giulia,Friuli Venezia Giulia,1215220,402292,33.1,0.62
2723,2021-08-01,FVG,3605,1929,1676,1481,1876,248,0,ITH,ITH4,6,Friuli-Venezia Giulia,Friuli Venezia Giulia,1215220,405897,33.4,0.3
2724,2021-06-19,FVG,8576,4470,4106,1352,7158,66,0,ITH,ITH4,6,Friuli-Venezia Giulia,Friuli Venezia Giulia,1215220,414473,34.11,0.71
2725,2021-09-10,FVG,3983,2206,1777,661,3211,111,0,ITH,ITH4,6,Friuli-Venezia Giulia,Friuli Venezia Giulia,1215220,418456,34.43,0.33
2726,2021-03-11,FVG,3484,1520,1964,1715,1754,15,0,ITH,ITH4,6,Friuli-Venezia Giulia,Friuli Venezia Giulia,1215220,421940,34.72,0.29
2727,2021-03-30,FVG,7624,3407,4217,6286,1201,137,0,ITH,ITH4,6,Friuli-Venezia Giulia,Friuli Venezia Giulia,1215220,429564,35.35,0.63
2728,2021-07-10,FVG,8808,4547,4261,142,8640,26,0,ITH,ITH4,6,Friuli-Venezia Giulia,Friuli Venezia Giulia,1215220,438372,36.07,0.72
2729,2021-04-01,FVG,6437,3076,3361,5328,1018,91,0,ITH,ITH4,6,Friuli-Venezia Giulia,Friuli Venezia Giulia,1215220,444809,36.6,0.53
2730,2021-09-05,FVG,2725,1477,1248,1316,1315,94,0,ITH,ITH4,6,Friuli-Venezia Giulia,Friuli Venezia Giulia,1215220,447534,36.83,0.22
2731,2021-04-09,FVG,8057,3737,4320,6576,1305,176,0,ITH,ITH4,6,Friuli-Venezia Giulia,Friuli Venezia Giulia,1215220,455591,37.49,0.66
2732,2020-12-30,FVG,626,244,382,626,0,0,0,ITH,ITH4,6,Friuli-Venezia Giulia,Friuli Venezia Giulia,1215220,456217,37.54,0.05
2733,2021-06-05,FVG,10349,5349,5000,8388,1557,404,0,ITH,ITH4,6,Friuli-Venezia Giulia,Friuli Venezia Giulia,1215220,466566,38.39,0.85
2734,2021-02-25,FVG,3179,1661,1518,3116,30,33,0,ITH,ITH4,6,Friuli-Venezia Giulia,Friuli Venezia Giulia,1215220,469745,38.66,0.26
2735,2021-06-16,FVG,12206,5923,6283,3900,8040,266,0,ITH,ITH4,6,Friuli-Venezia Giulia,Friuli Venezia Giulia,1215220,481951,39.66,1.0
2736,2021-08-12,FVG,7992,4284,3708,5198,2502,292,0,ITH,ITH4,6,Friuli-Venezia Giulia,Friuli Venezia Giulia,1215220,489943,40.32,0.66
2737,2021-07-05,FVG,9601,4883,4718,1320,8138,143,0,ITH,ITH4,6,Friuli-Venezia Giulia,Friuli Venezia Giulia,1215220,499544,41.11,0.79
2738,2021-06-21,FVG,9222,4511,4711,1829,7256,137,0,ITH,ITH4,6,Friuli-Venezia Giulia,Friuli Venezia Giulia,1215220,508766,41.87,0.76
2739,2021-03-13,FVG,2948,1124,1824,1661,1274,13,0,ITH,ITH4,6,Friuli-Venezia Giulia,Friuli Venezia Giulia,1215220,511714,42.11,0.24
2740,2021-07-24,FVG,6174,3338,2836,2918,3081,175,0,ITH,ITH4,6,Friuli-Venezia Giulia,Friuli Venezia Giulia,1215220,517888,42.62,0.51
2741,2021-02-20,FVG,2080,942,1138,1933,144,3,0,ITH,ITH4,6,Friuli-Venezia Giulia,Friuli Venezia Giulia,1215220,519968,42.79,0.17
2742,2021-01-22,FVG,117,56,61,28,89,0,0,ITH,ITH4,6,Friuli-Venezia Giulia,Friuli Venezia Giulia,1215220,520085,42.8,0.01
2743,2021-03-06,FVG,3514,1201,2313,3155,327,32,0,ITH,ITH4,6,Friuli-Venezia Giulia,Friuli Venezia Giulia,1215220,523599,43.09,0.29
2744,2021-08-17,FVG,3651,1966,1685,2822,601,228,0,ITH,ITH4,6,Friuli-Venezia Giulia,Friuli Venezia Giulia,1215220,527250,43.39,0.3
2745,2021-05-26,FVG,13474,6728,6746,9647,3467,360,0,ITH,ITH4,6,Friuli-Venezia Giulia,Friuli Venezia Giulia,1215220,540724,44.5,1.11
2746,2021-02-15,FVG,2461,914,1547,2201,254,6,0,ITH,ITH4,6,Friuli-Venezia Giulia,Friuli Venezia Giulia,1215220,543185,44.7,0.2
2747,2021-06-09,FVG,11372,5984,5388,9481,1401,490,0,ITH,ITH4,6,Friuli-Venezia Giulia,Friuli Venezia Giulia,1215220,554557,45.63,0.94
2748,2021-03-01,FVG,2970,1045,1925,2892,53,25,0,ITH,ITH4,6,Friuli-Venezia Giulia,Friuli Venezia Giulia,1215220,557527,45.88,0.24
2749,2021-03-18,FVG,3378,1424,1954,1684,1686,8,0,ITH,ITH4,6,Friuli-Venezia Giulia,Friuli Venezia Giulia,1215220,560905,46.16,0.28
2750,2021-09-19,FVG,2052,1107,945,496,1495,61,0,ITH,ITH4,6,Friuli-Venezia Giulia,Friuli Venezia Giulia,1215220,562957,46.33,0.17
2751,2021-06-28,FVG,9928,5003,4925,2108,7715,105,0,ITH,ITH4,6,Friuli-Venezia Giulia,Friuli Venezia Giulia,1215220,572885,47.14,0.82
2752,2021-04-13,FVG,7397,3299,4098,5656,1612,129,0,ITH,ITH4,6,Friuli-Venezia Giulia,Friuli Venezia Giulia,1215220,580282,47.75,0.61
2753,2021-01-03,FVG,313,123,190,313,0,0,0,ITH,ITH4,6,Friuli-Venezia Giulia,Friuli Venezia Giulia,1215220,580595,47.78,0.03
2754,2021-07-22,FVG,7725,4107,3618,3273,4149,303,0,ITH,ITH4,6,Friuli-Venezia Giulia,Friuli Venezia Giulia,1215220,588320,48.41,0.64
2755,2021-01-20,FVG,754,322,432,18,736,0,0,ITH,ITH4,6,Friuli-Venezia Giulia,Friuli Venezia Giulia,1215220,589074,48.47,0.06
2756,2021-05-28,FVG,10662,5109,5553,6231,4145,286,0,ITH,ITH4,6,Friuli-Venezia Giulia,Friuli Venezia Giulia,1215220,599736,49.35,0.88
2757,2021-09-07,FVG,3149,1699,1450,1218,1737,194,0,ITH,ITH4,6,Friuli-Venezia Giulia,Friuli Venezia Giulia,1215220,602885,49.61,0.26
2758,2021-07-12,FVG,10041,5156,4885,1109,8776,156,0,ITH,ITH4,6,Friuli-Venezia Giulia,Friuli Venezia Giulia,1215220,612926,50.44,0.83
2759,2021-02-19,FVG,3303,1322,1981,2844,442,17,0,ITH,ITH4,6,Friuli-Venezia Giulia,Friuli Venezia Giulia,1215220,616229,50.71,0.27
2760,2021-08-24,FVG,6651,3594,3057,765,5756,130,0,ITH,ITH4,6,Friuli-Venezia Giulia,Friuli Venezia Giulia,1215220,622880,51.26,0.55
2761,2021-08-10,FVG,7325,4087,3238,5307,1658,360,0,ITH,ITH4,6,Friuli-Venezia Giulia,Friuli Venezia Giulia,1215220,630205,51.86,0.6
2762,2021-05-02,FVG,6917,3257,3660,3810,2964,143,0,ITH,ITH4,6,Friuli-Venezia Giulia,Friuli Venezia Giulia,1215220,637122,52.43,0.57
2763,2021-05-16,FVG,10028,4803,5225,8376,1407,245,0,ITH,ITH4,6,Friuli-Venezia Giulia,Friuli Venezia Giulia,1215220,647150,53.25,0.83
2764,2021-06-23,FVG,12106,5860,6246,1989,9963,154,0,ITH,ITH4,6,Friuli-Venezia Giulia,Friuli Venezia Giulia,1215220,659256,54.25,1.0
2765,2021-08-19,FVG,4910,2623,2287,1757,3002,151,0,ITH,ITH4,6,Friuli-Venezia Giulia,Friuli Venezia Giulia,1215220,664166,54.65,0.4
2766,2021-08-05,FVG,7148,3675,3473,3249,3696,203,0,ITH,ITH4,6,Friuli-Venezia Giulia,Friuli Venezia Giulia,1215220,671314,55.24,0.59
2767,2021-04-27,FVG,8152,3742,4410,3550,4499,103,0,ITH,ITH4,6,Friuli-Venezia Giulia,Friuli Venezia Giulia,1215220,679466,55.91,0.67
2768,2021-08-14,FVG,207,152,55,189,4,14,0,ITH,ITH4,6,Friuli-Venezia Giulia,Friuli Venezia Giulia,1215220,679673,55.93,0.02
2769,2021-08-28,FVG,2901,1577,1324,1783,963,155,0,ITH,ITH4,6,Friuli-Venezia Giulia,Friuli Venezia Giulia,1215220,682574,56.17,0.24
2770,2021-05-06,FVG,11982,5571,6411,7714,3987,281,0,ITH,ITH4,6,Friuli-Venezia Giulia,Friuli Venezia Giulia,1215220,694556,57.15,0.99
2771,2021-07-02,FVG,11118,5748,5370,2116,8810,192,0,ITH,ITH4,6,Friuli-Venezia Giulia,Friuli Venezia Giulia,1215220,705674,58.07,0.91
2772,2021-07-29,FVG,9613,4903,4710,3229,6088,296,0,ITH,ITH4,6,Friuli-Venezia Giulia,Friuli Venezia Giulia,1215220,715287,58.86,0.79
2773,2021-04-20,FVG,7149,3079,4070,3099,3920,130,0,ITH,ITH4,6,Friuli-Venezia Giulia,Friuli Venezia Giulia,1215220,722436,59.45,0.59
2774,2021-01-10,FVG,2943,919,2024,2943,0,0,0,ITH,ITH4,6,Friuli-Venezia Giulia,Friuli Venezia Giulia,1215220,725379,59.69,0.24
2775,2021-07-14,FVG,10914,5583,5331,1256,9465,193,0,ITH,ITH4,6,Friuli-Venezia Giulia,Friuli Venezia Giulia,1215220,736293,60.59,0.9
2776,2021-03-20,FVG,3411,1414,1997,1300,2097,14,0,ITH,ITH4,6,Friuli-Venezia Giulia,Friuli Venezia Giulia,1215220,739704,60.87,0.28
2777,2021-01-13,FVG,2659,837,1822,2658,0,1,0,ITH,ITH4,6,Friuli-Venezia Giulia,Friuli Venezia Giulia,1215220,742363,61.09,0.22
2778,2021-04-06,FVG,6694,3144,3550,5427,1158,109,0,ITH,ITH4,6,Friuli-Venezia Giulia,Friuli Venezia Giulia,1215220,749057,61.64,0.55
2779,2020-12-27,FVG,262,149,113,261,0,1,0,ITH,ITH4,6,Friuli-Venezia Giulia,Friuli Venezia Giulia,1215220,749319,61.66,0.02
2780,2021-09-21,FVG,3668,1938,1730,2086,1392,178,12,ITH,ITH4,6,Friuli-Venezia Giulia,Friuli Venezia Giulia,1215220,752987,61.96,0.3
2781,2021-02-22,FVG,2495,1199,1296,2070,420,5,0,ITH,ITH4,6,Friuli-Venezia Giulia,Friuli Venezia Giulia,1215220,755482,62.17,0.21
2782,2021-06-02,FVG,9436,4967,4469,8820,282,334,0,ITH,ITH4,6,Friuli-Venezia Giulia,Friuli Venezia Giulia,1215220,764918,62.94,0.78
2783,2021-08-09,FVG,7844,4197,3647,2373,5285,186,0,ITH,ITH4,6,Friuli-Venezia Giulia,Friuli Venezia Giulia,1215220,772762,63.59,0.65
2784,2021-02-07,FVG,1569,482,1087,384,1184,1,0,ITH,ITH4,6,Friuli-Venezia Giulia,Friuli Venezia Giulia,1215220,774331,63.72,0.13
2785,2021-09-14,FVG,3902,2063,1839,931,2861,110,0,ITH,ITH4,6,Friuli-Venezia Giulia,Friuli Venezia Giulia,1215220,778233,64.04,0.32
2786,2021-04-24,FVG,6693,2952,3741,5207,1245,241,0,ITH,ITH4,6,Friuli-Venezia Giulia,Friuli Venezia Giulia,1215220,784926,64.59,0.55
2787,2021-06-06,FVG,9508,4639,4869,7643,1568,297,0,ITH,ITH4,6,Friuli-Venezia Giulia,Friuli Venezia Giulia,1215220,794434,65.37,0.78
2788,2021-05-04,FVG,9618,4342,5276,6002,3387,229,0,ITH,ITH4,6,Friuli-Venezia Giulia,Friuli Venezia Giulia,1215220,804052,66.17,0.79
2789,2021-01-24,FVG,307,121,186,2,305,0,0,ITH,ITH4,6,Friuli-Venezia Giulia,Friuli Venezia Giulia,1215220,804359,66.19,0.03
2790,2021-06-30,FVG,13210,6724,6486,1386,11650,174,0,ITH,ITH4,6,Friuli-Venezia Giulia,Friuli Venezia Giulia,1215220,817569,67.28,1.09
2791,2021-03-08,FVG,4137,1649,2488,2029,2093,15,0,ITH,ITH4,6,Friuli-Venezia Giulia,Friuli Venezia Giulia,1215220,821706,67.62,0.34
2792,2021-02-12,FVG,1196,428,768,1143,49,4,0,ITH,ITH4,6,Friuli-Venezia Giulia,Friuli Venezia Giulia,1215220,822902,67.72,0.1
2793,2021-06-25,FVG,11010,5533,5477,2354,8565,91,0,ITH,ITH4,6,Friuli-Venezia Giulia,Friuli Venezia Giulia,1215220,833912,68.62,0.91
2794,2021-07-09,FVG,11965,6358,5607,2124,9550,291,0,ITH,ITH4,6,Friuli-Venezia Giulia,Friuli Venezia Giulia,1215220,845877,69.61,0.98
2795,2021-03-17,FVG,3242,1270,1972,736,2496,10,0,ITH,ITH4,6,Friuli-Venezia Giulia,Friuli Venezia Giulia,1215220,849119,69.87,0.27
2796,2021-08-21,FVG,2898,1560,1338,283,2575,40,0,ITH,ITH4,6,Friuli-Venezia Giulia,Friuli Venezia Giulia,1215220,852017,70.11,0.24
2797,2021-05-13,FVG,11228,5430,5798,8744,2082,402,0,ITH,ITH4,6,Friuli-Venezia Giulia,Friuli Venezia Giulia,1215220,863245,71.04,0.92
2798,2021-02-16,FVG,2519,1137,1382,2399,116,4,0,ITH,ITH4,6,Friuli-Venezia Giulia,Friuli Venezia Giulia,1215220,865764,71.24,0.21
2799,2021-06-18,FVG,10983,5422,5561,3400,7314,269,0,ITH,ITH4,6,Friuli-Venezia Giulia,Friuli Venezia Giulia,1215220,876747,72.15,0.9
2800,2021-03-10,FVG,3601,1710,1891,1743,1796,62,0,ITH,ITH4,6,Friuli-Venezia Giulia,Friuli Venezia Giulia,1215220,880348,72.44,0.3
2801,2021-02-24,FVG,2532,1093,1439,2503,18,11,0,ITH,ITH4,6,Friuli-Venezia Giulia,Friuli Venezia Giulia,1215220,882880,72.65,0.21
2802,2021-03-27,FVG,5384,2923,2461,3924,1412,48,0,ITH,ITH4,6,Friuli-Venezia Giulia,Friuli Venezia Giulia,1215220,888264,73.09,0.44
2803,2021-04-05,FVG,2912,1449,1463,2832,16,64,0,ITH,ITH4,6,Friuli-Venezia Giulia,Friuli Venezia Giulia,1215220,891176,73.33,0.24
2804,2021-01-12,FVG,2273,719,1554,2273,0,0,0,ITH,ITH4,6,Friuli-Venezia Giulia,Friuli Venezia Giulia,1215220,893449,73.52,0.19
2805,2021-01-29,FVG,2421,815,1606,266,2155,0,0,ITH,ITH4,6,Friuli-Venezia Giulia,Friuli Venezia Giulia,1215220,895870,73.72,0.2
2806,2021-04-22,FVG,6802,3093,3709,3034,3696,72,0,ITH,ITH4,6,Friuli-Venezia Giulia,Friuli Venezia Giulia,1215220,902672,74.28,0.56
2807,2021-09-09,FVG,3781,1991,1790,1842,1714,225,0,ITH,ITH4,6,Friuli-Venezia Giulia,Friuli Venezia Giulia,1215220,906453,74.59,0.31
2808,2021-08-26,FVG,7538,4082,3456,1468,5835,235,0,ITH,ITH4,6,Friuli-Venezia Giulia,Friuli Venezia Giulia,1215220,913991,75.21,0.62
2809,2021-05-18,FVG,10872,5436,5436,8405,2105,362,0,ITH,ITH4,6,Friuli-Venezia Giulia,Friuli Venezia Giulia,1215220,924863,76.11,0.89
2810,2021-06-01,FVG,10147,5132,5015,7690,2129,328,0,ITH,ITH4,6,Friuli-Venezia Giulia,Friuli Venezia Giulia,1215220,935010,76.94,0.83
2811,2021-06-20,FVG,6528,3240,3288,1487,4940,101,0,ITH,ITH4,6,Friuli-Venezia Giulia,Friuli Venezia Giulia,1215220,941538,77.48,0.54
2812,2021-02-26,FVG,3787,2133,1654,3583,171,33,0,ITH,ITH4,6,Friuli-Venezia Giulia,Friuli Venezia Giulia,1215220,945325,77.79,0.31
2813,2021-02-17,FVG,2365,1006,1359,1873,489,3,0,ITH,ITH4,6,Friuli-Venezia Giulia,Friuli Venezia Giulia,1215220,947690,77.99,0.19
2814,2021-09-16,FVG,2929,1567,1362,402,2446,77,4,ITH,ITH4,6,Friuli-Venezia Giulia,Friuli Venezia Giulia,1215220,950619,78.23,0.24
2815,2021-05-30,FVG,11081,4998,6083,7237,3596,248,0,ITH,ITH4,6,Friuli-Venezia Giulia,Friuli Venezia Giulia,1215220,961700,79.14,0.91
2816,2021-03-24,FVG,3990,1729,2261,2465,1485,40,0,ITH,ITH4,6,Friuli-Venezia Giulia,Friuli Venezia Giulia,1215220,965690,79.47,0.33
2817,2021-05-20,FVG,12740,6337,6403,9797,2533,410,0,ITH,ITH4,6,Friuli-Venezia Giulia,Friuli Venezia Giulia,1215220,978430,80.51,1.05
2818,2021-03-22,FVG,3672,1456,2216,1672,1960,40,0,ITH,ITH4,6,Friuli-Venezia Giulia,Friuli Venezia Giulia,1215220,982102,80.82,0.3
2819,2021-01-17,FVG,1716,522,1194,1714,0,2,0,ITH,ITH4,6,Friuli-Venezia Giulia,Friuli Venezia Giulia,1215220,983818,80.96,0.14
2820,2021-09-02,FVG,6996,3805,3191,1948,4801,247,0,ITH,ITH4,6,Friuli-Venezia Giulia,Friuli Venezia Giulia,1215220,990814,81.53,0.58
2821,2021-05-25,FVG,12963,6408,6555,9287,3329,347,0,ITH,ITH4,6,Friuli-Venezia Giulia,Friuli Venezia Giulia,1215220,1003777,82.6,1.07
2822,2021-08-16,FVG,4826,2598,2228,2701,1876,249,0,ITH,ITH4,6,Friuli-Venezia Giulia,Friuli Venezia Giulia,1215220,1008603,83.0,0.4
2823,2021-06-11,FVG,10947,5970,4977,9630,839,478,0,ITH,ITH4,6,Friuli-Venezia Giulia,Friuli Venezia Giulia,1215220,1019550,83.9,0.9
2824,2021-03-03,FVG,3658,1643,2015,2351,1277,30,0,ITH,ITH4,6,Friuli-Venezia Giulia,Friuli Venezia Giulia,1215220,1023208,84.2,0.3
2825,2021-09-04,FVG,2797,1514,1283,1601,995,201,0,ITH,ITH4,6,Friuli-Venezia Giulia,Friuli Venezia Giulia,1215220,1026005,84.43,0.23
2826,2021-04-15,FVG,6527,2886,3641,5091,1275,161,0,ITH,ITH4,6,Friuli-Venezia Giulia,Friuli Venezia Giulia,1215220,1032532,84.97,0.54
2827,2021-04-29,FVG,6810,2998,3812,4014,2608,188,0,ITH,ITH4,6,Friuli-Venezia Giulia,Friuli Venezia Giulia,1215220,1039342,85.53,0.56
2828,2021-01-05,FVG,1679,552,1127,1677,0,2,0,ITH,ITH4,6,Friuli-Venezia Giulia,Friuli Venezia Giulia,1215220,1041021,85.67,0.14
2829,2021-08-07,FVG,4842,2614,2228,2780,1932,130,0,ITH,ITH4,6,Friuli-Venezia Giulia,Friuli Venezia Giulia,1215220,1045863,86.06,0.4
2830,2021-03-29,FVG,7042,3134,3908,5374,1591,77,0,ITH,ITH4,6,Friuli-Venezia Giulia,Friuli Venezia Giulia,1215220,1052905,86.64,0.58
2831,2021-07-07,FVG,11333,5802,5531,1449,9754,130,0,ITH,ITH4,6,Friuli-Venezia Giulia,Friuli Venezia Giulia,1215220,1064238,87.58,0.93
2832,2021-07-21,FVG,8658,4387,4271,2046,6351,261,0,ITH,ITH4,6,Friuli-Venezia Giulia,Friuli Venezia Giulia,1215220,1072896,88.29,0.71
2833,2021-08-02,FVG,9042,4648,4394,2869,5916,257,0,ITH,ITH4,6,Friuli-Venezia Giulia,Friuli Venezia Giulia,1215220,1081938,89.03,0.74
2834,2021-04-03,FVG,4022,1994,2028,2621,1339,62,0,ITH,ITH4,6,Friuli-Venezia Giulia,Friuli Venezia Giulia,1215220,1085960,89.36,0.33
2835,2021-08-06,FVG,6463,3399,3064,2361,3935,167,0,ITH,ITH4,6,Friuli-Venezia Giulia,Friuli Venezia Giulia,1215220,1092423,89.9,0.53
2836,2021-03-15,FVG,3966,1814,2152,1615,2327,24,0,ITH,ITH4,6,Friuli-Venezia Giulia,Friuli Venezia Giulia,1215220,1096389,90.22,0.33
2837,2021-05-11,FVG,9190,4433,4757,7156,1813,221,0,ITH,ITH4,6,Friuli-Venezia Giulia,Friuli Venezia Giulia,1215220,1105579,90.98,0.76
2838,2021-01-31,FVG,2728,842,1886,386,2342,0,0,ITH,ITH4,6,Friuli-Venezia Giulia,Friuli Venezia Giulia,1215220,1108307,91.2,0.22
2839,2021-01-26,FVG,1979,649,1330,217,1761,1,0,ITH,ITH4,6,Friuli-Venezia Giulia,Friuli Venezia Giulia,1215220,1110286,91.37,0.16
2840,2021-02-09,FVG,1845,555,1290,1556,288,1,0,ITH,ITH4,6,Friuli-Venezia Giulia,Friuli Venezia Giulia,1215220,1112131,91.52,0.15
2841,2021-05-27,FVG,12872,6162,6710,7393,5253,226,0,ITH,ITH4,6,Friuli-Venezia Giulia,Friuli Venezia Giulia,1215220,1125003,92.58,1.06
2842,2021-02-05,FVG,2632,792,1840,89,2543,0,0,ITH,ITH4,6,Friuli-Venezia Giulia,Friuli Venezia Giulia,1215220,1127635,92.79,0.22
2843,2021-04-14,FVG,7255,3135,4120,5410,1719,126,0,ITH,ITH4,6,Friuli-Venezia Giulia,Friuli Venezia Giulia,1215220,1134890,93.39,0.6
2844,2021-07-06,FVG,11222,5858,5364,1351,9757,114,0,ITH,ITH4,6,Friuli-Venezia Giulia,Friuli Venezia Giulia,1215220,1146112,94.31,0.92
2845,2021-07-23,FVG,9063,4646,4417,3040,5595,428,0,ITH,ITH4,6,Friuli-Venezia Giulia,Friuli Venezia Giulia,1215220,1155175,95.06,0.75
2846,2021-05-15,FVG,12695,6121,6574,7684,4706,305,0,ITH,ITH4,6,Friuli-Venezia Giulia,Friuli Venezia Giulia,1215220,1167870,96.1,1.04
2847,2021-05-01,FVG,7216,3252,3964,5909,1047,260,0,ITH,ITH4,6,Friuli-Venezia Giulia,Friuli Venezia Giulia,1215220,1175086,96.7,0.59
2848,2021-01-21,FVG,899,347,552,3,896,0,0,ITH,ITH4,6,Friuli-Venezia Giulia,Friuli Venezia Giulia,1215220,1175985,96.77,0.07
2849,2021-02-21,FVG,802,281,521,421,379,2,0,ITH,ITH4,6,Friuli-Venezia Giulia,Friuli Venezia Giulia,1215220,1176787,96.84,0.07
2850,2021-09-18,FVG,2756,1516,1240,837,1874,45,0,ITH,ITH4,6,Friuli-Venezia Giulia,Friuli Venezia Giulia,1215220,1179543,97.06,0.23
2851,2021-06-10,FVG,11596,6038,5558,9693,1486,417,0,ITH,ITH4,6,Friuli-Venezia Giulia,Friuli Venezia Giulia,1215220,1191139,98.02,0.95
2852,2021-09-01,FVG,8603,4710,3893,2155,6238,210,0,ITH,ITH4,6,Friuli-Venezia Giulia,Friuli Venezia Giulia,1215220,1199742,98.73,0.71
2853,2021-03-19,FVG,3279,1370,1909,1317,1947,15,0,ITH,ITH4,6,Friuli-Venezia Giulia,Friuli Venezia Giulia,1215220,1203021,99.0,0.27
2854,2021-06-27,FVG,7677,3835,3842,3690,3863,124,0,ITH,ITH4,6,Friuli-Venezia Giulia,Friuli Venezia Giulia,1215220,1210698,99.63,0.63
2855,2021-06-29,FVG,11389,5809,5580,1230,10050,109,0,ITH,ITH4,6,Friuli-Venezia Giulia,Friuli Venezia Giulia,1215220,1222087,100.57,0.94
2856,2021-08-11,FVG,7946,4199,3747,5235,2376,335,0,ITH,ITH4,6,Friuli-Venezia Giulia,Friuli Venezia Giulia,1215220,1230033,101.22,0.65
2857,2021-05-03,FVG,7258,3303,3955,3346,3795,117,0,ITH,ITH4,6,Friuli-Venezia Giulia,Friuli Venezia Giulia,1215220,1237291,101.82,0.6
2858,2021-01-14,FVG,2593,794,1799,2590,0,3,0,ITH,ITH4,6,Friuli-Venezia Giulia,Friuli Venezia Giulia,1215220,1239884,102.03,0.21
2859,2021-08-13,FVG,3887,2180,1707,2725,968,194,0,ITH,ITH4,6,Friuli-Venezia Giulia,Friuli Venezia Giulia,1215220,1243771,102.35,0.32
2860,2021-06-08,FVG,10560,5537,5023,9626,501,433,0,ITH,ITH4,6,Friuli-Venezia Giulia,Friuli Venezia Giulia,1215220,1254331,103.22,0.87
2861,2021-02-28,FVG,2692,1005,1687,2269,394,29,0,ITH,ITH4,6,Friuli-Venezia Giulia,Friuli Venezia Giulia,1215220,1257023,103.44,0.22
2862,2021-08-04,FVG,9360,4839,4521,4677,4381,302,0,ITH,ITH4,6,Friuli-Venezia Giulia,Friuli Venezia Giulia,1215220,1266383,104.21,0.77
2863,2021-08-23,FVG,4793,2487,2306,2658,1786,349,0,ITH,ITH4,6,Friuli-Venezia Giulia,Friuli Venezia Giulia,1215220,1271176,104.6,0.39
2864,2021-05-29,FVG,12044,5858,6186,6781,4996,267,0,ITH,ITH4,6,Friuli-Venezia Giulia,Friuli Venezia Giulia,1215220,1283220,105.6,0.99
2865,2021-07-25,FVG,3905,2028,1877,1917,1881,107,0,ITH,ITH4,6,Friuli-Venezia Giulia,Friuli Venezia Giulia,1215220,1287125,105.92,0.32
2866,2021-07-11,FVG,6875,3592,3283,2384,4188,303,0,ITH,ITH4,6,Friuli-Venezia Giulia,Friuli Venezia Giulia,1215220,1294000,106.48,0.57
2867,2021-09-06,FVG,3958,2246,1712,738,3095,125,0,ITH,ITH4,6,Friuli-Venezia Giulia,Friuli Venezia Giulia,1215220,1297958,106.81,0.33
2868,2021-07-04,FVG,9362,4799,4563,2890,6215,257,0,ITH,ITH4,6,Friuli-Venezia Giulia,Friuli Venezia Giulia,1215220,1307320,107.58,0.77
2869,2021-03-26,FVG,6062,2635,3427,3854,2029,179,0,ITH,ITH4,6,Friuli-Venezia Giulia,Friuli Venezia Giulia,1215220,1313382,108.08,0.5
2870,2021-03-12,FVG,4166,1738,2428,2754,1386,26,0,ITH,ITH4,6,Friuli-Venezia Giulia,Friuli Venezia Giulia,1215220,1317548,108.42,0.34
2871,2021-01-02,FVG,1217,470,747,1217,0,0,0,ITH,ITH4,6,Friuli-Venezia Giulia,Friuli Venezia Giulia,1215220,1318765,108.52,0.1
2872,2021-08-25,FVG,7904,4232,3672,3077,4464,363,0,ITH,ITH4,6,Friuli-Venezia Giulia,Friuli Venezia Giulia,1215220,1326669,109.17,0.65
2873,2021-06-03,FVG,12482,6769,5713,9902,2134,446,0,ITH,ITH4,6,Friuli-Venezia Giulia,Friuli Venezia Giulia,1215220,1339151,110.2,1.03
2874,2021-09-11,FVG,1193,674,519,608,537,48,0,ITH,ITH4,6,Friuli-Venezia Giulia,Friuli Venezia Giulia,1215220,1340344,110.3,0.1
2875,2021-01-19,FVG,6,2,4,6,0,0,0,ITH,ITH4,6,Friuli-Venezia Giulia,Friuli Venezia Giulia,1215220,1340350,110.3,0.0
2876,2021-04-26,FVG,5497,2470,3027,3721,1656,120,0,ITH,ITH4,6,Friuli-Venezia Giulia,Friuli Venezia Giulia,1215220,1345847,110.75,0.45
2877,2021-07-30,FVG,9079,4730,4349,2773,6044,262,0,ITH,ITH4,6,Friuli-Venezia Giulia,Friuli Venezia Giulia,1215220,1354926,111.5,0.75
2878,2021-01-28,FVG,2250,798,1452,355,1895,0,0,ITH,ITH4,6,Friuli-Venezia Giulia,Friuli Venezia Giulia,1215220,1357176,111.68,0.19
2879,2021-05-08,FVG,10345,4674,5671,5358,4794,193,0,ITH,ITH4,6,Friuli-Venezia Giulia,Friuli Venezia Giulia,1215220,1367521,112.53,0.85
2880,2021-02-14,FVG,1,0,1,0,1,0,0,ITH,ITH4,6,Friuli-Venezia Giulia,Friuli Venezia Giulia,1215220,1367522,112.53,0.0
2881,2021-09-20,FVG,3611,1868,1743,1774,1636,199,2,ITH,ITH4,6,Friuli-Venezia Giulia,Friuli Venezia Giulia,1215220,1371133,112.83,0.3
2882,2021-07-16,FVG,9813,5243,4570,1703,7961,149,0,ITH,ITH4,6,Friuli-Venezia Giulia,Friuli Venezia Giulia,1215220,1380946,113.64,0.81
2883,2021-04-07,FVG,7861,3645,4216,6952,789,120,0,ITH,ITH4,6,Friuli-Venezia Giulia,Friuli Venezia Giulia,1215220,1388807,114.28,0.65
2884,2021-02-02,FVG,2491,816,1675,218,2273,0,0,ITH,ITH4,6,Friuli-Venezia Giulia,Friuli Venezia Giulia,1215220,1391298,114.49,0.2
2885,2021-03-31,FVG,8150,3574,4576,7174,850,126,0,ITH,ITH4,6,Friuli-Venezia Giulia,Friuli Venezia Giulia,1215220,1399448,115.16,0.67
2886,2021-04-12,FVG,7289,3197,4092,5995,1136,158,0,ITH,ITH4,6,Friuli-Venezia Giulia,Friuli Venezia Giulia,1215220,1406737,115.76,0.6
2887,2021-08-30,FVG,7356,3919,3437,2487,4639,230,0,ITH,ITH4,6,Friuli-Venezia Giulia,Friuli Venezia Giulia,1215220,1414093,116.37,0.61
2888,2021-09-13,FVG,2607,1371,1236,570,1943,94,0,ITH,ITH4,6,Friuli-Venezia Giulia,Friuli Venezia Giulia,1215220,1416700,116.58,0.21
2889,2021-05-22,FVG,11605,5209,6396,7085,4243,277,0,ITH,ITH4,6,Friuli-Venezia Giulia,Friuli Venezia Giulia,1215220,1428305,117.53,0.95
2890,2021-07-18,FVG,5473,2961,2512,439,5010,24,0,ITH,ITH4,6,Friuli-Venezia Giulia,Friuli Venezia Giulia,1215220,1433778,117.99,0.45
2891,2021-08-18,FVG,4731,2518,2213,3020,1478,233,0,ITH,ITH4,6,Friuli-Venezia Giulia,Friuli Venezia Giulia,1215220,1438509,118.37,0.39
2892,2021-05-10,FVG,8011,3559,4452,6221,1546,244,0,ITH,ITH4,6,Friuli-Venezia Giulia,Friuli Venezia Giulia,1215220,1446520,119.03,0.66
2893,2021-04-08,FVG,7474,3238,4236,5407,1930,137,0,ITH,ITH4,6,Friuli-Venezia Giulia,Friuli Venezia Giulia,1215220,1453994,119.65,0.62
2894,2021-05-21,FVG,11295,5046,6249,7912,3034,349,0,ITH,ITH4,6,Friuli-Venezia Giulia,Friuli Venezia Giulia,1215220,1465289,120.58,0.93
2895,2021-02-10,FVG,1353,499,854,1265,88,0,0,ITH,ITH4,6,Friuli-Venezia Giulia,Friuli Venezia Giulia,1215220,1466642,120.69,0.11
2896,2021-07-17,FVG,7393,3968,3425,620,6689,84,0,ITH,ITH4,6,Friuli-Venezia Giulia,Friuli Venezia Giulia,1215220,1474035,121.3,0.61
2897,2021-02-01,FVG,2107,690,1417,17,2090,0,0,ITH,ITH4,6,Friuli-Venezia Giulia,Friuli Venezia Giulia,1215220,1476142,121.47,0.17
2898,2021-08-31,FVG,7565,4048,3517,1356,6018,191,0,ITH,ITH4,6,Friuli-Venezia Giulia,Friuli Venezia Giulia,1215220,1483707,122.09,0.62
2899,2021-05-14,FVG,10867,5402,5465,7927,2640,300,0,ITH,ITH4,6,Friuli-Venezia Giulia,Friuli Venezia Giulia,1215220,1494574,122.99,0.89
2900,2021-02-03,FVG,2652,792,1860,22,2629,1,0,ITH,ITH4,6,Friuli-Venezia Giulia,Friuli Venezia Giulia,1215220,1497226,123.21,0.22
2901,2021-02-08,FVG,2361,697,1664,90,2270,1,0,ITH,ITH4,6,Friuli-Venezia Giulia,Friuli Venezia Giulia,1215220,1499587,123.4,0.19
2902,2021-06-13,FVG,8719,4538,4181,5164,3331,224,0,ITH,ITH4,6,Friuli-Venezia Giulia,Friuli Venezia Giulia,1215220,1508306,124.12,0.72
2903,2021-07-26,FVG,8565,4269,4296,1776,6576,213,0,ITH,ITH4,6,Friuli-Venezia Giulia,Friuli Venezia Giulia,1215220,1516871,124.82,0.7
2904,2021-04-17,FVG,7469,3240,4229,5818,1484,167,0,ITH,ITH4,6,Friuli-Venezia Giulia,Friuli Venezia Giulia,1215220,1524340,125.44,0.61
2905,2021-07-28,FVG,10510,5360,5150,4014,6045,451,0,ITH,ITH4,6,Friuli-Venezia Giulia,Friuli Venezia Giulia,1215220,1534850,126.3,0.86
2906,2021-07-19,FVG,9452,4941,4511,853,8445,154,0,ITH,ITH4,6,Friuli-Venezia Giulia,Friuli Venezia Giulia,1215220,1544302,127.08,0.78
2907,2021-04-10,FVG,5062,2218,2844,3752,1231,79,0,ITH,ITH4,6,Friuli-Venezia Giulia,Friuli Venezia Giulia,1215220,1549364,127.5,0.42
2908,2021-05-23,FVG,10298,4870,5428,5923,4158,217,0,ITH,ITH4,6,Friuli-Venezia Giulia,Friuli Venezia Giulia,1215220,1559662,128.34,0.85
2909,2021-01-07,FVG,2108,726,1382,2108,0,0,0,ITH,ITH4,6,Friuli-Venezia Giulia,Friuli Venezia Giulia,1215220,1561770,128.52,0.17
2910,2021-03-05,FVG,3835,1545,2290,2733,1079,23,0,ITH,ITH4,6,Friuli-Venezia Giulia,Friuli Venezia Giulia,1215220,1565605,128.83,0.32
2911,2021-04-19,FVG,6734,3142,3592,3213,3426,95,0,ITH,ITH4,6,Friuli-Venezia Giulia,Friuli Venezia Giulia,1215220,1572339,129.39,0.55
2912,2021-01-09,FVG,2534,846,1688,2533,0,1,0,ITH,ITH4,6,Friuli-Venezia Giulia,Friuli Venezia Giulia,1215220,1574873,129.6,0.21
2913,2021-06-15,FVG,12182,6197,5985,5354,6542,286,0,ITH,ITH4,6,Friuli-Venezia Giulia,Friuli Venezia Giulia,1215220,1587055,130.6,1.0
2914,2021-03-07,FVG,2556,938,1618,2495,1,60,0,ITH,ITH4,6,Friuli-Venezia Giulia,Friuli Venezia Giulia,1215220,1589611,130.81,0.21
2915,2020-12-31,FVG,1048,381,667,1047,0,1,0,ITH,ITH4,6,Friuli-Venezia Giulia,Friuli Venezia Giulia,1215220,1590659,130.89,0.09
2916,2021-06-17,FVG,11446,5791,5655,2279,9050,117,0,ITH,ITH4,6,Friuli-Venezia Giulia,Friuli Venezia Giulia,1215220,1602105,131.84,0.94
2917,2021-06-22,FVG,11613,5981,5632,2360,9113,140,0,ITH,ITH4,6,Friuli-Venezia Giulia,Friuli Venezia Giulia,1215220,1613718,132.79,0.96
2918,2021-04-05,PUG,12790,6213,6577,12110,536,144,0,ITF,ITF4,16,Puglia,Puglia,4029053,12790,0.32,0.32
2919,2021-03-19,PUG,7999,3672,4327,3368,4595,36,0,ITF,ITF4,16,Puglia,Puglia,4029053,20789,0.52,0.2
2920,2021-06-27,PUG,18584,9232,9352,9951,8366,267,0,ITF,ITF4,16,Puglia,Puglia,4029053,39373,0.98,0.46
2921,2021-04-19,PUG,27773,12904,14869,24379,3053,341,0,ITF,ITF4,16,Puglia,Puglia,4029053,67146,1.67,0.69
2922,2021-07-28,PUG,45424,22976,22448,14712,29822,890,0,ITF,ITF4,16,Puglia,Puglia,4029053,112570,2.79,1.13
2923,2021-04-24,PUG,29473,13427,16046,25174,3959,340,0,ITF,ITF4,16,Puglia,Puglia,4029053,142043,3.53,0.73
2924,2021-02-21,PUG,2178,475,1703,2064,63,51,0,ITF,ITF4,16,Puglia,Puglia,4029053,144221,3.58,0.05
2925,2021-06-01,PUG,35074,17566,17508,21657,13019,398,0,ITF,ITF4,16,Puglia,Puglia,4029053,179295,4.45,0.87
2926,2021-05-15,PUG,43743,19049,24694,22841,20187,715,0,ITF,ITF4,16,Puglia,Puglia,4029053,223038,5.54,1.09
2927,2021-06-03,PUG,50749,24617,26132,30570,19451,728,0,ITF,ITF4,16,Puglia,Puglia,4029053,273787,6.8,1.26
2928,2021-09-11,PUG,4599,2509,2090,1157,3244,198,0,ITF,ITF4,16,Puglia,Puglia,4029053,278386,6.91,0.11
2929,2021-09-06,PUG,21723,11396,10327,7193,13607,923,0,ITF,ITF4,16,Puglia,Puglia,4029053,300109,7.45,0.54
2930,2021-07-11,PUG,12200,5767,6433,2573,9529,98,0,ITF,ITF4,16,Puglia,Puglia,4029053,312309,7.75,0.3
2931,2021-08-23,PUG,30464,15799,14665,10758,18826,880,0,ITF,ITF4,16,Puglia,Puglia,4029053,342773,8.51,0.76
2932,2021-01-12,PUG,4226,1776,2450,4225,0,1,0,ITF,ITF4,16,Puglia,Puglia,4029053,346999,8.61,0.1
2933,2021-04-07,PUG,15757,7155,8602,8842,6716,199,0,ITF,ITF4,16,Puglia,Puglia,4029053,362756,9.0,0.39
2934,2021-07-16,PUG,46648,22642,24006,12942,32889,817,0,ITF,ITF4,16,Puglia,Puglia,4029053,409404,10.16,1.16
2935,2021-02-07,PUG,1585,669,916,253,1332,0,0,ITF,ITF4,16,Puglia,Puglia,4029053,410989,10.2,0.04
2936,2021-01-21,PUG,2133,905,1228,1268,863,2,0,ITF,ITF4,16,Puglia,Puglia,4029053,413122,10.25,0.05
2937,2021-05-01,PUG,27737,12701,15036,16735,10721,281,0,ITF,ITF4,16,Puglia,Puglia,4029053,440859,10.94,0.69
2938,2021-08-09,PUG,28051,14466,13585,11338,15849,864,0,ITF,ITF4,16,Puglia,Puglia,4029053,468910,11.64,0.7
2939,2021-03-05,PUG,17751,7201,10550,15204,2319,228,0,ITF,ITF4,16,Puglia,Puglia,4029053,486661,12.08,0.44
2940,2021-02-26,PUG,13811,5072,8739,12526,1082,203,0,ITF,ITF4,16,Puglia,Puglia,4029053,500472,12.42,0.34
2941,2020-12-31,PUG,1638,785,853,1638,0,0,0,ITF,ITF4,16,Puglia,Puglia,4029053,502110,12.46,0.04
2942,2021-02-09,PUG,3857,1577,2280,2160,1677,20,0,ITF,ITF4,16,Puglia,Puglia,4029053,505967,12.56,0.1
2943,2021-05-20,PUG,33749,15314,18435,20767,12467,515,0,ITF,ITF4,16,Puglia,Puglia,4029053,539716,13.4,0.84
2944,2021-03-24,PUG,13633,6542,7091,6048,7464,121,0,ITF,ITF4,16,Puglia,Puglia,4029053,553349,13.73,0.34
2945,2021-08-28,PUG,5729,3136,2593,2016,3525,188,0,ITF,ITF4,16,Puglia,Puglia,4029053,559078,13.88,0.14
2946,2021-02-14,PUG,790,348,442,658,127,5,0,ITF,ITF4,16,Puglia,Puglia,4029053,559868,13.9,0.02
2947,2021-05-25,PUG,34875,16283,18592,20583,13705,587,0,ITF,ITF4,16,Puglia,Puglia,4029053,594743,14.76,0.87
2948,2021-05-08,PUG,54507,23073,31434,23933,29965,609,0,ITF,ITF4,16,Puglia,Puglia,4029053,649250,16.11,1.35
2949,2021-08-16,PUG,12092,6416,5676,7083,4375,634,0,ITF,ITF4,16,Puglia,Puglia,4029053,661342,16.41,0.3
2950,2021-01-14,PUG,4088,1598,2490,4087,0,1,0,ITF,ITF4,16,Puglia,Puglia,4029053,665430,16.52,0.1
2951,2021-01-07,PUG,5738,2470,3268,5738,0,0,0,ITF,ITF4,16,Puglia,Puglia,4029053,671168,16.66,0.14
2952,2021-04-17,PUG,40110,19010,21100,36086,3593,431,0,ITF,ITF4,16,Puglia,Puglia,4029053,711278,17.65,1.0
2953,2021-02-19,PUG,4762,2030,2732,4314,393,55,0,ITF,ITF4,16,Puglia,Puglia,4029053,716040,17.77,0.12
2954,2021-06-22,PUG,42599,20667,21932,19063,22963,573,0,ITF,ITF4,16,Puglia,Puglia,4029053,758639,18.83,1.06
2955,2021-08-30,PUG,28565,14866,13699,11556,15982,1027,0,ITF,ITF4,16,Puglia,Puglia,4029053,787204,19.54,0.71
2956,2021-01-31,PUG,1828,835,993,73,1755,0,0,ITF,ITF4,16,Puglia,Puglia,4029053,789032,19.58,0.05
2957,2021-03-10,PUG,14876,6653,8223,11567,3142,167,0,ITF,ITF4,16,Puglia,Puglia,4029053,803908,19.95,0.37
2958,2021-03-29,PUG,13593,6635,6958,6619,6772,202,0,ITF,ITF4,16,Puglia,Puglia,4029053,817501,20.29,0.34
2959,2021-03-12,PUG,14333,6466,7867,10238,3950,145,0,ITF,ITF4,16,Puglia,Puglia,4029053,831834,20.65,0.36
2960,2021-06-20,PUG,21642,10873,10769,14067,7249,326,0,ITF,ITF4,16,Puglia,Puglia,4029053,853476,21.18,0.54
2961,2021-01-02,PUG,2958,1306,1652,2958,0,0,0,ITF,ITF4,16,Puglia,Puglia,4029053,856434,21.26,0.07
2962,2021-04-12,PUG,29511,13880,15631,26164,3029,318,0,ITF,ITF4,16,Puglia,Puglia,4029053,885945,21.99,0.73
2963,2021-07-21,PUG,45109,22236,22873,11857,32402,850,0,ITF,ITF4,16,Puglia,Puglia,4029053,931054,23.11,1.12
2964,2021-07-04,PUG,19966,9713,10253,7937,11744,285,0,ITF,ITF4,16,Puglia,Puglia,4029053,951020,23.6,0.5
2965,2021-07-23,PUG,43422,21969,21453,13650,28795,977,0,ITF,ITF4,16,Puglia,Puglia,4029053,994442,24.68,1.08
2966,2021-07-30,PUG,36499,18751,17748,13168,22450,881,0,ITF,ITF4,16,Puglia,Puglia,4029053,1030941,25.59,0.91
2967,2021-09-18,PUG,3182,1723,1459,912,2161,109,0,ITF,ITF4,16,Puglia,Puglia,4029053,1034123,25.67,0.08
2968,2021-05-27,PUG,41053,19405,21648,22903,17475,675,0,ITF,ITF4,16,Puglia,Puglia,4029053,1075176,26.69,1.02
2969,2021-09-04,PUG,5532,2995,2537,1649,3703,180,0,ITF,ITF4,16,Puglia,Puglia,4029053,1080708,26.82,0.14
2970,2021-08-11,PUG,24025,12368,11657,12184,10827,1014,0,ITF,ITF4,16,Puglia,Puglia,4029053,1104733,27.42,0.6
2971,2021-06-15,PUG,42776,20907,21869,22397,19785,594,0,ITF,ITF4,16,Puglia,Puglia,4029053,1147509,28.48,1.06
2972,2021-06-08,PUG,39425,19196,20229,20957,17903,565,0,ITF,ITF4,16,Puglia,Puglia,4029053,1186934,29.46,0.98
2973,2021-06-13,PUG,21901,10968,10933,16388,5227,286,0,ITF,ITF4,16,Puglia,Puglia,4029053,1208835,30.0,0.54
2974,2021-01-26,PUG,5383,2410,2973,563,4819,1,0,ITF,ITF4,16,Puglia,Puglia,4029053,1214218,30.14,0.13
2975,2021-07-02,PUG,47517,22588,24929,17376,29212,929,0,ITF,ITF4,16,Puglia,Puglia,4029053,1261735,31.32,1.18
2976,2021-05-06,PUG,39800,17411,22389,19297,19939,564,0,ITF,ITF4,16,Puglia,Puglia,4029053,1301535,32.3,0.99
2977,2021-09-03,PUG,21441,11084,10357,8462,11781,1198,0,ITF,ITF4,16,Puglia,Puglia,4029053,1322976,32.84,0.53
2978,2021-04-26,PUG,26376,12087,14289,22736,3246,394,0,ITF,ITF4,16,Puglia,Puglia,4029053,1349352,33.49,0.65
2979,2021-08-04,PUG,35364,18024,17340,12457,21848,1059,0,ITF,ITF4,16,Puglia,Puglia,4029053,1384716,34.37,0.88
2980,2021-03-16,PUG,9898,4699,5199,3454,6385,59,0,ITF,ITF4,16,Puglia,Puglia,4029053,1394614,34.61,0.25
2981,2021-06-24,PUG,53119,25697,27422,23607,28725,787,0,ITF,ITF4,16,Puglia,Puglia,4029053,1447733,35.93,1.32
2982,2021-04-28,PUG,19900,8925,10975,14842,4795,263,0,ITF,ITF4,16,Puglia,Puglia,4029053,1467633,36.43,0.49
2983,2021-08-06,PUG,30458,15873,14585,9190,20513,755,0,ITF,ITF4,16,Puglia,Puglia,4029053,1498091,37.18,0.76
2984,2021-05-29,PUG,30736,14488,16248,20625,9565,546,0,ITF,ITF4,16,Puglia,Puglia,4029053,1528827,37.95,0.76
2985,2021-04-02,PUG,12876,6014,6862,8193,4531,152,0,ITF,ITF4,16,Puglia,Puglia,4029053,1541703,38.26,0.32
2986,2021-04-16,PUG,36175,17002,19173,32452,3294,429,0,ITF,ITF4,16,Puglia,Puglia,4029053,1577878,39.16,0.9
2987,2021-02-18,PUG,4390,1850,2540,3719,610,61,0,ITF,ITF4,16,Puglia,Puglia,4029053,1582268,39.27,0.11
2988,2021-07-25,PUG,14328,7410,6918,4273,9849,206,0,ITF,ITF4,16,Puglia,Puglia,4029053,1596596,39.63,0.36
2989,2021-04-09,PUG,22195,9567,12628,17096,4709,390,0,ITF,ITF4,16,Puglia,Puglia,4029053,1618791,40.18,0.55
2990,2021-09-13,PUG,19732,10334,9398,5401,13588,743,0,ITF,ITF4,16,Puglia,Puglia,4029053,1638523,40.67,0.49
2991,2021-02-11,PUG,3700,1401,2299,2392,1280,28,0,ITF,ITF4,16,Puglia,Puglia,4029053,1642223,40.76,0.09
2992,2021-07-18,PUG,18854,9653,9201,6193,12322,339,0,ITF,ITF4,16,Puglia,Puglia,4029053,1661077,41.23,0.47
2993,2021-05-22,PUG,34805,15931,18874,23664,10595,546,0,ITF,ITF4,16,Puglia,Puglia,4029053,1695882,42.09,0.86
2994,2021-02-04,PUG,5946,2368,3578,1132,4810,4,0,ITF,ITF4,16,Puglia,Puglia,4029053,1701828,42.24,0.15
2995,2021-05-17,PUG,32998,15295,17703,20465,12029,504,0,ITF,ITF4,16,Puglia,Puglia,4029053,1734826,43.06,0.82
2996,2021-01-19,PUG,1221,452,769,1210,10,1,0,ITF,ITF4,16,Puglia,Puglia,4029053,1736047,43.09,0.03
2997,2021-07-08,PUG,41666,19326,22340,5415,35791,460,0,ITF,ITF4,16,Puglia,Puglia,4029053,1777713,44.12,1.03
2998,2021-01-04,PUG,4514,2017,2497,4512,0,2,0,ITF,ITF4,16,Puglia,Puglia,4029053,1782227,44.23,0.11
2999,2021-08-18,PUG,20222,10706,9516,10722,8576,924,0,ITF,ITF4,16,Puglia,Puglia,4029053,1802449,44.74,0.5
3000,2021-03-02,PUG,16438,6112,10326,14874,1311,253,0,ITF,ITF4,16,Puglia,Puglia,4029053,1818887,45.14,0.41
3001,2021-06-10,PUG,47302,23257,24045,29424,17158,720,0,ITF,ITF4,16,Puglia,Puglia,4029053,1866189,46.32,1.17
3002,2021-04-04,PUG,6003,2979,3024,5914,7,82,0,ITF,ITF4,16,Puglia,Puglia,4029053,1872192,46.47,0.15
3003,2021-01-09,PUG,4900,2252,2648,4896,0,4,0,ITF,ITF4,16,Puglia,Puglia,4029053,1877092,46.59,0.12
3004,2021-07-01,PUG,48584,22746,25838,11447,36502,635,0,ITF,ITF4,16,Puglia,Puglia,4029053,1925676,47.79,1.21
3005,2021-03-31,PUG,14591,6840,7751,8844,5594,153,0,ITF,ITF4,16,Puglia,Puglia,4029053,1940267,48.16,0.36
3006,2021-02-02,PUG,4367,1858,2509,575,3791,1,0,ITF,ITF4,16,Puglia,Puglia,4029053,1944634,48.27,0.11
3007,2021-07-09,PUG,37209,17928,19281,6395,30134,680,0,ITF,ITF4,16,Puglia,Puglia,4029053,1981843,49.19,0.92
3008,2021-05-13,PUG,38911,17343,21568,21007,17332,572,0,ITF,ITF4,16,Puglia,Puglia,4029053,2020754,50.15,0.97
3009,2021-03-17,PUG,10361,4709,5652,4106,6192,63,0,ITF,ITF4,16,Puglia,Puglia,4029053,2031115,50.41,0.26
3010,2021-06-12,PUG,34687,17282,17405,25095,8997,595,0,ITF,ITF4,16,Puglia,Puglia,4029053,2065802,51.27,0.86
3011,2021-09-20,PUG,16343,8883,7460,5690,9342,826,485,ITF,ITF4,16,Puglia,Puglia,4029053,2082145,51.68,0.41
3012,2021-01-28,PUG,5491,2286,3205,441,5050,0,0,ITF,ITF4,16,Puglia,Puglia,4029053,2087636,51.81,0.14
3013,2021-02-25,PUG,12009,5076,6933,10687,1185,137,0,ITF,ITF4,16,Puglia,Puglia,4029053,2099645,52.11,0.3
3014,2021-06-05,PUG,42720,20926,21794,29227,12773,720,0,ITF,ITF4,16,Puglia,Puglia,4029053,2142365,53.17,1.06
3015,2021-08-25,PUG,25785,13551,12234,10377,14469,939,0,ITF,ITF4,16,Puglia,Puglia,4029053,2168150,53.81,0.64
3016,2021-08-08,PUG,5124,2602,2522,1656,3419,49,0,ITF,ITF4,16,Puglia,Puglia,4029053,2173274,53.94,0.13
3017,2021-08-27,PUG,23915,12532,11383,9989,12985,941,0,ITF,ITF4,16,Puglia,Puglia,4029053,2197189,54.53,0.59
3018,2021-03-26,PUG,12050,5868,6182,7223,4685,142,0,ITF,ITF4,16,Puglia,Puglia,4029053,2209239,54.83,0.3
3019,2021-03-09,PUG,13706,6126,7580,11498,2022,186,0,ITF,ITF4,16,Puglia,Puglia,4029053,2222945,55.17,0.34
3020,2021-04-14,PUG,32099,15141,16958,28483,3308,308,0,ITF,ITF4,16,Puglia,Puglia,4029053,2255044,55.97,0.8
3021,2021-03-28,PUG,3552,1660,1892,1179,2337,36,0,ITF,ITF4,16,Puglia,Puglia,4029053,2258596,56.06,0.09
3022,2021-07-13,PUG,48869,23042,25827,7767,40518,584,0,ITF,ITF4,16,Puglia,Puglia,4029053,2307465,57.27,1.21
3023,2021-03-21,PUG,2697,1227,1470,577,2108,12,0,ITF,ITF4,16,Puglia,Puglia,4029053,2310162,57.34,0.07
3024,2021-06-29,PUG,46808,22448,24360,15358,30757,693,0,ITF,ITF4,16,Puglia,Puglia,4029053,2356970,58.5,1.16
3025,2021-01-11,PUG,3761,1593,2168,3760,0,1,0,ITF,ITF4,16,Puglia,Puglia,4029053,2360731,58.59,0.09
3026,2021-04-21,PUG,23179,10703,12476,19129,3748,302,0,ITF,ITF4,16,Puglia,Puglia,4029053,2383910,59.17,0.58
3027,2021-03-14,PUG,3385,1466,1919,2474,868,43,0,ITF,ITF4,16,Puglia,Puglia,4029053,2387295,59.25,0.08
3028,2021-01-16,PUG,2510,1035,1475,2509,0,1,0,ITF,ITF4,16,Puglia,Puglia,4029053,2389805,59.31,0.06
3029,2021-08-15,PUG,58,35,23,57,1,0,0,ITF,ITF4,16,Puglia,Puglia,4029053,2389863,59.32,0.0
3030,2021-04-23,PUG,29651,13782,15869,23934,5300,417,0,ITF,ITF4,16,Puglia,Puglia,4029053,2419514,60.05,0.74
3031,2021-08-01,PUG,12438,6516,5922,4325,7992,121,0,ITF,ITF4,16,Puglia,Puglia,4029053,2431952,60.36,0.31
3032,2021-09-15,PUG,15574,8186,7388,3942,10994,638,0,ITF,ITF4,16,Puglia,Puglia,4029053,2447526,60.75,0.39
3033,2021-07-20,PUG,47084,23098,23986,8197,38379,508,0,ITF,ITF4,16,Puglia,Puglia,4029053,2494610,61.92,1.17
3034,2021-09-08,PUG,18721,9820,8901,5965,11997,759,0,ITF,ITF4,16,Puglia,Puglia,4029053,2513331,62.38,0.46
3035,2021-08-05,PUG,34535,17406,17129,9536,24128,871,0,ITF,ITF4,16,Puglia,Puglia,4029053,2547866,63.24,0.86
3036,2021-01-06,PUG,3968,1680,2288,3967,0,1,0,ITF,ITF4,16,Puglia,Puglia,4029053,2551834,63.34,0.1
3037,2021-09-17,PUG,15014,8010,7004,4255,10158,601,0,ITF,ITF4,16,Puglia,Puglia,4029053,2566848,63.71,0.37
3038,2021-02-23,PUG,9403,4435,4968,8813,497,93,0,ITF,ITF4,16,Puglia,Puglia,4029053,2576251,63.94,0.23
3039,2021-01-18,PUG,1849,772,1077,1497,351,1,0,ITF,ITF4,16,Puglia,Puglia,4029053,2578100,63.99,0.05
3040,2021-07-06,PUG,42468,19552,22916,6092,35959,417,0,ITF,ITF4,16,Puglia,Puglia,4029053,2620568,65.04,1.05
3041,2021-06-19,PUG,34859,17485,17374,22235,11968,656,0,ITF,ITF4,16,Puglia,Puglia,4029053,2655427,65.91,0.87
3042,2021-06-21,PUG,42012,20487,21525,21484,19889,639,0,ITF,ITF4,16,Puglia,Puglia,4029053,2697439,66.95,1.04
3043,2021-05-24,PUG,36255,17100,19155,24517,11126,612,0,ITF,ITF4,16,Puglia,Puglia,4029053,2733694,67.85,0.9
3044,2021-09-01,PUG,24851,12894,11957,9868,13914,1069,0,ITF,ITF4,16,Puglia,Puglia,4029053,2758545,68.47,0.62
3045,2021-02-16,PUG,3395,1457,1938,2714,649,32,0,ITF,ITF4,16,Puglia,Puglia,4029053,2761940,68.55,0.08
3046,2021-01-30,PUG,5544,2516,3028,380,5163,1,0,ITF,ITF4,16,Puglia,Puglia,4029053,2767484,68.69,0.14
3047,2021-05-10,PUG,37953,16770,21183,19304,18119,530,0,ITF,ITF4,16,Puglia,Puglia,4029053,2805437,69.63,0.94
3048,2021-08-17,PUG,20010,10381,9629,9327,9984,699,0,ITF,ITF4,16,Puglia,Puglia,4029053,2825447,70.13,0.5
3049,2021-05-21,PUG,39281,18661,20620,28286,10201,794,0,ITF,ITF4,16,Puglia,Puglia,4029053,2864728,71.1,0.97
3050,2021-08-31,PUG,24893,12820,12073,8325,15717,851,0,ITF,ITF4,16,Puglia,Puglia,4029053,2889621,71.72,0.62
3051,2021-05-19,PUG,26521,12816,13705,19576,6505,440,0,ITF,ITF4,16,Puglia,Puglia,4029053,2916142,72.38,0.66
3052,2021-03-23,PUG,11164,5667,5497,4530,6537,97,0,ITF,ITF4,16,Puglia,Puglia,4029053,2927306,72.65,0.28
3053,2021-09-22,PUG,10363,5538,4825,2588,7038,373,364,ITF,ITF4,16,Puglia,Puglia,4029053,2937669,72.91,0.26
3054,2021-07-27,PUG,48714,24242,24472,13329,34579,806,0,ITF,ITF4,16,Puglia,Puglia,4029053,2986383,74.12,1.21
3055,2021-05-31,PUG,38013,18333,19680,23187,14268,558,0,ITF,ITF4,16,Puglia,Puglia,4029053,3024396,75.06,0.94
3056,2021-09-12,PUG,1227,652,575,403,773,51,0,ITF,ITF4,16,Puglia,Puglia,4029053,3025623,75.1,0.03
3057,2021-08-24,PUG,25239,12952,12287,9415,14999,825,0,ITF,ITF4,16,Puglia,Puglia,4029053,3050862,75.72,0.63
3058,2021-08-12,PUG,19654,10505,9149,11181,7574,899,0,ITF,ITF4,16,Puglia,Puglia,4029053,3070516,76.21,0.49
3059,2021-06-16,PUG,42209,20771,21438,26931,14547,731,0,ITF,ITF4,16,Puglia,Puglia,4029053,3112725,77.26,1.05
3060,2020-12-30,PUG,1,0,1,1,0,0,0,ITF,ITF4,16,Puglia,Puglia,4029053,3112726,77.26,0.0
3061,2021-03-18,PUG,9637,4378,5259,3348,6223,66,0,ITF,ITF4,16,Puglia,Puglia,4029053,3122363,77.5,0.24
3062,2021-06-26,PUG,32488,16365,16123,15891,16025,572,0,ITF,ITF4,16,Puglia,Puglia,4029053,3154851,78.3,0.81
3063,2021-03-04,PUG,15404,6118,9286,13726,1441,237,0,ITF,ITF4,16,Puglia,Puglia,4029053,3170255,78.68,0.38
3064,2021-06-09,PUG,42060,20824,21236,29997,11349,714,0,ITF,ITF4,16,Puglia,Puglia,4029053,3212315,79.73,1.04
3065,2021-02-15,PUG,3271,1273,1998,2602,624,45,0,ITF,ITF4,16,Puglia,Puglia,4029053,3215586,79.81,0.08
3066,2021-02-06,PUG,4559,1936,2623,1579,2965,15,0,ITF,ITF4,16,Puglia,Puglia,4029053,3220145,79.92,0.11
3067,2021-01-20,PUG,1547,541,1006,1537,8,2,0,ITF,ITF4,16,Puglia,Puglia,4029053,3221692,79.96,0.04
3068,2021-04-30,PUG,35081,15720,19361,22482,12028,571,0,ITF,ITF4,16,Puglia,Puglia,4029053,3256773,80.83,0.87
3069,2021-04-13,PUG,28806,13663,15143,24945,3545,316,0,ITF,ITF4,16,Puglia,Puglia,4029053,3285579,81.55,0.71
3070,2021-07-22,PUG,47691,23648,24043,8466,38537,688,0,ITF,ITF4,16,Puglia,Puglia,4029053,3333270,82.73,1.18
3071,2021-07-05,PUG,39008,18302,20706,7218,31234,556,0,ITF,ITF4,16,Puglia,Puglia,4029053,3372278,83.7,0.97
3072,2021-02-13,PUG,3735,1462,2273,3023,696,16,0,ITF,ITF4,16,Puglia,Puglia,4029053,3376013,83.79,0.09
3073,2021-06-28,PUG,48784,23657,25127,21665,26321,798,0,ITF,ITF4,16,Puglia,Puglia,4029053,3424797,85.0,1.21
3074,2021-09-05,PUG,3204,1751,1453,962,2119,123,0,ITF,ITF4,16,Puglia,Puglia,4029053,3428001,85.08,0.08
3075,2021-03-25,PUG,11793,6048,5745,5261,6428,104,0,ITF,ITF4,16,Puglia,Puglia,4029053,3439794,85.37,0.29
3076,2021-08-29,PUG,1289,665,624,422,839,28,0,ITF,ITF4,16,Puglia,Puglia,4029053,3441083,85.41,0.03
3077,2021-07-03,PUG,33348,16709,16639,13463,19379,506,0,ITF,ITF4,16,Puglia,Puglia,4029053,3474431,86.23,0.83
3078,2021-02-08,PUG,4013,1623,2390,1583,2415,15,0,ITF,ITF4,16,Puglia,Puglia,4029053,3478444,86.33,0.1
3079,2021-03-22,PUG,9996,5146,4850,4252,5672,72,0,ITF,ITF4,16,Puglia,Puglia,4029053,3488440,86.58,0.25
3080,2021-01-24,PUG,1674,754,920,151,1523,0,0,ITF,ITF4,16,Puglia,Puglia,4029053,3490114,86.62,0.04
3081,2021-06-30,PUG,47985,23276,24709,18844,28282,859,0,ITF,ITF4,16,Puglia,Puglia,4029053,3538099,87.81,1.19
3082,2021-03-15,PUG,12367,6164,6203,5741,6519,107,0,ITF,ITF4,16,Puglia,Puglia,4029053,3550466,88.12,0.31
3083,2021-08-19,PUG,17898,9327,8571,8785,8393,720,0,ITF,ITF4,16,Puglia,Puglia,4029053,3568364,88.57,0.44
3084,2021-01-17,PUG,1312,593,719,1242,70,0,0,ITF,ITF4,16,Puglia,Puglia,4029053,3569676,88.6,0.03
3085,2021-06-23,PUG,29479,14405,15074,16946,11921,612,0,ITF,ITF4,16,Puglia,Puglia,4029053,3599155,89.33,0.73
3086,2021-04-27,PUG,26746,12103,14643,20788,5628,330,0,ITF,ITF4,16,Puglia,Puglia,4029053,3625901,89.99,0.66
3087,2021-04-25,PUG,11330,5244,6086,10052,1144,134,0,ITF,ITF4,16,Puglia,Puglia,4029053,3637231,90.28,0.28
3088,2021-02-27,PUG,14251,4825,9426,12825,1237,189,0,ITF,ITF4,16,Puglia,Puglia,4029053,3651482,90.63,0.35
3089,2021-08-03,PUG,36517,18530,17987,9212,26540,765,0,ITF,ITF4,16,Puglia,Puglia,4029053,3687999,91.54,0.91
3090,2021-01-01,PUG,150,61,89,150,0,0,0,ITF,ITF4,16,Puglia,Puglia,4029053,3688149,91.54,0.0
3091,2021-06-07,PUG,44501,21727,22774,30400,13334,767,0,ITF,ITF4,16,Puglia,Puglia,4029053,3732650,92.64,1.1
3092,2021-04-11,PUG,16494,7270,9224,14657,1650,187,0,ITF,ITF4,16,Puglia,Puglia,4029053,3749144,93.05,0.41
3093,2021-03-11,PUG,14875,6608,8267,11471,3196,208,0,ITF,ITF4,16,Puglia,Puglia,4029053,3764019,93.42,0.37
3094,2021-06-02,PUG,27120,13259,13861,21919,4845,356,0,ITF,ITF4,16,Puglia,Puglia,4029053,3791139,94.1,0.67
3095,2021-09-10,PUG,19400,10132,9268,6143,12196,1061,0,ITF,ITF4,16,Puglia,Puglia,4029053,3810539,94.58,0.48
3096,2021-05-26,PUG,38772,18628,20144,26263,11853,656,0,ITF,ITF4,16,Puglia,Puglia,4029053,3849311,95.54,0.96
3097,2021-01-27,PUG,4607,1946,2661,617,3990,0,0,ITF,ITF4,16,Puglia,Puglia,4029053,3853918,95.65,0.11
3098,2021-05-07,PUG,50298,22444,27854,25959,23720,619,0,ITF,ITF4,16,Puglia,Puglia,4029053,3904216,96.9,1.25
3099,2021-07-29,PUG,43105,21796,21309,12281,30031,793,0,ITF,ITF4,16,Puglia,Puglia,4029053,3947321,97.97,1.07
3100,2021-01-13,PUG,4558,1736,2822,4557,0,1,0,ITF,ITF4,16,Puglia,Puglia,4029053,3951879,98.08,0.11
3101,2021-09-19,PUG,618,350,268,206,372,40,0,ITF,ITF4,16,Puglia,Puglia,4029053,3952497,98.1,0.02
3102,2021-05-09,PUG,30874,12672,18202,14797,15696,381,0,ITF,ITF4,16,Puglia,Puglia,4029053,3983371,98.87,0.77
3103,2021-05-02,PUG,21368,9682,11686,13906,7280,182,0,ITF,ITF4,16,Puglia,Puglia,4029053,4004739,99.4,0.53
3104,2021-08-10,PUG,27454,14315,13139,14197,12103,1154,0,ITF,ITF4,16,Puglia,Puglia,4029053,4032193,100.08,0.68
3105,2021-07-24,PUG,26792,13903,12889,8000,18320,472,0,ITF,ITF4,16,Puglia,Puglia,4029053,4058985,100.74,0.66
3106,2021-02-10,PUG,3660,1444,2216,2127,1513,20,0,ITF,ITF4,16,Puglia,Puglia,4029053,4062645,100.83,0.09
3107,2021-05-23,PUG,17993,8414,9579,13890,3843,260,0,ITF,ITF4,16,Puglia,Puglia,4029053,4080638,101.28,0.45
3108,2021-03-06,PUG,16197,6144,10053,13889,2132,176,0,ITF,ITF4,16,Puglia,Puglia,4029053,4096835,101.68,0.4
3109,2021-01-08,PUG,5700,2400,3300,5698,0,2,0,ITF,ITF4,16,Puglia,Puglia,4029053,4102535,101.82,0.14
3110,2021-06-14,PUG,42176,20635,21541,28870,12509,797,0,ITF,ITF4,16,Puglia,Puglia,4029053,4144711,102.87,1.05
3111,2021-04-18,PUG,22693,10860,11833,21433,1058,202,0,ITF,ITF4,16,Puglia,Puglia,4029053,4167404,103.43,0.56
3112,2021-02-20,PUG,2978,1079,1899,2688,257,33,0,ITF,ITF4,16,Puglia,Puglia,4029053,4170382,103.51,0.07
3113,2021-05-11,PUG,32774,14488,18286,13703,18576,495,0,ITF,ITF4,16,Puglia,Puglia,4029053,4203156,104.32,0.81
3114,2021-05-04,PUG,35254,14912,20342,18250,16580,424,0,ITF,ITF4,16,Puglia,Puglia,4029053,4238410,105.2,0.87
3115,2021-03-08,PUG,15025,6447,8578,12447,2417,161,0,ITF,ITF4,16,Puglia,Puglia,4029053,4253435,105.57,0.37
3116,2021-03-13,PUG,10489,4141,6348,8573,1817,99,0,ITF,ITF4,16,Puglia,Puglia,4029053,4263924,105.83,0.26
3117,2021-02-24,PUG,10073,4719,5354,9378,597,98,0,ITF,ITF4,16,Puglia,Puglia,4029053,4273997,106.08,0.25
3118,2021-06-04,PUG,52928,25611,27317,34236,17866,826,0,ITF,ITF4,16,Puglia,Puglia,4029053,4326925,107.39,1.31
3119,2021-05-18,PUG,29013,13494,15519,15778,12926,309,0,ITF,ITF4,16,Puglia,Puglia,4029053,4355938,108.11,0.72
3120,2021-08-26,PUG,20311,10480,9831,8694,10739,878,0,ITF,ITF4,16,Puglia,Puglia,4029053,4376249,108.62,0.5
3121,2021-04-06,PUG,13874,6266,7608,6925,6774,175,0,ITF,ITF4,16,Puglia,Puglia,4029053,4390123,108.96,0.34
3122,2021-07-15,PUG,44965,21764,23201,8878,35407,680,0,ITF,ITF4,16,Puglia,Puglia,4029053,4435088,110.08,1.12
3123,2021-07-14,PUG,46330,22220,24110,13362,32130,838,0,ITF,ITF4,16,Puglia,Puglia,4029053,4481418,111.23,1.15
3124,2021-08-02,PUG,39832,20193,19639,14222,24384,1226,0,ITF,ITF4,16,Puglia,Puglia,4029053,4521250,112.22,0.99
3125,2021-04-22,PUG,23085,10563,12522,17752,4949,384,0,ITF,ITF4,16,Puglia,Puglia,4029053,4544335,112.79,0.57
3126,2021-07-31,PUG,20051,10656,9395,7908,11662,481,0,ITF,ITF4,16,Puglia,Puglia,4029053,4564386,113.29,0.5
3127,2021-02-12,PUG,4215,1672,2543,3098,1094,23,0,ITF,ITF4,16,Puglia,Puglia,4029053,4568601,113.39,0.1
3128,2021-06-18,PUG,47927,23591,24336,28884,18115,928,0,ITF,ITF4,16,Puglia,Puglia,4029053,4616528,114.58,1.19
3129,2021-09-09,PUG,18464,9598,8866,5136,12544,784,0,ITF,ITF4,16,Puglia,Puglia,4029053,4634992,115.04,0.46
3130,2021-01-03,PUG,2010,944,1066,2009,0,1,0,ITF,ITF4,16,Puglia,Puglia,4029053,4637002,115.09,0.05
3131,2021-02-17,PUG,4299,1756,2543,3618,641,40,0,ITF,ITF4,16,Puglia,Puglia,4029053,4641301,115.2,0.11
3132,2021-05-28,PUG,44180,20910,23270,27444,15932,804,0,ITF,ITF4,16,Puglia,Puglia,4029053,4685481,116.29,1.1
3133,2021-07-26,PUG,48047,23982,24065,17106,30020,921,0,ITF,ITF4,16,Puglia,Puglia,4029053,4733528,117.48,1.19
3134,2021-08-14,PUG,1101,568,533,509,573,19,0,ITF,ITF4,16,Puglia,Puglia,4029053,4734629,117.51,0.03
3135,2021-01-15,PUG,4559,1866,2693,4554,0,5,0,ITF,ITF4,16,Puglia,Puglia,4029053,4739188,117.63,0.11
3136,2021-01-29,PUG,6219,2674,3545,219,6000,0,0,ITF,ITF4,16,Puglia,Puglia,4029053,4745407,117.78,0.15
3137,2021-03-20,PUG,8448,3895,4553,3767,4633,48,0,ITF,ITF4,16,Puglia,Puglia,4029053,4753855,117.99,0.21
3138,2021-03-03,PUG,16836,6830,10006,14741,1940,155,0,ITF,ITF4,16,Puglia,Puglia,4029053,4770691,118.41,0.42
3139,2021-06-11,PUG,48090,23524,24566,33043,14135,912,0,ITF,ITF4,16,Puglia,Puglia,4029053,4818781,119.6,1.19
3140,2021-03-01,PUG,15145,5886,9259,13604,1386,155,0,ITF,ITF4,16,Puglia,Puglia,4029053,4833926,119.98,0.38
3141,2021-09-02,PUG,23212,12070,11142,7442,14895,875,0,ITF,ITF4,16,Puglia,Puglia,4029053,4857138,120.55,0.58
3142,2021-01-10,PUG,2351,1062,1289,2351,0,0,0,ITF,ITF4,16,Puglia,Puglia,4029053,4859489,120.61,0.06
3143,2021-05-30,PUG,21069,10080,10989,15735,5077,257,0,ITF,ITF4,16,Puglia,Puglia,4029053,4880558,121.13,0.52
3144,2021-09-07,PUG,22592,11855,10737,6914,14859,819,0,ITF,ITF4,16,Puglia,Puglia,4029053,4903150,121.69,0.56
3145,2021-04-29,PUG,26351,12185,14166,19205,6716,430,0,ITF,ITF4,16,Puglia,Puglia,4029053,4929501,122.35,0.65
3146,2021-08-07,PUG,10128,5345,4783,3564,6266,298,0,ITF,ITF4,16,Puglia,Puglia,4029053,4939629,122.6,0.25
3147,2021-02-22,PUG,9662,4542,5120,9235,336,91,0,ITF,ITF4,16,Puglia,Puglia,4029053,4949291,122.84,0.24
3148,2021-03-27,PUG,12187,5726,6461,6882,5193,112,0,ITF,ITF4,16,Puglia,Puglia,4029053,4961478,123.14,0.3
3149,2021-01-05,PUG,5119,2257,2862,5116,0,3,0,ITF,ITF4,16,Puglia,Puglia,4029053,4966597,123.27,0.13
3150,2021-04-15,PUG,32809,15310,17499,28620,3787,402,0,ITF,ITF4,16,Puglia,Puglia,4029053,4999406,124.08,0.81
3151,2021-07-07,PUG,38820,18582,20238,6075,32233,512,0,ITF,ITF4,16,Puglia,Puglia,4029053,5038226,125.05,0.96
3152,2021-04-03,PUG,10589,4661,5928,6817,3578,194,0,ITF,ITF4,16,Puglia,Puglia,4029053,5048815,125.31,0.26
3153,2021-01-22,PUG,1414,579,835,992,421,1,0,ITF,ITF4,16,Puglia,Puglia,4029053,5050229,125.35,0.04
3154,2021-08-21,PUG,4316,2309,2007,1980,2100,236,0,ITF,ITF4,16,Puglia,Puglia,4029053,5054545,125.45,0.11
3155,2021-06-25,PUG,50990,25112,25878,23846,26239,905,0,ITF,ITF4,16,Puglia,Puglia,4029053,5105535,126.72,1.27
3156,2021-02-05,PUG,5657,2279,3378,1313,4339,5,0,ITF,ITF4,16,Puglia,Puglia,4029053,5111192,126.86,0.14
3157,2021-05-16,PUG,24662,11126,13536,12469,11963,230,0,ITF,ITF4,16,Puglia,Puglia,4029053,5135854,127.47,0.61
3158,2021-09-21,PUG,21160,11435,9725,5353,14853,601,353,ITF,ITF4,16,Puglia,Puglia,4029053,5157014,128.0,0.53
3159,2021-04-20,PUG,21239,9861,11378,17476,3493,270,0,ITF,ITF4,16,Puglia,Puglia,4029053,5178253,128.52,0.53
3160,2020-12-27,PUG,510,252,258,510,0,0,0,ITF,ITF4,16,Puglia,Puglia,4029053,5178763,128.54,0.01
3161,2021-02-28,PUG,6087,1813,4274,5818,191,78,0,ITF,ITF4,16,Puglia,Puglia,4029053,5184850,128.69,0.15
3162,2021-05-12,PUG,36682,16359,20323,23538,12555,589,0,ITF,ITF4,16,Puglia,Puglia,4029053,5221532,129.6,0.91
3163,2021-08-20,PUG,18016,9384,8632,8292,8978,746,0,ITF,ITF4,16,Puglia,Puglia,4029053,5239548,130.04,0.45
3164,2021-01-23,PUG,3044,1295,1749,880,2162,2,0,ITF,ITF4,16,Puglia,Puglia,4029053,5242592,130.12,0.08
3165,2021-05-03,PUG,33449,14952,18497,22177,10703,569,0,ITF,ITF4,16,Puglia,Puglia,4029053,5276041,130.95,0.83
3166,2021-03-07,PUG,4996,2007,2989,4370,578,48,0,ITF,ITF4,16,Puglia,Puglia,4029053,5281037,131.07,0.12
3167,2021-05-05,PUG,39381,17289,22092,24508,14276,597,0,ITF,ITF4,16,Puglia,Puglia,4029053,5320418,132.05,0.98
3168,2021-08-13,PUG,13809,7338,6471,7303,5915,591,0,ITF,ITF4,16,Puglia,Puglia,4029053,5334227,132.39,0.34
3169,2021-06-17,PUG,43001,21010,21991,21405,21033,563,0,ITF,ITF4,16,Puglia,Puglia,4029053,5377228,133.46,1.07
3170,2021-03-30,PUG,12461,5975,6486,6202,6103,156,0,ITF,ITF4,16,Puglia,Puglia,4029053,5389689,133.77,0.31
3171,2021-02-01,PUG,3981,1668,2313,353,3627,1,0,ITF,ITF4,16,Puglia,Puglia,4029053,5393670,133.87,0.1
3172,2021-07-17,PUG,30878,15506,15372,9535,20713,630,0,ITF,ITF4,16,Puglia,Puglia,4029053,5424548,134.64,0.77
3173,2021-05-14,PUG,45134,20627,24507,28013,16254,867,0,ITF,ITF4,16,Puglia,Puglia,4029053,5469682,135.76,1.12
3174,2021-08-22,PUG,1480,771,709,531,924,25,0,ITF,ITF4,16,Puglia,Puglia,4029053,5471162,135.79,0.04
3175,2021-01-25,PUG,3838,1685,2153,425,3412,1,0,ITF,ITF4,16,Puglia,Puglia,4029053,5475000,135.89,0.1
3176,2021-07-10,PUG,22438,11051,11387,4448,17692,298,0,ITF,ITF4,16,Puglia,Puglia,4029053,5497438,136.44,0.56
3177,2021-04-08,PUG,17542,7620,9922,11124,6204,214,0,ITF,ITF4,16,Puglia,Puglia,4029053,5514980,136.88,0.44
3178,2021-06-06,PUG,30788,15504,15284,25388,5076,324,0,ITF,ITF4,16,Puglia,Puglia,4029053,5545768,137.64,0.76
3179,2021-04-10,PUG,30971,13137,17834,26115,4466,390,0,ITF,ITF4,16,Puglia,Puglia,4029053,5576739,138.41,0.77
3180,2021-09-14,PUG,21692,11335,10357,4358,16626,708,0,ITF,ITF4,16,Puglia,Puglia,4029053,5598431,138.95,0.54
3181,2021-07-19,PUG,49596,24371,25225,10929,37899,768,0,ITF,ITF4,16,Puglia,Puglia,4029053,5648027,140.18,1.23
3182,2021-09-16,PUG,17870,9300,8570,4049,13257,564,0,ITF,ITF4,16,Puglia,Puglia,4029053,5665897,140.63,0.44
3183,2021-04-01,PUG,13994,6578,7416,7385,6388,221,0,ITF,ITF4,16,Puglia,Puglia,4029053,5679891,140.97,0.35
3184,2021-02-03,PUG,5060,2011,3049,705,4354,1,0,ITF,ITF4,16,Puglia,Puglia,4029053,5684951,141.1,0.13
3185,2021-07-12,PUG,45865,21661,24204,12715,32387,763,0,ITF,ITF4,16,Puglia,Puglia,4029053,5730816,142.24,1.14
3186,2021-01-11,VEN,7244,2102,5142,7243,0,1,0,ITH,ITH3,5,Veneto,Veneto,4905854,7244,0.15,0.15
3187,2021-04-21,VEN,32412,13207,19205,15569,16066,777,0,ITH,ITH3,5,Veneto,Veneto,4905854,39656,0.81,0.66
3188,2021-05-22,VEN,34846,16711,18135,12718,21454,674,0,ITH,ITH3,5,Veneto,Veneto,4905854,74502,1.52,0.71
3189,2021-02-11,VEN,4015,1238,2777,3349,628,38,0,ITH,ITH3,5,Veneto,Veneto,4905854,78517,1.6,0.08
3190,2021-01-28,VEN,9216,2666,6550,169,9045,2,0,ITH,ITH3,5,Veneto,Veneto,4905854,87733,1.79,0.19
3191,2021-07-27,VEN,42280,22194,20086,11797,30046,437,0,ITH,ITH3,5,Veneto,Veneto,4905854,130013,2.65,0.86
3192,2021-08-01,VEN,27917,14945,12972,11044,16357,516,0,ITH,ITH3,5,Veneto,Veneto,4905854,157930,3.22,0.57
3193,2021-04-23,VEN,31322,13862,17460,21442,8711,1169,0,ITH,ITH3,5,Veneto,Veneto,4905854,189252,3.86,0.64
3194,2021-06-17,VEN,51801,25949,25852,25569,25073,1159,0,ITH,ITH3,5,Veneto,Veneto,4905854,241053,4.91,1.06
3195,2021-03-09,VEN,16567,7459,9108,9829,6339,399,0,ITH,ITH3,5,Veneto,Veneto,4905854,257620,5.25,0.34
3196,2021-09-08,VEN,27930,14738,13192,5306,21820,804,0,ITH,ITH3,5,Veneto,Veneto,4905854,285550,5.82,0.57
3197,2021-05-31,VEN,31656,16246,15410,20886,9936,834,0,ITH,ITH3,5,Veneto,Veneto,4905854,317206,6.47,0.65
3198,2021-03-26,VEN,29619,13164,16455,23277,5471,871,0,ITH,ITH3,5,Veneto,Veneto,4905854,346825,7.07,0.6
3199,2021-08-13,VEN,24477,13843,10634,18337,5367,773,0,ITH,ITH3,5,Veneto,Veneto,4905854,371302,7.57,0.5
3200,2021-08-27,VEN,26695,14284,12411,8237,17880,578,0,ITH,ITH3,5,Veneto,Veneto,4905854,397997,8.11,0.54
3201,2021-05-05,VEN,44419,21284,23135,36219,6562,1638,0,ITH,ITH3,5,Veneto,Veneto,4905854,442416,9.02,0.91
3202,2021-07-01,VEN,51023,26059,24964,20691,29317,1015,0,ITH,ITH3,5,Veneto,Veneto,4905854,493439,10.06,1.04
3203,2021-07-13,VEN,43578,22616,20962,5418,37849,311,0,ITH,ITH3,5,Veneto,Veneto,4905854,537017,10.95,0.89
3204,2021-04-04,VEN,7789,3535,4254,6512,1148,129,0,ITH,ITH3,5,Veneto,Veneto,4905854,544806,11.11,0.16
3205,2021-05-17,VEN,26552,13002,13550,15643,10080,829,0,ITH,ITH3,5,Veneto,Veneto,4905854,571358,11.65,0.54
3206,2021-02-06,VEN,4099,1354,2745,708,3391,0,0,ITH,ITH3,5,Veneto,Veneto,4905854,575457,11.73,0.08
3207,2021-08-25,VEN,20098,10899,9199,8051,11474,573,0,ITH,ITH3,5,Veneto,Veneto,4905854,595555,12.14,0.41
3208,2021-02-23,VEN,7384,3253,4131,7028,270,86,0,ITH,ITH3,5,Veneto,Veneto,4905854,602939,12.29,0.15
3209,2021-09-22,VEN,12277,6588,5689,5338,6294,299,346,ITH,ITH3,5,Veneto,Veneto,4905854,615216,12.54,0.25
3210,2021-07-18,VEN,37723,19763,17960,3847,33626,250,0,ITH,ITH3,5,Veneto,Veneto,4905854,652939,13.31,0.77
3211,2021-02-25,VEN,7904,3345,4559,7157,607,140,0,ITH,ITH3,5,Veneto,Veneto,4905854,660843,13.47,0.16
3212,2021-04-09,VEN,31207,13769,17438,21915,8350,942,0,ITH,ITH3,5,Veneto,Veneto,4905854,692050,14.11,0.64
3213,2021-09-13,VEN,25537,14191,11346,3129,22100,308,0,ITH,ITH3,5,Veneto,Veneto,4905854,717587,14.63,0.52
3214,2021-01-23,VEN,4057,1250,2807,31,4026,0,0,ITH,ITH3,5,Veneto,Veneto,4905854,721644,14.71,0.08
3215,2021-06-29,VEN,45588,22741,22847,19048,25848,692,0,ITH,ITH3,5,Veneto,Veneto,4905854,767232,15.64,0.93
3216,2021-03-21,VEN,11991,4755,7236,8283,3466,242,0,ITH,ITH3,5,Veneto,Veneto,4905854,779223,15.88,0.24
3217,2021-03-02,VEN,11498,4628,6870,7935,3312,251,0,ITH,ITH3,5,Veneto,Veneto,4905854,790721,16.12,0.23
3218,2021-06-10,VEN,52420,27047,25373,41321,9385,1714,0,ITH,ITH3,5,Veneto,Veneto,4905854,843141,17.19,1.07
3219,2021-02-16,VEN,6644,2870,3774,6440,176,28,0,ITH,ITH3,5,Veneto,Veneto,4905854,849785,17.32,0.14
3220,2021-05-29,VEN,33073,16704,16369,24241,7706,1126,0,ITH,ITH3,5,Veneto,Veneto,4905854,882858,18.0,0.67
3221,2021-05-12,VEN,37022,17927,19095,30263,5128,1631,0,ITH,ITH3,5,Veneto,Veneto,4905854,919880,18.75,0.75
3222,2021-07-08,VEN,46732,24316,22416,4502,41928,302,0,ITH,ITH3,5,Veneto,Veneto,4905854,966612,19.7,0.95
3223,2021-06-24,VEN,56235,28483,27752,17628,37909,698,0,ITH,ITH3,5,Veneto,Veneto,4905854,1022847,20.85,1.15
3224,2021-03-16,VEN,12539,5358,7181,6634,5626,279,0,ITH,ITH3,5,Veneto,Veneto,4905854,1035386,21.11,0.26
3225,2021-08-20,VEN,19476,10547,8929,11319,7582,575,0,ITH,ITH3,5,Veneto,Veneto,4905854,1054862,21.5,0.4
3226,2021-03-28,VEN,31315,13610,17705,26882,3615,818,0,ITH,ITH3,5,Veneto,Veneto,4905854,1086177,22.14,0.64
3227,2021-06-19,VEN,49313,25087,24226,25674,22604,1035,0,ITH,ITH3,5,Veneto,Veneto,4905854,1135490,23.15,1.01
3228,2021-07-06,VEN,36161,18631,17530,13202,22319,640,0,ITH,ITH3,5,Veneto,Veneto,4905854,1171651,23.88,0.74
3229,2021-04-14,VEN,15949,6918,9031,8773,6635,541,0,ITH,ITH3,5,Veneto,Veneto,4905854,1187600,24.21,0.33
3230,2021-01-04,VEN,6741,2037,4704,6739,0,2,0,ITH,ITH3,5,Veneto,Veneto,4905854,1194341,24.35,0.14
3231,2021-08-06,VEN,38369,20945,17424,19895,17605,869,0,ITH,ITH3,5,Veneto,Veneto,4905854,1232710,25.13,0.78
3232,2021-04-28,VEN,32468,15198,17270,22253,9025,1190,0,ITH,ITH3,5,Veneto,Veneto,4905854,1265178,25.79,0.66
3233,2021-07-20,VEN,44384,23693,20691,6877,36998,509,0,ITH,ITH3,5,Veneto,Veneto,4905854,1309562,26.69,0.9
3234,2021-01-18,VEN,2766,778,1988,2562,199,5,0,ITH,ITH3,5,Veneto,Veneto,4905854,1312328,26.75,0.06
3235,2021-02-04,VEN,7398,2030,5368,550,6847,1,0,ITH,ITH3,5,Veneto,Veneto,4905854,1319726,26.9,0.15
3236,2021-09-01,VEN,21051,10769,10282,7646,12655,750,0,ITH,ITH3,5,Veneto,Veneto,4905854,1340777,27.33,0.43
3237,2021-05-24,VEN,33094,16435,16659,7630,25054,410,0,ITH,ITH3,5,Veneto,Veneto,4905854,1373871,28.0,0.67
3238,2021-08-15,VEN,3108,1764,1344,2619,426,63,0,ITH,ITH3,5,Veneto,Veneto,4905854,1376979,28.07,0.06
3239,2021-06-05,VEN,46888,24153,22735,37319,8105,1464,0,ITH,ITH3,5,Veneto,Veneto,4905854,1423867,29.02,0.96
3240,2021-09-15,VEN,18691,10024,8667,3525,14807,359,0,ITH,ITH3,5,Veneto,Veneto,4905854,1442558,29.4,0.38
3241,2021-01-16,VEN,4612,1542,3070,4612,0,0,0,ITH,ITH3,5,Veneto,Veneto,4905854,1447170,29.5,0.09
3242,2021-03-14,VEN,15187,5945,9242,13842,894,451,0,ITH,ITH3,5,Veneto,Veneto,4905854,1462357,29.81,0.31
3243,2021-05-10,VEN,36531,17090,19441,25415,9862,1254,0,ITH,ITH3,5,Veneto,Veneto,4905854,1498888,30.55,0.74
3244,2021-01-30,VEN,8769,2684,6085,689,8080,0,0,ITH,ITH3,5,Veneto,Veneto,4905854,1507657,30.73,0.18
3245,2021-04-02,VEN,24123,10636,13487,17149,6332,642,0,ITH,ITH3,5,Veneto,Veneto,4905854,1531780,31.22,0.49
3246,2021-09-03,VEN,32104,17184,14920,7559,23746,799,0,ITH,ITH3,5,Veneto,Veneto,4905854,1563884,31.88,0.65
3247,2021-06-09,VEN,42848,21977,20871,33781,7509,1558,0,ITH,ITH3,5,Veneto,Veneto,4905854,1606732,32.75,0.87
3248,2021-02-18,VEN,5833,2456,3377,5730,64,39,0,ITH,ITH3,5,Veneto,Veneto,4905854,1612565,32.87,0.12
3249,2021-07-25,VEN,33205,17547,15658,10851,21888,466,0,ITH,ITH3,5,Veneto,Veneto,4905854,1645770,33.55,0.68
3250,2021-04-16,VEN,24475,10507,13968,11896,11895,684,0,ITH,ITH3,5,Veneto,Veneto,4905854,1670245,34.05,0.5
3251,2021-08-05,VEN,39277,21458,17819,15722,22941,614,0,ITH,ITH3,5,Veneto,Veneto,4905854,1709522,34.85,0.8
3252,2021-04-18,VEN,17531,7262,10269,9505,7567,459,0,ITH,ITH3,5,Veneto,Veneto,4905854,1727053,35.2,0.36
3253,2021-03-23,VEN,22240,10253,11987,16879,4718,643,0,ITH,ITH3,5,Veneto,Veneto,4905854,1749293,35.66,0.45
3254,2021-05-19,VEN,33169,15188,17981,16230,16000,939,0,ITH,ITH3,5,Veneto,Veneto,4905854,1782462,36.33,0.68
3255,2021-02-08,VEN,5007,1559,3448,1923,3078,6,0,ITH,ITH3,5,Veneto,Veneto,4905854,1787469,36.44,0.1
3256,2021-04-06,VEN,29036,13368,15668,23262,5046,728,0,ITH,ITH3,5,Veneto,Veneto,4905854,1816505,37.03,0.59
3257,2021-08-22,VEN,9257,5050,4207,5883,3105,269,0,ITH,ITH3,5,Veneto,Veneto,4905854,1825762,37.22,0.19
3258,2021-05-14,VEN,46851,22286,24565,24287,20971,1593,0,ITH,ITH3,5,Veneto,Veneto,4905854,1872613,38.17,0.96
3259,2021-02-20,VEN,6433,2019,4414,6277,75,81,0,ITH,ITH3,5,Veneto,Veneto,4905854,1879046,38.3,0.13
3260,2021-08-08,VEN,20537,11406,9131,10684,9543,310,0,ITH,ITH3,5,Veneto,Veneto,4905854,1899583,38.72,0.42
3261,2021-04-30,VEN,50270,23623,26647,33163,15674,1433,0,ITH,ITH3,5,Veneto,Veneto,4905854,1949853,39.75,1.02
3262,2021-01-20,VEN,1039,368,671,387,652,0,0,ITH,ITH3,5,Veneto,Veneto,4905854,1950892,39.77,0.02
3263,2021-01-09,VEN,7937,2539,5398,7932,0,5,0,ITH,ITH3,5,Veneto,Veneto,4905854,1958829,39.93,0.16
3264,2021-09-20,VEN,21210,11668,9542,6069,13517,353,1271,ITH,ITH3,5,Veneto,Veneto,4905854,1980039,40.36,0.43
3265,2021-03-18,VEN,12626,5145,7481,7037,5236,353,0,ITH,ITH3,5,Veneto,Veneto,4905854,1992665,40.62,0.26
3266,2021-06-26,VEN,48093,24519,23574,13592,34008,493,0,ITH,ITH3,5,Veneto,Veneto,4905854,2040758,41.6,0.98
3267,2021-01-08,VEN,9417,2837,6580,9403,0,14,0,ITH,ITH3,5,Veneto,Veneto,4905854,2050175,41.79,0.19
3268,2021-01-13,VEN,5989,1606,4383,5986,0,3,0,ITH,ITH3,5,Veneto,Veneto,4905854,2056164,41.91,0.12
3269,2021-08-03,VEN,40745,21564,19181,17595,22432,718,0,ITH,ITH3,5,Veneto,Veneto,4905854,2096909,42.74,0.83
3270,2021-03-07,VEN,4495,1769,2726,3862,561,72,0,ITH,ITH3,5,Veneto,Veneto,4905854,2101404,42.83,0.09
3271,2021-05-03,VEN,40714,19815,20899,32804,6439,1471,0,ITH,ITH3,5,Veneto,Veneto,4905854,2142118,43.66,0.83
3272,2021-05-28,VEN,46993,22988,24005,23679,22104,1210,0,ITH,ITH3,5,Veneto,Veneto,4905854,2189111,44.62,0.96
3273,2021-06-28,VEN,47680,24130,23550,18417,28556,707,0,ITH,ITH3,5,Veneto,Veneto,4905854,2236791,45.59,0.97
3274,2021-01-25,VEN,6471,2077,4394,156,6315,0,0,ITH,ITH3,5,Veneto,Veneto,4905854,2243262,45.73,0.13
3275,2021-07-29,VEN,47556,25141,22415,20159,26544,853,0,ITH,ITH3,5,Veneto,Veneto,4905854,2290818,46.7,0.97
3276,2021-07-15,VEN,51455,26926,24529,6022,45049,384,0,ITH,ITH3,5,Veneto,Veneto,4905854,2342273,47.74,1.05
3277,2021-04-20,VEN,22469,9510,12959,7878,14013,578,0,ITH,ITH3,5,Veneto,Veneto,4905854,2364742,48.2,0.46
3278,2021-02-01,VEN,8564,2502,6062,157,8407,0,0,ITH,ITH3,5,Veneto,Veneto,4905854,2373306,48.38,0.17
3279,2021-02-15,VEN,4392,1827,2565,4143,240,9,0,ITH,ITH3,5,Veneto,Veneto,4905854,2377698,48.47,0.09
3280,2021-03-30,VEN,36010,15319,20691,29734,5253,1023,0,ITH,ITH3,5,Veneto,Veneto,4905854,2413708,49.2,0.73
3281,2021-08-02,VEN,40112,21044,19068,16313,23170,629,0,ITH,ITH3,5,Veneto,Veneto,4905854,2453820,50.02,0.82
3282,2021-04-10,VEN,27486,11989,15497,18376,8475,635,0,ITH,ITH3,5,Veneto,Veneto,4905854,2481306,50.58,0.56
3283,2021-09-14,VEN,21631,11797,9834,3153,18190,288,0,ITH,ITH3,5,Veneto,Veneto,4905854,2502937,51.02,0.44
3284,2021-06-06,VEN,37453,19174,18279,31490,4732,1231,0,ITH,ITH3,5,Veneto,Veneto,4905854,2540390,51.78,0.76
3285,2021-06-02,VEN,20318,10239,10079,15345,4347,626,0,ITH,ITH3,5,Veneto,Veneto,4905854,2560708,52.2,0.41
3286,2021-08-24,VEN,19907,10615,9292,8918,10460,529,0,ITH,ITH3,5,Veneto,Veneto,4905854,2580615,52.6,0.41
3287,2021-09-10,VEN,28240,15574,12666,4352,23454,434,0,ITH,ITH3,5,Veneto,Veneto,4905854,2608855,53.18,0.58
3288,2021-03-11,VEN,19838,8893,10945,13795,5576,467,0,ITH,ITH3,5,Veneto,Veneto,4905854,2628693,53.58,0.4
3289,2021-07-03,VEN,38710,20120,18590,11028,27105,577,0,ITH,ITH3,5,Veneto,Veneto,4905854,2667403,54.37,0.79
3290,2021-06-16,VEN,47801,23581,24220,25241,21459,1101,0,ITH,ITH3,5,Veneto,Veneto,4905854,2715204,55.35,0.97
3291,2021-01-01,VEN,1528,471,1057,1527,0,1,0,ITH,ITH3,5,Veneto,Veneto,4905854,2716732,55.38,0.03
3292,2021-03-25,VEN,25978,11065,14913,18971,6105,902,0,ITH,ITH3,5,Veneto,Veneto,4905854,2742710,55.91,0.53
3293,2021-04-11,VEN,21017,8880,12137,14228,6300,489,0,ITH,ITH3,5,Veneto,Veneto,4905854,2763727,56.34,0.43
3294,2021-09-19,VEN,8189,4568,3621,3127,4858,204,0,ITH,ITH3,5,Veneto,Veneto,4905854,2771916,56.5,0.17
3295,2021-05-07,VEN,48659,23313,25346,37608,8682,2369,0,ITH,ITH3,5,Veneto,Veneto,4905854,2820575,57.49,0.99
3296,2021-01-27,VEN,7150,2069,5081,240,6909,1,0,ITH,ITH3,5,Veneto,Veneto,4905854,2827725,57.64,0.15
3297,2021-04-25,VEN,18336,8155,10181,12898,4836,602,0,ITH,ITH3,5,Veneto,Veneto,4905854,2846061,58.01,0.37
3298,2021-06-21,VEN,44344,22194,22150,20462,22973,909,0,ITH,ITH3,5,Veneto,Veneto,4905854,2890405,58.92,0.9
3299,2021-01-06,VEN,8142,2391,5751,8139,0,3,0,ITH,ITH3,5,Veneto,Veneto,4905854,2898547,59.08,0.17
3300,2021-06-23,VEN,49373,24460,24913,14541,34029,803,0,ITH,ITH3,5,Veneto,Veneto,4905854,2947920,60.09,1.01
3301,2021-08-17,VEN,19286,10476,8810,11231,7596,459,0,ITH,ITH3,5,Veneto,Veneto,4905854,2967206,60.48,0.39
3302,2021-05-09,VEN,35091,16145,18946,23789,10055,1247,0,ITH,ITH3,5,Veneto,Veneto,4905854,3002297,61.2,0.72
3303,2021-09-17,VEN,18111,10000,8111,5606,12053,452,0,ITH,ITH3,5,Veneto,Veneto,4905854,3020408,61.57,0.37
3304,2021-05-26,VEN,31173,15237,15936,13993,16499,681,0,ITH,ITH3,5,Veneto,Veneto,4905854,3051581,62.2,0.64
3305,2021-08-31,VEN,19810,10470,9340,7002,12214,594,0,ITH,ITH3,5,Veneto,Veneto,4905854,3071391,62.61,0.4
3306,2021-07-24,VEN,41716,22367,19349,13299,27775,642,0,ITH,ITH3,5,Veneto,Veneto,4905854,3113107,63.46,0.85
3307,2021-07-10,VEN,43200,23218,19982,6302,36544,354,0,ITH,ITH3,5,Veneto,Veneto,4905854,3156307,64.34,0.88
3308,2021-09-05,VEN,15218,8405,6813,3483,11443,292,0,ITH,ITH3,5,Veneto,Veneto,4905854,3171525,64.65,0.31
3309,2021-07-17,VEN,40620,21489,19131,4299,35978,343,0,ITH,ITH3,5,Veneto,Veneto,4905854,3212145,65.48,0.83
3310,2021-09-12,VEN,15336,8639,6697,2368,12807,161,0,ITH,ITH3,5,Veneto,Veneto,4905854,3227481,65.79,0.31
3311,2020-12-27,VEN,880,395,485,880,0,0,0,ITH,ITH3,5,Veneto,Veneto,4905854,3228361,65.81,0.02
3312,2021-09-07,VEN,26584,14162,12422,5555,20297,732,0,ITH,ITH3,5,Veneto,Veneto,4905854,3254945,66.35,0.54
3313,2021-09-21,VEN,17001,9363,7638,6600,9446,372,583,ITH,ITH3,5,Veneto,Veneto,4905854,3271946,66.69,0.35
3314,2021-05-30,VEN,22555,11275,11280,15205,6695,655,0,ITH,ITH3,5,Veneto,Veneto,4905854,3294501,67.15,0.46
3315,2021-07-26,VEN,43654,22948,20706,17000,26019,635,0,ITH,ITH3,5,Veneto,Veneto,4905854,3338155,68.04,0.89
3316,2021-04-27,VEN,28214,12799,15415,20133,6916,1165,0,ITH,ITH3,5,Veneto,Veneto,4905854,3366369,68.62,0.58
3317,2021-01-17,VEN,1933,781,1152,1584,349,0,0,ITH,ITH3,5,Veneto,Veneto,4905854,3368302,68.66,0.04
3318,2021-07-22,VEN,48411,25132,23279,13309,34446,656,0,ITH,ITH3,5,Veneto,Veneto,4905854,3416713,69.65,0.99
3319,2021-04-13,VEN,14043,6331,7712,8054,5483,506,0,ITH,ITH3,5,Veneto,Veneto,4905854,3430756,69.93,0.29
3320,2021-07-05,VEN,39148,20287,18861,14144,24202,802,0,ITH,ITH3,5,Veneto,Veneto,4905854,3469904,70.73,0.8
3321,2021-01-03,VEN,5158,1562,3596,5158,0,0,0,ITH,ITH3,5,Veneto,Veneto,4905854,3475062,70.84,0.11
3322,2021-02-13,VEN,3267,1473,1794,3231,20,16,0,ITH,ITH3,5,Veneto,Veneto,4905854,3478329,70.9,0.07
3323,2021-03-15,VEN,16673,7330,9343,10954,5213,506,0,ITH,ITH3,5,Veneto,Veneto,4905854,3495002,71.24,0.34
3324,2021-08-29,VEN,13409,7358,6051,4507,8581,321,0,ITH,ITH3,5,Veneto,Veneto,4905854,3508411,71.51,0.27
3325,2021-05-21,VEN,44867,22066,22801,19797,23958,1112,0,ITH,ITH3,5,Veneto,Veneto,4905854,3553278,72.43,0.91
3326,2021-03-08,VEN,13644,6282,7362,9301,4078,265,0,ITH,ITH3,5,Veneto,Veneto,4905854,3566922,72.71,0.28
3327,2021-07-19,VEN,44755,23573,21182,7963,36396,396,0,ITH,ITH3,5,Veneto,Veneto,4905854,3611677,73.62,0.91
3328,2021-02-26,VEN,8297,3273,5024,6942,1260,95,0,ITH,ITH3,5,Veneto,Veneto,4905854,3619974,73.79,0.17
3329,2021-04-24,VEN,24770,10832,13938,14964,9081,725,0,ITH,ITH3,5,Veneto,Veneto,4905854,3644744,74.29,0.5
3330,2021-03-01,VEN,9395,3717,5678,7411,1822,162,0,ITH,ITH3,5,Veneto,Veneto,4905854,3654139,74.49,0.19
3331,2021-07-12,VEN,43249,22784,20465,4011,38913,325,0,ITH,ITH3,5,Veneto,Veneto,4905854,3697388,75.37,0.88
3332,2021-04-03,VEN,22000,9650,12350,13870,7724,406,0,ITH,ITH3,5,Veneto,Veneto,4905854,3719388,75.82,0.45
3333,2021-03-20,VEN,13035,5393,7642,10657,2083,295,0,ITH,ITH3,5,Veneto,Veneto,4905854,3732423,76.08,0.27
3334,2021-02-03,VEN,5955,1672,4283,474,5477,4,0,ITH,ITH3,5,Veneto,Veneto,4905854,3738378,76.2,0.12
3335,2021-08-07,VEN,28957,16298,12659,16345,12070,542,0,ITH,ITH3,5,Veneto,Veneto,4905854,3767335,76.79,0.59
3336,2021-04-29,VEN,50339,23414,26925,35404,13186,1749,0,ITH,ITH3,5,Veneto,Veneto,4905854,3817674,77.82,1.03
3337,2021-07-21,VEN,43284,22342,20942,8693,34091,500,0,ITH,ITH3,5,Veneto,Veneto,4905854,3860958,78.7,0.88
3338,2021-02-05,VEN,8392,2541,5851,1407,6976,9,0,ITH,ITH3,5,Veneto,Veneto,4905854,3869350,78.87,0.17
3339,2021-02-22,VEN,7018,3044,3974,6580,391,47,0,ITH,ITH3,5,Veneto,Veneto,4905854,3876368,79.02,0.14
3340,2021-05-16,VEN,28422,14015,14407,20314,7081,1027,0,ITH,ITH3,5,Veneto,Veneto,4905854,3904790,79.59,0.58
3341,2021-09-02,VEN,22792,12177,10615,6120,15857,815,0,ITH,ITH3,5,Veneto,Veneto,4905854,3927582,80.06,0.46
3342,2021-09-16,VEN,21848,11871,9977,3803,17677,368,0,ITH,ITH3,5,Veneto,Veneto,4905854,3949430,80.5,0.45
3343,2021-03-03,VEN,12102,4648,7454,8389,3502,211,0,ITH,ITH3,5,Veneto,Veneto,4905854,3961532,80.75,0.25
3344,2021-06-11,VEN,47323,24620,22703,34707,11186,1430,0,ITH,ITH3,5,Veneto,Veneto,4905854,4008855,81.72,0.96
3345,2021-06-25,VEN,51728,26171,25557,15075,36011,642,0,ITH,ITH3,5,Veneto,Veneto,4905854,4060583,82.77,1.05
3346,2021-05-18,VEN,27042,12551,14491,12630,13647,765,0,ITH,ITH3,5,Veneto,Veneto,4905854,4087625,83.32,0.55
3347,2021-06-30,VEN,45828,23107,22721,17868,27205,755,0,ITH,ITH3,5,Veneto,Veneto,4905854,4133453,84.26,0.93
3348,2021-03-22,VEN,18158,8186,9972,12584,5050,524,0,ITH,ITH3,5,Veneto,Veneto,4905854,4151611,84.63,0.37
3349,2021-03-13,VEN,17243,7313,9930,13737,3132,374,0,ITH,ITH3,5,Veneto,Veneto,4905854,4168854,84.98,0.35
3350,2021-01-15,VEN,5880,1819,4061,5874,0,6,0,ITH,ITH3,5,Veneto,Veneto,4905854,4174734,85.1,0.12
3351,2021-08-28,VEN,20878,11594,9284,8654,11491,733,0,ITH,ITH3,5,Veneto,Veneto,4905854,4195612,85.52,0.43
3352,2021-01-14,VEN,7066,1927,5139,7049,0,17,0,ITH,ITH3,5,Veneto,Veneto,4905854,4202678,85.67,0.14
3353,2021-03-12,VEN,18664,8196,10468,11327,6752,585,0,ITH,ITH3,5,Veneto,Veneto,4905854,4221342,86.05,0.38
3354,2021-02-17,VEN,6022,2772,3250,5900,94,28,0,ITH,ITH3,5,Veneto,Veneto,4905854,4227364,86.17,0.12
3355,2021-04-01,VEN,25408,11199,14209,18215,6414,779,0,ITH,ITH3,5,Veneto,Veneto,4905854,4252772,86.69,0.52
3356,2021-04-15,VEN,20948,8658,12290,9367,10833,748,0,ITH,ITH3,5,Veneto,Veneto,4905854,4273720,87.11,0.43
3357,2021-01-05,VEN,7335,2186,5149,7333,0,2,0,ITH,ITH3,5,Veneto,Veneto,4905854,4281055,87.26,0.15
3358,2021-06-18,VEN,53660,26780,26880,23974,28639,1047,0,ITH,ITH3,5,Veneto,Veneto,4905854,4334715,88.36,1.09
3359,2021-09-09,VEN,30077,16624,13453,4333,25313,431,0,ITH,ITH3,5,Veneto,Veneto,4905854,4364792,88.97,0.61
3360,2021-03-27,VEN,32094,14019,18075,25380,5807,907,0,ITH,ITH3,5,Veneto,Veneto,4905854,4396886,89.63,0.65
3361,2021-09-11,VEN,20862,11702,9160,3033,17490,339,0,ITH,ITH3,5,Veneto,Veneto,4905854,4417748,90.05,0.43
3362,2021-01-10,VEN,5036,1673,3363,5035,0,1,0,ITH,ITH3,5,Veneto,Veneto,4905854,4422784,90.15,0.1
3363,2021-05-23,VEN,34492,16470,18022,10619,23400,473,0,ITH,ITH3,5,Veneto,Veneto,4905854,4457276,90.86,0.7
3364,2021-07-14,VEN,43647,22442,21205,5280,37966,401,0,ITH,ITH3,5,Veneto,Veneto,4905854,4500923,91.75,0.89
3365,2021-04-22,VEN,32082,13949,18133,15475,15782,825,0,ITH,ITH3,5,Veneto,Veneto,4905854,4533005,92.4,0.65
3366,2021-07-31,VEN,35185,18905,16280,17034,17507,644,0,ITH,ITH3,5,Veneto,Veneto,4905854,4568190,93.12,0.72
3367,2021-08-14,VEN,9920,5809,4111,7272,2400,248,0,ITH,ITH3,5,Veneto,Veneto,4905854,4578110,93.32,0.2
3368,2021-08-09,VEN,34782,18649,16133,17155,16862,765,0,ITH,ITH3,5,Veneto,Veneto,4905854,4612892,94.03,0.71
3369,2021-08-26,VEN,22344,11904,10440,8337,13400,607,0,ITH,ITH3,5,Veneto,Veneto,4905854,4635236,94.48,0.46
3370,2021-05-20,VEN,44859,21265,23594,19369,24380,1110,0,ITH,ITH3,5,Veneto,Veneto,4905854,4680095,95.4,0.91
3371,2021-02-09,VEN,5250,1892,3358,3431,1806,13,0,ITH,ITH3,5,Veneto,Veneto,4905854,4685345,95.51,0.11
3372,2021-08-30,VEN,26949,14286,12663,7994,18339,616,0,ITH,ITH3,5,Veneto,Veneto,4905854,4712294,96.05,0.55
3373,2021-02-10,VEN,4763,1593,3170,3692,1061,10,0,ITH,ITH3,5,Veneto,Veneto,4905854,4717057,96.15,0.1
3374,2021-04-08,VEN,32418,14390,18028,23353,7889,1176,0,ITH,ITH3,5,Veneto,Veneto,4905854,4749475,96.81,0.66
3375,2021-06-04,VEN,49658,25844,23814,39820,8156,1682,0,ITH,ITH3,5,Veneto,Veneto,4905854,4799133,97.82,1.01
3376,2021-04-17,VEN,22452,9099,13353,14375,7278,799,0,ITH,ITH3,5,Veneto,Veneto,4905854,4821585,98.28,0.46
3377,2021-01-07,VEN,8363,2318,6045,8362,0,1,0,ITH,ITH3,5,Veneto,Veneto,4905854,4829948,98.45,0.17
3378,2021-06-13,VEN,37345,19259,18086,29319,6957,1069,0,ITH,ITH3,5,Veneto,Veneto,4905854,4867293,99.21,0.76
3379,2021-01-21,VEN,2294,719,1575,19,2275,0,0,ITH,ITH3,5,Veneto,Veneto,4905854,4869587,99.26,0.05
3380,2021-03-05,VEN,13341,5023,8318,9222,3674,445,0,ITH,ITH3,5,Veneto,Veneto,4905854,4882928,99.53,0.27
3381,2021-06-03,VEN,54543,28049,26494,40868,12010,1665,0,ITH,ITH3,5,Veneto,Veneto,4905854,4937471,100.64,1.11
3382,2021-06-20,VEN,41215,20068,21147,18920,21545,750,0,ITH,ITH3,5,Veneto,Veneto,4905854,4978686,101.48,0.84
3383,2021-02-12,VEN,4314,1446,2868,3670,572,72,0,ITH,ITH3,5,Veneto,Veneto,4905854,4983000,101.57,0.09
3384,2021-01-29,VEN,9030,2790,6240,365,8665,0,0,ITH,ITH3,5,Veneto,Veneto,4905854,4992030,101.76,0.18
3385,2021-05-08,VEN,41538,18789,22749,28256,11842,1440,0,ITH,ITH3,5,Veneto,Veneto,4905854,5033568,102.6,0.85
3386,2021-07-30,VEN,45602,24256,21346,22628,22090,884,0,ITH,ITH3,5,Veneto,Veneto,4905854,5079170,103.53,0.93
3387,2021-08-16,VEN,19739,10688,9051,12999,6165,575,0,ITH,ITH3,5,Veneto,Veneto,4905854,5098909,103.94,0.4
3388,2021-06-08,VEN,43861,22678,21183,36183,6154,1524,0,ITH,ITH3,5,Veneto,Veneto,4905854,5142770,104.83,0.89
3389,2021-05-25,VEN,27874,13455,14419,11274,16099,501,0,ITH,ITH3,5,Veneto,Veneto,4905854,5170644,105.4,0.57
3390,2021-02-14,VEN,126,56,70,113,13,0,0,ITH,ITH3,5,Veneto,Veneto,4905854,5170770,105.4,0.0
3391,2021-02-28,VEN,4136,1389,2747,3225,837,74,0,ITH,ITH3,5,Veneto,Veneto,4905854,5174906,105.48,0.08
3392,2020-12-31,VEN,3221,1042,2179,3221,0,0,0,ITH,ITH3,5,Veneto,Veneto,4905854,5178127,105.55,0.07
3393,2021-07-04,VEN,33887,17580,16307,14990,18289,608,0,ITH,ITH3,5,Veneto,Veneto,4905854,5212014,106.24,0.69
3394,2021-04-12,VEN,14920,6346,8574,6399,8219,302,0,ITH,ITH3,5,Veneto,Veneto,4905854,5226934,106.54,0.3
3395,2021-01-02,VEN,5742,1767,3975,5741,0,1,0,ITH,ITH3,5,Veneto,Veneto,4905854,5232676,106.66,0.12
3396,2021-09-04,VEN,23590,12887,10703,6050,16885,655,0,ITH,ITH3,5,Veneto,Veneto,4905854,5256266,107.14,0.48
3397,2021-05-27,VEN,46680,22929,23751,22366,23264,1050,0,ITH,ITH3,5,Veneto,Veneto,4905854,5302946,108.09,0.95
3398,2021-02-07,VEN,2316,863,1453,714,1601,1,0,ITH,ITH3,5,Veneto,Veneto,4905854,5305262,108.14,0.05
3399,2021-09-06,VEN,28364,15239,13125,5865,21815,684,0,ITH,ITH3,5,Veneto,Veneto,4905854,5333626,108.72,0.58
3400,2021-02-24,VEN,8623,3680,4943,7997,489,137,0,ITH,ITH3,5,Veneto,Veneto,4905854,5342249,108.9,0.18
3401,2021-06-22,VEN,43749,21631,22118,18502,24390,857,0,ITH,ITH3,5,Veneto,Veneto,4905854,5385998,109.79,0.89
3402,2021-03-17,VEN,14646,5991,8655,7534,6797,315,0,ITH,ITH3,5,Veneto,Veneto,4905854,5400644,110.09,0.3
3403,2021-07-28,VEN,40312,20930,19382,12060,27800,452,0,ITH,ITH3,5,Veneto,Veneto,4905854,5440956,110.91,0.82
3404,2021-01-12,VEN,5231,1517,3714,5223,0,8,0,ITH,ITH3,5,Veneto,Veneto,4905854,5446187,111.01,0.11
3405,2021-09-18,VEN,16656,9200,7456,6492,9687,477,0,ITH,ITH3,5,Veneto,Veneto,4905854,5462843,111.35,0.34
3406,2021-06-27,VEN,40243,20558,19685,15347,24313,583,0,ITH,ITH3,5,Veneto,Veneto,4905854,5503086,112.17,0.82
3407,2021-03-19,VEN,13805,5672,8133,7403,6106,296,0,ITH,ITH3,5,Veneto,Veneto,4905854,5516891,112.46,0.28
3408,2021-07-02,VEN,49577,25146,24431,16286,32502,789,0,ITH,ITH3,5,Veneto,Veneto,4905854,5566468,113.47,1.01
3409,2021-03-24,VEN,22127,9581,12546,14662,6807,658,0,ITH,ITH3,5,Veneto,Veneto,4905854,5588595,113.92,0.45
3410,2021-02-19,VEN,7324,3141,4183,6996,204,124,0,ITH,ITH3,5,Veneto,Veneto,4905854,5595919,114.07,0.15
3411,2021-08-23,VEN,24533,13036,11497,10593,13237,703,0,ITH,ITH3,5,Veneto,Veneto,4905854,5620452,114.57,0.5
3412,2021-02-21,VEN,4640,1212,3428,4516,5,119,0,ITH,ITH3,5,Veneto,Veneto,4905854,5625092,114.66,0.09
3413,2021-05-15,VEN,36280,17522,18758,24819,10026,1435,0,ITH,ITH3,5,Veneto,Veneto,4905854,5661372,115.4,0.74
3414,2021-06-01,VEN,26999,13571,13428,15786,10564,649,0,ITH,ITH3,5,Veneto,Veneto,4905854,5688371,115.95,0.55
3415,2021-01-19,VEN,1313,475,838,1163,149,1,0,ITH,ITH3,5,Veneto,Veneto,4905854,5689684,115.98,0.03
3416,2021-07-23,VEN,44503,23461,21042,15134,28792,577,0,ITH,ITH3,5,Veneto,Veneto,4905854,5734187,116.88,0.91
3417,2021-05-01,VEN,38877,18252,20625,28706,8929,1242,0,ITH,ITH3,5,Veneto,Veneto,4905854,5773064,117.68,0.79
3418,2021-04-19,VEN,21561,8929,12632,4707,16423,431,0,ITH,ITH3,5,Veneto,Veneto,4905854,5794625,118.12,0.44
3419,2021-04-05,VEN,19165,8376,10789,13424,5439,302,0,ITH,ITH3,5,Veneto,Veneto,4905854,5813790,118.51,0.39
3420,2021-01-26,VEN,6927,2093,4834,149,6778,0,0,ITH,ITH3,5,Veneto,Veneto,4905854,5820717,118.65,0.14
3421,2021-05-06,VEN,47059,22069,24990,36580,8498,1981,0,ITH,ITH3,5,Veneto,Veneto,4905854,5867776,119.61,0.96
3422,2021-08-18,VEN,23343,12582,10761,14229,8441,673,0,ITH,ITH3,5,Veneto,Veneto,4905854,5891119,120.08,0.48
3423,2021-08-04,VEN,42491,22694,19797,22608,18777,1106,0,ITH,ITH3,5,Veneto,Veneto,4905854,5933610,120.95,0.87
3424,2021-04-26,VEN,20734,9461,11273,14912,5140,682,0,ITH,ITH3,5,Veneto,Veneto,4905854,5954344,121.37,0.42
3425,2021-06-15,VEN,47851,24307,23544,29144,17552,1155,0,ITH,ITH3,5,Veneto,Veneto,4905854,6002195,122.35,0.98
3426,2021-08-11,VEN,26811,14805,12006,15669,10576,566,0,ITH,ITH3,5,Veneto,Veneto,4905854,6029006,122.89,0.55
3427,2021-03-10,VEN,19044,8728,10316,12959,5686,399,0,ITH,ITH3,5,Veneto,Veneto,4905854,6048050,123.28,0.39
3428,2021-06-12,VEN,48709,24506,24203,36403,10834,1472,0,ITH,ITH3,5,Veneto,Veneto,4905854,6096759,124.28,0.99
3429,2021-05-02,VEN,37247,17266,19981,25603,10331,1313,0,ITH,ITH3,5,Veneto,Veneto,4905854,6134006,125.03,0.76
3430,2021-06-14,VEN,42635,21564,21071,26293,15321,1021,0,ITH,ITH3,5,Veneto,Veneto,4905854,6176641,125.9,0.87
3431,2021-03-06,VEN,10688,4357,6331,7216,3281,191,0,ITH,ITH3,5,Veneto,Veneto,4905854,6187329,126.12,0.22
3432,2021-08-10,VEN,28511,15642,12869,16432,11475,604,0,ITH,ITH3,5,Veneto,Veneto,4905854,6215840,126.7,0.58
3433,2020-12-30,VEN,699,245,454,699,0,0,0,ITH,ITH3,5,Veneto,Veneto,4905854,6216539,126.72,0.01
3434,2021-08-12,VEN,24180,13092,11088,17319,6161,700,0,ITH,ITH3,5,Veneto,Veneto,4905854,6240719,127.21,0.49
3435,2021-06-07,VEN,44709,23325,21384,36176,7044,1489,0,ITH,ITH3,5,Veneto,Veneto,4905854,6285428,128.12,0.91
3436,2021-02-27,VEN,8994,2693,6301,7964,849,181,0,ITH,ITH3,5,Veneto,Veneto,4905854,6294422,128.3,0.18
3437,2021-03-04,VEN,12990,4890,8100,9118,3479,393,0,ITH,ITH3,5,Veneto,Veneto,4905854,6307412,128.57,0.26
3438,2021-07-07,VEN,40999,21332,19667,15641,24554,804,0,ITH,ITH3,5,Veneto,Veneto,4905854,6348411,129.4,0.84
3439,2021-08-19,VEN,19594,10683,8911,12246,6812,536,0,ITH,ITH3,5,Veneto,Veneto,4905854,6368005,129.8,0.4
3440,2021-05-11,VEN,33209,16521,16688,27152,4729,1328,0,ITH,ITH3,5,Veneto,Veneto,4905854,6401214,130.48,0.68
3441,2021-01-22,VEN,1080,332,748,25,1055,0,0,ITH,ITH3,5,Veneto,Veneto,4905854,6402294,130.5,0.02
3442,2021-08-21,VEN,12200,6882,5318,8294,3388,518,0,ITH,ITH3,5,Veneto,Veneto,4905854,6414494,130.75,0.25
3443,2021-05-04,VEN,43035,20384,22651,33349,8033,1653,0,ITH,ITH3,5,Veneto,Veneto,4905854,6457529,131.63,0.88
3444,2021-01-24,VEN,4117,1219,2898,28,4089,0,0,ITH,ITH3,5,Veneto,Veneto,4905854,6461646,131.71,0.08
3445,2021-04-07,VEN,36069,16208,19861,27612,7341,1116,0,ITH,ITH3,5,Veneto,Veneto,4905854,6497715,132.45,0.74
3446,2021-07-16,VEN,44755,24079,20676,6955,37336,464,0,ITH,ITH3,5,Veneto,Veneto,4905854,6542470,133.36,0.91
3447,2021-01-31,VEN,4788,1565,3223,407,4381,0,0,ITH,ITH3,5,Veneto,Veneto,4905854,6547258,133.46,0.1
3448,2021-03-29,VEN,31482,13709,17773,26647,3830,1005,0,ITH,ITH3,5,Veneto,Veneto,4905854,6578740,134.1,0.64
3449,2021-05-13,VEN,44355,21889,22466,32582,9920,1853,0,ITH,ITH3,5,Veneto,Veneto,4905854,6623095,135.0,0.9
3450,2021-02-02,VEN,6516,1882,4634,396,6120,0,0,ITH,ITH3,5,Veneto,Veneto,4905854,6629611,135.14,0.13
3451,2021-07-09,VEN,45098,23789,21309,4125,40687,286,0,ITH,ITH3,5,Veneto,Veneto,4905854,6674709,136.06,0.92
3452,2021-03-31,VEN,38995,16466,22529,30433,7507,1055,0,ITH,ITH3,5,Veneto,Veneto,4905854,6713704,136.85,0.79
3453,2021-07-11,VEN,34242,17926,16316,3702,30284,256,0,ITH,ITH3,5,Veneto,Veneto,4905854,6747946,137.55,0.7
3454,2021-02-28,LIG,1060,580,480,1048,11,1,0,ITC,ITC3,7,Liguria,Liguria,1550640,1060,0.07,0.07
3455,2021-07-18,LIG,2384,1223,1161,382,1985,17,0,ITC,ITC3,7,Liguria,Liguria,1550640,3444,0.22,0.15
3456,2021-06-05,LIG,8110,4132,3978,4918,3157,35,0,ITC,ITC3,7,Liguria,Liguria,1550640,11554,0.75,0.52
3457,2021-04-09,LIG,12487,5570,6917,10565,1787,135,0,ITC,ITC3,7,Liguria,Liguria,1550640,24041,1.55,0.81
3458,2021-09-13,LIG,7029,3617,3412,2333,4561,135,0,ITC,ITC3,7,Liguria,Liguria,1550640,31070,2.0,0.45
3459,2021-03-31,LIG,11957,5292,6665,9072,2780,105,0,ITC,ITC3,7,Liguria,Liguria,1550640,43027,2.77,0.77
3460,2021-04-26,LIG,10597,4998,5599,7866,2642,89,0,ITC,ITC3,7,Liguria,Liguria,1550640,53624,3.46,0.68
3461,2021-01-16,LIG,1279,558,721,1274,0,5,0,ITC,ITC3,7,Liguria,Liguria,1550640,54903,3.54,0.08
3462,2021-02-02,LIG,2675,1007,1668,127,2546,2,0,ITC,ITC3,7,Liguria,Liguria,1550640,57578,3.71,0.17
3463,2021-03-14,LIG,1659,752,907,1043,604,12,0,ITC,ITC3,7,Liguria,Liguria,1550640,59237,3.82,0.11
3464,2021-08-18,LIG,12244,6604,5640,4250,7864,130,0,ITC,ITC3,7,Liguria,Liguria,1550640,71481,4.61,0.79
3465,2021-06-22,LIG,15822,7469,8353,7608,8141,73,0,ITC,ITC3,7,Liguria,Liguria,1550640,87303,5.63,1.02
3466,2021-07-06,LIG,12381,6077,6304,5623,6661,97,0,ITC,ITC3,7,Liguria,Liguria,1550640,99684,6.43,0.8
3467,2021-05-10,LIG,12662,5649,7013,6195,6382,85,0,ITC,ITC3,7,Liguria,Liguria,1550640,112346,7.25,0.82
3468,2021-08-30,LIG,9793,5233,4560,2457,7244,92,0,ITC,ITC3,7,Liguria,Liguria,1550640,122139,7.88,0.63
3469,2021-02-11,LIG,1990,773,1217,1092,888,10,0,ITC,ITC3,7,Liguria,Liguria,1550640,124129,8.01,0.13
3470,2021-05-22,LIG,6657,3222,3435,4879,1687,91,0,ITC,ITC3,7,Liguria,Liguria,1550640,130786,8.43,0.43
3471,2021-06-10,LIG,18906,9746,9160,13114,5681,111,0,ITC,ITC3,7,Liguria,Liguria,1550640,149692,9.65,1.22
3472,2021-03-26,LIG,9361,4043,5318,6094,3160,107,0,ITC,ITC3,7,Liguria,Liguria,1550640,159053,10.26,0.6
3473,2021-07-04,LIG,4866,2584,2282,3797,1001,68,0,ITC,ITC3,7,Liguria,Liguria,1550640,163919,10.57,0.31
3474,2021-01-02,LIG,693,247,446,693,0,0,0,ITC,ITC3,7,Liguria,Liguria,1550640,164612,10.62,0.04
3475,2021-08-01,LIG,1490,856,634,152,1338,0,0,ITC,ITC3,7,Liguria,Liguria,1550640,166102,10.71,0.1
3476,2021-02-16,LIG,2431,958,1473,1996,430,5,0,ITC,ITC3,7,Liguria,Liguria,1550640,168533,10.87,0.16
3477,2021-07-23,LIG,20029,10317,9712,5102,14787,140,0,ITC,ITC3,7,Liguria,Liguria,1550640,188562,12.16,1.29
3478,2021-05-27,LIG,17017,8721,8296,12676,4181,160,0,ITC,ITC3,7,Liguria,Liguria,1550640,205579,13.26,1.1
3479,2021-04-14,LIG,13085,5675,7410,10751,2211,123,0,ITC,ITC3,7,Liguria,Liguria,1550640,218664,14.1,0.84
3480,2021-01-28,LIG,2851,972,1879,37,2814,0,0,ITC,ITC3,7,Liguria,Liguria,1550640,221515,14.29,0.18
3481,2021-09-01,LIG,8506,4481,4025,2701,5723,82,0,ITC,ITC3,7,Liguria,Liguria,1550640,230021,14.83,0.55
3482,2021-01-09,LIG,1338,484,854,1337,0,1,0,ITC,ITC3,7,Liguria,Liguria,1550640,231359,14.92,0.09
3483,2021-04-19,LIG,12840,5621,7219,8917,3834,89,0,ITC,ITC3,7,Liguria,Liguria,1550640,244199,15.75,0.83
3484,2021-09-20,LIG,6372,3496,2876,2728,3553,91,0,ITC,ITC3,7,Liguria,Liguria,1550640,250571,16.16,0.41
3485,2020-12-28,LIG,80,30,50,80,0,0,0,ITC,ITC3,7,Liguria,Liguria,1550640,250651,16.16,0.01
3486,2021-06-03,LIG,15562,7712,7850,9108,6392,62,0,ITC,ITC3,7,Liguria,Liguria,1550640,266213,17.17,1.0
3487,2021-04-07,LIG,13697,6116,7581,11311,2294,92,0,ITC,ITC3,7,Liguria,Liguria,1550640,279910,18.05,0.88
3488,2021-02-23,LIG,3809,1559,2250,3663,109,37,0,ITC,ITC3,7,Liguria,Liguria,1550640,283719,18.3,0.25
3489,2021-05-03,LIG,13270,5925,7345,6362,6822,86,0,ITC,ITC3,7,Liguria,Liguria,1550640,296989,19.15,0.86
3490,2021-08-11,LIG,13143,6742,6401,4791,8235,117,0,ITC,ITC3,7,Liguria,Liguria,1550640,310132,20.0,0.85
3491,2021-03-21,LIG,551,220,331,69,482,0,0,ITC,ITC3,7,Liguria,Liguria,1550640,310683,20.04,0.04
3492,2021-08-25,LIG,9364,5046,4318,3212,6028,124,0,ITC,ITC3,7,Liguria,Liguria,1550640,320047,20.64,0.6
3493,2021-01-23,LIG,813,297,516,156,657,0,0,ITC,ITC3,7,Liguria,Liguria,1550640,320860,20.69,0.05
3494,2021-06-29,LIG,15197,7241,7956,8616,6472,109,0,ITC,ITC3,7,Liguria,Liguria,1550640,336057,21.67,0.98
3495,2021-05-17,LIG,12048,5528,6520,8596,3381,71,0,ITC,ITC3,7,Liguria,Liguria,1550640,348105,22.45,0.78
3496,2021-04-28,LIG,14471,6527,7944,6379,8004,88,0,ITC,ITC3,7,Liguria,Liguria,1550640,362576,23.38,0.93
3497,2021-08-06,LIG,12228,6216,6012,3968,8128,132,0,ITC,ITC3,7,Liguria,Liguria,1550640,374804,24.17,0.79
3498,2021-02-04,LIG,2820,990,1830,177,2643,0,0,ITC,ITC3,7,Liguria,Liguria,1550640,377624,24.35,0.18
3499,2021-05-15,LIG,7328,3279,4049,4296,2966,66,0,ITC,ITC3,7,Liguria,Liguria,1550640,384952,24.83,0.47
3500,2021-02-21,LIG,868,490,378,862,4,2,0,ITC,ITC3,7,Liguria,Liguria,1550640,385820,24.88,0.06
3501,2021-06-15,LIG,17447,8476,8971,9258,8098,91,0,ITC,ITC3,7,Liguria,Liguria,1550640,403267,26.01,1.13
3502,2021-03-07,LIG,1915,1139,776,1602,301,12,0,ITC,ITC3,7,Liguria,Liguria,1550640,405182,26.13,0.12
3503,2021-09-18,LIG,3007,1678,1329,1693,1234,80,0,ITC,ITC3,7,Liguria,Liguria,1550640,408189,26.32,0.19
3504,2021-03-19,LIG,5304,2237,3067,2100,3153,51,0,ITC,ITC3,7,Liguria,Liguria,1550640,413493,26.67,0.34
3505,2021-03-02,LIG,4083,1695,2388,3765,310,8,0,ITC,ITC3,7,Liguria,Liguria,1550640,417576,26.93,0.26
3506,2021-07-11,LIG,2154,1195,959,1229,903,22,0,ITC,ITC3,7,Liguria,Liguria,1550640,419730,27.07,0.14
3507,2021-06-24,LIG,11179,5454,5725,6215,4878,86,0,ITC,ITC3,7,Liguria,Liguria,1550640,430909,27.79,0.72
3508,2021-04-02,LIG,11796,5223,6573,9221,2489,86,0,ITC,ITC3,7,Liguria,Liguria,1550640,442705,28.55,0.76
3509,2021-05-29,LIG,6890,3263,3627,3989,2874,27,0,ITC,ITC3,7,Liguria,Liguria,1550640,449595,28.99,0.44
3510,2021-09-06,LIG,8046,4159,3887,2708,5216,122,0,ITC,ITC3,7,Liguria,Liguria,1550640,457641,29.51,0.52
3511,2021-07-25,LIG,6418,3278,3140,654,5753,11,0,ITC,ITC3,7,Liguria,Liguria,1550640,464059,29.93,0.41
3512,2021-02-09,LIG,1957,697,1260,262,1692,3,0,ITC,ITC3,7,Liguria,Liguria,1550640,466016,30.05,0.13
3513,2021-01-21,LIG,1109,385,724,677,431,1,0,ITC,ITC3,7,Liguria,Liguria,1550640,467125,30.12,0.07
3514,2021-08-20,LIG,9450,5039,4411,3140,6207,103,0,ITC,ITC3,7,Liguria,Liguria,1550640,476575,30.73,0.61
3515,2021-07-13,LIG,13112,6450,6662,3456,9590,66,0,ITC,ITC3,7,Liguria,Liguria,1550640,489687,31.58,0.85
3516,2021-08-10,LIG,13150,6565,6585,4283,8719,148,0,ITC,ITC3,7,Liguria,Liguria,1550640,502837,32.43,0.85
3517,2021-06-14,LIG,15178,7327,7851,8200,6893,85,0,ITC,ITC3,7,Liguria,Liguria,1550640,518015,33.41,0.98
3518,2021-02-25,LIG,3461,1351,2110,3308,130,23,0,ITC,ITC3,7,Liguria,Liguria,1550640,521476,33.63,0.22
3519,2021-01-30,LIG,1666,572,1094,22,1643,1,0,ITC,ITC3,7,Liguria,Liguria,1550640,523142,33.74,0.11
3520,2021-03-28,LIG,1141,510,631,381,752,8,0,ITC,ITC3,7,Liguria,Liguria,1550640,524283,33.81,0.07
3521,2021-08-29,LIG,738,420,318,173,562,3,0,ITC,ITC3,7,Liguria,Liguria,1550640,525021,33.86,0.05
3522,2020-12-30,LIG,12,5,7,12,0,0,0,ITC,ITC3,7,Liguria,Liguria,1550640,525033,33.86,0.0
3523,2021-07-03,LIG,8830,4381,4449,5424,3333,73,0,ITC,ITC3,7,Liguria,Liguria,1550640,533863,34.43,0.57
3524,2021-09-08,LIG,7488,3913,3575,2102,5254,132,0,ITC,ITC3,7,Liguria,Liguria,1550640,541351,34.91,0.48
3525,2021-06-17,LIG,16711,7942,8769,9072,7546,93,0,ITC,ITC3,7,Liguria,Liguria,1550640,558062,35.99,1.08
3526,2021-09-10,LIG,6929,3696,3233,1946,4870,113,0,ITC,ITC3,7,Liguria,Liguria,1550640,564991,36.44,0.45
3527,2021-06-02,LIG,8545,4349,4196,5335,3177,33,0,ITC,ITC3,7,Liguria,Liguria,1550640,573536,36.99,0.55
3528,2021-06-19,LIG,7418,3777,3641,5684,1676,58,0,ITC,ITC3,7,Liguria,Liguria,1550640,580954,37.47,0.48
3529,2021-04-21,LIG,14297,6461,7836,8860,5347,90,0,ITC,ITC3,7,Liguria,Liguria,1550640,595251,38.39,0.92
3530,2021-07-30,LIG,16102,8344,7758,4641,11344,117,0,ITC,ITC3,7,Liguria,Liguria,1550640,611353,39.43,1.04
3531,2021-08-13,LIG,10904,5633,5271,3927,6881,96,0,ITC,ITC3,7,Liguria,Liguria,1550640,622257,40.13,0.7
3532,2021-05-08,LIG,7540,3337,4203,2274,5228,38,0,ITC,ITC3,7,Liguria,Liguria,1550640,629797,40.62,0.49
3533,2021-01-25,LIG,2735,894,1841,474,2260,1,0,ITC,ITC3,7,Liguria,Liguria,1550640,632532,40.79,0.18
3534,2021-05-05,LIG,13726,6143,7583,5176,8465,85,0,ITC,ITC3,7,Liguria,Liguria,1550640,646258,41.68,0.89
3535,2021-07-29,LIG,18014,9221,8793,4394,13524,96,0,ITC,ITC3,7,Liguria,Liguria,1550640,664272,42.84,1.16
3536,2021-08-17,LIG,9872,5181,4691,3644,6121,107,0,ITC,ITC3,7,Liguria,Liguria,1550640,674144,43.48,0.64
3537,2021-03-04,LIG,4743,2119,2624,3840,848,55,0,ITC,ITC3,7,Liguria,Liguria,1550640,678887,43.78,0.31
3538,2021-01-14,LIG,2983,1056,1927,2982,0,1,0,ITC,ITC3,7,Liguria,Liguria,1550640,681870,43.97,0.19
3539,2021-03-12,LIG,6226,2875,3351,3691,2477,58,0,ITC,ITC3,7,Liguria,Liguria,1550640,688096,44.37,0.4
3540,2021-07-01,LIG,13577,6548,7029,7276,6181,120,0,ITC,ITC3,7,Liguria,Liguria,1550640,701673,45.25,0.88
3541,2021-05-19,LIG,13587,5967,7620,10327,3128,132,0,ITC,ITC3,7,Liguria,Liguria,1550640,715260,46.13,0.88
3542,2021-03-23,LIG,9298,4236,5062,5993,3219,86,0,ITC,ITC3,7,Liguria,Liguria,1550640,724558,46.73,0.6
3543,2021-08-27,LIG,9220,4919,4301,2824,6307,89,0,ITC,ITC3,7,Liguria,Liguria,1550640,733778,47.32,0.59
3544,2021-08-15,LIG,1414,786,628,848,531,35,0,ITC,ITC3,7,Liguria,Liguria,1550640,735192,47.41,0.09
3545,2021-05-24,LIG,11896,5597,6299,9283,2513,100,0,ITC,ITC3,7,Liguria,Liguria,1550640,747088,48.18,0.77
3546,2021-05-07,LIG,13619,6050,7569,5703,7815,101,0,ITC,ITC3,7,Liguria,Liguria,1550640,760707,49.06,0.88
3547,2021-09-15,LIG,6132,3217,2915,2113,3897,122,0,ITC,ITC3,7,Liguria,Liguria,1550640,766839,49.45,0.4
3548,2021-02-13,LIG,1081,509,572,798,280,3,0,ITC,ITC3,7,Liguria,Liguria,1550640,767920,49.52,0.07
3549,2021-06-07,LIG,15719,7671,8048,8607,7041,71,0,ITC,ITC3,7,Liguria,Liguria,1550640,783639,50.54,1.01
3550,2021-02-06,LIG,1892,768,1124,145,1747,0,0,ITC,ITC3,7,Liguria,Liguria,1550640,785531,50.66,0.12
3551,2021-09-05,LIG,1016,569,447,271,740,5,0,ITC,ITC3,7,Liguria,Liguria,1550640,786547,50.72,0.07
3552,2021-06-11,LIG,17876,9102,8774,11710,6084,82,0,ITC,ITC3,7,Liguria,Liguria,1550640,804423,51.88,1.15
3553,2021-04-15,LIG,11857,5243,6614,9892,1859,106,0,ITC,ITC3,7,Liguria,Liguria,1550640,816280,52.64,0.76
3554,2021-09-19,LIG,154,66,88,47,107,0,0,ITC,ITC3,7,Liguria,Liguria,1550640,816434,52.65,0.01
3555,2021-04-11,LIG,4251,1930,2321,3958,249,44,0,ITC,ITC3,7,Liguria,Liguria,1550640,820685,52.93,0.27
3556,2021-07-20,LIG,13988,6889,7099,2698,11208,82,0,ITC,ITC3,7,Liguria,Liguria,1550640,834673,53.83,0.9
3557,2021-01-18,LIG,2146,749,1397,1987,157,2,0,ITC,ITC3,7,Liguria,Liguria,1550640,836819,53.97,0.14
3558,2021-08-08,LIG,1207,650,557,539,660,8,0,ITC,ITC3,7,Liguria,Liguria,1550640,838026,54.04,0.08
3559,2021-02-18,LIG,2772,1128,1644,2425,339,8,0,ITC,ITC3,7,Liguria,Liguria,1550640,840798,54.22,0.18
3560,2021-03-16,LIG,6093,2733,3360,2318,3736,39,0,ITC,ITC3,7,Liguria,Liguria,1550640,846891,54.62,0.39
3561,2021-06-12,LIG,10266,4994,5272,7439,2760,67,0,ITC,ITC3,7,Liguria,Liguria,1550640,857157,55.28,0.66
3562,2021-04-30,LIG,14441,6453,7988,5773,8581,87,0,ITC,ITC3,7,Liguria,Liguria,1550640,871598,56.21,0.93
3563,2021-09-22,LIG,3786,2029,1757,1744,1956,86,0,ITC,ITC3,7,Liguria,Liguria,1550640,875384,56.45,0.24
3564,2021-03-06,LIG,3308,1844,1464,2582,706,20,0,ITC,ITC3,7,Liguria,Liguria,1550640,878692,56.67,0.21
3565,2021-01-22,LIG,1829,606,1223,1337,490,2,0,ITC,ITC3,7,Liguria,Liguria,1550640,880521,56.78,0.12
3566,2021-05-02,LIG,3981,1837,2144,503,3472,6,0,ITC,ITC3,7,Liguria,Liguria,1550640,884502,57.04,0.26
3567,2021-06-26,LIG,7230,3366,3864,4429,2724,77,0,ITC,ITC3,7,Liguria,Liguria,1550640,891732,57.51,0.47
3568,2021-07-10,LIG,6914,3489,3425,2723,4138,53,0,ITC,ITC3,7,Liguria,Liguria,1550640,898646,57.95,0.45
3569,2021-04-04,LIG,764,369,395,508,251,5,0,ITC,ITC3,7,Liguria,Liguria,1550640,899410,58.0,0.05
3570,2021-04-18,LIG,2619,1165,1454,2094,470,55,0,ITC,ITC3,7,Liguria,Liguria,1550640,902029,58.17,0.17
3571,2021-07-27,LIG,17450,8890,8560,4321,13012,117,0,ITC,ITC3,7,Liguria,Liguria,1550640,919479,59.3,1.13
3572,2021-01-08,LIG,2941,1002,1939,2939,0,2,0,ITC,ITC3,7,Liguria,Liguria,1550640,922420,59.49,0.19
3573,2021-07-15,LIG,14794,7485,7309,5119,9519,156,0,ITC,ITC3,7,Liguria,Liguria,1550640,937214,60.44,0.95
3574,2021-02-01,LIG,2575,929,1646,101,2474,0,0,ITC,ITC3,7,Liguria,Liguria,1550640,939789,60.61,0.17
3575,2021-07-08,LIG,13687,6726,6961,6126,7436,125,0,ITC,ITC3,7,Liguria,Liguria,1550640,953476,61.49,0.88
3576,2021-05-12,LIG,12124,5492,6632,6612,5412,100,0,ITC,ITC3,7,Liguria,Liguria,1550640,965600,62.27,0.78
3577,2021-05-26,LIG,16702,8433,8269,12171,4385,146,0,ITC,ITC3,7,Liguria,Liguria,1550640,982302,63.35,1.08
3578,2021-04-08,LIG,13801,6186,7615,11616,2049,136,0,ITC,ITC3,7,Liguria,Liguria,1550640,996103,64.24,0.89
3579,2021-09-12,LIG,116,68,48,66,48,2,0,ITC,ITC3,7,Liguria,Liguria,1550640,996219,64.25,0.01
3580,2021-07-17,LIG,6515,3359,3156,1789,4697,29,0,ITC,ITC3,7,Liguria,Liguria,1550640,1002734,64.67,0.42
3581,2021-07-31,LIG,8270,4416,3854,1303,6932,35,0,ITC,ITC3,7,Liguria,Liguria,1550640,1011004,65.2,0.53
3582,2021-06-04,LIG,14802,7268,7534,9214,5501,87,0,ITC,ITC3,7,Liguria,Liguria,1550640,1025806,66.15,0.95
3583,2021-07-22,LIG,21464,10907,10557,4534,16800,130,0,ITC,ITC3,7,Liguria,Liguria,1550640,1047270,67.54,1.38
3584,2021-05-14,LIG,13164,5871,7293,8636,4352,176,0,ITC,ITC3,7,Liguria,Liguria,1550640,1060434,68.39,0.85
3585,2021-08-22,LIG,760,441,319,173,579,8,0,ITC,ITC3,7,Liguria,Liguria,1550640,1061194,68.44,0.05
3586,2021-05-31,LIG,14757,7398,7359,9126,5547,84,0,ITC,ITC3,7,Liguria,Liguria,1550640,1075951,69.39,0.95
3587,2021-03-09,LIG,5942,2757,3185,4450,1434,58,0,ITC,ITC3,7,Liguria,Liguria,1550640,1081893,69.77,0.38
3588,2021-02-20,LIG,1338,639,699,1335,1,2,0,ITC,ITC3,7,Liguria,Liguria,1550640,1083231,69.86,0.09
3589,2021-08-07,LIG,5211,2662,2549,1124,4060,27,0,ITC,ITC3,7,Liguria,Liguria,1550640,1088442,70.19,0.34
3590,2021-05-16,LIG,3713,1864,1849,2119,1567,27,0,ITC,ITC3,7,Liguria,Liguria,1550640,1092155,70.43,0.24
3591,2021-08-24,LIG,8754,4543,4211,2899,5754,101,0,ITC,ITC3,7,Liguria,Liguria,1550640,1100909,71.0,0.56
3592,2021-09-17,LIG,5678,3047,2631,2195,3386,97,0,ITC,ITC3,7,Liguria,Liguria,1550640,1106587,71.36,0.37
3593,2021-01-11,LIG,2659,994,1665,2657,0,2,0,ITC,ITC3,7,Liguria,Liguria,1550640,1109246,71.53,0.17
3594,2021-05-04,LIG,13663,6095,7568,5361,8236,66,0,ITC,ITC3,7,Liguria,Liguria,1550640,1122909,72.42,0.88
3595,2021-08-12,LIG,12550,6454,6096,4600,7857,93,0,ITC,ITC3,7,Liguria,Liguria,1550640,1135459,73.23,0.81
3596,2021-05-09,LIG,2827,1245,1582,1085,1712,30,0,ITC,ITC3,7,Liguria,Liguria,1550640,1138286,73.41,0.18
3597,2021-03-30,LIG,12230,5432,6798,8751,3395,84,0,ITC,ITC3,7,Liguria,Liguria,1550640,1150516,74.2,0.79
3598,2021-09-03,LIG,7375,4066,3309,2187,5094,94,0,ITC,ITC3,7,Liguria,Liguria,1550640,1157891,74.67,0.48
3599,2021-02-22,LIG,3349,1479,1870,3197,143,9,0,ITC,ITC3,7,Liguria,Liguria,1550640,1161240,74.89,0.22
3600,2021-02-17,LIG,2701,1185,1516,2254,435,12,0,ITC,ITC3,7,Liguria,Liguria,1550640,1163941,75.06,0.17
3601,2021-07-24,LIG,11613,6042,5571,2300,9250,63,0,ITC,ITC3,7,Liguria,Liguria,1550640,1175554,75.81,0.75
3602,2021-05-28,LIG,16329,8160,8169,11622,4562,145,0,ITC,ITC3,7,Liguria,Liguria,1550640,1191883,76.86,1.05
3603,2021-01-05,LIG,2880,896,1984,2880,0,0,0,ITC,ITC3,7,Liguria,Liguria,1550640,1194763,77.05,0.19
3604,2021-03-03,LIG,4587,1850,2737,3446,1031,110,0,ITC,ITC3,7,Liguria,Liguria,1550640,1199350,77.35,0.3
3605,2021-01-27,LIG,1749,604,1145,139,1609,1,0,ITC,ITC3,7,Liguria,Liguria,1550640,1201099,77.46,0.11
3606,2021-05-21,LIG,12875,5968,6907,9606,3136,133,0,ITC,ITC3,7,Liguria,Liguria,1550640,1213974,78.29,0.83
3607,2021-02-27,LIG,1889,921,968,1756,129,4,0,ITC,ITC3,7,Liguria,Liguria,1550640,1215863,78.41,0.12
3608,2021-09-07,LIG,7805,4130,3675,2630,5066,109,0,ITC,ITC3,7,Liguria,Liguria,1550640,1223668,78.91,0.5
3609,2021-06-16,LIG,16417,7932,8485,9177,7137,103,0,ITC,ITC3,7,Liguria,Liguria,1550640,1240085,79.97,1.06
3610,2021-03-08,LIG,5631,2462,3169,3907,1692,32,0,ITC,ITC3,7,Liguria,Liguria,1550640,1245716,80.34,0.36
3611,2021-03-25,LIG,9786,4236,5550,6245,3397,144,0,ITC,ITC3,7,Liguria,Liguria,1550640,1255502,80.97,0.63
3612,2021-01-01,LIG,146,56,90,146,0,0,0,ITC,ITC3,7,Liguria,Liguria,1550640,1255648,80.98,0.01
3613,2021-07-12,LIG,13465,6466,6999,4129,9251,85,0,ITC,ITC3,7,Liguria,Liguria,1550640,1269113,81.84,0.87
3614,2021-01-10,LIG,651,264,387,647,0,4,0,ITC,ITC3,7,Liguria,Liguria,1550640,1269764,81.89,0.04
3615,2021-04-20,LIG,14255,6525,7730,9744,4359,152,0,ITC,ITC3,7,Liguria,Liguria,1550640,1284019,82.81,0.92
3616,2021-01-29,LIG,3102,1071,2031,64,3038,0,0,ITC,ITC3,7,Liguria,Liguria,1550640,1287121,83.01,0.2
3617,2021-01-20,LIG,1560,557,1003,1547,12,1,0,ITC,ITC3,7,Liguria,Liguria,1550640,1288681,83.11,0.1
3618,2021-08-19,LIG,9839,5180,4659,2709,7020,110,0,ITC,ITC3,7,Liguria,Liguria,1550640,1298520,83.74,0.63
3619,2021-08-04,LIG,13871,6984,6887,3250,10507,114,0,ITC,ITC3,7,Liguria,Liguria,1550640,1312391,84.64,0.89
3620,2021-04-06,LIG,13268,5905,7363,10895,2266,107,0,ITC,ITC3,7,Liguria,Liguria,1550640,1325659,85.49,0.86
3621,2021-02-08,LIG,1983,744,1239,299,1684,0,0,ITC,ITC3,7,Liguria,Liguria,1550640,1327642,85.62,0.13
3622,2020-12-27,LIG,135,56,79,134,0,1,0,ITC,ITC3,7,Liguria,Liguria,1550640,1327777,85.63,0.01
3623,2021-09-21,LIG,6243,3311,2932,2725,3396,122,0,ITC,ITC3,7,Liguria,Liguria,1550640,1334020,86.03,0.4
3624,2021-07-19,LIG,12118,6041,6077,3311,8708,99,0,ITC,ITC3,7,Liguria,Liguria,1550640,1346138,86.81,0.78
3625,2021-08-05,LIG,14268,7368,6900,4109,10064,95,0,ITC,ITC3,7,Liguria,Liguria,1550640,1360406,87.73,0.92
3626,2021-04-27,LIG,14825,6701,8124,7144,7613,68,0,ITC,ITC3,7,Liguria,Liguria,1550640,1375231,88.69,0.96
3627,2021-02-03,LIG,2321,792,1529,51,2270,0,0,ITC,ITC3,7,Liguria,Liguria,1550640,1377552,88.84,0.15
3628,2021-07-21,LIG,19220,9525,9695,3789,15335,96,0,ITC,ITC3,7,Liguria,Liguria,1550640,1396772,90.08,1.24
3629,2021-02-10,LIG,2326,841,1485,1017,1306,3,0,ITC,ITC3,7,Liguria,Liguria,1550640,1399098,90.23,0.15
3630,2021-08-14,LIG,3215,1719,1496,898,2299,18,0,ITC,ITC3,7,Liguria,Liguria,1550640,1402313,90.43,0.21
3631,2021-03-18,LIG,4993,2126,2867,1978,2985,30,0,ITC,ITC3,7,Liguria,Liguria,1550640,1407306,90.76,0.32
3632,2021-04-01,LIG,12442,5520,6922,9588,2776,78,0,ITC,ITC3,7,Liguria,Liguria,1550640,1419748,91.56,0.8
3633,2021-08-31,LIG,9557,5054,4503,2635,6848,74,0,ITC,ITC3,7,Liguria,Liguria,1550640,1429305,92.18,0.62
3634,2021-05-23,LIG,2310,1121,1189,1172,1124,14,0,ITC,ITC3,7,Liguria,Liguria,1550640,1431615,92.32,0.15
3635,2021-03-01,LIG,3542,1447,2095,3387,136,19,0,ITC,ITC3,7,Liguria,Liguria,1550640,1435157,92.55,0.23
3636,2021-06-09,LIG,19110,9592,9518,12433,6592,85,0,ITC,ITC3,7,Liguria,Liguria,1550640,1454267,93.78,1.23
3637,2021-03-27,LIG,3936,1550,2386,2515,1398,23,0,ITC,ITC3,7,Liguria,Liguria,1550640,1458203,94.04,0.25
3638,2021-07-05,LIG,11950,5779,6171,5284,6565,101,0,ITC,ITC3,7,Liguria,Liguria,1550640,1470153,94.81,0.77
3639,2021-04-13,LIG,13089,5875,7214,10947,2030,112,0,ITC,ITC3,7,Liguria,Liguria,1550640,1483242,95.65,0.84
3640,2021-07-09,LIG,12855,6336,6519,4164,8601,90,0,ITC,ITC3,7,Liguria,Liguria,1550640,1496097,96.48,0.83
3641,2021-02-15,LIG,2265,840,1425,1853,400,12,0,ITC,ITC3,7,Liguria,Liguria,1550640,1498362,96.63,0.15
3642,2021-09-14,LIG,6359,3299,3060,2280,3969,110,0,ITC,ITC3,7,Liguria,Liguria,1550640,1504721,97.04,0.41
3643,2021-01-03,LIG,738,233,505,736,0,2,0,ITC,ITC3,7,Liguria,Liguria,1550640,1505459,97.09,0.05
3644,2021-02-24,LIG,3769,1562,2207,3458,259,52,0,ITC,ITC3,7,Liguria,Liguria,1550640,1509228,97.33,0.24
3645,2020-12-29,LIG,125,33,92,125,0,0,0,ITC,ITC3,7,Liguria,Liguria,1550640,1509353,97.34,0.01
3646,2021-01-12,LIG,2476,890,1586,2475,0,1,0,ITC,ITC3,7,Liguria,Liguria,1550640,1511829,97.5,0.16
3647,2021-04-22,LIG,13882,6217,7665,8656,5092,134,0,ITC,ITC3,7,Liguria,Liguria,1550640,1525711,98.39,0.9
3648,2021-04-29,LIG,15596,6983,8613,6643,8858,95,0,ITC,ITC3,7,Liguria,Liguria,1550640,1541307,99.4,1.01
3649,2021-04-12,LIG,12397,5481,6916,10277,2024,96,0,ITC,ITC3,7,Liguria,Liguria,1550640,1553704,100.2,0.8
3650,2021-01-19,LIG,1375,441,934,1281,90,4,0,ITC,ITC3,7,Liguria,Liguria,1550640,1555079,100.29,0.09
3651,2021-02-05,LIG,2740,994,1746,299,2440,1,0,ITC,ITC3,7,Liguria,Liguria,1550640,1557819,100.46,0.18
3652,2021-09-02,LIG,8457,4509,3948,2839,5521,97,0,ITC,ITC3,7,Liguria,Liguria,1550640,1566276,101.01,0.55
3653,2021-06-08,LIG,18134,9047,9087,11382,6656,96,0,ITC,ITC3,7,Liguria,Liguria,1550640,1584410,102.18,1.17
3654,2021-09-16,LIG,5138,2689,2449,2108,2913,117,0,ITC,ITC3,7,Liguria,Liguria,1550640,1589548,102.51,0.33
3655,2021-03-17,LIG,5561,2371,3190,2456,3086,19,0,ITC,ITC3,7,Liguria,Liguria,1550640,1595109,102.87,0.36
3656,2021-06-25,LIG,13853,6623,7230,6844,6924,85,0,ITC,ITC3,7,Liguria,Liguria,1550640,1608962,103.76,0.89
3657,2021-04-03,LIG,5410,2500,2910,4436,944,30,0,ITC,ITC3,7,Liguria,Liguria,1550640,1614372,104.11,0.35
3658,2021-01-24,LIG,762,242,520,116,646,0,0,ITC,ITC3,7,Liguria,Liguria,1550640,1615134,104.16,0.05
3659,2021-08-21,LIG,3080,1676,1404,904,2127,49,0,ITC,ITC3,7,Liguria,Liguria,1550640,1618214,104.36,0.2
3660,2021-05-13,LIG,13329,6093,7236,8893,4273,163,0,ITC,ITC3,7,Liguria,Liguria,1550640,1631543,105.22,0.86
3661,2021-02-19,LIG,3226,1309,1917,3035,177,14,0,ITC,ITC3,7,Liguria,Liguria,1550640,1634769,105.43,0.21
3662,2021-05-30,LIG,3311,1616,1695,1339,1949,23,0,ITC,ITC3,7,Liguria,Liguria,1550640,1638080,105.64,0.21
3663,2021-04-05,LIG,3985,1757,2228,2313,1651,21,0,ITC,ITC3,7,Liguria,Liguria,1550640,1642065,105.9,0.26
3664,2021-07-16,LIG,12637,6228,6409,3126,9440,71,0,ITC,ITC3,7,Liguria,Liguria,1550640,1654702,106.71,0.81
3665,2021-09-11,LIG,2171,1189,982,852,1285,34,0,ITC,ITC3,7,Liguria,Liguria,1550640,1656873,106.85,0.14
3666,2021-07-26,LIG,17690,9025,8665,4691,12866,133,0,ITC,ITC3,7,Liguria,Liguria,1550640,1674563,107.99,1.14
3667,2021-01-07,LIG,3226,1096,2130,3223,0,3,0,ITC,ITC3,7,Liguria,Liguria,1550640,1677789,108.2,0.21
3668,2021-06-13,LIG,5644,2706,2938,5124,456,64,0,ITC,ITC3,7,Liguria,Liguria,1550640,1683433,108.56,0.36
3669,2021-04-17,LIG,7393,3219,4174,6581,755,57,0,ITC,ITC3,7,Liguria,Liguria,1550640,1690826,109.04,0.48
3670,2021-06-27,LIG,1951,896,1055,679,1254,18,0,ITC,ITC3,7,Liguria,Liguria,1550640,1692777,109.17,0.13
3671,2021-02-12,LIG,1941,691,1250,896,1044,1,0,ITC,ITC3,7,Liguria,Liguria,1550640,1694718,109.29,0.13
3672,2021-07-14,LIG,11530,5677,5853,3400,8045,85,0,ITC,ITC3,7,Liguria,Liguria,1550640,1706248,110.04,0.74
3673,2021-07-28,LIG,18497,9530,8967,5798,12559,140,0,ITC,ITC3,7,Liguria,Liguria,1550640,1724745,111.23,1.19
3674,2021-05-06,LIG,14545,6447,8098,6073,8343,129,0,ITC,ITC3,7,Liguria,Liguria,1550640,1739290,112.17,0.94
3675,2021-01-26,LIG,2490,809,1681,16,2474,0,0,ITC,ITC3,7,Liguria,Liguria,1550640,1741780,112.33,0.16
3676,2021-05-11,LIG,13944,6401,7543,7197,6632,115,0,ITC,ITC3,7,Liguria,Liguria,1550640,1755724,113.23,0.9
3677,2021-03-29,LIG,10594,4629,5965,7364,3135,95,0,ITC,ITC3,7,Liguria,Liguria,1550640,1766318,113.91,0.68
3678,2021-01-31,LIG,625,271,354,4,621,0,0,ITC,ITC3,7,Liguria,Liguria,1550640,1766943,113.95,0.04
3679,2021-07-07,LIG,11812,5655,6157,4915,6808,89,0,ITC,ITC3,7,Liguria,Liguria,1550640,1778755,114.71,0.76
3680,2021-03-24,LIG,9194,4040,5154,5818,3293,83,0,ITC,ITC3,7,Liguria,Liguria,1550640,1787949,115.3,0.59
3681,2021-07-02,LIG,13005,6378,6627,6357,6528,120,0,ITC,ITC3,7,Liguria,Liguria,1550640,1800954,116.14,0.84
3682,2020-12-31,LIG,991,352,639,991,0,0,0,ITC,ITC3,7,Liguria,Liguria,1550640,1801945,116.21,0.06
3683,2021-04-10,LIG,7896,3565,4331,6907,914,75,0,ITC,ITC3,7,Liguria,Liguria,1550640,1809841,116.72,0.51
3684,2021-01-17,LIG,866,301,565,865,0,1,0,ITC,ITC3,7,Liguria,Liguria,1550640,1810707,116.77,0.06
3685,2021-08-23,LIG,10592,5528,5064,3535,6937,120,0,ITC,ITC3,7,Liguria,Liguria,1550640,1821299,117.45,0.68
3686,2021-06-01,LIG,16358,8239,8119,10905,5377,76,0,ITC,ITC3,7,Liguria,Liguria,1550640,1837657,118.51,1.05
3687,2021-09-09,LIG,7743,4140,3603,2524,5092,127,0,ITC,ITC3,7,Liguria,Liguria,1550640,1845400,119.01,0.5
3688,2021-06-18,LIG,15428,7510,7918,8104,7226,98,0,ITC,ITC3,7,Liguria,Liguria,1550640,1860828,120.0,0.99
3689,2021-03-10,LIG,5924,2868,3056,3952,1917,55,0,ITC,ITC3,7,Liguria,Liguria,1550640,1866752,120.39,0.38
3690,2021-08-16,LIG,9932,5141,4791,3773,6052,107,0,ITC,ITC3,7,Liguria,Liguria,1550640,1876684,121.03,0.64
3691,2021-03-15,LIG,7371,3123,4248,4501,2822,48,0,ITC,ITC3,7,Liguria,Liguria,1550640,1884055,121.5,0.48
3692,2021-05-01,LIG,7155,3261,3894,1313,5811,31,0,ITC,ITC3,7,Liguria,Liguria,1550640,1891210,121.96,0.46
3693,2021-03-05,LIG,4876,2155,2721,3692,1137,47,0,ITC,ITC3,7,Liguria,Liguria,1550640,1896086,122.28,0.31
3694,2021-08-09,LIG,12025,6116,5909,4341,7544,140,0,ITC,ITC3,7,Liguria,Liguria,1550640,1908111,123.05,0.78
3695,2021-06-06,LIG,3814,2032,1782,2933,862,19,0,ITC,ITC3,7,Liguria,Liguria,1550640,1911925,123.3,0.25
3696,2021-04-24,LIG,8223,3800,4423,4986,3155,82,0,ITC,ITC3,7,Liguria,Liguria,1550640,1920148,123.83,0.53
3697,2021-02-26,LIG,3772,1526,2246,3418,329,25,0,ITC,ITC3,7,Liguria,Liguria,1550640,1923920,124.07,0.24
3698,2021-08-02,LIG,13121,6524,6597,2956,10072,93,0,ITC,ITC3,7,Liguria,Liguria,1550640,1937041,124.92,0.85
3699,2021-06-20,LIG,1336,658,678,1044,275,17,0,ITC,ITC3,7,Liguria,Liguria,1550640,1938377,125.0,0.09
3700,2021-04-23,LIG,14699,6654,8045,8460,6130,109,0,ITC,ITC3,7,Liguria,Liguria,1550640,1953076,125.95,0.95
3701,2021-03-11,LIG,6425,3104,3321,4358,2015,52,0,ITC,ITC3,7,Liguria,Liguria,1550640,1959501,126.37,0.41
3702,2021-01-13,LIG,2761,1016,1745,2760,0,1,0,ITC,ITC3,7,Liguria,Liguria,1550640,1962262,126.55,0.18
3703,2021-01-04,LIG,2625,857,1768,2624,0,1,0,ITC,ITC3,7,Liguria,Liguria,1550640,1964887,126.71,0.17
3704,2021-08-03,LIG,14149,7227,6922,3961,10078,110,0,ITC,ITC3,7,Liguria,Liguria,1550640,1979036,127.63,0.91
3705,2021-06-21,LIG,14854,7043,7811,8494,6261,99,0,ITC,ITC3,7,Liguria,Liguria,1550640,1993890,128.58,0.96
3706,2021-04-16,LIG,12026,5301,6725,10037,1833,156,0,ITC,ITC3,7,Liguria,Liguria,1550640,2005916,129.36,0.78
3707,2021-01-06,LIG,1666,618,1048,1663,0,3,0,ITC,ITC3,7,Liguria,Liguria,1550640,2007582,129.47,0.11
3708,2021-06-28,LIG,11631,5630,6001,7202,4317,112,0,ITC,ITC3,7,Liguria,Liguria,1550640,2019213,130.22,0.75
3709,2021-03-20,LIG,2318,995,1323,1130,1175,13,0,ITC,ITC3,7,Liguria,Liguria,1550640,2021531,130.37,0.15
3710,2021-08-26,LIG,9059,4740,4319,2613,6367,79,0,ITC,ITC3,7,Liguria,Liguria,1550640,2030590,130.95,0.58
3711,2021-06-30,LIG,15108,7208,7900,8174,6832,102,0,ITC,ITC3,7,Liguria,Liguria,1550640,2045698,131.93,0.97
3712,2021-01-15,LIG,2264,756,1508,2259,0,5,0,ITC,ITC3,7,Liguria,Liguria,1550640,2047962,132.07,0.15
3713,2021-04-25,LIG,1936,921,1015,1509,415,12,0,ITC,ITC3,7,Liguria,Liguria,1550640,2049898,132.2,0.12
3714,2021-03-13,LIG,3853,1638,2215,2964,859,30,0,ITC,ITC3,7,Liguria,Liguria,1550640,2053751,132.45,0.25
3715,2021-06-23,LIG,14353,6867,7486,9043,5210,100,0,ITC,ITC3,7,Liguria,Liguria,1550640,2068104,133.37,0.93
3716,2021-02-14,LIG,233,122,111,233,0,0,0,ITC,ITC3,7,Liguria,Liguria,1550640,2068337,133.39,0.02
3717,2021-05-25,LIG,14283,6959,7324,10959,3197,127,0,ITC,ITC3,7,Liguria,Liguria,1550640,2082620,134.31,0.92
3718,2021-09-04,LIG,3020,1685,1335,877,2115,28,0,ITC,ITC3,7,Liguria,Liguria,1550640,2085640,134.5,0.19
3719,2021-03-22,LIG,7765,3480,4285,4747,2944,74,0,ITC,ITC3,7,Liguria,Liguria,1550640,2093405,135.0,0.5
3720,2021-02-07,LIG,407,153,254,2,405,0,0,ITC,ITC3,7,Liguria,Liguria,1550640,2093812,135.03,0.03
3721,2021-05-18,LIG,13504,6136,7368,10060,3316,128,0,ITC,ITC3,7,Liguria,Liguria,1550640,2107316,135.9,0.87
3722,2021-08-28,LIG,4136,2341,1795,1007,3100,29,0,ITC,ITC3,7,Liguria,Liguria,1550640,2111452,136.17,0.27
3723,2021-05-20,LIG,12951,6009,6942,8788,4041,122,0,ITC,ITC3,7,Liguria,Liguria,1550640,2124403,137.0,0.84
3724,2021-06-20,PAB,5250,2854,2396,591,4604,55,0,ITH,ITH1,4,Provincia Autonoma Bolzano / Bozen,P.A. Bolzano,533050,5250,0.98,0.98
3725,2021-02-07,PAB,2680,1186,1494,330,2350,0,0,ITH,ITH1,4,Provincia Autonoma Bolzano / Bozen,P.A. Bolzano,533050,7930,1.49,0.5
3726,2021-05-18,PAB,3364,1765,1599,2078,1191,95,0,ITH,ITH1,4,Provincia Autonoma Bolzano / Bozen,P.A. Bolzano,533050,11294,2.12,0.63
3727,2021-02-12,PAB,730,217,513,464,248,18,0,ITH,ITH1,4,Provincia Autonoma Bolzano / Bozen,P.A. Bolzano,533050,12024,2.26,0.14
3728,2021-04-10,PAB,5416,2673,2743,4658,590,168,0,ITH,ITH1,4,Provincia Autonoma Bolzano / Bozen,P.A. Bolzano,533050,17440,3.27,1.02
3729,2020-12-31,PAB,929,528,401,929,0,0,0,ITH,ITH1,4,Provincia Autonoma Bolzano / Bozen,P.A. Bolzano,533050,18369,3.45,0.17
3730,2021-04-19,PAB,1876,860,1016,1604,182,90,0,ITH,ITH1,4,Provincia Autonoma Bolzano / Bozen,P.A. Bolzano,533050,20245,3.8,0.35
3731,2021-06-15,PAB,2045,1184,861,480,1534,31,0,ITH,ITH1,4,Provincia Autonoma Bolzano / Bozen,P.A. Bolzano,533050,22290,4.18,0.38
3732,2021-03-22,PAB,1159,527,632,1112,17,30,0,ITH,ITH1,4,Provincia Autonoma Bolzano / Bozen,P.A. Bolzano,533050,23449,4.4,0.22
3733,2021-08-23,PAB,2130,1203,927,771,1326,33,0,ITH,ITH1,4,Provincia Autonoma Bolzano / Bozen,P.A. Bolzano,533050,25579,4.8,0.4
3734,2021-05-20,PAB,4975,2502,2473,3340,1480,155,0,ITH,ITH1,4,Provincia Autonoma Bolzano / Bozen,P.A. Bolzano,533050,30554,5.73,0.93
3735,2021-08-11,PAB,1207,608,599,670,487,50,0,ITH,ITH1,4,Provincia Autonoma Bolzano / Bozen,P.A. Bolzano,533050,31761,5.96,0.23
3736,2021-08-28,PAB,3274,1840,1434,1021,2214,39,0,ITH,ITH1,4,Provincia Autonoma Bolzano / Bozen,P.A. Bolzano,533050,35035,6.57,0.61
3737,2021-09-11,PAB,964,529,435,348,588,28,0,ITH,ITH1,4,Provincia Autonoma Bolzano / Bozen,P.A. Bolzano,533050,35999,6.75,0.18
3738,2021-07-16,PAB,4513,2449,2064,1029,3319,165,0,ITH,ITH1,4,Provincia Autonoma Bolzano / Bozen,P.A. Bolzano,533050,40512,7.6,0.85
3739,2021-04-24,PAB,5119,2458,2661,4303,488,328,0,ITH,ITH1,4,Provincia Autonoma Bolzano / Bozen,P.A. Bolzano,533050,45631,8.56,0.96
3740,2021-08-02,PAB,2133,1278,855,1162,875,96,0,ITH,ITH1,4,Provincia Autonoma Bolzano / Bozen,P.A. Bolzano,533050,47764,8.96,0.4
3741,2021-07-14,PAB,873,453,420,458,361,54,0,ITH,ITH1,4,Provincia Autonoma Bolzano / Bozen,P.A. Bolzano,533050,48637,9.12,0.16
3742,2021-04-05,PAB,304,147,157,23,280,1,0,ITH,ITH1,4,Provincia Autonoma Bolzano / Bozen,P.A. Bolzano,533050,48941,9.18,0.06
3743,2021-06-27,PAB,4429,2315,2114,567,3810,52,0,ITH,ITH1,4,Provincia Autonoma Bolzano / Bozen,P.A. Bolzano,533050,53370,10.01,0.83
3744,2021-06-06,PAB,4553,2189,2364,809,3693,51,0,ITH,ITH1,4,Provincia Autonoma Bolzano / Bozen,P.A. Bolzano,533050,57923,10.87,0.85
3745,2021-02-26,PAB,1528,551,977,1471,30,27,0,ITH,ITH1,4,Provincia Autonoma Bolzano / Bozen,P.A. Bolzano,533050,59451,11.15,0.29
3746,2021-09-09,PAB,1686,852,834,685,964,37,0,ITH,ITH1,4,Provincia Autonoma Bolzano / Bozen,P.A. Bolzano,533050,61137,11.47,0.32
3747,2021-06-01,PAB,3677,2385,1292,2053,1479,145,0,ITH,ITH1,4,Provincia Autonoma Bolzano / Bozen,P.A. Bolzano,533050,64814,12.16,0.69
3748,2021-01-26,PAB,810,291,519,1,809,0,0,ITH,ITH1,4,Provincia Autonoma Bolzano / Bozen,P.A. Bolzano,533050,65624,12.31,0.15
3749,2021-07-02,PAB,3203,1659,1544,843,2172,188,0,ITH,ITH1,4,Provincia Autonoma Bolzano / Bozen,P.A. Bolzano,533050,68827,12.91,0.6
3750,2021-03-24,PAB,2068,1003,1065,2002,13,53,0,ITH,ITH1,4,Provincia Autonoma Bolzano / Bozen,P.A. Bolzano,533050,70895,13.3,0.39
3751,2021-08-09,PAB,1543,863,680,1066,413,64,0,ITH,ITH1,4,Provincia Autonoma Bolzano / Bozen,P.A. Bolzano,533050,72438,13.59,0.29
3752,2021-05-01,PAB,2105,1067,1038,1812,160,133,0,ITH,ITH1,4,Provincia Autonoma Bolzano / Bozen,P.A. Bolzano,533050,74543,13.98,0.39
3753,2021-07-28,PAB,1439,785,654,841,497,101,0,ITH,ITH1,4,Provincia Autonoma Bolzano / Bozen,P.A. Bolzano,533050,75982,14.25,0.27
3754,2021-04-17,PAB,5255,2609,2646,4966,44,245,0,ITH,ITH1,4,Provincia Autonoma Bolzano / Bozen,P.A. Bolzano,533050,81237,15.24,0.99
3755,2021-01-07,PAB,921,329,592,921,0,0,0,ITH,ITH1,4,Provincia Autonoma Bolzano / Bozen,P.A. Bolzano,533050,82158,15.41,0.17
3756,2021-07-21,PAB,3221,1883,1338,509,2645,67,0,ITH,ITH1,4,Provincia Autonoma Bolzano / Bozen,P.A. Bolzano,533050,85379,16.02,0.6
3757,2021-01-24,PAB,12,10,2,0,12,0,0,ITH,ITH1,4,Provincia Autonoma Bolzano / Bozen,P.A. Bolzano,533050,85391,16.02,0.0
3758,2021-07-04,PAB,4424,2132,2292,155,4236,33,0,ITH,ITH1,4,Provincia Autonoma Bolzano / Bozen,P.A. Bolzano,533050,89815,16.85,0.83
3759,2021-08-30,PAB,2145,1129,1016,816,1294,35,0,ITH,ITH1,4,Provincia Autonoma Bolzano / Bozen,P.A. Bolzano,533050,91960,17.25,0.4
3760,2021-09-04,PAB,1359,715,644,572,748,39,0,ITH,ITH1,4,Provincia Autonoma Bolzano / Bozen,P.A. Bolzano,533050,93319,17.51,0.25
3761,2021-03-05,PAB,1843,627,1216,1386,443,14,0,ITH,ITH1,4,Provincia Autonoma Bolzano / Bozen,P.A. Bolzano,533050,95162,17.85,0.35
3762,2021-05-27,PAB,6215,3279,2936,3887,2017,311,0,ITH,ITH1,4,Provincia Autonoma Bolzano / Bozen,P.A. Bolzano,533050,101377,19.02,1.17
3763,2021-06-13,PAB,3691,2057,1634,452,3199,40,0,ITH,ITH1,4,Provincia Autonoma Bolzano / Bozen,P.A. Bolzano,533050,105068,19.71,0.69
3764,2021-05-25,PAB,3898,2024,1874,2903,888,107,0,ITH,ITH1,4,Provincia Autonoma Bolzano / Bozen,P.A. Bolzano,533050,108966,20.44,0.73
3765,2021-02-14,PAB,299,131,168,297,2,0,0,ITH,ITH1,4,Provincia Autonoma Bolzano / Bozen,P.A. Bolzano,533050,109265,20.5,0.06
3766,2021-01-12,PAB,1712,461,1251,1712,0,0,0,ITH,ITH1,4,Provincia Autonoma Bolzano / Bozen,P.A. Bolzano,533050,110977,20.82,0.32
3767,2021-07-09,PAB,5235,2615,2620,887,4174,174,0,ITH,ITH1,4,Provincia Autonoma Bolzano / Bozen,P.A. Bolzano,533050,116212,21.8,0.98
3768,2021-03-31,PAB,1836,696,1140,729,1014,93,0,ITH,ITH1,4,Provincia Autonoma Bolzano / Bozen,P.A. Bolzano,533050,118048,22.15,0.34
3769,2021-07-23,PAB,4359,2377,1982,1667,2391,301,0,ITH,ITH1,4,Provincia Autonoma Bolzano / Bozen,P.A. Bolzano,533050,122407,22.96,0.82
3770,2021-02-19,PAB,2252,512,1740,2193,11,48,0,ITH,ITH1,4,Provincia Autonoma Bolzano / Bozen,P.A. Bolzano,533050,124659,23.39,0.42
3771,2021-09-18,PAB,1287,704,583,631,656,0,0,ITH,ITH1,4,Provincia Autonoma Bolzano / Bozen,P.A. Bolzano,533050,125946,23.63,0.24
3772,2021-03-10,PAB,1277,537,740,1083,144,50,0,ITH,ITH1,4,Provincia Autonoma Bolzano / Bozen,P.A. Bolzano,533050,127223,23.87,0.24
3773,2021-05-06,PAB,5191,2752,2439,2365,2571,255,0,ITH,ITH1,4,Provincia Autonoma Bolzano / Bozen,P.A. Bolzano,533050,132414,24.84,0.97
3774,2021-03-17,PAB,582,213,369,546,1,35,0,ITH,ITH1,4,Provincia Autonoma Bolzano / Bozen,P.A. Bolzano,533050,132996,24.95,0.11
3775,2021-08-21,PAB,1705,917,788,588,1075,42,0,ITH,ITH1,4,Provincia Autonoma Bolzano / Bozen,P.A. Bolzano,533050,134701,25.27,0.32
3776,2021-05-13,PAB,3005,1360,1645,1020,1934,51,0,ITH,ITH1,4,Provincia Autonoma Bolzano / Bozen,P.A. Bolzano,533050,137706,25.83,0.56
3777,2021-03-12,PAB,1669,737,932,1223,413,33,0,ITH,ITH1,4,Provincia Autonoma Bolzano / Bozen,P.A. Bolzano,533050,139375,26.15,0.31
3778,2021-03-29,PAB,1173,500,673,391,761,21,0,ITH,ITH1,4,Provincia Autonoma Bolzano / Bozen,P.A. Bolzano,533050,140548,26.37,0.22
3779,2021-08-08,PAB,1878,1026,852,952,857,69,0,ITH,ITH1,4,Provincia Autonoma Bolzano / Bozen,P.A. Bolzano,533050,142426,26.72,0.35
3780,2021-04-12,PAB,2110,948,1162,2030,6,74,0,ITH,ITH1,4,Provincia Autonoma Bolzano / Bozen,P.A. Bolzano,533050,144536,27.11,0.4
3781,2021-03-07,PAB,440,150,290,19,420,1,0,ITH,ITH1,4,Provincia Autonoma Bolzano / Bozen,P.A. Bolzano,533050,144976,27.2,0.08
3782,2021-07-30,PAB,5303,2844,2459,3325,1543,435,0,ITH,ITH1,4,Provincia Autonoma Bolzano / Bozen,P.A. Bolzano,533050,150279,28.19,0.99
3783,2021-04-21,PAB,3017,1470,1547,2038,849,130,0,ITH,ITH1,4,Provincia Autonoma Bolzano / Bozen,P.A. Bolzano,533050,153296,28.76,0.57
3784,2021-05-15,PAB,7022,3698,3324,6324,294,404,0,ITH,ITH1,4,Provincia Autonoma Bolzano / Bozen,P.A. Bolzano,533050,160318,30.08,1.32
3785,2021-02-04,PAB,1968,598,1370,8,1960,0,0,ITH,ITH1,4,Provincia Autonoma Bolzano / Bozen,P.A. Bolzano,533050,162286,30.44,0.37
3786,2021-07-11,PAB,6077,3096,2981,1056,4881,140,0,ITH,ITH1,4,Provincia Autonoma Bolzano / Bozen,P.A. Bolzano,533050,168363,31.58,1.14
3787,2021-04-02,PAB,2090,841,1249,590,1357,143,0,ITH,ITH1,4,Provincia Autonoma Bolzano / Bozen,P.A. Bolzano,533050,170453,31.98,0.39
3788,2021-09-06,PAB,1130,582,548,567,534,29,0,ITH,ITH1,4,Provincia Autonoma Bolzano / Bozen,P.A. Bolzano,533050,171583,32.19,0.21
3789,2021-05-29,PAB,7341,3908,3433,4030,3144,167,0,ITH,ITH1,4,Provincia Autonoma Bolzano / Bozen,P.A. Bolzano,533050,178924,33.57,1.38
3790,2021-08-16,PAB,1966,1116,850,822,1086,58,0,ITH,ITH1,4,Provincia Autonoma Bolzano / Bozen,P.A. Bolzano,533050,180890,33.93,0.37
3791,2021-05-08,PAB,4430,2383,2047,3565,664,201,0,ITH,ITH1,4,Provincia Autonoma Bolzano / Bozen,P.A. Bolzano,533050,185320,34.77,0.83
3792,2021-03-03,PAB,1181,395,786,1162,13,6,0,ITH,ITH1,4,Provincia Autonoma Bolzano / Bozen,P.A. Bolzano,533050,186501,34.99,0.22
3793,2021-08-20,PAB,3930,2072,1858,874,2972,84,0,ITH,ITH1,4,Provincia Autonoma Bolzano / Bozen,P.A. Bolzano,533050,190431,35.72,0.74
3794,2021-06-29,PAB,1894,1021,873,245,1627,22,0,ITH,ITH1,4,Provincia Autonoma Bolzano / Bozen,P.A. Bolzano,533050,192325,36.08,0.36
3795,2021-03-21,PAB,769,286,483,14,754,1,0,ITH,ITH1,4,Provincia Autonoma Bolzano / Bozen,P.A. Bolzano,533050,193094,36.22,0.14
3796,2021-06-12,PAB,5079,2754,2325,1647,3289,143,0,ITH,ITH1,4,Provincia Autonoma Bolzano / Bozen,P.A. Bolzano,533050,198173,37.18,0.95
3797,2021-01-14,PAB,1953,578,1375,1953,0,0,0,ITH,ITH1,4,Provincia Autonoma Bolzano / Bozen,P.A. Bolzano,533050,200126,37.54,0.37
3798,2021-04-07,PAB,1803,825,978,1171,541,91,0,ITH,ITH1,4,Provincia Autonoma Bolzano / Bozen,P.A. Bolzano,533050,201929,37.88,0.34
3799,2021-01-05,PAB,830,286,544,829,0,1,0,ITH,ITH1,4,Provincia Autonoma Bolzano / Bozen,P.A. Bolzano,533050,202759,38.04,0.16
3800,2021-01-23,PAB,197,117,80,0,197,0,0,ITH,ITH1,4,Provincia Autonoma Bolzano / Bozen,P.A. Bolzano,533050,202956,38.07,0.04
3801,2021-08-25,PAB,2747,1460,1287,778,1917,52,0,ITH,ITH1,4,Provincia Autonoma Bolzano / Bozen,P.A. Bolzano,533050,205703,38.59,0.52
3802,2021-05-03,PAB,1838,851,987,398,1419,21,0,ITH,ITH1,4,Provincia Autonoma Bolzano / Bozen,P.A. Bolzano,533050,207541,38.93,0.34
3803,2021-02-23,PAB,769,324,445,760,6,3,0,ITH,ITH1,4,Provincia Autonoma Bolzano / Bozen,P.A. Bolzano,533050,208310,39.08,0.14
3804,2021-05-17,PAB,3154,1525,1629,2279,697,178,0,ITH,ITH1,4,Provincia Autonoma Bolzano / Bozen,P.A. Bolzano,533050,211464,39.67,0.59
3805,2021-06-03,PAB,4897,2666,2231,3683,973,241,0,ITH,ITH1,4,Provincia Autonoma Bolzano / Bozen,P.A. Bolzano,533050,216361,40.59,0.92
3806,2021-06-24,PAB,3946,2042,1904,1552,2204,190,0,ITH,ITH1,4,Provincia Autonoma Bolzano / Bozen,P.A. Bolzano,533050,220307,41.33,0.74
3807,2021-01-09,PAB,612,326,286,612,0,0,0,ITH,ITH1,4,Provincia Autonoma Bolzano / Bozen,P.A. Bolzano,533050,220919,41.44,0.11
3808,2021-04-29,PAB,2643,1358,1285,1749,699,195,0,ITH,ITH1,4,Provincia Autonoma Bolzano / Bozen,P.A. Bolzano,533050,223562,41.94,0.5
3809,2021-01-19,PAB,853,371,482,723,130,0,0,ITH,ITH1,4,Provincia Autonoma Bolzano / Bozen,P.A. Bolzano,533050,224415,42.1,0.16
3810,2021-06-25,PAB,4179,2308,1871,1019,3014,146,0,ITH,ITH1,4,Provincia Autonoma Bolzano / Bozen,P.A. Bolzano,533050,228594,42.88,0.78
3811,2021-02-09,PAB,317,126,191,1,316,0,0,ITH,ITH1,4,Provincia Autonoma Bolzano / Bozen,P.A. Bolzano,533050,228911,42.94,0.06
3812,2021-09-08,PAB,517,274,243,248,261,8,0,ITH,ITH1,4,Provincia Autonoma Bolzano / Bozen,P.A. Bolzano,533050,229428,43.04,0.1
3813,2021-01-21,PAB,969,452,517,140,829,0,0,ITH,ITH1,4,Provincia Autonoma Bolzano / Bozen,P.A. Bolzano,533050,230397,43.22,0.18
3814,2021-07-25,PAB,1893,1127,766,660,1146,87,0,ITH,ITH1,4,Provincia Autonoma Bolzano / Bozen,P.A. Bolzano,533050,232290,43.58,0.36
3815,2021-03-26,PAB,1663,737,926,506,1136,21,0,ITH,ITH1,4,Provincia Autonoma Bolzano / Bozen,P.A. Bolzano,533050,233953,43.89,0.31
3816,2021-04-09,PAB,2942,1303,1639,1946,730,266,0,ITH,ITH1,4,Provincia Autonoma Bolzano / Bozen,P.A. Bolzano,533050,236895,44.44,0.55
3817,2021-05-22,PAB,6844,3572,3272,4462,2169,213,0,ITH,ITH1,4,Provincia Autonoma Bolzano / Bozen,P.A. Bolzano,533050,243739,45.73,1.28
3818,2021-02-11,PAB,1096,433,663,238,857,1,0,ITH,ITH1,4,Provincia Autonoma Bolzano / Bozen,P.A. Bolzano,533050,244835,45.93,0.21
3819,2021-07-18,PAB,1872,1034,838,637,1150,85,0,ITH,ITH1,4,Provincia Autonoma Bolzano / Bozen,P.A. Bolzano,533050,246707,46.28,0.35
3820,2021-09-17,PAB,2022,1051,971,613,1409,0,0,ITH,ITH1,4,Provincia Autonoma Bolzano / Bozen,P.A. Bolzano,533050,248729,46.66,0.38
3821,2021-05-10,PAB,3029,1306,1723,1337,1611,81,0,ITH,ITH1,4,Provincia Autonoma Bolzano / Bozen,P.A. Bolzano,533050,251758,47.23,0.57
3822,2021-08-01,PAB,1319,760,559,696,551,72,0,ITH,ITH1,4,Provincia Autonoma Bolzano / Bozen,P.A. Bolzano,533050,253077,47.48,0.25
3823,2021-08-18,PAB,881,461,420,356,498,27,0,ITH,ITH1,4,Provincia Autonoma Bolzano / Bozen,P.A. Bolzano,533050,253958,47.64,0.17
3824,2021-03-02,PAB,696,200,496,694,2,0,0,ITH,ITH1,4,Provincia Autonoma Bolzano / Bozen,P.A. Bolzano,533050,254654,47.77,0.13
3825,2021-03-19,PAB,1921,777,1144,754,1120,47,0,ITH,ITH1,4,Provincia Autonoma Bolzano / Bozen,P.A. Bolzano,533050,256575,48.13,0.36
3826,2021-09-20,PAB,1221,632,589,846,375,0,0,ITH,ITH1,4,Provincia Autonoma Bolzano / Bozen,P.A. Bolzano,533050,257796,48.36,0.23
3827,2021-07-06,PAB,1724,926,798,666,983,75,0,ITH,ITH1,4,Provincia Autonoma Bolzano / Bozen,P.A. Bolzano,533050,259520,48.69,0.32
3828,2021-06-22,PAB,2471,1423,1048,315,2126,30,0,ITH,ITH1,4,Provincia Autonoma Bolzano / Bozen,P.A. Bolzano,533050,261991,49.15,0.46
3829,2021-03-14,PAB,758,336,422,24,733,1,0,ITH,ITH1,4,Provincia Autonoma Bolzano / Bozen,P.A. Bolzano,533050,262749,49.29,0.14
3830,2021-04-14,PAB,3603,1650,1953,3232,95,276,0,ITH,ITH1,4,Provincia Autonoma Bolzano / Bozen,P.A. Bolzano,533050,266352,49.97,0.68
3831,2021-01-04,PAB,510,201,309,510,0,0,0,ITH,ITH1,4,Provincia Autonoma Bolzano / Bozen,P.A. Bolzano,533050,266862,50.06,0.1
3832,2021-06-17,PAB,1773,982,791,617,1078,78,0,ITH,ITH1,4,Provincia Autonoma Bolzano / Bozen,P.A. Bolzano,533050,268635,50.4,0.33
3833,2021-01-02,PAB,91,48,43,91,0,0,0,ITH,ITH1,4,Provincia Autonoma Bolzano / Bozen,P.A. Bolzano,533050,268726,50.41,0.02
3834,2021-06-26,PAB,4548,2331,2217,1350,3077,121,0,ITH,ITH1,4,Provincia Autonoma Bolzano / Bozen,P.A. Bolzano,533050,273274,51.27,0.85
3835,2021-09-13,PAB,1171,643,528,669,453,49,0,ITH,ITH1,4,Provincia Autonoma Bolzano / Bozen,P.A. Bolzano,533050,274445,51.49,0.22
3836,2021-06-05,PAB,6087,3035,3052,4686,1097,304,0,ITH,ITH1,4,Provincia Autonoma Bolzano / Bozen,P.A. Bolzano,533050,280532,52.63,1.14
3837,2021-08-27,PAB,2733,1419,1314,911,1729,93,0,ITH,ITH1,4,Provincia Autonoma Bolzano / Bozen,P.A. Bolzano,533050,283265,53.14,0.51
3838,2021-04-30,PAB,3348,1599,1749,1437,1778,133,0,ITH,ITH1,4,Provincia Autonoma Bolzano / Bozen,P.A. Bolzano,533050,286613,53.77,0.63
3839,2021-01-20,PAB,619,254,365,410,209,0,0,ITH,ITH1,4,Provincia Autonoma Bolzano / Bozen,P.A. Bolzano,533050,287232,53.88,0.12
3840,2021-07-22,PAB,3736,1941,1795,1691,1790,255,0,ITH,ITH1,4,Provincia Autonoma Bolzano / Bozen,P.A. Bolzano,533050,290968,54.59,0.7
3841,2021-01-06,PAB,59,18,41,59,0,0,0,ITH,ITH1,4,Provincia Autonoma Bolzano / Bozen,P.A. Bolzano,533050,291027,54.6,0.01
3842,2021-07-13,PAB,3386,1734,1652,1282,1931,173,0,ITH,ITH1,4,Provincia Autonoma Bolzano / Bozen,P.A. Bolzano,533050,294413,55.23,0.64
3843,2021-02-02,PAB,1752,509,1243,8,1744,0,0,ITH,ITH1,4,Provincia Autonoma Bolzano / Bozen,P.A. Bolzano,533050,296165,55.56,0.33
3844,2021-07-20,PAB,3134,1730,1404,1351,1524,259,0,ITH,ITH1,4,Provincia Autonoma Bolzano / Bozen,P.A. Bolzano,533050,299299,56.15,0.59
3845,2021-02-18,PAB,1838,457,1381,1810,7,21,0,ITH,ITH1,4,Provincia Autonoma Bolzano / Bozen,P.A. Bolzano,533050,301137,56.49,0.34
3846,2021-07-29,PAB,1342,719,623,696,570,76,0,ITH,ITH1,4,Provincia Autonoma Bolzano / Bozen,P.A. Bolzano,533050,302479,56.74,0.25
3847,2021-02-16,PAB,530,205,325,529,0,1,0,ITH,ITH1,4,Provincia Autonoma Bolzano / Bozen,P.A. Bolzano,533050,303009,56.84,0.1
3848,2021-01-28,PAB,872,309,563,9,863,0,0,ITH,ITH1,4,Provincia Autonoma Bolzano / Bozen,P.A. Bolzano,533050,303881,57.01,0.16
3849,2021-07-01,PAB,4640,2305,2335,1291,3167,182,0,ITH,ITH1,4,Provincia Autonoma Bolzano / Bozen,P.A. Bolzano,533050,308521,57.88,0.87
3850,2021-03-04,PAB,1723,1011,712,1455,229,39,0,ITH,ITH1,4,Provincia Autonoma Bolzano / Bozen,P.A. Bolzano,533050,310244,58.2,0.32
3851,2021-09-05,PAB,1083,574,509,627,424,32,0,ITH,ITH1,4,Provincia Autonoma Bolzano / Bozen,P.A. Bolzano,533050,311327,58.4,0.2
3852,2021-03-18,PAB,1302,531,771,216,1076,10,0,ITH,ITH1,4,Provincia Autonoma Bolzano / Bozen,P.A. Bolzano,533050,312629,58.65,0.24
3853,2021-08-22,PAB,994,547,447,293,685,16,0,ITH,ITH1,4,Provincia Autonoma Bolzano / Bozen,P.A. Bolzano,533050,313623,58.84,0.19
3854,2021-05-14,PAB,5146,2323,2823,2897,2044,205,0,ITH,ITH1,4,Provincia Autonoma Bolzano / Bozen,P.A. Bolzano,533050,318769,59.8,0.97
3855,2021-03-16,PAB,1290,532,758,116,1166,8,0,ITH,ITH1,4,Provincia Autonoma Bolzano / Bozen,P.A. Bolzano,533050,320059,60.04,0.24
3856,2021-05-12,PAB,3805,2063,1742,3410,154,241,0,ITH,ITH1,4,Provincia Autonoma Bolzano / Bozen,P.A. Bolzano,533050,323864,60.76,0.71
3857,2021-02-01,PAB,1467,448,1019,13,1453,1,0,ITH,ITH1,4,Provincia Autonoma Bolzano / Bozen,P.A. Bolzano,533050,325331,61.03,0.28
3858,2021-09-15,PAB,622,331,291,214,400,8,0,ITH,ITH1,4,Provincia Autonoma Bolzano / Bozen,P.A. Bolzano,533050,325953,61.15,0.12
3859,2021-09-01,PAB,1062,507,555,587,454,21,0,ITH,ITH1,4,Provincia Autonoma Bolzano / Bozen,P.A. Bolzano,533050,327015,61.35,0.2
3860,2021-09-03,PAB,3230,1709,1521,1054,2113,63,0,ITH,ITH1,4,Provincia Autonoma Bolzano / Bozen,P.A. Bolzano,533050,330245,61.95,0.61
3861,2021-05-26,PAB,5020,2537,2483,2857,1979,184,0,ITH,ITH1,4,Provincia Autonoma Bolzano / Bozen,P.A. Bolzano,533050,335265,62.9,0.94
3862,2021-08-17,PAB,1251,690,561,790,391,70,0,ITH,ITH1,4,Provincia Autonoma Bolzano / Bozen,P.A. Bolzano,533050,336516,63.13,0.23
3863,2020-12-30,PAB,389,183,206,389,0,0,0,ITH,ITH1,4,Provincia Autonoma Bolzano / Bozen,P.A. Bolzano,533050,336905,63.2,0.07
3864,2021-09-10,PAB,1638,868,770,731,854,53,0,ITH,ITH1,4,Provincia Autonoma Bolzano / Bozen,P.A. Bolzano,533050,338543,63.51,0.31
3865,2021-06-09,PAB,3870,1919,1951,1263,2498,109,0,ITH,ITH1,4,Provincia Autonoma Bolzano / Bozen,P.A. Bolzano,533050,342413,64.24,0.73
3866,2021-03-01,PAB,925,224,701,889,1,35,0,ITH,ITH1,4,Provincia Autonoma Bolzano / Bozen,P.A. Bolzano,533050,343338,64.41,0.17
3867,2021-08-05,PAB,3473,1888,1585,1771,1581,121,0,ITH,ITH1,4,Provincia Autonoma Bolzano / Bozen,P.A. Bolzano,533050,346811,65.06,0.65
3868,2021-03-30,PAB,1302,532,770,205,1082,15,0,ITH,ITH1,4,Provincia Autonoma Bolzano / Bozen,P.A. Bolzano,533050,348113,65.31,0.24
3869,2021-04-16,PAB,2958,1424,1534,2283,512,163,0,ITH,ITH1,4,Provincia Autonoma Bolzano / Bozen,P.A. Bolzano,533050,351071,65.86,0.55
3870,2021-04-25,PAB,3078,1501,1577,2281,672,125,0,ITH,ITH1,4,Provincia Autonoma Bolzano / Bozen,P.A. Bolzano,533050,354149,66.44,0.58
3871,2021-08-03,PAB,2953,1587,1366,1928,840,185,0,ITH,ITH1,4,Provincia Autonoma Bolzano / Bozen,P.A. Bolzano,533050,357102,66.99,0.55
3872,2021-01-13,PAB,1727,569,1158,1727,0,0,0,ITH,ITH1,4,Provincia Autonoma Bolzano / Bozen,P.A. Bolzano,533050,358829,67.32,0.32
3873,2021-01-30,PAB,498,245,253,4,494,0,0,ITH,ITH1,4,Provincia Autonoma Bolzano / Bozen,P.A. Bolzano,533050,359327,67.41,0.09
3874,2021-02-06,PAB,2635,1178,1457,19,2616,0,0,ITH,ITH1,4,Provincia Autonoma Bolzano / Bozen,P.A. Bolzano,533050,361962,67.9,0.49
3875,2021-06-21,PAB,3168,1615,1553,259,2868,41,0,ITH,ITH1,4,Provincia Autonoma Bolzano / Bozen,P.A. Bolzano,533050,365130,68.5,0.59
3876,2021-09-12,PAB,262,145,117,128,124,10,0,ITH,ITH1,4,Provincia Autonoma Bolzano / Bozen,P.A. Bolzano,533050,365392,68.55,0.05
3877,2021-08-29,PAB,871,480,391,356,498,17,0,ITH,ITH1,4,Provincia Autonoma Bolzano / Bozen,P.A. Bolzano,533050,366263,68.71,0.16
3878,2021-03-09,PAB,1194,543,651,1164,2,28,0,ITH,ITH1,4,Provincia Autonoma Bolzano / Bozen,P.A. Bolzano,533050,367457,68.93,0.22
3879,2021-03-15,PAB,1196,452,744,697,484,15,0,ITH,ITH1,4,Provincia Autonoma Bolzano / Bozen,P.A. Bolzano,533050,368653,69.16,0.22
3880,2021-04-27,PAB,2235,1015,1220,1063,1079,93,0,ITH,ITH1,4,Provincia Autonoma Bolzano / Bozen,P.A. Bolzano,533050,370888,69.58,0.42
3881,2021-01-17,PAB,2329,1044,1285,2318,11,0,0,ITH,ITH1,4,Provincia Autonoma Bolzano / Bozen,P.A. Bolzano,533050,373217,70.02,0.44
3882,2021-06-23,PAB,1153,595,558,332,768,53,0,ITH,ITH1,4,Provincia Autonoma Bolzano / Bozen,P.A. Bolzano,533050,374370,70.23,0.22
3883,2021-05-31,PAB,3068,1514,1554,2080,868,120,0,ITH,ITH1,4,Provincia Autonoma Bolzano / Bozen,P.A. Bolzano,533050,377438,70.81,0.58
3884,2021-01-01,PAB,6,5,1,6,0,0,0,ITH,ITH1,4,Provincia Autonoma Bolzano / Bozen,P.A. Bolzano,533050,377444,70.81,0.0
3885,2021-06-07,PAB,2987,1554,1433,2515,324,148,0,ITH,ITH1,4,Provincia Autonoma Bolzano / Bozen,P.A. Bolzano,533050,380431,71.37,0.56
3886,2021-02-27,PAB,2458,759,1699,2414,10,34,0,ITH,ITH1,4,Provincia Autonoma Bolzano / Bozen,P.A. Bolzano,533050,382889,71.83,0.46
3887,2021-06-14,PAB,2984,1617,1367,571,2361,52,0,ITH,ITH1,4,Provincia Autonoma Bolzano / Bozen,P.A. Bolzano,533050,385873,72.39,0.56
3888,2021-09-22,PAB,1177,597,580,428,746,0,3,ITH,ITH1,4,Provincia Autonoma Bolzano / Bozen,P.A. Bolzano,533050,387050,72.61,0.22
3889,2021-07-08,PAB,5514,2785,2729,533,4889,92,0,ITH,ITH1,4,Provincia Autonoma Bolzano / Bozen,P.A. Bolzano,533050,392564,73.64,1.03
3890,2021-06-19,PAB,5671,3022,2649,553,5043,75,0,ITH,ITH1,4,Provincia Autonoma Bolzano / Bozen,P.A. Bolzano,533050,398235,74.71,1.06
3891,2021-03-11,PAB,1691,830,861,1104,538,49,0,ITH,ITH1,4,Provincia Autonoma Bolzano / Bozen,P.A. Bolzano,533050,399926,75.03,0.32
3892,2021-02-25,PAB,1498,549,949,1488,1,9,0,ITH,ITH1,4,Provincia Autonoma Bolzano / Bozen,P.A. Bolzano,533050,401424,75.31,0.28
3893,2021-06-02,PAB,1468,824,644,973,459,36,0,ITH,ITH1,4,Provincia Autonoma Bolzano / Bozen,P.A. Bolzano,533050,402892,75.58,0.28
3894,2021-02-08,PAB,2,1,1,1,1,0,0,ITH,ITH1,4,Provincia Autonoma Bolzano / Bozen,P.A. Bolzano,533050,402894,75.58,0.0
3895,2021-03-28,PAB,569,212,357,11,558,0,0,ITH,ITH1,4,Provincia Autonoma Bolzano / Bozen,P.A. Bolzano,533050,403463,75.69,0.11
3896,2021-08-10,PAB,1852,1017,835,1421,281,150,0,ITH,ITH1,4,Provincia Autonoma Bolzano / Bozen,P.A. Bolzano,533050,405315,76.04,0.35
3897,2021-04-23,PAB,4554,2157,2397,3054,1293,207,0,ITH,ITH1,4,Provincia Autonoma Bolzano / Bozen,P.A. Bolzano,533050,409869,76.89,0.85
3898,2021-01-11,PAB,1594,522,1072,1594,0,0,0,ITH,ITH1,4,Provincia Autonoma Bolzano / Bozen,P.A. Bolzano,533050,411463,77.19,0.3
3899,2021-07-15,PAB,4397,2320,2077,1450,2703,244,0,ITH,ITH1,4,Provincia Autonoma Bolzano / Bozen,P.A. Bolzano,533050,415860,78.02,0.82
3900,2021-04-06,PAB,2254,1120,1134,1947,102,205,0,ITH,ITH1,4,Provincia Autonoma Bolzano / Bozen,P.A. Bolzano,533050,418114,78.44,0.42
3901,2021-05-23,PAB,4343,2305,2038,4134,8,201,0,ITH,ITH1,4,Provincia Autonoma Bolzano / Bozen,P.A. Bolzano,533050,422457,79.25,0.81
3902,2021-07-19,PAB,2784,1397,1387,609,2048,127,0,ITH,ITH1,4,Provincia Autonoma Bolzano / Bozen,P.A. Bolzano,533050,425241,79.78,0.52
3903,2021-02-03,PAB,1508,480,1028,5,1503,0,0,ITH,ITH1,4,Provincia Autonoma Bolzano / Bozen,P.A. Bolzano,533050,426749,80.06,0.28
3904,2021-02-10,PAB,1637,605,1032,26,1610,1,0,ITH,ITH1,4,Provincia Autonoma Bolzano / Bozen,P.A. Bolzano,533050,428386,80.37,0.31
3905,2021-08-31,PAB,2032,1096,936,744,1260,28,0,ITH,ITH1,4,Provincia Autonoma Bolzano / Bozen,P.A. Bolzano,533050,430418,80.75,0.38
3906,2021-02-13,PAB,318,79,239,310,6,2,0,ITH,ITH1,4,Provincia Autonoma Bolzano / Bozen,P.A. Bolzano,533050,430736,80.81,0.06
3907,2021-04-11,PAB,2734,1301,1433,2458,178,98,0,ITH,ITH1,4,Provincia Autonoma Bolzano / Bozen,P.A. Bolzano,533050,433470,81.32,0.51
3908,2021-05-24,PAB,1459,769,690,1051,335,73,0,ITH,ITH1,4,Provincia Autonoma Bolzano / Bozen,P.A. Bolzano,533050,434929,81.59,0.27
3909,2021-02-20,PAB,1802,540,1262,1755,18,29,0,ITH,ITH1,4,Provincia Autonoma Bolzano / Bozen,P.A. Bolzano,533050,436731,81.93,0.34
3910,2021-07-27,PAB,3158,1886,1272,882,2181,95,0,ITH,ITH1,4,Provincia Autonoma Bolzano / Bozen,P.A. Bolzano,533050,439889,82.52,0.59
3911,2021-04-20,PAB,1565,785,780,1487,3,75,0,ITH,ITH1,4,Provincia Autonoma Bolzano / Bozen,P.A. Bolzano,533050,441454,82.82,0.29
3912,2021-01-10,PAB,2,2,0,2,0,0,0,ITH,ITH1,4,Provincia Autonoma Bolzano / Bozen,P.A. Bolzano,533050,441456,82.82,0.0
3913,2021-06-16,PAB,3824,2028,1796,11,3808,5,0,ITH,ITH1,4,Provincia Autonoma Bolzano / Bozen,P.A. Bolzano,533050,445280,83.53,0.72
3914,2021-03-08,PAB,1213,535,678,1163,27,23,0,ITH,ITH1,4,Provincia Autonoma Bolzano / Bozen,P.A. Bolzano,533050,446493,83.76,0.23
3915,2021-08-12,PAB,3365,1724,1641,582,2711,72,0,ITH,ITH1,4,Provincia Autonoma Bolzano / Bozen,P.A. Bolzano,533050,449858,84.39,0.63
3916,2021-05-04,PAB,3453,1845,1608,2263,1038,152,0,ITH,ITH1,4,Provincia Autonoma Bolzano / Bozen,P.A. Bolzano,533050,453311,85.04,0.65
3917,2021-02-15,PAB,72,42,30,23,46,3,0,ITH,ITH1,4,Provincia Autonoma Bolzano / Bozen,P.A. Bolzano,533050,453383,85.05,0.01
3918,2021-08-19,PAB,1751,967,784,1047,614,90,0,ITH,ITH1,4,Provincia Autonoma Bolzano / Bozen,P.A. Bolzano,533050,455134,85.38,0.33
3919,2021-05-11,PAB,2855,1339,1516,1256,1523,76,0,ITH,ITH1,4,Provincia Autonoma Bolzano / Bozen,P.A. Bolzano,533050,457989,85.92,0.54
3920,2021-07-31,PAB,3169,1721,1448,2071,924,174,0,ITH,ITH1,4,Provincia Autonoma Bolzano / Bozen,P.A. Bolzano,533050,461158,86.51,0.59
3921,2021-01-29,PAB,1515,518,997,24,1491,0,0,ITH,ITH1,4,Provincia Autonoma Bolzano / Bozen,P.A. Bolzano,533050,462673,86.8,0.28
3922,2021-04-22,PAB,2939,1512,1427,1872,942,125,0,ITH,ITH1,4,Provincia Autonoma Bolzano / Bozen,P.A. Bolzano,533050,465612,87.35,0.55
3923,2021-05-19,PAB,3888,1997,1891,1959,1789,140,0,ITH,ITH1,4,Provincia Autonoma Bolzano / Bozen,P.A. Bolzano,533050,469500,88.08,0.73
3924,2021-01-03,PAB,41,16,25,41,0,0,0,ITH,ITH1,4,Provincia Autonoma Bolzano / Bozen,P.A. Bolzano,533050,469541,88.09,0.01
3925,2021-09-14,PAB,696,367,329,358,317,21,0,ITH,ITH1,4,Provincia Autonoma Bolzano / Bozen,P.A. Bolzano,533050,470237,88.22,0.13
3926,2021-04-13,PAB,2400,1134,1266,2307,7,86,0,ITH,ITH1,4,Provincia Autonoma Bolzano / Bozen,P.A. Bolzano,533050,472637,88.67,0.45
3927,2021-06-04,PAB,6723,3390,3333,4932,1537,254,0,ITH,ITH1,4,Provincia Autonoma Bolzano / Bozen,P.A. Bolzano,533050,479360,89.93,1.26
3928,2021-02-24,PAB,1368,407,961,1320,12,36,0,ITH,ITH1,4,Provincia Autonoma Bolzano / Bozen,P.A. Bolzano,533050,480728,90.18,0.26
3929,2021-03-27,PAB,3053,1554,1499,1479,1508,66,0,ITH,ITH1,4,Provincia Autonoma Bolzano / Bozen,P.A. Bolzano,533050,483781,90.76,0.57
3930,2021-07-17,PAB,3147,1801,1346,686,2352,109,0,ITH,ITH1,4,Provincia Autonoma Bolzano / Bozen,P.A. Bolzano,533050,486928,91.35,0.59
3931,2021-04-08,PAB,2798,1362,1436,2502,204,92,0,ITH,ITH1,4,Provincia Autonoma Bolzano / Bozen,P.A. Bolzano,533050,489726,91.87,0.52
3932,2021-05-21,PAB,7397,4066,3331,5212,1879,306,0,ITH,ITH1,4,Provincia Autonoma Bolzano / Bozen,P.A. Bolzano,533050,497123,93.26,1.39
3933,2021-04-18,PAB,3116,1611,1505,2008,1011,97,0,ITH,ITH1,4,Provincia Autonoma Bolzano / Bozen,P.A. Bolzano,533050,500239,93.84,0.58
3934,2021-01-15,PAB,3293,1234,2059,3292,0,1,0,ITH,ITH1,4,Provincia Autonoma Bolzano / Bozen,P.A. Bolzano,533050,503532,94.46,0.62
3935,2021-08-14,PAB,2062,1120,942,727,1273,62,0,ITH,ITH1,4,Provincia Autonoma Bolzano / Bozen,P.A. Bolzano,533050,505594,94.85,0.39
3936,2021-03-13,PAB,2886,1460,1426,2747,101,38,0,ITH,ITH1,4,Provincia Autonoma Bolzano / Bozen,P.A. Bolzano,533050,508480,95.39,0.54
3937,2021-02-05,PAB,3210,1190,2020,8,3202,0,0,ITH,ITH1,4,Provincia Autonoma Bolzano / Bozen,P.A. Bolzano,533050,511690,95.99,0.6
3938,2021-04-15,PAB,4410,2314,2096,3924,266,220,0,ITH,ITH1,4,Provincia Autonoma Bolzano / Bozen,P.A. Bolzano,533050,516100,96.82,0.83
3939,2021-07-26,PAB,1629,940,689,1109,411,109,0,ITH,ITH1,4,Provincia Autonoma Bolzano / Bozen,P.A. Bolzano,533050,517729,97.13,0.31
3940,2021-02-22,PAB,527,143,384,497,12,18,0,ITH,ITH1,4,Provincia Autonoma Bolzano / Bozen,P.A. Bolzano,533050,518256,97.22,0.1
3941,2021-08-26,PAB,2242,1135,1107,831,1360,51,0,ITH,ITH1,4,Provincia Autonoma Bolzano / Bozen,P.A. Bolzano,533050,520498,97.65,0.42
3942,2021-08-24,PAB,1972,1030,942,538,1398,36,0,ITH,ITH1,4,Provincia Autonoma Bolzano / Bozen,P.A. Bolzano,533050,522470,98.02,0.37
3943,2021-05-16,PAB,2029,935,1094,1280,694,55,0,ITH,ITH1,4,Provincia Autonoma Bolzano / Bozen,P.A. Bolzano,533050,524499,98.4,0.38
3944,2021-05-09,PAB,4243,2410,1833,2934,1150,159,0,ITH,ITH1,4,Provincia Autonoma Bolzano / Bozen,P.A. Bolzano,533050,528742,99.19,0.8
3945,2021-03-06,PAB,3976,2082,1894,3678,211,87,0,ITH,ITH1,4,Provincia Autonoma Bolzano / Bozen,P.A. Bolzano,533050,532718,99.94,0.75
3946,2021-05-28,PAB,7469,3943,3526,5364,1895,210,0,ITH,ITH1,4,Provincia Autonoma Bolzano / Bozen,P.A. Bolzano,533050,540187,101.34,1.4
3947,2021-02-17,PAB,156,51,105,139,17,0,0,ITH,ITH1,4,Provincia Autonoma Bolzano / Bozen,P.A. Bolzano,533050,540343,101.37,0.03
3948,2020-12-27,PAB,144,65,79,144,0,0,0,ITH,ITH1,4,Provincia Autonoma Bolzano / Bozen,P.A. Bolzano,533050,540487,101.4,0.03
3949,2021-06-30,PAB,3064,1565,1499,396,2608,60,0,ITH,ITH1,4,Provincia Autonoma Bolzano / Bozen,P.A. Bolzano,533050,543551,101.97,0.57
3950,2021-09-21,PAB,1294,738,556,861,433,0,0,ITH,ITH1,4,Provincia Autonoma Bolzano / Bozen,P.A. Bolzano,533050,544845,102.21,0.24
3951,2021-09-19,PAB,322,188,134,190,132,0,0,ITH,ITH1,4,Provincia Autonoma Bolzano / Bozen,P.A. Bolzano,533050,545167,102.27,0.06
3952,2021-06-11,PAB,5841,3006,2835,2128,3486,227,0,ITH,ITH1,4,Provincia Autonoma Bolzano / Bozen,P.A. Bolzano,533050,551008,103.37,1.1
3953,2021-07-24,PAB,4832,2848,1984,1353,3331,148,0,ITH,ITH1,4,Provincia Autonoma Bolzano / Bozen,P.A. Bolzano,533050,555840,104.28,0.91
3954,2021-05-02,PAB,2453,1284,1169,1428,915,110,0,ITH,ITH1,4,Provincia Autonoma Bolzano / Bozen,P.A. Bolzano,533050,558293,104.74,0.46
3955,2021-01-22,PAB,248,143,105,124,124,0,0,ITH,ITH1,4,Provincia Autonoma Bolzano / Bozen,P.A. Bolzano,533050,558541,104.78,0.05
3956,2021-06-18,PAB,4544,2351,2193,1448,2912,184,0,ITH,ITH1,4,Provincia Autonoma Bolzano / Bozen,P.A. Bolzano,533050,563085,105.63,0.85
3957,2021-01-08,PAB,1537,484,1053,1537,0,0,0,ITH,ITH1,4,Provincia Autonoma Bolzano / Bozen,P.A. Bolzano,533050,564622,105.92,0.29
3958,2021-08-07,PAB,2378,1354,1024,1621,665,92,0,ITH,ITH1,4,Provincia Autonoma Bolzano / Bozen,P.A. Bolzano,533050,567000,106.37,0.45
3959,2021-09-02,PAB,1209,628,581,705,467,37,0,ITH,ITH1,4,Provincia Autonoma Bolzano / Bozen,P.A. Bolzano,533050,568209,106.6,0.23
3960,2021-03-20,PAB,1760,851,909,1111,625,24,0,ITH,ITH1,4,Provincia Autonoma Bolzano / Bozen,P.A. Bolzano,533050,569969,106.93,0.33
3961,2021-06-28,PAB,4616,2309,2307,214,4375,27,0,ITH,ITH1,4,Provincia Autonoma Bolzano / Bozen,P.A. Bolzano,533050,574585,107.79,0.87
3962,2021-07-07,PAB,1994,1034,960,579,1336,79,0,ITH,ITH1,4,Provincia Autonoma Bolzano / Bozen,P.A. Bolzano,533050,576579,108.17,0.37
3963,2021-08-04,PAB,3811,2017,1794,2639,978,194,0,ITH,ITH1,4,Provincia Autonoma Bolzano / Bozen,P.A. Bolzano,533050,580390,108.88,0.71
3964,2021-09-16,PAB,1476,751,725,833,624,19,0,ITH,ITH1,4,Provincia Autonoma Bolzano / Bozen,P.A. Bolzano,533050,581866,109.16,0.28
3965,2021-06-08,PAB,4269,2186,2083,891,3346,32,0,ITH,ITH1,4,Provincia Autonoma Bolzano / Bozen,P.A. Bolzano,533050,586135,109.96,0.8
3966,2021-08-06,PAB,3642,1918,1724,1111,2430,101,0,ITH,ITH1,4,Provincia Autonoma Bolzano / Bozen,P.A. Bolzano,533050,589777,110.64,0.68
3967,2021-04-28,PAB,2469,1307,1162,2256,5,208,0,ITH,ITH1,4,Provincia Autonoma Bolzano / Bozen,P.A. Bolzano,533050,592246,111.11,0.46
3968,2021-01-16,PAB,2842,1266,1576,2842,0,0,0,ITH,ITH1,4,Provincia Autonoma Bolzano / Bozen,P.A. Bolzano,533050,595088,111.64,0.53
3969,2021-06-10,PAB,4498,2334,2164,1301,3098,99,0,ITH,ITH1,4,Provincia Autonoma Bolzano / Bozen,P.A. Bolzano,533050,599586,112.48,0.84
3970,2021-08-13,PAB,2914,1559,1355,1514,1302,98,0,ITH,ITH1,4,Provincia Autonoma Bolzano / Bozen,P.A. Bolzano,533050,602500,113.03,0.55
3971,2021-04-26,PAB,1550,776,774,1458,5,87,0,ITH,ITH1,4,Provincia Autonoma Bolzano / Bozen,P.A. Bolzano,533050,604050,113.32,0.29
3972,2021-07-10,PAB,5817,3004,2813,903,4753,161,0,ITH,ITH1,4,Provincia Autonoma Bolzano / Bozen,P.A. Bolzano,533050,609867,114.41,1.09
3973,2021-01-18,PAB,1777,689,1088,1772,5,0,0,ITH,ITH1,4,Provincia Autonoma Bolzano / Bozen,P.A. Bolzano,533050,611644,114.74,0.33
3974,2021-08-15,PAB,616,333,283,263,334,19,0,ITH,ITH1,4,Provincia Autonoma Bolzano / Bozen,P.A. Bolzano,533050,612260,114.86,0.12
3975,2021-05-07,PAB,4200,2063,2137,3393,528,279,0,ITH,ITH1,4,Provincia Autonoma Bolzano / Bozen,P.A. Bolzano,533050,616460,115.65,0.79
3976,2021-07-03,PAB,5639,2793,2846,925,4566,148,0,ITH,ITH1,4,Provincia Autonoma Bolzano / Bozen,P.A. Bolzano,533050,622099,116.71,1.06
3977,2021-05-05,PAB,4161,1948,2213,1825,2118,218,0,ITH,ITH1,4,Provincia Autonoma Bolzano / Bozen,P.A. Bolzano,533050,626260,117.49,0.78
3978,2021-01-25,PAB,493,187,306,3,490,0,0,ITH,ITH1,4,Provincia Autonoma Bolzano / Bozen,P.A. Bolzano,533050,626753,117.58,0.09
3979,2021-03-23,PAB,1557,761,796,1518,1,38,0,ITH,ITH1,4,Provincia Autonoma Bolzano / Bozen,P.A. Bolzano,533050,628310,117.87,0.29
3980,2021-04-01,PAB,2791,1409,1382,2506,146,139,0,ITH,ITH1,4,Provincia Autonoma Bolzano / Bozen,P.A. Bolzano,533050,631101,118.39,0.52
3981,2021-07-05,PAB,2937,1406,1531,813,1985,139,0,ITH,ITH1,4,Provincia Autonoma Bolzano / Bozen,P.A. Bolzano,533050,634038,118.95,0.55
3982,2021-05-30,PAB,4794,2532,2262,731,4031,32,0,ITH,ITH1,4,Provincia Autonoma Bolzano / Bozen,P.A. Bolzano,533050,638832,119.84,0.9
3983,2021-07-12,PAB,3534,1755,1779,238,3243,53,0,ITH,ITH1,4,Provincia Autonoma Bolzano / Bozen,P.A. Bolzano,533050,642366,120.51,0.66
3984,2021-04-03,PAB,833,366,467,22,811,0,0,ITH,ITH1,4,Provincia Autonoma Bolzano / Bozen,P.A. Bolzano,533050,643199,120.66,0.16
3985,2021-09-07,PAB,1280,698,582,229,1042,9,0,ITH,ITH1,4,Provincia Autonoma Bolzano / Bozen,P.A. Bolzano,533050,644479,120.9,0.24
3986,2021-03-25,PAB,2173,1080,1093,1660,445,68,0,ITH,ITH1,4,Provincia Autonoma Bolzano / Bozen,P.A. Bolzano,533050,646652,121.31,0.41
3987,2021-01-27,PAB,85,29,56,2,83,0,0,ITH,ITH1,4,Provincia Autonoma Bolzano / Bozen,P.A. Bolzano,533050,646737,121.33,0.02
3988,2021-03-03,ABR,4641,1900,2741,3716,906,19,0,ITF,ITF1,13,Abruzzo,Abruzzo,1304970,4641,0.36,0.36
3989,2021-07-14,ABR,13723,6799,6924,2435,11136,152,0,ITF,ITF1,13,Abruzzo,Abruzzo,1304970,18364,1.41,1.05
3990,2021-04-08,ABR,7396,3336,4060,4934,2332,130,0,ITF,ITF1,13,Abruzzo,Abruzzo,1304970,25760,1.97,0.57
3991,2021-04-22,ABR,6738,3252,3486,4828,1734,176,0,ITF,ITF1,13,Abruzzo,Abruzzo,1304970,32498,2.49,0.52
3992,2021-01-10,ABR,1272,540,732,1268,0,4,0,ITF,ITF1,13,Abruzzo,Abruzzo,1304970,33770,2.59,0.1
3993,2021-04-29,ABR,12686,5855,6831,9271,3099,316,0,ITF,ITF1,13,Abruzzo,Abruzzo,1304970,46456,3.56,0.97
3994,2021-08-07,ABR,6494,3617,2877,1835,4561,98,0,ITF,ITF1,13,Abruzzo,Abruzzo,1304970,52950,4.06,0.5
3995,2021-06-25,ABR,11061,5479,5582,4903,6014,144,0,ITF,ITF1,13,Abruzzo,Abruzzo,1304970,64011,4.91,0.85
3996,2021-01-15,ABR,385,155,230,371,0,14,0,ITF,ITF1,13,Abruzzo,Abruzzo,1304970,64396,4.93,0.03
3997,2021-02-22,ABR,2641,1174,1467,2584,30,27,0,ITF,ITF1,13,Abruzzo,Abruzzo,1304970,67037,5.14,0.2
3998,2021-02-05,ABR,1535,521,1014,772,747,16,0,ITF,ITF1,13,Abruzzo,Abruzzo,1304970,68572,5.25,0.12
3999,2021-05-16,ABR,9577,4134,5443,5645,3812,120,0,ITF,ITF1,13,Abruzzo,Abruzzo,1304970,78149,5.99,0.73
4000,2021-06-04,ABR,15650,7395,8255,10758,4703,189,0,ITF,ITF1,13,Abruzzo,Abruzzo,1304970,93799,7.19,1.2
4001,2021-05-18,ABR,12110,5660,6450,7558,4380,172,0,ITF,ITF1,13,Abruzzo,Abruzzo,1304970,105909,8.12,0.93
4002,2021-02-24,ABR,3306,1442,1864,3112,177,17,0,ITF,ITF1,13,Abruzzo,Abruzzo,1304970,109215,8.37,0.25
4003,2021-08-09,ABR,10704,5548,5156,3096,7414,194,0,ITF,ITF1,13,Abruzzo,Abruzzo,1304970,119919,9.19,0.82
4004,2021-09-09,ABR,6996,3668,3328,1340,5527,129,0,ITF,ITF1,13,Abruzzo,Abruzzo,1304970,126915,9.73,0.54
4005,2021-02-10,ABR,946,311,635,492,444,10,0,ITF,ITF1,13,Abruzzo,Abruzzo,1304970,127861,9.8,0.07
4006,2020-12-27,ABR,47,24,23,47,0,0,0,ITF,ITF1,13,Abruzzo,Abruzzo,1304970,127908,9.8,0.0
4007,2021-09-21,ABR,3925,2131,1794,1719,2044,90,72,ITF,ITF1,13,Abruzzo,Abruzzo,1304970,131833,10.1,0.3
4008,2021-03-20,ABR,4796,2201,2595,2564,2172,60,0,ITF,ITF1,13,Abruzzo,Abruzzo,1304970,136629,10.47,0.37
4009,2021-06-13,ABR,9848,4925,4923,7847,1835,166,0,ITF,ITF1,13,Abruzzo,Abruzzo,1304970,146477,11.22,0.75
4010,2021-01-22,ABR,118,57,61,118,0,0,0,ITF,ITF1,13,Abruzzo,Abruzzo,1304970,146595,11.23,0.01
4011,2021-08-21,ABR,3840,2097,1743,1729,1989,122,0,ITF,ITF1,13,Abruzzo,Abruzzo,1304970,150435,11.53,0.29
4012,2021-05-04,ABR,10855,5094,5761,7036,3628,191,0,ITF,ITF1,13,Abruzzo,Abruzzo,1304970,161290,12.36,0.83
4013,2021-03-08,ABR,5156,1694,3462,4082,977,97,0,ITF,ITF1,13,Abruzzo,Abruzzo,1304970,166446,12.75,0.4
4014,2021-05-30,ABR,8660,4109,4551,5325,3256,79,0,ITF,ITF1,13,Abruzzo,Abruzzo,1304970,175106,13.42,0.66
4015,2021-04-03,ABR,5165,2259,2906,3485,1598,82,0,ITF,ITF1,13,Abruzzo,Abruzzo,1304970,180271,13.81,0.4
4016,2021-09-07,ABR,5352,2814,2538,1471,3772,109,0,ITF,ITF1,13,Abruzzo,Abruzzo,1304970,185623,14.22,0.41
4017,2021-07-26,ABR,14258,7459,6799,3864,10195,199,0,ITF,ITF1,13,Abruzzo,Abruzzo,1304970,199881,15.32,1.09
4018,2021-07-12,ABR,15078,7459,7619,2358,12603,117,0,ITF,ITF1,13,Abruzzo,Abruzzo,1304970,214959,16.47,1.16
4019,2021-07-31,ABR,11744,6342,5402,3477,8063,204,0,ITF,ITF1,13,Abruzzo,Abruzzo,1304970,226703,17.37,0.9
4020,2021-03-22,ABR,4347,1911,2436,2309,1971,67,0,ITF,ITF1,13,Abruzzo,Abruzzo,1304970,231050,17.71,0.33
4021,2021-06-30,ABR,11172,5433,5739,4495,6510,167,0,ITF,ITF1,13,Abruzzo,Abruzzo,1304970,242222,18.56,0.86
4022,2021-04-27,ABR,9087,4368,4719,6504,2469,114,0,ITF,ITF1,13,Abruzzo,Abruzzo,1304970,251309,19.26,0.7
4023,2021-07-02,ABR,11837,5949,5888,4830,6822,185,0,ITF,ITF1,13,Abruzzo,Abruzzo,1304970,263146,20.16,0.91
4024,2021-03-15,ABR,3679,1444,2235,1840,1807,32,0,ITF,ITF1,13,Abruzzo,Abruzzo,1304970,266825,20.45,0.28
4025,2021-01-17,ABR,193,64,129,185,7,1,0,ITF,ITF1,13,Abruzzo,Abruzzo,1304970,267018,20.46,0.01
4026,2021-06-23,ABR,11016,5284,5732,5577,5292,147,0,ITF,ITF1,13,Abruzzo,Abruzzo,1304970,278034,21.31,0.84
4027,2021-09-16,ABR,3175,1685,1490,963,2114,98,0,ITF,ITF1,13,Abruzzo,Abruzzo,1304970,281209,21.55,0.24
4028,2021-07-21,ABR,11078,5718,5360,2425,8518,135,0,ITF,ITF1,13,Abruzzo,Abruzzo,1304970,292287,22.4,0.85
4029,2021-08-26,ABR,5804,3038,2766,2015,3637,152,0,ITF,ITF1,13,Abruzzo,Abruzzo,1304970,298091,22.84,0.44
4030,2021-08-28,ABR,2304,1333,971,699,1556,49,0,ITF,ITF1,13,Abruzzo,Abruzzo,1304970,300395,23.02,0.18
4031,2021-09-14,ABR,3909,2103,1806,800,3037,72,0,ITF,ITF1,13,Abruzzo,Abruzzo,1304970,304304,23.32,0.3
4032,2021-01-03,ABR,501,212,289,499,0,2,0,ITF,ITF1,13,Abruzzo,Abruzzo,1304970,304805,23.36,0.04
4033,2021-03-27,ABR,6127,2621,3506,3561,2493,73,0,ITF,ITF1,13,Abruzzo,Abruzzo,1304970,310932,23.83,0.47
4034,2021-01-05,ABR,1735,721,1014,1730,0,5,0,ITF,ITF1,13,Abruzzo,Abruzzo,1304970,312667,23.96,0.13
4035,2021-04-15,ABR,7832,3686,4146,5826,1843,163,0,ITF,ITF1,13,Abruzzo,Abruzzo,1304970,320499,24.56,0.6
4036,2021-01-29,ABR,1387,449,938,71,1315,1,0,ITF,ITF1,13,Abruzzo,Abruzzo,1304970,321886,24.67,0.11
4037,2021-01-24,ABR,50,22,28,6,44,0,0,ITF,ITF1,13,Abruzzo,Abruzzo,1304970,321936,24.67,0.0
4038,2021-03-01,ABR,3477,1384,2093,2702,751,24,0,ITF,ITF1,13,Abruzzo,Abruzzo,1304970,325413,24.94,0.27
4039,2021-08-14,ABR,128,69,59,100,26,2,0,ITF,ITF1,13,Abruzzo,Abruzzo,1304970,325541,24.95,0.01
4040,2021-06-18,ABR,10194,5005,5189,6550,3495,149,0,ITF,ITF1,13,Abruzzo,Abruzzo,1304970,335735,25.73,0.78
4041,2021-02-12,ABR,1227,567,660,1025,189,13,0,ITF,ITF1,13,Abruzzo,Abruzzo,1304970,336962,25.82,0.09
4042,2021-07-19,ABR,11778,5983,5795,2661,8944,173,0,ITF,ITF1,13,Abruzzo,Abruzzo,1304970,348740,26.72,0.9
4043,2021-05-23,ABR,9880,4693,5187,7067,2692,121,0,ITF,ITF1,13,Abruzzo,Abruzzo,1304970,358620,27.48,0.76
4044,2021-06-06,ABR,11151,5310,5841,8775,2242,134,0,ITF,ITF1,13,Abruzzo,Abruzzo,1304970,369771,28.34,0.85
4045,2021-04-10,ABR,8778,4059,4719,6121,2510,147,0,ITF,ITF1,13,Abruzzo,Abruzzo,1304970,378549,29.01,0.67
4046,2021-02-17,ABR,2071,948,1123,1780,282,9,0,ITF,ITF1,13,Abruzzo,Abruzzo,1304970,380620,29.17,0.16
4047,2021-09-02,ABR,6105,3192,2913,1861,4114,130,0,ITF,ITF1,13,Abruzzo,Abruzzo,1304970,386725,29.63,0.47
4048,2021-06-11,ABR,11784,5855,5929,8830,2766,188,0,ITF,ITF1,13,Abruzzo,Abruzzo,1304970,398509,30.54,0.9
4049,2021-08-19,ABR,6721,3608,3113,3255,3274,192,0,ITF,ITF1,13,Abruzzo,Abruzzo,1304970,405230,31.05,0.52
4050,2021-05-11,ABR,10765,5121,5644,5730,4857,178,0,ITF,ITF1,13,Abruzzo,Abruzzo,1304970,415995,31.88,0.82
4051,2021-08-18,ABR,7382,3920,3462,3084,4107,191,0,ITF,ITF1,13,Abruzzo,Abruzzo,1304970,423377,32.44,0.57
4052,2021-03-17,ABR,4545,1876,2669,2782,1740,23,0,ITF,ITF1,13,Abruzzo,Abruzzo,1304970,427922,32.79,0.35
4053,2021-02-03,ABR,2063,717,1346,411,1644,8,0,ITF,ITF1,13,Abruzzo,Abruzzo,1304970,429985,32.95,0.16
4054,2021-02-28,ABR,1703,509,1194,1665,2,36,0,ITF,ITF1,13,Abruzzo,Abruzzo,1304970,431688,33.08,0.13
4055,2021-08-04,ABR,10883,5629,5254,4301,6339,243,0,ITF,ITF1,13,Abruzzo,Abruzzo,1304970,442571,33.91,0.83
4056,2021-01-02,ABR,559,226,333,558,0,1,0,ITF,ITF1,13,Abruzzo,Abruzzo,1304970,443130,33.96,0.04
4057,2021-06-08,ABR,12871,6622,6249,10431,2197,243,0,ITF,ITF1,13,Abruzzo,Abruzzo,1304970,456001,34.94,0.99
4058,2021-04-26,ABR,8562,4065,4497,7134,1215,213,0,ITF,ITF1,13,Abruzzo,Abruzzo,1304970,464563,35.6,0.66
4059,2021-06-01,ABR,10997,4875,6122,6510,4366,121,0,ITF,ITF1,13,Abruzzo,Abruzzo,1304970,475560,36.44,0.84
4060,2021-04-19,ABR,6235,2864,3371,3787,2375,73,0,ITF,ITF1,13,Abruzzo,Abruzzo,1304970,481795,36.92,0.48
4061,2021-02-21,ABR,1218,550,668,1192,1,25,0,ITF,ITF1,13,Abruzzo,Abruzzo,1304970,483013,37.01,0.09
4062,2021-07-28,ABR,13279,6956,6323,3434,9677,168,0,ITF,ITF1,13,Abruzzo,Abruzzo,1304970,496292,38.03,1.02
4063,2021-01-19,ABR,112,56,56,90,21,1,0,ITF,ITF1,13,Abruzzo,Abruzzo,1304970,496404,38.04,0.01
4064,2021-02-07,ABR,780,307,473,199,580,1,0,ITF,ITF1,13,Abruzzo,Abruzzo,1304970,497184,38.1,0.06
4065,2021-07-07,ABR,12066,5908,6158,4023,7798,245,0,ITF,ITF1,13,Abruzzo,Abruzzo,1304970,509250,39.02,0.92
4066,2021-07-09,ABR,13614,6795,6819,2885,10589,140,0,ITF,ITF1,13,Abruzzo,Abruzzo,1304970,522864,40.07,1.04
4067,2021-09-13,ABR,4590,2483,2107,1054,3457,79,0,ITF,ITF1,13,Abruzzo,Abruzzo,1304970,527454,40.42,0.35
4068,2021-06-22,ABR,10410,4878,5532,5382,4846,182,0,ITF,ITF1,13,Abruzzo,Abruzzo,1304970,537864,41.22,0.8
4069,2021-08-02,ABR,13857,7154,6703,3542,10056,259,0,ITF,ITF1,13,Abruzzo,Abruzzo,1304970,551721,42.28,1.06
4070,2021-05-27,ABR,13323,6104,7219,8315,4831,177,0,ITF,ITF1,13,Abruzzo,Abruzzo,1304970,565044,43.3,1.02
4071,2021-09-04,ABR,2140,1137,1003,740,1339,61,0,ITF,ITF1,13,Abruzzo,Abruzzo,1304970,567184,43.46,0.16
4072,2021-09-06,ABR,6219,3245,2974,2202,3869,148,0,ITF,ITF1,13,Abruzzo,Abruzzo,1304970,573403,43.94,0.48
4073,2021-03-24,ABR,6388,2787,3601,3992,2253,143,0,ITF,ITF1,13,Abruzzo,Abruzzo,1304970,579791,44.43,0.49
4074,2021-02-09,ABR,923,325,598,512,410,1,0,ITF,ITF1,13,Abruzzo,Abruzzo,1304970,580714,44.5,0.07
4075,2021-04-17,ABR,7359,3402,3957,4210,3052,97,0,ITF,ITF1,13,Abruzzo,Abruzzo,1304970,588073,45.06,0.56
4076,2021-02-19,ABR,3300,1551,1749,3161,100,39,0,ITF,ITF1,13,Abruzzo,Abruzzo,1304970,591373,45.32,0.25
4077,2021-04-05,ABR,2692,1147,1545,1729,880,83,0,ITF,ITF1,13,Abruzzo,Abruzzo,1304970,594065,45.52,0.21
4078,2021-01-12,ABR,1901,761,1140,1887,0,14,0,ITF,ITF1,13,Abruzzo,Abruzzo,1304970,595966,45.67,0.15
4079,2021-06-15,ABR,11329,5562,5767,8681,2439,209,0,ITF,ITF1,13,Abruzzo,Abruzzo,1304970,607295,46.54,0.87
4080,2021-04-12,ABR,6239,2957,3282,4983,1173,83,0,ITF,ITF1,13,Abruzzo,Abruzzo,1304970,613534,47.02,0.48
4081,2021-01-16,ABR,939,431,508,931,0,8,0,ITF,ITF1,13,Abruzzo,Abruzzo,1304970,614473,47.09,0.07
4082,2021-07-23,ABR,12574,6464,6110,2847,9566,161,0,ITF,ITF1,13,Abruzzo,Abruzzo,1304970,627047,48.05,0.96
4083,2021-01-21,ABR,157,47,110,157,0,0,0,ITF,ITF1,13,Abruzzo,Abruzzo,1304970,627204,48.06,0.01
4084,2021-05-01,ABR,10753,5053,5700,5631,4985,137,0,ITF,ITF1,13,Abruzzo,Abruzzo,1304970,637957,48.89,0.82
4085,2021-05-20,ABR,12823,5933,6890,7427,5268,128,0,ITF,ITF1,13,Abruzzo,Abruzzo,1304970,650780,49.87,0.98
4086,2021-09-11,ABR,2385,1331,1054,1047,1231,107,0,ITF,ITF1,13,Abruzzo,Abruzzo,1304970,653165,50.05,0.18
4087,2021-03-29,ABR,5711,2600,3111,3021,2640,50,0,ITF,ITF1,13,Abruzzo,Abruzzo,1304970,658876,50.49,0.44
4088,2021-03-19,ABR,5798,2586,3212,2730,3025,43,0,ITF,ITF1,13,Abruzzo,Abruzzo,1304970,664674,50.93,0.44
4089,2021-03-05,ABR,5346,1958,3388,4589,697,60,0,ITF,ITF1,13,Abruzzo,Abruzzo,1304970,670020,51.34,0.41
4090,2021-06-27,ABR,8365,4298,4067,5017,3208,140,0,ITF,ITF1,13,Abruzzo,Abruzzo,1304970,678385,51.98,0.64
4091,2021-04-07,ABR,8563,3969,4594,5205,3219,139,0,ITF,ITF1,13,Abruzzo,Abruzzo,1304970,686948,52.64,0.66
4092,2021-07-16,ABR,16153,8239,7914,2468,13568,117,0,ITF,ITF1,13,Abruzzo,Abruzzo,1304970,703101,53.88,1.24
4093,2021-07-04,ABR,8372,4215,4157,3331,4915,126,0,ITF,ITF1,13,Abruzzo,Abruzzo,1304970,711473,54.52,0.64
4094,2021-08-30,ABR,7418,4056,3362,1941,5346,131,0,ITF,ITF1,13,Abruzzo,Abruzzo,1304970,718891,55.09,0.57
4095,2021-09-01,ABR,6845,3639,3206,1560,5181,104,0,ITF,ITF1,13,Abruzzo,Abruzzo,1304970,725736,55.61,0.52
4096,2021-05-25,ABR,11419,5323,6096,8082,3139,198,0,ITF,ITF1,13,Abruzzo,Abruzzo,1304970,737155,56.49,0.88
4097,2021-01-31,ABR,1523,495,1028,285,1237,1,0,ITF,ITF1,13,Abruzzo,Abruzzo,1304970,738678,56.6,0.12
4098,2021-05-10,ABR,10112,4785,5327,5338,4654,120,0,ITF,ITF1,13,Abruzzo,Abruzzo,1304970,748790,57.38,0.77
4099,2021-04-23,ABR,7416,3401,4015,4937,2308,171,0,ITF,ITF1,13,Abruzzo,Abruzzo,1304970,756206,57.95,0.57
4100,2021-09-18,ABR,2434,1366,1068,959,1396,79,0,ITF,ITF1,13,Abruzzo,Abruzzo,1304970,758640,58.13,0.19
4101,2021-01-07,ABR,1712,657,1055,1705,0,7,0,ITF,ITF1,13,Abruzzo,Abruzzo,1304970,760352,58.27,0.13
4102,2021-03-07,ABR,2520,630,1890,2482,0,38,0,ITF,ITF1,13,Abruzzo,Abruzzo,1304970,762872,58.46,0.19
4103,2021-08-11,ABR,8276,4415,3861,2615,5503,158,0,ITF,ITF1,13,Abruzzo,Abruzzo,1304970,771148,59.09,0.63
4104,2021-06-19,ABR,10558,5202,5356,6483,3901,174,0,ITF,ITF1,13,Abruzzo,Abruzzo,1304970,781706,59.9,0.81
4105,2021-03-28,ABR,2432,1018,1414,1995,387,50,0,ITF,ITF1,13,Abruzzo,Abruzzo,1304970,784138,60.09,0.19
4106,2021-07-06,ABR,10464,5200,5264,4301,5988,175,0,ITF,ITF1,13,Abruzzo,Abruzzo,1304970,794602,60.89,0.8
4107,2021-06-03,ABR,13197,6285,6912,9243,3779,175,0,ITF,ITF1,13,Abruzzo,Abruzzo,1304970,807799,61.9,1.01
4108,2021-03-12,ABR,6044,1993,4051,4354,1610,80,0,ITF,ITF1,13,Abruzzo,Abruzzo,1304970,813843,62.36,0.46
4109,2021-06-20,ABR,8447,4237,4210,5410,2933,104,0,ITF,ITF1,13,Abruzzo,Abruzzo,1304970,822290,63.01,0.65
4110,2021-03-14,ABR,1886,732,1154,1204,669,13,0,ITF,ITF1,13,Abruzzo,Abruzzo,1304970,824176,63.16,0.14
4111,2021-05-08,ABR,10296,4873,5423,6304,3837,155,0,ITF,ITF1,13,Abruzzo,Abruzzo,1304970,834472,63.95,0.79
4112,2021-04-24,ABR,8732,3976,4756,6937,1532,263,0,ITF,ITF1,13,Abruzzo,Abruzzo,1304970,843204,64.61,0.67
4113,2021-08-16,ABR,6095,3205,2890,2256,3692,147,0,ITF,ITF1,13,Abruzzo,Abruzzo,1304970,849299,65.08,0.47
4114,2021-01-14,ABR,568,227,341,566,0,2,0,ITF,ITF1,13,Abruzzo,Abruzzo,1304970,849867,65.13,0.04
4115,2021-02-11,ABR,815,262,553,770,43,2,0,ITF,ITF1,13,Abruzzo,Abruzzo,1304970,850682,65.19,0.06
4116,2021-05-24,ABR,12225,5840,6385,8728,3341,156,0,ITF,ITF1,13,Abruzzo,Abruzzo,1304970,862907,66.12,0.94
4117,2021-07-30,ABR,12091,6437,5654,3795,8070,226,0,ITF,ITF1,13,Abruzzo,Abruzzo,1304970,874998,67.05,0.93
4118,2021-02-26,ABR,3923,1679,2244,2928,969,26,0,ITF,ITF1,13,Abruzzo,Abruzzo,1304970,878921,67.35,0.3
4119,2021-02-25,ABR,3055,1343,1712,2506,530,19,0,ITF,ITF1,13,Abruzzo,Abruzzo,1304970,881976,67.59,0.23
4120,2021-06-05,ABR,14616,6865,7751,10362,4051,203,0,ITF,ITF1,13,Abruzzo,Abruzzo,1304970,896592,68.71,1.12
4121,2021-08-08,ABR,4450,2428,2022,1886,2474,90,0,ITF,ITF1,13,Abruzzo,Abruzzo,1304970,901042,69.05,0.34
4122,2021-05-17,ABR,11039,5039,6000,6017,4857,165,0,ITF,ITF1,13,Abruzzo,Abruzzo,1304970,912081,69.89,0.85
4123,2021-08-25,ABR,7136,3804,3332,2383,4584,169,0,ITF,ITF1,13,Abruzzo,Abruzzo,1304970,919217,70.44,0.55
4124,2021-01-09,ABR,1615,694,921,1603,0,12,0,ITF,ITF1,13,Abruzzo,Abruzzo,1304970,920832,70.56,0.12
4125,2021-05-07,ABR,12215,5716,6499,7636,4425,154,0,ITF,ITF1,13,Abruzzo,Abruzzo,1304970,933047,71.5,0.94
4126,2021-01-30,ABR,1514,570,944,62,1451,1,0,ITF,ITF1,13,Abruzzo,Abruzzo,1304970,934561,71.62,0.12
4127,2021-08-01,ABR,7570,4057,3513,2003,5465,102,0,ITF,ITF1,13,Abruzzo,Abruzzo,1304970,942131,72.2,0.58
4128,2021-04-14,ABR,6599,2952,3647,4341,2123,135,0,ITF,ITF1,13,Abruzzo,Abruzzo,1304970,948730,72.7,0.51
4129,2021-01-04,ABR,1515,685,830,1509,0,6,0,ITF,ITF1,13,Abruzzo,Abruzzo,1304970,950245,72.82,0.12
4130,2021-01-23,ABR,265,116,149,51,208,6,0,ITF,ITF1,13,Abruzzo,Abruzzo,1304970,950510,72.84,0.02
4131,2021-05-03,ABR,11152,5260,5892,7128,3838,186,0,ITF,ITF1,13,Abruzzo,Abruzzo,1304970,961662,73.69,0.85
4132,2021-02-16,ABR,1916,842,1074,1891,12,13,0,ITF,ITF1,13,Abruzzo,Abruzzo,1304970,963578,73.84,0.15
4133,2021-03-02,ABR,3966,1675,2291,3263,686,17,0,ITF,ITF1,13,Abruzzo,Abruzzo,1304970,967544,74.14,0.3
4134,2021-06-10,ABR,12722,6322,6400,10308,2175,239,0,ITF,ITF1,13,Abruzzo,Abruzzo,1304970,980266,75.12,0.97
4135,2021-02-18,ABR,2292,934,1358,2142,133,17,0,ITF,ITF1,13,Abruzzo,Abruzzo,1304970,982558,75.29,0.18
4136,2021-05-29,ABR,10318,4430,5888,4454,5772,92,0,ITF,ITF1,13,Abruzzo,Abruzzo,1304970,992876,76.08,0.79
4137,2021-05-22,ABR,13162,6393,6769,8131,4919,112,0,ITF,ITF1,13,Abruzzo,Abruzzo,1304970,1006038,77.09,1.01
4138,2021-03-26,ABR,5362,2315,3047,3173,2081,108,0,ITF,ITF1,13,Abruzzo,Abruzzo,1304970,1011400,77.5,0.41
4139,2021-09-08,ABR,4423,2349,2074,1587,2733,103,0,ITF,ITF1,13,Abruzzo,Abruzzo,1304970,1015823,77.84,0.34
4140,2021-07-27,ABR,15142,7906,7236,3334,11628,180,0,ITF,ITF1,13,Abruzzo,Abruzzo,1304970,1030965,79.0,1.16
4141,2021-05-31,ABR,11338,5114,6224,6768,4444,126,0,ITF,ITF1,13,Abruzzo,Abruzzo,1304970,1042303,79.87,0.87
4142,2021-04-20,ABR,5639,2714,2925,4103,1457,79,0,ITF,ITF1,13,Abruzzo,Abruzzo,1304970,1047942,80.3,0.43
4143,2021-03-25,ABR,5802,2666,3136,3064,2625,113,0,ITF,ITF1,13,Abruzzo,Abruzzo,1304970,1053744,80.75,0.44
4144,2021-08-29,ABR,1468,876,592,523,931,14,0,ITF,ITF1,13,Abruzzo,Abruzzo,1304970,1055212,80.86,0.11
4145,2021-01-27,ABR,1367,515,852,32,1335,0,0,ITF,ITF1,13,Abruzzo,Abruzzo,1304970,1056579,80.97,0.1
4146,2021-07-03,ABR,10194,5149,5045,3500,6546,148,0,ITF,ITF1,13,Abruzzo,Abruzzo,1304970,1066773,81.75,0.78
4147,2021-01-18,ABR,154,71,83,53,101,0,0,ITF,ITF1,13,Abruzzo,Abruzzo,1304970,1066927,81.76,0.01
4148,2021-06-24,ABR,10871,5411,5460,5720,4979,172,0,ITF,ITF1,13,Abruzzo,Abruzzo,1304970,1077798,82.59,0.83
4149,2021-04-28,ABR,9517,4591,4926,7306,2026,185,0,ITF,ITF1,13,Abruzzo,Abruzzo,1304970,1087315,83.32,0.73
4150,2021-05-12,ABR,9628,4602,5026,5869,3582,177,0,ITF,ITF1,13,Abruzzo,Abruzzo,1304970,1096943,84.06,0.74
4151,2021-03-16,ABR,3487,1453,2034,1804,1655,28,0,ITF,ITF1,13,Abruzzo,Abruzzo,1304970,1100430,84.33,0.27
4152,2021-08-20,ABR,6047,3165,2882,2032,3883,132,0,ITF,ITF1,13,Abruzzo,Abruzzo,1304970,1106477,84.79,0.46
4153,2021-08-06,ABR,10673,5706,4967,3683,6747,243,0,ITF,ITF1,13,Abruzzo,Abruzzo,1304970,1117150,85.61,0.82
4154,2021-08-27,ABR,7975,4204,3771,2469,5346,160,0,ITF,ITF1,13,Abruzzo,Abruzzo,1304970,1125125,86.22,0.61
4155,2021-02-23,ABR,2779,1273,1506,2753,11,15,0,ITF,ITF1,13,Abruzzo,Abruzzo,1304970,1127904,86.43,0.21
4156,2021-02-06,ABR,1613,745,868,595,1011,7,0,ITF,ITF1,13,Abruzzo,Abruzzo,1304970,1129517,86.56,0.12
4157,2021-06-29,ABR,11429,5639,5790,5244,5997,188,0,ITF,ITF1,13,Abruzzo,Abruzzo,1304970,1140946,87.43,0.88
4158,2021-03-21,ABR,2134,914,1220,839,1291,4,0,ITF,ITF1,13,Abruzzo,Abruzzo,1304970,1143080,87.59,0.16
4159,2021-06-12,ABR,11423,5915,5508,9888,1351,184,0,ITF,ITF1,13,Abruzzo,Abruzzo,1304970,1154503,88.47,0.88
4160,2021-09-20,ABR,4487,2469,2018,1610,2688,130,59,ITF,ITF1,13,Abruzzo,Abruzzo,1304970,1158990,88.81,0.34
4161,2021-09-03,ABR,5936,3185,2751,1825,3980,131,0,ITF,ITF1,13,Abruzzo,Abruzzo,1304970,1164926,89.27,0.45
4162,2021-01-28,ABR,1435,495,940,11,1424,0,0,ITF,ITF1,13,Abruzzo,Abruzzo,1304970,1166361,89.38,0.11
4163,2021-09-22,ABR,3868,2077,1791,1658,2066,98,46,ITF,ITF1,13,Abruzzo,Abruzzo,1304970,1170229,89.67,0.3
4164,2021-01-11,ABR,1691,690,1001,1687,0,4,0,ITF,ITF1,13,Abruzzo,Abruzzo,1304970,1171920,89.8,0.13
4165,2021-04-21,ABR,6393,3104,3289,4633,1673,87,0,ITF,ITF1,13,Abruzzo,Abruzzo,1304970,1178313,90.29,0.49
4166,2021-07-25,ABR,9864,5218,4646,2169,7572,123,0,ITF,ITF1,13,Abruzzo,Abruzzo,1304970,1188177,91.05,0.76
4167,2021-07-08,ABR,13499,6684,6815,3408,9925,166,0,ITF,ITF1,13,Abruzzo,Abruzzo,1304970,1201676,92.08,1.03
4168,2021-04-16,ABR,7547,3492,4055,5498,1917,132,0,ITF,ITF1,13,Abruzzo,Abruzzo,1304970,1209223,92.66,0.58
4169,2021-07-29,ABR,15180,7973,7207,3925,11043,212,0,ITF,ITF1,13,Abruzzo,Abruzzo,1304970,1224403,93.83,1.16
4170,2021-04-25,ABR,9072,4624,4448,8053,809,210,0,ITF,ITF1,13,Abruzzo,Abruzzo,1304970,1233475,94.52,0.7
4171,2021-05-05,ABR,11647,5575,6072,6271,5212,164,0,ITF,ITF1,13,Abruzzo,Abruzzo,1304970,1245122,95.41,0.89
4172,2021-03-09,ABR,5177,1806,3371,4147,939,91,0,ITF,ITF1,13,Abruzzo,Abruzzo,1304970,1250299,95.81,0.4
4173,2021-08-13,ABR,7121,3833,3288,2013,5001,107,0,ITF,ITF1,13,Abruzzo,Abruzzo,1304970,1257420,96.36,0.55
4174,2021-05-21,ABR,13020,6330,6690,7865,4979,176,0,ITF,ITF1,13,Abruzzo,Abruzzo,1304970,1270440,97.35,1.0
4175,2021-03-18,ABR,3901,1653,2248,2038,1836,27,0,ITF,ITF1,13,Abruzzo,Abruzzo,1304970,1274341,97.65,0.3
4176,2021-08-22,ABR,1832,948,884,536,1243,53,0,ITF,ITF1,13,Abruzzo,Abruzzo,1304970,1276173,97.79,0.14
4177,2021-06-26,ABR,10052,5018,5034,5688,4201,163,0,ITF,ITF1,13,Abruzzo,Abruzzo,1304970,1286225,98.56,0.77
4178,2021-02-08,ABR,1194,396,798,487,707,0,0,ITF,ITF1,13,Abruzzo,Abruzzo,1304970,1287419,98.66,0.09
4179,2021-05-19,ABR,10735,5126,5609,7571,3037,127,0,ITF,ITF1,13,Abruzzo,Abruzzo,1304970,1298154,99.48,0.82
4180,2021-01-13,ABR,1305,483,822,1297,0,8,0,ITF,ITF1,13,Abruzzo,Abruzzo,1304970,1299459,99.58,0.1
4181,2021-07-15,ABR,15945,8088,7857,3130,12639,176,0,ITF,ITF1,13,Abruzzo,Abruzzo,1304970,1315404,100.8,1.22
4182,2021-06-28,ABR,10055,4837,5218,5309,4576,170,0,ITF,ITF1,13,Abruzzo,Abruzzo,1304970,1325459,101.57,0.77
4183,2021-04-06,ABR,7682,3581,4101,5230,2321,131,0,ITF,ITF1,13,Abruzzo,Abruzzo,1304970,1333141,102.16,0.59
4184,2021-08-03,ABR,12723,6575,6148,3645,8909,169,0,ITF,ITF1,13,Abruzzo,Abruzzo,1304970,1345864,103.13,0.97
4185,2021-08-17,ABR,6583,3468,3115,2822,3543,218,0,ITF,ITF1,13,Abruzzo,Abruzzo,1304970,1352447,103.64,0.5
4186,2021-03-11,ABR,5494,2216,3278,4264,1140,90,0,ITF,ITF1,13,Abruzzo,Abruzzo,1304970,1357941,104.06,0.42
4187,2021-06-02,ABR,9774,4750,5024,6835,2819,120,0,ITF,ITF1,13,Abruzzo,Abruzzo,1304970,1367715,104.81,0.75
4188,2021-09-10,ABR,4938,2639,2299,1512,3323,103,0,ITF,ITF1,13,Abruzzo,Abruzzo,1304970,1372653,105.19,0.38
4189,2021-09-12,ABR,1612,867,745,761,785,66,0,ITF,ITF1,13,Abruzzo,Abruzzo,1304970,1374265,105.31,0.12
4190,2021-03-13,ABR,4122,1420,2702,3016,1043,63,0,ITF,ITF1,13,Abruzzo,Abruzzo,1304970,1378387,105.63,0.32
4191,2021-06-21,ABR,11058,5389,5669,4938,5990,130,0,ITF,ITF1,13,Abruzzo,Abruzzo,1304970,1389445,106.47,0.85
4192,2021-08-05,ABR,13903,7161,6742,4714,8916,273,0,ITF,ITF1,13,Abruzzo,Abruzzo,1304970,1403348,107.54,1.07
4193,2021-01-08,ABR,1660,638,1022,1651,0,9,0,ITF,ITF1,13,Abruzzo,Abruzzo,1304970,1405008,107.67,0.13
4194,2021-04-18,ABR,5820,2728,3092,4726,944,150,0,ITF,ITF1,13,Abruzzo,Abruzzo,1304970,1410828,108.11,0.45
4195,2021-07-01,ABR,12762,6281,6481,5767,6768,227,0,ITF,ITF1,13,Abruzzo,Abruzzo,1304970,1423590,109.09,0.98
4196,2021-06-17,ABR,10914,5457,5457,7298,3452,164,0,ITF,ITF1,13,Abruzzo,Abruzzo,1304970,1434504,109.93,0.84
4197,2021-08-24,ABR,6361,3411,2950,1876,4332,153,0,ITF,ITF1,13,Abruzzo,Abruzzo,1304970,1440865,110.41,0.49
4198,2021-05-09,ABR,9160,4091,5069,4171,4875,114,0,ITF,ITF1,13,Abruzzo,Abruzzo,1304970,1450025,111.12,0.7
4199,2021-02-15,ABR,1794,832,962,1735,42,17,0,ITF,ITF1,13,Abruzzo,Abruzzo,1304970,1451819,111.25,0.14
4200,2021-05-26,ABR,13561,6047,7514,8405,4997,159,0,ITF,ITF1,13,Abruzzo,Abruzzo,1304970,1465380,112.29,1.04
4201,2021-06-14,ABR,10986,5432,5554,7428,3383,175,0,ITF,ITF1,13,Abruzzo,Abruzzo,1304970,1476366,113.13,0.84
4202,2021-02-13,ABR,871,396,475,442,425,4,0,ITF,ITF1,13,Abruzzo,Abruzzo,1304970,1477237,113.2,0.07
4203,2021-07-17,ABR,14096,7385,6711,2645,11271,180,0,ITF,ITF1,13,Abruzzo,Abruzzo,1304970,1491333,114.28,1.08
4204,2021-03-04,ABR,5942,2359,3583,4972,928,42,0,ITF,ITF1,13,Abruzzo,Abruzzo,1304970,1497275,114.74,0.46
4205,2021-09-19,ABR,1496,814,682,561,891,44,0,ITF,ITF1,13,Abruzzo,Abruzzo,1304970,1498771,114.85,0.11
4206,2021-02-20,ABR,4777,1844,2933,4657,76,44,0,ITF,ITF1,13,Abruzzo,Abruzzo,1304970,1503548,115.22,0.37
4207,2021-04-30,ABR,12513,5871,6642,6510,5728,275,0,ITF,ITF1,13,Abruzzo,Abruzzo,1304970,1516061,116.18,0.96
4208,2021-04-13,ABR,5894,2756,3138,4557,1238,99,0,ITF,ITF1,13,Abruzzo,Abruzzo,1304970,1521955,116.63,0.45
4209,2021-01-20,ABR,449,157,292,427,2,20,0,ITF,ITF1,13,Abruzzo,Abruzzo,1304970,1522404,116.66,0.03
4210,2021-07-05,ABR,10910,5350,5560,4039,6676,195,0,ITF,ITF1,13,Abruzzo,Abruzzo,1304970,1533314,117.5,0.84
4211,2021-07-22,ABR,14494,7413,7081,3519,10766,209,0,ITF,ITF1,13,Abruzzo,Abruzzo,1304970,1547808,118.61,1.11
4212,2021-07-24,ABR,12634,6841,5793,3806,8590,238,0,ITF,ITF1,13,Abruzzo,Abruzzo,1304970,1560442,119.58,0.97
4213,2021-05-02,ABR,10465,5115,5350,5088,5232,145,0,ITF,ITF1,13,Abruzzo,Abruzzo,1304970,1570907,120.38,0.8
4214,2021-08-10,ABR,9269,4963,4306,3395,5661,213,0,ITF,ITF1,13,Abruzzo,Abruzzo,1304970,1580176,121.09,0.71
4215,2021-03-30,ABR,5129,2262,2867,3141,1825,163,0,ITF,ITF1,13,Abruzzo,Abruzzo,1304970,1585305,121.48,0.39
4216,2021-01-06,ABR,1991,819,1172,1981,0,10,0,ITF,ITF1,13,Abruzzo,Abruzzo,1304970,1587296,121.63,0.15
4217,2021-07-10,ABR,13123,6634,6489,3009,9948,166,0,ITF,ITF1,13,Abruzzo,Abruzzo,1304970,1600419,122.64,1.01
4218,2021-05-14,ABR,10598,5072,5526,5283,5153,162,0,ITF,ITF1,13,Abruzzo,Abruzzo,1304970,1611017,123.45,0.81
4219,2021-04-01,ABR,5628,2520,3108,3428,2120,80,0,ITF,ITF1,13,Abruzzo,Abruzzo,1304970,1616645,123.88,0.43
4220,2021-02-01,ABR,1633,574,1059,268,1364,1,0,ITF,ITF1,13,Abruzzo,Abruzzo,1304970,1618278,124.01,0.13
4221,2021-08-31,ABR,6380,3467,2913,1675,4595,110,0,ITF,ITF1,13,Abruzzo,Abruzzo,1304970,1624658,124.5,0.49
4222,2021-03-23,ABR,4834,2191,2643,2208,2567,59,0,ITF,ITF1,13,Abruzzo,Abruzzo,1304970,1629492,124.87,0.37
4223,2021-01-25,ABR,1605,633,972,11,1592,2,0,ITF,ITF1,13,Abruzzo,Abruzzo,1304970,1631097,124.99,0.12
4224,2021-05-28,ABR,14027,6311,7716,7492,6366,169,0,ITF,ITF1,13,Abruzzo,Abruzzo,1304970,1645124,126.07,1.07
4225,2021-09-05,ABR,1428,781,647,437,963,28,0,ITF,ITF1,13,Abruzzo,Abruzzo,1304970,1646552,126.18,0.11
4226,2021-02-02,ABR,1764,668,1096,217,1543,4,0,ITF,ITF1,13,Abruzzo,Abruzzo,1304970,1648316,126.31,0.14
4227,2021-05-13,ABR,11151,5044,6107,6952,3964,235,0,ITF,ITF1,13,Abruzzo,Abruzzo,1304970,1659467,127.17,0.85
4228,2021-03-31,ABR,6723,2946,3777,4558,2070,95,0,ITF,ITF1,13,Abruzzo,Abruzzo,1304970,1666190,127.68,0.52
4229,2021-05-15,ABR,11443,5184,6259,5935,5328,180,0,ITF,ITF1,13,Abruzzo,Abruzzo,1304970,1677633,128.56,0.88
4230,2021-08-23,ABR,5921,3109,2812,1657,4119,145,0,ITF,ITF1,13,Abruzzo,Abruzzo,1304970,1683554,129.01,0.45
4231,2021-07-11,ABR,9888,4976,4912,2363,7389,136,0,ITF,ITF1,13,Abruzzo,Abruzzo,1304970,1693442,129.77,0.76
4232,2021-03-10,ABR,5049,1686,3363,4025,957,67,0,ITF,ITF1,13,Abruzzo,Abruzzo,1304970,1698491,130.16,0.39
4233,2021-01-26,ABR,1550,568,982,31,1519,0,0,ITF,ITF1,13,Abruzzo,Abruzzo,1304970,1700041,130.27,0.12
4234,2021-05-06,ABR,13006,6088,6918,7796,5050,160,0,ITF,ITF1,13,Abruzzo,Abruzzo,1304970,1713047,131.27,1.0
4235,2021-04-09,ABR,8994,4264,4730,6243,2603,148,0,ITF,ITF1,13,Abruzzo,Abruzzo,1304970,1722041,131.96,0.69
4236,2021-07-18,ABR,12206,6312,5894,1995,10087,124,0,ITF,ITF1,13,Abruzzo,Abruzzo,1304970,1734247,132.9,0.94
4237,2021-04-02,ABR,6697,3104,3593,5110,1489,98,0,ITF,ITF1,13,Abruzzo,Abruzzo,1304970,1740944,133.41,0.51
4238,2021-02-04,ABR,1685,617,1068,600,1073,12,0,ITF,ITF1,13,Abruzzo,Abruzzo,1304970,1742629,133.54,0.13
4239,2021-07-20,ABR,12590,6389,6201,3223,9178,189,0,ITF,ITF1,13,Abruzzo,Abruzzo,1304970,1755219,134.5,0.96
4240,2021-09-15,ABR,6102,3219,2883,1472,4506,124,0,ITF,ITF1,13,Abruzzo,Abruzzo,1304970,1761321,134.97,0.47
4241,2021-04-04,ABR,1633,769,864,1458,129,46,0,ITF,ITF1,13,Abruzzo,Abruzzo,1304970,1762954,135.1,0.13
4242,2021-07-13,ABR,15528,7754,7774,2823,12528,177,0,ITF,ITF1,13,Abruzzo,Abruzzo,1304970,1778482,136.29,1.19
4243,2021-08-12,ABR,8771,4627,4144,3180,5411,180,0,ITF,ITF1,13,Abruzzo,Abruzzo,1304970,1787253,136.96,0.67
4244,2021-06-16,ABR,10894,5452,5442,7988,2689,217,0,ITF,ITF1,13,Abruzzo,Abruzzo,1304970,1798147,137.79,0.83
4245,2021-02-27,ABR,2813,1338,1475,2513,267,33,0,ITF,ITF1,13,Abruzzo,Abruzzo,1304970,1800960,138.01,0.22
4246,2021-06-07,ABR,11102,5290,5812,9069,1846,187,0,ITF,ITF1,13,Abruzzo,Abruzzo,1304970,1812062,138.86,0.85
4247,2021-04-11,ABR,5380,2628,2752,4834,487,59,0,ITF,ITF1,13,Abruzzo,Abruzzo,1304970,1817442,139.27,0.41
4248,2021-06-09,ABR,11594,6098,5496,9721,1688,185,0,ITF,ITF1,13,Abruzzo,Abruzzo,1304970,1829036,140.16,0.89
4249,2021-09-17,ABR,5340,2958,2382,1531,3704,105,0,ITF,ITF1,13,Abruzzo,Abruzzo,1304970,1834376,140.57,0.41
4250,2021-03-06,ABR,4181,1361,2820,3569,571,41,0,ITF,ITF1,13,Abruzzo,Abruzzo,1304970,1838557,140.89,0.32
4251,2021-05-24,CAM,31363,15157,16206,15851,15159,353,0,ITF,ITF3,15,Campania,Campania,5801692,31363,0.54,0.54
4252,2021-02-13,CAM,5508,2549,2959,5102,217,189,0,ITF,ITF3,15,Campania,Campania,5801692,36871,0.64,0.09
4253,2021-08-01,CAM,16085,8414,7671,6817,8834,434,0,ITF,ITF3,15,Campania,Campania,5801692,52956,0.91,0.28
4254,2021-04-23,CAM,32361,15538,16823,22412,9161,788,0,ITF,ITF3,15,Campania,Campania,5801692,85317,1.47,0.56
4255,2021-09-15,CAM,15304,7569,7735,6105,8538,661,0,ITF,ITF3,15,Campania,Campania,5801692,100621,1.73,0.26
4256,2021-06-07,CAM,57607,27733,29874,52496,4055,1056,0,ITF,ITF3,15,Campania,Campania,5801692,158228,2.73,0.99
4257,2021-02-25,CAM,12444,4487,7957,10938,1208,298,0,ITF,ITF3,15,Campania,Campania,5801692,170672,2.94,0.21
4258,2021-04-11,CAM,17529,8610,8919,15020,2089,420,0,ITF,ITF3,15,Campania,Campania,5801692,188201,3.24,0.3
4259,2021-04-28,CAM,36427,17632,18795,25817,9764,846,0,ITF,ITF3,15,Campania,Campania,5801692,224628,3.87,0.63
4260,2021-01-18,CAM,959,399,560,683,244,32,0,ITF,ITF3,15,Campania,Campania,5801692,225587,3.89,0.02
4261,2021-07-20,CAM,40105,19783,20322,6096,33335,674,0,ITF,ITF3,15,Campania,Campania,5801692,265692,4.58,0.69
4262,2021-01-30,CAM,10733,5083,5650,43,10688,2,0,ITF,ITF3,15,Campania,Campania,5801692,276425,4.76,0.18
4263,2021-07-03,CAM,67284,32500,34784,8110,58719,455,0,ITF,ITF3,15,Campania,Campania,5801692,343709,5.92,1.16
4264,2021-08-29,CAM,10263,5576,4687,3710,6278,275,0,ITF,ITF3,15,Campania,Campania,5801692,353972,6.1,0.18
4265,2021-01-16,CAM,3372,1677,1695,3261,0,111,0,ITF,ITF3,15,Campania,Campania,5801692,357344,6.16,0.06
4266,2021-03-02,CAM,12762,4560,8202,8179,4345,238,0,ITF,ITF3,15,Campania,Campania,5801692,370106,6.38,0.22
4267,2021-03-28,CAM,15565,7510,8055,13558,1625,382,0,ITF,ITF3,15,Campania,Campania,5801692,385671,6.65,0.27
4268,2021-01-04,CAM,5828,2962,2866,5727,0,101,0,ITF,ITF3,15,Campania,Campania,5801692,391499,6.75,0.1
4269,2021-09-10,CAM,18462,9431,9031,8299,9266,897,0,ITF,ITF3,15,Campania,Campania,5801692,409961,7.07,0.32
4270,2021-06-19,CAM,62408,29712,32696,24060,37769,579,0,ITF,ITF3,15,Campania,Campania,5801692,472369,8.14,1.08
4271,2021-08-03,CAM,31999,16223,15776,14440,16658,901,0,ITF,ITF3,15,Campania,Campania,5801692,504368,8.69,0.55
4272,2021-02-11,CAM,6292,2715,3577,5908,77,307,0,ITF,ITF3,15,Campania,Campania,5801692,510660,8.8,0.11
4273,2021-06-24,CAM,66130,31870,34260,13269,52319,542,0,ITF,ITF3,15,Campania,Campania,5801692,576790,9.94,1.14
4274,2021-03-16,CAM,8090,3519,4571,3695,4317,78,0,ITF,ITF3,15,Campania,Campania,5801692,584880,10.08,0.14
4275,2021-08-20,CAM,17414,9327,8087,7426,9424,564,0,ITF,ITF3,15,Campania,Campania,5801692,602294,10.38,0.3
4276,2021-01-25,CAM,5760,2929,2831,174,5586,0,0,ITF,ITF3,15,Campania,Campania,5801692,608054,10.48,0.1
4277,2021-07-01,CAM,61548,29873,31675,19681,41035,832,0,ITF,ITF3,15,Campania,Campania,5801692,669602,11.54,1.06
4278,2021-08-15,CAM,1122,639,483,215,899,8,0,ITF,ITF3,15,Campania,Campania,5801692,670724,11.56,0.02
4279,2021-06-26,CAM,62953,30696,32257,14494,47864,595,0,ITF,ITF3,15,Campania,Campania,5801692,733677,12.65,1.09
4280,2021-07-13,CAM,53700,25798,27902,4664,48507,529,0,ITF,ITF3,15,Campania,Campania,5801692,787377,13.57,0.93
4281,2021-04-04,CAM,7965,4016,3949,6669,1046,250,0,ITF,ITF3,15,Campania,Campania,5801692,795342,13.71,0.14
4282,2021-04-09,CAM,29951,14084,15867,23146,6139,666,0,ITF,ITF3,15,Campania,Campania,5801692,825293,14.23,0.52
4283,2021-06-05,CAM,77652,37596,40056,70533,6039,1080,0,ITF,ITF3,15,Campania,Campania,5801692,902945,15.56,1.34
4284,2021-09-22,CAM,13404,6805,6599,5161,7551,486,206,ITF,ITF3,15,Campania,Campania,5801692,916349,15.79,0.23
4285,2021-06-14,CAM,37134,17921,19213,18687,18024,423,0,ITF,ITF3,15,Campania,Campania,5801692,953483,16.43,0.64
4286,2021-08-10,CAM,21641,11192,10449,13572,6951,1118,0,ITF,ITF3,15,Campania,Campania,5801692,975124,16.81,0.37
4287,2021-08-22,CAM,6812,3877,2935,2534,4129,149,0,ITF,ITF3,15,Campania,Campania,5801692,981936,16.92,0.12
4288,2021-01-23,CAM,3843,2032,1811,267,3570,6,0,ITF,ITF3,15,Campania,Campania,5801692,985779,16.99,0.07
4289,2021-03-21,CAM,10080,4680,5400,7481,2391,208,0,ITF,ITF3,15,Campania,Campania,5801692,995859,17.16,0.17
4290,2021-05-17,CAM,49511,21756,27755,23600,25400,511,0,ITF,ITF3,15,Campania,Campania,5801692,1045370,18.02,0.85
4291,2021-02-06,CAM,5343,2666,2677,2002,3241,100,0,ITF,ITF3,15,Campania,Campania,5801692,1050713,18.11,0.09
4292,2021-07-22,CAM,61859,30555,31304,6463,54800,596,0,ITF,ITF3,15,Campania,Campania,5801692,1112572,19.18,1.07
4293,2021-03-09,CAM,14146,6879,7267,9893,3799,454,0,ITF,ITF3,15,Campania,Campania,5801692,1126718,19.42,0.24
4294,2021-05-31,CAM,40827,20716,20111,29839,10402,586,0,ITF,ITF3,15,Campania,Campania,5801692,1167545,20.12,0.7
4295,2021-07-15,CAM,66739,32057,34682,8675,57089,975,0,ITF,ITF3,15,Campania,Campania,5801692,1234284,21.27,1.15
4296,2021-01-11,CAM,4082,1879,2203,3967,0,115,0,ITF,ITF3,15,Campania,Campania,5801692,1238366,21.34,0.07
4297,2021-09-17,CAM,15137,7777,7360,7051,7375,711,0,ITF,ITF3,15,Campania,Campania,5801692,1253503,21.61,0.26
4298,2021-07-27,CAM,49169,24450,24719,12583,35733,853,0,ITF,ITF3,15,Campania,Campania,5801692,1302672,22.45,0.85
4299,2021-09-08,CAM,19132,9653,9479,8690,9621,821,0,ITF,ITF3,15,Campania,Campania,5801692,1321804,22.78,0.33
4300,2021-04-16,CAM,34454,16639,17815,23040,10670,744,0,ITF,ITF3,15,Campania,Campania,5801692,1356258,23.38,0.59
4301,2021-01-06,CAM,7652,3751,3901,7507,0,145,0,ITF,ITF3,15,Campania,Campania,5801692,1363910,23.51,0.13
4302,2021-03-23,CAM,15750,7450,8300,12842,2516,392,0,ITF,ITF3,15,Campania,Campania,5801692,1379660,23.78,0.27
4303,2021-08-27,CAM,24407,13016,11391,7827,15886,694,0,ITF,ITF3,15,Campania,Campania,5801692,1404067,24.2,0.42
4304,2021-05-19,CAM,51310,22660,28650,33756,16759,795,0,ITF,ITF3,15,Campania,Campania,5801692,1455377,25.09,0.88
4305,2021-05-05,CAM,51187,24866,26321,43136,6398,1653,0,ITF,ITF3,15,Campania,Campania,5801692,1506564,25.97,0.88
4306,2021-06-12,CAM,64001,31546,32455,55574,7216,1211,0,ITF,ITF3,15,Campania,Campania,5801692,1570565,27.07,1.1
4307,2021-03-04,CAM,14709,5395,9314,8522,5897,290,0,ITF,ITF3,15,Campania,Campania,5801692,1585274,27.32,0.25
4308,2021-07-31,CAM,30731,16216,14515,10432,19601,698,0,ITF,ITF3,15,Campania,Campania,5801692,1616005,27.85,0.53
4309,2021-05-07,CAM,59795,29216,30579,42261,15971,1563,0,ITF,ITF3,15,Campania,Campania,5801692,1675800,28.88,1.03
4310,2021-01-27,CAM,7755,3824,3931,168,7582,5,0,ITF,ITF3,15,Campania,Campania,5801692,1683555,29.02,0.13
4311,2021-02-27,CAM,13957,4471,9486,11960,1653,344,0,ITF,ITF3,15,Campania,Campania,5801692,1697512,29.26,0.24
4312,2021-06-16,CAM,31653,15012,16641,20350,10776,527,0,ITF,ITF3,15,Campania,Campania,5801692,1729165,29.8,0.55
4313,2021-08-12,CAM,18928,9999,8929,12393,5718,817,0,ITF,ITF3,15,Campania,Campania,5801692,1748093,30.13,0.33
4314,2021-02-10,CAM,6939,3439,3500,6483,206,250,0,ITF,ITF3,15,Campania,Campania,5801692,1755032,30.25,0.12
4315,2021-07-17,CAM,55272,27562,27710,3342,51549,381,0,ITF,ITF3,15,Campania,Campania,5801692,1810304,31.2,0.95
4316,2021-04-08,CAM,28523,13840,14683,22026,5848,649,0,ITF,ITF3,15,Campania,Campania,5801692,1838827,31.69,0.49
4317,2021-06-04,CAM,74590,35846,38744,64395,9137,1058,0,ITF,ITF3,15,Campania,Campania,5801692,1913417,32.98,1.29
4318,2021-05-21,CAM,63876,29655,34221,42140,20706,1030,0,ITF,ITF3,15,Campania,Campania,5801692,1977293,34.08,1.1
4319,2021-04-01,CAM,24699,12027,12672,20025,4137,537,0,ITF,ITF3,15,Campania,Campania,5801692,2001992,34.51,0.43
4320,2021-09-05,CAM,8208,4272,3936,5163,2583,462,0,ITF,ITF3,15,Campania,Campania,5801692,2010200,34.65,0.14
4321,2021-05-28,CAM,73085,35336,37749,26265,46186,634,0,ITF,ITF3,15,Campania,Campania,5801692,2083285,35.91,1.26
4322,2021-05-14,CAM,61048,27585,33463,34657,24741,1650,0,ITF,ITF3,15,Campania,Campania,5801692,2144333,36.96,1.05
4323,2021-08-08,CAM,7575,4042,3533,4646,2667,262,0,ITF,ITF3,15,Campania,Campania,5801692,2151908,37.09,0.13
4324,2021-04-30,CAM,42333,20200,22133,24930,16511,892,0,ITF,ITF3,15,Campania,Campania,5801692,2194241,37.82,0.73
4325,2021-02-04,CAM,7946,3430,4516,1249,6638,59,0,ITF,ITF3,15,Campania,Campania,5801692,2202187,37.96,0.14
4326,2021-01-01,CAM,919,506,413,899,0,20,0,ITF,ITF3,15,Campania,Campania,5801692,2203106,37.97,0.02
4327,2021-03-25,CAM,20329,9658,10671,16318,3507,504,0,ITF,ITF3,15,Campania,Campania,5801692,2223435,38.32,0.35
4328,2021-08-26,CAM,24539,12759,11780,8164,15532,843,0,ITF,ITF3,15,Campania,Campania,5801692,2247974,38.75,0.42
4329,2021-09-12,CAM,7821,4064,3757,4681,2678,462,0,ITF,ITF3,15,Campania,Campania,5801692,2255795,38.88,0.13
4330,2021-06-02,CAM,42947,20185,22762,37601,4734,612,0,ITF,ITF3,15,Campania,Campania,5801692,2298742,39.62,0.74
4331,2021-09-03,CAM,26493,13636,12857,10794,14774,925,0,ITF,ITF3,15,Campania,Campania,5801692,2325235,40.08,0.46
4332,2021-05-26,CAM,52748,25882,26866,21110,31162,476,0,ITF,ITF3,15,Campania,Campania,5801692,2377983,40.99,0.91
4333,2021-04-06,CAM,24531,11570,12961,19447,4527,557,0,ITF,ITF3,15,Campania,Campania,5801692,2402514,41.41,0.42
4334,2021-07-12,CAM,56705,27377,29328,3684,52607,414,0,ITF,ITF3,15,Campania,Campania,5801692,2459219,42.39,0.98
4335,2021-05-02,CAM,43495,21552,21943,31167,11377,951,0,ITF,ITF3,15,Campania,Campania,5801692,2502714,43.14,0.75
4336,2021-01-22,CAM,1534,783,751,666,854,14,0,ITF,ITF3,15,Campania,Campania,5801692,2504248,43.16,0.03
4337,2021-03-06,CAM,16377,6819,9558,10363,5672,342,0,ITF,ITF3,15,Campania,Campania,5801692,2520625,43.45,0.28
4338,2021-08-19,CAM,22019,11638,10381,9570,11774,675,0,ITF,ITF3,15,Campania,Campania,5801692,2542644,43.83,0.38
4339,2021-05-12,CAM,40938,19980,20958,30493,9172,1273,0,ITF,ITF3,15,Campania,Campania,5801692,2583582,44.53,0.71
4340,2021-07-08,CAM,61132,29426,31706,5590,55161,381,0,ITF,ITF3,15,Campania,Campania,5801692,2644714,45.59,1.05
4341,2021-09-19,CAM,8622,4808,3814,4583,3610,426,3,ITF,ITF3,15,Campania,Campania,5801692,2653336,45.73,0.15
4342,2021-03-18,CAM,12180,5382,6798,5756,6193,231,0,ITF,ITF3,15,Campania,Campania,5801692,2665516,45.94,0.21
4343,2021-07-10,CAM,66913,32668,34245,2694,63964,255,0,ITF,ITF3,15,Campania,Campania,5801692,2732429,47.1,1.15
4344,2021-02-24,CAM,11810,4158,7652,10804,715,291,0,ITF,ITF3,15,Campania,Campania,5801692,2744239,47.3,0.2
4345,2021-07-24,CAM,47999,24873,23126,6604,40890,505,0,ITF,ITF3,15,Campania,Campania,5801692,2792238,48.13,0.83
4346,2021-01-20,CAM,1264,654,610,1233,0,31,0,ITF,ITF3,15,Campania,Campania,5801692,2793502,48.15,0.02
4347,2021-02-22,CAM,10699,3298,7401,10150,279,270,0,ITF,ITF3,15,Campania,Campania,5801692,2804201,48.33,0.18
4348,2021-03-11,CAM,18029,9078,8951,10271,7293,465,0,ITF,ITF3,15,Campania,Campania,5801692,2822230,48.64,0.31
4349,2021-08-24,CAM,22611,11706,10905,8655,13188,768,0,ITF,ITF3,15,Campania,Campania,5801692,2844841,49.03,0.39
4350,2021-05-16,CAM,51162,23230,27932,32760,17588,814,0,ITF,ITF3,15,Campania,Campania,5801692,2896003,49.92,0.88
4351,2021-02-20,CAM,8573,3080,5493,8087,303,183,0,ITF,ITF3,15,Campania,Campania,5801692,2904576,50.06,0.15
4352,2021-02-03,CAM,8910,4006,4904,843,8031,36,0,ITF,ITF3,15,Campania,Campania,5801692,2913486,50.22,0.15
4353,2020-12-27,CAM,720,422,298,716,0,4,0,ITF,ITF3,15,Campania,Campania,5801692,2914206,50.23,0.01
4354,2021-07-29,CAM,48505,24347,24158,13402,34141,962,0,ITF,ITF3,15,Campania,Campania,5801692,2962711,51.07,0.84
4355,2021-04-20,CAM,32184,15557,16627,20226,11338,620,0,ITF,ITF3,15,Campania,Campania,5801692,2994895,51.62,0.55
4356,2021-06-28,CAM,46536,22742,23794,20363,25414,759,0,ITF,ITF3,15,Campania,Campania,5801692,3041431,52.42,0.8
4357,2021-03-20,CAM,13990,6531,7459,9968,3739,283,0,ITF,ITF3,15,Campania,Campania,5801692,3055421,52.66,0.24
4358,2021-03-08,CAM,14695,6853,7842,9431,4781,483,0,ITF,ITF3,15,Campania,Campania,5801692,3070116,52.92,0.25
4359,2021-07-14,CAM,51122,24587,26535,4242,46504,376,0,ITF,ITF3,15,Campania,Campania,5801692,3121238,53.8,0.88
4360,2021-09-07,CAM,20544,10391,10153,9490,10187,867,0,ITF,ITF3,15,Campania,Campania,5801692,3141782,54.15,0.35
4361,2021-02-08,CAM,5128,2459,2669,4162,815,151,0,ITF,ITF3,15,Campania,Campania,5801692,3146910,54.24,0.09
4362,2021-01-05,CAM,7237,3637,3600,7074,0,163,0,ITF,ITF3,15,Campania,Campania,5801692,3154147,54.37,0.12
4363,2021-09-16,CAM,14447,7224,7223,6138,7676,633,0,ITF,ITF3,15,Campania,Campania,5801692,3168594,54.61,0.25
4364,2021-02-17,CAM,7419,3229,4190,6210,1073,136,0,ITF,ITF3,15,Campania,Campania,5801692,3176013,54.74,0.13
4365,2021-04-15,CAM,34355,16667,17688,23754,9908,693,0,ITF,ITF3,15,Campania,Campania,5801692,3210368,55.34,0.59
4366,2021-04-13,CAM,26618,12690,13928,20523,5539,556,0,ITF,ITF3,15,Campania,Campania,5801692,3236986,55.79,0.46
4367,2021-01-03,CAM,3836,2009,1827,3787,0,49,0,ITF,ITF3,15,Campania,Campania,5801692,3240822,55.86,0.07
4368,2021-07-05,CAM,63327,30528,32799,12609,49902,816,0,ITF,ITF3,15,Campania,Campania,5801692,3304149,56.95,1.09
4369,2021-09-09,CAM,18403,9416,8987,8209,9379,815,0,ITF,ITF3,15,Campania,Campania,5801692,3322552,57.27,0.32
4370,2021-05-18,CAM,52280,23285,28995,31817,19732,731,0,ITF,ITF3,15,Campania,Campania,5801692,3374832,58.17,0.9
4371,2021-08-31,CAM,27780,13966,13814,10812,15976,992,0,ITF,ITF3,15,Campania,Campania,5801692,3402612,58.65,0.48
4372,2021-02-15,CAM,5472,2516,2956,5148,175,149,0,ITF,ITF3,15,Campania,Campania,5801692,3408084,58.74,0.09
4373,2021-06-09,CAM,53066,26053,27013,41401,10918,747,0,ITF,ITF3,15,Campania,Campania,5801692,3461150,59.66,0.91
4374,2021-03-01,CAM,12134,4249,7885,7736,4113,285,0,ITF,ITF3,15,Campania,Campania,5801692,3473284,59.87,0.21
4375,2021-08-17,CAM,22281,12044,10237,7290,14442,549,0,ITF,ITF3,15,Campania,Campania,5801692,3495565,60.25,0.38
4376,2021-05-09,CAM,43216,20294,22922,30861,11108,1247,0,ITF,ITF3,15,Campania,Campania,5801692,3538781,61.0,0.74
4377,2021-01-10,CAM,8165,3736,4429,7962,0,203,0,ITF,ITF3,15,Campania,Campania,5801692,3546946,61.14,0.14
4378,2021-05-04,CAM,48481,23344,25137,38197,8907,1377,0,ITF,ITF3,15,Campania,Campania,5801692,3595427,61.97,0.84
4379,2021-01-24,CAM,4123,2120,2003,361,3745,17,0,ITF,ITF3,15,Campania,Campania,5801692,3599550,62.04,0.07
4380,2021-08-21,CAM,9802,5396,4406,4078,5343,381,0,ITF,ITF3,15,Campania,Campania,5801692,3609352,62.21,0.17
4381,2021-05-13,CAM,55454,24831,30623,37688,16025,1741,0,ITF,ITF3,15,Campania,Campania,5801692,3664806,63.17,0.96
4382,2021-07-09,CAM,61511,29782,31729,4297,56846,368,0,ITF,ITF3,15,Campania,Campania,5801692,3726317,64.23,1.06
4383,2021-01-31,CAM,8069,3712,4357,21,8047,1,0,ITF,ITF3,15,Campania,Campania,5801692,3734386,64.37,0.14
4384,2021-09-14,CAM,15836,7795,8041,6764,8371,701,0,ITF,ITF3,15,Campania,Campania,5801692,3750222,64.64,0.27
4385,2021-02-01,CAM,3988,1814,2174,104,3876,8,0,ITF,ITF3,15,Campania,Campania,5801692,3754210,64.71,0.07
4386,2021-03-30,CAM,22062,10585,11477,18540,2959,563,0,ITF,ITF3,15,Campania,Campania,5801692,3776272,65.09,0.38
4387,2021-08-09,CAM,25087,13084,12003,13667,10466,954,0,ITF,ITF3,15,Campania,Campania,5801692,3801359,65.52,0.43
4388,2021-02-05,CAM,7268,3464,3804,2023,5130,115,0,ITF,ITF3,15,Campania,Campania,5801692,3808627,65.65,0.13
4389,2021-08-07,CAM,17200,9180,8020,11201,5290,709,0,ITF,ITF3,15,Campania,Campania,5801692,3825827,65.94,0.3
4390,2021-04-29,CAM,41557,20181,21376,23956,16750,851,0,ITF,ITF3,15,Campania,Campania,5801692,3867384,66.66,0.72
4391,2021-01-19,CAM,1110,485,625,1055,5,50,0,ITF,ITF3,15,Campania,Campania,5801692,3868494,66.68,0.02
4392,2021-07-21,CAM,50179,24428,25751,8336,40889,954,0,ITF,ITF3,15,Campania,Campania,5801692,3918673,67.54,0.86
4393,2021-07-28,CAM,49460,24550,24910,13719,34782,959,0,ITF,ITF3,15,Campania,Campania,5801692,3968133,68.4,0.85
4394,2021-04-05,CAM,11641,5541,6100,8888,2424,329,0,ITF,ITF3,15,Campania,Campania,5801692,3979774,68.6,0.2
4395,2021-03-17,CAM,11599,5103,6496,4845,6591,163,0,ITF,ITF3,15,Campania,Campania,5801692,3991373,68.8,0.2
4396,2021-06-11,CAM,70849,34427,36422,63433,6058,1358,0,ITF,ITF3,15,Campania,Campania,5801692,4062222,70.02,1.22
4397,2021-03-03,CAM,13925,5496,8429,7065,6632,228,0,ITF,ITF3,15,Campania,Campania,5801692,4076147,70.26,0.24
4398,2021-06-25,CAM,65519,31805,33714,13589,51348,582,0,ITF,ITF3,15,Campania,Campania,5801692,4141666,71.39,1.13
4399,2021-07-07,CAM,52316,24824,27492,7090,44645,581,0,ITF,ITF3,15,Campania,Campania,5801692,4193982,72.29,0.9
4400,2021-03-29,CAM,19412,9580,9832,17405,1551,456,0,ITF,ITF3,15,Campania,Campania,5801692,4213394,72.62,0.33
4401,2021-04-03,CAM,21120,10316,10804,18226,2383,511,0,ITF,ITF3,15,Campania,Campania,5801692,4234514,72.99,0.36
4402,2021-08-16,CAM,12469,6697,5772,6209,5727,533,0,ITF,ITF3,15,Campania,Campania,5801692,4246983,73.2,0.21
4403,2021-05-11,CAM,39891,19253,20638,29510,9407,974,0,ITF,ITF3,15,Campania,Campania,5801692,4286874,73.89,0.69
4404,2021-06-22,CAM,52455,25015,27440,13060,39005,390,0,ITF,ITF3,15,Campania,Campania,5801692,4339329,74.79,0.9
4405,2021-03-14,CAM,8620,3829,4791,4356,4142,122,0,ITF,ITF3,15,Campania,Campania,5801692,4347949,74.94,0.15
4406,2021-05-10,CAM,35484,16397,19087,24798,9934,752,0,ITF,ITF3,15,Campania,Campania,5801692,4383433,75.55,0.61
4407,2021-06-08,CAM,53116,25878,27238,45216,7081,819,0,ITF,ITF3,15,Campania,Campania,5801692,4436549,76.47,0.92
4408,2021-04-17,CAM,36204,17518,18686,23923,11518,763,0,ITF,ITF3,15,Campania,Campania,5801692,4472753,77.09,0.62
4409,2021-09-21,CAM,19066,9802,9264,8976,8965,879,246,ITF,ITF3,15,Campania,Campania,5801692,4491819,77.42,0.33
4410,2021-06-13,CAM,43428,21243,22185,37845,4731,852,0,ITF,ITF3,15,Campania,Campania,5801692,4535247,78.17,0.75
4411,2021-05-30,CAM,52172,25453,26719,37946,13330,896,0,ITF,ITF3,15,Campania,Campania,5801692,4587419,79.07,0.9
4412,2021-02-19,CAM,9588,3569,6019,8681,662,245,0,ITF,ITF3,15,Campania,Campania,5801692,4597007,79.24,0.17
4413,2021-07-26,CAM,48868,24321,24547,10200,37946,722,0,ITF,ITF3,15,Campania,Campania,5801692,4645875,80.08,0.84
4414,2021-01-21,CAM,2106,1125,981,678,1421,7,0,ITF,ITF3,15,Campania,Campania,5801692,4647981,80.11,0.04
4415,2021-09-02,CAM,25523,13190,12333,10152,14456,915,0,ITF,ITF3,15,Campania,Campania,5801692,4673504,80.55,0.44
4416,2021-05-25,CAM,46576,22432,24144,22547,23461,568,0,ITF,ITF3,15,Campania,Campania,5801692,4720080,81.36,0.8
4417,2021-04-22,CAM,34122,16637,17485,20869,12547,706,0,ITF,ITF3,15,Campania,Campania,5801692,4754202,81.95,0.59
4418,2021-05-23,CAM,58767,28649,30118,37206,20907,654,0,ITF,ITF3,15,Campania,Campania,5801692,4812969,82.96,1.01
4419,2021-02-12,CAM,6565,2878,3687,6083,219,263,0,ITF,ITF3,15,Campania,Campania,5801692,4819534,83.07,0.11
4420,2021-01-29,CAM,10086,4822,5264,67,10015,4,0,ITF,ITF3,15,Campania,Campania,5801692,4829620,83.25,0.17
4421,2021-06-27,CAM,43561,21452,22109,13972,29073,516,0,ITF,ITF3,15,Campania,Campania,5801692,4873181,84.0,0.75
4422,2021-06-20,CAM,47618,22751,24867,14186,33000,432,0,ITF,ITF3,15,Campania,Campania,5801692,4920799,84.82,0.82
4423,2021-03-27,CAM,21519,10244,11275,17196,3869,454,0,ITF,ITF3,15,Campania,Campania,5801692,4942318,85.19,0.37
4424,2021-06-01,CAM,42312,20991,21321,31431,10552,329,0,ITF,ITF3,15,Campania,Campania,5801692,4984630,85.92,0.73
4425,2021-06-18,CAM,65899,31406,34493,34788,30312,799,0,ITF,ITF3,15,Campania,Campania,5801692,5050529,87.05,1.14
4426,2021-03-10,CAM,15640,7740,7900,8419,6853,368,0,ITF,ITF3,15,Campania,Campania,5801692,5066169,87.32,0.27
4427,2021-07-11,CAM,40870,19671,21199,1000,39776,94,0,ITF,ITF3,15,Campania,Campania,5801692,5107039,88.03,0.7
4428,2021-02-02,CAM,5736,2813,2923,417,5288,31,0,ITF,ITF3,15,Campania,Campania,5801692,5112775,88.13,0.1
4429,2021-03-31,CAM,23209,11384,11825,19302,3444,463,0,ITF,ITF3,15,Campania,Campania,5801692,5135984,88.53,0.4
4430,2021-07-18,CAM,31388,15808,15580,3766,27169,453,0,ITF,ITF3,15,Campania,Campania,5801692,5167372,89.07,0.54
4431,2020-12-31,CAM,1490,811,679,1470,0,20,0,ITF,ITF3,15,Campania,Campania,5801692,5168862,89.09,0.03
4432,2021-06-06,CAM,63234,31450,31784,61534,651,1049,0,ITF,ITF3,15,Campania,Campania,5801692,5232096,90.18,1.09
4433,2021-02-26,CAM,13366,4236,9130,11682,1368,316,0,ITF,ITF3,15,Campania,Campania,5801692,5245462,90.41,0.23
4434,2021-08-02,CAM,41769,21213,20556,12998,28015,756,0,ITF,ITF3,15,Campania,Campania,5801692,5287231,91.13,0.72
4435,2021-04-24,CAM,36387,17539,18848,24297,11249,841,0,ITF,ITF3,15,Campania,Campania,5801692,5323618,91.76,0.63
4436,2021-07-19,CAM,44001,21547,22454,5137,38378,486,0,ITF,ITF3,15,Campania,Campania,5801692,5367619,92.52,0.76
4437,2021-08-04,CAM,29839,15309,14530,15748,13101,990,0,ITF,ITF3,15,Campania,Campania,5801692,5397458,93.03,0.51
4438,2021-04-26,CAM,34059,16653,17406,27508,5630,921,0,ITF,ITF3,15,Campania,Campania,5801692,5431517,93.62,0.59
4439,2021-03-07,CAM,11975,5407,6568,7761,3844,370,0,ITF,ITF3,15,Campania,Campania,5801692,5443492,93.83,0.21
4440,2021-08-11,CAM,21054,11097,9957,12035,8144,875,0,ITF,ITF3,15,Campania,Campania,5801692,5464546,94.19,0.36
4441,2021-05-03,CAM,40764,19895,20869,27825,11874,1065,0,ITF,ITF3,15,Campania,Campania,5801692,5505310,94.89,0.7
4442,2021-07-23,CAM,61840,30810,31030,8325,52873,642,0,ITF,ITF3,15,Campania,Campania,5801692,5567150,95.96,1.07
4443,2021-04-14,CAM,27667,13339,14328,18611,8592,464,0,ITF,ITF3,15,Campania,Campania,5801692,5594817,96.43,0.48
4444,2021-05-01,CAM,46357,22669,23688,29229,16118,1010,0,ITF,ITF3,15,Campania,Campania,5801692,5641174,97.23,0.8
4445,2021-07-06,CAM,56709,27081,29628,15778,40115,816,0,ITF,ITF3,15,Campania,Campania,5801692,5697883,98.21,0.98
4446,2021-04-12,CAM,23312,10922,12390,19730,3038,544,0,ITF,ITF3,15,Campania,Campania,5801692,5721195,98.61,0.4
4447,2021-01-02,CAM,3672,1963,1709,3614,0,58,0,ITF,ITF3,15,Campania,Campania,5801692,5724867,98.68,0.06
4448,2021-01-12,CAM,5221,2569,2652,5082,0,139,0,ITF,ITF3,15,Campania,Campania,5801692,5730088,98.77,0.09
4449,2021-08-14,CAM,4919,2804,2115,2051,2706,162,0,ITF,ITF3,15,Campania,Campania,5801692,5735007,98.85,0.08
4450,2021-05-06,CAM,57625,28141,29484,41137,14779,1709,0,ITF,ITF3,15,Campania,Campania,5801692,5792632,99.84,0.99
4451,2021-09-01,CAM,27215,13717,13498,10223,16119,873,0,ITF,ITF3,15,Campania,Campania,5801692,5819847,100.31,0.47
4452,2021-08-18,CAM,19593,10346,9247,7726,11293,574,0,ITF,ITF3,15,Campania,Campania,5801692,5839440,100.65,0.34
4453,2021-03-19,CAM,11153,4979,6174,7069,3877,207,0,ITF,ITF3,15,Campania,Campania,5801692,5850593,100.84,0.19
4454,2021-09-18,CAM,13883,7780,6103,7204,5947,731,1,ITF,ITF3,15,Campania,Campania,5801692,5864476,101.08,0.24
4455,2021-06-10,CAM,76020,36715,39305,67576,7110,1334,0,ITF,ITF3,15,Campania,Campania,5801692,5940496,102.39,1.31
4456,2021-08-06,CAM,31229,16259,14970,17518,12646,1065,0,ITF,ITF3,15,Campania,Campania,5801692,5971725,102.93,0.54
4457,2021-08-23,CAM,23724,12362,11362,9504,13352,868,0,ITF,ITF3,15,Campania,Campania,5801692,5995449,103.34,0.41
4458,2021-05-15,CAM,62827,29089,33738,41935,18879,2013,0,ITF,ITF3,15,Campania,Campania,5801692,6058276,104.42,1.08
4459,2021-09-13,CAM,18285,9030,9255,8255,9247,783,0,ITF,ITF3,15,Campania,Campania,5801692,6076561,104.74,0.32
4460,2021-04-07,CAM,24979,11992,12987,19636,4726,617,0,ITF,ITF3,15,Campania,Campania,5801692,6101540,105.17,0.43
4461,2021-07-16,CAM,61067,29875,31192,6504,53921,642,0,ITF,ITF3,15,Campania,Campania,5801692,6162607,106.22,1.05
4462,2021-04-10,CAM,28368,13502,14866,22756,4917,695,0,ITF,ITF3,15,Campania,Campania,5801692,6190975,106.71,0.49
4463,2021-01-07,CAM,8909,4167,4742,8734,0,175,0,ITF,ITF3,15,Campania,Campania,5801692,6199884,106.86,0.15
4464,2021-03-05,CAM,16823,6668,10155,9821,6672,330,0,ITF,ITF3,15,Campania,Campania,5801692,6216707,107.15,0.29
4465,2021-05-08,CAM,56455,27150,29305,38985,15851,1619,0,ITF,ITF3,15,Campania,Campania,5801692,6273162,108.13,0.97
4466,2021-01-28,CAM,8851,4130,4721,140,8703,8,0,ITF,ITF3,15,Campania,Campania,5801692,6282013,108.28,0.15
4467,2021-07-30,CAM,44828,22822,22006,14308,29502,1018,0,ITF,ITF3,15,Campania,Campania,5801692,6326841,109.05,0.77
4468,2021-04-21,CAM,30355,14773,15582,17543,12232,580,0,ITF,ITF3,15,Campania,Campania,5801692,6357196,109.57,0.52
4469,2021-02-28,CAM,10412,3208,7204,8273,1901,238,0,ITF,ITF3,15,Campania,Campania,5801692,6367608,109.75,0.18
4470,2021-02-14,CAM,3928,1922,2006,3841,34,53,0,ITF,ITF3,15,Campania,Campania,5801692,6371536,109.82,0.07
4471,2021-01-26,CAM,7350,3733,3617,335,6994,21,0,ITF,ITF3,15,Campania,Campania,5801692,6378886,109.95,0.13
4472,2021-04-02,CAM,21871,10528,11343,19035,2324,512,0,ITF,ITF3,15,Campania,Campania,5801692,6400757,110.33,0.38
4473,2021-06-17,CAM,60218,28867,31351,32674,26801,743,0,ITF,ITF3,15,Campania,Campania,5801692,6460975,111.36,1.04
4474,2021-07-04,CAM,48825,23767,25058,6152,42322,351,0,ITF,ITF3,15,Campania,Campania,5801692,6509800,112.21,0.84
4475,2021-03-26,CAM,19873,9328,10545,15589,3819,465,0,ITF,ITF3,15,Campania,Campania,5801692,6529673,112.55,0.34
4476,2021-03-12,CAM,14584,7415,7169,8131,6089,364,0,ITF,ITF3,15,Campania,Campania,5801692,6544257,112.8,0.25
4477,2021-09-11,CAM,11882,6428,5454,6209,4953,720,0,ITF,ITF3,15,Campania,Campania,5801692,6556139,113.0,0.2
4478,2021-06-03,CAM,72656,35242,37414,60806,10683,1167,0,ITF,ITF3,15,Campania,Campania,5801692,6628795,114.26,1.25
4479,2021-02-23,CAM,11020,3399,7621,10150,544,326,0,ITF,ITF3,15,Campania,Campania,5801692,6639815,114.45,0.19
4480,2021-06-29,CAM,49362,24017,25345,19652,29151,559,0,ITF,ITF3,15,Campania,Campania,5801692,6689177,115.3,0.85
4481,2021-06-15,CAM,18690,9096,9594,10975,7424,291,0,ITF,ITF3,15,Campania,Campania,5801692,6707867,115.62,0.32
4482,2021-08-13,CAM,16869,9153,7716,9711,6606,552,0,ITF,ITF3,15,Campania,Campania,5801692,6724736,115.91,0.29
4483,2021-01-14,CAM,7082,2983,4099,6816,0,266,0,ITF,ITF3,15,Campania,Campania,5801692,6731818,116.03,0.12
4484,2021-08-25,CAM,22837,12020,10817,8688,13422,727,0,ITF,ITF3,15,Campania,Campania,5801692,6754655,116.43,0.39
4485,2021-02-21,CAM,5840,2242,3598,5486,228,126,0,ITF,ITF3,15,Campania,Campania,5801692,6760495,116.53,0.1
4486,2021-04-19,CAM,30787,14835,15952,18637,11592,558,0,ITF,ITF3,15,Campania,Campania,5801692,6791282,117.06,0.53
4487,2021-01-09,CAM,10564,5022,5542,10301,0,263,0,ITF,ITF3,15,Campania,Campania,5801692,6801846,117.24,0.18
4488,2021-09-20,CAM,17962,9447,8515,7361,9476,717,408,ITF,ITF3,15,Campania,Campania,5801692,6819808,117.55,0.31
4489,2021-02-18,CAM,9110,3833,5277,8146,727,237,0,ITF,ITF3,15,Campania,Campania,5801692,6828918,117.71,0.16
4490,2021-04-25,CAM,30744,15178,15566,24513,5408,823,0,ITF,ITF3,15,Campania,Campania,5801692,6859662,118.24,0.53
4491,2021-01-13,CAM,8031,3676,4355,7785,0,246,0,ITF,ITF3,15,Campania,Campania,5801692,6867693,118.37,0.14
4492,2021-04-18,CAM,27223,13287,13936,17760,8904,559,0,ITF,ITF3,15,Campania,Campania,5801692,6894916,118.84,0.47
4493,2021-01-08,CAM,10459,4970,5489,10194,0,265,0,ITF,ITF3,15,Campania,Campania,5801692,6905375,119.02,0.18
4494,2021-04-27,CAM,32172,15634,16538,23408,7931,833,0,ITF,ITF3,15,Campania,Campania,5801692,6937547,119.58,0.55
4495,2021-06-23,CAM,46779,22097,24682,10570,35806,403,0,ITF,ITF3,15,Campania,Campania,5801692,6984326,120.38,0.81
4496,2021-08-05,CAM,35178,18033,17145,17276,16833,1069,0,ITF,ITF3,15,Campania,Campania,5801692,7019504,120.99,0.61
4497,2021-01-15,CAM,5000,2394,2606,4840,0,160,0,ITF,ITF3,15,Campania,Campania,5801692,7024504,121.08,0.09
4498,2021-06-21,CAM,46924,22687,24237,11191,35295,438,0,ITF,ITF3,15,Campania,Campania,5801692,7071428,121.89,0.81
4499,2021-03-13,CAM,14526,7044,7482,8944,5283,299,0,ITF,ITF3,15,Campania,Campania,5801692,7085954,122.14,0.25
4500,2021-03-22,CAM,13189,6354,6835,10807,2045,337,0,ITF,ITF3,15,Campania,Campania,5801692,7099143,122.36,0.23
4501,2021-02-07,CAM,2929,1382,1547,2066,771,92,0,ITF,ITF3,15,Campania,Campania,5801692,7102072,122.41,0.05
4502,2021-06-30,CAM,47675,22778,24897,18188,28661,826,0,ITF,ITF3,15,Campania,Campania,5801692,7149747,123.24,0.82
4503,2021-09-04,CAM,18064,9829,8235,8628,8444,992,0,ITF,ITF3,15,Campania,Campania,5801692,7167811,123.55,0.31
4504,2021-01-17,CAM,1155,551,604,682,453,20,0,ITF,ITF3,15,Campania,Campania,5801692,7168966,123.57,0.02
4505,2021-03-15,CAM,13357,6501,6856,8303,4749,305,0,ITF,ITF3,15,Campania,Campania,5801692,7182323,123.8,0.23
4506,2021-07-02,CAM,55895,27013,28882,14323,40965,607,0,ITF,ITF3,15,Campania,Campania,5801692,7238218,124.76,0.96
4507,2021-08-28,CAM,17709,9615,8094,5359,11842,508,0,ITF,ITF3,15,Campania,Campania,5801692,7255927,125.07,0.31
4508,2021-05-27,CAM,73054,35403,37651,25810,46663,581,0,ITF,ITF3,15,Campania,Campania,5801692,7328981,126.32,1.26
4509,2021-02-16,CAM,5471,2431,3040,4498,787,186,0,ITF,ITF3,15,Campania,Campania,5801692,7334452,126.42,0.09
4510,2021-05-22,CAM,68135,32558,35577,45597,21662,876,0,ITF,ITF3,15,Campania,Campania,5801692,7402587,127.59,1.17
4511,2021-08-30,CAM,29112,15016,14096,9721,18550,841,0,ITF,ITF3,15,Campania,Campania,5801692,7431699,128.1,0.5
4512,2021-03-24,CAM,17924,8371,9553,14567,2958,399,0,ITF,ITF3,15,Campania,Campania,5801692,7449623,128.4,0.31
4513,2021-05-20,CAM,61062,28279,32783,42249,17823,990,0,ITF,ITF3,15,Campania,Campania,5801692,7510685,129.46,1.05
4514,2021-02-09,CAM,4654,2209,2445,4228,263,163,0,ITF,ITF3,15,Campania,Campania,5801692,7515339,129.54,0.08
4515,2021-09-06,CAM,22769,11628,11141,10653,11056,1060,0,ITF,ITF3,15,Campania,Campania,5801692,7538108,129.93,0.39
4516,2021-05-29,CAM,67884,32284,35600,43050,23968,866,0,ITF,ITF3,15,Campania,Campania,5801692,7605992,131.1,1.17
4517,2021-07-25,CAM,23227,11805,11422,4215,18740,272,0,ITF,ITF3,15,Campania,Campania,5801692,7629219,131.5,0.4
4518,2021-08-29,SIC,14529,7930,6599,4756,9627,146,0,ITG,ITG1,19,Sicilia,Sicilia,4999891,14529,0.29,0.29
4519,2021-02-25,SIC,9941,5208,4733,8684,1164,93,0,ITG,ITG1,19,Sicilia,Sicilia,4999891,24470,0.49,0.2
4520,2021-06-05,SIC,59966,28525,31441,48734,10602,630,0,ITG,ITG1,19,Sicilia,Sicilia,4999891,84436,1.69,1.2
4521,2021-03-14,SIC,8784,3931,4853,4895,3837,52,0,ITG,ITG1,19,Sicilia,Sicilia,4999891,93220,1.86,0.18
4522,2021-01-30,SIC,7735,3556,4179,140,7592,3,0,ITG,ITG1,19,Sicilia,Sicilia,4999891,100955,2.02,0.15
4523,2021-03-28,SIC,10993,5154,5839,6910,4013,70,0,ITG,ITG1,19,Sicilia,Sicilia,4999891,111948,2.24,0.22
4524,2021-09-10,SIC,25218,12577,12641,8817,15966,435,0,ITG,ITG1,19,Sicilia,Sicilia,4999891,137166,2.74,0.5
4525,2021-07-15,SIC,48437,22477,25960,8011,40163,263,0,ITG,ITG1,19,Sicilia,Sicilia,4999891,185603,3.71,0.97
4526,2021-08-03,SIC,32103,15754,16349,13904,17779,420,0,ITG,ITG1,19,Sicilia,Sicilia,4999891,217706,4.35,0.64
4527,2021-08-15,SIC,2513,1428,1085,1509,954,50,0,ITG,ITG1,19,Sicilia,Sicilia,4999891,220219,4.4,0.05
4528,2021-08-01,SIC,19971,10433,9538,7855,11968,148,0,ITG,ITG1,19,Sicilia,Sicilia,4999891,240190,4.8,0.4
4529,2021-06-19,SIC,44307,21065,23242,18761,25223,323,0,ITG,ITG1,19,Sicilia,Sicilia,4999891,284497,5.69,0.89
4530,2021-04-23,SIC,28634,13724,14910,22407,5842,385,0,ITG,ITG1,19,Sicilia,Sicilia,4999891,313131,6.26,0.57
4531,2021-09-15,SIC,21374,10715,10659,7463,13524,387,0,ITG,ITG1,19,Sicilia,Sicilia,4999891,334505,6.69,0.43
4532,2021-06-24,SIC,42371,19673,22698,17634,24376,361,0,ITG,ITG1,19,Sicilia,Sicilia,4999891,376876,7.54,0.85
4533,2021-06-07,SIC,49696,23420,26276,41116,8043,537,0,ITG,ITG1,19,Sicilia,Sicilia,4999891,426572,8.53,0.99
4534,2021-01-25,SIC,7458,3692,3766,266,7185,7,0,ITG,ITG1,19,Sicilia,Sicilia,4999891,434030,8.68,0.15
4535,2021-04-11,SIC,15378,7595,7783,8225,7040,113,0,ITG,ITG1,19,Sicilia,Sicilia,4999891,449408,8.99,0.31
4536,2021-07-20,SIC,48521,23636,24885,12795,35364,362,0,ITG,ITG1,19,Sicilia,Sicilia,4999891,497929,9.96,0.97
4537,2020-12-30,SIC,231,140,91,230,0,1,0,ITG,ITG1,19,Sicilia,Sicilia,4999891,498160,9.96,0.0
4538,2021-01-16,SIC,2737,1221,1516,2716,0,21,0,ITG,ITG1,19,Sicilia,Sicilia,4999891,500897,10.02,0.05
4539,2021-07-01,SIC,31037,14099,16938,10777,20002,258,0,ITG,ITG1,19,Sicilia,Sicilia,4999891,531934,10.64,0.62
4540,2021-02-13,SIC,2979,1124,1855,2686,256,37,0,ITG,ITG1,19,Sicilia,Sicilia,4999891,534913,10.7,0.06
4541,2021-05-24,SIC,35896,17455,18441,15596,20066,234,0,ITG,ITG1,19,Sicilia,Sicilia,4999891,570809,11.42,0.72
4542,2021-03-02,SIC,14783,6380,8403,11886,2781,116,0,ITG,ITG1,19,Sicilia,Sicilia,4999891,585592,11.71,0.3
4543,2021-01-04,SIC,8686,4330,4356,8636,0,50,0,ITG,ITG1,19,Sicilia,Sicilia,4999891,594278,11.89,0.17
4544,2021-01-18,SIC,1627,676,951,1456,160,11,0,ITG,ITG1,19,Sicilia,Sicilia,4999891,595905,11.92,0.03
4545,2021-04-28,SIC,29291,13725,15566,19712,9165,414,0,ITG,ITG1,19,Sicilia,Sicilia,4999891,625196,12.5,0.59
4546,2021-02-11,SIC,5239,2061,3178,4654,467,118,0,ITG,ITG1,19,Sicilia,Sicilia,4999891,630435,12.61,0.1
4547,2021-04-04,SIC,6800,3323,3477,5433,1295,72,0,ITG,ITG1,19,Sicilia,Sicilia,4999891,637235,12.74,0.14
4548,2021-07-13,SIC,46141,21177,24964,6919,39001,221,0,ITG,ITG1,19,Sicilia,Sicilia,4999891,683376,13.67,0.92
4549,2021-09-17,SIC,21226,10774,10452,7996,12759,471,0,ITG,ITG1,19,Sicilia,Sicilia,4999891,704602,14.09,0.42
4550,2021-06-26,SIC,37269,17782,19487,16349,20612,308,0,ITG,ITG1,19,Sicilia,Sicilia,4999891,741871,14.84,0.75
4551,2021-04-30,SIC,35061,16358,18703,23518,11057,486,0,ITG,ITG1,19,Sicilia,Sicilia,4999891,776932,15.54,0.7
4552,2021-03-04,SIC,15262,6710,8552,11010,4122,130,0,ITG,ITG1,19,Sicilia,Sicilia,4999891,792194,15.84,0.31
4553,2021-08-08,SIC,15321,8133,7188,7413,7716,192,0,ITG,ITG1,19,Sicilia,Sicilia,4999891,807515,16.15,0.31
4554,2021-06-12,SIC,45807,22403,23404,39374,5897,536,0,ITG,ITG1,19,Sicilia,Sicilia,4999891,853322,17.07,0.92
4555,2021-05-31,SIC,38142,17172,20970,21286,16560,296,0,ITG,ITG1,19,Sicilia,Sicilia,4999891,891464,17.83,0.76
4556,2021-09-08,SIC,20320,10120,10200,9209,10704,407,0,ITG,ITG1,19,Sicilia,Sicilia,4999891,911784,18.24,0.41
4557,2021-08-22,SIC,10330,5504,4826,3914,6298,118,0,ITG,ITG1,19,Sicilia,Sicilia,4999891,922114,18.44,0.21
4558,2021-04-09,SIC,20237,9844,10393,10919,9050,268,0,ITG,ITG1,19,Sicilia,Sicilia,4999891,942351,18.85,0.4
4559,2021-03-23,SIC,20975,10092,10883,15232,5567,176,0,ITG,ITG1,19,Sicilia,Sicilia,4999891,963326,19.27,0.42
4560,2021-09-22,SIC,18665,9483,9182,5914,12427,284,40,ITG,ITG1,19,Sicilia,Sicilia,4999891,981991,19.64,0.37
4561,2020-12-28,SIC,270,166,104,269,0,1,0,ITG,ITG1,19,Sicilia,Sicilia,4999891,982261,19.65,0.01
4562,2021-05-05,SIC,26410,12235,14175,16276,9687,447,0,ITG,ITG1,19,Sicilia,Sicilia,4999891,1008671,20.17,0.53
4563,2021-05-19,SIC,42919,20778,22141,28196,14339,384,0,ITG,ITG1,19,Sicilia,Sicilia,4999891,1051590,21.03,0.86
4564,2021-07-27,SIC,43345,21484,21861,19272,23609,464,0,ITG,ITG1,19,Sicilia,Sicilia,4999891,1094935,21.9,0.87
4565,2021-08-27,SIC,23367,11881,11486,9852,13187,328,0,ITG,ITG1,19,Sicilia,Sicilia,4999891,1118302,22.37,0.47
4566,2021-05-17,SIC,31941,15412,16529,18996,12648,297,0,ITG,ITG1,19,Sicilia,Sicilia,4999891,1150243,23.01,0.64
4567,2021-03-21,SIC,15228,7347,7881,11184,3971,73,0,ITG,ITG1,19,Sicilia,Sicilia,4999891,1165471,23.31,0.3
4568,2021-02-06,SIC,4736,2119,2617,1450,3266,20,0,ITG,ITG1,19,Sicilia,Sicilia,4999891,1170207,23.4,0.09
4569,2021-08-10,SIC,21833,10877,10956,10651,10918,264,0,ITG,ITG1,19,Sicilia,Sicilia,4999891,1192040,23.84,0.44
4570,2021-02-23,SIC,8785,4667,4118,8229,468,88,0,ITG,ITG1,19,Sicilia,Sicilia,4999891,1200825,24.02,0.18
4571,2021-03-09,SIC,13191,5781,7410,10842,2218,131,0,ITG,ITG1,19,Sicilia,Sicilia,4999891,1214016,24.28,0.26
4572,2021-01-11,SIC,5936,2621,3315,5875,0,61,0,ITG,ITG1,19,Sicilia,Sicilia,4999891,1219952,24.4,0.12
4573,2021-04-16,SIC,28872,14504,14368,20242,8303,327,0,ITG,ITG1,19,Sicilia,Sicilia,4999891,1248824,24.98,0.58
4574,2021-01-23,SIC,4494,2313,2181,209,4275,10,0,ITG,ITG1,19,Sicilia,Sicilia,4999891,1253318,25.07,0.09
4575,2021-01-06,SIC,6270,3301,2969,6206,0,64,0,ITG,ITG1,19,Sicilia,Sicilia,4999891,1259588,25.19,0.13
4576,2021-04-02,SIC,13906,6561,7345,9046,4738,122,0,ITG,ITG1,19,Sicilia,Sicilia,4999891,1273494,25.47,0.28
4577,2021-02-10,SIC,4355,1777,2578,3887,384,84,0,ITG,ITG1,19,Sicilia,Sicilia,4999891,1277849,25.56,0.09
4578,2021-05-21,SIC,48724,23084,25640,26667,21631,426,0,ITG,ITG1,19,Sicilia,Sicilia,4999891,1326573,26.53,0.97
4579,2021-06-04,SIC,57873,26771,31102,45396,11962,515,0,ITG,ITG1,19,Sicilia,Sicilia,4999891,1384446,27.69,1.16
4580,2021-09-12,SIC,14015,7470,6545,4975,8808,232,0,ITG,ITG1,19,Sicilia,Sicilia,4999891,1398461,27.97,0.28
4581,2021-05-07,SIC,36608,17283,19325,24569,11631,408,0,ITG,ITG1,19,Sicilia,Sicilia,4999891,1435069,28.7,0.73
4582,2021-03-11,SIC,15463,6716,8747,12889,2418,156,0,ITG,ITG1,19,Sicilia,Sicilia,4999891,1450532,29.01,0.31
4583,2021-01-27,SIC,7297,3714,3583,164,7132,1,0,ITG,ITG1,19,Sicilia,Sicilia,4999891,1457829,29.16,0.15
4584,2021-01-13,SIC,5194,2448,2746,5160,0,34,0,ITG,ITG1,19,Sicilia,Sicilia,4999891,1463023,29.26,0.1
4585,2021-01-20,SIC,969,513,456,691,275,3,0,ITG,ITG1,19,Sicilia,Sicilia,4999891,1463992,29.28,0.02
4586,2021-02-18,SIC,5342,3148,2194,4843,431,68,0,ITG,ITG1,19,Sicilia,Sicilia,4999891,1469334,29.39,0.11
4587,2021-05-12,SIC,36865,17395,19470,21400,14925,540,0,ITG,ITG1,19,Sicilia,Sicilia,4999891,1506199,30.12,0.74
4588,2021-08-20,SIC,18800,9360,9440,9859,8675,266,0,ITG,ITG1,19,Sicilia,Sicilia,4999891,1524999,30.5,0.38
4589,2021-07-17,SIC,49328,24296,25032,9313,39714,301,0,ITG,ITG1,19,Sicilia,Sicilia,4999891,1574327,31.49,0.99
4590,2021-04-08,SIC,19022,9346,9676,9280,9542,200,0,ITG,ITG1,19,Sicilia,Sicilia,4999891,1593349,31.87,0.38
4591,2021-06-16,SIC,40449,18808,21641,21271,18819,359,0,ITG,ITG1,19,Sicilia,Sicilia,4999891,1633798,32.68,0.81
4592,2021-03-25,SIC,20477,9535,10942,14746,5549,182,0,ITG,ITG1,19,Sicilia,Sicilia,4999891,1654275,33.09,0.41
4593,2021-07-03,SIC,33890,16290,17600,9032,24611,247,0,ITG,ITG1,19,Sicilia,Sicilia,4999891,1688165,33.76,0.68
4594,2021-03-16,SIC,9643,4334,5309,3568,6003,72,0,ITG,ITG1,19,Sicilia,Sicilia,4999891,1697808,33.96,0.19
4595,2021-07-08,SIC,38411,17500,20911,6531,31653,227,0,ITG,ITG1,19,Sicilia,Sicilia,4999891,1736219,34.73,0.77
4596,2021-02-27,SIC,12242,5506,6736,10937,1204,101,0,ITG,ITG1,19,Sicilia,Sicilia,4999891,1748461,34.97,0.24
4597,2021-07-12,SIC,49013,22617,26396,6439,42371,203,0,ITG,ITG1,19,Sicilia,Sicilia,4999891,1797474,35.95,0.98
4598,2021-04-06,SIC,17767,8487,9280,13255,4298,214,0,ITG,ITG1,19,Sicilia,Sicilia,4999891,1815241,36.31,0.36
4599,2021-02-22,SIC,7948,4132,3816,7369,493,86,0,ITG,ITG1,19,Sicilia,Sicilia,4999891,1823189,36.46,0.16
4600,2020-12-27,SIC,148,95,53,147,0,1,0,ITG,ITG1,19,Sicilia,Sicilia,4999891,1823337,36.47,0.0
4601,2021-06-02,SIC,35284,16298,18986,27102,7782,400,0,ITG,ITG1,19,Sicilia,Sicilia,4999891,1858621,37.17,0.71
4602,2021-09-19,SIC,12245,7016,5229,5032,7022,191,0,ITG,ITG1,19,Sicilia,Sicilia,4999891,1870866,37.42,0.24
4603,2021-03-01,SIC,12773,6076,6697,10989,1658,126,0,ITG,ITG1,19,Sicilia,Sicilia,4999891,1883639,37.67,0.26
4604,2021-08-12,SIC,15127,7585,7542,7975,6907,245,0,ITG,ITG1,19,Sicilia,Sicilia,4999891,1898766,37.98,0.3
4605,2021-04-01,SIC,14331,6627,7704,9515,4671,145,0,ITG,ITG1,19,Sicilia,Sicilia,4999891,1913097,38.26,0.29
4606,2021-07-10,SIC,46926,22359,24567,6059,40657,210,0,ITG,ITG1,19,Sicilia,Sicilia,4999891,1960023,39.2,0.94
4607,2021-03-18,SIC,15419,7759,7660,9739,5625,55,0,ITG,ITG1,19,Sicilia,Sicilia,4999891,1975442,39.51,0.31
4608,2021-08-26,SIC,20020,10110,9910,9098,10611,311,0,ITG,ITG1,19,Sicilia,Sicilia,4999891,1995462,39.91,0.4
4609,2021-02-07,SIC,2323,983,1340,664,1649,10,0,ITG,ITG1,19,Sicilia,Sicilia,4999891,1997785,39.96,0.05
4610,2021-07-14,SIC,47573,22031,25542,7933,39379,261,0,ITG,ITG1,19,Sicilia,Sicilia,4999891,2045358,40.91,0.95
4611,2021-05-18,SIC,36146,17402,18744,23244,12492,410,0,ITG,ITG1,19,Sicilia,Sicilia,4999891,2081504,41.63,0.72
4612,2021-02-20,SIC,7171,3707,3464,6802,272,97,0,ITG,ITG1,19,Sicilia,Sicilia,4999891,2088675,41.77,0.14
4613,2021-02-03,SIC,5946,2793,3153,706,5232,8,0,ITG,ITG1,19,Sicilia,Sicilia,4999891,2094621,41.89,0.12
4614,2021-04-27,SIC,26461,12688,13773,15145,10961,355,0,ITG,ITG1,19,Sicilia,Sicilia,4999891,2121082,42.42,0.53
4615,2021-08-05,SIC,23866,11850,12016,11520,12037,309,0,ITG,ITG1,19,Sicilia,Sicilia,4999891,2144948,42.9,0.48
4616,2021-09-07,SIC,22707,11297,11410,9469,12818,420,0,ITG,ITG1,19,Sicilia,Sicilia,4999891,2167655,43.35,0.45
4617,2021-03-06,SIC,12652,5064,7588,9766,2783,103,0,ITG,ITG1,19,Sicilia,Sicilia,4999891,2180307,43.61,0.25
4618,2021-09-05,SIC,12742,6905,5837,5499,7048,195,0,ITG,ITG1,19,Sicilia,Sicilia,4999891,2193049,43.86,0.25
4619,2021-06-14,SIC,43495,20661,22834,28166,14899,430,0,ITG,ITG1,19,Sicilia,Sicilia,4999891,2236544,44.73,0.87
4620,2021-05-28,SIC,51288,22993,28295,24319,26556,413,0,ITG,ITG1,19,Sicilia,Sicilia,4999891,2287832,45.76,1.03
4621,2021-08-19,SIC,19567,9765,9802,10488,8766,313,0,ITG,ITG1,19,Sicilia,Sicilia,4999891,2307399,46.15,0.39
4622,2021-02-08,SIC,3888,1680,2208,2081,1759,48,0,ITG,ITG1,19,Sicilia,Sicilia,4999891,2311287,46.23,0.08
4623,2021-01-22,SIC,1295,642,653,261,1032,2,0,ITG,ITG1,19,Sicilia,Sicilia,4999891,2312582,46.25,0.03
4624,2021-01-08,SIC,8161,3799,4362,8068,0,93,0,ITG,ITG1,19,Sicilia,Sicilia,4999891,2320743,46.42,0.16
4625,2021-04-18,SIC,19839,9921,9918,15282,4365,192,0,ITG,ITG1,19,Sicilia,Sicilia,4999891,2340582,46.81,0.4
4626,2021-06-09,SIC,49791,23683,26108,41913,7267,611,0,ITG,ITG1,19,Sicilia,Sicilia,4999891,2390373,47.81,1.0
4627,2021-09-21,SIC,24030,12429,11601,7934,15645,413,38,ITG,ITG1,19,Sicilia,Sicilia,4999891,2414403,48.29,0.48
4628,2021-06-23,SIC,44521,20714,23807,17929,26254,338,0,ITG,ITG1,19,Sicilia,Sicilia,4999891,2458924,49.18,0.89
4629,2021-01-24,SIC,4338,2268,2070,121,4215,2,0,ITG,ITG1,19,Sicilia,Sicilia,4999891,2463262,49.27,0.09
4630,2021-05-16,SIC,33719,16444,17275,21889,11528,302,0,ITG,ITG1,19,Sicilia,Sicilia,4999891,2496981,49.94,0.67
4631,2021-05-02,SIC,24618,11434,13184,17695,6607,316,0,ITG,ITG1,19,Sicilia,Sicilia,4999891,2521599,50.43,0.49
4632,2021-03-20,SIC,18607,8987,9620,13366,5146,95,0,ITG,ITG1,19,Sicilia,Sicilia,4999891,2540206,50.81,0.37
4633,2021-08-24,SIC,23730,11759,11971,10961,12399,370,0,ITG,ITG1,19,Sicilia,Sicilia,4999891,2563936,51.28,0.47
4634,2021-06-28,SIC,31945,14879,17066,14907,16744,294,0,ITG,ITG1,19,Sicilia,Sicilia,4999891,2595881,51.92,0.64
4635,2021-07-21,SIC,42976,20973,22003,10637,32025,314,0,ITG,ITG1,19,Sicilia,Sicilia,4999891,2638857,52.78,0.86
4636,2021-07-07,SIC,35433,16209,19224,6034,29157,242,0,ITG,ITG1,19,Sicilia,Sicilia,4999891,2674290,53.49,0.71
4637,2021-05-25,SIC,33583,15444,18139,13948,19378,257,0,ITG,ITG1,19,Sicilia,Sicilia,4999891,2707873,54.16,0.67
4638,2021-03-29,SIC,15050,7087,7963,10398,4501,151,0,ITG,ITG1,19,Sicilia,Sicilia,4999891,2722923,54.46,0.3
4639,2021-09-02,SIC,23139,11842,11297,10006,12743,390,0,ITG,ITG1,19,Sicilia,Sicilia,4999891,2746062,54.92,0.46
4640,2021-05-14,SIC,52252,24501,27751,35783,15682,787,0,ITG,ITG1,19,Sicilia,Sicilia,4999891,2798314,55.97,1.05
4641,2021-01-15,SIC,5326,2336,2990,5259,0,67,0,ITG,ITG1,19,Sicilia,Sicilia,4999891,2803640,56.07,0.11
4642,2021-04-25,SIC,21404,10209,11195,16134,5019,251,0,ITG,ITG1,19,Sicilia,Sicilia,4999891,2825044,56.5,0.43
4643,2021-02-01,SIC,5956,2643,3313,291,5651,14,0,ITG,ITG1,19,Sicilia,Sicilia,4999891,2831000,56.62,0.12
4644,2021-03-22,SIC,16695,7922,8773,11167,5432,96,0,ITG,ITG1,19,Sicilia,Sicilia,4999891,2847695,56.96,0.33
4645,2021-06-30,SIC,32623,15045,17578,11447,20853,323,0,ITG,ITG1,19,Sicilia,Sicilia,4999891,2880318,57.61,0.65
4646,2020-12-29,SIC,299,185,114,298,0,1,0,ITG,ITG1,19,Sicilia,Sicilia,4999891,2880617,57.61,0.01
4647,2021-02-19,SIC,4982,2696,2286,4329,566,87,0,ITG,ITG1,19,Sicilia,Sicilia,4999891,2885599,57.71,0.1
4648,2021-08-31,SIC,27992,14187,13805,10325,17368,299,0,ITG,ITG1,19,Sicilia,Sicilia,4999891,2913591,58.27,0.56
4649,2021-03-30,SIC,14589,6774,7815,9714,4771,104,0,ITG,ITG1,19,Sicilia,Sicilia,4999891,2928180,58.56,0.29
4650,2021-03-13,SIC,12227,5396,6831,7635,4499,93,0,ITG,ITG1,19,Sicilia,Sicilia,4999891,2940407,58.81,0.24
4651,2021-04-17,SIC,26010,13153,12857,18661,7068,281,0,ITG,ITG1,19,Sicilia,Sicilia,4999891,2966417,59.33,0.52
4652,2021-08-09,SIC,25180,12862,12318,12483,12318,379,0,ITG,ITG1,19,Sicilia,Sicilia,4999891,2991597,59.83,0.5
4653,2021-01-19,SIC,1527,677,850,1271,241,15,0,ITG,ITG1,19,Sicilia,Sicilia,4999891,2993124,59.86,0.03
4654,2021-06-11,SIC,49980,23851,26129,41595,7712,673,0,ITG,ITG1,19,Sicilia,Sicilia,4999891,3043104,60.86,1.0
4655,2021-04-29,SIC,31821,14850,16971,21798,9562,461,0,ITG,ITG1,19,Sicilia,Sicilia,4999891,3074925,61.5,0.64
4656,2021-03-03,SIC,14592,6553,8039,11383,3077,132,0,ITG,ITG1,19,Sicilia,Sicilia,4999891,3089517,61.79,0.29
4657,2021-08-07,SIC,20053,10402,9651,10815,8901,337,0,ITG,ITG1,19,Sicilia,Sicilia,4999891,3109570,62.19,0.4
4658,2021-08-16,SIC,20322,10433,9889,10914,9090,318,0,ITG,ITG1,19,Sicilia,Sicilia,4999891,3129892,62.6,0.41
4659,2021-07-05,SIC,37556,17629,19927,8922,28393,241,0,ITG,ITG1,19,Sicilia,Sicilia,4999891,3167448,63.35,0.75
4660,2021-06-21,SIC,40254,18634,21620,18419,21505,330,0,ITG,ITG1,19,Sicilia,Sicilia,4999891,3207702,64.16,0.81
4661,2021-05-09,SIC,28444,13325,15119,19766,8299,379,0,ITG,ITG1,19,Sicilia,Sicilia,4999891,3236146,64.72,0.57
4662,2021-08-17,SIC,18579,9505,9074,10113,8140,326,0,ITG,ITG1,19,Sicilia,Sicilia,4999891,3254725,65.1,0.37
4663,2021-03-08,SIC,13525,5975,7550,10780,2616,129,0,ITG,ITG1,19,Sicilia,Sicilia,4999891,3268250,65.37,0.27
4664,2021-08-21,SIC,13738,7167,6571,6197,7352,189,0,ITG,ITG1,19,Sicilia,Sicilia,4999891,3281988,65.64,0.27
4665,2021-05-30,SIC,35788,16179,19609,17430,18063,295,0,ITG,ITG1,19,Sicilia,Sicilia,4999891,3317776,66.36,0.72
4666,2021-05-13,SIC,47502,22279,25223,30292,16558,652,0,ITG,ITG1,19,Sicilia,Sicilia,4999891,3365278,67.31,0.95
4667,2021-01-31,SIC,4061,1943,2118,107,3952,2,0,ITG,ITG1,19,Sicilia,Sicilia,4999891,3369339,67.39,0.08
4668,2021-05-11,SIC,32695,15506,17189,19680,12502,513,0,ITG,ITG1,19,Sicilia,Sicilia,4999891,3402034,68.04,0.65
4669,2021-02-17,SIC,5222,3204,2018,4499,670,53,0,ITG,ITG1,19,Sicilia,Sicilia,4999891,3407256,68.15,0.1
4670,2021-06-01,SIC,38997,17731,21266,24596,14049,352,0,ITG,ITG1,19,Sicilia,Sicilia,4999891,3446253,68.93,0.78
4671,2021-04-05,SIC,8025,3959,4066,6510,1443,72,0,ITG,ITG1,19,Sicilia,Sicilia,4999891,3454278,69.09,0.16
4672,2021-09-09,SIC,23619,11819,11800,8330,14848,441,0,ITG,ITG1,19,Sicilia,Sicilia,4999891,3477897,69.56,0.47
4673,2021-05-04,SIC,26865,12476,14389,17144,9299,422,0,ITG,ITG1,19,Sicilia,Sicilia,4999891,3504762,70.1,0.54
4674,2021-09-16,SIC,19505,9724,9781,6586,12540,379,0,ITG,ITG1,19,Sicilia,Sicilia,4999891,3524267,70.49,0.39
4675,2021-06-13,SIC,34550,17168,17382,30604,3512,434,0,ITG,ITG1,19,Sicilia,Sicilia,4999891,3558817,71.18,0.69
4676,2021-07-26,SIC,44554,22208,22346,16704,27479,371,0,ITG,ITG1,19,Sicilia,Sicilia,4999891,3603371,72.07,0.89
4677,2021-03-17,SIC,15058,7446,7612,9078,5853,127,0,ITG,ITG1,19,Sicilia,Sicilia,4999891,3618429,72.37,0.3
4678,2021-06-25,SIC,39811,18682,21129,17384,22085,342,0,ITG,ITG1,19,Sicilia,Sicilia,4999891,3658240,73.17,0.8
4679,2021-07-09,SIC,44834,20692,24142,6405,38245,184,0,ITG,ITG1,19,Sicilia,Sicilia,4999891,3703074,74.06,0.9
4680,2021-02-24,SIC,9380,4804,4576,8702,567,111,0,ITG,ITG1,19,Sicilia,Sicilia,4999891,3712454,74.25,0.19
4681,2021-01-21,SIC,1459,716,743,490,958,11,0,ITG,ITG1,19,Sicilia,Sicilia,4999891,3713913,74.28,0.03
4682,2021-04-12,SIC,19024,9221,9803,11487,7277,260,0,ITG,ITG1,19,Sicilia,Sicilia,4999891,3732937,74.66,0.38
4683,2021-02-14,SIC,1055,402,653,905,140,10,0,ITG,ITG1,19,Sicilia,Sicilia,4999891,3733992,74.68,0.02
4684,2021-09-04,SIC,18296,9850,8446,8347,9605,344,0,ITG,ITG1,19,Sicilia,Sicilia,4999891,3752288,75.05,0.37
4685,2021-02-05,SIC,6789,3006,3783,2086,4665,38,0,ITG,ITG1,19,Sicilia,Sicilia,4999891,3759077,75.18,0.14
4686,2021-04-03,SIC,16422,7819,8603,13420,2838,164,0,ITG,ITG1,19,Sicilia,Sicilia,4999891,3775499,75.51,0.33
4687,2021-04-24,SIC,31215,14717,16498,23140,7640,435,0,ITG,ITG1,19,Sicilia,Sicilia,4999891,3806714,76.14,0.62
4688,2021-08-02,SIC,32995,16400,16595,12854,19791,350,0,ITG,ITG1,19,Sicilia,Sicilia,4999891,3839709,76.8,0.66
4689,2021-08-06,SIC,24793,12580,12213,13508,10874,411,0,ITG,ITG1,19,Sicilia,Sicilia,4999891,3864502,77.29,0.5
4690,2021-03-15,SIC,10693,4737,5956,5658,4955,80,0,ITG,ITG1,19,Sicilia,Sicilia,4999891,3875195,77.51,0.21
4691,2021-06-06,SIC,49538,23926,25612,41147,7831,560,0,ITG,ITG1,19,Sicilia,Sicilia,4999891,3924733,78.5,0.99
4692,2021-09-14,SIC,24468,11892,12576,8725,15260,483,0,ITG,ITG1,19,Sicilia,Sicilia,4999891,3949201,78.99,0.49
4693,2021-02-26,SIC,11988,5882,6106,10191,1681,116,0,ITG,ITG1,19,Sicilia,Sicilia,4999891,3961189,79.23,0.24
4694,2021-05-06,SIC,29491,14019,15472,18154,10843,494,0,ITG,ITG1,19,Sicilia,Sicilia,4999891,3990680,79.82,0.59
4695,2021-08-28,SIC,20875,11180,9695,7260,13394,221,0,ITG,ITG1,19,Sicilia,Sicilia,4999891,4011555,80.23,0.42
4696,2021-08-14,SIC,6147,3343,2804,3310,2716,121,0,ITG,ITG1,19,Sicilia,Sicilia,4999891,4017702,80.36,0.12
4697,2021-04-10,SIC,20449,9979,10470,11300,8972,177,0,ITG,ITG1,19,Sicilia,Sicilia,4999891,4038151,80.76,0.41
4698,2021-01-17,SIC,1315,599,716,1240,66,9,0,ITG,ITG1,19,Sicilia,Sicilia,4999891,4039466,80.79,0.03
4699,2021-07-02,SIC,30583,14241,16342,9940,20353,290,0,ITG,ITG1,19,Sicilia,Sicilia,4999891,4070049,81.4,0.61
4700,2021-07-19,SIC,48989,23604,25385,11657,36972,360,0,ITG,ITG1,19,Sicilia,Sicilia,4999891,4119038,82.38,0.98
4701,2021-05-01,SIC,24460,11322,13138,18998,5172,290,0,ITG,ITG1,19,Sicilia,Sicilia,4999891,4143498,82.87,0.49
4702,2021-07-06,SIC,37162,17182,19980,10304,26544,314,0,ITG,ITG1,19,Sicilia,Sicilia,4999891,4180660,83.62,0.74
4703,2021-05-10,SIC,28743,13799,14944,16163,12221,359,0,ITG,ITG1,19,Sicilia,Sicilia,4999891,4209403,84.19,0.57
4704,2021-08-18,SIC,21959,11329,10630,11675,9912,372,0,ITG,ITG1,19,Sicilia,Sicilia,4999891,4231362,84.63,0.44
4705,2021-03-26,SIC,18001,8361,9640,12340,5503,158,0,ITG,ITG1,19,Sicilia,Sicilia,4999891,4249363,84.99,0.36
4706,2021-03-27,SIC,15701,7406,8295,10685,4889,127,0,ITG,ITG1,19,Sicilia,Sicilia,4999891,4265064,85.3,0.31
4707,2021-01-29,SIC,9187,4258,4929,404,8771,12,0,ITG,ITG1,19,Sicilia,Sicilia,4999891,4274251,85.49,0.18
4708,2021-01-02,SIC,4890,2547,2343,4854,0,36,0,ITG,ITG1,19,Sicilia,Sicilia,4999891,4279141,85.58,0.1
4709,2021-09-20,SIC,25011,13085,11926,8232,16276,393,110,ITG,ITG1,19,Sicilia,Sicilia,4999891,4304152,86.08,0.5
4710,2021-04-26,SIC,21712,10279,11433,13301,8090,321,0,ITG,ITG1,19,Sicilia,Sicilia,4999891,4325864,86.52,0.43
4711,2021-02-02,SIC,5324,2499,2825,608,4706,10,0,ITG,ITG1,19,Sicilia,Sicilia,4999891,4331188,86.63,0.11
4712,2021-08-04,SIC,24363,12011,12352,10978,13058,327,0,ITG,ITG1,19,Sicilia,Sicilia,4999891,4355551,87.11,0.49
4713,2021-07-28,SIC,37671,18870,18801,14686,22662,323,0,ITG,ITG1,19,Sicilia,Sicilia,4999891,4393222,87.87,0.75
4714,2021-06-22,SIC,40056,18408,21648,18339,21338,379,0,ITG,ITG1,19,Sicilia,Sicilia,4999891,4433278,88.67,0.8
4715,2021-03-31,SIC,14527,6710,7817,9441,4937,149,0,ITG,ITG1,19,Sicilia,Sicilia,4999891,4447805,88.96,0.29
4716,2021-01-07,SIC,9077,4213,4864,8993,0,84,0,ITG,ITG1,19,Sicilia,Sicilia,4999891,4456882,89.14,0.18
4717,2021-03-05,SIC,15790,6853,8937,11395,4244,151,0,ITG,ITG1,19,Sicilia,Sicilia,4999891,4472672,89.46,0.32
4718,2021-02-16,SIC,4200,2208,1992,3663,467,70,0,ITG,ITG1,19,Sicilia,Sicilia,4999891,4476872,89.54,0.08
4719,2021-01-28,SIC,9037,4277,4760,360,8676,1,0,ITG,ITG1,19,Sicilia,Sicilia,4999891,4485909,89.72,0.18
4720,2021-07-04,SIC,26520,12806,13714,7606,18736,178,0,ITG,ITG1,19,Sicilia,Sicilia,4999891,4512429,90.25,0.53
4721,2021-05-08,SIC,35675,17050,18625,24887,10325,463,0,ITG,ITG1,19,Sicilia,Sicilia,4999891,4548104,90.96,0.71
4722,2021-01-26,SIC,9581,4744,4837,211,9369,1,0,ITG,ITG1,19,Sicilia,Sicilia,4999891,4557685,91.16,0.19
4723,2021-02-12,SIC,4606,1829,2777,4241,286,79,0,ITG,ITG1,19,Sicilia,Sicilia,4999891,4562291,91.25,0.09
4724,2021-05-23,SIC,34112,16609,17503,19856,14028,228,0,ITG,ITG1,19,Sicilia,Sicilia,4999891,4596403,91.93,0.68
4725,2021-06-10,SIC,53055,24910,28145,45144,7252,659,0,ITG,ITG1,19,Sicilia,Sicilia,4999891,4649458,92.99,1.06
4726,2021-05-27,SIC,47628,21937,25691,24463,22742,423,0,ITG,ITG1,19,Sicilia,Sicilia,4999891,4697086,93.94,0.95
4727,2021-04-14,SIC,20583,9939,10644,11612,8775,196,0,ITG,ITG1,19,Sicilia,Sicilia,4999891,4717669,94.36,0.41
4728,2021-09-18,SIC,20421,11104,9317,8467,11567,387,0,ITG,ITG1,19,Sicilia,Sicilia,4999891,4738090,94.76,0.41
4729,2021-07-23,SIC,41522,20858,20664,14373,26824,325,0,ITG,ITG1,19,Sicilia,Sicilia,4999891,4779612,95.59,0.83
4730,2021-08-13,SIC,11517,5969,5548,5976,5300,241,0,ITG,ITG1,19,Sicilia,Sicilia,4999891,4791129,95.82,0.23
4731,2021-02-09,SIC,4350,1800,2550,3248,1037,65,0,ITG,ITG1,19,Sicilia,Sicilia,4999891,4795479,95.91,0.09
4732,2021-05-22,SIC,48027,22811,25216,28300,19328,399,0,ITG,ITG1,19,Sicilia,Sicilia,4999891,4843506,96.87,0.96
4733,2021-08-30,SIC,28227,14393,13834,10213,17668,346,0,ITG,ITG1,19,Sicilia,Sicilia,4999891,4871733,97.44,0.56
4734,2021-02-28,SIC,7131,3033,4098,6456,630,45,0,ITG,ITG1,19,Sicilia,Sicilia,4999891,4878864,97.58,0.14
4735,2021-09-13,SIC,27252,13544,13708,9556,17199,497,0,ITG,ITG1,19,Sicilia,Sicilia,4999891,4906116,98.12,0.55
4736,2021-06-08,SIC,47714,22408,25306,40456,6714,544,0,ITG,ITG1,19,Sicilia,Sicilia,4999891,4953830,99.08,0.95
4737,2021-08-11,SIC,16206,8339,7867,8730,7186,290,0,ITG,ITG1,19,Sicilia,Sicilia,4999891,4970036,99.4,0.32
4738,2021-01-09,SIC,7261,3427,3834,7200,0,61,0,ITG,ITG1,19,Sicilia,Sicilia,4999891,4977297,99.55,0.15
4739,2021-07-18,SIC,39290,19788,19502,8097,30958,235,0,ITG,ITG1,19,Sicilia,Sicilia,4999891,5016587,100.33,0.79
4740,2021-01-14,SIC,5268,2494,2774,5206,0,62,0,ITG,ITG1,19,Sicilia,Sicilia,4999891,5021855,100.44,0.11
4741,2021-06-17,SIC,41894,19506,22388,20362,21157,375,0,ITG,ITG1,19,Sicilia,Sicilia,4999891,5063749,101.28,0.84
4742,2020-12-31,SIC,968,511,457,960,0,8,0,ITG,ITG1,19,Sicilia,Sicilia,4999891,5064717,101.3,0.02
4743,2021-03-07,SIC,9272,3457,5815,8130,1082,60,0,ITG,ITG1,19,Sicilia,Sicilia,4999891,5073989,101.48,0.19
4744,2021-02-21,SIC,5169,2501,2668,5044,107,18,0,ITG,ITG1,19,Sicilia,Sicilia,4999891,5079158,101.59,0.1
4745,2021-05-20,SIC,44106,21134,22972,27752,15937,417,0,ITG,ITG1,19,Sicilia,Sicilia,4999891,5123264,102.47,0.88
4746,2021-04-21,SIC,22397,10752,11645,15987,6127,283,0,ITG,ITG1,19,Sicilia,Sicilia,4999891,5145661,102.92,0.45
4747,2021-04-07,SIC,18457,9069,9388,9737,8518,202,0,ITG,ITG1,19,Sicilia,Sicilia,4999891,5164118,103.28,0.37
4748,2021-09-11,SIC,21346,11070,10276,7695,13271,380,0,ITG,ITG1,19,Sicilia,Sicilia,4999891,5185464,103.71,0.43
4749,2021-07-16,SIC,49381,23388,25993,8721,40368,292,0,ITG,ITG1,19,Sicilia,Sicilia,4999891,5234845,104.7,0.99
4750,2021-07-30,SIC,32507,16112,16395,12074,20145,288,0,ITG,ITG1,19,Sicilia,Sicilia,4999891,5267352,105.35,0.65
4751,2021-06-03,SIC,46011,21104,24907,33765,11721,525,0,ITG,ITG1,19,Sicilia,Sicilia,4999891,5313363,106.27,0.92
4752,2021-06-15,SIC,46191,21770,24421,28205,17548,438,0,ITG,ITG1,19,Sicilia,Sicilia,4999891,5359554,107.19,0.92
4753,2021-03-24,SIC,20989,9881,11108,15039,5745,205,0,ITG,ITG1,19,Sicilia,Sicilia,4999891,5380543,107.61,0.42
4754,2021-09-06,SIC,23279,11836,11443,9960,12905,414,0,ITG,ITG1,19,Sicilia,Sicilia,4999891,5403822,108.08,0.47
4755,2021-05-29,SIC,47220,21488,25732,23549,23223,448,0,ITG,ITG1,19,Sicilia,Sicilia,4999891,5451042,109.02,0.94
4756,2021-05-03,SIC,23329,10802,12527,13262,9801,266,0,ITG,ITG1,19,Sicilia,Sicilia,4999891,5474371,109.49,0.47
4757,2021-07-11,SIC,36046,16872,19174,3664,32286,96,0,ITG,ITG1,19,Sicilia,Sicilia,4999891,5510417,110.21,0.72
4758,2021-07-25,SIC,31813,16767,15046,11846,19707,260,0,ITG,ITG1,19,Sicilia,Sicilia,4999891,5542230,110.85,0.64
4759,2021-04-19,SIC,18293,8674,9619,12462,5590,241,0,ITG,ITG1,19,Sicilia,Sicilia,4999891,5560523,111.21,0.37
4760,2021-02-04,SIC,6763,3083,3680,1421,5313,29,0,ITG,ITG1,19,Sicilia,Sicilia,4999891,5567286,111.35,0.14
4761,2021-09-03,SIC,21888,11055,10833,9911,11604,373,0,ITG,ITG1,19,Sicilia,Sicilia,4999891,5589174,111.79,0.44
4762,2021-01-01,SIC,855,454,401,851,0,4,0,ITG,ITG1,19,Sicilia,Sicilia,4999891,5590029,111.8,0.02
4763,2021-04-20,SIC,18995,9005,9990,13434,5249,312,0,ITG,ITG1,19,Sicilia,Sicilia,4999891,5609024,112.18,0.38
4764,2021-07-29,SIC,36227,17898,18329,14336,21548,343,0,ITG,ITG1,19,Sicilia,Sicilia,4999891,5645251,112.91,0.72
4765,2021-07-24,SIC,40738,21214,19524,16789,23633,316,0,ITG,ITG1,19,Sicilia,Sicilia,4999891,5685989,113.72,0.81
4766,2021-02-15,SIC,3777,1769,2008,3137,564,76,0,ITG,ITG1,19,Sicilia,Sicilia,4999891,5689766,113.8,0.08
4767,2021-07-22,SIC,40688,19974,20714,11232,29158,298,0,ITG,ITG1,19,Sicilia,Sicilia,4999891,5730454,114.61,0.81
4768,2021-05-26,SIC,44747,21041,23706,23907,20494,346,0,ITG,ITG1,19,Sicilia,Sicilia,4999891,5775201,115.51,0.89
4769,2021-01-03,SIC,4819,2519,2300,4785,0,34,0,ITG,ITG1,19,Sicilia,Sicilia,4999891,5780020,115.6,0.1
4770,2021-04-13,SIC,20270,9875,10395,11225,8844,201,0,ITG,ITG1,19,Sicilia,Sicilia,4999891,5800290,116.01,0.41
4771,2021-07-31,SIC,28762,14938,13824,10445,18049,268,0,ITG,ITG1,19,Sicilia,Sicilia,4999891,5829052,116.58,0.58
4772,2021-01-10,SIC,3567,1598,1969,3545,0,22,0,ITG,ITG1,19,Sicilia,Sicilia,4999891,5832619,116.65,0.07
4773,2021-01-05,SIC,10637,5231,5406,10554,0,83,0,ITG,ITG1,19,Sicilia,Sicilia,4999891,5843256,116.87,0.21
4774,2021-04-15,SIC,21591,10496,11095,11994,9358,239,0,ITG,ITG1,19,Sicilia,Sicilia,4999891,5864847,117.3,0.43
4775,2021-06-20,SIC,33455,15831,17624,15112,18080,263,0,ITG,ITG1,19,Sicilia,Sicilia,4999891,5898302,117.97,0.67
4776,2021-04-22,SIC,26776,12642,14134,19887,6463,426,0,ITG,ITG1,19,Sicilia,Sicilia,4999891,5925078,118.5,0.54
4777,2021-03-10,SIC,13961,6135,7826,11625,2187,149,0,ITG,ITG1,19,Sicilia,Sicilia,4999891,5939039,118.78,0.28
4778,2021-01-12,SIC,4378,2143,2235,4332,0,46,0,ITG,ITG1,19,Sicilia,Sicilia,4999891,5943417,118.87,0.09
4779,2021-06-18,SIC,43612,20150,23462,18860,24380,372,0,ITG,ITG1,19,Sicilia,Sicilia,4999891,5987029,119.74,0.87
4780,2021-06-27,SIC,25314,12202,13112,12098,12984,232,0,ITG,ITG1,19,Sicilia,Sicilia,4999891,6012343,120.25,0.51
4781,2021-05-15,SIC,56542,26409,30133,40364,15251,927,0,ITG,ITG1,19,Sicilia,Sicilia,4999891,6068885,121.38,1.13
4782,2021-03-19,SIC,16324,8060,8264,10649,5579,96,0,ITG,ITG1,19,Sicilia,Sicilia,4999891,6085209,121.71,0.33
4783,2021-08-23,SIC,24079,11903,12176,10797,12931,351,0,ITG,ITG1,19,Sicilia,Sicilia,4999891,6109288,122.19,0.48
4784,2021-09-01,SIC,24956,12724,12232,10586,14014,356,0,ITG,ITG1,19,Sicilia,Sicilia,4999891,6134244,122.69,0.5
4785,2021-03-12,SIC,12898,5575,7323,10663,2071,164,0,ITG,ITG1,19,Sicilia,Sicilia,4999891,6147142,122.95,0.26
4786,2021-08-25,SIC,21840,10845,10995,9980,11497,363,0,ITG,ITG1,19,Sicilia,Sicilia,4999891,6168982,123.38,0.44
4787,2021-06-29,SIC,31461,14738,16723,15727,15326,408,0,ITG,ITG1,19,Sicilia,Sicilia,4999891,6200443,124.01,0.63
4788,2021-07-06,PIE,38350,19406,18944,8653,29134,563,0,ITC,ITC1,1,Piemonte,Piemonte,4356406,38350,0.88,0.88
4789,2021-03-28,PIE,16096,6907,9189,8132,7624,340,0,ITC,ITC1,1,Piemonte,Piemonte,4356406,54446,1.25,0.37
4790,2021-07-20,PIE,39121,20582,18539,5757,32791,573,0,ITC,ITC1,1,Piemonte,Piemonte,4356406,93567,2.15,0.9
4791,2021-04-11,PIE,20866,9331,11535,18240,2152,474,0,ITC,ITC1,1,Piemonte,Piemonte,4356406,114433,2.63,0.48
4792,2021-03-23,PIE,13235,5583,7652,6653,6254,328,0,ITC,ITC1,1,Piemonte,Piemonte,4356406,127668,2.93,0.3
4793,2021-01-16,PIE,7789,2632,5157,7782,0,7,0,ITC,ITC1,1,Piemonte,Piemonte,4356406,135457,3.11,0.18
4794,2021-08-15,PIE,6582,3634,2948,5033,1271,278,0,ITC,ITC1,1,Piemonte,Piemonte,4356406,142039,3.26,0.15
4795,2021-09-01,PIE,18709,9672,9037,6734,11266,709,0,ITC,ITC1,1,Piemonte,Piemonte,4356406,160748,3.69,0.43
4796,2021-05-24,PIE,29038,13445,15593,16657,11992,389,0,ITC,ITC1,1,Piemonte,Piemonte,4356406,189786,4.36,0.67
4797,2021-03-02,PIE,11349,4623,6726,10338,815,196,0,ITC,ITC1,1,Piemonte,Piemonte,4356406,201135,4.62,0.26
4798,2021-09-15,PIE,15825,8170,7655,5607,9426,792,0,ITC,ITC1,1,Piemonte,Piemonte,4356406,216960,4.98,0.36
4799,2021-06-07,PIE,35008,17905,17103,29569,4809,630,0,ITC,ITC1,1,Piemonte,Piemonte,4356406,251968,5.78,0.8
4800,2021-08-03,PIE,30262,15832,14430,9329,20392,541,0,ITC,ITC1,1,Piemonte,Piemonte,4356406,282230,6.48,0.69
4801,2021-09-10,PIE,17268,9029,8239,5115,11448,705,0,ITC,ITC1,1,Piemonte,Piemonte,4356406,299498,6.87,0.4
4802,2021-06-19,PIE,40163,20365,19798,22915,16689,559,0,ITC,ITC1,1,Piemonte,Piemonte,4356406,339661,7.8,0.92
4803,2021-07-15,PIE,42638,22027,20611,4111,38059,468,0,ITC,ITC1,1,Piemonte,Piemonte,4356406,382299,8.78,0.98
4804,2021-08-01,PIE,27332,14474,12858,8471,18295,566,0,ITC,ITC1,1,Piemonte,Piemonte,4356406,409631,9.4,0.63
4805,2021-04-23,PIE,27494,12626,14868,20005,6771,718,0,ITC,ITC1,1,Piemonte,Piemonte,4356406,437125,10.03,0.63
4806,2021-08-27,PIE,17454,9318,8136,7518,9279,657,0,ITC,ITC1,1,Piemonte,Piemonte,4356406,454579,10.43,0.4
4807,2021-05-19,PIE,33235,15350,17885,21484,11147,604,0,ITC,ITC1,1,Piemonte,Piemonte,4356406,487814,11.2,0.76
4808,2021-03-14,PIE,8222,3343,4879,5177,2903,142,0,ITC,ITC1,1,Piemonte,Piemonte,4356406,496036,11.39,0.19
4809,2021-05-10,PIE,29102,14046,15056,15316,13142,644,0,ITC,ITC1,1,Piemonte,Piemonte,4356406,525138,12.05,0.67
4810,2021-01-30,PIE,6009,2149,3860,218,5790,1,0,ITC,ITC1,1,Piemonte,Piemonte,4356406,531147,12.19,0.14
4811,2021-06-24,PIE,39339,19741,19598,18367,20358,614,0,ITC,ITC1,1,Piemonte,Piemonte,4356406,570486,13.1,0.9
4812,2021-02-11,PIE,6782,2112,4670,2995,3768,19,0,ITC,ITC1,1,Piemonte,Piemonte,4356406,577268,13.25,0.16
4813,2021-04-09,PIE,25932,11415,14517,20844,4508,580,0,ITC,ITC1,1,Piemonte,Piemonte,4356406,603200,13.85,0.6
4814,2020-12-30,PIE,743,327,416,743,0,0,0,ITC,ITC1,1,Piemonte,Piemonte,4356406,603943,13.86,0.02
4815,2021-06-05,PIE,37057,18969,18088,31934,4465,658,0,ITC,ITC1,1,Piemonte,Piemonte,4356406,641000,14.71,0.85
4816,2021-02-25,PIE,12302,5311,6991,11568,547,187,0,ITC,ITC1,1,Piemonte,Piemonte,4356406,653302,15.0,0.28
4817,2021-01-04,PIE,5586,1690,3896,5585,0,1,0,ITC,ITC1,1,Piemonte,Piemonte,4356406,658888,15.12,0.13
4818,2021-04-28,PIE,26125,11780,14345,15498,10072,555,0,ITC,ITC1,1,Piemonte,Piemonte,4356406,685013,15.72,0.6
4819,2021-01-18,PIE,6181,2051,4130,5926,251,4,0,ITC,ITC1,1,Piemonte,Piemonte,4356406,691194,15.87,0.14
4820,2021-07-08,PIE,41061,20996,20065,7462,33016,583,0,ITC,ITC1,1,Piemonte,Piemonte,4356406,732255,16.81,0.94
4821,2021-01-23,PIE,4265,1328,2937,878,3385,2,0,ITC,ITC1,1,Piemonte,Piemonte,4356406,736520,16.91,0.1
4822,2021-03-21,PIE,10753,4748,6005,4037,6544,172,0,ITC,ITC1,1,Piemonte,Piemonte,4356406,747273,17.15,0.25
4823,2020-12-28,PIE,1,1,0,1,0,0,0,ITC,ITC1,1,Piemonte,Piemonte,4356406,747274,17.15,0.0
4824,2021-09-08,PIE,15666,8096,7570,6147,8747,772,0,ITC,ITC1,1,Piemonte,Piemonte,4356406,762940,17.51,0.36
4825,2021-09-03,PIE,18421,9726,8695,6444,11313,664,0,ITC,ITC1,1,Piemonte,Piemonte,4356406,781361,17.94,0.42
4826,2021-09-20,PIE,18536,10098,8438,5590,11298,518,1130,ITC,ITC1,1,Piemonte,Piemonte,4356406,799897,18.36,0.43
4827,2021-06-12,PIE,42735,22516,20219,39292,2630,813,0,ITC,ITC1,1,Piemonte,Piemonte,4356406,842632,19.34,0.98
4828,2021-06-26,PIE,41303,21016,20287,21980,18602,721,0,ITC,ITC1,1,Piemonte,Piemonte,4356406,883935,20.29,0.95
4829,2021-07-13,PIE,38919,20077,18842,3676,34902,341,0,ITC,ITC1,1,Piemonte,Piemonte,4356406,922854,21.18,0.89
4830,2021-04-04,PIE,9270,4060,5210,6399,2714,157,0,ITC,ITC1,1,Piemonte,Piemonte,4356406,932124,21.4,0.21
4831,2021-04-21,PIE,25834,11862,13972,19794,5365,675,0,ITC,ITC1,1,Piemonte,Piemonte,4356406,957958,21.99,0.59
4832,2021-01-11,PIE,8790,3001,5789,8784,0,6,0,ITC,ITC1,1,Piemonte,Piemonte,4356406,966748,22.19,0.2
4833,2021-02-04,PIE,10260,3363,6897,583,9675,2,0,ITC,ITC1,1,Piemonte,Piemonte,4356406,977008,22.43,0.24
4834,2021-08-08,PIE,20329,10856,9473,9010,10941,378,0,ITC,ITC1,1,Piemonte,Piemonte,4356406,997337,22.89,0.47
4835,2021-04-30,PIE,32009,14400,17609,17966,13350,693,0,ITC,ITC1,1,Piemonte,Piemonte,4356406,1029346,23.63,0.73
4836,2021-03-16,PIE,10549,4285,6264,4378,6076,95,0,ITC,ITC1,1,Piemonte,Piemonte,4356406,1039895,23.87,0.24
4837,2021-08-20,PIE,16637,8934,7703,10355,5562,720,0,ITC,ITC1,1,Piemonte,Piemonte,4356406,1056532,24.25,0.38
4838,2021-05-12,PIE,31992,15228,16764,18397,12963,632,0,ITC,ITC1,1,Piemonte,Piemonte,4356406,1088524,24.99,0.73
4839,2021-08-22,PIE,9624,5258,4366,5140,4100,384,0,ITC,ITC1,1,Piemonte,Piemonte,4356406,1098148,25.21,0.22
4840,2021-04-02,PIE,20184,8333,11851,11343,8434,407,0,ITC,ITC1,1,Piemonte,Piemonte,4356406,1118332,25.67,0.46
4841,2021-05-29,PIE,32870,15258,17612,20311,12193,366,0,ITC,ITC1,1,Piemonte,Piemonte,4356406,1151202,26.43,0.75
4842,2021-02-18,PIE,4822,2115,2707,4305,429,88,0,ITC,ITC1,1,Piemonte,Piemonte,4356406,1156024,26.54,0.11
4843,2021-07-25,PIE,28805,15276,13529,6606,21701,498,0,ITC,ITC1,1,Piemonte,Piemonte,4356406,1184829,27.2,0.66
4844,2021-04-16,PIE,28491,13240,15251,22693,5019,779,0,ITC,ITC1,1,Piemonte,Piemonte,4356406,1213320,27.85,0.65
4845,2021-05-17,PIE,31032,14655,16377,17392,13217,423,0,ITC,ITC1,1,Piemonte,Piemonte,4356406,1244352,28.56,0.71
4846,2021-02-06,PIE,8016,2670,5346,396,7618,2,0,ITC,ITC1,1,Piemonte,Piemonte,4356406,1252368,28.75,0.18
4847,2021-02-23,PIE,9287,3743,5544,8520,590,177,0,ITC,ITC1,1,Piemonte,Piemonte,4356406,1261655,28.96,0.21
4848,2021-05-31,PIE,29177,14088,15089,20175,8589,413,0,ITC,ITC1,1,Piemonte,Piemonte,4356406,1290832,29.63,0.67
4849,2021-06-17,PIE,41260,20711,20549,24254,16375,631,0,ITC,ITC1,1,Piemonte,Piemonte,4356406,1332092,30.58,0.95
4850,2021-03-09,PIE,14345,5741,8604,11754,2354,237,0,ITC,ITC1,1,Piemonte,Piemonte,4356406,1346437,30.91,0.33
4851,2021-08-24,PIE,15253,8142,7111,7879,6731,643,0,ITC,ITC1,1,Piemonte,Piemonte,4356406,1361690,31.26,0.35
4852,2021-08-13,PIE,20058,10692,9366,12089,7241,728,0,ITC,ITC1,1,Piemonte,Piemonte,4356406,1381748,31.72,0.46
4853,2021-05-05,PIE,34740,16278,18462,20350,13684,706,0,ITC,ITC1,1,Piemonte,Piemonte,4356406,1416488,32.52,0.8
4854,2021-07-01,PIE,42045,21035,21010,19829,21171,1045,0,ITC,ITC1,1,Piemonte,Piemonte,4356406,1458533,33.48,0.97
4855,2021-09-07,PIE,18468,9712,8756,6145,11631,692,0,ITC,ITC1,1,Piemonte,Piemonte,4356406,1477001,33.9,0.42
4856,2021-07-27,PIE,33838,17669,16169,8266,25003,569,0,ITC,ITC1,1,Piemonte,Piemonte,4356406,1510839,34.68,0.78
4857,2021-09-22,PIE,17059,9235,7824,5323,9584,422,1730,ITC,ITC1,1,Piemonte,Piemonte,4356406,1527898,35.07,0.39
4858,2021-05-02,PIE,25170,11294,13876,14019,10753,398,0,ITC,ITC1,1,Piemonte,Piemonte,4356406,1553068,35.65,0.58
4859,2021-02-27,PIE,12736,4861,7875,12158,337,241,0,ITC,ITC1,1,Piemonte,Piemonte,4356406,1565804,35.94,0.29
4860,2021-04-25,PIE,20280,9331,10949,17302,2510,468,0,ITC,ITC1,1,Piemonte,Piemonte,4356406,1586084,36.41,0.47
4861,2021-01-15,PIE,9133,3015,6118,9127,0,6,0,ITC,ITC1,1,Piemonte,Piemonte,4356406,1595217,36.62,0.21
4862,2021-06-21,PIE,38548,19271,19277,17184,20791,573,0,ITC,ITC1,1,Piemonte,Piemonte,4356406,1633765,37.5,0.88
4863,2021-03-13,PIE,13060,4729,8331,11354,1432,274,0,ITC,ITC1,1,Piemonte,Piemonte,4356406,1646825,37.8,0.3
4864,2021-07-12,PIE,39264,20247,19017,4562,34218,484,0,ITC,ITC1,1,Piemonte,Piemonte,4356406,1686089,38.7,0.9
4865,2021-07-29,PIE,36736,19093,17643,9385,26684,667,0,ITC,ITC1,1,Piemonte,Piemonte,4356406,1722825,39.55,0.84
4866,2021-04-20,PIE,25554,11694,13860,18560,6363,631,0,ITC,ITC1,1,Piemonte,Piemonte,4356406,1748379,40.13,0.59
4867,2021-05-07,PIE,33182,15700,17482,18394,14155,633,0,ITC,ITC1,1,Piemonte,Piemonte,4356406,1781561,40.9,0.76
4868,2021-01-27,PIE,4209,1456,2753,995,3212,2,0,ITC,ITC1,1,Piemonte,Piemonte,4356406,1785770,40.99,0.1
4869,2021-02-13,PIE,4172,1344,2828,2931,1225,16,0,ITC,ITC1,1,Piemonte,Piemonte,4356406,1789942,41.09,0.1
4870,2021-06-28,PIE,38512,19124,19388,15148,22756,608,0,ITC,ITC1,1,Piemonte,Piemonte,4356406,1828454,41.97,0.88
4871,2021-04-06,PIE,20835,9087,11748,15155,5218,462,0,ITC,ITC1,1,Piemonte,Piemonte,4356406,1849289,42.45,0.48
4872,2020-12-27,PIE,915,370,545,915,0,0,0,ITC,ITC1,1,Piemonte,Piemonte,4356406,1850204,42.47,0.02
4873,2021-06-02,PIE,26791,13116,13675,21691,4648,452,0,ITC,ITC1,1,Piemonte,Piemonte,4356406,1876995,43.09,0.61
4874,2021-02-22,PIE,8508,3476,5032,7807,595,106,0,ITC,ITC1,1,Piemonte,Piemonte,4356406,1885503,43.28,0.2
4875,2021-03-11,PIE,14051,5324,8727,10696,3103,252,0,ITC,ITC1,1,Piemonte,Piemonte,4356406,1899554,43.6,0.32
4876,2021-07-03,PIE,40169,20158,20011,15353,24054,762,0,ITC,ITC1,1,Piemonte,Piemonte,4356406,1939723,44.53,0.92
4877,2021-03-30,PIE,17018,7128,9890,8745,7875,398,0,ITC,ITC1,1,Piemonte,Piemonte,4356406,1956741,44.92,0.39
4878,2021-01-01,PIE,1041,396,645,1040,0,1,0,ITC,ITC1,1,Piemonte,Piemonte,4356406,1957782,44.94,0.02
4879,2021-09-12,PIE,10478,5553,4925,3533,6471,474,0,ITC,ITC1,1,Piemonte,Piemonte,4356406,1968260,45.18,0.24
4880,2021-07-05,PIE,35651,17839,17812,11707,23245,699,0,ITC,ITC1,1,Piemonte,Piemonte,4356406,2003911,46.0,0.82
4881,2021-04-18,PIE,22977,10820,12157,19635,2756,586,0,ITC,ITC1,1,Piemonte,Piemonte,4356406,2026888,46.53,0.53
4882,2021-01-08,PIE,5551,1767,3784,5549,0,2,0,ITC,ITC1,1,Piemonte,Piemonte,4356406,2032439,46.65,0.13
4883,2021-06-14,PIE,38105,19622,18483,30281,7099,725,0,ITC,ITC1,1,Piemonte,Piemonte,4356406,2070544,47.53,0.87
4884,2021-03-06,PIE,14048,5235,8813,11068,2800,180,0,ITC,ITC1,1,Piemonte,Piemonte,4356406,2084592,47.85,0.32
4885,2021-08-10,PIE,22099,11704,10395,12524,8894,681,0,ITC,ITC1,1,Piemonte,Piemonte,4356406,2106691,48.36,0.51
4886,2021-01-22,PIE,3889,1256,2633,2543,1345,1,0,ITC,ITC1,1,Piemonte,Piemonte,4356406,2110580,48.45,0.09
4887,2021-08-21,PIE,13339,7131,6208,7718,5089,532,0,ITC,ITC1,1,Piemonte,Piemonte,4356406,2123919,48.75,0.31
4888,2021-07-31,PIE,35846,19050,16796,10754,24644,448,0,ITC,ITC1,1,Piemonte,Piemonte,4356406,2159765,49.58,0.82
4889,2021-08-17,PIE,18113,9710,8403,11716,5606,791,0,ITC,ITC1,1,Piemonte,Piemonte,4356406,2177878,49.99,0.42
4890,2021-05-09,PIE,27188,12945,14243,13166,13624,398,0,ITC,ITC1,1,Piemonte,Piemonte,4356406,2205066,50.62,0.62
4891,2021-05-26,PIE,34251,15783,18468,15365,18520,366,0,ITC,ITC1,1,Piemonte,Piemonte,4356406,2239317,51.4,0.79
4892,2021-02-15,PIE,4447,1603,2844,3214,1210,23,0,ITC,ITC1,1,Piemonte,Piemonte,4356406,2243764,51.5,0.1
4893,2021-03-04,PIE,14760,5949,8811,11584,2952,224,0,ITC,ITC1,1,Piemonte,Piemonte,4356406,2258524,51.84,0.34
4894,2021-08-31,PIE,19068,10057,9011,6842,11659,567,0,ITC,ITC1,1,Piemonte,Piemonte,4356406,2277592,52.28,0.44
4895,2021-09-17,PIE,15285,8220,7065,5297,9420,568,0,ITC,ITC1,1,Piemonte,Piemonte,4356406,2292877,52.63,0.35
4896,2021-06-09,PIE,38770,20422,18348,35213,2751,806,0,ITC,ITC1,1,Piemonte,Piemonte,4356406,2331647,53.52,0.89
4897,2021-03-18,PIE,11788,4818,6970,3843,7750,195,0,ITC,ITC1,1,Piemonte,Piemonte,4356406,2343435,53.79,0.27
4898,2021-03-25,PIE,17181,7289,9892,8100,8638,443,0,ITC,ITC1,1,Piemonte,Piemonte,4356406,2360616,54.19,0.39
4899,2021-07-22,PIE,41681,21940,19741,7023,34054,604,0,ITC,ITC1,1,Piemonte,Piemonte,4356406,2402297,55.14,0.96
4900,2021-04-13,PIE,26794,12047,14747,22630,3465,699,0,ITC,ITC1,1,Piemonte,Piemonte,4356406,2429091,55.76,0.62
4901,2021-07-10,PIE,41296,20946,20350,6734,34006,556,0,ITC,ITC1,1,Piemonte,Piemonte,4356406,2470387,56.71,0.95
4902,2021-04-01,PIE,19456,8167,11289,10992,8144,320,0,ITC,ITC1,1,Piemonte,Piemonte,4356406,2489843,57.15,0.45
4903,2021-09-05,PIE,13045,6909,6136,4465,8103,477,0,ITC,ITC1,1,Piemonte,Piemonte,4356406,2502888,57.45,0.3
4904,2021-05-28,PIE,35144,16641,18503,18696,16030,418,0,ITC,ITC1,1,Piemonte,Piemonte,4356406,2538032,58.26,0.81
4905,2021-01-25,PIE,6233,1947,4286,977,5254,2,0,ITC,ITC1,1,Piemonte,Piemonte,4356406,2544265,58.4,0.14
4906,2021-09-16,PIE,14200,7544,6656,3817,9913,470,0,ITC,ITC1,1,Piemonte,Piemonte,4356406,2558465,58.73,0.33
4907,2021-02-20,PIE,3850,1265,2585,3573,174,103,0,ITC,ITC1,1,Piemonte,Piemonte,4356406,2562315,58.82,0.09
4908,2021-07-24,PIE,34934,18378,16556,7923,26401,610,0,ITC,ITC1,1,Piemonte,Piemonte,4356406,2597249,59.62,0.8
4909,2021-08-07,PIE,29831,15965,13866,12635,16650,546,0,ITC,ITC1,1,Piemonte,Piemonte,4356406,2627080,60.3,0.68
4910,2021-04-29,PIE,48628,22032,26596,34755,12650,1223,0,ITC,ITC1,1,Piemonte,Piemonte,4356406,2675708,61.42,1.12
4911,2021-01-13,PIE,10119,3241,6878,10110,0,9,0,ITC,ITC1,1,Piemonte,Piemonte,4356406,2685827,61.65,0.23
4912,2021-06-16,PIE,40506,20287,20219,23578,16287,641,0,ITC,ITC1,1,Piemonte,Piemonte,4356406,2726333,62.58,0.93
4913,2021-08-12,PIE,22093,11852,10241,13484,7829,780,0,ITC,ITC1,1,Piemonte,Piemonte,4356406,2748426,63.09,0.51
4914,2021-01-06,PIE,3121,1106,2015,3120,0,1,0,ITC,ITC1,1,Piemonte,Piemonte,4356406,2751547,63.16,0.07
4915,2021-07-02,PIE,43871,22072,21799,17390,25606,875,0,ITC,ITC1,1,Piemonte,Piemonte,4356406,2795418,64.17,1.01
4916,2021-08-28,PIE,17532,9238,8294,7324,9568,640,0,ITC,ITC1,1,Piemonte,Piemonte,4356406,2812950,64.57,0.4
4917,2021-06-25,PIE,45642,22740,22902,20298,24603,741,0,ITC,ITC1,1,Piemonte,Piemonte,4356406,2858592,65.62,1.05
4918,2021-09-19,PIE,11597,6321,5276,4930,6264,402,1,ITC,ITC1,1,Piemonte,Piemonte,4356406,2870189,65.88,0.27
4919,2021-03-03,PIE,12392,4872,7520,11375,821,196,0,ITC,ITC1,1,Piemonte,Piemonte,4356406,2882581,66.17,0.28
4920,2021-03-20,PIE,11953,4907,7046,5784,5917,252,0,ITC,ITC1,1,Piemonte,Piemonte,4356406,2894534,66.44,0.27
4921,2021-01-20,PIE,6643,2098,4545,5912,724,7,0,ITC,ITC1,1,Piemonte,Piemonte,4356406,2901177,66.6,0.15
4922,2021-02-03,PIE,10229,3313,6916,609,9618,2,0,ITC,ITC1,1,Piemonte,Piemonte,4356406,2911406,66.83,0.23
4923,2021-05-30,PIE,27845,13240,14605,18063,9402,380,0,ITC,ITC1,1,Piemonte,Piemonte,4356406,2939251,67.47,0.64
4924,2021-02-19,PIE,5564,2187,3377,4935,504,125,0,ITC,ITC1,1,Piemonte,Piemonte,4356406,2944815,67.6,0.13
4925,2021-06-04,PIE,37723,19733,17990,34116,2973,634,0,ITC,ITC1,1,Piemonte,Piemonte,4356406,2982538,68.46,0.87
4926,2021-02-24,PIE,11420,4619,6801,10761,505,154,0,ITC,ITC1,1,Piemonte,Piemonte,4356406,2993958,68.73,0.26
4927,2021-08-05,PIE,30394,16117,14277,11236,18565,593,0,ITC,ITC1,1,Piemonte,Piemonte,4356406,3024352,69.42,0.7
4928,2021-06-23,PIE,39848,19792,20056,16428,22908,512,0,ITC,ITC1,1,Piemonte,Piemonte,4356406,3064200,70.34,0.91
4929,2021-08-19,PIE,15912,8561,7351,10571,4605,736,0,ITC,ITC1,1,Piemonte,Piemonte,4356406,3080112,70.7,0.37
4930,2021-08-14,PIE,15155,8166,6989,9814,4765,576,0,ITC,ITC1,1,Piemonte,Piemonte,4356406,3095267,71.05,0.35
4931,2021-05-06,PIE,33521,15842,17679,19341,13568,612,0,ITC,ITC1,1,Piemonte,Piemonte,4356406,3128788,71.82,0.77
4932,2021-05-23,PIE,28835,13177,15658,15491,13023,321,0,ITC,ITC1,1,Piemonte,Piemonte,4356406,3157623,72.48,0.66
4933,2021-05-16,PIE,28236,12811,15425,14767,13092,377,0,ITC,ITC1,1,Piemonte,Piemonte,4356406,3185859,73.13,0.65
4934,2021-02-05,PIE,9638,3148,6490,656,8980,2,0,ITC,ITC1,1,Piemonte,Piemonte,4356406,3195497,73.35,0.22
4935,2021-04-03,PIE,19533,8231,11302,10634,8582,317,0,ITC,ITC1,1,Piemonte,Piemonte,4356406,3215030,73.8,0.45
4936,2021-01-10,PIE,5247,2289,2958,5244,0,3,0,ITC,ITC1,1,Piemonte,Piemonte,4356406,3220277,73.92,0.12
4937,2021-07-14,PIE,39087,20101,18986,3600,35058,429,0,ITC,ITC1,1,Piemonte,Piemonte,4356406,3259364,74.82,0.9
4938,2021-04-22,PIE,27704,12757,14947,20204,6698,802,0,ITC,ITC1,1,Piemonte,Piemonte,4356406,3287068,75.45,0.64
4939,2021-01-12,PIE,10111,3423,6688,10105,0,6,0,ITC,ITC1,1,Piemonte,Piemonte,4356406,3297179,75.69,0.23
4940,2021-01-29,PIE,5963,1894,4069,454,5509,0,0,ITC,ITC1,1,Piemonte,Piemonte,4356406,3303142,75.82,0.14
4941,2021-08-09,PIE,24801,12937,11864,12053,12003,745,0,ITC,ITC1,1,Piemonte,Piemonte,4356406,3327943,76.39,0.57
4942,2021-08-26,PIE,16926,9164,7762,8131,8034,761,0,ITC,ITC1,1,Piemonte,Piemonte,4356406,3344869,76.78,0.39
4943,2021-05-18,PIE,32267,14885,17382,19123,12693,451,0,ITC,ITC1,1,Piemonte,Piemonte,4356406,3377136,77.52,0.74
4944,2021-09-09,PIE,15952,8284,7668,6074,9110,768,0,ITC,ITC1,1,Piemonte,Piemonte,4356406,3393088,77.89,0.37
4945,2021-09-14,PIE,15834,8269,7565,5168,9945,721,0,ITC,ITC1,1,Piemonte,Piemonte,4356406,3408922,78.25,0.36
4946,2021-06-06,PIE,35181,18379,16802,32133,2491,557,0,ITC,ITC1,1,Piemonte,Piemonte,4356406,3444103,79.06,0.81
4947,2021-08-02,PIE,30069,15882,14187,9407,20075,587,0,ITC,ITC1,1,Piemonte,Piemonte,4356406,3474172,79.75,0.69
4948,2021-02-17,PIE,4820,2173,2647,3766,991,63,0,ITC,ITC1,1,Piemonte,Piemonte,4356406,3478992,79.86,0.11
4949,2021-05-13,PIE,35807,17592,18215,19919,15155,733,0,ITC,ITC1,1,Piemonte,Piemonte,4356406,3514799,80.68,0.82
4950,2021-02-02,PIE,10292,3525,6767,814,9477,1,0,ITC,ITC1,1,Piemonte,Piemonte,4356406,3525091,80.92,0.24
4951,2021-07-09,PIE,40512,20669,19843,5772,34199,541,0,ITC,ITC1,1,Piemonte,Piemonte,4356406,3565603,81.85,0.93
4952,2021-03-31,PIE,19156,8135,11021,10116,8700,340,0,ITC,ITC1,1,Piemonte,Piemonte,4356406,3584759,82.29,0.44
4953,2021-09-04,PIE,19348,10119,9229,7017,11534,797,0,ITC,ITC1,1,Piemonte,Piemonte,4356406,3604107,82.73,0.44
4954,2021-05-27,PIE,37548,17456,20092,18882,18213,453,0,ITC,ITC1,1,Piemonte,Piemonte,4356406,3641655,83.59,0.86
4955,2021-02-16,PIE,3991,1769,2222,3179,765,47,0,ITC,ITC1,1,Piemonte,Piemonte,4356406,3645646,83.68,0.09
4956,2021-03-08,PIE,14315,5608,8707,11353,2717,245,0,ITC,ITC1,1,Piemonte,Piemonte,4356406,3659961,84.01,0.33
4957,2021-05-04,PIE,31681,14644,17037,17312,13770,599,0,ITC,ITC1,1,Piemonte,Piemonte,4356406,3691642,84.74,0.73
4958,2021-01-24,PIE,3161,964,2197,435,2724,2,0,ITC,ITC1,1,Piemonte,Piemonte,4356406,3694803,84.81,0.07
4959,2021-06-30,PIE,41377,20225,21152,18499,21983,895,0,ITC,ITC1,1,Piemonte,Piemonte,4356406,3736180,85.76,0.95
4960,2021-03-22,PIE,11546,4899,6647,3719,7609,218,0,ITC,ITC1,1,Piemonte,Piemonte,4356406,3747726,86.03,0.27
4961,2021-02-12,PIE,6926,2227,4699,3926,2975,25,0,ITC,ITC1,1,Piemonte,Piemonte,4356406,3754652,86.19,0.16
4962,2021-03-01,PIE,12191,4968,7223,11198,813,180,0,ITC,ITC1,1,Piemonte,Piemonte,4356406,3766843,86.47,0.28
4963,2021-09-02,PIE,16890,8795,8095,6154,10088,648,0,ITC,ITC1,1,Piemonte,Piemonte,4356406,3783733,86.85,0.39
4964,2021-05-25,PIE,31952,14807,17145,15649,15904,399,0,ITC,ITC1,1,Piemonte,Piemonte,4356406,3815685,87.59,0.73
4965,2021-06-11,PIE,43711,23126,20585,40037,2844,830,0,ITC,ITC1,1,Piemonte,Piemonte,4356406,3859396,88.59,1.0
4966,2021-06-18,PIE,40758,20375,20383,25811,14249,698,0,ITC,ITC1,1,Piemonte,Piemonte,4356406,3900154,89.53,0.94
4967,2021-03-10,PIE,13959,5455,8504,11393,2295,271,0,ITC,ITC1,1,Piemonte,Piemonte,4356406,3914113,89.85,0.32
4968,2021-03-27,PIE,18435,7841,10594,9143,8836,456,0,ITC,ITC1,1,Piemonte,Piemonte,4356406,3932548,90.27,0.42
4969,2021-01-03,PIE,3069,973,2096,3068,0,1,0,ITC,ITC1,1,Piemonte,Piemonte,4356406,3935617,90.34,0.07
4970,2021-07-07,PIE,38081,18925,19156,9710,27770,601,0,ITC,ITC1,1,Piemonte,Piemonte,4356406,3973698,91.22,0.87
4971,2021-03-29,PIE,15278,6488,8790,8393,6615,270,0,ITC,ITC1,1,Piemonte,Piemonte,4356406,3988976,91.57,0.35
4972,2021-07-21,PIE,38082,20203,17879,6563,30989,530,0,ITC,ITC1,1,Piemonte,Piemonte,4356406,4027058,92.44,0.87
4973,2021-04-12,PIE,22985,10377,12608,19464,2995,526,0,ITC,ITC1,1,Piemonte,Piemonte,4356406,4050043,92.97,0.53
4974,2021-06-08,PIE,37785,19541,18244,34208,2857,720,0,ITC,ITC1,1,Piemonte,Piemonte,4356406,4087828,93.83,0.87
4975,2021-08-04,PIE,29370,15530,13840,8962,19861,547,0,ITC,ITC1,1,Piemonte,Piemonte,4356406,4117198,94.51,0.67
4976,2021-04-26,PIE,19848,8769,11079,14928,4402,518,0,ITC,ITC1,1,Piemonte,Piemonte,4356406,4137046,94.96,0.46
4977,2021-04-27,PIE,22673,10239,12434,16847,5168,658,0,ITC,ITC1,1,Piemonte,Piemonte,4356406,4159719,95.49,0.52
4978,2021-01-17,PIE,3532,1169,2363,2880,650,2,0,ITC,ITC1,1,Piemonte,Piemonte,4356406,4163251,95.57,0.08
4979,2021-03-24,PIE,15632,6420,9212,6125,9141,366,0,ITC,ITC1,1,Piemonte,Piemonte,4356406,4178883,95.93,0.36
4980,2021-05-20,PIE,38736,17997,20739,13377,24997,362,0,ITC,ITC1,1,Piemonte,Piemonte,4356406,4217619,96.81,0.89
4981,2021-02-09,PIE,7415,2321,5094,719,6694,2,0,ITC,ITC1,1,Piemonte,Piemonte,4356406,4225034,96.98,0.17
4982,2021-07-16,PIE,42158,22019,20139,3609,38128,421,0,ITC,ITC1,1,Piemonte,Piemonte,4356406,4267192,97.95,0.97
4983,2021-04-07,PIE,23723,10047,13676,17717,5463,543,0,ITC,ITC1,1,Piemonte,Piemonte,4356406,4290915,98.5,0.54
4984,2021-08-18,PIE,18159,9808,8351,11638,5769,752,0,ITC,ITC1,1,Piemonte,Piemonte,4356406,4309074,98.91,0.42
4985,2021-01-19,PIE,6480,2110,4370,6462,9,9,0,ITC,ITC1,1,Piemonte,Piemonte,4356406,4315554,99.06,0.15
4986,2021-07-23,PIE,38189,20134,18055,8043,29508,638,0,ITC,ITC1,1,Piemonte,Piemonte,4356406,4353743,99.94,0.88
4987,2021-04-14,PIE,28400,12854,15546,23075,4588,737,0,ITC,ITC1,1,Piemonte,Piemonte,4356406,4382143,100.59,0.65
4988,2021-01-02,PIE,3553,1134,2419,3552,0,1,0,ITC,ITC1,1,Piemonte,Piemonte,4356406,4385696,100.67,0.08
4989,2021-05-01,PIE,28634,13038,15596,16354,11823,457,0,ITC,ITC1,1,Piemonte,Piemonte,4356406,4414330,101.33,0.66
4990,2021-01-21,PIE,6889,2317,4572,3377,3506,6,0,ITC,ITC1,1,Piemonte,Piemonte,4356406,4421219,101.49,0.16
4991,2021-08-23,PIE,18397,9892,8505,8863,8942,592,0,ITC,ITC1,1,Piemonte,Piemonte,4356406,4439616,101.91,0.42
4992,2021-02-28,PIE,10850,4068,6782,10429,241,180,0,ITC,ITC1,1,Piemonte,Piemonte,4356406,4450466,102.16,0.25
4993,2021-03-17,PIE,12542,5066,7476,5044,7309,189,0,ITC,ITC1,1,Piemonte,Piemonte,4356406,4463008,102.45,0.29
4994,2021-09-18,PIE,18838,10512,8326,7123,11056,657,2,ITC,ITC1,1,Piemonte,Piemonte,4356406,4481846,102.88,0.43
4995,2021-06-10,PIE,40628,21238,19390,37142,2593,893,0,ITC,ITC1,1,Piemonte,Piemonte,4356406,4522474,103.81,0.93
4996,2021-06-27,PIE,37605,18632,18973,15219,21773,613,0,ITC,ITC1,1,Piemonte,Piemonte,4356406,4560079,104.68,0.86
4997,2021-08-11,PIE,23487,12629,10858,13450,9365,672,0,ITC,ITC1,1,Piemonte,Piemonte,4356406,4583566,105.21,0.54
4998,2021-05-03,PIE,26731,12223,14508,12052,14232,447,0,ITC,ITC1,1,Piemonte,Piemonte,4356406,4610297,105.83,0.61
4999,2021-02-26,PIE,12324,4944,7380,11370,743,211,0,ITC,ITC1,1,Piemonte,Piemonte,4356406,4622621,106.11,0.28
5000,2021-04-24,PIE,27582,12468,15114,21341,5667,574,0,ITC,ITC1,1,Piemonte,Piemonte,4356406,4650203,106.74,0.63
5001,2021-01-14,PIE,9804,3161,6643,9798,0,6,0,ITC,ITC1,1,Piemonte,Piemonte,4356406,4660007,106.97,0.23
5002,2021-03-15,PIE,10710,4201,6509,4939,5615,156,0,ITC,ITC1,1,Piemonte,Piemonte,4356406,4670717,107.21,0.25
5003,2021-05-11,PIE,32345,15588,16757,18435,13263,647,0,ITC,ITC1,1,Piemonte,Piemonte,4356406,4703062,107.96,0.74
5004,2021-01-31,PIE,4155,1769,2386,114,4041,0,0,ITC,ITC1,1,Piemonte,Piemonte,4356406,4707217,108.05,0.1
5005,2021-07-18,PIE,32941,17274,15667,3251,29354,336,0,ITC,ITC1,1,Piemonte,Piemonte,4356406,4740158,108.81,0.76
5006,2021-09-13,PIE,16612,8594,8018,5472,10354,786,0,ITC,ITC1,1,Piemonte,Piemonte,4356406,4756770,109.19,0.38
5007,2021-05-15,PIE,33851,15784,18067,19427,13745,679,0,ITC,ITC1,1,Piemonte,Piemonte,4356406,4790621,109.97,0.78
5008,2021-06-01,PIE,29643,14885,14758,24517,4688,438,0,ITC,ITC1,1,Piemonte,Piemonte,4356406,4820264,110.65,0.68
5009,2021-02-21,PIE,5104,2090,3014,4950,104,50,0,ITC,ITC1,1,Piemonte,Piemonte,4356406,4825368,110.76,0.12
5010,2021-08-06,PIE,30552,16160,14392,13302,16510,740,0,ITC,ITC1,1,Piemonte,Piemonte,4356406,4855920,111.47,0.7
5011,2021-08-25,PIE,16464,8877,7587,8292,7444,728,0,ITC,ITC1,1,Piemonte,Piemonte,4356406,4872384,111.84,0.38
5012,2021-09-11,PIE,17995,9452,8543,5873,11339,783,0,ITC,ITC1,1,Piemonte,Piemonte,4356406,4890379,112.26,0.41
5013,2021-06-03,PIE,34870,18067,16803,29793,4521,556,0,ITC,ITC1,1,Piemonte,Piemonte,4356406,4925249,113.06,0.8
5014,2021-04-19,PIE,22596,10787,11809,17674,4358,564,0,ITC,ITC1,1,Piemonte,Piemonte,4356406,4947845,113.58,0.52
5015,2021-01-09,PIE,6206,2197,4009,6204,0,2,0,ITC,ITC1,1,Piemonte,Piemonte,4356406,4954051,113.72,0.14
5016,2021-01-26,PIE,6363,1897,4466,737,5625,1,0,ITC,ITC1,1,Piemonte,Piemonte,4356406,4960414,113.86,0.15
5017,2021-07-30,PIE,35911,18754,17157,9559,25790,562,0,ITC,ITC1,1,Piemonte,Piemonte,4356406,4996325,114.69,0.82
5018,2021-08-16,PIE,19272,10233,9039,11593,6817,862,0,ITC,ITC1,1,Piemonte,Piemonte,4356406,5015597,115.13,0.44
5019,2021-05-08,PIE,34390,16310,18080,18182,15673,535,0,ITC,ITC1,1,Piemonte,Piemonte,4356406,5049987,115.92,0.79
5020,2021-03-19,PIE,11049,4526,6523,4227,6612,210,0,ITC,ITC1,1,Piemonte,Piemonte,4356406,5061036,116.17,0.25
5021,2021-04-05,PIE,14779,6250,8529,11963,2563,253,0,ITC,ITC1,1,Piemonte,Piemonte,4356406,5075815,116.51,0.34
5022,2021-06-29,PIE,40689,20323,20366,19238,20732,719,0,ITC,ITC1,1,Piemonte,Piemonte,4356406,5116504,117.45,0.93
5023,2021-06-20,PIE,34152,17124,17028,18798,14785,569,0,ITC,ITC1,1,Piemonte,Piemonte,4356406,5150656,118.23,0.78
5024,2021-03-12,PIE,14241,5414,8827,10998,2950,293,0,ITC,ITC1,1,Piemonte,Piemonte,4356406,5164897,118.56,0.33
5025,2021-07-04,PIE,33871,17068,16803,11249,21989,633,0,ITC,ITC1,1,Piemonte,Piemonte,4356406,5198768,119.34,0.78
5026,2021-03-26,PIE,17964,7143,10821,8543,8889,532,0,ITC,ITC1,1,Piemonte,Piemonte,4356406,5216732,119.75,0.41
5027,2021-02-07,PIE,3103,977,2126,446,2656,1,0,ITC,ITC1,1,Piemonte,Piemonte,4356406,5219835,119.82,0.07
5028,2021-07-11,PIE,33233,16938,16295,4533,28376,324,0,ITC,ITC1,1,Piemonte,Piemonte,4356406,5253068,120.58,0.76
5029,2021-09-06,PIE,18239,9546,8693,6117,11421,701,0,ITC,ITC1,1,Piemonte,Piemonte,4356406,5271307,121.0,0.42
5030,2021-08-30,PIE,20951,10949,10002,7237,13033,681,0,ITC,ITC1,1,Piemonte,Piemonte,4356406,5292258,121.48,0.48
5031,2021-05-22,PIE,33598,15173,18425,16932,16253,413,0,ITC,ITC1,1,Piemonte,Piemonte,4356406,5325856,122.25,0.77
5032,2021-01-28,PIE,5615,1817,3798,380,5235,0,0,ITC,ITC1,1,Piemonte,Piemonte,4356406,5331471,122.38,0.13
5033,2021-02-14,PIE,1483,501,982,871,605,7,0,ITC,ITC1,1,Piemonte,Piemonte,4356406,5332954,122.42,0.03
5034,2021-02-08,PIE,6934,2356,4578,665,6264,5,0,ITC,ITC1,1,Piemonte,Piemonte,4356406,5339888,122.58,0.16
5035,2021-08-29,PIE,15157,8123,7034,5049,9673,435,0,ITC,ITC1,1,Piemonte,Piemonte,4356406,5355045,122.92,0.35
5036,2021-05-21,PIE,36306,16869,19437,20095,15685,526,0,ITC,ITC1,1,Piemonte,Piemonte,4356406,5391351,123.76,0.83
5037,2021-07-17,PIE,42059,22139,19920,4957,36603,499,0,ITC,ITC1,1,Piemonte,Piemonte,4356406,5433410,124.72,0.97
5038,2021-02-01,PIE,8702,3073,5629,580,8121,1,0,ITC,ITC1,1,Piemonte,Piemonte,4356406,5442112,124.92,0.2
5039,2021-05-14,PIE,33511,16321,17190,17375,15455,681,0,ITC,ITC1,1,Piemonte,Piemonte,4356406,5475623,125.69,0.77
5040,2021-07-26,PIE,32848,17090,15758,8312,23899,637,0,ITC,ITC1,1,Piemonte,Piemonte,4356406,5508471,126.45,0.75
5041,2021-04-17,PIE,30535,14179,16356,26492,3315,728,0,ITC,ITC1,1,Piemonte,Piemonte,4356406,5539006,127.15,0.7
5042,2021-09-21,PIE,17855,9662,8193,5851,10124,481,1399,ITC,ITC1,1,Piemonte,Piemonte,4356406,5556861,127.56,0.41
5043,2021-06-13,PIE,38232,20181,18051,33311,4138,783,0,ITC,ITC1,1,Piemonte,Piemonte,4356406,5595093,128.43,0.88
5044,2021-02-10,PIE,7571,2384,5187,1302,6254,15,0,ITC,ITC1,1,Piemonte,Piemonte,4356406,5602664,128.61,0.17
5045,2021-04-08,PIE,25367,11040,14327,20067,4731,569,0,ITC,ITC1,1,Piemonte,Piemonte,4356406,5628031,129.19,0.58
5046,2021-07-19,PIE,39679,20646,19033,4511,34744,424,0,ITC,ITC1,1,Piemonte,Piemonte,4356406,5667710,130.1,0.91
5047,2021-04-10,PIE,30222,13436,16786,25291,4269,662,0,ITC,ITC1,1,Piemonte,Piemonte,4356406,5697932,130.79,0.69
5048,2021-04-15,PIE,29678,13603,16075,23424,5558,696,0,ITC,ITC1,1,Piemonte,Piemonte,4356406,5727610,131.48,0.68
5049,2021-01-05,PIE,5406,1617,3789,5399,0,7,0,ITC,ITC1,1,Piemonte,Piemonte,4356406,5733016,131.6,0.12
5050,2021-06-22,PIE,40731,20140,20591,17814,22341,576,0,ITC,ITC1,1,Piemonte,Piemonte,4356406,5773747,132.53,0.93
5051,2021-01-07,PIE,5405,1742,3663,5403,0,2,0,ITC,ITC1,1,Piemonte,Piemonte,4356406,5779152,132.66,0.12
5052,2021-03-05,PIE,15680,6311,9369,11559,3840,281,0,ITC,ITC1,1,Piemonte,Piemonte,4356406,5794832,133.02,0.36
5053,2021-07-28,PIE,34857,18112,16745,9179,25062,616,0,ITC,ITC1,1,Piemonte,Piemonte,4356406,5829689,133.82,0.8
5054,2021-06-15,PIE,39044,20103,18941,26547,11798,699,0,ITC,ITC1,1,Piemonte,Piemonte,4356406,5868733,134.72,0.9
5055,2021-03-07,PIE,12013,4675,7338,10882,877,254,0,ITC,ITC1,1,Piemonte,Piemonte,4356406,5880746,134.99,0.28
5056,2020-12-31,PIE,3896,1329,2567,3896,0,0,0,ITC,ITC1,1,Piemonte,Piemonte,4356406,5884642,135.08,0.09
5057,2021-08-01,SAR,3055,1502,1553,1031,1988,36,0,ITG,ITG2,20,Sardegna,Sardegna,1639591,3055,0.19,0.19
5058,2021-04-23,SAR,13069,5792,7277,7361,5555,153,0,ITG,ITG2,20,Sardegna,Sardegna,1639591,16124,0.98,0.8
5059,2021-05-10,SAR,9950,4417,5533,7207,2560,183,0,ITG,ITG2,20,Sardegna,Sardegna,1639591,26074,1.59,0.61
5060,2021-01-30,SAR,3946,1425,2521,367,3579,0,0,ITG,ITG2,20,Sardegna,Sardegna,1639591,30020,1.83,0.24
5061,2021-02-11,SAR,1322,490,832,1207,115,0,0,ITG,ITG2,20,Sardegna,Sardegna,1639591,31342,1.91,0.08
5062,2021-09-10,SAR,10290,5472,4818,2648,7472,170,0,ITG,ITG2,20,Sardegna,Sardegna,1639591,41632,2.54,0.63
5063,2021-09-01,SAR,8248,4308,3940,3117,5041,90,0,ITG,ITG2,20,Sardegna,Sardegna,1639591,49880,3.04,0.5
5064,2021-05-24,SAR,14491,7259,7232,8360,5999,132,0,ITG,ITG2,20,Sardegna,Sardegna,1639591,64371,3.93,0.88
5065,2021-02-13,SAR,1458,563,895,1452,2,4,0,ITG,ITG2,20,Sardegna,Sardegna,1639591,65829,4.01,0.09
5066,2021-06-19,SAR,15352,7519,7833,9120,6132,100,0,ITG,ITG2,20,Sardegna,Sardegna,1639591,81181,4.95,0.94
5067,2021-07-06,SAR,15933,7721,8212,4657,11175,101,0,ITG,ITG2,20,Sardegna,Sardegna,1639591,97114,5.92,0.97
5068,2021-03-28,SAR,4634,1828,2806,4480,79,75,0,ITG,ITG2,20,Sardegna,Sardegna,1639591,101748,6.21,0.28
5069,2021-01-16,SAR,1498,530,968,1498,0,0,0,ITG,ITG2,20,Sardegna,Sardegna,1639591,103246,6.3,0.09
5070,2021-08-15,SAR,19,10,9,9,10,0,0,ITG,ITG2,20,Sardegna,Sardegna,1639591,103265,6.3,0.0
5071,2021-09-22,SAR,8568,4631,3937,1891,6553,90,34,ITG,ITG2,20,Sardegna,Sardegna,1639591,111833,6.82,0.52
5072,2021-07-01,SAR,19835,9765,10070,7256,12484,95,0,ITG,ITG2,20,Sardegna,Sardegna,1639591,131668,8.03,1.21
5073,2021-03-23,SAR,6502,2906,3596,5229,1090,183,0,ITG,ITG2,20,Sardegna,Sardegna,1639591,138170,8.43,0.4
5074,2021-07-15,SAR,18778,9236,9542,4645,14031,102,0,ITG,ITG2,20,Sardegna,Sardegna,1639591,156948,9.57,1.15
5075,2021-08-27,SAR,8386,4496,3890,4909,3334,143,0,ITG,ITG2,20,Sardegna,Sardegna,1639591,165334,10.08,0.51
5076,2021-05-19,SAR,17084,8682,8402,12632,4281,171,0,ITG,ITG2,20,Sardegna,Sardegna,1639591,182418,11.13,1.04
5077,2021-06-05,SAR,17889,8441,9448,11285,6469,135,0,ITG,ITG2,20,Sardegna,Sardegna,1639591,200307,12.22,1.09
5078,2021-02-25,SAR,2942,1275,1667,2297,608,37,0,ITG,ITG2,20,Sardegna,Sardegna,1639591,203249,12.4,0.18
5079,2021-03-14,SAR,613,379,234,602,1,10,0,ITG,ITG2,20,Sardegna,Sardegna,1639591,203862,12.43,0.04
5080,2021-04-09,SAR,12490,5530,6960,7935,4404,151,0,ITG,ITG2,20,Sardegna,Sardegna,1639591,216352,13.2,0.76
5081,2021-07-20,SAR,16150,7931,8219,3652,12407,91,0,ITG,ITG2,20,Sardegna,Sardegna,1639591,232502,14.18,0.99
5082,2021-04-11,SAR,5416,2450,2966,4263,1124,29,0,ITG,ITG2,20,Sardegna,Sardegna,1639591,237918,14.51,0.33
5083,2021-03-09,SAR,5566,2757,2809,4759,732,75,0,ITG,ITG2,20,Sardegna,Sardegna,1639591,243484,14.85,0.34
5084,2021-08-13,SAR,9952,5420,4532,6317,3516,119,0,ITG,ITG2,20,Sardegna,Sardegna,1639591,253436,15.46,0.61
5085,2021-05-05,SAR,10286,4680,5606,8009,2064,213,0,ITG,ITG2,20,Sardegna,Sardegna,1639591,263722,16.08,0.63
5086,2021-09-20,SAR,9833,5379,4454,2734,6966,132,1,ITG,ITG2,20,Sardegna,Sardegna,1639591,273555,16.68,0.6
5087,2021-06-12,SAR,14758,7196,7562,9935,4705,118,0,ITG,ITG2,20,Sardegna,Sardegna,1639591,288313,17.58,0.9
5088,2021-05-29,SAR,18030,8656,9374,13249,4611,170,0,ITG,ITG2,20,Sardegna,Sardegna,1639591,306343,18.68,1.1
5089,2021-02-18,SAR,1898,738,1160,1794,64,40,0,ITG,ITG2,20,Sardegna,Sardegna,1639591,308241,18.8,0.12
5090,2021-08-08,SAR,1884,979,905,1020,841,23,0,ITG,ITG2,20,Sardegna,Sardegna,1639591,310125,18.91,0.11
5091,2021-06-26,SAR,19163,9012,10151,5449,13636,78,0,ITG,ITG2,20,Sardegna,Sardegna,1639591,329288,20.08,1.17
5092,2021-08-22,SAR,1162,650,512,403,756,3,0,ITG,ITG2,20,Sardegna,Sardegna,1639591,330450,20.15,0.07
5093,2021-01-04,SAR,609,230,379,609,0,0,0,ITG,ITG2,20,Sardegna,Sardegna,1639591,331059,20.19,0.04
5094,2021-07-08,SAR,18446,8973,9473,3832,14529,85,0,ITG,ITG2,20,Sardegna,Sardegna,1639591,349505,21.32,1.13
5095,2021-07-25,SAR,4343,2142,2201,862,3466,15,0,ITG,ITG2,20,Sardegna,Sardegna,1639591,353848,21.58,0.26
5096,2021-04-16,SAR,14610,6531,8079,9004,5425,181,0,ITG,ITG2,20,Sardegna,Sardegna,1639591,368458,22.47,0.89
5097,2021-01-23,SAR,61,23,38,0,61,0,0,ITG,ITG2,20,Sardegna,Sardegna,1639591,368519,22.48,0.0
5098,2021-04-30,SAR,11318,5345,5973,6823,4302,193,0,ITG,ITG2,20,Sardegna,Sardegna,1639591,379837,23.17,0.69
5099,2021-05-17,SAR,12845,6269,6576,9136,3556,153,0,ITG,ITG2,20,Sardegna,Sardegna,1639591,392682,23.95,0.78
5100,2021-02-06,SAR,1983,706,1277,566,1414,3,0,ITG,ITG2,20,Sardegna,Sardegna,1639591,394665,24.07,0.12
5101,2021-08-03,SAR,14576,7511,7065,7514,6864,198,0,ITG,ITG2,20,Sardegna,Sardegna,1639591,409241,24.96,0.89
5102,2021-08-20,SAR,10176,5353,4823,4794,5232,150,0,ITG,ITG2,20,Sardegna,Sardegna,1639591,419417,25.58,0.62
5103,2021-05-12,SAR,11228,5282,5946,7859,3155,214,0,ITG,ITG2,20,Sardegna,Sardegna,1639591,430645,26.27,0.68
5104,2021-09-03,SAR,8711,4695,4016,3079,5538,94,0,ITG,ITG2,20,Sardegna,Sardegna,1639591,439356,26.8,0.53
5105,2021-09-15,SAR,10219,5545,4674,2044,8064,111,0,ITG,ITG2,20,Sardegna,Sardegna,1639591,449575,27.42,0.62
5106,2021-06-07,SAR,12569,6145,6424,9437,3009,123,0,ITG,ITG2,20,Sardegna,Sardegna,1639591,462144,28.19,0.77
5107,2021-02-04,SAR,2303,826,1477,915,1385,3,0,ITG,ITG2,20,Sardegna,Sardegna,1639591,464447,28.33,0.14
5108,2021-04-02,SAR,9330,3624,5706,5923,3253,154,0,ITG,ITG2,20,Sardegna,Sardegna,1639591,473777,28.9,0.57
5109,2021-07-13,SAR,17810,8524,9286,3253,14479,78,0,ITG,ITG2,20,Sardegna,Sardegna,1639591,491587,29.98,1.09
5110,2021-03-02,SAR,3062,1635,1427,1823,1162,77,0,ITG,ITG2,20,Sardegna,Sardegna,1639591,494649,30.17,0.19
5111,2021-04-28,SAR,9131,4312,4819,5212,3765,154,0,ITG,ITG2,20,Sardegna,Sardegna,1639591,503780,30.73,0.56
5112,2021-01-18,SAR,912,329,583,783,129,0,0,ITG,ITG2,20,Sardegna,Sardegna,1639591,504692,30.78,0.06
5113,2021-06-24,SAR,19202,9213,9989,8110,10986,106,0,ITG,ITG2,20,Sardegna,Sardegna,1639591,523894,31.95,1.17
5114,2021-03-16,SAR,4450,1968,2482,3473,930,47,0,ITG,ITG2,20,Sardegna,Sardegna,1639591,528344,32.22,0.27
5115,2021-03-04,SAR,4394,2314,2080,3068,1260,66,0,ITG,ITG2,20,Sardegna,Sardegna,1639591,532738,32.49,0.27
5116,2021-03-21,SAR,4054,1815,2239,2586,1441,27,0,ITG,ITG2,20,Sardegna,Sardegna,1639591,536792,32.74,0.25
5117,2021-09-19,SAR,1895,1051,844,985,875,35,0,ITG,ITG2,20,Sardegna,Sardegna,1639591,538687,32.85,0.12
5118,2021-09-08,SAR,12252,6565,5687,3187,8923,142,0,ITG,ITG2,20,Sardegna,Sardegna,1639591,550939,33.6,0.75
5119,2021-05-31,SAR,11372,5409,5963,8162,3112,98,0,ITG,ITG2,20,Sardegna,Sardegna,1639591,562311,34.3,0.69
5120,2021-07-27,SAR,16535,8385,8150,4216,12208,111,0,ITG,ITG2,20,Sardegna,Sardegna,1639591,578846,35.3,1.01
5121,2021-04-18,SAR,5156,2237,2919,2239,2887,30,0,ITG,ITG2,20,Sardegna,Sardegna,1639591,584002,35.62,0.31
5122,2021-01-08,SAR,3355,1239,2116,3353,0,2,0,ITG,ITG2,20,Sardegna,Sardegna,1639591,587357,35.82,0.2
5123,2021-06-02,SAR,9786,4692,5094,8060,1640,86,0,ITG,ITG2,20,Sardegna,Sardegna,1639591,597143,36.42,0.6
5124,2021-05-07,SAR,14632,6667,7965,9786,4559,287,0,ITG,ITG2,20,Sardegna,Sardegna,1639591,611775,37.31,0.89
5125,2021-01-27,SAR,1436,506,930,78,1358,0,0,ITG,ITG2,20,Sardegna,Sardegna,1639591,613211,37.4,0.09
5126,2021-07-03,SAR,15846,7564,8282,3233,12579,34,0,ITG,ITG2,20,Sardegna,Sardegna,1639591,629057,38.37,0.97
5127,2021-03-25,SAR,9283,4022,5261,7821,1309,153,0,ITG,ITG2,20,Sardegna,Sardegna,1639591,638340,38.93,0.57
5128,2021-08-29,SAR,467,250,217,355,98,14,0,ITG,ITG2,20,Sardegna,Sardegna,1639591,638807,38.96,0.03
5129,2021-05-21,SAR,22804,11237,11567,16391,6133,280,0,ITG,ITG2,20,Sardegna,Sardegna,1639591,661611,40.35,1.39
5130,2021-02-22,SAR,1652,955,697,1392,234,26,0,ITG,ITG2,20,Sardegna,Sardegna,1639591,663263,40.45,0.1
5131,2021-03-11,SAR,6466,3112,3354,5172,1209,85,0,ITG,ITG2,20,Sardegna,Sardegna,1639591,669729,40.85,0.39
5132,2021-02-23,SAR,1579,1052,527,1280,282,17,0,ITG,ITG2,20,Sardegna,Sardegna,1639591,671308,40.94,0.1
5133,2021-07-24,SAR,12384,6384,6000,1991,10363,30,0,ITG,ITG2,20,Sardegna,Sardegna,1639591,683692,41.7,0.76
5134,2021-08-10,SAR,14246,7511,6735,6256,7828,162,0,ITG,ITG2,20,Sardegna,Sardegna,1639591,697938,42.57,0.87
5135,2021-05-02,SAR,6076,2727,3349,5296,677,103,0,ITG,ITG2,20,Sardegna,Sardegna,1639591,704014,42.94,0.37
5136,2021-02-08,SAR,1477,536,941,859,617,1,0,ITG,ITG2,20,Sardegna,Sardegna,1639591,705491,43.03,0.09
5137,2020-12-28,SAR,69,27,42,69,0,0,0,ITG,ITG2,20,Sardegna,Sardegna,1639591,705560,43.03,0.0
5138,2021-06-14,SAR,13751,6645,7106,9790,3818,143,0,ITG,ITG2,20,Sardegna,Sardegna,1639591,719311,43.87,0.84
5139,2021-03-06,SAR,2950,1219,1731,1081,1795,74,0,ITG,ITG2,20,Sardegna,Sardegna,1639591,722261,44.05,0.18
5140,2021-06-28,SAR,14994,7041,7953,3048,11879,67,0,ITG,ITG2,20,Sardegna,Sardegna,1639591,737255,44.97,0.91
5141,2021-04-06,SAR,7582,3160,4422,5063,2440,79,0,ITG,ITG2,20,Sardegna,Sardegna,1639591,744837,45.43,0.46
5142,2020-12-27,SAR,68,37,31,68,0,0,0,ITG,ITG2,20,Sardegna,Sardegna,1639591,744905,45.43,0.0
5143,2021-07-29,SAR,17896,9042,8854,6524,11205,167,0,ITG,ITG2,20,Sardegna,Sardegna,1639591,762801,46.52,1.09
5144,2021-04-20,SAR,11200,5069,6131,7797,3298,105,0,ITG,ITG2,20,Sardegna,Sardegna,1639591,774001,47.21,0.68
5145,2021-04-21,SAR,12183,5581,6602,6478,5599,106,0,ITG,ITG2,20,Sardegna,Sardegna,1639591,786184,47.95,0.74
5146,2021-01-11,SAR,1219,522,697,1218,0,1,0,ITG,ITG2,20,Sardegna,Sardegna,1639591,787403,48.02,0.07
5147,2021-06-17,SAR,18473,8534,9939,9917,8434,122,0,ITG,ITG2,20,Sardegna,Sardegna,1639591,805876,49.15,1.13
5148,2021-01-25,SAR,612,228,384,23,589,0,0,ITG,ITG2,20,Sardegna,Sardegna,1639591,806488,49.19,0.04
5149,2021-01-13,SAR,579,182,397,579,0,0,0,ITG,ITG2,20,Sardegna,Sardegna,1639591,807067,49.22,0.04
5150,2021-07-17,SAR,12870,6302,6568,3178,9625,67,0,ITG,ITG2,20,Sardegna,Sardegna,1639591,819937,50.01,0.78
5151,2021-07-31,SAR,10322,5458,4864,5275,4966,81,0,ITG,ITG2,20,Sardegna,Sardegna,1639591,830259,50.64,0.63
5152,2021-03-18,SAR,7318,3096,4222,5601,1640,77,0,ITG,ITG2,20,Sardegna,Sardegna,1639591,837577,51.08,0.45
5153,2021-05-14,SAR,14673,6896,7777,10815,3653,205,0,ITG,ITG2,20,Sardegna,Sardegna,1639591,852250,51.98,0.89
5154,2021-02-03,SAR,1122,419,703,426,695,1,0,ITG,ITG2,20,Sardegna,Sardegna,1639591,853372,52.05,0.07
5155,2021-07-10,SAR,14242,6888,7354,2704,11503,35,0,ITG,ITG2,20,Sardegna,Sardegna,1639591,867614,52.92,0.87
5156,2021-04-01,SAR,10300,4108,6192,7120,3026,154,0,ITG,ITG2,20,Sardegna,Sardegna,1639591,877914,53.54,0.63
5157,2021-09-02,SAR,10322,5546,4776,3966,6244,112,0,ITG,ITG2,20,Sardegna,Sardegna,1639591,888236,54.17,0.63
5158,2021-07-21,SAR,19392,9500,9892,3907,15401,84,0,ITG,ITG2,20,Sardegna,Sardegna,1639591,907628,55.36,1.18
5159,2021-09-16,SAR,10575,5631,4944,1990,8480,105,0,ITG,ITG2,20,Sardegna,Sardegna,1639591,918203,56.0,0.64
5160,2021-09-12,SAR,3234,1794,1440,622,2586,26,0,ITG,ITG2,20,Sardegna,Sardegna,1639591,921437,56.2,0.2
5161,2021-06-04,SAR,14521,6948,7573,9787,4574,160,0,ITG,ITG2,20,Sardegna,Sardegna,1639591,935958,57.08,0.89
5162,2021-06-21,SAR,14039,6740,7299,5125,8838,76,0,ITG,ITG2,20,Sardegna,Sardegna,1639591,949997,57.94,0.86
5163,2021-03-13,SAR,2776,1086,1690,2452,281,43,0,ITG,ITG2,20,Sardegna,Sardegna,1639591,952773,58.11,0.17
5164,2021-03-30,SAR,8926,3623,5303,6483,2285,158,0,ITG,ITG2,20,Sardegna,Sardegna,1639591,961699,58.65,0.54
5165,2021-08-12,SAR,12481,6615,5866,6627,5686,168,0,ITG,ITG2,20,Sardegna,Sardegna,1639591,974180,59.42,0.76
5166,2021-04-25,SAR,4543,2286,2257,3707,786,50,0,ITG,ITG2,20,Sardegna,Sardegna,1639591,978723,59.69,0.28
5167,2021-01-15,SAR,1576,575,1001,1574,0,2,0,ITG,ITG2,20,Sardegna,Sardegna,1639591,980299,59.79,0.1
5168,2021-08-17,SAR,10611,5537,5074,6095,4389,127,0,ITG,ITG2,20,Sardegna,Sardegna,1639591,990910,60.44,0.65
5169,2021-02-01,SAR,1555,620,935,226,1329,0,0,ITG,ITG2,20,Sardegna,Sardegna,1639591,992465,60.53,0.09
5170,2021-05-09,SAR,6181,2888,3293,5161,926,94,0,ITG,ITG2,20,Sardegna,Sardegna,1639591,998646,60.91,0.38
5171,2021-05-26,SAR,15551,8197,7354,9708,5661,182,0,ITG,ITG2,20,Sardegna,Sardegna,1639591,1014197,61.86,0.95
5172,2021-08-05,SAR,15650,8229,7421,8684,6800,166,0,ITG,ITG2,20,Sardegna,Sardegna,1639591,1029847,62.81,0.95
5173,2021-02-20,SAR,2044,856,1188,1683,337,24,0,ITG,ITG2,20,Sardegna,Sardegna,1639591,1031891,62.94,0.12
5174,2021-08-07,SAR,8212,4309,3903,5438,2706,68,0,ITG,ITG2,20,Sardegna,Sardegna,1639591,1040103,63.44,0.5
5175,2021-04-29,SAR,11282,5135,6147,6685,4432,165,0,ITG,ITG2,20,Sardegna,Sardegna,1639591,1051385,64.12,0.69
5176,2021-08-19,SAR,10761,5689,5072,5732,4896,133,0,ITG,ITG2,20,Sardegna,Sardegna,1639591,1062146,64.78,0.66
5177,2021-09-05,SAR,664,370,294,133,525,6,0,ITG,ITG2,20,Sardegna,Sardegna,1639591,1062810,64.82,0.04
5178,2021-05-28,SAR,18012,8715,9297,13528,4297,187,0,ITG,ITG2,20,Sardegna,Sardegna,1639591,1080822,65.92,1.1
5179,2021-02-17,SAR,1418,582,836,1280,74,64,0,ITG,ITG2,20,Sardegna,Sardegna,1639591,1082240,66.01,0.09
5180,2021-05-25,SAR,15159,7704,7455,8494,6489,176,0,ITG,ITG2,20,Sardegna,Sardegna,1639591,1097399,66.93,0.92
5181,2021-06-11,SAR,14786,7026,7760,9091,5539,156,0,ITG,ITG2,20,Sardegna,Sardegna,1639591,1112185,67.83,0.9
5182,2021-08-24,SAR,10104,5403,4701,4811,5138,155,0,ITG,ITG2,20,Sardegna,Sardegna,1639591,1122289,68.45,0.62
5183,2021-05-16,SAR,8251,3838,4413,6001,2162,88,0,ITG,ITG2,20,Sardegna,Sardegna,1639591,1130540,68.95,0.5
5184,2021-07-12,SAR,15335,7414,7921,2400,12877,58,0,ITG,ITG2,20,Sardegna,Sardegna,1639591,1145875,69.89,0.94
5185,2021-09-07,SAR,9563,5084,4479,2541,6903,119,0,ITG,ITG2,20,Sardegna,Sardegna,1639591,1155438,70.47,0.58
5186,2021-02-10,SAR,1976,775,1201,1444,526,6,0,ITG,ITG2,20,Sardegna,Sardegna,1639591,1157414,70.59,0.12
5187,2021-09-09,SAR,11711,6261,5450,2228,9344,139,0,ITG,ITG2,20,Sardegna,Sardegna,1639591,1169125,71.31,0.71
5188,2021-01-06,SAR,1639,556,1083,1639,0,0,0,ITG,ITG2,20,Sardegna,Sardegna,1639591,1170764,71.41,0.1
5189,2021-06-23,SAR,20549,9669,10880,6192,14264,93,0,ITG,ITG2,20,Sardegna,Sardegna,1639591,1191313,72.66,1.25
5190,2021-01-20,SAR,215,78,137,213,2,0,0,ITG,ITG2,20,Sardegna,Sardegna,1639591,1191528,72.67,0.01
5191,2021-03-29,SAR,4863,1887,2976,4169,595,99,0,ITG,ITG2,20,Sardegna,Sardegna,1639591,1196391,72.97,0.3
5192,2021-04-15,SAR,11962,5578,6384,6817,5022,123,0,ITG,ITG2,20,Sardegna,Sardegna,1639591,1208353,73.7,0.73
5193,2021-01-05,SAR,1358,458,900,1358,0,0,0,ITG,ITG2,20,Sardegna,Sardegna,1639591,1209711,73.78,0.08
5194,2021-01-22,SAR,84,47,37,56,28,0,0,ITG,ITG2,20,Sardegna,Sardegna,1639591,1209795,73.79,0.01
5195,2021-02-15,SAR,962,349,613,923,31,8,0,ITG,ITG2,20,Sardegna,Sardegna,1639591,1210757,73.85,0.06
5196,2021-06-25,SAR,16519,7815,8704,3895,12566,58,0,ITG,ITG2,20,Sardegna,Sardegna,1639591,1227276,74.85,1.01
5197,2021-01-10,SAR,2221,763,1458,2220,0,1,0,ITG,ITG2,20,Sardegna,Sardegna,1639591,1229497,74.99,0.14
5198,2021-07-05,SAR,15584,7571,8013,3327,12208,49,0,ITG,ITG2,20,Sardegna,Sardegna,1639591,1245081,75.94,0.95
5199,2021-08-31,SAR,9301,4961,4340,4749,4392,160,0,ITG,ITG2,20,Sardegna,Sardegna,1639591,1254382,76.51,0.57
5200,2021-07-26,SAR,14609,7291,7318,4120,10411,78,0,ITG,ITG2,20,Sardegna,Sardegna,1639591,1268991,77.4,0.89
5201,2021-04-17,SAR,10188,4530,5658,5421,4677,90,0,ITG,ITG2,20,Sardegna,Sardegna,1639591,1279179,78.02,0.62
5202,2021-04-12,SAR,7063,3205,3858,5258,1728,77,0,ITG,ITG2,20,Sardegna,Sardegna,1639591,1286242,78.45,0.43
5203,2021-01-02,SAR,61,22,39,61,0,0,0,ITG,ITG2,20,Sardegna,Sardegna,1639591,1286303,78.45,0.0
5204,2021-03-03,SAR,4141,2294,1847,2748,1306,87,0,ITG,ITG2,20,Sardegna,Sardegna,1639591,1290444,78.71,0.25
5205,2021-06-30,SAR,17772,8514,9258,4804,12886,82,0,ITG,ITG2,20,Sardegna,Sardegna,1639591,1308216,79.79,1.08
5206,2021-03-22,SAR,3745,1518,2227,3132,526,87,0,ITG,ITG2,20,Sardegna,Sardegna,1639591,1311961,80.02,0.23
5207,2021-08-09,SAR,13417,6975,6442,6477,6794,146,0,ITG,ITG2,20,Sardegna,Sardegna,1639591,1325378,80.84,0.82
5208,2021-08-26,SAR,9427,4997,4430,5352,3948,127,0,ITG,ITG2,20,Sardegna,Sardegna,1639591,1334805,81.41,0.57
5209,2021-05-18,SAR,14791,7389,7402,9417,5227,147,0,ITG,ITG2,20,Sardegna,Sardegna,1639591,1349596,82.31,0.9
5210,2021-02-24,SAR,2449,1311,1138,2212,195,42,0,ITG,ITG2,20,Sardegna,Sardegna,1639591,1352045,82.46,0.15
5211,2021-03-20,SAR,5223,2080,3143,2909,2286,28,0,ITG,ITG2,20,Sardegna,Sardegna,1639591,1357268,82.78,0.32
5212,2021-09-04,SAR,5114,2803,2311,1554,3512,48,0,ITG,ITG2,20,Sardegna,Sardegna,1639591,1362382,83.09,0.31
5213,2021-09-21,SAR,9478,5221,4257,2424,6913,112,29,ITG,ITG2,20,Sardegna,Sardegna,1639591,1371860,83.67,0.58
5214,2021-06-13,SAR,9502,4678,4824,6162,3260,80,0,ITG,ITG2,20,Sardegna,Sardegna,1639591,1381362,84.25,0.58
5215,2021-07-02,SAR,18943,8892,10051,4402,14442,99,0,ITG,ITG2,20,Sardegna,Sardegna,1639591,1400305,85.41,1.16
5216,2021-04-27,SAR,7760,3593,4167,5574,2072,114,0,ITG,ITG2,20,Sardegna,Sardegna,1639591,1408065,85.88,0.47
5217,2021-01-17,SAR,867,278,589,866,1,0,0,ITG,ITG2,20,Sardegna,Sardegna,1639591,1408932,85.93,0.05
5218,2021-03-15,SAR,2828,1328,1500,2409,377,42,0,ITG,ITG2,20,Sardegna,Sardegna,1639591,1411760,86.1,0.17
5219,2021-07-04,SAR,8207,3988,4219,2066,6126,15,0,ITG,ITG2,20,Sardegna,Sardegna,1639591,1419967,86.6,0.5
5220,2021-06-08,SAR,14839,7072,7767,11169,3513,157,0,ITG,ITG2,20,Sardegna,Sardegna,1639591,1434806,87.51,0.91
5221,2021-02-28,SAR,369,170,199,140,227,2,0,ITG,ITG2,20,Sardegna,Sardegna,1639591,1435175,87.53,0.02
5222,2021-08-04,SAR,16213,8526,7687,9596,6352,265,0,ITG,ITG2,20,Sardegna,Sardegna,1639591,1451388,88.52,0.99
5223,2021-04-26,SAR,6953,3299,3654,5922,929,102,0,ITG,ITG2,20,Sardegna,Sardegna,1639591,1458341,88.95,0.42
5224,2021-02-05,SAR,1924,757,1167,435,1487,2,0,ITG,ITG2,20,Sardegna,Sardegna,1639591,1460265,89.06,0.12
5225,2021-04-03,SAR,4728,1824,2904,2671,1986,71,0,ITG,ITG2,20,Sardegna,Sardegna,1639591,1464993,89.35,0.29
5226,2021-05-30,SAR,9746,4842,4904,7312,2366,68,0,ITG,ITG2,20,Sardegna,Sardegna,1639591,1474739,89.95,0.59
5227,2021-02-19,SAR,1521,477,1044,1416,56,49,0,ITG,ITG2,20,Sardegna,Sardegna,1639591,1476260,90.04,0.09
5228,2021-01-03,SAR,90,36,54,90,0,0,0,ITG,ITG2,20,Sardegna,Sardegna,1639591,1476350,90.04,0.01
5229,2021-07-07,SAR,15910,7730,8180,4084,11773,53,0,ITG,ITG2,20,Sardegna,Sardegna,1639591,1492260,91.01,0.97
5230,2021-04-08,SAR,13609,5972,7637,8333,5155,121,0,ITG,ITG2,20,Sardegna,Sardegna,1639591,1505869,91.84,0.83
5231,2021-07-14,SAR,16913,8192,8721,3774,13028,111,0,ITG,ITG2,20,Sardegna,Sardegna,1639591,1522782,92.88,1.03
5232,2020-12-29,SAR,57,32,25,57,0,0,0,ITG,ITG2,20,Sardegna,Sardegna,1639591,1522839,92.88,0.0
5233,2021-04-22,SAR,10630,4686,5944,5542,4993,95,0,ITG,ITG2,20,Sardegna,Sardegna,1639591,1533469,93.53,0.65
5234,2021-01-12,SAR,891,417,474,891,0,0,0,ITG,ITG2,20,Sardegna,Sardegna,1639591,1534360,93.58,0.05
5235,2021-01-29,SAR,3046,1119,1927,45,2999,2,0,ITG,ITG2,20,Sardegna,Sardegna,1639591,1537406,93.77,0.19
5236,2021-08-02,SAR,13119,6603,6516,6210,6730,179,0,ITG,ITG2,20,Sardegna,Sardegna,1639591,1550525,94.57,0.8
5237,2021-01-28,SAR,3039,1084,1955,68,2971,0,0,ITG,ITG2,20,Sardegna,Sardegna,1639591,1553564,94.75,0.19
5238,2021-08-28,SAR,4163,2396,1767,2853,1251,59,0,ITG,ITG2,20,Sardegna,Sardegna,1639591,1557727,95.01,0.25
5239,2021-09-14,SAR,10550,5675,4875,1936,8479,135,0,ITG,ITG2,20,Sardegna,Sardegna,1639591,1568277,95.65,0.64
5240,2021-06-06,SAR,10038,5002,5036,6314,3655,69,0,ITG,ITG2,20,Sardegna,Sardegna,1639591,1578315,96.26,0.61
5241,2021-03-26,SAR,8639,3551,5088,6964,1533,142,0,ITG,ITG2,20,Sardegna,Sardegna,1639591,1586954,96.79,0.53
5242,2021-08-30,SAR,8752,4669,4083,4835,3759,158,0,ITG,ITG2,20,Sardegna,Sardegna,1639591,1595706,97.32,0.53
5243,2021-05-22,SAR,25072,12012,13060,19581,5187,304,0,ITG,ITG2,20,Sardegna,Sardegna,1639591,1620778,98.85,1.53
5244,2021-01-19,SAR,752,271,481,696,55,1,0,ITG,ITG2,20,Sardegna,Sardegna,1639591,1621530,98.9,0.05
5245,2021-03-17,SAR,6631,2872,3759,4958,1633,40,0,ITG,ITG2,20,Sardegna,Sardegna,1639591,1628161,99.3,0.4
5246,2021-03-27,SAR,5837,2217,3620,5312,423,102,0,ITG,ITG2,20,Sardegna,Sardegna,1639591,1633998,99.66,0.36
5247,2021-05-23,SAR,10037,4817,5220,7685,2255,97,0,ITG,ITG2,20,Sardegna,Sardegna,1639591,1644035,100.27,0.61
5248,2021-02-12,SAR,2249,938,1311,2183,60,6,0,ITG,ITG2,20,Sardegna,Sardegna,1639591,1646284,100.41,0.14
5249,2021-07-19,SAR,15230,7630,7600,2796,12383,51,0,ITG,ITG2,20,Sardegna,Sardegna,1639591,1661514,101.34,0.93
5250,2021-04-10,SAR,10604,4786,5818,8533,1963,108,0,ITG,ITG2,20,Sardegna,Sardegna,1639591,1672118,101.98,0.65
5251,2021-06-01,SAR,14328,6659,7669,9637,4595,96,0,ITG,ITG2,20,Sardegna,Sardegna,1639591,1686446,102.86,0.87
5252,2021-02-21,SAR,1589,709,880,1558,30,1,0,ITG,ITG2,20,Sardegna,Sardegna,1639591,1688035,102.95,0.1
5253,2021-07-28,SAR,16793,8619,8174,6319,10326,148,0,ITG,ITG2,20,Sardegna,Sardegna,1639591,1704828,103.98,1.02
5254,2021-04-19,SAR,10260,4648,5612,8662,1450,148,0,ITG,ITG2,20,Sardegna,Sardegna,1639591,1715088,104.6,0.63
5255,2021-01-09,SAR,4089,1444,2645,4089,0,0,0,ITG,ITG2,20,Sardegna,Sardegna,1639591,1719177,104.85,0.25
5256,2021-06-15,SAR,14692,6812,7880,9812,4744,136,0,ITG,ITG2,20,Sardegna,Sardegna,1639591,1733869,105.75,0.9
5257,2021-03-07,SAR,1663,752,911,1114,545,4,0,ITG,ITG2,20,Sardegna,Sardegna,1639591,1735532,105.85,0.1
5258,2021-09-13,SAR,10458,5638,4820,2473,7873,112,0,ITG,ITG2,20,Sardegna,Sardegna,1639591,1745990,106.49,0.64
5259,2021-06-22,SAR,19342,8992,10350,7166,12075,101,0,ITG,ITG2,20,Sardegna,Sardegna,1639591,1765332,107.67,1.18
5260,2021-07-09,SAR,15884,7600,8284,3432,12369,83,0,ITG,ITG2,20,Sardegna,Sardegna,1639591,1781216,108.64,0.97
5261,2021-03-31,SAR,10637,4235,6402,8065,2438,134,0,ITG,ITG2,20,Sardegna,Sardegna,1639591,1791853,109.29,0.65
5262,2021-05-11,SAR,9113,4248,4865,6454,2521,138,0,ITG,ITG2,20,Sardegna,Sardegna,1639591,1800966,109.84,0.56
5263,2021-01-31,SAR,2155,766,1389,45,2110,0,0,ITG,ITG2,20,Sardegna,Sardegna,1639591,1803121,109.97,0.13
5264,2021-02-14,SAR,542,263,279,540,2,0,0,ITG,ITG2,20,Sardegna,Sardegna,1639591,1803663,110.01,0.03
5265,2021-07-18,SAR,5693,2874,2819,982,4701,10,0,ITG,ITG2,20,Sardegna,Sardegna,1639591,1809356,110.35,0.35
5266,2021-08-18,SAR,10694,5534,5160,5708,4856,130,0,ITG,ITG2,20,Sardegna,Sardegna,1639591,1820050,111.01,0.65
5267,2021-05-27,SAR,17864,9269,8595,12110,5545,209,0,ITG,ITG2,20,Sardegna,Sardegna,1639591,1837914,112.1,1.09
5268,2021-02-16,SAR,704,291,413,667,27,10,0,ITG,ITG2,20,Sardegna,Sardegna,1639591,1838618,112.14,0.04
5269,2021-03-05,SAR,5236,2622,2614,2822,2372,42,0,ITG,ITG2,20,Sardegna,Sardegna,1639591,1843854,112.46,0.32
5270,2021-07-23,SAR,15761,7789,7972,3404,12279,78,0,ITG,ITG2,20,Sardegna,Sardegna,1639591,1859615,113.42,0.96
5271,2021-04-14,SAR,8370,3929,4441,7030,1276,64,0,ITG,ITG2,20,Sardegna,Sardegna,1639591,1867985,113.93,0.51
5272,2021-06-27,SAR,9020,4311,4709,2957,6035,28,0,ITG,ITG2,20,Sardegna,Sardegna,1639591,1877005,114.48,0.55
5273,2021-03-24,SAR,7506,3135,4371,5994,1360,152,0,ITG,ITG2,20,Sardegna,Sardegna,1639591,1884511,114.94,0.46
5274,2021-01-07,SAR,3173,1111,2062,3169,0,4,0,ITG,ITG2,20,Sardegna,Sardegna,1639591,1887684,115.13,0.19
5275,2021-03-19,SAR,7328,3065,4263,5017,2244,67,0,ITG,ITG2,20,Sardegna,Sardegna,1639591,1895012,115.58,0.45
5276,2021-04-05,SAR,2097,798,1299,2048,1,48,0,ITG,ITG2,20,Sardegna,Sardegna,1639591,1897109,115.71,0.13
5277,2021-09-06,SAR,9286,4875,4411,2548,6624,114,0,ITG,ITG2,20,Sardegna,Sardegna,1639591,1906395,116.27,0.57
5278,2021-06-29,SAR,17901,8609,9292,3759,14093,49,0,ITG,ITG2,20,Sardegna,Sardegna,1639591,1924296,117.36,1.09
5279,2021-08-25,SAR,10063,5290,4773,4241,5711,111,0,ITG,ITG2,20,Sardegna,Sardegna,1639591,1934359,117.98,0.61
5280,2021-09-11,SAR,6499,3466,3033,1210,5253,36,0,ITG,ITG2,20,Sardegna,Sardegna,1639591,1940858,118.37,0.4
5281,2021-06-03,SAR,16401,7647,8754,10566,5694,141,0,ITG,ITG2,20,Sardegna,Sardegna,1639591,1957259,119.37,1.0
5282,2021-05-01,SAR,10012,4799,5213,5422,4487,103,0,ITG,ITG2,20,Sardegna,Sardegna,1639591,1967271,119.99,0.61
5283,2021-01-21,SAR,140,69,71,98,42,0,0,ITG,ITG2,20,Sardegna,Sardegna,1639591,1967411,119.99,0.01
5284,2021-02-07,SAR,1128,397,731,228,899,1,0,ITG,ITG2,20,Sardegna,Sardegna,1639591,1968539,120.06,0.07
5285,2021-08-11,SAR,11928,6362,5566,6147,5601,180,0,ITG,ITG2,20,Sardegna,Sardegna,1639591,1980467,120.79,0.73
5286,2021-05-03,SAR,8341,3856,4485,6600,1627,114,0,ITG,ITG2,20,Sardegna,Sardegna,1639591,1988808,121.3,0.51
5287,2021-05-20,SAR,16417,7896,8521,11294,4914,209,0,ITG,ITG2,20,Sardegna,Sardegna,1639591,2005225,122.3,1.0
5288,2021-07-16,SAR,16937,8476,8461,4555,12247,135,0,ITG,ITG2,20,Sardegna,Sardegna,1639591,2022162,123.33,1.03
5289,2021-04-07,SAR,13735,6106,7629,7907,5741,87,0,ITG,ITG2,20,Sardegna,Sardegna,1639591,2035897,124.17,0.84
5290,2021-04-24,SAR,10568,4911,5657,7960,2467,141,0,ITG,ITG2,20,Sardegna,Sardegna,1639591,2046465,124.82,0.64
5291,2021-01-14,SAR,1130,434,696,1130,0,0,0,ITG,ITG2,20,Sardegna,Sardegna,1639591,2047595,124.88,0.07
5292,2021-09-18,SAR,6198,3459,2739,1669,4483,46,0,ITG,ITG2,20,Sardegna,Sardegna,1639591,2053793,125.26,0.38
5293,2021-06-10,SAR,17818,8481,9337,11644,6047,127,0,ITG,ITG2,20,Sardegna,Sardegna,1639591,2071611,126.35,1.09
5294,2021-08-06,SAR,13825,7175,6650,7987,5662,176,0,ITG,ITG2,20,Sardegna,Sardegna,1639591,2085436,127.19,0.84
5295,2020-12-31,SAR,41,22,19,41,0,0,0,ITG,ITG2,20,Sardegna,Sardegna,1639591,2085477,127.19,0.0
5296,2021-07-30,SAR,15207,7858,7349,6623,8417,167,0,ITG,ITG2,20,Sardegna,Sardegna,1639591,2100684,128.12,0.93
5297,2021-06-20,SAR,6295,2807,3488,3635,2628,32,0,ITG,ITG2,20,Sardegna,Sardegna,1639591,2106979,128.51,0.38
5298,2021-03-12,SAR,6028,2635,3393,4553,1318,157,0,ITG,ITG2,20,Sardegna,Sardegna,1639591,2113007,128.87,0.37
5299,2021-02-09,SAR,2300,840,1460,1290,1005,5,0,ITG,ITG2,20,Sardegna,Sardegna,1639591,2115307,129.01,0.14
5300,2021-02-26,SAR,2836,1117,1719,2473,308,55,0,ITG,ITG2,20,Sardegna,Sardegna,1639591,2118143,129.19,0.17
5301,2021-04-04,SAR,2,1,1,0,2,0,0,ITG,ITG2,20,Sardegna,Sardegna,1639591,2118145,129.19,0.0
5302,2021-06-16,SAR,17641,8279,9362,12167,5313,161,0,ITG,ITG2,20,Sardegna,Sardegna,1639591,2135786,130.26,1.08
5303,2021-01-01,SAR,34,17,17,34,0,0,0,ITG,ITG2,20,Sardegna,Sardegna,1639591,2135820,130.27,0.0
5304,2021-02-27,SAR,1930,646,1284,1326,561,43,0,ITG,ITG2,20,Sardegna,Sardegna,1639591,2137750,130.38,0.12
5305,2021-07-22,SAR,18338,9268,9070,4508,13721,109,0,ITG,ITG2,20,Sardegna,Sardegna,1639591,2156088,131.5,1.12
5306,2021-04-13,SAR,7709,3624,4085,5787,1855,67,0,ITG,ITG2,20,Sardegna,Sardegna,1639591,2163797,131.97,0.47
5307,2021-09-17,SAR,9943,5451,4492,2169,7669,105,0,ITG,ITG2,20,Sardegna,Sardegna,1639591,2173740,132.58,0.61
5308,2021-06-09,SAR,15478,7370,8108,11574,3753,151,0,ITG,ITG2,20,Sardegna,Sardegna,1639591,2189218,133.52,0.94
5309,2021-08-21,SAR,5622,3056,2566,3639,1893,90,0,ITG,ITG2,20,Sardegna,Sardegna,1639591,2194840,133.87,0.34
5310,2021-03-08,SAR,4735,2465,2270,3456,1226,53,0,ITG,ITG2,20,Sardegna,Sardegna,1639591,2199575,134.15,0.29
5311,2021-05-04,SAR,9685,4429,5256,7624,1905,156,0,ITG,ITG2,20,Sardegna,Sardegna,1639591,2209260,134.74,0.59
5312,2021-01-24,SAR,91,35,56,5,86,0,0,ITG,ITG2,20,Sardegna,Sardegna,1639591,2209351,134.75,0.01
5313,2021-06-18,SAR,16491,7509,8982,8603,7772,116,0,ITG,ITG2,20,Sardegna,Sardegna,1639591,2225842,135.76,1.01
5314,2021-03-10,SAR,6086,2966,3120,5148,856,82,0,ITG,ITG2,20,Sardegna,Sardegna,1639591,2231928,136.13,0.37
5315,2021-08-14,SAR,1796,1025,771,992,794,10,0,ITG,ITG2,20,Sardegna,Sardegna,1639591,2233724,136.24,0.11
5316,2021-05-06,SAR,13179,6068,7111,9735,3194,250,0,ITG,ITG2,20,Sardegna,Sardegna,1639591,2246903,137.04,0.8
5317,2021-03-01,SAR,2297,1168,1129,1599,667,31,0,ITG,ITG2,20,Sardegna,Sardegna,1639591,2249200,137.18,0.14
5318,2021-05-13,SAR,12452,5874,6578,8769,3469,214,0,ITG,ITG2,20,Sardegna,Sardegna,1639591,2261652,137.94,0.76
5319,2021-02-02,SAR,1534,681,853,258,1276,0,0,ITG,ITG2,20,Sardegna,Sardegna,1639591,2263186,138.03,0.09
5320,2021-08-23,SAR,10521,5564,4957,5634,4709,178,0,ITG,ITG2,20,Sardegna,Sardegna,1639591,2273707,138.68,0.64
5321,2021-05-15,SAR,13881,6445,7436,10239,3445,197,0,ITG,ITG2,20,Sardegna,Sardegna,1639591,2287588,139.52,0.85
5322,2021-07-11,SAR,6380,3119,3261,1423,4921,36,0,ITG,ITG2,20,Sardegna,Sardegna,1639591,2293968,139.91,0.39
5323,2021-01-26,SAR,1381,474,907,27,1354,0,0,ITG,ITG2,20,Sardegna,Sardegna,1639591,2295349,140.0,0.08
5324,2021-08-16,SAR,8464,4413,4051,4552,3795,117,0,ITG,ITG2,20,Sardegna,Sardegna,1639591,2303813,140.51,0.52
5325,2021-05-08,SAR,13219,6004,7215,10757,2291,171,0,ITG,ITG2,20,Sardegna,Sardegna,1639591,2317032,141.32,0.81
5326,2021-07-20,LOM,95031,49096,45935,6920,87373,738,0,ITC,ITC4,3,Lombardia,Lombardia,10060574,95031,0.94,0.94
5327,2021-09-15,LOM,35004,18470,16534,8168,25592,1244,0,ITC,ITC4,3,Lombardia,Lombardia,10060574,130035,1.29,0.35
5328,2021-02-04,LOM,28030,8172,19858,2049,25976,5,0,ITC,ITC4,3,Lombardia,Lombardia,10060574,158065,1.57,0.28
5329,2021-07-18,LOM,97111,50596,46515,8545,87872,694,0,ITC,ITC4,3,Lombardia,Lombardia,10060574,255176,2.54,0.97
5330,2021-04-09,LOM,52465,22399,30066,35593,16026,846,0,ITC,ITC4,3,Lombardia,Lombardia,10060574,307641,3.06,0.52
5331,2021-08-27,LOM,35745,19221,16524,18536,14628,2581,0,ITC,ITC4,3,Lombardia,Lombardia,10060574,343386,3.41,0.36
5332,2021-09-13,LOM,36395,19687,16708,6361,29010,1024,0,ITC,ITC4,3,Lombardia,Lombardia,10060574,379781,3.77,0.36
5333,2021-06-05,LOM,102451,52963,49488,91098,9837,1516,0,ITC,ITC4,3,Lombardia,Lombardia,10060574,482232,4.79,1.02
5334,2021-01-16,LOM,15651,5786,9865,15640,0,11,0,ITC,ITC4,3,Lombardia,Lombardia,10060574,497883,4.95,0.16
5335,2021-08-15,LOM,7000,3988,3012,2933,3884,183,0,ITC,ITC4,3,Lombardia,Lombardia,10060574,504883,5.02,0.07
5336,2021-02-16,LOM,9533,3081,6452,8980,453,100,0,ITC,ITC4,3,Lombardia,Lombardia,10060574,514416,5.11,0.09
5337,2021-06-10,LOM,102735,52274,50461,86417,14509,1809,0,ITC,ITC4,3,Lombardia,Lombardia,10060574,617151,6.13,1.02
5338,2021-03-02,LOM,22844,9711,13133,19527,3049,268,0,ITC,ITC4,3,Lombardia,Lombardia,10060574,639995,6.36,0.23
5339,2021-08-20,LOM,27130,15011,12119,14129,11908,1093,0,ITC,ITC4,3,Lombardia,Lombardia,10060574,667125,6.63,0.27
5340,2021-03-28,LOM,20642,7883,12759,13969,6288,385,0,ITC,ITC4,3,Lombardia,Lombardia,10060574,687767,6.84,0.21
5341,2021-04-14,LOM,47244,21052,26192,33540,12990,714,0,ITC,ITC4,3,Lombardia,Lombardia,10060574,735011,7.31,0.47
5342,2021-01-04,LOM,6137,2121,4016,6130,0,7,0,ITC,ITC4,3,Lombardia,Lombardia,10060574,741148,7.37,0.06
5343,2021-06-19,LOM,104416,52034,52382,56228,46762,1426,0,ITC,ITC4,3,Lombardia,Lombardia,10060574,845564,8.4,1.04
5344,2021-09-01,LOM,60249,32371,27878,30547,25966,3736,0,ITC,ITC4,3,Lombardia,Lombardia,10060574,905813,9.0,0.6
5345,2021-05-24,LOM,89627,43530,46097,48601,40088,938,0,ITC,ITC4,3,Lombardia,Lombardia,10060574,995440,9.89,0.89
5346,2021-02-11,LOM,17137,5027,12110,9637,7423,77,0,ITC,ITC4,3,Lombardia,Lombardia,10060574,1012577,10.06,0.17
5347,2021-08-06,LOM,85624,46660,38964,17810,66967,847,0,ITC,ITC4,3,Lombardia,Lombardia,10060574,1098201,10.92,0.85
5348,2021-04-28,LOM,95817,43696,52121,66882,26959,1976,0,ITC,ITC4,3,Lombardia,Lombardia,10060574,1194018,11.87,0.95
5349,2021-06-24,LOM,109779,56745,53034,78370,29019,2390,0,ITC,ITC4,3,Lombardia,Lombardia,10060574,1303797,12.96,1.09
5350,2021-03-16,LOM,25544,10134,15410,16309,9113,122,0,ITC,ITC4,3,Lombardia,Lombardia,10060574,1329341,13.21,0.25
5351,2021-05-12,LOM,87577,41782,45795,57285,27615,2677,0,ITC,ITC4,3,Lombardia,Lombardia,10060574,1416918,14.08,0.87
5352,2021-08-01,LOM,53144,28434,24710,27338,24267,1539,0,ITC,ITC4,3,Lombardia,Lombardia,10060574,1470062,14.61,0.53
5353,2021-04-23,LOM,73643,33371,40272,55547,16661,1435,0,ITC,ITC4,3,Lombardia,Lombardia,10060574,1543705,15.34,0.73
5354,2021-05-10,LOM,85322,40908,44414,61460,21602,2260,0,ITC,ITC4,3,Lombardia,Lombardia,10060574,1629027,16.19,0.85
5355,2021-01-30,LOM,12361,4587,7774,146,12206,9,0,ITC,ITC4,3,Lombardia,Lombardia,10060574,1641388,16.32,0.12
5356,2021-07-13,LOM,108725,56847,51878,15455,92035,1235,0,ITC,ITC4,3,Lombardia,Lombardia,10060574,1750113,17.4,1.08
5357,2021-04-04,LOM,7615,3232,4383,3682,3899,34,0,ITC,ITC4,3,Lombardia,Lombardia,10060574,1757728,17.47,0.08
5358,2021-04-02,LOM,41420,16955,24465,26207,14652,561,0,ITC,ITC4,3,Lombardia,Lombardia,10060574,1799148,17.88,0.41
5359,2021-01-09,LOM,12513,4614,7899,12505,0,8,0,ITC,ITC4,3,Lombardia,Lombardia,10060574,1811661,18.01,0.12
5360,2021-03-07,LOM,12100,5366,6734,9340,2563,197,0,ITC,ITC4,3,Lombardia,Lombardia,10060574,1823761,18.13,0.12
5361,2021-03-14,LOM,14884,5350,9534,11215,3290,379,0,ITC,ITC4,3,Lombardia,Lombardia,10060574,1838645,18.28,0.15
5362,2021-02-23,LOM,11835,4807,7028,11290,332,213,0,ITC,ITC4,3,Lombardia,Lombardia,10060574,1850480,18.39,0.12
5363,2021-07-06,LOM,102189,50889,51300,23088,77685,1416,0,ITC,ITC4,3,Lombardia,Lombardia,10060574,1952669,19.41,1.02
5364,2021-07-08,LOM,114721,58459,56262,13223,100472,1026,0,ITC,ITC4,3,Lombardia,Lombardia,10060574,2067390,20.55,1.14
5365,2021-07-25,LOM,86643,45739,40904,9424,76438,781,0,ITC,ITC4,3,Lombardia,Lombardia,10060574,2154033,21.41,0.86
5366,2021-04-16,LOM,53736,23938,29798,38416,14401,919,0,ITC,ITC4,3,Lombardia,Lombardia,10060574,2207769,21.94,0.53
5367,2020-12-28,LOM,108,47,61,108,0,0,0,ITC,ITC4,3,Lombardia,Lombardia,10060574,2207877,21.95,0.0
5368,2021-04-21,LOM,71891,32587,39304,55816,14704,1371,0,ITC,ITC4,3,Lombardia,Lombardia,10060574,2279768,22.66,0.71
5369,2021-09-22,LOM,35889,19476,16413,9550,24244,900,1195,ITC,ITC4,3,Lombardia,Lombardia,10060574,2315657,23.02,0.36
5370,2021-01-11,LOM,16318,5396,10922,16309,0,9,0,ITC,ITC4,3,Lombardia,Lombardia,10060574,2331975,23.18,0.16
5371,2021-01-28,LOM,12284,3724,8560,795,11482,7,0,ITC,ITC4,3,Lombardia,Lombardia,10060574,2344259,23.3,0.12
5372,2021-09-03,LOM,52935,28456,24479,22722,27561,2652,0,ITC,ITC4,3,Lombardia,Lombardia,10060574,2397194,23.83,0.53
5373,2021-09-08,LOM,58164,31760,26404,13529,42898,1737,0,ITC,ITC4,3,Lombardia,Lombardia,10060574,2455358,24.41,0.58
5374,2021-05-31,LOM,95750,47434,48316,78389,16259,1102,0,ITC,ITC4,3,Lombardia,Lombardia,10060574,2551108,25.36,0.95
5375,2021-07-27,LOM,104946,56847,48099,7481,96762,703,0,ITC,ITC4,3,Lombardia,Lombardia,10060574,2656054,26.4,1.04
5376,2021-03-26,LOM,41391,15738,25653,27507,13197,687,0,ITC,ITC4,3,Lombardia,Lombardia,10060574,2697445,26.81,0.41
5377,2021-05-22,LOM,70698,33876,36822,31732,38250,716,0,ITC,ITC4,3,Lombardia,Lombardia,10060574,2768143,27.51,0.7
5378,2021-05-29,LOM,88399,42445,45954,41395,46159,845,0,ITC,ITC4,3,Lombardia,Lombardia,10060574,2856542,28.39,0.88
5379,2021-02-18,LOM,14066,4932,9134,12828,1038,200,0,ITC,ITC4,3,Lombardia,Lombardia,10060574,2870608,28.53,0.14
5380,2021-06-17,LOM,108686,52761,55925,50185,57319,1182,0,ITC,ITC4,3,Lombardia,Lombardia,10060574,2979294,29.61,1.08
5381,2021-03-09,LOM,33275,12883,20392,25250,7426,599,0,ITC,ITC4,3,Lombardia,Lombardia,10060574,3012569,29.94,0.33
5382,2021-08-13,LOM,53456,29606,23850,20525,31665,1266,0,ITC,ITC4,3,Lombardia,Lombardia,10060574,3066025,30.48,0.53
5383,2021-05-05,LOM,88140,42011,46129,70407,15379,2354,0,ITC,ITC4,3,Lombardia,Lombardia,10060574,3154165,31.35,0.88
5384,2021-07-01,LOM,105145,52896,52249,53329,49412,2404,0,ITC,ITC4,3,Lombardia,Lombardia,10060574,3259310,32.4,1.05
5385,2021-09-20,LOM,53263,29181,24082,11102,39599,1097,1465,ITC,ITC4,3,Lombardia,Lombardia,10060574,3312573,32.93,0.53
5386,2021-06-12,LOM,89337,48071,41266,84303,3181,1853,0,ITC,ITC4,3,Lombardia,Lombardia,10060574,3401910,33.81,0.89
5387,2021-06-29,LOM,107329,53219,54110,57423,47896,2010,0,ITC,ITC4,3,Lombardia,Lombardia,10060574,3509239,34.88,1.07
5388,2021-03-21,LOM,23524,8499,15025,17721,5198,605,0,ITC,ITC4,3,Lombardia,Lombardia,10060574,3532763,35.11,0.23
5389,2021-02-13,LOM,6428,2446,3982,4887,1480,61,0,ITC,ITC4,3,Lombardia,Lombardia,10060574,3539191,35.18,0.06
5390,2021-07-17,LOM,108512,57300,51212,10221,97363,928,0,ITC,ITC4,3,Lombardia,Lombardia,10060574,3647703,36.26,1.08
5391,2021-08-12,LOM,56904,31257,25647,22001,33526,1377,0,ITC,ITC4,3,Lombardia,Lombardia,10060574,3704607,36.82,0.57
5392,2021-04-11,LOM,32234,13949,18285,24321,7398,515,0,ITC,ITC4,3,Lombardia,Lombardia,10060574,3736841,37.14,0.32
5393,2021-01-01,LOM,24,7,17,24,0,0,0,ITC,ITC4,3,Lombardia,Lombardia,10060574,3736865,37.14,0.0
5394,2021-06-07,LOM,99052,50450,48602,84029,13391,1632,0,ITC,ITC4,3,Lombardia,Lombardia,10060574,3835917,38.13,0.98
5395,2021-02-27,LOM,13955,5876,8079,13153,645,157,0,ITC,ITC4,3,Lombardia,Lombardia,10060574,3849872,38.27,0.14
5396,2021-01-27,LOM,8074,2689,5385,806,7266,2,0,ITC,ITC4,3,Lombardia,Lombardia,10060574,3857946,38.35,0.08
5397,2021-07-03,LOM,102520,51724,50796,44535,55872,2113,0,ITC,ITC4,3,Lombardia,Lombardia,10060574,3960466,39.37,1.02
5398,2021-03-25,LOM,43061,16102,26959,29251,12886,924,0,ITC,ITC4,3,Lombardia,Lombardia,10060574,4003527,39.79,0.43
5399,2021-08-29,LOM,25186,13531,11655,12725,11159,1302,0,ITC,ITC4,3,Lombardia,Lombardia,10060574,4028713,40.04,0.25
5400,2021-05-21,LOM,93939,45283,48656,28392,64786,761,0,ITC,ITC4,3,Lombardia,Lombardia,10060574,4122652,40.98,0.93
5401,2021-05-07,LOM,92492,43759,48733,67901,22503,2088,0,ITC,ITC4,3,Lombardia,Lombardia,10060574,4215144,41.9,0.92
5402,2021-03-18,LOM,27472,10985,16487,15940,11305,227,0,ITC,ITC4,3,Lombardia,Lombardia,10060574,4242616,42.17,0.27
5403,2021-08-22,LOM,18208,10165,8043,7599,10067,542,0,ITC,ITC4,3,Lombardia,Lombardia,10060574,4260824,42.35,0.18
5404,2021-05-14,LOM,86055,41441,44614,53162,30372,2521,0,ITC,ITC4,3,Lombardia,Lombardia,10060574,4346879,43.21,0.86
5405,2021-07-10,LOM,107280,54309,52971,13915,92182,1183,0,ITC,ITC4,3,Lombardia,Lombardia,10060574,4454159,44.27,1.07
5406,2021-08-08,LOM,58843,31957,26886,16680,41367,796,0,ITC,ITC4,3,Lombardia,Lombardia,10060574,4513002,44.86,0.58
5407,2021-08-25,LOM,44525,24045,20480,21660,19757,3108,0,ITC,ITC4,3,Lombardia,Lombardia,10060574,4557527,45.3,0.44
5408,2021-05-17,LOM,94698,45377,49321,29504,64445,749,0,ITC,ITC4,3,Lombardia,Lombardia,10060574,4652225,46.24,0.94
5409,2021-05-19,LOM,83311,39789,43522,33120,49380,811,0,ITC,ITC4,3,Lombardia,Lombardia,10060574,4735536,47.07,0.83
5410,2021-02-08,LOM,10138,2938,7200,2125,8005,8,0,ITC,ITC4,3,Lombardia,Lombardia,10060574,4745674,47.17,0.1
5411,2021-05-03,LOM,83749,39782,43967,69433,12149,2167,0,ITC,ITC4,3,Lombardia,Lombardia,10060574,4829423,48.0,0.83
5412,2021-01-23,LOM,1127,361,766,925,199,3,0,ITC,ITC4,3,Lombardia,Lombardia,10060574,4830550,48.01,0.01
5413,2021-09-12,LOM,26941,14514,12427,8978,16760,1203,0,ITC,ITC4,3,Lombardia,Lombardia,10060574,4857491,48.28,0.27
5414,2021-06-21,LOM,113406,58097,55309,78190,33039,2177,0,ITC,ITC4,3,Lombardia,Lombardia,10060574,4970897,49.41,1.13
5415,2021-08-03,LOM,85838,46542,39296,13489,71627,722,0,ITC,ITC4,3,Lombardia,Lombardia,10060574,5056735,50.26,0.85
5416,2021-04-25,LOM,51621,23666,27955,45522,4843,1256,0,ITC,ITC4,3,Lombardia,Lombardia,10060574,5108356,50.78,0.51
5417,2021-06-28,LOM,108107,55069,53038,74291,31200,2616,0,ITC,ITC4,3,Lombardia,Lombardia,10060574,5216463,51.85,1.07
5418,2020-12-30,LOM,115,42,73,115,0,0,0,ITC,ITC4,3,Lombardia,Lombardia,10060574,5216578,51.85,0.0
5419,2021-06-16,LOM,99389,50489,48900,49853,48380,1156,0,ITC,ITC4,3,Lombardia,Lombardia,10060574,5315967,52.84,0.99
5420,2021-03-06,LOM,21365,9110,12255,16541,4520,304,0,ITC,ITC4,3,Lombardia,Lombardia,10060574,5337332,53.05,0.21
5421,2021-01-18,LOM,9270,2993,6277,8280,975,15,0,ITC,ITC4,3,Lombardia,Lombardia,10060574,5346602,53.14,0.09
5422,2021-01-13,LOM,26496,8104,18392,26471,0,25,0,ITC,ITC4,3,Lombardia,Lombardia,10060574,5373098,53.41,0.26
5423,2021-09-05,LOM,33251,18026,15225,12428,19466,1357,0,ITC,ITC4,3,Lombardia,Lombardia,10060574,5406349,53.74,0.33
5424,2021-06-26,LOM,105939,55461,50478,77785,25747,2407,0,ITC,ITC4,3,Lombardia,Lombardia,10060574,5512288,54.79,1.05
5425,2021-02-10,LOM,14465,4529,9936,7568,6868,29,0,ITC,ITC4,3,Lombardia,Lombardia,10060574,5526753,54.93,0.14
5426,2021-09-09,LOM,56635,31089,25546,11924,43093,1618,0,ITC,ITC4,3,Lombardia,Lombardia,10060574,5583388,55.5,0.56
5427,2021-02-25,LOM,15361,6371,8990,13533,1624,204,0,ITC,ITC4,3,Lombardia,Lombardia,10060574,5598749,55.65,0.15
5428,2021-02-06,LOM,15313,5556,9757,1014,14294,5,0,ITC,ITC4,3,Lombardia,Lombardia,10060574,5614062,55.8,0.15
5429,2021-07-24,LOM,95883,50658,45225,9741,85282,860,0,ITC,ITC4,3,Lombardia,Lombardia,10060574,5709945,56.76,0.95
5430,2021-08-10,LOM,61480,33269,28211,18716,41699,1065,0,ITC,ITC4,3,Lombardia,Lombardia,10060574,5771425,57.37,0.61
5431,2021-09-10,LOM,52664,28287,24377,11431,39455,1778,0,ITC,ITC4,3,Lombardia,Lombardia,10060574,5824089,57.89,0.52
5432,2021-06-02,LOM,84719,43619,41100,76983,6411,1325,0,ITC,ITC4,3,Lombardia,Lombardia,10060574,5908808,58.73,0.84
5433,2021-03-11,LOM,36286,13509,22777,25635,9962,689,0,ITC,ITC4,3,Lombardia,Lombardia,10060574,5945094,59.09,0.36
5434,2021-07-15,LOM,109401,56282,53119,13380,94827,1194,0,ITC,ITC4,3,Lombardia,Lombardia,10060574,6054495,60.18,1.09
5435,2021-04-06,LOM,43107,17600,25507,24447,17962,698,0,ITC,ITC4,3,Lombardia,Lombardia,10060574,6097602,60.61,0.43
5436,2021-06-14,LOM,94893,48213,46680,49130,44644,1119,0,ITC,ITC4,3,Lombardia,Lombardia,10060574,6192495,61.55,0.94
5437,2021-09-17,LOM,30371,16358,14013,9649,19452,1270,0,ITC,ITC4,3,Lombardia,Lombardia,10060574,6222866,61.85,0.3
5438,2021-06-09,LOM,103765,52263,51502,87432,14601,1732,0,ITC,ITC4,3,Lombardia,Lombardia,10060574,6326631,62.89,1.03
5439,2021-03-08,LOM,29830,11214,18616,22163,7131,536,0,ITC,ITC4,3,Lombardia,Lombardia,10060574,6356461,63.18,0.3
5440,2021-05-04,LOM,86893,41102,45791,70256,14429,2208,0,ITC,ITC4,3,Lombardia,Lombardia,10060574,6443354,64.05,0.86
5441,2021-01-24,LOM,1202,458,744,538,664,0,0,ITC,ITC4,3,Lombardia,Lombardia,10060574,6444556,64.06,0.01
5442,2021-09-19,LOM,25097,13703,11394,10276,13781,1040,0,ITC,ITC4,3,Lombardia,Lombardia,10060574,6469653,64.31,0.25
5443,2021-03-04,LOM,29379,12138,17241,20066,9089,224,0,ITC,ITC4,3,Lombardia,Lombardia,10060574,6499032,64.6,0.29
5444,2021-06-30,LOM,107016,53015,54001,56570,48320,2126,0,ITC,ITC4,3,Lombardia,Lombardia,10060574,6606048,65.66,1.06
5445,2021-03-23,LOM,42651,15498,27153,28863,12915,873,0,ITC,ITC4,3,Lombardia,Lombardia,10060574,6648699,66.09,0.42
5446,2021-08-24,LOM,47549,25872,21677,24453,19457,3639,0,ITC,ITC4,3,Lombardia,Lombardia,10060574,6696248,66.56,0.47
5447,2021-02-03,LOM,25744,7959,17785,1078,24661,5,0,ITC,ITC4,3,Lombardia,Lombardia,10060574,6721992,66.82,0.26
5448,2021-04-01,LOM,43206,17327,25879,26086,16405,715,0,ITC,ITC4,3,Lombardia,Lombardia,10060574,6765198,67.24,0.43
5449,2021-05-02,LOM,83538,38348,45190,59219,22485,1834,0,ITC,ITC4,3,Lombardia,Lombardia,10060574,6848736,68.08,0.83
5450,2021-07-22,LOM,99413,52043,47370,12511,85448,1454,0,ITC,ITC4,3,Lombardia,Lombardia,10060574,6948149,69.06,0.99
5451,2021-04-13,LOM,47702,21291,26411,32927,14116,659,0,ITC,ITC4,3,Lombardia,Lombardia,10060574,6995851,69.54,0.47
5452,2021-04-30,LOM,117557,54898,62659,87205,27688,2664,0,ITC,ITC4,3,Lombardia,Lombardia,10060574,7113408,70.71,1.17
5453,2021-01-20,LOM,5719,1394,4325,5599,115,5,0,ITC,ITC4,3,Lombardia,Lombardia,10060574,7119127,70.76,0.06
5454,2021-03-30,LOM,39756,15645,24111,24262,14875,619,0,ITC,ITC4,3,Lombardia,Lombardia,10060574,7158883,71.16,0.4
5455,2021-01-06,LOM,7169,2532,4637,7163,0,6,0,ITC,ITC4,3,Lombardia,Lombardia,10060574,7166052,71.23,0.07
5456,2021-08-26,LOM,38689,20779,17910,20346,15550,2793,0,ITC,ITC4,3,Lombardia,Lombardia,10060574,7204741,71.61,0.38
5457,2021-05-18,LOM,88260,42183,46077,31856,55601,803,0,ITC,ITC4,3,Lombardia,Lombardia,10060574,7293001,72.49,0.88
5458,2021-06-04,LOM,104664,54326,50338,93199,9671,1794,0,ITC,ITC4,3,Lombardia,Lombardia,10060574,7397665,73.53,1.04
5459,2021-08-17,LOM,33272,18413,14859,17411,14677,1184,0,ITC,ITC4,3,Lombardia,Lombardia,10060574,7430937,73.86,0.33
5460,2021-05-26,LOM,93793,44688,49105,42746,50155,892,0,ITC,ITC4,3,Lombardia,Lombardia,10060574,7524730,74.79,0.93
5461,2021-02-15,LOM,9064,3172,5892,8405,486,173,0,ITC,ITC4,3,Lombardia,Lombardia,10060574,7533794,74.88,0.09
5462,2021-08-21,LOM,21330,11878,9452,9484,11072,774,0,ITC,ITC4,3,Lombardia,Lombardia,10060574,7555124,75.1,0.21
5463,2021-01-25,LOM,7132,2401,4731,515,6614,3,0,ITC,ITC4,3,Lombardia,Lombardia,10060574,7562256,75.17,0.07
5464,2021-02-01,LOM,16137,5345,10792,307,15828,2,0,ITC,ITC4,3,Lombardia,Lombardia,10060574,7578393,75.33,0.16
5465,2021-07-05,LOM,101939,49793,52146,31494,68554,1891,0,ITC,ITC4,3,Lombardia,Lombardia,10060574,7680332,76.34,1.01
5466,2021-08-31,LOM,62850,33507,29343,36712,21585,4553,0,ITC,ITC4,3,Lombardia,Lombardia,10060574,7743182,76.97,0.62
5467,2021-02-24,LOM,14728,5961,8767,13575,958,195,0,ITC,ITC4,3,Lombardia,Lombardia,10060574,7757910,77.11,0.15
5468,2021-05-16,LOM,68742,32518,36224,35548,32236,958,0,ITC,ITC4,3,Lombardia,Lombardia,10060574,7826652,77.8,0.68
5469,2021-02-05,LOM,25795,7495,18300,2430,23353,12,0,ITC,ITC4,3,Lombardia,Lombardia,10060574,7852447,78.05,0.26
5470,2021-02-22,LOM,11956,4824,7132,11446,310,200,0,ITC,ITC4,3,Lombardia,Lombardia,10060574,7864403,78.17,0.12
5471,2021-09-16,LOM,30109,16045,14064,7879,21002,1228,0,ITC,ITC4,3,Lombardia,Lombardia,10060574,7894512,78.47,0.3
5472,2021-03-22,LOM,40378,14321,26057,28952,10581,845,0,ITC,ITC4,3,Lombardia,Lombardia,10060574,7934890,78.87,0.4
5473,2021-04-08,LOM,52479,21802,30677,35306,16501,672,0,ITC,ITC4,3,Lombardia,Lombardia,10060574,7987369,79.39,0.52
5474,2020-12-29,LOM,106,45,61,106,0,0,0,ITC,ITC4,3,Lombardia,Lombardia,10060574,7987475,79.39,0.0
5475,2021-07-14,LOM,109455,56864,52591,14354,93691,1410,0,ITC,ITC4,3,Lombardia,Lombardia,10060574,8096930,80.48,1.09
5476,2021-07-31,LOM,71118,38778,32340,36368,32724,2026,0,ITC,ITC4,3,Lombardia,Lombardia,10060574,8168048,81.19,0.71
5477,2021-04-22,LOM,74081,33448,40633,56216,16450,1415,0,ITC,ITC4,3,Lombardia,Lombardia,10060574,8242129,81.93,0.74
5478,2021-03-03,LOM,27032,11533,15499,19491,7319,222,0,ITC,ITC4,3,Lombardia,Lombardia,10060574,8269161,82.19,0.27
5479,2021-01-22,LOM,3199,885,2314,3125,69,5,0,ITC,ITC4,3,Lombardia,Lombardia,10060574,8272360,82.23,0.03
5480,2021-03-20,LOM,32616,12174,20442,22241,9861,514,0,ITC,ITC4,3,Lombardia,Lombardia,10060574,8304976,82.55,0.32
5481,2020-12-27,LOM,718,414,304,718,0,0,0,ITC,ITC4,3,Lombardia,Lombardia,10060574,8305694,82.56,0.01
5482,2021-09-21,LOM,48071,26163,21908,12444,32791,1165,1671,ITC,ITC4,3,Lombardia,Lombardia,10060574,8353765,83.03,0.48
5483,2021-08-02,LOM,83646,45311,38335,18336,64398,912,0,ITC,ITC4,3,Lombardia,Lombardia,10060574,8437411,83.87,0.83
5484,2021-06-18,LOM,107741,52914,54827,51780,54716,1245,0,ITC,ITC4,3,Lombardia,Lombardia,10060574,8545152,84.94,1.07
5485,2021-08-14,LOM,26546,14888,11658,11131,14861,554,0,ITC,ITC4,3,Lombardia,Lombardia,10060574,8571698,85.2,0.26
5486,2021-03-01,LOM,18802,8237,10565,16889,1708,205,0,ITC,ITC4,3,Lombardia,Lombardia,10060574,8590500,85.39,0.19
5487,2021-06-01,LOM,94048,46132,47916,75800,17134,1114,0,ITC,ITC4,3,Lombardia,Lombardia,10060574,8684548,86.32,0.93
5488,2021-01-02,LOM,202,74,128,202,0,0,0,ITC,ITC4,3,Lombardia,Lombardia,10060574,8684750,86.32,0.0
5489,2021-06-08,LOM,102964,52322,50642,87171,14107,1686,0,ITC,ITC4,3,Lombardia,Lombardia,10060574,8787714,87.35,1.02
5490,2021-02-28,LOM,7886,3256,4630,7604,210,72,0,ITC,ITC4,3,Lombardia,Lombardia,10060574,8795600,87.43,0.08
5491,2021-08-04,LOM,90177,48835,41342,14484,75034,659,0,ITC,ITC4,3,Lombardia,Lombardia,10060574,8885777,88.32,0.9
5492,2021-04-26,LOM,88031,40950,47081,67035,19171,1825,0,ITC,ITC4,3,Lombardia,Lombardia,10060574,8973808,89.2,0.88
5493,2021-07-12,LOM,111900,57519,54381,14807,95954,1139,0,ITC,ITC4,3,Lombardia,Lombardia,10060574,9085708,90.31,1.11
5494,2021-04-03,LOM,36350,14904,21446,25787,10177,386,0,ITC,ITC4,3,Lombardia,Lombardia,10060574,9122058,90.67,0.36
5495,2021-09-07,LOM,60955,33280,27675,15573,43321,2061,0,ITC,ITC4,3,Lombardia,Lombardia,10060574,9183013,91.28,0.61
5496,2021-05-30,LOM,74431,35617,38814,33795,40017,619,0,ITC,ITC4,3,Lombardia,Lombardia,10060574,9257444,92.02,0.74
5497,2021-07-26,LOM,109619,58922,50697,7712,101151,756,0,ITC,ITC4,3,Lombardia,Lombardia,10060574,9367063,93.11,1.09
5498,2021-03-13,LOM,27239,9796,17443,20557,6123,559,0,ITC,ITC4,3,Lombardia,Lombardia,10060574,9394302,93.38,0.27
5499,2021-09-14,LOM,36891,19795,17096,7497,28248,1146,0,ITC,ITC4,3,Lombardia,Lombardia,10060574,9431193,93.74,0.37
5500,2021-07-23,LOM,95538,50073,45465,11433,82849,1256,0,ITC,ITC4,3,Lombardia,Lombardia,10060574,9526731,94.69,0.95
5501,2021-08-19,LOM,28973,15937,13036,14774,13076,1123,0,ITC,ITC4,3,Lombardia,Lombardia,10060574,9555704,94.98,0.29
5502,2021-05-11,LOM,86954,41460,45494,58209,26260,2485,0,ITC,ITC4,3,Lombardia,Lombardia,10060574,9642658,95.85,0.86
5503,2021-09-02,LOM,56476,30561,25915,25771,27707,2998,0,ITC,ITC4,3,Lombardia,Lombardia,10060574,9699134,96.41,0.56
5504,2021-05-28,LOM,93724,44884,48840,42037,50774,913,0,ITC,ITC4,3,Lombardia,Lombardia,10060574,9792858,97.34,0.93
5505,2021-02-17,LOM,12040,3779,8261,10450,1392,198,0,ITC,ITC4,3,Lombardia,Lombardia,10060574,9804898,97.46,0.12
5506,2021-06-11,LOM,101539,51718,49821,84937,14703,1899,0,ITC,ITC4,3,Lombardia,Lombardia,10060574,9906437,98.47,1.01
5507,2021-05-09,LOM,69734,32895,36839,54421,13286,2027,0,ITC,ITC4,3,Lombardia,Lombardia,10060574,9976171,99.16,0.69
5508,2021-01-29,LOM,13555,4151,9404,687,12865,3,0,ITC,ITC4,3,Lombardia,Lombardia,10060574,9989726,99.3,0.13
5509,2021-06-13,LOM,76011,40570,35441,72284,2132,1595,0,ITC,ITC4,3,Lombardia,Lombardia,10060574,10065737,100.05,0.76
5510,2021-03-05,LOM,29011,11974,17037,20252,8451,308,0,ITC,ITC4,3,Lombardia,Lombardia,10060574,10094748,100.34,0.29
5511,2021-07-07,LOM,112074,56179,55895,17998,92914,1162,0,ITC,ITC4,3,Lombardia,Lombardia,10060574,10206822,101.45,1.11
5512,2021-04-15,LOM,49490,21873,27617,34888,13841,761,0,ITC,ITC4,3,Lombardia,Lombardia,10060574,10256312,101.95,0.49
5513,2021-01-05,LOM,7880,2585,5295,7874,0,6,0,ITC,ITC4,3,Lombardia,Lombardia,10060574,10264192,102.02,0.08
5514,2021-03-27,LOM,32536,12418,20118,23118,8777,641,0,ITC,ITC4,3,Lombardia,Lombardia,10060574,10296728,102.35,0.32
5515,2021-01-03,LOM,857,316,541,856,0,1,0,ITC,ITC4,3,Lombardia,Lombardia,10060574,10297585,102.36,0.01
5516,2021-08-23,LOM,57491,31497,25994,23770,30431,3290,0,ITC,ITC4,3,Lombardia,Lombardia,10060574,10355076,102.93,0.57
5517,2021-05-15,LOM,81000,38810,42190,45385,33454,2161,0,ITC,ITC4,3,Lombardia,Lombardia,10060574,10436076,103.73,0.81
5518,2021-07-11,LOM,90350,45710,44640,11766,77526,1058,0,ITC,ITC4,3,Lombardia,Lombardia,10060574,10526426,104.63,0.9
5519,2021-05-13,LOM,87248,41804,45444,55591,28916,2741,0,ITC,ITC4,3,Lombardia,Lombardia,10060574,10613674,105.5,0.87
5520,2021-02-02,LOM,20020,6653,13367,497,19520,3,0,ITC,ITC4,3,Lombardia,Lombardia,10060574,10633694,105.7,0.2
5521,2021-07-21,LOM,94018,48501,45517,8615,84536,867,0,ITC,ITC4,3,Lombardia,Lombardia,10060574,10727712,106.63,0.93
5522,2021-04-12,LOM,47371,20631,26740,32294,14425,652,0,ITC,ITC4,3,Lombardia,Lombardia,10060574,10775083,107.1,0.47
5523,2021-02-21,LOM,5055,1864,3191,4940,17,98,0,ITC,ITC4,3,Lombardia,Lombardia,10060574,10780138,107.15,0.05
5524,2021-07-28,LOM,77459,41729,35730,19115,56592,1752,0,ITC,ITC4,3,Lombardia,Lombardia,10060574,10857597,107.92,0.77
5525,2021-04-19,LOM,60408,27490,32918,49674,9422,1312,0,ITC,ITC4,3,Lombardia,Lombardia,10060574,10918005,108.52,0.6
5526,2021-08-09,LOM,68990,37029,31961,18640,49302,1048,0,ITC,ITC4,3,Lombardia,Lombardia,10060574,10986995,109.21,0.69
5527,2021-05-01,LOM,96109,43736,52373,65011,29335,1763,0,ITC,ITC4,3,Lombardia,Lombardia,10060574,11083104,110.16,0.96
5528,2021-01-21,LOM,5533,1612,3921,4823,695,15,0,ITC,ITC4,3,Lombardia,Lombardia,10060574,11088637,110.22,0.05
5529,2021-02-07,LOM,7322,2831,4491,335,6984,3,0,ITC,ITC4,3,Lombardia,Lombardia,10060574,11095959,110.29,0.07
5530,2021-01-19,LOM,8065,2333,5732,7580,471,14,0,ITC,ITC4,3,Lombardia,Lombardia,10060574,11104024,110.37,0.08
5531,2021-04-05,LOM,27392,11699,15693,19025,8112,255,0,ITC,ITC4,3,Lombardia,Lombardia,10060574,11131416,110.64,0.27
5532,2021-06-27,LOM,90954,46822,44132,69770,18879,2305,0,ITC,ITC4,3,Lombardia,Lombardia,10060574,11222370,111.55,0.9
5533,2021-03-19,LOM,32519,12956,19563,18919,13276,324,0,ITC,ITC4,3,Lombardia,Lombardia,10060574,11254889,111.87,0.32
5534,2021-06-22,LOM,111266,58114,53152,79172,29967,2127,0,ITC,ITC4,3,Lombardia,Lombardia,10060574,11366155,112.98,1.11
5535,2021-03-31,LOM,42283,17153,25130,26200,15392,691,0,ITC,ITC4,3,Lombardia,Lombardia,10060574,11408438,113.4,0.42
5536,2021-03-10,LOM,33373,12762,20611,24851,7913,609,0,ITC,ITC4,3,Lombardia,Lombardia,10060574,11441811,113.73,0.33
5537,2021-05-06,LOM,89978,42244,47734,70964,16595,2419,0,ITC,ITC4,3,Lombardia,Lombardia,10060574,11531789,114.62,0.89
5538,2021-01-26,LOM,8397,2720,5677,348,8048,1,0,ITC,ITC4,3,Lombardia,Lombardia,10060574,11540186,114.71,0.08
5539,2021-05-23,LOM,60824,28967,31857,26295,34016,513,0,ITC,ITC4,3,Lombardia,Lombardia,10060574,11601010,115.31,0.6
5540,2021-02-12,LOM,14030,4390,9640,8893,4982,155,0,ITC,ITC4,3,Lombardia,Lombardia,10060574,11615040,115.45,0.14
5541,2021-07-19,LOM,96929,50320,46609,10805,85044,1080,0,ITC,ITC4,3,Lombardia,Lombardia,10060574,11711969,116.41,0.96
5542,2021-04-10,LOM,52837,21882,30955,40098,11987,752,0,ITC,ITC4,3,Lombardia,Lombardia,10060574,11764806,116.94,0.53
5543,2021-06-06,LOM,90136,46351,43785,79532,9223,1381,0,ITC,ITC4,3,Lombardia,Lombardia,10060574,11854942,117.84,0.9
5544,2021-01-07,LOM,11815,3658,8157,11774,0,41,0,ITC,ITC4,3,Lombardia,Lombardia,10060574,11866757,117.95,0.12
5545,2021-09-18,LOM,34260,18824,15436,12790,19997,1473,0,ITC,ITC4,3,Lombardia,Lombardia,10060574,11901017,118.29,0.34
5546,2021-09-04,LOM,45604,24703,20901,20521,22548,2535,0,ITC,ITC4,3,Lombardia,Lombardia,10060574,11946621,118.75,0.45
5547,2021-05-27,LOM,95029,45510,49519,40620,53618,791,0,ITC,ITC4,3,Lombardia,Lombardia,10060574,12041650,119.69,0.94
5548,2021-04-24,LOM,75880,33628,42252,53414,21173,1293,0,ITC,ITC4,3,Lombardia,Lombardia,10060574,12117530,120.45,0.75
5549,2021-01-14,LOM,26986,7827,19159,26934,0,52,0,ITC,ITC4,3,Lombardia,Lombardia,10060574,12144516,120.71,0.27
5550,2021-08-16,LOM,39043,21108,17935,16892,21102,1049,0,ITC,ITC4,3,Lombardia,Lombardia,10060574,12183559,121.1,0.39
5551,2021-05-08,LOM,87867,40790,47077,63422,22146,2299,0,ITC,ITC4,3,Lombardia,Lombardia,10060574,12271426,121.98,0.87
5552,2021-08-18,LOM,30910,17057,13853,17895,11647,1368,0,ITC,ITC4,3,Lombardia,Lombardia,10060574,12302336,122.28,0.31
5553,2021-01-31,LOM,9828,3815,6013,29,9799,0,0,ITC,ITC4,3,Lombardia,Lombardia,10060574,12312164,122.38,0.1
5554,2021-05-25,LOM,91231,43649,47582,43859,46548,824,0,ITC,ITC4,3,Lombardia,Lombardia,10060574,12403395,123.29,0.91
5555,2021-02-14,LOM,3586,1547,2039,2934,637,15,0,ITC,ITC4,3,Lombardia,Lombardia,10060574,12406981,123.32,0.04
5556,2021-01-12,LOM,20343,6747,13596,20312,0,31,0,ITC,ITC4,3,Lombardia,Lombardia,10060574,12427324,123.52,0.2
5557,2021-08-11,LOM,61388,33591,27797,22459,37582,1347,0,ITC,ITC4,3,Lombardia,Lombardia,10060574,12488712,124.14,0.61
5558,2021-07-09,LOM,115797,59021,56776,11738,103172,887,0,ITC,ITC4,3,Lombardia,Lombardia,10060574,12604509,125.29,1.15
5559,2021-06-03,LOM,97217,49747,47470,84610,10934,1673,0,ITC,ITC4,3,Lombardia,Lombardia,10060574,12701726,126.25,0.97
5560,2021-06-20,LOM,89052,44374,44678,52789,35020,1243,0,ITC,ITC4,3,Lombardia,Lombardia,10060574,12790778,127.14,0.89
5561,2021-03-12,LOM,35344,12992,22352,24461,10262,621,0,ITC,ITC4,3,Lombardia,Lombardia,10060574,12826122,127.49,0.35
5562,2021-03-29,LOM,40095,15567,24528,24548,14867,680,0,ITC,ITC4,3,Lombardia,Lombardia,10060574,12866217,127.89,0.4
5563,2021-06-15,LOM,96104,48906,47198,49022,46010,1072,0,ITC,ITC4,3,Lombardia,Lombardia,10060574,12962321,128.84,0.96
5564,2021-07-16,LOM,108928,56713,52215,11136,96628,1164,0,ITC,ITC4,3,Lombardia,Lombardia,10060574,13071249,129.93,1.08
5565,2021-04-07,LOM,50667,20954,29713,34084,15869,714,0,ITC,ITC4,3,Lombardia,Lombardia,10060574,13121916,130.43,0.5
5566,2021-02-19,LOM,14232,5403,8829,13327,727,178,0,ITC,ITC4,3,Lombardia,Lombardia,10060574,13136148,130.57,0.14
5567,2021-04-17,LOM,48591,21330,27261,36981,10882,728,0,ITC,ITC4,3,Lombardia,Lombardia,10060574,13184739,131.05,0.48
5568,2021-02-26,LOM,18447,7572,10875,16329,1909,209,0,ITC,ITC4,3,Lombardia,Lombardia,10060574,13203186,131.24,0.18
5569,2021-07-30,LOM,73313,39806,33507,35096,36097,2120,0,ITC,ITC4,3,Lombardia,Lombardia,10060574,13276499,131.97,0.73
5570,2020-12-31,LOM,715,302,413,715,0,0,0,ITC,ITC4,3,Lombardia,Lombardia,10060574,13277214,131.97,0.01
5571,2021-08-28,LOM,35011,19242,15769,17762,15043,2206,0,ITC,ITC4,3,Lombardia,Lombardia,10060574,13312225,132.32,0.35
5572,2021-05-20,LOM,95622,46245,49377,31717,63089,816,0,ITC,ITC4,3,Lombardia,Lombardia,10060574,13407847,133.27,0.95
5573,2021-09-11,LOM,41125,22335,18790,13294,25972,1859,0,ITC,ITC4,3,Lombardia,Lombardia,10060574,13448972,133.68,0.41
5574,2021-07-29,LOM,74438,40434,34004,33779,38703,1956,0,ITC,ITC4,3,Lombardia,Lombardia,10060574,13523410,134.42,0.74
5575,2021-02-20,LOM,9376,3876,5500,8846,333,197,0,ITC,ITC4,3,Lombardia,Lombardia,10060574,13532786,134.51,0.09
5576,2021-04-18,LOM,36439,16241,20198,30523,5248,668,0,ITC,ITC4,3,Lombardia,Lombardia,10060574,13569225,134.88,0.36
5577,2021-01-08,LOM,12758,3941,8817,12747,0,11,0,ITC,ITC4,3,Lombardia,Lombardia,10060574,13581983,135.0,0.13
5578,2021-08-05,LOM,90307,49276,41031,15761,73758,788,0,ITC,ITC4,3,Lombardia,Lombardia,10060574,13672290,135.9,0.9
5579,2021-01-15,LOM,25297,7459,17838,25245,0,52,0,ITC,ITC4,3,Lombardia,Lombardia,10060574,13697587,136.15,0.25
5580,2021-08-07,LOM,79729,43277,36452,16073,62848,808,0,ITC,ITC4,3,Lombardia,Lombardia,10060574,13777316,136.94,0.79
5581,2021-04-29,LOM,115672,53643,62029,83083,29933,2656,0,ITC,ITC4,3,Lombardia,Lombardia,10060574,13892988,138.09,1.15
5582,2021-06-25,LOM,108340,56259,52081,78355,27673,2312,0,ITC,ITC4,3,Lombardia,Lombardia,10060574,14001328,139.17,1.08
5583,2021-04-20,LOM,67717,30851,36866,55894,10363,1460,0,ITC,ITC4,3,Lombardia,Lombardia,10060574,14069045,139.84,0.67
5584,2021-01-10,LOM,10555,3982,6573,10547,0,8,0,ITC,ITC4,3,Lombardia,Lombardia,10060574,14079600,139.95,0.1
5585,2021-01-17,LOM,8361,3351,5010,8154,201,6,0,ITC,ITC4,3,Lombardia,Lombardia,10060574,14087961,140.03,0.08
5586,2021-06-23,LOM,111089,57465,53624,76630,32315,2144,0,ITC,ITC4,3,Lombardia,Lombardia,10060574,14199050,141.14,1.1
5587,2021-03-15,LOM,31641,11363,20278,22426,8588,627,0,ITC,ITC4,3,Lombardia,Lombardia,10060574,14230691,141.45,0.31
5588,2021-04-27,LOM,86119,40011,46108,67637,16613,1869,0,ITC,ITC4,3,Lombardia,Lombardia,10060574,14316810,142.31,0.86
5589,2021-09-06,LOM,56274,30329,25945,16511,37732,2031,0,ITC,ITC4,3,Lombardia,Lombardia,10060574,14373084,142.87,0.56
5590,2021-03-17,LOM,26351,10531,15820,15141,11049,161,0,ITC,ITC4,3,Lombardia,Lombardia,10060574,14399435,143.13,0.26
5591,2021-07-04,LOM,86772,43400,43372,40187,44625,1960,0,ITC,ITC4,3,Lombardia,Lombardia,10060574,14486207,143.99,0.86
5592,2021-08-30,LOM,71232,37846,33386,43165,22410,5657,0,ITC,ITC4,3,Lombardia,Lombardia,10060574,14557439,144.7,0.71
5593,2021-07-02,LOM,104045,52147,51898,48870,52972,2203,0,ITC,ITC4,3,Lombardia,Lombardia,10060574,14661484,145.73,1.03
5594,2021-03-24,LOM,43460,15696,27764,30477,12079,904,0,ITC,ITC4,3,Lombardia,Lombardia,10060574,14704944,146.16,0.43
5595,2021-02-09,LOM,12234,3338,8896,4027,8193,14,0,ITC,ITC4,3,Lombardia,Lombardia,10060574,14717178,146.29,0.12
