,data,area,Vaccinazioni giornaliere,sesso_maschile,sesso_femminile,Operatori sanitari - sociosanitari,Personale non sanitario,Ospiti RSA,categoria_over80,prima_dose,seconda_dose,codice_NUTS1,codice_NUTS2,codice_regione_ISTAT,nome_area,Regione,popolazione,Totale vaccinazioni,Totale vaccinazioni ogni cento ab,Vaccinazioni giornaliere ogni cento ab
0,2021-02-01,PIE,8638,3052,5586,6162,1402,1074,0,578,8060,ITC,ITC1,1,Piemonte,Piemonte,4356406,8638,0.2,0.2
1,2021-02-05,PIE,9444,3073,6371,5757,2043,1644,0,654,8790,ITC,ITC1,1,Piemonte,Piemonte,4356406,18082,0.42,0.22
2,2021-02-19,PIE,3417,1115,2302,1948,815,630,24,2918,499,ITC,ITC1,1,Piemonte,Piemonte,4356406,21499,0.49,0.08
3,2021-02-20,PIE,1540,411,1129,1008,384,130,18,1429,111,ITC,ITC1,1,Piemonte,Piemonte,4356406,23039,0.53,0.04
4,2021-01-19,PIE,6310,2075,4235,3573,1291,1446,0,6297,13,ITC,ITC1,1,Piemonte,Piemonte,4356406,29349,0.67,0.14
5,2021-02-03,PIE,10145,3292,6853,6613,2299,1233,0,609,9536,ITC,ITC1,1,Piemonte,Piemonte,4356406,39494,0.91,0.23
6,2021-02-12,PIE,6785,2161,4624,3512,1613,1660,0,3874,2911,ITC,ITC1,1,Piemonte,Piemonte,4356406,46279,1.06,0.16
7,2021-02-13,PIE,4085,1284,2801,2304,669,1111,1,2860,1225,ITC,ITC1,1,Piemonte,Piemonte,4356406,50364,1.16,0.09
8,2021-01-16,PIE,7753,2631,5122,4796,1589,1368,0,7753,0,ITC,ITC1,1,Piemonte,Piemonte,4356406,58117,1.33,0.18
9,2021-01-03,PIE,3061,966,2095,2714,295,52,0,3061,0,ITC,ITC1,1,Piemonte,Piemonte,4356406,61178,1.4,0.07
10,2021-01-04,PIE,5559,1676,3883,4587,737,235,0,5559,0,ITC,ITC1,1,Piemonte,Piemonte,4356406,66737,1.53,0.13
11,2021-01-18,PIE,6092,2037,4055,3221,1401,1470,0,5844,248,ITC,ITC1,1,Piemonte,Piemonte,4356406,72829,1.67,0.14
12,2021-01-29,PIE,5847,1853,3994,4117,1058,672,0,454,5393,ITC,ITC1,1,Piemonte,Piemonte,4356406,78676,1.81,0.13
13,2021-02-17,PIE,3626,1189,2437,2171,1013,441,1,2638,988,ITC,ITC1,1,Piemonte,Piemonte,4356406,82302,1.89,0.08
14,2021-01-07,PIE,5370,1731,3639,4145,884,341,0,5370,0,ITC,ITC1,1,Piemonte,Piemonte,4356406,87672,2.01,0.12
15,2021-01-09,PIE,6182,2185,3997,4486,1128,568,0,6182,0,ITC,ITC1,1,Piemonte,Piemonte,4356406,93854,2.15,0.14
16,2021-02-16,PIE,3224,1076,2148,1816,857,551,0,2468,756,ITC,ITC1,1,Piemonte,Piemonte,4356406,97078,2.23,0.07
17,2021-02-14,PIE,1410,456,954,793,332,285,0,812,598,ITC,ITC1,1,Piemonte,Piemonte,4356406,98488,2.26,0.03
18,2021-01-06,PIE,3114,1110,2004,2368,433,313,0,3114,0,ITC,ITC1,1,Piemonte,Piemonte,4356406,101602,2.33,0.07
19,2021-01-27,PIE,4193,1452,2741,2981,655,557,0,999,3194,ITC,ITC1,1,Piemonte,Piemonte,4356406,105795,2.43,0.1
20,2021-02-09,PIE,7263,2293,4970,4138,1365,1760,0,717,6546,ITC,ITC1,1,Piemonte,Piemonte,4356406,113058,2.6,0.17
21,2021-02-15,PIE,4048,1292,2756,2298,843,906,1,2844,1204,ITC,ITC1,1,Piemonte,Piemonte,4356406,117106,2.69,0.09
22,2021-01-20,PIE,6374,2033,4341,3560,1153,1661,0,5648,726,ITC,ITC1,1,Piemonte,Piemonte,4356406,123480,2.83,0.15
23,2021-01-05,PIE,5376,1602,3774,4362,729,285,0,5376,0,ITC,ITC1,1,Piemonte,Piemonte,4356406,128856,2.96,0.12
24,2021-01-15,PIE,8958,2951,6007,5492,1925,1541,0,8958,0,ITC,ITC1,1,Piemonte,Piemonte,4356406,137814,3.16,0.21
25,2021-01-28,PIE,5442,1770,3672,4019,852,571,0,349,5093,ITC,ITC1,1,Piemonte,Piemonte,4356406,143256,3.29,0.12
26,2021-01-11,PIE,8739,2979,5760,6052,1561,1126,0,8739,0,ITC,ITC1,1,Piemonte,Piemonte,4356406,151995,3.49,0.2
27,2021-02-02,PIE,10159,3484,6675,6825,2034,1300,0,795,9364,ITC,ITC1,1,Piemonte,Piemonte,4356406,162154,3.72,0.23
28,2021-01-14,PIE,9761,3150,6611,6175,2102,1484,0,9761,0,ITC,ITC1,1,Piemonte,Piemonte,4356406,171915,3.95,0.22
29,2021-01-23,PIE,4217,1321,2896,3189,522,506,0,877,3340,ITC,ITC1,1,Piemonte,Piemonte,4356406,176132,4.04,0.1
30,2021-02-11,PIE,6509,2012,4497,3392,1280,1837,0,2913,3596,ITC,ITC1,1,Piemonte,Piemonte,4356406,182641,4.19,0.15
31,2021-02-10,PIE,7285,2310,4975,3834,1495,1956,0,1309,5976,ITC,ITC1,1,Piemonte,Piemonte,4356406,189926,4.36,0.17
32,2021-01-17,PIE,3518,1168,2350,2083,595,840,0,2870,648,ITC,ITC1,1,Piemonte,Piemonte,4356406,193444,4.44,0.08
33,2021-01-26,PIE,6323,1875,4448,4720,875,728,0,734,5589,ITC,ITC1,1,Piemonte,Piemonte,4356406,199767,4.59,0.15
34,2021-02-04,PIE,10187,3335,6852,6232,2199,1756,0,581,9606,ITC,ITC1,1,Piemonte,Piemonte,4356406,209954,4.82,0.23
35,2021-01-31,PIE,4105,1748,2357,3076,654,375,0,112,3993,ITC,ITC1,1,Piemonte,Piemonte,4356406,214059,4.91,0.09
36,2021-02-18,PIE,3774,1218,2556,2235,934,604,1,3379,395,ITC,ITC1,1,Piemonte,Piemonte,4356406,217833,5.0,0.09
37,2020-12-30,PIE,730,322,408,685,45,0,0,730,0,ITC,ITC1,1,Piemonte,Piemonte,4356406,218563,5.02,0.02
38,2021-02-07,PIE,3087,974,2113,1649,662,776,0,445,2642,ITC,ITC1,1,Piemonte,Piemonte,4356406,221650,5.09,0.07
39,2021-01-08,PIE,5528,1761,3767,4078,1029,421,0,5528,0,ITC,ITC1,1,Piemonte,Piemonte,4356406,227178,5.21,0.13
40,2020-12-31,PIE,3879,1318,2561,3387,358,134,0,3879,0,ITC,ITC1,1,Piemonte,Piemonte,4356406,231057,5.3,0.09
41,2021-01-25,PIE,6209,1938,4271,4782,865,562,0,980,5229,ITC,ITC1,1,Piemonte,Piemonte,4356406,237266,5.45,0.14
42,2021-01-01,PIE,1038,395,643,922,116,0,0,1038,0,ITC,ITC1,1,Piemonte,Piemonte,4356406,238304,5.47,0.02
43,2021-01-21,PIE,6706,2257,4449,4677,858,1171,0,3220,3486,ITC,ITC1,1,Piemonte,Piemonte,4356406,245010,5.62,0.15
44,2020-12-27,PIE,912,368,544,760,76,76,0,912,0,ITC,ITC1,1,Piemonte,Piemonte,4356406,245922,5.65,0.02
45,2021-01-22,PIE,3817,1234,2583,2273,649,895,0,2475,1342,ITC,ITC1,1,Piemonte,Piemonte,4356406,249739,5.73,0.09
46,2021-02-08,PIE,6878,2350,4528,3776,1553,1549,0,664,6214,ITC,ITC1,1,Piemonte,Piemonte,4356406,256617,5.89,0.16
47,2021-02-21,PIE,3150,1349,1801,582,175,0,2393,3136,14,ITC,ITC1,1,Piemonte,Piemonte,4356406,259767,5.96,0.07
48,2021-01-12,PIE,9989,3387,6602,6821,1996,1172,0,9989,0,ITC,ITC1,1,Piemonte,Piemonte,4356406,269756,6.19,0.23
49,2021-01-10,PIE,5207,2273,2934,3904,784,519,0,5207,0,ITC,ITC1,1,Piemonte,Piemonte,4356406,274963,6.31,0.12
50,2021-02-06,PIE,7978,2663,5315,5097,1628,1253,0,400,7578,ITC,ITC1,1,Piemonte,Piemonte,4356406,282941,6.49,0.18
51,2021-01-13,PIE,10040,3214,6826,6457,2256,1327,0,10040,0,ITC,ITC1,1,Piemonte,Piemonte,4356406,292981,6.73,0.23
52,2021-01-30,PIE,5977,2134,3843,4366,1116,495,0,218,5759,ITC,ITC1,1,Piemonte,Piemonte,4356406,298958,6.86,0.14
53,2021-01-02,PIE,3539,1134,2405,3072,414,53,0,3539,0,ITC,ITC1,1,Piemonte,Piemonte,4356406,302497,6.94,0.08
54,2021-01-24,PIE,3150,957,2193,2632,372,146,0,434,2716,ITC,ITC1,1,Piemonte,Piemonte,4356406,305647,7.02,0.07
55,2021-01-17,ABR,187,59,128,136,51,0,0,180,7,ITF,ITF1,13,Abruzzo,Abruzzo,1304970,187,0.01,0.01
56,2021-02-04,ABR,1681,616,1065,1168,456,57,0,609,1072,ITF,ITF1,13,Abruzzo,Abruzzo,1304970,1868,0.14,0.13
57,2021-01-23,ABR,263,114,149,223,14,26,0,57,206,ITF,ITF1,13,Abruzzo,Abruzzo,1304970,2131,0.16,0.02
58,2021-02-09,ABR,908,311,597,612,165,131,0,499,409,ITF,ITF1,13,Abruzzo,Abruzzo,1304970,3039,0.23,0.07
59,2021-01-21,ABR,157,47,110,10,6,141,0,157,0,ITF,ITF1,13,Abruzzo,Abruzzo,1304970,3196,0.24,0.01
60,2021-02-15,ABR,1793,830,963,625,733,221,214,1751,42,ITF,ITF1,13,Abruzzo,Abruzzo,1304970,4989,0.38,0.14
61,2021-02-21,ABR,884,400,484,1,4,3,876,883,1,ITF,ITF1,13,Abruzzo,Abruzzo,1304970,5873,0.45,0.07
62,2021-02-12,ABR,968,319,649,438,220,310,0,779,189,ITF,ITF1,13,Abruzzo,Abruzzo,1304970,6841,0.52,0.07
63,2021-01-22,ABR,118,57,61,2,4,112,0,118,0,ITF,ITF1,13,Abruzzo,Abruzzo,1304970,6959,0.53,0.01
64,2021-02-13,ABR,840,380,460,545,223,72,0,437,403,ITF,ITF1,13,Abruzzo,Abruzzo,1304970,7799,0.6,0.06
65,2021-01-12,ABR,1804,666,1138,1470,334,0,0,1804,0,ITF,ITF1,13,Abruzzo,Abruzzo,1304970,9603,0.74,0.14
66,2020-12-27,ABR,37,19,18,34,1,2,0,37,0,ITF,ITF1,13,Abruzzo,Abruzzo,1304970,9640,0.74,0.0
67,2021-01-31,ABR,1502,488,1014,1154,245,103,0,287,1215,ITF,ITF1,13,Abruzzo,Abruzzo,1304970,11142,0.85,0.12
68,2021-01-24,ABR,50,22,28,49,1,0,0,6,44,ITF,ITF1,13,Abruzzo,Abruzzo,1304970,11192,0.86,0.0
69,2021-01-27,ABR,1364,515,849,1301,63,0,0,39,1325,ITF,ITF1,13,Abruzzo,Abruzzo,1304970,12556,0.96,0.1
70,2021-01-20,ABR,447,156,291,147,96,204,0,445,2,ITF,ITF1,13,Abruzzo,Abruzzo,1304970,13003,1.0,0.03
71,2021-01-04,ABR,1401,575,826,1396,5,0,0,1401,0,ITF,ITF1,13,Abruzzo,Abruzzo,1304970,14404,1.1,0.11
72,2021-02-01,ABR,1632,573,1059,1384,247,1,0,271,1361,ITF,ITF1,13,Abruzzo,Abruzzo,1304970,16036,1.23,0.13
73,2021-02-03,ABR,2061,717,1344,1541,402,118,0,419,1642,ITF,ITF1,13,Abruzzo,Abruzzo,1304970,18097,1.39,0.16
74,2021-01-03,ABR,471,185,286,464,7,0,0,471,0,ITF,ITF1,13,Abruzzo,Abruzzo,1304970,18568,1.42,0.04
75,2021-01-19,ABR,111,55,56,27,34,50,0,91,20,ITF,ITF1,13,Abruzzo,Abruzzo,1304970,18679,1.43,0.01
76,2021-01-28,ABR,1432,494,938,1369,62,1,0,12,1420,ITF,ITF1,13,Abruzzo,Abruzzo,1304970,20111,1.54,0.11
77,2021-01-13,ABR,1253,440,813,1103,150,0,0,1253,0,ITF,ITF1,13,Abruzzo,Abruzzo,1304970,21364,1.64,0.1
78,2021-02-11,ABR,816,262,554,473,189,154,0,773,43,ITF,ITF1,13,Abruzzo,Abruzzo,1304970,22180,1.7,0.06
79,2021-01-16,ABR,927,428,499,710,202,15,0,927,0,ITF,ITF1,13,Abruzzo,Abruzzo,1304970,23107,1.77,0.07
80,2021-01-18,ABR,122,48,74,106,14,2,0,46,76,ITF,ITF1,13,Abruzzo,Abruzzo,1304970,23229,1.78,0.01
81,2021-01-05,ABR,1614,604,1010,1604,10,0,0,1614,0,ITF,ITF1,13,Abruzzo,Abruzzo,1304970,24843,1.9,0.12
82,2021-01-06,ABR,1830,664,1166,1546,151,133,0,1830,0,ITF,ITF1,13,Abruzzo,Abruzzo,1304970,26673,2.04,0.14
83,2021-01-15,ABR,379,149,230,223,121,35,0,379,0,ITF,ITF1,13,Abruzzo,Abruzzo,1304970,27052,2.07,0.03
84,2021-02-08,ABR,1197,396,801,710,223,264,0,491,706,ITF,ITF1,13,Abruzzo,Abruzzo,1304970,28249,2.16,0.09
85,2021-01-29,ABR,1386,449,937,1290,96,0,0,74,1312,ITF,ITF1,13,Abruzzo,Abruzzo,1304970,29635,2.27,0.11
86,2021-02-17,ABR,2071,947,1124,511,452,394,714,1789,282,ITF,ITF1,13,Abruzzo,Abruzzo,1304970,31706,2.43,0.16
87,2021-01-25,ABR,1603,632,971,1583,20,0,0,20,1583,ITF,ITF1,13,Abruzzo,Abruzzo,1304970,33309,2.55,0.12
88,2021-01-09,ABR,1483,565,918,1430,53,0,0,1483,0,ITF,ITF1,13,Abruzzo,Abruzzo,1304970,34792,2.67,0.11
89,2021-02-19,ABR,3231,1525,1706,990,829,371,1041,3131,100,ITF,ITF1,13,Abruzzo,Abruzzo,1304970,38023,2.91,0.25
90,2021-01-08,ABR,1525,507,1018,1487,38,0,0,1525,0,ITF,ITF1,13,Abruzzo,Abruzzo,1304970,39548,3.03,0.12
91,2021-02-16,ABR,1918,842,1076,841,588,139,350,1906,12,ITF,ITF1,13,Abruzzo,Abruzzo,1304970,41466,3.18,0.15
92,2021-01-07,ABR,1603,552,1051,1566,37,0,0,1603,0,ITF,ITF1,13,Abruzzo,Abruzzo,1304970,43069,3.3,0.12
93,2021-02-18,ABR,2288,933,1355,670,595,413,610,2158,130,ITF,ITF1,13,Abruzzo,Abruzzo,1304970,45357,3.48,0.18
94,2021-01-14,ABR,530,189,341,364,166,0,0,530,0,ITF,ITF1,13,Abruzzo,Abruzzo,1304970,45887,3.52,0.04
95,2021-02-10,ABR,947,312,635,621,210,116,0,503,444,ITF,ITF1,13,Abruzzo,Abruzzo,1304970,46834,3.59,0.07
96,2021-01-26,ABR,1542,567,975,1513,29,0,0,29,1513,ITF,ITF1,13,Abruzzo,Abruzzo,1304970,48376,3.71,0.12
97,2021-02-20,ABR,4653,1798,2855,303,2853,150,1347,4577,76,ITF,ITF1,13,Abruzzo,Abruzzo,1304970,53029,4.06,0.36
98,2021-01-10,ABR,1139,409,730,1091,48,0,0,1139,0,ITF,ITF1,13,Abruzzo,Abruzzo,1304970,54168,4.15,0.09
99,2021-01-30,ABR,1509,566,943,1348,114,47,0,69,1440,ITF,ITF1,13,Abruzzo,Abruzzo,1304970,55677,4.27,0.12
100,2021-01-02,ABR,548,218,330,540,8,0,0,548,0,ITF,ITF1,13,Abruzzo,Abruzzo,1304970,56225,4.31,0.04
101,2021-02-05,ABR,1534,520,1014,1187,241,106,0,787,747,ITF,ITF1,13,Abruzzo,Abruzzo,1304970,57759,4.43,0.12
102,2021-02-06,ABR,1611,742,869,1168,371,72,0,602,1009,ITF,ITF1,13,Abruzzo,Abruzzo,1304970,59370,4.55,0.12
103,2021-02-02,ABR,1778,672,1106,1235,404,139,0,241,1537,ITF,ITF1,13,Abruzzo,Abruzzo,1304970,61148,4.69,0.14
104,2021-01-11,ABR,1551,557,994,1337,166,48,0,1551,0,ITF,ITF1,13,Abruzzo,Abruzzo,1304970,62699,4.8,0.12
105,2021-01-21,PAT,349,93,256,318,15,16,0,227,122,ITH,ITH2,4,Provincia Autonoma Trento,P.A. Trento,541380,349,0.06,0.06
106,2021-01-30,PAT,383,130,253,345,7,31,0,151,232,ITH,ITH2,4,Provincia Autonoma Trento,P.A. Trento,541380,732,0.14,0.07
107,2021-01-14,PAT,696,201,495,477,11,208,0,696,0,ITH,ITH2,4,Provincia Autonoma Trento,P.A. Trento,541380,1428,0.26,0.13
108,2021-01-24,PAT,545,274,271,533,12,0,0,222,323,ITH,ITH2,4,Provincia Autonoma Trento,P.A. Trento,541380,1973,0.36,0.1
109,2021-01-13,PAT,420,123,297,391,6,23,0,420,0,ITH,ITH2,4,Provincia Autonoma Trento,P.A. Trento,541380,2393,0.44,0.08
110,2021-01-29,PAT,1349,331,1018,722,86,541,0,54,1295,ITH,ITH2,4,Provincia Autonoma Trento,P.A. Trento,541380,3742,0.69,0.25
111,2021-02-12,PAT,986,333,653,332,70,55,529,565,421,ITH,ITH2,4,Provincia Autonoma Trento,P.A. Trento,541380,4728,0.87,0.18
112,2021-02-13,PAT,536,333,203,370,11,0,155,171,365,ITH,ITH2,4,Provincia Autonoma Trento,P.A. Trento,541380,5264,0.97,0.1
113,2021-01-27,PAT,732,257,475,395,34,303,0,72,660,ITH,ITH2,4,Provincia Autonoma Trento,P.A. Trento,541380,5996,1.11,0.14
114,2021-01-09,PAT,184,40,144,139,14,31,0,184,0,ITH,ITH2,4,Provincia Autonoma Trento,P.A. Trento,541380,6180,1.14,0.03
115,2021-01-22,PAT,1623,419,1204,872,128,623,0,313,1310,ITH,ITH2,4,Provincia Autonoma Trento,P.A. Trento,541380,7803,1.44,0.3
116,2021-02-16,PAT,633,238,395,71,85,3,474,628,5,ITH,ITH2,4,Provincia Autonoma Trento,P.A. Trento,541380,8436,1.56,0.12
117,2021-01-23,PAT,570,330,240,480,2,88,0,384,186,ITH,ITH2,4,Provincia Autonoma Trento,P.A. Trento,541380,9006,1.66,0.11
118,2020-12-31,PAT,1595,438,1157,817,108,670,0,1595,0,ITH,ITH2,4,Provincia Autonoma Trento,P.A. Trento,541380,10601,1.96,0.29
119,2021-01-08,PAT,1442,312,1130,764,152,526,0,1442,0,ITH,ITH2,4,Provincia Autonoma Trento,P.A. Trento,541380,12043,2.22,0.27
120,2021-01-18,PAT,640,154,486,527,40,73,0,586,54,ITH,ITH2,4,Provincia Autonoma Trento,P.A. Trento,541380,12683,2.34,0.12
121,2021-02-15,PAT,508,181,327,143,31,27,307,395,113,ITH,ITH2,4,Provincia Autonoma Trento,P.A. Trento,541380,13191,2.44,0.09
122,2021-01-06,PAT,42,13,29,42,0,0,0,42,0,ITH,ITH2,4,Provincia Autonoma Trento,P.A. Trento,541380,13233,2.44,0.01
123,2021-02-09,PAT,911,285,626,441,50,73,347,439,472,ITH,ITH2,4,Provincia Autonoma Trento,P.A. Trento,541380,14144,2.61,0.17
124,2021-01-05,PAT,707,231,476,494,52,161,0,707,0,ITH,ITH2,4,Provincia Autonoma Trento,P.A. Trento,541380,14851,2.74,0.13
125,2021-02-06,PAT,572,296,276,178,21,0,373,432,140,ITH,ITH2,4,Provincia Autonoma Trento,P.A. Trento,541380,15423,2.85,0.11
126,2021-02-02,PAT,889,237,652,462,92,171,164,190,699,ITH,ITH2,4,Provincia Autonoma Trento,P.A. Trento,541380,16312,3.01,0.16
127,2021-01-20,PAT,288,71,217,229,11,48,0,276,12,ITH,ITH2,4,Provincia Autonoma Trento,P.A. Trento,541380,16600,3.07,0.05
128,2021-01-02,PAT,498,142,356,334,25,139,0,498,0,ITH,ITH2,4,Provincia Autonoma Trento,P.A. Trento,541380,17098,3.16,0.09
129,2021-02-21,PAT,154,92,62,154,0,0,0,42,112,ITH,ITH2,4,Provincia Autonoma Trento,P.A. Trento,541380,17252,3.19,0.03
130,2021-01-11,PAT,724,220,504,516,58,150,0,724,0,ITH,ITH2,4,Provincia Autonoma Trento,P.A. Trento,541380,17976,3.32,0.13
131,2020-12-27,PAT,103,40,63,76,6,21,0,103,0,ITH,ITH2,4,Provincia Autonoma Trento,P.A. Trento,541380,18079,3.34,0.02
132,2021-02-17,PAT,1052,404,648,319,76,35,622,961,91,ITH,ITH2,4,Provincia Autonoma Trento,P.A. Trento,541380,19131,3.53,0.19
133,2021-01-15,PAT,590,130,460,459,21,110,0,590,0,ITH,ITH2,4,Provincia Autonoma Trento,P.A. Trento,541380,19721,3.64,0.11
134,2021-01-31,PAT,74,15,59,55,13,6,0,0,74,ITH,ITH2,4,Provincia Autonoma Trento,P.A. Trento,541380,19795,3.66,0.01
135,2021-02-10,PAT,827,282,545,302,109,51,365,489,338,ITH,ITH2,4,Provincia Autonoma Trento,P.A. Trento,541380,20622,3.81,0.15
136,2021-01-10,PAT,84,19,65,53,19,12,0,84,0,ITH,ITH2,4,Provincia Autonoma Trento,P.A. Trento,541380,20706,3.82,0.02
137,2021-02-11,PAT,1119,360,759,322,64,48,685,784,335,ITH,ITH2,4,Provincia Autonoma Trento,P.A. Trento,541380,21825,4.03,0.21
138,2021-01-01,PAT,206,48,158,109,11,86,0,206,0,ITH,ITH2,4,Provincia Autonoma Trento,P.A. Trento,541380,22031,4.07,0.04
139,2021-01-12,PAT,501,158,343,410,32,59,0,501,0,ITH,ITH2,4,Provincia Autonoma Trento,P.A. Trento,541380,22532,4.16,0.09
140,2021-02-20,PAT,321,205,116,318,3,0,0,38,283,ITH,ITH2,4,Provincia Autonoma Trento,P.A. Trento,541380,22853,4.22,0.06
141,2021-02-01,PAT,1217,333,884,765,83,369,0,92,1125,ITH,ITH2,4,Provincia Autonoma Trento,P.A. Trento,541380,24070,4.45,0.22
142,2021-01-07,PAT,1269,310,959,649,64,556,0,1269,0,ITH,ITH2,4,Provincia Autonoma Trento,P.A. Trento,541380,25339,4.68,0.23
143,2021-01-25,PAT,774,205,569,482,30,262,0,23,751,ITH,ITH2,4,Provincia Autonoma Trento,P.A. Trento,541380,26113,4.82,0.14
144,2021-02-08,PAT,1148,318,830,545,65,237,301,340,808,ITH,ITH2,4,Provincia Autonoma Trento,P.A. Trento,541380,27261,5.04,0.21
145,2021-02-05,PAT,796,269,527,466,22,65,243,279,517,ITH,ITH2,4,Provincia Autonoma Trento,P.A. Trento,541380,28057,5.18,0.15
146,2021-01-17,PAT,251,195,56,251,0,0,0,251,0,ITH,ITH2,4,Provincia Autonoma Trento,P.A. Trento,541380,28308,5.23,0.05
147,2021-02-04,PAT,969,302,667,542,15,88,324,418,551,ITH,ITH2,4,Provincia Autonoma Trento,P.A. Trento,541380,29277,5.41,0.18
148,2021-01-16,PAT,318,147,171,303,1,14,0,318,0,ITH,ITH2,4,Provincia Autonoma Trento,P.A. Trento,541380,29595,5.47,0.06
149,2021-02-18,PAT,1135,412,723,305,81,35,714,1072,63,ITH,ITH2,4,Provincia Autonoma Trento,P.A. Trento,541380,30730,5.68,0.21
150,2021-02-03,PAT,844,312,532,318,62,74,390,414,430,ITH,ITH2,4,Provincia Autonoma Trento,P.A. Trento,541380,31574,5.83,0.16
151,2021-02-19,PAT,783,311,472,156,53,30,544,746,37,ITH,ITH2,4,Provincia Autonoma Trento,P.A. Trento,541380,32357,5.98,0.14
152,2021-01-03,PAT,483,158,325,409,12,62,0,483,0,ITH,ITH2,4,Provincia Autonoma Trento,P.A. Trento,541380,32840,6.07,0.09
153,2021-02-14,PAT,246,186,60,240,6,0,0,11,235,ITH,ITH2,4,Provincia Autonoma Trento,P.A. Trento,541380,33086,6.11,0.05
154,2021-01-04,PAT,852,223,629,481,49,322,0,852,0,ITH,ITH2,4,Provincia Autonoma Trento,P.A. Trento,541380,33938,6.27,0.16
155,2021-01-19,PAT,403,77,326,361,6,36,0,403,0,ITH,ITH2,4,Provincia Autonoma Trento,P.A. Trento,541380,34341,6.34,0.07
156,2021-01-28,PAT,530,147,383,351,72,107,0,48,482,ITH,ITH2,4,Provincia Autonoma Trento,P.A. Trento,541380,34871,6.44,0.1
157,2020-12-30,PAT,6,2,4,4,1,1,0,6,0,ITH,ITH2,4,Provincia Autonoma Trento,P.A. Trento,541380,34877,6.44,0.0
158,2021-01-26,PAT,497,138,359,397,16,84,0,25,472,ITH,ITH2,4,Provincia Autonoma Trento,P.A. Trento,541380,35374,6.53,0.09
159,2021-02-01,UMB,1260,333,927,876,32,352,0,47,1213,ITI,ITI2,10,Umbria,Umbria,882015,1260,0.14,0.14
160,2021-01-02,UMB,301,110,191,301,0,0,0,301,0,ITI,ITI2,10,Umbria,Umbria,882015,1561,0.18,0.03
161,2021-01-11,UMB,1271,336,935,878,20,373,0,1271,0,ITI,ITI2,10,Umbria,Umbria,882015,2832,0.32,0.14
162,2021-01-25,UMB,647,322,325,645,2,0,0,5,642,ITI,ITI2,10,Umbria,Umbria,882015,3479,0.39,0.07
163,2021-02-20,UMB,270,97,173,83,7,28,152,252,18,ITI,ITI2,10,Umbria,Umbria,882015,3749,0.43,0.03
164,2021-02-05,UMB,780,234,546,645,51,84,0,18,762,ITI,ITI2,10,Umbria,Umbria,882015,4529,0.51,0.09
165,2021-01-19,UMB,103,23,80,21,2,80,0,103,0,ITI,ITI2,10,Umbria,Umbria,882015,4632,0.53,0.01
166,2021-01-07,UMB,1291,383,908,883,4,404,0,1291,0,ITI,ITI2,10,Umbria,Umbria,882015,5923,0.67,0.15
167,2021-02-06,UMB,396,138,258,333,47,16,0,34,362,ITI,ITI2,10,Umbria,Umbria,882015,6319,0.72,0.04
168,2021-02-03,UMB,725,174,551,560,37,128,0,67,658,ITI,ITI2,10,Umbria,Umbria,882015,7044,0.8,0.08
169,2021-01-04,UMB,809,397,412,808,1,0,0,809,0,ITI,ITI2,10,Umbria,Umbria,882015,7853,0.89,0.09
170,2021-01-06,UMB,843,323,520,840,3,0,0,843,0,ITI,ITI2,10,Umbria,Umbria,882015,8696,0.99,0.1
171,2021-02-16,UMB,1307,655,652,33,12,0,1262,1298,9,ITI,ITI2,10,Umbria,Umbria,882015,10003,1.13,0.15
172,2021-02-17,UMB,1618,748,870,363,15,0,1240,1267,351,ITI,ITI2,10,Umbria,Umbria,882015,11621,1.32,0.18
173,2021-01-05,UMB,850,428,422,845,5,0,0,850,0,ITI,ITI2,10,Umbria,Umbria,882015,12471,1.41,0.1
174,2021-02-08,UMB,637,203,434,368,116,153,0,88,549,ITI,ITI2,10,Umbria,Umbria,882015,13108,1.49,0.07
175,2021-01-16,UMB,221,73,148,146,32,43,0,221,0,ITI,ITI2,10,Umbria,Umbria,882015,13329,1.51,0.03
176,2021-01-15,UMB,692,212,480,588,44,60,0,692,0,ITI,ITI2,10,Umbria,Umbria,882015,14021,1.59,0.08
177,2021-01-14,UMB,749,200,549,696,36,17,0,749,0,ITI,ITI2,10,Umbria,Umbria,882015,14770,1.67,0.08
178,2021-01-09,UMB,1719,492,1227,888,10,821,0,1719,0,ITI,ITI2,10,Umbria,Umbria,882015,16489,1.87,0.19
179,2021-02-02,UMB,942,274,668,713,17,212,0,32,910,ITI,ITI2,10,Umbria,Umbria,882015,17431,1.98,0.11
180,2021-02-10,UMB,715,349,366,606,106,3,0,700,15,ITI,ITI2,10,Umbria,Umbria,882015,18146,2.06,0.08
181,2021-01-13,UMB,450,139,311,379,29,42,0,450,0,ITI,ITI2,10,Umbria,Umbria,882015,18596,2.11,0.05
182,2021-01-18,UMB,588,215,373,315,149,124,0,504,84,ITI,ITI2,10,Umbria,Umbria,882015,19184,2.18,0.07
183,2021-02-15,UMB,1367,692,675,10,8,0,1349,1366,1,ITI,ITI2,10,Umbria,Umbria,882015,20551,2.33,0.15
184,2021-01-27,UMB,838,329,509,837,1,0,0,13,825,ITI,ITI2,10,Umbria,Umbria,882015,21389,2.43,0.1
185,2021-02-13,UMB,115,28,87,68,46,0,1,112,3,ITI,ITI2,10,Umbria,Umbria,882015,21504,2.44,0.01
186,2021-01-26,UMB,814,390,424,813,1,0,0,18,796,ITI,ITI2,10,Umbria,Umbria,882015,22318,2.53,0.09
187,2021-02-12,UMB,671,224,447,459,210,1,1,664,7,ITI,ITI2,10,Umbria,Umbria,882015,22989,2.61,0.08
188,2021-01-22,UMB,276,105,171,273,1,2,0,32,244,ITI,ITI2,10,Umbria,Umbria,882015,23265,2.64,0.03
189,2021-01-31,UMB,1056,276,780,765,10,281,0,25,1031,ITI,ITI2,10,Umbria,Umbria,882015,24321,2.76,0.12
190,2021-01-20,UMB,613,222,391,583,16,14,0,613,0,ITI,ITI2,10,Umbria,Umbria,882015,24934,2.83,0.07
191,2021-01-03,UMB,267,111,156,267,0,0,0,267,0,ITI,ITI2,10,Umbria,Umbria,882015,25201,2.86,0.03
192,2021-01-23,UMB,277,100,177,276,1,0,0,2,275,ITI,ITI2,10,Umbria,Umbria,882015,25478,2.89,0.03
193,2021-01-28,UMB,1240,392,848,891,4,345,0,19,1221,ITI,ITI2,10,Umbria,Umbria,882015,26718,3.03,0.14
194,2021-01-10,UMB,1056,275,781,740,9,307,0,1056,0,ITI,ITI2,10,Umbria,Umbria,882015,27774,3.15,0.12
195,2021-02-04,UMB,732,226,506,692,20,20,0,25,707,ITI,ITI2,10,Umbria,Umbria,882015,28506,3.23,0.08
196,2021-02-18,UMB,1424,567,857,317,15,108,984,1028,396,ITI,ITI2,10,Umbria,Umbria,882015,29930,3.39,0.16
197,2021-01-08,UMB,1173,337,836,926,9,238,0,1173,0,ITI,ITI2,10,Umbria,Umbria,882015,31103,3.53,0.13
198,2020-12-31,UMB,322,127,195,310,12,0,0,322,0,ITI,ITI2,10,Umbria,Umbria,882015,31425,3.56,0.04
199,2021-02-19,UMB,737,293,444,277,16,12,432,526,211,ITI,ITI2,10,Umbria,Umbria,882015,32162,3.65,0.08
200,2021-02-07,UMB,54,17,37,46,8,0,0,1,53,ITI,ITI2,10,Umbria,Umbria,882015,32216,3.65,0.01
201,2021-01-29,UMB,1221,343,878,934,16,271,0,79,1142,ITI,ITI2,10,Umbria,Umbria,882015,33437,3.79,0.14
202,2021-01-24,UMB,254,104,150,254,0,0,0,1,253,ITI,ITI2,10,Umbria,Umbria,882015,33691,3.82,0.03
203,2020-12-27,UMB,85,45,40,67,2,16,0,85,0,ITI,ITI2,10,Umbria,Umbria,882015,33776,3.83,0.01
204,2021-01-30,UMB,1576,483,1093,841,18,716,1,43,1533,ITI,ITI2,10,Umbria,Umbria,882015,35352,4.01,0.18
205,2021-01-21,UMB,609,202,407,428,13,168,0,340,269,ITI,ITI2,10,Umbria,Umbria,882015,35961,4.08,0.07
206,2021-01-17,UMB,54,17,37,47,7,0,0,54,0,ITI,ITI2,10,Umbria,Umbria,882015,36015,4.08,0.01
207,2021-01-12,UMB,784,247,537,665,14,105,0,784,0,ITI,ITI2,10,Umbria,Umbria,882015,36799,4.17,0.09
208,2021-01-01,UMB,269,102,167,268,1,0,0,269,0,ITI,ITI2,10,Umbria,Umbria,882015,37068,4.2,0.03
209,2021-02-11,UMB,841,349,492,734,102,5,0,834,7,ITI,ITI2,10,Umbria,Umbria,882015,37909,4.3,0.1
210,2021-01-08,LIG,2685,927,1758,1952,388,345,0,2685,0,ITC,ITC3,7,Liguria,Liguria,1550640,2685,0.17,0.17
211,2021-01-07,LIG,2936,1015,1921,2168,410,358,0,2936,0,ITC,ITC3,7,Liguria,Liguria,1550640,5621,0.36,0.19
212,2021-02-19,LIG,2373,1037,1336,751,473,6,1143,2222,151,ITC,ITC3,7,Liguria,Liguria,1550640,7994,0.52,0.15
213,2021-02-18,LIG,2069,920,1149,740,371,87,871,1946,123,ITC,ITC3,7,Liguria,Liguria,1550640,10063,0.65,0.13
214,2021-02-11,LIG,1510,629,881,942,250,318,0,1108,402,ITC,ITC3,7,Liguria,Liguria,1550640,11573,0.75,0.1
215,2021-01-01,LIG,144,55,89,139,5,0,0,144,0,ITC,ITC3,7,Liguria,Liguria,1550640,11717,0.76,0.01
216,2021-01-18,LIG,1632,624,1008,1031,382,219,0,1483,149,ITC,ITC3,7,Liguria,Liguria,1550640,13349,0.86,0.11
217,2021-01-16,LIG,1254,544,710,732,223,299,0,1254,0,ITC,ITC3,7,Liguria,Liguria,1550640,14603,0.94,0.08
218,2020-12-29,LIG,118,32,86,87,10,21,0,118,0,ITC,ITC3,7,Liguria,Liguria,1550640,14721,0.95,0.01
219,2021-02-02,LIG,2535,953,1582,1877,220,438,0,223,2312,ITC,ITC3,7,Liguria,Liguria,1550640,17256,1.11,0.16
220,2021-01-05,LIG,2755,860,1895,2218,306,231,0,2755,0,ITC,ITC3,7,Liguria,Liguria,1550640,20011,1.29,0.18
221,2021-01-15,LIG,2166,727,1439,1270,387,509,0,2166,0,ITC,ITC3,7,Liguria,Liguria,1550640,22177,1.43,0.14
222,2021-01-06,LIG,1628,601,1027,1199,252,113,64,1628,0,ITC,ITC3,7,Liguria,Liguria,1550640,23805,1.54,0.1
223,2021-01-10,LIG,643,258,385,365,102,176,0,643,0,ITC,ITC3,7,Liguria,Liguria,1550640,24448,1.58,0.04
224,2021-01-20,LIG,1184,449,735,563,302,319,0,1173,11,ITC,ITC3,7,Liguria,Liguria,1550640,25632,1.65,0.08
225,2021-01-28,LIG,2743,935,1808,2148,289,306,0,34,2709,ITC,ITC3,7,Liguria,Liguria,1550640,28375,1.83,0.18
226,2021-01-02,LIG,686,245,441,590,96,0,0,686,0,ITC,ITC3,7,Liguria,Liguria,1550640,29061,1.87,0.04
227,2021-01-11,LIG,2467,910,1557,1869,326,272,0,2467,0,ITC,ITC3,7,Liguria,Liguria,1550640,31528,2.03,0.16
228,2021-02-16,LIG,1922,824,1098,743,340,128,711,1849,73,ITC,ITC3,7,Liguria,Liguria,1550640,33450,2.16,0.12
229,2021-01-14,LIG,2613,926,1687,1669,513,431,0,2613,0,ITC,ITC3,7,Liguria,Liguria,1550640,36063,2.33,0.17
230,2021-01-09,LIG,1309,467,842,974,147,188,0,1309,0,ITC,ITC3,7,Liguria,Liguria,1550640,37372,2.41,0.08
231,2021-02-10,LIG,2116,777,1339,1245,390,481,0,1099,1017,ITC,ITC3,7,Liguria,Liguria,1550640,39488,2.55,0.14
232,2021-01-31,LIG,617,264,353,412,71,134,0,7,610,ITC,ITC3,7,Liguria,Liguria,1550640,40105,2.59,0.04
233,2021-01-21,LIG,831,308,523,472,161,197,1,460,371,ITC,ITC3,7,Liguria,Liguria,1550640,40936,2.64,0.05
234,2021-02-20,LIG,1125,500,625,145,287,115,578,1124,1,ITC,ITC3,7,Liguria,Liguria,1550640,42061,2.71,0.07
235,2021-01-25,LIG,2572,835,1737,2111,178,283,0,462,2110,ITC,ITC3,7,Liguria,Liguria,1550640,44633,2.88,0.17
236,2021-02-13,LIG,1052,494,558,529,129,140,254,781,271,ITC,ITC3,7,Liguria,Liguria,1550640,45685,2.95,0.07
237,2021-02-12,LIG,1649,641,1008,718,203,299,429,1058,591,ITC,ITC3,7,Liguria,Liguria,1550640,47334,3.05,0.11
238,2021-02-17,LIG,2129,975,1154,741,313,127,948,2006,123,ITC,ITC3,7,Liguria,Liguria,1550640,49463,3.19,0.14
239,2021-01-17,LIG,856,298,558,513,82,261,0,856,0,ITC,ITC3,7,Liguria,Liguria,1550640,50319,3.25,0.06
240,2021-02-15,LIG,1902,745,1157,860,233,153,656,1678,224,ITC,ITC3,7,Liguria,Liguria,1550640,52221,3.37,0.12
241,2020-12-30,LIG,9,3,6,9,0,0,0,9,0,ITC,ITC3,7,Liguria,Liguria,1550640,52230,3.37,0.0
242,2021-02-09,LIG,1708,632,1076,979,334,395,0,384,1324,ITC,ITC3,7,Liguria,Liguria,1550640,53938,3.48,0.11
243,2021-01-23,LIG,799,289,510,630,126,43,0,145,654,ITC,ITC3,7,Liguria,Liguria,1550640,54737,3.53,0.05
244,2021-02-04,LIG,2749,960,1789,1817,464,468,0,237,2512,ITC,ITC3,7,Liguria,Liguria,1550640,57486,3.71,0.18
245,2021-02-07,LIG,399,150,249,189,27,183,0,3,396,ITC,ITC3,7,Liguria,Liguria,1550640,57885,3.73,0.03
246,2021-01-04,LIG,2370,782,1588,2053,226,91,0,2370,0,ITC,ITC3,7,Liguria,Liguria,1550640,60255,3.89,0.15
247,2020-12-31,LIG,948,334,614,713,54,153,28,948,0,ITC,ITC3,7,Liguria,Liguria,1550640,61203,3.95,0.06
248,2021-02-21,LIG,402,205,197,162,21,95,124,402,0,ITC,ITC3,7,Liguria,Liguria,1550640,61605,3.97,0.03
249,2021-01-13,LIG,2635,964,1671,1841,342,452,0,2635,0,ITC,ITC3,7,Liguria,Liguria,1550640,64240,4.14,0.17
250,2021-02-03,LIG,2176,741,1435,1545,262,369,0,240,1936,ITC,ITC3,7,Liguria,Liguria,1550640,66416,4.28,0.14
251,2021-01-03,LIG,727,226,501,651,76,0,0,727,0,ITC,ITC3,7,Liguria,Liguria,1550640,67143,4.33,0.05
252,2021-01-30,LIG,1627,551,1076,1236,139,252,0,21,1606,ITC,ITC3,7,Liguria,Liguria,1550640,68770,4.43,0.1
253,2021-01-19,LIG,1175,398,777,627,295,253,0,1090,85,ITC,ITC3,7,Liguria,Liguria,1550640,69945,4.51,0.08
254,2021-02-05,LIG,2408,881,1527,1558,417,433,0,331,2077,ITC,ITC3,7,Liguria,Liguria,1550640,72353,4.67,0.16
255,2021-02-06,LIG,1869,756,1113,1292,202,375,0,145,1724,ITC,ITC3,7,Liguria,Liguria,1550640,74222,4.79,0.12
256,2020-12-28,LIG,75,26,49,72,3,0,0,75,0,ITC,ITC3,7,Liguria,Liguria,1550640,74297,4.79,0.0
257,2020-12-27,LIG,132,54,78,85,2,45,0,132,0,ITC,ITC3,7,Liguria,Liguria,1550640,74429,4.8,0.01
258,2021-01-24,LIG,749,232,517,626,63,60,0,113,636,ITC,ITC3,7,Liguria,Liguria,1550640,75178,4.85,0.05
259,2021-01-26,LIG,2394,775,1619,1881,262,251,0,153,2241,ITC,ITC3,7,Liguria,Liguria,1550640,77572,5.0,0.15
260,2021-02-14,LIG,224,119,105,29,30,105,60,224,0,ITC,ITC3,7,Liguria,Liguria,1550640,77796,5.02,0.01
261,2021-01-27,LIG,1613,576,1037,1264,174,175,0,180,1433,ITC,ITC3,7,Liguria,Liguria,1550640,79409,5.12,0.1
262,2021-01-12,LIG,2237,823,1414,1613,248,376,0,2237,0,ITC,ITC3,7,Liguria,Liguria,1550640,81646,5.27,0.14
263,2021-02-01,LIG,2317,841,1476,1795,210,312,0,68,2249,ITC,ITC3,7,Liguria,Liguria,1550640,83963,5.41,0.15
264,2021-02-08,LIG,1728,678,1050,1166,364,198,0,292,1436,ITC,ITC3,7,Liguria,Liguria,1550640,85691,5.53,0.11
265,2021-01-29,LIG,2801,977,1824,2146,299,356,0,40,2761,ITC,ITC3,7,Liguria,Liguria,1550640,88492,5.71,0.18
266,2021-01-22,LIG,1623,545,1078,967,163,493,0,1150,473,ITC,ITC3,7,Liguria,Liguria,1550640,90115,5.81,0.1
267,2020-12-31,LOM,713,300,413,656,57,0,0,713,0,ITC,ITC4,3,Lombardia,Lombardia,10060574,713,0.01,0.01
268,2021-01-08,LOM,12588,3893,8695,8633,3705,218,32,12588,0,ITC,ITC4,3,Lombardia,Lombardia,10060574,13301,0.13,0.13
269,2021-02-21,LOM,4992,1846,3146,1734,1050,27,2181,4977,15,ITC,ITC4,3,Lombardia,Lombardia,10060574,18293,0.18,0.05
270,2020-12-30,LOM,113,42,71,105,8,0,0,113,0,ITC,ITC4,3,Lombardia,Lombardia,10060574,18406,0.18,0.0
271,2021-02-09,LOM,11712,3215,8497,5532,2279,3826,75,3813,7899,ITC,ITC4,3,Lombardia,Lombardia,10060574,30118,0.3,0.12
272,2021-02-18,LOM,13113,4645,8468,5787,2768,1270,3288,12220,893,ITC,ITC4,3,Lombardia,Lombardia,10060574,43231,0.43,0.13
273,2021-02-15,LOM,8321,2934,5387,5544,1888,885,4,7905,416,ITC,ITC4,3,Lombardia,Lombardia,10060574,51552,0.51,0.08
274,2021-01-21,LOM,5281,1552,3729,1859,3180,240,2,4595,686,ITC,ITC4,3,Lombardia,Lombardia,10060574,56833,0.56,0.05
275,2021-01-12,LOM,19659,6555,13104,10921,7211,1369,158,19659,0,ITC,ITC4,3,Lombardia,Lombardia,10060574,76492,0.76,0.2
276,2021-01-01,LOM,24,7,17,21,3,0,0,24,0,ITC,ITC4,3,Lombardia,Lombardia,10060574,76516,0.76,0.0
277,2021-02-19,LOM,13100,5085,8015,5099,2727,923,4351,12545,555,ITC,ITC4,3,Lombardia,Lombardia,10060574,89616,0.89,0.13
278,2021-02-08,LOM,9570,2809,6761,5107,2194,2216,53,1999,7571,ITC,ITC4,3,Lombardia,Lombardia,10060574,99186,0.99,0.1
279,2021-01-22,LOM,2886,814,2072,1079,1660,141,6,2834,52,ITC,ITC4,3,Lombardia,Lombardia,10060574,102072,1.01,0.03
280,2020-12-27,LOM,702,407,295,551,137,13,1,702,0,ITC,ITC4,3,Lombardia,Lombardia,10060574,102774,1.02,0.01
281,2021-02-04,LOM,26458,7762,18696,14993,5942,5331,192,1853,24605,ITC,ITC4,3,Lombardia,Lombardia,10060574,129232,1.28,0.26
282,2021-02-17,LOM,11362,3584,7778,7331,2241,1755,35,10018,1344,ITC,ITC4,3,Lombardia,Lombardia,10060574,140594,1.4,0.11
283,2021-02-01,LOM,15788,5214,10574,11389,3465,891,43,318,15470,ITC,ITC4,3,Lombardia,Lombardia,10060574,156382,1.55,0.16
284,2021-01-31,LOM,9508,3641,5867,7273,2141,87,7,32,9476,ITC,ITC4,3,Lombardia,Lombardia,10060574,165890,1.65,0.09
285,2021-02-03,LOM,24734,7692,17042,14944,5833,3818,139,955,23779,ITC,ITC4,3,Lombardia,Lombardia,10060574,190624,1.89,0.25
286,2021-01-04,LOM,5976,2058,3918,4598,1197,166,15,5976,0,ITC,ITC4,3,Lombardia,Lombardia,10060574,196600,1.95,0.06
287,2021-01-28,LOM,11942,3618,8324,8787,2286,839,30,768,11174,ITC,ITC4,3,Lombardia,Lombardia,10060574,208542,2.07,0.12
288,2021-01-19,LOM,7900,2300,5600,3092,2927,1768,113,7424,476,ITC,ITC4,3,Lombardia,Lombardia,10060574,216442,2.15,0.08
289,2021-02-14,LOM,3499,1514,1985,2600,875,24,0,2936,563,ITC,ITC4,3,Lombardia,Lombardia,10060574,219941,2.19,0.03
290,2021-01-03,LOM,852,316,536,710,137,4,1,852,0,ITC,ITC4,3,Lombardia,Lombardia,10060574,220793,2.19,0.01
291,2021-02-07,LOM,7042,2749,4293,5019,1773,233,17,339,6703,ITC,ITC4,3,Lombardia,Lombardia,10060574,227835,2.26,0.07
292,2020-12-28,LOM,103,44,59,102,1,0,0,103,0,ITC,ITC4,3,Lombardia,Lombardia,10060574,227938,2.27,0.0
293,2021-01-26,LOM,8312,2697,5615,6559,1543,203,7,322,7990,ITC,ITC4,3,Lombardia,Lombardia,10060574,236250,2.35,0.08
294,2021-01-17,LOM,8042,3258,4784,5099,2776,122,45,7844,198,ITC,ITC4,3,Lombardia,Lombardia,10060574,244292,2.43,0.08
295,2021-01-30,LOM,12068,4451,7617,9661,2240,159,8,191,11877,ITC,ITC4,3,Lombardia,Lombardia,10060574,256360,2.55,0.12
296,2021-02-05,LOM,24324,7077,17247,13570,6337,4161,256,2034,22290,ITC,ITC4,3,Lombardia,Lombardia,10060574,280684,2.79,0.24
297,2021-01-24,LOM,1184,453,731,798,361,24,1,522,662,ITC,ITC4,3,Lombardia,Lombardia,10060574,281868,2.8,0.01
298,2021-01-16,LOM,15255,5687,9568,8147,5655,1274,179,15255,0,ITC,ITC4,3,Lombardia,Lombardia,10060574,297123,2.95,0.15
299,2021-01-18,LOM,8921,2910,6011,4080,3283,1442,116,7939,982,ITC,ITC4,3,Lombardia,Lombardia,10060574,306044,3.04,0.09
300,2021-01-05,LOM,7672,2513,5159,5711,1786,167,8,7672,0,ITC,ITC4,3,Lombardia,Lombardia,10060574,313716,3.12,0.08
301,2021-01-06,LOM,7042,2486,4556,5262,1742,35,3,7042,0,ITC,ITC4,3,Lombardia,Lombardia,10060574,320758,3.19,0.07
302,2021-01-29,LOM,13268,4074,9194,10313,2386,560,9,635,12633,ITC,ITC4,3,Lombardia,Lombardia,10060574,334026,3.32,0.13
303,2021-02-20,LOM,9020,3710,5310,4029,1953,166,2872,8886,134,ITC,ITC4,3,Lombardia,Lombardia,10060574,343046,3.41,0.09
304,2021-01-09,LOM,12375,4558,7817,8133,4040,192,10,12375,0,ITC,ITC4,3,Lombardia,Lombardia,10060574,355421,3.53,0.12
305,2021-01-07,LOM,11555,3593,7962,8085,2804,594,72,11555,0,ITC,ITC4,3,Lombardia,Lombardia,10060574,366976,3.65,0.11
306,2021-02-16,LOM,8898,2901,5997,5563,2161,1166,8,8454,444,ITC,ITC4,3,Lombardia,Lombardia,10060574,375874,3.74,0.09
307,2020-12-29,LOM,100,43,57,100,0,0,0,100,0,ITC,ITC4,3,Lombardia,Lombardia,10060574,375974,3.74,0.0
308,2021-01-13,LOM,25489,7861,17628,11965,9674,3543,307,25489,0,ITC,ITC4,3,Lombardia,Lombardia,10060574,401463,3.99,0.25
309,2021-02-10,LOM,13473,4292,9181,7974,2613,2791,95,7112,6361,ITC,ITC4,3,Lombardia,Lombardia,10060574,414936,4.12,0.13
310,2021-01-10,LOM,10510,3955,6555,6864,3621,8,17,10510,0,ITC,ITC4,3,Lombardia,Lombardia,10060574,425446,4.23,0.1
311,2021-01-25,LOM,7010,2364,4646,5502,1318,180,10,480,6530,ITC,ITC4,3,Lombardia,Lombardia,10060574,432456,4.3,0.07
312,2021-02-12,LOM,12693,4013,8680,7136,3032,2483,42,8386,4307,ITC,ITC4,3,Lombardia,Lombardia,10060574,445149,4.42,0.13
313,2021-01-27,LOM,7999,2668,5331,6080,1715,202,2,819,7180,ITC,ITC4,3,Lombardia,Lombardia,10060574,453148,4.5,0.08
314,2021-02-13,LOM,6200,2381,3819,3825,1736,623,16,4895,1305,ITC,ITC4,3,Lombardia,Lombardia,10060574,459348,4.57,0.06
315,2021-02-06,LOM,14593,5356,9237,9240,3495,1788,70,881,13712,ITC,ITC4,3,Lombardia,Lombardia,10060574,473941,4.71,0.15
316,2021-01-02,LOM,199,72,127,177,22,0,0,199,0,ITC,ITC4,3,Lombardia,Lombardia,10060574,474140,4.71,0.0
317,2021-01-15,LOM,24354,7170,17184,10191,9919,3839,405,24354,0,ITC,ITC4,3,Lombardia,Lombardia,10060574,498494,4.95,0.24
318,2021-01-11,LOM,15976,5309,10667,10161,5163,552,100,15976,0,ITC,ITC4,3,Lombardia,Lombardia,10060574,514470,5.11,0.16
319,2021-02-02,LOM,19451,6457,12994,13156,4579,1638,78,478,18973,ITC,ITC4,3,Lombardia,Lombardia,10060574,533921,5.31,0.19
320,2021-01-20,LOM,5502,1353,4149,1974,2177,1261,90,5387,115,ITC,ITC4,3,Lombardia,Lombardia,10060574,539423,5.36,0.05
321,2021-01-14,LOM,25963,7592,18371,11323,9520,4661,459,25963,0,ITC,ITC4,3,Lombardia,Lombardia,10060574,565386,5.62,0.26
322,2021-02-11,LOM,15945,4760,11185,8881,3575,3459,30,8999,6946,ITC,ITC4,3,Lombardia,Lombardia,10060574,581331,5.78,0.16
323,2021-01-23,LOM,1113,357,756,499,578,36,0,915,198,ITC,ITC4,3,Lombardia,Lombardia,10060574,582444,5.79,0.01
324,2021-01-04,PAB,469,191,278,397,72,0,0,469,0,ITH,ITH1,4,Provincia Autonoma Bolzano / Bozen,P.A. Bolzano,533050,469,0.09,0.09
325,2021-02-20,PAB,1502,471,1031,196,813,24,469,1484,18,ITH,ITH1,4,Provincia Autonoma Bolzano / Bozen,P.A. Bolzano,533050,1971,0.37,0.28
326,2021-01-07,PAB,892,317,575,613,227,0,52,892,0,ITH,ITH1,4,Provincia Autonoma Bolzano / Bozen,P.A. Bolzano,533050,2863,0.54,0.17
327,2021-02-01,PAB,1381,403,978,703,382,296,0,10,1371,ITH,ITH1,4,Provincia Autonoma Bolzano / Bozen,P.A. Bolzano,533050,4244,0.8,0.26
328,2021-02-06,PAB,2276,1018,1258,435,371,0,1470,18,2258,ITH,ITH1,4,Provincia Autonoma Bolzano / Bozen,P.A. Bolzano,533050,6520,1.22,0.43
329,2021-02-05,PAB,2788,1035,1753,640,677,394,1077,6,2782,ITH,ITH1,4,Provincia Autonoma Bolzano / Bozen,P.A. Bolzano,533050,9308,1.75,0.52
330,2021-01-22,PAB,241,138,103,129,24,85,3,124,117,ITH,ITH1,4,Provincia Autonoma Bolzano / Bozen,P.A. Bolzano,533050,9549,1.79,0.05
331,2021-02-03,PAB,1445,457,988,615,441,321,68,5,1440,ITH,ITH1,4,Provincia Autonoma Bolzano / Bozen,P.A. Bolzano,533050,10994,2.06,0.27
332,2021-01-19,PAB,810,349,461,170,65,0,575,680,130,ITH,ITH1,4,Provincia Autonoma Bolzano / Bozen,P.A. Bolzano,533050,11804,2.21,0.15
333,2021-01-06,PAB,59,18,41,59,0,0,0,59,0,ITH,ITH1,4,Provincia Autonoma Bolzano / Bozen,P.A. Bolzano,533050,11863,2.23,0.01
334,2021-02-16,PAB,528,205,323,10,7,0,511,528,0,ITH,ITH1,4,Provincia Autonoma Bolzano / Bozen,P.A. Bolzano,533050,12391,2.32,0.1
335,2021-01-11,PAB,1501,476,1025,532,645,174,150,1501,0,ITH,ITH1,4,Provincia Autonoma Bolzano / Bozen,P.A. Bolzano,533050,13892,2.61,0.28
336,2020-12-30,PAB,362,168,194,321,41,0,0,362,0,ITH,ITH1,4,Provincia Autonoma Bolzano / Bozen,P.A. Bolzano,533050,14254,2.67,0.07
337,2021-01-02,PAB,91,48,43,69,22,0,0,91,0,ITH,ITH1,4,Provincia Autonoma Bolzano / Bozen,P.A. Bolzano,533050,14345,2.69,0.02
338,2021-01-09,PAB,600,317,283,75,439,74,12,600,0,ITH,ITH1,4,Provincia Autonoma Bolzano / Bozen,P.A. Bolzano,533050,14945,2.8,0.11
339,2021-02-08,PAB,1,1,0,0,1,0,0,1,0,ITH,ITH1,4,Provincia Autonoma Bolzano / Bozen,P.A. Bolzano,533050,14946,2.8,0.0
340,2021-01-14,PAB,1807,539,1268,476,760,285,286,1807,0,ITH,ITH1,4,Provincia Autonoma Bolzano / Bozen,P.A. Bolzano,533050,16753,3.14,0.34
341,2021-01-15,PAB,3026,1119,1907,532,898,336,1260,3026,0,ITH,ITH1,4,Provincia Autonoma Bolzano / Bozen,P.A. Bolzano,533050,19779,3.71,0.57
342,2021-02-02,PAB,1730,499,1231,617,499,605,9,7,1723,ITH,ITH1,4,Provincia Autonoma Bolzano / Bozen,P.A. Bolzano,533050,21509,4.04,0.32
343,2021-01-13,PAB,1316,409,907,367,588,255,106,1316,0,ITH,ITH1,4,Provincia Autonoma Bolzano / Bozen,P.A. Bolzano,533050,22825,4.28,0.25
344,2021-01-18,PAB,1656,638,1018,369,299,7,981,1651,5,ITH,ITH1,4,Provincia Autonoma Bolzano / Bozen,P.A. Bolzano,533050,24481,4.59,0.31
345,2021-02-12,PAB,691,208,483,301,281,102,7,446,245,ITH,ITH1,4,Provincia Autonoma Bolzano / Bozen,P.A. Bolzano,533050,25172,4.72,0.13
346,2021-01-27,PAB,84,28,56,54,30,0,0,1,83,ITH,ITH1,4,Provincia Autonoma Bolzano / Bozen,P.A. Bolzano,533050,25256,4.74,0.02
347,2021-02-13,PAB,318,79,239,126,184,7,1,312,6,ITH,ITH1,4,Provincia Autonoma Bolzano / Bozen,P.A. Bolzano,533050,25574,4.8,0.06
348,2021-01-10,PAB,2,2,0,1,1,0,0,2,0,ITH,ITH1,4,Provincia Autonoma Bolzano / Bozen,P.A. Bolzano,533050,25576,4.8,0.0
349,2021-01-20,PAB,608,247,361,282,76,0,250,401,207,ITH,ITH1,4,Provincia Autonoma Bolzano / Bozen,P.A. Bolzano,533050,26184,4.91,0.11
350,2021-01-25,PAB,461,176,285,379,81,0,1,3,458,ITH,ITH1,4,Provincia Autonoma Bolzano / Bozen,P.A. Bolzano,533050,26645,5.0,0.09
351,2021-01-17,PAB,2269,1024,1245,54,236,19,1960,2257,12,ITH,ITH1,4,Provincia Autonoma Bolzano / Bozen,P.A. Bolzano,533050,28914,5.42,0.43
352,2021-01-28,PAB,867,307,560,584,214,69,0,10,857,ITH,ITH1,4,Provincia Autonoma Bolzano / Bozen,P.A. Bolzano,533050,29781,5.59,0.16
353,2021-01-23,PAB,195,115,80,183,12,0,0,0,195,ITH,ITH1,4,Provincia Autonoma Bolzano / Bozen,P.A. Bolzano,533050,29976,5.62,0.04
354,2021-02-09,PAB,317,126,191,64,24,2,227,1,316,ITH,ITH1,4,Provincia Autonoma Bolzano / Bozen,P.A. Bolzano,533050,30293,5.68,0.06
355,2021-02-04,PAB,1839,556,1283,623,598,404,214,8,1831,ITH,ITH1,4,Provincia Autonoma Bolzano / Bozen,P.A. Bolzano,533050,32132,6.03,0.34
356,2021-01-08,PAB,1486,469,1017,758,466,166,96,1486,0,ITH,ITH1,4,Provincia Autonoma Bolzano / Bozen,P.A. Bolzano,533050,33618,6.31,0.28
357,2020-12-31,PAB,867,497,370,439,428,0,0,867,0,ITH,ITH1,4,Provincia Autonoma Bolzano / Bozen,P.A. Bolzano,533050,34485,6.47,0.16
358,2021-02-19,PAB,1570,386,1184,121,1369,73,7,1559,11,ITH,ITH1,4,Provincia Autonoma Bolzano / Bozen,P.A. Bolzano,533050,36055,6.76,0.29
359,2021-02-18,PAB,1639,400,1239,23,1593,20,3,1635,4,ITH,ITH1,4,Provincia Autonoma Bolzano / Bozen,P.A. Bolzano,533050,37694,7.07,0.31
360,2021-01-16,PAB,2748,1229,1519,450,360,77,1861,2748,0,ITH,ITH1,4,Provincia Autonoma Bolzano / Bozen,P.A. Bolzano,533050,40442,7.59,0.52
361,2021-01-26,PAB,809,291,518,670,139,0,0,1,808,ITH,ITH1,4,Provincia Autonoma Bolzano / Bozen,P.A. Bolzano,533050,41251,7.74,0.15
362,2021-01-03,PAB,34,12,22,26,7,0,1,34,0,ITH,ITH1,4,Provincia Autonoma Bolzano / Bozen,P.A. Bolzano,533050,41285,7.75,0.01
363,2021-02-07,PAB,2162,973,1189,99,397,1,1665,10,2152,ITH,ITH1,4,Provincia Autonoma Bolzano / Bozen,P.A. Bolzano,533050,43447,8.15,0.41
364,2021-01-05,PAB,820,283,537,718,102,0,0,820,0,ITH,ITH1,4,Provincia Autonoma Bolzano / Bozen,P.A. Bolzano,533050,44267,8.3,0.15
365,2021-01-21,PAB,915,426,489,719,101,68,27,138,777,ITH,ITH1,4,Provincia Autonoma Bolzano / Bozen,P.A. Bolzano,533050,45182,8.48,0.17
366,2020-12-27,PAB,143,65,78,136,6,0,1,143,0,ITH,ITH1,4,Provincia Autonoma Bolzano / Bozen,P.A. Bolzano,533050,45325,8.5,0.03
367,2021-01-30,PAB,422,212,210,146,175,101,0,4,418,ITH,ITH1,4,Provincia Autonoma Bolzano / Bozen,P.A. Bolzano,533050,45747,8.58,0.08
368,2021-01-24,PAB,12,10,2,1,11,0,0,0,12,ITH,ITH1,4,Provincia Autonoma Bolzano / Bozen,P.A. Bolzano,533050,45759,8.58,0.0
369,2021-02-17,PAB,4,1,3,1,2,0,1,2,2,ITH,ITH1,4,Provincia Autonoma Bolzano / Bozen,P.A. Bolzano,533050,45763,8.59,0.0
370,2021-01-12,PAB,1527,398,1129,299,680,475,73,1527,0,ITH,ITH1,4,Provincia Autonoma Bolzano / Bozen,P.A. Bolzano,533050,47290,8.87,0.29
371,2021-02-11,PAB,1016,398,618,208,362,104,342,235,781,ITH,ITH1,4,Provincia Autonoma Bolzano / Bozen,P.A. Bolzano,533050,48306,9.06,0.19
372,2021-02-15,PAB,72,42,30,17,10,40,5,26,46,ITH,ITH1,4,Provincia Autonoma Bolzano / Bozen,P.A. Bolzano,533050,48378,9.08,0.01
373,2021-01-29,PAB,1487,508,979,855,335,295,2,23,1464,ITH,ITH1,4,Provincia Autonoma Bolzano / Bozen,P.A. Bolzano,533050,49865,9.35,0.28
374,2021-02-10,PAB,1622,600,1022,484,556,1,581,26,1596,ITH,ITH1,4,Provincia Autonoma Bolzano / Bozen,P.A. Bolzano,533050,51487,9.66,0.3
375,2021-01-01,PAB,1,1,0,1,0,0,0,1,0,ITH,ITH1,4,Provincia Autonoma Bolzano / Bozen,P.A. Bolzano,533050,51488,9.66,0.0
376,2021-01-24,FVG,305,119,186,277,27,1,0,1,304,ITH,ITH4,6,Friuli-Venezia Giulia,Friuli Venezia Giulia,1215220,305,0.03,0.03
377,2021-01-14,FVG,2587,788,1799,1607,550,430,0,2587,0,ITH,ITH4,6,Friuli-Venezia Giulia,Friuli Venezia Giulia,1215220,2892,0.24,0.21
378,2021-01-02,FVG,1217,471,746,1150,67,0,0,1217,0,ITH,ITH4,6,Friuli-Venezia Giulia,Friuli Venezia Giulia,1215220,4109,0.34,0.1
379,2021-01-07,FVG,2090,718,1372,1759,221,110,0,2090,0,ITH,ITH4,6,Friuli-Venezia Giulia,Friuli Venezia Giulia,1215220,6199,0.51,0.17
380,2021-02-18,FVG,2921,1325,1596,227,866,331,1497,2517,404,ITH,ITH4,6,Friuli-Venezia Giulia,Friuli Venezia Giulia,1215220,9120,0.75,0.24
381,2021-01-08,FVG,2322,747,1575,1680,246,396,0,2322,0,ITH,ITH4,6,Friuli-Venezia Giulia,Friuli Venezia Giulia,1215220,11442,0.94,0.19
382,2021-02-19,FVG,2923,1144,1779,557,544,257,1565,2516,407,ITH,ITH4,6,Friuli-Venezia Giulia,Friuli Venezia Giulia,1215220,14365,1.18,0.24
383,2021-01-27,FVG,1269,425,844,849,356,64,0,447,822,ITH,ITH4,6,Friuli-Venezia Giulia,Friuli Venezia Giulia,1215220,15634,1.29,0.1
384,2021-02-08,FVG,2354,693,1661,1399,521,434,0,91,2263,ITH,ITH4,6,Friuli-Venezia Giulia,Friuli Venezia Giulia,1215220,17988,1.48,0.19
385,2021-01-18,FVG,1959,606,1353,1358,491,110,0,1865,94,ITH,ITH4,6,Friuli-Venezia Giulia,Friuli Venezia Giulia,1215220,19947,1.64,0.16
386,2021-02-13,FVG,563,175,388,335,228,0,0,557,6,ITH,ITH4,6,Friuli-Venezia Giulia,Friuli Venezia Giulia,1215220,20510,1.69,0.05
387,2021-02-20,FVG,1656,689,967,7,19,98,1532,1564,92,ITH,ITH4,6,Friuli-Venezia Giulia,Friuli Venezia Giulia,1215220,22166,1.82,0.14
388,2021-02-01,FVG,2252,741,1511,1670,409,173,0,170,2082,ITH,ITH4,6,Friuli-Venezia Giulia,Friuli Venezia Giulia,1215220,24418,2.01,0.19
389,2021-02-12,FVG,1195,424,771,673,394,126,2,1145,50,ITH,ITH4,6,Friuli-Venezia Giulia,Friuli Venezia Giulia,1215220,25613,2.11,0.1
390,2021-01-29,FVG,2412,813,1599,1855,321,236,0,263,2149,ITH,ITH4,6,Friuli-Venezia Giulia,Friuli Venezia Giulia,1215220,28025,2.31,0.2
391,2021-02-21,FVG,795,278,517,212,176,26,381,419,376,ITH,ITH4,6,Friuli-Venezia Giulia,Friuli Venezia Giulia,1215220,28820,2.37,0.07
392,2020-12-30,FVG,630,246,384,601,29,0,0,630,0,ITH,ITH4,6,Friuli-Venezia Giulia,Friuli Venezia Giulia,1215220,29450,2.42,0.05
393,2021-02-07,FVG,1558,483,1075,863,693,2,0,384,1174,ITH,ITH4,6,Friuli-Venezia Giulia,Friuli Venezia Giulia,1215220,31008,2.55,0.13
394,2020-12-31,FVG,1053,384,669,1011,42,0,0,1053,0,ITH,ITH4,6,Friuli-Venezia Giulia,Friuli Venezia Giulia,1215220,32061,2.64,0.09
395,2021-01-04,FVG,1510,559,951,1392,118,0,0,1510,0,ITH,ITH4,6,Friuli-Venezia Giulia,Friuli Venezia Giulia,1215220,33571,2.76,0.12
396,2021-01-19,FVG,8,2,6,6,0,2,0,8,0,ITH,ITH4,6,Friuli-Venezia Giulia,Friuli Venezia Giulia,1215220,33579,2.76,0.0
397,2021-01-03,FVG,312,122,190,285,26,1,0,312,0,ITH,ITH4,6,Friuli-Venezia Giulia,Friuli Venezia Giulia,1215220,33891,2.79,0.03
398,2021-02-05,FVG,2613,784,1829,1613,510,490,0,90,2523,ITH,ITH4,6,Friuli-Venezia Giulia,Friuli Venezia Giulia,1215220,36504,3.0,0.22
399,2021-01-10,FVG,2940,919,2021,1745,950,245,0,2940,0,ITH,ITH4,6,Friuli-Venezia Giulia,Friuli Venezia Giulia,1215220,39444,3.25,0.24
400,2021-01-13,FVG,2651,834,1817,1822,599,230,0,2651,0,ITH,ITH4,6,Friuli-Venezia Giulia,Friuli Venezia Giulia,1215220,42095,3.46,0.22
401,2021-01-30,FVG,2270,744,1526,1475,354,441,0,269,2001,ITH,ITH4,6,Friuli-Venezia Giulia,Friuli Venezia Giulia,1215220,44365,3.65,0.19
402,2021-02-03,FVG,2644,789,1855,1700,558,386,0,22,2622,ITH,ITH4,6,Friuli-Venezia Giulia,Friuli Venezia Giulia,1215220,47009,3.87,0.22
403,2021-02-06,FVG,1152,337,815,755,207,190,0,21,1131,ITH,ITH4,6,Friuli-Venezia Giulia,Friuli Venezia Giulia,1215220,48161,3.96,0.09
404,2021-01-22,FVG,90,30,60,89,1,0,0,0,90,ITH,ITH4,6,Friuli-Venezia Giulia,Friuli Venezia Giulia,1215220,48251,3.97,0.01
405,2020-12-27,FVG,262,149,113,259,3,0,0,262,0,ITH,ITH4,6,Friuli-Venezia Giulia,Friuli Venezia Giulia,1215220,48513,3.99,0.02
406,2021-02-02,FVG,2460,806,1654,1650,394,416,0,216,2244,ITH,ITH4,6,Friuli-Venezia Giulia,Friuli Venezia Giulia,1215220,50973,4.19,0.2
407,2021-02-10,FVG,1354,496,858,747,488,119,0,1268,86,ITH,ITH4,6,Friuli-Venezia Giulia,Friuli Venezia Giulia,1215220,52327,4.31,0.11
408,2021-01-26,FVG,1971,647,1324,1438,152,381,0,213,1758,ITH,ITH4,6,Friuli-Venezia Giulia,Friuli Venezia Giulia,1215220,54298,4.47,0.16
409,2021-01-31,FVG,2712,836,1876,1692,1002,18,0,385,2327,ITH,ITH4,6,Friuli-Venezia Giulia,Friuli Venezia Giulia,1215220,57010,4.69,0.22
410,2021-01-12,FVG,2256,712,1544,1522,373,361,0,2256,0,ITH,ITH4,6,Friuli-Venezia Giulia,Friuli Venezia Giulia,1215220,59266,4.88,0.19
411,2021-01-17,FVG,1720,524,1196,674,560,486,0,1720,0,ITH,ITH4,6,Friuli-Venezia Giulia,Friuli Venezia Giulia,1215220,60986,5.02,0.14
412,2021-01-25,FVG,1582,567,1015,1369,141,72,0,194,1388,ITH,ITH4,6,Friuli-Venezia Giulia,Friuli Venezia Giulia,1215220,62568,5.15,0.13
413,2021-01-21,FVG,894,345,549,863,31,0,0,1,893,ITH,ITH4,6,Friuli-Venezia Giulia,Friuli Venezia Giulia,1215220,63462,5.22,0.07
414,2021-02-11,FVG,1915,660,1255,1128,562,222,3,1723,192,ITH,ITH4,6,Friuli-Venezia Giulia,Friuli Venezia Giulia,1215220,65377,5.38,0.16
415,2021-01-23,FVG,816,324,492,768,48,0,0,4,812,ITH,ITH4,6,Friuli-Venezia Giulia,Friuli Venezia Giulia,1215220,66193,5.45,0.07
416,2021-02-17,FVG,2291,949,1342,328,194,228,1541,1813,478,ITH,ITH4,6,Friuli-Venezia Giulia,Friuli Venezia Giulia,1215220,68484,5.64,0.19
417,2021-02-16,FVG,2499,1127,1372,261,273,220,1745,2383,116,ITH,ITH4,6,Friuli-Venezia Giulia,Friuli Venezia Giulia,1215220,70983,5.84,0.21
418,2021-02-09,FVG,1839,550,1289,1046,507,286,0,1552,287,ITH,ITH4,6,Friuli-Venezia Giulia,Friuli Venezia Giulia,1215220,72822,5.99,0.15
419,2021-01-09,FVG,2517,841,1676,1519,405,593,0,2517,0,ITH,ITH4,6,Friuli-Venezia Giulia,Friuli Venezia Giulia,1215220,75339,6.2,0.21
420,2021-02-15,FVG,2443,909,1534,696,401,314,1032,2193,250,ITH,ITH4,6,Friuli-Venezia Giulia,Friuli Venezia Giulia,1215220,77782,6.4,0.2
421,2021-01-20,FVG,750,323,427,719,31,0,0,12,738,ITH,ITH4,6,Friuli-Venezia Giulia,Friuli Venezia Giulia,1215220,78532,6.46,0.06
422,2021-01-16,FVG,1231,360,871,771,212,248,0,1231,0,ITH,ITH4,6,Friuli-Venezia Giulia,Friuli Venezia Giulia,1215220,79763,6.56,0.1
423,2021-02-04,FVG,2730,807,1923,1722,543,465,0,36,2694,ITH,ITH4,6,Friuli-Venezia Giulia,Friuli Venezia Giulia,1215220,82493,6.79,0.22
424,2021-01-06,FVG,709,264,445,514,195,0,0,709,0,ITH,ITH4,6,Friuli-Venezia Giulia,Friuli Venezia Giulia,1215220,83202,6.85,0.06
425,2021-01-05,FVG,1679,550,1129,1349,133,197,0,1679,0,ITH,ITH4,6,Friuli-Venezia Giulia,Friuli Venezia Giulia,1215220,84881,6.98,0.14
426,2021-01-28,FVG,2235,792,1443,1754,287,194,0,354,1881,ITH,ITH4,6,Friuli-Venezia Giulia,Friuli Venezia Giulia,1215220,87116,7.17,0.18
427,2021-01-15,FVG,2028,606,1422,1283,370,375,0,2028,0,ITH,ITH4,6,Friuli-Venezia Giulia,Friuli Venezia Giulia,1215220,89144,7.34,0.17
428,2021-01-11,FVG,1882,609,1273,1500,336,46,0,1882,0,ITH,ITH4,6,Friuli-Venezia Giulia,Friuli Venezia Giulia,1215220,91026,7.49,0.15
429,2021-02-10,LAZ,7770,3112,4658,2645,580,633,3912,4836,2934,ITI,ITI4,12,Lazio,Lazio,5879082,7770,0.13,0.13
430,2021-01-27,LAZ,5768,2170,3598,4797,385,457,129,651,5117,ITI,ITI4,12,Lazio,Lazio,5879082,13538,0.23,0.1
431,2021-01-31,LAZ,4279,1783,2496,3572,339,244,124,296,3983,ITI,ITI4,12,Lazio,Lazio,5879082,17817,0.3,0.07
432,2021-02-13,LAZ,6240,2427,3813,2092,213,279,3656,6152,88,ITI,ITI4,12,Lazio,Lazio,5879082,24057,0.41,0.11
433,2021-01-26,LAZ,7602,2907,4695,6590,256,631,125,372,7230,ITI,ITI4,12,Lazio,Lazio,5879082,31659,0.54,0.13
434,2021-01-20,LAZ,4360,1648,2712,3251,398,425,286,2848,1512,ITI,ITI4,12,Lazio,Lazio,5879082,36019,0.61,0.07
435,2021-01-10,LAZ,4036,1700,2336,3421,363,252,0,4036,0,ITI,ITI4,12,Lazio,Lazio,5879082,40055,0.68,0.07
436,2021-01-28,LAZ,7954,2998,4956,6810,496,514,134,459,7495,ITI,ITI4,12,Lazio,Lazio,5879082,48009,0.82,0.14
437,2021-01-30,LAZ,6649,2730,3919,5298,574,651,126,448,6201,ITI,ITI4,12,Lazio,Lazio,5879082,54658,0.93,0.11
438,2021-01-24,LAZ,5467,2109,3358,4945,262,134,126,385,5082,ITI,ITI4,12,Lazio,Lazio,5879082,60125,1.02,0.09
439,2021-01-11,LAZ,5525,2103,3422,4553,403,569,0,5525,0,ITI,ITI4,12,Lazio,Lazio,5879082,65650,1.12,0.09
440,2021-01-13,LAZ,5559,2063,3496,4145,402,1009,3,5559,0,ITI,ITI4,12,Lazio,Lazio,5879082,71209,1.21,0.09
441,2020-12-29,LAZ,418,150,268,418,0,0,0,418,0,ITI,ITI4,12,Lazio,Lazio,5879082,71627,1.22,0.01
442,2020-12-30,LAZ,1601,621,980,1575,0,26,0,1601,0,ITI,ITI4,12,Lazio,Lazio,5879082,73228,1.25,0.03
443,2021-01-17,LAZ,4443,1784,2659,3120,335,177,811,4337,106,ITI,ITI4,12,Lazio,Lazio,5879082,77671,1.32,0.08
444,2021-01-05,LAZ,7370,2802,4568,6690,103,577,0,7370,0,ITI,ITI4,12,Lazio,Lazio,5879082,85041,1.45,0.13
445,2021-02-08,LAZ,9332,3867,5465,3787,873,918,3754,4485,4847,ITI,ITI4,12,Lazio,Lazio,5879082,94373,1.61,0.16
446,2020-12-28,LAZ,516,228,288,515,1,0,0,516,0,ITI,ITI4,12,Lazio,Lazio,5879082,94889,1.61,0.01
447,2021-02-07,LAZ,4667,1865,2802,3251,385,218,813,381,4286,ITI,ITI4,12,Lazio,Lazio,5879082,99556,1.69,0.08
448,2021-01-09,LAZ,6288,2556,3732,5110,558,620,0,6288,0,ITI,ITI4,12,Lazio,Lazio,5879082,105844,1.8,0.11
449,2021-02-04,LAZ,6043,2280,3763,4460,619,892,72,940,5103,ITI,ITI4,12,Lazio,Lazio,5879082,111887,1.9,0.1
450,2021-01-22,LAZ,3662,1442,2220,3379,90,70,123,148,3514,ITI,ITI4,12,Lazio,Lazio,5879082,115549,1.97,0.06
451,2021-02-18,LAZ,9624,4779,4845,2157,2081,470,4916,9126,498,ITI,ITI4,12,Lazio,Lazio,5879082,125173,2.13,0.16
452,2021-02-19,LAZ,9622,4867,4755,2166,2057,406,4993,9125,497,ITI,ITI4,12,Lazio,Lazio,5879082,134795,2.29,0.16
453,2021-02-14,LAZ,5534,2244,3290,1644,318,127,3445,5285,249,ITI,ITI4,12,Lazio,Lazio,5879082,140329,2.39,0.09
454,2021-01-14,LAZ,5217,1960,3257,3872,450,811,84,5217,0,ITI,ITI4,12,Lazio,Lazio,5879082,145546,2.48,0.09
455,2021-01-02,LAZ,6703,2629,4074,6267,78,358,0,6703,0,ITI,ITI4,12,Lazio,Lazio,5879082,152249,2.59,0.11
456,2021-02-01,LAZ,5667,2172,3495,4782,319,559,7,351,5316,ITI,ITI4,12,Lazio,Lazio,5879082,157916,2.69,0.1
457,2021-01-07,LAZ,7719,2891,4828,6877,276,566,0,7719,0,ITI,ITI4,12,Lazio,Lazio,5879082,165635,2.82,0.13
458,2021-01-04,LAZ,7477,2907,4570,7074,87,316,0,7477,0,ITI,ITI4,12,Lazio,Lazio,5879082,173112,2.94,0.13
459,2021-02-20,LAZ,8774,4072,4702,1936,1792,297,4749,8360,414,ITI,ITI4,12,Lazio,Lazio,5879082,181886,3.09,0.15
460,2021-01-19,LAZ,4360,1671,2689,2967,561,424,408,3907,453,ITI,ITI4,12,Lazio,Lazio,5879082,186246,3.17,0.07
461,2021-01-03,LAZ,5250,1972,3278,5125,60,65,0,5250,0,ITI,ITI4,12,Lazio,Lazio,5879082,191496,3.26,0.09
462,2021-02-03,LAZ,6274,2345,3929,4617,550,1072,35,887,5387,ITI,ITI4,12,Lazio,Lazio,5879082,197770,3.36,0.11
463,2021-02-05,LAZ,6905,2721,4184,5092,630,994,189,1128,5777,ITI,ITI4,12,Lazio,Lazio,5879082,204675,3.48,0.12
464,2021-02-06,LAZ,5068,2015,3053,3269,630,660,509,768,4300,ITI,ITI4,12,Lazio,Lazio,5879082,209743,3.57,0.09
465,2021-01-18,LAZ,5345,2069,3276,3411,756,725,453,4856,489,ITI,ITI4,12,Lazio,Lazio,5879082,215088,3.66,0.09
466,2021-01-29,LAZ,7416,2805,4611,6203,419,704,90,472,6944,ITI,ITI4,12,Lazio,Lazio,5879082,222504,3.78,0.13
467,2021-02-11,LAZ,6626,2775,3851,2166,333,500,3627,6428,198,ITI,ITI4,12,Lazio,Lazio,5879082,229130,3.9,0.11
468,2021-01-01,LAZ,3553,1381,2172,3483,2,68,0,3553,0,ITI,ITI4,12,Lazio,Lazio,5879082,232683,3.96,0.06
469,2021-01-16,LAZ,5339,2069,3270,3347,460,1062,470,5339,0,ITI,ITI4,12,Lazio,Lazio,5879082,238022,4.05,0.09
470,2021-01-12,LAZ,5391,1974,3417,4343,464,584,0,5391,0,ITI,ITI4,12,Lazio,Lazio,5879082,243413,4.14,0.09
471,2021-01-23,LAZ,6883,2682,4201,6063,278,417,125,255,6628,ITI,ITI4,12,Lazio,Lazio,5879082,250296,4.26,0.12
472,2021-01-15,LAZ,6223,2465,3758,4476,604,988,155,6223,0,ITI,ITI4,12,Lazio,Lazio,5879082,256519,4.36,0.11
473,2021-02-02,LAZ,5772,2133,3639,4712,486,571,3,501,5271,ITI,ITI4,12,Lazio,Lazio,5879082,262291,4.46,0.1
474,2021-02-15,LAZ,7678,3355,4323,2413,669,378,4218,7381,297,ITI,ITI4,12,Lazio,Lazio,5879082,269969,4.59,0.13
475,2020-12-27,LAZ,139,66,73,139,0,0,0,139,0,ITI,ITI4,12,Lazio,Lazio,5879082,270108,4.59,0.0
476,2021-01-21,LAZ,5223,2099,3124,4758,108,232,125,196,5027,ITI,ITI4,12,Lazio,Lazio,5879082,275331,4.68,0.09
477,2021-02-21,LAZ,6712,3073,3639,1223,985,39,4465,6435,277,ITI,ITI4,12,Lazio,Lazio,5879082,282043,4.8,0.11
478,2021-02-12,LAZ,6419,2622,3797,1961,423,261,3774,6342,77,ITI,ITI4,12,Lazio,Lazio,5879082,288462,4.91,0.11
479,2021-02-17,LAZ,8805,4368,4437,2282,1777,499,4247,8277,528,ITI,ITI4,12,Lazio,Lazio,5879082,297267,5.06,0.15
480,2021-01-25,LAZ,7761,3041,4720,7006,270,363,122,421,7340,ITI,ITI4,12,Lazio,Lazio,5879082,305028,5.19,0.13
481,2021-02-09,LAZ,8391,3483,4908,3258,581,548,4004,4570,3821,ITI,ITI4,12,Lazio,Lazio,5879082,313419,5.33,0.14
482,2021-01-06,LAZ,5096,1951,3145,4619,157,320,0,5096,0,ITI,ITI4,12,Lazio,Lazio,5879082,318515,5.42,0.09
483,2020-12-31,LAZ,5218,2095,3123,4927,12,279,0,5218,0,ITI,ITI4,12,Lazio,Lazio,5879082,323733,5.51,0.09
484,2021-02-16,LAZ,8007,3851,4156,2025,1528,260,4194,7750,257,ITI,ITI4,12,Lazio,Lazio,5879082,331740,5.64,0.14
485,2021-01-08,LAZ,7707,2887,4820,6517,392,798,0,7707,0,ITI,ITI4,12,Lazio,Lazio,5879082,339447,5.77,0.13
486,2021-02-19,CAM,9549,3559,5990,1645,3290,161,4453,8898,651,ITF,ITF3,15,Campania,Campania,5801692,9549,0.16,0.16
487,2021-01-01,CAM,919,506,413,831,88,0,0,919,0,ITF,ITF3,15,Campania,Campania,5801692,10468,0.18,0.02
488,2021-02-11,CAM,6275,2703,3572,1861,1922,129,2363,6209,66,ITF,ITF3,15,Campania,Campania,5801692,16743,0.29,0.11
489,2021-01-12,CAM,5214,2563,2651,3439,1435,340,0,5214,0,ITF,ITF3,15,Campania,Campania,5801692,21957,0.38,0.09
490,2021-01-16,CAM,3370,1675,1695,1356,1641,373,0,3370,0,ITF,ITF3,15,Campania,Campania,5801692,25327,0.44,0.06
491,2021-01-06,CAM,7651,3748,3903,5780,1571,300,0,7651,0,ITF,ITF3,15,Campania,Campania,5801692,32978,0.57,0.13
492,2021-01-18,CAM,956,399,557,576,194,186,0,712,244,ITF,ITF3,15,Campania,Campania,5801692,33934,0.58,0.02
493,2021-02-08,CAM,5109,2448,2661,1386,2119,226,1378,4307,802,ITF,ITF3,15,Campania,Campania,5801692,39043,0.67,0.09
494,2021-01-29,CAM,10051,4812,5239,6405,3387,259,0,47,10004,ITF,ITF3,15,Campania,Campania,5801692,49094,0.85,0.17
495,2020-12-27,CAM,720,422,298,703,17,0,0,720,0,ITF,ITF3,15,Campania,Campania,5801692,49814,0.86,0.01
496,2021-02-18,CAM,9085,3815,5270,1709,1788,70,5518,8366,719,ITF,ITF3,15,Campania,Campania,5801692,58899,1.02,0.16
497,2021-01-08,CAM,10454,4969,5485,6713,3529,212,0,10454,0,ITF,ITF3,15,Campania,Campania,5801692,69353,1.2,0.18
498,2021-02-17,CAM,7383,3206,4177,996,1444,38,4905,6323,1060,ITF,ITF3,15,Campania,Campania,5801692,76736,1.32,0.13
499,2021-02-16,CAM,5429,2407,3022,909,1182,169,3169,4658,771,ITF,ITF3,15,Campania,Campania,5801692,82165,1.42,0.09
500,2021-01-09,CAM,10563,5024,5539,6756,3538,269,0,10563,0,ITF,ITF3,15,Campania,Campania,5801692,92728,1.6,0.18
501,2021-01-25,CAM,5744,2926,2818,4743,945,56,0,164,5580,ITF,ITF3,15,Campania,Campania,5801692,98472,1.7,0.1
502,2021-01-14,CAM,7073,2977,4096,3707,3016,350,0,7073,0,ITF,ITF3,15,Campania,Campania,5801692,105545,1.82,0.12
503,2021-02-10,CAM,6903,3421,3482,1944,2714,88,2157,6738,165,ITF,ITF3,15,Campania,Campania,5801692,112448,1.94,0.12
504,2021-02-14,CAM,3931,1924,2007,550,905,17,2459,3888,43,ITF,ITF3,15,Campania,Campania,5801692,116379,2.01,0.07
505,2021-02-20,CAM,12362,4537,7825,1270,3866,188,7038,11903,459,ITF,ITF3,15,Campania,Campania,5801692,128741,2.22,0.21
506,2021-01-26,CAM,7296,3701,3595,5741,1333,222,0,352,6944,ITF,ITF3,15,Campania,Campania,5801692,136037,2.34,0.13
507,2021-02-05,CAM,7254,3460,3794,3445,3496,304,9,2128,5126,ITF,ITF3,15,Campania,Campania,5801692,143291,2.47,0.13
508,2021-02-06,CAM,5340,2665,2675,1990,2877,458,15,2102,3238,ITF,ITF3,15,Campania,Campania,5801692,148631,2.56,0.09
509,2021-01-05,CAM,7239,3640,3599,5812,1321,106,0,7239,0,ITF,ITF3,15,Campania,Campania,5801692,155870,2.69,0.12
510,2021-01-30,CAM,10721,5079,5642,6930,3564,227,0,39,10682,ITF,ITF3,15,Campania,Campania,5801692,166591,2.87,0.18
511,2021-01-10,CAM,8166,3738,4428,5180,2889,97,0,8166,0,ITF,ITF3,15,Campania,Campania,5801692,174757,3.01,0.14
512,2021-01-11,CAM,4069,1869,2200,2383,1434,252,0,4069,0,ITF,ITF3,15,Campania,Campania,5801692,178826,3.08,0.07
513,2021-01-23,CAM,3840,2029,1811,3161,609,70,0,274,3566,ITF,ITF3,15,Campania,Campania,5801692,182666,3.15,0.07
514,2021-02-04,CAM,7941,3427,4514,3964,3684,292,1,1308,6633,ITF,ITF3,15,Campania,Campania,5801692,190607,3.29,0.14
515,2021-02-15,CAM,5465,2512,2953,976,1004,94,3391,5292,173,ITF,ITF3,15,Campania,Campania,5801692,196072,3.38,0.09
516,2021-02-21,CAM,5822,2235,3587,781,1160,22,3859,5596,226,ITF,ITF3,15,Campania,Campania,5801692,201894,3.48,0.1
517,2021-01-17,CAM,1155,551,604,718,286,151,0,702,453,ITF,ITF3,15,Campania,Campania,5801692,203049,3.5,0.02
518,2021-02-09,CAM,4627,2192,2435,1148,2137,6,1336,4375,252,ITF,ITF3,15,Campania,Campania,5801692,207676,3.58,0.08
519,2021-02-07,CAM,2934,1385,1549,710,1708,226,290,2156,778,ITF,ITF3,15,Campania,Campania,5801692,210610,3.63,0.05
520,2020-12-31,CAM,1490,811,679,1273,216,1,0,1490,0,ITF,ITF3,15,Campania,Campania,5801692,212100,3.66,0.03
521,2021-01-07,CAM,8906,4162,4744,6311,2263,332,0,8906,0,ITF,ITF3,15,Campania,Campania,5801692,221006,3.81,0.15
522,2021-01-21,CAM,2092,1115,977,1378,639,75,0,677,1415,ITF,ITF3,15,Campania,Campania,5801692,223098,3.85,0.04
523,2021-02-12,CAM,6549,2872,3677,1808,1472,214,3055,6336,213,ITF,ITF3,15,Campania,Campania,5801692,229647,3.96,0.11
524,2021-01-22,CAM,1522,774,748,970,344,208,0,672,850,ITF,ITF3,15,Campania,Campania,5801692,231169,3.98,0.03
525,2021-01-24,CAM,4128,2123,2005,3140,822,166,0,383,3745,ITF,ITF3,15,Campania,Campania,5801692,235297,4.06,0.07
526,2021-02-13,CAM,5498,2543,2955,948,809,131,3610,5280,218,ITF,ITF3,15,Campania,Campania,5801692,240795,4.15,0.09
527,2021-01-02,CAM,3674,1963,1711,3167,507,0,0,3674,0,ITF,ITF3,15,Campania,Campania,5801692,244469,4.21,0.06
528,2021-02-01,CAM,3985,1813,2172,2504,1329,152,0,110,3875,ITF,ITF3,15,Campania,Campania,5801692,248454,4.28,0.07
529,2021-01-20,CAM,1257,650,607,395,761,101,0,1257,0,ITF,ITF3,15,Campania,Campania,5801692,249711,4.3,0.02
530,2021-01-31,CAM,8067,3711,4356,5107,2893,67,0,23,8044,ITF,ITF3,15,Campania,Campania,5801692,257778,4.44,0.14
531,2021-01-27,CAM,7731,3816,3915,5832,1629,270,0,161,7570,ITF,ITF3,15,Campania,Campania,5801692,265509,4.58,0.13
532,2021-01-28,CAM,8829,4122,4707,6213,2269,347,0,133,8696,ITF,ITF3,15,Campania,Campania,5801692,274338,4.73,0.15
533,2021-01-15,CAM,4981,2381,2600,2740,2050,191,0,4981,0,ITF,ITF3,15,Campania,Campania,5801692,279319,4.81,0.09
534,2021-01-04,CAM,5823,2961,2862,4848,975,0,0,5823,0,ITF,ITF3,15,Campania,Campania,5801692,285142,4.91,0.1
535,2021-02-03,CAM,8896,3999,4897,4733,3448,714,1,877,8019,ITF,ITF3,15,Campania,Campania,5801692,294038,5.07,0.15
536,2021-02-02,CAM,5722,2804,2918,3640,1728,354,0,443,5279,ITF,ITF3,15,Campania,Campania,5801692,299760,5.17,0.1
537,2021-01-19,CAM,1095,474,621,534,390,171,0,1092,3,ITF,ITF3,15,Campania,Campania,5801692,300855,5.19,0.02
538,2021-01-03,CAM,3836,2009,1827,3191,645,0,0,3836,0,ITF,ITF3,15,Campania,Campania,5801692,304691,5.25,0.07
539,2021-01-13,CAM,8018,3665,4353,4352,3080,586,0,8018,0,ITF,ITF3,15,Campania,Campania,5801692,312709,5.39,0.14
540,2021-02-01,TOS,5465,1942,3523,4441,407,617,0,521,4944,ITI,ITI1,9,Toscana,Toscana,3729641,5465,0.15,0.15
541,2021-01-04,TOS,5063,1893,3170,4099,32,932,0,5063,0,ITI,ITI1,9,Toscana,Toscana,3729641,10528,0.28,0.14
542,2021-01-19,TOS,1104,531,573,392,221,491,0,1104,0,ITI,ITI1,9,Toscana,Toscana,3729641,11632,0.31,0.03
543,2021-02-20,TOS,4638,1789,2849,3347,1071,203,17,4125,513,ITI,ITI1,9,Toscana,Toscana,3729641,16270,0.44,0.12
544,2021-02-13,TOS,7782,2359,5423,3664,3955,163,0,7556,226,ITI,ITI1,9,Toscana,Toscana,3729641,24052,0.64,0.21
545,2021-02-06,TOS,4527,1550,2977,3725,575,227,0,1294,3233,ITI,ITI1,9,Toscana,Toscana,3729641,28579,0.77,0.12
546,2021-01-03,TOS,3336,1052,2284,2565,9,762,0,3336,0,ITI,ITI1,9,Toscana,Toscana,3729641,31915,0.86,0.09
547,2021-02-03,TOS,4220,1453,2767,3475,240,505,0,240,3980,ITI,ITI1,9,Toscana,Toscana,3729641,36135,0.97,0.11
548,2021-01-22,TOS,2861,1063,1798,2022,81,758,0,525,2336,ITI,ITI1,9,Toscana,Toscana,3729641,38996,1.05,0.08
549,2021-02-12,TOS,7604,2682,4922,3740,3675,189,0,7391,213,ITI,ITI1,9,Toscana,Toscana,3729641,46600,1.25,0.2
550,2021-01-24,TOS,3347,1072,2275,2601,37,709,0,199,3148,ITI,ITI1,9,Toscana,Toscana,3729641,49947,1.34,0.09
551,2021-01-23,TOS,3949,1354,2595,2936,172,841,0,640,3309,ITI,ITI1,9,Toscana,Toscana,3729641,53896,1.45,0.11
552,2021-01-14,TOS,3254,1179,2075,2459,475,320,0,3254,0,ITI,ITI1,9,Toscana,Toscana,3729641,57150,1.53,0.09
553,2021-02-15,TOS,8753,3366,5387,4528,3960,212,53,7939,814,ITI,ITI1,9,Toscana,Toscana,3729641,65903,1.77,0.23
554,2021-01-17,TOS,2531,868,1663,2002,293,236,0,2018,513,ITI,ITI1,9,Toscana,Toscana,3729641,68434,1.83,0.07
555,2021-01-21,TOS,1589,686,903,579,220,790,0,867,722,ITI,ITI1,9,Toscana,Toscana,3729641,70023,1.88,0.04
556,2021-02-18,TOS,8735,3265,5470,2913,5447,196,179,7878,857,ITI,ITI1,9,Toscana,Toscana,3729641,78758,2.11,0.23
557,2021-01-15,TOS,3878,1347,2531,2758,676,444,0,3878,0,ITI,ITI1,9,Toscana,Toscana,3729641,82636,2.22,0.1
558,2021-02-17,TOS,8122,3152,4970,3458,4241,238,185,7383,739,ITI,ITI1,9,Toscana,Toscana,3729641,90758,2.43,0.22
559,2021-01-13,TOS,4063,1398,2665,3308,350,405,0,4063,0,ITI,ITI1,9,Toscana,Toscana,3729641,94821,2.54,0.11
560,2021-02-16,TOS,9243,3332,5911,5075,3995,166,7,8541,702,ITI,ITI1,9,Toscana,Toscana,3729641,104064,2.79,0.25
561,2021-01-07,TOS,6018,1751,4267,5308,30,680,0,6018,0,ITI,ITI1,9,Toscana,Toscana,3729641,110082,2.95,0.16
562,2021-01-09,TOS,4483,1596,2887,3779,144,560,0,4483,0,ITI,ITI1,9,Toscana,Toscana,3729641,114565,3.07,0.12
563,2021-01-16,TOS,3271,1046,2225,2493,538,240,0,3271,0,ITI,ITI1,9,Toscana,Toscana,3729641,117836,3.16,0.09
564,2021-02-04,TOS,4245,1590,2655,3166,624,455,0,955,3290,ITI,ITI1,9,Toscana,Toscana,3729641,122081,3.27,0.11
565,2021-02-21,TOS,5036,2069,2967,3616,1238,181,1,4885,151,ITI,ITI1,9,Toscana,Toscana,3729641,127117,3.41,0.14
566,2021-01-31,TOS,2964,1090,1874,2381,135,448,0,103,2861,ITI,ITI1,9,Toscana,Toscana,3729641,130081,3.49,0.08
567,2021-01-20,TOS,1313,634,679,431,256,626,0,1076,237,ITI,ITI1,9,Toscana,Toscana,3729641,131394,3.52,0.04
568,2021-01-10,TOS,3001,1104,1897,2432,138,431,0,3001,0,ITI,ITI1,9,Toscana,Toscana,3729641,134395,3.6,0.08
569,2021-01-28,TOS,6275,1880,4395,5421,66,788,0,349,5926,ITI,ITI1,9,Toscana,Toscana,3729641,140670,3.77,0.17
570,2021-01-11,TOS,5092,1689,3403,4360,210,522,0,5092,0,ITI,ITI1,9,Toscana,Toscana,3729641,145762,3.91,0.14
571,2021-01-25,TOS,5122,1895,3227,4158,56,908,0,247,4875,ITI,ITI1,9,Toscana,Toscana,3729641,150884,4.05,0.14
572,2021-01-02,TOS,3497,1097,2400,2682,15,800,0,3497,0,ITI,ITI1,9,Toscana,Toscana,3729641,154381,4.14,0.09
573,2021-02-02,TOS,3730,1470,2260,3020,289,421,0,184,3546,ITI,ITI1,9,Toscana,Toscana,3729641,158111,4.24,0.1
574,2021-02-05,TOS,5746,2243,3503,4120,1184,442,0,1922,3824,ITI,ITI1,9,Toscana,Toscana,3729641,163857,4.39,0.15
575,2021-02-11,TOS,5370,2009,3361,2808,2239,323,0,5128,242,ITI,ITI1,9,Toscana,Toscana,3729641,169227,4.54,0.14
576,2021-02-10,TOS,4259,1279,2980,3533,242,484,0,3737,522,ITI,ITI1,9,Toscana,Toscana,3729641,173486,4.65,0.11
577,2021-01-18,TOS,1119,636,483,430,314,375,0,1021,98,ITI,ITI1,9,Toscana,Toscana,3729641,174605,4.68,0.03
578,2021-01-27,TOS,4835,1572,3263,4019,74,742,0,207,4628,ITI,ITI1,9,Toscana,Toscana,3729641,179440,4.81,0.13
579,2021-01-06,TOS,4519,1459,3060,3984,10,525,0,4519,0,ITI,ITI1,9,Toscana,Toscana,3729641,183959,4.93,0.12
580,2021-01-12,TOS,3581,1398,2183,2944,283,354,0,3581,0,ITI,ITI1,9,Toscana,Toscana,3729641,187540,5.03,0.1
581,2021-02-07,TOS,2806,953,1853,2349,300,157,0,885,1921,ITI,ITI1,9,Toscana,Toscana,3729641,190346,5.1,0.08
582,2021-01-08,TOS,5944,1641,4303,5360,39,545,0,5944,0,ITI,ITI1,9,Toscana,Toscana,3729641,196290,5.26,0.16
583,2021-02-08,TOS,4094,1358,2736,3372,345,377,0,3635,459,ITI,ITI1,9,Toscana,Toscana,3729641,200384,5.37,0.11
584,2021-01-01,TOS,2368,786,1582,1716,2,650,0,2368,0,ITI,ITI1,9,Toscana,Toscana,3729641,202752,5.44,0.06
585,2021-01-05,TOS,5244,1755,3489,4354,11,879,0,5244,0,ITI,ITI1,9,Toscana,Toscana,3729641,207996,5.58,0.14
586,2021-01-30,TOS,4549,1601,2948,3750,199,600,0,173,4376,ITI,ITI1,9,Toscana,Toscana,3729641,212545,5.7,0.12
587,2021-01-29,TOS,6136,1698,4438,5375,139,622,0,302,5834,ITI,ITI1,9,Toscana,Toscana,3729641,218681,5.86,0.16
588,2021-02-19,TOS,8221,2912,5309,2955,4930,190,146,7731,490,ITI,ITI1,9,Toscana,Toscana,3729641,226902,6.08,0.22
589,2020-12-27,TOS,620,267,353,460,147,13,0,620,0,ITI,ITI1,9,Toscana,Toscana,3729641,227522,6.1,0.02
590,2020-12-30,TOS,327,104,223,34,10,283,0,327,0,ITI,ITI1,9,Toscana,Toscana,3729641,227849,6.11,0.01
591,2021-02-14,TOS,8993,2567,6426,3031,5881,81,0,8883,110,ITI,ITI1,9,Toscana,Toscana,3729641,236842,6.35,0.24
592,2021-01-26,TOS,5392,1791,3601,4357,84,951,0,219,5173,ITI,ITI1,9,Toscana,Toscana,3729641,242234,6.49,0.14
593,2021-02-09,TOS,4472,1461,3011,3580,388,504,0,3864,608,ITI,ITI1,9,Toscana,Toscana,3729641,246706,6.61,0.12
594,2020-12-31,TOS,805,202,603,97,10,698,0,805,0,ITI,ITI1,9,Toscana,Toscana,3729641,247511,6.64,0.02
595,2021-01-30,CAL,2173,1147,1026,1974,199,0,0,358,1815,ITF,ITF6,18,Calabria,Calabria,1947131,2173,0.11,0.11
596,2021-01-12,CAL,2058,1017,1041,1706,323,29,0,2058,0,ITF,ITF6,18,Calabria,Calabria,1947131,4231,0.22,0.11
597,2021-02-11,CAL,2118,931,1187,1281,597,240,0,1014,1104,ITF,ITF6,18,Calabria,Calabria,1947131,6349,0.33,0.11
598,2020-12-27,CAL,275,150,125,274,1,0,0,275,0,ITF,ITF6,18,Calabria,Calabria,1947131,6624,0.34,0.01
599,2021-01-29,CAL,2047,984,1063,1751,247,49,0,234,1813,ITF,ITF6,18,Calabria,Calabria,1947131,8671,0.45,0.11
600,2021-01-22,CAL,656,274,382,298,248,110,0,654,2,ITF,ITF6,18,Calabria,Calabria,1947131,9327,0.48,0.03
601,2021-02-08,CAL,1641,650,991,1040,480,121,0,459,1182,ITF,ITF6,18,Calabria,Calabria,1947131,10968,0.56,0.08
602,2021-01-27,CAL,1457,734,723,1226,208,23,0,396,1061,ITF,ITF6,18,Calabria,Calabria,1947131,12425,0.64,0.07
603,2021-01-21,CAL,958,444,514,735,108,115,0,929,29,ITF,ITF6,18,Calabria,Calabria,1947131,13383,0.69,0.05
604,2021-01-09,CAL,1916,1036,880,1529,387,0,0,1916,0,ITF,ITF6,18,Calabria,Calabria,1947131,15299,0.79,0.1
605,2021-02-09,CAL,2091,886,1205,1377,483,231,0,941,1150,ITF,ITF6,18,Calabria,Calabria,1947131,17390,0.89,0.11
606,2021-01-17,CAL,867,418,449,527,292,48,0,801,66,ITF,ITF6,18,Calabria,Calabria,1947131,18257,0.94,0.04
607,2021-02-04,CAL,3108,1506,1602,2407,479,222,0,644,2464,ITF,ITF6,18,Calabria,Calabria,1947131,21365,1.1,0.16
608,2021-02-05,CAL,3530,1594,1936,2190,808,532,0,456,3074,ITF,ITF6,18,Calabria,Calabria,1947131,24895,1.28,0.18
609,2021-02-06,CAL,2908,1337,1571,2094,567,247,0,442,2466,ITF,ITF6,18,Calabria,Calabria,1947131,27803,1.43,0.15
610,2021-01-25,CAL,1064,512,552,1021,43,0,0,156,908,ITF,ITF6,18,Calabria,Calabria,1947131,28867,1.48,0.05
611,2021-02-19,CAL,1461,652,809,544,342,195,380,1200,261,ITF,ITF6,18,Calabria,Calabria,1947131,30328,1.56,0.08
612,2021-02-12,CAL,1711,669,1042,815,760,136,0,943,768,ITF,ITF6,18,Calabria,Calabria,1947131,32039,1.65,0.09
613,2021-01-31,CAL,1107,554,553,764,285,58,0,155,952,ITF,ITF6,18,Calabria,Calabria,1947131,33146,1.7,0.06
614,2021-02-18,CAL,1798,802,996,585,570,299,344,1575,223,ITF,ITF6,18,Calabria,Calabria,1947131,34944,1.79,0.09
615,2021-02-13,CAL,1330,582,748,731,488,111,0,967,363,ITF,ITF6,18,Calabria,Calabria,1947131,36274,1.86,0.07
616,2021-01-11,CAL,2154,1040,1114,1759,392,3,0,2154,0,ITF,ITF6,18,Calabria,Calabria,1947131,38428,1.97,0.11
617,2021-01-04,CAL,996,492,504,969,27,0,0,996,0,ITF,ITF6,18,Calabria,Calabria,1947131,39424,2.02,0.05
618,2021-02-02,CAL,2008,993,1015,1625,308,75,0,170,1838,ITF,ITF6,18,Calabria,Calabria,1947131,41432,2.13,0.1
619,2021-01-14,CAL,2556,1214,1342,1962,591,3,0,2556,0,ITF,ITF6,18,Calabria,Calabria,1947131,43988,2.26,0.13
620,2021-02-07,CAL,858,427,431,565,212,81,0,146,712,ITF,ITF6,18,Calabria,Calabria,1947131,44846,2.3,0.04
621,2021-02-03,CAL,2518,1313,1205,2054,361,103,0,577,1941,ITF,ITF6,18,Calabria,Calabria,1947131,47364,2.43,0.13
622,2021-02-15,CAL,994,467,527,489,280,159,66,849,145,ITF,ITF6,18,Calabria,Calabria,1947131,48358,2.48,0.05
623,2021-01-19,CAL,1108,488,620,852,180,76,0,1098,10,ITF,ITF6,18,Calabria,Calabria,1947131,49466,2.54,0.06
624,2021-01-23,CAL,400,186,214,325,52,23,0,358,42,ITF,ITF6,18,Calabria,Calabria,1947131,49866,2.56,0.02
625,2021-01-10,CAL,929,524,405,830,99,0,0,929,0,ITF,ITF6,18,Calabria,Calabria,1947131,50795,2.61,0.05
626,2021-02-10,CAL,2451,1067,1384,1469,625,357,0,827,1624,ITF,ITF6,18,Calabria,Calabria,1947131,53246,2.73,0.13
627,2021-01-13,CAL,2028,1022,1006,1800,194,34,0,2028,0,ITF,ITF6,18,Calabria,Calabria,1947131,55274,2.84,0.1
628,2021-02-17,CAL,1681,672,1009,673,424,285,299,1471,210,ITF,ITF6,18,Calabria,Calabria,1947131,56955,2.93,0.09
629,2021-01-06,CAL,926,500,426,822,104,0,0,926,0,ITF,ITF6,18,Calabria,Calabria,1947131,57881,2.97,0.05
630,2021-02-16,CAL,1439,605,834,651,430,240,118,1160,279,ITF,ITF6,18,Calabria,Calabria,1947131,59320,3.05,0.07
631,2021-02-21,CAL,428,201,227,34,144,47,203,351,77,ITF,ITF6,18,Calabria,Calabria,1947131,59748,3.07,0.02
632,2021-02-20,CAL,1358,735,623,438,432,55,433,1043,315,ITF,ITF6,18,Calabria,Calabria,1947131,61106,3.14,0.07
633,2021-02-01,CAL,2495,1191,1304,2044,408,43,0,247,2248,ITF,ITF6,18,Calabria,Calabria,1947131,63601,3.27,0.13
634,2021-01-07,CAL,2179,1061,1118,1882,297,0,0,2179,0,ITF,ITF6,18,Calabria,Calabria,1947131,65780,3.38,0.11
635,2021-01-18,CAL,1230,550,680,982,237,11,0,1040,190,ITF,ITF6,18,Calabria,Calabria,1947131,67010,3.44,0.06
636,2021-01-28,CAL,2232,1107,1125,1920,312,0,0,84,2148,ITF,ITF6,18,Calabria,Calabria,1947131,69242,3.56,0.11
637,2021-01-08,CAL,2109,1014,1095,1898,211,0,0,2109,0,ITF,ITF6,18,Calabria,Calabria,1947131,71351,3.66,0.11
638,2021-01-03,CAL,6,3,3,4,2,0,0,6,0,ITF,ITF6,18,Calabria,Calabria,1947131,71357,3.66,0.0
639,2021-02-14,CAL,371,145,226,146,142,83,0,341,30,ITF,ITF6,18,Calabria,Calabria,1947131,71728,3.68,0.02
640,2021-01-26,CAL,1805,861,944,1571,164,70,0,285,1520,ITF,ITF6,18,Calabria,Calabria,1947131,73533,3.78,0.09
641,2021-01-16,CAL,2394,1120,1274,1664,489,241,0,2394,0,ITF,ITF6,18,Calabria,Calabria,1947131,75927,3.9,0.12
642,2021-01-05,CAL,1350,618,732,1256,94,0,0,1350,0,ITF,ITF6,18,Calabria,Calabria,1947131,77277,3.97,0.07
643,2021-01-02,CAL,165,94,71,165,0,0,0,165,0,ITF,ITF6,18,Calabria,Calabria,1947131,77442,3.98,0.01
644,2021-01-24,CAL,44,18,26,15,3,26,0,39,5,ITF,ITF6,18,Calabria,Calabria,1947131,77486,3.98,0.0
645,2020-12-28,CAL,6,2,4,6,0,0,0,6,0,ITF,ITF6,18,Calabria,Calabria,1947131,77492,3.98,0.0
646,2021-01-20,CAL,1395,622,773,864,352,179,0,1394,1,ITF,ITF6,18,Calabria,Calabria,1947131,78887,4.05,0.07
647,2021-01-15,CAL,2793,1258,1535,1690,691,412,0,2793,0,ITF,ITF6,18,Calabria,Calabria,1947131,81680,4.19,0.14
648,2021-02-02,MOL,486,155,331,295,63,128,0,163,323,ITF,ITF2,14,Molise,Molise,305617,486,0.16,0.16
649,2021-01-13,MOL,474,160,314,256,74,144,0,474,0,ITF,ITF2,14,Molise,Molise,305617,960,0.31,0.16
650,2020-12-27,MOL,50,20,30,29,4,17,0,50,0,ITF,ITF2,14,Molise,Molise,305617,1010,0.33,0.02
651,2021-01-08,MOL,429,141,288,244,65,120,0,429,0,ITF,ITF2,14,Molise,Molise,305617,1439,0.47,0.14
652,2021-02-18,MOL,319,74,245,296,23,0,0,306,13,ITF,ITF2,14,Molise,Molise,305617,1758,0.58,0.1
653,2021-02-09,MOL,359,170,189,161,88,110,0,197,162,ITF,ITF2,14,Molise,Molise,305617,2117,0.69,0.12
654,2021-01-10,MOL,270,72,198,82,19,169,0,270,0,ITF,ITF2,14,Molise,Molise,305617,2387,0.78,0.09
655,2021-02-21,MOL,556,221,335,1,555,0,0,554,2,ITF,ITF2,14,Molise,Molise,305617,2943,0.96,0.18
656,2021-01-31,MOL,268,70,198,85,19,164,0,6,262,ITF,ITF2,14,Molise,Molise,305617,3211,1.05,0.09
657,2021-01-26,MOL,450,184,266,444,6,0,0,8,442,ITF,ITF2,14,Molise,Molise,305617,3661,1.2,0.15
658,2021-02-19,MOL,169,93,76,95,73,1,0,167,2,ITF,ITF2,14,Molise,Molise,305617,3830,1.25,0.06
659,2021-01-28,MOL,613,217,396,430,29,154,0,17,596,ITF,ITF2,14,Molise,Molise,305617,4443,1.45,0.2
660,2021-01-22,MOL,126,35,91,21,32,73,0,126,0,ITF,ITF2,14,Molise,Molise,305617,4569,1.5,0.04
661,2021-02-05,MOL,593,269,324,460,70,63,0,55,538,ITF,ITF2,14,Molise,Molise,305617,5162,1.69,0.19
662,2021-01-17,MOL,78,38,40,78,0,0,0,48,30,ITF,ITF2,14,Molise,Molise,305617,5240,1.71,0.03
663,2021-02-08,MOL,334,141,193,206,43,85,0,216,118,ITF,ITF2,14,Molise,Molise,305617,5574,1.82,0.11
664,2021-02-01,MOL,562,201,361,301,150,111,0,14,548,ITF,ITF2,14,Molise,Molise,305617,6136,2.01,0.18
665,2021-01-12,MOL,336,114,222,132,75,129,0,336,0,ITF,ITF2,14,Molise,Molise,305617,6472,2.12,0.11
666,2021-01-29,MOL,421,136,285,227,85,109,0,6,415,ITF,ITF2,14,Molise,Molise,305617,6893,2.26,0.14
667,2021-02-07,MOL,66,32,34,49,1,16,0,19,47,ITF,ITF2,14,Molise,Molise,305617,6959,2.28,0.02
668,2021-01-09,MOL,450,152,298,221,51,178,0,450,0,ITF,ITF2,14,Molise,Molise,305617,7409,2.42,0.15
669,2021-02-16,MOL,156,70,86,148,8,0,0,150,6,ITF,ITF2,14,Molise,Molise,305617,7565,2.48,0.05
670,2021-02-17,MOL,72,32,40,47,19,6,0,57,15,ITF,ITF2,14,Molise,Molise,305617,7637,2.5,0.02
671,2021-01-30,MOL,460,158,302,189,92,179,0,12,448,ITF,ITF2,14,Molise,Molise,305617,8097,2.65,0.15
672,2021-01-14,MOL,646,239,407,418,113,115,0,646,0,ITF,ITF2,14,Molise,Molise,305617,8743,2.86,0.21
673,2021-01-06,MOL,689,260,429,456,62,171,0,689,0,ITF,ITF2,14,Molise,Molise,305617,9432,3.09,0.23
674,2021-01-16,MOL,420,166,254,270,23,127,0,420,0,ITF,ITF2,14,Molise,Molise,305617,9852,3.22,0.14
675,2021-01-04,MOL,314,131,183,301,13,0,0,314,0,ITF,ITF2,14,Molise,Molise,305617,10166,3.33,0.1
676,2021-01-05,MOL,449,180,269,441,8,0,0,449,0,ITF,ITF2,14,Molise,Molise,305617,10615,3.47,0.15
677,2021-02-06,MOL,428,178,250,275,23,130,0,28,400,ITF,ITF2,14,Molise,Molise,305617,11043,3.61,0.14
678,2021-02-03,MOL,731,249,482,391,160,180,0,338,393,ITF,ITF2,14,Molise,Molise,305617,11774,3.85,0.24
679,2021-01-19,MOL,173,63,110,90,61,22,0,162,11,ITF,ITF2,14,Molise,Molise,305617,11947,3.91,0.06
680,2021-01-15,MOL,538,242,296,398,59,81,0,538,0,ITF,ITF2,14,Molise,Molise,305617,12485,4.09,0.18
681,2021-01-25,MOL,319,130,189,317,2,0,0,3,316,ITF,ITF2,14,Molise,Molise,305617,12804,4.19,0.1
682,2021-01-20,MOL,18,8,10,14,4,0,0,18,0,ITF,ITF2,14,Molise,Molise,305617,12822,4.2,0.01
683,2021-02-12,MOL,329,149,180,223,34,72,0,207,122,ITF,ITF2,14,Molise,Molise,305617,13151,4.3,0.11
684,2021-01-07,MOL,598,209,389,414,39,145,0,598,0,ITF,ITF2,14,Molise,Molise,305617,13749,4.5,0.2
685,2021-01-11,MOL,557,194,363,196,250,111,0,557,0,ITF,ITF2,14,Molise,Molise,305617,14306,4.68,0.18
686,2021-02-11,MOL,293,133,160,225,23,45,0,257,36,ITF,ITF2,14,Molise,Molise,305617,14599,4.78,0.1
687,2021-02-04,MOL,757,295,462,501,115,141,0,76,681,ITF,ITF2,14,Molise,Molise,305617,15356,5.02,0.25
688,2021-02-15,MOL,144,70,74,117,12,15,0,141,3,ITF,ITF2,14,Molise,Molise,305617,15500,5.07,0.05
689,2021-02-20,MOL,199,91,108,20,171,8,0,181,18,ITF,ITF2,14,Molise,Molise,305617,15699,5.14,0.07
690,2021-01-18,MOL,114,48,66,97,17,0,0,114,0,ITF,ITF2,14,Molise,Molise,305617,15813,5.17,0.04
691,2021-02-10,MOL,150,78,72,91,6,53,0,130,20,ITF,ITF2,14,Molise,Molise,305617,15963,5.22,0.05
692,2021-01-21,MOL,6,2,4,0,6,0,0,6,0,ITF,ITF2,14,Molise,Molise,305617,15969,5.23,0.0
693,2021-02-13,MOL,132,80,52,129,3,0,0,132,0,ITF,ITF2,14,Molise,Molise,305617,16101,5.27,0.04
694,2021-01-27,MOL,674,251,423,436,29,209,0,8,666,ITF,ITF2,14,Molise,Molise,305617,16775,5.49,0.22
695,2021-01-30,PUG,5512,2507,3005,4743,348,418,3,405,5107,ITF,ITF4,16,Puglia,Puglia,4029053,5512,0.14,0.14
696,2021-01-24,PUG,1667,748,919,1286,231,150,0,151,1516,ITF,ITF4,16,Puglia,Puglia,4029053,7179,0.18,0.04
697,2021-01-14,PUG,4054,1581,2473,3159,398,497,0,4054,0,ITF,ITF4,16,Puglia,Puglia,4029053,11233,0.28,0.1
698,2021-01-13,PUG,4524,1722,2802,3958,336,230,0,4524,0,ITF,ITF4,16,Puglia,Puglia,4029053,15757,0.39,0.11
699,2021-01-29,PUG,6183,2653,3530,5457,438,288,0,437,5746,ITF,ITF4,16,Puglia,Puglia,4029053,21940,0.54,0.15
700,2021-02-13,PUG,3769,1478,2291,2892,542,331,4,3010,759,ITF,ITF4,16,Puglia,Puglia,4029053,25709,0.64,0.09
701,2021-02-12,PUG,4046,1609,2437,2889,467,689,1,2958,1088,ITF,ITF4,16,Puglia,Puglia,4029053,29755,0.74,0.1
702,2021-01-27,PUG,4570,1927,2643,3911,263,396,0,609,3961,ITF,ITF4,16,Puglia,Puglia,4029053,34325,0.85,0.11
703,2021-02-15,PUG,3117,1212,1905,2185,480,452,0,2499,618,ITF,ITF4,16,Puglia,Puglia,4029053,37442,0.93,0.08
704,2021-01-21,PUG,2129,904,1225,1430,173,526,0,1270,859,ITF,ITF4,16,Puglia,Puglia,4029053,39571,0.98,0.05
705,2021-01-09,PUG,4864,2245,2619,4310,304,246,4,4864,0,ITF,ITF4,16,Puglia,Puglia,4029053,44435,1.1,0.12
706,2021-01-22,PUG,1405,575,830,874,158,373,0,989,416,ITF,ITF4,16,Puglia,Puglia,4029053,45840,1.14,0.03
707,2021-02-10,PUG,3621,1425,2196,2501,252,868,0,2113,1508,ITF,ITF4,16,Puglia,Puglia,4029053,49461,1.23,0.09
708,2021-01-04,PUG,4502,2012,2490,4366,125,11,0,4502,0,ITF,ITF4,16,Puglia,Puglia,4029053,53963,1.34,0.11
709,2021-02-03,PUG,5019,1995,3024,4356,479,184,0,726,4293,ITF,ITF4,16,Puglia,Puglia,4029053,58982,1.46,0.12
710,2021-01-19,PUG,1221,451,770,526,117,578,0,1211,10,ITF,ITF4,16,Puglia,Puglia,4029053,60203,1.49,0.03
711,2021-01-23,PUG,3034,1291,1743,2520,207,307,0,884,2150,ITF,ITF4,16,Puglia,Puglia,4029053,63237,1.57,0.08
712,2021-01-28,PUG,5463,2270,3193,4758,378,327,0,474,4989,ITF,ITF4,16,Puglia,Puglia,4029053,68700,1.71,0.14
713,2021-01-08,PUG,5571,2335,3236,4841,405,325,0,5571,0,ITF,ITF4,16,Puglia,Puglia,4029053,74271,1.84,0.14
714,2020-12-31,PUG,1635,783,852,1550,41,44,0,1635,0,ITF,ITF4,16,Puglia,Puglia,4029053,75906,1.88,0.04
715,2021-01-18,PUG,1844,770,1074,1181,217,446,0,1495,349,ITF,ITF4,16,Puglia,Puglia,4029053,77750,1.93,0.05
716,2021-02-09,PUG,3788,1548,2240,2508,665,615,0,2118,1670,ITF,ITF4,16,Puglia,Puglia,4029053,81538,2.02,0.09
717,2021-01-06,PUG,3943,1664,2279,3221,349,373,0,3943,0,ITF,ITF4,16,Puglia,Puglia,4029053,85481,2.12,0.1
718,2021-01-31,PUG,1799,821,978,1493,106,198,2,67,1732,ITF,ITF4,16,Puglia,Puglia,4029053,87280,2.17,0.04
719,2021-01-16,PUG,2501,1032,1469,1680,306,515,0,2501,0,ITF,ITF4,16,Puglia,Puglia,4029053,89781,2.23,0.06
720,2021-02-02,PUG,4266,1802,2464,3569,381,316,0,580,3686,ITF,ITF4,16,Puglia,Puglia,4029053,94047,2.33,0.11
721,2021-01-20,PUG,1551,544,1007,785,165,601,0,1543,8,ITF,ITF4,16,Puglia,Puglia,4029053,95598,2.37,0.04
722,2021-01-15,PUG,4544,1860,2684,3593,393,558,0,4544,0,ITF,ITF4,16,Puglia,Puglia,4029053,100142,2.49,0.11
723,2021-01-02,PUG,2943,1295,1648,2824,96,23,0,2943,0,ITF,ITF4,16,Puglia,Puglia,4029053,103085,2.56,0.07
724,2021-01-11,PUG,3741,1581,2160,3204,362,175,0,3741,0,ITF,ITF4,16,Puglia,Puglia,4029053,106826,2.65,0.09
725,2021-02-21,PUG,1621,381,1240,425,1148,48,0,1561,60,ITF,ITF4,16,Puglia,Puglia,4029053,108447,2.69,0.04
726,2020-12-27,PUG,506,249,257,401,42,63,0,506,0,ITF,ITF4,16,Puglia,Puglia,4029053,108953,2.7,0.01
727,2021-02-17,PUG,4169,1704,2465,2392,1207,569,1,3618,551,ITF,ITF4,16,Puglia,Puglia,4029053,113122,2.81,0.1
728,2021-02-16,PUG,3325,1426,1899,2107,826,389,3,2716,609,ITF,ITF4,16,Puglia,Puglia,4029053,116447,2.89,0.08
729,2021-02-11,PUG,3658,1389,2269,2542,391,725,0,2387,1271,ITF,ITF4,16,Puglia,Puglia,4029053,120105,2.98,0.09
730,2021-01-25,PUG,3818,1675,2143,3470,180,168,0,421,3397,ITF,ITF4,16,Puglia,Puglia,4029053,123923,3.08,0.09
731,2021-01-01,PUG,146,60,86,145,1,0,0,146,0,ITF,ITF4,16,Puglia,Puglia,4029053,124069,3.08,0.0
732,2021-01-12,PUG,4199,1762,2437,3625,355,218,1,4199,0,ITF,ITF4,16,Puglia,Puglia,4029053,128268,3.18,0.1
733,2021-02-20,PUG,2492,908,1584,1808,536,145,3,2242,250,ITF,ITF4,16,Puglia,Puglia,4029053,130760,3.25,0.06
734,2021-01-07,PUG,5708,2449,3259,5211,280,217,0,5708,0,ITF,ITF4,16,Puglia,Puglia,4029053,136468,3.39,0.14
735,2021-02-01,PUG,3952,1653,2299,3433,311,208,0,375,3577,ITF,ITF4,16,Puglia,Puglia,4029053,140420,3.49,0.1
736,2021-02-08,PUG,3890,1565,2325,2892,609,389,0,1532,2358,ITF,ITF4,16,Puglia,Puglia,4029053,144310,3.58,0.1
737,2021-02-05,PUG,5605,2262,3343,4550,529,526,0,1315,4290,ITF,ITF4,16,Puglia,Puglia,4029053,149915,3.72,0.14
738,2021-01-17,PUG,1295,586,709,819,147,329,0,1226,69,ITF,ITF4,16,Puglia,Puglia,4029053,151210,3.75,0.03
739,2021-02-06,PUG,4394,1882,2512,3429,487,478,0,1559,2835,ITF,ITF4,16,Puglia,Puglia,4029053,155604,3.86,0.11
740,2021-02-04,PUG,5808,2336,3472,4384,817,607,0,1155,4653,ITF,ITF4,16,Puglia,Puglia,4029053,161412,4.01,0.14
741,2021-02-18,PUG,3959,1699,2260,2364,915,679,1,3385,574,ITF,ITF4,16,Puglia,Puglia,4029053,165371,4.1,0.1
742,2021-02-19,PUG,4558,1891,2667,2982,1189,385,2,4163,395,ITF,ITF4,16,Puglia,Puglia,4029053,169929,4.22,0.11
743,2021-01-03,PUG,2004,942,1062,1814,45,145,0,2004,0,ITF,ITF4,16,Puglia,Puglia,4029053,171933,4.27,0.05
744,2021-02-14,PUG,753,337,416,658,33,62,0,631,122,ITF,ITF4,16,Puglia,Puglia,4029053,172686,4.29,0.02
745,2021-02-07,PUG,1323,596,727,945,217,161,0,244,1079,ITF,ITF4,16,Puglia,Puglia,4029053,174009,4.32,0.03
746,2021-01-05,PUG,5097,2244,2853,4739,255,98,5,5097,0,ITF,ITF4,16,Puglia,Puglia,4029053,179106,4.45,0.13
747,2021-01-10,PUG,2345,1059,1286,2035,109,201,0,2345,0,ITF,ITF4,16,Puglia,Puglia,4029053,181451,4.5,0.06
748,2021-01-26,PUG,5359,2397,2962,4846,281,232,0,574,4785,ITF,ITF4,16,Puglia,Puglia,4029053,186810,4.64,0.13
749,2020-12-30,PUG,1,0,1,1,0,0,0,1,0,ITF,ITF4,16,Puglia,Puglia,4029053,186811,4.64,0.0
750,2021-02-16,MAR,1288,475,813,734,462,92,0,1258,30,ITI,ITI3,11,Marche,Marche,1525271,1288,0.08,0.08
751,2021-01-23,MAR,557,190,367,440,54,63,0,123,434,ITI,ITI3,11,Marche,Marche,1525271,1845,0.12,0.04
752,2021-02-15,MAR,970,412,558,542,427,1,0,957,13,ITI,ITI3,11,Marche,Marche,1525271,2815,0.18,0.06
753,2021-01-02,MAR,453,139,314,444,9,0,0,453,0,ITI,ITI3,11,Marche,Marche,1525271,3268,0.21,0.03
754,2021-02-21,MAR,377,142,235,204,116,57,0,376,1,ITI,ITI3,11,Marche,Marche,1525271,3645,0.24,0.02
755,2021-01-04,MAR,1500,563,937,1290,199,11,0,1500,0,ITI,ITI3,11,Marche,Marche,1525271,5145,0.34,0.1
756,2021-01-03,MAR,896,348,548,759,137,0,0,896,0,ITI,ITI3,11,Marche,Marche,1525271,6041,0.4,0.06
757,2021-01-24,MAR,890,341,549,772,118,0,0,17,873,ITI,ITI3,11,Marche,Marche,1525271,6931,0.45,0.06
758,2021-01-19,MAR,225,81,144,120,20,85,0,141,84,ITI,ITI3,11,Marche,Marche,1525271,7156,0.47,0.01
759,2021-02-03,MAR,2124,741,1383,1344,614,166,0,119,2005,ITI,ITI3,11,Marche,Marche,1525271,9280,0.61,0.14
760,2021-01-15,MAR,1771,500,1271,985,420,366,0,1771,0,ITI,ITI3,11,Marche,Marche,1525271,11051,0.72,0.12
761,2021-02-06,MAR,2431,889,1542,1396,639,396,0,521,1910,ITI,ITI3,11,Marche,Marche,1525271,13482,0.88,0.16
762,2021-02-05,MAR,2134,650,1484,1309,418,407,0,440,1694,ITI,ITI3,11,Marche,Marche,1525271,15616,1.02,0.14
763,2021-01-13,MAR,2105,746,1359,1408,621,76,0,2105,0,ITI,ITI3,11,Marche,Marche,1525271,17721,1.16,0.14
764,2021-02-19,MAR,1963,713,1250,1268,491,203,1,1828,135,ITI,ITI3,11,Marche,Marche,1525271,19684,1.29,0.13
765,2021-02-18,MAR,2102,745,1357,1149,550,402,1,1815,287,ITI,ITI3,11,Marche,Marche,1525271,21786,1.43,0.14
766,2021-01-18,MAR,673,230,443,370,171,132,0,547,126,ITI,ITI3,11,Marche,Marche,1525271,22459,1.47,0.04
767,2021-01-31,MAR,1920,769,1151,1528,392,0,0,105,1815,ITI,ITI3,11,Marche,Marche,1525271,24379,1.6,0.13
768,2021-02-10,MAR,1439,452,987,881,343,215,0,1080,359,ITI,ITI3,11,Marche,Marche,1525271,25818,1.69,0.09
769,2021-01-14,MAR,2010,692,1318,1112,600,298,0,2010,0,ITI,ITI3,11,Marche,Marche,1525271,27828,1.82,0.13
770,2020-12-30,MAR,17,5,12,14,3,0,0,17,0,ITI,ITI3,11,Marche,Marche,1525271,27845,1.83,0.0
771,2021-01-17,MAR,1598,682,916,964,588,46,0,1549,49,ITI,ITI3,11,Marche,Marche,1525271,29443,1.93,0.1
772,2021-02-20,MAR,4122,1706,2416,118,414,261,3329,4011,111,ITI,ITI3,11,Marche,Marche,1525271,33565,2.2,0.27
773,2021-01-25,MAR,1595,558,1037,1425,114,56,0,97,1498,ITI,ITI3,11,Marche,Marche,1525271,35160,2.31,0.1
774,2021-01-09,MAR,1709,605,1104,1406,303,0,0,1709,0,ITI,ITI3,11,Marche,Marche,1525271,36869,2.42,0.11
775,2021-01-07,MAR,1802,633,1169,1480,322,0,0,1802,0,ITI,ITI3,11,Marche,Marche,1525271,38671,2.54,0.12
776,2021-02-12,MAR,1583,618,965,815,680,88,0,1431,152,ITI,ITI3,11,Marche,Marche,1525271,40254,2.64,0.1
777,2021-01-06,MAR,2181,792,1389,1738,296,147,0,2181,0,ITI,ITI3,11,Marche,Marche,1525271,42435,2.78,0.14
778,2021-01-22,MAR,487,167,320,315,85,87,0,194,293,ITI,ITI3,11,Marche,Marche,1525271,42922,2.81,0.03
779,2021-02-04,MAR,2337,806,1531,1405,657,275,0,112,2225,ITI,ITI3,11,Marche,Marche,1525271,45259,2.97,0.15
780,2021-02-09,MAR,125,42,83,78,21,26,0,47,78,ITI,ITI3,11,Marche,Marche,1525271,45384,2.98,0.01
781,2021-01-12,MAR,1226,413,813,912,264,50,0,1226,0,ITI,ITI3,11,Marche,Marche,1525271,46610,3.06,0.08
782,2021-02-11,MAR,1987,657,1330,1155,620,212,0,1598,389,ITI,ITI3,11,Marche,Marche,1525271,48597,3.19,0.13
783,2021-02-02,MAR,1193,397,796,804,296,93,0,73,1120,ITI,ITI3,11,Marche,Marche,1525271,49790,3.26,0.08
784,2020-12-27,MAR,200,97,103,184,12,4,0,200,0,ITI,ITI3,11,Marche,Marche,1525271,49990,3.28,0.01
785,2021-01-05,MAR,1562,586,976,1436,126,0,0,1562,0,ITI,ITI3,11,Marche,Marche,1525271,51552,3.38,0.1
786,2021-01-27,MAR,2118,780,1338,1752,226,140,0,122,1996,ITI,ITI3,11,Marche,Marche,1525271,53670,3.52,0.14
787,2021-02-08,MAR,833,258,575,408,163,262,0,371,462,ITI,ITI3,11,Marche,Marche,1525271,54503,3.57,0.05
788,2021-02-07,MAR,1867,734,1133,1155,666,46,0,344,1523,ITI,ITI3,11,Marche,Marche,1525271,56370,3.7,0.12
789,2021-01-20,MAR,398,99,299,146,62,190,0,386,12,ITI,ITI3,11,Marche,Marche,1525271,56768,3.72,0.03
790,2021-01-10,MAR,1737,699,1038,1462,275,0,0,1737,0,ITI,ITI3,11,Marche,Marche,1525271,58505,3.84,0.11
791,2021-01-11,MAR,1176,411,765,1021,155,0,0,1176,0,ITI,ITI3,11,Marche,Marche,1525271,59681,3.91,0.08
792,2021-01-30,MAR,1906,668,1238,1566,340,0,0,29,1877,ITI,ITI3,11,Marche,Marche,1525271,61587,4.04,0.12
793,2021-01-28,MAR,1972,659,1313,1581,290,101,0,167,1805,ITI,ITI3,11,Marche,Marche,1525271,63559,4.17,0.13
794,2021-01-08,MAR,1574,588,986,1226,348,0,0,1574,0,ITI,ITI3,11,Marche,Marche,1525271,65133,4.27,0.1
795,2021-02-14,MAR,738,301,437,578,160,0,0,738,0,ITI,ITI3,11,Marche,Marche,1525271,65871,4.32,0.05
796,2021-01-26,MAR,2016,746,1270,1736,194,86,0,92,1924,ITI,ITI3,11,Marche,Marche,1525271,67887,4.45,0.13
797,2020-12-31,MAR,383,178,205,370,13,0,0,383,0,ITI,ITI3,11,Marche,Marche,1525271,68270,4.48,0.03
798,2021-02-13,MAR,1062,453,609,457,515,90,0,1010,52,ITI,ITI3,11,Marche,Marche,1525271,69332,4.55,0.07
799,2021-01-29,MAR,1991,730,1261,1479,438,74,0,168,1823,ITI,ITI3,11,Marche,Marche,1525271,71323,4.68,0.13
800,2021-01-16,MAR,2006,723,1283,1059,662,285,0,2006,0,ITI,ITI3,11,Marche,Marche,1525271,73329,4.81,0.13
801,2021-02-01,MAR,1360,479,881,1053,226,81,0,98,1262,ITI,ITI3,11,Marche,Marche,1525271,74689,4.9,0.09
802,2021-01-21,MAR,895,252,643,459,100,336,0,585,310,ITI,ITI3,11,Marche,Marche,1525271,75584,4.96,0.06
803,2021-02-17,MAR,1787,663,1124,965,521,300,1,1668,119,ITI,ITI3,11,Marche,Marche,1525271,77371,5.07,0.12
804,2021-02-10,SIC,4426,1816,2610,1975,1711,740,0,4001,425,ITG,ITG1,19,Sicilia,Sicilia,4999891,4426,0.09,0.09
805,2021-01-31,SIC,4110,1958,2152,2600,1216,294,0,113,3997,ITG,ITG1,19,Sicilia,Sicilia,4999891,8536,0.17,0.08
806,2021-02-17,SIC,5425,3289,2136,1527,3010,880,8,4753,672,ITG,ITG1,19,Sicilia,Sicilia,4999891,13961,0.28,0.11
807,2021-01-10,SIC,3618,1615,2003,2126,1028,464,0,3618,0,ITG,ITG1,19,Sicilia,Sicilia,4999891,17579,0.35,0.07
808,2021-01-02,SIC,4872,2533,2339,4311,561,0,0,4872,0,ITG,ITG1,19,Sicilia,Sicilia,4999891,22451,0.45,0.1
809,2021-01-28,SIC,9315,4394,4921,7452,1568,295,0,412,8903,ITG,ITG1,19,Sicilia,Sicilia,4999891,31766,0.64,0.19
810,2021-02-14,SIC,1057,402,655,433,388,236,0,917,140,ITG,ITG1,19,Sicilia,Sicilia,4999891,32823,0.66,0.02
811,2021-01-11,SIC,5903,2590,3313,3923,1598,382,0,5903,0,ITG,ITG1,19,Sicilia,Sicilia,4999891,38726,0.77,0.12
812,2020-12-28,SIC,207,124,83,205,2,0,0,207,0,ITG,ITG1,19,Sicilia,Sicilia,4999891,38933,0.78,0.0
813,2021-01-15,SIC,5078,2233,2845,2824,1775,479,0,5078,0,ITG,ITG1,19,Sicilia,Sicilia,4999891,44011,0.88,0.1
814,2021-02-02,SIC,5536,2621,2915,3151,1956,429,0,632,4904,ITG,ITG1,19,Sicilia,Sicilia,4999891,49547,0.99,0.11
815,2021-02-11,SIC,5329,2102,3227,2457,1984,888,0,4865,464,ITG,ITG1,19,Sicilia,Sicilia,4999891,54876,1.1,0.11
816,2021-01-23,SIC,4146,2147,1999,3909,221,16,0,225,3921,ITG,ITG1,19,Sicilia,Sicilia,4999891,59022,1.18,0.08
817,2021-02-04,SIC,6872,3157,3715,4413,1919,540,0,1458,5414,ITG,ITG1,19,Sicilia,Sicilia,4999891,65894,1.32,0.14
818,2021-01-16,SIC,2776,1195,1581,1329,1149,298,0,2776,0,ITG,ITG1,19,Sicilia,Sicilia,4999891,68670,1.37,0.06
819,2021-02-21,SIC,4800,2341,2459,241,848,153,3558,4696,104,ITG,ITG1,19,Sicilia,Sicilia,4999891,73470,1.47,0.1
820,2021-02-19,SIC,5133,2736,2397,1482,2978,599,74,4565,568,ITG,ITG1,19,Sicilia,Sicilia,4999891,78603,1.57,0.1
821,2021-02-18,SIC,5483,3164,2319,1635,3026,813,9,5052,431,ITG,ITG1,19,Sicilia,Sicilia,4999891,84086,1.68,0.11
822,2021-02-15,SIC,3944,1859,2085,1695,1676,563,10,3380,564,ITG,ITG1,19,Sicilia,Sicilia,4999891,88030,1.76,0.08
823,2021-01-18,SIC,1548,646,902,721,619,208,0,1432,116,ITG,ITG1,19,Sicilia,Sicilia,4999891,89578,1.79,0.03
824,2021-02-12,SIC,4740,1850,2890,2296,1801,643,0,4409,331,ITG,ITG1,19,Sicilia,Sicilia,4999891,94318,1.89,0.09
825,2021-01-27,SIC,7527,3832,3695,6325,1050,152,0,189,7338,ITG,ITG1,19,Sicilia,Sicilia,4999891,101845,2.04,0.15
826,2021-01-25,SIC,7509,3694,3815,6631,808,70,0,322,7187,ITG,ITG1,19,Sicilia,Sicilia,4999891,109354,2.19,0.15
827,2021-02-13,SIC,3105,1167,1938,1295,1241,569,0,2848,257,ITG,ITG1,19,Sicilia,Sicilia,4999891,112459,2.25,0.06
828,2021-02-16,SIC,4406,2296,2110,1462,2144,775,25,3939,467,ITG,ITG1,19,Sicilia,Sicilia,4999891,116865,2.34,0.09
829,2021-01-09,SIC,7325,3424,3901,5034,1835,456,0,7325,0,ITG,ITG1,19,Sicilia,Sicilia,4999891,124190,2.48,0.15
830,2021-02-08,SIC,4085,1758,2327,2345,1343,397,0,2127,1958,ITG,ITG1,19,Sicilia,Sicilia,4999891,128275,2.57,0.08
831,2021-01-07,SIC,9173,4239,4934,7694,1269,210,0,9173,0,ITG,ITG1,19,Sicilia,Sicilia,4999891,137448,2.75,0.18
832,2021-01-13,SIC,5204,2462,2742,3033,1730,441,0,5204,0,ITG,ITG1,19,Sicilia,Sicilia,4999891,142652,2.85,0.1
833,2021-01-30,SIC,7835,3569,4266,5448,1912,475,0,173,7662,ITG,ITG1,19,Sicilia,Sicilia,4999891,150487,3.01,0.16
834,2021-01-14,SIC,5250,2514,2736,3046,1945,259,0,5250,0,ITG,ITG1,19,Sicilia,Sicilia,4999891,155737,3.11,0.11
835,2021-01-24,SIC,4332,2260,2072,3987,342,3,0,148,4184,ITG,ITG1,19,Sicilia,Sicilia,4999891,160069,3.2,0.09
836,2021-01-04,SIC,8373,4172,4201,7595,772,6,0,8373,0,ITG,ITG1,19,Sicilia,Sicilia,4999891,168442,3.37,0.17
837,2021-02-01,SIC,6074,2682,3392,4165,1591,318,0,301,5773,ITG,ITG1,19,Sicilia,Sicilia,4999891,174516,3.49,0.12
838,2021-02-03,SIC,6098,2855,3243,3354,2120,624,0,755,5343,ITG,ITG1,19,Sicilia,Sicilia,4999891,180614,3.61,0.12
839,2021-02-06,SIC,5013,2189,2824,2519,1924,570,0,1461,3552,ITG,ITG1,19,Sicilia,Sicilia,4999891,185627,3.71,0.1
840,2021-01-26,SIC,9484,4666,4818,8356,874,254,0,236,9248,ITG,ITG1,19,Sicilia,Sicilia,4999891,195111,3.9,0.19
841,2021-01-19,SIC,1271,521,750,521,512,238,0,1093,178,ITG,ITG1,19,Sicilia,Sicilia,4999891,196382,3.93,0.03
842,2021-01-03,SIC,4693,2454,2239,4361,332,0,0,4693,0,ITG,ITG1,19,Sicilia,Sicilia,4999891,201075,4.02,0.09
843,2021-02-07,SIC,2345,995,1350,1609,581,155,0,672,1673,ITG,ITG1,19,Sicilia,Sicilia,4999891,203420,4.07,0.05
844,2021-01-20,SIC,808,410,398,422,194,192,0,573,235,ITG,ITG1,19,Sicilia,Sicilia,4999891,204228,4.08,0.02
845,2021-01-17,SIC,1295,584,711,619,516,160,0,1245,50,ITG,ITG1,19,Sicilia,Sicilia,4999891,205523,4.11,0.03
846,2020-12-30,SIC,173,101,72,156,17,0,0,173,0,ITG,ITG1,19,Sicilia,Sicilia,4999891,205696,4.11,0.0
847,2020-12-29,SIC,235,146,89,235,0,0,0,235,0,ITG,ITG1,19,Sicilia,Sicilia,4999891,205931,4.12,0.0
848,2021-02-09,SIC,4363,1829,2534,2234,1489,640,0,3359,1004,ITG,ITG1,19,Sicilia,Sicilia,4999891,210294,4.21,0.09
849,2021-02-05,SIC,7101,3156,3945,3528,2720,853,0,2126,4975,ITG,ITG1,19,Sicilia,Sicilia,4999891,217395,4.35,0.14
850,2020-12-31,SIC,877,469,408,827,50,0,0,877,0,ITG,ITG1,19,Sicilia,Sicilia,4999891,218272,4.37,0.02
851,2021-01-08,SIC,8328,3864,4464,6591,1524,213,0,8328,0,ITG,ITG1,19,Sicilia,Sicilia,4999891,226600,4.53,0.17
852,2021-01-12,SIC,4542,2234,2308,2863,1484,195,0,4542,0,ITG,ITG1,19,Sicilia,Sicilia,4999891,231142,4.62,0.09
853,2021-01-06,SIC,6471,3402,3069,5717,752,2,0,6471,0,ITG,ITG1,19,Sicilia,Sicilia,4999891,237613,4.75,0.13
854,2021-01-05,SIC,10527,5159,5368,9074,1246,207,0,10527,0,ITG,ITG1,19,Sicilia,Sicilia,4999891,248140,4.96,0.21
855,2021-01-01,SIC,815,437,378,740,75,0,0,815,0,ITG,ITG1,19,Sicilia,Sicilia,4999891,248955,4.98,0.02
856,2021-01-29,SIC,9356,4318,5038,7147,1904,305,0,431,8925,ITG,ITG1,19,Sicilia,Sicilia,4999891,258311,5.17,0.19
857,2021-01-22,SIC,1235,625,610,1035,82,118,0,242,993,ITG,ITG1,19,Sicilia,Sicilia,4999891,259546,5.19,0.02
858,2021-02-20,SIC,4592,2440,2152,564,1469,316,2243,4466,126,ITG,ITG1,19,Sicilia,Sicilia,4999891,264138,5.28,0.09
859,2020-12-27,SIC,89,54,35,62,2,25,0,89,0,ITG,ITG1,19,Sicilia,Sicilia,4999891,264227,5.28,0.0
860,2021-01-21,SIC,1327,646,681,1000,190,137,0,498,829,ITG,ITG1,19,Sicilia,Sicilia,4999891,265554,5.31,0.03
861,2021-01-31,BAS,77,24,53,75,2,0,0,0,77,ITF,ITF5,17,Basilicata,Basilicata,559084,77,0.01,0.01
862,2021-02-10,BAS,536,239,297,172,147,127,90,484,52,ITF,ITF5,17,Basilicata,Basilicata,559084,613,0.11,0.1
863,2021-01-26,BAS,794,350,444,481,278,35,0,102,692,ITF,ITF5,17,Basilicata,Basilicata,559084,1407,0.25,0.14
864,2021-01-29,BAS,611,228,383,274,267,70,0,62,549,ITF,ITF5,17,Basilicata,Basilicata,559084,2018,0.36,0.11
865,2021-02-07,BAS,372,158,214,257,75,40,0,49,323,ITF,ITF5,17,Basilicata,Basilicata,559084,2390,0.43,0.07
866,2021-01-17,BAS,327,132,195,95,178,54,0,326,1,ITF,ITF5,17,Basilicata,Basilicata,559084,2717,0.49,0.06
867,2021-01-25,BAS,1019,426,593,660,358,1,0,74,945,ITF,ITF5,17,Basilicata,Basilicata,559084,3736,0.67,0.18
868,2021-01-07,BAS,640,319,321,306,305,29,0,640,0,ITF,ITF5,17,Basilicata,Basilicata,559084,4376,0.78,0.11
869,2021-01-21,BAS,30,10,20,0,30,0,0,30,0,ITF,ITF5,17,Basilicata,Basilicata,559084,4406,0.79,0.01
870,2021-01-22,BAS,66,24,42,6,60,0,0,66,0,ITF,ITF5,17,Basilicata,Basilicata,559084,4472,0.8,0.01
871,2021-02-15,BAS,597,225,372,185,139,35,238,556,41,ITF,ITF5,17,Basilicata,Basilicata,559084,5069,0.91,0.11
872,2021-01-09,BAS,558,161,397,281,210,67,0,558,0,ITF,ITF5,17,Basilicata,Basilicata,559084,5627,1.01,0.1
873,2021-02-09,BAS,488,212,276,199,235,54,0,314,174,ITF,ITF5,17,Basilicata,Basilicata,559084,6115,1.09,0.09
874,2021-01-05,BAS,945,409,536,709,236,0,0,945,0,ITF,ITF5,17,Basilicata,Basilicata,559084,7060,1.26,0.17
875,2021-01-20,BAS,84,22,62,0,84,0,0,84,0,ITF,ITF5,17,Basilicata,Basilicata,559084,7144,1.28,0.02
876,2021-01-27,BAS,410,174,236,151,233,26,0,113,297,ITF,ITF5,17,Basilicata,Basilicata,559084,7554,1.35,0.07
877,2021-01-02,BAS,948,379,569,848,100,0,0,948,0,ITF,ITF5,17,Basilicata,Basilicata,559084,8502,1.52,0.17
878,2020-12-27,BAS,106,41,65,104,2,0,0,106,0,ITF,ITF5,17,Basilicata,Basilicata,559084,8608,1.54,0.02
879,2021-01-15,BAS,812,349,463,449,190,173,0,812,0,ITF,ITF5,17,Basilicata,Basilicata,559084,9420,1.68,0.15
880,2021-01-11,BAS,183,66,117,78,64,41,0,183,0,ITF,ITF5,17,Basilicata,Basilicata,559084,9603,1.72,0.03
881,2021-01-28,BAS,903,401,502,440,387,76,0,119,784,ITF,ITF5,17,Basilicata,Basilicata,559084,10506,1.88,0.16
882,2021-01-12,BAS,216,87,129,39,79,98,0,216,0,ITF,ITF5,17,Basilicata,Basilicata,559084,10722,1.92,0.04
883,2021-02-11,BAS,760,320,440,200,172,97,291,677,83,ITF,ITF5,17,Basilicata,Basilicata,559084,11482,2.05,0.14
884,2021-01-14,BAS,969,413,556,402,244,323,0,969,0,ITF,ITF5,17,Basilicata,Basilicata,559084,12451,2.23,0.17
885,2021-01-18,BAS,462,157,305,361,57,44,0,363,99,ITF,ITF5,17,Basilicata,Basilicata,559084,12913,2.31,0.08
886,2021-01-23,BAS,705,298,407,479,225,1,0,33,672,ITF,ITF5,17,Basilicata,Basilicata,559084,13618,2.44,0.13
887,2021-02-19,BAS,1054,503,551,163,351,13,527,1022,32,ITF,ITF5,17,Basilicata,Basilicata,559084,14672,2.62,0.19
888,2021-01-08,BAS,557,220,337,262,234,61,0,557,0,ITF,ITF5,17,Basilicata,Basilicata,559084,15229,2.72,0.1
889,2021-02-20,BAS,592,302,290,38,172,38,344,475,117,ITF,ITF5,17,Basilicata,Basilicata,559084,15821,2.83,0.11
890,2021-02-14,BAS,130,39,91,55,12,63,0,130,0,ITF,ITF5,17,Basilicata,Basilicata,559084,15951,2.85,0.02
891,2021-01-16,BAS,721,304,417,265,295,161,0,721,0,ITF,ITF5,17,Basilicata,Basilicata,559084,16672,2.98,0.13
892,2021-02-01,BAS,242,91,151,89,105,48,0,46,196,ITF,ITF5,17,Basilicata,Basilicata,559084,16914,3.03,0.04
893,2021-01-04,BAS,607,271,336,527,80,0,0,607,0,ITF,ITF5,17,Basilicata,Basilicata,559084,17521,3.13,0.11
894,2021-01-19,BAS,199,84,115,79,76,44,0,199,0,ITF,ITF5,17,Basilicata,Basilicata,559084,17720,3.17,0.04
895,2021-02-12,BAS,609,268,341,270,251,86,2,578,31,ITF,ITF5,17,Basilicata,Basilicata,559084,18329,3.28,0.11
896,2021-02-18,BAS,917,338,579,253,67,101,496,703,214,ITF,ITF5,17,Basilicata,Basilicata,559084,19246,3.44,0.16
897,2021-01-06,BAS,294,129,165,144,114,36,0,294,0,ITF,ITF5,17,Basilicata,Basilicata,559084,19540,3.5,0.05
898,2021-02-16,BAS,753,316,437,234,98,56,365,655,98,ITF,ITF5,17,Basilicata,Basilicata,559084,20293,3.63,0.13
899,2021-02-17,BAS,854,365,489,116,112,57,569,784,70,ITF,ITF5,17,Basilicata,Basilicata,559084,21147,3.78,0.15
900,2021-02-04,BAS,1089,438,651,551,259,279,0,63,1026,ITF,ITF5,17,Basilicata,Basilicata,559084,22236,3.98,0.19
901,2021-02-21,BAS,108,47,61,14,2,11,81,108,0,ITF,ITF5,17,Basilicata,Basilicata,559084,22344,4.0,0.02
902,2021-02-08,BAS,552,190,362,431,74,47,0,148,404,ITF,ITF5,17,Basilicata,Basilicata,559084,22896,4.1,0.1
903,2021-02-02,BAS,363,141,222,132,130,101,0,175,188,ITF,ITF5,17,Basilicata,Basilicata,559084,23259,4.16,0.06
904,2021-01-03,BAS,900,344,556,789,111,0,0,900,0,ITF,ITF5,17,Basilicata,Basilicata,559084,24159,4.32,0.16
905,2021-01-30,BAS,700,226,474,299,275,126,0,128,572,ITF,ITF5,17,Basilicata,Basilicata,559084,24859,4.45,0.13
906,2021-02-03,BAS,666,300,366,305,189,172,0,32,634,ITF,ITF5,17,Basilicata,Basilicata,559084,25525,4.57,0.12
907,2021-01-10,BAS,77,24,53,9,68,0,0,77,0,ITF,ITF5,17,Basilicata,Basilicata,559084,25602,4.58,0.01
908,2021-02-05,BAS,980,440,540,509,281,190,0,62,918,ITF,ITF5,17,Basilicata,Basilicata,559084,26582,4.75,0.18
909,2021-01-13,BAS,915,386,529,573,194,148,0,915,0,ITF,ITF5,17,Basilicata,Basilicata,559084,27497,4.92,0.16
910,2021-02-06,BAS,900,366,534,544,188,168,0,144,756,ITF,ITF5,17,Basilicata,Basilicata,559084,28397,5.08,0.16
911,2021-02-13,BAS,665,249,416,280,199,115,71,605,60,ITF,ITF5,17,Basilicata,Basilicata,559084,29062,5.2,0.12
912,2021-01-24,BAS,834,299,535,602,231,1,0,58,776,ITF,ITF5,17,Basilicata,Basilicata,559084,29896,5.35,0.15
913,2021-02-07,EMR,4785,1534,3251,3643,689,443,10,1726,3059,ITH,ITH5,8,Emilia-Romagna,Emilia-Romagna,4459477,4785,0.11,0.11
914,2021-01-17,EMR,2889,887,2002,1911,431,547,0,2643,246,ITH,ITH5,8,Emilia-Romagna,Emilia-Romagna,4459477,7674,0.17,0.06
915,2020-12-31,EMR,2205,776,1429,1672,206,327,0,2205,0,ITH,ITH5,8,Emilia-Romagna,Emilia-Romagna,4459477,9879,0.22,0.05
916,2021-01-11,EMR,9323,3266,6057,6530,1527,1266,0,9323,0,ITH,ITH5,8,Emilia-Romagna,Emilia-Romagna,4459477,19202,0.43,0.21
917,2021-01-21,EMR,2150,725,1425,1279,218,653,0,809,1341,ITH,ITH5,8,Emilia-Romagna,Emilia-Romagna,4459477,21352,0.48,0.05
918,2021-01-25,EMR,6411,2127,4284,5224,509,678,0,220,6191,ITH,ITH5,8,Emilia-Romagna,Emilia-Romagna,4459477,27763,0.62,0.14
919,2021-01-30,EMR,10034,3507,6527,7559,1706,769,0,142,9892,ITH,ITH5,8,Emilia-Romagna,Emilia-Romagna,4459477,37797,0.85,0.23
920,2021-01-22,EMR,1827,476,1351,941,164,722,0,1088,739,ITH,ITH5,8,Emilia-Romagna,Emilia-Romagna,4459477,39624,0.89,0.04
921,2021-01-06,EMR,8256,2938,5318,6822,784,650,0,8256,0,ITH,ITH5,8,Emilia-Romagna,Emilia-Romagna,4459477,47880,1.07,0.19
922,2021-01-31,EMR,7692,2758,4934,6172,1259,261,0,242,7450,ITH,ITH5,8,Emilia-Romagna,Emilia-Romagna,4459477,55572,1.25,0.17
923,2021-02-04,EMR,9897,3189,6708,6370,1738,1672,117,1238,8659,ITH,ITH5,8,Emilia-Romagna,Emilia-Romagna,4459477,65469,1.47,0.22
924,2021-02-02,EMR,9430,3032,6398,6202,1523,1625,80,498,8932,ITH,ITH5,8,Emilia-Romagna,Emilia-Romagna,4459477,74899,1.68,0.21
925,2021-01-26,EMR,8324,3000,5324,6595,697,1032,0,218,8106,ITH,ITH5,8,Emilia-Romagna,Emilia-Romagna,4459477,83223,1.87,0.19
926,2021-01-10,EMR,7121,2660,4461,5514,1107,499,1,7121,0,ITH,ITH5,8,Emilia-Romagna,Emilia-Romagna,4459477,90344,2.03,0.16
927,2021-01-12,EMR,9314,3084,6230,6316,1367,1631,0,9314,0,ITH,ITH5,8,Emilia-Romagna,Emilia-Romagna,4459477,99658,2.23,0.21
928,2021-02-06,EMR,7509,2370,5139,5279,1021,1170,39,2106,5403,ITH,ITH5,8,Emilia-Romagna,Emilia-Romagna,4459477,107167,2.4,0.17
929,2021-02-05,EMR,9282,2954,6328,6171,1334,1607,170,1615,7667,ITH,ITH5,8,Emilia-Romagna,Emilia-Romagna,4459477,116449,2.61,0.21
930,2021-01-13,EMR,9063,2939,6124,5860,1458,1745,0,9063,0,ITH,ITH5,8,Emilia-Romagna,Emilia-Romagna,4459477,125512,2.81,0.2
931,2021-02-13,EMR,3589,1073,2516,2765,522,145,157,2992,597,ITH,ITH5,8,Emilia-Romagna,Emilia-Romagna,4459477,129101,2.89,0.08
932,2021-01-24,EMR,2442,882,1560,2072,120,250,0,301,2141,ITH,ITH5,8,Emilia-Romagna,Emilia-Romagna,4459477,131543,2.95,0.05
933,2021-02-01,EMR,10285,3593,6692,7425,1603,1257,0,364,9921,ITH,ITH5,8,Emilia-Romagna,Emilia-Romagna,4459477,141828,3.18,0.23
934,2021-02-08,EMR,5157,1511,3646,2810,730,1478,139,2263,2894,ITH,ITH5,8,Emilia-Romagna,Emilia-Romagna,4459477,146985,3.3,0.12
935,2021-01-19,EMR,2039,502,1537,745,135,1159,0,2022,17,ITH,ITH5,8,Emilia-Romagna,Emilia-Romagna,4459477,149024,3.34,0.05
936,2021-01-18,EMR,3125,879,2246,1671,326,1128,0,2448,677,ITH,ITH5,8,Emilia-Romagna,Emilia-Romagna,4459477,152149,3.41,0.07
937,2021-02-03,EMR,9265,2969,6296,6136,1427,1617,85,949,8316,ITH,ITH5,8,Emilia-Romagna,Emilia-Romagna,4459477,161414,3.62,0.21
938,2021-01-04,EMR,7254,2509,4745,6152,525,577,0,7254,0,ITH,ITH5,8,Emilia-Romagna,Emilia-Romagna,4459477,168668,3.78,0.16
939,2021-01-03,EMR,2730,934,1796,2480,80,170,0,2730,0,ITH,ITH5,8,Emilia-Romagna,Emilia-Romagna,4459477,171398,3.84,0.06
940,2021-01-16,EMR,5591,1716,3875,3653,830,1108,0,5591,0,ITH,ITH5,8,Emilia-Romagna,Emilia-Romagna,4459477,176989,3.97,0.13
941,2021-02-12,EMR,5271,1666,3605,3381,921,702,267,3875,1396,ITH,ITH5,8,Emilia-Romagna,Emilia-Romagna,4459477,182260,4.09,0.12
942,2021-01-15,EMR,7699,2392,5307,5255,1126,1318,0,7699,0,ITH,ITH5,8,Emilia-Romagna,Emilia-Romagna,4459477,189959,4.26,0.17
943,2021-01-29,EMR,10324,3477,6847,8075,1231,1018,0,287,10037,ITH,ITH5,8,Emilia-Romagna,Emilia-Romagna,4459477,200283,4.49,0.23
944,2021-02-17,EMR,6294,2647,3647,796,1298,404,3796,5520,774,ITH,ITH5,8,Emilia-Romagna,Emilia-Romagna,4459477,206577,4.63,0.14
945,2021-01-09,EMR,9872,3425,6447,7669,1323,880,0,9872,0,ITH,ITH5,8,Emilia-Romagna,Emilia-Romagna,4459477,216449,4.85,0.22
946,2021-02-16,EMR,5441,2306,3135,727,988,424,3302,4913,528,ITH,ITH5,8,Emilia-Romagna,Emilia-Romagna,4459477,221890,4.98,0.12
947,2021-02-18,EMR,7001,2877,4124,886,539,236,5340,6420,581,ITH,ITH5,8,Emilia-Romagna,Emilia-Romagna,4459477,228891,5.13,0.16
948,2021-01-08,EMR,10802,3554,7248,8338,1388,1076,0,10802,0,ITH,ITH5,8,Emilia-Romagna,Emilia-Romagna,4459477,239693,5.37,0.24
949,2021-02-09,EMR,4135,1241,2894,2213,488,1196,238,2289,1846,ITH,ITH5,8,Emilia-Romagna,Emilia-Romagna,4459477,243828,5.47,0.09
950,2021-02-21,EMR,4318,1667,2651,389,268,186,3475,3886,432,ITH,ITH5,8,Emilia-Romagna,Emilia-Romagna,4459477,248146,5.56,0.1
951,2021-02-19,EMR,7252,2984,4268,808,393,250,5801,6757,495,ITH,ITH5,8,Emilia-Romagna,Emilia-Romagna,4459477,255398,5.73,0.16
952,2021-02-14,EMR,1396,377,1019,851,487,39,19,1276,120,ITH,ITH5,8,Emilia-Romagna,Emilia-Romagna,4459477,256794,5.76,0.03
953,2020-12-27,EMR,968,372,596,824,118,26,0,968,0,ITH,ITH5,8,Emilia-Romagna,Emilia-Romagna,4459477,257762,5.78,0.02
954,2021-01-02,EMR,2347,903,1444,2071,79,197,0,2347,0,ITH,ITH5,8,Emilia-Romagna,Emilia-Romagna,4459477,260109,5.83,0.05
955,2021-01-05,EMR,9325,3163,6162,7868,693,764,0,9325,0,ITH,ITH5,8,Emilia-Romagna,Emilia-Romagna,4459477,269434,6.04,0.21
956,2021-01-20,EMR,1321,269,1052,391,143,787,0,1320,1,ITH,ITH5,8,Emilia-Romagna,Emilia-Romagna,4459477,270755,6.07,0.03
957,2021-01-07,EMR,10204,3381,6823,8168,968,1068,0,10204,0,ITH,ITH5,8,Emilia-Romagna,Emilia-Romagna,4459477,280959,6.3,0.23
958,2021-01-28,EMR,10219,3333,6886,8060,1036,1123,0,351,9868,ITH,ITH5,8,Emilia-Romagna,Emilia-Romagna,4459477,291178,6.53,0.23
959,2021-01-23,EMR,2443,868,1575,1899,114,430,0,441,2002,ITH,ITH5,8,Emilia-Romagna,Emilia-Romagna,4459477,293621,6.58,0.05
960,2021-02-11,EMR,4240,1411,2829,2467,740,719,314,3401,839,ITH,ITH5,8,Emilia-Romagna,Emilia-Romagna,4459477,297861,6.68,0.1
961,2021-01-14,EMR,8085,2572,5513,5329,1151,1605,0,8085,0,ITH,ITH5,8,Emilia-Romagna,Emilia-Romagna,4459477,305946,6.86,0.18
962,2021-01-27,EMR,8314,2933,5381,6848,812,654,0,463,7851,ITH,ITH5,8,Emilia-Romagna,Emilia-Romagna,4459477,314260,7.05,0.19
963,2021-02-20,EMR,5215,2079,3136,404,241,155,4415,4951,264,ITH,ITH5,8,Emilia-Romagna,Emilia-Romagna,4459477,319475,7.16,0.12
964,2021-02-15,EMR,2858,834,2024,1979,464,157,258,2733,125,ITH,ITH5,8,Emilia-Romagna,Emilia-Romagna,4459477,322333,7.23,0.06
965,2021-02-10,EMR,3924,1350,2574,2304,589,775,256,2727,1197,ITH,ITH5,8,Emilia-Romagna,Emilia-Romagna,4459477,326257,7.32,0.09
966,2021-01-02,VEN,5740,1765,3975,4796,398,544,2,5740,0,ITH,ITH3,5,Veneto,Veneto,4905854,5740,0.12,0.12
967,2021-01-13,VEN,5975,1600,4375,2790,1302,1880,3,5975,0,ITH,ITH3,5,Veneto,Veneto,4905854,11715,0.24,0.12
968,2021-02-05,VEN,8350,2529,5821,4252,1934,2159,5,1415,6935,ITH,ITH3,5,Veneto,Veneto,4905854,20065,0.41,0.17
969,2021-01-07,VEN,8360,2321,6039,5467,1086,1807,0,8360,0,ITH,ITH3,5,Veneto,Veneto,4905854,28425,0.58,0.17
970,2021-02-16,VEN,6570,2874,3696,729,353,463,5025,6396,174,ITH,ITH3,5,Veneto,Veneto,4905854,34995,0.71,0.13
971,2021-01-22,VEN,1080,332,748,946,77,57,0,26,1054,ITH,ITH3,5,Veneto,Veneto,4905854,36075,0.74,0.02
972,2021-02-17,VEN,5998,2764,3234,406,281,358,4953,5904,94,ITH,ITH3,5,Veneto,Veneto,4905854,42073,0.86,0.12
973,2021-01-29,VEN,8992,2780,6212,6030,1525,1434,3,367,8625,ITH,ITH3,5,Veneto,Veneto,4905854,51065,1.04,0.18
974,2021-01-26,VEN,6900,2080,4820,5307,632,961,0,155,6745,ITH,ITH3,5,Veneto,Veneto,4905854,57965,1.18,0.14
975,2021-01-09,VEN,7924,2535,5389,5170,1178,1573,3,7924,0,ITH,ITH3,5,Veneto,Veneto,4905854,65889,1.34,0.16
976,2021-02-04,VEN,7279,2009,5270,3427,1468,2372,12,550,6729,ITH,ITH3,5,Veneto,Veneto,4905854,73168,1.49,0.15
977,2021-02-09,VEN,5073,1833,3240,3061,866,1126,20,3383,1690,ITH,ITH3,5,Veneto,Veneto,4905854,78241,1.59,0.1
978,2021-02-21,VEN,746,299,447,323,6,0,417,743,3,ITH,ITH3,5,Veneto,Veneto,4905854,78987,1.61,0.02
979,2021-01-31,VEN,4688,1541,3147,3648,676,360,4,385,4303,ITH,ITH3,5,Veneto,Veneto,4905854,83675,1.71,0.1
980,2020-12-31,VEN,3218,1044,2174,2699,267,252,0,3218,0,ITH,ITH3,5,Veneto,Veneto,4905854,86893,1.77,0.07
981,2021-02-07,VEN,2312,860,1452,1924,336,50,2,713,1599,ITH,ITH3,5,Veneto,Veneto,4905854,89205,1.82,0.05
982,2021-02-01,VEN,8390,2459,5931,4204,1963,1978,245,165,8225,ITH,ITH3,5,Veneto,Veneto,4905854,97595,1.99,0.17
983,2021-01-19,VEN,1309,472,837,726,253,324,6,1160,149,ITH,ITH3,5,Veneto,Veneto,4905854,98904,2.02,0.03
984,2020-12-30,VEN,699,245,454,598,62,39,0,699,0,ITH,ITH3,5,Veneto,Veneto,4905854,99603,2.03,0.01
985,2021-01-04,VEN,6725,2029,4696,5238,573,913,1,6725,0,ITH,ITH3,5,Veneto,Veneto,4905854,106328,2.17,0.14
986,2021-01-18,VEN,2759,782,1977,1215,537,999,8,2560,199,ITH,ITH3,5,Veneto,Veneto,4905854,109087,2.22,0.06
987,2021-01-30,VEN,8715,2662,6053,6200,1305,1206,4,674,8041,ITH,ITH3,5,Veneto,Veneto,4905854,117802,2.4,0.18
988,2021-01-21,VEN,2292,719,1573,1987,164,141,0,23,2269,ITH,ITH3,5,Veneto,Veneto,4905854,120094,2.45,0.05
989,2021-02-03,VEN,5923,1657,4266,2849,1339,1734,1,474,5449,ITH,ITH3,5,Veneto,Veneto,4905854,126017,2.57,0.12
990,2021-01-03,VEN,5157,1563,3594,4596,312,249,0,5157,0,ITH,ITH3,5,Veneto,Veneto,4905854,131174,2.67,0.11
991,2021-02-06,VEN,4083,1349,2734,3015,698,367,3,705,3378,ITH,ITH3,5,Veneto,Veneto,4905854,135257,2.76,0.08
992,2021-01-24,VEN,4116,1219,2897,3750,143,222,1,28,4088,ITH,ITH3,5,Veneto,Veneto,4905854,139373,2.84,0.08
993,2021-02-13,VEN,2945,1328,1617,1523,605,816,1,2929,16,ITH,ITH3,5,Veneto,Veneto,4905854,142318,2.9,0.06
994,2021-02-08,VEN,4919,1533,3386,2740,999,1168,12,1918,3001,ITH,ITH3,5,Veneto,Veneto,4905854,147237,3.0,0.1
995,2021-01-01,VEN,1525,470,1055,1494,30,1,0,1525,0,ITH,ITH3,5,Veneto,Veneto,4905854,148762,3.03,0.03
996,2021-01-05,VEN,7326,2182,5144,5409,795,1122,0,7326,0,ITH,ITH3,5,Veneto,Veneto,4905854,156088,3.18,0.15
997,2021-01-27,VEN,7142,2065,5077,5203,1060,879,0,248,6894,ITH,ITH3,5,Veneto,Veneto,4905854,163230,3.33,0.15
998,2020-12-27,VEN,880,395,485,875,5,0,0,880,0,ITH,ITH3,5,Veneto,Veneto,4905854,164110,3.35,0.02
999,2021-01-20,VEN,1038,368,670,695,130,213,0,386,652,ITH,ITH3,5,Veneto,Veneto,4905854,165148,3.37,0.02
1000,2021-02-02,VEN,6392,1836,4556,2967,1288,1985,152,382,6010,ITH,ITH3,5,Veneto,Veneto,4905854,171540,3.5,0.13
1001,2021-01-10,VEN,5019,1661,3358,3838,717,462,2,5019,0,ITH,ITH3,5,Veneto,Veneto,4905854,176559,3.6,0.1
1002,2021-01-28,VEN,9176,2651,6525,6456,1290,1430,0,170,9006,ITH,ITH3,5,Veneto,Veneto,4905854,185735,3.79,0.19
1003,2021-02-18,VEN,5381,2364,3017,863,347,368,3803,5314,67,ITH,ITH3,5,Veneto,Veneto,4905854,191116,3.9,0.11
1004,2021-01-08,VEN,9397,2831,6566,5976,1611,1807,3,9397,0,ITH,ITH3,5,Veneto,Veneto,4905854,200513,4.09,0.19
1005,2021-02-19,VEN,6789,2895,3894,1213,830,375,4371,6603,186,ITH,ITH3,5,Veneto,Veneto,4905854,207302,4.23,0.14
1006,2021-02-14,VEN,120,54,66,90,30,0,0,107,13,ITH,ITH3,5,Veneto,Veneto,4905854,207422,4.23,0.0
1007,2021-01-06,VEN,8124,2379,5745,6302,1014,807,1,8124,0,ITH,ITH3,5,Veneto,Veneto,4905854,215546,4.39,0.17
1008,2021-01-16,VEN,4564,1530,3034,3164,750,650,0,4564,0,ITH,ITH3,5,Veneto,Veneto,4905854,220110,4.49,0.09
1009,2021-01-17,VEN,1931,780,1151,1586,222,120,3,1582,349,ITH,ITH3,5,Veneto,Veneto,4905854,222041,4.53,0.04
1010,2021-02-12,VEN,4273,1416,2857,2691,900,676,6,3697,576,ITH,ITH3,5,Veneto,Veneto,4905854,226314,4.61,0.09
1011,2021-01-25,VEN,6465,2074,4391,5059,502,903,1,169,6296,ITH,ITH3,5,Veneto,Veneto,4905854,232779,4.74,0.13
1012,2021-01-11,VEN,7236,2100,5136,3499,1534,1956,247,7236,0,ITH,ITH3,5,Veneto,Veneto,4905854,240015,4.89,0.15
1013,2021-01-15,VEN,5867,1817,4050,2989,1305,1564,9,5867,0,ITH,ITH3,5,Veneto,Veneto,4905854,245882,5.01,0.12
1014,2021-01-14,VEN,7052,1924,5128,3228,1335,2472,17,7052,0,ITH,ITH3,5,Veneto,Veneto,4905854,252934,5.16,0.14
1015,2021-01-12,VEN,5229,1516,3713,2249,1060,1752,168,5229,0,ITH,ITH3,5,Veneto,Veneto,4905854,258163,5.26,0.11
1016,2021-01-23,VEN,4060,1253,2807,3403,206,450,1,34,4026,ITH,ITH3,5,Veneto,Veneto,4905854,262223,5.35,0.08
1017,2021-02-11,VEN,3761,1144,2617,2463,626,663,9,3135,626,ITH,ITH3,5,Veneto,Veneto,4905854,265984,5.42,0.08
1018,2021-02-20,VEN,2814,1232,1582,1384,432,28,970,2809,5,ITH,ITH3,5,Veneto,Veneto,4905854,268798,5.48,0.06
1019,2021-02-10,VEN,4674,1560,3114,3061,870,743,0,3640,1034,ITH,ITH3,5,Veneto,Veneto,4905854,273472,5.57,0.1
1020,2021-02-15,VEN,4240,1772,2468,409,198,337,3296,4002,238,ITH,ITH3,5,Veneto,Veneto,4905854,277712,5.66,0.09
1021,2021-01-02,SAR,60,21,39,60,0,0,0,60,0,ITG,ITG2,20,Sardegna,Sardegna,1639591,60,0.0,0.0
1022,2020-12-28,SAR,65,25,40,65,0,0,0,65,0,ITG,ITG2,20,Sardegna,Sardegna,1639591,125,0.01,0.0
1023,2021-01-13,SAR,573,178,395,494,79,0,0,573,0,ITG,ITG2,20,Sardegna,Sardegna,1639591,698,0.04,0.03
1024,2021-02-05,SAR,1897,749,1148,1214,518,164,1,433,1464,ITG,ITG2,20,Sardegna,Sardegna,1639591,2595,0.16,0.12
1025,2021-01-07,SAR,3111,1077,2034,2720,391,0,0,3111,0,ITG,ITG2,20,Sardegna,Sardegna,1639591,5706,0.35,0.19
1026,2021-02-17,SAR,1384,563,821,679,394,311,0,1310,74,ITG,ITG2,20,Sardegna,Sardegna,1639591,7090,0.43,0.08
1027,2021-01-22,SAR,83,47,36,45,38,0,0,55,28,ITG,ITG2,20,Sardegna,Sardegna,1639591,7173,0.44,0.01
1028,2021-01-09,SAR,4025,1416,2609,3180,845,0,0,4025,0,ITG,ITG2,20,Sardegna,Sardegna,1639591,11198,0.68,0.25
1029,2021-01-29,SAR,2951,1067,1884,2580,368,3,0,48,2903,ITG,ITG2,20,Sardegna,Sardegna,1639591,14149,0.86,0.18
1030,2021-02-16,SAR,700,288,412,373,213,114,0,671,29,ITG,ITG2,20,Sardegna,Sardegna,1639591,14849,0.91,0.04
1031,2021-02-09,SAR,2283,836,1447,1306,479,497,1,1287,996,ITG,ITG2,20,Sardegna,Sardegna,1639591,17132,1.04,0.14
1032,2021-01-26,SAR,1336,453,883,1296,40,0,0,27,1309,ITG,ITG2,20,Sardegna,Sardegna,1639591,18468,1.13,0.08
1033,2021-02-21,SAR,1584,709,875,66,38,59,1421,1554,30,ITG,ITG2,20,Sardegna,Sardegna,1639591,20052,1.22,0.1
1034,2021-01-31,SAR,2121,750,1371,1544,576,0,1,48,2073,ITG,ITG2,20,Sardegna,Sardegna,1639591,22173,1.35,0.13
1035,2021-01-16,SAR,1492,525,967,1282,210,0,0,1492,0,ITG,ITG2,20,Sardegna,Sardegna,1639591,23665,1.44,0.09
1036,2021-01-17,SAR,860,277,583,747,113,0,0,859,1,ITG,ITG2,20,Sardegna,Sardegna,1639591,24525,1.5,0.05
1037,2021-01-11,SAR,1182,505,677,656,526,0,0,1182,0,ITG,ITG2,20,Sardegna,Sardegna,1639591,25707,1.57,0.07
1038,2021-01-25,SAR,588,212,376,553,35,0,0,22,566,ITG,ITG2,20,Sardegna,Sardegna,1639591,26295,1.6,0.04
1039,2021-02-12,SAR,2214,915,1299,973,743,497,1,2150,64,ITG,ITG2,20,Sardegna,Sardegna,1639591,28509,1.74,0.14
1040,2021-01-15,SAR,1563,573,990,1170,393,0,0,1563,0,ITG,ITG2,20,Sardegna,Sardegna,1639591,30072,1.83,0.1
1041,2021-01-14,SAR,1105,426,679,885,220,0,0,1105,0,ITG,ITG2,20,Sardegna,Sardegna,1639591,31177,1.9,0.07
1042,2021-01-23,SAR,60,22,38,60,0,0,0,0,60,ITG,ITG2,20,Sardegna,Sardegna,1639591,31237,1.91,0.0
1043,2021-01-12,SAR,865,408,457,504,361,0,0,865,0,ITG,ITG2,20,Sardegna,Sardegna,1639591,32102,1.96,0.05
1044,2021-02-11,SAR,1311,489,822,588,354,368,1,1200,111,ITG,ITG2,20,Sardegna,Sardegna,1639591,33413,2.04,0.08
1045,2021-02-20,SAR,1987,832,1155,456,138,192,1201,1654,333,ITG,ITG2,20,Sardegna,Sardegna,1639591,35400,2.16,0.12
1046,2021-02-15,SAR,940,338,602,429,232,279,0,909,31,ITG,ITG2,20,Sardegna,Sardegna,1639591,36340,2.22,0.06
1047,2021-02-10,SAR,1957,764,1193,1167,302,488,0,1438,519,ITG,ITG2,20,Sardegna,Sardegna,1639591,38297,2.34,0.12
1048,2021-01-27,SAR,1408,494,914,1303,105,0,0,79,1329,ITG,ITG2,20,Sardegna,Sardegna,1639591,39705,2.42,0.09
1049,2020-12-27,SAR,65,34,31,65,0,0,0,65,0,ITG,ITG2,20,Sardegna,Sardegna,1639591,39770,2.43,0.0
1050,2021-02-02,SAR,1482,655,827,988,494,0,0,241,1241,ITG,ITG2,20,Sardegna,Sardegna,1639591,41252,2.52,0.09
1051,2021-01-20,SAR,210,77,133,154,56,0,0,208,2,ITG,ITG2,20,Sardegna,Sardegna,1639591,41462,2.53,0.01
1052,2021-01-05,SAR,1327,446,881,1283,44,0,0,1327,0,ITG,ITG2,20,Sardegna,Sardegna,1639591,42789,2.61,0.08
1053,2021-01-10,SAR,2183,750,1433,1632,551,0,0,2183,0,ITG,ITG2,20,Sardegna,Sardegna,1639591,44972,2.74,0.13
1054,2021-01-28,SAR,2968,1044,1924,2554,414,0,0,69,2899,ITG,ITG2,20,Sardegna,Sardegna,1639591,47940,2.92,0.18
1055,2021-02-04,SAR,2270,815,1455,1737,363,169,1,914,1356,ITG,ITG2,20,Sardegna,Sardegna,1639591,50210,3.06,0.14
1056,2021-02-18,SAR,1869,731,1138,1067,504,297,1,1807,62,ITG,ITG2,20,Sardegna,Sardegna,1639591,52079,3.18,0.11
1057,2021-01-08,SAR,3257,1184,2073,2929,328,0,0,3257,0,ITG,ITG2,20,Sardegna,Sardegna,1639591,55336,3.37,0.2
1058,2021-01-06,SAR,1615,549,1066,1510,105,0,0,1615,0,ITG,ITG2,20,Sardegna,Sardegna,1639591,56951,3.47,0.1
1059,2020-12-29,SAR,57,32,25,56,1,0,0,57,0,ITG,ITG2,20,Sardegna,Sardegna,1639591,57008,3.48,0.0
1060,2021-02-19,SAR,1451,461,990,670,424,356,1,1395,56,ITG,ITG2,20,Sardegna,Sardegna,1639591,58459,3.57,0.09
1061,2021-02-14,SAR,538,262,276,288,193,57,0,536,2,ITG,ITG2,20,Sardegna,Sardegna,1639591,58997,3.6,0.03
1062,2021-01-19,SAR,747,270,477,423,164,160,0,692,55,ITG,ITG2,20,Sardegna,Sardegna,1639591,59744,3.64,0.05
1063,2021-02-07,SAR,1116,394,722,975,141,0,0,227,889,ITG,ITG2,20,Sardegna,Sardegna,1639591,60860,3.71,0.07
1064,2020-12-31,SAR,32,16,16,28,4,0,0,32,0,ITG,ITG2,20,Sardegna,Sardegna,1639591,60892,3.71,0.0
1065,2021-02-01,SAR,1521,603,918,891,553,77,0,223,1298,ITG,ITG2,20,Sardegna,Sardegna,1639591,62413,3.81,0.09
1066,2021-01-04,SAR,591,217,374,565,26,0,0,591,0,ITG,ITG2,20,Sardegna,Sardegna,1639591,63004,3.84,0.04
1067,2021-01-18,SAR,904,326,578,714,190,0,0,780,124,ITG,ITG2,20,Sardegna,Sardegna,1639591,63908,3.9,0.06
1068,2021-01-21,SAR,126,60,66,60,66,0,0,94,32,ITG,ITG2,20,Sardegna,Sardegna,1639591,64034,3.91,0.01
1069,2021-02-03,SAR,1117,417,700,918,180,19,0,425,692,ITG,ITG2,20,Sardegna,Sardegna,1639591,65151,3.97,0.07
1070,2021-01-30,SAR,3862,1392,2470,2987,874,0,1,362,3500,ITG,ITG2,20,Sardegna,Sardegna,1639591,69013,4.21,0.24
1071,2021-01-03,SAR,90,36,54,89,1,0,0,90,0,ITG,ITG2,20,Sardegna,Sardegna,1639591,69103,4.21,0.01
1072,2021-02-13,SAR,1451,561,890,732,467,252,0,1449,2,ITG,ITG2,20,Sardegna,Sardegna,1639591,70554,4.3,0.09
1073,2021-02-06,SAR,1969,697,1272,1543,287,139,0,568,1401,ITG,ITG2,20,Sardegna,Sardegna,1639591,72523,4.42,0.12
1074,2021-01-24,SAR,90,34,56,89,1,0,0,5,85,ITG,ITG2,20,Sardegna,Sardegna,1639591,72613,4.43,0.01
1075,2021-01-01,SAR,30,16,14,30,0,0,0,30,0,ITG,ITG2,20,Sardegna,Sardegna,1639591,72643,4.43,0.0
1076,2021-02-08,SAR,1470,533,937,998,345,126,1,855,615,ITG,ITG2,20,Sardegna,Sardegna,1639591,74113,4.52,0.09
1077,2021-01-29,VDA,316,138,178,259,41,16,0,2,314,ITC,ITC2,2,Valle d'Aosta / Vallée d'Aoste,Valle d'Aosta,125666,316,0.25,0.25
1078,2021-02-21,VDA,18,3,15,0,0,18,0,0,18,ITC,ITC2,2,Valle d'Aosta / Vallée d'Aoste,Valle d'Aosta,125666,334,0.27,0.01
1079,2021-01-09,VDA,443,199,244,225,196,22,0,443,0,ITC,ITC2,2,Valle d'Aosta / Vallée d'Aoste,Valle d'Aosta,125666,777,0.62,0.35
1080,2021-01-21,VDA,33,12,21,0,0,33,0,33,0,ITC,ITC2,2,Valle d'Aosta / Vallée d'Aoste,Valle d'Aosta,125666,810,0.64,0.03
1081,2021-02-07,VDA,292,120,172,110,77,0,105,190,102,ITC,ITC2,2,Valle d'Aosta / Vallée d'Aoste,Valle d'Aosta,125666,1102,0.88,0.23
1082,2021-02-16,VDA,325,53,272,10,298,12,5,320,5,ITC,ITC2,2,Valle d'Aosta / Vallée d'Aoste,Valle d'Aosta,125666,1427,1.14,0.26
1083,2021-02-05,VDA,294,102,192,159,82,0,53,101,193,ITC,ITC2,2,Valle d'Aosta / Vallée d'Aoste,Valle d'Aosta,125666,1721,1.37,0.23
1084,2021-01-13,VDA,337,110,227,166,143,28,0,337,0,ITC,ITC2,2,Valle d'Aosta / Vallée d'Aoste,Valle d'Aosta,125666,2058,1.64,0.27
1085,2021-01-14,VDA,237,69,168,151,84,0,2,237,0,ITC,ITC2,2,Valle d'Aosta / Vallée d'Aoste,Valle d'Aosta,125666,2295,1.83,0.19
1086,2021-01-30,VDA,436,202,234,232,192,12,0,13,423,ITC,ITC2,2,Valle d'Aosta / Vallée d'Aoste,Valle d'Aosta,125666,2731,2.17,0.35
1087,2021-01-18,VDA,213,74,139,29,111,27,46,213,0,ITC,ITC2,2,Valle d'Aosta / Vallée d'Aoste,Valle d'Aosta,125666,2944,2.34,0.17
1088,2021-01-02,VDA,6,5,1,0,0,6,0,6,0,ITC,ITC2,2,Valle d'Aosta / Vallée d'Aoste,Valle d'Aosta,125666,2950,2.35,0.0
1089,2021-02-06,VDA,288,103,185,169,45,0,74,91,197,ITC,ITC2,2,Valle d'Aosta / Vallée d'Aoste,Valle d'Aosta,125666,3238,2.58,0.23
1090,2021-01-22,VDA,56,21,35,36,0,20,0,20,36,ITC,ITC2,2,Valle d'Aosta / Vallée d'Aoste,Valle d'Aosta,125666,3294,2.62,0.04
1091,2021-01-11,VDA,325,112,213,238,57,30,0,325,0,ITC,ITC2,2,Valle d'Aosta / Vallée d'Aoste,Valle d'Aosta,125666,3619,2.88,0.26
1092,2021-01-20,VDA,23,8,15,0,0,6,17,23,0,ITC,ITC2,2,Valle d'Aosta / Vallée d'Aoste,Valle d'Aosta,125666,3642,2.9,0.02
1093,2021-02-20,VDA,247,208,39,6,234,7,0,238,9,ITC,ITC2,2,Valle d'Aosta / Vallée d'Aoste,Valle d'Aosta,125666,3889,3.09,0.2
1094,2021-02-09,VDA,251,84,167,78,84,14,75,68,183,ITC,ITC2,2,Valle d'Aosta / Vallée d'Aoste,Valle d'Aosta,125666,4140,3.29,0.2
1095,2021-02-17,VDA,327,144,183,25,35,30,237,227,100,ITC,ITC2,2,Valle d'Aosta / Vallée d'Aoste,Valle d'Aosta,125666,4467,3.55,0.26
1096,2021-01-06,VDA,65,33,32,29,18,18,0,65,0,ITC,ITC2,2,Valle d'Aosta / Vallée d'Aoste,Valle d'Aosta,125666,4532,3.61,0.05
1097,2021-01-10,VDA,220,71,149,172,29,19,0,220,0,ITC,ITC2,2,Valle d'Aosta / Vallée d'Aoste,Valle d'Aosta,125666,4752,3.78,0.18
1098,2021-01-08,VDA,299,130,169,240,43,16,0,299,0,ITC,ITC2,2,Valle d'Aosta / Vallée d'Aoste,Valle d'Aosta,125666,5051,4.02,0.24
1099,2020-12-31,VDA,18,4,14,16,2,0,0,18,0,ITC,ITC2,2,Valle d'Aosta / Vallée d'Aoste,Valle d'Aosta,125666,5069,4.03,0.01
1100,2021-01-05,VDA,150,54,96,127,12,11,0,150,0,ITC,ITC2,2,Valle d'Aosta / Vallée d'Aoste,Valle d'Aosta,125666,5219,4.15,0.12
1101,2021-01-12,VDA,302,72,230,242,49,11,0,302,0,ITC,ITC2,2,Valle d'Aosta / Vallée d'Aoste,Valle d'Aosta,125666,5521,4.39,0.24
1102,2021-02-11,VDA,231,107,124,53,51,0,127,222,9,ITC,ITC2,2,Valle d'Aosta / Vallée d'Aoste,Valle d'Aosta,125666,5752,4.58,0.18
1103,2020-12-27,VDA,20,9,11,20,0,0,0,20,0,ITC,ITC2,2,Valle d'Aosta / Vallée d'Aoste,Valle d'Aosta,125666,5772,4.59,0.02
1104,2021-02-02,VDA,270,70,200,225,43,2,0,2,268,ITC,ITC2,2,Valle d'Aosta / Vallée d'Aoste,Valle d'Aosta,125666,6042,4.81,0.21
1105,2021-02-08,VDA,223,83,140,28,128,3,64,25,198,ITC,ITC2,2,Valle d'Aosta / Vallée d'Aoste,Valle d'Aosta,125666,6265,4.99,0.18
1106,2021-01-15,VDA,218,82,136,116,68,28,6,218,0,ITC,ITC2,2,Valle d'Aosta / Vallée d'Aoste,Valle d'Aosta,125666,6483,5.16,0.17
1107,2021-01-17,VDA,131,56,75,49,3,20,59,131,0,ITC,ITC2,2,Valle d'Aosta / Vallée d'Aoste,Valle d'Aosta,125666,6614,5.26,0.1
1108,2021-02-10,VDA,239,75,164,51,44,18,126,132,107,ITC,ITC2,2,Valle d'Aosta / Vallée d'Aoste,Valle d'Aosta,125666,6853,5.45,0.19
1109,2021-02-15,VDA,264,136,128,24,46,24,170,229,35,ITC,ITC2,2,Valle d'Aosta / Vallée d'Aoste,Valle d'Aosta,125666,7117,5.66,0.21
1110,2021-01-19,VDA,256,77,179,160,24,15,57,256,0,ITC,ITC2,2,Valle d'Aosta / Vallée d'Aoste,Valle d'Aosta,125666,7373,5.87,0.2
1111,2021-02-13,VDA,215,195,20,0,215,0,0,215,0,ITC,ITC2,2,Valle d'Aosta / Vallée d'Aoste,Valle d'Aosta,125666,7588,6.04,0.17
1112,2021-01-28,VDA,290,123,167,194,88,6,2,56,234,ITC,ITC2,2,Valle d'Aosta / Vallée d'Aoste,Valle d'Aosta,125666,7878,6.27,0.23
1113,2021-01-27,VDA,151,71,80,53,27,18,53,79,72,ITC,ITC2,2,Valle d'Aosta / Vallée d'Aoste,Valle d'Aosta,125666,8029,6.39,0.12
1114,2021-02-14,VDA,48,16,32,6,0,42,0,1,47,ITC,ITC2,2,Valle d'Aosta / Vallée d'Aoste,Valle d'Aosta,125666,8077,6.43,0.04
1115,2021-02-03,VDA,348,114,234,157,141,49,1,13,335,ITC,ITC2,2,Valle d'Aosta / Vallée d'Aoste,Valle d'Aosta,125666,8425,6.7,0.28
1116,2021-01-25,VDA,147,65,82,125,16,6,0,0,147,ITC,ITC2,2,Valle d'Aosta / Vallée d'Aoste,Valle d'Aosta,125666,8572,6.82,0.12
1117,2021-01-26,VDA,139,48,91,115,12,12,0,0,139,ITC,ITC2,2,Valle d'Aosta / Vallée d'Aoste,Valle d'Aosta,125666,8711,6.93,0.11
1118,2021-02-12,VDA,245,94,151,51,50,13,131,215,30,ITC,ITC2,2,Valle d'Aosta / Vallée d'Aoste,Valle d'Aosta,125666,8956,7.13,0.19
1119,2021-02-01,VDA,397,124,273,268,60,69,0,81,316,ITC,ITC2,2,Valle d'Aosta / Vallée d'Aoste,Valle d'Aosta,125666,9353,7.44,0.32
1120,2021-01-07,VDA,275,111,164,224,46,5,0,275,0,ITC,ITC2,2,Valle d'Aosta / Vallée d'Aoste,Valle d'Aosta,125666,9628,7.66,0.22
1121,2021-02-04,VDA,293,85,208,167,91,34,1,7,286,ITC,ITC2,2,Valle d'Aosta / Vallée d'Aoste,Valle d'Aosta,125666,9921,7.89,0.23
1122,2021-01-16,VDA,236,80,156,127,36,22,51,236,0,ITC,ITC2,2,Valle d'Aosta / Vallée d'Aoste,Valle d'Aosta,125666,10157,8.08,0.19
1123,2021-01-31,VDA,290,90,200,231,41,18,0,58,232,ITC,ITC2,2,Valle d'Aosta / Vallée d'Aoste,Valle d'Aosta,125666,10447,8.31,0.23
1124,2021-02-18,VDA,348,153,195,61,62,45,180,260,88,ITC,ITC2,2,Valle d'Aosta / Vallée d'Aoste,Valle d'Aosta,125666,10795,8.59,0.28
1125,2021-02-19,VDA,292,102,190,17,95,35,145,268,24,ITC,ITC2,2,Valle d'Aosta / Vallée d'Aoste,Valle d'Aosta,125666,11087,8.82,0.23
1126,2021-01-04,VDA,142,59,83,126,16,0,0,142,0,ITC,ITC2,2,Valle d'Aosta / Vallée d'Aoste,Valle d'Aosta,125666,11229,8.94,0.11
