,data,area,Vaccinazioni giornaliere,sesso_maschile,sesso_femminile,prima_dose,seconda_dose,pregressa_infezione,codice_NUTS1,codice_NUTS2,codice_regione_ISTAT,nome_area,Regione,popolazione,Totale vaccinazioni,Totale vaccinazioni ogni cento ab,Vaccinazioni giornaliere ogni cento ab
0,2021-01-26,MAR,2021,747,1274,80,1932,9,ITI,ITI3,11,Marche,Marche,1525271,2021,0.13,0.13
1,2021-07-11,MAR,10415,5232,5183,1623,8656,136,ITI,ITI3,11,Marche,Marche,1525271,12436,0.82,0.68
2,2021-04-19,MAR,9602,4498,5104,7901,1581,120,ITI,ITI3,11,Marche,Marche,1525271,22038,1.44,0.63
3,2021-02-14,MAR,739,301,438,727,0,12,ITI,ITI3,11,Marche,Marche,1525271,22777,1.49,0.05
4,2021-04-05,MAR,5691,2358,3333,4346,1269,76,ITI,ITI3,11,Marche,Marche,1525271,28468,1.87,0.37
5,2021-06-27,MAR,9949,4820,5129,4487,5291,171,ITI,ITI3,11,Marche,Marche,1525271,38417,2.52,0.65
6,2021-03-19,MAR,3882,1621,2261,326,3544,12,ITI,ITI3,11,Marche,Marche,1525271,42299,2.77,0.25
7,2021-03-17,MAR,3476,1525,1951,105,3369,2,ITI,ITI3,11,Marche,Marche,1525271,45775,3.0,0.23
8,2021-06-15,MAR,13190,6566,6624,9822,3051,317,ITI,ITI3,11,Marche,Marche,1525271,58965,3.87,0.86
9,2021-01-12,MAR,1231,417,814,1218,0,13,ITI,ITI3,11,Marche,Marche,1525271,60196,3.95,0.08
10,2021-06-22,MAR,13219,6483,6736,6475,6461,283,ITI,ITI3,11,Marche,Marche,1525271,73415,4.81,0.87
11,2021-04-26,MAR,9170,4062,5108,6023,3022,125,ITI,ITI3,11,Marche,Marche,1525271,82585,5.41,0.6
12,2021-05-27,MAR,13732,6817,6915,9180,4301,251,ITI,ITI3,11,Marche,Marche,1525271,96317,6.31,0.9
13,2021-03-31,MAR,7374,3086,4288,4268,3023,83,ITI,ITI3,11,Marche,Marche,1525271,103691,6.8,0.48
14,2021-07-09,MAR,14911,7509,7402,2570,12128,213,ITI,ITI3,11,Marche,Marche,1525271,118602,7.78,0.98
15,2021-05-15,MAR,14112,6437,7675,7831,6036,245,ITI,ITI3,11,Marche,Marche,1525271,132714,8.7,0.93
16,2021-02-19,MAR,2003,740,1263,1827,135,41,ITI,ITI3,11,Marche,Marche,1525271,134717,8.83,0.13
17,2021-05-20,MAR,12681,5960,6721,7534,4896,251,ITI,ITI3,11,Marche,Marche,1525271,147398,9.66,0.83
18,2021-02-07,MAR,1871,735,1136,332,1527,12,ITI,ITI3,11,Marche,Marche,1525271,149269,9.79,0.12
19,2021-03-24,MAR,7080,3009,4071,3296,3716,68,ITI,ITI3,11,Marche,Marche,1525271,156349,10.25,0.46
20,2021-06-01,MAR,12058,6159,5899,9683,2090,285,ITI,ITI3,11,Marche,Marche,1525271,168407,11.04,0.79
21,2021-03-10,MAR,5710,2440,3270,4480,1178,52,ITI,ITI3,11,Marche,Marche,1525271,174117,11.42,0.37
22,2021-02-21,MAR,376,141,235,363,1,12,ITI,ITI3,11,Marche,Marche,1525271,174493,11.44,0.02
23,2021-01-19,MAR,232,87,145,139,90,3,ITI,ITI3,11,Marche,Marche,1525271,174725,11.46,0.02
24,2021-01-21,MAR,919,261,658,574,328,17,ITI,ITI3,11,Marche,Marche,1525271,175644,11.52,0.06
25,2021-05-01,MAR,9318,3924,5394,3500,5742,76,ITI,ITI3,11,Marche,Marche,1525271,184962,12.13,0.61
26,2021-03-05,MAR,6224,2872,3352,4693,1468,63,ITI,ITI3,11,Marche,Marche,1525271,191186,12.53,0.41
27,2021-01-07,MAR,1809,636,1173,1793,0,16,ITI,ITI3,11,Marche,Marche,1525271,192995,12.65,0.12
28,2021-05-08,MAR,12271,5477,6794,4857,7249,165,ITI,ITI3,11,Marche,Marche,1525271,205266,13.46,0.8
29,2021-01-09,MAR,1716,606,1110,1696,0,20,ITI,ITI3,11,Marche,Marche,1525271,206982,13.57,0.11
30,2021-04-02,MAR,6886,2983,3903,6039,739,108,ITI,ITI3,11,Marche,Marche,1525271,213868,14.02,0.45
31,2021-03-16,MAR,3519,1521,1998,285,3228,6,ITI,ITI3,11,Marche,Marche,1525271,217387,14.25,0.23
32,2021-01-23,MAR,557,190,367,120,434,3,ITI,ITI3,11,Marche,Marche,1525271,217944,14.29,0.04
33,2021-06-29,MAR,13372,6599,6773,4929,8216,227,ITI,ITI3,11,Marche,Marche,1525271,231316,15.17,0.88
34,2021-05-03,MAR,10392,4682,5710,4849,5409,134,ITI,ITI3,11,Marche,Marche,1525271,241708,15.85,0.68
35,2021-03-28,MAR,4125,1739,2386,2396,1691,38,ITI,ITI3,11,Marche,Marche,1525271,245833,16.12,0.27
36,2021-01-30,MAR,1906,668,1238,26,1880,0,ITI,ITI3,11,Marche,Marche,1525271,247739,16.24,0.12
37,2021-02-28,MAR,2836,1251,1585,2822,6,8,ITI,ITI3,11,Marche,Marche,1525271,250575,16.43,0.19
38,2021-06-08,MAR,14100,7097,7003,11198,2611,291,ITI,ITI3,11,Marche,Marche,1525271,264675,17.35,0.92
39,2021-03-02,MAR,5002,1967,3035,4371,566,65,ITI,ITI3,11,Marche,Marche,1525271,269677,17.68,0.33
40,2021-06-10,MAR,14927,7693,7234,12572,2013,342,ITI,ITI3,11,Marche,Marche,1525271,284604,18.66,0.98
41,2021-07-04,MAR,10894,5444,5450,3203,7529,162,ITI,ITI3,11,Marche,Marche,1525271,295498,19.37,0.71
42,2020-12-31,MAR,392,184,208,390,0,2,ITI,ITI3,11,Marche,Marche,1525271,295890,19.4,0.03
43,2021-02-04,MAR,2386,843,1543,107,2274,5,ITI,ITI3,11,Marche,Marche,1525271,298276,19.56,0.16
44,2021-01-18,MAR,696,237,459,536,149,11,ITI,ITI3,11,Marche,Marche,1525271,298972,19.6,0.05
45,2021-03-29,MAR,5894,2581,3313,3392,2455,47,ITI,ITI3,11,Marche,Marche,1525271,304866,19.99,0.39
46,2021-06-03,MAR,14632,7480,7152,12075,2252,305,ITI,ITI3,11,Marche,Marche,1525271,319498,20.95,0.96
47,2021-02-18,MAR,2143,785,1358,1808,286,49,ITI,ITI3,11,Marche,Marche,1525271,321641,21.09,0.14
48,2021-05-29,MAR,12860,6233,6627,8114,4528,218,ITI,ITI3,11,Marche,Marche,1525271,334501,21.93,0.84
49,2021-03-12,MAR,4682,2000,2682,3348,1280,54,ITI,ITI3,11,Marche,Marche,1525271,339183,22.24,0.31
50,2021-01-14,MAR,2012,694,1318,1988,0,24,ITI,ITI3,11,Marche,Marche,1525271,341195,22.37,0.13
51,2021-06-20,MAR,11157,5545,5612,5990,4985,182,ITI,ITI3,11,Marche,Marche,1525271,352352,23.1,0.73
52,2021-04-24,MAR,12166,5363,6803,7559,4464,143,ITI,ITI3,11,Marche,Marche,1525271,364518,23.9,0.8
53,2021-02-26,MAR,3677,1523,2154,3098,476,103,ITI,ITI3,11,Marche,Marche,1525271,368195,24.14,0.24
54,2021-02-02,MAR,1193,398,795,71,1122,0,ITI,ITI3,11,Marche,Marche,1525271,369388,24.22,0.08
55,2021-05-13,MAR,12604,5695,6909,6827,5500,277,ITI,ITI3,11,Marche,Marche,1525271,381992,25.04,0.83
56,2021-04-12,MAR,8565,3771,4794,7936,482,147,ITI,ITI3,11,Marche,Marche,1525271,390557,25.61,0.56
57,2021-01-02,MAR,456,141,315,454,0,2,ITI,ITI3,11,Marche,Marche,1525271,391013,25.64,0.03
58,2021-03-07,MAR,5180,2107,3073,4379,754,47,ITI,ITI3,11,Marche,Marche,1525271,396193,25.98,0.34
59,2021-01-31,MAR,1919,770,1149,97,1818,4,ITI,ITI3,11,Marche,Marche,1525271,398112,26.1,0.13
60,2021-04-07,MAR,8178,3615,4563,7716,347,115,ITI,ITI3,11,Marche,Marche,1525271,406290,26.64,0.54
61,2021-02-09,MAR,124,42,82,46,78,0,ITI,ITI3,11,Marche,Marche,1525271,406414,26.65,0.01
62,2021-07-16,MAR,15845,8240,7605,1852,13736,257,ITI,ITI3,11,Marche,Marche,1525271,422259,27.68,1.04
63,2021-06-12,MAR,13775,7312,6463,12105,1339,331,ITI,ITI3,11,Marche,Marche,1525271,436034,28.59,0.9
64,2021-04-16,MAR,10082,4702,5380,9361,525,196,ITI,ITI3,11,Marche,Marche,1525271,446116,29.25,0.66
65,2021-06-24,MAR,13828,6671,7157,6186,7371,271,ITI,ITI3,11,Marche,Marche,1525271,459944,30.15,0.91
66,2021-01-11,MAR,1177,412,765,1159,0,18,ITI,ITI3,11,Marche,Marche,1525271,461121,30.23,0.08
67,2021-04-21,MAR,10783,4967,5816,9436,1194,153,ITI,ITI3,11,Marche,Marche,1525271,471904,30.94,0.71
68,2021-01-28,MAR,2086,725,1361,163,1922,1,ITI,ITI3,11,Marche,Marche,1525271,473990,31.08,0.14
69,2021-05-10,MAR,9452,4338,5114,4771,4553,128,ITI,ITI3,11,Marche,Marche,1525271,483442,31.7,0.62
70,2021-03-14,MAR,2499,1032,1467,1897,592,10,ITI,ITI3,11,Marche,Marche,1525271,485941,31.86,0.16
71,2021-03-21,MAR,4505,1873,2632,1614,2876,15,ITI,ITI3,11,Marche,Marche,1525271,490446,32.15,0.3
72,2021-02-06,MAR,2463,902,1561,513,1941,9,ITI,ITI3,11,Marche,Marche,1525271,492909,32.32,0.16
73,2021-05-24,MAR,10984,5186,5798,7944,2863,177,ITI,ITI3,11,Marche,Marche,1525271,503893,33.04,0.72
74,2021-05-22,MAR,11937,5719,6218,7319,4448,170,ITI,ITI3,11,Marche,Marche,1525271,515830,33.82,0.78
75,2021-02-11,MAR,1987,657,1330,1557,389,41,ITI,ITI3,11,Marche,Marche,1525271,517817,33.95,0.13
76,2021-05-05,MAR,11691,5320,6371,5105,6429,157,ITI,ITI3,11,Marche,Marche,1525271,529508,34.72,0.77
77,2021-04-28,MAR,10928,4979,5949,6026,4733,169,ITI,ITI3,11,Marche,Marche,1525271,540436,35.43,0.72
78,2021-03-26,MAR,6381,2620,3761,3470,2855,56,ITI,ITI3,11,Marche,Marche,1525271,546817,35.85,0.42
79,2021-06-17,MAR,15191,7557,7634,8800,6096,295,ITI,ITI3,11,Marche,Marche,1525271,562008,36.85,1.0
80,2021-03-09,MAR,5431,2293,3138,4465,881,85,ITI,ITI3,11,Marche,Marche,1525271,567439,37.2,0.36
81,2021-04-13,MAR,9838,4260,5578,9412,233,193,ITI,ITI3,11,Marche,Marche,1525271,577277,37.85,0.65
82,2021-07-05,MAR,13151,6499,6652,2920,10060,171,ITI,ITI3,11,Marche,Marche,1525271,590428,38.71,0.86
83,2021-06-16,MAR,13759,6915,6844,9130,4366,263,ITI,ITI3,11,Marche,Marche,1525271,604187,39.61,0.9
84,2021-06-02,MAR,11901,5939,5962,11030,676,195,ITI,ITI3,11,Marche,Marche,1525271,616088,40.39,0.78
85,2021-02-22,MAR,3461,1532,1929,3352,75,34,ITI,ITI3,11,Marche,Marche,1525271,619549,40.62,0.23
86,2021-02-16,MAR,1287,475,812,1226,30,31,ITI,ITI3,11,Marche,Marche,1525271,620836,40.7,0.08
87,2021-02-25,MAR,3559,1463,2096,3319,181,59,ITI,ITI3,11,Marche,Marche,1525271,624395,40.94,0.23
88,2021-06-05,MAR,13941,7009,6932,11517,2059,365,ITI,ITI3,11,Marche,Marche,1525271,638336,41.85,0.91
89,2021-04-23,MAR,11306,5218,6088,8091,3055,160,ITI,ITI3,11,Marche,Marche,1525271,649642,42.59,0.74
90,2021-02-23,MAR,3314,1432,1882,3243,56,15,ITI,ITI3,11,Marche,Marche,1525271,652956,42.81,0.22
91,2021-01-15,MAR,1771,500,1271,1754,0,17,ITI,ITI3,11,Marche,Marche,1525271,654727,42.93,0.12
92,2021-04-25,MAR,8599,3993,4606,6897,1575,127,ITI,ITI3,11,Marche,Marche,1525271,663326,43.49,0.56
93,2021-04-04,MAR,3824,1792,2032,2606,1169,49,ITI,ITI3,11,Marche,Marche,1525271,667150,43.74,0.25
94,2021-07-13,MAR,14855,7279,7576,1452,13273,130,ITI,ITI3,11,Marche,Marche,1525271,682005,44.71,0.97
95,2021-06-09,MAR,14280,7417,6863,12109,1870,301,ITI,ITI3,11,Marche,Marche,1525271,696285,45.65,0.94
96,2021-06-07,MAR,13321,6588,6733,10568,2450,303,ITI,ITI3,11,Marche,Marche,1525271,709606,46.52,0.87
97,2021-02-27,MAR,3401,1457,1944,3158,209,34,ITI,ITI3,11,Marche,Marche,1525271,713007,46.75,0.22
98,2021-03-18,MAR,3438,1505,1933,150,3276,12,ITI,ITI3,11,Marche,Marche,1525271,716445,46.97,0.23
99,2021-06-26,MAR,13574,6904,6670,5688,7669,217,ITI,ITI3,11,Marche,Marche,1525271,730019,47.86,0.89
100,2021-05-23,MAR,9209,4283,4926,7413,1672,124,ITI,ITI3,11,Marche,Marche,1525271,739228,48.47,0.6
101,2021-05-06,MAR,12655,5822,6833,5362,7071,222,ITI,ITI3,11,Marche,Marche,1525271,751883,49.3,0.83
102,2021-02-12,MAR,1582,618,964,1404,152,26,ITI,ITI3,11,Marche,Marche,1525271,753465,49.4,0.1
103,2021-02-10,MAR,1439,452,987,1038,359,42,ITI,ITI3,11,Marche,Marche,1525271,754904,49.49,0.09
104,2021-06-11,MAR,13991,7151,6840,11367,2321,303,ITI,ITI3,11,Marche,Marche,1525271,768895,50.41,0.92
105,2021-05-25,MAR,11767,5798,5969,8497,3050,220,ITI,ITI3,11,Marche,Marche,1525271,780662,51.18,0.77
106,2021-01-04,MAR,1513,573,940,1501,0,12,ITI,ITI3,11,Marche,Marche,1525271,782175,51.28,0.1
107,2021-04-14,MAR,10213,4562,5651,9659,370,184,ITI,ITI3,11,Marche,Marche,1525271,792388,51.95,0.67
108,2020-12-30,MAR,17,5,12,17,0,0,ITI,ITI3,11,Marche,Marche,1525271,792405,51.95,0.0
109,2021-04-09,MAR,9571,4191,5380,9158,200,213,ITI,ITI3,11,Marche,Marche,1525271,801976,52.58,0.63
110,2021-01-06,MAR,2205,801,1404,2186,0,19,ITI,ITI3,11,Marche,Marche,1525271,804181,52.72,0.14
111,2021-03-04,MAR,6538,2893,3645,5085,1393,60,ITI,ITI3,11,Marche,Marche,1525271,810719,53.15,0.43
112,2021-03-13,MAR,5804,2680,3124,1765,3999,40,ITI,ITI3,11,Marche,Marche,1525271,816523,53.53,0.38
113,2021-06-21,MAR,12603,6182,6421,5481,6877,245,ITI,ITI3,11,Marche,Marche,1525271,829126,54.36,0.83
114,2021-05-09,MAR,8863,4020,4843,3559,5227,77,ITI,ITI3,11,Marche,Marche,1525271,837989,54.94,0.58
115,2021-01-13,MAR,2107,746,1361,2066,0,41,ITI,ITI3,11,Marche,Marche,1525271,840096,55.08,0.14
116,2021-05-02,MAR,8902,3939,4963,3083,5739,80,ITI,ITI3,11,Marche,Marche,1525271,848998,55.66,0.58
117,2021-06-28,MAR,12305,6001,6304,4611,7459,235,ITI,ITI3,11,Marche,Marche,1525271,861303,56.47,0.81
118,2021-03-22,MAR,5700,2409,3291,2482,3175,43,ITI,ITI3,11,Marche,Marche,1525271,867003,56.84,0.37
119,2021-01-24,MAR,881,339,542,5,876,0,ITI,ITI3,11,Marche,Marche,1525271,867884,56.9,0.06
120,2021-06-30,MAR,13657,6667,6990,4461,8985,211,ITI,ITI3,11,Marche,Marche,1525271,881541,57.8,0.9
121,2021-05-04,MAR,10973,4840,6133,4928,5904,141,ITI,ITI3,11,Marche,Marche,1525271,892514,58.52,0.72
122,2021-03-20,MAR,4178,1759,2419,1035,3129,14,ITI,ITI3,11,Marche,Marche,1525271,896692,58.79,0.27
123,2021-01-22,MAR,490,169,321,193,295,2,ITI,ITI3,11,Marche,Marche,1525271,897182,58.82,0.03
124,2021-07-07,MAR,14276,7079,7197,2958,11077,241,ITI,ITI3,11,Marche,Marche,1525271,911458,59.76,0.94
125,2021-05-12,MAR,10430,4691,5739,4737,5503,190,ITI,ITI3,11,Marche,Marche,1525271,921888,60.44,0.68
126,2021-07-08,MAR,15046,7544,7502,2790,12031,225,ITI,ITI3,11,Marche,Marche,1525271,936934,61.43,0.99
127,2021-07-01,MAR,14684,7364,7320,4658,9748,278,ITI,ITI3,11,Marche,Marche,1525271,951618,62.39,0.96
128,2021-02-15,MAR,967,412,555,939,13,15,ITI,ITI3,11,Marche,Marche,1525271,952585,62.45,0.06
129,2021-05-26,MAR,11888,5952,5936,8449,3225,214,ITI,ITI3,11,Marche,Marche,1525271,964473,63.23,0.78
130,2021-03-30,MAR,7475,3075,4400,4580,2823,72,ITI,ITI3,11,Marche,Marche,1525271,971948,63.72,0.49
131,2021-02-01,MAR,1362,479,883,94,1265,3,ITI,ITI3,11,Marche,Marche,1525271,973310,63.81,0.09
132,2021-07-17,MAR,12323,6334,5989,1102,11031,190,ITI,ITI3,11,Marche,Marche,1525271,985633,64.62,0.81
133,2021-05-21,MAR,13901,6590,7311,7226,6464,211,ITI,ITI3,11,Marche,Marche,1525271,999534,65.53,0.91
134,2021-05-28,MAR,13956,6736,7220,8801,4857,298,ITI,ITI3,11,Marche,Marche,1525271,1013490,66.45,0.91
135,2021-04-01,MAR,7576,3182,4394,4068,3416,92,ITI,ITI3,11,Marche,Marche,1525271,1021066,66.94,0.5
136,2021-07-10,MAR,14178,7240,6938,1673,12300,205,ITI,ITI3,11,Marche,Marche,1525271,1035244,67.87,0.93
137,2021-04-22,MAR,10797,4930,5867,9083,1578,136,ITI,ITI3,11,Marche,Marche,1525271,1046041,68.58,0.71
138,2021-02-24,MAR,3534,1547,1987,3424,78,32,ITI,ITI3,11,Marche,Marche,1525271,1049575,68.81,0.23
139,2021-06-04,MAR,14341,7294,7047,11594,2439,308,ITI,ITI3,11,Marche,Marche,1525271,1063916,69.75,0.94
140,2021-05-07,MAR,12840,5806,7034,3583,9179,78,ITI,ITI3,11,Marche,Marche,1525271,1076756,70.59,0.84
141,2021-02-13,MAR,1093,462,631,988,82,23,ITI,ITI3,11,Marche,Marche,1525271,1077849,70.67,0.07
142,2021-01-27,MAR,2120,780,1340,118,2000,2,ITI,ITI3,11,Marche,Marche,1525271,1079969,70.81,0.14
143,2021-04-20,MAR,10752,5027,5725,9153,1470,129,ITI,ITI3,11,Marche,Marche,1525271,1090721,71.51,0.7
144,2021-03-01,MAR,3772,1520,2252,3503,248,21,ITI,ITI3,11,Marche,Marche,1525271,1094493,71.76,0.25
145,2021-03-27,MAR,7415,3092,4323,4950,2393,72,ITI,ITI3,11,Marche,Marche,1525271,1101908,72.24,0.49
146,2021-04-10,MAR,10918,4621,6297,10370,313,235,ITI,ITI3,11,Marche,Marche,1525271,1112826,72.96,0.72
147,2021-01-03,MAR,907,354,553,897,0,10,ITI,ITI3,11,Marche,Marche,1525271,1113733,73.02,0.06
148,2021-03-08,MAR,6297,2759,3538,5187,1002,108,ITI,ITI3,11,Marche,Marche,1525271,1120030,73.43,0.41
149,2021-02-05,MAR,2155,654,1501,438,1716,1,ITI,ITI3,11,Marche,Marche,1525271,1122185,73.57,0.14
150,2021-05-16,MAR,10898,4957,5941,6551,4228,119,ITI,ITI3,11,Marche,Marche,1525271,1133083,74.29,0.71
151,2021-05-30,MAR,9732,4690,5042,6547,2989,196,ITI,ITI3,11,Marche,Marche,1525271,1142815,74.93,0.64
152,2021-03-06,MAR,5737,2641,3096,4423,1267,47,ITI,ITI3,11,Marche,Marche,1525271,1148552,75.3,0.38
153,2021-06-14,MAR,12833,6484,6349,9256,3308,269,ITI,ITI3,11,Marche,Marche,1525271,1161385,76.14,0.84
154,2021-01-29,MAR,1992,730,1262,161,1826,5,ITI,ITI3,11,Marche,Marche,1525271,1163377,76.27,0.13
155,2021-05-18,MAR,11256,5339,5917,7477,3601,178,ITI,ITI3,11,Marche,Marche,1525271,1174633,77.01,0.74
156,2021-05-11,MAR,10623,4832,5791,5490,4943,190,ITI,ITI3,11,Marche,Marche,1525271,1185256,77.71,0.7
157,2021-04-27,MAR,9591,4389,5202,5511,3987,93,ITI,ITI3,11,Marche,Marche,1525271,1194847,78.34,0.63
158,2021-01-17,MAR,1617,694,923,1550,61,6,ITI,ITI3,11,Marche,Marche,1525271,1196464,78.44,0.11
159,2021-01-25,MAR,1597,558,1039,94,1503,0,ITI,ITI3,11,Marche,Marche,1525271,1198061,78.55,0.1
160,2021-01-08,MAR,1582,592,990,1567,0,15,ITI,ITI3,11,Marche,Marche,1525271,1199643,78.65,0.1
161,2021-04-18,MAR,8824,4131,4693,7735,921,168,ITI,ITI3,11,Marche,Marche,1525271,1208467,79.23,0.58
162,2021-04-06,MAR,8874,3693,5181,7931,810,133,ITI,ITI3,11,Marche,Marche,1525271,1217341,79.81,0.58
163,2021-03-23,MAR,5838,2556,3282,2227,3576,35,ITI,ITI3,11,Marche,Marche,1525271,1223179,80.19,0.38
164,2021-02-08,MAR,833,258,575,366,462,5,ITI,ITI3,11,Marche,Marche,1525271,1224012,80.25,0.05
165,2021-07-15,MAR,16016,8289,7727,1756,14032,228,ITI,ITI3,11,Marche,Marche,1525271,1240028,81.3,1.05
166,2021-05-19,MAR,11660,5362,6298,8369,3096,195,ITI,ITI3,11,Marche,Marche,1525271,1251688,82.06,0.76
167,2021-04-17,MAR,11704,5316,6388,10400,1073,231,ITI,ITI3,11,Marche,Marche,1525271,1263392,82.83,0.77
168,2021-06-13,MAR,10746,5563,5183,9203,1294,249,ITI,ITI3,11,Marche,Marche,1525271,1274138,83.54,0.7
169,2020-12-27,MAR,205,100,105,203,0,2,ITI,ITI3,11,Marche,Marche,1525271,1274343,83.55,0.01
170,2021-03-15,MAR,4449,2059,2390,1291,3137,21,ITI,ITI3,11,Marche,Marche,1525271,1278792,83.84,0.29
171,2021-06-23,MAR,13895,6819,7076,6628,7012,255,ITI,ITI3,11,Marche,Marche,1525271,1292687,84.75,0.91
172,2021-04-08,MAR,8692,3805,4887,8217,345,130,ITI,ITI3,11,Marche,Marche,1525271,1301379,85.32,0.57
173,2021-03-03,MAR,6699,3076,3623,5718,884,97,ITI,ITI3,11,Marche,Marche,1525271,1308078,85.76,0.44
174,2021-01-05,MAR,1578,591,987,1559,0,19,ITI,ITI3,11,Marche,Marche,1525271,1309656,85.86,0.1
175,2021-04-15,MAR,10378,4675,5703,9579,565,234,ITI,ITI3,11,Marche,Marche,1525271,1320034,86.54,0.68
176,2021-02-17,MAR,1828,701,1127,1642,118,68,ITI,ITI3,11,Marche,Marche,1525271,1321862,86.66,0.12
177,2021-06-06,MAR,12450,6135,6315,10637,1577,236,ITI,ITI3,11,Marche,Marche,1525271,1334312,87.48,0.82
178,2021-07-14,MAR,13851,6819,7032,1785,11875,191,ITI,ITI3,11,Marche,Marche,1525271,1348163,88.39,0.91
179,2021-01-10,MAR,1745,701,1044,1731,0,14,ITI,ITI3,11,Marche,Marche,1525271,1349908,88.5,0.11
180,2021-07-12,MAR,13722,6804,6918,1228,12376,118,ITI,ITI3,11,Marche,Marche,1525271,1363630,89.4,0.9
181,2021-04-03,MAR,7574,3205,4369,6738,667,169,ITI,ITI3,11,Marche,Marche,1525271,1371204,89.9,0.5
182,2021-06-25,MAR,14345,7173,7172,6424,7634,287,ITI,ITI3,11,Marche,Marche,1525271,1385549,90.84,0.94
183,2021-07-06,MAR,13968,6923,7045,3144,10601,223,ITI,ITI3,11,Marche,Marche,1525271,1399517,91.76,0.92
184,2021-01-16,MAR,2036,733,1303,1986,0,50,ITI,ITI3,11,Marche,Marche,1525271,1401553,91.89,0.13
185,2021-06-19,MAR,14688,7402,7286,7749,6674,265,ITI,ITI3,11,Marche,Marche,1525271,1416241,92.85,0.96
186,2021-05-31,MAR,11783,5944,5839,8600,2931,252,ITI,ITI3,11,Marche,Marche,1525271,1428024,93.62,0.77
187,2021-05-17,MAR,12044,5649,6395,7470,4354,220,ITI,ITI3,11,Marche,Marche,1525271,1440068,94.41,0.79
188,2021-04-30,MAR,14150,6199,7951,5404,8559,187,ITI,ITI3,11,Marche,Marche,1525271,1454218,95.34,0.93
189,2021-04-11,MAR,7116,3115,4001,6692,286,138,ITI,ITI3,11,Marche,Marche,1525271,1461334,95.81,0.47
190,2021-03-11,MAR,6635,2824,3811,5149,1411,75,ITI,ITI3,11,Marche,Marche,1525271,1467969,96.24,0.44
191,2021-03-25,MAR,6702,2794,3908,3190,3456,56,ITI,ITI3,11,Marche,Marche,1525271,1474671,96.68,0.44
192,2021-07-03,MAR,13843,6991,6852,4136,9395,312,ITI,ITI3,11,Marche,Marche,1525271,1488514,97.59,0.91
193,2021-02-20,MAR,4163,1733,2430,4042,111,10,ITI,ITI3,11,Marche,Marche,1525271,1492677,97.86,0.27
194,2021-01-20,MAR,406,100,306,384,20,2,ITI,ITI3,11,Marche,Marche,1525271,1493083,97.89,0.03
195,2021-02-03,MAR,2124,741,1383,98,2005,21,ITI,ITI3,11,Marche,Marche,1525271,1495207,98.03,0.14
196,2021-05-14,MAR,13633,6292,7341,6509,6912,212,ITI,ITI3,11,Marche,Marche,1525271,1508840,98.92,0.89
197,2021-07-02,MAR,14546,7174,7372,4675,9641,230,ITI,ITI3,11,Marche,Marche,1525271,1523386,99.88,0.95
198,2021-06-18,MAR,15349,7649,7700,8299,6751,299,ITI,ITI3,11,Marche,Marche,1525271,1538735,100.88,1.01
199,2021-04-29,MAR,13439,6153,7286,7164,6098,177,ITI,ITI3,11,Marche,Marche,1525271,1552174,101.76,0.88
200,2021-03-09,CAL,6492,3384,3108,5447,982,63,ITF,ITF6,18,Calabria,Calabria,1947131,6492,0.33,0.33
201,2021-02-20,CAL,1438,765,673,1104,320,14,ITF,ITF6,18,Calabria,Calabria,1947131,7930,0.41,0.07
202,2021-05-31,CAL,15293,7343,7950,7310,7902,81,ITF,ITF6,18,Calabria,Calabria,1947131,23223,1.19,0.79
203,2021-04-30,CAL,15031,7366,7665,10555,4408,68,ITF,ITF6,18,Calabria,Calabria,1947131,38254,1.96,0.77
204,2021-01-18,CAL,1298,588,710,1052,242,4,ITF,ITF6,18,Calabria,Calabria,1947131,39552,2.03,0.07
205,2021-02-06,CAL,2914,1343,1571,444,2469,1,ITF,ITF6,18,Calabria,Calabria,1947131,42466,2.18,0.15
206,2021-07-10,CAL,15930,7529,8401,3248,12639,43,ITF,ITF6,18,Calabria,Calabria,1947131,58396,3.0,0.82
207,2021-01-23,CAL,401,186,215,359,42,0,ITF,ITF6,18,Calabria,Calabria,1947131,58797,3.02,0.02
208,2021-03-28,CAL,2690,1232,1458,1565,1121,4,ITF,ITF6,18,Calabria,Calabria,1947131,61487,3.16,0.14
209,2021-01-06,CAL,937,505,432,937,0,0,ITF,ITF6,18,Calabria,Calabria,1947131,62424,3.21,0.05
210,2021-04-16,CAL,10212,4978,5234,8571,1588,53,ITF,ITF6,18,Calabria,Calabria,1947131,72636,3.73,0.52
211,2021-02-18,CAL,1851,850,1001,1608,228,15,ITF,ITF6,18,Calabria,Calabria,1947131,74487,3.83,0.1
212,2021-06-21,CAL,15375,7078,8297,7979,7361,35,ITF,ITF6,18,Calabria,Calabria,1947131,89862,4.62,0.79
213,2021-01-04,CAL,1069,530,539,1066,0,3,ITF,ITF6,18,Calabria,Calabria,1947131,90931,4.67,0.05
214,2021-01-11,CAL,2174,1054,1120,2172,0,2,ITF,ITF6,18,Calabria,Calabria,1947131,93105,4.78,0.11
215,2021-01-25,CAL,1079,517,562,148,931,0,ITF,ITF6,18,Calabria,Calabria,1947131,94184,4.84,0.06
216,2021-05-05,CAL,13535,6474,7061,8409,5054,72,ITF,ITF6,18,Calabria,Calabria,1947131,107719,5.53,0.7
217,2021-03-02,CAL,4372,2494,1878,3608,756,8,ITF,ITF6,18,Calabria,Calabria,1947131,112091,5.76,0.22
218,2021-03-16,CAL,3857,1891,1966,2185,1660,12,ITF,ITF6,18,Calabria,Calabria,1947131,115948,5.95,0.2
219,2021-06-14,CAL,14352,6509,7843,9628,4648,76,ITF,ITF6,18,Calabria,Calabria,1947131,130300,6.69,0.74
220,2021-03-04,CAL,5483,3191,2292,4666,797,20,ITF,ITF6,18,Calabria,Calabria,1947131,135783,6.97,0.28
221,2021-06-12,CAL,13232,6294,6938,10768,2401,63,ITF,ITF6,18,Calabria,Calabria,1947131,149015,7.65,0.68
222,2021-04-18,CAL,5849,2796,3053,4915,913,21,ITF,ITF6,18,Calabria,Calabria,1947131,154864,7.95,0.3
223,2021-04-04,CAL,1570,785,785,1139,421,10,ITF,ITF6,18,Calabria,Calabria,1947131,156434,8.03,0.08
224,2021-06-26,CAL,15562,7185,8377,7554,7941,67,ITF,ITF6,18,Calabria,Calabria,1947131,171996,8.83,0.8
225,2021-06-07,CAL,17998,8419,9579,14710,3209,79,ITF,ITF6,18,Calabria,Calabria,1947131,189994,9.76,0.92
226,2021-07-01,CAL,12300,5797,6503,5399,6818,83,ITF,ITF6,18,Calabria,Calabria,1947131,202294,10.39,0.63
227,2021-02-01,CAL,2529,1203,1326,241,2285,3,ITF,ITF6,18,Calabria,Calabria,1947131,204823,10.52,0.13
228,2021-07-08,CAL,12044,5617,6427,2696,9306,42,ITF,ITF6,18,Calabria,Calabria,1947131,216867,11.14,0.62
229,2021-05-12,CAL,16423,8014,8409,10835,5496,92,ITF,ITF6,18,Calabria,Calabria,1947131,233290,11.98,0.84
230,2021-05-26,CAL,18710,9318,9392,10311,8307,92,ITF,ITF6,18,Calabria,Calabria,1947131,252000,12.94,0.96
231,2021-03-11,CAL,7263,3453,3810,5949,1269,45,ITF,ITF6,18,Calabria,Calabria,1947131,259263,13.32,0.37
232,2021-06-19,CAL,15836,7411,8425,8494,7277,65,ITF,ITF6,18,Calabria,Calabria,1947131,275099,14.13,0.81
233,2021-05-14,CAL,19919,9570,10349,12943,6866,110,ITF,ITF6,18,Calabria,Calabria,1947131,295018,15.15,1.02
234,2021-04-27,CAL,9957,4895,5062,7962,1949,46,ITF,ITF6,18,Calabria,Calabria,1947131,304975,15.66,0.51
235,2021-01-30,CAL,2189,1154,1035,340,1846,3,ITF,ITF6,18,Calabria,Calabria,1947131,307164,15.78,0.11
236,2021-02-17,CAL,1869,826,1043,1645,211,13,ITF,ITF6,18,Calabria,Calabria,1947131,309033,15.87,0.1
237,2021-05-28,CAL,20983,10197,10786,11416,9456,111,ITF,ITF6,18,Calabria,Calabria,1947131,330016,16.95,1.08
238,2021-04-15,CAL,7742,3797,3945,5973,1731,38,ITF,ITF6,18,Calabria,Calabria,1947131,337758,17.35,0.4
239,2021-04-01,CAL,8674,3947,4727,4162,4480,32,ITF,ITF6,18,Calabria,Calabria,1947131,346432,17.79,0.45
240,2021-07-03,CAL,15137,7128,8009,5258,9804,75,ITF,ITF6,18,Calabria,Calabria,1947131,361569,18.57,0.78
241,2021-04-11,CAL,4191,1905,2286,2231,1944,16,ITF,ITF6,18,Calabria,Calabria,1947131,365760,18.78,0.22
242,2021-04-13,CAL,6905,3386,3519,5572,1312,21,ITF,ITF6,18,Calabria,Calabria,1947131,372665,19.14,0.35
243,2021-01-20,CAL,1405,628,777,1401,1,3,ITF,ITF6,18,Calabria,Calabria,1947131,374070,19.21,0.07
244,2021-01-03,CAL,6,3,3,6,0,0,ITF,ITF6,18,Calabria,Calabria,1947131,374076,19.21,0.0
245,2021-02-11,CAL,2340,1044,1296,1062,1256,22,ITF,ITF6,18,Calabria,Calabria,1947131,376416,19.33,0.12
246,2021-05-23,CAL,11388,5553,5835,6995,4350,43,ITF,ITF6,18,Calabria,Calabria,1947131,387804,19.92,0.58
247,2021-04-23,CAL,13124,6444,6680,9430,3597,97,ITF,ITF6,18,Calabria,Calabria,1947131,400928,20.59,0.67
248,2021-01-13,CAL,2059,1040,1019,2047,0,12,ITF,ITF6,18,Calabria,Calabria,1947131,402987,20.7,0.11
249,2021-06-23,CAL,17151,7841,9310,8090,8980,81,ITF,ITF6,18,Calabria,Calabria,1947131,420138,21.58,0.88
250,2021-03-30,CAL,6421,2787,3634,3645,2759,17,ITF,ITF6,18,Calabria,Calabria,1947131,426559,21.91,0.33
251,2021-05-19,CAL,18296,9063,9233,11248,6975,73,ITF,ITF6,18,Calabria,Calabria,1947131,444855,22.85,0.94
252,2021-03-23,CAL,5269,2475,2794,3436,1812,21,ITF,ITF6,18,Calabria,Calabria,1947131,450124,23.12,0.27
253,2021-07-15,CAL,18254,8780,9474,2543,15668,43,ITF,ITF6,18,Calabria,Calabria,1947131,468378,24.05,0.94
254,2021-05-24,CAL,17762,8895,8867,9931,7748,83,ITF,ITF6,18,Calabria,Calabria,1947131,486140,24.97,0.91
255,2021-05-07,CAL,16123,7596,8527,9659,6390,74,ITF,ITF6,18,Calabria,Calabria,1947131,502263,25.8,0.83
256,2021-02-13,CAL,1399,604,795,1030,366,3,ITF,ITF6,18,Calabria,Calabria,1947131,503662,25.87,0.07
257,2021-06-11,CAL,17834,8767,9067,15132,2584,118,ITF,ITF6,18,Calabria,Calabria,1947131,521496,26.78,0.92
258,2021-01-08,CAL,2181,1039,1142,2174,0,7,ITF,ITF6,18,Calabria,Calabria,1947131,523677,26.89,0.11
259,2021-02-25,CAL,2892,1557,1335,2256,596,40,ITF,ITF6,18,Calabria,Calabria,1947131,526569,27.04,0.15
260,2021-03-06,CAL,8460,4357,4103,7644,797,19,ITF,ITF6,18,Calabria,Calabria,1947131,535029,27.48,0.43
261,2021-02-03,CAL,2830,1456,1374,560,2265,5,ITF,ITF6,18,Calabria,Calabria,1947131,537859,27.62,0.15
262,2021-02-22,CAL,2055,1043,1012,1488,558,9,ITF,ITF6,18,Calabria,Calabria,1947131,539914,27.73,0.11
263,2021-06-02,CAL,12098,5801,6297,8786,3265,47,ITF,ITF6,18,Calabria,Calabria,1947131,552012,28.35,0.62
264,2021-04-08,CAL,9306,4399,4907,5794,3467,45,ITF,ITF6,18,Calabria,Calabria,1947131,561318,28.83,0.48
265,2021-02-10,CAL,2514,1081,1433,868,1631,15,ITF,ITF6,18,Calabria,Calabria,1947131,563832,28.96,0.13
266,2021-07-17,CAL,13563,6611,6952,1895,11627,41,ITF,ITF6,18,Calabria,Calabria,1947131,577395,29.65,0.7
267,2021-06-04,CAL,17523,8151,9372,12952,4501,70,ITF,ITF6,18,Calabria,Calabria,1947131,594918,30.55,0.9
268,2021-05-21,CAL,21331,10864,10467,13864,7359,108,ITF,ITF6,18,Calabria,Calabria,1947131,616249,31.65,1.1
269,2021-03-27,CAL,8769,3989,4780,4651,4075,43,ITF,ITF6,18,Calabria,Calabria,1947131,625018,32.1,0.45
270,2021-07-05,CAL,13384,6257,7127,4289,9039,56,ITF,ITF6,18,Calabria,Calabria,1947131,638402,32.79,0.69
271,2021-03-08,CAL,5492,2973,2519,4397,1068,27,ITF,ITF6,18,Calabria,Calabria,1947131,643894,33.07,0.28
272,2021-03-25,CAL,7468,3516,3952,4566,2872,30,ITF,ITF6,18,Calabria,Calabria,1947131,651362,33.45,0.38
273,2021-06-16,CAL,18317,8466,9851,12116,6116,85,ITF,ITF6,18,Calabria,Calabria,1947131,669679,34.39,0.94
274,2021-03-01,CAL,2730,1550,1180,2270,456,4,ITF,ITF6,18,Calabria,Calabria,1947131,672409,34.53,0.14
275,2021-06-09,CAL,18221,8598,9623,15902,2236,83,ITF,ITF6,18,Calabria,Calabria,1947131,690630,35.47,0.94
276,2021-07-12,CAL,17963,8529,9434,2678,15236,49,ITF,ITF6,18,Calabria,Calabria,1947131,708593,36.39,0.92
277,2021-01-10,CAL,937,530,407,937,0,0,ITF,ITF6,18,Calabria,Calabria,1947131,709530,36.44,0.05
278,2021-04-20,CAL,7858,3965,3893,6058,1728,72,ITF,ITF6,18,Calabria,Calabria,1947131,717388,36.84,0.4
279,2021-02-12,CAL,1710,668,1042,941,763,6,ITF,ITF6,18,Calabria,Calabria,1947131,719098,36.93,0.09
280,2021-06-27,CAL,8413,3937,4476,4980,3397,36,ITF,ITF6,18,Calabria,Calabria,1947131,727511,37.36,0.43
281,2021-03-13,CAL,6949,3019,3930,5935,986,28,ITF,ITF6,18,Calabria,Calabria,1947131,734460,37.72,0.36
282,2021-01-15,CAL,2805,1260,1545,2799,0,6,ITF,ITF6,18,Calabria,Calabria,1947131,737265,37.86,0.14
283,2021-04-25,CAL,15887,8060,7827,14799,1026,62,ITF,ITF6,18,Calabria,Calabria,1947131,753152,38.68,0.82
284,2021-06-30,CAL,16366,7493,8873,7008,9263,95,ITF,ITF6,18,Calabria,Calabria,1947131,769518,39.52,0.84
285,2021-06-28,CAL,13280,6118,7162,5367,7849,64,ITF,ITF6,18,Calabria,Calabria,1947131,782798,40.2,0.68
286,2021-03-20,CAL,6717,3076,3641,4183,2518,16,ITF,ITF6,18,Calabria,Calabria,1947131,789515,40.55,0.34
287,2021-03-15,CAL,3619,1744,1875,2160,1450,9,ITF,ITF6,18,Calabria,Calabria,1947131,793134,40.73,0.19
288,2021-07-02,CAL,16249,7527,8722,6237,9931,81,ITF,ITF6,18,Calabria,Calabria,1947131,809383,41.57,0.83
289,2021-05-20,CAL,16966,8488,8478,11259,5640,67,ITF,ITF6,18,Calabria,Calabria,1947131,826349,42.44,0.87
290,2021-02-07,CAL,861,430,431,146,713,2,ITF,ITF6,18,Calabria,Calabria,1947131,827210,42.48,0.04
291,2021-05-18,CAL,15334,7670,7664,11849,3417,68,ITF,ITF6,18,Calabria,Calabria,1947131,842544,43.27,0.79
292,2021-05-16,CAL,13780,6722,7058,9916,3812,52,ITF,ITF6,18,Calabria,Calabria,1947131,856324,43.98,0.71
293,2021-01-17,CAL,897,431,466,797,95,5,ITF,ITF6,18,Calabria,Calabria,1947131,857221,44.02,0.05
294,2021-03-24,CAL,7822,3578,4244,4514,3286,22,ITF,ITF6,18,Calabria,Calabria,1947131,865043,44.43,0.4
295,2021-04-10,CAL,11646,5269,6377,6748,4855,43,ITF,ITF6,18,Calabria,Calabria,1947131,876689,45.02,0.6
296,2021-02-05,CAL,3822,1721,2101,474,3333,15,ITF,ITF6,18,Calabria,Calabria,1947131,880511,45.22,0.2
297,2021-04-29,CAL,12461,6054,6407,8658,3752,51,ITF,ITF6,18,Calabria,Calabria,1947131,892972,45.86,0.64
298,2021-04-12,CAL,6998,3408,3590,5331,1646,21,ITF,ITF6,18,Calabria,Calabria,1947131,899970,46.22,0.36
299,2021-01-19,CAL,1119,493,626,1105,12,2,ITF,ITF6,18,Calabria,Calabria,1947131,901089,46.28,0.06
300,2021-07-04,CAL,5934,2812,3122,1980,3919,35,ITF,ITF6,18,Calabria,Calabria,1947131,907023,46.58,0.3
301,2021-06-17,CAL,15797,7218,8579,9589,6158,50,ITF,ITF6,18,Calabria,Calabria,1947131,922820,47.39,0.81
302,2021-03-26,CAL,8091,3840,4251,4940,3123,28,ITF,ITF6,18,Calabria,Calabria,1947131,930911,47.81,0.42
303,2021-07-06,CAL,11818,5452,6366,3615,8145,58,ITF,ITF6,18,Calabria,Calabria,1947131,942729,48.42,0.61
304,2021-05-09,CAL,9633,4498,5135,6055,3537,41,ITF,ITF6,18,Calabria,Calabria,1947131,952362,48.91,0.49
305,2021-01-29,CAL,2066,995,1071,227,1838,1,ITF,ITF6,18,Calabria,Calabria,1947131,954428,49.02,0.11
306,2021-05-04,CAL,16437,7577,8860,11649,4703,85,ITF,ITF6,18,Calabria,Calabria,1947131,970865,49.86,0.84
307,2021-01-22,CAL,659,275,384,657,2,0,ITF,ITF6,18,Calabria,Calabria,1947131,971524,49.9,0.03
308,2021-05-02,CAL,12519,5844,6675,10612,1850,57,ITF,ITF6,18,Calabria,Calabria,1947131,984043,50.54,0.64
309,2021-03-29,CAL,5765,2491,3274,3981,1760,24,ITF,ITF6,18,Calabria,Calabria,1947131,989808,50.83,0.3
310,2021-01-31,CAL,1117,557,560,153,964,0,ITF,ITF6,18,Calabria,Calabria,1947131,990925,50.89,0.06
311,2021-07-07,CAL,13959,6580,7379,3910,9978,71,ITF,ITF6,18,Calabria,Calabria,1947131,1004884,51.61,0.72
312,2021-05-11,CAL,15081,7305,7776,10237,4778,66,ITF,ITF6,18,Calabria,Calabria,1947131,1019965,52.38,0.77
313,2021-07-16,CAL,20997,10009,10988,3396,17533,68,ITF,ITF6,18,Calabria,Calabria,1947131,1040962,53.46,1.08
314,2021-03-22,CAL,4960,2327,2633,3171,1765,24,ITF,ITF6,18,Calabria,Calabria,1947131,1045922,53.72,0.25
315,2021-02-09,CAL,2158,912,1246,946,1203,9,ITF,ITF6,18,Calabria,Calabria,1947131,1048080,53.83,0.11
316,2021-05-29,CAL,19273,8951,10322,9344,9853,76,ITF,ITF6,18,Calabria,Calabria,1947131,1067353,54.82,0.99
317,2021-04-14,CAL,8074,3897,4177,6585,1444,45,ITF,ITF6,18,Calabria,Calabria,1947131,1075427,55.23,0.41
318,2021-02-16,CAL,1743,739,1004,1459,279,5,ITF,ITF6,18,Calabria,Calabria,1947131,1077170,55.32,0.09
319,2021-05-27,CAL,17653,8728,8925,9768,7803,82,ITF,ITF6,18,Calabria,Calabria,1947131,1094823,56.23,0.91
320,2021-02-15,CAL,1152,547,605,996,151,5,ITF,ITF6,18,Calabria,Calabria,1947131,1095975,56.29,0.06
321,2020-12-27,CAL,312,170,142,312,0,0,ITF,ITF6,18,Calabria,Calabria,1947131,1096287,56.3,0.02
322,2021-04-06,CAL,8121,3698,4423,4454,3643,24,ITF,ITF6,18,Calabria,Calabria,1947131,1104408,56.72,0.42
323,2021-02-08,CAL,1858,739,1119,659,1196,3,ITF,ITF6,18,Calabria,Calabria,1947131,1106266,56.82,0.1
324,2021-04-24,CAL,19254,9580,9674,15735,3436,83,ITF,ITF6,18,Calabria,Calabria,1947131,1125520,57.8,0.99
325,2021-02-26,CAL,3084,1646,1438,2616,453,15,ITF,ITF6,18,Calabria,Calabria,1947131,1128604,57.96,0.16
326,2021-06-20,CAL,6648,3149,3499,3809,2811,28,ITF,ITF6,18,Calabria,Calabria,1947131,1135252,58.3,0.34
327,2021-06-06,CAL,13725,6592,7133,11963,1695,67,ITF,ITF6,18,Calabria,Calabria,1947131,1148977,59.01,0.7
328,2021-01-05,CAL,1523,713,810,1521,0,2,ITF,ITF6,18,Calabria,Calabria,1947131,1150500,59.09,0.08
329,2021-01-12,CAL,2077,1028,1049,2068,0,9,ITF,ITF6,18,Calabria,Calabria,1947131,1152577,59.19,0.11
330,2021-02-24,CAL,1914,975,939,1430,478,6,ITF,ITF6,18,Calabria,Calabria,1947131,1154491,59.29,0.1
331,2021-03-03,CAL,5060,2764,2296,3967,1080,13,ITF,ITF6,18,Calabria,Calabria,1947131,1159551,59.55,0.26
332,2021-06-29,CAL,13019,6012,7007,5330,7639,50,ITF,ITF6,18,Calabria,Calabria,1947131,1172570,60.22,0.67
333,2021-05-03,CAL,14775,6771,8004,10463,4226,86,ITF,ITF6,18,Calabria,Calabria,1947131,1187345,60.98,0.76
334,2021-03-21,CAL,4453,1923,2530,2727,1716,10,ITF,ITF6,18,Calabria,Calabria,1947131,1191798,61.21,0.23
335,2021-06-18,CAL,18848,8781,10067,11252,7489,107,ITF,ITF6,18,Calabria,Calabria,1947131,1210646,62.18,0.97
336,2021-03-10,CAL,6774,3456,3318,5406,1339,29,ITF,ITF6,18,Calabria,Calabria,1947131,1217420,62.52,0.35
337,2021-06-01,CAL,12863,5964,6899,7886,4919,58,ITF,ITF6,18,Calabria,Calabria,1947131,1230283,63.18,0.66
338,2021-01-02,CAL,166,94,72,166,0,0,ITF,ITF6,18,Calabria,Calabria,1947131,1230449,63.19,0.01
339,2021-04-03,CAL,9415,4073,5342,4508,4849,58,ITF,ITF6,18,Calabria,Calabria,1947131,1239864,63.68,0.48
340,2021-01-28,CAL,2270,1127,1143,82,2188,0,ITF,ITF6,18,Calabria,Calabria,1947131,1242134,63.79,0.12
341,2021-05-08,CAL,18463,8391,10072,10542,7857,64,ITF,ITF6,18,Calabria,Calabria,1947131,1260597,64.74,0.95
342,2021-05-22,CAL,22181,10553,11628,14235,7856,90,ITF,ITF6,18,Calabria,Calabria,1947131,1282778,65.88,1.14
343,2021-04-21,CAL,11559,5806,5753,8608,2898,53,ITF,ITF6,18,Calabria,Calabria,1947131,1294337,66.47,0.59
344,2021-04-02,CAL,8528,3905,4623,4579,3917,32,ITF,ITF6,18,Calabria,Calabria,1947131,1302865,66.91,0.44
345,2021-06-24,CAL,15283,6965,8318,6883,8326,74,ITF,ITF6,18,Calabria,Calabria,1947131,1318148,67.7,0.78
346,2021-03-19,CAL,4188,1956,2232,1887,2294,7,ITF,ITF6,18,Calabria,Calabria,1947131,1322336,67.91,0.22
347,2021-07-11,CAL,6426,2980,3446,843,5573,10,ITF,ITF6,18,Calabria,Calabria,1947131,1328762,68.24,0.33
348,2021-06-10,CAL,15896,7328,8568,12984,2814,98,ITF,ITF6,18,Calabria,Calabria,1947131,1344658,69.06,0.82
349,2021-01-24,CAL,46,19,27,40,6,0,ITF,ITF6,18,Calabria,Calabria,1947131,1344704,69.06,0.0
350,2021-07-09,CAL,15646,7297,8349,3628,11949,69,ITF,ITF6,18,Calabria,Calabria,1947131,1360350,69.86,0.8
351,2020-12-28,CAL,6,2,4,6,0,0,ITF,ITF6,18,Calabria,Calabria,1947131,1360356,69.86,0.0
352,2021-06-03,CAL,14224,6649,7575,9584,4585,55,ITF,ITF6,18,Calabria,Calabria,1947131,1374580,70.6,0.73
353,2021-04-07,CAL,7138,3249,3889,4076,3017,45,ITF,ITF6,18,Calabria,Calabria,1947131,1381718,70.96,0.37
354,2021-02-23,CAL,1597,755,842,1475,117,5,ITF,ITF6,18,Calabria,Calabria,1947131,1383315,71.04,0.08
355,2021-03-31,CAL,9104,4150,4954,5029,4041,34,ITF,ITF6,18,Calabria,Calabria,1947131,1392419,71.51,0.47
356,2021-04-09,CAL,7952,3729,4223,4984,2888,80,ITF,ITF6,18,Calabria,Calabria,1947131,1400371,71.92,0.41
357,2021-05-13,CAL,15951,7675,8276,11173,4710,68,ITF,ITF6,18,Calabria,Calabria,1947131,1416322,72.74,0.82
358,2021-02-19,CAL,1509,682,827,1239,261,9,ITF,ITF6,18,Calabria,Calabria,1947131,1417831,72.82,0.08
359,2021-05-30,CAL,10956,5268,5688,6769,4151,36,ITF,ITF6,18,Calabria,Calabria,1947131,1428787,73.38,0.56
360,2021-01-07,CAL,2204,1077,1127,2200,0,4,ITF,ITF6,18,Calabria,Calabria,1947131,1430991,73.49,0.11
361,2021-06-13,CAL,6819,3349,3470,5720,1047,52,ITF,ITF6,18,Calabria,Calabria,1947131,1437810,73.84,0.35
362,2021-04-17,CAL,10851,5086,5765,9009,1797,45,ITF,ITF6,18,Calabria,Calabria,1947131,1448661,74.4,0.56
363,2021-05-01,CAL,16698,7955,8743,12376,4236,86,ITF,ITF6,18,Calabria,Calabria,1947131,1465359,75.26,0.86
364,2021-03-05,CAL,6237,3620,2617,5646,575,16,ITF,ITF6,18,Calabria,Calabria,1947131,1471596,75.58,0.32
365,2021-03-12,CAL,5152,2468,2684,4079,1055,18,ITF,ITF6,18,Calabria,Calabria,1947131,1476748,75.84,0.26
366,2021-01-14,CAL,2650,1257,1393,2644,0,6,ITF,ITF6,18,Calabria,Calabria,1947131,1479398,75.98,0.14
367,2021-01-21,CAL,967,451,516,933,31,3,ITF,ITF6,18,Calabria,Calabria,1947131,1480365,76.03,0.05
368,2021-06-05,CAL,20683,9687,10996,17615,2989,79,ITF,ITF6,18,Calabria,Calabria,1947131,1501048,77.09,1.06
369,2021-03-07,CAL,3396,1732,1664,3291,92,13,ITF,ITF6,18,Calabria,Calabria,1947131,1504444,77.26,0.17
370,2021-06-15,CAL,9836,4554,5282,6437,3345,54,ITF,ITF6,18,Calabria,Calabria,1947131,1514280,77.77,0.51
371,2021-03-14,CAL,2717,1056,1661,2281,430,6,ITF,ITF6,18,Calabria,Calabria,1947131,1516997,77.91,0.14
372,2021-06-22,CAL,14577,6895,7682,7354,7131,92,ITF,ITF6,18,Calabria,Calabria,1947131,1531574,78.66,0.75
373,2021-05-10,CAL,13160,6123,7037,7707,5399,54,ITF,ITF6,18,Calabria,Calabria,1947131,1544734,79.33,0.68
374,2021-04-26,CAL,10184,5060,5124,7722,2418,44,ITF,ITF6,18,Calabria,Calabria,1947131,1554918,79.86,0.52
375,2021-05-17,CAL,14918,7468,7450,10152,4716,50,ITF,ITF6,18,Calabria,Calabria,1947131,1569836,80.62,0.77
376,2021-02-21,CAL,626,296,330,548,77,1,ITF,ITF6,18,Calabria,Calabria,1947131,1570462,80.66,0.03
377,2021-04-28,CAL,12559,6088,6471,9624,2864,71,ITF,ITF6,18,Calabria,Calabria,1947131,1583021,81.3,0.65
378,2021-02-04,CAL,3615,1718,1897,647,2962,6,ITF,ITF6,18,Calabria,Calabria,1947131,1586636,81.49,0.19
379,2021-05-15,CAL,27246,13035,14211,20261,6854,131,ITF,ITF6,18,Calabria,Calabria,1947131,1613882,82.89,1.4
380,2021-02-02,CAL,2356,1155,1201,177,2179,0,ITF,ITF6,18,Calabria,Calabria,1947131,1616238,83.01,0.12
381,2021-01-16,CAL,2403,1127,1276,2400,0,3,ITF,ITF6,18,Calabria,Calabria,1947131,1618641,83.13,0.12
382,2021-03-18,CAL,4428,2071,2357,2332,2073,23,ITF,ITF6,18,Calabria,Calabria,1947131,1623069,83.36,0.23
383,2021-02-27,CAL,4008,2063,1945,3619,382,7,ITF,ITF6,18,Calabria,Calabria,1947131,1627077,83.56,0.21
384,2021-01-27,CAL,1476,745,731,394,1081,1,ITF,ITF6,18,Calabria,Calabria,1947131,1628553,83.64,0.08
385,2021-02-14,CAL,474,218,256,442,31,1,ITF,ITF6,18,Calabria,Calabria,1947131,1629027,83.66,0.02
386,2021-05-25,CAL,16402,8031,8371,10207,6111,84,ITF,ITF6,18,Calabria,Calabria,1947131,1645429,84.51,0.84
387,2021-01-26,CAL,1856,886,970,276,1579,1,ITF,ITF6,18,Calabria,Calabria,1947131,1647285,84.6,0.1
388,2021-04-22,CAL,9775,4882,4893,6842,2888,45,ITF,ITF6,18,Calabria,Calabria,1947131,1657060,85.1,0.5
389,2021-05-06,CAL,13266,6278,6988,8924,4275,67,ITF,ITF6,18,Calabria,Calabria,1947131,1670326,85.78,0.68
390,2021-07-14,CAL,22593,10656,11937,4154,18365,74,ITF,ITF6,18,Calabria,Calabria,1947131,1692919,86.94,1.16
391,2021-04-05,CAL,3643,1727,1916,2671,960,12,ITF,ITF6,18,Calabria,Calabria,1947131,1696562,87.13,0.19
392,2021-06-08,CAL,16669,7897,8772,14518,2031,120,ITF,ITF6,18,Calabria,Calabria,1947131,1713231,87.99,0.86
393,2021-03-17,CAL,4118,1832,2286,2183,1927,8,ITF,ITF6,18,Calabria,Calabria,1947131,1717349,88.2,0.21
394,2021-06-25,CAL,18794,8728,10066,8069,10648,77,ITF,ITF6,18,Calabria,Calabria,1947131,1736143,89.16,0.97
395,2021-07-13,CAL,17398,8145,9253,2316,15016,66,ITF,ITF6,18,Calabria,Calabria,1947131,1753541,90.06,0.89
396,2021-04-19,CAL,7875,3799,4076,6155,1675,45,ITF,ITF6,18,Calabria,Calabria,1947131,1761416,90.46,0.4
397,2021-01-09,CAL,1979,1066,913,1971,0,8,ITF,ITF6,18,Calabria,Calabria,1947131,1763395,90.56,0.1
398,2021-02-28,CAL,2339,1062,1277,2182,154,3,ITF,ITF6,18,Calabria,Calabria,1947131,1765734,90.68,0.12
399,2021-05-17,VEN,26496,12978,13518,15650,10017,829,ITH,ITH3,5,Veneto,Veneto,4905854,26496,0.54,0.54
400,2021-02-06,VEN,4095,1354,2741,709,3386,0,ITH,ITH3,5,Veneto,Veneto,4905854,30591,0.62,0.08
401,2021-02-23,VEN,7383,3253,4130,7029,270,84,ITH,ITH3,5,Veneto,Veneto,4905854,37974,0.77,0.15
402,2021-04-28,VEN,32409,15177,17232,22201,9019,1189,ITH,ITH3,5,Veneto,Veneto,4905854,70383,1.43,0.66
403,2021-06-17,VEN,51605,25865,25740,25399,24988,1218,ITH,ITH3,5,Veneto,Veneto,4905854,121988,2.49,1.05
404,2021-03-09,VEN,16543,7446,9097,9824,6323,396,ITH,ITH3,5,Veneto,Veneto,4905854,138531,2.82,0.34
405,2021-05-31,VEN,31614,16229,15385,20877,9915,822,ITH,ITH3,5,Veneto,Veneto,4905854,170145,3.47,0.64
406,2021-03-26,VEN,29593,13149,16444,23276,5461,856,ITH,ITH3,5,Veneto,Veneto,4905854,199738,4.07,0.6
407,2021-03-28,VEN,31302,13604,17698,26881,3612,809,ITH,ITH3,5,Veneto,Veneto,4905854,231040,4.71,0.64
408,2021-06-19,VEN,49241,25057,24184,25601,22546,1094,ITH,ITH3,5,Veneto,Veneto,4905854,280281,5.71,1.0
409,2021-07-06,VEN,36015,18562,17453,13144,22219,652,ITH,ITH3,5,Veneto,Veneto,4905854,316296,6.45,0.73
410,2021-05-05,VEN,44368,21255,23113,36157,6568,1643,ITH,ITH3,5,Veneto,Veneto,4905854,360664,7.35,0.9
411,2021-07-01,VEN,50685,25886,24799,20567,29086,1032,ITH,ITH3,5,Veneto,Veneto,4905854,411349,8.38,1.03
412,2021-05-12,VEN,36890,17858,19032,30148,5122,1620,ITH,ITH3,5,Veneto,Veneto,4905854,448239,9.14,0.75
413,2021-07-08,VEN,46484,24191,22293,4434,41747,303,ITH,ITH3,5,Veneto,Veneto,4905854,494723,10.08,0.95
414,2021-02-25,VEN,7898,3339,4559,7156,605,137,ITH,ITH3,5,Veneto,Veneto,4905854,502621,10.25,0.16
415,2021-04-09,VEN,31193,13763,17430,21912,8341,940,ITH,ITH3,5,Veneto,Veneto,4905854,533814,10.88,0.64
416,2021-06-05,VEN,46810,24108,22702,37313,8049,1448,ITH,ITH3,5,Veneto,Veneto,4905854,580624,11.84,0.95
417,2021-07-13,VEN,43382,22509,20873,5375,37692,315,ITH,ITH3,5,Veneto,Veneto,4905854,624006,12.72,0.88
418,2021-04-04,VEN,7782,3531,4251,6510,1148,124,ITH,ITH3,5,Veneto,Veneto,4905854,631788,12.88,0.16
419,2021-05-24,VEN,33030,16408,16622,7627,25000,403,ITH,ITH3,5,Veneto,Veneto,4905854,664818,13.55,0.67
420,2021-04-23,VEN,31260,13843,17417,21399,8707,1154,ITH,ITH3,5,Veneto,Veneto,4905854,696078,14.19,0.64
421,2021-02-16,VEN,6644,2870,3774,6438,176,30,ITH,ITH3,5,Veneto,Veneto,4905854,702722,14.32,0.14
422,2021-01-11,VEN,7241,2102,5139,7240,0,1,ITH,ITH3,5,Veneto,Veneto,4905854,709963,14.47,0.15
423,2021-04-21,VEN,32355,13184,19171,15520,16059,776,ITH,ITH3,5,Veneto,Veneto,4905854,742318,15.13,0.66
424,2021-05-22,VEN,34776,16677,18099,12701,21406,669,ITH,ITH3,5,Veneto,Veneto,4905854,777094,15.84,0.71
425,2021-02-11,VEN,4012,1238,2774,3345,628,39,ITH,ITH3,5,Veneto,Veneto,4905854,781106,15.92,0.08
426,2021-01-28,VEN,9212,2664,6548,170,9040,2,ITH,ITH3,5,Veneto,Veneto,4905854,790318,16.11,0.19
427,2021-01-23,VEN,4051,1246,2805,31,4020,0,ITH,ITH3,5,Veneto,Veneto,4905854,794369,16.19,0.08
428,2021-06-29,VEN,45490,22692,22798,18993,25782,715,ITH,ITH3,5,Veneto,Veneto,4905854,839859,17.12,0.93
429,2021-03-21,VEN,11981,4753,7228,8278,3463,240,ITH,ITH3,5,Veneto,Veneto,4905854,851840,17.36,0.24
430,2021-01-16,VEN,4611,1542,3069,4611,0,0,ITH,ITH3,5,Veneto,Veneto,4905854,856451,17.46,0.09
431,2021-03-14,VEN,15176,5942,9234,13845,894,437,ITH,ITH3,5,Veneto,Veneto,4905854,871627,17.77,0.31
432,2021-01-18,VEN,2762,776,1986,2558,199,5,ITH,ITH3,5,Veneto,Veneto,4905854,874389,17.82,0.06
433,2021-02-04,VEN,7387,2025,5362,550,6836,1,ITH,ITH3,5,Veneto,Veneto,4905854,881776,17.97,0.15
434,2021-04-30,VEN,50010,23484,26526,32942,15665,1403,ITH,ITH3,5,Veneto,Veneto,4905854,931786,18.99,1.02
435,2021-01-20,VEN,1038,368,670,386,652,0,ITH,ITH3,5,Veneto,Veneto,4905854,932824,19.01,0.02
436,2021-06-24,VEN,56011,28364,27647,17536,37773,702,ITH,ITH3,5,Veneto,Veneto,4905854,988835,20.16,1.14
437,2021-03-16,VEN,12527,5353,7174,6640,5620,267,ITH,ITH3,5,Veneto,Veneto,4905854,1001362,20.41,0.26
438,2021-03-23,VEN,22213,10241,11972,16865,4712,636,ITH,ITH3,5,Veneto,Veneto,4905854,1023575,20.86,0.45
439,2021-05-19,VEN,33042,15129,17913,16177,15935,930,ITH,ITH3,5,Veneto,Veneto,4905854,1056617,21.54,0.67
440,2021-04-14,VEN,15918,6901,9017,8749,6629,540,ITH,ITH3,5,Veneto,Veneto,4905854,1072535,21.86,0.32
441,2021-01-04,VEN,6737,2035,4702,6735,0,2,ITH,ITH3,5,Veneto,Veneto,4905854,1079272,22.0,0.14
442,2021-05-14,VEN,46743,22230,24513,24289,20880,1574,ITH,ITH3,5,Veneto,Veneto,4905854,1126015,22.95,0.95
443,2021-02-20,VEN,6425,2015,4410,6274,71,80,ITH,ITH3,5,Veneto,Veneto,4905854,1132440,23.08,0.13
444,2021-01-09,VEN,7928,2539,5389,7922,0,6,ITH,ITH3,5,Veneto,Veneto,4905854,1140368,23.25,0.16
445,2021-03-18,VEN,12613,5139,7474,7033,5229,351,ITH,ITH3,5,Veneto,Veneto,4905854,1152981,23.5,0.26
446,2021-06-26,VEN,48028,24493,23535,13553,33968,507,ITH,ITH3,5,Veneto,Veneto,4905854,1201009,24.48,0.98
447,2021-06-12,VEN,48591,24452,24139,36301,10778,1512,ITH,ITH3,5,Veneto,Veneto,4905854,1249600,25.47,0.99
448,2021-05-02,VEN,37237,17264,19973,25610,10330,1297,ITH,ITH3,5,Veneto,Veneto,4905854,1286837,26.23,0.76
449,2021-06-14,VEN,42586,21538,21048,26232,15303,1051,ITH,ITH3,5,Veneto,Veneto,4905854,1329423,27.1,0.87
450,2021-03-06,VEN,10667,4356,6311,7218,3262,187,ITH,ITH3,5,Veneto,Veneto,4905854,1340090,27.32,0.22
451,2021-05-10,VEN,36501,17079,19422,25415,9849,1237,ITH,ITH3,5,Veneto,Veneto,4905854,1376591,28.06,0.74
452,2021-01-30,VEN,8747,2672,6075,693,8054,0,ITH,ITH3,5,Veneto,Veneto,4905854,1385338,28.24,0.18
453,2021-03-07,VEN,4493,1768,2725,3863,561,69,ITH,ITH3,5,Veneto,Veneto,4905854,1389831,28.33,0.09
454,2021-05-03,VEN,40692,19800,20892,32778,6445,1469,ITH,ITH3,5,Veneto,Veneto,4905854,1430523,29.16,0.83
455,2021-03-02,VEN,11491,4626,6865,7934,3310,247,ITH,ITH3,5,Veneto,Veneto,4905854,1442014,29.39,0.23
456,2021-06-10,VEN,52262,26979,25283,41260,9302,1700,ITH,ITH3,5,Veneto,Veneto,4905854,1494276,30.46,1.07
457,2021-04-02,VEN,24095,10621,13474,17127,6328,640,ITH,ITH3,5,Veneto,Veneto,4905854,1518371,30.95,0.49
458,2021-06-09,VEN,42718,21916,20802,33748,7424,1546,ITH,ITH3,5,Veneto,Veneto,4905854,1561089,31.82,0.87
459,2021-05-29,VEN,33008,16678,16330,24229,7663,1116,ITH,ITH3,5,Veneto,Veneto,4905854,1594097,32.49,0.67
460,2021-02-18,VEN,5828,2455,3373,5725,64,39,ITH,ITH3,5,Veneto,Veneto,4905854,1599925,32.61,0.12
461,2021-04-16,VEN,24449,10492,13957,11886,11886,677,ITH,ITH3,5,Veneto,Veneto,4905854,1624374,33.11,0.5
462,2021-04-18,VEN,17514,7253,10261,9499,7565,450,ITH,ITH3,5,Veneto,Veneto,4905854,1641888,33.47,0.36
463,2021-07-03,VEN,38669,20100,18569,11011,27076,582,ITH,ITH3,5,Veneto,Veneto,4905854,1680557,34.26,0.79
464,2021-06-16,VEN,47683,23522,24161,25189,21364,1130,ITH,ITH3,5,Veneto,Veneto,4905854,1728240,35.23,0.97
465,2021-01-01,VEN,1528,471,1057,1527,0,1,ITH,ITH3,5,Veneto,Veneto,4905854,1729768,35.26,0.03
466,2021-03-25,VEN,25957,11057,14900,18965,6100,892,ITH,ITH3,5,Veneto,Veneto,4905854,1755725,35.79,0.53
467,2021-04-11,VEN,21001,8870,12131,14221,6293,487,ITH,ITH3,5,Veneto,Veneto,4905854,1776726,36.22,0.43
468,2021-02-08,VEN,5003,1559,3444,1923,3074,6,ITH,ITH3,5,Veneto,Veneto,4905854,1781729,36.32,0.1
469,2021-04-06,VEN,28960,13329,15631,23195,5042,723,ITH,ITH3,5,Veneto,Veneto,4905854,1810689,36.91,0.59
470,2021-02-01,VEN,8561,2502,6059,159,8402,0,ITH,ITH3,5,Veneto,Veneto,4905854,1819250,37.08,0.17
471,2021-02-15,VEN,4389,1824,2565,4140,240,9,ITH,ITH3,5,Veneto,Veneto,4905854,1823639,37.17,0.09
472,2021-03-30,VEN,35962,15295,20667,29712,5243,1007,ITH,ITH3,5,Veneto,Veneto,4905854,1859601,37.91,0.73
473,2021-06-02,VEN,20303,10234,10069,15350,4340,613,ITH,ITH3,5,Veneto,Veneto,4905854,1879904,38.32,0.41
474,2021-03-11,VEN,19829,8889,10940,13794,5571,464,ITH,ITH3,5,Veneto,Veneto,4905854,1899733,38.72,0.4
475,2021-05-07,VEN,48571,23277,25294,37549,8667,2355,ITH,ITH3,5,Veneto,Veneto,4905854,1948304,39.71,0.99
476,2021-01-27,VEN,7141,2064,5077,240,6900,1,ITH,ITH3,5,Veneto,Veneto,4905854,1955445,39.86,0.15
477,2021-02-13,VEN,3266,1473,1793,3230,20,16,ITH,ITH3,5,Veneto,Veneto,4905854,1958711,39.93,0.07
478,2021-03-03,VEN,12098,4647,7451,8387,3500,211,ITH,ITH3,5,Veneto,Veneto,4905854,1970809,40.17,0.25
479,2021-06-11,VEN,47275,24588,22687,34687,11169,1419,ITH,ITH3,5,Veneto,Veneto,4905854,2018084,41.14,0.96
480,2021-06-25,VEN,51612,26120,25492,14992,35968,652,ITH,ITH3,5,Veneto,Veneto,4905854,2069696,42.19,1.05
481,2020-12-30,VEN,699,245,454,699,0,0,ITH,ITH3,5,Veneto,Veneto,4905854,2070395,42.2,0.01
482,2021-06-07,VEN,44673,23304,21369,36185,7013,1475,ITH,ITH3,5,Veneto,Veneto,4905854,2115068,43.11,0.91
483,2021-02-27,VEN,8990,2692,6298,7963,847,180,ITH,ITH3,5,Veneto,Veneto,4905854,2124058,43.3,0.18
484,2021-03-04,VEN,12982,4885,8097,9120,3473,389,ITH,ITH3,5,Veneto,Veneto,4905854,2137040,43.56,0.26
485,2021-07-07,VEN,40698,21179,19519,15565,24327,806,ITH,ITH3,5,Veneto,Veneto,4905854,2177738,44.39,0.83
486,2021-05-11,VEN,33164,16500,16664,27123,4721,1320,ITH,ITH3,5,Veneto,Veneto,4905854,2210902,45.07,0.68
487,2021-01-22,VEN,1080,332,748,25,1055,0,ITH,ITH3,5,Veneto,Veneto,4905854,2211982,45.09,0.02
488,2021-04-13,VEN,14028,6324,7704,8050,5479,499,ITH,ITH3,5,Veneto,Veneto,4905854,2226010,45.37,0.29
489,2021-07-05,VEN,39072,20261,18811,14090,24168,814,ITH,ITH3,5,Veneto,Veneto,4905854,2265082,46.17,0.8
490,2021-01-03,VEN,5157,1562,3595,5157,0,0,ITH,ITH3,5,Veneto,Veneto,4905854,2270239,46.28,0.11
491,2021-03-08,VEN,13631,6271,7360,9300,4069,262,ITH,ITH3,5,Veneto,Veneto,4905854,2283870,46.55,0.28
492,2021-06-18,VEN,53549,26729,26820,23922,28543,1084,ITH,ITH3,5,Veneto,Veneto,4905854,2337419,47.65,1.09
493,2021-03-27,VEN,32071,14013,18058,25369,5798,904,ITH,ITH3,5,Veneto,Veneto,4905854,2369490,48.3,0.65
494,2021-06-03,VEN,54444,27992,26452,40841,11964,1639,ITH,ITH3,5,Veneto,Veneto,4905854,2423934,49.41,1.11
495,2021-06-20,VEN,41186,20057,21129,18884,21530,772,ITH,ITH3,5,Veneto,Veneto,4905854,2465120,50.25,0.84
496,2021-02-19,VEN,7322,3140,4182,6992,204,126,ITH,ITH3,5,Veneto,Veneto,4905854,2472442,50.4,0.15
497,2021-02-21,VEN,4640,1212,3428,4516,5,119,ITH,ITH3,5,Veneto,Veneto,4905854,2477082,50.49,0.09
498,2021-05-15,VEN,36227,17505,18722,24792,10004,1431,ITH,ITH3,5,Veneto,Veneto,4905854,2513309,51.23,0.74
499,2021-01-08,VEN,9407,2835,6572,9393,0,14,ITH,ITH3,5,Veneto,Veneto,4905854,2522716,51.42,0.19
500,2021-01-13,VEN,5985,1606,4379,5982,0,3,ITH,ITH3,5,Veneto,Veneto,4905854,2528701,51.54,0.12
501,2021-04-25,VEN,18319,8151,10168,12878,4836,605,ITH,ITH3,5,Veneto,Veneto,4905854,2547020,51.92,0.37
502,2021-06-21,VEN,44284,22164,22120,20404,22946,934,ITH,ITH3,5,Veneto,Veneto,4905854,2591304,52.82,0.9
503,2021-01-06,VEN,8135,2387,5748,8132,0,3,ITH,ITH3,5,Veneto,Veneto,4905854,2599439,52.99,0.17
504,2021-06-23,VEN,49114,24335,24779,14531,33751,832,ITH,ITH3,5,Veneto,Veneto,4905854,2648553,53.99,1.0
505,2021-03-15,VEN,16669,7328,9341,10959,5208,502,ITH,ITH3,5,Veneto,Veneto,4905854,2665222,54.33,0.34
506,2021-05-04,VEN,42976,20355,22621,33283,8035,1658,ITH,ITH3,5,Veneto,Veneto,4905854,2708198,55.2,0.88
507,2021-01-24,VEN,4117,1219,2898,28,4089,0,ITH,ITH3,5,Veneto,Veneto,4905854,2712315,55.29,0.08
508,2021-04-07,VEN,36013,16186,19827,27568,7337,1108,ITH,ITH3,5,Veneto,Veneto,4905854,2748328,56.02,0.73
509,2021-07-16,VEN,42810,22983,19827,6739,35616,455,ITH,ITH3,5,Veneto,Veneto,4905854,2791138,56.89,0.87
510,2021-01-31,VEN,4770,1564,3206,391,4379,0,ITH,ITH3,5,Veneto,Veneto,4905854,2795908,56.99,0.1
511,2021-03-29,VEN,31453,13697,17756,26637,3822,994,ITH,ITH3,5,Veneto,Veneto,4905854,2827361,57.63,0.64
512,2021-05-13,VEN,44264,21845,22419,32548,9886,1830,ITH,ITH3,5,Veneto,Veneto,4905854,2871625,58.53,0.9
513,2021-02-02,VEN,6512,1881,4631,396,6116,0,ITH,ITH3,5,Veneto,Veneto,4905854,2878137,58.67,0.13
514,2021-07-09,VEN,44928,23709,21219,4055,40590,283,ITH,ITH3,5,Veneto,Veneto,4905854,2923065,59.58,0.92
515,2021-03-31,VEN,38847,16404,22443,30308,7500,1039,ITH,ITH3,5,Veneto,Veneto,4905854,2961912,60.38,0.79
516,2021-05-28,VEN,46726,22878,23848,23668,21861,1197,ITH,ITH3,5,Veneto,Veneto,4905854,3008638,61.33,0.95
517,2021-07-10,VEN,43091,23177,19914,6284,36445,362,ITH,ITH3,5,Veneto,Veneto,4905854,3051729,62.21,0.88
518,2021-07-17,VEN,30759,16296,14463,2781,27766,212,ITH,ITH3,5,Veneto,Veneto,4905854,3082488,62.83,0.63
519,2021-05-21,VEN,44785,22025,22760,19915,23766,1104,ITH,ITH3,5,Veneto,Veneto,4905854,3127273,63.75,0.91
520,2021-02-17,VEN,6022,2772,3250,5900,94,28,ITH,ITH3,5,Veneto,Veneto,4905854,3133295,63.87,0.12
521,2021-04-01,VEN,25342,11164,14178,18159,6412,771,ITH,ITH3,5,Veneto,Veneto,4905854,3158637,64.39,0.52
522,2021-04-15,VEN,20913,8636,12277,9344,10823,746,ITH,ITH3,5,Veneto,Veneto,4905854,3179550,64.81,0.43
523,2021-01-05,VEN,7331,2184,5147,7329,0,2,ITH,ITH3,5,Veneto,Veneto,4905854,3186881,64.96,0.15
524,2021-04-10,VEN,27466,11976,15490,18376,8467,623,ITH,ITH3,5,Veneto,Veneto,4905854,3214347,65.52,0.56
525,2021-06-06,VEN,37424,19159,18265,31481,4724,1219,ITH,ITH3,5,Veneto,Veneto,4905854,3251771,66.28,0.76
526,2020-12-27,VEN,880,395,485,880,0,0,ITH,ITH3,5,Veneto,Veneto,4905854,3252651,66.3,0.02
527,2021-05-30,VEN,22540,11265,11275,15203,6687,650,ITH,ITH3,5,Veneto,Veneto,4905854,3275191,66.76,0.46
528,2021-02-26,VEN,8296,3273,5023,6942,1260,94,ITH,ITH3,5,Veneto,Veneto,4905854,3283487,66.93,0.17
529,2021-04-24,VEN,24761,10829,13932,14959,9079,723,ITH,ITH3,5,Veneto,Veneto,4905854,3308248,67.43,0.5
530,2021-01-14,VEN,7063,1924,5139,7043,0,20,ITH,ITH3,5,Veneto,Veneto,4905854,3315311,67.58,0.14
531,2021-03-12,VEN,18658,8194,10464,11330,6748,580,ITH,ITH3,5,Veneto,Veneto,4905854,3333969,67.96,0.38
532,2021-04-27,VEN,28140,12759,15381,20055,6917,1168,ITH,ITH3,5,Veneto,Veneto,4905854,3362109,68.53,0.57
533,2021-01-17,VEN,1933,781,1152,1584,349,0,ITH,ITH3,5,Veneto,Veneto,4905854,3364042,68.57,0.04
534,2021-02-03,VEN,5947,1668,4279,477,5466,4,ITH,ITH3,5,Veneto,Veneto,4905854,3369989,68.69,0.12
535,2021-04-29,VEN,50264,23380,26884,35356,13175,1733,ITH,ITH3,5,Veneto,Veneto,4905854,3420253,69.72,1.02
536,2021-02-05,VEN,8378,2535,5843,1409,6960,9,ITH,ITH3,5,Veneto,Veneto,4905854,3428631,69.89,0.17
537,2021-02-22,VEN,7014,3041,3973,6580,387,47,ITH,ITH3,5,Veneto,Veneto,4905854,3435645,70.03,0.14
538,2021-05-16,VEN,28414,14008,14406,20305,7081,1028,ITH,ITH3,5,Veneto,Veneto,4905854,3464059,70.61,0.58
539,2021-06-01,VEN,26965,13555,13410,15780,10542,643,ITH,ITH3,5,Veneto,Veneto,4905854,3491024,71.16,0.55
540,2021-03-10,VEN,19041,8727,10314,12964,5683,394,ITH,ITH3,5,Veneto,Veneto,4905854,3510065,71.55,0.39
541,2021-07-14,VEN,42916,22060,20856,5221,37305,390,ITH,ITH3,5,Veneto,Veneto,4905854,3552981,72.42,0.87
542,2021-04-22,VEN,32029,13929,18100,15459,15749,821,ITH,ITH3,5,Veneto,Veneto,4905854,3585010,73.08,0.65
543,2021-06-08,VEN,43827,22660,21167,36181,6137,1509,ITH,ITH3,5,Veneto,Veneto,4905854,3628837,73.97,0.89
544,2021-05-25,VEN,27787,13416,14371,11253,16036,498,ITH,ITH3,5,Veneto,Veneto,4905854,3656624,74.54,0.57
545,2021-02-14,VEN,126,56,70,113,13,0,ITH,ITH3,5,Veneto,Veneto,4905854,3656750,74.54,0.0
546,2021-02-28,VEN,4136,1389,2747,3225,837,74,ITH,ITH3,5,Veneto,Veneto,4905854,3660886,74.62,0.08
547,2021-03-17,VEN,14645,5992,8653,7526,6796,323,ITH,ITH3,5,Veneto,Veneto,4905854,3675531,74.92,0.3
548,2021-01-12,VEN,5231,1517,3714,5223,0,8,ITH,ITH3,5,Veneto,Veneto,4905854,3680762,75.03,0.11
549,2021-07-11,VEN,34220,17916,16304,3689,30273,258,ITH,ITH3,5,Veneto,Veneto,4905854,3714982,75.73,0.7
550,2021-05-18,VEN,26993,12538,14455,12633,13596,764,ITH,ITH3,5,Veneto,Veneto,4905854,3741975,76.28,0.55
551,2021-06-30,VEN,45629,23014,22615,17767,27088,774,ITH,ITH3,5,Veneto,Veneto,4905854,3787604,77.21,0.93
552,2021-03-22,VEN,18146,8178,9968,12583,5046,517,ITH,ITH3,5,Veneto,Veneto,4905854,3805750,77.58,0.37
553,2021-03-13,VEN,17231,7304,9927,13729,3131,371,ITH,ITH3,5,Veneto,Veneto,4905854,3822981,77.93,0.35
554,2021-01-15,VEN,5875,1820,4055,5869,0,6,ITH,ITH3,5,Veneto,Veneto,4905854,3828856,78.05,0.12
555,2021-05-20,VEN,44777,21233,23544,19343,24330,1104,ITH,ITH3,5,Veneto,Veneto,4905854,3873633,78.96,0.91
556,2021-02-09,VEN,5248,1891,3357,3432,1803,13,ITH,ITH3,5,Veneto,Veneto,4905854,3878881,79.07,0.11
557,2021-05-27,VEN,46562,22881,23681,22326,23197,1039,ITH,ITH3,5,Veneto,Veneto,4905854,3925443,80.02,0.95
558,2021-02-07,VEN,2316,863,1453,714,1601,1,ITH,ITH3,5,Veneto,Veneto,4905854,3927759,80.06,0.05
559,2021-07-02,VEN,49398,25065,24333,16188,32405,805,ITH,ITH3,5,Veneto,Veneto,4905854,3977157,81.07,1.01
560,2021-04-19,VEN,21543,8921,12622,4708,16408,427,ITH,ITH3,5,Veneto,Veneto,4905854,3998700,81.51,0.44
561,2021-04-05,VEN,19154,8371,10783,13418,5435,301,ITH,ITH3,5,Veneto,Veneto,4905854,4017854,81.9,0.39
562,2021-01-26,VEN,6921,2091,4830,149,6772,0,ITH,ITH3,5,Veneto,Veneto,4905854,4024775,82.04,0.14
563,2021-05-06,VEN,46981,22037,24944,36484,8474,2023,ITH,ITH3,5,Veneto,Veneto,4905854,4071756,83.0,0.96
564,2020-12-31,VEN,3219,1042,2177,3219,0,0,ITH,ITH3,5,Veneto,Veneto,4905854,4074975,83.06,0.07
565,2021-07-04,VEN,33863,17571,16292,14969,18275,619,ITH,ITH3,5,Veneto,Veneto,4905854,4108838,83.75,0.69
566,2021-04-12,VEN,14905,6336,8569,6391,8214,300,ITH,ITH3,5,Veneto,Veneto,4905854,4123743,84.06,0.3
567,2021-01-02,VEN,5744,1767,3977,5743,0,1,ITH,ITH3,5,Veneto,Veneto,4905854,4129487,84.17,0.12
568,2021-02-10,VEN,4753,1589,3164,3689,1055,9,ITH,ITH3,5,Veneto,Veneto,4905854,4134240,84.27,0.1
569,2021-04-08,VEN,32366,14366,18000,23321,7875,1170,ITH,ITH3,5,Veneto,Veneto,4905854,4166606,84.93,0.66
570,2021-06-04,VEN,49602,25820,23782,39806,8127,1669,ITH,ITH3,5,Veneto,Veneto,4905854,4216208,85.94,1.01
571,2021-02-24,VEN,8616,3679,4937,7994,488,134,ITH,ITH3,5,Veneto,Veneto,4905854,4224824,86.12,0.18
572,2021-06-22,VEN,43690,21605,22085,18434,24367,889,ITH,ITH3,5,Veneto,Veneto,4905854,4268514,87.01,0.89
573,2021-04-26,VEN,20722,9456,11266,14903,5140,679,ITH,ITH3,5,Veneto,Veneto,4905854,4289236,87.43,0.42
574,2021-03-24,VEN,22112,9574,12538,14661,6803,648,ITH,ITH3,5,Veneto,Veneto,4905854,4311348,87.88,0.45
575,2021-04-17,VEN,22429,9088,13341,14355,7274,800,ITH,ITH3,5,Veneto,Veneto,4905854,4333777,88.34,0.46
576,2021-01-07,VEN,8360,2318,6042,8359,0,1,ITH,ITH3,5,Veneto,Veneto,4905854,4342137,88.51,0.17
577,2021-06-13,VEN,37328,19248,18080,29227,6965,1136,ITH,ITH3,5,Veneto,Veneto,4905854,4379465,89.27,0.76
578,2021-01-21,VEN,2293,719,1574,21,2272,0,ITH,ITH3,5,Veneto,Veneto,4905854,4381758,89.32,0.05
579,2021-03-05,VEN,13336,5020,8316,9222,3670,444,ITH,ITH3,5,Veneto,Veneto,4905854,4395094,89.59,0.27
580,2021-06-15,VEN,47764,24258,23506,29032,17508,1224,ITH,ITH3,5,Veneto,Veneto,4905854,4442858,90.56,0.97
581,2021-01-19,VEN,1310,473,837,1159,150,1,ITH,ITH3,5,Veneto,Veneto,4905854,4444168,90.59,0.03
582,2021-05-01,VEN,38858,18240,20618,28693,8938,1227,ITH,ITH3,5,Veneto,Veneto,4905854,4483026,91.38,0.79
583,2021-06-28,VEN,47562,24068,23494,18353,28484,725,ITH,ITH3,5,Veneto,Veneto,4905854,4530588,92.35,0.97
584,2021-01-25,VEN,6469,2076,4393,159,6310,0,ITH,ITH3,5,Veneto,Veneto,4905854,4537057,92.48,0.13
585,2021-07-15,VEN,50642,26492,24150,5826,44456,360,ITH,ITH3,5,Veneto,Veneto,4905854,4587699,93.51,1.03
586,2021-04-20,VEN,22436,9499,12937,7868,14000,568,ITH,ITH3,5,Veneto,Veneto,4905854,4610135,93.97,0.46
587,2021-05-09,VEN,35071,16138,18933,23768,10055,1248,ITH,ITH3,5,Veneto,Veneto,4905854,4645206,94.69,0.71
588,2021-05-26,VEN,31101,15200,15901,13961,16464,676,ITH,ITH3,5,Veneto,Veneto,4905854,4676307,95.32,0.63
589,2021-03-01,VEN,9394,3716,5678,7409,1822,163,ITH,ITH3,5,Veneto,Veneto,4905854,4685701,95.51,0.19
590,2021-07-12,VEN,43163,22745,20418,3968,38866,329,ITH,ITH3,5,Veneto,Veneto,4905854,4728864,96.39,0.88
591,2021-04-03,VEN,21961,9631,12330,13848,7709,404,ITH,ITH3,5,Veneto,Veneto,4905854,4750825,96.84,0.45
592,2021-03-20,VEN,13022,5388,7634,10649,2082,291,ITH,ITH3,5,Veneto,Veneto,4905854,4763847,97.11,0.27
593,2021-01-10,VEN,5034,1672,3362,5033,0,1,ITH,ITH3,5,Veneto,Veneto,4905854,4768881,97.21,0.1
594,2021-05-23,VEN,34487,16466,18021,10618,23400,469,ITH,ITH3,5,Veneto,Veneto,4905854,4803368,97.91,0.7
595,2021-02-12,VEN,4314,1447,2867,3671,572,71,ITH,ITH3,5,Veneto,Veneto,4905854,4807682,98.0,0.09
596,2021-01-29,VEN,9023,2788,6235,366,8657,0,ITH,ITH3,5,Veneto,Veneto,4905854,4816705,98.18,0.18
597,2021-05-08,VEN,41468,18758,22710,28206,11821,1441,ITH,ITH3,5,Veneto,Veneto,4905854,4858173,99.03,0.85
598,2021-06-27,VEN,40230,20551,19679,15330,24300,600,ITH,ITH3,5,Veneto,Veneto,4905854,4898403,99.85,0.82
599,2021-03-19,VEN,13793,5669,8124,7404,6097,292,ITH,ITH3,5,Veneto,Veneto,4905854,4912196,100.13,0.28
600,2021-03-26,LIG,9337,4029,5308,6069,3156,112,ITC,ITC3,7,Liguria,Liguria,1550640,9337,0.6,0.6
601,2021-07-04,LIG,4850,2579,2271,3842,993,15,ITC,ITC3,7,Liguria,Liguria,1550640,14187,0.91,0.31
602,2021-01-02,LIG,691,245,446,691,0,0,ITC,ITC3,7,Liguria,Liguria,1550640,14878,0.96,0.04
603,2021-06-15,LIG,17404,8461,8943,9326,8064,14,ITC,ITC3,7,Liguria,Liguria,1550640,32282,2.08,1.12
604,2021-04-26,LIG,10561,4982,5579,7821,2636,104,ITC,ITC3,7,Liguria,Liguria,1550640,42843,2.76,0.68
605,2021-01-16,LIG,1278,557,721,1273,0,5,ITC,ITC3,7,Liguria,Liguria,1550640,44121,2.85,0.08
606,2021-02-02,LIG,2671,1005,1666,127,2542,2,ITC,ITC3,7,Liguria,Liguria,1550640,46792,3.02,0.17
607,2021-04-28,LIG,14446,6520,7926,6344,7986,116,ITC,ITC3,7,Liguria,Liguria,1550640,61238,3.95,0.93
608,2021-02-04,LIG,2817,987,1830,178,2639,0,ITC,ITC3,7,Liguria,Liguria,1550640,64055,4.13,0.18
609,2021-05-15,LIG,7308,3265,4043,4275,2955,78,ITC,ITC3,7,Liguria,Liguria,1550640,71363,4.6,0.47
610,2021-02-21,LIG,869,491,378,857,4,8,ITC,ITC3,7,Liguria,Liguria,1550640,72232,4.66,0.06
611,2021-03-14,LIG,1659,752,907,1033,604,22,ITC,ITC3,7,Liguria,Liguria,1550640,73891,4.77,0.11
612,2021-06-22,LIG,15793,7456,8337,7653,8116,24,ITC,ITC3,7,Liguria,Liguria,1550640,89684,5.78,1.02
613,2021-07-06,LIG,12270,6039,6231,5681,6554,35,ITC,ITC3,7,Liguria,Liguria,1550640,101954,6.57,0.79
614,2021-05-10,LIG,12648,5642,7006,6210,6374,64,ITC,ITC3,7,Liguria,Liguria,1550640,114602,7.39,0.82
615,2021-05-03,LIG,13283,5926,7357,6334,6815,134,ITC,ITC3,7,Liguria,Liguria,1550640,127885,8.25,0.86
616,2021-03-21,LIG,550,220,330,69,481,0,ITC,ITC3,7,Liguria,Liguria,1550640,128435,8.28,0.04
617,2021-01-23,LIG,809,295,514,153,656,0,ITC,ITC3,7,Liguria,Liguria,1550640,129244,8.33,0.05
618,2021-02-16,LIG,2427,956,1471,1995,423,9,ITC,ITC3,7,Liguria,Liguria,1550640,131671,8.49,0.16
619,2021-05-27,LIG,16898,8664,8234,12578,4152,168,ITC,ITC3,7,Liguria,Liguria,1550640,148569,9.58,1.09
620,2021-04-14,LIG,13075,5671,7404,10751,2201,123,ITC,ITC3,7,Liguria,Liguria,1550640,161644,10.42,0.84
621,2021-05-29,LIG,6864,3252,3612,3975,2870,19,ITC,ITC3,7,Liguria,Liguria,1550640,168508,10.87,0.44
622,2021-02-09,LIG,1952,694,1258,264,1686,2,ITC,ITC3,7,Liguria,Liguria,1550640,170460,10.99,0.13
623,2021-02-11,LIG,1988,771,1217,1094,885,9,ITC,ITC3,7,Liguria,Liguria,1550640,172448,11.12,0.13
624,2021-05-22,LIG,6649,3220,3429,4870,1684,95,ITC,ITC3,7,Liguria,Liguria,1550640,179097,11.55,0.43
625,2021-06-10,LIG,18746,9676,9070,13119,5623,4,ITC,ITC3,7,Liguria,Liguria,1550640,197843,12.76,1.21
626,2021-03-19,LIG,5296,2234,3062,2095,3146,55,ITC,ITC3,7,Liguria,Liguria,1550640,203139,13.1,0.34
627,2021-03-02,LIG,4074,1689,2385,3753,310,11,ITC,ITC3,7,Liguria,Liguria,1550640,207213,13.36,0.26
628,2021-07-11,LIG,2139,1189,950,1234,896,9,ITC,ITC3,7,Liguria,Liguria,1550640,209352,13.5,0.14
629,2021-06-24,LIG,11100,5422,5678,6259,4829,12,ITC,ITC3,7,Liguria,Liguria,1550640,220452,14.22,0.72
630,2021-04-02,LIG,11789,5219,6570,9207,2487,95,ITC,ITC3,7,Liguria,Liguria,1550640,232241,14.98,0.76
631,2021-06-05,LIG,8098,4116,3982,4946,3152,0,ITC,ITC3,7,Liguria,Liguria,1550640,240339,15.5,0.52
632,2021-04-09,LIG,12468,5561,6907,10551,1777,140,ITC,ITC3,7,Liguria,Liguria,1550640,252807,16.3,0.8
633,2021-03-31,LIG,11926,5276,6650,9048,2770,108,ITC,ITC3,7,Liguria,Liguria,1550640,264733,17.07,0.77
634,2021-02-28,LIG,1058,580,478,1042,9,7,ITC,ITC3,7,Liguria,Liguria,1550640,265791,17.14,0.07
635,2021-01-28,LIG,2848,972,1876,39,2809,0,ITC,ITC3,7,Liguria,Liguria,1550640,268639,17.32,0.18
636,2021-01-21,LIG,1106,385,721,674,431,1,ITC,ITC3,7,Liguria,Liguria,1550640,269745,17.4,0.07
637,2021-03-07,LIG,1915,1138,777,1590,301,24,ITC,ITC3,7,Liguria,Liguria,1550640,271660,17.52,0.12
638,2021-06-17,LIG,16647,7909,8738,9111,7519,17,ITC,ITC3,7,Liguria,Liguria,1550640,288307,18.59,1.07
639,2021-06-29,LIG,15160,7220,7940,8697,6431,32,ITC,ITC3,7,Liguria,Liguria,1550640,303467,19.57,0.98
640,2021-05-17,LIG,12026,5520,6506,8654,3322,50,ITC,ITC3,7,Liguria,Liguria,1550640,315493,20.35,0.78
641,2021-01-30,LIG,1661,567,1094,23,1637,1,ITC,ITC3,7,Liguria,Liguria,1550640,317154,20.45,0.11
642,2021-03-28,LIG,1141,511,630,378,751,12,ITC,ITC3,7,Liguria,Liguria,1550640,318295,20.53,0.07
643,2020-12-30,LIG,12,5,7,12,0,0,ITC,ITC3,7,Liguria,Liguria,1550640,318307,20.53,0.0
644,2021-07-03,LIG,8798,4356,4442,5476,3310,12,ITC,ITC3,7,Liguria,Liguria,1550640,327105,21.09,0.57
645,2021-04-11,LIG,4247,1929,2318,3943,249,55,ITC,ITC3,7,Liguria,Liguria,1550640,331352,21.37,0.27
646,2021-04-21,LIG,14271,6446,7825,8845,5329,97,ITC,ITC3,7,Liguria,Liguria,1550640,345623,22.29,0.92
647,2021-05-08,LIG,7528,3334,4194,2270,5214,44,ITC,ITC3,7,Liguria,Liguria,1550640,353151,22.77,0.49
648,2021-01-25,LIG,2727,889,1838,477,2249,1,ITC,ITC3,7,Liguria,Liguria,1550640,355878,22.95,0.18
649,2021-05-05,LIG,13715,6138,7577,5194,8418,103,ITC,ITC3,7,Liguria,Liguria,1550640,369593,23.83,0.88
650,2021-04-23,LIG,14678,6639,8039,8447,6119,112,ITC,ITC3,7,Liguria,Liguria,1550640,384271,24.78,0.95
651,2021-03-11,LIG,6399,3089,3310,4331,2011,57,ITC,ITC3,7,Liguria,Liguria,1550640,390670,25.19,0.41
652,2021-01-13,LIG,2758,1014,1744,2757,0,1,ITC,ITC3,7,Liguria,Liguria,1550640,393428,25.37,0.18
653,2021-01-14,LIG,2982,1055,1927,2980,0,2,ITC,ITC3,7,Liguria,Liguria,1550640,396410,25.56,0.19
654,2021-03-12,LIG,6216,2873,3343,3688,2471,57,ITC,ITC3,7,Liguria,Liguria,1550640,402626,25.97,0.4
655,2021-07-01,LIG,13505,6509,6996,7346,6126,33,ITC,ITC3,7,Liguria,Liguria,1550640,416131,26.84,0.87
656,2021-01-09,LIG,1335,481,854,1334,0,1,ITC,ITC3,7,Liguria,Liguria,1550640,417466,26.92,0.09
657,2021-04-19,LIG,12836,5619,7217,8915,3831,90,ITC,ITC3,7,Liguria,Liguria,1550640,430302,27.75,0.83
658,2021-07-13,LIG,13052,6417,6635,3498,9534,20,ITC,ITC3,7,Liguria,Liguria,1550640,443354,28.59,0.84
659,2020-12-28,LIG,80,30,50,80,0,0,ITC,ITC3,7,Liguria,Liguria,1550640,443434,28.6,0.01
660,2021-06-03,LIG,15523,7693,7830,9149,6366,8,ITC,ITC3,7,Liguria,Liguria,1550640,458957,29.6,1.0
661,2021-04-07,LIG,13679,6108,7571,11301,2288,90,ITC,ITC3,7,Liguria,Liguria,1550640,472636,30.48,0.88
662,2021-02-23,LIG,3806,1559,2247,3657,109,40,ITC,ITC3,7,Liguria,Liguria,1550640,476442,30.73,0.25
663,2021-06-14,LIG,15108,7290,7818,8258,6848,2,ITC,ITC3,7,Liguria,Liguria,1550640,491550,31.7,0.97
664,2021-02-25,LIG,3457,1349,2108,3307,130,20,ITC,ITC3,7,Liguria,Liguria,1550640,495007,31.92,0.22
665,2021-06-02,LIG,8529,4341,4188,5361,3168,0,ITC,ITC3,7,Liguria,Liguria,1550640,503536,32.47,0.55
666,2021-06-19,LIG,7409,3775,3634,5727,1666,16,ITC,ITC3,7,Liguria,Liguria,1550640,510945,32.95,0.48
667,2021-02-18,LIG,2769,1126,1643,2423,335,11,ITC,ITC3,7,Liguria,Liguria,1550640,513714,33.13,0.18
668,2021-05-14,LIG,13106,5838,7268,8594,4327,185,ITC,ITC3,7,Liguria,Liguria,1550640,526820,33.97,0.85
669,2021-05-31,LIG,14644,7330,7314,9045,5514,85,ITC,ITC3,7,Liguria,Liguria,1550640,541464,34.92,0.94
670,2021-02-06,LIG,1892,768,1124,145,1747,0,ITC,ITC3,7,Liguria,Liguria,1550640,543356,35.04,0.12
671,2021-01-18,LIG,2143,747,1396,1984,157,2,ITC,ITC3,7,Liguria,Liguria,1550640,545499,35.18,0.14
672,2021-03-16,LIG,6083,2731,3352,2309,3733,41,ITC,ITC3,7,Liguria,Liguria,1550640,551582,35.57,0.39
673,2021-01-11,LIG,2654,991,1663,2653,0,1,ITC,ITC3,7,Liguria,Liguria,1550640,554236,35.74,0.17
674,2021-07-12,LIG,13372,6419,6953,4163,9180,29,ITC,ITC3,7,Liguria,Liguria,1550640,567608,36.6,0.86
675,2021-01-10,LIG,648,262,386,644,0,4,ITC,ITC3,7,Liguria,Liguria,1550640,568256,36.65,0.04
676,2021-04-20,LIG,14240,6520,7720,9733,4352,155,ITC,ITC3,7,Liguria,Liguria,1550640,582496,37.56,0.92
677,2021-01-04,LIG,2616,855,1761,2615,0,1,ITC,ITC3,7,Liguria,Liguria,1550640,585112,37.73,0.17
678,2021-06-21,LIG,14821,7032,7789,8571,6235,15,ITC,ITC3,7,Liguria,Liguria,1550640,599933,38.69,0.96
679,2021-04-16,LIG,12001,5293,6708,10008,1829,164,ITC,ITC3,7,Liguria,Liguria,1550640,611934,39.46,0.77
680,2021-01-06,LIG,1664,618,1046,1661,0,3,ITC,ITC3,7,Liguria,Liguria,1550640,613598,39.57,0.11
681,2021-06-28,LIG,11595,5605,5990,7255,4300,40,ITC,ITC3,7,Liguria,Liguria,1550640,625193,40.32,0.75
682,2021-03-20,LIG,2316,995,1321,1124,1174,18,ITC,ITC3,7,Liguria,Liguria,1550640,627509,40.47,0.15
683,2021-06-30,LIG,15051,7180,7871,8219,6789,43,ITC,ITC3,7,Liguria,Liguria,1550640,642560,41.44,0.97
684,2021-01-15,LIG,2257,755,1502,2252,0,5,ITC,ITC3,7,Liguria,Liguria,1550640,644817,41.58,0.15
685,2021-04-25,LIG,1935,920,1015,1506,415,14,ITC,ITC3,7,Liguria,Liguria,1550640,646752,41.71,0.12
686,2021-03-09,LIG,5932,2754,3178,4440,1431,61,ITC,ITC3,7,Liguria,Liguria,1550640,652684,42.09,0.38
687,2021-02-20,LIG,1335,637,698,1330,1,4,ITC,ITC3,7,Liguria,Liguria,1550640,654019,42.18,0.09
688,2021-05-16,LIG,3705,1862,1843,2118,1560,27,ITC,ITC3,7,Liguria,Liguria,1550640,657724,42.42,0.24
689,2021-02-22,LIG,3343,1476,1867,3191,142,10,ITC,ITC3,7,Liguria,Liguria,1550640,661067,42.63,0.22
690,2021-04-27,LIG,14779,6681,8098,7109,7587,83,ITC,ITC3,7,Liguria,Liguria,1550640,675846,43.58,0.95
691,2021-02-03,LIG,2316,791,1525,54,2262,0,ITC,ITC3,7,Liguria,Liguria,1550640,678162,43.73,0.15
692,2021-04-29,LIG,15582,6979,8603,6587,8843,152,ITC,ITC3,7,Liguria,Liguria,1550640,693744,44.74,1.0
693,2021-04-12,LIG,12389,5476,6913,10276,2019,94,ITC,ITC3,7,Liguria,Liguria,1550640,706133,45.54,0.8
694,2021-01-19,LIG,1374,439,935,1280,90,4,ITC,ITC3,7,Liguria,Liguria,1550640,707507,45.63,0.09
695,2021-02-05,LIG,2684,988,1696,305,2378,1,ITC,ITC3,7,Liguria,Liguria,1550640,710191,45.8,0.17
696,2021-03-24,LIG,9181,4034,5147,5809,3287,85,ITC,ITC3,7,Liguria,Liguria,1550640,719372,46.39,0.59
697,2021-07-02,LIG,12928,6349,6579,6433,6464,31,ITC,ITC3,7,Liguria,Liguria,1550640,732300,47.23,0.83
698,2020-12-31,LIG,990,353,637,990,0,0,ITC,ITC3,7,Liguria,Liguria,1550640,733290,47.29,0.06
699,2021-04-10,LIG,7888,3561,4327,6890,914,84,ITC,ITC3,7,Liguria,Liguria,1550640,741178,47.8,0.51
700,2021-01-17,LIG,866,301,565,865,0,1,ITC,ITC3,7,Liguria,Liguria,1550640,742044,47.85,0.06
701,2021-03-04,LIG,4738,2118,2620,3834,847,57,ITC,ITC3,7,Liguria,Liguria,1550640,746782,48.16,0.31
702,2021-06-12,LIG,10230,4974,5256,7478,2752,0,ITC,ITC3,7,Liguria,Liguria,1550640,757012,48.82,0.66
703,2021-04-30,LIG,14420,6440,7980,5733,8568,119,ITC,ITC3,7,Liguria,Liguria,1550640,771432,49.75,0.93
704,2021-03-06,LIG,3304,1842,1462,2550,705,49,ITC,ITC3,7,Liguria,Liguria,1550640,774736,49.96,0.21
705,2021-01-22,LIG,1819,604,1215,1330,486,3,ITC,ITC3,7,Liguria,Liguria,1550640,776555,50.08,0.12
706,2021-05-02,LIG,3978,1836,2142,505,3467,6,ITC,ITC3,7,Liguria,Liguria,1550640,780533,50.34,0.26
707,2021-05-04,LIG,13650,6088,7562,5335,8229,86,ITC,ITC3,7,Liguria,Liguria,1550640,794183,51.22,0.88
708,2021-05-09,LIG,2824,1244,1580,1086,1709,29,ITC,ITC3,7,Liguria,Liguria,1550640,797007,51.4,0.18
709,2021-03-13,LIG,3849,1637,2212,2949,855,45,ITC,ITC3,7,Liguria,Liguria,1550640,800856,51.65,0.25
710,2021-06-23,LIG,14281,6830,7451,9077,5185,19,ITC,ITC3,7,Liguria,Liguria,1550640,815137,52.57,0.92
711,2021-02-14,LIG,233,122,111,233,0,0,ITC,ITC3,7,Liguria,Liguria,1550640,815370,52.58,0.02
712,2021-05-25,LIG,14121,6867,7254,10814,3179,128,ITC,ITC3,7,Liguria,Liguria,1550640,829491,53.49,0.91
713,2021-03-22,LIG,7747,3469,4278,4736,2938,73,ITC,ITC3,7,Liguria,Liguria,1550640,837238,53.99,0.5
714,2021-02-07,LIG,407,153,254,2,405,0,ITC,ITC3,7,Liguria,Liguria,1550640,837645,54.02,0.03
715,2021-05-18,LIG,13466,6120,7346,10036,3293,137,ITC,ITC3,7,Liguria,Liguria,1550640,851111,54.89,0.87
716,2021-05-20,LIG,12875,5976,6899,8722,4026,127,ITC,ITC3,7,Liguria,Liguria,1550640,863986,55.72,0.83
717,2021-05-19,LIG,13571,5962,7609,10306,3120,145,ITC,ITC3,7,Liguria,Liguria,1550640,877557,56.59,0.88
718,2021-03-23,LIG,9273,4221,5052,5981,3209,83,ITC,ITC3,7,Liguria,Liguria,1550640,886830,57.19,0.6
719,2021-07-15,LIG,14599,7381,7218,5217,9330,52,ITC,ITC3,7,Liguria,Liguria,1550640,901429,58.13,0.94
720,2021-02-01,LIG,2559,923,1636,90,2469,0,ITC,ITC3,7,Liguria,Liguria,1550640,903988,58.3,0.17
721,2021-07-08,LIG,13579,6687,6892,6185,7357,37,ITC,ITC3,7,Liguria,Liguria,1550640,917567,59.17,0.88
722,2021-05-12,LIG,12037,5453,6584,6577,5348,112,ITC,ITC3,7,Liguria,Liguria,1550640,929604,59.95,0.78
723,2021-05-26,LIG,16666,8416,8250,12138,4373,155,ITC,ITC3,7,Liguria,Liguria,1550640,946270,61.02,1.07
724,2021-03-30,LIG,12214,5428,6786,8738,3388,88,ITC,ITC3,7,Liguria,Liguria,1550640,958484,61.81,0.79
725,2021-04-06,LIG,13248,5902,7346,10882,2260,106,ITC,ITC3,7,Liguria,Liguria,1550640,971732,62.67,0.85
726,2021-02-08,LIG,1979,742,1237,306,1673,0,ITC,ITC3,7,Liguria,Liguria,1550640,973711,62.79,0.13
727,2020-12-27,LIG,135,56,79,134,0,1,ITC,ITC3,7,Liguria,Liguria,1550640,973846,62.8,0.01
728,2021-06-11,LIG,17816,9074,8742,11748,6066,2,ITC,ITC3,7,Liguria,Liguria,1550640,991662,63.95,1.15
729,2021-04-15,LIG,11845,5238,6607,9889,1851,105,ITC,ITC3,7,Liguria,Liguria,1550640,1003507,64.72,0.76
730,2021-04-08,LIG,13787,6179,7608,11589,2045,153,ITC,ITC3,7,Liguria,Liguria,1550640,1017294,65.6,0.89
731,2021-07-17,LIG,5261,2719,2542,1471,3787,3,ITC,ITC3,7,Liguria,Liguria,1550640,1022555,65.94,0.34
732,2021-06-04,LIG,14739,7235,7504,9246,5487,6,ITC,ITC3,7,Liguria,Liguria,1550640,1037294,66.89,0.95
733,2021-02-17,LIG,2690,1182,1508,2252,426,12,ITC,ITC3,7,Liguria,Liguria,1550640,1039984,67.07,0.17
734,2021-05-28,LIG,16279,8128,8151,11597,4538,144,ITC,ITC3,7,Liguria,Liguria,1550640,1056263,68.12,1.05
735,2021-01-05,LIG,2879,896,1983,2879,0,0,ITC,ITC3,7,Liguria,Liguria,1550640,1059142,68.3,0.19
736,2021-03-03,LIG,4581,1847,2734,3444,1027,110,ITC,ITC3,7,Liguria,Liguria,1550640,1063723,68.6,0.3
737,2021-06-16,LIG,15986,7691,8295,8979,6997,10,ITC,ITC3,7,Liguria,Liguria,1550640,1079709,69.63,1.03
738,2021-03-08,LIG,5624,2459,3165,3894,1689,41,ITC,ITC3,7,Liguria,Liguria,1550640,1085333,69.99,0.36
739,2021-03-25,LIG,9769,4232,5537,6229,3392,148,ITC,ITC3,7,Liguria,Liguria,1550640,1095102,70.62,0.63
740,2021-01-01,LIG,144,55,89,144,0,0,ITC,ITC3,7,Liguria,Liguria,1550640,1095246,70.63,0.01
741,2021-05-23,LIG,2305,1119,1186,1169,1123,13,ITC,ITC3,7,Liguria,Liguria,1550640,1097551,70.78,0.15
742,2021-03-01,LIG,3539,1447,2092,3383,136,20,ITC,ITC3,7,Liguria,Liguria,1550640,1101090,71.01,0.23
743,2021-06-09,LIG,19043,9557,9486,12482,6557,4,ITC,ITC3,7,Liguria,Liguria,1550640,1120133,72.24,1.23
744,2021-04-03,LIG,5407,2499,2908,4428,943,36,ITC,ITC3,7,Liguria,Liguria,1550640,1125540,72.59,0.35
745,2021-01-24,LIG,756,237,519,113,643,0,ITC,ITC3,7,Liguria,Liguria,1550640,1126296,72.63,0.05
746,2021-06-27,LIG,1944,892,1052,691,1243,10,ITC,ITC3,7,Liguria,Liguria,1550640,1128240,72.76,0.13
747,2021-02-12,LIG,1937,691,1246,895,1040,2,ITC,ITC3,7,Liguria,Liguria,1550640,1130177,72.88,0.12
748,2021-01-29,LIG,3082,1064,2018,67,3015,0,ITC,ITC3,7,Liguria,Liguria,1550640,1133259,73.08,0.2
749,2021-01-20,LIG,1555,556,999,1542,12,1,ITC,ITC3,7,Liguria,Liguria,1550640,1134814,73.18,0.1
750,2021-07-09,LIG,12790,6306,6484,4228,8543,19,ITC,ITC3,7,Liguria,Liguria,1550640,1147604,74.01,0.82
751,2021-04-05,LIG,3978,1753,2225,2303,1649,26,ITC,ITC3,7,Liguria,Liguria,1550640,1151582,74.26,0.26
752,2021-07-16,LIG,12562,6192,6370,3146,9378,38,ITC,ITC3,7,Liguria,Liguria,1550640,1164144,75.08,0.81
753,2021-03-15,LIG,7245,3096,4149,4490,2706,49,ITC,ITC3,7,Liguria,Liguria,1550640,1171389,75.54,0.47
754,2021-03-27,LIG,3932,1549,2383,2485,1395,52,ITC,ITC3,7,Liguria,Liguria,1550640,1175321,75.8,0.25
755,2021-07-05,LIG,11856,5752,6104,5340,6480,36,ITC,ITC3,7,Liguria,Liguria,1550640,1187177,76.56,0.76
756,2021-04-13,LIG,13080,5868,7212,10943,2025,112,ITC,ITC3,7,Liguria,Liguria,1550640,1200257,77.4,0.84
757,2021-05-13,LIG,13297,6081,7216,8882,4247,168,ITC,ITC3,7,Liguria,Liguria,1550640,1213554,78.26,0.86
758,2021-02-19,LIG,3219,1306,1913,2988,176,55,ITC,ITC3,7,Liguria,Liguria,1550640,1216773,78.47,0.21
759,2021-02-15,LIG,2262,839,1423,1855,397,10,ITC,ITC3,7,Liguria,Liguria,1550640,1219035,78.61,0.15
760,2021-01-03,LIG,734,230,504,732,0,2,ITC,ITC3,7,Liguria,Liguria,1550640,1219769,78.66,0.05
761,2021-01-07,LIG,3226,1095,2131,3223,0,3,ITC,ITC3,7,Liguria,Liguria,1550640,1222995,78.87,0.21
762,2021-06-13,LIG,5616,2695,2921,5162,454,0,ITC,ITC3,7,Liguria,Liguria,1550640,1228611,79.23,0.36
763,2021-04-17,LIG,7386,3219,4167,6564,751,71,ITC,ITC3,7,Liguria,Liguria,1550640,1235997,79.71,0.48
764,2021-05-01,LIG,7143,3257,3886,1303,5801,39,ITC,ITC3,7,Liguria,Liguria,1550640,1243140,80.17,0.46
765,2021-03-05,LIG,4869,2150,2719,3674,1132,63,ITC,ITC3,7,Liguria,Liguria,1550640,1248009,80.48,0.31
766,2021-06-06,LIG,3809,2031,1778,2947,862,0,ITC,ITC3,7,Liguria,Liguria,1550640,1251818,80.73,0.25
767,2021-05-11,LIG,13917,6390,7527,7181,6617,119,ITC,ITC3,7,Liguria,Liguria,1550640,1265735,81.63,0.9
768,2021-03-29,LIG,10581,4620,5961,7344,3132,105,ITC,ITC3,7,Liguria,Liguria,1550640,1276316,82.31,0.68
769,2021-01-31,LIG,624,270,354,9,615,0,ITC,ITC3,7,Liguria,Liguria,1550640,1276940,82.35,0.04
770,2021-07-07,LIG,11719,5625,6094,4956,6745,18,ITC,ITC3,7,Liguria,Liguria,1550640,1288659,83.1,0.76
771,2021-02-24,LIG,3764,1560,2204,3448,258,58,ITC,ITC3,7,Liguria,Liguria,1550640,1292423,83.35,0.24
772,2020-12-29,LIG,125,33,92,125,0,0,ITC,ITC3,7,Liguria,Liguria,1550640,1292548,83.36,0.01
773,2021-01-12,LIG,2473,889,1584,2472,0,1,ITC,ITC3,7,Liguria,Liguria,1550640,1295021,83.52,0.16
774,2021-04-22,LIG,13863,6211,7652,8641,5084,138,ITC,ITC3,7,Liguria,Liguria,1550640,1308884,84.41,0.89
775,2021-04-24,LIG,8218,3795,4423,4959,3152,107,ITC,ITC3,7,Liguria,Liguria,1550640,1317102,84.94,0.53
776,2021-02-26,LIG,3766,1524,2242,3412,329,25,ITC,ITC3,7,Liguria,Liguria,1550640,1320868,85.18,0.24
777,2021-06-20,LIG,1333,658,675,1051,275,7,ITC,ITC3,7,Liguria,Liguria,1550640,1322201,85.27,0.09
778,2021-05-30,LIG,3302,1613,1689,1348,1941,13,ITC,ITC3,7,Liguria,Liguria,1550640,1325503,85.48,0.21
779,2021-06-01,LIG,16162,8117,8045,10793,5365,4,ITC,ITC3,7,Liguria,Liguria,1550640,1341665,86.52,1.04
780,2021-06-18,LIG,15387,7490,7897,8179,7190,18,ITC,ITC3,7,Liguria,Liguria,1550640,1357052,87.52,0.99
781,2021-03-10,LIG,5901,2862,3039,3929,1907,65,ITC,ITC3,7,Liguria,Liguria,1550640,1362953,87.9,0.38
782,2021-05-24,LIG,11829,5565,6264,9232,2495,102,ITC,ITC3,7,Liguria,Liguria,1550640,1374782,88.66,0.76
783,2021-05-07,LIG,13593,6040,7553,5733,7792,68,ITC,ITC3,7,Liguria,Liguria,1550640,1388375,89.54,0.88
784,2021-02-13,LIG,1080,508,572,797,280,3,ITC,ITC3,7,Liguria,Liguria,1550640,1389455,89.61,0.07
785,2021-06-07,LIG,15685,7654,8031,8666,7012,7,ITC,ITC3,7,Liguria,Liguria,1550640,1405140,90.62,1.01
786,2021-06-26,LIG,7153,3322,3831,4494,2649,10,ITC,ITC3,7,Liguria,Liguria,1550640,1412293,91.08,0.46
787,2021-07-10,LIG,6863,3465,3398,2751,4104,8,ITC,ITC3,7,Liguria,Liguria,1550640,1419156,91.52,0.44
788,2021-04-04,LIG,756,366,390,499,249,8,ITC,ITC3,7,Liguria,Liguria,1550640,1419912,91.57,0.05
789,2021-04-18,LIG,2613,1164,1449,2074,468,71,ITC,ITC3,7,Liguria,Liguria,1550640,1422525,91.74,0.17
790,2021-01-08,LIG,2930,999,1931,2928,0,2,ITC,ITC3,7,Liguria,Liguria,1550640,1425455,91.93,0.19
791,2021-01-27,LIG,1744,603,1141,140,1603,1,ITC,ITC3,7,Liguria,Liguria,1550640,1427199,92.04,0.11
792,2021-05-21,LIG,12845,5956,6889,9576,3126,143,ITC,ITC3,7,Liguria,Liguria,1550640,1440044,92.87,0.83
793,2021-02-27,LIG,1888,921,967,1750,129,9,ITC,ITC3,7,Liguria,Liguria,1550640,1441932,92.99,0.12
794,2021-02-10,LIG,2316,837,1479,1015,1297,4,ITC,ITC3,7,Liguria,Liguria,1550640,1444248,93.14,0.15
795,2021-03-18,LIG,4986,2124,2862,1972,2979,35,ITC,ITC3,7,Liguria,Liguria,1550640,1449234,93.46,0.32
796,2021-04-01,LIG,12427,5511,6916,9568,2770,89,ITC,ITC3,7,Liguria,Liguria,1550640,1461661,94.26,0.8
797,2021-06-08,LIG,18085,9020,9065,11449,6629,7,ITC,ITC3,7,Liguria,Liguria,1550640,1479746,95.43,1.17
798,2021-03-17,LIG,5552,2368,3184,2451,3079,22,ITC,ITC3,7,Liguria,Liguria,1550640,1485298,95.79,0.36
799,2021-06-25,LIG,13772,6591,7181,6881,6877,14,ITC,ITC3,7,Liguria,Liguria,1550640,1499070,96.67,0.89
800,2021-07-14,LIG,11418,5627,5791,3435,7958,25,ITC,ITC3,7,Liguria,Liguria,1550640,1510488,97.41,0.74
801,2021-05-06,LIG,14522,6442,8080,6039,8327,156,ITC,ITC3,7,Liguria,Liguria,1550640,1525010,98.35,0.94
802,2021-01-26,LIG,2488,807,1681,16,2472,0,ITC,ITC3,7,Liguria,Liguria,1550640,1527498,98.51,0.16
803,2021-03-28,LOM,20485,7818,12667,13935,6166,384,ITC,ITC4,3,Lombardia,Lombardia,10060574,20485,0.2,0.2
804,2021-04-14,LOM,47193,21033,26160,33536,12971,686,ITC,ITC4,3,Lombardia,Lombardia,10060574,67678,0.67,0.47
805,2021-01-04,LOM,6108,2107,4001,6102,0,6,ITC,ITC4,3,Lombardia,Lombardia,10060574,73786,0.73,0.06
806,2021-06-19,LOM,104302,51984,52318,56249,46630,1423,ITC,ITC4,3,Lombardia,Lombardia,10060574,178088,1.77,1.04
807,2021-07-06,LOM,99308,49425,49883,22464,75463,1381,ITC,ITC4,3,Lombardia,Lombardia,10060574,277396,2.76,0.99
808,2021-06-05,LOM,102428,52955,49473,91102,9815,1511,ITC,ITC4,3,Lombardia,Lombardia,10060574,379824,3.78,1.02
809,2021-03-14,LOM,14874,5348,9526,11218,3283,373,ITC,ITC4,3,Lombardia,Lombardia,10060574,394698,3.92,0.15
810,2021-02-23,LOM,11829,4803,7026,11289,332,208,ITC,ITC4,3,Lombardia,Lombardia,10060574,406527,4.04,0.12
811,2021-01-16,LOM,15439,5738,9701,15428,0,11,ITC,ITC4,3,Lombardia,Lombardia,10060574,421966,4.19,0.15
812,2021-05-24,LOM,89513,43483,46030,48579,40000,934,ITC,ITC4,3,Lombardia,Lombardia,10060574,511479,5.08,0.89
813,2021-02-11,LOM,17086,5013,12073,9632,7375,79,ITC,ITC4,3,Lombardia,Lombardia,10060574,528565,5.25,0.17
814,2021-05-31,LOM,95648,47396,48252,78343,16201,1104,ITC,ITC4,3,Lombardia,Lombardia,10060574,624213,6.2,0.95
815,2021-03-26,LOM,41321,15703,25618,27502,13149,670,ITC,ITC4,3,Lombardia,Lombardia,10060574,665534,6.62,0.41
816,2021-05-22,LOM,70598,33837,36761,31724,38160,714,ITC,ITC4,3,Lombardia,Lombardia,10060574,736132,7.32,0.7
817,2021-02-16,LOM,9506,3073,6433,8957,448,101,ITC,ITC4,3,Lombardia,Lombardia,10060574,745638,7.41,0.09
818,2021-06-10,LOM,102607,52228,50379,86399,14410,1798,ITC,ITC4,3,Lombardia,Lombardia,10060574,848245,8.43,1.02
819,2021-03-02,LOM,22831,9705,13126,19529,3040,262,ITC,ITC4,3,Lombardia,Lombardia,10060574,871076,8.66,0.23
820,2020-12-28,LOM,107,47,60,107,0,0,ITC,ITC4,3,Lombardia,Lombardia,10060574,871183,8.66,0.0
821,2021-04-21,LOM,71829,32564,39265,55830,14665,1334,ITC,ITC4,3,Lombardia,Lombardia,10060574,943012,9.37,0.71
822,2021-01-11,LOM,16266,5379,10887,16256,0,10,ITC,ITC4,3,Lombardia,Lombardia,10060574,959278,9.54,0.16
823,2021-01-28,LOM,12229,3704,8525,794,11428,7,ITC,ITC4,3,Lombardia,Lombardia,10060574,971507,9.66,0.12
824,2021-02-04,LOM,27828,8112,19716,2008,25814,6,ITC,ITC4,3,Lombardia,Lombardia,10060574,999335,9.93,0.28
825,2021-04-09,LOM,52400,22372,30028,35568,15995,837,ITC,ITC4,3,Lombardia,Lombardia,10060574,1051735,10.45,0.52
826,2021-07-13,LOM,108394,56663,51731,15409,91745,1240,ITC,ITC4,3,Lombardia,Lombardia,10060574,1160129,11.53,1.08
827,2021-04-04,LOM,7611,3230,4381,3682,3895,34,ITC,ITC4,3,Lombardia,Lombardia,10060574,1167740,11.61,0.08
828,2021-04-23,LOM,73532,33323,40209,55562,16584,1386,ITC,ITC4,3,Lombardia,Lombardia,10060574,1241272,12.34,0.73
829,2021-05-10,LOM,85274,40885,44389,62037,21580,1657,ITC,ITC4,3,Lombardia,Lombardia,10060574,1326546,13.19,0.85
830,2021-01-30,LOM,12317,4567,7750,146,12162,9,ITC,ITC4,3,Lombardia,Lombardia,10060574,1338863,13.31,0.12
831,2021-04-28,LOM,95739,43671,52068,66920,26904,1915,ITC,ITC4,3,Lombardia,Lombardia,10060574,1434602,14.26,0.95
832,2021-06-24,LOM,109515,56630,52885,78328,28800,2387,ITC,ITC4,3,Lombardia,Lombardia,10060574,1544117,15.35,1.09
833,2021-03-16,LOM,25497,10113,15384,16297,9078,122,ITC,ITC4,3,Lombardia,Lombardia,10060574,1569614,15.6,0.25
834,2021-05-12,LOM,87490,41751,45739,57406,27561,2523,ITC,ITC4,3,Lombardia,Lombardia,10060574,1657104,16.47,0.87
835,2021-07-08,LOM,114350,58282,56068,13159,100160,1031,ITC,ITC4,3,Lombardia,Lombardia,10060574,1771454,17.61,1.14
836,2021-04-16,LOM,53685,23929,29756,38430,14367,888,ITC,ITC4,3,Lombardia,Lombardia,10060574,1825139,18.14,0.53
837,2021-05-03,LOM,83703,39757,43946,69455,12126,2122,ITC,ITC4,3,Lombardia,Lombardia,10060574,1908842,18.97,0.83
838,2021-01-23,LOM,1116,357,759,914,199,3,ITC,ITC4,3,Lombardia,Lombardia,10060574,1909958,18.98,0.01
839,2021-01-09,LOM,12429,4578,7851,12421,0,8,ITC,ITC4,3,Lombardia,Lombardia,10060574,1922387,19.11,0.12
840,2021-03-07,LOM,12088,5362,6726,9337,2560,191,ITC,ITC4,3,Lombardia,Lombardia,10060574,1934475,19.23,0.12
841,2021-01-27,LOM,8044,2677,5367,808,7234,2,ITC,ITC4,3,Lombardia,Lombardia,10060574,1942519,19.31,0.08
842,2021-07-03,LOM,102318,51619,50699,44532,55678,2108,ITC,ITC4,3,Lombardia,Lombardia,10060574,2044837,20.33,1.02
843,2021-03-25,LOM,42863,16031,26832,29238,12721,904,ITC,ITC4,3,Lombardia,Lombardia,10060574,2087700,20.75,0.43
844,2021-05-21,LOM,93843,45240,48603,28379,64703,761,ITC,ITC4,3,Lombardia,Lombardia,10060574,2181543,21.68,0.93
845,2021-05-17,LOM,94639,45351,49288,29526,64411,702,ITC,ITC4,3,Lombardia,Lombardia,10060574,2276182,22.62,0.94
846,2021-05-19,LOM,83225,39744,43481,33095,49324,806,ITC,ITC4,3,Lombardia,Lombardia,10060574,2359407,23.45,0.83
847,2021-02-08,LOM,10085,2919,7166,2122,7954,9,ITC,ITC4,3,Lombardia,Lombardia,10060574,2369492,23.55,0.1
848,2021-02-25,LOM,15294,6350,8944,13521,1573,200,ITC,ITC4,3,Lombardia,Lombardia,10060574,2384786,23.7,0.15
849,2021-04-25,LOM,51501,23614,27887,45537,4744,1220,ITC,ITC4,3,Lombardia,Lombardia,10060574,2436287,24.22,0.51
850,2021-06-28,LOM,107891,54976,52915,74277,31005,2609,ITC,ITC4,3,Lombardia,Lombardia,10060574,2544178,25.29,1.07
851,2021-05-29,LOM,88306,42410,45896,41396,46068,842,ITC,ITC4,3,Lombardia,Lombardia,10060574,2632484,26.17,0.88
852,2021-02-18,LOM,14050,4924,9126,12816,1037,197,ITC,ITC4,3,Lombardia,Lombardia,10060574,2646534,26.31,0.14
853,2021-06-17,LOM,108538,52703,55835,51070,56290,1178,ITC,ITC4,3,Lombardia,Lombardia,10060574,2755072,27.38,1.08
854,2021-03-09,LOM,33222,12863,20359,25243,7397,582,ITC,ITC4,3,Lombardia,Lombardia,10060574,2788294,27.72,0.33
855,2021-05-05,LOM,87938,41928,46010,70358,15316,2264,ITC,ITC4,3,Lombardia,Lombardia,10060574,2876232,28.59,0.87
856,2021-07-01,LOM,104931,52817,52114,53326,49207,2398,ITC,ITC4,3,Lombardia,Lombardia,10060574,2981163,29.63,1.04
857,2021-06-12,LOM,89313,48063,41250,84314,3156,1843,ITC,ITC4,3,Lombardia,Lombardia,10060574,3070476,30.52,0.89
858,2021-06-29,LOM,107124,53137,53987,57394,47723,2007,ITC,ITC4,3,Lombardia,Lombardia,10060574,3177600,31.58,1.06
859,2021-03-21,LOM,23515,8494,15021,17731,5194,590,ITC,ITC4,3,Lombardia,Lombardia,10060574,3201115,31.82,0.23
860,2021-02-13,LOM,6419,2441,3978,4882,1477,60,ITC,ITC4,3,Lombardia,Lombardia,10060574,3207534,31.88,0.06
861,2021-07-17,LOM,87640,46159,41481,7572,79400,668,ITC,ITC4,3,Lombardia,Lombardia,10060574,3295174,32.75,0.87
862,2021-04-02,LOM,41271,16882,24389,26199,14514,558,ITC,ITC4,3,Lombardia,Lombardia,10060574,3336445,33.16,0.41
863,2021-04-11,LOM,32221,13944,18277,24315,7395,511,ITC,ITC4,3,Lombardia,Lombardia,10060574,3368666,33.48,0.32
864,2021-01-01,LOM,24,7,17,24,0,0,ITC,ITC4,3,Lombardia,Lombardia,10060574,3368690,33.48,0.0
865,2021-06-07,LOM,98956,50423,48533,84022,13317,1617,ITC,ITC4,3,Lombardia,Lombardia,10060574,3467646,34.47,0.98
866,2021-02-27,LOM,13949,5874,8075,13154,641,154,ITC,ITC4,3,Lombardia,Lombardia,10060574,3481595,34.61,0.14
867,2021-06-21,LOM,113257,58025,55232,78343,32740,2174,ITC,ITC4,3,Lombardia,Lombardia,10060574,3594852,35.73,1.13
868,2021-06-02,LOM,84633,43574,41059,76985,6331,1317,ITC,ITC4,3,Lombardia,Lombardia,10060574,3679485,36.57,0.84
869,2021-03-11,LOM,36220,13478,22742,25627,9909,684,ITC,ITC4,3,Lombardia,Lombardia,10060574,3715705,36.93,0.36
870,2021-03-30,LOM,39639,15592,24047,24244,14784,611,ITC,ITC4,3,Lombardia,Lombardia,10060574,3755344,37.33,0.39
871,2021-01-06,LOM,7062,2494,4568,7057,0,5,ITC,ITC4,3,Lombardia,Lombardia,10060574,3762406,37.4,0.07
872,2021-05-07,LOM,92314,43705,48609,68370,22403,1541,ITC,ITC4,3,Lombardia,Lombardia,10060574,3854720,38.32,0.92
873,2021-03-18,LOM,27393,10956,16437,15928,11238,227,ITC,ITC4,3,Lombardia,Lombardia,10060574,3882113,38.59,0.27
874,2021-05-14,LOM,85958,41393,44565,53252,30321,2385,ITC,ITC4,3,Lombardia,Lombardia,10060574,3968071,39.44,0.85
875,2021-07-10,LOM,107108,54224,52884,13930,91997,1181,ITC,ITC4,3,Lombardia,Lombardia,10060574,4075179,40.51,1.06
876,2021-02-06,LOM,15264,5539,9725,1011,14249,4,ITC,ITC4,3,Lombardia,Lombardia,10060574,4090443,40.66,0.15
877,2021-05-02,LOM,83507,38338,45169,59262,22465,1780,ITC,ITC4,3,Lombardia,Lombardia,10060574,4173950,41.49,0.83
878,2021-04-13,LOM,47658,21272,26386,32930,14084,644,ITC,ITC4,3,Lombardia,Lombardia,10060574,4221608,41.96,0.47
879,2021-04-30,LOM,117291,54808,62483,87222,27504,2565,ITC,ITC4,3,Lombardia,Lombardia,10060574,4338899,43.13,1.17
880,2021-07-15,LOM,108609,55873,52736,12865,94550,1194,ITC,ITC4,3,Lombardia,Lombardia,10060574,4447508,44.21,1.08
881,2021-04-06,LOM,43076,17587,25489,24440,17946,690,ITC,ITC4,3,Lombardia,Lombardia,10060574,4490584,44.64,0.43
882,2021-06-14,LOM,94756,48144,46612,49104,44520,1132,ITC,ITC4,3,Lombardia,Lombardia,10060574,4585340,45.58,0.94
883,2021-05-26,LOM,93679,44653,49026,42735,50053,891,ITC,ITC4,3,Lombardia,Lombardia,10060574,4679019,46.51,0.93
884,2021-02-15,LOM,8950,3137,5813,8353,418,179,ITC,ITC4,3,Lombardia,Lombardia,10060574,4687969,46.6,0.09
885,2021-03-20,LOM,32594,12165,20429,22242,9852,500,ITC,ITC4,3,Lombardia,Lombardia,10060574,4720563,46.92,0.32
886,2020-12-27,LOM,718,414,304,718,0,0,ITC,ITC4,3,Lombardia,Lombardia,10060574,4721281,46.93,0.01
887,2021-02-20,LOM,9339,3868,5471,8844,298,197,ITC,ITC4,3,Lombardia,Lombardia,10060574,4730620,47.02,0.09
888,2021-04-18,LOM,36404,16229,20175,30521,5240,643,ITC,ITC4,3,Lombardia,Lombardia,10060574,4767024,47.38,0.36
889,2021-01-08,LOM,12715,3923,8792,12704,0,11,ITC,ITC4,3,Lombardia,Lombardia,10060574,4779739,47.51,0.13
890,2021-01-15,LOM,25223,7435,17788,25171,0,52,ITC,ITC4,3,Lombardia,Lombardia,10060574,4804962,47.76,0.25
891,2021-04-29,LOM,115545,53599,61946,83114,29856,2575,ITC,ITC4,3,Lombardia,Lombardia,10060574,4920507,48.91,1.15
892,2021-06-25,LOM,108035,56066,51969,78195,27531,2309,ITC,ITC4,3,Lombardia,Lombardia,10060574,5028542,49.98,1.07
893,2021-04-20,LOM,67674,30834,36840,55898,10346,1430,ITC,ITC4,3,Lombardia,Lombardia,10060574,5096216,50.66,0.67
894,2021-01-10,LOM,10519,3960,6559,10510,0,9,ITC,ITC4,3,Lombardia,Lombardia,10060574,5106735,50.76,0.1
895,2021-01-17,LOM,8351,3347,5004,8144,201,6,ITC,ITC4,3,Lombardia,Lombardia,10060574,5115086,50.84,0.08
896,2021-06-23,LOM,110910,57387,53523,76733,32029,2148,ITC,ITC4,3,Lombardia,Lombardia,10060574,5225996,51.95,1.1
897,2021-03-15,LOM,31561,11336,20225,22429,8518,614,ITC,ITC4,3,Lombardia,Lombardia,10060574,5257557,52.26,0.31
898,2021-05-18,LOM,88216,42164,46052,31873,55577,766,ITC,ITC4,3,Lombardia,Lombardia,10060574,5345773,53.14,0.88
899,2021-06-04,LOM,104612,54303,50309,93190,9637,1785,ITC,ITC4,3,Lombardia,Lombardia,10060574,5450385,54.18,1.04
900,2021-02-24,LOM,14720,5957,8763,13557,954,209,ITC,ITC4,3,Lombardia,Lombardia,10060574,5465105,54.32,0.15
901,2021-05-16,LOM,68700,32506,36194,35586,32204,910,ITC,ITC4,3,Lombardia,Lombardia,10060574,5533805,55.0,0.68
902,2021-02-05,LOM,25712,7459,18253,2410,23283,19,ITC,ITC4,3,Lombardia,Lombardia,10060574,5559517,55.26,0.26
903,2021-02-22,LOM,11898,4809,7089,11395,305,198,ITC,ITC4,3,Lombardia,Lombardia,10060574,5571415,55.38,0.12
904,2021-03-13,LOM,27189,9777,17412,20543,6095,551,ITC,ITC4,3,Lombardia,Lombardia,10060574,5598604,55.65,0.27
905,2021-05-01,LOM,95983,43678,52305,65055,29215,1713,ITC,ITC4,3,Lombardia,Lombardia,10060574,5694587,56.6,0.95
906,2021-01-21,LOM,5490,1604,3886,4783,690,17,ITC,ITC4,3,Lombardia,Lombardia,10060574,5700077,56.66,0.05
907,2021-02-07,LOM,7312,2825,4487,335,6974,3,ITC,ITC4,3,Lombardia,Lombardia,10060574,5707389,56.73,0.07
908,2021-01-19,LOM,8053,2329,5724,7571,468,14,ITC,ITC4,3,Lombardia,Lombardia,10060574,5715442,56.81,0.08
909,2020-12-30,LOM,114,42,72,114,0,0,ITC,ITC4,3,Lombardia,Lombardia,10060574,5715556,56.81,0.0
910,2021-06-16,LOM,99217,50420,48797,49922,48142,1153,ITC,ITC4,3,Lombardia,Lombardia,10060574,5814773,57.8,0.99
911,2021-03-06,LOM,21341,9100,12241,16530,4513,298,ITC,ITC4,3,Lombardia,Lombardia,10060574,5836114,58.01,0.21
912,2021-06-09,LOM,103623,52216,51407,87422,14480,1721,ITC,ITC4,3,Lombardia,Lombardia,10060574,5939737,59.04,1.03
913,2021-03-08,LOM,29759,11191,18568,22163,7079,517,ITC,ITC4,3,Lombardia,Lombardia,10060574,5969496,59.34,0.3
914,2021-05-04,LOM,86822,41077,45745,70282,14394,2146,ITC,ITC4,3,Lombardia,Lombardia,10060574,6056318,60.2,0.86
915,2021-01-24,LOM,1199,457,742,536,663,0,ITC,ITC4,3,Lombardia,Lombardia,10060574,6057517,60.21,0.01
916,2021-04-27,LOM,86014,39981,46033,67642,16565,1807,ITC,ITC4,3,Lombardia,Lombardia,10060574,6143531,61.07,0.85
917,2021-03-17,LOM,26260,10497,15763,15100,11000,160,ITC,ITC4,3,Lombardia,Lombardia,10060574,6169791,61.33,0.26
918,2021-07-04,LOM,86640,43336,43304,40178,44505,1957,ITC,ITC4,3,Lombardia,Lombardia,10060574,6256431,62.19,0.86
919,2021-01-18,LOM,9203,2972,6231,8213,975,15,ITC,ITC4,3,Lombardia,Lombardia,10060574,6265634,62.28,0.09
920,2021-03-23,LOM,42576,15468,27108,28860,12861,855,ITC,ITC4,3,Lombardia,Lombardia,10060574,6308210,62.7,0.42
921,2021-01-25,LOM,7024,2375,4649,474,6547,3,ITC,ITC4,3,Lombardia,Lombardia,10060574,6315234,62.77,0.07
922,2021-02-01,LOM,16069,5322,10747,307,15760,2,ITC,ITC4,3,Lombardia,Lombardia,10060574,6331303,62.93,0.16
923,2021-07-05,LOM,101366,49517,51849,31225,68255,1886,ITC,ITC4,3,Lombardia,Lombardia,10060574,6432669,63.94,1.01
924,2021-07-12,LOM,111645,57400,54245,14790,95710,1145,ITC,ITC4,3,Lombardia,Lombardia,10060574,6544314,65.05,1.11
925,2021-06-26,LOM,105870,55426,50444,77785,25685,2400,ITC,ITC4,3,Lombardia,Lombardia,10060574,6650184,66.1,1.05
926,2021-02-10,LOM,14403,4508,9895,7547,6825,31,ITC,ITC4,3,Lombardia,Lombardia,10060574,6664587,66.24,0.14
927,2021-02-03,LOM,25646,7917,17729,1076,24565,5,ITC,ITC4,3,Lombardia,Lombardia,10060574,6690233,66.5,0.25
928,2021-04-01,LOM,42984,17241,25743,26052,16219,713,ITC,ITC4,3,Lombardia,Lombardia,10060574,6733217,66.93,0.43
929,2021-06-01,LOM,93959,46105,47854,75755,17097,1107,ITC,ITC4,3,Lombardia,Lombardia,10060574,6827176,67.86,0.93
930,2021-01-02,LOM,202,74,128,202,0,0,ITC,ITC4,3,Lombardia,Lombardia,10060574,6827378,67.86,0.0
931,2021-06-08,LOM,102876,52296,50580,87145,14056,1675,ITC,ITC4,3,Lombardia,Lombardia,10060574,6930254,68.89,1.02
932,2021-02-28,LOM,7884,3254,4630,7602,210,72,ITC,ITC4,3,Lombardia,Lombardia,10060574,6938138,68.96,0.08
933,2021-04-26,LOM,87965,40929,47036,67032,19165,1768,ITC,ITC4,3,Lombardia,Lombardia,10060574,7026103,69.84,0.87
934,2021-01-20,LOM,5680,1382,4298,5561,114,5,ITC,ITC4,3,Lombardia,Lombardia,10060574,7031783,69.89,0.06
935,2021-01-22,LOM,3154,870,2284,3080,69,5,ITC,ITC4,3,Lombardia,Lombardia,10060574,7034937,69.93,0.03
936,2021-05-20,LOM,94438,45638,48800,31237,62557,644,ITC,ITC4,3,Lombardia,Lombardia,10060574,7129375,70.86,0.94
937,2021-05-09,LOM,69713,32886,36827,54468,13272,1973,ITC,ITC4,3,Lombardia,Lombardia,10060574,7199088,71.56,0.69
938,2021-01-29,LOM,13494,4128,9366,684,12807,3,ITC,ITC4,3,Lombardia,Lombardia,10060574,7212582,71.69,0.13
939,2021-06-13,LOM,75997,40560,35437,72286,2124,1587,ITC,ITC4,3,Lombardia,Lombardia,10060574,7288579,72.45,0.76
940,2021-03-05,LOM,28951,11941,17010,20231,8420,300,ITC,ITC4,3,Lombardia,Lombardia,10060574,7317530,72.73,0.29
941,2021-06-27,LOM,90908,46796,44112,69784,18828,2296,ITC,ITC4,3,Lombardia,Lombardia,10060574,7408438,73.64,0.9
942,2021-03-19,LOM,32434,12917,19517,18909,13202,323,ITC,ITC4,3,Lombardia,Lombardia,10060574,7440872,73.96,0.32
943,2021-05-27,LOM,94845,45443,49402,40616,53442,787,ITC,ITC4,3,Lombardia,Lombardia,10060574,7535717,74.9,0.94
944,2021-04-24,LOM,75814,33601,42213,53440,21133,1241,ITC,ITC4,3,Lombardia,Lombardia,10060574,7611531,75.66,0.75
945,2021-01-14,LOM,26928,7806,19122,26873,0,55,ITC,ITC4,3,Lombardia,Lombardia,10060574,7638459,75.92,0.27
946,2021-05-08,LOM,87753,40761,46992,63467,22065,2221,ITC,ITC4,3,Lombardia,Lombardia,10060574,7726212,76.8,0.87
947,2021-07-02,LOM,103746,51982,51764,48858,52681,2207,ITC,ITC4,3,Lombardia,Lombardia,10060574,7829958,77.83,1.03
948,2021-03-24,LOM,43245,15611,27634,30470,11885,890,ITC,ITC4,3,Lombardia,Lombardia,10060574,7873203,78.26,0.43
949,2021-02-09,LOM,12218,3334,8884,4023,8181,14,ITC,ITC4,3,Lombardia,Lombardia,10060574,7885421,78.38,0.12
950,2021-06-18,LOM,107586,52845,54741,51941,54408,1237,ITC,ITC4,3,Lombardia,Lombardia,10060574,7993007,79.45,1.07
951,2021-03-01,LOM,18796,8233,10563,16882,1707,207,ITC,ITC4,3,Lombardia,Lombardia,10060574,8011803,79.64,0.19
952,2021-05-15,LOM,80912,38787,42125,45481,33384,2047,ITC,ITC4,3,Lombardia,Lombardia,10060574,8092715,80.44,0.8
953,2021-07-11,LOM,90184,45615,44569,11774,77352,1058,ITC,ITC4,3,Lombardia,Lombardia,10060574,8182899,81.34,0.9
954,2021-05-13,LOM,87191,41780,45411,55720,28878,2593,ITC,ITC4,3,Lombardia,Lombardia,10060574,8270090,82.2,0.87
955,2021-02-02,LOM,19884,6598,13286,496,19385,3,ITC,ITC4,3,Lombardia,Lombardia,10060574,8289974,82.4,0.2
956,2021-03-31,LOM,42157,17099,25058,26186,15294,677,ITC,ITC4,3,Lombardia,Lombardia,10060574,8332131,82.82,0.42
957,2021-03-10,LOM,33292,12733,20559,24842,7864,586,ITC,ITC4,3,Lombardia,Lombardia,10060574,8365423,83.15,0.33
958,2021-05-06,LOM,89855,42203,47652,70977,16512,2366,ITC,ITC4,3,Lombardia,Lombardia,10060574,8455278,84.04,0.89
959,2021-01-26,LOM,8343,2706,5637,349,7994,0,ITC,ITC4,3,Lombardia,Lombardia,10060574,8463621,84.13,0.08
960,2021-07-16,LOM,108741,56649,52092,11119,96461,1161,ITC,ITC4,3,Lombardia,Lombardia,10060574,8572362,85.21,1.08
961,2021-04-07,LOM,50592,20924,29668,34074,15812,706,ITC,ITC4,3,Lombardia,Lombardia,10060574,8622954,85.71,0.5
962,2021-07-07,LOM,111804,56048,55756,17979,92656,1169,ITC,ITC4,3,Lombardia,Lombardia,10060574,8734758,86.82,1.11
963,2021-04-15,LOM,49459,21862,27597,34883,13825,751,ITC,ITC4,3,Lombardia,Lombardia,10060574,8784217,87.31,0.49
964,2021-01-05,LOM,7857,2576,5281,7851,0,6,ITC,ITC4,3,Lombardia,Lombardia,10060574,8792074,87.39,0.08
965,2021-03-27,LOM,32442,12378,20064,23102,8709,631,ITC,ITC4,3,Lombardia,Lombardia,10060574,8824516,87.71,0.32
966,2021-01-03,LOM,854,316,538,853,0,1,ITC,ITC4,3,Lombardia,Lombardia,10060574,8825370,87.72,0.01
967,2021-04-03,LOM,36259,14869,21390,25773,10106,380,ITC,ITC4,3,Lombardia,Lombardia,10060574,8861629,88.08,0.36
968,2021-05-30,LOM,74367,35587,38780,33790,39957,620,ITC,ITC4,3,Lombardia,Lombardia,10060574,8935996,88.82,0.74
969,2021-05-23,LOM,60764,28929,31835,26293,33957,514,ITC,ITC4,3,Lombardia,Lombardia,10060574,8996760,89.43,0.6
970,2021-02-12,LOM,13965,4366,9599,8870,4935,160,ITC,ITC4,3,Lombardia,Lombardia,10060574,9010725,89.56,0.14
971,2021-04-10,LOM,52750,21845,30905,40043,11956,751,ITC,ITC4,3,Lombardia,Lombardia,10060574,9063475,90.09,0.52
972,2021-06-06,LOM,90129,46348,43781,79528,9221,1380,ITC,ITC4,3,Lombardia,Lombardia,10060574,9153604,90.98,0.9
973,2021-01-07,LOM,11767,3638,8129,11727,0,40,ITC,ITC4,3,Lombardia,Lombardia,10060574,9165371,91.1,0.12
974,2021-02-19,LOM,14219,5400,8819,13321,723,175,ITC,ITC4,3,Lombardia,Lombardia,10060574,9179590,91.24,0.14
975,2021-04-17,LOM,48513,21305,27208,36945,10851,717,ITC,ITC4,3,Lombardia,Lombardia,10060574,9228103,91.73,0.48
976,2021-02-26,LOM,18400,7557,10843,16322,1874,204,ITC,ITC4,3,Lombardia,Lombardia,10060574,9246503,91.91,0.18
977,2021-04-12,LOM,47245,20583,26662,32266,14343,636,ITC,ITC4,3,Lombardia,Lombardia,10060574,9293748,92.38,0.47
978,2021-02-21,LOM,5053,1864,3189,4942,17,94,ITC,ITC4,3,Lombardia,Lombardia,10060574,9298801,92.43,0.05
979,2021-04-19,LOM,60118,27349,32769,49444,9404,1270,ITC,ITC4,3,Lombardia,Lombardia,10060574,9358919,93.03,0.6
980,2021-06-15,LOM,95967,48839,47128,49008,45890,1069,ITC,ITC4,3,Lombardia,Lombardia,10060574,9454886,93.98,0.95
981,2020-12-31,LOM,714,302,412,714,0,0,ITC,ITC4,3,Lombardia,Lombardia,10060574,9455600,93.99,0.01
982,2021-06-22,LOM,110990,57925,53065,78991,29879,2120,ITC,ITC4,3,Lombardia,Lombardia,10060574,9566590,95.09,1.1
983,2021-07-09,LOM,115490,58880,56610,11722,102882,886,ITC,ITC4,3,Lombardia,Lombardia,10060574,9682080,96.24,1.15
984,2021-06-03,LOM,97139,49715,47424,84604,10873,1662,ITC,ITC4,3,Lombardia,Lombardia,10060574,9779219,97.2,0.97
985,2021-06-20,LOM,88953,44336,44617,52831,34885,1237,ITC,ITC4,3,Lombardia,Lombardia,10060574,9868172,98.09,0.88
986,2021-03-12,LOM,35272,12969,22303,24451,10204,617,ITC,ITC4,3,Lombardia,Lombardia,10060574,9903444,98.44,0.35
987,2021-03-29,LOM,40047,15543,24504,24529,14838,680,ITC,ITC4,3,Lombardia,Lombardia,10060574,9943491,98.84,0.4
988,2021-01-13,LOM,26434,8072,18362,26407,0,27,ITC,ITC4,3,Lombardia,Lombardia,10060574,9969925,99.1,0.26
989,2021-03-04,LOM,29330,12114,17216,20039,9071,220,ITC,ITC4,3,Lombardia,Lombardia,10060574,9999255,99.39,0.29
990,2021-06-30,LOM,106757,52899,53858,56573,48079,2105,ITC,ITC4,3,Lombardia,Lombardia,10060574,10106012,100.45,1.06
991,2021-03-22,LOM,40337,14302,26035,28946,10557,834,ITC,ITC4,3,Lombardia,Lombardia,10060574,10146349,100.85,0.4
992,2021-04-08,LOM,52381,21769,30612,35247,16462,672,ITC,ITC4,3,Lombardia,Lombardia,10060574,10198730,101.37,0.52
993,2020-12-29,LOM,106,45,61,106,0,0,ITC,ITC4,3,Lombardia,Lombardia,10060574,10198836,101.37,0.0
994,2021-07-14,LOM,109155,56728,52427,14345,93403,1407,ITC,ITC4,3,Lombardia,Lombardia,10060574,10307991,102.46,1.08
995,2021-04-22,LOM,73947,33399,40548,56209,16355,1383,ITC,ITC4,3,Lombardia,Lombardia,10060574,10381938,103.19,0.74
996,2021-03-03,LOM,26977,11515,15462,19478,7282,217,ITC,ITC4,3,Lombardia,Lombardia,10060574,10408915,103.46,0.27
997,2021-05-11,LOM,86893,41440,45453,58251,26228,2414,ITC,ITC4,3,Lombardia,Lombardia,10060574,10495808,104.33,0.86
998,2021-05-28,LOM,93549,44828,48721,42025,50610,914,ITC,ITC4,3,Lombardia,Lombardia,10060574,10589357,105.26,0.93
999,2021-02-17,LOM,11991,3756,8235,10408,1390,193,ITC,ITC4,3,Lombardia,Lombardia,10060574,10601348,105.38,0.12
1000,2021-06-11,LOM,101450,51683,49767,84934,14616,1900,ITC,ITC4,3,Lombardia,Lombardia,10060574,10702798,106.38,1.01
1001,2021-04-05,LOM,27380,11695,15685,19023,8103,254,ITC,ITC4,3,Lombardia,Lombardia,10060574,10730178,106.66,0.27
1002,2021-01-31,LOM,9741,3766,5975,29,9712,0,ITC,ITC4,3,Lombardia,Lombardia,10060574,10739919,106.75,0.1
1003,2021-05-25,LOM,91165,43622,47543,43846,46495,824,ITC,ITC4,3,Lombardia,Lombardia,10060574,10831084,107.66,0.91
1004,2021-02-14,LOM,3583,1547,2036,2934,635,14,ITC,ITC4,3,Lombardia,Lombardia,10060574,10834667,107.69,0.04
1005,2021-01-12,LOM,20232,6701,13531,20203,0,29,ITC,ITC4,3,Lombardia,Lombardia,10060574,10854899,107.9,0.2
1006,2021-04-11,SIC,15369,7592,7777,8234,7032,103,ITG,ITG1,19,Sicilia,Sicilia,4999891,15369,0.31,0.31
1007,2020-12-30,SIC,184,109,75,183,0,1,ITG,ITG1,19,Sicilia,Sicilia,4999891,15553,0.31,0.0
1008,2021-01-16,SIC,2716,1211,1505,2695,0,21,ITG,ITG1,19,Sicilia,Sicilia,4999891,18269,0.37,0.05
1009,2021-07-01,SIC,30950,14060,16890,10720,19975,255,ITG,ITG1,19,Sicilia,Sicilia,4999891,49219,0.98,0.62
1010,2021-04-09,SIC,20270,9876,10394,10947,9076,247,ITG,ITG1,19,Sicilia,Sicilia,4999891,69489,1.39,0.41
1011,2021-03-23,SIC,20939,10078,10861,15224,5563,152,ITG,ITG1,19,Sicilia,Sicilia,4999891,90428,1.81,0.42
1012,2021-05-31,SIC,38088,17147,20941,21281,16510,297,ITG,ITG1,19,Sicilia,Sicilia,4999891,128516,2.57,0.76
1013,2021-06-19,SIC,44257,21041,23216,18748,25192,317,ITG,ITG1,19,Sicilia,Sicilia,4999891,172773,3.46,0.89
1014,2021-04-23,SIC,28565,13695,14870,22367,5835,363,ITG,ITG1,19,Sicilia,Sicilia,4999891,201338,4.03,0.57
1015,2021-06-26,SIC,37245,17771,19474,16356,20591,298,ITG,ITG1,19,Sicilia,Sicilia,4999891,238583,4.77,0.74
1016,2021-04-30,SIC,35014,16342,18672,23538,11030,446,ITG,ITG1,19,Sicilia,Sicilia,4999891,273597,5.47,0.7
1017,2021-02-13,SIC,2977,1123,1854,2686,255,36,ITG,ITG1,19,Sicilia,Sicilia,4999891,276574,5.53,0.06
1018,2021-05-24,SIC,35870,17435,18435,15591,20047,232,ITG,ITG1,19,Sicilia,Sicilia,4999891,312444,6.25,0.72
1019,2021-05-17,SIC,31905,15395,16510,19004,12616,285,ITG,ITG1,19,Sicilia,Sicilia,4999891,344349,6.89,0.64
1020,2021-03-21,SIC,15218,7340,7878,11182,3969,67,ITG,ITG1,19,Sicilia,Sicilia,4999891,359567,7.19,0.3
1021,2021-02-06,SIC,4700,2099,2601,1445,3234,21,ITG,ITG1,19,Sicilia,Sicilia,4999891,364267,7.29,0.09
1022,2021-06-24,SIC,42267,19625,22642,17569,24345,353,ITG,ITG1,19,Sicilia,Sicilia,4999891,406534,8.13,0.85
1023,2021-06-07,SIC,49679,23410,26269,41115,8034,530,ITG,ITG1,19,Sicilia,Sicilia,4999891,456213,9.12,0.99
1024,2021-01-25,SIC,7428,3676,3752,281,7140,7,ITG,ITG1,19,Sicilia,Sicilia,4999891,463641,9.27,0.15
1025,2021-05-05,SIC,26302,12189,14113,16251,9627,424,ITG,ITG1,19,Sicilia,Sicilia,4999891,489943,9.8,0.53
1026,2021-05-19,SIC,42857,20760,22097,28188,14303,366,ITG,ITG1,19,Sicilia,Sicilia,4999891,532800,10.66,0.86
1027,2021-01-30,SIC,7695,3536,4159,164,7529,2,ITG,ITG1,19,Sicilia,Sicilia,4999891,540495,10.81,0.15
1028,2021-03-28,SIC,10980,5147,5833,6909,4011,60,ITG,ITG1,19,Sicilia,Sicilia,4999891,551475,11.03,0.22
1029,2021-07-15,SIC,48566,22556,26010,8036,40269,261,ITG,ITG1,19,Sicilia,Sicilia,4999891,600041,12.0,0.97
1030,2021-04-04,SIC,6805,3322,3483,5451,1292,62,ITG,ITG1,19,Sicilia,Sicilia,4999891,606846,12.14,0.14
1031,2021-07-13,SIC,46051,21141,24910,6898,38939,214,ITG,ITG1,19,Sicilia,Sicilia,4999891,652897,13.06,0.92
1032,2021-02-25,SIC,9940,5204,4736,8691,1164,85,ITG,ITG1,19,Sicilia,Sicilia,4999891,662837,13.26,0.2
1033,2021-06-05,SIC,59926,28505,31421,48737,10570,619,ITG,ITG1,19,Sicilia,Sicilia,4999891,722763,14.46,1.2
1034,2021-03-14,SIC,8773,3927,4846,4886,3836,51,ITG,ITG1,19,Sicilia,Sicilia,4999891,731536,14.63,0.18
1035,2021-02-11,SIC,5239,2060,3179,4656,464,119,ITG,ITG1,19,Sicilia,Sicilia,4999891,736775,14.74,0.1
1036,2021-03-02,SIC,14748,6367,8381,11861,2774,113,ITG,ITG1,19,Sicilia,Sicilia,4999891,751523,15.03,0.29
1037,2021-01-04,SIC,8428,4210,4218,8383,0,45,ITG,ITG1,19,Sicilia,Sicilia,4999891,759951,15.2,0.17
1038,2021-01-18,SIC,1595,653,942,1430,154,11,ITG,ITG1,19,Sicilia,Sicilia,4999891,761546,15.23,0.03
1039,2021-04-28,SIC,29262,13714,15548,19734,9146,382,ITG,ITG1,19,Sicilia,Sicilia,4999891,790808,15.82,0.59
1040,2020-12-28,SIC,216,130,86,215,0,1,ITG,ITG1,19,Sicilia,Sicilia,4999891,791024,15.82,0.0
1041,2021-06-16,SIC,40389,18783,21606,21237,18800,352,ITG,ITG1,19,Sicilia,Sicilia,4999891,831413,16.63,0.81
1042,2021-03-25,SIC,20453,9526,10927,14740,5544,169,ITG,ITG1,19,Sicilia,Sicilia,4999891,851866,17.04,0.41
1043,2021-03-04,SIC,15227,6687,8540,10986,4117,124,ITG,ITG1,19,Sicilia,Sicilia,4999891,867093,17.34,0.3
1044,2021-06-12,SIC,45791,22400,23391,39373,5891,527,ITG,ITG1,19,Sicilia,Sicilia,4999891,912884,18.26,0.92
1045,2021-05-07,SIC,36559,17260,19299,24625,11614,320,ITG,ITG1,19,Sicilia,Sicilia,4999891,949443,18.99,0.73
1046,2021-03-11,SIC,15433,6699,8734,12877,2418,138,ITG,ITG1,19,Sicilia,Sicilia,4999891,964876,19.3,0.31
1047,2021-01-27,SIC,7287,3712,3575,176,7110,1,ITG,ITG1,19,Sicilia,Sicilia,4999891,972163,19.44,0.15
1048,2021-01-13,SIC,5175,2437,2738,5141,0,34,ITG,ITG1,19,Sicilia,Sicilia,4999891,977338,19.55,0.1
1049,2021-02-18,SIC,5333,3140,2193,4838,430,65,ITG,ITG1,19,Sicilia,Sicilia,4999891,982671,19.65,0.11
1050,2021-05-12,SIC,36830,17364,19466,21389,14912,529,ITG,ITG1,19,Sicilia,Sicilia,4999891,1019501,20.39,0.74
1051,2021-07-17,SIC,39441,19395,20046,6917,32292,232,ITG,ITG1,19,Sicilia,Sicilia,4999891,1058942,21.18,0.79
1052,2021-04-08,SIC,17550,8643,8907,8497,8902,151,ITG,ITG1,19,Sicilia,Sicilia,4999891,1076492,21.53,0.35
1053,2021-03-16,SIC,9620,4321,5299,3556,5997,67,ITG,ITG1,19,Sicilia,Sicilia,4999891,1086112,21.72,0.19
1054,2021-07-08,SIC,38320,17462,20858,6511,31592,217,ITG,ITG1,19,Sicilia,Sicilia,4999891,1124432,22.49,0.77
1055,2021-02-27,SIC,12234,5500,6734,10935,1204,95,ITG,ITG1,19,Sicilia,Sicilia,4999891,1136666,22.73,0.24
1056,2021-07-12,SIC,48972,22577,26395,6473,42304,195,ITG,ITG1,19,Sicilia,Sicilia,4999891,1185638,23.71,0.98
1057,2021-02-08,SIC,3884,1680,2204,2080,1755,49,ITG,ITG1,19,Sicilia,Sicilia,4999891,1189522,23.79,0.08
1058,2021-02-04,SIC,6750,3075,3675,1423,5298,29,ITG,ITG1,19,Sicilia,Sicilia,4999891,1196272,23.93,0.14
1059,2021-01-01,SIC,819,438,381,815,0,4,ITG,ITG1,19,Sicilia,Sicilia,4999891,1197091,23.94,0.02
1060,2021-04-20,SIC,18994,9003,9991,13456,5247,291,ITG,ITG1,19,Sicilia,Sicilia,4999891,1216085,24.32,0.38
1061,2021-02-23,SIC,8745,4634,4111,8198,466,81,ITG,ITG1,19,Sicilia,Sicilia,4999891,1224830,24.5,0.17
1062,2021-03-09,SIC,13155,5763,7392,10831,2200,124,ITG,ITG1,19,Sicilia,Sicilia,4999891,1237985,24.76,0.26
1063,2021-01-11,SIC,5829,2573,3256,5771,0,58,ITG,ITG1,19,Sicilia,Sicilia,4999891,1243814,24.88,0.12
1064,2021-04-16,SIC,28849,14491,14358,20252,8293,304,ITG,ITG1,19,Sicilia,Sicilia,4999891,1272663,25.45,0.58
1065,2021-01-23,SIC,4437,2284,2153,192,4235,10,ITG,ITG1,19,Sicilia,Sicilia,4999891,1277100,25.54,0.09
1066,2021-01-06,SIC,6242,3286,2956,6182,0,60,ITG,ITG1,19,Sicilia,Sicilia,4999891,1283342,25.67,0.12
1067,2021-04-02,SIC,13879,6547,7332,9041,4734,104,ITG,ITG1,19,Sicilia,Sicilia,4999891,1297221,25.94,0.28
1068,2021-02-10,SIC,4354,1776,2578,3889,381,84,ITG,ITG1,19,Sicilia,Sicilia,4999891,1301575,26.03,0.09
1069,2021-05-21,SIC,48663,23055,25608,26651,21590,422,ITG,ITG1,19,Sicilia,Sicilia,4999891,1350238,27.01,0.97
1070,2021-06-04,SIC,57885,26764,31121,45440,11946,499,ITG,ITG1,19,Sicilia,Sicilia,4999891,1408123,28.16,1.16
1071,2021-04-06,SIC,17744,8478,9266,13263,4283,198,ITG,ITG1,19,Sicilia,Sicilia,4999891,1425867,28.52,0.35
1072,2021-07-03,SIC,33910,16297,17613,9036,24636,238,ITG,ITG1,19,Sicilia,Sicilia,4999891,1459777,29.2,0.68
1073,2021-03-06,SIC,12639,5058,7581,9761,2782,96,ITG,ITG1,19,Sicilia,Sicilia,4999891,1472416,29.45,0.25
1074,2021-06-14,SIC,43466,20646,22820,28157,14893,416,ITG,ITG1,19,Sicilia,Sicilia,4999891,1515882,30.32,0.87
1075,2021-05-28,SIC,51248,22979,28269,24314,26519,415,ITG,ITG1,19,Sicilia,Sicilia,4999891,1567130,31.34,1.02
1076,2021-01-20,SIC,958,509,449,688,267,3,ITG,ITG1,19,Sicilia,Sicilia,4999891,1568088,31.36,0.02
1077,2021-03-18,SIC,15360,7716,7644,9738,5572,50,ITG,ITG1,19,Sicilia,Sicilia,4999891,1583448,31.67,0.31
1078,2021-02-20,SIC,7139,3692,3447,6801,241,97,ITG,ITG1,19,Sicilia,Sicilia,4999891,1590587,31.81,0.14
1079,2021-02-03,SIC,5923,2779,3144,713,5202,8,ITG,ITG1,19,Sicilia,Sicilia,4999891,1596510,31.93,0.12
1080,2021-04-27,SIC,26416,12668,13748,15173,10923,320,ITG,ITG1,19,Sicilia,Sicilia,4999891,1622926,32.46,0.53
1081,2021-05-14,SIC,52184,24463,27721,35763,15668,753,ITG,ITG1,19,Sicilia,Sicilia,4999891,1675110,33.5,1.04
1082,2021-01-15,SIC,5252,2294,2958,5185,0,67,ITG,ITG1,19,Sicilia,Sicilia,4999891,1680362,33.61,0.11
1083,2021-04-25,SIC,21392,10203,11189,16151,5015,226,ITG,ITG1,19,Sicilia,Sicilia,4999891,1701754,34.04,0.43
1084,2021-02-01,SIC,5906,2626,3280,305,5589,12,ITG,ITG1,19,Sicilia,Sicilia,4999891,1707660,34.15,0.12
1085,2021-01-22,SIC,1282,638,644,261,1019,2,ITG,ITG1,19,Sicilia,Sicilia,4999891,1708942,34.18,0.03
1086,2021-01-08,SIC,8120,3784,4336,8031,0,89,ITG,ITG1,19,Sicilia,Sicilia,4999891,1717062,34.34,0.16
1087,2021-04-18,SIC,19821,9911,9910,15285,4360,176,ITG,ITG1,19,Sicilia,Sicilia,4999891,1736883,34.74,0.4
1088,2021-03-30,SIC,14558,6761,7797,9702,4763,93,ITG,ITG1,19,Sicilia,Sicilia,4999891,1751441,35.03,0.29
1089,2021-03-13,SIC,12210,5387,6823,7626,4493,91,ITG,ITG1,19,Sicilia,Sicilia,4999891,1763651,35.27,0.24
1090,2021-04-17,SIC,25999,13151,12848,18671,7065,263,ITG,ITG1,19,Sicilia,Sicilia,4999891,1789650,35.79,0.52
1091,2021-03-17,SIC,15041,7435,7606,9073,5846,122,ITG,ITG1,19,Sicilia,Sicilia,4999891,1804691,36.09,0.3
1092,2021-06-25,SIC,39799,18677,21122,17375,22092,332,ITG,ITG1,19,Sicilia,Sicilia,4999891,1844490,36.89,0.8
1093,2021-07-09,SIC,44660,20552,24108,6387,38102,171,ITG,ITG1,19,Sicilia,Sicilia,4999891,1889150,37.78,0.89
1094,2021-02-15,SIC,3730,1733,1997,3092,564,74,ITG,ITG1,19,Sicilia,Sicilia,4999891,1892880,37.86,0.07
1095,2021-05-26,SIC,44656,21005,23651,23864,20448,344,ITG,ITG1,19,Sicilia,Sicilia,4999891,1937536,38.75,0.89
1096,2021-01-03,SIC,4788,2500,2288,4758,0,30,ITG,ITG1,19,Sicilia,Sicilia,4999891,1942324,38.85,0.1
1097,2021-04-13,SIC,20235,9862,10373,11241,8836,158,ITG,ITG1,19,Sicilia,Sicilia,4999891,1962559,39.25,0.4
1098,2021-01-10,SIC,3535,1579,1956,3514,0,21,ITG,ITG1,19,Sicilia,Sicilia,4999891,1966094,39.32,0.07
1099,2021-01-05,SIC,10349,5086,5263,10274,0,75,ITG,ITG1,19,Sicilia,Sicilia,4999891,1976443,39.53,0.21
1100,2021-04-15,SIC,21551,10481,11070,12008,9341,202,ITG,ITG1,19,Sicilia,Sicilia,4999891,1997994,39.96,0.43
1101,2021-02-19,SIC,4978,2694,2284,4334,563,81,ITG,ITG1,19,Sicilia,Sicilia,4999891,2002972,40.06,0.1
1102,2021-03-08,SIC,13491,5953,7538,10764,2613,114,ITG,ITG1,19,Sicilia,Sicilia,4999891,2016463,40.33,0.27
1103,2021-05-30,SIC,35762,16169,19593,17421,18045,296,ITG,ITG1,19,Sicilia,Sicilia,4999891,2052225,41.05,0.72
1104,2021-05-13,SIC,47464,22252,25212,30308,16537,619,ITG,ITG1,19,Sicilia,Sicilia,4999891,2099689,41.99,0.95
1105,2021-01-31,SIC,4033,1928,2105,110,3921,2,ITG,ITG1,19,Sicilia,Sicilia,4999891,2103722,42.08,0.08
1106,2021-05-11,SIC,32573,15476,17097,19591,12488,494,ITG,ITG1,19,Sicilia,Sicilia,4999891,2136295,42.73,0.65
1107,2021-02-17,SIC,5215,3203,2012,4501,668,46,ITG,ITG1,19,Sicilia,Sicilia,4999891,2141510,42.83,0.1
1108,2021-04-24,SIC,31136,14695,16441,23121,7630,385,ITG,ITG1,19,Sicilia,Sicilia,4999891,2172646,43.45,0.62
1109,2021-04-26,SIC,21671,10260,11411,13290,8079,302,ITG,ITG1,19,Sicilia,Sicilia,4999891,2194317,43.89,0.43
1110,2021-02-02,SIC,5271,2472,2799,617,4644,10,ITG,ITG1,19,Sicilia,Sicilia,4999891,2199588,43.99,0.11
1111,2021-01-14,SIC,5251,2483,2768,5189,0,62,ITG,ITG1,19,Sicilia,Sicilia,4999891,2204839,44.1,0.11
1112,2021-02-22,SIC,7947,4133,3814,7376,493,78,ITG,ITG1,19,Sicilia,Sicilia,4999891,2212786,44.26,0.16
1113,2020-12-27,SIC,92,55,37,91,0,1,ITG,ITG1,19,Sicilia,Sicilia,4999891,2212878,44.26,0.0
1114,2021-06-02,SIC,35276,16297,18979,27105,7777,394,ITG,ITG1,19,Sicilia,Sicilia,4999891,2248154,44.96,0.71
1115,2021-03-01,SIC,12761,6070,6691,10980,1657,124,ITG,ITG1,19,Sicilia,Sicilia,4999891,2260915,45.22,0.26
1116,2021-06-09,SIC,49822,23711,26111,41951,7253,618,ITG,ITG1,19,Sicilia,Sicilia,4999891,2310737,46.22,1.0
1117,2021-01-19,SIC,1505,665,840,1262,229,14,ITG,ITG1,19,Sicilia,Sicilia,4999891,2312242,46.25,0.03
1118,2021-06-11,SIC,49941,23828,26113,41580,7704,657,ITG,ITG1,19,Sicilia,Sicilia,4999891,2362183,47.24,1.0
1119,2021-04-29,SIC,31792,14831,16961,21797,9557,438,ITG,ITG1,19,Sicilia,Sicilia,4999891,2393975,47.88,0.64
1120,2021-03-03,SIC,14562,6543,8019,11373,3065,124,ITG,ITG1,19,Sicilia,Sicilia,4999891,2408537,48.17,0.29
1121,2021-06-20,SIC,33390,15802,17588,15114,18017,259,ITG,ITG1,19,Sicilia,Sicilia,4999891,2441927,48.84,0.67
1122,2021-04-22,SIC,26736,12629,14107,19880,6459,397,ITG,ITG1,19,Sicilia,Sicilia,4999891,2468663,49.37,0.53
1123,2021-03-10,SIC,13928,6120,7808,11615,2183,130,ITG,ITG1,19,Sicilia,Sicilia,4999891,2482591,49.65,0.28
1124,2021-01-12,SIC,4328,2122,2206,4284,0,44,ITG,ITG1,19,Sicilia,Sicilia,4999891,2486919,49.74,0.09
1125,2021-06-18,SIC,43542,20127,23415,18843,24333,366,ITG,ITG1,19,Sicilia,Sicilia,4999891,2530461,50.61,0.87
1126,2021-06-27,SIC,25301,12198,13103,12100,12975,226,ITG,ITG1,19,Sicilia,Sicilia,4999891,2555762,51.12,0.51
1127,2021-05-15,SIC,56478,26386,30092,40350,15237,891,ITG,ITG1,19,Sicilia,Sicilia,4999891,2612240,52.25,1.13
1128,2021-03-19,SIC,16310,8053,8257,10651,5571,88,ITG,ITG1,19,Sicilia,Sicilia,4999891,2628550,52.57,0.33
1129,2021-03-12,SIC,12865,5559,7306,10650,2067,148,ITG,ITG1,19,Sicilia,Sicilia,4999891,2641415,52.83,0.26
1130,2021-06-29,SIC,31311,14676,16635,15655,15259,397,ITG,ITG1,19,Sicilia,Sicilia,4999891,2672726,53.46,0.63
1131,2021-05-16,SIC,33699,16436,17263,21895,11512,292,ITG,ITG1,19,Sicilia,Sicilia,4999891,2706425,54.13,0.67
1132,2021-05-02,SIC,24601,11427,13174,17705,6601,295,ITG,ITG1,19,Sicilia,Sicilia,4999891,2731026,54.62,0.49
1133,2021-03-20,SIC,18587,8979,9608,13364,5139,84,ITG,ITG1,19,Sicilia,Sicilia,4999891,2749613,54.99,0.37
1134,2021-06-28,SIC,31918,14871,17047,14901,16726,291,ITG,ITG1,19,Sicilia,Sicilia,4999891,2781531,55.63,0.64
1135,2021-07-05,SIC,37438,17543,19895,8917,28289,232,ITG,ITG1,19,Sicilia,Sicilia,4999891,2818969,56.38,0.75
1136,2021-06-21,SIC,40241,18631,21610,18428,21491,322,ITG,ITG1,19,Sicilia,Sicilia,4999891,2859210,57.19,0.8
1137,2021-05-09,SIC,28404,13306,15098,19778,8283,343,ITG,ITG1,19,Sicilia,Sicilia,4999891,2887614,57.75,0.57
1138,2021-02-05,SIC,6742,2981,3761,2089,4615,38,ITG,ITG1,19,Sicilia,Sicilia,4999891,2894356,57.89,0.13
1139,2021-04-03,SIC,16412,7816,8596,13424,2834,154,ITG,ITG1,19,Sicilia,Sicilia,4999891,2910768,58.22,0.33
1140,2021-02-07,SIC,2323,983,1340,665,1649,9,ITG,ITG1,19,Sicilia,Sicilia,4999891,2913091,58.26,0.05
1141,2021-07-14,SIC,47526,22032,25494,7958,39314,254,ITG,ITG1,19,Sicilia,Sicilia,4999891,2960617,59.21,0.95
1142,2021-05-18,SIC,36142,17396,18746,23273,12474,395,ITG,ITG1,19,Sicilia,Sicilia,4999891,2996759,59.94,0.72
1143,2021-07-07,SIC,35382,16194,19188,6032,29116,234,ITG,ITG1,19,Sicilia,Sicilia,4999891,3032141,60.64,0.71
1144,2021-05-25,SIC,33539,15424,18115,13936,19346,257,ITG,ITG1,19,Sicilia,Sicilia,4999891,3065680,61.31,0.67
1145,2021-03-29,SIC,15030,7074,7956,10398,4497,135,ITG,ITG1,19,Sicilia,Sicilia,4999891,3080710,61.62,0.3
1146,2021-06-01,SIC,38936,17711,21225,24622,13964,350,ITG,ITG1,19,Sicilia,Sicilia,4999891,3119646,62.39,0.78
1147,2021-04-05,SIC,8014,3954,4060,6511,1440,63,ITG,ITG1,19,Sicilia,Sicilia,4999891,3127660,62.55,0.16
1148,2021-03-22,SIC,16677,7913,8764,11165,5423,89,ITG,ITG1,19,Sicilia,Sicilia,4999891,3144337,62.89,0.33
1149,2021-06-30,SIC,32513,14992,17521,11393,20803,317,ITG,ITG1,19,Sicilia,Sicilia,4999891,3176850,63.54,0.65
1150,2020-12-29,SIC,243,152,91,243,0,0,ITG,ITG1,19,Sicilia,Sicilia,4999891,3177093,63.54,0.0
1151,2021-06-13,SIC,34543,17160,17383,30605,3505,433,ITG,ITG1,19,Sicilia,Sicilia,4999891,3211636,64.23,0.69
1152,2021-06-06,SIC,49522,23917,25605,41147,7821,554,ITG,ITG1,19,Sicilia,Sicilia,4999891,3261158,65.22,0.99
1153,2021-02-26,SIC,11974,5874,6100,10181,1680,113,ITG,ITG1,19,Sicilia,Sicilia,4999891,3273132,65.46,0.24
1154,2021-05-06,SIC,29467,14006,15461,18169,10829,469,ITG,ITG1,19,Sicilia,Sicilia,4999891,3302599,66.05,0.59
1155,2021-03-31,SIC,14519,6706,7813,9447,4932,140,ITG,ITG1,19,Sicilia,Sicilia,4999891,3317118,66.34,0.29
1156,2021-01-07,SIC,8932,4133,4799,8852,0,80,ITG,ITG1,19,Sicilia,Sicilia,4999891,3326050,66.52,0.18
1157,2021-02-09,SIC,4346,1798,2548,3246,1035,65,ITG,ITG1,19,Sicilia,Sicilia,4999891,3330396,66.61,0.09
1158,2021-02-24,SIC,9371,4803,4568,8707,560,104,ITG,ITG1,19,Sicilia,Sicilia,4999891,3339767,66.8,0.19
1159,2021-01-21,SIC,1438,706,732,490,937,11,ITG,ITG1,19,Sicilia,Sicilia,4999891,3341205,66.83,0.03
1160,2021-05-01,SIC,24441,11313,13128,19002,5165,274,ITG,ITG1,19,Sicilia,Sicilia,4999891,3365646,67.31,0.49
1161,2021-07-06,SIC,37071,17146,19925,10278,26493,300,ITG,ITG1,19,Sicilia,Sicilia,4999891,3402717,68.06,0.74
1162,2021-05-10,SIC,28729,13792,14937,16244,12213,272,ITG,ITG1,19,Sicilia,Sicilia,4999891,3431446,68.63,0.57
1163,2021-03-26,SIC,17992,8355,9637,12357,5500,135,ITG,ITG1,19,Sicilia,Sicilia,4999891,3449438,68.99,0.36
1164,2021-01-28,SIC,9029,4271,4758,390,8638,1,ITG,ITG1,19,Sicilia,Sicilia,4999891,3458467,69.17,0.18
1165,2021-07-04,SIC,26536,12817,13719,7602,18765,169,ITG,ITG1,19,Sicilia,Sicilia,4999891,3485003,69.7,0.53
1166,2021-05-08,SIC,35630,17026,18604,24982,10298,350,ITG,ITG1,19,Sicilia,Sicilia,4999891,3520633,70.41,0.71
1167,2021-01-26,SIC,9555,4729,4826,246,9308,1,ITG,ITG1,19,Sicilia,Sicilia,4999891,3530188,70.61,0.19
1168,2021-05-20,SIC,44057,21112,22945,27734,15910,413,ITG,ITG1,19,Sicilia,Sicilia,4999891,3574245,71.49,0.88
1169,2021-04-10,SIC,20435,9973,10462,11314,8965,156,ITG,ITG1,19,Sicilia,Sicilia,4999891,3594680,71.9,0.41
1170,2021-01-17,SIC,1306,593,713,1237,60,9,ITG,ITG1,19,Sicilia,Sicilia,4999891,3595986,71.92,0.03
1171,2021-07-02,SIC,30499,14207,16292,9923,20298,278,ITG,ITG1,19,Sicilia,Sicilia,4999891,3626485,72.53,0.61
1172,2021-03-05,SIC,15758,6835,8923,11381,4235,142,ITG,ITG1,19,Sicilia,Sicilia,4999891,3642243,72.85,0.32
1173,2021-02-16,SIC,4200,2207,1993,3664,465,71,ITG,ITG1,19,Sicilia,Sicilia,4999891,3646443,72.93,0.08
1174,2021-03-27,SIC,15645,7377,8268,10675,4852,118,ITG,ITG1,19,Sicilia,Sicilia,4999891,3662088,73.24,0.31
1175,2021-01-29,SIC,9183,4255,4928,413,8758,12,ITG,ITG1,19,Sicilia,Sicilia,4999891,3671271,73.43,0.18
1176,2021-02-12,SIC,4586,1811,2775,4242,266,78,ITG,ITG1,19,Sicilia,Sicilia,4999891,3675857,73.52,0.09
1177,2021-05-23,SIC,34087,16595,17492,19845,14013,229,ITG,ITG1,19,Sicilia,Sicilia,4999891,3709944,74.2,0.68
1178,2021-06-10,SIC,53010,24889,28121,45147,7212,651,ITG,ITG1,19,Sicilia,Sicilia,4999891,3762954,75.26,1.06
1179,2021-05-27,SIC,47548,21894,25654,24453,22681,414,ITG,ITG1,19,Sicilia,Sicilia,4999891,3810502,76.21,0.95
1180,2021-04-14,SIC,20573,9936,10637,11629,8759,185,ITG,ITG1,19,Sicilia,Sicilia,4999891,3831075,76.62,0.41
1181,2021-04-21,SIC,22385,10744,11641,16001,6119,265,ITG,ITG1,19,Sicilia,Sicilia,4999891,3853460,77.07,0.45
1182,2021-04-07,SIC,15746,7765,7981,8284,7288,174,ITG,ITG1,19,Sicilia,Sicilia,4999891,3869206,77.39,0.31
1183,2021-07-16,SIC,49336,23315,26021,8726,40331,279,ITG,ITG1,19,Sicilia,Sicilia,4999891,3918542,78.37,0.99
1184,2021-06-03,SIC,45963,21078,24885,33768,11683,512,ITG,ITG1,19,Sicilia,Sicilia,4999891,3964505,79.29,0.92
1185,2021-04-12,SIC,19001,9210,9791,11485,7274,242,ITG,ITG1,19,Sicilia,Sicilia,4999891,3983506,79.67,0.38
1186,2021-02-14,SIC,1055,402,653,907,140,8,ITG,ITG1,19,Sicilia,Sicilia,4999891,3984561,79.69,0.02
1187,2021-01-02,SIC,4852,2527,2325,4822,0,30,ITG,ITG1,19,Sicilia,Sicilia,4999891,3989413,79.79,0.1
1188,2021-02-21,SIC,5168,2501,2667,5047,106,15,ITG,ITG1,19,Sicilia,Sicilia,4999891,3994581,79.89,0.1
1189,2021-06-17,SIC,41819,19474,22345,20309,21144,366,ITG,ITG1,19,Sicilia,Sicilia,4999891,4036400,80.73,0.84
1190,2020-12-31,SIC,888,473,415,880,0,8,ITG,ITG1,19,Sicilia,Sicilia,4999891,4037288,80.75,0.02
1191,2021-03-07,SIC,9261,3455,5806,8118,1083,60,ITG,ITG1,19,Sicilia,Sicilia,4999891,4046549,80.93,0.19
1192,2021-06-15,SIC,46179,21759,24420,28228,17520,431,ITG,ITG1,19,Sicilia,Sicilia,4999891,4092728,81.86,0.92
1193,2021-03-24,SIC,20963,9867,11096,15037,5736,190,ITG,ITG1,19,Sicilia,Sicilia,4999891,4113691,82.28,0.42
1194,2021-05-29,SIC,47165,21460,25705,23528,23190,447,ITG,ITG1,19,Sicilia,Sicilia,4999891,4160856,83.22,0.94
1195,2021-04-01,SIC,14288,6617,7671,9496,4664,128,ITG,ITG1,19,Sicilia,Sicilia,4999891,4175144,83.5,0.29
1196,2021-07-10,SIC,46869,22324,24545,6059,40607,203,ITG,ITG1,19,Sicilia,Sicilia,4999891,4222013,84.44,0.94
1197,2021-06-23,SIC,44452,20680,23772,17889,26233,330,ITG,ITG1,19,Sicilia,Sicilia,4999891,4266465,85.33,0.89
1198,2021-01-24,SIC,4322,2260,2062,131,4189,2,ITG,ITG1,19,Sicilia,Sicilia,4999891,4270787,85.42,0.09
1199,2021-05-04,SIC,26827,12468,14359,17149,9291,387,ITG,ITG1,19,Sicilia,Sicilia,4999891,4297614,85.95,0.54
1200,2021-03-15,SIC,10670,4725,5945,5646,4948,76,ITG,ITG1,19,Sicilia,Sicilia,4999891,4308284,86.17,0.21
1201,2021-06-22,SIC,39959,18365,21594,18290,21298,371,ITG,ITG1,19,Sicilia,Sicilia,4999891,4348243,86.97,0.8
1202,2021-05-22,SIC,48006,22804,25202,28298,19309,399,ITG,ITG1,19,Sicilia,Sicilia,4999891,4396249,87.93,0.96
1203,2021-02-28,SIC,7165,3062,4103,6484,630,51,ITG,ITG1,19,Sicilia,Sicilia,4999891,4403414,88.07,0.14
1204,2021-06-08,SIC,47685,22393,25292,40472,6692,521,ITG,ITG1,19,Sicilia,Sicilia,4999891,4451099,89.02,0.95
1205,2021-01-09,SIC,7189,3390,3799,7129,0,60,ITG,ITG1,19,Sicilia,Sicilia,4999891,4458288,89.17,0.14
1206,2021-05-03,SIC,23297,10788,12509,13263,9788,246,ITG,ITG1,19,Sicilia,Sicilia,4999891,4481585,89.63,0.47
1207,2021-07-11,SIC,36033,16869,19164,3663,32275,95,ITG,ITG1,19,Sicilia,Sicilia,4999891,4517618,90.35,0.72
1208,2021-04-19,SIC,18283,8661,9622,12479,5583,221,ITG,ITG1,19,Sicilia,Sicilia,4999891,4535901,90.72,0.37
1209,2021-05-22,TOS,26017,12658,13359,21457,4286,274,ITI,ITI1,9,Toscana,Toscana,3729641,26017,0.7,0.7
1210,2021-05-05,TOS,30113,13441,16672,14879,14513,721,ITI,ITI1,9,Toscana,Toscana,3729641,56130,1.5,0.81
1211,2021-02-28,TOS,1649,667,982,851,727,71,ITI,ITI1,9,Toscana,Toscana,3729641,57779,1.55,0.04
1212,2021-02-11,TOS,5384,2022,3362,5064,242,78,ITI,ITI1,9,Toscana,Toscana,3729641,63163,1.69,0.14
1213,2021-02-09,TOS,4488,1468,3020,3763,611,114,ITI,ITI1,9,Toscana,Toscana,3729641,67651,1.81,0.12
1214,2021-07-13,TOS,29303,14719,14584,7708,21426,169,ITI,ITI1,9,Toscana,Toscana,3729641,96954,2.6,0.79
1215,2021-04-02,TOS,31989,13569,18420,23714,8027,248,ITI,ITI1,9,Toscana,Toscana,3729641,128943,3.46,0.86
1216,2021-07-11,TOS,26116,12685,13431,9137,16812,167,ITI,ITI1,9,Toscana,Toscana,3729641,155059,4.16,0.7
1217,2021-06-24,TOS,29424,14604,14820,19299,9737,388,ITI,ITI1,9,Toscana,Toscana,3729641,184483,4.95,0.79
1218,2021-01-28,TOS,6282,1882,4400,347,5928,7,ITI,ITI1,9,Toscana,Toscana,3729641,190765,5.11,0.17
1219,2021-03-19,TOS,10142,4460,5682,7131,2868,143,ITI,ITI1,9,Toscana,Toscana,3729641,200907,5.39,0.27
1220,2021-04-07,TOS,35826,15464,20362,28169,7249,408,ITI,ITI1,9,Toscana,Toscana,3729641,236733,6.35,0.96
1221,2021-06-12,TOS,29382,15147,14235,24650,4387,345,ITI,ITI1,9,Toscana,Toscana,3729641,266115,7.14,0.79
1222,2021-04-16,TOS,28948,12880,16068,21428,6898,622,ITI,ITI1,9,Toscana,Toscana,3729641,295063,7.91,0.78
1223,2021-01-16,TOS,3271,1046,2225,3213,0,58,ITI,ITI1,9,Toscana,Toscana,3729641,298334,8.0,0.09
1224,2021-04-26,TOS,10143,4933,5210,7458,2553,132,ITI,ITI1,9,Toscana,Toscana,3729641,308477,8.27,0.27
1225,2021-01-02,TOS,3498,1096,2402,3454,0,44,ITI,ITI1,9,Toscana,Toscana,3729641,311975,8.36,0.09
1226,2021-03-07,TOS,5647,2357,3290,1997,3544,106,ITI,ITI1,9,Toscana,Toscana,3729641,317622,8.52,0.15
1227,2021-06-05,TOS,28432,13598,14834,20557,7611,264,ITI,ITI1,9,Toscana,Toscana,3729641,346054,9.28,0.76
1228,2021-01-11,TOS,5095,1691,3404,4995,0,100,ITI,ITI1,9,Toscana,Toscana,3729641,351149,9.42,0.14
1229,2021-04-21,TOS,29620,12677,16943,16862,12128,630,ITI,ITI1,9,Toscana,Toscana,3729641,380769,10.21,0.79
1230,2021-02-23,TOS,7723,3325,4398,7219,161,343,ITI,ITI1,9,Toscana,Toscana,3729641,388492,10.42,0.21
1231,2021-06-03,TOS,32051,15453,16598,27147,4582,322,ITI,ITI1,9,Toscana,Toscana,3729641,420543,11.28,0.86
1232,2021-07-01,TOS,32038,15503,16535,10720,21051,267,ITI,ITI1,9,Toscana,Toscana,3729641,452581,12.13,0.86
1233,2021-03-26,TOS,20679,9393,11286,14716,5765,198,ITI,ITI1,9,Toscana,Toscana,3729641,473260,12.69,0.55
1234,2021-03-09,TOS,11131,4569,6562,5504,5552,75,ITI,ITI1,9,Toscana,Toscana,3729641,484391,12.99,0.3
1235,2021-04-09,TOS,24601,10582,14019,20747,3410,444,ITI,ITI1,9,Toscana,Toscana,3729641,508992,13.65,0.66
1236,2021-06-17,TOS,32530,16665,15865,26655,5544,331,ITI,ITI1,9,Toscana,Toscana,3729641,541522,14.52,0.87
1237,2021-02-04,TOS,4253,1594,2659,934,3292,27,ITI,ITI1,9,Toscana,Toscana,3729641,545775,14.63,0.11
1238,2021-06-22,TOS,31016,15604,15412,22439,8203,374,ITI,ITI1,9,Toscana,Toscana,3729641,576791,15.47,0.83
1239,2021-05-17,TOS,29757,14872,14885,20623,8933,201,ITI,ITI1,9,Toscana,Toscana,3729641,606548,16.26,0.8
1240,2021-03-21,TOS,3294,1628,1666,1819,1433,42,ITI,ITI1,9,Toscana,Toscana,3729641,609842,16.35,0.09
1241,2021-01-23,TOS,3966,1360,2606,634,3326,6,ITI,ITI1,9,Toscana,Toscana,3729641,613808,16.46,0.11
1242,2021-06-29,TOS,36999,18015,18984,7977,28879,143,ITI,ITI1,9,Toscana,Toscana,3729641,650807,17.45,0.99
1243,2021-05-03,TOS,11927,5507,6420,10369,1317,241,ITI,ITI1,9,Toscana,Toscana,3729641,662734,17.77,0.32
1244,2021-06-10,TOS,26375,13531,12844,25488,546,341,ITI,ITI1,9,Toscana,Toscana,3729641,689109,18.48,0.71
1245,2021-05-24,TOS,33737,16716,17021,23857,9578,302,ITI,ITI1,9,Toscana,Toscana,3729641,722846,19.38,0.9
1246,2021-01-25,TOS,5127,1895,3232,242,4880,5,ITI,ITI1,9,Toscana,Toscana,3729641,727973,19.52,0.14
1247,2021-04-18,TOS,8359,4091,4268,7060,1029,270,ITI,ITI1,9,Toscana,Toscana,3729641,736332,19.74,0.22
1248,2021-01-21,TOS,1589,686,903,858,722,9,ITI,ITI1,9,Toscana,Toscana,3729641,737921,19.79,0.04
1249,2021-06-02,TOS,27590,13617,13973,21856,5506,228,ITI,ITI1,9,Toscana,Toscana,3729641,765511,20.53,0.74
1250,2021-04-06,TOS,22225,9823,12402,18095,3717,413,ITI,ITI1,9,Toscana,Toscana,3729641,787736,21.12,0.6
1251,2021-02-08,TOS,4099,1362,2737,3529,459,111,ITI,ITI1,9,Toscana,Toscana,3729641,791835,21.23,0.11
1252,2021-07-15,TOS,31117,15227,15890,8087,22792,238,ITI,ITI1,9,Toscana,Toscana,3729641,822952,22.07,0.83
1253,2021-05-19,TOS,27959,13578,14381,18624,9055,280,ITI,ITI1,9,Toscana,Toscana,3729641,850911,22.81,0.75
1254,2021-04-13,TOS,8488,3505,4983,5750,2458,280,ITI,ITI1,9,Toscana,Toscana,3729641,859399,23.04,0.23
1255,2021-01-09,TOS,4485,1596,2889,4419,0,66,ITI,ITI1,9,Toscana,Toscana,3729641,863884,23.16,0.12
1256,2021-03-18,TOS,9980,3984,5996,5870,3972,138,ITI,ITI1,9,Toscana,Toscana,3729641,873864,23.43,0.27
1257,2021-06-26,TOS,34535,16756,17779,10000,24309,226,ITI,ITI1,9,Toscana,Toscana,3729641,908399,24.36,0.93
1258,2021-06-09,TOS,34791,17553,17238,33914,461,416,ITI,ITI1,9,Toscana,Toscana,3729641,943190,25.29,0.93
1259,2021-03-02,TOS,10599,3799,6800,7046,3444,109,ITI,ITI1,9,Toscana,Toscana,3729641,953789,25.57,0.28
1260,2021-01-04,TOS,5066,1895,3171,5001,0,65,ITI,ITI1,9,Toscana,Toscana,3729641,958855,25.71,0.14
1261,2021-04-14,TOS,20183,8345,11838,14538,5109,536,ITI,ITI1,9,Toscana,Toscana,3729641,979038,26.25,0.54
1262,2021-06-14,TOS,31786,16322,15464,27398,4107,281,ITI,ITI1,9,Toscana,Toscana,3729641,1010824,27.1,0.85
1263,2021-03-04,TOS,17847,6950,10897,14616,3082,149,ITI,ITI1,9,Toscana,Toscana,3729641,1028671,27.58,0.48
1264,2021-03-28,TOS,6212,2808,3404,5880,254,78,ITI,ITI1,9,Toscana,Toscana,3729641,1034883,27.75,0.17
1265,2021-01-30,TOS,4622,1622,3000,179,4425,18,ITI,ITI1,9,Toscana,Toscana,3729641,1039505,27.87,0.12
1266,2021-07-06,TOS,25769,13025,12744,11046,14505,218,ITI,ITI1,9,Toscana,Toscana,3729641,1065274,28.56,0.69
1267,2021-05-10,TOS,26207,12400,13807,15331,10632,244,ITI,ITI1,9,Toscana,Toscana,3729641,1091481,29.27,0.7
1268,2021-03-14,TOS,7174,2569,4605,3150,3935,89,ITI,ITI1,9,Toscana,Toscana,3729641,1098655,29.46,0.19
1269,2021-05-15,TOS,29345,13853,15492,22865,5892,588,ITI,ITI1,9,Toscana,Toscana,3729641,1128000,30.24,0.79
1270,2021-04-28,TOS,19123,8180,10943,3466,15309,348,ITI,ITI1,9,Toscana,Toscana,3729641,1147123,30.76,0.51
1271,2021-02-18,TOS,8822,3285,5537,7744,896,182,ITI,ITI1,9,Toscana,Toscana,3729641,1155945,30.99,0.24
1272,2021-05-29,TOS,31562,15258,16304,23173,8162,227,ITI,ITI1,9,Toscana,Toscana,3729641,1187507,31.84,0.85
1273,2021-03-23,TOS,9429,4402,5027,6964,2275,190,ITI,ITI1,9,Toscana,Toscana,3729641,1196936,32.09,0.25
1274,2021-02-16,TOS,9280,3340,5940,8329,721,230,ITI,ITI1,9,Toscana,Toscana,3729641,1206216,32.34,0.25
1275,2021-05-02,TOS,11167,4931,6236,8968,1964,235,ITI,ITI1,9,Toscana,Toscana,3729641,1217383,32.64,0.3
1276,2021-02-25,TOS,10633,4306,6327,9471,998,164,ITI,ITI1,9,Toscana,Toscana,3729641,1228016,32.93,0.29
1277,2021-06-28,TOS,37662,18120,19542,8440,29057,165,ITI,ITI1,9,Toscana,Toscana,3729641,1265678,33.94,1.01
1278,2021-07-10,TOS,29280,14170,15110,7954,21145,181,ITI,ITI1,9,Toscana,Toscana,3729641,1294958,34.72,0.79
1279,2021-05-07,TOS,32141,14706,17435,11569,20164,408,ITI,ITI1,9,Toscana,Toscana,3729641,1327099,35.58,0.86
1280,2021-05-26,TOS,35591,17103,18488,20123,15200,268,ITI,ITI1,9,Toscana,Toscana,3729641,1362690,36.54,0.95
1281,2021-03-30,TOS,17019,7643,9376,13267,3564,188,ITI,ITI1,9,Toscana,Toscana,3729641,1379709,36.99,0.46
1282,2021-07-08,TOS,21047,10347,10700,9248,11559,240,ITI,ITI1,9,Toscana,Toscana,3729641,1400756,37.56,0.56
1283,2021-04-04,TOS,13922,6609,7313,13508,253,161,ITI,ITI1,9,Toscana,Toscana,3729641,1414678,37.93,0.37
1284,2021-03-16,TOS,4899,1882,3017,2565,2251,83,ITI,ITI1,9,Toscana,Toscana,3729641,1419577,38.06,0.13
1285,2021-02-27,TOS,1984,756,1228,1007,902,75,ITI,ITI1,9,Toscana,Toscana,3729641,1421561,38.12,0.05
1286,2021-06-07,TOS,34905,17120,17785,30926,3648,331,ITI,ITI1,9,Toscana,Toscana,3729641,1456466,39.05,0.94
1287,2021-05-21,TOS,28917,13477,15440,17201,11442,274,ITI,ITI1,9,Toscana,Toscana,3729641,1485383,39.83,0.78
1288,2021-02-20,TOS,4640,1789,2851,3995,513,132,ITI,ITI1,9,Toscana,Toscana,3729641,1490023,39.95,0.12
1289,2021-05-31,TOS,30326,14636,15690,19259,10826,241,ITI,ITI1,9,Toscana,Toscana,3729641,1520349,40.76,0.81
1290,2021-05-14,TOS,33352,15432,17920,20018,12700,634,ITI,ITI1,9,Toscana,Toscana,3729641,1553701,41.66,0.89
1291,2021-01-01,TOS,2370,788,1582,2325,0,45,ITI,ITI1,9,Toscana,Toscana,3729641,1556071,41.72,0.06
1292,2021-04-11,TOS,3645,1680,1965,3337,155,153,ITI,ITI1,9,Toscana,Toscana,3729641,1559716,41.82,0.1
1293,2021-07-03,TOS,29372,14793,14579,11853,17145,374,ITI,ITI1,9,Toscana,Toscana,3729641,1589088,42.61,0.79
1294,2021-03-06,TOS,7110,2852,4258,2832,4196,82,ITI,ITI1,9,Toscana,Toscana,3729641,1596198,42.8,0.19
1295,2021-02-03,TOS,4222,1452,2770,237,3981,4,ITI,ITI1,9,Toscana,Toscana,3729641,1600420,42.91,0.11
1296,2021-01-15,TOS,3879,1348,2531,3819,0,60,ITI,ITI1,9,Toscana,Toscana,3729641,1604299,43.01,0.1
1297,2021-06-21,TOS,31175,15476,15699,18136,12785,254,ITI,ITI1,9,Toscana,Toscana,3729641,1635474,43.85,0.84
1298,2021-01-06,TOS,4519,1460,3059,4467,0,52,ITI,ITI1,9,Toscana,Toscana,3729641,1639993,43.97,0.12
1299,2021-03-11,TOS,15898,6349,9549,12394,3329,175,ITI,ITI1,9,Toscana,Toscana,3729641,1655891,44.4,0.43
1300,2021-06-19,TOS,26466,13889,12577,21383,4755,328,ITI,ITI1,9,Toscana,Toscana,3729641,1682357,45.11,0.71
1301,2021-02-05,TOS,5750,2245,3505,1890,3826,34,ITI,ITI1,9,Toscana,Toscana,3729641,1688107,45.26,0.15
1302,2021-05-16,TOS,26675,12886,13789,23888,2467,320,ITI,ITI1,9,Toscana,Toscana,3729641,1714782,45.98,0.72
1303,2021-05-11,TOS,27949,12983,14966,12114,15467,368,ITI,ITI1,9,Toscana,Toscana,3729641,1742731,46.73,0.75
1304,2021-03-13,TOS,9288,3310,5978,5172,3964,152,ITI,ITI1,9,Toscana,Toscana,3729641,1752019,46.98,0.25
1305,2021-02-13,TOS,7786,2361,5425,7416,227,143,ITI,ITI1,9,Toscana,Toscana,3729641,1759805,47.18,0.21
1306,2021-01-08,TOS,5947,1643,4304,5854,0,93,ITI,ITI1,9,Toscana,Toscana,3729641,1765752,47.34,0.16
1307,2021-07-12,TOS,28245,13984,14261,9665,18286,294,ITI,ITI1,9,Toscana,Toscana,3729641,1793997,48.1,0.76
1308,2021-04-01,TOS,27057,11231,15826,16163,10662,232,ITI,ITI1,9,Toscana,Toscana,3729641,1821054,48.83,0.73
1309,2021-03-15,TOS,8698,3645,5053,4084,4443,171,ITI,ITI1,9,Toscana,Toscana,3729641,1829752,49.06,0.23
1310,2021-06-23,TOS,31508,15272,16236,19784,11373,351,ITI,ITI1,9,Toscana,Toscana,3729641,1861260,49.9,0.84
1311,2021-01-10,TOS,3002,1105,1897,2948,0,54,ITI,ITI1,9,Toscana,Toscana,3729641,1864262,49.99,0.08
1312,2021-04-20,TOS,18159,8109,10050,12228,5574,357,ITI,ITI1,9,Toscana,Toscana,3729641,1882421,50.47,0.49
1313,2021-04-03,TOS,15014,6646,8368,13675,1126,213,ITI,ITI1,9,Toscana,Toscana,3729641,1897435,50.87,0.4
1314,2021-01-27,TOS,4835,1573,3262,201,4629,5,ITI,ITI1,9,Toscana,Toscana,3729641,1902270,51.0,0.13
1315,2021-03-17,TOS,11421,4587,6834,6799,4529,93,ITI,ITI1,9,Toscana,Toscana,3729641,1913691,51.31,0.31
1316,2021-06-25,TOS,33604,16793,16811,12112,21217,275,ITI,ITI1,9,Toscana,Toscana,3729641,1947295,52.21,0.9
1317,2021-06-08,TOS,32568,16700,15868,31725,487,356,ITI,ITI1,9,Toscana,Toscana,3729641,1979863,53.08,0.87
1318,2021-02-26,TOS,10080,3834,6246,8659,1206,215,ITI,ITI1,9,Toscana,Toscana,3729641,1989943,53.35,0.27
1319,2021-06-06,TOS,28298,13650,14648,22578,5361,359,ITI,ITI1,9,Toscana,Toscana,3729641,2018241,54.11,0.76
1320,2021-01-20,TOS,1332,638,694,1021,248,63,ITI,ITI1,9,Toscana,Toscana,3729641,2019573,54.15,0.04
1321,2021-04-30,TOS,40194,17787,22407,19650,19894,650,ITI,ITI1,9,Toscana,Toscana,3729641,2059767,55.23,1.08
1322,2021-04-25,TOS,11058,5248,5810,8759,2139,160,ITI,ITI1,9,Toscana,Toscana,3729641,2070825,55.52,0.3
1323,2021-01-13,TOS,4062,1398,2664,3998,0,64,ITI,ITI1,9,Toscana,Toscana,3729641,2074887,55.63,0.11
1324,2021-04-23,TOS,25648,11415,14233,8837,16309,502,ITI,ITI1,9,Toscana,Toscana,3729641,2100535,56.32,0.69
1325,2021-03-20,TOS,6587,2978,3609,5364,1136,87,ITI,ITI1,9,Toscana,Toscana,3729641,2107122,56.5,0.18
1326,2021-01-22,TOS,2866,1064,1802,525,2338,3,ITI,ITI1,9,Toscana,Toscana,3729641,2109988,56.57,0.08
1327,2021-07-07,TOS,25609,12595,13014,9334,16094,181,ITI,ITI1,9,Toscana,Toscana,3729641,2135597,57.26,0.69
1328,2021-07-14,TOS,28756,14201,14555,8562,19950,244,ITI,ITI1,9,Toscana,Toscana,3729641,2164353,58.03,0.77
1329,2021-01-29,TOS,6144,1700,4444,292,5840,12,ITI,ITI1,9,Toscana,Toscana,3729641,2170497,58.2,0.16
1330,2021-05-09,TOS,22534,9769,12765,9420,12860,254,ITI,ITI1,9,Toscana,Toscana,3729641,2193031,58.8,0.6
1331,2021-07-16,TOS,27509,13978,13531,7673,19595,241,ITI,ITI1,9,Toscana,Toscana,3729641,2220540,59.54,0.74
1332,2021-05-20,TOS,29759,13910,15849,18608,10839,312,ITI,ITI1,9,Toscana,Toscana,3729641,2250299,60.34,0.8
1333,2021-01-31,TOS,3050,1129,1921,103,2944,3,ITI,ITI1,9,Toscana,Toscana,3729641,2253349,60.42,0.08
1334,2021-04-05,TOS,15285,6826,8459,14376,737,172,ITI,ITI1,9,Toscana,Toscana,3729641,2268634,60.83,0.41
1335,2021-02-07,TOS,2808,954,1854,867,1921,20,ITI,ITI1,9,Toscana,Toscana,3729641,2271442,60.9,0.08
1336,2021-02-06,TOS,4527,1550,2977,1262,3233,32,ITI,ITI1,9,Toscana,Toscana,3729641,2275969,61.02,0.12
1337,2021-07-17,TOS,19731,10163,9568,6673,12903,155,ITI,ITI1,9,Toscana,Toscana,3729641,2295700,61.55,0.53
1338,2021-06-11,TOS,29730,15478,14252,24721,4656,353,ITI,ITI1,9,Toscana,Toscana,3729641,2325430,62.35,0.8
1339,2021-04-15,TOS,24403,10195,14208,15305,8572,526,ITI,ITI1,9,Toscana,Toscana,3729641,2349833,63.0,0.65
1340,2021-02-17,TOS,8176,3170,5006,7305,752,119,ITI,ITI1,9,Toscana,Toscana,3729641,2358009,63.22,0.22
1341,2020-12-27,TOS,620,267,353,615,0,5,ITI,ITI1,9,Toscana,Toscana,3729641,2358629,63.24,0.02
1342,2021-01-03,TOS,3336,1052,2284,3290,0,46,ITI,ITI1,9,Toscana,Toscana,3729641,2361965,63.33,0.09
1343,2021-02-15,TOS,8770,3376,5394,7775,826,169,ITI,ITI1,9,Toscana,Toscana,3729641,2370735,63.56,0.24
1344,2021-02-22,TOS,9818,4254,5564,9169,277,372,ITI,ITI1,9,Toscana,Toscana,3729641,2380553,63.83,0.26
1345,2021-03-01,TOS,4474,1734,2740,767,3641,66,ITI,ITI1,9,Toscana,Toscana,3729641,2385027,63.95,0.12
1346,2021-06-18,TOS,30769,16232,14537,24991,5382,396,ITI,ITI1,9,Toscana,Toscana,3729641,2415796,64.77,0.82
1347,2021-03-25,TOS,23897,10377,13520,15297,8352,248,ITI,ITI1,9,Toscana,Toscana,3729641,2439693,65.41,0.64
1348,2021-04-12,TOS,2621,1190,1431,1800,654,167,ITI,ITI1,9,Toscana,Toscana,3729641,2442314,65.48,0.07
1349,2021-05-13,TOS,35106,15513,19593,13201,21265,640,ITI,ITI1,9,Toscana,Toscana,3729641,2477420,66.43,0.94
1350,2021-04-29,TOS,39306,17706,21600,18565,20084,657,ITI,ITI1,9,Toscana,Toscana,3729641,2516726,67.48,1.05
1351,2021-03-24,TOS,20016,8303,11713,10418,9457,141,ITI,ITI1,9,Toscana,Toscana,3729641,2536742,68.02,0.54
1352,2021-02-21,TOS,5105,2089,3016,4730,170,205,ITI,ITI1,9,Toscana,Toscana,3729641,2541847,68.15,0.14
1353,2021-06-01,TOS,26948,13393,13555,22869,3834,245,ITI,ITI1,9,Toscana,Toscana,3729641,2568795,68.88,0.72
1354,2021-07-02,TOS,28186,14134,14052,10801,17106,279,ITI,ITI1,9,Toscana,Toscana,3729641,2596981,69.63,0.76
1355,2021-06-15,TOS,31186,16055,15131,26289,4564,333,ITI,ITI1,9,Toscana,Toscana,3729641,2628167,70.47,0.84
1356,2021-03-10,TOS,18374,7409,10965,14252,4018,104,ITI,ITI1,9,Toscana,Toscana,3729641,2646541,70.96,0.49
1357,2021-05-18,TOS,28835,14269,14566,19742,8821,272,ITI,ITI1,9,Toscana,Toscana,3729641,2675376,71.73,0.77
1358,2021-03-27,TOS,8863,4154,4709,8514,215,134,ITI,ITI1,9,Toscana,Toscana,3729641,2684239,71.97,0.24
1359,2021-06-30,TOS,38249,18505,19744,8454,29582,213,ITI,ITI1,9,Toscana,Toscana,3729641,2722488,73.0,1.03
1360,2021-02-14,TOS,9000,2569,6431,8740,110,150,ITI,ITI1,9,Toscana,Toscana,3729641,2731488,73.24,0.24
1361,2021-05-25,TOS,34177,16497,17680,19263,14630,284,ITI,ITI1,9,Toscana,Toscana,3729641,2765665,74.15,0.92
1362,2021-03-29,TOS,9672,4830,4842,9218,324,130,ITI,ITI1,9,Toscana,Toscana,3729641,2775337,74.41,0.26
1363,2021-05-27,TOS,28345,13192,15153,13269,14854,222,ITI,ITI1,9,Toscana,Toscana,3729641,2803682,75.17,0.76
1364,2021-03-31,TOS,32713,13255,19458,20222,12165,326,ITI,ITI1,9,Toscana,Toscana,3729641,2836395,76.05,0.88
1365,2021-07-09,TOS,29109,14099,15010,7708,21209,192,ITI,ITI1,9,Toscana,Toscana,3729641,2865504,76.83,0.78
1366,2021-02-02,TOS,3742,1475,2267,189,3546,7,ITI,ITI1,9,Toscana,Toscana,3729641,2869246,76.93,0.1
1367,2021-05-23,TOS,28415,13661,14754,25563,2560,292,ITI,ITI1,9,Toscana,Toscana,3729641,2897661,77.69,0.76
1368,2021-02-10,TOS,4263,1281,2982,3584,523,156,ITI,ITI1,9,Toscana,Toscana,3729641,2901924,77.81,0.11
1369,2021-05-04,TOS,18315,8216,10099,12429,5452,434,ITI,ITI1,9,Toscana,Toscana,3729641,2920239,78.3,0.49
1370,2021-05-28,TOS,30114,13946,16168,17423,12464,227,ITI,ITI1,9,Toscana,Toscana,3729641,2950353,79.11,0.81
1371,2021-04-22,TOS,35696,15293,20403,17386,17487,823,ITI,ITI1,9,Toscana,Toscana,3729641,2986049,80.06,0.96
1372,2021-02-24,TOS,10371,4467,5904,10040,197,134,ITI,ITI1,9,Toscana,Toscana,3729641,2996420,80.34,0.28
1373,2021-06-04,TOS,28305,13426,14879,20251,7792,262,ITI,ITI1,9,Toscana,Toscana,3729641,3024725,81.1,0.76
1374,2021-04-08,TOS,29683,12557,17126,22937,6386,360,ITI,ITI1,9,Toscana,Toscana,3729641,3054408,81.9,0.8
1375,2021-03-03,TOS,18229,6539,11690,14499,3606,124,ITI,ITI1,9,Toscana,Toscana,3729641,3072637,82.38,0.49
1376,2021-01-05,TOS,5249,1755,3494,5193,0,56,ITI,ITI1,9,Toscana,Toscana,3729641,3077886,82.52,0.14
1377,2021-01-19,TOS,1106,533,573,1064,0,42,ITI,ITI1,9,Toscana,Toscana,3729641,3078992,82.55,0.03
1378,2021-01-12,TOS,3581,1398,2183,3508,0,73,ITI,ITI1,9,Toscana,Toscana,3729641,3082573,82.65,0.1
1379,2021-03-22,TOS,5253,2765,2488,4678,446,129,ITI,ITI1,9,Toscana,Toscana,3729641,3087826,82.79,0.14
1380,2021-05-08,TOS,29150,13112,16038,13287,15472,391,ITI,ITI1,9,Toscana,Toscana,3729641,3116976,83.57,0.78
1381,2021-03-12,TOS,16979,6616,10363,13269,3528,182,ITI,ITI1,9,Toscana,Toscana,3729641,3133955,84.03,0.46
1382,2021-01-14,TOS,3255,1179,2076,3220,0,35,ITI,ITI1,9,Toscana,Toscana,3729641,3137210,84.12,0.09
1383,2021-06-20,TOS,25176,12486,12690,15421,9517,238,ITI,ITI1,9,Toscana,Toscana,3729641,3162386,84.79,0.68
1384,2021-04-24,TOS,13435,6168,7267,5621,7446,368,ITI,ITI1,9,Toscana,Toscana,3729641,3175821,85.15,0.36
1385,2021-06-27,TOS,33295,16072,17223,5923,27244,128,ITI,ITI1,9,Toscana,Toscana,3729641,3209116,86.04,0.89
1386,2021-05-01,TOS,23317,10064,13253,13723,9184,410,ITI,ITI1,9,Toscana,Toscana,3729641,3232433,86.67,0.63
1387,2021-03-05,TOS,16878,6689,10189,11948,4755,175,ITI,ITI1,9,Toscana,Toscana,3729641,3249311,87.12,0.45
1388,2021-06-13,TOS,24607,12347,12260,22598,1661,348,ITI,ITI1,9,Toscana,Toscana,3729641,3273918,87.78,0.66
1389,2021-02-12,TOS,7618,2694,4924,7296,213,109,ITI,ITI1,9,Toscana,Toscana,3729641,3281536,87.99,0.2
1390,2021-01-26,TOS,5393,1792,3601,216,5173,4,ITI,ITI1,9,Toscana,Toscana,3729641,3286929,88.13,0.14
1391,2021-05-06,TOS,31342,13633,17709,13481,17181,680,ITI,ITI1,9,Toscana,Toscana,3729641,3318271,88.97,0.84
1392,2021-04-19,TOS,9097,4510,4587,7755,1032,310,ITI,ITI1,9,Toscana,Toscana,3729641,3327368,89.21,0.24
1393,2021-04-17,TOS,20535,9207,11328,17922,2134,479,ITI,ITI1,9,Toscana,Toscana,3729641,3347903,89.76,0.55
1394,2021-01-24,TOS,3349,1073,2276,198,3148,3,ITI,ITI1,9,Toscana,Toscana,3729641,3351252,89.85,0.09
1395,2021-01-07,TOS,6018,1751,4267,5932,0,86,ITI,ITI1,9,Toscana,Toscana,3729641,3357270,90.02,0.16
1396,2020-12-30,TOS,327,104,223,326,0,1,ITI,ITI1,9,Toscana,Toscana,3729641,3357597,90.02,0.01
1397,2021-05-12,TOS,34201,15574,18627,13581,20033,587,ITI,ITI1,9,Toscana,Toscana,3729641,3391798,90.94,0.92
1398,2021-01-18,TOS,1119,636,483,971,98,50,ITI,ITI1,9,Toscana,Toscana,3729641,3392917,90.97,0.03
1399,2021-02-01,TOS,5509,1958,3551,511,4988,10,ITI,ITI1,9,Toscana,Toscana,3729641,3398426,91.12,0.15
1400,2021-04-27,TOS,10354,4916,5438,3666,6488,200,ITI,ITI1,9,Toscana,Toscana,3729641,3408780,91.4,0.28
1401,2021-01-17,TOS,2536,871,1665,1987,514,35,ITI,ITI1,9,Toscana,Toscana,3729641,3411316,91.46,0.07
1402,2021-07-05,TOS,30487,15067,15420,10335,19924,228,ITI,ITI1,9,Toscana,Toscana,3729641,3441803,92.28,0.82
1403,2021-03-08,TOS,6707,2945,3762,1844,4820,43,ITI,ITI1,9,Toscana,Toscana,3729641,3448510,92.46,0.18
1404,2021-06-16,TOS,31746,16254,15492,26256,5174,316,ITI,ITI1,9,Toscana,Toscana,3729641,3480256,93.31,0.85
1405,2021-05-30,TOS,28684,13946,14738,21496,6946,242,ITI,ITI1,9,Toscana,Toscana,3729641,3508940,94.08,0.77
1406,2021-07-04,TOS,31503,15293,16210,9366,21850,287,ITI,ITI1,9,Toscana,Toscana,3729641,3540443,94.93,0.84
1407,2020-12-31,TOS,802,201,601,798,0,4,ITI,ITI1,9,Toscana,Toscana,3729641,3541245,94.95,0.02
1408,2021-04-10,TOS,11723,5349,6374,10747,743,233,ITI,ITI1,9,Toscana,Toscana,3729641,3552968,95.26,0.31
1409,2021-02-19,TOS,8292,2952,5340,7602,513,177,ITI,ITI1,9,Toscana,Toscana,3729641,3561260,95.49,0.22
1410,2021-05-26,LAZ,47575,21863,25712,34808,12113,654,ITI,ITI4,12,Lazio,Lazio,5879082,47575,0.81,0.81
1411,2021-03-04,LAZ,19418,8724,10694,14172,5018,228,ITI,ITI4,12,Lazio,Lazio,5879082,66993,1.14,0.33
1412,2021-06-12,LAZ,69843,32073,37770,39847,29372,624,ITI,ITI4,12,Lazio,Lazio,5879082,136836,2.33,1.19
1413,2021-06-14,LAZ,62791,29433,33358,32117,30143,531,ITI,ITI4,12,Lazio,Lazio,5879082,199627,3.4,1.07
1414,2021-03-21,LAZ,18245,7178,11067,13006,5051,188,ITI,ITI4,12,Lazio,Lazio,5879082,217872,3.71,0.31
1415,2020-12-30,LAZ,1631,630,1001,1620,0,11,ITI,ITI4,12,Lazio,Lazio,5879082,219503,3.73,0.03
1416,2021-07-01,LAZ,48162,23027,25135,7153,40809,200,ITI,ITI4,12,Lazio,Lazio,5879082,267665,4.55,0.82
1417,2021-02-18,LAZ,10018,4974,5044,9102,812,104,ITI,ITI4,12,Lazio,Lazio,5879082,277683,4.72,0.17
1418,2021-05-12,LAZ,47568,21591,25977,30264,16661,643,ITI,ITI4,12,Lazio,Lazio,5879082,325251,5.53,0.81
1419,2021-02-01,LAZ,5676,2179,3497,353,5322,1,ITI,ITI4,12,Lazio,Lazio,5879082,330927,5.63,0.1
1420,2021-07-15,LAZ,44573,21832,22741,6692,37485,396,ITI,ITI4,12,Lazio,Lazio,5879082,375500,6.39,0.76
1421,2021-01-13,LAZ,5694,2151,3543,5532,0,162,ITI,ITI4,12,Lazio,Lazio,5879082,381194,6.48,0.1
1422,2021-04-23,LAZ,37834,18227,19607,22101,15281,452,ITI,ITI4,12,Lazio,Lazio,5879082,419028,7.13,0.64
1423,2021-06-26,LAZ,56075,26416,29659,24620,30888,567,ITI,ITI4,12,Lazio,Lazio,5879082,475103,8.08,0.95
1424,2021-04-30,LAZ,41419,18357,23062,26495,14252,672,ITI,ITI4,12,Lazio,Lazio,5879082,516522,8.79,0.7
1425,2021-06-19,LAZ,66383,31287,35096,35252,30352,779,ITI,ITI4,12,Lazio,Lazio,5879082,582905,9.91,1.13
1426,2021-05-17,LAZ,44569,20412,24157,35583,8583,403,ITI,ITI4,12,Lazio,Lazio,5879082,627474,10.67,0.76
1427,2021-02-06,LAZ,6164,2495,3669,838,5320,6,ITI,ITI4,12,Lazio,Lazio,5879082,633638,10.78,0.1
1428,2021-02-11,LAZ,6998,3011,3987,6441,533,24,ITI,ITI4,12,Lazio,Lazio,5879082,640636,10.9,0.12
1429,2021-04-11,LAZ,19168,8480,10688,13120,5886,162,ITI,ITI4,12,Lazio,Lazio,5879082,659804,11.22,0.33
1430,2021-03-30,LAZ,26958,13100,13858,19462,7150,346,ITI,ITI4,12,Lazio,Lazio,5879082,686762,11.68,0.46
1431,2021-07-08,LAZ,63872,31364,32508,28158,35073,641,ITI,ITI4,12,Lazio,Lazio,5879082,750634,12.77,1.09
1432,2021-04-18,LAZ,23814,10579,13235,15890,7654,270,ITI,ITI4,12,Lazio,Lazio,5879082,774448,13.17,0.41
1433,2021-02-20,LAZ,9207,4272,4935,8363,773,71,ITI,ITI4,12,Lazio,Lazio,5879082,783655,13.33,0.16
1434,2021-05-31,LAZ,51728,23028,28700,30845,19854,1029,ITI,ITI4,12,Lazio,Lazio,5879082,835383,14.21,0.88
1435,2021-04-04,LAZ,17590,8160,9430,12213,5266,111,ITI,ITI4,12,Lazio,Lazio,5879082,852973,14.51,0.3
1436,2021-04-16,LAZ,34435,15699,18736,21958,12095,382,ITI,ITI4,12,Lazio,Lazio,5879082,887408,15.09,0.59
1437,2021-01-23,LAZ,7213,2869,4344,584,6629,0,ITI,ITI4,12,Lazio,Lazio,5879082,894621,15.22,0.12
1438,2021-01-06,LAZ,5123,1962,3161,5003,0,120,ITI,ITI4,12,Lazio,Lazio,5879082,899744,15.3,0.09
1439,2021-02-25,LAZ,12681,5539,7142,11417,1081,183,ITI,ITI4,12,Lazio,Lazio,5879082,912425,15.52,0.22
1440,2021-03-16,LAZ,13544,5739,7805,7020,6444,80,ITI,ITI4,12,Lazio,Lazio,5879082,925969,15.75,0.23
1441,2021-03-09,LAZ,21974,9923,12051,16427,5200,347,ITI,ITI4,12,Lazio,Lazio,5879082,947943,16.12,0.37
1442,2021-01-11,LAZ,5542,2109,3433,5397,0,145,ITI,ITI4,12,Lazio,Lazio,5879082,953485,16.22,0.09
1443,2021-04-09,LAZ,27642,12564,15078,19105,8254,283,ITI,ITI4,12,Lazio,Lazio,5879082,981127,16.69,0.47
1444,2021-03-23,LAZ,25378,11912,13466,18442,6598,338,ITI,ITI4,12,Lazio,Lazio,5879082,1006505,17.12,0.43
1445,2021-02-15,LAZ,8029,3542,4487,7311,634,84,ITI,ITI4,12,Lazio,Lazio,5879082,1014534,17.26,0.14
1446,2021-01-29,LAZ,8046,3081,4965,814,7230,2,ITI,ITI4,12,Lazio,Lazio,5879082,1022580,17.39,0.14
1447,2021-05-07,LAZ,48253,22621,25632,30079,17763,411,ITI,ITI4,12,Lazio,Lazio,5879082,1070833,18.21,0.82
1448,2021-03-11,LAZ,25372,11962,13410,18801,6233,338,ITI,ITI4,12,Lazio,Lazio,5879082,1096205,18.65,0.43
1449,2021-07-03,LAZ,53097,25001,28096,4636,48326,135,ITI,ITI4,12,Lazio,Lazio,5879082,1149302,19.55,0.9
1450,2021-02-03,LAZ,6490,2488,4002,958,5525,7,ITI,ITI4,12,Lazio,Lazio,5879082,1155792,19.66,0.11
1451,2021-01-20,LAZ,4813,1947,2866,3265,1544,4,ITI,ITI4,12,Lazio,Lazio,5879082,1160605,19.74,0.08
1452,2021-01-30,LAZ,7014,2895,4119,808,6205,1,ITI,ITI4,12,Lazio,Lazio,5879082,1167619,19.86,0.12
1453,2021-01-15,LAZ,6588,2711,3877,6418,0,170,ITI,ITI4,12,Lazio,Lazio,5879082,1174207,19.97,0.11
1454,2021-04-25,LAZ,24525,11252,13273,16425,7818,282,ITI,ITI4,12,Lazio,Lazio,5879082,1198732,20.39,0.42
1455,2021-05-19,LAZ,47210,21677,25533,36486,10115,609,ITI,ITI4,12,Lazio,Lazio,5879082,1245942,21.19,0.8
1456,2021-01-04,LAZ,7486,2909,4577,7382,0,104,ITI,ITI4,12,Lazio,Lazio,5879082,1253428,21.32,0.13
1457,2021-06-24,LAZ,63819,30450,33369,28572,34607,640,ITI,ITI4,12,Lazio,Lazio,5879082,1317247,22.41,1.09
1458,2021-06-07,LAZ,62330,29158,33172,32520,29228,582,ITI,ITI4,12,Lazio,Lazio,5879082,1379577,23.47,1.06
1459,2021-06-21,LAZ,61835,28720,33115,28473,32780,582,ITI,ITI4,12,Lazio,Lazio,5879082,1441412,24.52,1.05
1460,2021-03-13,LAZ,21805,8729,13076,15679,5894,232,ITI,ITI4,12,Lazio,Lazio,5879082,1463217,24.89,0.37
1461,2021-02-13,LAZ,6612,2627,3985,6148,418,46,ITI,ITI4,12,Lazio,Lazio,5879082,1469829,25.0,0.11
1462,2021-05-24,LAZ,43974,20159,23815,33536,9772,666,ITI,ITI4,12,Lazio,Lazio,5879082,1513803,25.75,0.75
1463,2021-01-03,LAZ,5255,1973,3282,5196,0,59,ITI,ITI4,12,Lazio,Lazio,5879082,1519058,25.84,0.09
1464,2021-04-13,LAZ,25787,11955,13832,17677,7717,393,ITI,ITI4,12,Lazio,Lazio,5879082,1544845,26.28,0.44
1465,2021-01-08,LAZ,7731,2895,4836,7534,0,197,ITI,ITI4,12,Lazio,Lazio,5879082,1552576,26.41,0.13
1466,2021-01-25,LAZ,8113,3247,4866,772,7341,0,ITI,ITI4,12,Lazio,Lazio,5879082,1560689,26.55,0.14
1467,2021-05-05,LAZ,46806,21476,25330,30399,15841,566,ITI,ITI4,12,Lazio,Lazio,5879082,1607495,27.34,0.8
1468,2021-03-02,LAZ,17192,7610,9582,13094,3936,162,ITI,ITI4,12,Lazio,Lazio,5879082,1624687,27.64,0.29
1469,2021-01-18,LAZ,6270,2560,3710,5165,979,126,ITI,ITI4,12,Lazio,Lazio,5879082,1630957,27.74,0.11
1470,2021-04-28,LAZ,32943,15036,17907,20976,11579,388,ITI,ITI4,12,Lazio,Lazio,5879082,1663900,28.3,0.56
1471,2021-03-27,LAZ,26440,10759,15681,19429,6475,536,ITI,ITI4,12,Lazio,Lazio,5879082,1690340,28.75,0.45
1472,2021-06-05,LAZ,66122,32603,33519,42738,22739,645,ITI,ITI4,12,Lazio,Lazio,5879082,1756462,29.88,1.12
1473,2021-03-28,LAZ,19189,7831,11358,13544,5310,335,ITI,ITI4,12,Lazio,Lazio,5879082,1775651,30.2,0.33
1474,2021-06-09,LAZ,70231,33219,37012,35822,33780,629,ITI,ITI4,12,Lazio,Lazio,5879082,1845882,31.4,1.19
1475,2021-02-17,LAZ,9191,4607,4584,8243,880,68,ITI,ITI4,12,Lazio,Lazio,5879082,1855073,31.55,0.16
1476,2021-05-28,LAZ,57138,26555,30583,43050,13293,795,ITI,ITI4,12,Lazio,Lazio,5879082,1912211,32.53,0.97
1477,2021-03-06,LAZ,18357,7083,11274,13883,4257,217,ITI,ITI4,12,Lazio,Lazio,5879082,1930568,32.84,0.31
1478,2021-05-14,LAZ,51543,23551,27992,32536,18343,664,ITI,ITI4,12,Lazio,Lazio,5879082,1982111,33.71,0.88
1479,2021-03-18,LAZ,14224,6077,8147,7751,6391,82,ITI,ITI4,12,Lazio,Lazio,5879082,1996335,33.96,0.24
1480,2021-03-25,LAZ,29280,13582,15698,22219,6614,447,ITI,ITI4,12,Lazio,Lazio,5879082,2025615,34.45,0.5
1481,2021-01-27,LAZ,6119,2389,3730,1002,5117,0,ITI,ITI4,12,Lazio,Lazio,5879082,2031734,34.56,0.1
1482,2021-04-06,LAZ,24466,11181,13285,17033,7115,318,ITI,ITI4,12,Lazio,Lazio,5879082,2056200,34.97,0.42
1483,2020-12-27,LAZ,274,132,142,274,0,0,ITI,ITI4,12,Lazio,Lazio,5879082,2056474,34.98,0.0
1484,2021-03-20,LAZ,19192,7640,11552,13046,5885,261,ITI,ITI4,12,Lazio,Lazio,5879082,2075666,35.31,0.33
1485,2021-07-17,LAZ,36028,18108,17920,1583,34369,76,ITI,ITI4,12,Lazio,Lazio,5879082,2111694,35.92,0.61
1486,2021-06-30,LAZ,62804,29539,33265,29733,32546,525,ITI,ITI4,12,Lazio,Lazio,5879082,2174498,36.99,1.07
1487,2021-04-08,LAZ,26769,12269,14500,18720,7699,350,ITI,ITI4,12,Lazio,Lazio,5879082,2201267,37.44,0.46
1488,2021-02-08,LAZ,9742,4155,5587,4506,5234,2,ITI,ITI4,12,Lazio,Lazio,5879082,2211009,37.61,0.17
1489,2021-05-02,LAZ,32642,14342,18300,22811,9365,466,ITI,ITI4,12,Lazio,Lazio,5879082,2243651,38.16,0.56
1490,2021-01-22,LAZ,4008,1637,2371,493,3515,0,ITI,ITI4,12,Lazio,Lazio,5879082,2247659,38.23,0.07
1491,2021-02-27,LAZ,11452,4286,7166,10335,982,135,ITI,ITI4,12,Lazio,Lazio,5879082,2259111,38.43,0.19
1492,2021-05-20,LAZ,51745,24972,26773,37104,13918,723,ITI,ITI4,12,Lazio,Lazio,5879082,2310856,39.31,0.88
1493,2021-06-20,LAZ,55258,25401,29857,29633,24901,724,ITI,ITI4,12,Lazio,Lazio,5879082,2366114,40.25,0.94
1494,2021-06-06,LAZ,58101,28007,30094,35013,22509,579,ITI,ITI4,12,Lazio,Lazio,5879082,2424215,41.23,0.99
1495,2021-02-26,LAZ,13123,5730,7393,11551,1398,174,ITI,ITI4,12,Lazio,Lazio,5879082,2437338,41.46,0.22
1496,2021-07-09,LAZ,64556,31166,33390,27582,36273,701,ITI,ITI4,12,Lazio,Lazio,5879082,2501894,42.56,1.1
1497,2021-01-01,LAZ,3555,1382,2173,3515,0,40,ITI,ITI4,12,Lazio,Lazio,5879082,2505449,42.62,0.06
1498,2021-01-10,LAZ,4044,1702,2342,3977,0,67,ITI,ITI4,12,Lazio,Lazio,5879082,2509493,42.69,0.07
1499,2021-06-16,LAZ,64497,30919,33578,32018,31867,612,ITI,ITI4,12,Lazio,Lazio,5879082,2573990,43.78,1.1
1500,2021-04-20,LAZ,31086,14273,16813,19411,11303,372,ITI,ITI4,12,Lazio,Lazio,5879082,2605076,44.31,0.53
1501,2021-03-08,LAZ,20869,9050,11819,15310,5274,285,ITI,ITI4,12,Lazio,Lazio,5879082,2625945,44.67,0.35
1502,2021-04-22,LAZ,39097,19441,19656,23883,14627,587,ITI,ITI4,12,Lazio,Lazio,5879082,2665042,45.33,0.67
1503,2021-03-10,LAZ,23335,10657,12678,17357,5647,331,ITI,ITI4,12,Lazio,Lazio,5879082,2688377,45.73,0.4
1504,2021-01-12,LAZ,5414,1981,3433,5271,0,143,ITI,ITI4,12,Lazio,Lazio,5879082,2693791,45.82,0.09
1505,2021-06-18,LAZ,64193,30898,33295,30262,33223,708,ITI,ITI4,12,Lazio,Lazio,5879082,2757984,46.91,1.09
1506,2021-03-17,LAZ,13814,5915,7899,7448,6257,109,ITI,ITI4,12,Lazio,Lazio,5879082,2771798,47.15,0.23
1507,2021-01-31,LAZ,4463,1856,2607,478,3984,1,ITI,ITI4,12,Lazio,Lazio,5879082,2776261,47.22,0.08
1508,2021-05-11,LAZ,48320,22187,26133,31181,16542,597,ITI,ITI4,12,Lazio,Lazio,5879082,2824581,48.04,0.82
1509,2021-07-16,LAZ,43458,20721,22737,2872,40420,166,ITI,ITI4,12,Lazio,Lazio,5879082,2868039,48.78,0.74
1510,2021-04-24,LAZ,33447,15098,18349,20179,12777,491,ITI,ITI4,12,Lazio,Lazio,5879082,2901486,49.35,0.57
1511,2021-05-30,LAZ,41229,17643,23586,33203,7355,671,ITI,ITI4,12,Lazio,Lazio,5879082,2942715,50.05,0.7
1512,2021-05-13,LAZ,50162,22541,27621,31681,17802,679,ITI,ITI4,12,Lazio,Lazio,5879082,2992877,50.91,0.85
1513,2021-06-29,LAZ,59391,28232,31159,27724,31109,558,ITI,ITI4,12,Lazio,Lazio,5879082,3052268,51.92,1.01
1514,2021-01-14,LAZ,5490,2146,3344,5316,0,174,ITI,ITI4,12,Lazio,Lazio,5879082,3057758,52.01,0.09
1515,2021-04-07,LAZ,25992,12151,13841,18341,7315,336,ITI,ITI4,12,Lazio,Lazio,5879082,3083750,52.45,0.44
1516,2020-12-28,LAZ,959,412,547,954,0,5,ITI,ITI4,12,Lazio,Lazio,5879082,3084709,52.47,0.02
1517,2021-01-16,LAZ,5648,2283,3365,5500,0,148,ITI,ITI4,12,Lazio,Lazio,5879082,3090357,52.57,0.1
1518,2021-04-26,LAZ,29246,13468,15778,19613,9204,429,ITI,ITI4,12,Lazio,Lazio,5879082,3119603,53.06,0.5
1519,2021-02-02,LAZ,5911,2213,3698,636,5272,3,ITI,ITI4,12,Lazio,Lazio,5879082,3125514,53.16,0.1
1520,2021-04-27,LAZ,30715,13865,16850,19461,10850,404,ITI,ITI4,12,Lazio,Lazio,5879082,3156229,53.69,0.52
1521,2021-03-01,LAZ,17118,7368,9750,13001,3886,231,ITI,ITI4,12,Lazio,Lazio,5879082,3173347,53.98,0.29
1522,2021-02-22,LAZ,11459,4991,6468,10808,502,149,ITI,ITI4,12,Lazio,Lazio,5879082,3184806,54.17,0.19
1523,2021-06-02,LAZ,43297,21516,21781,31246,11514,537,ITI,ITI4,12,Lazio,Lazio,5879082,3228103,54.91,0.74
1524,2021-06-11,LAZ,69532,32722,36810,36524,32394,614,ITI,ITI4,12,Lazio,Lazio,5879082,3297635,56.09,1.18
1525,2021-05-06,LAZ,48801,22743,26058,30583,17557,661,ITI,ITI4,12,Lazio,Lazio,5879082,3346436,56.92,0.83
1526,2021-01-17,LAZ,4893,2027,2866,4618,212,63,ITI,ITI4,12,Lazio,Lazio,5879082,3351329,57.0,0.08
1527,2021-01-19,LAZ,4774,1960,2814,4317,454,3,ITI,ITI4,12,Lazio,Lazio,5879082,3356103,57.09,0.08
1528,2021-06-25,LAZ,63134,30477,32657,28016,34549,569,ITI,ITI4,12,Lazio,Lazio,5879082,3419237,58.16,1.07
1529,2021-06-27,LAZ,47201,21567,25634,20615,26132,454,ITI,ITI4,12,Lazio,Lazio,5879082,3466438,58.96,0.8
1530,2021-02-04,LAZ,6340,2508,3832,1023,5316,1,ITI,ITI4,12,Lazio,Lazio,5879082,3472778,59.07,0.11
1531,2021-05-22,LAZ,55145,27011,28134,43555,10685,905,ITI,ITI4,12,Lazio,Lazio,5879082,3527923,60.01,0.94
1532,2021-05-15,LAZ,57379,27413,29966,40050,16524,805,ITI,ITI4,12,Lazio,Lazio,5879082,3585302,60.98,0.98
1533,2021-07-05,LAZ,61203,29437,31766,25599,34600,1004,ITI,ITI4,12,Lazio,Lazio,5879082,3646505,62.03,1.04
1534,2021-05-23,LAZ,47127,22869,24258,39058,7396,673,ITI,ITI4,12,Lazio,Lazio,5879082,3693632,62.83,0.8
1535,2021-05-09,LAZ,37545,17262,20283,25823,11274,448,ITI,ITI4,12,Lazio,Lazio,5879082,3731177,63.47,0.64
1536,2021-07-12,LAZ,41071,20507,20564,5858,34998,215,ITI,ITI4,12,Lazio,Lazio,5879082,3772248,64.16,0.7
1537,2021-05-16,LAZ,50956,24537,26419,36931,13489,536,ITI,ITI4,12,Lazio,Lazio,5879082,3823204,65.03,0.87
1538,2021-06-28,LAZ,58855,28136,30719,27487,30953,415,ITI,ITI4,12,Lazio,Lazio,5879082,3882059,66.03,1.0
1539,2021-02-12,LAZ,6850,2850,4000,6350,418,82,ITI,ITI4,12,Lazio,Lazio,5879082,3888909,66.15,0.12
1540,2021-06-01,LAZ,48905,23601,25304,29910,18537,458,ITI,ITI4,12,Lazio,Lazio,5879082,3937814,66.98,0.83
1541,2021-04-05,LAZ,19866,9085,10781,13533,6181,152,ITI,ITI4,12,Lazio,Lazio,5879082,3957680,67.32,0.34
1542,2021-05-25,LAZ,47525,22304,25221,35239,11683,603,ITI,ITI4,12,Lazio,Lazio,5879082,4005205,68.13,0.81
1543,2021-04-12,LAZ,23872,10769,13103,16691,6904,277,ITI,ITI4,12,Lazio,Lazio,5879082,4029077,68.53,0.41
1544,2021-06-08,LAZ,66571,31770,34801,36008,29930,633,ITI,ITI4,12,Lazio,Lazio,5879082,4095648,69.66,1.13
1545,2021-07-14,LAZ,41804,20372,21432,6167,35292,345,ITI,ITI4,12,Lazio,Lazio,5879082,4137452,70.38,0.71
1546,2021-01-09,LAZ,6300,2562,3738,6187,0,113,ITI,ITI4,12,Lazio,Lazio,5879082,4143752,70.48,0.11
1547,2021-04-19,LAZ,30110,13689,16421,19010,10683,417,ITI,ITI4,12,Lazio,Lazio,5879082,4173862,71.0,0.51
1548,2021-02-21,LAZ,6991,3181,3810,6484,464,43,ITI,ITI4,12,Lazio,Lazio,5879082,4180853,71.11,0.12
1549,2021-07-02,LAZ,48240,23113,25127,6589,41478,173,ITI,ITI4,12,Lazio,Lazio,5879082,4229093,71.93,0.82
1550,2021-05-01,LAZ,37978,17093,20885,25565,11971,442,ITI,ITI4,12,Lazio,Lazio,5879082,4267071,72.58,0.65
1551,2021-04-17,LAZ,32402,14221,18181,20008,11996,398,ITI,ITI4,12,Lazio,Lazio,5879082,4299473,73.13,0.55
1552,2021-03-12,LAZ,24001,11088,12913,17341,6317,343,ITI,ITI4,12,Lazio,Lazio,5879082,4323474,73.54,0.41
1553,2021-02-09,LAZ,8808,3775,5033,4575,4226,7,ITI,ITI4,12,Lazio,Lazio,5879082,4332282,73.69,0.15
1554,2021-02-23,LAZ,11091,4782,6309,10200,765,126,ITI,ITI4,12,Lazio,Lazio,5879082,4343373,73.88,0.19
1555,2021-01-21,LAZ,5604,2348,3256,551,5053,0,ITI,ITI4,12,Lazio,Lazio,5879082,4348977,73.97,0.1
1556,2021-03-19,LAZ,17453,7568,9885,10975,6329,149,ITI,ITI4,12,Lazio,Lazio,5879082,4366430,74.27,0.3
1557,2021-04-29,LAZ,38689,17267,21422,24847,13235,607,ITI,ITI4,12,Lazio,Lazio,5879082,4405119,74.93,0.66
1558,2021-03-03,LAZ,17863,7869,9994,13335,4295,233,ITI,ITI4,12,Lazio,Lazio,5879082,4422982,75.23,0.3
1559,2021-01-26,LAZ,7967,3130,4837,728,7239,0,ITI,ITI4,12,Lazio,Lazio,5879082,4430949,75.37,0.14
1560,2021-04-02,LAZ,29402,14090,15312,21681,7340,381,ITI,ITI4,12,Lazio,Lazio,5879082,4460351,75.87,0.5
1561,2021-07-11,LAZ,43889,22084,21805,3706,40042,141,ITI,ITI4,12,Lazio,Lazio,5879082,4504240,76.61,0.75
1562,2021-01-28,LAZ,8281,3166,5115,783,7497,1,ITI,ITI4,12,Lazio,Lazio,5879082,4512521,76.76,0.14
1563,2021-07-04,LAZ,46547,21658,24889,4119,42345,83,ITI,ITI4,12,Lazio,Lazio,5879082,4559068,77.55,0.79
1564,2021-05-08,LAZ,45469,20757,24712,29392,15423,654,ITI,ITI4,12,Lazio,Lazio,5879082,4604537,78.32,0.77
1565,2021-07-13,LAZ,42306,20713,21593,5477,36509,320,ITI,ITI4,12,Lazio,Lazio,5879082,4646843,79.04,0.72
1566,2021-03-26,LAZ,30207,13991,16216,22924,6849,434,ITI,ITI4,12,Lazio,Lazio,5879082,4677050,79.55,0.51
1567,2021-03-31,LAZ,27753,13426,14327,20321,7099,333,ITI,ITI4,12,Lazio,Lazio,5879082,4704803,80.03,0.47
1568,2021-01-07,LAZ,7751,2903,4848,7594,0,157,ITI,ITI4,12,Lazio,Lazio,5879082,4712554,80.16,0.13
1569,2021-03-22,LAZ,23322,10531,12791,16318,6677,327,ITI,ITI4,12,Lazio,Lazio,5879082,4735876,80.55,0.4
1570,2020-12-29,LAZ,488,176,312,484,0,4,ITI,ITI4,12,Lazio,Lazio,5879082,4736364,80.56,0.01
1571,2021-06-13,LAZ,58398,26201,32197,33070,24835,493,ITI,ITI4,12,Lazio,Lazio,5879082,4794762,81.56,0.99
1572,2021-03-07,LAZ,14133,5466,8667,10334,3593,206,ITI,ITI4,12,Lazio,Lazio,5879082,4808895,81.8,0.24
1573,2021-06-15,LAZ,65834,31801,34033,33178,32116,540,ITI,ITI4,12,Lazio,Lazio,5879082,4874729,82.92,1.12
1574,2021-03-24,LAZ,27874,13089,14785,21255,6237,382,ITI,ITI4,12,Lazio,Lazio,5879082,4902603,83.39,0.47
1575,2021-05-29,LAZ,52028,23386,28642,40151,11005,872,ITI,ITI4,12,Lazio,Lazio,5879082,4954631,84.28,0.88
1576,2020-12-31,LAZ,5293,2121,3172,5233,0,60,ITI,ITI4,12,Lazio,Lazio,5879082,4959924,84.37,0.09
1577,2021-04-10,LAZ,23936,10413,13523,16500,7190,246,ITI,ITI4,12,Lazio,Lazio,5879082,4983860,84.77,0.41
1578,2021-02-05,LAZ,7318,2985,4333,1210,6105,3,ITI,ITI4,12,Lazio,Lazio,5879082,4991178,84.9,0.12
1579,2021-04-03,LAZ,24796,11194,13602,17876,6702,218,ITI,ITI4,12,Lazio,Lazio,5879082,5015974,85.32,0.42
1580,2021-02-19,LAZ,10047,5080,4967,9067,835,145,ITI,ITI4,12,Lazio,Lazio,5879082,5026021,85.49,0.17
1581,2021-06-17,LAZ,66804,32106,34698,31766,34340,698,ITI,ITI4,12,Lazio,Lazio,5879082,5092825,86.63,1.14
1582,2021-04-21,LAZ,33049,15021,18028,20308,12383,358,ITI,ITI4,12,Lazio,Lazio,5879082,5125874,87.19,0.56
1583,2021-06-03,LAZ,56454,28558,27896,38025,17735,694,ITI,ITI4,12,Lazio,Lazio,5879082,5182328,88.15,0.96
1584,2021-06-10,LAZ,71760,33887,37873,37054,33904,802,ITI,ITI4,12,Lazio,Lazio,5879082,5254088,89.37,1.22
1585,2021-07-06,LAZ,62106,30153,31953,28520,33124,462,ITI,ITI4,12,Lazio,Lazio,5879082,5316194,90.43,1.06
1586,2021-02-14,LAZ,5778,2372,3406,5276,472,30,ITI,ITI4,12,Lazio,Lazio,5879082,5321972,90.52,0.1
1587,2021-02-28,LAZ,10260,4016,6244,9654,515,91,ITI,ITI4,12,Lazio,Lazio,5879082,5332232,90.7,0.17
1588,2021-01-02,LAZ,6708,2631,4077,6628,0,80,ITI,ITI4,12,Lazio,Lazio,5879082,5338940,90.81,0.11
1589,2021-04-14,LAZ,29319,13288,16031,18876,10124,319,ITI,ITI4,12,Lazio,Lazio,5879082,5368259,91.31,0.5
1590,2021-05-10,LAZ,44468,20329,24139,30593,13420,455,ITI,ITI4,12,Lazio,Lazio,5879082,5412727,92.07,0.76
1591,2021-05-27,LAZ,58295,27079,31216,43759,13739,797,ITI,ITI4,12,Lazio,Lazio,5879082,5471022,93.06,0.99
1592,2021-03-05,LAZ,19570,8671,10899,14612,4734,224,ITI,ITI4,12,Lazio,Lazio,5879082,5490592,93.39,0.33
1593,2021-02-16,LAZ,8361,4037,4324,7710,608,43,ITI,ITI4,12,Lazio,Lazio,5879082,5498953,93.53,0.14
1594,2021-04-01,LAZ,29696,14091,15605,22179,7142,375,ITI,ITI4,12,Lazio,Lazio,5879082,5528649,94.04,0.51
1595,2021-07-10,LAZ,70772,35520,35252,25025,45142,605,ITI,ITI4,12,Lazio,Lazio,5879082,5599421,95.24,1.2
1596,2021-06-23,LAZ,62224,29299,32925,28402,33347,475,ITI,ITI4,12,Lazio,Lazio,5879082,5661645,96.3,1.06
1597,2021-04-15,LAZ,31947,14313,17634,20690,10813,444,ITI,ITI4,12,Lazio,Lazio,5879082,5693592,96.84,0.54
1598,2021-02-10,LAZ,8196,3406,4790,4845,3346,5,ITI,ITI4,12,Lazio,Lazio,5879082,5701788,96.98,0.14
1599,2021-05-21,LAZ,52000,25007,26993,37228,14061,711,ITI,ITI4,12,Lazio,Lazio,5879082,5753788,97.87,0.88
1600,2021-06-04,LAZ,61734,30138,31596,43325,17804,605,ITI,ITI4,12,Lazio,Lazio,5879082,5815522,98.92,1.05
1601,2021-05-04,LAZ,39899,18359,21540,25898,13527,474,ITI,ITI4,12,Lazio,Lazio,5879082,5855421,99.6,0.68
1602,2021-02-24,LAZ,12050,5209,6841,10934,995,121,ITI,ITI4,12,Lazio,Lazio,5879082,5867471,99.8,0.2
1603,2021-07-07,LAZ,62333,30910,31423,28393,33395,545,ITI,ITI4,12,Lazio,Lazio,5879082,5929804,100.86,1.06
1604,2021-03-29,LAZ,25374,12045,13329,18041,7038,295,ITI,ITI4,12,Lazio,Lazio,5879082,5955178,101.29,0.43
1605,2021-03-15,LAZ,20955,9834,11121,13977,6744,234,ITI,ITI4,12,Lazio,Lazio,5879082,5976133,101.65,0.36
1606,2021-01-05,LAZ,7376,2803,4573,7274,0,102,ITI,ITI4,12,Lazio,Lazio,5879082,5983509,101.78,0.13
1607,2021-01-24,LAZ,5697,2229,3468,613,5084,0,ITI,ITI4,12,Lazio,Lazio,5879082,5989206,101.87,0.1
1608,2021-02-07,LAZ,4944,2026,2918,386,4557,1,ITI,ITI4,12,Lazio,Lazio,5879082,5994150,101.96,0.08
1609,2021-05-18,LAZ,44966,20565,24401,34862,9546,558,ITI,ITI4,12,Lazio,Lazio,5879082,6039116,102.72,0.76
1610,2021-05-03,LAZ,39251,17728,21523,26036,12630,585,ITI,ITI4,12,Lazio,Lazio,5879082,6078367,103.39,0.67
1611,2021-06-22,LAZ,62727,29005,33722,28586,33466,675,ITI,ITI4,12,Lazio,Lazio,5879082,6141094,104.46,1.07
1612,2021-03-14,LAZ,17240,6754,10486,11829,5154,257,ITI,ITI4,12,Lazio,Lazio,5879082,6158334,104.75,0.29
1613,2021-07-13,PAT,3580,1808,1772,1562,1907,111,ITH,ITH2,4,Provincia Autonoma Trento,P.A. Trento,541380,3580,0.66,0.66
1614,2021-04-21,PAT,2910,1359,1551,2710,50,150,ITH,ITH2,4,Provincia Autonoma Trento,P.A. Trento,541380,6490,1.2,0.54
1615,2021-01-28,PAT,530,147,383,48,482,0,ITH,ITH2,4,Provincia Autonoma Trento,P.A. Trento,541380,7020,1.3,0.1
1616,2021-01-11,PAT,732,223,509,732,0,0,ITH,ITH2,4,Provincia Autonoma Trento,P.A. Trento,541380,7752,1.43,0.14
1617,2021-02-16,PAT,666,246,420,650,5,11,ITH,ITH2,4,Provincia Autonoma Trento,P.A. Trento,541380,8418,1.55,0.12
1618,2021-06-29,PAT,6232,3139,3093,2652,3508,72,ITH,ITH2,4,Provincia Autonoma Trento,P.A. Trento,541380,14650,2.71,1.15
1619,2021-06-12,PAT,5362,2689,2673,425,4889,48,ITH,ITH2,4,Provincia Autonoma Trento,P.A. Trento,541380,20012,3.7,0.99
1620,2021-03-21,PAT,129,69,60,125,0,4,ITH,ITH2,4,Provincia Autonoma Trento,P.A. Trento,541380,20141,3.72,0.02
1621,2021-05-24,PAT,4386,2014,2372,1248,3024,114,ITH,ITH2,4,Provincia Autonoma Trento,P.A. Trento,541380,24527,4.53,0.81
1622,2021-03-02,PAT,1307,440,867,902,376,29,ITH,ITH2,4,Provincia Autonoma Trento,P.A. Trento,541380,25834,4.77,0.24
1623,2021-06-10,PAT,6129,2979,3150,1788,4213,128,ITH,ITH2,4,Provincia Autonoma Trento,P.A. Trento,541380,31963,5.9,1.13
1624,2021-05-31,PAT,4725,2175,2550,1569,3047,109,ITH,ITH2,4,Provincia Autonoma Trento,P.A. Trento,541380,36688,6.78,0.87
1625,2021-03-09,PAT,1585,591,994,908,646,31,ITH,ITH2,4,Provincia Autonoma Trento,P.A. Trento,541380,38273,7.07,0.29
1626,2021-06-17,PAT,6602,3462,3140,1961,4477,164,ITH,ITH2,4,Provincia Autonoma Trento,P.A. Trento,541380,44875,8.29,1.22
1627,2021-03-14,PAT,108,65,43,19,87,2,ITH,ITH2,4,Provincia Autonoma Trento,P.A. Trento,541380,44983,8.31,0.02
1628,2021-03-26,PAT,3233,1259,1974,2482,610,141,ITH,ITH2,4,Provincia Autonoma Trento,P.A. Trento,541380,48216,8.91,0.6
1629,2021-06-19,PAT,3098,1696,1402,226,2840,32,ITH,ITH2,4,Provincia Autonoma Trento,P.A. Trento,541380,51314,9.48,0.57
1630,2021-01-23,PAT,577,334,243,387,189,1,ITH,ITH2,4,Provincia Autonoma Trento,P.A. Trento,541380,51891,9.58,0.11
1631,2021-05-03,PAT,4260,2197,2063,3807,154,299,ITH,ITH2,4,Provincia Autonoma Trento,P.A. Trento,541380,56151,10.37,0.79
1632,2021-07-01,PAT,6932,3605,3327,3439,3317,176,ITH,ITH2,4,Provincia Autonoma Trento,P.A. Trento,541380,63083,11.65,1.28
1633,2021-05-05,PAT,4991,2580,2411,4386,298,307,ITH,ITH2,4,Provincia Autonoma Trento,P.A. Trento,541380,68074,12.57,0.92
1634,2021-01-16,PAT,319,148,171,319,0,0,ITH,ITH2,4,Provincia Autonoma Trento,P.A. Trento,541380,68393,12.63,0.06
1635,2021-02-06,PAT,575,299,276,434,141,0,ITH,ITH2,4,Provincia Autonoma Trento,P.A. Trento,541380,68968,12.74,0.11
1636,2021-02-23,PAT,1112,395,717,878,213,21,ITH,ITH2,4,Provincia Autonoma Trento,P.A. Trento,541380,70080,12.94,0.21
1637,2021-05-17,PAT,4294,2122,2172,3710,351,233,ITH,ITH2,4,Provincia Autonoma Trento,P.A. Trento,541380,74374,13.74,0.79
1638,2021-04-14,PAT,3119,1465,1654,2231,737,151,ITH,ITH2,4,Provincia Autonoma Trento,P.A. Trento,541380,77493,14.31,0.58
1639,2021-03-28,PAT,753,294,459,705,2,46,ITH,ITH2,4,Provincia Autonoma Trento,P.A. Trento,541380,78246,14.45,0.14
1640,2021-04-09,PAT,2740,1162,1578,1473,1200,67,ITH,ITH2,4,Provincia Autonoma Trento,P.A. Trento,541380,80986,14.96,0.51
1641,2021-02-11,PAT,1135,365,770,795,339,1,ITH,ITH2,4,Provincia Autonoma Trento,P.A. Trento,541380,82121,15.17,0.21
1642,2021-02-25,PAT,1641,643,998,1190,441,10,ITH,ITH2,4,Provincia Autonoma Trento,P.A. Trento,541380,83762,15.47,0.3
1643,2020-12-30,PAT,7,3,4,7,0,0,ITH,ITH2,4,Provincia Autonoma Trento,P.A. Trento,541380,83769,15.47,0.0
1644,2021-06-05,PAT,4083,1916,2167,679,3333,71,ITH,ITH2,4,Provincia Autonoma Trento,P.A. Trento,541380,87852,16.23,0.75
1645,2021-05-22,PAT,3258,1598,1660,832,2333,93,ITH,ITH2,4,Provincia Autonoma Trento,P.A. Trento,541380,91110,16.83,0.6
1646,2021-04-23,PAT,3638,1770,1868,3405,54,179,ITH,ITH2,4,Provincia Autonoma Trento,P.A. Trento,541380,94748,17.5,0.67
1647,2021-01-30,PAT,386,132,254,152,234,0,ITH,ITH2,4,Provincia Autonoma Trento,P.A. Trento,541380,95134,17.57,0.07
1648,2021-05-10,PAT,3213,1647,1566,2498,506,209,ITH,ITH2,4,Provincia Autonoma Trento,P.A. Trento,541380,98347,18.17,0.59
1649,2021-03-18,PAT,2320,957,1363,1216,1080,24,ITH,ITH2,4,Provincia Autonoma Trento,P.A. Trento,541380,100667,18.59,0.43
1650,2021-06-09,PAT,6243,3080,3163,2085,4079,79,ITH,ITH2,4,Provincia Autonoma Trento,P.A. Trento,541380,106910,19.75,1.15
1651,2021-06-26,PAT,1391,726,665,660,713,18,ITH,ITH2,4,Provincia Autonoma Trento,P.A. Trento,541380,108301,20.0,0.26
1652,2021-02-20,PAT,407,245,162,122,284,1,ITH,ITH2,4,Provincia Autonoma Trento,P.A. Trento,541380,108708,20.08,0.08
1653,2021-01-08,PAT,1451,314,1137,1450,0,1,ITH,ITH2,4,Provincia Autonoma Trento,P.A. Trento,541380,110159,20.35,0.27
1654,2021-06-14,PAT,5743,2969,2774,2002,3626,115,ITH,ITH2,4,Provincia Autonoma Trento,P.A. Trento,541380,115902,21.41,1.06
1655,2021-03-04,PAT,2362,794,1568,1542,779,41,ITH,ITH2,4,Provincia Autonoma Trento,P.A. Trento,541380,118264,21.84,0.44
1656,2021-07-08,PAT,3957,2106,1851,2359,1437,161,ITH,ITH2,4,Provincia Autonoma Trento,P.A. Trento,541380,122221,22.58,0.73
1657,2021-02-04,PAT,976,304,672,421,554,1,ITH,ITH2,4,Provincia Autonoma Trento,P.A. Trento,541380,123197,22.76,0.18
1658,2021-04-13,PAT,2556,1059,1497,1970,507,79,ITH,ITH2,4,Provincia Autonoma Trento,P.A. Trento,541380,125753,23.23,0.47
1659,2021-01-20,PAT,292,73,219,280,12,0,ITH,ITH2,4,Provincia Autonoma Trento,P.A. Trento,541380,126045,23.28,0.05
1660,2021-04-30,PAT,4932,2406,2526,4411,153,368,ITH,ITH2,4,Provincia Autonoma Trento,P.A. Trento,541380,130977,24.19,0.91
1661,2021-05-19,PAT,5104,2460,2644,3600,1256,248,ITH,ITH2,4,Provincia Autonoma Trento,P.A. Trento,541380,136081,25.14,0.94
1662,2021-03-07,PAT,22,6,16,22,0,0,ITH,ITH2,4,Provincia Autonoma Trento,P.A. Trento,541380,136103,25.14,0.0
1663,2021-01-09,PAT,190,40,150,190,0,0,ITH,ITH2,4,Provincia Autonoma Trento,P.A. Trento,541380,136293,25.18,0.04
1664,2021-06-24,PAT,5925,3104,2821,3554,2184,187,ITH,ITH2,4,Provincia Autonoma Trento,P.A. Trento,541380,142218,26.27,1.09
1665,2021-05-12,PAT,3305,1494,1811,1953,1187,165,ITH,ITH2,4,Provincia Autonoma Trento,P.A. Trento,541380,145523,26.88,0.61
1666,2021-03-16,PAT,1391,506,885,577,783,31,ITH,ITH2,4,Provincia Autonoma Trento,P.A. Trento,541380,146914,27.14,0.26
1667,2021-05-14,PAT,5323,2544,2779,3640,1387,296,ITH,ITH2,4,Provincia Autonoma Trento,P.A. Trento,541380,152237,28.12,0.98
1668,2021-02-08,PAT,1153,319,834,342,811,0,ITH,ITH2,4,Provincia Autonoma Trento,P.A. Trento,541380,153390,28.33,0.21
1669,2021-05-29,PAT,2237,1167,1070,755,1398,84,ITH,ITH2,4,Provincia Autonoma Trento,P.A. Trento,541380,155627,28.75,0.41
1670,2021-04-02,PAT,2846,1157,1689,2010,675,161,ITH,ITH2,4,Provincia Autonoma Trento,P.A. Trento,541380,158473,29.27,0.53
1671,2021-04-16,PAT,2866,1360,1506,2566,145,155,ITH,ITH2,4,Provincia Autonoma Trento,P.A. Trento,541380,161339,29.8,0.53
1672,2021-02-18,PAT,1211,429,782,1136,63,12,ITH,ITH2,4,Provincia Autonoma Trento,P.A. Trento,541380,162550,30.03,0.22
1673,2021-01-04,PAT,872,229,643,870,0,2,ITH,ITH2,4,Provincia Autonoma Trento,P.A. Trento,541380,163422,30.19,0.16
1674,2021-07-06,PAT,5006,2634,2372,2916,1907,183,ITH,ITH2,4,Provincia Autonoma Trento,P.A. Trento,541380,168428,31.11,0.92
1675,2021-01-18,PAT,644,154,490,589,55,0,ITH,ITH2,4,Provincia Autonoma Trento,P.A. Trento,541380,169072,31.23,0.12
1676,2021-04-28,PAT,4253,1979,2274,3869,138,246,ITH,ITH2,4,Provincia Autonoma Trento,P.A. Trento,541380,173325,32.02,0.79
1677,2021-04-01,PAT,2906,1232,1674,1721,1094,91,ITH,ITH2,4,Provincia Autonoma Trento,P.A. Trento,541380,176231,32.55,0.54
1678,2021-07-10,PAT,1046,539,507,133,888,25,ITH,ITH2,4,Provincia Autonoma Trento,P.A. Trento,541380,177277,32.75,0.19
1679,2021-06-28,PAT,6759,3486,3273,2893,3809,57,ITH,ITH2,4,Provincia Autonoma Trento,P.A. Trento,541380,184036,33.99,1.25
1680,2021-04-06,PAT,2261,950,1311,1439,765,57,ITH,ITH2,4,Provincia Autonoma Trento,P.A. Trento,541380,186297,34.41,0.42
1681,2021-07-15,PAT,3995,2116,1879,1568,2304,123,ITH,ITH2,4,Provincia Autonoma Trento,P.A. Trento,541380,190292,35.15,0.74
1682,2021-01-13,PAT,421,123,298,421,0,0,ITH,ITH2,4,Provincia Autonoma Trento,P.A. Trento,541380,190713,35.23,0.08
1683,2021-04-18,PAT,1855,845,1010,1788,9,58,ITH,ITH2,4,Provincia Autonoma Trento,P.A. Trento,541380,192568,35.57,0.34
1684,2021-03-06,PAT,786,277,509,595,151,40,ITH,ITH2,4,Provincia Autonoma Trento,P.A. Trento,541380,193354,35.72,0.15
1685,2021-04-11,PAT,2340,1135,1205,2161,91,88,ITH,ITH2,4,Provincia Autonoma Trento,P.A. Trento,541380,195694,36.15,0.43
1686,2021-02-27,PAT,1031,458,573,589,422,20,ITH,ITH2,4,Provincia Autonoma Trento,P.A. Trento,541380,196725,36.34,0.19
1687,2021-01-01,PAT,214,50,164,214,0,0,ITH,ITH2,4,Provincia Autonoma Trento,P.A. Trento,541380,196939,36.38,0.04
1688,2021-06-07,PAT,5790,2881,2909,2630,2984,176,ITH,ITH2,4,Provincia Autonoma Trento,P.A. Trento,541380,202729,37.45,1.07
1689,2021-04-25,PAT,1971,940,1031,1849,7,115,ITH,ITH2,4,Provincia Autonoma Trento,P.A. Trento,541380,204700,37.81,0.36
1690,2021-01-27,PAT,810,280,530,92,716,2,ITH,ITH2,4,Provincia Autonoma Trento,P.A. Trento,541380,205510,37.96,0.15
1691,2021-02-13,PAT,537,333,204,172,365,0,ITH,ITH2,4,Provincia Autonoma Trento,P.A. Trento,541380,206047,38.06,0.1
1692,2021-05-07,PAT,6000,3086,2914,4798,841,361,ITH,ITH2,4,Provincia Autonoma Trento,P.A. Trento,541380,212047,39.17,1.11
1693,2021-04-20,PAT,2879,1377,1502,2670,36,173,ITH,ITH2,4,Provincia Autonoma Trento,P.A. Trento,541380,214926,39.7,0.53
1694,2021-05-09,PAT,2324,1210,1114,1850,344,130,ITH,ITH2,4,Provincia Autonoma Trento,P.A. Trento,541380,217250,40.13,0.43
1695,2021-02-15,PAT,534,188,346,418,114,2,ITH,ITH2,4,Provincia Autonoma Trento,P.A. Trento,541380,217784,40.23,0.1
1696,2021-05-26,PAT,3918,1843,2075,1106,2692,120,ITH,ITH2,4,Provincia Autonoma Trento,P.A. Trento,541380,221702,40.95,0.72
1697,2021-06-02,PAT,2839,1359,1480,880,1894,65,ITH,ITH2,4,Provincia Autonoma Trento,P.A. Trento,541380,224541,41.48,0.52
1698,2021-03-11,PAT,2317,863,1454,1445,829,43,ITH,ITH2,4,Provincia Autonoma Trento,P.A. Trento,541380,226858,41.9,0.43
1699,2021-07-07,PAT,4339,2325,2014,2757,1384,198,ITH,ITH2,4,Provincia Autonoma Trento,P.A. Trento,541380,231197,42.71,0.8
1700,2021-01-03,PAT,493,160,333,493,0,0,ITH,ITH2,4,Provincia Autonoma Trento,P.A. Trento,541380,231690,42.8,0.09
1701,2021-02-22,PAT,747,259,488,657,84,6,ITH,ITH2,4,Provincia Autonoma Trento,P.A. Trento,541380,232437,42.93,0.14
1702,2021-07-17,PAT,831,394,437,147,668,16,ITH,ITH2,4,Provincia Autonoma Trento,P.A. Trento,541380,233268,43.09,0.15
1703,2021-05-21,PAT,5055,2422,2633,3078,1711,266,ITH,ITH2,4,Provincia Autonoma Trento,P.A. Trento,541380,238323,44.02,0.93
1704,2021-02-01,PAT,1224,338,886,92,1132,0,ITH,ITH2,4,Provincia Autonoma Trento,P.A. Trento,541380,239547,44.25,0.23
1705,2021-02-03,PAT,847,315,532,414,433,0,ITH,ITH2,4,Provincia Autonoma Trento,P.A. Trento,541380,240394,44.4,0.16
1706,2021-05-23,PAT,1958,994,964,420,1510,28,ITH,ITH2,4,Provincia Autonoma Trento,P.A. Trento,541380,242352,44.77,0.36
1707,2021-04-10,PAT,2824,1322,1502,1949,796,79,ITH,ITH2,4,Provincia Autonoma Trento,P.A. Trento,541380,245176,45.29,0.52
1708,2021-02-12,PAT,1013,341,672,588,423,2,ITH,ITH2,4,Provincia Autonoma Trento,P.A. Trento,541380,246189,45.47,0.19
1709,2021-03-01,PAT,1237,454,783,918,295,24,ITH,ITH2,4,Provincia Autonoma Trento,P.A. Trento,541380,247426,45.7,0.23
1710,2021-03-20,PAT,874,403,471,658,203,13,ITH,ITH2,4,Provincia Autonoma Trento,P.A. Trento,541380,248300,45.86,0.16
1711,2021-03-03,PAT,1659,622,1037,1107,518,34,ITH,ITH2,4,Provincia Autonoma Trento,P.A. Trento,541380,249959,46.17,0.31
1712,2021-06-11,PAT,7201,3428,3773,1475,5624,102,ITH,ITH2,4,Provincia Autonoma Trento,P.A. Trento,541380,257160,47.5,1.33
1713,2021-06-13,PAT,3686,2033,1653,272,3391,23,ITH,ITH2,4,Provincia Autonoma Trento,P.A. Trento,541380,260846,48.18,0.68
1714,2020-12-27,PAT,103,40,63,103,0,0,ITH,ITH2,4,Provincia Autonoma Trento,P.A. Trento,541380,260949,48.2,0.02
1715,2021-05-25,PAT,4770,2269,2501,1721,2902,147,ITH,ITH2,4,Provincia Autonoma Trento,P.A. Trento,541380,265719,49.08,0.88
1716,2021-05-08,PAT,3162,1726,1436,2548,422,192,ITH,ITH2,4,Provincia Autonoma Trento,P.A. Trento,541380,268881,49.67,0.58
1717,2021-02-14,PAT,246,186,60,11,235,0,ITH,ITH2,4,Provincia Autonoma Trento,P.A. Trento,541380,269127,49.71,0.05
1718,2021-05-27,PAT,4295,1992,2303,1123,3043,129,ITH,ITH2,4,Provincia Autonoma Trento,P.A. Trento,541380,273422,50.5,0.79
1719,2021-03-23,PAT,2448,944,1504,1609,740,99,ITH,ITH2,4,Provincia Autonoma Trento,P.A. Trento,541380,275870,50.96,0.45
1720,2021-05-28,PAT,3721,1736,1985,1359,2228,134,ITH,ITH2,4,Provincia Autonoma Trento,P.A. Trento,541380,279591,51.64,0.69
1721,2021-01-25,PAT,818,215,603,24,794,0,ITH,ITH2,4,Provincia Autonoma Trento,P.A. Trento,541380,280409,51.8,0.15
1722,2021-03-25,PAT,2875,1105,1770,1719,1049,107,ITH,ITH2,4,Provincia Autonoma Trento,P.A. Trento,541380,283284,52.33,0.53
1723,2021-07-03,PAT,1256,669,587,79,1171,6,ITH,ITH2,4,Provincia Autonoma Trento,P.A. Trento,541380,284540,52.56,0.23
1724,2021-03-30,PAT,2388,973,1415,1652,637,99,ITH,ITH2,4,Provincia Autonoma Trento,P.A. Trento,541380,286928,53.0,0.44
1725,2021-06-06,PAT,2230,1062,1168,423,1785,22,ITH,ITH2,4,Provincia Autonoma Trento,P.A. Trento,541380,289158,53.41,0.41
1726,2021-07-12,PAT,4055,2030,2025,1925,1953,177,ITH,ITH2,4,Provincia Autonoma Trento,P.A. Trento,541380,293213,54.16,0.75
1727,2021-02-17,PAT,1113,425,688,1017,91,5,ITH,ITH2,4,Provincia Autonoma Trento,P.A. Trento,541380,294326,54.37,0.21
1728,2021-02-10,PAT,854,291,563,511,342,1,ITH,ITH2,4,Provincia Autonoma Trento,P.A. Trento,541380,295180,54.52,0.16
1729,2021-04-08,PAT,3141,1316,1825,1930,1119,92,ITH,ITH2,4,Provincia Autonoma Trento,P.A. Trento,541380,298321,55.1,0.58
1730,2020-12-31,PAT,1627,449,1178,1627,0,0,ITH,ITH2,4,Provincia Autonoma Trento,P.A. Trento,541380,299948,55.4,0.3
1731,2021-06-22,PAT,6189,3380,2809,3472,2535,182,ITH,ITH2,4,Provincia Autonoma Trento,P.A. Trento,541380,306137,56.55,1.14
1732,2021-03-05,PAT,2248,704,1544,1590,566,92,ITH,ITH2,4,Provincia Autonoma Trento,P.A. Trento,541380,308385,56.96,0.42
1733,2021-01-07,PAT,1272,310,962,1269,0,3,ITH,ITH2,4,Provincia Autonoma Trento,P.A. Trento,541380,309657,57.2,0.23
1734,2021-04-17,PAT,2233,1139,1094,2073,57,103,ITH,ITH2,4,Provincia Autonoma Trento,P.A. Trento,541380,311890,57.61,0.41
1735,2021-04-19,PAT,2625,1235,1390,2420,22,183,ITH,ITH2,4,Provincia Autonoma Trento,P.A. Trento,541380,314515,58.1,0.48
1736,2021-01-06,PAT,42,13,29,42,0,0,ITH,ITH2,4,Provincia Autonoma Trento,P.A. Trento,541380,314557,58.1,0.01
1737,2021-06-16,PAT,6217,3348,2869,1929,4168,120,ITH,ITH2,4,Provincia Autonoma Trento,P.A. Trento,541380,320774,59.25,1.15
1738,2021-03-15,PAT,1411,545,866,893,464,54,ITH,ITH2,4,Provincia Autonoma Trento,P.A. Trento,541380,322185,59.51,0.26
1739,2021-01-17,PAT,251,195,56,251,0,0,ITH,ITH2,4,Provincia Autonoma Trento,P.A. Trento,541380,322436,59.56,0.05
1740,2021-06-23,PAT,6516,3451,3065,4450,1872,194,ITH,ITH2,4,Provincia Autonoma Trento,P.A. Trento,541380,328952,60.76,1.2
1741,2021-05-11,PAT,3703,1752,1951,2612,852,239,ITH,ITH2,4,Provincia Autonoma Trento,P.A. Trento,541380,332655,61.45,0.68
1742,2021-04-27,PAT,3916,1882,2034,3569,69,278,ITH,ITH2,4,Provincia Autonoma Trento,P.A. Trento,541380,336571,62.17,0.72
1743,2021-06-25,PAT,7500,4020,3480,4039,3380,81,ITH,ITH2,4,Provincia Autonoma Trento,P.A. Trento,541380,344071,63.55,1.39
1744,2021-07-02,PAT,7163,3893,3270,3398,3544,221,ITH,ITH2,4,Provincia Autonoma Trento,P.A. Trento,541380,351234,64.88,1.32
1745,2021-01-15,PAT,597,132,465,596,0,1,ITH,ITH2,4,Provincia Autonoma Trento,P.A. Trento,541380,351831,64.99,0.11
1746,2021-05-20,PAT,5016,2358,2658,3104,1636,276,ITH,ITH2,4,Provincia Autonoma Trento,P.A. Trento,541380,356847,65.91,0.93
1747,2021-03-24,PAT,2377,940,1437,1444,820,113,ITH,ITH2,4,Provincia Autonoma Trento,P.A. Trento,541380,359224,66.35,0.44
1748,2021-02-09,PAT,918,287,631,442,475,1,ITH,ITH2,4,Provincia Autonoma Trento,P.A. Trento,541380,360142,66.52,0.17
1749,2021-03-17,PAT,2071,792,1279,1120,871,80,ITH,ITH2,4,Provincia Autonoma Trento,P.A. Trento,541380,362213,66.91,0.38
1750,2021-05-18,PAT,4254,2010,2244,3130,846,278,ITH,ITH2,4,Provincia Autonoma Trento,P.A. Trento,541380,366467,67.69,0.79
1751,2021-03-12,PAT,2518,940,1578,1641,806,71,ITH,ITH2,4,Provincia Autonoma Trento,P.A. Trento,541380,368985,68.16,0.47
1752,2021-06-20,PAT,1869,1034,835,27,1837,5,ITH,ITH2,4,Provincia Autonoma Trento,P.A. Trento,541380,370854,68.5,0.35
1753,2021-01-02,PAT,502,143,359,502,0,0,ITH,ITH2,4,Provincia Autonoma Trento,P.A. Trento,541380,371356,68.59,0.09
1754,2021-03-29,PAT,2494,967,1527,1640,735,119,ITH,ITH2,4,Provincia Autonoma Trento,P.A. Trento,541380,373850,69.06,0.46
1755,2021-04-12,PAT,3085,1408,1677,2468,496,121,ITH,ITH2,4,Provincia Autonoma Trento,P.A. Trento,541380,376935,69.62,0.57
1756,2021-01-21,PAT,353,95,258,229,124,0,ITH,ITH2,4,Provincia Autonoma Trento,P.A. Trento,541380,377288,69.69,0.07
1757,2021-05-01,PAT,4851,2470,2381,4531,36,284,ITH,ITH2,4,Provincia Autonoma Trento,P.A. Trento,541380,382139,70.59,0.9
1758,2021-02-21,PAT,155,92,63,43,112,0,ITH,ITH2,4,Provincia Autonoma Trento,P.A. Trento,541380,382294,70.61,0.03
1759,2021-06-15,PAT,6241,3284,2957,1592,4515,134,ITH,ITH2,4,Provincia Autonoma Trento,P.A. Trento,541380,388535,71.77,1.15
1760,2021-05-30,PAT,1770,872,898,862,840,68,ITH,ITH2,4,Provincia Autonoma Trento,P.A. Trento,541380,390305,72.09,0.33
1761,2021-04-03,PAT,1143,471,672,905,171,67,ITH,ITH2,4,Provincia Autonoma Trento,P.A. Trento,541380,391448,72.31,0.21
1762,2021-04-24,PAT,3550,1701,1849,3336,15,199,ITH,ITH2,4,Provincia Autonoma Trento,P.A. Trento,541380,394998,72.96,0.66
1763,2021-02-26,PAT,1218,435,783,900,295,23,ITH,ITH2,4,Provincia Autonoma Trento,P.A. Trento,541380,396216,73.19,0.22
1764,2021-01-14,PAT,701,203,498,699,0,2,ITH,ITH2,4,Provincia Autonoma Trento,P.A. Trento,541380,396917,73.32,0.13
1765,2021-02-28,PAT,242,121,121,232,0,10,ITH,ITH2,4,Provincia Autonoma Trento,P.A. Trento,541380,397159,73.36,0.04
1766,2021-06-08,PAT,5920,2863,3057,1751,4050,119,ITH,ITH2,4,Provincia Autonoma Trento,P.A. Trento,541380,403079,74.45,1.09
1767,2021-04-26,PAT,2660,1254,1406,2400,95,165,ITH,ITH2,4,Provincia Autonoma Trento,P.A. Trento,541380,405739,74.95,0.49
1768,2021-02-19,PAT,929,359,570,838,59,32,ITH,ITH2,4,Provincia Autonoma Trento,P.A. Trento,541380,406668,75.12,0.17
1769,2021-05-15,PAT,1569,815,754,638,890,41,ITH,ITH2,4,Provincia Autonoma Trento,P.A. Trento,541380,408237,75.41,0.29
1770,2021-06-01,PAT,4018,1879,2139,1054,2858,106,ITH,ITH2,4,Provincia Autonoma Trento,P.A. Trento,541380,412255,76.15,0.74
1771,2021-01-10,PAT,85,20,65,85,0,0,ITH,ITH2,4,Provincia Autonoma Trento,P.A. Trento,541380,412340,76.16,0.02
1772,2021-01-29,PAT,1358,334,1024,55,1303,0,ITH,ITH2,4,Provincia Autonoma Trento,P.A. Trento,541380,413698,76.42,0.25
1773,2021-07-14,PAT,3965,2067,1898,1566,2304,95,ITH,ITH2,4,Provincia Autonoma Trento,P.A. Trento,541380,417663,77.15,0.73
1774,2021-04-22,PAT,3152,1470,1682,2933,45,174,ITH,ITH2,4,Provincia Autonoma Trento,P.A. Trento,541380,420815,77.73,0.58
1775,2021-04-07,PAT,2625,1017,1608,1567,943,115,ITH,ITH2,4,Provincia Autonoma Trento,P.A. Trento,541380,423440,78.21,0.48
1776,2021-07-16,PAT,4083,2093,1990,1530,2416,137,ITH,ITH2,4,Provincia Autonoma Trento,P.A. Trento,541380,427523,78.97,0.75
1777,2021-05-04,PAT,4512,2448,2064,4123,95,294,ITH,ITH2,4,Provincia Autonoma Trento,P.A. Trento,541380,432035,79.8,0.83
1778,2021-03-08,PAT,1411,434,977,1028,354,29,ITH,ITH2,4,Provincia Autonoma Trento,P.A. Trento,541380,433446,80.06,0.26
1779,2021-03-22,PAT,2306,973,1333,1375,875,56,ITH,ITH2,4,Provincia Autonoma Trento,P.A. Trento,541380,435752,80.49,0.43
1780,2021-01-24,PAT,548,276,272,224,324,0,ITH,ITH2,4,Provincia Autonoma Trento,P.A. Trento,541380,436300,80.59,0.1
1781,2021-06-30,PAT,6674,3434,3240,2594,3999,81,ITH,ITH2,4,Provincia Autonoma Trento,P.A. Trento,541380,442974,81.82,1.23
1782,2021-01-31,PAT,76,16,60,1,75,0,ITH,ITH2,4,Provincia Autonoma Trento,P.A. Trento,541380,443050,81.84,0.01
1783,2021-07-04,PAT,211,119,92,61,148,2,ITH,ITH2,4,Provincia Autonoma Trento,P.A. Trento,541380,443261,81.88,0.04
1784,2021-02-02,PAT,910,240,670,191,719,0,ITH,ITH2,4,Provincia Autonoma Trento,P.A. Trento,541380,444171,82.04,0.17
1785,2021-07-09,PAT,4914,2613,2301,2857,1849,208,ITH,ITH2,4,Provincia Autonoma Trento,P.A. Trento,541380,449085,82.95,0.91
1786,2021-05-13,PAT,3407,1580,1827,2088,1102,217,ITH,ITH2,4,Provincia Autonoma Trento,P.A. Trento,541380,452492,83.58,0.63
1787,2021-03-31,PAT,2586,983,1603,1632,858,96,ITH,ITH2,4,Provincia Autonoma Trento,P.A. Trento,541380,455078,84.06,0.48
1788,2021-01-26,PAT,543,154,389,27,516,0,ITH,ITH2,4,Provincia Autonoma Trento,P.A. Trento,541380,455621,84.16,0.1
1789,2021-05-06,PAT,5533,2741,2792,4387,780,366,ITH,ITH2,4,Provincia Autonoma Trento,P.A. Trento,541380,461154,85.18,1.02
1790,2021-07-11,PAT,997,549,448,119,870,8,ITH,ITH2,4,Provincia Autonoma Trento,P.A. Trento,541380,462151,85.37,0.18
1791,2021-06-27,PAT,1303,698,605,359,940,4,ITH,ITH2,4,Provincia Autonoma Trento,P.A. Trento,541380,463454,85.61,0.24
1792,2021-01-12,PAT,507,158,349,506,0,1,ITH,ITH2,4,Provincia Autonoma Trento,P.A. Trento,541380,463961,85.7,0.09
1793,2021-03-19,PAT,2423,915,1508,1492,852,79,ITH,ITH2,4,Provincia Autonoma Trento,P.A. Trento,541380,466384,86.15,0.45
1794,2021-04-05,PAT,35,17,18,30,2,3,ITH,ITH2,4,Provincia Autonoma Trento,P.A. Trento,541380,466419,86.15,0.01
1795,2021-05-02,PAT,3514,1955,1559,3266,37,211,ITH,ITH2,4,Provincia Autonoma Trento,P.A. Trento,541380,469933,86.8,0.65
1796,2021-03-13,PAT,835,384,451,719,48,68,ITH,ITH2,4,Provincia Autonoma Trento,P.A. Trento,541380,470768,86.96,0.15
1797,2021-07-05,PAT,5235,2744,2491,3631,1366,238,ITH,ITH2,4,Provincia Autonoma Trento,P.A. Trento,541380,476003,87.92,0.97
1798,2021-06-21,PAT,6134,3312,2822,3557,2397,180,ITH,ITH2,4,Provincia Autonoma Trento,P.A. Trento,541380,482137,89.06,1.13
1799,2021-04-29,PAT,4651,2246,2405,4138,214,299,ITH,ITH2,4,Provincia Autonoma Trento,P.A. Trento,541380,486788,89.92,0.86
1800,2021-01-22,PAT,1674,435,1239,330,1343,1,ITH,ITH2,4,Provincia Autonoma Trento,P.A. Trento,541380,488462,90.23,0.31
1801,2021-02-05,PAT,805,272,533,283,522,0,ITH,ITH2,4,Provincia Autonoma Trento,P.A. Trento,541380,489267,90.37,0.15
1802,2021-05-16,PAT,1331,736,595,1025,239,67,ITH,ITH2,4,Provincia Autonoma Trento,P.A. Trento,541380,490598,90.62,0.25
1803,2021-01-05,PAT,711,233,478,711,0,0,ITH,ITH2,4,Provincia Autonoma Trento,P.A. Trento,541380,491309,90.75,0.13
1804,2021-04-15,PAT,3202,1443,1759,2810,154,238,ITH,ITH2,4,Provincia Autonoma Trento,P.A. Trento,541380,494511,91.34,0.59
1805,2021-06-18,PAT,6940,3692,3248,1729,5120,91,ITH,ITH2,4,Provincia Autonoma Trento,P.A. Trento,541380,501451,92.62,1.28
1806,2021-03-27,PAT,1620,710,910,1289,257,74,ITH,ITH2,4,Provincia Autonoma Trento,P.A. Trento,541380,503071,92.92,0.3
1807,2021-06-04,PAT,5834,2609,3225,1715,3997,122,ITH,ITH2,4,Provincia Autonoma Trento,P.A. Trento,541380,508905,94.0,1.08
1808,2021-02-24,PAT,1325,525,800,905,399,21,ITH,ITH2,4,Provincia Autonoma Trento,P.A. Trento,541380,510230,94.25,0.24
1809,2021-06-03,PAT,4771,2237,2534,1213,3466,92,ITH,ITH2,4,Provincia Autonoma Trento,P.A. Trento,541380,515001,95.13,0.88
1810,2021-01-19,PAT,407,77,330,407,0,0,ITH,ITH2,4,Provincia Autonoma Trento,P.A. Trento,541380,515408,95.2,0.08
1811,2021-03-10,PAT,2405,929,1476,1426,922,57,ITH,ITH2,4,Provincia Autonoma Trento,P.A. Trento,541380,517813,95.65,0.44
1812,2021-07-16,PAB,4276,2322,1954,975,3301,0,ITH,ITH1,4,Provincia Autonoma Bolzano / Bozen,P.A. Bolzano,533050,4276,0.8,0.8
1813,2021-04-24,PAB,5110,2452,2658,4607,485,18,ITH,ITH1,4,Provincia Autonoma Bolzano / Bozen,P.A. Bolzano,533050,9386,1.76,0.96
1814,2021-07-14,PAB,858,443,415,501,357,0,ITH,ITH1,4,Provincia Autonoma Bolzano / Bozen,P.A. Bolzano,533050,10244,1.92,0.16
1815,2021-04-05,PAB,301,144,157,22,278,1,ITH,ITH1,4,Provincia Autonoma Bolzano / Bozen,P.A. Bolzano,533050,10545,1.98,0.06
1816,2021-06-27,PAB,4425,2314,2111,618,3807,0,ITH,ITH1,4,Provincia Autonoma Bolzano / Bozen,P.A. Bolzano,533050,14970,2.81,0.83
1817,2021-01-12,PAB,1709,459,1250,1709,0,0,ITH,ITH1,4,Provincia Autonoma Bolzano / Bozen,P.A. Bolzano,533050,16679,3.13,0.32
1818,2021-03-22,PAB,1144,523,621,1138,5,1,ITH,ITH1,4,Provincia Autonoma Bolzano / Bozen,P.A. Bolzano,533050,17823,3.34,0.21
1819,2021-01-24,PAB,12,10,2,0,12,0,ITH,ITH1,4,Provincia Autonoma Bolzano / Bozen,P.A. Bolzano,533050,17835,3.35,0.0
1820,2021-07-04,PAB,4412,2129,2283,188,4224,0,ITH,ITH1,4,Provincia Autonoma Bolzano / Bozen,P.A. Bolzano,533050,22247,4.17,0.83
1821,2021-06-06,PAB,4536,2179,2357,858,3678,0,ITH,ITH1,4,Provincia Autonoma Bolzano / Bozen,P.A. Bolzano,533050,26783,5.02,0.85
1822,2021-02-26,PAB,1527,551,976,1494,30,3,ITH,ITH1,4,Provincia Autonoma Bolzano / Bozen,P.A. Bolzano,533050,28310,5.31,0.29
1823,2021-06-01,PAB,3635,2365,1270,2162,1473,0,ITH,ITH1,4,Provincia Autonoma Bolzano / Bozen,P.A. Bolzano,533050,31945,5.99,0.68
1824,2021-02-19,PAB,2252,512,1740,2241,11,0,ITH,ITH1,4,Provincia Autonoma Bolzano / Bozen,P.A. Bolzano,533050,34197,6.42,0.42
1825,2021-05-20,PAB,4916,2472,2444,3419,1469,28,ITH,ITH1,4,Provincia Autonoma Bolzano / Bozen,P.A. Bolzano,533050,39113,7.34,0.92
1826,2021-07-09,PAB,5196,2592,2604,1036,4160,0,ITH,ITH1,4,Provincia Autonoma Bolzano / Bozen,P.A. Bolzano,533050,44309,8.31,0.97
1827,2021-03-31,PAB,1832,694,1138,821,1011,0,ITH,ITH1,4,Provincia Autonoma Bolzano / Bozen,P.A. Bolzano,533050,46141,8.66,0.34
1828,2021-02-12,PAB,730,217,513,482,248,0,ITH,ITH1,4,Provincia Autonoma Bolzano / Bozen,P.A. Bolzano,533050,46871,8.79,0.14
1829,2021-04-10,PAB,5396,2666,2730,4802,588,6,ITH,ITH1,4,Provincia Autonoma Bolzano / Bozen,P.A. Bolzano,533050,52267,9.81,1.01
1830,2020-12-31,PAB,913,519,394,913,0,0,ITH,ITH1,4,Provincia Autonoma Bolzano / Bozen,P.A. Bolzano,533050,53180,9.98,0.17
1831,2021-04-19,PAB,1873,859,1014,1689,182,2,ITH,ITH1,4,Provincia Autonoma Bolzano / Bozen,P.A. Bolzano,533050,55053,10.33,0.35
1832,2021-06-15,PAB,2024,1167,857,492,1532,0,ITH,ITH1,4,Provincia Autonoma Bolzano / Bozen,P.A. Bolzano,533050,57077,10.71,0.38
1833,2021-04-17,PAB,5239,2602,2637,5184,44,11,ITH,ITH1,4,Provincia Autonoma Bolzano / Bozen,P.A. Bolzano,533050,62316,11.69,0.98
1834,2021-01-07,PAB,918,327,591,918,0,0,ITH,ITH1,4,Provincia Autonoma Bolzano / Bozen,P.A. Bolzano,533050,63234,11.86,0.17
1835,2021-06-20,PAB,5232,2845,2387,615,4593,24,ITH,ITH1,4,Provincia Autonoma Bolzano / Bozen,P.A. Bolzano,533050,68466,12.84,0.98
1836,2021-02-07,PAB,2362,1058,1304,14,2348,0,ITH,ITH1,4,Provincia Autonoma Bolzano / Bozen,P.A. Bolzano,533050,70828,13.29,0.44
1837,2021-05-18,PAB,3343,1754,1589,2135,1186,22,ITH,ITH1,4,Provincia Autonoma Bolzano / Bozen,P.A. Bolzano,533050,74171,13.91,0.63
1838,2021-01-26,PAB,810,291,519,1,809,0,ITH,ITH1,4,Provincia Autonoma Bolzano / Bozen,P.A. Bolzano,533050,74981,14.07,0.15
1839,2021-07-02,PAB,3195,1657,1538,1023,2172,0,ITH,ITH1,4,Provincia Autonoma Bolzano / Bozen,P.A. Bolzano,533050,78176,14.67,0.6
1840,2021-03-24,PAB,2064,999,1065,2049,13,2,ITH,ITH1,4,Provincia Autonoma Bolzano / Bozen,P.A. Bolzano,533050,80240,15.05,0.39
1841,2021-03-10,PAB,1268,529,739,1123,143,2,ITH,ITH1,4,Provincia Autonoma Bolzano / Bozen,P.A. Bolzano,533050,81508,15.29,0.24
1842,2021-05-06,PAB,5181,2747,2434,2590,2568,23,ITH,ITH1,4,Provincia Autonoma Bolzano / Bozen,P.A. Bolzano,533050,86689,16.26,0.97
1843,2021-06-29,PAB,1874,1011,863,257,1617,0,ITH,ITH1,4,Provincia Autonoma Bolzano / Bozen,P.A. Bolzano,533050,88563,16.61,0.35
1844,2021-03-21,PAB,768,285,483,14,754,0,ITH,ITH1,4,Provincia Autonoma Bolzano / Bozen,P.A. Bolzano,533050,89331,16.76,0.14
1845,2021-06-12,PAB,5057,2744,2313,1769,3288,0,ITH,ITH1,4,Provincia Autonoma Bolzano / Bozen,P.A. Bolzano,533050,94388,17.71,0.95
1846,2021-01-14,PAB,1946,575,1371,1946,0,0,ITH,ITH1,4,Provincia Autonoma Bolzano / Bozen,P.A. Bolzano,533050,96334,18.07,0.37
1847,2021-05-15,PAB,7005,3691,3314,6680,294,31,ITH,ITH1,4,Provincia Autonoma Bolzano / Bozen,P.A. Bolzano,533050,103339,19.39,1.31
1848,2021-02-04,PAB,1958,593,1365,8,1950,0,ITH,ITH1,4,Provincia Autonoma Bolzano / Bozen,P.A. Bolzano,533050,105297,19.75,0.37
1849,2021-07-11,PAB,6060,3088,2972,1191,4869,0,ITH,ITH1,4,Provincia Autonoma Bolzano / Bozen,P.A. Bolzano,533050,111357,20.89,1.14
1850,2021-03-05,PAB,1840,625,1215,1395,443,2,ITH,ITH1,4,Provincia Autonoma Bolzano / Bozen,P.A. Bolzano,533050,113197,21.24,0.35
1851,2021-05-27,PAB,6146,3236,2910,4079,2010,57,ITH,ITH1,4,Provincia Autonoma Bolzano / Bozen,P.A. Bolzano,533050,119343,22.39,1.15
1852,2021-06-13,PAB,3682,2049,1633,490,3192,0,ITH,ITH1,4,Provincia Autonoma Bolzano / Bozen,P.A. Bolzano,533050,123025,23.08,0.69
1853,2021-05-25,PAB,3859,2000,1859,2955,886,18,ITH,ITH1,4,Provincia Autonoma Bolzano / Bozen,P.A. Bolzano,533050,126884,23.8,0.72
1854,2021-02-14,PAB,297,130,167,297,0,0,ITH,ITH1,4,Provincia Autonoma Bolzano / Bozen,P.A. Bolzano,533050,127181,23.86,0.06
1855,2021-05-08,PAB,4427,2382,2045,3749,663,15,ITH,ITH1,4,Provincia Autonoma Bolzano / Bozen,P.A. Bolzano,533050,131608,24.69,0.83
1856,2021-03-03,PAB,1181,395,786,1168,13,0,ITH,ITH1,4,Provincia Autonoma Bolzano / Bozen,P.A. Bolzano,533050,132789,24.91,0.22
1857,2021-01-05,PAB,830,286,544,830,0,0,ITH,ITH1,4,Provincia Autonoma Bolzano / Bozen,P.A. Bolzano,533050,133619,25.07,0.16
1858,2021-01-23,PAB,197,117,80,0,197,0,ITH,ITH1,4,Provincia Autonoma Bolzano / Bozen,P.A. Bolzano,533050,133816,25.1,0.04
1859,2021-05-03,PAB,1831,847,984,417,1413,1,ITH,ITH1,4,Provincia Autonoma Bolzano / Bozen,P.A. Bolzano,533050,135647,25.45,0.34
1860,2021-02-23,PAB,769,324,445,763,6,0,ITH,ITH1,4,Provincia Autonoma Bolzano / Bozen,P.A. Bolzano,533050,136416,25.59,0.14
1861,2021-05-17,PAB,3139,1516,1623,2436,694,9,ITH,ITH1,4,Provincia Autonoma Bolzano / Bozen,P.A. Bolzano,533050,139555,26.18,0.59
1862,2021-06-03,PAB,4801,2614,2187,3854,947,0,ITH,ITH1,4,Provincia Autonoma Bolzano / Bozen,P.A. Bolzano,533050,144356,27.08,0.9
1863,2021-06-08,PAB,4187,2137,2050,870,3317,0,ITH,ITH1,4,Provincia Autonoma Bolzano / Bozen,P.A. Bolzano,533050,148543,27.87,0.79
1864,2021-04-28,PAB,2464,1302,1162,2444,5,15,ITH,ITH1,4,Provincia Autonoma Bolzano / Bozen,P.A. Bolzano,533050,151007,28.33,0.46
1865,2021-03-17,PAB,582,213,369,580,2,0,ITH,ITH1,4,Provincia Autonoma Bolzano / Bozen,P.A. Bolzano,533050,151589,28.44,0.11
1866,2021-05-13,PAB,2995,1355,1640,1059,1930,6,ITH,ITH1,4,Provincia Autonoma Bolzano / Bozen,P.A. Bolzano,533050,154584,29.0,0.56
1867,2021-04-29,PAB,2631,1351,1280,1925,694,12,ITH,ITH1,4,Provincia Autonoma Bolzano / Bozen,P.A. Bolzano,533050,157215,29.49,0.49
1868,2021-01-19,PAB,853,371,482,723,130,0,ITH,ITH1,4,Provincia Autonoma Bolzano / Bozen,P.A. Bolzano,533050,158068,29.65,0.16
1869,2021-06-25,PAB,4170,2304,1866,1157,3013,0,ITH,ITH1,4,Provincia Autonoma Bolzano / Bozen,P.A. Bolzano,533050,162238,30.44,0.78
1870,2021-05-01,PAB,2104,1067,1037,1940,160,4,ITH,ITH1,4,Provincia Autonoma Bolzano / Bozen,P.A. Bolzano,533050,164342,30.83,0.39
1871,2021-03-12,PAB,1664,734,930,1250,413,1,ITH,ITH1,4,Provincia Autonoma Bolzano / Bozen,P.A. Bolzano,533050,166006,31.14,0.31
1872,2021-03-29,PAB,1171,499,672,411,759,1,ITH,ITH1,4,Provincia Autonoma Bolzano / Bozen,P.A. Bolzano,533050,167177,31.36,0.22
1873,2021-04-12,PAB,2105,946,1159,2095,7,3,ITH,ITH1,4,Provincia Autonoma Bolzano / Bozen,P.A. Bolzano,533050,169282,31.76,0.39
1874,2021-03-07,PAB,114,13,101,9,105,0,ITH,ITH1,4,Provincia Autonoma Bolzano / Bozen,P.A. Bolzano,533050,169396,31.78,0.02
1875,2021-04-21,PAB,3013,1468,1545,2156,848,9,ITH,ITH1,4,Provincia Autonoma Bolzano / Bozen,P.A. Bolzano,533050,172409,32.34,0.57
1876,2021-06-24,PAB,3917,2026,1891,1727,2190,0,ITH,ITH1,4,Provincia Autonoma Bolzano / Bozen,P.A. Bolzano,533050,176326,33.08,0.73
1877,2021-04-07,PAB,1798,823,975,1255,540,3,ITH,ITH1,4,Provincia Autonoma Bolzano / Bozen,P.A. Bolzano,533050,178124,33.42,0.34
1878,2021-03-02,PAB,695,200,495,692,2,1,ITH,ITH1,4,Provincia Autonoma Bolzano / Bozen,P.A. Bolzano,533050,178819,33.55,0.13
1879,2021-03-19,PAB,1906,773,1133,794,1107,5,ITH,ITH1,4,Provincia Autonoma Bolzano / Bozen,P.A. Bolzano,533050,180725,33.9,0.36
1880,2021-07-01,PAB,4625,2296,2329,1461,3164,0,ITH,ITH1,4,Provincia Autonoma Bolzano / Bozen,P.A. Bolzano,533050,185350,34.77,0.87
1881,2021-04-02,PAB,2077,837,1240,718,1357,2,ITH,ITH1,4,Provincia Autonoma Bolzano / Bozen,P.A. Bolzano,533050,187427,35.16,0.39
1882,2021-05-29,PAB,7316,3893,3423,4150,3139,27,ITH,ITH1,4,Provincia Autonoma Bolzano / Bozen,P.A. Bolzano,533050,194743,36.53,1.37
1883,2021-03-26,PAB,1657,733,924,523,1134,0,ITH,ITH1,4,Provincia Autonoma Bolzano / Bozen,P.A. Bolzano,533050,196400,36.84,0.31
1884,2021-04-09,PAB,2937,1301,1636,2200,730,7,ITH,ITH1,4,Provincia Autonoma Bolzano / Bozen,P.A. Bolzano,533050,199337,37.4,0.55
1885,2021-05-22,PAB,6832,3562,3270,4633,2166,33,ITH,ITH1,4,Provincia Autonoma Bolzano / Bozen,P.A. Bolzano,533050,206169,38.68,1.28
1886,2021-02-11,PAB,1094,432,662,239,855,0,ITH,ITH1,4,Provincia Autonoma Bolzano / Bozen,P.A. Bolzano,533050,207263,38.88,0.21
1887,2021-05-10,PAB,3018,1300,1718,1412,1605,1,ITH,ITH1,4,Provincia Autonoma Bolzano / Bozen,P.A. Bolzano,533050,210281,39.45,0.57
1888,2021-02-16,PAB,530,205,325,530,0,0,ITH,ITH1,4,Provincia Autonoma Bolzano / Bozen,P.A. Bolzano,533050,210811,39.55,0.1
1889,2021-01-28,PAB,871,308,563,9,862,0,ITH,ITH1,4,Provincia Autonoma Bolzano / Bozen,P.A. Bolzano,533050,211682,39.71,0.16
1890,2021-07-06,PAB,1719,924,795,738,981,0,ITH,ITH1,4,Provincia Autonoma Bolzano / Bozen,P.A. Bolzano,533050,213401,40.03,0.32
1891,2021-06-22,PAB,2452,1409,1043,335,2117,0,ITH,ITH1,4,Provincia Autonoma Bolzano / Bozen,P.A. Bolzano,533050,215853,40.49,0.46
1892,2021-03-14,PAB,758,336,422,25,733,0,ITH,ITH1,4,Provincia Autonoma Bolzano / Bozen,P.A. Bolzano,533050,216611,40.64,0.14
1893,2021-04-14,PAB,3593,1645,1948,3488,91,14,ITH,ITH1,4,Provincia Autonoma Bolzano / Bozen,P.A. Bolzano,533050,220204,41.31,0.67
1894,2021-01-04,PAB,508,201,307,508,0,0,ITH,ITH1,4,Provincia Autonoma Bolzano / Bozen,P.A. Bolzano,533050,220712,41.41,0.1
1895,2021-02-06,PAB,2627,1172,1455,18,2608,1,ITH,ITH1,4,Provincia Autonoma Bolzano / Bozen,P.A. Bolzano,533050,223339,41.9,0.49
1896,2021-06-21,PAB,3162,1612,1550,295,2867,0,ITH,ITH1,4,Provincia Autonoma Bolzano / Bozen,P.A. Bolzano,533050,226501,42.49,0.59
1897,2021-01-16,PAB,2840,1265,1575,2840,0,0,ITH,ITH1,4,Provincia Autonoma Bolzano / Bozen,P.A. Bolzano,533050,229341,43.02,0.53
1898,2021-06-10,PAB,4458,2313,2145,1363,3095,0,ITH,ITH1,4,Provincia Autonoma Bolzano / Bozen,P.A. Bolzano,533050,233799,43.86,0.84
1899,2021-04-26,PAB,1543,771,772,1532,5,6,ITH,ITH1,4,Provincia Autonoma Bolzano / Bozen,P.A. Bolzano,533050,235342,44.15,0.29
1900,2021-07-10,PAB,5765,2971,2794,1030,4735,0,ITH,ITH1,4,Provincia Autonoma Bolzano / Bozen,P.A. Bolzano,533050,241107,45.23,1.08
1901,2021-01-18,PAB,1772,687,1085,1767,5,0,ITH,ITH1,4,Provincia Autonoma Bolzano / Bozen,P.A. Bolzano,533050,242879,45.56,0.33
1902,2021-03-04,PAB,1715,1005,710,1481,229,5,ITH,ITH1,4,Provincia Autonoma Bolzano / Bozen,P.A. Bolzano,533050,244594,45.89,0.32
1903,2021-05-26,PAB,4990,2517,2473,2997,1974,19,ITH,ITH1,4,Provincia Autonoma Bolzano / Bozen,P.A. Bolzano,533050,249584,46.82,0.94
1904,2021-06-14,PAB,2962,1606,1356,605,2357,0,ITH,ITH1,4,Provincia Autonoma Bolzano / Bozen,P.A. Bolzano,533050,252546,47.38,0.56
1905,2021-02-15,PAB,72,42,30,26,46,0,ITH,ITH1,4,Provincia Autonoma Bolzano / Bozen,P.A. Bolzano,533050,252618,47.39,0.01
1906,2021-05-11,PAB,2844,1335,1509,1310,1522,12,ITH,ITH1,4,Provincia Autonoma Bolzano / Bozen,P.A. Bolzano,533050,255462,47.92,0.53
1907,2021-01-29,PAB,1497,510,987,24,1473,0,ITH,ITH1,4,Provincia Autonoma Bolzano / Bozen,P.A. Bolzano,533050,256959,48.21,0.28
1908,2021-04-22,PAB,2924,1501,1423,1975,942,7,ITH,ITH1,4,Provincia Autonoma Bolzano / Bozen,P.A. Bolzano,533050,259883,48.75,0.55
1909,2021-05-09,PAB,4241,2410,1831,3084,1152,5,ITH,ITH1,4,Provincia Autonoma Bolzano / Bozen,P.A. Bolzano,533050,264124,49.55,0.8
1910,2021-03-06,PAB,3973,2081,1892,3758,211,4,ITH,ITH1,4,Provincia Autonoma Bolzano / Bozen,P.A. Bolzano,533050,268097,50.29,0.75
1911,2021-05-28,PAB,6891,3610,3281,4985,1890,16,ITH,ITH1,4,Provincia Autonoma Bolzano / Bozen,P.A. Bolzano,533050,274988,51.59,1.29
1912,2021-02-17,PAB,156,51,105,139,17,0,ITH,ITH1,4,Provincia Autonoma Bolzano / Bozen,P.A. Bolzano,533050,275144,51.62,0.03
1913,2021-01-09,PAB,612,326,286,612,0,0,ITH,ITH1,4,Provincia Autonoma Bolzano / Bozen,P.A. Bolzano,533050,275756,51.73,0.11
1914,2021-06-17,PAB,1763,977,786,684,1079,0,ITH,ITH1,4,Provincia Autonoma Bolzano / Bozen,P.A. Bolzano,533050,277519,52.06,0.33
1915,2021-01-02,PAB,91,48,43,91,0,0,ITH,ITH1,4,Provincia Autonoma Bolzano / Bozen,P.A. Bolzano,533050,277610,52.08,0.02
1916,2021-06-26,PAB,4538,2326,2212,1466,3072,0,ITH,ITH1,4,Provincia Autonoma Bolzano / Bozen,P.A. Bolzano,533050,282148,52.93,0.85
1917,2021-03-18,PAB,1302,531,771,226,1076,0,ITH,ITH1,4,Provincia Autonoma Bolzano / Bozen,P.A. Bolzano,533050,283450,53.18,0.24
1918,2021-05-14,PAB,5134,2320,2814,3086,2037,11,ITH,ITH1,4,Provincia Autonoma Bolzano / Bozen,P.A. Bolzano,533050,288584,54.14,0.96
1919,2021-03-16,PAB,1290,532,758,124,1166,0,ITH,ITH1,4,Provincia Autonoma Bolzano / Bozen,P.A. Bolzano,533050,289874,54.38,0.24
1920,2021-05-12,PAB,3792,2058,1734,3621,153,18,ITH,ITH1,4,Provincia Autonoma Bolzano / Bozen,P.A. Bolzano,533050,293666,55.09,0.71
1921,2021-02-01,PAB,1452,440,1012,12,1440,0,ITH,ITH1,4,Provincia Autonoma Bolzano / Bozen,P.A. Bolzano,533050,295118,55.36,0.27
1922,2021-05-07,PAB,4194,2062,2132,3650,528,16,ITH,ITH1,4,Provincia Autonoma Bolzano / Bozen,P.A. Bolzano,533050,299312,56.15,0.79
1923,2021-07-03,PAB,5632,2790,2842,1072,4560,0,ITH,ITH1,4,Provincia Autonoma Bolzano / Bozen,P.A. Bolzano,533050,304944,57.21,1.06
1924,2021-05-05,PAB,4155,1945,2210,2026,2116,13,ITH,ITH1,4,Provincia Autonoma Bolzano / Bozen,P.A. Bolzano,533050,309099,57.99,0.78
1925,2021-01-25,PAB,487,183,304,3,484,0,ITH,ITH1,4,Provincia Autonoma Bolzano / Bozen,P.A. Bolzano,533050,309586,58.08,0.09
1926,2021-03-23,PAB,1555,760,795,1554,1,0,ITH,ITH1,4,Provincia Autonoma Bolzano / Bozen,P.A. Bolzano,533050,311141,58.37,0.29
1927,2021-04-01,PAB,2787,1407,1380,2638,144,5,ITH,ITH1,4,Provincia Autonoma Bolzano / Bozen,P.A. Bolzano,533050,313928,58.89,0.52
1928,2021-07-05,PAB,2933,1406,1527,950,1983,0,ITH,ITH1,4,Provincia Autonoma Bolzano / Bozen,P.A. Bolzano,533050,316861,59.44,0.55
1929,2021-05-30,PAB,4764,2516,2248,749,4012,3,ITH,ITH1,4,Provincia Autonoma Bolzano / Bozen,P.A. Bolzano,533050,321625,60.34,0.89
1930,2021-07-12,PAB,3528,1753,1775,287,3241,0,ITH,ITH1,4,Provincia Autonoma Bolzano / Bozen,P.A. Bolzano,533050,325153,61.0,0.66
1931,2021-04-03,PAB,831,364,467,20,810,1,ITH,ITH1,4,Provincia Autonoma Bolzano / Bozen,P.A. Bolzano,533050,325984,61.15,0.16
1932,2021-03-25,PAB,2151,1063,1088,1707,443,1,ITH,ITH1,4,Provincia Autonoma Bolzano / Bozen,P.A. Bolzano,533050,328135,61.56,0.4
1933,2021-01-27,PAB,85,29,56,2,83,0,ITH,ITH1,4,Provincia Autonoma Bolzano / Bozen,P.A. Bolzano,533050,328220,61.57,0.02
1934,2021-02-09,PAB,317,126,191,1,316,0,ITH,ITH1,4,Provincia Autonoma Bolzano / Bozen,P.A. Bolzano,533050,328537,61.63,0.06
1935,2021-07-13,PAB,3352,1709,1643,1427,1925,0,ITH,ITH1,4,Provincia Autonoma Bolzano / Bozen,P.A. Bolzano,533050,331889,62.26,0.63
1936,2021-02-02,PAB,1745,506,1239,8,1737,0,ITH,ITH1,4,Provincia Autonoma Bolzano / Bozen,P.A. Bolzano,533050,333634,62.59,0.33
1937,2021-05-31,PAB,3000,1476,1524,2121,867,12,ITH,ITH1,4,Provincia Autonoma Bolzano / Bozen,P.A. Bolzano,533050,336634,63.15,0.56
1938,2021-01-01,PAB,6,5,1,6,0,0,ITH,ITH1,4,Provincia Autonoma Bolzano / Bozen,P.A. Bolzano,533050,336640,63.15,0.0
1939,2021-06-07,PAB,2951,1537,1414,2632,319,0,ITH,ITH1,4,Provincia Autonoma Bolzano / Bozen,P.A. Bolzano,533050,339591,63.71,0.55
1940,2021-02-18,PAB,1839,457,1382,1832,7,0,ITH,ITH1,4,Provincia Autonoma Bolzano / Bozen,P.A. Bolzano,533050,341430,64.05,0.34
1941,2020-12-30,PAB,388,182,206,388,0,0,ITH,ITH1,4,Provincia Autonoma Bolzano / Bozen,P.A. Bolzano,533050,341818,64.12,0.07
1942,2021-06-09,PAB,3813,1898,1915,1338,2475,0,ITH,ITH1,4,Provincia Autonoma Bolzano / Bozen,P.A. Bolzano,533050,345631,64.84,0.72
1943,2021-03-01,PAB,922,221,701,918,1,3,ITH,ITH1,4,Provincia Autonoma Bolzano / Bozen,P.A. Bolzano,533050,346553,65.01,0.17
1944,2021-03-15,PAB,1192,451,741,710,482,0,ITH,ITH1,4,Provincia Autonoma Bolzano / Bozen,P.A. Bolzano,533050,347745,65.24,0.22
1945,2021-04-27,PAB,2226,1013,1213,1146,1077,3,ITH,ITH1,4,Provincia Autonoma Bolzano / Bozen,P.A. Bolzano,533050,349971,65.65,0.42
1946,2021-01-17,PAB,2328,1044,1284,2317,11,0,ITH,ITH1,4,Provincia Autonoma Bolzano / Bozen,P.A. Bolzano,533050,352299,66.09,0.44
1947,2021-06-23,PAB,1149,592,557,384,765,0,ITH,ITH1,4,Provincia Autonoma Bolzano / Bozen,P.A. Bolzano,533050,353448,66.31,0.22
1948,2021-04-25,PAB,3073,1497,1576,2398,672,3,ITH,ITH1,4,Provincia Autonoma Bolzano / Bozen,P.A. Bolzano,533050,356521,66.88,0.58
1949,2021-01-13,PAB,1691,557,1134,1691,0,0,ITH,ITH1,4,Provincia Autonoma Bolzano / Bozen,P.A. Bolzano,533050,358212,67.2,0.32
1950,2021-01-30,PAB,498,245,253,4,494,0,ITH,ITH1,4,Provincia Autonoma Bolzano / Bozen,P.A. Bolzano,533050,358710,67.29,0.09
1951,2021-03-28,PAB,569,212,357,11,558,0,ITH,ITH1,4,Provincia Autonoma Bolzano / Bozen,P.A. Bolzano,533050,359279,67.4,0.11
1952,2021-06-04,PAB,6561,3295,3266,5032,1529,0,ITH,ITH1,4,Provincia Autonoma Bolzano / Bozen,P.A. Bolzano,533050,365840,68.63,1.23
1953,2021-02-24,PAB,1367,406,961,1354,12,1,ITH,ITH1,4,Provincia Autonoma Bolzano / Bozen,P.A. Bolzano,533050,367207,68.89,0.26
1954,2021-03-27,PAB,3051,1554,1497,1543,1508,0,ITH,ITH1,4,Provincia Autonoma Bolzano / Bozen,P.A. Bolzano,533050,370258,69.46,0.57
1955,2021-03-13,PAB,2885,1459,1426,2782,101,2,ITH,ITH1,4,Provincia Autonoma Bolzano / Bozen,P.A. Bolzano,533050,373143,70.0,0.54
1956,2021-02-05,PAB,3195,1181,2014,8,3187,0,ITH,ITH1,4,Provincia Autonoma Bolzano / Bozen,P.A. Bolzano,533050,376338,70.6,0.6
1957,2021-04-15,PAB,4399,2307,2092,4116,263,20,ITH,ITH1,4,Provincia Autonoma Bolzano / Bozen,P.A. Bolzano,533050,380737,71.43,0.83
1958,2021-03-09,PAB,1194,543,651,1192,2,0,ITH,ITH1,4,Provincia Autonoma Bolzano / Bozen,P.A. Bolzano,533050,381931,71.65,0.22
1959,2021-05-23,PAB,4338,2303,2035,4311,8,19,ITH,ITH1,4,Provincia Autonoma Bolzano / Bozen,P.A. Bolzano,533050,386269,72.46,0.81
1960,2021-02-03,PAB,1503,478,1025,5,1498,0,ITH,ITH1,4,Provincia Autonoma Bolzano / Bozen,P.A. Bolzano,533050,387772,72.75,0.28
1961,2021-02-10,PAB,1636,605,1031,26,1610,0,ITH,ITH1,4,Provincia Autonoma Bolzano / Bozen,P.A. Bolzano,533050,389408,73.05,0.31
1962,2021-05-21,PAB,6949,3819,3130,5069,1847,33,ITH,ITH1,4,Provincia Autonoma Bolzano / Bozen,P.A. Bolzano,533050,396357,74.36,1.3
1963,2021-05-02,PAB,2457,1288,1169,1531,921,5,ITH,ITH1,4,Provincia Autonoma Bolzano / Bozen,P.A. Bolzano,533050,398814,74.82,0.46
1964,2021-01-22,PAB,248,143,105,124,124,0,ITH,ITH1,4,Provincia Autonoma Bolzano / Bozen,P.A. Bolzano,533050,399062,74.86,0.05
1965,2021-04-23,PAB,4543,2151,2392,3244,1291,8,ITH,ITH1,4,Provincia Autonoma Bolzano / Bozen,P.A. Bolzano,533050,403605,75.72,0.85
1966,2021-01-11,PAB,1574,513,1061,1574,0,0,ITH,ITH1,4,Provincia Autonoma Bolzano / Bozen,P.A. Bolzano,533050,405179,76.01,0.3
1967,2021-07-15,PAB,4252,2234,2018,1572,2680,0,ITH,ITH1,4,Provincia Autonoma Bolzano / Bozen,P.A. Bolzano,533050,409431,76.81,0.8
1968,2021-04-06,PAB,2250,1118,1132,2146,103,1,ITH,ITH1,4,Provincia Autonoma Bolzano / Bozen,P.A. Bolzano,533050,411681,77.23,0.42
1969,2021-02-27,PAB,2458,759,1699,2445,10,3,ITH,ITH1,4,Provincia Autonoma Bolzano / Bozen,P.A. Bolzano,533050,414139,77.69,0.46
1970,2021-02-13,PAB,318,79,239,312,6,0,ITH,ITH1,4,Provincia Autonoma Bolzano / Bozen,P.A. Bolzano,533050,414457,77.75,0.06
1971,2021-04-11,PAB,2724,1294,1430,2543,177,4,ITH,ITH1,4,Provincia Autonoma Bolzano / Bozen,P.A. Bolzano,533050,417181,78.26,0.51
1972,2021-05-24,PAB,1454,766,688,1103,333,18,ITH,ITH1,4,Provincia Autonoma Bolzano / Bozen,P.A. Bolzano,533050,418635,78.54,0.27
1973,2021-02-20,PAB,1802,540,1262,1784,18,0,ITH,ITH1,4,Provincia Autonoma Bolzano / Bozen,P.A. Bolzano,533050,420437,78.87,0.34
1974,2021-04-18,PAB,3110,1607,1503,2099,1010,1,ITH,ITH1,4,Provincia Autonoma Bolzano / Bozen,P.A. Bolzano,533050,423547,79.46,0.58
1975,2021-01-15,PAB,3282,1228,2054,3282,0,0,ITH,ITH1,4,Provincia Autonoma Bolzano / Bozen,P.A. Bolzano,533050,426829,80.07,0.62
1976,2021-06-18,PAB,4157,2162,1995,1258,2899,0,ITH,ITH1,4,Provincia Autonoma Bolzano / Bozen,P.A. Bolzano,533050,430986,80.85,0.78
1977,2021-01-08,PAB,1521,479,1042,1521,0,0,ITH,ITH1,4,Provincia Autonoma Bolzano / Bozen,P.A. Bolzano,533050,432507,81.14,0.29
1978,2021-05-16,PAB,2025,932,1093,1329,692,4,ITH,ITH1,4,Provincia Autonoma Bolzano / Bozen,P.A. Bolzano,533050,434532,81.52,0.38
1979,2021-04-20,PAB,1562,784,778,1558,2,2,ITH,ITH1,4,Provincia Autonoma Bolzano / Bozen,P.A. Bolzano,533050,436094,81.81,0.29
1980,2021-01-10,PAB,2,2,0,2,0,0,ITH,ITH1,4,Provincia Autonoma Bolzano / Bozen,P.A. Bolzano,533050,436096,81.81,0.0
1981,2021-06-16,PAB,3812,2018,1794,9,3803,0,ITH,ITH1,4,Provincia Autonoma Bolzano / Bozen,P.A. Bolzano,533050,439908,82.53,0.72
1982,2021-03-08,PAB,1210,534,676,1183,27,0,ITH,ITH1,4,Provincia Autonoma Bolzano / Bozen,P.A. Bolzano,533050,441118,82.75,0.23
1983,2021-05-04,PAB,3449,1843,1606,2400,1037,12,ITH,ITH1,4,Provincia Autonoma Bolzano / Bozen,P.A. Bolzano,533050,444567,83.4,0.65
1984,2021-07-17,PAB,2597,1485,1112,323,2274,0,ITH,ITH1,4,Provincia Autonoma Bolzano / Bozen,P.A. Bolzano,533050,447164,83.89,0.49
1985,2021-04-08,PAB,2767,1347,1420,2561,204,2,ITH,ITH1,4,Provincia Autonoma Bolzano / Bozen,P.A. Bolzano,533050,449931,84.41,0.52
1986,2020-12-27,PAB,144,65,79,144,0,0,ITH,ITH1,4,Provincia Autonoma Bolzano / Bozen,P.A. Bolzano,533050,450075,84.43,0.03
1987,2021-06-30,PAB,3060,1564,1496,456,2604,0,ITH,ITH1,4,Provincia Autonoma Bolzano / Bozen,P.A. Bolzano,533050,453135,85.01,0.57
1988,2021-06-11,PAB,5783,2974,2809,2304,3479,0,ITH,ITH1,4,Provincia Autonoma Bolzano / Bozen,P.A. Bolzano,533050,458918,86.09,1.08
1989,2021-03-20,PAB,1758,849,909,1132,625,1,ITH,ITH1,4,Provincia Autonoma Bolzano / Bozen,P.A. Bolzano,533050,460676,86.42,0.33
1990,2021-06-28,PAB,4607,2304,2303,240,4367,0,ITH,ITH1,4,Provincia Autonoma Bolzano / Bozen,P.A. Bolzano,533050,465283,87.29,0.86
1991,2021-01-21,PAB,953,442,511,139,814,0,ITH,ITH1,4,Provincia Autonoma Bolzano / Bozen,P.A. Bolzano,533050,466236,87.47,0.18
1992,2021-06-05,PAB,6080,3030,3050,4984,1096,0,ITH,ITH1,4,Provincia Autonoma Bolzano / Bozen,P.A. Bolzano,533050,472316,88.61,1.14
1993,2021-04-30,PAB,3342,1594,1748,1559,1776,7,ITH,ITH1,4,Provincia Autonoma Bolzano / Bozen,P.A. Bolzano,533050,475658,89.23,0.63
1994,2021-01-20,PAB,618,253,365,410,208,0,ITH,ITH1,4,Provincia Autonoma Bolzano / Bozen,P.A. Bolzano,533050,476276,89.35,0.12
1995,2021-01-06,PAB,59,18,41,59,0,0,ITH,ITH1,4,Provincia Autonoma Bolzano / Bozen,P.A. Bolzano,533050,476335,89.36,0.01
1996,2021-03-30,PAB,1299,532,767,219,1080,0,ITH,ITH1,4,Provincia Autonoma Bolzano / Bozen,P.A. Bolzano,533050,477634,89.6,0.24
1997,2021-04-16,PAB,2951,1419,1532,2437,511,3,ITH,ITH1,4,Provincia Autonoma Bolzano / Bozen,P.A. Bolzano,533050,480585,90.16,0.55
1998,2021-07-08,PAB,5499,2778,2721,620,4879,0,ITH,ITH1,4,Provincia Autonoma Bolzano / Bozen,P.A. Bolzano,533050,486084,91.19,1.03
1999,2021-06-19,PAB,5660,3014,2646,627,5033,0,ITH,ITH1,4,Provincia Autonoma Bolzano / Bozen,P.A. Bolzano,533050,491744,92.25,1.06
2000,2021-03-11,PAB,1685,825,860,1136,538,11,ITH,ITH1,4,Provincia Autonoma Bolzano / Bozen,P.A. Bolzano,533050,493429,92.57,0.32
2001,2021-02-25,PAB,1498,549,949,1496,1,1,ITH,ITH1,4,Provincia Autonoma Bolzano / Bozen,P.A. Bolzano,533050,494927,92.85,0.28
2002,2021-06-02,PAB,1452,814,638,995,457,0,ITH,ITH1,4,Provincia Autonoma Bolzano / Bozen,P.A. Bolzano,533050,496379,93.12,0.27
2003,2021-02-08,PAB,2,1,1,1,1,0,ITH,ITH1,4,Provincia Autonoma Bolzano / Bozen,P.A. Bolzano,533050,496381,93.12,0.0
2004,2021-05-19,PAB,3849,1976,1873,2055,1786,8,ITH,ITH1,4,Provincia Autonoma Bolzano / Bozen,P.A. Bolzano,533050,500230,93.84,0.72
2005,2021-01-03,PAB,41,16,25,41,0,0,ITH,ITH1,4,Provincia Autonoma Bolzano / Bozen,P.A. Bolzano,533050,500271,93.85,0.01
2006,2021-04-13,PAB,2394,1132,1262,2385,7,2,ITH,ITH1,4,Provincia Autonoma Bolzano / Bozen,P.A. Bolzano,533050,502665,94.3,0.45
2007,2021-02-22,PAB,526,143,383,514,12,0,ITH,ITH1,4,Provincia Autonoma Bolzano / Bozen,P.A. Bolzano,533050,503191,94.4,0.1
2008,2021-07-07,PAB,1978,1026,952,644,1334,0,ITH,ITH1,4,Provincia Autonoma Bolzano / Bozen,P.A. Bolzano,533050,505169,94.77,0.37
2009,2021-01-30,FVG,2277,745,1532,270,2007,0,ITH,ITH4,6,Friuli-Venezia Giulia,Friuli Venezia Giulia,1215220,2277,0.19,0.19
2010,2021-07-13,FVG,10762,5559,5203,1045,9564,153,ITH,ITH4,6,Friuli-Venezia Giulia,Friuli Venezia Giulia,1215220,13039,1.07,0.89
2011,2021-06-26,FVG,10049,5103,4946,3894,6148,7,ITH,ITH4,6,Friuli-Venezia Giulia,Friuli Venezia Giulia,1215220,23088,1.9,0.83
2012,2021-05-24,FVG,11425,5525,5900,7556,3618,251,ITH,ITH4,6,Friuli-Venezia Giulia,Friuli Venezia Giulia,1215220,34513,2.84,0.94
2013,2021-02-13,FVG,566,179,387,559,6,1,ITH,ITH4,6,Friuli-Venezia Giulia,Friuli Venezia Giulia,1215220,35079,2.89,0.05
2014,2021-03-02,FVG,4222,1519,2703,2702,1500,20,ITH,ITH4,6,Friuli-Venezia Giulia,Friuli Venezia Giulia,1215220,39301,3.23,0.35
2015,2021-03-04,FVG,3452,1598,1854,2770,660,22,ITH,ITH4,6,Friuli-Venezia Giulia,Friuli Venezia Giulia,1215220,42753,3.52,0.28
2016,2021-06-12,FVG,8125,4656,3469,6941,1160,24,ITH,ITH4,6,Friuli-Venezia Giulia,Friuli Venezia Giulia,1215220,50878,4.19,0.67
2017,2021-03-21,FVG,2673,1001,1672,2228,409,36,ITH,ITH4,6,Friuli-Venezia Giulia,Friuli Venezia Giulia,1215220,53551,4.41,0.22
2018,2021-04-11,FVG,3433,1519,1914,2436,906,91,ITH,ITH4,6,Friuli-Venezia Giulia,Friuli Venezia Giulia,1215220,56984,4.69,0.28
2019,2021-06-07,FVG,9192,4765,4427,8174,992,26,ITH,ITH4,6,Friuli-Venezia Giulia,Friuli Venezia Giulia,1215220,66176,5.45,0.76
2020,2021-05-31,FVG,8902,4423,4479,6505,2185,212,ITH,ITH4,6,Friuli-Venezia Giulia,Friuli Venezia Giulia,1215220,75078,6.18,0.73
2021,2021-06-24,FVG,11039,5629,5410,1949,9080,10,ITH,ITH4,6,Friuli-Venezia Giulia,Friuli Venezia Giulia,1215220,86117,7.09,0.91
2022,2021-03-16,FVG,3187,1299,1888,1033,2081,73,ITH,ITH4,6,Friuli-Venezia Giulia,Friuli Venezia Giulia,1215220,89304,7.35,0.26
2023,2021-05-12,FVG,10875,5041,5834,9070,1412,393,ITH,ITH4,6,Friuli-Venezia Giulia,Friuli Venezia Giulia,1215220,100179,8.24,0.89
2024,2021-05-19,FVG,12042,5934,6108,9297,2345,400,ITH,ITH4,6,Friuli-Venezia Giulia,Friuli Venezia Giulia,1215220,112221,9.23,0.99
2025,2021-07-08,FVG,12899,6972,5927,1279,11423,197,ITH,ITH4,6,Friuli-Venezia Giulia,Friuli Venezia Giulia,1215220,125120,10.3,1.06
2026,2021-02-04,FVG,2725,808,1917,35,2690,0,ITH,ITH4,6,Friuli-Venezia Giulia,Friuli Venezia Giulia,1215220,127845,10.52,0.22
2027,2021-04-30,FVG,7349,3244,4105,3528,3651,170,ITH,ITH4,6,Friuli-Venezia Giulia,Friuli Venezia Giulia,1215220,135194,11.13,0.6
2028,2021-04-28,FVG,7301,3227,4074,3679,3492,130,ITH,ITH4,6,Friuli-Venezia Giulia,Friuli Venezia Giulia,1215220,142495,11.73,0.6
2029,2021-01-23,FVG,814,323,491,4,810,0,ITH,ITH4,6,Friuli-Venezia Giulia,Friuli Venezia Giulia,1215220,143309,11.79,0.07
2030,2021-05-05,FVG,9763,4264,5499,6054,3471,238,ITH,ITH4,6,Friuli-Venezia Giulia,Friuli Venezia Giulia,1215220,153072,12.6,0.8
2031,2021-03-28,FVG,4938,2354,2584,4727,158,53,ITH,ITH4,6,Friuli-Venezia Giulia,Friuli Venezia Giulia,1215220,158010,13.0,0.41
2032,2021-01-18,FVG,1961,606,1355,1867,94,0,ITH,ITH4,6,Friuli-Venezia Giulia,Friuli Venezia Giulia,1215220,159971,13.16,0.16
2033,2021-01-04,FVG,1507,558,949,1507,0,0,ITH,ITH4,6,Friuli-Venezia Giulia,Friuli Venezia Giulia,1215220,161478,13.29,0.12
2034,2021-02-06,FVG,1154,338,816,21,1132,1,ITH,ITH4,6,Friuli-Venezia Giulia,Friuli Venezia Giulia,1215220,162632,13.38,0.09
2035,2021-02-23,FVG,2644,1278,1366,2461,180,3,ITH,ITH4,6,Friuli-Venezia Giulia,Friuli Venezia Giulia,1215220,165276,13.6,0.22
2036,2021-02-18,FVG,3218,1492,1726,2791,407,20,ITH,ITH4,6,Friuli-Venezia Giulia,Friuli Venezia Giulia,1215220,168494,13.87,0.26
2037,2021-04-02,FVG,6594,2926,3668,4643,1838,113,ITH,ITH4,6,Friuli-Venezia Giulia,Friuli Venezia Giulia,1215220,175088,14.41,0.54
2038,2021-04-16,FVG,6963,3027,3936,4911,1926,126,ITH,ITH4,6,Friuli-Venezia Giulia,Friuli Venezia Giulia,1215220,182051,14.98,0.57
2039,2021-01-06,FVG,716,265,451,716,0,0,ITH,ITH4,6,Friuli-Venezia Giulia,Friuli Venezia Giulia,1215220,182767,15.04,0.06
2040,2021-04-21,FVG,7773,3468,4305,4018,3680,75,ITH,ITH4,6,Friuli-Venezia Giulia,Friuli Venezia Giulia,1215220,190540,15.68,0.64
2041,2021-01-11,FVG,1882,608,1274,1882,0,0,ITH,ITH4,6,Friuli-Venezia Giulia,Friuli Venezia Giulia,1215220,192422,15.83,0.15
2042,2021-07-15,FVG,9479,4850,4629,899,8337,243,ITH,ITH4,6,Friuli-Venezia Giulia,Friuli Venezia Giulia,1215220,201901,16.61,0.78
2043,2021-04-23,FVG,7472,3379,4093,3476,3866,130,ITH,ITH4,6,Friuli-Venezia Giulia,Friuli Venezia Giulia,1215220,209373,17.23,0.61
2044,2021-02-27,FVG,3531,1201,2330,3511,1,19,ITH,ITH4,6,Friuli-Venezia Giulia,Friuli Venezia Giulia,1215220,212904,17.52,0.29
2045,2021-04-25,FVG,2372,991,1381,2186,11,175,ITH,ITH4,6,Friuli-Venezia Giulia,Friuli Venezia Giulia,1215220,215276,17.71,0.2
2046,2021-01-15,FVG,2020,605,1415,2019,0,1,ITH,ITH4,6,Friuli-Venezia Giulia,Friuli Venezia Giulia,1215220,217296,17.88,0.17
2047,2021-01-27,FVG,1271,425,846,448,821,2,ITH,ITH4,6,Friuli-Venezia Giulia,Friuli Venezia Giulia,1215220,218567,17.99,0.1
2048,2021-05-07,FVG,10636,4870,5766,6946,3526,164,ITH,ITH4,6,Friuli-Venezia Giulia,Friuli Venezia Giulia,1215220,229203,18.86,0.88
2049,2021-05-09,FVG,7362,3306,4056,3374,3860,128,ITH,ITH4,6,Friuli-Venezia Giulia,Friuli Venezia Giulia,1215220,236565,19.47,0.61
2050,2021-06-19,FVG,8495,4429,4066,1362,7128,5,ITH,ITH4,6,Friuli-Venezia Giulia,Friuli Venezia Giulia,1215220,245060,20.17,0.7
2051,2021-03-11,FVG,3477,1517,1960,1714,1751,12,ITH,ITH4,6,Friuli-Venezia Giulia,Friuli Venezia Giulia,1215220,248537,20.45,0.29
2052,2021-03-14,FVG,1398,550,848,1124,252,22,ITH,ITH4,6,Friuli-Venezia Giulia,Friuli Venezia Giulia,1215220,249935,20.57,0.12
2053,2021-04-08,FVG,7446,3218,4228,5404,1922,120,ITH,ITH4,6,Friuli-Venezia Giulia,Friuli Venezia Giulia,1215220,257381,21.18,0.61
2054,2021-05-21,FVG,11211,5019,6192,7921,2972,318,ITH,ITH4,6,Friuli-Venezia Giulia,Friuli Venezia Giulia,1215220,268592,22.1,0.92
2055,2021-02-10,FVG,1350,496,854,1264,86,0,ITH,ITH4,6,Friuli-Venezia Giulia,Friuli Venezia Giulia,1215220,269942,22.21,0.11
2056,2021-07-17,FVG,4121,2221,1900,535,3503,83,ITH,ITH4,6,Friuli-Venezia Giulia,Friuli Venezia Giulia,1215220,274063,22.55,0.34
2057,2021-02-01,FVG,2098,688,1410,16,2082,0,ITH,ITH4,6,Friuli-Venezia Giulia,Friuli Venezia Giulia,1215220,276161,22.73,0.17
2058,2021-02-11,FVG,1930,664,1266,1735,192,3,ITH,ITH4,6,Friuli-Venezia Giulia,Friuli Venezia Giulia,1215220,278091,22.88,0.16
2059,2021-04-09,FVG,7916,3659,4257,6508,1248,160,ITH,ITH4,6,Friuli-Venezia Giulia,Friuli Venezia Giulia,1215220,286007,23.54,0.65
2060,2020-12-30,FVG,626,244,382,626,0,0,ITH,ITH4,6,Friuli-Venezia Giulia,Friuli Venezia Giulia,1215220,286633,23.59,0.05
2061,2021-06-05,FVG,10308,5328,4980,8745,1548,15,ITH,ITH4,6,Friuli-Venezia Giulia,Friuli Venezia Giulia,1215220,296941,24.44,0.85
2062,2021-02-25,FVG,3165,1652,1513,3112,29,24,ITH,ITH4,6,Friuli-Venezia Giulia,Friuli Venezia Giulia,1215220,300106,24.7,0.26
2063,2021-05-17,FVG,8807,4089,4718,6096,2485,226,ITH,ITH4,6,Friuli-Venezia Giulia,Friuli Venezia Giulia,1215220,308913,25.42,0.72
2064,2021-03-09,FVG,4012,1723,2289,1237,2750,25,ITH,ITH4,6,Friuli-Venezia Giulia,Friuli Venezia Giulia,1215220,312925,25.75,0.33
2065,2021-01-25,FVG,1583,567,1016,194,1389,0,ITH,ITH4,6,Friuli-Venezia Giulia,Friuli Venezia Giulia,1215220,314508,25.88,0.13
2066,2021-07-01,FVG,12211,6349,5862,2527,9416,268,ITH,ITH4,6,Friuli-Venezia Giulia,Friuli Venezia Giulia,1215220,326719,26.89,1.0
2067,2021-03-23,FVG,3892,1685,2207,1737,2141,14,ITH,ITH4,6,Friuli-Venezia Giulia,Friuli Venezia Giulia,1215220,330611,27.21,0.32
2068,2021-01-16,FVG,1230,360,870,1230,0,0,ITH,ITH4,6,Friuli-Venezia Giulia,Friuli Venezia Giulia,1215220,331841,27.31,0.1
2069,2021-07-03,FVG,11381,6072,5309,1077,10150,154,ITH,ITH4,6,Friuli-Venezia Giulia,Friuli Venezia Giulia,1215220,343222,28.24,0.94
2070,2021-03-25,FVG,5533,2424,3109,3340,2137,56,ITH,ITH4,6,Friuli-Venezia Giulia,Friuli Venezia Giulia,1215220,348755,28.7,0.46
2071,2021-06-09,FVG,11261,5924,5337,9842,1395,24,ITH,ITH4,6,Friuli-Venezia Giulia,Friuli Venezia Giulia,1215220,360016,29.63,0.93
2072,2021-03-01,FVG,2959,1041,1918,2887,53,19,ITH,ITH4,6,Friuli-Venezia Giulia,Friuli Venezia Giulia,1215220,362975,29.87,0.24
2073,2021-03-18,FVG,3374,1423,1951,1683,1683,8,ITH,ITH4,6,Friuli-Venezia Giulia,Friuli Venezia Giulia,1215220,366349,30.15,0.28
2074,2021-06-28,FVG,9824,4949,4875,2121,7684,19,ITH,ITH4,6,Friuli-Venezia Giulia,Friuli Venezia Giulia,1215220,376173,30.96,0.81
2075,2021-03-20,FVG,3404,1411,1993,1302,2091,11,ITH,ITH4,6,Friuli-Venezia Giulia,Friuli Venezia Giulia,1215220,379577,31.24,0.28
2076,2021-04-18,FVG,6048,2808,3240,5456,407,185,ITH,ITH4,6,Friuli-Venezia Giulia,Friuli Venezia Giulia,1215220,385625,31.73,0.5
2077,2021-01-08,FVG,2321,746,1575,2321,0,0,ITH,ITH4,6,Friuli-Venezia Giulia,Friuli Venezia Giulia,1215220,387946,31.92,0.19
2078,2021-06-14,FVG,10058,4856,5202,5225,4812,21,ITH,ITH4,6,Friuli-Venezia Giulia,Friuli Venezia Giulia,1215220,398004,32.75,0.83
2079,2021-02-20,FVG,2068,933,1135,1921,144,3,ITH,ITH4,6,Friuli-Venezia Giulia,Friuli Venezia Giulia,1215220,400072,32.92,0.17
2080,2021-01-22,FVG,89,29,60,0,89,0,ITH,ITH4,6,Friuli-Venezia Giulia,Friuli Venezia Giulia,1215220,400161,32.93,0.01
2081,2021-03-06,FVG,3500,1196,2304,3147,325,28,ITH,ITH4,6,Friuli-Venezia Giulia,Friuli Venezia Giulia,1215220,403661,33.22,0.29
2082,2021-05-26,FVG,13428,6705,6723,9669,3440,319,ITH,ITH4,6,Friuli-Venezia Giulia,Friuli Venezia Giulia,1215220,417089,34.32,1.1
2083,2021-02-15,FVG,2454,911,1543,2196,254,4,ITH,ITH4,6,Friuli-Venezia Giulia,Friuli Venezia Giulia,1215220,419543,34.52,0.2
2084,2021-04-20,FVG,7125,3069,4056,3096,3906,123,ITH,ITH4,6,Friuli-Venezia Giulia,Friuli Venezia Giulia,1215220,426668,35.11,0.59
2085,2021-04-13,FVG,7378,3293,4085,5649,1603,126,ITH,ITH4,6,Friuli-Venezia Giulia,Friuli Venezia Giulia,1215220,434046,35.72,0.61
2086,2021-01-03,FVG,312,122,190,312,0,0,ITH,ITH4,6,Friuli-Venezia Giulia,Friuli Venezia Giulia,1215220,434358,35.74,0.03
2087,2021-01-20,FVG,748,320,428,13,735,0,ITH,ITH4,6,Friuli-Venezia Giulia,Friuli Venezia Giulia,1215220,435106,35.8,0.06
2088,2021-02-22,FVG,2485,1193,1292,2064,418,3,ITH,ITH4,6,Friuli-Venezia Giulia,Friuli Venezia Giulia,1215220,437591,36.01,0.2
2089,2021-06-02,FVG,9413,4952,4461,9120,280,13,ITH,ITH4,6,Friuli-Venezia Giulia,Friuli Venezia Giulia,1215220,447004,36.78,0.77
2090,2021-02-07,FVG,1564,482,1082,384,1179,1,ITH,ITH4,6,Friuli-Venezia Giulia,Friuli Venezia Giulia,1215220,448568,36.91,0.13
2091,2021-05-18,FVG,10792,5396,5396,8383,2079,330,ITH,ITH4,6,Friuli-Venezia Giulia,Friuli Venezia Giulia,1215220,459360,37.8,0.89
2092,2021-06-01,FVG,10107,5117,4990,7957,2123,27,ITH,ITH4,6,Friuli-Venezia Giulia,Friuli Venezia Giulia,1215220,469467,38.63,0.83
2093,2021-06-20,FVG,6506,3224,3282,1562,4934,10,ITH,ITH4,6,Friuli-Venezia Giulia,Friuli Venezia Giulia,1215220,475973,39.17,0.54
2094,2021-05-14,FVG,10761,5360,5401,7889,2596,276,ITH,ITH4,6,Friuli-Venezia Giulia,Friuli Venezia Giulia,1215220,486734,40.05,0.89
2095,2021-02-03,FVG,2648,791,1857,22,2625,1,ITH,ITH4,6,Friuli-Venezia Giulia,Friuli Venezia Giulia,1215220,489382,40.27,0.22
2096,2021-02-08,FVG,2356,694,1662,90,2265,1,ITH,ITH4,6,Friuli-Venezia Giulia,Friuli Venezia Giulia,1215220,491738,40.46,0.19
2097,2021-06-13,FVG,8653,4503,4150,5313,3323,17,ITH,ITH4,6,Friuli-Venezia Giulia,Friuli Venezia Giulia,1215220,500391,41.18,0.71
2098,2021-04-17,FVG,7457,3238,4219,5815,1483,159,ITH,ITH4,6,Friuli-Venezia Giulia,Friuli Venezia Giulia,1215220,507848,41.79,0.61
2099,2021-04-10,FVG,5049,2213,2836,3758,1225,66,ITH,ITH4,6,Friuli-Venezia Giulia,Friuli Venezia Giulia,1215220,512897,42.21,0.42
2100,2021-05-23,FVG,10278,4858,5420,5930,4150,198,ITH,ITH4,6,Friuli-Venezia Giulia,Friuli Venezia Giulia,1215220,523175,43.05,0.85
2101,2021-01-13,FVG,2650,834,1816,2650,0,0,ITH,ITH4,6,Friuli-Venezia Giulia,Friuli Venezia Giulia,1215220,525825,43.27,0.22
2102,2021-04-06,FVG,6675,3130,3545,5427,1152,96,ITH,ITH4,6,Friuli-Venezia Giulia,Friuli Venezia Giulia,1215220,532500,43.82,0.55
2103,2020-12-27,FVG,262,149,113,261,0,1,ITH,ITH4,6,Friuli-Venezia Giulia,Friuli Venezia Giulia,1215220,532762,43.84,0.02
2104,2021-02-12,FVG,1193,428,765,1142,47,4,ITH,ITH4,6,Friuli-Venezia Giulia,Friuli Venezia Giulia,1215220,533955,43.94,0.1
2105,2021-05-25,FVG,12922,6384,6538,9294,3312,316,ITH,ITH4,6,Friuli-Venezia Giulia,Friuli Venezia Giulia,1215220,546877,45.0,1.06
2106,2021-06-11,FVG,10826,5894,4932,9966,829,31,ITH,ITH4,6,Friuli-Venezia Giulia,Friuli Venezia Giulia,1215220,557703,45.89,0.89
2107,2021-03-03,FVG,3646,1634,2012,2357,1275,14,ITH,ITH4,6,Friuli-Venezia Giulia,Friuli Venezia Giulia,1215220,561349,46.19,0.3
2108,2021-05-27,FVG,12829,6142,6687,7410,5230,189,ITH,ITH4,6,Friuli-Venezia Giulia,Friuli Venezia Giulia,1215220,574178,47.25,1.06
2109,2021-01-28,FVG,2241,794,1447,355,1886,0,ITH,ITH4,6,Friuli-Venezia Giulia,Friuli Venezia Giulia,1215220,576419,47.43,0.18
2110,2021-05-08,FVG,10277,4648,5629,5313,4784,180,ITH,ITH4,6,Friuli-Venezia Giulia,Friuli Venezia Giulia,1215220,586696,48.28,0.85
2111,2021-02-14,FVG,1,0,1,0,1,0,ITH,ITH4,6,Friuli-Venezia Giulia,Friuli Venezia Giulia,1215220,586697,48.28,0.0
2112,2021-03-30,FVG,7230,3256,3974,6192,926,112,ITH,ITH4,6,Friuli-Venezia Giulia,Friuli Venezia Giulia,1215220,593927,48.87,0.59
2113,2021-07-10,FVG,8763,4514,4249,132,8603,28,ITH,ITH4,6,Friuli-Venezia Giulia,Friuli Venezia Giulia,1215220,602690,49.6,0.72
2114,2021-04-01,FVG,6423,3069,3354,5338,1015,70,ITH,ITH4,6,Friuli-Venezia Giulia,Friuli Venezia Giulia,1215220,609113,50.12,0.53
2115,2021-05-28,FVG,10613,5088,5525,6253,4112,248,ITH,ITH4,6,Friuli-Venezia Giulia,Friuli Venezia Giulia,1215220,619726,51.0,0.87
2116,2021-07-12,FVG,9866,5069,4797,1027,8681,158,ITH,ITH4,6,Friuli-Venezia Giulia,Friuli Venezia Giulia,1215220,629592,51.81,0.81
2117,2021-02-19,FVG,3255,1292,1963,2816,427,12,ITH,ITH4,6,Friuli-Venezia Giulia,Friuli Venezia Giulia,1215220,632847,52.08,0.27
2118,2021-04-24,FVG,6682,2950,3732,5209,1244,229,ITH,ITH4,6,Friuli-Venezia Giulia,Friuli Venezia Giulia,1215220,639529,52.63,0.55
2119,2021-06-06,FVG,9477,4624,4853,7910,1563,4,ITH,ITH4,6,Friuli-Venezia Giulia,Friuli Venezia Giulia,1215220,649006,53.41,0.78
2120,2021-02-26,FVG,3735,2093,1642,3560,148,27,ITH,ITH4,6,Friuli-Venezia Giulia,Friuli Venezia Giulia,1215220,652741,53.71,0.31
2121,2021-01-07,FVG,2093,718,1375,2093,0,0,ITH,ITH4,6,Friuli-Venezia Giulia,Friuli Venezia Giulia,1215220,654834,53.89,0.17
2122,2021-03-05,FVG,3775,1513,2262,2634,1076,65,ITH,ITH4,6,Friuli-Venezia Giulia,Friuli Venezia Giulia,1215220,658609,54.2,0.31
2123,2021-04-19,FVG,6721,3137,3584,3216,3417,88,ITH,ITH4,6,Friuli-Venezia Giulia,Friuli Venezia Giulia,1215220,665330,54.75,0.55
2124,2021-01-09,FVG,2513,841,1672,2511,0,2,ITH,ITH4,6,Friuli-Venezia Giulia,Friuli Venezia Giulia,1215220,667843,54.96,0.21
2125,2021-06-15,FVG,11805,5977,5828,5314,6483,8,ITH,ITH4,6,Friuli-Venezia Giulia,Friuli Venezia Giulia,1215220,679648,55.93,0.97
2126,2021-03-07,FVG,2545,932,1613,2489,1,55,ITH,ITH4,6,Friuli-Venezia Giulia,Friuli Venezia Giulia,1215220,682193,56.14,0.21
2127,2020-12-31,FVG,1048,381,667,1047,0,1,ITH,ITH4,6,Friuli-Venezia Giulia,Friuli Venezia Giulia,1215220,683241,56.22,0.09
2128,2021-06-17,FVG,11325,5717,5608,2308,9012,5,ITH,ITH4,6,Friuli-Venezia Giulia,Friuli Venezia Giulia,1215220,694566,57.16,0.93
2129,2021-06-16,FVG,12106,5879,6227,4077,8019,10,ITH,ITH4,6,Friuli-Venezia Giulia,Friuli Venezia Giulia,1215220,706672,58.15,1.0
2130,2021-06-23,FVG,12048,5827,6221,2113,9930,5,ITH,ITH4,6,Friuli-Venezia Giulia,Friuli Venezia Giulia,1215220,718720,59.14,0.99
2131,2021-04-27,FVG,8116,3726,4390,3535,4486,95,ITH,ITH4,6,Friuli-Venezia Giulia,Friuli Venezia Giulia,1215220,726836,59.81,0.67
2132,2021-05-04,FVG,9548,4304,5244,5985,3361,202,ITH,ITH4,6,Friuli-Venezia Giulia,Friuli Venezia Giulia,1215220,736384,60.6,0.79
2133,2021-01-24,FVG,305,119,186,1,304,0,ITH,ITH4,6,Friuli-Venezia Giulia,Friuli Venezia Giulia,1215220,736689,60.62,0.03
2134,2021-06-30,FVG,13143,6691,6452,1367,11592,184,ITH,ITH4,6,Friuli-Venezia Giulia,Friuli Venezia Giulia,1215220,749832,61.7,1.08
2135,2021-03-08,FVG,4122,1643,2479,2022,2086,14,ITH,ITH4,6,Friuli-Venezia Giulia,Friuli Venezia Giulia,1215220,753954,62.04,0.34
2136,2021-03-22,FVG,3661,1448,2213,1674,1954,33,ITH,ITH4,6,Friuli-Venezia Giulia,Friuli Venezia Giulia,1215220,757615,62.34,0.3
2137,2021-05-06,FVG,11921,5539,6382,7687,3972,262,ITH,ITH4,6,Friuli-Venezia Giulia,Friuli Venezia Giulia,1215220,769536,63.32,0.98
2138,2021-07-02,FVG,10917,5643,5274,1934,8779,204,ITH,ITH4,6,Friuli-Venezia Giulia,Friuli Venezia Giulia,1215220,780453,64.22,0.9
2139,2021-06-25,FVG,10737,5404,5333,2195,8535,7,ITH,ITH4,6,Friuli-Venezia Giulia,Friuli Venezia Giulia,1215220,791190,65.11,0.88
2140,2021-07-09,FVG,11751,6226,5525,1990,9465,296,ITH,ITH4,6,Friuli-Venezia Giulia,Friuli Venezia Giulia,1215220,802941,66.07,0.97
2141,2021-03-17,FVG,3237,1268,1969,739,2492,6,ITH,ITH4,6,Friuli-Venezia Giulia,Friuli Venezia Giulia,1215220,806178,66.34,0.27
2142,2021-05-13,FVG,11162,5384,5778,8735,2065,362,ITH,ITH4,6,Friuli-Venezia Giulia,Friuli Venezia Giulia,1215220,817340,67.26,0.92
2143,2021-02-16,FVG,2516,1135,1381,2397,116,3,ITH,ITH4,6,Friuli-Venezia Giulia,Friuli Venezia Giulia,1215220,819856,67.47,0.21
2144,2021-01-10,FVG,2940,918,2022,2940,0,0,ITH,ITH4,6,Friuli-Venezia Giulia,Friuli Venezia Giulia,1215220,822796,67.71,0.24
2145,2021-07-14,FVG,10629,5426,5203,1153,9277,199,ITH,ITH4,6,Friuli-Venezia Giulia,Friuli Venezia Giulia,1215220,833425,68.58,0.87
2146,2021-04-05,FVG,2895,1438,1457,2830,15,50,ITH,ITH4,6,Friuli-Venezia Giulia,Friuli Venezia Giulia,1215220,836320,68.82,0.24
2147,2021-01-12,FVG,2257,713,1544,2257,0,0,ITH,ITH4,6,Friuli-Venezia Giulia,Friuli Venezia Giulia,1215220,838577,69.01,0.19
2148,2021-01-29,FVG,2412,813,1599,264,2148,0,ITH,ITH4,6,Friuli-Venezia Giulia,Friuli Venezia Giulia,1215220,840989,69.2,0.2
2149,2021-04-22,FVG,6790,3088,3702,3043,3689,58,ITH,ITH4,6,Friuli-Venezia Giulia,Friuli Venezia Giulia,1215220,847779,69.76,0.56
2150,2021-05-10,FVG,7941,3529,4412,6234,1542,165,ITH,ITH4,6,Friuli-Venezia Giulia,Friuli Venezia Giulia,1215220,855720,70.42,0.65
2151,2021-03-29,FVG,7022,3126,3896,5378,1582,62,ITH,ITH4,6,Friuli-Venezia Giulia,Friuli Venezia Giulia,1215220,862742,70.99,0.58
2152,2021-07-07,FVG,11233,5752,5481,1394,9707,132,ITH,ITH4,6,Friuli-Venezia Giulia,Friuli Venezia Giulia,1215220,873975,71.92,0.92
2153,2021-05-15,FVG,12668,6112,6556,7693,4699,276,ITH,ITH4,6,Friuli-Venezia Giulia,Friuli Venezia Giulia,1215220,886643,72.96,1.04
2154,2021-05-01,FVG,7196,3246,3950,5898,1045,253,ITH,ITH4,6,Friuli-Venezia Giulia,Friuli Venezia Giulia,1215220,893839,73.55,0.59
2155,2021-01-21,FVG,896,345,551,1,895,0,ITH,ITH4,6,Friuli-Venezia Giulia,Friuli Venezia Giulia,1215220,894735,73.63,0.07
2156,2021-02-21,FVG,801,281,520,421,378,2,ITH,ITH4,6,Friuli-Venezia Giulia,Friuli Venezia Giulia,1215220,895536,73.69,0.07
2157,2021-07-04,FVG,9181,4708,4473,2732,6185,264,ITH,ITH4,6,Friuli-Venezia Giulia,Friuli Venezia Giulia,1215220,904717,74.45,0.76
2158,2021-03-26,FVG,6006,2607,3399,3831,2018,157,ITH,ITH4,6,Friuli-Venezia Giulia,Friuli Venezia Giulia,1215220,910723,74.94,0.49
2159,2021-03-12,FVG,4102,1696,2406,2698,1381,23,ITH,ITH4,6,Friuli-Venezia Giulia,Friuli Venezia Giulia,1215220,914825,75.28,0.34
2160,2021-01-02,FVG,1216,470,746,1216,0,0,ITH,ITH4,6,Friuli-Venezia Giulia,Friuli Venezia Giulia,1215220,916041,75.38,0.1
2161,2021-06-22,FVG,11515,5934,5581,2426,9080,9,ITH,ITH4,6,Friuli-Venezia Giulia,Friuli Venezia Giulia,1215220,927556,76.33,0.95
2162,2021-02-17,FVG,2355,1000,1355,1873,480,2,ITH,ITH4,6,Friuli-Venezia Giulia,Friuli Venezia Giulia,1215220,929911,76.52,0.19
2163,2021-05-30,FVG,11062,4990,6072,7244,3588,230,ITH,ITH4,6,Friuli-Venezia Giulia,Friuli Venezia Giulia,1215220,940973,77.43,0.91
2164,2021-05-03,FVG,7216,3290,3926,3316,3785,115,ITH,ITH4,6,Friuli-Venezia Giulia,Friuli Venezia Giulia,1215220,948189,78.03,0.59
2165,2021-01-14,FVG,2584,789,1795,2581,0,3,ITH,ITH4,6,Friuli-Venezia Giulia,Friuli Venezia Giulia,1215220,950773,78.24,0.21
2166,2021-06-08,FVG,10472,5483,4989,9988,448,36,ITH,ITH4,6,Friuli-Venezia Giulia,Friuli Venezia Giulia,1215220,961245,79.1,0.86
2167,2021-02-28,FVG,2686,1003,1683,2265,394,27,ITH,ITH4,6,Friuli-Venezia Giulia,Friuli Venezia Giulia,1215220,963931,79.32,0.22
2168,2021-04-12,FVG,7272,3188,4084,6000,1132,140,ITH,ITH4,6,Friuli-Venezia Giulia,Friuli Venezia Giulia,1215220,971203,79.92,0.6
2169,2021-04-03,FVG,4019,1992,2027,2639,1337,43,ITH,ITH4,6,Friuli-Venezia Giulia,Friuli Venezia Giulia,1215220,975222,80.25,0.33
2170,2021-06-10,FVG,11088,5808,5280,10026,1038,24,ITH,ITH4,6,Friuli-Venezia Giulia,Friuli Venezia Giulia,1215220,986310,81.16,0.91
2171,2021-03-19,FVG,3251,1350,1901,1301,1936,14,ITH,ITH4,6,Friuli-Venezia Giulia,Friuli Venezia Giulia,1215220,989561,81.43,0.27
2172,2021-06-27,FVG,7339,3660,3679,3521,3816,2,ITH,ITH4,6,Friuli-Venezia Giulia,Friuli Venezia Giulia,1215220,996900,82.03,0.6
2173,2021-01-17,FVG,1715,522,1193,1713,0,2,ITH,ITH4,6,Friuli-Venezia Giulia,Friuli Venezia Giulia,1215220,998615,82.18,0.14
2174,2021-03-15,FVG,3951,1809,2142,1612,2321,18,ITH,ITH4,6,Friuli-Venezia Giulia,Friuli Venezia Giulia,1215220,1002566,82.5,0.33
2175,2021-05-11,FVG,9040,4339,4701,7017,1806,217,ITH,ITH4,6,Friuli-Venezia Giulia,Friuli Venezia Giulia,1215220,1011606,83.24,0.74
2176,2021-01-31,FVG,2717,838,1879,385,2332,0,ITH,ITH4,6,Friuli-Venezia Giulia,Friuli Venezia Giulia,1215220,1014323,83.47,0.22
2177,2021-05-29,FVG,12025,5848,6177,6802,4987,236,ITH,ITH4,6,Friuli-Venezia Giulia,Friuli Venezia Giulia,1215220,1026348,84.46,0.99
2178,2021-07-11,FVG,6657,3494,3163,2181,4161,315,ITH,ITH4,6,Friuli-Venezia Giulia,Friuli Venezia Giulia,1215220,1033005,85.01,0.55
2179,2021-04-26,FVG,5464,2451,3013,3695,1650,119,ITH,ITH4,6,Friuli-Venezia Giulia,Friuli Venezia Giulia,1215220,1038469,85.46,0.45
2180,2021-03-24,FVG,3977,1720,2257,2466,1481,30,ITH,ITH4,6,Friuli-Venezia Giulia,Friuli Venezia Giulia,1215220,1042446,85.78,0.33
2181,2021-05-20,FVG,12706,6317,6389,9812,2519,375,ITH,ITH4,6,Friuli-Venezia Giulia,Friuli Venezia Giulia,1215220,1055152,86.83,1.05
2182,2021-01-26,FVG,1977,647,1330,216,1760,1,ITH,ITH4,6,Friuli-Venezia Giulia,Friuli Venezia Giulia,1215220,1057129,86.99,0.16
2183,2021-02-09,FVG,1842,555,1287,1556,286,0,ITH,ITH4,6,Friuli-Venezia Giulia,Friuli Venezia Giulia,1215220,1058971,87.14,0.15
2184,2021-02-02,FVG,2467,806,1661,217,2250,0,ITH,ITH4,6,Friuli-Venezia Giulia,Friuli Venezia Giulia,1215220,1061438,87.35,0.2
2185,2021-03-31,FVG,8139,3570,4569,7179,846,114,ITH,ITH4,6,Friuli-Venezia Giulia,Friuli Venezia Giulia,1215220,1069577,88.02,0.67
2186,2021-05-22,FVG,11584,5203,6381,7099,4239,246,ITH,ITH4,6,Friuli-Venezia Giulia,Friuli Venezia Giulia,1215220,1081161,88.97,0.95
2187,2021-06-29,FVG,11273,5747,5526,1156,9999,118,ITH,ITH4,6,Friuli-Venezia Giulia,Friuli Venezia Giulia,1215220,1092434,89.9,0.93
2188,2021-07-16,FVG,9070,4883,4187,1442,7483,145,ITH,ITH4,6,Friuli-Venezia Giulia,Friuli Venezia Giulia,1215220,1101504,90.64,0.75
2189,2021-04-07,FVG,7830,3627,4203,6942,782,106,ITH,ITH4,6,Friuli-Venezia Giulia,Friuli Venezia Giulia,1215220,1109334,91.29,0.64
2190,2021-06-04,FVG,12059,6198,5861,10636,1386,37,ITH,ITH4,6,Friuli-Venezia Giulia,Friuli Venezia Giulia,1215220,1121393,92.28,0.99
2191,2021-07-05,FVG,9467,4817,4650,1281,8040,146,ITH,ITH4,6,Friuli-Venezia Giulia,Friuli Venezia Giulia,1215220,1130860,93.06,0.78
2192,2021-06-21,FVG,9145,4467,4678,1895,7242,8,ITH,ITH4,6,Friuli-Venezia Giulia,Friuli Venezia Giulia,1215220,1140005,93.81,0.75
2193,2021-03-13,FVG,2943,1124,1819,1658,1273,12,ITH,ITH4,6,Friuli-Venezia Giulia,Friuli Venezia Giulia,1215220,1142948,94.05,0.24
2194,2021-05-02,FVG,6898,3248,3650,3810,2958,130,ITH,ITH4,6,Friuli-Venezia Giulia,Friuli Venezia Giulia,1215220,1149846,94.62,0.57
2195,2021-05-16,FVG,9996,4782,5214,8369,1400,227,ITH,ITH4,6,Friuli-Venezia Giulia,Friuli Venezia Giulia,1215220,1159842,95.44,0.82
2196,2021-06-18,FVG,10689,5237,5452,3382,7293,14,ITH,ITH4,6,Friuli-Venezia Giulia,Friuli Venezia Giulia,1215220,1170531,96.32,0.88
2197,2021-03-10,FVG,3590,1701,1889,1743,1794,53,ITH,ITH4,6,Friuli-Venezia Giulia,Friuli Venezia Giulia,1215220,1174121,96.62,0.3
2198,2021-02-24,FVG,2524,1088,1436,2496,18,10,ITH,ITH4,6,Friuli-Venezia Giulia,Friuli Venezia Giulia,1215220,1176645,96.83,0.21
2199,2021-03-27,FVG,5377,2918,2459,3939,1411,27,ITH,ITH4,6,Friuli-Venezia Giulia,Friuli Venezia Giulia,1215220,1182022,97.27,0.44
2200,2021-04-15,FVG,6514,2878,3636,5106,1270,138,ITH,ITH4,6,Friuli-Venezia Giulia,Friuli Venezia Giulia,1215220,1188536,97.8,0.54
2201,2021-04-29,FVG,6761,2980,3781,3975,2592,194,ITH,ITH4,6,Friuli-Venezia Giulia,Friuli Venezia Giulia,1215220,1195297,98.36,0.56
2202,2021-01-05,FVG,1678,551,1127,1677,0,1,ITH,ITH4,6,Friuli-Venezia Giulia,Friuli Venezia Giulia,1215220,1196975,98.5,0.14
2203,2021-02-05,FVG,2610,784,1826,89,2521,0,ITH,ITH4,6,Friuli-Venezia Giulia,Friuli Venezia Giulia,1215220,1199585,98.71,0.21
2204,2021-04-14,FVG,7241,3129,4112,5413,1712,116,ITH,ITH4,6,Friuli-Venezia Giulia,Friuli Venezia Giulia,1215220,1206826,99.31,0.6
2205,2021-07-06,FVG,11141,5823,5318,1324,9703,114,ITH,ITH4,6,Friuli-Venezia Giulia,Friuli Venezia Giulia,1215220,1217967,100.23,0.92
2206,2021-06-03,FVG,12394,6726,5668,10274,2082,38,ITH,ITH4,6,Friuli-Venezia Giulia,Friuli Venezia Giulia,1215220,1230361,101.25,1.02
2207,2021-01-19,FVG,6,2,4,6,0,0,ITH,ITH4,6,Friuli-Venezia Giulia,Friuli Venezia Giulia,1215220,1230367,101.25,0.0
2208,2021-07-15,PIE,42249,21868,20381,4229,37778,242,ITC,ITC1,1,Piemonte,Piemonte,4356406,42249,0.97,0.97
2209,2021-04-23,PIE,27413,12594,14819,19967,6759,687,ITC,ITC1,1,Piemonte,Piemonte,4356406,69662,1.6,0.63
2210,2021-05-24,PIE,28972,13418,15554,16632,11962,378,ITC,ITC1,1,Piemonte,Piemonte,4356406,98634,2.26,0.67
2211,2021-03-02,PIE,11244,4547,6697,10244,815,185,ITC,ITC1,1,Piemonte,Piemonte,4356406,109878,2.52,0.26
2212,2021-06-07,PIE,34888,17862,17026,30091,4792,5,ITC,ITC1,1,Piemonte,Piemonte,4356406,144766,3.32,0.8
2213,2020-12-28,PIE,1,1,0,1,0,0,ITC,ITC1,1,Piemonte,Piemonte,4356406,144767,3.32,0.0
2214,2021-05-19,PIE,33135,15296,17839,21434,11121,580,ITC,ITC1,1,Piemonte,Piemonte,4356406,177902,4.08,0.76
2215,2021-03-14,PIE,8201,3335,4866,5170,2896,135,ITC,ITC1,1,Piemonte,Piemonte,4356406,186103,4.27,0.19
2216,2021-05-10,PIE,28949,13953,14996,15414,13107,428,ITC,ITC1,1,Piemonte,Piemonte,4356406,215052,4.94,0.66
2217,2021-01-30,PIE,5980,2135,3845,216,5763,1,ITC,ITC1,1,Piemonte,Piemonte,4356406,221032,5.07,0.14
2218,2021-06-24,PIE,39152,19642,19510,18871,20279,2,ITC,ITC1,1,Piemonte,Piemonte,4356406,260184,5.97,0.9
2219,2021-03-16,PIE,10512,4269,6243,4370,6051,91,ITC,ITC1,1,Piemonte,Piemonte,4356406,270696,6.21,0.24
2220,2021-05-12,PIE,31881,15183,16698,18369,12897,615,ITC,ITC1,1,Piemonte,Piemonte,4356406,302577,6.95,0.73
2221,2021-06-19,PIE,40007,20299,19708,23358,16645,4,ITC,ITC1,1,Piemonte,Piemonte,4356406,342584,7.86,0.92
2222,2021-02-04,PIE,10200,3339,6861,581,9617,2,ITC,ITC1,1,Piemonte,Piemonte,4356406,352784,8.1,0.23
2223,2021-03-23,PIE,13181,5556,7625,6635,6242,304,ITC,ITC1,1,Piemonte,Piemonte,4356406,365965,8.4,0.3
2224,2021-01-16,PIE,7761,2624,5137,7754,0,7,ITC,ITC1,1,Piemonte,Piemonte,4356406,373726,8.58,0.18
2225,2021-07-08,PIE,40832,20881,19951,7952,32861,19,ITC,ITC1,1,Piemonte,Piemonte,4356406,414558,9.52,0.94
2226,2021-01-23,PIE,4254,1325,2929,876,3376,2,ITC,ITC1,1,Piemonte,Piemonte,4356406,418812,9.61,0.1
2227,2021-07-06,PIE,38255,19376,18879,9178,29075,2,ITC,ITC1,1,Piemonte,Piemonte,4356406,457067,10.49,0.88
2228,2021-03-28,PIE,16055,6897,9158,8113,7621,321,ITC,ITC1,1,Piemonte,Piemonte,4356406,473122,10.86,0.37
2229,2021-04-11,PIE,20823,9319,11504,18221,2149,453,ITC,ITC1,1,Piemonte,Piemonte,4356406,493945,11.34,0.48
2230,2021-01-04,PIE,5558,1676,3882,5557,0,1,ITC,ITC1,1,Piemonte,Piemonte,4356406,499503,11.47,0.13
2231,2021-04-28,PIE,26025,11728,14297,15458,10032,535,ITC,ITC1,1,Piemonte,Piemonte,4356406,525528,12.06,0.6
2232,2021-01-18,PIE,6164,2046,4118,5911,249,4,ITC,ITC1,1,Piemonte,Piemonte,4356406,531692,12.2,0.14
2233,2021-02-11,PIE,6756,2105,4651,2979,3758,19,ITC,ITC1,1,Piemonte,Piemonte,4356406,538448,12.36,0.16
2234,2021-04-09,PIE,25847,11384,14463,20792,4503,552,ITC,ITC1,1,Piemonte,Piemonte,4356406,564295,12.95,0.59
2235,2020-12-30,PIE,731,322,409,731,0,0,ITC,ITC1,1,Piemonte,Piemonte,4356406,565026,12.97,0.02
2236,2021-06-05,PIE,36931,18921,18010,32471,4455,5,ITC,ITC1,1,Piemonte,Piemonte,4356406,601957,13.82,0.85
2237,2021-02-25,PIE,12207,5245,6962,11485,545,177,ITC,ITC1,1,Piemonte,Piemonte,4356406,614164,14.1,0.28
2238,2021-06-26,PIE,41116,20918,20198,22605,18509,2,ITC,ITC1,1,Piemonte,Piemonte,4356406,655280,15.04,0.94
2239,2021-07-13,PIE,38785,20016,18769,3854,34812,119,ITC,ITC1,1,Piemonte,Piemonte,4356406,694065,15.93,0.89
2240,2021-04-04,PIE,9252,4057,5195,6393,2710,149,ITC,ITC1,1,Piemonte,Piemonte,4356406,703317,16.14,0.21
2241,2021-04-21,PIE,25730,11826,13904,19779,5337,614,ITC,ITC1,1,Piemonte,Piemonte,4356406,729047,16.74,0.59
2242,2021-01-11,PIE,8738,2978,5760,8732,0,6,ITC,ITC1,1,Piemonte,Piemonte,4356406,737785,16.94,0.2
2243,2021-06-28,PIE,38379,19059,19320,15662,22715,2,ITC,ITC1,1,Piemonte,Piemonte,4356406,776164,17.82,0.88
2244,2021-04-06,PIE,20235,8808,11427,14590,5195,450,ITC,ITC1,1,Piemonte,Piemonte,4356406,796399,18.28,0.46
2245,2020-12-27,PIE,913,369,544,913,0,0,ITC,ITC1,1,Piemonte,Piemonte,4356406,797312,18.3,0.02
2246,2021-05-02,PIE,25080,11268,13812,13956,10742,382,ITC,ITC1,1,Piemonte,Piemonte,4356406,822392,18.88,0.58
2247,2021-02-27,PIE,12673,4845,7828,12103,344,226,ITC,ITC1,1,Piemonte,Piemonte,4356406,835065,19.17,0.29
2248,2021-06-12,PIE,42561,22439,20122,39933,2628,0,ITC,ITC1,1,Piemonte,Piemonte,4356406,877626,20.15,0.98
2249,2021-07-12,PIE,39090,20163,18927,4873,34123,94,ITC,ITC1,1,Piemonte,Piemonte,4356406,916716,21.04,0.9
2250,2021-04-20,PIE,25478,11666,13812,18531,6341,606,ITC,ITC1,1,Piemonte,Piemonte,4356406,942194,21.63,0.58
2251,2021-05-07,PIE,33064,15636,17428,18555,14119,390,ITC,ITC1,1,Piemonte,Piemonte,4356406,975258,22.39,0.76
2252,2021-01-27,PIE,4193,1451,2742,994,3197,2,ITC,ITC1,1,Piemonte,Piemonte,4356406,979451,22.48,0.1
2253,2021-02-13,PIE,4154,1336,2818,2917,1223,14,ITC,ITC1,1,Piemonte,Piemonte,4356406,983605,22.58,0.1
2254,2021-04-30,PIE,31829,14319,17510,17841,13326,662,ITC,ITC1,1,Piemonte,Piemonte,4356406,1015434,23.31,0.73
2255,2021-06-02,PIE,26530,12997,13533,22063,4467,0,ITC,ITC1,1,Piemonte,Piemonte,4356406,1041964,23.92,0.61
2256,2021-02-22,PIE,8477,3468,5009,7786,590,101,ITC,ITC1,1,Piemonte,Piemonte,4356406,1050441,24.11,0.19
2257,2021-03-11,PIE,13897,5204,8693,10562,3096,239,ITC,ITC1,1,Piemonte,Piemonte,4356406,1064338,24.43,0.32
2258,2021-02-08,PIE,6914,2354,4560,661,6249,4,ITC,ITC1,1,Piemonte,Piemonte,4356406,1071252,24.59,0.16
2259,2021-04-02,PIE,20129,8311,11818,11315,8421,393,ITC,ITC1,1,Piemonte,Piemonte,4356406,1091381,25.05,0.46
2260,2021-05-29,PIE,32794,15225,17569,20266,12165,363,ITC,ITC1,1,Piemonte,Piemonte,4356406,1124175,25.81,0.75
2261,2021-02-18,PIE,4788,2094,2694,4273,430,85,ITC,ITC1,1,Piemonte,Piemonte,4356406,1128963,25.92,0.11
2262,2021-04-16,PIE,28391,13206,15185,22653,4990,748,ITC,ITC1,1,Piemonte,Piemonte,4356406,1157354,26.57,0.65
2263,2021-05-17,PIE,30908,14600,16308,17479,13149,280,ITC,ITC1,1,Piemonte,Piemonte,4356406,1188262,27.28,0.71
2264,2021-02-06,PIE,7992,2665,5327,396,7594,2,ITC,ITC1,1,Piemonte,Piemonte,4356406,1196254,27.46,0.18
2265,2021-02-23,PIE,9232,3714,5518,8483,581,168,ITC,ITC1,1,Piemonte,Piemonte,4356406,1205486,27.67,0.21
2266,2021-05-31,PIE,29101,14054,15047,20139,8576,386,ITC,ITC1,1,Piemonte,Piemonte,4356406,1234587,28.34,0.67
2267,2021-06-17,PIE,41027,20596,20431,24711,16314,2,ITC,ITC1,1,Piemonte,Piemonte,4356406,1275614,29.28,0.94
2268,2021-03-09,PIE,14207,5652,8555,11642,2341,224,ITC,ITC1,1,Piemonte,Piemonte,4356406,1289821,29.61,0.33
2269,2021-03-21,PIE,10722,4739,5983,4023,6532,167,ITC,ITC1,1,Piemonte,Piemonte,4356406,1300543,29.85,0.25
2270,2021-05-05,PIE,32236,15143,17093,18546,13063,627,ITC,ITC1,1,Piemonte,Piemonte,4356406,1332779,30.59,0.74
2271,2021-07-01,PIE,41832,20939,20893,20715,21114,3,ITC,ITC1,1,Piemonte,Piemonte,4356406,1374611,31.55,0.96
2272,2021-06-09,PIE,38577,20334,18243,35858,2713,6,ITC,ITC1,1,Piemonte,Piemonte,4356406,1413188,32.44,0.89
2273,2021-03-18,PIE,11756,4804,6952,3836,7730,190,ITC,ITC1,1,Piemonte,Piemonte,4356406,1424944,32.71,0.27
2274,2021-04-25,PIE,20232,9308,10924,17282,2501,449,ITC,ITC1,1,Piemonte,Piemonte,4356406,1445176,33.17,0.46
2275,2021-01-15,PIE,9100,3006,6094,9094,0,6,ITC,ITC1,1,Piemonte,Piemonte,4356406,1454276,33.38,0.21
2276,2021-06-21,PIE,38339,19138,19201,17632,20705,2,ITC,ITC1,1,Piemonte,Piemonte,4356406,1492615,34.26,0.88
2277,2021-03-13,PIE,13023,4714,8309,11325,1432,266,ITC,ITC1,1,Piemonte,Piemonte,4356406,1505638,34.56,0.3
2278,2021-04-18,PIE,22927,10797,12130,19624,2747,556,ITC,ITC1,1,Piemonte,Piemonte,4356406,1528565,35.09,0.53
2279,2021-01-08,PIE,5523,1758,3765,5521,0,2,ITC,ITC1,1,Piemonte,Piemonte,4356406,1534088,35.21,0.13
2280,2021-06-14,PIE,37922,19541,18381,30826,7093,3,ITC,ITC1,1,Piemonte,Piemonte,4356406,1572010,36.09,0.87
2281,2021-03-06,PIE,13996,5217,8779,11036,2788,172,ITC,ITC1,1,Piemonte,Piemonte,4356406,1586006,36.41,0.32
2282,2021-05-09,PIE,27142,12928,14214,13145,13618,379,ITC,ITC1,1,Piemonte,Piemonte,4356406,1613148,37.03,0.62
2283,2021-05-26,PIE,32740,15098,17642,15315,17077,348,ITC,ITC1,1,Piemonte,Piemonte,4356406,1645888,37.78,0.75
2284,2021-02-15,PIE,4425,1597,2828,3196,1205,24,ITC,ITC1,1,Piemonte,Piemonte,4356406,1650313,37.88,0.1
2285,2021-03-04,PIE,14631,5859,8772,11474,2939,218,ITC,ITC1,1,Piemonte,Piemonte,4356406,1664944,38.22,0.34
2286,2021-03-25,PIE,17125,7266,9859,8055,8635,435,ITC,ITC1,1,Piemonte,Piemonte,4356406,1682069,38.61,0.39
2287,2021-04-13,PIE,25932,11610,14322,21896,3457,579,ITC,ITC1,1,Piemonte,Piemonte,4356406,1708001,39.21,0.6
2288,2021-01-20,PIE,6601,2084,4517,5875,719,7,ITC,ITC1,1,Piemonte,Piemonte,4356406,1714602,39.36,0.15
2289,2021-02-03,PIE,10200,3305,6895,606,9592,2,ITC,ITC1,1,Piemonte,Piemonte,4356406,1724802,39.59,0.23
2290,2021-05-18,PIE,32115,14826,17289,19025,12657,433,ITC,ITC1,1,Piemonte,Piemonte,4356406,1756917,40.33,0.74
2291,2021-05-21,PIE,36067,16740,19327,19930,15636,501,ITC,ITC1,1,Piemonte,Piemonte,4356406,1792984,41.16,0.83
2292,2021-07-17,PIE,37119,19530,17589,3415,33564,140,ITC,ITC1,1,Piemonte,Piemonte,4356406,1830103,42.01,0.85
2293,2021-02-01,PIE,8656,3052,5604,575,8080,1,ITC,ITC1,1,Piemonte,Piemonte,4356406,1838759,42.21,0.2
2294,2021-05-14,PIE,33405,16273,17132,17329,15419,657,ITC,ITC1,1,Piemonte,Piemonte,4356406,1872164,42.97,0.77
2295,2021-04-17,PIE,30442,14145,16297,26449,3306,687,ITC,ITC1,1,Piemonte,Piemonte,4356406,1902606,43.67,0.7
2296,2021-06-13,PIE,37879,19996,17883,33748,4129,2,ITC,ITC1,1,Piemonte,Piemonte,4356406,1940485,44.54,0.87
2297,2021-02-10,PIE,7528,2368,5160,1298,6215,15,ITC,ITC1,1,Piemonte,Piemonte,4356406,1948013,44.72,0.17
2298,2021-04-08,PIE,25151,10944,14207,19882,4723,546,ITC,ITC1,1,Piemonte,Piemonte,4356406,1973164,45.29,0.58
2299,2021-03-03,PIE,12257,4771,7486,11251,818,188,ITC,ITC1,1,Piemonte,Piemonte,4356406,1985421,45.57,0.28
2300,2021-03-20,PIE,11915,4896,7019,5776,5896,243,ITC,ITC1,1,Piemonte,Piemonte,4356406,1997336,45.85,0.27
2301,2021-05-06,PIE,33435,15779,17656,19319,13522,594,ITC,ITC1,1,Piemonte,Piemonte,4356406,2030771,46.62,0.77
2302,2021-05-23,PIE,28720,13140,15580,15464,12948,308,ITC,ITC1,1,Piemonte,Piemonte,4356406,2059491,47.28,0.66
2303,2021-02-12,PIE,6883,2212,4671,3899,2961,23,ITC,ITC1,1,Piemonte,Piemonte,4356406,2066374,47.43,0.16
2304,2021-03-01,PIE,12110,4910,7200,11133,808,169,ITC,ITC1,1,Piemonte,Piemonte,4356406,2078484,47.71,0.28
2305,2021-05-25,PIE,31141,14447,16694,15615,15141,385,ITC,ITC1,1,Piemonte,Piemonte,4356406,2109625,48.43,0.71
2306,2021-06-11,PIE,43517,23035,20482,40676,2834,7,ITC,ITC1,1,Piemonte,Piemonte,4356406,2153142,49.42,1.0
2307,2021-04-19,PIE,22538,10761,11777,17641,4349,548,ITC,ITC1,1,Piemonte,Piemonte,4356406,2175680,49.94,0.52
2308,2021-01-09,PIE,6177,2182,3995,6176,0,1,ITC,ITC1,1,Piemonte,Piemonte,4356406,2181857,50.08,0.14
2309,2021-01-26,PIE,6331,1880,4451,731,5599,1,ITC,ITC1,1,Piemonte,Piemonte,4356406,2188188,50.23,0.15
2310,2021-07-03,PIE,40042,20104,19938,16013,24027,2,ITC,ITC1,1,Piemonte,Piemonte,4356406,2228230,51.15,0.92
2311,2021-03-30,PIE,16979,7110,9869,8726,7870,383,ITC,ITC1,1,Piemonte,Piemonte,4356406,2245209,51.54,0.39
2312,2021-07-10,PIE,41109,20827,20282,7177,33884,48,ITC,ITC1,1,Piemonte,Piemonte,4356406,2286318,52.48,0.94
2313,2021-04-01,PIE,19371,8108,11263,10945,8120,306,ITC,ITC1,1,Piemonte,Piemonte,4356406,2305689,52.93,0.44
2314,2021-05-28,PIE,35036,16600,18436,18666,15980,390,ITC,ITC1,1,Piemonte,Piemonte,4356406,2340725,53.73,0.8
2315,2021-01-25,PIE,6211,1937,4274,976,5233,2,ITC,ITC1,1,Piemonte,Piemonte,4356406,2346936,53.87,0.14
2316,2021-05-30,PIE,27701,13183,14518,18009,9324,368,ITC,ITC1,1,Piemonte,Piemonte,4356406,2374637,54.51,0.64
2317,2021-02-19,PIE,5531,2174,3357,4911,501,119,ITC,ITC1,1,Piemonte,Piemonte,4356406,2380168,54.64,0.13
2318,2021-06-04,PIE,37533,19628,17905,34581,2949,3,ITC,ITC1,1,Piemonte,Piemonte,4356406,2417701,55.5,0.86
2319,2021-02-24,PIE,11373,4602,6771,10731,504,138,ITC,ITC1,1,Piemonte,Piemonte,4356406,2429074,55.76,0.26
2320,2021-04-10,PIE,30149,13403,16746,25253,4263,633,ITC,ITC1,1,Piemonte,Piemonte,4356406,2459223,56.45,0.69
2321,2021-04-15,PIE,29521,13528,15993,23389,5476,656,ITC,ITC1,1,Piemonte,Piemonte,4356406,2488744,57.13,0.68
2322,2021-01-05,PIE,5373,1600,3773,5369,0,4,ITC,ITC1,1,Piemonte,Piemonte,4356406,2494117,57.25,0.12
2323,2021-06-22,PIE,40514,20003,20511,18291,22221,2,ITC,ITC1,1,Piemonte,Piemonte,4356406,2534631,58.18,0.93
2324,2021-01-07,PIE,5367,1729,3638,5365,0,2,ITC,ITC1,1,Piemonte,Piemonte,4356406,2539998,58.3,0.12
2325,2021-03-05,PIE,15550,6225,9325,11466,3816,268,ITC,ITC1,1,Piemonte,Piemonte,4356406,2555548,58.66,0.36
2326,2021-06-15,PIE,38875,20022,18853,27105,11766,4,ITC,ITC1,1,Piemonte,Piemonte,4356406,2594423,59.55,0.89
2327,2021-03-07,PIE,11977,4664,7313,10859,878,240,ITC,ITC1,1,Piemonte,Piemonte,4356406,2606400,59.83,0.27
2328,2020-12-31,PIE,3878,1320,2558,3878,0,0,ITC,ITC1,1,Piemonte,Piemonte,4356406,2610278,59.92,0.09
2329,2021-01-13,PIE,10072,3225,6847,10063,0,9,ITC,ITC1,1,Piemonte,Piemonte,4356406,2620350,60.15,0.23
2330,2021-06-16,PIE,40337,20218,20119,24089,16246,2,ITC,ITC1,1,Piemonte,Piemonte,4356406,2660687,61.08,0.93
2331,2021-01-06,PIE,3107,1103,2004,3106,0,1,ITC,ITC1,1,Piemonte,Piemonte,4356406,2663794,61.15,0.07
2332,2021-06-23,PIE,39663,19690,19973,16835,22827,1,ITC,ITC1,1,Piemonte,Piemonte,4356406,2703457,62.06,0.91
2333,2021-03-08,PIE,14130,5462,8668,11191,2711,228,ITC,ITC1,1,Piemonte,Piemonte,4356406,2717587,62.38,0.32
2334,2021-05-04,PIE,28572,13136,15436,15890,12175,507,ITC,ITC1,1,Piemonte,Piemonte,4356406,2746159,63.04,0.66
2335,2021-01-24,PIE,3153,959,2194,432,2719,2,ITC,ITC1,1,Piemonte,Piemonte,4356406,2749312,63.11,0.07
2336,2021-06-30,PIE,41199,20150,21049,19270,21923,6,ITC,ITC1,1,Piemonte,Piemonte,4356406,2790511,64.06,0.95
2337,2021-03-22,PIE,11523,4891,6632,3716,7599,208,ITC,ITC1,1,Piemonte,Piemonte,4356406,2802034,64.32,0.26
2338,2021-01-22,PIE,3865,1249,2616,2523,1340,2,ITC,ITC1,1,Piemonte,Piemonte,4356406,2805899,64.41,0.09
2339,2021-07-02,PIE,43559,21909,21650,18091,25463,5,ITC,ITC1,1,Piemonte,Piemonte,4356406,2849458,65.41,1.0
2340,2021-05-13,PIE,35662,17517,18145,19853,15113,696,ITC,ITC1,1,Piemonte,Piemonte,4356406,2885120,66.23,0.82
2341,2021-02-02,PIE,10251,3513,6738,805,9445,1,ITC,ITC1,1,Piemonte,Piemonte,4356406,2895371,66.46,0.24
2342,2021-07-09,PIE,40332,20569,19763,6193,34081,58,ITC,ITC1,1,Piemonte,Piemonte,4356406,2935703,67.39,0.93
2343,2021-03-31,PIE,19125,8120,11005,10100,8690,335,ITC,ITC1,1,Piemonte,Piemonte,4356406,2954828,67.83,0.44
2344,2021-05-27,PIE,37379,17382,19997,18814,18134,431,ITC,ITC1,1,Piemonte,Piemonte,4356406,2992207,68.69,0.86
2345,2021-02-16,PIE,3965,1755,2210,3159,758,48,ITC,ITC1,1,Piemonte,Piemonte,4356406,2996172,68.78,0.09
2346,2021-06-25,PIE,45344,22579,22765,20826,24515,3,ITC,ITC1,1,Piemonte,Piemonte,4356406,3041516,69.82,1.04
2347,2021-04-03,PIE,19443,8179,11264,10597,8543,303,ITC,ITC1,1,Piemonte,Piemonte,4356406,3060959,70.26,0.45
2348,2021-01-10,PIE,5205,2272,2933,5203,0,2,ITC,ITC1,1,Piemonte,Piemonte,4356406,3066164,70.38,0.12
2349,2021-07-14,PIE,38916,20027,18889,3827,34934,155,ITC,ITC1,1,Piemonte,Piemonte,4356406,3105080,71.28,0.89
2350,2021-04-22,PIE,27655,12736,14919,20193,6687,775,ITC,ITC1,1,Piemonte,Piemonte,4356406,3132735,71.91,0.63
2351,2021-01-12,PIE,10077,3411,6666,10070,0,7,ITC,ITC1,1,Piemonte,Piemonte,4356406,3142812,72.14,0.23
2352,2021-01-29,PIE,5937,1883,4054,452,5485,0,ITC,ITC1,1,Piemonte,Piemonte,4356406,3148749,72.28,0.14
2353,2021-05-08,PIE,34263,16261,18002,18120,15633,510,ITC,ITC1,1,Piemonte,Piemonte,4356406,3183012,73.07,0.79
2354,2021-01-28,PIE,5587,1808,3779,380,5207,0,ITC,ITC1,1,Piemonte,Piemonte,4356406,3188599,73.19,0.13
2355,2021-02-14,PIE,1476,498,978,869,600,7,ITC,ITC1,1,Piemonte,Piemonte,4356406,3190075,73.23,0.03
2356,2021-01-03,PIE,3059,965,2094,3057,0,2,ITC,ITC1,1,Piemonte,Piemonte,4356406,3193134,73.3,0.07
2357,2021-07-07,PIE,37897,18841,19056,10196,27681,20,ITC,ITC1,1,Piemonte,Piemonte,4356406,3231031,74.17,0.87
2358,2021-03-29,PIE,15242,6469,8773,8375,6610,257,ITC,ITC1,1,Piemonte,Piemonte,4356406,3246273,74.52,0.35
2359,2021-04-12,PIE,22924,10356,12568,19502,2985,437,ITC,ITC1,1,Piemonte,Piemonte,4356406,3269197,75.04,0.53
2360,2021-01-02,PIE,3539,1132,2407,3538,0,1,ITC,ITC1,1,Piemonte,Piemonte,4356406,3272736,75.12,0.08
2361,2021-05-01,PIE,28522,12989,15533,16302,11788,432,ITC,ITC1,1,Piemonte,Piemonte,4356406,3301258,75.78,0.65
2362,2021-01-21,PIE,6868,2311,4557,3366,3496,6,ITC,ITC1,1,Piemonte,Piemonte,4356406,3308126,75.94,0.16
2363,2021-05-15,PIE,33765,15738,18027,19401,13714,650,ITC,ITC1,1,Piemonte,Piemonte,4356406,3341891,76.71,0.78
2364,2021-06-01,PIE,29281,14689,14592,24856,4424,1,ITC,ITC1,1,Piemonte,Piemonte,4356406,3371172,77.38,0.67
2365,2021-02-21,PIE,5088,2083,3005,4937,102,49,ITC,ITC1,1,Piemonte,Piemonte,4356406,3376260,77.5,0.12
2366,2021-06-06,PIE,35077,18328,16749,32588,2488,1,ITC,ITC1,1,Piemonte,Piemonte,4356406,3411337,78.31,0.81
2367,2021-02-17,PIE,4790,2156,2634,3742,990,58,ITC,ITC1,1,Piemonte,Piemonte,4356406,3416127,78.42,0.11
2368,2021-06-08,PIE,37647,19496,18151,34810,2837,0,ITC,ITC1,1,Piemonte,Piemonte,4356406,3453774,79.28,0.86
2369,2021-04-26,PIE,19799,8751,11048,14910,4397,492,ITC,ITC1,1,Piemonte,Piemonte,4356406,3473573,79.73,0.45
2370,2021-05-03,PIE,26681,12206,14475,12038,14207,436,ITC,ITC1,1,Piemonte,Piemonte,4356406,3500254,80.35,0.61
2371,2021-02-26,PIE,12284,4928,7356,11344,736,204,ITC,ITC1,1,Piemonte,Piemonte,4356406,3512538,80.63,0.28
2372,2021-04-24,PIE,27495,12430,15065,21289,5657,549,ITC,ITC1,1,Piemonte,Piemonte,4356406,3540033,81.26,0.63
2373,2021-01-14,PIE,9754,3146,6608,9747,0,7,ITC,ITC1,1,Piemonte,Piemonte,4356406,3549787,81.48,0.22
2374,2021-06-20,PIE,33999,17029,16970,19268,14725,6,ITC,ITC1,1,Piemonte,Piemonte,4356406,3583786,82.26,0.78
2375,2021-03-12,PIE,14098,5327,8771,10886,2935,277,ITC,ITC1,1,Piemonte,Piemonte,4356406,3597884,82.59,0.32
2376,2021-07-04,PIE,33720,16994,16726,11820,21899,1,ITC,ITC1,1,Piemonte,Piemonte,4356406,3631604,83.36,0.77
2377,2021-03-26,PIE,17881,7103,10778,8478,8882,521,ITC,ITC1,1,Piemonte,Piemonte,4356406,3649485,83.77,0.41
2378,2021-02-28,PIE,10807,4057,6750,10394,240,173,ITC,ITC1,1,Piemonte,Piemonte,4356406,3660292,84.02,0.25
2379,2021-03-17,PIE,12512,5054,7458,5041,7291,180,ITC,ITC1,1,Piemonte,Piemonte,4356406,3672804,84.31,0.29
2380,2021-04-27,PIE,22609,10218,12391,16838,5142,629,ITC,ITC1,1,Piemonte,Piemonte,4356406,3695413,84.83,0.52
2381,2021-01-17,PIE,3515,1168,2347,2864,649,2,ITC,ITC1,1,Piemonte,Piemonte,4356406,3698928,84.91,0.08
2382,2021-03-15,PIE,10680,4193,6487,4918,5611,151,ITC,ITC1,1,Piemonte,Piemonte,4356406,3709608,85.15,0.25
2383,2021-05-11,PIE,32045,15444,16601,18197,13215,633,ITC,ITC1,1,Piemonte,Piemonte,4356406,3741653,85.89,0.74
2384,2021-01-31,PIE,4114,1754,2360,111,4003,0,ITC,ITC1,1,Piemonte,Piemonte,4356406,3745767,85.98,0.09
2385,2021-02-07,PIE,3083,971,2112,440,2642,1,ITC,ITC1,1,Piemonte,Piemonte,4356406,3748850,86.05,0.07
2386,2021-07-11,PIE,33097,16873,16224,4817,28277,3,ITC,ITC1,1,Piemonte,Piemonte,4356406,3781947,86.81,0.76
2387,2021-03-24,PIE,15552,6391,9161,6104,9120,328,ITC,ITC1,1,Piemonte,Piemonte,4356406,3797499,87.17,0.36
2388,2021-05-20,PIE,38610,17936,20674,13320,24938,352,ITC,ITC1,1,Piemonte,Piemonte,4356406,3836109,88.06,0.89
2389,2021-02-09,PIE,7385,2312,5073,714,6669,2,ITC,ITC1,1,Piemonte,Piemonte,4356406,3843494,88.23,0.17
2390,2021-07-16,PIE,41630,21755,19875,3699,37723,208,ITC,ITC1,1,Piemonte,Piemonte,4356406,3885124,89.18,0.96
2391,2021-04-07,PIE,23589,9986,13603,17617,5458,514,ITC,ITC1,1,Piemonte,Piemonte,4356406,3908713,89.72,0.54
2392,2021-05-22,PIE,33467,15107,18360,16857,16215,395,ITC,ITC1,1,Piemonte,Piemonte,4356406,3942180,90.49,0.77
2393,2021-06-10,PIE,40349,21084,19265,37775,2569,5,ITC,ITC1,1,Piemonte,Piemonte,4356406,3982529,91.42,0.93
2394,2021-06-27,PIE,37422,18562,18860,15684,21735,3,ITC,ITC1,1,Piemonte,Piemonte,4356406,4019951,92.28,0.86
2395,2021-03-19,PIE,11024,4517,6507,4216,6602,206,ITC,ITC1,1,Piemonte,Piemonte,4356406,4030975,92.53,0.25
2396,2021-04-05,PIE,14741,6232,8509,11940,2550,251,ITC,ITC1,1,Piemonte,Piemonte,4356406,4045716,92.87,0.34
2397,2021-06-29,PIE,40457,20215,20242,19810,20646,1,ITC,ITC1,1,Piemonte,Piemonte,4356406,4086173,93.8,0.93
2398,2021-01-01,PIE,1038,395,643,1037,0,1,ITC,ITC1,1,Piemonte,Piemonte,4356406,4087211,93.82,0.02
2399,2021-07-05,PIE,35555,17786,17769,12351,23202,2,ITC,ITC1,1,Piemonte,Piemonte,4356406,4122766,94.64,0.82
2400,2021-02-20,PIE,3831,1253,2578,3559,173,99,ITC,ITC1,1,Piemonte,Piemonte,4356406,4126597,94.72,0.09
2401,2021-04-29,PIE,48419,21943,26476,34652,12612,1155,ITC,ITC1,1,Piemonte,Piemonte,4356406,4175016,95.84,1.11
2402,2021-05-16,PIE,28126,12767,15359,14702,13055,369,ITC,ITC1,1,Piemonte,Piemonte,4356406,4203142,96.48,0.65
2403,2021-02-05,PIE,9597,3135,6462,653,8942,2,ITC,ITC1,1,Piemonte,Piemonte,4356406,4212739,96.7,0.22
2404,2021-06-18,PIE,40533,20252,20281,26368,14165,0,ITC,ITC1,1,Piemonte,Piemonte,4356406,4253272,97.63,0.93
2405,2021-03-10,PIE,13812,5338,8474,11271,2292,249,ITC,ITC1,1,Piemonte,Piemonte,4356406,4267084,97.95,0.32
2406,2021-03-27,PIE,18384,7822,10562,9131,8822,431,ITC,ITC1,1,Piemonte,Piemonte,4356406,4285468,98.37,0.42
2407,2021-01-19,PIE,6452,2102,4350,6434,9,9,ITC,ITC1,1,Piemonte,Piemonte,4356406,4291920,98.52,0.15
2408,2021-04-14,PIE,27673,12546,15127,22459,4519,695,ITC,ITC1,1,Piemonte,Piemonte,4356406,4319593,99.15,0.64
2409,2021-06-03,PIE,34612,17881,16731,30201,4407,4,ITC,ITC1,1,Piemonte,Piemonte,4356406,4354205,99.95,0.79
2410,2021-07-03,UMB,6463,3241,3222,2922,3486,55,ITI,ITI2,10,Umbria,Umbria,882015,6463,0.73,0.73
2411,2021-06-02,UMB,3915,1882,2033,3875,40,0,ITI,ITI2,10,Umbria,Umbria,882015,10378,1.18,0.44
2412,2021-02-20,UMB,283,101,182,259,24,0,ITI,ITI2,10,Umbria,Umbria,882015,10661,1.21,0.03
2413,2021-03-09,UMB,4088,2000,2088,2791,1288,9,ITI,ITI2,10,Umbria,Umbria,882015,14749,1.67,0.46
2414,2021-04-23,UMB,6613,2785,3828,3298,3120,195,ITI,ITI2,10,Umbria,Umbria,882015,21362,2.42,0.75
2415,2021-02-25,UMB,1332,495,837,1272,52,8,ITI,ITI2,10,Umbria,Umbria,882015,22694,2.57,0.15
2416,2021-03-11,UMB,3582,1722,1860,2564,1006,12,ITI,ITI2,10,Umbria,Umbria,882015,26276,2.98,0.41
2417,2021-01-13,UMB,449,139,310,449,0,0,ITI,ITI2,10,Umbria,Umbria,882015,26725,3.03,0.05
2418,2021-06-19,UMB,4569,2199,2370,2539,2030,0,ITI,ITI2,10,Umbria,Umbria,882015,31294,3.55,0.52
2419,2021-01-06,UMB,846,325,521,846,0,0,ITI,ITI2,10,Umbria,Umbria,882015,32140,3.64,0.1
2420,2021-06-12,UMB,7708,3683,4025,6129,1577,2,ITI,ITI2,10,Umbria,Umbria,882015,39848,4.52,0.87
2421,2021-04-16,UMB,8096,3740,4356,6081,1838,177,ITI,ITI2,10,Umbria,Umbria,882015,47944,5.44,0.92
2422,2021-04-30,UMB,6252,2971,3281,2734,3397,121,ITI,ITI2,10,Umbria,Umbria,882015,54196,6.14,0.71
2423,2021-03-04,UMB,4484,1855,2629,3643,827,14,ITI,ITI2,10,Umbria,Umbria,882015,58680,6.65,0.51
2424,2021-01-20,UMB,602,221,381,602,0,0,ITI,ITI2,10,Umbria,Umbria,882015,59282,6.72,0.07
2425,2021-03-23,UMB,3823,1712,2111,2157,1629,37,ITI,ITI2,10,Umbria,Umbria,882015,63105,7.15,0.43
2426,2021-07-01,UMB,9662,4785,4877,3360,6261,41,ITI,ITI2,10,Umbria,Umbria,882015,72767,8.25,1.1
2427,2021-02-08,UMB,635,203,432,88,547,0,ITI,ITI2,10,Umbria,Umbria,882015,73402,8.32,0.07
2428,2021-05-19,UMB,9418,4215,5203,5589,3743,86,ITI,ITI2,10,Umbria,Umbria,882015,82820,9.39,1.07
2429,2021-02-06,UMB,396,138,258,34,362,0,ITI,ITI2,10,Umbria,Umbria,882015,83216,9.43,0.04
2430,2021-02-13,UMB,114,27,87,111,3,0,ITI,ITI2,10,Umbria,Umbria,882015,83330,9.45,0.01
2431,2021-05-24,UMB,9055,4509,4546,8008,879,168,ITI,ITI2,10,Umbria,Umbria,882015,92385,10.47,1.03
2432,2021-04-18,UMB,1531,681,850,578,930,23,ITI,ITI2,10,Umbria,Umbria,882015,93916,10.65,0.17
2433,2021-01-11,UMB,1303,341,962,1303,0,0,ITI,ITI2,10,Umbria,Umbria,882015,95219,10.8,0.15
2434,2021-05-05,UMB,7210,3301,3909,3826,3304,80,ITI,ITI2,10,Umbria,Umbria,882015,102429,11.61,0.82
2435,2021-01-25,UMB,648,323,325,5,643,0,ITI,ITI2,10,Umbria,Umbria,882015,103077,11.69,0.07
2436,2021-04-06,UMB,5286,2164,3122,2862,2387,37,ITI,ITI2,10,Umbria,Umbria,882015,108363,12.29,0.6
2437,2021-03-28,UMB,1095,441,654,1040,24,31,ITI,ITI2,10,Umbria,Umbria,882015,109458,12.41,0.12
2438,2021-01-30,UMB,1575,486,1089,44,1531,0,ITI,ITI2,10,Umbria,Umbria,882015,111033,12.59,0.18
2439,2021-07-15,UMB,10484,5141,5343,604,9829,51,ITI,ITI2,10,Umbria,Umbria,882015,121517,13.78,1.19
2440,2021-05-07,UMB,10098,4699,5399,6705,3191,202,ITI,ITI2,10,Umbria,Umbria,882015,131615,14.92,1.14
2441,2021-06-14,UMB,5378,2745,2633,3367,2010,1,ITI,ITI2,10,Umbria,Umbria,882015,136993,15.53,0.61
2442,2021-01-01,UMB,273,104,169,273,0,0,ITI,ITI2,10,Umbria,Umbria,882015,137266,15.56,0.03
2443,2021-04-11,UMB,3097,1504,1593,3031,49,17,ITI,ITI2,10,Umbria,Umbria,882015,140363,15.91,0.35
2444,2021-01-18,UMB,613,218,395,529,84,0,ITI,ITI2,10,Umbria,Umbria,882015,140976,15.98,0.07
2445,2021-05-30,UMB,5982,2999,2983,5665,202,115,ITI,ITI2,10,Umbria,Umbria,882015,146958,16.66,0.68
2446,2021-03-08,UMB,3696,1822,1874,2323,1361,12,ITI,ITI2,10,Umbria,Umbria,882015,150654,17.08,0.42
2447,2021-06-16,UMB,6316,3093,3223,3222,3093,1,ITI,ITI2,10,Umbria,Umbria,882015,156970,17.8,0.72
2448,2021-06-30,UMB,10466,5293,5173,3764,6702,0,ITI,ITI2,10,Umbria,Umbria,882015,167436,18.98,1.19
2449,2021-07-07,UMB,9398,4449,4949,87,9286,25,ITI,ITI2,10,Umbria,Umbria,882015,176834,20.05,1.07
2450,2021-05-31,UMB,5809,2842,2967,4847,884,78,ITI,ITI2,10,Umbria,Umbria,882015,182643,20.71,0.66
2451,2021-05-14,UMB,5326,2508,2818,3353,1817,156,ITI,ITI2,10,Umbria,Umbria,882015,187969,21.31,0.6
2452,2021-02-01,UMB,1284,341,943,48,1236,0,ITI,ITI2,10,Umbria,Umbria,882015,189253,21.46,0.15
2453,2021-02-18,UMB,1496,582,914,1029,466,1,ITI,ITI2,10,Umbria,Umbria,882015,190749,21.63,0.17
2454,2021-04-04,UMB,57,20,37,22,35,0,ITI,ITI2,10,Umbria,Umbria,882015,190806,21.63,0.01
2455,2021-06-07,UMB,6943,3426,3517,6246,695,2,ITI,ITI2,10,Umbria,Umbria,882015,197749,22.42,0.79
2456,2021-03-16,UMB,3538,1454,2084,1909,1627,2,ITI,ITI2,10,Umbria,Umbria,882015,201287,22.82,0.4
2457,2021-02-27,UMB,1658,354,1304,1642,16,0,ITI,ITI2,10,Umbria,Umbria,882015,202945,23.01,0.19
2458,2021-04-03,UMB,2097,712,1385,1034,1052,11,ITI,ITI2,10,Umbria,Umbria,882015,205042,23.25,0.24
2459,2021-07-12,UMB,4543,2185,2358,106,4428,9,ITI,ITI2,10,Umbria,Umbria,882015,209585,23.76,0.52
2460,2021-05-26,UMB,9646,4564,5082,8204,1250,192,ITI,ITI2,10,Umbria,Umbria,882015,219231,24.86,1.09
2461,2021-05-28,UMB,9585,4436,5149,7110,2295,180,ITI,ITI2,10,Umbria,Umbria,882015,228816,25.94,1.09
2462,2021-04-15,UMB,7646,3498,4148,5689,1887,70,ITI,ITI2,10,Umbria,Umbria,882015,236462,26.81,0.87
2463,2021-04-25,UMB,4357,1684,2673,3866,82,409,ITI,ITI2,10,Umbria,Umbria,882015,240819,27.3,0.49
2464,2021-06-21,UMB,7498,3930,3568,5161,2337,0,ITI,ITI2,10,Umbria,Umbria,882015,248317,28.15,0.85
2465,2021-03-18,UMB,2965,1171,1794,1699,1262,4,ITI,ITI2,10,Umbria,Umbria,882015,251282,28.49,0.34
2466,2021-06-26,UMB,9311,4728,4583,5690,3621,0,ITI,ITI2,10,Umbria,Umbria,882015,260593,29.55,1.06
2467,2021-07-10,UMB,7676,3807,3869,71,7597,8,ITI,ITI2,10,Umbria,Umbria,882015,268269,30.42,0.87
2468,2021-04-20,UMB,5450,2364,3086,3430,1947,73,ITI,ITI2,10,Umbria,Umbria,882015,273719,31.03,0.62
2469,2021-01-27,UMB,840,330,510,13,827,0,ITI,ITI2,10,Umbria,Umbria,882015,274559,31.13,0.1
2470,2021-07-08,UMB,9475,4590,4885,171,9259,45,ITI,ITI2,10,Umbria,Umbria,882015,284034,32.2,1.07
2471,2021-05-12,UMB,6488,3025,3463,4195,2146,147,ITI,ITI2,10,Umbria,Umbria,882015,290522,32.94,0.74
2472,2021-03-30,UMB,3976,1729,2247,2400,1540,36,ITI,ITI2,10,Umbria,Umbria,882015,294498,33.39,0.45
2473,2020-12-27,UMB,84,44,40,84,0,0,ITI,ITI2,10,Umbria,Umbria,882015,294582,33.4,0.01
2474,2021-02-22,UMB,1889,807,1082,1803,86,0,ITI,ITI2,10,Umbria,Umbria,882015,296471,33.61,0.21
2475,2021-03-25,UMB,3928,1724,2204,2820,1063,45,ITI,ITI2,10,Umbria,Umbria,882015,300399,34.06,0.45
2476,2021-03-27,UMB,4251,1513,2738,3855,340,56,ITI,ITI2,10,Umbria,Umbria,882015,304650,34.54,0.48
2477,2021-06-18,UMB,4759,2347,2412,1605,3153,1,ITI,ITI2,10,Umbria,Umbria,882015,309409,35.08,0.54
2478,2021-05-11,UMB,6234,2833,3401,3900,2193,141,ITI,ITI2,10,Umbria,Umbria,882015,315643,35.79,0.71
2479,2021-05-16,UMB,5218,2492,2726,5087,49,82,ITI,ITI2,10,Umbria,Umbria,882015,320861,36.38,0.59
2480,2021-04-27,UMB,5664,2401,3263,3054,2578,32,ITI,ITI2,10,Umbria,Umbria,882015,326525,37.02,0.64
2481,2021-02-03,UMB,724,174,550,67,657,0,ITI,ITI2,10,Umbria,Umbria,882015,327249,37.1,0.08
2482,2021-01-08,UMB,1187,344,843,1187,0,0,ITI,ITI2,10,Umbria,Umbria,882015,328436,37.24,0.13
2483,2021-05-23,UMB,5068,1854,3214,635,4416,17,ITI,ITI2,10,Umbria,Umbria,882015,333504,37.81,0.57
2484,2021-03-17,UMB,3329,1313,2016,1855,1472,2,ITI,ITI2,10,Umbria,Umbria,882015,336833,38.19,0.38
2485,2021-01-07,UMB,1300,387,913,1300,0,0,ITI,ITI2,10,Umbria,Umbria,882015,338133,38.34,0.15
2486,2021-06-25,UMB,10149,5278,4871,5385,4760,4,ITI,ITI2,10,Umbria,Umbria,882015,348282,39.49,1.15
2487,2021-01-26,UMB,815,389,426,17,798,0,ITI,ITI2,10,Umbria,Umbria,882015,349097,39.58,0.09
2488,2021-02-12,UMB,670,224,446,664,6,0,ITI,ITI2,10,Umbria,Umbria,882015,349767,39.66,0.08
2489,2021-02-17,UMB,1618,748,870,1266,351,1,ITI,ITI2,10,Umbria,Umbria,882015,351385,39.84,0.18
2490,2021-04-13,UMB,7677,3398,4279,5920,1668,89,ITI,ITI2,10,Umbria,Umbria,882015,359062,40.71,0.87
2491,2021-02-15,UMB,1367,692,675,1364,1,2,ITI,ITI2,10,Umbria,Umbria,882015,360429,40.86,0.15
2492,2021-01-03,UMB,270,112,158,270,0,0,ITI,ITI2,10,Umbria,Umbria,882015,360699,40.89,0.03
2493,2021-04-22,UMB,5447,2247,3200,2702,2665,80,ITI,ITI2,10,Umbria,Umbria,882015,366146,41.51,0.62
2494,2021-04-17,UMB,6676,3069,3607,5171,1340,165,ITI,ITI2,10,Umbria,Umbria,882015,372822,42.27,0.76
2495,2021-01-05,UMB,854,429,425,854,0,0,ITI,ITI2,10,Umbria,Umbria,882015,373676,42.37,0.1
2496,2021-07-05,UMB,8396,4069,4327,161,8228,7,ITI,ITI2,10,Umbria,Umbria,882015,382072,43.32,0.95
2497,2021-05-13,UMB,5914,2657,3257,3701,2083,130,ITI,ITI2,10,Umbria,Umbria,882015,387986,43.99,0.67
2498,2021-02-19,UMB,743,293,450,525,217,1,ITI,ITI2,10,Umbria,Umbria,882015,388729,44.07,0.08
2499,2021-06-01,UMB,4381,2089,2292,4226,155,0,ITI,ITI2,10,Umbria,Umbria,882015,393110,44.57,0.5
2500,2021-03-10,UMB,4031,1943,2088,2760,1256,15,ITI,ITI2,10,Umbria,Umbria,882015,397141,45.03,0.46
2501,2021-01-16,UMB,217,71,146,216,0,1,ITI,ITI2,10,Umbria,Umbria,882015,397358,45.05,0.02
2502,2021-02-02,UMB,942,272,670,32,910,0,ITI,ITI2,10,Umbria,Umbria,882015,398300,45.16,0.11
2503,2021-04-26,UMB,5395,2340,3055,3104,2251,40,ITI,ITI2,10,Umbria,Umbria,882015,403695,45.77,0.61
2504,2021-04-09,UMB,6731,3126,3605,6406,209,116,ITI,ITI2,10,Umbria,Umbria,882015,410426,46.53,0.76
2505,2021-04-28,UMB,5382,2327,3055,2942,2395,45,ITI,ITI2,10,Umbria,Umbria,882015,415808,47.14,0.61
2506,2021-02-04,UMB,733,226,507,25,708,0,ITI,ITI2,10,Umbria,Umbria,882015,416541,47.23,0.08
2507,2021-05-15,UMB,4990,1882,3108,1764,3164,62,ITI,ITI2,10,Umbria,Umbria,882015,421531,47.79,0.57
2508,2021-06-11,UMB,6910,3468,3442,6143,767,0,ITI,ITI2,10,Umbria,Umbria,882015,428441,48.58,0.78
2509,2021-04-08,UMB,5863,2509,3354,4006,1789,68,ITI,ITI2,10,Umbria,Umbria,882015,434304,49.24,0.66
2510,2021-07-17,UMB,5829,2963,2866,1058,4718,53,ITI,ITI2,10,Umbria,Umbria,882015,440133,49.9,0.66
2511,2021-06-04,UMB,8909,4402,4507,7709,1197,3,ITI,ITI2,10,Umbria,Umbria,882015,449042,50.91,1.01
2512,2021-06-13,UMB,6763,3556,3207,6532,230,1,ITI,ITI2,10,Umbria,Umbria,882015,455805,51.68,0.77
2513,2021-05-01,UMB,5370,2638,2732,2096,3230,44,ITI,ITI2,10,Umbria,Umbria,882015,461175,52.29,0.61
2514,2021-03-05,UMB,4618,1402,3216,3947,656,15,ITI,ITI2,10,Umbria,Umbria,882015,465793,52.81,0.52
2515,2021-03-03,UMB,4431,1770,2661,3718,710,3,ITI,ITI2,10,Umbria,Umbria,882015,470224,53.31,0.5
2516,2021-06-20,UMB,6211,2999,3212,1585,4626,0,ITI,ITI2,10,Umbria,Umbria,882015,476435,54.02,0.7
2517,2021-04-24,UMB,4561,1961,2600,3276,1182,103,ITI,ITI2,10,Umbria,Umbria,882015,480996,54.53,0.52
2518,2021-01-12,UMB,834,247,587,834,0,0,ITI,ITI2,10,Umbria,Umbria,882015,481830,54.63,0.09
2519,2021-03-14,UMB,66,48,18,66,0,0,ITI,ITI2,10,Umbria,Umbria,882015,481896,54.64,0.01
2520,2021-06-22,UMB,8032,4078,3954,5246,2784,2,ITI,ITI2,10,Umbria,Umbria,882015,489928,55.55,0.91
2521,2021-03-12,UMB,2694,1081,1613,2191,495,8,ITI,ITI2,10,Umbria,Umbria,882015,492622,55.85,0.31
2522,2021-03-21,UMB,675,338,337,672,0,3,ITI,ITI2,10,Umbria,Umbria,882015,493297,55.93,0.08
2523,2021-06-29,UMB,9868,5026,4842,4190,5678,0,ITI,ITI2,10,Umbria,Umbria,882015,503165,57.05,1.12
2524,2021-05-17,UMB,6368,3060,3308,4139,2177,52,ITI,ITI2,10,Umbria,Umbria,882015,509533,57.77,0.72
2525,2021-01-14,UMB,722,192,530,722,0,0,ITI,ITI2,10,Umbria,Umbria,882015,510255,57.85,0.08
2526,2021-03-19,UMB,1740,565,1175,1079,656,5,ITI,ITI2,10,Umbria,Umbria,882015,511995,58.05,0.2
2527,2021-03-06,UMB,4303,1146,3157,4133,138,32,ITI,ITI2,10,Umbria,Umbria,882015,516298,58.54,0.49
2528,2021-01-22,UMB,276,105,171,32,244,0,ITI,ITI2,10,Umbria,Umbria,882015,516574,58.57,0.03
2529,2021-06-28,UMB,9683,4785,4898,3782,5901,0,ITI,ITI2,10,Umbria,Umbria,882015,526257,59.67,1.1
2530,2021-05-02,UMB,3780,1866,1914,1296,2454,30,ITI,ITI2,10,Umbria,Umbria,882015,530037,60.09,0.43
2531,2021-03-20,UMB,2319,845,1474,2290,25,4,ITI,ITI2,10,Umbria,Umbria,882015,532356,60.36,0.26
2532,2021-03-13,UMB,1735,524,1211,1486,249,0,ITI,ITI2,10,Umbria,Umbria,882015,534091,60.55,0.2
2533,2021-01-15,UMB,695,213,482,695,0,0,ITI,ITI2,10,Umbria,Umbria,882015,534786,60.63,0.08
2534,2021-01-29,UMB,1230,348,882,79,1151,0,ITI,ITI2,10,Umbria,Umbria,882015,536016,60.77,0.14
2535,2021-05-09,UMB,5753,2752,3001,5241,391,121,ITI,ITI2,10,Umbria,Umbria,882015,541769,61.42,0.65
2536,2021-07-09,UMB,9467,4577,4890,117,9336,14,ITI,ITI2,10,Umbria,Umbria,882015,551236,62.5,1.07
2537,2021-03-29,UMB,3629,1599,2030,2151,1420,58,ITI,ITI2,10,Umbria,Umbria,882015,554865,62.91,0.41
2538,2021-01-31,UMB,1058,276,782,25,1033,0,ITI,ITI2,10,Umbria,Umbria,882015,555923,63.03,0.12
2539,2021-05-25,UMB,8813,4301,4512,7584,1063,166,ITI,ITI2,10,Umbria,Umbria,882015,564736,64.03,1.0
2540,2021-05-18,UMB,7741,3353,4388,3822,3837,82,ITI,ITI2,10,Umbria,Umbria,882015,572477,64.91,0.88
2541,2021-03-22,UMB,3561,1656,1905,2305,1246,10,ITI,ITI2,10,Umbria,Umbria,882015,576038,65.31,0.4
2542,2021-04-05,UMB,4248,1728,2520,2181,2055,12,ITI,ITI2,10,Umbria,Umbria,882015,580286,65.79,0.48
2543,2021-02-07,UMB,54,17,37,1,53,0,ITI,ITI2,10,Umbria,Umbria,882015,580340,65.8,0.01
2544,2021-07-14,UMB,6149,2988,3161,1750,4215,184,ITI,ITI2,10,Umbria,Umbria,882015,586489,66.49,0.7
2545,2021-02-05,UMB,780,234,546,18,762,0,ITI,ITI2,10,Umbria,Umbria,882015,587269,66.58,0.09
2546,2021-07-04,UMB,3407,1740,1667,2410,968,29,ITI,ITI2,10,Umbria,Umbria,882015,590676,66.97,0.39
2547,2021-04-12,UMB,7084,3081,4003,5310,1717,57,ITI,ITI2,10,Umbria,Umbria,882015,597760,67.77,0.8
2548,2021-01-19,UMB,102,23,79,102,0,0,ITI,ITI2,10,Umbria,Umbria,882015,597862,67.78,0.01
2549,2021-04-29,UMB,5216,2250,2966,2808,2320,88,ITI,ITI2,10,Umbria,Umbria,882015,603078,68.38,0.59
2550,2021-03-24,UMB,4104,1792,2312,2744,1323,37,ITI,ITI2,10,Umbria,Umbria,882015,607182,68.84,0.47
2551,2021-07-02,UMB,8703,4304,4399,3047,5566,90,ITI,ITI2,10,Umbria,Umbria,882015,615885,69.83,0.99
2552,2021-04-10,UMB,7389,3476,3913,7174,84,131,ITI,ITI2,10,Umbria,Umbria,882015,623274,70.66,0.84
2553,2021-02-26,UMB,660,253,407,650,8,2,ITI,ITI2,10,Umbria,Umbria,882015,623934,70.74,0.07
2554,2021-05-06,UMB,9450,4313,5137,6012,3314,124,ITI,ITI2,10,Umbria,Umbria,882015,633384,71.81,1.07
2555,2021-06-10,UMB,7458,3718,3740,6684,774,0,ITI,ITI2,10,Umbria,Umbria,882015,640842,72.66,0.85
2556,2021-07-13,UMB,4204,1994,2210,79,4119,6,ITI,ITI2,10,Umbria,Umbria,882015,645046,73.13,0.48
2557,2021-04-21,UMB,5322,2317,3005,3056,2227,39,ITI,ITI2,10,Umbria,Umbria,882015,650368,73.74,0.6
2558,2021-06-06,UMB,7608,3904,3704,6913,693,2,ITI,ITI2,10,Umbria,Umbria,882015,657976,74.6,0.86
2559,2021-02-24,UMB,1518,563,955,1503,15,0,ITI,ITI2,10,Umbria,Umbria,882015,659494,74.77,0.17
2560,2021-07-06,UMB,8584,4086,4498,152,8411,21,ITI,ITI2,10,Umbria,Umbria,882015,668078,75.74,0.97
2561,2021-05-10,UMB,5978,2794,3184,3761,2148,69,ITI,ITI2,10,Umbria,Umbria,882015,674056,76.42,0.68
2562,2021-05-08,UMB,8130,3739,4391,4795,3226,109,ITI,ITI2,10,Umbria,Umbria,882015,682186,77.34,0.92
2563,2021-01-28,UMB,1248,394,854,19,1229,0,ITI,ITI2,10,Umbria,Umbria,882015,683434,77.49,0.14
2564,2021-05-03,UMB,5086,2270,2816,2098,2887,101,ITI,ITI2,10,Umbria,Umbria,882015,688520,78.06,0.58
2565,2021-01-23,UMB,280,100,180,2,278,0,ITI,ITI2,10,Umbria,Umbria,882015,688800,78.09,0.03
2566,2021-01-21,UMB,608,202,406,338,269,1,ITI,ITI2,10,Umbria,Umbria,882015,689408,78.16,0.07
2567,2021-03-02,UMB,3641,1346,2295,3634,4,3,ITI,ITI2,10,Umbria,Umbria,882015,693049,78.58,0.41
2568,2021-06-24,UMB,10140,5113,5027,6142,3998,0,ITI,ITI2,10,Umbria,Umbria,882015,703189,79.73,1.15
2569,2021-01-17,UMB,54,17,37,54,0,0,ITI,ITI2,10,Umbria,Umbria,882015,703243,79.73,0.01
2570,2020-12-31,UMB,322,127,195,322,0,0,ITI,ITI2,10,Umbria,Umbria,882015,703565,79.77,0.04
2571,2021-06-15,UMB,5967,3007,2960,3900,2067,0,ITI,ITI2,10,Umbria,Umbria,882015,709532,80.44,0.68
2572,2021-07-16,UMB,9569,4870,4699,698,8832,39,ITI,ITI2,10,Umbria,Umbria,882015,719101,81.53,1.08
2573,2021-05-20,UMB,9831,4585,5246,6100,3650,81,ITI,ITI2,10,Umbria,Umbria,882015,728932,82.64,1.11
2574,2021-03-31,UMB,3897,1728,2169,2179,1686,32,ITI,ITI2,10,Umbria,Umbria,882015,732829,83.09,0.44
2575,2021-02-16,UMB,1308,655,653,1299,9,0,ITI,ITI2,10,Umbria,Umbria,882015,734137,83.23,0.15
2576,2021-05-27,UMB,9966,4863,5103,8474,1317,175,ITI,ITI2,10,Umbria,Umbria,882015,744103,84.36,1.13
2577,2021-01-04,UMB,809,398,411,809,0,0,ITI,ITI2,10,Umbria,Umbria,882015,744912,84.46,0.09
2578,2021-04-14,UMB,8151,3679,4472,6095,1979,77,ITI,ITI2,10,Umbria,Umbria,882015,753063,85.38,0.92
2579,2021-06-03,UMB,9038,4469,4569,8750,288,0,ITI,ITI2,10,Umbria,Umbria,882015,762101,86.4,1.02
2580,2021-04-07,UMB,5571,2291,3280,3481,2005,85,ITI,ITI2,10,Umbria,Umbria,882015,767672,87.04,0.63
2581,2021-02-23,UMB,1691,657,1034,1649,42,0,ITI,ITI2,10,Umbria,Umbria,882015,769363,87.23,0.19
2582,2021-06-05,UMB,8221,3775,4446,5563,2654,4,ITI,ITI2,10,Umbria,Umbria,882015,777584,88.16,0.93
2583,2021-06-17,UMB,6968,3542,3426,4880,2079,9,ITI,ITI2,10,Umbria,Umbria,882015,784552,88.95,0.79
2584,2021-03-26,UMB,4588,1712,2876,4345,172,71,ITI,ITI2,10,Umbria,Umbria,882015,789140,89.47,0.52
2585,2021-01-02,UMB,304,111,193,304,0,0,ITI,ITI2,10,Umbria,Umbria,882015,789444,89.5,0.03
2586,2021-03-07,UMB,845,180,665,837,7,1,ITI,ITI2,10,Umbria,Umbria,882015,790289,89.6,0.1
2587,2021-05-29,UMB,7854,3609,4245,6174,1566,114,ITI,ITI2,10,Umbria,Umbria,882015,798143,90.49,0.89
2588,2021-01-10,UMB,1065,274,791,1065,0,0,ITI,ITI2,10,Umbria,Umbria,882015,799208,90.61,0.12
2589,2021-05-21,UMB,8969,3667,5302,4058,4828,83,ITI,ITI2,10,Umbria,Umbria,882015,808177,91.63,1.02
2590,2021-05-04,UMB,5536,2543,2993,2352,3124,60,ITI,ITI2,10,Umbria,Umbria,882015,813713,92.26,0.63
2591,2021-04-01,UMB,4372,1837,2535,2327,2009,36,ITI,ITI2,10,Umbria,Umbria,882015,818085,92.75,0.5
2592,2021-03-01,UMB,1504,774,730,1384,114,6,ITI,ITI2,10,Umbria,Umbria,882015,819589,92.92,0.17
2593,2021-06-09,UMB,8063,3908,4155,7341,722,0,ITI,ITI2,10,Umbria,Umbria,882015,827652,93.84,0.91
2594,2021-06-23,UMB,11195,5716,5479,7796,3399,0,ITI,ITI2,10,Umbria,Umbria,882015,838847,95.11,1.27
2595,2021-03-15,UMB,4594,1938,2656,2825,1766,3,ITI,ITI2,10,Umbria,Umbria,882015,843441,95.63,0.52
2596,2021-02-10,UMB,714,348,366,699,15,0,ITI,ITI2,10,Umbria,Umbria,882015,844155,95.71,0.08
2597,2021-01-24,UMB,258,106,152,1,257,0,ITI,ITI2,10,Umbria,Umbria,882015,844413,95.74,0.03
2598,2021-06-08,UMB,7376,3641,3735,6829,545,2,ITI,ITI2,10,Umbria,Umbria,882015,851789,96.57,0.84
2599,2021-06-27,UMB,7455,3729,3726,1768,5687,0,ITI,ITI2,10,Umbria,Umbria,882015,859244,97.42,0.85
2600,2021-02-11,UMB,839,348,491,834,5,0,ITI,ITI2,10,Umbria,Umbria,882015,860083,97.51,0.1
2601,2021-05-22,UMB,6960,2752,4208,2594,4319,47,ITI,ITI2,10,Umbria,Umbria,882015,867043,98.3,0.79
2602,2021-07-11,UMB,5864,2956,2908,83,5780,1,ITI,ITI2,10,Umbria,Umbria,882015,872907,98.97,0.66
2603,2021-04-02,UMB,4343,1778,2565,3545,755,43,ITI,ITI2,10,Umbria,Umbria,882015,877250,99.46,0.49
2604,2021-01-09,UMB,1717,495,1222,1717,0,0,ITI,ITI2,10,Umbria,Umbria,882015,878967,99.65,0.19
2605,2021-04-19,UMB,5033,2226,2807,2930,2048,55,ITI,ITI2,10,Umbria,Umbria,882015,884000,100.23,0.57
2606,2021-02-05,VDA,294,102,192,101,193,0,ITC,ITC2,2,Valle d'Aosta / Vallée d'Aoste,Valle d'Aosta,125666,294,0.23,0.23
2607,2021-02-22,VDA,316,94,222,210,103,3,ITC,ITC2,2,Valle d'Aosta / Vallée d'Aoste,Valle d'Aosta,125666,610,0.49,0.25
2608,2021-05-16,VDA,688,341,347,338,341,9,ITC,ITC2,2,Valle d'Aosta / Vallée d'Aoste,Valle d'Aosta,125666,1298,1.03,0.55
2609,2021-04-15,VDA,810,377,433,638,139,33,ITC,ITC2,2,Valle d'Aosta / Vallée d'Aoste,Valle d'Aosta,125666,2108,1.68,0.64
2610,2021-07-07,VDA,792,439,353,413,362,17,ITC,ITC2,2,Valle d'Aosta / Vallée d'Aoste,Valle d'Aosta,125666,2900,2.31,0.63
2611,2021-03-08,VDA,485,233,252,237,245,3,ITC,ITC2,2,Valle d'Aosta / Vallée d'Aoste,Valle d'Aosta,125666,3385,2.69,0.39
2612,2021-05-04,VDA,1135,510,625,434,673,28,ITC,ITC2,2,Valle d'Aosta / Vallée d'Aoste,Valle d'Aosta,125666,4520,3.6,0.9
2613,2021-06-16,VDA,683,365,318,638,41,4,ITC,ITC2,2,Valle d'Aosta / Vallée d'Aoste,Valle d'Aosta,125666,5203,4.14,0.54
2614,2021-03-15,VDA,362,123,239,150,203,9,ITC,ITC2,2,Valle d'Aosta / Vallée d'Aoste,Valle d'Aosta,125666,5565,4.43,0.29
2615,2021-05-11,VDA,647,325,322,468,151,28,ITC,ITC2,2,Valle d'Aosta / Vallée d'Aoste,Valle d'Aosta,125666,6212,4.94,0.51
2616,2021-04-27,VDA,978,423,555,650,292,36,ITC,ITC2,2,Valle d'Aosta / Vallée d'Aoste,Valle d'Aosta,125666,7190,5.72,0.78
2617,2021-01-17,VDA,131,56,75,131,0,0,ITC,ITC2,2,Valle d'Aosta / Vallée d'Aoste,Valle d'Aosta,125666,7321,5.83,0.1
2618,2021-06-23,VDA,1043,551,492,423,616,4,ITC,ITC2,2,Valle d'Aosta / Vallée d'Aoste,Valle d'Aosta,125666,8364,6.66,0.83
2619,2021-02-03,VDA,351,114,237,14,337,0,ITC,ITC2,2,Valle d'Aosta / Vallée d'Aoste,Valle d'Aosta,125666,8715,6.94,0.28
2620,2021-04-01,VDA,778,394,384,747,12,19,ITC,ITC2,2,Valle d'Aosta / Vallée d'Aoste,Valle d'Aosta,125666,9493,7.55,0.62
2621,2021-07-12,VDA,978,483,495,239,731,8,ITC,ITC2,2,Valle d'Aosta / Vallée d'Aoste,Valle d'Aosta,125666,10471,8.33,0.78
2622,2021-04-03,VDA,676,341,335,649,15,12,ITC,ITC2,2,Valle d'Aosta / Vallée d'Aoste,Valle d'Aosta,125666,11147,8.87,0.54
2623,2021-03-20,VDA,208,86,122,167,36,5,ITC,ITC2,2,Valle d'Aosta / Vallée d'Aoste,Valle d'Aosta,125666,11355,9.04,0.17
2624,2021-06-28,VDA,986,496,490,326,657,3,ITC,ITC2,2,Valle d'Aosta / Vallée d'Aoste,Valle d'Aosta,125666,12341,9.82,0.78
2625,2021-06-11,VDA,1047,483,564,756,283,8,ITC,ITC2,2,Valle d'Aosta / Vallée d'Aoste,Valle d'Aosta,125666,13388,10.65,0.83
2626,2021-05-23,VDA,999,465,534,652,341,6,ITC,ITC2,2,Valle d'Aosta / Vallée d'Aoste,Valle d'Aosta,125666,14387,11.45,0.79
2627,2021-05-30,VDA,865,429,436,682,171,12,ITC,ITC2,2,Valle d'Aosta / Vallée d'Aoste,Valle d'Aosta,125666,15252,12.14,0.69
2628,2021-05-28,VDA,975,414,561,544,412,19,ITC,ITC2,2,Valle d'Aosta / Vallée d'Aoste,Valle d'Aosta,125666,16227,12.91,0.78
2629,2021-02-17,VDA,327,144,183,223,100,4,ITC,ITC2,2,Valle d'Aosta / Vallée d'Aoste,Valle d'Aosta,125666,16554,13.17,0.26
2630,2021-01-27,VDA,151,71,80,79,72,0,ITC,ITC2,2,Valle d'Aosta / Vallée d'Aoste,Valle d'Aosta,125666,16705,13.29,0.12
2631,2021-04-20,VDA,933,430,503,707,194,32,ITC,ITC2,2,Valle d'Aosta / Vallée d'Aoste,Valle d'Aosta,125666,17638,14.04,0.74
2632,2021-01-10,VDA,220,71,149,208,0,12,ITC,ITC2,2,Valle d'Aosta / Vallée d'Aoste,Valle d'Aosta,125666,17858,14.21,0.18
2633,2020-12-27,VDA,20,9,11,20,0,0,ITC,ITC2,2,Valle d'Aosta / Vallée d'Aoste,Valle d'Aosta,125666,17878,14.23,0.02
2634,2021-05-02,VDA,765,345,420,581,160,24,ITC,ITC2,2,Valle d'Aosta / Vallée d'Aoste,Valle d'Aosta,125666,18643,14.84,0.61
2635,2021-01-22,VDA,56,21,35,20,36,0,ITC,ITC2,2,Valle d'Aosta / Vallée d'Aoste,Valle d'Aosta,125666,18699,14.88,0.04
2636,2021-01-08,VDA,299,130,169,299,0,0,ITC,ITC2,2,Valle d'Aosta / Vallée d'Aoste,Valle d'Aosta,125666,18998,15.12,0.24
2637,2021-03-06,VDA,22,4,18,18,0,4,ITC,ITC2,2,Valle d'Aosta / Vallée d'Aoste,Valle d'Aosta,125666,19020,15.14,0.02
2638,2021-06-04,VDA,908,383,525,470,433,5,ITC,ITC2,2,Valle d'Aosta / Vallée d'Aoste,Valle d'Aosta,125666,19928,15.86,0.72
2639,2021-01-19,VDA,256,77,179,256,0,0,ITC,ITC2,2,Valle d'Aosta / Vallée d'Aoste,Valle d'Aosta,125666,20184,16.06,0.2
2640,2021-06-30,VDA,1117,542,575,415,692,10,ITC,ITC2,2,Valle d'Aosta / Vallée d'Aoste,Valle d'Aosta,125666,21301,16.95,0.89
2641,2021-01-31,VDA,291,91,200,58,233,0,ITC,ITC2,2,Valle d'Aosta / Vallée d'Aoste,Valle d'Aosta,125666,21592,17.18,0.23
2642,2021-04-13,VDA,373,171,202,311,44,18,ITC,ITC2,2,Valle d'Aosta / Vallée d'Aoste,Valle d'Aosta,125666,21965,17.48,0.3
2643,2021-07-05,VDA,834,355,479,312,508,14,ITC,ITC2,2,Valle d'Aosta / Vallée d'Aoste,Valle d'Aosta,125666,22799,18.14,0.66
2644,2021-03-27,VDA,333,164,169,289,31,13,ITC,ITC2,2,Valle d'Aosta / Vallée d'Aoste,Valle d'Aosta,125666,23132,18.41,0.26
2645,2021-06-18,VDA,998,443,555,589,399,10,ITC,ITC2,2,Valle d'Aosta / Vallée d'Aoste,Valle d'Aosta,125666,24130,19.2,0.79
2646,2021-01-29,VDA,318,138,180,2,316,0,ITC,ITC2,2,Valle d'Aosta / Vallée d'Aoste,Valle d'Aosta,125666,24448,19.45,0.25
2647,2021-04-22,VDA,1068,450,618,652,383,33,ITC,ITC2,2,Valle d'Aosta / Vallée d'Aoste,Valle d'Aosta,125666,25516,20.3,0.85
2648,2021-05-09,VDA,574,287,287,425,130,19,ITC,ITC2,2,Valle d'Aosta / Vallée d'Aoste,Valle d'Aosta,125666,26090,20.76,0.46
2649,2021-03-17,VDA,433,185,248,259,160,14,ITC,ITC2,2,Valle d'Aosta / Vallée d'Aoste,Valle d'Aosta,125666,26523,21.11,0.34
2650,2021-03-03,VDA,255,118,137,182,68,5,ITC,ITC2,2,Valle d'Aosta / Vallée d'Aoste,Valle d'Aosta,125666,26778,21.31,0.2
2651,2021-02-24,VDA,183,82,101,162,19,2,ITC,ITC2,2,Valle d'Aosta / Vallée d'Aoste,Valle d'Aosta,125666,26961,21.45,0.15
2652,2021-04-08,VDA,584,282,302,420,143,21,ITC,ITC2,2,Valle d'Aosta / Vallée d'Aoste,Valle d'Aosta,125666,27545,21.92,0.46
2653,2021-06-13,VDA,852,400,452,371,478,3,ITC,ITC2,2,Valle d'Aosta / Vallée d'Aoste,Valle d'Aosta,125666,28397,22.6,0.68
2654,2021-06-08,VDA,712,356,356,675,33,4,ITC,ITC2,2,Valle d'Aosta / Vallée d'Aoste,Valle d'Aosta,125666,29109,23.16,0.57
2655,2021-03-13,VDA,147,88,59,141,0,6,ITC,ITC2,2,Valle d'Aosta / Vallée d'Aoste,Valle d'Aosta,125666,29256,23.28,0.12
2656,2021-01-15,VDA,218,82,136,218,0,0,ITC,ITC2,2,Valle d'Aosta / Vallée d'Aoste,Valle d'Aosta,125666,29474,23.45,0.17
2657,2021-06-09,VDA,1027,535,492,983,36,8,ITC,ITC2,2,Valle d'Aosta / Vallée d'Aoste,Valle d'Aosta,125666,30501,24.27,0.82
2658,2021-03-01,VDA,181,66,115,139,34,8,ITC,ITC2,2,Valle d'Aosta / Vallée d'Aoste,Valle d'Aosta,125666,30682,24.42,0.14
2659,2021-02-15,VDA,264,136,128,225,35,4,ITC,ITC2,2,Valle d'Aosta / Vallée d'Aoste,Valle d'Aosta,125666,30946,24.63,0.21
2660,2021-02-10,VDA,248,77,171,141,107,0,ITC,ITC2,2,Valle d'Aosta / Vallée d'Aoste,Valle d'Aosta,125666,31194,24.82,0.2
2661,2021-03-25,VDA,389,154,235,364,10,15,ITC,ITC2,2,Valle d'Aosta / Vallée d'Aoste,Valle d'Aosta,125666,31583,25.13,0.31
2662,2021-05-21,VDA,917,433,484,515,386,16,ITC,ITC2,2,Valle d'Aosta / Vallée d'Aoste,Valle d'Aosta,125666,32500,25.86,0.73
2663,2021-04-17,VDA,638,407,231,593,2,43,ITC,ITC2,2,Valle d'Aosta / Vallée d'Aoste,Valle d'Aosta,125666,33138,26.37,0.51
2664,2021-01-07,VDA,276,111,165,276,0,0,ITC,ITC2,2,Valle d'Aosta / Vallée d'Aoste,Valle d'Aosta,125666,33414,26.59,0.22
2665,2021-02-19,VDA,292,102,190,266,24,2,ITC,ITC2,2,Valle d'Aosta / Vallée d'Aoste,Valle d'Aosta,125666,33706,26.82,0.23
2666,2021-04-12,VDA,486,186,300,306,163,17,ITC,ITC2,2,Valle d'Aosta / Vallée d'Aoste,Valle d'Aosta,125666,34192,27.21,0.39
2667,2021-04-29,VDA,1291,634,657,736,534,21,ITC,ITC2,2,Valle d'Aosta / Vallée d'Aoste,Valle d'Aosta,125666,35483,28.24,1.03
2668,2021-07-04,VDA,1191,530,661,336,840,15,ITC,ITC2,2,Valle d'Aosta / Vallée d'Aoste,Valle d'Aosta,125666,36674,29.18,0.95
2669,2021-05-18,VDA,970,484,486,349,617,4,ITC,ITC2,2,Valle d'Aosta / Vallée d'Aoste,Valle d'Aosta,125666,37644,29.96,0.77
2670,2021-02-07,VDA,292,120,172,190,102,0,ITC,ITC2,2,Valle d'Aosta / Vallée d'Aoste,Valle d'Aosta,125666,37936,30.19,0.23
2671,2021-03-22,VDA,560,205,355,324,227,9,ITC,ITC2,2,Valle d'Aosta / Vallée d'Aoste,Valle d'Aosta,125666,38496,30.63,0.45
2672,2021-03-29,VDA,493,233,260,448,40,5,ITC,ITC2,2,Valle d'Aosta / Vallée d'Aoste,Valle d'Aosta,125666,38989,31.03,0.39
2673,2021-06-20,VDA,1131,545,586,477,644,10,ITC,ITC2,2,Valle d'Aosta / Vallée d'Aoste,Valle d'Aosta,125666,40120,31.93,0.9
2674,2021-03-12,VDA,531,175,356,291,226,14,ITC,ITC2,2,Valle d'Aosta / Vallée d'Aoste,Valle d'Aosta,125666,40651,32.35,0.42
2675,2021-03-10,VDA,438,183,255,220,213,5,ITC,ITC2,2,Valle d'Aosta / Vallée d'Aoste,Valle d'Aosta,125666,41089,32.7,0.35
2676,2021-02-21,VDA,18,3,15,0,18,0,ITC,ITC2,2,Valle d'Aosta / Vallée d'Aoste,Valle d'Aosta,125666,41107,32.71,0.01
2677,2021-06-01,VDA,871,469,402,510,353,8,ITC,ITC2,2,Valle d'Aosta / Vallée d'Aoste,Valle d'Aosta,125666,41978,33.4,0.69
2678,2021-07-16,VDA,1074,551,523,346,728,0,ITC,ITC2,2,Valle d'Aosta / Vallée d'Aoste,Valle d'Aosta,125666,43052,34.26,0.85
2679,2021-01-26,VDA,140,49,91,0,140,0,ITC,ITC2,2,Valle d'Aosta / Vallée d'Aoste,Valle d'Aosta,125666,43192,34.37,0.11
2680,2021-02-12,VDA,263,96,167,216,46,1,ITC,ITC2,2,Valle d'Aosta / Vallée d'Aoste,Valle d'Aosta,125666,43455,34.58,0.21
2681,2021-01-12,VDA,302,72,230,302,0,0,ITC,ITC2,2,Valle d'Aosta / Vallée d'Aoste,Valle d'Aosta,125666,43757,34.82,0.24
2682,2021-05-24,VDA,1136,516,620,673,447,16,ITC,ITC2,2,Valle d'Aosta / Vallée d'Aoste,Valle d'Aosta,125666,44893,35.72,0.9
2683,2021-05-10,VDA,782,381,401,531,235,16,ITC,ITC2,2,Valle d'Aosta / Vallée d'Aoste,Valle d'Aosta,125666,45675,36.35,0.62
2684,2021-04-21,VDA,868,410,458,588,248,32,ITC,ITC2,2,Valle d'Aosta / Vallée d'Aoste,Valle d'Aosta,125666,46543,37.04,0.69
2685,2021-07-13,VDA,1061,567,494,307,748,6,ITC,ITC2,2,Valle d'Aosta / Vallée d'Aoste,Valle d'Aosta,125666,47604,37.88,0.84
2686,2021-03-21,VDA,355,165,190,346,0,9,ITC,ITC2,2,Valle d'Aosta / Vallée d'Aoste,Valle d'Aosta,125666,47959,38.16,0.28
2687,2021-02-26,VDA,207,58,149,108,85,14,ITC,ITC2,2,Valle d'Aosta / Vallée d'Aoste,Valle d'Aosta,125666,48166,38.33,0.16
2688,2021-04-10,VDA,404,190,214,387,5,12,ITC,ITC2,2,Valle d'Aosta / Vallée d'Aoste,Valle d'Aosta,125666,48570,38.65,0.32
2689,2020-12-31,VDA,18,4,14,18,0,0,ITC,ITC2,2,Valle d'Aosta / Vallée d'Aoste,Valle d'Aosta,125666,48588,38.66,0.01
2690,2021-06-06,VDA,1160,582,578,782,373,5,ITC,ITC2,2,Valle d'Aosta / Vallée d'Aoste,Valle d'Aosta,125666,49748,39.59,0.92
2691,2021-06-15,VDA,876,479,397,608,255,13,ITC,ITC2,2,Valle d'Aosta / Vallée d'Aoste,Valle d'Aosta,125666,50624,40.28,0.7
2692,2021-03-05,VDA,276,124,152,52,223,1,ITC,ITC2,2,Valle d'Aosta / Vallée d'Aoste,Valle d'Aosta,125666,50900,40.5,0.22
2693,2021-02-28,VDA,260,86,174,73,183,4,ITC,ITC2,2,Valle d'Aosta / Vallée d'Aoste,Valle d'Aosta,125666,51160,40.71,0.21
2694,2021-05-05,VDA,1038,566,472,434,582,22,ITC,ITC2,2,Valle d'Aosta / Vallée d'Aoste,Valle d'Aosta,125666,52198,41.54,0.83
2695,2021-05-01,VDA,940,563,377,439,484,17,ITC,ITC2,2,Valle d'Aosta / Vallée d'Aoste,Valle d'Aosta,125666,53138,42.29,0.75
2696,2021-04-14,VDA,941,430,511,689,224,28,ITC,ITC2,2,Valle d'Aosta / Vallée d'Aoste,Valle d'Aosta,125666,54079,43.03,0.75
2697,2021-07-06,VDA,880,478,402,155,720,5,ITC,ITC2,2,Valle d'Aosta / Vallée d'Aoste,Valle d'Aosta,125666,54959,43.73,0.7
2698,2021-01-02,VDA,6,5,1,6,0,0,ITC,ITC2,2,Valle d'Aosta / Vallée d'Aoste,Valle d'Aosta,125666,54965,43.74,0.0
2699,2021-03-26,VDA,498,204,294,472,7,19,ITC,ITC2,2,Valle d'Aosta / Vallée d'Aoste,Valle d'Aosta,125666,55463,44.14,0.4
2700,2021-06-17,VDA,775,422,353,614,149,12,ITC,ITC2,2,Valle d'Aosta / Vallée d'Aoste,Valle d'Aosta,125666,56238,44.75,0.62
2701,2021-01-21,VDA,33,12,21,33,0,0,ITC,ITC2,2,Valle d'Aosta / Vallée d'Aoste,Valle d'Aosta,125666,56271,44.78,0.03
2702,2021-01-04,VDA,142,59,83,142,0,0,ITC,ITC2,2,Valle d'Aosta / Vallée d'Aoste,Valle d'Aosta,125666,56413,44.89,0.11
2703,2021-03-28,VDA,522,212,310,493,1,28,ITC,ITC2,2,Valle d'Aosta / Vallée d'Aoste,Valle d'Aosta,125666,56935,45.31,0.42
2704,2021-03-11,VDA,197,76,121,66,131,0,ITC,ITC2,2,Valle d'Aosta / Vallée d'Aoste,Valle d'Aosta,125666,57132,45.46,0.16
2705,2021-06-02,VDA,1215,688,527,812,401,2,ITC,ITC2,2,Valle d'Aosta / Vallée d'Aoste,Valle d'Aosta,125666,58347,46.43,0.97
2706,2021-06-19,VDA,1288,667,621,657,619,12,ITC,ITC2,2,Valle d'Aosta / Vallée d'Aoste,Valle d'Aosta,125666,59635,47.46,1.02
2707,2021-03-09,VDA,206,96,110,166,32,8,ITC,ITC2,2,Valle d'Aosta / Vallée d'Aoste,Valle d'Aosta,125666,59841,47.62,0.16
2708,2021-02-20,VDA,251,210,41,238,10,3,ITC,ITC2,2,Valle d'Aosta / Vallée d'Aoste,Valle d'Aosta,125666,60092,47.82,0.2
2709,2021-01-05,VDA,150,54,96,150,0,0,ITC,ITC2,2,Valle d'Aosta / Vallée d'Aoste,Valle d'Aosta,125666,60242,47.94,0.12
2710,2021-01-14,VDA,237,69,168,237,0,0,ITC,ITC2,2,Valle d'Aosta / Vallée d'Aoste,Valle d'Aosta,125666,60479,48.13,0.19
2711,2021-04-24,VDA,722,400,322,533,167,22,ITC,ITC2,2,Valle d'Aosta / Vallée d'Aoste,Valle d'Aosta,125666,61201,48.7,0.57
2712,2021-04-19,VDA,752,325,427,520,209,23,ITC,ITC2,2,Valle d'Aosta / Vallée d'Aoste,Valle d'Aosta,125666,61953,49.3,0.6
2713,2021-01-16,VDA,237,80,157,237,0,0,ITC,ITC2,2,Valle d'Aosta / Vallée d'Aoste,Valle d'Aosta,125666,62190,49.49,0.19
2714,2021-06-22,VDA,1189,666,523,529,648,12,ITC,ITC2,2,Valle d'Aosta / Vallée d'Aoste,Valle d'Aosta,125666,63379,50.43,0.95
2715,2021-03-14,VDA,392,200,192,373,0,19,ITC,ITC2,2,Valle d'Aosta / Vallée d'Aoste,Valle d'Aosta,125666,63771,50.75,0.31
2716,2021-04-26,VDA,715,327,388,512,170,33,ITC,ITC2,2,Valle d'Aosta / Vallée d'Aoste,Valle d'Aosta,125666,64486,51.32,0.57
2717,2021-07-01,VDA,962,473,489,328,621,13,ITC,ITC2,2,Valle d'Aosta / Vallée d'Aoste,Valle d'Aosta,125666,65448,52.08,0.77
2718,2021-05-03,VDA,839,400,439,458,351,30,ITC,ITC2,2,Valle d'Aosta / Vallée d'Aoste,Valle d'Aosta,125666,66287,52.75,0.67
2719,2021-03-07,VDA,64,30,34,11,53,0,ITC,ITC2,2,Valle d'Aosta / Vallée d'Aoste,Valle d'Aosta,125666,66351,52.8,0.05
2720,2021-01-30,VDA,439,202,237,12,425,2,ITC,ITC2,2,Valle d'Aosta / Vallée d'Aoste,Valle d'Aosta,125666,66790,53.15,0.35
2721,2021-01-25,VDA,147,65,82,0,147,0,ITC,ITC2,2,Valle d'Aosta / Vallée d'Aoste,Valle d'Aosta,125666,66937,53.27,0.12
2722,2021-07-10,VDA,1289,667,622,321,957,11,ITC,ITC2,2,Valle d'Aosta / Vallée d'Aoste,Valle d'Aosta,125666,68226,54.29,1.03
2723,2021-05-14,VDA,960,442,518,249,669,42,ITC,ITC2,2,Valle d'Aosta / Vallée d'Aoste,Valle d'Aosta,125666,69186,55.06,0.76
2724,2021-02-01,VDA,404,127,277,84,317,3,ITC,ITC2,2,Valle d'Aosta / Vallée d'Aoste,Valle d'Aosta,125666,69590,55.38,0.32
2725,2021-07-08,VDA,1275,709,566,341,924,10,ITC,ITC2,2,Valle d'Aosta / Vallée d'Aoste,Valle d'Aosta,125666,70865,56.39,1.01
2726,2021-03-30,VDA,402,223,179,365,20,17,ITC,ITC2,2,Valle d'Aosta / Vallée d'Aoste,Valle d'Aosta,125666,71267,56.71,0.32
2727,2021-05-12,VDA,1140,549,591,439,670,31,ITC,ITC2,2,Valle d'Aosta / Vallée d'Aoste,Valle d'Aosta,125666,72407,57.62,0.91
2728,2021-03-31,VDA,555,302,253,511,26,18,ITC,ITC2,2,Valle d'Aosta / Vallée d'Aoste,Valle d'Aosta,125666,72962,58.06,0.44
2729,2021-05-27,VDA,1089,497,592,574,503,12,ITC,ITC2,2,Valle d'Aosta / Vallée d'Aoste,Valle d'Aosta,125666,74051,58.93,0.87
2730,2021-05-13,VDA,1139,556,583,515,599,25,ITC,ITC2,2,Valle d'Aosta / Vallée d'Aoste,Valle d'Aosta,125666,75190,59.83,0.91
2731,2021-02-02,VDA,273,70,203,2,271,0,ITC,ITC2,2,Valle d'Aosta / Vallée d'Aoste,Valle d'Aosta,125666,75463,60.05,0.22
2732,2021-07-09,VDA,945,446,499,280,656,9,ITC,ITC2,2,Valle d'Aosta / Vallée d'Aoste,Valle d'Aosta,125666,76408,60.8,0.75
2733,2021-06-25,VDA,977,445,532,322,653,2,ITC,ITC2,2,Valle d'Aosta / Vallée d'Aoste,Valle d'Aosta,125666,77385,61.58,0.78
2734,2021-05-20,VDA,810,364,446,360,440,10,ITC,ITC2,2,Valle d'Aosta / Vallée d'Aoste,Valle d'Aosta,125666,78195,62.22,0.64
2735,2021-07-02,VDA,866,383,483,301,560,5,ITC,ITC2,2,Valle d'Aosta / Vallée d'Aoste,Valle d'Aosta,125666,79061,62.91,0.69
2736,2021-03-24,VDA,515,230,285,255,257,3,ITC,ITC2,2,Valle d'Aosta / Vallée d'Aoste,Valle d'Aosta,125666,79576,63.32,0.41
2737,2021-05-06,VDA,1076,512,564,658,384,34,ITC,ITC2,2,Valle d'Aosta / Vallée d'Aoste,Valle d'Aosta,125666,80652,64.18,0.86
2738,2021-02-16,VDA,326,53,273,309,6,11,ITC,ITC2,2,Valle d'Aosta / Vallée d'Aoste,Valle d'Aosta,125666,80978,64.44,0.26
2739,2021-06-05,VDA,925,476,449,729,188,8,ITC,ITC2,2,Valle d'Aosta / Vallée d'Aoste,Valle d'Aosta,125666,81903,65.18,0.74
2740,2021-02-11,VDA,231,107,124,221,9,1,ITC,ITC2,2,Valle d'Aosta / Vallée d'Aoste,Valle d'Aosta,125666,82134,65.36,0.18
2741,2021-04-09,VDA,237,111,126,200,33,4,ITC,ITC2,2,Valle d'Aosta / Vallée d'Aoste,Valle d'Aosta,125666,82371,65.55,0.19
2742,2021-05-22,VDA,941,495,446,532,400,9,ITC,ITC2,2,Valle d'Aosta / Vallée d'Aoste,Valle d'Aosta,125666,83312,66.3,0.75
2743,2021-04-16,VDA,599,261,338,565,2,32,ITC,ITC2,2,Valle d'Aosta / Vallée d'Aoste,Valle d'Aosta,125666,83911,66.77,0.48
2744,2021-04-02,VDA,873,344,529,595,225,53,ITC,ITC2,2,Valle d'Aosta / Vallée d'Aoste,Valle d'Aosta,125666,84784,67.47,0.69
2745,2021-05-29,VDA,798,434,364,553,237,8,ITC,ITC2,2,Valle d'Aosta / Vallée d'Aoste,Valle d'Aosta,125666,85582,68.1,0.64
2746,2021-07-11,VDA,907,471,436,254,642,11,ITC,ITC2,2,Valle d'Aosta / Vallée d'Aoste,Valle d'Aosta,125666,86489,68.82,0.72
2747,2021-02-25,VDA,201,101,100,190,7,4,ITC,ITC2,2,Valle d'Aosta / Vallée d'Aoste,Valle d'Aosta,125666,86690,68.98,0.16
2748,2021-02-23,VDA,216,123,93,215,0,1,ITC,ITC2,2,Valle d'Aosta / Vallée d'Aoste,Valle d'Aosta,125666,86906,69.16,0.17
2749,2021-06-03,VDA,1306,667,639,884,410,12,ITC,ITC2,2,Valle d'Aosta / Vallée d'Aoste,Valle d'Aosta,125666,88212,70.2,1.04
2750,2021-06-29,VDA,780,390,390,235,542,3,ITC,ITC2,2,Valle d'Aosta / Vallée d'Aoste,Valle d'Aosta,125666,88992,70.82,0.62
2751,2021-06-10,VDA,1002,558,444,953,42,7,ITC,ITC2,2,Valle d'Aosta / Vallée d'Aoste,Valle d'Aosta,125666,89994,71.61,0.8
2752,2021-03-02,VDA,339,166,173,291,3,45,ITC,ITC2,2,Valle d'Aosta / Vallée d'Aoste,Valle d'Aosta,125666,90333,71.88,0.27
2753,2021-01-11,VDA,325,112,213,325,0,0,ITC,ITC2,2,Valle d'Aosta / Vallée d'Aoste,Valle d'Aosta,125666,90658,72.14,0.26
2754,2021-04-04,VDA,572,253,319,550,1,21,ITC,ITC2,2,Valle d'Aosta / Vallée d'Aoste,Valle d'Aosta,125666,91230,72.6,0.46
2755,2021-07-17,VDA,831,438,393,119,712,0,ITC,ITC2,2,Valle d'Aosta / Vallée d'Aoste,Valle d'Aosta,125666,92061,73.26,0.66
2756,2021-01-09,VDA,443,199,244,442,0,1,ITC,ITC2,2,Valle d'Aosta / Vallée d'Aoste,Valle d'Aosta,125666,92504,73.61,0.35
2757,2021-06-24,VDA,1221,629,592,379,833,9,ITC,ITC2,2,Valle d'Aosta / Vallée d'Aoste,Valle d'Aosta,125666,93725,74.58,0.97
2758,2021-07-03,VDA,935,484,451,390,536,9,ITC,ITC2,2,Valle d'Aosta / Vallée d'Aoste,Valle d'Aosta,125666,94660,75.33,0.74
2759,2021-02-08,VDA,223,83,140,25,198,0,ITC,ITC2,2,Valle d'Aosta / Vallée d'Aoste,Valle d'Aosta,125666,94883,75.5,0.18
2760,2021-03-23,VDA,379,150,229,228,134,17,ITC,ITC2,2,Valle d'Aosta / Vallée d'Aoste,Valle d'Aosta,125666,95262,75.81,0.3
2761,2021-05-19,VDA,993,498,495,411,575,7,ITC,ITC2,2,Valle d'Aosta / Vallée d'Aoste,Valle d'Aosta,125666,96255,76.6,0.79
2762,2021-03-16,VDA,182,37,145,109,64,9,ITC,ITC2,2,Valle d'Aosta / Vallée d'Aoste,Valle d'Aosta,125666,96437,76.74,0.14
2763,2021-02-13,VDA,216,196,20,213,1,2,ITC,ITC2,2,Valle d'Aosta / Vallée d'Aoste,Valle d'Aosta,125666,96653,76.91,0.17
2764,2021-05-17,VDA,809,417,392,367,434,8,ITC,ITC2,2,Valle d'Aosta / Vallée d'Aoste,Valle d'Aosta,125666,97462,77.56,0.64
2765,2021-05-15,VDA,1065,614,451,367,685,13,ITC,ITC2,2,Valle d'Aosta / Vallée d'Aoste,Valle d'Aosta,125666,98527,78.4,0.85
2766,2021-02-04,VDA,294,86,208,8,286,0,ITC,ITC2,2,Valle d'Aosta / Vallée d'Aoste,Valle d'Aosta,125666,98821,78.64,0.23
2767,2021-04-28,VDA,1218,632,586,681,503,34,ITC,ITC2,2,Valle d'Aosta / Vallée d'Aoste,Valle d'Aosta,125666,100039,79.61,0.97
2768,2021-04-07,VDA,910,474,436,654,229,27,ITC,ITC2,2,Valle d'Aosta / Vallée d'Aoste,Valle d'Aosta,125666,100949,80.33,0.72
2769,2021-02-09,VDA,251,84,167,67,183,1,ITC,ITC2,2,Valle d'Aosta / Vallée d'Aoste,Valle d'Aosta,125666,101200,80.53,0.2
2770,2021-04-18,VDA,522,254,268,492,4,26,ITC,ITC2,2,Valle d'Aosta / Vallée d'Aoste,Valle d'Aosta,125666,101722,80.95,0.42
2771,2021-06-14,VDA,307,164,143,12,295,0,ITC,ITC2,2,Valle d'Aosta / Vallée d'Aoste,Valle d'Aosta,125666,102029,81.19,0.24
2772,2021-05-31,VDA,880,396,484,490,379,11,ITC,ITC2,2,Valle d'Aosta / Vallée d'Aoste,Valle d'Aosta,125666,102909,81.89,0.7
2773,2021-01-06,VDA,65,33,32,65,0,0,ITC,ITC2,2,Valle d'Aosta / Vallée d'Aoste,Valle d'Aosta,125666,102974,81.94,0.05
2774,2021-02-18,VDA,349,153,196,255,88,6,ITC,ITC2,2,Valle d'Aosta / Vallée d'Aoste,Valle d'Aosta,125666,103323,82.22,0.28
2775,2021-04-25,VDA,849,408,441,673,139,37,ITC,ITC2,2,Valle d'Aosta / Vallée d'Aoste,Valle d'Aosta,125666,104172,82.9,0.68
2776,2021-06-21,VDA,1122,600,522,607,505,10,ITC,ITC2,2,Valle d'Aosta / Vallée d'Aoste,Valle d'Aosta,125666,105294,83.79,0.89
2777,2021-06-07,VDA,710,347,363,638,61,11,ITC,ITC2,2,Valle d'Aosta / Vallée d'Aoste,Valle d'Aosta,125666,106004,84.35,0.56
2778,2021-02-27,VDA,231,85,146,119,107,5,ITC,ITC2,2,Valle d'Aosta / Vallée d'Aoste,Valle d'Aosta,125666,106235,84.54,0.18
2779,2021-02-06,VDA,289,104,185,91,197,1,ITC,ITC2,2,Valle d'Aosta / Vallée d'Aoste,Valle d'Aosta,125666,106524,84.77,0.23
2780,2021-04-30,VDA,831,355,476,467,346,18,ITC,ITC2,2,Valle d'Aosta / Vallée d'Aoste,Valle d'Aosta,125666,107355,85.43,0.66
2781,2021-01-20,VDA,23,8,15,23,0,0,ITC,ITC2,2,Valle d'Aosta / Vallée d'Aoste,Valle d'Aosta,125666,107378,85.45,0.02
2782,2021-01-18,VDA,213,74,139,213,0,0,ITC,ITC2,2,Valle d'Aosta / Vallée d'Aoste,Valle d'Aosta,125666,107591,85.62,0.17
2783,2021-04-11,VDA,479,208,271,462,0,17,ITC,ITC2,2,Valle d'Aosta / Vallée d'Aoste,Valle d'Aosta,125666,108070,86.0,0.38
2784,2021-05-25,VDA,1115,530,585,529,574,12,ITC,ITC2,2,Valle d'Aosta / Vallée d'Aoste,Valle d'Aosta,125666,109185,86.89,0.89
2785,2021-02-14,VDA,48,16,32,1,47,0,ITC,ITC2,2,Valle d'Aosta / Vallée d'Aoste,Valle d'Aosta,125666,109233,86.92,0.04
2786,2021-05-08,VDA,904,540,364,497,378,29,ITC,ITC2,2,Valle d'Aosta / Vallée d'Aoste,Valle d'Aosta,125666,110137,87.64,0.72
2787,2021-04-05,VDA,464,223,241,439,6,19,ITC,ITC2,2,Valle d'Aosta / Vallée d'Aoste,Valle d'Aosta,125666,110601,88.01,0.37
2788,2021-06-27,VDA,1250,607,643,312,928,10,ITC,ITC2,2,Valle d'Aosta / Vallée d'Aoste,Valle d'Aosta,125666,111851,89.01,0.99
2789,2021-07-14,VDA,1019,532,487,293,726,0,ITC,ITC2,2,Valle d'Aosta / Vallée d'Aoste,Valle d'Aosta,125666,112870,89.82,0.81
2790,2021-01-28,VDA,291,123,168,56,235,0,ITC,ITC2,2,Valle d'Aosta / Vallée d'Aoste,Valle d'Aosta,125666,113161,90.05,0.23
2791,2021-06-12,VDA,1233,599,634,1063,166,4,ITC,ITC2,2,Valle d'Aosta / Vallée d'Aoste,Valle d'Aosta,125666,114394,91.03,0.98
2792,2021-03-19,VDA,322,85,237,277,35,10,ITC,ITC2,2,Valle d'Aosta / Vallée d'Aoste,Valle d'Aosta,125666,114716,91.29,0.26
2793,2021-05-07,VDA,564,245,319,517,31,16,ITC,ITC2,2,Valle d'Aosta / Vallée d'Aoste,Valle d'Aosta,125666,115280,91.74,0.45
2794,2021-04-23,VDA,922,443,479,510,383,29,ITC,ITC2,2,Valle d'Aosta / Vallée d'Aoste,Valle d'Aosta,125666,116202,92.47,0.73
2795,2021-01-13,VDA,337,110,227,337,0,0,ITC,ITC2,2,Valle d'Aosta / Vallée d'Aoste,Valle d'Aosta,125666,116539,92.74,0.27
2796,2021-07-15,VDA,1085,589,496,295,790,0,ITC,ITC2,2,Valle d'Aosta / Vallée d'Aoste,Valle d'Aosta,125666,117624,93.6,0.86
2797,2021-04-06,VDA,741,381,360,595,112,34,ITC,ITC2,2,Valle d'Aosta / Vallée d'Aoste,Valle d'Aosta,125666,118365,94.19,0.59
2798,2021-03-18,VDA,136,43,93,96,37,3,ITC,ITC2,2,Valle d'Aosta / Vallée d'Aoste,Valle d'Aosta,125666,118501,94.3,0.11
2799,2021-06-26,VDA,1061,509,552,350,704,7,ITC,ITC2,2,Valle d'Aosta / Vallée d'Aoste,Valle d'Aosta,125666,119562,95.14,0.84
2800,2021-03-04,VDA,291,139,152,39,250,2,ITC,ITC2,2,Valle d'Aosta / Vallée d'Aoste,Valle d'Aosta,125666,119853,95.37,0.23
2801,2021-05-26,VDA,1209,587,622,565,633,11,ITC,ITC2,2,Valle d'Aosta / Vallée d'Aoste,Valle d'Aosta,125666,121062,96.34,0.96
2802,2021-02-07,PUG,1579,669,910,253,1326,0,ITF,ITF4,16,Puglia,Puglia,4029053,1579,0.04,0.04
2803,2021-01-21,PUG,2133,905,1228,1269,862,2,ITF,ITF4,16,Puglia,Puglia,4029053,3712,0.09,0.05
2804,2021-05-01,PUG,27619,12648,14971,16698,10651,270,ITF,ITF4,16,Puglia,Puglia,4029053,31331,0.78,0.69
2805,2021-01-02,PUG,2951,1302,1649,2951,0,0,ITF,ITF4,16,Puglia,Puglia,4029053,34282,0.85,0.07
2806,2021-04-12,PUG,29275,13792,15483,26083,2878,314,ITF,ITF4,16,Puglia,Puglia,4029053,63557,1.58,0.73
2807,2021-07-04,PUG,19678,9559,10119,7836,11546,296,ITF,ITF4,16,Puglia,Puglia,4029053,83235,2.07,0.49
2808,2021-02-21,PUG,2177,474,1703,2048,62,67,ITF,ITF4,16,Puglia,Puglia,4029053,85412,2.12,0.05
2809,2021-06-01,PUG,34875,17458,17417,21614,12875,386,ITF,ITF4,16,Puglia,Puglia,4029053,120287,2.99,0.87
2810,2021-05-15,PUG,43568,18968,24600,22827,20023,718,ITF,ITF4,16,Puglia,Puglia,4029053,163855,4.07,1.08
2811,2021-06-03,PUG,50479,24490,25989,30476,19268,735,ITF,ITF4,16,Puglia,Puglia,4029053,214334,5.32,1.25
2812,2021-03-10,PUG,14813,6617,8196,11537,3124,152,ITF,ITF4,16,Puglia,Puglia,4029053,229147,5.69,0.37
2813,2021-03-29,PUG,13543,6604,6939,6604,6745,194,ITF,ITF4,16,Puglia,Puglia,4029053,242690,6.02,0.34
2814,2021-07-11,PUG,11535,5419,6116,2514,8930,91,ITF,ITF4,16,Puglia,Puglia,4029053,254225,6.31,0.29
2815,2021-01-31,PUG,1816,832,984,75,1741,0,ITF,ITF4,16,Puglia,Puglia,4029053,256041,6.35,0.05
2816,2021-03-05,PUG,17689,7171,10518,15171,2305,213,ITF,ITF4,16,Puglia,Puglia,4029053,273730,6.79,0.44
2817,2021-02-26,PUG,13768,5057,8711,12536,1036,196,ITF,ITF4,16,Puglia,Puglia,4029053,287498,7.14,0.34
2818,2020-12-31,PUG,1636,783,853,1636,0,0,ITF,ITF4,16,Puglia,Puglia,4029053,289134,7.18,0.04
2819,2021-06-15,PUG,42483,20779,21704,22272,19580,631,ITF,ITF4,16,Puglia,Puglia,4029053,331617,8.23,1.05
2820,2021-06-08,PUG,39270,19126,20144,20948,17763,559,ITF,ITF4,16,Puglia,Puglia,4029053,370887,9.21,0.97
2821,2021-01-12,PUG,4213,1770,2443,4211,0,2,ITF,ITF4,16,Puglia,Puglia,4029053,375100,9.31,0.1
2822,2021-04-07,PUG,15704,7128,8576,8824,6678,202,ITF,ITF4,16,Puglia,Puglia,4029053,390804,9.7,0.39
2823,2021-07-16,PUG,42114,20418,21696,11597,29775,742,ITF,ITF4,16,Puglia,Puglia,4029053,432918,10.74,1.05
2824,2021-04-19,PUG,27715,12881,14834,24329,3044,342,ITF,ITF4,16,Puglia,Puglia,4029053,460633,11.43,0.69
2825,2021-04-24,PUG,29394,13382,16012,25116,3944,334,ITF,ITF4,16,Puglia,Puglia,4029053,490027,12.16,0.73
2826,2021-01-14,PUG,4072,1591,2481,4066,0,6,ITF,ITF4,16,Puglia,Puglia,4029053,494099,12.26,0.1
2827,2021-04-05,PUG,12753,6194,6559,12078,533,142,ITF,ITF4,16,Puglia,Puglia,4029053,506852,12.58,0.32
2828,2021-03-19,PUG,7966,3655,4311,3378,4551,37,ITF,ITF4,16,Puglia,Puglia,4029053,514818,12.78,0.2
2829,2021-06-27,PUG,18460,9170,9290,9913,8267,280,ITF,ITF4,16,Puglia,Puglia,4029053,533278,13.24,0.46
2830,2021-02-09,PUG,3840,1569,2271,2149,1673,18,ITF,ITF4,16,Puglia,Puglia,4029053,537118,13.33,0.1
2831,2021-05-20,PUG,33591,15245,18346,20725,12348,518,ITF,ITF4,16,Puglia,Puglia,4029053,570709,14.16,0.83
2832,2021-03-24,PUG,13570,6509,7061,6147,7308,115,ITF,ITF4,16,Puglia,Puglia,4029053,584279,14.5,0.34
2833,2021-01-26,PUG,5366,2398,2968,570,4795,1,ITF,ITF4,16,Puglia,Puglia,4029053,589645,14.63,0.13
2834,2021-07-02,PUG,46804,22225,24579,17191,28656,957,ITF,ITF4,16,Puglia,Puglia,4029053,636449,15.8,1.16
2835,2021-05-06,PUG,39582,17305,22277,19330,19694,558,ITF,ITF4,16,Puglia,Puglia,4029053,676031,16.78,0.98
2836,2021-01-19,PUG,1221,452,769,1210,10,1,ITF,ITF4,16,Puglia,Puglia,4029053,677252,16.81,0.03
2837,2021-07-08,PUG,41079,19025,22054,5511,35096,472,ITF,ITF4,16,Puglia,Puglia,4029053,718331,17.83,1.02
2838,2021-05-29,PUG,30518,14374,16144,20552,9420,546,ITF,ITF4,16,Puglia,Puglia,4029053,748849,18.59,0.76
2839,2021-04-02,PUG,12841,5998,6843,8166,4524,151,ITF,ITF4,16,Puglia,Puglia,4029053,761690,18.9,0.32
2840,2021-03-12,PUG,14282,6437,7845,10214,3931,137,ITF,ITF4,16,Puglia,Puglia,4029053,775972,19.26,0.35
2841,2021-06-20,PUG,21423,10779,10644,13929,7145,349,ITF,ITF4,16,Puglia,Puglia,4029053,797395,19.79,0.53
2842,2021-02-04,PUG,5928,2365,3563,1183,4736,9,ITF,ITF4,16,Puglia,Puglia,4029053,803323,19.94,0.15
2843,2021-05-17,PUG,32844,15218,17626,20478,11862,504,ITF,ITF4,16,Puglia,Puglia,4029053,836167,20.75,0.82
2844,2021-05-27,PUG,40842,19300,21542,22874,17294,674,ITF,ITF4,16,Puglia,Puglia,4029053,877009,21.77,1.01
2845,2021-03-02,PUG,16388,6092,10296,14843,1302,243,ITF,ITF4,16,Puglia,Puglia,4029053,893397,22.17,0.41
2846,2021-06-10,PUG,47032,23118,23914,29299,17003,730,ITF,ITF4,16,Puglia,Puglia,4029053,940429,23.34,1.17
2847,2021-04-04,PUG,5971,2965,3006,5885,5,81,ITF,ITF4,16,Puglia,Puglia,4029053,946400,23.49,0.15
2848,2021-07-13,PUG,46307,21848,24459,7863,37861,583,ITF,ITF4,16,Puglia,Puglia,4029053,992707,24.64,1.15
2849,2021-06-13,PUG,21739,10894,10845,16242,5177,320,ITF,ITF4,16,Puglia,Puglia,4029053,1014446,25.18,0.54
2850,2021-02-28,PUG,6061,1807,4254,5801,186,74,ITF,ITF4,16,Puglia,Puglia,4029053,1020507,25.33,0.15
2851,2021-05-12,PUG,36566,16311,20255,23480,12492,594,ITF,ITF4,16,Puglia,Puglia,4029053,1057073,26.24,0.91
2852,2021-03-31,PUG,14558,6822,7736,8846,5562,150,ITF,ITF4,16,Puglia,Puglia,4029053,1071631,26.6,0.36
2853,2021-02-02,PUG,4345,1847,2498,590,3754,1,ITF,ITF4,16,Puglia,Puglia,4029053,1075976,26.71,0.11
2854,2021-07-09,PUG,35628,17119,18509,6370,28594,664,ITF,ITF4,16,Puglia,Puglia,4029053,1111604,27.59,0.88
2855,2021-05-13,PUG,38740,17276,21464,20970,17191,579,ITF,ITF4,16,Puglia,Puglia,4029053,1150344,28.55,0.96
2856,2021-03-17,PUG,10341,4700,5641,4105,6174,62,ITF,ITF4,16,Puglia,Puglia,4029053,1160685,28.81,0.26
2857,2021-02-14,PUG,786,347,439,658,124,4,ITF,ITF4,16,Puglia,Puglia,4029053,1161471,28.83,0.02
2858,2021-05-25,PUG,34690,16188,18502,20587,13517,586,ITF,ITF4,16,Puglia,Puglia,4029053,1196161,29.69,0.86
2859,2021-05-08,PUG,54277,22974,31303,24024,29743,510,ITF,ITF4,16,Puglia,Puglia,4029053,1250438,31.04,1.35
2860,2021-01-07,PUG,5717,2459,3258,5717,0,0,ITF,ITF4,16,Puglia,Puglia,4029053,1256155,31.18,0.14
2861,2021-04-17,PUG,39997,18956,21041,36006,3570,421,ITF,ITF4,16,Puglia,Puglia,4029053,1296152,32.17,0.99
2862,2021-02-19,PUG,4735,2012,2723,4291,391,53,ITF,ITF4,16,Puglia,Puglia,4029053,1300887,32.29,0.12
2863,2021-06-22,PUG,42087,20404,21683,18810,22667,610,ITF,ITF4,16,Puglia,Puglia,4029053,1342974,33.33,1.04
2864,2021-04-26,PUG,26273,12037,14236,22648,3234,391,ITF,ITF4,16,Puglia,Puglia,4029053,1369247,33.98,0.65
2865,2021-03-16,PUG,9872,4688,5184,3455,6360,57,ITF,ITF4,16,Puglia,Puglia,4029053,1379119,34.23,0.25
2866,2021-06-24,PUG,52334,25322,27012,23286,28220,828,ITF,ITF4,16,Puglia,Puglia,4029053,1431453,35.53,1.3
2867,2021-04-28,PUG,19827,8889,10938,14790,4770,267,ITF,ITF4,16,Puglia,Puglia,4029053,1451280,36.02,0.49
2868,2021-01-04,PUG,4510,2017,2493,4508,0,2,ITF,ITF4,16,Puglia,Puglia,4029053,1455790,36.13,0.11
2869,2021-03-26,PUG,12002,5839,6163,7228,4648,126,ITF,ITF4,16,Puglia,Puglia,4029053,1467792,36.43,0.3
2870,2021-03-09,PUG,13627,6090,7537,11432,2012,183,ITF,ITF4,16,Puglia,Puglia,4029053,1481419,36.77,0.34
2871,2021-04-14,PUG,31985,15092,16893,28370,3307,308,ITF,ITF4,16,Puglia,Puglia,4029053,1513404,37.56,0.79
2872,2021-03-28,PUG,3541,1654,1887,1180,2327,34,ITF,ITF4,16,Puglia,Puglia,4029053,1516945,37.65,0.09
2873,2021-07-06,PUG,42107,19379,22728,6190,35486,431,ITF,ITF4,16,Puglia,Puglia,4029053,1559052,38.7,1.05
2874,2021-06-19,PUG,34550,17327,17223,22023,11827,700,ITF,ITF4,16,Puglia,Puglia,4029053,1593602,39.55,0.86
2875,2021-04-16,PUG,36042,16942,19100,32336,3282,424,ITF,ITF4,16,Puglia,Puglia,4029053,1629644,40.45,0.89
2876,2021-02-18,PUG,4382,1848,2534,3716,606,60,ITF,ITF4,16,Puglia,Puglia,4029053,1634026,40.56,0.11
2877,2021-04-09,PUG,22058,9507,12551,17047,4626,385,ITF,ITF4,16,Puglia,Puglia,4029053,1656084,41.1,0.55
2878,2021-02-11,PUG,3697,1401,2296,2393,1278,26,ITF,ITF4,16,Puglia,Puglia,4029053,1659781,41.2,0.09
2879,2021-05-22,PUG,34628,15861,18767,23682,10402,544,ITF,ITF4,16,Puglia,Puglia,4029053,1694409,42.05,0.86
2880,2021-02-25,PUG,11968,5062,6906,10660,1173,135,ITF,ITF4,16,Puglia,Puglia,4029053,1706377,42.35,0.3
2881,2021-06-05,PUG,42431,20795,21636,29076,12629,726,ITF,ITF4,16,Puglia,Puglia,4029053,1748808,43.4,1.05
2882,2021-02-23,PUG,9362,4422,4940,8781,489,92,ITF,ITF4,16,Puglia,Puglia,4029053,1758170,43.64,0.23
2883,2021-03-21,PUG,2694,1227,1467,579,2104,11,ITF,ITF4,16,Puglia,Puglia,4029053,1760864,43.7,0.07
2884,2021-06-29,PUG,46185,22143,24042,15145,30319,721,ITF,ITF4,16,Puglia,Puglia,4029053,1807049,44.85,1.15
2885,2021-01-11,PUG,3754,1589,2165,3753,0,1,ITF,ITF4,16,Puglia,Puglia,4029053,1810803,44.94,0.09
2886,2021-04-21,PUG,23132,10682,12450,19093,3734,305,ITF,ITF4,16,Puglia,Puglia,4029053,1833935,45.52,0.57
2887,2021-05-24,PUG,36107,17036,19071,24495,10998,614,ITF,ITF4,16,Puglia,Puglia,4029053,1870042,46.41,0.9
2888,2021-02-16,PUG,3384,1455,1929,2708,646,30,ITF,ITF4,16,Puglia,Puglia,4029053,1873426,46.5,0.08
2889,2021-01-30,PUG,5531,2514,3017,408,5122,1,ITF,ITF4,16,Puglia,Puglia,4029053,1878957,46.64,0.14
2890,2021-05-10,PUG,37736,16673,21063,19305,17960,471,ITF,ITF4,16,Puglia,Puglia,4029053,1916693,47.57,0.94
2891,2021-02-13,PUG,3727,1456,2271,3015,696,16,ITF,ITF4,16,Puglia,Puglia,4029053,1920420,47.66,0.09
2892,2021-06-28,PUG,48238,23391,24847,21498,25866,874,ITF,ITF4,16,Puglia,Puglia,4029053,1968658,48.86,1.2
2893,2021-01-23,PUG,3039,1294,1745,885,2153,1,ITF,ITF4,16,Puglia,Puglia,4029053,1971697,48.94,0.08
2894,2021-05-03,PUG,33321,14892,18429,22099,10644,578,ITF,ITF4,16,Puglia,Puglia,4029053,2005018,49.76,0.83
2895,2021-03-07,PUG,4983,2000,2983,4372,571,40,ITF,ITF4,16,Puglia,Puglia,4029053,2010001,49.89,0.12
2896,2021-05-05,PUG,39165,17166,21999,24376,14194,595,ITF,ITF4,16,Puglia,Puglia,4029053,2049166,50.86,0.97
2897,2021-06-17,PUG,42621,20832,21789,21234,20786,601,ITF,ITF4,16,Puglia,Puglia,4029053,2091787,51.92,1.06
2898,2021-03-30,PUG,12365,5923,6442,6286,5925,154,ITF,ITF4,16,Puglia,Puglia,4029053,2104152,52.22,0.31
2899,2021-02-01,PUG,3966,1660,2306,369,3595,2,ITF,ITF4,16,Puglia,Puglia,4029053,2108118,52.32,0.1
2900,2021-07-17,PUG,21042,10456,10586,6195,14494,353,ITF,ITF4,16,Puglia,Puglia,4029053,2129160,52.85,0.52
2901,2021-05-14,PUG,44927,20533,24394,27931,16132,864,ITF,ITF4,16,Puglia,Puglia,4029053,2174087,53.96,1.12
2902,2021-06-21,PUG,41505,20231,21274,21207,19619,679,ITF,ITF4,16,Puglia,Puglia,4029053,2215592,54.99,1.03
2903,2021-03-11,PUG,14813,6575,8238,11444,3172,197,ITF,ITF4,16,Puglia,Puglia,4029053,2230405,55.36,0.37
2904,2021-06-02,PUG,27016,13211,13805,21839,4815,362,ITF,ITF4,16,Puglia,Puglia,4029053,2257421,56.03,0.67
2905,2021-03-13,PUG,10468,4134,6334,8562,1808,98,ITF,ITF4,16,Puglia,Puglia,4029053,2267889,56.29,0.26
2906,2021-02-24,PUG,10047,4707,5340,9363,594,90,ITF,ITF4,16,Puglia,Puglia,4029053,2277936,56.54,0.25
2907,2021-06-04,PUG,52617,25457,27160,34110,17675,832,ITF,ITF4,16,Puglia,Puglia,4029053,2330553,57.84,1.31
2908,2021-05-18,PUG,28885,13441,15444,15845,12787,253,ITF,ITF4,16,Puglia,Puglia,4029053,2359438,58.56,0.72
2909,2021-04-29,PUG,26207,12127,14080,19121,6665,421,ITF,ITF4,16,Puglia,Puglia,4029053,2385645,59.21,0.65
2910,2021-01-09,PUG,4885,2250,2635,4881,0,4,ITF,ITF4,16,Puglia,Puglia,4029053,2390530,59.33,0.12
2911,2021-07-01,PUG,47762,22360,25402,11330,35780,652,ITF,ITF4,16,Puglia,Puglia,4029053,2438292,60.52,1.19
2912,2021-03-14,PUG,3330,1435,1895,2475,819,36,ITF,ITF4,16,Puglia,Puglia,4029053,2441622,60.6,0.08
2913,2021-01-16,PUG,2508,1036,1472,2506,0,2,ITF,ITF4,16,Puglia,Puglia,4029053,2444130,60.66,0.06
2914,2021-05-21,PUG,39058,18540,20518,28209,10058,791,ITF,ITF4,16,Puglia,Puglia,4029053,2483188,61.63,0.97
2915,2021-05-19,PUG,26391,12761,13630,19516,6437,438,ITF,ITF4,16,Puglia,Puglia,4029053,2509579,62.29,0.66
2916,2021-03-23,PUG,11106,5635,5471,4540,6478,88,ITF,ITF4,16,Puglia,Puglia,4029053,2520685,62.56,0.28
2917,2021-01-25,PUG,3829,1680,2149,424,3404,1,ITF,ITF4,16,Puglia,Puglia,4029053,2524514,62.66,0.1
2918,2021-07-10,PUG,21721,10682,11039,4397,17026,298,ITF,ITF4,16,Puglia,Puglia,4029053,2546235,63.2,0.54
2919,2021-04-08,PUG,17488,7587,9901,11095,6177,216,ITF,ITF4,16,Puglia,Puglia,4029053,2563723,63.63,0.43
2920,2021-06-06,PUG,30660,15434,15226,25298,5033,329,ITF,ITF4,16,Puglia,Puglia,4029053,2594383,64.39,0.76
2921,2021-04-10,PUG,30898,13105,17793,26295,4224,379,ITF,ITF4,16,Puglia,Puglia,4029053,2625281,65.16,0.77
2922,2021-04-01,PUG,13935,6543,7392,7374,6347,214,ITF,ITF4,16,Puglia,Puglia,4029053,2639216,65.5,0.35
2923,2021-02-03,PUG,5039,2006,3033,727,4309,3,ITF,ITF4,16,Puglia,Puglia,4029053,2644255,65.63,0.13
2924,2021-05-31,PUG,37829,18227,19602,23101,14176,552,ITF,ITF4,16,Puglia,Puglia,4029053,2682084,66.57,0.94
2925,2021-04-25,PUG,11302,5235,6067,10022,1149,131,ITF,ITF4,16,Puglia,Puglia,4029053,2693386,66.85,0.28
2926,2021-02-27,PUG,14222,4818,9404,12815,1226,181,ITF,ITF4,16,Puglia,Puglia,4029053,2707608,67.2,0.35
2927,2021-01-01,PUG,148,61,87,148,0,0,ITF,ITF4,16,Puglia,Puglia,4029053,2707756,67.21,0.0
2928,2021-06-07,PUG,44270,21624,22646,30298,13203,769,ITF,ITF4,16,Puglia,Puglia,4029053,2752026,68.3,1.1
2929,2021-04-11,PUG,16467,7253,9214,14632,1658,177,ITF,ITF4,16,Puglia,Puglia,4029053,2768493,68.71,0.41
2930,2021-01-06,PUG,3952,1674,2278,3951,0,1,ITF,ITF4,16,Puglia,Puglia,4029053,2772445,68.81,0.1
2931,2021-06-16,PUG,41808,20563,21245,26655,14384,769,ITF,ITF4,16,Puglia,Puglia,4029053,2814253,69.85,1.04
2932,2020-12-30,PUG,1,0,1,1,0,0,ITF,ITF4,16,Puglia,Puglia,4029053,2814254,69.85,0.0
2933,2021-03-22,PUG,9949,5113,4836,4241,5647,61,ITF,ITF4,16,Puglia,Puglia,4029053,2824203,70.1,0.25
2934,2021-01-24,PUG,1670,750,920,154,1516,0,ITF,ITF4,16,Puglia,Puglia,4029053,2825873,70.14,0.04
2935,2021-06-30,PUG,47188,22911,24277,18595,27711,882,ITF,ITF4,16,Puglia,Puglia,4029053,2873061,71.31,1.17
2936,2021-03-15,PUG,12340,6148,6192,5734,6505,101,ITF,ITF4,16,Puglia,Puglia,4029053,2885401,71.61,0.31
2937,2021-01-17,PUG,1310,592,718,1240,69,1,ITF,ITF4,16,Puglia,Puglia,4029053,2886711,71.65,0.03
2938,2021-06-23,PUG,29178,14251,14927,16809,11728,641,ITF,ITF4,16,Puglia,Puglia,4029053,2915889,72.37,0.72
2939,2021-04-27,PUG,26683,12071,14612,20755,5603,325,ITF,ITF4,16,Puglia,Puglia,4029053,2942572,73.03,0.66
2940,2021-01-18,PUG,1845,771,1074,1495,349,1,ITF,ITF4,16,Puglia,Puglia,4029053,2944417,73.08,0.05
2941,2021-02-06,PUG,4551,1932,2619,1578,2958,15,ITF,ITF4,16,Puglia,Puglia,4029053,2948968,73.19,0.11
2942,2021-01-20,PUG,1548,542,1006,1537,8,3,ITF,ITF4,16,Puglia,Puglia,4029053,2950516,73.23,0.04
2943,2021-04-30,PUG,34960,15665,19295,22422,11969,569,ITF,ITF4,16,Puglia,Puglia,4029053,2985476,74.1,0.87
2944,2021-04-13,PUG,28743,13633,15110,25030,3404,309,ITF,ITF4,16,Puglia,Puglia,4029053,3014219,74.81,0.71
2945,2021-07-05,PUG,38483,18057,20426,7319,30601,563,ITF,ITF4,16,Puglia,Puglia,4029053,3052702,75.77,0.96
2946,2021-05-02,PUG,21321,9664,11657,13872,7266,183,ITF,ITF4,16,Puglia,Puglia,4029053,3074023,76.3,0.53
2947,2021-02-22,PUG,9635,4537,5098,9214,334,87,ITF,ITF4,16,Puglia,Puglia,4029053,3083658,76.54,0.24
2948,2021-02-05,PUG,5636,2273,3363,1328,4303,5,ITF,ITF4,16,Puglia,Puglia,4029053,3089294,76.68,0.14
2949,2021-05-16,PUG,24547,11071,13476,12491,11834,222,ITF,ITF4,16,Puglia,Puglia,4029053,3113841,77.28,0.61
2950,2021-05-09,PUG,30706,12592,18114,14712,15619,375,ITF,ITF4,16,Puglia,Puglia,4029053,3144547,78.05,0.76
2951,2021-04-22,PUG,23029,10541,12488,17719,4920,390,ITF,ITF4,16,Puglia,Puglia,4029053,3167576,78.62,0.57
2952,2021-02-12,PUG,4212,1672,2540,3098,1092,22,ITF,ITF4,16,Puglia,Puglia,4029053,3171788,78.72,0.1
2953,2021-01-29,PUG,6203,2664,3539,417,5782,4,ITF,ITF4,16,Puglia,Puglia,4029053,3177991,78.88,0.15
2954,2021-03-20,PUG,8413,3878,4535,3775,4595,43,ITF,ITF4,16,Puglia,Puglia,4029053,3186404,79.09,0.21
2955,2021-03-03,PUG,16784,6802,9982,14715,1919,150,ITF,ITF4,16,Puglia,Puglia,4029053,3203188,79.5,0.42
2956,2021-06-11,PUG,47777,23373,24404,32889,13968,920,ITF,ITF4,16,Puglia,Puglia,4029053,3250965,80.69,1.19
2957,2021-07-12,PUG,43626,20586,23040,12302,30588,736,ITF,ITF4,16,Puglia,Puglia,4029053,3294591,81.77,1.08
2958,2021-03-25,PUG,11715,6001,5714,5371,6246,98,ITF,ITF4,16,Puglia,Puglia,4029053,3306306,82.06,0.29
2959,2021-07-03,PUG,32741,16335,16406,13300,18912,529,ITF,ITF4,16,Puglia,Puglia,4029053,3339047,82.87,0.81
2960,2021-02-08,PUG,3995,1611,2384,1581,2398,16,ITF,ITF4,16,Puglia,Puglia,4029053,3343042,82.97,0.1
2961,2021-02-10,PUG,3646,1436,2210,2114,1511,21,ITF,ITF4,16,Puglia,Puglia,4029053,3346688,83.06,0.09
2962,2021-05-23,PUG,17920,8374,9546,13853,3806,261,ITF,ITF4,16,Puglia,Puglia,4029053,3364608,83.51,0.44
2963,2021-02-17,PUG,4284,1749,2535,3634,610,40,ITF,ITF4,16,Puglia,Puglia,4029053,3368892,83.61,0.11
2964,2021-05-28,PUG,43940,20805,23135,27432,15706,802,ITF,ITF4,16,Puglia,Puglia,4029053,3412832,84.71,1.09
2965,2021-04-03,PUG,10560,4646,5914,6805,3559,196,ITF,ITF4,16,Puglia,Puglia,4029053,3423392,84.97,0.26
2966,2021-06-18,PUG,47490,23376,24114,28628,17870,992,ITF,ITF4,16,Puglia,Puglia,4029053,3470882,86.15,1.18
2967,2021-03-06,PUG,16149,6126,10023,13888,2094,167,ITF,ITF4,16,Puglia,Puglia,4029053,3487031,86.55,0.4
2968,2021-01-08,PUG,5653,2373,3280,5647,0,6,ITF,ITF4,16,Puglia,Puglia,4029053,3492684,86.69,0.14
2969,2021-06-14,PUG,41825,20467,21358,28631,12342,852,ITF,ITF4,16,Puglia,Puglia,4029053,3534509,87.73,1.04
2970,2021-04-18,PUG,22644,10832,11812,21392,1056,196,ITF,ITF4,16,Puglia,Puglia,4029053,3557153,88.29,0.56
2971,2021-02-20,PUG,2969,1078,1891,2684,257,28,ITF,ITF4,16,Puglia,Puglia,4029053,3560122,88.36,0.07
2972,2021-01-15,PUG,4552,1866,2686,4547,0,5,ITF,ITF4,16,Puglia,Puglia,4029053,3564674,88.47,0.11
2973,2021-01-22,PUG,1409,578,831,990,418,1,ITF,ITF4,16,Puglia,Puglia,4029053,3566083,88.51,0.03
2974,2021-05-30,PUG,20997,10051,10946,15704,5037,256,ITF,ITF4,16,Puglia,Puglia,4029053,3587080,89.03,0.52
2975,2021-05-11,PUG,32569,14372,18197,13649,18427,493,ITF,ITF4,16,Puglia,Puglia,4029053,3619649,89.84,0.81
2976,2021-05-04,PUG,35069,14833,20236,18184,16469,416,ITF,ITF4,16,Puglia,Puglia,4029053,3654718,90.71,0.87
2977,2021-03-08,PUG,14995,6440,8555,12440,2402,153,ITF,ITF4,16,Puglia,Puglia,4029053,3669713,91.08,0.37
2978,2021-06-25,PUG,50469,24870,25599,23648,25871,950,ITF,ITF4,16,Puglia,Puglia,4029053,3720182,92.33,1.25
2979,2021-01-03,PUG,2006,942,1064,2005,0,1,ITF,ITF4,16,Puglia,Puglia,4029053,3722188,92.38,0.05
2980,2021-03-27,PUG,12156,5711,6445,6875,5172,109,ITF,ITF4,16,Puglia,Puglia,4029053,3734344,92.69,0.3
2981,2021-01-05,PUG,5110,2251,2859,5107,0,3,ITF,ITF4,16,Puglia,Puglia,4029053,3739454,92.81,0.13
2982,2021-04-15,PUG,32702,15260,17442,28690,3611,401,ITF,ITF4,16,Puglia,Puglia,4029053,3772156,93.62,0.81
2983,2021-07-07,PUG,38351,18361,19990,6202,31626,523,ITF,ITF4,16,Puglia,Puglia,4029053,3810507,94.58,0.95
2984,2021-06-12,PUG,34411,17156,17255,24941,8865,605,ITF,ITF4,16,Puglia,Puglia,4029053,3844918,95.43,0.85
2985,2021-01-28,PUG,5474,2277,3197,470,5004,0,ITF,ITF4,16,Puglia,Puglia,4029053,3850392,95.57,0.14
2986,2021-04-23,PUG,29529,13723,15806,23860,5254,415,ITF,ITF4,16,Puglia,Puglia,4029053,3879921,96.3,0.73
2987,2021-03-18,PUG,9577,4349,5228,3335,6177,65,ITF,ITF4,16,Puglia,Puglia,4029053,3889498,96.54,0.24
2988,2021-06-26,PUG,32154,16182,15972,15753,15803,598,ITF,ITF4,16,Puglia,Puglia,4029053,3921652,97.33,0.8
2989,2021-03-04,PUG,15348,6096,9252,13702,1423,223,ITF,ITF4,16,Puglia,Puglia,4029053,3937000,97.72,0.38
2990,2021-06-09,PUG,41766,20677,21089,29857,11192,717,ITF,ITF4,16,Puglia,Puglia,4029053,3978766,98.75,1.04
2991,2021-02-15,PUG,3258,1270,1988,2592,622,44,ITF,ITF4,16,Puglia,Puglia,4029053,3982024,98.83,0.08
2992,2021-05-26,PUG,38510,18501,20009,26171,11689,650,ITF,ITF4,16,Puglia,Puglia,4029053,4020534,99.79,0.96
2993,2021-01-27,PUG,4603,1941,2662,629,3972,2,ITF,ITF4,16,Puglia,Puglia,4029053,4025137,99.9,0.11
2994,2021-05-07,PUG,50058,22341,27717,26024,23476,558,ITF,ITF4,16,Puglia,Puglia,4029053,4075195,101.15,1.24
2995,2021-01-13,PUG,4544,1729,2815,4541,0,3,ITF,ITF4,16,Puglia,Puglia,4029053,4079739,101.26,0.11
2996,2021-04-06,PUG,13849,6255,7594,6925,6756,168,ITF,ITF4,16,Puglia,Puglia,4029053,4093588,101.6,0.34
2997,2021-07-15,PUG,41566,20120,21446,8768,32116,682,ITF,ITF4,16,Puglia,Puglia,4029053,4135154,102.63,1.03
2998,2021-07-14,PUG,42218,20217,22001,12303,29118,797,ITF,ITF4,16,Puglia,Puglia,4029053,4177372,103.68,1.05
2999,2021-03-01,PUG,15104,5867,9237,13579,1372,153,ITF,ITF4,16,Puglia,Puglia,4029053,4192476,104.06,0.37
3000,2021-01-10,PUG,2349,1062,1287,2348,0,1,ITF,ITF4,16,Puglia,Puglia,4029053,4194825,104.11,0.06
3001,2021-04-20,PUG,21167,9833,11334,17439,3466,262,ITF,ITF4,16,Puglia,Puglia,4029053,4215992,104.64,0.53
3002,2020-12-27,PUG,510,252,258,510,0,0,ITF,ITF4,16,Puglia,Puglia,4029053,4216502,104.65,0.01
3003,2021-05-19,SAR,17023,8665,8358,12629,4238,156,ITG,ITG2,20,Sardegna,Sardegna,1639591,17023,1.04,1.04
3004,2021-06-05,SAR,17876,8434,9442,11285,6457,134,ITG,ITG2,20,Sardegna,Sardegna,1639591,34899,2.13,1.09
3005,2021-02-25,SAR,2896,1254,1642,2261,604,31,ITG,ITG2,20,Sardegna,Sardegna,1639591,37795,2.31,0.18
3006,2021-03-14,SAR,605,377,228,596,0,9,ITG,ITG2,20,Sardegna,Sardegna,1639591,38400,2.34,0.04
3007,2021-06-19,SAR,15337,7512,7825,9116,6122,99,ITG,ITG2,20,Sardegna,Sardegna,1639591,53737,3.28,0.94
3008,2021-07-06,SAR,15914,7716,8198,4665,11153,96,ITG,ITG2,20,Sardegna,Sardegna,1639591,69651,4.25,0.97
3009,2021-03-28,SAR,4528,1792,2736,4387,78,63,ITG,ITG2,20,Sardegna,Sardegna,1639591,74179,4.52,0.28
3010,2021-01-04,SAR,587,215,372,587,0,0,ITG,ITG2,20,Sardegna,Sardegna,1639591,74766,4.56,0.04
3011,2021-01-16,SAR,1490,525,965,1490,0,0,ITG,ITG2,20,Sardegna,Sardegna,1639591,76256,4.65,0.09
3012,2021-04-09,SAR,12299,5468,6831,7827,4353,119,ITG,ITG2,20,Sardegna,Sardegna,1639591,88555,5.4,0.75
3013,2021-04-11,SAR,5398,2444,2954,4251,1121,26,ITG,ITG2,20,Sardegna,Sardegna,1639591,93953,5.73,0.33
3014,2021-06-07,SAR,12562,6143,6419,9436,3004,122,ITG,ITG2,20,Sardegna,Sardegna,1639591,106515,6.5,0.77
3015,2021-02-04,SAR,2270,815,1455,910,1357,3,ITG,ITG2,20,Sardegna,Sardegna,1639591,108785,6.63,0.14
3016,2021-04-02,SAR,8979,3545,5434,5587,3243,149,ITG,ITG2,20,Sardegna,Sardegna,1639591,117764,7.18,0.55
3017,2021-07-01,SAR,19828,9760,10068,7258,12478,92,ITG,ITG2,20,Sardegna,Sardegna,1639591,137592,8.39,1.21
3018,2021-03-23,SAR,6410,2879,3531,5180,1078,152,ITG,ITG2,20,Sardegna,Sardegna,1639591,144002,8.78,0.39
3019,2021-07-15,SAR,11213,5567,5646,3099,8041,73,ITG,ITG2,20,Sardegna,Sardegna,1639591,155215,9.47,0.68
3020,2021-05-12,SAR,11133,5260,5873,7789,3138,206,ITG,ITG2,20,Sardegna,Sardegna,1639591,166348,10.15,0.68
3021,2021-02-11,SAR,1311,488,823,1200,111,0,ITG,ITG2,20,Sardegna,Sardegna,1639591,167659,10.23,0.08
3022,2021-05-24,SAR,14471,7256,7215,8354,5985,132,ITG,ITG2,20,Sardegna,Sardegna,1639591,182130,11.11,0.88
3023,2021-02-13,SAR,1446,562,884,1440,2,4,ITG,ITG2,20,Sardegna,Sardegna,1639591,183576,11.2,0.09
3024,2021-05-29,SAR,17992,8647,9345,13234,4591,167,ITG,ITG2,20,Sardegna,Sardegna,1639591,201568,12.29,1.1
3025,2021-02-18,SAR,1876,731,1145,1775,64,37,ITG,ITG2,20,Sardegna,Sardegna,1639591,203444,12.41,0.11
3026,2021-04-23,SAR,12862,5742,7120,7243,5480,139,ITG,ITG2,20,Sardegna,Sardegna,1639591,216306,13.19,0.78
3027,2021-05-10,SAR,9738,4340,5398,7032,2538,168,ITG,ITG2,20,Sardegna,Sardegna,1639591,226044,13.79,0.59
3028,2021-01-30,SAR,3865,1393,2472,363,3502,0,ITG,ITG2,20,Sardegna,Sardegna,1639591,229909,14.02,0.24
3029,2021-03-09,SAR,5529,2738,2791,4744,728,57,ITG,ITG2,20,Sardegna,Sardegna,1639591,235438,14.36,0.34
3030,2021-05-05,SAR,10160,4645,5515,7953,2013,194,ITG,ITG2,20,Sardegna,Sardegna,1639591,245598,14.98,0.62
3031,2021-04-30,SAR,11129,5299,5830,6752,4205,172,ITG,ITG2,20,Sardegna,Sardegna,1639591,256727,15.66,0.68
3032,2021-05-17,SAR,12815,6258,6557,9126,3544,145,ITG,ITG2,20,Sardegna,Sardegna,1639591,269542,16.44,0.78
3033,2021-02-06,SAR,1969,697,1272,564,1402,3,ITG,ITG2,20,Sardegna,Sardegna,1639591,271511,16.56,0.12
3034,2021-02-23,SAR,1565,1043,522,1270,280,15,ITG,ITG2,20,Sardegna,Sardegna,1639591,273076,16.66,0.1
3035,2021-05-02,SAR,5882,2669,3213,5215,577,90,ITG,ITG2,20,Sardegna,Sardegna,1639591,278958,17.01,0.36
3036,2021-02-08,SAR,1466,531,935,852,613,1,ITG,ITG2,20,Sardegna,Sardegna,1639591,280424,17.1,0.09
3037,2021-06-26,SAR,19125,9001,10124,5444,13607,74,ITG,ITG2,20,Sardegna,Sardegna,1639591,299549,18.27,1.17
3038,2021-05-07,SAR,14467,6633,7834,9716,4523,228,ITG,ITG2,20,Sardegna,Sardegna,1639591,314016,19.15,0.88
3039,2021-01-27,SAR,1414,498,916,78,1336,0,ITG,ITG2,20,Sardegna,Sardegna,1639591,315430,19.24,0.09
3040,2021-07-03,SAR,15830,7555,8275,3236,12563,31,ITG,ITG2,20,Sardegna,Sardegna,1639591,331260,20.2,0.97
3041,2021-03-25,SAR,9105,3969,5136,7686,1303,116,ITG,ITG2,20,Sardegna,Sardegna,1639591,340365,20.76,0.56
3042,2021-07-08,SAR,18420,8958,9462,3833,14504,83,ITG,ITG2,20,Sardegna,Sardegna,1639591,358785,21.88,1.12
3043,2021-04-16,SAR,14442,6487,7955,8940,5340,162,ITG,ITG2,20,Sardegna,Sardegna,1639591,373227,22.76,0.88
3044,2021-01-23,SAR,60,22,38,0,60,0,ITG,ITG2,20,Sardegna,Sardegna,1639591,373287,22.77,0.0
3045,2021-02-22,SAR,1638,948,690,1384,228,26,ITG,ITG2,20,Sardegna,Sardegna,1639591,374925,22.87,0.1
3046,2021-03-11,SAR,6413,3083,3330,5145,1200,68,ITG,ITG2,20,Sardegna,Sardegna,1639591,381338,23.26,0.39
3047,2020-12-28,SAR,65,25,40,65,0,0,ITG,ITG2,20,Sardegna,Sardegna,1639591,381403,23.26,0.0
3048,2021-06-14,SAR,13745,6639,7106,9995,3610,140,ITG,ITG2,20,Sardegna,Sardegna,1639591,395148,24.1,0.84
3049,2021-03-06,SAR,2635,1078,1557,781,1781,73,ITG,ITG2,20,Sardegna,Sardegna,1639591,397783,24.26,0.16
3050,2021-06-28,SAR,14987,7038,7949,3051,11871,65,ITG,ITG2,20,Sardegna,Sardegna,1639591,412770,25.18,0.91
3051,2021-04-06,SAR,7457,3123,4334,4970,2429,58,ITG,ITG2,20,Sardegna,Sardegna,1639591,420227,25.63,0.45
3052,2020-12-27,SAR,65,34,31,65,0,0,ITG,ITG2,20,Sardegna,Sardegna,1639591,420292,25.63,0.0
3053,2021-07-13,SAR,17783,8515,9268,3252,14454,77,ITG,ITG2,20,Sardegna,Sardegna,1639591,438075,26.72,1.08
3054,2021-04-04,SAR,2,1,1,0,2,0,ITG,ITG2,20,Sardegna,Sardegna,1639591,438077,26.72,0.0
3055,2021-06-16,SAR,17632,8275,9357,12168,5304,160,ITG,ITG2,20,Sardegna,Sardegna,1639591,455709,27.79,1.08
3056,2021-03-02,SAR,3034,1629,1405,1815,1153,66,ITG,ITG2,20,Sardegna,Sardegna,1639591,458743,27.98,0.19
3057,2021-04-28,SAR,9010,4276,4734,5165,3698,147,ITG,ITG2,20,Sardegna,Sardegna,1639591,467753,28.53,0.55
3058,2021-01-18,SAR,903,324,579,779,124,0,ITG,ITG2,20,Sardegna,Sardegna,1639591,468656,28.58,0.06
3059,2021-06-24,SAR,19163,9201,9962,8112,10950,101,ITG,ITG2,20,Sardegna,Sardegna,1639591,487819,29.75,1.17
3060,2021-03-16,SAR,4396,1954,2442,3434,922,40,ITG,ITG2,20,Sardegna,Sardegna,1639591,492215,30.02,0.27
3061,2021-04-21,SAR,12067,5552,6515,6438,5531,98,ITG,ITG2,20,Sardegna,Sardegna,1639591,504282,30.76,0.74
3062,2021-01-11,SAR,1182,504,678,1181,0,1,ITG,ITG2,20,Sardegna,Sardegna,1639591,505464,30.83,0.07
3063,2021-06-17,SAR,18459,8529,9930,9923,8416,120,ITG,ITG2,20,Sardegna,Sardegna,1639591,523923,31.95,1.13
3064,2021-06-12,SAR,14753,7192,7561,9938,4700,115,ITG,ITG2,20,Sardegna,Sardegna,1639591,538676,32.85,0.9
3065,2021-03-04,SAR,4361,2291,2070,3052,1255,54,ITG,ITG2,20,Sardegna,Sardegna,1639591,543037,33.12,0.27
3066,2021-03-21,SAR,4030,1809,2221,2571,1440,19,ITG,ITG2,20,Sardegna,Sardegna,1639591,547067,33.37,0.25
3067,2021-05-31,SAR,11366,5409,5957,8157,3110,99,ITG,ITG2,20,Sardegna,Sardegna,1639591,558433,34.06,0.69
3068,2021-04-18,SAR,5127,2226,2901,2230,2869,28,ITG,ITG2,20,Sardegna,Sardegna,1639591,563560,34.37,0.31
3069,2021-01-08,SAR,3257,1184,2073,3255,0,2,ITG,ITG2,20,Sardegna,Sardegna,1639591,566817,34.57,0.2
3070,2021-06-02,SAR,9785,4690,5095,8059,1640,86,ITG,ITG2,20,Sardegna,Sardegna,1639591,576602,35.17,0.6
3071,2021-01-20,SAR,210,77,133,208,2,0,ITG,ITG2,20,Sardegna,Sardegna,1639591,576812,35.18,0.01
3072,2021-05-21,SAR,22638,11203,11435,16260,6098,280,ITG,ITG2,20,Sardegna,Sardegna,1639591,599450,36.56,1.38
3073,2021-03-18,SAR,7254,3072,4182,5574,1607,73,ITG,ITG2,20,Sardegna,Sardegna,1639591,606704,37.0,0.44
3074,2021-05-14,SAR,14570,6866,7704,10767,3641,162,ITG,ITG2,20,Sardegna,Sardegna,1639591,621274,37.89,0.89
3075,2021-02-03,SAR,1119,419,700,424,694,1,ITG,ITG2,20,Sardegna,Sardegna,1639591,622393,37.96,0.07
3076,2021-07-10,SAR,14224,6876,7348,2706,11485,33,ITG,ITG2,20,Sardegna,Sardegna,1639591,636617,38.83,0.87
3077,2021-04-01,SAR,10153,4067,6086,7005,3012,136,ITG,ITG2,20,Sardegna,Sardegna,1639591,646770,39.45,0.62
3078,2021-06-04,SAR,14480,6930,7550,9769,4554,157,ITG,ITG2,20,Sardegna,Sardegna,1639591,661250,40.33,0.88
3079,2021-06-21,SAR,14015,6730,7285,5122,8821,72,ITG,ITG2,20,Sardegna,Sardegna,1639591,675265,41.18,0.85
3080,2021-03-13,SAR,2754,1075,1679,2434,281,39,ITG,ITG2,20,Sardegna,Sardegna,1639591,678019,41.35,0.17
3081,2021-03-30,SAR,8757,3582,5175,6345,2274,138,ITG,ITG2,20,Sardegna,Sardegna,1639591,686776,41.89,0.53
3082,2021-01-06,SAR,1613,547,1066,1613,0,0,ITG,ITG2,20,Sardegna,Sardegna,1639591,688389,41.99,0.1
3083,2021-06-23,SAR,20535,9662,10873,6193,14251,91,ITG,ITG2,20,Sardegna,Sardegna,1639591,708924,43.24,1.25
3084,2021-04-25,SAR,4497,2269,2228,3673,778,46,ITG,ITG2,20,Sardegna,Sardegna,1639591,713421,43.51,0.27
3085,2021-01-15,SAR,1559,572,987,1557,0,2,ITG,ITG2,20,Sardegna,Sardegna,1639591,714980,43.61,0.1
3086,2021-02-01,SAR,1523,605,918,224,1299,0,ITG,ITG2,20,Sardegna,Sardegna,1639591,716503,43.7,0.09
3087,2021-05-09,SAR,6126,2873,3253,5113,926,87,ITG,ITG2,20,Sardegna,Sardegna,1639591,722629,44.07,0.37
3088,2021-05-26,SAR,15531,8188,7343,9702,5645,184,ITG,ITG2,20,Sardegna,Sardegna,1639591,738160,45.02,0.95
3089,2021-02-15,SAR,954,347,607,917,31,6,ITG,ITG2,20,Sardegna,Sardegna,1639591,739114,45.08,0.06
3090,2021-03-20,SAR,5194,2075,3119,2891,2277,26,ITG,ITG2,20,Sardegna,Sardegna,1639591,744308,45.4,0.32
3091,2021-06-13,SAR,9499,4675,4824,6159,3260,80,ITG,ITG2,20,Sardegna,Sardegna,1639591,753807,45.98,0.58
3092,2021-01-01,SAR,32,17,15,32,0,0,ITG,ITG2,20,Sardegna,Sardegna,1639591,753839,45.98,0.0
3093,2021-02-27,SAR,1915,642,1273,1318,556,41,ITG,ITG2,20,Sardegna,Sardegna,1639591,755754,46.09,0.12
3094,2021-04-13,SAR,7616,3598,4018,5734,1825,57,ITG,ITG2,20,Sardegna,Sardegna,1639591,763370,46.56,0.46
3095,2021-06-09,SAR,15464,7367,8097,11577,3738,149,ITG,ITG2,20,Sardegna,Sardegna,1639591,778834,47.5,0.94
3096,2021-03-08,SAR,4682,2430,2252,3420,1221,41,ITG,ITG2,20,Sardegna,Sardegna,1639591,783516,47.79,0.29
3097,2021-05-04,SAR,9538,4385,5153,7541,1852,145,ITG,ITG2,20,Sardegna,Sardegna,1639591,793054,48.37,0.58
3098,2021-01-24,SAR,90,34,56,5,85,0,ITG,ITG2,20,Sardegna,Sardegna,1639591,793144,48.37,0.01
3099,2021-03-29,SAR,4736,1845,2891,4071,588,77,ITG,ITG2,20,Sardegna,Sardegna,1639591,797880,48.66,0.29
3100,2021-04-15,SAR,11844,5538,6306,6777,4956,111,ITG,ITG2,20,Sardegna,Sardegna,1639591,809724,49.39,0.72
3101,2021-01-05,SAR,1321,443,878,1321,0,0,ITG,ITG2,20,Sardegna,Sardegna,1639591,811045,49.47,0.08
3102,2021-01-22,SAR,83,47,36,55,28,0,ITG,ITG2,20,Sardegna,Sardegna,1639591,811128,49.47,0.01
3103,2021-04-17,SAR,10077,4499,5578,5403,4596,78,ITG,ITG2,20,Sardegna,Sardegna,1639591,821205,50.09,0.61
3104,2021-01-03,SAR,90,36,54,90,0,0,ITG,ITG2,20,Sardegna,Sardegna,1639591,821295,50.09,0.01
3105,2021-07-07,SAR,15894,7724,8170,4086,11757,51,ITG,ITG2,20,Sardegna,Sardegna,1639591,837189,51.06,0.97
3106,2021-06-22,SAR,19336,8988,10348,7170,12064,102,ITG,ITG2,20,Sardegna,Sardegna,1639591,856525,52.24,1.18
3107,2021-07-09,SAR,15874,7599,8275,3434,12360,80,ITG,ITG2,20,Sardegna,Sardegna,1639591,872399,53.21,0.97
3108,2021-03-31,SAR,10253,4150,6103,7702,2429,122,ITG,ITG2,20,Sardegna,Sardegna,1639591,882652,53.83,0.63
3109,2021-04-20,SAR,10991,4988,6003,7694,3206,91,ITG,ITG2,20,Sardegna,Sardegna,1639591,893643,54.5,0.67
3110,2021-02-20,SAR,2040,854,1186,1683,334,23,ITG,ITG2,20,Sardegna,Sardegna,1639591,895683,54.63,0.12
3111,2021-04-29,SAR,11120,5105,6015,6616,4353,151,ITG,ITG2,20,Sardegna,Sardegna,1639591,906803,55.31,0.68
3112,2021-06-25,SAR,16494,7801,8693,3897,12541,56,ITG,ITG2,20,Sardegna,Sardegna,1639591,923297,56.31,1.01
3113,2021-01-10,SAR,2176,748,1428,2176,0,0,ITG,ITG2,20,Sardegna,Sardegna,1639591,925473,56.45,0.13
3114,2021-06-18,SAR,16483,7506,8977,8602,7766,115,ITG,ITG2,20,Sardegna,Sardegna,1639591,941956,57.45,1.01
3115,2021-03-10,SAR,6051,2955,3096,5137,852,62,ITG,ITG2,20,Sardegna,Sardegna,1639591,948007,57.82,0.37
3116,2021-05-06,SAR,12946,6009,6937,9563,3146,237,ITG,ITG2,20,Sardegna,Sardegna,1639591,960953,58.61,0.79
3117,2021-03-01,SAR,2264,1154,1110,1579,659,26,ITG,ITG2,20,Sardegna,Sardegna,1639591,963217,58.75,0.14
3118,2021-05-13,SAR,12370,5861,6509,8725,3446,199,ITG,ITG2,20,Sardegna,Sardegna,1639591,975587,59.5,0.75
3119,2021-02-02,SAR,1499,669,830,257,1242,0,ITG,ITG2,20,Sardegna,Sardegna,1639591,977086,59.59,0.09
3120,2021-05-15,SAR,13794,6426,7368,10198,3434,162,ITG,ITG2,20,Sardegna,Sardegna,1639591,990880,60.43,0.84
3121,2021-07-11,SAR,6367,3113,3254,1426,4906,35,ITG,ITG2,20,Sardegna,Sardegna,1639591,997247,60.82,0.39
3122,2021-01-26,SAR,1337,454,883,27,1310,0,ITG,ITG2,20,Sardegna,Sardegna,1639591,998584,60.9,0.08
3123,2021-01-25,SAR,591,214,377,22,569,0,ITG,ITG2,20,Sardegna,Sardegna,1639591,999175,60.94,0.04
3124,2021-05-16,SAR,8223,3833,4390,5989,2160,74,ITG,ITG2,20,Sardegna,Sardegna,1639591,1007398,61.44,0.5
3125,2021-07-12,SAR,15334,7416,7918,2408,12871,55,ITG,ITG2,20,Sardegna,Sardegna,1639591,1022732,62.38,0.94
3126,2021-07-05,SAR,15571,7567,8004,3327,12195,49,ITG,ITG2,20,Sardegna,Sardegna,1639591,1038303,63.33,0.95
3127,2021-02-05,SAR,1898,750,1148,431,1465,2,ITG,ITG2,20,Sardegna,Sardegna,1639591,1040201,63.44,0.12
3128,2021-04-03,SAR,4668,1807,2861,2635,1969,64,ITG,ITG2,20,Sardegna,Sardegna,1639591,1044869,63.73,0.28
3129,2021-05-30,SAR,9727,4836,4891,7300,2357,70,ITG,ITG2,20,Sardegna,Sardegna,1639591,1054596,64.32,0.59
3130,2021-02-19,SAR,1496,470,1026,1397,56,43,ITG,ITG2,20,Sardegna,Sardegna,1639591,1056092,64.41,0.09
3131,2021-02-10,SAR,1958,765,1193,1434,518,6,ITG,ITG2,20,Sardegna,Sardegna,1639591,1058050,64.53,0.12
3132,2021-04-12,SAR,6992,3179,3813,5215,1713,64,ITG,ITG2,20,Sardegna,Sardegna,1639591,1065042,64.96,0.43
3133,2021-01-02,SAR,60,21,39,60,0,0,ITG,ITG2,20,Sardegna,Sardegna,1639591,1065102,64.96,0.0
3134,2021-06-08,SAR,14833,7071,7762,11173,3505,155,ITG,ITG2,20,Sardegna,Sardegna,1639591,1079935,65.87,0.9
3135,2021-02-28,SAR,367,169,198,139,226,2,ITG,ITG2,20,Sardegna,Sardegna,1639591,1080302,65.89,0.02
3136,2021-04-26,SAR,6852,3274,3578,5861,903,88,ITG,ITG2,20,Sardegna,Sardegna,1639591,1087154,66.31,0.42
3137,2021-05-18,SAR,14751,7378,7373,9447,5200,104,ITG,ITG2,20,Sardegna,Sardegna,1639591,1101905,67.21,0.9
3138,2021-02-24,SAR,2412,1294,1118,2183,193,36,ITG,ITG2,20,Sardegna,Sardegna,1639591,1104317,67.35,0.15
3139,2021-06-03,SAR,16395,7643,8752,10567,5688,140,ITG,ITG2,20,Sardegna,Sardegna,1639591,1120712,68.35,1.0
3140,2021-06-20,SAR,6289,2805,3484,3637,2620,32,ITG,ITG2,20,Sardegna,Sardegna,1639591,1127001,68.74,0.38
3141,2021-03-12,SAR,5967,2616,3351,4517,1306,144,ITG,ITG2,20,Sardegna,Sardegna,1639591,1132968,69.1,0.36
3142,2021-01-29,SAR,2955,1070,1885,45,2908,2,ITG,ITG2,20,Sardegna,Sardegna,1639591,1135923,69.28,0.18
3143,2021-01-28,SAR,2973,1045,1928,69,2904,0,ITG,ITG2,20,Sardegna,Sardegna,1639591,1138896,69.46,0.18
3144,2021-05-27,SAR,17825,9263,8562,12083,5535,207,ITG,ITG2,20,Sardegna,Sardegna,1639591,1156721,70.55,1.09
3145,2021-02-16,SAR,699,289,410,663,27,9,ITG,ITG2,20,Sardegna,Sardegna,1639591,1157420,70.59,0.04
3146,2021-03-05,SAR,5202,2602,2600,2813,2354,35,ITG,ITG2,20,Sardegna,Sardegna,1639591,1162622,70.91,0.32
3147,2021-03-19,SAR,7260,3046,4214,4992,2215,53,ITG,ITG2,20,Sardegna,Sardegna,1639591,1169882,71.35,0.44
3148,2021-05-08,SAR,13081,5970,7111,10667,2284,130,ITG,ITG2,20,Sardegna,Sardegna,1639591,1182963,72.15,0.8
3149,2021-07-02,SAR,18921,8884,10037,4407,14418,96,ITG,ITG2,20,Sardegna,Sardegna,1639591,1201884,73.3,1.15
3150,2021-04-27,SAR,7616,3552,4064,5476,2042,98,ITG,ITG2,20,Sardegna,Sardegna,1639591,1209500,73.77,0.46
3151,2021-01-17,SAR,859,277,582,858,1,0,ITG,ITG2,20,Sardegna,Sardegna,1639591,1210359,73.82,0.05
3152,2021-03-15,SAR,2796,1317,1479,2382,374,40,ITG,ITG2,20,Sardegna,Sardegna,1639591,1213155,73.99,0.17
3153,2021-07-04,SAR,8200,3987,4213,2068,6117,15,ITG,ITG2,20,Sardegna,Sardegna,1639591,1221355,74.49,0.5
3154,2021-03-26,SAR,8456,3512,4944,6810,1526,120,ITG,ITG2,20,Sardegna,Sardegna,1639591,1229811,75.01,0.52
3155,2021-05-22,SAR,24843,11954,12889,19399,5139,305,ITG,ITG2,20,Sardegna,Sardegna,1639591,1254654,76.52,1.52
3156,2021-01-19,SAR,746,269,477,690,55,1,ITG,ITG2,20,Sardegna,Sardegna,1639591,1255400,76.57,0.05
3157,2021-03-17,SAR,6549,2846,3703,4904,1608,37,ITG,ITG2,20,Sardegna,Sardegna,1639591,1261949,76.97,0.4
3158,2021-06-27,SAR,9010,4306,4704,2956,6026,28,ITG,ITG2,20,Sardegna,Sardegna,1639591,1270959,77.52,0.55
3159,2021-03-24,SAR,7393,3105,4288,5905,1356,132,ITG,ITG2,20,Sardegna,Sardegna,1639591,1278352,77.97,0.45
3160,2021-07-16,SAR,16941,8475,8466,4562,12245,134,ITG,ITG2,20,Sardegna,Sardegna,1639591,1295293,79.0,1.03
3161,2021-04-07,SAR,13543,6050,7493,7823,5652,68,ITG,ITG2,20,Sardegna,Sardegna,1639591,1308836,79.83,0.83
3162,2021-04-24,SAR,10356,4845,5511,7890,2339,127,ITG,ITG2,20,Sardegna,Sardegna,1639591,1319192,80.46,0.63
3163,2021-01-14,SAR,1105,425,680,1105,0,0,ITG,ITG2,20,Sardegna,Sardegna,1639591,1320297,80.53,0.07
3164,2021-06-06,SAR,10036,5002,5034,6316,3651,69,ITG,ITG2,20,Sardegna,Sardegna,1639591,1330333,81.14,0.61
3165,2021-03-27,SAR,5733,2192,3541,5224,422,87,ITG,ITG2,20,Sardegna,Sardegna,1639591,1336066,81.49,0.35
3166,2021-05-23,SAR,9965,4807,5158,7624,2245,96,ITG,ITG2,20,Sardegna,Sardegna,1639591,1346031,82.1,0.61
3167,2021-02-12,SAR,2236,933,1303,2172,59,5,ITG,ITG2,20,Sardegna,Sardegna,1639591,1348267,82.23,0.14
3168,2021-04-10,SAR,10492,4747,5745,8454,1938,100,ITG,ITG2,20,Sardegna,Sardegna,1639591,1358759,82.87,0.64
3169,2021-01-07,SAR,3103,1072,2031,3099,0,4,ITG,ITG2,20,Sardegna,Sardegna,1639591,1361862,83.06,0.19
3170,2021-06-10,SAR,17805,8474,9331,11643,6038,124,ITG,ITG2,20,Sardegna,Sardegna,1639591,1379667,84.15,1.09
3171,2021-06-01,SAR,14319,6654,7665,9636,4589,94,ITG,ITG2,20,Sardegna,Sardegna,1639591,1393986,85.02,0.87
3172,2021-02-21,SAR,1588,709,879,1557,30,1,ITG,ITG2,20,Sardegna,Sardegna,1639591,1395574,85.12,0.1
3173,2021-04-19,SAR,10184,4622,5562,8625,1427,132,ITG,ITG2,20,Sardegna,Sardegna,1639591,1405758,85.74,0.62
3174,2021-01-09,SAR,4012,1414,2598,4012,0,0,ITG,ITG2,20,Sardegna,Sardegna,1639591,1409770,85.98,0.24
3175,2021-06-15,SAR,14687,6805,7882,9816,4738,133,ITG,ITG2,20,Sardegna,Sardegna,1639591,1424457,86.88,0.9
3176,2021-03-07,SAR,1658,751,907,1113,541,4,ITG,ITG2,20,Sardegna,Sardegna,1639591,1426115,86.98,0.1
3177,2020-12-31,SAR,32,16,16,32,0,0,ITG,ITG2,20,Sardegna,Sardegna,1639591,1426147,86.98,0.0
3178,2021-04-14,SAR,8260,3905,4355,6963,1237,60,ITG,ITG2,20,Sardegna,Sardegna,1639591,1434407,87.49,0.5
3179,2021-05-01,SAR,9914,4763,5151,5368,4455,91,ITG,ITG2,20,Sardegna,Sardegna,1639591,1444321,88.09,0.6
3180,2021-01-21,SAR,127,61,66,94,33,0,ITG,ITG2,20,Sardegna,Sardegna,1639591,1444448,88.1,0.01
3181,2021-02-07,SAR,1119,396,723,227,891,1,ITG,ITG2,20,Sardegna,Sardegna,1639591,1445567,88.17,0.07
3182,2021-05-03,SAR,8186,3821,4365,6488,1597,101,ITG,ITG2,20,Sardegna,Sardegna,1639591,1453753,88.67,0.5
3183,2021-05-20,SAR,16360,7879,8481,11267,4893,200,ITG,ITG2,20,Sardegna,Sardegna,1639591,1470113,89.66,1.0
3184,2021-02-09,SAR,2285,835,1450,1284,996,5,ITG,ITG2,20,Sardegna,Sardegna,1639591,1472398,89.8,0.14
3185,2021-02-26,SAR,2798,1106,1692,2444,306,48,ITG,ITG2,20,Sardegna,Sardegna,1639591,1475196,89.97,0.17
3186,2021-01-13,SAR,574,178,396,574,0,0,ITG,ITG2,20,Sardegna,Sardegna,1639591,1475770,90.01,0.04
3187,2021-07-17,SAR,11001,5401,5600,2421,8543,37,ITG,ITG2,20,Sardegna,Sardegna,1639591,1486771,90.68,0.67
3188,2021-05-28,SAR,17951,8696,9255,13488,4275,188,ITG,ITG2,20,Sardegna,Sardegna,1639591,1504722,91.77,1.09
3189,2021-02-17,SAR,1403,576,827,1273,74,56,ITG,ITG2,20,Sardegna,Sardegna,1639591,1506125,91.86,0.09
3190,2021-05-25,SAR,15138,7702,7436,8487,6476,175,ITG,ITG2,20,Sardegna,Sardegna,1639591,1521263,92.78,0.92
3191,2021-06-11,SAR,14782,7024,7758,9096,5533,153,ITG,ITG2,20,Sardegna,Sardegna,1639591,1536045,93.68,0.9
3192,2021-03-03,SAR,4111,2276,1835,2738,1297,76,ITG,ITG2,20,Sardegna,Sardegna,1639591,1540156,93.94,0.25
3193,2021-06-30,SAR,17770,8512,9258,4814,12875,81,ITG,ITG2,20,Sardegna,Sardegna,1639591,1557926,95.02,1.08
3194,2021-03-22,SAR,3686,1492,2194,3099,512,75,ITG,ITG2,20,Sardegna,Sardegna,1639591,1561612,95.24,0.22
3195,2021-04-08,SAR,13437,5935,7502,8211,5117,109,ITG,ITG2,20,Sardegna,Sardegna,1639591,1575049,96.06,0.82
3196,2021-07-14,SAR,16900,8188,8712,3775,13015,110,ITG,ITG2,20,Sardegna,Sardegna,1639591,1591949,97.09,1.03
3197,2020-12-29,SAR,57,32,25,57,0,0,ITG,ITG2,20,Sardegna,Sardegna,1639591,1592006,97.1,0.0
3198,2021-04-22,SAR,10504,4662,5842,5502,4918,84,ITG,ITG2,20,Sardegna,Sardegna,1639591,1602510,97.74,0.64
3199,2021-01-12,SAR,865,408,457,865,0,0,ITG,ITG2,20,Sardegna,Sardegna,1639591,1603375,97.79,0.05
3200,2021-05-11,SAR,8909,4139,4770,6396,2387,126,ITG,ITG2,20,Sardegna,Sardegna,1639591,1612284,98.33,0.54
3201,2021-01-31,SAR,2117,749,1368,45,2072,0,ITG,ITG2,20,Sardegna,Sardegna,1639591,1614401,98.46,0.13
3202,2021-02-14,SAR,538,263,275,536,2,0,ITG,ITG2,20,Sardegna,Sardegna,1639591,1614939,98.5,0.03
3203,2021-04-05,SAR,2035,783,1252,2003,1,31,ITG,ITG2,20,Sardegna,Sardegna,1639591,1616974,98.62,0.12
3204,2021-06-29,SAR,17884,8602,9282,3757,14079,48,ITG,ITG2,20,Sardegna,Sardegna,1639591,1634858,99.71,1.09
3205,2021-01-22,ABR,118,57,61,118,0,0,ITF,ITF1,13,Abruzzo,Abruzzo,1304970,118,0.01,0.01
3206,2021-01-03,ABR,471,185,286,469,0,2,ITF,ITF1,13,Abruzzo,Abruzzo,1304970,589,0.05,0.04
3207,2021-02-22,ABR,2643,1174,1469,2588,30,25,ITF,ITF1,13,Abruzzo,Abruzzo,1304970,3232,0.25,0.2
3208,2021-02-05,ABR,1534,521,1013,772,746,16,ITF,ITF1,13,Abruzzo,Abruzzo,1304970,4766,0.37,0.12
3209,2021-05-16,ABR,9577,4137,5440,5646,3813,118,ITF,ITF1,13,Abruzzo,Abruzzo,1304970,14343,1.1,0.73
3210,2021-06-04,ABR,15636,7393,8243,10758,4693,185,ITF,ITF1,13,Abruzzo,Abruzzo,1304970,29979,2.3,1.2
3211,2021-05-18,ABR,12110,5660,6450,7562,4380,168,ITF,ITF1,13,Abruzzo,Abruzzo,1304970,42089,3.23,0.93
3212,2021-02-24,ABR,3305,1441,1864,3112,176,17,ITF,ITF1,13,Abruzzo,Abruzzo,1304970,45394,3.48,0.25
3213,2021-02-10,ABR,947,312,635,493,444,10,ITF,ITF1,13,Abruzzo,Abruzzo,1304970,46341,3.55,0.07
3214,2021-05-04,ABR,10861,5100,5761,7055,3616,190,ITF,ITF1,13,Abruzzo,Abruzzo,1304970,57202,4.38,0.83
3215,2021-03-08,ABR,5152,1693,3459,4090,971,91,ITF,ITF1,13,Abruzzo,Abruzzo,1304970,62354,4.78,0.39
3216,2021-01-24,ABR,50,22,28,6,44,0,ITF,ITF1,13,Abruzzo,Abruzzo,1304970,62404,4.78,0.0
3217,2021-03-01,ABR,3478,1385,2093,2704,751,23,ITF,ITF1,13,Abruzzo,Abruzzo,1304970,65882,5.05,0.27
3218,2021-06-18,ABR,10180,5001,5179,6551,3486,143,ITF,ITF1,13,Abruzzo,Abruzzo,1304970,76062,5.83,0.78
3219,2020-12-27,ABR,37,19,18,37,0,0,ITF,ITF1,13,Abruzzo,Abruzzo,1304970,76099,5.83,0.0
3220,2021-03-20,ABR,4794,2200,2594,2561,2171,62,ITF,ITF1,13,Abruzzo,Abruzzo,1304970,80893,6.2,0.37
3221,2021-06-13,ABR,9848,4924,4924,7849,1834,165,ITF,ITF1,13,Abruzzo,Abruzzo,1304970,90741,6.95,0.75
3222,2021-01-10,ABR,1139,409,730,1135,0,4,ITF,ITF1,13,Abruzzo,Abruzzo,1304970,91880,7.04,0.09
3223,2021-04-29,ABR,12677,5852,6825,9280,3094,303,ITF,ITF1,13,Abruzzo,Abruzzo,1304970,104557,8.01,0.97
3224,2021-06-25,ABR,11058,5476,5582,4903,6012,143,ITF,ITF1,13,Abruzzo,Abruzzo,1304970,115615,8.86,0.85
3225,2021-01-15,ABR,380,150,230,366,0,14,ITF,ITF1,13,Abruzzo,Abruzzo,1304970,115995,8.89,0.03
3226,2021-04-27,ABR,9086,4370,4716,6509,2466,111,ITF,ITF1,13,Abruzzo,Abruzzo,1304970,125081,9.58,0.7
3227,2021-07-02,ABR,11836,5946,5890,4831,6823,182,ITF,ITF1,13,Abruzzo,Abruzzo,1304970,136917,10.49,0.91
3228,2021-03-03,ABR,4633,1891,2742,3704,906,23,ITF,ITF1,13,Abruzzo,Abruzzo,1304970,141550,10.85,0.36
3229,2021-07-14,ABR,13753,6807,6946,2439,11163,151,ITF,ITF1,13,Abruzzo,Abruzzo,1304970,155303,11.9,1.05
3230,2021-04-08,ABR,7395,3338,4057,4934,2330,131,ITF,ITF1,13,Abruzzo,Abruzzo,1304970,162698,12.47,0.57
3231,2021-04-22,ABR,6731,3249,3482,4829,1728,174,ITF,ITF1,13,Abruzzo,Abruzzo,1304970,169429,12.98,0.52
3232,2021-03-22,ABR,4346,1909,2437,2311,1971,64,ITF,ITF1,13,Abruzzo,Abruzzo,1304970,173775,13.32,0.33
3233,2021-06-30,ABR,11132,5422,5710,4491,6476,165,ITF,ITF1,13,Abruzzo,Abruzzo,1304970,184907,14.17,0.85
3234,2021-05-30,ABR,8658,4110,4548,5326,3253,79,ITF,ITF1,13,Abruzzo,Abruzzo,1304970,193565,14.83,0.66
3235,2021-04-03,ABR,5160,2257,2903,3484,1597,79,ITF,ITF1,13,Abruzzo,Abruzzo,1304970,198725,15.23,0.4
3236,2021-07-12,ABR,15069,7454,7615,2363,12592,114,ITF,ITF1,13,Abruzzo,Abruzzo,1304970,213794,16.38,1.15
3237,2021-03-27,ABR,6121,2620,3501,3564,2486,71,ITF,ITF1,13,Abruzzo,Abruzzo,1304970,219915,16.85,0.47
3238,2021-01-05,ABR,1615,604,1011,1610,0,5,ITF,ITF1,13,Abruzzo,Abruzzo,1304970,221530,16.98,0.12
3239,2021-04-15,ABR,7818,3678,4140,5833,1840,145,ITF,ITF1,13,Abruzzo,Abruzzo,1304970,229348,17.57,0.6
3240,2021-07-07,ABR,12009,5887,6122,4028,7743,238,ITF,ITF1,13,Abruzzo,Abruzzo,1304970,241357,18.5,0.92
3241,2021-07-09,ABR,13603,6789,6814,2895,10575,133,ITF,ITF1,13,Abruzzo,Abruzzo,1304970,254960,19.54,1.04
3242,2021-06-22,ABR,10411,4878,5533,5385,4848,178,ITF,ITF1,13,Abruzzo,Abruzzo,1304970,265371,20.34,0.8
3243,2021-02-03,ABR,2062,717,1345,411,1643,8,ITF,ITF1,13,Abruzzo,Abruzzo,1304970,267433,20.49,0.16
3244,2021-02-28,ABR,1705,511,1194,1668,2,35,ITF,ITF1,13,Abruzzo,Abruzzo,1304970,269138,20.62,0.13
3245,2021-01-02,ABR,552,220,332,551,0,1,ITF,ITF1,13,Abruzzo,Abruzzo,1304970,269690,20.67,0.04
3246,2021-06-08,ABR,12865,6619,6246,10433,2196,236,ITF,ITF1,13,Abruzzo,Abruzzo,1304970,282555,21.65,0.99
3247,2021-04-26,ABR,8563,4066,4497,7144,1213,206,ITF,ITF1,13,Abruzzo,Abruzzo,1304970,291118,22.31,0.66
3248,2021-06-01,ABR,11004,4883,6121,6511,4373,120,ITF,ITF1,13,Abruzzo,Abruzzo,1304970,302122,23.15,0.84
3249,2021-01-19,ABR,111,55,56,90,20,1,ITF,ITF1,13,Abruzzo,Abruzzo,1304970,302233,23.16,0.01
3250,2021-02-07,ABR,779,308,471,200,578,1,ITF,ITF1,13,Abruzzo,Abruzzo,1304970,303012,23.22,0.06
3251,2021-01-29,ABR,1387,449,938,73,1313,1,ITF,ITF1,13,Abruzzo,Abruzzo,1304970,304399,23.33,0.11
3252,2021-05-27,ABR,13309,6093,7216,8314,4821,174,ITF,ITF1,13,Abruzzo,Abruzzo,1304970,317708,24.35,1.02
3253,2021-03-19,ABR,5794,2584,3210,2733,3020,41,ITF,ITF1,13,Abruzzo,Abruzzo,1304970,323502,24.79,0.44
3254,2021-02-02,ABR,1763,668,1095,218,1541,4,ITF,ITF1,13,Abruzzo,Abruzzo,1304970,325265,24.93,0.14
3255,2021-05-13,ABR,11147,5042,6105,6960,3959,228,ITF,ITF1,13,Abruzzo,Abruzzo,1304970,336412,25.78,0.85
3256,2021-03-31,ABR,6715,2939,3776,4556,2069,90,ITF,ITF1,13,Abruzzo,Abruzzo,1304970,343127,26.29,0.51
3257,2021-05-15,ABR,11426,5178,6248,5947,5303,176,ITF,ITF1,13,Abruzzo,Abruzzo,1304970,354553,27.17,0.88
3258,2021-07-11,ABR,9883,4971,4912,2369,7384,130,ITF,ITF1,13,Abruzzo,Abruzzo,1304970,364436,27.93,0.76
3259,2021-02-12,ABR,1228,567,661,1026,189,13,ITF,ITF1,13,Abruzzo,Abruzzo,1304970,365664,28.02,0.09
3260,2021-05-23,ABR,9880,4695,5185,7067,2692,121,ITF,ITF1,13,Abruzzo,Abruzzo,1304970,375544,28.78,0.76
3261,2021-06-06,ABR,11148,5307,5841,8778,2241,129,ITF,ITF1,13,Abruzzo,Abruzzo,1304970,386692,29.63,0.85
3262,2021-04-10,ABR,8775,4058,4717,6127,2509,139,ITF,ITF1,13,Abruzzo,Abruzzo,1304970,395467,30.3,0.67
3263,2021-02-17,ABR,2071,948,1123,1780,282,9,ITF,ITF1,13,Abruzzo,Abruzzo,1304970,397538,30.46,0.16
3264,2021-06-11,ABR,11779,5852,5927,8835,2762,182,ITF,ITF1,13,Abruzzo,Abruzzo,1304970,409317,31.37,0.9
3265,2021-05-11,ABR,10761,5118,5643,5735,4851,175,ITF,ITF1,13,Abruzzo,Abruzzo,1304970,420078,32.19,0.82
3266,2021-03-15,ABR,3683,1447,2236,1845,1807,31,ITF,ITF1,13,Abruzzo,Abruzzo,1304970,423761,32.47,0.28
3267,2021-01-17,ABR,188,59,129,180,7,1,ITF,ITF1,13,Abruzzo,Abruzzo,1304970,423949,32.49,0.01
3268,2021-06-23,ABR,11011,5282,5729,5583,5283,145,ITF,ITF1,13,Abruzzo,Abruzzo,1304970,434960,33.33,0.84
3269,2021-03-17,ABR,4539,1873,2666,2776,1740,23,ITF,ITF1,13,Abruzzo,Abruzzo,1304970,439499,33.68,0.35
3270,2021-03-29,ABR,5708,2599,3109,3020,2639,49,ITF,ITF1,13,Abruzzo,Abruzzo,1304970,445207,34.12,0.44
3271,2021-04-19,ABR,6230,2860,3370,3787,2372,71,ITF,ITF1,13,Abruzzo,Abruzzo,1304970,451437,34.59,0.48
3272,2021-02-21,ABR,1218,550,668,1193,1,24,ITF,ITF1,13,Abruzzo,Abruzzo,1304970,452655,34.69,0.09
3273,2021-06-15,ABR,11316,5560,5756,8682,2427,207,ITF,ITF1,13,Abruzzo,Abruzzo,1304970,463971,35.55,0.87
3274,2021-04-12,ABR,6240,2958,3282,4987,1174,79,ITF,ITF1,13,Abruzzo,Abruzzo,1304970,470211,36.03,0.48
3275,2021-01-21,ABR,157,47,110,157,0,0,ITF,ITF1,13,Abruzzo,Abruzzo,1304970,470368,36.04,0.01
3276,2021-05-01,ABR,10734,5042,5692,5628,4974,132,ITF,ITF1,13,Abruzzo,Abruzzo,1304970,481102,36.87,0.82
3277,2021-05-20,ABR,12802,5927,6875,7414,5262,126,ITF,ITF1,13,Abruzzo,Abruzzo,1304970,493904,37.85,0.98
3278,2021-03-05,ABR,5349,1958,3391,4593,697,59,ITF,ITF1,13,Abruzzo,Abruzzo,1304970,499253,38.26,0.41
3279,2021-06-27,ABR,8374,4304,4070,5015,3218,141,ITF,ITF1,13,Abruzzo,Abruzzo,1304970,507627,38.9,0.64
3280,2021-04-07,ABR,7222,3333,3889,4314,2784,124,ITF,ITF1,13,Abruzzo,Abruzzo,1304970,514849,39.45,0.55
3281,2021-07-16,ABR,16148,8237,7911,2473,13559,116,ITF,ITF1,13,Abruzzo,Abruzzo,1304970,530997,40.69,1.24
3282,2021-05-08,ABR,10292,4870,5422,6339,3832,121,ITF,ITF1,13,Abruzzo,Abruzzo,1304970,541289,41.48,0.79
3283,2021-04-24,ABR,8728,3975,4753,6944,1530,254,ITF,ITF1,13,Abruzzo,Abruzzo,1304970,550017,42.15,0.67
3284,2021-01-14,ABR,530,189,341,528,0,2,ITF,ITF1,13,Abruzzo,Abruzzo,1304970,550547,42.19,0.04
3285,2021-02-16,ABR,1917,842,1075,1892,12,13,ITF,ITF1,13,Abruzzo,Abruzzo,1304970,552464,42.34,0.15
3286,2021-03-02,ABR,3965,1675,2290,3261,684,20,ITF,ITF1,13,Abruzzo,Abruzzo,1304970,556429,42.64,0.3
3287,2021-06-10,ABR,12707,6318,6389,10309,2160,238,ITF,ITF1,13,Abruzzo,Abruzzo,1304970,569136,43.61,0.97
3288,2021-03-10,ABR,5048,1682,3366,4027,957,64,ITF,ITF1,13,Abruzzo,Abruzzo,1304970,574184,44.0,0.39
3289,2021-01-26,ABR,1542,567,975,29,1513,0,ITF,ITF1,13,Abruzzo,Abruzzo,1304970,575726,44.12,0.12
3290,2021-05-06,ABR,12974,6073,6901,7794,5027,153,ITF,ITF1,13,Abruzzo,Abruzzo,1304970,588700,45.11,0.99
3291,2021-04-09,ABR,8988,4258,4730,6247,2602,139,ITF,ITF1,13,Abruzzo,Abruzzo,1304970,597688,45.8,0.69
3292,2021-04-02,ABR,6692,3102,3590,5117,1487,88,ITF,ITF1,13,Abruzzo,Abruzzo,1304970,604380,46.31,0.51
3293,2021-02-04,ABR,1682,616,1066,598,1072,12,ITF,ITF1,13,Abruzzo,Abruzzo,1304970,606062,46.44,0.13
3294,2021-06-03,ABR,13186,6279,6907,9239,3776,171,ITF,ITF1,13,Abruzzo,Abruzzo,1304970,619248,47.45,1.01
3295,2021-03-12,ABR,6016,1987,4029,4356,1583,77,ITF,ITF1,13,Abruzzo,Abruzzo,1304970,625264,47.91,0.46
3296,2021-06-20,ABR,8443,4238,4205,5415,2928,100,ITF,ITF1,13,Abruzzo,Abruzzo,1304970,633707,48.56,0.65
3297,2021-03-14,ABR,1883,731,1152,1201,666,16,ITF,ITF1,13,Abruzzo,Abruzzo,1304970,635590,48.71,0.14
3298,2021-02-25,ABR,3052,1340,1712,2506,528,18,ITF,ITF1,13,Abruzzo,Abruzzo,1304970,638642,48.94,0.23
3299,2021-06-05,ABR,14614,6862,7752,10372,4044,198,ITF,ITF1,13,Abruzzo,Abruzzo,1304970,653256,50.06,1.12
3300,2021-05-17,ABR,11035,5038,5997,6024,4854,157,ITF,ITF1,13,Abruzzo,Abruzzo,1304970,664291,50.9,0.85
3301,2021-02-23,ABR,2780,1273,1507,2754,11,15,ITF,ITF1,13,Abruzzo,Abruzzo,1304970,667071,51.12,0.21
3302,2021-02-06,ABR,1610,743,867,595,1008,7,ITF,ITF1,13,Abruzzo,Abruzzo,1304970,668681,51.24,0.12
3303,2021-02-08,ABR,1194,394,800,486,708,0,ITF,ITF1,13,Abruzzo,Abruzzo,1304970,669875,51.33,0.09
3304,2021-05-19,ABR,10728,5124,5604,7568,3037,123,ITF,ITF1,13,Abruzzo,Abruzzo,1304970,680603,52.15,0.82
3305,2021-04-30,ABR,12501,5867,6634,6515,5722,264,ITF,ITF1,13,Abruzzo,Abruzzo,1304970,693104,53.11,0.96
3306,2021-04-13,ABR,5893,2754,3139,4561,1237,95,ITF,ITF1,13,Abruzzo,Abruzzo,1304970,698997,53.56,0.45
3307,2021-01-20,ABR,447,156,291,425,2,20,ITF,ITF1,13,Abruzzo,Abruzzo,1304970,699444,53.6,0.03
3308,2021-07-05,ABR,10814,5307,5507,3973,6655,186,ITF,ITF1,13,Abruzzo,Abruzzo,1304970,710258,54.43,0.83
3309,2021-05-02,ABR,10460,5112,5348,5089,5229,142,ITF,ITF1,13,Abruzzo,Abruzzo,1304970,720718,55.23,0.8
3310,2021-03-24,ABR,6382,2784,3598,3998,2250,134,ITF,ITF1,13,Abruzzo,Abruzzo,1304970,727100,55.72,0.49
3311,2021-02-09,ABR,909,312,597,499,409,1,ITF,ITF1,13,Abruzzo,Abruzzo,1304970,728009,55.79,0.07
3312,2021-07-04,ABR,8374,4215,4159,3333,4917,124,ITF,ITF1,13,Abruzzo,Abruzzo,1304970,736383,56.43,0.64
3313,2021-02-11,ABR,816,262,554,771,43,2,ITF,ITF1,13,Abruzzo,Abruzzo,1304970,737199,56.49,0.06
3314,2021-05-24,ABR,12223,5838,6385,8725,3339,159,ITF,ITF1,13,Abruzzo,Abruzzo,1304970,749422,57.43,0.94
3315,2021-04-04,ABR,1632,768,864,1460,129,43,ITF,ITF1,13,Abruzzo,Abruzzo,1304970,751054,57.55,0.13
3316,2021-07-13,ABR,15527,7749,7778,2828,12521,178,ITF,ITF1,13,Abruzzo,Abruzzo,1304970,766581,58.74,1.19
3317,2021-06-16,ABR,10882,5447,5435,7993,2676,213,ITF,ITF1,13,Abruzzo,Abruzzo,1304970,777463,59.58,0.83
3318,2021-02-27,ABR,2813,1339,1474,2513,267,33,ITF,ITF1,13,Abruzzo,Abruzzo,1304970,780276,59.79,0.22
3319,2021-06-07,ABR,11093,5288,5805,9070,1838,185,ITF,ITF1,13,Abruzzo,Abruzzo,1304970,791369,60.64,0.85
3320,2021-04-11,ABR,5380,2628,2752,4842,487,51,ITF,ITF1,13,Abruzzo,Abruzzo,1304970,796749,61.05,0.41
3321,2021-06-09,ABR,11578,6096,5482,9710,1685,183,ITF,ITF1,13,Abruzzo,Abruzzo,1304970,808327,61.94,0.89
3322,2021-04-17,ABR,7356,3401,3955,4215,3051,90,ITF,ITF1,13,Abruzzo,Abruzzo,1304970,815683,62.51,0.56
3323,2021-02-19,ABR,3300,1551,1749,3162,100,38,ITF,ITF1,13,Abruzzo,Abruzzo,1304970,818983,62.76,0.25
3324,2021-01-07,ABR,1605,553,1052,1598,0,7,ITF,ITF1,13,Abruzzo,Abruzzo,1304970,820588,62.88,0.12
3325,2021-02-26,ABR,3925,1680,2245,2930,969,26,ITF,ITF1,13,Abruzzo,Abruzzo,1304970,824513,63.18,0.3
3326,2021-01-18,ABR,125,51,74,46,79,0,ITF,ITF1,13,Abruzzo,Abruzzo,1304970,824638,63.19,0.01
3327,2021-06-24,ABR,10821,5384,5437,5685,4969,167,ITF,ITF1,13,Abruzzo,Abruzzo,1304970,835459,64.02,0.83
3328,2021-04-28,ABR,9511,4587,4924,7316,2022,173,ITF,ITF1,13,Abruzzo,Abruzzo,1304970,844970,64.75,0.73
3329,2021-05-12,ABR,9630,4601,5029,5875,3581,174,ITF,ITF1,13,Abruzzo,Abruzzo,1304970,854600,65.49,0.74
3330,2021-01-16,ABR,935,430,505,927,0,8,ITF,ITF1,13,Abruzzo,Abruzzo,1304970,855535,65.56,0.07
3331,2021-03-07,ABR,2523,630,1893,2484,0,39,ITF,ITF1,13,Abruzzo,Abruzzo,1304970,858058,65.75,0.19
3332,2021-01-09,ABR,1484,566,918,1472,0,12,ITF,ITF1,13,Abruzzo,Abruzzo,1304970,859542,65.87,0.11
3333,2021-05-07,ABR,12198,5710,6488,7666,4413,119,ITF,ITF1,13,Abruzzo,Abruzzo,1304970,871740,66.8,0.93
3334,2021-06-19,ABR,10486,5165,5321,6487,3828,171,ITF,ITF1,13,Abruzzo,Abruzzo,1304970,882226,67.61,0.8
3335,2021-03-28,ABR,2419,1018,1401,1994,375,50,ITF,ITF1,13,Abruzzo,Abruzzo,1304970,884645,67.79,0.19
3336,2021-07-06,ABR,9919,4941,4978,4095,5660,164,ITF,ITF1,13,Abruzzo,Abruzzo,1304970,894564,68.55,0.76
3337,2021-04-14,ABR,6593,2949,3644,4341,2120,132,ITF,ITF1,13,Abruzzo,Abruzzo,1304970,901157,69.06,0.51
3338,2021-01-04,ABR,1403,576,827,1397,0,6,ITF,ITF1,13,Abruzzo,Abruzzo,1304970,902560,69.16,0.11
3339,2021-01-23,ABR,264,115,149,51,207,6,ITF,ITF1,13,Abruzzo,Abruzzo,1304970,902824,69.18,0.02
3340,2021-05-03,ABR,11147,5256,5891,7135,3833,179,ITF,ITF1,13,Abruzzo,Abruzzo,1304970,913971,70.04,0.85
3341,2021-01-28,ABR,1433,495,938,12,1421,0,ITF,ITF1,13,Abruzzo,Abruzzo,1304970,915404,70.15,0.11
3342,2021-01-11,ABR,1553,557,996,1549,0,4,ITF,ITF1,13,Abruzzo,Abruzzo,1304970,916957,70.27,0.12
3343,2021-04-21,ABR,6387,3101,3286,4638,1672,77,ITF,ITF1,13,Abruzzo,Abruzzo,1304970,923344,70.76,0.49
3344,2021-07-15,ABR,16003,8118,7885,3140,12689,174,ITF,ITF1,13,Abruzzo,Abruzzo,1304970,939347,71.98,1.23
3345,2021-06-28,ABR,10051,4835,5216,5310,4574,167,ITF,ITF1,13,Abruzzo,Abruzzo,1304970,949398,72.75,0.77
3346,2021-04-06,ABR,7677,3578,4099,5234,2318,125,ITF,ITF1,13,Abruzzo,Abruzzo,1304970,957075,73.34,0.59
3347,2021-05-09,ABR,9156,4090,5066,4175,4870,111,ITF,ITF1,13,Abruzzo,Abruzzo,1304970,966231,74.04,0.7
3348,2021-02-15,ABR,1795,832,963,1736,42,17,ITF,ITF1,13,Abruzzo,Abruzzo,1304970,968026,74.18,0.14
3349,2021-05-26,ABR,13543,6040,7503,8390,4992,161,ITF,ITF1,13,Abruzzo,Abruzzo,1304970,981569,75.22,1.04
3350,2021-06-14,ABR,10967,5427,5540,7429,3367,171,ITF,ITF1,13,Abruzzo,Abruzzo,1304970,992536,76.06,0.84
3351,2021-03-06,ABR,4179,1359,2820,3569,570,40,ITF,ITF1,13,Abruzzo,Abruzzo,1304970,996715,76.38,0.32
3352,2021-02-18,ABR,2288,933,1355,2140,130,18,ITF,ITF1,13,Abruzzo,Abruzzo,1304970,999003,76.55,0.18
3353,2021-05-29,ABR,10316,4428,5888,4456,5771,89,ITF,ITF1,13,Abruzzo,Abruzzo,1304970,1009319,77.34,0.79
3354,2021-05-22,ABR,13154,6391,6763,8131,4911,112,ITF,ITF1,13,Abruzzo,Abruzzo,1304970,1022473,78.35,1.01
3355,2021-03-26,ABR,5355,2312,3043,3178,2075,102,ITF,ITF1,13,Abruzzo,Abruzzo,1304970,1027828,78.76,0.41
3356,2021-05-31,ABR,11334,5113,6221,6762,4444,128,ITF,ITF1,13,Abruzzo,Abruzzo,1304970,1039162,79.63,0.87
3357,2021-04-20,ABR,5636,2713,2923,4110,1454,72,ITF,ITF1,13,Abruzzo,Abruzzo,1304970,1044798,80.06,0.43
3358,2021-04-25,ABR,9068,4623,4445,8059,810,199,ITF,ITF1,13,Abruzzo,Abruzzo,1304970,1053866,80.76,0.69
3359,2021-01-08,ABR,1526,507,1019,1517,0,9,ITF,ITF1,13,Abruzzo,Abruzzo,1304970,1055392,80.87,0.12
3360,2021-04-18,ABR,5813,2727,3086,4725,943,145,ITF,ITF1,13,Abruzzo,Abruzzo,1304970,1061205,81.32,0.45
3361,2021-07-08,ABR,13490,6677,6813,3417,9910,163,ITF,ITF1,13,Abruzzo,Abruzzo,1304970,1074695,82.35,1.03
3362,2021-04-16,ABR,7538,3489,4049,5500,1916,122,ITF,ITF1,13,Abruzzo,Abruzzo,1304970,1082233,82.93,0.58
3363,2021-03-11,ABR,5494,2220,3274,4272,1138,84,ITF,ITF1,13,Abruzzo,Abruzzo,1304970,1087727,83.35,0.42
3364,2021-06-02,ABR,9763,4744,5019,6836,2810,117,ITF,ITF1,13,Abruzzo,Abruzzo,1304970,1097490,84.1,0.75
3365,2021-03-16,ABR,3484,1452,2032,1802,1654,28,ITF,ITF1,13,Abruzzo,Abruzzo,1304970,1100974,84.37,0.27
3366,2021-05-05,ABR,11630,5568,6062,6269,5203,158,ITF,ITF1,13,Abruzzo,Abruzzo,1304970,1112604,85.26,0.89
3367,2021-03-09,ABR,5177,1804,3373,4156,938,83,ITF,ITF1,13,Abruzzo,Abruzzo,1304970,1117781,85.66,0.4
3368,2021-07-01,ABR,12752,6278,6474,5769,6760,223,ITF,ITF1,13,Abruzzo,Abruzzo,1304970,1130533,86.63,0.98
3369,2021-06-17,ABR,10912,5455,5457,7300,3454,158,ITF,ITF1,13,Abruzzo,Abruzzo,1304970,1141445,87.47,0.84
3370,2021-02-01,ABR,1631,573,1058,270,1360,1,ITF,ITF1,13,Abruzzo,Abruzzo,1304970,1143076,87.59,0.12
3371,2021-03-23,ABR,4831,2187,2644,2213,2566,52,ITF,ITF1,13,Abruzzo,Abruzzo,1304970,1147907,87.96,0.37
3372,2021-02-20,ABR,4777,1843,2934,4661,76,40,ITF,ITF1,13,Abruzzo,Abruzzo,1304970,1152684,88.33,0.37
3373,2021-03-25,ABR,5791,2660,3131,3065,2617,109,ITF,ITF1,13,Abruzzo,Abruzzo,1304970,1158475,88.77,0.44
3374,2021-01-27,ABR,1365,515,850,38,1327,0,ITF,ITF1,13,Abruzzo,Abruzzo,1304970,1159840,88.88,0.1
3375,2021-07-03,ABR,10206,5151,5055,3500,6558,148,ITF,ITF1,13,Abruzzo,Abruzzo,1304970,1170046,89.66,0.78
3376,2021-05-21,ABR,13015,6327,6688,7862,4979,174,ITF,ITF1,13,Abruzzo,Abruzzo,1304970,1183061,90.66,1.0
3377,2021-03-18,ABR,3896,1651,2245,2039,1831,26,ITF,ITF1,13,Abruzzo,Abruzzo,1304970,1186957,90.96,0.3
3378,2021-06-26,ABR,10033,5011,5022,5679,4196,158,ITF,ITF1,13,Abruzzo,Abruzzo,1304970,1196990,91.73,0.77
3379,2021-07-10,ABR,13132,6636,6496,3020,9949,163,ITF,ITF1,13,Abruzzo,Abruzzo,1304970,1210122,92.73,1.01
3380,2021-05-14,ABR,10593,5069,5524,5285,5147,161,ITF,ITF1,13,Abruzzo,Abruzzo,1304970,1220715,93.54,0.81
3381,2021-04-01,ABR,5591,2505,3086,3430,2087,74,ITF,ITF1,13,Abruzzo,Abruzzo,1304970,1226306,93.97,0.43
3382,2021-01-25,ABR,1604,632,972,15,1587,2,ITF,ITF1,13,Abruzzo,Abruzzo,1304970,1227910,94.09,0.12
3383,2021-03-13,ABR,4125,1420,2705,3015,1043,67,ITF,ITF1,13,Abruzzo,Abruzzo,1304970,1232035,94.41,0.32
3384,2021-06-21,ABR,11050,5387,5663,4933,5989,128,ITF,ITF1,13,Abruzzo,Abruzzo,1304970,1243085,95.26,0.85
3385,2021-03-30,ABR,5128,2261,2867,3147,1822,159,ITF,ITF1,13,Abruzzo,Abruzzo,1304970,1248213,95.65,0.39
3386,2021-01-06,ABR,1833,664,1169,1823,0,10,ITF,ITF1,13,Abruzzo,Abruzzo,1304970,1250046,95.79,0.14
3387,2021-04-05,ABR,2692,1147,1545,1731,879,82,ITF,ITF1,13,Abruzzo,Abruzzo,1304970,1252738,96.0,0.21
3388,2021-01-12,ABR,1805,667,1138,1791,0,14,ITF,ITF1,13,Abruzzo,Abruzzo,1304970,1254543,96.14,0.14
3389,2021-05-25,ABR,11419,5325,6094,8083,3138,198,ITF,ITF1,13,Abruzzo,Abruzzo,1304970,1265962,97.01,0.88
3390,2021-01-31,ABR,1521,494,1027,288,1232,1,ITF,ITF1,13,Abruzzo,Abruzzo,1304970,1267483,97.13,0.12
3391,2021-05-10,ABR,10107,4782,5325,5372,4649,86,ITF,ITF1,13,Abruzzo,Abruzzo,1304970,1277590,97.9,0.77
3392,2021-04-23,ABR,7392,3393,3999,4924,2305,163,ITF,ITF1,13,Abruzzo,Abruzzo,1304970,1284982,98.47,0.57
3393,2021-01-30,ABR,1511,568,943,68,1442,1,ITF,ITF1,13,Abruzzo,Abruzzo,1304970,1286493,98.58,0.12
3394,2021-06-29,ABR,11390,5621,5769,5226,5978,186,ITF,ITF1,13,Abruzzo,Abruzzo,1304970,1297883,99.46,0.87
3395,2021-03-21,ABR,2133,913,1220,839,1290,4,ITF,ITF1,13,Abruzzo,Abruzzo,1304970,1300016,99.62,0.16
3396,2021-06-12,ABR,11407,5908,5499,9890,1338,179,ITF,ITF1,13,Abruzzo,Abruzzo,1304970,1311423,100.49,0.87
3397,2021-01-13,ABR,1260,441,819,1252,0,8,ITF,ITF1,13,Abruzzo,Abruzzo,1304970,1312683,100.59,0.1
3398,2021-02-13,ABR,857,387,470,434,419,4,ITF,ITF1,13,Abruzzo,Abruzzo,1304970,1313540,100.66,0.07
3399,2021-07-17,ABR,10861,5716,5145,2052,8686,123,ITF,ITF1,13,Abruzzo,Abruzzo,1304970,1324401,101.49,0.83
3400,2021-03-04,ABR,5936,2360,3576,4974,922,40,ITF,ITF1,13,Abruzzo,Abruzzo,1304970,1330337,101.94,0.45
3401,2021-05-28,ABR,14015,6307,7708,7490,6356,169,ITF,ITF1,13,Abruzzo,Abruzzo,1304970,1344352,103.02,1.07
3402,2021-03-28,CAM,15563,7509,8054,13608,1625,330,ITF,ITF3,15,Campania,Campania,5801692,15563,0.27,0.27
3403,2021-01-04,CAM,5826,2963,2863,5727,0,99,ITF,ITF3,15,Campania,Campania,5801692,21389,0.37,0.1
3404,2021-06-19,CAM,62374,29700,32674,24260,37739,375,ITF,ITF3,15,Campania,Campania,5801692,83763,1.44,1.08
3405,2021-03-09,CAM,14128,6870,7258,9960,3785,383,ITF,ITF3,15,Campania,Campania,5801692,97891,1.69,0.24
3406,2021-04-11,CAM,17524,8606,8918,15068,2083,373,ITF,ITF3,15,Campania,Campania,5801692,115415,1.99,0.3
3407,2021-04-28,CAM,36436,17642,18794,25918,9756,762,ITF,ITF3,15,Campania,Campania,5801692,151851,2.62,0.63
3408,2021-01-18,CAM,959,399,560,683,244,32,ITF,ITF3,15,Campania,Campania,5801692,152810,2.63,0.02
3409,2021-01-30,CAM,10724,5081,5643,36,10686,2,ITF,ITF3,15,Campania,Campania,5801692,163534,2.82,0.18
3410,2021-07-03,CAM,67280,32493,34787,8207,58697,376,ITF,ITF3,15,Campania,Campania,5801692,230814,3.98,1.16
3411,2021-01-16,CAM,3371,1677,1694,3262,0,109,ITF,ITF3,15,Campania,Campania,5801692,234185,4.04,0.06
3412,2021-02-11,CAM,6280,2704,3576,5929,66,285,ITF,ITF3,15,Campania,Campania,5801692,240465,4.14,0.11
3413,2021-04-16,CAM,34327,16560,17767,23023,10665,639,ITF,ITF3,15,Campania,Campania,5801692,274792,4.74,0.59
3414,2021-03-02,CAM,12761,4558,8203,8214,4345,202,ITF,ITF3,15,Campania,Campania,5801692,287553,4.96,0.22
3415,2021-07-15,CAM,66657,32021,34636,9371,57018,268,ITF,ITF3,15,Campania,Campania,5801692,354210,6.11,1.15
3416,2021-01-11,CAM,4070,1871,2199,3961,0,109,ITF,ITF3,15,Campania,Campania,5801692,358280,6.18,0.07
3417,2021-06-07,CAM,57581,27718,29863,52871,4033,677,ITF,ITF3,15,Campania,Campania,5801692,415861,7.17,0.99
3418,2021-02-25,CAM,12426,4479,7947,10968,1188,270,ITF,ITF3,15,Campania,Campania,5801692,428287,7.38,0.21
3419,2021-04-09,CAM,30044,14153,15891,23313,6134,597,ITF,ITF3,15,Campania,Campania,5801692,458331,7.9,0.52
3420,2021-06-05,CAM,77622,37579,40043,70889,6022,711,ITF,ITF3,15,Campania,Campania,5801692,535953,9.24,1.34
3421,2021-06-14,CAM,37111,17914,19197,18786,18013,312,ITF,ITF3,15,Campania,Campania,5801692,573064,9.88,0.64
3422,2021-05-24,CAM,31358,15151,16207,15863,15150,345,ITF,ITF3,15,Campania,Campania,5801692,604422,10.42,0.54
3423,2021-02-13,CAM,5508,2550,2958,5109,217,182,ITF,ITF3,15,Campania,Campania,5801692,609930,10.51,0.09
3424,2021-04-23,CAM,32325,15522,16803,22485,9150,690,ITF,ITF3,15,Campania,Campania,5801692,642255,11.07,0.56
3425,2021-06-24,CAM,66047,31814,34233,13474,52243,330,ITF,ITF3,15,Campania,Campania,5801692,708302,12.21,1.14
3426,2021-03-16,CAM,8086,3519,4567,3700,4314,72,ITF,ITF3,15,Campania,Campania,5801692,716388,12.35,0.14
3427,2021-01-25,CAM,5746,2927,2819,163,5583,0,ITF,ITF3,15,Campania,Campania,5801692,722134,12.45,0.1
3428,2021-07-01,CAM,61500,29844,31656,19855,40996,649,ITF,ITF3,15,Campania,Campania,5801692,783634,13.51,1.06
3429,2021-03-23,CAM,15743,7446,8297,12925,2513,305,ITF,ITF3,15,Campania,Campania,5801692,799377,13.78,0.27
3430,2021-05-19,CAM,51155,22604,28551,33826,16608,721,ITF,ITF3,15,Campania,Campania,5801692,850532,14.66,0.88
3431,2021-05-31,CAM,40728,20664,20064,29851,10311,566,ITF,ITF3,15,Campania,Campania,5801692,891260,15.36,0.7
3432,2021-01-23,CAM,3840,2030,1810,267,3567,6,ITF,ITF3,15,Campania,Campania,5801692,895100,15.43,0.07
3433,2021-03-21,CAM,10071,4674,5397,7507,2390,174,ITF,ITF3,15,Campania,Campania,5801692,905171,15.6,0.17
3434,2021-02-10,CAM,6905,3413,3492,6483,177,245,ITF,ITF3,15,Campania,Campania,5801692,912076,15.72,0.12
3435,2021-07-17,CAM,47197,23578,23619,2746,44290,161,ITF,ITF3,15,Campania,Campania,5801692,959273,16.53,0.81
3436,2021-04-08,CAM,28392,13750,14642,21992,5844,556,ITF,ITF3,15,Campania,Campania,5801692,987665,17.02,0.49
3437,2021-06-04,CAM,74492,35806,38686,64786,9062,644,ITF,ITF3,15,Campania,Campania,5801692,1062157,18.31,1.28
3438,2021-05-21,CAM,63709,29606,34103,42177,20527,1005,ITF,ITF3,15,Campania,Campania,5801692,1125866,19.41,1.1
3439,2021-05-17,CAM,49362,21701,27661,23654,25257,451,ITF,ITF3,15,Campania,Campania,5801692,1175228,20.26,0.85
3440,2021-02-06,CAM,5341,2666,2675,2006,3239,96,ITF,ITF3,15,Campania,Campania,5801692,1180569,20.35,0.09
3441,2021-04-30,CAM,42328,20195,22133,25041,16499,788,ITF,ITF3,15,Campania,Campania,5801692,1222897,21.08,0.73
3442,2021-02-04,CAM,7943,3429,4514,1249,6635,59,ITF,ITF3,15,Campania,Campania,5801692,1230840,21.22,0.14
3443,2021-01-01,CAM,919,506,413,900,0,19,ITF,ITF3,15,Campania,Campania,5801692,1231759,21.23,0.02
3444,2021-03-25,CAM,20320,9653,10667,16389,3503,428,ITF,ITF3,15,Campania,Campania,5801692,1252079,21.58,0.35
3445,2021-05-26,CAM,52674,25835,26839,21108,31101,465,ITF,ITF3,15,Campania,Campania,5801692,1304753,22.49,0.91
3446,2021-04-06,CAM,24510,11561,12949,19506,4523,481,ITF,ITF3,15,Campania,Campania,5801692,1329263,22.91,0.42
3447,2021-07-12,CAM,56674,27362,29312,3771,52585,318,ITF,ITF3,15,Campania,Campania,5801692,1385937,23.89,0.98
3448,2020-12-27,CAM,720,422,298,716,0,4,ITF,ITF3,15,Campania,Campania,5801692,1386657,23.9,0.01
3449,2021-01-06,CAM,7650,3749,3901,7506,0,144,ITF,ITF3,15,Campania,Campania,5801692,1394307,24.03,0.13
3450,2021-02-18,CAM,9080,3813,5267,8151,707,222,ITF,ITF3,15,Campania,Campania,5801692,1403387,24.19,0.16
3451,2021-04-25,CAM,30739,15174,15565,24599,5402,738,ITF,ITF3,15,Campania,Campania,5801692,1434126,24.72,0.53
3452,2021-01-13,CAM,8020,3666,4354,7780,0,240,ITF,ITF3,15,Campania,Campania,5801692,1442146,24.86,0.14
3453,2021-05-05,CAM,51172,24857,26315,43286,6386,1500,ITF,ITF3,15,Campania,Campania,5801692,1493318,25.74,0.88
3454,2021-05-12,CAM,40888,19950,20938,30592,9156,1140,ITF,ITF3,15,Campania,Campania,5801692,1534206,26.44,0.7
3455,2021-07-08,CAM,61083,29399,31684,5664,55115,304,ITF,ITF3,15,Campania,Campania,5801692,1595289,27.5,1.05
3456,2021-06-26,CAM,62930,30687,32243,14669,47849,412,ITF,ITF3,15,Campania,Campania,5801692,1658219,28.58,1.08
3457,2021-07-13,CAM,53659,25780,27879,4938,48472,249,ITF,ITF3,15,Campania,Campania,5801692,1711878,29.51,0.92
3458,2021-04-04,CAM,7966,4017,3949,6701,1047,218,ITF,ITF3,15,Campania,Campania,5801692,1719844,29.64,0.14
3459,2021-06-12,CAM,63985,31541,32444,55939,7215,831,ITF,ITF3,15,Campania,Campania,5801692,1783829,30.75,1.1
3460,2021-03-04,CAM,14708,5396,9312,8555,5894,259,ITF,ITF3,15,Campania,Campania,5801692,1798537,31.0,0.25
3461,2021-05-07,CAM,59770,29208,30562,42784,15947,1039,ITF,ITF3,15,Campania,Campania,5801692,1858307,32.03,1.03
3462,2021-02-27,CAM,13948,4473,9475,12007,1642,299,ITF,ITF3,15,Campania,Campania,5801692,1872255,32.27,0.24
3463,2021-06-16,CAM,31593,14979,16614,20539,10759,295,ITF,ITF3,15,Campania,Campania,5801692,1903848,32.82,0.54
3464,2021-06-02,CAM,42835,20145,22690,37727,4675,433,ITF,ITF3,15,Campania,Campania,5801692,1946683,33.55,0.74
3465,2021-02-22,CAM,10683,3295,7388,10195,263,225,ITF,ITF3,15,Campania,Campania,5801692,1957366,33.74,0.18
3466,2021-03-11,CAM,17999,9057,8942,10332,7279,388,ITF,ITF3,15,Campania,Campania,5801692,1975365,34.05,0.31
3467,2021-05-16,CAM,51147,23226,27921,32868,17573,706,ITF,ITF3,15,Campania,Campania,5801692,2026512,34.93,0.88
3468,2021-02-20,CAM,8573,3080,5493,8109,303,161,ITF,ITF3,15,Campania,Campania,5801692,2035085,35.08,0.15
3469,2021-02-03,CAM,8903,4003,4900,842,8025,36,ITF,ITF3,15,Campania,Campania,5801692,2043988,35.23,0.15
3470,2021-04-01,CAM,24680,12010,12670,20081,4133,466,ITF,ITF3,15,Campania,Campania,5801692,2068668,35.66,0.43
3471,2021-05-28,CAM,73052,35312,37740,26284,46154,614,ITF,ITF3,15,Campania,Campania,5801692,2141720,36.92,1.26
3472,2021-05-14,CAM,61039,27584,33455,34850,24708,1481,ITF,ITF3,15,Campania,Campania,5801692,2202759,37.97,1.05
3473,2021-07-10,CAM,66878,32657,34221,2754,63928,196,ITF,ITF3,15,Campania,Campania,5801692,2269637,39.12,1.15
3474,2021-01-20,CAM,1257,650,607,1226,0,31,ITF,ITF3,15,Campania,Campania,5801692,2270894,39.14,0.02
3475,2021-04-13,CAM,26609,12686,13923,20577,5534,498,ITF,ITF3,15,Campania,Campania,5801692,2297503,39.6,0.46
3476,2021-01-03,CAM,3836,2009,1827,3787,0,49,ITF,ITF3,15,Campania,Campania,5801692,2301339,39.67,0.07
3477,2021-04-20,CAM,32039,15500,16539,20161,11312,566,ITF,ITF3,15,Campania,Campania,5801692,2333378,40.22,0.55
3478,2021-06-28,CAM,46516,22738,23778,20590,25403,523,ITF,ITF3,15,Campania,Campania,5801692,2379894,41.02,0.8
3479,2021-03-20,CAM,13989,6529,7460,10013,3739,237,ITF,ITF3,15,Campania,Campania,5801692,2393883,41.26,0.24
3480,2021-02-15,CAM,5472,2516,2956,5159,175,138,ITF,ITF3,15,Campania,Campania,5801692,2399355,41.36,0.09
3481,2021-06-09,CAM,53059,26053,27006,41707,10903,449,ITF,ITF3,15,Campania,Campania,5801692,2452414,42.27,0.91
3482,2021-03-01,CAM,12130,4248,7882,7783,4112,235,ITF,ITF3,15,Campania,Campania,5801692,2464544,42.48,0.21
3483,2021-05-09,CAM,43201,20285,22916,30970,11096,1135,ITF,ITF3,15,Campania,Campania,5801692,2507745,43.22,0.74
3484,2021-01-10,CAM,8165,3736,4429,7963,0,202,ITF,ITF3,15,Campania,Campania,5801692,2515910,43.37,0.14
3485,2021-04-03,CAM,21117,10316,10801,18283,2381,453,ITF,ITF3,15,Campania,Campania,5801692,2537027,43.73,0.36
3486,2021-04-18,CAM,27220,13285,13935,17823,8900,497,ITF,ITF3,15,Campania,Campania,5801692,2564247,44.2,0.47
3487,2021-01-08,CAM,10453,4967,5486,10194,0,259,ITF,ITF3,15,Campania,Campania,5801692,2574700,44.38,0.18
3488,2021-04-27,CAM,32159,15625,16534,23497,7922,740,ITF,ITF3,15,Campania,Campania,5801692,2606859,44.93,0.55
3489,2021-06-23,CAM,46735,22079,24656,10749,35780,206,ITF,ITF3,15,Campania,Campania,5801692,2653594,45.74,0.81
3490,2021-01-15,CAM,4979,2381,2598,4823,0,156,ITF,ITF3,15,Campania,Campania,5801692,2658573,45.82,0.09
3491,2021-06-21,CAM,46852,22629,24223,11348,35221,283,ITF,ITF3,15,Campania,Campania,5801692,2705425,46.63,0.81
3492,2021-03-13,CAM,14518,7038,7480,8989,5282,247,ITF,ITF3,15,Campania,Campania,5801692,2719943,46.88,0.25
3493,2021-03-22,CAM,13181,6344,6837,10864,2041,276,ITF,ITF3,15,Campania,Campania,5801692,2733124,47.11,0.23
3494,2021-02-07,CAM,2928,1381,1547,2067,771,90,ITF,ITF3,15,Campania,Campania,5801692,2736052,47.16,0.05
3495,2021-06-30,CAM,47601,22740,24861,18383,28605,613,ITF,ITF3,15,Campania,Campania,5801692,2783653,47.98,0.82
3496,2021-05-18,CAM,52185,23230,28955,31876,19656,653,ITF,ITF3,15,Campania,Campania,5801692,2835838,48.88,0.9
3497,2021-02-05,CAM,7261,3463,3798,2019,5128,114,ITF,ITF3,15,Campania,Campania,5801692,2843099,49.0,0.13
3498,2021-04-29,CAM,41329,20037,21292,24097,16482,750,ITF,ITF3,15,Campania,Campania,5801692,2884428,49.72,0.71
3499,2021-01-19,CAM,1095,474,621,1042,3,50,ITF,ITF3,15,Campania,Campania,5801692,2885523,49.74,0.02
3500,2021-01-21,CAM,2093,1116,977,670,1417,6,ITF,ITF3,15,Campania,Campania,5801692,2887616,49.77,0.04
3501,2021-04-14,CAM,27650,13338,14312,18669,8570,411,ITF,ITF3,15,Campania,Campania,5801692,2915266,50.25,0.48
3502,2021-05-01,CAM,46346,22661,23685,29339,16105,902,ITF,ITF3,15,Campania,Campania,5801692,2961612,51.05,0.8
3503,2021-07-06,CAM,56612,27026,29586,16285,39878,449,ITF,ITF3,15,Campania,Campania,5801692,3018224,52.02,0.98
3504,2021-04-12,CAM,23307,10921,12386,19773,3035,499,ITF,ITF3,15,Campania,Campania,5801692,3041531,52.42,0.4
3505,2021-01-02,CAM,3673,1963,1710,3615,0,58,ITF,ITF3,15,Campania,Campania,5801692,3045204,52.49,0.06
3506,2021-06-17,CAM,60160,28848,31312,32898,26763,499,ITF,ITF3,15,Campania,Campania,5801692,3105364,53.53,1.04
3507,2021-07-04,CAM,48818,23765,25053,6327,42309,182,ITF,ITF3,15,Campania,Campania,5801692,3154182,54.37,0.84
3508,2021-03-26,CAM,19863,9322,10541,15651,3815,397,ITF,ITF3,15,Campania,Campania,5801692,3174045,54.71,0.34
3509,2021-05-02,CAM,43495,21540,21955,31285,11359,851,ITF,ITF3,15,Campania,Campania,5801692,3217540,55.46,0.75
3510,2021-01-22,CAM,1525,776,749,659,852,14,ITF,ITF3,15,Campania,Campania,5801692,3219065,55.48,0.03
3511,2021-03-06,CAM,16371,6815,9556,10411,5669,291,ITF,ITF3,15,Campania,Campania,5801692,3235436,55.77,0.28
3512,2021-03-08,CAM,14687,6846,7841,9504,4777,406,ITF,ITF3,15,Campania,Campania,5801692,3250123,56.02,0.25
3513,2021-05-04,CAM,48482,23347,25135,38353,8902,1227,ITF,ITF3,15,Campania,Campania,5801692,3298605,56.86,0.84
3514,2021-01-24,CAM,4122,2119,2003,360,3745,17,ITF,ITF3,15,Campania,Campania,5801692,3302727,56.93,0.07
3515,2021-05-13,CAM,55449,24827,30622,37875,16005,1569,ITF,ITF3,15,Campania,Campania,5801692,3358176,57.88,0.96
3516,2021-07-09,CAM,61437,29743,31694,4367,56779,291,ITF,ITF3,15,Campania,Campania,5801692,3419613,58.94,1.06
3517,2021-01-31,CAM,8070,3712,4358,22,8047,1,ITF,ITF3,15,Campania,Campania,5801692,3427683,59.08,0.14
3518,2021-01-17,CAM,1155,551,604,682,453,20,ITF,ITF3,15,Campania,Campania,5801692,3428838,59.1,0.02
3519,2021-03-15,CAM,13346,6491,6855,8352,4746,248,ITF,ITF3,15,Campania,Campania,5801692,3442184,59.33,0.23
3520,2021-07-02,CAM,55859,26991,28868,14438,40938,483,ITF,ITF3,15,Campania,Campania,5801692,3498043,60.29,0.96
3521,2021-05-27,CAM,72913,35351,37562,25819,46536,558,ITF,ITF3,15,Campania,Campania,5801692,3570956,61.55,1.26
3522,2021-02-16,CAM,5440,2412,3028,4495,771,174,ITF,ITF3,15,Campania,Campania,5801692,3576396,61.64,0.09
3523,2021-05-22,CAM,67958,32514,35444,45622,21490,846,ITF,ITF3,15,Campania,Campania,5801692,3644354,62.82,1.17
3524,2021-03-24,CAM,17922,8369,9553,14625,2958,339,ITF,ITF3,15,Campania,Campania,5801692,3662276,63.12,0.31
3525,2021-05-20,CAM,60830,28141,32689,42227,17638,965,ITF,ITF3,15,Campania,Campania,5801692,3723106,64.17,1.05
3526,2021-02-08,CAM,5113,2449,2664,4164,803,146,ITF,ITF3,15,Campania,Campania,5801692,3728219,64.26,0.09
3527,2021-02-01,CAM,3984,1813,2171,102,3874,8,ITF,ITF3,15,Campania,Campania,5801692,3732203,64.33,0.07
3528,2021-03-30,CAM,22052,10577,11475,18598,2957,497,ITF,ITF3,15,Campania,Campania,5801692,3754255,64.71,0.38
3529,2021-04-17,CAM,36184,17511,18673,23986,11512,686,ITF,ITF3,15,Campania,Campania,5801692,3790439,65.33,0.62
3530,2021-06-13,CAM,43427,21240,22187,38103,4729,595,ITF,ITF3,15,Campania,Campania,5801692,3833866,66.08,0.75
3531,2021-05-30,CAM,52153,25441,26712,37961,13313,879,ITF,ITF3,15,Campania,Campania,5801692,3886019,66.98,0.9
3532,2021-02-24,CAM,11784,4149,7635,10849,688,247,ITF,ITF3,15,Campania,Campania,5801692,3897803,67.18,0.2
3533,2021-01-05,CAM,7237,3637,3600,7076,0,161,ITF,ITF3,15,Campania,Campania,5801692,3905040,67.31,0.12
3534,2021-02-17,CAM,7390,3212,4178,6206,1060,124,ITF,ITF3,15,Campania,Campania,5801692,3912430,67.44,0.13
3535,2021-04-15,CAM,34343,16663,17680,23813,9902,628,ITF,ITF3,15,Campania,Campania,5801692,3946773,68.03,0.59
3536,2021-06-22,CAM,52437,25008,27429,13198,38992,247,ITF,ITF3,15,Campania,Campania,5801692,3999210,68.93,0.9
3537,2021-03-14,CAM,8616,3827,4789,4379,4140,97,ITF,ITF3,15,Campania,Campania,5801692,4007826,69.08,0.15
3538,2021-05-10,CAM,35471,16390,19081,25004,9927,540,ITF,ITF3,15,Campania,Campania,5801692,4043297,69.69,0.61
3539,2021-07-05,CAM,63281,30506,32775,12746,49864,671,ITF,ITF3,15,Campania,Campania,5801692,4106578,70.78,1.09
3540,2021-07-07,CAM,52227,24783,27444,7267,44575,385,ITF,ITF3,15,Campania,Campania,5801692,4158805,71.68,0.9
3541,2021-03-29,CAM,19405,9578,9827,17471,1547,387,ITF,ITF3,15,Campania,Campania,5801692,4178210,72.02,0.33
3542,2021-05-23,CAM,58747,28639,30108,37221,20897,629,ITF,ITF3,15,Campania,Campania,5801692,4236957,73.03,1.01
3543,2021-02-12,CAM,6531,2861,3670,6092,188,251,ITF,ITF3,15,Campania,Campania,5801692,4243488,73.14,0.11
3544,2021-01-29,CAM,10053,4812,5241,43,10006,4,ITF,ITF3,15,Campania,Campania,5801692,4253541,73.32,0.17
3545,2021-06-27,CAM,43551,21450,22101,14111,29066,374,ITF,ITF3,15,Campania,Campania,5801692,4297092,74.07,0.75
3546,2021-03-19,CAM,11143,4973,6170,7096,3873,174,ITF,ITF3,15,Campania,Campania,5801692,4308235,74.26,0.19
3547,2021-06-10,CAM,75910,36677,39233,68001,7033,876,ITF,ITF3,15,Campania,Campania,5801692,4384145,75.57,1.31
3548,2021-05-08,CAM,56429,27142,29287,39151,15829,1449,ITF,ITF3,15,Campania,Campania,5801692,4440574,76.54,0.97
3549,2021-01-28,CAM,8833,4122,4711,126,8699,8,ITF,ITF3,15,Campania,Campania,5801692,4449407,76.69,0.15
3550,2021-04-21,CAM,30233,14729,15504,17484,12227,522,ITF,ITF3,15,Campania,Campania,5801692,4479640,77.21,0.52
3551,2021-02-09,CAM,4643,2202,2441,4234,252,157,ITF,ITF3,15,Campania,Campania,5801692,4484283,77.29,0.08
3552,2021-05-29,CAM,67817,32259,35558,43107,23871,839,ITF,ITF3,15,Campania,Campania,5801692,4552100,78.46,1.17
3553,2021-05-11,CAM,39866,19238,20628,29555,9400,911,ITF,ITF3,15,Campania,Campania,5801692,4591966,79.15,0.69
3554,2021-07-11,CAM,40854,19660,21194,1014,39759,81,ITF,ITF3,15,Campania,Campania,5801692,4632820,79.85,0.7
3555,2021-02-02,CAM,5724,2805,2919,413,5280,31,ITF,ITF3,15,Campania,Campania,5801692,4638544,79.95,0.1
3556,2021-03-31,CAM,23187,11371,11816,19359,3440,388,ITF,ITF3,15,Campania,Campania,5801692,4661731,80.35,0.4
3557,2021-04-07,CAM,24971,11986,12985,19713,4725,533,ITF,ITF3,15,Campania,Campania,5801692,4686702,80.78,0.43
3558,2021-07-16,CAM,60960,29820,31140,6743,53850,367,ITF,ITF3,15,Campania,Campania,5801692,4747662,81.83,1.05
3559,2021-06-20,CAM,47603,22743,24860,14333,32985,285,ITF,ITF3,15,Campania,Campania,5801692,4795265,82.65,0.82
3560,2021-03-27,CAM,21513,10242,11271,17256,3865,392,ITF,ITF3,15,Campania,Campania,5801692,4816778,83.02,0.37
3561,2021-06-01,CAM,42055,20872,21183,31343,10493,219,ITF,ITF3,15,Campania,Campania,5801692,4858833,83.75,0.72
3562,2021-06-18,CAM,65882,31398,34484,35096,30295,491,ITF,ITF3,15,Campania,Campania,5801692,4924715,84.88,1.14
3563,2021-03-10,CAM,15614,7721,7893,8465,6836,313,ITF,ITF3,15,Campania,Campania,5801692,4940329,85.15,0.27
3564,2021-05-15,CAM,62656,29041,33615,42155,18713,1788,ITF,ITF3,15,Campania,Campania,5801692,5002985,86.23,1.08
3565,2021-02-19,CAM,9571,3559,6012,8714,650,207,ITF,ITF3,15,Campania,Campania,5801692,5012556,86.4,0.16
3566,2020-12-31,CAM,1490,811,679,1471,0,19,ITF,ITF3,15,Campania,Campania,5801692,5014046,86.42,0.03
3567,2021-06-06,CAM,63227,31445,31782,61928,648,651,ITF,ITF3,15,Campania,Campania,5801692,5077273,87.51,1.09
3568,2021-02-26,CAM,13335,4227,9108,11731,1336,268,ITF,ITF3,15,Campania,Campania,5801692,5090608,87.74,0.23
3569,2021-04-24,CAM,36364,17528,18836,24361,11248,755,ITF,ITF3,15,Campania,Campania,5801692,5126972,88.37,0.63
3570,2021-04-10,CAM,28355,13493,14862,22827,4914,614,ITF,ITF3,15,Campania,Campania,5801692,5155327,88.86,0.49
3571,2021-01-07,CAM,8909,4167,4742,8736,0,173,ITF,ITF3,15,Campania,Campania,5801692,5164236,89.01,0.15
3572,2021-03-05,CAM,16813,6666,10147,9865,6663,285,ITF,ITF3,15,Campania,Campania,5801692,5181049,89.3,0.29
3573,2021-01-14,CAM,7074,2978,4096,6810,0,264,ITF,ITF3,15,Campania,Campania,5801692,5188123,89.42,0.12
3574,2021-04-02,CAM,21864,10524,11340,19099,2323,442,ITF,ITF3,15,Campania,Campania,5801692,5209987,89.8,0.38
3575,2021-06-08,CAM,53035,25851,27184,45457,6996,582,ITF,ITF3,15,Campania,Campania,5801692,5263022,90.72,0.91
3576,2021-04-26,CAM,34034,16649,17385,27574,5622,838,ITF,ITF3,15,Campania,Campania,5801692,5297056,91.3,0.59
3577,2021-03-07,CAM,11973,5404,6569,7816,3843,314,ITF,ITF3,15,Campania,Campania,5801692,5309029,91.51,0.21
3578,2021-05-03,CAM,40780,19899,20881,27960,11857,963,ITF,ITF3,15,Campania,Campania,5801692,5349809,92.21,0.7
3579,2021-06-29,CAM,49297,23977,25320,19828,29010,459,ITF,ITF3,15,Campania,Campania,5801692,5399106,93.06,0.85
3580,2021-06-15,CAM,18665,9081,9584,11022,7411,232,ITF,ITF3,15,Campania,Campania,5801692,5417771,93.38,0.32
3581,2021-03-12,CAM,14574,7410,7164,8199,6083,292,ITF,ITF3,15,Campania,Campania,5801692,5432345,93.63,0.25
3582,2021-06-03,CAM,72636,35228,37408,61158,10674,804,ITF,ITF3,15,Campania,Campania,5801692,5504981,94.89,1.25
3583,2021-02-23,CAM,11002,3388,7614,10205,526,271,ITF,ITF3,15,Campania,Campania,5801692,5515983,95.08,0.19
3584,2021-02-21,CAM,5836,2241,3595,5496,225,115,ITF,ITF3,15,Campania,Campania,5801692,5521819,95.18,0.1
3585,2021-01-27,CAM,7738,3820,3918,157,7576,5,ITF,ITF3,15,Campania,Campania,5801692,5529557,95.31,0.13
3586,2021-03-18,CAM,12176,5381,6795,5796,6189,191,ITF,ITF3,15,Campania,Campania,5801692,5541733,95.52,0.21
3587,2021-07-14,CAM,51078,24564,26514,4334,46465,279,ITF,ITF3,15,Campania,Campania,5801692,5592811,96.4,0.88
3588,2021-04-05,CAM,11639,5542,6097,8940,2424,275,ITF,ITF3,15,Campania,Campania,5801692,5604450,96.6,0.2
3589,2021-03-17,CAM,11590,5100,6490,4860,6581,149,ITF,ITF3,15,Campania,Campania,5801692,5616040,96.8,0.2
3590,2021-06-11,CAM,70794,34393,36401,63911,6034,849,ITF,ITF3,15,Campania,Campania,5801692,5686834,98.02,1.22
3591,2021-03-03,CAM,13924,5496,8428,7099,6630,195,ITF,ITF3,15,Campania,Campania,5801692,5700758,98.26,0.24
3592,2021-06-25,CAM,65502,31799,33703,13793,51330,379,ITF,ITF3,15,Campania,Campania,5801692,5766260,99.39,1.13
3593,2021-05-25,CAM,46502,22383,24119,22544,23410,548,ITF,ITF3,15,Campania,Campania,5801692,5812762,100.19,0.8
3594,2021-04-22,CAM,33961,16540,17421,20932,12405,624,ITF,ITF3,15,Campania,Campania,5801692,5846723,100.78,0.59
3595,2021-01-12,CAM,5215,2564,2651,5076,0,139,ITF,ITF3,15,Campania,Campania,5801692,5851938,100.87,0.09
3596,2021-05-06,CAM,57284,27909,29375,41312,14452,1520,ITF,ITF3,15,Campania,Campania,5801692,5909222,101.85,0.99
3597,2021-02-28,CAM,10412,3207,7205,8315,1900,197,ITF,ITF3,15,Campania,Campania,5801692,5919634,102.03,0.18
3598,2021-02-14,CAM,3929,1923,2006,3845,34,50,ITF,ITF3,15,Campania,Campania,5801692,5923563,102.1,0.07
3599,2021-01-26,CAM,7341,3726,3615,331,6989,21,ITF,ITF3,15,Campania,Campania,5801692,5930904,102.23,0.13
3600,2021-04-19,CAM,30771,14830,15941,18693,11573,505,ITF,ITF3,15,Campania,Campania,5801692,5961675,102.76,0.53
3601,2021-01-09,CAM,10567,5024,5543,10306,0,261,ITF,ITF3,15,Campania,Campania,5801692,5972242,102.94,0.18
3602,2021-01-30,EMR,10081,3520,6561,140,9940,1,ITH,ITH5,8,Emilia-Romagna,Emilia-Romagna,4459477,10081,0.23,0.23
3603,2021-07-15,EMR,49212,25619,23593,8117,40756,339,ITH,ITH5,8,Emilia-Romagna,Emilia-Romagna,4459477,59293,1.33,1.1
3604,2021-04-23,EMR,29562,13811,15751,14305,14883,374,ITH,ITH5,8,Emilia-Romagna,Emilia-Romagna,4459477,88855,1.99,0.66
3605,2021-05-26,EMR,33240,14732,18508,9926,22930,384,ITH,ITH5,8,Emilia-Romagna,Emilia-Romagna,4459477,122095,2.74,0.75
3606,2021-06-12,EMR,41277,21829,19448,35837,4912,528,ITH,ITH5,8,Emilia-Romagna,Emilia-Romagna,4459477,163372,3.66,0.93
3607,2021-03-04,EMR,16452,5350,11102,13344,3017,91,ITH,ITH5,8,Emilia-Romagna,Emilia-Romagna,4459477,179824,4.03,0.37
3608,2021-05-24,EMR,29956,13719,16237,17950,11489,517,ITH,ITH5,8,Emilia-Romagna,Emilia-Romagna,4459477,209780,4.7,0.67
3609,2021-02-13,EMR,3628,1084,2544,3015,598,15,ITH,ITH5,8,Emilia-Romagna,Emilia-Romagna,4459477,213408,4.79,0.08
3610,2021-05-12,EMR,38915,18289,20626,28379,9686,850,ITH,ITH5,8,Emilia-Romagna,Emilia-Romagna,4459477,252323,5.66,0.87
3611,2021-02-01,EMR,10320,3610,6710,360,9958,2,ITH,ITH5,8,Emilia-Romagna,Emilia-Romagna,4459477,262643,5.89,0.23
3612,2021-01-18,EMR,3128,879,2249,2446,679,3,ITH,ITH5,8,Emilia-Romagna,Emilia-Romagna,4459477,265771,5.96,0.07
3613,2021-03-16,EMR,12246,5027,7219,4871,7309,66,ITH,ITH5,8,Emilia-Romagna,Emilia-Romagna,4459477,278017,6.23,0.27
3614,2021-01-25,EMR,6462,2146,4316,206,6255,1,ITH,ITH5,8,Emilia-Romagna,Emilia-Romagna,4459477,284479,6.38,0.14
3615,2021-07-01,EMR,34457,16839,17618,15332,18813,312,ITH,ITH5,8,Emilia-Romagna,Emilia-Romagna,4459477,318936,7.15,0.77
3616,2021-03-23,EMR,18798,8144,10654,11952,6687,159,ITH,ITH5,8,Emilia-Romagna,Emilia-Romagna,4459477,337734,7.57,0.42
3617,2021-02-18,EMR,7039,2892,4147,6440,583,16,ITH,ITH5,8,Emilia-Romagna,Emilia-Romagna,4459477,344773,7.73,0.16
3618,2021-06-07,EMR,40464,20769,19695,33884,6249,331,ITH,ITH5,8,Emilia-Romagna,Emilia-Romagna,4459477,385237,8.64,0.91
3619,2021-04-16,EMR,29229,13763,15466,20026,8838,365,ITH,ITH5,8,Emilia-Romagna,Emilia-Romagna,4459477,414466,9.29,0.66
3620,2021-01-06,EMR,8287,2955,5332,8286,0,1,ITH,ITH5,8,Emilia-Romagna,Emilia-Romagna,4459477,422753,9.48,0.19
3621,2021-04-30,EMR,36606,16788,19818,21190,14795,621,ITH,ITH5,8,Emilia-Romagna,Emilia-Romagna,4459477,459359,10.3,0.82
3622,2021-03-28,EMR,13501,6027,7474,9506,3870,125,ITH,ITH5,8,Emilia-Romagna,Emilia-Romagna,4459477,472860,10.6,0.3
3623,2021-02-25,EMR,9249,3499,5750,8274,954,21,ITH,ITH5,8,Emilia-Romagna,Emilia-Romagna,4459477,482109,10.81,0.21
3624,2021-04-11,EMR,15278,6935,8343,11981,3048,249,ITH,ITH5,8,Emilia-Romagna,Emilia-Romagna,4459477,497387,11.15,0.34
3625,2021-02-11,EMR,4255,1415,2840,3397,842,16,ITH,ITH5,8,Emilia-Romagna,Emilia-Romagna,4459477,501642,11.25,0.1
3626,2021-06-21,EMR,37519,18970,18549,16396,20861,262,ITH,ITH5,8,Emilia-Romagna,Emilia-Romagna,4459477,539161,12.09,0.84
3627,2021-07-08,EMR,41099,20488,20611,4812,36014,273,ITH,ITH5,8,Emilia-Romagna,Emilia-Romagna,4459477,580260,13.01,0.92
3628,2021-03-30,EMR,23345,10338,13007,18008,5041,296,ITH,ITH5,8,Emilia-Romagna,Emilia-Romagna,4459477,603605,13.54,0.52
3629,2021-01-04,EMR,7316,2528,4788,7313,0,3,ITH,ITH5,8,Emilia-Romagna,Emilia-Romagna,4459477,610921,13.7,0.16
3630,2021-01-23,EMR,2448,871,1577,440,2008,0,ITH,ITH5,8,Emilia-Romagna,Emilia-Romagna,4459477,613369,13.75,0.05
3631,2021-05-07,EMR,35282,16963,18319,22733,11864,685,ITH,ITH5,8,Emilia-Romagna,Emilia-Romagna,4459477,648651,14.55,0.79
3632,2021-07-03,EMR,32027,15887,16140,11772,19962,293,ITH,ITH5,8,Emilia-Romagna,Emilia-Romagna,4459477,680678,15.26,0.72
3633,2021-01-13,EMR,9077,2942,6135,9072,0,5,ITH,ITH5,8,Emilia-Romagna,Emilia-Romagna,4459477,689755,15.47,0.2
3634,2021-04-04,EMR,9879,4717,5162,7525,2267,87,ITH,ITH5,8,Emilia-Romagna,Emilia-Romagna,4459477,699634,15.69,0.22
3635,2021-01-11,EMR,9347,3273,6074,9338,0,9,ITH,ITH5,8,Emilia-Romagna,Emilia-Romagna,4459477,708981,15.9,0.21
3636,2021-03-09,EMR,14758,6020,8738,10710,3953,95,ITH,ITH5,8,Emilia-Romagna,Emilia-Romagna,4459477,723739,16.23,0.33
3637,2021-05-05,EMR,30110,13990,16120,18271,11264,575,ITH,ITH5,8,Emilia-Romagna,Emilia-Romagna,4459477,753849,16.9,0.68
3638,2021-05-23,EMR,25481,11859,13622,13576,11593,312,ITH,ITH5,8,Emilia-Romagna,Emilia-Romagna,4459477,779330,17.48,0.57
3639,2021-05-09,EMR,25609,12251,13358,18230,6968,411,ITH,ITH5,8,Emilia-Romagna,Emilia-Romagna,4459477,804939,18.05,0.57
3640,2021-01-29,EMR,10414,3496,6918,289,10124,1,ITH,ITH5,8,Emilia-Romagna,Emilia-Romagna,4459477,815353,18.28,0.23
3641,2021-02-15,EMR,2904,851,2053,2712,125,67,ITH,ITH5,8,Emilia-Romagna,Emilia-Romagna,4459477,818257,18.35,0.07
3642,2021-01-27,EMR,8362,2948,5414,462,7900,0,ITH,ITH5,8,Emilia-Romagna,Emilia-Romagna,4459477,826619,18.54,0.19
3643,2021-06-19,EMR,36606,18321,18285,17022,19376,208,ITH,ITH5,8,Emilia-Romagna,Emilia-Romagna,4459477,863225,19.36,0.82
3644,2021-03-11,EMR,17454,7306,10148,11432,5851,171,ITH,ITH5,8,Emilia-Romagna,Emilia-Romagna,4459477,880679,19.75,0.39
3645,2021-02-06,EMR,7594,2404,5190,2105,5485,4,ITH,ITH5,8,Emilia-Romagna,Emilia-Romagna,4459477,888273,19.92,0.17
3646,2021-05-31,EMR,29744,13757,15987,17722,11475,547,ITH,ITH5,8,Emilia-Romagna,Emilia-Romagna,4459477,918017,20.59,0.67
3647,2021-02-20,EMR,5319,2094,3225,5049,263,7,ITH,ITH5,8,Emilia-Romagna,Emilia-Romagna,4459477,923336,20.71,0.12
3648,2021-01-15,EMR,7750,2404,5346,7742,0,8,ITH,ITH5,8,Emilia-Romagna,Emilia-Romagna,4459477,931086,20.88,0.17
3649,2021-06-09,EMR,42997,21847,21150,36160,6371,466,ITH,ITH5,8,Emilia-Romagna,Emilia-Romagna,4459477,974083,21.84,0.96
3650,2021-03-01,EMR,10097,3582,6515,7814,2258,25,ITH,ITH5,8,Emilia-Romagna,Emilia-Romagna,4459477,984180,22.07,0.23
3651,2021-05-04,EMR,29275,13705,15570,15122,13659,494,ITH,ITH5,8,Emilia-Romagna,Emilia-Romagna,4459477,1013455,22.73,0.66
3652,2021-06-26,EMR,37413,18960,18453,21514,15509,390,ITH,ITH5,8,Emilia-Romagna,Emilia-Romagna,4459477,1050868,23.56,0.84
3653,2021-07-10,EMR,41841,21302,20539,7042,34449,350,ITH,ITH5,8,Emilia-Romagna,Emilia-Romagna,4459477,1092709,24.5,0.94
3654,2021-05-19,EMR,33731,14964,18767,18029,15182,520,ITH,ITH5,8,Emilia-Romagna,Emilia-Romagna,4459477,1126440,25.26,0.76
3655,2021-06-02,EMR,24097,12062,12035,18937,4970,190,ITH,ITH5,8,Emilia-Romagna,Emilia-Romagna,4459477,1150537,25.8,0.54
3656,2021-03-13,EMR,16137,6361,9776,10589,5313,235,ITH,ITH5,8,Emilia-Romagna,Emilia-Romagna,4459477,1166674,26.16,0.36
3657,2021-07-05,EMR,33082,16132,16950,11452,21313,317,ITH,ITH5,8,Emilia-Romagna,Emilia-Romagna,4459477,1199756,26.9,0.74
3658,2021-03-27,EMR,21660,9059,12601,14507,6908,245,ITH,ITH5,8,Emilia-Romagna,Emilia-Romagna,4459477,1221416,27.39,0.49
3659,2021-04-18,EMR,17504,8396,9108,12362,4918,224,ITH,ITH5,8,Emilia-Romagna,Emilia-Romagna,4459477,1238920,27.78,0.39
3660,2021-06-14,EMR,41249,21321,19928,27732,13069,448,ITH,ITH5,8,Emilia-Romagna,Emilia-Romagna,4459477,1280169,28.71,0.92
3661,2021-01-10,EMR,7171,2684,4487,7170,0,1,ITH,ITH5,8,Emilia-Romagna,Emilia-Romagna,4459477,1287340,28.87,0.16
3662,2021-06-16,EMR,45697,23352,22345,25388,19917,392,ITH,ITH5,8,Emilia-Romagna,Emilia-Romagna,4459477,1333037,29.89,1.02
3663,2021-06-30,EMR,34195,17258,16937,18224,15647,324,ITH,ITH5,8,Emilia-Romagna,Emilia-Romagna,4459477,1367232,30.66,0.77
3664,2021-07-17,EMR,27444,14602,12842,4543,22651,250,ITH,ITH5,8,Emilia-Romagna,Emilia-Romagna,4459477,1394676,31.27,0.62
3665,2021-06-11,EMR,45841,23808,22033,38789,6505,547,ITH,ITH5,8,Emilia-Romagna,Emilia-Romagna,4459477,1440517,32.3,1.03
3666,2021-06-28,EMR,40012,19630,20382,20012,19557,443,ITH,ITH5,8,Emilia-Romagna,Emilia-Romagna,4459477,1480529,33.2,0.9
3667,2021-03-20,EMR,16085,6829,9256,8955,6964,166,ITH,ITH5,8,Emilia-Romagna,Emilia-Romagna,4459477,1496614,33.56,0.36
3668,2021-04-06,EMR,24747,11173,13574,19718,4744,285,ITH,ITH5,8,Emilia-Romagna,Emilia-Romagna,4459477,1521361,34.12,0.55
3669,2020-12-27,EMR,972,373,599,972,0,0,ITH,ITH5,8,Emilia-Romagna,Emilia-Romagna,4459477,1522333,34.14,0.02
3670,2021-07-12,EMR,43657,22120,21537,5477,37876,304,ITH,ITH5,8,Emilia-Romagna,Emilia-Romagna,4459477,1565990,35.12,0.98
3671,2021-05-28,EMR,41195,18936,22259,17261,23343,591,ITH,ITH5,8,Emilia-Romagna,Emilia-Romagna,4459477,1607185,36.04,0.92
3672,2021-06-04,EMR,45625,22979,22646,37171,8141,313,ITH,ITH5,8,Emilia-Romagna,Emilia-Romagna,4459477,1652810,37.06,1.02
3673,2021-01-20,EMR,1326,270,1056,1324,1,1,ITH,ITH5,8,Emilia-Romagna,Emilia-Romagna,4459477,1654136,37.09,0.03
3674,2021-04-15,EMR,29349,13981,15368,19246,9674,429,ITH,ITH5,8,Emilia-Romagna,Emilia-Romagna,4459477,1683485,37.75,0.66
3675,2021-06-18,EMR,42493,21270,21223,16368,25855,270,ITH,ITH5,8,Emilia-Romagna,Emilia-Romagna,4459477,1725978,38.7,0.95
3676,2021-03-10,EMR,18802,7741,11061,12978,5645,179,ITH,ITH5,8,Emilia-Romagna,Emilia-Romagna,4459477,1744780,39.13,0.42
3677,2021-05-18,EMR,29111,13248,15863,18089,10535,487,ITH,ITH5,8,Emilia-Romagna,Emilia-Romagna,4459477,1773891,39.78,0.65
3678,2021-02-07,EMR,4785,1536,3249,1722,3061,2,ITH,ITH5,8,Emilia-Romagna,Emilia-Romagna,4459477,1778676,39.89,0.11
3679,2021-02-24,EMR,9352,3566,5786,8450,885,17,ITH,ITH5,8,Emilia-Romagna,Emilia-Romagna,4459477,1788028,40.1,0.21
3680,2021-01-05,EMR,9362,3171,6191,9358,0,4,ITH,ITH5,8,Emilia-Romagna,Emilia-Romagna,4459477,1797390,40.3,0.21
3681,2021-04-29,EMR,44952,21134,23818,26592,17548,812,ITH,ITH5,8,Emilia-Romagna,Emilia-Romagna,4459477,1842342,41.31,1.01
3682,2021-01-19,EMR,2046,505,1541,2028,17,1,ITH,ITH5,8,Emilia-Romagna,Emilia-Romagna,4459477,1844388,41.36,0.05
3683,2021-02-27,EMR,10961,3998,6963,9192,1738,31,ITH,ITH5,8,Emilia-Romagna,Emilia-Romagna,4459477,1855349,41.6,0.25
3684,2021-04-25,EMR,22351,10240,12111,14394,7511,446,ITH,ITH5,8,Emilia-Romagna,Emilia-Romagna,4459477,1877700,42.11,0.5
3685,2021-04-27,EMR,32100,14862,17238,19209,12458,433,ITH,ITH5,8,Emilia-Romagna,Emilia-Romagna,4459477,1909800,42.83,0.72
3686,2021-05-06,EMR,35927,16602,19325,22155,13056,716,ITH,ITH5,8,Emilia-Romagna,Emilia-Romagna,4459477,1945727,43.63,0.81
3687,2021-01-26,EMR,8334,3000,5334,211,8122,1,ITH,ITH5,8,Emilia-Romagna,Emilia-Romagna,4459477,1954061,43.82,0.19
3688,2021-07-02,EMR,34686,17058,17628,12677,21678,331,ITH,ITH5,8,Emilia-Romagna,Emilia-Romagna,4459477,1988747,44.6,0.78
3689,2021-03-24,EMR,21219,9401,11818,13618,7382,219,ITH,ITH5,8,Emilia-Romagna,Emilia-Romagna,4459477,2009966,45.07,0.48
3690,2021-01-24,EMR,2444,886,1558,298,2146,0,ITH,ITH5,8,Emilia-Romagna,Emilia-Romagna,4459477,2012410,45.13,0.05
3691,2021-06-13,EMR,28693,14961,13732,24114,4272,307,ITH,ITH5,8,Emilia-Romagna,Emilia-Romagna,4459477,2041103,45.77,0.64
3692,2021-03-05,EMR,17866,5843,12023,14291,3455,120,ITH,ITH5,8,Emilia-Romagna,Emilia-Romagna,4459477,2058969,46.17,0.4
3693,2021-03-22,EMR,17647,7814,9833,10617,6862,168,ITH,ITH5,8,Emilia-Romagna,Emilia-Romagna,4459477,2076616,46.57,0.4
3694,2021-03-03,EMR,15859,5253,10606,13322,2485,52,ITH,ITH5,8,Emilia-Romagna,Emilia-Romagna,4459477,2092475,46.92,0.36
3695,2021-05-25,EMR,25119,11207,13912,11291,13404,424,ITH,ITH5,8,Emilia-Romagna,Emilia-Romagna,4459477,2117594,47.49,0.56
3696,2021-02-14,EMR,1403,378,1025,1275,120,8,ITH,ITH5,8,Emilia-Romagna,Emilia-Romagna,4459477,2118997,47.52,0.03
3697,2021-05-27,EMR,42250,18743,23507,13623,28195,432,ITH,ITH5,8,Emilia-Romagna,Emilia-Romagna,4459477,2161247,48.46,0.95
3698,2021-02-16,EMR,5772,2446,3326,5227,531,14,ITH,ITH5,8,Emilia-Romagna,Emilia-Romagna,4459477,2167019,48.59,0.13
3699,2021-05-10,EMR,33843,16126,17717,26019,7245,579,ITH,ITH5,8,Emilia-Romagna,Emilia-Romagna,4459477,2200862,49.35,0.76
3700,2021-04-21,EMR,23961,10964,12997,13856,9745,360,ITH,ITH5,8,Emilia-Romagna,Emilia-Romagna,4459477,2224823,49.89,0.54
3701,2021-03-08,EMR,12190,5092,7098,9465,2646,79,ITH,ITH5,8,Emilia-Romagna,Emilia-Romagna,4459477,2237013,50.16,0.27
3702,2021-04-20,EMR,22625,10406,12219,13884,8354,387,ITH,ITH5,8,Emilia-Romagna,Emilia-Romagna,4459477,2259638,50.67,0.51
3703,2021-06-23,EMR,37731,18878,18853,18629,18824,278,ITH,ITH5,8,Emilia-Romagna,Emilia-Romagna,4459477,2297369,51.52,0.85
3704,2021-01-08,EMR,10868,3580,7288,10865,0,3,ITH,ITH5,8,Emilia-Romagna,Emilia-Romagna,4459477,2308237,51.76,0.24
3705,2021-03-06,EMR,20910,5941,14969,18049,2738,123,ITH,ITH5,8,Emilia-Romagna,Emilia-Romagna,4459477,2329147,52.23,0.47
3706,2021-05-20,EMR,40275,18311,21964,18401,21377,497,ITH,ITH5,8,Emilia-Romagna,Emilia-Romagna,4459477,2369422,53.13,0.9
3707,2021-07-09,EMR,44605,22777,21828,5470,38849,286,ITH,ITH5,8,Emilia-Romagna,Emilia-Romagna,4459477,2414027,54.13,1.0
3708,2021-01-17,EMR,2890,887,2003,2643,246,1,ITH,ITH5,8,Emilia-Romagna,Emilia-Romagna,4459477,2416917,54.2,0.06
3709,2021-04-02,EMR,23395,10553,12842,18560,4481,354,ITH,ITH5,8,Emilia-Romagna,Emilia-Romagna,4459477,2440312,54.72,0.52
3710,2021-05-29,EMR,37847,16498,21349,16645,20684,518,ITH,ITH5,8,Emilia-Romagna,Emilia-Romagna,4459477,2478159,55.57,0.85
3711,2021-07-11,EMR,30163,15118,15045,2860,27174,129,ITH,ITH5,8,Emilia-Romagna,Emilia-Romagna,4459477,2508322,56.25,0.68
3712,2021-03-31,EMR,25265,11043,14222,19492,5453,320,ITH,ITH5,8,Emilia-Romagna,Emilia-Romagna,4459477,2533587,56.81,0.57
3713,2021-07-13,EMR,48038,24607,23431,6660,41021,357,ITH,ITH5,8,Emilia-Romagna,Emilia-Romagna,4459477,2581625,57.89,1.08
3714,2021-03-25,EMR,21483,9418,12065,14234,6990,259,ITH,ITH5,8,Emilia-Romagna,Emilia-Romagna,4459477,2603108,58.37,0.48
3715,2021-05-21,EMR,39281,17533,21748,21629,17040,612,ITH,ITH5,8,Emilia-Romagna,Emilia-Romagna,4459477,2642389,59.25,0.88
3716,2021-02-10,EMR,4023,1385,2638,2761,1256,6,ITH,ITH5,8,Emilia-Romagna,Emilia-Romagna,4459477,2646412,59.34,0.09
3717,2021-04-08,EMR,31214,14332,16882,25213,5304,697,ITH,ITH5,8,Emilia-Romagna,Emilia-Romagna,4459477,2677626,60.04,0.7
3718,2021-03-18,EMR,13675,5806,7869,5584,8000,91,ITH,ITH5,8,Emilia-Romagna,Emilia-Romagna,4459477,2691301,60.35,0.31
3719,2021-05-14,EMR,37258,17169,20089,26750,9609,899,ITH,ITH5,8,Emilia-Romagna,Emilia-Romagna,4459477,2728559,61.19,0.84
3720,2021-02-03,EMR,9340,2989,6351,964,8375,1,ITH,ITH5,8,Emilia-Romagna,Emilia-Romagna,4459477,2737899,61.4,0.21
3721,2021-04-01,EMR,23952,10772,13180,19064,4550,338,ITH,ITH5,8,Emilia-Romagna,Emilia-Romagna,4459477,2761851,61.93,0.54
3722,2021-02-17,EMR,6538,2764,3774,5754,772,12,ITH,ITH5,8,Emilia-Romagna,Emilia-Romagna,4459477,2768389,62.08,0.15
3723,2021-06-01,EMR,27146,13092,14054,17056,9902,188,ITH,ITH5,8,Emilia-Romagna,Emilia-Romagna,4459477,2795535,62.69,0.61
3724,2021-02-12,EMR,5314,1673,3641,3887,1403,24,ITH,ITH5,8,Emilia-Romagna,Emilia-Romagna,4459477,2800849,62.81,0.12
3725,2021-04-10,EMR,20921,9301,11620,16445,4143,333,ITH,ITH5,8,Emilia-Romagna,Emilia-Romagna,4459477,2821770,63.28,0.47
3726,2021-04-17,EMR,27303,13076,14227,17573,9345,385,ITH,ITH5,8,Emilia-Romagna,Emilia-Romagna,4459477,2849073,63.89,0.61
3727,2021-01-07,EMR,10275,3407,6868,10271,0,4,ITH,ITH5,8,Emilia-Romagna,Emilia-Romagna,4459477,2859348,64.12,0.23
3728,2021-04-03,EMR,19939,8767,11172,15954,3740,245,ITH,ITH5,8,Emilia-Romagna,Emilia-Romagna,4459477,2879287,64.57,0.45
3729,2021-05-30,EMR,27075,12792,14283,12976,13693,406,ITH,ITH5,8,Emilia-Romagna,Emilia-Romagna,4459477,2906362,65.17,0.61
3730,2021-02-19,EMR,7327,3010,4317,6800,514,13,ITH,ITH5,8,Emilia-Romagna,Emilia-Romagna,4459477,2913689,65.34,0.16
3731,2020-12-31,EMR,2215,780,1435,2214,0,1,ITH,ITH5,8,Emilia-Romagna,Emilia-Romagna,4459477,2915904,65.39,0.05
3732,2021-06-06,EMR,36564,18984,17580,31993,4406,165,ITH,ITH5,8,Emilia-Romagna,Emilia-Romagna,4459477,2952468,66.21,0.82
3733,2021-02-26,EMR,9634,3673,5961,8566,1048,20,ITH,ITH5,8,Emilia-Romagna,Emilia-Romagna,4459477,2962102,66.42,0.22
3734,2021-04-22,EMR,29053,13453,15600,14614,14077,362,ITH,ITH5,8,Emilia-Romagna,Emilia-Romagna,4459477,2991155,67.07,0.65
3735,2021-01-12,EMR,9476,3124,6352,9466,0,10,ITH,ITH5,8,Emilia-Romagna,Emilia-Romagna,4459477,3000631,67.29,0.21
3736,2021-07-16,EMR,46160,24396,21764,6687,39089,384,ITH,ITH5,8,Emilia-Romagna,Emilia-Romagna,4459477,3046791,68.32,1.04
3737,2021-06-27,EMR,29537,14857,14680,16524,12719,294,ITH,ITH5,8,Emilia-Romagna,Emilia-Romagna,4459477,3076328,68.98,0.66
3738,2021-07-14,EMR,47514,24291,23223,5683,41486,345,ITH,ITH5,8,Emilia-Romagna,Emilia-Romagna,4459477,3123842,70.05,1.07
3739,2021-04-05,EMR,14847,6802,8045,11779,2892,176,ITH,ITH5,8,Emilia-Romagna,Emilia-Romagna,4459477,3138689,70.38,0.33
3740,2021-05-08,EMR,32345,15095,17250,20375,11421,549,ITH,ITH5,8,Emilia-Romagna,Emilia-Romagna,4459477,3171034,71.11,0.73
3741,2021-01-28,EMR,10255,3339,6916,348,9907,0,ITH,ITH5,8,Emilia-Romagna,Emilia-Romagna,4459477,3181289,71.34,0.23
3742,2021-07-07,EMR,37702,19031,18671,13826,23624,252,ITH,ITH5,8,Emilia-Romagna,Emilia-Romagna,4459477,3218991,72.18,0.85
3743,2021-03-29,EMR,21425,9614,11811,16536,4650,239,ITH,ITH5,8,Emilia-Romagna,Emilia-Romagna,4459477,3240416,72.66,0.48
3744,2021-02-21,EMR,4450,1708,2742,4000,440,10,ITH,ITH5,8,Emilia-Romagna,Emilia-Romagna,4459477,3244866,72.76,0.1
3745,2021-01-02,EMR,2379,917,1462,2379,0,0,ITH,ITH5,8,Emilia-Romagna,Emilia-Romagna,4459477,3247245,72.82,0.05
3746,2021-06-05,EMR,44251,22359,21892,36970,6903,378,ITH,ITH5,8,Emilia-Romagna,Emilia-Romagna,4459477,3291496,73.81,0.99
3747,2021-06-22,EMR,36341,18088,18253,16521,19560,260,ITH,ITH5,8,Emilia-Romagna,Emilia-Romagna,4459477,3327837,74.62,0.81
3748,2021-07-06,EMR,36597,18391,18206,13197,23105,295,ITH,ITH5,8,Emilia-Romagna,Emilia-Romagna,4459477,3364434,75.44,0.82
3749,2021-05-17,EMR,32406,15394,17012,22365,9500,541,ITH,ITH5,8,Emilia-Romagna,Emilia-Romagna,4459477,3396840,76.17,0.73
3750,2021-07-04,EMR,24227,12043,12184,10432,13584,211,ITH,ITH5,8,Emilia-Romagna,Emilia-Romagna,4459477,3421067,76.71,0.54
3751,2021-03-26,EMR,23706,10111,13595,16999,6437,270,ITH,ITH5,8,Emilia-Romagna,Emilia-Romagna,4459477,3444773,77.25,0.53
3752,2021-06-25,EMR,42486,21509,20977,19796,22274,416,ITH,ITH5,8,Emilia-Romagna,Emilia-Romagna,4459477,3487259,78.2,0.95
3753,2021-03-17,EMR,13718,5692,8026,5814,7846,58,ITH,ITH5,8,Emilia-Romagna,Emilia-Romagna,4459477,3500977,78.51,0.31
3754,2021-05-13,EMR,35793,16497,19296,27251,7806,736,ITH,ITH5,8,Emilia-Romagna,Emilia-Romagna,4459477,3536770,79.31,0.8
3755,2021-03-15,EMR,13447,6247,7200,6849,6500,98,ITH,ITH5,8,Emilia-Romagna,Emilia-Romagna,4459477,3550217,79.61,0.3
3756,2021-02-09,EMR,4154,1249,2905,2306,1847,1,ITH,ITH5,8,Emilia-Romagna,Emilia-Romagna,4459477,3554371,79.7,0.09
3757,2021-05-15,EMR,33256,14985,18271,22196,10413,647,ITH,ITH5,8,Emilia-Romagna,Emilia-Romagna,4459477,3587627,80.45,0.75
3758,2021-02-04,EMR,9920,3201,6719,1229,8690,1,ITH,ITH5,8,Emilia-Romagna,Emilia-Romagna,4459477,3597547,80.67,0.22
3759,2021-05-22,EMR,33052,14136,18916,16453,16139,460,ITH,ITH5,8,Emilia-Romagna,Emilia-Romagna,4459477,3630599,81.41,0.74
3760,2021-04-09,EMR,25727,11667,14060,19530,5698,499,ITH,ITH5,8,Emilia-Romagna,Emilia-Romagna,4459477,3656326,81.99,0.58
3761,2021-02-02,EMR,9474,3048,6426,515,8959,0,ITH,ITH5,8,Emilia-Romagna,Emilia-Romagna,4459477,3665800,82.2,0.21
3762,2021-04-24,EMR,28635,13243,15392,14055,14230,350,ITH,ITH5,8,Emilia-Romagna,Emilia-Romagna,4459477,3694435,82.84,0.64
3763,2021-05-11,EMR,35786,16794,18992,27775,7254,757,ITH,ITH5,8,Emilia-Romagna,Emilia-Romagna,4459477,3730221,83.65,0.8
3764,2021-01-31,EMR,7698,2763,4935,241,7457,0,ITH,ITH5,8,Emilia-Romagna,Emilia-Romagna,4459477,3737919,83.82,0.17
3765,2021-06-29,EMR,37592,18535,19057,18522,18749,321,ITH,ITH5,8,Emilia-Romagna,Emilia-Romagna,4459477,3775511,84.66,0.84
3766,2021-03-21,EMR,11956,5296,6660,7261,4605,90,ITH,ITH5,8,Emilia-Romagna,Emilia-Romagna,4459477,3787467,84.93,0.27
3767,2021-04-12,EMR,19246,9007,10239,14446,4447,353,ITH,ITH5,8,Emilia-Romagna,Emilia-Romagna,4459477,3806713,85.36,0.43
3768,2021-06-08,EMR,44937,23000,21937,37131,7457,349,ITH,ITH5,8,Emilia-Romagna,Emilia-Romagna,4459477,3851650,86.37,1.01
3769,2021-04-19,EMR,20901,9796,11105,14333,6273,295,ITH,ITH5,8,Emilia-Romagna,Emilia-Romagna,4459477,3872551,86.84,0.47
3770,2021-01-09,EMR,9988,3452,6536,9984,0,4,ITH,ITH5,8,Emilia-Romagna,Emilia-Romagna,4459477,3882539,87.06,0.22
3771,2021-06-15,EMR,43615,22473,21142,28040,15030,545,ITH,ITH5,8,Emilia-Romagna,Emilia-Romagna,4459477,3926154,88.04,0.98
3772,2021-03-07,EMR,7840,2959,4881,6288,1520,32,ITH,ITH5,8,Emilia-Romagna,Emilia-Romagna,4459477,3933994,88.22,0.18
3773,2021-05-03,EMR,28710,13563,15147,17372,10878,460,ITH,ITH5,8,Emilia-Romagna,Emilia-Romagna,4459477,3962704,88.86,0.64
3774,2021-02-28,EMR,6819,2527,4292,4954,1846,19,ITH,ITH5,8,Emilia-Romagna,Emilia-Romagna,4459477,3969523,89.01,0.15
3775,2021-04-26,EMR,27907,12938,14969,18029,9323,555,ITH,ITH5,8,Emilia-Romagna,Emilia-Romagna,4459477,3997430,89.64,0.63
3776,2021-01-16,EMR,5628,1718,3910,5627,0,1,ITH,ITH5,8,Emilia-Romagna,Emilia-Romagna,4459477,4003058,89.77,0.13
3777,2021-03-14,EMR,8802,3839,4963,4941,3798,63,ITH,ITH5,8,Emilia-Romagna,Emilia-Romagna,4459477,4011860,89.96,0.2
3778,2021-04-28,EMR,33718,15590,18128,20253,12887,578,ITH,ITH5,8,Emilia-Romagna,Emilia-Romagna,4459477,4045578,90.72,0.76
3779,2021-06-24,EMR,40301,20167,20134,20398,19543,360,ITH,ITH5,8,Emilia-Romagna,Emilia-Romagna,4459477,4085879,91.62,0.9
3780,2021-06-17,EMR,46302,23403,22899,21805,24140,357,ITH,ITH5,8,Emilia-Romagna,Emilia-Romagna,4459477,4132181,92.66,1.04
3781,2021-06-10,EMR,44947,23081,21866,39099,5352,496,ITH,ITH5,8,Emilia-Romagna,Emilia-Romagna,4459477,4177128,93.67,1.01
3782,2021-03-02,EMR,12659,4272,8387,10527,2077,55,ITH,ITH5,8,Emilia-Romagna,Emilia-Romagna,4459477,4189787,93.95,0.28
3783,2021-03-19,EMR,15925,6972,8953,7799,7969,157,ITH,ITH5,8,Emilia-Romagna,Emilia-Romagna,4459477,4205712,94.31,0.36
3784,2021-04-07,EMR,26117,11890,14227,19790,6012,315,ITH,ITH5,8,Emilia-Romagna,Emilia-Romagna,4459477,4231829,94.9,0.59
3785,2021-01-14,EMR,8129,2593,5536,8119,0,10,ITH,ITH5,8,Emilia-Romagna,Emilia-Romagna,4459477,4239958,95.08,0.18
3786,2021-04-13,EMR,23715,11127,12588,19026,4342,347,ITH,ITH5,8,Emilia-Romagna,Emilia-Romagna,4459477,4263673,95.61,0.53
3787,2021-01-03,EMR,2763,943,1820,2763,0,0,ITH,ITH5,8,Emilia-Romagna,Emilia-Romagna,4459477,4266436,95.67,0.06
3788,2021-05-02,EMR,25578,11651,13927,13185,11990,403,ITH,ITH5,8,Emilia-Romagna,Emilia-Romagna,4459477,4292014,96.24,0.57
3789,2021-01-22,EMR,1829,477,1352,1086,741,2,ITH,ITH5,8,Emilia-Romagna,Emilia-Romagna,4459477,4293843,96.29,0.04
3790,2021-02-08,EMR,5231,1534,3697,2315,2913,3,ITH,ITH5,8,Emilia-Romagna,Emilia-Romagna,4459477,4299074,96.4,0.12
3791,2021-05-16,EMR,25846,12169,13677,18355,7113,378,ITH,ITH5,8,Emilia-Romagna,Emilia-Romagna,4459477,4324920,96.98,0.58
3792,2021-02-22,EMR,7482,3091,4391,7197,272,13,ITH,ITH5,8,Emilia-Romagna,Emilia-Romagna,4459477,4332402,97.15,0.17
3793,2021-05-01,EMR,28405,12775,15630,15268,12777,360,ITH,ITH5,8,Emilia-Romagna,Emilia-Romagna,4459477,4360807,97.79,0.64
3794,2021-02-05,EMR,9290,2956,6334,1601,7683,6,ITH,ITH5,8,Emilia-Romagna,Emilia-Romagna,4459477,4370097,98.0,0.21
3795,2021-06-20,EMR,30704,15582,15122,15931,14646,127,ITH,ITH5,8,Emilia-Romagna,Emilia-Romagna,4459477,4400801,98.68,0.69
3796,2021-04-14,EMR,27043,12844,14199,20512,6104,427,ITH,ITH5,8,Emilia-Romagna,Emilia-Romagna,4459477,4427844,99.29,0.61
3797,2021-01-21,EMR,2165,729,1436,819,1346,0,ITH,ITH5,8,Emilia-Romagna,Emilia-Romagna,4459477,4430009,99.34,0.05
3798,2021-06-03,EMR,37877,18426,19451,30100,7519,258,ITH,ITH5,8,Emilia-Romagna,Emilia-Romagna,4459477,4467886,100.19,0.85
3799,2021-02-23,EMR,8216,3219,4997,7819,386,11,ITH,ITH5,8,Emilia-Romagna,Emilia-Romagna,4459477,4476102,100.37,0.18
3800,2021-03-12,EMR,18306,7701,10605,11305,6717,284,ITH,ITH5,8,Emilia-Romagna,Emilia-Romagna,4459477,4494408,100.78,0.41
3801,2021-03-24,MOL,1631,658,973,1212,402,17,ITF,ITF2,14,Molise,Molise,305617,1631,0.53,0.53
3802,2021-07-02,MOL,2628,1275,1353,121,2499,8,ITF,ITF2,14,Molise,Molise,305617,4259,1.39,0.86
3803,2021-07-04,MOL,2150,1085,1065,577,1550,23,ITF,ITF2,14,Molise,Molise,305617,6409,2.1,0.7
3804,2021-01-17,MOL,78,38,40,48,30,0,ITF,ITF2,14,Molise,Molise,305617,6487,2.12,0.03
3805,2021-02-19,MOL,169,93,76,167,2,0,ITF,ITF2,14,Molise,Molise,305617,6656,2.18,0.06
3806,2021-03-10,MOL,1737,720,1017,1667,50,20,ITF,ITF2,14,Molise,Molise,305617,8393,2.75,0.57
3807,2021-06-01,MOL,2598,1322,1276,2454,108,36,ITF,ITF2,14,Molise,Molise,305617,10991,3.6,0.85
3808,2021-05-01,MOL,2648,1269,1379,405,2224,19,ITF,ITF2,14,Molise,Molise,305617,13639,4.46,0.87
3809,2021-03-05,MOL,1219,649,570,1003,204,12,ITF,ITF2,14,Molise,Molise,305617,14858,4.86,0.4
3810,2021-06-13,MOL,2793,1490,1303,2434,325,34,ITF,ITF2,14,Molise,Molise,305617,17651,5.78,0.91
3811,2021-04-17,MOL,3054,1501,1553,1543,1486,25,ITF,ITF2,14,Molise,Molise,305617,20705,6.77,1.0
3812,2021-06-20,MOL,422,174,248,47,371,4,ITF,ITF2,14,Molise,Molise,305617,21127,6.91,0.14
3813,2021-04-24,MOL,2551,1202,1349,695,1841,15,ITF,ITF2,14,Molise,Molise,305617,23678,7.75,0.83
3814,2021-02-26,MOL,563,260,303,489,73,1,ITF,ITF2,14,Molise,Molise,305617,24241,7.93,0.18
3815,2021-06-06,MOL,2060,1059,1001,1720,323,17,ITF,ITF2,14,Molise,Molise,305617,26301,8.61,0.67
3816,2021-02-07,MOL,66,32,34,19,47,0,ITF,ITF2,14,Molise,Molise,305617,26367,8.63,0.02
3817,2021-05-18,MOL,1645,877,768,984,655,6,ITF,ITF2,14,Molise,Molise,305617,28012,9.17,0.54
3818,2021-03-22,MOL,1149,441,708,889,244,16,ITF,ITF2,14,Molise,Molise,305617,29161,9.54,0.38
3819,2021-05-20,MOL,2661,1371,1290,2397,186,78,ITF,ITF2,14,Molise,Molise,305617,31822,10.41,0.87
3820,2021-01-26,MOL,450,184,266,8,442,0,ITF,ITF2,14,Molise,Molise,305617,32272,10.56,0.15
3821,2021-05-06,MOL,2679,1214,1465,2042,598,39,ITF,ITF2,14,Molise,Molise,305617,34951,11.44,0.88
3822,2021-07-14,MOL,3337,1637,1700,193,3128,16,ITF,ITF2,14,Molise,Molise,305617,38288,12.53,1.09
3823,2021-04-05,MOL,391,189,202,292,99,0,ITF,ITF2,14,Molise,Molise,305617,38679,12.66,0.13
3824,2021-03-29,MOL,2033,835,1198,1518,486,29,ITF,ITF2,14,Molise,Molise,305617,40712,13.32,0.67
3825,2021-01-31,MOL,268,70,198,6,262,0,ITF,ITF2,14,Molise,Molise,305617,40980,13.41,0.09
3826,2021-07-16,MOL,2773,1407,1366,365,2381,27,ITF,ITF2,14,Molise,Molise,305617,43753,14.32,0.91
3827,2021-06-27,MOL,2364,1119,1245,1128,1226,10,ITF,ITF2,14,Molise,Molise,305617,46117,15.09,0.77
3828,2021-01-07,MOL,598,209,389,598,0,0,ITF,ITF2,14,Molise,Molise,305617,46715,15.29,0.2
3829,2021-02-12,MOL,332,150,182,207,124,1,ITF,ITF2,14,Molise,Molise,305617,47047,15.39,0.11
3830,2021-01-12,MOL,336,114,222,336,0,0,ITF,ITF2,14,Molise,Molise,305617,47383,15.5,0.11
3831,2021-02-24,MOL,666,278,388,325,333,8,ITF,ITF2,14,Molise,Molise,305617,48049,15.72,0.22
3832,2021-04-10,MOL,2641,1262,1379,2454,152,35,ITF,ITF2,14,Molise,Molise,305617,50690,16.59,0.86
3833,2021-02-05,MOL,593,269,324,55,538,0,ITF,ITF2,14,Molise,Molise,305617,51283,16.78,0.19
3834,2021-01-19,MOL,173,63,110,162,11,0,ITF,ITF2,14,Molise,Molise,305617,51456,16.84,0.06
3835,2021-04-29,MOL,2239,1146,1093,877,1348,14,ITF,ITF2,14,Molise,Molise,305617,53695,17.57,0.73
3836,2021-04-12,MOL,1299,557,742,1037,251,11,ITF,ITF2,14,Molise,Molise,305617,54994,17.99,0.43
3837,2021-03-19,MOL,1184,482,702,740,427,17,ITF,ITF2,14,Molise,Molise,305617,56178,18.38,0.39
3838,2021-01-21,MOL,6,2,4,6,0,0,ITF,ITF2,14,Molise,Molise,305617,56184,18.38,0.0
3839,2021-05-13,MOL,3039,1410,1629,2528,457,54,ITF,ITF2,14,Molise,Molise,305617,59223,19.38,0.99
3840,2021-04-28,MOL,1696,925,771,471,1218,7,ITF,ITF2,14,Molise,Molise,305617,60919,19.93,0.55
3841,2021-03-17,MOL,908,385,523,518,332,58,ITF,ITF2,14,Molise,Molise,305617,61827,20.23,0.3
3842,2021-06-25,MOL,3431,1688,1743,1464,1915,52,ITF,ITF2,14,Molise,Molise,305617,65258,21.35,1.12
3843,2021-06-08,MOL,2886,1593,1293,2187,696,3,ITF,ITF2,14,Molise,Molise,305617,68144,22.3,0.94
3844,2021-05-25,MOL,1963,887,1076,1297,630,36,ITF,ITF2,14,Molise,Molise,305617,70107,22.94,0.64
3845,2021-01-04,MOL,314,131,183,314,0,0,ITF,ITF2,14,Molise,Molise,305617,70421,23.04,0.1
3846,2021-04-14,MOL,1806,767,1039,1135,661,10,ITF,ITF2,14,Molise,Molise,305617,72227,23.63,0.59
3847,2021-02-16,MOL,156,70,86,149,6,1,ITF,ITF2,14,Molise,Molise,305617,72383,23.68,0.05
3848,2021-05-27,MOL,2835,1348,1487,1962,836,37,ITF,ITF2,14,Molise,Molise,305617,75218,24.61,0.93
3849,2021-03-03,MOL,672,316,356,586,82,4,ITF,ITF2,14,Molise,Molise,305617,75890,24.83,0.22
3850,2021-01-05,MOL,449,180,269,449,0,0,ITF,ITF2,14,Molise,Molise,305617,76339,24.98,0.15
3851,2021-03-15,MOL,832,338,494,570,245,17,ITF,ITF2,14,Molise,Molise,305617,77171,25.25,0.27
3852,2021-06-24,MOL,3325,1548,1777,432,2857,36,ITF,ITF2,14,Molise,Molise,305617,80496,26.34,1.09
3853,2021-03-02,MOL,667,383,284,504,158,5,ITF,ITF2,14,Molise,Molise,305617,81163,26.56,0.22
3854,2021-06-10,MOL,2571,1182,1389,1233,1301,37,ITF,ITF2,14,Molise,Molise,305617,83734,27.4,0.84
3855,2021-07-09,MOL,3436,1649,1787,166,3252,18,ITF,ITF2,14,Molise,Molise,305617,87170,28.52,1.12
3856,2021-03-31,MOL,2193,919,1274,1307,819,67,ITF,ITF2,14,Molise,Molise,305617,89363,29.24,0.72
3857,2021-03-07,MOL,1132,501,631,1127,2,3,ITF,ITF2,14,Molise,Molise,305617,90495,29.61,0.37
3858,2021-06-15,MOL,2215,1042,1173,748,1451,16,ITF,ITF2,14,Molise,Molise,305617,92710,30.34,0.72
3859,2021-06-17,MOL,2307,1017,1290,911,1369,27,ITF,ITF2,14,Molise,Molise,305617,95017,31.09,0.75
3860,2021-01-28,MOL,613,217,396,17,596,0,ITF,ITF2,14,Molise,Molise,305617,95630,31.29,0.2
3861,2021-03-12,MOL,1459,637,822,1404,36,19,ITF,ITF2,14,Molise,Molise,305617,97089,31.77,0.48
3862,2021-01-14,MOL,646,239,407,646,0,0,ITF,ITF2,14,Molise,Molise,305617,97735,31.98,0.21
3863,2021-02-21,MOL,574,227,347,572,2,0,ITF,ITF2,14,Molise,Molise,305617,98309,32.17,0.19
3864,2021-02-04,MOL,758,295,463,77,681,0,ITF,ITF2,14,Molise,Molise,305617,99067,32.42,0.25
3865,2021-05-15,MOL,2980,1398,1582,2545,384,51,ITF,ITF2,14,Molise,Molise,305617,102047,33.39,0.98
3866,2021-02-02,MOL,539,176,363,215,323,1,ITF,ITF2,14,Molise,Molise,305617,102586,33.57,0.18
3867,2021-01-16,MOL,422,166,256,422,0,0,ITF,ITF2,14,Molise,Molise,305617,103008,33.7,0.14
3868,2021-04-26,MOL,1158,521,637,810,331,17,ITF,ITF2,14,Molise,Molise,305617,104166,34.08,0.38
3869,2021-04-09,MOL,2324,1251,1073,2105,191,28,ITF,ITF2,14,Molise,Molise,305617,106490,34.84,0.76
3870,2021-01-09,MOL,450,152,298,450,0,0,ITF,ITF2,14,Molise,Molise,305617,106940,34.99,0.15
3871,2021-04-19,MOL,1828,843,985,988,778,62,ITF,ITF2,14,Molise,Molise,305617,108768,35.59,0.6
3872,2021-07-13,MOL,2802,1424,1378,318,2467,17,ITF,ITF2,14,Molise,Molise,305617,111570,36.51,0.92
3873,2021-02-28,MOL,832,334,498,788,42,2,ITF,ITF2,14,Molise,Molise,305617,112402,36.78,0.27
3874,2021-02-27,MOL,1366,568,798,1342,19,5,ITF,ITF2,14,Molise,Molise,305617,113768,37.23,0.45
3875,2021-06-07,MOL,1953,859,1094,1113,819,21,ITF,ITF2,14,Molise,Molise,305617,115721,37.86,0.64
3876,2021-02-13,MOL,132,80,52,132,0,0,ITF,ITF2,14,Molise,Molise,305617,115853,37.91,0.04
3877,2021-05-24,MOL,1964,853,1111,1271,666,27,ITF,ITF2,14,Molise,Molise,305617,117817,38.55,0.64
3878,2021-05-07,MOL,2643,1228,1415,2021,597,25,ITF,ITF2,14,Molise,Molise,305617,120460,39.42,0.86
3879,2021-04-18,MOL,1083,483,600,144,934,5,ITF,ITF2,14,Molise,Molise,305617,121543,39.77,0.35
3880,2021-07-10,MOL,3721,1781,1940,321,3386,14,ITF,ITF2,14,Molise,Molise,305617,125264,40.99,1.22
3881,2021-05-29,MOL,2351,1223,1128,1918,390,43,ITF,ITF2,14,Molise,Molise,305617,127615,41.76,0.77
3882,2021-02-09,MOL,359,170,189,197,162,0,ITF,ITF2,14,Molise,Molise,305617,127974,41.87,0.12
3883,2021-03-11,MOL,1465,637,828,1446,6,13,ITF,ITF2,14,Molise,Molise,305617,129439,42.35,0.48
3884,2021-01-06,MOL,689,260,429,689,0,0,ITF,ITF2,14,Molise,Molise,305617,130128,42.58,0.23
3885,2021-04-16,MOL,2431,1033,1398,1177,1233,21,ITF,ITF2,14,Molise,Molise,305617,132559,43.37,0.8
3886,2021-06-21,MOL,2901,1350,1551,1623,1232,46,ITF,ITF2,14,Molise,Molise,305617,135460,44.32,0.95
3887,2021-04-25,MOL,794,397,397,557,233,4,ITF,ITF2,14,Molise,Molise,305617,136254,44.58,0.26
3888,2021-03-26,MOL,2575,1045,1530,1889,642,44,ITF,ITF2,14,Molise,Molise,305617,138829,45.43,0.84
3889,2021-02-18,MOL,319,74,245,302,13,4,ITF,ITF2,14,Molise,Molise,305617,139148,45.53,0.1
3890,2021-03-09,MOL,1329,579,750,1149,152,28,ITF,ITF2,14,Molise,Molise,305617,140477,45.97,0.43
3891,2021-02-20,MOL,1019,442,577,999,20,0,ITF,ITF2,14,Molise,Molise,305617,141496,46.3,0.33
3892,2021-05-31,MOL,2361,1146,1215,1902,418,41,ITF,ITF2,14,Molise,Molise,305617,143857,47.07,0.77
3893,2021-05-14,MOL,2644,1215,1429,1890,718,36,ITF,ITF2,14,Molise,Molise,305617,146501,47.94,0.87
3894,2021-06-02,MOL,2810,1356,1454,2693,99,18,ITF,ITF2,14,Molise,Molise,305617,149311,48.86,0.92
3895,2021-02-03,MOL,731,249,482,338,393,0,ITF,ITF2,14,Molise,Molise,305617,150042,49.09,0.24
3896,2021-04-27,MOL,1596,769,827,444,1130,22,ITF,ITF2,14,Molise,Molise,305617,151638,49.62,0.52
3897,2021-05-16,MOL,1248,572,676,1046,182,20,ITF,ITF2,14,Molise,Molise,305617,152886,50.03,0.41
3898,2021-02-23,MOL,582,223,359,361,219,2,ITF,ITF2,14,Molise,Molise,305617,153468,50.22,0.19
3899,2021-06-03,MOL,3293,1567,1726,2706,554,33,ITF,ITF2,14,Molise,Molise,305617,156761,51.29,1.08
3900,2021-04-07,MOL,1688,847,841,1368,275,45,ITF,ITF2,14,Molise,Molise,305617,158449,51.85,0.55
3901,2021-06-05,MOL,2971,1509,1462,2789,155,27,ITF,ITF2,14,Molise,Molise,305617,161420,52.82,0.97
3902,2021-03-04,MOL,850,417,433,514,324,12,ITF,ITF2,14,Molise,Molise,305617,162270,53.1,0.28
3903,2021-06-12,MOL,3408,1752,1656,3243,114,51,ITF,ITF2,14,Molise,Molise,305617,165678,54.21,1.12
3904,2021-06-14,MOL,1628,810,818,535,1075,18,ITF,ITF2,14,Molise,Molise,305617,167306,54.74,0.53
3905,2021-01-13,MOL,474,160,314,474,0,0,ITF,ITF2,14,Molise,Molise,305617,167780,54.9,0.16
3906,2021-06-19,MOL,2331,1159,1172,1278,1011,42,ITF,ITF2,14,Molise,Molise,305617,170111,55.66,0.76
3907,2021-04-23,MOL,2050,882,1168,1374,659,17,ITF,ITF2,14,Molise,Molise,305617,172161,56.33,0.67
3908,2021-06-30,MOL,2928,1393,1535,873,1974,81,ITF,ITF2,14,Molise,Molise,305617,175089,57.29,0.96
3909,2021-03-13,MOL,1189,594,595,183,989,17,ITF,ITF2,14,Molise,Molise,305617,176278,57.68,0.39
3910,2021-01-15,MOL,538,242,296,538,0,0,ITF,ITF2,14,Molise,Molise,305617,176816,57.86,0.18
3911,2021-06-23,MOL,2791,1286,1505,221,2560,10,ITF,ITF2,14,Molise,Molise,305617,179607,58.77,0.91
3912,2021-07-06,MOL,3059,1427,1632,35,3020,4,ITF,ITF2,14,Molise,Molise,305617,182666,59.77,1.0
3913,2021-05-10,MOL,2892,1286,1606,2490,373,29,ITF,ITF2,14,Molise,Molise,305617,185558,60.72,0.95
3914,2021-06-29,MOL,2490,1158,1332,376,2088,26,ITF,ITF2,14,Molise,Molise,305617,188048,61.53,0.81
3915,2021-05-03,MOL,2486,1166,1320,2290,163,33,ITF,ITF2,14,Molise,Molise,305617,190534,62.34,0.81
3916,2021-05-17,MOL,2228,1092,1136,1705,496,27,ITF,ITF2,14,Molise,Molise,305617,192762,63.07,0.73
3917,2021-03-21,MOL,1246,542,704,477,767,2,ITF,ITF2,14,Molise,Molise,305617,194008,63.48,0.41
3918,2021-03-14,MOL,596,240,356,17,579,0,ITF,ITF2,14,Molise,Molise,305617,194604,63.68,0.2
3919,2021-06-22,MOL,2960,1368,1592,669,2274,17,ITF,ITF2,14,Molise,Molise,305617,197564,64.64,0.97
3920,2021-03-28,MOL,1627,748,879,518,1102,7,ITF,ITF2,14,Molise,Molise,305617,199191,65.18,0.53
3921,2021-01-30,MOL,461,158,303,12,449,0,ITF,ITF2,14,Molise,Molise,305617,199652,65.33,0.15
3922,2021-05-26,MOL,1549,698,851,769,754,26,ITF,ITF2,14,Molise,Molise,305617,201201,65.83,0.51
3923,2021-03-30,MOL,2003,857,1146,1472,512,19,ITF,ITF2,14,Molise,Molise,305617,203204,66.49,0.66
3924,2021-02-01,MOL,562,201,361,14,548,0,ITF,ITF2,14,Molise,Molise,305617,203766,66.67,0.18
3925,2021-07-08,MOL,3425,1649,1776,107,3295,23,ITF,ITF2,14,Molise,Molise,305617,207191,67.79,1.12
3926,2021-05-12,MOL,2852,1294,1558,2691,96,65,ITF,ITF2,14,Molise,Molise,305617,210043,68.73,0.93
3927,2021-04-06,MOL,1494,701,793,1131,343,20,ITF,ITF2,14,Molise,Molise,305617,211537,69.22,0.49
3928,2021-02-08,MOL,335,141,194,216,119,0,ITF,ITF2,14,Molise,Molise,305617,211872,69.33,0.11
3929,2021-07-15,MOL,2976,1508,1468,196,2768,12,ITF,ITF2,14,Molise,Molise,305617,214848,70.3,0.97
3930,2021-05-19,MOL,2342,1205,1137,1880,425,37,ITF,ITF2,14,Molise,Molise,305617,217190,71.07,0.77
3931,2021-03-23,MOL,1642,694,948,1411,207,24,ITF,ITF2,14,Molise,Molise,305617,218832,71.6,0.54
3932,2021-07-01,MOL,2659,1293,1366,269,2375,15,ITF,ITF2,14,Molise,Molise,305617,221491,72.47,0.87
3933,2021-02-15,MOL,144,70,74,141,3,0,ITF,ITF2,14,Molise,Molise,305617,221635,72.52,0.05
3934,2021-01-18,MOL,115,48,67,115,0,0,ITF,ITF2,14,Molise,Molise,305617,221750,72.56,0.04
3935,2021-04-11,MOL,1196,591,605,1168,14,14,ITF,ITF2,14,Molise,Molise,305617,222946,72.95,0.39
3936,2021-07-03,MOL,2737,1377,1360,565,2152,20,ITF,ITF2,14,Molise,Molise,305617,225683,73.85,0.9
3937,2021-04-04,MOL,253,141,112,233,15,5,ITF,ITF2,14,Molise,Molise,305617,225936,73.93,0.08
3938,2021-03-18,MOL,1157,476,681,633,465,59,ITF,ITF2,14,Molise,Molise,305617,227093,74.31,0.38
3939,2021-06-26,MOL,3119,1529,1590,523,2581,15,ITF,ITF2,14,Molise,Molise,305617,230212,75.33,1.02
3940,2021-02-10,MOL,151,79,72,131,20,0,ITF,ITF2,14,Molise,Molise,305617,230363,75.38,0.05
3941,2021-05-21,MOL,2100,1053,1047,1699,322,79,ITF,ITF2,14,Molise,Molise,305617,232463,76.06,0.69
3942,2021-01-27,MOL,674,251,423,8,666,0,ITF,ITF2,14,Molise,Molise,305617,233137,76.28,0.22
3943,2021-01-08,MOL,430,141,289,430,0,0,ITF,ITF2,14,Molise,Molise,305617,233567,76.42,0.14
3944,2021-04-01,MOL,1469,667,802,729,726,14,ITF,ITF2,14,Molise,Molise,305617,235036,76.91,0.48
3945,2021-03-20,MOL,2321,968,1353,992,1321,8,ITF,ITF2,14,Molise,Molise,305617,237357,77.66,0.76
3946,2021-06-28,MOL,2903,1353,1550,997,1884,22,ITF,ITF2,14,Molise,Molise,305617,240260,78.61,0.95
3947,2021-01-20,MOL,18,8,10,18,0,0,ITF,ITF2,14,Molise,Molise,305617,240278,78.62,0.01
3948,2021-04-30,MOL,2939,1557,1382,818,2109,12,ITF,ITF2,14,Molise,Molise,305617,243217,79.58,0.96
3949,2021-02-25,MOL,542,239,303,471,68,3,ITF,ITF2,14,Molise,Molise,305617,243759,79.76,0.18
3950,2021-01-29,MOL,422,136,286,6,416,0,ITF,ITF2,14,Molise,Molise,305617,244181,79.9,0.14
3951,2021-05-09,MOL,2053,933,1120,1923,97,33,ITF,ITF2,14,Molise,Molise,305617,246234,80.57,0.67
3952,2021-07-07,MOL,2957,1368,1589,56,2897,4,ITF,ITF2,14,Molise,Molise,305617,249191,81.54,0.97
3953,2021-05-11,MOL,3208,1415,1793,2910,251,47,ITF,ITF2,14,Molise,Molise,305617,252399,82.59,1.05
3954,2021-03-25,MOL,1806,730,1076,1284,497,25,ITF,ITF2,14,Molise,Molise,305617,254205,83.18,0.59
3955,2021-03-08,MOL,1379,522,857,1202,140,37,ITF,ITF2,14,Molise,Molise,305617,255584,83.63,0.45
3956,2021-06-16,MOL,2002,1013,989,1133,855,14,ITF,ITF2,14,Molise,Molise,305617,257586,84.28,0.66
3957,2021-04-13,MOL,1632,718,914,1037,587,8,ITF,ITF2,14,Molise,Molise,305617,259218,84.82,0.53
3958,2021-02-06,MOL,430,179,251,29,401,0,ITF,ITF2,14,Molise,Molise,305617,259648,84.96,0.14
3959,2021-06-04,MOL,3039,1492,1547,2570,442,27,ITF,ITF2,14,Molise,Molise,305617,262687,85.95,0.99
3960,2021-04-08,MOL,1767,904,863,1540,202,25,ITF,ITF2,14,Molise,Molise,305617,264454,86.53,0.58
3961,2021-07-17,MOL,2289,1224,1065,179,2095,15,ITF,ITF2,14,Molise,Molise,305617,266743,87.28,0.75
3962,2021-04-22,MOL,1846,864,982,1057,779,10,ITF,ITF2,14,Molise,Molise,305617,268589,87.88,0.6
3963,2021-02-17,MOL,72,32,40,50,15,7,ITF,ITF2,14,Molise,Molise,305617,268661,87.91,0.02
3964,2021-05-28,MOL,2650,1365,1285,2038,547,65,ITF,ITF2,14,Molise,Molise,305617,271311,88.77,0.87
3965,2021-01-22,MOL,128,36,92,128,0,0,ITF,ITF2,14,Molise,Molise,305617,271439,88.82,0.04
3966,2021-05-02,MOL,1894,932,962,577,1306,11,ITF,ITF2,14,Molise,Molise,305617,273333,89.44,0.62
3967,2021-03-06,MOL,1728,807,921,1559,159,10,ITF,ITF2,14,Molise,Molise,305617,275061,90.0,0.57
3968,2021-02-22,MOL,265,129,136,248,15,2,ITF,ITF2,14,Molise,Molise,305617,275326,90.09,0.09
3969,2020-12-27,MOL,50,20,30,50,0,0,ITF,ITF2,14,Molise,Molise,305617,275376,90.1,0.02
3970,2021-06-11,MOL,3445,1655,1790,1973,1429,43,ITF,ITF2,14,Molise,Molise,305617,278821,91.23,1.13
3971,2021-04-15,MOL,1926,794,1132,1074,845,7,ITF,ITF2,14,Molise,Molise,305617,280747,91.86,0.63
3972,2021-03-27,MOL,2743,1273,1470,1295,1433,15,ITF,ITF2,14,Molise,Molise,305617,283490,92.76,0.9
3973,2021-07-05,MOL,2737,1282,1455,39,2696,2,ITF,ITF2,14,Molise,Molise,305617,286227,93.66,0.9
3974,2021-06-18,MOL,2767,1248,1519,1283,1458,26,ITF,ITF2,14,Molise,Molise,305617,288994,94.56,0.91
3975,2021-05-30,MOL,1864,929,935,1552,285,27,ITF,ITF2,14,Molise,Molise,305617,290858,95.17,0.61
3976,2021-04-02,MOL,1456,710,746,663,778,15,ITF,ITF2,14,Molise,Molise,305617,292314,95.65,0.48
3977,2021-07-11,MOL,2455,1196,1259,179,2273,3,ITF,ITF2,14,Molise,Molise,305617,294769,96.45,0.8
3978,2021-05-08,MOL,2976,1455,1521,1698,1244,34,ITF,ITF2,14,Molise,Molise,305617,297745,97.42,0.97
3979,2021-04-21,MOL,1869,791,1078,968,895,6,ITF,ITF2,14,Molise,Molise,305617,299614,98.04,0.61
3980,2021-02-11,MOL,294,133,161,257,37,0,ITF,ITF2,14,Molise,Molise,305617,299908,98.13,0.1
3981,2021-05-22,MOL,1316,712,604,1225,84,7,ITF,ITF2,14,Molise,Molise,305617,301224,98.56,0.43
3982,2021-03-16,MOL,614,230,384,265,347,2,ITF,ITF2,14,Molise,Molise,305617,301838,98.76,0.2
3983,2021-01-11,MOL,557,194,363,557,0,0,ITF,ITF2,14,Molise,Molise,305617,302395,98.95,0.18
3984,2021-01-25,MOL,319,130,189,3,316,0,ITF,ITF2,14,Molise,Molise,305617,302714,99.05,0.1
3985,2021-05-05,MOL,2415,1042,1373,2250,141,24,ITF,ITF2,14,Molise,Molise,305617,305129,99.84,0.79
3986,2021-05-04,MOL,2705,1181,1524,2541,128,36,ITF,ITF2,14,Molise,Molise,305617,307834,100.73,0.89
3987,2021-01-10,MOL,270,72,198,270,0,0,ITF,ITF2,14,Molise,Molise,305617,308104,100.81,0.09
3988,2021-04-20,MOL,2322,1028,1294,1213,1100,9,ITF,ITF2,14,Molise,Molise,305617,310426,101.57,0.76
3989,2021-06-09,MOL,1023,565,458,507,500,16,ITF,ITF2,14,Molise,Molise,305617,311449,101.91,0.33
3990,2021-05-23,MOL,1703,866,837,1689,6,8,ITF,ITF2,14,Molise,Molise,305617,313152,102.47,0.56
3991,2021-03-01,MOL,662,274,388,430,215,17,ITF,ITF2,14,Molise,Molise,305617,313814,102.68,0.22
3992,2021-04-03,MOL,1773,851,922,1716,35,22,ITF,ITF2,14,Molise,Molise,305617,315587,103.26,0.58
3993,2021-07-12,MOL,2665,1314,1351,353,2291,21,ITF,ITF2,14,Molise,Molise,305617,318252,104.13,0.87
3994,2021-01-22,BAS,67,24,43,67,0,0,ITF,ITF5,17,Basilicata,Basilicata,559084,67,0.01,0.01
3995,2021-05-02,BAS,4180,2001,2179,3491,629,60,ITF,ITF5,17,Basilicata,Basilicata,559084,4247,0.76,0.75
3996,2021-04-15,BAS,3386,1659,1727,2589,754,43,ITF,ITF5,17,Basilicata,Basilicata,559084,7633,1.37,0.61
3997,2021-06-04,BAS,4831,2288,2543,3749,1046,36,ITF,ITF5,17,Basilicata,Basilicata,559084,12464,2.23,0.86
3998,2021-02-24,BAS,1807,743,1064,1723,73,11,ITF,ITF5,17,Basilicata,Basilicata,559084,14271,2.55,0.32
3999,2021-02-22,BAS,1791,773,1018,1730,53,8,ITF,ITF5,17,Basilicata,Basilicata,559084,16062,2.87,0.32
4000,2021-03-25,BAS,1883,603,1280,1518,344,21,ITF,ITF5,17,Basilicata,Basilicata,559084,17945,3.21,0.34
4001,2021-01-27,BAS,413,175,238,113,300,0,ITF,ITF5,17,Basilicata,Basilicata,559084,18358,3.28,0.07
4002,2021-02-10,BAS,549,238,311,495,52,2,ITF,ITF5,17,Basilicata,Basilicata,559084,18907,3.38,0.1
4003,2021-05-21,BAS,4578,2322,2256,1480,3086,12,ITF,ITF5,17,Basilicata,Basilicata,559084,23485,4.2,0.82
4004,2021-04-01,BAS,2721,1115,1606,1970,723,28,ITF,ITF5,17,Basilicata,Basilicata,559084,26206,4.69,0.49
4005,2021-02-03,BAS,670,301,369,32,638,0,ITF,ITF5,17,Basilicata,Basilicata,559084,26876,4.81,0.12
4006,2021-05-04,BAS,4138,1991,2147,3566,523,49,ITF,ITF5,17,Basilicata,Basilicata,559084,31014,5.55,0.74
4007,2021-03-08,BAS,1462,715,747,818,614,30,ITF,ITF5,17,Basilicata,Basilicata,559084,32476,5.81,0.26
4008,2021-06-16,BAS,4599,2084,2515,2123,2456,20,ITF,ITF5,17,Basilicata,Basilicata,559084,37075,6.63,0.82
4009,2021-01-15,BAS,817,352,465,817,0,0,ITF,ITF5,17,Basilicata,Basilicata,559084,37892,6.78,0.15
4010,2020-12-27,BAS,106,41,65,106,0,0,ITF,ITF5,17,Basilicata,Basilicata,559084,37998,6.8,0.02
4011,2021-03-20,BAS,1294,573,721,274,1013,7,ITF,ITF5,17,Basilicata,Basilicata,559084,39292,7.03,0.23
4012,2021-06-28,BAS,3640,1745,1895,2113,1509,18,ITF,ITF5,17,Basilicata,Basilicata,559084,42932,7.68,0.65
4013,2021-03-06,BAS,1362,539,823,750,600,12,ITF,ITF5,17,Basilicata,Basilicata,559084,44294,7.92,0.24
4014,2021-01-10,BAS,77,24,53,77,0,0,ITF,ITF5,17,Basilicata,Basilicata,559084,44371,7.94,0.01
4015,2021-04-20,BAS,4071,1937,2134,2180,1867,24,ITF,ITF5,17,Basilicata,Basilicata,559084,48442,8.66,0.73
4016,2021-01-08,BAS,554,219,335,554,0,0,ITF,ITF5,17,Basilicata,Basilicata,559084,48996,8.76,0.1
4017,2021-03-15,BAS,2362,987,1375,508,1838,16,ITF,ITF5,17,Basilicata,Basilicata,559084,51358,9.19,0.42
4018,2021-01-17,BAS,329,133,196,328,1,0,ITF,ITF5,17,Basilicata,Basilicata,559084,51687,9.24,0.06
4019,2021-04-08,BAS,767,352,415,742,10,15,ITF,ITF5,17,Basilicata,Basilicata,559084,52454,9.38,0.14
4020,2021-04-22,BAS,5044,2349,2695,3379,1610,55,ITF,ITF5,17,Basilicata,Basilicata,559084,57498,10.28,0.9
4021,2021-07-17,BAS,4928,2420,2508,1419,3474,35,ITF,ITF5,17,Basilicata,Basilicata,559084,62426,11.17,0.88
4022,2021-06-30,BAS,3452,1668,1784,2315,1111,26,ITF,ITF5,17,Basilicata,Basilicata,559084,65878,11.78,0.62
4023,2021-02-17,BAS,1135,493,642,1057,76,2,ITF,ITF5,17,Basilicata,Basilicata,559084,67013,11.99,0.2
4024,2021-05-28,BAS,3615,1810,1805,919,2663,33,ITF,ITF5,17,Basilicata,Basilicata,559084,70628,12.63,0.65
4025,2021-05-30,BAS,2776,1420,1356,919,1852,5,ITF,ITF5,17,Basilicata,Basilicata,559084,73404,13.13,0.5
4026,2021-04-03,BAS,1809,750,1059,1461,336,12,ITF,ITF5,17,Basilicata,Basilicata,559084,75213,13.45,0.32
4027,2021-02-05,BAS,990,445,545,63,926,1,ITF,ITF5,17,Basilicata,Basilicata,559084,76203,13.63,0.18
4028,2021-07-12,BAS,5442,2593,2849,1606,3810,26,ITF,ITF5,17,Basilicata,Basilicata,559084,81645,14.6,0.97
4029,2021-07-07,BAS,5208,2474,2734,2022,3174,12,ITF,ITF5,17,Basilicata,Basilicata,559084,86853,15.53,0.93
4030,2021-01-03,BAS,901,344,557,901,0,0,ITF,ITF5,17,Basilicata,Basilicata,559084,87754,15.7,0.16
4031,2021-06-01,BAS,6136,2926,3210,3033,3076,27,ITF,ITF5,17,Basilicata,Basilicata,559084,93890,16.79,1.1
4032,2021-06-08,BAS,4585,2194,2391,4190,357,38,ITF,ITF5,17,Basilicata,Basilicata,559084,98475,17.61,0.82
4033,2021-06-23,BAS,3277,1543,1734,2369,876,32,ITF,ITF5,17,Basilicata,Basilicata,559084,101752,18.2,0.59
4034,2021-03-13,BAS,1799,890,909,735,1045,19,ITF,ITF5,17,Basilicata,Basilicata,559084,103551,18.52,0.32
4035,2021-02-07,BAS,378,159,219,49,329,0,ITF,ITF5,17,Basilicata,Basilicata,559084,103929,18.59,0.07
4036,2021-05-18,BAS,5897,2857,3040,3385,2492,20,ITF,ITF5,17,Basilicata,Basilicata,559084,109826,19.64,1.05
4037,2021-05-01,BAS,4706,2138,2568,3887,752,67,ITF,ITF5,17,Basilicata,Basilicata,559084,114532,20.49,0.84
4038,2021-05-09,BAS,4683,2339,2344,2940,1694,49,ITF,ITF5,17,Basilicata,Basilicata,559084,119215,21.32,0.84
4039,2021-02-15,BAS,622,232,390,566,42,14,ITF,ITF5,17,Basilicata,Basilicata,559084,119837,21.43,0.11
4040,2021-01-29,BAS,617,231,386,63,554,0,ITF,ITF5,17,Basilicata,Basilicata,559084,120454,21.54,0.11
4041,2021-03-05,BAS,1857,858,999,1096,748,13,ITF,ITF5,17,Basilicata,Basilicata,559084,122311,21.88,0.33
4042,2021-06-13,BAS,3015,1440,1575,2679,308,28,ITF,ITF5,17,Basilicata,Basilicata,559084,125326,22.42,0.54
4043,2021-06-09,BAS,4424,2072,2352,3968,424,32,ITF,ITF5,17,Basilicata,Basilicata,559084,129750,23.21,0.79
4044,2021-04-13,BAS,2119,1053,1066,1285,817,17,ITF,ITF5,17,Basilicata,Basilicata,559084,131869,23.59,0.38
4045,2021-03-01,BAS,550,286,264,383,167,0,ITF,ITF5,17,Basilicata,Basilicata,559084,132419,23.68,0.1
4046,2021-06-18,BAS,4463,2065,2398,2179,2258,26,ITF,ITF5,17,Basilicata,Basilicata,559084,136882,24.48,0.8
4047,2021-01-24,BAS,842,305,537,57,784,1,ITF,ITF5,17,Basilicata,Basilicata,559084,137724,24.63,0.15
4048,2021-05-13,BAS,5987,2968,3019,3301,2596,90,ITF,ITF5,17,Basilicata,Basilicata,559084,143711,25.7,1.07
4049,2021-05-16,BAS,4973,2468,2505,2812,2113,48,ITF,ITF5,17,Basilicata,Basilicata,559084,148684,26.59,0.89
4050,2021-05-23,BAS,4518,2302,2216,1527,2984,7,ITF,ITF5,17,Basilicata,Basilicata,559084,153202,27.4,0.81
4051,2021-03-27,BAS,2253,864,1389,1808,431,14,ITF,ITF5,17,Basilicata,Basilicata,559084,155455,27.81,0.4
4052,2021-07-05,BAS,3269,1614,1655,2214,1022,33,ITF,ITF5,17,Basilicata,Basilicata,559084,158724,28.39,0.58
4053,2021-06-11,BAS,4244,1986,2258,3172,1028,44,ITF,ITF5,17,Basilicata,Basilicata,559084,162968,29.15,0.76
4054,2021-05-11,BAS,2654,1354,1300,1597,1033,24,ITF,ITF5,17,Basilicata,Basilicata,559084,165622,29.62,0.47
4055,2021-07-14,BAS,5643,2720,2923,1628,3990,25,ITF,ITF5,17,Basilicata,Basilicata,559084,171265,30.63,1.01
4056,2021-04-05,BAS,724,233,491,412,302,10,ITF,ITF5,17,Basilicata,Basilicata,559084,171989,30.76,0.13
4057,2021-04-27,BAS,4727,2242,2485,4351,325,51,ITF,ITF5,17,Basilicata,Basilicata,559084,176716,31.61,0.85
4058,2021-06-27,BAS,3007,1477,1530,2378,615,14,ITF,ITF5,17,Basilicata,Basilicata,559084,179723,32.15,0.54
4059,2021-07-09,BAS,5345,2613,2732,1699,3637,9,ITF,ITF5,17,Basilicata,Basilicata,559084,185068,33.1,0.96
4060,2021-04-17,BAS,3461,1655,1806,2171,1262,28,ITF,ITF5,17,Basilicata,Basilicata,559084,188529,33.72,0.62
4061,2021-03-29,BAS,2470,892,1578,2132,287,51,ITF,ITF5,17,Basilicata,Basilicata,559084,190999,34.16,0.44
4062,2021-01-05,BAS,947,409,538,947,0,0,ITF,ITF5,17,Basilicata,Basilicata,559084,191946,34.33,0.17
4063,2021-06-20,BAS,4012,1884,2128,1941,2037,34,ITF,ITF5,17,Basilicata,Basilicata,559084,195958,35.05,0.72
4064,2021-04-12,BAS,2171,1052,1119,1654,488,29,ITF,ITF5,17,Basilicata,Basilicata,559084,198129,35.44,0.39
4065,2021-04-19,BAS,4166,1913,2253,2398,1638,130,ITF,ITF5,17,Basilicata,Basilicata,559084,202295,36.18,0.75
4066,2021-02-26,BAS,2152,904,1248,2065,81,6,ITF,ITF5,17,Basilicata,Basilicata,559084,204447,36.57,0.38
4067,2021-05-20,BAS,5878,2977,2901,2883,2967,28,ITF,ITF5,17,Basilicata,Basilicata,559084,210325,37.62,1.05
4068,2021-06-06,BAS,4513,2074,2439,3696,779,38,ITF,ITF5,17,Basilicata,Basilicata,559084,214838,38.43,0.81
4069,2021-05-27,BAS,3606,1858,1748,1063,2529,14,ITF,ITF5,17,Basilicata,Basilicata,559084,218444,39.07,0.64
4070,2021-04-24,BAS,4544,2198,2346,3475,1014,55,ITF,ITF5,17,Basilicata,Basilicata,559084,222988,39.88,0.81
4071,2021-07-16,BAS,5941,2904,3037,1807,4100,34,ITF,ITF5,17,Basilicata,Basilicata,559084,228929,40.95,1.06
4072,2021-03-19,BAS,2297,995,1302,259,2031,7,ITF,ITF5,17,Basilicata,Basilicata,559084,231226,41.36,0.41
4073,2021-02-16,BAS,907,377,530,790,98,19,ITF,ITF5,17,Basilicata,Basilicata,559084,232133,41.52,0.16
4074,2021-01-28,BAS,907,402,505,119,788,0,ITF,ITF5,17,Basilicata,Basilicata,559084,233040,41.68,0.16
4075,2021-05-08,BAS,4836,2401,2435,3385,1409,42,ITF,ITF5,17,Basilicata,Basilicata,559084,237876,42.55,0.86
4076,2021-03-10,BAS,1681,843,838,833,839,9,ITF,ITF5,17,Basilicata,Basilicata,559084,239557,42.85,0.3
4077,2021-01-26,BAS,803,355,448,101,702,0,ITF,ITF5,17,Basilicata,Basilicata,559084,240360,42.99,0.14
4078,2021-05-06,BAS,5066,2439,2627,3431,1584,51,ITF,ITF5,17,Basilicata,Basilicata,559084,245426,43.9,0.91
4079,2021-05-15,BAS,6531,3345,3186,3877,2571,83,ITF,ITF5,17,Basilicata,Basilicata,559084,251957,45.07,1.17
4080,2021-04-02,BAS,2340,1056,1284,1714,605,21,ITF,ITF5,17,Basilicata,Basilicata,559084,254297,45.48,0.42
4081,2021-02-04,BAS,1100,444,656,63,1037,0,ITF,ITF5,17,Basilicata,Basilicata,559084,255397,45.68,0.2
4082,2021-07-11,BAS,5032,2405,2627,1510,3497,25,ITF,ITF5,17,Basilicata,Basilicata,559084,260429,46.58,0.9
4083,2021-02-02,BAS,367,143,224,174,192,1,ITF,ITF5,17,Basilicata,Basilicata,559084,260796,46.65,0.07
4084,2021-04-09,BAS,1151,350,801,1064,63,24,ITF,ITF5,17,Basilicata,Basilicata,559084,261947,46.85,0.21
4085,2021-03-14,BAS,1010,477,533,529,469,12,ITF,ITF5,17,Basilicata,Basilicata,559084,262957,47.03,0.18
4086,2021-03-31,BAS,3100,1261,1839,2288,782,30,ITF,ITF5,17,Basilicata,Basilicata,559084,266057,47.59,0.55
4087,2021-06-22,BAS,4364,2067,2297,2230,2102,32,ITF,ITF5,17,Basilicata,Basilicata,559084,270421,48.37,0.78
4088,2021-06-05,BAS,4799,2209,2590,3823,941,35,ITF,ITF5,17,Basilicata,Basilicata,559084,275220,49.23,0.86
4089,2021-02-23,BAS,1902,771,1131,1746,139,17,ITF,ITF5,17,Basilicata,Basilicata,559084,277122,49.57,0.34
4090,2021-06-03,BAS,4921,2258,2663,3703,1180,38,ITF,ITF5,17,Basilicata,Basilicata,559084,282043,50.45,0.88
4091,2021-03-12,BAS,1909,981,928,780,1103,26,ITF,ITF5,17,Basilicata,Basilicata,559084,283952,50.79,0.34
4092,2021-05-17,BAS,5542,2734,2808,3360,2133,49,ITF,ITF5,17,Basilicata,Basilicata,559084,289494,51.78,0.99
4093,2021-02-08,BAS,558,193,365,151,407,0,ITF,ITF5,17,Basilicata,Basilicata,559084,290052,51.88,0.1
4094,2021-05-19,BAS,2872,1499,1373,1183,1676,13,ITF,ITF5,17,Basilicata,Basilicata,559084,292924,52.39,0.51
4095,2021-02-25,BAS,1789,738,1051,1732,46,11,ITF,ITF5,17,Basilicata,Basilicata,559084,294713,52.71,0.32
4096,2021-02-06,BAS,907,370,537,146,761,0,ITF,ITF5,17,Basilicata,Basilicata,559084,295620,52.88,0.16
4097,2021-04-30,BAS,5286,2376,2910,4066,1163,57,ITF,ITF5,17,Basilicata,Basilicata,559084,300906,53.82,0.95
4098,2021-01-20,BAS,85,22,63,84,1,0,ITF,ITF5,17,Basilicata,Basilicata,559084,300991,53.84,0.02
4099,2021-04-29,BAS,4833,2385,2448,4340,421,72,ITF,ITF5,17,Basilicata,Basilicata,559084,305824,54.7,0.86
4100,2021-03-17,BAS,1458,611,847,24,1430,4,ITF,ITF5,17,Basilicata,Basilicata,559084,307282,54.96,0.26
4101,2021-01-19,BAS,199,84,115,199,0,0,ITF,ITF5,17,Basilicata,Basilicata,559084,307481,55.0,0.04
4102,2021-06-25,BAS,3312,1570,1742,2448,831,33,ITF,ITF5,17,Basilicata,Basilicata,559084,310793,55.59,0.59
4103,2021-07-04,BAS,3109,1562,1547,2163,921,25,ITF,ITF5,17,Basilicata,Basilicata,559084,313902,56.15,0.56
4104,2021-03-24,BAS,1899,724,1175,1479,398,22,ITF,ITF5,17,Basilicata,Basilicata,559084,315801,56.49,0.34
4105,2021-07-02,BAS,3690,1838,1852,2484,1177,29,ITF,ITF5,17,Basilicata,Basilicata,559084,319491,57.15,0.66
4106,2021-02-11,BAS,952,401,551,867,83,2,ITF,ITF5,17,Basilicata,Basilicata,559084,320443,57.32,0.17
4107,2021-05-22,BAS,5488,2723,2765,1926,3551,11,ITF,ITF5,17,Basilicata,Basilicata,559084,325931,58.3,0.98
4108,2021-07-13,BAS,5858,2825,3033,1774,4036,48,ITF,ITF5,17,Basilicata,Basilicata,559084,331789,59.35,1.05
4109,2021-02-27,BAS,1993,861,1132,1812,164,17,ITF,ITF5,17,Basilicata,Basilicata,559084,333782,59.7,0.36
4110,2021-06-07,BAS,4238,1920,2318,3885,315,38,ITF,ITF5,17,Basilicata,Basilicata,559084,338020,60.46,0.76
4111,2021-04-11,BAS,892,349,543,758,105,29,ITF,ITF5,17,Basilicata,Basilicata,559084,338912,60.62,0.16
4112,2021-04-04,BAS,610,225,385,191,413,6,ITF,ITF5,17,Basilicata,Basilicata,559084,339522,60.73,0.11
4113,2021-01-07,BAS,641,319,322,641,0,0,ITF,ITF5,17,Basilicata,Basilicata,559084,340163,60.84,0.11
4114,2021-02-19,BAS,1623,738,885,1556,62,5,ITF,ITF5,17,Basilicata,Basilicata,559084,341786,61.13,0.29
4115,2021-02-12,BAS,777,332,445,744,32,1,ITF,ITF5,17,Basilicata,Basilicata,559084,342563,61.27,0.14
4116,2021-04-10,BAS,1033,378,655,924,83,26,ITF,ITF5,17,Basilicata,Basilicata,559084,343596,61.46,0.18
4117,2021-06-24,BAS,4126,1953,2173,2186,1903,37,ITF,ITF5,17,Basilicata,Basilicata,559084,347722,62.19,0.74
4118,2021-04-28,BAS,4707,2158,2549,4207,441,59,ITF,ITF5,17,Basilicata,Basilicata,559084,352429,63.04,0.84
4119,2021-03-02,BAS,800,387,413,659,136,5,ITF,ITF5,17,Basilicata,Basilicata,559084,353229,63.18,0.14
4120,2021-06-10,BAS,4346,2102,2244,3870,441,35,ITF,ITF5,17,Basilicata,Basilicata,559084,357575,63.96,0.78
4121,2021-06-15,BAS,3219,1415,1804,2224,975,20,ITF,ITF5,17,Basilicata,Basilicata,559084,360794,64.53,0.58
4122,2021-02-28,BAS,810,346,464,771,35,4,ITF,ITF5,17,Basilicata,Basilicata,559084,361604,64.68,0.14
4123,2021-01-02,BAS,950,381,569,949,0,1,ITF,ITF5,17,Basilicata,Basilicata,559084,362554,64.85,0.17
4124,2021-01-16,BAS,722,304,418,722,0,0,ITF,ITF5,17,Basilicata,Basilicata,559084,363276,64.98,0.13
4125,2021-04-26,BAS,4467,2165,2302,4199,221,47,ITF,ITF5,17,Basilicata,Basilicata,559084,367743,65.78,0.8
4126,2021-02-21,BAS,284,113,171,284,0,0,ITF,ITF5,17,Basilicata,Basilicata,559084,368027,65.83,0.05
4127,2021-03-07,BAS,890,309,581,842,38,10,ITF,ITF5,17,Basilicata,Basilicata,559084,368917,65.99,0.16
4128,2021-01-09,BAS,557,160,397,557,0,0,ITF,ITF5,17,Basilicata,Basilicata,559084,369474,66.09,0.1
4129,2021-07-03,BAS,3945,2102,1843,2757,1145,43,ITF,ITF5,17,Basilicata,Basilicata,559084,373419,66.79,0.71
4130,2021-05-07,BAS,4634,2280,2354,3271,1339,24,ITF,ITF5,17,Basilicata,Basilicata,559084,378053,67.62,0.83
4131,2021-04-14,BAS,2044,1001,1043,1353,675,16,ITF,ITF5,17,Basilicata,Basilicata,559084,380097,67.99,0.37
4132,2021-01-21,BAS,30,10,20,30,0,0,ITF,ITF5,17,Basilicata,Basilicata,559084,380127,67.99,0.01
4133,2021-01-04,BAS,608,271,337,608,0,0,ITF,ITF5,17,Basilicata,Basilicata,559084,380735,68.1,0.11
4134,2021-07-06,BAS,4072,1942,2130,2033,2005,34,ITF,ITF5,17,Basilicata,Basilicata,559084,384807,68.83,0.73
4135,2021-01-14,BAS,969,413,556,969,0,0,ITF,ITF5,17,Basilicata,Basilicata,559084,385776,69.0,0.17
4136,2021-04-07,BAS,1212,552,660,1156,36,20,ITF,ITF5,17,Basilicata,Basilicata,559084,386988,69.22,0.22
4137,2021-04-25,BAS,2988,1457,1531,2904,52,32,ITF,ITF5,17,Basilicata,Basilicata,559084,389976,69.75,0.53
4138,2021-05-12,BAS,4726,2328,2398,2796,1882,48,ITF,ITF5,17,Basilicata,Basilicata,559084,394702,70.6,0.85
4139,2021-07-15,BAS,6537,3244,3293,1676,4836,25,ITF,ITF5,17,Basilicata,Basilicata,559084,401239,71.77,1.17
4140,2021-04-06,BAS,1274,465,809,1075,184,15,ITF,ITF5,17,Basilicata,Basilicata,559084,402513,72.0,0.23
4141,2021-06-14,BAS,4826,2157,2669,2093,2709,24,ITF,ITF5,17,Basilicata,Basilicata,559084,407339,72.86,0.86
4142,2021-03-23,BAS,1592,611,981,1407,168,17,ITF,ITF5,17,Basilicata,Basilicata,559084,408931,73.14,0.28
4143,2021-07-01,BAS,3707,1856,1851,2563,1111,33,ITF,ITF5,17,Basilicata,Basilicata,559084,412638,73.81,0.66
4144,2021-03-26,BAS,1955,703,1252,1669,260,26,ITF,ITF5,17,Basilicata,Basilicata,559084,414593,74.16,0.35
4145,2021-02-13,BAS,800,314,486,701,61,38,ITF,ITF5,17,Basilicata,Basilicata,559084,415393,74.3,0.14
4146,2021-05-24,BAS,4833,2343,2490,1090,3730,13,ITF,ITF5,17,Basilicata,Basilicata,559084,420226,75.16,0.86
4147,2021-06-02,BAS,5959,2804,3155,4375,1543,41,ITF,ITF5,17,Basilicata,Basilicata,559084,426185,76.23,1.07
4148,2021-04-18,BAS,3717,1843,1874,2329,1366,22,ITF,ITF5,17,Basilicata,Basilicata,559084,429902,76.89,0.66
4149,2021-02-20,BAS,1163,532,631,1044,119,0,ITF,ITF5,17,Basilicata,Basilicata,559084,431065,77.1,0.21
4150,2021-05-31,BAS,4229,2009,2220,1713,2508,8,ITF,ITF5,17,Basilicata,Basilicata,559084,435294,77.86,0.76
4151,2021-02-18,BAS,1070,401,669,852,215,3,ITF,ITF5,17,Basilicata,Basilicata,559084,436364,78.05,0.19
4152,2021-02-01,BAS,243,91,152,46,197,0,ITF,ITF5,17,Basilicata,Basilicata,559084,436607,78.09,0.04
4153,2021-05-26,BAS,4488,2259,2229,1677,2782,29,ITF,ITF5,17,Basilicata,Basilicata,559084,441095,78.9,0.8
4154,2021-01-23,BAS,724,308,416,33,691,0,ITF,ITF5,17,Basilicata,Basilicata,559084,441819,79.03,0.13
4155,2021-05-03,BAS,4510,2042,2468,3621,827,62,ITF,ITF5,17,Basilicata,Basilicata,559084,446329,79.83,0.81
4156,2021-02-09,BAS,491,213,278,316,175,0,ITF,ITF5,17,Basilicata,Basilicata,559084,446820,79.92,0.09
4157,2021-06-21,BAS,4253,2042,2211,2142,2092,19,ITF,ITF5,17,Basilicata,Basilicata,559084,451073,80.68,0.76
4158,2021-06-19,BAS,4465,2178,2287,2370,2073,22,ITF,ITF5,17,Basilicata,Basilicata,559084,455538,81.48,0.8
4159,2021-06-17,BAS,4440,2044,2396,2089,2327,24,ITF,ITF5,17,Basilicata,Basilicata,559084,459978,82.27,0.79
4160,2021-04-21,BAS,3928,1836,2092,2244,1655,29,ITF,ITF5,17,Basilicata,Basilicata,559084,463906,82.98,0.7
4161,2021-01-18,BAS,463,157,306,364,99,0,ITF,ITF5,17,Basilicata,Basilicata,559084,464369,83.06,0.08
4162,2021-03-16,BAS,1911,805,1106,226,1682,3,ITF,ITF5,17,Basilicata,Basilicata,559084,466280,83.4,0.34
4163,2021-05-05,BAS,4334,2048,2286,3378,890,66,ITF,ITF5,17,Basilicata,Basilicata,559084,470614,84.18,0.78
4164,2021-03-09,BAS,1406,718,688,779,609,18,ITF,ITF5,17,Basilicata,Basilicata,559084,472020,84.43,0.25
4165,2021-01-25,BAS,1027,430,597,73,953,1,ITF,ITF5,17,Basilicata,Basilicata,559084,473047,84.61,0.18
4166,2021-01-11,BAS,183,66,117,183,0,0,ITF,ITF5,17,Basilicata,Basilicata,559084,473230,84.64,0.03
4167,2021-07-10,BAS,5556,2682,2874,1597,3950,9,ITF,ITF5,17,Basilicata,Basilicata,559084,478786,85.64,0.99
4168,2021-05-14,BAS,5908,2800,3108,3273,2531,104,ITF,ITF5,17,Basilicata,Basilicata,559084,484694,86.69,1.06
4169,2021-03-18,BAS,1353,565,788,17,1327,9,ITF,ITF5,17,Basilicata,Basilicata,559084,486047,86.94,0.24
4170,2021-06-26,BAS,3327,1611,1716,2741,558,28,ITF,ITF5,17,Basilicata,Basilicata,559084,489374,87.53,0.6
4171,2021-03-28,BAS,2143,743,1400,2109,17,17,ITF,ITF5,17,Basilicata,Basilicata,559084,491517,87.91,0.38
4172,2021-03-11,BAS,1794,928,866,817,959,18,ITF,ITF5,17,Basilicata,Basilicata,559084,493311,88.24,0.32
4173,2021-03-30,BAS,2780,1171,1609,2419,346,15,ITF,ITF5,17,Basilicata,Basilicata,559084,496091,88.73,0.5
4174,2021-07-08,BAS,5138,2429,2709,1854,3260,24,ITF,ITF5,17,Basilicata,Basilicata,559084,501229,89.65,0.92
4175,2021-01-06,BAS,294,129,165,294,0,0,ITF,ITF5,17,Basilicata,Basilicata,559084,501523,89.7,0.05
4176,2021-04-16,BAS,3321,1634,1687,2400,898,23,ITF,ITF5,17,Basilicata,Basilicata,559084,504844,90.3,0.59
4177,2021-03-22,BAS,1190,537,653,634,548,8,ITF,ITF5,17,Basilicata,Basilicata,559084,506034,90.51,0.21
4178,2021-03-03,BAS,1748,818,930,1167,559,22,ITF,ITF5,17,Basilicata,Basilicata,559084,507782,90.82,0.31
4179,2021-05-25,BAS,4198,2113,2085,866,3322,10,ITF,ITF5,17,Basilicata,Basilicata,559084,511980,91.57,0.75
4180,2021-02-14,BAS,151,48,103,105,0,46,ITF,ITF5,17,Basilicata,Basilicata,559084,512131,91.6,0.03
4181,2021-01-31,BAS,77,24,53,0,77,0,ITF,ITF5,17,Basilicata,Basilicata,559084,512208,91.62,0.01
4182,2021-01-12,BAS,217,88,129,217,0,0,ITF,ITF5,17,Basilicata,Basilicata,559084,512425,91.65,0.04
4183,2021-05-10,BAS,4804,2382,2422,2718,2042,44,ITF,ITF5,17,Basilicata,Basilicata,559084,517229,92.51,0.86
4184,2021-06-29,BAS,3866,1886,1980,2801,1039,26,ITF,ITF5,17,Basilicata,Basilicata,559084,521095,93.21,0.69
4185,2021-03-21,BAS,1104,508,596,405,697,2,ITF,ITF5,17,Basilicata,Basilicata,559084,522199,93.4,0.2
4186,2021-05-29,BAS,3060,1534,1526,826,2225,9,ITF,ITF5,17,Basilicata,Basilicata,559084,525259,93.95,0.55
4187,2021-01-13,BAS,916,387,529,916,0,0,ITF,ITF5,17,Basilicata,Basilicata,559084,526175,94.11,0.16
4188,2021-04-23,BAS,4537,2186,2351,3481,997,59,ITF,ITF5,17,Basilicata,Basilicata,559084,530712,94.93,0.81
4189,2021-01-30,BAS,707,229,478,129,578,0,ITF,ITF5,17,Basilicata,Basilicata,559084,531419,95.05,0.13
4190,2021-03-04,BAS,1887,894,993,1064,800,23,ITF,ITF5,17,Basilicata,Basilicata,559084,533306,95.39,0.34
4191,2021-06-12,BAS,3674,1688,1986,2958,677,39,ITF,ITF5,17,Basilicata,Basilicata,559084,536980,96.05,0.66
