,data,area,Vaccinazioni giornaliere,sesso_maschile,sesso_femminile,prima_dose,seconda_dose,pregressa_infezione,codice_NUTS1,codice_NUTS2,codice_regione_ISTAT,nome_area,Regione,popolazione,Totale vaccinazioni,Totale vaccinazioni ogni cento ab,Vaccinazioni giornaliere ogni cento ab
0,2021-04-11,CAM,17525,8607,8918,15068,2084,373,ITF,ITF3,15,Campania,Campania,5801692,17525,0.3,0.3
1,2021-04-28,CAM,36438,17642,18796,25919,9757,762,ITF,ITF3,15,Campania,Campania,5801692,53963,0.93,0.63
2,2021-01-18,CAM,959,399,560,683,244,32,ITF,ITF3,15,Campania,Campania,5801692,54922,0.95,0.02
3,2021-07-20,CAM,40102,19793,20309,6371,33316,415,ITF,ITF3,15,Campania,Campania,5801692,95024,1.64,0.69
4,2021-06-24,CAM,66053,31817,34236,13475,52246,332,ITF,ITF3,15,Campania,Campania,5801692,161077,2.78,1.14
5,2021-03-16,CAM,8086,3519,4567,3700,4314,72,ITF,ITF3,15,Campania,Campania,5801692,169163,2.92,0.14
6,2021-01-25,CAM,5746,2927,2819,163,5583,0,ITF,ITF3,15,Campania,Campania,5801692,174909,3.01,0.1
7,2021-07-01,CAM,61504,29844,31660,19849,41004,651,ITF,ITF3,15,Campania,Campania,5801692,236413,4.07,1.06
8,2021-03-23,CAM,15741,7445,8296,12920,2513,308,ITF,ITF3,15,Campania,Campania,5801692,252154,4.35,0.27
9,2021-05-19,CAM,51155,22602,28553,33822,16612,721,ITF,ITF3,15,Campania,Campania,5801692,303309,5.23,0.88
10,2021-02-11,CAM,6280,2704,3576,5928,66,286,ITF,ITF3,15,Campania,Campania,5801692,309589,5.34,0.11
11,2021-01-30,CAM,10725,5082,5643,36,10687,2,ITF,ITF3,15,Campania,Campania,5801692,320314,5.52,0.18
12,2021-07-03,CAM,67284,32496,34788,8202,58705,377,ITF,ITF3,15,Campania,Campania,5801692,387598,6.68,1.16
13,2021-01-16,CAM,3372,1677,1695,3263,0,109,ITF,ITF3,15,Campania,Campania,5801692,390970,6.74,0.06
14,2021-05-24,CAM,31358,15151,16207,15863,15150,345,ITF,ITF3,15,Campania,Campania,5801692,422328,7.28,0.54
15,2021-02-13,CAM,5508,2550,2958,5109,217,182,ITF,ITF3,15,Campania,Campania,5801692,427836,7.37,0.09
16,2021-04-23,CAM,32330,15525,16805,22485,9155,690,ITF,ITF3,15,Campania,Campania,5801692,460166,7.93,0.56
17,2021-06-07,CAM,57584,27719,29865,52871,4035,678,ITF,ITF3,15,Campania,Campania,5801692,517750,8.92,0.99
18,2021-02-25,CAM,12426,4479,7947,10968,1188,270,ITF,ITF3,15,Campania,Campania,5801692,530176,9.14,0.21
19,2021-04-09,CAM,30046,14151,15895,23315,6134,597,ITF,ITF3,15,Campania,Campania,5801692,560222,9.66,0.52
20,2021-06-05,CAM,77630,37582,40048,70895,6023,712,ITF,ITF3,15,Campania,Campania,5801692,637852,10.99,1.34
21,2021-06-14,CAM,37119,17919,19200,18789,18014,316,ITF,ITF3,15,Campania,Campania,5801692,674971,11.63,0.64
22,2021-03-28,CAM,15566,7511,8055,13610,1625,331,ITF,ITF3,15,Campania,Campania,5801692,690537,11.9,0.27
23,2021-01-04,CAM,5826,2963,2863,5727,0,99,ITF,ITF3,15,Campania,Campania,5801692,696363,12.0,0.1
24,2021-06-19,CAM,62395,29705,32690,24255,37759,381,ITF,ITF3,15,Campania,Campania,5801692,758758,13.08,1.08
25,2021-03-09,CAM,14128,6870,7258,9958,3785,385,ITF,ITF3,15,Campania,Campania,5801692,772886,13.32,0.24
26,2021-03-02,CAM,12761,4558,8203,8215,4345,201,ITF,ITF3,15,Campania,Campania,5801692,785647,13.54,0.22
27,2021-07-15,CAM,66668,32027,34641,9369,57031,268,ITF,ITF3,15,Campania,Campania,5801692,852315,14.69,1.15
28,2021-01-11,CAM,4070,1871,2199,3961,0,109,ITF,ITF3,15,Campania,Campania,5801692,856385,14.76,0.07
29,2021-05-05,CAM,51169,24855,26314,43278,6386,1505,ITF,ITF3,15,Campania,Campania,5801692,907554,15.64,0.88
30,2021-05-12,CAM,40902,19954,20948,30597,9165,1140,ITF,ITF3,15,Campania,Campania,5801692,948456,16.35,0.71
31,2021-07-08,CAM,61093,29403,31690,5662,55127,304,ITF,ITF3,15,Campania,Campania,5801692,1009549,17.4,1.05
32,2021-05-17,CAM,49369,21703,27666,23654,25263,452,ITF,ITF3,15,Campania,Campania,5801692,1058918,18.25,0.85
33,2021-02-06,CAM,5341,2666,2675,2006,3239,96,ITF,ITF3,15,Campania,Campania,5801692,1064259,18.34,0.09
34,2021-07-22,CAM,61750,30486,31264,6557,54698,495,ITF,ITF3,15,Campania,Campania,5801692,1126009,19.41,1.06
35,2021-04-30,CAM,42333,20198,22135,25041,16502,790,ITF,ITF3,15,Campania,Campania,5801692,1168342,20.14,0.73
36,2021-02-04,CAM,7943,3429,4514,1249,6635,59,ITF,ITF3,15,Campania,Campania,5801692,1176285,20.27,0.14
37,2021-01-01,CAM,919,506,413,900,0,19,ITF,ITF3,15,Campania,Campania,5801692,1177204,20.29,0.02
38,2021-03-25,CAM,20322,9654,10668,16390,3505,427,ITF,ITF3,15,Campania,Campania,5801692,1197526,20.64,0.35
39,2021-04-16,CAM,34330,16560,17770,23026,10665,639,ITF,ITF3,15,Campania,Campania,5801692,1231856,21.23,0.59
40,2021-01-06,CAM,7649,3749,3900,7505,0,144,ITF,ITF3,15,Campania,Campania,5801692,1239505,21.36,0.13
41,2021-02-18,CAM,9080,3813,5267,8151,707,222,ITF,ITF3,15,Campania,Campania,5801692,1248585,21.52,0.16
42,2021-04-25,CAM,30743,15177,15566,24597,5405,741,ITF,ITF3,15,Campania,Campania,5801692,1279328,22.05,0.53
43,2021-01-23,CAM,3842,2031,1811,267,3569,6,ITF,ITF3,15,Campania,Campania,5801692,1283170,22.12,0.07
44,2021-03-21,CAM,10072,4675,5397,7508,2390,174,ITF,ITF3,15,Campania,Campania,5801692,1293242,22.29,0.17
45,2021-02-10,CAM,6905,3413,3492,6483,177,245,ITF,ITF3,15,Campania,Campania,5801692,1300147,22.41,0.12
46,2021-07-17,CAM,55241,27548,27693,3528,51524,189,ITF,ITF3,15,Campania,Campania,5801692,1355388,23.36,0.95
47,2021-04-08,CAM,28398,13753,14645,21994,5848,556,ITF,ITF3,15,Campania,Campania,5801692,1383786,23.85,0.49
48,2021-06-04,CAM,74497,35809,38688,64788,9064,645,ITF,ITF3,15,Campania,Campania,5801692,1458283,25.14,1.28
49,2021-05-21,CAM,63710,29606,34104,42176,20529,1005,ITF,ITF3,15,Campania,Campania,5801692,1521993,26.23,1.1
50,2021-06-26,CAM,62938,30691,32247,14672,47852,414,ITF,ITF3,15,Campania,Campania,5801692,1584931,27.32,1.08
51,2021-07-13,CAM,53682,25791,27891,4936,48497,249,ITF,ITF3,15,Campania,Campania,5801692,1638613,28.24,0.93
52,2021-04-04,CAM,7966,4017,3949,6701,1047,218,ITF,ITF3,15,Campania,Campania,5801692,1646579,28.38,0.14
53,2021-06-12,CAM,64000,31549,32451,55946,7217,837,ITF,ITF3,15,Campania,Campania,5801692,1710579,29.48,1.1
54,2021-03-04,CAM,14708,5396,9312,8555,5894,259,ITF,ITF3,15,Campania,Campania,5801692,1725287,29.74,0.25
55,2021-05-26,CAM,52680,25841,26839,21113,31103,464,ITF,ITF3,15,Campania,Campania,5801692,1777967,30.65,0.91
56,2021-04-06,CAM,24511,11562,12949,19507,4523,481,ITF,ITF3,15,Campania,Campania,5801692,1802478,31.07,0.42
57,2021-07-12,CAM,56678,27364,29314,3767,52592,319,ITF,ITF3,15,Campania,Campania,5801692,1859156,32.05,0.98
58,2020-12-27,CAM,720,422,298,716,0,4,ITF,ITF3,15,Campania,Campania,5801692,1859876,32.06,0.01
59,2021-05-31,CAM,40729,20665,20064,29850,10313,566,ITF,ITF3,15,Campania,Campania,5801692,1900605,32.76,0.7
60,2021-02-27,CAM,13947,4472,9475,12005,1642,300,ITF,ITF3,15,Campania,Campania,5801692,1914552,33.0,0.24
61,2021-06-16,CAM,31607,14984,16623,20550,10761,296,ITF,ITF3,15,Campania,Campania,5801692,1946159,33.54,0.54
62,2021-02-08,CAM,5113,2449,2664,4164,803,146,ITF,ITF3,15,Campania,Campania,5801692,1951272,33.63,0.09
63,2021-01-13,CAM,8020,3666,4354,7780,0,240,ITF,ITF3,15,Campania,Campania,5801692,1959292,33.77,0.14
64,2021-04-18,CAM,27221,13286,13935,17821,8901,499,ITF,ITF3,15,Campania,Campania,5801692,1986513,34.24,0.47
65,2021-01-08,CAM,10453,4967,5486,10194,0,259,ITF,ITF3,15,Campania,Campania,5801692,1996966,34.42,0.18
66,2021-04-27,CAM,32161,15626,16535,23498,7923,740,ITF,ITF3,15,Campania,Campania,5801692,2029127,34.97,0.55
67,2021-06-23,CAM,46750,22085,24665,10752,35791,207,ITF,ITF3,15,Campania,Campania,5801692,2075877,35.78,0.81
68,2021-07-24,CAM,47976,24862,23114,6777,40871,328,ITF,ITF3,15,Campania,Campania,5801692,2123853,36.61,0.83
69,2021-01-20,CAM,1257,650,607,1226,0,31,ITF,ITF3,15,Campania,Campania,5801692,2125110,36.63,0.02
70,2021-04-13,CAM,26608,12685,13923,20576,5534,498,ITF,ITF3,15,Campania,Campania,5801692,2151718,37.09,0.46
71,2021-01-03,CAM,3836,2009,1827,3787,0,49,ITF,ITF3,15,Campania,Campania,5801692,2155554,37.15,0.07
72,2021-05-02,CAM,43496,21541,21955,31286,11360,850,ITF,ITF3,15,Campania,Campania,5801692,2199050,37.9,0.75
73,2021-01-22,CAM,1525,776,749,659,852,14,ITF,ITF3,15,Campania,Campania,5801692,2200575,37.93,0.03
74,2021-03-06,CAM,16371,6815,9556,10410,5669,292,ITF,ITF3,15,Campania,Campania,5801692,2216946,38.21,0.28
75,2021-04-01,CAM,24680,12010,12670,20082,4133,465,ITF,ITF3,15,Campania,Campania,5801692,2241626,38.64,0.43
76,2021-05-28,CAM,73052,35312,37740,26283,46155,614,ITF,ITF3,15,Campania,Campania,5801692,2314678,39.9,1.26
77,2021-05-14,CAM,61042,27585,33457,34844,24716,1482,ITF,ITF3,15,Campania,Campania,5801692,2375720,40.95,1.05
78,2021-07-10,CAM,66886,32661,34225,2749,63939,198,ITF,ITF3,15,Campania,Campania,5801692,2442606,42.1,1.15
79,2021-02-01,CAM,3984,1813,2171,102,3874,8,ITF,ITF3,15,Campania,Campania,5801692,2446590,42.17,0.07
80,2021-03-30,CAM,22052,10577,11475,18598,2957,497,ITF,ITF3,15,Campania,Campania,5801692,2468642,42.55,0.38
81,2021-04-17,CAM,36194,17513,18681,23996,11512,686,ITF,ITF3,15,Campania,Campania,5801692,2504836,43.17,0.62
82,2021-06-13,CAM,43432,21245,22187,38096,4730,606,ITF,ITF3,15,Campania,Campania,5801692,2548268,43.92,0.75
83,2021-05-30,CAM,52154,25442,26712,37961,13314,879,ITF,ITF3,15,Campania,Campania,5801692,2600422,44.82,0.9
84,2021-02-19,CAM,9573,3561,6012,8715,650,208,ITF,ITF3,15,Campania,Campania,5801692,2609995,44.99,0.17
85,2021-07-26,CAM,48774,24294,24480,10418,37874,482,ITF,ITF3,15,Campania,Campania,5801692,2658769,45.83,0.84
86,2020-12-31,CAM,1490,811,679,1471,0,19,ITF,ITF3,15,Campania,Campania,5801692,2660259,45.85,0.03
87,2021-06-06,CAM,63228,31446,31782,61924,648,656,ITF,ITF3,15,Campania,Campania,5801692,2723487,46.94,1.09
88,2021-02-26,CAM,13335,4227,9108,11730,1336,269,ITF,ITF3,15,Campania,Campania,5801692,2736822,47.17,0.23
89,2021-04-24,CAM,36364,17528,18836,24362,11248,754,ITF,ITF3,15,Campania,Campania,5801692,2773186,47.8,0.63
90,2021-06-02,CAM,42859,20158,22701,37748,4678,433,ITF,ITF3,15,Campania,Campania,5801692,2816045,48.54,0.74
91,2021-02-22,CAM,10683,3295,7388,10194,264,225,ITF,ITF3,15,Campania,Campania,5801692,2826728,48.72,0.18
92,2021-03-11,CAM,18001,9058,8943,10330,7279,392,ITF,ITF3,15,Campania,Campania,5801692,2844729,49.03,0.31
93,2021-05-16,CAM,51149,23227,27922,32868,17575,706,ITF,ITF3,15,Campania,Campania,5801692,2895878,49.91,0.88
94,2021-02-20,CAM,8573,3080,5493,8109,303,161,ITF,ITF3,15,Campania,Campania,5801692,2904451,50.06,0.15
95,2021-02-03,CAM,8903,4003,4900,842,8025,36,ITF,ITF3,15,Campania,Campania,5801692,2913354,50.22,0.15
96,2021-02-24,CAM,11785,4150,7635,10848,688,249,ITF,ITF3,15,Campania,Campania,5801692,2925139,50.42,0.2
97,2021-01-05,CAM,7237,3637,3600,7076,0,161,ITF,ITF3,15,Campania,Campania,5801692,2932376,50.54,0.12
98,2021-02-17,CAM,7392,3213,4179,6208,1060,124,ITF,ITF3,15,Campania,Campania,5801692,2939768,50.67,0.13
99,2021-04-15,CAM,34345,16664,17681,23813,9903,629,ITF,ITF3,15,Campania,Campania,5801692,2974113,51.26,0.59
100,2021-03-08,CAM,14687,6846,7841,9502,4777,408,ITF,ITF3,15,Campania,Campania,5801692,2988800,51.52,0.25
101,2021-05-04,CAM,48484,23349,25135,38351,8904,1229,ITF,ITF3,15,Campania,Campania,5801692,3037284,52.35,0.84
102,2021-01-24,CAM,4122,2119,2003,360,3745,17,ITF,ITF3,15,Campania,Campania,5801692,3041406,52.42,0.07
103,2021-05-13,CAM,55445,24827,30618,37864,16012,1569,ITF,ITF3,15,Campania,Campania,5801692,3096851,53.38,0.96
104,2021-07-09,CAM,61455,29754,31701,4368,56795,292,ITF,ITF3,15,Campania,Campania,5801692,3158306,54.44,1.06
105,2021-05-18,CAM,52183,23228,28955,31872,19658,653,ITF,ITF3,15,Campania,Campania,5801692,3210489,55.34,0.9
106,2021-02-05,CAM,7261,3463,3798,2019,5128,114,ITF,ITF3,15,Campania,Campania,5801692,3217750,55.46,0.13
107,2021-04-29,CAM,41334,20041,21293,24096,16487,751,ITF,ITF3,15,Campania,Campania,5801692,3259084,56.17,0.71
108,2021-01-19,CAM,1095,474,621,1042,3,50,ITF,ITF3,15,Campania,Campania,5801692,3260179,56.19,0.02
109,2021-07-21,CAM,50177,24444,25733,8682,40861,634,ITF,ITF3,15,Campania,Campania,5801692,3310356,57.06,0.86
110,2021-01-21,CAM,2093,1116,977,670,1417,6,ITF,ITF3,15,Campania,Campania,5801692,3312449,57.09,0.04
111,2021-04-20,CAM,32038,15499,16539,20160,11312,566,ITF,ITF3,15,Campania,Campania,5801692,3344487,57.65,0.55
112,2021-06-28,CAM,46520,22740,23780,20590,25407,523,ITF,ITF3,15,Campania,Campania,5801692,3391007,58.45,0.8
113,2021-03-20,CAM,13989,6529,7460,10012,3739,238,ITF,ITF3,15,Campania,Campania,5801692,3404996,58.69,0.24
114,2021-02-15,CAM,5472,2516,2956,5159,175,138,ITF,ITF3,15,Campania,Campania,5801692,3410468,58.78,0.09
115,2021-06-09,CAM,53060,26054,27006,41702,10905,453,ITF,ITF3,15,Campania,Campania,5801692,3463528,59.7,0.91
116,2021-03-01,CAM,12131,4248,7883,7783,4112,236,ITF,ITF3,15,Campania,Campania,5801692,3475659,59.91,0.21
117,2021-05-09,CAM,43205,20286,22919,30970,11099,1136,ITF,ITF3,15,Campania,Campania,5801692,3518864,60.65,0.74
118,2021-01-10,CAM,8165,3736,4429,7963,0,202,ITF,ITF3,15,Campania,Campania,5801692,3527029,60.79,0.14
119,2021-04-03,CAM,21117,10316,10801,18282,2381,454,ITF,ITF3,15,Campania,Campania,5801692,3548146,61.16,0.36
120,2021-01-15,CAM,4979,2381,2598,4823,0,156,ITF,ITF3,15,Campania,Campania,5801692,3553125,61.24,0.09
121,2021-06-21,CAM,46870,22636,24234,11342,35237,291,ITF,ITF3,15,Campania,Campania,5801692,3599995,62.05,0.81
122,2021-03-13,CAM,14519,7038,7481,8988,5283,248,ITF,ITF3,15,Campania,Campania,5801692,3614514,62.3,0.25
123,2021-03-22,CAM,13182,6345,6837,10862,2042,278,ITF,ITF3,15,Campania,Campania,5801692,3627696,62.53,0.23
124,2021-02-07,CAM,2928,1381,1547,2067,771,90,ITF,ITF3,15,Campania,Campania,5801692,3630624,62.58,0.05
125,2021-06-30,CAM,47619,22747,24872,18381,28624,614,ITF,ITF3,15,Campania,Campania,5801692,3678243,63.4,0.82
126,2021-01-17,CAM,1155,551,604,682,453,20,ITF,ITF3,15,Campania,Campania,5801692,3679398,63.42,0.02
127,2021-03-15,CAM,13346,6491,6855,8348,4746,252,ITF,ITF3,15,Campania,Campania,5801692,3692744,63.65,0.23
128,2021-07-02,CAM,55869,26995,28874,14437,40948,484,ITF,ITF3,15,Campania,Campania,5801692,3748613,64.61,0.96
129,2021-07-05,CAM,63289,30507,32782,12744,49872,673,ITF,ITF3,15,Campania,Campania,5801692,3811902,65.7,1.09
130,2021-07-07,CAM,52257,24800,27457,7270,44600,387,ITF,ITF3,15,Campania,Campania,5801692,3864159,66.6,0.9
131,2021-03-29,CAM,19405,9578,9827,17471,1547,387,ITF,ITF3,15,Campania,Campania,5801692,3883564,66.94,0.33
132,2021-06-20,CAM,47605,22744,24861,14334,32986,285,ITF,ITF3,15,Campania,Campania,5801692,3931169,67.76,0.82
133,2021-03-27,CAM,21513,10242,11271,17255,3865,393,ITF,ITF3,15,Campania,Campania,5801692,3952682,68.13,0.37
134,2021-06-01,CAM,42149,20914,21235,31429,10501,219,ITF,ITF3,15,Campania,Campania,5801692,3994831,68.86,0.73
135,2021-06-18,CAM,65889,31403,34486,35091,30298,500,ITF,ITF3,15,Campania,Campania,5801692,4060720,69.99,1.14
136,2021-03-10,CAM,15615,7722,7893,8463,6837,315,ITF,ITF3,15,Campania,Campania,5801692,4076335,70.26,0.27
137,2021-05-15,CAM,62658,29040,33618,42157,18714,1787,ITF,ITF3,15,Campania,Campania,5801692,4138993,71.34,1.08
138,2021-07-19,CAM,43963,21523,22440,5231,38341,391,ITF,ITF3,15,Campania,Campania,5801692,4182956,72.1,0.76
139,2021-04-10,CAM,28355,13492,14863,22826,4914,615,ITF,ITF3,15,Campania,Campania,5801692,4211311,72.59,0.49
140,2021-01-07,CAM,8909,4167,4742,8736,0,173,ITF,ITF3,15,Campania,Campania,5801692,4220220,72.74,0.15
141,2021-03-05,CAM,16814,6667,10147,9865,6663,286,ITF,ITF3,15,Campania,Campania,5801692,4237034,73.03,0.29
142,2021-01-14,CAM,7075,2978,4097,6810,0,265,ITF,ITF3,15,Campania,Campania,5801692,4244109,73.15,0.12
143,2021-07-23,CAM,61738,30769,30969,8466,52814,458,ITF,ITF3,15,Campania,Campania,5801692,4305847,74.22,1.06
144,2021-04-14,CAM,27651,13338,14313,18670,8570,411,ITF,ITF3,15,Campania,Campania,5801692,4333498,74.69,0.48
145,2021-05-01,CAM,46349,22662,23687,29341,16106,902,ITF,ITF3,15,Campania,Campania,5801692,4379847,75.49,0.8
146,2021-07-06,CAM,56588,27016,29572,16220,39919,449,ITF,ITF3,15,Campania,Campania,5801692,4436435,76.47,0.98
147,2021-04-12,CAM,23307,10921,12386,19773,3035,499,ITF,ITF3,15,Campania,Campania,5801692,4459742,76.87,0.4
148,2021-01-02,CAM,3673,1963,1710,3615,0,58,ITF,ITF3,15,Campania,Campania,5801692,4463415,76.93,0.06
149,2021-06-17,CAM,60179,28854,31325,32910,26766,503,ITF,ITF3,15,Campania,Campania,5801692,4523594,77.97,1.04
150,2021-07-04,CAM,48819,23764,25055,6327,42310,182,ITF,ITF3,15,Campania,Campania,5801692,4572413,78.81,0.84
151,2021-03-26,CAM,19865,9324,10541,15652,3815,398,ITF,ITF3,15,Campania,Campania,5801692,4592278,79.15,0.34
152,2021-06-22,CAM,52452,25009,27443,13202,39003,247,ITF,ITF3,15,Campania,Campania,5801692,4644730,80.06,0.9
153,2021-03-14,CAM,8616,3827,4789,4379,4140,97,ITF,ITF3,15,Campania,Campania,5801692,4653346,80.21,0.15
154,2021-05-10,CAM,35473,16392,19081,25002,9927,544,ITF,ITF3,15,Campania,Campania,5801692,4688819,80.82,0.61
155,2021-06-08,CAM,53040,25853,27187,45459,6998,583,ITF,ITF3,15,Campania,Campania,5801692,4741859,81.73,0.91
156,2021-04-26,CAM,34035,16649,17386,27573,5623,839,ITF,ITF3,15,Campania,Campania,5801692,4775894,82.32,0.59
157,2021-05-27,CAM,72917,35353,37564,25819,46540,558,ITF,ITF3,15,Campania,Campania,5801692,4848811,83.58,1.26
158,2021-02-16,CAM,5440,2412,3028,4495,771,174,ITF,ITF3,15,Campania,Campania,5801692,4854251,83.67,0.09
159,2021-05-22,CAM,67967,32516,35451,45625,21496,846,ITF,ITF3,15,Campania,Campania,5801692,4922218,84.84,1.17
160,2021-03-12,CAM,14574,7410,7164,8197,6084,293,ITF,ITF3,15,Campania,Campania,5801692,4936792,85.09,0.25
161,2021-01-31,CAM,8070,3712,4358,22,8047,1,ITF,ITF3,15,Campania,Campania,5801692,4944862,85.23,0.14
162,2021-05-11,CAM,39872,19244,20628,29557,9402,913,ITF,ITF3,15,Campania,Campania,5801692,4984734,85.92,0.69
163,2021-07-11,CAM,40861,19664,21197,1011,39768,82,ITF,ITF3,15,Campania,Campania,5801692,5025595,86.62,0.7
164,2021-05-23,CAM,58748,28639,30109,37221,20898,629,ITF,ITF3,15,Campania,Campania,5801692,5084343,87.64,1.01
165,2021-02-12,CAM,6531,2861,3670,6092,188,251,ITF,ITF3,15,Campania,Campania,5801692,5090874,87.75,0.11
166,2021-01-29,CAM,10054,4812,5242,43,10007,4,ITF,ITF3,15,Campania,Campania,5801692,5100928,87.92,0.17
167,2021-06-27,CAM,43552,21450,22102,14108,29067,377,ITF,ITF3,15,Campania,Campania,5801692,5144480,88.67,0.75
168,2021-03-19,CAM,11143,4973,6170,7096,3873,174,ITF,ITF3,15,Campania,Campania,5801692,5155623,88.86,0.19
169,2021-03-07,CAM,11973,5404,6569,7816,3843,314,ITF,ITF3,15,Campania,Campania,5801692,5167596,89.07,0.21
170,2021-05-03,CAM,40785,19905,20880,27961,11858,966,ITF,ITF3,15,Campania,Campania,5801692,5208381,89.77,0.7
171,2021-06-29,CAM,49317,23986,25331,19785,29071,461,ITF,ITF3,15,Campania,Campania,5801692,5257698,90.62,0.85
172,2021-06-15,CAM,18674,9087,9587,11027,7413,234,ITF,ITF3,15,Campania,Campania,5801692,5276372,90.95,0.32
173,2021-03-24,CAM,17922,8369,9553,14624,2958,340,ITF,ITF3,15,Campania,Campania,5801692,5294294,91.25,0.31
174,2021-05-20,CAM,60832,28142,32690,42228,17639,965,ITF,ITF3,15,Campania,Campania,5801692,5355126,92.3,1.05
175,2021-02-09,CAM,4643,2202,2441,4234,252,157,ITF,ITF3,15,Campania,Campania,5801692,5359769,92.38,0.08
176,2021-05-29,CAM,67819,32260,35559,43108,23872,839,ITF,ITF3,15,Campania,Campania,5801692,5427588,93.55,1.17
177,2021-07-25,CAM,23162,11747,11415,4301,18728,133,ITF,ITF3,15,Campania,Campania,5801692,5450750,93.95,0.4
178,2021-06-10,CAM,75922,36681,39241,68002,7036,884,ITF,ITF3,15,Campania,Campania,5801692,5526672,95.26,1.31
179,2021-05-08,CAM,56435,27144,29291,39150,15834,1451,ITF,ITF3,15,Campania,Campania,5801692,5583107,96.23,0.97
180,2021-01-28,CAM,8833,4122,4711,125,8700,8,ITF,ITF3,15,Campania,Campania,5801692,5591940,96.38,0.15
181,2021-02-02,CAM,5724,2805,2919,413,5280,31,ITF,ITF3,15,Campania,Campania,5801692,5597664,96.48,0.1
182,2021-03-31,CAM,23190,11372,11818,19362,3440,388,ITF,ITF3,15,Campania,Campania,5801692,5620854,96.88,0.4
183,2021-07-18,CAM,31334,15761,15573,3846,27158,330,ITF,ITF3,15,Campania,Campania,5801692,5652188,97.42,0.54
184,2021-04-07,CAM,24972,11987,12985,19714,4725,533,ITF,ITF3,15,Campania,Campania,5801692,5677160,97.85,0.43
185,2021-06-03,CAM,72637,35229,37408,61155,10674,808,ITF,ITF3,15,Campania,Campania,5801692,5749797,99.11,1.25
186,2021-02-23,CAM,11002,3388,7614,10204,526,272,ITF,ITF3,15,Campania,Campania,5801692,5760799,99.3,0.19
187,2021-02-21,CAM,5836,2241,3595,5496,225,115,ITF,ITF3,15,Campania,Campania,5801692,5766635,99.4,0.1
188,2021-04-21,CAM,30237,14729,15508,17486,12227,524,ITF,ITF3,15,Campania,Campania,5801692,5796872,99.92,0.52
189,2021-07-16,CAM,60988,29832,31156,6743,53866,379,ITF,ITF3,15,Campania,Campania,5801692,5857860,100.97,1.05
190,2021-04-02,CAM,21866,10525,11341,19098,2324,444,ITF,ITF3,15,Campania,Campania,5801692,5879726,101.35,0.38
191,2021-05-07,CAM,59777,29210,30567,42780,15953,1044,ITF,ITF3,15,Campania,Campania,5801692,5939503,102.38,1.03
192,2021-01-27,CAM,7738,3820,3918,157,7576,5,ITF,ITF3,15,Campania,Campania,5801692,5947241,102.51,0.13
193,2021-03-18,CAM,12178,5382,6796,5797,6190,191,ITF,ITF3,15,Campania,Campania,5801692,5959419,102.72,0.21
194,2021-07-14,CAM,51088,24568,26520,4330,46479,279,ITF,ITF3,15,Campania,Campania,5801692,6010507,103.6,0.88
195,2021-04-05,CAM,11640,5542,6098,8941,2424,275,ITF,ITF3,15,Campania,Campania,5801692,6022147,103.8,0.2
196,2021-03-17,CAM,11589,5100,6489,4859,6581,149,ITF,ITF3,15,Campania,Campania,5801692,6033736,104.0,0.2
197,2021-06-11,CAM,70803,34398,36405,63906,6035,862,ITF,ITF3,15,Campania,Campania,5801692,6104539,105.22,1.22
198,2021-03-03,CAM,13924,5496,8428,7099,6630,195,ITF,ITF3,15,Campania,Campania,5801692,6118463,105.46,0.24
199,2021-06-25,CAM,65510,31803,33707,13791,51339,380,ITF,ITF3,15,Campania,Campania,5801692,6183973,106.59,1.13
200,2021-05-25,CAM,46506,22385,24121,22544,23414,548,ITF,ITF3,15,Campania,Campania,5801692,6230479,107.39,0.8
201,2021-04-22,CAM,33966,16543,17423,20932,12410,624,ITF,ITF3,15,Campania,Campania,5801692,6264445,107.98,0.59
202,2021-01-12,CAM,5215,2564,2651,5076,0,139,ITF,ITF3,15,Campania,Campania,5801692,6269660,108.07,0.09
203,2021-05-06,CAM,57288,27911,29377,41313,14453,1522,ITF,ITF3,15,Campania,Campania,5801692,6326948,109.05,0.99
204,2021-02-28,CAM,10412,3207,7205,8312,1900,200,ITF,ITF3,15,Campania,Campania,5801692,6337360,109.23,0.18
205,2021-02-14,CAM,3929,1923,2006,3845,34,50,ITF,ITF3,15,Campania,Campania,5801692,6341289,109.3,0.07
206,2021-01-26,CAM,7341,3726,3615,331,6989,21,ITF,ITF3,15,Campania,Campania,5801692,6348630,109.43,0.13
207,2021-04-19,CAM,30767,14827,15940,18687,11573,507,ITF,ITF3,15,Campania,Campania,5801692,6379397,109.96,0.53
208,2021-01-09,CAM,10566,5024,5542,10305,0,261,ITF,ITF3,15,Campania,Campania,5801692,6389963,110.14,0.18
209,2021-05-24,FVG,11428,5528,5900,7523,3620,285,ITH,ITH4,6,Friuli-Venezia Giulia,Friuli Venezia Giulia,1215220,11428,0.94,0.94
210,2021-02-13,FVG,566,179,387,558,6,2,ITH,ITH4,6,Friuli-Venezia Giulia,Friuli Venezia Giulia,1215220,11994,0.99,0.05
211,2021-03-02,FVG,4222,1519,2703,2701,1500,21,ITH,ITH4,6,Friuli-Venezia Giulia,Friuli Venezia Giulia,1215220,16216,1.33,0.35
212,2021-03-04,FVG,3453,1599,1854,2765,660,28,ITH,ITH4,6,Friuli-Venezia Giulia,Friuli Venezia Giulia,1215220,19669,1.62,0.28
213,2021-06-12,FVG,8208,4706,3502,6803,1160,245,ITH,ITH4,6,Friuli-Venezia Giulia,Friuli Venezia Giulia,1215220,27877,2.29,0.68
214,2021-03-21,FVG,2673,1001,1672,2214,409,50,ITH,ITH4,6,Friuli-Venezia Giulia,Friuli Venezia Giulia,1215220,30550,2.51,0.22
215,2021-02-18,FVG,3218,1492,1726,2793,407,18,ITH,ITH4,6,Friuli-Venezia Giulia,Friuli Venezia Giulia,1215220,33768,2.78,0.26
216,2021-04-02,FVG,6595,2927,3668,4634,1838,123,ITH,ITH4,6,Friuli-Venezia Giulia,Friuli Venezia Giulia,1215220,40363,3.32,0.54
217,2021-04-16,FVG,6964,3027,3937,4908,1926,130,ITH,ITH4,6,Friuli-Venezia Giulia,Friuli Venezia Giulia,1215220,47327,3.89,0.57
218,2021-01-06,FVG,716,265,451,716,0,0,ITH,ITH4,6,Friuli-Venezia Giulia,Friuli Venezia Giulia,1215220,48043,3.95,0.06
219,2021-06-24,FVG,11081,5652,5429,1890,9087,104,ITH,ITH4,6,Friuli-Venezia Giulia,Friuli Venezia Giulia,1215220,59124,4.87,0.91
220,2021-03-16,FVG,3187,1299,1888,1024,2081,82,ITH,ITH4,6,Friuli-Venezia Giulia,Friuli Venezia Giulia,1215220,62311,5.13,0.26
221,2021-05-12,FVG,10878,5041,5837,9056,1412,410,ITH,ITH4,6,Friuli-Venezia Giulia,Friuli Venezia Giulia,1215220,73189,6.02,0.9
222,2021-07-20,FVG,9046,4724,4322,2267,6479,300,ITH,ITH4,6,Friuli-Venezia Giulia,Friuli Venezia Giulia,1215220,82235,6.77,0.74
223,2021-04-11,FVG,3433,1519,1914,2417,906,110,ITH,ITH4,6,Friuli-Venezia Giulia,Friuli Venezia Giulia,1215220,85668,7.05,0.28
224,2021-06-07,FVG,9204,4770,4434,7850,993,361,ITH,ITH4,6,Friuli-Venezia Giulia,Friuli Venezia Giulia,1215220,94872,7.81,0.76
225,2021-05-31,FVG,8907,4426,4481,6470,2190,247,ITH,ITH4,6,Friuli-Venezia Giulia,Friuli Venezia Giulia,1215220,103779,8.54,0.73
226,2021-03-28,FVG,4940,2355,2585,4688,158,94,ITH,ITH4,6,Friuli-Venezia Giulia,Friuli Venezia Giulia,1215220,108719,8.95,0.41
227,2021-01-18,FVG,1961,606,1355,1867,94,0,ITH,ITH4,6,Friuli-Venezia Giulia,Friuli Venezia Giulia,1215220,110680,9.11,0.16
228,2021-01-04,FVG,1507,558,949,1507,0,0,ITH,ITH4,6,Friuli-Venezia Giulia,Friuli Venezia Giulia,1215220,112187,9.23,0.12
229,2021-02-06,FVG,1154,338,816,21,1132,1,ITH,ITH4,6,Friuli-Venezia Giulia,Friuli Venezia Giulia,1215220,113341,9.33,0.09
230,2021-02-23,FVG,2644,1278,1366,2458,180,6,ITH,ITH4,6,Friuli-Venezia Giulia,Friuli Venezia Giulia,1215220,115985,9.54,0.22
231,2021-04-28,FVG,7310,3229,4081,3681,3495,134,ITH,ITH4,6,Friuli-Venezia Giulia,Friuli Venezia Giulia,1215220,123295,10.15,0.6
232,2021-01-23,FVG,814,323,491,4,810,0,ITH,ITH4,6,Friuli-Venezia Giulia,Friuli Venezia Giulia,1215220,124109,10.21,0.07
233,2021-05-05,FVG,9784,4273,5511,6070,3471,243,ITH,ITH4,6,Friuli-Venezia Giulia,Friuli Venezia Giulia,1215220,133893,11.02,0.81
234,2021-01-30,FVG,2277,745,1532,270,2007,0,ITH,ITH4,6,Friuli-Venezia Giulia,Friuli Venezia Giulia,1215220,136170,11.21,0.19
235,2021-07-13,FVG,10925,5631,5294,1050,9719,156,ITH,ITH4,6,Friuli-Venezia Giulia,Friuli Venezia Giulia,1215220,147095,12.1,0.9
236,2021-06-26,FVG,10202,5194,5008,4037,6152,13,ITH,ITH4,6,Friuli-Venezia Giulia,Friuli Venezia Giulia,1215220,157297,12.94,0.84
237,2021-07-08,FVG,12930,6992,5938,1287,11445,198,ITH,ITH4,6,Friuli-Venezia Giulia,Friuli Venezia Giulia,1215220,170227,14.01,1.06
238,2021-02-04,FVG,2726,808,1918,35,2691,0,ITH,ITH4,6,Friuli-Venezia Giulia,Friuli Venezia Giulia,1215220,172953,14.23,0.22
239,2021-04-30,FVG,7367,3253,4114,3540,3656,171,ITH,ITH4,6,Friuli-Venezia Giulia,Friuli Venezia Giulia,1215220,180320,14.84,0.61
240,2021-02-11,FVG,1931,664,1267,1735,193,3,ITH,ITH4,6,Friuli-Venezia Giulia,Friuli Venezia Giulia,1215220,182251,15.0,0.16
241,2021-04-09,FVG,7917,3659,4258,6499,1249,169,ITH,ITH4,6,Friuli-Venezia Giulia,Friuli Venezia Giulia,1215220,190168,15.65,0.65
242,2020-12-30,FVG,626,244,382,626,0,0,ITH,ITH4,6,Friuli-Venezia Giulia,Friuli Venezia Giulia,1215220,190794,15.7,0.05
243,2021-06-05,FVG,10314,5330,4984,8408,1549,357,ITH,ITH4,6,Friuli-Venezia Giulia,Friuli Venezia Giulia,1215220,201108,16.55,0.85
244,2021-02-25,FVG,3167,1652,1515,3107,29,31,ITH,ITH4,6,Friuli-Venezia Giulia,Friuli Venezia Giulia,1215220,204275,16.81,0.26
245,2021-01-27,FVG,1272,426,846,449,821,2,ITH,ITH4,6,Friuli-Venezia Giulia,Friuli Venezia Giulia,1215220,205547,16.91,0.1
246,2021-05-07,FVG,10643,4874,5769,6924,3528,191,ITH,ITH4,6,Friuli-Venezia Giulia,Friuli Venezia Giulia,1215220,216190,17.79,0.88
247,2021-05-09,FVG,7369,3310,4059,3371,3865,133,ITH,ITH4,6,Friuli-Venezia Giulia,Friuli Venezia Giulia,1215220,223559,18.4,0.61
248,2021-05-19,FVG,12050,5940,6110,9263,2346,441,ITH,ITH4,6,Friuli-Venezia Giulia,Friuli Venezia Giulia,1215220,235609,19.39,0.99
249,2021-03-14,FVG,1398,550,848,1122,252,24,ITH,ITH4,6,Friuli-Venezia Giulia,Friuli Venezia Giulia,1215220,237007,19.5,0.12
250,2021-04-08,FVG,7451,3222,4229,5401,1922,128,ITH,ITH4,6,Friuli-Venezia Giulia,Friuli Venezia Giulia,1215220,244458,20.12,0.61
251,2021-05-21,FVG,11217,5020,6197,7907,2976,334,ITH,ITH4,6,Friuli-Venezia Giulia,Friuli Venezia Giulia,1215220,255675,21.04,0.92
252,2021-02-10,FVG,1350,496,854,1264,86,0,ITH,ITH4,6,Friuli-Venezia Giulia,Friuli Venezia Giulia,1215220,257025,21.15,0.11
253,2021-07-17,FVG,7254,3893,3361,553,6613,88,ITH,ITH4,6,Friuli-Venezia Giulia,Friuli Venezia Giulia,1215220,264279,21.75,0.6
254,2021-02-01,FVG,2099,688,1411,16,2083,0,ITH,ITH4,6,Friuli-Venezia Giulia,Friuli Venezia Giulia,1215220,266378,21.92,0.17
255,2021-02-27,FVG,3532,1201,2331,3514,1,17,ITH,ITH4,6,Friuli-Venezia Giulia,Friuli Venezia Giulia,1215220,269910,22.21,0.29
256,2021-04-25,FVG,2373,991,1382,2182,11,180,ITH,ITH4,6,Friuli-Venezia Giulia,Friuli Venezia Giulia,1215220,272283,22.41,0.2
257,2021-01-15,FVG,2020,605,1415,2019,0,1,ITH,ITH4,6,Friuli-Venezia Giulia,Friuli Venezia Giulia,1215220,274303,22.57,0.17
258,2021-05-17,FVG,8813,4089,4724,6060,2489,264,ITH,ITH4,6,Friuli-Venezia Giulia,Friuli Venezia Giulia,1215220,283116,23.3,0.73
259,2021-03-09,FVG,4013,1723,2290,1238,2750,25,ITH,ITH4,6,Friuli-Venezia Giulia,Friuli Venezia Giulia,1215220,287129,23.63,0.33
260,2021-06-19,FVG,8531,4446,4085,1333,7133,65,ITH,ITH4,6,Friuli-Venezia Giulia,Friuli Venezia Giulia,1215220,295660,24.33,0.7
261,2021-03-11,FVG,3478,1517,1961,1714,1751,13,ITH,ITH4,6,Friuli-Venezia Giulia,Friuli Venezia Giulia,1215220,299138,24.62,0.29
262,2021-04-21,FVG,7776,3469,4307,4015,3681,80,ITH,ITH4,6,Friuli-Venezia Giulia,Friuli Venezia Giulia,1215220,306914,25.26,0.64
263,2021-01-11,FVG,1882,608,1274,1881,0,1,ITH,ITH4,6,Friuli-Venezia Giulia,Friuli Venezia Giulia,1215220,308796,25.41,0.15
264,2021-07-15,FVG,10030,5108,4922,913,8865,252,ITH,ITH4,6,Friuli-Venezia Giulia,Friuli Venezia Giulia,1215220,318826,26.24,0.83
265,2021-04-23,FVG,7473,3379,4094,3471,3866,136,ITH,ITH4,6,Friuli-Venezia Giulia,Friuli Venezia Giulia,1215220,326299,26.85,0.61
266,2021-01-25,FVG,1583,567,1016,194,1389,0,ITH,ITH4,6,Friuli-Venezia Giulia,Friuli Venezia Giulia,1215220,327882,26.98,0.13
267,2021-07-01,FVG,12251,6366,5885,2533,9450,268,ITH,ITH4,6,Friuli-Venezia Giulia,Friuli Venezia Giulia,1215220,340133,27.99,1.01
268,2021-03-23,FVG,3893,1686,2207,1733,2142,18,ITH,ITH4,6,Friuli-Venezia Giulia,Friuli Venezia Giulia,1215220,344026,28.31,0.32
269,2021-01-16,FVG,1230,360,870,1230,0,0,ITH,ITH4,6,Friuli-Venezia Giulia,Friuli Venezia Giulia,1215220,345256,28.41,0.1
270,2021-07-03,FVG,11387,6077,5310,1077,10156,154,ITH,ITH4,6,Friuli-Venezia Giulia,Friuli Venezia Giulia,1215220,356643,29.35,0.94
271,2021-03-25,FVG,5534,2425,3109,3329,2137,68,ITH,ITH4,6,Friuli-Venezia Giulia,Friuli Venezia Giulia,1215220,362177,29.8,0.46
272,2021-06-16,FVG,12159,5903,6256,3880,8019,260,ITH,ITH4,6,Friuli-Venezia Giulia,Friuli Venezia Giulia,1215220,374336,30.8,1.0
273,2021-06-23,FVG,12061,5833,6228,1991,9935,135,ITH,ITH4,6,Friuli-Venezia Giulia,Friuli Venezia Giulia,1215220,386397,31.8,0.99
274,2021-04-27,FVG,8132,3735,4397,3548,4486,98,ITH,ITH4,6,Friuli-Venezia Giulia,Friuli Venezia Giulia,1215220,394529,32.47,0.67
275,2021-05-14,FVG,10766,5362,5404,7873,2597,296,ITH,ITH4,6,Friuli-Venezia Giulia,Friuli Venezia Giulia,1215220,405295,33.35,0.89
276,2021-02-03,FVG,2648,791,1857,22,2625,1,ITH,ITH4,6,Friuli-Venezia Giulia,Friuli Venezia Giulia,1215220,407943,33.57,0.22
277,2021-02-08,FVG,2356,694,1662,90,2265,1,ITH,ITH4,6,Friuli-Venezia Giulia,Friuli Venezia Giulia,1215220,410299,33.76,0.19
278,2021-05-26,FVG,13433,6707,6726,9646,3442,345,ITH,ITH4,6,Friuli-Venezia Giulia,Friuli Venezia Giulia,1215220,423732,34.87,1.11
279,2021-02-15,FVG,2455,911,1544,2195,254,6,ITH,ITH4,6,Friuli-Venezia Giulia,Friuli Venezia Giulia,1215220,426187,35.07,0.2
280,2021-03-30,FVG,7234,3257,3977,6176,930,128,ITH,ITH4,6,Friuli-Venezia Giulia,Friuli Venezia Giulia,1215220,433421,35.67,0.6
281,2021-07-10,FVG,8767,4518,4249,132,8607,28,ITH,ITH4,6,Friuli-Venezia Giulia,Friuli Venezia Giulia,1215220,442188,36.39,0.72
282,2021-04-01,FVG,6423,3069,3354,5324,1015,84,ITH,ITH4,6,Friuli-Venezia Giulia,Friuli Venezia Giulia,1215220,448611,36.92,0.53
283,2021-05-28,FVG,10616,5090,5526,6226,4113,277,ITH,ITH4,6,Friuli-Venezia Giulia,Friuli Venezia Giulia,1215220,459227,37.79,0.87
284,2021-04-18,FVG,6050,2809,3241,5421,407,222,ITH,ITH4,6,Friuli-Venezia Giulia,Friuli Venezia Giulia,1215220,465277,38.29,0.5
285,2021-01-08,FVG,2321,746,1575,2321,0,0,ITH,ITH4,6,Friuli-Venezia Giulia,Friuli Venezia Giulia,1215220,467598,38.48,0.19
286,2021-06-14,FVG,10270,4985,5285,5181,4811,278,ITH,ITH4,6,Friuli-Venezia Giulia,Friuli Venezia Giulia,1215220,477868,39.32,0.85
287,2021-02-20,FVG,2067,932,1135,1920,144,3,ITH,ITH4,6,Friuli-Venezia Giulia,Friuli Venezia Giulia,1215220,479935,39.49,0.17
288,2021-01-22,FVG,89,29,60,0,89,0,ITH,ITH4,6,Friuli-Venezia Giulia,Friuli Venezia Giulia,1215220,480024,39.5,0.01
289,2021-03-06,FVG,3500,1196,2304,3143,325,32,ITH,ITH4,6,Friuli-Venezia Giulia,Friuli Venezia Giulia,1215220,483524,39.79,0.29
290,2021-05-04,FVG,9572,4316,5256,5992,3361,219,ITH,ITH4,6,Friuli-Venezia Giulia,Friuli Venezia Giulia,1215220,493096,40.58,0.79
291,2021-01-24,FVG,305,119,186,1,304,0,ITH,ITH4,6,Friuli-Venezia Giulia,Friuli Venezia Giulia,1215220,493401,40.6,0.03
292,2021-06-30,FVG,13156,6700,6456,1367,11605,184,ITH,ITH4,6,Friuli-Venezia Giulia,Friuli Venezia Giulia,1215220,506557,41.68,1.08
293,2021-03-08,FVG,4123,1643,2480,2021,2087,15,ITH,ITH4,6,Friuli-Venezia Giulia,Friuli Venezia Giulia,1215220,510680,42.02,0.34
294,2021-03-22,FVG,3662,1449,2213,1673,1954,35,ITH,ITH4,6,Friuli-Venezia Giulia,Friuli Venezia Giulia,1215220,514342,42.33,0.3
295,2021-01-17,FVG,1715,522,1193,1713,0,2,ITH,ITH4,6,Friuli-Venezia Giulia,Friuli Venezia Giulia,1215220,516057,42.47,0.14
296,2021-03-15,FVG,3951,1809,2142,1608,2321,22,ITH,ITH4,6,Friuli-Venezia Giulia,Friuli Venezia Giulia,1215220,520008,42.79,0.33
297,2021-05-11,FVG,9052,4345,4707,7020,1805,227,ITH,ITH4,6,Friuli-Venezia Giulia,Friuli Venezia Giulia,1215220,529060,43.54,0.74
298,2021-01-31,FVG,2720,839,1881,385,2335,0,ITH,ITH4,6,Friuli-Venezia Giulia,Friuli Venezia Giulia,1215220,531780,43.76,0.22
299,2021-06-09,FVG,11321,5959,5362,9481,1395,445,ITH,ITH4,6,Friuli-Venezia Giulia,Friuli Venezia Giulia,1215220,543101,44.69,0.93
300,2021-03-01,FVG,2959,1042,1917,2883,53,23,ITH,ITH4,6,Friuli-Venezia Giulia,Friuli Venezia Giulia,1215220,546060,44.94,0.24
301,2021-03-18,FVG,3376,1423,1953,1683,1685,8,ITH,ITH4,6,Friuli-Venezia Giulia,Friuli Venezia Giulia,1215220,549436,45.21,0.28
302,2021-06-28,FVG,9839,4959,4880,2130,7690,19,ITH,ITH4,6,Friuli-Venezia Giulia,Friuli Venezia Giulia,1215220,559275,46.02,0.81
303,2021-05-06,FVG,11934,5545,6389,7685,3972,277,ITH,ITH4,6,Friuli-Venezia Giulia,Friuli Venezia Giulia,1215220,571209,47.0,0.98
304,2021-07-02,FVG,10937,5649,5288,1940,8793,204,ITH,ITH4,6,Friuli-Venezia Giulia,Friuli Venezia Giulia,1215220,582146,47.9,0.9
305,2021-06-25,FVG,10785,5425,5360,2232,8544,9,ITH,ITH4,6,Friuli-Venezia Giulia,Friuli Venezia Giulia,1215220,592931,48.79,0.89
306,2021-07-09,FVG,11823,6278,5545,2032,9493,298,ITH,ITH4,6,Friuli-Venezia Giulia,Friuli Venezia Giulia,1215220,604754,49.76,0.97
307,2021-03-17,FVG,3238,1268,1970,737,2492,9,ITH,ITH4,6,Friuli-Venezia Giulia,Friuli Venezia Giulia,1215220,607992,50.03,0.27
308,2021-05-13,FVG,11162,5384,5778,8705,2065,392,ITH,ITH4,6,Friuli-Venezia Giulia,Friuli Venezia Giulia,1215220,619154,50.95,0.92
309,2021-02-16,FVG,2516,1135,1381,2396,116,4,ITH,ITH4,6,Friuli-Venezia Giulia,Friuli Venezia Giulia,1215220,621670,51.16,0.21
310,2021-07-12,FVG,9937,5097,4840,1046,8732,159,ITH,ITH4,6,Friuli-Venezia Giulia,Friuli Venezia Giulia,1215220,631607,51.97,0.82
311,2021-02-19,FVG,3256,1292,1964,2814,427,15,ITH,ITH4,6,Friuli-Venezia Giulia,Friuli Venezia Giulia,1215220,634863,52.24,0.27
312,2021-03-20,FVG,3404,1411,1993,1299,2091,14,ITH,ITH4,6,Friuli-Venezia Giulia,Friuli Venezia Giulia,1215220,638267,52.52,0.28
313,2021-01-13,FVG,2650,834,1816,2650,0,0,ITH,ITH4,6,Friuli-Venezia Giulia,Friuli Venezia Giulia,1215220,640917,52.74,0.22
314,2021-04-06,FVG,6679,3132,3547,5423,1153,103,ITH,ITH4,6,Friuli-Venezia Giulia,Friuli Venezia Giulia,1215220,647596,53.29,0.55
315,2020-12-27,FVG,262,149,113,261,0,1,ITH,ITH4,6,Friuli-Venezia Giulia,Friuli Venezia Giulia,1215220,647858,53.31,0.02
316,2021-02-12,FVG,1193,428,765,1142,47,4,ITH,ITH4,6,Friuli-Venezia Giulia,Friuli Venezia Giulia,1215220,649051,53.41,0.1
317,2021-05-25,FVG,12929,6390,6539,9279,3312,338,ITH,ITH4,6,Friuli-Venezia Giulia,Friuli Venezia Giulia,1215220,661980,54.47,1.06
318,2021-06-11,FVG,10869,5927,4942,9608,829,432,ITH,ITH4,6,Friuli-Venezia Giulia,Friuli Venezia Giulia,1215220,672849,55.37,0.89
319,2021-03-03,FVG,3646,1634,2012,2343,1275,28,ITH,ITH4,6,Friuli-Venezia Giulia,Friuli Venezia Giulia,1215220,676495,55.67,0.3
320,2021-04-13,FVG,7379,3294,4085,5641,1604,134,ITH,ITH4,6,Friuli-Venezia Giulia,Friuli Venezia Giulia,1215220,683874,56.28,0.61
321,2021-01-03,FVG,312,122,190,312,0,0,ITH,ITH4,6,Friuli-Venezia Giulia,Friuli Venezia Giulia,1215220,684186,56.3,0.03
322,2021-07-22,FVG,7579,4014,3565,3147,4107,325,ITH,ITH4,6,Friuli-Venezia Giulia,Friuli Venezia Giulia,1215220,691765,56.93,0.62
323,2021-01-20,FVG,748,320,428,13,735,0,ITH,ITH4,6,Friuli-Venezia Giulia,Friuli Venezia Giulia,1215220,692513,56.99,0.06
324,2021-02-22,FVG,2485,1193,1292,2063,418,4,ITH,ITH4,6,Friuli-Venezia Giulia,Friuli Venezia Giulia,1215220,694998,57.19,0.2
325,2021-06-02,FVG,9417,4954,4463,8839,282,296,ITH,ITH4,6,Friuli-Venezia Giulia,Friuli Venezia Giulia,1215220,704415,57.97,0.77
326,2021-02-07,FVG,1564,482,1082,384,1179,1,ITH,ITH4,6,Friuli-Venezia Giulia,Friuli Venezia Giulia,1215220,705979,58.09,0.13
327,2021-05-18,FVG,10798,5398,5400,8352,2083,363,ITH,ITH4,6,Friuli-Venezia Giulia,Friuli Venezia Giulia,1215220,716777,58.98,0.89
328,2021-06-01,FVG,10111,5119,4992,7704,2124,283,ITH,ITH4,6,Friuli-Venezia Giulia,Friuli Venezia Giulia,1215220,726888,59.82,0.83
329,2021-06-20,FVG,6512,3229,3283,1489,4935,88,ITH,ITH4,6,Friuli-Venezia Giulia,Friuli Venezia Giulia,1215220,733400,60.35,0.54
330,2021-06-13,FVG,8689,4523,4166,5207,3324,158,ITH,ITH4,6,Friuli-Venezia Giulia,Friuli Venezia Giulia,1215220,742089,61.07,0.72
331,2021-07-26,FVG,8332,4143,4189,1645,6481,206,ITH,ITH4,6,Friuli-Venezia Giulia,Friuli Venezia Giulia,1215220,750421,61.75,0.69
332,2021-04-17,FVG,7459,3238,4221,5813,1483,163,ITH,ITH4,6,Friuli-Venezia Giulia,Friuli Venezia Giulia,1215220,757880,62.37,0.61
333,2021-07-19,FVG,9374,4906,4468,811,8401,162,ITH,ITH4,6,Friuli-Venezia Giulia,Friuli Venezia Giulia,1215220,767254,63.14,0.77
334,2021-04-10,FVG,5051,2213,2838,3751,1226,74,ITH,ITH4,6,Friuli-Venezia Giulia,Friuli Venezia Giulia,1215220,772305,63.55,0.42
335,2021-05-23,FVG,10280,4859,5421,5917,4152,211,ITH,ITH4,6,Friuli-Venezia Giulia,Friuli Venezia Giulia,1215220,782585,64.4,0.85
336,2021-01-07,FVG,2096,720,1376,2096,0,0,ITH,ITH4,6,Friuli-Venezia Giulia,Friuli Venezia Giulia,1215220,784681,64.57,0.17
337,2021-03-05,FVG,3775,1513,2262,2631,1076,68,ITH,ITH4,6,Friuli-Venezia Giulia,Friuli Venezia Giulia,1215220,788456,64.88,0.31
338,2021-04-20,FVG,7129,3071,4058,3095,3907,127,ITH,ITH4,6,Friuli-Venezia Giulia,Friuli Venezia Giulia,1215220,795585,65.47,0.59
339,2021-01-10,FVG,2940,918,2022,2940,0,0,ITH,ITH4,6,Friuli-Venezia Giulia,Friuli Venezia Giulia,1215220,798525,65.71,0.24
340,2021-07-14,FVG,10730,5477,5253,1166,9362,202,ITH,ITH4,6,Friuli-Venezia Giulia,Friuli Venezia Giulia,1215220,809255,66.59,0.88
341,2021-04-05,FVG,2895,1438,1457,2821,15,59,ITH,ITH4,6,Friuli-Venezia Giulia,Friuli Venezia Giulia,1215220,812150,66.83,0.24
342,2021-01-12,FVG,2257,713,1544,2257,0,0,ITH,ITH4,6,Friuli-Venezia Giulia,Friuli Venezia Giulia,1215220,814407,67.02,0.19
343,2021-01-29,FVG,2412,813,1599,264,2148,0,ITH,ITH4,6,Friuli-Venezia Giulia,Friuli Venezia Giulia,1215220,816819,67.22,0.2
344,2021-04-22,FVG,6792,3089,3703,3035,3690,67,ITH,ITH4,6,Friuli-Venezia Giulia,Friuli Venezia Giulia,1215220,823611,67.77,0.56
345,2021-04-03,FVG,4019,1992,2027,2624,1337,58,ITH,ITH4,6,Friuli-Venezia Giulia,Friuli Venezia Giulia,1215220,827630,68.11,0.33
346,2021-06-10,FVG,11120,5821,5299,9713,1038,369,ITH,ITH4,6,Friuli-Venezia Giulia,Friuli Venezia Giulia,1215220,838750,69.02,0.92
347,2021-05-29,FVG,12028,5850,6178,6786,4987,255,ITH,ITH4,6,Friuli-Venezia Giulia,Friuli Venezia Giulia,1215220,850778,70.01,0.99
348,2021-07-25,FVG,3376,1767,1609,1868,1404,104,ITH,ITH4,6,Friuli-Venezia Giulia,Friuli Venezia Giulia,1215220,854154,70.29,0.28
349,2021-07-11,FVG,6663,3497,3166,2182,4166,315,ITH,ITH4,6,Friuli-Venezia Giulia,Friuli Venezia Giulia,1215220,860817,70.84,0.55
350,2021-05-22,FVG,11587,5204,6383,7085,4240,262,ITH,ITH4,6,Friuli-Venezia Giulia,Friuli Venezia Giulia,1215220,872404,71.79,0.95
351,2021-07-18,FVG,5387,2913,2474,384,4980,23,ITH,ITH4,6,Friuli-Venezia Giulia,Friuli Venezia Giulia,1215220,877791,72.23,0.44
352,2021-05-27,FVG,12834,6145,6689,7387,5231,216,ITH,ITH4,6,Friuli-Venezia Giulia,Friuli Venezia Giulia,1215220,890625,73.29,1.06
353,2021-01-28,FVG,2242,795,1447,355,1887,0,ITH,ITH4,6,Friuli-Venezia Giulia,Friuli Venezia Giulia,1215220,892867,73.47,0.18
354,2021-05-08,FVG,10282,4651,5631,5311,4785,186,ITH,ITH4,6,Friuli-Venezia Giulia,Friuli Venezia Giulia,1215220,903149,74.32,0.85
355,2021-02-14,FVG,1,0,1,0,1,0,ITH,ITH4,6,Friuli-Venezia Giulia,Friuli Venezia Giulia,1215220,903150,74.32,0.0
356,2021-05-10,FVG,7980,3547,4433,6208,1544,228,ITH,ITH4,6,Friuli-Venezia Giulia,Friuli Venezia Giulia,1215220,911130,74.98,0.66
357,2021-03-24,FVG,3978,1720,2258,2461,1482,35,ITH,ITH4,6,Friuli-Venezia Giulia,Friuli Venezia Giulia,1215220,915108,75.3,0.33
358,2021-05-20,FVG,12710,6320,6390,9790,2521,399,ITH,ITH4,6,Friuli-Venezia Giulia,Friuli Venezia Giulia,1215220,927818,76.35,1.05
359,2021-01-26,FVG,1977,647,1330,216,1760,1,ITH,ITH4,6,Friuli-Venezia Giulia,Friuli Venezia Giulia,1215220,929795,76.51,0.16
360,2021-02-09,FVG,1842,555,1287,1556,286,0,ITH,ITH4,6,Friuli-Venezia Giulia,Friuli Venezia Giulia,1215220,931637,76.66,0.15
361,2021-04-19,FVG,6722,3137,3585,3214,3417,91,ITH,ITH4,6,Friuli-Venezia Giulia,Friuli Venezia Giulia,1215220,938359,77.22,0.55
362,2021-01-09,FVG,2513,841,1672,2511,0,2,ITH,ITH4,6,Friuli-Venezia Giulia,Friuli Venezia Giulia,1215220,940872,77.42,0.21
363,2021-06-15,FVG,12113,6159,5954,5342,6512,259,ITH,ITH4,6,Friuli-Venezia Giulia,Friuli Venezia Giulia,1215220,952985,78.42,1.0
364,2021-03-07,FVG,2544,932,1612,2486,1,57,ITH,ITH4,6,Friuli-Venezia Giulia,Friuli Venezia Giulia,1215220,955529,78.63,0.21
365,2020-12-31,FVG,1048,381,667,1047,0,1,ITH,ITH4,6,Friuli-Venezia Giulia,Friuli Venezia Giulia,1215220,956577,78.72,0.09
366,2021-03-19,FVG,3252,1350,1902,1300,1936,16,ITH,ITH4,6,Friuli-Venezia Giulia,Friuli Venezia Giulia,1215220,959829,78.98,0.27
367,2021-06-27,FVG,7424,3702,3722,3603,3816,5,ITH,ITH4,6,Friuli-Venezia Giulia,Friuli Venezia Giulia,1215220,967253,79.59,0.61
368,2021-06-29,FVG,11303,5764,5539,1166,10020,117,ITH,ITH4,6,Friuli-Venezia Giulia,Friuli Venezia Giulia,1215220,978556,80.53,0.93
369,2021-07-16,FVG,9659,5164,4495,1592,7900,167,ITH,ITH4,6,Friuli-Venezia Giulia,Friuli Venezia Giulia,1215220,988215,81.32,0.79
370,2021-04-07,FVG,7842,3635,4207,6945,783,114,ITH,ITH4,6,Friuli-Venezia Giulia,Friuli Venezia Giulia,1215220,996057,81.97,0.65
371,2021-04-24,FVG,6685,2950,3735,5207,1244,234,ITH,ITH4,6,Friuli-Venezia Giulia,Friuli Venezia Giulia,1215220,1002742,82.52,0.55
372,2021-06-06,FVG,9481,4627,4854,7650,1563,268,ITH,ITH4,6,Friuli-Venezia Giulia,Friuli Venezia Giulia,1215220,1012223,83.3,0.78
373,2021-02-26,FVG,3735,2093,1642,3554,148,33,ITH,ITH4,6,Friuli-Venezia Giulia,Friuli Venezia Giulia,1215220,1015958,83.6,0.31
374,2021-02-17,FVG,2360,1003,1357,1874,484,2,ITH,ITH4,6,Friuli-Venezia Giulia,Friuli Venezia Giulia,1215220,1018318,83.8,0.19
375,2021-05-30,FVG,11065,4993,6072,7231,3588,246,ITH,ITH4,6,Friuli-Venezia Giulia,Friuli Venezia Giulia,1215220,1029383,84.71,0.91
376,2021-03-29,FVG,7023,3127,3896,5366,1582,75,ITH,ITH4,6,Friuli-Venezia Giulia,Friuli Venezia Giulia,1215220,1036406,85.29,0.58
377,2021-07-07,FVG,11243,5759,5484,1394,9717,132,ITH,ITH4,6,Friuli-Venezia Giulia,Friuli Venezia Giulia,1215220,1047649,86.21,0.93
378,2021-07-21,FVG,8302,4220,4082,1958,6073,271,ITH,ITH4,6,Friuli-Venezia Giulia,Friuli Venezia Giulia,1215220,1055951,86.89,0.68
379,2021-02-02,FVG,2467,806,1661,217,2250,0,ITH,ITH4,6,Friuli-Venezia Giulia,Friuli Venezia Giulia,1215220,1058418,87.1,0.2
380,2021-03-31,FVG,8140,3570,4570,7171,847,122,ITH,ITH4,6,Friuli-Venezia Giulia,Friuli Venezia Giulia,1215220,1066558,87.77,0.67
381,2021-06-17,FVG,11409,5766,5643,2286,9020,103,ITH,ITH4,6,Friuli-Venezia Giulia,Friuli Venezia Giulia,1215220,1077967,88.71,0.94
382,2021-06-22,FVG,11524,5937,5587,2321,9083,120,ITH,ITH4,6,Friuli-Venezia Giulia,Friuli Venezia Giulia,1215220,1089491,89.65,0.95
383,2021-05-15,FVG,12671,6113,6558,7679,4700,292,ITH,ITH4,6,Friuli-Venezia Giulia,Friuli Venezia Giulia,1215220,1102162,90.7,1.04
384,2021-05-01,FVG,7206,3248,3958,5910,1045,251,ITH,ITH4,6,Friuli-Venezia Giulia,Friuli Venezia Giulia,1215220,1109368,91.29,0.59
385,2021-01-21,FVG,896,345,551,1,895,0,ITH,ITH4,6,Friuli-Venezia Giulia,Friuli Venezia Giulia,1215220,1110264,91.36,0.07
386,2021-02-21,FVG,801,281,520,421,378,2,ITH,ITH4,6,Friuli-Venezia Giulia,Friuli Venezia Giulia,1215220,1111065,91.43,0.07
387,2021-07-04,FVG,9182,4709,4473,2733,6185,264,ITH,ITH4,6,Friuli-Venezia Giulia,Friuli Venezia Giulia,1215220,1120247,92.18,0.76
388,2021-03-26,FVG,6007,2608,3399,3821,2018,168,ITH,ITH4,6,Friuli-Venezia Giulia,Friuli Venezia Giulia,1215220,1126254,92.68,0.49
389,2021-03-12,FVG,4103,1696,2407,2696,1381,26,ITH,ITH4,6,Friuli-Venezia Giulia,Friuli Venezia Giulia,1215220,1130357,93.02,0.34
390,2021-05-03,FVG,7243,3296,3947,3340,3785,118,ITH,ITH4,6,Friuli-Venezia Giulia,Friuli Venezia Giulia,1215220,1137600,93.61,0.6
391,2021-01-14,FVG,2584,789,1795,2581,0,3,ITH,ITH4,6,Friuli-Venezia Giulia,Friuli Venezia Giulia,1215220,1140184,93.83,0.21
392,2021-06-08,FVG,10482,5487,4995,9642,448,392,ITH,ITH4,6,Friuli-Venezia Giulia,Friuli Venezia Giulia,1215220,1150666,94.69,0.86
393,2021-01-02,FVG,1216,470,746,1216,0,0,ITH,ITH4,6,Friuli-Venezia Giulia,Friuli Venezia Giulia,1215220,1151882,94.79,0.1
394,2021-04-12,FVG,7270,3188,4082,5988,1132,150,ITH,ITH4,6,Friuli-Venezia Giulia,Friuli Venezia Giulia,1215220,1159152,95.39,0.6
395,2021-02-28,FVG,2686,1003,1683,2264,394,28,ITH,ITH4,6,Friuli-Venezia Giulia,Friuli Venezia Giulia,1215220,1161838,95.61,0.22
396,2021-04-26,FVG,5471,2454,3017,3704,1650,117,ITH,ITH4,6,Friuli-Venezia Giulia,Friuli Venezia Giulia,1215220,1167309,96.06,0.45
397,2021-06-04,FVG,12067,6200,5867,10306,1388,373,ITH,ITH4,6,Friuli-Venezia Giulia,Friuli Venezia Giulia,1215220,1179376,97.05,0.99
398,2021-07-05,FVG,9520,4833,4687,1297,8075,148,ITH,ITH4,6,Friuli-Venezia Giulia,Friuli Venezia Giulia,1215220,1188896,97.83,0.78
399,2021-06-21,FVG,9179,4486,4693,1795,7245,139,ITH,ITH4,6,Friuli-Venezia Giulia,Friuli Venezia Giulia,1215220,1198075,98.59,0.76
400,2021-03-13,FVG,2943,1124,1819,1657,1273,13,ITH,ITH4,6,Friuli-Venezia Giulia,Friuli Venezia Giulia,1215220,1201018,98.83,0.24
401,2021-07-24,FVG,3835,2068,1767,1889,1838,108,ITH,ITH4,6,Friuli-Venezia Giulia,Friuli Venezia Giulia,1215220,1204853,99.15,0.32
402,2021-05-02,FVG,6899,3248,3651,3802,2958,139,ITH,ITH4,6,Friuli-Venezia Giulia,Friuli Venezia Giulia,1215220,1211752,99.71,0.57
403,2021-05-16,FVG,10003,4787,5216,8361,1401,241,ITH,ITH4,6,Friuli-Venezia Giulia,Friuli Venezia Giulia,1215220,1221755,100.54,0.82
404,2021-06-18,FVG,10903,5369,5534,3358,7294,251,ITH,ITH4,6,Friuli-Venezia Giulia,Friuli Venezia Giulia,1215220,1232658,101.43,0.9
405,2021-03-10,FVG,3592,1702,1890,1741,1795,56,ITH,ITH4,6,Friuli-Venezia Giulia,Friuli Venezia Giulia,1215220,1236250,101.73,0.3
406,2021-02-24,FVG,2524,1088,1436,2495,18,11,ITH,ITH4,6,Friuli-Venezia Giulia,Friuli Venezia Giulia,1215220,1238774,101.94,0.21
407,2021-03-27,FVG,5380,2920,2460,3921,1411,48,ITH,ITH4,6,Friuli-Venezia Giulia,Friuli Venezia Giulia,1215220,1244154,102.38,0.44
408,2021-04-15,FVG,6515,2878,3637,5092,1271,152,ITH,ITH4,6,Friuli-Venezia Giulia,Friuli Venezia Giulia,1215220,1250669,102.92,0.54
409,2021-04-29,FVG,6785,2988,3797,4011,2592,182,ITH,ITH4,6,Friuli-Venezia Giulia,Friuli Venezia Giulia,1215220,1257454,103.48,0.56
410,2021-01-05,FVG,1678,551,1127,1676,0,2,ITH,ITH4,6,Friuli-Venezia Giulia,Friuli Venezia Giulia,1215220,1259132,103.61,0.14
411,2021-02-05,FVG,2610,784,1826,89,2521,0,ITH,ITH4,6,Friuli-Venezia Giulia,Friuli Venezia Giulia,1215220,1261742,103.83,0.21
412,2021-04-14,FVG,7242,3129,4113,5409,1712,121,ITH,ITH4,6,Friuli-Venezia Giulia,Friuli Venezia Giulia,1215220,1268984,104.42,0.6
413,2021-07-06,FVG,11175,5835,5340,1325,9736,114,ITH,ITH4,6,Friuli-Venezia Giulia,Friuli Venezia Giulia,1215220,1280159,105.34,0.92
414,2021-07-23,FVG,8602,4374,4228,2845,5307,450,ITH,ITH4,6,Friuli-Venezia Giulia,Friuli Venezia Giulia,1215220,1288761,106.05,0.71
415,2021-06-03,FVG,12399,6728,5671,9930,2084,385,ITH,ITH4,6,Friuli-Venezia Giulia,Friuli Venezia Giulia,1215220,1301160,107.07,1.02
416,2021-01-19,FVG,6,2,4,6,0,0,ITH,ITH4,6,Friuli-Venezia Giulia,Friuli Venezia Giulia,1215220,1301166,107.07,0.0
417,2021-06-04,BAS,4831,2288,2543,3748,1046,37,ITF,ITF5,17,Basilicata,Basilicata,559084,4831,0.86,0.86
418,2021-02-24,BAS,1808,743,1065,1723,74,11,ITF,ITF5,17,Basilicata,Basilicata,559084,6639,1.19,0.32
419,2021-02-22,BAS,1791,773,1018,1730,53,8,ITF,ITF5,17,Basilicata,Basilicata,559084,8430,1.51,0.32
420,2021-05-30,BAS,2778,1421,1357,920,1853,5,ITF,ITF5,17,Basilicata,Basilicata,559084,11208,2.0,0.5
421,2021-04-03,BAS,1810,751,1059,1461,337,12,ITF,ITF5,17,Basilicata,Basilicata,559084,13018,2.33,0.32
422,2021-02-05,BAS,992,446,546,63,928,1,ITF,ITF5,17,Basilicata,Basilicata,559084,14010,2.51,0.18
423,2021-07-12,BAS,5442,2593,2849,1606,3810,26,ITF,ITF5,17,Basilicata,Basilicata,559084,19452,3.48,0.97
424,2021-05-04,BAS,4138,1992,2146,3566,523,49,ITF,ITF5,17,Basilicata,Basilicata,559084,23590,4.22,0.74
425,2021-03-08,BAS,1465,717,748,819,616,30,ITF,ITF5,17,Basilicata,Basilicata,559084,25055,4.48,0.26
426,2021-06-16,BAS,4602,2084,2518,2126,2456,20,ITF,ITF5,17,Basilicata,Basilicata,559084,29657,5.3,0.82
427,2021-03-25,BAS,1884,603,1281,1518,344,22,ITF,ITF5,17,Basilicata,Basilicata,559084,31541,5.64,0.34
428,2021-01-27,BAS,417,176,241,113,304,0,ITF,ITF5,17,Basilicata,Basilicata,559084,31958,5.72,0.07
429,2021-02-10,BAS,550,239,311,495,53,2,ITF,ITF5,17,Basilicata,Basilicata,559084,32508,5.81,0.1
430,2021-05-21,BAS,4578,2322,2256,1480,3086,12,ITF,ITF5,17,Basilicata,Basilicata,559084,37086,6.63,0.82
431,2021-04-01,BAS,2720,1115,1605,1969,723,28,ITF,ITF5,17,Basilicata,Basilicata,559084,39806,7.12,0.49
432,2021-02-03,BAS,671,302,369,32,639,0,ITF,ITF5,17,Basilicata,Basilicata,559084,40477,7.24,0.12
433,2021-04-08,BAS,767,352,415,742,10,15,ITF,ITF5,17,Basilicata,Basilicata,559084,41244,7.38,0.14
434,2021-04-22,BAS,5045,2350,2695,3380,1610,55,ITF,ITF5,17,Basilicata,Basilicata,559084,46289,8.28,0.9
435,2021-07-17,BAS,5855,2914,2941,1709,4107,39,ITF,ITF5,17,Basilicata,Basilicata,559084,52144,9.33,1.05
436,2021-06-30,BAS,3452,1668,1784,2315,1111,26,ITF,ITF5,17,Basilicata,Basilicata,559084,55596,9.94,0.62
437,2021-02-17,BAS,1135,493,642,1057,76,2,ITF,ITF5,17,Basilicata,Basilicata,559084,56731,10.15,0.2
438,2021-01-10,BAS,77,24,53,77,0,0,ITF,ITF5,17,Basilicata,Basilicata,559084,56808,10.16,0.01
439,2021-04-20,BAS,4093,1952,2141,2181,1888,24,ITF,ITF5,17,Basilicata,Basilicata,559084,60901,10.89,0.73
440,2021-01-08,BAS,554,219,335,554,0,0,ITF,ITF5,17,Basilicata,Basilicata,559084,61455,10.99,0.1
441,2021-03-15,BAS,2363,988,1375,508,1839,16,ITF,ITF5,17,Basilicata,Basilicata,559084,63818,11.41,0.42
442,2021-01-17,BAS,329,133,196,328,1,0,ITF,ITF5,17,Basilicata,Basilicata,559084,64147,11.47,0.06
443,2021-07-26,BAS,5418,2726,2692,2001,3380,37,ITF,ITF5,17,Basilicata,Basilicata,559084,69565,12.44,0.97
444,2021-01-22,BAS,67,24,43,67,0,0,ITF,ITF5,17,Basilicata,Basilicata,559084,69632,12.45,0.01
445,2021-07-24,BAS,5728,2929,2799,1758,3921,49,ITF,ITF5,17,Basilicata,Basilicata,559084,75360,13.48,1.02
446,2021-05-02,BAS,4180,2001,2179,3491,629,60,ITF,ITF5,17,Basilicata,Basilicata,559084,79540,14.23,0.75
447,2021-04-15,BAS,3386,1659,1727,2589,754,43,ITF,ITF5,17,Basilicata,Basilicata,559084,82926,14.83,0.61
448,2021-01-15,BAS,818,353,465,818,0,0,ITF,ITF5,17,Basilicata,Basilicata,559084,83744,14.98,0.15
449,2020-12-27,BAS,106,41,65,106,0,0,ITF,ITF5,17,Basilicata,Basilicata,559084,83850,15.0,0.02
450,2021-03-20,BAS,1295,574,721,275,1013,7,ITF,ITF5,17,Basilicata,Basilicata,559084,85145,15.23,0.23
451,2021-06-28,BAS,3642,1747,1895,2114,1510,18,ITF,ITF5,17,Basilicata,Basilicata,559084,88787,15.88,0.65
452,2021-03-06,BAS,1367,541,826,751,603,13,ITF,ITF5,17,Basilicata,Basilicata,559084,90154,16.13,0.24
453,2021-05-16,BAS,4973,2468,2505,2812,2113,48,ITF,ITF5,17,Basilicata,Basilicata,559084,95127,17.01,0.89
454,2021-07-19,BAS,5931,2892,3039,2002,3888,41,ITF,ITF5,17,Basilicata,Basilicata,559084,101058,18.08,1.06
455,2021-05-23,BAS,4519,2302,2217,1528,2984,7,ITF,ITF5,17,Basilicata,Basilicata,559084,105577,18.88,0.81
456,2021-03-27,BAS,2254,864,1390,1808,432,14,ITF,ITF5,17,Basilicata,Basilicata,559084,107831,19.29,0.4
457,2021-06-23,BAS,3257,1532,1725,2348,876,33,ITF,ITF5,17,Basilicata,Basilicata,559084,111088,19.87,0.58
458,2021-03-13,BAS,1800,890,910,735,1046,19,ITF,ITF5,17,Basilicata,Basilicata,559084,112888,20.19,0.32
459,2021-02-07,BAS,379,159,220,49,330,0,ITF,ITF5,17,Basilicata,Basilicata,559084,113267,20.26,0.07
460,2021-05-18,BAS,5897,2857,3040,3385,2492,20,ITF,ITF5,17,Basilicata,Basilicata,559084,119164,21.31,1.05
461,2021-07-23,BAS,5550,2782,2768,1888,3617,45,ITF,ITF5,17,Basilicata,Basilicata,559084,124714,22.31,0.99
462,2021-05-01,BAS,4707,2138,2569,3887,753,67,ITF,ITF5,17,Basilicata,Basilicata,559084,129421,23.15,0.84
463,2021-06-09,BAS,4424,2072,2352,3967,424,33,ITF,ITF5,17,Basilicata,Basilicata,559084,133845,23.94,0.79
464,2021-04-13,BAS,2119,1053,1066,1284,818,17,ITF,ITF5,17,Basilicata,Basilicata,559084,135964,24.32,0.38
465,2021-03-01,BAS,551,286,265,383,168,0,ITF,ITF5,17,Basilicata,Basilicata,559084,136515,24.42,0.1
466,2021-06-18,BAS,4464,2065,2399,2180,2258,26,ITF,ITF5,17,Basilicata,Basilicata,559084,140979,25.22,0.8
467,2021-01-24,BAS,848,307,541,57,790,1,ITF,ITF5,17,Basilicata,Basilicata,559084,141827,25.37,0.15
468,2021-05-13,BAS,5984,2967,3017,3299,2595,90,ITF,ITF5,17,Basilicata,Basilicata,559084,147811,26.44,1.07
469,2021-06-01,BAS,6136,2926,3210,3033,3076,27,ITF,ITF5,17,Basilicata,Basilicata,559084,153947,27.54,1.1
470,2021-05-28,BAS,3615,1810,1805,919,2663,33,ITF,ITF5,17,Basilicata,Basilicata,559084,157562,28.18,0.65
471,2021-06-11,BAS,4237,1982,2255,3168,1028,41,ITF,ITF5,17,Basilicata,Basilicata,559084,161799,28.94,0.76
472,2021-05-11,BAS,2654,1354,1300,1597,1033,24,ITF,ITF5,17,Basilicata,Basilicata,559084,164453,29.41,0.47
473,2021-07-14,BAS,5642,2720,2922,1627,3990,25,ITF,ITF5,17,Basilicata,Basilicata,559084,170095,30.42,1.01
474,2021-04-05,BAS,724,233,491,412,302,10,ITF,ITF5,17,Basilicata,Basilicata,559084,170819,30.55,0.13
475,2021-05-09,BAS,4683,2339,2344,2940,1694,49,ITF,ITF5,17,Basilicata,Basilicata,559084,175502,31.39,0.84
476,2021-02-15,BAS,625,235,390,568,43,14,ITF,ITF5,17,Basilicata,Basilicata,559084,176127,31.5,0.11
477,2021-01-29,BAS,617,231,386,63,554,0,ITF,ITF5,17,Basilicata,Basilicata,559084,176744,31.61,0.11
478,2021-03-05,BAS,1859,860,999,1096,750,13,ITF,ITF5,17,Basilicata,Basilicata,559084,178603,31.95,0.33
479,2021-06-13,BAS,3014,1440,1574,2678,308,28,ITF,ITF5,17,Basilicata,Basilicata,559084,181617,32.48,0.54
480,2021-07-07,BAS,5207,2474,2733,2022,3173,12,ITF,ITF5,17,Basilicata,Basilicata,559084,186824,33.42,0.93
481,2021-01-03,BAS,901,344,557,901,0,0,ITF,ITF5,17,Basilicata,Basilicata,559084,187725,33.58,0.16
482,2021-04-27,BAS,4727,2242,2485,4351,325,51,ITF,ITF5,17,Basilicata,Basilicata,559084,192452,34.42,0.85
483,2021-06-27,BAS,3007,1477,1530,2378,615,14,ITF,ITF5,17,Basilicata,Basilicata,559084,195459,34.96,0.54
484,2021-07-05,BAS,3269,1614,1655,2214,1022,33,ITF,ITF5,17,Basilicata,Basilicata,559084,198728,35.55,0.58
485,2021-01-07,BAS,641,319,322,641,0,0,ITF,ITF5,17,Basilicata,Basilicata,559084,199369,35.66,0.11
486,2021-02-19,BAS,1624,739,885,1557,62,5,ITF,ITF5,17,Basilicata,Basilicata,559084,200993,35.95,0.29
487,2021-05-08,BAS,4837,2401,2436,3385,1410,42,ITF,ITF5,17,Basilicata,Basilicata,559084,205830,36.82,0.87
488,2021-02-26,BAS,2152,904,1248,2065,81,6,ITF,ITF5,17,Basilicata,Basilicata,559084,207982,37.2,0.38
489,2021-05-20,BAS,5878,2977,2901,2883,2967,28,ITF,ITF5,17,Basilicata,Basilicata,559084,213860,38.25,1.05
490,2021-06-06,BAS,4512,2074,2438,3695,779,38,ITF,ITF5,17,Basilicata,Basilicata,559084,218372,39.06,0.81
491,2021-04-29,BAS,4832,2385,2447,4339,421,72,ITF,ITF5,17,Basilicata,Basilicata,559084,223204,39.92,0.86
492,2021-03-17,BAS,1460,612,848,24,1432,4,ITF,ITF5,17,Basilicata,Basilicata,559084,224664,40.18,0.26
493,2021-01-19,BAS,199,84,115,199,0,0,ITF,ITF5,17,Basilicata,Basilicata,559084,224863,40.22,0.04
494,2021-06-25,BAS,3313,1570,1743,2448,832,33,ITF,ITF5,17,Basilicata,Basilicata,559084,228176,40.81,0.59
495,2021-07-04,BAS,3109,1562,1547,2163,921,25,ITF,ITF5,17,Basilicata,Basilicata,559084,231285,41.37,0.56
496,2021-03-24,BAS,1901,725,1176,1481,398,22,ITF,ITF5,17,Basilicata,Basilicata,559084,233186,41.71,0.34
497,2021-06-08,BAS,4585,2194,2391,4190,357,38,ITF,ITF5,17,Basilicata,Basilicata,559084,237771,42.53,0.82
498,2021-04-12,BAS,2171,1052,1119,1653,489,29,ITF,ITF5,17,Basilicata,Basilicata,559084,239942,42.92,0.39
499,2021-07-21,BAS,5846,2943,2903,1612,4201,33,ITF,ITF5,17,Basilicata,Basilicata,559084,245788,43.96,1.05
500,2021-04-19,BAS,4168,1913,2255,2398,1640,130,ITF,ITF5,17,Basilicata,Basilicata,559084,249956,44.71,0.75
501,2021-02-12,BAS,777,332,445,744,32,1,ITF,ITF5,17,Basilicata,Basilicata,559084,250733,44.85,0.14
502,2021-04-10,BAS,1033,378,655,924,83,26,ITF,ITF5,17,Basilicata,Basilicata,559084,251766,45.03,0.18
503,2021-06-24,BAS,4112,1945,2167,2172,1903,37,ITF,ITF5,17,Basilicata,Basilicata,559084,255878,45.77,0.74
504,2021-04-28,BAS,4707,2158,2549,4206,441,60,ITF,ITF5,17,Basilicata,Basilicata,559084,260585,46.61,0.84
505,2021-03-02,BAS,801,387,414,659,137,5,ITF,ITF5,17,Basilicata,Basilicata,559084,261386,46.75,0.14
506,2021-06-10,BAS,4347,2102,2245,3869,441,37,ITF,ITF5,17,Basilicata,Basilicata,559084,265733,47.53,0.78
507,2021-06-17,BAS,4439,2043,2396,2087,2328,24,ITF,ITF5,17,Basilicata,Basilicata,559084,270172,48.32,0.79
508,2021-04-21,BAS,3935,1838,2097,2244,1662,29,ITF,ITF5,17,Basilicata,Basilicata,559084,274107,49.03,0.7
509,2021-07-09,BAS,5346,2613,2733,1700,3637,9,ITF,ITF5,17,Basilicata,Basilicata,559084,279453,49.98,0.96
510,2021-04-17,BAS,3462,1656,1806,2172,1262,28,ITF,ITF5,17,Basilicata,Basilicata,559084,282915,50.6,0.62
511,2021-03-29,BAS,2472,892,1580,2134,287,51,ITF,ITF5,17,Basilicata,Basilicata,559084,285387,51.05,0.44
512,2021-01-05,BAS,948,410,538,948,0,0,ITF,ITF5,17,Basilicata,Basilicata,559084,286335,51.22,0.17
513,2021-06-20,BAS,4012,1885,2127,1942,2036,34,ITF,ITF5,17,Basilicata,Basilicata,559084,290347,51.93,0.72
514,2021-06-15,BAS,3220,1416,1804,2225,975,20,ITF,ITF5,17,Basilicata,Basilicata,559084,293567,52.51,0.58
515,2021-02-28,BAS,810,346,464,771,35,4,ITF,ITF5,17,Basilicata,Basilicata,559084,294377,52.65,0.14
516,2021-01-02,BAS,950,381,569,949,0,1,ITF,ITF5,17,Basilicata,Basilicata,559084,295327,52.82,0.17
517,2021-01-16,BAS,722,304,418,722,0,0,ITF,ITF5,17,Basilicata,Basilicata,559084,296049,52.95,0.13
518,2021-04-26,BAS,4467,2166,2301,4200,221,46,ITF,ITF5,17,Basilicata,Basilicata,559084,300516,53.75,0.8
519,2021-02-21,BAS,284,113,171,284,0,0,ITF,ITF5,17,Basilicata,Basilicata,559084,300800,53.8,0.05
520,2021-03-07,BAS,891,310,581,842,39,10,ITF,ITF5,17,Basilicata,Basilicata,559084,301691,53.96,0.16
521,2021-01-09,BAS,557,160,397,557,0,0,ITF,ITF5,17,Basilicata,Basilicata,559084,302248,54.06,0.1
522,2021-07-03,BAS,3945,2102,1843,2757,1145,43,ITF,ITF5,17,Basilicata,Basilicata,559084,306193,54.77,0.71
523,2021-07-02,BAS,3691,1839,1852,2485,1177,29,ITF,ITF5,17,Basilicata,Basilicata,559084,309884,55.43,0.66
524,2021-02-11,BAS,952,401,551,867,83,2,ITF,ITF5,17,Basilicata,Basilicata,559084,310836,55.6,0.17
525,2021-03-14,BAS,1010,477,533,529,469,12,ITF,ITF5,17,Basilicata,Basilicata,559084,311846,55.78,0.18
526,2021-03-31,BAS,3103,1263,1840,2290,783,30,ITF,ITF5,17,Basilicata,Basilicata,559084,314949,56.33,0.56
527,2021-06-22,BAS,4362,2067,2295,2228,2102,32,ITF,ITF5,17,Basilicata,Basilicata,559084,319311,57.11,0.78
528,2021-06-05,BAS,4800,2210,2590,3824,941,35,ITF,ITF5,17,Basilicata,Basilicata,559084,324111,57.97,0.86
529,2021-02-23,BAS,1902,771,1131,1746,139,17,ITF,ITF5,17,Basilicata,Basilicata,559084,326013,58.31,0.34
530,2021-06-03,BAS,4921,2258,2663,3703,1180,38,ITF,ITF5,17,Basilicata,Basilicata,559084,330934,59.19,0.88
531,2021-03-12,BAS,1913,983,930,782,1104,27,ITF,ITF5,17,Basilicata,Basilicata,559084,332847,59.53,0.34
532,2021-05-17,BAS,5545,2734,2811,3362,2134,49,ITF,ITF5,17,Basilicata,Basilicata,559084,338392,60.53,0.99
533,2021-05-27,BAS,3607,1858,1749,1064,2529,14,ITF,ITF5,17,Basilicata,Basilicata,559084,341999,61.17,0.65
534,2021-04-24,BAS,4544,2198,2346,3475,1014,55,ITF,ITF5,17,Basilicata,Basilicata,559084,346543,61.98,0.81
535,2021-07-16,BAS,5931,2899,3032,1802,4095,34,ITF,ITF5,17,Basilicata,Basilicata,559084,352474,63.04,1.06
536,2021-03-19,BAS,2299,996,1303,259,2033,7,ITF,ITF5,17,Basilicata,Basilicata,559084,354773,63.46,0.41
537,2021-02-16,BAS,907,377,530,790,98,19,ITF,ITF5,17,Basilicata,Basilicata,559084,355680,63.62,0.16
538,2021-01-28,BAS,912,405,507,119,793,0,ITF,ITF5,17,Basilicata,Basilicata,559084,356592,63.78,0.16
539,2021-03-10,BAS,1683,844,839,835,839,9,ITF,ITF5,17,Basilicata,Basilicata,559084,358275,64.08,0.3
540,2021-01-26,BAS,807,356,451,101,706,0,ITF,ITF5,17,Basilicata,Basilicata,559084,359082,64.23,0.14
541,2021-05-06,BAS,5068,2440,2628,3432,1585,51,ITF,ITF5,17,Basilicata,Basilicata,559084,364150,65.13,0.91
542,2021-05-15,BAS,6529,3344,3185,3874,2572,83,ITF,ITF5,17,Basilicata,Basilicata,559084,370679,66.3,1.17
543,2021-04-02,BAS,2342,1057,1285,1716,605,21,ITF,ITF5,17,Basilicata,Basilicata,559084,373021,66.72,0.42
544,2021-02-04,BAS,1102,445,657,64,1038,0,ITF,ITF5,17,Basilicata,Basilicata,559084,374123,66.92,0.2
545,2021-07-11,BAS,5032,2405,2627,1510,3497,25,ITF,ITF5,17,Basilicata,Basilicata,559084,379155,67.82,0.9
546,2021-02-02,BAS,367,143,224,174,192,1,ITF,ITF5,17,Basilicata,Basilicata,559084,379522,67.88,0.07
547,2021-04-09,BAS,1151,350,801,1064,63,24,ITF,ITF5,17,Basilicata,Basilicata,559084,380673,68.09,0.21
548,2021-07-13,BAS,5856,2824,3032,1773,4036,47,ITF,ITF5,17,Basilicata,Basilicata,559084,386529,69.14,1.05
549,2021-02-27,BAS,1993,861,1132,1812,164,17,ITF,ITF5,17,Basilicata,Basilicata,559084,388522,69.49,0.36
550,2021-04-14,BAS,2043,1001,1042,1353,674,16,ITF,ITF5,17,Basilicata,Basilicata,559084,390565,69.86,0.37
551,2021-01-21,BAS,30,10,20,30,0,0,ITF,ITF5,17,Basilicata,Basilicata,559084,390595,69.86,0.01
552,2021-01-04,BAS,608,271,337,608,0,0,ITF,ITF5,17,Basilicata,Basilicata,559084,391203,69.97,0.11
553,2021-07-06,BAS,4073,1943,2130,2033,2006,34,ITF,ITF5,17,Basilicata,Basilicata,559084,395276,70.7,0.73
554,2021-01-23,BAS,735,315,420,33,702,0,ITF,ITF5,17,Basilicata,Basilicata,559084,396011,70.83,0.13
555,2021-05-03,BAS,4510,2043,2467,3621,827,62,ITF,ITF5,17,Basilicata,Basilicata,559084,400521,71.64,0.81
556,2021-02-09,BAS,492,213,279,317,175,0,ITF,ITF5,17,Basilicata,Basilicata,559084,401013,71.73,0.09
557,2021-07-25,BAS,4448,2229,2219,1577,2847,24,ITF,ITF5,17,Basilicata,Basilicata,559084,405461,72.52,0.8
558,2021-01-18,BAS,463,157,306,364,99,0,ITF,ITF5,17,Basilicata,Basilicata,559084,405924,72.61,0.08
559,2021-03-16,BAS,1914,806,1108,226,1685,3,ITF,ITF5,17,Basilicata,Basilicata,559084,407838,72.95,0.34
560,2021-05-05,BAS,4335,2049,2286,3379,890,66,ITF,ITF5,17,Basilicata,Basilicata,559084,412173,73.72,0.78
561,2021-03-09,BAS,1407,718,689,779,610,18,ITF,ITF5,17,Basilicata,Basilicata,559084,413580,73.97,0.25
562,2021-01-25,BAS,1030,430,600,73,956,1,ITF,ITF5,17,Basilicata,Basilicata,559084,414610,74.16,0.18
563,2021-01-11,BAS,183,66,117,183,0,0,ITF,ITF5,17,Basilicata,Basilicata,559084,414793,74.19,0.03
564,2021-02-08,BAS,560,193,367,151,409,0,ITF,ITF5,17,Basilicata,Basilicata,559084,415353,74.29,0.1
565,2021-05-19,BAS,2873,1500,1373,1184,1676,13,ITF,ITF5,17,Basilicata,Basilicata,559084,418226,74.81,0.51
566,2021-02-25,BAS,1789,738,1051,1732,46,11,ITF,ITF5,17,Basilicata,Basilicata,559084,420015,75.13,0.32
567,2021-02-06,BAS,908,371,537,146,762,0,ITF,ITF5,17,Basilicata,Basilicata,559084,420923,75.29,0.16
568,2021-04-30,BAS,5286,2376,2910,4066,1163,57,ITF,ITF5,17,Basilicata,Basilicata,559084,426209,76.23,0.95
569,2021-01-20,BAS,85,22,63,84,1,0,ITF,ITF5,17,Basilicata,Basilicata,559084,426294,76.25,0.02
570,2021-05-07,BAS,4635,2280,2355,3273,1338,24,ITF,ITF5,17,Basilicata,Basilicata,559084,430929,77.08,0.83
571,2021-07-10,BAS,5555,2681,2874,1597,3949,9,ITF,ITF5,17,Basilicata,Basilicata,559084,436484,78.07,0.99
572,2021-05-14,BAS,5907,2799,3108,3273,2531,103,ITF,ITF5,17,Basilicata,Basilicata,559084,442391,79.13,1.06
573,2021-07-20,BAS,5725,2812,2913,1700,3985,40,ITF,ITF5,17,Basilicata,Basilicata,559084,448116,80.15,1.02
574,2021-06-07,BAS,4237,1920,2317,3884,315,38,ITF,ITF5,17,Basilicata,Basilicata,559084,452353,80.91,0.76
575,2021-04-11,BAS,919,364,555,760,130,29,ITF,ITF5,17,Basilicata,Basilicata,559084,453272,81.07,0.16
576,2021-04-04,BAS,610,225,385,191,413,6,ITF,ITF5,17,Basilicata,Basilicata,559084,453882,81.18,0.11
577,2021-06-21,BAS,4253,2042,2211,2142,2092,19,ITF,ITF5,17,Basilicata,Basilicata,559084,458135,81.94,0.76
578,2021-06-19,BAS,4465,2178,2287,2370,2073,22,ITF,ITF5,17,Basilicata,Basilicata,559084,462600,82.74,0.8
579,2021-03-28,BAS,2143,743,1400,2109,17,17,ITF,ITF5,17,Basilicata,Basilicata,559084,464743,83.13,0.38
580,2021-03-11,BAS,1794,928,866,817,959,18,ITF,ITF5,17,Basilicata,Basilicata,559084,466537,83.45,0.32
581,2021-05-22,BAS,5488,2723,2765,1926,3551,11,ITF,ITF5,17,Basilicata,Basilicata,559084,472025,84.43,0.98
582,2021-03-26,BAS,1956,703,1253,1669,260,27,ITF,ITF5,17,Basilicata,Basilicata,559084,473981,84.78,0.35
583,2021-01-14,BAS,969,413,556,969,0,0,ITF,ITF5,17,Basilicata,Basilicata,559084,474950,84.95,0.17
584,2021-04-07,BAS,1211,551,660,1155,36,20,ITF,ITF5,17,Basilicata,Basilicata,559084,476161,85.17,0.22
585,2021-04-25,BAS,2988,1457,1531,2904,52,32,ITF,ITF5,17,Basilicata,Basilicata,559084,479149,85.7,0.53
586,2021-05-12,BAS,4727,2329,2398,2797,1882,48,ITF,ITF5,17,Basilicata,Basilicata,559084,483876,86.55,0.85
587,2021-03-18,BAS,1354,565,789,17,1328,9,ITF,ITF5,17,Basilicata,Basilicata,559084,485230,86.79,0.24
588,2021-06-26,BAS,3327,1611,1716,2741,558,28,ITF,ITF5,17,Basilicata,Basilicata,559084,488557,87.39,0.6
589,2021-07-22,BAS,5753,2866,2887,1744,3949,60,ITF,ITF5,17,Basilicata,Basilicata,559084,494310,88.41,1.03
590,2021-07-15,BAS,6486,3215,3271,1671,4790,25,ITF,ITF5,17,Basilicata,Basilicata,559084,500796,89.57,1.16
591,2021-04-06,BAS,1274,465,809,1075,184,15,ITF,ITF5,17,Basilicata,Basilicata,559084,502070,89.8,0.23
592,2021-06-14,BAS,4825,2156,2669,2092,2709,24,ITF,ITF5,17,Basilicata,Basilicata,559084,506895,90.67,0.86
593,2021-03-23,BAS,1592,610,982,1407,168,17,ITF,ITF5,17,Basilicata,Basilicata,559084,508487,90.95,0.28
594,2021-07-01,BAS,3708,1856,1852,2564,1111,33,ITF,ITF5,17,Basilicata,Basilicata,559084,512195,91.61,0.66
595,2021-02-13,BAS,800,314,486,701,61,38,ITF,ITF5,17,Basilicata,Basilicata,559084,512995,91.76,0.14
596,2021-05-24,BAS,4833,2343,2490,1090,3730,13,ITF,ITF5,17,Basilicata,Basilicata,559084,517828,92.62,0.86
597,2021-06-02,BAS,5960,2805,3155,4376,1543,41,ITF,ITF5,17,Basilicata,Basilicata,559084,523788,93.69,1.07
598,2021-04-18,BAS,3718,1843,1875,2329,1367,22,ITF,ITF5,17,Basilicata,Basilicata,559084,527506,94.35,0.67
599,2021-02-20,BAS,1164,533,631,1045,119,0,ITF,ITF5,17,Basilicata,Basilicata,559084,528670,94.56,0.21
600,2021-05-31,BAS,4229,2009,2220,1713,2508,8,ITF,ITF5,17,Basilicata,Basilicata,559084,532899,95.32,0.76
601,2021-03-30,BAS,2807,1187,1620,2446,346,15,ITF,ITF5,17,Basilicata,Basilicata,559084,535706,95.82,0.5
602,2021-07-08,BAS,5137,2429,2708,1854,3259,24,ITF,ITF5,17,Basilicata,Basilicata,559084,540843,96.74,0.92
603,2021-01-06,BAS,295,129,166,295,0,0,ITF,ITF5,17,Basilicata,Basilicata,559084,541138,96.79,0.05
604,2021-04-16,BAS,3323,1635,1688,2400,900,23,ITF,ITF5,17,Basilicata,Basilicata,559084,544461,97.38,0.59
605,2021-02-01,BAS,243,91,152,46,197,0,ITF,ITF5,17,Basilicata,Basilicata,559084,544704,97.43,0.04
606,2021-05-26,BAS,4486,2257,2229,1676,2781,29,ITF,ITF5,17,Basilicata,Basilicata,559084,549190,98.23,0.8
607,2021-02-18,BAS,1070,401,669,852,215,3,ITF,ITF5,17,Basilicata,Basilicata,559084,550260,98.42,0.19
608,2021-03-22,BAS,1193,538,655,636,549,8,ITF,ITF5,17,Basilicata,Basilicata,559084,551453,98.64,0.21
609,2021-03-03,BAS,1749,819,930,1167,560,22,ITF,ITF5,17,Basilicata,Basilicata,559084,553202,98.95,0.31
610,2021-05-25,BAS,4199,2114,2085,867,3322,10,ITF,ITF5,17,Basilicata,Basilicata,559084,557401,99.7,0.75
611,2021-02-14,BAS,151,48,103,105,0,46,ITF,ITF5,17,Basilicata,Basilicata,559084,557552,99.73,0.03
612,2021-01-31,BAS,77,24,53,0,77,0,ITF,ITF5,17,Basilicata,Basilicata,559084,557629,99.74,0.01
613,2021-01-12,BAS,217,88,129,217,0,0,ITF,ITF5,17,Basilicata,Basilicata,559084,557846,99.78,0.04
614,2021-05-10,BAS,4804,2382,2422,2718,2042,44,ITF,ITF5,17,Basilicata,Basilicata,559084,562650,100.64,0.86
615,2021-07-18,BAS,4386,2162,2224,1576,2784,26,ITF,ITF5,17,Basilicata,Basilicata,559084,567036,101.42,0.78
616,2021-06-29,BAS,3858,1880,1978,2792,1040,26,ITF,ITF5,17,Basilicata,Basilicata,559084,570894,102.11,0.69
617,2021-03-21,BAS,1130,521,609,428,699,3,ITF,ITF5,17,Basilicata,Basilicata,559084,572024,102.31,0.2
618,2021-05-29,BAS,3060,1534,1526,826,2225,9,ITF,ITF5,17,Basilicata,Basilicata,559084,575084,102.86,0.55
619,2021-01-13,BAS,916,387,529,916,0,0,ITF,ITF5,17,Basilicata,Basilicata,559084,576000,103.03,0.16
620,2021-04-23,BAS,4548,2188,2360,3481,1007,60,ITF,ITF5,17,Basilicata,Basilicata,559084,580548,103.84,0.81
621,2021-01-30,BAS,707,229,478,129,578,0,ITF,ITF5,17,Basilicata,Basilicata,559084,581255,103.97,0.13
622,2021-03-04,BAS,1889,894,995,1064,802,23,ITF,ITF5,17,Basilicata,Basilicata,559084,583144,104.3,0.34
623,2021-06-12,BAS,3675,1688,1987,2958,678,39,ITF,ITF5,17,Basilicata,Basilicata,559084,586819,104.96,0.66
624,2021-02-22,ABR,2643,1174,1469,2588,30,25,ITF,ITF1,13,Abruzzo,Abruzzo,1304970,2643,0.2,0.2
625,2021-02-05,ABR,1534,521,1013,772,746,16,ITF,ITF1,13,Abruzzo,Abruzzo,1304970,4177,0.32,0.12
626,2021-05-16,ABR,9577,4136,5441,5646,3813,118,ITF,ITF1,13,Abruzzo,Abruzzo,1304970,13754,1.05,0.73
627,2021-06-04,ABR,15637,7393,8244,10758,4694,185,ITF,ITF1,13,Abruzzo,Abruzzo,1304970,29391,2.25,1.2
628,2021-05-18,ABR,12110,5660,6450,7563,4380,167,ITF,ITF1,13,Abruzzo,Abruzzo,1304970,41501,3.18,0.93
629,2021-02-24,ABR,3306,1442,1864,3112,177,17,ITF,ITF1,13,Abruzzo,Abruzzo,1304970,44807,3.43,0.25
630,2021-05-30,ABR,8658,4110,4548,5326,3253,79,ITF,ITF1,13,Abruzzo,Abruzzo,1304970,53465,4.1,0.66
631,2021-04-03,ABR,5160,2257,2903,3484,1597,79,ITF,ITF1,13,Abruzzo,Abruzzo,1304970,58625,4.49,0.4
632,2021-07-26,ABR,14231,7427,6804,3848,10185,198,ITF,ITF1,13,Abruzzo,Abruzzo,1304970,72856,5.58,1.09
633,2021-07-12,ABR,15072,7455,7617,2362,12596,114,ITF,ITF1,13,Abruzzo,Abruzzo,1304970,87928,6.74,1.15
634,2021-05-04,ABR,10862,5100,5762,7056,3615,191,ITF,ITF1,13,Abruzzo,Abruzzo,1304970,98790,7.57,0.83
635,2021-03-08,ABR,5151,1693,3458,4089,971,91,ITF,ITF1,13,Abruzzo,Abruzzo,1304970,103941,7.97,0.39
636,2021-01-24,ABR,50,22,28,6,44,0,ITF,ITF1,13,Abruzzo,Abruzzo,1304970,103991,7.97,0.0
637,2021-03-01,ABR,3478,1385,2093,2704,751,23,ITF,ITF1,13,Abruzzo,Abruzzo,1304970,107469,8.24,0.27
638,2021-06-18,ABR,10184,5001,5183,6548,3488,148,ITF,ITF1,13,Abruzzo,Abruzzo,1304970,117653,9.02,0.78
639,2021-02-10,ABR,946,311,635,492,444,10,ITF,ITF1,13,Abruzzo,Abruzzo,1304970,118599,9.09,0.07
640,2021-03-03,ABR,4637,1895,2742,3708,906,23,ITF,ITF1,13,Abruzzo,Abruzzo,1304970,123236,9.44,0.36
641,2021-07-14,ABR,13720,6795,6925,2437,11132,151,ITF,ITF1,13,Abruzzo,Abruzzo,1304970,136956,10.49,1.05
642,2021-04-08,ABR,7395,3337,4058,4935,2330,130,ITF,ITF1,13,Abruzzo,Abruzzo,1304970,144351,11.06,0.57
643,2021-04-22,ABR,6732,3249,3483,4830,1728,174,ITF,ITF1,13,Abruzzo,Abruzzo,1304970,151083,11.58,0.52
644,2021-03-22,ABR,4344,1908,2436,2311,1970,63,ITF,ITF1,13,Abruzzo,Abruzzo,1304970,155427,11.91,0.33
645,2021-06-30,ABR,11140,5422,5718,4492,6482,166,ITF,ITF1,13,Abruzzo,Abruzzo,1304970,166567,12.76,0.85
646,2021-01-10,ABR,1139,409,730,1135,0,4,ITF,ITF1,13,Abruzzo,Abruzzo,1304970,167706,12.85,0.09
647,2021-04-29,ABR,12678,5851,6827,9282,3094,302,ITF,ITF1,13,Abruzzo,Abruzzo,1304970,180384,13.82,0.97
648,2021-06-25,ABR,11059,5477,5582,4904,6012,143,ITF,ITF1,13,Abruzzo,Abruzzo,1304970,191443,14.67,0.85
649,2021-01-15,ABR,380,150,230,366,0,14,ITF,ITF1,13,Abruzzo,Abruzzo,1304970,191823,14.7,0.03
650,2021-04-27,ABR,9085,4368,4717,6507,2466,112,ITF,ITF1,13,Abruzzo,Abruzzo,1304970,200908,15.4,0.7
651,2021-07-02,ABR,11844,5948,5896,4833,6829,182,ITF,ITF1,13,Abruzzo,Abruzzo,1304970,212752,16.3,0.91
652,2021-01-22,ABR,118,57,61,118,0,0,ITF,ITF1,13,Abruzzo,Abruzzo,1304970,212870,16.31,0.01
653,2021-01-03,ABR,471,185,286,469,0,2,ITF,ITF1,13,Abruzzo,Abruzzo,1304970,213341,16.35,0.04
654,2020-12-27,ABR,38,19,19,38,0,0,ITF,ITF1,13,Abruzzo,Abruzzo,1304970,213379,16.35,0.0
655,2021-03-20,ABR,4794,2199,2595,2560,2172,62,ITF,ITF1,13,Abruzzo,Abruzzo,1304970,218173,16.72,0.37
656,2021-06-13,ABR,9844,4924,4920,7848,1831,165,ITF,ITF1,13,Abruzzo,Abruzzo,1304970,228017,17.47,0.75
657,2021-02-12,ABR,1228,567,661,1026,189,13,ITF,ITF1,13,Abruzzo,Abruzzo,1304970,229245,17.57,0.09
658,2021-07-19,ABR,11776,5984,5792,2665,8941,170,ITF,ITF1,13,Abruzzo,Abruzzo,1304970,241021,18.47,0.9
659,2021-05-23,ABR,9881,4695,5186,7068,2692,121,ITF,ITF1,13,Abruzzo,Abruzzo,1304970,250902,19.23,0.76
660,2021-06-06,ABR,11149,5307,5842,8778,2242,129,ITF,ITF1,13,Abruzzo,Abruzzo,1304970,262051,20.08,0.85
661,2021-04-10,ABR,8776,4059,4717,6128,2509,139,ITF,ITF1,13,Abruzzo,Abruzzo,1304970,270827,20.75,0.67
662,2021-01-19,ABR,111,55,56,90,20,1,ITF,ITF1,13,Abruzzo,Abruzzo,1304970,270938,20.76,0.01
663,2021-02-07,ABR,779,308,471,200,578,1,ITF,ITF1,13,Abruzzo,Abruzzo,1304970,271717,20.82,0.06
664,2021-02-02,ABR,1763,668,1095,218,1541,4,ITF,ITF1,13,Abruzzo,Abruzzo,1304970,273480,20.96,0.14
665,2021-05-13,ABR,11148,5042,6106,6960,3960,228,ITF,ITF1,13,Abruzzo,Abruzzo,1304970,284628,21.81,0.85
666,2021-03-31,ABR,6717,2941,3776,4556,2069,92,ITF,ITF1,13,Abruzzo,Abruzzo,1304970,291345,22.33,0.51
667,2021-05-15,ABR,11427,5179,6248,5947,5304,176,ITF,ITF1,13,Abruzzo,Abruzzo,1304970,302772,23.2,0.88
668,2021-07-21,ABR,11078,5718,5360,2430,8515,133,ITF,ITF1,13,Abruzzo,Abruzzo,1304970,313850,24.05,0.85
669,2021-02-03,ABR,2064,717,1347,411,1645,8,ITF,ITF1,13,Abruzzo,Abruzzo,1304970,315914,24.21,0.16
670,2021-02-28,ABR,1704,510,1194,1668,2,34,ITF,ITF1,13,Abruzzo,Abruzzo,1304970,317618,24.34,0.13
671,2021-01-02,ABR,552,220,332,551,0,1,ITF,ITF1,13,Abruzzo,Abruzzo,1304970,318170,24.38,0.04
672,2021-06-08,ABR,12868,6622,6246,10433,2195,240,ITF,ITF1,13,Abruzzo,Abruzzo,1304970,331038,25.37,0.99
673,2021-04-26,ABR,8564,4068,4496,7143,1213,208,ITF,ITF1,13,Abruzzo,Abruzzo,1304970,339602,26.02,0.66
674,2021-06-01,ABR,11005,4883,6122,6512,4373,120,ITF,ITF1,13,Abruzzo,Abruzzo,1304970,350607,26.87,0.84
675,2021-02-17,ABR,2071,948,1123,1780,282,9,ITF,ITF1,13,Abruzzo,Abruzzo,1304970,352678,27.03,0.16
676,2021-06-11,ABR,11776,5851,5925,8832,2761,183,ITF,ITF1,13,Abruzzo,Abruzzo,1304970,364454,27.93,0.9
677,2021-05-11,ABR,10761,5118,5643,5735,4851,175,ITF,ITF1,13,Abruzzo,Abruzzo,1304970,375215,28.75,0.82
678,2021-01-29,ABR,1388,449,939,73,1314,1,ITF,ITF1,13,Abruzzo,Abruzzo,1304970,376603,28.86,0.11
679,2021-05-27,ABR,13313,6098,7215,8313,4825,175,ITF,ITF1,13,Abruzzo,Abruzzo,1304970,389916,29.88,1.02
680,2021-03-19,ABR,5796,2584,3212,2732,3023,41,ITF,ITF1,13,Abruzzo,Abruzzo,1304970,395712,30.32,0.44
681,2021-03-27,ABR,6122,2620,3502,3565,2486,71,ITF,ITF1,13,Abruzzo,Abruzzo,1304970,401834,30.79,0.47
682,2021-01-05,ABR,1615,604,1011,1610,0,5,ITF,ITF1,13,Abruzzo,Abruzzo,1304970,403449,30.92,0.12
683,2021-04-15,ABR,7820,3678,4142,5833,1840,147,ITF,ITF1,13,Abruzzo,Abruzzo,1304970,411269,31.52,0.6
684,2021-07-07,ABR,12013,5890,6123,4026,7749,238,ITF,ITF1,13,Abruzzo,Abruzzo,1304970,423282,32.44,0.92
685,2021-07-09,ABR,13605,6792,6813,2893,10578,134,ITF,ITF1,13,Abruzzo,Abruzzo,1304970,436887,33.48,1.04
686,2021-03-15,ABR,3683,1447,2236,1845,1807,31,ITF,ITF1,13,Abruzzo,Abruzzo,1304970,440570,33.76,0.28
687,2021-01-17,ABR,188,59,129,180,7,1,ITF,ITF1,13,Abruzzo,Abruzzo,1304970,440758,33.78,0.01
688,2021-06-23,ABR,11011,5282,5729,5581,5284,146,ITF,ITF1,13,Abruzzo,Abruzzo,1304970,451769,34.62,0.84
689,2021-04-17,ABR,7356,3401,3955,4215,3051,90,ITF,ITF1,13,Abruzzo,Abruzzo,1304970,459125,35.18,0.56
690,2021-02-19,ABR,3300,1551,1749,3161,100,39,ITF,ITF1,13,Abruzzo,Abruzzo,1304970,462425,35.44,0.25
691,2021-01-07,ABR,1605,553,1052,1598,0,7,ITF,ITF1,13,Abruzzo,Abruzzo,1304970,464030,35.56,0.12
692,2021-07-11,ABR,9882,4971,4911,2366,7386,130,ITF,ITF1,13,Abruzzo,Abruzzo,1304970,473912,36.32,0.76
693,2021-03-10,ABR,5048,1682,3366,4027,957,64,ITF,ITF1,13,Abruzzo,Abruzzo,1304970,478960,36.7,0.39
694,2021-01-26,ABR,1543,568,975,29,1514,0,ITF,ITF1,13,Abruzzo,Abruzzo,1304970,480503,36.82,0.12
695,2021-05-06,ABR,12974,6073,6901,7793,5027,154,ITF,ITF1,13,Abruzzo,Abruzzo,1304970,493477,37.82,0.99
696,2021-07-23,ABR,12535,6441,6094,2857,9520,158,ITF,ITF1,13,Abruzzo,Abruzzo,1304970,506012,38.78,0.96
697,2021-01-21,ABR,157,47,110,157,0,0,ITF,ITF1,13,Abruzzo,Abruzzo,1304970,506169,38.79,0.01
698,2021-05-01,ABR,10736,5042,5694,5629,4975,132,ITF,ITF1,13,Abruzzo,Abruzzo,1304970,516905,39.61,0.82
699,2021-05-20,ABR,12806,5928,6878,7415,5265,126,ITF,ITF1,13,Abruzzo,Abruzzo,1304970,529711,40.59,0.98
700,2021-03-17,ABR,4539,1873,2666,2776,1740,23,ITF,ITF1,13,Abruzzo,Abruzzo,1304970,534250,40.94,0.35
701,2021-03-24,ABR,6383,2784,3599,3998,2250,135,ITF,ITF1,13,Abruzzo,Abruzzo,1304970,540633,41.43,0.49
702,2021-02-09,ABR,909,312,597,499,409,1,ITF,ITF1,13,Abruzzo,Abruzzo,1304970,541542,41.5,0.07
703,2021-07-04,ABR,8374,4215,4159,3333,4917,124,ITF,ITF1,13,Abruzzo,Abruzzo,1304970,549916,42.14,0.64
704,2021-04-19,ABR,6232,2862,3370,3787,2373,72,ITF,ITF1,13,Abruzzo,Abruzzo,1304970,556148,42.62,0.48
705,2021-02-21,ABR,1218,550,668,1193,1,24,ITF,ITF1,13,Abruzzo,Abruzzo,1304970,557366,42.71,0.09
706,2021-06-15,ABR,11314,5559,5755,8678,2427,209,ITF,ITF1,13,Abruzzo,Abruzzo,1304970,568680,43.58,0.87
707,2021-04-12,ABR,6239,2958,3281,4986,1174,79,ITF,ITF1,13,Abruzzo,Abruzzo,1304970,574919,44.06,0.48
708,2021-02-26,ABR,3925,1680,2245,2930,969,26,ITF,ITF1,13,Abruzzo,Abruzzo,1304970,578844,44.36,0.3
709,2021-01-18,ABR,128,52,76,46,82,0,ITF,ITF1,13,Abruzzo,Abruzzo,1304970,578972,44.37,0.01
710,2021-06-24,ABR,10862,5409,5453,5724,4970,168,ITF,ITF1,13,Abruzzo,Abruzzo,1304970,589834,45.2,0.83
711,2021-04-28,ABR,9510,4586,4924,7315,2022,173,ITF,ITF1,13,Abruzzo,Abruzzo,1304970,599344,45.93,0.73
712,2021-05-12,ABR,9630,4601,5029,5875,3581,174,ITF,ITF1,13,Abruzzo,Abruzzo,1304970,608974,46.67,0.74
713,2021-03-16,ABR,3484,1452,2032,1802,1654,28,ITF,ITF1,13,Abruzzo,Abruzzo,1304970,612458,46.93,0.27
714,2021-05-05,ABR,11631,5569,6062,6270,5202,159,ITF,ITF1,13,Abruzzo,Abruzzo,1304970,624089,47.82,0.89
715,2021-03-09,ABR,5179,1806,3373,4157,938,84,ITF,ITF1,13,Abruzzo,Abruzzo,1304970,629268,48.22,0.4
716,2021-06-22,ABR,10413,4878,5535,5387,4848,178,ITF,ITF1,13,Abruzzo,Abruzzo,1304970,639681,49.02,0.8
717,2021-03-29,ABR,5707,2598,3109,3019,2639,49,ITF,ITF1,13,Abruzzo,Abruzzo,1304970,645388,49.46,0.44
718,2021-01-16,ABR,936,430,506,928,0,8,ITF,ITF1,13,Abruzzo,Abruzzo,1304970,646324,49.53,0.07
719,2021-03-07,ABR,2522,630,1892,2483,0,39,ITF,ITF1,13,Abruzzo,Abruzzo,1304970,648846,49.72,0.19
720,2021-01-09,ABR,1484,566,918,1472,0,12,ITF,ITF1,13,Abruzzo,Abruzzo,1304970,650330,49.83,0.11
721,2021-05-07,ABR,12199,5712,6487,7666,4412,121,ITF,ITF1,13,Abruzzo,Abruzzo,1304970,662529,50.77,0.93
722,2021-02-11,ABR,816,262,554,771,43,2,ITF,ITF1,13,Abruzzo,Abruzzo,1304970,663345,50.83,0.06
723,2021-05-24,ABR,12222,5837,6385,8722,3339,161,ITF,ITF1,13,Abruzzo,Abruzzo,1304970,675567,51.77,0.94
724,2021-06-03,ABR,13193,6284,6909,9246,3776,171,ITF,ITF1,13,Abruzzo,Abruzzo,1304970,688760,52.78,1.01
725,2021-03-12,ABR,6044,1994,4050,4355,1611,78,ITF,ITF1,13,Abruzzo,Abruzzo,1304970,694804,53.24,0.46
726,2021-06-20,ABR,8450,4238,4212,5419,2929,102,ITF,ITF1,13,Abruzzo,Abruzzo,1304970,703254,53.89,0.65
727,2021-03-14,ABR,1884,731,1153,1201,667,16,ITF,ITF1,13,Abruzzo,Abruzzo,1304970,705138,54.03,0.14
728,2021-02-25,ABR,3054,1342,1712,2506,530,18,ITF,ITF1,13,Abruzzo,Abruzzo,1304970,708192,54.27,0.23
729,2021-06-05,ABR,14615,6863,7752,10369,4045,201,ITF,ITF1,13,Abruzzo,Abruzzo,1304970,722807,55.39,1.12
730,2021-05-17,ABR,11034,5036,5998,6022,4854,158,ITF,ITF1,13,Abruzzo,Abruzzo,1304970,733841,56.23,0.85
731,2021-02-23,ABR,2780,1273,1507,2754,11,15,ITF,ITF1,13,Abruzzo,Abruzzo,1304970,736621,56.45,0.21
732,2021-02-06,ABR,1610,743,867,595,1008,7,ITF,ITF1,13,Abruzzo,Abruzzo,1304970,738231,56.57,0.12
733,2021-03-05,ABR,5348,1958,3390,4591,697,60,ITF,ITF1,13,Abruzzo,Abruzzo,1304970,743579,56.98,0.41
734,2021-06-27,ABR,8383,4310,4073,5025,3217,141,ITF,ITF1,13,Abruzzo,Abruzzo,1304970,751962,57.62,0.64
735,2021-04-07,ABR,7223,3334,3889,4314,2784,125,ITF,ITF1,13,Abruzzo,Abruzzo,1304970,759185,58.18,0.55
736,2021-07-16,ABR,16145,8235,7910,2472,13557,116,ITF,ITF1,13,Abruzzo,Abruzzo,1304970,775330,59.41,1.24
737,2021-05-08,ABR,10292,4871,5421,6340,3832,120,ITF,ITF1,13,Abruzzo,Abruzzo,1304970,785622,60.2,0.79
738,2021-04-24,ABR,8729,3975,4754,6944,1531,254,ITF,ITF1,13,Abruzzo,Abruzzo,1304970,794351,60.87,0.67
739,2021-01-14,ABR,530,189,341,528,0,2,ITF,ITF1,13,Abruzzo,Abruzzo,1304970,794881,60.91,0.04
740,2021-02-16,ABR,1916,841,1075,1891,12,13,ITF,ITF1,13,Abruzzo,Abruzzo,1304970,796797,61.06,0.15
741,2021-03-02,ABR,3967,1676,2291,3261,686,20,ITF,ITF1,13,Abruzzo,Abruzzo,1304970,800764,61.36,0.3
742,2021-06-10,ABR,12705,6317,6388,10307,2161,237,ITF,ITF1,13,Abruzzo,Abruzzo,1304970,813469,62.34,0.97
743,2021-04-09,ABR,8990,4258,4732,6248,2602,140,ITF,ITF1,13,Abruzzo,Abruzzo,1304970,822459,63.03,0.69
744,2021-07-18,ABR,12204,6310,5894,2005,10080,119,ITF,ITF1,13,Abruzzo,Abruzzo,1304970,834663,63.96,0.94
745,2021-04-02,ABR,6693,3103,3590,5116,1487,90,ITF,ITF1,13,Abruzzo,Abruzzo,1304970,841356,64.47,0.51
746,2021-02-04,ABR,1683,617,1066,599,1072,12,ITF,ITF1,13,Abruzzo,Abruzzo,1304970,843039,64.6,0.13
747,2021-07-20,ABR,12589,6390,6199,3226,9177,186,ITF,ITF1,13,Abruzzo,Abruzzo,1304970,855628,65.57,0.96
748,2021-04-04,ABR,1632,768,864,1460,129,43,ITF,ITF1,13,Abruzzo,Abruzzo,1304970,857260,65.69,0.13
749,2021-07-13,ABR,15523,7750,7773,2827,12518,178,ITF,ITF1,13,Abruzzo,Abruzzo,1304970,872783,66.88,1.19
750,2021-06-19,ABR,10559,5202,5357,6488,3899,172,ITF,ITF1,13,Abruzzo,Abruzzo,1304970,883342,67.69,0.81
751,2021-03-28,ABR,2421,1018,1403,1994,377,50,ITF,ITF1,13,Abruzzo,Abruzzo,1304970,885763,67.88,0.19
752,2021-07-06,ABR,9911,4942,4969,4096,5650,165,ITF,ITF1,13,Abruzzo,Abruzzo,1304970,895674,68.64,0.76
753,2021-04-14,ABR,6594,2950,3644,4341,2121,132,ITF,ITF1,13,Abruzzo,Abruzzo,1304970,902268,69.14,0.51
754,2021-01-04,ABR,1403,576,827,1397,0,6,ITF,ITF1,13,Abruzzo,Abruzzo,1304970,903671,69.25,0.11
755,2021-01-23,ABR,264,115,149,51,207,6,ITF,ITF1,13,Abruzzo,Abruzzo,1304970,903935,69.27,0.02
756,2021-05-03,ABR,11147,5257,5890,7134,3834,179,ITF,ITF1,13,Abruzzo,Abruzzo,1304970,915082,70.12,0.85
757,2021-07-25,ABR,9867,5222,4645,2180,7564,123,ITF,ITF1,13,Abruzzo,Abruzzo,1304970,924949,70.88,0.76
758,2021-07-08,ABR,13495,6681,6814,3419,9912,164,ITF,ITF1,13,Abruzzo,Abruzzo,1304970,938444,71.91,1.03
759,2021-04-16,ABR,7537,3487,4050,5497,1916,124,ITF,ITF1,13,Abruzzo,Abruzzo,1304970,945981,72.49,0.58
760,2021-07-01,ABR,12768,6288,6480,5772,6772,224,ITF,ITF1,13,Abruzzo,Abruzzo,1304970,958749,73.47,0.98
761,2021-06-17,ABR,10916,5458,5458,7304,3452,160,ITF,ITF1,13,Abruzzo,Abruzzo,1304970,969665,74.31,0.84
762,2021-02-01,ABR,1632,573,1059,270,1361,1,ITF,ITF1,13,Abruzzo,Abruzzo,1304970,971297,74.43,0.13
763,2021-03-23,ABR,4834,2190,2644,2213,2567,54,ITF,ITF1,13,Abruzzo,Abruzzo,1304970,976131,74.8,0.37
764,2021-01-25,ABR,1605,633,972,15,1588,2,ITF,ITF1,13,Abruzzo,Abruzzo,1304970,977736,74.92,0.12
765,2021-02-08,ABR,1196,395,801,487,709,0,ITF,ITF1,13,Abruzzo,Abruzzo,1304970,978932,75.02,0.09
766,2021-05-19,ABR,10730,5125,5605,7570,3037,123,ITF,ITF1,13,Abruzzo,Abruzzo,1304970,989662,75.84,0.82
767,2021-04-30,ABR,12504,5867,6637,6517,5722,265,ITF,ITF1,13,Abruzzo,Abruzzo,1304970,1002166,76.8,0.96
768,2021-04-13,ABR,5893,2754,3139,4561,1237,95,ITF,ITF1,13,Abruzzo,Abruzzo,1304970,1008059,77.25,0.45
769,2021-01-20,ABR,447,156,291,425,2,20,ITF,ITF1,13,Abruzzo,Abruzzo,1304970,1008506,77.28,0.03
770,2021-07-05,ABR,10890,5346,5544,4047,6655,188,ITF,ITF1,13,Abruzzo,Abruzzo,1304970,1019396,78.12,0.83
771,2021-07-22,ABR,14484,7413,7071,3516,10760,208,ITF,ITF1,13,Abruzzo,Abruzzo,1304970,1033880,79.23,1.11
772,2021-07-24,ABR,12546,6762,5784,3727,8586,233,ITF,ITF1,13,Abruzzo,Abruzzo,1304970,1046426,80.19,0.96
773,2021-05-02,ABR,10460,5112,5348,5090,5228,142,ITF,ITF1,13,Abruzzo,Abruzzo,1304970,1056886,80.99,0.8
774,2021-03-25,ABR,5793,2662,3131,3065,2617,111,ITF,ITF1,13,Abruzzo,Abruzzo,1304970,1062679,81.43,0.44
775,2021-01-27,ABR,1365,515,850,38,1327,0,ITF,ITF1,13,Abruzzo,Abruzzo,1304970,1064044,81.54,0.1
776,2021-07-03,ABR,10206,5151,5055,3500,6558,148,ITF,ITF1,13,Abruzzo,Abruzzo,1304970,1074250,82.32,0.78
777,2021-05-21,ABR,13017,6328,6689,7863,4980,174,ITF,ITF1,13,Abruzzo,Abruzzo,1304970,1087267,83.32,1.0
778,2021-03-18,ABR,3896,1651,2245,2039,1831,26,ITF,ITF1,13,Abruzzo,Abruzzo,1304970,1091163,83.62,0.3
779,2021-06-26,ABR,10038,5013,5025,5688,4189,161,ITF,ITF1,13,Abruzzo,Abruzzo,1304970,1101201,84.39,0.77
780,2021-06-16,ABR,10883,5448,5435,7994,2676,213,ITF,ITF1,13,Abruzzo,Abruzzo,1304970,1112084,85.22,0.83
781,2021-02-27,ABR,2813,1339,1474,2513,267,33,ITF,ITF1,13,Abruzzo,Abruzzo,1304970,1114897,85.43,0.22
782,2021-06-07,ABR,11098,5289,5809,9071,1842,185,ITF,ITF1,13,Abruzzo,Abruzzo,1304970,1125995,86.29,0.85
783,2021-04-11,ABR,5380,2628,2752,4842,487,51,ITF,ITF1,13,Abruzzo,Abruzzo,1304970,1131375,86.7,0.41
784,2021-06-09,ABR,11573,6094,5479,9706,1686,181,ITF,ITF1,13,Abruzzo,Abruzzo,1304970,1142948,87.58,0.89
785,2021-03-11,ABR,5494,2219,3275,4272,1138,84,ITF,ITF1,13,Abruzzo,Abruzzo,1304970,1148442,88.01,0.42
786,2021-06-02,ABR,9763,4744,5019,6836,2810,117,ITF,ITF1,13,Abruzzo,Abruzzo,1304970,1158205,88.75,0.75
787,2021-03-13,ABR,4125,1421,2704,3014,1043,68,ITF,ITF1,13,Abruzzo,Abruzzo,1304970,1162330,89.07,0.32
788,2021-06-21,ABR,11057,5390,5667,4939,5988,130,ITF,ITF1,13,Abruzzo,Abruzzo,1304970,1173387,89.92,0.85
789,2021-02-18,ABR,2288,933,1355,2140,130,18,ITF,ITF1,13,Abruzzo,Abruzzo,1304970,1175675,90.09,0.18
790,2021-05-29,ABR,10319,4431,5888,4458,5772,89,ITF,ITF1,13,Abruzzo,Abruzzo,1304970,1185994,90.88,0.79
791,2021-05-22,ABR,13156,6392,6764,8132,4911,113,ITF,ITF1,13,Abruzzo,Abruzzo,1304970,1199150,91.89,1.01
792,2021-03-26,ABR,5356,2313,3043,3178,2076,102,ITF,ITF1,13,Abruzzo,Abruzzo,1304970,1204506,92.3,0.41
793,2021-05-31,ABR,11336,5113,6223,6763,4445,128,ITF,ITF1,13,Abruzzo,Abruzzo,1304970,1215842,93.17,0.87
794,2021-04-20,ABR,5637,2713,2924,4109,1455,73,ITF,ITF1,13,Abruzzo,Abruzzo,1304970,1221479,93.6,0.43
795,2021-01-28,ABR,1433,495,938,12,1421,0,ITF,ITF1,13,Abruzzo,Abruzzo,1304970,1222912,93.71,0.11
796,2021-01-11,ABR,1553,557,996,1549,0,4,ITF,ITF1,13,Abruzzo,Abruzzo,1304970,1224465,93.83,0.12
797,2021-04-21,ABR,6389,3102,3287,4640,1672,77,ITF,ITF1,13,Abruzzo,Abruzzo,1304970,1230854,94.32,0.49
798,2021-07-15,ABR,15943,8086,7857,3134,12634,175,ITF,ITF1,13,Abruzzo,Abruzzo,1304970,1246797,95.54,1.22
799,2021-07-10,ABR,13131,6636,6495,3017,9950,164,ITF,ITF1,13,Abruzzo,Abruzzo,1304970,1259928,96.55,1.01
800,2021-05-14,ABR,10593,5069,5524,5284,5148,161,ITF,ITF1,13,Abruzzo,Abruzzo,1304970,1270521,97.36,0.81
801,2021-04-01,ABR,5592,2505,3087,3431,2087,74,ITF,ITF1,13,Abruzzo,Abruzzo,1304970,1276113,97.79,0.43
802,2021-03-06,ABR,4179,1359,2820,3569,570,40,ITF,ITF1,13,Abruzzo,Abruzzo,1304970,1280292,98.11,0.32
803,2021-06-28,ABR,10069,4847,5222,5321,4579,169,ITF,ITF1,13,Abruzzo,Abruzzo,1304970,1290361,98.88,0.77
804,2021-04-06,ABR,7679,3578,4101,5234,2318,127,ITF,ITF1,13,Abruzzo,Abruzzo,1304970,1298040,99.47,0.59
805,2021-05-09,ABR,9156,4090,5066,4175,4870,111,ITF,ITF1,13,Abruzzo,Abruzzo,1304970,1307196,100.17,0.7
806,2021-04-25,ABR,9067,4622,4445,8059,809,199,ITF,ITF1,13,Abruzzo,Abruzzo,1304970,1316263,100.87,0.69
807,2021-01-08,ABR,1527,507,1020,1518,0,9,ITF,ITF1,13,Abruzzo,Abruzzo,1304970,1317790,100.98,0.12
808,2021-03-30,ABR,5128,2261,2867,3148,1822,158,ITF,ITF1,13,Abruzzo,Abruzzo,1304970,1322918,101.38,0.39
809,2021-01-06,ABR,1833,664,1169,1823,0,10,ITF,ITF1,13,Abruzzo,Abruzzo,1304970,1324751,101.52,0.14
810,2021-02-15,ABR,1795,832,963,1736,42,17,ITF,ITF1,13,Abruzzo,Abruzzo,1304970,1326546,101.65,0.14
811,2021-05-26,ABR,13543,6040,7503,8390,4992,161,ITF,ITF1,13,Abruzzo,Abruzzo,1304970,1340089,102.69,1.04
812,2021-06-14,ABR,10976,5431,5545,7427,3377,172,ITF,ITF1,13,Abruzzo,Abruzzo,1304970,1351065,103.53,0.84
813,2021-04-18,ABR,5813,2727,3086,4725,943,145,ITF,ITF1,13,Abruzzo,Abruzzo,1304970,1356878,103.98,0.45
814,2021-02-20,ABR,4777,1843,2934,4659,76,42,ITF,ITF1,13,Abruzzo,Abruzzo,1304970,1361655,104.34,0.37
815,2021-04-05,ABR,2692,1147,1545,1731,879,82,ITF,ITF1,13,Abruzzo,Abruzzo,1304970,1364347,104.55,0.21
816,2021-01-12,ABR,1805,667,1138,1791,0,14,ITF,ITF1,13,Abruzzo,Abruzzo,1304970,1366152,104.69,0.14
817,2021-05-25,ABR,11420,5325,6095,8084,3138,198,ITF,ITF1,13,Abruzzo,Abruzzo,1304970,1377572,105.56,0.88
818,2021-01-31,ABR,1521,494,1027,288,1232,1,ITF,ITF1,13,Abruzzo,Abruzzo,1304970,1379093,105.68,0.12
819,2021-05-10,ABR,10108,4783,5325,5373,4648,87,ITF,ITF1,13,Abruzzo,Abruzzo,1304970,1389201,106.45,0.77
820,2021-04-23,ABR,7392,3394,3998,4924,2305,163,ITF,ITF1,13,Abruzzo,Abruzzo,1304970,1396593,107.02,0.57
821,2021-01-30,ABR,1511,568,943,68,1442,1,ITF,ITF1,13,Abruzzo,Abruzzo,1304970,1398104,107.14,0.12
822,2021-06-29,ABR,11414,5636,5778,5248,5980,186,ITF,ITF1,13,Abruzzo,Abruzzo,1304970,1409518,108.01,0.87
823,2021-03-21,ABR,2133,913,1220,839,1290,4,ITF,ITF1,13,Abruzzo,Abruzzo,1304970,1411651,108.17,0.16
824,2021-06-12,ABR,11409,5909,5500,9891,1339,179,ITF,ITF1,13,Abruzzo,Abruzzo,1304970,1423060,109.05,0.87
825,2021-01-13,ABR,1260,441,819,1252,0,8,ITF,ITF1,13,Abruzzo,Abruzzo,1304970,1424320,109.15,0.1
826,2021-02-13,ABR,857,387,470,434,419,4,ITF,ITF1,13,Abruzzo,Abruzzo,1304970,1425177,109.21,0.07
827,2021-07-17,ABR,14095,7386,6709,2661,11258,176,ITF,ITF1,13,Abruzzo,Abruzzo,1304970,1439272,110.29,1.08
828,2021-03-04,ABR,5936,2360,3576,4974,922,40,ITF,ITF1,13,Abruzzo,Abruzzo,1304970,1445208,110.75,0.45
829,2021-05-28,ABR,14014,6307,7707,7489,6356,169,ITF,ITF1,13,Abruzzo,Abruzzo,1304970,1459222,111.82,1.07
830,2021-06-02,UMB,3916,1883,2033,3874,42,0,ITI,ITI2,10,Umbria,Umbria,882015,3916,0.44,0.44
831,2021-02-20,UMB,283,101,182,259,24,0,ITI,ITI2,10,Umbria,Umbria,882015,4199,0.48,0.03
832,2021-03-09,UMB,4088,2000,2088,2791,1288,9,ITI,ITI2,10,Umbria,Umbria,882015,8287,0.94,0.46
833,2021-06-14,UMB,5378,2745,2633,3364,2010,4,ITI,ITI2,10,Umbria,Umbria,882015,13665,1.55,0.61
834,2021-03-23,UMB,3824,1713,2111,2158,1629,37,ITI,ITI2,10,Umbria,Umbria,882015,17489,1.98,0.43
835,2021-07-01,UMB,9679,4791,4888,3358,6279,42,ITI,ITI2,10,Umbria,Umbria,882015,27168,3.08,1.1
836,2021-02-08,UMB,635,203,432,88,547,0,ITI,ITI2,10,Umbria,Umbria,882015,27803,3.15,0.07
837,2021-05-19,UMB,9418,4215,5203,5590,3743,85,ITI,ITI2,10,Umbria,Umbria,882015,37221,4.22,1.07
838,2021-02-06,UMB,396,138,258,34,362,0,ITI,ITI2,10,Umbria,Umbria,882015,37617,4.26,0.04
839,2021-04-23,UMB,6613,2785,3828,3298,3120,195,ITI,ITI2,10,Umbria,Umbria,882015,44230,5.01,0.75
840,2021-02-25,UMB,1332,495,837,1272,52,8,ITI,ITI2,10,Umbria,Umbria,882015,45562,5.17,0.15
841,2021-03-11,UMB,3583,1723,1860,2564,1006,13,ITI,ITI2,10,Umbria,Umbria,882015,49145,5.57,0.41
842,2021-01-13,UMB,449,139,310,449,0,0,ITI,ITI2,10,Umbria,Umbria,882015,49594,5.62,0.05
843,2021-06-19,UMB,4568,2199,2369,2537,2030,1,ITI,ITI2,10,Umbria,Umbria,882015,54162,6.14,0.52
844,2021-01-06,UMB,846,325,521,846,0,0,ITI,ITI2,10,Umbria,Umbria,882015,55008,6.24,0.1
845,2021-06-12,UMB,7711,3685,4026,6124,1579,8,ITI,ITI2,10,Umbria,Umbria,882015,62719,7.11,0.87
846,2021-04-16,UMB,8096,3740,4356,6080,1838,178,ITI,ITI2,10,Umbria,Umbria,882015,70815,8.03,0.92
847,2021-04-30,UMB,6253,2971,3282,2735,3397,121,ITI,ITI2,10,Umbria,Umbria,882015,77068,8.74,0.71
848,2021-03-04,UMB,4484,1855,2629,3643,827,14,ITI,ITI2,10,Umbria,Umbria,882015,81552,9.25,0.51
849,2021-01-20,UMB,602,221,381,602,0,0,ITI,ITI2,10,Umbria,Umbria,882015,82154,9.31,0.07
850,2021-05-07,UMB,10116,4708,5408,6715,3191,210,ITI,ITI2,10,Umbria,Umbria,882015,92270,10.46,1.15
851,2021-04-06,UMB,5287,2164,3123,2863,2387,37,ITI,ITI2,10,Umbria,Umbria,882015,97557,11.06,0.6
852,2021-03-28,UMB,1095,441,654,1040,24,31,ITI,ITI2,10,Umbria,Umbria,882015,98652,11.18,0.12
853,2021-01-30,UMB,1575,486,1089,44,1531,0,ITI,ITI2,10,Umbria,Umbria,882015,100227,11.36,0.18
854,2021-07-15,UMB,10556,5173,5383,608,9896,52,ITI,ITI2,10,Umbria,Umbria,882015,110783,12.56,1.2
855,2021-07-03,UMB,6469,3244,3225,2922,3492,55,ITI,ITI2,10,Umbria,Umbria,882015,117252,13.29,0.73
856,2021-07-20,UMB,8257,4105,4152,1146,7077,34,ITI,ITI2,10,Umbria,Umbria,882015,125509,14.23,0.94
857,2021-07-22,UMB,9898,4810,5088,1647,8197,54,ITI,ITI2,10,Umbria,Umbria,882015,135407,15.35,1.12
858,2021-02-13,UMB,114,27,87,111,3,0,ITI,ITI2,10,Umbria,Umbria,882015,135521,15.36,0.01
859,2021-05-24,UMB,9058,4510,4548,8013,879,166,ITI,ITI2,10,Umbria,Umbria,882015,144579,16.39,1.03
860,2021-04-18,UMB,1531,681,850,578,930,23,ITI,ITI2,10,Umbria,Umbria,882015,146110,16.57,0.17
861,2021-01-11,UMB,1303,341,962,1303,0,0,ITI,ITI2,10,Umbria,Umbria,882015,147413,16.71,0.15
862,2021-05-05,UMB,7219,3305,3914,3834,3304,81,ITI,ITI2,10,Umbria,Umbria,882015,154632,17.53,0.82
863,2021-01-25,UMB,648,323,325,5,643,0,ITI,ITI2,10,Umbria,Umbria,882015,155280,17.61,0.07
864,2021-04-25,UMB,4357,1684,2673,3866,82,409,ITI,ITI2,10,Umbria,Umbria,882015,159637,18.1,0.49
865,2021-06-21,UMB,7500,3932,3568,5160,2338,2,ITI,ITI2,10,Umbria,Umbria,882015,167137,18.95,0.85
866,2021-05-31,UMB,5811,2843,2968,4849,884,78,ITI,ITI2,10,Umbria,Umbria,882015,172948,19.61,0.66
867,2021-05-14,UMB,5328,2509,2819,3353,1817,158,ITI,ITI2,10,Umbria,Umbria,882015,178276,20.21,0.6
868,2021-02-01,UMB,1284,341,943,48,1236,0,ITI,ITI2,10,Umbria,Umbria,882015,179560,20.36,0.15
869,2021-02-18,UMB,1496,582,914,1029,466,1,ITI,ITI2,10,Umbria,Umbria,882015,181056,20.53,0.17
870,2021-05-26,UMB,9648,4565,5083,8204,1250,194,ITI,ITI2,10,Umbria,Umbria,882015,190704,21.62,1.09
871,2021-07-26,UMB,8726,4525,4201,3927,4748,51,ITI,ITI2,10,Umbria,Umbria,882015,199430,22.61,0.99
872,2021-05-28,UMB,9590,4437,5153,7111,2297,182,ITI,ITI2,10,Umbria,Umbria,882015,209020,23.7,1.09
873,2021-06-30,UMB,10475,5296,5179,3767,6706,2,ITI,ITI2,10,Umbria,Umbria,882015,219495,24.89,1.19
874,2021-07-07,UMB,9402,4450,4952,86,9290,26,ITI,ITI2,10,Umbria,Umbria,882015,228897,25.95,1.07
875,2021-03-18,UMB,2965,1171,1794,1699,1262,4,ITI,ITI2,10,Umbria,Umbria,882015,231862,26.29,0.34
876,2021-06-26,UMB,9313,4730,4583,5690,3623,0,ITI,ITI2,10,Umbria,Umbria,882015,241175,27.34,1.06
877,2021-07-10,UMB,7680,3808,3872,71,7601,8,ITI,ITI2,10,Umbria,Umbria,882015,248855,28.21,0.87
878,2021-04-20,UMB,5450,2364,3086,3430,1947,73,ITI,ITI2,10,Umbria,Umbria,882015,254305,28.83,0.62
879,2021-04-04,UMB,57,20,37,22,35,0,ITI,ITI2,10,Umbria,Umbria,882015,254362,28.84,0.01
880,2021-06-07,UMB,6943,3426,3517,6245,695,3,ITI,ITI2,10,Umbria,Umbria,882015,261305,29.63,0.79
881,2021-03-16,UMB,3538,1454,2084,1909,1627,2,ITI,ITI2,10,Umbria,Umbria,882015,264843,30.03,0.4
882,2021-02-27,UMB,1658,354,1304,1642,16,0,ITI,ITI2,10,Umbria,Umbria,882015,266501,30.22,0.19
883,2021-04-03,UMB,2097,712,1385,1034,1052,11,ITI,ITI2,10,Umbria,Umbria,882015,268598,30.45,0.24
884,2021-07-12,UMB,4594,2220,2374,107,4478,9,ITI,ITI2,10,Umbria,Umbria,882015,273192,30.97,0.52
885,2021-01-01,UMB,273,104,169,273,0,0,ITI,ITI2,10,Umbria,Umbria,882015,273465,31.0,0.03
886,2021-04-11,UMB,3098,1504,1594,3032,49,17,ITI,ITI2,10,Umbria,Umbria,882015,276563,31.36,0.35
887,2021-01-18,UMB,613,218,395,529,84,0,ITI,ITI2,10,Umbria,Umbria,882015,277176,31.43,0.07
888,2021-05-30,UMB,5982,2999,2983,5664,202,116,ITI,ITI2,10,Umbria,Umbria,882015,283158,32.1,0.68
889,2021-07-08,UMB,9488,4596,4892,171,9272,45,ITI,ITI2,10,Umbria,Umbria,882015,292646,33.18,1.08
890,2021-05-12,UMB,6488,3025,3463,4194,2146,148,ITI,ITI2,10,Umbria,Umbria,882015,299134,33.91,0.74
891,2021-03-30,UMB,3976,1730,2246,2400,1540,36,ITI,ITI2,10,Umbria,Umbria,882015,303110,34.37,0.45
892,2020-12-27,UMB,84,44,40,84,0,0,ITI,ITI2,10,Umbria,Umbria,882015,303194,34.38,0.01
893,2021-02-22,UMB,1889,807,1082,1803,86,0,ITI,ITI2,10,Umbria,Umbria,882015,305083,34.59,0.21
894,2021-03-06,UMB,4303,1146,3157,4133,138,32,ITI,ITI2,10,Umbria,Umbria,882015,309386,35.08,0.49
895,2021-01-22,UMB,276,105,171,32,244,0,ITI,ITI2,10,Umbria,Umbria,882015,309662,35.11,0.03
896,2021-06-28,UMB,9713,4798,4915,3787,5926,0,ITI,ITI2,10,Umbria,Umbria,882015,319375,36.21,1.1
897,2021-05-02,UMB,3780,1866,1914,1298,2454,28,ITI,ITI2,10,Umbria,Umbria,882015,323155,36.64,0.43
898,2021-03-20,UMB,2319,845,1474,2290,25,4,ITI,ITI2,10,Umbria,Umbria,882015,325474,36.9,0.26
899,2021-04-15,UMB,7650,3500,4150,5693,1887,70,ITI,ITI2,10,Umbria,Umbria,882015,333124,37.77,0.87
900,2021-02-17,UMB,1618,748,870,1266,351,1,ITI,ITI2,10,Umbria,Umbria,882015,334742,37.95,0.18
901,2021-07-24,UMB,8638,4342,4296,1384,7227,27,ITI,ITI2,10,Umbria,Umbria,882015,343380,38.93,0.98
902,2021-04-13,UMB,7676,3398,4278,5919,1668,89,ITI,ITI2,10,Umbria,Umbria,882015,351056,39.8,0.87
903,2021-02-15,UMB,1367,692,675,1364,1,2,ITI,ITI2,10,Umbria,Umbria,882015,352423,39.96,0.15
904,2021-01-03,UMB,270,112,158,270,0,0,ITI,ITI2,10,Umbria,Umbria,882015,352693,39.99,0.03
905,2021-05-16,UMB,5218,2492,2726,5087,49,82,ITI,ITI2,10,Umbria,Umbria,882015,357911,40.58,0.59
906,2021-07-19,UMB,7616,3800,3816,1545,6025,46,ITI,ITI2,10,Umbria,Umbria,882015,365527,41.44,0.86
907,2021-04-27,UMB,5665,2401,3264,3054,2578,33,ITI,ITI2,10,Umbria,Umbria,882015,371192,42.08,0.64
908,2021-02-03,UMB,724,174,550,67,657,0,ITI,ITI2,10,Umbria,Umbria,882015,371916,42.17,0.08
909,2021-06-11,UMB,6913,3468,3445,6142,768,3,ITI,ITI2,10,Umbria,Umbria,882015,378829,42.95,0.78
910,2021-04-08,UMB,5864,2509,3355,4007,1789,68,ITI,ITI2,10,Umbria,Umbria,882015,384693,43.62,0.66
911,2021-07-17,UMB,7653,3850,3803,1366,6220,67,ITI,ITI2,10,Umbria,Umbria,882015,392346,44.48,0.87
912,2021-05-11,UMB,6236,2835,3401,3903,2193,140,ITI,ITI2,10,Umbria,Umbria,882015,398582,45.19,0.71
913,2021-03-13,UMB,1735,524,1211,1486,249,0,ITI,ITI2,10,Umbria,Umbria,882015,400317,45.39,0.2
914,2021-01-15,UMB,695,213,482,695,0,0,ITI,ITI2,10,Umbria,Umbria,882015,401012,45.47,0.08
915,2021-01-29,UMB,1230,348,882,79,1151,0,ITI,ITI2,10,Umbria,Umbria,882015,402242,45.6,0.14
916,2021-05-09,UMB,5755,2753,3002,5244,391,120,ITI,ITI2,10,Umbria,Umbria,882015,407997,46.26,0.65
917,2021-07-09,UMB,9477,4584,4893,117,9346,14,ITI,ITI2,10,Umbria,Umbria,882015,417474,47.33,1.07
918,2021-07-23,UMB,10354,5229,5125,1347,8954,53,ITI,ITI2,10,Umbria,Umbria,882015,427828,48.51,1.17
919,2021-07-16,UMB,9613,4894,4719,701,8873,39,ITI,ITI2,10,Umbria,Umbria,882015,437441,49.6,1.09
920,2021-05-20,UMB,9839,4590,5249,6104,3651,84,ITI,ITI2,10,Umbria,Umbria,882015,447280,50.71,1.12
921,2021-03-08,UMB,3696,1822,1874,2323,1361,12,ITI,ITI2,10,Umbria,Umbria,882015,450976,51.13,0.42
922,2021-06-16,UMB,6316,3093,3223,3222,3093,1,ITI,ITI2,10,Umbria,Umbria,882015,457292,51.85,0.72
923,2021-03-25,UMB,3929,1724,2205,2821,1063,45,ITI,ITI2,10,Umbria,Umbria,882015,461221,52.29,0.45
924,2021-03-27,UMB,4251,1513,2738,3855,340,56,ITI,ITI2,10,Umbria,Umbria,882015,465472,52.77,0.48
925,2021-03-29,UMB,3630,1600,2030,2152,1420,58,ITI,ITI2,10,Umbria,Umbria,882015,469102,53.19,0.41
926,2021-01-31,UMB,1058,276,782,25,1033,0,ITI,ITI2,10,Umbria,Umbria,882015,470160,53.31,0.12
927,2021-05-25,UMB,8815,4301,4514,7584,1063,168,ITI,ITI2,10,Umbria,Umbria,882015,478975,54.3,1.0
928,2021-05-18,UMB,7746,3356,4390,3826,3838,82,ITI,ITI2,10,Umbria,Umbria,882015,486721,55.18,0.88
929,2021-03-22,UMB,3561,1656,1905,2305,1246,10,ITI,ITI2,10,Umbria,Umbria,882015,490282,55.59,0.4
930,2021-04-05,UMB,4249,1729,2520,2182,2055,12,ITI,ITI2,10,Umbria,Umbria,882015,494531,56.07,0.48
931,2021-02-07,UMB,54,17,37,1,53,0,ITI,ITI2,10,Umbria,Umbria,882015,494585,56.07,0.01
932,2021-07-14,UMB,6193,3006,3187,1751,4258,184,ITI,ITI2,10,Umbria,Umbria,882015,500778,56.78,0.7
933,2021-06-04,UMB,8914,4406,4508,7708,1198,8,ITI,ITI2,10,Umbria,Umbria,882015,509692,57.79,1.01
934,2021-06-13,UMB,6763,3556,3207,6530,230,3,ITI,ITI2,10,Umbria,Umbria,882015,516455,58.55,0.77
935,2021-05-01,UMB,5370,2638,2732,2096,3230,44,ITI,ITI2,10,Umbria,Umbria,882015,521825,59.16,0.61
936,2021-03-05,UMB,4617,1401,3216,3946,656,15,ITI,ITI2,10,Umbria,Umbria,882015,526442,59.69,0.52
937,2021-03-03,UMB,4431,1770,2661,3718,710,3,ITI,ITI2,10,Umbria,Umbria,882015,530873,60.19,0.5
938,2021-06-18,UMB,4761,2348,2413,1603,3157,1,ITI,ITI2,10,Umbria,Umbria,882015,535634,60.73,0.54
939,2021-07-05,UMB,8411,4077,4334,161,8243,7,ITI,ITI2,10,Umbria,Umbria,882015,544045,61.68,0.95
940,2021-05-13,UMB,5916,2658,3258,3703,2084,129,ITI,ITI2,10,Umbria,Umbria,882015,549961,62.35,0.67
941,2021-02-19,UMB,743,293,450,525,217,1,ITI,ITI2,10,Umbria,Umbria,882015,550704,62.44,0.08
942,2021-06-01,UMB,4381,2089,2292,4224,155,2,ITI,ITI2,10,Umbria,Umbria,882015,555085,62.93,0.5
943,2021-03-10,UMB,4031,1943,2088,2760,1256,15,ITI,ITI2,10,Umbria,Umbria,882015,559116,63.39,0.46
944,2021-01-16,UMB,217,71,146,216,0,1,ITI,ITI2,10,Umbria,Umbria,882015,559333,63.42,0.02
945,2021-01-08,UMB,1187,344,843,1187,0,0,ITI,ITI2,10,Umbria,Umbria,882015,560520,63.55,0.13
946,2021-05-23,UMB,5068,1854,3214,635,4416,17,ITI,ITI2,10,Umbria,Umbria,882015,565588,64.12,0.57
947,2021-03-17,UMB,3329,1313,2016,1855,1472,2,ITI,ITI2,10,Umbria,Umbria,882015,568917,64.5,0.38
948,2021-01-07,UMB,1300,387,913,1300,0,0,ITI,ITI2,10,Umbria,Umbria,882015,570217,64.65,0.15
949,2021-06-25,UMB,10160,5283,4877,5383,4771,6,ITI,ITI2,10,Umbria,Umbria,882015,580377,65.8,1.15
950,2021-01-26,UMB,815,389,426,17,798,0,ITI,ITI2,10,Umbria,Umbria,882015,581192,65.89,0.09
951,2021-04-22,UMB,5451,2249,3202,2702,2668,81,ITI,ITI2,10,Umbria,Umbria,882015,586643,66.51,0.62
952,2021-04-17,UMB,6678,3069,3609,5172,1341,165,ITI,ITI2,10,Umbria,Umbria,882015,593321,67.27,0.76
953,2021-01-05,UMB,854,429,425,854,0,0,ITI,ITI2,10,Umbria,Umbria,882015,594175,67.37,0.1
954,2021-06-20,UMB,6213,3001,3212,1591,4622,0,ITI,ITI2,10,Umbria,Umbria,882015,600388,68.07,0.7
955,2021-04-24,UMB,4561,1961,2600,3276,1182,103,ITI,ITI2,10,Umbria,Umbria,882015,604949,68.59,0.52
956,2021-01-12,UMB,834,247,587,834,0,0,ITI,ITI2,10,Umbria,Umbria,882015,605783,68.68,0.09
957,2021-03-14,UMB,66,48,18,66,0,0,ITI,ITI2,10,Umbria,Umbria,882015,605849,68.69,0.01
958,2021-06-22,UMB,8035,4080,3955,5243,2789,3,ITI,ITI2,10,Umbria,Umbria,882015,613884,69.6,0.91
959,2021-02-05,UMB,780,234,546,18,762,0,ITI,ITI2,10,Umbria,Umbria,882015,614664,69.69,0.09
960,2021-07-21,UMB,9451,4581,4870,1083,8324,44,ITI,ITI2,10,Umbria,Umbria,882015,624115,70.76,1.07
961,2021-07-04,UMB,3407,1740,1667,2409,968,30,ITI,ITI2,10,Umbria,Umbria,882015,627522,71.15,0.39
962,2021-04-12,UMB,7084,3081,4003,5310,1717,57,ITI,ITI2,10,Umbria,Umbria,882015,634606,71.95,0.8
963,2021-01-19,UMB,102,23,79,102,0,0,ITI,ITI2,10,Umbria,Umbria,882015,634708,71.96,0.01
964,2021-04-29,UMB,5216,2250,2966,2808,2320,88,ITI,ITI2,10,Umbria,Umbria,882015,639924,72.55,0.59
965,2021-03-24,UMB,4104,1792,2312,2744,1323,37,ITI,ITI2,10,Umbria,Umbria,882015,644028,73.02,0.47
966,2021-07-02,UMB,8736,4321,4415,3047,5599,90,ITI,ITI2,10,Umbria,Umbria,882015,652764,74.01,0.99
967,2021-04-10,UMB,7391,3478,3913,7175,84,132,ITI,ITI2,10,Umbria,Umbria,882015,660155,74.85,0.84
968,2021-01-17,UMB,54,17,37,54,0,0,ITI,ITI2,10,Umbria,Umbria,882015,660209,74.85,0.01
969,2020-12-31,UMB,322,127,195,322,0,0,ITI,ITI2,10,Umbria,Umbria,882015,660531,74.89,0.04
970,2021-06-15,UMB,5967,3007,2960,3899,2067,1,ITI,ITI2,10,Umbria,Umbria,882015,666498,75.57,0.68
971,2021-03-31,UMB,3897,1728,2169,2179,1686,32,ITI,ITI2,10,Umbria,Umbria,882015,670395,76.01,0.44
972,2021-02-16,UMB,1308,655,653,1299,9,0,ITI,ITI2,10,Umbria,Umbria,882015,671703,76.16,0.15
973,2021-05-27,UMB,9971,4865,5106,8474,1318,179,ITI,ITI2,10,Umbria,Umbria,882015,681674,77.29,1.13
974,2021-01-04,UMB,809,398,411,809,0,0,ITI,ITI2,10,Umbria,Umbria,882015,682483,77.38,0.09
975,2021-04-14,UMB,8152,3679,4473,6096,1979,77,ITI,ITI2,10,Umbria,Umbria,882015,690635,78.3,0.92
976,2021-06-03,UMB,9039,4469,4570,8751,288,0,ITI,ITI2,10,Umbria,Umbria,882015,699674,79.33,1.02
977,2021-04-07,UMB,5572,2291,3281,3482,2005,85,ITI,ITI2,10,Umbria,Umbria,882015,705246,79.96,0.63
978,2021-02-23,UMB,1691,657,1034,1649,42,0,ITI,ITI2,10,Umbria,Umbria,882015,706937,80.15,0.19
979,2021-02-02,UMB,942,272,670,32,910,0,ITI,ITI2,10,Umbria,Umbria,882015,707879,80.26,0.11
980,2021-04-26,UMB,5395,2341,3054,3103,2252,40,ITI,ITI2,10,Umbria,Umbria,882015,713274,80.87,0.61
981,2021-04-09,UMB,6732,3126,3606,6406,209,117,ITI,ITI2,10,Umbria,Umbria,882015,720006,81.63,0.76
982,2021-04-28,UMB,5383,2327,3056,2942,2396,45,ITI,ITI2,10,Umbria,Umbria,882015,725389,82.24,0.61
983,2021-02-04,UMB,734,226,508,26,708,0,ITI,ITI2,10,Umbria,Umbria,882015,726123,82.33,0.08
984,2021-05-15,UMB,4991,1883,3108,1764,3164,63,ITI,ITI2,10,Umbria,Umbria,882015,731114,82.89,0.57
985,2021-07-18,UMB,7853,4063,3790,296,7553,4,ITI,ITI2,10,Umbria,Umbria,882015,738967,83.78,0.89
986,2021-06-05,UMB,8224,3775,4449,5565,2654,5,ITI,ITI2,10,Umbria,Umbria,882015,747191,84.71,0.93
987,2021-03-12,UMB,2694,1081,1613,2191,495,8,ITI,ITI2,10,Umbria,Umbria,882015,749885,85.02,0.31
988,2021-03-21,UMB,675,338,337,672,0,3,ITI,ITI2,10,Umbria,Umbria,882015,750560,85.1,0.08
989,2021-06-29,UMB,9875,5031,4844,4192,5681,2,ITI,ITI2,10,Umbria,Umbria,882015,760435,86.22,1.12
990,2021-06-17,UMB,6967,3541,3426,4875,2079,13,ITI,ITI2,10,Umbria,Umbria,882015,767402,87.01,0.79
991,2021-03-26,UMB,4592,1715,2877,4346,172,74,ITI,ITI2,10,Umbria,Umbria,882015,771994,87.53,0.52
992,2021-01-02,UMB,304,111,193,304,0,0,ITI,ITI2,10,Umbria,Umbria,882015,772298,87.56,0.03
993,2021-03-07,UMB,845,180,665,837,7,1,ITI,ITI2,10,Umbria,Umbria,882015,773143,87.66,0.1
994,2021-06-06,UMB,7608,3904,3704,6912,693,3,ITI,ITI2,10,Umbria,Umbria,882015,780751,88.52,0.86
995,2021-02-24,UMB,1518,563,955,1503,15,0,ITI,ITI2,10,Umbria,Umbria,882015,782269,88.69,0.17
996,2021-07-06,UMB,8590,4092,4498,152,8417,21,ITI,ITI2,10,Umbria,Umbria,882015,790859,89.67,0.97
997,2021-05-10,UMB,5989,2798,3191,3770,2148,71,ITI,ITI2,10,Umbria,Umbria,882015,796848,90.34,0.68
998,2021-02-12,UMB,670,224,446,664,6,0,ITI,ITI2,10,Umbria,Umbria,882015,797518,90.42,0.08
999,2021-02-26,UMB,660,253,407,650,8,2,ITI,ITI2,10,Umbria,Umbria,882015,798178,90.49,0.07
1000,2021-05-06,UMB,9457,4317,5140,6022,3314,121,ITI,ITI2,10,Umbria,Umbria,882015,807635,91.57,1.07
1001,2021-07-25,UMB,7306,3850,3456,1198,6096,12,ITI,ITI2,10,Umbria,Umbria,882015,814941,92.4,0.83
1002,2021-05-17,UMB,6369,3062,3307,4138,2177,54,ITI,ITI2,10,Umbria,Umbria,882015,821310,93.12,0.72
1003,2021-01-14,UMB,722,192,530,722,0,0,ITI,ITI2,10,Umbria,Umbria,882015,822032,93.2,0.08
1004,2021-03-19,UMB,1741,565,1176,1080,656,5,ITI,ITI2,10,Umbria,Umbria,882015,823773,93.4,0.2
1005,2021-06-10,UMB,7465,3722,3743,6687,775,3,ITI,ITI2,10,Umbria,Umbria,882015,831238,94.24,0.85
1006,2021-07-13,UMB,4223,2004,2219,81,4136,6,ITI,ITI2,10,Umbria,Umbria,882015,835461,94.72,0.48
1007,2021-05-08,UMB,8132,3739,4393,4802,3228,102,ITI,ITI2,10,Umbria,Umbria,882015,843593,95.64,0.92
1008,2021-01-28,UMB,1248,394,854,19,1229,0,ITI,ITI2,10,Umbria,Umbria,882015,844841,95.79,0.14
1009,2021-05-03,UMB,5086,2270,2816,2098,2887,101,ITI,ITI2,10,Umbria,Umbria,882015,849927,96.36,0.58
1010,2021-01-23,UMB,280,100,180,2,278,0,ITI,ITI2,10,Umbria,Umbria,882015,850207,96.39,0.03
1011,2021-01-21,UMB,608,202,406,338,269,1,ITI,ITI2,10,Umbria,Umbria,882015,850815,96.46,0.07
1012,2021-05-29,UMB,7856,3611,4245,6176,1566,114,ITI,ITI2,10,Umbria,Umbria,882015,858671,97.35,0.89
1013,2021-04-21,UMB,5324,2318,3006,3057,2229,38,ITI,ITI2,10,Umbria,Umbria,882015,863995,97.96,0.6
1014,2021-03-02,UMB,3641,1346,2295,3634,4,3,ITI,ITI2,10,Umbria,Umbria,882015,867636,98.37,0.41
1015,2021-06-24,UMB,10140,5113,5027,6140,4000,0,ITI,ITI2,10,Umbria,Umbria,882015,877776,99.52,1.15
1016,2021-01-27,UMB,840,330,510,13,827,0,ITI,ITI2,10,Umbria,Umbria,882015,878616,99.61,0.1
1017,2021-01-10,UMB,1065,274,791,1065,0,0,ITI,ITI2,10,Umbria,Umbria,882015,879681,99.74,0.12
1018,2021-05-21,UMB,8974,3669,5305,4060,4829,85,ITI,ITI2,10,Umbria,Umbria,882015,888655,100.75,1.02
1019,2021-05-04,UMB,5538,2544,2994,2353,3125,60,ITI,ITI2,10,Umbria,Umbria,882015,894193,101.38,0.63
1020,2021-04-01,UMB,4372,1837,2535,2326,2009,37,ITI,ITI2,10,Umbria,Umbria,882015,898565,101.88,0.5
1021,2021-03-01,UMB,1504,774,730,1384,114,6,ITI,ITI2,10,Umbria,Umbria,882015,900069,102.05,0.17
1022,2021-06-09,UMB,8063,3908,4155,7336,722,5,ITI,ITI2,10,Umbria,Umbria,882015,908132,102.96,0.91
1023,2021-06-23,UMB,11199,5720,5479,7796,3403,0,ITI,ITI2,10,Umbria,Umbria,882015,919331,104.23,1.27
1024,2021-03-15,UMB,4595,1939,2656,2826,1766,3,ITI,ITI2,10,Umbria,Umbria,882015,923926,104.75,0.52
1025,2021-02-10,UMB,714,348,366,699,15,0,ITI,ITI2,10,Umbria,Umbria,882015,924640,104.83,0.08
1026,2021-01-24,UMB,258,106,152,1,257,0,ITI,ITI2,10,Umbria,Umbria,882015,924898,104.86,0.03
1027,2021-06-08,UMB,7377,3641,3736,6822,546,9,ITI,ITI2,10,Umbria,Umbria,882015,932275,105.7,0.84
1028,2021-06-27,UMB,7455,3729,3726,1769,5686,0,ITI,ITI2,10,Umbria,Umbria,882015,939730,106.54,0.85
1029,2021-02-11,UMB,839,348,491,834,5,0,ITI,ITI2,10,Umbria,Umbria,882015,940569,106.64,0.1
1030,2021-05-22,UMB,6968,2755,4213,2597,4324,47,ITI,ITI2,10,Umbria,Umbria,882015,947537,107.43,0.79
1031,2021-07-11,UMB,5864,2956,2908,83,5780,1,ITI,ITI2,10,Umbria,Umbria,882015,953401,108.09,0.66
1032,2021-04-02,UMB,4343,1778,2565,3545,755,43,ITI,ITI2,10,Umbria,Umbria,882015,957744,108.59,0.49
1033,2021-01-09,UMB,1717,495,1222,1717,0,0,ITI,ITI2,10,Umbria,Umbria,882015,959461,108.78,0.19
1034,2021-04-19,UMB,5034,2227,2807,2931,2048,55,ITI,ITI2,10,Umbria,Umbria,882015,964495,109.35,0.57
1035,2021-02-18,LAZ,10018,4974,5044,9096,815,107,ITI,ITI4,12,Lazio,Lazio,5879082,10018,0.17,0.17
1036,2021-05-12,LAZ,47579,21595,25984,30269,16668,642,ITI,ITI4,12,Lazio,Lazio,5879082,57597,0.98,0.81
1037,2021-02-01,LAZ,5678,2180,3498,353,5324,1,ITI,ITI4,12,Lazio,Lazio,5879082,63275,1.08,0.1
1038,2021-07-15,LAZ,44791,21932,22859,6710,37680,401,ITI,ITI4,12,Lazio,Lazio,5879082,108066,1.84,0.76
1039,2021-01-13,LAZ,5695,2152,3543,5533,0,162,ITI,ITI4,12,Lazio,Lazio,5879082,113761,1.94,0.1
1040,2021-04-23,LAZ,37854,18235,19619,22108,15295,451,ITI,ITI4,12,Lazio,Lazio,5879082,151615,2.58,0.64
1041,2021-03-16,LAZ,13545,5740,7805,7021,6444,80,ITI,ITI4,12,Lazio,Lazio,5879082,165160,2.81,0.23
1042,2021-03-09,LAZ,21977,9928,12049,16428,5200,349,ITI,ITI4,12,Lazio,Lazio,5879082,187137,3.18,0.37
1043,2021-01-11,LAZ,5542,2109,3433,5397,0,145,ITI,ITI4,12,Lazio,Lazio,5879082,192679,3.28,0.09
1044,2021-07-22,LAZ,60973,30459,30514,28469,31019,1485,ITI,ITI4,12,Lazio,Lazio,5879082,253652,4.31,1.04
1045,2021-05-17,LAZ,44580,20418,24162,35582,8593,405,ITI,ITI4,12,Lazio,Lazio,5879082,298232,5.07,0.76
1046,2021-02-06,LAZ,6222,2537,3685,892,5324,6,ITI,ITI4,12,Lazio,Lazio,5879082,304454,5.18,0.11
1047,2021-06-26,LAZ,56137,26454,29683,24668,30896,573,ITI,ITI4,12,Lazio,Lazio,5879082,360591,6.13,0.95
1048,2021-04-30,LAZ,41441,18368,23073,26526,14261,654,ITI,ITI4,12,Lazio,Lazio,5879082,402032,6.84,0.7
1049,2021-06-19,LAZ,66447,31320,35127,35266,30378,803,ITI,ITI4,12,Lazio,Lazio,5879082,468479,7.97,1.13
1050,2021-04-16,LAZ,34455,15711,18744,21963,12110,382,ITI,ITI4,12,Lazio,Lazio,5879082,502934,8.55,0.59
1051,2021-01-23,LAZ,7214,2869,4345,585,6629,0,ITI,ITI4,12,Lazio,Lazio,5879082,510148,8.68,0.12
1052,2021-01-06,LAZ,5124,1963,3161,5004,0,120,ITI,ITI4,12,Lazio,Lazio,5879082,515272,8.76,0.09
1053,2021-02-25,LAZ,12779,5596,7183,11416,1180,183,ITI,ITI4,12,Lazio,Lazio,5879082,528051,8.98,0.22
1054,2021-02-20,LAZ,9206,4272,4934,8362,773,71,ITI,ITI4,12,Lazio,Lazio,5879082,537257,9.14,0.16
1055,2021-05-31,LAZ,51751,23042,28709,30858,19869,1024,ITI,ITI4,12,Lazio,Lazio,5879082,589008,10.02,0.88
1056,2021-04-04,LAZ,17592,8161,9431,12213,5268,111,ITI,ITI4,12,Lazio,Lazio,5879082,606600,10.32,0.3
1057,2021-05-26,LAZ,47590,21869,25721,34823,12117,650,ITI,ITI4,12,Lazio,Lazio,5879082,654190,11.13,0.81
1058,2021-03-04,LAZ,19427,8729,10698,14173,5020,234,ITI,ITI4,12,Lazio,Lazio,5879082,673617,11.46,0.33
1059,2021-06-12,LAZ,69885,32092,37793,39874,29382,629,ITI,ITI4,12,Lazio,Lazio,5879082,743502,12.65,1.19
1060,2021-06-14,LAZ,62842,29454,33388,32132,30167,543,ITI,ITI4,12,Lazio,Lazio,5879082,806344,13.72,1.07
1061,2021-03-21,LAZ,18248,7180,11068,13007,5052,189,ITI,ITI4,12,Lazio,Lazio,5879082,824592,14.03,0.31
1062,2020-12-30,LAZ,1631,630,1001,1620,0,11,ITI,ITI4,12,Lazio,Lazio,5879082,826223,14.05,0.03
1063,2021-07-01,LAZ,48399,23127,25272,7172,41021,206,ITI,ITI4,12,Lazio,Lazio,5879082,874622,14.88,0.82
1064,2021-03-30,LAZ,26966,13107,13859,19466,7152,348,ITI,ITI4,12,Lazio,Lazio,5879082,901588,15.34,0.46
1065,2021-07-08,LAZ,64026,31439,32587,28171,35207,648,ITI,ITI4,12,Lazio,Lazio,5879082,965614,16.42,1.09
1066,2021-04-18,LAZ,23818,10582,13236,15890,7657,271,ITI,ITI4,12,Lazio,Lazio,5879082,989432,16.83,0.41
1067,2021-01-25,LAZ,8117,3249,4868,775,7342,0,ITI,ITI4,12,Lazio,Lazio,5879082,997549,16.97,0.14
1068,2021-05-05,LAZ,46821,21483,25338,30411,15852,558,ITI,ITI4,12,Lazio,Lazio,5879082,1044370,17.76,0.8
1069,2021-03-02,LAZ,17193,7611,9582,13094,3936,163,ITI,ITI4,12,Lazio,Lazio,5879082,1061563,18.06,0.29
1070,2021-01-18,LAZ,6273,2562,3711,5167,980,126,ITI,ITI4,12,Lazio,Lazio,5879082,1067836,18.16,0.11
1071,2021-04-28,LAZ,32950,15038,17912,20977,11584,389,ITI,ITI4,12,Lazio,Lazio,5879082,1100786,18.72,0.56
1072,2021-01-30,LAZ,7015,2896,4119,809,6205,1,ITI,ITI4,12,Lazio,Lazio,5879082,1107801,18.84,0.12
1073,2021-07-19,LAZ,62878,30923,31955,28304,33488,1086,ITI,ITI4,12,Lazio,Lazio,5879082,1170679,19.91,1.07
1074,2021-01-15,LAZ,6591,2714,3877,6421,0,170,ITI,ITI4,12,Lazio,Lazio,5879082,1177270,20.02,0.11
1075,2021-04-25,LAZ,24530,11257,13273,16425,7823,282,ITI,ITI4,12,Lazio,Lazio,5879082,1201800,20.44,0.42
1076,2021-02-11,LAZ,6999,3011,3988,6441,533,25,ITI,ITI4,12,Lazio,Lazio,5879082,1208799,20.56,0.12
1077,2021-04-11,LAZ,19168,8483,10685,13118,5888,162,ITI,ITI4,12,Lazio,Lazio,5879082,1227967,20.89,0.33
1078,2021-02-13,LAZ,6612,2627,3985,6148,418,46,ITI,ITI4,12,Lazio,Lazio,5879082,1234579,21.0,0.11
1079,2021-07-20,LAZ,63247,31565,31682,28446,33638,1163,ITI,ITI4,12,Lazio,Lazio,5879082,1297826,22.08,1.08
1080,2021-05-24,LAZ,43992,20172,23820,33543,9786,663,ITI,ITI4,12,Lazio,Lazio,5879082,1341818,22.82,0.75
1081,2021-01-03,LAZ,5254,1973,3281,5195,0,59,ITI,ITI4,12,Lazio,Lazio,5879082,1347072,22.91,0.09
1082,2021-04-13,LAZ,25795,11960,13835,17682,7720,393,ITI,ITI4,12,Lazio,Lazio,5879082,1372867,23.35,0.44
1083,2021-05-07,LAZ,48270,22631,25639,30087,17776,407,ITI,ITI4,12,Lazio,Lazio,5879082,1421137,24.17,0.82
1084,2021-03-11,LAZ,25379,11970,13409,18804,6233,342,ITI,ITI4,12,Lazio,Lazio,5879082,1446516,24.6,0.43
1085,2021-07-03,LAZ,53185,25044,28141,4641,48408,136,ITI,ITI4,12,Lazio,Lazio,5879082,1499701,25.51,0.9
1086,2021-02-03,LAZ,6490,2489,4001,957,5526,7,ITI,ITI4,12,Lazio,Lazio,5879082,1506191,25.62,0.11
1087,2021-01-20,LAZ,4815,1949,2866,3267,1544,4,ITI,ITI4,12,Lazio,Lazio,5879082,1511006,25.7,0.08
1088,2021-06-05,LAZ,66182,32627,33555,42778,22752,652,ITI,ITI4,12,Lazio,Lazio,5879082,1577188,26.83,1.13
1089,2021-05-19,LAZ,47232,21684,25548,36501,10125,606,ITI,ITI4,12,Lazio,Lazio,5879082,1624420,27.63,0.8
1090,2021-01-04,LAZ,7487,2910,4577,7383,0,104,ITI,ITI4,12,Lazio,Lazio,5879082,1631907,27.76,0.13
1091,2021-06-24,LAZ,63940,30504,33436,28600,34698,642,ITI,ITI4,12,Lazio,Lazio,5879082,1695847,28.85,1.09
1092,2021-06-07,LAZ,62435,29209,33226,32546,29303,586,ITI,ITI4,12,Lazio,Lazio,5879082,1758282,29.91,1.06
1093,2021-06-21,LAZ,61941,28768,33173,28487,32854,600,ITI,ITI4,12,Lazio,Lazio,5879082,1820223,30.96,1.05
1094,2021-03-13,LAZ,21806,8731,13075,15680,5894,232,ITI,ITI4,12,Lazio,Lazio,5879082,1842029,31.33,0.37
1095,2021-04-09,LAZ,27649,12568,15081,19108,8257,284,ITI,ITI4,12,Lazio,Lazio,5879082,1869678,31.8,0.47
1096,2021-03-23,LAZ,25384,11919,13465,18443,6601,340,ITI,ITI4,12,Lazio,Lazio,5879082,1895062,32.23,0.43
1097,2021-02-15,LAZ,8035,3546,4489,7310,641,84,ITI,ITI4,12,Lazio,Lazio,5879082,1903097,32.37,0.14
1098,2021-01-29,LAZ,8048,3082,4966,814,7232,2,ITI,ITI4,12,Lazio,Lazio,5879082,1911145,32.51,0.14
1099,2021-03-28,LAZ,19190,7831,11359,13543,5311,336,ITI,ITI4,12,Lazio,Lazio,5879082,1930335,32.83,0.33
1100,2021-06-09,LAZ,70256,33240,37016,35831,33796,629,ITI,ITI4,12,Lazio,Lazio,5879082,2000591,34.03,1.2
1101,2021-03-27,LAZ,26449,10763,15686,19428,6480,541,ITI,ITI4,12,Lazio,Lazio,5879082,2027040,34.48,0.45
1102,2021-07-05,LAZ,61276,29469,31807,25574,34658,1044,ITI,ITI4,12,Lazio,Lazio,5879082,2088316,35.52,1.04
1103,2021-05-23,LAZ,47144,22879,24265,39089,7396,659,ITI,ITI4,12,Lazio,Lazio,5879082,2135460,36.32,0.8
1104,2021-05-09,LAZ,37551,17264,20287,25824,11278,449,ITI,ITI4,12,Lazio,Lazio,5879082,2173011,36.96,0.64
1105,2021-07-12,LAZ,41147,20549,20598,5860,35065,222,ITI,ITI4,12,Lazio,Lazio,5879082,2214158,37.66,0.7
1106,2021-05-16,LAZ,50968,24546,26422,36939,13492,537,ITI,ITI4,12,Lazio,Lazio,5879082,2265126,38.53,0.87
1107,2021-01-08,LAZ,7733,2895,4838,7536,0,197,ITI,ITI4,12,Lazio,Lazio,5879082,2272859,38.66,0.13
1108,2021-01-01,LAZ,3554,1382,2172,3514,0,40,ITI,ITI4,12,Lazio,Lazio,5879082,2276413,38.72,0.06
1109,2021-04-06,LAZ,24488,11191,13297,17055,7115,318,ITI,ITI4,12,Lazio,Lazio,5879082,2300901,39.14,0.42
1110,2020-12-27,LAZ,274,132,142,274,0,0,ITI,ITI4,12,Lazio,Lazio,5879082,2301175,39.14,0.0
1111,2021-03-20,LAZ,19198,7643,11555,13052,5885,261,ITI,ITI4,12,Lazio,Lazio,5879082,2320373,39.47,0.33
1112,2021-07-17,LAZ,43777,22074,21703,2161,41514,102,ITI,ITI4,12,Lazio,Lazio,5879082,2364150,40.21,0.74
1113,2021-06-30,LAZ,62882,29575,33307,29763,32586,533,ITI,ITI4,12,Lazio,Lazio,5879082,2427032,41.28,1.07
1114,2021-04-27,LAZ,30727,13872,16855,19468,10854,405,ITI,ITI4,12,Lazio,Lazio,5879082,2457759,41.81,0.52
1115,2021-03-01,LAZ,17121,7369,9752,13004,3886,231,ITI,ITI4,12,Lazio,Lazio,5879082,2474880,42.1,0.29
1116,2021-02-22,LAZ,11455,4989,6466,10802,502,151,ITI,ITI4,12,Lazio,Lazio,5879082,2486335,42.29,0.19
1117,2021-06-02,LAZ,43305,21520,21785,31247,11519,539,ITI,ITI4,12,Lazio,Lazio,5879082,2529640,43.03,0.74
1118,2021-06-11,LAZ,69598,32753,36845,36570,32408,620,ITI,ITI4,12,Lazio,Lazio,5879082,2599238,44.21,1.18
1119,2021-05-14,LAZ,51558,23557,28001,32543,18353,662,ITI,ITI4,12,Lazio,Lazio,5879082,2650796,45.09,0.88
1120,2021-03-18,LAZ,14225,6078,8147,7750,6392,83,ITI,ITI4,12,Lazio,Lazio,5879082,2665021,45.33,0.24
1121,2021-03-25,LAZ,29374,13630,15744,22296,6618,460,ITI,ITI4,12,Lazio,Lazio,5879082,2694395,45.83,0.5
1122,2021-06-28,LAZ,58915,28161,30754,27524,30969,422,ITI,ITI4,12,Lazio,Lazio,5879082,2753310,46.83,1.0
1123,2021-02-12,LAZ,6852,2852,4000,6351,419,82,ITI,ITI4,12,Lazio,Lazio,5879082,2760162,46.95,0.12
1124,2020-12-31,LAZ,5293,2121,3172,5233,0,60,ITI,ITI4,12,Lazio,Lazio,5879082,2765455,47.04,0.09
1125,2021-04-10,LAZ,23939,10413,13526,16501,7191,247,ITI,ITI4,12,Lazio,Lazio,5879082,2789394,47.45,0.41
1126,2021-02-05,LAZ,7327,2992,4335,1217,6107,3,ITI,ITI4,12,Lazio,Lazio,5879082,2796721,47.57,0.12
1127,2021-04-03,LAZ,24795,11195,13600,17875,6702,218,ITI,ITI4,12,Lazio,Lazio,5879082,2821516,47.99,0.42
1128,2021-02-17,LAZ,9191,4605,4586,8239,883,69,ITI,ITI4,12,Lazio,Lazio,5879082,2830707,48.15,0.16
1129,2021-05-28,LAZ,57200,26587,30613,43098,13315,787,ITI,ITI4,12,Lazio,Lazio,5879082,2887907,49.12,0.97
1130,2021-03-06,LAZ,18360,7085,11275,13886,4257,217,ITI,ITI4,12,Lazio,Lazio,5879082,2906267,49.43,0.31
1131,2021-01-27,LAZ,6120,2389,3731,1003,5117,0,ITI,ITI4,12,Lazio,Lazio,5879082,2912387,49.54,0.1
1132,2021-06-01,LAZ,48927,23608,25319,29920,18545,462,ITI,ITI4,12,Lazio,Lazio,5879082,2961314,50.37,0.83
1133,2021-04-05,LAZ,19869,9087,10782,13535,6181,153,ITI,ITI4,12,Lazio,Lazio,5879082,2981183,50.71,0.34
1134,2021-05-25,LAZ,47562,22323,25239,35273,11694,595,ITI,ITI4,12,Lazio,Lazio,5879082,3028745,51.52,0.81
1135,2021-04-12,LAZ,23878,10772,13106,16691,6908,279,ITI,ITI4,12,Lazio,Lazio,5879082,3052623,51.92,0.41
1136,2021-07-21,LAZ,62664,31646,31018,28642,32712,1310,ITI,ITI4,12,Lazio,Lazio,5879082,3115287,52.99,1.07
1137,2021-06-08,LAZ,66618,31799,34819,36017,29967,634,ITI,ITI4,12,Lazio,Lazio,5879082,3181905,54.12,1.13
1138,2021-07-14,LAZ,41931,20431,21500,6178,35405,348,ITI,ITI4,12,Lazio,Lazio,5879082,3223836,54.84,0.71
1139,2021-01-09,LAZ,6300,2562,3738,6187,0,113,ITI,ITI4,12,Lazio,Lazio,5879082,3230136,54.94,0.11
1140,2021-04-19,LAZ,30110,13689,16421,19005,10687,418,ITI,ITI4,12,Lazio,Lazio,5879082,3260246,55.46,0.51
1141,2021-02-21,LAZ,6991,3181,3810,6483,464,44,ITI,ITI4,12,Lazio,Lazio,5879082,3267237,55.57,0.12
1142,2021-05-06,LAZ,48842,22761,26081,30612,17577,653,ITI,ITI4,12,Lazio,Lazio,5879082,3316079,56.4,0.83
1143,2021-01-17,LAZ,4892,2027,2865,4616,212,64,ITI,ITI4,12,Lazio,Lazio,5879082,3320971,56.49,0.08
1144,2021-01-31,LAZ,4463,1856,2607,478,3984,1,ITI,ITI4,12,Lazio,Lazio,5879082,3325434,56.56,0.08
1145,2021-05-11,LAZ,48334,22194,26140,31184,16553,597,ITI,ITI4,12,Lazio,Lazio,5879082,3373768,57.39,0.82
1146,2021-07-16,LAZ,43832,20915,22917,2913,40744,175,ITI,ITI4,12,Lazio,Lazio,5879082,3417600,58.13,0.75
1147,2021-04-24,LAZ,33462,15106,18356,20184,12786,492,ITI,ITI4,12,Lazio,Lazio,5879082,3451062,58.7,0.57
1148,2021-05-30,LAZ,41244,17647,23597,33212,7364,668,ITI,ITI4,12,Lazio,Lazio,5879082,3492306,59.4,0.7
1149,2021-05-13,LAZ,50200,22557,27643,31692,17830,678,ITI,ITI4,12,Lazio,Lazio,5879082,3542506,60.26,0.85
1150,2021-02-08,LAZ,9743,4155,5588,4506,5235,2,ITI,ITI4,12,Lazio,Lazio,5879082,3552249,60.42,0.17
1151,2021-05-02,LAZ,32646,14341,18305,22816,9369,461,ITI,ITI4,12,Lazio,Lazio,5879082,3584895,60.98,0.56
1152,2021-01-22,LAZ,4008,1637,2371,493,3515,0,ITI,ITI4,12,Lazio,Lazio,5879082,3588903,61.05,0.07
1153,2021-02-27,LAZ,11506,4325,7181,10333,1036,137,ITI,ITI4,12,Lazio,Lazio,5879082,3600409,61.24,0.2
1154,2021-05-20,LAZ,51791,24991,26800,37131,13934,726,ITI,ITI4,12,Lazio,Lazio,5879082,3652200,62.12,0.88
1155,2021-06-20,LAZ,55281,25413,29868,29613,24917,751,ITI,ITI4,12,Lazio,Lazio,5879082,3707481,63.06,0.94
1156,2021-06-06,LAZ,58111,28009,30102,35015,22516,580,ITI,ITI4,12,Lazio,Lazio,5879082,3765592,64.05,0.99
1157,2021-02-26,LAZ,13126,5733,7393,11550,1402,174,ITI,ITI4,12,Lazio,Lazio,5879082,3778718,64.27,0.22
1158,2021-01-10,LAZ,4044,1702,2342,3977,0,67,ITI,ITI4,12,Lazio,Lazio,5879082,3782762,64.34,0.07
1159,2021-06-16,LAZ,64555,30949,33606,32043,31897,615,ITI,ITI4,12,Lazio,Lazio,5879082,3847317,65.44,1.1
1160,2021-04-20,LAZ,31089,14275,16814,19408,11306,375,ITI,ITI4,12,Lazio,Lazio,5879082,3878406,65.97,0.53
1161,2021-03-08,LAZ,20874,9056,11818,15310,5274,290,ITI,ITI4,12,Lazio,Lazio,5879082,3899280,66.32,0.36
1162,2021-04-22,LAZ,39115,19451,19664,23893,14634,588,ITI,ITI4,12,Lazio,Lazio,5879082,3938395,66.99,0.67
1163,2021-03-10,LAZ,23344,10663,12681,17363,5647,334,ITI,ITI4,12,Lazio,Lazio,5879082,3961739,67.39,0.4
1164,2021-01-12,LAZ,5416,1982,3434,5273,0,143,ITI,ITI4,12,Lazio,Lazio,5879082,3967155,67.48,0.09
1165,2021-06-18,LAZ,64273,30932,33341,30275,33266,732,ITI,ITI4,12,Lazio,Lazio,5879082,4031428,68.57,1.09
1166,2021-03-17,LAZ,13816,5916,7900,7449,6258,109,ITI,ITI4,12,Lazio,Lazio,5879082,4045244,68.81,0.24
1167,2021-06-25,LAZ,63240,30525,32715,28069,34600,571,ITI,ITI4,12,Lazio,Lazio,5879082,4108484,69.88,1.08
1168,2021-06-27,LAZ,47211,21573,25638,20611,26138,462,ITI,ITI4,12,Lazio,Lazio,5879082,4155695,70.69,0.8
1169,2021-04-08,LAZ,26838,12302,14536,18786,7702,350,ITI,ITI4,12,Lazio,Lazio,5879082,4182533,71.14,0.46
1170,2021-07-02,LAZ,48381,23170,25211,6617,41588,176,ITI,ITI4,12,Lazio,Lazio,5879082,4230914,71.97,0.82
1171,2021-03-22,LAZ,23333,10536,12797,16323,6682,328,ITI,ITI4,12,Lazio,Lazio,5879082,4254247,72.36,0.4
1172,2020-12-29,LAZ,488,176,312,484,0,4,ITI,ITI4,12,Lazio,Lazio,5879082,4254735,72.37,0.01
1173,2021-06-13,LAZ,58420,26216,32204,33080,24843,497,ITI,ITI4,12,Lazio,Lazio,5879082,4313155,73.36,0.99
1174,2021-03-07,LAZ,14134,5466,8668,10334,3593,207,ITI,ITI4,12,Lazio,Lazio,5879082,4327289,73.6,0.24
1175,2021-06-15,LAZ,65885,31823,34062,33196,32141,548,ITI,ITI4,12,Lazio,Lazio,5879082,4393174,74.73,1.12
1176,2021-02-19,LAZ,10047,5080,4967,9067,835,145,ITI,ITI4,12,Lazio,Lazio,5879082,4403221,74.9,0.17
1177,2021-06-17,LAZ,66884,32146,34738,31774,34397,713,ITI,ITI4,12,Lazio,Lazio,5879082,4470105,76.03,1.14
1178,2021-04-21,LAZ,33055,15023,18032,20308,12387,360,ITI,ITI4,12,Lazio,Lazio,5879082,4503160,76.6,0.56
1179,2021-06-03,LAZ,56577,28619,27958,38065,17818,694,ITI,ITI4,12,Lazio,Lazio,5879082,4559737,77.56,0.96
1180,2021-06-10,LAZ,71884,33952,37932,37116,33957,811,ITI,ITI4,12,Lazio,Lazio,5879082,4631621,78.78,1.22
1181,2021-04-14,LAZ,29325,13290,16035,18882,10125,318,ITI,ITI4,12,Lazio,Lazio,5879082,4660946,79.28,0.5
1182,2021-07-23,LAZ,58169,29155,29014,26679,29758,1732,ITI,ITI4,12,Lazio,Lazio,5879082,4719115,80.27,0.99
1183,2021-06-29,LAZ,59430,28250,31180,27725,31140,565,ITI,ITI4,12,Lazio,Lazio,5879082,4778545,81.28,1.01
1184,2021-01-14,LAZ,5491,2147,3344,5317,0,174,ITI,ITI4,12,Lazio,Lazio,5879082,4784036,81.37,0.09
1185,2021-04-07,LAZ,26003,12160,13843,18347,7320,336,ITI,ITI4,12,Lazio,Lazio,5879082,4810039,81.82,0.44
1186,2020-12-28,LAZ,959,412,547,954,0,5,ITI,ITI4,12,Lazio,Lazio,5879082,4810998,81.83,0.02
1187,2021-01-16,LAZ,5648,2283,3365,5500,0,148,ITI,ITI4,12,Lazio,Lazio,5879082,4816646,81.93,0.1
1188,2021-04-26,LAZ,29247,13469,15778,19611,9205,431,ITI,ITI4,12,Lazio,Lazio,5879082,4845893,82.43,0.5
1189,2021-02-02,LAZ,5913,2215,3698,637,5273,3,ITI,ITI4,12,Lazio,Lazio,5879082,4851806,82.53,0.1
1190,2021-07-18,LAZ,58130,29619,28511,22797,34568,765,ITI,ITI4,12,Lazio,Lazio,5879082,4909936,83.52,0.99
1191,2021-02-14,LAZ,5778,2372,3406,5276,472,30,ITI,ITI4,12,Lazio,Lazio,5879082,4915714,83.61,0.1
1192,2021-02-28,LAZ,10283,4036,6247,9650,539,94,ITI,ITI4,12,Lazio,Lazio,5879082,4925997,83.79,0.17
1193,2021-01-02,LAZ,6709,2631,4078,6629,0,80,ITI,ITI4,12,Lazio,Lazio,5879082,4932706,83.9,0.11
1194,2021-02-04,LAZ,6440,2566,3874,1122,5317,1,ITI,ITI4,12,Lazio,Lazio,5879082,4939146,84.01,0.11
1195,2021-05-22,LAZ,55153,27019,28134,43589,10683,881,ITI,ITI4,12,Lazio,Lazio,5879082,4994299,84.95,0.94
1196,2021-03-24,LAZ,27881,13095,14786,21257,6239,385,ITI,ITI4,12,Lazio,Lazio,5879082,5022180,85.42,0.47
1197,2021-05-29,LAZ,52063,23413,28650,40162,11035,866,ITI,ITI4,12,Lazio,Lazio,5879082,5074243,86.31,0.89
1198,2021-05-10,LAZ,44479,20338,24141,30597,13428,454,ITI,ITI4,12,Lazio,Lazio,5879082,5118722,87.07,0.76
1199,2021-01-19,LAZ,4779,1963,2816,4322,454,3,ITI,ITI4,12,Lazio,Lazio,5879082,5123501,87.15,0.08
1200,2021-04-29,LAZ,38717,17281,21436,24861,13250,606,ITI,ITI4,12,Lazio,Lazio,5879082,5162218,87.81,0.66
1201,2021-03-03,LAZ,17866,7873,9993,13336,4296,234,ITI,ITI4,12,Lazio,Lazio,5879082,5180084,88.11,0.3
1202,2021-01-26,LAZ,7972,3131,4841,731,7241,0,ITI,ITI4,12,Lazio,Lazio,5879082,5188056,88.25,0.14
1203,2021-07-09,LAZ,64742,31253,33489,27610,36424,708,ITI,ITI4,12,Lazio,Lazio,5879082,5252798,89.35,1.1
1204,2021-05-01,LAZ,37982,17095,20887,25569,11976,437,ITI,ITI4,12,Lazio,Lazio,5879082,5290780,89.99,0.65
1205,2021-04-17,LAZ,32419,14225,18194,20021,12000,398,ITI,ITI4,12,Lazio,Lazio,5879082,5323199,90.54,0.55
1206,2021-07-26,LAZ,50378,24762,25616,6412,43668,298,ITI,ITI4,12,Lazio,Lazio,5879082,5373577,91.4,0.86
1207,2021-05-15,LAZ,57397,27419,29978,40055,16538,804,ITI,ITI4,12,Lazio,Lazio,5879082,5430974,92.38,0.98
1208,2021-03-19,LAZ,17453,7568,9885,10974,6329,150,ITI,ITI4,12,Lazio,Lazio,5879082,5448427,92.67,0.3
1209,2021-03-12,LAZ,24008,11093,12915,17345,6317,346,ITI,ITI4,12,Lazio,Lazio,5879082,5472435,93.08,0.41
1210,2021-02-09,LAZ,8815,3780,5035,4575,4233,7,ITI,ITI4,12,Lazio,Lazio,5879082,5481250,93.23,0.15
1211,2021-02-23,LAZ,11091,4783,6308,10198,766,127,ITI,ITI4,12,Lazio,Lazio,5879082,5492341,93.42,0.19
1212,2021-04-02,LAZ,29414,14095,15319,21689,7341,384,ITI,ITI4,12,Lazio,Lazio,5879082,5521755,93.92,0.5
1213,2021-07-11,LAZ,43964,22156,21808,3767,40055,142,ITI,ITI4,12,Lazio,Lazio,5879082,5565719,94.67,0.75
1214,2021-01-28,LAZ,8282,3167,5115,784,7497,1,ITI,ITI4,12,Lazio,Lazio,5879082,5574001,94.81,0.14
1215,2021-07-04,LAZ,46555,21665,24890,4117,42354,84,ITI,ITI4,12,Lazio,Lazio,5879082,5620556,95.6,0.79
1216,2021-05-08,LAZ,45488,20767,24721,29401,15438,649,ITI,ITI4,12,Lazio,Lazio,5879082,5666044,96.38,0.77
1217,2021-07-13,LAZ,42434,20767,21667,5478,36629,327,ITI,ITI4,12,Lazio,Lazio,5879082,5708478,97.1,0.72
1218,2021-03-26,LAZ,30232,14006,16226,22940,6852,440,ITI,ITI4,12,Lazio,Lazio,5879082,5738710,97.61,0.51
1219,2021-05-27,LAZ,58383,27121,31262,43829,13765,789,ITI,ITI4,12,Lazio,Lazio,5879082,5797093,98.61,0.99
1220,2021-03-05,LAZ,19568,8671,10897,14608,4735,225,ITI,ITI4,12,Lazio,Lazio,5879082,5816661,98.94,0.33
1221,2021-02-16,LAZ,8362,4036,4326,7708,611,43,ITI,ITI4,12,Lazio,Lazio,5879082,5825023,99.08,0.14
1222,2021-01-21,LAZ,5604,2348,3256,551,5053,0,ITI,ITI4,12,Lazio,Lazio,5879082,5830627,99.18,0.1
1223,2021-03-31,LAZ,27761,13428,14333,20327,7102,332,ITI,ITI4,12,Lazio,Lazio,5879082,5858388,99.65,0.47
1224,2021-01-07,LAZ,7754,2903,4851,7597,0,157,ITI,ITI4,12,Lazio,Lazio,5879082,5866142,99.78,0.13
1225,2021-07-06,LAZ,62163,30178,31985,28524,33172,467,ITI,ITI4,12,Lazio,Lazio,5879082,5928305,100.84,1.06
1226,2021-04-01,LAZ,29702,14094,15608,22180,7143,379,ITI,ITI4,12,Lazio,Lazio,5879082,5958007,101.34,0.51
1227,2021-07-10,LAZ,70863,35564,35299,25036,45206,621,ITI,ITI4,12,Lazio,Lazio,5879082,6028870,102.55,1.21
1228,2021-07-24,LAZ,30549,15393,15156,3165,27254,130,ITI,ITI4,12,Lazio,Lazio,5879082,6059419,103.07,0.52
1229,2021-06-23,LAZ,62280,29324,32956,28436,33363,481,ITI,ITI4,12,Lazio,Lazio,5879082,6121699,104.13,1.06
1230,2021-04-15,LAZ,31959,14316,17643,20696,10817,446,ITI,ITI4,12,Lazio,Lazio,5879082,6153658,104.67,0.54
1231,2021-02-10,LAZ,8198,3408,4790,4844,3349,5,ITI,ITI4,12,Lazio,Lazio,5879082,6161856,104.81,0.14
1232,2021-05-21,LAZ,52043,25030,27013,37258,14080,705,ITI,ITI4,12,Lazio,Lazio,5879082,6213899,105.7,0.89
1233,2021-06-04,LAZ,61782,30159,31623,43353,17817,612,ITI,ITI4,12,Lazio,Lazio,5879082,6275681,106.75,1.05
1234,2021-05-04,LAZ,39915,18366,21549,25908,13540,467,ITI,ITI4,12,Lazio,Lazio,5879082,6315596,107.42,0.68
1235,2021-02-24,LAZ,12046,5206,6840,10929,995,122,ITI,ITI4,12,Lazio,Lazio,5879082,6327642,107.63,0.2
1236,2021-07-07,LAZ,62404,30940,31464,28405,33445,554,ITI,ITI4,12,Lazio,Lazio,5879082,6390046,108.69,1.06
1237,2021-03-29,LAZ,25447,12089,13358,18111,7038,298,ITI,ITI4,12,Lazio,Lazio,5879082,6415493,109.12,0.43
1238,2021-03-15,LAZ,20965,9843,11122,13978,6745,242,ITI,ITI4,12,Lazio,Lazio,5879082,6436458,109.48,0.36
1239,2021-01-05,LAZ,7377,2804,4573,7274,0,103,ITI,ITI4,12,Lazio,Lazio,5879082,6443835,109.61,0.13
1240,2021-01-24,LAZ,5697,2229,3468,613,5084,0,ITI,ITI4,12,Lazio,Lazio,5879082,6449532,109.7,0.1
1241,2021-02-07,LAZ,4968,2045,2923,410,4557,1,ITI,ITI4,12,Lazio,Lazio,5879082,6454500,109.79,0.08
1242,2021-05-18,LAZ,44979,20572,24407,34867,9556,556,ITI,ITI4,12,Lazio,Lazio,5879082,6499479,110.55,0.77
1243,2021-05-03,LAZ,39266,17732,21534,26046,12641,579,ITI,ITI4,12,Lazio,Lazio,5879082,6538745,111.22,0.67
1244,2021-07-25,LAZ,24567,12060,12507,2031,22487,49,ITI,ITI4,12,Lazio,Lazio,5879082,6563312,111.64,0.42
1245,2021-06-22,LAZ,62770,29029,33741,28601,33490,679,ITI,ITI4,12,Lazio,Lazio,5879082,6626082,112.71,1.07
1246,2021-03-14,LAZ,17241,6754,10487,11828,5155,258,ITI,ITI4,12,Lazio,Lazio,5879082,6643323,113.0,0.29
1247,2021-02-21,PUG,2177,474,1703,2066,62,49,ITF,ITF4,16,Puglia,Puglia,4029053,2177,0.05,0.05
1248,2021-06-01,PUG,34916,17489,17427,21622,12907,387,ITF,ITF4,16,Puglia,Puglia,4029053,37093,0.92,0.87
1249,2021-05-15,PUG,43619,18997,24622,22846,20063,710,ITF,ITF4,16,Puglia,Puglia,4029053,80712,2.0,1.08
1250,2021-06-03,PUG,50542,24522,26020,30522,19295,725,ITF,ITF4,16,Puglia,Puglia,4029053,131254,3.26,1.25
1251,2021-03-10,PUG,14818,6622,8196,11540,3125,153,ITF,ITF4,16,Puglia,Puglia,4029053,146072,3.63,0.37
1252,2021-02-09,PUG,3841,1570,2271,2149,1674,18,ITF,ITF4,16,Puglia,Puglia,4029053,149913,3.72,0.1
1253,2021-05-20,PUG,33610,15254,18356,20733,12359,518,ITF,ITF4,16,Puglia,Puglia,4029053,183523,4.55,0.83
1254,2021-03-24,PUG,13587,6522,7065,6142,7329,116,ITF,ITF4,16,Puglia,Puglia,4029053,197110,4.89,0.34
1255,2021-01-26,PUG,5370,2401,2969,570,4799,1,ITF,ITF4,16,Puglia,Puglia,4029053,202480,5.03,0.13
1256,2021-07-02,PUG,46979,22316,24663,17231,28791,957,ITF,ITF4,16,Puglia,Puglia,4029053,249459,6.19,1.17
1257,2021-05-06,PUG,39616,17318,22298,19346,19716,554,ITF,ITF4,16,Puglia,Puglia,4029053,289075,7.17,0.98
1258,2021-03-05,PUG,17703,7179,10524,15183,2307,213,ITF,ITF4,16,Puglia,Puglia,4029053,306778,7.61,0.44
1259,2021-02-26,PUG,13775,5061,8714,12542,1037,196,ITF,ITF4,16,Puglia,Puglia,4029053,320553,7.96,0.34
1260,2020-12-31,PUG,1636,783,853,1636,0,0,ITF,ITF4,16,Puglia,Puglia,4029053,322189,8.0,0.04
1261,2021-06-15,PUG,42596,20831,21765,22399,19607,590,ITF,ITF4,16,Puglia,Puglia,4029053,364785,9.05,1.06
1262,2021-06-08,PUG,39306,19140,20166,20967,17781,558,ITF,ITF4,16,Puglia,Puglia,4029053,404091,10.03,0.98
1263,2021-07-11,PUG,12140,5738,6402,2641,9396,103,ITF,ITF4,16,Puglia,Puglia,4029053,416231,10.33,0.3
1264,2021-01-31,PUG,1817,832,985,76,1741,0,ITF,ITF4,16,Puglia,Puglia,4029053,418048,10.38,0.05
1265,2021-04-05,PUG,12758,6197,6561,12083,533,142,ITF,ITF4,16,Puglia,Puglia,4029053,430806,10.69,0.32
1266,2021-03-19,PUG,7972,3658,4314,3379,4556,37,ITF,ITF4,16,Puglia,Puglia,4029053,438778,10.89,0.2
1267,2021-06-27,PUG,18485,9180,9305,9920,8285,280,ITF,ITF4,16,Puglia,Puglia,4029053,457263,11.35,0.46
1268,2021-04-19,PUG,27724,12885,14839,24341,3044,339,ITF,ITF4,16,Puglia,Puglia,4029053,484987,12.04,0.69
1269,2021-04-24,PUG,29419,13392,16027,25146,3944,329,ITF,ITF4,16,Puglia,Puglia,4029053,514406,12.77,0.73
1270,2021-02-07,PUG,1579,669,910,253,1326,0,ITF,ITF4,16,Puglia,Puglia,4029053,515985,12.81,0.04
1271,2021-01-21,PUG,2133,905,1228,1269,862,2,ITF,ITF4,16,Puglia,Puglia,4029053,518118,12.86,0.05
1272,2021-05-01,PUG,27641,12665,14976,16707,10663,271,ITF,ITF4,16,Puglia,Puglia,4029053,545759,13.55,0.69
1273,2021-01-02,PUG,2951,1302,1649,2951,0,0,ITF,ITF4,16,Puglia,Puglia,4029053,548710,13.62,0.07
1274,2021-04-12,PUG,29387,13833,15554,26103,2970,314,ITF,ITF4,16,Puglia,Puglia,4029053,578097,14.35,0.73
1275,2021-07-21,PUG,42502,20989,21513,11530,30155,817,ITF,ITF4,16,Puglia,Puglia,4029053,620599,15.4,1.05
1276,2021-01-12,PUG,4215,1771,2444,4213,0,2,ITF,ITF4,16,Puglia,Puglia,4029053,624814,15.51,0.1
1277,2021-04-07,PUG,15710,7130,8580,8828,6680,202,ITF,ITF4,16,Puglia,Puglia,4029053,640524,15.9,0.39
1278,2021-07-16,PUG,45119,21903,23216,12603,31697,819,ITF,ITF4,16,Puglia,Puglia,4029053,685643,17.02,1.12
1279,2021-03-31,PUG,14565,6828,7737,8853,5563,149,ITF,ITF4,16,Puglia,Puglia,4029053,700208,17.38,0.36
1280,2021-02-02,PUG,4347,1848,2499,589,3757,1,ITF,ITF4,16,Puglia,Puglia,4029053,704555,17.49,0.11
1281,2021-07-09,PUG,36843,17743,19100,6538,29618,687,ITF,ITF4,16,Puglia,Puglia,4029053,741398,18.4,0.91
1282,2021-05-13,PUG,38765,17287,21478,20990,17205,570,ITF,ITF4,16,Puglia,Puglia,4029053,780163,19.36,0.96
1283,2021-03-17,PUG,10347,4703,5644,4106,6179,62,ITF,ITF4,16,Puglia,Puglia,4029053,790510,19.62,0.26
1284,2021-03-29,PUG,13551,6611,6940,6609,6747,195,ITF,ITF4,16,Puglia,Puglia,4029053,804061,19.96,0.34
1285,2021-03-12,PUG,14286,6440,7846,10217,3932,137,ITF,ITF4,16,Puglia,Puglia,4029053,818347,20.31,0.35
1286,2021-06-20,PUG,21507,10814,10693,14010,7164,333,ITF,ITF4,16,Puglia,Puglia,4029053,839854,20.84,0.53
1287,2021-02-04,PUG,5928,2364,3564,1174,4745,9,ITF,ITF4,16,Puglia,Puglia,4029053,845782,20.99,0.15
1288,2021-06-13,PUG,21772,10894,10878,16296,5186,290,ITF,ITF4,16,Puglia,Puglia,4029053,867554,21.53,0.54
1289,2021-02-28,PUG,6061,1807,4254,5799,187,75,ITF,ITF4,16,Puglia,Puglia,4029053,873615,21.68,0.15
1290,2021-05-12,PUG,36583,16317,20266,23494,12499,590,ITF,ITF4,16,Puglia,Puglia,4029053,910198,22.59,0.91
1291,2021-05-29,PUG,30568,14403,16165,20578,9443,547,ITF,ITF4,16,Puglia,Puglia,4029053,940766,23.35,0.76
1292,2021-04-02,PUG,12846,6000,6846,8170,4526,150,ITF,ITF4,16,Puglia,Puglia,4029053,953612,23.67,0.32
1293,2021-02-14,PUG,787,347,440,658,125,4,ITF,ITF4,16,Puglia,Puglia,4029053,954399,23.69,0.02
1294,2021-05-25,PUG,34735,16214,18521,20609,13539,587,ITF,ITF4,16,Puglia,Puglia,4029053,989134,24.55,0.86
1295,2021-05-08,PUG,54325,22995,31330,24024,29777,524,ITF,ITF4,16,Puglia,Puglia,4029053,1043459,25.9,1.35
1296,2021-05-27,PUG,40894,19325,21569,22906,17314,674,ITF,ITF4,16,Puglia,Puglia,4029053,1084353,26.91,1.01
1297,2021-03-02,PUG,16391,6095,10296,14844,1304,243,ITF,ITF4,16,Puglia,Puglia,4029053,1100744,27.32,0.41
1298,2021-06-10,PUG,47127,23173,23954,29369,17038,720,ITF,ITF4,16,Puglia,Puglia,4029053,1147871,28.49,1.17
1299,2021-04-04,PUG,5978,2968,3010,5892,5,81,ITF,ITF4,16,Puglia,Puglia,4029053,1153849,28.64,0.15
1300,2021-07-04,PUG,19781,9626,10155,7892,11590,299,ITF,ITF4,16,Puglia,Puglia,4029053,1173630,29.13,0.49
1301,2021-07-23,PUG,39426,19891,19535,13172,25348,906,ITF,ITF4,16,Puglia,Puglia,4029053,1213056,30.11,0.98
1302,2021-01-19,PUG,1222,453,769,1211,10,1,ITF,ITF4,16,Puglia,Puglia,4029053,1214278,30.14,0.03
1303,2021-07-08,PUG,41308,19137,22171,5546,35287,475,ITF,ITF4,16,Puglia,Puglia,4029053,1255586,31.16,1.03
1304,2021-01-14,PUG,4077,1593,2484,4071,0,6,ITF,ITF4,16,Puglia,Puglia,4029053,1259663,31.26,0.1
1305,2021-01-07,PUG,5720,2462,3258,5720,0,0,ITF,ITF4,16,Puglia,Puglia,4029053,1265383,31.41,0.14
1306,2021-04-17,PUG,40028,18971,21057,36032,3575,421,ITF,ITF4,16,Puglia,Puglia,4029053,1305411,32.4,0.99
1307,2021-02-19,PUG,4737,2013,2724,4292,391,54,ITF,ITF4,16,Puglia,Puglia,4029053,1310148,32.52,0.12
1308,2021-06-22,PUG,42210,20462,21748,18898,22720,592,ITF,ITF4,16,Puglia,Puglia,4029053,1352358,33.57,1.05
1309,2021-04-26,PUG,26304,12054,14250,22680,3235,389,ITF,ITF4,16,Puglia,Puglia,4029053,1378662,34.22,0.65
1310,2021-03-16,PUG,9878,4690,5188,3454,6366,58,ITF,ITF4,16,Puglia,Puglia,4029053,1388540,34.46,0.25
1311,2021-06-24,PUG,52514,25392,27122,23390,28301,823,ITF,ITF4,16,Puglia,Puglia,4029053,1441054,35.77,1.3
1312,2021-04-28,PUG,19833,8895,10938,14800,4769,264,ITF,ITF4,16,Puglia,Puglia,4029053,1460887,36.26,0.49
1313,2021-07-20,PUG,46200,22665,23535,8392,37285,523,ITF,ITF4,16,Puglia,Puglia,4029053,1507087,37.41,1.15
1314,2021-01-23,PUG,3040,1294,1746,886,2153,1,ITF,ITF4,16,Puglia,Puglia,4029053,1510127,37.48,0.08
1315,2021-05-03,PUG,33354,14911,18443,22135,10652,567,ITF,ITF4,16,Puglia,Puglia,4029053,1543481,38.31,0.83
1316,2021-03-07,PUG,4985,2002,2983,4373,571,41,ITF,ITF4,16,Puglia,Puglia,4029053,1548466,38.43,0.12
1317,2021-05-05,PUG,39211,17186,22025,24414,14207,590,ITF,ITF4,16,Puglia,Puglia,4029053,1587677,39.41,0.97
1318,2021-06-17,PUG,42777,20908,21869,21394,20817,566,ITF,ITF4,16,Puglia,Puglia,4029053,1630454,40.47,1.06
1319,2021-05-17,PUG,32877,15237,17640,20497,11880,500,ITF,ITF4,16,Puglia,Puglia,4029053,1663331,41.28,0.82
1320,2021-02-23,PUG,9376,4428,4948,8793,491,92,ITF,ITF4,16,Puglia,Puglia,4029053,1672707,41.52,0.23
1321,2021-01-09,PUG,4888,2250,2638,4884,0,4,ITF,ITF4,16,Puglia,Puglia,4029053,1677595,41.64,0.12
1322,2021-07-01,PUG,48080,22515,25565,11370,36051,659,ITF,ITF4,16,Puglia,Puglia,4029053,1725675,42.83,1.19
1323,2021-04-16,PUG,36074,16959,19115,32365,3285,424,ITF,ITF4,16,Puglia,Puglia,4029053,1761749,43.73,0.9
1324,2021-02-18,PUG,4381,1847,2534,3715,606,60,ITF,ITF4,16,Puglia,Puglia,4029053,1766130,43.83,0.11
1325,2021-07-25,PUG,12898,6665,6233,3895,8833,170,ITF,ITF4,16,Puglia,Puglia,4029053,1779028,44.15,0.32
1326,2021-04-09,PUG,22072,9514,12558,17054,4632,386,ITF,ITF4,16,Puglia,Puglia,4029053,1801100,44.7,0.55
1327,2021-02-11,PUG,3697,1401,2296,2392,1278,27,ITF,ITF4,16,Puglia,Puglia,4029053,1804797,44.79,0.09
1328,2021-07-18,PUG,17667,9046,8621,5696,11671,300,ITF,ITF4,16,Puglia,Puglia,4029053,1822464,45.23,0.44
1329,2021-05-22,PUG,34676,15885,18791,23694,10438,544,ITF,ITF4,16,Puglia,Puglia,4029053,1857140,46.09,0.86
1330,2021-02-25,PUG,11974,5062,6912,10664,1175,135,ITF,ITF4,16,Puglia,Puglia,4029053,1869114,46.39,0.3
1331,2021-05-31,PUG,37882,18259,19623,23143,14187,552,ITF,ITF4,16,Puglia,Puglia,4029053,1906996,47.33,0.94
1332,2021-04-25,PUG,11302,5234,6068,10026,1144,132,ITF,ITF4,16,Puglia,Puglia,4029053,1918298,47.61,0.28
1333,2021-02-27,PUG,14228,4819,9409,12817,1228,183,ITF,ITF4,16,Puglia,Puglia,4029053,1932526,47.96,0.35
1334,2021-01-01,PUG,149,61,88,149,0,0,ITF,ITF4,16,Puglia,Puglia,4029053,1932675,47.97,0.0
1335,2021-06-07,PUG,44335,21651,22684,30335,13238,762,ITF,ITF4,16,Puglia,Puglia,4029053,1977010,49.07,1.1
1336,2021-04-11,PUG,16470,7256,9214,14636,1655,179,ITF,ITF4,16,Puglia,Puglia,4029053,1993480,49.48,0.41
1337,2021-03-06,PUG,16152,6127,10025,13887,2098,167,ITF,ITF4,16,Puglia,Puglia,4029053,2009632,49.88,0.4
1338,2021-01-08,PUG,5660,2378,3282,5654,0,6,ITF,ITF4,16,Puglia,Puglia,4029053,2015292,50.02,0.14
1339,2021-06-14,PUG,41979,20542,21437,28833,12357,789,ITF,ITF4,16,Puglia,Puglia,4029053,2057271,51.06,1.04
1340,2021-04-18,PUG,22650,10835,11815,21398,1056,196,ITF,ITF4,16,Puglia,Puglia,4029053,2079921,51.62,0.56
1341,2021-02-20,PUG,2972,1079,1893,2685,257,30,ITF,ITF4,16,Puglia,Puglia,4029053,2082893,51.7,0.07
1342,2021-01-04,PUG,4510,2017,2493,4508,0,2,ITF,ITF4,16,Puglia,Puglia,4029053,2087403,51.81,0.11
1343,2021-03-26,PUG,12011,5845,6166,7229,4655,127,ITF,ITF4,16,Puglia,Puglia,4029053,2099414,52.11,0.3
1344,2021-03-09,PUG,13636,6095,7541,11439,2013,184,ITF,ITF4,16,Puglia,Puglia,4029053,2113050,52.45,0.34
1345,2021-04-14,PUG,32001,15096,16905,28385,3308,308,ITF,ITF4,16,Puglia,Puglia,4029053,2145051,53.24,0.79
1346,2021-03-28,PUG,3543,1655,1888,1180,2329,34,ITF,ITF4,16,Puglia,Puglia,4029053,2148594,53.33,0.09
1347,2021-06-05,PUG,42504,20822,21682,29122,12658,724,ITF,ITF4,16,Puglia,Puglia,4029053,2191098,54.38,1.05
1348,2021-01-06,PUG,3951,1674,2277,3950,0,1,ITF,ITF4,16,Puglia,Puglia,4029053,2195049,54.48,0.1
1349,2021-06-16,PUG,42002,20661,21341,26868,14407,727,ITF,ITF4,16,Puglia,Puglia,4029053,2237051,55.52,1.04
1350,2020-12-30,PUG,1,0,1,1,0,0,ITF,ITF4,16,Puglia,Puglia,4029053,2237052,55.52,0.0
1351,2021-03-22,PUG,9962,5125,4837,4248,5649,65,ITF,ITF4,16,Puglia,Puglia,4029053,2247014,55.77,0.25
1352,2021-01-24,PUG,1671,751,920,154,1517,0,ITF,ITF4,16,Puglia,Puglia,4029053,2248685,55.81,0.04
1353,2021-06-30,PUG,47502,23055,24447,18737,27881,884,ITF,ITF4,16,Puglia,Puglia,4029053,2296187,56.99,1.18
1354,2021-03-14,PUG,3372,1459,1913,2475,861,36,ITF,ITF4,16,Puglia,Puglia,4029053,2299559,57.07,0.08
1355,2021-01-16,PUG,2508,1036,1472,2506,0,2,ITF,ITF4,16,Puglia,Puglia,4029053,2302067,57.14,0.06
1356,2021-05-21,PUG,39133,18581,20552,28247,10095,791,ITF,ITF4,16,Puglia,Puglia,4029053,2341200,58.11,0.97
1357,2021-07-06,PUG,42232,19447,22785,6200,35591,441,ITF,ITF4,16,Puglia,Puglia,4029053,2383432,59.16,1.05
1358,2021-06-19,PUG,34670,17390,17280,22164,11846,660,ITF,ITF4,16,Puglia,Puglia,4029053,2418102,60.02,0.86
1359,2021-06-21,PUG,41710,20335,21375,21425,19638,647,ITF,ITF4,16,Puglia,Puglia,4029053,2459812,61.05,1.04
1360,2021-03-11,PUG,14820,6579,8241,11446,3176,198,ITF,ITF4,16,Puglia,Puglia,4029053,2474632,61.42,0.37
1361,2021-06-02,PUG,27036,13222,13814,21857,4822,357,ITF,ITF4,16,Puglia,Puglia,4029053,2501668,62.09,0.67
1362,2021-03-13,PUG,10470,4135,6335,8563,1809,98,ITF,ITF4,16,Puglia,Puglia,4029053,2512138,62.35,0.26
1363,2021-07-13,PUG,48492,22863,25629,7963,39931,598,ITF,ITF4,16,Puglia,Puglia,4029053,2560630,63.55,1.2
1364,2021-03-21,PUG,2694,1227,1467,578,2105,11,ITF,ITF4,16,Puglia,Puglia,4029053,2563324,63.62,0.07
1365,2021-06-29,PUG,46354,22223,24131,15257,30376,721,ITF,ITF4,16,Puglia,Puglia,4029053,2609678,64.77,1.15
1366,2021-01-11,PUG,3755,1589,2166,3754,0,1,ITF,ITF4,16,Puglia,Puglia,4029053,2613433,64.86,0.09
1367,2021-04-21,PUG,23138,10688,12450,19098,3736,304,ITF,ITF4,16,Puglia,Puglia,4029053,2636571,65.44,0.57
1368,2021-05-24,PUG,36127,17049,19078,24500,11014,613,ITF,ITF4,16,Puglia,Puglia,4029053,2672698,66.34,0.9
1369,2021-02-16,PUG,3385,1454,1931,2706,648,31,ITF,ITF4,16,Puglia,Puglia,4029053,2676083,66.42,0.08
1370,2021-01-30,PUG,5533,2514,3019,405,5127,1,ITF,ITF4,16,Puglia,Puglia,4029053,2681616,66.56,0.14
1371,2021-05-10,PUG,37785,16695,21090,19326,17986,473,ITF,ITF4,16,Puglia,Puglia,4029053,2719401,67.49,0.94
1372,2021-02-13,PUG,3730,1458,2272,3018,696,16,ITF,ITF4,16,Puglia,Puglia,4029053,2723131,67.59,0.09
1373,2021-03-30,PUG,12371,5928,6443,6288,5929,154,ITF,ITF4,16,Puglia,Puglia,4029053,2735502,67.89,0.31
1374,2021-02-01,PUG,3969,1662,2307,366,3601,2,ITF,ITF4,16,Puglia,Puglia,4029053,2739471,67.99,0.1
1375,2021-07-17,PUG,29464,14772,14692,9234,19615,615,ITF,ITF4,16,Puglia,Puglia,4029053,2768935,68.72,0.73
1376,2021-05-14,PUG,44979,20560,24419,27960,16158,861,ITF,ITF4,16,Puglia,Puglia,4029053,2813914,69.84,1.12
1377,2021-01-25,PUG,3830,1681,2149,424,3405,1,ITF,ITF4,16,Puglia,Puglia,4029053,2817744,69.94,0.1
1378,2021-07-10,PUG,22268,10964,11304,4501,17464,303,ITF,ITF4,16,Puglia,Puglia,4029053,2840012,70.49,0.55
1379,2021-01-18,PUG,1846,772,1074,1496,349,1,ITF,ITF4,16,Puglia,Puglia,4029053,2841858,70.53,0.05
1380,2021-02-06,PUG,4552,1934,2618,1578,2959,15,ITF,ITF4,16,Puglia,Puglia,4029053,2846410,70.65,0.11
1381,2021-01-20,PUG,1548,542,1006,1537,8,3,ITF,ITF4,16,Puglia,Puglia,4029053,2847958,70.69,0.04
1382,2021-04-30,PUG,34990,15679,19311,22449,11976,565,ITF,ITF4,16,Puglia,Puglia,4029053,2882948,71.55,0.87
1383,2021-04-13,PUG,28757,13639,15118,25026,3420,311,ITF,ITF4,16,Puglia,Puglia,4029053,2911705,72.27,0.71
1384,2021-07-22,PUG,45547,22611,22936,8418,36471,658,ITF,ITF4,16,Puglia,Puglia,4029053,2957252,73.4,1.13
1385,2021-07-05,PUG,38647,18138,20509,7370,30714,563,ITF,ITF4,16,Puglia,Puglia,4029053,2995899,74.36,0.96
1386,2021-05-02,PUG,21338,9671,11667,13893,7267,178,ITF,ITF4,16,Puglia,Puglia,4029053,3017237,74.89,0.53
1387,2021-07-24,PUG,24750,12787,11963,7583,16730,437,ITF,ITF4,16,Puglia,Puglia,4029053,3041987,75.5,0.61
1388,2021-06-18,PUG,47687,23470,24217,28835,17913,939,ITF,ITF4,16,Puglia,Puglia,4029053,3089674,76.68,1.18
1389,2021-01-15,PUG,4551,1866,2685,4546,0,5,ITF,ITF4,16,Puglia,Puglia,4029053,3094225,76.8,0.11
1390,2021-01-22,PUG,1412,579,833,991,420,1,ITF,ITF4,16,Puglia,Puglia,4029053,3095637,76.83,0.04
1391,2021-06-25,PUG,50563,24911,25652,23694,25927,942,ITF,ITF4,16,Puglia,Puglia,4029053,3146200,78.09,1.25
1392,2021-02-24,PUG,10052,4709,5343,9366,595,91,ITF,ITF4,16,Puglia,Puglia,4029053,3156252,78.34,0.25
1393,2021-06-04,PUG,52690,25497,27193,34138,17725,827,ITF,ITF4,16,Puglia,Puglia,4029053,3208942,79.65,1.31
1394,2021-05-18,PUG,28907,13451,15456,15849,12801,257,ITF,ITF4,16,Puglia,Puglia,4029053,3237849,80.36,0.72
1395,2021-04-29,PUG,26259,12145,14114,19165,6673,421,ITF,ITF4,16,Puglia,Puglia,4029053,3264108,81.01,0.65
1396,2021-02-22,PUG,9636,4536,5100,9215,334,87,ITF,ITF4,16,Puglia,Puglia,4029053,3273744,81.25,0.24
1397,2021-02-05,PUG,5637,2274,3363,1326,4306,5,ITF,ITF4,16,Puglia,Puglia,4029053,3279381,81.39,0.14
1398,2021-05-16,PUG,24571,11078,13493,12482,11868,221,ITF,ITF4,16,Puglia,Puglia,4029053,3303952,82.0,0.61
1399,2021-03-15,PUG,12344,6151,6193,5738,6505,101,ITF,ITF4,16,Puglia,Puglia,4029053,3316296,82.31,0.31
1400,2021-01-17,PUG,1309,591,718,1239,69,1,ITF,ITF4,16,Puglia,Puglia,4029053,3317605,82.34,0.03
1401,2021-06-23,PUG,29290,14313,14977,16917,11740,633,ITF,ITF4,16,Puglia,Puglia,4029053,3346895,83.07,0.73
1402,2021-04-27,PUG,26687,12073,14614,20759,5605,323,ITF,ITF4,16,Puglia,Puglia,4029053,3373582,83.73,0.66
1403,2021-04-08,PUG,17493,7591,9902,11098,6180,215,ITF,ITF4,16,Puglia,Puglia,4029053,3391075,84.17,0.43
1404,2021-06-06,PUG,30684,15450,15234,25315,5044,325,ITF,ITF4,16,Puglia,Puglia,4029053,3421759,84.93,0.76
1405,2021-04-10,PUG,30919,13115,17804,26302,4236,381,ITF,ITF4,16,Puglia,Puglia,4029053,3452678,85.69,0.77
1406,2021-07-19,PUG,46620,22871,23749,10571,35294,755,ITF,ITF4,16,Puglia,Puglia,4029053,3499298,86.85,1.16
1407,2021-01-03,PUG,2007,943,1064,2006,0,1,ITF,ITF4,16,Puglia,Puglia,4029053,3501305,86.9,0.05
1408,2021-03-27,PUG,12165,5717,6448,6883,5172,110,ITF,ITF4,16,Puglia,Puglia,4029053,3513470,87.2,0.3
1409,2021-01-05,PUG,5110,2251,2859,5107,0,3,ITF,ITF4,16,Puglia,Puglia,4029053,3518580,87.33,0.13
1410,2021-04-15,PUG,32723,15270,17453,28681,3641,401,ITF,ITF4,16,Puglia,Puglia,4029053,3551303,88.14,0.81
1411,2021-05-19,PUG,26396,12767,13629,19516,6442,438,ITF,ITF4,16,Puglia,Puglia,4029053,3577699,88.8,0.66
1412,2021-03-23,PUG,11124,5646,5478,4544,6490,90,ITF,ITF4,16,Puglia,Puglia,4029053,3588823,89.07,0.28
1413,2021-03-25,PUG,11735,6012,5723,5358,6278,99,ITF,ITF4,16,Puglia,Puglia,4029053,3600558,89.36,0.29
1414,2021-07-03,PUG,33011,16558,16453,13364,19119,528,ITF,ITF4,16,Puglia,Puglia,4029053,3633569,90.18,0.82
1415,2021-02-08,PUG,3998,1613,2385,1581,2401,16,ITF,ITF4,16,Puglia,Puglia,4029053,3637567,90.28,0.1
1416,2021-06-28,PUG,48351,23446,24905,21532,25944,875,ITF,ITF4,16,Puglia,Puglia,4029053,3685918,91.48,1.2
1417,2021-05-09,PUG,30761,12623,18138,14764,15624,373,ITF,ITF4,16,Puglia,Puglia,4029053,3716679,92.25,0.76
1418,2021-04-22,PUG,23046,10549,12497,17736,4926,384,ITF,ITF4,16,Puglia,Puglia,4029053,3739725,92.82,0.57
1419,2021-05-11,PUG,32609,14396,18213,13667,18455,487,ITF,ITF4,16,Puglia,Puglia,4029053,3772334,93.63,0.81
1420,2021-05-04,PUG,35139,14867,20272,18236,16488,415,ITF,ITF4,16,Puglia,Puglia,4029053,3807473,94.5,0.87
1421,2021-03-08,PUG,14999,6442,8557,12441,2405,153,ITF,ITF4,16,Puglia,Puglia,4029053,3822472,94.87,0.37
1422,2021-04-01,PUG,13950,6550,7400,7383,6353,214,ITF,ITF4,16,Puglia,Puglia,4029053,3836422,95.22,0.35
1423,2021-02-03,PUG,5043,2006,3037,726,4314,3,ITF,ITF4,16,Puglia,Puglia,4029053,3841465,95.34,0.13
1424,2021-07-12,PUG,45351,21436,23915,12802,31776,773,ITF,ITF4,16,Puglia,Puglia,4029053,3886816,96.47,1.13
1425,2021-02-12,PUG,4214,1672,2542,3098,1094,22,ITF,ITF4,16,Puglia,Puglia,4029053,3891030,96.57,0.1
1426,2021-01-29,PUG,6204,2664,3540,374,5826,4,ITF,ITF4,16,Puglia,Puglia,4029053,3897234,96.73,0.15
1427,2021-03-20,PUG,8421,3883,4538,3780,4597,44,ITF,ITF4,16,Puglia,Puglia,4029053,3905655,96.94,0.21
1428,2021-03-03,PUG,16789,6806,9983,14717,1923,149,ITF,ITF4,16,Puglia,Puglia,4029053,3922444,97.35,0.42
1429,2021-06-11,PUG,47880,23428,24452,32977,13993,910,ITF,ITF4,16,Puglia,Puglia,4029053,3970324,98.54,1.19
1430,2021-02-10,PUG,3651,1440,2211,2118,1512,21,ITF,ITF4,16,Puglia,Puglia,4029053,3973975,98.63,0.09
1431,2021-05-23,PUG,17933,8380,9553,13862,3811,260,ITF,ITF4,16,Puglia,Puglia,4029053,3991908,99.08,0.45
1432,2021-02-17,PUG,4288,1751,2537,3635,612,41,ITF,ITF4,16,Puglia,Puglia,4029053,3996196,99.18,0.11
1433,2021-05-28,PUG,44010,20839,23171,27451,15757,802,ITF,ITF4,16,Puglia,Puglia,4029053,4040206,100.28,1.09
1434,2021-07-07,PUG,38498,18432,20066,6237,31737,524,ITF,ITF4,16,Puglia,Puglia,4029053,4078704,101.23,0.96
1435,2021-04-03,PUG,10568,4652,5916,6815,3560,193,ITF,ITF4,16,Puglia,Puglia,4029053,4089272,101.49,0.26
1436,2021-07-26,PUG,40302,20085,20217,14679,24835,788,ITF,ITF4,16,Puglia,Puglia,4029053,4129574,102.49,1.0
1437,2021-05-30,PUG,21012,10058,10954,15715,5042,255,ITF,ITF4,16,Puglia,Puglia,4029053,4150586,103.02,0.52
1438,2021-06-12,PUG,34524,17215,17309,25037,8897,590,ITF,ITF4,16,Puglia,Puglia,4029053,4185110,103.87,0.86
1439,2021-01-28,PUG,5476,2279,3197,467,5009,0,ITF,ITF4,16,Puglia,Puglia,4029053,4190586,104.01,0.14
1440,2021-04-23,PUG,29556,13735,15821,23888,5255,413,ITF,ITF4,16,Puglia,Puglia,4029053,4220142,104.74,0.73
1441,2021-03-18,PUG,9586,4356,5230,3337,6184,65,ITF,ITF4,16,Puglia,Puglia,4029053,4229728,104.98,0.24
1442,2021-06-26,PUG,32253,16236,16017,15807,15849,597,ITF,ITF4,16,Puglia,Puglia,4029053,4261981,105.78,0.8
1443,2021-03-04,PUG,15355,6100,9255,13707,1425,223,ITF,ITF4,16,Puglia,Puglia,4029053,4277336,106.16,0.38
1444,2021-06-09,PUG,41858,20720,21138,29919,11233,706,ITF,ITF4,16,Puglia,Puglia,4029053,4319194,107.2,1.04
1445,2021-02-15,PUG,3260,1271,1989,2594,622,44,ITF,ITF4,16,Puglia,Puglia,4029053,4322454,107.28,0.08
1446,2021-05-26,PUG,38579,18535,20044,26217,11710,652,ITF,ITF4,16,Puglia,Puglia,4029053,4361033,108.24,0.96
1447,2021-01-27,PUG,4603,1941,2662,629,3972,2,ITF,ITF4,16,Puglia,Puglia,4029053,4365636,108.35,0.11
1448,2021-05-07,PUG,50111,22367,27744,26032,23522,557,ITF,ITF4,16,Puglia,Puglia,4029053,4415747,109.6,1.24
1449,2021-01-13,PUG,4545,1729,2816,4542,0,3,ITF,ITF4,16,Puglia,Puglia,4029053,4420292,109.71,0.11
1450,2021-04-06,PUG,13854,6257,7597,6924,6762,168,ITF,ITF4,16,Puglia,Puglia,4029053,4434146,110.05,0.34
1451,2021-07-15,PUG,43871,21239,22632,8942,34240,689,ITF,ITF4,16,Puglia,Puglia,4029053,4478017,111.14,1.09
1452,2021-07-14,PUG,44901,21529,23372,13283,30781,837,ITF,ITF4,16,Puglia,Puglia,4029053,4522918,112.26,1.11
1453,2021-03-01,PUG,15110,5869,9241,13584,1375,151,ITF,ITF4,16,Puglia,Puglia,4029053,4538028,112.63,0.38
1454,2021-01-10,PUG,2349,1062,1287,2348,0,1,ITF,ITF4,16,Puglia,Puglia,4029053,4540377,112.69,0.06
1455,2021-04-20,PUG,21180,9839,11341,17449,3469,262,ITF,ITF4,16,Puglia,Puglia,4029053,4561557,113.22,0.53
1456,2020-12-27,PUG,510,252,258,510,0,0,ITF,ITF4,16,Puglia,Puglia,4029053,4562067,113.23,0.01
1457,2021-05-26,EMR,33294,14741,18553,9929,22981,384,ITH,ITH5,8,Emilia-Romagna,Emilia-Romagna,4459477,33294,0.75,0.75
1458,2021-06-12,EMR,41319,21853,19466,35846,4914,559,ITH,ITH5,8,Emilia-Romagna,Emilia-Romagna,4459477,74613,1.67,0.93
1459,2021-03-04,EMR,16451,5349,11102,13345,3017,89,ITH,ITH5,8,Emilia-Romagna,Emilia-Romagna,4459477,91064,2.04,0.37
1460,2021-05-24,EMR,29975,13725,16250,17957,11504,514,ITH,ITH5,8,Emilia-Romagna,Emilia-Romagna,4459477,121039,2.71,0.67
1461,2021-02-13,EMR,3628,1084,2544,3015,598,15,ITH,ITH5,8,Emilia-Romagna,Emilia-Romagna,4459477,124667,2.8,0.08
1462,2021-01-23,EMR,2448,871,1577,440,2008,0,ITH,ITH5,8,Emilia-Romagna,Emilia-Romagna,4459477,127115,2.85,0.05
1463,2021-05-07,EMR,35298,16970,18328,22749,11875,674,ITH,ITH5,8,Emilia-Romagna,Emilia-Romagna,4459477,162413,3.64,0.79
1464,2021-07-03,EMR,32059,15902,16157,11652,19982,425,ITH,ITH5,8,Emilia-Romagna,Emilia-Romagna,4459477,194472,4.36,0.72
1465,2021-02-18,EMR,7039,2891,4148,6439,584,16,ITH,ITH5,8,Emilia-Romagna,Emilia-Romagna,4459477,201511,4.52,0.16
1466,2021-06-07,EMR,40477,20777,19700,33847,6253,377,ITH,ITH5,8,Emilia-Romagna,Emilia-Romagna,4459477,241988,5.43,0.91
1467,2021-05-12,EMR,38926,18295,20631,28408,9690,828,ITH,ITH5,8,Emilia-Romagna,Emilia-Romagna,4459477,280914,6.3,0.87
1468,2021-02-01,EMR,10321,3610,6711,360,9959,2,ITH,ITH5,8,Emilia-Romagna,Emilia-Romagna,4459477,291235,6.53,0.23
1469,2021-01-18,EMR,3128,879,2249,2446,679,3,ITH,ITH5,8,Emilia-Romagna,Emilia-Romagna,4459477,294363,6.6,0.07
1470,2021-03-16,EMR,12246,5027,7219,4871,7309,66,ITH,ITH5,8,Emilia-Romagna,Emilia-Romagna,4459477,306609,6.88,0.27
1471,2021-01-25,EMR,6463,2147,4316,206,6256,1,ITH,ITH5,8,Emilia-Romagna,Emilia-Romagna,4459477,313072,7.02,0.14
1472,2021-07-01,EMR,34481,16853,17628,15181,18821,479,ITH,ITH5,8,Emilia-Romagna,Emilia-Romagna,4459477,347553,7.79,0.77
1473,2021-03-23,EMR,18799,8145,10654,11951,6687,161,ITH,ITH5,8,Emilia-Romagna,Emilia-Romagna,4459477,366352,8.22,0.42
1474,2021-06-21,EMR,37545,18985,18560,16319,20870,356,ITH,ITH5,8,Emilia-Romagna,Emilia-Romagna,4459477,403897,9.06,0.84
1475,2021-07-08,EMR,41232,20542,20690,4825,36095,312,ITH,ITH5,8,Emilia-Romagna,Emilia-Romagna,4459477,445129,9.98,0.92
1476,2021-03-30,EMR,23345,10339,13006,18008,5041,296,ITH,ITH5,8,Emilia-Romagna,Emilia-Romagna,4459477,468474,10.51,0.52
1477,2021-07-22,EMR,40026,21364,18662,15202,23981,843,ITH,ITH5,8,Emilia-Romagna,Emilia-Romagna,4459477,508500,11.4,0.9
1478,2021-01-04,EMR,7315,2527,4788,7312,0,3,ITH,ITH5,8,Emilia-Romagna,Emilia-Romagna,4459477,515815,11.57,0.16
1479,2021-07-20,EMR,42869,22418,20451,6870,35597,402,ITH,ITH5,8,Emilia-Romagna,Emilia-Romagna,4459477,558684,12.53,0.96
1480,2021-04-11,EMR,15278,6935,8343,11980,3048,250,ITH,ITH5,8,Emilia-Romagna,Emilia-Romagna,4459477,573962,12.87,0.34
1481,2021-02-11,EMR,4256,1415,2841,3397,843,16,ITH,ITH5,8,Emilia-Romagna,Emilia-Romagna,4459477,578218,12.97,0.1
1482,2021-01-30,EMR,10083,3521,6562,140,9942,1,ITH,ITH5,8,Emilia-Romagna,Emilia-Romagna,4459477,588301,13.19,0.23
1483,2021-07-15,EMR,49903,25990,23913,7969,41365,569,ITH,ITH5,8,Emilia-Romagna,Emilia-Romagna,4459477,638204,14.31,1.12
1484,2021-04-16,EMR,29228,13762,15466,20024,8838,366,ITH,ITH5,8,Emilia-Romagna,Emilia-Romagna,4459477,667432,14.97,0.66
1485,2021-01-06,EMR,8288,2956,5332,8287,0,1,ITH,ITH5,8,Emilia-Romagna,Emilia-Romagna,4459477,675720,15.15,0.19
1486,2021-04-30,EMR,36617,16791,19826,21207,14799,611,ITH,ITH5,8,Emilia-Romagna,Emilia-Romagna,4459477,712337,15.97,0.82
1487,2021-03-28,EMR,13502,6028,7474,9506,3871,125,ITH,ITH5,8,Emilia-Romagna,Emilia-Romagna,4459477,725839,16.28,0.3
1488,2021-02-25,EMR,9249,3499,5750,8273,954,22,ITH,ITH5,8,Emilia-Romagna,Emilia-Romagna,4459477,735088,16.48,0.21
1489,2021-06-26,EMR,37429,18968,18461,21398,15520,511,ITH,ITH5,8,Emilia-Romagna,Emilia-Romagna,4459477,772517,17.32,0.84
1490,2021-07-10,EMR,41957,21364,20593,6921,34529,507,ITH,ITH5,8,Emilia-Romagna,Emilia-Romagna,4459477,814474,18.26,0.94
1491,2021-05-09,EMR,25615,12255,13360,18246,6968,401,ITH,ITH5,8,Emilia-Romagna,Emilia-Romagna,4459477,840089,18.84,0.57
1492,2021-01-29,EMR,10416,3496,6920,289,10126,1,ITH,ITH5,8,Emilia-Romagna,Emilia-Romagna,4459477,850505,19.07,0.23
1493,2021-02-15,EMR,2904,851,2053,2712,125,67,ITH,ITH5,8,Emilia-Romagna,Emilia-Romagna,4459477,853409,19.14,0.07
1494,2021-01-27,EMR,8363,2949,5414,462,7901,0,ITH,ITH5,8,Emilia-Romagna,Emilia-Romagna,4459477,861772,19.32,0.19
1495,2021-05-31,EMR,29771,13768,16003,17722,11503,546,ITH,ITH5,8,Emilia-Romagna,Emilia-Romagna,4459477,891543,19.99,0.67
1496,2021-02-20,EMR,5319,2094,3225,5049,263,7,ITH,ITH5,8,Emilia-Romagna,Emilia-Romagna,4459477,896862,20.11,0.12
1497,2021-01-15,EMR,7750,2404,5346,7742,0,8,ITH,ITH5,8,Emilia-Romagna,Emilia-Romagna,4459477,904612,20.29,0.17
1498,2021-06-09,EMR,43042,21869,21173,36124,6373,545,ITH,ITH5,8,Emilia-Romagna,Emilia-Romagna,4459477,947654,21.25,0.97
1499,2021-03-01,EMR,10098,3582,6516,7814,2259,25,ITH,ITH5,8,Emilia-Romagna,Emilia-Romagna,4459477,957752,21.48,0.23
1500,2021-05-04,EMR,29281,13709,15572,15135,13661,485,ITH,ITH5,8,Emilia-Romagna,Emilia-Romagna,4459477,987033,22.13,0.66
1501,2021-03-09,EMR,14759,6020,8739,10711,3953,95,ITH,ITH5,8,Emilia-Romagna,Emilia-Romagna,4459477,1001792,22.46,0.33
1502,2021-05-05,EMR,30120,13995,16125,18283,11267,570,ITH,ITH5,8,Emilia-Romagna,Emilia-Romagna,4459477,1031912,23.14,0.68
1503,2021-05-23,EMR,25489,11861,13628,13580,11597,312,ITH,ITH5,8,Emilia-Romagna,Emilia-Romagna,4459477,1057401,23.71,0.57
1504,2021-07-19,EMR,41821,22029,19792,6878,34619,324,ITH,ITH5,8,Emilia-Romagna,Emilia-Romagna,4459477,1099222,24.65,0.94
1505,2021-05-19,EMR,33750,14970,18780,18031,15199,520,ITH,ITH5,8,Emilia-Romagna,Emilia-Romagna,4459477,1132972,25.41,0.76
1506,2021-06-02,EMR,24103,12065,12038,18936,4972,195,ITH,ITH5,8,Emilia-Romagna,Emilia-Romagna,4459477,1157075,25.95,0.54
1507,2021-03-13,EMR,16137,6361,9776,10589,5313,235,ITH,ITH5,8,Emilia-Romagna,Emilia-Romagna,4459477,1173212,26.31,0.36
1508,2021-07-05,EMR,33182,16184,16998,11443,21339,400,ITH,ITH5,8,Emilia-Romagna,Emilia-Romagna,4459477,1206394,27.05,0.74
1509,2021-06-19,EMR,36639,18341,18298,16974,19386,279,ITH,ITH5,8,Emilia-Romagna,Emilia-Romagna,4459477,1243033,27.87,0.82
1510,2021-03-11,EMR,17456,7307,10149,11433,5851,172,ITH,ITH5,8,Emilia-Romagna,Emilia-Romagna,4459477,1260489,28.27,0.39
1511,2021-02-06,EMR,7594,2404,5190,2105,5485,4,ITH,ITH5,8,Emilia-Romagna,Emilia-Romagna,4459477,1268083,28.44,0.17
1512,2021-04-23,EMR,29564,13811,15753,14305,14884,375,ITH,ITH5,8,Emilia-Romagna,Emilia-Romagna,4459477,1297647,29.1,0.66
1513,2021-01-13,EMR,9076,2941,6135,9071,0,5,ITH,ITH5,8,Emilia-Romagna,Emilia-Romagna,4459477,1306723,29.3,0.2
1514,2021-04-04,EMR,9879,4717,5162,7525,2267,87,ITH,ITH5,8,Emilia-Romagna,Emilia-Romagna,4459477,1316602,29.52,0.22
1515,2021-01-11,EMR,9347,3273,6074,9338,0,9,ITH,ITH5,8,Emilia-Romagna,Emilia-Romagna,4459477,1325949,29.73,0.21
1516,2021-04-18,EMR,17504,8396,9108,12362,4918,224,ITH,ITH5,8,Emilia-Romagna,Emilia-Romagna,4459477,1343453,30.13,0.39
1517,2021-06-14,EMR,41290,21348,19942,27768,13073,449,ITH,ITH5,8,Emilia-Romagna,Emilia-Romagna,4459477,1384743,31.05,0.93
1518,2021-03-25,EMR,21481,9417,12064,14232,6990,259,ITH,ITH5,8,Emilia-Romagna,Emilia-Romagna,4459477,1406224,31.53,0.48
1519,2021-05-21,EMR,39317,17542,21775,21635,17072,610,ITH,ITH5,8,Emilia-Romagna,Emilia-Romagna,4459477,1445541,32.42,0.88
1520,2021-02-10,EMR,4023,1385,2638,2761,1256,6,ITH,ITH5,8,Emilia-Romagna,Emilia-Romagna,4459477,1449564,32.51,0.09
1521,2021-04-08,EMR,31215,14332,16883,25212,5304,699,ITH,ITH5,8,Emilia-Romagna,Emilia-Romagna,4459477,1480779,33.21,0.7
1522,2021-02-27,EMR,10961,3998,6963,9192,1738,31,ITH,ITH5,8,Emilia-Romagna,Emilia-Romagna,4459477,1491740,33.45,0.25
1523,2021-04-25,EMR,22351,10240,12111,14398,7511,442,ITH,ITH5,8,Emilia-Romagna,Emilia-Romagna,4459477,1514091,33.95,0.5
1524,2021-04-27,EMR,32111,14867,17244,19226,12464,421,ITH,ITH5,8,Emilia-Romagna,Emilia-Romagna,4459477,1546202,34.67,0.72
1525,2021-01-10,EMR,7171,2684,4487,7170,0,1,ITH,ITH5,8,Emilia-Romagna,Emilia-Romagna,4459477,1553373,34.83,0.16
1526,2021-06-16,EMR,45734,23372,22362,25375,19932,427,ITH,ITH5,8,Emilia-Romagna,Emilia-Romagna,4459477,1599107,35.86,1.03
1527,2021-03-08,EMR,12191,5092,7099,9465,2647,79,ITH,ITH5,8,Emilia-Romagna,Emilia-Romagna,4459477,1611298,36.13,0.27
1528,2021-04-20,EMR,22625,10406,12219,13884,8354,387,ITH,ITH5,8,Emilia-Romagna,Emilia-Romagna,4459477,1633923,36.64,0.51
1529,2021-06-23,EMR,37758,18888,18870,18582,18837,339,ITH,ITH5,8,Emilia-Romagna,Emilia-Romagna,4459477,1671681,37.49,0.85
1530,2021-07-12,EMR,43935,22257,21678,5542,38021,372,ITH,ITH5,8,Emilia-Romagna,Emilia-Romagna,4459477,1715616,38.47,0.99
1531,2021-03-18,EMR,13677,5807,7870,5584,8002,91,ITH,ITH5,8,Emilia-Romagna,Emilia-Romagna,4459477,1729293,38.78,0.31
1532,2021-05-14,EMR,37291,17181,20110,26763,9636,892,ITH,ITH5,8,Emilia-Romagna,Emilia-Romagna,4459477,1766584,39.61,0.84
1533,2021-02-03,EMR,9340,2989,6351,963,8376,1,ITH,ITH5,8,Emilia-Romagna,Emilia-Romagna,4459477,1775924,39.82,0.21
1534,2021-04-01,EMR,23953,10772,13181,19063,4551,339,ITH,ITH5,8,Emilia-Romagna,Emilia-Romagna,4459477,1799877,40.36,0.54
1535,2021-02-17,EMR,6538,2764,3774,5754,772,12,ITH,ITH5,8,Emilia-Romagna,Emilia-Romagna,4459477,1806415,40.51,0.15
1536,2021-06-01,EMR,27155,13096,14059,17021,9910,224,ITH,ITH5,8,Emilia-Romagna,Emilia-Romagna,4459477,1833570,41.12,0.61
1537,2021-04-12,EMR,19247,9008,10239,14447,4447,353,ITH,ITH5,8,Emilia-Romagna,Emilia-Romagna,4459477,1852817,41.55,0.43
1538,2021-06-08,EMR,44996,23029,21967,37133,7470,393,ITH,ITH5,8,Emilia-Romagna,Emilia-Romagna,4459477,1897813,42.56,1.01
1539,2021-06-30,EMR,34223,17274,16949,18079,15655,489,ITH,ITH5,8,Emilia-Romagna,Emilia-Romagna,4459477,1932036,43.32,0.77
1540,2021-07-17,EMR,43433,22915,20518,7434,35532,467,ITH,ITH5,8,Emilia-Romagna,Emilia-Romagna,4459477,1975469,44.3,0.97
1541,2021-06-11,EMR,45879,23820,22059,38785,6515,579,ITH,ITH5,8,Emilia-Romagna,Emilia-Romagna,4459477,2021348,45.33,1.03
1542,2021-06-28,EMR,40023,19633,20390,19915,19563,545,ITH,ITH5,8,Emilia-Romagna,Emilia-Romagna,4459477,2061371,46.22,0.9
1543,2021-03-20,EMR,16086,6830,9256,8956,6964,166,ITH,ITH5,8,Emilia-Romagna,Emilia-Romagna,4459477,2077457,46.59,0.36
1544,2021-04-06,EMR,24752,11174,13578,19721,4746,285,ITH,ITH5,8,Emilia-Romagna,Emilia-Romagna,4459477,2102209,47.14,0.56
1545,2020-12-27,EMR,972,373,599,972,0,0,ITH,ITH5,8,Emilia-Romagna,Emilia-Romagna,4459477,2103181,47.16,0.02
1546,2021-02-12,EMR,5315,1673,3642,3888,1403,24,ITH,ITH5,8,Emilia-Romagna,Emilia-Romagna,4459477,2108496,47.28,0.12
1547,2021-04-10,EMR,20922,9301,11621,16449,4143,330,ITH,ITH5,8,Emilia-Romagna,Emilia-Romagna,4459477,2129418,47.75,0.47
1548,2021-04-17,EMR,27304,13077,14227,17573,9346,385,ITH,ITH5,8,Emilia-Romagna,Emilia-Romagna,4459477,2156722,48.36,0.61
1549,2021-01-07,EMR,10274,3406,6868,10270,0,4,ITH,ITH5,8,Emilia-Romagna,Emilia-Romagna,4459477,2166996,48.59,0.23
1550,2021-04-03,EMR,19938,8766,11172,15953,3740,245,ITH,ITH5,8,Emilia-Romagna,Emilia-Romagna,4459477,2186934,49.04,0.45
1551,2021-05-30,EMR,27079,12793,14286,12978,13696,405,ITH,ITH5,8,Emilia-Romagna,Emilia-Romagna,4459477,2214013,49.65,0.61
1552,2021-02-19,EMR,7326,3010,4316,6799,514,13,ITH,ITH5,8,Emilia-Romagna,Emilia-Romagna,4459477,2221339,49.81,0.16
1553,2021-07-26,EMR,37957,20182,17775,14882,22375,700,ITH,ITH5,8,Emilia-Romagna,Emilia-Romagna,4459477,2259296,50.66,0.85
1554,2020-12-31,EMR,2215,780,1435,2214,0,1,ITH,ITH5,8,Emilia-Romagna,Emilia-Romagna,4459477,2261511,50.71,0.05
1555,2021-06-06,EMR,36569,18985,17584,31951,4407,211,ITH,ITH5,8,Emilia-Romagna,Emilia-Romagna,4459477,2298080,51.53,0.82
1556,2021-02-26,EMR,9636,3673,5963,8566,1050,20,ITH,ITH5,8,Emilia-Romagna,Emilia-Romagna,4459477,2307716,51.75,0.22
1557,2021-01-08,EMR,10868,3580,7288,10865,0,3,ITH,ITH5,8,Emilia-Romagna,Emilia-Romagna,4459477,2318584,51.99,0.24
1558,2021-03-06,EMR,20913,5941,14972,18052,2738,123,ITH,ITH5,8,Emilia-Romagna,Emilia-Romagna,4459477,2339497,52.46,0.47
1559,2021-05-20,EMR,40310,18324,21986,18399,21409,502,ITH,ITH5,8,Emilia-Romagna,Emilia-Romagna,4459477,2379807,53.37,0.9
1560,2021-06-13,EMR,28708,14969,13739,24097,4277,334,ITH,ITH5,8,Emilia-Romagna,Emilia-Romagna,4459477,2408515,54.01,0.64
1561,2021-03-05,EMR,17868,5843,12025,14293,3455,120,ITH,ITH5,8,Emilia-Romagna,Emilia-Romagna,4459477,2426383,54.41,0.4
1562,2021-03-22,EMR,17646,7813,9833,10616,6862,168,ITH,ITH5,8,Emilia-Romagna,Emilia-Romagna,4459477,2444029,54.81,0.4
1563,2021-03-03,EMR,15866,5253,10613,13328,2486,52,ITH,ITH5,8,Emilia-Romagna,Emilia-Romagna,4459477,2459895,55.16,0.36
1564,2021-05-25,EMR,25158,11212,13946,11297,13437,424,ITH,ITH5,8,Emilia-Romagna,Emilia-Romagna,4459477,2485053,55.73,0.56
1565,2021-02-14,EMR,1403,378,1025,1275,120,8,ITH,ITH5,8,Emilia-Romagna,Emilia-Romagna,4459477,2486456,55.76,0.03
1566,2021-06-04,EMR,45660,22984,22676,37139,8171,350,ITH,ITH5,8,Emilia-Romagna,Emilia-Romagna,4459477,2532116,56.78,1.02
1567,2021-01-20,EMR,1327,270,1057,1325,1,1,ITH,ITH5,8,Emilia-Romagna,Emilia-Romagna,4459477,2533443,56.81,0.03
1568,2021-07-24,EMR,24059,12860,11199,10752,12757,550,ITH,ITH5,8,Emilia-Romagna,Emilia-Romagna,4459477,2557502,57.35,0.54
1569,2021-04-15,EMR,29352,13982,15370,19248,9676,428,ITH,ITH5,8,Emilia-Romagna,Emilia-Romagna,4459477,2586854,58.01,0.66
1570,2021-06-18,EMR,42526,21286,21240,16359,25873,294,ITH,ITH5,8,Emilia-Romagna,Emilia-Romagna,4459477,2629380,58.96,0.95
1571,2021-03-10,EMR,18805,7744,11061,12980,5645,180,ITH,ITH5,8,Emilia-Romagna,Emilia-Romagna,4459477,2648185,59.38,0.42
1572,2021-05-18,EMR,29149,13257,15892,18096,10567,486,ITH,ITH5,8,Emilia-Romagna,Emilia-Romagna,4459477,2677334,60.04,0.65
1573,2021-02-07,EMR,4785,1536,3249,1722,3061,2,ITH,ITH5,8,Emilia-Romagna,Emilia-Romagna,4459477,2682119,60.14,0.11
1574,2021-02-24,EMR,9352,3567,5785,8450,885,17,ITH,ITH5,8,Emilia-Romagna,Emilia-Romagna,4459477,2691471,60.35,0.21
1575,2021-01-05,EMR,9363,3171,6192,9359,0,4,ITH,ITH5,8,Emilia-Romagna,Emilia-Romagna,4459477,2700834,60.56,0.21
1576,2021-05-06,EMR,35941,16608,19333,22175,13064,702,ITH,ITH5,8,Emilia-Romagna,Emilia-Romagna,4459477,2736775,61.37,0.81
1577,2021-01-26,EMR,8334,3000,5334,211,8122,1,ITH,ITH5,8,Emilia-Romagna,Emilia-Romagna,4459477,2745109,61.56,0.19
1578,2021-07-02,EMR,34696,17064,17632,12568,21686,442,ITH,ITH5,8,Emilia-Romagna,Emilia-Romagna,4459477,2779805,62.33,0.78
1579,2021-03-24,EMR,21222,9402,11820,13620,7383,219,ITH,ITH5,8,Emilia-Romagna,Emilia-Romagna,4459477,2801027,62.81,0.48
1580,2021-01-24,EMR,2444,886,1558,298,2146,0,ITH,ITH5,8,Emilia-Romagna,Emilia-Romagna,4459477,2803471,62.87,0.05
1581,2021-07-09,EMR,44755,22859,21896,5491,38931,333,ITH,ITH5,8,Emilia-Romagna,Emilia-Romagna,4459477,2848226,63.87,1.0
1582,2021-01-17,EMR,2889,886,2003,2642,246,1,ITH,ITH5,8,Emilia-Romagna,Emilia-Romagna,4459477,2851115,63.93,0.06
1583,2021-04-02,EMR,23396,10554,12842,18562,4481,353,ITH,ITH5,8,Emilia-Romagna,Emilia-Romagna,4459477,2874511,64.46,0.52
1584,2021-05-28,EMR,41219,18944,22275,17271,23357,591,ITH,ITH5,8,Emilia-Romagna,Emilia-Romagna,4459477,2915730,65.38,0.92
1585,2021-04-22,EMR,29054,13453,15601,14616,14077,361,ITH,ITH5,8,Emilia-Romagna,Emilia-Romagna,4459477,2944784,66.03,0.65
1586,2021-01-12,EMR,9475,3124,6351,9465,0,10,ITH,ITH5,8,Emilia-Romagna,Emilia-Romagna,4459477,2954259,66.25,0.21
1587,2021-07-16,EMR,49660,26211,23449,7159,41956,545,ITH,ITH5,8,Emilia-Romagna,Emilia-Romagna,4459477,3003919,67.36,1.11
1588,2021-06-27,EMR,29543,14860,14683,16449,12722,372,ITH,ITH5,8,Emilia-Romagna,Emilia-Romagna,4459477,3033462,68.02,0.66
1589,2021-07-14,EMR,47843,24465,23378,5731,41725,387,ITH,ITH5,8,Emilia-Romagna,Emilia-Romagna,4459477,3081305,69.1,1.07
1590,2021-04-05,EMR,14847,6802,8045,11779,2892,176,ITH,ITH5,8,Emilia-Romagna,Emilia-Romagna,4459477,3096152,69.43,0.33
1591,2021-04-24,EMR,28635,13243,15392,14059,14230,346,ITH,ITH5,8,Emilia-Romagna,Emilia-Romagna,4459477,3124787,70.07,0.64
1592,2021-05-11,EMR,35790,16796,18994,27794,7257,739,ITH,ITH5,8,Emilia-Romagna,Emilia-Romagna,4459477,3160577,70.87,0.8
1593,2021-01-31,EMR,7697,2763,4934,240,7457,0,ITH,ITH5,8,Emilia-Romagna,Emilia-Romagna,4459477,3168274,71.05,0.17
1594,2021-07-21,EMR,42053,22410,19643,10548,30966,539,ITH,ITH5,8,Emilia-Romagna,Emilia-Romagna,4459477,3210327,71.99,0.94
1595,2021-04-19,EMR,20902,9796,11106,14336,6273,293,ITH,ITH5,8,Emilia-Romagna,Emilia-Romagna,4459477,3231229,72.46,0.47
1596,2021-01-09,EMR,9988,3452,6536,9984,0,4,ITH,ITH5,8,Emilia-Romagna,Emilia-Romagna,4459477,3241217,72.68,0.22
1597,2021-06-15,EMR,43679,22512,21167,28076,15039,564,ITH,ITH5,8,Emilia-Romagna,Emilia-Romagna,4459477,3284896,73.66,0.98
1598,2021-03-07,EMR,7840,2959,4881,6288,1520,32,ITH,ITH5,8,Emilia-Romagna,Emilia-Romagna,4459477,3292736,73.84,0.18
1599,2021-05-03,EMR,28719,13567,15152,17391,10880,448,ITH,ITH5,8,Emilia-Romagna,Emilia-Romagna,4459477,3321455,74.48,0.64
1600,2021-02-28,EMR,6819,2527,4292,4954,1846,19,ITH,ITH5,8,Emilia-Romagna,Emilia-Romagna,4459477,3328274,74.63,0.15
1601,2021-04-26,EMR,27908,12938,14970,18036,9323,549,ITH,ITH5,8,Emilia-Romagna,Emilia-Romagna,4459477,3356182,75.26,0.63
1602,2021-01-16,EMR,5628,1718,3910,5627,0,1,ITH,ITH5,8,Emilia-Romagna,Emilia-Romagna,4459477,3361810,75.39,0.13
1603,2021-03-14,EMR,8802,3839,4963,4941,3798,63,ITH,ITH5,8,Emilia-Romagna,Emilia-Romagna,4459477,3370612,75.58,0.2
1604,2021-05-27,EMR,42264,18748,23516,13621,28208,435,ITH,ITH5,8,Emilia-Romagna,Emilia-Romagna,4459477,3412876,76.53,0.95
1605,2021-02-16,EMR,5772,2446,3326,5227,531,14,ITH,ITH5,8,Emilia-Romagna,Emilia-Romagna,4459477,3418648,76.66,0.13
1606,2021-05-10,EMR,33862,16141,17721,26052,7256,554,ITH,ITH5,8,Emilia-Romagna,Emilia-Romagna,4459477,3452510,77.42,0.76
1607,2021-04-21,EMR,23962,10965,12997,13855,9746,361,ITH,ITH5,8,Emilia-Romagna,Emilia-Romagna,4459477,3476472,77.96,0.54
1608,2021-05-08,EMR,32349,15097,17252,20384,11423,542,ITH,ITH5,8,Emilia-Romagna,Emilia-Romagna,4459477,3508821,78.68,0.73
1609,2021-01-28,EMR,10255,3339,6916,348,9907,0,ITH,ITH5,8,Emilia-Romagna,Emilia-Romagna,4459477,3519076,78.91,0.23
1610,2021-04-28,EMR,33729,15595,18134,20259,12892,578,ITH,ITH5,8,Emilia-Romagna,Emilia-Romagna,4459477,3552805,79.67,0.76
1611,2021-06-24,EMR,40327,20181,20146,20337,19549,441,ITH,ITH5,8,Emilia-Romagna,Emilia-Romagna,4459477,3593132,80.57,0.9
1612,2021-05-29,EMR,37863,16502,21361,16653,20697,513,ITH,ITH5,8,Emilia-Romagna,Emilia-Romagna,4459477,3630995,81.42,0.85
1613,2021-07-11,EMR,30305,15195,15110,2878,27281,146,ITH,ITH5,8,Emilia-Romagna,Emilia-Romagna,4459477,3661300,82.1,0.68
1614,2021-06-29,EMR,37621,18554,19067,18426,18770,425,ITH,ITH5,8,Emilia-Romagna,Emilia-Romagna,4459477,3698921,82.95,0.84
1615,2021-03-21,EMR,11956,5296,6660,7261,4605,90,ITH,ITH5,8,Emilia-Romagna,Emilia-Romagna,4459477,3710877,83.21,0.27
1616,2021-06-10,EMR,44980,23099,21881,39087,5359,534,ITH,ITH5,8,Emilia-Romagna,Emilia-Romagna,4459477,3755857,84.22,1.01
1617,2021-03-02,EMR,12659,4272,8387,10516,2087,56,ITH,ITH5,8,Emilia-Romagna,Emilia-Romagna,4459477,3768516,84.51,0.28
1618,2021-03-19,EMR,15925,6972,8953,7799,7969,157,ITH,ITH5,8,Emilia-Romagna,Emilia-Romagna,4459477,3784441,84.86,0.36
1619,2021-06-25,EMR,42514,21524,20990,19731,22290,493,ITH,ITH5,8,Emilia-Romagna,Emilia-Romagna,4459477,3826955,85.82,0.95
1620,2021-03-17,EMR,13723,5692,8031,5814,7851,58,ITH,ITH5,8,Emilia-Romagna,Emilia-Romagna,4459477,3840678,86.12,0.31
1621,2021-05-13,EMR,35828,16508,19320,27269,7836,723,ITH,ITH5,8,Emilia-Romagna,Emilia-Romagna,4459477,3876506,86.93,0.8
1622,2021-03-15,EMR,13449,6249,7200,6849,6500,100,ITH,ITH5,8,Emilia-Romagna,Emilia-Romagna,4459477,3889955,87.23,0.3
1623,2021-04-29,EMR,44961,21141,23820,26598,17553,810,ITH,ITH5,8,Emilia-Romagna,Emilia-Romagna,4459477,3934916,88.24,1.01
1624,2021-01-19,EMR,2046,505,1541,2028,17,1,ITH,ITH5,8,Emilia-Romagna,Emilia-Romagna,4459477,3936962,88.28,0.05
1625,2021-07-07,EMR,37833,19110,18723,13629,23654,550,ITH,ITH5,8,Emilia-Romagna,Emilia-Romagna,4459477,3974795,89.13,0.85
1626,2021-03-29,EMR,21431,9618,11813,16541,4650,240,ITH,ITH5,8,Emilia-Romagna,Emilia-Romagna,4459477,3996226,89.61,0.48
1627,2021-02-21,EMR,4450,1708,2742,4000,440,10,ITH,ITH5,8,Emilia-Romagna,Emilia-Romagna,4459477,4000676,89.71,0.1
1628,2021-07-25,EMR,28143,14991,13152,10355,17353,435,ITH,ITH5,8,Emilia-Romagna,Emilia-Romagna,4459477,4028819,90.34,0.63
1629,2021-06-17,EMR,46439,23473,22966,21833,24189,417,ITH,ITH5,8,Emilia-Romagna,Emilia-Romagna,4459477,4075258,91.38,1.04
1630,2021-03-31,EMR,25268,11045,14223,19495,5453,320,ITH,ITH5,8,Emilia-Romagna,Emilia-Romagna,4459477,4100526,91.95,0.57
1631,2021-07-13,EMR,48301,24739,23562,6684,41160,457,ITH,ITH5,8,Emilia-Romagna,Emilia-Romagna,4459477,4148827,93.03,1.08
1632,2021-07-04,EMR,24242,12051,12191,10309,13595,338,ITH,ITH5,8,Emilia-Romagna,Emilia-Romagna,4459477,4173069,93.58,0.54
1633,2021-03-26,EMR,23709,10115,13594,16998,6439,272,ITH,ITH5,8,Emilia-Romagna,Emilia-Romagna,4459477,4196778,94.11,0.53
1634,2021-01-02,EMR,2379,917,1462,2379,0,0,ITH,ITH5,8,Emilia-Romagna,Emilia-Romagna,4459477,4199157,94.16,0.05
1635,2021-06-05,EMR,44262,22364,21898,36951,6906,405,ITH,ITH5,8,Emilia-Romagna,Emilia-Romagna,4459477,4243419,95.16,0.99
1636,2021-06-22,EMR,36398,18124,18274,16457,19606,335,ITH,ITH5,8,Emilia-Romagna,Emilia-Romagna,4459477,4279817,95.97,0.82
1637,2021-02-09,EMR,4154,1249,2905,2306,1847,1,ITH,ITH5,8,Emilia-Romagna,Emilia-Romagna,4459477,4283971,96.06,0.09
1638,2021-05-15,EMR,33270,14990,18280,22207,10424,639,ITH,ITH5,8,Emilia-Romagna,Emilia-Romagna,4459477,4317241,96.81,0.75
1639,2021-02-04,EMR,9921,3202,6719,1230,8690,1,ITH,ITH5,8,Emilia-Romagna,Emilia-Romagna,4459477,4327162,97.03,0.22
1640,2021-05-22,EMR,33085,14143,18942,16459,16167,459,ITH,ITH5,8,Emilia-Romagna,Emilia-Romagna,4459477,4360247,97.77,0.74
1641,2021-07-18,EMR,34407,17835,16572,8368,25698,341,ITH,ITH5,8,Emilia-Romagna,Emilia-Romagna,4459477,4394654,98.55,0.77
1642,2021-04-09,EMR,25732,11669,14063,19532,5701,499,ITH,ITH5,8,Emilia-Romagna,Emilia-Romagna,4459477,4420386,99.12,0.58
1643,2021-02-02,EMR,9484,3049,6435,525,8959,0,ITH,ITH5,8,Emilia-Romagna,Emilia-Romagna,4459477,4429870,99.34,0.21
1644,2021-04-07,EMR,26118,11891,14227,19790,6013,315,ITH,ITH5,8,Emilia-Romagna,Emilia-Romagna,4459477,4455988,99.92,0.59
1645,2021-01-14,EMR,8129,2593,5536,8119,0,10,ITH,ITH5,8,Emilia-Romagna,Emilia-Romagna,4459477,4464117,100.1,0.18
1646,2021-07-06,EMR,36737,18463,18274,13118,23151,468,ITH,ITH5,8,Emilia-Romagna,Emilia-Romagna,4459477,4500854,100.93,0.82
1647,2021-05-17,EMR,32430,15403,17027,22367,9522,541,ITH,ITH5,8,Emilia-Romagna,Emilia-Romagna,4459477,4533284,101.66,0.73
1648,2021-03-27,EMR,21660,9059,12601,14506,6908,246,ITH,ITH5,8,Emilia-Romagna,Emilia-Romagna,4459477,4554944,102.14,0.49
1649,2021-04-13,EMR,23717,11127,12590,19028,4343,346,ITH,ITH5,8,Emilia-Romagna,Emilia-Romagna,4459477,4578661,102.67,0.53
1650,2021-01-03,EMR,2764,944,1820,2764,0,0,ITH,ITH5,8,Emilia-Romagna,Emilia-Romagna,4459477,4581425,102.73,0.06
1651,2021-05-02,EMR,25581,11653,13928,13191,11991,399,ITH,ITH5,8,Emilia-Romagna,Emilia-Romagna,4459477,4607006,103.31,0.57
1652,2021-01-22,EMR,1829,477,1352,1086,741,2,ITH,ITH5,8,Emilia-Romagna,Emilia-Romagna,4459477,4608835,103.35,0.04
1653,2021-02-08,EMR,5231,1534,3697,2315,2913,3,ITH,ITH5,8,Emilia-Romagna,Emilia-Romagna,4459477,4614066,103.47,0.12
1654,2021-05-16,EMR,25858,12175,13683,18360,7121,377,ITH,ITH5,8,Emilia-Romagna,Emilia-Romagna,4459477,4639924,104.05,0.58
1655,2021-02-22,EMR,7482,3091,4391,7197,272,13,ITH,ITH5,8,Emilia-Romagna,Emilia-Romagna,4459477,4647406,104.21,0.17
1656,2021-05-01,EMR,28410,12776,15634,15276,12779,355,ITH,ITH5,8,Emilia-Romagna,Emilia-Romagna,4459477,4675816,104.85,0.64
1657,2021-02-05,EMR,9290,2956,6334,1601,7683,6,ITH,ITH5,8,Emilia-Romagna,Emilia-Romagna,4459477,4685106,105.06,0.21
1658,2021-06-20,EMR,30715,15588,15127,15845,14654,216,ITH,ITH5,8,Emilia-Romagna,Emilia-Romagna,4459477,4715821,105.75,0.69
1659,2021-07-23,EMR,39149,21185,17964,19376,18803,970,ITH,ITH5,8,Emilia-Romagna,Emilia-Romagna,4459477,4754970,106.63,0.88
1660,2021-04-14,EMR,27043,12844,14199,20511,6105,427,ITH,ITH5,8,Emilia-Romagna,Emilia-Romagna,4459477,4782013,107.23,0.61
1661,2021-01-21,EMR,2165,729,1436,819,1346,0,ITH,ITH5,8,Emilia-Romagna,Emilia-Romagna,4459477,4784178,107.28,0.05
1662,2021-06-03,EMR,37904,18434,19470,30059,7544,301,ITH,ITH5,8,Emilia-Romagna,Emilia-Romagna,4459477,4822082,108.13,0.85
1663,2021-02-23,EMR,8216,3219,4997,7819,386,11,ITH,ITH5,8,Emilia-Romagna,Emilia-Romagna,4459477,4830298,108.32,0.18
1664,2021-03-12,EMR,18306,7701,10605,11303,6718,285,ITH,ITH5,8,Emilia-Romagna,Emilia-Romagna,4459477,4848604,108.73,0.41
1665,2021-04-26,LIG,10568,4986,5582,7847,2636,85,ITC,ITC3,7,Liguria,Liguria,1550640,10568,0.68,0.68
1666,2021-01-16,LIG,1278,557,721,1273,0,5,ITC,ITC3,7,Liguria,Liguria,1550640,11846,0.76,0.08
1667,2021-02-02,LIG,2673,1007,1666,127,2544,2,ITC,ITC3,7,Liguria,Liguria,1550640,14519,0.94,0.17
1668,2021-04-28,LIG,14461,6524,7937,6381,7987,93,ITC,ITC3,7,Liguria,Liguria,1550640,28980,1.87,0.93
1669,2021-02-04,LIG,2817,987,1830,178,2639,0,ITC,ITC3,7,Liguria,Liguria,1550640,31797,2.05,0.18
1670,2021-05-15,LIG,7320,3272,4048,4286,2955,79,ITC,ITC3,7,Liguria,Liguria,1550640,39117,2.52,0.47
1671,2021-02-21,LIG,869,491,378,858,4,7,ITC,ITC3,7,Liguria,Liguria,1550640,39986,2.58,0.06
1672,2021-01-28,LIG,2849,972,1877,40,2809,0,ITC,ITC3,7,Liguria,Liguria,1550640,42835,2.76,0.18
1673,2021-02-16,LIG,2428,957,1471,1996,424,8,ITC,ITC3,7,Liguria,Liguria,1550640,45263,2.92,0.16
1674,2021-07-23,LIG,19941,10279,9662,5175,14710,56,ITC,ITC3,7,Liguria,Liguria,1550640,65204,4.2,1.29
1675,2021-05-27,LIG,16970,8707,8263,12649,4153,168,ITC,ITC3,7,Liguria,Liguria,1550640,82174,5.3,1.09
1676,2021-04-14,LIG,13075,5670,7405,10751,2201,123,ITC,ITC3,7,Liguria,Liguria,1550640,95249,6.14,0.84
1677,2021-05-29,LIG,6865,3252,3613,3976,2870,19,ITC,ITC3,7,Liguria,Liguria,1550640,102114,6.59,0.44
1678,2021-07-25,LIG,6354,3234,3120,617,5728,9,ITC,ITC3,7,Liguria,Liguria,1550640,108468,7.0,0.41
1679,2021-03-14,LIG,1659,752,907,1033,604,22,ITC,ITC3,7,Liguria,Liguria,1550640,110127,7.1,0.11
1680,2021-06-22,LIG,15795,7456,8339,7647,8116,32,ITC,ITC3,7,Liguria,Liguria,1550640,125922,8.12,1.02
1681,2021-07-06,LIG,12329,6057,6272,5682,6611,36,ITC,ITC3,7,Liguria,Liguria,1550640,138251,8.92,0.8
1682,2021-05-10,LIG,12651,5642,7009,6211,6375,65,ITC,ITC3,7,Liguria,Liguria,1550640,150902,9.73,0.82
1683,2021-05-03,LIG,13259,5920,7339,6334,6816,109,ITC,ITC3,7,Liguria,Liguria,1550640,164161,10.59,0.86
1684,2021-03-21,LIG,551,220,331,69,482,0,ITC,ITC3,7,Liguria,Liguria,1550640,164712,10.62,0.04
1685,2021-02-28,LIG,1059,580,479,1043,9,7,ITC,ITC3,7,Liguria,Liguria,1550640,165771,10.69,0.07
1686,2021-07-18,LIG,2382,1222,1160,391,1980,11,ITC,ITC3,7,Liguria,Liguria,1550640,168153,10.84,0.15
1687,2021-06-05,LIG,8091,4114,3977,4937,3152,2,ITC,ITC3,7,Liguria,Liguria,1550640,176244,11.37,0.52
1688,2021-04-09,LIG,12468,5561,6907,10551,1777,140,ITC,ITC3,7,Liguria,Liguria,1550640,188712,12.17,0.8
1689,2021-03-31,LIG,11924,5276,6648,9046,2770,108,ITC,ITC3,7,Liguria,Liguria,1550640,200636,12.94,0.77
1690,2021-03-26,LIG,9339,4030,5309,6071,3156,112,ITC,ITC3,7,Liguria,Liguria,1550640,209975,13.54,0.6
1691,2021-07-04,LIG,4852,2582,2270,3843,993,16,ITC,ITC3,7,Liguria,Liguria,1550640,214827,13.85,0.31
1692,2021-01-02,LIG,692,246,446,692,0,0,ITC,ITC3,7,Liguria,Liguria,1550640,215519,13.9,0.04
1693,2021-02-11,LIG,1990,772,1218,1094,887,9,ITC,ITC3,7,Liguria,Liguria,1550640,217509,14.03,0.13
1694,2021-05-22,LIG,6651,3220,3431,4874,1684,93,ITC,ITC3,7,Liguria,Liguria,1550640,224160,14.46,0.43
1695,2021-06-10,LIG,18797,9696,9101,13160,5629,8,ITC,ITC3,7,Liguria,Liguria,1550640,242957,15.67,1.21
1696,2021-03-19,LIG,5297,2234,3063,2094,3148,55,ITC,ITC3,7,Liguria,Liguria,1550640,248254,16.01,0.34
1697,2021-03-02,LIG,4074,1689,2385,3753,310,11,ITC,ITC3,7,Liguria,Liguria,1550640,252328,16.27,0.26
1698,2021-07-11,LIG,2147,1191,956,1235,903,9,ITC,ITC3,7,Liguria,Liguria,1550640,254475,16.41,0.14
1699,2021-06-24,LIG,11118,5429,5689,6266,4838,14,ITC,ITC3,7,Liguria,Liguria,1550640,265593,17.13,0.72
1700,2021-04-02,LIG,11789,5220,6569,9207,2487,95,ITC,ITC3,7,Liguria,Liguria,1550640,277382,17.89,0.76
1701,2021-01-21,LIG,1107,385,722,675,431,1,ITC,ITC3,7,Liguria,Liguria,1550640,278489,17.96,0.07
1702,2021-01-14,LIG,2983,1056,1927,2982,0,1,ITC,ITC3,7,Liguria,Liguria,1550640,281472,18.15,0.19
1703,2020-12-30,LIG,12,5,7,12,0,0,ITC,ITC3,7,Liguria,Liguria,1550640,281484,18.15,0.0
1704,2021-02-09,LIG,1953,694,1259,264,1687,2,ITC,ITC3,7,Liguria,Liguria,1550640,283437,18.28,0.13
1705,2021-04-23,LIG,14679,6640,8039,8450,6119,110,ITC,ITC3,7,Liguria,Liguria,1550640,298116,19.23,0.95
1706,2021-03-11,LIG,6401,3091,3310,4331,2012,58,ITC,ITC3,7,Liguria,Liguria,1550640,304517,19.64,0.41
1707,2021-01-13,LIG,2758,1014,1744,2757,0,1,ITC,ITC3,7,Liguria,Liguria,1550640,307275,19.82,0.18
1708,2021-01-23,LIG,810,296,514,154,656,0,ITC,ITC3,7,Liguria,Liguria,1550640,308085,19.87,0.05
1709,2021-06-29,LIG,15163,7221,7942,8700,6431,32,ITC,ITC3,7,Liguria,Liguria,1550640,323248,20.85,0.98
1710,2021-05-17,LIG,12035,5521,6514,8653,3330,52,ITC,ITC3,7,Liguria,Liguria,1550640,335283,21.62,0.78
1711,2021-01-30,LIG,1661,567,1094,23,1637,1,ITC,ITC3,7,Liguria,Liguria,1550640,336944,21.73,0.11
1712,2021-03-28,LIG,1141,511,630,378,751,12,ITC,ITC3,7,Liguria,Liguria,1550640,338085,21.8,0.07
1713,2021-01-09,LIG,1335,481,854,1334,0,1,ITC,ITC3,7,Liguria,Liguria,1550640,339420,21.89,0.09
1714,2021-04-19,LIG,12838,5620,7218,8919,3831,88,ITC,ITC3,7,Liguria,Liguria,1550640,352258,22.72,0.83
1715,2021-07-13,LIG,13064,6424,6640,3497,9545,22,ITC,ITC3,7,Liguria,Liguria,1550640,365322,23.56,0.84
1716,2021-04-21,LIG,14272,6447,7825,8845,5329,98,ITC,ITC3,7,Liguria,Liguria,1550640,379594,24.48,0.92
1717,2021-05-08,LIG,7529,3334,4195,2270,5215,44,ITC,ITC3,7,Liguria,Liguria,1550640,387123,24.97,0.49
1718,2021-01-25,LIG,2728,889,1839,476,2251,1,ITC,ITC3,7,Liguria,Liguria,1550640,389851,25.14,0.18
1719,2021-05-05,LIG,13715,6137,7578,5196,8417,102,ITC,ITC3,7,Liguria,Liguria,1550640,403566,26.03,0.88
1720,2021-06-15,LIG,17410,8463,8947,9327,8068,15,ITC,ITC3,7,Liguria,Liguria,1550640,420976,27.15,1.12
1721,2021-03-07,LIG,1915,1138,777,1590,301,24,ITC,ITC3,7,Liguria,Liguria,1550640,422891,27.27,0.12
1722,2021-06-17,LIG,16685,7927,8758,9138,7527,20,ITC,ITC3,7,Liguria,Liguria,1550640,439576,28.35,1.08
1723,2020-12-28,LIG,80,30,50,80,0,0,ITC,ITC3,7,Liguria,Liguria,1550640,439656,28.35,0.01
1724,2021-06-03,LIG,15527,7693,7834,9149,6368,10,ITC,ITC3,7,Liguria,Liguria,1550640,455183,29.35,1.0
1725,2021-04-07,LIG,13682,6108,7574,11305,2288,89,ITC,ITC3,7,Liguria,Liguria,1550640,468865,30.24,0.88
1726,2021-02-23,LIG,3807,1559,2248,3658,109,40,ITC,ITC3,7,Liguria,Liguria,1550640,472672,30.48,0.25
1727,2021-06-14,LIG,15136,7309,7827,8275,6857,4,ITC,ITC3,7,Liguria,Liguria,1550640,487808,31.46,0.98
1728,2021-03-12,LIG,6216,2873,3343,3689,2470,57,ITC,ITC3,7,Liguria,Liguria,1550640,494024,31.86,0.4
1729,2021-07-01,LIG,13514,6513,7001,7354,6126,34,ITC,ITC3,7,Liguria,Liguria,1550640,507538,32.73,0.87
1730,2021-05-19,LIG,13573,5963,7610,10309,3120,144,ITC,ITC3,7,Liguria,Liguria,1550640,521111,33.61,0.88
1731,2021-03-23,LIG,9272,4220,5052,5979,3209,84,ITC,ITC3,7,Liguria,Liguria,1550640,530383,34.2,0.6
1732,2021-07-15,LIG,14741,7454,7287,5205,9465,71,ITC,ITC3,7,Liguria,Liguria,1550640,545124,35.15,0.95
1733,2021-02-01,LIG,2559,923,1636,90,2469,0,ITC,ITC3,7,Liguria,Liguria,1550640,547683,35.32,0.17
1734,2021-07-08,LIG,13599,6698,6901,6188,7373,38,ITC,ITC3,7,Liguria,Liguria,1550640,561282,36.2,0.88
1735,2021-05-12,LIG,12055,5461,6594,6594,5349,112,ITC,ITC3,7,Liguria,Liguria,1550640,573337,36.97,0.78
1736,2021-05-26,LIG,16669,8417,8252,12140,4374,155,ITC,ITC3,7,Liguria,Liguria,1550640,590006,38.05,1.07
1737,2021-03-30,LIG,12216,5428,6788,8740,3388,88,ITC,ITC3,7,Liguria,Liguria,1550640,602222,38.84,0.79
1738,2021-01-04,LIG,2617,855,1762,2616,0,1,ITC,ITC3,7,Liguria,Liguria,1550640,604839,39.01,0.17
1739,2021-06-21,LIG,14837,7034,7803,8581,6238,18,ITC,ITC3,7,Liguria,Liguria,1550640,619676,39.96,0.96
1740,2021-04-16,LIG,12001,5292,6709,10010,1829,162,ITC,ITC3,7,Liguria,Liguria,1550640,631677,40.74,0.77
1741,2021-01-06,LIG,1665,619,1046,1662,0,3,ITC,ITC3,7,Liguria,Liguria,1550640,633342,40.84,0.11
1742,2021-07-03,LIG,8802,4358,4444,5480,3309,13,ITC,ITC3,7,Liguria,Liguria,1550640,642144,41.41,0.57
1743,2021-04-11,LIG,4247,1929,2318,3943,249,55,ITC,ITC3,7,Liguria,Liguria,1550640,646391,41.69,0.27
1744,2021-07-20,LIG,13922,6862,7060,2754,11134,34,ITC,ITC3,7,Liguria,Liguria,1550640,660313,42.58,0.9
1745,2021-01-18,LIG,2143,747,1396,1984,157,2,ITC,ITC3,7,Liguria,Liguria,1550640,662456,42.72,0.14
1746,2021-07-22,LIG,21332,10844,10488,4630,16646,56,ITC,ITC3,7,Liguria,Liguria,1550640,683788,44.1,1.38
1747,2021-02-25,LIG,3458,1349,2109,3308,130,20,ITC,ITC3,7,Liguria,Liguria,1550640,687246,44.32,0.22
1748,2021-03-04,LIG,4738,2118,2620,3834,847,57,ITC,ITC3,7,Liguria,Liguria,1550640,691984,44.63,0.31
1749,2021-06-12,LIG,10240,4981,5259,7484,2753,3,ITC,ITC3,7,Liguria,Liguria,1550640,702224,45.29,0.66
1750,2021-04-30,LIG,14423,6442,7981,5757,8568,98,ITC,ITC3,7,Liguria,Liguria,1550640,716647,46.22,0.93
1751,2021-02-06,LIG,1892,768,1124,145,1747,0,ITC,ITC3,7,Liguria,Liguria,1550640,718539,46.34,0.12
1752,2021-04-06,LIG,13249,5902,7347,10883,2260,106,ITC,ITC3,7,Liguria,Liguria,1550640,731788,47.19,0.85
1753,2021-02-08,LIG,1979,742,1237,306,1673,0,ITC,ITC3,7,Liguria,Liguria,1550640,733767,47.32,0.13
1754,2020-12-27,LIG,135,56,79,134,0,1,ITC,ITC3,7,Liguria,Liguria,1550640,733902,47.33,0.01
1755,2021-02-15,LIG,2262,839,1423,1855,397,10,ITC,ITC3,7,Liguria,Liguria,1550640,736164,47.47,0.15
1756,2021-01-03,LIG,736,231,505,734,0,2,ITC,ITC3,7,Liguria,Liguria,1550640,736900,47.52,0.05
1757,2021-06-02,LIG,8529,4341,4188,5360,3168,1,ITC,ITC3,7,Liguria,Liguria,1550640,745429,48.07,0.55
1758,2021-06-19,LIG,7412,3776,3636,5726,1667,19,ITC,ITC3,7,Liguria,Liguria,1550640,752841,48.55,0.48
1759,2021-02-18,LIG,2771,1128,1643,2425,335,11,ITC,ITC3,7,Liguria,Liguria,1550640,755612,48.73,0.18
1760,2021-06-11,LIG,17842,9083,8759,11768,6069,5,ITC,ITC3,7,Liguria,Liguria,1550640,773454,49.88,1.15
1761,2021-04-15,LIG,11844,5237,6607,9888,1851,105,ITC,ITC3,7,Liguria,Liguria,1550640,785298,50.64,0.76
1762,2021-04-08,LIG,13787,6179,7608,11587,2045,155,ITC,ITC3,7,Liguria,Liguria,1550640,799085,51.53,0.89
1763,2021-07-17,LIG,6507,3356,3151,1816,4685,6,ITC,ITC3,7,Liguria,Liguria,1550640,805592,51.95,0.42
1764,2021-06-04,LIG,14788,7259,7529,9293,5488,7,ITC,ITC3,7,Liguria,Liguria,1550640,820380,52.91,0.95
1765,2021-02-17,LIG,2694,1184,1510,2254,428,12,ITC,ITC3,7,Liguria,Liguria,1550640,823074,53.08,0.17
1766,2021-07-24,LIG,11566,6020,5546,2327,9218,21,ITC,ITC3,7,Liguria,Liguria,1550640,834640,53.83,0.75
1767,2021-05-28,LIG,16296,8140,8156,11613,4538,145,ITC,ITC3,7,Liguria,Liguria,1550640,850936,54.88,1.05
1768,2021-01-05,LIG,2879,896,1983,2879,0,0,ITC,ITC3,7,Liguria,Liguria,1550640,853815,55.06,0.19
1769,2021-03-03,LIG,4581,1847,2734,3444,1027,110,ITC,ITC3,7,Liguria,Liguria,1550640,858396,55.36,0.3
1770,2021-03-06,LIG,3304,1842,1462,2550,705,49,ITC,ITC3,7,Liguria,Liguria,1550640,861700,55.57,0.21
1771,2021-01-22,LIG,1820,604,1216,1330,487,3,ITC,ITC3,7,Liguria,Liguria,1550640,863520,55.69,0.12
1772,2021-05-02,LIG,3978,1836,2142,505,3467,6,ITC,ITC3,7,Liguria,Liguria,1550640,867498,55.94,0.26
1773,2021-05-04,LIG,13650,6088,7562,5338,8229,83,ITC,ITC3,7,Liguria,Liguria,1550640,881148,56.82,0.88
1774,2021-05-14,LIG,13148,5863,7285,8636,4327,185,ITC,ITC3,7,Liguria,Liguria,1550640,894296,57.67,0.85
1775,2021-05-31,LIG,14712,7378,7334,9115,5514,83,ITC,ITC3,7,Liguria,Liguria,1550640,909008,58.62,0.95
1776,2021-03-09,LIG,5932,2754,3178,4440,1431,61,ITC,ITC3,7,Liguria,Liguria,1550640,914940,59.0,0.38
1777,2021-02-20,LIG,1336,638,698,1331,1,4,ITC,ITC3,7,Liguria,Liguria,1550640,916276,59.09,0.09
1778,2021-05-16,LIG,3705,1862,1843,2118,1560,27,ITC,ITC3,7,Liguria,Liguria,1550640,919981,59.33,0.24
1779,2021-02-22,LIG,3343,1476,1867,3191,142,10,ITC,ITC3,7,Liguria,Liguria,1550640,923324,59.54,0.22
1780,2021-07-19,LIG,12067,6017,6050,3388,8640,39,ITC,ITC3,7,Liguria,Liguria,1550640,935391,60.32,0.78
1781,2021-04-27,LIG,14799,6688,8111,7144,7587,68,ITC,ITC3,7,Liguria,Liguria,1550640,950190,61.28,0.95
1782,2021-02-03,LIG,2317,792,1525,54,2263,0,ITC,ITC3,7,Liguria,Liguria,1550640,952507,61.43,0.15
1783,2021-07-21,LIG,19156,9493,9663,3842,15271,43,ITC,ITC3,7,Liguria,Liguria,1550640,971663,62.66,1.24
1784,2021-03-16,LIG,6085,2731,3354,2311,3733,41,ITC,ITC3,7,Liguria,Liguria,1550640,977748,63.05,0.39
1785,2021-01-11,LIG,2655,992,1663,2654,0,1,ITC,ITC3,7,Liguria,Liguria,1550640,980403,63.23,0.17
1786,2021-07-12,LIG,13392,6426,6966,4164,9199,29,ITC,ITC3,7,Liguria,Liguria,1550640,993795,64.09,0.86
1787,2021-01-10,LIG,648,262,386,644,0,4,ITC,ITC3,7,Liguria,Liguria,1550640,994443,64.13,0.04
1788,2021-04-20,LIG,14241,6520,7721,9733,4353,155,ITC,ITC3,7,Liguria,Liguria,1550640,1008684,65.05,0.92
1789,2021-06-28,LIG,11599,5607,5992,7255,4302,42,ITC,ITC3,7,Liguria,Liguria,1550640,1020283,65.8,0.75
1790,2021-03-20,LIG,2316,995,1321,1124,1174,18,ITC,ITC3,7,Liguria,Liguria,1550640,1022599,65.95,0.15
1791,2021-06-30,LIG,15068,7187,7881,8234,6790,44,ITC,ITC3,7,Liguria,Liguria,1550640,1037667,66.92,0.97
1792,2021-01-15,LIG,2257,755,1502,2252,0,5,ITC,ITC3,7,Liguria,Liguria,1550640,1039924,67.06,0.15
1793,2021-04-25,LIG,1935,920,1015,1506,415,14,ITC,ITC3,7,Liguria,Liguria,1550640,1041859,67.19,0.12
1794,2021-03-13,LIG,3849,1637,2212,2949,855,45,ITC,ITC3,7,Liguria,Liguria,1550640,1045708,67.44,0.25
1795,2021-06-23,LIG,14315,6850,7465,9106,5190,19,ITC,ITC3,7,Liguria,Liguria,1550640,1060023,68.36,0.92
1796,2021-02-14,LIG,233,122,111,233,0,0,ITC,ITC3,7,Liguria,Liguria,1550640,1060256,68.38,0.02
1797,2021-05-25,LIG,14262,6954,7308,10950,3181,131,ITC,ITC3,7,Liguria,Liguria,1550640,1074518,69.3,0.92
1798,2021-06-16,LIG,16387,7914,8473,9264,7111,12,ITC,ITC3,7,Liguria,Liguria,1550640,1090905,70.35,1.06
1799,2021-03-08,LIG,5625,2460,3165,3894,1689,42,ITC,ITC3,7,Liguria,Liguria,1550640,1096530,70.71,0.36
1800,2021-03-25,LIG,9769,4232,5537,6227,3392,150,ITC,ITC3,7,Liguria,Liguria,1550640,1106299,71.34,0.63
1801,2021-01-01,LIG,145,55,90,145,0,0,ITC,ITC3,7,Liguria,Liguria,1550640,1106444,71.35,0.01
1802,2021-03-27,LIG,3932,1549,2383,2485,1395,52,ITC,ITC3,7,Liguria,Liguria,1550640,1110376,71.61,0.25
1803,2021-07-05,LIG,11872,5758,6114,5345,6491,36,ITC,ITC3,7,Liguria,Liguria,1550640,1122248,72.37,0.77
1804,2021-04-13,LIG,13083,5870,7213,10946,2025,112,ITC,ITC3,7,Liguria,Liguria,1550640,1135331,73.22,0.84
1805,2021-07-26,LIG,16473,8356,8117,4361,12052,60,ITC,ITC3,7,Liguria,Liguria,1550640,1151804,74.28,1.06
1806,2021-01-07,LIG,3226,1095,2131,3223,0,3,ITC,ITC3,7,Liguria,Liguria,1550640,1155030,74.49,0.21
1807,2021-06-13,LIG,5620,2697,2923,5164,454,2,ITC,ITC3,7,Liguria,Liguria,1550640,1160650,74.85,0.36
1808,2021-04-17,LIG,7386,3219,4167,6564,751,71,ITC,ITC3,7,Liguria,Liguria,1550640,1168036,75.33,0.48
1809,2021-05-01,LIG,7143,3257,3886,1304,5801,38,ITC,ITC3,7,Liguria,Liguria,1550640,1175179,75.79,0.46
1810,2021-03-05,LIG,4869,2150,2719,3674,1132,63,ITC,ITC3,7,Liguria,Liguria,1550640,1180048,76.1,0.31
1811,2021-06-06,LIG,3811,2032,1779,2947,862,2,ITC,ITC3,7,Liguria,Liguria,1550640,1183859,76.35,0.25
1812,2021-04-24,LIG,8218,3795,4423,4959,3152,107,ITC,ITC3,7,Liguria,Liguria,1550640,1192077,76.88,0.53
1813,2021-02-26,LIG,3767,1524,2243,3413,329,25,ITC,ITC3,7,Liguria,Liguria,1550640,1195844,77.12,0.24
1814,2021-06-20,LIG,1336,658,678,1054,275,7,ITC,ITC3,7,Liguria,Liguria,1550640,1197180,77.21,0.09
1815,2021-04-29,LIG,15588,6983,8605,6618,8843,127,ITC,ITC3,7,Liguria,Liguria,1550640,1212768,78.21,1.01
1816,2021-04-12,LIG,12391,5477,6914,10277,2019,95,ITC,ITC3,7,Liguria,Liguria,1550640,1225159,79.01,0.8
1817,2021-01-19,LIG,1374,439,935,1280,90,4,ITC,ITC3,7,Liguria,Liguria,1550640,1226533,79.1,0.09
1818,2021-02-05,LIG,2685,989,1696,305,2379,1,ITC,ITC3,7,Liguria,Liguria,1550640,1229218,79.27,0.17
1819,2021-03-24,LIG,9181,4033,5148,5809,3287,85,ITC,ITC3,7,Liguria,Liguria,1550640,1238399,79.86,0.59
1820,2021-07-02,LIG,12934,6351,6583,6440,6463,31,ITC,ITC3,7,Liguria,Liguria,1550640,1251333,80.7,0.83
1821,2020-12-31,LIG,990,353,637,990,0,0,ITC,ITC3,7,Liguria,Liguria,1550640,1252323,80.76,0.06
1822,2021-04-10,LIG,7888,3561,4327,6890,914,84,ITC,ITC3,7,Liguria,Liguria,1550640,1260211,81.27,0.51
1823,2021-01-17,LIG,866,301,565,865,0,1,ITC,ITC3,7,Liguria,Liguria,1550640,1261077,81.33,0.06
1824,2021-02-24,LIG,3764,1560,2204,3448,258,58,ITC,ITC3,7,Liguria,Liguria,1550640,1264841,81.57,0.24
1825,2020-12-29,LIG,125,33,92,125,0,0,ITC,ITC3,7,Liguria,Liguria,1550640,1264966,81.58,0.01
1826,2021-01-12,LIG,2474,890,1584,2473,0,1,ITC,ITC3,7,Liguria,Liguria,1550640,1267440,81.74,0.16
1827,2021-04-22,LIG,13866,6212,7654,8643,5085,138,ITC,ITC3,7,Liguria,Liguria,1550640,1281306,82.63,0.89
1828,2021-03-22,LIG,7750,3471,4279,4738,2939,73,ITC,ITC3,7,Liguria,Liguria,1550640,1289056,83.13,0.5
1829,2021-02-07,LIG,407,153,254,2,405,0,ITC,ITC3,7,Liguria,Liguria,1550640,1289463,83.16,0.03
1830,2021-05-18,LIG,13468,6121,7347,10037,3294,137,ITC,ITC3,7,Liguria,Liguria,1550640,1302931,84.03,0.87
1831,2021-05-13,LIG,13302,6083,7219,8891,4246,165,ITC,ITC3,7,Liguria,Liguria,1550640,1316233,84.88,0.86
1832,2021-02-19,LIG,3218,1306,1912,2988,176,54,ITC,ITC3,7,Liguria,Liguria,1550640,1319451,85.09,0.21
1833,2021-05-30,LIG,3303,1613,1690,1348,1941,14,ITC,ITC3,7,Liguria,Liguria,1550640,1322754,85.3,0.21
1834,2021-06-01,LIG,16331,8222,8109,10961,5365,5,ITC,ITC3,7,Liguria,Liguria,1550640,1339085,86.36,1.05
1835,2021-06-18,LIG,15393,7494,7899,8183,7191,19,ITC,ITC3,7,Liguria,Liguria,1550640,1354478,87.35,0.99
1836,2021-05-09,LIG,2824,1244,1580,1086,1709,29,ITC,ITC3,7,Liguria,Liguria,1550640,1357302,87.53,0.18
1837,2021-01-29,LIG,3082,1064,2018,67,3015,0,ITC,ITC3,7,Liguria,Liguria,1550640,1360384,87.73,0.2
1838,2021-01-20,LIG,1554,556,998,1541,12,1,ITC,ITC3,7,Liguria,Liguria,1550640,1361938,87.83,0.1
1839,2021-05-23,LIG,2305,1119,1186,1169,1123,13,ITC,ITC3,7,Liguria,Liguria,1550640,1364243,87.98,0.15
1840,2021-03-01,LIG,3539,1447,2092,3383,136,20,ITC,ITC3,7,Liguria,Liguria,1550640,1367782,88.21,0.23
1841,2021-06-09,LIG,19051,9557,9494,12482,6559,10,ITC,ITC3,7,Liguria,Liguria,1550640,1386833,89.44,1.23
1842,2021-05-20,LIG,12935,6003,6932,8780,4027,128,ITC,ITC3,7,Liguria,Liguria,1550640,1399768,90.27,0.83
1843,2021-04-03,LIG,5407,2499,2908,4428,943,36,ITC,ITC3,7,Liguria,Liguria,1550640,1405175,90.62,0.35
1844,2021-01-24,LIG,757,238,519,113,644,0,ITC,ITC3,7,Liguria,Liguria,1550640,1405932,90.67,0.05
1845,2021-06-27,LIG,1944,892,1052,691,1243,10,ITC,ITC3,7,Liguria,Liguria,1550640,1407876,90.79,0.13
1846,2021-02-12,LIG,1937,691,1246,895,1040,2,ITC,ITC3,7,Liguria,Liguria,1550640,1409813,90.92,0.12
1847,2021-07-09,LIG,12790,6306,6484,4226,8543,21,ITC,ITC3,7,Liguria,Liguria,1550640,1422603,91.74,0.82
1848,2021-04-05,LIG,3978,1753,2225,2303,1649,26,ITC,ITC3,7,Liguria,Liguria,1550640,1426581,92.0,0.26
1849,2021-07-16,LIG,12595,6209,6386,3150,9405,40,ITC,ITC3,7,Liguria,Liguria,1550640,1439176,92.81,0.81
1850,2021-03-10,LIG,5902,2863,3039,3927,1908,67,ITC,ITC3,7,Liguria,Liguria,1550640,1445078,93.19,0.38
1851,2021-03-15,LIG,7251,3098,4153,4495,2707,49,ITC,ITC3,7,Liguria,Liguria,1550640,1452329,93.66,0.47
1852,2021-05-11,LIG,13919,6391,7528,7183,6617,119,ITC,ITC3,7,Liguria,Liguria,1550640,1466248,94.56,0.9
1853,2021-03-29,LIG,10581,4620,5961,7344,3132,105,ITC,ITC3,7,Liguria,Liguria,1550640,1476829,95.24,0.68
1854,2021-01-31,LIG,624,270,354,9,615,0,ITC,ITC3,7,Liguria,Liguria,1550640,1477453,95.28,0.04
1855,2021-07-07,LIG,11733,5632,6101,4967,6746,20,ITC,ITC3,7,Liguria,Liguria,1550640,1489186,96.04,0.76
1856,2021-05-24,LIG,11872,5586,6286,9274,2496,102,ITC,ITC3,7,Liguria,Liguria,1550640,1501058,96.8,0.77
1857,2021-05-07,LIG,13594,6041,7553,5734,7793,67,ITC,ITC3,7,Liguria,Liguria,1550640,1514652,97.68,0.88
1858,2021-02-13,LIG,1080,508,572,797,280,3,ITC,ITC3,7,Liguria,Liguria,1550640,1515732,97.75,0.07
1859,2021-06-07,LIG,15686,7654,8032,8666,7012,8,ITC,ITC3,7,Liguria,Liguria,1550640,1531418,98.76,1.01
1860,2021-06-26,LIG,7210,3352,3858,4489,2708,13,ITC,ITC3,7,Liguria,Liguria,1550640,1538628,99.23,0.46
1861,2021-07-10,LIG,6892,3473,3419,2759,4125,8,ITC,ITC3,7,Liguria,Liguria,1550640,1545520,99.67,0.44
1862,2021-04-04,LIG,756,366,390,499,249,8,ITC,ITC3,7,Liguria,Liguria,1550640,1546276,99.72,0.05
1863,2021-04-18,LIG,2613,1164,1449,2072,468,73,ITC,ITC3,7,Liguria,Liguria,1550640,1548889,99.89,0.17
1864,2021-01-08,LIG,2932,999,1933,2930,0,2,ITC,ITC3,7,Liguria,Liguria,1550640,1551821,100.08,0.19
1865,2021-01-27,LIG,1745,604,1141,140,1604,1,ITC,ITC3,7,Liguria,Liguria,1550640,1553566,100.19,0.11
1866,2021-05-21,LIG,12847,5956,6891,9577,3127,143,ITC,ITC3,7,Liguria,Liguria,1550640,1566413,101.02,0.83
1867,2021-02-27,LIG,1888,921,967,1750,129,9,ITC,ITC3,7,Liguria,Liguria,1550640,1568301,101.14,0.12
1868,2021-02-10,LIG,2316,837,1479,1015,1297,4,ITC,ITC3,7,Liguria,Liguria,1550640,1570617,101.29,0.15
1869,2021-03-18,LIG,4988,2125,2863,1971,2981,36,ITC,ITC3,7,Liguria,Liguria,1550640,1575605,101.61,0.32
1870,2021-04-01,LIG,12429,5512,6917,9569,2770,90,ITC,ITC3,7,Liguria,Liguria,1550640,1588034,102.41,0.8
1871,2021-06-08,LIG,18095,9024,9071,11456,6630,9,ITC,ITC3,7,Liguria,Liguria,1550640,1606129,103.58,1.17
1872,2021-03-17,LIG,5552,2368,3184,2451,3079,22,ITC,ITC3,7,Liguria,Liguria,1550640,1611681,103.94,0.36
1873,2021-06-25,LIG,13801,6606,7195,6889,6897,15,ITC,ITC3,7,Liguria,Liguria,1550640,1625482,104.83,0.89
1874,2021-07-14,LIG,11466,5647,5819,3441,7999,26,ITC,ITC3,7,Liguria,Liguria,1550640,1636948,105.57,0.74
1875,2021-05-06,LIG,14523,6443,8080,6039,8328,156,ITC,ITC3,7,Liguria,Liguria,1550640,1651471,106.5,0.94
1876,2021-01-26,LIG,2488,807,1681,16,2472,0,ITC,ITC3,7,Liguria,Liguria,1550640,1653959,106.66,0.16
1877,2021-06-17,VEN,51650,25887,25763,25521,24984,1145,ITH,ITH3,5,Veneto,Veneto,4905854,51650,1.05,1.05
1878,2021-03-09,VEN,16543,7446,9097,9824,6323,396,ITH,ITH3,5,Veneto,Veneto,4905854,68193,1.39,0.34
1879,2021-05-31,VEN,31629,16234,15395,20884,9923,822,ITH,ITH3,5,Veneto,Veneto,4905854,99822,2.03,0.64
1880,2021-03-26,VEN,29605,13154,16451,23284,5464,857,ITH,ITH3,5,Veneto,Veneto,4905854,129427,2.64,0.6
1881,2021-03-28,VEN,31302,13604,17698,26879,3612,811,ITH,ITH3,5,Veneto,Veneto,4905854,160729,3.28,0.64
1882,2021-06-19,VEN,49270,25069,24201,25678,22562,1030,ITH,ITH3,5,Veneto,Veneto,4905854,209999,4.28,1.0
1883,2021-01-23,VEN,4055,1249,2806,31,4024,0,ITH,ITH3,5,Veneto,Veneto,4905854,214054,4.36,0.08
1884,2021-06-29,VEN,45504,22702,22802,19004,25789,711,ITH,ITH3,5,Veneto,Veneto,4905854,259558,5.29,0.93
1885,2021-03-21,VEN,11983,4754,7229,8279,3464,240,ITH,ITH3,5,Veneto,Veneto,4905854,271541,5.54,0.24
1886,2021-01-16,VEN,4611,1542,3069,4611,0,0,ITH,ITH3,5,Veneto,Veneto,4905854,276152,5.63,0.09
1887,2021-03-14,VEN,15176,5942,9234,13845,894,437,ITH,ITH3,5,Veneto,Veneto,4905854,291328,5.94,0.31
1888,2021-07-18,VEN,37700,19749,17951,3839,33611,250,ITH,ITH3,5,Veneto,Veneto,4905854,329028,6.71,0.77
1889,2021-02-25,VEN,7898,3339,4559,7156,605,137,ITH,ITH3,5,Veneto,Veneto,4905854,336926,6.87,0.16
1890,2021-04-09,VEN,31198,13766,17432,21913,8345,940,ITH,ITH3,5,Veneto,Veneto,4905854,368124,7.5,0.64
1891,2021-06-05,VEN,46849,24131,22718,37319,8085,1445,ITH,ITH3,5,Veneto,Veneto,4905854,414973,8.46,0.95
1892,2021-05-05,VEN,44374,21258,23116,36172,6570,1632,ITH,ITH3,5,Veneto,Veneto,4905854,459347,9.36,0.9
1893,2021-07-01,VEN,50774,25929,24845,20589,29153,1032,ITH,ITH3,5,Veneto,Veneto,4905854,510121,10.4,1.03
1894,2021-05-12,VEN,36931,17881,19050,30193,5125,1613,ITH,ITH3,5,Veneto,Veneto,4905854,547052,11.15,0.75
1895,2021-01-11,VEN,7243,2102,5141,7242,0,1,ITH,ITH3,5,Veneto,Veneto,4905854,554295,11.3,0.15
1896,2021-04-21,VEN,32371,13191,19180,15543,16056,772,ITH,ITH3,5,Veneto,Veneto,4905854,586666,11.96,0.66
1897,2021-05-22,VEN,34793,16689,18104,12705,21420,668,ITH,ITH3,5,Veneto,Veneto,4905854,621459,12.67,0.71
1898,2021-02-11,VEN,4012,1238,2774,3345,628,39,ITH,ITH3,5,Veneto,Veneto,4905854,625471,12.75,0.08
1899,2021-01-28,VEN,9212,2664,6548,168,9042,2,ITH,ITH3,5,Veneto,Veneto,4905854,634683,12.94,0.19
1900,2021-04-23,VEN,31264,13844,17420,21403,8707,1154,ITH,ITH3,5,Veneto,Veneto,4905854,665947,13.57,0.64
1901,2021-02-16,VEN,6644,2870,3774,6438,176,30,ITH,ITH3,5,Veneto,Veneto,4905854,672591,13.71,0.14
1902,2021-05-17,VEN,26506,12982,13524,15660,10025,821,ITH,ITH3,5,Veneto,Veneto,4905854,699097,14.25,0.54
1903,2021-02-06,VEN,4096,1354,2742,709,3387,0,ITH,ITH3,5,Veneto,Veneto,4905854,703193,14.33,0.08
1904,2021-02-23,VEN,7383,3253,4130,7029,270,84,ITH,ITH3,5,Veneto,Veneto,4905854,710576,14.48,0.15
1905,2021-07-13,VEN,43454,22544,20910,5380,37759,315,ITH,ITH3,5,Veneto,Veneto,4905854,754030,15.37,0.89
1906,2021-04-04,VEN,7784,3531,4253,6511,1148,125,ITH,ITH3,5,Veneto,Veneto,4905854,761814,15.53,0.16
1907,2021-05-24,VEN,33040,16413,16627,7625,25010,405,ITH,ITH3,5,Veneto,Veneto,4905854,794854,16.2,0.67
1908,2021-05-10,VEN,36501,17080,19421,25422,9847,1232,ITH,ITH3,5,Veneto,Veneto,4905854,831355,16.95,0.74
1909,2021-01-30,VEN,8750,2673,6077,691,8059,0,ITH,ITH3,5,Veneto,Veneto,4905854,840105,17.12,0.18
1910,2021-03-07,VEN,4493,1768,2725,3863,561,69,ITH,ITH3,5,Veneto,Veneto,4905854,844598,17.22,0.09
1911,2021-05-03,VEN,40693,19799,20894,32794,6438,1461,ITH,ITH3,5,Veneto,Veneto,4905854,885291,18.05,0.83
1912,2021-07-06,VEN,36058,18583,17475,13144,22261,653,ITH,ITH3,5,Veneto,Veneto,4905854,921349,18.78,0.73
1913,2021-04-14,VEN,15925,6905,9020,8754,6630,541,ITH,ITH3,5,Veneto,Veneto,4905854,937274,19.11,0.32
1914,2021-01-04,VEN,6737,2035,4702,6735,0,2,ITH,ITH3,5,Veneto,Veneto,4905854,944011,19.24,0.14
1915,2021-05-14,VEN,46750,22231,24519,24297,20880,1573,ITH,ITH3,5,Veneto,Veneto,4905854,990761,20.2,0.95
1916,2021-02-20,VEN,6425,2015,4410,6274,71,80,ITH,ITH3,5,Veneto,Veneto,4905854,997186,20.33,0.13
1917,2021-06-12,VEN,48647,24483,24164,36400,10788,1459,ITH,ITH3,5,Veneto,Veneto,4905854,1045833,21.32,0.99
1918,2021-05-02,VEN,37238,17263,19975,25615,10330,1293,ITH,ITH3,5,Veneto,Veneto,4905854,1083071,22.08,0.76
1919,2021-07-08,VEN,46536,24218,22318,4443,41791,302,ITH,ITH3,5,Veneto,Veneto,4905854,1129607,23.03,0.95
1920,2021-06-24,VEN,56046,28386,27660,17550,37794,702,ITH,ITH3,5,Veneto,Veneto,4905854,1185653,24.17,1.14
1921,2021-03-16,VEN,12529,5354,7175,6640,5622,267,ITH,ITH3,5,Veneto,Veneto,4905854,1198182,24.42,0.26
1922,2021-03-23,VEN,22216,10241,11975,16868,4713,635,ITH,ITH3,5,Veneto,Veneto,4905854,1220398,24.88,0.45
1923,2021-05-19,VEN,33076,15144,17932,16185,15958,933,ITH,ITH3,5,Veneto,Veneto,4905854,1253474,25.55,0.67
1924,2021-03-02,VEN,11492,4627,6865,7934,3311,247,ITH,ITH3,5,Veneto,Veneto,4905854,1264966,25.78,0.23
1925,2021-06-10,VEN,52279,26982,25297,41286,9302,1691,ITH,ITH3,5,Veneto,Veneto,4905854,1317245,26.85,1.07
1926,2021-04-02,VEN,24098,10621,13477,17127,6329,642,ITH,ITH3,5,Veneto,Veneto,4905854,1341343,27.34,0.49
1927,2021-06-09,VEN,42742,21930,20812,33778,7424,1540,ITH,ITH3,5,Veneto,Veneto,4905854,1384085,28.21,0.87
1928,2021-01-09,VEN,7930,2539,5391,7924,0,6,ITH,ITH3,5,Veneto,Veneto,4905854,1392015,28.37,0.16
1929,2021-03-18,VEN,12612,5139,7473,7031,5229,352,ITH,ITH3,5,Veneto,Veneto,4905854,1404627,28.63,0.26
1930,2021-06-26,VEN,48041,24498,23543,13558,33979,504,ITH,ITH3,5,Veneto,Veneto,4905854,1452668,29.61,0.98
1931,2021-04-28,VEN,32425,15183,17242,22229,9016,1180,ITH,ITH3,5,Veneto,Veneto,4905854,1485093,30.27,0.66
1932,2021-07-20,VEN,44220,23616,20604,6830,36879,511,ITH,ITH3,5,Veneto,Veneto,4905854,1529313,31.17,0.9
1933,2021-01-18,VEN,2763,776,1987,2559,199,5,ITH,ITH3,5,Veneto,Veneto,4905854,1532076,31.23,0.06
1934,2021-02-04,VEN,7393,2028,5365,550,6842,1,ITH,ITH3,5,Veneto,Veneto,4905854,1539469,31.38,0.15
1935,2021-04-30,VEN,50037,23501,26536,32981,15664,1392,ITH,ITH3,5,Veneto,Veneto,4905854,1589506,32.4,1.02
1936,2021-01-20,VEN,1038,368,670,386,652,0,ITH,ITH3,5,Veneto,Veneto,4905854,1590544,32.42,0.02
1937,2021-05-29,VEN,33021,16683,16338,24238,7669,1114,ITH,ITH3,5,Veneto,Veneto,4905854,1623565,33.09,0.67
1938,2021-02-18,VEN,5828,2455,3373,5725,64,39,ITH,ITH3,5,Veneto,Veneto,4905854,1629393,33.21,0.12
1939,2021-07-25,VEN,33090,17484,15606,10782,21841,467,ITH,ITH3,5,Veneto,Veneto,4905854,1662483,33.89,0.67
1940,2021-04-16,VEN,24453,10494,13959,11890,11886,677,ITH,ITH3,5,Veneto,Veneto,4905854,1686936,34.39,0.5
1941,2021-04-18,VEN,17515,7254,10261,9499,7565,451,ITH,ITH3,5,Veneto,Veneto,4905854,1704451,34.74,0.36
1942,2021-05-28,VEN,46792,22912,23880,23681,21916,1195,ITH,ITH3,5,Veneto,Veneto,4905854,1751243,35.7,0.95
1943,2021-07-24,VEN,41291,22148,19143,13104,27553,634,ITH,ITH3,5,Veneto,Veneto,4905854,1792534,36.54,0.84
1944,2021-07-10,VEN,43101,23180,19921,6284,36455,362,ITH,ITH3,5,Veneto,Veneto,4905854,1835635,37.42,0.88
1945,2021-07-17,VEN,40345,21345,19000,4260,35746,339,ITH,ITH3,5,Veneto,Veneto,4905854,1875980,38.24,0.82
1946,2021-05-21,VEN,44808,22034,22774,19931,23777,1100,ITH,ITH3,5,Veneto,Veneto,4905854,1920788,39.15,0.91
1947,2021-06-14,VEN,42611,21548,21063,26304,15306,1001,ITH,ITH3,5,Veneto,Veneto,4905854,1963399,40.02,0.87
1948,2021-03-06,VEN,10667,4356,6311,7218,3262,187,ITH,ITH3,5,Veneto,Veneto,4905854,1974066,40.24,0.22
1949,2020-12-30,VEN,699,245,454,699,0,0,ITH,ITH3,5,Veneto,Veneto,4905854,1974765,40.25,0.01
1950,2021-06-07,VEN,44683,23312,21371,36189,7020,1474,ITH,ITH3,5,Veneto,Veneto,4905854,2019448,41.16,0.91
1951,2021-02-27,VEN,8991,2692,6299,7963,847,181,ITH,ITH3,5,Veneto,Veneto,4905854,2028439,41.35,0.18
1952,2021-06-02,VEN,20304,10234,10070,15351,4340,613,ITH,ITH3,5,Veneto,Veneto,4905854,2048743,41.76,0.41
1953,2021-03-11,VEN,19828,8889,10939,13794,5570,464,ITH,ITH3,5,Veneto,Veneto,4905854,2068571,42.17,0.4
1954,2021-01-08,VEN,9408,2836,6572,9394,0,14,ITH,ITH3,5,Veneto,Veneto,4905854,2077979,42.36,0.19
1955,2021-01-13,VEN,5986,1606,4380,5983,0,3,ITH,ITH3,5,Veneto,Veneto,4905854,2083965,42.48,0.12
1956,2021-04-25,VEN,18335,8157,10178,12908,4834,593,ITH,ITH3,5,Veneto,Veneto,4905854,2102300,42.85,0.37
1957,2021-02-08,VEN,5004,1559,3445,1923,3075,6,ITH,ITH3,5,Veneto,Veneto,4905854,2107304,42.95,0.1
1958,2021-04-06,VEN,28964,13329,15635,23199,5042,723,ITH,ITH3,5,Veneto,Veneto,4905854,2136268,43.55,0.59
1959,2021-02-01,VEN,8563,2502,6061,157,8406,0,ITH,ITH3,5,Veneto,Veneto,4905854,2144831,43.72,0.17
1960,2021-02-15,VEN,4389,1824,2565,4140,240,9,ITH,ITH3,5,Veneto,Veneto,4905854,2149220,43.81,0.09
1961,2021-03-30,VEN,35973,15299,20674,29721,5244,1008,ITH,ITH3,5,Veneto,Veneto,4905854,2185193,44.54,0.73
1962,2021-02-17,VEN,6022,2772,3250,5900,94,28,ITH,ITH3,5,Veneto,Veneto,4905854,2191215,44.67,0.12
1963,2021-04-01,VEN,25349,11170,14179,18163,6412,774,ITH,ITH3,5,Veneto,Veneto,4905854,2216564,45.18,0.52
1964,2021-04-15,VEN,20916,8638,12278,9346,10824,746,ITH,ITH3,5,Veneto,Veneto,4905854,2237480,45.61,0.43
1965,2021-01-05,VEN,7331,2184,5147,7329,0,2,ITH,ITH3,5,Veneto,Veneto,4905854,2244811,45.76,0.15
1966,2021-02-10,VEN,4755,1589,3166,3690,1056,9,ITH,ITH3,5,Veneto,Veneto,4905854,2249566,45.85,0.1
1967,2021-04-08,VEN,32372,14369,18003,23325,7877,1170,ITH,ITH3,5,Veneto,Veneto,4905854,2281938,46.51,0.66
1968,2021-06-04,VEN,49620,25826,23794,39817,8136,1667,ITH,ITH3,5,Veneto,Veneto,4905854,2331558,47.53,1.01
1969,2021-07-03,VEN,38685,20108,18577,11013,27087,585,ITH,ITH3,5,Veneto,Veneto,4905854,2370243,48.31,0.79
1970,2021-06-16,VEN,47721,23538,24183,25270,21366,1085,ITH,ITH3,5,Veneto,Veneto,4905854,2417964,49.29,0.97
1971,2021-01-01,VEN,1528,471,1057,1527,0,1,ITH,ITH3,5,Veneto,Veneto,4905854,2419492,49.32,0.03
1972,2021-03-25,VEN,25960,11057,14903,18965,6100,895,ITH,ITH3,5,Veneto,Veneto,4905854,2445452,49.85,0.53
1973,2021-04-11,VEN,21004,8871,12133,14226,6293,485,ITH,ITH3,5,Veneto,Veneto,4905854,2466456,50.28,0.43
1974,2021-04-10,VEN,27470,11979,15491,18378,8468,624,ITH,ITH3,5,Veneto,Veneto,4905854,2493926,50.84,0.56
1975,2021-06-06,VEN,37429,19162,18267,31486,4725,1218,ITH,ITH3,5,Veneto,Veneto,4905854,2531355,51.6,0.76
1976,2020-12-27,VEN,880,395,485,880,0,0,ITH,ITH3,5,Veneto,Veneto,4905854,2532235,51.62,0.02
1977,2021-05-30,VEN,22541,11265,11276,15204,6687,650,ITH,ITH3,5,Veneto,Veneto,4905854,2554776,52.08,0.46
1978,2021-07-26,VEN,43279,22748,20531,16816,25820,643,ITH,ITH3,5,Veneto,Veneto,4905854,2598055,52.96,0.88
1979,2021-07-19,VEN,44681,23530,21151,7906,36371,404,ITH,ITH3,5,Veneto,Veneto,4905854,2642736,53.87,0.91
1980,2021-02-26,VEN,8298,3274,5024,6944,1260,94,ITH,ITH3,5,Veneto,Veneto,4905854,2651034,54.04,0.17
1981,2021-04-24,VEN,24762,10829,13933,14962,9078,722,ITH,ITH3,5,Veneto,Veneto,4905854,2675796,54.54,0.5
1982,2021-01-14,VEN,7064,1925,5139,7044,0,20,ITH,ITH3,5,Veneto,Veneto,4905854,2682860,54.69,0.14
1983,2021-06-21,VEN,44294,22170,22124,20443,22941,910,ITH,ITH3,5,Veneto,Veneto,4905854,2727154,55.59,0.9
1984,2021-01-06,VEN,8136,2388,5748,8133,0,3,ITH,ITH3,5,Veneto,Veneto,4905854,2735290,55.76,0.17
1985,2021-06-23,VEN,49201,24387,24814,14536,33838,827,ITH,ITH3,5,Veneto,Veneto,4905854,2784491,56.76,1.0
1986,2021-03-15,VEN,16671,7329,9342,10959,5210,502,ITH,ITH3,5,Veneto,Veneto,4905854,2801162,57.1,0.34
1987,2021-07-22,VEN,47940,24878,23062,13160,34142,638,ITH,ITH3,5,Veneto,Veneto,4905854,2849102,58.08,0.98
1988,2021-04-13,VEN,14027,6324,7703,8051,5477,499,ITH,ITH3,5,Veneto,Veneto,4905854,2863129,58.36,0.29
1989,2021-07-05,VEN,39083,20263,18820,14097,24174,812,ITH,ITH3,5,Veneto,Veneto,4905854,2902212,59.16,0.8
1990,2021-01-03,VEN,5157,1562,3595,5157,0,0,ITH,ITH3,5,Veneto,Veneto,4905854,2907369,59.26,0.11
1991,2021-03-08,VEN,13631,6271,7360,9300,4069,262,ITH,ITH3,5,Veneto,Veneto,4905854,2921000,59.54,0.28
1992,2021-06-18,VEN,53567,26738,26829,23981,28555,1031,ITH,ITH3,5,Veneto,Veneto,4905854,2974567,60.63,1.09
1993,2021-03-27,VEN,32073,14014,18059,25370,5798,905,ITH,ITH3,5,Veneto,Veneto,4905854,3006640,61.29,0.65
1994,2021-06-03,VEN,54465,28004,26461,40855,11971,1639,ITH,ITH3,5,Veneto,Veneto,4905854,3061105,62.4,1.11
1995,2021-05-07,VEN,48588,23280,25308,37568,8667,2353,ITH,ITH3,5,Veneto,Veneto,4905854,3109693,63.39,0.99
1996,2021-01-27,VEN,7141,2064,5077,240,6900,1,ITH,ITH3,5,Veneto,Veneto,4905854,3116834,63.53,0.15
1997,2021-02-13,VEN,3266,1473,1793,3230,20,16,ITH,ITH3,5,Veneto,Veneto,4905854,3120100,63.6,0.07
1998,2021-03-03,VEN,12098,4647,7451,8387,3500,211,ITH,ITH3,5,Veneto,Veneto,4905854,3132198,63.85,0.25
1999,2021-06-11,VEN,47289,24595,22694,34703,11168,1418,ITH,ITH3,5,Veneto,Veneto,4905854,3179487,64.81,0.96
2000,2021-06-25,VEN,51647,26137,25510,15008,35985,654,ITH,ITH3,5,Veneto,Veneto,4905854,3231134,65.86,1.05
2001,2021-03-04,VEN,12982,4885,8097,9120,3473,389,ITH,ITH3,5,Veneto,Veneto,4905854,3244116,66.13,0.26
2002,2021-07-07,VEN,40794,21224,19570,15572,24415,807,ITH,ITH3,5,Veneto,Veneto,4905854,3284910,66.96,0.83
2003,2021-05-11,VEN,33169,16502,16667,27129,4723,1317,ITH,ITH3,5,Veneto,Veneto,4905854,3318079,67.64,0.68
2004,2021-01-22,VEN,1080,332,748,25,1055,0,ITH,ITH3,5,Veneto,Veneto,4905854,3319159,67.66,0.02
2005,2021-05-04,VEN,42997,20363,22634,33315,8032,1650,ITH,ITH3,5,Veneto,Veneto,4905854,3362156,68.53,0.88
2006,2021-01-24,VEN,4117,1219,2898,28,4089,0,ITH,ITH3,5,Veneto,Veneto,4905854,3366273,68.62,0.08
2007,2021-04-07,VEN,36017,16188,19829,27572,7337,1108,ITH,ITH3,5,Veneto,Veneto,4905854,3402290,69.35,0.73
2008,2021-04-27,VEN,28194,12789,15405,20126,6911,1157,ITH,ITH3,5,Veneto,Veneto,4905854,3430484,69.93,0.57
2009,2021-01-17,VEN,1933,781,1152,1584,349,0,ITH,ITH3,5,Veneto,Veneto,4905854,3432417,69.97,0.04
2010,2021-02-03,VEN,5949,1669,4280,476,5469,4,ITH,ITH3,5,Veneto,Veneto,4905854,3438366,70.09,0.12
2011,2021-04-29,VEN,50285,23392,26893,35387,13170,1728,ITH,ITH3,5,Veneto,Veneto,4905854,3488651,71.11,1.02
2012,2021-07-21,VEN,42871,22140,20731,8622,33759,490,ITH,ITH3,5,Veneto,Veneto,4905854,3531522,71.99,0.87
2013,2021-02-05,VEN,8379,2536,5843,1409,6961,9,ITH,ITH3,5,Veneto,Veneto,4905854,3539901,72.16,0.17
2014,2021-02-22,VEN,7014,3041,3973,6580,387,47,ITH,ITH3,5,Veneto,Veneto,4905854,3546915,72.3,0.14
2015,2021-05-16,VEN,28415,14011,14404,20309,7080,1026,ITH,ITH3,5,Veneto,Veneto,4905854,3575330,72.88,0.58
2016,2021-02-24,VEN,8616,3679,4937,7994,488,134,ITH,ITH3,5,Veneto,Veneto,4905854,3583946,73.05,0.18
2017,2021-06-22,VEN,43695,21607,22088,18449,24369,877,ITH,ITH3,5,Veneto,Veneto,4905854,3627641,73.95,0.89
2018,2021-04-26,VEN,20725,9457,11268,14910,5138,677,ITH,ITH3,5,Veneto,Veneto,4905854,3648366,74.37,0.42
2019,2021-06-15,VEN,47790,24271,23519,29125,17512,1153,ITH,ITH3,5,Veneto,Veneto,4905854,3696156,75.34,0.97
2020,2021-06-20,VEN,41193,20057,21136,18919,21532,742,ITH,ITH3,5,Veneto,Veneto,4905854,3737349,76.18,0.84
2021,2021-02-19,VEN,7323,3140,4183,6993,204,126,ITH,ITH3,5,Veneto,Veneto,4905854,3744672,76.33,0.15
2022,2021-02-21,VEN,4640,1212,3428,4516,5,119,ITH,ITH3,5,Veneto,Veneto,4905854,3749312,76.43,0.09
2023,2021-05-15,VEN,36247,17509,18738,24804,10012,1431,ITH,ITH3,5,Veneto,Veneto,4905854,3785559,77.16,0.74
2024,2021-06-01,VEN,26973,13561,13412,15782,10548,643,ITH,ITH3,5,Veneto,Veneto,4905854,3812532,77.71,0.55
2025,2021-03-10,VEN,19040,8727,10313,12963,5683,394,ITH,ITH3,5,Veneto,Veneto,4905854,3831572,78.1,0.39
2026,2021-03-12,VEN,18659,8194,10465,11331,6748,580,ITH,ITH3,5,Veneto,Veneto,4905854,3850231,78.48,0.38
2027,2021-04-17,VEN,22430,9088,13342,14359,7274,797,ITH,ITH3,5,Veneto,Veneto,4905854,3872661,78.94,0.46
2028,2021-01-07,VEN,8360,2317,6043,8359,0,1,ITH,ITH3,5,Veneto,Veneto,4905854,3881021,79.11,0.17
2029,2021-06-13,VEN,37330,19249,18081,29311,6956,1063,ITH,ITH3,5,Veneto,Veneto,4905854,3918351,79.87,0.76
2030,2021-01-21,VEN,2293,719,1574,21,2272,0,ITH,ITH3,5,Veneto,Veneto,4905854,3920644,79.92,0.05
2031,2021-03-05,VEN,13337,5020,8317,9223,3670,444,ITH,ITH3,5,Veneto,Veneto,4905854,3933981,80.19,0.27
2032,2021-07-16,VEN,44574,23981,20593,6890,37212,472,ITH,ITH3,5,Veneto,Veneto,4905854,3978555,81.1,0.91
2033,2021-01-31,VEN,4771,1565,3206,391,4380,0,ITH,ITH3,5,Veneto,Veneto,4905854,3983326,81.2,0.1
2034,2021-03-29,VEN,31452,13695,17757,26638,3820,994,ITH,ITH3,5,Veneto,Veneto,4905854,4014778,81.84,0.64
2035,2021-05-13,VEN,44269,21845,22424,32558,9882,1829,ITH,ITH3,5,Veneto,Veneto,4905854,4059047,82.74,0.9
2036,2021-02-02,VEN,6512,1881,4631,396,6116,0,ITH,ITH3,5,Veneto,Veneto,4905854,4065559,82.87,0.13
2037,2021-07-09,VEN,44988,23737,21251,4088,40608,292,ITH,ITH3,5,Veneto,Veneto,4905854,4110547,83.79,0.92
2038,2021-03-31,VEN,38888,16420,22468,30348,7500,1040,ITH,ITH3,5,Veneto,Veneto,4905854,4149435,84.58,0.79
2039,2020-12-31,VEN,3219,1042,2177,3219,0,0,ITH,ITH3,5,Veneto,Veneto,4905854,4152654,84.65,0.07
2040,2021-07-04,VEN,33866,17574,16292,14971,18279,616,ITH,ITH3,5,Veneto,Veneto,4905854,4186520,85.34,0.69
2041,2021-04-12,VEN,14911,6341,8570,6395,8216,300,ITH,ITH3,5,Veneto,Veneto,4905854,4201431,85.64,0.3
2042,2021-01-02,VEN,5744,1767,3977,5743,0,1,ITH,ITH3,5,Veneto,Veneto,4905854,4207175,85.76,0.12
2043,2021-01-19,VEN,1310,473,837,1159,150,1,ITH,ITH3,5,Veneto,Veneto,4905854,4208485,85.78,0.03
2044,2021-07-23,VEN,43874,23085,20789,14799,28504,571,ITH,ITH3,5,Veneto,Veneto,4905854,4252359,86.68,0.89
2045,2021-05-18,VEN,27008,12542,14466,12639,13606,763,ITH,ITH3,5,Veneto,Veneto,4905854,4279367,87.23,0.55
2046,2021-06-30,VEN,45670,23027,22643,17776,27125,769,ITH,ITH3,5,Veneto,Veneto,4905854,4325037,88.16,0.93
2047,2021-03-22,VEN,18147,8178,9969,12583,5047,517,ITH,ITH3,5,Veneto,Veneto,4905854,4343184,88.53,0.37
2048,2021-03-13,VEN,17232,7306,9926,13730,3131,371,ITH,ITH3,5,Veneto,Veneto,4905854,4360416,88.88,0.35
2049,2021-01-15,VEN,5876,1821,4055,5870,0,6,ITH,ITH3,5,Veneto,Veneto,4905854,4366292,89.0,0.12
2050,2021-05-20,VEN,44797,21242,23555,19351,24344,1102,ITH,ITH3,5,Veneto,Veneto,4905854,4411089,89.91,0.91
2051,2021-02-09,VEN,5249,1891,3358,3432,1804,13,ITH,ITH3,5,Veneto,Veneto,4905854,4416338,90.02,0.11
2052,2021-07-14,VEN,43422,22322,21100,5257,37771,394,ITH,ITH3,5,Veneto,Veneto,4905854,4459760,90.91,0.89
2053,2021-04-22,VEN,32039,13935,18104,15467,15751,821,ITH,ITH3,5,Veneto,Veneto,4905854,4491799,91.56,0.65
2054,2021-07-11,VEN,34222,17918,16304,3688,30276,258,ITH,ITH3,5,Veneto,Veneto,4905854,4526021,92.26,0.7
2055,2021-06-08,VEN,43841,22667,21174,36190,6142,1509,ITH,ITH3,5,Veneto,Veneto,4905854,4569862,93.15,0.89
2056,2021-05-25,VEN,27799,13420,14379,11257,16044,498,ITH,ITH3,5,Veneto,Veneto,4905854,4597661,93.72,0.57
2057,2021-02-14,VEN,126,56,70,113,13,0,ITH,ITH3,5,Veneto,Veneto,4905854,4597787,93.72,0.0
2058,2021-02-28,VEN,4136,1389,2747,3225,837,74,ITH,ITH3,5,Veneto,Veneto,4905854,4601923,93.8,0.08
2059,2021-03-17,VEN,14645,5992,8653,7526,6796,323,ITH,ITH3,5,Veneto,Veneto,4905854,4616568,94.1,0.3
2060,2021-05-27,VEN,46573,22883,23690,22332,23204,1037,ITH,ITH3,5,Veneto,Veneto,4905854,4663141,95.05,0.95
2061,2021-02-07,VEN,2316,863,1453,714,1601,1,ITH,ITH3,5,Veneto,Veneto,4905854,4665457,95.1,0.05
2062,2021-05-01,VEN,38846,18235,20611,28697,8927,1222,ITH,ITH3,5,Veneto,Veneto,4905854,4704303,95.89,0.79
2063,2021-01-12,VEN,5231,1517,3714,5223,0,8,ITH,ITH3,5,Veneto,Veneto,4905854,4709534,96.0,0.11
2064,2021-04-19,VEN,21542,8922,12620,4709,16407,426,ITH,ITH3,5,Veneto,Veneto,4905854,4731076,96.44,0.44
2065,2021-04-05,VEN,19155,8371,10784,13419,5435,301,ITH,ITH3,5,Veneto,Veneto,4905854,4750231,96.83,0.39
2066,2021-01-26,VEN,6921,2091,4830,149,6772,0,ITH,ITH3,5,Veneto,Veneto,4905854,4757152,96.97,0.14
2067,2021-05-06,VEN,46987,22037,24950,36512,8475,2000,ITH,ITH3,5,Veneto,Veneto,4905854,4804139,97.93,0.96
2068,2021-07-02,VEN,49419,25077,24342,16191,32426,802,ITH,ITH3,5,Veneto,Veneto,4905854,4853558,98.93,1.01
2069,2021-03-24,VEN,22113,9574,12539,14662,6803,648,ITH,ITH3,5,Veneto,Veneto,4905854,4875671,99.38,0.45
2070,2021-06-28,VEN,47570,24072,23498,18356,28492,722,ITH,ITH3,5,Veneto,Veneto,4905854,4923241,100.35,0.97
2071,2021-01-25,VEN,6470,2077,4393,159,6311,0,ITH,ITH3,5,Veneto,Veneto,4905854,4929711,100.49,0.13
2072,2021-07-15,VEN,51130,26770,24360,5977,44781,372,ITH,ITH3,5,Veneto,Veneto,4905854,4980841,101.53,1.04
2073,2021-04-20,VEN,22439,9499,12940,7869,14001,569,ITH,ITH3,5,Veneto,Veneto,4905854,5003280,101.99,0.46
2074,2021-05-09,VEN,35078,16139,18939,23788,10051,1239,ITH,ITH3,5,Veneto,Veneto,4905854,5038358,102.7,0.72
2075,2021-05-26,VEN,31122,15211,15911,13970,16477,675,ITH,ITH3,5,Veneto,Veneto,4905854,5069480,103.34,0.63
2076,2021-03-01,VEN,9394,3716,5678,7409,1822,163,ITH,ITH3,5,Veneto,Veneto,4905854,5078874,103.53,0.19
2077,2021-07-12,VEN,43203,22763,20440,3987,38887,329,ITH,ITH3,5,Veneto,Veneto,4905854,5122077,104.41,0.88
2078,2021-04-03,VEN,21963,9632,12331,13849,7710,404,ITH,ITH3,5,Veneto,Veneto,4905854,5144040,104.86,0.45
2079,2021-03-20,VEN,13023,5388,7635,10650,2082,291,ITH,ITH3,5,Veneto,Veneto,4905854,5157063,105.12,0.27
2080,2021-01-10,VEN,5035,1673,3362,5034,0,1,ITH,ITH3,5,Veneto,Veneto,4905854,5162098,105.22,0.1
2081,2021-05-23,VEN,34489,16466,18023,10618,23402,469,ITH,ITH3,5,Veneto,Veneto,4905854,5196587,105.93,0.7
2082,2021-02-12,VEN,4314,1447,2867,3671,572,71,ITH,ITH3,5,Veneto,Veneto,4905854,5200901,106.01,0.09
2083,2021-01-29,VEN,9023,2788,6235,366,8657,0,ITH,ITH3,5,Veneto,Veneto,4905854,5209924,106.2,0.18
2084,2021-05-08,VEN,41485,18768,22717,28234,11823,1428,ITH,ITH3,5,Veneto,Veneto,4905854,5251409,107.04,0.85
2085,2021-06-27,VEN,40230,20551,19679,15332,24302,596,ITH,ITH3,5,Veneto,Veneto,4905854,5291639,107.86,0.82
2086,2021-03-19,VEN,13793,5669,8124,7404,6097,292,ITH,ITH3,5,Veneto,Veneto,4905854,5305432,108.14,0.28
2087,2021-06-29,PAT,6230,3139,3091,2668,3488,74,ITH,ITH2,4,Provincia Autonoma Trento,P.A. Trento,541380,6230,1.15,1.15
2088,2021-06-12,PAT,5364,2690,2674,429,4887,48,ITH,ITH2,4,Provincia Autonoma Trento,P.A. Trento,541380,11594,2.14,0.99
2089,2021-03-21,PAT,129,69,60,125,0,4,ITH,ITH2,4,Provincia Autonoma Trento,P.A. Trento,541380,11723,2.17,0.02
2090,2021-05-24,PAT,4387,2015,2372,1249,3025,113,ITH,ITH2,4,Provincia Autonoma Trento,P.A. Trento,541380,16110,2.98,0.81
2091,2021-03-02,PAT,1307,440,867,902,376,29,ITH,ITH2,4,Provincia Autonoma Trento,P.A. Trento,541380,17417,3.22,0.24
2092,2021-04-09,PAT,2742,1163,1579,1475,1200,67,ITH,ITH2,4,Provincia Autonoma Trento,P.A. Trento,541380,20159,3.72,0.51
2093,2021-02-11,PAT,1136,365,771,795,340,1,ITH,ITH2,4,Provincia Autonoma Trento,P.A. Trento,541380,21295,3.93,0.21
2094,2021-07-18,PAT,449,238,211,107,337,5,ITH,ITH2,4,Provincia Autonoma Trento,P.A. Trento,541380,21744,4.02,0.08
2095,2021-02-25,PAT,1641,643,998,1190,441,10,ITH,ITH2,4,Provincia Autonoma Trento,P.A. Trento,541380,23385,4.32,0.3
2096,2020-12-30,PAT,7,3,4,7,0,0,ITH,ITH2,4,Provincia Autonoma Trento,P.A. Trento,541380,23392,4.32,0.0
2097,2021-06-05,PAT,4084,1917,2167,681,3334,69,ITH,ITH2,4,Provincia Autonoma Trento,P.A. Trento,541380,27476,5.08,0.75
2098,2021-05-22,PAT,3258,1598,1660,832,2333,93,ITH,ITH2,4,Provincia Autonoma Trento,P.A. Trento,541380,30734,5.68,0.6
2099,2021-03-09,PAT,1585,591,994,908,646,31,ITH,ITH2,4,Provincia Autonoma Trento,P.A. Trento,541380,32319,5.97,0.29
2100,2021-06-17,PAT,6605,3465,3140,1981,4459,165,ITH,ITH2,4,Provincia Autonoma Trento,P.A. Trento,541380,38924,7.19,1.22
2101,2021-03-14,PAT,108,65,43,19,87,2,ITH,ITH2,4,Provincia Autonoma Trento,P.A. Trento,541380,39032,7.21,0.02
2102,2021-05-31,PAT,4725,2175,2550,1571,3047,107,ITH,ITH2,4,Provincia Autonoma Trento,P.A. Trento,541380,43757,8.08,0.87
2103,2021-07-20,PAT,4530,2451,2079,1545,2858,127,ITH,ITH2,4,Provincia Autonoma Trento,P.A. Trento,541380,48287,8.92,0.84
2104,2021-02-06,PAT,575,299,276,434,141,0,ITH,ITH2,4,Provincia Autonoma Trento,P.A. Trento,541380,48862,9.03,0.11
2105,2021-02-23,PAT,1112,395,717,878,213,21,ITH,ITH2,4,Provincia Autonoma Trento,P.A. Trento,541380,49974,9.23,0.21
2106,2021-05-17,PAT,4294,2122,2172,3709,351,234,ITH,ITH2,4,Provincia Autonoma Trento,P.A. Trento,541380,54268,10.02,0.79
2107,2021-04-14,PAT,3119,1465,1654,2231,737,151,ITH,ITH2,4,Provincia Autonoma Trento,P.A. Trento,541380,57387,10.6,0.58
2108,2021-03-28,PAT,753,294,459,705,2,46,ITH,ITH2,4,Provincia Autonoma Trento,P.A. Trento,541380,58140,10.74,0.14
2109,2021-01-23,PAT,577,334,243,387,189,1,ITH,ITH2,4,Provincia Autonoma Trento,P.A. Trento,541380,58717,10.85,0.11
2110,2021-05-03,PAT,4263,2198,2065,3810,154,299,ITH,ITH2,4,Provincia Autonoma Trento,P.A. Trento,541380,62980,11.63,0.79
2111,2021-07-01,PAT,6935,3606,3329,3450,3308,177,ITH,ITH2,4,Provincia Autonoma Trento,P.A. Trento,541380,69915,12.91,1.28
2112,2021-05-05,PAT,4991,2580,2411,4384,298,309,ITH,ITH2,4,Provincia Autonoma Trento,P.A. Trento,541380,74906,13.84,0.92
2113,2021-01-16,PAT,319,148,171,319,0,0,ITH,ITH2,4,Provincia Autonoma Trento,P.A. Trento,541380,75225,13.9,0.06
2114,2021-07-13,PAT,3645,1844,1801,1653,1878,114,ITH,ITH2,4,Provincia Autonoma Trento,P.A. Trento,541380,78870,14.57,0.67
2115,2021-04-21,PAT,2910,1359,1551,2710,50,150,ITH,ITH2,4,Provincia Autonoma Trento,P.A. Trento,541380,81780,15.11,0.54
2116,2021-01-28,PAT,530,147,383,48,482,0,ITH,ITH2,4,Provincia Autonoma Trento,P.A. Trento,541380,82310,15.2,0.1
2117,2021-01-11,PAT,732,223,509,732,0,0,ITH,ITH2,4,Provincia Autonoma Trento,P.A. Trento,541380,83042,15.34,0.14
2118,2021-02-16,PAT,667,246,421,651,5,11,ITH,ITH2,4,Provincia Autonoma Trento,P.A. Trento,541380,83709,15.46,0.12
2119,2021-03-26,PAT,3234,1259,1975,2482,610,142,ITH,ITH2,4,Provincia Autonoma Trento,P.A. Trento,541380,86943,16.06,0.6
2120,2021-06-19,PAT,3099,1696,1403,228,2839,32,ITH,ITH2,4,Provincia Autonoma Trento,P.A. Trento,541380,90042,16.63,0.57
2121,2021-05-29,PAT,2239,1168,1071,755,1400,84,ITH,ITH2,4,Provincia Autonoma Trento,P.A. Trento,541380,92281,17.05,0.41
2122,2021-04-02,PAT,2847,1158,1689,2011,675,161,ITH,ITH2,4,Provincia Autonoma Trento,P.A. Trento,541380,95128,17.57,0.53
2123,2021-04-16,PAT,2869,1362,1507,2569,145,155,ITH,ITH2,4,Provincia Autonoma Trento,P.A. Trento,541380,97997,18.1,0.53
2124,2021-02-18,PAT,1212,430,782,1139,63,10,ITH,ITH2,4,Provincia Autonoma Trento,P.A. Trento,541380,99209,18.33,0.22
2125,2021-07-25,PAT,342,192,150,118,215,9,ITH,ITH2,4,Provincia Autonoma Trento,P.A. Trento,541380,99551,18.39,0.06
2126,2021-06-10,PAT,6130,2980,3150,1789,4213,128,ITH,ITH2,4,Provincia Autonoma Trento,P.A. Trento,541380,105681,19.52,1.13
2127,2021-03-04,PAT,2363,794,1569,1542,780,41,ITH,ITH2,4,Provincia Autonoma Trento,P.A. Trento,541380,108044,19.96,0.44
2128,2021-03-07,PAT,22,6,16,22,0,0,ITH,ITH2,4,Provincia Autonoma Trento,P.A. Trento,541380,108066,19.96,0.0
2129,2021-01-09,PAT,190,40,150,190,0,0,ITH,ITH2,4,Provincia Autonoma Trento,P.A. Trento,541380,108256,20.0,0.04
2130,2021-06-24,PAT,5927,3106,2821,3560,2180,187,ITH,ITH2,4,Provincia Autonoma Trento,P.A. Trento,541380,114183,21.09,1.09
2131,2021-05-12,PAT,3309,1496,1813,1953,1191,165,ITH,ITH2,4,Provincia Autonoma Trento,P.A. Trento,541380,117492,21.7,0.61
2132,2021-03-16,PAT,1391,506,885,576,783,32,ITH,ITH2,4,Provincia Autonoma Trento,P.A. Trento,541380,118883,21.96,0.26
2133,2021-05-14,PAT,5325,2544,2781,3641,1389,295,ITH,ITH2,4,Provincia Autonoma Trento,P.A. Trento,541380,124208,22.94,0.98
2134,2021-02-20,PAT,407,245,162,122,284,1,ITH,ITH2,4,Provincia Autonoma Trento,P.A. Trento,541380,124615,23.02,0.08
2135,2021-01-08,PAT,1451,314,1137,1450,0,1,ITH,ITH2,4,Provincia Autonoma Trento,P.A. Trento,541380,126066,23.29,0.27
2136,2021-01-04,PAT,872,229,643,870,0,2,ITH,ITH2,4,Provincia Autonoma Trento,P.A. Trento,541380,126938,23.45,0.16
2137,2021-07-06,PAT,5009,2636,2373,2949,1875,185,ITH,ITH2,4,Provincia Autonoma Trento,P.A. Trento,541380,131947,24.37,0.93
2138,2021-01-18,PAT,644,154,490,589,55,0,ITH,ITH2,4,Provincia Autonoma Trento,P.A. Trento,541380,132591,24.49,0.12
2139,2021-07-08,PAT,3968,2113,1855,2371,1434,163,ITH,ITH2,4,Provincia Autonoma Trento,P.A. Trento,541380,136559,25.22,0.73
2140,2021-02-04,PAT,976,304,672,421,554,1,ITH,ITH2,4,Provincia Autonoma Trento,P.A. Trento,541380,137535,25.4,0.18
2141,2021-04-13,PAT,2556,1059,1497,1970,507,79,ITH,ITH2,4,Provincia Autonoma Trento,P.A. Trento,541380,140091,25.88,0.47
2142,2021-01-20,PAT,292,73,219,280,12,0,ITH,ITH2,4,Provincia Autonoma Trento,P.A. Trento,541380,140383,25.93,0.05
2143,2021-04-30,PAT,4935,2406,2529,4415,152,368,ITH,ITH2,4,Provincia Autonoma Trento,P.A. Trento,541380,145318,26.84,0.91
2144,2021-05-19,PAT,5104,2460,2644,3601,1256,247,ITH,ITH2,4,Provincia Autonoma Trento,P.A. Trento,541380,150422,27.78,0.94
2145,2021-04-23,PAT,3641,1772,1869,3408,54,179,ITH,ITH2,4,Provincia Autonoma Trento,P.A. Trento,541380,154063,28.46,0.67
2146,2021-01-30,PAT,386,132,254,152,234,0,ITH,ITH2,4,Provincia Autonoma Trento,P.A. Trento,541380,154449,28.53,0.07
2147,2021-05-10,PAT,3213,1647,1566,2498,506,209,ITH,ITH2,4,Provincia Autonoma Trento,P.A. Trento,541380,157662,29.12,0.59
2148,2021-03-18,PAT,2320,957,1363,1216,1080,24,ITH,ITH2,4,Provincia Autonoma Trento,P.A. Trento,541380,159982,29.55,0.43
2149,2021-04-28,PAT,4255,1979,2276,3871,138,246,ITH,ITH2,4,Provincia Autonoma Trento,P.A. Trento,541380,164237,30.34,0.79
2150,2021-04-01,PAT,2907,1232,1675,1721,1095,91,ITH,ITH2,4,Provincia Autonoma Trento,P.A. Trento,541380,167144,30.87,0.54
2151,2021-07-10,PAT,1047,540,507,138,883,26,ITH,ITH2,4,Provincia Autonoma Trento,P.A. Trento,541380,168191,31.07,0.19
2152,2021-01-06,PAT,42,13,29,42,0,0,ITH,ITH2,4,Provincia Autonoma Trento,P.A. Trento,541380,168233,31.07,0.01
2153,2021-06-16,PAT,6216,3347,2869,1943,4151,122,ITH,ITH2,4,Provincia Autonoma Trento,P.A. Trento,541380,174449,32.22,1.15
2154,2021-02-08,PAT,1153,319,834,342,811,0,ITH,ITH2,4,Provincia Autonoma Trento,P.A. Trento,541380,175602,32.44,0.21
2155,2021-07-17,PAT,1048,509,539,250,782,16,ITH,ITH2,4,Provincia Autonoma Trento,P.A. Trento,541380,176650,32.63,0.19
2156,2021-05-21,PAT,5064,2424,2640,3081,1716,267,ITH,ITH2,4,Provincia Autonoma Trento,P.A. Trento,541380,181714,33.56,0.94
2157,2021-02-01,PAT,1224,338,886,92,1132,0,ITH,ITH2,4,Provincia Autonoma Trento,P.A. Trento,541380,182938,33.79,0.23
2158,2021-01-27,PAT,810,280,530,92,716,2,ITH,ITH2,4,Provincia Autonoma Trento,P.A. Trento,541380,183748,33.94,0.15
2159,2021-02-13,PAT,538,333,205,172,366,0,ITH,ITH2,4,Provincia Autonoma Trento,P.A. Trento,541380,184286,34.04,0.1
2160,2021-05-07,PAT,6001,3086,2915,4797,841,363,ITH,ITH2,4,Provincia Autonoma Trento,P.A. Trento,541380,190287,35.15,1.11
2161,2021-04-20,PAT,2879,1377,1502,2669,36,174,ITH,ITH2,4,Provincia Autonoma Trento,P.A. Trento,541380,193166,35.68,0.53
2162,2021-05-09,PAT,2324,1210,1114,1849,344,131,ITH,ITH2,4,Provincia Autonoma Trento,P.A. Trento,541380,195490,36.11,0.43
2163,2021-02-15,PAT,534,188,346,418,114,2,ITH,ITH2,4,Provincia Autonoma Trento,P.A. Trento,541380,196024,36.21,0.1
2164,2021-03-23,PAT,2448,944,1504,1609,740,99,ITH,ITH2,4,Provincia Autonoma Trento,P.A. Trento,541380,198472,36.66,0.45
2165,2021-05-28,PAT,3726,1739,1987,1360,2231,135,ITH,ITH2,4,Provincia Autonoma Trento,P.A. Trento,541380,202198,37.35,0.69
2166,2021-01-25,PAT,818,215,603,24,794,0,ITH,ITH2,4,Provincia Autonoma Trento,P.A. Trento,541380,203016,37.5,0.15
2167,2021-03-25,PAT,2875,1105,1770,1720,1049,106,ITH,ITH2,4,Provincia Autonoma Trento,P.A. Trento,541380,205891,38.03,0.53
2168,2021-07-03,PAT,1256,669,587,80,1170,6,ITH,ITH2,4,Provincia Autonoma Trento,P.A. Trento,541380,207147,38.26,0.23
2169,2021-03-30,PAT,2388,973,1415,1652,637,99,ITH,ITH2,4,Provincia Autonoma Trento,P.A. Trento,541380,209535,38.7,0.44
2170,2021-06-14,PAT,5745,2971,2774,2018,3615,112,ITH,ITH2,4,Provincia Autonoma Trento,P.A. Trento,541380,215280,39.77,1.06
2171,2021-04-18,PAT,1855,845,1010,1788,9,58,ITH,ITH2,4,Provincia Autonoma Trento,P.A. Trento,541380,217135,40.11,0.34
2172,2021-03-06,PAT,787,277,510,596,151,40,ITH,ITH2,4,Provincia Autonoma Trento,P.A. Trento,541380,217922,40.25,0.15
2173,2021-04-11,PAT,2340,1135,1205,2161,91,88,ITH,ITH2,4,Provincia Autonoma Trento,P.A. Trento,541380,220262,40.69,0.43
2174,2021-02-27,PAT,1032,458,574,590,422,20,ITH,ITH2,4,Provincia Autonoma Trento,P.A. Trento,541380,221294,40.88,0.19
2175,2021-01-01,PAT,214,50,164,214,0,0,ITH,ITH2,4,Provincia Autonoma Trento,P.A. Trento,541380,221508,40.92,0.04
2176,2021-06-07,PAT,5794,2884,2910,2638,2987,169,ITH,ITH2,4,Provincia Autonoma Trento,P.A. Trento,541380,227302,41.99,1.07
2177,2021-03-15,PAT,1412,545,867,894,464,54,ITH,ITH2,4,Provincia Autonoma Trento,P.A. Trento,541380,228714,42.25,0.26
2178,2021-01-17,PAT,251,195,56,251,0,0,ITH,ITH2,4,Provincia Autonoma Trento,P.A. Trento,541380,228965,42.29,0.05
2179,2021-06-23,PAT,6521,3453,3068,4469,1859,193,ITH,ITH2,4,Provincia Autonoma Trento,P.A. Trento,541380,235486,43.5,1.2
2180,2021-05-11,PAT,3705,1754,1951,2618,851,236,ITH,ITH2,4,Provincia Autonoma Trento,P.A. Trento,541380,239191,44.18,0.68
2181,2021-04-27,PAT,3916,1882,2034,3568,69,279,ITH,ITH2,4,Provincia Autonoma Trento,P.A. Trento,541380,243107,44.91,0.72
2182,2021-05-04,PAT,4512,2448,2064,4123,95,294,ITH,ITH2,4,Provincia Autonoma Trento,P.A. Trento,541380,247619,45.74,0.83
2183,2021-03-08,PAT,1411,434,977,1027,354,30,ITH,ITH2,4,Provincia Autonoma Trento,P.A. Trento,541380,249030,46.0,0.26
2184,2021-03-22,PAT,2306,973,1333,1375,875,56,ITH,ITH2,4,Provincia Autonoma Trento,P.A. Trento,541380,251336,46.43,0.43
2185,2021-01-24,PAT,548,276,272,224,324,0,ITH,ITH2,4,Provincia Autonoma Trento,P.A. Trento,541380,251884,46.53,0.1
2186,2021-06-30,PAT,6675,3434,3241,2605,3989,81,ITH,ITH2,4,Provincia Autonoma Trento,P.A. Trento,541380,258559,47.76,1.23
2187,2021-06-09,PAT,6247,3081,3166,2089,4081,77,ITH,ITH2,4,Provincia Autonoma Trento,P.A. Trento,541380,264806,48.91,1.15
2188,2021-06-26,PAT,1392,727,665,660,714,18,ITH,ITH2,4,Provincia Autonoma Trento,P.A. Trento,541380,266198,49.17,0.26
2189,2021-06-28,PAT,6765,3487,3278,2907,3800,58,ITH,ITH2,4,Provincia Autonoma Trento,P.A. Trento,541380,272963,50.42,1.25
2190,2021-04-06,PAT,2261,950,1311,1439,765,57,ITH,ITH2,4,Provincia Autonoma Trento,P.A. Trento,541380,275224,50.84,0.42
2191,2021-07-15,PAT,4016,2125,1891,1584,2307,125,ITH,ITH2,4,Provincia Autonoma Trento,P.A. Trento,541380,279240,51.58,0.74
2192,2021-01-13,PAT,421,123,298,421,0,0,ITH,ITH2,4,Provincia Autonoma Trento,P.A. Trento,541380,279661,51.66,0.08
2193,2021-04-25,PAT,1971,940,1031,1849,7,115,ITH,ITH2,4,Provincia Autonoma Trento,P.A. Trento,541380,281632,52.02,0.36
2194,2021-06-25,PAT,7507,4022,3485,4047,3378,82,ITH,ITH2,4,Provincia Autonoma Trento,P.A. Trento,541380,289139,53.41,1.39
2195,2021-07-02,PAT,7171,3900,3271,3419,3527,225,ITH,ITH2,4,Provincia Autonoma Trento,P.A. Trento,541380,296310,54.73,1.32
2196,2021-01-15,PAT,597,132,465,596,0,1,ITH,ITH2,4,Provincia Autonoma Trento,P.A. Trento,541380,296907,54.84,0.11
2197,2021-05-20,PAT,5017,2358,2659,3104,1637,276,ITH,ITH2,4,Provincia Autonoma Trento,P.A. Trento,541380,301924,55.77,0.93
2198,2021-03-24,PAT,2379,940,1439,1446,820,113,ITH,ITH2,4,Provincia Autonoma Trento,P.A. Trento,541380,304303,56.21,0.44
2199,2021-02-09,PAT,918,287,631,442,475,1,ITH,ITH2,4,Provincia Autonoma Trento,P.A. Trento,541380,305221,56.38,0.17
2200,2021-06-06,PAT,2231,1063,1168,424,1786,21,ITH,ITH2,4,Provincia Autonoma Trento,P.A. Trento,541380,307452,56.79,0.41
2201,2021-07-12,PAT,4061,2031,2030,1938,1947,176,ITH,ITH2,4,Provincia Autonoma Trento,P.A. Trento,541380,311513,57.54,0.75
2202,2021-02-17,PAT,1117,427,690,1021,91,5,ITH,ITH2,4,Provincia Autonoma Trento,P.A. Trento,541380,312630,57.75,0.21
2203,2021-02-12,PAT,1013,341,672,588,423,2,ITH,ITH2,4,Provincia Autonoma Trento,P.A. Trento,541380,313643,57.93,0.19
2204,2021-03-01,PAT,1237,454,783,918,295,24,ITH,ITH2,4,Provincia Autonoma Trento,P.A. Trento,541380,314880,58.16,0.23
2205,2021-03-20,PAT,874,403,471,658,203,13,ITH,ITH2,4,Provincia Autonoma Trento,P.A. Trento,541380,315754,58.32,0.16
2206,2021-03-03,PAT,1659,622,1037,1107,518,34,ITH,ITH2,4,Provincia Autonoma Trento,P.A. Trento,541380,317413,58.63,0.31
2207,2021-06-11,PAT,7208,3432,3776,1478,5631,99,ITH,ITH2,4,Provincia Autonoma Trento,P.A. Trento,541380,324621,59.96,1.33
2208,2021-06-13,PAT,3686,2033,1653,275,3388,23,ITH,ITH2,4,Provincia Autonoma Trento,P.A. Trento,541380,328307,60.64,0.68
2209,2020-12-27,PAT,103,40,63,103,0,0,ITH,ITH2,4,Provincia Autonoma Trento,P.A. Trento,541380,328410,60.66,0.02
2210,2021-06-02,PAT,2839,1359,1480,882,1894,63,ITH,ITH2,4,Provincia Autonoma Trento,P.A. Trento,541380,331249,61.19,0.52
2211,2021-03-11,PAT,2319,865,1454,1441,831,47,ITH,ITH2,4,Provincia Autonoma Trento,P.A. Trento,541380,333568,61.61,0.43
2212,2021-07-22,PAT,4211,2273,1938,1694,2407,110,ITH,ITH2,4,Provincia Autonoma Trento,P.A. Trento,541380,337779,62.39,0.78
2213,2021-07-07,PAT,4347,2330,2017,2766,1383,198,ITH,ITH2,4,Provincia Autonoma Trento,P.A. Trento,541380,342126,63.2,0.8
2214,2021-01-03,PAT,493,160,333,493,0,0,ITH,ITH2,4,Provincia Autonoma Trento,P.A. Trento,541380,342619,63.29,0.09
2215,2021-07-21,PAT,4353,2334,2019,1301,2970,82,ITH,ITH2,4,Provincia Autonoma Trento,P.A. Trento,541380,346972,64.09,0.8
2216,2021-02-03,PAT,847,315,532,414,433,0,ITH,ITH2,4,Provincia Autonoma Trento,P.A. Trento,541380,347819,64.25,0.16
2217,2021-07-19,PAT,4609,2416,2193,1325,3167,117,ITH,ITH2,4,Provincia Autonoma Trento,P.A. Trento,541380,352428,65.1,0.85
2218,2021-05-23,PAT,1957,994,963,420,1509,28,ITH,ITH2,4,Provincia Autonoma Trento,P.A. Trento,541380,354385,65.46,0.36
2219,2021-04-10,PAT,2824,1322,1502,1949,796,79,ITH,ITH2,4,Provincia Autonoma Trento,P.A. Trento,541380,357209,65.98,0.52
2220,2021-02-10,PAT,854,291,563,511,342,1,ITH,ITH2,4,Provincia Autonoma Trento,P.A. Trento,541380,358063,66.14,0.16
2221,2021-07-26,PAT,3567,1875,1692,702,2810,55,ITH,ITH2,4,Provincia Autonoma Trento,P.A. Trento,541380,361630,66.8,0.66
2222,2021-04-08,PAT,3142,1317,1825,1932,1118,92,ITH,ITH2,4,Provincia Autonoma Trento,P.A. Trento,541380,364772,67.38,0.58
2223,2021-05-26,PAT,3918,1843,2075,1105,2693,120,ITH,ITH2,4,Provincia Autonoma Trento,P.A. Trento,541380,368690,68.1,0.72
2224,2021-01-10,PAT,85,20,65,85,0,0,ITH,ITH2,4,Provincia Autonoma Trento,P.A. Trento,541380,368775,68.12,0.02
2225,2021-01-29,PAT,1358,334,1024,55,1303,0,ITH,ITH2,4,Provincia Autonoma Trento,P.A. Trento,541380,370133,68.37,0.25
2226,2021-07-14,PAT,3974,2071,1903,1600,2274,100,ITH,ITH2,4,Provincia Autonoma Trento,P.A. Trento,541380,374107,69.1,0.73
2227,2021-04-22,PAT,3152,1470,1682,2932,45,175,ITH,ITH2,4,Provincia Autonoma Trento,P.A. Trento,541380,377259,69.68,0.58
2228,2021-01-31,PAT,76,16,60,1,75,0,ITH,ITH2,4,Provincia Autonoma Trento,P.A. Trento,541380,377335,69.7,0.01
2229,2021-07-04,PAT,212,119,93,61,149,2,ITH,ITH2,4,Provincia Autonoma Trento,P.A. Trento,541380,377547,69.74,0.04
2230,2021-07-11,PAT,998,549,449,121,868,9,ITH,ITH2,4,Provincia Autonoma Trento,P.A. Trento,541380,378545,69.92,0.18
2231,2021-05-25,PAT,4772,2268,2504,1721,2904,147,ITH,ITH2,4,Provincia Autonoma Trento,P.A. Trento,541380,383317,70.8,0.88
2232,2021-05-08,PAT,3162,1726,1436,2548,422,192,ITH,ITH2,4,Provincia Autonoma Trento,P.A. Trento,541380,386479,71.39,0.58
2233,2021-02-14,PAT,246,186,60,11,235,0,ITH,ITH2,4,Provincia Autonoma Trento,P.A. Trento,541380,386725,71.43,0.05
2234,2021-05-27,PAT,4295,1992,2303,1124,3043,128,ITH,ITH2,4,Provincia Autonoma Trento,P.A. Trento,541380,391020,72.23,0.79
2235,2021-03-17,PAT,2071,792,1279,1120,871,80,ITH,ITH2,4,Provincia Autonoma Trento,P.A. Trento,541380,393091,72.61,0.38
2236,2021-02-02,PAT,910,240,670,191,719,0,ITH,ITH2,4,Provincia Autonoma Trento,P.A. Trento,541380,394001,72.78,0.17
2237,2021-07-09,PAT,4923,2616,2307,2873,1840,210,ITH,ITH2,4,Provincia Autonoma Trento,P.A. Trento,541380,398924,73.69,0.91
2238,2021-05-13,PAT,3409,1580,1829,2087,1104,218,ITH,ITH2,4,Provincia Autonoma Trento,P.A. Trento,541380,402333,74.32,0.63
2239,2021-03-31,PAT,2586,983,1603,1632,858,96,ITH,ITH2,4,Provincia Autonoma Trento,P.A. Trento,541380,404919,74.79,0.48
2240,2020-12-31,PAT,1627,449,1178,1627,0,0,ITH,ITH2,4,Provincia Autonoma Trento,P.A. Trento,541380,406546,75.09,0.3
2241,2021-06-22,PAT,6196,3384,2812,3480,2531,185,ITH,ITH2,4,Provincia Autonoma Trento,P.A. Trento,541380,412742,76.24,1.14
2242,2021-03-05,PAT,2248,704,1544,1590,566,92,ITH,ITH2,4,Provincia Autonoma Trento,P.A. Trento,541380,414990,76.65,0.42
2243,2021-01-07,PAT,1272,310,962,1269,0,3,ITH,ITH2,4,Provincia Autonoma Trento,P.A. Trento,541380,416262,76.89,0.23
2244,2021-04-07,PAT,2629,1018,1611,1571,943,115,ITH,ITH2,4,Provincia Autonoma Trento,P.A. Trento,541380,418891,77.37,0.49
2245,2021-07-16,PAT,4360,2235,2125,1602,2619,139,ITH,ITH2,4,Provincia Autonoma Trento,P.A. Trento,541380,423251,78.18,0.81
2246,2021-06-27,PAT,1303,698,605,361,938,4,ITH,ITH2,4,Provincia Autonoma Trento,P.A. Trento,541380,424554,78.42,0.24
2247,2021-05-30,PAT,1770,872,898,862,840,68,ITH,ITH2,4,Provincia Autonoma Trento,P.A. Trento,541380,426324,78.75,0.33
2248,2021-04-03,PAT,1143,471,672,905,171,67,ITH,ITH2,4,Provincia Autonoma Trento,P.A. Trento,541380,427467,78.96,0.21
2249,2021-04-24,PAT,3550,1701,1849,3336,15,199,ITH,ITH2,4,Provincia Autonoma Trento,P.A. Trento,541380,431017,79.61,0.66
2250,2021-02-26,PAT,1218,435,783,900,295,23,ITH,ITH2,4,Provincia Autonoma Trento,P.A. Trento,541380,432235,79.84,0.22
2251,2021-01-14,PAT,701,203,498,699,0,2,ITH,ITH2,4,Provincia Autonoma Trento,P.A. Trento,541380,432936,79.97,0.13
2252,2021-02-22,PAT,747,259,488,657,84,6,ITH,ITH2,4,Provincia Autonoma Trento,P.A. Trento,541380,433683,80.11,0.14
2253,2021-05-18,PAT,4256,2011,2245,3132,846,278,ITH,ITH2,4,Provincia Autonoma Trento,P.A. Trento,541380,437939,80.89,0.79
2254,2021-03-12,PAT,2518,940,1578,1641,806,71,ITH,ITH2,4,Provincia Autonoma Trento,P.A. Trento,541380,440457,81.36,0.47
2255,2021-06-20,PAT,1869,1034,835,28,1836,5,ITH,ITH2,4,Provincia Autonoma Trento,P.A. Trento,541380,442326,81.7,0.35
2256,2021-01-26,PAT,543,154,389,27,516,0,ITH,ITH2,4,Provincia Autonoma Trento,P.A. Trento,541380,442869,81.8,0.1
2257,2021-05-06,PAT,5534,2741,2793,4386,780,368,ITH,ITH2,4,Provincia Autonoma Trento,P.A. Trento,541380,448403,82.83,1.02
2258,2021-04-17,PAT,2233,1139,1094,2073,57,103,ITH,ITH2,4,Provincia Autonoma Trento,P.A. Trento,541380,450636,83.24,0.41
2259,2021-04-19,PAT,2625,1235,1390,2419,22,184,ITH,ITH2,4,Provincia Autonoma Trento,P.A. Trento,541380,453261,83.72,0.48
2260,2021-06-15,PAT,6242,3284,2958,1597,4511,134,ITH,ITH2,4,Provincia Autonoma Trento,P.A. Trento,541380,459503,84.88,1.15
2261,2021-01-02,PAT,502,143,359,502,0,0,ITH,ITH2,4,Provincia Autonoma Trento,P.A. Trento,541380,460005,84.97,0.09
2262,2021-03-29,PAT,2494,967,1527,1639,735,120,ITH,ITH2,4,Provincia Autonoma Trento,P.A. Trento,541380,462499,85.43,0.46
2263,2021-04-12,PAT,3087,1410,1677,2468,497,122,ITH,ITH2,4,Provincia Autonoma Trento,P.A. Trento,541380,465586,86.0,0.57
2264,2021-01-21,PAT,353,95,258,229,124,0,ITH,ITH2,4,Provincia Autonoma Trento,P.A. Trento,541380,465939,86.07,0.07
2265,2021-05-01,PAT,4851,2470,2381,4527,36,288,ITH,ITH2,4,Provincia Autonoma Trento,P.A. Trento,541380,470790,86.96,0.9
2266,2021-02-28,PAT,242,121,121,232,0,10,ITH,ITH2,4,Provincia Autonoma Trento,P.A. Trento,541380,471032,87.01,0.04
2267,2021-06-08,PAT,5923,2864,3059,1755,4052,116,ITH,ITH2,4,Provincia Autonoma Trento,P.A. Trento,541380,476955,88.1,1.09
2268,2021-04-26,PAT,2660,1254,1406,2400,95,165,ITH,ITH2,4,Provincia Autonoma Trento,P.A. Trento,541380,479615,88.59,0.49
2269,2021-02-19,PAT,929,359,570,838,59,32,ITH,ITH2,4,Provincia Autonoma Trento,P.A. Trento,541380,480544,88.76,0.17
2270,2021-01-12,PAT,507,158,349,506,0,1,ITH,ITH2,4,Provincia Autonoma Trento,P.A. Trento,541380,481051,88.86,0.09
2271,2021-03-19,PAT,2424,915,1509,1492,853,79,ITH,ITH2,4,Provincia Autonoma Trento,P.A. Trento,541380,483475,89.3,0.45
2272,2021-04-05,PAT,35,17,18,30,2,3,ITH,ITH2,4,Provincia Autonoma Trento,P.A. Trento,541380,483510,89.31,0.01
2273,2021-02-21,PAT,155,92,63,43,112,0,ITH,ITH2,4,Provincia Autonoma Trento,P.A. Trento,541380,483665,89.34,0.03
2274,2021-05-15,PAT,1570,815,755,638,891,41,ITH,ITH2,4,Provincia Autonoma Trento,P.A. Trento,541380,485235,89.63,0.29
2275,2021-06-01,PAT,4019,1879,2140,1054,2859,106,ITH,ITH2,4,Provincia Autonoma Trento,P.A. Trento,541380,489254,90.37,0.74
2276,2021-07-24,PAT,885,493,392,485,382,18,ITH,ITH2,4,Provincia Autonoma Trento,P.A. Trento,541380,490139,90.54,0.16
2277,2021-05-02,PAT,3514,1955,1559,3266,37,211,ITH,ITH2,4,Provincia Autonoma Trento,P.A. Trento,541380,493653,91.18,0.65
2278,2021-03-13,PAT,836,385,451,719,48,69,ITH,ITH2,4,Provincia Autonoma Trento,P.A. Trento,541380,494489,91.34,0.15
2279,2021-07-05,PAT,5241,2745,2496,3643,1361,237,ITH,ITH2,4,Provincia Autonoma Trento,P.A. Trento,541380,499730,92.31,0.97
2280,2021-06-21,PAT,6135,3313,2822,3561,2393,181,ITH,ITH2,4,Provincia Autonoma Trento,P.A. Trento,541380,505865,93.44,1.13
2281,2021-04-29,PAT,4647,2243,2404,4139,209,299,ITH,ITH2,4,Provincia Autonoma Trento,P.A. Trento,541380,510512,94.3,0.86
2282,2021-01-22,PAT,1674,435,1239,330,1343,1,ITH,ITH2,4,Provincia Autonoma Trento,P.A. Trento,541380,512186,94.61,0.31
2283,2021-02-05,PAT,805,272,533,283,522,0,ITH,ITH2,4,Provincia Autonoma Trento,P.A. Trento,541380,512991,94.76,0.15
2284,2021-05-16,PAT,1331,736,595,1025,239,67,ITH,ITH2,4,Provincia Autonoma Trento,P.A. Trento,541380,514322,95.0,0.25
2285,2021-01-05,PAT,711,233,478,711,0,0,ITH,ITH2,4,Provincia Autonoma Trento,P.A. Trento,541380,515033,95.13,0.13
2286,2021-04-15,PAT,3202,1443,1759,2810,154,238,ITH,ITH2,4,Provincia Autonoma Trento,P.A. Trento,541380,518235,95.72,0.59
2287,2021-06-18,PAT,6941,3693,3248,1740,5111,90,ITH,ITH2,4,Provincia Autonoma Trento,P.A. Trento,541380,525176,97.01,1.28
2288,2021-03-27,PAT,1620,710,910,1288,258,74,ITH,ITH2,4,Provincia Autonoma Trento,P.A. Trento,541380,526796,97.31,0.3
2289,2021-06-04,PAT,5836,2610,3226,1716,3999,121,ITH,ITH2,4,Provincia Autonoma Trento,P.A. Trento,541380,532632,98.38,1.08
2290,2021-02-24,PAT,1325,525,800,905,399,21,ITH,ITH2,4,Provincia Autonoma Trento,P.A. Trento,541380,533957,98.63,0.24
2291,2021-06-03,PAT,4773,2237,2536,1210,3471,92,ITH,ITH2,4,Provincia Autonoma Trento,P.A. Trento,541380,538730,99.51,0.88
2292,2021-01-19,PAT,407,77,330,407,0,0,ITH,ITH2,4,Provincia Autonoma Trento,P.A. Trento,541380,539137,99.59,0.08
2293,2021-07-23,PAT,3859,1996,1863,1287,2471,101,ITH,ITH2,4,Provincia Autonoma Trento,P.A. Trento,541380,542996,100.3,0.71
2294,2021-03-10,PAT,2405,929,1476,1425,922,58,ITH,ITH2,4,Provincia Autonoma Trento,P.A. Trento,541380,545401,100.74,0.44
2295,2021-04-05,MAR,5702,2367,3335,4357,1269,76,ITI,ITI3,11,Marche,Marche,1525271,5702,0.37,0.37
2296,2021-06-27,MAR,9951,4821,5130,4487,5292,172,ITI,ITI3,11,Marche,Marche,1525271,15653,1.03,0.65
2297,2021-03-19,MAR,3881,1621,2260,325,3544,12,ITI,ITI3,11,Marche,Marche,1525271,19534,1.28,0.25
2298,2021-03-17,MAR,3476,1525,1951,105,3369,2,ITI,ITI3,11,Marche,Marche,1525271,23010,1.51,0.23
2299,2021-01-21,MAR,919,261,658,574,328,17,ITI,ITI3,11,Marche,Marche,1525271,23929,1.57,0.06
2300,2021-05-01,MAR,9318,3924,5394,3500,5742,76,ITI,ITI3,11,Marche,Marche,1525271,33247,2.18,0.61
2301,2021-03-05,MAR,6225,2873,3352,4694,1468,63,ITI,ITI3,11,Marche,Marche,1525271,39472,2.59,0.41
2302,2021-05-27,MAR,13732,6817,6915,9180,4301,251,ITI,ITI3,11,Marche,Marche,1525271,53204,3.49,0.9
2303,2021-03-31,MAR,7374,3086,4288,4268,3023,83,ITI,ITI3,11,Marche,Marche,1525271,60578,3.97,0.48
2304,2021-07-09,MAR,14894,7497,7397,2556,12124,214,ITI,ITI3,11,Marche,Marche,1525271,75472,4.95,0.98
2305,2021-06-15,MAR,13192,6567,6625,9823,3052,317,ITI,ITI3,11,Marche,Marche,1525271,88664,5.81,0.86
2306,2021-01-12,MAR,1231,417,814,1218,0,13,ITI,ITI3,11,Marche,Marche,1525271,89895,5.89,0.08
2307,2021-06-22,MAR,13219,6482,6737,6474,6462,283,ITI,ITI3,11,Marche,Marche,1525271,103114,6.76,0.87
2308,2021-04-26,MAR,9170,4062,5108,6023,3022,125,ITI,ITI3,11,Marche,Marche,1525271,112284,7.36,0.6
2309,2021-03-24,MAR,7081,3009,4072,3297,3716,68,ITI,ITI3,11,Marche,Marche,1525271,119365,7.83,0.46
2310,2021-06-01,MAR,12057,6158,5899,9683,2090,284,ITI,ITI3,11,Marche,Marche,1525271,131422,8.62,0.79
2311,2021-03-10,MAR,5710,2440,3270,4480,1178,52,ITI,ITI3,11,Marche,Marche,1525271,137132,8.99,0.37
2312,2021-02-21,MAR,376,141,235,363,1,12,ITI,ITI3,11,Marche,Marche,1525271,137508,9.02,0.02
2313,2021-05-20,MAR,12681,5960,6721,7534,4896,251,ITI,ITI3,11,Marche,Marche,1525271,150189,9.85,0.83
2314,2021-02-07,MAR,1871,735,1136,332,1527,12,ITI,ITI3,11,Marche,Marche,1525271,152060,9.97,0.12
2315,2021-07-23,MAR,15543,8280,7263,2531,12788,224,ITI,ITI3,11,Marche,Marche,1525271,167603,10.99,1.02
2316,2021-01-26,MAR,2022,747,1275,80,1933,9,ITI,ITI3,11,Marche,Marche,1525271,169625,11.12,0.13
2317,2021-07-11,MAR,10398,5220,5178,1606,8656,136,ITI,ITI3,11,Marche,Marche,1525271,180023,11.8,0.68
2318,2021-04-19,MAR,9603,4498,5105,7902,1581,120,ITI,ITI3,11,Marche,Marche,1525271,189626,12.43,0.63
2319,2021-05-15,MAR,14113,6437,7676,7831,6037,245,ITI,ITI3,11,Marche,Marche,1525271,203739,13.36,0.93
2320,2021-02-19,MAR,2002,739,1263,1826,135,41,ITI,ITI3,11,Marche,Marche,1525271,205741,13.49,0.13
2321,2021-01-07,MAR,1812,637,1175,1796,0,16,ITI,ITI3,11,Marche,Marche,1525271,207553,13.61,0.12
2322,2021-03-12,MAR,4683,2000,2683,3348,1280,55,ITI,ITI3,11,Marche,Marche,1525271,212236,13.91,0.31
2323,2021-01-14,MAR,2014,694,1320,1990,0,24,ITI,ITI3,11,Marche,Marche,1525271,214250,14.05,0.13
2324,2021-06-20,MAR,11157,5545,5612,5990,4985,182,ITI,ITI3,11,Marche,Marche,1525271,225407,14.78,0.73
2325,2021-04-24,MAR,12166,5363,6803,7559,4464,143,ITI,ITI3,11,Marche,Marche,1525271,237573,15.58,0.8
2326,2021-02-28,MAR,2836,1251,1585,2822,6,8,ITI,ITI3,11,Marche,Marche,1525271,240409,15.76,0.19
2327,2021-06-08,MAR,14098,7095,7003,11198,2609,291,ITI,ITI3,11,Marche,Marche,1525271,254507,16.69,0.92
2328,2021-03-02,MAR,5002,1967,3035,4371,566,65,ITI,ITI3,11,Marche,Marche,1525271,259509,17.01,0.33
2329,2021-06-10,MAR,14927,7693,7234,12572,2013,342,ITI,ITI3,11,Marche,Marche,1525271,274436,17.99,0.98
2330,2021-03-29,MAR,5894,2581,3313,3392,2455,47,ITI,ITI3,11,Marche,Marche,1525271,280330,18.38,0.39
2331,2021-06-03,MAR,14633,7481,7152,12076,2252,305,ITI,ITI3,11,Marche,Marche,1525271,294963,19.34,0.96
2332,2021-02-18,MAR,2144,785,1359,1808,287,49,ITI,ITI3,11,Marche,Marche,1525271,297107,19.48,0.14
2333,2021-05-29,MAR,12861,6234,6627,8114,4529,218,ITI,ITI3,11,Marche,Marche,1525271,309968,20.32,0.84
2334,2021-01-23,MAR,557,190,367,119,435,3,ITI,ITI3,11,Marche,Marche,1525271,310525,20.36,0.04
2335,2021-06-29,MAR,13370,6599,6771,4927,8216,227,ITI,ITI3,11,Marche,Marche,1525271,323895,21.24,0.88
2336,2021-05-03,MAR,10409,4691,5718,4864,5411,134,ITI,ITI3,11,Marche,Marche,1525271,334304,21.92,0.68
2337,2021-03-28,MAR,4125,1739,2386,2396,1691,38,ITI,ITI3,11,Marche,Marche,1525271,338429,22.19,0.27
2338,2021-01-19,MAR,232,87,145,139,90,3,ITI,ITI3,11,Marche,Marche,1525271,338661,22.2,0.02
2339,2021-02-02,MAR,1193,398,795,71,1122,0,ITI,ITI3,11,Marche,Marche,1525271,339854,22.28,0.08
2340,2021-05-13,MAR,12605,5695,6910,6827,5501,277,ITI,ITI3,11,Marche,Marche,1525271,352459,23.11,0.83
2341,2021-04-12,MAR,8566,3772,4794,7937,482,147,ITI,ITI3,11,Marche,Marche,1525271,361025,23.67,0.56
2342,2021-01-02,MAR,456,141,315,454,0,2,ITI,ITI3,11,Marche,Marche,1525271,361481,23.7,0.03
2343,2021-03-07,MAR,5180,2107,3073,4379,754,47,ITI,ITI3,11,Marche,Marche,1525271,366661,24.04,0.34
2344,2021-07-04,MAR,10895,5445,5450,3203,7530,162,ITI,ITI3,11,Marche,Marche,1525271,377556,24.75,0.71
2345,2020-12-31,MAR,392,184,208,390,0,2,ITI,ITI3,11,Marche,Marche,1525271,377948,24.78,0.03
2346,2021-02-04,MAR,2386,843,1543,107,2274,5,ITI,ITI3,11,Marche,Marche,1525271,380334,24.94,0.16
2347,2021-02-14,MAR,739,301,438,727,0,12,ITI,ITI3,11,Marche,Marche,1525271,381073,24.98,0.05
2348,2021-05-08,MAR,12278,5480,6798,4859,7250,169,ITI,ITI3,11,Marche,Marche,1525271,393351,25.79,0.8
2349,2021-01-09,MAR,1717,606,1111,1697,0,20,ITI,ITI3,11,Marche,Marche,1525271,395068,25.9,0.11
2350,2021-04-02,MAR,6886,2983,3903,6039,739,108,ITI,ITI3,11,Marche,Marche,1525271,401954,26.35,0.45
2351,2021-07-18,MAR,12123,6310,5813,1335,10670,118,ITI,ITI3,11,Marche,Marche,1525271,414077,27.15,0.79
2352,2021-01-31,MAR,1919,770,1149,96,1819,4,ITI,ITI3,11,Marche,Marche,1525271,415996,27.27,0.13
2353,2021-04-07,MAR,8182,3618,4564,7717,347,118,ITI,ITI3,11,Marche,Marche,1525271,424178,27.81,0.54
2354,2021-02-09,MAR,124,42,82,46,78,0,ITI,ITI3,11,Marche,Marche,1525271,424302,27.82,0.01
2355,2021-07-16,MAR,15838,8238,7600,1845,13735,258,ITI,ITI3,11,Marche,Marche,1525271,440140,28.86,1.04
2356,2021-06-12,MAR,13775,7312,6463,12105,1339,331,ITI,ITI3,11,Marche,Marche,1525271,453915,29.76,0.9
2357,2021-04-16,MAR,10082,4702,5380,9361,525,196,ITI,ITI3,11,Marche,Marche,1525271,463997,30.42,0.66
2358,2021-02-26,MAR,3677,1523,2154,3097,476,104,ITI,ITI3,11,Marche,Marche,1525271,467674,30.66,0.24
2359,2021-05-12,MAR,10430,4691,5739,4737,5503,190,ITI,ITI3,11,Marche,Marche,1525271,478104,31.35,0.68
2360,2021-07-08,MAR,15038,7539,7499,2790,12023,225,ITI,ITI3,11,Marche,Marche,1525271,493142,32.33,0.99
2361,2021-07-01,MAR,14686,7365,7321,4658,9750,278,ITI,ITI3,11,Marche,Marche,1525271,507828,33.29,0.96
2362,2021-02-16,MAR,1287,475,812,1225,30,32,ITI,ITI3,11,Marche,Marche,1525271,509115,33.38,0.08
2363,2021-02-25,MAR,3560,1464,2096,3320,181,59,ITI,ITI3,11,Marche,Marche,1525271,512675,33.61,0.23
2364,2021-06-05,MAR,13944,7011,6933,11520,2059,365,ITI,ITI3,11,Marche,Marche,1525271,526619,34.53,0.91
2365,2021-04-23,MAR,11306,5218,6088,8091,3055,160,ITI,ITI3,11,Marche,Marche,1525271,537925,35.27,0.74
2366,2021-05-24,MAR,10996,5192,5804,7956,2863,177,ITI,ITI3,11,Marche,Marche,1525271,548921,35.99,0.72
2367,2021-05-22,MAR,11937,5719,6218,7318,4448,171,ITI,ITI3,11,Marche,Marche,1525271,560858,36.77,0.78
2368,2021-02-11,MAR,1987,657,1330,1557,389,41,ITI,ITI3,11,Marche,Marche,1525271,562845,36.9,0.13
2369,2021-05-05,MAR,11691,5320,6371,5105,6429,157,ITI,ITI3,11,Marche,Marche,1525271,574536,37.67,0.77
2370,2021-07-25,MAR,9348,4931,4417,1004,8247,97,ITI,ITI3,11,Marche,Marche,1525271,583884,38.28,0.61
2371,2021-01-04,MAR,1517,573,944,1505,0,12,ITI,ITI3,11,Marche,Marche,1525271,585401,38.38,0.1
2372,2021-04-14,MAR,10215,4564,5651,9661,370,184,ITI,ITI3,11,Marche,Marche,1525271,595616,39.05,0.67
2373,2020-12-30,MAR,17,5,12,17,0,0,ITI,ITI3,11,Marche,Marche,1525271,595633,39.05,0.0
2374,2021-04-09,MAR,9572,4192,5380,9159,200,213,ITI,ITI3,11,Marche,Marche,1525271,605205,39.68,0.63
2375,2021-01-30,MAR,1905,668,1237,25,1880,0,ITI,ITI3,11,Marche,Marche,1525271,607110,39.8,0.12
2376,2021-05-10,MAR,9452,4338,5114,4771,4553,128,ITI,ITI3,11,Marche,Marche,1525271,616562,40.42,0.62
2377,2021-03-14,MAR,2499,1032,1467,1897,592,10,ITI,ITI3,11,Marche,Marche,1525271,619061,40.59,0.16
2378,2021-03-21,MAR,4505,1873,2632,1614,2876,15,ITI,ITI3,11,Marche,Marche,1525271,623566,40.88,0.3
2379,2021-02-15,MAR,967,412,555,939,13,15,ITI,ITI3,11,Marche,Marche,1525271,624533,40.95,0.06
2380,2021-05-26,MAR,11889,5952,5937,8449,3226,214,ITI,ITI3,11,Marche,Marche,1525271,636422,41.73,0.78
2381,2021-03-30,MAR,7474,3075,4399,4579,2823,72,ITI,ITI3,11,Marche,Marche,1525271,643896,42.22,0.49
2382,2021-02-01,MAR,1362,479,883,94,1265,3,ITI,ITI3,11,Marche,Marche,1525271,645258,42.3,0.09
2383,2021-04-06,MAR,8874,3692,5182,7931,810,133,ITI,ITI3,11,Marche,Marche,1525271,654132,42.89,0.58
2384,2021-03-23,MAR,5838,2556,3282,2227,3576,35,ITI,ITI3,11,Marche,Marche,1525271,659970,43.27,0.38
2385,2021-02-08,MAR,833,258,575,366,462,5,ITI,ITI3,11,Marche,Marche,1525271,660803,43.32,0.05
2386,2021-07-15,MAR,16008,8286,7722,1750,14030,228,ITI,ITI3,11,Marche,Marche,1525271,676811,44.37,1.05
2387,2021-05-19,MAR,11660,5362,6298,8369,3096,195,ITI,ITI3,11,Marche,Marche,1525271,688471,45.14,0.76
2388,2021-03-16,MAR,3520,1522,1998,285,3229,6,ITI,ITI3,11,Marche,Marche,1525271,691991,45.37,0.23
2389,2021-06-24,MAR,13827,6670,7157,6185,7371,271,ITI,ITI3,11,Marche,Marche,1525271,705818,46.27,0.91
2390,2021-01-11,MAR,1178,413,765,1160,0,18,ITI,ITI3,11,Marche,Marche,1525271,706996,46.35,0.08
2391,2021-02-06,MAR,2463,902,1561,513,1941,9,ITI,ITI3,11,Marche,Marche,1525271,709459,46.51,0.16
2392,2021-07-17,MAR,15136,7793,7343,1384,13541,211,ITI,ITI3,11,Marche,Marche,1525271,724595,47.51,0.99
2393,2021-05-21,MAR,13901,6590,7311,7226,6464,211,ITI,ITI3,11,Marche,Marche,1525271,738496,48.42,0.91
2394,2021-05-28,MAR,13958,6737,7221,8803,4857,298,ITI,ITI3,11,Marche,Marche,1525271,752454,49.33,0.92
2395,2021-04-01,MAR,7576,3182,4394,4068,3416,92,ITI,ITI3,11,Marche,Marche,1525271,760030,49.83,0.5
2396,2021-07-24,MAR,13275,7118,6157,2946,10072,257,ITI,ITI3,11,Marche,Marche,1525271,773305,50.7,0.87
2397,2021-07-10,MAR,14160,7233,6927,1658,12300,202,ITI,ITI3,11,Marche,Marche,1525271,787465,51.63,0.93
2398,2021-04-22,MAR,10797,4930,5867,9083,1578,136,ITI,ITI3,11,Marche,Marche,1525271,798262,52.34,0.71
2399,2021-02-24,MAR,3534,1547,1987,3424,78,32,ITI,ITI3,11,Marche,Marche,1525271,801796,52.57,0.23
2400,2021-01-06,MAR,2207,803,1404,2188,0,19,ITI,ITI3,11,Marche,Marche,1525271,804003,52.71,0.14
2401,2021-03-04,MAR,6537,2893,3644,5084,1393,60,ITI,ITI3,11,Marche,Marche,1525271,810540,53.14,0.43
2402,2021-03-13,MAR,5804,2680,3124,1765,3999,40,ITI,ITI3,11,Marche,Marche,1525271,816344,53.52,0.38
2403,2021-06-21,MAR,12604,6183,6421,5482,6877,245,ITI,ITI3,11,Marche,Marche,1525271,828948,54.35,0.83
2404,2021-05-09,MAR,8863,4020,4843,3559,5227,77,ITI,ITI3,11,Marche,Marche,1525271,837811,54.93,0.58
2405,2021-04-21,MAR,10786,4969,5817,9439,1194,153,ITI,ITI3,11,Marche,Marche,1525271,848597,55.64,0.71
2406,2021-01-28,MAR,2086,725,1361,163,1922,1,ITI,ITI3,11,Marche,Marche,1525271,850683,55.77,0.14
2407,2021-04-04,MAR,3835,1797,2038,2617,1169,49,ITI,ITI3,11,Marche,Marche,1525271,854518,56.02,0.25
2408,2021-07-13,MAR,14854,7279,7575,1457,13267,130,ITI,ITI3,11,Marche,Marche,1525271,869372,57.0,0.97
2409,2021-06-09,MAR,14279,7417,6862,12108,1869,302,ITI,ITI3,11,Marche,Marche,1525271,883651,57.93,0.94
2410,2021-06-07,MAR,13320,6588,6732,10567,2450,303,ITI,ITI3,11,Marche,Marche,1525271,896971,58.81,0.87
2411,2021-02-27,MAR,3401,1457,1944,3158,209,34,ITI,ITI3,11,Marche,Marche,1525271,900372,59.03,0.22
2412,2021-03-18,MAR,3438,1505,1933,150,3276,12,ITI,ITI3,11,Marche,Marche,1525271,903810,59.26,0.23
2413,2021-06-26,MAR,13574,6904,6670,5688,7669,217,ITI,ITI3,11,Marche,Marche,1525271,917384,60.15,0.89
2414,2021-05-23,MAR,9209,4283,4926,7413,1672,124,ITI,ITI3,11,Marche,Marche,1525271,926593,60.75,0.6
2415,2021-01-18,MAR,696,237,459,536,149,11,ITI,ITI3,11,Marche,Marche,1525271,927289,60.8,0.05
2416,2021-04-28,MAR,10928,4979,5949,6026,4733,169,ITI,ITI3,11,Marche,Marche,1525271,938217,61.51,0.72
2417,2021-03-26,MAR,6389,2626,3763,3478,2855,56,ITI,ITI3,11,Marche,Marche,1525271,944606,61.93,0.42
2418,2021-06-17,MAR,15194,7558,7636,8799,6100,295,ITI,ITI3,11,Marche,Marche,1525271,959800,62.93,1.0
2419,2021-03-09,MAR,5431,2293,3138,4465,881,85,ITI,ITI3,11,Marche,Marche,1525271,965231,63.28,0.36
2420,2021-07-22,MAR,15746,8047,7699,2019,13486,241,ITI,ITI3,11,Marche,Marche,1525271,980977,64.31,1.03
2421,2021-04-13,MAR,9839,4260,5579,9412,233,194,ITI,ITI3,11,Marche,Marche,1525271,990816,64.96,0.65
2422,2021-07-05,MAR,13166,6507,6659,2920,10074,172,ITI,ITI3,11,Marche,Marche,1525271,1003982,65.82,0.86
2423,2021-06-16,MAR,13756,6913,6843,9129,4365,262,ITI,ITI3,11,Marche,Marche,1525271,1017738,66.73,0.9
2424,2021-06-02,MAR,11900,5938,5962,11029,676,195,ITI,ITI3,11,Marche,Marche,1525271,1029638,67.51,0.78
2425,2021-02-23,MAR,3314,1432,1882,3243,56,15,ITI,ITI3,11,Marche,Marche,1525271,1032952,67.72,0.22
2426,2021-01-15,MAR,1771,500,1271,1754,0,17,ITI,ITI3,11,Marche,Marche,1525271,1034723,67.84,0.12
2427,2021-04-25,MAR,8600,3994,4606,6897,1575,128,ITI,ITI3,11,Marche,Marche,1525271,1043323,68.4,0.56
2428,2021-01-13,MAR,2108,746,1362,2067,0,41,ITI,ITI3,11,Marche,Marche,1525271,1045431,68.54,0.14
2429,2021-05-02,MAR,8902,3938,4964,3082,5740,80,ITI,ITI3,11,Marche,Marche,1525271,1054333,69.12,0.58
2430,2021-06-28,MAR,12354,6024,6330,4611,7506,237,ITI,ITI3,11,Marche,Marche,1525271,1066687,69.93,0.81
2431,2021-05-07,MAR,12831,5799,7032,3574,9179,78,ITI,ITI3,11,Marche,Marche,1525271,1079518,70.78,0.84
2432,2021-02-13,MAR,1092,461,631,987,82,23,ITI,ITI3,11,Marche,Marche,1525271,1080610,70.85,0.07
2433,2021-01-27,MAR,2121,781,1340,116,2003,2,ITI,ITI3,11,Marche,Marche,1525271,1082731,70.99,0.14
2434,2021-04-20,MAR,10754,5029,5725,9155,1470,129,ITI,ITI3,11,Marche,Marche,1525271,1093485,71.69,0.71
2435,2021-01-25,MAR,1598,559,1039,93,1505,0,ITI,ITI3,11,Marche,Marche,1525271,1095083,71.8,0.1
2436,2021-01-08,MAR,1582,592,990,1567,0,15,ITI,ITI3,11,Marche,Marche,1525271,1096665,71.9,0.1
2437,2021-04-18,MAR,8824,4131,4693,7735,921,168,ITI,ITI3,11,Marche,Marche,1525271,1105489,72.48,0.58
2438,2021-04-17,MAR,11704,5316,6388,10400,1073,231,ITI,ITI3,11,Marche,Marche,1525271,1117193,73.25,0.77
2439,2021-07-26,MAR,10987,5711,5276,2090,8698,199,ITI,ITI3,11,Marche,Marche,1525271,1128180,73.97,0.72
2440,2021-06-13,MAR,10748,5564,5184,9204,1295,249,ITI,ITI3,11,Marche,Marche,1525271,1138928,74.67,0.7
2441,2020-12-27,MAR,207,100,107,205,0,2,ITI,ITI3,11,Marche,Marche,1525271,1139135,74.68,0.01
2442,2021-06-06,MAR,12452,6137,6315,10639,1577,236,ITI,ITI3,11,Marche,Marche,1525271,1151587,75.5,0.82
2443,2021-05-06,MAR,12655,5822,6833,5363,7071,221,ITI,ITI3,11,Marche,Marche,1525271,1164242,76.33,0.83
2444,2021-02-12,MAR,1582,618,964,1404,152,26,ITI,ITI3,11,Marche,Marche,1525271,1165824,76.43,0.1
2445,2021-02-10,MAR,1439,452,987,1038,359,42,ITI,ITI3,11,Marche,Marche,1525271,1167263,76.53,0.09
2446,2021-06-11,MAR,13991,7151,6840,11366,2321,304,ITI,ITI3,11,Marche,Marche,1525271,1181254,77.45,0.92
2447,2021-05-25,MAR,11767,5798,5969,8497,3050,220,ITI,ITI3,11,Marche,Marche,1525271,1193021,78.22,0.77
2448,2021-03-01,MAR,3772,1520,2252,3503,248,21,ITI,ITI3,11,Marche,Marche,1525271,1196793,78.46,0.25
2449,2021-06-04,MAR,14336,7289,7047,11588,2439,309,ITI,ITI3,11,Marche,Marche,1525271,1211129,79.4,0.94
2450,2021-04-08,MAR,8707,3809,4898,8220,347,140,ITI,ITI3,11,Marche,Marche,1525271,1219836,79.98,0.57
2451,2021-03-03,MAR,6699,3076,3623,5718,884,97,ITI,ITI3,11,Marche,Marche,1525271,1226535,80.41,0.44
2452,2021-01-05,MAR,1579,591,988,1560,0,19,ITI,ITI3,11,Marche,Marche,1525271,1228114,80.52,0.1
2453,2021-03-22,MAR,5700,2409,3291,2482,3175,43,ITI,ITI3,11,Marche,Marche,1525271,1233814,80.89,0.37
2454,2021-01-24,MAR,881,339,542,4,877,0,ITI,ITI3,11,Marche,Marche,1525271,1234695,80.95,0.06
2455,2021-06-30,MAR,13648,6663,6985,4452,8985,211,ITI,ITI3,11,Marche,Marche,1525271,1248343,81.84,0.89
2456,2021-05-04,MAR,10975,4840,6135,4929,5904,142,ITI,ITI3,11,Marche,Marche,1525271,1259318,82.56,0.72
2457,2021-07-14,MAR,13849,6819,7030,1784,11874,191,ITI,ITI3,11,Marche,Marche,1525271,1273167,83.47,0.91
2458,2021-01-10,MAR,1746,702,1044,1732,0,14,ITI,ITI3,11,Marche,Marche,1525271,1274913,83.59,0.11
2459,2021-07-12,MAR,13722,6804,6918,1228,12376,118,ITI,ITI3,11,Marche,Marche,1525271,1288635,84.49,0.9
2460,2021-04-03,MAR,7574,3205,4369,6738,667,169,ITI,ITI3,11,Marche,Marche,1525271,1296209,84.98,0.5
2461,2021-03-06,MAR,5737,2641,3096,4423,1267,47,ITI,ITI3,11,Marche,Marche,1525271,1301946,85.36,0.38
2462,2021-06-14,MAR,12838,6486,6352,9260,3308,270,ITI,ITI3,11,Marche,Marche,1525271,1314784,86.2,0.84
2463,2021-02-22,MAR,3461,1532,1929,3352,75,34,ITI,ITI3,11,Marche,Marche,1525271,1318245,86.43,0.23
2464,2021-03-27,MAR,7416,3092,4324,4950,2393,73,ITI,ITI3,11,Marche,Marche,1525271,1325661,86.91,0.49
2465,2021-04-10,MAR,10928,4625,6303,10380,313,235,ITI,ITI3,11,Marche,Marche,1525271,1336589,87.63,0.72
2466,2021-01-03,MAR,910,357,553,900,0,10,ITI,ITI3,11,Marche,Marche,1525271,1337499,87.69,0.06
2467,2021-07-19,MAR,14676,7531,7145,1927,12535,214,ITI,ITI3,11,Marche,Marche,1525271,1352175,88.65,0.96
2468,2021-04-15,MAR,10376,4675,5701,9578,564,234,ITI,ITI3,11,Marche,Marche,1525271,1362551,89.33,0.68
2469,2021-02-17,MAR,1828,701,1127,1642,118,68,ITI,ITI3,11,Marche,Marche,1525271,1364379,89.45,0.12
2470,2021-03-20,MAR,4178,1759,2419,1035,3129,14,ITI,ITI3,11,Marche,Marche,1525271,1368557,89.73,0.27
2471,2021-01-22,MAR,489,168,321,193,294,2,ITI,ITI3,11,Marche,Marche,1525271,1369046,89.76,0.03
2472,2021-07-07,MAR,14255,7067,7188,2937,11077,241,ITI,ITI3,11,Marche,Marche,1525271,1383301,90.69,0.93
2473,2021-03-08,MAR,6297,2759,3538,5186,1002,109,ITI,ITI3,11,Marche,Marche,1525271,1389598,91.1,0.41
2474,2021-02-05,MAR,2156,654,1502,438,1717,1,ITI,ITI3,11,Marche,Marche,1525271,1391754,91.25,0.14
2475,2021-05-16,MAR,10898,4957,5941,6551,4228,119,ITI,ITI3,11,Marche,Marche,1525271,1402652,91.96,0.71
2476,2021-05-30,MAR,9732,4690,5042,6546,2989,197,ITI,ITI3,11,Marche,Marche,1525271,1412384,92.6,0.64
2477,2021-01-29,MAR,1993,731,1262,159,1829,5,ITI,ITI3,11,Marche,Marche,1525271,1414377,92.73,0.13
2478,2021-05-18,MAR,11268,5347,5921,7489,3601,178,ITI,ITI3,11,Marche,Marche,1525271,1425645,93.47,0.74
2479,2021-06-25,MAR,14343,7171,7172,6422,7634,287,ITI,ITI3,11,Marche,Marche,1525271,1439988,94.41,0.94
2480,2021-04-27,MAR,9591,4389,5202,5511,3987,93,ITI,ITI3,11,Marche,Marche,1525271,1449579,95.04,0.63
2481,2021-01-17,MAR,1622,695,927,1553,63,6,ITI,ITI3,11,Marche,Marche,1525271,1451201,95.14,0.11
2482,2021-05-11,MAR,10623,4832,5791,5490,4943,190,ITI,ITI3,11,Marche,Marche,1525271,1461824,95.84,0.7
2483,2021-03-15,MAR,4449,2059,2390,1291,3137,21,ITI,ITI3,11,Marche,Marche,1525271,1466273,96.13,0.29
2484,2021-06-23,MAR,13893,6817,7076,6626,7012,255,ITI,ITI3,11,Marche,Marche,1525271,1480166,97.04,0.91
2485,2021-07-06,MAR,13962,6920,7042,3142,10597,223,ITI,ITI3,11,Marche,Marche,1525271,1494128,97.96,0.92
2486,2021-07-20,MAR,14397,7435,6962,1772,12451,174,ITI,ITI3,11,Marche,Marche,1525271,1508525,98.9,0.94
2487,2021-01-16,MAR,2036,733,1303,1986,0,50,ITI,ITI3,11,Marche,Marche,1525271,1510561,99.04,0.13
2488,2021-06-19,MAR,14694,7404,7290,7749,6680,265,ITI,ITI3,11,Marche,Marche,1525271,1525255,100.0,0.96
2489,2021-05-31,MAR,11782,5944,5838,8600,2930,252,ITI,ITI3,11,Marche,Marche,1525271,1537037,100.77,0.77
2490,2021-05-17,MAR,12046,5649,6397,7472,4354,220,ITI,ITI3,11,Marche,Marche,1525271,1549083,101.56,0.79
2491,2021-04-30,MAR,14152,6201,7951,5404,8561,187,ITI,ITI3,11,Marche,Marche,1525271,1563235,102.49,0.93
2492,2021-04-11,MAR,7118,3116,4002,6693,287,138,ITI,ITI3,11,Marche,Marche,1525271,1570353,102.96,0.47
2493,2021-03-11,MAR,6635,2824,3811,5149,1411,75,ITI,ITI3,11,Marche,Marche,1525271,1576988,103.39,0.44
2494,2021-03-25,MAR,6703,2794,3909,3191,3456,56,ITI,ITI3,11,Marche,Marche,1525271,1583691,103.83,0.44
2495,2021-07-03,MAR,13843,6991,6852,4136,9395,312,ITI,ITI3,11,Marche,Marche,1525271,1597534,104.74,0.91
2496,2021-02-20,MAR,4163,1733,2430,4042,111,10,ITI,ITI3,11,Marche,Marche,1525271,1601697,105.01,0.27
2497,2021-01-20,MAR,406,100,306,384,20,2,ITI,ITI3,11,Marche,Marche,1525271,1602103,105.04,0.03
2498,2021-02-03,MAR,2125,742,1383,98,2006,21,ITI,ITI3,11,Marche,Marche,1525271,1604228,105.18,0.14
2499,2021-05-14,MAR,13633,6292,7341,6509,6912,212,ITI,ITI3,11,Marche,Marche,1525271,1617861,106.07,0.89
2500,2021-07-02,MAR,14544,7173,7371,4673,9641,230,ITI,ITI3,11,Marche,Marche,1525271,1632405,107.02,0.95
2501,2021-06-18,MAR,15348,7648,7700,8298,6751,299,ITI,ITI3,11,Marche,Marche,1525271,1647753,108.03,1.01
2502,2021-07-21,MAR,14922,7619,7303,2066,12643,213,ITI,ITI3,11,Marche,Marche,1525271,1662675,109.01,0.98
2503,2021-04-29,MAR,13441,6154,7287,7165,6099,177,ITI,ITI3,11,Marche,Marche,1525271,1676116,109.89,0.88
2504,2021-02-19,MOL,169,93,76,167,2,0,ITF,ITF2,14,Molise,Molise,305617,169,0.06,0.06
2505,2021-03-10,MOL,1737,720,1017,1667,50,20,ITF,ITF2,14,Molise,Molise,305617,1906,0.62,0.57
2506,2021-06-01,MOL,2600,1322,1278,2457,108,35,ITF,ITF2,14,Molise,Molise,305617,4506,1.47,0.85
2507,2021-01-12,MOL,336,114,222,336,0,0,ITF,ITF2,14,Molise,Molise,305617,4842,1.58,0.11
2508,2021-02-24,MOL,666,278,388,325,333,8,ITF,ITF2,14,Molise,Molise,305617,5508,1.8,0.22
2509,2021-02-07,MOL,66,32,34,19,47,0,ITF,ITF2,14,Molise,Molise,305617,5574,1.82,0.02
2510,2021-05-18,MOL,1645,877,768,984,655,6,ITF,ITF2,14,Molise,Molise,305617,7219,2.36,0.54
2511,2021-03-22,MOL,1149,441,708,889,244,16,ITF,ITF2,14,Molise,Molise,305617,8368,2.74,0.38
2512,2021-07-23,MOL,2733,1420,1313,706,1975,52,ITF,ITF2,14,Molise,Molise,305617,11101,3.63,0.89
2513,2021-05-01,MOL,2650,1270,1380,407,2224,19,ITF,ITF2,14,Molise,Molise,305617,13751,4.5,0.87
2514,2021-03-05,MOL,1220,649,571,1002,205,13,ITF,ITF2,14,Molise,Molise,305617,14971,4.9,0.4
2515,2021-06-13,MOL,2861,1525,1336,2502,325,34,ITF,ITF2,14,Molise,Molise,305617,17832,5.83,0.94
2516,2021-04-17,MOL,3055,1501,1554,1543,1487,25,ITF,ITF2,14,Molise,Molise,305617,20887,6.83,1.0
2517,2021-06-20,MOL,422,174,248,47,371,4,ITF,ITF2,14,Molise,Molise,305617,21309,6.97,0.14
2518,2021-04-24,MOL,2551,1202,1349,695,1841,15,ITF,ITF2,14,Molise,Molise,305617,23860,7.81,0.83
2519,2021-02-26,MOL,563,260,303,489,73,1,ITF,ITF2,14,Molise,Molise,305617,24423,7.99,0.18
2520,2021-06-06,MOL,2065,1063,1002,1725,323,17,ITF,ITF2,14,Molise,Molise,305617,26488,8.67,0.68
2521,2021-06-27,MOL,2364,1119,1245,1128,1226,10,ITF,ITF2,14,Molise,Molise,305617,28852,9.44,0.77
2522,2021-01-07,MOL,598,209,389,598,0,0,ITF,ITF2,14,Molise,Molise,305617,29450,9.64,0.2
2523,2021-02-12,MOL,333,150,183,208,124,1,ITF,ITF2,14,Molise,Molise,305617,29783,9.75,0.11
2524,2021-07-14,MOL,3399,1662,1737,194,3189,16,ITF,ITF2,14,Molise,Molise,305617,33182,10.86,1.11
2525,2021-04-05,MOL,391,189,202,292,99,0,ITF,ITF2,14,Molise,Molise,305617,33573,10.99,0.13
2526,2021-03-29,MOL,2033,835,1198,1518,486,29,ITF,ITF2,14,Molise,Molise,305617,35606,11.65,0.67
2527,2021-01-31,MOL,268,70,198,6,262,0,ITF,ITF2,14,Molise,Molise,305617,35874,11.74,0.09
2528,2021-03-24,MOL,1631,658,973,1214,402,15,ITF,ITF2,14,Molise,Molise,305617,37505,12.27,0.53
2529,2021-07-02,MOL,2629,1276,1353,121,2500,8,ITF,ITF2,14,Molise,Molise,305617,40134,13.13,0.86
2530,2021-07-04,MOL,2150,1085,1065,577,1550,23,ITF,ITF2,14,Molise,Molise,305617,42284,13.84,0.7
2531,2021-01-26,MOL,450,184,266,8,442,0,ITF,ITF2,14,Molise,Molise,305617,42734,13.98,0.15
2532,2021-05-06,MOL,2680,1214,1466,2043,598,39,ITF,ITF2,14,Molise,Molise,305617,45414,14.86,0.88
2533,2021-03-03,MOL,672,316,356,586,82,4,ITF,ITF2,14,Molise,Molise,305617,46086,15.08,0.22
2534,2021-01-05,MOL,449,180,269,449,0,0,ITF,ITF2,14,Molise,Molise,305617,46535,15.23,0.15
2535,2021-05-13,MOL,3039,1410,1629,2529,457,53,ITF,ITF2,14,Molise,Molise,305617,49574,16.22,0.99
2536,2021-04-28,MOL,1696,925,771,471,1218,7,ITF,ITF2,14,Molise,Molise,305617,51270,16.78,0.55
2537,2021-05-20,MOL,2661,1371,1290,2397,186,78,ITF,ITF2,14,Molise,Molise,305617,53931,17.65,0.87
2538,2021-05-25,MOL,1964,888,1076,1299,631,34,ITF,ITF2,14,Molise,Molise,305617,55895,18.29,0.64
2539,2021-01-04,MOL,314,131,183,314,0,0,ITF,ITF2,14,Molise,Molise,305617,56209,18.39,0.1
2540,2021-04-14,MOL,1806,767,1039,1135,661,10,ITF,ITF2,14,Molise,Molise,305617,58015,18.98,0.59
2541,2021-02-16,MOL,156,70,86,149,6,1,ITF,ITF2,14,Molise,Molise,305617,58171,19.03,0.05
2542,2021-05-27,MOL,2835,1348,1487,1962,836,37,ITF,ITF2,14,Molise,Molise,305617,61006,19.96,0.93
2543,2021-03-19,MOL,1184,482,702,740,427,17,ITF,ITF2,14,Molise,Molise,305617,62190,20.35,0.39
2544,2021-01-21,MOL,6,2,4,6,0,0,ITF,ITF2,14,Molise,Molise,305617,62196,20.35,0.0
2545,2021-03-15,MOL,832,338,494,570,245,17,ITF,ITF2,14,Molise,Molise,305617,63028,20.62,0.27
2546,2021-06-24,MOL,3326,1549,1777,432,2858,36,ITF,ITF2,14,Molise,Molise,305617,66354,21.71,1.09
2547,2021-03-02,MOL,667,383,284,504,158,5,ITF,ITF2,14,Molise,Molise,305617,67021,21.93,0.22
2548,2021-06-10,MOL,2571,1182,1389,1233,1301,37,ITF,ITF2,14,Molise,Molise,305617,69592,22.77,0.84
2549,2021-03-17,MOL,908,385,523,518,332,58,ITF,ITF2,14,Molise,Molise,305617,70500,23.07,0.3
2550,2021-06-25,MOL,3431,1688,1743,1464,1915,52,ITF,ITF2,14,Molise,Molise,305617,73931,24.19,1.12
2551,2021-06-08,MOL,2895,1599,1296,2196,696,3,ITF,ITF2,14,Molise,Molise,305617,76826,25.14,0.95
2552,2021-01-17,MOL,78,38,40,48,30,0,ITF,ITF2,14,Molise,Molise,305617,76904,25.16,0.03
2553,2021-04-10,MOL,2641,1262,1379,2454,152,35,ITF,ITF2,14,Molise,Molise,305617,79545,26.03,0.86
2554,2021-02-05,MOL,593,269,324,55,538,0,ITF,ITF2,14,Molise,Molise,305617,80138,26.22,0.19
2555,2021-01-19,MOL,173,63,110,162,11,0,ITF,ITF2,14,Molise,Molise,305617,80311,26.28,0.06
2556,2021-04-29,MOL,2240,1147,1093,878,1348,14,ITF,ITF2,14,Molise,Molise,305617,82551,27.01,0.73
2557,2021-04-12,MOL,1299,557,742,1037,251,11,ITF,ITF2,14,Molise,Molise,305617,83850,27.44,0.43
2558,2021-07-21,MOL,1366,689,677,559,791,16,ITF,ITF2,14,Molise,Molise,305617,85216,27.88,0.45
2559,2021-07-16,MOL,2982,1513,1469,379,2575,28,ITF,ITF2,14,Molise,Molise,305617,88198,28.86,0.98
2560,2021-07-09,MOL,3436,1649,1787,166,3252,18,ITF,ITF2,14,Molise,Molise,305617,91634,29.98,1.12
2561,2021-07-06,MOL,3059,1427,1632,35,3020,4,ITF,ITF2,14,Molise,Molise,305617,94693,30.98,1.0
2562,2021-05-10,MOL,2894,1286,1608,2493,373,28,ITF,ITF2,14,Molise,Molise,305617,97587,31.93,0.95
2563,2021-06-29,MOL,2491,1159,1332,377,2088,26,ITF,ITF2,14,Molise,Molise,305617,100078,32.75,0.82
2564,2021-05-03,MOL,2487,1167,1320,2291,163,33,ITF,ITF2,14,Molise,Molise,305617,102565,33.56,0.81
2565,2021-05-17,MOL,2228,1092,1136,1705,496,27,ITF,ITF2,14,Molise,Molise,305617,104793,34.29,0.73
2566,2021-03-21,MOL,1247,543,704,477,768,2,ITF,ITF2,14,Molise,Molise,305617,106040,34.7,0.41
2567,2021-07-25,MOL,1598,847,751,254,1331,13,ITF,ITF2,14,Molise,Molise,305617,107638,35.22,0.52
2568,2021-05-29,MOL,2354,1225,1129,1924,390,40,ITF,ITF2,14,Molise,Molise,305617,109992,35.99,0.77
2569,2021-02-09,MOL,359,170,189,197,162,0,ITF,ITF2,14,Molise,Molise,305617,110351,36.11,0.12
2570,2021-02-21,MOL,574,227,347,572,2,0,ITF,ITF2,14,Molise,Molise,305617,110925,36.3,0.19
2571,2021-02-04,MOL,759,295,464,77,682,0,ITF,ITF2,14,Molise,Molise,305617,111684,36.54,0.25
2572,2021-05-15,MOL,2980,1398,1582,2545,384,51,ITF,ITF2,14,Molise,Molise,305617,114664,37.52,0.98
2573,2021-02-02,MOL,539,176,363,215,323,1,ITF,ITF2,14,Molise,Molise,305617,115203,37.7,0.18
2574,2021-01-16,MOL,422,166,256,422,0,0,ITF,ITF2,14,Molise,Molise,305617,115625,37.83,0.14
2575,2021-04-26,MOL,1158,521,637,810,331,17,ITF,ITF2,14,Molise,Molise,305617,116783,38.21,0.38
2576,2021-03-31,MOL,2193,919,1274,1307,819,67,ITF,ITF2,14,Molise,Molise,305617,118976,38.93,0.72
2577,2021-02-23,MOL,583,223,360,361,220,2,ITF,ITF2,14,Molise,Molise,305617,119559,39.12,0.19
2578,2021-06-03,MOL,3295,1568,1727,2707,555,33,ITF,ITF2,14,Molise,Molise,305617,122854,40.2,1.08
2579,2021-04-07,MOL,1688,847,841,1368,275,45,ITF,ITF2,14,Molise,Molise,305617,124542,40.75,0.55
2580,2021-01-28,MOL,613,217,396,17,596,0,ITF,ITF2,14,Molise,Molise,305617,125155,40.95,0.2
2581,2021-03-12,MOL,1459,637,822,1404,36,19,ITF,ITF2,14,Molise,Molise,305617,126614,41.43,0.48
2582,2021-01-14,MOL,647,239,408,647,0,0,ITF,ITF2,14,Molise,Molise,305617,127261,41.64,0.21
2583,2021-03-14,MOL,596,240,356,17,579,0,ITF,ITF2,14,Molise,Molise,305617,127857,41.84,0.2
2584,2021-06-22,MOL,2960,1368,1592,669,2274,17,ITF,ITF2,14,Molise,Molise,305617,130817,42.8,0.97
2585,2021-03-28,MOL,1627,748,879,518,1102,7,ITF,ITF2,14,Molise,Molise,305617,132444,43.34,0.53
2586,2021-01-30,MOL,461,158,303,12,449,0,ITF,ITF2,14,Molise,Molise,305617,132905,43.49,0.15
2587,2021-02-06,MOL,430,179,251,29,401,0,ITF,ITF2,14,Molise,Molise,305617,133335,43.63,0.14
2588,2021-03-07,MOL,1132,501,631,1127,2,3,ITF,ITF2,14,Molise,Molise,305617,134467,44.0,0.37
2589,2021-06-15,MOL,2215,1042,1173,748,1451,16,ITF,ITF2,14,Molise,Molise,305617,136682,44.72,0.72
2590,2021-06-17,MOL,2307,1017,1290,911,1369,27,ITF,ITF2,14,Molise,Molise,305617,138989,45.48,0.75
2591,2021-05-26,MOL,1550,699,851,770,754,26,ITF,ITF2,14,Molise,Molise,305617,140539,45.99,0.51
2592,2021-03-30,MOL,2003,857,1146,1472,512,19,ITF,ITF2,14,Molise,Molise,305617,142542,46.64,0.66
2593,2021-02-01,MOL,562,201,361,14,548,0,ITF,ITF2,14,Molise,Molise,305617,143104,46.82,0.18
2594,2021-07-08,MOL,3427,1649,1778,107,3297,23,ITF,ITF2,14,Molise,Molise,305617,146531,47.95,1.12
2595,2021-05-12,MOL,2853,1294,1559,2692,96,65,ITF,ITF2,14,Molise,Molise,305617,149384,48.88,0.93
2596,2021-04-06,MOL,1494,701,793,1131,343,20,ITF,ITF2,14,Molise,Molise,305617,150878,49.37,0.49
2597,2021-02-08,MOL,335,141,194,216,119,0,ITF,ITF2,14,Molise,Molise,305617,151213,49.48,0.11
2598,2021-07-15,MOL,3211,1614,1597,209,2988,14,ITF,ITF2,14,Molise,Molise,305617,154424,50.53,1.05
2599,2021-05-19,MOL,2343,1205,1138,1880,426,37,ITF,ITF2,14,Molise,Molise,305617,156767,51.3,0.77
2600,2021-03-23,MOL,1642,694,948,1411,207,24,ITF,ITF2,14,Molise,Molise,305617,158409,51.83,0.54
2601,2021-07-01,MOL,2660,1294,1366,270,2375,15,ITF,ITF2,14,Molise,Molise,305617,161069,52.7,0.87
2602,2021-07-26,MOL,2095,1101,994,1103,935,57,ITF,ITF2,14,Molise,Molise,305617,163164,53.39,0.69
2603,2021-06-05,MOL,2982,1512,1470,2794,161,27,ITF,ITF2,14,Molise,Molise,305617,166146,54.36,0.98
2604,2021-07-18,MOL,1663,828,835,122,1532,9,ITF,ITF2,14,Molise,Molise,305617,167809,54.91,0.54
2605,2021-03-04,MOL,851,417,434,514,325,12,ITF,ITF2,14,Molise,Molise,305617,168660,55.19,0.28
2606,2021-06-12,MOL,3435,1769,1666,3259,124,52,ITF,ITF2,14,Molise,Molise,305617,172095,56.31,1.12
2607,2021-03-26,MOL,2575,1045,1530,1889,642,44,ITF,ITF2,14,Molise,Molise,305617,174670,57.15,0.84
2608,2021-02-18,MOL,319,74,245,302,13,4,ITF,ITF2,14,Molise,Molise,305617,174989,57.26,0.1
2609,2021-03-09,MOL,1329,579,750,1149,152,28,ITF,ITF2,14,Molise,Molise,305617,176318,57.69,0.43
2610,2021-02-20,MOL,1019,442,577,999,20,0,ITF,ITF2,14,Molise,Molise,305617,177337,58.03,0.33
2611,2021-05-31,MOL,2367,1148,1219,1902,424,41,ITF,ITF2,14,Molise,Molise,305617,179704,58.8,0.77
2612,2021-05-14,MOL,2644,1215,1429,1890,718,36,ITF,ITF2,14,Molise,Molise,305617,182348,59.67,0.87
2613,2021-06-02,MOL,2810,1356,1454,2691,99,20,ITF,ITF2,14,Molise,Molise,305617,185158,60.58,0.92
2614,2021-01-09,MOL,450,152,298,450,0,0,ITF,ITF2,14,Molise,Molise,305617,185608,60.73,0.15
2615,2021-04-19,MOL,1828,843,985,988,778,62,ITF,ITF2,14,Molise,Molise,305617,187436,61.33,0.6
2616,2021-07-13,MOL,2803,1424,1379,318,2468,17,ITF,ITF2,14,Molise,Molise,305617,190239,62.25,0.92
2617,2021-02-28,MOL,833,335,498,789,42,2,ITF,ITF2,14,Molise,Molise,305617,191072,62.52,0.27
2618,2021-02-27,MOL,1368,570,798,1344,19,5,ITF,ITF2,14,Molise,Molise,305617,192440,62.97,0.45
2619,2021-06-07,MOL,1954,859,1095,1113,819,22,ITF,ITF2,14,Molise,Molise,305617,194394,63.61,0.64
2620,2021-02-13,MOL,132,80,52,132,0,0,ITF,ITF2,14,Molise,Molise,305617,194526,63.65,0.04
2621,2021-05-24,MOL,1964,853,1111,1271,666,27,ITF,ITF2,14,Molise,Molise,305617,196490,64.29,0.64
2622,2021-05-07,MOL,2643,1228,1415,2021,597,25,ITF,ITF2,14,Molise,Molise,305617,199133,65.16,0.86
2623,2021-04-18,MOL,1083,483,600,143,934,6,ITF,ITF2,14,Molise,Molise,305617,200216,65.51,0.35
2624,2021-03-11,MOL,1465,637,828,1445,6,14,ITF,ITF2,14,Molise,Molise,305617,201681,65.99,0.48
2625,2021-01-06,MOL,690,260,430,690,0,0,ITF,ITF2,14,Molise,Molise,305617,202371,66.22,0.23
2626,2021-04-16,MOL,2431,1033,1398,1176,1233,22,ITF,ITF2,14,Molise,Molise,305617,204802,67.01,0.8
2627,2021-06-21,MOL,2901,1350,1551,1623,1232,46,ITF,ITF2,14,Molise,Molise,305617,207703,67.96,0.95
2628,2021-04-25,MOL,794,397,397,557,233,4,ITF,ITF2,14,Molise,Molise,305617,208497,68.22,0.26
2629,2021-01-13,MOL,474,160,314,474,0,0,ITF,ITF2,14,Molise,Molise,305617,208971,68.38,0.16
2630,2021-06-19,MOL,2343,1165,1178,1278,1023,42,ITF,ITF2,14,Molise,Molise,305617,211314,69.14,0.77
2631,2021-04-23,MOL,2052,882,1170,1375,661,16,ITF,ITF2,14,Molise,Molise,305617,213366,69.81,0.67
2632,2021-04-09,MOL,2325,1252,1073,2106,191,28,ITF,ITF2,14,Molise,Molise,305617,215691,70.58,0.76
2633,2021-01-18,MOL,115,48,67,115,0,0,ITF,ITF2,14,Molise,Molise,305617,215806,70.61,0.04
2634,2021-04-11,MOL,1196,591,605,1168,14,14,ITF,ITF2,14,Molise,Molise,305617,217002,71.0,0.39
2635,2021-07-20,MOL,2163,1094,1069,1009,1107,47,ITF,ITF2,14,Molise,Molise,305617,219165,71.71,0.71
2636,2021-07-03,MOL,2740,1379,1361,567,2153,20,ITF,ITF2,14,Molise,Molise,305617,221905,72.61,0.9
2637,2021-07-22,MOL,1630,807,823,740,854,36,ITF,ITF2,14,Molise,Molise,305617,223535,73.14,0.53
2638,2021-06-04,MOL,3058,1499,1559,2574,457,27,ITF,ITF2,14,Molise,Molise,305617,226593,74.14,1.0
2639,2021-04-08,MOL,1767,904,863,1540,202,25,ITF,ITF2,14,Molise,Molise,305617,228360,74.72,0.58
2640,2021-07-17,MOL,2842,1519,1323,292,2528,22,ITF,ITF2,14,Molise,Molise,305617,231202,75.65,0.93
2641,2021-04-22,MOL,1847,864,983,1060,779,8,ITF,ITF2,14,Molise,Molise,305617,233049,76.26,0.6
2642,2021-02-17,MOL,72,32,40,50,15,7,ITF,ITF2,14,Molise,Molise,305617,233121,76.28,0.02
2643,2021-07-24,MOL,2901,1544,1357,691,2186,24,ITF,ITF2,14,Molise,Molise,305617,236022,77.23,0.95
2644,2021-05-28,MOL,2650,1365,1285,2038,547,65,ITF,ITF2,14,Molise,Molise,305617,238672,78.1,0.87
2645,2021-06-11,MOL,3449,1656,1793,1975,1431,43,ITF,ITF2,14,Molise,Molise,305617,242121,79.22,1.13
2646,2021-04-15,MOL,1927,794,1133,1076,846,5,ITF,ITF2,14,Molise,Molise,305617,244048,79.85,0.63
2647,2021-07-19,MOL,2719,1327,1392,503,2189,27,ITF,ITF2,14,Molise,Molise,305617,246767,80.74,0.89
2648,2021-02-03,MOL,734,249,485,341,393,0,ITF,ITF2,14,Molise,Molise,305617,247501,80.98,0.24
2649,2021-04-27,MOL,1597,769,828,445,1130,22,ITF,ITF2,14,Molise,Molise,305617,249098,81.51,0.52
2650,2021-05-16,MOL,1248,572,676,1046,182,20,ITF,ITF2,14,Molise,Molise,305617,250346,81.91,0.41
2651,2021-02-15,MOL,144,70,74,141,3,0,ITF,ITF2,14,Molise,Molise,305617,250490,81.96,0.05
2652,2021-06-30,MOL,2966,1408,1558,873,2011,82,ITF,ITF2,14,Molise,Molise,305617,253456,82.93,0.97
2653,2021-03-13,MOL,1189,594,595,183,989,17,ITF,ITF2,14,Molise,Molise,305617,254645,83.32,0.39
2654,2021-01-15,MOL,538,242,296,538,0,0,ITF,ITF2,14,Molise,Molise,305617,255183,83.5,0.18
2655,2021-06-23,MOL,2791,1286,1505,221,2560,10,ITF,ITF2,14,Molise,Molise,305617,257974,84.41,0.91
2656,2021-03-25,MOL,1806,730,1076,1284,497,25,ITF,ITF2,14,Molise,Molise,305617,259780,85.0,0.59
2657,2021-03-08,MOL,1380,523,857,1203,140,37,ITF,ITF2,14,Molise,Molise,305617,261160,85.45,0.45
2658,2021-06-16,MOL,2009,1017,992,1136,859,14,ITF,ITF2,14,Molise,Molise,305617,263169,86.11,0.66
2659,2021-04-13,MOL,1632,718,914,1037,587,8,ITF,ITF2,14,Molise,Molise,305617,264801,86.64,0.53
2660,2021-03-27,MOL,2743,1273,1470,1295,1433,15,ITF,ITF2,14,Molise,Molise,305617,267544,87.54,0.9
2661,2021-07-05,MOL,2739,1282,1457,39,2698,2,ITF,ITF2,14,Molise,Molise,305617,270283,88.44,0.9
2662,2021-06-18,MOL,2768,1249,1519,1283,1458,27,ITF,ITF2,14,Molise,Molise,305617,273051,89.34,0.91
2663,2021-06-14,MOL,1630,810,820,538,1075,17,ITF,ITF2,14,Molise,Molise,305617,274681,89.88,0.53
2664,2021-01-20,MOL,18,8,10,18,0,0,ITF,ITF2,14,Molise,Molise,305617,274699,89.88,0.01
2665,2021-04-30,MOL,2940,1557,1383,819,2109,12,ITF,ITF2,14,Molise,Molise,305617,277639,90.85,0.96
2666,2021-02-25,MOL,542,239,303,471,68,3,ITF,ITF2,14,Molise,Molise,305617,278181,91.02,0.18
2667,2021-07-10,MOL,3721,1781,1940,321,3386,14,ITF,ITF2,14,Molise,Molise,305617,281902,92.24,1.22
2668,2021-04-04,MOL,253,141,112,233,15,5,ITF,ITF2,14,Molise,Molise,305617,282155,92.32,0.08
2669,2021-03-18,MOL,1157,476,681,633,465,59,ITF,ITF2,14,Molise,Molise,305617,283312,92.7,0.38
2670,2021-06-26,MOL,3119,1529,1590,523,2581,15,ITF,ITF2,14,Molise,Molise,305617,286431,93.72,1.02
2671,2021-02-10,MOL,151,79,72,131,20,0,ITF,ITF2,14,Molise,Molise,305617,286582,93.77,0.05
2672,2021-05-21,MOL,2101,1054,1047,1700,322,79,ITF,ITF2,14,Molise,Molise,305617,288683,94.46,0.69
2673,2021-01-27,MOL,675,251,424,8,667,0,ITF,ITF2,14,Molise,Molise,305617,289358,94.68,0.22
2674,2021-02-22,MOL,265,129,136,248,15,2,ITF,ITF2,14,Molise,Molise,305617,289623,94.77,0.09
2675,2020-12-27,MOL,50,20,30,50,0,0,ITF,ITF2,14,Molise,Molise,305617,289673,94.78,0.02
2676,2021-03-20,MOL,2322,969,1353,992,1322,8,ITF,ITF2,14,Molise,Molise,305617,291995,95.54,0.76
2677,2021-06-28,MOL,2904,1354,1550,999,1884,21,ITF,ITF2,14,Molise,Molise,305617,294899,96.49,0.95
2678,2021-01-08,MOL,430,141,289,430,0,0,ITF,ITF2,14,Molise,Molise,305617,295329,96.63,0.14
2679,2021-04-01,MOL,1470,667,803,730,726,14,ITF,ITF2,14,Molise,Molise,305617,296799,97.11,0.48
2680,2021-01-29,MOL,422,136,286,6,416,0,ITF,ITF2,14,Molise,Molise,305617,297221,97.25,0.14
2681,2021-05-09,MOL,2056,934,1122,1926,97,33,ITF,ITF2,14,Molise,Molise,305617,299277,97.93,0.67
2682,2021-07-07,MOL,2959,1368,1591,57,2898,4,ITF,ITF2,14,Molise,Molise,305617,302236,98.89,0.97
2683,2021-05-11,MOL,3210,1415,1795,2910,252,48,ITF,ITF2,14,Molise,Molise,305617,305446,99.94,1.05
2684,2021-05-30,MOL,1864,929,935,1552,285,27,ITF,ITF2,14,Molise,Molise,305617,307310,100.55,0.61
2685,2021-01-22,MOL,128,36,92,128,0,0,ITF,ITF2,14,Molise,Molise,305617,307438,100.6,0.04
2686,2021-05-02,MOL,1894,932,962,577,1306,11,ITF,ITF2,14,Molise,Molise,305617,309332,101.22,0.62
2687,2021-03-06,MOL,1728,807,921,1559,159,10,ITF,ITF2,14,Molise,Molise,305617,311060,101.78,0.57
2688,2021-04-02,MOL,1456,710,746,663,778,15,ITF,ITF2,14,Molise,Molise,305617,312516,102.26,0.48
2689,2021-07-11,MOL,2455,1196,1259,179,2273,3,ITF,ITF2,14,Molise,Molise,305617,314971,103.06,0.8
2690,2021-05-08,MOL,2977,1455,1522,1699,1244,34,ITF,ITF2,14,Molise,Molise,305617,317948,104.03,0.97
2691,2021-04-21,MOL,1871,791,1080,969,896,6,ITF,ITF2,14,Molise,Molise,305617,319819,104.65,0.61
2692,2021-02-11,MOL,295,133,162,258,37,0,ITF,ITF2,14,Molise,Molise,305617,320114,104.74,0.1
2693,2021-05-22,MOL,1320,715,605,1228,84,8,ITF,ITF2,14,Molise,Molise,305617,321434,105.18,0.43
2694,2021-03-16,MOL,614,230,384,265,347,2,ITF,ITF2,14,Molise,Molise,305617,322048,105.38,0.2
2695,2021-01-11,MOL,557,194,363,557,0,0,ITF,ITF2,14,Molise,Molise,305617,322605,105.56,0.18
2696,2021-01-25,MOL,319,130,189,3,316,0,ITF,ITF2,14,Molise,Molise,305617,322924,105.66,0.1
2697,2021-05-05,MOL,2419,1043,1376,2252,143,24,ITF,ITF2,14,Molise,Molise,305617,325343,106.45,0.79
2698,2021-05-04,MOL,2706,1181,1525,2545,128,33,ITF,ITF2,14,Molise,Molise,305617,328049,107.34,0.89
2699,2021-01-10,MOL,270,72,198,270,0,0,ITF,ITF2,14,Molise,Molise,305617,328319,107.43,0.09
2700,2021-04-20,MOL,2323,1029,1294,1213,1101,9,ITF,ITF2,14,Molise,Molise,305617,330642,108.19,0.76
2701,2021-06-09,MOL,1779,893,886,822,928,29,ITF,ITF2,14,Molise,Molise,305617,332421,108.77,0.58
2702,2021-05-23,MOL,1703,866,837,1689,6,8,ITF,ITF2,14,Molise,Molise,305617,334124,109.33,0.56
2703,2021-03-01,MOL,662,274,388,430,215,17,ITF,ITF2,14,Molise,Molise,305617,334786,109.54,0.22
2704,2021-04-03,MOL,1773,851,922,1716,35,22,ITF,ITF2,14,Molise,Molise,305617,336559,110.12,0.58
2705,2021-07-12,MOL,2670,1317,1353,353,2296,21,ITF,ITF2,14,Molise,Molise,305617,339229,111.0,0.87
2706,2021-05-24,PIE,28976,13419,15557,16633,11964,379,ITC,ITC1,1,Piemonte,Piemonte,4356406,28976,0.67,0.67
2707,2021-03-02,PIE,11245,4548,6697,10246,815,184,ITC,ITC1,1,Piemonte,Piemonte,4356406,40221,0.92,0.26
2708,2021-02-11,PIE,6758,2105,4653,2981,3758,19,ITC,ITC1,1,Piemonte,Piemonte,4356406,46979,1.08,0.16
2709,2021-04-09,PIE,25869,11391,14478,20809,4503,557,ITC,ITC1,1,Piemonte,Piemonte,4356406,72848,1.67,0.59
2710,2020-12-30,PIE,731,322,409,731,0,0,ITC,ITC1,1,Piemonte,Piemonte,4356406,73579,1.69,0.02
2711,2021-06-05,PIE,36931,18921,18010,31871,4455,605,ITC,ITC1,1,Piemonte,Piemonte,4356406,110510,2.54,0.85
2712,2021-02-25,PIE,12208,5246,6962,11483,545,180,ITC,ITC1,1,Piemonte,Piemonte,4356406,122718,2.82,0.28
2713,2021-05-19,PIE,33124,15294,17830,21421,11121,582,ITC,ITC1,1,Piemonte,Piemonte,4356406,155842,3.58,0.76
2714,2021-03-14,PIE,8201,3335,4866,5170,2896,135,ITC,ITC1,1,Piemonte,Piemonte,4356406,164043,3.77,0.19
2715,2021-05-10,PIE,28949,13953,14996,15238,13107,604,ITC,ITC1,1,Piemonte,Piemonte,4356406,192992,4.43,0.66
2716,2021-01-30,PIE,5980,2135,3845,216,5763,1,ITC,ITC1,1,Piemonte,Piemonte,4356406,198972,4.57,0.14
2717,2021-06-24,PIE,39187,19670,19517,18302,20308,577,ITC,ITC1,1,Piemonte,Piemonte,4356406,238159,5.47,0.9
2718,2021-03-16,PIE,10512,4269,6243,4369,6051,92,ITC,ITC1,1,Piemonte,Piemonte,4356406,248671,5.71,0.24
2719,2021-05-12,PIE,31865,15177,16688,18353,12897,615,ITC,ITC1,1,Piemonte,Piemonte,4356406,280536,6.44,0.73
2720,2021-06-07,PIE,34893,17863,17030,29501,4791,601,ITC,ITC1,1,Piemonte,Piemonte,4356406,315429,7.24,0.8
2721,2020-12-28,PIE,1,1,0,1,0,0,ITC,ITC1,1,Piemonte,Piemonte,4356406,315430,7.24,0.0
2722,2021-07-06,PIE,38263,19380,18883,8659,29082,522,ITC,ITC1,1,Piemonte,Piemonte,4356406,353693,8.12,0.88
2723,2021-03-28,PIE,16056,6897,9159,8111,7621,324,ITC,ITC1,1,Piemonte,Piemonte,4356406,369749,8.49,0.37
2724,2021-07-20,PIE,38888,20446,18442,6018,32593,277,ITC,ITC1,1,Piemonte,Piemonte,4356406,408637,9.38,0.89
2725,2021-04-11,PIE,20823,9319,11504,18222,2149,452,ITC,ITC1,1,Piemonte,Piemonte,4356406,429460,9.86,0.48
2726,2021-01-04,PIE,5559,1677,3882,5558,0,1,ITC,ITC1,1,Piemonte,Piemonte,4356406,435019,9.99,0.13
2727,2021-04-28,PIE,26031,11731,14300,15464,10033,534,ITC,ITC1,1,Piemonte,Piemonte,4356406,461050,10.58,0.6
2728,2021-01-18,PIE,6165,2046,4119,5912,249,4,ITC,ITC1,1,Piemonte,Piemonte,4356406,467215,10.72,0.14
2729,2021-03-23,PIE,13182,5556,7626,6629,6243,310,ITC,ITC1,1,Piemonte,Piemonte,4356406,480397,11.03,0.3
2730,2021-01-16,PIE,7761,2624,5137,7754,0,7,ITC,ITC1,1,Piemonte,Piemonte,4356406,488158,11.21,0.18
2731,2021-07-08,PIE,40905,20925,19980,7465,32916,524,ITC,ITC1,1,Piemonte,Piemonte,4356406,529063,12.14,0.94
2732,2021-07-15,PIE,42456,21956,20500,4086,37931,439,ITC,ITC1,1,Piemonte,Piemonte,4356406,571519,13.12,0.97
2733,2021-04-23,PIE,27416,12596,14820,19973,6760,683,ITC,ITC1,1,Piemonte,Piemonte,4356406,598935,13.75,0.63
2734,2021-06-19,PIE,40038,20311,19727,22864,16655,519,ITC,ITC1,1,Piemonte,Piemonte,4356406,638973,14.67,0.92
2735,2021-02-04,PIE,10203,3339,6864,581,9620,2,ITC,ITC1,1,Piemonte,Piemonte,4356406,649176,14.9,0.23
2736,2021-04-02,PIE,20140,8315,11825,11328,8421,391,ITC,ITC1,1,Piemonte,Piemonte,4356406,669316,15.36,0.46
2737,2021-05-29,PIE,32797,15227,17570,20272,12165,360,ITC,ITC1,1,Piemonte,Piemonte,4356406,702113,16.12,0.75
2738,2021-02-18,PIE,4788,2094,2694,4272,430,86,ITC,ITC1,1,Piemonte,Piemonte,4356406,706901,16.23,0.11
2739,2021-07-25,PIE,28575,15168,13407,6793,21537,245,ITC,ITC1,1,Piemonte,Piemonte,4356406,735476,16.88,0.66
2740,2021-04-16,PIE,28395,13207,15188,22652,4991,752,ITC,ITC1,1,Piemonte,Piemonte,4356406,763871,17.53,0.65
2741,2021-06-12,PIE,42579,22448,20131,39210,2625,744,ITC,ITC1,1,Piemonte,Piemonte,4356406,806450,18.51,0.98
2742,2021-07-12,PIE,39148,20197,18951,4558,34147,443,ITC,ITC1,1,Piemonte,Piemonte,4356406,845598,19.41,0.9
2743,2021-04-20,PIE,25482,11667,13815,18524,6345,613,ITC,ITC1,1,Piemonte,Piemonte,4356406,871080,20.0,0.58
2744,2021-05-07,PIE,33074,15644,17430,18355,14121,598,ITC,ITC1,1,Piemonte,Piemonte,4356406,904154,20.75,0.76
2745,2021-01-27,PIE,4193,1451,2742,994,3197,2,ITC,ITC1,1,Piemonte,Piemonte,4356406,908347,20.85,0.1
2746,2021-02-13,PIE,4156,1338,2818,2917,1225,14,ITC,ITC1,1,Piemonte,Piemonte,4356406,912503,20.95,0.1
2747,2021-02-08,PIE,6915,2354,4561,661,6250,4,ITC,ITC1,1,Piemonte,Piemonte,4356406,919418,21.1,0.16
2748,2021-05-02,PIE,25081,11268,13813,13956,10742,383,ITC,ITC1,1,Piemonte,Piemonte,4356406,944499,21.68,0.58
2749,2021-05-17,PIE,30912,14602,16310,17359,13151,402,ITC,ITC1,1,Piemonte,Piemonte,4356406,975411,22.39,0.71
2750,2021-02-06,PIE,7993,2665,5328,396,7595,2,ITC,ITC1,1,Piemonte,Piemonte,4356406,983404,22.57,0.18
2751,2021-02-23,PIE,9232,3713,5519,8479,581,172,ITC,ITC1,1,Piemonte,Piemonte,4356406,992636,22.79,0.21
2752,2021-05-31,PIE,29104,14055,15049,20120,8577,407,ITC,ITC1,1,Piemonte,Piemonte,4356406,1021740,23.45,0.67
2753,2021-06-17,PIE,41057,20610,20447,24145,16320,592,ITC,ITC1,1,Piemonte,Piemonte,4356406,1062797,24.4,0.94
2754,2021-03-09,PIE,14207,5652,8555,11639,2341,227,ITC,ITC1,1,Piemonte,Piemonte,4356406,1077004,24.72,0.33
2755,2021-04-30,PIE,31831,14319,17512,17837,13328,666,ITC,ITC1,1,Piemonte,Piemonte,4356406,1108835,25.45,0.73
2756,2021-06-02,PIE,26531,12997,13534,21623,4467,441,ITC,ITC1,1,Piemonte,Piemonte,4356406,1135366,26.06,0.61
2757,2021-02-22,PIE,8477,3468,5009,7786,590,101,ITC,ITC1,1,Piemonte,Piemonte,4356406,1143843,26.26,0.19
2758,2021-03-11,PIE,13900,5205,8695,10557,3097,246,ITC,ITC1,1,Piemonte,Piemonte,4356406,1157743,26.58,0.32
2759,2021-06-26,PIE,41151,20938,20213,21935,18539,677,ITC,ITC1,1,Piemonte,Piemonte,4356406,1198894,27.52,0.94
2760,2021-07-13,PIE,38820,20032,18788,3670,34838,312,ITC,ITC1,1,Piemonte,Piemonte,4356406,1237714,28.41,0.89
2761,2021-04-04,PIE,9252,4057,5195,6393,2710,149,ITC,ITC1,1,Piemonte,Piemonte,4356406,1246966,28.62,0.21
2762,2021-04-21,PIE,25730,11825,13905,19737,5338,655,ITC,ITC1,1,Piemonte,Piemonte,4356406,1272696,29.21,0.59
2763,2021-01-11,PIE,8737,2978,5759,8731,0,6,ITC,ITC1,1,Piemonte,Piemonte,4356406,1281433,29.41,0.2
2764,2021-06-28,PIE,38383,19061,19322,15104,22718,561,ITC,ITC1,1,Piemonte,Piemonte,4356406,1319816,30.3,0.88
2765,2021-04-06,PIE,20238,8808,11430,14594,5196,448,ITC,ITC1,1,Piemonte,Piemonte,4356406,1340054,30.76,0.46
2766,2020-12-27,PIE,913,369,544,913,0,0,ITC,ITC1,1,Piemonte,Piemonte,4356406,1340967,30.78,0.02
2767,2021-01-23,PIE,4256,1327,2929,878,3376,2,ITC,ITC1,1,Piemonte,Piemonte,4356406,1345223,30.88,0.1
2768,2021-03-21,PIE,10724,4739,5985,4024,6533,167,ITC,ITC1,1,Piemonte,Piemonte,4356406,1355947,31.13,0.25
2769,2021-05-05,PIE,32237,15143,17094,18550,13062,625,ITC,ITC1,1,Piemonte,Piemonte,4356406,1388184,31.87,0.74
2770,2021-07-01,PIE,41846,20947,20899,19823,21121,902,ITC,ITC1,1,Piemonte,Piemonte,4356406,1430030,32.83,0.96
2771,2021-01-13,PIE,10073,3225,6848,10064,0,9,ITC,ITC1,1,Piemonte,Piemonte,4356406,1440103,33.06,0.23
2772,2021-06-16,PIE,40355,20229,20126,23501,16246,608,ITC,ITC1,1,Piemonte,Piemonte,4356406,1480458,33.98,0.93
2773,2021-01-06,PIE,3107,1103,2004,3106,0,1,ITC,ITC1,1,Piemonte,Piemonte,4356406,1483565,34.05,0.07
2774,2021-05-21,PIE,36071,16741,19330,19929,15637,505,ITC,ITC1,1,Piemonte,Piemonte,4356406,1519636,34.88,0.83
2775,2021-07-17,PIE,41898,22059,19839,4954,36480,464,ITC,ITC1,1,Piemonte,Piemonte,4356406,1561534,35.84,0.96
2776,2021-02-01,PIE,8655,3052,5603,575,8079,1,ITC,ITC1,1,Piemonte,Piemonte,4356406,1570189,36.04,0.2
2777,2021-05-14,PIE,33406,16274,17132,17324,15420,662,ITC,ITC1,1,Piemonte,Piemonte,4356406,1603595,36.81,0.77
2778,2021-05-09,PIE,27143,12928,14215,13145,13618,380,ITC,ITC1,1,Piemonte,Piemonte,4356406,1630738,37.43,0.62
2779,2021-05-26,PIE,32745,15102,17643,15315,17077,353,ITC,ITC1,1,Piemonte,Piemonte,4356406,1663483,38.18,0.75
2780,2021-02-15,PIE,4425,1597,2828,3196,1205,24,ITC,ITC1,1,Piemonte,Piemonte,4356406,1667908,38.29,0.1
2781,2021-03-04,PIE,14632,5859,8773,11473,2941,218,ITC,ITC1,1,Piemonte,Piemonte,4356406,1682540,38.62,0.34
2782,2021-07-03,PIE,40038,20105,19933,15339,24021,678,ITC,ITC1,1,Piemonte,Piemonte,4356406,1722578,39.54,0.92
2783,2021-03-30,PIE,16980,7111,9869,8726,7870,384,ITC,ITC1,1,Piemonte,Piemonte,4356406,1739558,39.93,0.39
2784,2021-07-10,PIE,41126,20834,20292,6709,33900,517,ITC,ITC1,1,Piemonte,Piemonte,4356406,1780684,40.88,0.94
2785,2021-04-01,PIE,19371,8108,11263,10941,8121,309,ITC,ITC1,1,Piemonte,Piemonte,4356406,1800055,41.32,0.44
2786,2021-02-27,PIE,12674,4846,7828,12103,344,227,ITC,ITC1,1,Piemonte,Piemonte,4356406,1812729,41.61,0.29
2787,2021-04-25,PIE,20230,9306,10924,17284,2501,445,ITC,ITC1,1,Piemonte,Piemonte,4356406,1832959,42.08,0.46
2788,2021-01-15,PIE,9101,3006,6095,9095,0,6,ITC,ITC1,1,Piemonte,Piemonte,4356406,1842060,42.28,0.21
2789,2021-06-21,PIE,38358,19153,19205,17104,20707,547,ITC,ITC1,1,Piemonte,Piemonte,4356406,1880418,43.16,0.88
2790,2021-03-13,PIE,13023,4714,8309,11323,1432,268,ITC,ITC1,1,Piemonte,Piemonte,4356406,1893441,43.46,0.3
2791,2021-04-18,PIE,22927,10797,12130,19623,2747,557,ITC,ITC1,1,Piemonte,Piemonte,4356406,1916368,43.99,0.53
2792,2021-01-08,PIE,5523,1758,3765,5521,0,2,ITC,ITC1,1,Piemonte,Piemonte,4356406,1921891,44.12,0.13
2793,2021-06-23,PIE,39688,19706,19982,16378,22833,477,ITC,ITC1,1,Piemonte,Piemonte,4356406,1961579,45.03,0.91
2794,2021-03-08,PIE,14130,5462,8668,11186,2711,233,ITC,ITC1,1,Piemonte,Piemonte,4356406,1975709,45.35,0.32
2795,2021-05-04,PIE,28581,13144,15437,15894,12182,505,ITC,ITC1,1,Piemonte,Piemonte,4356406,2004290,46.01,0.66
2796,2021-01-24,PIE,3153,959,2194,432,2719,2,ITC,ITC1,1,Piemonte,Piemonte,4356406,2007443,46.08,0.07
2797,2021-06-30,PIE,41203,20152,21051,18456,21924,823,ITC,ITC1,1,Piemonte,Piemonte,4356406,2048646,47.03,0.95
2798,2021-03-22,PIE,11524,4892,6632,3715,7600,209,ITC,ITC1,1,Piemonte,Piemonte,4356406,2060170,47.29,0.26
2799,2021-04-27,PIE,22611,10217,12394,16831,5145,635,ITC,ITC1,1,Piemonte,Piemonte,4356406,2082781,47.81,0.52
2800,2021-01-17,PIE,3515,1168,2347,2864,649,2,ITC,ITC1,1,Piemonte,Piemonte,4356406,2086296,47.89,0.08
2801,2021-06-09,PIE,38584,20338,18246,35107,2714,763,ITC,ITC1,1,Piemonte,Piemonte,4356406,2124880,48.78,0.89
2802,2021-03-18,PIE,11758,4804,6954,3836,7731,191,ITC,ITC1,1,Piemonte,Piemonte,4356406,2136638,49.05,0.27
2803,2021-06-14,PIE,37952,19558,18394,30200,7089,663,ITC,ITC1,1,Piemonte,Piemonte,4356406,2174590,49.92,0.87
2804,2021-03-06,PIE,13997,5217,8780,11037,2788,172,ITC,ITC1,1,Piemonte,Piemonte,4356406,2188587,50.24,0.32
2805,2021-01-22,PIE,3865,1249,2616,2523,1340,2,ITC,ITC1,1,Piemonte,Piemonte,4356406,2192452,50.33,0.09
2806,2021-07-02,PIE,43681,21973,21708,17385,25506,790,ITC,ITC1,1,Piemonte,Piemonte,4356406,2236133,51.33,1.0
2807,2021-05-13,PIE,35676,17526,18150,19858,15116,702,ITC,ITC1,1,Piemonte,Piemonte,4356406,2271809,52.15,0.82
2808,2021-02-02,PIE,10251,3513,6738,805,9445,1,ITC,ITC1,1,Piemonte,Piemonte,4356406,2282060,52.38,0.24
2809,2021-07-09,PIE,40378,20600,19778,5764,34112,502,ITC,ITC1,1,Piemonte,Piemonte,4356406,2322438,53.31,0.93
2810,2021-03-31,PIE,19125,8120,11005,10098,8690,337,ITC,ITC1,1,Piemonte,Piemonte,4356406,2341563,53.75,0.44
2811,2021-05-27,PIE,37383,17385,19998,18808,18139,436,ITC,ITC1,1,Piemonte,Piemonte,4356406,2378946,54.61,0.86
2812,2021-05-28,PIE,35049,16605,18444,18659,15983,407,ITC,ITC1,1,Piemonte,Piemonte,4356406,2413995,55.41,0.8
2813,2021-01-25,PIE,6209,1935,4274,973,5234,2,ITC,ITC1,1,Piemonte,Piemonte,4356406,2420204,55.56,0.14
2814,2021-05-30,PIE,27705,13186,14519,18008,9327,370,ITC,ITC1,1,Piemonte,Piemonte,4356406,2447909,56.19,0.64
2815,2021-02-19,PIE,5533,2175,3358,4912,501,120,ITC,ITC1,1,Piemonte,Piemonte,4356406,2453442,56.32,0.13
2816,2021-06-04,PIE,37547,19631,17916,34026,2949,572,ITC,ITC1,1,Piemonte,Piemonte,4356406,2490989,57.18,0.86
2817,2021-02-24,PIE,11375,4602,6773,10727,504,144,ITC,ITC1,1,Piemonte,Piemonte,4356406,2502364,57.44,0.26
2818,2021-03-03,PIE,12257,4771,7486,11249,818,190,ITC,ITC1,1,Piemonte,Piemonte,4356406,2514621,57.72,0.28
2819,2021-03-20,PIE,11916,4897,7019,5775,5897,244,ITC,ITC1,1,Piemonte,Piemonte,4356406,2526537,58.0,0.27
2820,2021-05-06,PIE,33391,15766,17625,19281,13521,589,ITC,ITC1,1,Piemonte,Piemonte,4356406,2559928,58.76,0.77
2821,2021-05-23,PIE,28720,13141,15579,15460,12949,311,ITC,ITC1,1,Piemonte,Piemonte,4356406,2588648,59.42,0.66
2822,2021-02-12,PIE,6885,2213,4672,3901,2961,23,ITC,ITC1,1,Piemonte,Piemonte,4356406,2595533,59.58,0.16
2823,2021-03-01,PIE,12109,4910,7199,11132,808,169,ITC,ITC1,1,Piemonte,Piemonte,4356406,2607642,59.86,0.28
2824,2021-05-25,PIE,31142,14448,16694,15611,15141,390,ITC,ITC1,1,Piemonte,Piemonte,4356406,2638784,60.57,0.71
2825,2021-06-11,PIE,43539,23050,20489,39928,2830,781,ITC,ITC1,1,Piemonte,Piemonte,4356406,2682323,61.57,1.0
2826,2021-03-25,PIE,17125,7266,9859,8053,8635,437,ITC,ITC1,1,Piemonte,Piemonte,4356406,2699448,61.97,0.39
2827,2021-07-22,PIE,41183,21672,19511,7252,33643,288,ITC,ITC1,1,Piemonte,Piemonte,4356406,2740631,62.91,0.95
2828,2021-04-13,PIE,25934,11610,14324,21830,3457,647,ITC,ITC1,1,Piemonte,Piemonte,4356406,2766565,63.51,0.6
2829,2021-01-20,PIE,6601,2084,4517,5875,719,7,ITC,ITC1,1,Piemonte,Piemonte,4356406,2773166,63.66,0.15
2830,2021-02-03,PIE,10202,3306,6896,606,9594,2,ITC,ITC1,1,Piemonte,Piemonte,4356406,2783368,63.89,0.23
2831,2021-05-18,PIE,32117,14826,17291,19018,12660,439,ITC,ITC1,1,Piemonte,Piemonte,4356406,2815485,64.63,0.74
2832,2021-07-26,PIE,31941,16600,15341,8095,23556,290,ITC,ITC1,1,Piemonte,Piemonte,4356406,2847426,65.36,0.73
2833,2021-04-17,PIE,30449,14148,16301,26450,3306,693,ITC,ITC1,1,Piemonte,Piemonte,4356406,2877875,66.06,0.7
2834,2021-06-13,PIE,37964,20039,17925,33113,4121,730,ITC,ITC1,1,Piemonte,Piemonte,4356406,2915839,66.93,0.87
2835,2021-02-10,PIE,7528,2368,5160,1298,6215,15,ITC,ITC1,1,Piemonte,Piemonte,4356406,2923367,67.11,0.17
2836,2021-04-08,PIE,25291,11003,14288,20019,4721,551,ITC,ITC1,1,Piemonte,Piemonte,4356406,2948658,67.69,0.58
2837,2021-07-19,PIE,39494,20559,18935,4591,34620,283,ITC,ITC1,1,Piemonte,Piemonte,4356406,2988152,68.59,0.91
2838,2021-04-10,PIE,30149,13403,16746,25245,4263,641,ITC,ITC1,1,Piemonte,Piemonte,4356406,3018301,69.28,0.69
2839,2021-04-15,PIE,29522,13529,15993,23384,5476,662,ITC,ITC1,1,Piemonte,Piemonte,4356406,3047823,69.96,0.68
2840,2021-01-05,PIE,5373,1601,3772,5368,0,5,ITC,ITC1,1,Piemonte,Piemonte,4356406,3053196,70.09,0.12
2841,2021-06-25,PIE,45466,22663,22803,20268,24526,672,ITC,ITC1,1,Piemonte,Piemonte,4356406,3098662,71.13,1.04
2842,2021-04-03,PIE,19444,8179,11265,10595,8543,306,ITC,ITC1,1,Piemonte,Piemonte,4356406,3118106,71.58,0.45
2843,2021-01-10,PIE,5205,2272,2933,5203,0,2,ITC,ITC1,1,Piemonte,Piemonte,4356406,3123311,71.69,0.12
2844,2021-07-14,PIE,38940,20035,18905,3572,34951,417,ITC,ITC1,1,Piemonte,Piemonte,4356406,3162251,72.59,0.89
2845,2021-04-22,PIE,27656,12737,14919,20191,6689,776,ITC,ITC1,1,Piemonte,Piemonte,4356406,3189907,73.22,0.63
2846,2021-01-12,PIE,10077,3411,6666,10070,0,7,ITC,ITC1,1,Piemonte,Piemonte,4356406,3199984,73.45,0.23
2847,2021-01-29,PIE,5937,1883,4054,452,5485,0,ITC,ITC1,1,Piemonte,Piemonte,4356406,3205921,73.59,0.14
2848,2021-02-28,PIE,10808,4057,6751,10394,240,174,ITC,ITC1,1,Piemonte,Piemonte,4356406,3216729,73.84,0.25
2849,2021-03-15,PIE,10680,4193,6487,4916,5611,153,ITC,ITC1,1,Piemonte,Piemonte,4356406,3227409,74.08,0.25
2850,2021-05-11,PIE,32051,15447,16604,18185,13227,639,ITC,ITC1,1,Piemonte,Piemonte,4356406,3259460,74.82,0.74
2851,2021-01-31,PIE,4114,1754,2360,111,4003,0,ITC,ITC1,1,Piemonte,Piemonte,4356406,3263574,74.91,0.09
2852,2021-07-18,PIE,32860,17239,15621,3273,29302,285,ITC,ITC1,1,Piemonte,Piemonte,4356406,3296434,75.67,0.75
2853,2021-02-07,PIE,3083,971,2112,440,2642,1,ITC,ITC1,1,Piemonte,Piemonte,4356406,3299517,75.74,0.07
2854,2021-07-11,PIE,33135,16892,16243,4518,28314,303,ITC,ITC1,1,Piemonte,Piemonte,4356406,3332652,76.5,0.76
2855,2021-05-22,PIE,33487,15121,18366,16868,16216,403,ITC,ITC1,1,Piemonte,Piemonte,4356406,3366139,77.27,0.77
2856,2021-04-19,PIE,22540,10762,11778,17641,4350,549,ITC,ITC1,1,Piemonte,Piemonte,4356406,3388679,77.79,0.52
2857,2021-01-09,PIE,6177,2182,3995,6176,0,1,ITC,ITC1,1,Piemonte,Piemonte,4356406,3394856,77.93,0.14
2858,2021-01-26,PIE,6332,1881,4451,731,5600,1,ITC,ITC1,1,Piemonte,Piemonte,4356406,3401188,78.07,0.15
2859,2021-05-08,PIE,34263,16261,18002,18123,15634,506,ITC,ITC1,1,Piemonte,Piemonte,4356406,3435451,78.86,0.79
2860,2021-01-28,PIE,5588,1808,3780,380,5208,0,ITC,ITC1,1,Piemonte,Piemonte,4356406,3441039,78.99,0.13
2861,2021-02-14,PIE,1476,498,978,869,600,7,ITC,ITC1,1,Piemonte,Piemonte,4356406,3442515,79.02,0.03
2862,2021-02-16,PIE,3965,1755,2210,3159,758,48,ITC,ITC1,1,Piemonte,Piemonte,4356406,3446480,79.11,0.09
2863,2021-03-24,PIE,15552,6391,9161,6103,9120,329,ITC,ITC1,1,Piemonte,Piemonte,4356406,3462032,79.47,0.36
2864,2021-05-20,PIE,38611,17937,20674,13319,24939,353,ITC,ITC1,1,Piemonte,Piemonte,4356406,3500643,80.36,0.89
2865,2021-06-22,PIE,40559,20037,20522,17791,22249,519,ITC,ITC1,1,Piemonte,Piemonte,4356406,3541202,81.29,0.93
2866,2021-01-07,PIE,5369,1730,3639,5367,0,2,ITC,ITC1,1,Piemonte,Piemonte,4356406,3546571,81.41,0.12
2867,2021-03-05,PIE,15552,6226,9326,11464,3818,270,ITC,ITC1,1,Piemonte,Piemonte,4356406,3562123,81.77,0.36
2868,2021-06-15,PIE,38902,20039,18863,26495,11765,642,ITC,ITC1,1,Piemonte,Piemonte,4356406,3601025,82.66,0.89
2869,2021-03-07,PIE,11977,4664,7313,10857,878,242,ITC,ITC1,1,Piemonte,Piemonte,4356406,3613002,82.94,0.27
2870,2021-03-17,PIE,12515,5055,7460,5041,7294,180,ITC,ITC1,1,Piemonte,Piemonte,4356406,3625517,83.22,0.29
2871,2021-06-10,PIE,40392,21113,19279,36979,2569,844,ITC,ITC1,1,Piemonte,Piemonte,4356406,3665909,84.15,0.93
2872,2021-06-27,PIE,37505,18595,18910,15189,21742,574,ITC,ITC1,1,Piemonte,Piemonte,4356406,3703414,85.01,0.86
2873,2021-03-19,PIE,11025,4517,6508,4216,6603,206,ITC,ITC1,1,Piemonte,Piemonte,4356406,3714439,85.26,0.25
2874,2021-04-05,PIE,14741,6232,8509,11940,2550,251,ITC,ITC1,1,Piemonte,Piemonte,4356406,3729180,85.6,0.34
2875,2021-06-06,PIE,35082,18331,16751,32053,2489,540,ITC,ITC1,1,Piemonte,Piemonte,4356406,3764262,86.41,0.81
2876,2021-02-17,PIE,4791,2157,2634,3743,990,58,ITC,ITC1,1,Piemonte,Piemonte,4356406,3769053,86.52,0.11
2877,2021-06-08,PIE,37648,19495,18153,34127,2839,682,ITC,ITC1,1,Piemonte,Piemonte,4356406,3806701,87.38,0.86
2878,2021-04-26,PIE,19801,8752,11049,14909,4397,495,ITC,ITC1,1,Piemonte,Piemonte,4356406,3826502,87.84,0.45
2879,2021-01-03,PIE,3059,965,2094,3057,0,2,ITC,ITC1,1,Piemonte,Piemonte,4356406,3829561,87.91,0.07
2880,2021-07-07,PIE,37919,18848,19071,9671,27701,547,ITC,ITC1,1,Piemonte,Piemonte,4356406,3867480,88.78,0.87
2881,2021-03-29,PIE,15242,6469,8773,8375,6610,257,ITC,ITC1,1,Piemonte,Piemonte,4356406,3882722,89.13,0.35
2882,2021-07-21,PIE,37841,20082,17759,6767,30826,248,ITC,ITC1,1,Piemonte,Piemonte,4356406,3920563,90.0,0.87
2883,2021-04-12,PIE,22926,10357,12569,19434,2986,506,ITC,ITC1,1,Piemonte,Piemonte,4356406,3943489,90.52,0.53
2884,2021-01-02,PIE,3539,1132,2407,3538,0,1,ITC,ITC1,1,Piemonte,Piemonte,4356406,3947028,90.6,0.08
2885,2021-02-09,PIE,7386,2313,5073,713,6671,2,ITC,ITC1,1,Piemonte,Piemonte,4356406,3954414,90.77,0.17
2886,2021-07-16,PIE,41907,21899,20008,3615,37909,383,ITC,ITC1,1,Piemonte,Piemonte,4356406,3996321,91.73,0.96
2887,2021-04-07,PIE,23590,9987,13603,17616,5458,516,ITC,ITC1,1,Piemonte,Piemonte,4356406,4019911,92.28,0.54
2888,2020-12-31,PIE,3878,1320,2558,3878,0,0,ITC,ITC1,1,Piemonte,Piemonte,4356406,4023789,92.36,0.09
2889,2021-05-01,PIE,28539,12995,15544,16319,11788,432,ITC,ITC1,1,Piemonte,Piemonte,4356406,4052328,93.02,0.66
2890,2021-01-21,PIE,6868,2311,4557,3366,3496,6,ITC,ITC1,1,Piemonte,Piemonte,4356406,4059196,93.18,0.16
2891,2021-05-15,PIE,33766,15738,18028,19392,13716,658,ITC,ITC1,1,Piemonte,Piemonte,4356406,4092962,93.95,0.78
2892,2021-06-01,PIE,29301,14700,14601,24454,4424,423,ITC,ITC1,1,Piemonte,Piemonte,4356406,4122263,94.63,0.67
2893,2021-02-21,PIE,5088,2083,3005,4936,102,50,ITC,ITC1,1,Piemonte,Piemonte,4356406,4127351,94.74,0.12
2894,2021-05-03,PIE,26682,12206,14476,12043,14207,432,ITC,ITC1,1,Piemonte,Piemonte,4356406,4154033,95.35,0.61
2895,2021-02-26,PIE,12284,4928,7356,11344,736,204,ITC,ITC1,1,Piemonte,Piemonte,4356406,4166317,95.64,0.28
2896,2021-04-24,PIE,27496,12431,15065,21289,5657,550,ITC,ITC1,1,Piemonte,Piemonte,4356406,4193813,96.27,0.63
2897,2021-06-29,PIE,40489,20226,20263,19200,20650,639,ITC,ITC1,1,Piemonte,Piemonte,4356406,4234302,97.2,0.93
2898,2021-06-20,PIE,34044,17073,16971,18731,14770,543,ITC,ITC1,1,Piemonte,Piemonte,4356406,4268346,97.98,0.78
2899,2021-03-12,PIE,14098,5327,8771,10885,2935,278,ITC,ITC1,1,Piemonte,Piemonte,4356406,4282444,98.3,0.32
2900,2021-07-04,PIE,33727,17000,16727,11232,21908,587,ITC,ITC1,1,Piemonte,Piemonte,4356406,4316171,99.08,0.77
2901,2021-03-26,PIE,17882,7103,10779,8476,8882,524,ITC,ITC1,1,Piemonte,Piemonte,4356406,4334053,99.49,0.41
2902,2021-01-14,PIE,9756,3146,6610,9750,0,6,ITC,ITC1,1,Piemonte,Piemonte,4356406,4343809,99.71,0.22
2903,2021-01-01,PIE,1038,395,643,1037,0,1,ITC,ITC1,1,Piemonte,Piemonte,4356406,4344847,99.73,0.02
2904,2021-07-05,PIE,35561,17787,17774,11706,23208,647,ITC,ITC1,1,Piemonte,Piemonte,4356406,4380408,100.55,0.82
2905,2021-02-20,PIE,3831,1253,2578,3559,173,99,ITC,ITC1,1,Piemonte,Piemonte,4356406,4384239,100.64,0.09
2906,2021-07-24,PIE,34730,18276,16454,8135,26285,310,ITC,ITC1,1,Piemonte,Piemonte,4356406,4418969,101.44,0.8
2907,2021-04-29,PIE,48418,21944,26474,34651,12612,1155,ITC,ITC1,1,Piemonte,Piemonte,4356406,4467387,102.55,1.11
2908,2021-05-16,PIE,28157,12784,15373,14729,13055,373,ITC,ITC1,1,Piemonte,Piemonte,4356406,4495544,103.19,0.65
2909,2021-02-05,PIE,9600,3136,6464,653,8945,2,ITC,ITC1,1,Piemonte,Piemonte,4356406,4505144,103.41,0.22
2910,2021-06-18,PIE,40550,20263,20287,25736,14170,644,ITC,ITC1,1,Piemonte,Piemonte,4356406,4545694,104.35,0.93
2911,2021-03-10,PIE,13812,5338,8474,11265,2292,255,ITC,ITC1,1,Piemonte,Piemonte,4356406,4559506,104.66,0.32
2912,2021-03-27,PIE,18386,7823,10563,9128,8823,435,ITC,ITC1,1,Piemonte,Piemonte,4356406,4577892,105.08,0.42
2913,2021-01-19,PIE,6454,2103,4351,6436,9,9,ITC,ITC1,1,Piemonte,Piemonte,4356406,4584346,105.23,0.15
2914,2021-07-23,PIE,37796,19925,17871,8136,29304,356,ITC,ITC1,1,Piemonte,Piemonte,4356406,4622142,106.1,0.87
2915,2021-04-14,PIE,27672,12546,15126,22456,4519,697,ITC,ITC1,1,Piemonte,Piemonte,4356406,4649814,106.74,0.64
2916,2021-06-03,PIE,34626,17887,16739,29701,4414,511,ITC,ITC1,1,Piemonte,Piemonte,4356406,4684440,107.53,0.79
2917,2021-06-19,SAR,15345,7516,7829,9124,6122,99,ITG,ITG2,20,Sardegna,Sardegna,1639591,15345,0.94,0.94
2918,2021-07-06,SAR,15923,7719,8204,4664,11163,96,ITG,ITG2,20,Sardegna,Sardegna,1639591,31268,1.91,0.97
2919,2021-03-28,SAR,4532,1792,2740,4391,78,63,ITG,ITG2,20,Sardegna,Sardegna,1639591,35800,2.18,0.28
2920,2021-01-04,SAR,587,215,372,587,0,0,ITG,ITG2,20,Sardegna,Sardegna,1639591,36387,2.22,0.04
2921,2021-03-09,SAR,5531,2740,2791,4746,728,57,ITG,ITG2,20,Sardegna,Sardegna,1639591,41918,2.56,0.34
2922,2021-05-05,SAR,10176,4649,5527,7953,2027,196,ITG,ITG2,20,Sardegna,Sardegna,1639591,52094,3.18,0.62
2923,2021-04-09,SAR,12306,5470,6836,7829,4357,120,ITG,ITG2,20,Sardegna,Sardegna,1639591,64400,3.93,0.75
2924,2021-07-20,SAR,16145,7929,8216,3651,12404,90,ITG,ITG2,20,Sardegna,Sardegna,1639591,80545,4.91,0.98
2925,2021-04-11,SAR,5398,2444,2954,4251,1121,26,ITG,ITG2,20,Sardegna,Sardegna,1639591,85943,5.24,0.33
2926,2021-06-07,SAR,12563,6144,6419,9437,3004,122,ITG,ITG2,20,Sardegna,Sardegna,1639591,98506,6.01,0.77
2927,2021-02-04,SAR,2270,814,1456,910,1357,3,ITG,ITG2,20,Sardegna,Sardegna,1639591,100776,6.15,0.14
2928,2021-04-02,SAR,8984,3548,5436,5591,3243,150,ITG,ITG2,20,Sardegna,Sardegna,1639591,109760,6.69,0.55
2929,2021-01-16,SAR,1491,525,966,1491,0,0,ITG,ITG2,20,Sardegna,Sardegna,1639591,111251,6.79,0.09
2930,2021-04-23,SAR,12869,5748,7121,7244,5486,139,ITG,ITG2,20,Sardegna,Sardegna,1639591,124120,7.57,0.78
2931,2021-05-10,SAR,9741,4342,5399,7034,2538,169,ITG,ITG2,20,Sardegna,Sardegna,1639591,133861,8.16,0.59
2932,2021-01-30,SAR,3866,1393,2473,363,3503,0,ITG,ITG2,20,Sardegna,Sardegna,1639591,137727,8.4,0.24
2933,2021-02-11,SAR,1311,488,823,1200,111,0,ITG,ITG2,20,Sardegna,Sardegna,1639591,139038,8.48,0.08
2934,2021-05-24,SAR,14472,7256,7216,8356,5984,132,ITG,ITG2,20,Sardegna,Sardegna,1639591,153510,9.36,0.88
2935,2021-02-13,SAR,1446,562,884,1440,2,4,ITG,ITG2,20,Sardegna,Sardegna,1639591,154956,9.45,0.09
2936,2021-05-29,SAR,17995,8649,9346,13236,4592,167,ITG,ITG2,20,Sardegna,Sardegna,1639591,172951,10.55,1.1
2937,2021-02-18,SAR,1876,731,1145,1775,64,37,ITG,ITG2,20,Sardegna,Sardegna,1639591,174827,10.66,0.11
2938,2021-05-19,SAR,17027,8667,8360,12630,4238,159,ITG,ITG2,20,Sardegna,Sardegna,1639591,191854,11.7,1.04
2939,2021-06-05,SAR,17881,8438,9443,11286,6461,134,ITG,ITG2,20,Sardegna,Sardegna,1639591,209735,12.79,1.09
2940,2021-02-25,SAR,2897,1255,1642,2262,604,31,ITG,ITG2,20,Sardegna,Sardegna,1639591,212632,12.97,0.18
2941,2021-03-14,SAR,605,377,228,596,0,9,ITG,ITG2,20,Sardegna,Sardegna,1639591,213237,13.01,0.04
2942,2021-07-01,SAR,19832,9763,10069,7257,12483,92,ITG,ITG2,20,Sardegna,Sardegna,1639591,233069,14.22,1.21
2943,2021-03-23,SAR,6415,2884,3531,5179,1080,156,ITG,ITG2,20,Sardegna,Sardegna,1639591,239484,14.61,0.39
2944,2021-07-15,SAR,18777,9237,9540,4647,14031,99,ITG,ITG2,20,Sardegna,Sardegna,1639591,258261,15.75,1.15
2945,2021-05-12,SAR,11137,5261,5876,7793,3138,206,ITG,ITG2,20,Sardegna,Sardegna,1639591,269398,16.43,0.68
2946,2021-03-02,SAR,3034,1629,1405,1815,1153,66,ITG,ITG2,20,Sardegna,Sardegna,1639591,272432,16.62,0.19
2947,2021-04-28,SAR,9016,4278,4738,5167,3702,147,ITG,ITG2,20,Sardegna,Sardegna,1639591,281448,17.17,0.55
2948,2021-01-18,SAR,903,324,579,779,124,0,ITG,ITG2,20,Sardegna,Sardegna,1639591,282351,17.22,0.06
2949,2021-06-24,SAR,19194,9212,9982,8115,10978,101,ITG,ITG2,20,Sardegna,Sardegna,1639591,301545,18.39,1.17
2950,2021-03-16,SAR,4396,1953,2443,3434,922,40,ITG,ITG2,20,Sardegna,Sardegna,1639591,305941,18.66,0.27
2951,2021-04-21,SAR,12070,5552,6518,6439,5533,98,ITG,ITG2,20,Sardegna,Sardegna,1639591,318011,19.4,0.74
2952,2021-01-11,SAR,1182,504,678,1181,0,1,ITG,ITG2,20,Sardegna,Sardegna,1639591,319193,19.47,0.07
2953,2021-07-08,SAR,18443,8968,9475,3834,14526,83,ITG,ITG2,20,Sardegna,Sardegna,1639591,337636,20.59,1.12
2954,2021-07-25,SAR,4345,2143,2202,866,3464,15,ITG,ITG2,20,Sardegna,Sardegna,1639591,341981,20.86,0.27
2955,2021-04-16,SAR,14444,6487,7957,8941,5340,163,ITG,ITG2,20,Sardegna,Sardegna,1639591,356425,21.74,0.88
2956,2021-01-23,SAR,60,22,38,0,60,0,ITG,ITG2,20,Sardegna,Sardegna,1639591,356485,21.74,0.0
2957,2021-02-22,SAR,1638,948,690,1384,228,26,ITG,ITG2,20,Sardegna,Sardegna,1639591,358123,21.84,0.1
2958,2021-07-13,SAR,17806,8524,9282,3253,14476,77,ITG,ITG2,20,Sardegna,Sardegna,1639591,375929,22.93,1.09
2959,2021-04-04,SAR,2,1,1,0,2,0,ITG,ITG2,20,Sardegna,Sardegna,1639591,375931,22.93,0.0
2960,2021-06-26,SAR,19130,9003,10127,5443,13612,75,ITG,ITG2,20,Sardegna,Sardegna,1639591,395061,24.1,1.17
2961,2021-05-07,SAR,14470,6634,7836,9717,4524,229,ITG,ITG2,20,Sardegna,Sardegna,1639591,409531,24.98,0.88
2962,2021-01-27,SAR,1414,498,916,78,1336,0,ITG,ITG2,20,Sardegna,Sardegna,1639591,410945,25.06,0.09
2963,2021-07-03,SAR,15841,7563,8278,3236,12574,31,ITG,ITG2,20,Sardegna,Sardegna,1639591,426786,26.03,0.97
2964,2021-06-12,SAR,14759,7197,7562,9941,4702,116,ITG,ITG2,20,Sardegna,Sardegna,1639591,441545,26.93,0.9
2965,2021-03-04,SAR,4365,2295,2070,3056,1255,54,ITG,ITG2,20,Sardegna,Sardegna,1639591,445910,27.2,0.27
2966,2021-03-21,SAR,4030,1809,2221,2571,1440,19,ITG,ITG2,20,Sardegna,Sardegna,1639591,449940,27.44,0.25
2967,2020-12-28,SAR,65,25,40,65,0,0,ITG,ITG2,20,Sardegna,Sardegna,1639591,450005,27.45,0.0
2968,2021-06-14,SAR,13749,6642,7107,9996,3611,142,ITG,ITG2,20,Sardegna,Sardegna,1639591,463754,28.28,0.84
2969,2021-03-06,SAR,2635,1078,1557,781,1781,73,ITG,ITG2,20,Sardegna,Sardegna,1639591,466389,28.45,0.16
2970,2021-06-28,SAR,14992,7041,7951,3051,11876,65,ITG,ITG2,20,Sardegna,Sardegna,1639591,481381,29.36,0.91
2971,2021-04-06,SAR,7457,3122,4335,4971,2428,58,ITG,ITG2,20,Sardegna,Sardegna,1639591,488838,29.81,0.45
2972,2020-12-27,SAR,65,34,31,65,0,0,ITG,ITG2,20,Sardegna,Sardegna,1639591,488903,29.82,0.0
2973,2021-04-30,SAR,11135,5301,5834,6756,4206,173,ITG,ITG2,20,Sardegna,Sardegna,1639591,500038,30.5,0.68
2974,2021-05-17,SAR,12819,6261,6558,9127,3545,147,ITG,ITG2,20,Sardegna,Sardegna,1639591,512857,31.28,0.78
2975,2021-02-06,SAR,1972,699,1273,564,1405,3,ITG,ITG2,20,Sardegna,Sardegna,1639591,514829,31.4,0.12
2976,2021-02-23,SAR,1565,1043,522,1270,280,15,ITG,ITG2,20,Sardegna,Sardegna,1639591,516394,31.5,0.1
2977,2021-07-24,SAR,12384,6384,6000,1997,10360,27,ITG,ITG2,20,Sardegna,Sardegna,1639591,528778,32.25,0.76
2978,2021-05-02,SAR,5883,2670,3213,5215,577,91,ITG,ITG2,20,Sardegna,Sardegna,1639591,534661,32.61,0.36
2979,2021-05-31,SAR,11366,5409,5957,8157,3110,99,ITG,ITG2,20,Sardegna,Sardegna,1639591,546027,33.3,0.69
2980,2021-04-18,SAR,5131,2225,2906,2230,2873,28,ITG,ITG2,20,Sardegna,Sardegna,1639591,551158,33.62,0.31
2981,2021-01-08,SAR,3257,1184,2073,3255,0,2,ITG,ITG2,20,Sardegna,Sardegna,1639591,554415,33.81,0.2
2982,2021-06-17,SAR,18461,8529,9932,9919,8420,122,ITG,ITG2,20,Sardegna,Sardegna,1639591,572876,34.94,1.13
2983,2021-01-25,SAR,591,214,377,22,569,0,ITG,ITG2,20,Sardegna,Sardegna,1639591,573467,34.98,0.04
2984,2021-05-16,SAR,8221,3831,4390,5985,2160,76,ITG,ITG2,20,Sardegna,Sardegna,1639591,581688,35.48,0.5
2985,2021-07-12,SAR,15334,7413,7921,2403,12876,55,ITG,ITG2,20,Sardegna,Sardegna,1639591,597022,36.41,0.94
2986,2021-07-05,SAR,15584,7573,8011,3327,12208,49,ITG,ITG2,20,Sardegna,Sardegna,1639591,612606,37.36,0.95
2987,2021-06-16,SAR,17635,8277,9358,12169,5305,161,ITG,ITG2,20,Sardegna,Sardegna,1639591,630241,38.44,1.08
2988,2021-01-01,SAR,32,17,15,32,0,0,ITG,ITG2,20,Sardegna,Sardegna,1639591,630273,38.44,0.0
2989,2021-02-27,SAR,1915,642,1273,1318,556,41,ITG,ITG2,20,Sardegna,Sardegna,1639591,632188,38.56,0.12
2990,2021-07-22,SAR,18345,9272,9073,4501,13735,109,ITG,ITG2,20,Sardegna,Sardegna,1639591,650533,39.68,1.12
2991,2021-04-13,SAR,7617,3597,4020,5734,1825,58,ITG,ITG2,20,Sardegna,Sardegna,1639591,658150,40.14,0.46
2992,2021-06-09,SAR,15463,7367,8096,11575,3739,149,ITG,ITG2,20,Sardegna,Sardegna,1639591,673613,41.08,0.94
2993,2021-03-11,SAR,6414,3084,3330,5146,1200,68,ITG,ITG2,20,Sardegna,Sardegna,1639591,680027,41.48,0.39
2994,2021-06-04,SAR,14491,6937,7554,9776,4558,157,ITG,ITG2,20,Sardegna,Sardegna,1639591,694518,42.36,0.88
2995,2021-06-21,SAR,14027,6736,7291,5129,8825,73,ITG,ITG2,20,Sardegna,Sardegna,1639591,708545,43.21,0.86
2996,2021-03-13,SAR,2756,1075,1681,2436,281,39,ITG,ITG2,20,Sardegna,Sardegna,1639591,711301,43.38,0.17
2997,2021-03-30,SAR,8758,3583,5175,6346,2274,138,ITG,ITG2,20,Sardegna,Sardegna,1639591,720059,43.92,0.53
2998,2021-01-06,SAR,1613,547,1066,1613,0,0,ITG,ITG2,20,Sardegna,Sardegna,1639591,721672,44.02,0.1
2999,2021-06-02,SAR,9785,4691,5094,8059,1640,86,ITG,ITG2,20,Sardegna,Sardegna,1639591,731457,44.61,0.6
3000,2021-04-20,SAR,10993,4989,6004,7693,3209,91,ITG,ITG2,20,Sardegna,Sardegna,1639591,742450,45.28,0.67
3001,2021-03-25,SAR,9107,3970,5137,7688,1303,116,ITG,ITG2,20,Sardegna,Sardegna,1639591,751557,45.84,0.56
3002,2021-05-21,SAR,22643,11206,11437,16263,6100,280,ITG,ITG2,20,Sardegna,Sardegna,1639591,774200,47.22,1.38
3003,2021-03-18,SAR,7255,3073,4182,5575,1607,73,ITG,ITG2,20,Sardegna,Sardegna,1639591,781455,47.66,0.44
3004,2021-05-14,SAR,14570,6867,7703,10765,3643,162,ITG,ITG2,20,Sardegna,Sardegna,1639591,796025,48.55,0.89
3005,2021-02-03,SAR,1119,419,700,424,694,1,ITG,ITG2,20,Sardegna,Sardegna,1639591,797144,48.62,0.07
3006,2021-07-10,SAR,14232,6886,7346,2704,11495,33,ITG,ITG2,20,Sardegna,Sardegna,1639591,811376,49.49,0.87
3007,2021-02-05,SAR,1899,750,1149,430,1467,2,ITG,ITG2,20,Sardegna,Sardegna,1639591,813275,49.6,0.12
3008,2021-04-03,SAR,4676,1810,2866,2641,1970,65,ITG,ITG2,20,Sardegna,Sardegna,1639591,817951,49.89,0.29
3009,2021-05-30,SAR,9727,4836,4891,7300,2357,70,ITG,ITG2,20,Sardegna,Sardegna,1639591,827678,50.48,0.59
3010,2021-02-19,SAR,1498,471,1027,1398,56,44,ITG,ITG2,20,Sardegna,Sardegna,1639591,829176,50.57,0.09
3011,2021-03-27,SAR,5733,2191,3542,5224,422,87,ITG,ITG2,20,Sardegna,Sardegna,1639591,834909,50.92,0.35
3012,2021-05-23,SAR,9968,4808,5160,7625,2246,97,ITG,ITG2,20,Sardegna,Sardegna,1639591,844877,51.53,0.61
3013,2021-02-12,SAR,2236,933,1303,2172,59,5,ITG,ITG2,20,Sardegna,Sardegna,1639591,847113,51.67,0.14
3014,2021-07-19,SAR,14730,7394,7336,2705,11975,50,ITG,ITG2,20,Sardegna,Sardegna,1639591,861843,52.56,0.9
3015,2021-04-10,SAR,10495,4748,5747,8455,1940,100,ITG,ITG2,20,Sardegna,Sardegna,1639591,872338,53.2,0.64
3016,2021-02-08,SAR,1468,533,935,852,615,1,ITG,ITG2,20,Sardegna,Sardegna,1639591,873806,53.29,0.09
3017,2021-04-01,SAR,10153,4067,6086,7005,3012,136,ITG,ITG2,20,Sardegna,Sardegna,1639591,883959,53.91,0.62
3018,2021-07-21,SAR,19393,9499,9894,3912,15397,84,ITG,ITG2,20,Sardegna,Sardegna,1639591,903352,55.1,1.18
3019,2021-02-10,SAR,1958,765,1193,1434,518,6,ITG,ITG2,20,Sardegna,Sardegna,1639591,905310,55.22,0.12
3020,2021-04-12,SAR,6993,3180,3813,5216,1713,64,ITG,ITG2,20,Sardegna,Sardegna,1639591,912303,55.64,0.43
3021,2021-01-02,SAR,60,21,39,60,0,0,ITG,ITG2,20,Sardegna,Sardegna,1639591,912363,55.65,0.0
3022,2021-06-08,SAR,14831,7070,7761,11172,3506,153,ITG,ITG2,20,Sardegna,Sardegna,1639591,927194,56.55,0.9
3023,2021-02-28,SAR,367,169,198,139,226,2,ITG,ITG2,20,Sardegna,Sardegna,1639591,927561,56.57,0.02
3024,2021-04-26,SAR,6856,3274,3582,5865,903,88,ITG,ITG2,20,Sardegna,Sardegna,1639591,934417,56.99,0.42
3025,2021-02-20,SAR,2040,854,1186,1683,334,23,ITG,ITG2,20,Sardegna,Sardegna,1639591,936457,57.12,0.12
3026,2021-04-29,SAR,11121,5105,6016,6618,4352,151,ITG,ITG2,20,Sardegna,Sardegna,1639591,947578,57.79,0.68
3027,2021-06-25,SAR,16506,7809,8697,3895,12554,57,ITG,ITG2,20,Sardegna,Sardegna,1639591,964084,58.8,1.01
3028,2021-01-10,SAR,2177,748,1429,2177,0,0,ITG,ITG2,20,Sardegna,Sardegna,1639591,966261,58.93,0.13
3029,2021-01-20,SAR,210,77,133,208,2,0,ITG,ITG2,20,Sardegna,Sardegna,1639591,966471,58.95,0.01
3030,2021-03-29,SAR,4736,1845,2891,4071,588,77,ITG,ITG2,20,Sardegna,Sardegna,1639591,971207,59.23,0.29
3031,2021-04-15,SAR,11844,5537,6307,6778,4955,111,ITG,ITG2,20,Sardegna,Sardegna,1639591,983051,59.96,0.72
3032,2021-01-05,SAR,1321,443,878,1321,0,0,ITG,ITG2,20,Sardegna,Sardegna,1639591,984372,60.04,0.08
3033,2021-01-22,SAR,83,47,36,55,28,0,ITG,ITG2,20,Sardegna,Sardegna,1639591,984455,60.04,0.01
3034,2021-07-26,SAR,11159,5575,5584,3197,7905,57,ITG,ITG2,20,Sardegna,Sardegna,1639591,995614,60.72,0.68
3035,2021-04-17,SAR,10077,4499,5578,5403,4596,78,ITG,ITG2,20,Sardegna,Sardegna,1639591,1005691,61.34,0.61
3036,2021-01-03,SAR,90,36,54,90,0,0,ITG,ITG2,20,Sardegna,Sardegna,1639591,1005781,61.34,0.01
3037,2021-07-07,SAR,15905,7728,8177,4085,11769,51,ITG,ITG2,20,Sardegna,Sardegna,1639591,1021686,62.31,0.97
3038,2021-04-25,SAR,4497,2270,2227,3673,778,46,ITG,ITG2,20,Sardegna,Sardegna,1639591,1026183,62.59,0.27
3039,2021-01-15,SAR,1559,572,987,1557,0,2,ITG,ITG2,20,Sardegna,Sardegna,1639591,1027742,62.68,0.1
3040,2021-02-01,SAR,1523,605,918,224,1299,0,ITG,ITG2,20,Sardegna,Sardegna,1639591,1029265,62.78,0.09
3041,2021-05-09,SAR,6127,2873,3254,5114,926,87,ITG,ITG2,20,Sardegna,Sardegna,1639591,1035392,63.15,0.37
3042,2021-05-26,SAR,15533,8188,7345,9702,5647,184,ITG,ITG2,20,Sardegna,Sardegna,1639591,1050925,64.1,0.95
3043,2021-02-15,SAR,955,347,608,918,31,6,ITG,ITG2,20,Sardegna,Sardegna,1639591,1051880,64.16,0.06
3044,2021-03-20,SAR,5194,2075,3119,2891,2277,26,ITG,ITG2,20,Sardegna,Sardegna,1639591,1057074,64.47,0.32
3045,2021-06-13,SAR,9498,4674,4824,6158,3260,80,ITG,ITG2,20,Sardegna,Sardegna,1639591,1066572,65.05,0.58
3046,2021-03-08,SAR,4687,2434,2253,3421,1222,44,ITG,ITG2,20,Sardegna,Sardegna,1639591,1071259,65.34,0.29
3047,2021-05-04,SAR,9542,4387,5155,7541,1854,147,ITG,ITG2,20,Sardegna,Sardegna,1639591,1080801,65.92,0.58
3048,2021-01-24,SAR,90,34,56,5,85,0,ITG,ITG2,20,Sardegna,Sardegna,1639591,1080891,65.92,0.01
3049,2021-06-18,SAR,16486,7506,8980,8605,7766,115,ITG,ITG2,20,Sardegna,Sardegna,1639591,1097377,66.93,1.01
3050,2021-03-10,SAR,6052,2955,3097,5137,853,62,ITG,ITG2,20,Sardegna,Sardegna,1639591,1103429,67.3,0.37
3051,2021-05-06,SAR,12953,6011,6942,9567,3148,238,ITG,ITG2,20,Sardegna,Sardegna,1639591,1116382,68.09,0.79
3052,2021-03-01,SAR,2267,1156,1111,1582,659,26,ITG,ITG2,20,Sardegna,Sardegna,1639591,1118649,68.23,0.14
3053,2021-06-23,SAR,20541,9666,10875,6191,14259,91,ITG,ITG2,20,Sardegna,Sardegna,1639591,1139190,69.48,1.25
3054,2021-05-18,SAR,14752,7379,7373,9446,5201,105,ITG,ITG2,20,Sardegna,Sardegna,1639591,1153942,70.38,0.9
3055,2021-02-24,SAR,2412,1295,1117,2183,193,36,ITG,ITG2,20,Sardegna,Sardegna,1639591,1156354,70.53,0.15
3056,2021-06-06,SAR,10034,5001,5033,6314,3651,69,ITG,ITG2,20,Sardegna,Sardegna,1639591,1166388,71.14,0.61
3057,2021-01-07,SAR,3103,1072,2031,3099,0,4,ITG,ITG2,20,Sardegna,Sardegna,1639591,1169491,71.33,0.19
3058,2021-06-10,SAR,17809,8477,9332,11643,6040,126,ITG,ITG2,20,Sardegna,Sardegna,1639591,1187300,72.41,1.09
3059,2020-12-31,SAR,32,16,16,32,0,0,ITG,ITG2,20,Sardegna,Sardegna,1639591,1187332,72.42,0.0
3060,2021-06-22,SAR,19342,8992,10350,7170,12070,102,ITG,ITG2,20,Sardegna,Sardegna,1639591,1206674,73.6,1.18
3061,2021-07-09,SAR,15876,7600,8276,3433,12363,80,ITG,ITG2,20,Sardegna,Sardegna,1639591,1222550,74.56,0.97
3062,2021-03-31,SAR,10254,4149,6105,7701,2431,122,ITG,ITG2,20,Sardegna,Sardegna,1639591,1232804,75.19,0.63
3063,2021-06-03,SAR,16395,7644,8751,10566,5689,140,ITG,ITG2,20,Sardegna,Sardegna,1639591,1249199,76.19,1.0
3064,2021-06-20,SAR,6292,2805,3487,3636,2624,32,ITG,ITG2,20,Sardegna,Sardegna,1639591,1255491,76.57,0.38
3065,2021-03-12,SAR,5971,2618,3353,4519,1307,145,ITG,ITG2,20,Sardegna,Sardegna,1639591,1261462,76.94,0.36
3066,2021-06-01,SAR,14319,6654,7665,9636,4589,94,ITG,ITG2,20,Sardegna,Sardegna,1639591,1275781,77.81,0.87
3067,2021-02-21,SAR,1588,709,879,1557,30,1,ITG,ITG2,20,Sardegna,Sardegna,1639591,1277369,77.91,0.1
3068,2021-04-19,SAR,10185,4622,5563,8626,1427,132,ITG,ITG2,20,Sardegna,Sardegna,1639591,1287554,78.53,0.62
3069,2021-01-09,SAR,4013,1414,2599,4013,0,0,ITG,ITG2,20,Sardegna,Sardegna,1639591,1291567,78.77,0.24
3070,2021-06-15,SAR,14695,6809,7886,9821,4740,134,ITG,ITG2,20,Sardegna,Sardegna,1639591,1306262,79.67,0.9
3071,2021-03-07,SAR,1658,751,907,1113,541,4,ITG,ITG2,20,Sardegna,Sardegna,1639591,1307920,79.77,0.1
3072,2021-05-13,SAR,12373,5862,6511,8727,3446,200,ITG,ITG2,20,Sardegna,Sardegna,1639591,1320293,80.53,0.75
3073,2021-02-02,SAR,1499,669,830,257,1242,0,ITG,ITG2,20,Sardegna,Sardegna,1639591,1321792,80.62,0.09
3074,2021-05-15,SAR,13794,6424,7370,10197,3433,164,ITG,ITG2,20,Sardegna,Sardegna,1639591,1335586,81.46,0.84
3075,2021-07-11,SAR,6378,3118,3260,1424,4919,35,ITG,ITG2,20,Sardegna,Sardegna,1639591,1341964,81.85,0.39
3076,2021-07-23,SAR,15752,7782,7970,3399,12275,78,ITG,ITG2,20,Sardegna,Sardegna,1639591,1357716,82.81,0.96
3077,2021-04-14,SAR,8262,3907,4355,6964,1238,60,ITG,ITG2,20,Sardegna,Sardegna,1639591,1365978,83.31,0.5
3078,2021-05-01,SAR,9916,4765,5151,5368,4456,92,ITG,ITG2,20,Sardegna,Sardegna,1639591,1375894,83.92,0.6
3079,2021-01-21,SAR,127,61,66,94,33,0,ITG,ITG2,20,Sardegna,Sardegna,1639591,1376021,83.92,0.01
3080,2021-02-07,SAR,1119,396,723,227,891,1,ITG,ITG2,20,Sardegna,Sardegna,1639591,1377140,83.99,0.07
3081,2021-07-02,SAR,18929,8889,10040,4406,14427,96,ITG,ITG2,20,Sardegna,Sardegna,1639591,1396069,85.15,1.15
3082,2021-04-27,SAR,7617,3553,4064,5477,2041,99,ITG,ITG2,20,Sardegna,Sardegna,1639591,1403686,85.61,0.46
3083,2021-01-17,SAR,859,277,582,858,1,0,ITG,ITG2,20,Sardegna,Sardegna,1639591,1404545,85.66,0.05
3084,2021-03-15,SAR,2797,1317,1480,2383,374,40,ITG,ITG2,20,Sardegna,Sardegna,1639591,1407342,85.83,0.17
3085,2021-07-04,SAR,8207,3988,4219,2069,6123,15,ITG,ITG2,20,Sardegna,Sardegna,1639591,1415549,86.34,0.5
3086,2021-03-26,SAR,8459,3514,4945,6811,1528,120,ITG,ITG2,20,Sardegna,Sardegna,1639591,1424008,86.85,0.52
3087,2021-05-22,SAR,24844,11955,12889,19401,5138,305,ITG,ITG2,20,Sardegna,Sardegna,1639591,1448852,88.37,1.52
3088,2021-01-29,SAR,2958,1072,1886,45,2911,2,ITG,ITG2,20,Sardegna,Sardegna,1639591,1451810,88.55,0.18
3089,2021-01-28,SAR,2974,1045,1929,69,2905,0,ITG,ITG2,20,Sardegna,Sardegna,1639591,1454784,88.73,0.18
3090,2021-01-26,SAR,1337,454,883,27,1310,0,ITG,ITG2,20,Sardegna,Sardegna,1639591,1456121,88.81,0.08
3091,2021-05-08,SAR,13085,5972,7113,10668,2285,132,ITG,ITG2,20,Sardegna,Sardegna,1639591,1469206,89.61,0.8
3092,2021-05-27,SAR,17823,9260,8563,12081,5534,208,ITG,ITG2,20,Sardegna,Sardegna,1639591,1487029,90.7,1.09
3093,2021-02-16,SAR,699,289,410,663,27,9,ITG,ITG2,20,Sardegna,Sardegna,1639591,1487728,90.74,0.04
3094,2021-03-05,SAR,5203,2602,2601,2814,2354,35,ITG,ITG2,20,Sardegna,Sardegna,1639591,1492931,91.06,0.32
3095,2021-03-19,SAR,7260,3045,4215,4991,2216,53,ITG,ITG2,20,Sardegna,Sardegna,1639591,1500191,91.5,0.44
3096,2021-01-19,SAR,746,269,477,690,55,1,ITG,ITG2,20,Sardegna,Sardegna,1639591,1500937,91.54,0.05
3097,2021-03-17,SAR,6549,2846,3703,4904,1608,37,ITG,ITG2,20,Sardegna,Sardegna,1639591,1507486,91.94,0.4
3098,2021-06-27,SAR,9018,4310,4708,2956,6034,28,ITG,ITG2,20,Sardegna,Sardegna,1639591,1516504,92.49,0.55
3099,2021-03-24,SAR,7393,3105,4288,5905,1356,132,ITG,ITG2,20,Sardegna,Sardegna,1639591,1523897,92.94,0.45
3100,2021-05-03,SAR,8191,3824,4367,6491,1598,102,ITG,ITG2,20,Sardegna,Sardegna,1639591,1532088,93.44,0.5
3101,2021-05-20,SAR,16366,7883,8483,11271,4895,200,ITG,ITG2,20,Sardegna,Sardegna,1639591,1548454,94.44,1.0
3102,2021-02-09,SAR,2285,835,1450,1284,996,5,ITG,ITG2,20,Sardegna,Sardegna,1639591,1550739,94.58,0.14
3103,2021-02-26,SAR,2798,1105,1693,2444,306,48,ITG,ITG2,20,Sardegna,Sardegna,1639591,1553537,94.75,0.17
3104,2021-07-16,SAR,16934,8474,8460,4551,12249,134,ITG,ITG2,20,Sardegna,Sardegna,1639591,1570471,95.78,1.03
3105,2021-04-07,SAR,13546,6051,7495,7824,5654,68,ITG,ITG2,20,Sardegna,Sardegna,1639591,1584017,96.61,0.83
3106,2021-04-24,SAR,10357,4846,5511,7890,2339,128,ITG,ITG2,20,Sardegna,Sardegna,1639591,1594374,97.24,0.63
3107,2021-01-14,SAR,1105,425,680,1105,0,0,ITG,ITG2,20,Sardegna,Sardegna,1639591,1595479,97.31,0.07
3108,2021-01-13,SAR,574,178,396,574,0,0,ITG,ITG2,20,Sardegna,Sardegna,1639591,1596053,97.34,0.04
3109,2021-07-17,SAR,12871,6301,6570,3179,9625,67,ITG,ITG2,20,Sardegna,Sardegna,1639591,1608924,98.13,0.79
3110,2021-05-28,SAR,17953,8698,9255,13490,4275,188,ITG,ITG2,20,Sardegna,Sardegna,1639591,1626877,99.22,1.09
3111,2021-02-17,SAR,1404,577,827,1273,74,57,ITG,ITG2,20,Sardegna,Sardegna,1639591,1628281,99.31,0.09
3112,2021-05-25,SAR,15140,7703,7437,8489,6476,175,ITG,ITG2,20,Sardegna,Sardegna,1639591,1643421,100.23,0.92
3113,2021-06-11,SAR,14779,7024,7755,9090,5536,153,ITG,ITG2,20,Sardegna,Sardegna,1639591,1658200,101.13,0.9
3114,2021-03-03,SAR,4112,2277,1835,2739,1297,76,ITG,ITG2,20,Sardegna,Sardegna,1639591,1662312,101.39,0.25
3115,2021-06-30,SAR,17780,8517,9263,4814,12885,81,ITG,ITG2,20,Sardegna,Sardegna,1639591,1680092,102.47,1.08
3116,2021-03-22,SAR,3687,1492,2195,3099,513,75,ITG,ITG2,20,Sardegna,Sardegna,1639591,1683779,102.7,0.22
3117,2021-04-08,SAR,13437,5936,7501,8209,5119,109,ITG,ITG2,20,Sardegna,Sardegna,1639591,1697216,103.51,0.82
3118,2021-07-14,SAR,16910,8191,8719,3775,13024,111,ITG,ITG2,20,Sardegna,Sardegna,1639591,1714126,104.55,1.03
3119,2020-12-29,SAR,57,32,25,57,0,0,ITG,ITG2,20,Sardegna,Sardegna,1639591,1714183,104.55,0.0
3120,2021-04-22,SAR,10505,4662,5843,5502,4919,84,ITG,ITG2,20,Sardegna,Sardegna,1639591,1724688,105.19,0.64
3121,2021-01-12,SAR,865,408,457,865,0,0,ITG,ITG2,20,Sardegna,Sardegna,1639591,1725553,105.24,0.05
3122,2021-05-11,SAR,8923,4151,4772,6399,2397,127,ITG,ITG2,20,Sardegna,Sardegna,1639591,1734476,105.79,0.54
3123,2021-01-31,SAR,2117,749,1368,45,2072,0,ITG,ITG2,20,Sardegna,Sardegna,1639591,1736593,105.92,0.13
3124,2021-02-14,SAR,538,263,275,536,2,0,ITG,ITG2,20,Sardegna,Sardegna,1639591,1737131,105.95,0.03
3125,2021-07-18,SAR,5691,2873,2818,981,4700,10,ITG,ITG2,20,Sardegna,Sardegna,1639591,1742822,106.3,0.35
3126,2021-04-05,SAR,2035,783,1252,2003,1,31,ITG,ITG2,20,Sardegna,Sardegna,1639591,1744857,106.42,0.12
3127,2021-06-29,SAR,17891,8605,9286,3755,14088,48,ITG,ITG2,20,Sardegna,Sardegna,1639591,1762748,107.51,1.09
3128,2021-07-22,CAL,18306,9014,9292,3499,14719,88,ITF,ITF6,18,Calabria,Calabria,1947131,18306,0.94,0.94
3129,2021-04-30,CAL,15049,7374,7675,10545,4432,72,ITF,ITF6,18,Calabria,Calabria,1947131,33355,1.71,0.77
3130,2021-01-18,CAL,1300,590,710,1052,244,4,ITF,ITF6,18,Calabria,Calabria,1947131,34655,1.78,0.07
3131,2021-07-01,CAL,12307,5803,6504,5402,6822,83,ITF,ITF6,18,Calabria,Calabria,1947131,46962,2.41,0.63
3132,2021-02-01,CAL,2544,1209,1335,242,2299,3,ITF,ITF6,18,Calabria,Calabria,1947131,49506,2.54,0.13
3133,2021-07-08,CAL,12043,5617,6426,2695,9306,42,ITF,ITF6,18,Calabria,Calabria,1947131,61549,3.16,0.62
3134,2021-05-12,CAL,16440,8019,8421,10835,5512,93,ITF,ITF6,18,Calabria,Calabria,1947131,77989,4.01,0.84
3135,2021-05-26,CAL,18715,9319,9396,10313,8309,93,ITF,ITF6,18,Calabria,Calabria,1947131,96704,4.97,0.96
3136,2021-01-06,CAL,940,506,434,940,0,0,ITF,ITF6,18,Calabria,Calabria,1947131,97644,5.01,0.05
3137,2021-04-16,CAL,10272,5012,5260,8604,1615,53,ITF,ITF6,18,Calabria,Calabria,1947131,107916,5.54,0.53
3138,2021-02-18,CAL,1856,854,1002,1612,228,16,ITF,ITF6,18,Calabria,Calabria,1947131,109772,5.64,0.1
3139,2021-06-21,CAL,15387,7082,8305,7988,7363,36,ITF,ITF6,18,Calabria,Calabria,1947131,125159,6.43,0.79
3140,2021-01-04,CAL,1071,531,540,1068,0,3,ITF,ITF6,18,Calabria,Calabria,1947131,126230,6.48,0.06
3141,2021-02-06,CAL,2916,1343,1573,444,2471,1,ITF,ITF6,18,Calabria,Calabria,1947131,129146,6.63,0.15
3142,2021-07-10,CAL,15943,7537,8406,3248,12652,43,ITF,ITF6,18,Calabria,Calabria,1947131,145089,7.45,0.82
3143,2021-01-23,CAL,402,187,215,359,43,0,ITF,ITF6,18,Calabria,Calabria,1947131,145491,7.47,0.02
3144,2021-03-28,CAL,2692,1232,1460,1567,1121,4,ITF,ITF6,18,Calabria,Calabria,1947131,148183,7.61,0.14
3145,2021-04-18,CAL,5855,2796,3059,4919,914,22,ITF,ITF6,18,Calabria,Calabria,1947131,154038,7.91,0.3
3146,2021-04-04,CAL,1572,786,786,1141,421,10,ITF,ITF6,18,Calabria,Calabria,1947131,155610,7.99,0.08
3147,2021-06-26,CAL,15573,7190,8383,7562,7944,67,ITF,ITF6,18,Calabria,Calabria,1947131,171183,8.79,0.8
3148,2021-06-14,CAL,14358,6511,7847,9634,4646,78,ITF,ITF6,18,Calabria,Calabria,1947131,185541,9.53,0.74
3149,2021-03-04,CAL,5484,3192,2292,4667,797,20,ITF,ITF6,18,Calabria,Calabria,1947131,191025,9.81,0.28
3150,2021-06-12,CAL,13249,6300,6949,10783,2399,67,ITF,ITF6,18,Calabria,Calabria,1947131,204274,10.49,0.68
3151,2021-03-09,CAL,6513,3395,3118,5462,988,63,ITF,ITF6,18,Calabria,Calabria,1947131,210787,10.83,0.33
3152,2021-02-20,CAL,1454,769,685,1118,322,14,ITF,ITF6,18,Calabria,Calabria,1947131,212241,10.9,0.07
3153,2021-05-31,CAL,15293,7343,7950,7308,7904,81,ITF,ITF6,18,Calabria,Calabria,1947131,227534,11.69,0.79
3154,2021-01-11,CAL,2174,1054,1120,2172,0,2,ITF,ITF6,18,Calabria,Calabria,1947131,229708,11.8,0.11
3155,2021-01-25,CAL,1084,520,564,149,935,0,ITF,ITF6,18,Calabria,Calabria,1947131,230792,11.85,0.06
3156,2021-05-05,CAL,13546,6480,7066,8409,5065,72,ITF,ITF6,18,Calabria,Calabria,1947131,244338,12.55,0.7
3157,2021-03-02,CAL,4374,2493,1881,3607,759,8,ITF,ITF6,18,Calabria,Calabria,1947131,248712,12.77,0.22
3158,2021-03-16,CAL,3860,1893,1967,2185,1663,12,ITF,ITF6,18,Calabria,Calabria,1947131,252572,12.97,0.2
3159,2021-03-30,CAL,6441,2800,3641,3646,2777,18,ITF,ITF6,18,Calabria,Calabria,1947131,259013,13.3,0.33
3160,2021-05-19,CAL,18300,9066,9234,11248,6978,74,ITF,ITF6,18,Calabria,Calabria,1947131,277313,14.24,0.94
3161,2021-03-23,CAL,5257,2468,2789,3422,1814,21,ITF,ITF6,18,Calabria,Calabria,1947131,282570,14.51,0.27
3162,2021-07-15,CAL,18289,8811,9478,2531,15712,46,ITF,ITF6,18,Calabria,Calabria,1947131,300859,15.45,0.94
3163,2021-07-03,CAL,15145,7133,8012,5261,9809,75,ITF,ITF6,18,Calabria,Calabria,1947131,316004,16.23,0.78
3164,2021-04-11,CAL,4196,1906,2290,2234,1946,16,ITF,ITF6,18,Calabria,Calabria,1947131,320200,16.44,0.22
3165,2021-07-20,CAL,17475,8476,8999,3204,14203,68,ITF,ITF6,18,Calabria,Calabria,1947131,337675,17.34,0.9
3166,2021-04-13,CAL,6918,3394,3524,5578,1319,21,ITF,ITF6,18,Calabria,Calabria,1947131,344593,17.7,0.36
3167,2021-01-20,CAL,1407,629,778,1403,1,3,ITF,ITF6,18,Calabria,Calabria,1947131,346000,17.77,0.07
3168,2021-04-23,CAL,13124,6443,6681,9430,3598,96,ITF,ITF6,18,Calabria,Calabria,1947131,359124,18.44,0.67
3169,2021-01-13,CAL,2064,1042,1022,2052,0,12,ITF,ITF6,18,Calabria,Calabria,1947131,361188,18.55,0.11
3170,2021-06-23,CAL,17169,7851,9318,8093,8995,81,ITF,ITF6,18,Calabria,Calabria,1947131,378357,19.43,0.88
3171,2021-01-30,CAL,2198,1160,1038,334,1861,3,ITF,ITF6,18,Calabria,Calabria,1947131,380555,19.54,0.11
3172,2021-02-17,CAL,1870,827,1043,1645,211,14,ITF,ITF6,18,Calabria,Calabria,1947131,382425,19.64,0.1
3173,2021-07-24,CAL,17999,9255,8744,4584,13322,93,ITF,ITF6,18,Calabria,Calabria,1947131,400424,20.56,0.92
3174,2021-05-28,CAL,20971,10193,10778,11410,9450,111,ITF,ITF6,18,Calabria,Calabria,1947131,421395,21.64,1.08
3175,2021-04-15,CAL,7761,3808,3953,5979,1742,40,ITF,ITF6,18,Calabria,Calabria,1947131,429156,22.04,0.4
3176,2021-04-01,CAL,8678,3950,4728,4161,4484,33,ITF,ITF6,18,Calabria,Calabria,1947131,437834,22.49,0.45
3177,2021-06-07,CAL,18002,8420,9582,14713,3209,80,ITF,ITF6,18,Calabria,Calabria,1947131,455836,23.41,0.92
3178,2021-05-24,CAL,17766,8897,8869,9934,7750,82,ITF,ITF6,18,Calabria,Calabria,1947131,473602,24.32,0.91
3179,2021-05-07,CAL,16148,7607,8541,9660,6414,74,ITF,ITF6,18,Calabria,Calabria,1947131,489750,25.15,0.83
3180,2021-02-13,CAL,1400,605,795,1031,366,3,ITF,ITF6,18,Calabria,Calabria,1947131,491150,25.22,0.07
3181,2021-06-11,CAL,17824,8761,9063,15127,2576,121,ITF,ITF6,18,Calabria,Calabria,1947131,508974,26.14,0.92
3182,2021-01-08,CAL,2184,1041,1143,2177,0,7,ITF,ITF6,18,Calabria,Calabria,1947131,511158,26.25,0.11
3183,2021-02-11,CAL,2344,1047,1297,1062,1260,22,ITF,ITF6,18,Calabria,Calabria,1947131,513502,26.37,0.12
3184,2021-05-23,CAL,11393,5555,5838,6998,4352,43,ITF,ITF6,18,Calabria,Calabria,1947131,524895,26.96,0.59
3185,2021-03-11,CAL,7272,3459,3813,5951,1276,45,ITF,ITF6,18,Calabria,Calabria,1947131,532167,27.33,0.37
3186,2021-06-19,CAL,15852,7415,8437,8504,7282,66,ITF,ITF6,18,Calabria,Calabria,1947131,548019,28.14,0.81
3187,2021-05-14,CAL,19918,9568,10350,12941,6867,110,ITF,ITF6,18,Calabria,Calabria,1947131,567937,29.17,1.02
3188,2021-02-25,CAL,2896,1560,1336,2259,597,40,ITF,ITF6,18,Calabria,Calabria,1947131,570833,29.32,0.15
3189,2021-03-06,CAL,8481,4368,4113,7664,798,19,ITF,ITF6,18,Calabria,Calabria,1947131,579314,29.75,0.44
3190,2021-02-15,CAL,1158,553,605,1001,152,5,ITF,ITF6,18,Calabria,Calabria,1947131,580472,29.81,0.06
3191,2021-03-13,CAL,6964,3021,3943,5937,997,30,ITF,ITF6,18,Calabria,Calabria,1947131,587436,30.17,0.36
3192,2021-01-15,CAL,2807,1260,1547,2801,0,6,ITF,ITF6,18,Calabria,Calabria,1947131,590243,30.31,0.14
3193,2021-04-25,CAL,15891,8063,7828,14803,1025,63,ITF,ITF6,18,Calabria,Calabria,1947131,606134,31.13,0.82
3194,2021-06-30,CAL,16376,7500,8876,7013,9267,96,ITF,ITF6,18,Calabria,Calabria,1947131,622510,31.97,0.84
3195,2021-01-03,CAL,6,3,3,6,0,0,ITF,ITF6,18,Calabria,Calabria,1947131,622516,31.97,0.0
3196,2021-03-27,CAL,8788,3998,4790,4652,4092,44,ITF,ITF6,18,Calabria,Calabria,1947131,631304,32.42,0.45
3197,2021-07-05,CAL,13390,6259,7131,4291,9042,57,ITF,ITF6,18,Calabria,Calabria,1947131,644694,33.11,0.69
3198,2021-03-08,CAL,5500,2976,2524,4402,1071,27,ITF,ITF6,18,Calabria,Calabria,1947131,650194,33.39,0.28
3199,2021-03-25,CAL,7491,3532,3959,4570,2890,31,ITF,ITF6,18,Calabria,Calabria,1947131,657685,33.78,0.38
3200,2021-06-16,CAL,18325,8469,9856,12123,6113,89,ITF,ITF6,18,Calabria,Calabria,1947131,676010,34.72,0.94
3201,2021-05-09,CAL,9641,4501,5140,6054,3544,43,ITF,ITF6,18,Calabria,Calabria,1947131,685651,35.21,0.5
3202,2021-01-29,CAL,2065,996,1069,227,1837,1,ITF,ITF6,18,Calabria,Calabria,1947131,687716,35.32,0.11
3203,2021-05-04,CAL,16450,7585,8865,11648,4716,86,ITF,ITF6,18,Calabria,Calabria,1947131,704166,36.16,0.84
3204,2021-04-08,CAL,9317,4410,4907,5803,3469,45,ITF,ITF6,18,Calabria,Calabria,1947131,713483,36.64,0.48
3205,2021-02-10,CAL,2516,1081,1435,869,1632,15,ITF,ITF6,18,Calabria,Calabria,1947131,715999,36.77,0.13
3206,2021-07-17,CAL,18324,9039,9285,2715,15546,63,ITF,ITF6,18,Calabria,Calabria,1947131,734323,37.71,0.94
3207,2021-06-04,CAL,17524,8155,9369,12953,4501,70,ITF,ITF6,18,Calabria,Calabria,1947131,751847,38.61,0.9
3208,2021-05-21,CAL,21331,10864,10467,13861,7362,108,ITF,ITF6,18,Calabria,Calabria,1947131,773178,39.71,1.1
3209,2020-12-27,CAL,310,168,142,310,0,0,ITF,ITF6,18,Calabria,Calabria,1947131,773488,39.72,0.02
3210,2021-04-06,CAL,8136,3705,4431,4456,3655,25,ITF,ITF6,18,Calabria,Calabria,1947131,781624,40.14,0.42
3211,2021-02-08,CAL,1859,739,1120,660,1196,3,ITF,ITF6,18,Calabria,Calabria,1947131,783483,40.24,0.1
3212,2021-04-24,CAL,19269,9590,9679,15748,3436,85,ITF,ITF6,18,Calabria,Calabria,1947131,802752,41.23,0.99
3213,2021-02-26,CAL,3106,1656,1450,2634,457,15,ITF,ITF6,18,Calabria,Calabria,1947131,805858,41.39,0.16
3214,2021-06-20,CAL,6654,3153,3501,3816,2810,28,ITF,ITF6,18,Calabria,Calabria,1947131,812512,41.73,0.34
3215,2021-06-06,CAL,13772,6620,7152,12005,1699,68,ITF,ITF6,18,Calabria,Calabria,1947131,826284,42.44,0.71
3216,2021-01-07,CAL,2208,1080,1128,2204,0,4,ITF,ITF6,18,Calabria,Calabria,1947131,828492,42.55,0.11
3217,2021-06-13,CAL,6836,3354,3482,5730,1053,53,ITF,ITF6,18,Calabria,Calabria,1947131,835328,42.9,0.35
3218,2021-04-17,CAL,10814,5062,5752,9002,1767,45,ITF,ITF6,18,Calabria,Calabria,1947131,846142,43.46,0.56
3219,2021-05-01,CAL,16707,7959,8748,12381,4240,86,ITF,ITF6,18,Calabria,Calabria,1947131,862849,44.31,0.86
3220,2021-03-05,CAL,6238,3621,2617,5646,576,16,ITF,ITF6,18,Calabria,Calabria,1947131,869087,44.63,0.32
3221,2021-04-27,CAL,9960,4896,5064,7961,1952,47,ITF,ITF6,18,Calabria,Calabria,1947131,879047,45.15,0.51
3222,2021-02-03,CAL,2859,1470,1389,556,2297,6,ITF,ITF6,18,Calabria,Calabria,1947131,881906,45.29,0.15
3223,2021-07-19,CAL,19023,9110,9913,3033,15944,46,ITF,ITF6,18,Calabria,Calabria,1947131,900929,46.27,0.98
3224,2021-02-22,CAL,2060,1047,1013,1493,558,9,ITF,ITF6,18,Calabria,Calabria,1947131,902989,46.38,0.11
3225,2021-01-05,CAL,1531,718,813,1529,0,2,ITF,ITF6,18,Calabria,Calabria,1947131,904520,46.45,0.08
3226,2021-01-12,CAL,2082,1031,1051,2073,0,9,ITF,ITF6,18,Calabria,Calabria,1947131,906602,46.56,0.11
3227,2021-02-24,CAL,1922,978,944,1438,478,6,ITF,ITF6,18,Calabria,Calabria,1947131,908524,46.66,0.1
3228,2021-03-03,CAL,5067,2768,2299,3974,1080,13,ITF,ITF6,18,Calabria,Calabria,1947131,913591,46.92,0.26
3229,2021-01-22,CAL,659,275,384,657,2,0,ITF,ITF6,18,Calabria,Calabria,1947131,914250,46.95,0.03
3230,2021-05-02,CAL,12558,5864,6694,10613,1886,59,ITF,ITF6,18,Calabria,Calabria,1947131,926808,47.6,0.64
3231,2021-03-29,CAL,5767,2493,3274,3980,1763,24,ITF,ITF6,18,Calabria,Calabria,1947131,932575,47.89,0.3
3232,2021-01-31,CAL,1119,558,561,152,967,0,ITF,ITF6,18,Calabria,Calabria,1947131,933694,47.95,0.06
3233,2021-07-07,CAL,13959,6578,7381,3907,9981,71,ITF,ITF6,18,Calabria,Calabria,1947131,947653,48.67,0.72
3234,2021-05-11,CAL,15088,7310,7778,10237,4784,67,ITF,ITF6,18,Calabria,Calabria,1947131,962741,49.44,0.77
3235,2021-07-16,CAL,21032,10021,11011,3385,17579,68,ITF,ITF6,18,Calabria,Calabria,1947131,983773,50.52,1.08
3236,2021-06-02,CAL,12095,5800,6295,8784,3264,47,ITF,ITF6,18,Calabria,Calabria,1947131,995868,51.15,0.62
3237,2021-05-16,CAL,13780,6726,7054,9914,3814,52,ITF,ITF6,18,Calabria,Calabria,1947131,1009648,51.85,0.71
3238,2021-07-21,CAL,22056,10592,11464,4504,17441,111,ITF,ITF6,18,Calabria,Calabria,1947131,1031704,52.99,1.13
3239,2021-01-17,CAL,899,433,466,798,95,6,ITF,ITF6,18,Calabria,Calabria,1947131,1032603,53.03,0.05
3240,2021-03-24,CAL,7836,3584,4252,4517,3297,22,ITF,ITF6,18,Calabria,Calabria,1947131,1040439,53.43,0.4
3241,2021-04-10,CAL,11676,5284,6392,6776,4856,44,ITF,ITF6,18,Calabria,Calabria,1947131,1052115,54.03,0.6
3242,2021-02-05,CAL,3851,1738,2113,473,3363,15,ITF,ITF6,18,Calabria,Calabria,1947131,1055966,54.23,0.2
3243,2021-04-29,CAL,12475,6066,6409,8660,3764,51,ITF,ITF6,18,Calabria,Calabria,1947131,1068441,54.87,0.64
3244,2021-04-12,CAL,7010,3413,3597,5341,1648,21,ITF,ITF6,18,Calabria,Calabria,1947131,1075451,55.23,0.36
3245,2021-01-19,CAL,1125,496,629,1111,12,2,ITF,ITF6,18,Calabria,Calabria,1947131,1076576,55.29,0.06
3246,2021-07-04,CAL,5934,2813,3121,1981,3918,35,ITF,ITF6,18,Calabria,Calabria,1947131,1082510,55.6,0.3
3247,2021-03-01,CAL,2737,1554,1183,2274,459,4,ITF,ITF6,18,Calabria,Calabria,1947131,1085247,55.74,0.14
3248,2021-06-09,CAL,18221,8599,9622,15910,2228,83,ITF,ITF6,18,Calabria,Calabria,1947131,1103468,56.67,0.94
3249,2021-07-12,CAL,17967,8533,9434,2677,15241,49,ITF,ITF6,18,Calabria,Calabria,1947131,1121435,57.59,0.92
3250,2021-01-10,CAL,940,530,410,940,0,0,ITF,ITF6,18,Calabria,Calabria,1947131,1122375,57.64,0.05
3251,2021-04-20,CAL,7864,3969,3895,6060,1732,72,ITF,ITF6,18,Calabria,Calabria,1947131,1130239,58.05,0.4
3252,2021-02-12,CAL,1711,669,1042,942,763,6,ITF,ITF6,18,Calabria,Calabria,1947131,1131950,58.13,0.09
3253,2021-06-27,CAL,8414,3938,4476,4981,3397,36,ITF,ITF6,18,Calabria,Calabria,1947131,1140364,58.57,0.43
3254,2021-06-28,CAL,13288,6120,7168,5369,7855,64,ITF,ITF6,18,Calabria,Calabria,1947131,1153652,59.25,0.68
3255,2021-03-20,CAL,6721,3080,3641,4182,2523,16,ITF,ITF6,18,Calabria,Calabria,1947131,1160373,59.59,0.35
3256,2021-03-15,CAL,3625,1747,1878,2161,1454,10,ITF,ITF6,18,Calabria,Calabria,1947131,1163998,59.78,0.19
3257,2021-07-02,CAL,16256,7529,8727,6239,9936,81,ITF,ITF6,18,Calabria,Calabria,1947131,1180254,60.62,0.83
3258,2021-05-20,CAL,16975,8493,8482,11262,5646,67,ITF,ITF6,18,Calabria,Calabria,1947131,1197229,61.49,0.87
3259,2021-02-07,CAL,862,430,432,146,714,2,ITF,ITF6,18,Calabria,Calabria,1947131,1198091,61.53,0.04
3260,2021-05-18,CAL,15332,7671,7661,11848,3416,68,ITF,ITF6,18,Calabria,Calabria,1947131,1213423,62.32,0.79
3261,2021-03-22,CAL,4972,2333,2639,3177,1771,24,ITF,ITF6,18,Calabria,Calabria,1947131,1218395,62.57,0.26
3262,2021-06-18,CAL,18855,8783,10072,11254,7490,111,ITF,ITF6,18,Calabria,Calabria,1947131,1237250,63.54,0.97
3263,2021-03-10,CAL,6824,3467,3357,5451,1341,32,ITF,ITF6,18,Calabria,Calabria,1947131,1244074,63.89,0.35
3264,2021-06-01,CAL,12863,5966,6897,7887,4918,58,ITF,ITF6,18,Calabria,Calabria,1947131,1256937,64.55,0.66
3265,2021-05-13,CAL,15951,7675,8276,11171,4710,70,ITF,ITF6,18,Calabria,Calabria,1947131,1272888,65.37,0.82
3266,2021-02-19,CAL,1510,683,827,1239,262,9,ITF,ITF6,18,Calabria,Calabria,1947131,1274398,65.45,0.08
3267,2021-05-30,CAL,10966,5274,5692,6779,4151,36,ITF,ITF6,18,Calabria,Calabria,1947131,1285364,66.01,0.56
3268,2021-07-26,CAL,18366,9113,9253,5073,13206,87,ITF,ITF6,18,Calabria,Calabria,1947131,1303730,66.96,0.94
3269,2021-03-12,CAL,5153,2468,2685,4078,1057,18,ITF,ITF6,18,Calabria,Calabria,1947131,1308883,67.22,0.26
3270,2021-01-14,CAL,2653,1259,1394,2647,0,6,ITF,ITF6,18,Calabria,Calabria,1947131,1311536,67.36,0.14
3271,2021-01-21,CAL,972,455,517,936,33,3,ITF,ITF6,18,Calabria,Calabria,1947131,1312508,67.41,0.05
3272,2021-06-17,CAL,15807,7222,8585,9599,6156,52,ITF,ITF6,18,Calabria,Calabria,1947131,1328315,68.22,0.81
3273,2021-03-26,CAL,8093,3841,4252,4940,3125,28,ITF,ITF6,18,Calabria,Calabria,1947131,1336408,68.63,0.42
3274,2021-07-06,CAL,11823,5455,6368,3614,8149,60,ITF,ITF6,18,Calabria,Calabria,1947131,1348231,69.24,0.61
3275,2021-01-02,CAL,166,94,72,166,0,0,ITF,ITF6,18,Calabria,Calabria,1947131,1348397,69.25,0.01
3276,2021-06-29,CAL,13019,6013,7006,5332,7637,50,ITF,ITF6,18,Calabria,Calabria,1947131,1361416,69.92,0.67
3277,2021-05-03,CAL,14825,6795,8030,10469,4269,87,ITF,ITF6,18,Calabria,Calabria,1947131,1376241,70.68,0.76
3278,2021-03-21,CAL,4452,1923,2529,2728,1714,10,ITF,ITF6,18,Calabria,Calabria,1947131,1380693,70.91,0.23
3279,2021-03-07,CAL,3401,1735,1666,3296,92,13,ITF,ITF6,18,Calabria,Calabria,1947131,1384094,71.08,0.17
3280,2021-06-15,CAL,9863,4568,5295,6452,3350,61,ITF,ITF6,18,Calabria,Calabria,1947131,1393957,71.59,0.51
3281,2021-02-09,CAL,2163,913,1250,947,1207,9,ITF,ITF6,18,Calabria,Calabria,1947131,1396120,71.7,0.11
3282,2021-05-29,CAL,19278,8953,10325,9347,9855,76,ITF,ITF6,18,Calabria,Calabria,1947131,1415398,72.69,0.99
3283,2021-07-25,CAL,6948,3570,3378,1469,5447,32,ITF,ITF6,18,Calabria,Calabria,1947131,1422346,73.05,0.36
3284,2021-04-14,CAL,8079,3899,4180,6585,1447,47,ITF,ITF6,18,Calabria,Calabria,1947131,1430425,73.46,0.41
3285,2021-02-16,CAL,1747,742,1005,1462,280,5,ITF,ITF6,18,Calabria,Calabria,1947131,1432172,73.55,0.09
3286,2021-07-23,CAL,22656,11311,11345,5539,17022,95,ITF,ITF6,18,Calabria,Calabria,1947131,1454828,74.72,1.16
3287,2021-05-17,CAL,14918,7467,7451,10153,4715,50,ITF,ITF6,18,Calabria,Calabria,1947131,1469746,75.48,0.77
3288,2021-02-21,CAL,632,299,333,554,77,1,ITF,ITF6,18,Calabria,Calabria,1947131,1470378,75.52,0.03
3289,2021-04-28,CAL,12564,6093,6471,9625,2868,71,ITF,ITF6,18,Calabria,Calabria,1947131,1482942,76.16,0.65
3290,2021-02-04,CAL,3654,1740,1914,647,3001,6,ITF,ITF6,18,Calabria,Calabria,1947131,1486596,76.35,0.19
3291,2021-01-24,CAL,46,19,27,40,6,0,ITF,ITF6,18,Calabria,Calabria,1947131,1486642,76.35,0.0
3292,2021-07-09,CAL,15646,7298,8348,3624,11953,69,ITF,ITF6,18,Calabria,Calabria,1947131,1502288,77.15,0.8
3293,2021-04-03,CAL,9415,4073,5342,4509,4848,58,ITF,ITF6,18,Calabria,Calabria,1947131,1511703,77.64,0.48
3294,2021-01-28,CAL,2285,1132,1153,81,2204,0,ITF,ITF6,18,Calabria,Calabria,1947131,1513988,77.75,0.12
3295,2021-05-08,CAL,18491,8404,10087,10541,7884,66,ITF,ITF6,18,Calabria,Calabria,1947131,1532479,78.7,0.95
3296,2021-05-22,CAL,22189,10558,11631,14215,7884,90,ITF,ITF6,18,Calabria,Calabria,1947131,1554668,79.84,1.14
3297,2021-03-14,CAL,2728,1061,1667,2280,441,7,ITF,ITF6,18,Calabria,Calabria,1947131,1557396,79.98,0.14
3298,2021-06-22,CAL,14596,6901,7695,7365,7139,92,ITF,ITF6,18,Calabria,Calabria,1947131,1571992,80.73,0.75
3299,2021-05-10,CAL,13162,6123,7039,7706,5402,54,ITF,ITF6,18,Calabria,Calabria,1947131,1585154,81.41,0.68
3300,2021-04-26,CAL,10184,5056,5128,7719,2421,44,ITF,ITF6,18,Calabria,Calabria,1947131,1595338,81.93,0.52
3301,2021-05-27,CAL,17654,8727,8927,9768,7805,81,ITF,ITF6,18,Calabria,Calabria,1947131,1612992,82.84,0.91
3302,2021-04-21,CAL,11574,5812,5762,8617,2903,54,ITF,ITF6,18,Calabria,Calabria,1947131,1624566,83.43,0.59
3303,2021-04-02,CAL,8531,3906,4625,4580,3919,32,ITF,ITF6,18,Calabria,Calabria,1947131,1633097,83.87,0.44
3304,2021-06-24,CAL,15300,6973,8327,6893,8333,74,ITF,ITF6,18,Calabria,Calabria,1947131,1648397,84.66,0.79
3305,2021-03-19,CAL,4207,1965,2242,1888,2312,7,ITF,ITF6,18,Calabria,Calabria,1947131,1652604,84.87,0.22
3306,2021-07-11,CAL,6425,2980,3445,843,5572,10,ITF,ITF6,18,Calabria,Calabria,1947131,1659029,85.2,0.33
3307,2020-12-28,CAL,6,2,4,6,0,0,ITF,ITF6,18,Calabria,Calabria,1947131,1659035,85.2,0.0
3308,2021-06-03,CAL,14232,6650,7582,9588,4589,55,ITF,ITF6,18,Calabria,Calabria,1947131,1673267,85.93,0.73
3309,2021-04-07,CAL,7151,3256,3895,4082,3023,46,ITF,ITF6,18,Calabria,Calabria,1947131,1680418,86.3,0.37
3310,2021-02-23,CAL,1599,755,844,1479,115,5,ITF,ITF6,18,Calabria,Calabria,1947131,1682017,86.38,0.08
3311,2021-05-15,CAL,27246,13032,14214,20261,6855,130,ITF,ITF6,18,Calabria,Calabria,1947131,1709263,87.78,1.4
3312,2021-02-02,CAL,2363,1161,1202,177,2186,0,ITF,ITF6,18,Calabria,Calabria,1947131,1711626,87.91,0.12
3313,2021-01-16,CAL,2405,1128,1277,2402,0,3,ITF,ITF6,18,Calabria,Calabria,1947131,1714031,88.03,0.12
3314,2021-06-10,CAL,15890,7326,8564,12984,2807,99,ITF,ITF6,18,Calabria,Calabria,1947131,1729921,88.84,0.82
3315,2021-03-31,CAL,9114,4158,4956,5035,4045,34,ITF,ITF6,18,Calabria,Calabria,1947131,1739035,89.31,0.47
3316,2021-04-09,CAL,7977,3735,4242,5008,2889,80,ITF,ITF6,18,Calabria,Calabria,1947131,1747012,89.72,0.41
3317,2021-07-18,CAL,8779,4203,4576,1272,7475,32,ITF,ITF6,18,Calabria,Calabria,1947131,1755791,90.17,0.45
3318,2021-06-05,CAL,20694,9688,11006,17615,3000,79,ITF,ITF6,18,Calabria,Calabria,1947131,1776485,91.24,1.06
3319,2021-03-18,CAL,4438,2078,2360,2333,2082,23,ITF,ITF6,18,Calabria,Calabria,1947131,1780923,91.46,0.23
3320,2021-02-27,CAL,4013,2067,1946,3623,383,7,ITF,ITF6,18,Calabria,Calabria,1947131,1784936,91.67,0.21
3321,2021-01-27,CAL,1479,746,733,391,1087,1,ITF,ITF6,18,Calabria,Calabria,1947131,1786415,91.75,0.08
3322,2021-02-14,CAL,480,219,261,448,31,1,ITF,ITF6,18,Calabria,Calabria,1947131,1786895,91.77,0.02
3323,2021-05-25,CAL,16404,8032,8372,10209,6110,85,ITF,ITF6,18,Calabria,Calabria,1947131,1803299,92.61,0.84
3324,2021-01-26,CAL,1868,893,975,275,1592,1,ITF,ITF6,18,Calabria,Calabria,1947131,1805167,92.71,0.1
3325,2021-04-22,CAL,9801,4897,4904,6854,2901,46,ITF,ITF6,18,Calabria,Calabria,1947131,1814968,93.21,0.5
3326,2021-05-06,CAL,13288,6288,7000,8934,4288,66,ITF,ITF6,18,Calabria,Calabria,1947131,1828256,93.89,0.68
3327,2021-07-14,CAL,22610,10665,11945,4150,18386,74,ITF,ITF6,18,Calabria,Calabria,1947131,1850866,95.06,1.16
3328,2021-04-05,CAL,3642,1727,1915,2671,959,12,ITF,ITF6,18,Calabria,Calabria,1947131,1854508,95.24,0.19
3329,2021-06-08,CAL,16676,7900,8776,14519,2036,121,ITF,ITF6,18,Calabria,Calabria,1947131,1871184,96.1,0.86
3330,2021-03-17,CAL,4141,1844,2297,2188,1945,8,ITF,ITF6,18,Calabria,Calabria,1947131,1875325,96.31,0.21
3331,2021-06-25,CAL,18805,8730,10075,8071,10657,77,ITF,ITF6,18,Calabria,Calabria,1947131,1894130,97.28,0.97
3332,2021-07-13,CAL,17425,8154,9271,2313,15045,67,ITF,ITF6,18,Calabria,Calabria,1947131,1911555,98.17,0.89
3333,2021-04-19,CAL,7879,3802,4077,6159,1675,45,ITF,ITF6,18,Calabria,Calabria,1947131,1919434,98.58,0.4
3334,2021-01-09,CAL,1995,1075,920,1987,0,8,ITF,ITF6,18,Calabria,Calabria,1947131,1921429,98.68,0.1
3335,2021-02-28,CAL,2344,1065,1279,2187,154,3,ITF,ITF6,18,Calabria,Calabria,1947131,1923773,98.8,0.12
3336,2021-03-22,PAB,1144,523,621,1110,5,29,ITH,ITH1,4,Provincia Autonoma Bolzano / Bozen,P.A. Bolzano,533050,1144,0.21,0.21
3337,2021-01-26,PAB,810,291,519,1,809,0,ITH,ITH1,4,Provincia Autonoma Bolzano / Bozen,P.A. Bolzano,533050,1954,0.37,0.15
3338,2021-07-02,PAB,3200,1657,1543,1028,2172,0,ITH,ITH1,4,Provincia Autonoma Bolzano / Bozen,P.A. Bolzano,533050,5154,0.97,0.6
3339,2021-03-24,PAB,2064,999,1065,1997,13,54,ITH,ITH1,4,Provincia Autonoma Bolzano / Bozen,P.A. Bolzano,533050,7218,1.35,0.39
3340,2021-03-10,PAB,1268,529,739,1073,143,52,ITH,ITH1,4,Provincia Autonoma Bolzano / Bozen,P.A. Bolzano,533050,8486,1.59,0.24
3341,2021-05-06,PAB,5181,2747,2434,2344,2568,269,ITH,ITH1,4,Provincia Autonoma Bolzano / Bozen,P.A. Bolzano,533050,13667,2.56,0.97
3342,2021-06-06,PAB,4536,2179,2357,808,3678,50,ITH,ITH1,4,Provincia Autonoma Bolzano / Bozen,P.A. Bolzano,533050,18203,3.41,0.85
3343,2021-02-26,PAB,1527,551,976,1469,30,28,ITH,ITH1,4,Provincia Autonoma Bolzano / Bozen,P.A. Bolzano,533050,19730,3.7,0.29
3344,2021-06-01,PAB,3635,2365,1270,2012,1473,150,ITH,ITH1,4,Provincia Autonoma Bolzano / Bozen,P.A. Bolzano,533050,23365,4.38,0.68
3345,2021-02-19,PAB,2252,512,1740,2192,11,49,ITH,ITH1,4,Provincia Autonoma Bolzano / Bozen,P.A. Bolzano,533050,25617,4.81,0.42
3346,2021-01-24,PAB,12,10,2,0,12,0,ITH,ITH1,4,Provincia Autonoma Bolzano / Bozen,P.A. Bolzano,533050,25629,4.81,0.0
3347,2021-07-04,PAB,4412,2129,2283,188,4224,0,ITH,ITH1,4,Provincia Autonoma Bolzano / Bozen,P.A. Bolzano,533050,30041,5.64,0.83
3348,2021-06-20,PAB,5232,2845,2387,592,4593,47,ITH,ITH1,4,Provincia Autonoma Bolzano / Bozen,P.A. Bolzano,533050,35273,6.62,0.98
3349,2021-02-07,PAB,2362,1058,1304,14,2348,0,ITH,ITH1,4,Provincia Autonoma Bolzano / Bozen,P.A. Bolzano,533050,37635,7.06,0.44
3350,2021-05-18,PAB,3343,1754,1589,2052,1186,105,ITH,ITH1,4,Provincia Autonoma Bolzano / Bozen,P.A. Bolzano,533050,40978,7.69,0.63
3351,2021-02-12,PAB,730,217,513,464,248,18,ITH,ITH1,4,Provincia Autonoma Bolzano / Bozen,P.A. Bolzano,533050,41708,7.82,0.14
3352,2021-04-10,PAB,5396,2666,2730,4631,588,177,ITH,ITH1,4,Provincia Autonoma Bolzano / Bozen,P.A. Bolzano,533050,47104,8.84,1.01
3353,2020-12-31,PAB,914,520,394,914,0,0,ITH,ITH1,4,Provincia Autonoma Bolzano / Bozen,P.A. Bolzano,533050,48018,9.01,0.17
3354,2021-04-19,PAB,1873,859,1014,1600,182,91,ITH,ITH1,4,Provincia Autonoma Bolzano / Bozen,P.A. Bolzano,533050,49891,9.36,0.35
3355,2021-06-15,PAB,2024,1167,857,461,1532,31,ITH,ITH1,4,Provincia Autonoma Bolzano / Bozen,P.A. Bolzano,533050,51915,9.74,0.38
3356,2021-07-16,PAB,4491,2435,2056,1179,3312,0,ITH,ITH1,4,Provincia Autonoma Bolzano / Bozen,P.A. Bolzano,533050,56406,10.58,0.84
3357,2021-04-24,PAB,5110,2452,2658,4287,485,338,ITH,ITH1,4,Provincia Autonoma Bolzano / Bozen,P.A. Bolzano,533050,61516,11.54,0.96
3358,2021-07-14,PAB,867,449,418,509,358,0,ITH,ITH1,4,Provincia Autonoma Bolzano / Bozen,P.A. Bolzano,533050,62383,11.7,0.16
3359,2021-04-05,PAB,301,144,157,22,278,1,ITH,ITH1,4,Provincia Autonoma Bolzano / Bozen,P.A. Bolzano,533050,62684,11.76,0.06
3360,2021-06-27,PAB,4425,2314,2111,573,3807,45,ITH,ITH1,4,Provincia Autonoma Bolzano / Bozen,P.A. Bolzano,533050,67109,12.59,0.83
3361,2021-01-12,PAB,1709,459,1250,1709,0,0,ITH,ITH1,4,Provincia Autonoma Bolzano / Bozen,P.A. Bolzano,533050,68818,12.91,0.32
3362,2021-05-20,PAB,4919,2473,2446,3271,1469,179,ITH,ITH1,4,Provincia Autonoma Bolzano / Bozen,P.A. Bolzano,533050,73737,13.83,0.92
3363,2021-07-09,PAB,5215,2606,2609,1054,4161,0,ITH,ITH1,4,Provincia Autonoma Bolzano / Bozen,P.A. Bolzano,533050,78952,14.81,0.98
3364,2021-03-31,PAB,1832,694,1138,727,1011,94,ITH,ITH1,4,Provincia Autonoma Bolzano / Bozen,P.A. Bolzano,533050,80784,15.16,0.34
3365,2021-03-17,PAB,582,213,369,545,2,35,ITH,ITH1,4,Provincia Autonoma Bolzano / Bozen,P.A. Bolzano,533050,81366,15.26,0.11
3366,2021-05-13,PAB,2995,1355,1640,1009,1930,56,ITH,ITH1,4,Provincia Autonoma Bolzano / Bozen,P.A. Bolzano,533050,84361,15.83,0.56
3367,2021-04-29,PAB,2631,1351,1280,1731,694,206,ITH,ITH1,4,Provincia Autonoma Bolzano / Bozen,P.A. Bolzano,533050,86992,16.32,0.49
3368,2021-01-19,PAB,853,371,482,723,130,0,ITH,ITH1,4,Provincia Autonoma Bolzano / Bozen,P.A. Bolzano,533050,87845,16.48,0.16
3369,2021-06-25,PAB,4171,2304,1867,1018,3014,139,ITH,ITH1,4,Provincia Autonoma Bolzano / Bozen,P.A. Bolzano,533050,92016,17.26,0.78
3370,2021-03-05,PAB,1841,625,1216,1381,443,17,ITH,ITH1,4,Provincia Autonoma Bolzano / Bozen,P.A. Bolzano,533050,93857,17.61,0.35
3371,2021-05-27,PAB,6147,3236,2911,3797,2010,340,ITH,ITH1,4,Provincia Autonoma Bolzano / Bozen,P.A. Bolzano,533050,100004,18.76,1.15
3372,2021-06-13,PAB,3682,2049,1633,450,3192,40,ITH,ITH1,4,Provincia Autonoma Bolzano / Bozen,P.A. Bolzano,533050,103686,19.45,0.69
3373,2021-05-25,PAB,3859,2000,1859,2853,886,120,ITH,ITH1,4,Provincia Autonoma Bolzano / Bozen,P.A. Bolzano,533050,107545,20.18,0.72
3374,2021-02-14,PAB,297,130,167,295,0,2,ITH,ITH1,4,Provincia Autonoma Bolzano / Bozen,P.A. Bolzano,533050,107842,20.23,0.06
3375,2021-05-08,PAB,4427,2382,2045,3558,663,206,ITH,ITH1,4,Provincia Autonoma Bolzano / Bozen,P.A. Bolzano,533050,112269,21.06,0.83
3376,2021-03-03,PAB,1181,395,786,1144,13,24,ITH,ITH1,4,Provincia Autonoma Bolzano / Bozen,P.A. Bolzano,533050,113450,21.28,0.22
3377,2021-06-08,PAB,4192,2140,2052,846,3318,28,ITH,ITH1,4,Provincia Autonoma Bolzano / Bozen,P.A. Bolzano,533050,117642,22.07,0.79
3378,2021-05-15,PAB,7005,3691,3314,6289,294,422,ITH,ITH1,4,Provincia Autonoma Bolzano / Bozen,P.A. Bolzano,533050,124647,23.38,1.31
3379,2021-02-04,PAB,1958,593,1365,8,1950,0,ITH,ITH1,4,Provincia Autonoma Bolzano / Bozen,P.A. Bolzano,533050,126605,23.75,0.37
3380,2021-07-11,PAB,6061,3089,2972,1192,4869,0,ITH,ITH1,4,Provincia Autonoma Bolzano / Bozen,P.A. Bolzano,533050,132666,24.89,1.14
3381,2021-05-01,PAB,2104,1067,1037,1810,160,134,ITH,ITH1,4,Provincia Autonoma Bolzano / Bozen,P.A. Bolzano,533050,134770,25.28,0.39
3382,2021-03-12,PAB,1664,734,930,1219,413,32,ITH,ITH1,4,Provincia Autonoma Bolzano / Bozen,P.A. Bolzano,533050,136434,25.59,0.31
3383,2021-03-29,PAB,1172,500,672,390,760,22,ITH,ITH1,4,Provincia Autonoma Bolzano / Bozen,P.A. Bolzano,533050,137606,25.81,0.22
3384,2021-07-23,PAB,3937,2126,1811,1553,2384,0,ITH,ITH1,4,Provincia Autonoma Bolzano / Bozen,P.A. Bolzano,533050,141543,26.55,0.74
3385,2021-01-05,PAB,830,286,544,829,0,1,ITH,ITH1,4,Provincia Autonoma Bolzano / Bozen,P.A. Bolzano,533050,142373,26.71,0.16
3386,2021-01-23,PAB,197,117,80,0,197,0,ITH,ITH1,4,Provincia Autonoma Bolzano / Bozen,P.A. Bolzano,533050,142570,26.75,0.04
3387,2021-05-03,PAB,1831,847,984,397,1413,21,ITH,ITH1,4,Provincia Autonoma Bolzano / Bozen,P.A. Bolzano,533050,144401,27.09,0.34
3388,2021-02-23,PAB,769,324,445,760,6,3,ITH,ITH1,4,Provincia Autonoma Bolzano / Bozen,P.A. Bolzano,533050,145170,27.23,0.14
3389,2021-05-17,PAB,3139,1516,1623,2266,694,179,ITH,ITH1,4,Provincia Autonoma Bolzano / Bozen,P.A. Bolzano,533050,148309,27.82,0.59
3390,2021-06-03,PAB,4801,2614,2187,3625,947,229,ITH,ITH1,4,Provincia Autonoma Bolzano / Bozen,P.A. Bolzano,533050,153110,28.72,0.9
3391,2021-06-29,PAB,1874,1011,863,236,1617,21,ITH,ITH1,4,Provincia Autonoma Bolzano / Bozen,P.A. Bolzano,533050,154984,29.07,0.35
3392,2021-03-21,PAB,768,285,483,13,754,1,ITH,ITH1,4,Provincia Autonoma Bolzano / Bozen,P.A. Bolzano,533050,155752,29.22,0.14
3393,2021-06-12,PAB,5057,2744,2313,1639,3288,130,ITH,ITH1,4,Provincia Autonoma Bolzano / Bozen,P.A. Bolzano,533050,160809,30.17,0.95
3394,2021-04-17,PAB,5239,2602,2637,4941,44,254,ITH,ITH1,4,Provincia Autonoma Bolzano / Bozen,P.A. Bolzano,533050,166048,31.15,0.98
3395,2021-01-07,PAB,918,327,591,918,0,0,ITH,ITH1,4,Provincia Autonoma Bolzano / Bozen,P.A. Bolzano,533050,166966,31.32,0.17
3396,2021-07-21,PAB,3215,1880,1335,574,2641,0,ITH,ITH1,4,Provincia Autonoma Bolzano / Bozen,P.A. Bolzano,533050,170181,31.93,0.6
3397,2021-04-12,PAB,2105,946,1159,2022,7,76,ITH,ITH1,4,Provincia Autonoma Bolzano / Bozen,P.A. Bolzano,533050,172286,32.32,0.39
3398,2021-03-07,PAB,114,13,101,9,105,0,ITH,ITH1,4,Provincia Autonoma Bolzano / Bozen,P.A. Bolzano,533050,172400,32.34,0.02
3399,2021-04-21,PAB,3013,1468,1545,2032,848,133,ITH,ITH1,4,Provincia Autonoma Bolzano / Bozen,P.A. Bolzano,533050,175413,32.91,0.57
3400,2021-02-09,PAB,317,126,191,1,316,0,ITH,ITH1,4,Provincia Autonoma Bolzano / Bozen,P.A. Bolzano,533050,175730,32.97,0.06
3401,2021-07-13,PAB,3370,1723,1647,1444,1926,0,ITH,ITH1,4,Provincia Autonoma Bolzano / Bozen,P.A. Bolzano,533050,179100,33.6,0.63
3402,2021-02-02,PAB,1745,506,1239,8,1737,0,ITH,ITH1,4,Provincia Autonoma Bolzano / Bozen,P.A. Bolzano,533050,180845,33.93,0.33
3403,2021-07-20,PAB,3115,1716,1399,1595,1520,0,ITH,ITH1,4,Provincia Autonoma Bolzano / Bozen,P.A. Bolzano,533050,183960,34.51,0.58
3404,2021-04-28,PAB,2464,1302,1162,2241,5,218,ITH,ITH1,4,Provincia Autonoma Bolzano / Bozen,P.A. Bolzano,533050,186424,34.97,0.46
3405,2021-01-16,PAB,2840,1265,1575,2840,0,0,ITH,ITH1,4,Provincia Autonoma Bolzano / Bozen,P.A. Bolzano,533050,189264,35.51,0.53
3406,2021-06-10,PAB,4458,2313,2145,1271,3095,92,ITH,ITH1,4,Provincia Autonoma Bolzano / Bozen,P.A. Bolzano,533050,193722,36.34,0.84
3407,2021-05-10,PAB,3018,1300,1718,1331,1605,82,ITH,ITH1,4,Provincia Autonoma Bolzano / Bozen,P.A. Bolzano,533050,196740,36.91,0.57
3408,2021-02-16,PAB,530,205,325,529,0,1,ITH,ITH1,4,Provincia Autonoma Bolzano / Bozen,P.A. Bolzano,533050,197270,37.01,0.1
3409,2021-01-28,PAB,871,308,563,9,862,0,ITH,ITH1,4,Provincia Autonoma Bolzano / Bozen,P.A. Bolzano,533050,198141,37.17,0.16
3410,2021-06-24,PAB,3924,2030,1894,1555,2195,174,ITH,ITH1,4,Provincia Autonoma Bolzano / Bozen,P.A. Bolzano,533050,202065,37.91,0.74
3411,2021-01-09,PAB,612,326,286,612,0,0,ITH,ITH1,4,Provincia Autonoma Bolzano / Bozen,P.A. Bolzano,533050,202677,38.02,0.11
3412,2021-06-17,PAB,1763,977,786,611,1079,73,ITH,ITH1,4,Provincia Autonoma Bolzano / Bozen,P.A. Bolzano,533050,204440,38.35,0.33
3413,2021-04-02,PAB,2077,837,1240,578,1357,142,ITH,ITH1,4,Provincia Autonoma Bolzano / Bozen,P.A. Bolzano,533050,206517,38.74,0.39
3414,2021-05-29,PAB,7316,3893,3423,3997,3139,180,ITH,ITH1,4,Provincia Autonoma Bolzano / Bozen,P.A. Bolzano,533050,213833,40.11,1.37
3415,2021-03-26,PAB,1658,733,925,503,1135,20,ITH,ITH1,4,Provincia Autonoma Bolzano / Bozen,P.A. Bolzano,533050,215491,40.43,0.31
3416,2021-04-09,PAB,2937,1301,1636,1936,730,271,ITH,ITH1,4,Provincia Autonoma Bolzano / Bozen,P.A. Bolzano,533050,218428,40.98,0.55
3417,2021-05-22,PAB,6832,3562,3270,4435,2166,231,ITH,ITH1,4,Provincia Autonoma Bolzano / Bozen,P.A. Bolzano,533050,225260,42.26,1.28
3418,2021-05-31,PAB,3002,1477,1525,2010,867,125,ITH,ITH1,4,Provincia Autonoma Bolzano / Bozen,P.A. Bolzano,533050,228262,42.82,0.56
3419,2021-01-01,PAB,6,5,1,6,0,0,ITH,ITH1,4,Provincia Autonoma Bolzano / Bozen,P.A. Bolzano,533050,228268,42.82,0.0
3420,2021-06-07,PAB,2950,1536,1414,2493,318,139,ITH,ITH1,4,Provincia Autonoma Bolzano / Bozen,P.A. Bolzano,533050,231218,43.38,0.55
3421,2021-02-27,PAB,2458,759,1699,2411,10,37,ITH,ITH1,4,Provincia Autonoma Bolzano / Bozen,P.A. Bolzano,533050,233676,43.84,0.46
3422,2021-02-13,PAB,318,79,239,310,6,2,ITH,ITH1,4,Provincia Autonoma Bolzano / Bozen,P.A. Bolzano,533050,233994,43.9,0.06
3423,2021-04-11,PAB,2724,1294,1430,2446,177,101,ITH,ITH1,4,Provincia Autonoma Bolzano / Bozen,P.A. Bolzano,533050,236718,44.41,0.51
3424,2021-05-24,PAB,1454,766,688,1039,333,82,ITH,ITH1,4,Provincia Autonoma Bolzano / Bozen,P.A. Bolzano,533050,238172,44.68,0.27
3425,2021-02-20,PAB,1802,540,1262,1753,18,31,ITH,ITH1,4,Provincia Autonoma Bolzano / Bozen,P.A. Bolzano,533050,239974,45.02,0.34
3426,2021-01-14,PAB,1946,575,1371,1946,0,0,ITH,ITH1,4,Provincia Autonoma Bolzano / Bozen,P.A. Bolzano,533050,241920,45.38,0.37
3427,2021-04-07,PAB,1798,823,975,1160,540,98,ITH,ITH1,4,Provincia Autonoma Bolzano / Bozen,P.A. Bolzano,533050,243718,45.72,0.34
3428,2021-03-02,PAB,695,200,495,673,2,20,ITH,ITH1,4,Provincia Autonoma Bolzano / Bozen,P.A. Bolzano,533050,244413,45.85,0.13
3429,2021-03-19,PAB,1906,773,1133,748,1107,51,ITH,ITH1,4,Provincia Autonoma Bolzano / Bozen,P.A. Bolzano,533050,246319,46.21,0.36
3430,2021-02-11,PAB,1094,432,662,238,855,1,ITH,ITH1,4,Provincia Autonoma Bolzano / Bozen,P.A. Bolzano,533050,247413,46.41,0.21
3431,2021-07-18,PAB,1750,979,771,609,1141,0,ITH,ITH1,4,Provincia Autonoma Bolzano / Bozen,P.A. Bolzano,533050,249163,46.74,0.33
3432,2021-02-18,PAB,1839,457,1382,1810,7,22,ITH,ITH1,4,Provincia Autonoma Bolzano / Bozen,P.A. Bolzano,533050,251002,47.09,0.34
3433,2020-12-30,PAB,388,182,206,388,0,0,ITH,ITH1,4,Provincia Autonoma Bolzano / Bozen,P.A. Bolzano,533050,251390,47.16,0.07
3434,2021-06-09,PAB,3813,1898,1915,1229,2475,109,ITH,ITH1,4,Provincia Autonoma Bolzano / Bozen,P.A. Bolzano,533050,255203,47.88,0.72
3435,2021-03-01,PAB,922,221,701,886,1,35,ITH,ITH1,4,Provincia Autonoma Bolzano / Bozen,P.A. Bolzano,533050,256125,48.05,0.17
3436,2021-03-15,PAB,1193,452,741,696,482,15,ITH,ITH1,4,Provincia Autonoma Bolzano / Bozen,P.A. Bolzano,533050,257318,48.27,0.22
3437,2021-04-27,PAB,2226,1013,1213,1051,1077,98,ITH,ITH1,4,Provincia Autonoma Bolzano / Bozen,P.A. Bolzano,533050,259544,48.69,0.42
3438,2021-01-17,PAB,2328,1044,1284,2317,11,0,ITH,ITH1,4,Provincia Autonoma Bolzano / Bozen,P.A. Bolzano,533050,261872,49.13,0.44
3439,2021-06-23,PAB,1151,594,557,333,767,51,ITH,ITH1,4,Provincia Autonoma Bolzano / Bozen,P.A. Bolzano,533050,263023,49.34,0.22
3440,2021-01-02,PAB,91,48,43,91,0,0,ITH,ITH1,4,Provincia Autonoma Bolzano / Bozen,P.A. Bolzano,533050,263114,49.36,0.02
3441,2021-06-26,PAB,4539,2326,2213,1356,3072,111,ITH,ITH1,4,Provincia Autonoma Bolzano / Bozen,P.A. Bolzano,533050,267653,50.21,0.85
3442,2021-03-18,PAB,1302,531,771,216,1076,10,ITH,ITH1,4,Provincia Autonoma Bolzano / Bozen,P.A. Bolzano,533050,268955,50.46,0.24
3443,2021-05-14,PAB,5135,2320,2815,2888,2038,209,ITH,ITH1,4,Provincia Autonoma Bolzano / Bozen,P.A. Bolzano,533050,274090,51.42,0.96
3444,2021-03-16,PAB,1290,532,758,116,1166,8,ITH,ITH1,4,Provincia Autonoma Bolzano / Bozen,P.A. Bolzano,533050,275380,51.66,0.24
3445,2021-05-12,PAB,3792,2058,1734,3393,153,246,ITH,ITH1,4,Provincia Autonoma Bolzano / Bozen,P.A. Bolzano,533050,279172,52.37,0.71
3446,2021-02-01,PAB,1452,440,1012,11,1440,1,ITH,ITH1,4,Provincia Autonoma Bolzano / Bozen,P.A. Bolzano,533050,280624,52.64,0.27
3447,2021-07-01,PAB,4630,2301,2329,1330,3165,135,ITH,ITH1,4,Provincia Autonoma Bolzano / Bozen,P.A. Bolzano,533050,285254,53.51,0.87
3448,2021-03-04,PAB,1715,1005,710,1430,229,56,ITH,ITH1,4,Provincia Autonoma Bolzano / Bozen,P.A. Bolzano,533050,286969,53.84,0.32
3449,2021-05-26,PAB,4990,2517,2473,2826,1974,190,ITH,ITH1,4,Provincia Autonoma Bolzano / Bozen,P.A. Bolzano,533050,291959,54.77,0.94
3450,2021-06-14,PAB,2964,1607,1357,561,2357,46,ITH,ITH1,4,Provincia Autonoma Bolzano / Bozen,P.A. Bolzano,533050,294923,55.33,0.56
3451,2021-07-06,PAB,1719,924,795,738,981,0,ITH,ITH1,4,Provincia Autonoma Bolzano / Bozen,P.A. Bolzano,533050,296642,55.65,0.32
3452,2021-06-22,PAB,2460,1417,1043,307,2125,28,ITH,ITH1,4,Provincia Autonoma Bolzano / Bozen,P.A. Bolzano,533050,299102,56.11,0.46
3453,2021-03-14,PAB,758,336,422,14,733,11,ITH,ITH1,4,Provincia Autonoma Bolzano / Bozen,P.A. Bolzano,533050,299860,56.25,0.14
3454,2021-04-14,PAB,3593,1645,1948,3215,91,287,ITH,ITH1,4,Provincia Autonoma Bolzano / Bozen,P.A. Bolzano,533050,303453,56.93,0.67
3455,2021-01-04,PAB,508,201,307,508,0,0,ITH,ITH1,4,Provincia Autonoma Bolzano / Bozen,P.A. Bolzano,533050,303961,57.02,0.1
3456,2021-02-06,PAB,2627,1172,1455,18,2608,1,ITH,ITH1,4,Provincia Autonoma Bolzano / Bozen,P.A. Bolzano,533050,306588,57.52,0.49
3457,2021-06-21,PAB,3162,1612,1550,255,2867,40,ITH,ITH1,4,Provincia Autonoma Bolzano / Bozen,P.A. Bolzano,533050,309750,58.11,0.59
3458,2021-04-26,PAB,1543,771,772,1446,5,92,ITH,ITH1,4,Provincia Autonoma Bolzano / Bozen,P.A. Bolzano,533050,311293,58.4,0.29
3459,2021-07-10,PAB,5794,2992,2802,1058,4736,0,ITH,ITH1,4,Provincia Autonoma Bolzano / Bozen,P.A. Bolzano,533050,317087,59.49,1.09
3460,2021-01-18,PAB,1772,687,1085,1766,5,1,ITH,ITH1,4,Provincia Autonoma Bolzano / Bozen,P.A. Bolzano,533050,318859,59.82,0.33
3461,2021-05-07,PAB,4194,2062,2132,3375,528,291,ITH,ITH1,4,Provincia Autonoma Bolzano / Bozen,P.A. Bolzano,533050,323053,60.6,0.79
3462,2021-07-03,PAB,5632,2790,2842,1072,4560,0,ITH,ITH1,4,Provincia Autonoma Bolzano / Bozen,P.A. Bolzano,533050,328685,61.66,1.06
3463,2021-05-05,PAB,4155,1945,2210,1810,2116,229,ITH,ITH1,4,Provincia Autonoma Bolzano / Bozen,P.A. Bolzano,533050,332840,62.44,0.78
3464,2021-01-25,PAB,487,183,304,3,484,0,ITH,ITH1,4,Provincia Autonoma Bolzano / Bozen,P.A. Bolzano,533050,333327,62.53,0.09
3465,2021-03-23,PAB,1555,760,795,1516,1,38,ITH,ITH1,4,Provincia Autonoma Bolzano / Bozen,P.A. Bolzano,533050,334882,62.82,0.29
3466,2021-04-25,PAB,3073,1497,1576,2274,672,127,ITH,ITH1,4,Provincia Autonoma Bolzano / Bozen,P.A. Bolzano,533050,337955,63.4,0.58
3467,2021-01-13,PAB,1691,557,1134,1691,0,0,ITH,ITH1,4,Provincia Autonoma Bolzano / Bozen,P.A. Bolzano,533050,339646,63.72,0.32
3468,2021-01-30,PAB,498,245,253,4,494,0,ITH,ITH1,4,Provincia Autonoma Bolzano / Bozen,P.A. Bolzano,533050,340144,63.81,0.09
3469,2021-04-23,PAB,4543,2151,2392,3040,1291,212,ITH,ITH1,4,Provincia Autonoma Bolzano / Bozen,P.A. Bolzano,533050,344687,64.66,0.85
3470,2021-01-11,PAB,1574,513,1061,1574,0,0,ITH,ITH1,4,Provincia Autonoma Bolzano / Bozen,P.A. Bolzano,533050,346261,64.96,0.3
3471,2021-07-15,PAB,4378,2308,2070,1682,2696,0,ITH,ITH1,4,Provincia Autonoma Bolzano / Bozen,P.A. Bolzano,533050,350639,65.78,0.82
3472,2021-04-06,PAB,2250,1118,1132,1940,103,207,ITH,ITH1,4,Provincia Autonoma Bolzano / Bozen,P.A. Bolzano,533050,352889,66.2,0.42
3473,2021-04-18,PAB,3110,1607,1503,2004,1010,96,ITH,ITH1,4,Provincia Autonoma Bolzano / Bozen,P.A. Bolzano,533050,355999,66.79,0.58
3474,2021-01-15,PAB,3282,1228,2054,3281,0,1,ITH,ITH1,4,Provincia Autonoma Bolzano / Bozen,P.A. Bolzano,533050,359281,67.4,0.62
3475,2021-06-18,PAB,4157,2162,1995,1131,2899,127,ITH,ITH1,4,Provincia Autonoma Bolzano / Bozen,P.A. Bolzano,533050,363438,68.18,0.78
3476,2021-01-08,PAB,1521,479,1042,1521,0,0,ITH,ITH1,4,Provincia Autonoma Bolzano / Bozen,P.A. Bolzano,533050,364959,68.47,0.29
3477,2021-02-15,PAB,72,42,30,23,46,3,ITH,ITH1,4,Provincia Autonoma Bolzano / Bozen,P.A. Bolzano,533050,365031,68.48,0.01
3478,2021-05-11,PAB,2844,1335,1509,1241,1522,81,ITH,ITH1,4,Provincia Autonoma Bolzano / Bozen,P.A. Bolzano,533050,367875,69.01,0.53
3479,2021-01-29,PAB,1497,510,987,24,1473,0,ITH,ITH1,4,Provincia Autonoma Bolzano / Bozen,P.A. Bolzano,533050,369372,69.29,0.28
3480,2021-04-22,PAB,2924,1501,1423,1852,942,130,ITH,ITH1,4,Provincia Autonoma Bolzano / Bozen,P.A. Bolzano,533050,372296,69.84,0.55
3481,2021-05-09,PAB,4241,2410,1831,2923,1152,166,ITH,ITH1,4,Provincia Autonoma Bolzano / Bozen,P.A. Bolzano,533050,376537,70.64,0.8
3482,2021-03-06,PAB,3973,2081,1892,3674,211,88,ITH,ITH1,4,Provincia Autonoma Bolzano / Bozen,P.A. Bolzano,533050,380510,71.38,0.75
3483,2021-05-28,PAB,6891,3610,3281,4782,1890,219,ITH,ITH1,4,Provincia Autonoma Bolzano / Bozen,P.A. Bolzano,533050,387401,72.68,1.29
3484,2021-02-17,PAB,156,51,105,139,17,0,ITH,ITH1,4,Provincia Autonoma Bolzano / Bozen,P.A. Bolzano,533050,387557,72.71,0.03
3485,2021-04-20,PAB,1563,785,778,1486,3,74,ITH,ITH1,4,Provincia Autonoma Bolzano / Bozen,P.A. Bolzano,533050,389120,73.0,0.29
3486,2021-01-10,PAB,2,2,0,2,0,0,ITH,ITH1,4,Provincia Autonoma Bolzano / Bozen,P.A. Bolzano,533050,389122,73.0,0.0
3487,2021-06-16,PAB,3814,2020,1794,6,3804,4,ITH,ITH1,4,Provincia Autonoma Bolzano / Bozen,P.A. Bolzano,533050,392936,73.71,0.72
3488,2021-03-08,PAB,1210,534,676,1161,27,22,ITH,ITH1,4,Provincia Autonoma Bolzano / Bozen,P.A. Bolzano,533050,394146,73.94,0.23
3489,2021-04-01,PAB,2787,1407,1380,2498,144,145,ITH,ITH1,4,Provincia Autonoma Bolzano / Bozen,P.A. Bolzano,533050,396933,74.46,0.52
3490,2021-07-05,PAB,2934,1406,1528,951,1983,0,ITH,ITH1,4,Provincia Autonoma Bolzano / Bozen,P.A. Bolzano,533050,399867,75.01,0.55
3491,2021-05-30,PAB,4766,2517,2249,714,4014,38,ITH,ITH1,4,Provincia Autonoma Bolzano / Bozen,P.A. Bolzano,533050,404633,75.91,0.89
3492,2021-07-12,PAB,3528,1753,1775,287,3241,0,ITH,ITH1,4,Provincia Autonoma Bolzano / Bozen,P.A. Bolzano,533050,408161,76.57,0.66
3493,2021-04-03,PAB,831,364,467,12,810,9,ITH,ITH1,4,Provincia Autonoma Bolzano / Bozen,P.A. Bolzano,533050,408992,76.73,0.16
3494,2021-03-25,PAB,2152,1064,1088,1645,443,64,ITH,ITH1,4,Provincia Autonoma Bolzano / Bozen,P.A. Bolzano,533050,411144,77.13,0.4
3495,2021-07-17,PAB,3137,1795,1342,792,2345,0,ITH,ITH1,4,Provincia Autonoma Bolzano / Bozen,P.A. Bolzano,533050,414281,77.72,0.59
3496,2021-04-08,PAB,2767,1347,1420,2473,204,90,ITH,ITH1,4,Provincia Autonoma Bolzano / Bozen,P.A. Bolzano,533050,417048,78.24,0.52
3497,2020-12-27,PAB,144,65,79,144,0,0,ITH,ITH1,4,Provincia Autonoma Bolzano / Bozen,P.A. Bolzano,533050,417192,78.27,0.03
3498,2021-03-09,PAB,1194,543,651,1164,2,28,ITH,ITH1,4,Provincia Autonoma Bolzano / Bozen,P.A. Bolzano,533050,418386,78.49,0.22
3499,2021-05-23,PAB,4338,2303,2035,4116,8,214,ITH,ITH1,4,Provincia Autonoma Bolzano / Bozen,P.A. Bolzano,533050,422724,79.3,0.81
3500,2021-07-19,PAB,2760,1381,1379,714,2046,0,ITH,ITH1,4,Provincia Autonoma Bolzano / Bozen,P.A. Bolzano,533050,425484,79.82,0.52
3501,2021-03-28,PAB,569,212,357,11,558,0,ITH,ITH1,4,Provincia Autonoma Bolzano / Bozen,P.A. Bolzano,533050,426053,79.93,0.11
3502,2021-05-04,PAB,3449,1843,1606,2252,1037,160,ITH,ITH1,4,Provincia Autonoma Bolzano / Bozen,P.A. Bolzano,533050,429502,80.57,0.65
3503,2021-01-27,PAB,85,29,56,2,83,0,ITH,ITH1,4,Provincia Autonoma Bolzano / Bozen,P.A. Bolzano,533050,429587,80.59,0.02
3504,2021-06-04,PAB,6563,3296,3267,4799,1530,234,ITH,ITH1,4,Provincia Autonoma Bolzano / Bozen,P.A. Bolzano,533050,436150,81.82,1.23
3505,2021-02-24,PAB,1367,406,961,1316,12,39,ITH,ITH1,4,Provincia Autonoma Bolzano / Bozen,P.A. Bolzano,533050,437517,82.08,0.26
3506,2021-03-27,PAB,3051,1554,1497,1477,1508,66,ITH,ITH1,4,Provincia Autonoma Bolzano / Bozen,P.A. Bolzano,533050,440568,82.65,0.57
3507,2021-03-13,PAB,2885,1459,1426,2724,101,60,ITH,ITH1,4,Provincia Autonoma Bolzano / Bozen,P.A. Bolzano,533050,443453,83.19,0.54
3508,2021-02-05,PAB,3195,1181,2014,8,3187,0,ITH,ITH1,4,Provincia Autonoma Bolzano / Bozen,P.A. Bolzano,533050,446648,83.79,0.6
3509,2021-02-03,PAB,1503,478,1025,5,1498,0,ITH,ITH1,4,Provincia Autonoma Bolzano / Bozen,P.A. Bolzano,533050,448151,84.07,0.28
3510,2021-02-10,PAB,1636,605,1031,25,1610,1,ITH,ITH1,4,Provincia Autonoma Bolzano / Bozen,P.A. Bolzano,533050,449787,84.38,0.31
3511,2021-05-21,PAB,6952,3821,3131,4792,1847,313,ITH,ITH1,4,Provincia Autonoma Bolzano / Bozen,P.A. Bolzano,533050,456739,85.68,1.3
3512,2021-06-30,PAB,3060,1564,1496,397,2604,59,ITH,ITH1,4,Provincia Autonoma Bolzano / Bozen,P.A. Bolzano,533050,459799,86.26,0.57
3513,2021-06-11,PAB,5785,2976,2809,2085,3480,220,ITH,ITH1,4,Provincia Autonoma Bolzano / Bozen,P.A. Bolzano,533050,465584,87.34,1.09
3514,2021-03-20,PAB,1759,850,909,1108,625,26,ITH,ITH1,4,Provincia Autonoma Bolzano / Bozen,P.A. Bolzano,533050,467343,87.67,0.33
3515,2021-06-28,PAB,4607,2304,2303,215,4367,25,ITH,ITH1,4,Provincia Autonoma Bolzano / Bozen,P.A. Bolzano,533050,471950,88.54,0.86
3516,2021-04-15,PAB,4399,2307,2092,3899,263,237,ITH,ITH1,4,Provincia Autonoma Bolzano / Bozen,P.A. Bolzano,533050,476349,89.36,0.83
3517,2021-07-24,PAB,4658,2748,1910,1344,3314,0,ITH,ITH1,4,Provincia Autonoma Bolzano / Bozen,P.A. Bolzano,533050,481007,90.24,0.87
3518,2021-05-02,PAB,2457,1288,1169,1423,921,113,ITH,ITH1,4,Provincia Autonoma Bolzano / Bozen,P.A. Bolzano,533050,483464,90.7,0.46
3519,2021-01-22,PAB,248,143,105,124,124,0,ITH,ITH1,4,Provincia Autonoma Bolzano / Bozen,P.A. Bolzano,533050,483712,90.74,0.05
3520,2021-05-16,PAB,2025,932,1093,1279,692,54,ITH,ITH1,4,Provincia Autonoma Bolzano / Bozen,P.A. Bolzano,533050,485737,91.12,0.38
3521,2021-01-21,PAB,954,443,511,139,815,0,ITH,ITH1,4,Provincia Autonoma Bolzano / Bozen,P.A. Bolzano,533050,486691,91.3,0.18
3522,2021-07-25,PAB,1887,1125,762,741,1146,0,ITH,ITH1,4,Provincia Autonoma Bolzano / Bozen,P.A. Bolzano,533050,488578,91.66,0.35
3523,2021-06-05,PAB,6080,3030,3050,4696,1096,288,ITH,ITH1,4,Provincia Autonoma Bolzano / Bozen,P.A. Bolzano,533050,494658,92.8,1.14
3524,2021-04-30,PAB,3342,1594,1748,1431,1776,135,ITH,ITH1,4,Provincia Autonoma Bolzano / Bozen,P.A. Bolzano,533050,498000,93.42,0.63
3525,2021-01-20,PAB,618,253,365,410,208,0,ITH,ITH1,4,Provincia Autonoma Bolzano / Bozen,P.A. Bolzano,533050,498618,93.54,0.12
3526,2021-07-22,PAB,3709,1928,1781,1925,1784,0,ITH,ITH1,4,Provincia Autonoma Bolzano / Bozen,P.A. Bolzano,533050,502327,94.24,0.7
3527,2021-01-06,PAB,59,18,41,59,0,0,ITH,ITH1,4,Provincia Autonoma Bolzano / Bozen,P.A. Bolzano,533050,502386,94.25,0.01
3528,2021-03-30,PAB,1299,532,767,204,1080,15,ITH,ITH1,4,Provincia Autonoma Bolzano / Bozen,P.A. Bolzano,533050,503685,94.49,0.24
3529,2021-04-16,PAB,2951,1419,1532,2275,511,165,ITH,ITH1,4,Provincia Autonoma Bolzano / Bozen,P.A. Bolzano,533050,506636,95.04,0.55
3530,2021-07-08,PAB,5501,2780,2721,622,4879,0,ITH,ITH1,4,Provincia Autonoma Bolzano / Bozen,P.A. Bolzano,533050,512137,96.08,1.03
3531,2021-06-19,PAB,5660,3014,2646,554,5033,73,ITH,ITH1,4,Provincia Autonoma Bolzano / Bozen,P.A. Bolzano,533050,517797,97.14,1.06
3532,2021-03-11,PAB,1685,825,860,1092,538,55,ITH,ITH1,4,Provincia Autonoma Bolzano / Bozen,P.A. Bolzano,533050,519482,97.45,0.32
3533,2021-02-25,PAB,1498,549,949,1487,1,10,ITH,ITH1,4,Provincia Autonoma Bolzano / Bozen,P.A. Bolzano,533050,520980,97.74,0.28
3534,2021-06-02,PAB,1452,814,638,963,457,32,ITH,ITH1,4,Provincia Autonoma Bolzano / Bozen,P.A. Bolzano,533050,522432,98.01,0.27
3535,2021-02-08,PAB,2,1,1,1,1,0,ITH,ITH1,4,Provincia Autonoma Bolzano / Bozen,P.A. Bolzano,533050,522434,98.01,0.0
3536,2021-05-19,PAB,3851,1978,1873,1922,1786,143,ITH,ITH1,4,Provincia Autonoma Bolzano / Bozen,P.A. Bolzano,533050,526285,98.73,0.72
3537,2021-01-03,PAB,41,16,25,41,0,0,ITH,ITH1,4,Provincia Autonoma Bolzano / Bozen,P.A. Bolzano,533050,526326,98.74,0.01
3538,2021-04-13,PAB,2394,1132,1262,2298,7,89,ITH,ITH1,4,Provincia Autonoma Bolzano / Bozen,P.A. Bolzano,533050,528720,99.19,0.45
3539,2021-07-26,PAB,1605,928,677,1194,411,0,ITH,ITH1,4,Provincia Autonoma Bolzano / Bozen,P.A. Bolzano,533050,530325,99.49,0.3
3540,2021-02-22,PAB,526,143,383,496,12,18,ITH,ITH1,4,Provincia Autonoma Bolzano / Bozen,P.A. Bolzano,533050,530851,99.59,0.1
3541,2021-07-07,PAB,1979,1027,952,643,1336,0,ITH,ITH1,4,Provincia Autonoma Bolzano / Bozen,P.A. Bolzano,533050,532830,99.96,0.37
3542,2021-04-15,VDA,811,377,434,639,139,33,ITC,ITC2,2,Valle d'Aosta / Vallée d'Aoste,Valle d'Aosta,125666,811,0.65,0.65
3543,2021-07-07,VDA,792,439,353,413,362,17,ITC,ITC2,2,Valle d'Aosta / Vallée d'Aoste,Valle d'Aosta,125666,1603,1.28,0.63
3544,2021-07-24,VDA,1016,534,482,335,681,0,ITC,ITC2,2,Valle d'Aosta / Vallée d'Aoste,Valle d'Aosta,125666,2619,2.08,0.81
3545,2021-05-02,VDA,765,345,420,581,160,24,ITC,ITC2,2,Valle d'Aosta / Vallée d'Aoste,Valle d'Aosta,125666,3384,2.69,0.61
3546,2021-01-22,VDA,56,21,35,20,36,0,ITC,ITC2,2,Valle d'Aosta / Vallée d'Aoste,Valle d'Aosta,125666,3440,2.74,0.04
3547,2021-01-08,VDA,300,131,169,300,0,0,ITC,ITC2,2,Valle d'Aosta / Vallée d'Aoste,Valle d'Aosta,125666,3740,2.98,0.24
3548,2021-03-06,VDA,22,4,18,18,0,4,ITC,ITC2,2,Valle d'Aosta / Vallée d'Aoste,Valle d'Aosta,125666,3762,2.99,0.02
3549,2021-02-03,VDA,351,114,237,14,337,0,ITC,ITC2,2,Valle d'Aosta / Vallée d'Aoste,Valle d'Aosta,125666,4113,3.27,0.28
3550,2021-04-01,VDA,778,394,384,747,12,19,ITC,ITC2,2,Valle d'Aosta / Vallée d'Aoste,Valle d'Aosta,125666,4891,3.89,0.62
3551,2021-07-19,VDA,878,460,418,259,619,0,ITC,ITC2,2,Valle d'Aosta / Vallée d'Aoste,Valle d'Aosta,125666,5769,4.59,0.7
3552,2021-03-08,VDA,486,233,253,238,245,3,ITC,ITC2,2,Valle d'Aosta / Vallée d'Aoste,Valle d'Aosta,125666,6255,4.98,0.39
3553,2021-05-04,VDA,1135,510,625,434,673,28,ITC,ITC2,2,Valle d'Aosta / Vallée d'Aoste,Valle d'Aosta,125666,7390,5.88,0.9
3554,2021-06-16,VDA,687,367,320,639,44,4,ITC,ITC2,2,Valle d'Aosta / Vallée d'Aoste,Valle d'Aosta,125666,8077,6.43,0.55
3555,2021-03-15,VDA,362,123,239,150,203,9,ITC,ITC2,2,Valle d'Aosta / Vallée d'Aoste,Valle d'Aosta,125666,8439,6.72,0.29
3556,2021-05-11,VDA,647,325,322,468,151,28,ITC,ITC2,2,Valle d'Aosta / Vallée d'Aoste,Valle d'Aosta,125666,9086,7.23,0.51
3557,2021-04-27,VDA,978,423,555,650,292,36,ITC,ITC2,2,Valle d'Aosta / Vallée d'Aoste,Valle d'Aosta,125666,10064,8.01,0.78
3558,2021-01-17,VDA,131,56,75,131,0,0,ITC,ITC2,2,Valle d'Aosta / Vallée d'Aoste,Valle d'Aosta,125666,10195,8.11,0.1
3559,2021-06-23,VDA,1043,551,492,423,616,4,ITC,ITC2,2,Valle d'Aosta / Vallée d'Aoste,Valle d'Aosta,125666,11238,8.94,0.83
3560,2021-01-27,VDA,152,72,80,79,73,0,ITC,ITC2,2,Valle d'Aosta / Vallée d'Aoste,Valle d'Aosta,125666,11390,9.06,0.12
3561,2021-04-20,VDA,933,430,503,707,194,32,ITC,ITC2,2,Valle d'Aosta / Vallée d'Aoste,Valle d'Aosta,125666,12323,9.81,0.74
3562,2021-01-10,VDA,220,71,149,208,0,12,ITC,ITC2,2,Valle d'Aosta / Vallée d'Aoste,Valle d'Aosta,125666,12543,9.98,0.18
3563,2020-12-27,VDA,20,9,11,20,0,0,ITC,ITC2,2,Valle d'Aosta / Vallée d'Aoste,Valle d'Aosta,125666,12563,10.0,0.02
3564,2021-05-30,VDA,865,429,436,682,171,12,ITC,ITC2,2,Valle d'Aosta / Vallée d'Aoste,Valle d'Aosta,125666,13428,10.69,0.69
3565,2021-07-26,VDA,1004,512,492,319,685,0,ITC,ITC2,2,Valle d'Aosta / Vallée d'Aoste,Valle d'Aosta,125666,14432,11.48,0.8
3566,2021-05-28,VDA,975,414,561,544,412,19,ITC,ITC2,2,Valle d'Aosta / Vallée d'Aoste,Valle d'Aosta,125666,15407,12.26,0.78
3567,2021-02-17,VDA,327,144,183,223,100,4,ITC,ITC2,2,Valle d'Aosta / Vallée d'Aoste,Valle d'Aosta,125666,15734,12.52,0.26
3568,2021-02-05,VDA,294,102,192,101,193,0,ITC,ITC2,2,Valle d'Aosta / Vallée d'Aoste,Valle d'Aosta,125666,16028,12.75,0.23
3569,2021-02-22,VDA,316,94,222,210,103,3,ITC,ITC2,2,Valle d'Aosta / Vallée d'Aoste,Valle d'Aosta,125666,16344,13.01,0.25
3570,2021-05-16,VDA,689,341,348,340,341,8,ITC,ITC2,2,Valle d'Aosta / Vallée d'Aoste,Valle d'Aosta,125666,17033,13.55,0.55
3571,2021-07-12,VDA,978,483,495,239,731,8,ITC,ITC2,2,Valle d'Aosta / Vallée d'Aoste,Valle d'Aosta,125666,18011,14.33,0.78
3572,2021-04-03,VDA,676,341,335,649,15,12,ITC,ITC2,2,Valle d'Aosta / Vallée d'Aoste,Valle d'Aosta,125666,18687,14.87,0.54
3573,2021-03-20,VDA,208,86,122,167,36,5,ITC,ITC2,2,Valle d'Aosta / Vallée d'Aoste,Valle d'Aosta,125666,18895,15.04,0.17
3574,2021-06-28,VDA,986,496,490,326,657,3,ITC,ITC2,2,Valle d'Aosta / Vallée d'Aoste,Valle d'Aosta,125666,19881,15.82,0.78
3575,2021-06-11,VDA,1047,483,564,756,283,8,ITC,ITC2,2,Valle d'Aosta / Vallée d'Aoste,Valle d'Aosta,125666,20928,16.65,0.83
3576,2021-05-23,VDA,999,465,534,653,340,6,ITC,ITC2,2,Valle d'Aosta / Vallée d'Aoste,Valle d'Aosta,125666,21927,17.45,0.79
3577,2021-03-13,VDA,147,88,59,141,0,6,ITC,ITC2,2,Valle d'Aosta / Vallée d'Aoste,Valle d'Aosta,125666,22074,17.57,0.12
3578,2021-01-15,VDA,218,82,136,218,0,0,ITC,ITC2,2,Valle d'Aosta / Vallée d'Aoste,Valle d'Aosta,125666,22292,17.74,0.17
3579,2021-04-13,VDA,373,171,202,311,44,18,ITC,ITC2,2,Valle d'Aosta / Vallée d'Aoste,Valle d'Aosta,125666,22665,18.04,0.3
3580,2021-07-05,VDA,834,355,479,312,508,14,ITC,ITC2,2,Valle d'Aosta / Vallée d'Aoste,Valle d'Aosta,125666,23499,18.7,0.66
3581,2021-03-27,VDA,333,164,169,289,31,13,ITC,ITC2,2,Valle d'Aosta / Vallée d'Aoste,Valle d'Aosta,125666,23832,18.96,0.26
3582,2021-06-18,VDA,998,443,555,589,399,10,ITC,ITC2,2,Valle d'Aosta / Vallée d'Aoste,Valle d'Aosta,125666,24830,19.76,0.79
3583,2021-02-24,VDA,183,82,101,162,19,2,ITC,ITC2,2,Valle d'Aosta / Vallée d'Aoste,Valle d'Aosta,125666,25013,19.9,0.15
3584,2021-04-08,VDA,584,282,302,420,143,21,ITC,ITC2,2,Valle d'Aosta / Vallée d'Aoste,Valle d'Aosta,125666,25597,20.37,0.46
3585,2021-06-13,VDA,852,400,452,371,478,3,ITC,ITC2,2,Valle d'Aosta / Vallée d'Aoste,Valle d'Aosta,125666,26449,21.05,0.68
3586,2021-06-08,VDA,712,356,356,675,33,4,ITC,ITC2,2,Valle d'Aosta / Vallée d'Aoste,Valle d'Aosta,125666,27161,21.61,0.57
3587,2021-06-30,VDA,1117,542,575,415,692,10,ITC,ITC2,2,Valle d'Aosta / Vallée d'Aoste,Valle d'Aosta,125666,28278,22.5,0.89
3588,2021-01-31,VDA,291,91,200,58,233,0,ITC,ITC2,2,Valle d'Aosta / Vallée d'Aoste,Valle d'Aosta,125666,28569,22.73,0.23
3589,2021-06-09,VDA,1028,536,492,985,35,8,ITC,ITC2,2,Valle d'Aosta / Vallée d'Aoste,Valle d'Aosta,125666,29597,23.55,0.82
3590,2021-03-01,VDA,181,66,115,139,34,8,ITC,ITC2,2,Valle d'Aosta / Vallée d'Aoste,Valle d'Aosta,125666,29778,23.7,0.14
3591,2021-02-15,VDA,264,136,128,225,35,4,ITC,ITC2,2,Valle d'Aosta / Vallée d'Aoste,Valle d'Aosta,125666,30042,23.91,0.21
3592,2021-01-29,VDA,319,139,180,2,317,0,ITC,ITC2,2,Valle d'Aosta / Vallée d'Aoste,Valle d'Aosta,125666,30361,24.16,0.25
3593,2021-04-22,VDA,1068,450,618,652,383,33,ITC,ITC2,2,Valle d'Aosta / Vallée d'Aoste,Valle d'Aosta,125666,31429,25.01,0.85
3594,2021-05-09,VDA,574,287,287,425,130,19,ITC,ITC2,2,Valle d'Aosta / Vallée d'Aoste,Valle d'Aosta,125666,32003,25.47,0.46
3595,2021-03-17,VDA,433,185,248,259,160,14,ITC,ITC2,2,Valle d'Aosta / Vallée d'Aoste,Valle d'Aosta,125666,32436,25.81,0.34
3596,2021-03-03,VDA,256,118,138,182,69,5,ITC,ITC2,2,Valle d'Aosta / Vallée d'Aoste,Valle d'Aosta,125666,32692,26.01,0.2
3597,2021-06-04,VDA,908,383,525,470,433,5,ITC,ITC2,2,Valle d'Aosta / Vallée d'Aoste,Valle d'Aosta,125666,33600,26.74,0.72
3598,2021-07-23,VDA,970,484,486,365,605,0,ITC,ITC2,2,Valle d'Aosta / Vallée d'Aoste,Valle d'Aosta,125666,34570,27.51,0.77
3599,2021-02-10,VDA,248,77,171,141,107,0,ITC,ITC2,2,Valle d'Aosta / Vallée d'Aoste,Valle d'Aosta,125666,34818,27.71,0.2
3600,2021-03-25,VDA,389,154,235,364,10,15,ITC,ITC2,2,Valle d'Aosta / Vallée d'Aoste,Valle d'Aosta,125666,35207,28.02,0.31
3601,2021-05-21,VDA,917,433,484,515,386,16,ITC,ITC2,2,Valle d'Aosta / Vallée d'Aoste,Valle d'Aosta,125666,36124,28.75,0.73
3602,2021-04-17,VDA,638,407,231,593,2,43,ITC,ITC2,2,Valle d'Aosta / Vallée d'Aoste,Valle d'Aosta,125666,36762,29.25,0.51
3603,2021-01-07,VDA,276,111,165,276,0,0,ITC,ITC2,2,Valle d'Aosta / Vallée d'Aoste,Valle d'Aosta,125666,37038,29.47,0.22
3604,2021-02-19,VDA,292,102,190,266,24,2,ITC,ITC2,2,Valle d'Aosta / Vallée d'Aoste,Valle d'Aosta,125666,37330,29.71,0.23
3605,2021-03-31,VDA,555,302,253,511,26,18,ITC,ITC2,2,Valle d'Aosta / Vallée d'Aoste,Valle d'Aosta,125666,37885,30.15,0.44
3606,2021-05-27,VDA,1089,497,592,574,503,12,ITC,ITC2,2,Valle d'Aosta / Vallée d'Aoste,Valle d'Aosta,125666,38974,31.01,0.87
3607,2021-05-13,VDA,1141,557,584,516,600,25,ITC,ITC2,2,Valle d'Aosta / Vallée d'Aoste,Valle d'Aosta,125666,40115,31.92,0.91
3608,2021-02-02,VDA,274,70,204,2,272,0,ITC,ITC2,2,Valle d'Aosta / Vallée d'Aoste,Valle d'Aosta,125666,40389,32.14,0.22
3609,2021-07-09,VDA,945,446,499,280,656,9,ITC,ITC2,2,Valle d'Aosta / Vallée d'Aoste,Valle d'Aosta,125666,41334,32.89,0.75
3610,2021-06-25,VDA,977,445,532,323,652,2,ITC,ITC2,2,Valle d'Aosta / Vallée d'Aoste,Valle d'Aosta,125666,42311,33.67,0.78
3611,2021-05-20,VDA,824,371,453,374,440,10,ITC,ITC2,2,Valle d'Aosta / Vallée d'Aoste,Valle d'Aosta,125666,43135,34.33,0.66
3612,2021-07-02,VDA,866,383,483,301,560,5,ITC,ITC2,2,Valle d'Aosta / Vallée d'Aoste,Valle d'Aosta,125666,44001,35.01,0.69
3613,2021-03-24,VDA,515,230,285,255,257,3,ITC,ITC2,2,Valle d'Aosta / Vallée d'Aoste,Valle d'Aosta,125666,44516,35.42,0.41
3614,2021-05-06,VDA,1080,513,567,662,384,34,ITC,ITC2,2,Valle d'Aosta / Vallée d'Aoste,Valle d'Aosta,125666,45596,36.28,0.86
3615,2021-02-26,VDA,207,58,149,108,85,14,ITC,ITC2,2,Valle d'Aosta / Vallée d'Aoste,Valle d'Aosta,125666,45803,36.45,0.16
3616,2021-04-10,VDA,404,190,214,387,5,12,ITC,ITC2,2,Valle d'Aosta / Vallée d'Aoste,Valle d'Aosta,125666,46207,36.77,0.32
3617,2020-12-31,VDA,18,4,14,18,0,0,ITC,ITC2,2,Valle d'Aosta / Vallée d'Aoste,Valle d'Aosta,125666,46225,36.78,0.01
3618,2021-06-06,VDA,1160,582,578,782,373,5,ITC,ITC2,2,Valle d'Aosta / Vallée d'Aoste,Valle d'Aosta,125666,47385,37.71,0.92
3619,2021-06-15,VDA,876,479,397,608,255,13,ITC,ITC2,2,Valle d'Aosta / Vallée d'Aoste,Valle d'Aosta,125666,48261,38.4,0.7
3620,2021-03-29,VDA,493,233,260,448,40,5,ITC,ITC2,2,Valle d'Aosta / Vallée d'Aoste,Valle d'Aosta,125666,48754,38.8,0.39
3621,2021-06-20,VDA,1131,545,586,478,643,10,ITC,ITC2,2,Valle d'Aosta / Vallée d'Aoste,Valle d'Aosta,125666,49885,39.7,0.9
3622,2021-03-12,VDA,531,175,356,291,226,14,ITC,ITC2,2,Valle d'Aosta / Vallée d'Aoste,Valle d'Aosta,125666,50416,40.12,0.42
3623,2021-03-10,VDA,438,183,255,220,213,5,ITC,ITC2,2,Valle d'Aosta / Vallée d'Aoste,Valle d'Aosta,125666,50854,40.47,0.35
3624,2021-02-21,VDA,18,3,15,0,18,0,ITC,ITC2,2,Valle d'Aosta / Vallée d'Aoste,Valle d'Aosta,125666,50872,40.48,0.01
3625,2021-01-05,VDA,150,54,96,150,0,0,ITC,ITC2,2,Valle d'Aosta / Vallée d'Aoste,Valle d'Aosta,125666,51022,40.6,0.12
3626,2021-01-14,VDA,237,69,168,237,0,0,ITC,ITC2,2,Valle d'Aosta / Vallée d'Aoste,Valle d'Aosta,125666,51259,40.79,0.19
3627,2021-04-24,VDA,722,400,322,533,167,22,ITC,ITC2,2,Valle d'Aosta / Vallée d'Aoste,Valle d'Aosta,125666,51981,41.36,0.57
3628,2021-04-19,VDA,752,325,427,520,209,23,ITC,ITC2,2,Valle d'Aosta / Vallée d'Aoste,Valle d'Aosta,125666,52733,41.96,0.6
3629,2021-02-16,VDA,326,53,273,309,6,11,ITC,ITC2,2,Valle d'Aosta / Vallée d'Aoste,Valle d'Aosta,125666,53059,42.22,0.26
3630,2021-04-07,VDA,910,474,436,654,229,27,ITC,ITC2,2,Valle d'Aosta / Vallée d'Aoste,Valle d'Aosta,125666,53969,42.95,0.72
3631,2021-02-09,VDA,252,84,168,68,183,1,ITC,ITC2,2,Valle d'Aosta / Vallée d'Aoste,Valle d'Aosta,125666,54221,43.15,0.2
3632,2021-01-19,VDA,256,77,179,256,0,0,ITC,ITC2,2,Valle d'Aosta / Vallée d'Aoste,Valle d'Aosta,125666,54477,43.35,0.2
3633,2021-04-12,VDA,486,186,300,306,163,17,ITC,ITC2,2,Valle d'Aosta / Vallée d'Aoste,Valle d'Aosta,125666,54963,43.74,0.39
3634,2021-04-29,VDA,1291,634,657,736,534,21,ITC,ITC2,2,Valle d'Aosta / Vallée d'Aoste,Valle d'Aosta,125666,56254,44.76,1.03
3635,2021-07-21,VDA,1164,635,529,315,849,0,ITC,ITC2,2,Valle d'Aosta / Vallée d'Aoste,Valle d'Aosta,125666,57418,45.69,0.93
3636,2021-07-04,VDA,1191,530,661,338,838,15,ITC,ITC2,2,Valle d'Aosta / Vallée d'Aoste,Valle d'Aosta,125666,58609,46.64,0.95
3637,2021-03-22,VDA,560,205,355,324,227,9,ITC,ITC2,2,Valle d'Aosta / Vallée d'Aoste,Valle d'Aosta,125666,59169,47.08,0.45
3638,2021-06-05,VDA,925,476,449,729,188,8,ITC,ITC2,2,Valle d'Aosta / Vallée d'Aoste,Valle d'Aosta,125666,60094,47.82,0.74
3639,2021-02-11,VDA,231,107,124,221,9,1,ITC,ITC2,2,Valle d'Aosta / Vallée d'Aoste,Valle d'Aosta,125666,60325,48.0,0.18
3640,2021-07-18,VDA,926,454,472,252,674,0,ITC,ITC2,2,Valle d'Aosta / Vallée d'Aoste,Valle d'Aosta,125666,61251,48.74,0.74
3641,2021-04-09,VDA,237,111,126,200,33,4,ITC,ITC2,2,Valle d'Aosta / Vallée d'Aoste,Valle d'Aosta,125666,61488,48.93,0.19
3642,2021-05-22,VDA,953,502,451,543,400,10,ITC,ITC2,2,Valle d'Aosta / Vallée d'Aoste,Valle d'Aosta,125666,62441,49.69,0.76
3643,2021-07-25,VDA,1016,492,524,264,752,0,ITC,ITC2,2,Valle d'Aosta / Vallée d'Aoste,Valle d'Aosta,125666,63457,50.5,0.81
3644,2021-04-16,VDA,599,261,338,565,2,32,ITC,ITC2,2,Valle d'Aosta / Vallée d'Aoste,Valle d'Aosta,125666,64056,50.97,0.48
3645,2021-04-02,VDA,874,344,530,595,226,53,ITC,ITC2,2,Valle d'Aosta / Vallée d'Aoste,Valle d'Aosta,125666,64930,51.67,0.7
3646,2021-05-29,VDA,798,434,364,553,237,8,ITC,ITC2,2,Valle d'Aosta / Vallée d'Aoste,Valle d'Aosta,125666,65728,52.3,0.64
3647,2021-07-11,VDA,907,471,436,254,642,11,ITC,ITC2,2,Valle d'Aosta / Vallée d'Aoste,Valle d'Aosta,125666,66635,53.03,0.72
3648,2021-02-25,VDA,201,101,100,190,7,4,ITC,ITC2,2,Valle d'Aosta / Vallée d'Aoste,Valle d'Aosta,125666,66836,53.19,0.16
3649,2021-01-16,VDA,237,80,157,237,0,0,ITC,ITC2,2,Valle d'Aosta / Vallée d'Aoste,Valle d'Aosta,125666,67073,53.37,0.19
3650,2021-06-22,VDA,1189,666,523,529,648,12,ITC,ITC2,2,Valle d'Aosta / Vallée d'Aoste,Valle d'Aosta,125666,68262,54.32,0.95
3651,2021-03-14,VDA,392,200,192,373,0,19,ITC,ITC2,2,Valle d'Aosta / Vallée d'Aoste,Valle d'Aosta,125666,68654,54.63,0.31
3652,2021-04-26,VDA,715,327,388,512,170,33,ITC,ITC2,2,Valle d'Aosta / Vallée d'Aoste,Valle d'Aosta,125666,69369,55.2,0.57
3653,2021-07-01,VDA,962,473,489,328,621,13,ITC,ITC2,2,Valle d'Aosta / Vallée d'Aoste,Valle d'Aosta,125666,70331,55.97,0.77
3654,2021-05-18,VDA,970,484,486,349,617,4,ITC,ITC2,2,Valle d'Aosta / Vallée d'Aoste,Valle d'Aosta,125666,71301,56.74,0.77
3655,2021-02-07,VDA,292,120,172,190,102,0,ITC,ITC2,2,Valle d'Aosta / Vallée d'Aoste,Valle d'Aosta,125666,71593,56.97,0.23
3656,2021-05-01,VDA,940,563,377,439,484,17,ITC,ITC2,2,Valle d'Aosta / Vallée d'Aoste,Valle d'Aosta,125666,72533,57.72,0.75
3657,2021-04-14,VDA,941,430,511,689,224,28,ITC,ITC2,2,Valle d'Aosta / Vallée d'Aoste,Valle d'Aosta,125666,73474,58.47,0.75
3658,2021-07-06,VDA,882,479,403,155,722,5,ITC,ITC2,2,Valle d'Aosta / Vallée d'Aoste,Valle d'Aosta,125666,74356,59.17,0.7
3659,2021-01-02,VDA,6,5,1,6,0,0,ITC,ITC2,2,Valle d'Aosta / Vallée d'Aoste,Valle d'Aosta,125666,74362,59.17,0.0
3660,2021-03-26,VDA,498,204,294,472,7,19,ITC,ITC2,2,Valle d'Aosta / Vallée d'Aoste,Valle d'Aosta,125666,74860,59.57,0.4
3661,2021-06-17,VDA,776,423,353,614,150,12,ITC,ITC2,2,Valle d'Aosta / Vallée d'Aoste,Valle d'Aosta,125666,75636,60.19,0.62
3662,2021-01-21,VDA,33,12,21,33,0,0,ITC,ITC2,2,Valle d'Aosta / Vallée d'Aoste,Valle d'Aosta,125666,75669,60.21,0.03
3663,2021-01-04,VDA,143,60,83,143,0,0,ITC,ITC2,2,Valle d'Aosta / Vallée d'Aoste,Valle d'Aosta,125666,75812,60.33,0.11
3664,2021-03-28,VDA,522,212,310,493,1,28,ITC,ITC2,2,Valle d'Aosta / Vallée d'Aoste,Valle d'Aosta,125666,76334,60.74,0.42
3665,2021-07-16,VDA,1075,552,523,346,729,0,ITC,ITC2,2,Valle d'Aosta / Vallée d'Aoste,Valle d'Aosta,125666,77409,61.6,0.86
3666,2021-01-26,VDA,140,49,91,0,140,0,ITC,ITC2,2,Valle d'Aosta / Vallée d'Aoste,Valle d'Aosta,125666,77549,61.71,0.11
3667,2021-02-12,VDA,263,96,167,216,46,1,ITC,ITC2,2,Valle d'Aosta / Vallée d'Aoste,Valle d'Aosta,125666,77812,61.92,0.21
3668,2021-01-12,VDA,302,72,230,302,0,0,ITC,ITC2,2,Valle d'Aosta / Vallée d'Aoste,Valle d'Aosta,125666,78114,62.16,0.24
3669,2021-05-24,VDA,1136,516,620,673,447,16,ITC,ITC2,2,Valle d'Aosta / Vallée d'Aoste,Valle d'Aosta,125666,79250,63.06,0.9
3670,2021-05-10,VDA,782,381,401,531,235,16,ITC,ITC2,2,Valle d'Aosta / Vallée d'Aoste,Valle d'Aosta,125666,80032,63.69,0.62
3671,2021-04-21,VDA,868,410,458,588,248,32,ITC,ITC2,2,Valle d'Aosta / Vallée d'Aoste,Valle d'Aosta,125666,80900,64.38,0.69
3672,2021-07-13,VDA,1061,567,494,307,748,6,ITC,ITC2,2,Valle d'Aosta / Vallée d'Aoste,Valle d'Aosta,125666,81961,65.22,0.84
3673,2021-03-05,VDA,276,124,152,52,223,1,ITC,ITC2,2,Valle d'Aosta / Vallée d'Aoste,Valle d'Aosta,125666,82237,65.44,0.22
3674,2021-02-28,VDA,260,86,174,73,183,4,ITC,ITC2,2,Valle d'Aosta / Vallée d'Aoste,Valle d'Aosta,125666,82497,65.65,0.21
3675,2021-05-05,VDA,1038,566,472,434,582,22,ITC,ITC2,2,Valle d'Aosta / Vallée d'Aoste,Valle d'Aosta,125666,83535,66.47,0.83
3676,2021-05-03,VDA,839,400,439,458,351,30,ITC,ITC2,2,Valle d'Aosta / Vallée d'Aoste,Valle d'Aosta,125666,84374,67.14,0.67
3677,2021-03-07,VDA,64,30,34,11,53,0,ITC,ITC2,2,Valle d'Aosta / Vallée d'Aoste,Valle d'Aosta,125666,84438,67.19,0.05
3678,2021-06-01,VDA,871,469,402,510,353,8,ITC,ITC2,2,Valle d'Aosta / Vallée d'Aoste,Valle d'Aosta,125666,85309,67.89,0.69
3679,2021-02-23,VDA,216,123,93,215,0,1,ITC,ITC2,2,Valle d'Aosta / Vallée d'Aoste,Valle d'Aosta,125666,85525,68.06,0.17
3680,2021-06-03,VDA,1306,667,639,884,410,12,ITC,ITC2,2,Valle d'Aosta / Vallée d'Aoste,Valle d'Aosta,125666,86831,69.1,1.04
3681,2021-05-17,VDA,809,417,392,367,434,8,ITC,ITC2,2,Valle d'Aosta / Vallée d'Aoste,Valle d'Aosta,125666,87640,69.74,0.64
3682,2021-05-15,VDA,1065,614,451,367,685,13,ITC,ITC2,2,Valle d'Aosta / Vallée d'Aoste,Valle d'Aosta,125666,88705,70.59,0.85
3683,2021-02-04,VDA,294,86,208,8,286,0,ITC,ITC2,2,Valle d'Aosta / Vallée d'Aoste,Valle d'Aosta,125666,88999,70.82,0.23
3684,2021-04-28,VDA,1218,632,586,681,503,34,ITC,ITC2,2,Valle d'Aosta / Vallée d'Aoste,Valle d'Aosta,125666,90217,71.79,0.97
3685,2021-07-20,VDA,1117,583,534,396,721,0,ITC,ITC2,2,Valle d'Aosta / Vallée d'Aoste,Valle d'Aosta,125666,91334,72.68,0.89
3686,2021-04-18,VDA,522,254,268,493,3,26,ITC,ITC2,2,Valle d'Aosta / Vallée d'Aoste,Valle d'Aosta,125666,91856,73.1,0.42
3687,2021-06-14,VDA,311,167,144,12,299,0,ITC,ITC2,2,Valle d'Aosta / Vallée d'Aoste,Valle d'Aosta,125666,92167,73.34,0.25
3688,2021-05-31,VDA,880,396,484,490,379,11,ITC,ITC2,2,Valle d'Aosta / Vallée d'Aoste,Valle d'Aosta,125666,93047,74.04,0.7
3689,2021-04-25,VDA,849,408,441,673,139,37,ITC,ITC2,2,Valle d'Aosta / Vallée d'Aoste,Valle d'Aosta,125666,93896,74.72,0.68
3690,2021-06-21,VDA,1122,600,522,607,505,10,ITC,ITC2,2,Valle d'Aosta / Vallée d'Aoste,Valle d'Aosta,125666,95018,75.61,0.89
3691,2021-06-07,VDA,710,347,363,638,61,11,ITC,ITC2,2,Valle d'Aosta / Vallée d'Aoste,Valle d'Aosta,125666,95728,76.18,0.56
3692,2021-02-27,VDA,231,85,146,119,107,5,ITC,ITC2,2,Valle d'Aosta / Vallée d'Aoste,Valle d'Aosta,125666,95959,76.36,0.18
3693,2021-03-11,VDA,197,76,121,66,131,0,ITC,ITC2,2,Valle d'Aosta / Vallée d'Aoste,Valle d'Aosta,125666,96156,76.52,0.16
3694,2021-06-02,VDA,1215,688,527,812,401,2,ITC,ITC2,2,Valle d'Aosta / Vallée d'Aoste,Valle d'Aosta,125666,97371,77.48,0.97
3695,2021-06-19,VDA,1289,668,621,659,619,11,ITC,ITC2,2,Valle d'Aosta / Vallée d'Aoste,Valle d'Aosta,125666,98660,78.51,1.03
3696,2021-03-09,VDA,206,96,110,166,32,8,ITC,ITC2,2,Valle d'Aosta / Vallée d'Aoste,Valle d'Aosta,125666,98866,78.67,0.16
3697,2021-02-20,VDA,251,210,41,238,10,3,ITC,ITC2,2,Valle d'Aosta / Vallée d'Aoste,Valle d'Aosta,125666,99117,78.87,0.2
3698,2021-01-06,VDA,65,33,32,65,0,0,ITC,ITC2,2,Valle d'Aosta / Vallée d'Aoste,Valle d'Aosta,125666,99182,78.93,0.05
3699,2021-02-18,VDA,349,153,196,255,88,6,ITC,ITC2,2,Valle d'Aosta / Vallée d'Aoste,Valle d'Aosta,125666,99531,79.2,0.28
3700,2021-01-30,VDA,439,202,237,12,425,2,ITC,ITC2,2,Valle d'Aosta / Vallée d'Aoste,Valle d'Aosta,125666,99970,79.55,0.35
3701,2021-01-25,VDA,148,66,82,0,148,0,ITC,ITC2,2,Valle d'Aosta / Vallée d'Aoste,Valle d'Aosta,125666,100118,79.67,0.12
3702,2021-07-10,VDA,1289,667,622,321,957,11,ITC,ITC2,2,Valle d'Aosta / Vallée d'Aoste,Valle d'Aosta,125666,101407,80.7,1.03
3703,2021-05-14,VDA,960,442,518,251,668,41,ITC,ITC2,2,Valle d'Aosta / Vallée d'Aoste,Valle d'Aosta,125666,102367,81.46,0.76
3704,2021-02-06,VDA,289,104,185,91,197,1,ITC,ITC2,2,Valle d'Aosta / Vallée d'Aoste,Valle d'Aosta,125666,102656,81.69,0.23
3705,2021-04-30,VDA,831,355,476,467,346,18,ITC,ITC2,2,Valle d'Aosta / Vallée d'Aoste,Valle d'Aosta,125666,103487,82.35,0.66
3706,2021-01-20,VDA,23,8,15,23,0,0,ITC,ITC2,2,Valle d'Aosta / Vallée d'Aoste,Valle d'Aosta,125666,103510,82.37,0.02
3707,2021-01-09,VDA,443,199,244,442,0,1,ITC,ITC2,2,Valle d'Aosta / Vallée d'Aoste,Valle d'Aosta,125666,103953,82.72,0.35
3708,2021-06-24,VDA,1221,629,592,379,833,9,ITC,ITC2,2,Valle d'Aosta / Vallée d'Aoste,Valle d'Aosta,125666,105174,83.69,0.97
3709,2021-07-03,VDA,935,484,451,390,536,9,ITC,ITC2,2,Valle d'Aosta / Vallée d'Aoste,Valle d'Aosta,125666,106109,84.44,0.74
3710,2021-03-21,VDA,355,165,190,346,0,9,ITC,ITC2,2,Valle d'Aosta / Vallée d'Aoste,Valle d'Aosta,125666,106464,84.72,0.28
3711,2021-06-29,VDA,780,390,390,235,542,3,ITC,ITC2,2,Valle d'Aosta / Vallée d'Aoste,Valle d'Aosta,125666,107244,85.34,0.62
3712,2021-06-10,VDA,1002,558,444,953,42,7,ITC,ITC2,2,Valle d'Aosta / Vallée d'Aoste,Valle d'Aosta,125666,108246,86.14,0.8
3713,2021-03-02,VDA,339,166,173,291,3,45,ITC,ITC2,2,Valle d'Aosta / Vallée d'Aoste,Valle d'Aosta,125666,108585,86.41,0.27
3714,2021-02-01,VDA,404,127,277,84,317,3,ITC,ITC2,2,Valle d'Aosta / Vallée d'Aoste,Valle d'Aosta,125666,108989,86.73,0.32
3715,2021-07-08,VDA,1275,709,566,341,924,10,ITC,ITC2,2,Valle d'Aosta / Vallée d'Aoste,Valle d'Aosta,125666,110264,87.74,1.01
3716,2021-03-30,VDA,402,223,179,365,20,17,ITC,ITC2,2,Valle d'Aosta / Vallée d'Aoste,Valle d'Aosta,125666,110666,88.06,0.32
3717,2021-05-12,VDA,1143,550,593,442,670,31,ITC,ITC2,2,Valle d'Aosta / Vallée d'Aoste,Valle d'Aosta,125666,111809,88.97,0.91
3718,2021-07-17,VDA,985,519,466,255,730,0,ITC,ITC2,2,Valle d'Aosta / Vallée d'Aoste,Valle d'Aosta,125666,112794,89.76,0.78
3719,2021-01-11,VDA,325,112,213,325,0,0,ITC,ITC2,2,Valle d'Aosta / Vallée d'Aoste,Valle d'Aosta,125666,113119,90.02,0.26
3720,2021-04-04,VDA,572,253,319,550,1,21,ITC,ITC2,2,Valle d'Aosta / Vallée d'Aoste,Valle d'Aosta,125666,113691,90.47,0.46
3721,2021-02-08,VDA,223,83,140,25,198,0,ITC,ITC2,2,Valle d'Aosta / Vallée d'Aoste,Valle d'Aosta,125666,113914,90.65,0.18
3722,2021-03-23,VDA,379,150,229,228,134,17,ITC,ITC2,2,Valle d'Aosta / Vallée d'Aoste,Valle d'Aosta,125666,114293,90.95,0.3
3723,2021-05-19,VDA,993,498,495,411,575,7,ITC,ITC2,2,Valle d'Aosta / Vallée d'Aoste,Valle d'Aosta,125666,115286,91.74,0.79
3724,2021-07-22,VDA,971,513,458,276,695,0,ITC,ITC2,2,Valle d'Aosta / Vallée d'Aoste,Valle d'Aosta,125666,116257,92.51,0.77
3725,2021-01-18,VDA,213,74,139,213,0,0,ITC,ITC2,2,Valle d'Aosta / Vallée d'Aoste,Valle d'Aosta,125666,116470,92.68,0.17
3726,2021-04-11,VDA,479,208,271,462,0,17,ITC,ITC2,2,Valle d'Aosta / Vallée d'Aoste,Valle d'Aosta,125666,116949,93.06,0.38
3727,2021-02-13,VDA,216,196,20,213,1,2,ITC,ITC2,2,Valle d'Aosta / Vallée d'Aoste,Valle d'Aosta,125666,117165,93.24,0.17
3728,2021-03-16,VDA,182,37,145,109,64,9,ITC,ITC2,2,Valle d'Aosta / Vallée d'Aoste,Valle d'Aosta,125666,117347,93.38,0.14
3729,2021-05-25,VDA,1115,530,585,529,574,12,ITC,ITC2,2,Valle d'Aosta / Vallée d'Aoste,Valle d'Aosta,125666,118462,94.27,0.89
3730,2021-02-14,VDA,48,16,32,1,47,0,ITC,ITC2,2,Valle d'Aosta / Vallée d'Aoste,Valle d'Aosta,125666,118510,94.31,0.04
3731,2021-05-08,VDA,904,540,364,497,378,29,ITC,ITC2,2,Valle d'Aosta / Vallée d'Aoste,Valle d'Aosta,125666,119414,95.02,0.72
3732,2021-04-05,VDA,464,223,241,439,6,19,ITC,ITC2,2,Valle d'Aosta / Vallée d'Aoste,Valle d'Aosta,125666,119878,95.39,0.37
3733,2021-06-27,VDA,1250,607,643,312,928,10,ITC,ITC2,2,Valle d'Aosta / Vallée d'Aoste,Valle d'Aosta,125666,121128,96.39,0.99
3734,2021-07-14,VDA,1019,532,487,293,726,0,ITC,ITC2,2,Valle d'Aosta / Vallée d'Aoste,Valle d'Aosta,125666,122147,97.2,0.81
3735,2021-01-28,VDA,291,123,168,56,235,0,ITC,ITC2,2,Valle d'Aosta / Vallée d'Aoste,Valle d'Aosta,125666,122438,97.43,0.23
3736,2021-06-12,VDA,1233,599,634,1063,166,4,ITC,ITC2,2,Valle d'Aosta / Vallée d'Aoste,Valle d'Aosta,125666,123671,98.41,0.98
3737,2021-03-19,VDA,322,85,237,277,35,10,ITC,ITC2,2,Valle d'Aosta / Vallée d'Aoste,Valle d'Aosta,125666,123993,98.67,0.26
3738,2021-05-07,VDA,564,245,319,517,31,16,ITC,ITC2,2,Valle d'Aosta / Vallée d'Aoste,Valle d'Aosta,125666,124557,99.12,0.45
3739,2021-04-23,VDA,922,443,479,511,383,28,ITC,ITC2,2,Valle d'Aosta / Vallée d'Aoste,Valle d'Aosta,125666,125479,99.85,0.73
3740,2021-01-13,VDA,337,110,227,337,0,0,ITC,ITC2,2,Valle d'Aosta / Vallée d'Aoste,Valle d'Aosta,125666,125816,100.12,0.27
3741,2021-07-15,VDA,1085,589,496,297,788,0,ITC,ITC2,2,Valle d'Aosta / Vallée d'Aoste,Valle d'Aosta,125666,126901,100.98,0.86
3742,2021-04-06,VDA,741,381,360,596,112,33,ITC,ITC2,2,Valle d'Aosta / Vallée d'Aoste,Valle d'Aosta,125666,127642,101.57,0.59
3743,2021-03-18,VDA,136,43,93,96,37,3,ITC,ITC2,2,Valle d'Aosta / Vallée d'Aoste,Valle d'Aosta,125666,127778,101.68,0.11
3744,2021-06-26,VDA,1061,509,552,350,704,7,ITC,ITC2,2,Valle d'Aosta / Vallée d'Aoste,Valle d'Aosta,125666,128839,102.52,0.84
3745,2021-03-04,VDA,291,139,152,39,250,2,ITC,ITC2,2,Valle d'Aosta / Vallée d'Aoste,Valle d'Aosta,125666,129130,102.76,0.23
3746,2021-05-26,VDA,1209,587,622,565,633,11,ITC,ITC2,2,Valle d'Aosta / Vallée d'Aoste,Valle d'Aosta,125666,130339,103.72,0.96
3747,2021-06-05,LOM,102432,52954,49478,91104,9817,1511,ITC,ITC4,3,Lombardia,Lombardia,10060574,102432,1.02,1.02
3748,2021-03-14,LOM,14875,5349,9526,11218,3284,373,ITC,ITC4,3,Lombardia,Lombardia,10060574,117307,1.17,0.15
3749,2021-02-23,LOM,11830,4804,7026,11292,332,206,ITC,ITC4,3,Lombardia,Lombardia,10060574,129137,1.28,0.12
3750,2021-04-28,LOM,95767,43679,52088,66931,26922,1914,ITC,ITC4,3,Lombardia,Lombardia,10060574,224904,2.24,0.95
3751,2021-06-24,LOM,109522,56632,52890,78326,28809,2387,ITC,ITC4,3,Lombardia,Lombardia,10060574,334426,3.32,1.09
3752,2021-03-16,LOM,25503,10115,15388,16302,9079,122,ITC,ITC4,3,Lombardia,Lombardia,10060574,359929,3.58,0.25
3753,2021-05-12,LOM,87512,41758,45754,57422,27568,2522,ITC,ITC4,3,Lombardia,Lombardia,10060574,447441,4.45,0.87
3754,2021-05-24,LOM,89557,43498,46059,48585,40036,936,ITC,ITC4,3,Lombardia,Lombardia,10060574,536998,5.34,0.89
3755,2021-02-11,LOM,17092,5014,12078,9632,7381,79,ITC,ITC4,3,Lombardia,Lombardia,10060574,554090,5.51,0.17
3756,2021-05-31,LOM,95669,47402,48267,78347,16219,1103,ITC,ITC4,3,Lombardia,Lombardia,10060574,649759,6.46,0.95
3757,2021-03-26,LOM,41333,15710,25623,27506,13154,673,ITC,ITC4,3,Lombardia,Lombardia,10060574,691092,6.87,0.41
3758,2021-01-16,LOM,15618,5778,9840,15607,0,11,ITC,ITC4,3,Lombardia,Lombardia,10060574,706710,7.02,0.16
3759,2021-04-23,LOM,73588,33345,40243,55582,16618,1388,ITC,ITC4,3,Lombardia,Lombardia,10060574,780298,7.76,0.73
3760,2021-05-10,LOM,85284,40889,44395,62039,21583,1662,ITC,ITC4,3,Lombardia,Lombardia,10060574,865582,8.6,0.85
3761,2021-01-30,LOM,12322,4569,7753,146,12167,9,ITC,ITC4,3,Lombardia,Lombardia,10060574,877904,8.73,0.12
3762,2021-07-20,LOM,94920,49015,45905,6894,87276,750,ITC,ITC4,3,Lombardia,Lombardia,10060574,972824,9.67,0.94
3763,2021-02-04,LOM,27868,8122,19746,2016,25847,5,ITC,ITC4,3,Lombardia,Lombardia,10060574,1000692,9.95,0.28
3764,2021-07-18,LOM,97101,50591,46510,8545,87863,693,ITC,ITC4,3,Lombardia,Lombardia,10060574,1097793,10.91,0.97
3765,2021-04-09,LOM,52402,22372,30030,35570,15996,836,ITC,ITC4,3,Lombardia,Lombardia,10060574,1150195,11.43,0.52
3766,2021-07-13,LOM,108418,56672,51746,15416,91761,1241,ITC,ITC4,3,Lombardia,Lombardia,10060574,1258613,12.51,1.08
3767,2021-04-04,LOM,7612,3230,4382,3682,3896,34,ITC,ITC4,3,Lombardia,Lombardia,10060574,1266225,12.59,0.08
3768,2021-03-28,LOM,20623,7874,12749,13963,6275,385,ITC,ITC4,3,Lombardia,Lombardia,10060574,1286848,12.79,0.2
3769,2021-04-14,LOM,47202,21035,26167,33544,12972,686,ITC,ITC4,3,Lombardia,Lombardia,10060574,1334050,13.26,0.47
3770,2021-01-04,LOM,6117,2110,4007,6111,0,6,ITC,ITC4,3,Lombardia,Lombardia,10060574,1340167,13.32,0.06
3771,2021-06-19,LOM,104303,51985,52318,56248,46631,1424,ITC,ITC4,3,Lombardia,Lombardia,10060574,1444470,14.36,1.04
3772,2021-07-06,LOM,101809,50687,51122,23066,77324,1419,ITC,ITC4,3,Lombardia,Lombardia,10060574,1546279,15.37,1.01
3773,2021-02-16,LOM,9508,3073,6435,8960,448,100,ITC,ITC4,3,Lombardia,Lombardia,10060574,1555787,15.46,0.09
3774,2021-06-10,LOM,102615,52235,50380,86397,14425,1793,ITC,ITC4,3,Lombardia,Lombardia,10060574,1658402,16.48,1.02
3775,2021-03-02,LOM,22834,9706,13128,19531,3041,262,ITC,ITC4,3,Lombardia,Lombardia,10060574,1681236,16.71,0.23
3776,2020-12-28,LOM,108,47,61,108,0,0,ITC,ITC4,3,Lombardia,Lombardia,10060574,1681344,16.71,0.0
3777,2021-04-21,LOM,71837,32566,39271,55835,14668,1334,ITC,ITC4,3,Lombardia,Lombardia,10060574,1753181,17.43,0.71
3778,2021-01-11,LOM,16296,5389,10907,16286,0,10,ITC,ITC4,3,Lombardia,Lombardia,10060574,1769477,17.59,0.16
3779,2021-01-28,LOM,12237,3708,8529,795,11435,7,ITC,ITC4,3,Lombardia,Lombardia,10060574,1781714,17.71,0.12
3780,2021-06-17,LOM,108552,52710,55842,51073,56301,1178,ITC,ITC4,3,Lombardia,Lombardia,10060574,1890266,18.79,1.08
3781,2021-03-09,LOM,33230,12864,20366,25244,7400,586,ITC,ITC4,3,Lombardia,Lombardia,10060574,1923496,19.12,0.33
3782,2021-05-05,LOM,87952,41931,46021,70360,15327,2265,ITC,ITC4,3,Lombardia,Lombardia,10060574,2011448,19.99,0.87
3783,2021-07-01,LOM,104942,52820,52122,53334,49213,2395,ITC,ITC4,3,Lombardia,Lombardia,10060574,2116390,21.04,1.04
3784,2021-05-17,LOM,94656,45359,49297,29540,64413,703,ITC,ITC4,3,Lombardia,Lombardia,10060574,2211046,21.98,0.94
3785,2021-05-19,LOM,83267,39768,43499,33098,49362,807,ITC,ITC4,3,Lombardia,Lombardia,10060574,2294313,22.8,0.83
3786,2021-05-22,LOM,70612,33843,36769,31724,38173,715,ITC,ITC4,3,Lombardia,Lombardia,10060574,2364925,23.51,0.7
3787,2021-05-29,LOM,88311,42413,45898,41397,46072,842,ITC,ITC4,3,Lombardia,Lombardia,10060574,2453236,24.38,0.88
3788,2021-02-18,LOM,14054,4926,9128,12820,1037,197,ITC,ITC4,3,Lombardia,Lombardia,10060574,2467290,24.52,0.14
3789,2021-01-09,LOM,12484,4603,7881,12476,0,8,ITC,ITC4,3,Lombardia,Lombardia,10060574,2479774,24.65,0.12
3790,2021-03-07,LOM,12091,5363,6728,9337,2562,192,ITC,ITC4,3,Lombardia,Lombardia,10060574,2491865,24.77,0.12
3791,2021-01-27,LOM,8046,2677,5369,808,7236,2,ITC,ITC4,3,Lombardia,Lombardia,10060574,2499911,24.85,0.08
3792,2021-07-03,LOM,102334,51625,50709,44534,55692,2108,ITC,ITC4,3,Lombardia,Lombardia,10060574,2602245,25.87,1.02
3793,2021-03-25,LOM,42871,16038,26833,29240,12726,905,ITC,ITC4,3,Lombardia,Lombardia,10060574,2645116,26.29,0.43
3794,2021-05-21,LOM,93863,45247,48616,28382,64720,761,ITC,ITC4,3,Lombardia,Lombardia,10060574,2738979,27.22,0.93
3795,2021-06-12,LOM,89315,48061,41254,84318,3158,1839,ITC,ITC4,3,Lombardia,Lombardia,10060574,2828294,28.11,0.89
3796,2021-06-29,LOM,107130,53139,53991,57393,47727,2010,ITC,ITC4,3,Lombardia,Lombardia,10060574,2935424,29.18,1.06
3797,2021-03-21,LOM,23519,8498,15021,17732,5196,591,ITC,ITC4,3,Lombardia,Lombardia,10060574,2958943,29.41,0.23
3798,2021-02-13,LOM,6421,2441,3980,4884,1477,60,ITC,ITC4,3,Lombardia,Lombardia,10060574,2965364,29.48,0.06
3799,2021-07-17,LOM,108490,57286,51204,10218,97348,924,ITC,ITC4,3,Lombardia,Lombardia,10060574,3073854,30.55,1.08
3800,2021-04-25,LOM,51568,23647,27921,45542,4808,1218,ITC,ITC4,3,Lombardia,Lombardia,10060574,3125422,31.07,0.51
3801,2021-06-28,LOM,107898,54977,52921,74281,31010,2607,ITC,ITC4,3,Lombardia,Lombardia,10060574,3233320,32.14,1.07
3802,2021-07-08,LOM,114376,58289,56087,13168,100176,1032,ITC,ITC4,3,Lombardia,Lombardia,10060574,3347696,33.28,1.14
3803,2021-07-25,LOM,86634,45734,40900,9423,76432,779,ITC,ITC4,3,Lombardia,Lombardia,10060574,3434330,34.14,0.86
3804,2021-04-16,LOM,53694,23932,29762,38430,14376,888,ITC,ITC4,3,Lombardia,Lombardia,10060574,3488024,34.67,0.53
3805,2021-05-03,LOM,83713,39763,43950,69460,12130,2123,ITC,ITC4,3,Lombardia,Lombardia,10060574,3571737,35.5,0.83
3806,2021-01-23,LOM,1126,360,766,924,199,3,ITC,ITC4,3,Lombardia,Lombardia,10060574,3572863,35.51,0.01
3807,2021-04-02,LOM,41366,16928,24438,26205,14607,554,ITC,ITC4,3,Lombardia,Lombardia,10060574,3614229,35.92,0.41
3808,2021-04-11,LOM,32221,13944,18277,24315,7395,511,ITC,ITC4,3,Lombardia,Lombardia,10060574,3646450,36.24,0.32
3809,2021-01-01,LOM,24,7,17,24,0,0,ITC,ITC4,3,Lombardia,Lombardia,10060574,3646474,36.25,0.0
3810,2021-06-07,LOM,98967,50430,48537,84025,13325,1617,ITC,ITC4,3,Lombardia,Lombardia,10060574,3745441,37.23,0.98
3811,2021-02-27,LOM,13951,5875,8076,13153,642,156,ITC,ITC4,3,Lombardia,Lombardia,10060574,3759392,37.37,0.14
3812,2021-01-18,LOM,9236,2978,6258,8246,975,15,ITC,ITC4,3,Lombardia,Lombardia,10060574,3768628,37.46,0.09
3813,2021-03-23,LOM,42585,15472,27113,28865,12866,854,ITC,ITC4,3,Lombardia,Lombardia,10060574,3811213,37.88,0.42
3814,2021-01-25,LOM,7040,2378,4662,483,6554,3,ITC,ITC4,3,Lombardia,Lombardia,10060574,3818253,37.95,0.07
3815,2021-02-20,LOM,9348,3870,5478,8846,307,195,ITC,ITC4,3,Lombardia,Lombardia,10060574,3827601,38.05,0.09
3816,2021-04-18,LOM,36407,16230,20177,30523,5241,643,ITC,ITC4,3,Lombardia,Lombardia,10060574,3864008,38.41,0.36
3817,2021-01-08,LOM,12724,3927,8797,12713,0,11,ITC,ITC4,3,Lombardia,Lombardia,10060574,3876732,38.53,0.13
3818,2021-02-08,LOM,10092,2919,7173,2122,7961,9,ITC,ITC4,3,Lombardia,Lombardia,10060574,3886824,38.63,0.1
3819,2021-02-25,LOM,15308,6354,8954,13527,1581,200,ITC,ITC4,3,Lombardia,Lombardia,10060574,3902132,38.79,0.15
3820,2021-02-06,LOM,15271,5542,9729,1010,14256,5,ITC,ITC4,3,Lombardia,Lombardia,10060574,3917403,38.94,0.15
3821,2021-07-24,LOM,95849,50639,45210,9736,85252,861,ITC,ITC4,3,Lombardia,Lombardia,10060574,4013252,39.89,0.95
3822,2021-05-02,LOM,83511,38337,45174,59264,22467,1780,ITC,ITC4,3,Lombardia,Lombardia,10060574,4096763,40.72,0.83
3823,2020-12-30,LOM,114,42,72,114,0,0,ITC,ITC4,3,Lombardia,Lombardia,10060574,4096877,40.72,0.0
3824,2021-06-16,LOM,99249,50428,48821,49936,48163,1150,ITC,ITC4,3,Lombardia,Lombardia,10060574,4196126,41.71,0.99
3825,2021-03-06,LOM,21348,9100,12248,16533,4517,298,ITC,ITC4,3,Lombardia,Lombardia,10060574,4217474,41.92,0.21
3826,2021-05-07,LOM,92345,43715,48630,68389,22405,1551,ITC,ITC4,3,Lombardia,Lombardia,10060574,4309819,42.84,0.92
3827,2021-03-18,LOM,27410,10962,16448,15935,11248,227,ITC,ITC4,3,Lombardia,Lombardia,10060574,4337229,43.11,0.27
3828,2021-05-14,LOM,85983,41408,44575,53265,30334,2384,ITC,ITC4,3,Lombardia,Lombardia,10060574,4423212,43.97,0.85
3829,2021-07-10,LOM,107108,54218,52890,13911,92016,1181,ITC,ITC4,3,Lombardia,Lombardia,10060574,4530320,45.03,1.06
3830,2021-02-01,LOM,16083,5325,10758,307,15774,2,ITC,ITC4,3,Lombardia,Lombardia,10060574,4546403,45.19,0.16
3831,2021-07-05,LOM,101414,49536,51878,31233,68291,1890,ITC,ITC4,3,Lombardia,Lombardia,10060574,4647817,46.2,1.01
3832,2021-07-12,LOM,111651,57402,54249,14790,95716,1145,ITC,ITC4,3,Lombardia,Lombardia,10060574,4759468,47.31,1.11
3833,2021-04-03,LOM,36267,14870,21397,25780,10107,380,ITC,ITC4,3,Lombardia,Lombardia,10060574,4795735,47.67,0.36
3834,2021-05-30,LOM,74369,35587,38782,33791,39959,619,ITC,ITC4,3,Lombardia,Lombardia,10060574,4870104,48.41,0.74
3835,2021-07-26,LOM,109396,58795,50601,7642,101004,750,ITC,ITC4,3,Lombardia,Lombardia,10060574,4979500,49.5,1.09
3836,2021-06-21,LOM,113323,58060,55263,78398,32744,2181,ITC,ITC4,3,Lombardia,Lombardia,10060574,5092823,50.62,1.13
3837,2021-06-02,LOM,84635,43575,41060,76985,6332,1318,ITC,ITC4,3,Lombardia,Lombardia,10060574,5177458,51.46,0.84
3838,2021-03-11,LOM,36232,13482,22750,25628,9920,684,ITC,ITC4,3,Lombardia,Lombardia,10060574,5213690,51.82,0.36
3839,2021-03-30,LOM,39642,15593,24049,24249,14785,608,ITC,ITC4,3,Lombardia,Lombardia,10060574,5253332,52.22,0.39
3840,2021-06-26,LOM,105873,55427,50446,77788,25685,2400,ITC,ITC4,3,Lombardia,Lombardia,10060574,5359205,53.27,1.05
3841,2021-02-10,LOM,14404,4508,9896,7549,6826,29,ITC,ITC4,3,Lombardia,Lombardia,10060574,5373609,53.41,0.14
3842,2021-02-03,LOM,25663,7926,17737,1076,24582,5,ITC,ITC4,3,Lombardia,Lombardia,10060574,5399272,53.67,0.26
3843,2021-04-01,LOM,43020,17255,25765,26076,16231,713,ITC,ITC4,3,Lombardia,Lombardia,10060574,5442292,54.1,0.43
3844,2021-06-09,LOM,103641,52222,51419,87425,14498,1718,ITC,ITC4,3,Lombardia,Lombardia,10060574,5545933,55.13,1.03
3845,2021-03-08,LOM,29770,11193,18577,22164,7089,517,ITC,ITC4,3,Lombardia,Lombardia,10060574,5575703,55.42,0.3
3846,2021-05-04,LOM,86822,41076,45746,70278,14399,2145,ITC,ITC4,3,Lombardia,Lombardia,10060574,5662525,56.28,0.86
3847,2021-01-24,LOM,1201,458,743,538,663,0,ITC,ITC4,3,Lombardia,Lombardia,10060574,5663726,56.3,0.01
3848,2021-01-06,LOM,7158,2528,4630,7151,0,7,ITC,ITC4,3,Lombardia,Lombardia,10060574,5670884,56.37,0.07
3849,2021-05-18,LOM,88233,42170,46063,31887,55578,768,ITC,ITC4,3,Lombardia,Lombardia,10060574,5759117,57.24,0.88
3850,2021-06-04,LOM,104629,54313,50316,93195,9648,1786,ITC,ITC4,3,Lombardia,Lombardia,10060574,5863746,58.28,1.04
3851,2021-02-24,LOM,14722,5958,8764,13575,954,193,ITC,ITC4,3,Lombardia,Lombardia,10060574,5878468,58.43,0.15
3852,2021-05-16,LOM,68702,32507,36195,35587,32205,910,ITC,ITC4,3,Lombardia,Lombardia,10060574,5947170,59.11,0.68
3853,2021-02-05,LOM,25724,7464,18260,2416,23294,14,ITC,ITC4,3,Lombardia,Lombardia,10060574,5972894,59.37,0.26
3854,2021-02-22,LOM,11907,4810,7097,11403,306,198,ITC,ITC4,3,Lombardia,Lombardia,10060574,5984801,59.49,0.12
3855,2021-03-13,LOM,27196,9782,17414,20544,6101,551,ITC,ITC4,3,Lombardia,Lombardia,10060574,6011997,59.76,0.27
3856,2021-07-23,LOM,95415,50034,45381,11398,82757,1260,ITC,ITC4,3,Lombardia,Lombardia,10060574,6107412,60.71,0.95
3857,2021-07-15,LOM,108774,55953,52821,12912,94659,1203,ITC,ITC4,3,Lombardia,Lombardia,10060574,6216186,61.79,1.08
3858,2021-04-06,LOM,43078,17589,25489,24441,17947,690,ITC,ITC4,3,Lombardia,Lombardia,10060574,6259264,62.22,0.43
3859,2021-06-14,LOM,94767,48148,46619,49120,44528,1119,ITC,ITC4,3,Lombardia,Lombardia,10060574,6354031,63.16,0.94
3860,2021-05-26,LOM,93696,44657,49039,42732,50071,893,ITC,ITC4,3,Lombardia,Lombardia,10060574,6447727,64.09,0.93
3861,2021-02-15,LOM,8973,3142,5831,8360,434,179,ITC,ITC4,3,Lombardia,Lombardia,10060574,6456700,64.18,0.09
3862,2021-03-20,LOM,32596,12166,20430,22244,9852,500,ITC,ITC4,3,Lombardia,Lombardia,10060574,6489296,64.5,0.32
3863,2020-12-27,LOM,718,414,304,718,0,0,ITC,ITC4,3,Lombardia,Lombardia,10060574,6490014,64.51,0.01
3864,2021-01-15,LOM,25267,7446,17821,25215,0,52,ITC,ITC4,3,Lombardia,Lombardia,10060574,6515281,64.76,0.25
3865,2021-04-29,LOM,115576,53611,61965,83129,29871,2576,ITC,ITC4,3,Lombardia,Lombardia,10060574,6630857,65.91,1.15
3866,2021-06-25,LOM,108048,56071,51977,78204,27541,2303,ITC,ITC4,3,Lombardia,Lombardia,10060574,6738905,66.98,1.07
3867,2021-04-20,LOM,67683,30837,36846,55906,10347,1430,ITC,ITC4,3,Lombardia,Lombardia,10060574,6806588,67.66,0.67
3868,2021-01-10,LOM,10533,3970,6563,10524,0,9,ITC,ITC4,3,Lombardia,Lombardia,10060574,6817121,67.76,0.1
3869,2021-01-17,LOM,8351,3347,5004,8144,201,6,ITC,ITC4,3,Lombardia,Lombardia,10060574,6825472,67.84,0.08
3870,2021-06-23,LOM,110935,57399,53536,76753,32044,2138,ITC,ITC4,3,Lombardia,Lombardia,10060574,6936407,68.95,1.1
3871,2021-03-15,LOM,31573,11339,20234,22431,8528,614,ITC,ITC4,3,Lombardia,Lombardia,10060574,6967980,69.26,0.31
3872,2021-04-27,LOM,86075,39999,46076,67674,16593,1808,ITC,ITC4,3,Lombardia,Lombardia,10060574,7054055,70.12,0.86
3873,2021-07-22,LOM,99001,51836,47165,12164,85391,1446,ITC,ITC4,3,Lombardia,Lombardia,10060574,7153056,71.1,0.98
3874,2021-04-13,LOM,47666,21277,26389,32931,14091,644,ITC,ITC4,3,Lombardia,Lombardia,10060574,7200722,71.57,0.47
3875,2021-04-30,LOM,117464,54873,62591,87243,27644,2577,ITC,ITC4,3,Lombardia,Lombardia,10060574,7318186,72.74,1.17
3876,2021-01-20,LOM,5681,1382,4299,5562,114,5,ITC,ITC4,3,Lombardia,Lombardia,10060574,7323867,72.8,0.06
3877,2021-01-22,LOM,3166,877,2289,3092,69,5,ITC,ITC4,3,Lombardia,Lombardia,10060574,7327033,72.83,0.03
3878,2021-07-07,LOM,111814,56053,55761,17984,92661,1169,ITC,ITC4,3,Lombardia,Lombardia,10060574,7438847,73.94,1.11
3879,2021-04-15,LOM,49464,21867,27597,34886,13827,751,ITC,ITC4,3,Lombardia,Lombardia,10060574,7488311,74.43,0.49
3880,2021-01-05,LOM,7864,2576,5288,7858,0,6,ITC,ITC4,3,Lombardia,Lombardia,10060574,7496175,74.51,0.08
3881,2021-03-27,LOM,32453,12382,20071,23104,8717,632,ITC,ITC4,3,Lombardia,Lombardia,10060574,7528628,74.83,0.32
3882,2021-01-03,LOM,854,316,538,853,0,1,ITC,ITC4,3,Lombardia,Lombardia,10060574,7529482,74.84,0.01
3883,2021-05-23,LOM,60768,28931,31837,26296,33958,514,ITC,ITC4,3,Lombardia,Lombardia,10060574,7590250,75.45,0.6
3884,2021-02-12,LOM,13976,4372,9604,8871,4945,160,ITC,ITC4,3,Lombardia,Lombardia,10060574,7604226,75.58,0.14
3885,2021-07-19,LOM,96882,50302,46580,10800,85001,1081,ITC,ITC4,3,Lombardia,Lombardia,10060574,7701108,76.55,0.96
3886,2021-04-10,LOM,52755,21848,30907,40046,11958,751,ITC,ITC4,3,Lombardia,Lombardia,10060574,7753863,77.07,0.52
3887,2021-06-06,LOM,90129,46347,43782,79529,9222,1378,ITC,ITC4,3,Lombardia,Lombardia,10060574,7843992,77.97,0.9
3888,2021-01-07,LOM,11786,3646,8140,11746,0,40,ITC,ITC4,3,Lombardia,Lombardia,10060574,7855778,78.08,0.12
3889,2021-02-19,LOM,14220,5400,8820,13324,723,173,ITC,ITC4,3,Lombardia,Lombardia,10060574,7869998,78.23,0.14
3890,2021-04-17,LOM,48515,21306,27209,36944,10854,717,ITC,ITC4,3,Lombardia,Lombardia,10060574,7918513,78.71,0.48
3891,2021-02-26,LOM,18432,7563,10869,16324,1904,204,ITC,ITC4,3,Lombardia,Lombardia,10060574,7936945,78.89,0.18
3892,2020-12-31,LOM,714,302,412,714,0,0,ITC,ITC4,3,Lombardia,Lombardia,10060574,7937659,78.9,0.01
3893,2021-05-01,LOM,95991,43681,52310,65054,29224,1713,ITC,ITC4,3,Lombardia,Lombardia,10060574,8033650,79.85,0.95
3894,2021-01-21,LOM,5495,1604,3891,4788,690,17,ITC,ITC4,3,Lombardia,Lombardia,10060574,8039145,79.91,0.05
3895,2021-02-07,LOM,7312,2825,4487,335,6974,3,ITC,ITC4,3,Lombardia,Lombardia,10060574,8046457,79.98,0.07
3896,2021-01-19,LOM,8053,2329,5724,7571,468,14,ITC,ITC4,3,Lombardia,Lombardia,10060574,8054510,80.06,0.08
3897,2021-05-20,LOM,94467,45646,48821,31247,62577,643,ITC,ITC4,3,Lombardia,Lombardia,10060574,8148977,81.0,0.94
3898,2021-06-01,LOM,93961,46104,47857,75755,17100,1106,ITC,ITC4,3,Lombardia,Lombardia,10060574,8242938,81.93,0.93
3899,2021-01-02,LOM,202,74,128,202,0,0,ITC,ITC4,3,Lombardia,Lombardia,10060574,8243140,81.94,0.0
3900,2021-06-08,LOM,102887,52298,50589,87147,14065,1675,ITC,ITC4,3,Lombardia,Lombardia,10060574,8346027,82.96,1.02
3901,2021-02-28,LOM,7885,3255,4630,7603,210,72,ITC,ITC4,3,Lombardia,Lombardia,10060574,8353912,83.04,0.08
3902,2021-04-26,LOM,87992,40937,47055,67056,19168,1768,ITC,ITC4,3,Lombardia,Lombardia,10060574,8441904,83.91,0.87
3903,2021-07-21,LOM,93887,48416,45471,8573,84436,878,ITC,ITC4,3,Lombardia,Lombardia,10060574,8535791,84.84,0.93
3904,2021-04-12,LOM,47253,20587,26666,32268,14349,636,ITC,ITC4,3,Lombardia,Lombardia,10060574,8583044,85.31,0.47
3905,2021-03-17,LOM,26263,10499,15764,15102,11001,160,ITC,ITC4,3,Lombardia,Lombardia,10060574,8609307,85.57,0.26
3906,2021-06-22,LOM,111006,57933,53073,79005,29886,2115,ITC,ITC4,3,Lombardia,Lombardia,10060574,8720313,86.68,1.1
3907,2021-07-09,LOM,115530,58891,56639,11724,102920,886,ITC,ITC4,3,Lombardia,Lombardia,10060574,8835843,87.83,1.15
3908,2021-06-03,LOM,97142,49718,47424,84604,10876,1662,ITC,ITC4,3,Lombardia,Lombardia,10060574,8932985,88.79,0.97
3909,2021-06-20,LOM,88978,44349,44629,52851,34886,1241,ITC,ITC4,3,Lombardia,Lombardia,10060574,9021963,89.68,0.88
3910,2021-03-12,LOM,35286,12972,22314,24454,10215,617,ITC,ITC4,3,Lombardia,Lombardia,10060574,9057249,90.03,0.35
3911,2021-06-18,LOM,107613,52858,54755,51952,54424,1237,ITC,ITC4,3,Lombardia,Lombardia,10060574,9164862,91.1,1.07
3912,2021-03-01,LOM,18797,8233,10564,16884,1707,206,ITC,ITC4,3,Lombardia,Lombardia,10060574,9183659,91.28,0.19
3913,2021-05-09,LOM,69725,32893,36832,54475,13274,1976,ITC,ITC4,3,Lombardia,Lombardia,10060574,9253384,91.98,0.69
3914,2021-01-29,LOM,13509,4132,9377,686,12820,3,ITC,ITC4,3,Lombardia,Lombardia,10060574,9266893,92.11,0.13
3915,2021-06-13,LOM,75997,40561,35436,72286,2125,1586,ITC,ITC4,3,Lombardia,Lombardia,10060574,9342890,92.87,0.76
3916,2021-03-05,LOM,28955,11945,17010,20236,8420,299,ITC,ITC4,3,Lombardia,Lombardia,10060574,9371845,93.15,0.29
3917,2021-06-27,LOM,90906,46795,44111,69780,18830,2296,ITC,ITC4,3,Lombardia,Lombardia,10060574,9462751,94.06,0.9
3918,2021-03-19,LOM,32457,12929,19528,18910,13224,323,ITC,ITC4,3,Lombardia,Lombardia,10060574,9495208,94.38,0.32
3919,2021-02-21,LOM,5053,1864,3189,4942,17,94,ITC,ITC4,3,Lombardia,Lombardia,10060574,9500261,94.43,0.05
3920,2021-04-19,LOM,60124,27351,32773,49448,9406,1270,ITC,ITC4,3,Lombardia,Lombardia,10060574,9560385,95.03,0.6
3921,2021-06-15,LOM,95980,48849,47131,49026,45895,1059,ITC,ITC4,3,Lombardia,Lombardia,10060574,9656365,95.98,0.95
3922,2021-07-04,LOM,86639,43334,43305,40177,44508,1954,ITC,ITC4,3,Lombardia,Lombardia,10060574,9743004,96.84,0.86
3923,2021-07-02,LOM,103807,52040,51767,48858,52742,2207,ITC,ITC4,3,Lombardia,Lombardia,10060574,9846811,97.88,1.03
3924,2021-03-24,LOM,43260,15620,27640,30471,11899,890,ITC,ITC4,3,Lombardia,Lombardia,10060574,9890071,98.31,0.43
3925,2021-02-09,LOM,12220,3335,8885,4024,8182,14,ITC,ITC4,3,Lombardia,Lombardia,10060574,9902291,98.43,0.12
3926,2021-05-27,LOM,94877,45453,49424,40616,53473,788,ITC,ITC4,3,Lombardia,Lombardia,10060574,9997168,99.37,0.94
3927,2021-04-24,LOM,75823,33602,42221,53439,21144,1240,ITC,ITC4,3,Lombardia,Lombardia,10060574,10072991,100.12,0.75
3928,2021-01-14,LOM,26942,7811,19131,26888,0,54,ITC,ITC4,3,Lombardia,Lombardia,10060574,10099933,100.39,0.27
3929,2021-05-08,LOM,87780,40771,47009,63486,22067,2227,ITC,ITC4,3,Lombardia,Lombardia,10060574,10187713,101.26,0.87
3930,2021-05-15,LOM,80921,38788,42133,45489,33385,2047,ITC,ITC4,3,Lombardia,Lombardia,10060574,10268634,102.07,0.8
3931,2021-07-11,LOM,90176,45614,44562,11767,77351,1058,ITC,ITC4,3,Lombardia,Lombardia,10060574,10358810,102.96,0.9
3932,2021-05-13,LOM,87203,41786,45417,55731,28878,2594,ITC,ITC4,3,Lombardia,Lombardia,10060574,10446013,103.83,0.87
3933,2021-02-02,LOM,19905,6603,13302,497,19405,3,ITC,ITC4,3,Lombardia,Lombardia,10060574,10465918,104.03,0.2
3934,2021-03-31,LOM,42177,17109,25068,26195,15305,677,ITC,ITC4,3,Lombardia,Lombardia,10060574,10508095,104.45,0.42
3935,2021-03-10,LOM,33300,12734,20566,24844,7868,588,ITC,ITC4,3,Lombardia,Lombardia,10060574,10541395,104.78,0.33
3936,2021-03-29,LOM,40054,15543,24511,24534,14841,679,ITC,ITC4,3,Lombardia,Lombardia,10060574,10581449,105.18,0.4
3937,2021-07-16,LOM,108863,56690,52173,11120,96573,1170,ITC,ITC4,3,Lombardia,Lombardia,10060574,10690312,106.26,1.08
3938,2021-04-07,LOM,50604,20927,29677,34079,15820,705,ITC,ITC4,3,Lombardia,Lombardia,10060574,10740916,106.76,0.5
3939,2021-05-06,LOM,89873,42206,47667,70977,16527,2369,ITC,ITC4,3,Lombardia,Lombardia,10060574,10830789,107.66,0.89
3940,2021-01-26,LOM,8346,2706,5640,349,7997,0,ITC,ITC4,3,Lombardia,Lombardia,10060574,10839135,107.74,0.08
3941,2021-01-13,LOM,26446,8080,18366,26420,0,26,ITC,ITC4,3,Lombardia,Lombardia,10060574,10865581,108.0,0.26
3942,2021-03-04,LOM,29338,12120,17218,20044,9074,220,ITC,ITC4,3,Lombardia,Lombardia,10060574,10894919,108.29,0.29
3943,2021-06-30,LOM,106773,52908,53865,56573,48094,2106,ITC,ITC4,3,Lombardia,Lombardia,10060574,11001692,109.35,1.06
3944,2021-03-22,LOM,40341,14304,26037,28948,10559,834,ITC,ITC4,3,Lombardia,Lombardia,10060574,11042033,109.76,0.4
3945,2021-04-08,LOM,52409,21776,30633,35271,16466,672,ITC,ITC4,3,Lombardia,Lombardia,10060574,11094442,110.28,0.52
3946,2020-12-29,LOM,106,45,61,106,0,0,ITC,ITC4,3,Lombardia,Lombardia,10060574,11094548,110.28,0.0
3947,2021-07-14,LOM,109215,56750,52465,14333,93473,1409,ITC,ITC4,3,Lombardia,Lombardia,10060574,11203763,111.36,1.09
3948,2021-04-22,LOM,73961,33403,40558,56210,16369,1382,ITC,ITC4,3,Lombardia,Lombardia,10060574,11277724,112.1,0.74
3949,2021-03-03,LOM,26998,11520,15478,19481,7300,217,ITC,ITC4,3,Lombardia,Lombardia,10060574,11304722,112.37,0.27
3950,2021-05-11,LOM,86911,41450,45461,58262,26235,2414,ITC,ITC4,3,Lombardia,Lombardia,10060574,11391633,113.23,0.86
3951,2021-05-28,LOM,93594,44845,48749,42029,50651,914,ITC,ITC4,3,Lombardia,Lombardia,10060574,11485227,114.16,0.93
3952,2021-02-17,LOM,11996,3756,8240,10413,1390,193,ITC,ITC4,3,Lombardia,Lombardia,10060574,11497223,114.28,0.12
3953,2021-06-11,LOM,101461,51687,49774,84930,14643,1888,ITC,ITC4,3,Lombardia,Lombardia,10060574,11598684,115.29,1.01
3954,2021-04-05,LOM,27386,11697,15689,19027,8105,254,ITC,ITC4,3,Lombardia,Lombardia,10060574,11626070,115.56,0.27
3955,2021-01-31,LOM,9760,3775,5985,29,9731,0,ITC,ITC4,3,Lombardia,Lombardia,10060574,11635830,115.66,0.1
3956,2021-05-25,LOM,91167,43624,47543,43844,46498,825,ITC,ITC4,3,Lombardia,Lombardia,10060574,11726997,116.56,0.91
3957,2021-02-14,LOM,3583,1547,2036,2934,635,14,ITC,ITC4,3,Lombardia,Lombardia,10060574,11730580,116.6,0.04
3958,2021-01-12,LOM,20296,6721,13575,20267,0,29,ITC,ITC4,3,Lombardia,Lombardia,10060574,11750876,116.8,0.2
3959,2021-07-13,TOS,29320,14726,14594,7712,21438,170,ITI,ITI1,9,Toscana,Toscana,3729641,29320,0.79,0.79
3960,2021-04-02,TOS,31990,13571,18419,23714,8028,248,ITI,ITI1,9,Toscana,Toscana,3729641,61310,1.64,0.86
3961,2021-07-11,TOS,26118,12687,13431,9131,16820,167,ITI,ITI1,9,Toscana,Toscana,3729641,87428,2.34,0.7
3962,2021-06-24,TOS,29427,14607,14820,19299,9740,388,ITI,ITI1,9,Toscana,Toscana,3729641,116855,3.13,0.79
3963,2021-06-22,TOS,31021,15610,15411,22439,8208,374,ITI,ITI1,9,Toscana,Toscana,3729641,147876,3.96,0.83
3964,2021-05-17,TOS,29761,14873,14888,20627,8933,201,ITI,ITI1,9,Toscana,Toscana,3729641,177637,4.76,0.8
3965,2021-03-21,TOS,3294,1628,1666,1819,1433,42,ITI,ITI1,9,Toscana,Toscana,3729641,180931,4.85,0.09
3966,2021-01-23,TOS,3966,1360,2606,634,3326,6,ITI,ITI1,9,Toscana,Toscana,3729641,184897,4.96,0.11
3967,2021-06-29,TOS,37001,18016,18985,7972,28887,142,ITI,ITI1,9,Toscana,Toscana,3729641,221898,5.95,0.99
3968,2021-05-03,TOS,11930,5509,6421,10369,1320,241,ITI,ITI1,9,Toscana,Toscana,3729641,233828,6.27,0.32
3969,2021-04-07,TOS,35827,15465,20362,28169,7250,408,ITI,ITI1,9,Toscana,Toscana,3729641,269655,7.23,0.96
3970,2021-06-12,TOS,29387,15149,14238,24654,4387,346,ITI,ITI1,9,Toscana,Toscana,3729641,299042,8.02,0.79
3971,2021-04-16,TOS,28950,12879,16071,21428,6900,622,ITI,ITI1,9,Toscana,Toscana,3729641,327992,8.79,0.78
3972,2021-07-25,TOS,33884,16760,17124,7068,26639,177,ITI,ITI1,9,Toscana,Toscana,3729641,361876,9.7,0.91
3973,2021-01-28,TOS,6283,1883,4400,346,5930,7,ITI,ITI1,9,Toscana,Toscana,3729641,368159,9.87,0.17
3974,2021-03-19,TOS,10142,4459,5683,7131,2868,143,ITI,ITI1,9,Toscana,Toscana,3729641,378301,10.14,0.27
3975,2021-07-01,TOS,32044,15509,16535,10721,21056,267,ITI,ITI1,9,Toscana,Toscana,3729641,410345,11.0,0.86
3976,2021-03-26,TOS,20680,9392,11288,14716,5766,198,ITI,ITI1,9,Toscana,Toscana,3729641,431025,11.56,0.55
3977,2021-03-09,TOS,11134,4570,6564,5506,5553,75,ITI,ITI1,9,Toscana,Toscana,3729641,442159,11.86,0.3
3978,2021-04-09,TOS,24605,10584,14021,20751,3410,444,ITI,ITI1,9,Toscana,Toscana,3729641,466764,12.51,0.66
3979,2021-07-18,TOS,30355,15260,15095,8335,21812,208,ITI,ITI1,9,Toscana,Toscana,3729641,497119,13.33,0.81
3980,2021-06-17,TOS,32546,16673,15873,26669,5545,332,ITI,ITI1,9,Toscana,Toscana,3729641,529665,14.2,0.87
3981,2021-02-04,TOS,4253,1594,2659,934,3292,27,ITI,ITI1,9,Toscana,Toscana,3729641,533918,14.32,0.11
3982,2021-06-05,TOS,28439,13599,14840,20561,7614,264,ITI,ITI1,9,Toscana,Toscana,3729641,562357,15.08,0.76
3983,2021-01-11,TOS,5095,1691,3404,4995,0,100,ITI,ITI1,9,Toscana,Toscana,3729641,567452,15.21,0.14
3984,2021-04-21,TOS,29623,12678,16945,16862,12131,630,ITI,ITI1,9,Toscana,Toscana,3729641,597075,16.01,0.79
3985,2021-02-23,TOS,7723,3325,4398,7219,161,343,ITI,ITI1,9,Toscana,Toscana,3729641,604798,16.22,0.21
3986,2021-06-03,TOS,32052,15454,16598,27148,4582,322,ITI,ITI1,9,Toscana,Toscana,3729641,636850,17.08,0.86
3987,2021-05-22,TOS,26022,12661,13361,21459,4289,274,ITI,ITI1,9,Toscana,Toscana,3729641,662872,17.77,0.7
3988,2021-05-05,TOS,30120,13446,16674,14878,14521,721,ITI,ITI1,9,Toscana,Toscana,3729641,692992,18.58,0.81
3989,2021-02-28,TOS,1649,667,982,851,727,71,ITI,ITI1,9,Toscana,Toscana,3729641,694641,18.62,0.04
3990,2021-02-11,TOS,5384,2022,3362,5064,242,78,ITI,ITI1,9,Toscana,Toscana,3729641,700025,18.77,0.14
3991,2021-02-09,TOS,4488,1468,3020,3763,611,114,ITI,ITI1,9,Toscana,Toscana,3729641,704513,18.89,0.12
3992,2021-01-16,TOS,3271,1046,2225,3213,0,58,ITI,ITI1,9,Toscana,Toscana,3729641,707784,18.98,0.09
3993,2021-04-26,TOS,10146,4933,5213,7459,2555,132,ITI,ITI1,9,Toscana,Toscana,3729641,717930,19.25,0.27
3994,2021-01-02,TOS,3498,1096,2402,3454,0,44,ITI,ITI1,9,Toscana,Toscana,3729641,721428,19.34,0.09
3995,2021-03-07,TOS,5648,2357,3291,1997,3545,106,ITI,ITI1,9,Toscana,Toscana,3729641,727076,19.49,0.15
3996,2021-03-28,TOS,6212,2808,3404,5880,254,78,ITI,ITI1,9,Toscana,Toscana,3729641,733288,19.66,0.17
3997,2021-01-30,TOS,4622,1622,3000,179,4425,18,ITI,ITI1,9,Toscana,Toscana,3729641,737910,19.79,0.12
3998,2021-07-06,TOS,25769,13025,12744,11045,14505,219,ITI,ITI1,9,Toscana,Toscana,3729641,763679,20.48,0.69
3999,2021-05-10,TOS,26209,12401,13808,15332,10633,244,ITI,ITI1,9,Toscana,Toscana,3729641,789888,21.18,0.7
4000,2021-03-14,TOS,7174,2569,4605,3150,3935,89,ITI,ITI1,9,Toscana,Toscana,3729641,797062,21.37,0.19
4001,2021-01-09,TOS,4485,1596,2889,4419,0,66,ITI,ITI1,9,Toscana,Toscana,3729641,801547,21.49,0.12
4002,2021-03-18,TOS,9981,3985,5996,5871,3972,138,ITI,ITI1,9,Toscana,Toscana,3729641,811528,21.76,0.27
4003,2021-06-26,TOS,34539,16757,17782,9993,24320,226,ITI,ITI1,9,Toscana,Toscana,3729641,846067,22.68,0.93
4004,2021-03-02,TOS,10599,3799,6800,7046,3444,109,ITI,ITI1,9,Toscana,Toscana,3729641,856666,22.97,0.28
4005,2021-01-04,TOS,5065,1895,3170,5000,0,65,ITI,ITI1,9,Toscana,Toscana,3729641,861731,23.1,0.14
4006,2021-04-14,TOS,20188,8349,11839,14540,5112,536,ITI,ITI1,9,Toscana,Toscana,3729641,881919,23.65,0.54
4007,2021-06-14,TOS,31791,16325,15466,27401,4109,281,ITI,ITI1,9,Toscana,Toscana,3729641,913710,24.5,0.85
4008,2021-01-21,TOS,1589,686,903,858,722,9,ITI,ITI1,9,Toscana,Toscana,3729641,915299,24.54,0.04
4009,2021-06-02,TOS,27592,13618,13974,21858,5506,228,ITI,ITI1,9,Toscana,Toscana,3729641,942891,25.28,0.74
4010,2021-04-06,TOS,22227,9824,12403,18095,3719,413,ITI,ITI1,9,Toscana,Toscana,3729641,965118,25.88,0.6
4011,2021-02-08,TOS,4099,1362,2737,3529,459,111,ITI,ITI1,9,Toscana,Toscana,3729641,969217,25.99,0.11
4012,2021-07-15,TOS,31193,15263,15930,8079,22875,239,ITI,ITI1,9,Toscana,Toscana,3729641,1000410,26.82,0.84
4013,2021-05-19,TOS,27960,13579,14381,18624,9056,280,ITI,ITI1,9,Toscana,Toscana,3729641,1028370,27.57,0.75
4014,2021-04-13,TOS,8489,3505,4984,5751,2458,280,ITI,ITI1,9,Toscana,Toscana,3729641,1036859,27.8,0.23
4015,2021-05-15,TOS,29347,13853,15494,22866,5893,588,ITI,ITI1,9,Toscana,Toscana,3729641,1066206,28.59,0.79
4016,2021-04-28,TOS,19124,8181,10943,3465,15311,348,ITI,ITI1,9,Toscana,Toscana,3729641,1085330,29.1,0.51
4017,2021-02-18,TOS,8822,3285,5537,7744,896,182,ITI,ITI1,9,Toscana,Toscana,3729641,1094152,29.34,0.24
4018,2021-05-29,TOS,31569,15261,16308,23173,8169,227,ITI,ITI1,9,Toscana,Toscana,3729641,1125721,30.18,0.85
4019,2021-03-23,TOS,9430,4403,5027,6964,2276,190,ITI,ITI1,9,Toscana,Toscana,3729641,1135151,30.44,0.25
4020,2021-07-20,TOS,37223,19049,18174,7949,29089,185,ITI,ITI1,9,Toscana,Toscana,3729641,1172374,31.43,1.0
4021,2021-06-10,TOS,26390,13539,12851,25504,545,341,ITI,ITI1,9,Toscana,Toscana,3729641,1198764,32.14,0.71
4022,2021-05-24,TOS,33744,16717,17027,23864,9578,302,ITI,ITI1,9,Toscana,Toscana,3729641,1232508,33.05,0.9
4023,2021-01-25,TOS,5127,1895,3232,242,4880,5,ITI,ITI1,9,Toscana,Toscana,3729641,1237635,33.18,0.14
4024,2021-04-18,TOS,8360,4091,4269,7061,1029,270,ITI,ITI1,9,Toscana,Toscana,3729641,1245995,33.41,0.22
4025,2021-02-16,TOS,9280,3340,5940,8329,721,230,ITI,ITI1,9,Toscana,Toscana,3729641,1255275,33.66,0.25
4026,2021-05-02,TOS,11176,4933,6243,8977,1964,235,ITI,ITI1,9,Toscana,Toscana,3729641,1266451,33.96,0.3
4027,2021-02-25,TOS,10633,4306,6327,9471,998,164,ITI,ITI1,9,Toscana,Toscana,3729641,1277084,34.24,0.29
4028,2021-02-06,TOS,4527,1550,2977,1262,3233,32,ITI,ITI1,9,Toscana,Toscana,3729641,1281611,34.36,0.12
4029,2021-03-04,TOS,17849,6952,10897,14618,3082,149,ITI,ITI1,9,Toscana,Toscana,3729641,1299460,34.84,0.48
4030,2021-06-21,TOS,31180,15478,15702,18136,12788,256,ITI,ITI1,9,Toscana,Toscana,3729641,1330640,35.68,0.84
4031,2021-01-06,TOS,4519,1460,3059,4467,0,52,ITI,ITI1,9,Toscana,Toscana,3729641,1335159,35.8,0.12
4032,2021-03-11,TOS,15899,6350,9549,12395,3329,175,ITI,ITI1,9,Toscana,Toscana,3729641,1351058,36.22,0.43
4033,2021-06-19,TOS,26489,13911,12578,21382,4779,328,ITI,ITI1,9,Toscana,Toscana,3729641,1377547,36.94,0.71
4034,2021-06-09,TOS,34823,17570,17253,33944,463,416,ITI,ITI1,9,Toscana,Toscana,3729641,1412370,37.87,0.93
4035,2021-04-04,TOS,13922,6609,7313,13508,253,161,ITI,ITI1,9,Toscana,Toscana,3729641,1426292,38.24,0.37
4036,2021-03-16,TOS,4901,1884,3017,2565,2253,83,ITI,ITI1,9,Toscana,Toscana,3729641,1431193,38.37,0.13
4037,2021-02-27,TOS,1984,756,1228,1007,902,75,ITI,ITI1,9,Toscana,Toscana,3729641,1433177,38.43,0.05
4038,2021-06-28,TOS,37671,18126,19545,8437,29069,165,ITI,ITI1,9,Toscana,Toscana,3729641,1470848,39.44,1.01
4039,2021-01-20,TOS,1332,638,694,1021,248,63,ITI,ITI1,9,Toscana,Toscana,3729641,1472180,39.47,0.04
4040,2021-04-30,TOS,40209,17795,22414,19658,19901,650,ITI,ITI1,9,Toscana,Toscana,3729641,1512389,40.55,1.08
4041,2021-04-25,TOS,11059,5249,5810,8758,2141,160,ITI,ITI1,9,Toscana,Toscana,3729641,1523448,40.85,0.3
4042,2021-01-13,TOS,4062,1398,2664,3998,0,64,ITI,ITI1,9,Toscana,Toscana,3729641,1527510,40.96,0.11
4043,2021-07-22,TOS,39194,19707,19487,4468,34563,163,ITI,ITI1,9,Toscana,Toscana,3729641,1566704,42.01,1.05
4044,2021-05-26,TOS,35597,17105,18492,20126,15203,268,ITI,ITI1,9,Toscana,Toscana,3729641,1602301,42.96,0.95
4045,2021-03-30,TOS,17024,7643,9381,13268,3568,188,ITI,ITI1,9,Toscana,Toscana,3729641,1619325,43.42,0.46
4046,2021-07-08,TOS,21052,10345,10707,9252,11560,240,ITI,ITI1,9,Toscana,Toscana,3729641,1640377,43.98,0.56
4047,2021-07-17,TOS,27733,14329,13404,8962,18534,237,ITI,ITI1,9,Toscana,Toscana,3729641,1668110,44.73,0.74
4048,2021-06-11,TOS,29742,15485,14257,24733,4655,354,ITI,ITI1,9,Toscana,Toscana,3729641,1697852,45.52,0.8
4049,2021-04-15,TOS,24403,10196,14207,15303,8574,526,ITI,ITI1,9,Toscana,Toscana,3729641,1722255,46.18,0.65
4050,2021-02-17,TOS,8176,3170,5006,7305,752,119,ITI,ITI1,9,Toscana,Toscana,3729641,1730431,46.4,0.22
4051,2021-07-24,TOS,38402,19345,19057,6855,31322,225,ITI,ITI1,9,Toscana,Toscana,3729641,1768833,47.43,1.03
4052,2021-05-28,TOS,30116,13946,16170,17422,12467,227,ITI,ITI1,9,Toscana,Toscana,3729641,1798949,48.23,0.81
4053,2021-04-22,TOS,35703,15294,20409,17390,17489,824,ITI,ITI1,9,Toscana,Toscana,3729641,1834652,49.19,0.96
4054,2021-02-24,TOS,10371,4467,5904,10040,197,134,ITI,ITI1,9,Toscana,Toscana,3729641,1845023,49.47,0.28
4055,2021-06-04,TOS,28317,13434,14883,20259,7796,262,ITI,ITI1,9,Toscana,Toscana,3729641,1873340,50.23,0.76
4056,2021-04-08,TOS,29685,12558,17127,22939,6386,360,ITI,ITI1,9,Toscana,Toscana,3729641,1903025,51.02,0.8
4057,2021-07-10,TOS,29291,14175,15116,7957,21152,182,ITI,ITI1,9,Toscana,Toscana,3729641,1932316,51.81,0.79
4058,2021-05-07,TOS,32144,14705,17439,11566,20170,408,ITI,ITI1,9,Toscana,Toscana,3729641,1964460,52.67,0.86
4059,2020-12-27,TOS,620,267,353,615,0,5,ITI,ITI1,9,Toscana,Toscana,3729641,1965080,52.69,0.02
4060,2021-01-03,TOS,3336,1052,2284,3290,0,46,ITI,ITI1,9,Toscana,Toscana,3729641,1968416,52.78,0.09
4061,2021-02-15,TOS,8770,3376,5394,7775,826,169,ITI,ITI1,9,Toscana,Toscana,3729641,1977186,53.01,0.24
4062,2021-02-22,TOS,9818,4254,5564,9169,277,372,ITI,ITI1,9,Toscana,Toscana,3729641,1987004,53.28,0.26
4063,2021-04-23,TOS,25656,11422,14234,8837,16315,504,ITI,ITI1,9,Toscana,Toscana,3729641,2012660,53.96,0.69
4064,2021-03-20,TOS,6587,2978,3609,5364,1136,87,ITI,ITI1,9,Toscana,Toscana,3729641,2019247,54.14,0.18
4065,2021-01-22,TOS,2866,1064,1802,525,2338,3,ITI,ITI1,9,Toscana,Toscana,3729641,2022113,54.22,0.08
4066,2021-07-07,TOS,25631,12603,13028,9338,16109,184,ITI,ITI1,9,Toscana,Toscana,3729641,2047744,54.9,0.69
4067,2021-02-13,TOS,7786,2361,5425,7416,227,143,ITI,ITI1,9,Toscana,Toscana,3729641,2055530,55.11,0.21
4068,2021-01-08,TOS,5947,1643,4304,5854,0,93,ITI,ITI1,9,Toscana,Toscana,3729641,2061477,55.27,0.16
4069,2021-07-12,TOS,28256,13987,14269,9666,18296,294,ITI,ITI1,9,Toscana,Toscana,3729641,2089733,56.03,0.76
4070,2021-04-01,TOS,27063,11235,15828,16167,10664,232,ITI,ITI1,9,Toscana,Toscana,3729641,2116796,56.76,0.73
4071,2021-03-15,TOS,8699,3646,5053,4084,4443,172,ITI,ITI1,9,Toscana,Toscana,3729641,2125495,56.99,0.23
4072,2021-06-23,TOS,31514,15275,16239,19788,11375,351,ITI,ITI1,9,Toscana,Toscana,3729641,2157009,57.83,0.84
4073,2021-01-10,TOS,3002,1105,1897,2948,0,54,ITI,ITI1,9,Toscana,Toscana,3729641,2160011,57.91,0.08
4074,2021-04-20,TOS,18161,8110,10051,12227,5577,357,ITI,ITI1,9,Toscana,Toscana,3729641,2178172,58.4,0.49
4075,2021-04-03,TOS,15015,6646,8369,13676,1126,213,ITI,ITI1,9,Toscana,Toscana,3729641,2193187,58.8,0.4
4076,2021-01-27,TOS,4835,1573,3262,201,4629,5,ITI,ITI1,9,Toscana,Toscana,3729641,2198022,58.93,0.13
4077,2021-02-20,TOS,4640,1789,2851,3995,513,132,ITI,ITI1,9,Toscana,Toscana,3729641,2202662,59.06,0.12
4078,2021-05-31,TOS,30330,14637,15693,19261,10828,241,ITI,ITI1,9,Toscana,Toscana,3729641,2232992,59.87,0.81
4079,2021-05-14,TOS,33358,15435,17923,20019,12704,635,ITI,ITI1,9,Toscana,Toscana,3729641,2266350,60.77,0.89
4080,2021-01-01,TOS,2370,788,1582,2325,0,45,ITI,ITI1,9,Toscana,Toscana,3729641,2268720,60.83,0.06
4081,2021-04-11,TOS,3646,1681,1965,3338,155,153,ITI,ITI1,9,Toscana,Toscana,3729641,2272366,60.93,0.1
4082,2021-07-03,TOS,29386,14806,14580,11856,17156,374,ITI,ITI1,9,Toscana,Toscana,3729641,2301752,61.72,0.79
4083,2021-03-06,TOS,7110,2852,4258,2832,4196,82,ITI,ITI1,9,Toscana,Toscana,3729641,2308862,61.91,0.19
4084,2021-02-03,TOS,4222,1452,2770,237,3981,4,ITI,ITI1,9,Toscana,Toscana,3729641,2313084,62.02,0.11
4085,2021-01-15,TOS,3879,1348,2531,3819,0,60,ITI,ITI1,9,Toscana,Toscana,3729641,2316963,62.12,0.1
4086,2021-02-05,TOS,5750,2245,3505,1890,3826,34,ITI,ITI1,9,Toscana,Toscana,3729641,2322713,62.28,0.15
4087,2021-05-16,TOS,26676,12886,13790,23889,2467,320,ITI,ITI1,9,Toscana,Toscana,3729641,2349389,62.99,0.72
4088,2021-05-11,TOS,27948,12984,14964,12109,15471,368,ITI,ITI1,9,Toscana,Toscana,3729641,2377337,63.74,0.75
4089,2021-03-13,TOS,9288,3310,5978,5172,3964,152,ITI,ITI1,9,Toscana,Toscana,3729641,2386625,63.99,0.25
4090,2021-07-14,TOS,28792,14217,14575,8571,19977,244,ITI,ITI1,9,Toscana,Toscana,3729641,2415417,64.76,0.77
4091,2021-01-29,TOS,6144,1700,4444,292,5840,12,ITI,ITI1,9,Toscana,Toscana,3729641,2421561,64.93,0.16
4092,2021-05-09,TOS,22535,9769,12766,9421,12860,254,ITI,ITI1,9,Toscana,Toscana,3729641,2444096,65.53,0.6
4093,2021-06-07,TOS,34942,17141,17801,30965,3646,331,ITI,ITI1,9,Toscana,Toscana,3729641,2479038,66.47,0.94
4094,2021-05-21,TOS,28921,13478,15443,17202,11444,275,ITI,ITI1,9,Toscana,Toscana,3729641,2507959,67.24,0.78
4095,2021-03-01,TOS,4474,1734,2740,767,3641,66,ITI,ITI1,9,Toscana,Toscana,3729641,2512433,67.36,0.12
4096,2021-05-23,TOS,28421,13663,14758,25569,2560,292,ITI,ITI1,9,Toscana,Toscana,3729641,2540854,68.13,0.76
4097,2021-07-26,TOS,37652,19508,18144,9848,27512,292,ITI,ITI1,9,Toscana,Toscana,3729641,2578506,69.14,1.01
4098,2021-02-10,TOS,4263,1281,2982,3584,523,156,ITI,ITI1,9,Toscana,Toscana,3729641,2582769,69.25,0.11
4099,2021-05-04,TOS,18317,8217,10100,12429,5454,434,ITI,ITI1,9,Toscana,Toscana,3729641,2601086,69.74,0.49
4100,2021-03-03,TOS,18228,6539,11689,14498,3606,124,ITI,ITI1,9,Toscana,Toscana,3729641,2619314,70.23,0.49
4101,2021-01-05,TOS,5249,1755,3494,5193,0,56,ITI,ITI1,9,Toscana,Toscana,3729641,2624563,70.37,0.14
4102,2021-01-19,TOS,1106,533,573,1064,0,42,ITI,ITI1,9,Toscana,Toscana,3729641,2625669,70.4,0.03
4103,2021-01-12,TOS,3581,1398,2183,3508,0,73,ITI,ITI1,9,Toscana,Toscana,3729641,2629250,70.5,0.1
4104,2021-03-17,TOS,11423,4588,6835,6801,4529,93,ITI,ITI1,9,Toscana,Toscana,3729641,2640673,70.8,0.31
4105,2021-06-25,TOS,33606,16794,16812,12110,21221,275,ITI,ITI1,9,Toscana,Toscana,3729641,2674279,71.7,0.9
4106,2021-06-08,TOS,32591,16717,15874,31746,488,357,ITI,ITI1,9,Toscana,Toscana,3729641,2706870,72.58,0.87
4107,2021-02-26,TOS,10081,3834,6247,8660,1206,215,ITI,ITI1,9,Toscana,Toscana,3729641,2716951,72.85,0.27
4108,2021-06-06,TOS,28309,13656,14653,22587,5363,359,ITI,ITI1,9,Toscana,Toscana,3729641,2745260,73.61,0.76
4109,2021-05-08,TOS,29151,13113,16038,13287,15473,391,ITI,ITI1,9,Toscana,Toscana,3729641,2774411,74.39,0.78
4110,2021-03-12,TOS,16980,6618,10362,13270,3528,182,ITI,ITI1,9,Toscana,Toscana,3729641,2791391,74.84,0.46
4111,2021-01-14,TOS,3255,1179,2076,3220,0,35,ITI,ITI1,9,Toscana,Toscana,3729641,2794646,74.93,0.09
4112,2021-06-20,TOS,25175,12485,12690,15420,9517,238,ITI,ITI1,9,Toscana,Toscana,3729641,2819821,75.61,0.67
4113,2021-04-24,TOS,13435,6168,7267,5620,7447,368,ITI,ITI1,9,Toscana,Toscana,3729641,2833256,75.97,0.36
4114,2021-07-16,TOS,27653,14033,13620,7709,19701,243,ITI,ITI1,9,Toscana,Toscana,3729641,2860909,76.71,0.74
4115,2021-05-20,TOS,29762,13912,15850,18610,10841,311,ITI,ITI1,9,Toscana,Toscana,3729641,2890671,77.51,0.8
4116,2021-01-31,TOS,3051,1130,1921,103,2945,3,ITI,ITI1,9,Toscana,Toscana,3729641,2893722,77.59,0.08
4117,2021-04-05,TOS,15286,6826,8460,14377,737,172,ITI,ITI1,9,Toscana,Toscana,3729641,2909008,78.0,0.41
4118,2021-02-07,TOS,2808,954,1854,867,1921,20,ITI,ITI1,9,Toscana,Toscana,3729641,2911816,78.07,0.08
4119,2021-02-12,TOS,7618,2694,4924,7296,213,109,ITI,ITI1,9,Toscana,Toscana,3729641,2919434,78.28,0.2
4120,2021-03-27,TOS,8863,4154,4709,8514,215,134,ITI,ITI1,9,Toscana,Toscana,3729641,2928297,78.51,0.24
4121,2021-06-30,TOS,38251,18505,19746,8453,29585,213,ITI,ITI1,9,Toscana,Toscana,3729641,2966548,79.54,1.03
4122,2021-02-14,TOS,9000,2569,6431,8740,110,150,ITI,ITI1,9,Toscana,Toscana,3729641,2975548,79.78,0.24
4123,2021-05-25,TOS,34183,16502,17681,19269,14630,284,ITI,ITI1,9,Toscana,Toscana,3729641,3009731,80.7,0.92
4124,2021-03-29,TOS,9675,4832,4843,9219,325,131,ITI,ITI1,9,Toscana,Toscana,3729641,3019406,80.96,0.26
4125,2021-06-18,TOS,30788,16248,14540,24991,5401,396,ITI,ITI1,9,Toscana,Toscana,3729641,3050194,81.78,0.83
4126,2021-03-25,TOS,23901,10378,13523,15298,8355,248,ITI,ITI1,9,Toscana,Toscana,3729641,3074095,82.42,0.64
4127,2021-04-12,TOS,2623,1191,1432,1802,654,167,ITI,ITI1,9,Toscana,Toscana,3729641,3076718,82.49,0.07
4128,2021-07-21,TOS,38419,19603,18816,7316,30873,230,ITI,ITI1,9,Toscana,Toscana,3729641,3115137,83.52,1.03
4129,2021-05-13,TOS,35121,15522,19599,13201,21280,640,ITI,ITI1,9,Toscana,Toscana,3729641,3150258,84.47,0.94
4130,2021-06-27,TOS,33295,16072,17223,5922,27245,128,ITI,ITI1,9,Toscana,Toscana,3729641,3183553,85.36,0.89
4131,2021-05-01,TOS,23315,10062,13253,13716,9189,410,ITI,ITI1,9,Toscana,Toscana,3729641,3206868,85.98,0.63
4132,2021-03-05,TOS,16878,6689,10189,11947,4755,176,ITI,ITI1,9,Toscana,Toscana,3729641,3223746,86.44,0.45
4133,2021-06-13,TOS,24611,12349,12262,22605,1658,348,ITI,ITI1,9,Toscana,Toscana,3729641,3248357,87.1,0.66
4134,2021-07-23,TOS,38289,19216,19073,4357,33782,150,ITI,ITI1,9,Toscana,Toscana,3729641,3286646,88.12,1.03
4135,2021-05-18,TOS,28835,14273,14562,19738,8825,272,ITI,ITI1,9,Toscana,Toscana,3729641,3315481,88.9,0.77
4136,2021-04-29,TOS,39317,17711,21606,18574,20086,657,ITI,ITI1,9,Toscana,Toscana,3729641,3354798,89.95,1.05
4137,2021-03-24,TOS,20018,8304,11714,10419,9458,141,ITI,ITI1,9,Toscana,Toscana,3729641,3374816,90.49,0.54
4138,2021-02-21,TOS,5105,2089,3016,4730,170,205,ITI,ITI1,9,Toscana,Toscana,3729641,3379921,90.62,0.14
4139,2021-06-01,TOS,26950,13394,13556,22869,3836,245,ITI,ITI1,9,Toscana,Toscana,3729641,3406871,91.35,0.72
4140,2021-07-02,TOS,28199,14143,14056,10809,17111,279,ITI,ITI1,9,Toscana,Toscana,3729641,3435070,92.1,0.76
4141,2021-05-27,TOS,28354,13197,15157,13270,14861,223,ITI,ITI1,9,Toscana,Toscana,3729641,3463424,92.86,0.76
4142,2021-01-26,TOS,5393,1792,3601,216,5173,4,ITI,ITI1,9,Toscana,Toscana,3729641,3468817,93.01,0.14
4143,2021-05-06,TOS,31346,13635,17711,13480,17186,680,ITI,ITI1,9,Toscana,Toscana,3729641,3500163,93.85,0.84
4144,2021-04-19,TOS,9098,4511,4587,7756,1032,310,ITI,ITI1,9,Toscana,Toscana,3729641,3509261,94.09,0.24
4145,2021-04-17,TOS,20539,9209,11330,17922,2137,480,ITI,ITI1,9,Toscana,Toscana,3729641,3529800,94.64,0.55
4146,2021-01-24,TOS,3350,1073,2277,198,3149,3,ITI,ITI1,9,Toscana,Toscana,3729641,3533150,94.73,0.09
4147,2021-01-07,TOS,6018,1751,4267,5932,0,86,ITI,ITI1,9,Toscana,Toscana,3729641,3539168,94.89,0.16
4148,2021-06-15,TOS,31193,16059,15134,26290,4570,333,ITI,ITI1,9,Toscana,Toscana,3729641,3570361,95.73,0.84
4149,2021-03-10,TOS,18378,7412,10966,14255,4018,105,ITI,ITI1,9,Toscana,Toscana,3729641,3588739,96.22,0.49
4150,2021-02-02,TOS,3742,1475,2267,189,3546,7,ITI,ITI1,9,Toscana,Toscana,3729641,3592481,96.32,0.1
4151,2021-03-31,TOS,32718,13258,19460,20224,12168,326,ITI,ITI1,9,Toscana,Toscana,3729641,3625199,97.2,0.88
4152,2021-07-09,TOS,29109,14098,15011,7707,21210,192,ITI,ITI1,9,Toscana,Toscana,3729641,3654308,97.98,0.78
4153,2021-03-22,TOS,5254,2766,2488,4679,446,129,ITI,ITI1,9,Toscana,Toscana,3729641,3659562,98.12,0.14
4154,2020-12-30,TOS,327,104,223,326,0,1,ITI,ITI1,9,Toscana,Toscana,3729641,3659889,98.13,0.01
4155,2021-05-12,TOS,34204,15576,18628,13581,20036,587,ITI,ITI1,9,Toscana,Toscana,3729641,3694093,99.05,0.92
4156,2021-01-18,TOS,1120,637,483,972,98,50,ITI,ITI1,9,Toscana,Toscana,3729641,3695213,99.08,0.03
4157,2021-02-01,TOS,5509,1958,3551,511,4988,10,ITI,ITI1,9,Toscana,Toscana,3729641,3700722,99.22,0.15
4158,2021-04-27,TOS,10356,4917,5439,3666,6489,201,ITI,ITI1,9,Toscana,Toscana,3729641,3711078,99.5,0.28
4159,2021-07-19,TOS,37986,18935,19051,8838,28884,264,ITI,ITI1,9,Toscana,Toscana,3729641,3749064,100.52,1.02
4160,2021-01-17,TOS,2536,871,1665,1987,514,35,ITI,ITI1,9,Toscana,Toscana,3729641,3751600,100.59,0.07
4161,2021-07-05,TOS,30506,15079,15427,10341,19937,228,ITI,ITI1,9,Toscana,Toscana,3729641,3782106,101.41,0.82
4162,2021-03-08,TOS,6708,2946,3762,1844,4820,44,ITI,ITI1,9,Toscana,Toscana,3729641,3788814,101.59,0.18
4163,2021-06-16,TOS,31754,16257,15497,26260,5178,316,ITI,ITI1,9,Toscana,Toscana,3729641,3820568,102.44,0.85
4164,2021-05-30,TOS,28687,13947,14740,21498,6947,242,ITI,ITI1,9,Toscana,Toscana,3729641,3849255,103.21,0.77
4165,2021-07-04,TOS,31510,15296,16214,9366,21857,287,ITI,ITI1,9,Toscana,Toscana,3729641,3880765,104.05,0.84
4166,2020-12-31,TOS,802,201,601,798,0,4,ITI,ITI1,9,Toscana,Toscana,3729641,3881567,104.07,0.02
4167,2021-04-10,TOS,11738,5359,6379,10762,743,233,ITI,ITI1,9,Toscana,Toscana,3729641,3893305,104.39,0.31
4168,2021-02-19,TOS,8292,2952,5340,7602,513,177,ITI,ITI1,9,Toscana,Toscana,3729641,3901597,104.61,0.22
4169,2021-05-31,SIC,38080,17145,20935,21271,16512,297,ITG,ITG1,19,Sicilia,Sicilia,4999891,38080,0.76,0.76
4170,2021-03-02,SIC,14755,6369,8386,11865,2777,113,ITG,ITG1,19,Sicilia,Sicilia,4999891,52835,1.06,0.3
4171,2021-01-04,SIC,8440,4218,4222,8395,0,45,ITG,ITG1,19,Sicilia,Sicilia,4999891,61275,1.23,0.17
4172,2021-01-18,SIC,1597,654,943,1431,155,11,ITG,ITG1,19,Sicilia,Sicilia,4999891,62872,1.26,0.03
4173,2021-04-28,SIC,29271,13715,15556,19732,9155,384,ITG,ITG1,19,Sicilia,Sicilia,4999891,92143,1.84,0.59
4174,2021-02-13,SIC,2978,1123,1855,2687,255,36,ITG,ITG1,19,Sicilia,Sicilia,4999891,95121,1.9,0.06
4175,2021-05-24,SIC,35870,17435,18435,15590,20047,233,ITG,ITG1,19,Sicilia,Sicilia,4999891,130991,2.62,0.72
4176,2021-05-17,SIC,31902,15397,16505,18998,12618,286,ITG,ITG1,19,Sicilia,Sicilia,4999891,162893,3.26,0.64
4177,2021-03-21,SIC,15217,7340,7877,11180,3969,68,ITG,ITG1,19,Sicilia,Sicilia,4999891,178110,3.56,0.3
4178,2021-06-19,SIC,44272,21048,23224,18759,25195,318,ITG,ITG1,19,Sicilia,Sicilia,4999891,222382,4.45,0.89
4179,2021-04-23,SIC,28567,13696,14871,22364,5836,367,ITG,ITG1,19,Sicilia,Sicilia,4999891,250949,5.02,0.57
4180,2021-06-26,SIC,37254,17774,19480,16356,20600,298,ITG,ITG1,19,Sicilia,Sicilia,4999891,288203,5.76,0.75
4181,2021-04-30,SIC,35021,16344,18677,23537,11033,451,ITG,ITG1,19,Sicilia,Sicilia,4999891,323224,6.46,0.7
4182,2021-02-25,SIC,9941,5204,4737,8691,1164,86,ITG,ITG1,19,Sicilia,Sicilia,4999891,333165,6.66,0.2
4183,2021-06-05,SIC,59940,28512,31428,48734,10587,619,ITG,ITG1,19,Sicilia,Sicilia,4999891,393105,7.86,1.2
4184,2021-03-14,SIC,8773,3927,4846,4886,3836,51,ITG,ITG1,19,Sicilia,Sicilia,4999891,401878,8.04,0.18
4185,2021-02-11,SIC,5236,2059,3177,4656,463,117,ITG,ITG1,19,Sicilia,Sicilia,4999891,407114,8.14,0.1
4186,2021-01-30,SIC,7696,3536,4160,162,7532,2,ITG,ITG1,19,Sicilia,Sicilia,4999891,414810,8.3,0.15
4187,2021-03-28,SIC,10977,5146,5831,6903,4011,63,ITG,ITG1,19,Sicilia,Sicilia,4999891,425787,8.52,0.22
4188,2021-07-15,SIC,48333,22440,25893,7990,40082,261,ITG,ITG1,19,Sicilia,Sicilia,4999891,474120,9.48,0.97
4189,2021-04-04,SIC,6805,3322,3483,5451,1292,62,ITG,ITG1,19,Sicilia,Sicilia,4999891,480925,9.62,0.14
4190,2021-04-11,SIC,15370,7590,7780,8234,7033,103,ITG,ITG1,19,Sicilia,Sicilia,4999891,496295,9.93,0.31
4191,2021-07-20,SIC,48431,23585,24846,12784,35298,349,ITG,ITG1,19,Sicilia,Sicilia,4999891,544726,10.89,0.97
4192,2020-12-30,SIC,185,109,76,184,0,1,ITG,ITG1,19,Sicilia,Sicilia,4999891,544911,10.9,0.0
4193,2021-01-16,SIC,2716,1211,1505,2695,0,21,ITG,ITG1,19,Sicilia,Sicilia,4999891,547627,10.95,0.05
4194,2021-07-01,SIC,30956,14060,16896,10720,19981,255,ITG,ITG1,19,Sicilia,Sicilia,4999891,578583,11.57,0.62
4195,2021-04-09,SIC,20271,9876,10395,10945,9077,249,ITG,ITG1,19,Sicilia,Sicilia,4999891,598854,11.98,0.41
4196,2021-03-23,SIC,20943,10080,10863,15224,5564,155,ITG,ITG1,19,Sicilia,Sicilia,4999891,619797,12.4,0.42
4197,2021-06-24,SIC,42274,19625,22649,17573,24347,354,ITG,ITG1,19,Sicilia,Sicilia,4999891,662071,13.24,0.85
4198,2021-06-07,SIC,49687,23412,26275,41115,8043,529,ITG,ITG1,19,Sicilia,Sicilia,4999891,711758,14.24,0.99
4199,2021-01-25,SIC,7435,3680,3755,278,7150,7,ITG,ITG1,19,Sicilia,Sicilia,4999891,719193,14.38,0.15
4200,2021-05-05,SIC,26312,12192,14120,16256,9629,427,ITG,ITG1,19,Sicilia,Sicilia,4999891,745505,14.91,0.53
4201,2021-05-19,SIC,42856,20760,22096,28187,14303,366,ITG,ITG1,19,Sicilia,Sicilia,4999891,788361,15.77,0.86
4202,2021-02-23,SIC,8746,4635,4111,8199,466,81,ITG,ITG1,19,Sicilia,Sicilia,4999891,797107,15.94,0.17
4203,2021-03-09,SIC,13156,5764,7392,10831,2200,125,ITG,ITG1,19,Sicilia,Sicilia,4999891,810263,16.21,0.26
4204,2021-01-11,SIC,5829,2573,3256,5771,0,58,ITG,ITG1,19,Sicilia,Sicilia,4999891,816092,16.32,0.12
4205,2021-02-18,SIC,5332,3139,2193,4837,430,65,ITG,ITG1,19,Sicilia,Sicilia,4999891,821424,16.43,0.11
4206,2021-05-12,SIC,36826,17365,19461,21391,14915,520,ITG,ITG1,19,Sicilia,Sicilia,4999891,858250,17.17,0.74
4207,2021-07-17,SIC,49323,24290,25033,9334,39692,297,ITG,ITG1,19,Sicilia,Sicilia,4999891,907573,18.15,0.99
4208,2021-04-08,SIC,18052,8884,9168,8767,9129,156,ITG,ITG1,19,Sicilia,Sicilia,4999891,925625,18.51,0.36
4209,2021-02-06,SIC,4700,2099,2601,1445,3234,21,ITG,ITG1,19,Sicilia,Sicilia,4999891,930325,18.61,0.09
4210,2021-02-04,SIC,6755,3077,3678,1423,5303,29,ITG,ITG1,19,Sicilia,Sicilia,4999891,937080,18.74,0.14
4211,2021-01-01,SIC,820,439,381,816,0,4,ITG,ITG1,19,Sicilia,Sicilia,4999891,937900,18.76,0.02
4212,2021-04-20,SIC,18993,9003,9990,13455,5248,290,ITG,ITG1,19,Sicilia,Sicilia,4999891,956893,19.14,0.38
4213,2021-03-04,SIC,15230,6690,8540,10985,4119,126,ITG,ITG1,19,Sicilia,Sicilia,4999891,972123,19.44,0.3
4214,2021-06-12,SIC,45780,22395,23385,39368,5888,524,ITG,ITG1,19,Sicilia,Sicilia,4999891,1017903,20.36,0.92
4215,2021-05-07,SIC,36561,17261,19300,24619,11614,328,ITG,ITG1,19,Sicilia,Sicilia,4999891,1054464,21.09,0.73
4216,2021-03-11,SIC,15436,6700,8736,12878,2418,140,ITG,ITG1,19,Sicilia,Sicilia,4999891,1069900,21.4,0.31
4217,2021-01-27,SIC,7291,3713,3578,175,7115,1,ITG,ITG1,19,Sicilia,Sicilia,4999891,1077191,21.54,0.15
4218,2021-01-13,SIC,5180,2440,2740,5146,0,34,ITG,ITG1,19,Sicilia,Sicilia,4999891,1082371,21.65,0.1
4219,2021-04-16,SIC,28847,14491,14356,20251,8293,303,ITG,ITG1,19,Sicilia,Sicilia,4999891,1111218,22.22,0.58
4220,2021-01-23,SIC,4448,2290,2158,192,4246,10,ITG,ITG1,19,Sicilia,Sicilia,4999891,1115666,22.31,0.09
4221,2021-01-06,SIC,6247,3289,2958,6187,0,60,ITG,ITG1,19,Sicilia,Sicilia,4999891,1121913,22.44,0.12
4222,2021-04-02,SIC,13884,6547,7337,9043,4735,106,ITG,ITG1,19,Sicilia,Sicilia,4999891,1135797,22.72,0.28
4223,2021-02-10,SIC,4354,1776,2578,3889,381,84,ITG,ITG1,19,Sicilia,Sicilia,4999891,1140151,22.8,0.09
4224,2021-05-21,SIC,48675,23063,25612,26661,21592,422,ITG,ITG1,19,Sicilia,Sicilia,4999891,1188826,23.78,0.97
4225,2021-03-16,SIC,9621,4322,5299,3556,5997,68,ITG,ITG1,19,Sicilia,Sicilia,4999891,1198447,23.97,0.19
4226,2021-07-08,SIC,38351,17472,20879,6531,31603,217,ITG,ITG1,19,Sicilia,Sicilia,4999891,1236798,24.74,0.77
4227,2021-02-27,SIC,12235,5501,6734,10935,1204,96,ITG,ITG1,19,Sicilia,Sicilia,4999891,1249033,24.98,0.24
4228,2021-07-12,SIC,48940,22558,26382,6448,42297,195,ITG,ITG1,19,Sicilia,Sicilia,4999891,1297973,25.96,0.98
4229,2021-02-08,SIC,3886,1681,2205,2080,1757,49,ITG,ITG1,19,Sicilia,Sicilia,4999891,1301859,26.04,0.08
4230,2020-12-28,SIC,218,132,86,217,0,1,ITG,ITG1,19,Sicilia,Sicilia,4999891,1302077,26.04,0.0
4231,2021-07-13,SIC,46054,21145,24909,6893,38947,214,ITG,ITG1,19,Sicilia,Sicilia,4999891,1348131,26.96,0.92
4232,2021-06-04,SIC,57851,26762,31089,45406,11945,500,ITG,ITG1,19,Sicilia,Sicilia,4999891,1405982,28.12,1.16
4233,2021-05-16,SIC,33697,16436,17261,21890,11514,293,ITG,ITG1,19,Sicilia,Sicilia,4999891,1439679,28.79,0.67
4234,2021-05-02,SIC,24604,11428,13176,17706,6601,297,ITG,ITG1,19,Sicilia,Sicilia,4999891,1464283,29.29,0.49
4235,2021-03-20,SIC,18589,8979,9610,13364,5138,87,ITG,ITG1,19,Sicilia,Sicilia,4999891,1482872,29.66,0.37
4236,2021-06-28,SIC,31900,14854,17046,14881,16728,291,ITG,ITG1,19,Sicilia,Sicilia,4999891,1514772,30.3,0.64
4237,2021-07-24,SIC,40782,21224,19558,16811,23670,301,ITG,ITG1,19,Sicilia,Sicilia,4999891,1555554,31.11,0.82
4238,2021-02-15,SIC,3730,1733,1997,3092,564,74,ITG,ITG1,19,Sicilia,Sicilia,4999891,1559284,31.19,0.07
4239,2021-07-22,SIC,40625,19969,20656,11234,29105,286,ITG,ITG1,19,Sicilia,Sicilia,4999891,1599909,32.0,0.81
4240,2021-05-26,SIC,44690,21016,23674,23895,20452,343,ITG,ITG1,19,Sicilia,Sicilia,4999891,1644599,32.89,0.89
4241,2021-01-03,SIC,4792,2503,2289,4762,0,30,ITG,ITG1,19,Sicilia,Sicilia,4999891,1649391,32.99,0.1
4242,2021-02-20,SIC,7139,3692,3447,6801,241,97,ITG,ITG1,19,Sicilia,Sicilia,4999891,1656530,33.13,0.14
4243,2021-02-03,SIC,5924,2781,3143,713,5203,8,ITG,ITG1,19,Sicilia,Sicilia,4999891,1662454,33.25,0.12
4244,2021-04-27,SIC,26417,12669,13748,15170,10922,325,ITG,ITG1,19,Sicilia,Sicilia,4999891,1688871,33.78,0.53
4245,2021-05-14,SIC,52181,24465,27716,35761,15668,752,ITG,ITG1,19,Sicilia,Sicilia,4999891,1741052,34.82,1.04
4246,2021-04-06,SIC,17742,8478,9264,13259,4283,200,ITG,ITG1,19,Sicilia,Sicilia,4999891,1758794,35.18,0.35
4247,2021-02-22,SIC,7946,4132,3814,7375,493,78,ITG,ITG1,19,Sicilia,Sicilia,4999891,1766740,35.34,0.16
4248,2020-12-27,SIC,92,55,37,91,0,1,ITG,ITG1,19,Sicilia,Sicilia,4999891,1766832,35.34,0.0
4249,2021-06-02,SIC,35279,16298,18981,27107,7778,394,ITG,ITG1,19,Sicilia,Sicilia,4999891,1802111,36.04,0.71
4250,2021-03-01,SIC,12764,6072,6692,10982,1657,125,ITG,ITG1,19,Sicilia,Sicilia,4999891,1814875,36.3,0.26
4251,2021-06-09,SIC,49781,23679,26102,41919,7254,608,ITG,ITG1,19,Sicilia,Sicilia,4999891,1864656,37.29,1.0
4252,2021-01-20,SIC,961,510,451,689,269,3,ITG,ITG1,19,Sicilia,Sicilia,4999891,1865617,37.31,0.02
4253,2021-03-18,SIC,15366,7717,7649,9744,5572,50,ITG,ITG1,19,Sicilia,Sicilia,4999891,1880983,37.62,0.31
4254,2021-07-05,SIC,37509,17605,19904,8916,28361,232,ITG,ITG1,19,Sicilia,Sicilia,4999891,1918492,38.37,0.75
4255,2021-06-21,SIC,40263,18644,21619,18443,21494,326,ITG,ITG1,19,Sicilia,Sicilia,4999891,1958755,39.18,0.81
4256,2021-05-09,SIC,28412,13308,15104,19778,8287,347,ITG,ITG1,19,Sicilia,Sicilia,4999891,1987167,39.74,0.57
4257,2021-02-05,SIC,6742,2980,3762,2089,4615,38,ITG,ITG1,19,Sicilia,Sicilia,4999891,1993909,39.88,0.13
4258,2021-04-03,SIC,16414,7816,8598,13421,2836,157,ITG,ITG1,19,Sicilia,Sicilia,4999891,2010323,40.21,0.33
4259,2021-03-27,SIC,15655,7378,8277,10683,4852,120,ITG,ITG1,19,Sicilia,Sicilia,4999891,2025978,40.52,0.31
4260,2021-01-29,SIC,9183,4256,4927,412,8759,12,ITG,ITG1,19,Sicilia,Sicilia,4999891,2035161,40.7,0.18
4261,2021-06-16,SIC,40396,18784,21612,21238,18802,356,ITG,ITG1,19,Sicilia,Sicilia,4999891,2075557,41.51,0.81
4262,2021-03-25,SIC,20457,9527,10930,14744,5543,170,ITG,ITG1,19,Sicilia,Sicilia,4999891,2096014,41.92,0.41
4263,2021-07-03,SIC,33912,16299,17613,9035,24638,239,ITG,ITG1,19,Sicilia,Sicilia,4999891,2129926,42.6,0.68
4264,2021-03-06,SIC,12640,5058,7582,9761,2782,97,ITG,ITG1,19,Sicilia,Sicilia,4999891,2142566,42.85,0.25
4265,2021-06-14,SIC,43483,20652,22831,28165,14893,425,ITG,ITG1,19,Sicilia,Sicilia,4999891,2186049,43.72,0.87
4266,2021-05-28,SIC,51240,22974,28266,24306,26519,415,ITG,ITG1,19,Sicilia,Sicilia,4999891,2237289,44.75,1.02
4267,2021-02-07,SIC,2322,982,1340,665,1648,9,ITG,ITG1,19,Sicilia,Sicilia,4999891,2239611,44.79,0.05
4268,2021-07-14,SIC,47487,21995,25492,7926,39303,258,ITG,ITG1,19,Sicilia,Sicilia,4999891,2287098,45.74,0.95
4269,2021-05-18,SIC,36114,17386,18728,23244,12474,396,ITG,ITG1,19,Sicilia,Sicilia,4999891,2323212,46.47,0.72
4270,2021-07-21,SIC,42936,20967,21969,10628,31999,309,ITG,ITG1,19,Sicilia,Sicilia,4999891,2366148,47.32,0.86
4271,2021-07-07,SIC,35435,16210,19225,6059,29140,236,ITG,ITG1,19,Sicilia,Sicilia,4999891,2401583,48.03,0.71
4272,2021-05-25,SIC,33545,15422,18123,13940,19348,257,ITG,ITG1,19,Sicilia,Sicilia,4999891,2435128,48.7,0.67
4273,2021-03-29,SIC,15034,7076,7958,10399,4498,137,ITG,ITG1,19,Sicilia,Sicilia,4999891,2450162,49.0,0.3
4274,2021-06-01,SIC,38982,17720,21262,24595,14037,350,ITG,ITG1,19,Sicilia,Sicilia,4999891,2489144,49.78,0.78
4275,2021-04-05,SIC,8015,3954,4061,6511,1440,64,ITG,ITG1,19,Sicilia,Sicilia,4999891,2497159,49.94,0.16
4276,2021-01-19,SIC,1509,666,843,1264,231,14,ITG,ITG1,19,Sicilia,Sicilia,4999891,2498668,49.97,0.03
4277,2021-06-11,SIC,49922,23815,26107,41564,7702,656,ITG,ITG1,19,Sicilia,Sicilia,4999891,2548590,50.97,1.0
4278,2021-04-29,SIC,31797,14833,16964,21802,9555,440,ITG,ITG1,19,Sicilia,Sicilia,4999891,2580387,51.61,0.64
4279,2021-02-19,SIC,4980,2695,2285,4333,564,83,ITG,ITG1,19,Sicilia,Sicilia,4999891,2585367,51.71,0.1
4280,2021-03-08,SIC,13494,5953,7541,10766,2613,115,ITG,ITG1,19,Sicilia,Sicilia,4999891,2598861,51.98,0.27
4281,2021-05-30,SIC,35769,16173,19596,17424,18048,297,ITG,ITG1,19,Sicilia,Sicilia,4999891,2634630,52.69,0.72
4282,2021-05-13,SIC,47453,22250,25203,30296,16537,620,ITG,ITG1,19,Sicilia,Sicilia,4999891,2682083,53.64,0.95
4283,2021-01-31,SIC,4034,1928,2106,110,3922,2,ITG,ITG1,19,Sicilia,Sicilia,4999891,2686117,53.72,0.08
4284,2021-05-11,SIC,32677,15499,17178,19695,12489,493,ITG,ITG1,19,Sicilia,Sicilia,4999891,2718794,54.38,0.65
4285,2021-02-17,SIC,5217,3203,2014,4501,670,46,ITG,ITG1,19,Sicilia,Sicilia,4999891,2724011,54.48,0.1
4286,2021-04-24,SIC,31139,14695,16444,23120,7630,389,ITG,ITG1,19,Sicilia,Sicilia,4999891,2755150,55.1,0.62
4287,2021-01-22,SIC,1287,641,646,261,1024,2,ITG,ITG1,19,Sicilia,Sicilia,4999891,2756437,55.13,0.03
4288,2021-01-08,SIC,8125,3786,4339,8036,0,89,ITG,ITG1,19,Sicilia,Sicilia,4999891,2764562,55.29,0.16
4289,2021-04-18,SIC,19824,9914,9910,15284,4360,180,ITG,ITG1,19,Sicilia,Sicilia,4999891,2784386,55.69,0.4
4290,2021-03-30,SIC,14562,6762,7800,9701,4766,95,ITG,ITG1,19,Sicilia,Sicilia,4999891,2798948,55.98,0.29
4291,2021-03-13,SIC,12212,5387,6825,7628,4493,91,ITG,ITG1,19,Sicilia,Sicilia,4999891,2811160,56.22,0.24
4292,2021-04-17,SIC,26000,13151,12849,18671,7064,265,ITG,ITG1,19,Sicilia,Sicilia,4999891,2837160,56.74,0.52
4293,2021-07-26,SIC,44055,21966,22089,16505,27193,357,ITG,ITG1,19,Sicilia,Sicilia,4999891,2881215,57.63,0.88
4294,2021-03-17,SIC,15059,7447,7612,9089,5846,124,ITG,ITG1,19,Sicilia,Sicilia,4999891,2896274,57.93,0.3
4295,2021-06-25,SIC,39764,18666,21098,17368,22064,332,ITG,ITG1,19,Sicilia,Sicilia,4999891,2936038,58.72,0.8
4296,2021-07-09,SIC,44744,20618,24126,6405,38165,174,ITG,ITG1,19,Sicilia,Sicilia,4999891,2980782,59.62,0.89
4297,2021-04-13,SIC,20239,9865,10374,11241,8835,163,ITG,ITG1,19,Sicilia,Sicilia,4999891,3001021,60.02,0.4
4298,2021-01-10,SIC,3536,1580,1956,3515,0,21,ITG,ITG1,19,Sicilia,Sicilia,4999891,3004557,60.09,0.07
4299,2021-01-05,SIC,10359,5091,5268,10283,0,76,ITG,ITG1,19,Sicilia,Sicilia,4999891,3014916,60.3,0.21
4300,2021-04-15,SIC,21552,10482,11070,12004,9341,207,ITG,ITG1,19,Sicilia,Sicilia,4999891,3036468,60.73,0.43
4301,2021-06-20,SIC,33440,15830,17610,15147,18034,259,ITG,ITG1,19,Sicilia,Sicilia,4999891,3069908,61.4,0.67
4302,2021-04-22,SIC,26735,12628,14107,19879,6458,398,ITG,ITG1,19,Sicilia,Sicilia,4999891,3096643,61.93,0.53
4303,2021-03-10,SIC,13928,6121,7807,11614,2183,131,ITG,ITG1,19,Sicilia,Sicilia,4999891,3110571,62.21,0.28
4304,2021-01-12,SIC,4328,2122,2206,4284,0,44,ITG,ITG1,19,Sicilia,Sicilia,4999891,3114899,62.3,0.09
4305,2021-06-18,SIC,43573,20139,23434,18843,24361,369,ITG,ITG1,19,Sicilia,Sicilia,4999891,3158472,63.17,0.87
4306,2021-06-27,SIC,25304,12200,13104,12102,12976,226,ITG,ITG1,19,Sicilia,Sicilia,4999891,3183776,63.68,0.51
4307,2021-01-15,SIC,5253,2294,2959,5186,0,67,ITG,ITG1,19,Sicilia,Sicilia,4999891,3189029,63.78,0.11
4308,2021-04-25,SIC,21396,10206,11190,16154,5015,227,ITG,ITG1,19,Sicilia,Sicilia,4999891,3210425,64.21,0.43
4309,2021-02-01,SIC,5907,2627,3280,304,5590,13,ITG,ITG1,19,Sicilia,Sicilia,4999891,3216332,64.33,0.12
4310,2021-03-22,SIC,16679,7915,8764,11164,5424,91,ITG,ITG1,19,Sicilia,Sicilia,4999891,3233011,64.66,0.33
4311,2021-06-30,SIC,32550,15005,17545,11398,20835,317,ITG,ITG1,19,Sicilia,Sicilia,4999891,3265561,65.31,0.65
4312,2020-12-29,SIC,243,152,91,243,0,0,ITG,ITG1,19,Sicilia,Sicilia,4999891,3265804,65.32,0.0
4313,2021-06-13,SIC,34547,17165,17382,30608,3504,435,ITG,ITG1,19,Sicilia,Sicilia,4999891,3300351,66.01,0.69
4314,2021-04-10,SIC,20434,9971,10463,11313,8964,157,ITG,ITG1,19,Sicilia,Sicilia,4999891,3320785,66.42,0.41
4315,2021-01-17,SIC,1309,596,713,1237,63,9,ITG,ITG1,19,Sicilia,Sicilia,4999891,3322094,66.44,0.03
4316,2021-07-02,SIC,30536,14219,16317,9920,20334,282,ITG,ITG1,19,Sicilia,Sicilia,4999891,3352630,67.05,0.61
4317,2021-07-19,SIC,48873,23528,25345,11650,36867,356,ITG,ITG1,19,Sicilia,Sicilia,4999891,3401503,68.03,0.98
4318,2021-02-12,SIC,4586,1811,2775,4242,266,78,ITG,ITG1,19,Sicilia,Sicilia,4999891,3406089,68.12,0.09
4319,2021-05-23,SIC,34108,16606,17502,19865,14014,229,ITG,ITG1,19,Sicilia,Sicilia,4999891,3440197,68.81,0.68
4320,2021-06-10,SIC,53007,24886,28121,45138,7220,649,ITG,ITG1,19,Sicilia,Sicilia,4999891,3493204,69.87,1.06
4321,2021-05-27,SIC,47564,21900,25664,24459,22691,414,ITG,ITG1,19,Sicilia,Sicilia,4999891,3540768,70.82,0.95
4322,2021-04-14,SIC,20573,9936,10637,11629,8759,185,ITG,ITG1,19,Sicilia,Sicilia,4999891,3561341,71.23,0.41
4323,2021-07-23,SIC,41396,20764,20632,14363,26712,321,ITG,ITG1,19,Sicilia,Sicilia,4999891,3602737,72.06,0.83
4324,2021-04-21,SIC,22386,10746,11640,15999,6119,268,ITG,ITG1,19,Sicilia,Sicilia,4999891,3625123,72.5,0.45
4325,2021-04-07,SIC,16087,7937,8150,8451,7460,176,ITG,ITG1,19,Sicilia,Sicilia,4999891,3641210,72.83,0.32
4326,2021-07-16,SIC,49251,23296,25955,8714,40256,281,ITG,ITG1,19,Sicilia,Sicilia,4999891,3690461,73.81,0.99
4327,2021-06-03,SIC,45989,21092,24897,33763,11712,514,ITG,ITG1,19,Sicilia,Sicilia,4999891,3736450,74.73,0.92
4328,2021-04-26,SIC,21675,10264,11411,13290,8080,305,ITG,ITG1,19,Sicilia,Sicilia,4999891,3758125,75.16,0.43
4329,2021-02-02,SIC,5272,2473,2799,617,4645,10,ITG,ITG1,19,Sicilia,Sicilia,4999891,3763397,75.27,0.11
4330,2021-07-18,SIC,39268,19779,19489,8105,30934,229,ITG,ITG1,19,Sicilia,Sicilia,4999891,3802665,76.05,0.79
4331,2021-01-14,SIC,5253,2485,2768,5191,0,62,ITG,ITG1,19,Sicilia,Sicilia,4999891,3807918,76.16,0.11
4332,2021-04-12,SIC,19000,9209,9791,11485,7274,241,ITG,ITG1,19,Sicilia,Sicilia,4999891,3826918,76.54,0.38
4333,2021-02-14,SIC,1055,402,653,907,140,8,ITG,ITG1,19,Sicilia,Sicilia,4999891,3827973,76.56,0.02
4334,2021-01-02,SIC,4857,2532,2325,4827,0,30,ITG,ITG1,19,Sicilia,Sicilia,4999891,3832830,76.66,0.1
4335,2021-05-15,SIC,56486,26389,30097,40354,15241,891,ITG,ITG1,19,Sicilia,Sicilia,4999891,3889316,77.79,1.13
4336,2021-03-19,SIC,16314,8053,8261,10650,5574,90,ITG,ITG1,19,Sicilia,Sicilia,4999891,3905630,78.11,0.33
4337,2021-03-12,SIC,12867,5560,7307,10651,2067,149,ITG,ITG1,19,Sicilia,Sicilia,4999891,3918497,78.37,0.26
4338,2021-03-05,SIC,15760,6837,8923,11378,4237,145,ITG,ITG1,19,Sicilia,Sicilia,4999891,3934257,78.69,0.32
4339,2021-02-16,SIC,4200,2207,1993,3664,465,71,ITG,ITG1,19,Sicilia,Sicilia,4999891,3938457,78.77,0.08
4340,2021-06-17,SIC,41821,19473,22348,20314,21141,366,ITG,ITG1,19,Sicilia,Sicilia,4999891,3980278,79.61,0.84
4341,2021-03-03,SIC,14564,6545,8019,11373,3067,124,ITG,ITG1,19,Sicilia,Sicilia,4999891,3994842,79.9,0.29
4342,2021-02-24,SIC,9378,4804,4574,8708,565,105,ITG,ITG1,19,Sicilia,Sicilia,4999891,4004220,80.09,0.19
4343,2021-01-21,SIC,1449,711,738,490,948,11,ITG,ITG1,19,Sicilia,Sicilia,4999891,4005669,80.12,0.03
4344,2021-05-01,SIC,24440,11312,13128,19002,5164,274,ITG,ITG1,19,Sicilia,Sicilia,4999891,4030109,80.6,0.49
4345,2021-06-06,SIC,49523,23917,25606,41147,7822,554,ITG,ITG1,19,Sicilia,Sicilia,4999891,4079632,81.59,0.99
4346,2021-02-26,SIC,11975,5872,6103,10182,1680,113,ITG,ITG1,19,Sicilia,Sicilia,4999891,4091607,81.83,0.24
4347,2021-05-06,SIC,29469,14007,15462,18169,10830,470,ITG,ITG1,19,Sicilia,Sicilia,4999891,4121076,82.42,0.59
4348,2021-02-21,SIC,5168,2501,2667,5047,106,15,ITG,ITG1,19,Sicilia,Sicilia,4999891,4126244,82.53,0.1
4349,2021-06-29,SIC,31354,14685,16669,15645,15311,398,ITG,ITG1,19,Sicilia,Sicilia,4999891,4157598,83.15,0.63
4350,2021-03-31,SIC,14520,6706,7814,9448,4932,140,ITG,ITG1,19,Sicilia,Sicilia,4999891,4172118,83.44,0.29
4351,2021-01-07,SIC,8945,4138,4807,8865,0,80,ITG,ITG1,19,Sicilia,Sicilia,4999891,4181063,83.62,0.18
4352,2021-02-09,SIC,4347,1799,2548,3247,1035,65,ITG,ITG1,19,Sicilia,Sicilia,4999891,4185410,83.71,0.09
4353,2021-07-06,SIC,37084,17150,19934,10284,26500,300,ITG,ITG1,19,Sicilia,Sicilia,4999891,4222494,84.45,0.74
4354,2021-05-10,SIC,28743,13794,14949,16248,12213,282,ITG,ITG1,19,Sicilia,Sicilia,4999891,4251237,85.03,0.57
4355,2021-03-26,SIC,17990,8356,9634,12355,5499,136,ITG,ITG1,19,Sicilia,Sicilia,4999891,4269227,85.39,0.36
4356,2021-01-28,SIC,9033,4271,4762,383,8649,1,ITG,ITG1,19,Sicilia,Sicilia,4999891,4278260,85.57,0.18
4357,2021-07-04,SIC,26522,12804,13718,7605,18748,169,ITG,ITG1,19,Sicilia,Sicilia,4999891,4304782,86.1,0.53
4358,2021-05-08,SIC,35638,17032,18606,24981,10300,357,ITG,ITG1,19,Sicilia,Sicilia,4999891,4340420,86.81,0.71
4359,2021-01-26,SIC,9565,4735,4830,241,9323,1,ITG,ITG1,19,Sicilia,Sicilia,4999891,4349985,87.0,0.19
4360,2020-12-31,SIC,891,474,417,883,0,8,ITG,ITG1,19,Sicilia,Sicilia,4999891,4350876,87.02,0.02
4361,2021-03-07,SIC,9259,3454,5805,8116,1083,60,ITG,ITG1,19,Sicilia,Sicilia,4999891,4360135,87.2,0.19
4362,2021-06-15,SIC,46182,21761,24421,28230,17521,431,ITG,ITG1,19,Sicilia,Sicilia,4999891,4406317,88.13,0.92
4363,2021-03-24,SIC,20964,9869,11095,15038,5736,190,ITG,ITG1,19,Sicilia,Sicilia,4999891,4427281,88.55,0.42
4364,2021-05-29,SIC,47178,21460,25718,23538,23193,447,ITG,ITG1,19,Sicilia,Sicilia,4999891,4474459,89.49,0.94
4365,2021-05-20,SIC,44060,21114,22946,27734,15913,413,ITG,ITG1,19,Sicilia,Sicilia,4999891,4518519,90.37,0.88
4366,2021-04-01,SIC,14294,6617,7677,9497,4666,131,ITG,ITG1,19,Sicilia,Sicilia,4999891,4532813,90.66,0.29
4367,2021-07-10,SIC,46892,22347,24545,6058,40631,203,ITG,ITG1,19,Sicilia,Sicilia,4999891,4579705,91.6,0.94
4368,2021-06-23,SIC,44463,20691,23772,17899,26234,330,ITG,ITG1,19,Sicilia,Sicilia,4999891,4624168,92.49,0.89
4369,2021-01-24,SIC,4324,2261,2063,130,4192,2,ITG,ITG1,19,Sicilia,Sicilia,4999891,4628492,92.57,0.09
4370,2021-05-04,SIC,26847,12472,14375,17159,9293,395,ITG,ITG1,19,Sicilia,Sicilia,4999891,4655339,93.11,0.54
4371,2021-03-15,SIC,10673,4725,5948,5648,4949,76,ITG,ITG1,19,Sicilia,Sicilia,4999891,4666012,93.32,0.21
4372,2021-06-22,SIC,39968,18368,21600,18293,21303,372,ITG,ITG1,19,Sicilia,Sicilia,4999891,4705980,94.12,0.8
4373,2021-05-22,SIC,48007,22804,25203,28303,19306,398,ITG,ITG1,19,Sicilia,Sicilia,4999891,4753987,95.08,0.96
4374,2021-02-28,SIC,7166,3063,4103,6485,630,51,ITG,ITG1,19,Sicilia,Sicilia,4999891,4761153,95.23,0.14
4375,2021-06-08,SIC,47694,22401,25293,40455,6706,533,ITG,ITG1,19,Sicilia,Sicilia,4999891,4808847,96.18,0.95
4376,2021-01-09,SIC,7197,3394,3803,7137,0,60,ITG,ITG1,19,Sicilia,Sicilia,4999891,4816044,96.32,0.14
4377,2021-05-03,SIC,23298,10790,12508,13261,9788,249,ITG,ITG1,19,Sicilia,Sicilia,4999891,4839342,96.79,0.47
4378,2021-07-11,SIC,36033,16870,19163,3663,32275,95,ITG,ITG1,19,Sicilia,Sicilia,4999891,4875375,97.51,0.72
4379,2021-07-25,SIC,31897,16794,15103,11877,19764,256,ITG,ITG1,19,Sicilia,Sicilia,4999891,4907272,98.15,0.64
4380,2021-04-19,SIC,18283,8662,9621,12479,5581,223,ITG,ITG1,19,Sicilia,Sicilia,4999891,4925555,98.51,0.37
