,data,area,Vaccinazioni giornaliere,sesso_maschile,sesso_femminile,Operatori sanitari - sociosanitari,Personale non sanitario,Ospiti RSA,categoria_personale_scolastico,categoria_60_69,categoria_70_79,categoria_over80,categoria_soggetti_fragili,categoria_forze_armate,categoria_altro,prima_dose,seconda_dose,codice_NUTS1,codice_NUTS2,codice_regione_ISTAT,nome_area,Regione,popolazione,Totale vaccinazioni,Totale vaccinazioni ogni cento ab,Vaccinazioni giornaliere ogni cento ab
0,2021-02-01,PIE,8642,3053,5589,6177,1397,1068,0,0,0,0,0,0,0,578,8064,ITC,ITC1,1,Piemonte,Piemonte,4356406,8642,0.2,0.2
1,2021-05-12,PIE,31503,14981,16522,378,220,175,1366,12078,3339,2647,9589,1084,627,18816,12687,ITC,ITC1,1,Piemonte,Piemonte,4356406,40145,0.92,0.72
2,2021-02-05,PIE,9455,3080,6375,5766,2043,1644,0,0,0,1,0,0,1,657,8798,ITC,ITC1,1,Piemonte,Piemonte,4356406,49600,1.14,0.22
3,2021-02-20,PIE,3833,1253,2580,1102,976,219,1417,0,0,30,0,89,0,3659,174,ITC,ITC1,1,Piemonte,Piemonte,4356406,53433,1.23,0.09
4,2021-03-26,PIE,17748,6982,10766,1167,744,530,2429,3,14,11534,609,711,7,8840,8908,ITC,ITC1,1,Piemonte,Piemonte,4356406,71181,1.63,0.41
5,2021-04-28,PIE,25958,11691,14267,576,275,106,54,3538,4038,7916,9410,25,20,15954,10004,ITC,ITC1,1,Piemonte,Piemonte,4356406,97139,2.23,0.6
6,2021-04-19,PIE,22531,10762,11769,309,159,213,28,794,5486,4811,10672,1,58,18167,4364,ITC,ITC1,1,Piemonte,Piemonte,4356406,119670,2.75,0.52
7,2021-04-25,PIE,20223,9303,10920,213,108,9,18,1418,6281,2536,9617,8,15,17722,2501,ITC,ITC1,1,Piemonte,Piemonte,4356406,139893,3.21,0.46
8,2021-04-05,PIE,14746,6233,8513,148,115,0,703,1,3905,7996,1844,33,1,12189,2557,ITC,ITC1,1,Piemonte,Piemonte,4356406,154639,3.55,0.34
9,2021-02-19,PIE,5535,2175,3360,1990,1696,667,1079,0,1,34,0,59,9,5034,501,ITC,ITC1,1,Piemonte,Piemonte,4356406,160174,3.68,0.13
10,2021-04-15,PIE,29586,13566,16020,897,403,442,53,1206,9652,6889,10003,7,34,24109,5477,ITC,ITC1,1,Piemonte,Piemonte,4356406,189760,4.36,0.68
11,2021-05-24,PIE,28405,13013,15392,386,280,56,2329,6926,3725,1093,6475,643,6492,16930,11475,ITC,ITC1,1,Piemonte,Piemonte,4356406,218165,5.01,0.65
12,2021-01-16,PIE,7771,2630,5141,4803,1596,1372,0,0,0,0,0,0,0,7771,0,ITC,ITC1,1,Piemonte,Piemonte,4356406,225936,5.19,0.18
13,2021-02-03,PIE,10198,3303,6895,6644,2299,1246,0,2,0,5,0,0,2,611,9587,ITC,ITC1,1,Piemonte,Piemonte,4356406,236134,5.42,0.23
14,2021-04-01,PIE,19329,8073,11256,673,373,292,914,6,1954,13853,968,261,35,11209,8120,ITC,ITC1,1,Piemonte,Piemonte,4356406,255463,5.86,0.44
15,2021-01-19,PIE,6459,2105,4354,3583,1301,1573,0,0,1,1,0,0,0,6447,12,ITC,ITC1,1,Piemonte,Piemonte,4356406,261922,6.01,0.15
16,2021-02-13,PIE,4153,1334,2819,2310,722,1115,5,0,0,1,0,0,0,2931,1222,ITC,ITC1,1,Piemonte,Piemonte,4356406,266075,6.11,0.1
17,2021-01-18,PIE,6165,2047,4118,3239,1403,1523,0,0,0,0,0,0,0,5916,249,ITC,ITC1,1,Piemonte,Piemonte,4356406,272240,6.25,0.14
18,2021-01-04,PIE,5564,1679,3885,4591,736,235,0,0,0,0,0,0,2,5564,0,ITC,ITC1,1,Piemonte,Piemonte,4356406,277804,6.38,0.13
19,2021-01-03,PIE,3063,967,2096,2715,295,52,0,0,0,0,0,0,1,3063,0,ITC,ITC1,1,Piemonte,Piemonte,4356406,280867,6.45,0.07
20,2021-02-12,PIE,6890,2214,4676,3527,1646,1709,2,1,0,4,0,0,1,3930,2960,ITC,ITC1,1,Piemonte,Piemonte,4356406,287757,6.61,0.16
21,2021-03-20,PIE,11919,4898,7021,883,1039,163,1941,20,17,7684,21,21,130,6021,5898,ITC,ITC1,1,Piemonte,Piemonte,4356406,299676,6.88,0.27
22,2021-03-08,PIE,13945,5292,8653,2037,1424,413,2629,1,1,7424,0,13,3,11232,2713,ITC,ITC1,1,Piemonte,Piemonte,4356406,313621,7.2,0.32
23,2021-05-16,PIE,28095,12755,15340,144,98,3,2424,6416,2835,1156,13106,317,1596,15049,13046,ITC,ITC1,1,Piemonte,Piemonte,4356406,341716,7.84,0.64
24,2021-05-04,PIE,28433,13052,15381,494,192,113,204,7545,5839,6249,7488,219,90,16380,12053,ITC,ITC1,1,Piemonte,Piemonte,4356406,370149,8.5,0.65
25,2021-01-29,PIE,5943,1886,4057,4199,1067,673,0,0,0,2,0,0,2,455,5488,ITC,ITC1,1,Piemonte,Piemonte,4356406,376092,8.63,0.14
26,2021-03-09,PIE,13963,5428,8535,1688,1543,356,2330,2,6,8028,1,9,0,11621,2342,ITC,ITC1,1,Piemonte,Piemonte,4356406,390055,8.95,0.32
27,2021-02-27,PIE,12691,4851,7840,886,908,232,3043,0,0,7564,1,56,1,12346,345,ITC,ITC1,1,Piemonte,Piemonte,4356406,402746,9.24,0.29
28,2021-02-17,PIE,4792,2155,2637,2248,2030,497,1,0,1,1,0,1,13,3803,989,ITC,ITC1,1,Piemonte,Piemonte,4356406,407538,9.35,0.11
29,2021-03-27,PIE,18383,7827,10556,1215,1623,119,2109,12,940,11720,446,193,6,9552,8831,ITC,ITC1,1,Piemonte,Piemonte,4356406,425921,9.78,0.42
30,2021-03-01,PIE,12040,4845,7195,1157,1275,281,2431,0,4,6877,0,14,1,11231,809,ITC,ITC1,1,Piemonte,Piemonte,4356406,437961,10.05,0.28
31,2021-02-16,PIE,3967,1756,2211,1815,1586,548,1,0,4,1,0,5,7,3209,758,ITC,ITC1,1,Piemonte,Piemonte,4356406,441928,10.14,0.09
32,2021-02-14,PIE,1476,498,978,796,381,285,14,0,0,0,0,0,0,876,600,ITC,ITC1,1,Piemonte,Piemonte,4356406,443404,10.18,0.03
33,2021-05-11,PIE,31863,15356,16507,311,114,114,935,11501,3302,2019,12319,837,411,18752,13111,ITC,ITC1,1,Piemonte,Piemonte,4356406,475267,10.91,0.73
34,2021-05-17,PIE,30577,14365,16212,207,174,58,2470,6426,3145,1314,11138,585,5060,17649,12928,ITC,ITC1,1,Piemonte,Piemonte,4356406,505844,11.61,0.7
35,2021-02-24,PIE,11409,4629,6780,1855,1289,408,2157,0,3,5685,0,7,5,10904,505,ITC,ITC1,1,Piemonte,Piemonte,4356406,517253,11.87,0.26
36,2021-03-31,PIE,19105,8102,11003,962,687,311,687,8,2527,13178,529,209,7,10413,8692,ITC,ITC1,1,Piemonte,Piemonte,4356406,536358,12.31,0.44
37,2021-01-09,PIE,6184,2185,3999,4499,1113,569,0,1,0,0,0,0,2,6184,0,ITC,ITC1,1,Piemonte,Piemonte,4356406,542542,12.45,0.14
38,2021-01-07,PIE,5387,1739,3648,4159,885,341,0,1,0,0,0,0,1,5387,0,ITC,ITC1,1,Piemonte,Piemonte,4356406,547929,12.58,0.12
39,2021-02-09,PIE,7374,2314,5060,4154,1367,1850,0,0,1,2,0,0,0,722,6652,ITC,ITC1,1,Piemonte,Piemonte,4356406,555303,12.75,0.17
40,2021-01-27,PIE,4196,1453,2743,2982,657,557,0,0,0,0,0,0,0,999,3197,ITC,ITC1,1,Piemonte,Piemonte,4356406,559499,12.84,0.1
41,2021-05-15,PIE,33512,15626,17886,360,227,16,3051,11493,4057,1279,10374,836,1819,19934,13578,ITC,ITC1,1,Piemonte,Piemonte,4356406,593011,13.61,0.77
42,2021-01-06,PIE,3116,1111,2005,2370,429,313,0,0,1,1,0,0,2,3116,0,ITC,ITC1,1,Piemonte,Piemonte,4356406,596127,13.68,0.07
43,2021-04-30,PIE,31730,14251,17479,742,429,385,122,4598,5539,8653,11009,119,134,18420,13310,ITC,ITC1,1,Piemonte,Piemonte,4356406,627857,14.41,0.73
44,2021-05-20,PIE,38090,17598,20492,588,325,374,3002,9418,5083,1553,13046,845,3856,13441,24649,ITC,ITC1,1,Piemonte,Piemonte,4356406,665947,15.29,0.87
45,2021-02-15,PIE,4432,1597,2835,2319,1144,963,1,0,2,2,0,1,0,3227,1205,ITC,ITC1,1,Piemonte,Piemonte,4356406,670379,15.39,0.1
46,2021-04-20,PIE,25449,11653,13796,717,275,258,35,1206,6129,6677,10126,2,24,19106,6343,ITC,ITC1,1,Piemonte,Piemonte,4356406,695828,15.97,0.58
47,2021-03-11,PIE,13771,5075,8696,2319,1413,383,2185,1,5,7381,4,74,6,10675,3096,ITC,ITC1,1,Piemonte,Piemonte,4356406,709599,16.29,0.32
48,2021-05-10,PIE,28515,13676,14839,284,121,103,1128,7354,3226,1811,13580,739,169,15505,13010,ITC,ITC1,1,Piemonte,Piemonte,4356406,738114,16.94,0.65
49,2021-05-09,PIE,26986,12857,14129,286,95,18,644,6854,3264,2711,12849,209,56,13380,13606,ITC,ITC1,1,Piemonte,Piemonte,4356406,765100,17.56,0.62
50,2021-01-20,PIE,6615,2089,4526,3618,1182,1813,0,0,0,0,0,0,2,5898,717,ITC,ITC1,1,Piemonte,Piemonte,4356406,771715,17.71,0.15
51,2021-05-21,PIE,34986,16135,18851,535,300,174,2571,11302,3317,1239,9782,793,4973,19670,15316,ITC,ITC1,1,Piemonte,Piemonte,4356406,806701,18.52,0.8
52,2021-01-05,PIE,5381,1603,3778,4368,721,285,0,0,2,1,0,0,4,5381,0,ITC,ITC1,1,Piemonte,Piemonte,4356406,812082,18.64,0.12
53,2021-04-02,PIE,20129,8298,11831,885,439,390,879,8,2690,13352,1279,153,54,11702,8427,ITC,ITC1,1,Piemonte,Piemonte,4356406,832211,19.1,0.46
54,2021-05-22,PIE,33129,14943,18186,291,213,8,4104,8368,6037,783,8377,441,4507,17082,16047,ITC,ITC1,1,Piemonte,Piemonte,4356406,865340,19.86,0.76
55,2021-02-25,PIE,12218,5252,6966,1447,2063,405,1961,0,2,6330,0,4,6,11671,547,ITC,ITC1,1,Piemonte,Piemonte,4356406,877558,20.14,0.28
56,2021-05-02,PIE,25035,11255,13780,578,230,33,69,3028,7202,5663,8126,86,20,14291,10744,ITC,ITC1,1,Piemonte,Piemonte,4356406,902593,20.72,0.57
57,2021-01-15,PIE,8970,2955,6015,5499,1923,1546,0,1,0,0,0,0,1,8970,0,ITC,ITC1,1,Piemonte,Piemonte,4356406,911563,20.92,0.21
58,2021-01-11,PIE,8742,2980,5762,6060,1553,1127,0,1,0,0,0,0,1,8742,0,ITC,ITC1,1,Piemonte,Piemonte,4356406,920305,21.13,0.2
59,2021-04-07,PIE,23605,9994,13611,951,440,272,532,8,5786,12383,3100,66,67,18141,5464,ITC,ITC1,1,Piemonte,Piemonte,4356406,943910,21.67,0.54
60,2021-04-09,PIE,25843,11384,14459,1220,523,254,46,45,7413,11157,5135,35,15,21335,4508,ITC,ITC1,1,Piemonte,Piemonte,4356406,969753,22.26,0.59
61,2021-01-28,PIE,5590,1809,3781,4120,878,590,0,1,0,1,0,0,0,384,5206,ITC,ITC1,1,Piemonte,Piemonte,4356406,975343,22.39,0.13
62,2021-02-02,PIE,10241,3509,6732,6873,2049,1317,0,0,0,0,0,0,2,816,9425,ITC,ITC1,1,Piemonte,Piemonte,4356406,985584,22.62,0.24
63,2021-03-07,PIE,11974,4657,7317,1322,1134,112,2050,0,5,7349,0,0,2,11097,877,ITC,ITC1,1,Piemonte,Piemonte,4356406,997558,22.9,0.27
64,2021-01-14,PIE,9766,3152,6614,6182,2097,1484,0,0,0,0,0,0,3,9766,0,ITC,ITC1,1,Piemonte,Piemonte,4356406,1007324,23.12,0.22
65,2021-01-23,PIE,4257,1325,2932,3212,524,520,0,0,0,1,0,0,0,879,3378,ITC,ITC1,1,Piemonte,Piemonte,4356406,1011581,23.22,0.1
66,2021-02-11,PIE,6764,2107,4657,3422,1328,2010,3,0,0,0,0,0,1,3006,3758,ITC,ITC1,1,Piemonte,Piemonte,4356406,1018345,23.38,0.16
67,2021-03-02,PIE,11199,4504,6695,907,1122,215,2518,0,4,6421,0,10,2,10383,816,ITC,ITC1,1,Piemonte,Piemonte,4356406,1029544,23.63,0.26
68,2021-03-25,PIE,17062,7203,9859,1035,963,599,1375,4,25,12009,569,476,7,8423,8639,ITC,ITC1,1,Piemonte,Piemonte,4356406,1046606,24.02,0.39
69,2021-03-13,PIE,13042,4720,8322,1170,996,158,2143,1,3,8562,0,4,5,11598,1444,ITC,ITC1,1,Piemonte,Piemonte,4356406,1059648,24.32,0.3
70,2021-01-17,PIE,3518,1168,2350,2082,596,840,0,0,0,0,0,0,0,2870,648,ITC,ITC1,1,Piemonte,Piemonte,4356406,1063166,24.4,0.08
71,2021-04-08,PIE,25142,10929,14213,1057,521,274,412,30,7380,11274,4055,117,22,20412,4730,ITC,ITC1,1,Piemonte,Piemonte,4356406,1088308,24.98,0.58
72,2021-05-08,PIE,33836,16052,17784,280,200,74,1191,9396,4845,3808,13543,409,90,18210,15626,ITC,ITC1,1,Piemonte,Piemonte,4356406,1122144,25.76,0.78
73,2021-03-14,PIE,8204,3335,4869,794,588,2,990,0,5,5819,0,1,5,5308,2896,ITC,ITC1,1,Piemonte,Piemonte,4356406,1130348,25.95,0.19
74,2021-01-31,PIE,4113,1753,2360,3081,655,377,0,0,0,0,0,0,0,112,4001,ITC,ITC1,1,Piemonte,Piemonte,4356406,1134461,26.04,0.09
75,2021-01-26,PIE,6331,1879,4452,4727,873,729,0,0,0,0,0,0,2,735,5596,ITC,ITC1,1,Piemonte,Piemonte,4356406,1140792,26.19,0.15
76,2021-02-04,PIE,10203,3339,6864,6238,2199,1763,0,0,0,0,0,0,3,588,9615,ITC,ITC1,1,Piemonte,Piemonte,4356406,1150995,26.42,0.23
77,2021-04-24,PIE,27426,12411,15015,461,169,30,23,2684,8347,5241,10393,48,30,21794,5632,ITC,ITC1,1,Piemonte,Piemonte,4356406,1178421,27.05,0.63
78,2021-03-17,PIE,12518,5055,7463,2084,806,236,9,1,9,9107,10,250,6,5224,7294,ITC,ITC1,1,Piemonte,Piemonte,4356406,1190939,27.34,0.29
79,2021-04-26,PIE,19746,8729,11017,313,100,94,44,1599,3379,4843,9350,11,13,15351,4395,ITC,ITC1,1,Piemonte,Piemonte,4356406,1210685,27.79,0.45
80,2021-02-10,PIE,7534,2371,5163,3905,1530,2098,0,0,0,0,0,0,1,1316,6218,ITC,ITC1,1,Piemonte,Piemonte,4356406,1218219,27.96,0.17
81,2021-03-28,PIE,16053,6899,9154,926,1914,34,2480,3,461,8944,1076,208,7,8433,7620,ITC,ITC1,1,Piemonte,Piemonte,4356406,1234272,28.33,0.37
82,2021-04-06,PIE,20238,8809,11429,650,591,260,1319,16,5177,9659,2427,113,26,15042,5196,ITC,ITC1,1,Piemonte,Piemonte,4356406,1254510,28.8,0.46
83,2021-02-07,PIE,3088,974,2114,1648,663,777,0,0,0,0,0,0,0,445,2643,ITC,ITC1,1,Piemonte,Piemonte,4356406,1257598,28.87,0.07
84,2021-04-12,PIE,22921,10351,12570,612,296,246,60,243,7776,7342,6289,10,47,19931,2990,ITC,ITC1,1,Piemonte,Piemonte,4356406,1280519,29.39,0.53
85,2021-05-19,PIE,32799,15088,17711,228,181,99,3214,10785,2727,844,8502,576,5643,21914,10885,ITC,ITC1,1,Piemonte,Piemonte,4356406,1313318,30.15,0.75
86,2021-02-18,PIE,4789,2093,2696,2255,1898,624,2,0,0,0,0,3,7,4359,430,ITC,ITC1,1,Piemonte,Piemonte,4356406,1318107,30.26,0.11
87,2020-12-30,PIE,730,322,408,685,45,0,0,0,0,0,0,0,0,730,0,ITC,ITC1,1,Piemonte,Piemonte,4356406,1318837,30.27,0.02
88,2021-03-19,PIE,11019,4511,6508,1127,650,432,271,3,19,8185,25,301,6,4414,6605,ITC,ITC1,1,Piemonte,Piemonte,4356406,1329856,30.53,0.25
89,2020-12-31,PIE,3909,1334,2575,3415,356,134,0,0,0,0,0,0,4,3909,0,ITC,ITC1,1,Piemonte,Piemonte,4356406,1333765,30.62,0.09
90,2021-05-13,PIE,35238,17200,18038,350,194,302,836,11847,3828,1775,14063,1306,737,20459,14779,ITC,ITC1,1,Piemonte,Piemonte,4356406,1369003,31.43,0.81
91,2021-01-08,PIE,5531,1761,3770,4078,1027,422,0,0,0,0,0,0,4,5531,0,ITC,ITC1,1,Piemonte,Piemonte,4356406,1374534,31.55,0.13
92,2021-03-18,PIE,11756,4803,6953,1466,771,354,18,3,14,8873,10,235,12,4029,7727,ITC,ITC1,1,Piemonte,Piemonte,4356406,1386290,31.82,0.27
93,2021-04-11,PIE,20822,9315,11507,401,231,69,254,217,7641,6877,5117,5,10,18661,2161,ITC,ITC1,1,Piemonte,Piemonte,4356406,1407112,32.3,0.48
94,2021-01-21,PIE,6923,2318,4605,4716,840,1352,0,3,0,0,0,0,12,3427,3496,ITC,ITC1,1,Piemonte,Piemonte,4356406,1414035,32.46,0.16
95,2021-02-26,PIE,12293,4933,7360,843,1407,490,2901,0,2,6616,0,33,1,11556,737,ITC,ITC1,1,Piemonte,Piemonte,4356406,1426328,32.74,0.28
96,2021-03-03,PIE,12120,4644,7476,1103,1020,257,2667,0,2,7061,0,10,0,11301,819,ITC,ITC1,1,Piemonte,Piemonte,4356406,1438448,33.02,0.28
97,2021-03-05,PIE,15266,5959,9307,2543,1993,655,2371,1,5,7673,1,24,0,11449,3817,ITC,ITC1,1,Piemonte,Piemonte,4356406,1453714,33.37,0.35
98,2021-02-23,PIE,9233,3713,5520,2298,1346,389,1052,0,2,4108,0,33,5,8653,580,ITC,ITC1,1,Piemonte,Piemonte,4356406,1462947,33.58,0.21
99,2021-01-25,PIE,6215,1938,4277,4790,860,562,0,0,1,1,0,0,1,983,5232,ITC,ITC1,1,Piemonte,Piemonte,4356406,1469162,33.72,0.14
100,2021-01-01,PIE,1038,395,643,922,116,0,0,0,0,0,0,0,0,1038,0,ITC,ITC1,1,Piemonte,Piemonte,4356406,1470200,33.75,0.02
101,2021-03-16,PIE,10519,4268,6251,2231,870,322,13,7,10,6800,65,162,39,4463,6056,ITC,ITC1,1,Piemonte,Piemonte,4356406,1480719,33.99,0.24
102,2021-04-22,PIE,27617,12706,14911,605,332,424,60,1655,5412,6576,12488,20,45,20927,6690,ITC,ITC1,1,Piemonte,Piemonte,4356406,1508336,34.62,0.63
103,2021-04-21,PIE,25683,11807,13876,799,358,264,45,1399,7167,6177,9441,11,22,20356,5327,ITC,ITC1,1,Piemonte,Piemonte,4356406,1534019,35.21,0.59
104,2021-03-12,PIE,13949,5184,8765,2145,1295,471,2274,0,4,7640,13,106,1,11014,2935,ITC,ITC1,1,Piemonte,Piemonte,4356406,1547968,35.53,0.32
105,2021-04-18,PIE,22947,10816,12131,341,242,28,46,913,5632,4396,11322,10,17,20193,2754,ITC,ITC1,1,Piemonte,Piemonte,4356406,1570915,36.06,0.53
106,2021-05-26,PIE,26022,11723,14299,225,189,55,2704,7849,3839,648,5507,437,4569,11619,14403,ITC,ITC1,1,Piemonte,Piemonte,4356406,1596937,36.66,0.6
107,2021-05-07,PIE,32820,15491,17329,553,195,269,412,9293,5590,3868,12120,465,55,18842,13978,ITC,ITC1,1,Piemonte,Piemonte,4356406,1629757,37.41,0.75
108,2021-03-10,PIE,13631,5167,8464,1667,1339,280,2240,1,7,8020,2,74,1,11337,2294,ITC,ITC1,1,Piemonte,Piemonte,4356406,1643388,37.72,0.31
109,2021-04-17,PIE,30344,14097,16247,758,321,121,57,2807,9982,4924,11349,9,16,27047,3297,ITC,ITC1,1,Piemonte,Piemonte,4356406,1673732,38.42,0.7
110,2021-04-04,PIE,9254,4059,5195,196,302,0,294,0,2041,4231,2173,11,6,6541,2713,ITC,ITC1,1,Piemonte,Piemonte,4356406,1682986,38.63,0.21
111,2020-12-27,PIE,913,369,544,761,73,76,0,1,0,0,0,0,2,913,0,ITC,ITC1,1,Piemonte,Piemonte,4356406,1683899,38.65,0.02
112,2021-01-22,PIE,3867,1249,2618,2280,650,934,0,1,0,1,0,0,1,2526,1341,ITC,ITC1,1,Piemonte,Piemonte,4356406,1687766,38.74,0.09
113,2021-03-06,PIE,13994,5211,8783,2262,1123,462,2699,1,2,7440,1,4,0,11205,2789,ITC,ITC1,1,Piemonte,Piemonte,4356406,1701760,39.06,0.32
114,2021-02-08,PIE,6916,2355,4561,3786,1557,1572,0,0,0,0,0,0,1,666,6250,ITC,ITC1,1,Piemonte,Piemonte,4356406,1708676,39.22,0.16
115,2021-04-29,PIE,48266,21835,26431,1236,563,318,62,9578,11327,9189,15730,164,99,35665,12601,ITC,ITC1,1,Piemonte,Piemonte,4356406,1756942,40.33,1.11
116,2021-02-22,PIE,8480,3471,5009,1705,1397,512,920,2,4,3926,0,11,3,7890,590,ITC,ITC1,1,Piemonte,Piemonte,4356406,1765422,40.52,0.19
117,2021-04-03,PIE,19700,8283,11417,310,252,76,540,15,2977,13667,1666,114,83,10890,8810,ITC,ITC1,1,Piemonte,Piemonte,4356406,1785122,40.98,0.45
118,2021-05-18,PIE,31723,14562,17161,267,271,99,2697,8462,2868,1294,10013,987,4765,19293,12430,ITC,ITC1,1,Piemonte,Piemonte,4356406,1816845,41.71,0.73
119,2021-05-06,PIE,33149,15623,17526,485,185,298,195,10296,5296,3847,11815,625,107,19736,13413,ITC,ITC1,1,Piemonte,Piemonte,4356406,1849994,42.47,0.76
120,2021-02-28,PIE,10816,4060,6756,642,501,53,2791,1,1,6825,0,0,2,10576,240,ITC,ITC1,1,Piemonte,Piemonte,4356406,1860810,42.71,0.25
121,2021-02-21,PIE,5090,2083,3007,685,263,47,737,0,0,3356,0,1,1,4988,102,ITC,ITC1,1,Piemonte,Piemonte,4356406,1865900,42.83,0.12
122,2021-01-10,PIE,5214,2275,2939,3910,783,519,0,0,0,0,0,0,2,5214,0,ITC,ITC1,1,Piemonte,Piemonte,4356406,1871114,42.95,0.12
123,2021-04-27,PIE,22557,10200,12357,363,213,161,80,3088,3898,5014,9691,31,18,17435,5122,ITC,ITC1,1,Piemonte,Piemonte,4356406,1893671,43.47,0.52
124,2021-03-21,PIE,10721,4738,5983,585,1475,13,1319,2,165,7027,1,133,1,4187,6534,ITC,ITC1,1,Piemonte,Piemonte,4356406,1904392,43.71,0.25
125,2021-03-29,PIE,15160,6384,8776,416,543,137,1330,3,1260,10373,744,342,12,8547,6613,ITC,ITC1,1,Piemonte,Piemonte,4356406,1919552,44.06,0.35
126,2021-04-23,PIE,27427,12591,14836,720,275,285,30,1806,5276,6490,12480,42,23,20668,6759,ITC,ITC1,1,Piemonte,Piemonte,4356406,1946979,44.69,0.63
127,2021-03-15,PIE,10652,4160,6492,1718,1462,231,1470,2,5,5733,1,28,2,5033,5619,ITC,ITC1,1,Piemonte,Piemonte,4356406,1957631,44.94,0.24
128,2021-04-14,PIE,27700,12558,15142,867,449,448,60,788,10251,7093,7714,9,21,23179,4521,ITC,ITC1,1,Piemonte,Piemonte,4356406,1985331,45.57,0.64
129,2021-01-12,PIE,10059,3408,6651,6865,2018,1170,0,2,0,0,0,0,4,10059,0,ITC,ITC1,1,Piemonte,Piemonte,4356406,1995390,45.8,0.23
130,2021-05-01,PIE,28519,12989,15530,440,275,59,88,3547,8859,6950,8203,74,24,16721,11798,ITC,ITC1,1,Piemonte,Piemonte,4356406,2023909,46.46,0.65
131,2020-12-28,PIE,1,1,0,1,0,0,0,0,0,0,0,0,0,1,0,ITC,ITC1,1,Piemonte,Piemonte,4356406,2023910,46.46,0.0
132,2021-04-13,PIE,25924,11605,14319,666,266,262,121,900,10400,7035,6234,7,33,22466,3458,ITC,ITC1,1,Piemonte,Piemonte,4356406,2049834,47.05,0.6
133,2021-02-06,PIE,7992,2666,5326,5101,1629,1260,0,0,0,1,0,0,1,400,7592,ITC,ITC1,1,Piemonte,Piemonte,4356406,2057826,47.24,0.18
134,2021-03-30,PIE,16891,7033,9858,783,436,287,997,7,1375,12122,581,297,6,9020,7871,ITC,ITC1,1,Piemonte,Piemonte,4356406,2074717,47.62,0.39
135,2021-01-30,PIE,5979,2135,3844,4375,1108,496,0,0,0,0,0,0,0,218,5761,ITC,ITC1,1,Piemonte,Piemonte,4356406,2080696,47.76,0.14
136,2021-04-16,PIE,28341,13189,15152,1046,469,452,77,1629,7603,5911,11102,5,47,23398,4943,ITC,ITC1,1,Piemonte,Piemonte,4356406,2109037,48.41,0.65
137,2021-05-05,PIE,32080,15013,17067,829,411,233,207,9656,5954,5074,9299,380,37,19078,13002,ITC,ITC1,1,Piemonte,Piemonte,4356406,2141117,49.15,0.74
138,2021-01-13,PIE,10080,3223,6857,6488,2259,1329,0,0,0,0,0,0,4,10080,0,ITC,ITC1,1,Piemonte,Piemonte,4356406,2151197,49.38,0.23
139,2021-05-03,PIE,26622,12150,14472,689,301,65,96,3912,4666,7611,9138,104,40,12490,14132,ITC,ITC1,1,Piemonte,Piemonte,4356406,2177819,49.99,0.61
140,2021-04-10,PIE,30161,13415,16746,902,457,138,134,359,11984,10238,5925,15,9,25883,4278,ITC,ITC1,1,Piemonte,Piemonte,4356406,2207980,50.68,0.69
141,2021-05-14,PIE,32871,15995,16876,421,168,222,1522,11294,3324,1424,12638,1180,678,17570,15301,ITC,ITC1,1,Piemonte,Piemonte,4356406,2240851,51.44,0.75
142,2021-03-22,PIE,11477,4864,6613,892,918,194,1221,1,9,7915,76,249,2,3871,7606,ITC,ITC1,1,Piemonte,Piemonte,4356406,2252328,51.7,0.26
143,2021-05-25,PIE,30610,14182,16428,270,183,88,1792,8755,3879,751,8025,476,6391,15711,14899,ITC,ITC1,1,Piemonte,Piemonte,4356406,2282938,52.4,0.7
144,2021-03-04,PIE,14493,5733,8760,2186,1950,612,2195,0,2,7538,0,6,4,11546,2947,ITC,ITC1,1,Piemonte,Piemonte,4356406,2297431,52.74,0.33
145,2021-03-24,PIE,15505,6341,9164,1072,766,506,840,5,21,11515,396,374,10,6378,9127,ITC,ITC1,1,Piemonte,Piemonte,4356406,2312936,53.09,0.36
146,2021-01-02,PIE,3545,1134,2411,3081,407,53,0,1,0,1,0,0,2,3545,0,ITC,ITC1,1,Piemonte,Piemonte,4356406,2316481,53.17,0.08
147,2021-01-24,PIE,3153,959,2194,2636,370,146,0,0,0,0,0,0,1,434,2719,ITC,ITC1,1,Piemonte,Piemonte,4356406,2319634,53.25,0.07
148,2021-03-23,PIE,13065,5447,7618,705,1020,260,1334,5,15,9244,287,178,17,6822,6243,ITC,ITC1,1,Piemonte,Piemonte,4356406,2332699,53.55,0.3
149,2021-05-23,PIE,28597,13066,15531,158,58,10,2688,5912,4875,556,7640,247,6453,15712,12885,ITC,ITC1,1,Piemonte,Piemonte,4356406,2361296,54.2,0.66
150,2021-02-01,UMB,1285,342,943,877,35,373,0,0,0,0,0,0,0,48,1237,ITI,ITI2,10,Umbria,Umbria,882015,1285,0.15,0.15
151,2021-04-12,UMB,7086,3076,4010,204,17,0,17,31,2428,2911,1462,4,12,5369,1717,ITI,ITI2,10,Umbria,Umbria,882015,8371,0.95,0.8
152,2021-02-20,UMB,282,100,182,83,7,39,0,0,0,152,0,0,1,258,24,ITI,ITI2,10,Umbria,Umbria,882015,8653,0.98,0.03
153,2021-05-03,UMB,5090,2270,2820,189,22,12,12,17,120,1452,3230,35,1,2203,2887,ITI,ITI2,10,Umbria,Umbria,882015,13743,1.56,0.58
154,2021-01-02,UMB,304,111,193,304,0,0,0,0,0,0,0,0,0,304,0,ITI,ITI2,10,Umbria,Umbria,882015,14047,1.59,0.03
155,2021-01-11,UMB,1315,346,969,880,14,415,0,1,0,0,0,0,5,1315,0,ITI,ITI2,10,Umbria,Umbria,882015,15362,1.74,0.15
156,2021-03-09,UMB,4051,1971,2080,143,568,122,23,0,1,2915,7,217,55,2760,1291,ITI,ITI2,10,Umbria,Umbria,882015,19413,2.2,0.46
157,2021-01-25,UMB,648,323,325,646,2,0,0,0,0,0,0,0,0,5,643,ITI,ITI2,10,Umbria,Umbria,882015,20061,2.27,0.07
158,2021-01-19,UMB,103,23,80,21,2,80,0,0,0,0,0,0,0,103,0,ITI,ITI2,10,Umbria,Umbria,882015,20164,2.29,0.01
159,2021-02-06,UMB,396,138,258,333,47,16,0,0,0,0,0,0,0,34,362,ITI,ITI2,10,Umbria,Umbria,882015,20560,2.33,0.04
160,2021-01-04,UMB,810,398,412,810,0,0,0,0,0,0,0,0,0,810,0,ITI,ITI2,10,Umbria,Umbria,882015,21370,2.42,0.09
161,2021-04-10,UMB,7465,3511,3954,82,63,49,50,49,2475,692,3972,18,15,7330,135,ITI,ITI2,10,Umbria,Umbria,882015,28835,3.27,0.85
162,2021-05-12,UMB,6437,3002,3435,207,28,34,1,379,1374,1277,3073,2,62,4297,2140,ITI,ITI2,10,Umbria,Umbria,882015,35272,4.0,0.73
163,2021-02-05,UMB,780,234,546,645,51,84,0,0,0,0,0,0,0,18,762,ITI,ITI2,10,Umbria,Umbria,882015,36052,4.09,0.09
164,2021-05-24,UMB,8995,4471,4524,162,274,10,124,2743,143,122,5021,371,25,8149,846,ITI,ITI2,10,Umbria,Umbria,882015,45047,5.11,1.02
165,2021-02-03,UMB,725,174,551,560,34,131,0,0,0,0,0,0,0,67,658,ITI,ITI2,10,Umbria,Umbria,882015,45772,5.19,0.08
166,2021-02-26,UMB,660,253,407,386,73,40,3,0,0,154,0,4,0,652,8,ITI,ITI2,10,Umbria,Umbria,882015,46432,5.26,0.07
167,2021-01-07,UMB,1300,387,913,893,1,404,0,0,0,1,0,0,1,1300,0,ITI,ITI2,10,Umbria,Umbria,882015,47732,5.41,0.15
168,2021-03-11,UMB,3565,1697,1868,144,652,263,158,0,0,2018,1,291,38,2559,1006,ITI,ITI2,10,Umbria,Umbria,882015,51297,5.82,0.4
169,2021-03-14,UMB,66,48,18,0,6,1,4,6,2,0,0,0,47,66,0,ITI,ITI2,10,Umbria,Umbria,882015,51363,5.82,0.01
170,2021-04-27,UMB,5664,2403,3261,200,11,1,8,29,1164,2488,1731,8,24,3088,2576,ITI,ITI2,10,Umbria,Umbria,882015,57027,6.47,0.64
171,2021-04-24,UMB,4562,1963,2599,42,15,0,81,35,1127,1079,2178,3,2,3384,1178,ITI,ITI2,10,Umbria,Umbria,882015,61589,6.98,0.52
172,2021-03-10,UMB,4012,1927,2085,123,785,180,75,3,3,2566,6,263,8,2756,1256,ITI,ITI2,10,Umbria,Umbria,882015,65601,7.44,0.45
173,2021-02-16,UMB,1308,655,653,34,4,0,0,2,1,1263,4,0,0,1299,9,ITI,ITI2,10,Umbria,Umbria,882015,66909,7.59,0.15
174,2021-04-21,UMB,5310,2308,3002,237,9,1,9,74,1064,2702,1201,5,8,3084,2226,ITI,ITI2,10,Umbria,Umbria,882015,72219,8.19,0.6
175,2021-02-17,UMB,1618,748,870,363,4,0,1,0,6,1240,1,0,3,1267,351,ITI,ITI2,10,Umbria,Umbria,882015,73837,8.37,0.18
176,2021-04-22,UMB,5427,2230,3197,258,21,78,5,37,794,3020,1199,7,8,2766,2661,ITI,ITI2,10,Umbria,Umbria,882015,79264,8.99,0.62
177,2021-04-30,UMB,6232,2962,3270,74,31,66,77,28,390,286,5264,8,8,2843,3389,ITI,ITI2,10,Umbria,Umbria,882015,85496,9.69,0.71
178,2021-01-06,UMB,846,325,521,843,0,0,0,1,0,0,0,0,2,846,0,ITI,ITI2,10,Umbria,Umbria,882015,86342,9.79,0.1
179,2021-03-06,UMB,4267,1110,3157,422,186,26,2322,6,5,1128,0,125,47,4124,143,ITI,ITI2,10,Umbria,Umbria,882015,90609,10.27,0.48
180,2021-03-01,UMB,1503,774,729,110,10,0,1,0,0,1249,0,133,0,1389,114,ITI,ITI2,10,Umbria,Umbria,882015,92112,10.44,0.17
181,2021-01-05,UMB,854,429,425,851,0,0,0,1,0,0,0,0,2,854,0,ITI,ITI2,10,Umbria,Umbria,882015,92966,10.54,0.1
182,2021-04-03,UMB,2111,716,1395,143,208,30,216,5,32,1283,169,22,3,1058,1053,ITI,ITI2,10,Umbria,Umbria,882015,95077,10.78,0.24
183,2021-02-24,UMB,1520,565,955,1083,45,90,0,1,0,292,0,9,0,1505,15,ITI,ITI2,10,Umbria,Umbria,882015,96597,10.95,0.17
184,2021-04-01,UMB,4347,1809,2538,204,14,309,19,5,7,3268,452,5,64,2340,2007,ITI,ITI2,10,Umbria,Umbria,882015,100944,11.44,0.49
185,2021-05-14,UMB,5234,2435,2799,76,36,34,50,475,773,278,3469,12,31,3429,1805,ITI,ITI2,10,Umbria,Umbria,882015,106178,12.04,0.59
186,2021-02-08,UMB,637,203,434,368,111,154,0,0,0,0,0,4,0,88,549,ITI,ITI2,10,Umbria,Umbria,882015,106815,12.11,0.07
187,2021-05-13,UMB,5882,2647,3235,149,14,21,3,348,1106,1234,2914,15,78,3810,2072,ITI,ITI2,10,Umbria,Umbria,882015,112697,12.78,0.67
188,2021-01-16,UMB,221,73,148,146,32,43,0,0,0,0,0,0,0,221,0,ITI,ITI2,10,Umbria,Umbria,882015,112918,12.8,0.03
189,2021-03-20,UMB,2298,833,1465,317,682,21,1200,0,1,0,0,72,5,2273,25,ITI,ITI2,10,Umbria,Umbria,882015,115216,13.06,0.26
190,2021-01-15,UMB,701,215,486,590,44,67,0,0,0,0,0,0,0,701,0,ITI,ITI2,10,Umbria,Umbria,882015,115917,13.14,0.08
191,2021-01-09,UMB,1745,499,1246,894,7,844,0,0,0,0,0,0,0,1745,0,ITI,ITI2,10,Umbria,Umbria,882015,117662,13.34,0.2
192,2021-05-25,UMB,8742,4252,4490,157,530,20,127,3321,196,139,3924,312,16,7729,1013,ITI,ITI2,10,Umbria,Umbria,882015,126404,14.33,0.99
193,2021-03-29,UMB,3844,1692,2152,247,42,58,26,9,12,2832,534,21,63,2365,1479,ITI,ITI2,10,Umbria,Umbria,882015,130248,14.77,0.44
194,2021-01-14,UMB,752,201,551,697,35,19,1,0,0,0,0,0,0,752,0,ITI,ITI2,10,Umbria,Umbria,882015,131000,14.85,0.09
195,2021-05-06,UMB,9450,4309,5141,216,33,27,4,209,3811,1577,3560,4,9,6144,3306,ITI,ITI2,10,Umbria,Umbria,882015,140450,15.92,1.07
196,2021-05-20,UMB,9819,4581,5238,189,99,9,1269,2819,500,772,3687,441,34,6182,3637,ITI,ITI2,10,Umbria,Umbria,882015,150269,17.04,1.11
197,2021-03-05,UMB,4591,1379,3212,604,320,7,2554,2,1,712,0,383,8,3935,656,ITI,ITI2,10,Umbria,Umbria,882015,154860,17.56,0.52
198,2021-02-02,UMB,944,274,670,714,17,212,0,0,0,0,0,0,1,32,912,ITI,ITI2,10,Umbria,Umbria,882015,155804,17.66,0.11
199,2021-04-18,UMB,1530,680,850,67,11,0,41,2,172,840,376,21,0,600,930,ITI,ITI2,10,Umbria,Umbria,882015,157334,17.84,0.17
200,2021-03-15,UMB,4596,1930,2666,1426,264,79,263,2,1,2343,7,206,5,2828,1768,ITI,ITI2,10,Umbria,Umbria,882015,161930,18.36,0.52
201,2021-03-13,UMB,1731,524,1207,120,154,49,1152,3,0,152,0,91,10,1486,245,ITI,ITI2,10,Umbria,Umbria,882015,163661,18.56,0.2
202,2021-01-18,UMB,614,219,395,348,114,144,0,2,1,0,0,0,5,529,85,ITI,ITI2,10,Umbria,Umbria,882015,164275,18.62,0.07
203,2021-04-07,UMB,5568,2289,3279,494,42,107,22,9,926,3187,759,18,4,3562,2006,ITI,ITI2,10,Umbria,Umbria,882015,169843,19.26,0.63
204,2021-02-15,UMB,1368,692,676,10,4,0,0,0,1,1351,2,0,0,1367,1,ITI,ITI2,10,Umbria,Umbria,882015,171211,19.41,0.16
205,2021-02-10,UMB,715,349,366,606,106,3,0,0,0,0,0,0,0,700,15,ITI,ITI2,10,Umbria,Umbria,882015,171926,19.49,0.08
206,2021-04-14,UMB,8147,3673,4474,226,35,15,19,59,2928,3149,1695,13,8,6168,1979,ITI,ITI2,10,Umbria,Umbria,882015,180073,20.42,0.92
207,2021-03-07,UMB,845,180,665,17,82,25,676,0,0,45,0,0,0,838,7,ITI,ITI2,10,Umbria,Umbria,882015,180918,20.51,0.1
208,2021-01-13,UMB,450,139,311,379,29,42,0,0,0,0,0,0,0,450,0,ITI,ITI2,10,Umbria,Umbria,882015,181368,20.56,0.05
209,2021-05-15,UMB,4973,1872,3101,27,29,1,1502,272,405,208,2505,8,16,1810,3163,ITI,ITI2,10,Umbria,Umbria,882015,186341,21.13,0.56
210,2021-01-27,UMB,840,330,510,839,1,0,0,0,0,0,0,0,0,13,827,ITI,ITI2,10,Umbria,Umbria,882015,187181,21.22,0.1
211,2021-02-13,UMB,115,28,87,68,46,0,0,0,0,1,0,0,0,112,3,ITI,ITI2,10,Umbria,Umbria,882015,187296,21.24,0.01
212,2021-03-27,UMB,4253,1512,2741,752,595,1,576,4,7,2239,1,24,54,3913,340,ITI,ITI2,10,Umbria,Umbria,882015,191549,21.72,0.48
213,2021-03-04,UMB,4485,1853,2632,849,184,4,1466,2,0,1563,0,410,7,3657,828,ITI,ITI2,10,Umbria,Umbria,882015,196034,22.23,0.51
214,2021-04-02,UMB,4274,1712,2562,376,318,68,331,3,23,897,2155,35,68,3517,757,ITI,ITI2,10,Umbria,Umbria,882015,200308,22.71,0.48
215,2021-01-26,UMB,816,390,426,815,1,0,0,0,0,0,0,0,0,18,798,ITI,ITI2,10,Umbria,Umbria,882015,201124,22.8,0.09
216,2021-01-20,UMB,613,222,391,583,15,14,1,0,0,0,0,0,0,613,0,ITI,ITI2,10,Umbria,Umbria,882015,201737,22.87,0.07
217,2021-02-12,UMB,671,224,447,459,208,1,2,0,0,1,0,0,0,665,6,ITI,ITI2,10,Umbria,Umbria,882015,202408,22.95,0.08
218,2021-01-31,UMB,1058,276,782,767,10,281,0,0,0,0,0,0,0,25,1033,ITI,ITI2,10,Umbria,Umbria,882015,203466,23.07,0.12
219,2021-05-26,UMB,7038,3393,3645,157,773,12,124,2779,91,94,2829,164,15,5916,1122,ITI,ITI2,10,Umbria,Umbria,882015,210504,23.87,0.8
220,2021-03-30,UMB,3948,1705,2243,179,31,108,20,0,0,3075,432,15,88,2416,1532,ITI,ITI2,10,Umbria,Umbria,882015,214452,24.31,0.45
221,2021-05-08,UMB,8097,3728,4369,52,35,8,113,223,2151,637,4844,11,23,4902,3195,ITI,ITI2,10,Umbria,Umbria,882015,222549,25.23,0.92
222,2021-04-13,UMB,7674,3397,4277,218,23,21,19,61,2866,2875,1573,8,10,6005,1669,ITI,ITI2,10,Umbria,Umbria,882015,230223,26.1,0.87
223,2021-05-23,UMB,5067,1855,3212,21,78,32,675,321,38,3428,469,2,3,652,4415,ITI,ITI2,10,Umbria,Umbria,882015,235290,26.68,0.57
224,2021-01-03,UMB,270,112,158,270,0,0,0,0,0,0,0,0,0,270,0,ITI,ITI2,10,Umbria,Umbria,882015,235560,26.71,0.03
225,2021-01-22,UMB,276,105,171,273,1,2,0,0,0,0,0,0,0,32,244,ITI,ITI2,10,Umbria,Umbria,882015,235836,26.74,0.03
226,2021-04-17,UMB,6664,3058,3606,164,31,23,127,39,1756,1445,3061,11,7,5324,1340,ITI,ITI2,10,Umbria,Umbria,882015,242500,27.49,0.76
227,2021-05-07,UMB,10091,4689,5402,123,45,114,162,388,3284,719,5204,14,38,6892,3199,ITI,ITI2,10,Umbria,Umbria,882015,252591,28.64,1.14
228,2021-03-08,UMB,3672,1801,1871,141,289,46,43,1,3,2855,2,292,0,2309,1363,ITI,ITI2,10,Umbria,Umbria,882015,256263,29.05,0.42
229,2021-05-05,UMB,7171,3282,3889,185,32,22,11,73,1415,1578,3835,11,9,3875,3296,ITI,ITI2,10,Umbria,Umbria,882015,263434,29.87,0.81
230,2021-02-04,UMB,733,226,507,693,20,20,0,0,0,0,0,0,0,25,708,ITI,ITI2,10,Umbria,Umbria,882015,264167,29.95,0.08
231,2021-03-17,UMB,3331,1313,2018,1430,55,131,16,2,0,1684,1,8,4,1859,1472,ITI,ITI2,10,Umbria,Umbria,882015,267498,30.33,0.38
232,2021-04-08,UMB,5832,2465,3367,343,28,287,12,24,1402,2905,810,13,8,4037,1795,ITI,ITI2,10,Umbria,Umbria,882015,273330,30.99,0.66
233,2021-03-31,UMB,3903,1733,2170,178,39,183,23,1,5,2963,425,6,80,2216,1687,ITI,ITI2,10,Umbria,Umbria,882015,277233,31.43,0.44
234,2021-01-23,UMB,280,100,180,279,1,0,0,0,0,0,0,0,0,2,278,ITI,ITI2,10,Umbria,Umbria,882015,277513,31.46,0.03
235,2021-03-02,UMB,3642,1346,2296,318,235,55,1446,0,1,1303,0,284,0,3638,4,ITI,ITI2,10,Umbria,Umbria,882015,281155,31.88,0.41
236,2021-03-22,UMB,3559,1654,1905,163,235,0,147,3,2,2830,0,174,5,2313,1246,ITI,ITI2,10,Umbria,Umbria,882015,284714,32.28,0.4
237,2021-01-28,UMB,1247,394,853,898,4,345,0,0,0,0,0,0,0,19,1228,ITI,ITI2,10,Umbria,Umbria,882015,285961,32.42,0.14
238,2021-01-10,UMB,1070,277,793,745,3,318,0,1,1,1,0,0,1,1070,0,ITI,ITI2,10,Umbria,Umbria,882015,287031,32.54,0.12
239,2021-04-06,UMB,5290,2169,3121,599,56,113,29,16,378,3355,713,5,26,2901,2389,ITI,ITI2,10,Umbria,Umbria,882015,292321,33.14,0.6
240,2021-05-17,UMB,6340,3050,3290,142,10,8,10,320,288,961,4309,258,34,4178,2162,ITI,ITI2,10,Umbria,Umbria,882015,298661,33.86,0.72
241,2021-02-27,UMB,1658,354,1304,14,11,13,1560,0,0,0,0,60,0,1642,16,ITI,ITI2,10,Umbria,Umbria,882015,300319,34.05,0.19
242,2020-12-31,UMB,322,127,195,310,0,0,0,2,0,0,0,0,10,322,0,ITI,ITI2,10,Umbria,Umbria,882015,300641,34.09,0.04
243,2021-02-23,UMB,1693,658,1035,1187,95,17,0,0,0,394,0,0,0,1651,42,ITI,ITI2,10,Umbria,Umbria,882015,302334,34.28,0.19
244,2021-03-03,UMB,4438,1773,2665,721,247,86,1534,0,0,1519,0,329,2,3727,711,ITI,ITI2,10,Umbria,Umbria,882015,306772,34.78,0.5
245,2021-03-21,UMB,665,330,335,31,285,0,64,34,6,0,0,34,211,665,0,ITI,ITI2,10,Umbria,Umbria,882015,307437,34.86,0.08
246,2021-02-18,UMB,1496,582,914,325,14,170,0,0,0,985,1,0,1,1030,466,ITI,ITI2,10,Umbria,Umbria,882015,308933,35.03,0.17
247,2021-01-08,UMB,1190,345,845,942,8,239,0,0,1,0,0,0,0,1190,0,ITI,ITI2,10,Umbria,Umbria,882015,310123,35.16,0.13
248,2021-04-11,UMB,3102,1503,1599,30,1,2,4,23,924,137,1942,39,0,3053,49,ITI,ITI2,10,Umbria,Umbria,882015,313225,35.51,0.35
249,2021-04-05,UMB,4250,1728,2522,764,22,69,26,3,89,2653,615,6,3,2195,2055,ITI,ITI2,10,Umbria,Umbria,882015,317475,35.99,0.48
250,2021-04-04,UMB,59,20,39,0,0,0,0,0,22,37,0,0,0,23,36,ITI,ITI2,10,Umbria,Umbria,882015,317534,36.0,0.01
251,2021-04-20,UMB,5439,2356,3083,203,18,27,16,37,1328,2525,1278,0,7,3492,1947,ITI,ITI2,10,Umbria,Umbria,882015,322973,36.62,0.62
252,2021-03-26,UMB,4570,1682,2888,570,496,91,738,2,4,2488,0,155,26,4398,172,ITI,ITI2,10,Umbria,Umbria,882015,327543,37.14,0.52
253,2021-04-25,UMB,4364,1685,2679,12,13,8,1,20,187,3998,124,1,0,4282,82,ITI,ITI2,10,Umbria,Umbria,882015,331907,37.63,0.49
254,2021-04-28,UMB,5344,2316,3028,183,37,15,4,28,1125,2168,1774,7,3,2962,2382,ITI,ITI2,10,Umbria,Umbria,882015,337251,38.24,0.61
255,2021-02-25,UMB,1336,497,839,827,96,99,6,1,0,305,0,0,2,1284,52,ITI,ITI2,10,Umbria,Umbria,882015,338587,38.39,0.15
256,2021-02-19,UMB,743,293,450,282,12,14,0,0,0,433,2,0,0,526,217,ITI,ITI2,10,Umbria,Umbria,882015,339330,38.47,0.08
257,2021-04-23,UMB,6606,2786,3820,66,36,83,92,52,1142,1015,4097,8,15,3487,3119,ITI,ITI2,10,Umbria,Umbria,882015,345936,39.22,0.75
258,2021-01-29,UMB,1232,348,884,944,16,272,0,0,0,0,0,0,0,79,1153,ITI,ITI2,10,Umbria,Umbria,882015,347168,39.36,0.14
259,2021-02-07,UMB,54,17,37,46,8,0,0,0,0,0,0,0,0,1,53,ITI,ITI2,10,Umbria,Umbria,882015,347222,39.37,0.01
260,2021-03-16,UMB,3538,1454,2084,1634,79,98,11,0,2,1708,1,0,5,1911,1627,ITI,ITI2,10,Umbria,Umbria,882015,350760,39.77,0.4
261,2021-03-12,UMB,2652,1039,1613,113,454,59,1194,2,0,465,2,309,54,2154,498,ITI,ITI2,10,Umbria,Umbria,882015,353412,40.07,0.3
262,2021-04-09,UMB,6791,3162,3629,105,62,69,86,35,1802,709,3890,10,23,6572,219,ITI,ITI2,10,Umbria,Umbria,882015,360203,40.84,0.77
263,2021-01-30,UMB,1590,490,1100,852,18,719,0,0,0,1,0,0,0,44,1546,ITI,ITI2,10,Umbria,Umbria,882015,361793,41.02,0.18
264,2021-03-25,UMB,3904,1699,2205,260,72,80,32,5,9,3272,1,123,50,2840,1064,ITI,ITI2,10,Umbria,Umbria,882015,365697,41.46,0.44
265,2021-01-24,UMB,258,106,152,258,0,0,0,0,0,0,0,0,0,1,257,ITI,ITI2,10,Umbria,Umbria,882015,365955,41.49,0.03
266,2021-05-10,UMB,5970,2793,3177,173,30,18,5,241,1166,1233,3037,37,30,3818,2152,ITI,ITI2,10,Umbria,Umbria,882015,371925,42.17,0.68
267,2021-05-04,UMB,5531,2543,2988,202,22,13,7,29,186,1524,3493,42,13,2410,3121,ITI,ITI2,10,Umbria,Umbria,882015,377456,42.79,0.63
268,2021-05-09,UMB,5764,2757,3007,17,15,0,10,38,540,96,5043,2,3,5373,391,ITI,ITI2,10,Umbria,Umbria,882015,383220,43.45,0.65
269,2021-05-21,UMB,8911,3631,5280,58,149,8,2633,1757,385,178,3437,263,43,4108,4803,ITI,ITI2,10,Umbria,Umbria,882015,392131,44.46,1.01
270,2020-12-27,UMB,86,45,41,68,2,16,0,0,0,0,0,0,0,86,0,ITI,ITI2,10,Umbria,Umbria,882015,392217,44.47,0.01
271,2021-03-24,UMB,4072,1760,2312,215,165,1,42,3,2,3531,0,111,2,2749,1323,ITI,ITI2,10,Umbria,Umbria,882015,396289,44.93,0.46
272,2021-03-23,UMB,3797,1685,2112,396,237,12,60,5,3,2854,0,175,55,2168,1629,ITI,ITI2,10,Umbria,Umbria,882015,400086,45.36,0.43
273,2021-05-11,UMB,6220,2825,3395,163,14,21,2,276,1542,1291,2876,9,26,4021,2199,ITI,ITI2,10,Umbria,Umbria,882015,406306,46.07,0.71
274,2021-05-01,UMB,5373,2640,2733,50,19,0,62,13,100,228,4876,23,2,2146,3227,ITI,ITI2,10,Umbria,Umbria,882015,411679,46.67,0.61
275,2021-01-21,UMB,610,202,408,428,13,169,0,0,0,0,0,0,0,341,269,ITI,ITI2,10,Umbria,Umbria,882015,412289,46.74,0.07
276,2021-04-16,UMB,8099,3741,4358,166,34,96,180,90,2606,1903,2978,18,28,6262,1837,ITI,ITI2,10,Umbria,Umbria,882015,420388,47.66,0.92
277,2021-04-26,UMB,5373,2328,3045,202,21,0,8,14,1269,2340,1494,5,20,3121,2252,ITI,ITI2,10,Umbria,Umbria,882015,425761,48.27,0.61
278,2021-04-19,UMB,5015,2216,2799,205,44,34,23,48,803,2515,1324,5,14,2966,2049,ITI,ITI2,10,Umbria,Umbria,882015,430776,48.84,0.57
279,2021-02-22,UMB,1859,778,1081,736,89,1,0,1,2,1007,5,0,18,1773,86,ITI,ITI2,10,Umbria,Umbria,882015,432635,49.05,0.21
280,2021-03-19,UMB,1743,565,1178,462,237,74,724,4,0,192,0,27,23,1087,656,ITI,ITI2,10,Umbria,Umbria,882015,434378,49.25,0.2
281,2021-03-28,UMB,1096,442,654,65,15,5,37,5,7,938,0,24,0,1072,24,ITI,ITI2,10,Umbria,Umbria,882015,435474,49.37,0.12
282,2021-05-02,UMB,3787,1868,1919,36,31,0,19,9,40,67,3575,9,1,1333,2454,ITI,ITI2,10,Umbria,Umbria,882015,439261,49.8,0.43
283,2021-05-22,UMB,6885,2701,4184,45,108,13,2330,1093,205,102,2772,158,59,2617,4268,ITI,ITI2,10,Umbria,Umbria,882015,446146,50.58,0.78
284,2021-01-17,UMB,54,17,37,47,7,0,0,0,0,0,0,0,0,54,0,ITI,ITI2,10,Umbria,Umbria,882015,446200,50.59,0.01
285,2021-05-19,UMB,9371,4190,5181,189,106,59,1498,2339,349,742,3825,238,26,5639,3732,ITI,ITI2,10,Umbria,Umbria,882015,455571,51.65,1.06
286,2021-05-16,UMB,5317,2534,2783,9,11,1,3,22,56,30,5182,1,2,5265,52,ITI,ITI2,10,Umbria,Umbria,882015,460888,52.25,0.6
287,2021-02-11,UMB,842,349,493,735,98,5,3,1,0,0,0,0,0,837,5,ITI,ITI2,10,Umbria,Umbria,882015,461730,52.35,0.1
288,2021-01-12,UMB,838,248,590,677,15,146,0,0,0,0,0,0,0,838,0,ITI,ITI2,10,Umbria,Umbria,882015,462568,52.44,0.1
289,2021-04-29,UMB,5207,2245,2962,204,29,36,8,32,1030,2066,1790,6,6,2881,2326,ITI,ITI2,10,Umbria,Umbria,882015,467775,53.03,0.59
290,2021-03-18,UMB,2942,1164,1778,975,124,350,12,3,5,1463,0,3,7,1704,1238,ITI,ITI2,10,Umbria,Umbria,882015,470717,53.37,0.33
291,2021-04-15,UMB,7626,3482,4144,261,34,55,25,77,2577,2867,1668,44,18,5740,1886,ITI,ITI2,10,Umbria,Umbria,882015,478343,54.23,0.86
292,2021-05-18,UMB,7700,3332,4368,167,130,51,1420,610,400,869,3738,288,27,3863,3837,ITI,ITI2,10,Umbria,Umbria,882015,486043,55.11,0.87
293,2021-01-01,UMB,274,105,169,273,0,0,0,0,0,0,0,0,1,274,0,ITI,ITI2,10,Umbria,Umbria,882015,486317,55.14,0.03
294,2021-05-18,LAZ,44089,20099,23990,702,88,24,3814,10214,6164,1108,5443,1692,14840,34789,9300,ITI,ITI4,12,Lazio,Lazio,5879082,44089,0.75,0.75
295,2021-01-31,LAZ,4458,1853,2605,3572,142,244,0,58,44,154,0,0,244,475,3983,ITI,ITI4,12,Lazio,Lazio,5879082,48547,0.83,0.08
296,2021-01-26,LAZ,7958,3125,4833,6595,219,631,0,87,47,162,0,0,217,724,7234,ITI,ITI4,12,Lazio,Lazio,5879082,56505,0.96,0.14
297,2021-02-13,LAZ,6608,2626,3982,2121,100,280,0,64,70,3721,0,3,249,6194,414,ITI,ITI4,12,Lazio,Lazio,5879082,63113,1.07,0.11
298,2021-03-18,LAZ,14224,6077,8147,1029,94,330,6,378,1038,9673,1285,16,375,7834,6390,ITI,ITI4,12,Lazio,Lazio,5879082,77337,1.32,0.24
299,2021-01-27,LAZ,6114,2387,3727,4797,228,457,0,106,50,150,0,0,326,997,5117,ITI,ITI4,12,Lazio,Lazio,5879082,83451,1.42,0.1
300,2021-04-13,LAZ,25656,11868,13788,753,109,296,57,4935,8125,7829,2932,23,597,17953,7703,ITI,ITI4,12,Lazio,Lazio,5879082,109107,1.86,0.44
301,2021-05-15,LAZ,57032,27241,29791,750,131,91,2728,11084,9775,3579,5151,1549,22194,40611,16421,ITI,ITI4,12,Lazio,Lazio,5879082,166139,2.83,0.97
302,2021-02-10,LAZ,8187,3398,4789,2647,278,634,0,99,82,4057,0,0,390,4850,3337,ITI,ITI4,12,Lazio,Lazio,5879082,174326,2.97,0.14
303,2021-05-23,LAZ,46938,22704,24234,308,58,10,3173,8730,4590,578,4061,931,24499,39682,7256,ITI,ITI4,12,Lazio,Lazio,5879082,221264,3.76,0.8
304,2021-02-25,LAZ,12655,5518,7137,1754,437,489,2612,139,117,5235,1,1427,444,11605,1050,ITI,ITI4,12,Lazio,Lazio,5879082,233919,3.98,0.22
305,2021-05-07,LAZ,48105,22553,25552,1529,144,242,105,11526,12214,5201,6208,1564,9372,30406,17699,ITI,ITI4,12,Lazio,Lazio,5879082,282024,4.8,0.82
306,2021-03-08,LAZ,20060,8312,11748,1579,135,380,4711,941,274,9238,908,1103,791,14787,5273,ITI,ITI4,12,Lazio,Lazio,5879082,302084,5.14,0.34
307,2021-04-08,LAZ,26644,12170,14474,1237,93,187,59,3617,9057,8459,2539,185,1211,18962,7682,ITI,ITI4,12,Lazio,Lazio,5879082,328728,5.59,0.45
308,2021-03-02,LAZ,16987,7431,9556,1469,361,229,3754,477,96,8232,328,1301,740,13053,3934,ITI,ITI4,12,Lazio,Lazio,5879082,345715,5.88,0.29
309,2021-05-26,LAZ,36182,16158,20024,608,108,46,3221,9339,4499,635,4224,1185,12317,27610,8572,ITI,ITI4,12,Lazio,Lazio,5879082,381897,6.5,0.62
310,2021-01-10,LAZ,4039,1700,2339,3424,160,252,0,35,27,24,0,0,117,4039,0,ITI,ITI4,12,Lazio,Lazio,5879082,385936,6.56,0.07
311,2021-05-08,LAZ,45156,20602,24554,1246,111,139,69,11259,11030,4978,5206,1364,9754,29802,15354,ITI,ITI4,12,Lazio,Lazio,5879082,431092,7.33,0.77
312,2021-01-20,LAZ,4806,1942,2864,3282,233,427,0,91,59,380,0,0,334,3263,1543,ITI,ITI4,12,Lazio,Lazio,5879082,435898,7.41,0.08
313,2021-05-05,LAZ,46695,21421,25274,1715,164,103,67,10932,12561,4905,5501,953,9794,30893,15802,ITI,ITI4,12,Lazio,Lazio,5879082,482593,8.21,0.79
314,2021-01-24,LAZ,5694,2229,3465,4945,132,134,0,56,107,170,0,0,150,612,5082,ITI,ITI4,12,Lazio,Lazio,5879082,488287,8.31,0.1
315,2021-03-15,LAZ,19273,8330,10943,1601,137,414,2535,710,1679,9759,812,968,658,12534,6739,ITI,ITI4,12,Lazio,Lazio,5879082,507560,8.63,0.33
316,2021-04-07,LAZ,24957,11318,13639,1149,88,190,94,2832,8843,8433,2082,139,1107,17654,7303,ITI,ITI4,12,Lazio,Lazio,5879082,532517,9.06,0.42
317,2021-01-28,LAZ,8278,3164,5114,6811,381,514,0,112,39,150,0,0,271,781,7497,ITI,ITI4,12,Lazio,Lazio,5879082,540795,9.2,0.14
318,2021-01-30,LAZ,7009,2891,4118,5299,283,651,0,114,70,187,0,0,405,807,6202,ITI,ITI4,12,Lazio,Lazio,5879082,547804,9.32,0.12
319,2021-04-20,LAZ,30976,14216,16760,704,143,230,75,7385,10173,8021,3756,35,454,19697,11279,ITI,ITI4,12,Lazio,Lazio,5879082,578780,9.84,0.53
320,2021-04-14,LAZ,29270,13262,16008,672,87,152,82,5076,9721,9111,3762,19,588,19149,10121,ITI,ITI4,12,Lazio,Lazio,5879082,608050,10.34,0.5
321,2021-01-11,LAZ,5529,2104,3425,4555,312,569,0,12,9,14,0,0,58,5529,0,ITI,ITI4,12,Lazio,Lazio,5879082,613579,10.44,0.09
322,2021-05-19,LAZ,46404,21191,25213,840,130,77,3594,10642,6035,1085,5915,1664,16422,36615,9789,ITI,ITI4,12,Lazio,Lazio,5879082,659983,11.23,0.79
323,2021-03-07,LAZ,14099,5435,8664,1005,27,148,3532,311,137,7468,405,708,358,10506,3593,ITI,ITI4,12,Lazio,Lazio,5879082,674082,11.47,0.24
324,2021-01-13,LAZ,5670,2145,3525,4148,273,1009,0,39,12,28,0,0,161,5670,0,ITI,ITI4,12,Lazio,Lazio,5879082,679752,11.56,0.1
325,2021-04-19,LAZ,30059,13662,16397,655,107,157,38,6888,9946,8323,3409,46,490,19384,10675,ITI,ITI4,12,Lazio,Lazio,5879082,709811,12.07,0.51
326,2021-05-22,LAZ,54416,26481,27935,804,108,3,3601,11181,5167,986,6351,1676,24539,44162,10254,ITI,ITI4,12,Lazio,Lazio,5879082,764227,13.0,0.93
327,2021-02-22,LAZ,11457,4990,6467,1779,130,476,2232,37,30,5276,1,1397,99,10955,502,ITI,ITI4,12,Lazio,Lazio,5879082,775684,13.19,0.19
328,2021-02-24,LAZ,12047,5204,6843,1799,432,337,2407,75,64,5247,0,1335,351,11053,994,ITI,ITI4,12,Lazio,Lazio,5879082,787731,13.4,0.2
329,2020-12-30,LAZ,1630,629,1001,1603,0,27,0,0,0,0,0,0,0,1630,0,ITI,ITI4,12,Lazio,Lazio,5879082,789361,13.43,0.03
330,2021-05-13,LAZ,49427,22141,27286,1078,171,103,2417,11380,10977,4222,6038,1523,11518,31845,17582,ITI,ITI4,12,Lazio,Lazio,5879082,838788,14.27,0.84
331,2021-04-26,LAZ,29126,13394,15732,981,83,350,56,7387,11291,5654,2668,431,225,19926,9200,ITI,ITI4,12,Lazio,Lazio,5879082,867914,14.76,0.5
332,2021-04-09,LAZ,27292,12265,15027,858,150,163,70,4194,8878,8620,2914,178,1267,19074,8218,ITI,ITI4,12,Lazio,Lazio,5879082,895206,15.23,0.46
333,2020-12-29,LAZ,488,176,312,486,2,0,0,0,0,0,0,0,0,488,0,ITI,ITI4,12,Lazio,Lazio,5879082,895694,15.24,0.01
334,2021-04-10,LAZ,23802,10312,13490,678,60,111,87,3956,7287,7866,3226,33,498,16621,7181,ITI,ITI4,12,Lazio,Lazio,5879082,919496,15.64,0.4
335,2021-03-22,LAZ,21694,9064,12630,884,81,245,3877,425,4389,9342,1380,579,492,15033,6661,ITI,ITI4,12,Lazio,Lazio,5879082,941190,16.01,0.37
336,2021-03-16,LAZ,13538,5732,7806,1193,70,280,6,215,849,9691,859,9,366,7094,6444,ITI,ITI4,12,Lazio,Lazio,5879082,954728,16.24,0.23
337,2021-01-17,LAZ,4894,2028,2866,3271,149,200,0,54,81,915,0,0,224,4682,212,ITI,ITI4,12,Lazio,Lazio,5879082,959622,16.32,0.08
338,2021-04-02,LAZ,28530,13367,15163,1177,114,166,197,3352,9058,9406,3368,295,1397,21202,7328,ITI,ITI4,12,Lazio,Lazio,5879082,988152,16.81,0.49
339,2021-03-20,LAZ,18224,6810,11414,909,148,360,3051,398,2120,9118,1481,215,424,12340,5884,ITI,ITI4,12,Lazio,Lazio,5879082,1006376,17.12,0.31
340,2021-04-28,LAZ,32827,14986,17841,2034,167,68,94,8061,11214,5985,4270,329,605,21283,11544,ITI,ITI4,12,Lazio,Lazio,5879082,1039203,17.68,0.56
341,2021-03-28,LAZ,18837,7541,11296,550,21,77,2616,1393,4242,8572,961,140,265,13527,5310,ITI,ITI4,12,Lazio,Lazio,5879082,1058040,18.0,0.32
342,2021-01-09,LAZ,6294,2561,3733,5116,240,620,0,61,41,39,0,0,177,6294,0,ITI,ITI4,12,Lazio,Lazio,5879082,1064334,18.1,0.11
343,2021-03-19,LAZ,17214,7363,9851,1159,149,389,1011,400,2081,9697,1489,289,550,10887,6327,ITI,ITI4,12,Lazio,Lazio,5879082,1081548,18.4,0.29
344,2021-01-05,LAZ,7374,2802,4572,6694,98,577,0,1,1,1,0,1,1,7374,0,ITI,ITI4,12,Lazio,Lazio,5879082,1088922,18.52,0.13
345,2020-12-28,LAZ,959,412,547,957,2,0,0,0,0,0,0,0,0,959,0,ITI,ITI4,12,Lazio,Lazio,5879082,1089881,18.54,0.02
346,2021-05-01,LAZ,37907,17063,20844,1633,252,44,51,10771,11609,3929,3712,75,5831,25966,11941,ITI,ITI4,12,Lazio,Lazio,5879082,1127788,19.18,0.64
347,2021-02-07,LAZ,4942,2023,2919,3252,139,218,1,84,96,912,0,0,240,387,4555,ITI,ITI4,12,Lazio,Lazio,5879082,1132730,19.27,0.08
348,2021-02-08,LAZ,9739,4153,5586,3789,430,918,0,134,101,3832,0,0,535,4508,5231,ITI,ITI4,12,Lazio,Lazio,5879082,1142469,19.43,0.17
349,2021-03-29,LAZ,23940,10750,13190,771,94,143,804,1561,7502,9777,2418,372,498,16909,7031,ITI,ITI4,12,Lazio,Lazio,5879082,1166409,19.84,0.41
350,2021-02-27,LAZ,11427,4268,7159,1363,398,516,2720,84,103,4901,12,1128,202,10472,955,ITI,ITI4,12,Lazio,Lazio,5879082,1177836,20.03,0.19
351,2021-01-22,LAZ,4002,1633,2369,3380,76,70,0,54,23,177,0,0,222,487,3515,ITI,ITI4,12,Lazio,Lazio,5879082,1181838,20.1,0.07
352,2021-04-18,LAZ,23772,10556,13216,450,23,37,27,6154,7911,7114,1866,12,178,16138,7634,ITI,ITI4,12,Lazio,Lazio,5879082,1205610,20.51,0.4
353,2021-05-20,LAZ,50594,24137,26457,1055,134,58,3602,11399,5940,1261,6648,2043,18454,37374,13220,ITI,ITI4,12,Lazio,Lazio,5879082,1256204,21.37,0.86
354,2021-03-21,LAZ,17857,6826,11031,1149,33,111,3448,114,3167,8283,1231,118,203,12807,5050,ITI,ITI4,12,Lazio,Lazio,5879082,1274061,21.67,0.3
355,2021-04-06,LAZ,23875,10652,13223,1125,88,94,167,2641,8585,8213,1925,235,802,16773,7102,ITI,ITI4,12,Lazio,Lazio,5879082,1297936,22.08,0.41
356,2021-03-05,LAZ,18792,7962,10830,1787,180,256,3971,1086,189,8584,571,1337,831,14060,4732,ITI,ITI4,12,Lazio,Lazio,5879082,1316728,22.4,0.32
357,2021-02-04,LAZ,6301,2480,3821,4459,358,892,0,105,70,123,0,0,294,987,5314,ITI,ITI4,12,Lazio,Lazio,5879082,1323029,22.5,0.11
358,2021-02-19,LAZ,10312,5198,5114,2239,105,408,33,95,93,5337,0,1646,356,9463,849,ITI,ITI4,12,Lazio,Lazio,5879082,1333341,22.68,0.18
359,2021-04-24,LAZ,33268,14966,18302,703,97,155,93,8608,11048,7267,3932,552,813,20522,12746,ITI,ITI4,12,Lazio,Lazio,5879082,1366609,23.25,0.57
360,2021-02-18,LAZ,10017,4976,5041,2162,111,473,1,168,63,4988,0,1680,371,9208,809,ITI,ITI4,12,Lazio,Lazio,5879082,1376626,23.42,0.17
361,2021-03-10,LAZ,22011,9481,12530,1888,177,452,4620,2244,553,9064,916,1178,919,16365,5646,ITI,ITI4,12,Lazio,Lazio,5879082,1398637,23.79,0.37
362,2021-04-17,LAZ,32299,14174,18125,834,102,220,55,7193,9310,9352,4417,10,806,20354,11945,ITI,ITI4,12,Lazio,Lazio,5879082,1430936,24.34,0.55
363,2021-02-14,LAZ,5773,2370,3403,1647,38,127,0,74,131,3503,0,0,253,5303,470,ITI,ITI4,12,Lazio,Lazio,5879082,1436709,24.44,0.1
364,2021-01-14,LAZ,5456,2136,3320,3891,306,811,0,64,38,109,0,0,237,5456,0,ITI,ITI4,12,Lazio,Lazio,5879082,1442165,24.53,0.09
365,2021-01-02,LAZ,6707,2631,4076,6271,77,358,0,0,0,0,0,0,1,6707,0,ITI,ITI4,12,Lazio,Lazio,5879082,1448872,24.64,0.11
366,2021-03-04,LAZ,18653,8014,10639,2007,217,506,3890,932,134,8286,429,1381,871,13637,5016,ITI,ITI4,12,Lazio,Lazio,5879082,1467525,24.96,0.32
367,2021-05-06,LAZ,48605,22607,25998,1648,161,153,107,11415,12794,5442,6324,1371,9190,31088,17517,ITI,ITI4,12,Lazio,Lazio,5879082,1516130,25.79,0.83
368,2021-04-29,LAZ,38502,17178,21324,3409,439,218,129,9504,11898,6099,5283,315,1208,25300,13202,ITI,ITI4,12,Lazio,Lazio,5879082,1554632,26.44,0.65
369,2021-03-09,LAZ,20865,8936,11929,1899,114,338,4628,1513,334,9105,1061,1233,640,15668,5197,ITI,ITI4,12,Lazio,Lazio,5879082,1575497,26.8,0.35
370,2021-01-04,LAZ,7481,2908,4573,7078,86,316,1,0,0,0,0,0,0,7481,0,ITI,ITI4,12,Lazio,Lazio,5879082,1582978,26.93,0.13
371,2021-02-01,LAZ,5675,2177,3498,4787,193,559,0,17,27,30,1,0,61,354,5321,ITI,ITI4,12,Lazio,Lazio,5879082,1588653,27.02,0.1
372,2021-01-07,LAZ,7746,2902,4844,6900,182,566,0,16,10,9,0,0,63,7746,0,ITI,ITI4,12,Lazio,Lazio,5879082,1596399,27.15,0.13
373,2021-02-20,LAZ,9204,4273,4931,1943,123,298,22,114,116,4857,0,1320,411,8437,767,ITI,ITI4,12,Lazio,Lazio,5879082,1605603,27.31,0.16
374,2021-05-03,LAZ,39080,17636,21444,2243,97,76,48,10475,12530,4115,3971,102,5423,26521,12559,ITI,ITI4,12,Lazio,Lazio,5879082,1644683,27.98,0.66
375,2021-04-05,LAZ,19889,9047,10842,505,36,29,64,1842,8205,7599,1252,20,337,13670,6219,ITI,ITI4,12,Lazio,Lazio,5879082,1664572,28.31,0.34
376,2021-03-11,LAZ,23772,10567,13205,1991,135,440,4457,2788,735,9466,1076,1895,789,17543,6229,ITI,ITI4,12,Lazio,Lazio,5879082,1688344,28.72,0.4
377,2021-04-23,LAZ,37576,18028,19548,780,157,175,88,8179,12149,7843,5636,693,1876,22343,15233,ITI,ITI4,12,Lazio,Lazio,5879082,1725920,29.36,0.64
378,2021-05-24,LAZ,42652,19073,23579,823,113,20,3213,10233,5527,828,5131,1269,15495,33966,8686,ITI,ITI4,12,Lazio,Lazio,5879082,1768572,30.08,0.73
379,2021-02-06,LAZ,6135,2474,3661,3697,272,946,0,140,160,610,0,0,310,817,5318,ITI,ITI4,12,Lazio,Lazio,5879082,1774707,30.19,0.1
380,2021-01-03,LAZ,5250,1972,3278,5125,50,65,0,1,4,1,0,0,4,5250,0,ITI,ITI4,12,Lazio,Lazio,5879082,1779957,30.28,0.09
381,2021-04-16,LAZ,34390,15673,18717,710,140,335,86,6844,10456,9681,5042,52,1044,22332,12058,ITI,ITI4,12,Lazio,Lazio,5879082,1814347,30.86,0.58
382,2021-02-05,LAZ,7275,2960,4315,5094,380,995,0,120,95,257,0,0,334,1183,6092,ITI,ITI4,12,Lazio,Lazio,5879082,1821622,30.98,0.12
383,2021-03-13,LAZ,21414,8408,13006,1376,120,330,3750,3213,1279,9186,721,859,580,15520,5894,ITI,ITI4,12,Lazio,Lazio,5879082,1843036,31.35,0.36
384,2021-02-03,LAZ,6488,2488,4000,4650,342,1078,0,65,38,86,0,0,229,964,5524,ITI,ITI4,12,Lazio,Lazio,5879082,1849524,31.46,0.11
385,2021-03-24,LAZ,25878,11298,14580,1029,102,107,3624,1745,6516,9666,1822,301,966,19641,6237,ITI,ITI4,12,Lazio,Lazio,5879082,1875402,31.9,0.44
386,2021-03-23,LAZ,23496,10225,13271,1033,100,181,3863,1059,4933,9333,1414,661,919,16919,6577,ITI,ITI4,12,Lazio,Lazio,5879082,1898898,32.3,0.4
387,2021-05-09,LAZ,37521,17248,20273,1081,77,10,17,9761,9267,3366,3881,1069,8992,26256,11265,ITI,ITI4,12,Lazio,Lazio,5879082,1936419,32.94,0.64
388,2021-01-19,LAZ,4768,1954,2814,2969,223,424,0,115,123,463,0,0,451,4314,454,ITI,ITI4,12,Lazio,Lazio,5879082,1941187,33.02,0.08
389,2021-03-30,LAZ,25256,11584,13672,1238,97,249,296,2466,7847,9621,2359,400,683,18108,7148,ITI,ITI4,12,Lazio,Lazio,5879082,1966443,33.45,0.43
390,2021-03-25,LAZ,26912,11510,15402,934,96,318,3519,2242,6680,9908,1961,255,999,20311,6601,ITI,ITI4,12,Lazio,Lazio,5879082,1993355,33.91,0.46
391,2021-04-15,LAZ,31907,14300,17607,705,120,333,87,5443,10370,9688,4192,45,924,21104,10803,ITI,ITI4,12,Lazio,Lazio,5879082,2025262,34.45,0.54
392,2021-03-27,LAZ,26008,10395,15613,1314,126,290,3480,2070,5487,9664,2257,205,1115,19539,6469,ITI,ITI4,12,Lazio,Lazio,5879082,2051270,34.89,0.44
393,2021-05-02,LAZ,32620,14333,18287,1627,142,34,31,9436,10356,3061,2731,45,5157,23259,9361,ITI,ITI4,12,Lazio,Lazio,5879082,2083890,35.45,0.55
394,2021-01-18,LAZ,6265,2556,3709,3925,388,736,0,114,77,520,0,0,505,5287,978,ITI,ITI4,12,Lazio,Lazio,5879082,2090155,35.55,0.11
395,2021-01-29,LAZ,8042,3079,4963,6391,283,776,0,90,47,135,0,0,320,813,7229,ITI,ITI4,12,Lazio,Lazio,5879082,2098197,35.69,0.14
396,2021-02-11,LAZ,6998,3012,3986,2196,180,499,0,86,43,3686,0,0,308,6467,531,ITI,ITI4,12,Lazio,Lazio,5879082,2105195,35.81,0.12
397,2021-05-16,LAZ,50881,24500,26381,273,11,5,2577,10227,8772,2557,3514,1089,21856,37412,13469,ITI,ITI4,12,Lazio,Lazio,5879082,2156076,36.67,0.87
398,2021-02-28,LAZ,10248,4007,6241,1606,264,77,2602,91,45,4678,5,686,194,9734,514,ITI,ITI4,12,Lazio,Lazio,5879082,2166324,36.85,0.17
399,2021-03-26,LAZ,28224,12250,15974,1017,119,332,3292,1994,6725,10285,2617,310,1533,21381,6843,ITI,ITI4,12,Lazio,Lazio,5879082,2194548,37.33,0.48
400,2021-05-17,LAZ,43756,19979,23777,1391,114,127,2622,10382,5953,1028,5332,1102,15705,35327,8429,ITI,ITI4,12,Lazio,Lazio,5879082,2238304,38.07,0.74
401,2021-04-04,LAZ,17463,8036,9427,306,40,11,42,1821,7370,6805,877,17,174,12197,5266,ITI,ITI4,12,Lazio,Lazio,5879082,2255767,38.37,0.3
402,2021-03-12,LAZ,22885,10124,12761,2003,188,401,3963,2414,1173,9644,927,1199,973,16572,6313,ITI,ITI4,12,Lazio,Lazio,5879082,2278652,38.76,0.39
403,2021-01-12,LAZ,5395,1976,3419,4347,344,584,0,21,11,10,0,0,78,5395,0,ITI,ITI4,12,Lazio,Lazio,5879082,2284047,38.85,0.09
404,2021-01-01,LAZ,3554,1382,2172,3483,2,68,0,0,0,0,0,0,1,3554,0,ITI,ITI4,12,Lazio,Lazio,5879082,2287601,38.91,0.06
405,2021-05-12,LAZ,47365,21460,25905,1129,121,97,1759,11302,10765,4255,5338,1341,11258,30877,16488,ITI,ITI4,12,Lazio,Lazio,5879082,2334966,39.72,0.81
406,2021-01-23,LAZ,7212,2869,4343,6064,255,417,0,45,48,182,0,0,201,583,6629,ITI,ITI4,12,Lazio,Lazio,5879082,2342178,39.84,0.12
407,2021-01-16,LAZ,5641,2280,3361,3359,246,1066,0,74,94,549,0,0,253,5641,0,ITI,ITI4,12,Lazio,Lazio,5879082,2347819,39.94,0.1
408,2021-05-14,LAZ,50671,23123,27548,1370,196,270,2685,11209,11093,3940,6473,1610,11825,32507,18164,ITI,ITI4,12,Lazio,Lazio,5879082,2398490,40.8,0.86
409,2021-05-11,LAZ,47876,21949,25927,1269,126,121,1855,11370,11077,3976,5401,1324,11357,31508,16368,ITI,ITI4,12,Lazio,Lazio,5879082,2446366,41.61,0.81
410,2021-02-02,LAZ,5909,2213,3696,4712,368,571,0,57,39,37,0,0,125,637,5272,ITI,ITI4,12,Lazio,Lazio,5879082,2452275,41.71,0.1
411,2021-02-21,LAZ,6986,3178,3808,1244,65,51,16,88,94,4581,0,610,237,6525,461,ITI,ITI4,12,Lazio,Lazio,5879082,2459261,41.83,0.12
412,2021-02-15,LAZ,8024,3540,4484,2441,378,335,0,89,88,4292,0,11,390,7393,631,ITI,ITI4,12,Lazio,Lazio,5879082,2467285,41.97,0.14
413,2021-04-03,LAZ,24681,11093,13588,844,73,111,214,3164,8263,8602,2207,44,1159,17982,6699,ITI,ITI4,12,Lazio,Lazio,5879082,2491966,42.39,0.42
414,2021-01-15,LAZ,6570,2704,3866,4504,424,988,0,98,66,196,0,0,294,6570,0,ITI,ITI4,12,Lazio,Lazio,5879082,2498536,42.5,0.11
415,2021-01-21,LAZ,5600,2348,3252,4781,92,232,0,61,19,179,0,0,236,548,5052,ITI,ITI4,12,Lazio,Lazio,5879082,2504136,42.59,0.1
416,2021-05-21,LAZ,50114,23533,26581,1012,144,7,3474,11515,6101,1344,7610,2183,16724,37336,12778,ITI,ITI4,12,Lazio,Lazio,5879082,2554250,43.45,0.85
417,2021-04-01,LAZ,28403,13047,15356,1141,114,284,256,3044,9003,9727,3305,371,1158,21263,7140,ITI,ITI4,12,Lazio,Lazio,5879082,2582653,43.93,0.48
418,2021-05-04,LAZ,39736,18272,21464,2216,169,103,55,10196,12339,4032,4340,557,5729,26262,13474,ITI,ITI4,12,Lazio,Lazio,5879082,2622389,44.61,0.68
419,2021-05-25,LAZ,45842,21000,24842,801,152,26,4210,10559,5318,791,5355,1714,16916,35266,10576,ITI,ITI4,12,Lazio,Lazio,5879082,2668231,45.39,0.78
420,2020-12-27,LAZ,273,131,142,273,0,0,0,0,0,0,0,0,0,273,0,ITI,ITI4,12,Lazio,Lazio,5879082,2668504,45.39,0.0
421,2021-02-17,LAZ,9181,4603,4578,2284,247,499,2,123,62,4278,0,1349,337,8307,874,ITI,ITI4,12,Lazio,Lazio,5879082,2677685,45.55,0.16
422,2021-02-12,LAZ,6843,2845,3998,1996,183,302,0,85,44,3844,0,1,388,6432,411,ITI,ITI4,12,Lazio,Lazio,5879082,2684528,45.66,0.12
423,2021-04-21,LAZ,32957,14967,17990,704,122,135,70,7657,10805,8295,4466,49,654,20595,12362,ITI,ITI4,12,Lazio,Lazio,5879082,2717485,46.22,0.56
424,2021-01-25,LAZ,8111,3246,4865,7006,218,363,0,66,73,143,0,0,242,770,7341,ITI,ITI4,12,Lazio,Lazio,5879082,2725596,46.36,0.14
425,2021-03-06,LAZ,18289,7046,11243,1503,118,327,3771,2258,145,8032,584,935,616,14032,4257,ITI,ITI4,12,Lazio,Lazio,5879082,2743885,46.67,0.31
426,2021-03-17,LAZ,13786,5896,7890,1045,100,255,14,292,938,9697,967,7,471,7531,6255,ITI,ITI4,12,Lazio,Lazio,5879082,2757671,46.91,0.23
427,2021-05-10,LAZ,44116,20107,24009,1139,125,130,31,10646,11293,4251,5147,753,10601,30747,13369,ITI,ITI4,12,Lazio,Lazio,5879082,2801787,47.66,0.75
428,2021-02-26,LAZ,13078,5700,7378,1915,537,352,2749,118,96,5269,4,1388,650,11716,1362,ITI,ITI4,12,Lazio,Lazio,5879082,2814865,47.88,0.22
429,2021-04-30,LAZ,41221,18253,22968,4561,584,80,204,9385,11940,6214,6302,344,1607,27056,14165,ITI,ITI4,12,Lazio,Lazio,5879082,2856086,48.58,0.7
430,2021-04-11,LAZ,19115,8431,10684,392,30,50,31,3821,6136,6540,2004,14,97,13234,5881,ITI,ITI4,12,Lazio,Lazio,5879082,2875201,48.91,0.33
431,2021-04-12,LAZ,23756,10676,13080,655,77,101,72,4170,7674,7746,2648,108,505,16859,6897,ITI,ITI4,12,Lazio,Lazio,5879082,2898957,49.31,0.4
432,2021-03-01,LAZ,17088,7345,9743,1330,524,385,3595,390,146,8189,391,1428,710,13203,3885,ITI,ITI4,12,Lazio,Lazio,5879082,2916045,49.6,0.29
433,2021-02-16,LAZ,8354,4033,4321,2065,124,205,1,137,94,4267,0,957,504,7749,605,ITI,ITI4,12,Lazio,Lazio,5879082,2924399,49.74,0.14
434,2021-03-14,LAZ,17083,6605,10478,1161,96,81,3465,454,1103,8437,543,566,1177,11929,5154,ITI,ITI4,12,Lazio,Lazio,5879082,2941482,50.03,0.29
435,2021-01-08,LAZ,7727,2894,4833,6520,196,798,0,36,32,32,0,0,113,7727,0,ITI,ITI4,12,Lazio,Lazio,5879082,2949209,50.16,0.13
436,2021-01-06,LAZ,5122,1961,3161,4622,154,320,1,1,4,8,5,1,6,5122,0,ITI,ITI4,12,Lazio,Lazio,5879082,2954331,50.25,0.09
437,2021-04-25,LAZ,24469,11197,13272,794,23,10,21,7123,9689,5258,1130,152,269,16659,7810,ITI,ITI4,12,Lazio,Lazio,5879082,2978800,50.67,0.42
438,2021-03-03,LAZ,17393,7435,9958,1556,212,380,3939,704,117,8195,259,1356,675,13099,4294,ITI,ITI4,12,Lazio,Lazio,5879082,2996193,50.96,0.3
439,2021-04-27,LAZ,30579,13791,16788,1480,163,44,79,7618,11143,5873,3360,385,434,19743,10836,ITI,ITI4,12,Lazio,Lazio,5879082,3026772,51.48,0.52
440,2021-02-09,LAZ,8797,3768,5029,3258,246,548,0,115,124,4068,0,0,438,4580,4217,ITI,ITI4,12,Lazio,Lazio,5879082,3035569,51.63,0.15
441,2020-12-31,LAZ,5292,2121,3171,4988,20,279,0,1,0,0,0,0,4,5292,0,ITI,ITI4,12,Lazio,Lazio,5879082,3040861,51.72,0.09
442,2021-04-22,LAZ,38441,18887,19554,873,114,296,82,7992,11768,8287,5166,479,3384,23906,14535,ITI,ITI4,12,Lazio,Lazio,5879082,3079302,52.38,0.65
443,2021-02-23,LAZ,11087,4780,6307,1899,119,306,1912,68,61,5226,0,1016,480,10326,761,ITI,ITI4,12,Lazio,Lazio,5879082,3090389,52.57,0.19
444,2021-03-31,LAZ,26081,12032,14049,1025,96,135,255,2523,8153,9630,2835,394,1035,18989,7092,ITI,ITI4,12,Lazio,Lazio,5879082,3116470,53.01,0.44
445,2021-05-03,PAB,1829,846,983,21,8,0,1,313,1166,72,231,4,13,417,1412,ITH,ITH1,4,Provincia Autonoma Bolzano / Bozen,P.A. Bolzano,533050,1829,0.34,0.34
446,2021-01-07,PAB,917,327,590,617,107,0,0,25,16,61,0,0,91,917,0,ITH,ITH1,4,Provincia Autonoma Bolzano / Bozen,P.A. Bolzano,533050,2746,0.52,0.17
447,2021-04-23,PAB,4540,2149,2391,230,109,22,16,1791,718,489,1114,28,23,3249,1291,ITH,ITH1,4,Provincia Autonoma Bolzano / Bozen,P.A. Bolzano,533050,7286,1.37,0.85
448,2021-05-24,PAB,1442,761,681,13,2,0,103,46,22,7,93,10,1146,1109,333,ITH,ITH1,4,Provincia Autonoma Bolzano / Bozen,P.A. Bolzano,533050,8728,1.64,0.27
449,2021-01-04,PAB,508,201,307,420,49,4,0,6,6,0,0,0,23,508,0,ITH,ITH1,4,Provincia Autonoma Bolzano / Bozen,P.A. Bolzano,533050,9236,1.73,0.1
450,2021-02-20,PAB,1802,540,1262,196,55,24,1009,5,6,477,0,1,29,1784,18,ITH,ITH1,4,Provincia Autonoma Bolzano / Bozen,P.A. Bolzano,533050,11038,2.07,0.34
451,2021-03-11,PAB,1681,823,858,89,309,79,335,3,14,371,87,379,15,1143,538,ITH,ITH1,4,Provincia Autonoma Bolzano / Bozen,P.A. Bolzano,533050,12719,2.39,0.32
452,2021-02-01,PAB,1451,440,1011,774,314,295,1,6,0,2,1,1,57,12,1439,ITH,ITH1,4,Provincia Autonoma Bolzano / Bozen,P.A. Bolzano,533050,14170,2.66,0.27
453,2021-04-05,PAB,301,144,157,4,3,0,1,6,16,62,201,7,1,23,278,ITH,ITH1,4,Provincia Autonoma Bolzano / Bozen,P.A. Bolzano,533050,14471,2.71,0.06
454,2021-05-02,PAB,2457,1288,1169,81,22,3,60,212,227,49,1501,278,24,1536,921,ITH,ITH1,4,Provincia Autonoma Bolzano / Bozen,P.A. Bolzano,533050,16928,3.18,0.46
455,2021-02-05,PAB,3195,1181,2014,762,505,440,0,21,12,1381,0,0,74,8,3187,ITH,ITH1,4,Provincia Autonoma Bolzano / Bozen,P.A. Bolzano,533050,20123,3.78,0.6
456,2021-04-10,PAB,5390,2664,2726,146,54,3,22,183,3270,552,942,200,18,4802,588,ITH,ITH1,4,Provincia Autonoma Bolzano / Bozen,P.A. Bolzano,533050,25513,4.79,1.01
457,2021-02-26,PAB,1526,551,975,62,32,2,334,4,1,1051,2,0,38,1496,30,ITH,ITH1,4,Provincia Autonoma Bolzano / Bozen,P.A. Bolzano,533050,27039,5.07,0.29
458,2021-03-06,PAB,3969,2079,1890,479,164,7,382,10,19,1981,48,859,20,3758,211,ITH,ITH1,4,Provincia Autonoma Bolzano / Bozen,P.A. Bolzano,533050,31008,5.82,0.74
459,2021-02-06,PAB,2626,1171,1455,452,43,6,1,28,76,1932,0,0,88,19,2607,ITH,ITH1,4,Provincia Autonoma Bolzano / Bozen,P.A. Bolzano,533050,33634,6.31,0.49
460,2021-04-30,PAB,3337,1592,1745,182,97,44,16,648,617,142,1369,44,178,1561,1776,ITH,ITH1,4,Provincia Autonoma Bolzano / Bozen,P.A. Bolzano,533050,36971,6.94,0.63
461,2021-01-22,PAB,248,143,105,136,8,84,1,4,0,3,1,0,11,124,124,ITH,ITH1,4,Provincia Autonoma Bolzano / Bozen,P.A. Bolzano,533050,37219,6.98,0.05
462,2021-02-03,PAB,1503,478,1025,666,341,321,0,12,5,72,1,0,85,5,1498,ITH,ITH1,4,Provincia Autonoma Bolzano / Bozen,P.A. Bolzano,533050,38722,7.26,0.28
463,2021-04-17,PAB,5232,2598,2634,69,12,36,76,2793,1238,99,734,160,15,5188,44,ITH,ITH1,4,Provincia Autonoma Bolzano / Bozen,P.A. Bolzano,533050,43954,8.25,0.98
464,2021-04-16,PAB,2949,1418,1531,195,37,5,38,1421,616,115,419,98,5,2438,511,ITH,ITH1,4,Provincia Autonoma Bolzano / Bozen,P.A. Bolzano,533050,46903,8.8,0.55
465,2021-03-13,PAB,2885,1459,1426,168,59,1,20,11,879,1295,58,381,13,2784,101,ITH,ITH1,4,Provincia Autonoma Bolzano / Bozen,P.A. Bolzano,533050,49788,9.34,0.54
466,2021-01-19,PAB,853,371,482,174,55,0,0,7,6,578,3,0,30,723,130,ITH,ITH1,4,Provincia Autonoma Bolzano / Bozen,P.A. Bolzano,533050,50641,9.5,0.16
467,2021-02-16,PAB,530,205,325,10,1,0,0,0,0,518,1,0,0,530,0,ITH,ITH1,4,Provincia Autonoma Bolzano / Bozen,P.A. Bolzano,533050,51171,9.6,0.1
468,2021-01-06,PAB,59,18,41,57,2,0,0,0,0,0,0,0,0,59,0,ITH,ITH1,4,Provincia Autonoma Bolzano / Bozen,P.A. Bolzano,533050,51230,9.61,0.01
469,2021-03-10,PAB,1261,524,737,660,102,0,118,4,9,134,10,133,91,1118,143,ITH,ITH1,4,Provincia Autonoma Bolzano / Bozen,P.A. Bolzano,533050,52491,9.85,0.24
470,2021-04-03,PAB,831,364,467,9,6,0,0,1,12,799,0,4,0,22,809,ITH,ITH1,4,Provincia Autonoma Bolzano / Bozen,P.A. Bolzano,533050,53322,10.0,0.16
471,2021-04-22,PAB,2923,1500,1423,67,29,16,87,728,614,165,845,350,22,1981,942,ITH,ITH1,4,Provincia Autonoma Bolzano / Bozen,P.A. Bolzano,533050,56245,10.55,0.55
472,2021-03-01,PAB,922,221,701,18,2,5,740,19,0,0,0,0,138,921,1,ITH,ITH1,4,Provincia Autonoma Bolzano / Bozen,P.A. Bolzano,533050,57167,10.72,0.17
473,2021-05-17,PAB,3109,1499,1610,35,25,2,620,291,100,19,459,31,1527,2425,684,ITH,ITH1,4,Provincia Autonoma Bolzano / Bozen,P.A. Bolzano,533050,60276,11.31,0.58
474,2021-02-14,PAB,297,130,167,0,0,0,0,0,1,296,0,0,0,297,0,ITH,ITH1,4,Provincia Autonoma Bolzano / Bozen,P.A. Bolzano,533050,60573,11.36,0.06
475,2021-05-14,PAB,5086,2289,2797,91,28,4,1074,597,157,47,740,47,2301,3071,2015,ITH,ITH1,4,Provincia Autonoma Bolzano / Bozen,P.A. Bolzano,533050,65659,12.32,0.95
476,2021-01-02,PAB,91,48,43,69,1,0,0,5,1,0,0,0,15,91,0,ITH,ITH1,4,Provincia Autonoma Bolzano / Bozen,P.A. Bolzano,533050,65750,12.33,0.02
477,2021-04-09,PAB,2926,1292,1634,336,113,102,14,47,634,280,1363,13,24,2196,730,ITH,ITH1,4,Provincia Autonoma Bolzano / Bozen,P.A. Bolzano,533050,68676,12.88,0.55
478,2020-12-30,PAB,388,182,206,343,41,0,0,0,0,0,0,0,4,388,0,ITH,ITH1,4,Provincia Autonoma Bolzano / Bozen,P.A. Bolzano,533050,69064,12.96,0.07
479,2021-01-11,PAB,1569,513,1056,586,284,175,0,54,41,161,1,0,267,1569,0,ITH,ITH1,4,Provincia Autonoma Bolzano / Bozen,P.A. Bolzano,533050,70633,13.25,0.29
480,2021-02-08,PAB,2,1,1,0,0,0,0,0,0,1,0,0,1,1,1,ITH,ITH1,4,Provincia Autonoma Bolzano / Bozen,P.A. Bolzano,533050,70635,13.25,0.0
481,2021-01-15,PAB,3282,1228,2054,608,307,342,0,81,29,1447,0,0,468,3282,0,ITH,ITH1,4,Provincia Autonoma Bolzano / Bozen,P.A. Bolzano,533050,73917,13.87,0.62
482,2021-01-09,PAB,612,326,286,76,28,75,0,66,19,13,0,0,335,612,0,ITH,ITH1,4,Provincia Autonoma Bolzano / Bozen,P.A. Bolzano,533050,74529,13.98,0.11
483,2021-03-29,PAB,1170,499,671,14,2,0,13,1,184,842,85,26,3,411,759,ITH,ITH1,4,Provincia Autonoma Bolzano / Bozen,P.A. Bolzano,533050,75699,14.2,0.22
484,2021-03-15,PAB,1192,451,741,294,97,13,4,15,533,93,66,4,73,710,482,ITH,ITH1,4,Provincia Autonoma Bolzano / Bozen,P.A. Bolzano,533050,76891,14.42,0.22
485,2021-05-25,PAB,3796,1962,1834,10,6,14,542,257,123,18,170,49,2607,2923,873,ITH,ITH1,4,Provincia Autonoma Bolzano / Bozen,P.A. Bolzano,533050,80687,15.14,0.71
486,2021-02-02,PAB,1745,506,1239,630,370,605,0,9,10,11,0,0,110,8,1737,ITH,ITH1,4,Provincia Autonoma Bolzano / Bozen,P.A. Bolzano,533050,82432,15.46,0.33
487,2021-01-14,PAB,1946,575,1371,521,441,313,0,63,43,329,0,0,236,1946,0,ITH,ITH1,4,Provincia Autonoma Bolzano / Bozen,P.A. Bolzano,533050,84378,15.83,0.37
488,2021-03-19,PAB,1906,773,1133,158,59,15,14,11,138,1182,310,1,18,799,1107,ITH,ITH1,4,Provincia Autonoma Bolzano / Bozen,P.A. Bolzano,533050,86284,16.19,0.36
489,2021-04-24,PAB,5102,2448,2654,294,197,2,7,2728,762,184,859,54,15,4618,484,ITH,ITH1,4,Provincia Autonoma Bolzano / Bozen,P.A. Bolzano,533050,91386,17.14,0.96
490,2021-03-05,PAB,1839,625,1214,337,98,59,240,8,2,896,125,9,65,1397,442,ITH,ITH1,4,Provincia Autonoma Bolzano / Bozen,P.A. Bolzano,533050,93225,17.49,0.34
491,2021-05-06,PAB,5181,2747,2434,190,75,16,197,984,672,148,1929,642,328,2612,2569,ITH,ITH1,4,Provincia Autonoma Bolzano / Bozen,P.A. Bolzano,533050,98406,18.46,0.97
492,2021-04-18,PAB,3110,1607,1503,28,14,2,27,1916,524,134,188,273,4,2100,1010,ITH,ITH1,4,Provincia Autonoma Bolzano / Bozen,P.A. Bolzano,533050,101516,19.04,0.58
493,2021-05-20,PAB,4653,2290,2363,28,12,6,1010,280,97,61,291,44,2824,3197,1456,ITH,ITH1,4,Provincia Autonoma Bolzano / Bozen,P.A. Bolzano,533050,106169,19.92,0.87
494,2021-03-21,PAB,768,285,483,165,17,1,3,3,9,568,0,0,2,14,754,ITH,ITH1,4,Provincia Autonoma Bolzano / Bozen,P.A. Bolzano,533050,106937,20.06,0.14
495,2021-01-13,PAB,1691,557,1134,446,310,270,0,66,30,175,0,0,394,1691,0,ITH,ITH1,4,Provincia Autonoma Bolzano / Bozen,P.A. Bolzano,533050,108628,20.38,0.32
496,2021-04-14,PAB,3593,1645,1948,419,140,20,30,1096,829,124,844,80,11,3502,91,ITH,ITH1,4,Provincia Autonoma Bolzano / Bozen,P.A. Bolzano,533050,112221,21.05,0.67
497,2021-03-07,PAB,114,13,101,59,50,0,1,0,0,3,0,0,1,9,105,ITH,ITH1,4,Provincia Autonoma Bolzano / Bozen,P.A. Bolzano,533050,112335,21.07,0.02
498,2021-03-30,PAB,1298,532,766,51,7,153,27,0,121,924,1,11,3,218,1080,ITH,ITH1,4,Provincia Autonoma Bolzano / Bozen,P.A. Bolzano,533050,113633,21.32,0.24
499,2021-01-18,PAB,1772,687,1085,391,102,8,0,32,56,1019,0,0,164,1767,5,ITH,ITH1,4,Provincia Autonoma Bolzano / Bozen,P.A. Bolzano,533050,115405,21.65,0.33
500,2021-03-27,PAB,3047,1552,1495,320,36,0,46,31,484,1441,358,305,26,1541,1506,ITH,ITH1,4,Provincia Autonoma Bolzano / Bozen,P.A. Bolzano,533050,118452,22.22,0.57
501,2021-04-02,PAB,2077,837,1240,189,66,60,17,5,253,935,532,11,9,720,1357,ITH,ITH1,4,Provincia Autonoma Bolzano / Bozen,P.A. Bolzano,533050,120529,22.61,0.39
502,2021-05-15,PAB,6994,3682,3312,36,60,0,263,473,135,39,744,81,5163,6699,295,ITH,ITH1,4,Provincia Autonoma Bolzano / Bozen,P.A. Bolzano,533050,127523,23.92,1.31
503,2021-03-20,PAB,1757,848,909,115,48,9,1,7,265,967,238,99,8,1132,625,ITH,ITH1,4,Provincia Autonoma Bolzano / Bozen,P.A. Bolzano,533050,129280,24.25,0.33
504,2021-04-26,PAB,1541,771,770,24,36,0,56,919,285,31,101,85,4,1536,5,ITH,ITH1,4,Provincia Autonoma Bolzano / Bozen,P.A. Bolzano,533050,130821,24.54,0.29
505,2021-02-22,PAB,526,143,383,342,68,0,10,15,4,5,0,1,81,514,12,ITH,ITH1,4,Provincia Autonoma Bolzano / Bozen,P.A. Bolzano,533050,131347,24.64,0.1
506,2021-02-13,PAB,318,79,239,126,57,7,0,0,0,126,0,0,2,312,6,ITH,ITH1,4,Provincia Autonoma Bolzano / Bozen,P.A. Bolzano,533050,131665,24.7,0.06
507,2021-03-09,PAB,1194,543,651,29,81,22,47,0,1,930,0,80,4,1192,2,ITH,ITH1,4,Provincia Autonoma Bolzano / Bozen,P.A. Bolzano,533050,132859,24.92,0.22
508,2021-05-08,PAB,4416,2379,2037,63,11,2,8,343,137,41,1046,40,2725,3758,658,ITH,ITH1,4,Provincia Autonoma Bolzano / Bozen,P.A. Bolzano,533050,137275,25.75,0.83
509,2021-01-27,PAB,84,28,56,54,26,0,0,1,0,0,0,0,3,1,83,ITH,ITH1,4,Provincia Autonoma Bolzano / Bozen,P.A. Bolzano,533050,137359,25.77,0.02
510,2021-04-12,PAB,2105,946,1159,33,11,1,2,159,1654,93,143,3,6,2098,7,ITH,ITH1,4,Provincia Autonoma Bolzano / Bozen,P.A. Bolzano,533050,139464,26.16,0.39
511,2021-02-12,PAB,730,217,513,322,71,106,0,10,6,141,0,2,72,482,248,ITH,ITH1,4,Provincia Autonoma Bolzano / Bozen,P.A. Bolzano,533050,140194,26.3,0.14
512,2021-05-13,PAB,2980,1347,1633,42,24,47,384,607,363,67,523,21,902,1050,1930,ITH,ITH1,4,Provincia Autonoma Bolzano / Bozen,P.A. Bolzano,533050,143174,26.86,0.56
513,2021-05-23,PAB,4332,2302,2030,17,18,0,12,144,54,14,224,18,3831,4324,8,ITH,ITH1,4,Provincia Autonoma Bolzano / Bozen,P.A. Bolzano,533050,147506,27.67,0.81
514,2021-03-04,PAB,1710,1001,709,307,80,39,262,12,5,171,75,710,49,1481,229,ITH,ITH1,4,Provincia Autonoma Bolzano / Bozen,P.A. Bolzano,533050,149216,27.99,0.32
515,2021-02-24,PAB,1367,406,961,10,3,0,1346,0,0,0,0,8,0,1355,12,ITH,ITH1,4,Provincia Autonoma Bolzano / Bozen,P.A. Bolzano,533050,150583,28.25,0.26
516,2021-01-10,PAB,2,2,0,1,0,0,0,0,0,0,0,0,1,2,0,ITH,ITH1,4,Provincia Autonoma Bolzano / Bozen,P.A. Bolzano,533050,150585,28.25,0.0
517,2021-03-31,PAB,1831,693,1138,419,304,22,16,15,160,430,426,20,19,820,1011,ITH,ITH1,4,Provincia Autonoma Bolzano / Bozen,P.A. Bolzano,533050,152416,28.59,0.34
518,2021-04-08,PAB,2754,1336,1418,47,34,121,2,17,2011,83,310,91,38,2551,203,ITH,ITH1,4,Provincia Autonoma Bolzano / Bozen,P.A. Bolzano,533050,155170,29.11,0.52
519,2021-01-20,PAB,617,252,365,287,51,0,0,6,3,257,0,0,13,409,208,ITH,ITH1,4,Provincia Autonoma Bolzano / Bozen,P.A. Bolzano,533050,155787,29.23,0.12
520,2021-05-07,PAB,4180,2055,2125,221,50,16,42,710,299,61,1466,135,1180,3662,518,ITH,ITH1,4,Provincia Autonoma Bolzano / Bozen,P.A. Bolzano,533050,159967,30.01,0.78
521,2021-03-08,PAB,1200,526,674,23,10,166,3,30,47,755,147,0,19,1173,27,ITH,ITH1,4,Provincia Autonoma Bolzano / Bozen,P.A. Bolzano,533050,161167,30.23,0.23
522,2021-03-02,PAB,695,200,495,11,1,0,676,0,0,0,0,7,0,693,2,ITH,ITH1,4,Provincia Autonoma Bolzano / Bozen,P.A. Bolzano,533050,161862,30.37,0.13
523,2021-01-23,PAB,197,117,80,191,0,0,0,2,0,0,0,0,4,0,197,ITH,ITH1,4,Provincia Autonoma Bolzano / Bozen,P.A. Bolzano,533050,162059,30.4,0.04
524,2021-04-06,PAB,2249,1117,1132,131,46,130,3,10,988,91,818,16,16,2146,103,ITH,ITH1,4,Provincia Autonoma Bolzano / Bozen,P.A. Bolzano,533050,164308,30.82,0.42
525,2021-01-17,PAB,2328,1044,1284,56,38,37,0,57,46,1989,0,0,105,2317,11,ITH,ITH1,4,Provincia Autonoma Bolzano / Bozen,P.A. Bolzano,533050,166636,31.26,0.44
526,2021-01-28,PAB,871,308,563,585,187,69,0,8,0,0,0,3,19,10,861,ITH,ITH1,4,Provincia Autonoma Bolzano / Bozen,P.A. Bolzano,533050,167507,31.42,0.16
527,2021-03-22,PAB,1133,514,619,2,0,0,0,6,900,192,13,15,5,1129,4,ITH,ITH1,4,Provincia Autonoma Bolzano / Bozen,P.A. Bolzano,533050,168640,31.64,0.21
528,2021-04-11,PAB,2720,1291,1429,46,17,3,63,350,1672,84,222,258,5,2543,177,ITH,ITH1,4,Provincia Autonoma Bolzano / Bozen,P.A. Bolzano,533050,171360,32.15,0.51
529,2021-05-05,PAB,4154,1945,2209,275,126,39,73,929,550,156,1731,138,137,2038,2116,ITH,ITH1,4,Provincia Autonoma Bolzano / Bozen,P.A. Bolzano,533050,175514,32.93,0.78
530,2021-01-25,PAB,487,183,304,401,68,0,1,4,0,1,0,2,10,3,484,ITH,ITH1,4,Provincia Autonoma Bolzano / Bozen,P.A. Bolzano,533050,176001,33.02,0.09
531,2021-04-07,PAB,1777,802,975,128,81,57,2,6,908,459,26,100,10,1238,539,ITH,ITH1,4,Provincia Autonoma Bolzano / Bozen,P.A. Bolzano,533050,177778,33.35,0.33
532,2021-02-09,PAB,317,126,191,64,17,2,2,1,0,228,0,0,3,1,316,ITH,ITH1,4,Provincia Autonoma Bolzano / Bozen,P.A. Bolzano,533050,178095,33.41,0.06
533,2021-02-04,PAB,1958,593,1365,650,507,458,0,23,26,233,0,0,61,8,1950,ITH,ITH1,4,Provincia Autonoma Bolzano / Bozen,P.A. Bolzano,533050,180053,33.78,0.37
534,2021-02-27,PAB,2458,759,1699,202,87,8,1234,8,13,885,0,3,18,2448,10,ITH,ITH1,4,Provincia Autonoma Bolzano / Bozen,P.A. Bolzano,533050,182511,34.24,0.46
535,2021-03-17,PAB,581,213,368,12,6,46,0,0,16,491,0,0,10,580,1,ITH,ITH1,4,Provincia Autonoma Bolzano / Bozen,P.A. Bolzano,533050,183092,34.35,0.11
536,2021-04-25,PAB,3069,1496,1573,53,24,0,24,1445,735,156,443,180,9,2398,671,ITH,ITH1,4,Provincia Autonoma Bolzano / Bozen,P.A. Bolzano,533050,186161,34.92,0.58
537,2021-03-03,PAB,1179,393,786,24,5,6,739,3,0,349,0,51,2,1166,13,ITH,ITH1,4,Provincia Autonoma Bolzano / Bozen,P.A. Bolzano,533050,187340,35.14,0.22
538,2021-01-08,PAB,1521,479,1042,790,170,168,0,51,29,104,0,0,209,1521,0,ITH,ITH1,4,Provincia Autonoma Bolzano / Bozen,P.A. Bolzano,533050,188861,35.43,0.29
539,2021-02-18,PAB,1839,457,1382,76,78,21,1290,3,2,353,4,0,12,1832,7,ITH,ITH1,4,Provincia Autonoma Bolzano / Bozen,P.A. Bolzano,533050,190700,35.78,0.34
540,2021-02-19,PAB,2252,512,1740,123,143,84,1784,3,3,86,6,0,20,2241,11,ITH,ITH1,4,Provincia Autonoma Bolzano / Bozen,P.A. Bolzano,533050,192952,36.2,0.42
541,2021-02-25,PAB,1498,549,949,22,5,0,405,2,1,1041,0,0,22,1497,1,ITH,ITH1,4,Provincia Autonoma Bolzano / Bozen,P.A. Bolzano,533050,194450,36.48,0.28
542,2020-12-31,PAB,912,518,394,478,61,0,0,47,9,1,0,0,316,912,0,ITH,ITH1,4,Provincia Autonoma Bolzano / Bozen,P.A. Bolzano,533050,195362,36.65,0.17
543,2021-03-26,PAB,1644,721,923,30,16,68,1,8,132,917,424,0,48,511,1133,ITH,ITH1,4,Provincia Autonoma Bolzano / Bozen,P.A. Bolzano,533050,197006,36.96,0.31
544,2021-04-01,PAB,2786,1407,1379,238,104,44,65,22,512,607,731,446,17,2642,144,ITH,ITH1,4,Provincia Autonoma Bolzano / Bozen,P.A. Bolzano,533050,199792,37.48,0.52
545,2021-04-13,PAB,2391,1130,1261,23,4,1,6,1246,932,30,93,55,1,2384,7,ITH,ITH1,4,Provincia Autonoma Bolzano / Bozen,P.A. Bolzano,533050,202183,37.93,0.45
546,2021-01-16,PAB,2840,1265,1575,435,93,77,1,54,98,1976,0,0,106,2840,0,ITH,ITH1,4,Provincia Autonoma Bolzano / Bozen,P.A. Bolzano,533050,205023,38.46,0.53
547,2021-04-28,PAB,2458,1300,1158,78,56,10,59,1155,465,76,470,74,15,2455,3,ITH,ITH1,4,Provincia Autonoma Bolzano / Bozen,P.A. Bolzano,533050,207481,38.92,0.46
548,2021-01-26,PAB,810,291,519,673,129,0,0,3,1,0,0,0,4,1,809,ITH,ITH1,4,Provincia Autonoma Bolzano / Bozen,P.A. Bolzano,533050,208291,39.08,0.15
549,2021-01-03,PAB,41,16,25,33,5,0,0,0,0,1,0,0,2,41,0,ITH,ITH1,4,Provincia Autonoma Bolzano / Bozen,P.A. Bolzano,533050,208332,39.08,0.01
550,2021-03-16,PAB,1290,532,758,26,31,48,0,4,14,1160,4,2,1,124,1166,ITH,ITH1,4,Provincia Autonoma Bolzano / Bozen,P.A. Bolzano,533050,209622,39.33,0.24
551,2021-02-07,PAB,2361,1057,1304,102,75,68,0,51,44,1951,0,0,70,14,2347,ITH,ITH1,4,Provincia Autonoma Bolzano / Bozen,P.A. Bolzano,533050,211983,39.77,0.44
552,2021-05-04,PAB,3447,1843,1604,48,38,11,78,499,388,77,2060,176,72,2410,1037,ITH,ITH1,4,Provincia Autonoma Bolzano / Bozen,P.A. Bolzano,533050,215430,40.41,0.65
553,2021-05-01,PAB,2104,1067,1037,121,30,0,90,773,308,62,480,217,23,1944,160,ITH,ITH1,4,Provincia Autonoma Bolzano / Bozen,P.A. Bolzano,533050,217534,40.81,0.39
554,2021-01-21,PAB,952,442,510,750,88,68,0,1,0,28,0,5,12,139,813,ITH,ITH1,4,Provincia Autonoma Bolzano / Bozen,P.A. Bolzano,533050,218486,40.99,0.18
555,2021-03-25,PAB,2141,1059,1082,230,72,27,47,24,843,305,298,268,27,1698,443,ITH,ITH1,4,Provincia Autonoma Bolzano / Bozen,P.A. Bolzano,533050,220627,41.39,0.4
556,2020-12-27,PAB,144,65,79,139,2,0,0,0,0,1,0,0,2,144,0,ITH,ITH1,4,Provincia Autonoma Bolzano / Bozen,P.A. Bolzano,533050,220771,41.42,0.03
557,2021-05-21,PAB,6828,3727,3101,80,47,20,1015,414,159,25,215,50,4803,5054,1774,ITH,ITH1,4,Provincia Autonoma Bolzano / Bozen,P.A. Bolzano,533050,227599,42.7,1.28
558,2021-03-24,PAB,2040,977,1063,13,16,7,29,6,1361,248,278,61,21,2027,13,ITH,ITH1,4,Provincia Autonoma Bolzano / Bozen,P.A. Bolzano,533050,229639,43.08,0.38
559,2021-01-05,PAB,830,286,544,734,62,0,0,8,2,0,0,0,24,830,0,ITH,ITH1,4,Provincia Autonoma Bolzano / Bozen,P.A. Bolzano,533050,230469,43.24,0.16
560,2021-03-23,PAB,1552,759,793,0,1,0,34,5,1156,215,58,69,14,1551,1,ITH,ITH1,4,Provincia Autonoma Bolzano / Bozen,P.A. Bolzano,533050,232021,43.53,0.29
561,2021-05-11,PAB,2842,1334,1508,11,5,11,823,179,165,21,482,19,1126,1320,1522,ITH,ITH1,4,Provincia Autonoma Bolzano / Bozen,P.A. Bolzano,533050,234863,44.06,0.53
562,2021-04-20,PAB,1559,782,777,10,13,12,8,617,363,46,478,9,3,1558,1,ITH,ITH1,4,Provincia Autonoma Bolzano / Bozen,P.A. Bolzano,533050,236422,44.35,0.29
563,2021-01-24,PAB,12,10,2,1,0,0,0,2,1,0,0,0,8,0,12,ITH,ITH1,4,Provincia Autonoma Bolzano / Bozen,P.A. Bolzano,533050,236434,44.35,0.0
564,2021-04-21,PAB,3009,1467,1542,112,12,2,11,1727,490,88,541,17,9,2161,848,ITH,ITH1,4,Provincia Autonoma Bolzano / Bozen,P.A. Bolzano,533050,239443,44.92,0.56
565,2021-02-17,PAB,156,51,105,18,7,0,0,0,2,128,1,0,0,139,17,ITH,ITH1,4,Provincia Autonoma Bolzano / Bozen,P.A. Bolzano,533050,239599,44.95,0.03
566,2021-04-19,PAB,1871,858,1013,44,22,1,11,1039,301,166,269,8,10,1689,182,ITH,ITH1,4,Provincia Autonoma Bolzano / Bozen,P.A. Bolzano,533050,241470,45.3,0.35
567,2021-03-14,PAB,758,336,422,130,11,33,0,3,7,562,1,2,9,25,733,ITH,ITH1,4,Provincia Autonoma Bolzano / Bozen,P.A. Bolzano,533050,242228,45.44,0.14
568,2021-01-30,PAB,498,245,253,217,46,101,0,29,2,0,0,0,103,4,494,ITH,ITH1,4,Provincia Autonoma Bolzano / Bozen,P.A. Bolzano,533050,242726,45.54,0.09
569,2021-05-09,PAB,4233,2404,1829,36,9,1,71,186,163,47,625,317,2778,3080,1153,ITH,ITH1,4,Provincia Autonoma Bolzano / Bozen,P.A. Bolzano,533050,246959,46.33,0.79
570,2021-05-10,PAB,3018,1300,1718,27,14,17,868,266,328,54,319,19,1106,1413,1605,ITH,ITH1,4,Provincia Autonoma Bolzano / Bozen,P.A. Bolzano,533050,249977,46.9,0.57
571,2021-04-27,PAB,2226,1013,1213,109,58,21,53,591,1115,78,118,76,7,1150,1076,ITH,ITH1,4,Provincia Autonoma Bolzano / Bozen,P.A. Bolzano,533050,252203,47.31,0.42
572,2021-02-23,PAB,769,324,445,0,0,0,86,2,1,673,0,0,7,763,6,ITH,ITH1,4,Provincia Autonoma Bolzano / Bozen,P.A. Bolzano,533050,252972,47.46,0.14
573,2021-04-15,PAB,4399,2307,2092,121,47,39,118,1385,736,174,1263,493,23,4136,263,ITH,ITH1,4,Provincia Autonoma Bolzano / Bozen,P.A. Bolzano,533050,257371,48.28,0.83
574,2021-05-19,PAB,3561,1815,1746,139,63,8,256,671,306,61,631,79,1347,1798,1763,ITH,ITH1,4,Provincia Autonoma Bolzano / Bozen,P.A. Bolzano,533050,260932,48.95,0.67
575,2021-03-28,PAB,569,212,357,45,38,0,2,6,5,470,2,0,1,11,558,ITH,ITH1,4,Provincia Autonoma Bolzano / Bozen,P.A. Bolzano,533050,261501,49.06,0.11
576,2021-05-22,PAB,6821,3552,3269,83,52,1,257,770,335,90,868,81,4284,4654,2167,ITH,ITH1,4,Provincia Autonoma Bolzano / Bozen,P.A. Bolzano,533050,268322,50.34,1.28
577,2021-01-12,PAB,1709,459,1250,369,228,479,0,54,43,134,0,0,402,1709,0,ITH,ITH1,4,Provincia Autonoma Bolzano / Bozen,P.A. Bolzano,533050,270031,50.66,0.32
578,2021-02-11,PAB,1092,431,661,215,92,104,0,4,2,589,57,0,29,239,853,ITH,ITH1,4,Provincia Autonoma Bolzano / Bozen,P.A. Bolzano,533050,271123,50.86,0.2
579,2021-04-29,PAB,2630,1351,1279,126,118,71,74,600,541,124,509,245,222,1936,694,ITH,ITH1,4,Provincia Autonoma Bolzano / Bozen,P.A. Bolzano,533050,273753,51.36,0.49
580,2021-02-10,PAB,1635,604,1031,489,166,1,0,18,5,872,0,1,83,26,1609,ITH,ITH1,4,Provincia Autonoma Bolzano / Bozen,P.A. Bolzano,533050,275388,51.66,0.31
581,2021-05-18,PAB,3286,1717,1569,38,17,2,44,664,300,52,293,62,1814,2122,1164,ITH,ITH1,4,Provincia Autonoma Bolzano / Bozen,P.A. Bolzano,533050,278674,52.28,0.62
582,2021-05-12,PAB,3776,2048,1728,64,31,3,63,293,69,27,582,74,2570,3623,153,ITH,ITH1,4,Provincia Autonoma Bolzano / Bozen,P.A. Bolzano,533050,282450,52.99,0.71
583,2021-01-01,PAB,6,5,1,6,0,0,0,0,0,0,0,0,0,6,0,ITH,ITH1,4,Provincia Autonoma Bolzano / Bozen,P.A. Bolzano,533050,282456,52.99,0.0
584,2021-05-16,PAB,2024,931,1093,2,3,0,654,59,46,8,113,12,1127,1330,694,ITH,ITH1,4,Provincia Autonoma Bolzano / Bozen,P.A. Bolzano,533050,284480,53.37,0.38
585,2021-01-29,PAB,1497,510,987,882,282,295,4,7,1,4,0,0,22,24,1473,ITH,ITH1,4,Provincia Autonoma Bolzano / Bozen,P.A. Bolzano,533050,285977,53.65,0.28
586,2021-05-26,PAB,4077,2060,2017,70,48,2,1057,69,43,10,164,516,2098,2308,1769,ITH,ITH1,4,Provincia Autonoma Bolzano / Bozen,P.A. Bolzano,533050,290054,54.41,0.76
587,2021-03-18,PAB,1302,531,771,50,16,51,0,10,15,1056,69,0,35,226,1076,ITH,ITH1,4,Provincia Autonoma Bolzano / Bozen,P.A. Bolzano,533050,291356,54.66,0.24
588,2021-03-12,PAB,1664,734,930,150,173,82,101,9,268,524,134,204,19,1251,413,ITH,ITH1,4,Provincia Autonoma Bolzano / Bozen,P.A. Bolzano,533050,293020,54.97,0.31
589,2021-02-15,PAB,72,42,30,17,2,40,0,0,1,7,0,0,5,26,46,ITH,ITH1,4,Provincia Autonoma Bolzano / Bozen,P.A. Bolzano,533050,293092,54.98,0.01
590,2021-03-07,MOL,1132,501,631,2,16,0,0,0,0,1114,0,0,0,1130,2,ITF,ITF2,14,Molise,Molise,305617,1132,0.37,0.37
591,2021-02-23,MOL,582,223,359,137,39,61,1,0,0,340,0,0,4,363,219,ITF,ITF2,14,Molise,Molise,305617,1714,0.56,0.19
592,2021-03-21,MOL,1246,542,704,14,1,0,0,0,2,1090,133,0,6,479,767,ITF,ITF2,14,Molise,Molise,305617,2960,0.97,0.41
593,2021-01-13,MOL,474,160,314,256,69,144,1,1,1,0,0,0,2,474,0,ITF,ITF2,14,Molise,Molise,305617,3434,1.12,0.16
594,2021-05-01,MOL,2631,1262,1369,9,3,2,7,28,187,141,2158,4,92,410,2221,ITF,ITF2,14,Molise,Molise,305617,6065,1.98,0.86
595,2021-02-02,MOL,539,176,363,295,64,180,0,0,0,0,0,0,0,216,323,ITF,ITF2,14,Molise,Molise,305617,6604,2.16,0.18
596,2021-03-12,MOL,1459,637,822,42,33,0,505,0,1,719,35,116,8,1423,36,ITF,ITF2,14,Molise,Molise,305617,8063,2.64,0.48
597,2021-04-21,MOL,1862,788,1074,19,5,1,26,19,714,420,635,6,17,967,895,ITF,ITF2,14,Molise,Molise,305617,9925,3.25,0.61
598,2021-03-24,MOL,1631,658,973,77,57,0,450,2,3,707,276,48,11,1229,402,ITF,ITF2,14,Molise,Molise,305617,11556,3.78,0.53
599,2021-03-23,MOL,1642,694,948,76,8,6,454,2,4,606,367,97,22,1435,207,ITF,ITF2,14,Molise,Molise,305617,13198,4.32,0.54
600,2021-05-09,MOL,2051,932,1119,5,4,0,15,819,742,30,408,12,16,1955,96,ITF,ITF2,14,Molise,Molise,305617,15249,4.99,0.67
601,2021-05-21,MOL,2017,1010,1007,66,14,2,66,276,49,13,140,127,1264,1706,311,ITF,ITF2,14,Molise,Molise,305617,17266,5.65,0.66
602,2021-04-18,MOL,1083,483,600,0,0,1,1,4,129,583,355,1,9,149,934,ITF,ITF2,14,Molise,Molise,305617,18349,6.0,0.35
603,2020-12-27,MOL,50,20,30,29,4,17,0,0,0,0,0,0,0,50,0,ITF,ITF2,14,Molise,Molise,305617,18399,6.02,0.02
604,2021-05-25,MOL,1959,885,1074,33,5,0,367,390,37,46,99,170,812,1329,630,ITF,ITF2,14,Molise,Molise,305617,20358,6.66,0.64
605,2021-01-08,MOL,429,141,288,244,7,120,0,13,0,0,0,0,45,429,0,ITF,ITF2,14,Molise,Molise,305617,20787,6.8,0.14
606,2021-03-14,MOL,595,239,356,2,0,0,0,1,1,582,7,0,2,17,578,ITF,ITF2,14,Molise,Molise,305617,21382,7.0,0.19
607,2021-02-18,MOL,319,74,245,296,8,0,0,0,0,0,0,0,15,306,13,ITF,ITF2,14,Molise,Molise,305617,21701,7.1,0.1
608,2021-04-24,MOL,2540,1197,1343,14,4,0,18,8,251,414,1820,6,5,699,1841,ITF,ITF2,14,Molise,Molise,305617,24241,7.93,0.83
609,2021-02-28,MOL,829,331,498,38,3,27,0,0,0,761,0,0,0,787,42,ITF,ITF2,14,Molise,Molise,305617,25070,8.2,0.27
610,2021-01-10,MOL,270,72,198,82,19,169,0,0,0,0,0,0,0,270,0,ITF,ITF2,14,Molise,Molise,305617,25340,8.29,0.09
611,2021-04-27,MOL,1593,767,826,29,8,17,1,3,121,247,1131,1,35,465,1128,ITF,ITF2,14,Molise,Molise,305617,26933,8.81,0.52
612,2021-01-26,MOL,450,184,266,444,0,0,1,2,0,0,0,0,3,8,442,ITF,ITF2,14,Molise,Molise,305617,27383,8.96,0.15
613,2021-04-06,MOL,1494,701,793,33,9,9,1,2,5,254,1161,18,2,1151,343,ITF,ITF2,14,Molise,Molise,305617,28877,9.45,0.49
614,2021-02-21,MOL,573,227,346,1,1,0,0,0,1,570,0,0,0,571,2,ITF,ITF2,14,Molise,Molise,305617,29450,9.64,0.19
615,2021-02-09,MOL,359,170,189,161,83,110,0,0,0,0,0,0,5,197,162,ITF,ITF2,14,Molise,Molise,305617,29809,9.75,0.12
616,2021-01-31,MOL,268,70,198,85,18,164,1,0,0,0,0,0,0,6,262,ITF,ITF2,14,Molise,Molise,305617,30077,9.84,0.09
617,2021-02-19,MOL,169,93,76,95,70,1,3,0,0,0,0,0,0,167,2,ITF,ITF2,14,Molise,Molise,305617,30246,9.9,0.06
618,2021-04-20,MOL,2318,1025,1293,23,7,1,23,11,741,420,1058,18,16,1220,1098,ITF,ITF2,14,Molise,Molise,305617,32564,10.66,0.76
619,2021-04-28,MOL,1673,903,770,10,4,5,34,128,172,130,1111,4,75,456,1217,ITF,ITF2,14,Molise,Molise,305617,34237,11.2,0.55
620,2021-05-05,MOL,2413,1042,1371,38,7,2,1,753,508,110,930,62,2,2272,141,ITF,ITF2,14,Molise,Molise,305617,36650,11.99,0.79
621,2021-01-28,MOL,613,217,396,430,9,154,1,4,1,0,0,0,14,17,596,ITF,ITF2,14,Molise,Molise,305617,37263,12.19,0.2
622,2021-03-15,MOL,832,338,494,137,43,67,297,24,4,118,31,61,50,587,245,ITF,ITF2,14,Molise,Molise,305617,38095,12.46,0.27
623,2021-03-30,MOL,2003,857,1146,46,1,1,424,4,6,592,823,82,24,1491,512,ITF,ITF2,14,Molise,Molise,305617,40098,13.12,0.66
624,2021-05-03,MOL,2480,1162,1318,5,3,0,1,274,856,88,1171,35,47,2317,163,ITF,ITF2,14,Molise,Molise,305617,42578,13.93,0.81
625,2021-03-10,MOL,1737,720,1017,188,7,1,509,2,5,757,54,187,27,1687,50,ITF,ITF2,14,Molise,Molise,305617,44315,14.5,0.57
626,2021-04-17,MOL,3051,1500,1551,8,4,0,7,5,266,1028,1688,37,8,1565,1486,ITF,ITF2,14,Molise,Molise,305617,47366,15.5,1.0
627,2021-05-26,MOL,1197,494,703,15,2,0,414,115,54,0,23,139,435,641,556,ITF,ITF2,14,Molise,Molise,305617,48563,15.89,0.39
628,2021-02-27,MOL,1366,568,798,25,29,14,1,1,0,1290,0,0,6,1347,19,ITF,ITF2,14,Molise,Molise,305617,49929,16.34,0.45
629,2021-01-22,MOL,126,35,91,21,32,73,0,0,0,0,0,0,0,126,0,ITF,ITF2,14,Molise,Molise,305617,50055,16.38,0.04
630,2021-04-13,MOL,1630,718,912,7,4,1,1,12,911,323,363,1,7,1043,587,ITF,ITF2,14,Molise,Molise,305617,51685,16.91,0.53
631,2021-03-22,MOL,1146,439,707,106,5,2,458,7,3,255,216,59,35,903,243,ITF,ITF2,14,Molise,Molise,305617,52831,17.29,0.37
632,2021-04-10,MOL,2635,1259,1376,10,4,0,19,1,12,239,2338,9,3,2483,152,ITF,ITF2,14,Molise,Molise,305617,55466,18.15,0.86
633,2021-03-16,MOL,614,230,384,13,4,11,0,3,7,395,173,4,4,267,347,ITF,ITF2,14,Molise,Molise,305617,56080,18.35,0.2
634,2021-02-05,MOL,593,269,324,460,22,63,0,13,0,0,0,0,35,55,538,ITF,ITF2,14,Molise,Molise,305617,56673,18.54,0.19
635,2021-03-17,MOL,908,385,523,48,25,42,1,8,4,573,176,13,18,576,332,ITF,ITF2,14,Molise,Molise,305617,57581,18.84,0.3
636,2021-05-08,MOL,2972,1453,1519,55,4,0,35,694,255,79,1790,44,16,1728,1244,ITF,ITF2,14,Molise,Molise,305617,60553,19.81,0.97
637,2021-04-26,MOL,1156,520,636,8,0,0,1,3,109,216,807,10,2,825,331,ITF,ITF2,14,Molise,Molise,305617,61709,20.19,0.38
638,2021-02-08,MOL,334,141,193,206,39,85,0,3,0,0,0,0,1,216,118,ITF,ITF2,14,Molise,Molise,305617,62043,20.3,0.11
639,2021-05-23,MOL,1698,863,835,5,0,3,0,17,7,1,16,2,1647,1693,5,ITF,ITF2,14,Molise,Molise,305617,63741,20.86,0.56
640,2021-02-22,MOL,265,129,136,56,65,62,0,27,0,8,0,0,47,250,15,ITF,ITF2,14,Molise,Molise,305617,64006,20.94,0.09
641,2021-03-19,MOL,1184,482,702,32,1,9,248,2,4,727,155,2,4,757,427,ITF,ITF2,14,Molise,Molise,305617,65190,21.33,0.39
642,2021-02-01,MOL,562,201,361,301,144,111,1,1,0,0,0,0,4,14,548,ITF,ITF2,14,Molise,Molise,305617,65752,21.51,0.18
643,2021-03-28,MOL,1626,747,879,155,15,0,1,0,2,1205,245,2,1,524,1102,ITF,ITF2,14,Molise,Molise,305617,67378,22.05,0.53
644,2021-05-19,MOL,2335,1205,1130,51,2,4,99,815,96,6,241,111,910,1912,423,ITF,ITF2,14,Molise,Molise,305617,69713,22.81,0.76
645,2021-04-19,MOL,1827,842,985,19,5,51,7,16,665,254,764,24,22,1049,778,ITF,ITF2,14,Molise,Molise,305617,71540,23.41,0.6
646,2021-01-17,MOL,78,38,40,78,0,0,0,0,0,0,0,0,0,48,30,ITF,ITF2,14,Molise,Molise,305617,71618,23.43,0.03
647,2021-05-13,MOL,3037,1409,1628,34,12,18,16,1871,288,45,674,13,66,2580,457,ITF,ITF2,14,Molise,Molise,305617,74655,24.43,0.99
648,2021-05-16,MOL,1246,570,676,1,0,0,0,439,80,51,169,0,506,1064,182,ITF,ITF2,14,Molise,Molise,305617,75901,24.84,0.41
649,2021-01-29,MOL,421,136,285,227,23,109,3,12,0,0,0,0,47,6,415,ITF,ITF2,14,Molise,Molise,305617,76322,24.97,0.14
650,2021-03-29,MOL,2033,835,1198,108,8,5,525,4,55,514,775,22,17,1547,486,ITF,ITF2,14,Molise,Molise,305617,78355,25.64,0.67
651,2021-05-18,MOL,1640,875,765,81,66,5,88,432,77,25,308,172,386,985,655,ITF,ITF2,14,Molise,Molise,305617,79995,26.17,0.54
652,2021-04-15,MOL,1923,793,1130,3,3,0,27,7,692,651,522,4,14,1079,844,ITF,ITF2,14,Molise,Molise,305617,81918,26.8,0.63
653,2021-03-18,MOL,1156,476,680,73,10,45,0,2,3,855,157,0,11,692,464,ITF,ITF2,14,Molise,Molise,305617,83074,27.18,0.38
654,2021-01-12,MOL,336,114,222,132,74,129,0,0,0,0,0,0,1,336,0,ITF,ITF2,14,Molise,Molise,305617,83410,27.29,0.11
655,2021-03-05,MOL,1219,649,570,322,5,0,73,9,2,618,0,151,39,1015,204,ITF,ITF2,14,Molise,Molise,305617,84629,27.69,0.4
656,2021-05-14,MOL,2643,1214,1429,72,4,0,70,1305,67,67,1007,9,42,1925,718,ITF,ITF2,14,Molise,Molise,305617,87272,28.56,0.86
657,2021-02-24,MOL,666,278,388,242,66,44,1,6,7,274,0,0,26,333,333,ITF,ITF2,14,Molise,Molise,305617,87938,28.77,0.22
658,2021-01-09,MOL,450,152,298,221,27,178,0,5,0,0,0,0,19,450,0,ITF,ITF2,14,Molise,Molise,305617,88388,28.92,0.15
659,2021-02-16,MOL,156,70,86,148,5,0,0,2,0,0,0,0,1,150,6,ITF,ITF2,14,Molise,Molise,305617,88544,28.97,0.05
660,2021-03-20,MOL,2321,968,1353,28,23,0,222,1,6,1858,147,21,15,1000,1321,ITF,ITF2,14,Molise,Molise,305617,90865,29.73,0.76
661,2021-02-07,MOL,66,32,34,49,1,16,0,0,0,0,0,0,0,19,47,ITF,ITF2,14,Molise,Molise,305617,90931,29.75,0.02
662,2021-02-17,MOL,72,32,40,47,10,6,0,0,0,1,0,0,8,57,15,ITF,ITF2,14,Molise,Molise,305617,91003,29.78,0.02
663,2021-05-06,MOL,2679,1214,1465,246,35,29,26,963,351,162,715,113,39,2081,598,ITF,ITF2,14,Molise,Molise,305617,93682,30.65,0.88
664,2021-01-30,MOL,461,158,303,189,52,180,0,6,0,0,0,0,34,12,449,ITF,ITF2,14,Molise,Molise,305617,94143,30.8,0.15
665,2021-03-25,MOL,1806,730,1076,53,4,18,493,3,10,832,269,107,17,1309,497,ITF,ITF2,14,Molise,Molise,305617,95949,31.4,0.59
666,2021-05-11,MOL,3205,1413,1792,147,3,0,116,1452,447,102,862,11,65,2955,250,ITF,ITF2,14,Molise,Molise,305617,99154,32.44,1.05
667,2021-05-20,MOL,2514,1276,1238,21,2,3,7,147,170,35,287,82,1760,2383,131,ITF,ITF2,14,Molise,Molise,305617,101668,33.27,0.82
668,2021-04-29,MOL,2237,1144,1093,108,2,2,7,8,149,165,1719,31,46,890,1347,ITF,ITF2,14,Molise,Molise,305617,103905,34.0,0.73
669,2021-03-04,MOL,850,417,433,252,20,69,0,0,1,469,0,36,3,526,324,ITF,ITF2,14,Molise,Molise,305617,104755,34.28,0.28
670,2021-01-14,MOL,646,239,407,418,102,115,0,2,0,0,0,0,9,646,0,ITF,ITF2,14,Molise,Molise,305617,105401,34.49,0.21
671,2021-04-01,MOL,1469,667,802,27,18,21,20,0,2,732,580,62,7,743,726,ITF,ITF2,14,Molise,Molise,305617,106870,34.97,0.48
672,2021-04-25,MOL,792,395,397,2,1,0,0,0,219,65,505,0,0,559,233,ITF,ITF2,14,Molise,Molise,305617,107662,35.23,0.26
673,2021-04-05,MOL,391,189,202,1,0,0,0,1,1,113,275,0,0,292,99,ITF,ITF2,14,Molise,Molise,305617,108053,35.36,0.13
674,2021-01-16,MOL,420,166,254,270,16,127,0,1,0,0,0,0,6,420,0,ITF,ITF2,14,Molise,Molise,305617,108473,35.49,0.14
675,2021-04-03,MOL,1770,850,920,29,74,0,26,13,16,267,1326,7,12,1735,35,ITF,ITF2,14,Molise,Molise,305617,110243,36.07,0.58
676,2021-03-06,MOL,1728,807,921,156,18,0,0,2,4,1395,0,152,1,1569,159,ITF,ITF2,14,Molise,Molise,305617,111971,36.64,0.57
677,2021-03-03,MOL,672,316,356,63,4,48,127,0,0,385,0,45,0,590,82,ITF,ITF2,14,Molise,Molise,305617,112643,36.86,0.22
678,2021-01-06,MOL,689,260,429,456,26,171,0,1,2,21,0,0,12,689,0,ITF,ITF2,14,Molise,Molise,305617,113332,37.08,0.23
679,2021-04-30,MOL,2935,1554,1381,48,0,2,2,8,272,122,2467,0,14,829,2106,ITF,ITF2,14,Molise,Molise,305617,116267,38.04,0.96
680,2021-04-23,MOL,2049,882,1167,50,18,0,20,7,605,227,1106,11,5,1390,659,ITF,ITF2,14,Molise,Molise,305617,118316,38.71,0.67
681,2021-01-04,MOL,314,131,183,301,0,0,0,2,0,0,0,0,11,314,0,ITF,ITF2,14,Molise,Molise,305617,118630,38.82,0.1
682,2021-02-25,MOL,541,239,302,68,3,28,0,6,0,434,0,0,2,473,68,ITF,ITF2,14,Molise,Molise,305617,119171,38.99,0.18
683,2021-04-09,MOL,2318,1248,1070,33,10,1,1,93,10,136,2026,2,6,2127,191,ITF,ITF2,14,Molise,Molise,305617,121489,39.75,0.76
684,2021-01-05,MOL,449,180,269,441,0,0,0,1,0,0,0,0,7,449,0,ITF,ITF2,14,Molise,Molise,305617,121938,39.9,0.15
685,2021-02-03,MOL,731,249,482,391,112,180,1,4,3,0,0,0,40,338,393,ITF,ITF2,14,Molise,Molise,305617,122669,40.14,0.24
686,2021-01-19,MOL,173,63,110,90,57,22,2,0,0,0,0,0,2,162,11,ITF,ITF2,14,Molise,Molise,305617,122842,40.19,0.06
687,2021-01-15,MOL,538,242,296,398,17,81,0,8,0,0,0,0,34,538,0,ITF,ITF2,14,Molise,Molise,305617,123380,40.37,0.18
688,2021-04-16,MOL,2430,1033,1397,57,5,11,8,7,694,738,897,7,6,1198,1232,ITF,ITF2,14,Molise,Molise,305617,125810,41.17,0.8
689,2021-02-06,MOL,429,179,250,276,14,130,1,2,0,0,0,0,6,29,400,ITF,ITF2,14,Molise,Molise,305617,126239,41.31,0.14
690,2021-05-22,MOL,1305,705,600,5,18,2,2,215,40,8,63,54,898,1223,82,ITF,ITF2,14,Molise,Molise,305617,127544,41.73,0.43
691,2021-05-07,MOL,2641,1226,1415,97,28,4,23,603,437,67,1302,70,10,2044,597,ITF,ITF2,14,Molise,Molise,305617,130185,42.6,0.86
692,2021-03-08,MOL,1379,522,857,359,51,23,405,2,1,411,36,76,15,1239,140,ITF,ITF2,14,Molise,Molise,305617,131564,43.05,0.45
693,2021-05-02,MOL,1889,930,959,1,3,0,0,113,23,49,1659,1,40,586,1303,ITF,ITF2,14,Molise,Molise,305617,133453,43.67,0.62
694,2021-02-12,MOL,330,149,181,224,13,72,2,7,1,0,0,0,11,208,122,ITF,ITF2,14,Molise,Molise,305617,133783,43.77,0.11
695,2021-01-07,MOL,598,209,389,414,2,145,0,5,1,4,0,0,27,598,0,ITF,ITF2,14,Molise,Molise,305617,134381,43.97,0.2
696,2021-04-22,MOL,1844,863,981,12,2,6,5,19,754,338,690,8,10,1065,779,ITF,ITF2,14,Molise,Molise,305617,136225,44.57,0.6
697,2021-01-20,MOL,18,8,10,14,4,0,0,0,0,0,0,0,0,18,0,ITF,ITF2,14,Molise,Molise,305617,136243,44.58,0.01
698,2021-01-25,MOL,319,130,189,317,0,0,2,0,0,0,0,0,0,3,316,ITF,ITF2,14,Molise,Molise,305617,136562,44.68,0.1
699,2021-03-11,MOL,1463,636,827,42,2,14,499,4,2,699,12,185,4,1457,6,ITF,ITF2,14,Molise,Molise,305617,138025,45.16,0.48
700,2021-01-11,MOL,557,194,363,196,243,111,0,1,0,0,0,0,6,557,0,ITF,ITF2,14,Molise,Molise,305617,138582,45.34,0.18
701,2021-04-11,MOL,1196,591,605,0,5,0,0,3,2,69,1113,0,4,1182,14,ITF,ITF2,14,Molise,Molise,305617,139778,45.74,0.39
702,2021-05-17,MOL,2228,1092,1136,24,9,44,142,611,57,50,348,10,933,1732,496,ITF,ITF2,14,Molise,Molise,305617,142006,46.47,0.73
703,2021-02-04,MOL,758,295,463,502,95,141,1,3,0,0,0,0,16,77,681,ITF,ITF2,14,Molise,Molise,305617,142764,46.71,0.25
704,2021-04-08,MOL,1766,903,863,106,15,8,35,5,3,201,1374,8,11,1564,202,ITF,ITF2,14,Molise,Molise,305617,144530,47.29,0.58
705,2021-04-07,MOL,1688,847,841,36,12,63,80,10,3,133,1316,29,6,1413,275,ITF,ITF2,14,Molise,Molise,305617,146218,47.84,0.55
706,2021-04-04,MOL,253,141,112,1,0,0,0,0,0,3,248,0,1,238,15,ITF,ITF2,14,Molise,Molise,305617,146471,47.93,0.08
707,2021-02-11,MOL,293,133,160,225,19,45,1,0,0,0,0,3,0,257,36,ITF,ITF2,14,Molise,Molise,305617,146764,48.02,0.1
708,2021-05-12,MOL,2846,1291,1555,60,22,1,18,1698,367,55,561,19,45,2750,96,ITF,ITF2,14,Molise,Molise,305617,149610,48.95,0.93
709,2021-03-13,MOL,1189,594,595,29,5,6,0,5,4,981,6,151,2,200,989,ITF,ITF2,14,Molise,Molise,305617,150799,49.34,0.39
710,2021-03-31,MOL,2193,919,1274,202,13,32,263,10,18,826,708,96,25,1374,819,ITF,ITF2,14,Molise,Molise,305617,152992,50.06,0.72
711,2021-03-02,MOL,667,383,284,98,106,51,151,0,0,139,0,113,9,509,158,ITF,ITF2,14,Molise,Molise,305617,153659,50.28,0.22
712,2021-03-01,MOL,661,274,387,200,36,108,147,8,1,135,0,2,24,447,214,ITF,ITF2,14,Molise,Molise,305617,154320,50.49,0.22
713,2021-03-26,MOL,2575,1045,1530,72,64,23,548,7,16,1015,747,70,13,1933,642,ITF,ITF2,14,Molise,Molise,305617,156895,51.34,0.84
714,2021-02-15,MOL,144,70,74,117,10,15,0,0,0,0,0,0,2,141,3,ITF,ITF2,14,Molise,Molise,305617,157039,51.38,0.05
715,2021-01-18,MOL,114,48,66,97,14,0,0,1,0,0,0,0,2,114,0,ITF,ITF2,14,Molise,Molise,305617,157153,51.42,0.04
716,2021-02-10,MOL,150,78,72,91,6,53,0,0,0,0,0,0,0,130,20,ITF,ITF2,14,Molise,Molise,305617,157303,51.47,0.05
717,2021-04-14,MOL,1806,767,1039,45,1,11,3,5,974,432,326,5,4,1145,661,ITF,ITF2,14,Molise,Molise,305617,159109,52.06,0.59
718,2021-02-20,MOL,1018,441,577,20,5,8,0,0,1,983,0,0,1,998,20,ITF,ITF2,14,Molise,Molise,305617,160127,52.39,0.33
719,2021-04-12,MOL,1299,557,742,19,2,1,0,13,945,95,218,1,5,1048,251,ITF,ITF2,14,Molise,Molise,305617,161426,52.82,0.43
720,2021-05-04,MOL,2702,1179,1523,17,4,1,2,863,494,122,1197,0,2,2574,128,ITF,ITF2,14,Molise,Molise,305617,164128,53.7,0.88
721,2021-05-24,MOL,1935,839,1096,197,34,2,360,295,248,8,34,78,679,1269,666,ITF,ITF2,14,Molise,Molise,305617,166063,54.34,0.63
722,2021-05-10,MOL,2888,1285,1603,30,3,1,12,981,899,76,853,18,15,2515,373,ITF,ITF2,14,Molise,Molise,305617,168951,55.28,0.94
723,2021-02-13,MOL,132,80,52,129,3,0,0,0,0,0,0,0,0,132,0,ITF,ITF2,14,Molise,Molise,305617,169083,55.33,0.04
724,2021-01-27,MOL,674,251,423,436,12,209,1,10,0,0,0,1,5,8,666,ITF,ITF2,14,Molise,Molise,305617,169757,55.55,0.22
725,2021-05-15,MOL,2979,1398,1581,14,9,0,6,1213,239,62,665,5,766,2595,384,ITF,ITF2,14,Molise,Molise,305617,172736,56.52,0.97
726,2021-02-26,MOL,563,260,303,42,7,3,55,9,1,406,1,0,39,490,73,ITF,ITF2,14,Molise,Molise,305617,173299,56.7,0.18
727,2021-03-09,MOL,1329,579,750,199,6,0,393,4,1,409,76,218,23,1177,152,ITF,ITF2,14,Molise,Molise,305617,174628,57.14,0.43
728,2021-03-27,MOL,2743,1273,1470,18,58,0,1,6,5,1910,719,23,3,1310,1433,ITF,ITF2,14,Molise,Molise,305617,177371,58.04,0.9
729,2021-04-02,MOL,1452,708,744,48,77,0,2,8,9,684,494,112,18,675,777,ITF,ITF2,14,Molise,Molise,305617,178823,58.51,0.48
730,2021-01-21,MOL,6,2,4,0,6,0,0,0,0,0,0,0,0,6,0,ITF,ITF2,14,Molise,Molise,305617,178829,58.51,0.0
731,2021-05-06,PAT,5504,2725,2779,108,138,17,53,1583,540,379,389,195,2102,4726,778,ITH,ITH2,4,Provincia Autonoma Trento,P.A. Trento,541380,5504,1.02,1.02
732,2021-01-30,PAT,386,132,254,346,7,32,1,0,0,0,0,0,0,152,234,ITH,ITH2,4,Provincia Autonoma Trento,P.A. Trento,541380,5890,1.09,0.07
733,2021-03-05,PAT,2243,703,1540,126,70,102,788,5,24,958,1,159,10,1677,566,ITH,ITH2,4,Provincia Autonoma Trento,P.A. Trento,541380,8133,1.5,0.41
734,2021-01-14,PAT,700,203,497,482,6,209,0,0,0,0,0,0,3,700,0,ITH,ITH2,4,Provincia Autonoma Trento,P.A. Trento,541380,8833,1.63,0.13
735,2021-05-10,PAT,3205,1644,1561,46,35,2,47,785,232,364,332,101,1261,2701,504,ITH,ITH2,4,Provincia Autonoma Trento,P.A. Trento,541380,12038,2.22,0.59
736,2021-01-24,PAT,547,276,271,535,12,0,0,0,0,0,0,0,0,224,323,ITH,ITH2,4,Provincia Autonoma Trento,P.A. Trento,541380,12585,2.32,0.1
737,2021-03-15,PAT,1410,545,865,58,130,26,174,3,285,624,15,56,39,946,464,ITH,ITH2,4,Provincia Autonoma Trento,P.A. Trento,541380,13995,2.59,0.26
738,2021-05-11,PAT,3688,1744,1944,54,103,6,162,572,191,489,231,61,1819,2845,843,ITH,ITH2,4,Provincia Autonoma Trento,P.A. Trento,541380,17683,3.27,0.68
739,2021-04-29,PAT,4621,2232,2389,83,86,10,37,2509,1207,188,463,4,34,4412,209,ITH,ITH2,4,Provincia Autonoma Trento,P.A. Trento,541380,22304,4.12,0.85
740,2021-05-20,PAT,4890,2300,2590,126,133,9,254,506,300,813,365,138,2246,3285,1605,ITH,ITH2,4,Provincia Autonoma Trento,P.A. Trento,541380,27194,5.02,0.9
741,2021-03-21,PAT,129,69,60,34,1,0,18,2,18,0,56,0,0,129,0,ITH,ITH2,4,Provincia Autonoma Trento,P.A. Trento,541380,27323,5.05,0.02
742,2021-01-21,PAT,351,94,257,320,13,16,0,0,0,0,0,0,2,228,123,ITH,ITH2,4,Provincia Autonoma Trento,P.A. Trento,541380,27674,5.11,0.06
743,2021-03-04,PAT,2358,793,1565,161,26,23,353,15,12,1727,0,19,22,1580,778,ITH,ITH2,4,Provincia Autonoma Trento,P.A. Trento,541380,30032,5.55,0.44
744,2021-04-25,PAT,1970,939,1031,9,4,0,1,1304,215,31,384,0,22,1963,7,ITH,ITH2,4,Provincia Autonoma Trento,P.A. Trento,541380,32002,5.91,0.36
745,2021-04-14,PAT,3114,1464,1650,116,51,7,9,98,1486,1019,314,2,12,2378,736,ITH,ITH2,4,Provincia Autonoma Trento,P.A. Trento,541380,35116,6.49,0.58
746,2021-03-03,PAT,1656,622,1034,74,11,60,205,5,5,1267,3,19,7,1139,517,ITH,ITH2,4,Provincia Autonoma Trento,P.A. Trento,541380,36772,6.79,0.31
747,2021-04-05,PAT,35,17,18,1,0,0,1,21,12,0,0,0,0,33,2,ITH,ITH2,4,Provincia Autonoma Trento,P.A. Trento,541380,36807,6.8,0.01
748,2021-04-19,PAT,2622,1235,1387,41,12,0,6,592,906,314,682,2,67,2599,23,ITH,ITH2,4,Provincia Autonoma Trento,P.A. Trento,541380,39429,7.28,0.48
749,2021-02-23,PAT,1108,395,713,272,13,17,50,1,0,751,0,3,1,897,211,ITH,ITH2,4,Provincia Autonoma Trento,P.A. Trento,541380,40537,7.49,0.2
750,2021-01-13,PAT,421,123,298,392,6,23,0,0,0,0,0,0,0,421,0,ITH,ITH2,4,Provincia Autonoma Trento,P.A. Trento,541380,40958,7.57,0.08
751,2021-03-07,PAT,22,6,16,0,0,0,22,0,0,0,0,0,0,22,0,ITH,ITH2,4,Provincia Autonoma Trento,P.A. Trento,541380,40980,7.57,0.0
752,2021-01-27,PAT,802,277,525,463,33,304,0,0,0,1,0,0,1,91,711,ITH,ITH2,4,Provincia Autonoma Trento,P.A. Trento,541380,41782,7.72,0.15
753,2021-04-15,PAT,3181,1437,1744,183,112,16,3,129,1514,529,685,1,9,3027,154,ITH,ITH2,4,Provincia Autonoma Trento,P.A. Trento,541380,44963,8.31,0.59
754,2021-03-18,PAT,2318,957,1361,64,1,2,3,9,536,1675,17,2,9,1238,1080,ITH,ITH2,4,Provincia Autonoma Trento,P.A. Trento,541380,47281,8.73,0.43
755,2021-05-23,PAT,1952,993,959,9,20,0,141,33,1183,23,153,8,382,447,1505,ITH,ITH2,4,Provincia Autonoma Trento,P.A. Trento,541380,49233,9.09,0.36
756,2021-02-13,PAT,537,333,204,373,4,0,0,1,0,159,0,0,0,172,365,ITH,ITH2,4,Provincia Autonoma Trento,P.A. Trento,541380,49770,9.19,0.1
757,2021-03-27,PAT,1615,709,906,271,363,0,166,12,352,61,228,135,27,1363,252,ITH,ITH2,4,Provincia Autonoma Trento,P.A. Trento,541380,51385,9.49,0.3
758,2021-02-12,PAT,1010,340,670,335,54,55,0,2,9,553,0,0,2,589,421,ITH,ITH2,4,Provincia Autonoma Trento,P.A. Trento,541380,52395,9.68,0.19
759,2021-05-15,PAT,1567,815,752,375,91,0,63,111,51,25,353,51,447,679,888,ITH,ITH2,4,Provincia Autonoma Trento,P.A. Trento,541380,53962,9.97,0.29
760,2021-01-29,PAT,1352,331,1021,724,74,542,0,0,0,3,0,0,9,55,1297,ITH,ITH2,4,Provincia Autonoma Trento,P.A. Trento,541380,55314,10.22,0.25
761,2021-03-20,PAT,872,402,470,154,97,0,69,0,343,78,127,0,4,670,202,ITH,ITH2,4,Provincia Autonoma Trento,P.A. Trento,541380,56186,10.38,0.16
762,2021-05-18,PAT,4237,2001,2236,25,36,1,207,617,247,455,212,101,2336,3395,842,ITH,ITH2,4,Provincia Autonoma Trento,P.A. Trento,541380,60423,11.16,0.78
763,2021-05-16,PAT,1302,717,585,149,39,0,10,35,12,25,82,58,892,1064,238,ITH,ITH2,4,Provincia Autonoma Trento,P.A. Trento,541380,61725,11.4,0.24
764,2021-03-10,PAT,2411,928,1483,356,36,25,327,4,10,1421,2,223,7,1490,921,ITH,ITH2,4,Provincia Autonoma Trento,P.A. Trento,541380,64136,11.85,0.45
765,2021-01-09,PAT,190,40,150,146,13,31,0,0,0,0,0,0,0,190,0,ITH,ITH2,4,Provincia Autonoma Trento,P.A. Trento,541380,64326,11.88,0.04
766,2021-03-08,PAT,1398,433,965,65,16,0,278,2,6,1017,1,7,6,1045,353,ITH,ITH2,4,Provincia Autonoma Trento,P.A. Trento,541380,65724,12.14,0.26
767,2021-05-07,PAT,5984,3077,2907,78,126,12,150,1182,509,521,460,216,2730,5147,837,ITH,ITH2,4,Provincia Autonoma Trento,P.A. Trento,541380,71708,13.25,1.11
768,2021-05-26,PAT,2699,1315,1384,61,41,3,52,264,1192,273,227,8,578,788,1911,ITH,ITH2,4,Provincia Autonoma Trento,P.A. Trento,541380,74407,13.74,0.5
769,2021-03-29,PAT,2460,958,1502,98,29,5,92,33,804,1009,100,4,286,1725,735,ITH,ITH2,4,Provincia Autonoma Trento,P.A. Trento,541380,76867,14.2,0.45
770,2021-05-13,PAT,3404,1579,1825,110,299,8,176,562,369,625,203,51,1001,2304,1100,ITH,ITH2,4,Provincia Autonoma Trento,P.A. Trento,541380,80271,14.83,0.63
771,2021-04-17,PAT,2203,1120,1083,14,2,0,0,143,1503,77,458,0,6,2146,57,ITH,ITH2,4,Provincia Autonoma Trento,P.A. Trento,541380,82474,15.23,0.41
772,2021-01-22,PAT,1668,433,1235,904,121,631,3,3,5,1,0,0,0,329,1339,ITH,ITH2,4,Provincia Autonoma Trento,P.A. Trento,541380,84142,15.54,0.31
773,2021-02-16,PAT,663,244,419,73,2,3,10,0,8,563,0,0,4,658,5,ITH,ITH2,4,Provincia Autonoma Trento,P.A. Trento,541380,84805,15.66,0.12
774,2021-02-24,PAT,1318,523,795,236,5,29,66,4,2,974,1,1,0,922,396,ITH,ITH2,4,Provincia Autonoma Trento,P.A. Trento,541380,86123,15.91,0.24
775,2021-01-23,PAT,577,334,243,487,2,88,0,0,0,0,0,0,0,388,189,ITH,ITH2,4,Provincia Autonoma Trento,P.A. Trento,541380,86700,16.01,0.11
776,2021-03-02,PAT,1304,440,864,138,16,55,148,4,9,925,1,1,7,928,376,ITH,ITH2,4,Provincia Autonoma Trento,P.A. Trento,541380,88004,16.26,0.24
777,2021-04-08,PAT,3114,1294,1820,186,25,46,41,57,1024,1413,309,3,10,1996,1118,ITH,ITH2,4,Provincia Autonoma Trento,P.A. Trento,541380,91118,16.83,0.58
778,2021-04-07,PAT,2599,1012,1587,264,26,29,103,19,636,1365,132,10,15,1658,941,ITH,ITH2,4,Provincia Autonoma Trento,P.A. Trento,541380,93717,17.31,0.48
779,2021-03-13,PAT,830,380,450,203,16,30,259,0,0,44,0,278,0,782,48,ITH,ITH2,4,Provincia Autonoma Trento,P.A. Trento,541380,94547,17.46,0.15
780,2021-05-12,PAT,3296,1490,1806,69,108,32,211,648,202,727,192,31,1076,2113,1183,ITH,ITH2,4,Provincia Autonoma Trento,P.A. Trento,541380,97843,18.07,0.61
781,2021-03-17,PAT,2067,790,1277,398,15,55,10,4,276,1266,23,1,19,1199,868,ITH,ITH2,4,Provincia Autonoma Trento,P.A. Trento,541380,99910,18.45,0.38
782,2021-05-24,PAT,4115,1896,2219,91,150,1,408,345,1360,533,377,60,790,1170,2945,ITH,ITH2,4,Provincia Autonoma Trento,P.A. Trento,541380,104025,19.21,0.76
783,2021-02-26,PAT,1218,435,783,250,12,19,105,3,2,823,0,1,3,923,295,ITH,ITH2,4,Provincia Autonoma Trento,P.A. Trento,541380,105243,19.44,0.22
784,2021-04-11,PAT,2339,1135,1204,44,57,8,178,23,1742,21,253,8,5,2247,92,ITH,ITH2,4,Provincia Autonoma Trento,P.A. Trento,541380,107582,19.87,0.43
785,2021-01-08,PAT,1449,313,1136,775,128,530,0,0,7,7,0,0,2,1449,0,ITH,ITH2,4,Provincia Autonoma Trento,P.A. Trento,541380,109031,20.14,0.27
786,2021-02-15,PAT,533,187,346,145,21,27,11,1,1,322,0,0,5,419,114,ITH,ITH2,4,Provincia Autonoma Trento,P.A. Trento,541380,109564,20.24,0.1
787,2020-12-31,PAT,1624,449,1175,841,105,676,0,0,1,1,0,0,0,1624,0,ITH,ITH2,4,Provincia Autonoma Trento,P.A. Trento,541380,111188,20.54,0.3
788,2021-03-01,PAT,1237,454,783,74,1,10,95,5,8,1037,0,3,4,942,295,ITH,ITH2,4,Provincia Autonoma Trento,P.A. Trento,541380,112425,20.77,0.23
789,2021-02-09,PAT,915,287,628,447,8,73,0,2,1,382,0,0,2,442,473,ITH,ITH2,4,Provincia Autonoma Trento,P.A. Trento,541380,113340,20.94,0.17
790,2021-04-22,PAT,3145,1468,1677,77,49,8,0,1329,902,243,525,2,10,3101,44,ITH,ITH2,4,Provincia Autonoma Trento,P.A. Trento,541380,116485,21.52,0.58
791,2021-03-06,PAT,783,277,506,362,11,0,204,4,0,195,0,5,2,632,151,ITH,ITH2,4,Provincia Autonoma Trento,P.A. Trento,541380,117268,21.66,0.14
792,2021-04-30,PAT,4910,2396,2514,61,126,14,38,2860,894,172,582,3,160,4765,145,ITH,ITH2,4,Provincia Autonoma Trento,P.A. Trento,541380,122178,22.57,0.91
793,2021-01-18,PAT,643,154,489,529,35,73,0,1,0,1,0,0,4,588,55,ITH,ITH2,4,Provincia Autonoma Trento,P.A. Trento,541380,122821,22.69,0.12
794,2021-01-06,PAT,42,13,29,42,0,0,0,0,0,0,0,0,0,42,0,ITH,ITH2,4,Provincia Autonoma Trento,P.A. Trento,541380,122863,22.69,0.01
795,2021-01-05,PAT,709,232,477,495,46,162,0,1,1,0,0,0,4,709,0,ITH,ITH2,4,Provincia Autonoma Trento,P.A. Trento,541380,123572,22.83,0.13
796,2021-03-26,PAT,3154,1226,1928,137,178,108,557,30,1097,901,62,46,38,2555,599,ITH,ITH2,4,Provincia Autonoma Trento,P.A. Trento,541380,126726,23.41,0.58
797,2021-04-20,PAT,2872,1372,1500,40,20,0,4,950,1277,175,388,2,16,2836,36,ITH,ITH2,4,Provincia Autonoma Trento,P.A. Trento,541380,129598,23.94,0.53
798,2021-05-05,PAT,4971,2574,2397,137,138,11,88,1735,692,88,245,236,1601,4689,282,ITH,ITH2,4,Provincia Autonoma Trento,P.A. Trento,541380,134569,24.86,0.92
799,2021-04-23,PAT,3598,1749,1849,34,16,21,9,1599,805,200,897,1,16,3544,54,ITH,ITH2,4,Provincia Autonoma Trento,P.A. Trento,541380,138167,25.52,0.66
800,2021-02-06,PAT,574,298,276,179,0,0,0,1,0,391,0,0,3,433,141,ITH,ITH2,4,Provincia Autonoma Trento,P.A. Trento,541380,138741,25.63,0.11
801,2021-05-14,PAT,5284,2528,2756,78,182,23,781,646,390,210,289,214,2471,3927,1357,ITH,ITH2,4,Provincia Autonoma Trento,P.A. Trento,541380,144025,26.6,0.98
802,2021-04-01,PAT,2892,1227,1665,195,137,8,125,33,501,1644,123,24,102,1799,1093,ITH,ITH2,4,Provincia Autonoma Trento,P.A. Trento,541380,146917,27.14,0.53
803,2021-02-02,PAT,907,240,667,507,33,189,0,2,5,170,0,0,1,190,717,ITH,ITH2,4,Provincia Autonoma Trento,P.A. Trento,541380,147824,27.31,0.17
804,2021-02-21,PAT,155,92,63,154,0,0,1,0,0,0,0,0,0,43,112,ITH,ITH2,4,Provincia Autonoma Trento,P.A. Trento,541380,147979,27.33,0.03
805,2021-01-20,PAT,291,73,218,232,10,48,0,0,0,0,0,0,1,279,12,ITH,ITH2,4,Provincia Autonoma Trento,P.A. Trento,541380,148270,27.39,0.05
806,2021-01-02,PAT,502,143,359,336,21,141,0,0,0,3,0,0,1,502,0,ITH,ITH2,4,Provincia Autonoma Trento,P.A. Trento,541380,148772,27.48,0.09
807,2021-03-11,PAT,2295,851,1444,105,50,41,392,8,13,1588,23,59,16,1473,822,ITH,ITH2,4,Provincia Autonoma Trento,P.A. Trento,541380,151067,27.9,0.42
808,2021-05-22,PAT,3235,1588,1647,53,59,5,327,107,1570,43,232,153,686,919,2316,ITH,ITH2,4,Provincia Autonoma Trento,P.A. Trento,541380,154302,28.5,0.6
809,2021-05-25,PAT,4340,2087,2253,61,44,3,331,464,1655,286,434,21,1041,1655,2685,ITH,ITH2,4,Provincia Autonoma Trento,P.A. Trento,541380,158642,29.3,0.8
810,2021-01-11,PAT,730,221,509,523,49,153,0,1,0,0,0,0,4,730,0,ITH,ITH2,4,Provincia Autonoma Trento,P.A. Trento,541380,159372,29.44,0.13
811,2021-01-15,PAT,595,132,463,464,18,111,0,0,1,0,0,0,1,595,0,ITH,ITH2,4,Provincia Autonoma Trento,P.A. Trento,541380,159967,29.55,0.11
812,2021-04-18,PAT,1854,844,1010,10,53,4,3,1025,509,24,220,0,6,1845,9,ITH,ITH2,4,Provincia Autonoma Trento,P.A. Trento,541380,161821,29.89,0.34
813,2021-05-04,PAT,4474,2422,2052,41,65,27,26,1577,441,92,366,182,1657,4384,90,ITH,ITH2,4,Provincia Autonoma Trento,P.A. Trento,541380,166295,30.72,0.83
814,2021-03-24,PAT,2375,940,1435,206,90,42,225,6,238,1450,66,42,10,1555,820,ITH,ITH2,4,Provincia Autonoma Trento,P.A. Trento,541380,168670,31.16,0.44
815,2021-03-23,PAT,2444,943,1501,146,111,71,168,7,845,1011,35,34,16,1704,740,ITH,ITH2,4,Provincia Autonoma Trento,P.A. Trento,541380,171114,31.61,0.45
816,2021-05-09,PAT,2322,1210,1112,12,219,0,23,330,84,33,284,66,1271,1978,344,ITH,ITH2,4,Provincia Autonoma Trento,P.A. Trento,541380,173436,32.04,0.43
817,2021-04-21,PAT,2893,1349,1544,47,12,3,1,1176,921,195,534,0,4,2843,50,ITH,ITH2,4,Provincia Autonoma Trento,P.A. Trento,541380,176329,32.57,0.53
818,2021-02-17,PAT,1110,425,685,326,9,35,12,3,11,709,0,3,2,1020,90,ITH,ITH2,4,Provincia Autonoma Trento,P.A. Trento,541380,177439,32.78,0.21
819,2020-12-27,PAT,103,40,63,76,4,21,0,0,0,0,0,0,2,103,0,ITH,ITH2,4,Provincia Autonoma Trento,P.A. Trento,541380,177542,32.79,0.02
820,2021-04-27,PAT,3879,1865,2014,27,104,1,5,2095,904,157,530,16,40,3812,67,ITH,ITH2,4,Provincia Autonoma Trento,P.A. Trento,541380,181421,33.51,0.72
821,2021-02-10,PAT,851,291,560,311,7,51,0,1,0,481,0,0,0,509,342,ITH,ITH2,4,Provincia Autonoma Trento,P.A. Trento,541380,182272,33.67,0.16
822,2021-01-10,PAT,84,19,65,54,18,12,0,0,0,0,0,0,0,84,0,ITH,ITH2,4,Provincia Autonoma Trento,P.A. Trento,541380,182356,33.68,0.02
823,2021-05-08,PAT,3151,1721,1430,16,270,0,29,433,95,34,334,157,1783,2734,417,ITH,ITH2,4,Provincia Autonoma Trento,P.A. Trento,541380,185507,34.27,0.58
824,2021-03-14,PAT,107,65,42,102,0,0,5,0,0,0,0,0,0,20,87,ITH,ITH2,4,Provincia Autonoma Trento,P.A. Trento,541380,185614,34.29,0.02
825,2021-04-24,PAT,3507,1682,1825,3,30,3,2,2175,354,43,886,0,11,3494,13,ITH,ITH2,4,Provincia Autonoma Trento,P.A. Trento,541380,189121,34.93,0.65
826,2021-01-31,PAT,75,15,60,55,13,6,0,1,0,0,0,0,0,1,74,ITH,ITH2,4,Provincia Autonoma Trento,P.A. Trento,541380,189196,34.95,0.01
827,2021-04-02,PAT,2801,1146,1655,153,65,44,309,58,1170,701,133,15,153,2126,675,ITH,ITH2,4,Provincia Autonoma Trento,P.A. Trento,541380,191997,35.46,0.52
828,2021-01-12,PAT,505,158,347,419,25,61,0,0,0,0,0,0,0,505,0,ITH,ITH2,4,Provincia Autonoma Trento,P.A. Trento,541380,192502,35.56,0.09
829,2021-01-01,PAT,213,50,163,114,11,88,0,0,0,0,0,0,0,213,0,ITH,ITH2,4,Provincia Autonoma Trento,P.A. Trento,541380,192715,35.6,0.04
830,2021-02-11,PAT,1132,365,767,332,3,48,0,0,5,739,0,0,5,796,336,ITH,ITH2,4,Provincia Autonoma Trento,P.A. Trento,541380,193847,35.81,0.21
831,2021-03-09,PAT,1581,589,992,98,44,31,201,2,8,1102,1,92,2,938,643,ITH,ITH2,4,Provincia Autonoma Trento,P.A. Trento,541380,195428,36.1,0.29
832,2021-04-12,PAT,3086,1407,1679,137,37,30,365,77,1319,754,327,12,28,2590,496,ITH,ITH2,4,Provincia Autonoma Trento,P.A. Trento,541380,198514,36.67,0.57
833,2021-01-07,PAT,1270,310,960,649,46,557,0,1,4,13,0,0,0,1270,0,ITH,ITH2,4,Provincia Autonoma Trento,P.A. Trento,541380,199784,36.9,0.23
834,2021-03-12,PAT,2506,936,1570,208,254,106,566,9,26,1120,5,205,7,1701,805,ITH,ITH2,4,Provincia Autonoma Trento,P.A. Trento,541380,202290,37.37,0.46
835,2021-02-20,PAT,407,245,162,330,10,30,31,0,0,1,0,3,2,123,284,ITH,ITH2,4,Provincia Autonoma Trento,P.A. Trento,541380,202697,37.44,0.08
836,2021-05-21,PAT,4475,2122,2353,81,229,15,616,693,319,459,398,258,1407,2795,1680,ITH,ITH2,4,Provincia Autonoma Trento,P.A. Trento,541380,207172,38.27,0.83
837,2021-02-08,PAT,1151,318,833,551,53,237,1,1,4,303,0,0,1,342,809,ITH,ITH2,4,Provincia Autonoma Trento,P.A. Trento,541380,208323,38.48,0.21
838,2021-02-01,PAT,1220,335,885,767,70,375,0,1,1,0,0,0,6,92,1128,ITH,ITH2,4,Provincia Autonoma Trento,P.A. Trento,541380,209543,38.71,0.23
839,2021-02-27,PAT,1027,456,571,460,5,2,114,0,2,435,0,4,5,606,421,ITH,ITH2,4,Provincia Autonoma Trento,P.A. Trento,541380,210570,38.9,0.19
840,2021-01-25,PAT,817,215,602,524,27,263,0,0,0,2,0,0,1,23,794,ITH,ITH2,4,Provincia Autonoma Trento,P.A. Trento,541380,211387,39.05,0.15
841,2021-03-31,PAT,2567,983,1584,147,35,5,235,26,481,1479,103,6,50,1710,857,ITH,ITH2,4,Provincia Autonoma Trento,P.A. Trento,541380,213954,39.52,0.47
842,2021-02-05,PAT,802,272,530,467,19,66,0,1,0,248,0,0,1,283,519,ITH,ITH2,4,Provincia Autonoma Trento,P.A. Trento,541380,214756,39.67,0.15
843,2021-04-10,PAT,2795,1307,1488,21,9,1,190,42,2186,67,258,11,10,2002,793,ITH,ITH2,4,Provincia Autonoma Trento,P.A. Trento,541380,217551,40.18,0.52
844,2021-04-16,PAT,2836,1344,1492,86,28,25,8,226,1246,390,806,1,20,2691,145,ITH,ITH2,4,Provincia Autonoma Trento,P.A. Trento,541380,220387,40.71,0.52
845,2021-05-17,PAT,4291,2120,2171,10,30,7,179,504,158,96,141,77,3089,3941,350,ITH,ITH2,4,Provincia Autonoma Trento,P.A. Trento,541380,224678,41.5,0.79
846,2021-02-04,PAT,974,304,670,544,10,89,0,2,2,325,0,0,2,421,553,ITH,ITH2,4,Provincia Autonoma Trento,P.A. Trento,541380,225652,41.68,0.18
847,2021-03-22,PAT,2305,973,1332,83,134,8,103,11,849,994,62,38,23,1430,875,ITH,ITH2,4,Provincia Autonoma Trento,P.A. Trento,541380,227957,42.11,0.43
848,2021-01-17,PAT,251,195,56,251,0,0,0,0,0,0,0,0,0,251,0,ITH,ITH2,4,Provincia Autonoma Trento,P.A. Trento,541380,228208,42.15,0.05
849,2021-05-02,PAT,3512,1955,1557,18,138,0,3,1507,150,21,253,128,1294,3475,37,ITH,ITH2,4,Provincia Autonoma Trento,P.A. Trento,541380,231720,42.8,0.65
850,2021-04-06,PAT,2258,949,1309,40,6,9,101,11,850,1070,141,18,12,1493,765,ITH,ITH2,4,Provincia Autonoma Trento,P.A. Trento,541380,233978,43.22,0.42
851,2021-03-28,PAT,748,292,456,19,414,0,2,9,18,8,168,107,3,745,3,ITH,ITH2,4,Provincia Autonoma Trento,P.A. Trento,541380,234726,43.36,0.14
852,2021-04-03,PAT,1138,471,667,142,269,0,31,10,146,61,369,108,2,971,167,ITH,ITH2,4,Provincia Autonoma Trento,P.A. Trento,541380,235864,43.57,0.21
853,2021-02-22,PAT,745,259,486,119,4,70,45,1,4,501,0,0,1,661,84,ITH,ITH2,4,Provincia Autonoma Trento,P.A. Trento,541380,236609,43.7,0.14
854,2021-04-26,PAT,2646,1244,1402,18,12,0,10,669,1149,154,620,1,13,2552,94,ITH,ITH2,4,Provincia Autonoma Trento,P.A. Trento,541380,239255,44.19,0.49
855,2021-03-19,PAT,2423,915,1508,321,74,53,68,17,758,1065,50,2,15,1571,852,ITH,ITH2,4,Provincia Autonoma Trento,P.A. Trento,541380,241678,44.64,0.45
856,2021-02-18,PAT,1205,426,779,300,25,35,55,2,3,782,0,3,0,1143,62,ITH,ITH2,4,Provincia Autonoma Trento,P.A. Trento,541380,242883,44.86,0.22
857,2021-01-16,PAT,319,148,171,304,0,15,0,0,0,0,0,0,0,319,0,ITH,ITH2,4,Provincia Autonoma Trento,P.A. Trento,541380,243202,44.92,0.06
858,2021-02-28,PAT,242,121,121,231,0,0,11,0,0,0,0,0,0,242,0,ITH,ITH2,4,Provincia Autonoma Trento,P.A. Trento,541380,243444,44.97,0.04
859,2021-05-19,PAT,5087,2451,2636,98,81,12,192,454,239,745,314,120,2832,3839,1248,ITH,ITH2,4,Provincia Autonoma Trento,P.A. Trento,541380,248531,45.91,0.94
860,2021-03-16,PAT,1391,506,885,221,7,36,5,1,24,1073,11,0,13,608,783,ITH,ITH2,4,Provincia Autonoma Trento,P.A. Trento,541380,249922,46.16,0.26
861,2021-02-25,PAT,1641,643,998,120,9,32,93,3,3,1377,0,1,3,1200,441,ITH,ITH2,4,Provincia Autonoma Trento,P.A. Trento,541380,251563,46.47,0.3
862,2021-01-19,PAT,405,77,328,365,3,36,0,0,0,0,0,0,1,405,0,ITH,ITH2,4,Provincia Autonoma Trento,P.A. Trento,541380,251968,46.54,0.07
863,2021-02-14,PAT,246,186,60,246,0,0,0,0,0,0,0,0,0,11,235,ITH,ITH2,4,Provincia Autonoma Trento,P.A. Trento,541380,252214,46.59,0.05
864,2021-01-28,PAT,530,147,383,390,29,107,0,1,1,2,0,0,0,48,482,ITH,ITH2,4,Provincia Autonoma Trento,P.A. Trento,541380,252744,46.69,0.1
865,2021-02-19,PAT,928,358,570,169,38,94,28,5,11,582,0,1,0,869,59,ITH,ITH2,4,Provincia Autonoma Trento,P.A. Trento,541380,253672,46.86,0.17
866,2021-01-04,PAT,870,227,643,486,41,336,0,2,4,1,0,0,0,870,0,ITH,ITH2,4,Provincia Autonoma Trento,P.A. Trento,541380,254542,47.02,0.16
867,2021-04-09,PAT,2706,1144,1562,86,27,27,196,60,1291,897,112,4,6,1507,1199,ITH,ITH2,4,Provincia Autonoma Trento,P.A. Trento,541380,257248,47.52,0.5
868,2021-01-03,PAT,492,160,332,419,9,63,0,0,0,0,0,0,1,492,0,ITH,ITH2,4,Provincia Autonoma Trento,P.A. Trento,541380,257740,47.61,0.09
869,2021-04-28,PAT,4241,1972,2269,99,43,5,24,2416,909,168,534,3,40,4103,138,ITH,ITH2,4,Provincia Autonoma Trento,P.A. Trento,541380,261981,48.39,0.78
870,2021-02-03,PAT,846,314,532,356,13,73,0,1,2,400,0,0,1,414,432,ITH,ITH2,4,Provincia Autonoma Trento,P.A. Trento,541380,262827,48.55,0.16
871,2021-04-13,PAT,2552,1057,1495,25,12,3,392,41,1221,693,146,2,17,2045,507,ITH,ITH2,4,Provincia Autonoma Trento,P.A. Trento,541380,265379,49.02,0.47
872,2020-12-30,PAT,7,3,4,4,1,2,0,0,0,0,0,0,0,7,0,ITH,ITH2,4,Provincia Autonoma Trento,P.A. Trento,541380,265386,49.02,0.0
873,2021-05-03,PAT,4234,2178,2056,90,80,3,7,2064,445,115,514,135,781,4081,153,ITH,ITH2,4,Provincia Autonoma Trento,P.A. Trento,541380,269620,49.8,0.78
874,2021-05-01,PAT,4837,2463,2374,25,71,0,4,2924,179,44,564,81,945,4802,35,ITH,ITH2,4,Provincia Autonoma Trento,P.A. Trento,541380,274457,50.7,0.89
875,2021-03-25,PAT,2874,1103,1771,184,141,28,360,32,631,1327,84,25,62,1824,1050,ITH,ITH2,4,Provincia Autonoma Trento,P.A. Trento,541380,277331,51.23,0.53
876,2021-03-30,PAT,2387,973,1414,71,60,53,183,17,792,1049,96,9,57,1750,637,ITH,ITH2,4,Provincia Autonoma Trento,P.A. Trento,541380,279718,51.67,0.44
877,2021-01-26,PAT,542,154,388,441,16,84,0,0,0,0,0,0,1,27,515,ITH,ITH2,4,Provincia Autonoma Trento,P.A. Trento,541380,280260,51.77,0.1
878,2021-01-07,LIG,3229,1095,2134,2340,315,465,4,18,5,0,0,1,81,3229,0,ITC,ITC3,7,Liguria,Liguria,1550640,3229,0.21,0.21
879,2021-05-22,LIG,6519,3183,3336,160,129,48,112,914,786,269,841,277,2983,4921,1598,ITC,ITC3,7,Liguria,Liguria,1550640,9748,0.63,0.42
880,2021-01-08,LIG,2926,999,1927,2083,343,431,4,12,0,0,0,1,52,2926,0,ITC,ITC3,7,Liguria,Liguria,1550640,12674,0.82,0.19
881,2021-02-18,LIG,2762,1126,1636,958,195,350,2,22,7,1006,35,0,187,2431,331,ITC,ITC3,7,Liguria,Liguria,1550640,15436,1.0,0.18
882,2021-02-19,LIG,3213,1305,1908,1022,269,156,3,39,22,1450,0,4,248,3037,176,ITC,ITC3,7,Liguria,Liguria,1550640,18649,1.2,0.21
883,2021-04-28,LIG,14448,6520,7928,276,181,85,333,3102,4047,3121,2893,59,351,6460,7988,ITC,ITC3,7,Liguria,Liguria,1550640,33097,2.13,0.93
884,2021-04-10,LIG,7887,3558,4329,216,90,34,9,172,3956,1586,1612,6,206,6973,914,ITC,ITC3,7,Liguria,Liguria,1550640,40984,2.64,0.51
885,2021-02-11,LIG,1974,767,1207,1249,231,457,6,3,1,0,4,0,23,1103,871,ITC,ITC3,7,Liguria,Liguria,1550640,42958,2.77,0.13
886,2021-01-18,LIG,2135,745,1390,1252,384,438,10,12,5,1,0,0,33,1978,157,ITC,ITC3,7,Liguria,Liguria,1550640,45093,2.91,0.14
887,2021-03-16,LIG,6073,2722,3351,939,176,324,6,35,77,4275,142,14,85,2349,3724,ITC,ITC3,7,Liguria,Liguria,1550640,51166,3.3,0.39
888,2021-05-12,LIG,11935,5352,6583,507,166,66,91,2856,3070,2209,2200,30,740,6595,5340,ITC,ITC3,7,Liguria,Liguria,1550640,63101,4.07,0.77
889,2021-03-13,LIG,3826,1616,2210,332,121,72,789,100,45,1782,11,180,394,2971,855,ITC,ITC3,7,Liguria,Liguria,1550640,66927,4.32,0.25
890,2021-02-22,LIG,3334,1467,1867,714,104,239,2,2,13,2236,0,7,17,3192,142,ITC,ITC3,7,Liguria,Liguria,1550640,70261,4.53,0.22
891,2021-03-26,LIG,9122,3854,5268,602,325,65,1297,220,266,3897,1839,377,234,5968,3154,ITC,ITC3,7,Liguria,Liguria,1550640,79383,5.12,0.59
892,2020-12-29,LIG,125,33,92,93,11,21,0,0,0,0,0,0,0,125,0,ITC,ITC3,7,Liguria,Liguria,1550640,79508,5.13,0.01
893,2021-03-12,LIG,6150,2814,3336,1205,459,85,4,77,79,3503,51,591,96,3681,2469,ITC,ITC3,7,Liguria,Liguria,1550640,85658,5.52,0.4
894,2021-04-02,LIG,11671,5117,6554,435,225,40,911,356,3181,3623,2465,139,296,9185,2486,ITC,ITC3,7,Liguria,Liguria,1550640,97329,6.28,0.75
895,2021-01-16,LIG,1278,557,721,753,196,299,1,4,2,0,1,0,22,1278,0,ITC,ITC3,7,Liguria,Liguria,1550640,98607,6.36,0.08
896,2021-04-04,LIG,756,366,390,30,0,0,0,36,64,325,222,0,79,507,249,ITC,ITC3,7,Liguria,Liguria,1550640,99363,6.41,0.05
897,2021-01-01,LIG,144,55,89,139,5,0,0,0,0,0,0,0,0,144,0,ITC,ITC3,7,Liguria,Liguria,1550640,99507,6.42,0.01
898,2021-01-05,LIG,2879,896,1983,2308,240,261,7,7,1,17,0,0,38,2879,0,ITC,ITC3,7,Liguria,Liguria,1550640,102386,6.6,0.19
899,2021-04-01,LIG,12379,5468,6911,437,239,142,940,345,3490,3710,2546,188,342,9609,2770,ITC,ITC3,7,Liguria,Liguria,1550640,114765,7.4,0.8
900,2021-01-20,LIG,1550,555,995,728,332,480,2,0,2,0,0,0,6,1538,12,ITC,ITC3,7,Liguria,Liguria,1550640,116315,7.5,0.1
901,2021-05-25,LIG,13574,6551,7023,401,256,103,224,1826,1930,667,1787,207,6173,10673,2901,ITC,ITC3,7,Liguria,Liguria,1550640,129889,8.38,0.88
902,2021-01-10,LIG,648,262,386,369,101,176,0,1,0,0,0,0,1,648,0,ITC,ITC3,7,Liguria,Liguria,1550640,130537,8.42,0.04
903,2021-04-03,LIG,5406,2498,2908,117,79,3,19,136,2420,1395,1125,9,103,4463,943,ITC,ITC3,7,Liguria,Liguria,1550640,135943,8.77,0.35
904,2021-01-15,LIG,2257,754,1503,1328,350,517,2,8,1,2,1,0,48,2257,0,ITC,ITC3,7,Liguria,Liguria,1550640,138200,8.91,0.15
905,2021-02-02,LIG,2668,1005,1663,1974,216,464,2,2,0,0,0,0,10,134,2534,ITC,ITC3,7,Liguria,Liguria,1550640,140868,9.08,0.17
906,2021-01-06,LIG,1660,616,1044,1230,142,113,3,36,10,65,0,0,61,1660,0,ITC,ITC3,7,Liguria,Liguria,1550640,142528,9.19,0.11
907,2021-01-28,LIG,2847,971,1876,2239,270,310,5,0,1,1,0,1,20,39,2808,ITC,ITC3,7,Liguria,Liguria,1550640,145375,9.38,0.18
908,2021-05-09,LIG,2822,1242,1580,123,61,4,70,111,1018,428,788,16,203,1112,1710,ITC,ITC3,7,Liguria,Liguria,1550640,148197,9.56,0.18
909,2021-04-07,LIG,13585,6032,7553,442,288,108,574,491,4246,4294,2631,150,361,11296,2289,ITC,ITC3,7,Liguria,Liguria,1550640,161782,10.43,0.88
910,2021-01-02,LIG,691,245,446,595,95,0,0,0,0,0,0,0,1,691,0,ITC,ITC3,7,Liguria,Liguria,1550640,162473,10.48,0.04
911,2021-05-05,LIG,13700,6132,7568,534,202,118,19,2576,4627,2991,2172,132,329,5289,8411,ITC,ITC3,7,Liguria,Liguria,1550640,176173,11.36,0.88
912,2021-04-09,LIG,12423,5556,6867,545,354,110,582,442,4134,3640,2243,61,312,10684,1739,ITC,ITC3,7,Liguria,Liguria,1550640,188596,12.16,0.8
913,2021-01-11,LIG,2654,990,1664,1992,314,315,1,7,0,0,1,0,24,2654,0,ITC,ITC3,7,Liguria,Liguria,1550640,191250,12.33,0.17
914,2021-01-09,LIG,1335,481,854,999,131,188,2,4,0,0,0,1,10,1335,0,ITC,ITC3,7,Liguria,Liguria,1550640,192585,12.42,0.09
915,2021-01-14,LIG,2981,1055,1926,1871,524,553,1,5,0,0,0,2,25,2981,0,ITC,ITC3,7,Liguria,Liguria,1550640,195566,12.61,0.19
916,2021-03-03,LIG,4582,1847,2735,1040,203,308,4,5,5,2982,0,4,31,3556,1026,ITC,ITC3,7,Liguria,Liguria,1550640,200148,12.91,0.3
917,2021-02-16,LIG,2397,954,1443,984,238,283,2,19,4,704,12,0,151,2004,393,ITC,ITC3,7,Liguria,Liguria,1550640,202545,13.06,0.15
918,2021-05-06,LIG,14444,6398,8046,657,340,114,51,3126,4349,2878,2431,156,342,6144,8300,ITC,ITC3,7,Liguria,Liguria,1550640,216989,13.99,0.93
919,2021-04-24,LIG,8169,3785,4384,137,116,58,4,1871,2566,1293,1903,8,213,5017,3152,ITC,ITC3,7,Liguria,Liguria,1550640,225158,14.52,0.53
920,2021-04-18,LIG,2584,1151,1433,216,93,44,1,20,798,526,880,0,6,2115,469,ITC,ITC3,7,Liguria,Liguria,1550640,227742,14.69,0.17
921,2021-02-10,LIG,2312,837,1475,1365,395,513,5,6,2,5,0,0,21,1020,1292,ITC,ITC3,7,Liguria,Liguria,1550640,230054,14.84,0.15
922,2021-05-18,LIG,13331,6016,7315,579,194,40,85,2283,3238,1721,2236,219,2736,10045,3286,ITC,ITC3,7,Liguria,Liguria,1550640,243385,15.7,0.86
923,2021-04-29,LIG,15550,6974,8576,555,228,142,527,3461,4706,2934,2634,82,281,6731,8819,ITC,ITC3,7,Liguria,Liguria,1550640,258935,16.7,1.0
924,2021-01-31,LIG,624,270,354,418,71,135,0,0,0,0,0,0,0,9,615,ITC,ITC3,7,Liguria,Liguria,1550640,259559,16.74,0.04
925,2021-05-21,LIG,12828,5943,6885,438,275,64,212,1899,2080,1068,2069,372,4351,9708,3120,ITC,ITC3,7,Liguria,Liguria,1550640,272387,17.57,0.83
926,2021-05-24,LIG,11599,5409,6190,272,176,72,225,1930,1982,738,1674,205,4325,9135,2464,ITC,ITC3,7,Liguria,Liguria,1550640,283986,18.31,0.75
927,2021-02-20,LIG,1336,637,699,160,107,123,0,34,5,589,0,4,314,1335,1,ITC,ITC3,7,Liguria,Liguria,1550640,285322,18.4,0.09
928,2021-01-21,LIG,1103,385,718,585,159,332,0,2,2,1,0,0,22,672,431,ITC,ITC3,7,Liguria,Liguria,1550640,286425,18.47,0.07
929,2021-05-04,LIG,13601,6081,7520,489,104,126,17,2806,4455,3025,2184,89,306,5374,8227,ITC,ITC3,7,Liguria,Liguria,1550640,300026,19.35,0.88
930,2021-02-23,LIG,3806,1559,2247,689,162,116,1,5,5,2749,42,4,33,3697,109,ITC,ITC3,7,Liguria,Liguria,1550640,303832,19.59,0.25
931,2021-02-26,LIG,3767,1524,2243,784,147,168,2,16,26,2609,0,0,15,3439,328,ITC,ITC3,7,Liguria,Liguria,1550640,307599,19.84,0.24
932,2021-04-30,LIG,14320,6382,7938,346,172,76,513,2959,4281,2923,2720,57,273,5751,8569,ITC,ITC3,7,Liguria,Liguria,1550640,321919,20.76,0.92
933,2021-02-13,LIG,1080,508,572,543,80,148,0,0,0,257,0,2,50,800,280,ITC,ITC3,7,Liguria,Liguria,1550640,322999,20.83,0.07
934,2021-02-12,LIG,1931,691,1240,874,206,399,1,2,1,431,0,7,10,899,1032,ITC,ITC3,7,Liguria,Liguria,1550640,324930,20.95,0.12
935,2021-02-24,LIG,3763,1560,2203,806,193,153,1,2,6,2583,1,0,18,3505,258,ITC,ITC3,7,Liguria,Liguria,1550640,328693,21.2,0.24
936,2021-03-06,LIG,3304,1842,1462,377,151,120,1,58,6,1538,0,559,494,2599,705,ITC,ITC3,7,Liguria,Liguria,1550640,331997,21.41,0.21
937,2021-05-10,LIG,12506,5505,7001,528,180,49,13,2703,3640,2677,2304,30,382,6132,6374,ITC,ITC3,7,Liguria,Liguria,1550640,344503,22.22,0.81
938,2021-04-11,LIG,4249,1931,2318,67,55,25,73,66,2116,627,1175,10,35,4000,249,ITC,ITC3,7,Liguria,Liguria,1550640,348752,22.49,0.27
939,2021-03-20,LIG,2316,995,1321,224,81,0,0,12,44,1857,12,67,19,1142,1174,ITC,ITC3,7,Liguria,Liguria,1550640,351068,22.64,0.15
940,2021-02-17,LIG,2689,1181,1508,909,203,299,2,15,8,1121,0,8,124,2263,426,ITC,ITC3,7,Liguria,Liguria,1550640,353757,22.81,0.17
941,2021-01-25,LIG,2725,889,1836,2211,176,321,2,5,1,0,0,0,9,478,2247,ITC,ITC3,7,Liguria,Liguria,1550640,356482,22.99,0.18
942,2021-04-12,LIG,12383,5475,6908,536,229,117,45,539,4164,4209,2153,68,323,10364,2019,ITC,ITC3,7,Liguria,Liguria,1550640,368865,23.79,0.8
943,2021-03-10,LIG,5878,2840,3038,827,349,95,1,23,28,3752,42,612,149,3972,1906,ITC,ITC3,7,Liguria,Liguria,1550640,374743,24.17,0.38
944,2021-03-31,LIG,11844,5207,6637,527,179,103,879,352,2612,4217,2444,219,312,9074,2770,ITC,ITC3,7,Liguria,Liguria,1550640,386587,24.93,0.76
945,2021-04-22,LIG,13823,6196,7627,538,168,56,534,2707,3375,3007,2959,135,344,8749,5074,ITC,ITC3,7,Liguria,Liguria,1550640,400410,25.82,0.89
946,2021-03-27,LIG,3921,1538,2383,176,175,36,706,26,89,2058,502,92,61,2525,1396,ITC,ITC3,7,Liguria,Liguria,1550640,404331,26.08,0.25
947,2021-04-08,LIG,13727,6157,7570,685,322,110,651,461,4357,3932,2796,76,337,11683,2044,ITC,ITC3,7,Liguria,Liguria,1550640,418058,26.96,0.89
948,2021-03-02,LIG,4074,1689,2385,728,92,76,4,8,16,3089,42,3,16,3764,310,ITC,ITC3,7,Liguria,Liguria,1550640,422132,27.22,0.26
949,2021-03-30,LIG,12147,5379,6768,485,256,152,849,317,2410,4296,2814,279,289,8758,3389,ITC,ITC3,7,Liguria,Liguria,1550640,434279,28.01,0.78
950,2021-05-02,LIG,3872,1768,2104,51,20,2,1,275,2277,402,786,2,56,500,3372,ITC,ITC3,7,Liguria,Liguria,1550640,438151,28.26,0.25
951,2021-03-01,LIG,3507,1430,2077,529,85,108,1,4,6,2751,0,0,23,3385,122,ITC,ITC3,7,Liguria,Liguria,1550640,441658,28.48,0.23
952,2021-03-08,LIG,5622,2456,3166,1124,319,80,7,35,15,3570,11,384,77,3933,1689,ITC,ITC3,7,Liguria,Liguria,1550640,447280,28.84,0.36
953,2021-05-07,LIG,13563,6023,7540,595,381,52,35,2524,4107,2655,2537,141,536,5798,7765,ITC,ITC3,7,Liguria,Liguria,1550640,460843,29.72,0.87
954,2021-04-17,LIG,7382,3217,4165,202,174,160,3,1206,2596,1505,1366,8,162,6632,750,ITC,ITC3,7,Liguria,Liguria,1550640,468225,30.2,0.48
955,2021-04-06,LIG,13171,5857,7314,543,268,208,554,374,4064,4151,2494,134,381,10931,2240,ITC,ITC3,7,Liguria,Liguria,1550640,481396,31.04,0.85
956,2021-01-23,LIG,809,295,514,633,129,43,1,2,1,0,0,0,0,153,656,ITC,ITC3,7,Liguria,Liguria,1550640,482205,31.1,0.05
957,2021-04-26,LIG,10440,4911,5529,355,113,123,3,3408,2504,1363,2352,58,161,7824,2616,ITC,ITC3,7,Liguria,Liguria,1550640,492645,31.77,0.67
958,2021-03-17,LIG,5553,2369,3184,782,156,93,8,20,74,4260,109,4,47,2474,3079,ITC,ITC3,7,Liguria,Liguria,1550640,498198,32.13,0.36
959,2021-05-13,LIG,13038,5850,7188,565,238,63,46,2999,2774,2274,2606,85,1388,8823,4215,ITC,ITC3,7,Liguria,Liguria,1550640,511236,32.97,0.84
960,2021-02-04,LIG,2816,985,1831,1866,462,471,8,0,0,0,0,1,8,179,2637,ITC,ITC3,7,Liguria,Liguria,1550640,514052,33.15,0.18
961,2021-02-15,LIG,2264,839,1425,1091,216,241,2,12,1,664,0,1,36,1867,397,ITC,ITC3,7,Liguria,Liguria,1550640,516316,33.3,0.15
962,2021-02-28,LIG,1060,581,479,12,2,4,0,63,7,474,0,0,498,1051,9,ITC,ITC3,7,Liguria,Liguria,1550640,517376,33.37,0.07
963,2020-12-30,LIG,12,5,7,12,0,0,0,0,0,0,0,0,0,12,0,ITC,ITC3,7,Liguria,Liguria,1550640,517388,33.37,0.0
964,2021-05-17,LIG,11804,5355,6449,469,218,51,192,2098,2773,1566,1940,214,2283,8513,3291,ITC,ITC3,7,Liguria,Liguria,1550640,529192,34.13,0.76
965,2021-02-09,LIG,1937,690,1247,1100,325,475,22,2,0,0,0,0,13,257,1680,ITC,ITC3,7,Liguria,Liguria,1550640,531129,34.25,0.12
966,2021-03-22,LIG,7668,3402,4266,581,197,85,879,125,97,4086,1106,371,141,4732,2936,ITC,ITC3,7,Liguria,Liguria,1550640,538797,34.75,0.49
967,2021-05-14,LIG,12881,5649,7232,448,240,52,389,2391,3126,2189,2270,22,1754,8583,4298,ITC,ITC3,7,Liguria,Liguria,1550640,551678,35.58,0.83
968,2021-01-17,LIG,862,300,562,517,30,262,1,4,2,0,0,0,46,862,0,ITC,ITC3,7,Liguria,Liguria,1550640,552540,35.63,0.06
969,2021-04-05,LIG,3976,1751,2225,188,44,10,10,141,921,2211,338,5,108,2327,1649,ITC,ITC3,7,Liguria,Liguria,1550640,556516,35.89,0.26
970,2021-02-07,LIG,407,153,254,191,18,187,0,0,0,0,9,0,2,2,405,ITC,ITC3,7,Liguria,Liguria,1550640,556923,35.92,0.03
971,2021-03-11,LIG,6352,3054,3298,1146,168,262,2,43,39,3800,90,722,80,4346,2006,ITC,ITC3,7,Liguria,Liguria,1550640,563275,36.33,0.41
972,2021-01-04,LIG,2617,855,1762,2199,158,176,3,22,3,0,1,0,55,2617,0,ITC,ITC3,7,Liguria,Liguria,1550640,565892,36.49,0.17
973,2021-05-03,LIG,13269,5920,7349,354,193,103,24,3652,3298,2936,2353,93,263,6457,6812,ITC,ITC3,7,Liguria,Liguria,1550640,579161,37.35,0.86
974,2021-04-25,LIG,1936,921,1015,12,2,0,0,676,739,162,340,0,5,1521,415,ITC,ITC3,7,Liguria,Liguria,1550640,581097,37.47,0.12
975,2021-04-23,LIG,14675,6639,8036,358,226,107,544,3312,3464,3266,3021,90,287,8555,6120,ITC,ITC3,7,Liguria,Liguria,1550640,595772,38.42,0.95
976,2020-12-31,LIG,989,354,635,751,34,155,0,4,10,28,0,0,7,989,0,ITC,ITC3,7,Liguria,Liguria,1550640,596761,38.48,0.06
977,2021-02-21,LIG,869,491,378,183,21,102,0,38,4,267,0,0,254,865,4,ITC,ITC3,7,Liguria,Liguria,1550640,597630,38.54,0.06
978,2021-03-15,LIG,7302,3076,4226,819,338,106,962,127,83,3782,628,304,153,4598,2704,ITC,ITC3,7,Liguria,Liguria,1550640,604932,39.01,0.47
979,2021-04-13,LIG,13052,5860,7192,514,228,112,103,594,4635,4365,2140,88,273,11033,2019,ITC,ITC3,7,Liguria,Liguria,1550640,617984,39.85,0.84
980,2021-01-13,LIG,2755,1014,1741,1913,307,487,4,8,7,1,0,0,28,2755,0,ITC,ITC3,7,Liguria,Liguria,1550640,620739,40.03,0.18
981,2021-01-19,LIG,1371,438,933,718,313,330,3,1,0,0,0,0,6,1281,90,ITC,ITC3,7,Liguria,Liguria,1550640,622110,40.12,0.09
982,2021-04-20,LIG,13775,6304,7471,463,130,171,378,3032,3010,3468,2787,18,318,9426,4349,ITC,ITC3,7,Liguria,Liguria,1550640,635885,41.01,0.89
983,2021-02-06,LIG,1892,768,1124,1310,186,375,1,0,1,0,0,0,19,145,1747,ITC,ITC3,7,Liguria,Liguria,1550640,637777,41.13,0.12
984,2021-01-03,LIG,734,230,504,658,62,0,1,2,0,0,0,0,11,734,0,ITC,ITC3,7,Liguria,Liguria,1550640,638511,41.18,0.05
985,2021-01-30,LIG,1661,567,1094,1261,121,257,2,6,0,0,0,0,14,25,1636,ITC,ITC3,7,Liguria,Liguria,1550640,640172,41.28,0.11
986,2021-04-16,LIG,11974,5281,6693,494,249,163,43,1840,3394,3461,2036,77,217,10163,1811,ITC,ITC3,7,Liguria,Liguria,1550640,652146,42.06,0.77
987,2021-02-05,LIG,2675,986,1689,1744,418,494,4,1,1,0,0,0,13,304,2371,ITC,ITC3,7,Liguria,Liguria,1550640,654821,42.23,0.17
988,2021-02-03,LIG,2316,792,1524,1628,224,416,1,7,4,0,0,0,36,55,2261,ITC,ITC3,7,Liguria,Liguria,1550640,657137,42.38,0.15
989,2020-12-28,LIG,80,30,50,77,0,0,0,1,0,1,0,0,1,80,0,ITC,ITC3,7,Liguria,Liguria,1550640,657217,42.38,0.01
990,2021-03-23,LIG,9036,4082,4954,662,222,126,1310,151,105,4054,1659,583,164,5827,3209,ITC,ITC3,7,Liguria,Liguria,1550640,666253,42.97,0.58
991,2021-05-01,LIG,7134,3255,3879,167,63,24,3,690,3866,926,1241,6,148,1332,5802,ITC,ITC3,7,Liguria,Liguria,1550640,673387,43.43,0.46
992,2021-03-24,LIG,8942,3834,5108,524,235,103,1344,154,139,4341,1391,556,155,5654,3288,ITC,ITC3,7,Liguria,Liguria,1550640,682329,44.0,0.58
993,2021-05-11,LIG,13657,6172,7485,439,135,64,66,3025,4270,2518,2283,20,837,7067,6590,ITC,ITC3,7,Liguria,Liguria,1550640,695986,44.88,0.88
994,2021-02-25,LIG,3455,1349,2106,555,138,92,1,7,3,2586,42,3,28,3325,130,ITC,ITC3,7,Liguria,Liguria,1550640,699441,45.11,0.22
995,2021-01-24,LIG,756,237,519,632,61,60,0,0,0,0,0,0,3,113,643,ITC,ITC3,7,Liguria,Liguria,1550640,700197,45.16,0.05
996,2021-03-25,LIG,9595,4080,5515,663,265,172,1613,151,259,3736,2064,524,148,6202,3393,ITC,ITC3,7,Liguria,Liguria,1550640,709792,45.77,0.62
997,2021-03-07,LIG,1857,1084,773,184,200,258,1,29,3,509,0,404,269,1556,301,ITC,ITC3,7,Liguria,Liguria,1550640,711649,45.89,0.12
998,2020-12-27,LIG,135,56,79,88,0,45,0,0,0,0,0,0,2,135,0,ITC,ITC3,7,Liguria,Liguria,1550640,711784,45.9,0.01
999,2021-04-14,LIG,13020,5656,7364,461,291,125,61,566,4743,4364,2129,38,242,10817,2203,ITC,ITC3,7,Liguria,Liguria,1550640,724804,46.74,0.84
1000,2021-03-04,LIG,4738,2118,2620,923,171,290,4,3,8,2922,42,327,48,3891,847,ITC,ITC3,7,Liguria,Liguria,1550640,729542,47.05,0.31
1001,2021-03-09,LIG,5932,2754,3178,1042,315,132,2,51,45,3586,42,629,88,4502,1430,ITC,ITC3,7,Liguria,Liguria,1550640,735474,47.43,0.38
1002,2021-04-27,LIG,14739,6677,8062,324,171,104,320,3772,3740,3276,2739,42,251,7160,7579,ITC,ITC3,7,Liguria,Liguria,1550640,750213,48.38,0.95
1003,2021-01-26,LIG,2484,803,1681,1965,253,252,5,1,0,0,1,0,7,13,2471,ITC,ITC3,7,Liguria,Liguria,1550640,752697,48.54,0.16
1004,2021-05-23,LIG,2305,1119,1186,15,13,1,32,124,852,111,227,111,819,1182,1123,ITC,ITC3,7,Liguria,Liguria,1550640,755002,48.69,0.15
1005,2021-04-19,LIG,12812,5617,7195,560,170,103,247,2647,2920,3346,2561,35,223,9003,3809,ITC,ITC3,7,Liguria,Liguria,1550640,767814,49.52,0.83
1006,2021-05-15,LIG,7137,3176,3961,189,72,6,316,1088,2161,638,1609,7,1051,4298,2839,ITC,ITC3,7,Liguria,Liguria,1550640,774951,49.98,0.46
1007,2021-01-27,LIG,1744,603,1141,1337,169,226,1,0,0,0,0,0,11,141,1603,ITC,ITC3,7,Liguria,Liguria,1550640,776695,50.09,0.11
1008,2021-03-14,LIG,1658,752,906,66,68,176,431,70,13,577,3,52,202,1054,604,ITC,ITC3,7,Liguria,Liguria,1550640,778353,50.2,0.11
1009,2021-04-21,LIG,14245,6432,7813,517,195,62,498,2662,3513,3676,2756,78,288,8922,5323,ITC,ITC3,7,Liguria,Liguria,1550640,792598,51.11,0.92
1010,2021-05-08,LIG,7537,3332,4205,140,154,135,4,982,3003,1339,1561,13,206,2323,5214,ITC,ITC3,7,Liguria,Liguria,1550640,800135,51.6,0.49
1011,2021-02-14,LIG,233,122,111,31,0,112,0,0,0,60,0,0,30,233,0,ITC,ITC3,7,Liguria,Liguria,1550640,800368,51.62,0.02
1012,2021-01-12,LIG,2460,886,1574,1750,250,439,2,2,1,0,0,1,15,2460,0,ITC,ITC3,7,Liguria,Liguria,1550640,802828,51.77,0.16
1013,2021-04-15,LIG,11814,5218,6596,490,258,140,58,485,3983,3712,2410,76,202,9962,1852,ITC,ITC3,7,Liguria,Liguria,1550640,814642,52.54,0.76
1014,2021-03-28,LIG,1142,511,631,135,92,145,0,25,86,532,86,2,39,391,751,ITC,ITC3,7,Liguria,Liguria,1550640,815784,52.61,0.07
1015,2021-03-19,LIG,5296,2235,3061,735,202,137,83,54,80,3703,165,88,49,2149,3147,ITC,ITC3,7,Liguria,Liguria,1550640,821080,52.95,0.34
1016,2021-03-29,LIG,10440,4511,5929,467,259,119,883,254,1567,3962,2396,205,328,7310,3130,ITC,ITC3,7,Liguria,Liguria,1550640,831520,53.62,0.67
1017,2021-02-01,LIG,2558,923,1635,1948,203,383,1,6,0,0,1,0,16,90,2468,ITC,ITC3,7,Liguria,Liguria,1550640,834078,53.79,0.16
1018,2021-05-19,LIG,13515,5944,7571,588,218,94,198,2344,3247,1480,1933,126,3287,10408,3107,ITC,ITC3,7,Liguria,Liguria,1550640,847593,54.66,0.87
1019,2021-02-08,LIG,1977,742,1235,1255,367,311,7,11,4,1,0,0,21,306,1671,ITC,ITC3,7,Liguria,Liguria,1550640,849570,54.79,0.13
1020,2021-03-21,LIG,552,221,331,7,3,0,0,0,13,525,1,0,3,69,483,ITC,ITC3,7,Liguria,Liguria,1550640,850122,54.82,0.04
1021,2021-05-20,LIG,12808,5939,6869,595,257,54,193,2157,2279,1244,2173,559,3297,8791,4017,ITC,ITC3,7,Liguria,Liguria,1550640,862930,55.65,0.83
1022,2021-01-29,LIG,3079,1064,2015,2312,300,441,2,4,0,0,0,0,20,67,3012,ITC,ITC3,7,Liguria,Liguria,1550640,866009,55.85,0.2
1023,2021-05-26,LIG,11710,5831,5879,196,205,19,120,1636,1847,509,1237,370,5571,8777,2933,ITC,ITC3,7,Liguria,Liguria,1550640,877719,56.6,0.76
1024,2021-02-27,LIG,1888,921,967,139,18,5,0,61,0,1205,0,0,460,1759,129,ITC,ITC3,7,Liguria,Liguria,1550640,879607,56.73,0.12
1025,2021-01-22,LIG,1818,604,1214,1068,175,565,0,2,0,2,1,0,5,1332,486,ITC,ITC3,7,Liguria,Liguria,1550640,881425,56.84,0.12
1026,2021-03-18,LIG,4982,2124,2858,636,87,98,5,63,80,3691,219,6,97,2009,2973,ITC,ITC3,7,Liguria,Liguria,1550640,886407,57.16,0.32
1027,2021-03-05,LIG,4869,2150,2719,801,221,81,5,5,8,3339,6,365,38,3737,1132,ITC,ITC3,7,Liguria,Liguria,1550640,891276,57.48,0.31
1028,2021-05-16,LIG,3684,1851,1833,20,103,0,258,224,547,201,844,7,1480,2133,1551,ITC,ITC3,7,Liguria,Liguria,1550640,894960,57.72,0.24
1029,2020-12-31,EMR,2207,777,1430,1676,96,330,0,9,5,13,0,0,78,2207,0,ITH,ITH5,8,Emilia-Romagna,Emilia-Romagna,4459477,2207,0.05,0.05
1030,2021-04-12,EMR,19179,8980,10199,441,170,314,62,388,4521,6699,6451,95,38,14749,4430,ITH,ITH5,8,Emilia-Romagna,Emilia-Romagna,4459477,21386,0.48,0.43
1031,2021-02-07,EMR,4793,1537,3256,3689,565,447,3,8,1,10,0,0,70,1732,3061,ITH,ITH5,8,Emilia-Romagna,Emilia-Romagna,4459477,26179,0.59,0.11
1032,2021-03-28,EMR,13060,5817,7243,313,144,50,328,62,4025,5074,2728,261,75,9410,3650,ITH,ITH5,8,Emilia-Romagna,Emilia-Romagna,4459477,39239,0.88,0.29
1033,2021-05-19,EMR,32966,14644,18322,1002,155,49,3023,9020,3306,962,10931,485,4033,17986,14980,ITH,ITH5,8,Emilia-Romagna,Emilia-Romagna,4459477,72205,1.62,0.74
1034,2021-05-14,EMR,36454,16782,19672,462,97,131,1605,14745,3107,1396,10787,44,4080,26916,9538,ITH,ITH5,8,Emilia-Romagna,Emilia-Romagna,4459477,108659,2.44,0.82
1035,2021-01-17,EMR,2890,887,2003,1914,378,547,4,14,5,2,0,0,26,2644,246,ITH,ITH5,8,Emilia-Romagna,Emilia-Romagna,4459477,111549,2.5,0.06
1036,2021-03-19,EMR,15642,6818,8824,1152,571,118,348,79,896,10580,976,788,134,7786,7856,ITH,ITH5,8,Emilia-Romagna,Emilia-Romagna,4459477,127191,2.85,0.35
1037,2021-05-13,EMR,35427,16315,19112,387,140,116,967,14391,3275,2066,8802,46,5237,27677,7750,ITH,ITH5,8,Emilia-Romagna,Emilia-Romagna,4459477,162618,3.65,0.79
1038,2021-04-06,EMR,24613,11107,13506,638,207,197,410,239,5968,11507,5213,87,147,19876,4737,ITH,ITH5,8,Emilia-Romagna,Emilia-Romagna,4459477,187231,4.2,0.55
1039,2021-04-26,EMR,27818,12893,14925,900,248,170,17,1286,8845,5593,10470,136,153,18526,9292,ITH,ITH5,8,Emilia-Romagna,Emilia-Romagna,4459477,215049,4.82,0.62
1040,2021-03-20,EMR,16082,6829,9253,702,384,98,840,57,2958,9370,939,578,156,9118,6964,ITH,ITH5,8,Emilia-Romagna,Emilia-Romagna,4459477,231131,5.18,0.36
1041,2021-03-05,EMR,17664,5743,11921,3087,857,272,5971,59,40,6397,111,546,324,14227,3437,ITH,ITH5,8,Emilia-Romagna,Emilia-Romagna,4459477,248795,5.58,0.4
1042,2021-01-11,EMR,9337,3270,6067,6582,1349,1268,0,25,5,4,0,0,104,9337,0,ITH,ITH5,8,Emilia-Romagna,Emilia-Romagna,4459477,258132,5.79,0.21
1043,2021-01-25,EMR,6439,2138,4301,5256,317,679,0,21,2,3,0,0,161,199,6240,ITH,ITH5,8,Emilia-Romagna,Emilia-Romagna,4459477,264571,5.93,0.14
1044,2021-05-20,EMR,39037,17732,21305,760,221,88,3253,10639,3711,875,13373,586,5531,18121,20916,ITH,ITH5,8,Emilia-Romagna,Emilia-Romagna,4459477,303608,6.81,0.88
1045,2021-04-11,EMR,15221,6907,8314,413,141,104,60,358,2376,6873,4703,77,116,12190,3031,ITH,ITH5,8,Emilia-Romagna,Emilia-Romagna,4459477,318829,7.15,0.34
1046,2021-01-30,EMR,10077,3519,6558,7568,1400,801,0,45,5,2,0,0,256,141,9936,ITH,ITH5,8,Emilia-Romagna,Emilia-Romagna,4459477,328906,7.38,0.23
1047,2021-01-21,EMR,2157,727,1430,1287,157,653,0,9,1,0,0,0,50,812,1345,ITH,ITH5,8,Emilia-Romagna,Emilia-Romagna,4459477,331063,7.42,0.05
1048,2021-05-22,EMR,32105,13762,18343,507,103,18,4914,9853,2196,780,8642,261,4831,16283,15822,ITH,ITH5,8,Emilia-Romagna,Emilia-Romagna,4459477,363168,8.14,0.72
1049,2021-05-07,EMR,34493,16581,17912,685,178,202,242,7613,4011,2396,18130,61,975,22696,11797,ITH,ITH5,8,Emilia-Romagna,Emilia-Romagna,4459477,397661,8.92,0.77
1050,2021-04-04,EMR,9884,4718,5166,187,113,0,58,145,1630,4658,2878,54,161,7615,2269,ITH,ITH5,8,Emilia-Romagna,Emilia-Romagna,4459477,407545,9.14,0.22
1051,2021-03-16,EMR,12239,5025,7214,418,93,116,123,34,113,10914,389,9,30,4932,7307,ITH,ITH5,8,Emilia-Romagna,Emilia-Romagna,4459477,419784,9.41,0.27
1052,2021-04-22,EMR,28974,13409,15565,570,133,148,41,292,8357,8364,11014,13,42,14940,14034,ITH,ITH5,8,Emilia-Romagna,Emilia-Romagna,4459477,448758,10.06,0.65
1053,2021-01-22,EMR,1828,477,1351,937,66,727,0,19,1,10,0,0,68,1088,740,ITH,ITH5,8,Emilia-Romagna,Emilia-Romagna,4459477,450586,10.1,0.04
1054,2021-04-21,EMR,23867,10927,12940,384,89,79,48,206,7840,6785,8410,7,19,14158,9709,ITH,ITH5,8,Emilia-Romagna,Emilia-Romagna,4459477,474453,10.64,0.54
1055,2021-04-17,EMR,26965,12898,14067,393,148,66,57,357,8434,4213,13209,24,64,17694,9271,ITH,ITH5,8,Emilia-Romagna,Emilia-Romagna,4459477,501418,11.24,0.6
1056,2021-03-10,EMR,18688,7656,11032,1315,587,143,4549,28,66,10046,286,1597,71,13046,5642,ITH,ITH5,8,Emilia-Romagna,Emilia-Romagna,4459477,520106,11.66,0.42
1057,2021-04-18,EMR,17445,8371,9074,265,164,152,26,219,6265,2348,7968,15,23,12535,4910,ITH,ITH5,8,Emilia-Romagna,Emilia-Romagna,4459477,537551,12.05,0.39
1058,2021-03-06,EMR,20617,5881,14736,2721,413,49,10454,66,46,5920,111,567,270,17888,2729,ITH,ITH5,8,Emilia-Romagna,Emilia-Romagna,4459477,558168,12.52,0.46
1059,2021-03-14,EMR,8694,3744,4950,728,212,69,928,16,66,5531,650,407,87,4898,3796,ITH,ITH5,8,Emilia-Romagna,Emilia-Romagna,4459477,566862,12.71,0.19
1060,2021-04-13,EMR,23566,11036,12530,487,145,186,51,346,10340,6154,5729,51,77,19280,4286,ITH,ITH5,8,Emilia-Romagna,Emilia-Romagna,4459477,590428,13.24,0.53
1061,2021-02-02,EMR,9479,3049,6430,6243,1348,1633,1,27,4,127,6,0,90,526,8953,ITH,ITH5,8,Emilia-Romagna,Emilia-Romagna,4459477,599907,13.45,0.21
1062,2021-04-03,EMR,19930,8762,11168,376,192,39,430,194,2855,10579,5084,76,105,16192,3738,ITH,ITH5,8,Emilia-Romagna,Emilia-Romagna,4459477,619837,13.9,0.45
1063,2021-01-31,EMR,7695,2761,4934,6174,1124,263,0,16,12,32,0,0,74,241,7454,ITH,ITH5,8,Emilia-Romagna,Emilia-Romagna,4459477,627532,14.07,0.17
1064,2021-03-17,EMR,13714,5690,8024,366,137,108,19,52,399,11884,672,1,76,5869,7845,ITH,ITH5,8,Emilia-Romagna,Emilia-Romagna,4459477,641246,14.38,0.31
1065,2021-01-06,EMR,8265,2943,5322,6854,641,649,0,13,9,44,0,1,54,8265,0,ITH,ITH5,8,Emilia-Romagna,Emilia-Romagna,4459477,649511,14.56,0.19
1066,2021-02-25,EMR,9228,3497,5731,799,187,157,95,47,41,7673,30,0,199,8274,954,ITH,ITH5,8,Emilia-Romagna,Emilia-Romagna,4459477,658739,14.77,0.21
1067,2021-01-26,EMR,8334,3000,5334,6609,537,1031,0,22,2,5,0,0,128,215,8119,ITH,ITH5,8,Emilia-Romagna,Emilia-Romagna,4459477,667073,14.96,0.19
1068,2021-04-24,EMR,28567,13211,15356,498,247,38,37,384,7207,8598,11428,32,98,14360,14207,ITH,ITH5,8,Emilia-Romagna,Emilia-Romagna,4459477,695640,15.6,0.64
1069,2021-02-04,EMR,9934,3205,6729,6437,1466,1675,1,39,11,160,5,0,140,1250,8684,ITH,ITH5,8,Emilia-Romagna,Emilia-Romagna,4459477,705574,15.82,0.22
1070,2021-04-27,EMR,29846,13803,16043,824,167,146,25,3375,7738,7166,9982,183,240,17393,12453,ITH,ITH5,8,Emilia-Romagna,Emilia-Romagna,4459477,735420,16.49,0.67
1071,2021-03-29,EMR,21188,9438,11750,697,206,118,644,129,5519,9296,4260,214,105,16541,4647,ITH,ITH5,8,Emilia-Romagna,Emilia-Romagna,4459477,756608,16.97,0.48
1072,2021-05-26,EMR,17621,8007,9614,894,156,51,1640,5065,2354,346,4721,689,1705,4908,12713,ITH,ITH5,8,Emilia-Romagna,Emilia-Romagna,4459477,774229,17.36,0.4
1073,2021-03-15,EMR,13239,6066,7173,812,461,191,541,25,101,9158,812,1075,63,6743,6496,ITH,ITH5,8,Emilia-Romagna,Emilia-Romagna,4459477,787468,17.66,0.3
1074,2021-01-10,EMR,7130,2665,4465,5648,951,499,1,4,1,7,0,0,19,7130,0,ITH,ITH5,8,Emilia-Romagna,Emilia-Romagna,4459477,794598,17.82,0.16
1075,2021-01-12,EMR,9410,3111,6299,6377,1182,1690,0,31,2,33,0,0,95,9410,0,ITH,ITH5,8,Emilia-Romagna,Emilia-Romagna,4459477,804008,18.03,0.21
1076,2021-01-13,EMR,9071,2940,6131,6009,916,1745,1,39,12,91,0,0,258,9071,0,ITH,ITH5,8,Emilia-Romagna,Emilia-Romagna,4459477,813079,18.23,0.2
1077,2021-03-21,EMR,11917,5271,6646,567,357,114,587,31,2734,6116,804,503,104,7313,4604,ITH,ITH5,8,Emilia-Romagna,Emilia-Romagna,4459477,824996,18.5,0.27
1078,2021-04-23,EMR,29519,13794,15725,507,127,136,57,300,7171,9023,12144,21,33,14668,14851,ITH,ITH5,8,Emilia-Romagna,Emilia-Romagna,4459477,854515,19.16,0.66
1079,2021-02-26,EMR,7865,2995,4870,1060,360,258,312,24,28,5606,60,0,157,6819,1046,ITH,ITH5,8,Emilia-Romagna,Emilia-Romagna,4459477,862380,19.34,0.18
1080,2021-02-06,EMR,7599,2405,5194,5380,862,1221,0,13,4,51,0,1,67,2130,5469,ITH,ITH5,8,Emilia-Romagna,Emilia-Romagna,4459477,869979,19.51,0.17
1081,2021-04-16,EMR,28776,13544,15232,618,153,92,71,379,10524,5830,10955,37,117,19962,8814,ITH,ITH5,8,Emilia-Romagna,Emilia-Romagna,4459477,898755,20.15,0.65
1082,2021-05-05,EMR,29353,13649,15704,1234,134,71,198,7101,4368,4199,11474,84,490,18122,11231,ITH,ITH5,8,Emilia-Romagna,Emilia-Romagna,4459477,928108,20.81,0.66
1083,2021-02-05,EMR,9314,2966,6348,6218,1148,1611,1,19,9,223,3,0,82,1637,7677,ITH,ITH5,8,Emilia-Romagna,Emilia-Romagna,4459477,937422,21.02,0.21
1084,2021-05-01,EMR,28377,12763,15614,598,139,10,53,4467,5018,6094,11946,19,33,15608,12769,ITH,ITH5,8,Emilia-Romagna,Emilia-Romagna,4459477,965799,21.66,0.64
1085,2021-01-24,EMR,2443,885,1558,2080,93,249,0,5,1,0,0,0,15,298,2145,ITH,ITH5,8,Emilia-Romagna,Emilia-Romagna,4459477,968242,21.71,0.05
1086,2021-04-02,EMR,23275,10482,12793,732,312,110,948,342,3823,10967,5732,227,82,18817,4458,ITH,ITH5,8,Emilia-Romagna,Emilia-Romagna,4459477,991517,22.23,0.52
1087,2021-03-04,EMR,16423,5343,11080,2615,604,254,5463,50,55,6406,163,512,301,13417,3006,ITH,ITH5,8,Emilia-Romagna,Emilia-Romagna,4459477,1007940,22.6,0.37
1088,2021-04-10,EMR,20846,9261,11585,515,209,88,188,194,4087,8960,6510,24,71,16717,4129,ITH,ITH5,8,Emilia-Romagna,Emilia-Romagna,4459477,1028786,23.07,0.47
1089,2021-02-13,EMR,3626,1085,2541,2791,382,144,0,8,7,244,0,0,50,3028,598,ITH,ITH5,8,Emilia-Romagna,Emilia-Romagna,4459477,1032412,23.15,0.08
1090,2021-03-22,EMR,17452,7645,9807,1135,425,169,600,50,3598,9567,1241,588,79,10589,6863,ITH,ITH5,8,Emilia-Romagna,Emilia-Romagna,4459477,1049864,23.54,0.39
1091,2021-03-24,EMR,21053,9292,11761,1215,377,124,1733,270,3450,10636,2707,394,147,13682,7371,ITH,ITH5,8,Emilia-Romagna,Emilia-Romagna,4459477,1070917,24.01,0.47
1092,2021-03-23,EMR,18694,8066,10628,1126,486,196,1363,80,3704,9340,1868,436,95,12008,6686,ITH,ITH5,8,Emilia-Romagna,Emilia-Romagna,4459477,1089611,24.43,0.42
1093,2021-05-08,EMR,31083,14538,16545,462,118,60,370,7451,3544,1909,16705,37,427,19716,11367,ITH,ITH5,8,Emilia-Romagna,Emilia-Romagna,4459477,1120694,25.13,0.7
1094,2021-02-08,EMR,5227,1532,3695,2840,577,1485,1,10,8,247,0,0,59,2313,2914,ITH,ITH5,8,Emilia-Romagna,Emilia-Romagna,4459477,1125921,25.25,0.12
1095,2021-04-08,EMR,30673,14060,16613,2479,576,222,315,401,6639,11050,8622,135,234,25399,5274,ITH,ITH5,8,Emilia-Romagna,Emilia-Romagna,4459477,1156594,25.94,0.69
1096,2021-05-23,EMR,25002,11629,13373,734,197,12,866,7693,1118,402,9350,442,4188,13528,11474,ITH,ITH5,8,Emilia-Romagna,Emilia-Romagna,4459477,1181596,26.5,0.56
1097,2021-04-19,EMR,20819,9751,11068,329,108,164,25,172,8519,3392,8043,22,45,14565,6254,ITH,ITH5,8,Emilia-Romagna,Emilia-Romagna,4459477,1202415,26.96,0.47
1098,2021-02-01,EMR,10319,3610,6709,7473,1502,1260,0,13,7,0,0,0,64,362,9957,ITH,ITH5,8,Emilia-Romagna,Emilia-Romagna,4459477,1212734,27.19,0.23
1099,2021-04-29,EMR,44707,21007,23700,1412,264,104,71,7175,7521,8752,18932,70,406,27167,17540,ITH,ITH5,8,Emilia-Romagna,Emilia-Romagna,4459477,1257441,28.2,1.0
1100,2021-02-22,EMR,7481,3091,4390,389,110,130,0,12,25,6797,9,0,9,7206,275,ITH,ITH5,8,Emilia-Romagna,Emilia-Romagna,4459477,1264922,28.36,0.17
1101,2021-05-12,EMR,38014,17893,20121,402,115,139,1182,12838,3142,2100,12914,58,5124,28429,9585,ITH,ITH5,8,Emilia-Romagna,Emilia-Romagna,4459477,1302936,29.22,0.85
1102,2021-05-18,EMR,27775,12654,15121,1639,449,188,1919,7245,1667,915,8423,829,4501,17447,10328,ITH,ITH5,8,Emilia-Romagna,Emilia-Romagna,4459477,1330711,29.84,0.62
1103,2021-05-06,EMR,35410,16369,19041,1780,444,120,222,7308,5206,3916,15796,71,547,22385,13025,ITH,ITH5,8,Emilia-Romagna,Emilia-Romagna,4459477,1366121,30.63,0.79
1104,2021-01-16,EMR,5626,1718,3908,3690,694,1136,1,18,2,0,0,3,82,5626,0,ITH,ITH5,8,Emilia-Romagna,Emilia-Romagna,4459477,1371747,30.76,0.13
1105,2021-03-12,EMR,18088,7529,10559,1589,895,311,3041,48,73,9901,463,1554,213,11371,6717,ITH,ITH5,8,Emilia-Romagna,Emilia-Romagna,4459477,1389835,31.17,0.41
1106,2021-04-01,EMR,23864,10727,13137,1027,268,146,995,217,4251,11361,5332,171,96,19333,4531,ITH,ITH5,8,Emilia-Romagna,Emilia-Romagna,4459477,1413699,31.7,0.54
1107,2021-01-19,EMR,2045,505,1540,747,133,1161,0,0,0,0,0,0,4,2028,17,ITH,ITH5,8,Emilia-Romagna,Emilia-Romagna,4459477,1415744,31.75,0.05
1108,2021-02-03,EMR,9351,2994,6357,6235,1178,1659,0,29,15,136,7,1,91,983,8368,ITH,ITH5,8,Emilia-Romagna,Emilia-Romagna,4459477,1425095,31.96,0.21
1109,2021-05-24,EMR,27064,12297,14767,1128,351,50,2143,5283,1466,627,9046,1060,5910,16015,11049,ITH,ITH5,8,Emilia-Romagna,Emilia-Romagna,4459477,1452159,32.56,0.61
1110,2021-01-18,EMR,3127,879,2248,1682,239,1129,0,12,0,3,0,0,62,2449,678,ITH,ITH5,8,Emilia-Romagna,Emilia-Romagna,4459477,1455286,32.63,0.07
1111,2021-01-03,EMR,2755,941,1814,2505,61,170,0,3,0,0,0,0,16,2755,0,ITH,ITH5,8,Emilia-Romagna,Emilia-Romagna,4459477,1458041,32.7,0.06
1112,2021-01-04,EMR,7272,2514,4758,6175,350,578,0,16,9,43,0,1,100,7272,0,ITH,ITH5,8,Emilia-Romagna,Emilia-Romagna,4459477,1465313,32.86,0.16
1113,2021-05-16,EMR,25534,12017,13517,384,76,5,709,10341,1398,514,8035,102,3970,18440,7094,ITH,ITH5,8,Emilia-Romagna,Emilia-Romagna,4459477,1490847,33.43,0.57
1114,2021-01-15,EMR,7744,2403,5341,5305,946,1319,1,15,11,61,0,0,86,7744,0,ITH,ITH5,8,Emilia-Romagna,Emilia-Romagna,4459477,1498591,33.6,0.17
1115,2021-05-02,EMR,25436,11588,13848,580,124,63,58,5160,4485,6124,8684,98,60,13454,11982,ITH,ITH5,8,Emilia-Romagna,Emilia-Romagna,4459477,1524027,34.18,0.57
1116,2021-03-08,EMR,12081,4982,7099,2310,612,324,2390,19,39,4341,82,1820,144,9410,2671,ITH,ITH5,8,Emilia-Romagna,Emilia-Romagna,4459477,1536108,34.45,0.27
1117,2021-05-04,EMR,28529,13362,15167,649,135,95,58,5991,4910,6522,9929,44,196,14881,13648,ITH,ITH5,8,Emilia-Romagna,Emilia-Romagna,4459477,1564637,35.09,0.64
1118,2021-01-29,EMR,10411,3497,6914,8109,1084,1060,1,32,7,11,0,0,107,289,10122,ITH,ITH5,8,Emilia-Romagna,Emilia-Romagna,4459477,1575048,35.32,0.23
1119,2021-02-12,EMR,5321,1679,3642,3399,772,707,0,10,19,358,11,0,45,3917,1404,ITH,ITH5,8,Emilia-Romagna,Emilia-Romagna,4459477,1580369,35.44,0.12
1120,2021-03-01,EMR,10087,3574,6513,1835,340,434,1254,25,38,5621,65,311,164,7834,2253,ITH,ITH5,8,Emilia-Romagna,Emilia-Romagna,4459477,1590456,35.66,0.23
1121,2021-05-25,EMR,24056,10738,13318,960,312,98,3256,6010,1486,563,6288,936,4147,11175,12881,ITH,ITH5,8,Emilia-Romagna,Emilia-Romagna,4459477,1614512,36.2,0.54
1122,2021-03-30,EMR,23275,10287,12988,870,246,164,1189,125,5418,10717,4290,140,116,18242,5033,ITH,ITH5,8,Emilia-Romagna,Emilia-Romagna,4459477,1637787,36.73,0.52
1123,2021-04-09,EMR,25411,11531,13880,1374,276,207,433,263,4868,10683,7193,83,31,19757,5654,ITH,ITH5,8,Emilia-Romagna,Emilia-Romagna,4459477,1663198,37.3,0.57
1124,2021-04-15,EMR,28934,13776,15158,942,208,142,50,297,10062,5833,11234,34,132,19286,9648,ITH,ITH5,8,Emilia-Romagna,Emilia-Romagna,4459477,1692132,37.94,0.65
1125,2021-04-30,EMR,36494,16729,19765,1258,259,131,100,5627,7410,7551,13777,79,302,21715,14779,ITH,ITH5,8,Emilia-Romagna,Emilia-Romagna,4459477,1728626,38.76,0.82
1126,2021-02-18,EMR,7039,2892,4147,894,180,236,0,4,13,5672,26,1,13,6456,583,ITH,ITH5,8,Emilia-Romagna,Emilia-Romagna,4459477,1735665,38.92,0.16
1127,2021-03-31,EMR,25127,10947,14180,1173,288,123,1287,188,4697,12488,4587,160,136,19670,5457,ITH,ITH5,8,Emilia-Romagna,Emilia-Romagna,4459477,1760792,39.48,0.56
1128,2021-01-09,EMR,9946,3440,6506,7869,1067,889,0,18,2,2,0,0,99,9946,0,ITH,ITH5,8,Emilia-Romagna,Emilia-Romagna,4459477,1770738,39.71,0.22
1129,2021-02-16,EMR,5767,2444,3323,745,339,437,0,8,7,4208,8,2,13,5236,531,ITH,ITH5,8,Emilia-Romagna,Emilia-Romagna,4459477,1776505,39.84,0.13
1130,2021-02-17,EMR,6538,2764,3774,804,258,404,0,10,15,4989,25,0,33,5765,773,ITH,ITH5,8,Emilia-Romagna,Emilia-Romagna,4459477,1783043,39.98,0.15
1131,2021-05-11,EMR,35091,16449,18642,354,57,156,782,14113,2949,1634,10495,67,4484,27839,7252,ITH,ITH5,8,Emilia-Romagna,Emilia-Romagna,4459477,1818134,40.77,0.79
1132,2021-02-24,EMR,9323,3556,5767,652,156,228,65,50,29,7854,19,0,270,8443,880,ITH,ITH5,8,Emilia-Romagna,Emilia-Romagna,4459477,1827457,40.98,0.21
1133,2021-05-17,EMR,30486,14470,16016,496,205,77,1031,10219,1948,1087,9959,750,4714,21077,9409,ITH,ITH5,8,Emilia-Romagna,Emilia-Romagna,4459477,1857943,41.66,0.68
1134,2021-01-08,EMR,10837,3570,7267,8468,1135,1089,1,25,3,5,0,1,110,10837,0,ITH,ITH5,8,Emilia-Romagna,Emilia-Romagna,4459477,1868780,41.91,0.24
1135,2021-02-27,EMR,10967,3999,6968,1732,245,122,942,37,30,7755,8,0,96,9229,1738,ITH,ITH5,8,Emilia-Romagna,Emilia-Romagna,4459477,1879747,42.15,0.25
1136,2021-05-03,EMR,27835,13157,14678,497,114,86,93,8664,5133,4713,8349,24,162,16967,10868,ITH,ITH5,8,Emilia-Romagna,Emilia-Romagna,4459477,1907582,42.78,0.62
1137,2021-04-05,EMR,14856,6807,8049,283,89,6,243,74,2915,7584,3593,30,39,11963,2893,ITH,ITH5,8,Emilia-Romagna,Emilia-Romagna,4459477,1922438,43.11,0.33
1138,2021-02-14,EMR,1401,378,1023,860,363,39,0,19,5,19,1,0,95,1281,120,ITH,ITH5,8,Emilia-Romagna,Emilia-Romagna,4459477,1923839,43.14,0.03
1139,2021-03-26,EMR,23406,9897,13509,1422,600,233,2650,174,4778,9348,3788,278,135,16972,6434,ITH,ITH5,8,Emilia-Romagna,Emilia-Romagna,4459477,1947245,43.67,0.52
1140,2021-02-28,EMR,6823,2527,4296,1775,248,53,305,29,17,4251,8,4,133,4977,1846,ITH,ITH5,8,Emilia-Romagna,Emilia-Romagna,4459477,1954068,43.82,0.15
1141,2021-02-09,EMR,4152,1247,2905,2219,376,1199,0,2,15,278,0,0,63,2306,1846,ITH,ITH5,8,Emilia-Romagna,Emilia-Romagna,4459477,1958220,43.91,0.09
1142,2021-04-25,EMR,22305,10212,12093,775,128,6,33,254,6811,4123,9854,157,164,14801,7504,ITH,ITH5,8,Emilia-Romagna,Emilia-Romagna,4459477,1980525,44.41,0.5
1143,2021-02-19,EMR,7327,3010,4317,821,214,257,0,4,18,5959,33,0,21,6813,514,ITH,ITH5,8,Emilia-Romagna,Emilia-Romagna,4459477,1987852,44.58,0.16
1144,2021-02-21,EMR,4450,1708,2742,396,108,190,0,4,11,3708,18,0,15,4010,440,ITH,ITH5,8,Emilia-Romagna,Emilia-Romagna,4459477,1992302,44.68,0.1
1145,2021-04-28,EMR,32643,15075,17568,866,145,118,156,5265,7234,6790,11726,47,296,19759,12884,ITH,ITH5,8,Emilia-Romagna,Emilia-Romagna,4459477,2024945,45.41,0.73
1146,2021-05-10,EMR,33496,15941,17555,357,120,83,201,14524,3205,1528,10805,55,2618,26270,7226,ITH,ITH5,8,Emilia-Romagna,Emilia-Romagna,4459477,2058441,46.16,0.75
1147,2021-01-05,EMR,9347,3167,6180,7929,552,769,0,18,4,0,1,0,74,9347,0,ITH,ITH5,8,Emilia-Romagna,Emilia-Romagna,4459477,2067788,46.37,0.21
1148,2021-05-09,EMR,24200,11588,12612,214,65,13,62,8022,2599,751,11914,23,537,17243,6957,ITH,ITH5,8,Emilia-Romagna,Emilia-Romagna,4459477,2091988,46.91,0.54
1149,2021-05-21,EMR,36946,16522,20424,669,119,145,3512,12201,2701,1077,12199,515,3808,20388,16558,ITH,ITH5,8,Emilia-Romagna,Emilia-Romagna,4459477,2128934,47.74,0.83
1150,2021-01-02,EMR,2353,905,1448,2075,57,198,0,3,0,2,0,0,18,2353,0,ITH,ITH5,8,Emilia-Romagna,Emilia-Romagna,4459477,2131287,47.79,0.05
1151,2021-01-20,EMR,1324,270,1054,394,131,787,0,0,0,1,0,0,11,1323,1,ITH,ITH5,8,Emilia-Romagna,Emilia-Romagna,4459477,2132611,47.82,0.03
1152,2020-12-27,EMR,970,372,598,825,5,26,0,24,1,0,0,0,89,970,0,ITH,ITH5,8,Emilia-Romagna,Emilia-Romagna,4459477,2133581,47.84,0.02
1153,2021-04-20,EMR,22535,10368,12167,302,84,58,30,212,7741,5587,8472,21,28,14203,8332,ITH,ITH5,8,Emilia-Romagna,Emilia-Romagna,4459477,2156116,48.35,0.51
1154,2021-03-11,EMR,17219,7114,10105,1138,839,319,3838,34,52,8852,425,1532,190,11368,5851,ITH,ITH5,8,Emilia-Romagna,Emilia-Romagna,4459477,2173335,48.74,0.39
1155,2021-01-07,EMR,10222,3387,6835,8193,856,1068,0,20,5,3,0,0,77,10222,0,ITH,ITH5,8,Emilia-Romagna,Emilia-Romagna,4459477,2183557,48.96,0.23
1156,2021-04-07,EMR,25743,11697,14046,665,188,158,360,372,5596,12979,5247,78,100,19740,6003,ITH,ITH5,8,Emilia-Romagna,Emilia-Romagna,4459477,2209300,49.54,0.58
1157,2021-03-03,EMR,15824,5246,10578,2535,525,155,4861,51,48,6858,95,342,354,13350,2474,ITH,ITH5,8,Emilia-Romagna,Emilia-Romagna,4459477,2225124,49.9,0.35
1158,2021-03-18,EMR,13672,5806,7866,449,150,94,49,47,474,10854,1357,5,193,5673,7999,ITH,ITH5,8,Emilia-Romagna,Emilia-Romagna,4459477,2238796,50.2,0.31
1159,2021-02-23,EMR,8214,3218,4996,408,147,113,1,24,22,7456,23,0,20,7828,386,ITH,ITH5,8,Emilia-Romagna,Emilia-Romagna,4459477,2247010,50.39,0.18
1160,2021-01-28,EMR,10247,3338,6909,8078,861,1127,0,28,10,1,0,0,142,349,9898,ITH,ITH5,8,Emilia-Romagna,Emilia-Romagna,4459477,2257257,50.62,0.23
1161,2021-03-07,EMR,6861,2640,4221,1457,338,22,1253,13,15,2599,565,561,38,5344,1517,ITH,ITH5,8,Emilia-Romagna,Emilia-Romagna,4459477,2264118,50.77,0.15
1162,2021-01-14,EMR,8100,2579,5521,5402,920,1607,0,39,7,5,1,1,118,8100,0,ITH,ITH5,8,Emilia-Romagna,Emilia-Romagna,4459477,2272218,50.95,0.18
1163,2021-04-14,EMR,26923,12776,14147,677,193,148,72,529,10066,7435,7714,58,31,20854,6069,ITH,ITH5,8,Emilia-Romagna,Emilia-Romagna,4459477,2299141,51.56,0.6
1164,2021-01-23,EMR,2447,870,1577,1900,86,433,0,5,1,2,0,0,20,443,2004,ITH,ITH5,8,Emilia-Romagna,Emilia-Romagna,4459477,2301588,51.61,0.05
1165,2021-03-02,EMR,11823,3894,7929,1976,411,232,3049,42,40,5421,41,373,238,9798,2025,ITH,ITH5,8,Emilia-Romagna,Emilia-Romagna,4459477,2313411,51.88,0.27
1166,2021-02-11,EMR,4250,1416,2834,2533,528,719,2,15,18,374,3,0,58,3410,840,ITH,ITH5,8,Emilia-Romagna,Emilia-Romagna,4459477,2317661,51.97,0.1
1167,2021-03-13,EMR,16070,6305,9765,1251,479,81,4015,52,55,8278,566,1124,169,10758,5312,ITH,ITH5,8,Emilia-Romagna,Emilia-Romagna,4459477,2333731,52.33,0.36
1168,2021-03-25,EMR,21372,9337,12035,1104,351,166,2091,157,3063,9935,3624,725,156,14385,6987,ITH,ITH5,8,Emilia-Romagna,Emilia-Romagna,4459477,2355103,52.81,0.48
1169,2021-03-09,EMR,14670,5959,8711,1029,456,228,3612,21,56,7704,186,1335,43,10714,3956,ITH,ITH5,8,Emilia-Romagna,Emilia-Romagna,4459477,2369773,53.14,0.33
1170,2021-02-10,EMR,4015,1381,2634,2398,357,780,0,23,15,317,9,0,116,2761,1254,ITH,ITH5,8,Emilia-Romagna,Emilia-Romagna,4459477,2373788,53.23,0.09
1171,2021-03-27,EMR,21568,9034,12534,758,296,48,2342,118,4191,9574,3830,256,155,14673,6895,ITH,ITH5,8,Emilia-Romagna,Emilia-Romagna,4459477,2395356,53.71,0.48
1172,2021-01-27,EMR,8361,2947,5414,6909,653,672,0,26,4,2,0,1,94,464,7897,ITH,ITH5,8,Emilia-Romagna,Emilia-Romagna,4459477,2403717,53.9,0.19
1173,2021-02-20,EMR,5317,2094,3223,408,116,155,0,7,21,4591,5,0,14,5053,264,ITH,ITH5,8,Emilia-Romagna,Emilia-Romagna,4459477,2409034,54.02,0.12
1174,2021-02-15,EMR,2902,849,2053,1987,369,160,0,3,9,326,18,0,30,2776,126,ITH,ITH5,8,Emilia-Romagna,Emilia-Romagna,4459477,2411936,54.09,0.07
1175,2021-05-15,EMR,32758,14763,17995,335,86,26,2368,11711,2425,1552,10162,34,4059,22433,10325,ITH,ITH5,8,Emilia-Romagna,Emilia-Romagna,4459477,2444694,54.82,0.73
1176,2021-04-10,CAM,28342,13486,14856,258,61,90,736,334,7069,6313,12856,214,411,23427,4915,ITF,ITF3,15,Campania,Campania,5801692,28342,0.49,0.49
1177,2021-04-04,CAM,7959,4012,3947,177,28,6,73,51,1217,1996,4046,64,301,6915,1044,ITF,ITF3,15,Campania,Campania,5801692,36301,0.63,0.14
1178,2021-05-12,CAM,40791,19910,20881,107,266,19,946,6835,4198,1681,11960,655,14124,31657,9134,ITF,ITF3,15,Campania,Campania,5801692,77092,1.33,0.7
1179,2021-04-28,CAM,36393,17613,18780,168,46,55,226,7006,6954,3708,15803,335,2092,26644,9749,ITF,ITF3,15,Campania,Campania,5801692,113485,1.96,0.63
1180,2021-04-02,CAM,21731,10409,11322,264,48,108,1062,138,6337,3967,8559,515,733,19410,2321,ITF,ITF3,15,Campania,Campania,5801692,135216,2.33,0.37
1181,2021-02-19,CAM,9570,3559,6011,1663,169,161,2207,103,35,4457,0,0,775,8920,650,ITF,ITF3,15,Campania,Campania,5801692,144786,2.5,0.16
1182,2021-01-12,CAM,5214,2563,2651,3439,722,340,0,104,29,7,0,0,573,5214,0,ITF,ITF3,15,Campania,Campania,5801692,150000,2.59,0.09
1183,2021-03-26,CAM,19455,8927,10528,363,40,145,1634,100,3149,7625,5467,463,469,15642,3813,ITF,ITF3,15,Campania,Campania,5801692,169455,2.92,0.34
1184,2021-02-11,CAM,6278,2704,3574,1861,279,129,0,238,90,2410,0,0,1271,6212,66,ITF,ITF3,15,Campania,Campania,5801692,175733,3.03,0.11
1185,2021-01-01,CAM,919,506,413,831,85,0,0,2,0,0,0,0,1,919,0,ITF,ITF3,15,Campania,Campania,5801692,176652,3.04,0.02
1186,2021-02-22,CAM,10680,3294,7386,545,60,144,5556,63,38,3899,0,0,375,10417,263,ITF,ITF3,15,Campania,Campania,5801692,187332,3.23,0.18
1187,2021-01-18,CAM,957,399,558,576,93,187,0,12,4,17,0,0,68,713,244,ITF,ITF3,15,Campania,Campania,5801692,188289,3.25,0.02
1188,2021-04-03,CAM,21112,10314,10798,203,50,189,558,106,5970,4524,8851,207,454,18734,2378,ITF,ITF3,15,Campania,Campania,5801692,209401,3.61,0.36
1189,2021-01-16,CAM,3369,1675,1694,1355,230,373,0,231,63,32,0,0,1085,3369,0,ITF,ITF3,15,Campania,Campania,5801692,212770,3.67,0.06
1190,2021-02-08,CAM,5112,2449,2663,1387,320,226,0,327,180,1436,0,0,1236,4310,802,ITF,ITF3,15,Campania,Campania,5801692,217882,3.76,0.09
1191,2021-04-01,CAM,24337,11685,12652,416,63,108,1626,171,4311,7033,9396,570,643,20205,4132,ITF,ITF3,15,Campania,Campania,5801692,242219,4.17,0.42
1192,2021-03-13,CAM,14249,6794,7455,403,136,193,3683,84,27,6714,0,2325,684,8967,5282,ITF,ITF3,15,Campania,Campania,5801692,256468,4.42,0.25
1193,2021-01-06,CAM,7652,3749,3903,5780,838,300,0,116,29,4,0,0,585,7652,0,ITF,ITF3,15,Campania,Campania,5801692,264120,4.55,0.13
1194,2021-03-16,CAM,8086,3519,4567,289,61,60,112,47,85,6876,235,29,292,3772,4314,ITF,ITF3,15,Campania,Campania,5801692,272206,4.69,0.14
1195,2021-03-12,CAM,14247,7096,7151,1022,156,82,2803,114,56,6604,0,2439,971,8165,6082,ITF,ITF3,15,Campania,Campania,5801692,286453,4.94,0.25
1196,2021-01-29,CAM,10052,4812,5240,6405,1052,259,0,307,75,19,0,0,1935,47,10005,ITF,ITF3,15,Campania,Campania,5801692,296505,5.11,0.17
1197,2021-04-12,CAM,23304,10917,12387,149,64,68,218,1028,10307,3274,7757,128,311,20266,3038,ITF,ITF3,15,Campania,Campania,5801692,319809,5.51,0.4
1198,2021-05-16,CAM,51078,23174,27904,282,107,2,5583,4618,2844,1283,18833,204,17322,33549,17529,ITF,ITF3,15,Campania,Campania,5801692,370887,6.39,0.88
1199,2021-05-04,CAM,48429,23330,25099,202,117,106,235,11805,7378,2123,17172,517,8774,39541,8888,ITF,ITF3,15,Campania,Campania,5801692,419316,7.23,0.83
1200,2021-05-21,CAM,63363,29333,34030,241,548,44,4888,4194,2531,1681,23511,406,25319,43171,20192,ITF,ITF3,15,Campania,Campania,5801692,482679,8.32,1.09
1201,2020-12-27,CAM,720,422,298,703,14,0,0,0,1,0,0,0,2,720,0,ITF,ITF3,15,Campania,Campania,5801692,483399,8.33,0.01
1202,2021-04-15,CAM,34336,16658,17678,313,46,21,319,4262,7018,6173,15628,121,435,24439,9897,ITF,ITF3,15,Campania,Campania,5801692,517735,8.92,0.59
1203,2021-04-18,CAM,27213,13281,13932,108,23,7,240,3940,5520,5399,11735,84,157,18315,8898,ITF,ITF3,15,Campania,Campania,5801692,544948,9.39,0.47
1204,2021-02-16,CAM,5438,2411,3027,984,277,169,1,118,43,3190,0,0,656,4667,771,ITF,ITF3,15,Campania,Campania,5801692,550386,9.49,0.09
1205,2021-02-27,CAM,13950,4473,9477,825,290,82,8314,248,112,3184,0,0,895,12308,1642,ITF,ITF3,15,Campania,Campania,5801692,564336,9.73,0.24
1206,2021-02-17,CAM,7388,3210,4178,1013,208,38,362,129,70,4913,0,0,655,6328,1060,ITF,ITF3,15,Campania,Campania,5801692,571724,9.85,0.13
1207,2021-04-21,CAM,30214,14720,15494,104,43,6,265,5932,7879,3719,11924,104,238,17989,12225,ITF,ITF3,15,Campania,Campania,5801692,601938,10.38,0.52
1208,2021-01-25,CAM,5744,2926,2818,4743,644,56,0,46,13,2,0,0,240,164,5580,ITF,ITF3,15,Campania,Campania,5801692,607682,10.47,0.1
1209,2021-01-09,CAM,10567,5024,5543,6760,1256,269,0,253,64,21,0,0,1944,10567,0,ITF,ITF3,15,Campania,Campania,5801692,618249,10.66,0.18
1210,2021-04-24,CAM,36312,17511,18801,148,36,7,372,4561,8221,4175,18185,142,465,25072,11240,ITF,ITF3,15,Campania,Campania,5801692,654561,11.28,0.63
1211,2021-02-18,CAM,9080,3812,5268,1752,241,89,438,142,57,5562,0,1,798,8372,708,ITF,ITF3,15,Campania,Campania,5801692,663641,11.44,0.16
1212,2021-01-08,CAM,10455,4968,5487,6714,1147,212,0,309,80,18,0,0,1975,10455,0,ITF,ITF3,15,Campania,Campania,5801692,674096,11.62,0.18
1213,2021-04-11,CAM,17522,8605,8917,116,34,2,203,313,5111,1835,9599,83,226,15440,2082,ITF,ITF3,15,Campania,Campania,5801692,691618,11.92,0.3
1214,2021-05-18,CAM,52036,23137,28899,373,512,50,8564,6677,3475,1471,14344,285,16285,32504,19532,ITF,ITF3,15,Campania,Campania,5801692,743654,12.82,0.9
1215,2021-05-06,CAM,57243,27887,29356,247,129,111,293,8744,5748,3161,20059,364,18387,42801,14442,ITF,ITF3,15,Campania,Campania,5801692,800897,13.8,0.99
1216,2021-04-29,CAM,41265,20002,21263,267,106,76,673,7039,7479,3618,19975,343,1689,24801,16464,ITF,ITF3,15,Campania,Campania,5801692,842162,14.52,0.71
1217,2021-01-14,CAM,7073,2977,4096,3707,1264,350,0,206,61,14,0,0,1471,7073,0,ITF,ITF3,15,Campania,Campania,5801692,849235,14.64,0.12
1218,2021-05-11,CAM,39864,19241,20623,143,225,21,2190,6482,3771,1633,11010,480,13909,30496,9368,ITF,ITF3,15,Campania,Campania,5801692,889099,15.32,0.69
1219,2021-02-25,CAM,12425,4478,7947,802,119,124,4809,144,81,5691,1,0,654,11237,1188,ITF,ITF3,15,Campania,Campania,5801692,901524,15.54,0.21
1220,2021-02-20,CAM,8573,3080,5493,1023,158,145,1976,57,13,4588,0,0,613,8270,303,ITF,ITF3,15,Campania,Campania,5801692,910097,15.69,0.15
1221,2021-05-26,CAM,35550,17421,18129,137,213,153,3555,4319,1954,862,11367,2481,10509,14504,21046,ITF,ITF3,15,Campania,Campania,5801692,945647,16.3,0.61
1222,2021-04-27,CAM,32093,15586,16507,228,270,36,456,6665,6223,2876,14052,280,1007,24177,7916,ITF,ITF3,15,Campania,Campania,5801692,977740,16.85,0.55
1223,2021-02-14,CAM,3928,1923,2005,627,102,15,0,130,122,2475,0,0,457,3894,34,ITF,ITF3,15,Campania,Campania,5801692,981668,16.92,0.07
1224,2021-01-26,CAM,7340,3726,3614,5775,847,231,0,87,27,5,0,0,368,351,6989,ITF,ITF3,15,Campania,Campania,5801692,989008,17.05,0.13
1225,2021-05-03,CAM,40741,19882,20859,158,69,74,272,6903,8089,2225,14039,371,8541,28895,11846,ITF,ITF3,15,Campania,Campania,5801692,1029749,17.75,0.7
1226,2021-04-13,CAM,26600,12681,13919,225,68,97,243,2699,11284,4205,7144,135,500,21070,5530,ITF,ITF3,15,Campania,Campania,5801692,1056349,18.21,0.46
1227,2021-03-14,CAM,8502,3721,4781,328,115,2,2015,56,27,4563,0,975,421,4363,4139,ITF,ITF3,15,Campania,Campania,5801692,1064851,18.35,0.15
1228,2021-02-10,CAM,6904,3413,3491,1945,284,98,0,448,235,2218,0,0,1676,6728,176,ITF,ITF3,15,Campania,Campania,5801692,1071755,18.47,0.12
1229,2021-05-05,CAM,51068,24815,26253,219,106,238,256,13137,8035,1830,14237,412,12598,44692,6376,ITF,ITF3,15,Campania,Campania,5801692,1122823,19.35,0.88
1230,2021-02-06,CAM,5340,2665,2675,1990,520,458,0,427,176,58,0,0,1711,2102,3238,ITF,ITF3,15,Campania,Campania,5801692,1128163,19.45,0.09
1231,2021-01-30,CAM,10721,5079,5642,6930,1278,227,0,251,68,18,0,0,1949,38,10683,ITF,ITF3,15,Campania,Campania,5801692,1138884,19.63,0.18
1232,2021-04-23,CAM,32295,15504,16791,161,42,68,319,5740,6224,3774,15464,180,323,23159,9136,ITF,ITF3,15,Campania,Campania,5801692,1171179,20.19,0.56
1233,2021-02-05,CAM,7260,3463,3797,3446,995,308,0,348,140,35,0,0,1988,2133,5127,ITF,ITF3,15,Campania,Campania,5801692,1178439,20.31,0.13
1234,2021-04-20,CAM,31981,15484,16497,152,40,121,333,7677,7193,4691,11291,141,342,20676,11305,ITF,ITF3,15,Campania,Campania,5801692,1210420,20.86,0.55
1235,2021-01-10,CAM,8165,3736,4429,5179,1010,97,0,232,62,13,0,0,1572,8165,0,ITF,ITF3,15,Campania,Campania,5801692,1218585,21.0,0.14
1236,2021-04-25,CAM,30698,15164,15534,344,104,5,200,8493,5521,2258,13357,89,327,25309,5389,ITF,ITF3,15,Campania,Campania,5801692,1249283,21.53,0.53
1237,2021-01-05,CAM,7238,3637,3601,5811,923,106,0,68,20,4,0,0,306,7238,0,ITF,ITF3,15,Campania,Campania,5801692,1256521,21.66,0.12
1238,2021-05-09,CAM,43166,20274,22892,162,65,25,822,6757,5864,1743,13196,151,14381,32078,11088,ITF,ITF3,15,Campania,Campania,5801692,1299687,22.4,0.74
1239,2021-01-11,CAM,4072,1871,2201,2386,681,252,0,111,28,14,0,0,600,4072,0,ITF,ITF3,15,Campania,Campania,5801692,1303759,22.47,0.07
1240,2021-04-16,CAM,34301,16552,17749,237,50,108,314,3196,6274,6633,16843,277,369,23643,10658,ITF,ITF3,15,Campania,Campania,5801692,1338060,23.06,0.59
1241,2021-05-22,CAM,67827,32436,35391,209,476,5,3287,5762,2756,2059,21697,299,31277,46438,21389,ITF,ITF3,15,Campania,Campania,5801692,1405887,24.23,1.17
1242,2021-05-02,CAM,43470,21531,21939,130,37,5,305,7582,6668,1836,17107,214,9586,32133,11337,ITF,ITF3,15,Campania,Campania,5801692,1449357,24.98,0.75
1243,2021-03-17,CAM,11588,5099,6489,489,134,49,136,55,158,10013,141,43,370,5008,6580,ITF,ITF3,15,Campania,Campania,5801692,1460945,25.18,0.2
1244,2021-03-01,CAM,12130,4247,7883,1155,319,148,5789,304,181,3104,0,0,1130,8017,4113,ITF,ITF3,15,Campania,Campania,5801692,1473075,25.39,0.21
1245,2021-02-04,CAM,7943,3429,4514,3965,1245,292,0,328,140,25,0,0,1948,1308,6635,ITF,ITF3,15,Campania,Campania,5801692,1481018,25.53,0.14
1246,2021-03-02,CAM,12756,4554,8202,1294,197,148,5905,367,225,3279,0,2,1339,8411,4345,ITF,ITF3,15,Campania,Campania,5801692,1493774,25.75,0.22
1247,2021-01-23,CAM,3838,2028,1810,3161,343,69,0,40,8,0,0,0,217,273,3565,ITF,ITF3,15,Campania,Campania,5801692,1497612,25.81,0.07
1248,2021-03-22,CAM,12740,5920,6820,308,762,74,2464,80,3638,3504,589,921,400,10700,2040,ITF,ITF3,15,Campania,Campania,5801692,1510352,26.03,0.22
1249,2021-03-27,CAM,21271,10030,11241,356,39,63,1952,88,4052,7144,6936,210,431,17407,3864,ITF,ITF3,15,Campania,Campania,5801692,1531623,26.4,0.37
1250,2021-05-17,CAM,49216,21605,27611,268,336,8,8909,7732,3376,1542,18628,208,8209,24077,25139,ITF,ITF3,15,Campania,Campania,5801692,1580839,27.25,0.85
1251,2021-03-31,CAM,22682,10906,11776,340,85,114,1165,143,7476,5172,7333,307,547,19243,3439,ITF,ITF3,15,Campania,Campania,5801692,1603521,27.64,0.39
1252,2021-05-13,CAM,55379,24807,30572,280,281,16,5313,6631,4508,2245,19973,326,15806,39390,15989,ITF,ITF3,15,Campania,Campania,5801692,1658900,28.59,0.95
1253,2021-02-15,CAM,5470,2516,2954,987,238,94,1,98,64,3403,1,1,583,5297,173,ITF,ITF3,15,Campania,Campania,5801692,1664370,28.69,0.09
1254,2021-02-24,CAM,11787,4149,7638,845,194,150,4200,45,24,5965,1,0,363,11099,688,ITF,ITF3,15,Campania,Campania,5801692,1676157,28.89,0.2
1255,2021-02-28,CAM,10412,3206,7206,496,116,22,5496,303,139,2261,0,0,1579,8512,1900,ITF,ITF3,15,Campania,Campania,5801692,1686569,29.07,0.18
1256,2021-02-07,CAM,2929,1382,1547,706,189,225,0,260,155,342,0,0,1052,2158,771,ITF,ITF3,15,Campania,Campania,5801692,1689498,29.12,0.05
1257,2021-05-14,CAM,60810,27468,33342,309,284,73,6084,7373,5211,2669,25334,327,13146,36323,24487,ITF,ITF3,15,Campania,Campania,5801692,1750308,30.17,1.05
1258,2021-01-17,CAM,1155,551,604,718,54,151,0,22,7,3,0,0,200,702,453,ITF,ITF3,15,Campania,Campania,5801692,1751463,30.19,0.02
1259,2021-02-09,CAM,4643,2202,2441,1148,178,6,0,356,211,1381,0,0,1363,4391,252,ITF,ITF3,15,Campania,Campania,5801692,1756106,30.27,0.08
1260,2021-05-19,CAM,51007,22490,28517,267,363,43,5958,9420,4320,1429,10780,420,18007,34514,16493,ITF,ITF3,15,Campania,Campania,5801692,1807113,31.15,0.88
1261,2021-03-28,CAM,15551,7499,8052,79,156,18,679,55,3592,5103,5532,165,172,13928,1623,ITF,ITF3,15,Campania,Campania,5801692,1822664,31.42,0.27
1262,2021-04-06,CAM,24371,11421,12950,306,116,142,1552,101,10161,5375,5996,210,412,19850,4521,ITF,ITF3,15,Campania,Campania,5801692,1847035,31.84,0.42
1263,2020-12-31,CAM,1490,811,679,1273,150,1,0,11,2,0,0,0,53,1490,0,ITF,ITF3,15,Campania,Campania,5801692,1848525,31.86,0.03
1264,2021-03-20,CAM,13880,6428,7452,295,43,35,2881,76,1677,6503,772,1021,577,10141,3739,ITF,ITF3,15,Campania,Campania,5801692,1862405,32.1,0.24
1265,2021-04-26,CAM,33989,16629,17360,216,141,4,166,8370,4156,2351,18111,148,326,28366,5623,ITF,ITF3,15,Campania,Campania,5801692,1896394,32.69,0.59
1266,2021-02-21,CAM,5834,2239,3595,780,45,22,509,56,14,3871,0,0,537,5609,225,ITF,ITF3,15,Campania,Campania,5801692,1902228,32.79,0.1
1267,2021-03-19,CAM,11036,4870,6166,392,68,21,854,70,134,8445,474,139,439,7165,3871,ITF,ITF3,15,Campania,Campania,5801692,1913264,32.98,0.19
1268,2021-01-21,CAM,2092,1115,977,1379,153,74,0,95,32,22,0,0,337,676,1416,ITF,ITF3,15,Campania,Campania,5801692,1915356,33.01,0.04
1269,2021-03-29,CAM,18947,9134,9813,362,51,131,1197,83,4473,5050,6846,304,450,17401,1546,ITF,ITF3,15,Campania,Campania,5801692,1934303,33.34,0.33
1270,2021-05-10,CAM,35406,16373,19033,185,211,67,2791,6593,4387,1498,13068,252,6354,25497,9909,ITF,ITF3,15,Campania,Campania,5801692,1969709,33.95,0.61
1271,2021-02-26,CAM,13339,4230,9109,951,127,226,7832,131,65,3422,0,1,584,12004,1335,ITF,ITF3,15,Campania,Campania,5801692,1983048,34.18,0.23
1272,2021-05-20,CAM,60428,27819,32609,304,533,41,4319,4603,2734,1619,23160,428,22687,43075,17353,ITF,ITF3,15,Campania,Campania,5801692,2043476,35.22,1.04
1273,2021-05-24,CAM,31058,14886,16172,188,471,41,4541,2993,1699,1195,7725,2138,10067,16175,14883,ITF,ITF3,15,Campania,Campania,5801692,2074534,35.76,0.54
1274,2021-03-18,CAM,12172,5378,6794,460,79,34,459,72,260,9981,232,99,496,5984,6188,ITF,ITF3,15,Campania,Campania,5801692,2086706,35.97,0.21
1275,2021-03-05,CAM,16480,6347,10133,1683,244,64,5788,320,141,6364,0,5,1871,9819,6661,ITF,ITF3,15,Campania,Campania,5801692,2103186,36.25,0.28
1276,2021-01-07,CAM,8910,4166,4744,6313,1087,332,0,193,29,11,0,0,945,8910,0,ITF,ITF3,15,Campania,Campania,5801692,2112096,36.4,0.15
1277,2021-03-06,CAM,16309,6753,9556,993,135,175,5486,250,170,7148,0,1105,847,10641,5668,ITF,ITF3,15,Campania,Campania,5801692,2128405,36.69,0.28
1278,2021-03-03,CAM,13921,5494,8427,2088,241,158,4231,469,251,4809,0,4,1670,7291,6630,ITF,ITF3,15,Campania,Campania,5801692,2142326,36.93,0.24
1279,2021-04-17,CAM,36170,17506,18664,217,41,7,433,4712,6957,6357,16965,140,341,24664,11506,ITF,ITF3,15,Campania,Campania,5801692,2178496,37.55,0.62
1280,2021-03-10,CAM,15248,7378,7870,705,246,26,2471,121,44,8444,1,2346,844,8415,6833,ITF,ITF3,15,Campania,Campania,5801692,2193744,37.81,0.26
1281,2021-05-07,CAM,59683,29170,30513,301,168,102,332,7560,5408,2634,19987,499,22692,43754,15929,ITF,ITF3,15,Campania,Campania,5801692,2253427,38.84,1.03
1282,2021-03-21,CAM,9983,4592,5391,168,28,17,1679,46,3786,2935,762,383,179,7593,2390,ITF,ITF3,15,Campania,Campania,5801692,2263410,39.01,0.17
1283,2021-03-08,CAM,14537,6715,7822,890,248,70,4956,156,78,4873,1,2275,990,9761,4776,ITF,ITF3,15,Campania,Campania,5801692,2277947,39.26,0.25
1284,2021-01-22,CAM,1524,776,748,971,120,209,0,28,6,4,0,0,186,673,851,ITF,ITF3,15,Campania,Campania,5801692,2279471,39.29,0.03
1285,2021-04-22,CAM,33931,16524,17407,228,53,22,306,5244,6683,5077,15849,141,328,21530,12401,ITF,ITF3,15,Campania,Campania,5801692,2313402,39.87,0.58
1286,2021-04-30,CAM,42237,20132,22105,314,68,107,1042,6344,8479,3531,19057,529,2766,25791,16446,ITF,ITF3,15,Campania,Campania,5801692,2355639,40.6,0.73
1287,2021-02-23,CAM,11003,3388,7615,521,87,295,5945,57,30,3760,0,0,308,10477,526,ITF,ITF3,15,Campania,Campania,5801692,2366642,40.79,0.19
1288,2021-02-12,CAM,6529,2861,3668,1886,307,208,4,160,69,3061,0,0,834,6343,186,ITF,ITF3,15,Campania,Campania,5801692,2373171,40.9,0.11
1289,2021-05-15,CAM,62581,29004,33577,289,301,14,3700,7735,4675,1922,27144,237,16564,43916,18665,ITF,ITF3,15,Campania,Campania,5801692,2435752,41.98,1.08
1290,2021-02-13,CAM,5507,2550,2957,959,114,131,2,160,127,3621,0,0,393,5290,217,ITF,ITF3,15,Campania,Campania,5801692,2441259,42.08,0.09
1291,2021-03-04,CAM,14659,5352,9307,1901,305,136,4841,303,98,5595,0,1,1479,8766,5893,ITF,ITF3,15,Campania,Campania,5801692,2455918,42.33,0.25
1292,2021-01-24,CAM,4128,2123,2005,3140,410,166,0,46,10,0,0,0,356,383,3745,ITF,ITF3,15,Campania,Campania,5801692,2460046,42.4,0.07
1293,2021-03-25,CAM,19991,9335,10656,307,52,8,2479,124,2560,7456,6030,395,580,16488,3503,ITF,ITF3,15,Campania,Campania,5801692,2480037,42.75,0.34
1294,2021-03-23,CAM,15335,7054,8281,359,491,188,3288,160,2744,4739,2113,577,676,12822,2513,ITF,ITF3,15,Campania,Campania,5801692,2495372,43.01,0.26
1295,2021-03-24,CAM,17618,8082,9536,410,99,76,2437,111,1941,6725,4803,621,395,14661,2957,ITF,ITF3,15,Campania,Campania,5801692,2512990,43.31,0.3
1296,2021-05-23,CAM,58715,28616,30099,77,325,10,2987,4269,1829,842,15267,461,32648,37838,20877,ITF,ITF3,15,Campania,Campania,5801692,2571705,44.33,1.01
1297,2021-04-19,CAM,30717,14816,15901,177,51,91,243,7792,5432,5320,11224,123,264,19150,11567,ITF,ITF3,15,Campania,Campania,5801692,2602422,44.86,0.53
1298,2021-05-08,CAM,56330,27093,29237,192,124,5,722,7975,6706,3112,20403,256,16835,40524,15806,ITF,ITF3,15,Campania,Campania,5801692,2658752,45.83,0.97
1299,2021-02-01,CAM,3985,1813,2172,2504,656,152,0,102,26,14,0,0,531,110,3875,ITF,ITF3,15,Campania,Campania,5801692,2662737,45.9,0.07
1300,2021-03-09,CAM,13878,6636,7242,798,276,217,4187,177,49,4515,1,2516,1142,10096,3782,ITF,ITF3,15,Campania,Campania,5801692,2676615,46.14,0.24
1301,2021-01-27,CAM,7738,3820,3918,5838,875,270,0,118,32,4,0,0,601,162,7576,ITF,ITF3,15,Campania,Campania,5801692,2684353,46.27,0.13
1302,2021-01-20,CAM,1257,650,607,395,146,101,0,101,100,17,0,0,397,1257,0,ITF,ITF3,15,Campania,Campania,5801692,2685610,46.29,0.02
1303,2021-01-31,CAM,8067,3711,4356,5107,1012,67,0,238,61,12,0,0,1570,23,8044,ITF,ITF3,15,Campania,Campania,5801692,2693677,46.43,0.14
1304,2021-01-02,CAM,3673,1962,1711,3167,340,0,0,22,8,0,0,0,136,3673,0,ITF,ITF3,15,Campania,Campania,5801692,2697350,46.49,0.06
1305,2021-04-05,CAM,11636,5543,6093,141,23,6,432,31,2455,2879,5307,110,252,9214,2422,ITF,ITF3,15,Campania,Campania,5801692,2708986,46.69,0.2
1306,2021-01-19,CAM,1095,474,621,534,129,171,0,36,7,1,0,0,217,1092,3,ITF,ITF3,15,Campania,Campania,5801692,2710081,46.71,0.02
1307,2021-01-28,CAM,8832,4121,4711,6216,1094,347,0,190,32,12,0,0,941,134,8698,ITF,ITF3,15,Campania,Campania,5801692,2718913,46.86,0.15
1308,2021-01-04,CAM,5825,2962,2863,4850,678,0,0,45,5,1,0,0,246,5825,0,ITF,ITF3,15,Campania,Campania,5801692,2724738,46.96,0.1
1309,2021-04-09,CAM,29844,13965,15879,261,74,55,955,187,9294,7330,10730,354,604,23717,6127,ITF,ITF3,15,Campania,Campania,5801692,2754582,47.48,0.51
1310,2021-05-25,CAM,45982,21965,24017,183,434,43,5977,6114,3488,1488,13487,2174,12594,22932,23050,ITF,ITF3,15,Campania,Campania,5801692,2800564,48.27,0.79
1311,2021-02-02,CAM,5723,2804,2919,3640,828,355,0,140,50,22,0,0,688,444,5279,ITF,ITF3,15,Campania,Campania,5801692,2806287,48.37,0.1
1312,2021-03-15,CAM,12932,6089,6843,819,142,78,2557,82,1445,6287,13,1066,443,8188,4744,ITF,ITF3,15,Campania,Campania,5801692,2819219,48.59,0.22
1313,2021-02-03,CAM,8903,4003,4900,4736,1102,714,0,295,74,34,0,0,1948,878,8025,ITF,ITF3,15,Campania,Campania,5801692,2828122,48.75,0.15
1314,2021-04-08,CAM,28265,13637,14628,283,130,58,1040,135,6669,7227,11876,401,446,22431,5834,ITF,ITF3,15,Campania,Campania,5801692,2856387,49.23,0.49
1315,2021-01-15,CAM,4980,2381,2599,2740,832,191,0,159,72,22,0,0,964,4980,0,ITF,ITF3,15,Campania,Campania,5801692,2861367,49.32,0.09
1316,2021-03-11,CAM,17578,8669,8909,1049,296,105,2834,180,87,8956,0,2959,1112,10300,7278,ITF,ITF3,15,Campania,Campania,5801692,2878945,49.62,0.3
1317,2021-04-14,CAM,27638,13330,14308,268,55,23,268,3205,11168,5112,7057,133,349,19073,8565,ITF,ITF3,15,Campania,Campania,5801692,2906583,50.1,0.48
1318,2021-05-01,CAM,46317,22652,23665,161,60,1,636,6333,6261,3671,22221,319,6654,30220,16097,ITF,ITF3,15,Campania,Campania,5801692,2952900,50.9,0.8
1319,2021-03-07,CAM,11912,5344,6568,533,110,85,4351,159,134,4030,0,1953,557,8069,3843,ITF,ITF3,15,Campania,Campania,5801692,2964812,51.1,0.21
1320,2021-01-03,CAM,3837,2009,1828,3191,401,0,0,31,6,0,0,0,208,3837,0,ITF,ITF3,15,Campania,Campania,5801692,2968649,51.17,0.07
1321,2021-03-30,CAM,21729,10272,11457,278,47,182,1833,155,5860,5688,6769,284,633,18771,2958,ITF,ITF3,15,Campania,Campania,5801692,2990378,51.54,0.37
1322,2021-01-13,CAM,8020,3666,4354,4350,1032,587,0,267,65,30,0,0,1689,8020,0,ITF,ITF3,15,Campania,Campania,5801692,2998398,51.68,0.14
1323,2021-04-07,CAM,24755,11782,12973,347,206,77,1043,135,7506,6623,8003,274,541,20033,4722,ITF,ITF3,15,Campania,Campania,5801692,3023153,52.11,0.43
1324,2021-02-18,LOM,14041,4926,9115,6165,1880,1594,28,13,18,3438,3,859,43,13013,1028,ITC,ITC4,3,Lombardia,Lombardia,10060574,14041,0.14,0.14
1325,2021-05-13,LOM,86717,41595,45122,2601,868,901,268,28178,11974,2998,29192,1278,8459,58183,28534,ITC,ITC4,3,Lombardia,Lombardia,10060574,100758,1.0,0.86
1326,2021-02-28,LOM,7889,3257,4632,1108,764,76,31,594,199,4343,0,88,686,7673,216,ITC,ITC4,3,Lombardia,Lombardia,10060574,108647,1.08,0.08
1327,2021-03-19,LOM,32420,12907,19513,2748,1934,1418,3010,69,115,22476,350,158,142,19216,13204,ITC,ITC4,3,Lombardia,Lombardia,10060574,141067,1.4,0.32
1328,2021-02-15,LOM,8916,3120,5796,6035,1677,1071,9,12,10,29,4,32,37,8495,421,ITC,ITC4,3,Lombardia,Lombardia,10060574,149983,1.49,0.09
1329,2021-05-19,LOM,82547,39469,43078,1738,654,272,1264,21400,16138,2556,28541,1875,8109,33733,48814,ITC,ITC4,3,Lombardia,Lombardia,10060574,232530,2.31,0.82
1330,2021-04-06,LOM,43035,17560,25475,2181,1933,685,4532,283,559,28007,4414,128,313,25082,17953,ITC,ITC4,3,Lombardia,Lombardia,10060574,275565,2.74,0.43
1331,2021-01-08,LOM,12669,3913,8756,9967,2237,376,0,17,9,7,1,0,55,12669,0,ITC,ITC4,3,Lombardia,Lombardia,10060574,288234,2.86,0.13
1332,2020-12-30,LOM,114,42,72,106,7,0,0,0,0,0,0,0,1,114,0,ITC,ITC4,3,Lombardia,Lombardia,10060574,288348,2.87,0.0
1333,2021-03-28,LOM,20473,7806,12667,2017,1292,115,3875,201,441,11384,1008,34,106,14309,6164,ITC,ITC4,3,Lombardia,Lombardia,10060574,308821,3.07,0.2
1334,2020-12-31,LOM,713,300,413,657,56,0,0,0,0,0,0,0,0,713,0,ITC,ITC4,3,Lombardia,Lombardia,10060574,309534,3.08,0.01
1335,2021-02-21,LOM,5052,1862,3190,1766,910,57,3,2,14,2234,2,42,22,5034,18,ITC,ITC4,3,Lombardia,Lombardia,10060574,314586,3.13,0.05
1336,2021-02-09,LOM,12286,3345,8941,5753,2259,4128,4,16,5,79,4,2,36,4114,8172,ITC,ITC4,3,Lombardia,Lombardia,10060574,326872,3.25,0.12
1337,2021-04-02,LOM,41065,16798,24267,2559,1828,1167,4640,540,2175,24652,3028,130,346,26670,14395,ITC,ITC4,3,Lombardia,Lombardia,10060574,367937,3.66,0.41
1338,2021-01-12,LOM,20139,6677,13462,13562,4571,1743,0,21,13,116,2,1,110,20139,0,ITC,ITC4,3,Lombardia,Lombardia,10060574,388076,3.86,0.2
1339,2021-01-01,LOM,24,7,17,24,0,0,0,0,0,0,0,0,0,24,0,ITC,ITC4,3,Lombardia,Lombardia,10060574,388100,3.86,0.0
1340,2021-03-16,LOM,25475,10112,15363,3316,1463,1459,76,311,249,18140,28,17,416,16419,9056,ITC,ITC4,3,Lombardia,Lombardia,10060574,413575,4.11,0.25
1341,2021-01-21,LOM,5342,1569,3773,3025,1211,1025,0,8,4,7,1,0,61,4653,689,ITC,ITC4,3,Lombardia,Lombardia,10060574,418917,4.16,0.05
1342,2021-04-20,LOM,67612,30813,36799,1157,589,751,569,8887,34186,11087,9590,232,564,57283,10329,ITC,ITC4,3,Lombardia,Lombardia,10060574,486529,4.84,0.67
1343,2021-02-19,LOM,14115,5369,8746,5572,1753,1154,16,22,42,4543,2,930,81,13435,680,ITC,ITC4,3,Lombardia,Lombardia,10060574,500644,4.98,0.14
1344,2021-03-15,LOM,31569,11333,20236,4691,2871,882,8320,273,376,13103,8,637,408,23051,8518,ITC,ITC4,3,Lombardia,Lombardia,10060574,532213,5.29,0.31
1345,2021-05-10,LOM,85180,40855,44325,2614,632,357,455,29371,14263,2405,29053,1253,4777,63676,21504,ITC,ITC4,3,Lombardia,Lombardia,10060574,617393,6.14,0.85
1346,2021-04-28,LOM,95560,43597,51963,1409,657,783,316,23428,28636,23321,16000,311,699,68711,26849,ITC,ITC4,3,Lombardia,Lombardia,10060574,712953,7.09,0.95
1347,2021-03-12,LOM,35238,12948,22290,5136,3227,1507,7382,184,279,16072,10,1114,327,25033,10205,ITC,ITC4,3,Lombardia,Lombardia,10060574,748191,7.44,0.35
1348,2021-02-08,LOM,10079,2918,7161,5324,2252,2405,4,5,2,53,4,0,30,2139,7940,ITC,ITC4,3,Lombardia,Lombardia,10060574,758270,7.54,0.1
1349,2021-04-22,LOM,73762,33326,40436,1193,705,1331,440,11028,31864,15594,10874,185,548,57470,16292,ITC,ITC4,3,Lombardia,Lombardia,10060574,832032,8.27,0.73
1350,2021-03-10,LOM,33227,12725,20502,6909,3856,2102,5480,429,302,12093,9,1609,438,25372,7855,ITC,ITC4,3,Lombardia,Lombardia,10060574,865259,8.6,0.33
1351,2021-05-26,LOM,66703,31457,35246,1753,901,139,3938,12222,6779,1193,20436,1314,18028,27421,39282,ITC,ITC4,3,Lombardia,Lombardia,10060574,931962,9.26,0.66
1352,2021-01-22,LOM,3105,866,2239,1582,619,881,0,2,3,13,0,0,5,3035,70,ITC,ITC4,3,Lombardia,Lombardia,10060574,935067,9.29,0.03
1353,2021-05-21,LOM,93365,45051,48314,1807,880,261,1596,23460,15111,2216,36659,1948,9427,28999,64366,ITC,ITC4,3,Lombardia,Lombardia,10060574,1028432,10.22,0.93
1354,2021-04-17,LOM,48360,21248,27112,521,204,287,385,443,28585,11786,5876,125,148,37591,10769,ITC,ITC4,3,Lombardia,Lombardia,10060574,1076792,10.7,0.48
1355,2021-05-07,LOM,92025,43571,48454,3403,901,753,509,31917,18720,5775,25375,1156,3516,69869,22156,ITC,ITC4,3,Lombardia,Lombardia,10060574,1168817,11.62,0.91
1356,2021-03-08,LOM,29763,11185,18578,6599,2987,1160,4630,423,212,11768,11,1614,359,22694,7069,ITC,ITC4,3,Lombardia,Lombardia,10060574,1198580,11.91,0.3
1357,2021-04-18,LOM,36343,16203,20140,262,115,72,142,234,25814,5690,3800,99,115,31116,5227,ITC,ITC4,3,Lombardia,Lombardia,10060574,1234923,12.27,0.36
1358,2021-03-17,LOM,26234,10483,15751,2533,1418,1969,44,73,110,19615,176,45,251,15245,10989,ITC,ITC4,3,Lombardia,Lombardia,10060574,1261157,12.54,0.26
1359,2021-02-04,LOM,27654,8072,19582,15836,5868,5660,0,11,1,201,4,7,66,1971,25683,ITC,ITC4,3,Lombardia,Lombardia,10060574,1288811,12.81,0.27
1360,2021-03-31,LOM,41924,16968,24956,2600,1888,1473,6199,403,1820,24131,2833,150,427,26736,15188,ITC,ITC4,3,Lombardia,Lombardia,10060574,1330735,13.23,0.42
1361,2021-04-21,LOM,71637,32501,39136,1052,482,722,345,10507,32417,14662,10849,178,423,57048,14589,ITC,ITC4,3,Lombardia,Lombardia,10060574,1402372,13.94,0.71
1362,2021-05-17,LOM,94455,45252,49203,1580,634,151,483,28313,27786,2714,25406,1304,6084,30182,64273,ITC,ITC4,3,Lombardia,Lombardia,10060574,1496827,14.88,0.94
1363,2021-02-17,LOM,11969,3746,8223,7642,2231,1950,10,7,9,40,6,38,36,10580,1389,ITC,ITC4,3,Lombardia,Lombardia,10060574,1508796,15.0,0.12
1364,2020-12-27,LOM,717,413,304,615,46,14,0,13,7,1,1,0,20,717,0,ITC,ITC4,3,Lombardia,Lombardia,10060574,1509513,15.0,0.01
1365,2021-04-19,LOM,60075,27334,32741,1171,445,462,478,3373,34704,9987,8796,177,482,50670,9405,ITC,ITC4,3,Lombardia,Lombardia,10060574,1569588,15.6,0.6
1366,2021-04-24,LOM,75632,33519,42113,670,369,88,166,12526,29557,21479,10085,278,414,54572,21060,ITC,ITC4,3,Lombardia,Lombardia,10060574,1645220,16.35,0.75
1367,2021-05-08,LOM,87289,40567,46722,1754,521,68,599,29873,17878,6352,25007,1083,4154,65652,21637,ITC,ITC4,3,Lombardia,Lombardia,10060574,1732509,17.22,0.87
1368,2021-02-01,LOM,16055,5316,10739,11676,3378,903,1,3,3,45,3,1,42,305,15750,ITC,ITC4,3,Lombardia,Lombardia,10060574,1748564,17.38,0.16
1369,2021-04-05,LOM,27388,11697,15691,546,573,70,703,196,326,23749,1107,28,90,19278,8110,ITC,ITC4,3,Lombardia,Lombardia,10060574,1775952,17.65,0.27
1370,2021-01-31,LOM,9746,3763,5983,7577,2043,87,0,2,2,7,3,2,23,34,9712,ITC,ITC4,3,Lombardia,Lombardia,10060574,1785698,17.75,0.1
1371,2021-01-28,LOM,12194,3693,8501,9205,1859,971,1,11,5,29,2,1,110,780,11414,ITC,ITC4,3,Lombardia,Lombardia,10060574,1797892,17.87,0.12
1372,2021-01-03,LOM,854,316,538,745,89,4,0,0,0,1,1,0,14,854,0,ITC,ITC4,3,Lombardia,Lombardia,10060574,1798746,17.88,0.01
1373,2021-01-04,LOM,6079,2097,3982,4997,736,173,0,22,4,11,0,0,136,6079,0,ITC,ITC4,3,Lombardia,Lombardia,10060574,1804825,17.94,0.06
1374,2021-01-19,LOM,8125,2348,5777,4045,1773,2178,0,9,5,81,4,1,29,7651,474,ITC,ITC4,3,Lombardia,Lombardia,10060574,1812950,18.02,0.08
1375,2021-02-25,LOM,15198,6303,8895,2987,1340,1294,10,39,86,8101,4,1254,83,13645,1553,ITC,ITC4,3,Lombardia,Lombardia,10060574,1828148,18.17,0.15
1376,2021-02-03,LOM,25577,7908,17669,15603,5634,4100,1,17,9,144,6,8,55,1153,24424,ITC,ITC4,3,Lombardia,Lombardia,10060574,1853725,18.43,0.25
1377,2021-05-18,LOM,87881,41983,45898,1580,534,226,492,24422,22190,2681,27044,1636,7076,32518,55363,ITC,ITC4,3,Lombardia,Lombardia,10060574,1941606,19.3,0.87
1378,2021-02-14,LOM,3578,1546,2032,2750,623,42,10,5,1,3,2,0,142,2944,634,ITC,ITC4,3,Lombardia,Lombardia,10060574,1945184,19.33,0.04
1379,2021-02-27,LOM,13949,5871,8078,2091,1235,568,48,209,309,8312,7,1127,43,13307,642,ITC,ITC4,3,Lombardia,Lombardia,10060574,1959133,19.47,0.14
1380,2021-03-18,LOM,27425,10957,16468,2206,1210,1547,100,65,161,21452,506,50,128,16196,11229,ITC,ITC4,3,Lombardia,Lombardia,10060574,1986558,19.75,0.27
1381,2021-05-03,LOM,83628,39725,43903,1749,481,326,746,31561,23744,4434,19069,283,1235,71514,12114,ITC,ITC4,3,Lombardia,Lombardia,10060574,2070186,20.58,0.83
1382,2021-05-01,LOM,95862,43640,52222,685,514,72,309,28097,24162,25263,14509,336,1915,66743,29119,ITC,ITC4,3,Lombardia,Lombardia,10060574,2166048,21.53,0.95
1383,2021-02-07,LOM,7305,2819,4486,5635,1321,293,5,5,2,18,0,3,23,340,6965,ITC,ITC4,3,Lombardia,Lombardia,10060574,2173353,21.6,0.07
1384,2021-04-13,LOM,47572,21236,26336,946,643,706,957,526,24934,13484,4973,101,302,33508,14064,ITC,ITC4,3,Lombardia,Lombardia,10060574,2220925,22.08,0.47
1385,2020-12-28,LOM,107,47,60,105,2,0,0,0,0,0,0,0,0,107,0,ITC,ITC4,3,Lombardia,Lombardia,10060574,2221032,22.08,0.0
1386,2021-03-30,LOM,39489,15487,24002,2778,1957,1171,6914,262,414,22361,2866,223,543,24704,14785,ITC,ITC4,3,Lombardia,Lombardia,10060574,2260521,22.47,0.39
1387,2021-03-07,LOM,12019,5347,6672,3012,2101,82,718,261,333,4629,2,672,209,9460,2559,ITC,ITC4,3,Lombardia,Lombardia,10060574,2272540,22.59,0.12
1388,2021-03-25,LOM,42613,15916,26697,3460,2237,1436,10847,231,772,21284,1667,318,361,30073,12540,ITC,ITC4,3,Lombardia,Lombardia,10060574,2315153,23.01,0.42
1389,2021-01-26,LOM,8376,2721,5655,6652,1337,259,0,22,4,28,0,0,74,372,8004,ITC,ITC4,3,Lombardia,Lombardia,10060574,2323529,23.1,0.08
1390,2021-03-04,LOM,29417,12149,17268,7056,2498,2142,376,1623,1849,11172,8,2055,638,20288,9129,ITC,ITC4,3,Lombardia,Lombardia,10060574,2352946,23.39,0.29
1391,2021-01-17,LOM,8343,3344,4999,5604,750,244,0,169,55,72,6,5,1438,8142,201,ITC,ITC4,3,Lombardia,Lombardia,10060574,2361289,23.47,0.08
1392,2021-03-24,LOM,43306,15625,27681,2985,2448,1503,12497,417,752,20451,1265,563,425,31439,11867,ITC,ITC4,3,Lombardia,Lombardia,10060574,2404595,23.9,0.43
1393,2021-03-22,LOM,40303,14291,26012,2521,2361,897,12172,255,193,20514,542,533,315,29759,10544,ITC,ITC4,3,Lombardia,Lombardia,10060574,2444898,24.3,0.4
1394,2021-02-05,LOM,25602,7437,18165,14474,6221,4525,7,19,11,260,2,2,81,2384,23218,ITC,ITC4,3,Lombardia,Lombardia,10060574,2470500,24.56,0.25
1395,2021-04-10,LOM,52369,21696,30673,876,859,315,1465,513,3044,38948,6035,61,253,40576,11793,ITC,ITC4,3,Lombardia,Lombardia,10060574,2522869,25.08,0.52
1396,2021-03-23,LOM,42516,15403,27113,2266,2337,1322,12511,430,584,21381,770,405,510,29639,12877,ITC,ITC4,3,Lombardia,Lombardia,10060574,2565385,25.5,0.42
1397,2021-01-30,LOM,12323,4570,7753,9911,2119,161,1,18,2,8,1,1,101,174,12149,ITC,ITC4,3,Lombardia,Lombardia,10060574,2577708,25.62,0.12
1398,2021-05-09,LOM,69511,32809,36702,1727,731,18,359,28234,12540,1421,20611,145,3725,56427,13084,ITC,ITC4,3,Lombardia,Lombardia,10060574,2647219,26.31,0.69
1399,2021-04-26,LOM,87916,40913,47003,624,363,320,383,22157,30879,18611,13747,205,627,68760,19156,ITC,ITC4,3,Lombardia,Lombardia,10060574,2735135,27.19,0.87
1400,2021-05-23,LOM,60656,28887,31769,939,549,38,523,13632,8298,988,25185,418,10086,26738,33918,ITC,ITC4,3,Lombardia,Lombardia,10060574,2795791,27.79,0.6
1401,2021-01-24,LOM,1201,459,742,832,136,36,0,8,2,1,1,0,185,537,664,ITC,ITC4,3,Lombardia,Lombardia,10060574,2796992,27.8,0.01
1402,2021-01-05,LOM,7821,2566,5255,6273,1208,174,0,29,4,8,0,0,125,7821,0,ITC,ITC4,3,Lombardia,Lombardia,10060574,2804813,27.88,0.08
1403,2021-04-01,LOM,42871,17193,25678,2720,2085,1283,5754,826,1647,25241,2772,135,408,26740,16131,ITC,ITC4,3,Lombardia,Lombardia,10060574,2847684,28.31,0.43
1404,2021-04-15,LOM,49363,21831,27532,1120,642,1083,653,285,25706,12815,6745,97,217,35553,13810,ITC,ITC4,3,Lombardia,Lombardia,10060574,2897047,28.8,0.49
1405,2021-03-27,LOM,32323,12318,20005,1973,2426,323,6666,406,611,18297,1193,71,357,23719,8604,ITC,ITC4,3,Lombardia,Lombardia,10060574,2929370,29.12,0.32
1406,2021-03-01,LOM,18797,8232,10565,2720,1182,930,29,554,321,10863,3,1656,539,17092,1705,ITC,ITC4,3,Lombardia,Lombardia,10060574,2948167,29.3,0.19
1407,2021-01-18,LOM,9156,2968,6188,5197,1962,1852,0,16,13,54,5,2,55,8175,981,ITC,ITC4,3,Lombardia,Lombardia,10060574,2957323,29.4,0.09
1408,2021-02-22,LOM,11894,4808,7086,4235,1468,1028,28,13,22,4066,4,967,63,11586,308,ITC,ITC4,3,Lombardia,Lombardia,10060574,2969217,29.51,0.12
1409,2021-01-16,LOM,15417,5725,9692,8628,1392,1521,0,557,213,228,5,3,2870,15417,0,ITC,ITC4,3,Lombardia,Lombardia,10060574,2984634,29.67,0.15
1410,2021-04-03,LOM,36217,14852,21365,962,964,86,2241,1004,1551,27527,1657,80,145,26158,10059,ITC,ITC4,3,Lombardia,Lombardia,10060574,3020851,30.03,0.36
1411,2021-03-06,LOM,21316,9086,12230,4765,2181,451,1358,1899,1306,7524,7,1147,678,16801,4515,ITC,ITC4,3,Lombardia,Lombardia,10060574,3042167,30.24,0.21
1412,2021-04-30,LOM,116873,54627,62246,1735,731,788,1097,32517,27561,21009,28530,447,2458,89691,27182,ITC,ITC4,3,Lombardia,Lombardia,10060574,3159040,31.4,1.16
1413,2021-01-06,LOM,7061,2492,4569,5849,1107,38,2,24,1,0,0,0,40,7061,0,ITC,ITC4,3,Lombardia,Lombardia,10060574,3166101,31.47,0.07
1414,2021-03-20,LOM,32512,12152,20360,1991,2349,524,7861,155,140,18460,544,322,166,22660,9852,ITC,ITC4,3,Lombardia,Lombardia,10060574,3198613,31.79,0.32
1415,2021-02-24,LOM,14675,5928,8747,3596,1503,1787,24,36,44,6323,0,1204,158,13747,928,ITC,ITC4,3,Lombardia,Lombardia,10060574,3213288,31.94,0.15
1416,2021-04-09,LOM,52216,22287,29929,2240,1906,1257,3038,264,2344,34162,6457,97,451,36221,15995,ITC,ITC4,3,Lombardia,Lombardia,10060574,3265504,32.46,0.52
1417,2021-01-29,LOM,13439,4115,9324,10488,2325,573,0,5,3,9,1,0,35,655,12784,ITC,ITC4,3,Lombardia,Lombardia,10060574,3278943,32.59,0.13
1418,2021-05-04,LOM,86731,41035,45696,1902,544,353,365,34156,21563,4686,21246,257,1659,72397,14334,ITC,ITC4,3,Lombardia,Lombardia,10060574,3365674,33.45,0.86
1419,2021-05-16,LOM,68444,32390,36054,1566,790,13,313,20918,15790,1225,21172,276,6381,36483,31961,ITC,ITC4,3,Lombardia,Lombardia,10060574,3434118,34.13,0.68
1420,2021-02-16,LOM,9543,3086,6457,5851,2210,1395,19,13,4,10,7,8,26,9087,456,ITC,ITC4,3,Lombardia,Lombardia,10060574,3443661,34.23,0.09
1421,2021-01-09,LOM,12410,4573,7837,9527,2122,196,0,60,12,6,0,1,486,12410,0,ITC,ITC4,3,Lombardia,Lombardia,10060574,3456071,34.35,0.12
1422,2021-01-07,LOM,11761,3636,8125,8977,1797,814,1,14,8,37,2,1,110,11761,0,ITC,ITC4,3,Lombardia,Lombardia,10060574,3467832,34.47,0.12
1423,2021-05-11,LOM,86607,41326,45281,2725,737,432,532,29120,12798,3032,29178,1328,6725,60553,26054,ITC,ITC4,3,Lombardia,Lombardia,10060574,3554439,35.33,0.86
1424,2021-03-29,LOM,40012,15512,24500,2998,2164,455,8608,221,471,21747,2708,209,431,25181,14831,ITC,ITC4,3,Lombardia,Lombardia,10060574,3594451,35.73,0.4
1425,2021-02-20,LOM,9474,3905,5569,4314,1020,246,4,24,37,2919,2,871,37,9175,299,ITC,ITC4,3,Lombardia,Lombardia,10060574,3603925,35.82,0.09
1426,2021-04-11,LOM,32183,13937,18246,967,543,437,1215,231,715,23174,4023,795,83,24791,7392,ITC,ITC4,3,Lombardia,Lombardia,10060574,3636108,36.14,0.32
1427,2021-03-05,LOM,28989,11948,17041,7244,3082,1556,428,1294,2142,11075,16,1980,172,20585,8404,ITC,ITC4,3,Lombardia,Lombardia,10060574,3665097,36.43,0.29
1428,2021-05-20,LOM,93932,45400,48532,1796,834,480,861,25329,17963,2394,32915,1716,9644,31688,62244,ITC,ITC4,3,Lombardia,Lombardia,10060574,3759029,37.36,0.93
1429,2021-03-21,LOM,23577,8549,15028,1086,1632,441,9133,114,207,9738,198,756,272,18316,5261,ITC,ITC4,3,Lombardia,Lombardia,10060574,3782606,37.6,0.23
1430,2021-04-04,LOM,7617,3232,4385,204,263,68,206,199,347,5880,361,9,80,3718,3899,ITC,ITC4,3,Lombardia,Lombardia,10060574,3790223,37.67,0.08
1431,2020-12-29,LOM,104,44,60,103,1,0,0,0,0,0,0,0,0,104,0,ITC,ITC4,3,Lombardia,Lombardia,10060574,3790327,37.68,0.0
1432,2021-02-26,LOM,18367,7553,10814,3334,1716,1183,24,66,40,10587,7,1341,69,16516,1851,ITC,ITC4,3,Lombardia,Lombardia,10060574,3808694,37.86,0.18
1433,2021-03-26,LOM,41173,15615,25558,2731,2221,834,8659,252,555,22764,2469,256,432,28107,13066,ITC,ITC4,3,Lombardia,Lombardia,10060574,3849867,38.27,0.41
1434,2021-04-25,LOM,51410,23586,27824,424,144,12,287,10012,26890,4845,8341,154,301,46724,4686,ITC,ITC4,3,Lombardia,Lombardia,10060574,3901277,38.78,0.51
1435,2021-02-10,LOM,14392,4504,9888,8535,2365,3336,6,25,17,79,1,3,25,7572,6820,ITC,ITC4,3,Lombardia,Lombardia,10060574,3915669,38.92,0.14
1436,2021-04-27,LOM,85882,39937,45945,1095,457,288,356,22986,29402,14759,15620,308,611,69360,16522,ITC,ITC4,3,Lombardia,Lombardia,10060574,4001551,39.77,0.85
1437,2021-03-03,LOM,26931,11501,15430,6404,1784,1799,471,1269,1902,10224,12,2031,1035,19658,7273,ITC,ITC4,3,Lombardia,Lombardia,10060574,4028482,40.04,0.27
1438,2021-01-10,LOM,10518,3957,6561,8175,2197,85,1,4,1,12,5,2,36,10518,0,ITC,ITC4,3,Lombardia,Lombardia,10060574,4039000,40.15,0.1
1439,2021-02-23,LOM,11773,4792,6981,3960,1411,877,3,20,31,4312,1,992,166,11465,308,ITC,ITC4,3,Lombardia,Lombardia,10060574,4050773,40.26,0.12
1440,2021-01-13,LOM,26378,8053,18325,15838,5812,4294,1,28,14,200,4,3,184,26378,0,ITC,ITC4,3,Lombardia,Lombardia,10060574,4077151,40.53,0.26
1441,2021-03-14,LOM,14876,5349,9527,1520,1746,80,5450,99,117,5275,2,413,174,11590,3286,ITC,ITC4,3,Lombardia,Lombardia,10060574,4092027,40.67,0.15
1442,2021-04-23,LOM,73352,33267,40085,1410,609,716,348,12213,30431,15452,11467,237,469,56843,16509,ITC,ITC4,3,Lombardia,Lombardia,10060574,4165379,41.4,0.73
1443,2021-04-14,LOM,47118,21009,26109,935,748,677,786,295,24961,12489,5928,86,213,34151,12967,ITC,ITC4,3,Lombardia,Lombardia,10060574,4212497,41.87,0.47
1444,2021-05-15,LOM,80365,38583,41782,1367,433,66,329,23241,14984,2494,27948,1326,8177,47308,33057,ITC,ITC4,3,Lombardia,Lombardia,10060574,4292862,42.67,0.8
1445,2021-05-24,LOM,88720,43089,45631,2249,944,143,1979,14204,8914,1674,33720,1418,23475,49200,39520,ITC,ITC4,3,Lombardia,Lombardia,10060574,4381582,43.55,0.88
1446,2021-01-27,LOM,8045,2677,5368,6205,1338,434,2,22,3,1,0,0,40,821,7224,ITC,ITC4,3,Lombardia,Lombardia,10060574,4389627,43.63,0.08
1447,2021-02-12,LOM,13946,4355,9591,8116,2724,2957,3,7,8,102,3,5,21,9028,4918,ITC,ITC4,3,Lombardia,Lombardia,10060574,4403573,43.77,0.14
1448,2021-03-09,LOM,33237,12848,20389,6079,4097,2389,5484,434,352,12531,11,1464,396,25814,7423,ITC,ITC4,3,Lombardia,Lombardia,10060574,4436810,44.1,0.33
1449,2021-02-06,LOM,15258,5532,9726,9862,3034,1897,3,42,13,75,2,1,329,1068,14190,ITC,ITC4,3,Lombardia,Lombardia,10060574,4452068,44.25,0.15
1450,2021-05-05,LOM,87699,41819,45880,2334,576,472,356,33944,18053,4574,22513,232,4645,72555,15144,ITC,ITC4,3,Lombardia,Lombardia,10060574,4539767,45.12,0.87
1451,2021-01-25,LOM,7025,2372,4653,5633,941,218,0,26,3,15,0,0,189,489,6536,ITC,ITC4,3,Lombardia,Lombardia,10060574,4546792,45.19,0.07
1452,2021-02-13,LOM,6416,2443,3973,4180,1466,709,4,7,6,17,3,4,20,4939,1477,ITC,ITC4,3,Lombardia,Lombardia,10060574,4553208,45.26,0.06
1453,2021-04-12,LOM,47223,20570,26653,1147,904,504,1678,314,24481,13824,4097,76,198,32893,14330,ITC,ITC4,3,Lombardia,Lombardia,10060574,4600431,45.73,0.47
1454,2021-04-16,LOM,53587,23889,29698,1736,722,1024,463,386,28378,13525,7029,113,211,39273,14314,ITC,ITC4,3,Lombardia,Lombardia,10060574,4654018,46.26,0.53
1455,2021-01-15,LOM,25206,7430,17776,13836,5917,4739,9,56,24,316,3,2,304,25206,0,ITC,ITC4,3,Lombardia,Lombardia,10060574,4679224,46.51,0.25
1456,2021-05-14,LOM,85389,41130,44259,2159,990,637,297,25369,12927,2817,30594,1193,8406,55475,29914,ITC,ITC4,3,Lombardia,Lombardia,10060574,4764613,47.36,0.85
1457,2021-05-22,LOM,69972,33579,36393,1146,697,30,1648,17095,9882,1790,25265,1715,10704,32295,37677,ITC,ITC4,3,Lombardia,Lombardia,10060574,4834585,48.05,0.7
1458,2021-01-02,LOM,199,72,127,178,16,0,0,1,0,0,0,0,4,199,0,ITC,ITC4,3,Lombardia,Lombardia,10060574,4834784,48.06,0.0
1459,2021-02-02,LOM,19849,6584,13265,13500,4508,1687,1,6,4,76,0,7,60,491,19358,ITC,ITC4,3,Lombardia,Lombardia,10060574,4854633,48.25,0.2
1460,2021-01-20,LOM,5608,1373,4235,2746,1177,1579,0,14,6,65,0,0,21,5493,115,ITC,ITC4,3,Lombardia,Lombardia,10060574,4860241,48.31,0.06
1461,2021-05-02,LOM,83496,38331,45165,779,368,35,467,23639,19768,18597,17828,288,1727,61036,22460,ITC,ITC4,3,Lombardia,Lombardia,10060574,4943737,49.14,0.83
1462,2021-03-11,LOM,36208,13467,22741,5876,3537,2192,6671,226,298,15645,9,1296,458,26310,9898,ITC,ITC4,3,Lombardia,Lombardia,10060574,4979945,49.5,0.36
1463,2021-01-11,LOM,16138,5352,10786,11832,3368,786,2,9,5,49,1,1,85,16138,0,ITC,ITC4,3,Lombardia,Lombardia,10060574,4996083,49.66,0.16
1464,2021-05-25,LOM,89915,43027,46888,1987,867,154,4496,15084,9617,1893,28016,1763,26038,44376,45539,ITC,ITC4,3,Lombardia,Lombardia,10060574,5085998,50.55,0.89
1465,2021-05-06,LOM,89673,42148,47525,2328,745,458,347,33163,17971,4881,24733,244,4803,73291,16382,ITC,ITC4,3,Lombardia,Lombardia,10060574,5175671,51.45,0.89
1466,2021-03-02,LOM,22847,9711,13136,3193,1456,2200,132,1113,378,11287,8,1849,1231,19812,3035,ITC,ITC4,3,Lombardia,Lombardia,10060574,5198518,51.67,0.23
1467,2021-04-07,LOM,50523,20876,29647,1738,1438,1187,2473,280,1912,36847,4204,68,376,34711,15812,ITC,ITC4,3,Lombardia,Lombardia,10060574,5249041,52.17,0.5
1468,2021-01-23,LOM,1114,357,757,644,259,138,0,8,6,1,0,0,58,916,198,ITC,ITC4,3,Lombardia,Lombardia,10060574,5250155,52.19,0.01
1469,2021-04-08,LOM,52323,21752,30571,2251,1369,927,1565,288,2274,37614,5467,69,499,35868,16455,ITC,ITC4,3,Lombardia,Lombardia,10060574,5302478,52.71,0.52
1470,2021-02-11,LOM,17043,5003,12040,9764,3335,3873,6,3,2,33,1,4,22,9699,7344,ITC,ITC4,3,Lombardia,Lombardia,10060574,5319521,52.87,0.17
1471,2021-04-29,LOM,115337,53529,61808,2101,760,631,413,30893,28557,24863,24763,303,2053,85557,29780,ITC,ITC4,3,Lombardia,Lombardia,10060574,5434858,54.02,1.15
1472,2021-01-14,LOM,26801,7782,19019,15231,5591,5476,2,34,14,262,3,1,187,26801,0,ITC,ITC4,3,Lombardia,Lombardia,10060574,5461659,54.29,0.27
1473,2021-05-12,LOM,87033,41556,45477,2447,772,449,364,30221,12391,2978,29529,1318,6564,59721,27312,ITC,ITC4,3,Lombardia,Lombardia,10060574,5548692,55.15,0.87
1474,2021-03-13,LOM,27165,9762,17403,3766,2789,286,8143,222,685,10343,17,639,275,21071,6094,ITC,ITC4,3,Lombardia,Lombardia,10060574,5575857,55.42,0.27
1475,2021-03-29,VEN,31390,13631,17759,634,427,519,447,934,5745,16996,3658,931,1099,27557,3833,ITH,ITH3,5,Veneto,Veneto,4905854,31390,0.64,0.64
1476,2021-03-09,VEN,16459,7378,9081,1355,358,749,2948,95,61,8546,687,1117,543,10142,6317,ITH,ITH3,5,Veneto,Veneto,4905854,47849,0.98,0.34
1477,2021-01-02,VEN,5743,1766,3977,4886,233,545,3,21,2,3,0,0,50,5743,0,ITH,ITH3,5,Veneto,Veneto,4905854,53592,1.09,0.12
1478,2021-03-15,VEN,16598,7263,9335,1390,773,430,1969,135,600,9249,1061,710,281,11381,5217,ITH,ITH3,5,Veneto,Veneto,4905854,70190,1.43,0.34
1479,2021-04-20,VEN,22399,9486,12913,551,120,519,155,811,4588,9826,5347,31,451,8405,13994,ITH,ITH3,5,Veneto,Veneto,4905854,92589,1.89,0.46
1480,2021-05-10,VEN,36321,16981,19340,560,882,114,4342,13965,2576,1094,3971,641,8176,26491,9830,ITH,ITH3,5,Veneto,Veneto,4905854,128910,2.63,0.74
1481,2021-02-05,VEN,8371,2534,5837,4474,1470,2163,14,63,21,8,1,6,151,1413,6958,ITH,ITH3,5,Veneto,Veneto,4905854,137281,2.8,0.17
1482,2021-04-23,VEN,31110,13784,17326,648,327,314,116,1005,13543,7148,7154,38,817,22413,8697,ITH,ITH3,5,Veneto,Veneto,4905854,168391,3.43,0.63
1483,2021-01-07,VEN,8358,2318,6040,5568,860,1802,2,38,18,35,0,0,35,8358,0,ITH,ITH3,5,Veneto,Veneto,4905854,176749,3.6,0.17
1484,2021-03-18,VEN,12605,5134,7471,1688,482,497,856,100,140,7504,1056,36,246,7379,5226,ITH,ITH3,5,Veneto,Veneto,4905854,189354,3.86,0.26
1485,2021-02-26,VEN,8288,3267,5021,1823,560,747,315,55,30,4380,145,91,142,7036,1252,ITH,ITH3,5,Veneto,Veneto,4905854,197642,4.03,0.17
1486,2021-03-21,VEN,11983,4754,7229,1602,1131,42,2532,123,201,4244,1639,179,290,8521,3462,ITH,ITH3,5,Veneto,Veneto,4905854,209625,4.27,0.24
1487,2021-03-11,VEN,19701,8771,10930,1840,983,889,3691,172,72,9323,728,1290,713,14120,5581,ITH,ITH3,5,Veneto,Veneto,4905854,229326,4.67,0.4
1488,2021-01-13,VEN,5985,1606,4379,2889,1129,1888,2,19,6,3,2,1,46,5985,0,ITH,ITH3,5,Veneto,Veneto,4905854,235311,4.8,0.12
1489,2021-02-23,VEN,7371,3247,4124,1106,205,245,189,48,21,5342,49,69,97,7105,266,ITH,ITH3,5,Veneto,Veneto,4905854,242682,4.95,0.15
1490,2021-03-01,VEN,9392,3714,5678,2146,432,954,2526,99,21,2607,164,277,166,7572,1820,ITH,ITH3,5,Veneto,Veneto,4905854,252074,5.14,0.19
1491,2021-02-17,VEN,6022,2772,3250,424,158,361,4,19,11,4946,26,5,68,5928,94,ITH,ITH3,5,Veneto,Veneto,4905854,258096,5.26,0.12
1492,2021-03-06,VEN,10633,4320,6313,3560,571,1491,1327,58,26,1971,1275,168,186,7365,3268,ITH,ITH3,5,Veneto,Veneto,4905854,268729,5.48,0.22
1493,2021-02-16,VEN,6638,2870,3768,730,242,479,3,16,14,5020,35,2,97,6461,177,ITH,ITH3,5,Veneto,Veneto,4905854,275367,5.61,0.14
1494,2021-01-22,VEN,1080,332,748,962,52,57,3,1,0,0,0,0,5,25,1055,ITH,ITH3,5,Veneto,Veneto,4905854,276447,5.64,0.02
1495,2021-01-29,VEN,9018,2788,6230,6202,1231,1438,6,56,18,4,0,2,61,367,8651,ITH,ITH3,5,Veneto,Veneto,4905854,285465,5.82,0.18
1496,2021-05-07,VEN,47869,22961,24908,1455,711,284,288,21734,8711,2522,7468,152,4544,39276,8593,ITH,ITH3,5,Veneto,Veneto,4905854,333334,6.79,0.98
1497,2021-04-17,VEN,22402,9078,13324,821,216,129,86,491,3478,10338,6547,16,280,15122,7280,ITH,ITH3,5,Veneto,Veneto,4905854,355736,7.25,0.46
1498,2021-04-22,VEN,31883,13878,18005,681,299,379,111,1019,13126,9313,6058,45,852,16137,15746,ITH,ITH3,5,Veneto,Veneto,4905854,387619,7.9,0.65
1499,2021-03-03,VEN,12043,4596,7447,3357,665,1242,2348,92,41,3377,145,447,329,8545,3498,ITH,ITH3,5,Veneto,Veneto,4905854,399662,8.15,0.25
1500,2021-03-31,VEN,38559,16208,22351,1899,664,808,411,1207,9275,18496,4205,483,1111,31066,7493,ITH,ITH3,5,Veneto,Veneto,4905854,438221,8.93,0.79
1501,2021-02-28,VEN,4136,1389,2747,1741,943,15,15,19,1,992,301,76,33,3299,837,ITH,ITH3,5,Veneto,Veneto,4905854,442357,9.02,0.08
1502,2021-02-04,VEN,7326,2017,5309,3587,1102,2384,6,30,15,21,2,0,179,553,6773,ITH,ITH3,5,Veneto,Veneto,4905854,449683,9.17,0.15
1503,2021-03-10,VEN,18934,8636,10298,1566,798,561,4151,165,86,9047,653,1320,587,13251,5683,ITH,ITH3,5,Veneto,Veneto,4905854,468617,9.55,0.39
1504,2021-01-31,VEN,4769,1562,3207,3754,562,379,4,13,2,5,2,12,36,392,4377,ITH,ITH3,5,Veneto,Veneto,4905854,473386,9.65,0.1
1505,2021-02-21,VEN,4633,1209,3424,494,2,18,3696,0,0,417,0,2,4,4628,5,ITH,ITH3,5,Veneto,Veneto,4905854,478019,9.74,0.09
1506,2021-02-09,VEN,5246,1890,3356,3099,644,1270,6,32,10,21,1,1,162,3446,1800,ITH,ITH3,5,Veneto,Veneto,4905854,483265,9.85,0.11
1507,2021-01-26,VEN,6918,2091,4827,5366,522,977,5,7,3,0,0,1,37,153,6765,ITH,ITH3,5,Veneto,Veneto,4905854,490183,9.99,0.14
1508,2021-05-17,VEN,26286,12903,13383,247,146,82,735,6249,5223,811,3017,373,9403,16402,9884,ITH,ITH3,5,Veneto,Veneto,4905854,516469,10.53,0.54
1509,2021-03-17,VEN,14642,5991,8651,2253,505,318,700,118,192,8778,1430,26,322,7848,6794,ITH,ITH3,5,Veneto,Veneto,4905854,531111,10.83,0.3
1510,2021-03-14,VEN,15165,5934,9231,3410,1137,100,3660,142,1441,3750,996,276,253,14271,894,ITH,ITH3,5,Veneto,Veneto,4905854,546276,11.14,0.31
1511,2021-01-09,VEN,7927,2539,5388,5244,978,1573,6,34,4,3,23,12,50,7927,0,ITH,ITH3,5,Veneto,Veneto,4905854,554203,11.3,0.16
1512,2021-04-13,VEN,14012,6315,7697,754,176,302,66,330,2268,5162,4546,26,382,8522,5490,ITH,ITH3,5,Veneto,Veneto,4905854,568215,11.58,0.29
1513,2021-02-07,VEN,2315,862,1453,1974,238,50,2,12,3,2,0,7,27,714,1601,ITH,ITH3,5,Veneto,Veneto,4905854,570530,11.63,0.05
1514,2021-01-04,VEN,6736,2033,4703,5342,426,912,6,12,2,1,0,0,35,6736,0,ITH,ITH3,5,Veneto,Veneto,4905854,577266,11.77,0.14
1515,2021-01-18,VEN,2762,776,1986,1223,478,992,1,11,4,8,0,1,44,2563,199,ITH,ITH3,5,Veneto,Veneto,4905854,580028,11.82,0.06
1516,2020-12-30,VEN,699,245,454,598,52,39,2,0,0,0,0,0,8,699,0,ITH,ITH3,5,Veneto,Veneto,4905854,580727,11.84,0.01
1517,2020-12-31,VEN,3219,1042,2177,2806,94,252,2,23,0,0,0,0,42,3219,0,ITH,ITH3,5,Veneto,Veneto,4905854,583946,11.9,0.07
1518,2021-03-12,VEN,18570,8123,10447,2138,1340,755,3516,189,115,8049,862,1011,595,11824,6746,ITH,ITH3,5,Veneto,Veneto,4905854,602516,12.28,0.38
1519,2021-02-01,VEN,8557,2500,6057,4422,1543,2136,10,64,25,267,0,0,90,161,8396,ITH,ITH3,5,Veneto,Veneto,4905854,611073,12.46,0.17
1520,2021-01-19,VEN,1309,472,837,726,218,326,0,5,3,7,1,0,23,1159,150,ITH,ITH3,5,Veneto,Veneto,4905854,612382,12.48,0.03
1521,2021-04-05,VEN,19137,8367,10770,661,392,327,176,332,9870,5510,1713,22,134,13697,5440,ITH,ITH3,5,Veneto,Veneto,4905854,631519,12.87,0.39
1522,2021-01-03,VEN,5157,1562,3595,4613,255,249,2,7,1,0,0,0,30,5157,0,ITH,ITH3,5,Veneto,Veneto,4905854,636676,12.98,0.11
1523,2021-05-04,VEN,42677,20214,22463,526,145,110,2369,21960,6957,1578,6502,47,2483,34704,7973,ITH,ITH3,5,Veneto,Veneto,4905854,679353,13.85,0.87
1524,2021-01-21,VEN,2291,719,1572,2052,74,141,3,10,0,0,0,0,11,21,2270,ITH,ITH3,5,Veneto,Veneto,4905854,681644,13.89,0.05
1525,2021-03-30,VEN,35869,15222,20647,872,407,592,479,1474,8618,16802,4771,564,1290,30620,5249,ITH,ITH3,5,Veneto,Veneto,4905854,717513,14.63,0.73
1526,2021-02-03,VEN,5939,1665,4274,2951,1142,1750,6,20,8,3,4,0,55,481,5458,ITH,ITH3,5,Veneto,Veneto,4905854,723452,14.75,0.12
1527,2021-01-30,VEN,8747,2672,6075,6337,1029,1235,9,47,4,4,3,13,66,693,8054,ITH,ITH3,5,Veneto,Veneto,4905854,732199,14.93,0.18
1528,2021-02-06,VEN,4094,1354,2740,3097,542,367,4,18,5,3,0,1,57,708,3386,ITH,ITH3,5,Veneto,Veneto,4905854,736293,15.01,0.08
1529,2021-03-23,VEN,22147,10186,11961,1303,1131,678,2868,257,5282,6686,2366,1047,529,17428,4719,ITH,ITH3,5,Veneto,Veneto,4905854,758440,15.46,0.45
1530,2021-03-22,VEN,18088,8132,9956,1478,1155,549,2494,204,2766,6698,1617,783,344,13045,5043,ITH,ITH3,5,Veneto,Veneto,4905854,776528,15.83,0.37
1531,2021-03-24,VEN,22020,9504,12516,1215,1051,807,3108,249,1506,10424,2228,970,462,15212,6808,ITH,ITH3,5,Veneto,Veneto,4905854,798548,16.28,0.45
1532,2021-04-02,VEN,23972,10549,13423,1216,511,384,299,475,7247,9630,3576,210,424,17641,6331,ITH,ITH3,5,Veneto,Veneto,4905854,822520,16.77,0.49
1533,2021-02-13,VEN,3267,1474,1793,1591,198,1439,1,10,4,3,1,0,20,3247,20,ITH,ITH3,5,Veneto,Veneto,4905854,825787,16.83,0.07
1534,2021-05-01,VEN,38699,18171,20528,492,181,43,274,19001,6480,4343,6054,35,1796,29779,8920,ITH,ITH3,5,Veneto,Veneto,4905854,864486,17.62,0.79
1535,2021-01-24,VEN,4117,1219,2898,3768,94,222,4,2,1,1,1,0,24,28,4089,ITH,ITH3,5,Veneto,Veneto,4905854,868603,17.71,0.08
1536,2021-04-16,VEN,24415,10479,13936,783,305,444,126,511,5880,9996,5814,35,521,12532,11883,ITH,ITH3,5,Veneto,Veneto,4905854,893018,18.2,0.5
1537,2021-04-10,VEN,27444,11971,15473,595,315,407,115,407,9506,10752,5014,15,318,18963,8481,ITH,ITH3,5,Veneto,Veneto,4905854,920462,18.76,0.56
1538,2021-04-19,VEN,21526,8917,12609,967,186,287,202,532,3096,11457,4450,22,327,5116,16410,ITH,ITH3,5,Veneto,Veneto,4905854,941988,19.2,0.44
1539,2021-05-23,VEN,34385,16425,17960,491,330,8,1321,13745,4451,218,3658,176,9987,11075,23310,ITH,ITH3,5,Veneto,Veneto,4905854,976373,19.9,0.7
1540,2021-05-06,VEN,46395,21761,24634,641,231,307,1858,25380,6552,2448,6181,117,2680,37983,8412,ITH,ITH3,5,Veneto,Veneto,4905854,1022768,20.85,0.95
1541,2021-02-08,VEN,4976,1541,3435,2824,785,1178,4,34,9,12,1,0,129,1929,3047,ITH,ITH3,5,Veneto,Veneto,4905854,1027744,20.95,0.1
1542,2021-02-22,VEN,7013,3040,3973,758,138,362,245,22,15,5400,40,1,32,6626,387,ITH,ITH3,5,Veneto,Veneto,4905854,1034757,21.09,0.14
1543,2021-05-08,VEN,41104,18609,22495,877,223,18,2411,17936,4250,4848,5302,253,4986,29327,11777,ITH,ITH3,5,Veneto,Veneto,4905854,1075861,21.93,0.84
1544,2021-03-04,VEN,12917,4827,8090,3220,873,1427,2833,85,56,3415,318,472,218,9447,3470,ITH,ITH3,5,Veneto,Veneto,4905854,1088778,22.19,0.26
1545,2021-05-12,VEN,36044,17444,18600,626,231,193,466,11989,3780,1109,3344,243,14063,31006,5038,ITH,ITH3,5,Veneto,Veneto,4905854,1124822,22.93,0.73
1546,2021-04-29,VEN,50215,23357,26858,657,219,439,218,22228,10696,5666,7947,163,1982,37023,13192,ITH,ITH3,5,Veneto,Veneto,4905854,1175037,23.95,1.02
1547,2021-01-01,VEN,1528,471,1057,1514,7,1,3,0,0,0,0,0,3,1528,0,ITH,ITH3,5,Veneto,Veneto,4905854,1176565,23.98,0.03
1548,2021-01-27,VEN,7138,2062,5076,5406,721,879,9,79,23,2,0,0,19,241,6897,ITH,ITH3,5,Veneto,Veneto,4905854,1183703,24.13,0.15
1549,2021-04-18,VEN,17518,7255,10263,520,158,69,110,369,2318,7344,6384,14,232,9946,7572,ITH,ITH3,5,Veneto,Veneto,4905854,1201221,24.49,0.36
1550,2021-05-18,VEN,26540,12378,14162,305,410,106,1386,5897,6668,2453,2533,362,6420,13200,13340,ITH,ITH3,5,Veneto,Veneto,4905854,1227761,25.03,0.54
1551,2021-04-27,VEN,28077,12737,15340,864,226,287,75,2991,13428,4553,4993,47,613,21160,6917,ITH,ITH3,5,Veneto,Veneto,4905854,1255838,25.6,0.57
1552,2020-12-27,VEN,880,395,485,875,1,0,1,0,1,0,0,0,2,880,0,ITH,ITH3,5,Veneto,Veneto,4905854,1256718,25.62,0.02
1553,2021-01-05,VEN,7330,2182,5148,5472,662,1123,5,20,2,1,0,2,43,7330,0,ITH,ITH3,5,Veneto,Veneto,4905854,1264048,25.77,0.15
1554,2021-01-20,VEN,1038,368,670,695,116,213,1,4,1,2,0,0,6,386,652,ITH,ITH3,5,Veneto,Veneto,4905854,1265086,25.79,0.02
1555,2021-02-02,VEN,6485,1874,4611,3000,1137,2007,3,25,13,208,6,0,86,392,6093,ITH,ITH3,5,Veneto,Veneto,4905854,1271571,25.92,0.13
1556,2021-05-21,VEN,44230,21710,22520,494,552,104,733,17826,6334,729,3951,239,13268,20776,23454,ITH,ITH3,5,Veneto,Veneto,4905854,1315801,26.82,0.9
1557,2021-05-26,VEN,20864,10111,10753,189,158,66,1769,5217,3137,234,2382,609,7103,8589,12275,ITH,ITH3,5,Veneto,Veneto,4905854,1336665,27.25,0.43
1558,2021-04-03,VEN,21891,9605,12286,1871,299,150,131,368,6150,8254,4139,31,498,14175,7716,ITH,ITH3,5,Veneto,Veneto,4905854,1358556,27.69,0.45
1559,2021-01-28,VEN,9209,2662,6547,6587,1083,1451,5,37,2,7,2,0,35,173,9036,ITH,ITH3,5,Veneto,Veneto,4905854,1367765,27.88,0.19
1560,2021-04-21,VEN,32286,13169,19117,997,306,398,123,651,10545,13422,5308,16,520,16217,16069,ITH,ITH3,5,Veneto,Veneto,4905854,1400051,28.54,0.66
1561,2021-04-08,VEN,32305,14342,17963,1159,389,592,443,839,11165,10108,6996,121,493,24433,7872,ITH,ITH3,5,Veneto,Veneto,4905854,1432356,29.2,0.66
1562,2021-05-05,VEN,43835,21029,22806,465,197,137,852,21620,10270,1545,6057,45,2647,37324,6511,ITH,ITH3,5,Veneto,Veneto,4905854,1476191,30.09,0.89
1563,2021-05-09,VEN,34899,16047,18852,427,500,16,1890,14625,3016,3107,6236,137,4945,24844,10055,ITH,ITH3,5,Veneto,Veneto,4905854,1511090,30.8,0.71
1564,2021-01-10,VEN,5032,1671,3361,3893,565,462,1,9,2,4,0,2,94,5032,0,ITH,ITH3,5,Veneto,Veneto,4905854,1516122,30.9,0.1
1565,2021-04-24,VEN,24730,10818,13912,606,263,106,62,640,10476,7109,4864,17,587,15652,9078,ITH,ITH3,5,Veneto,Veneto,4905854,1540852,31.41,0.5
1566,2021-02-18,VEN,5828,2455,3373,976,265,667,8,32,15,3797,4,1,63,5764,64,ITH,ITH3,5,Veneto,Veneto,4905854,1546680,31.53,0.12
1567,2021-02-27,VEN,8987,2691,6296,2322,180,65,4154,35,14,1964,32,86,135,8140,847,ITH,ITH3,5,Veneto,Veneto,4905854,1555667,31.71,0.18
1568,2021-05-11,VEN,32835,16382,16453,310,206,91,435,11961,3607,880,3880,210,11255,28163,4672,ITH,ITH3,5,Veneto,Veneto,4905854,1588502,32.38,0.67
1569,2021-04-04,VEN,7775,3531,4244,24,40,1,13,127,4953,1318,1257,2,40,6624,1151,ITH,ITH3,5,Veneto,Veneto,4905854,1596277,32.54,0.16
1570,2021-02-25,VEN,7899,3339,4560,1548,343,476,298,33,35,4936,21,109,100,7294,605,ITH,ITH3,5,Veneto,Veneto,4905854,1604176,32.7,0.16
1571,2021-03-26,VEN,29541,13115,16426,1296,1756,1232,1923,444,8146,9812,3173,1024,735,24074,5467,ITH,ITH3,5,Veneto,Veneto,4905854,1633717,33.3,0.6
1572,2021-04-28,VEN,32359,15153,17206,701,245,597,95,4545,15713,2797,6508,36,1122,23340,9019,ITH,ITH3,5,Veneto,Veneto,4905854,1666076,33.96,0.66
1573,2021-03-16,VEN,12516,5347,7169,1480,385,515,129,123,112,7720,1769,21,262,6902,5614,ITH,ITH3,5,Veneto,Veneto,4905854,1678592,34.22,0.26
1574,2021-02-19,VEN,7322,3140,4182,1561,574,665,9,33,17,4366,5,4,88,7119,203,ITH,ITH3,5,Veneto,Veneto,4905854,1685914,34.37,0.15
1575,2021-01-06,VEN,8132,2385,5747,6514,673,808,10,72,24,2,2,2,25,8132,0,ITH,ITH3,5,Veneto,Veneto,4905854,1694046,34.53,0.17
1576,2021-01-08,VEN,9403,2835,6568,6134,1322,1806,12,59,18,4,1,1,46,9403,0,ITH,ITH3,5,Veneto,Veneto,4905854,1703449,34.72,0.19
1577,2021-02-14,VEN,125,56,69,97,22,0,0,1,0,0,0,0,5,112,13,ITH,ITH3,5,Veneto,Veneto,4905854,1703574,34.73,0.0
1578,2021-05-03,VEN,40559,19752,20807,322,132,101,716,22087,6094,1662,6874,29,2542,34141,6418,ITH,ITH3,5,Veneto,Veneto,4905854,1744133,35.55,0.83
1579,2021-05-13,VEN,43616,21513,22103,500,238,103,564,10168,7066,1149,3775,114,19939,33894,9722,ITH,ITH3,5,Veneto,Veneto,4905854,1787749,36.44,0.89
1580,2021-01-16,VEN,4611,1542,3069,3201,670,657,0,13,6,0,0,1,63,4611,0,ITH,ITH3,5,Veneto,Veneto,4905854,1792360,36.54,0.09
1581,2021-03-20,VEN,12943,5340,7603,710,269,320,2412,137,1618,4728,2100,218,431,10848,2095,ITH,ITH3,5,Veneto,Veneto,4905854,1805303,36.8,0.26
1582,2021-03-19,VEN,13790,5668,8122,2164,866,516,727,145,127,7564,1254,55,372,7697,6093,ITH,ITH3,5,Veneto,Veneto,4905854,1819093,37.08,0.28
1583,2021-05-14,VEN,46175,21970,24205,616,229,174,940,7293,11637,3748,5473,197,15868,25590,20585,ITH,ITH3,5,Veneto,Veneto,4905854,1865268,38.02,0.94
1584,2021-04-26,VEN,20703,9447,11256,465,157,122,87,877,10662,3018,4655,49,611,15557,5146,ITH,ITH3,5,Veneto,Veneto,4905854,1885971,38.44,0.42
1585,2021-05-19,VEN,31974,14674,17300,430,537,180,1679,7052,6520,3447,2826,301,9002,16401,15573,ITH,ITH3,5,Veneto,Veneto,4905854,1917945,39.1,0.65
1586,2021-04-06,VEN,28869,13270,15599,445,204,388,106,514,16801,5347,4777,69,218,23795,5074,ITH,ITH3,5,Veneto,Veneto,4905854,1946814,39.68,0.59
1587,2021-05-24,VEN,32416,16024,16392,215,256,35,2278,12865,4180,366,3565,591,8065,7660,24756,ITH,ITH3,5,Veneto,Veneto,4905854,1979230,40.34,0.66
1588,2021-04-01,VEN,25042,10983,14059,1057,604,602,162,636,7191,9819,4156,291,524,18656,6386,ITH,ITH3,5,Veneto,Veneto,4905854,2004272,40.85,0.51
1589,2021-01-17,VEN,1933,781,1152,1589,193,120,2,3,1,3,0,0,22,1584,349,ITH,ITH3,5,Veneto,Veneto,4905854,2006205,40.89,0.04
1590,2021-02-24,VEN,8613,3678,4935,1592,417,521,14,34,28,5591,41,273,102,8128,485,ITH,ITH3,5,Veneto,Veneto,4905854,2014818,41.07,0.18
1591,2021-04-25,VEN,18310,8146,10164,354,94,112,59,407,9084,4044,3918,4,234,13477,4833,ITH,ITH3,5,Veneto,Veneto,4905854,2033128,41.44,0.37
1592,2021-03-28,VEN,31248,13584,17664,1468,1447,172,2445,1125,8567,9242,3872,56,2854,27613,3635,ITH,ITH3,5,Veneto,Veneto,4905854,2064376,42.08,0.64
1593,2021-02-12,VEN,4314,1447,2867,2772,444,692,8,39,14,6,0,4,335,3742,572,ITH,ITH3,5,Veneto,Veneto,4905854,2068690,42.17,0.09
1594,2021-01-25,VEN,6468,2075,4393,5137,377,904,2,10,2,6,0,0,30,159,6309,ITH,ITH3,5,Veneto,Veneto,4905854,2075158,42.3,0.13
1595,2021-03-05,VEN,13284,4978,8306,3646,694,1468,2979,100,50,3090,475,353,429,9623,3661,ITH,ITH3,5,Veneto,Veneto,4905854,2088442,42.57,0.27
1596,2021-05-16,VEN,28396,14002,14394,502,188,37,241,6104,5290,662,3368,28,11976,21319,7077,ITH,ITH3,5,Veneto,Veneto,4905854,2116838,43.15,0.58
1597,2021-01-11,VEN,7238,2101,5137,3687,1161,1958,8,55,22,254,6,0,87,7238,0,ITH,ITH3,5,Veneto,Veneto,4905854,2124076,43.3,0.15
1598,2021-01-15,VEN,5874,1819,4055,3124,992,1579,4,45,18,9,0,5,98,5874,0,ITH,ITH3,5,Veneto,Veneto,4905854,2129950,43.42,0.12
1599,2021-04-12,VEN,14901,6335,8566,698,121,122,940,274,2088,6047,4325,19,267,6684,8217,ITH,ITH3,5,Veneto,Veneto,4905854,2144851,43.72,0.3
1600,2021-03-08,VEN,13547,6193,7354,719,264,402,2949,68,54,7168,475,1149,299,9478,4069,ITH,ITH3,5,Veneto,Veneto,4905854,2158398,44.0,0.28
1601,2021-04-15,VEN,20814,8587,12227,776,256,494,688,414,3902,8827,5001,8,448,10011,10803,ITH,ITH3,5,Veneto,Veneto,4905854,2179212,44.42,0.42
1602,2021-05-25,VEN,26426,12580,13846,378,578,32,2761,4481,3212,465,3254,737,10528,11354,15072,ITH,ITH3,5,Veneto,Veneto,4905854,2205638,44.96,0.54
1603,2021-05-22,VEN,34518,16573,17945,448,253,16,1293,11511,4773,677,3512,66,11969,13254,21264,ITH,ITH3,5,Veneto,Veneto,4905854,2240156,45.66,0.7
1604,2021-04-30,VEN,49918,23441,26477,731,320,473,244,20451,10660,5600,9229,102,2108,34261,15657,ITH,ITH3,5,Veneto,Veneto,4905854,2290074,46.68,1.02
1605,2021-05-20,VEN,44084,20945,23139,403,205,225,1279,17754,6035,1607,3554,328,12694,20042,24042,ITH,ITH3,5,Veneto,Veneto,4905854,2334158,47.58,0.9
1606,2021-04-11,VEN,21002,8873,12129,1898,137,83,345,313,4346,8113,5486,11,270,14695,6307,ITH,ITH3,5,Veneto,Veneto,4905854,2355160,48.01,0.43
1607,2021-05-02,VEN,37162,17229,19933,697,175,21,535,18033,4833,4506,6541,21,1800,26838,10324,ITH,ITH3,5,Veneto,Veneto,4905854,2392322,48.76,0.76
1608,2021-01-14,VEN,7062,1924,5138,3351,1066,2489,4,23,7,17,1,0,104,7062,0,ITH,ITH3,5,Veneto,Veneto,4905854,2399384,48.91,0.14
1609,2021-04-07,VEN,35861,16094,19767,2017,688,757,358,931,18267,5565,6047,118,1113,28531,7330,ITH,ITH3,5,Veneto,Veneto,4905854,2435245,49.64,0.73
1610,2021-04-14,VEN,15869,6879,8990,818,268,186,138,384,3698,5536,4429,24,388,9242,6627,ITH,ITH3,5,Veneto,Veneto,4905854,2451114,49.96,0.32
1611,2021-03-02,VEN,11480,4620,6860,2943,797,1198,1872,83,33,3290,465,469,330,8174,3306,ITH,ITH3,5,Veneto,Veneto,4905854,2462594,50.2,0.23
1612,2021-01-23,VEN,4050,1246,2804,3423,173,436,3,3,2,1,1,0,8,31,4019,ITH,ITH3,5,Veneto,Veneto,4905854,2466644,50.28,0.08
1613,2021-04-09,VEN,31096,13692,17404,1755,915,616,198,897,8496,9861,7303,97,958,22759,8337,ITH,ITH3,5,Veneto,Veneto,4905854,2497740,50.91,0.63
1614,2021-03-07,VEN,4474,1755,2719,1911,197,26,833,22,7,982,388,49,59,3913,561,ITH,ITH3,5,Veneto,Veneto,4905854,2502214,51.0,0.09
1615,2021-02-11,VEN,4013,1238,2775,2661,390,804,8,17,8,10,6,2,107,3385,628,ITH,ITH3,5,Veneto,Veneto,4905854,2506227,51.09,0.08
1616,2021-01-12,VEN,5230,1516,3714,2275,856,1753,5,23,16,176,2,0,124,5230,0,ITH,ITH3,5,Veneto,Veneto,4905854,2511457,51.19,0.11
1617,2021-05-15,VEN,36004,17408,18596,616,259,45,1585,7085,4212,1774,4764,71,15593,26096,9908,ITH,ITH3,5,Veneto,Veneto,4905854,2547461,51.93,0.73
1618,2021-03-27,VEN,32049,13988,18061,2285,1675,197,1581,632,7033,12305,4042,222,2077,26243,5806,ITH,ITH3,5,Veneto,Veneto,4905854,2579510,52.58,0.65
1619,2021-03-13,VEN,17177,7258,9919,2682,1778,109,4042,255,210,4813,2105,464,719,14044,3133,ITH,ITH3,5,Veneto,Veneto,4905854,2596687,52.93,0.35
1620,2021-02-10,VEN,4751,1588,3163,3176,561,783,2,43,18,6,1,0,161,3697,1054,ITH,ITH3,5,Veneto,Veneto,4905854,2601438,53.03,0.1
1621,2021-02-15,VEN,4386,1821,2565,486,84,383,2,18,9,3272,55,14,63,4146,240,ITH,ITH3,5,Veneto,Veneto,4905854,2605824,53.12,0.09
1622,2021-03-25,VEN,25832,10950,14882,1537,1439,1025,2262,331,5619,9922,2253,842,602,19712,6120,ITH,ITH3,5,Veneto,Veneto,4905854,2631656,53.64,0.53
1623,2021-02-20,VEN,6424,2014,4410,1905,114,100,3245,29,11,968,3,6,43,6353,71,ITH,ITH3,5,Veneto,Veneto,4905854,2638080,53.77,0.13
1624,2021-04-07,FVG,7494,3321,4173,341,297,114,34,5,2713,2095,1875,13,7,6713,781,ITH,ITH4,6,Friuli-Venezia Giulia,Friuli Venezia Giulia,1215220,7494,0.62,0.62
1625,2021-02-27,FVG,3527,1200,2327,201,140,4,1609,1,0,1520,27,25,0,3526,1,ITH,ITH4,6,Friuli-Venezia Giulia,Friuli Venezia Giulia,1215220,11021,0.91,0.29
1626,2021-05-11,FVG,8850,4237,4613,110,71,8,569,3089,1013,811,2492,73,614,7062,1788,ITH,ITH4,6,Friuli-Venezia Giulia,Friuli Venezia Giulia,1215220,19871,1.64,0.73
1627,2021-01-02,FVG,1216,470,746,1149,67,0,0,0,0,0,0,0,0,1216,0,ITH,ITH4,6,Friuli-Venezia Giulia,Friuli Venezia Giulia,1215220,21087,1.74,0.1
1628,2021-01-24,FVG,305,119,186,277,27,1,0,0,0,0,0,0,0,1,304,ITH,ITH4,6,Friuli-Venezia Giulia,Friuli Venezia Giulia,1215220,21392,1.76,0.03
1629,2021-01-14,FVG,2584,789,1795,1605,550,429,0,0,0,0,0,0,0,2584,0,ITH,ITH4,6,Friuli-Venezia Giulia,Friuli Venezia Giulia,1215220,23976,1.97,0.21
1630,2021-01-07,FVG,2090,717,1373,1760,221,109,0,0,0,0,0,0,0,2090,0,ITH,ITH4,6,Friuli-Venezia Giulia,Friuli Venezia Giulia,1215220,26066,2.14,0.17
1631,2021-04-28,FVG,7244,3194,4050,255,131,39,4,357,2047,1825,2544,3,39,3780,3464,ITH,ITH4,6,Friuli-Venezia Giulia,Friuli Venezia Giulia,1215220,33310,2.74,0.6
1632,2021-03-04,FVG,3445,1595,1850,365,216,108,403,1,1,1814,33,504,0,2787,658,ITH,ITH4,6,Friuli-Venezia Giulia,Friuli Venezia Giulia,1215220,36755,3.02,0.28
1633,2021-01-08,FVG,2322,747,1575,1680,242,396,0,1,0,0,0,0,3,2322,0,ITH,ITH4,6,Friuli-Venezia Giulia,Friuli Venezia Giulia,1215220,39077,3.22,0.19
1634,2021-04-19,FVG,6705,3131,3574,195,155,38,29,263,1102,1767,3144,2,10,3293,3412,ITH,ITH4,6,Friuli-Venezia Giulia,Friuli Venezia Giulia,1215220,45782,3.77,0.55
1635,2021-03-26,FVG,5798,2424,3374,497,213,233,752,22,650,2047,1263,88,33,3787,2011,ITH,ITH4,6,Friuli-Venezia Giulia,Friuli Venezia Giulia,1215220,51580,4.24,0.48
1636,2021-02-19,FVG,3251,1289,1962,566,308,315,427,0,0,1588,11,35,1,2824,427,ITH,ITH4,6,Friuli-Venezia Giulia,Friuli Venezia Giulia,1215220,54831,4.51,0.27
1637,2021-02-18,FVG,3217,1492,1725,229,122,331,983,0,0,1502,16,34,0,2811,406,ITH,ITH4,6,Friuli-Venezia Giulia,Friuli Venezia Giulia,1215220,58048,4.78,0.26
1638,2021-05-12,FVG,10619,4910,5709,135,78,31,447,2888,1863,499,3729,52,897,9265,1354,ITH,ITH4,6,Friuli-Venezia Giulia,Friuli Venezia Giulia,1215220,68667,5.65,0.87
1639,2021-02-20,FVG,2068,933,1135,11,1,148,306,0,2,1584,16,0,0,1924,144,ITH,ITH4,6,Friuli-Venezia Giulia,Friuli Venezia Giulia,1215220,70735,5.82,0.17
1640,2021-02-08,FVG,2357,694,1663,1401,521,435,0,0,0,0,0,0,0,92,2265,ITH,ITH4,6,Friuli-Venezia Giulia,Friuli Venezia Giulia,1215220,73092,6.01,0.19
1641,2021-05-21,FVG,10893,4848,6045,151,134,77,1333,1964,1066,594,2740,85,2749,8054,2839,ITH,ITH4,6,Friuli-Venezia Giulia,Friuli Venezia Giulia,1215220,83985,6.91,0.9
1642,2021-05-24,FVG,10845,5212,5633,68,91,16,817,2341,830,246,3087,252,3097,7461,3384,ITH,ITH4,6,Friuli-Venezia Giulia,Friuli Venezia Giulia,1215220,94830,7.8,0.89
1643,2021-01-27,FVG,1272,425,847,851,357,64,0,0,0,0,0,0,0,450,822,ITH,ITH4,6,Friuli-Venezia Giulia,Friuli Venezia Giulia,1215220,96102,7.91,0.1
1644,2021-03-12,FVG,3938,1544,2394,178,63,47,589,1,5,2861,93,101,0,2557,1381,ITH,ITH4,6,Friuli-Venezia Giulia,Friuli Venezia Giulia,1215220,100040,8.23,0.32
1645,2021-02-13,FVG,567,179,388,337,230,0,0,0,0,0,0,0,0,561,6,ITH,ITH4,6,Friuli-Venezia Giulia,Friuli Venezia Giulia,1215220,100607,8.28,0.05
1646,2021-02-01,FVG,2096,688,1408,1590,372,134,0,0,0,0,0,0,0,16,2080,ITH,ITH4,6,Friuli-Venezia Giulia,Friuli Venezia Giulia,1215220,102703,8.45,0.17
1647,2021-01-18,FVG,1961,606,1355,1359,492,110,0,0,0,0,0,0,0,1867,94,ITH,ITH4,6,Friuli-Venezia Giulia,Friuli Venezia Giulia,1215220,104664,8.61,0.16
1648,2021-05-18,FVG,10507,5246,5261,208,192,63,396,2129,774,216,2605,487,3437,8509,1998,ITH,ITH4,6,Friuli-Venezia Giulia,Friuli Venezia Giulia,1215220,115171,9.48,0.86
1649,2021-04-30,FVG,7293,3214,4079,339,238,75,8,324,1141,1733,3381,3,51,3680,3613,ITH,ITH4,6,Friuli-Venezia Giulia,Friuli Venezia Giulia,1215220,122464,10.08,0.6
1650,2021-02-12,FVG,1193,428,765,671,389,127,1,0,1,2,1,0,1,1146,47,ITH,ITH4,6,Friuli-Venezia Giulia,Friuli Venezia Giulia,1215220,123657,10.18,0.1
1651,2021-04-15,FVG,6486,2859,3627,222,65,82,6,249,1118,1956,2765,1,22,5216,1270,ITH,ITH4,6,Friuli-Venezia Giulia,Friuli Venezia Giulia,1215220,130143,10.71,0.53
1652,2021-03-08,FVG,4065,1594,2471,694,513,140,436,0,7,2190,22,63,0,1977,2088,ITH,ITH4,6,Friuli-Venezia Giulia,Friuli Venezia Giulia,1215220,134208,11.04,0.33
1653,2021-05-04,FVG,9501,4283,5218,264,97,26,14,515,1598,1549,5425,6,7,6150,3351,ITH,ITH4,6,Friuli-Venezia Giulia,Friuli Venezia Giulia,1215220,143709,11.83,0.78
1654,2021-05-16,FVG,9934,4756,5178,233,73,16,606,2049,933,92,2634,364,2934,8543,1391,ITH,ITH4,6,Friuli-Venezia Giulia,Friuli Venezia Giulia,1215220,153643,12.64,0.82
1655,2021-04-10,FVG,4985,2164,2821,157,185,82,77,28,731,2081,1604,18,22,3760,1225,ITH,ITH4,6,Friuli-Venezia Giulia,Friuli Venezia Giulia,1215220,158628,13.05,0.41
1656,2021-03-22,FVG,3541,1343,2198,149,88,206,463,0,1,2470,155,6,3,1586,1955,ITH,ITH4,6,Friuli-Venezia Giulia,Friuli Venezia Giulia,1215220,162169,13.34,0.29
1657,2021-03-31,FVG,8030,3500,4530,170,108,293,878,5,2335,2159,1968,112,2,7185,845,ITH,ITH4,6,Friuli-Venezia Giulia,Friuli Venezia Giulia,1215220,170199,14.01,0.66
1658,2021-03-01,FVG,2957,1041,1916,92,81,176,950,1,1,1635,17,4,0,2905,52,ITH,ITH4,6,Friuli-Venezia Giulia,Friuli Venezia Giulia,1215220,173156,14.25,0.24
1659,2021-01-29,FVG,2414,814,1600,1856,321,237,0,0,0,0,0,0,0,264,2150,ITH,ITH4,6,Friuli-Venezia Giulia,Friuli Venezia Giulia,1215220,175570,14.45,0.2
1660,2021-04-02,FVG,6566,2915,3651,366,243,84,3,1,609,3133,2087,15,25,4733,1833,ITH,ITH4,6,Friuli-Venezia Giulia,Friuli Venezia Giulia,1215220,182136,14.99,0.54
1661,2021-05-06,FVG,11820,5494,6326,259,145,41,421,1717,1653,1595,5895,83,11,7869,3951,ITH,ITH4,6,Friuli-Venezia Giulia,Friuli Venezia Giulia,1215220,193956,15.96,0.97
1662,2021-02-22,FVG,2484,1193,1291,427,312,115,5,1,0,1366,13,245,0,2067,417,ITH,ITH4,6,Friuli-Venezia Giulia,Friuli Venezia Giulia,1215220,196440,16.16,0.2
1663,2021-02-28,FVG,2684,1002,1682,232,162,0,1495,0,0,405,1,389,0,2291,393,ITH,ITH4,6,Friuli-Venezia Giulia,Friuli Venezia Giulia,1215220,199124,16.39,0.22
1664,2021-02-25,FVG,3160,1651,1509,23,5,298,791,0,1,1555,12,475,0,3135,25,ITH,ITH4,6,Friuli-Venezia Giulia,Friuli Venezia Giulia,1215220,202284,16.65,0.26
1665,2021-05-17,FVG,8578,3975,4603,281,176,19,302,1918,1357,459,2659,45,1362,6284,2294,ITH,ITH4,6,Friuli-Venezia Giulia,Friuli Venezia Giulia,1215220,210862,17.35,0.71
1666,2021-02-21,FVG,801,281,520,214,166,27,1,0,0,382,10,1,0,423,378,ITH,ITH4,6,Friuli-Venezia Giulia,Friuli Venezia Giulia,1215220,211663,17.42,0.07
1667,2021-04-29,FVG,6658,2922,3736,350,146,6,7,393,1205,1473,2998,25,55,4137,2521,ITH,ITH4,6,Friuli-Venezia Giulia,Friuli Venezia Giulia,1215220,218321,17.97,0.55
1668,2021-02-07,FVG,1561,483,1078,866,693,2,0,0,0,0,0,0,0,386,1175,ITH,ITH4,6,Friuli-Venezia Giulia,Friuli Venezia Giulia,1215220,219882,18.09,0.13
1669,2021-03-15,FVG,3765,1636,2129,327,256,180,234,1,1,2426,103,237,0,1446,2319,ITH,ITH4,6,Friuli-Venezia Giulia,Friuli Venezia Giulia,1215220,223647,18.4,0.31
1670,2021-04-03,FVG,3983,1969,2014,37,580,4,150,2,3,2248,919,36,4,2655,1328,ITH,ITH4,6,Friuli-Venezia Giulia,Friuli Venezia Giulia,1215220,227630,18.73,0.33
1671,2021-01-04,FVG,1507,558,949,1390,117,0,0,0,0,0,0,0,0,1507,0,ITH,ITH4,6,Friuli-Venezia Giulia,Friuli Venezia Giulia,1215220,229137,18.86,0.12
1672,2021-01-19,FVG,6,2,4,4,0,2,0,0,0,0,0,0,0,6,0,ITH,ITH4,6,Friuli-Venezia Giulia,Friuli Venezia Giulia,1215220,229143,18.86,0.0
1673,2021-04-05,FVG,2868,1425,1443,33,222,13,122,3,607,468,1373,27,0,2853,15,ITH,ITH4,6,Friuli-Venezia Giulia,Friuli Venezia Giulia,1215220,232011,19.09,0.24
1674,2020-12-30,FVG,626,244,382,597,29,0,0,0,0,0,0,0,0,626,0,ITH,ITH4,6,Friuli-Venezia Giulia,Friuli Venezia Giulia,1215220,232637,19.14,0.05
1675,2021-04-27,FVG,8075,3703,4372,295,287,29,2,581,1874,2114,2852,1,40,3618,4457,ITH,ITH4,6,Friuli-Venezia Giulia,Friuli Venezia Giulia,1215220,240712,19.81,0.66
1676,2020-12-31,FVG,1053,384,669,1011,42,0,0,0,0,0,0,0,0,1053,0,ITH,ITH4,6,Friuli-Venezia Giulia,Friuli Venezia Giulia,1215220,241765,19.89,0.09
1677,2021-04-13,FVG,7362,3289,4073,347,308,188,23,245,2203,2232,1789,12,15,5758,1604,ITH,ITH4,6,Friuli-Venezia Giulia,Friuli Venezia Giulia,1215220,249127,20.5,0.61
1678,2021-02-03,FVG,2647,791,1856,1702,558,386,0,0,0,1,0,0,0,23,2624,ITH,ITH4,6,Friuli-Venezia Giulia,Friuli Venezia Giulia,1215220,251774,20.72,0.22
1679,2021-01-30,FVG,2274,745,1529,1477,355,442,0,0,0,0,0,0,0,270,2004,ITH,ITH4,6,Friuli-Venezia Giulia,Friuli Venezia Giulia,1215220,254048,20.91,0.19
1680,2021-04-23,FVG,7454,3375,4079,301,138,53,7,419,1197,2204,3102,3,30,3598,3856,ITH,ITH4,6,Friuli-Venezia Giulia,Friuli Venezia Giulia,1215220,261502,21.52,0.61
1681,2021-01-03,FVG,312,122,190,285,26,1,0,0,0,0,0,0,0,312,0,ITH,ITH4,6,Friuli-Venezia Giulia,Friuli Venezia Giulia,1215220,261814,21.54,0.03
1682,2021-02-05,FVG,2614,785,1829,1613,511,490,0,0,0,0,0,0,0,90,2524,ITH,ITH4,6,Friuli-Venezia Giulia,Friuli Venezia Giulia,1215220,264428,21.76,0.22
1683,2021-05-05,FVG,9680,4219,5461,293,172,40,14,1375,1754,1227,4793,3,9,6239,3441,ITH,ITH4,6,Friuli-Venezia Giulia,Friuli Venezia Giulia,1215220,274108,22.56,0.8
1684,2021-03-30,FVG,7093,3142,3951,420,334,405,139,14,2002,1937,1786,53,3,6171,922,ITH,ITH4,6,Friuli-Venezia Giulia,Friuli Venezia Giulia,1215220,281201,23.14,0.58
1685,2021-01-10,FVG,2939,918,2021,1744,951,244,0,0,0,0,0,0,0,2939,0,ITH,ITH4,6,Friuli-Venezia Giulia,Friuli Venezia Giulia,1215220,284140,23.38,0.24
1686,2021-01-13,FVG,2650,834,1816,1821,599,230,0,0,0,0,0,0,0,2650,0,ITH,ITH4,6,Friuli-Venezia Giulia,Friuli Venezia Giulia,1215220,286790,23.6,0.22
1687,2021-05-03,FVG,7173,3269,3904,229,185,58,11,321,1353,1255,3726,10,25,3399,3774,ITH,ITH4,6,Friuli-Venezia Giulia,Friuli Venezia Giulia,1215220,293963,24.19,0.59
1688,2021-04-22,FVG,6755,3073,3682,122,108,34,2,330,1560,2122,2460,1,16,3079,3676,ITH,ITH4,6,Friuli-Venezia Giulia,Friuli Venezia Giulia,1215220,300718,24.75,0.56
1689,2021-05-26,FVG,5123,2525,2598,53,45,20,274,753,285,98,1421,64,2110,3967,1156,ITH,ITH4,6,Friuli-Venezia Giulia,Friuli Venezia Giulia,1215220,305841,25.17,0.42
1690,2021-05-01,FVG,7183,3243,3940,215,36,0,3,220,108,579,5959,4,59,6140,1043,ITH,ITH4,6,Friuli-Venezia Giulia,Friuli Venezia Giulia,1215220,313024,25.76,0.59
1691,2021-03-24,FVG,3766,1530,2236,183,183,148,427,1,21,2321,416,62,4,2286,1480,ITH,ITH4,6,Friuli-Venezia Giulia,Friuli Venezia Giulia,1215220,316790,26.07,0.31
1692,2021-04-18,FVG,6038,2799,3239,328,76,81,2,394,1433,730,2966,1,27,5631,407,ITH,ITH4,6,Friuli-Venezia Giulia,Friuli Venezia Giulia,1215220,322828,26.57,0.5
1693,2021-03-23,FVG,3753,1558,2195,320,303,244,240,0,3,2446,169,28,0,1613,2140,ITH,ITH4,6,Friuli-Venezia Giulia,Friuli Venezia Giulia,1215220,326581,26.87,0.31
1694,2021-03-03,FVG,3636,1625,2011,746,545,104,427,0,0,1331,15,468,0,2363,1273,ITH,ITH4,6,Friuli-Venezia Giulia,Friuli Venezia Giulia,1215220,330217,27.17,0.3
1695,2021-04-17,FVG,7447,3232,4215,321,117,1,3,624,592,2454,3310,3,22,5965,1482,ITH,ITH4,6,Friuli-Venezia Giulia,Friuli Venezia Giulia,1215220,337664,27.79,0.61
1696,2021-05-07,FVG,10522,4807,5715,271,114,24,33,2416,1952,1571,3987,76,78,7055,3467,ITH,ITH4,6,Friuli-Venezia Giulia,Friuli Venezia Giulia,1215220,348186,28.65,0.87
1697,2020-12-27,FVG,262,149,113,259,3,0,0,0,0,0,0,0,0,262,0,ITH,ITH4,6,Friuli-Venezia Giulia,Friuli Venezia Giulia,1215220,348448,28.67,0.02
1698,2021-02-06,FVG,1154,338,816,755,208,191,0,0,0,0,0,0,0,22,1132,ITH,ITH4,6,Friuli-Venezia Giulia,Friuli Venezia Giulia,1215220,349602,28.77,0.09
1699,2021-01-22,FVG,90,30,60,89,1,0,0,0,0,0,0,0,0,0,90,ITH,ITH4,6,Friuli-Venezia Giulia,Friuli Venezia Giulia,1215220,349692,28.78,0.01
1700,2021-02-02,FVG,2467,806,1661,1658,393,416,0,0,0,0,0,0,0,217,2250,ITH,ITH4,6,Friuli-Venezia Giulia,Friuli Venezia Giulia,1215220,352159,28.98,0.2
1701,2021-03-06,FVG,3495,1195,2300,181,249,5,1472,0,0,1563,6,19,0,3170,325,ITH,ITH4,6,Friuli-Venezia Giulia,Friuli Venezia Giulia,1215220,355654,29.27,0.29
1702,2021-04-16,FVG,6910,2995,3915,289,184,169,16,312,976,2040,2903,1,20,4987,1923,ITH,ITH4,6,Friuli-Venezia Giulia,Friuli Venezia Giulia,1215220,362564,29.84,0.57
1703,2021-01-31,FVG,2715,836,1879,1693,1004,18,0,0,0,0,0,0,0,385,2330,ITH,ITH4,6,Friuli-Venezia Giulia,Friuli Venezia Giulia,1215220,365279,30.06,0.22
1704,2021-03-27,FVG,4984,2560,2424,60,811,1,99,4,905,1990,1096,16,2,3573,1411,ITH,ITH4,6,Friuli-Venezia Giulia,Friuli Venezia Giulia,1215220,370263,30.47,0.41
1705,2021-03-10,FVG,3358,1493,1865,305,299,209,195,0,1,1972,67,309,1,1566,1792,ITH,ITH4,6,Friuli-Venezia Giulia,Friuli Venezia Giulia,1215220,373621,30.75,0.28
1706,2021-04-21,FVG,7702,3439,4263,109,73,30,9,545,2427,2057,2442,4,6,4022,3680,ITH,ITH4,6,Friuli-Venezia Giulia,Friuli Venezia Giulia,1215220,381323,31.38,0.63
1707,2021-05-23,FVG,10230,4830,5400,106,70,24,743,1995,677,201,3859,395,2160,6097,4133,ITH,ITH4,6,Friuli-Venezia Giulia,Friuli Venezia Giulia,1215220,391553,32.22,0.84
1708,2021-04-24,FVG,6675,2946,3729,433,55,0,1,526,283,1989,3335,1,52,5432,1243,ITH,ITH4,6,Friuli-Venezia Giulia,Friuli Venezia Giulia,1215220,398228,32.77,0.55
1709,2021-03-17,FVG,3231,1265,1966,427,219,198,6,0,1,2245,132,3,0,743,2488,ITH,ITH4,6,Friuli-Venezia Giulia,Friuli Venezia Giulia,1215220,401459,33.04,0.27
1710,2021-05-08,FVG,10243,4629,5614,341,198,11,17,2296,947,1912,4486,29,6,5465,4778,ITH,ITH4,6,Friuli-Venezia Giulia,Friuli Venezia Giulia,1215220,411702,33.88,0.84
1711,2021-03-14,FVG,1395,547,848,0,1,0,796,0,0,247,16,335,0,1143,252,ITH,ITH4,6,Friuli-Venezia Giulia,Friuli Venezia Giulia,1215220,413097,33.99,0.11
1712,2021-02-10,FVG,1352,496,856,745,487,119,1,0,0,0,0,0,0,1266,86,ITH,ITH4,6,Friuli-Venezia Giulia,Friuli Venezia Giulia,1215220,414449,34.1,0.11
1713,2021-01-26,FVG,1977,647,1330,1441,152,384,0,0,0,0,0,0,0,217,1760,ITH,ITH4,6,Friuli-Venezia Giulia,Friuli Venezia Giulia,1215220,416426,34.27,0.16
1714,2021-04-08,FVG,7207,3014,4193,259,147,236,34,5,1531,2972,2010,4,9,5287,1920,ITH,ITH4,6,Friuli-Venezia Giulia,Friuli Venezia Giulia,1215220,423633,34.86,0.59
1715,2021-03-29,FVG,6874,3001,3873,241,211,160,316,10,2108,2415,1358,47,8,5294,1580,ITH,ITH4,6,Friuli-Venezia Giulia,Friuli Venezia Giulia,1215220,430507,35.43,0.57
1716,2021-03-09,FVG,3855,1589,2266,654,478,200,424,2,4,2003,28,59,3,1108,2747,ITH,ITH4,6,Friuli-Venezia Giulia,Friuli Venezia Giulia,1215220,434362,35.74,0.32
1717,2021-05-13,FVG,10960,5263,5697,129,51,46,775,2832,1286,873,3072,227,1669,8972,1988,ITH,ITH4,6,Friuli-Venezia Giulia,Friuli Venezia Giulia,1215220,445322,36.65,0.9
1718,2021-01-12,FVG,2260,713,1547,1529,370,361,0,0,0,0,0,0,0,2260,0,ITH,ITH4,6,Friuli-Venezia Giulia,Friuli Venezia Giulia,1215220,447582,36.83,0.19
1719,2021-05-10,FVG,7894,3510,4384,192,71,98,27,1863,1787,793,3030,27,6,6355,1539,ITH,ITH4,6,Friuli-Venezia Giulia,Friuli Venezia Giulia,1215220,455476,37.48,0.65
1720,2021-03-28,FVG,4809,2273,2536,13,746,5,1306,8,1525,424,664,111,7,4669,140,ITH,ITH4,6,Friuli-Venezia Giulia,Friuli Venezia Giulia,1215220,460285,37.88,0.4
1721,2021-05-19,FVG,11651,5723,5928,199,88,27,407,2257,1198,259,3410,579,3227,9433,2218,ITH,ITH4,6,Friuli-Venezia Giulia,Friuli Venezia Giulia,1215220,471936,38.84,0.96
1722,2021-03-19,FVG,3233,1339,1894,107,47,297,134,0,0,2510,138,0,0,1301,1932,ITH,ITH4,6,Friuli-Venezia Giulia,Friuli Venezia Giulia,1215220,475169,39.1,0.27
1723,2021-01-17,FVG,1716,523,1193,673,559,484,0,0,0,0,0,0,0,1716,0,ITH,ITH4,6,Friuli-Venezia Giulia,Friuli Venezia Giulia,1215220,476885,39.24,0.14
1724,2021-04-26,FVG,5444,2444,3000,184,148,16,14,330,2087,700,1912,5,48,3796,1648,ITH,ITH4,6,Friuli-Venezia Giulia,Friuli Venezia Giulia,1215220,482329,39.69,0.45
1725,2021-05-20,FVG,12223,6016,6207,154,140,38,1010,2354,739,497,2948,503,3840,9892,2331,ITH,ITH4,6,Friuli-Venezia Giulia,Friuli Venezia Giulia,1215220,494552,40.7,1.01
1726,2021-02-23,FVG,2617,1252,1365,104,44,249,0,0,2,1943,19,256,0,2437,180,ITH,ITH4,6,Friuli-Venezia Giulia,Friuli Venezia Giulia,1215220,497169,40.91,0.22
1727,2021-02-26,FVG,3735,2093,1642,74,26,558,295,0,2,1737,5,1038,0,3587,148,ITH,ITH4,6,Friuli-Venezia Giulia,Friuli Venezia Giulia,1215220,500904,41.22,0.31
1728,2021-04-12,FVG,7253,3181,4072,283,183,230,22,97,1740,2084,2591,4,19,6122,1131,ITH,ITH4,6,Friuli-Venezia Giulia,Friuli Venezia Giulia,1215220,508157,41.82,0.6
1729,2021-03-21,FVG,2602,937,1665,7,9,88,1120,0,0,1333,3,27,15,2193,409,ITH,ITH4,6,Friuli-Venezia Giulia,Friuli Venezia Giulia,1215220,510759,42.03,0.21
1730,2021-04-11,FVG,3433,1520,1913,233,100,7,27,13,533,1224,1270,7,19,2527,906,ITH,ITH4,6,Friuli-Venezia Giulia,Friuli Venezia Giulia,1215220,514192,42.31,0.28
1731,2021-03-05,FVG,3736,1478,2258,1049,653,77,146,0,8,1729,26,46,2,2663,1073,ITH,ITH4,6,Friuli-Venezia Giulia,Friuli Venezia Giulia,1215220,517928,42.62,0.31
1732,2021-01-25,FVG,1582,567,1015,1370,140,72,0,0,0,0,0,0,0,194,1388,ITH,ITH4,6,Friuli-Venezia Giulia,Friuli Venezia Giulia,1215220,519510,42.75,0.13
1733,2021-01-21,FVG,895,345,550,864,31,0,0,0,0,0,0,0,0,1,894,ITH,ITH4,6,Friuli-Venezia Giulia,Friuli Venezia Giulia,1215220,520405,42.82,0.07
1734,2021-03-18,FVG,3371,1421,1950,60,23,168,4,1,1,2863,251,0,0,1690,1681,ITH,ITH4,6,Friuli-Venezia Giulia,Friuli Venezia Giulia,1215220,523776,43.1,0.28
1735,2021-01-23,FVG,816,324,492,768,48,0,0,0,0,0,0,0,0,4,812,ITH,ITH4,6,Friuli-Venezia Giulia,Friuli Venezia Giulia,1215220,524592,43.17,0.07
1736,2021-05-22,FVG,11466,5148,6318,237,70,34,981,1786,462,480,4062,36,3318,7262,4204,ITH,ITH4,6,Friuli-Venezia Giulia,Friuli Venezia Giulia,1215220,536058,44.11,0.94
1737,2021-04-14,FVG,7215,3118,4097,337,224,95,3,281,1561,2157,2547,2,8,5503,1712,ITH,ITH4,6,Friuli-Venezia Giulia,Friuli Venezia Giulia,1215220,543273,44.71,0.59
1738,2021-02-16,FVG,2516,1135,1381,260,244,221,0,0,3,1760,28,0,0,2400,116,ITH,ITH4,6,Friuli-Venezia Giulia,Friuli Venezia Giulia,1215220,545789,44.91,0.21
1739,2021-03-20,FVG,3340,1351,1989,414,279,10,66,2,1,2376,13,179,0,1249,2091,ITH,ITH4,6,Friuli-Venezia Giulia,Friuli Venezia Giulia,1215220,549129,45.19,0.27
1740,2021-02-17,FVG,2353,999,1354,330,178,230,0,0,0,1555,14,46,0,1873,480,ITH,ITH4,6,Friuli-Venezia Giulia,Friuli Venezia Giulia,1215220,551482,45.38,0.19
1741,2021-04-09,FVG,7762,3528,4234,299,172,103,23,58,1281,2618,3201,0,7,6518,1244,ITH,ITH4,6,Friuli-Venezia Giulia,Friuli Venezia Giulia,1215220,559244,46.02,0.64
1742,2021-03-07,FVG,2547,932,1615,1,5,152,1788,0,0,143,0,458,0,2546,1,ITH,ITH4,6,Friuli-Venezia Giulia,Friuli Venezia Giulia,1215220,561791,46.23,0.21
1743,2021-03-02,FVG,4220,1519,2701,1159,659,203,640,0,1,1536,17,5,0,2721,1499,ITH,ITH4,6,Friuli-Venezia Giulia,Friuli Venezia Giulia,1215220,566011,46.58,0.35
1744,2021-02-11,FVG,1930,664,1266,1131,566,229,0,0,1,2,0,1,0,1738,192,ITH,ITH4,6,Friuli-Venezia Giulia,Friuli Venezia Giulia,1215220,567941,46.74,0.16
1745,2021-02-24,FVG,2518,1082,1436,23,5,312,297,1,0,1835,15,0,30,2500,18,ITH,ITH4,6,Friuli-Venezia Giulia,Friuli Venezia Giulia,1215220,570459,46.94,0.21
1746,2021-03-16,FVG,3153,1287,1866,329,256,244,2,0,3,2204,115,0,0,1073,2080,ITH,ITH4,6,Friuli-Venezia Giulia,Friuli Venezia Giulia,1215220,573612,47.2,0.26
1747,2021-02-09,FVG,1841,554,1287,1047,509,285,0,0,0,0,0,0,0,1555,286,ITH,ITH4,6,Friuli-Venezia Giulia,Friuli Venezia Giulia,1215220,575453,47.35,0.15
1748,2021-01-09,FVG,2513,841,1672,1517,406,590,0,0,0,0,0,0,0,2513,0,ITH,ITH4,6,Friuli-Venezia Giulia,Friuli Venezia Giulia,1215220,577966,47.56,0.21
1749,2021-05-15,FVG,12580,6063,6517,374,55,3,535,1686,402,1119,4502,129,3775,7904,4676,ITH,ITH4,6,Friuli-Venezia Giulia,Friuli Venezia Giulia,1215220,590546,48.6,1.04
1750,2021-03-25,FVG,5309,2261,3048,55,54,302,835,3,957,2059,979,63,2,3176,2133,ITH,ITH4,6,Friuli-Venezia Giulia,Friuli Venezia Giulia,1215220,595855,49.03,0.44
1751,2021-02-15,FVG,2452,911,1541,699,390,316,0,0,4,1033,10,0,0,2201,251,ITH,ITH4,6,Friuli-Venezia Giulia,Friuli Venezia Giulia,1215220,598307,49.23,0.2
1752,2021-03-13,FVG,2934,1119,1815,12,4,86,724,1,2,2056,9,40,0,1663,1271,ITH,ITH4,6,Friuli-Venezia Giulia,Friuli Venezia Giulia,1215220,601241,49.48,0.24
1753,2021-01-20,FVG,748,320,428,716,32,0,0,0,0,0,0,0,0,13,735,ITH,ITH4,6,Friuli-Venezia Giulia,Friuli Venezia Giulia,1215220,601989,49.54,0.06
1754,2021-01-05,FVG,1678,551,1127,1349,133,196,0,0,0,0,0,0,0,1678,0,ITH,ITH4,6,Friuli-Venezia Giulia,Friuli Venezia Giulia,1215220,603667,49.68,0.14
1755,2021-04-06,FVG,6275,2771,3504,256,205,131,29,5,1098,2691,1837,19,4,5126,1149,ITH,ITH4,6,Friuli-Venezia Giulia,Friuli Venezia Giulia,1215220,609942,50.19,0.52
1756,2021-04-25,FVG,2361,990,1371,329,50,0,1,729,478,66,691,0,17,2350,11,ITH,ITH4,6,Friuli-Venezia Giulia,Friuli Venezia Giulia,1215220,612303,50.39,0.19
1757,2021-01-16,FVG,1230,360,870,771,211,248,0,0,0,0,0,0,0,1230,0,ITH,ITH4,6,Friuli-Venezia Giulia,Friuli Venezia Giulia,1215220,613533,50.49,0.1
1758,2021-04-01,FVG,6315,2993,3322,172,117,208,94,2,1171,2052,2431,57,11,5300,1015,ITH,ITH4,6,Friuli-Venezia Giulia,Friuli Venezia Giulia,1215220,619848,51.01,0.52
1759,2021-01-06,FVG,710,264,446,515,195,0,0,0,0,0,0,0,0,710,0,ITH,ITH4,6,Friuli-Venezia Giulia,Friuli Venezia Giulia,1215220,620558,51.07,0.06
1760,2021-05-14,FVG,10547,5224,5323,211,142,92,99,2999,1496,792,2836,608,1272,8078,2469,ITH,ITH4,6,Friuli-Venezia Giulia,Friuli Venezia Giulia,1215220,631105,51.93,0.87
1761,2021-02-04,FVG,2725,807,1918,1717,544,464,0,0,0,0,0,0,0,36,2689,ITH,ITH4,6,Friuli-Venezia Giulia,Friuli Venezia Giulia,1215220,633830,52.16,0.22
1762,2021-04-20,FVG,7105,3058,4047,496,313,38,8,428,1147,2366,2302,1,6,3203,3902,ITH,ITH4,6,Friuli-Venezia Giulia,Friuli Venezia Giulia,1215220,640935,52.74,0.58
1763,2021-03-11,FVG,3353,1413,1940,264,114,290,504,1,2,2014,35,127,2,1603,1750,ITH,ITH4,6,Friuli-Venezia Giulia,Friuli Venezia Giulia,1215220,644288,53.02,0.28
1764,2021-01-28,FVG,2239,794,1445,1757,288,194,0,0,0,0,0,0,0,354,1885,ITH,ITH4,6,Friuli-Venezia Giulia,Friuli Venezia Giulia,1215220,646527,53.2,0.18
1765,2021-05-09,FVG,7326,3290,4036,302,99,0,9,1007,457,633,4785,13,21,3473,3853,ITH,ITH4,6,Friuli-Venezia Giulia,Friuli Venezia Giulia,1215220,653853,53.81,0.6
1766,2021-05-02,FVG,6810,3201,3609,262,104,1,6,442,440,1133,4379,2,41,3913,2897,ITH,ITH4,6,Friuli-Venezia Giulia,Friuli Venezia Giulia,1215220,660663,54.37,0.56
1767,2021-05-25,FVG,11994,5864,6130,160,84,41,571,1936,761,405,3424,67,4545,8919,3075,ITH,ITH4,6,Friuli-Venezia Giulia,Friuli Venezia Giulia,1215220,672657,55.35,0.99
1768,2021-01-11,FVG,1884,609,1275,1502,336,46,0,0,0,0,0,0,0,1884,0,ITH,ITH4,6,Friuli-Venezia Giulia,Friuli Venezia Giulia,1215220,674541,55.51,0.16
1769,2021-01-15,FVG,2021,605,1416,1278,369,374,0,0,0,0,0,0,0,2021,0,ITH,ITH4,6,Friuli-Venezia Giulia,Friuli Venezia Giulia,1215220,676562,55.67,0.17
1770,2021-03-03,TOS,18193,6510,11683,3324,1083,135,3446,2,0,9187,3,1003,10,14587,3606,ITI,ITI1,9,Toscana,Toscana,3729641,18193,0.49,0.49
1771,2021-01-04,TOS,5065,1894,3171,4100,29,933,0,0,0,0,0,0,3,5065,0,ITI,ITI1,9,Toscana,Toscana,3729641,23258,0.62,0.14
1772,2021-03-11,TOS,15495,5993,9502,2440,907,270,12,0,7,10332,1293,217,17,12169,3326,ITI,ITI1,9,Toscana,Toscana,3729641,38753,1.04,0.42
1773,2021-02-20,TOS,4641,1790,2851,3350,1038,203,18,0,0,17,0,15,0,4128,513,ITI,ITI1,9,Toscana,Toscana,3729641,43394,1.16,0.12
1774,2021-04-25,TOS,11054,5248,5806,247,101,62,15,33,6269,391,3925,5,6,8917,2137,ITI,ITI1,9,Toscana,Toscana,3729641,54448,1.46,0.3
1775,2021-02-13,TOS,7785,2360,5425,3667,574,163,5,0,2,0,0,186,3188,7558,227,ITI,ITI1,9,Toscana,Toscana,3729641,62233,1.67,0.21
1776,2021-01-19,TOS,1104,531,573,392,220,491,0,0,0,0,0,0,1,1104,0,ITI,ITI1,9,Toscana,Toscana,3729641,63337,1.7,0.03
1777,2021-05-24,TOS,33279,16362,16917,195,334,58,41,13697,4892,442,6441,561,6618,24027,9252,ITI,ITI1,9,Toscana,Toscana,3729641,96616,2.59,0.89
1778,2021-03-18,TOS,9970,3981,5989,438,562,280,3,3,4,7797,871,7,5,6005,3965,ITI,ITI1,9,Toscana,Toscana,3729641,106586,2.86,0.27
1779,2021-04-05,TOS,15279,6823,8456,27,52,0,35,12,13541,257,1328,4,23,14542,737,ITI,ITI1,9,Toscana,Toscana,3729641,121865,3.27,0.41
1780,2021-04-23,TOS,25667,11425,14242,349,246,153,6,166,483,16521,7581,13,149,9353,16314,ITI,ITI1,9,Toscana,Toscana,3729641,147532,3.96,0.69
1781,2021-02-01,TOS,5509,1958,3551,4486,403,616,0,0,0,0,0,0,4,521,4988,ITI,ITI1,9,Toscana,Toscana,3729641,153041,4.1,0.15
1782,2021-02-25,TOS,10635,4306,6329,1078,1634,259,3201,1,1,3232,5,1220,4,9636,999,ITI,ITI1,9,Toscana,Toscana,3729641,163676,4.39,0.29
1783,2021-01-03,TOS,3335,1051,2284,2564,9,762,0,0,0,0,0,0,0,3335,0,ITI,ITI1,9,Toscana,Toscana,3729641,167011,4.48,0.09
1784,2021-02-06,TOS,4527,1550,2977,3725,574,227,0,0,0,0,0,0,1,1294,3233,ITI,ITI1,9,Toscana,Toscana,3729641,171538,4.6,0.12
1785,2021-01-22,TOS,2866,1064,1802,2026,81,758,0,0,0,0,1,0,0,528,2338,ITI,ITI1,9,Toscana,Toscana,3729641,174404,4.68,0.08
1786,2021-02-12,TOS,7606,2683,4923,3742,380,188,0,0,1,3,0,402,2890,7393,213,ITI,ITI1,9,Toscana,Toscana,3729641,182010,4.88,0.2
1787,2021-04-17,TOS,20530,9204,11326,605,389,84,1,22,7392,5938,6069,8,22,18408,2122,ITI,ITI1,9,Toscana,Toscana,3729641,202540,5.43,0.55
1788,2021-03-08,TOS,6370,2630,3740,4063,747,191,8,0,0,66,965,328,2,1551,4819,ITI,ITI1,9,Toscana,Toscana,3729641,208910,5.6,0.17
1789,2021-05-26,TOS,18883,8983,9900,136,839,11,1248,3802,2882,186,5435,354,3990,10510,8373,ITI,ITI1,9,Toscana,Toscana,3729641,227793,6.11,0.51
1790,2021-05-07,TOS,32054,14668,17386,510,357,103,2812,2903,2089,9256,13043,530,451,11982,20072,ITI,ITI1,9,Toscana,Toscana,3729641,259847,6.97,0.86
1791,2021-04-13,TOS,8489,3507,4982,253,462,265,5,35,54,5548,1825,30,12,6032,2457,ITI,ITI1,9,Toscana,Toscana,3729641,268336,7.19,0.23
1792,2021-04-22,TOS,35718,15302,20416,321,500,139,6,123,7349,20453,6686,16,125,18279,17439,ITI,ITI1,9,Toscana,Toscana,3729641,304054,8.15,0.96
1793,2021-02-26,TOS,10076,3833,6243,1555,1653,298,3562,0,0,1817,2,1189,0,8870,1206,ITI,ITI1,9,Toscana,Toscana,3729641,314130,8.42,0.27
1794,2021-05-02,TOS,11168,4931,6237,38,21,3,2,55,6824,1732,2455,12,26,9205,1963,ITI,ITI1,9,Toscana,Toscana,3729641,325298,8.72,0.3
1795,2021-02-03,TOS,4221,1452,2769,3475,239,505,0,0,0,1,0,0,1,241,3980,ITI,ITI1,9,Toscana,Toscana,3729641,329519,8.84,0.11
1796,2021-04-16,TOS,28948,12886,16062,523,524,92,2,66,6610,15216,5841,23,51,22045,6903,ITI,ITI1,9,Toscana,Toscana,3729641,358467,9.61,0.78
1797,2021-03-30,TOS,16861,7498,9363,212,169,250,113,13,4545,8535,2737,219,68,13297,3564,ITI,ITI1,9,Toscana,Toscana,3729641,375328,10.06,0.45
1798,2021-03-02,TOS,10601,3799,6802,3171,986,154,3513,0,0,1851,0,922,4,7157,3444,ITI,ITI1,9,Toscana,Toscana,3729641,385929,10.35,0.28
1799,2021-05-06,TOS,31261,13590,17671,313,513,40,1723,339,3863,12571,11372,132,395,14144,17117,ITI,ITI1,9,Toscana,Toscana,3729641,417190,11.19,0.84
1800,2021-03-22,TOS,4890,2451,2439,222,367,380,314,27,2418,474,466,142,80,4446,444,ITI,ITI1,9,Toscana,Toscana,3729641,422080,11.32,0.13
1801,2021-01-23,TOS,3949,1354,2595,2936,170,841,0,0,0,0,0,0,2,640,3309,ITI,ITI1,9,Toscana,Toscana,3729641,426029,11.42,0.11
1802,2021-04-08,TOS,29651,12535,17116,264,320,207,5,62,1786,23696,3236,17,58,23276,6375,ITI,ITI1,9,Toscana,Toscana,3729641,455680,12.22,0.8
1803,2021-01-24,TOS,3349,1073,2276,2602,35,709,0,0,0,1,0,0,2,201,3148,ITI,ITI1,9,Toscana,Toscana,3729641,459029,12.31,0.09
1804,2021-03-25,TOS,23613,10124,13489,225,313,405,711,46,2777,16131,2660,268,77,15275,8338,ITI,ITI1,9,Toscana,Toscana,3729641,482642,12.94,0.63
1805,2021-01-14,TOS,3255,1179,2076,2459,475,320,0,0,0,0,1,0,0,3255,0,ITI,ITI1,9,Toscana,Toscana,3729641,485897,13.03,0.09
1806,2021-04-19,TOS,9097,4506,4591,640,245,74,7,24,378,511,7213,2,3,8069,1028,ITI,ITI1,9,Toscana,Toscana,3729641,494994,13.27,0.24
1807,2021-03-19,TOS,10136,4457,5679,641,442,303,35,21,2644,5285,712,13,40,7271,2865,ITI,ITI1,9,Toscana,Toscana,3729641,505130,13.54,0.27
1808,2021-03-04,TOS,17623,6758,10865,2816,953,274,3695,2,8,8237,597,1037,4,14541,3082,ITI,ITI1,9,Toscana,Toscana,3729641,522753,14.02,0.47
1809,2021-05-13,TOS,34743,15252,19491,1043,673,35,2707,7114,8946,5478,7406,886,455,13718,21025,ITI,ITI1,9,Toscana,Toscana,3729641,557496,14.95,0.93
1810,2021-02-15,TOS,8770,3375,5395,4538,922,216,1138,0,0,56,0,801,1099,7945,825,ITI,ITI1,9,Toscana,Toscana,3729641,566266,15.18,0.24
1811,2021-01-17,TOS,2536,871,1665,2002,293,241,0,0,0,0,0,0,0,2023,513,ITI,ITI1,9,Toscana,Toscana,3729641,568802,15.25,0.07
1812,2021-05-19,TOS,27698,13410,14288,424,2324,53,2599,3868,1803,276,6316,1531,8504,18859,8839,ITI,ITI1,9,Toscana,Toscana,3729641,596500,15.99,0.74
1813,2021-04-26,TOS,10149,4941,5208,118,282,72,4,47,4257,211,5110,7,41,7595,2554,ITI,ITI1,9,Toscana,Toscana,3729641,606649,16.27,0.27
1814,2021-04-14,TOS,20143,8329,11814,401,409,122,1,32,146,16684,2297,10,41,15044,5099,ITI,ITI1,9,Toscana,Toscana,3729641,626792,16.81,0.54
1815,2021-04-29,TOS,39337,17711,21626,305,331,156,14,97,13139,19424,5752,19,100,19234,20103,ITI,ITI1,9,Toscana,Toscana,3729641,666129,17.86,1.05
1816,2021-03-28,TOS,6212,2808,3404,37,26,145,89,22,2402,893,2557,22,19,5958,254,ITI,ITI1,9,Toscana,Toscana,3729641,672341,18.03,0.17
1817,2021-04-03,TOS,15013,6646,8367,101,64,99,13,16,6585,4914,3184,10,27,13887,1126,ITI,ITI1,9,Toscana,Toscana,3729641,687354,18.43,0.4
1818,2021-02-18,TOS,8818,3284,5534,2924,1447,230,3142,0,0,215,0,860,0,7923,895,ITI,ITI1,9,Toscana,Toscana,3729641,696172,18.67,0.24
1819,2021-03-15,TOS,8356,3331,5025,3214,1609,404,2281,0,2,36,325,482,3,3914,4442,ITI,ITI1,9,Toscana,Toscana,3729641,704528,18.89,0.22
1820,2021-05-10,TOS,26096,12332,13764,489,267,32,2034,7615,3700,661,10152,932,214,15486,10610,ITI,ITI1,9,Toscana,Toscana,3729641,730624,19.59,0.7
1821,2021-03-27,TOS,8859,4150,4709,115,80,245,198,17,3196,2074,2843,57,34,8644,215,ITI,ITI1,9,Toscana,Toscana,3729641,739483,19.83,0.24
1822,2021-01-21,TOS,1589,686,903,579,220,790,0,0,0,0,0,0,0,867,722,ITI,ITI1,9,Toscana,Toscana,3729641,741072,19.87,0.04
1823,2021-04-02,TOS,31944,13533,18411,298,65,371,6,14,8605,19853,2564,117,51,23920,8024,ITI,ITI1,9,Toscana,Toscana,3729641,773016,20.73,0.86
1824,2021-01-15,TOS,3878,1347,2531,2758,674,444,0,0,0,0,0,0,2,3878,0,ITI,ITI1,9,Toscana,Toscana,3729641,776894,20.83,0.1
1825,2021-05-04,TOS,18300,8207,10093,380,424,60,11,131,3766,3880,9439,89,120,12853,5447,ITI,ITI1,9,Toscana,Toscana,3729641,795194,21.32,0.49
1826,2021-05-21,TOS,28515,13190,15325,476,1810,29,3386,5451,2432,301,8214,1082,5334,17398,11117,ITI,ITI1,9,Toscana,Toscana,3729641,823709,22.09,0.76
1827,2021-04-09,TOS,24529,10544,13985,243,122,220,3,42,94,20310,3442,17,36,21121,3408,ITI,ITI1,9,Toscana,Toscana,3729641,848238,22.74,0.66
1828,2021-03-20,TOS,6489,2882,3607,914,563,165,34,4,3576,773,423,27,10,5354,1135,ITI,ITI1,9,Toscana,Toscana,3729641,854727,22.92,0.17
1829,2021-02-17,TOS,8175,3169,5006,3464,1123,249,2486,0,0,218,0,635,0,7423,752,ITI,ITI1,9,Toscana,Toscana,3729641,862902,23.14,0.22
1830,2021-02-23,TOS,7721,3324,4397,1490,1512,204,2832,0,0,510,1,1170,2,7560,161,ITI,ITI1,9,Toscana,Toscana,3729641,870623,23.34,0.21
1831,2021-02-24,TOS,10372,4467,5905,81,1513,301,2947,0,0,4141,0,1384,5,10171,201,ITI,ITI1,9,Toscana,Toscana,3729641,880995,23.62,0.28
1832,2021-01-13,TOS,4062,1398,2664,3308,348,404,0,0,0,0,0,0,2,4062,0,ITI,ITI1,9,Toscana,Toscana,3729641,885057,23.73,0.11
1833,2021-03-07,TOS,5647,2356,3291,3103,642,123,774,0,0,15,417,573,0,2105,3542,ITI,ITI1,9,Toscana,Toscana,3729641,890704,23.88,0.15
1834,2021-02-16,TOS,9279,3339,5940,5084,952,188,2324,0,0,10,0,720,1,8558,721,ITI,ITI1,9,Toscana,Toscana,3729641,899983,24.13,0.25
1835,2021-04-04,TOS,13910,6601,7309,17,20,1,52,14,12885,173,723,5,20,13657,253,ITI,ITI1,9,Toscana,Toscana,3729641,913893,24.5,0.37
1836,2021-03-01,TOS,4472,1733,2739,3192,597,137,25,0,0,9,1,509,2,832,3640,ITI,ITI1,9,Toscana,Toscana,3729641,918365,24.62,0.12
1837,2021-05-20,TOS,29316,13598,15718,1152,2496,29,3002,5059,1998,255,9399,1299,4627,18839,10477,ITI,ITI1,9,Toscana,Toscana,3729641,947681,25.41,0.79
1838,2021-01-09,TOS,4485,1596,2889,3780,143,560,0,0,0,1,0,0,1,4485,0,ITI,ITI1,9,Toscana,Toscana,3729641,952166,25.53,0.12
1839,2021-04-18,TOS,8333,4081,4252,433,217,68,2,25,678,1412,5467,4,27,7337,996,ITI,ITI1,9,Toscana,Toscana,3729641,960499,25.75,0.22
1840,2021-01-07,TOS,6018,1751,4267,5308,29,680,0,0,0,0,0,0,1,6018,0,ITI,ITI1,9,Toscana,Toscana,3729641,966517,25.91,0.16
1841,2021-03-31,TOS,32574,13136,19438,279,111,277,3699,62,2643,23407,1482,451,163,20418,12156,ITI,ITI1,9,Toscana,Toscana,3729641,999091,26.79,0.87
1842,2021-04-24,TOS,13432,6163,7269,129,236,139,4,75,310,6635,5830,2,72,5989,7443,ITI,ITI1,9,Toscana,Toscana,3729641,1012523,27.15,0.36
1843,2021-02-28,TOS,1649,667,982,1111,202,78,9,0,0,0,0,249,0,922,727,ITI,ITI1,9,Toscana,Toscana,3729641,1014172,27.19,0.04
1844,2021-01-16,TOS,3271,1046,2225,2493,538,240,0,0,0,0,0,0,0,3271,0,ITI,ITI1,9,Toscana,Toscana,3729641,1017443,27.28,0.09
1845,2021-04-06,TOS,22170,9774,12396,806,405,136,1626,123,10038,5665,2913,175,283,18456,3714,ITI,ITI1,9,Toscana,Toscana,3729641,1039613,27.87,0.59
1846,2021-01-31,TOS,3050,1129,1921,2465,134,448,0,0,0,1,0,0,2,106,2944,ITI,ITI1,9,Toscana,Toscana,3729641,1042663,27.96,0.08
1847,2021-04-01,TOS,26901,11106,15795,248,114,304,6,4,30,24582,1403,159,51,16299,10602,ITI,ITI1,9,Toscana,Toscana,3729641,1069564,28.68,0.72
1848,2021-02-21,TOS,5105,2089,3016,3666,1220,195,9,0,0,2,0,13,0,4935,170,ITI,ITI1,9,Toscana,Toscana,3729641,1074669,28.81,0.14
1849,2021-05-17,TOS,29476,14630,14846,366,1436,12,2447,4362,2397,199,9004,1380,7873,20806,8670,ITI,ITI1,9,Toscana,Toscana,3729641,1104145,29.6,0.79
1850,2021-02-04,TOS,4253,1594,2659,3168,623,456,0,0,0,5,0,0,1,961,3292,ITI,ITI1,9,Toscana,Toscana,3729641,1108398,29.72,0.11
1851,2021-03-26,TOS,20403,9159,11244,251,327,215,333,28,3494,11896,3667,146,46,14643,5760,ITI,ITI1,9,Toscana,Toscana,3729641,1128801,30.27,0.55
1852,2021-01-28,TOS,6282,1882,4400,5426,64,788,0,0,0,2,0,0,2,354,5928,ITI,ITI1,9,Toscana,Toscana,3729641,1135083,30.43,0.17
1853,2021-01-10,TOS,3001,1104,1897,2432,134,431,0,1,0,0,0,0,3,3001,0,ITI,ITI1,9,Toscana,Toscana,3729641,1138084,30.51,0.08
1854,2021-01-20,TOS,1331,637,694,435,255,640,0,0,0,0,0,0,1,1083,248,ITI,ITI1,9,Toscana,Toscana,3729641,1139415,30.55,0.04
1855,2021-04-07,TOS,35635,15293,20342,309,595,101,20,57,11344,19900,3104,81,124,28387,7248,ITI,ITI1,9,Toscana,Toscana,3729641,1175050,31.51,0.96
1856,2021-01-11,TOS,5094,1691,3403,4362,209,522,0,0,0,0,0,0,1,5094,0,ITI,ITI1,9,Toscana,Toscana,3729641,1180144,31.64,0.14
1857,2021-04-12,TOS,2612,1183,1429,168,440,225,6,4,13,381,1368,4,3,1958,654,ITI,ITI1,9,Toscana,Toscana,3729641,1182756,31.71,0.07
1858,2021-01-25,TOS,5127,1896,3231,4161,54,909,0,0,0,1,0,0,2,248,4879,ITI,ITI1,9,Toscana,Toscana,3729641,1187883,31.85,0.14
1859,2021-05-05,TOS,30006,13362,16644,320,516,196,8,365,3728,11953,12621,18,281,15642,14364,ITI,ITI1,9,Toscana,Toscana,3729641,1217889,32.65,0.8
1860,2021-01-02,TOS,3497,1096,2401,2681,15,801,0,0,0,0,0,0,0,3497,0,ITI,ITI1,9,Toscana,Toscana,3729641,1221386,32.75,0.09
1861,2021-05-03,TOS,11932,5509,6423,159,96,43,3,141,3858,709,6852,14,57,10614,1318,ITI,ITI1,9,Toscana,Toscana,3729641,1233318,33.07,0.32
1862,2021-04-11,TOS,3642,1679,1963,62,87,100,4,6,67,1673,1639,0,4,3487,155,ITI,ITI1,9,Toscana,Toscana,3729641,1236960,33.17,0.1
1863,2021-02-27,TOS,1981,754,1227,1352,311,132,19,0,0,1,0,165,1,1079,902,ITI,ITI1,9,Toscana,Toscana,3729641,1238941,33.22,0.05
1864,2021-03-09,TOS,10674,4152,6522,4806,907,180,11,1,3,3302,1164,297,3,5122,5552,ITI,ITI1,9,Toscana,Toscana,3729641,1249615,33.5,0.29
1865,2021-03-24,TOS,19655,7973,11682,222,385,195,773,51,2845,13978,873,255,78,10199,9456,ITI,ITI1,9,Toscana,Toscana,3729641,1269270,34.03,0.53
1866,2021-05-01,TOS,23306,10059,13247,75,169,124,2,114,10234,7500,5038,8,42,14132,9174,ITI,ITI1,9,Toscana,Toscana,3729641,1292576,34.66,0.62
1867,2021-05-12,TOS,34104,15537,18567,619,475,60,2197,7206,9271,5668,7210,871,527,14153,19951,ITI,ITI1,9,Toscana,Toscana,3729641,1326680,35.57,0.91
1868,2021-05-25,TOS,33682,16167,17515,231,1186,6,3193,8596,4725,259,8889,718,5879,19229,14453,ITI,ITI1,9,Toscana,Toscana,3729641,1360362,36.47,0.9
1869,2021-03-23,TOS,9094,4103,4991,310,313,351,338,52,2819,4035,659,148,69,6820,2274,ITI,ITI1,9,Toscana,Toscana,3729641,1369456,36.72,0.24
1870,2021-02-02,TOS,3742,1475,2267,3021,283,422,0,0,0,6,0,6,4,195,3547,ITI,ITI1,9,Toscana,Toscana,3729641,1373198,36.82,0.1
1871,2021-02-11,TOS,5383,2021,3362,2809,284,323,16,0,0,12,0,10,1929,5141,242,ITI,ITI1,9,Toscana,Toscana,3729641,1378581,36.96,0.14
1872,2021-02-05,TOS,5749,2245,3504,4122,1180,442,0,0,0,1,0,0,4,1924,3825,ITI,ITI1,9,Toscana,Toscana,3729641,1384330,37.12,0.15
1873,2021-04-10,TOS,11721,5347,6374,291,195,117,3,24,79,8131,2853,10,18,10976,745,ITI,ITI1,9,Toscana,Toscana,3729641,1396051,37.43,0.31
1874,2021-05-22,TOS,25791,12566,13225,391,309,42,56,9976,1660,154,6973,166,6064,21664,4127,ITI,ITI1,9,Toscana,Toscana,3729641,1421842,38.12,0.69
1875,2021-05-15,TOS,29280,13823,15457,221,517,40,16,14289,2821,1846,7369,57,2104,23546,5734,ITI,ITI1,9,Toscana,Toscana,3729641,1451122,38.91,0.79
1876,2021-05-18,TOS,28623,14095,14528,295,1687,10,2684,4474,2564,268,8061,1237,7343,19976,8647,ITI,ITI1,9,Toscana,Toscana,3729641,1479745,39.68,0.77
1877,2021-01-18,TOS,1119,636,483,430,313,375,0,0,0,0,0,0,1,1021,98,ITI,ITI1,9,Toscana,Toscana,3729641,1480864,39.71,0.03
1878,2021-05-23,TOS,28205,13561,14644,118,145,1,22,11495,1513,115,5042,202,9552,25652,2553,ITI,ITI1,9,Toscana,Toscana,3729641,1509069,40.46,0.76
1879,2021-01-27,TOS,4834,1572,3262,4017,73,743,0,0,0,0,0,0,1,206,4628,ITI,ITI1,9,Toscana,Toscana,3729641,1513903,40.59,0.13
1880,2021-05-08,TOS,29102,13094,16008,462,452,23,2949,5010,1289,4411,14071,189,246,13684,15418,ITI,ITI1,9,Toscana,Toscana,3729641,1543005,41.37,0.78
1881,2021-02-22,TOS,9818,4254,5564,3483,2235,316,2702,0,0,22,1,1058,1,9541,277,ITI,ITI1,9,Toscana,Toscana,3729641,1552823,41.63,0.26
1882,2021-03-13,TOS,9275,3301,5974,2835,1697,69,3740,0,2,178,384,369,1,5312,3963,ITI,ITI1,9,Toscana,Toscana,3729641,1562098,41.88,0.25
1883,2021-02-10,TOS,4263,1281,2982,3535,239,485,0,1,1,1,0,1,0,3740,523,ITI,ITI1,9,Toscana,Toscana,3729641,1566361,42.0,0.11
1884,2021-03-29,TOS,9391,4588,4803,227,140,244,200,15,4855,774,2710,210,16,9067,324,ITI,ITI1,9,Toscana,Toscana,3729641,1575752,42.25,0.25
1885,2021-01-08,TOS,5946,1642,4304,5361,37,545,0,0,0,0,0,0,3,5946,0,ITI,ITI1,9,Toscana,Toscana,3729641,1581698,42.41,0.16
1886,2021-02-07,TOS,2806,953,1853,2349,299,157,0,0,0,0,0,0,1,885,1921,ITI,ITI1,9,Toscana,Toscana,3729641,1584504,42.48,0.08
1887,2021-01-12,TOS,3581,1398,2183,2944,282,354,0,0,0,0,0,0,1,3581,0,ITI,ITI1,9,Toscana,Toscana,3729641,1588085,42.58,0.1
1888,2021-04-15,TOS,24380,10187,14193,360,300,175,6,35,149,20287,3008,11,49,15859,8521,ITI,ITI1,9,Toscana,Toscana,3729641,1612465,43.23,0.65
1889,2021-01-06,TOS,4520,1460,3060,3985,9,525,0,0,0,0,0,0,1,4520,0,ITI,ITI1,9,Toscana,Toscana,3729641,1616985,43.35,0.12
1890,2021-01-01,TOS,2369,787,1582,1715,2,650,0,0,0,2,0,0,0,2369,0,ITI,ITI1,9,Toscana,Toscana,3729641,1619354,43.42,0.06
1891,2021-05-16,TOS,26655,12878,13777,452,79,9,11,12191,2728,372,4676,196,5941,24196,2459,ITI,ITI1,9,Toscana,Toscana,3729641,1646009,44.13,0.71
1892,2021-03-05,TOS,16492,6336,10156,3922,1686,170,3871,0,1,5297,656,885,4,11751,4741,ITI,ITI1,9,Toscana,Toscana,3729641,1662501,44.58,0.44
1893,2021-01-05,TOS,5249,1755,3494,4354,15,878,0,0,0,0,0,0,2,5249,0,ITI,ITI1,9,Toscana,Toscana,3729641,1667750,44.72,0.14
1894,2021-02-08,TOS,4097,1360,2737,3373,343,377,0,0,0,2,0,0,2,3638,459,ITI,ITI1,9,Toscana,Toscana,3729641,1671847,44.83,0.11
1895,2021-01-30,TOS,4622,1622,3000,3765,218,638,0,0,0,0,0,0,1,198,4424,ITI,ITI1,9,Toscana,Toscana,3729641,1676469,44.95,0.12
1896,2021-01-29,TOS,6144,1700,4444,5382,139,622,0,0,0,0,0,0,1,304,5840,ITI,ITI1,9,Toscana,Toscana,3729641,1682613,45.11,0.16
1897,2021-03-12,TOS,16521,6220,10301,2613,1587,303,3922,3,4,7045,304,728,12,12993,3528,ITI,ITI1,9,Toscana,Toscana,3729641,1699134,45.56,0.44
1898,2021-04-20,TOS,18155,8111,10044,225,295,70,3,36,7071,6518,3915,3,19,12598,5557,ITI,ITI1,9,Toscana,Toscana,3729641,1717289,46.04,0.49
1899,2021-05-14,TOS,33164,15334,17830,754,753,39,2898,12042,2460,3840,8169,858,1351,20570,12594,ITI,ITI1,9,Toscana,Toscana,3729641,1750453,46.93,0.89
1900,2021-03-21,TOS,3231,1573,1658,660,796,77,12,0,1244,274,160,6,2,1798,1433,ITI,ITI1,9,Toscana,Toscana,3729641,1753684,47.02,0.09
1901,2021-05-09,TOS,22511,9757,12754,406,227,7,4910,3306,1512,1097,10677,255,114,9652,12859,ITI,ITI1,9,Toscana,Toscana,3729641,1776195,47.62,0.6
1902,2021-02-19,TOS,8290,2951,5339,2967,1207,248,3105,0,0,154,1,606,2,7780,510,ITI,ITI1,9,Toscana,Toscana,3729641,1784485,47.85,0.22
1903,2021-05-11,TOS,27932,12977,14955,411,683,65,2083,5835,9258,1777,6778,887,155,12478,15454,ITI,ITI1,9,Toscana,Toscana,3729641,1812417,48.59,0.75
1904,2021-04-28,TOS,19119,8187,10932,413,362,19,6,57,160,14042,3940,30,90,3831,15288,ITI,ITI1,9,Toscana,Toscana,3729641,1831536,49.11,0.51
1905,2021-03-10,TOS,18012,7073,10939,3006,851,271,14,3,3,12282,1318,253,11,13995,4017,ITI,ITI1,9,Toscana,Toscana,3729641,1849548,49.59,0.48
1906,2020-12-27,TOS,620,267,353,460,10,13,0,23,4,5,0,0,105,620,0,ITI,ITI1,9,Toscana,Toscana,3729641,1850168,49.61,0.02
1907,2020-12-30,TOS,327,104,223,34,10,283,0,0,0,0,0,0,0,327,0,ITI,ITI1,9,Toscana,Toscana,3729641,1850495,49.62,0.01
1908,2021-03-16,TOS,4896,1881,3015,1552,427,124,16,1,5,2112,643,13,3,2652,2244,ITI,ITI1,9,Toscana,Toscana,3729641,1855391,49.75,0.13
1909,2021-03-06,TOS,7094,2838,4256,3803,657,145,1145,0,2,30,918,394,0,2901,4193,ITI,ITI1,9,Toscana,Toscana,3729641,1862485,49.94,0.19
1910,2021-04-30,TOS,39983,17678,22305,282,103,167,50,115,13634,18112,7348,48,124,20128,19855,ITI,ITI1,9,Toscana,Toscana,3729641,1902468,51.01,1.07
1911,2021-03-14,TOS,7207,2574,4633,3104,1195,122,2476,0,1,44,26,239,0,3272,3935,ITI,ITI1,9,Toscana,Toscana,3729641,1909675,51.2,0.19
1912,2021-04-21,TOS,29597,12662,16935,298,285,76,2,129,7383,16800,4491,16,117,17513,12084,ITI,ITI1,9,Toscana,Toscana,3729641,1939272,52.0,0.79
1913,2021-04-27,TOS,10344,4909,5435,332,347,39,1,47,347,3956,5217,2,56,3864,6480,ITI,ITI1,9,Toscana,Toscana,3729641,1949616,52.27,0.28
1914,2021-01-26,TOS,5393,1792,3601,4358,81,951,0,0,0,0,0,0,3,220,5173,ITI,ITI1,9,Toscana,Toscana,3729641,1955009,52.42,0.14
1915,2020-12-31,TOS,804,202,602,96,10,698,0,0,0,0,0,0,0,804,0,ITI,ITI1,9,Toscana,Toscana,3729641,1955813,52.44,0.02
1916,2021-02-09,TOS,4488,1468,3020,3582,386,514,0,0,0,4,0,0,2,3877,611,ITI,ITI1,9,Toscana,Toscana,3729641,1960301,52.56,0.12
1917,2021-03-17,TOS,11421,4586,6835,365,328,189,2,4,8,9771,740,2,12,6893,4528,ITI,ITI1,9,Toscana,Toscana,3729641,1971722,52.87,0.31
1918,2021-02-14,TOS,9000,2569,6431,3033,549,81,12,2,1,0,0,261,5061,8890,110,ITI,ITI1,9,Toscana,Toscana,3729641,1980722,53.11,0.24
1919,2021-04-18,SIC,19725,9864,9861,244,84,104,94,5978,1808,2681,8635,15,82,15358,4367,ITG,ITG1,19,Sicilia,Sicilia,4999891,19725,0.39,0.39
1920,2021-05-23,SIC,34143,16618,17525,426,256,125,1829,2070,1305,1207,13230,380,13315,20115,14028,ITG,ITG1,19,Sicilia,Sicilia,4999891,53868,1.08,0.68
1921,2021-04-24,SIC,31343,14801,16542,442,182,393,135,4686,2834,5652,16646,98,275,23603,7740,ITG,ITG1,19,Sicilia,Sicilia,4999891,85211,1.7,0.63
1922,2021-01-31,SIC,4109,1959,2150,2601,835,293,0,61,26,26,0,0,267,113,3996,ITG,ITG1,19,Sicilia,Sicilia,4999891,89320,1.79,0.08
1923,2021-05-09,SIC,28156,13168,14988,392,221,100,592,2601,1365,2027,17629,334,2895,19885,8271,ITG,ITG1,19,Sicilia,Sicilia,4999891,117476,2.35,0.56
1924,2021-02-10,SIC,4422,1815,2607,1973,1152,736,0,57,33,18,0,0,453,4001,421,ITG,ITG1,19,Sicilia,Sicilia,4999891,121898,2.44,0.09
1925,2021-04-21,SIC,22668,10880,11788,545,230,371,121,1668,1610,3740,14103,29,251,16458,6210,ITG,ITG1,19,Sicilia,Sicilia,4999891,144566,2.89,0.45
1926,2021-02-17,SIC,5413,3278,2135,1526,717,883,2,39,8,10,0,1989,239,4745,668,ITG,ITG1,19,Sicilia,Sicilia,4999891,149979,3.0,0.11
1927,2021-03-23,SIC,21065,10076,10989,886,436,441,1645,182,3526,5910,7354,403,282,15411,5654,ITG,ITG1,19,Sicilia,Sicilia,4999891,171044,3.42,0.42
1928,2021-03-14,SIC,8777,3928,4849,565,411,178,678,144,1687,4319,146,66,583,4943,3834,ITG,ITG1,19,Sicilia,Sicilia,4999891,179821,3.6,0.18
1929,2021-04-27,SIC,26382,12717,13665,616,207,376,103,1796,1786,4416,16771,97,214,15606,10776,ITG,ITG1,19,Sicilia,Sicilia,4999891,206203,4.12,0.53
1930,2021-05-08,SIC,35758,17078,18680,523,194,157,452,3200,2002,3046,21983,1064,3137,25442,10316,ITG,ITG1,19,Sicilia,Sicilia,4999891,241961,4.84,0.72
1931,2021-01-10,SIC,3621,1616,2005,2128,552,465,0,42,22,92,0,0,320,3621,0,ITG,ITG1,19,Sicilia,Sicilia,4999891,245582,4.91,0.07
1932,2021-03-15,SIC,10813,4713,6100,1251,494,728,1118,60,1526,4915,132,306,283,5747,5066,ITG,ITG1,19,Sicilia,Sicilia,4999891,256395,5.13,0.22
1933,2021-01-28,SIC,9309,4390,4919,7449,1367,295,0,35,11,4,0,0,148,404,8905,ITG,ITG1,19,Sicilia,Sicilia,4999891,265704,5.31,0.19
1934,2021-02-14,SIC,1058,403,655,433,301,236,0,9,3,4,0,0,72,918,140,ITG,ITG1,19,Sicilia,Sicilia,4999891,266762,5.34,0.02
1935,2021-04-28,SIC,29365,13781,15584,656,229,418,96,2463,2174,4496,18308,169,356,20294,9071,ITG,ITG1,19,Sicilia,Sicilia,4999891,296127,5.92,0.59
1936,2021-03-16,SIC,9787,4365,5422,1638,503,787,43,59,127,5722,582,55,271,3669,6118,ITG,ITG1,19,Sicilia,Sicilia,4999891,305914,6.12,0.2
1937,2021-04-20,SIC,19270,9079,10191,473,274,456,58,1467,1428,3593,11378,22,121,13931,5339,ITG,ITG1,19,Sicilia,Sicilia,4999891,325184,6.5,0.39
1938,2021-05-05,SIC,26321,12188,14133,675,326,328,89,2428,1872,3431,15912,459,801,16728,9593,ITG,ITG1,19,Sicilia,Sicilia,4999891,351505,7.03,0.53
1939,2021-01-02,SIC,4881,2539,2342,4319,144,0,0,87,7,2,0,0,322,4881,0,ITG,ITG1,19,Sicilia,Sicilia,4999891,356386,7.13,0.1
1940,2021-05-25,SIC,33213,15058,18155,618,459,318,4142,1805,1456,1223,14255,1279,7658,14126,19087,ITG,ITG1,19,Sicilia,Sicilia,4999891,389599,7.79,0.66
1941,2021-05-03,SIC,23461,10823,12638,611,266,283,88,1690,1776,3017,15425,127,178,13575,9886,ITG,ITG1,19,Sicilia,Sicilia,4999891,413060,8.26,0.47
1942,2021-05-01,SIC,24482,11328,13154,440,165,146,105,2778,2092,2533,15956,78,189,19322,5160,ITG,ITG1,19,Sicilia,Sicilia,4999891,437542,8.75,0.49
1943,2021-02-02,SIC,5536,2621,2915,3152,1560,429,0,50,7,21,1,0,316,629,4907,ITG,ITG1,19,Sicilia,Sicilia,4999891,443078,8.86,0.11
1944,2020-12-28,SIC,211,126,85,209,2,0,0,0,0,0,0,0,0,211,0,ITG,ITG1,19,Sicilia,Sicilia,4999891,443289,8.87,0.0
1945,2021-01-15,SIC,5087,2235,2852,2828,1049,479,0,67,19,2,0,0,643,5087,0,ITG,ITG1,19,Sicilia,Sicilia,4999891,448376,8.97,0.1
1946,2021-05-22,SIC,48204,22883,25321,518,398,218,3210,3242,2150,2319,18146,1023,16980,28707,19497,ITG,ITG1,19,Sicilia,Sicilia,4999891,496580,9.93,0.96
1947,2021-03-11,SIC,15452,6518,8934,1603,1275,1024,3320,198,2106,4043,154,981,748,12887,2565,ITG,ITG1,19,Sicilia,Sicilia,4999891,512032,10.24,0.31
1948,2021-01-11,SIC,5911,2596,3315,3926,1017,382,0,83,17,89,0,0,397,5911,0,ITG,ITG1,19,Sicilia,Sicilia,4999891,517943,10.36,0.12
1949,2021-03-24,SIC,21144,9907,11237,954,486,625,1461,343,3215,5944,7606,200,310,15306,5838,ITG,ITG1,19,Sicilia,Sicilia,4999891,539087,10.78,0.42
1950,2021-03-07,SIC,9271,3456,5815,967,561,477,3284,88,12,3453,18,226,185,8188,1083,ITG,ITG1,19,Sicilia,Sicilia,4999891,548358,10.97,0.19
1951,2021-03-26,SIC,18006,8371,9635,1072,601,403,1309,225,2829,5598,5603,124,242,12470,5536,ITG,ITG1,19,Sicilia,Sicilia,4999891,566364,11.33,0.36
1952,2021-02-28,SIC,7168,3064,4104,869,410,112,1358,90,7,3352,2,266,702,6538,630,ITG,ITG1,19,Sicilia,Sicilia,4999891,573532,11.47,0.14
1953,2021-04-04,SIC,6831,3329,3502,190,97,120,44,107,852,2464,2851,17,89,5539,1292,ITG,ITG1,19,Sicilia,Sicilia,4999891,580363,11.61,0.14
1954,2021-01-16,SIC,2782,1199,1583,1334,562,298,0,24,15,6,0,0,543,2782,0,ITG,ITG1,19,Sicilia,Sicilia,4999891,583145,11.66,0.06
1955,2021-05-17,SIC,32143,15466,16677,579,440,348,1061,2409,1344,1866,14362,1264,8470,19346,12797,ITG,ITG1,19,Sicilia,Sicilia,4999891,615288,12.31,0.64
1956,2021-02-04,SIC,6932,3187,3745,4425,1450,556,0,49,13,18,0,0,421,1455,5477,ITG,ITG1,19,Sicilia,Sicilia,4999891,622220,12.44,0.14
1957,2021-04-07,SIC,15556,7637,7919,763,374,434,159,211,1632,4465,7157,52,309,8391,7165,ITG,ITG1,19,Sicilia,Sicilia,4999891,637776,12.76,0.31
1958,2021-01-23,SIC,4281,2208,2073,4053,188,16,0,1,2,0,0,0,21,217,4064,ITG,ITG1,19,Sicilia,Sicilia,4999891,642057,12.84,0.09
1959,2021-02-11,SIC,5321,2097,3224,2453,1441,885,0,77,25,7,0,0,433,4858,463,ITG,ITG1,19,Sicilia,Sicilia,4999891,647378,12.95,0.11
1960,2021-05-12,SIC,36868,17355,19513,701,377,451,821,1920,1635,3084,23327,1404,3148,21926,14942,ITG,ITG1,19,Sicilia,Sicilia,4999891,684246,13.69,0.74
1961,2021-04-06,SIC,17869,8541,9328,802,278,537,179,222,1858,5499,8023,77,394,13544,4325,ITG,ITG1,19,Sicilia,Sicilia,4999891,702115,14.04,0.36
1962,2021-03-13,SIC,12417,5475,6942,1171,766,500,1760,209,2138,4699,132,201,841,7834,4583,ITG,ITG1,19,Sicilia,Sicilia,4999891,714532,14.29,0.25
1963,2021-02-19,SIC,5130,2732,2398,1478,848,599,239,31,13,83,2,1518,319,4563,567,ITG,ITG1,19,Sicilia,Sicilia,4999891,719662,14.39,0.1
1964,2021-02-15,SIC,3927,1818,2109,1698,1011,646,26,28,10,14,11,281,202,3362,565,ITG,ITG1,19,Sicilia,Sicilia,4999891,723589,14.47,0.08
1965,2021-04-01,SIC,14402,6675,7727,620,216,488,193,127,2239,5111,4862,405,141,9684,4718,ITG,ITG1,19,Sicilia,Sicilia,4999891,737991,14.76,0.29
1966,2021-02-18,SIC,5472,3152,2320,1633,880,834,96,21,8,11,5,1817,167,5044,428,ITG,ITG1,19,Sicilia,Sicilia,4999891,743463,14.87,0.11
1967,2021-02-21,SIC,5168,2501,2667,376,162,173,153,38,6,3918,3,174,165,5062,106,ITG,ITG1,19,Sicilia,Sicilia,4999891,748631,14.97,0.1
1968,2021-05-04,SIC,26843,12469,14374,590,276,358,98,2268,2278,3286,17031,274,384,17656,9187,ITG,ITG1,19,Sicilia,Sicilia,4999891,775474,15.51,0.54
1969,2021-01-18,SIC,1647,667,980,729,189,268,0,22,11,0,0,0,428,1495,152,ITG,ITG1,19,Sicilia,Sicilia,4999891,777121,15.54,0.03
1970,2021-04-03,SIC,16376,7790,8586,437,168,298,198,1038,4361,4947,4496,35,398,13540,2836,ITG,ITG1,19,Sicilia,Sicilia,4999891,793497,15.87,0.33
1971,2021-03-27,SIC,15750,7436,8314,648,416,378,739,246,1807,5648,5548,56,264,10837,4913,ITG,ITG1,19,Sicilia,Sicilia,4999891,809247,16.19,0.32
1972,2021-02-12,SIC,4674,1847,2827,2291,1375,604,0,45,17,10,0,0,332,4407,267,ITG,ITG1,19,Sicilia,Sicilia,4999891,813921,16.28,0.09
1973,2021-05-10,SIC,28307,13596,14711,593,278,233,431,1813,1368,2681,17041,1400,2469,16189,12118,ITG,ITG1,19,Sicilia,Sicilia,4999891,842228,16.84,0.57
1974,2021-04-12,SIC,18952,9205,9747,425,150,390,118,1353,1569,3680,11039,27,201,11612,7340,ITG,ITG1,19,Sicilia,Sicilia,4999891,861180,17.22,0.38
1975,2021-02-13,SIC,3098,1165,1933,1294,921,562,0,36,19,13,0,1,252,2842,256,ITG,ITG1,19,Sicilia,Sicilia,4999891,864278,17.29,0.06
1976,2021-01-25,SIC,7511,3695,3816,6634,575,70,0,21,7,44,0,0,160,314,7197,ITG,ITG1,19,Sicilia,Sicilia,4999891,871789,17.44,0.15
1977,2021-04-11,SIC,15345,7580,7765,220,97,182,97,782,1024,3172,9640,15,116,8314,7031,ITG,ITG1,19,Sicilia,Sicilia,4999891,887134,17.74,0.31
1978,2021-03-09,SIC,13160,5592,7568,1592,1208,708,3688,111,19,4001,197,1131,505,10788,2372,ITG,ITG1,19,Sicilia,Sicilia,4999891,900294,18.01,0.26
1979,2021-01-27,SIC,7526,3837,3689,6324,817,152,0,44,11,7,0,0,171,186,7340,ITG,ITG1,19,Sicilia,Sicilia,4999891,907820,18.16,0.15
1980,2021-04-02,SIC,14006,6594,7412,623,216,357,201,130,2128,5225,4888,79,159,9220,4786,ITG,ITG1,19,Sicilia,Sicilia,4999891,921826,18.44,0.28
1981,2021-05-15,SIC,57019,26640,30379,588,484,228,1856,4343,2472,2977,25888,1115,17068,41649,15370,ITG,ITG1,19,Sicilia,Sicilia,4999891,978845,19.58,1.14
1982,2021-03-20,SIC,18815,9031,9784,835,316,433,1217,189,2525,5491,7266,113,430,13490,5325,ITG,ITG1,19,Sicilia,Sicilia,4999891,997660,19.95,0.38
1983,2021-02-24,SIC,9561,4850,4711,1409,744,504,921,25,23,4095,1,1611,228,8971,590,ITG,ITG1,19,Sicilia,Sicilia,4999891,1007221,20.14,0.19
1984,2021-02-16,SIC,4370,2282,2088,1461,960,795,1,35,9,27,8,877,197,3905,465,ITG,ITG1,19,Sicilia,Sicilia,4999891,1011591,20.23,0.09
1985,2021-03-29,SIC,15001,7035,7966,874,350,338,304,129,2529,5040,5156,104,177,10485,4516,ITG,ITG1,19,Sicilia,Sicilia,4999891,1026592,20.53,0.3
1986,2021-04-22,SIC,27104,12809,14295,631,169,400,98,3050,2042,4406,16064,36,208,20563,6541,ITG,ITG1,19,Sicilia,Sicilia,4999891,1053696,21.07,0.54
1987,2021-02-08,SIC,4086,1760,2326,2346,1028,397,0,37,5,16,0,0,257,2129,1957,ITG,ITG1,19,Sicilia,Sicilia,4999891,1057782,21.16,0.08
1988,2021-01-07,SIC,9182,4245,4937,7703,974,210,0,64,8,2,0,0,221,9182,0,ITG,ITG1,19,Sicilia,Sicilia,4999891,1066964,21.34,0.18
1989,2021-01-09,SIC,7326,3424,3902,5034,1070,456,0,117,36,41,0,0,572,7326,0,ITG,ITG1,19,Sicilia,Sicilia,4999891,1074290,21.49,0.15
1990,2021-03-31,SIC,14606,6750,7856,645,294,513,190,139,2226,5249,5070,106,174,9578,5028,ITG,ITG1,19,Sicilia,Sicilia,4999891,1088896,21.78,0.29
1991,2021-05-07,SIC,36673,17320,19353,578,319,295,261,2834,2219,3458,22908,1393,2408,25043,11630,ITG,ITG1,19,Sicilia,Sicilia,4999891,1125569,22.51,0.73
1992,2021-03-08,SIC,13545,5827,7718,2010,1117,713,4001,134,24,3926,65,1013,542,10737,2808,ITG,ITG1,19,Sicilia,Sicilia,4999891,1139114,22.78,0.27
1993,2021-01-30,SIC,7841,3571,4270,5454,1611,475,0,47,12,4,0,0,238,175,7666,ITG,ITG1,19,Sicilia,Sicilia,4999891,1146955,22.94,0.16
1994,2021-01-14,SIC,5258,2519,2739,3050,1282,259,0,106,34,90,0,0,437,5258,0,ITG,ITG1,19,Sicilia,Sicilia,4999891,1152213,23.04,0.11
1995,2021-03-21,SIC,15228,7338,7890,489,228,75,958,161,2142,4573,6221,112,269,11253,3975,ITG,ITG1,19,Sicilia,Sicilia,4999891,1167441,23.35,0.3
1996,2021-05-20,SIC,43479,20772,22707,621,450,278,1687,3035,1942,1881,16870,1287,15428,27652,15827,ITG,ITG1,19,Sicilia,Sicilia,4999891,1210920,24.22,0.87
1997,2021-01-13,SIC,5266,2491,2775,3046,1192,461,0,92,28,27,0,1,419,5266,0,ITG,ITG1,19,Sicilia,Sicilia,4999891,1216186,24.32,0.11
1998,2021-01-24,SIC,4307,2251,2056,3987,240,3,0,12,6,37,0,0,22,142,4165,ITG,ITG1,19,Sicilia,Sicilia,4999891,1220493,24.41,0.09
1999,2021-04-19,SIC,18475,8737,9738,666,403,386,79,909,1252,3491,11136,24,129,12768,5707,ITG,ITG1,19,Sicilia,Sicilia,4999891,1238968,24.78,0.37
2000,2021-03-05,SIC,15876,6838,9038,3187,1668,747,4076,94,30,4081,104,1475,414,11557,4319,ITG,ITG1,19,Sicilia,Sicilia,4999891,1254844,25.1,0.32
2001,2021-03-04,SIC,15193,6550,8643,2804,1835,749,3828,116,36,4029,27,1208,561,10994,4199,ITG,ITG1,19,Sicilia,Sicilia,4999891,1270037,25.4,0.3
2002,2021-04-29,SIC,31708,14775,16933,909,288,436,107,2657,2215,4670,19995,150,281,22372,9336,ITG,ITG1,19,Sicilia,Sicilia,4999891,1301745,26.04,0.63
2003,2021-05-06,SIC,28996,13721,15275,628,272,337,138,2464,1918,3635,17771,933,900,18413,10583,ITG,ITG1,19,Sicilia,Sicilia,4999891,1330741,26.62,0.58
2004,2021-02-23,SIC,8909,4670,4239,1264,726,517,577,16,9,4075,2,1482,241,8446,463,ITG,ITG1,19,Sicilia,Sicilia,4999891,1339650,26.79,0.18
2005,2021-01-04,SIC,8394,4186,4208,7613,549,6,0,26,8,2,0,0,190,8394,0,ITG,ITG1,19,Sicilia,Sicilia,4999891,1348044,26.96,0.17
2006,2021-04-23,SIC,28899,13850,15049,641,238,380,110,4086,2411,4333,16428,64,208,22952,5947,ITG,ITG1,19,Sicilia,Sicilia,4999891,1376943,27.54,0.58
2007,2021-04-05,SIC,8025,3960,4065,232,71,178,56,75,855,2922,3572,5,59,6584,1441,ITG,ITG1,19,Sicilia,Sicilia,4999891,1384968,27.7,0.16
2008,2021-02-01,SIC,6070,2681,3389,4160,1236,319,0,47,13,44,0,0,251,302,5768,ITG,ITG1,19,Sicilia,Sicilia,4999891,1391038,27.82,0.12
2009,2021-04-14,SIC,20293,9799,10494,588,184,383,97,1609,1561,4018,11686,29,138,11508,8785,ITG,ITG1,19,Sicilia,Sicilia,4999891,1411331,28.23,0.41
2010,2021-04-25,SIC,21347,10181,11166,250,146,176,50,3351,1748,3631,11794,54,147,16371,4976,ITG,ITG1,19,Sicilia,Sicilia,4999891,1432678,28.65,0.43
2011,2021-03-03,SIC,14680,6526,8154,2404,1513,525,3833,68,15,4349,45,1426,502,11592,3088,ITG,ITG1,19,Sicilia,Sicilia,4999891,1447358,28.95,0.29
2012,2021-05-24,SIC,35492,17080,18412,578,540,236,3615,1992,1473,1362,14467,1815,9414,15706,19786,ITG,ITG1,19,Sicilia,Sicilia,4999891,1482850,29.66,0.71
2013,2021-02-25,SIC,10120,5247,4873,1766,924,515,663,30,7,4052,26,1725,412,8954,1166,ITG,ITG1,19,Sicilia,Sicilia,4999891,1492970,29.86,0.2
2014,2021-01-26,SIC,9480,4666,4814,8354,758,254,0,21,7,2,0,0,84,261,9219,ITG,ITG1,19,Sicilia,Sicilia,4999891,1502450,30.05,0.19
2015,2021-01-03,SIC,4703,2459,2244,4371,206,0,0,34,3,1,0,0,88,4703,0,ITG,ITG1,19,Sicilia,Sicilia,4999891,1507153,30.14,0.09
2016,2021-04-09,SIC,20535,10001,10534,732,295,361,281,914,1933,4411,11317,62,229,11389,9146,ITG,ITG1,19,Sicilia,Sicilia,4999891,1527688,30.55,0.41
2017,2021-02-06,SIC,5017,2191,2826,2520,1483,570,0,36,12,5,0,0,391,1462,3555,ITG,ITG1,19,Sicilia,Sicilia,4999891,1532705,30.65,0.1
2018,2021-01-19,SIC,1296,537,759,544,126,238,0,20,13,18,0,0,337,1095,201,ITG,ITG1,19,Sicilia,Sicilia,4999891,1534001,30.68,0.03
2019,2021-05-14,SIC,52264,24481,27783,761,475,416,1084,3655,2085,2970,24588,1758,14472,36417,15847,ITG,ITG1,19,Sicilia,Sicilia,4999891,1586265,31.73,1.05
2020,2021-02-03,SIC,6097,2854,3243,3355,1497,622,0,91,20,11,0,0,501,755,5342,ITG,ITG1,19,Sicilia,Sicilia,4999891,1592362,31.85,0.12
2021,2021-04-13,SIC,19918,9689,10229,657,217,332,127,1528,1704,3841,11331,40,141,11083,8835,ITG,ITG1,19,Sicilia,Sicilia,4999891,1612280,32.25,0.4
2022,2021-04-16,SIC,28749,14426,14323,745,325,657,107,8280,2365,4284,11776,33,177,20372,8377,ITG,ITG1,19,Sicilia,Sicilia,4999891,1641029,32.82,0.57
2023,2021-04-08,SIC,16795,8287,8508,664,369,428,142,233,1586,3862,9144,106,261,8312,8483,ITG,ITG1,19,Sicilia,Sicilia,4999891,1657824,33.16,0.34
2024,2021-03-25,SIC,20528,9540,10988,1331,545,633,1381,255,3198,5610,7152,195,228,14989,5539,ITG,ITG1,19,Sicilia,Sicilia,4999891,1678352,33.57,0.41
2025,2021-05-02,SIC,24656,11447,13209,466,152,111,102,2784,1828,2211,16628,62,312,18056,6600,ITG,ITG1,19,Sicilia,Sicilia,4999891,1703008,34.06,0.49
2026,2021-01-20,SIC,828,420,408,442,59,192,0,20,2,0,0,0,113,573,255,ITG,ITG1,19,Sicilia,Sicilia,4999891,1703836,34.08,0.02
2027,2021-02-07,SIC,2343,995,1348,1605,435,157,0,16,9,1,0,0,120,674,1669,ITG,ITG1,19,Sicilia,Sicilia,4999891,1706179,34.12,0.05
2028,2021-03-02,SIC,14882,6363,8519,2371,1189,502,4333,50,5,4526,57,1403,446,12073,2809,ITG,ITG1,19,Sicilia,Sicilia,4999891,1721061,34.42,0.3
2029,2021-03-30,SIC,14596,6759,7837,712,402,383,254,149,2522,5125,4714,171,164,9770,4826,ITG,ITG1,19,Sicilia,Sicilia,4999891,1735657,34.71,0.29
2030,2020-12-29,SIC,237,147,90,237,0,0,0,0,0,0,0,0,0,237,0,ITG,ITG1,19,Sicilia,Sicilia,4999891,1735894,34.72,0.0
2031,2021-04-26,SIC,21933,10378,11555,482,221,449,73,1388,1350,3700,14059,51,160,13795,8138,ITG,ITG1,19,Sicilia,Sicilia,4999891,1757827,35.16,0.44
2032,2021-04-30,SIC,35220,16457,18763,963,364,311,182,2971,2647,5156,22072,201,353,24019,11201,ITG,ITG1,19,Sicilia,Sicilia,4999891,1793047,35.86,0.7
2033,2021-02-26,SIC,12211,5969,6242,1837,1119,387,2441,47,18,3950,1,1851,560,10526,1685,ITG,ITG1,19,Sicilia,Sicilia,4999891,1805258,36.11,0.24
2034,2021-02-09,SIC,4411,1823,2588,2225,893,677,0,59,26,15,0,0,516,3356,1055,ITG,ITG1,19,Sicilia,Sicilia,4999891,1809669,36.19,0.09
2035,2021-05-13,SIC,47361,22227,25134,685,400,429,976,3095,1953,3164,24770,1327,10562,30764,16597,ITG,ITG1,19,Sicilia,Sicilia,4999891,1857030,37.14,0.95
2036,2021-01-17,SIC,1302,589,713,624,319,160,0,12,8,3,0,0,176,1245,57,ITG,ITG1,19,Sicilia,Sicilia,4999891,1858332,37.17,0.03
2037,2021-03-22,SIC,16817,7915,8902,912,364,384,1221,151,2147,5640,5652,120,226,11274,5543,ITG,ITG1,19,Sicilia,Sicilia,4999891,1875149,37.5,0.34
2038,2021-04-10,SIC,20664,10085,10579,486,196,367,239,1387,1763,4240,11735,44,207,11620,9044,ITG,ITG1,19,Sicilia,Sicilia,4999891,1895813,37.92,0.41
2039,2021-03-06,SIC,12928,5177,7751,1998,1210,865,3648,105,20,3958,65,706,353,10024,2904,ITG,ITG1,19,Sicilia,Sicilia,4999891,1908741,38.18,0.26
2040,2021-02-05,SIC,7102,3157,3945,3530,1883,851,0,74,32,109,0,0,623,2129,4973,ITG,ITG1,19,Sicilia,Sicilia,4999891,1915843,38.32,0.14
2041,2020-12-30,SIC,175,102,73,158,11,0,0,0,0,0,0,0,6,175,0,ITG,ITG1,19,Sicilia,Sicilia,4999891,1916018,38.32,0.0
2042,2021-03-17,SIC,15161,7459,7702,1403,561,701,62,157,204,5746,6040,43,244,9249,5912,ITG,ITG1,19,Sicilia,Sicilia,4999891,1931179,38.62,0.3
2043,2021-02-22,SIC,8015,4147,3868,1108,449,561,320,30,10,4133,0,1150,254,7524,491,ITG,ITG1,19,Sicilia,Sicilia,4999891,1939194,38.78,0.16
2044,2021-03-19,SIC,16517,8114,8403,1260,586,643,454,148,579,5430,7083,52,282,10786,5731,ITG,ITG1,19,Sicilia,Sicilia,4999891,1955711,39.12,0.33
2045,2021-01-08,SIC,8333,3866,4467,6596,942,213,0,78,33,23,0,0,448,8333,0,ITG,ITG1,19,Sicilia,Sicilia,4999891,1964044,39.28,0.17
2046,2021-03-28,SIC,10933,5137,5796,536,288,161,186,88,941,4512,4074,28,119,6921,4012,ITG,ITG1,19,Sicilia,Sicilia,4999891,1974977,39.5,0.22
2047,2021-01-05,SIC,10535,5162,5373,9082,915,207,0,47,7,4,0,0,273,10535,0,ITG,ITG1,19,Sicilia,Sicilia,4999891,1985512,39.71,0.21
2048,2021-01-06,SIC,6480,3408,3072,5723,436,2,0,51,32,15,0,0,221,6480,0,ITG,ITG1,19,Sicilia,Sicilia,4999891,1991992,39.84,0.13
2049,2021-04-15,SIC,21344,10384,10960,798,446,339,112,1743,1526,4164,11982,35,199,11787,9557,ITG,ITG1,19,Sicilia,Sicilia,4999891,2013336,40.27,0.43
2050,2021-05-19,SIC,42708,20589,22119,555,470,237,1303,3308,1874,1814,16705,1211,15231,28420,14288,ITG,ITG1,19,Sicilia,Sicilia,4999891,2056044,41.12,0.85
2051,2021-03-01,SIC,12960,6119,6841,1555,1041,395,3148,58,18,4372,34,1854,485,11305,1655,ITG,ITG1,19,Sicilia,Sicilia,4999891,2069004,41.38,0.26
2052,2020-12-31,SIC,879,470,409,829,6,0,0,4,0,0,0,0,40,879,0,ITG,ITG1,19,Sicilia,Sicilia,4999891,2069883,41.4,0.02
2053,2021-01-12,SIC,4546,2235,2311,2864,1179,195,0,61,14,29,0,0,204,4546,0,ITG,ITG1,19,Sicilia,Sicilia,4999891,2074429,41.49,0.09
2054,2021-01-22,SIC,1253,634,619,1053,59,118,0,3,0,0,0,0,20,243,1010,ITG,ITG1,19,Sicilia,Sicilia,4999891,2075682,41.51,0.03
2055,2021-05-18,SIC,36119,17306,18813,520,586,336,1284,2529,1806,1846,14160,1422,11630,23541,12578,ITG,ITG1,19,Sicilia,Sicilia,4999891,2111801,42.24,0.72
2056,2021-05-16,SIC,33103,16120,16983,409,172,68,1265,2970,1268,1916,13885,478,10672,21777,11326,ITG,ITG1,19,Sicilia,Sicilia,4999891,2144904,42.9,0.66
2057,2021-02-27,SIC,12428,5559,6869,1511,775,280,3367,149,11,3969,2,1143,1221,11224,1204,ITG,ITG1,19,Sicilia,Sicilia,4999891,2157332,43.15,0.25
2058,2021-01-01,SIC,815,437,378,740,29,0,0,10,0,0,0,0,36,815,0,ITG,ITG1,19,Sicilia,Sicilia,4999891,2158147,43.16,0.02
2059,2021-03-18,SIC,15602,7783,7819,1285,510,617,37,153,186,5459,6993,73,289,9864,5738,ITG,ITG1,19,Sicilia,Sicilia,4999891,2173749,43.48,0.31
2060,2021-01-29,SIC,9354,4316,5038,7145,1601,304,0,27,8,79,1,0,189,426,8928,ITG,ITG1,19,Sicilia,Sicilia,4999891,2183103,43.66,0.19
2061,2021-05-26,SIC,27620,12872,14748,520,383,250,2547,1618,1156,842,9890,1092,9322,13821,13799,ITG,ITG1,19,Sicilia,Sicilia,4999891,2210723,44.22,0.55
2062,2021-03-12,SIC,13110,5608,7502,1387,873,749,2402,236,1986,3873,156,625,823,10894,2216,ITG,ITG1,19,Sicilia,Sicilia,4999891,2223833,44.48,0.26
2063,2021-01-21,SIC,1363,666,697,1032,127,138,0,11,4,0,0,0,51,500,863,ITG,ITG1,19,Sicilia,Sicilia,4999891,2225196,44.5,0.03
2064,2021-04-17,SIC,26182,13224,12958,324,127,246,90,7791,2360,3875,11174,31,164,19030,7152,ITG,ITG1,19,Sicilia,Sicilia,4999891,2251378,45.03,0.52
2065,2021-05-21,SIC,45735,21533,24202,653,548,258,3659,3099,2182,2198,19484,1378,12276,24327,21408,ITG,ITG1,19,Sicilia,Sicilia,4999891,2297113,45.94,0.91
2066,2021-03-10,SIC,13940,5954,7986,1479,1357,979,3759,148,23,4183,139,1106,767,11555,2385,ITG,ITG1,19,Sicilia,Sicilia,4999891,2311053,46.22,0.28
2067,2021-05-11,SIC,32435,15428,17007,613,273,204,760,1668,1505,2839,20013,1447,3113,19892,12543,ITG,ITG1,19,Sicilia,Sicilia,4999891,2343488,46.87,0.65
2068,2020-12-27,SIC,91,55,36,63,1,26,0,0,0,0,0,0,1,91,0,ITG,ITG1,19,Sicilia,Sicilia,4999891,2343579,46.87,0.0
2069,2021-02-20,SIC,7241,3725,3516,829,709,549,176,39,14,3978,9,729,209,6999,242,ITG,ITG1,19,Sicilia,Sicilia,4999891,2350820,47.02,0.14
2070,2021-02-28,ABR,1704,510,1194,23,6,0,1419,8,1,79,0,149,19,1702,2,ITF,ITF1,13,Abruzzo,Abruzzo,1304970,1704,0.13,0.13
2071,2021-01-17,ABR,187,59,128,136,44,0,0,0,0,0,0,0,7,180,7,ITF,ITF1,13,Abruzzo,Abruzzo,1304970,1891,0.14,0.01
2072,2021-05-13,ABR,11148,5041,6107,283,207,46,641,836,1423,627,5789,442,854,7187,3961,ITF,ITF1,13,Abruzzo,Abruzzo,1304970,13039,1.0,0.85
2073,2021-03-17,ABR,4539,1873,2666,285,102,144,11,18,33,3873,16,36,21,2800,1739,ITF,ITF1,13,Abruzzo,Abruzzo,1304970,17578,1.35,0.35
2074,2021-02-04,ABR,1679,615,1064,1168,413,56,0,5,0,0,0,0,37,609,1070,ITF,ITF1,13,Abruzzo,Abruzzo,1304970,19257,1.48,0.13
2075,2021-04-06,ABR,7681,3581,4100,432,99,44,54,114,499,2350,3939,46,104,5362,2319,ITF,ITF1,13,Abruzzo,Abruzzo,1304970,26938,2.06,0.59
2076,2021-02-09,ABR,908,311,597,612,161,131,0,1,1,1,0,0,1,499,409,ITF,ITF1,13,Abruzzo,Abruzzo,1304970,27846,2.13,0.07
2077,2021-05-17,ABR,11026,5040,5986,352,124,103,332,795,2647,426,4746,495,1006,6167,4859,ITF,ITF1,13,Abruzzo,Abruzzo,1304970,38872,2.98,0.84
2078,2021-04-26,ABR,8565,4068,4497,138,105,131,20,1662,2915,1077,2328,38,151,7350,1215,ITF,ITF1,13,Abruzzo,Abruzzo,1304970,47437,3.64,0.66
2079,2021-01-23,ABR,263,114,149,223,14,26,0,0,0,0,0,0,0,57,206,ITF,ITF1,13,Abruzzo,Abruzzo,1304970,47700,3.66,0.02
2080,2021-03-22,ABR,4281,1852,2429,384,388,56,441,31,19,2575,10,234,143,2311,1970,ITF,ITF1,13,Abruzzo,Abruzzo,1304970,51981,3.98,0.33
2081,2021-01-21,ABR,157,47,110,10,6,141,0,0,0,0,0,0,0,157,0,ITF,ITF1,13,Abruzzo,Abruzzo,1304970,52138,4.0,0.01
2082,2021-03-28,ABR,2415,1017,1398,247,129,1,175,105,54,895,421,242,146,2044,371,ITF,ITF1,13,Abruzzo,Abruzzo,1304970,54553,4.18,0.19
2083,2021-05-19,ABR,10695,5111,5584,116,110,19,395,1457,821,207,4235,215,3120,7655,3040,ITF,ITF1,13,Abruzzo,Abruzzo,1304970,65248,5.0,0.82
2084,2021-02-07,ABR,777,307,470,646,111,1,0,3,0,0,0,0,16,201,576,ITF,ITF1,13,Abruzzo,Abruzzo,1304970,66025,5.06,0.06
2085,2021-03-29,ABR,5625,2524,3101,463,54,49,195,71,73,3615,907,63,135,2986,2639,ITF,ITF1,13,Abruzzo,Abruzzo,1304970,71650,5.49,0.43
2086,2021-02-15,ABR,1794,831,963,625,258,221,0,0,10,392,0,262,26,1752,42,ITF,ITF1,13,Abruzzo,Abruzzo,1304970,73444,5.63,0.14
2087,2021-03-19,ABR,5794,2584,3210,756,280,118,13,14,42,4397,19,103,52,2774,3020,ITF,ITF1,13,Abruzzo,Abruzzo,1304970,79238,6.07,0.44
2088,2021-05-14,ABR,10603,5077,5526,244,152,48,160,737,1227,450,6298,368,919,5445,5158,ITF,ITF1,13,Abruzzo,Abruzzo,1304970,89841,6.88,0.81
2089,2021-02-21,ABR,1218,550,668,2,0,3,0,0,2,1209,0,2,0,1217,1,ITF,ITF1,13,Abruzzo,Abruzzo,1304970,91059,6.98,0.09
2090,2021-04-30,ABR,12394,5803,6591,346,141,74,99,2056,2866,1110,5423,33,246,6705,5689,ITF,ITF1,13,Abruzzo,Abruzzo,1304970,103453,7.93,0.95
2091,2021-01-12,ABR,1804,666,1138,1470,190,0,0,23,33,28,0,0,60,1804,0,ITF,ITF1,13,Abruzzo,Abruzzo,1304970,105257,8.07,0.14
2092,2021-02-26,ABR,3914,1670,2244,1025,336,159,260,64,11,1649,6,270,134,2946,968,ITF,ITF1,13,Abruzzo,Abruzzo,1304970,109171,8.37,0.3
2093,2021-03-21,ABR,2134,913,1221,9,0,1,130,7,9,1922,13,34,9,843,1291,ITF,ITF1,13,Abruzzo,Abruzzo,1304970,111305,8.53,0.16
2094,2021-05-20,ABR,12545,5783,6762,264,128,46,692,2001,1197,254,4989,285,2689,7330,5215,ITF,ITF1,13,Abruzzo,Abruzzo,1304970,123850,9.49,0.96
2095,2021-03-05,ABR,5347,1957,3390,562,229,108,1408,79,4,2596,2,232,127,4649,698,ITF,ITF1,13,Abruzzo,Abruzzo,1304970,129197,9.9,0.41
2096,2021-05-26,ABR,8231,3837,4394,166,76,25,528,1090,421,121,2920,181,2703,5372,2859,ITF,ITF1,13,Abruzzo,Abruzzo,1304970,137428,10.53,0.63
2097,2021-01-22,ABR,118,57,61,2,1,112,0,1,0,0,0,0,2,118,0,ITF,ITF1,13,Abruzzo,Abruzzo,1304970,137546,10.54,0.01
2098,2021-02-12,ABR,1228,567,661,438,151,310,0,1,0,66,0,260,2,1039,189,ITF,ITF1,13,Abruzzo,Abruzzo,1304970,138774,10.63,0.09
2099,2021-03-06,ABR,4176,1357,2819,433,187,52,1555,29,8,1753,0,15,144,3606,570,ITF,ITF1,13,Abruzzo,Abruzzo,1304970,142950,10.95,0.32
2100,2021-03-18,ABR,3896,1651,2245,281,135,20,7,21,33,3297,4,68,30,2065,1831,ITF,ITF1,13,Abruzzo,Abruzzo,1304970,146846,11.25,0.3
2101,2021-05-10,ABR,10111,4788,5323,147,82,27,77,864,1935,341,5906,285,447,5460,4651,ITF,ITF1,13,Abruzzo,Abruzzo,1304970,156957,12.03,0.77
2102,2021-02-13,ABR,848,383,465,552,206,72,0,1,1,8,0,0,8,436,412,ITF,ITF1,13,Abruzzo,Abruzzo,1304970,157805,12.09,0.06
2103,2021-03-01,ABR,3477,1384,2093,690,174,174,282,18,10,1912,2,131,84,2725,752,ITF,ITF1,13,Abruzzo,Abruzzo,1304970,161282,12.36,0.27
2104,2021-04-22,ABR,6663,3193,3470,82,45,116,28,312,2117,921,2867,37,138,4982,1681,ITF,ITF1,13,Abruzzo,Abruzzo,1304970,167945,12.87,0.51
2105,2021-03-03,ABR,4621,1879,2742,1222,211,97,853,28,0,1586,3,385,236,3715,906,ITF,ITF1,13,Abruzzo,Abruzzo,1304970,172566,13.22,0.35
2106,2021-04-17,ABR,7346,3398,3948,349,251,23,65,192,454,2263,3665,32,52,4293,3053,ITF,ITF1,13,Abruzzo,Abruzzo,1304970,179912,13.79,0.56
2107,2021-05-07,ABR,12202,5707,6495,127,117,33,40,1576,2009,569,7176,85,470,7771,4431,ITF,ITF1,13,Abruzzo,Abruzzo,1304970,192114,14.72,0.94
2108,2021-03-08,ABR,5122,1667,3455,1188,280,115,2192,51,3,1032,0,105,156,4150,972,ITF,ITF1,13,Abruzzo,Abruzzo,1304970,197236,15.11,0.39
2109,2020-12-27,ABR,37,19,18,34,1,2,0,0,0,0,0,0,0,37,0,ITF,ITF1,13,Abruzzo,Abruzzo,1304970,197273,15.12,0.0
2110,2021-03-31,ABR,6648,2879,3769,446,279,80,245,53,83,3257,2043,30,132,4581,2067,ITF,ITF1,13,Abruzzo,Abruzzo,1304970,203921,15.63,0.51
2111,2021-03-10,ABR,4947,1638,3309,736,300,248,1870,27,4,1520,11,128,103,3991,956,ITF,ITF1,13,Abruzzo,Abruzzo,1304970,208868,16.01,0.38
2112,2021-02-23,ABR,2782,1275,1507,324,184,217,100,4,8,1490,2,286,167,2771,11,ITF,ITF1,13,Abruzzo,Abruzzo,1304970,211650,16.22,0.21
2113,2021-04-18,ABR,5811,2726,3085,149,71,25,19,75,168,963,4303,13,25,4869,942,ITF,ITF1,13,Abruzzo,Abruzzo,1304970,217461,16.66,0.45
2114,2021-03-04,ABR,5934,2358,3576,1170,322,92,817,39,12,2992,5,329,156,5013,921,ITF,ITF1,13,Abruzzo,Abruzzo,1304970,223395,17.12,0.45
2115,2021-03-23,ABR,4782,2143,2639,177,183,183,400,14,23,3356,13,355,78,2216,2566,ITF,ITF1,13,Abruzzo,Abruzzo,1304970,228177,17.49,0.37
2116,2021-01-31,ABR,1501,487,1014,1154,236,102,0,1,0,0,0,0,8,286,1215,ITF,ITF1,13,Abruzzo,Abruzzo,1304970,229678,17.6,0.12
2117,2021-01-27,ABR,1364,515,849,1301,61,0,0,1,0,0,0,0,1,39,1325,ITF,ITF1,13,Abruzzo,Abruzzo,1304970,231042,17.7,0.1
2118,2021-03-09,ABR,5168,1795,3373,986,311,86,2046,31,3,1320,69,214,102,4229,939,ITF,ITF1,13,Abruzzo,Abruzzo,1304970,236210,18.1,0.4
2119,2021-04-19,ABR,6226,2856,3370,77,74,36,22,149,2246,1259,2220,26,117,3855,2371,ITF,ITF1,13,Abruzzo,Abruzzo,1304970,242436,18.58,0.48
2120,2021-05-23,ABR,9875,4696,5179,71,135,4,844,1211,380,141,2799,54,4236,7189,2686,ITF,ITF1,13,Abruzzo,Abruzzo,1304970,252311,19.33,0.76
2121,2021-04-24,ABR,8712,3971,4741,84,137,137,23,324,1369,1227,5314,21,76,7180,1532,ITF,ITF1,13,Abruzzo,Abruzzo,1304970,261023,20.0,0.67
2122,2021-05-15,ABR,11423,5174,6249,158,515,24,90,1184,1157,291,6719,185,1100,6127,5296,ITF,ITF1,13,Abruzzo,Abruzzo,1304970,272446,20.88,0.88
2123,2021-01-24,ABR,50,22,28,49,1,0,0,0,0,0,0,0,0,6,44,ITF,ITF1,13,Abruzzo,Abruzzo,1304970,272496,20.88,0.0
2124,2021-01-04,ABR,1401,575,826,1396,5,0,0,0,0,0,0,0,0,1401,0,ITF,ITF1,13,Abruzzo,Abruzzo,1304970,273897,20.99,0.11
2125,2021-03-11,ABR,5419,2183,3236,1321,265,241,1563,50,20,1537,16,247,159,4280,1139,ITF,ITF1,13,Abruzzo,Abruzzo,1304970,279316,21.4,0.42
2126,2021-05-08,ABR,10302,4876,5426,137,120,46,31,1461,1591,748,5347,227,594,6466,3836,ITF,ITF1,13,Abruzzo,Abruzzo,1304970,289618,22.19,0.79
2127,2021-02-01,ABR,1632,573,1059,1384,228,1,0,3,0,0,0,0,16,271,1361,ITF,ITF1,13,Abruzzo,Abruzzo,1304970,291250,22.32,0.13
2128,2021-01-20,ABR,447,156,291,147,73,204,0,12,0,0,0,0,11,445,2,ITF,ITF1,13,Abruzzo,Abruzzo,1304970,291697,22.35,0.03
2129,2021-04-05,ABR,2693,1147,1546,136,205,4,16,31,41,1371,844,11,34,1813,880,ITF,ITF1,13,Abruzzo,Abruzzo,1304970,294390,22.56,0.21
2130,2021-04-13,ABR,5880,2753,3127,94,61,78,150,85,407,1260,3666,31,48,4680,1200,ITF,ITF1,13,Abruzzo,Abruzzo,1304970,300270,23.01,0.45
2131,2021-02-03,ABR,2061,717,1344,1541,362,118,0,4,0,0,0,0,36,419,1642,ITF,ITF1,13,Abruzzo,Abruzzo,1304970,302331,23.17,0.16
2132,2021-01-03,ABR,471,185,286,464,7,0,0,0,0,0,0,0,0,471,0,ITF,ITF1,13,Abruzzo,Abruzzo,1304970,302802,23.2,0.04
2133,2021-04-09,ABR,8791,4139,4652,310,120,32,44,122,827,3291,3908,40,97,6252,2539,ITF,ITF1,13,Abruzzo,Abruzzo,1304970,311593,23.88,0.67
2134,2021-01-28,ABR,1433,495,938,1370,61,1,0,0,1,0,0,0,0,12,1421,ITF,ITF1,13,Abruzzo,Abruzzo,1304970,313026,23.99,0.11
2135,2021-03-15,ABR,3630,1395,2235,657,358,79,330,27,40,1957,2,54,126,1822,1808,ITF,ITF1,13,Abruzzo,Abruzzo,1304970,316656,24.27,0.28
2136,2021-04-07,ABR,7130,3283,3847,187,214,82,15,69,110,3226,3054,96,77,4405,2725,ITF,ITF1,13,Abruzzo,Abruzzo,1304970,323786,24.81,0.55
2137,2021-01-19,ABR,111,55,56,27,3,50,0,8,0,0,0,0,23,91,20,ITF,ITF1,13,Abruzzo,Abruzzo,1304970,323897,24.82,0.01
2138,2021-03-27,ABR,6121,2620,3501,189,228,48,216,86,155,4269,736,77,117,3636,2485,ITF,ITF1,13,Abruzzo,Abruzzo,1304970,330018,25.29,0.47
2139,2021-05-01,ABR,10744,5051,5693,114,61,41,39,1239,1709,1138,6244,23,136,5769,4975,ITF,ITF1,13,Abruzzo,Abruzzo,1304970,340762,26.11,0.82
2140,2021-03-24,ABR,6387,2785,3602,485,299,231,430,114,238,3423,547,344,276,4134,2253,ITF,ITF1,13,Abruzzo,Abruzzo,1304970,347149,26.6,0.49
2141,2021-01-13,ABR,1253,440,813,1103,99,0,0,7,1,7,0,0,36,1253,0,ITF,ITF1,13,Abruzzo,Abruzzo,1304970,348402,26.7,0.1
2142,2021-04-14,ABR,6503,2896,3607,336,96,119,61,86,434,1467,3840,18,46,4423,2080,ITF,ITF1,13,Abruzzo,Abruzzo,1304970,354905,27.2,0.5
2143,2021-03-07,ABR,2516,628,1888,28,99,4,1815,68,10,464,0,1,27,2516,0,ITF,ITF1,13,Abruzzo,Abruzzo,1304970,357421,27.39,0.19
2144,2021-03-30,ABR,5057,2198,2859,211,204,38,286,52,57,2743,1327,51,88,3233,1824,ITF,ITF1,13,Abruzzo,Abruzzo,1304970,362478,27.78,0.39
2145,2021-03-25,ABR,5686,2561,3125,249,211,40,448,58,102,3821,239,311,207,3070,2616,ITF,ITF1,13,Abruzzo,Abruzzo,1304970,368164,28.21,0.44
2146,2021-05-12,ABR,9616,4586,5030,158,115,111,182,816,1342,300,5359,421,812,6046,3570,ITF,ITF1,13,Abruzzo,Abruzzo,1304970,377780,28.95,0.74
2147,2021-03-13,ABR,4124,1420,2704,518,606,137,1057,77,36,1402,6,105,180,3082,1042,ITF,ITF1,13,Abruzzo,Abruzzo,1304970,381904,29.27,0.32
2148,2021-04-28,ABR,9510,4585,4925,162,148,74,20,2354,1816,854,3888,35,159,7486,2024,ITF,ITF1,13,Abruzzo,Abruzzo,1304970,391414,29.99,0.73
2149,2021-04-02,ABR,6684,3093,3591,184,609,26,95,77,215,3304,2044,79,51,5197,1487,ITF,ITF1,13,Abruzzo,Abruzzo,1304970,398098,30.51,0.51
2150,2021-01-16,ABR,928,428,500,711,188,15,0,4,0,0,0,0,10,928,0,ITF,ITF1,13,Abruzzo,Abruzzo,1304970,399026,30.58,0.07
2151,2021-03-26,ABR,5305,2263,3042,265,213,37,451,75,122,3399,357,241,145,3231,2074,ITF,ITF1,13,Abruzzo,Abruzzo,1304970,404331,30.98,0.41
2152,2021-04-04,ABR,1630,767,863,94,57,2,4,9,282,446,718,2,16,1501,129,ITF,ITF1,13,Abruzzo,Abruzzo,1304970,405961,31.11,0.12
2153,2021-02-22,ABR,2643,1174,1469,477,275,46,251,4,4,1094,0,418,74,2613,30,ITF,ITF1,13,Abruzzo,Abruzzo,1304970,408604,31.31,0.2
2154,2021-03-12,ABR,6014,1985,4029,1002,591,138,2188,46,11,1726,2,141,169,4432,1582,ITF,ITF1,13,Abruzzo,Abruzzo,1304970,414618,31.77,0.46
2155,2021-03-16,ABR,3484,1452,2032,284,74,168,12,19,44,2849,6,8,20,1830,1654,ITF,ITF1,13,Abruzzo,Abruzzo,1304970,418102,32.04,0.27
2156,2021-04-10,ABR,8772,4057,4715,390,302,14,147,224,1132,2931,3456,32,144,6264,2508,ITF,ITF1,13,Abruzzo,Abruzzo,1304970,426874,32.71,0.67
2157,2021-02-11,ABR,816,262,554,473,184,154,0,0,0,0,0,0,5,773,43,ITF,ITF1,13,Abruzzo,Abruzzo,1304970,427690,32.77,0.06
2158,2021-04-15,ABR,7760,3626,4134,199,97,92,53,87,330,1567,5240,28,67,5921,1839,ITF,ITF1,13,Abruzzo,Abruzzo,1304970,435450,33.37,0.59
2159,2021-05-21,ABR,13003,6327,6676,202,181,44,408,2187,1035,342,4476,325,3803,8027,4976,ITF,ITF1,13,Abruzzo,Abruzzo,1304970,448453,34.37,1.0
2160,2021-01-06,ABR,1830,664,1166,1546,148,133,0,0,0,0,0,0,3,1830,0,ITF,ITF1,13,Abruzzo,Abruzzo,1304970,450283,34.51,0.14
2161,2021-01-05,ABR,1614,604,1010,1604,10,0,0,0,0,0,0,0,0,1614,0,ITF,ITF1,13,Abruzzo,Abruzzo,1304970,451897,34.63,0.12
2162,2021-05-25,ABR,11216,5197,6019,367,188,58,1052,1309,762,173,2598,146,4563,8093,3123,ITF,ITF1,13,Abruzzo,Abruzzo,1304970,463113,35.49,0.86
2163,2021-05-04,ABR,10701,5042,5659,176,116,17,36,1777,2523,357,5306,46,347,7083,3618,ITF,ITF1,13,Abruzzo,Abruzzo,1304970,473814,36.31,0.82
2164,2021-01-15,ABR,379,149,230,223,79,35,0,7,2,0,0,0,33,379,0,ITF,ITF1,13,Abruzzo,Abruzzo,1304970,474193,36.34,0.03
2165,2021-04-01,ABR,5545,2458,3087,273,117,56,152,155,160,2924,1526,48,134,3458,2087,ITF,ITF1,13,Abruzzo,Abruzzo,1304970,479738,36.76,0.42
2166,2021-04-03,ABR,5083,2219,2864,175,92,27,84,75,112,2403,1962,62,91,3487,1596,ITF,ITF1,13,Abruzzo,Abruzzo,1304970,484821,37.15,0.39
2167,2021-02-08,ABR,1197,396,801,710,214,264,0,1,0,0,0,0,8,487,710,ITF,ITF1,13,Abruzzo,Abruzzo,1304970,486018,37.24,0.09
2168,2021-01-18,ABR,122,48,74,106,8,2,0,3,0,0,0,0,3,46,76,ITF,ITF1,13,Abruzzo,Abruzzo,1304970,486140,37.25,0.01
2169,2021-02-27,ABR,2811,1337,1474,253,84,126,875,17,6,732,1,656,61,2545,266,ITF,ITF1,13,Abruzzo,Abruzzo,1304970,488951,37.47,0.22
2170,2021-04-11,ABR,5330,2606,2724,15,8,7,6,93,628,784,3732,6,51,4847,483,ITF,ITF1,13,Abruzzo,Abruzzo,1304970,494281,37.88,0.41
2171,2021-02-24,ABR,3305,1442,1863,391,180,248,131,12,12,1968,4,247,112,3129,176,ITF,ITF1,13,Abruzzo,Abruzzo,1304970,497586,38.13,0.25
2172,2021-01-29,ABR,1386,449,937,1290,95,0,0,1,0,0,0,0,0,74,1312,ITF,ITF1,13,Abruzzo,Abruzzo,1304970,498972,38.24,0.11
2173,2021-05-16,ABR,9581,4140,5441,159,210,19,1181,1164,635,240,5327,102,544,5765,3816,ITF,ITF1,13,Abruzzo,Abruzzo,1304970,508553,38.97,0.73
2174,2021-01-25,ABR,1603,632,971,1583,19,0,0,0,0,0,0,0,1,19,1584,ITF,ITF1,13,Abruzzo,Abruzzo,1304970,510156,39.09,0.12
2175,2021-02-17,ABR,2071,948,1123,512,144,393,1,0,21,714,0,210,76,1789,282,ITF,ITF1,13,Abruzzo,Abruzzo,1304970,512227,39.25,0.16
2176,2021-03-20,ABR,4786,2196,2590,318,227,62,98,63,101,3650,50,99,118,2618,2168,ITF,ITF1,13,Abruzzo,Abruzzo,1304970,517013,39.62,0.37
2177,2021-04-12,ABR,6225,2950,3275,218,67,50,34,192,504,1303,3756,20,81,5051,1174,ITF,ITF1,13,Abruzzo,Abruzzo,1304970,523238,40.1,0.48
2178,2021-01-07,ABR,1603,552,1051,1566,37,0,0,0,0,0,0,0,0,1603,0,ITF,ITF1,13,Abruzzo,Abruzzo,1304970,524841,40.22,0.12
2179,2021-01-09,ABR,1483,565,918,1430,50,0,0,1,0,0,0,0,2,1483,0,ITF,ITF1,13,Abruzzo,Abruzzo,1304970,526324,40.33,0.11
2180,2021-01-08,ABR,1525,507,1018,1487,36,0,0,1,1,0,0,0,0,1525,0,ITF,ITF1,13,Abruzzo,Abruzzo,1304970,527849,40.45,0.12
2181,2021-05-11,ABR,10737,5097,5640,190,187,24,62,627,1508,340,6631,487,681,5909,4828,ITF,ITF1,13,Abruzzo,Abruzzo,1304970,538586,41.27,0.82
2182,2021-02-16,ABR,1918,842,1076,841,278,139,0,4,2,501,0,75,78,1906,12,ITF,ITF1,13,Abruzzo,Abruzzo,1304970,540504,41.42,0.15
2183,2021-02-18,ABR,2288,933,1355,670,297,414,0,3,5,612,0,215,72,2158,130,ITF,ITF1,13,Abruzzo,Abruzzo,1304970,542792,41.59,0.18
2184,2021-02-19,ABR,3300,1551,1749,990,346,371,8,10,9,1113,1,402,50,3200,100,ITF,ITF1,13,Abruzzo,Abruzzo,1304970,546092,41.85,0.25
2185,2021-04-29,ABR,12667,5849,6818,286,87,85,109,2847,3189,817,4973,57,217,9572,3095,ITF,ITF1,13,Abruzzo,Abruzzo,1304970,558759,42.82,0.97
2186,2021-05-18,ABR,12121,5665,6456,175,148,63,291,1065,1347,248,6045,301,2438,7737,4384,ITF,ITF1,13,Abruzzo,Abruzzo,1304970,570880,43.75,0.93
2187,2021-01-14,ABR,530,189,341,364,114,0,0,4,5,34,0,0,9,530,0,ITF,ITF1,13,Abruzzo,Abruzzo,1304970,571410,43.79,0.04
2188,2021-05-06,ABR,12978,6032,6946,253,126,52,29,1635,2299,502,7248,94,740,7966,5012,ITF,ITF1,13,Abruzzo,Abruzzo,1304970,584388,44.78,0.99
2189,2021-01-26,ABR,1542,567,975,1513,29,0,0,0,0,0,0,0,0,30,1512,ITF,ITF1,13,Abruzzo,Abruzzo,1304970,585930,44.9,0.12
2190,2021-04-21,ABR,6384,3100,3284,63,53,13,14,989,1513,1020,2597,9,113,4710,1674,ITF,ITF1,13,Abruzzo,Abruzzo,1304970,592314,45.39,0.49
2191,2021-02-25,ABR,3042,1330,1712,615,398,57,126,28,6,1465,2,262,83,2514,528,ITF,ITF1,13,Abruzzo,Abruzzo,1304970,595356,45.62,0.23
2192,2021-02-10,ABR,947,312,635,621,182,116,0,5,0,0,0,0,23,503,444,ITF,ITF1,13,Abruzzo,Abruzzo,1304970,596303,45.69,0.07
2193,2021-01-10,ABR,1139,409,730,1091,44,0,0,0,0,0,0,0,4,1139,0,ITF,ITF1,13,Abruzzo,Abruzzo,1304970,597442,45.78,0.09
2194,2021-02-20,ABR,4777,1842,2935,310,443,193,1886,5,12,1416,1,405,106,4701,76,ITF,ITF1,13,Abruzzo,Abruzzo,1304970,602219,46.15,0.37
2195,2021-04-25,ABR,9068,4621,4447,66,54,22,5,4355,1781,589,2066,19,111,8258,810,ITF,ITF1,13,Abruzzo,Abruzzo,1304970,611287,46.84,0.69
2196,2021-04-27,ABR,9086,4371,4715,116,101,22,34,1767,2360,958,3550,27,151,6618,2468,ITF,ITF1,13,Abruzzo,Abruzzo,1304970,620373,47.54,0.7
2197,2021-04-23,ABR,7369,3382,3987,157,67,122,27,536,1643,1533,3170,14,100,5067,2302,ITF,ITF1,13,Abruzzo,Abruzzo,1304970,627742,48.1,0.56
2198,2021-05-24,ABR,12183,5787,6396,151,185,169,961,1609,909,287,2543,114,5255,8878,3305,ITF,ITF1,13,Abruzzo,Abruzzo,1304970,639925,49.04,0.93
2199,2021-03-14,ABR,1884,731,1153,8,3,0,249,21,7,1477,0,2,117,1217,667,ITF,ITF1,13,Abruzzo,Abruzzo,1304970,641809,49.18,0.14
2200,2021-05-03,ABR,11108,5239,5869,279,119,65,93,1671,2763,490,5370,21,237,7258,3850,ITF,ITF1,13,Abruzzo,Abruzzo,1304970,652917,50.03,0.85
2201,2021-04-20,ABR,5589,2689,2900,39,82,1,20,326,2180,920,1948,18,55,4179,1410,ITF,ITF1,13,Abruzzo,Abruzzo,1304970,658506,50.46,0.43
2202,2021-05-09,ABR,9154,4090,5064,74,59,55,959,958,1399,407,4637,133,473,4282,4872,ITF,ITF1,13,Abruzzo,Abruzzo,1304970,667660,51.16,0.7
2203,2021-02-06,ABR,1610,742,868,1167,278,72,0,14,7,2,0,0,70,602,1008,ITF,ITF1,13,Abruzzo,Abruzzo,1304970,669270,51.29,0.12
2204,2021-02-05,ABR,1534,521,1013,1187,188,106,0,9,0,0,0,0,44,788,746,ITF,ITF1,13,Abruzzo,Abruzzo,1304970,670804,51.4,0.12
2205,2021-01-30,ABR,1510,567,943,1349,112,47,0,0,0,0,0,0,2,69,1441,ITF,ITF1,13,Abruzzo,Abruzzo,1304970,672314,51.52,0.12
2206,2021-01-02,ABR,548,218,330,540,5,0,0,0,0,0,0,0,3,548,0,ITF,ITF1,13,Abruzzo,Abruzzo,1304970,672862,51.56,0.04
2207,2021-04-16,ABR,7535,3488,4047,157,79,46,33,166,271,1685,5043,12,43,5618,1917,ITF,ITF1,13,Abruzzo,Abruzzo,1304970,680397,52.14,0.58
2208,2021-05-05,ABR,11571,5540,6031,160,194,49,31,1227,2110,476,6690,29,605,6442,5129,ITF,ITF1,13,Abruzzo,Abruzzo,1304970,691968,53.03,0.89
2209,2021-01-11,ABR,1551,557,994,1337,152,48,0,3,0,0,0,0,11,1551,0,ITF,ITF1,13,Abruzzo,Abruzzo,1304970,693519,53.14,0.12
2210,2021-05-02,ABR,10422,5087,5335,148,78,4,20,1158,1685,336,6825,23,145,5212,5210,ITF,ITF1,13,Abruzzo,Abruzzo,1304970,703941,53.94,0.8
2211,2021-04-08,ABR,7338,3317,4021,156,85,73,203,70,404,2632,3619,45,51,5060,2278,ITF,ITF1,13,Abruzzo,Abruzzo,1304970,711279,54.51,0.56
2212,2021-03-02,ABR,3963,1676,2287,934,220,53,405,82,3,1856,2,299,109,3279,684,ITF,ITF1,13,Abruzzo,Abruzzo,1304970,715242,54.81,0.3
2213,2021-05-22,ABR,13061,6348,6713,145,204,31,231,2004,901,406,4198,111,4830,8170,4891,ITF,ITF1,13,Abruzzo,Abruzzo,1304970,728303,55.81,1.0
2214,2021-02-02,ABR,1778,672,1106,1235,395,139,0,1,0,0,0,0,8,222,1556,ITF,ITF1,13,Abruzzo,Abruzzo,1304970,730081,55.95,0.14
2215,2021-05-17,MAR,11854,5568,6286,226,150,67,106,3242,2558,271,4033,13,1188,7691,4163,ITI,ITI3,11,Marche,Marche,1525271,11854,0.78,0.78
2216,2021-04-27,MAR,9401,4309,5092,146,58,37,288,1367,3914,1044,2466,37,44,5413,3988,ITI,ITI3,11,Marche,Marche,1525271,21255,1.39,0.62
2217,2021-02-16,MAR,1287,475,812,733,433,92,0,3,2,0,0,0,24,1257,30,ITI,ITI3,11,Marche,Marche,1525271,22542,1.48,0.08
2218,2021-02-28,MAR,2836,1251,1585,19,6,0,2,1,3,2796,0,2,7,2830,6,ITI,ITI3,11,Marche,Marche,1525271,25378,1.66,0.19
2219,2021-03-25,MAR,6657,2774,3883,464,148,373,519,95,27,4383,258,122,268,3247,3410,ITI,ITI3,11,Marche,Marche,1525271,32035,2.1,0.44
2220,2021-01-23,MAR,557,190,367,440,53,63,0,0,0,0,0,0,1,123,434,ITI,ITI3,11,Marche,Marche,1525271,32592,2.14,0.04
2221,2021-03-22,MAR,5655,2376,3279,406,232,69,433,14,13,4182,19,238,49,2527,3128,ITI,ITI3,11,Marche,Marche,1525271,38247,2.51,0.37
2222,2021-02-21,MAR,376,141,235,204,62,57,1,11,1,0,0,0,40,375,1,ITI,ITI3,11,Marche,Marche,1525271,38623,2.53,0.02
2223,2021-04-29,MAR,13246,6061,7185,264,136,92,636,1908,3644,1419,4960,89,98,7149,6097,ITI,ITI3,11,Marche,Marche,1525271,51869,3.4,0.87
2224,2021-03-29,MAR,5860,2567,3293,227,147,39,215,34,65,4255,722,75,81,3435,2425,ITI,ITI3,11,Marche,Marche,1525271,57729,3.78,0.38
2225,2021-05-06,MAR,12655,5820,6835,310,201,136,428,1448,3161,1039,5430,169,333,5582,7073,ITI,ITI3,11,Marche,Marche,1525271,70384,4.61,0.83
2226,2021-03-09,MAR,5429,2293,3136,752,224,41,1069,20,3,2586,122,558,54,4549,880,ITI,ITI3,11,Marche,Marche,1525271,75813,4.97,0.36
2227,2021-05-11,MAR,10624,4832,5792,246,150,133,347,2492,3016,519,3399,19,303,5679,4945,ITI,ITI3,11,Marche,Marche,1525271,86437,5.67,0.7
2228,2021-02-15,MAR,967,412,555,539,389,1,0,4,1,1,12,0,20,954,13,ITI,ITI3,11,Marche,Marche,1525271,87404,5.73,0.06
2229,2021-01-02,MAR,453,139,314,444,9,0,0,0,0,0,0,0,0,453,0,ITI,ITI3,11,Marche,Marche,1525271,87857,5.76,0.03
2230,2021-02-03,MAR,2124,741,1383,1344,569,166,0,4,5,2,0,0,34,119,2005,ITI,ITI3,11,Marche,Marche,1525271,89981,5.9,0.14
2231,2021-01-24,MAR,880,339,541,762,117,0,0,0,0,0,0,0,1,5,875,ITI,ITI3,11,Marche,Marche,1525271,90861,5.96,0.06
2232,2021-01-04,MAR,1503,565,938,1291,196,11,0,1,0,0,0,0,4,1503,0,ITI,ITI3,11,Marche,Marche,1525271,92364,6.06,0.1
2233,2021-03-15,MAR,4401,2026,2375,300,81,10,241,36,8,3477,27,115,106,1311,3090,ITI,ITI3,11,Marche,Marche,1525271,96765,6.34,0.29
2234,2021-01-03,MAR,896,348,548,759,130,0,0,1,0,0,0,0,6,896,0,ITI,ITI3,11,Marche,Marche,1525271,97661,6.4,0.06
2235,2021-05-25,MAR,11679,5762,5917,112,75,21,864,3039,1155,138,1425,626,4224,8725,2954,ITI,ITI3,11,Marche,Marche,1525271,109340,7.17,0.77
2236,2021-03-11,MAR,6594,2784,3810,1094,385,52,1097,24,9,3226,86,518,103,5224,1370,ITI,ITI3,11,Marche,Marche,1525271,115934,7.6,0.43
2237,2021-01-15,MAR,1771,500,1271,985,358,365,0,9,3,0,0,0,51,1771,0,ITI,ITI3,11,Marche,Marche,1525271,117705,7.72,0.12
2238,2021-04-23,MAR,11159,5140,6019,182,84,73,53,2839,3416,1685,2724,45,58,8104,3055,ITI,ITI3,11,Marche,Marche,1525271,128864,8.45,0.73
2239,2021-04-20,MAR,10699,4996,5703,179,74,101,87,1951,4632,588,3041,21,25,9282,1417,ITI,ITI3,11,Marche,Marche,1525271,139563,9.15,0.7
2240,2021-04-01,MAR,7578,3183,4395,387,239,46,283,37,157,4613,1675,70,71,4162,3416,ITI,ITI3,11,Marche,Marche,1525271,147141,9.65,0.5
2241,2021-03-13,MAR,5763,2653,3110,662,166,52,237,7,7,4238,13,352,29,1806,3957,ITI,ITI3,11,Marche,Marche,1525271,152904,10.02,0.38
2242,2021-01-19,MAR,227,82,145,122,20,85,0,0,0,0,0,0,0,141,86,ITI,ITI3,11,Marche,Marche,1525271,153131,10.04,0.01
2243,2021-05-02,MAR,8898,3936,4962,275,116,4,936,1936,2168,745,2636,39,43,3160,5738,ITI,ITI3,11,Marche,Marche,1525271,162029,10.62,0.58
2244,2021-04-16,MAR,10081,4702,5379,321,141,76,512,227,3818,683,4075,20,208,9556,525,ITI,ITI3,11,Marche,Marche,1525271,172110,11.28,0.66
2245,2021-03-30,MAR,7418,3044,4374,523,321,275,366,43,113,4251,1386,77,63,4603,2815,ITI,ITI3,11,Marche,Marche,1525271,179528,11.77,0.49
2246,2021-01-13,MAR,2105,746,1359,1408,578,76,0,6,5,15,0,0,17,2105,0,ITI,ITI3,11,Marche,Marche,1525271,181633,11.91,0.14
2247,2021-02-06,MAR,2460,901,1559,1402,536,415,0,21,8,4,0,0,74,522,1938,ITI,ITI3,11,Marche,Marche,1525271,184093,12.07,0.16
2248,2021-02-05,MAR,2155,653,1502,1318,346,418,0,6,8,2,0,0,57,440,1715,ITI,ITI3,11,Marche,Marche,1525271,186248,12.21,0.14
2249,2021-04-19,MAR,9602,4497,5105,243,124,13,64,1477,4116,973,2414,36,142,8022,1580,ITI,ITI3,11,Marche,Marche,1525271,195850,12.84,0.63
2250,2021-02-19,MAR,1962,712,1250,1267,402,203,2,7,4,2,13,0,62,1827,135,ITI,ITI3,11,Marche,Marche,1525271,197812,12.97,0.13
2251,2021-02-10,MAR,1439,452,987,881,292,215,0,6,1,0,0,0,44,1080,359,ITI,ITI3,11,Marche,Marche,1525271,199251,13.06,0.09
2252,2021-02-18,MAR,2101,745,1356,1149,499,402,1,14,4,1,0,0,31,1815,286,ITI,ITI3,11,Marche,Marche,1525271,201352,13.2,0.14
2253,2021-04-17,MAR,11701,5318,6383,205,152,130,613,326,4072,921,5160,14,108,10626,1075,ITI,ITI3,11,Marche,Marche,1525271,213053,13.97,0.77
2254,2021-03-10,MAR,5667,2401,3266,721,411,114,1035,11,11,2673,100,552,39,4530,1137,ITI,ITI3,11,Marche,Marche,1525271,218720,14.34,0.37
2255,2021-03-27,MAR,7377,3072,4305,278,169,144,711,77,104,4072,1512,133,177,5019,2358,ITI,ITI3,11,Marche,Marche,1525271,226097,14.82,0.48
2256,2021-01-31,MAR,1920,770,1150,1527,389,0,0,1,0,0,0,0,3,105,1815,ITI,ITI3,11,Marche,Marche,1525271,228017,14.95,0.13
2257,2021-01-14,MAR,2010,692,1318,1112,558,298,0,4,1,0,0,0,37,2010,0,ITI,ITI3,11,Marche,Marche,1525271,230027,15.08,0.13
2258,2021-01-18,MAR,673,230,443,370,116,132,0,5,8,30,0,0,12,547,126,ITI,ITI3,11,Marche,Marche,1525271,230700,15.13,0.04
2259,2020-12-30,MAR,17,5,12,14,3,0,0,0,0,0,0,0,0,17,0,ITI,ITI3,11,Marche,Marche,1525271,230717,15.13,0.0
2260,2021-02-24,MAR,3486,1515,1971,228,191,210,1,4,4,2819,22,3,4,3408,78,ITI,ITI3,11,Marche,Marche,1525271,234203,15.35,0.23
2261,2021-03-02,MAR,4953,1941,3012,589,184,256,536,11,3,3316,4,3,51,4387,566,ITI,ITI3,11,Marche,Marche,1525271,239156,15.68,0.32
2262,2021-01-17,MAR,1606,687,919,971,367,46,0,50,30,4,0,0,138,1550,56,ITI,ITI3,11,Marche,Marche,1525271,240762,15.78,0.11
2263,2021-05-24,MAR,10795,5112,5683,80,76,13,1012,2684,1144,156,1729,528,3373,8121,2674,ITI,ITI3,11,Marche,Marche,1525271,251557,16.49,0.71
2264,2021-04-28,MAR,10734,4890,5844,216,60,85,322,1630,3740,991,3400,42,248,6003,4731,ITI,ITI3,11,Marche,Marche,1525271,262291,17.2,0.7
2265,2021-04-09,MAR,9558,4189,5369,273,71,103,1305,82,2303,1608,3669,70,74,9357,201,ITI,ITI3,11,Marche,Marche,1525271,271849,17.82,0.63
2266,2021-04-26,MAR,8980,3983,4997,155,70,30,179,1735,4039,897,1774,42,59,5958,3022,ITI,ITI3,11,Marche,Marche,1525271,280829,18.41,0.59
2267,2021-02-20,MAR,4121,1705,2416,118,118,261,0,17,13,3576,0,3,15,4010,111,ITI,ITI3,11,Marche,Marche,1525271,284950,18.68,0.27
2268,2021-03-20,MAR,4135,1740,2395,180,63,114,88,10,4,3632,14,12,18,1049,3086,ITI,ITI3,11,Marche,Marche,1525271,289085,18.95,0.27
2269,2021-04-05,MAR,5688,2355,3333,251,84,103,758,54,1004,2267,1108,28,31,4419,1269,ITI,ITI3,11,Marche,Marche,1525271,294773,19.33,0.37
2270,2021-05-13,MAR,12603,5695,6908,243,158,66,251,3050,2548,762,5083,25,417,7104,5499,ITI,ITI3,11,Marche,Marche,1525271,307376,20.15,0.83
2271,2021-05-07,MAR,12836,5805,7031,308,158,96,951,1423,3772,868,4794,18,448,3659,9177,ITI,ITI3,11,Marche,Marche,1525271,320212,20.99,0.84
2272,2021-01-25,MAR,1595,558,1037,1425,110,56,0,0,0,2,0,0,2,97,1498,ITI,ITI3,11,Marche,Marche,1525271,321807,21.1,0.1
2273,2021-03-19,MAR,3835,1597,2238,495,135,265,6,5,7,2831,63,13,15,339,3496,ITI,ITI3,11,Marche,Marche,1525271,325642,21.35,0.25
2274,2021-04-21,MAR,10781,4967,5814,272,111,46,81,2390,4285,554,2868,43,131,9587,1194,ITI,ITI3,11,Marche,Marche,1525271,336423,22.06,0.71
2275,2021-04-11,MAR,7117,3115,4002,282,96,10,781,47,2163,1224,2449,44,21,6831,286,ITI,ITI3,11,Marche,Marche,1525271,343540,22.52,0.47
2276,2021-01-09,MAR,1709,605,1104,1406,238,0,0,17,2,0,0,0,46,1709,0,ITI,ITI3,11,Marche,Marche,1525271,345249,22.64,0.11
2277,2021-03-28,MAR,4126,1739,2387,45,44,6,396,17,32,2662,871,11,42,2435,1691,ITI,ITI3,11,Marche,Marche,1525271,349375,22.91,0.27
2278,2021-01-07,MAR,1807,636,1171,1484,279,0,0,9,0,0,0,0,35,1807,0,ITI,ITI3,11,Marche,Marche,1525271,351182,23.02,0.12
2279,2021-04-12,MAR,8567,3772,4795,179,82,88,1154,106,2842,1317,2602,79,118,8083,484,ITI,ITI3,11,Marche,Marche,1525271,359749,23.59,0.56
2280,2021-02-12,MAR,1582,618,964,814,423,88,0,32,14,3,0,0,208,1430,152,ITI,ITI3,11,Marche,Marche,1525271,361331,23.69,0.1
2281,2021-05-10,MAR,9447,4336,5111,253,161,53,332,1781,2916,625,2888,42,396,4895,4552,ITI,ITI3,11,Marche,Marche,1525271,370778,24.31,0.62
2282,2021-02-04,MAR,2341,809,1532,1406,601,275,0,11,3,1,0,0,44,112,2229,ITI,ITI3,11,Marche,Marche,1525271,373119,24.46,0.15
2283,2021-01-22,MAR,487,167,320,315,74,87,0,1,0,0,0,0,10,194,293,ITI,ITI3,11,Marche,Marche,1525271,373606,24.49,0.03
2284,2021-03-14,MAR,2499,1031,1468,441,58,1,454,4,3,1522,5,2,9,1906,593,ITI,ITI3,11,Marche,Marche,1525271,376105,24.66,0.16
2285,2021-02-09,MAR,124,42,82,77,21,26,0,0,0,0,0,0,0,46,78,ITI,ITI3,11,Marche,Marche,1525271,376229,24.67,0.01
2286,2021-04-30,MAR,13940,6100,7840,343,78,92,1475,1650,3681,1645,4816,55,105,5399,8541,ITI,ITI3,11,Marche,Marche,1525271,390169,25.58,0.91
2287,2021-01-06,MAR,2181,792,1389,1738,261,147,0,5,1,0,0,0,29,2181,0,ITI,ITI3,11,Marche,Marche,1525271,392350,25.72,0.14
2288,2021-04-06,MAR,8879,3693,5186,310,185,161,1728,97,1739,1888,2579,98,94,8066,813,ITI,ITI3,11,Marche,Marche,1525271,401229,26.31,0.58
2289,2021-04-25,MAR,8600,3993,4607,206,37,1,20,3962,2094,675,1568,22,15,7025,1575,ITI,ITI3,11,Marche,Marche,1525271,409829,26.87,0.56
2290,2021-03-05,MAR,6175,2859,3316,1127,324,144,799,52,26,2385,185,1007,126,4708,1467,ITI,ITI3,11,Marche,Marche,1525271,416004,27.27,0.4
2291,2021-05-20,MAR,12371,5818,6553,200,163,64,534,3249,2248,272,3289,354,1998,7669,4702,ITI,ITI3,11,Marche,Marche,1525271,428375,28.09,0.81
2292,2021-03-01,MAR,3724,1487,2237,388,138,87,286,4,1,2789,4,5,22,3476,248,ITI,ITI3,11,Marche,Marche,1525271,432099,28.33,0.24
2293,2021-02-23,MAR,3267,1397,1870,219,57,118,0,7,4,2822,0,5,35,3211,56,ITI,ITI3,11,Marche,Marche,1525271,435366,28.54,0.21
2294,2021-03-31,MAR,7374,3087,4287,477,327,162,257,30,103,4556,1299,86,77,4350,3024,ITI,ITI3,11,Marche,Marche,1525271,442740,29.03,0.48
2295,2021-03-03,MAR,6645,3048,3597,817,368,208,781,36,12,3133,195,999,96,5764,881,ITI,ITI3,11,Marche,Marche,1525271,449385,29.46,0.44
2296,2021-02-27,MAR,3356,1435,1921,185,139,154,1,6,1,2841,17,6,6,3147,209,ITI,ITI3,11,Marche,Marche,1525271,452741,29.68,0.22
2297,2021-02-11,MAR,1987,657,1330,1155,369,212,0,32,22,32,0,0,165,1598,389,ITI,ITI3,11,Marche,Marche,1525271,454728,29.81,0.13
2298,2021-02-22,MAR,3414,1500,1914,327,89,77,2,7,0,2868,1,5,38,3338,76,ITI,ITI3,11,Marche,Marche,1525271,458142,30.04,0.22
2299,2021-03-07,MAR,5181,2107,3074,607,167,32,894,13,2,3007,76,336,47,4428,753,ITI,ITI3,11,Marche,Marche,1525271,463323,30.38,0.34
2300,2021-04-02,MAR,6875,2973,3902,388,209,112,422,47,733,2696,2014,212,42,6135,740,ITI,ITI3,11,Marche,Marche,1525271,470198,30.83,0.45
2301,2021-04-14,MAR,10215,4564,5651,416,159,80,1013,178,3524,899,3770,41,135,9843,372,ITI,ITI3,11,Marche,Marche,1525271,480413,31.5,0.67
2302,2021-03-16,MAR,3471,1485,1986,315,71,54,5,4,6,2928,46,20,22,290,3181,ITI,ITI3,11,Marche,Marche,1525271,483884,31.72,0.23
2303,2021-04-10,MAR,10917,4620,6297,311,168,80,1102,183,2714,2230,4022,53,54,10603,314,ITI,ITI3,11,Marche,Marche,1525271,494801,32.44,0.72
2304,2021-04-04,MAR,3824,1792,2032,189,117,7,84,10,632,2008,754,10,13,2655,1169,ITI,ITI3,11,Marche,Marche,1525271,498625,32.69,0.25
2305,2021-01-12,MAR,1226,413,813,912,255,50,0,2,0,0,0,0,7,1226,0,ITI,ITI3,11,Marche,Marche,1525271,499851,32.77,0.08
2306,2021-02-02,MAR,1192,397,795,804,264,93,0,5,0,5,0,0,21,73,1119,ITI,ITI3,11,Marche,Marche,1525271,501043,32.85,0.08
2307,2021-05-18,MAR,11062,5257,5805,200,86,36,227,3490,1735,215,3411,60,1602,7657,3405,ITI,ITI3,11,Marche,Marche,1525271,512105,33.57,0.73
2308,2021-02-25,MAR,3510,1434,2076,430,134,377,1,8,5,2491,27,3,34,3331,179,ITI,ITI3,11,Marche,Marche,1525271,515615,33.8,0.23
2309,2021-05-21,MAR,12953,6115,6838,251,114,76,563,3247,2097,313,3687,447,2158,6696,6257,ITI,ITI3,11,Marche,Marche,1525271,528568,34.65,0.85
2310,2021-01-27,MAR,2118,780,1338,1751,155,140,0,13,10,8,0,0,41,122,1996,ITI,ITI3,11,Marche,Marche,1525271,530686,34.79,0.14
2311,2020-12-27,MAR,200,97,103,184,12,4,0,0,0,0,0,0,0,200,0,ITI,ITI3,11,Marche,Marche,1525271,530886,34.81,0.01
2312,2021-05-01,MAR,9318,3924,5394,185,138,15,1280,2036,1824,875,2894,14,57,3576,5742,ITI,ITI3,11,Marche,Marche,1525271,540204,35.42,0.61
2313,2021-02-08,MAR,833,258,575,408,133,262,0,6,3,4,0,0,17,371,462,ITI,ITI3,11,Marche,Marche,1525271,541037,35.47,0.05
2314,2021-05-15,MAR,13968,6377,7591,152,171,30,157,3455,3056,554,5896,27,470,8076,5892,ITI,ITI3,11,Marche,Marche,1525271,555005,36.39,0.92
2315,2021-01-05,MAR,1562,586,976,1436,112,0,0,3,2,0,0,0,9,1562,0,ITI,ITI3,11,Marche,Marche,1525271,556567,36.49,0.1
2316,2021-04-03,MAR,7573,3204,4369,320,151,60,293,76,826,2950,2808,20,69,6903,670,ITI,ITI3,11,Marche,Marche,1525271,564140,36.99,0.5
2317,2021-03-18,MAR,3389,1475,1914,325,187,125,3,7,8,2653,23,46,12,162,3227,ITI,ITI3,11,Marche,Marche,1525271,567529,37.21,0.22
2318,2021-01-10,MAR,1737,699,1038,1462,253,0,0,5,1,0,0,0,16,1737,0,ITI,ITI3,11,Marche,Marche,1525271,569266,37.32,0.11
2319,2021-02-07,MAR,1868,734,1134,1155,479,46,0,41,20,4,0,0,123,344,1524,ITI,ITI3,11,Marche,Marche,1525271,571134,37.44,0.12
2320,2021-04-08,MAR,7522,3285,4237,275,94,97,711,81,2071,1332,2797,26,38,7195,327,ITI,ITI3,11,Marche,Marche,1525271,578656,37.94,0.49
2321,2021-05-14,MAR,13492,6217,7275,294,170,24,363,3509,3126,564,4941,47,454,6720,6772,ITI,ITI3,11,Marche,Marche,1525271,592148,38.82,0.88
2322,2021-03-23,MAR,5789,2529,3260,258,104,135,327,23,6,4620,27,220,69,2262,3527,ITI,ITI3,11,Marche,Marche,1525271,597937,39.2,0.38
2323,2021-05-09,MAR,8770,3986,4784,200,81,13,715,2332,1637,421,2970,21,380,3639,5131,ITI,ITI3,11,Marche,Marche,1525271,606707,39.78,0.57
2324,2021-01-20,MAR,398,100,298,147,55,190,0,2,0,1,0,0,3,384,14,ITI,ITI3,11,Marche,Marche,1525271,607105,39.8,0.03
2325,2021-03-24,MAR,7031,2982,4049,484,152,202,592,40,25,4809,320,160,247,3363,3668,ITI,ITI3,11,Marche,Marche,1525271,614136,40.26,0.46
2326,2021-04-07,MAR,7810,3435,4375,189,143,176,971,75,1888,1333,2897,30,108,7475,335,ITI,ITI3,11,Marche,Marche,1525271,621946,40.78,0.51
2327,2021-01-11,MAR,1176,411,765,1021,155,0,0,0,0,0,0,0,0,1176,0,ITI,ITI3,11,Marche,Marche,1525271,623122,40.85,0.08
2328,2021-01-28,MAR,2086,725,1361,1649,253,101,0,12,2,1,0,0,68,165,1921,ITI,ITI3,11,Marche,Marche,1525271,625208,40.99,0.14
2329,2021-05-22,MAR,11935,5718,6217,131,106,54,557,4308,1398,280,1999,360,2742,7486,4449,ITI,ITI3,11,Marche,Marche,1525271,637143,41.77,0.78
2330,2021-05-05,MAR,11623,5287,6336,268,162,123,645,1280,3595,899,4317,64,270,5215,6408,ITI,ITI3,11,Marche,Marche,1525271,648766,42.53,0.76
2331,2021-01-30,MAR,1905,668,1237,1566,290,0,0,12,0,0,0,0,37,29,1876,ITI,ITI3,11,Marche,Marche,1525271,650671,42.66,0.12
2332,2021-02-14,MAR,738,301,437,578,109,0,0,10,0,0,0,0,41,738,0,ITI,ITI3,11,Marche,Marche,1525271,651409,42.71,0.05
2333,2021-01-08,MAR,1577,588,989,1227,325,0,0,5,0,0,0,0,20,1577,0,ITI,ITI3,11,Marche,Marche,1525271,652986,42.81,0.1
2334,2021-01-26,MAR,2016,746,1270,1736,152,86,0,15,4,1,0,0,22,92,1924,ITI,ITI3,11,Marche,Marche,1525271,655002,42.94,0.13
2335,2021-02-13,MAR,1062,453,609,457,309,90,0,25,10,16,0,0,155,1010,52,ITI,ITI3,11,Marche,Marche,1525271,656064,43.01,0.07
2336,2021-05-19,MAR,11471,5272,6199,383,173,27,532,3615,1821,312,3005,50,1553,8562,2909,ITI,ITI3,11,Marche,Marche,1525271,667535,43.77,0.75
2337,2020-12-31,MAR,385,180,205,371,14,0,0,0,0,0,0,0,0,385,0,ITI,ITI3,11,Marche,Marche,1525271,667920,43.79,0.03
2338,2021-04-15,MAR,10377,4674,5703,501,137,128,932,192,3638,780,3833,55,181,9812,565,ITI,ITI3,11,Marche,Marche,1525271,678297,44.47,0.68
2339,2021-05-23,MAR,9208,4282,4926,71,30,11,652,2988,442,107,1845,143,2919,7537,1671,ITI,ITI3,11,Marche,Marche,1525271,687505,45.07,0.6
2340,2021-04-22,MAR,10795,4931,5864,236,84,30,58,2748,3929,688,2944,37,41,9217,1578,ITI,ITI3,11,Marche,Marche,1525271,698300,45.78,0.71
2341,2021-03-04,MAR,6486,2869,3617,1065,373,115,761,53,18,2804,222,914,161,5093,1393,ITI,ITI3,11,Marche,Marche,1525271,704786,46.21,0.43
2342,2021-03-08,MAR,6265,2745,3520,764,226,201,1012,8,2,3094,147,763,48,5263,1002,ITI,ITI3,11,Marche,Marche,1525271,711051,46.62,0.41
2343,2021-01-29,MAR,1991,730,1261,1480,403,74,0,6,0,3,0,0,25,167,1824,ITI,ITI3,11,Marche,Marche,1525271,713042,46.75,0.13
2344,2021-01-16,MAR,2005,723,1282,1059,414,285,0,53,42,21,0,0,131,2005,0,ITI,ITI3,11,Marche,Marche,1525271,715047,46.88,0.13
2345,2021-04-13,MAR,9838,4259,5579,202,104,60,1074,163,3742,951,3460,32,50,9605,233,ITI,ITI3,11,Marche,Marche,1525271,724885,47.52,0.65
2346,2021-05-16,MAR,10897,4957,5940,244,74,20,94,3271,2340,291,4284,31,248,6670,4227,ITI,ITI3,11,Marche,Marche,1525271,735782,48.24,0.71
2347,2021-05-08,MAR,12269,5476,6793,193,164,94,457,1542,2812,1161,5556,24,266,5021,7248,ITI,ITI3,11,Marche,Marche,1525271,748051,49.04,0.8
2348,2021-05-12,MAR,10422,4684,5738,411,229,72,273,2535,2929,432,3156,18,367,4921,5501,ITI,ITI3,11,Marche,Marche,1525271,758473,49.73,0.68
2349,2021-03-12,MAR,4641,1972,2669,814,444,17,928,20,9,1895,3,434,77,3403,1238,ITI,ITI3,11,Marche,Marche,1525271,763114,50.03,0.3
2350,2021-03-26,MAR,6331,2606,3725,335,222,190,501,58,31,4086,393,203,312,3523,2808,ITI,ITI3,11,Marche,Marche,1525271,769445,50.45,0.42
2351,2021-02-01,MAR,1362,479,883,1054,200,81,0,5,0,0,0,0,22,98,1264,ITI,ITI3,11,Marche,Marche,1525271,770807,50.54,0.09
2352,2021-05-03,MAR,10192,4602,5590,247,77,33,812,1003,3632,961,3254,75,98,4786,5406,ITI,ITI3,11,Marche,Marche,1525271,780999,51.2,0.67
2353,2021-03-21,MAR,4505,1873,2632,87,42,57,205,19,7,4040,9,13,26,1629,2876,ITI,ITI3,11,Marche,Marche,1525271,785504,51.5,0.3
2354,2021-01-21,MAR,897,253,644,460,84,336,0,1,0,3,0,0,13,585,312,ITI,ITI3,11,Marche,Marche,1525271,786401,51.56,0.06
2355,2021-04-18,MAR,8820,4131,4689,261,67,2,453,1074,2952,377,3608,11,15,7899,921,ITI,ITI3,11,Marche,Marche,1525271,795221,52.14,0.58
2356,2021-05-04,MAR,10845,4789,6056,207,116,63,658,1100,3918,1044,3669,28,42,4949,5896,ITI,ITI3,11,Marche,Marche,1525271,806066,52.85,0.71
2357,2021-05-26,MAR,7672,3912,3760,88,76,15,581,1922,556,90,666,776,2902,5359,2313,ITI,ITI3,11,Marche,Marche,1525271,813738,53.35,0.5
2358,2021-04-24,MAR,12026,5304,6722,132,134,46,79,2368,3733,1673,3740,33,88,7560,4466,ITI,ITI3,11,Marche,Marche,1525271,825764,54.14,0.79
2359,2021-02-17,MAR,1785,662,1123,963,471,309,0,6,1,1,22,0,12,1668,117,ITI,ITI3,11,Marche,Marche,1525271,827549,54.26,0.12
2360,2021-03-06,MAR,5700,2623,3077,971,223,172,745,37,7,2399,221,840,85,4433,1267,ITI,ITI3,11,Marche,Marche,1525271,833249,54.63,0.37
2361,2021-03-17,MAR,3428,1494,1934,301,79,117,5,8,10,2819,61,7,21,107,3321,ITI,ITI3,11,Marche,Marche,1525271,836677,54.85,0.22
2362,2021-02-26,MAR,3630,1499,2131,449,178,389,39,8,4,2517,31,4,11,3154,476,ITI,ITI3,11,Marche,Marche,1525271,840307,55.09,0.24
2363,2021-01-26,BAS,796,352,444,624,71,35,0,18,0,0,0,0,48,101,695,ITF,ITF5,17,Basilicata,Basilicata,559084,796,0.14,0.14
2364,2021-05-16,BAS,4969,2466,2503,42,24,3,47,231,570,19,3334,5,694,2858,2111,ITF,ITF5,17,Basilicata,Basilicata,559084,5765,1.03,0.89
2365,2021-01-31,BAS,77,24,53,75,2,0,0,0,0,0,0,0,0,0,77,ITF,ITF5,17,Basilicata,Basilicata,559084,5842,1.04,0.01
2366,2021-03-27,BAS,2225,849,1376,21,41,0,383,14,25,1685,30,6,20,1816,409,ITF,ITF5,17,Basilicata,Basilicata,559084,8067,1.44,0.4
2367,2021-05-08,BAS,4838,2400,2438,47,19,3,17,728,893,25,2886,18,202,3431,1407,ITF,ITF5,17,Basilicata,Basilicata,559084,12905,2.31,0.87
2368,2021-02-10,BAS,547,237,310,176,153,127,1,0,0,90,0,0,0,495,52,ITF,ITF5,17,Basilicata,Basilicata,559084,13452,2.41,0.1
2369,2021-04-13,BAS,2115,1051,1064,147,15,1,64,423,439,813,178,7,28,1293,822,ITF,ITF5,17,Basilicata,Basilicata,559084,15567,2.78,0.38
2370,2021-05-23,BAS,4515,2300,2215,23,15,3,221,228,393,14,2192,199,1227,1534,2981,ITF,ITF5,17,Basilicata,Basilicata,559084,20082,3.59,0.81
2371,2021-04-15,BAS,3386,1659,1727,73,16,1,26,243,207,738,2042,6,34,2632,754,ITF,ITF5,17,Basilicata,Basilicata,559084,23468,4.2,0.61
2372,2021-03-10,BAS,1651,814,837,101,57,33,274,1,4,877,2,300,2,812,839,ITF,ITF5,17,Basilicata,Basilicata,559084,25119,4.49,0.3
2373,2021-03-08,BAS,1453,708,745,222,158,38,274,7,12,410,2,300,30,842,611,ITF,ITF5,17,Basilicata,Basilicata,559084,26572,4.75,0.26
2374,2021-05-19,BAS,2872,1500,1372,63,30,14,209,329,401,24,960,280,562,1196,1676,ITF,ITF5,17,Basilicata,Basilicata,559084,29444,5.27,0.51
2375,2021-03-28,BAS,2139,741,1398,92,6,8,710,3,8,1276,7,0,29,2122,17,ITF,ITF5,17,Basilicata,Basilicata,559084,31583,5.65,0.38
2376,2021-03-20,BAS,1286,566,720,45,69,0,178,0,8,950,30,5,1,275,1011,ITF,ITF5,17,Basilicata,Basilicata,559084,32869,5.88,0.23
2377,2021-04-06,BAS,1266,461,805,274,72,7,412,25,8,346,41,27,54,1082,184,ITF,ITF5,17,Basilicata,Basilicata,559084,34135,6.11,0.23
2378,2021-04-26,BAS,4464,2164,2300,24,12,0,73,438,1007,180,2638,17,75,4244,220,ITF,ITF5,17,Basilicata,Basilicata,559084,38599,6.9,0.8
2379,2021-03-19,BAS,2289,992,1297,58,96,0,142,1,8,1955,2,22,5,261,2028,ITF,ITF5,17,Basilicata,Basilicata,559084,40888,7.31,0.41
2380,2021-01-29,BAS,614,229,385,398,39,70,0,41,2,16,0,0,48,63,551,ITF,ITF5,17,Basilicata,Basilicata,559084,41502,7.42,0.11
2381,2021-02-24,BAS,1803,743,1060,85,14,2,0,4,8,1686,0,1,3,1734,69,ITF,ITF5,17,Basilicata,Basilicata,559084,43305,7.75,0.32
2382,2021-02-07,BAS,373,159,214,259,74,40,0,0,0,0,0,0,0,49,324,ITF,ITF5,17,Basilicata,Basilicata,559084,43678,7.81,0.07
2383,2021-05-13,BAS,5982,2966,3016,46,22,23,28,760,828,101,3662,14,498,3385,2597,ITF,ITF5,17,Basilicata,Basilicata,559084,49660,8.88,1.07
2384,2021-05-14,BAS,5906,2797,3109,57,9,34,26,578,718,52,3962,16,454,3374,2532,ITF,ITF5,17,Basilicata,Basilicata,559084,55566,9.94,1.06
2385,2021-01-17,BAS,328,133,195,233,12,54,0,5,1,0,0,0,23,327,1,ITF,ITF5,17,Basilicata,Basilicata,559084,55894,10.0,0.06
2386,2021-04-11,BAS,848,330,518,75,3,9,225,3,5,46,474,3,5,786,62,ITF,ITF5,17,Basilicata,Basilicata,559084,56742,10.15,0.15
2387,2021-01-21,BAS,30,10,20,0,0,0,0,2,0,4,0,0,24,30,0,ITF,ITF5,17,Basilicata,Basilicata,559084,56772,10.15,0.01
2388,2021-02-26,BAS,2149,904,1245,89,94,1,0,2,6,1954,0,0,3,2069,80,ITF,ITF5,17,Basilicata,Basilicata,559084,58921,10.54,0.38
2389,2021-04-12,BAS,2173,1052,1121,231,24,31,92,721,441,445,164,11,13,1679,494,ITF,ITF5,17,Basilicata,Basilicata,559084,61094,10.93,0.39
2390,2021-01-07,BAS,640,319,321,556,8,29,0,16,0,0,0,0,31,640,0,ITF,ITF5,17,Basilicata,Basilicata,559084,61734,11.04,0.11
2391,2021-02-23,BAS,1901,771,1130,159,24,35,0,4,15,1658,0,0,6,1763,138,ITF,ITF5,17,Basilicata,Basilicata,559084,63635,11.38,0.34
2392,2021-01-25,BAS,1023,429,594,831,80,1,0,33,2,0,0,0,76,74,949,ITF,ITF5,17,Basilicata,Basilicata,559084,64658,11.56,0.18
2393,2021-05-20,BAS,5855,2965,2890,36,34,10,232,506,558,61,3116,334,968,2891,2964,ITF,ITF5,17,Basilicata,Basilicata,559084,70513,12.61,1.05
2394,2021-03-21,BAS,1046,481,565,32,1,0,159,2,9,804,0,0,39,352,694,ITF,ITF5,17,Basilicata,Basilicata,559084,71559,12.8,0.19
2395,2021-03-05,BAS,1854,857,997,298,158,72,309,6,12,690,2,299,8,1108,746,ITF,ITF5,17,Basilicata,Basilicata,559084,73413,13.13,0.33
2396,2021-05-07,BAS,4640,2279,2361,56,14,15,14,415,924,105,2907,30,160,3285,1355,ITF,ITF5,17,Basilicata,Basilicata,559084,78053,13.96,0.83
2397,2021-04-17,BAS,3461,1655,1806,53,7,0,10,13,18,1234,2110,11,5,2199,1262,ITF,ITF5,17,Basilicata,Basilicata,559084,81514,14.58,0.62
2398,2021-04-22,BAS,5037,2346,2691,61,17,23,85,272,903,1452,2081,61,82,3434,1603,ITF,ITF5,17,Basilicata,Basilicata,559084,86551,15.48,0.9
2399,2021-04-04,BAS,610,225,385,14,8,0,158,8,0,406,10,4,2,197,413,ITF,ITF5,17,Basilicata,Basilicata,559084,87161,15.59,0.11
2400,2021-03-06,BAS,1352,535,817,296,140,57,259,0,2,383,0,212,3,757,595,ITF,ITF5,17,Basilicata,Basilicata,559084,88513,15.83,0.24
2401,2021-03-03,BAS,1744,814,930,194,299,99,244,3,3,590,58,253,1,1186,558,ITF,ITF5,17,Basilicata,Basilicata,559084,90257,16.14,0.31
2402,2021-01-22,BAS,67,24,43,6,0,0,0,13,10,19,0,0,19,67,0,ITF,ITF5,17,Basilicata,Basilicata,559084,90324,16.16,0.01
2403,2021-03-25,BAS,1879,601,1278,47,55,11,761,5,13,931,28,25,3,1533,346,ITF,ITF5,17,Basilicata,Basilicata,559084,92203,16.49,0.34
2404,2021-03-16,BAS,1900,799,1101,103,30,0,62,4,13,1672,2,6,8,228,1672,ITF,ITF5,17,Basilicata,Basilicata,559084,94103,16.83,0.34
2405,2021-03-13,BAS,1794,888,906,82,325,46,213,2,6,864,1,245,10,749,1045,ITF,ITF5,17,Basilicata,Basilicata,559084,95897,17.15,0.32
2406,2021-01-09,BAS,557,160,397,386,55,67,1,7,0,0,0,0,41,557,0,ITF,ITF5,17,Basilicata,Basilicata,559084,96454,17.25,0.1
2407,2021-02-15,BAS,621,232,389,191,134,46,0,0,3,246,0,1,0,580,41,ITF,ITF5,17,Basilicata,Basilicata,559084,97075,17.36,0.11
2408,2021-05-15,BAS,6527,3341,3186,57,21,2,25,800,821,96,3746,18,941,3955,2572,ITF,ITF5,17,Basilicata,Basilicata,559084,103602,18.53,1.17
2409,2021-02-09,BAS,491,213,278,200,237,54,0,0,0,0,0,0,0,316,175,ITF,ITF5,17,Basilicata,Basilicata,559084,104093,18.62,0.09
2410,2021-05-10,BAS,4806,2383,2423,46,24,0,9,338,645,75,3432,12,225,2766,2040,ITF,ITF5,17,Basilicata,Basilicata,559084,108899,19.48,0.86
2411,2020-12-27,BAS,106,41,65,104,0,0,0,0,0,0,0,0,2,106,0,ITF,ITF5,17,Basilicata,Basilicata,559084,109005,19.5,0.02
2412,2021-05-01,BAS,4699,2135,2564,78,23,9,334,432,703,95,2708,33,284,3948,751,ITF,ITF5,17,Basilicata,Basilicata,559084,113704,20.34,0.84
2413,2021-01-27,BAS,411,175,236,299,17,26,0,12,9,25,0,0,23,113,298,ITF,ITF5,17,Basilicata,Basilicata,559084,114115,20.41,0.07
2414,2021-01-05,BAS,946,409,537,862,44,0,0,12,0,0,0,0,28,946,0,ITF,ITF5,17,Basilicata,Basilicata,559084,115061,20.58,0.17
2415,2021-05-21,BAS,4803,2418,2385,33,11,5,388,282,515,30,2041,312,1186,1647,3156,ITF,ITF5,17,Basilicata,Basilicata,559084,119864,21.44,0.86
2416,2021-03-09,BAS,1392,707,685,222,51,33,238,2,2,545,0,293,6,788,604,ITF,ITF5,17,Basilicata,Basilicata,559084,121256,21.69,0.25
2417,2021-01-02,BAS,949,380,569,855,43,0,3,9,0,0,0,0,39,949,0,ITF,ITF5,17,Basilicata,Basilicata,559084,122205,21.86,0.17
2418,2021-01-20,BAS,84,22,62,0,0,0,0,10,8,43,0,0,23,84,0,ITF,ITF5,17,Basilicata,Basilicata,559084,122289,21.87,0.02
2419,2021-03-23,BAS,1586,610,976,55,7,0,598,7,2,888,5,20,4,1409,177,ITF,ITF5,17,Basilicata,Basilicata,559084,123875,22.16,0.28
2420,2021-04-20,BAS,4034,1921,2113,31,13,10,65,57,215,1689,1928,10,16,2203,1831,ITF,ITF5,17,Basilicata,Basilicata,559084,127909,22.88,0.72
2421,2021-05-02,BAS,4184,2002,2182,54,8,0,175,296,764,24,2729,10,124,3556,628,ITF,ITF5,17,Basilicata,Basilicata,559084,132093,23.63,0.75
2422,2021-01-15,BAS,813,350,463,578,21,174,0,5,1,1,0,0,33,813,0,ITF,ITF5,17,Basilicata,Basilicata,559084,132906,23.77,0.15
2423,2021-05-22,BAS,5561,2763,2798,41,16,9,342,488,476,14,2380,185,1610,1993,3568,ITF,ITF5,17,Basilicata,Basilicata,559084,138467,24.77,0.99
2424,2021-03-11,BAS,1784,920,864,163,83,77,223,5,5,905,3,290,30,825,959,ITF,ITF5,17,Basilicata,Basilicata,559084,140251,25.09,0.32
2425,2021-01-28,BAS,903,401,502,717,24,81,0,30,0,1,0,0,50,119,784,ITF,ITF5,17,Basilicata,Basilicata,559084,141154,25.25,0.16
2426,2021-04-19,BAS,4161,1910,2251,76,19,58,93,29,102,1570,2165,11,38,2524,1637,ITF,ITF5,17,Basilicata,Basilicata,559084,145315,25.99,0.74
2427,2021-05-25,BAS,4190,2106,2084,31,19,3,266,218,286,49,2303,265,750,872,3318,ITF,ITF5,17,Basilicata,Basilicata,559084,149505,26.74,0.75
2428,2021-05-09,BAS,4686,2341,2345,19,21,1,4,603,714,15,3058,25,226,2991,1695,ITF,ITF5,17,Basilicata,Basilicata,559084,154191,27.58,0.84
2429,2021-04-08,BAS,763,348,415,181,53,0,187,13,9,84,176,35,25,754,9,ITF,ITF5,17,Basilicata,Basilicata,559084,154954,27.72,0.14
2430,2021-01-11,BAS,183,66,117,107,21,41,0,4,0,0,0,0,10,183,0,ITF,ITF5,17,Basilicata,Basilicata,559084,155137,27.75,0.03
2431,2021-04-14,BAS,2041,997,1044,34,4,2,67,298,602,661,336,12,25,1367,674,ITF,ITF5,17,Basilicata,Basilicata,559084,157178,28.11,0.37
2432,2021-01-12,BAS,217,88,129,87,22,99,0,1,0,0,0,0,8,217,0,ITF,ITF5,17,Basilicata,Basilicata,559084,157395,28.15,0.04
2433,2021-03-07,BAS,887,309,578,39,12,4,475,2,0,328,0,23,4,849,38,ITF,ITF5,17,Basilicata,Basilicata,559084,158282,28.31,0.16
2434,2021-03-02,BAS,803,389,414,110,33,15,213,5,4,184,0,239,0,658,145,ITF,ITF5,17,Basilicata,Basilicata,559084,159085,28.45,0.14
2435,2021-02-11,BAS,951,401,550,200,158,107,0,0,6,472,0,4,4,868,83,ITF,ITF5,17,Basilicata,Basilicata,559084,160036,28.62,0.17
2436,2021-01-23,BAS,717,302,415,602,38,1,0,18,2,8,0,0,48,33,684,ITF,ITF5,17,Basilicata,Basilicata,559084,160753,28.75,0.13
2437,2021-04-09,BAS,1151,350,801,141,16,1,624,12,12,136,128,49,32,1088,63,ITF,ITF5,17,Basilicata,Basilicata,559084,161904,28.96,0.21
2438,2021-01-14,BAS,969,413,556,504,112,323,0,6,0,0,0,0,24,969,0,ITF,ITF5,17,Basilicata,Basilicata,559084,162873,29.13,0.17
2439,2021-01-18,BAS,463,157,306,364,52,45,0,0,0,0,0,0,2,364,99,ITF,ITF5,17,Basilicata,Basilicata,559084,163336,29.21,0.08
2440,2021-04-07,BAS,1218,549,669,272,23,18,384,8,10,107,355,23,18,1181,37,ITF,ITF5,17,Basilicata,Basilicata,559084,164554,29.43,0.22
2441,2021-05-03,BAS,4513,2043,2470,231,21,27,286,278,714,187,2630,16,123,3686,827,ITF,ITF5,17,Basilicata,Basilicata,559084,169067,30.24,0.81
2442,2021-03-04,BAS,2006,955,1051,240,151,158,242,3,11,846,41,303,11,1084,922,ITF,ITF5,17,Basilicata,Basilicata,559084,171073,30.6,0.36
2443,2021-04-28,BAS,4706,2158,2548,117,51,12,41,334,1149,135,2735,11,121,4265,441,ITF,ITF5,17,Basilicata,Basilicata,559084,175779,31.44,0.84
2444,2021-02-20,BAS,1161,531,630,77,171,80,0,0,9,810,11,0,3,1043,118,ITF,ITF5,17,Basilicata,Basilicata,559084,176940,31.65,0.21
2445,2021-04-05,BAS,723,233,490,3,3,2,341,5,1,338,18,4,8,421,302,ITF,ITF5,17,Basilicata,Basilicata,559084,177663,31.78,0.13
2446,2021-02-19,BAS,1622,737,885,219,360,66,0,1,13,962,0,0,1,1560,62,ITF,ITF5,17,Basilicata,Basilicata,559084,179285,32.07,0.29
2447,2021-05-12,BAS,4721,2324,2397,22,30,0,30,429,682,102,3102,14,310,2839,1882,ITF,ITF5,17,Basilicata,Basilicata,559084,184006,32.91,0.84
2448,2021-01-08,BAS,554,219,335,383,33,59,0,36,0,0,0,0,43,554,0,ITF,ITF5,17,Basilicata,Basilicata,559084,184560,33.01,0.1
2449,2021-02-14,BAS,151,48,103,55,12,65,0,0,1,18,0,0,0,151,0,ITF,ITF5,17,Basilicata,Basilicata,559084,184711,33.04,0.03
2450,2021-03-26,BAS,1957,703,1254,195,8,3,473,13,9,1210,23,8,15,1696,261,ITF,ITF5,17,Basilicata,Basilicata,559084,186668,33.39,0.35
2451,2021-01-16,BAS,721,304,417,466,17,161,2,17,0,1,0,0,57,721,0,ITF,ITF5,17,Basilicata,Basilicata,559084,187389,33.52,0.13
2452,2021-03-12,BAS,1899,976,923,267,64,37,258,1,8,986,0,275,3,800,1099,ITF,ITF5,17,Basilicata,Basilicata,559084,189288,33.86,0.34
2453,2021-01-04,BAS,607,271,336,550,49,0,2,1,0,0,0,0,5,607,0,ITF,ITF5,17,Basilicata,Basilicata,559084,189895,33.97,0.11
2454,2021-02-01,BAS,242,91,151,156,24,48,0,4,1,0,0,0,9,46,196,ITF,ITF5,17,Basilicata,Basilicata,559084,190137,34.01,0.04
2455,2021-01-19,BAS,199,84,115,78,48,44,0,3,6,8,0,0,12,199,0,ITF,ITF5,17,Basilicata,Basilicata,559084,190336,34.04,0.04
2456,2021-05-24,BAS,4825,2341,2484,33,21,1,555,260,491,33,2473,117,841,1104,3721,ITF,ITF5,17,Basilicata,Basilicata,559084,195161,34.91,0.86
2457,2021-04-01,BAS,2808,1134,1674,78,33,24,279,14,23,2179,103,10,65,2092,716,ITF,ITF5,17,Basilicata,Basilicata,559084,197969,35.41,0.5
2458,2021-04-25,BAS,2985,1458,1527,18,10,12,85,183,649,33,1945,10,40,2932,53,ITF,ITF5,17,Basilicata,Basilicata,559084,200954,35.94,0.53
2459,2021-03-14,BAS,1008,477,531,41,110,8,249,0,3,516,0,79,2,539,469,ITF,ITF5,17,Basilicata,Basilicata,559084,201962,36.12,0.18
2460,2021-04-24,BAS,4544,2197,2347,54,17,1,98,368,873,772,2259,13,89,3532,1012,ITF,ITF5,17,Basilicata,Basilicata,559084,206506,36.94,0.81
2461,2021-03-17,BAS,1452,609,843,22,12,0,2,6,9,1394,0,5,2,27,1425,ITF,ITF5,17,Basilicata,Basilicata,559084,207958,37.2,0.26
2462,2021-04-30,BAS,5284,2373,2911,133,58,2,379,350,886,478,2810,58,130,4121,1163,ITF,ITF5,17,Basilicata,Basilicata,559084,213242,38.14,0.95
2463,2021-04-21,BAS,3921,1835,2086,20,6,0,61,115,230,1492,1961,15,21,2271,1650,ITF,ITF5,17,Basilicata,Basilicata,559084,217163,38.84,0.7
2464,2021-05-04,BAS,4132,1989,2143,60,12,0,89,370,763,190,2438,10,200,3609,523,ITF,ITF5,17,Basilicata,Basilicata,559084,221295,39.58,0.74
2465,2021-02-12,BAS,775,332,443,288,192,90,0,3,4,192,0,6,0,744,31,ITF,ITF5,17,Basilicata,Basilicata,559084,222070,39.72,0.14
2466,2021-05-11,BAS,2654,1353,1301,38,13,11,21,405,422,40,1263,7,434,1621,1033,ITF,ITF5,17,Basilicata,Basilicata,559084,224724,40.2,0.47
2467,2021-01-06,BAS,294,129,165,229,9,36,0,6,0,0,0,0,14,294,0,ITF,ITF5,17,Basilicata,Basilicata,559084,225018,40.25,0.05
2468,2021-02-18,BAS,1070,401,669,270,59,150,0,0,0,588,0,0,3,855,215,ITF,ITF5,17,Basilicata,Basilicata,559084,226088,40.44,0.19
2469,2021-02-16,BAS,905,377,528,250,93,67,0,1,1,492,0,1,0,807,98,ITF,ITF5,17,Basilicata,Basilicata,559084,226993,40.6,0.16
2470,2021-02-27,BAS,1991,859,1132,103,123,21,0,16,6,1682,4,1,35,1827,164,ITF,ITF5,17,Basilicata,Basilicata,559084,228984,40.96,0.36
2471,2021-02-17,BAS,1135,493,642,123,53,57,1,0,12,885,0,1,3,1059,76,ITF,ITF5,17,Basilicata,Basilicata,559084,230119,41.16,0.2
2472,2021-02-04,BAS,1095,442,653,639,106,281,0,26,0,3,0,0,40,63,1032,ITF,ITF5,17,Basilicata,Basilicata,559084,231214,41.36,0.2
2473,2021-04-27,BAS,4724,2242,2482,81,21,5,23,339,1159,214,2793,18,71,4399,325,ITF,ITF5,17,Basilicata,Basilicata,559084,235938,42.2,0.84
2474,2021-03-31,BAS,3095,1258,1837,69,46,0,127,20,13,2624,131,20,45,2313,782,ITF,ITF5,17,Basilicata,Basilicata,559084,239033,42.75,0.55
2475,2021-03-01,BAS,547,284,263,122,107,4,50,1,1,169,1,90,2,381,166,ITF,ITF5,17,Basilicata,Basilicata,559084,239580,42.85,0.1
2476,2021-05-17,BAS,5543,2735,2808,44,37,1,133,462,684,31,2998,127,1026,3410,2133,ITF,ITF5,17,Basilicata,Basilicata,559084,245123,43.84,0.99
2477,2021-02-21,BAS,284,113,171,16,1,11,1,0,1,254,0,0,0,284,0,ITF,ITF5,17,Basilicata,Basilicata,559084,245407,43.89,0.05
2478,2021-05-06,BAS,5048,2435,2613,68,23,2,64,418,932,88,3193,11,249,3479,1569,ITF,ITF5,17,Basilicata,Basilicata,559084,250455,44.8,0.9
2479,2021-02-25,BAS,1787,736,1051,67,3,0,0,1,6,1705,0,1,4,1741,46,ITF,ITF5,17,Basilicata,Basilicata,559084,252242,45.12,0.32
2480,2021-02-22,BAS,1790,773,1017,125,23,2,0,2,7,1627,0,0,4,1737,53,ITF,ITF5,17,Basilicata,Basilicata,559084,254032,45.44,0.32
2481,2021-02-28,BAS,804,343,461,34,29,0,0,0,0,740,0,0,1,775,29,ITF,ITF5,17,Basilicata,Basilicata,559084,254836,45.58,0.14
2482,2021-03-18,BAS,1349,563,786,32,0,0,0,1,7,1306,1,0,2,25,1324,ITF,ITF5,17,Basilicata,Basilicata,559084,256185,45.82,0.24
2483,2021-04-29,BAS,4831,2385,2446,190,62,1,13,549,832,76,2951,33,124,4409,422,ITF,ITF5,17,Basilicata,Basilicata,559084,261016,46.69,0.86
2484,2021-02-08,BAS,557,193,364,436,72,49,0,0,0,0,0,0,0,151,406,ITF,ITF5,17,Basilicata,Basilicata,559084,261573,46.79,0.1
2485,2021-05-26,BAS,3032,1548,1484,46,22,0,175,415,230,20,1448,245,431,1072,1960,ITF,ITF5,17,Basilicata,Basilicata,559084,264605,47.33,0.54
2486,2021-04-18,BAS,3720,1847,1873,28,6,0,17,44,214,1342,2051,15,3,2353,1367,ITF,ITF5,17,Basilicata,Basilicata,559084,268325,47.99,0.67
2487,2021-05-18,BAS,5893,2853,3040,50,41,2,184,479,681,48,3199,131,1078,3403,2490,ITF,ITF5,17,Basilicata,Basilicata,559084,274218,49.05,1.05
2488,2021-04-03,BAS,1807,749,1058,38,3,0,314,12,7,1102,295,14,22,1472,335,ITF,ITF5,17,Basilicata,Basilicata,559084,276025,49.37,0.32
2489,2021-03-29,BAS,2435,881,1554,79,29,1,532,14,9,1668,63,8,32,2149,286,ITF,ITF5,17,Basilicata,Basilicata,559084,278460,49.81,0.44
2490,2021-03-15,BAS,2351,983,1368,79,30,0,266,3,6,1936,1,23,7,521,1830,ITF,ITF5,17,Basilicata,Basilicata,559084,280811,50.23,0.42
2491,2021-02-02,BAS,367,143,224,212,15,102,0,9,1,0,0,2,26,175,192,ITF,ITF5,17,Basilicata,Basilicata,559084,281178,50.29,0.07
2492,2021-01-03,BAS,900,344,556,790,53,0,2,7,0,0,0,0,48,900,0,ITF,ITF5,17,Basilicata,Basilicata,559084,282078,50.45,0.16
2493,2021-01-10,BAS,77,24,53,9,2,0,0,7,4,0,0,0,55,77,0,ITF,ITF5,17,Basilicata,Basilicata,559084,282155,50.47,0.01
2494,2021-03-30,BAS,2739,1156,1583,39,14,0,355,4,13,2181,100,13,20,2394,345,ITF,ITF5,17,Basilicata,Basilicata,559084,284894,50.96,0.49
2495,2021-01-13,BAS,916,387,529,699,11,148,1,37,1,1,0,0,18,916,0,ITF,ITF5,17,Basilicata,Basilicata,559084,285810,51.12,0.16
2496,2021-02-03,BAS,666,300,366,425,15,172,0,40,1,0,0,0,13,32,634,ITF,ITF5,17,Basilicata,Basilicata,559084,286476,51.24,0.12
2497,2021-05-05,BAS,4333,2047,2286,72,43,21,119,554,687,176,2431,20,210,3443,890,ITF,ITF5,17,Basilicata,Basilicata,559084,290809,52.02,0.78
2498,2021-01-30,BAS,704,227,477,424,82,126,0,20,0,0,0,0,52,128,576,ITF,ITF5,17,Basilicata,Basilicata,559084,291513,52.14,0.13
2499,2021-04-23,BAS,4530,2179,2351,75,29,3,46,233,996,759,2244,22,123,3530,1000,ITF,ITF5,17,Basilicata,Basilicata,559084,296043,52.95,0.81
2500,2021-02-05,BAS,984,443,541,611,38,191,0,23,8,5,0,0,108,64,920,ITF,ITF5,17,Basilicata,Basilicata,559084,297027,53.13,0.18
2501,2021-02-06,BAS,902,367,535,546,186,168,1,1,0,0,0,0,0,146,756,ITF,ITF5,17,Basilicata,Basilicata,559084,297929,53.29,0.16
2502,2021-03-24,BAS,1745,680,1065,95,39,0,527,6,8,980,7,52,31,1350,395,ITF,ITF5,17,Basilicata,Basilicata,559084,299674,53.6,0.31
2503,2021-04-02,BAS,2318,1046,1272,98,34,2,25,18,32,1736,274,42,57,1714,604,ITF,ITF5,17,Basilicata,Basilicata,559084,301992,54.02,0.41
2504,2021-01-24,BAS,836,300,536,708,46,1,0,13,0,0,0,0,68,58,778,ITF,ITF5,17,Basilicata,Basilicata,559084,302828,54.17,0.15
2505,2021-04-16,BAS,3320,1633,1687,24,10,1,54,19,35,889,2268,6,14,2421,899,ITF,ITF5,17,Basilicata,Basilicata,559084,306148,54.76,0.59
2506,2021-03-22,BAS,1175,531,644,47,68,0,385,2,5,642,8,16,2,628,547,ITF,ITF5,17,Basilicata,Basilicata,559084,307323,54.97,0.21
2507,2021-04-10,BAS,1032,378,654,64,11,8,483,5,4,147,282,21,7,950,82,ITF,ITF5,17,Basilicata,Basilicata,559084,308355,55.15,0.18
2508,2021-02-13,BAS,799,313,486,279,155,115,0,5,14,201,0,2,28,738,61,ITF,ITF5,17,Basilicata,Basilicata,559084,309154,55.3,0.14
2509,2021-03-21,PUG,2691,1225,1466,462,32,13,285,0,5,1792,15,40,47,587,2104,ITF,ITF4,16,Puglia,Puglia,4029053,2691,0.07,0.07
2510,2021-05-20,PUG,32448,14437,18011,357,245,91,4679,7432,2369,683,7066,1118,8408,20541,11907,ITF,ITF4,16,Puglia,Puglia,4029053,35139,0.87,0.81
2511,2021-01-30,PUG,5528,2515,3013,4752,325,419,6,0,2,3,5,4,12,411,5117,ITF,ITF4,16,Puglia,Puglia,4029053,40667,1.01,0.14
2512,2021-01-14,PUG,4069,1589,2480,3187,377,499,2,1,0,0,0,0,3,4069,0,ITF,ITF4,16,Puglia,Puglia,4029053,44736,1.11,0.1
2513,2021-05-10,PUG,37205,16414,20791,438,372,55,3525,11099,5704,2377,12806,393,436,19407,17798,ITF,ITF4,16,Puglia,Puglia,4029053,81941,2.03,0.92
2514,2021-01-24,PUG,1669,749,920,1286,231,150,0,0,0,1,0,1,0,153,1516,ITF,ITF4,16,Puglia,Puglia,4029053,83610,2.08,0.04
2515,2021-04-20,PUG,21014,9751,11263,495,211,122,93,1392,9005,3356,6049,77,214,17572,3442,ITF,ITF4,16,Puglia,Puglia,4029053,104624,2.6,0.52
2516,2021-03-05,PUG,17220,6819,10401,2314,828,276,7172,34,23,5336,18,1183,36,15056,2164,ITF,ITF4,16,Puglia,Puglia,4029053,121844,3.02,0.43
2517,2021-05-06,PUG,39126,17064,22062,584,458,108,3840,6811,7213,3407,15526,628,551,19510,19616,ITF,ITF4,16,Puglia,Puglia,4029053,160970,4.0,0.97
2518,2021-03-15,PUG,11779,5622,6157,2092,648,116,697,24,30,7673,23,461,15,5279,6500,ITF,ITF4,16,Puglia,Puglia,4029053,172749,4.29,0.29
2519,2021-03-03,PUG,16657,6695,9962,2057,640,288,6718,6,6,5987,4,948,3,14745,1912,ITF,ITF4,16,Puglia,Puglia,4029053,189406,4.7,0.41
2520,2021-03-07,PUG,4918,1943,2975,930,101,3,1854,4,4,1681,7,327,7,4347,571,ITF,ITF4,16,Puglia,Puglia,4029053,194324,4.82,0.12
2521,2021-04-14,PUG,31781,15003,16778,628,220,40,83,4652,15247,4915,5561,124,311,28475,3306,ITF,ITF4,16,Puglia,Puglia,4029053,226105,5.61,0.79
2522,2021-04-25,PUG,11151,5171,5980,184,97,43,146,939,3214,1126,5192,12,198,9994,1157,ITF,ITF4,16,Puglia,Puglia,4029053,237256,5.89,0.28
2523,2021-01-13,PUG,4541,1731,2810,3975,329,231,2,1,0,0,0,1,2,4541,0,ITF,ITF4,16,Puglia,Puglia,4029053,241797,6.0,0.11
2524,2021-04-19,PUG,27491,12759,14732,550,141,77,57,1978,14670,3286,6514,50,168,24459,3032,ITF,ITF4,16,Puglia,Puglia,4029053,269288,6.68,0.68
2525,2021-02-23,PUG,9343,4421,4922,1789,362,167,1020,11,15,5554,1,405,19,8868,475,ITF,ITF4,16,Puglia,Puglia,4029053,278631,6.92,0.23
2526,2021-03-20,PUG,8256,3734,4522,1434,89,54,817,24,51,5649,43,74,21,3667,4589,ITF,ITF4,16,Puglia,Puglia,4029053,286887,7.12,0.2
2527,2021-04-26,PUG,26017,11912,14105,427,233,102,126,6472,8065,2756,7619,34,183,22779,3238,ITF,ITF4,16,Puglia,Puglia,4029053,312904,7.77,0.65
2528,2021-05-15,PUG,42661,18607,24054,266,337,46,4362,11272,4233,2008,15754,130,4253,23214,19447,ITF,ITF4,16,Puglia,Puglia,4029053,355565,8.83,1.06
2529,2021-01-27,PUG,4579,1928,2651,3934,240,396,2,1,3,0,0,0,3,612,3967,ITF,ITF4,16,Puglia,Puglia,4029053,360144,8.94,0.11
2530,2021-05-13,PUG,38148,16967,21181,571,405,149,2652,8678,5882,1930,13122,326,4433,21218,16930,ITF,ITF4,16,Puglia,Puglia,4029053,398292,9.89,0.95
2531,2021-05-16,PUG,24132,10883,13249,89,154,7,3777,7988,2641,692,6457,65,2262,12511,11621,ITF,ITF4,16,Puglia,Puglia,4029053,422424,10.48,0.6
2532,2021-02-13,PUG,3726,1455,2271,2887,517,290,7,0,2,5,0,18,0,3031,695,ITF,ITF4,16,Puglia,Puglia,4029053,426150,10.58,0.09
2533,2021-02-12,PUG,4101,1629,2472,2940,443,689,5,0,0,6,5,10,3,3010,1091,ITF,ITF4,16,Puglia,Puglia,4029053,430251,10.68,0.1
2534,2021-03-18,PUG,9401,4254,5147,1755,490,225,90,17,28,6690,46,40,20,3284,6117,ITF,ITF4,16,Puglia,Puglia,4029053,439652,10.91,0.23
2535,2021-02-24,PUG,10035,4703,5332,1927,601,117,566,9,12,6410,0,376,17,9446,589,ITF,ITF4,16,Puglia,Puglia,4029053,449687,11.16,0.25
2536,2021-05-18,PUG,27987,12843,15144,295,294,121,2785,6319,3237,802,7084,783,6267,15508,12479,ITF,ITF4,16,Puglia,Puglia,4029053,477674,11.86,0.69
2537,2021-01-29,PUG,6193,2660,3533,5516,377,288,3,3,0,1,0,0,5,436,5757,ITF,ITF4,16,Puglia,Puglia,4029053,483867,12.01,0.15
2538,2021-05-23,PUG,17624,8243,9381,73,101,35,1334,2954,1362,499,2842,9,8415,13854,3770,ITF,ITF4,16,Puglia,Puglia,4029053,501491,12.45,0.44
2539,2021-05-08,PUG,53777,22743,31034,679,387,238,6137,11368,6074,4417,23023,532,922,24191,29586,ITF,ITF4,16,Puglia,Puglia,4029053,555268,13.78,1.33
2540,2021-01-22,PUG,1409,578,831,878,154,373,1,0,0,1,1,0,1,991,418,ITF,ITF4,16,Puglia,Puglia,4029053,556677,13.82,0.03
2541,2021-02-10,PUG,3643,1435,2208,2519,254,869,1,0,0,0,0,0,0,2133,1510,ITF,ITF4,16,Puglia,Puglia,4029053,560320,13.91,0.09
2542,2021-01-09,PUG,4885,2250,2635,4331,255,247,1,5,1,4,5,0,36,4885,0,ITF,ITF4,16,Puglia,Puglia,4029053,565205,14.03,0.12
2543,2021-01-21,PUG,2132,904,1228,1432,167,528,0,0,1,2,0,0,2,1271,861,ITF,ITF4,16,Puglia,Puglia,4029053,567337,14.08,0.05
2544,2021-05-26,PUG,18415,8725,9690,151,358,35,809,2558,1790,327,4230,805,7352,11975,6440,ITF,ITF4,16,Puglia,Puglia,4029053,585752,14.54,0.46
2545,2021-03-08,PUG,14596,6083,8513,2144,841,224,3859,13,10,6829,7,647,22,12197,2399,ITF,ITF4,16,Puglia,Puglia,4029053,600348,14.9,0.36
2546,2021-05-07,PUG,49170,21922,27248,681,469,73,3349,12609,8389,3452,18755,683,710,25967,23203,ITF,ITF4,16,Puglia,Puglia,4029053,649518,16.12,1.22
2547,2021-02-15,PUG,3252,1268,1984,2247,527,454,3,0,1,1,1,7,11,2632,620,ITF,ITF4,16,Puglia,Puglia,4029053,652770,16.2,0.08
2548,2021-05-11,PUG,32099,14115,17984,378,384,44,3505,4785,6237,2341,13328,494,603,13825,18274,ITF,ITF4,16,Puglia,Puglia,4029053,684869,17.0,0.8
2549,2021-03-19,PUG,7951,3648,4303,1762,280,70,261,13,20,5383,74,66,22,3407,4544,ITF,ITF4,16,Puglia,Puglia,4029053,692820,17.2,0.2
2550,2021-03-29,PUG,12867,6002,6865,1602,591,241,1129,35,141,7966,684,409,69,6139,6728,ITF,ITF4,16,Puglia,Puglia,4029053,705687,17.51,0.32
2551,2021-03-13,PUG,10375,4100,6275,2153,285,131,3324,7,13,4129,46,255,32,8643,1732,ITF,ITF4,16,Puglia,Puglia,4029053,716062,17.77,0.26
2552,2021-01-28,PUG,5472,2277,3195,4789,339,327,3,3,0,0,0,6,5,472,5000,ITF,ITF4,16,Puglia,Puglia,4029053,721534,17.91,0.14
2553,2021-04-11,PUG,16438,7237,9201,330,87,14,118,354,1002,5467,8950,16,100,14782,1656,ITF,ITF4,16,Puglia,Puglia,4029053,737972,18.32,0.41
2554,2021-01-04,PUG,4505,2014,2491,4399,88,11,1,0,0,0,0,0,6,4505,0,ITF,ITF4,16,Puglia,Puglia,4029053,742477,18.43,0.11
2555,2021-02-03,PUG,5036,2005,3031,4369,476,185,3,2,0,0,0,1,0,730,4306,ITF,ITF4,16,Puglia,Puglia,4029053,747513,18.55,0.12
2556,2021-04-07,PUG,15276,6756,8520,1146,446,173,363,183,556,8700,3315,146,248,8606,6670,ITF,ITF4,16,Puglia,Puglia,4029053,762789,18.93,0.38
2557,2021-04-08,PUG,17434,7565,9869,1031,328,181,506,218,838,9742,4343,87,160,11261,6173,ITF,ITF4,16,Puglia,Puglia,4029053,780223,19.36,0.43
2558,2021-03-17,PUG,10275,4683,5592,1795,464,64,71,28,37,7680,39,51,46,4171,6104,ITF,ITF4,16,Puglia,Puglia,4029053,790498,19.62,0.26
2559,2021-05-24,PUG,33909,15699,18210,294,260,76,2551,6331,2594,625,7231,532,13415,23770,10139,ITF,ITF4,16,Puglia,Puglia,4029053,824407,20.46,0.84
2560,2021-02-26,PUG,13712,5026,8686,2133,682,298,4689,10,9,5229,18,621,23,12678,1034,ITF,ITF4,16,Puglia,Puglia,4029053,838119,20.8,0.34
2561,2021-01-19,PUG,1221,452,769,531,113,577,0,0,0,0,0,0,0,1211,10,ITF,ITF4,16,Puglia,Puglia,4029053,839340,20.83,0.03
2562,2021-03-02,PUG,16333,6061,10272,1403,664,113,8196,17,17,4353,10,1545,15,15035,1298,ITF,ITF4,16,Puglia,Puglia,4029053,855673,21.24,0.41
2563,2021-01-23,PUG,3040,1294,1746,2526,176,309,1,3,6,14,0,0,5,886,2154,ITF,ITF4,16,Puglia,Puglia,4029053,858713,21.31,0.08
2564,2021-01-18,PUG,1845,770,1075,1183,215,444,0,0,0,1,0,1,1,1496,349,ITF,ITF4,16,Puglia,Puglia,4029053,860558,21.36,0.05
2565,2021-01-06,PUG,3945,1668,2277,3316,224,372,0,11,1,0,0,0,21,3945,0,ITF,ITF4,16,Puglia,Puglia,4029053,864503,21.46,0.1
2566,2021-01-08,PUG,5592,2346,3246,4878,374,328,3,0,0,0,4,4,1,5592,0,ITF,ITF4,16,Puglia,Puglia,4029053,870095,21.6,0.14
2567,2021-03-01,PUG,15090,5862,9228,1974,724,83,5176,7,15,6182,5,902,22,13720,1370,ITF,ITF4,16,Puglia,Puglia,4029053,885185,21.97,0.37
2568,2021-04-30,PUG,34465,15400,19065,808,428,197,167,4112,8245,7022,12886,127,473,22588,11877,ITF,ITF4,16,Puglia,Puglia,4029053,919650,22.83,0.86
2569,2021-03-06,PUG,15938,5954,9984,2178,474,99,7080,16,14,5467,24,568,18,13868,2070,ITF,ITF4,16,Puglia,Puglia,4029053,935588,23.22,0.4
2570,2020-12-31,PUG,1634,782,852,1548,38,44,3,0,1,0,0,0,0,1634,0,ITF,ITF4,16,Puglia,Puglia,4029053,937222,23.26,0.04
2571,2021-03-27,PUG,12131,5698,6433,972,593,70,1379,35,96,7557,1117,236,76,6971,5160,ITF,ITF4,16,Puglia,Puglia,4029053,949353,23.56,0.3
2572,2021-04-22,PUG,22861,10446,12415,791,283,217,118,1851,9144,4160,5953,55,289,17996,4865,ITF,ITF4,16,Puglia,Puglia,4029053,972214,24.13,0.57
2573,2021-02-09,PUG,3840,1570,2270,2534,661,622,6,2,3,9,1,0,2,2168,1672,ITF,ITF4,16,Puglia,Puglia,4029053,976054,24.23,0.1
2574,2021-02-28,PUG,6029,1800,4229,561,137,26,3550,6,3,1545,1,194,6,5843,186,ITF,ITF4,16,Puglia,Puglia,4029053,982083,24.38,0.15
2575,2021-03-26,PUG,11461,5348,6113,1614,919,287,1355,38,119,6466,100,444,119,6816,4645,ITF,ITF4,16,Puglia,Puglia,4029053,993544,24.66,0.28
2576,2021-01-31,PUG,1812,827,985,1504,103,200,2,1,0,2,0,0,0,74,1738,ITF,ITF4,16,Puglia,Puglia,4029053,995356,24.7,0.04
2577,2021-04-04,PUG,5939,2952,2987,98,25,7,48,29,46,287,5322,26,51,5933,6,ITF,ITF4,16,Puglia,Puglia,4029053,1001295,24.85,0.15
2578,2021-01-16,PUG,2507,1033,1474,1682,300,518,1,1,1,0,0,0,4,2507,0,ITF,ITF4,16,Puglia,Puglia,4029053,1003802,24.91,0.06
2579,2021-04-05,PUG,12682,6163,6519,57,59,4,30,59,239,943,11210,12,69,12148,534,ITF,ITF4,16,Puglia,Puglia,4029053,1016484,25.23,0.31
2580,2021-01-15,PUG,4552,1866,2686,3599,369,558,4,2,0,1,1,13,5,4552,0,ITF,ITF4,16,Puglia,Puglia,4029053,1021036,25.34,0.11
2581,2021-05-14,PUG,44336,20203,24133,464,312,143,3033,14537,5072,1651,13669,562,4893,28433,15903,ITF,ITF4,16,Puglia,Puglia,4029053,1065372,26.44,1.1
2582,2021-04-01,PUG,13485,6150,7335,1248,453,221,1036,85,330,8075,1579,322,136,7144,6341,ITF,ITF4,16,Puglia,Puglia,4029053,1078857,26.78,0.33
2583,2021-01-11,PUG,3753,1589,2164,3225,336,175,2,4,0,0,0,6,5,3753,0,ITF,ITF4,16,Puglia,Puglia,4029053,1082610,26.87,0.09
2584,2021-02-21,PUG,2176,472,1704,537,73,49,1460,1,5,32,0,12,7,2115,61,ITF,ITF4,16,Puglia,Puglia,4029053,1084786,26.92,0.05
2585,2021-01-20,PUG,1545,540,1005,780,125,627,0,0,3,9,0,0,1,1537,8,ITF,ITF4,16,Puglia,Puglia,4029053,1086331,26.96,0.04
2586,2021-01-02,PUG,2949,1301,1648,2830,91,23,4,0,0,0,0,0,1,2949,0,ITF,ITF4,16,Puglia,Puglia,4029053,1089280,27.04,0.07
2587,2021-05-25,PUG,32102,14625,17477,427,234,55,2223,4997,3601,870,9502,714,9479,19897,12205,ITF,ITF4,16,Puglia,Puglia,4029053,1121382,27.83,0.8
2588,2021-02-02,PUG,4343,1845,2498,3633,389,317,3,1,0,0,0,0,0,593,3750,ITF,ITF4,16,Puglia,Puglia,4029053,1125725,27.94,0.11
2589,2021-03-11,PUG,14377,6192,8185,2921,937,515,3691,6,8,5277,9,993,20,11269,3108,ITF,ITF4,16,Puglia,Puglia,4029053,1140102,28.3,0.36
2590,2021-04-18,PUG,22526,10770,11756,82,42,4,9,4037,9374,1441,7326,12,199,21463,1063,ITF,ITF4,16,Puglia,Puglia,4029053,1162628,28.86,0.56
2591,2020-12-27,PUG,509,252,257,440,6,63,0,0,0,0,0,0,0,509,0,ITF,ITF4,16,Puglia,Puglia,4029053,1163137,28.87,0.01
2592,2021-02-17,PUG,4272,1744,2528,2481,1182,598,1,0,1,2,1,1,5,3670,602,ITF,ITF4,16,Puglia,Puglia,4029053,1167409,28.97,0.11
2593,2021-04-21,PUG,23017,10618,12399,681,246,61,377,1961,12318,2785,4337,115,136,19286,3731,ITF,ITF4,16,Puglia,Puglia,4029053,1190426,29.55,0.57
2594,2021-05-04,PUG,34720,14641,20079,618,237,73,3972,5401,9445,3235,11098,324,317,18345,16375,ITF,ITF4,16,Puglia,Puglia,4029053,1225146,30.41,0.86
2595,2021-05-09,PUG,30410,12455,17955,141,211,17,5732,7672,3139,2020,10766,100,612,14895,15515,ITF,ITF4,16,Puglia,Puglia,4029053,1255556,31.16,0.75
2596,2021-03-24,PUG,12975,5982,6993,1908,628,192,1545,29,58,7924,89,498,104,5719,7256,ITF,ITF4,16,Puglia,Puglia,4029053,1268531,31.48,0.32
2597,2021-03-23,PUG,10410,4998,5412,1853,417,51,991,29,44,6098,57,745,125,3940,6470,ITF,ITF4,16,Puglia,Puglia,4029053,1278941,31.74,0.26
2598,2021-02-16,PUG,3379,1452,1927,2156,740,412,2,7,0,5,0,15,42,2735,644,ITF,ITF4,16,Puglia,Puglia,4029053,1282320,31.83,0.08
2599,2021-03-14,PUG,3317,1429,1888,956,91,107,1003,28,10,977,9,43,93,2506,811,ITF,ITF4,16,Puglia,Puglia,4029053,1285637,31.91,0.08
2600,2021-04-27,PUG,26480,11988,14492,655,263,319,239,5219,7456,4188,7792,64,285,20880,5600,ITF,ITF4,16,Puglia,Puglia,4029053,1312117,32.57,0.66
2601,2021-04-24,PUG,29196,13290,15906,553,300,94,75,2527,11275,3619,10282,32,439,25246,3950,ITF,ITF4,16,Puglia,Puglia,4029053,1341313,33.29,0.72
2602,2021-04-02,PUG,12585,5763,6822,894,398,299,697,128,649,7478,1506,193,343,8067,4518,ITF,ITF4,16,Puglia,Puglia,4029053,1353898,33.6,0.31
2603,2021-01-12,PUG,4212,1772,2440,3639,343,218,5,2,3,1,0,0,1,4212,0,ITF,ITF4,16,Puglia,Puglia,4029053,1358110,33.71,0.1
2604,2021-04-12,PUG,29073,13695,15378,505,243,32,158,2205,14838,4873,5852,151,216,26249,2824,ITF,ITF4,16,Puglia,Puglia,4029053,1387183,34.43,0.72
2605,2021-01-25,PUG,3823,1680,2143,3473,170,169,1,1,0,2,1,0,6,423,3400,ITF,ITF4,16,Puglia,Puglia,4029053,1391006,34.52,0.09
2606,2021-05-12,PUG,35970,15961,20009,193,419,220,3409,12206,3859,1866,10814,520,2464,23607,12363,ITF,ITF4,16,Puglia,Puglia,4029053,1426976,35.42,0.89
2607,2021-01-01,PUG,147,60,87,146,1,0,0,0,0,0,0,0,0,147,0,ITF,ITF4,16,Puglia,Puglia,4029053,1427123,35.42,0.0
2608,2021-02-11,PUG,3700,1402,2298,2577,392,725,2,0,0,0,0,0,4,2423,1277,ITF,ITF4,16,Puglia,Puglia,4029053,1430823,35.51,0.09
2609,2021-03-09,PUG,13220,5756,7464,1904,717,229,3559,16,9,5628,10,1093,55,11213,2007,ITF,ITF4,16,Puglia,Puglia,4029053,1444043,35.84,0.33
2610,2021-03-04,PUG,15081,5886,9195,1539,590,325,6305,20,15,4778,9,1470,30,13693,1388,ITF,ITF4,16,Puglia,Puglia,4029053,1459124,36.22,0.37
2611,2021-04-29,PUG,25802,11932,13870,558,395,133,70,3049,9127,4130,7971,33,336,19144,6658,ITF,ITF4,16,Puglia,Puglia,4029053,1484926,36.86,0.64
2612,2021-03-12,PUG,13930,6107,7823,3283,1138,432,3036,8,16,5007,9,989,12,10004,3926,ITF,ITF4,16,Puglia,Puglia,4029053,1498856,37.2,0.35
2613,2021-01-07,PUG,5717,2457,3260,5221,263,217,3,4,0,0,2,7,0,5717,0,ITF,ITF4,16,Puglia,Puglia,4029053,1504573,37.34,0.14
2614,2021-02-22,PUG,9628,4535,5093,1443,652,140,317,14,19,6809,5,218,11,9296,332,ITF,ITF4,16,Puglia,Puglia,4029053,1514201,37.58,0.24
2615,2021-02-08,PUG,3992,1610,2382,2965,605,389,1,1,0,1,1,26,3,1597,2395,ITF,ITF4,16,Puglia,Puglia,4029053,1518193,37.68,0.1
2616,2021-05-21,PUG,37271,17440,19831,376,371,78,1939,8782,2330,929,10475,857,11134,27831,9440,ITF,ITF4,16,Puglia,Puglia,4029053,1555464,38.61,0.93
2617,2021-02-01,PUG,3965,1659,2306,3447,287,208,5,4,0,0,0,6,8,375,3590,ITF,ITF4,16,Puglia,Puglia,4029053,1559429,38.7,0.1
2618,2021-02-20,PUG,2969,1080,1889,2112,237,168,426,0,2,9,1,4,10,2713,256,ITF,ITF4,16,Puglia,Puglia,4029053,1562398,38.78,0.07
2619,2021-04-10,PUG,30710,13023,17687,637,238,122,283,628,1597,11833,14987,149,236,26488,4222,ITF,ITF4,16,Puglia,Puglia,4029053,1593108,39.54,0.76
2620,2021-02-05,PUG,5634,2273,3361,4572,512,526,6,0,0,0,0,14,4,1332,4302,ITF,ITF4,16,Puglia,Puglia,4029053,1598742,39.68,0.14
2621,2021-03-22,PUG,9346,4551,4795,612,368,12,1072,10,38,6753,52,363,66,3702,5644,ITF,ITF4,16,Puglia,Puglia,4029053,1608088,39.91,0.23
2622,2021-02-27,PUG,14212,4811,9401,1609,680,181,6198,15,12,5120,17,367,13,12987,1225,ITF,ITF4,16,Puglia,Puglia,4029053,1622300,40.27,0.35
2623,2021-05-05,PUG,38724,16911,21813,559,233,135,3681,11955,6038,3254,11798,713,358,24606,14118,ITF,ITF4,16,Puglia,Puglia,4029053,1661024,41.23,0.96
2624,2021-01-17,PUG,1308,590,718,818,154,336,0,0,0,0,0,0,0,1239,69,ITF,ITF4,16,Puglia,Puglia,4029053,1662332,41.26,0.03
2625,2021-03-31,PUG,14038,6349,7689,1791,569,177,812,30,191,8642,1345,372,109,8484,5554,ITF,ITF4,16,Puglia,Puglia,4029053,1676370,41.61,0.35
2626,2021-02-06,PUG,4545,1927,2618,3503,484,551,4,0,1,0,0,0,2,1589,2956,ITF,ITF4,16,Puglia,Puglia,4029053,1680915,41.72,0.11
2627,2021-02-04,PUG,5898,2357,3541,4444,792,654,6,0,0,0,1,0,1,1167,4731,ITF,ITF4,16,Puglia,Puglia,4029053,1686813,41.87,0.15
2628,2021-05-17,PUG,32117,14722,17395,274,514,104,3515,8852,2329,942,8135,707,6745,20529,11588,ITF,ITF4,16,Puglia,Puglia,4029053,1718930,42.66,0.8
2629,2021-04-16,PUG,35785,16814,18971,695,286,139,215,4918,14925,4587,9593,102,325,32503,3282,ITF,ITF4,16,Puglia,Puglia,4029053,1754715,43.55,0.89
2630,2021-05-02,PUG,21178,9607,11571,94,92,17,39,3965,4840,3490,8310,20,311,13929,7249,ITF,ITF4,16,Puglia,Puglia,4029053,1775893,44.08,0.53
2631,2021-05-19,PUG,25454,12050,13404,227,253,54,1543,7116,1385,552,5892,899,7533,19271,6183,ITF,ITF4,16,Puglia,Puglia,4029053,1801347,44.71,0.63
2632,2021-05-22,PUG,33753,15478,18275,197,388,53,3318,6566,1955,910,8254,163,11949,23682,10071,ITF,ITF4,16,Puglia,Puglia,4029053,1835100,45.55,0.84
2633,2021-03-28,PUG,3526,1650,1876,638,151,47,121,6,11,2016,520,4,12,1201,2325,ITF,ITF4,16,Puglia,Puglia,4029053,1838626,45.63,0.09
2634,2021-04-17,PUG,39733,18809,20924,531,172,87,182,4788,13041,5031,15331,94,476,36167,3566,ITF,ITF4,16,Puglia,Puglia,4029053,1878359,46.62,0.99
2635,2021-03-10,PUG,14399,6244,8155,2593,1083,355,3095,6,33,6548,7,659,20,11280,3119,ITF,ITF4,16,Puglia,Puglia,4029053,1892758,46.98,0.36
2636,2021-02-18,PUG,4378,1846,2532,2715,960,680,2,1,1,5,1,11,2,3774,604,ITF,ITF4,16,Puglia,Puglia,4029053,1897136,47.09,0.11
2637,2021-04-03,PUG,10495,4607,5888,920,238,135,540,120,365,5427,2440,18,292,6941,3554,ITF,ITF4,16,Puglia,Puglia,4029053,1907631,47.35,0.26
2638,2021-04-06,PUG,13521,6000,7521,750,380,250,220,88,489,8450,2676,131,87,6827,6694,ITF,ITF4,16,Puglia,Puglia,4029053,1921152,47.68,0.34
2639,2021-04-15,PUG,32327,15072,17255,562,227,87,120,4272,13255,5172,8209,97,326,28828,3499,ITF,ITF4,16,Puglia,Puglia,4029053,1953479,48.48,0.8
2640,2021-02-19,PUG,4731,2010,2721,3066,1190,389,7,2,1,2,0,49,25,4339,392,ITF,ITF4,16,Puglia,Puglia,4029053,1958210,48.6,0.12
2641,2021-04-28,PUG,19544,8741,10803,341,164,94,84,2219,7608,3231,5635,57,111,14832,4712,ITF,ITF4,16,Puglia,Puglia,4029053,1977754,49.09,0.49
2642,2021-02-14,PUG,787,348,439,683,32,70,1,0,0,0,0,1,0,663,124,ITF,ITF4,16,Puglia,Puglia,4029053,1978541,49.11,0.02
2643,2021-03-16,PUG,9864,4683,5181,2201,554,91,40,21,21,6639,132,142,23,3508,6356,ITF,ITF4,16,Puglia,Puglia,4029053,1988405,49.35,0.24
2644,2021-01-03,PUG,2007,943,1064,1818,38,145,1,1,1,0,3,0,0,2007,0,ITF,ITF4,16,Puglia,Puglia,4029053,1990412,49.4,0.05
2645,2021-04-09,PUG,21807,9369,12438,1116,548,171,419,473,1166,9769,7673,146,326,17186,4621,ITF,ITF4,16,Puglia,Puglia,4029053,2012219,49.94,0.54
2646,2021-02-25,PUG,11953,5052,6901,1749,766,420,2432,19,15,5784,2,731,35,10791,1162,ITF,ITF4,16,Puglia,Puglia,4029053,2024172,50.24,0.3
2647,2021-05-03,PUG,33049,14752,18297,471,322,188,1453,11361,6019,3490,9418,80,247,22441,10608,ITF,ITF4,16,Puglia,Puglia,4029053,2057221,51.06,0.82
2648,2021-04-13,PUG,28593,13554,15039,661,252,61,118,4546,10795,5326,6368,122,344,25196,3397,ITF,ITF4,16,Puglia,Puglia,4029053,2085814,51.77,0.71
2649,2021-01-26,PUG,5359,2397,2962,4850,270,232,0,2,1,1,0,0,3,570,4789,ITF,ITF4,16,Puglia,Puglia,4029053,2091173,51.9,0.13
2650,2021-01-05,PUG,5104,2249,2855,4787,179,98,4,9,9,5,0,0,13,5104,0,ITF,ITF4,16,Puglia,Puglia,4029053,2096277,52.03,0.13
2651,2021-03-30,PUG,11863,5490,6373,1356,497,266,960,48,165,7131,1013,372,55,5969,5894,ITF,ITF4,16,Puglia,Puglia,4029053,2108140,52.32,0.29
2652,2021-01-10,PUG,2348,1061,1287,2037,106,202,0,2,0,0,1,0,0,2348,0,ITF,ITF4,16,Puglia,Puglia,4029053,2110488,52.38,0.06
2653,2020-12-30,PUG,1,0,1,1,0,0,0,0,0,0,0,0,0,1,0,ITF,ITF4,16,Puglia,Puglia,4029053,2110489,52.38,0.0
2654,2021-04-23,PUG,29190,13556,15634,757,264,295,104,2450,12970,4520,7247,195,388,23984,5206,ITF,ITF4,16,Puglia,Puglia,4029053,2139679,53.11,0.72
2655,2021-03-25,PUG,10886,5288,5598,1276,671,184,656,22,50,7199,64,678,86,4653,6233,ITF,ITF4,16,Puglia,Puglia,4029053,2150565,53.38,0.27
2656,2021-02-07,PUG,1578,669,909,1039,227,309,1,0,2,0,0,0,0,253,1325,ITF,ITF4,16,Puglia,Puglia,4029053,2152143,53.42,0.04
2657,2021-05-01,PUG,27365,12541,14824,175,166,83,29,3401,5508,3972,13604,15,412,16726,10639,ITF,ITF4,16,Puglia,Puglia,4029053,2179508,54.09,0.68
2658,2021-04-14,CAL,7957,3844,4113,172,185,141,174,211,1533,1523,3832,73,113,6504,1453,ITF,ITF6,18,Calabria,Calabria,1947131,7957,0.41,0.41
2659,2021-01-30,CAL,2176,1149,1027,1976,190,0,0,3,0,1,0,0,6,358,1818,ITF,ITF6,18,Calabria,Calabria,1947131,10133,0.52,0.11
2660,2021-04-02,CAL,8022,3662,4360,360,135,603,1153,115,176,2765,2243,197,275,4199,3823,ITF,ITF6,18,Calabria,Calabria,1947131,18155,0.93,0.41
2661,2021-05-06,CAL,13224,6257,6967,322,307,143,465,2328,2021,854,6175,74,535,8944,4280,ITF,ITF6,18,Calabria,Calabria,1947131,31379,1.61,0.68
2662,2021-01-12,CAL,2062,1020,1042,1710,237,29,0,21,1,19,0,0,45,2062,0,ITF,ITF6,18,Calabria,Calabria,1947131,33441,1.72,0.11
2663,2021-05-22,CAL,22056,10512,11544,213,325,183,230,1814,1725,626,10044,439,6457,14216,7840,ITF,ITF6,18,Calabria,Calabria,1947131,55497,2.85,1.13
2664,2021-05-20,CAL,16896,8436,8460,191,295,38,129,1497,1358,466,6848,818,5256,11291,5605,ITF,ITF6,18,Calabria,Calabria,1947131,72393,3.72,0.87
2665,2021-04-04,CAL,1733,876,857,34,23,21,64,249,266,505,516,2,53,1233,500,ITF,ITF6,18,Calabria,Calabria,1947131,74126,3.81,0.09
2666,2021-02-25,CAL,2788,1502,1286,736,226,210,4,41,15,971,37,418,130,2210,578,ITF,ITF6,18,Calabria,Calabria,1947131,76914,3.95,0.14
2667,2021-02-11,CAL,2331,1041,1290,1454,372,241,0,25,18,156,0,0,65,1081,1250,ITF,ITF6,18,Calabria,Calabria,1947131,79245,4.07,0.12
2668,2021-03-07,CAL,3141,1570,1571,105,33,348,2,10,31,1741,476,371,24,3052,89,ITF,ITF6,18,Calabria,Calabria,1947131,82386,4.23,0.16
2669,2021-03-16,CAL,3762,1846,1916,459,202,23,30,49,78,2129,590,67,135,2175,1587,ITF,ITF6,18,Calabria,Calabria,1947131,86148,4.42,0.19
2670,2021-05-15,CAL,26643,12739,13904,266,429,90,181,2579,2478,900,12002,192,7526,19884,6759,ITF,ITF6,18,Calabria,Calabria,1947131,112791,5.79,1.37
2671,2021-05-13,CAL,15866,7600,8266,211,282,148,171,1573,1445,644,7077,152,4163,11239,4627,ITF,ITF6,18,Calabria,Calabria,1947131,128657,6.61,0.81
2672,2021-03-19,CAL,4186,1947,2239,491,121,294,102,64,114,2007,884,12,97,1900,2286,ITF,ITF6,18,Calabria,Calabria,1947131,132843,6.82,0.21
2673,2021-03-08,CAL,5321,2822,2499,708,244,453,3,48,63,1552,1137,854,259,4263,1058,ITF,ITF6,18,Calabria,Calabria,1947131,138164,7.1,0.27
2674,2021-05-18,CAL,15523,7772,7751,201,418,35,143,1301,1071,361,5837,709,5447,12058,3465,ITF,ITF6,18,Calabria,Calabria,1947131,153687,7.89,0.8
2675,2021-01-29,CAL,2043,984,1059,1749,231,47,0,3,3,1,0,0,9,230,1813,ITF,ITF6,18,Calabria,Calabria,1947131,155730,8.0,0.1
2676,2021-01-27,CAL,1456,733,723,1225,201,23,0,4,0,0,0,0,3,396,1060,ITF,ITF6,18,Calabria,Calabria,1947131,157186,8.07,0.07
2677,2021-03-20,CAL,6454,2975,3479,432,99,406,455,73,122,3574,1010,74,209,4066,2388,ITF,ITF6,18,Calabria,Calabria,1947131,163640,8.4,0.33
2678,2021-01-22,CAL,658,274,384,298,146,112,0,37,29,4,0,0,32,656,2,ITF,ITF6,18,Calabria,Calabria,1947131,164298,8.44,0.03
2679,2021-05-16,CAL,13765,6719,7046,191,287,20,136,1359,1078,469,5554,129,4542,9960,3805,ITF,ITF6,18,Calabria,Calabria,1947131,178063,9.14,0.71
2680,2020-12-27,CAL,281,156,125,280,1,0,0,0,0,0,0,0,0,281,0,ITF,ITF6,18,Calabria,Calabria,1947131,178344,9.16,0.01
2681,2021-03-18,CAL,4243,1978,2265,360,209,232,45,65,114,2311,753,58,96,2274,1969,ITF,ITF6,18,Calabria,Calabria,1947131,182587,9.38,0.22
2682,2021-05-21,CAL,21277,10832,10445,258,731,80,226,1735,1514,431,8995,942,6365,13946,7331,ITF,ITF6,18,Calabria,Calabria,1947131,203864,10.47,1.09
2683,2021-05-26,CAL,9918,5023,4895,84,130,51,207,972,868,176,3686,833,2911,5311,4607,ITF,ITF6,18,Calabria,Calabria,1947131,213782,10.98,0.51
2684,2021-03-31,CAL,8819,4007,4812,377,284,652,2048,145,193,2692,1988,118,322,4883,3936,ITF,ITF6,18,Calabria,Calabria,1947131,222601,11.43,0.45
2685,2021-02-08,CAL,1847,733,1114,1214,406,121,0,14,1,0,0,0,91,661,1186,ITF,ITF6,18,Calabria,Calabria,1947131,224448,11.53,0.09
2686,2021-02-24,CAL,1847,942,905,659,108,114,4,16,10,754,84,50,48,1372,475,ITF,ITF6,18,Calabria,Calabria,1947131,226295,11.62,0.09
2687,2021-04-21,CAL,11474,5777,5697,260,200,196,236,1607,2284,1123,5160,187,221,8568,2906,ITF,ITF6,18,Calabria,Calabria,1947131,237769,12.21,0.59
2688,2021-05-17,CAL,15088,7537,7551,302,286,134,150,1619,1374,383,6005,749,4086,10366,4722,ITF,ITF6,18,Calabria,Calabria,1947131,252857,12.99,0.77
2689,2021-01-09,CAL,1920,1037,883,1532,316,0,0,26,2,1,0,0,43,1920,0,ITF,ITF6,18,Calabria,Calabria,1947131,254777,13.08,0.1
2690,2021-01-21,CAL,960,445,515,737,82,115,0,4,2,0,0,0,20,930,30,ITF,ITF6,18,Calabria,Calabria,1947131,255737,13.13,0.05
2691,2021-03-14,CAL,2544,1020,1524,322,104,312,721,15,30,812,128,30,70,2142,402,ITF,ITF6,18,Calabria,Calabria,1947131,258281,13.26,0.13
2692,2021-05-07,CAL,15894,7489,8405,353,343,286,540,2356,2113,1183,7887,137,696,9693,6201,ITF,ITF6,18,Calabria,Calabria,1947131,274175,14.08,0.82
2693,2021-04-11,CAL,4086,1865,2221,137,49,51,166,60,209,1726,1621,12,55,2145,1941,ITF,ITF6,18,Calabria,Calabria,1947131,278261,14.29,0.21
2694,2021-03-05,CAL,6208,3603,2605,694,254,708,5,46,61,2011,878,1455,96,5636,572,ITF,ITF6,18,Calabria,Calabria,1947131,284469,14.61,0.32
2695,2021-04-24,CAL,18927,9445,9482,288,230,146,113,6004,3557,1941,6103,230,315,15532,3395,ITF,ITF6,18,Calabria,Calabria,1947131,303396,15.58,0.97
2696,2021-04-18,CAL,5771,2760,3011,148,88,102,79,130,1432,1204,2528,12,48,4892,879,ITF,ITF6,18,Calabria,Calabria,1947131,309167,15.88,0.3
2697,2021-02-28,CAL,2172,987,1185,113,39,190,0,11,24,1706,28,10,51,2021,151,ITF,ITF6,18,Calabria,Calabria,1947131,311339,15.99,0.11
2698,2021-02-09,CAL,2145,904,1241,1422,394,230,0,20,5,0,0,0,74,947,1198,ITF,ITF6,18,Calabria,Calabria,1947131,313484,16.1,0.11
2699,2021-02-06,CAL,2906,1337,1569,2093,367,247,0,45,9,10,0,0,135,442,2464,ITF,ITF6,18,Calabria,Calabria,1947131,316390,16.25,0.15
2700,2021-02-05,CAL,3798,1709,2089,2330,744,554,0,41,8,3,0,0,118,489,3309,ITF,ITF6,18,Calabria,Calabria,1947131,320188,16.44,0.2
2701,2021-04-17,CAL,10647,4993,5654,211,138,218,118,303,2653,2178,4532,98,198,8933,1714,ITF,ITF6,18,Calabria,Calabria,1947131,330835,16.99,0.55
2702,2021-02-04,CAL,3392,1624,1768,2561,505,222,0,23,6,7,0,0,68,643,2749,ITF,ITF6,18,Calabria,Calabria,1947131,334227,17.17,0.17
2703,2021-01-17,CAL,867,418,449,527,121,48,0,17,4,33,0,0,117,801,66,ITF,ITF6,18,Calabria,Calabria,1947131,335094,17.21,0.04
2704,2021-05-05,CAL,13579,6507,7072,380,171,198,234,1913,1769,1205,6790,108,811,8474,5105,ITF,ITF6,18,Calabria,Calabria,1947131,348673,17.91,0.7
2705,2021-04-25,CAL,15815,8027,7788,149,314,121,122,5767,2979,743,4586,273,761,14697,1118,ITF,ITF6,18,Calabria,Calabria,1947131,364488,18.72,0.81
2706,2021-03-03,CAL,4864,2653,2211,631,351,913,4,38,43,1406,462,935,81,3803,1061,ITF,ITF6,18,Calabria,Calabria,1947131,369352,18.97,0.25
2707,2021-04-06,CAL,7218,3248,3970,377,163,453,802,103,246,2463,2369,51,191,4132,3086,ITF,ITF6,18,Calabria,Calabria,1947131,376570,19.34,0.37
2708,2021-04-26,CAL,10208,5115,5093,223,141,409,112,1387,1657,938,4856,358,127,7838,2370,ITF,ITF6,18,Calabria,Calabria,1947131,386778,19.86,0.52
2709,2021-02-27,CAL,3671,1908,1763,421,194,396,2,24,40,2069,96,346,83,3293,378,ITF,ITF6,18,Calabria,Calabria,1947131,390449,20.05,0.19
2710,2021-04-16,CAL,10121,4948,5173,332,213,287,234,253,2329,1095,5020,129,229,8525,1596,ITF,ITF6,18,Calabria,Calabria,1947131,400570,20.57,0.52
2711,2021-03-28,CAL,2532,1172,1360,127,109,31,412,74,66,785,738,15,175,1401,1131,ITF,ITF6,18,Calabria,Calabria,1947131,403102,20.7,0.13
2712,2021-05-19,CAL,18442,9137,9305,172,332,152,156,1699,1647,470,7721,749,5344,11423,7019,ITF,ITF6,18,Calabria,Calabria,1947131,421544,21.65,0.95
2713,2021-04-28,CAL,12458,6024,6434,174,152,237,167,2324,2217,608,6252,91,236,9666,2792,ITF,ITF6,18,Calabria,Calabria,1947131,434002,22.29,0.64
2714,2021-03-04,CAL,5439,3162,2277,645,251,742,2,62,46,1636,631,1292,132,4645,794,ITF,ITF6,18,Calabria,Calabria,1947131,439441,22.57,0.28
2715,2021-01-31,CAL,1107,555,552,764,282,58,0,1,0,0,0,0,2,154,953,ITF,ITF6,18,Calabria,Calabria,1947131,440548,22.63,0.06
2716,2021-02-18,CAL,1799,802,997,588,369,298,61,7,6,385,11,0,74,1573,226,ITF,ITF6,18,Calabria,Calabria,1947131,442347,22.72,0.09
2717,2021-04-15,CAL,7384,3625,3759,159,153,160,199,145,1660,1064,3694,34,116,5783,1601,ITF,ITF6,18,Calabria,Calabria,1947131,449731,23.1,0.38
2718,2021-02-19,CAL,1462,652,810,544,208,195,0,9,9,423,57,1,16,1201,261,ITF,ITF6,18,Calabria,Calabria,1947131,451193,23.17,0.08
2719,2021-04-12,CAL,6691,3266,3425,219,136,274,104,106,854,1438,3429,37,94,5091,1600,ITF,ITF6,18,Calabria,Calabria,1947131,457884,23.52,0.34
2720,2021-02-13,CAL,1329,583,746,731,144,111,0,31,9,166,0,0,137,966,363,ITF,ITF6,18,Calabria,Calabria,1947131,459213,23.58,0.07
2721,2021-01-25,CAL,1066,513,553,1023,35,0,0,0,1,0,0,0,7,148,918,ITF,ITF6,18,Calabria,Calabria,1947131,460279,23.64,0.05
2722,2021-03-10,CAL,6450,3271,3179,742,533,599,62,79,54,2210,1023,797,351,5227,1223,ITF,ITF6,18,Calabria,Calabria,1947131,466729,23.97,0.33
2723,2021-02-12,CAL,1708,667,1041,813,300,136,0,64,32,209,0,0,154,943,765,ITF,ITF6,18,Calabria,Calabria,1947131,468437,24.06,0.09
2724,2021-05-08,CAL,18166,8281,9885,286,326,74,295,1945,2534,2700,8893,227,886,10482,7684,ITF,ITF6,18,Calabria,Calabria,1947131,486603,24.99,0.93
2725,2021-05-23,CAL,11374,5555,5819,99,223,70,130,854,881,392,4678,299,3748,7039,4335,ITF,ITF6,18,Calabria,Calabria,1947131,497977,25.57,0.58
2726,2021-01-11,CAL,2155,1041,1114,1760,301,3,0,17,4,39,0,0,31,2155,0,ITF,ITF6,18,Calabria,Calabria,1947131,500132,25.69,0.11
2727,2021-01-04,CAL,1051,517,534,1022,29,0,0,0,0,0,0,0,0,1051,0,ITF,ITF6,18,Calabria,Calabria,1947131,501183,25.74,0.05
2728,2021-03-15,CAL,3493,1664,1829,542,165,139,582,56,81,1180,431,172,145,2065,1428,ITF,ITF6,18,Calabria,Calabria,1947131,504676,25.92,0.18
2729,2021-01-14,CAL,2558,1215,1343,1963,349,3,0,61,24,47,0,0,111,2558,0,ITF,ITF6,18,Calabria,Calabria,1947131,507234,26.05,0.13
2730,2021-03-02,CAL,4096,2379,1717,688,198,418,2,25,24,1451,221,997,72,3387,709,ITF,ITF6,18,Calabria,Calabria,1947131,511330,26.26,0.21
2731,2021-04-09,CAL,7783,3652,4131,342,141,471,306,153,506,2127,3498,31,208,4860,2923,ITF,ITF6,18,Calabria,Calabria,1947131,519113,26.66,0.4
2732,2021-02-02,CAL,2288,1115,1173,1863,340,75,0,1,1,1,0,0,7,177,2111,ITF,ITF6,18,Calabria,Calabria,1947131,521401,26.78,0.12
2733,2021-04-05,CAL,3450,1629,1821,133,22,149,133,286,439,1179,1038,18,53,2553,897,ITF,ITF6,18,Calabria,Calabria,1947131,524851,26.96,0.18
2734,2021-03-25,CAL,6956,3286,3670,292,362,564,1100,96,124,2268,1840,81,229,4436,2520,ITF,ITF6,18,Calabria,Calabria,1947131,531807,27.31,0.36
2735,2021-02-07,CAL,858,427,431,565,121,81,0,10,0,0,0,0,81,146,712,ITF,ITF6,18,Calabria,Calabria,1947131,532665,27.36,0.04
2736,2021-04-23,CAL,12607,6258,6349,302,189,227,205,1707,2409,1199,5885,174,310,9364,3243,ITF,ITF6,18,Calabria,Calabria,1947131,545272,28.0,0.65
2737,2021-02-03,CAL,2763,1428,1335,2170,393,103,0,18,4,2,0,0,73,581,2182,ITF,ITF6,18,Calabria,Calabria,1947131,548035,28.15,0.14
2738,2021-01-13,CAL,2028,1022,1006,1800,152,34,0,14,4,4,0,0,20,2028,0,ITF,ITF6,18,Calabria,Calabria,1947131,550063,28.25,0.1
2739,2021-02-15,CAL,1137,539,598,499,120,164,1,11,20,294,4,0,24,988,149,ITF,ITF6,18,Calabria,Calabria,1947131,551200,28.31,0.06
2740,2021-01-10,CAL,929,524,405,830,99,0,0,0,0,0,0,0,0,929,0,ITF,ITF6,18,Calabria,Calabria,1947131,552129,28.36,0.05
2741,2021-01-23,CAL,400,186,214,325,25,23,0,2,0,1,0,0,24,358,42,ITF,ITF6,18,Calabria,Calabria,1947131,552529,28.38,0.02
2742,2021-02-10,CAL,2462,1075,1387,1469,339,357,0,56,25,72,0,0,144,837,1625,ITF,ITF6,18,Calabria,Calabria,1947131,554991,28.5,0.13
2743,2021-01-19,CAL,1109,488,621,853,105,76,0,11,11,14,0,0,39,1099,10,ITF,ITF6,18,Calabria,Calabria,1947131,556100,28.56,0.06
2744,2021-03-13,CAL,6638,2936,3702,423,147,340,690,93,43,3797,746,124,235,5674,964,ITF,ITF6,18,Calabria,Calabria,1947131,562738,28.9,0.34
2745,2021-04-27,CAL,9848,4846,5002,166,161,173,85,1990,1997,598,4479,63,136,7988,1860,ITF,ITF6,18,Calabria,Calabria,1947131,572586,29.41,0.51
2746,2021-03-01,CAL,2682,1527,1155,400,156,258,3,10,11,1053,70,650,71,2232,450,ITF,ITF6,18,Calabria,Calabria,1947131,575268,29.54,0.14
2747,2021-02-17,CAL,1680,672,1008,672,239,285,81,7,6,354,2,0,34,1469,211,ITF,ITF6,18,Calabria,Calabria,1947131,576948,29.63,0.09
2748,2021-01-06,CAL,928,501,427,822,92,0,0,5,0,0,0,0,9,928,0,ITF,ITF6,18,Calabria,Calabria,1947131,577876,29.68,0.05
2749,2021-04-03,CAL,8819,3787,5032,363,123,359,621,87,213,4978,1906,57,112,4201,4618,ITF,ITF6,18,Calabria,Calabria,1947131,586695,30.13,0.45
2750,2021-02-16,CAL,1569,652,917,678,193,276,0,14,25,334,1,1,47,1291,278,ITF,ITF6,18,Calabria,Calabria,1947131,588264,30.21,0.08
2751,2021-02-21,CAL,608,286,322,36,46,48,0,2,2,374,28,30,42,531,77,ITF,ITF6,18,Calabria,Calabria,1947131,588872,30.24,0.03
2752,2021-03-09,CAL,5844,3054,2790,802,267,460,20,66,72,1943,1123,945,146,4868,976,ITF,ITF6,18,Calabria,Calabria,1947131,594716,30.54,0.3
2753,2021-05-11,CAL,15124,7311,7813,250,292,149,208,1620,1804,963,6581,283,2974,10349,4775,ITF,ITF6,18,Calabria,Calabria,1947131,609840,31.32,0.78
2754,2021-03-29,CAL,5627,2380,3247,206,320,134,1575,134,160,1129,1672,71,226,3872,1755,ITF,ITF6,18,Calabria,Calabria,1947131,615467,31.61,0.29
2755,2021-04-29,CAL,11590,5631,5959,287,216,204,170,2067,1930,937,5557,49,173,8284,3306,ITF,ITF6,18,Calabria,Calabria,1947131,627057,32.2,0.6
2756,2021-03-12,CAL,5079,2432,2647,465,394,219,784,60,38,2146,412,401,160,4036,1043,ITF,ITF6,18,Calabria,Calabria,1947131,632136,32.46,0.26
2757,2021-05-24,CAL,17597,8776,8821,288,231,75,318,1670,1297,366,6537,1249,5566,9950,7647,ITF,ITF6,18,Calabria,Calabria,1947131,649733,33.37,0.9
2758,2021-02-20,CAL,1361,736,625,439,189,55,2,13,5,489,54,19,96,1046,315,ITF,ITF6,18,Calabria,Calabria,1947131,651094,33.44,0.07
2759,2021-02-01,CAL,2495,1191,1304,2044,357,43,0,14,2,1,0,0,34,244,2251,ITF,ITF6,18,Calabria,Calabria,1947131,653589,33.57,0.13
2760,2021-05-04,CAL,16277,7478,8799,302,244,184,533,3026,2105,1454,7991,91,347,11654,4623,ITF,ITF6,18,Calabria,Calabria,1947131,669866,34.4,0.84
2761,2021-01-07,CAL,2183,1063,1120,1885,212,0,0,20,4,0,0,0,62,2183,0,ITF,ITF6,18,Calabria,Calabria,1947131,672049,34.51,0.11
2762,2021-04-30,CAL,14675,7220,7455,311,299,327,283,2535,2423,882,7272,104,239,10594,4081,ITF,ITF6,18,Calabria,Calabria,1947131,686724,35.27,0.75
2763,2021-03-21,CAL,4354,1881,2473,135,38,199,741,76,92,2127,694,83,169,2655,1699,ITF,ITF6,18,Calabria,Calabria,1947131,691078,35.49,0.22
2764,2021-05-10,CAL,13126,6088,7038,311,283,179,298,1796,1938,651,6297,169,1204,7735,5391,ITF,ITF6,18,Calabria,Calabria,1947131,704204,36.17,0.67
2765,2021-02-23,CAL,1546,727,819,437,177,204,1,13,10,582,63,2,57,1431,115,ITF,ITF6,18,Calabria,Calabria,1947131,705750,36.25,0.08
2766,2021-03-06,CAL,7982,4087,3895,701,225,760,6,42,96,4057,1133,871,91,7227,755,ITF,ITF6,18,Calabria,Calabria,1947131,713732,36.66,0.41
2767,2021-01-28,CAL,2234,1108,1126,1923,283,0,0,2,1,0,0,0,25,83,2151,ITF,ITF6,18,Calabria,Calabria,1947131,715966,36.77,0.11
2768,2021-04-07,CAL,6361,2875,3486,193,71,400,539,136,217,2167,2466,33,139,3650,2711,ITF,ITF6,18,Calabria,Calabria,1947131,722327,37.1,0.33
2769,2021-02-26,CAL,3061,1631,1430,540,191,389,4,21,18,1362,85,370,81,2609,452,ITF,ITF6,18,Calabria,Calabria,1947131,725388,37.25,0.16
2770,2021-01-18,CAL,1260,567,693,1009,140,11,0,25,3,6,0,0,66,1043,217,ITF,ITF6,18,Calabria,Calabria,1947131,726648,37.32,0.06
2771,2021-03-17,CAL,3796,1688,2108,277,150,167,94,60,112,2243,609,32,52,2097,1699,ITF,ITF6,18,Calabria,Calabria,1947131,730444,37.51,0.19
2772,2021-05-12,CAL,16227,7843,8384,285,270,152,311,1554,1757,658,7795,177,3268,10894,5333,ITF,ITF6,18,Calabria,Calabria,1947131,746671,38.35,0.83
2773,2021-02-14,CAL,370,145,225,147,31,83,0,2,2,93,0,0,12,340,30,ITF,ITF6,18,Calabria,Calabria,1947131,747041,38.37,0.02
2774,2021-01-26,CAL,1802,858,944,1550,167,70,0,1,0,0,0,0,14,278,1524,ITF,ITF6,18,Calabria,Calabria,1947131,748843,38.46,0.09
2775,2021-04-13,CAL,6500,3196,3304,242,92,48,106,103,1278,1281,3088,144,118,5248,1252,ITF,ITF6,18,Calabria,Calabria,1947131,755343,38.79,0.33
2776,2021-03-27,CAL,8310,3773,4537,306,386,148,1400,126,178,3412,1870,66,418,4451,3859,ITF,ITF6,18,Calabria,Calabria,1947131,763653,39.22,0.43
2777,2021-04-22,CAL,9356,4666,4690,235,170,274,96,1450,1802,966,4107,41,215,6667,2689,ITF,ITF6,18,Calabria,Calabria,1947131,773009,39.7,0.48
2778,2021-01-03,CAL,6,3,3,4,2,0,0,0,0,0,0,0,0,6,0,ITF,ITF6,18,Calabria,Calabria,1947131,773015,39.7,0.0
2779,2021-01-08,CAL,2132,1020,1112,1918,203,0,0,3,0,0,0,0,8,2132,0,ITF,ITF6,18,Calabria,Calabria,1947131,775147,39.81,0.11
2780,2021-01-24,CAL,44,18,26,15,3,26,0,0,0,0,0,0,0,39,5,ITF,ITF6,18,Calabria,Calabria,1947131,775191,39.81,0.0
2781,2021-03-26,CAL,7646,3626,4020,511,371,218,1039,150,232,2563,2057,135,370,4528,3118,ITF,ITF6,18,Calabria,Calabria,1947131,782837,40.2,0.39
2782,2021-05-14,CAL,19861,9553,10308,303,319,130,372,1666,1808,684,9473,693,4413,13061,6800,ITF,ITF6,18,Calabria,Calabria,1947131,802698,41.22,1.02
2783,2021-01-16,CAL,2394,1120,1274,1664,264,241,0,49,12,9,0,0,155,2394,0,ITF,ITF6,18,Calabria,Calabria,1947131,805092,41.35,0.12
2784,2021-01-02,CAL,165,94,71,165,0,0,0,0,0,0,0,0,0,165,0,ITF,ITF6,18,Calabria,Calabria,1947131,805257,41.36,0.01
2785,2020-12-28,CAL,6,2,4,6,0,0,0,0,0,0,0,0,0,6,0,ITF,ITF6,18,Calabria,Calabria,1947131,805263,41.36,0.0
2786,2021-04-01,CAL,8323,3762,4561,455,247,680,1115,122,218,3043,1987,113,343,3839,4484,ITF,ITF6,18,Calabria,Calabria,1947131,813586,41.78,0.43
2787,2021-03-24,CAL,7430,3392,4038,386,289,698,1495,166,147,2605,1293,105,246,4255,3175,ITF,ITF6,18,Calabria,Calabria,1947131,821016,42.17,0.38
2788,2021-05-01,CAL,16460,7851,8609,176,278,49,326,2336,3043,2071,7755,108,318,12410,4050,ITF,ITF6,18,Calabria,Calabria,1947131,837476,43.01,0.85
2789,2021-03-23,CAL,5203,2441,2762,280,145,55,1083,98,74,2044,1077,102,245,3406,1797,ITF,ITF6,18,Calabria,Calabria,1947131,842679,43.28,0.27
2790,2021-01-05,CAL,1457,680,777,1321,123,0,0,2,0,0,0,0,11,1457,0,ITF,ITF6,18,Calabria,Calabria,1947131,844136,43.35,0.07
2791,2021-03-30,CAL,5791,2491,3300,166,103,213,1119,156,196,1989,1473,89,287,3195,2596,ITF,ITF6,18,Calabria,Calabria,1947131,849927,43.65,0.3
2792,2021-05-03,CAL,14656,6715,7941,317,217,334,545,2711,2112,769,7083,114,454,10534,4122,ITF,ITF6,18,Calabria,Calabria,1947131,864583,44.4,0.75
2793,2021-03-11,CAL,6877,3276,3601,935,474,572,600,120,88,2554,873,413,248,5620,1257,ITF,ITF6,18,Calabria,Calabria,1947131,871460,44.76,0.35
2794,2021-04-08,CAL,9306,4379,4927,451,178,535,304,206,563,3371,3429,44,225,5672,3634,ITF,ITF6,18,Calabria,Calabria,1947131,880766,45.23,0.48
2795,2021-04-10,CAL,11148,5023,6125,424,161,460,303,142,703,5581,3143,49,182,6339,4809,ITF,ITF6,18,Calabria,Calabria,1947131,891914,45.81,0.57
2796,2021-03-22,CAL,4704,2203,2501,195,125,148,1113,50,50,2001,805,77,140,3038,1666,ITF,ITF6,18,Calabria,Calabria,1947131,896618,46.05,0.24
2797,2021-04-20,CAL,7654,3859,3795,294,301,137,163,420,1711,1066,3144,118,300,6026,1628,ITF,ITF6,18,Calabria,Calabria,1947131,904272,46.44,0.39
2798,2021-01-15,CAL,2795,1258,1537,1692,349,412,0,54,19,44,0,0,225,2795,0,ITF,ITF6,18,Calabria,Calabria,1947131,907067,46.58,0.14
2799,2021-05-09,CAL,9639,4500,5139,145,316,77,186,1183,1371,598,5185,47,531,6154,3485,ITF,ITF6,18,Calabria,Calabria,1947131,916706,47.08,0.5
2800,2021-01-20,CAL,1397,624,773,866,127,179,0,41,14,25,0,0,145,1396,1,ITF,ITF6,18,Calabria,Calabria,1947131,918103,47.15,0.07
2801,2021-02-22,CAL,1998,1013,985,729,231,166,5,32,7,678,33,3,114,1442,556,ITF,ITF6,18,Calabria,Calabria,1947131,920101,47.25,0.1
2802,2021-04-19,CAL,7652,3686,3966,292,131,61,156,243,1971,1135,3477,92,94,6072,1580,ITF,ITF6,18,Calabria,Calabria,1947131,927753,47.65,0.39
2803,2021-05-02,CAL,12421,5799,6622,146,176,26,261,2527,1901,829,6212,68,275,10650,1771,ITF,ITF6,18,Calabria,Calabria,1947131,940174,48.29,0.64
2804,2021-05-25,CAL,16463,8018,8445,182,346,73,230,1574,953,382,6431,1113,5179,10356,6107,ITF,ITF6,18,Calabria,Calabria,1947131,956637,49.13,0.85
2805,2021-01-29,VDA,318,138,180,260,32,16,0,6,3,0,0,0,1,2,316,ITC,ITC2,2,Valle d'Aosta / Vallée d'Aoste,Valle d'Aosta,125666,318,0.25,0.25
2806,2021-04-09,VDA,237,111,126,0,1,7,0,155,32,30,8,0,4,204,33,ITC,ITC2,2,Valle d'Aosta / Vallée d'Aoste,Valle d'Aosta,125666,555,0.44,0.19
2807,2021-05-14,VDA,960,442,518,101,34,1,72,340,55,25,141,58,133,291,669,ITC,ITC2,2,Valle d'Aosta / Vallée d'Aoste,Valle d'Aosta,125666,1515,1.21,0.76
2808,2021-05-13,VDA,1139,556,583,28,8,11,2,341,281,134,260,8,66,540,599,ITC,ITC2,2,Valle d'Aosta / Vallée d'Aoste,Valle d'Aosta,125666,2654,2.11,0.91
2809,2021-03-20,VDA,208,86,122,5,5,15,2,87,46,14,1,27,6,172,36,ITC,ITC2,2,Valle d'Aosta / Vallée d'Aoste,Valle d'Aosta,125666,2862,2.28,0.17
2810,2021-05-16,VDA,688,341,347,15,9,2,6,138,78,16,162,0,262,347,341,ITC,ITC2,2,Valle d'Aosta / Vallée d'Aoste,Valle d'Aosta,125666,3550,2.82,0.55
2811,2021-02-24,VDA,183,82,101,30,9,13,7,0,4,66,0,54,0,164,19,ITC,ITC2,2,Valle d'Aosta / Vallée d'Aoste,Valle d'Aosta,125666,3733,2.97,0.15
2812,2021-01-09,VDA,443,199,244,225,183,22,0,7,6,0,0,0,0,443,0,ITC,ITC2,2,Valle d'Aosta / Vallée d'Aoste,Valle d'Aosta,125666,4176,3.32,0.35
2813,2021-02-07,VDA,292,120,172,110,63,0,3,1,1,105,7,2,0,190,102,ITC,ITC2,2,Valle d'Aosta / Vallée d'Aoste,Valle d'Aosta,125666,4468,3.56,0.23
2814,2021-05-11,VDA,645,325,320,5,0,0,2,153,230,112,109,6,28,494,151,ITC,ITC2,2,Valle d'Aosta / Vallée d'Aoste,Valle d'Aosta,125666,5113,4.07,0.51
2815,2021-03-29,VDA,493,233,260,7,5,18,2,50,172,209,23,1,6,453,40,ITC,ITC2,2,Valle d'Aosta / Vallée d'Aoste,Valle d'Aosta,125666,5606,4.46,0.39
2816,2021-02-16,VDA,325,53,272,10,0,14,236,10,8,32,0,4,11,320,5,ITC,ITC2,2,Valle d'Aosta / Vallée d'Aoste,Valle d'Aosta,125666,5931,4.72,0.26
2817,2021-01-21,VDA,33,12,21,0,0,33,0,0,0,0,0,0,0,33,0,ITC,ITC2,2,Valle d'Aosta / Vallée d'Aoste,Valle d'Aosta,125666,5964,4.75,0.03
2818,2021-02-21,VDA,18,3,15,0,0,18,0,0,0,0,0,0,0,0,18,ITC,ITC2,2,Valle d'Aosta / Vallée d'Aoste,Valle d'Aosta,125666,5982,4.76,0.01
2819,2021-03-25,VDA,389,154,235,13,0,1,1,8,57,287,14,0,8,379,10,ITC,ITC2,2,Valle d'Aosta / Vallée d'Aoste,Valle d'Aosta,125666,6371,5.07,0.31
2820,2021-03-15,VDA,362,123,239,21,4,10,65,8,16,217,14,7,0,159,203,ITC,ITC2,2,Valle d'Aosta / Vallée d'Aoste,Valle d'Aosta,125666,6733,5.36,0.29
2821,2021-01-13,VDA,337,110,227,166,138,28,0,3,2,0,0,0,0,337,0,ITC,ITC2,2,Valle d'Aosta / Vallée d'Aoste,Valle d'Aosta,125666,7070,5.63,0.27
2822,2021-04-29,VDA,1291,634,657,9,3,39,0,241,506,243,223,6,21,757,534,ITC,ITC2,2,Valle d'Aosta / Vallée d'Aoste,Valle d'Aosta,125666,8361,6.65,1.03
2823,2021-01-30,VDA,439,202,237,233,182,12,0,7,4,0,0,0,1,14,425,ITC,ITC2,2,Valle d'Aosta / Vallée d'Aoste,Valle d'Aosta,125666,8800,7.0,0.35
2824,2021-05-06,VDA,1063,509,554,11,4,4,5,279,344,179,209,5,23,679,384,ITC,ITC2,2,Valle d'Aosta / Vallée d'Aoste,Valle d'Aosta,125666,9863,7.85,0.85
2825,2021-01-14,VDA,237,69,168,151,62,0,0,16,6,2,0,0,0,237,0,ITC,ITC2,2,Valle d'Aosta / Vallée d'Aoste,Valle d'Aosta,125666,10100,8.04,0.19
2826,2021-04-19,VDA,751,325,426,12,5,2,1,99,132,311,175,1,13,542,209,ITC,ITC2,2,Valle d'Aosta / Vallée d'Aoste,Valle d'Aosta,125666,10851,8.63,0.6
2827,2021-02-22,VDA,316,94,222,62,10,39,67,0,15,111,0,6,6,213,103,ITC,ITC2,2,Valle d'Aosta / Vallée d'Aoste,Valle d'Aosta,125666,11167,8.89,0.25
2828,2021-04-10,VDA,404,190,214,2,3,1,0,108,223,22,32,0,13,399,5,ITC,ITC2,2,Valle d'Aosta / Vallée d'Aoste,Valle d'Aosta,125666,11571,9.21,0.32
2829,2021-03-04,VDA,291,139,152,56,19,2,2,3,10,160,2,14,23,42,249,ITC,ITC2,2,Valle d'Aosta / Vallée d'Aoste,Valle d'Aosta,125666,11862,9.44,0.23
2830,2021-02-05,VDA,294,102,192,159,52,0,0,14,16,53,0,0,0,101,193,ITC,ITC2,2,Valle d'Aosta / Vallée d'Aoste,Valle d'Aosta,125666,12156,9.67,0.23
2831,2021-04-16,VDA,599,261,338,63,10,2,0,235,81,26,172,0,10,597,2,ITC,ITC2,2,Valle d'Aosta / Vallée d'Aoste,Valle d'Aosta,125666,12755,10.15,0.48
2832,2021-05-12,VDA,1137,549,588,11,7,2,3,108,438,249,255,19,45,467,670,ITC,ITC2,2,Valle d'Aosta / Vallée d'Aoste,Valle d'Aosta,125666,13892,11.05,0.9
2833,2021-03-13,VDA,145,86,59,3,11,0,3,82,0,0,0,24,22,145,0,ITC,ITC2,2,Valle d'Aosta / Vallée d'Aoste,Valle d'Aosta,125666,14037,11.17,0.12
2834,2021-05-02,VDA,765,345,420,3,4,0,1,353,277,35,82,1,9,605,160,ITC,ITC2,2,Valle d'Aosta / Vallée d'Aoste,Valle d'Aosta,125666,14802,11.78,0.61
2835,2021-04-14,VDA,941,430,511,16,3,0,1,82,259,406,151,3,20,717,224,ITC,ITC2,2,Valle d'Aosta / Vallée d'Aoste,Valle d'Aosta,125666,15743,12.53,0.75
2836,2021-04-15,VDA,810,377,433,30,1,0,1,231,135,241,156,2,13,671,139,ITC,ITC2,2,Valle d'Aosta / Vallée d'Aoste,Valle d'Aosta,125666,16553,13.17,0.64
2837,2021-03-27,VDA,333,164,169,24,12,14,1,110,72,66,4,21,9,302,31,ITC,ITC2,2,Valle d'Aosta / Vallée d'Aoste,Valle d'Aosta,125666,16886,13.44,0.26
2838,2021-03-07,VDA,64,30,34,16,3,0,1,1,4,26,0,2,11,11,53,ITC,ITC2,2,Valle d'Aosta / Vallée d'Aoste,Valle d'Aosta,125666,16950,13.49,0.05
2839,2021-01-18,VDA,213,74,139,29,7,27,0,104,0,46,0,0,0,213,0,ITC,ITC2,2,Valle d'Aosta / Vallée d'Aoste,Valle d'Aosta,125666,17163,13.66,0.17
2840,2021-05-26,VDA,867,414,453,19,11,0,0,71,331,65,193,0,177,236,631,ITC,ITC2,2,Valle d'Aosta / Vallée d'Aoste,Valle d'Aosta,125666,18030,14.35,0.69
2841,2021-01-22,VDA,56,21,35,36,0,20,0,0,0,0,0,0,0,20,36,ITC,ITC2,2,Valle d'Aosta / Vallée d'Aoste,Valle d'Aosta,125666,18086,14.39,0.04
2842,2021-05-18,VDA,969,484,485,11,10,1,2,115,231,137,293,2,167,353,616,ITC,ITC2,2,Valle d'Aosta / Vallée d'Aoste,Valle d'Aosta,125666,19055,15.16,0.77
2843,2021-02-06,VDA,289,104,185,170,36,0,0,1,2,74,5,1,0,92,197,ITC,ITC2,2,Valle d'Aosta / Vallée d'Aoste,Valle d'Aosta,125666,19344,15.39,0.23
2844,2021-02-27,VDA,231,85,146,69,9,2,0,10,4,128,0,4,5,124,107,ITC,ITC2,2,Valle d'Aosta / Vallée d'Aoste,Valle d'Aosta,125666,19575,15.58,0.18
2845,2021-05-05,VDA,1038,566,472,11,1,9,3,90,405,220,268,2,29,456,582,ITC,ITC2,2,Valle d'Aosta / Vallée d'Aoste,Valle d'Aosta,125666,20613,16.4,0.83
2846,2021-01-02,VDA,6,5,1,0,0,6,0,0,0,0,0,0,0,6,0,ITC,ITC2,2,Valle d'Aosta / Vallée d'Aoste,Valle d'Aosta,125666,20619,16.41,0.0
2847,2021-03-18,VDA,136,43,93,4,0,26,0,0,2,102,1,1,0,99,37,ITC,ITC2,2,Valle d'Aosta / Vallée d'Aoste,Valle d'Aosta,125666,20755,16.52,0.11
2848,2021-03-10,VDA,438,183,255,9,0,17,0,1,19,363,20,7,2,225,213,ITC,ITC2,2,Valle d'Aosta / Vallée d'Aoste,Valle d'Aosta,125666,21193,16.86,0.35
2849,2021-03-02,VDA,339,166,173,17,9,39,5,34,1,145,0,65,24,336,3,ITC,ITC2,2,Valle d'Aosta / Vallée d'Aoste,Valle d'Aosta,125666,21532,17.13,0.27
2850,2021-05-24,VDA,1135,516,619,6,15,4,6,56,240,131,149,5,523,688,447,ITC,ITC2,2,Valle d'Aosta / Vallée d'Aoste,Valle d'Aosta,125666,22667,18.04,0.9
2851,2021-01-20,VDA,23,8,15,0,0,6,0,0,0,17,0,0,0,23,0,ITC,ITC2,2,Valle d'Aosta / Vallée d'Aoste,Valle d'Aosta,125666,22690,18.06,0.02
2852,2021-03-11,VDA,197,76,121,4,0,8,2,1,10,169,1,1,1,66,131,ITC,ITC2,2,Valle d'Aosta / Vallée d'Aoste,Valle d'Aosta,125666,22887,18.21,0.16
2853,2021-05-22,VDA,940,494,446,6,6,2,1,38,174,42,213,4,454,540,400,ITC,ITC2,2,Valle d'Aosta / Vallée d'Aoste,Valle d'Aosta,125666,23827,18.96,0.75
2854,2021-02-20,VDA,251,210,41,6,17,11,9,3,2,8,0,183,12,241,10,ITC,ITC2,2,Valle d'Aosta / Vallée d'Aoste,Valle d'Aosta,125666,24078,19.16,0.2
2855,2021-04-08,VDA,584,282,302,6,0,4,2,50,146,281,82,0,13,441,143,ITC,ITC2,2,Valle d'Aosta / Vallée d'Aoste,Valle d'Aosta,125666,24662,19.63,0.46
2856,2021-01-11,VDA,325,112,213,238,50,30,0,3,3,0,0,0,1,325,0,ITC,ITC2,2,Valle d'Aosta / Vallée d'Aoste,Valle d'Aosta,125666,24987,19.88,0.26
2857,2021-04-17,VDA,638,407,231,8,8,0,2,151,199,46,207,0,17,636,2,ITC,ITC2,2,Valle d'Aosta / Vallée d'Aoste,Valle d'Aosta,125666,25625,20.39,0.51
2858,2021-04-11,VDA,479,208,271,3,4,0,3,265,142,6,47,0,9,479,0,ITC,ITC2,2,Valle d'Aosta / Vallée d'Aoste,Valle d'Aosta,125666,26104,20.77,0.38
2859,2021-04-30,VDA,831,355,476,65,9,5,2,227,233,28,212,14,36,485,346,ITC,ITC2,2,Valle d'Aosta / Vallée d'Aoste,Valle d'Aosta,125666,26935,21.43,0.66
2860,2021-02-09,VDA,251,84,167,78,16,14,53,8,3,75,2,1,1,68,183,ITC,ITC2,2,Valle d'Aosta / Vallée d'Aoste,Valle d'Aosta,125666,27186,21.63,0.2
2861,2021-03-06,VDA,22,4,18,13,0,5,0,0,0,4,0,0,0,22,0,ITC,ITC2,2,Valle d'Aosta / Vallée d'Aoste,Valle d'Aosta,125666,27208,21.65,0.02
2862,2021-02-26,VDA,207,58,149,67,9,6,1,6,6,102,1,4,5,122,85,ITC,ITC2,2,Valle d'Aosta / Vallée d'Aoste,Valle d'Aosta,125666,27415,21.82,0.16
2863,2021-05-10,VDA,781,381,400,9,1,13,3,193,249,159,138,5,11,547,234,ITC,ITC2,2,Valle d'Aosta / Vallée d'Aoste,Valle d'Aosta,125666,28196,22.44,0.62
2864,2021-03-17,VDA,433,185,248,36,4,16,7,13,23,254,9,42,29,273,160,ITC,ITC2,2,Valle d'Aosta / Vallée d'Aoste,Valle d'Aosta,125666,28629,22.78,0.34
2865,2021-02-23,VDA,216,123,93,0,1,0,16,0,0,0,0,46,153,216,0,ITC,ITC2,2,Valle d'Aosta / Vallée d'Aoste,Valle d'Aosta,125666,28845,22.95,0.17
2866,2021-02-17,VDA,327,144,183,25,1,30,0,0,16,237,0,17,1,227,100,ITC,ITC2,2,Valle d'Aosta / Vallée d'Aoste,Valle d'Aosta,125666,29172,23.21,0.26
2867,2021-04-21,VDA,868,410,458,24,16,1,5,60,152,285,259,10,56,620,248,ITC,ITC2,2,Valle d'Aosta / Vallée d'Aoste,Valle d'Aosta,125666,30040,23.9,0.69
2868,2021-01-05,VDA,150,54,96,127,11,11,0,0,1,0,0,0,0,150,0,ITC,ITC2,2,Valle d'Aosta / Vallée d'Aoste,Valle d'Aosta,125666,30190,24.02,0.12
2869,2021-04-25,VDA,849,408,441,3,7,0,1,299,334,55,127,1,22,710,139,ITC,ITC2,2,Valle d'Aosta / Vallée d'Aoste,Valle d'Aosta,125666,31039,24.7,0.68
2870,2020-12-31,VDA,18,4,14,16,2,0,0,0,0,0,0,0,0,18,0,ITC,ITC2,2,Valle d'Aosta / Vallée d'Aoste,Valle d'Aosta,125666,31057,24.71,0.01
2871,2021-04-23,VDA,921,443,478,40,7,29,0,165,277,252,139,0,12,538,383,ITC,ITC2,2,Valle d'Aosta / Vallée d'Aoste,Valle d'Aosta,125666,31978,25.45,0.73
2872,2021-01-06,VDA,65,33,32,29,8,18,0,7,3,0,0,0,0,65,0,ITC,ITC2,2,Valle d'Aosta / Vallée d'Aoste,Valle d'Aosta,125666,32043,25.5,0.05
2873,2021-01-08,VDA,299,130,169,240,35,16,0,5,3,0,0,0,0,299,0,ITC,ITC2,2,Valle d'Aosta / Vallée d'Aoste,Valle d'Aosta,125666,32342,25.74,0.24
2874,2021-03-14,VDA,392,200,192,8,21,0,52,205,1,0,0,34,71,392,0,ITC,ITC2,2,Valle d'Aosta / Vallée d'Aoste,Valle d'Aosta,125666,32734,26.05,0.31
2875,2021-03-01,VDA,181,66,115,19,8,29,0,0,3,116,2,2,2,147,34,ITC,ITC2,2,Valle d'Aosta / Vallée d'Aoste,Valle d'Aosta,125666,32915,26.19,0.14
2876,2021-04-27,VDA,978,423,555,41,13,4,1,128,278,231,227,3,52,686,292,ITC,ITC2,2,Valle d'Aosta / Vallée d'Aoste,Valle d'Aosta,125666,33893,26.97,0.78
2877,2021-04-22,VDA,1067,449,618,9,3,3,3,179,249,467,128,2,24,684,383,ITC,ITC2,2,Valle d'Aosta / Vallée d'Aoste,Valle d'Aosta,125666,34960,27.82,0.85
2878,2021-03-03,VDA,255,118,137,9,11,1,4,4,9,208,6,1,2,186,69,ITC,ITC2,2,Valle d'Aosta / Vallée d'Aoste,Valle d'Aosta,125666,35215,28.02,0.2
2879,2021-01-10,VDA,220,71,149,172,25,19,0,4,0,0,0,0,0,220,0,ITC,ITC2,2,Valle d'Aosta / Vallée d'Aoste,Valle d'Aosta,125666,35435,28.2,0.18
2880,2021-04-02,VDA,873,344,529,63,9,12,178,89,167,196,74,11,74,648,225,ITC,ITC2,2,Valle d'Aosta / Vallée d'Aoste,Valle d'Aosta,125666,36308,28.89,0.69
2881,2021-03-12,VDA,531,175,356,15,8,8,255,44,21,148,8,2,22,305,226,ITC,ITC2,2,Valle d'Aosta / Vallée d'Aoste,Valle d'Aosta,125666,36839,29.32,0.42
2882,2021-01-12,VDA,302,72,230,242,34,11,0,14,1,0,0,0,0,302,0,ITC,ITC2,2,Valle d'Aosta / Vallée d'Aoste,Valle d'Aosta,125666,37141,29.56,0.24
2883,2021-03-16,VDA,180,37,143,4,0,13,0,15,14,121,0,0,13,118,62,ITC,ITC2,2,Valle d'Aosta / Vallée d'Aoste,Valle d'Aosta,125666,37321,29.7,0.14
2884,2021-04-28,VDA,1217,632,585,24,7,30,0,81,597,236,212,1,29,713,504,ITC,ITC2,2,Valle d'Aosta / Vallée d'Aoste,Valle d'Aosta,125666,38538,30.67,0.97
2885,2021-04-04,VDA,572,253,319,1,8,0,96,271,155,22,5,4,10,571,1,ITC,ITC2,2,Valle d'Aosta / Vallée d'Aoste,Valle d'Aosta,125666,39110,31.12,0.46
2886,2021-02-11,VDA,231,107,124,53,21,0,0,2,10,128,1,13,3,222,9,ITC,ITC2,2,Valle d'Aosta / Vallée d'Aoste,Valle d'Aosta,125666,39341,31.31,0.18
2887,2021-04-20,VDA,932,430,502,25,9,8,2,115,174,279,253,1,66,738,194,ITC,ITC2,2,Valle d'Aosta / Vallée d'Aoste,Valle d'Aosta,125666,40273,32.05,0.74
2888,2021-03-26,VDA,498,204,294,4,2,0,227,54,79,100,3,3,26,491,7,ITC,ITC2,2,Valle d'Aosta / Vallée d'Aoste,Valle d'Aosta,125666,40771,32.44,0.4
2889,2021-01-15,VDA,218,82,136,116,32,28,0,18,17,6,0,0,1,218,0,ITC,ITC2,2,Valle d'Aosta / Vallée d'Aoste,Valle d'Aosta,125666,40989,32.62,0.17
2890,2021-03-24,VDA,515,230,285,11,5,0,1,16,34,420,18,3,7,258,257,ITC,ITC2,2,Valle d'Aosta / Vallée d'Aoste,Valle d'Aosta,125666,41504,33.03,0.41
2891,2021-05-01,VDA,938,562,376,15,1,0,1,230,287,56,140,185,23,454,484,ITC,ITC2,2,Valle d'Aosta / Vallée d'Aoste,Valle d'Aosta,125666,42442,33.77,0.75
2892,2021-05-04,VDA,1135,510,625,18,4,2,201,152,255,158,282,13,50,462,673,ITC,ITC2,2,Valle d'Aosta / Vallée d'Aoste,Valle d'Aosta,125666,43577,34.68,0.9
2893,2020-12-27,VDA,20,9,11,20,0,0,0,0,0,0,0,0,0,20,0,ITC,ITC2,2,Valle d'Aosta / Vallée d'Aoste,Valle d'Aosta,125666,43597,34.69,0.02
2894,2021-05-25,VDA,1115,530,585,15,4,3,0,96,275,77,186,1,458,541,574,ITC,ITC2,2,Valle d'Aosta / Vallée d'Aoste,Valle d'Aosta,125666,44712,35.58,0.89
2895,2021-05-21,VDA,917,433,484,45,30,15,136,78,61,30,136,68,318,531,386,ITC,ITC2,2,Valle d'Aosta / Vallée d'Aoste,Valle d'Aosta,125666,45629,36.31,0.73
2896,2021-04-01,VDA,776,394,382,1,1,0,0,205,306,201,55,0,7,764,12,ITC,ITC2,2,Valle d'Aosta / Vallée d'Aoste,Valle d'Aosta,125666,46405,36.93,0.62
2897,2021-02-08,VDA,223,83,140,28,19,3,25,82,0,64,0,0,2,25,198,ITC,ITC2,2,Valle d'Aosta / Vallée d'Aoste,Valle d'Aosta,125666,46628,37.1,0.18
2898,2021-02-02,VDA,272,70,202,225,35,3,0,8,1,0,0,0,0,2,270,ITC,ITC2,2,Valle d'Aosta / Vallée d'Aoste,Valle d'Aosta,125666,46900,37.32,0.22
2899,2021-03-23,VDA,379,150,229,14,2,7,9,37,18,280,0,9,3,245,134,ITC,ITC2,2,Valle d'Aosta / Vallée d'Aoste,Valle d'Aosta,125666,47279,37.62,0.3
2900,2021-03-22,VDA,560,205,355,37,5,18,19,54,37,340,29,11,10,333,227,ITC,ITC2,2,Valle d'Aosta / Vallée d'Aoste,Valle d'Aosta,125666,47839,38.07,0.45
2901,2021-04-07,VDA,910,474,436,16,0,0,1,84,273,391,92,0,53,681,229,ITC,ITC2,2,Valle d'Aosta / Vallée d'Aoste,Valle d'Aosta,125666,48749,38.79,0.72
2902,2021-02-10,VDA,248,77,171,51,14,26,18,4,3,128,0,1,3,141,107,ITC,ITC2,2,Valle d'Aosta / Vallée d'Aoste,Valle d'Aosta,125666,48997,38.99,0.2
2903,2021-05-09,VDA,574,287,287,5,1,0,1,368,109,12,64,4,10,444,130,ITC,ITC2,2,Valle d'Aosta / Vallée d'Aoste,Valle d'Aosta,125666,49571,39.45,0.46
2904,2021-01-17,VDA,131,56,75,49,2,20,0,1,0,59,0,0,0,131,0,ITC,ITC2,2,Valle d'Aosta / Vallée d'Aoste,Valle d'Aosta,125666,49702,39.55,0.1
2905,2021-04-26,VDA,715,327,388,13,2,0,2,79,246,213,126,7,27,545,170,ITC,ITC2,2,Valle d'Aosta / Vallée d'Aoste,Valle d'Aosta,125666,50417,40.12,0.57
2906,2021-03-28,VDA,522,212,310,52,10,0,47,166,99,53,18,55,22,521,1,ITC,ITC2,2,Valle d'Aosta / Vallée d'Aoste,Valle d'Aosta,125666,50939,40.54,0.42
2907,2021-05-19,VDA,993,498,495,17,18,2,8,55,248,131,259,10,245,418,575,ITC,ITC2,2,Valle d'Aosta / Vallée d'Aoste,Valle d'Aosta,125666,51932,41.33,0.79
2908,2021-02-15,VDA,264,136,128,24,2,25,2,0,6,173,2,29,1,229,35,ITC,ITC2,2,Valle d'Aosta / Vallée d'Aoste,Valle d'Aosta,125666,52196,41.54,0.21
2909,2021-05-08,VDA,904,540,364,14,25,0,9,299,227,46,98,168,18,526,378,ITC,ITC2,2,Valle d'Aosta / Vallée d'Aoste,Valle d'Aosta,125666,53100,42.25,0.72
2910,2021-03-19,VDA,322,85,237,9,1,21,211,42,1,9,0,1,27,286,36,ITC,ITC2,2,Valle d'Aosta / Vallée d'Aoste,Valle d'Aosta,125666,53422,42.51,0.26
2911,2021-04-13,VDA,373,171,202,2,1,8,0,69,108,120,56,0,9,329,44,ITC,ITC2,2,Valle d'Aosta / Vallée d'Aoste,Valle d'Aosta,125666,53795,42.81,0.3
2912,2021-05-23,VDA,999,465,534,3,22,3,3,52,170,42,138,2,564,658,341,ITC,ITC2,2,Valle d'Aosta / Vallée d'Aoste,Valle d'Aosta,125666,54794,43.6,0.79
2913,2021-01-27,VDA,151,71,80,55,8,18,0,9,3,53,0,0,5,79,72,ITC,ITC2,2,Valle d'Aosta / Vallée d'Aoste,Valle d'Aosta,125666,54945,43.72,0.12
2914,2021-01-26,VDA,139,48,91,115,11,12,0,0,1,0,0,0,0,0,139,ITC,ITC2,2,Valle d'Aosta / Vallée d'Aoste,Valle d'Aosta,125666,55084,43.83,0.11
2915,2021-02-03,VDA,351,114,237,157,136,52,0,4,1,1,0,0,0,14,337,ITC,ITC2,2,Valle d'Aosta / Vallée d'Aoste,Valle d'Aosta,125666,55435,44.11,0.28
2916,2021-04-12,VDA,486,186,300,8,10,22,2,90,60,229,62,0,3,323,163,ITC,ITC2,2,Valle d'Aosta / Vallée d'Aoste,Valle d'Aosta,125666,55921,44.5,0.39
2917,2021-01-25,VDA,147,65,82,125,13,6,0,3,0,0,0,0,0,0,147,ITC,ITC2,2,Valle d'Aosta / Vallée d'Aoste,Valle d'Aosta,125666,56068,44.62,0.12
2918,2021-01-28,VDA,290,123,167,202,35,6,0,10,7,2,0,0,28,56,234,ITC,ITC2,2,Valle d'Aosta / Vallée d'Aoste,Valle d'Aosta,125666,56358,44.85,0.23
2919,2021-03-09,VDA,206,96,110,3,0,23,26,55,5,36,0,39,19,174,32,ITC,ITC2,2,Valle d'Aosta / Vallée d'Aoste,Valle d'Aosta,125666,56564,45.01,0.16
2920,2021-01-19,VDA,256,77,179,160,10,15,0,10,3,57,0,0,1,256,0,ITC,ITC2,2,Valle d'Aosta / Vallée d'Aoste,Valle d'Aosta,125666,56820,45.22,0.2
2921,2021-02-13,VDA,216,196,20,0,0,0,0,0,0,0,0,216,0,215,1,ITC,ITC2,2,Valle d'Aosta / Vallée d'Aoste,Valle d'Aosta,125666,57036,45.39,0.17
2922,2021-02-14,VDA,48,16,32,6,0,42,0,0,0,0,0,0,0,1,47,ITC,ITC2,2,Valle d'Aosta / Vallée d'Aoste,Valle d'Aosta,125666,57084,45.43,0.04
2923,2021-02-12,VDA,263,96,167,51,13,28,5,2,10,133,18,0,3,217,46,ITC,ITC2,2,Valle d'Aosta / Vallée d'Aoste,Valle d'Aosta,125666,57347,45.63,0.21
2924,2021-05-15,VDA,1065,614,451,11,19,0,8,243,184,44,231,32,293,380,685,ITC,ITC2,2,Valle d'Aosta / Vallée d'Aoste,Valle d'Aosta,125666,58412,46.48,0.85
2925,2021-05-03,VDA,839,400,439,16,5,1,24,201,331,50,191,3,17,488,351,ITC,ITC2,2,Valle d'Aosta / Vallée d'Aoste,Valle d'Aosta,125666,59251,47.15,0.67
2926,2021-03-31,VDA,555,302,253,7,1,0,0,22,309,203,6,0,7,529,26,ITC,ITC2,2,Valle d'Aosta / Vallée d'Aoste,Valle d'Aosta,125666,59806,47.59,0.44
2927,2021-01-07,VDA,275,111,164,224,38,5,0,3,2,0,0,0,3,275,0,ITC,ITC2,2,Valle d'Aosta / Vallée d'Aoste,Valle d'Aosta,125666,60081,47.81,0.22
2928,2021-05-07,VDA,564,245,319,51,3,2,1,383,21,24,39,11,29,533,31,ITC,ITC2,2,Valle d'Aosta / Vallée d'Aoste,Valle d'Aosta,125666,60645,48.26,0.45
2929,2021-03-08,VDA,482,231,251,29,1,13,1,6,25,365,7,28,7,237,245,ITC,ITC2,2,Valle d'Aosta / Vallée d'Aoste,Valle d'Aosta,125666,61127,48.64,0.38
2930,2021-02-01,VDA,404,127,277,269,56,70,0,2,2,3,0,0,2,87,317,ITC,ITC2,2,Valle d'Aosta / Vallée d'Aoste,Valle d'Aosta,125666,61531,48.96,0.32
2931,2021-03-30,VDA,402,223,179,11,2,5,5,32,180,124,28,9,6,382,20,ITC,ITC2,2,Valle d'Aosta / Vallée d'Aoste,Valle d'Aosta,125666,61933,49.28,0.32
2932,2021-04-18,VDA,522,254,268,11,6,4,4,193,82,15,183,0,24,518,4,ITC,ITC2,2,Valle d'Aosta / Vallée d'Aoste,Valle d'Aosta,125666,62455,49.7,0.42
2933,2021-03-05,VDA,275,124,151,51,10,13,5,4,10,138,18,0,26,53,222,ITC,ITC2,2,Valle d'Aosta / Vallée d'Aoste,Valle d'Aosta,125666,62730,49.92,0.22
2934,2021-04-06,VDA,741,381,360,24,4,1,0,55,192,239,160,14,52,629,112,ITC,ITC2,2,Valle d'Aosta / Vallée d'Aoste,Valle d'Aosta,125666,63471,50.51,0.59
2935,2021-01-31,VDA,291,91,200,232,33,18,0,5,0,0,0,0,3,58,233,ITC,ITC2,2,Valle d'Aosta / Vallée d'Aoste,Valle d'Aosta,125666,63762,50.74,0.23
2936,2021-01-16,VDA,236,80,156,127,32,22,0,2,2,51,0,0,0,236,0,ITC,ITC2,2,Valle d'Aosta / Vallée d'Aoste,Valle d'Aosta,125666,63998,50.93,0.19
2937,2021-04-24,VDA,722,400,322,14,7,7,1,131,174,96,238,4,50,555,167,ITC,ITC2,2,Valle d'Aosta / Vallée d'Aoste,Valle d'Aosta,125666,64720,51.5,0.57
2938,2021-05-17,VDA,809,417,392,7,10,0,12,46,179,145,229,4,177,375,434,ITC,ITC2,2,Valle d'Aosta / Vallée d'Aoste,Valle d'Aosta,125666,65529,52.15,0.64
2939,2021-02-04,VDA,294,86,208,168,76,34,0,12,3,1,0,0,0,8,286,ITC,ITC2,2,Valle d'Aosta / Vallée d'Aoste,Valle d'Aosta,125666,65823,52.38,0.23
2940,2021-02-28,VDA,260,86,174,78,36,24,4,7,10,94,0,3,4,77,183,ITC,ITC2,2,Valle d'Aosta / Vallée d'Aoste,Valle d'Aosta,125666,66083,52.59,0.21
2941,2021-03-21,VDA,355,165,190,2,5,0,30,208,57,1,0,27,25,355,0,ITC,ITC2,2,Valle d'Aosta / Vallée d'Aoste,Valle d'Aosta,125666,66438,52.87,0.28
2942,2021-05-20,VDA,807,363,444,5,9,3,3,34,194,166,183,4,206,367,440,ITC,ITC2,2,Valle d'Aosta / Vallée d'Aoste,Valle d'Aosta,125666,67245,53.51,0.64
2943,2021-02-18,VDA,349,153,196,61,9,45,8,6,17,184,0,16,3,261,88,ITC,ITC2,2,Valle d'Aosta / Vallée d'Aoste,Valle d'Aosta,125666,67594,53.79,0.28
2944,2021-02-19,VDA,292,102,190,17,1,35,65,3,16,154,0,0,1,268,24,ITC,ITC2,2,Valle d'Aosta / Vallée d'Aoste,Valle d'Aosta,125666,67886,54.02,0.23
2945,2021-04-05,VDA,461,222,239,18,4,0,35,186,118,8,84,0,8,457,4,ITC,ITC2,2,Valle d'Aosta / Vallée d'Aoste,Valle d'Aosta,125666,68347,54.39,0.37
2946,2021-01-04,VDA,142,59,83,126,14,0,0,2,0,0,0,0,0,142,0,ITC,ITC2,2,Valle d'Aosta / Vallée d'Aoste,Valle d'Aosta,125666,68489,54.5,0.11
2947,2021-02-25,VDA,201,101,100,6,4,12,2,84,1,0,0,27,65,194,7,ITC,ITC2,2,Valle d'Aosta / Vallée d'Aoste,Valle d'Aosta,125666,68690,54.66,0.16
2948,2021-04-03,VDA,676,341,335,13,11,4,1,117,333,58,72,5,62,661,15,ITC,ITC2,2,Valle d'Aosta / Vallée d'Aoste,Valle d'Aosta,125666,69366,55.2,0.54
2949,2021-04-20,SAR,10879,4946,5933,145,97,75,31,3945,2536,2030,1953,6,61,7665,3214,ITG,ITG2,20,Sardegna,Sardegna,1639591,10879,0.66,0.66
2950,2021-05-10,SAR,9646,4285,5361,117,171,25,252,925,2283,1210,4425,143,95,7117,2529,ITG,ITG2,20,Sardegna,Sardegna,1639591,20525,1.25,0.59
2951,2021-03-29,SAR,4425,1559,2866,624,490,182,1411,22,117,1022,358,98,101,3837,588,ITG,ITG2,20,Sardegna,Sardegna,1639591,24950,1.52,0.27
2952,2021-03-15,SAR,2685,1216,1469,458,591,86,1019,7,10,325,8,170,11,2312,373,ITG,ITG2,20,Sardegna,Sardegna,1639591,27635,1.69,0.16
2953,2021-01-02,SAR,60,21,39,60,0,0,0,0,0,0,0,0,0,60,0,ITG,ITG2,20,Sardegna,Sardegna,1639591,27695,1.69,0.0
2954,2021-03-09,SAR,5645,2629,3016,1085,609,287,310,12,35,2651,16,604,36,4916,729,ITG,ITG2,20,Sardegna,Sardegna,1639591,33340,2.03,0.34
2955,2021-01-07,SAR,3111,1077,2034,2720,373,0,0,1,2,0,0,11,4,3111,0,ITG,ITG2,20,Sardegna,Sardegna,1639591,36451,2.22,0.19
2956,2021-04-23,SAR,12835,5730,7105,398,189,71,129,2326,2068,3659,3681,8,306,7375,5460,ITG,ITG2,20,Sardegna,Sardegna,1639591,49286,3.01,0.78
2957,2021-02-26,SAR,2800,1108,1692,1224,878,221,7,20,16,289,5,98,42,2494,306,ITG,ITG2,20,Sardegna,Sardegna,1639591,52086,3.18,0.17
2958,2021-02-05,SAR,1897,749,1148,1214,511,164,0,0,0,1,1,3,3,433,1464,ITG,ITG2,20,Sardegna,Sardegna,1639591,53983,3.29,0.12
2959,2021-02-23,SAR,1519,1010,509,602,387,89,0,7,6,16,0,374,38,1285,234,ITG,ITG2,20,Sardegna,Sardegna,1639591,55502,3.39,0.09
2960,2020-12-28,SAR,65,25,40,65,0,0,0,0,0,0,0,0,0,65,0,ITG,ITG2,20,Sardegna,Sardegna,1639591,55567,3.39,0.0
2961,2021-01-13,SAR,573,178,395,494,79,0,0,0,0,0,0,0,0,573,0,ITG,ITG2,20,Sardegna,Sardegna,1639591,56140,3.42,0.03
2962,2021-03-21,SAR,4030,1809,2221,64,240,1,575,14,56,2890,17,107,66,2590,1440,ITG,ITG2,20,Sardegna,Sardegna,1639591,60170,3.67,0.25
2963,2021-03-11,SAR,6035,2725,3310,1011,567,418,102,52,98,2957,120,643,67,4834,1201,ITG,ITG2,20,Sardegna,Sardegna,1639591,66205,4.04,0.37
2964,2021-03-18,SAR,7255,3070,4185,1078,315,354,63,55,639,4243,433,12,63,5652,1603,ITG,ITG2,20,Sardegna,Sardegna,1639591,73460,4.48,0.44
2965,2021-05-07,SAR,13939,6376,7563,238,125,37,207,2489,2311,1539,6832,14,147,9615,4324,ITG,ITG2,20,Sardegna,Sardegna,1639591,87399,5.33,0.85
2966,2021-01-29,SAR,2952,1067,1885,2581,366,3,0,0,0,0,0,0,2,48,2904,ITG,ITG2,20,Sardegna,Sardegna,1639591,90351,5.51,0.18
2967,2021-03-03,SAR,3858,2072,1786,1070,554,621,1,5,5,704,1,859,38,2610,1248,ITG,ITG2,20,Sardegna,Sardegna,1639591,94209,5.75,0.24
2968,2021-03-01,SAR,2162,1055,1107,1137,341,141,1,8,19,104,10,391,10,1503,659,ITG,ITG2,20,Sardegna,Sardegna,1639591,96371,5.88,0.13
2969,2021-01-22,SAR,83,47,36,45,38,0,0,0,0,0,0,0,0,55,28,ITG,ITG2,20,Sardegna,Sardegna,1639591,96454,5.88,0.01
2970,2021-02-17,SAR,1407,577,830,690,338,313,0,1,0,0,1,33,31,1333,74,ITG,ITG2,20,Sardegna,Sardegna,1639591,97861,5.97,0.09
2971,2021-02-16,SAR,700,289,411,376,211,112,0,0,0,0,0,0,1,673,27,ITG,ITG2,20,Sardegna,Sardegna,1639591,98561,6.01,0.04
2972,2021-03-10,SAR,6011,2918,3093,719,497,414,335,14,85,2987,29,903,28,5161,850,ITG,ITG2,20,Sardegna,Sardegna,1639591,104572,6.38,0.37
2973,2021-03-31,SAR,10152,4049,6103,397,575,230,1380,149,701,5011,1491,33,185,7705,2447,ITG,ITG2,20,Sardegna,Sardegna,1639591,114724,7.0,0.62
2974,2021-04-17,SAR,10049,4486,5563,299,90,109,24,1695,2712,3720,1225,3,172,5452,4597,ITG,ITG2,20,Sardegna,Sardegna,1639591,124773,7.61,0.61
2975,2021-01-09,SAR,4026,1417,2609,3182,832,0,0,3,1,1,0,0,7,4026,0,ITG,ITG2,20,Sardegna,Sardegna,1639591,128799,7.86,0.25
2976,2021-03-06,SAR,2639,1079,1560,1108,886,469,36,3,10,24,2,79,22,858,1781,ITG,ITG2,20,Sardegna,Sardegna,1639591,131438,8.02,0.16
2977,2021-04-22,SAR,10458,4630,5828,220,121,76,36,2671,1581,2895,2624,7,227,5540,4918,ITG,ITG2,20,Sardegna,Sardegna,1639591,141896,8.65,0.64
2978,2021-04-27,SAR,7605,3547,4058,164,68,51,42,533,891,1608,4108,2,138,5564,2041,ITG,ITG2,20,Sardegna,Sardegna,1639591,149501,9.12,0.46
2979,2021-04-13,SAR,7603,3592,4011,216,62,45,15,489,3662,1493,1441,144,36,5778,1825,ITG,ITG2,20,Sardegna,Sardegna,1639591,157104,9.58,0.46
2980,2021-02-21,SAR,1589,710,879,67,28,59,0,0,7,1422,0,6,0,1559,30,ITG,ITG2,20,Sardegna,Sardegna,1639591,158693,9.68,0.1
2981,2021-05-17,SAR,12061,5650,6411,185,126,6,38,1226,1251,466,4592,475,3696,9172,2889,ITG,ITG2,20,Sardegna,Sardegna,1639591,170754,10.41,0.74
2982,2021-02-28,SAR,368,169,199,245,76,47,0,0,0,0,0,0,0,142,226,ITG,ITG2,20,Sardegna,Sardegna,1639591,171122,10.44,0.02
2983,2021-01-26,SAR,1336,453,883,1296,39,0,1,0,0,0,0,0,0,27,1309,ITG,ITG2,20,Sardegna,Sardegna,1639591,172458,10.52,0.08
2984,2021-02-09,SAR,2287,837,1450,1308,471,497,1,4,0,1,2,0,3,1290,997,ITG,ITG2,20,Sardegna,Sardegna,1639591,174745,10.66,0.14
2985,2021-01-31,SAR,2121,750,1371,1544,555,0,0,6,0,1,1,0,14,48,2073,ITG,ITG2,20,Sardegna,Sardegna,1639591,176866,10.79,0.13
2986,2021-01-16,SAR,1492,525,967,1282,207,0,1,1,1,0,0,0,0,1492,0,ITG,ITG2,20,Sardegna,Sardegna,1639591,178358,10.88,0.09
2987,2021-03-20,SAR,5193,2073,3120,692,307,127,855,20,91,2744,206,105,46,2916,2277,ITG,ITG2,20,Sardegna,Sardegna,1639591,183551,11.19,0.32
2988,2021-03-28,SAR,4619,1814,2805,83,42,23,681,49,131,3276,216,13,105,4540,79,ITG,ITG2,20,Sardegna,Sardegna,1639591,188170,11.48,0.28
2989,2021-05-14,SAR,13509,6164,7345,578,145,39,163,1278,920,675,7514,381,1816,10399,3110,ITG,ITG2,20,Sardegna,Sardegna,1639591,201679,12.3,0.82
2990,2021-01-17,SAR,860,277,583,747,113,0,0,0,0,0,0,0,0,859,1,ITG,ITG2,20,Sardegna,Sardegna,1639591,202539,12.35,0.05
2991,2021-05-13,SAR,10991,5080,5911,150,254,31,113,2763,910,845,5592,103,230,8041,2950,ITG,ITG2,20,Sardegna,Sardegna,1639591,213530,13.02,0.67
2992,2021-05-19,SAR,14812,7263,7549,213,123,9,74,2112,703,555,3676,486,6861,11349,3463,ITG,ITG2,20,Sardegna,Sardegna,1639591,228342,13.93,0.9
2993,2021-04-01,SAR,10101,4026,6075,462,377,210,1257,169,896,4691,1536,203,300,7088,3013,ITG,ITG2,20,Sardegna,Sardegna,1639591,238443,14.54,0.62
2994,2021-04-25,SAR,4495,2269,2226,41,4,0,3,1401,994,719,1312,1,20,3716,779,ITG,ITG2,20,Sardegna,Sardegna,1639591,242938,14.82,0.27
2995,2021-05-24,SAR,13564,6495,7069,278,152,6,247,1224,597,227,4928,306,5599,8405,5159,ITG,ITG2,20,Sardegna,Sardegna,1639591,256502,15.64,0.83
2996,2021-02-24,SAR,2412,1293,1119,1193,521,301,0,6,2,7,0,367,15,2223,189,ITG,ITG2,20,Sardegna,Sardegna,1639591,258914,15.79,0.15
2997,2021-04-06,SAR,7445,3113,4332,657,252,226,456,102,1847,2833,597,35,440,5018,2427,ITG,ITG2,20,Sardegna,Sardegna,1639591,266359,16.25,0.45
2998,2021-03-19,SAR,7267,3048,4219,1316,773,222,10,141,581,3511,325,247,141,5054,2213,ITG,ITG2,20,Sardegna,Sardegna,1639591,273626,16.69,0.44
2999,2021-04-26,SAR,6820,3263,3557,57,84,24,7,2323,1343,823,2119,4,36,5945,875,ITG,ITG2,20,Sardegna,Sardegna,1639591,280446,17.1,0.42
3000,2021-05-25,SAR,13363,6531,6832,161,94,9,21,1284,725,351,4782,476,5460,8225,5138,ITG,ITG2,20,Sardegna,Sardegna,1639591,293809,17.92,0.82
3001,2021-03-05,SAR,5036,2445,2591,1694,1153,669,10,29,14,648,15,748,56,2682,2354,ITG,ITG2,20,Sardegna,Sardegna,1639591,298845,18.23,0.31
3002,2021-05-16,SAR,8176,3812,4364,253,38,2,41,1721,1105,1061,2918,257,780,6016,2160,ITG,ITG2,20,Sardegna,Sardegna,1639591,307021,18.73,0.5
3003,2021-04-12,SAR,6990,3179,3811,89,83,44,11,599,2826,2208,1004,30,96,5276,1714,ITG,ITG2,20,Sardegna,Sardegna,1639591,314011,19.15,0.43
3004,2021-04-30,SAR,11068,5266,5802,383,165,18,207,804,1028,1534,6417,334,178,6860,4208,ITG,ITG2,20,Sardegna,Sardegna,1639591,325079,19.83,0.68
3005,2021-05-20,SAR,15183,7236,7947,232,119,44,54,2104,820,742,4647,120,6301,10893,4290,ITG,ITG2,20,Sardegna,Sardegna,1639591,340262,20.75,0.93
3006,2021-05-22,SAR,24058,11499,12559,81,73,12,53,2822,1406,781,7281,43,11506,19119,4939,ITG,ITG2,20,Sardegna,Sardegna,1639591,364320,22.22,1.47
3007,2021-03-08,SAR,4008,1790,2218,740,1027,650,153,8,8,854,46,505,17,2788,1220,ITG,ITG2,20,Sardegna,Sardegna,1639591,368328,22.46,0.24
3008,2021-05-02,SAR,5875,2665,3210,82,58,1,54,694,967,508,3342,13,156,5294,581,ITG,ITG2,20,Sardegna,Sardegna,1639591,374203,22.82,0.36
3009,2021-01-11,SAR,1183,505,678,656,525,0,0,0,0,1,0,0,1,1183,0,ITG,ITG2,20,Sardegna,Sardegna,1639591,375386,22.9,0.07
3010,2021-01-25,SAR,588,212,376,553,34,0,0,0,0,0,0,0,1,22,566,ITG,ITG2,20,Sardegna,Sardegna,1639591,375974,22.93,0.04
3011,2021-04-09,SAR,12260,5436,6824,437,257,39,163,460,3542,4895,2195,37,235,7908,4352,ITG,ITG2,20,Sardegna,Sardegna,1639591,388234,23.68,0.75
3012,2021-02-12,SAR,2237,933,1304,986,720,501,0,4,0,1,4,0,21,2178,59,ITG,ITG2,20,Sardegna,Sardegna,1639591,390471,23.82,0.14
3013,2021-04-11,SAR,5393,2442,2951,62,16,1,20,26,3235,1862,150,9,12,4273,1120,ITG,ITG2,20,Sardegna,Sardegna,1639591,395864,24.14,0.33
3014,2021-01-15,SAR,1563,573,990,1170,384,0,0,0,0,0,6,3,0,1563,0,ITG,ITG2,20,Sardegna,Sardegna,1639591,397427,24.24,0.1
3015,2021-01-14,SAR,1105,426,679,885,220,0,0,0,0,0,0,0,0,1105,0,ITG,ITG2,20,Sardegna,Sardegna,1639591,398532,24.31,0.07
3016,2021-01-12,SAR,865,408,457,504,361,0,0,0,0,0,0,0,0,865,0,ITG,ITG2,20,Sardegna,Sardegna,1639591,399397,24.36,0.05
3017,2021-03-07,SAR,1657,750,907,321,230,78,2,5,1,1012,1,0,7,1117,540,ITG,ITG2,20,Sardegna,Sardegna,1639591,401054,24.46,0.1
3018,2021-04-07,SAR,13476,5985,7491,674,443,257,352,188,3340,5610,2367,72,173,7828,5648,ITG,ITG2,20,Sardegna,Sardegna,1639591,414530,25.28,0.82
3019,2021-04-14,SAR,8250,3902,4348,145,34,96,17,489,4933,847,1633,1,55,7013,1237,ITG,ITG2,20,Sardegna,Sardegna,1639591,422780,25.79,0.5
3020,2021-01-23,SAR,60,22,38,60,0,0,0,0,0,0,0,0,0,0,60,ITG,ITG2,20,Sardegna,Sardegna,1639591,422840,25.79,0.0
3021,2021-03-02,SAR,2865,1459,1406,1067,608,381,2,8,10,324,1,461,3,1712,1153,ITG,ITG2,20,Sardegna,Sardegna,1639591,425705,25.96,0.17
3022,2021-02-11,SAR,1315,490,825,588,266,369,0,31,1,3,0,0,57,1204,111,ITG,ITG2,20,Sardegna,Sardegna,1639591,427020,26.04,0.08
3023,2021-03-25,SAR,8793,3703,5090,815,312,189,1562,158,455,3871,947,343,141,7488,1305,ITG,ITG2,20,Sardegna,Sardegna,1639591,435813,26.58,0.54
3024,2021-02-15,SAR,958,349,609,440,231,279,0,2,0,0,3,0,3,927,31,ITG,ITG2,20,Sardegna,Sardegna,1639591,436771,26.64,0.06
3025,2021-05-15,SAR,13651,6367,7284,117,65,30,88,2920,1101,733,6956,342,1299,10224,3427,ITG,ITG2,20,Sardegna,Sardegna,1639591,450422,27.47,0.83
3026,2021-02-10,SAR,1959,765,1194,1169,299,488,1,0,1,0,0,0,1,1441,518,ITG,ITG2,20,Sardegna,Sardegna,1639591,452381,27.59,0.12
3027,2021-02-20,SAR,2041,855,1186,484,150,195,1,2,4,1204,0,0,1,1707,334,ITG,ITG2,20,Sardegna,Sardegna,1639591,454422,27.72,0.12
3028,2021-03-13,SAR,2752,1073,1679,274,142,240,132,13,101,1765,22,45,18,2471,281,ITG,ITG2,20,Sardegna,Sardegna,1639591,457174,27.88,0.17
3029,2021-03-27,SAR,5712,2174,3538,331,322,217,1309,31,188,2635,507,83,89,5290,422,ITG,ITG2,20,Sardegna,Sardegna,1639591,462886,28.23,0.35
3030,2021-03-23,SAR,6156,2639,3517,1109,319,283,1140,34,166,2312,618,95,80,5078,1078,ITG,ITG2,20,Sardegna,Sardegna,1639591,469042,28.61,0.38
3031,2020-12-27,SAR,65,34,31,65,0,0,0,0,0,0,0,0,0,65,0,ITG,ITG2,20,Sardegna,Sardegna,1639591,469107,28.61,0.0
3032,2021-01-27,SAR,1409,494,915,1304,103,0,0,0,0,0,0,0,2,79,1330,ITG,ITG2,20,Sardegna,Sardegna,1639591,470516,28.7,0.09
3033,2021-02-02,SAR,1482,655,827,988,475,0,0,0,0,0,0,0,19,241,1241,ITG,ITG2,20,Sardegna,Sardegna,1639591,471998,28.79,0.09
3034,2021-01-20,SAR,210,77,133,154,56,0,0,0,0,0,0,0,0,208,2,ITG,ITG2,20,Sardegna,Sardegna,1639591,472208,28.8,0.01
3035,2021-05-21,SAR,19945,9747,10198,203,106,18,47,2468,1144,558,6331,371,8699,14558,5387,ITG,ITG2,20,Sardegna,Sardegna,1639591,492153,30.02,1.22
3036,2021-05-09,SAR,6125,2873,3252,55,44,13,55,1609,932,630,2598,6,183,5195,930,ITG,ITG2,20,Sardegna,Sardegna,1639591,498278,30.39,0.37
3037,2021-01-05,SAR,1327,446,881,1283,40,0,0,1,0,0,0,0,3,1327,0,ITG,ITG2,20,Sardegna,Sardegna,1639591,499605,30.47,0.08
3038,2021-04-03,SAR,4662,1801,2861,181,275,153,426,54,431,2814,209,23,96,2695,1967,ITG,ITG2,20,Sardegna,Sardegna,1639591,504267,30.76,0.28
3039,2021-04-18,SAR,5155,2239,2916,48,6,0,3,863,323,3472,418,11,11,2287,2868,ITG,ITG2,20,Sardegna,Sardegna,1639591,509422,31.07,0.31
3040,2021-05-26,SAR,9365,4659,4706,109,57,28,113,950,554,175,2726,474,4179,6122,3243,ITG,ITG2,20,Sardegna,Sardegna,1639591,518787,31.64,0.57
3041,2021-03-14,SAR,607,376,231,34,210,0,12,2,1,252,0,87,9,607,0,ITG,ITG2,20,Sardegna,Sardegna,1639591,519394,31.68,0.04
3042,2021-04-21,SAR,12069,5555,6514,151,63,101,41,2753,1974,4296,2555,8,127,6537,5532,ITG,ITG2,20,Sardegna,Sardegna,1639591,531463,32.41,0.74
3043,2021-04-08,SAR,13426,5924,7502,715,198,77,288,393,2924,4981,3636,41,173,8307,5119,ITG,ITG2,20,Sardegna,Sardegna,1639591,544889,33.23,0.82
3044,2021-03-17,SAR,6556,2849,3707,1077,529,528,128,80,443,3343,369,5,54,4949,1607,ITG,ITG2,20,Sardegna,Sardegna,1639591,551445,33.63,0.4
3045,2021-04-24,SAR,10367,4851,5516,110,55,58,41,1959,1938,2286,3739,2,179,8028,2339,ITG,ITG2,20,Sardegna,Sardegna,1639591,561812,34.27,0.63
3046,2021-05-05,SAR,9915,4528,5387,242,192,81,12,770,3501,754,4117,17,229,7907,2008,ITG,ITG2,20,Sardegna,Sardegna,1639591,571727,34.87,0.6
3047,2021-01-28,SAR,2969,1045,1924,2555,400,0,0,1,0,0,0,11,2,69,2900,ITG,ITG2,20,Sardegna,Sardegna,1639591,574696,35.05,0.18
3048,2021-01-10,SAR,2183,750,1433,1632,548,0,0,0,0,0,0,0,3,2183,0,ITG,ITG2,20,Sardegna,Sardegna,1639591,576879,35.18,0.13
3049,2021-01-08,SAR,3258,1184,2074,2930,323,0,0,0,0,2,1,0,2,3258,0,ITG,ITG2,20,Sardegna,Sardegna,1639591,580137,35.38,0.2
3050,2021-02-18,SAR,1878,732,1146,1074,344,298,110,4,0,1,1,33,13,1814,64,ITG,ITG2,20,Sardegna,Sardegna,1639591,582015,35.5,0.11
3051,2021-02-27,SAR,1921,647,1274,1055,315,306,0,15,2,178,3,0,47,1366,555,ITG,ITG2,20,Sardegna,Sardegna,1639591,583936,35.61,0.12
3052,2021-05-11,SAR,8642,3988,4654,255,99,60,123,1212,2330,691,3639,23,210,6311,2331,ITG,ITG2,20,Sardegna,Sardegna,1639591,592578,36.14,0.53
3053,2021-04-04,SAR,1,0,1,0,0,0,0,0,0,1,0,0,0,0,1,ITG,ITG2,20,Sardegna,Sardegna,1639591,592579,36.14,0.0
3054,2021-02-04,SAR,2271,816,1455,1737,360,170,0,1,1,1,1,0,0,916,1355,ITG,ITG2,20,Sardegna,Sardegna,1639591,594850,36.28,0.14
3055,2021-04-05,SAR,2036,784,1252,55,150,0,694,93,395,150,123,22,354,2035,1,ITG,ITG2,20,Sardegna,Sardegna,1639591,596886,36.4,0.12
3056,2020-12-29,SAR,57,32,25,56,1,0,0,0,0,0,0,0,0,57,0,ITG,ITG2,20,Sardegna,Sardegna,1639591,596943,36.41,0.0
3057,2021-05-03,SAR,8176,3815,4361,215,123,26,16,933,1254,743,4727,78,61,6580,1596,ITG,ITG2,20,Sardegna,Sardegna,1639591,605119,36.91,0.5
3058,2021-04-28,SAR,9008,4269,4739,113,89,48,11,1015,1417,2170,4051,4,90,5311,3697,ITG,ITG2,20,Sardegna,Sardegna,1639591,614127,37.46,0.55
3059,2021-02-14,SAR,539,263,276,284,188,57,0,2,0,3,1,0,4,537,2,ITG,ITG2,20,Sardegna,Sardegna,1639591,614666,37.49,0.03
3060,2021-03-26,SAR,8089,3179,4910,845,567,414,1523,140,467,2761,1003,227,142,6564,1525,ITG,ITG2,20,Sardegna,Sardegna,1639591,622755,37.98,0.49
3061,2021-01-06,SAR,1615,549,1066,1510,99,0,0,0,0,1,0,0,5,1615,0,ITG,ITG2,20,Sardegna,Sardegna,1639591,624370,38.08,0.1
3062,2021-02-19,SAR,1499,473,1026,677,390,388,0,4,4,1,13,1,21,1443,56,ITG,ITG2,20,Sardegna,Sardegna,1639591,625869,38.17,0.09
3063,2021-03-16,SAR,4374,1949,2425,663,224,352,8,36,163,2549,337,1,41,3452,922,ITG,ITG2,20,Sardegna,Sardegna,1639591,630243,38.44,0.27
3064,2021-02-25,SAR,2899,1255,1644,1474,611,466,9,6,2,242,2,74,13,2294,605,ITG,ITG2,20,Sardegna,Sardegna,1639591,633142,38.62,0.18
3065,2021-03-12,SAR,6699,2796,3903,1150,843,467,267,72,92,3052,84,480,192,5342,1357,ITG,ITG2,20,Sardegna,Sardegna,1639591,639841,39.02,0.41
3066,2021-01-04,SAR,592,217,375,565,20,0,0,0,0,1,1,0,5,592,0,ITG,ITG2,20,Sardegna,Sardegna,1639591,640433,39.06,0.04
3067,2021-02-07,SAR,1116,394,722,975,141,0,0,0,0,0,0,0,0,228,888,ITG,ITG2,20,Sardegna,Sardegna,1639591,641549,39.13,0.07
3068,2021-02-01,SAR,1524,605,919,896,551,77,0,0,0,0,0,0,0,225,1299,ITG,ITG2,20,Sardegna,Sardegna,1639591,643073,39.22,0.09
3069,2020-12-31,SAR,32,16,16,28,4,0,0,0,0,0,0,0,0,32,0,ITG,ITG2,20,Sardegna,Sardegna,1639591,643105,39.22,0.0
3070,2021-01-19,SAR,747,270,477,423,163,160,1,0,0,0,0,0,0,692,55,ITG,ITG2,20,Sardegna,Sardegna,1639591,643852,39.27,0.05
3071,2021-01-18,SAR,904,326,578,714,188,0,0,0,0,0,0,1,1,780,124,ITG,ITG2,20,Sardegna,Sardegna,1639591,644756,39.32,0.06
3072,2021-01-03,SAR,90,36,54,89,1,0,0,0,0,0,0,0,0,90,0,ITG,ITG2,20,Sardegna,Sardegna,1639591,644846,39.33,0.01
3073,2021-05-04,SAR,9533,4385,5148,345,182,14,14,1558,2062,586,4659,23,90,7681,1852,ITG,ITG2,20,Sardegna,Sardegna,1639591,654379,39.91,0.58
3074,2021-02-03,SAR,1119,419,700,920,169,19,0,1,0,0,0,0,10,426,693,ITG,ITG2,20,Sardegna,Sardegna,1639591,655498,39.98,0.07
3075,2021-03-30,SAR,8641,3462,5179,652,514,237,1453,104,903,3363,1259,60,96,6367,2274,ITG,ITG2,20,Sardegna,Sardegna,1639591,664139,40.51,0.53
3076,2021-01-30,SAR,3863,1392,2471,2988,873,0,0,0,0,1,0,0,1,362,3501,ITG,ITG2,20,Sardegna,Sardegna,1639591,668002,40.74,0.24
3077,2021-01-21,SAR,126,60,66,60,66,0,0,0,0,0,0,0,0,94,32,ITG,ITG2,20,Sardegna,Sardegna,1639591,668128,40.75,0.01
3078,2021-04-02,SAR,8987,3547,5440,533,694,177,1309,96,803,4222,920,71,162,5745,3242,ITG,ITG2,20,Sardegna,Sardegna,1639591,677115,41.3,0.55
3079,2021-01-24,SAR,90,34,56,89,1,0,0,0,0,0,0,0,0,5,85,ITG,ITG2,20,Sardegna,Sardegna,1639591,677205,41.3,0.01
3080,2021-03-22,SAR,3550,1363,2187,839,344,109,1136,16,42,784,153,105,22,3037,513,ITG,ITG2,20,Sardegna,Sardegna,1639591,680755,41.52,0.22
3081,2021-02-06,SAR,1970,697,1273,1544,284,139,1,0,1,0,0,0,1,569,1401,ITG,ITG2,20,Sardegna,Sardegna,1639591,682725,41.64,0.12
3082,2021-02-13,SAR,1456,565,891,732,433,256,5,4,3,1,1,0,21,1454,2,ITG,ITG2,20,Sardegna,Sardegna,1639591,684181,41.73,0.09
3083,2021-05-01,SAR,9850,4735,5115,117,39,11,5,513,1372,2867,4805,8,113,5429,4421,ITG,ITG2,20,Sardegna,Sardegna,1639591,694031,42.33,0.6
3084,2021-04-16,SAR,14441,6488,7953,477,159,107,27,2161,4363,4318,2691,19,119,9098,5343,ITG,ITG2,20,Sardegna,Sardegna,1639591,708472,43.21,0.88
3085,2021-03-24,SAR,7286,2998,4288,739,254,397,1059,58,400,3165,789,330,95,5927,1359,ITG,ITG2,20,Sardegna,Sardegna,1639591,715758,43.65,0.44
3086,2021-04-10,SAR,10489,4748,5741,153,110,11,218,721,4701,3602,805,11,157,8554,1935,ITG,ITG2,20,Sardegna,Sardegna,1639591,726247,44.29,0.64
3087,2021-02-08,SAR,1470,533,937,998,337,126,0,1,0,1,1,1,5,856,614,ITG,ITG2,20,Sardegna,Sardegna,1639591,727717,44.38,0.09
3088,2021-01-01,SAR,32,17,15,30,0,0,0,0,0,0,2,0,0,32,0,ITG,ITG2,20,Sardegna,Sardegna,1639591,727749,44.39,0.0
3089,2021-05-23,SAR,9927,4789,5138,16,37,0,14,1822,645,167,2194,33,4999,7720,2207,ITG,ITG2,20,Sardegna,Sardegna,1639591,737676,44.99,0.61
3090,2021-05-08,SAR,12807,5880,6927,105,85,8,238,2841,1951,1085,6070,12,412,10657,2150,ITG,ITG2,20,Sardegna,Sardegna,1639591,750483,45.77,0.78
3091,2021-05-06,SAR,12627,5844,6783,271,126,71,116,2842,1492,1254,6248,48,159,9617,3010,ITG,ITG2,20,Sardegna,Sardegna,1639591,763110,46.54,0.77
3092,2021-04-19,SAR,10179,4615,5564,186,75,88,43,3704,3201,1419,1426,6,31,8760,1419,ITG,ITG2,20,Sardegna,Sardegna,1639591,773289,47.16,0.62
3093,2021-02-22,SAR,1639,949,690,606,294,190,0,6,3,5,11,517,7,1411,228,ITG,ITG2,20,Sardegna,Sardegna,1639591,774928,47.26,0.1
3094,2021-03-04,SAR,4002,1953,2049,987,552,542,42,44,18,1153,1,581,82,2747,1255,ITG,ITG2,20,Sardegna,Sardegna,1639591,778930,47.51,0.24
3095,2021-05-12,SAR,10326,4679,5647,200,187,35,363,1567,1748,1204,4511,179,332,7260,3066,ITG,ITG2,20,Sardegna,Sardegna,1639591,789256,48.14,0.63
3096,2021-05-18,SAR,13449,6497,6952,151,60,19,79,1865,982,449,4741,208,4895,9253,4196,ITG,ITG2,20,Sardegna,Sardegna,1639591,802705,48.96,0.82
3097,2021-04-15,SAR,11805,5521,6284,271,93,141,20,1068,4004,3897,2147,29,135,6851,4954,ITG,ITG2,20,Sardegna,Sardegna,1639591,814510,49.68,0.72
3098,2021-04-29,SAR,10929,5027,5902,237,94,57,21,989,1279,1596,6468,5,183,6615,4314,ITG,ITG2,20,Sardegna,Sardegna,1639591,825439,50.34,0.67
