,data,area,Vaccinazioni giornaliere,sesso_maschile,sesso_femminile,prima_dose,seconda_dose,pregressa_infezione,codice_NUTS1,codice_NUTS2,codice_regione_ISTAT,nome_area,Regione,popolazione,Totale vaccinazioni,Totale vaccinazioni ogni cento ab,Vaccinazioni giornaliere ogni cento ab
0,2021-04-16,LAZ,34572,15766,18806,21918,12220,434,ITI,ITI4,12,Lazio,Lazio,5879082,34572,0.59,0.59
1,2021-01-23,LAZ,7218,2870,4348,588,6630,0,ITI,ITI4,12,Lazio,Lazio,5879082,41790,0.71,0.12
2,2021-01-06,LAZ,5201,1991,3210,5081,0,120,ITI,ITI4,12,Lazio,Lazio,5879082,46991,0.8,0.09
3,2021-03-30,LAZ,27142,13202,13940,19558,7221,363,ITI,ITI4,12,Lazio,Lazio,5879082,74133,1.26,0.46
4,2021-07-08,LAZ,64356,31590,32766,28177,35500,679,ITI,ITI4,12,Lazio,Lazio,5879082,138489,2.36,1.09
5,2021-07-27,LAZ,56420,27401,29019,8105,47985,330,ITI,ITI4,12,Lazio,Lazio,5879082,194909,3.32,0.96
6,2021-04-18,LAZ,23869,10608,13261,15853,7700,316,ITI,ITI4,12,Lazio,Lazio,5879082,218778,3.72,0.41
7,2021-02-20,LAZ,9219,4275,4944,8366,780,73,ITI,ITI4,12,Lazio,Lazio,5879082,227997,3.88,0.16
8,2021-05-31,LAZ,51809,23071,28738,30882,19906,1021,ITI,ITI4,12,Lazio,Lazio,5879082,279806,4.76,0.88
9,2021-04-04,LAZ,17669,8202,9467,12262,5291,116,ITI,ITI4,12,Lazio,Lazio,5879082,297475,5.06,0.3
10,2021-07-22,LAZ,61173,30569,30604,28490,31153,1530,ITI,ITI4,12,Lazio,Lazio,5879082,358648,6.1,1.04
11,2021-09-03,LAZ,25881,13504,12377,7301,18106,474,ITI,ITI4,12,Lazio,Lazio,5879082,384529,6.54,0.44
12,2021-05-17,LAZ,44650,20447,24203,35413,8622,615,ITI,ITI4,12,Lazio,Lazio,5879082,429179,7.3,0.76
13,2021-02-06,LAZ,6240,2547,3693,903,5333,4,ITI,ITI4,12,Lazio,Lazio,5879082,435419,7.41,0.11
14,2021-05-26,LAZ,47681,21931,25750,34882,12151,648,ITI,ITI4,12,Lazio,Lazio,5879082,483100,8.22,0.81
15,2021-03-04,LAZ,19466,8746,10720,14182,5034,250,ITI,ITI4,12,Lazio,Lazio,5879082,502566,8.55,0.33
16,2021-06-12,LAZ,69949,32124,37825,39882,29417,650,ITI,ITI4,12,Lazio,Lazio,5879082,572515,9.74,1.19
17,2021-06-14,LAZ,63098,29563,33535,32322,30206,570,ITI,ITI4,12,Lazio,Lazio,5879082,635613,10.81,1.07
18,2021-03-21,LAZ,18293,7203,11090,13028,5071,194,ITI,ITI4,12,Lazio,Lazio,5879082,653906,11.12,0.31
19,2021-08-08,LAZ,50294,26040,24254,18008,31456,830,ITI,ITI4,12,Lazio,Lazio,5879082,704200,11.98,0.86
20,2021-06-26,LAZ,56238,26509,29729,24710,30934,594,ITI,ITI4,12,Lazio,Lazio,5879082,760438,12.93,0.96
21,2021-04-30,LAZ,41733,18492,23241,26623,14389,721,ITI,ITI4,12,Lazio,Lazio,5879082,802171,13.64,0.71
22,2021-08-22,LAZ,8764,5296,3468,2527,6147,90,ITI,ITI4,12,Lazio,Lazio,5879082,810935,13.79,0.15
23,2021-02-18,LAZ,10089,5018,5071,9106,876,107,ITI,ITI4,12,Lazio,Lazio,5879082,821024,13.97,0.17
24,2021-05-12,LAZ,47622,21621,26001,30240,16690,692,ITI,ITI4,12,Lazio,Lazio,5879082,868646,14.78,0.81
25,2021-02-01,LAZ,5686,2185,3501,354,5331,1,ITI,ITI4,12,Lazio,Lazio,5879082,874332,14.87,0.1
26,2021-03-16,LAZ,13643,5782,7861,7052,6507,84,ITI,ITI4,12,Lazio,Lazio,5879082,887975,15.1,0.23
27,2021-03-09,LAZ,22044,9960,12084,16454,5226,364,ITI,ITI4,12,Lazio,Lazio,5879082,910019,15.48,0.37
28,2021-01-11,LAZ,5704,2174,3530,5558,0,146,ITI,ITI4,12,Lazio,Lazio,5879082,915723,15.58,0.1
29,2021-02-25,LAZ,12818,5611,7207,11401,1215,202,ITI,ITI4,12,Lazio,Lazio,5879082,928541,15.79,0.22
30,2021-06-05,LAZ,66400,32713,33687,42942,22784,674,ITI,ITI4,12,Lazio,Lazio,5879082,994941,16.92,1.13
31,2021-08-10,LAZ,50922,26334,24588,21535,28405,982,ITI,ITI4,12,Lazio,Lazio,5879082,1045863,17.79,0.87
32,2021-05-19,LAZ,47330,21745,25585,36491,10160,679,ITI,ITI4,12,Lazio,Lazio,5879082,1093193,18.59,0.81
33,2021-08-27,LAZ,30588,16054,14534,7645,22380,563,ITI,ITI4,12,Lazio,Lazio,5879082,1123781,19.11,0.52
34,2021-01-04,LAZ,7586,2944,4642,7480,0,106,ITI,ITI4,12,Lazio,Lazio,5879082,1131367,19.24,0.13
35,2021-06-24,LAZ,64070,30559,33511,28621,34790,659,ITI,ITI4,12,Lazio,Lazio,5879082,1195437,20.33,1.09
36,2021-06-07,LAZ,62672,29337,33335,32713,29357,602,ITI,ITI4,12,Lazio,Lazio,5879082,1258109,21.4,1.07
37,2021-03-28,LAZ,19199,7837,11362,13543,5316,340,ITI,ITI4,12,Lazio,Lazio,5879082,1277308,21.73,0.33
38,2021-02-11,LAZ,7074,3066,4008,6447,602,25,ITI,ITI4,12,Lazio,Lazio,5879082,1284382,21.85,0.12
39,2021-04-11,LAZ,19241,8533,10708,13120,5930,191,ITI,ITI4,12,Lazio,Lazio,5879082,1303623,22.17,0.33
40,2021-02-13,LAZ,6613,2627,3986,6146,420,47,ITI,ITI4,12,Lazio,Lazio,5879082,1310236,22.29,0.11
41,2021-07-20,LAZ,63442,31652,31790,28463,33738,1241,ITI,ITI4,12,Lazio,Lazio,5879082,1373678,23.37,1.08
42,2021-05-24,LAZ,44047,20208,23839,33567,9827,653,ITI,ITI4,12,Lazio,Lazio,5879082,1417725,24.11,0.75
43,2020-12-30,LAZ,1658,640,1018,1647,0,11,ITI,ITI4,12,Lazio,Lazio,5879082,1419383,24.14,0.03
44,2021-07-01,LAZ,48570,23234,25336,7197,41156,217,ITI,ITI4,12,Lazio,Lazio,5879082,1467953,24.97,0.83
45,2021-04-09,LAZ,27733,12628,15105,19124,8279,330,ITI,ITI4,12,Lazio,Lazio,5879082,1495686,25.44,0.47
46,2021-03-23,LAZ,25483,11966,13517,18483,6643,357,ITI,ITI4,12,Lazio,Lazio,5879082,1521169,25.87,0.43
47,2021-02-15,LAZ,8045,3549,4496,7310,646,89,ITI,ITI4,12,Lazio,Lazio,5879082,1529214,26.01,0.14
48,2021-06-19,LAZ,66578,31409,35169,35280,30478,820,ITI,ITI4,12,Lazio,Lazio,5879082,1595792,27.14,1.13
49,2021-05-07,LAZ,48336,22659,25677,29789,17824,723,ITI,ITI4,12,Lazio,Lazio,5879082,1644128,27.97,0.82
50,2021-03-11,LAZ,25516,12037,13479,18865,6288,363,ITI,ITI4,12,Lazio,Lazio,5879082,1669644,28.4,0.43
51,2021-08-15,LAZ,1501,924,577,781,697,23,ITI,ITI4,12,Lazio,Lazio,5879082,1671145,28.43,0.03
52,2021-07-03,LAZ,53251,25075,28176,4646,48458,147,ITI,ITI4,12,Lazio,Lazio,5879082,1724396,29.33,0.91
53,2021-07-15,LAZ,45037,22055,22982,6713,37891,433,ITI,ITI4,12,Lazio,Lazio,5879082,1769433,30.1,0.77
54,2021-01-13,LAZ,5867,2245,3622,5705,0,162,ITI,ITI4,12,Lazio,Lazio,5879082,1775300,30.2,0.1
55,2021-04-23,LAZ,37988,18294,19694,22043,15408,537,ITI,ITI4,12,Lazio,Lazio,5879082,1813288,30.84,0.65
56,2021-08-03,LAZ,32256,16418,15838,5067,26990,199,ITI,ITI4,12,Lazio,Lazio,5879082,1845544,31.39,0.55
57,2021-01-30,LAZ,7025,2898,4127,819,6205,1,ITI,ITI4,12,Lazio,Lazio,5879082,1852569,31.51,0.12
58,2021-01-25,LAZ,8172,3285,4887,827,7345,0,ITI,ITI4,12,Lazio,Lazio,5879082,1860741,31.65,0.14
59,2021-05-05,LAZ,46864,21504,25360,30357,15877,630,ITI,ITI4,12,Lazio,Lazio,5879082,1907605,32.45,0.8
60,2021-03-02,LAZ,17246,7635,9611,13111,3955,180,ITI,ITI4,12,Lazio,Lazio,5879082,1924851,32.74,0.29
61,2021-01-18,LAZ,6389,2605,3784,5282,981,126,ITI,ITI4,12,Lazio,Lazio,5879082,1931240,32.85,0.11
62,2021-04-28,LAZ,33042,15077,17965,20916,11668,458,ITI,ITI4,12,Lazio,Lazio,5879082,1964282,33.41,0.56
63,2021-08-29,LAZ,27421,13954,13467,9018,17814,589,ITI,ITI4,12,Lazio,Lazio,5879082,1991703,33.88,0.47
64,2021-04-01,LAZ,29780,14122,15658,22221,7178,381,ITI,ITI4,12,Lazio,Lazio,5879082,2021483,34.38,0.51
65,2021-07-10,LAZ,71128,35703,35425,25050,45413,665,ITI,ITI4,12,Lazio,Lazio,5879082,2092611,35.59,1.21
66,2021-07-24,LAZ,30769,15523,15246,3228,27384,157,ITI,ITI4,12,Lazio,Lazio,5879082,2123380,36.12,0.52
67,2021-06-09,LAZ,70546,33412,37134,35993,33910,643,ITI,ITI4,12,Lazio,Lazio,5879082,2193926,37.32,1.2
68,2021-04-27,LAZ,30848,13931,16917,19421,10973,454,ITI,ITI4,12,Lazio,Lazio,5879082,2224774,37.84,0.52
69,2021-03-01,LAZ,17134,7372,9762,12983,3891,260,ITI,ITI4,12,Lazio,Lazio,5879082,2241908,38.13,0.29
70,2021-08-05,LAZ,33508,17382,16126,21922,10561,1025,ITI,ITI4,12,Lazio,Lazio,5879082,2275416,38.7,0.57
71,2021-02-22,LAZ,11518,5028,6490,10810,554,154,ITI,ITI4,12,Lazio,Lazio,5879082,2286934,38.9,0.2
72,2021-01-03,LAZ,5347,2017,3330,5288,0,59,ITI,ITI4,12,Lazio,Lazio,5879082,2292281,38.99,0.09
73,2021-04-13,LAZ,25841,11981,13860,17637,7749,455,ITI,ITI4,12,Lazio,Lazio,5879082,2318122,39.43,0.44
74,2021-07-31,LAZ,56243,29564,26679,5562,50377,304,ITI,ITI4,12,Lazio,Lazio,5879082,2374365,40.39,0.96
75,2021-01-08,LAZ,7966,2987,4979,7769,0,197,ITI,ITI4,12,Lazio,Lazio,5879082,2382331,40.52,0.14
76,2021-01-29,LAZ,8415,3205,5210,929,7484,2,ITI,ITI4,12,Lazio,Lazio,5879082,2390746,40.67,0.14
77,2021-09-05,LAZ,9800,5002,4798,6374,3003,423,ITI,ITI4,12,Lazio,Lazio,5879082,2400546,40.83,0.17
78,2021-02-17,LAZ,9229,4622,4607,8261,897,71,ITI,ITI4,12,Lazio,Lazio,5879082,2409775,40.99,0.16
79,2021-05-28,LAZ,57274,26639,30635,43149,13342,783,ITI,ITI4,12,Lazio,Lazio,5879082,2467049,41.96,0.97
80,2021-08-19,LAZ,9150,5241,3909,2879,6166,105,ITI,ITI4,12,Lazio,Lazio,5879082,2476199,42.12,0.16
81,2021-02-03,LAZ,6499,2494,4005,963,5529,7,ITI,ITI4,12,Lazio,Lazio,5879082,2482698,42.23,0.11
82,2021-01-20,LAZ,4834,1958,2876,3284,1545,5,ITI,ITI4,12,Lazio,Lazio,5879082,2487532,42.31,0.08
83,2021-05-14,LAZ,51648,23602,28046,32419,18412,817,ITI,ITI4,12,Lazio,Lazio,5879082,2539180,43.19,0.88
84,2021-03-18,LAZ,14309,6114,8195,7780,6439,90,ITI,ITI4,12,Lazio,Lazio,5879082,2553489,43.43,0.24
85,2021-06-21,LAZ,62034,28821,33213,28501,32918,615,ITI,ITI4,12,Lazio,Lazio,5879082,2615523,44.49,1.06
86,2021-03-13,LAZ,21853,8758,13095,15699,5916,238,ITI,ITI4,12,Lazio,Lazio,5879082,2637376,44.86,0.37
87,2021-02-08,LAZ,9755,4165,5590,4511,5242,2,ITI,ITI4,12,Lazio,Lazio,5879082,2647131,45.03,0.17
88,2021-07-19,LAZ,63183,31070,32113,28318,33731,1134,ITI,ITI4,12,Lazio,Lazio,5879082,2710314,46.1,1.07
89,2021-01-15,LAZ,6724,2771,3953,6553,0,171,ITI,ITI4,12,Lazio,Lazio,5879082,2717038,46.22,0.11
90,2021-04-25,LAZ,24581,11280,13301,16374,7875,332,ITI,ITI4,12,Lazio,Lazio,5879082,2741619,46.63,0.42
91,2021-04-06,LAZ,24665,11293,13372,17152,7185,328,ITI,ITI4,12,Lazio,Lazio,5879082,2766284,47.05,0.42
92,2021-06-23,LAZ,62359,29379,32980,28439,33419,501,ITI,ITI4,12,Lazio,Lazio,5879082,2828643,48.11,1.06
93,2021-04-15,LAZ,32053,14357,17696,20660,10886,507,ITI,ITI4,12,Lazio,Lazio,5879082,2860696,48.66,0.55
94,2021-08-26,LAZ,32112,16651,15461,8221,23337,554,ITI,ITI4,12,Lazio,Lazio,5879082,2892808,49.21,0.55
95,2021-02-10,LAZ,8258,3456,4802,4852,3401,5,ITI,ITI4,12,Lazio,Lazio,5879082,2901066,49.35,0.14
96,2021-05-21,LAZ,52131,25078,27053,37317,14112,702,ITI,ITI4,12,Lazio,Lazio,5879082,2953197,50.23,0.89
97,2021-06-04,LAZ,62087,30274,31813,43573,17866,648,ITI,ITI4,12,Lazio,Lazio,5879082,3015284,51.29,1.06
98,2021-05-04,LAZ,40308,18543,21765,26073,13712,523,ITI,ITI4,12,Lazio,Lazio,5879082,3055592,51.97,0.69
99,2021-08-12,LAZ,47915,24818,23097,20766,26178,971,ITI,ITI4,12,Lazio,Lazio,5879082,3103507,52.79,0.82
100,2021-03-06,LAZ,18400,7097,11303,13897,4277,226,ITI,ITI4,12,Lazio,Lazio,5879082,3121907,53.1,0.31
101,2021-01-31,LAZ,4466,1858,2608,481,3985,0,ITI,ITI4,12,Lazio,Lazio,5879082,3126373,53.18,0.08
102,2021-05-11,LAZ,48398,22229,26169,31124,16596,678,ITI,ITI4,12,Lazio,Lazio,5879082,3174771,54.0,0.82
103,2021-07-16,LAZ,44036,21016,23020,2925,40930,181,ITI,ITI4,12,Lazio,Lazio,5879082,3218807,54.75,0.75
104,2021-04-24,LAZ,33585,15155,18430,20138,12902,545,ITI,ITI4,12,Lazio,Lazio,5879082,3252392,55.32,0.57
105,2021-08-02,LAZ,37372,19537,17835,6497,30642,233,ITI,ITI4,12,Lazio,Lazio,5879082,3289764,55.96,0.64
106,2021-08-21,LAZ,10181,5854,4327,3208,6870,103,ITI,ITI4,12,Lazio,Lazio,5879082,3299945,56.13,0.17
107,2021-05-30,LAZ,41283,17661,23622,33239,7379,665,ITI,ITI4,12,Lazio,Lazio,5879082,3341228,56.83,0.7
108,2021-05-13,LAZ,50284,22605,27679,31657,17878,749,ITI,ITI4,12,Lazio,Lazio,5879082,3391512,57.69,0.86
109,2021-07-29,LAZ,56062,28565,27497,7672,48011,379,ITI,ITI4,12,Lazio,Lazio,5879082,3447574,58.64,0.95
110,2021-01-01,LAZ,3603,1398,2205,3563,0,40,ITI,ITI4,12,Lazio,Lazio,5879082,3451177,58.7,0.06
111,2021-01-10,LAZ,4136,1739,2397,4069,0,67,ITI,ITI4,12,Lazio,Lazio,5879082,3455313,58.77,0.07
112,2021-06-16,LAZ,64751,31098,33653,32074,32034,643,ITI,ITI4,12,Lazio,Lazio,5879082,3520064,59.87,1.1
113,2021-04-20,LAZ,31180,14310,16870,19372,11369,439,ITI,ITI4,12,Lazio,Lazio,5879082,3551244,60.4,0.53
114,2021-03-08,LAZ,20961,9105,11856,15349,5309,303,ITI,ITI4,12,Lazio,Lazio,5879082,3572205,60.76,0.36
115,2021-03-25,LAZ,29536,13721,15815,22379,6682,475,ITI,ITI4,12,Lazio,Lazio,5879082,3601741,61.26,0.5
116,2021-01-27,LAZ,6189,2416,3773,1062,5127,0,ITI,ITI4,12,Lazio,Lazio,5879082,3607930,61.37,0.11
117,2021-06-01,LAZ,49172,23731,25441,30090,18597,485,ITI,ITI4,12,Lazio,Lazio,5879082,3657102,62.21,0.84
118,2021-04-05,LAZ,19987,9153,10834,13617,6215,155,ITI,ITI4,12,Lazio,Lazio,5879082,3677089,62.55,0.34
119,2021-07-28,LAZ,57767,29244,28523,8111,49303,353,ITI,ITI4,12,Lazio,Lazio,5879082,3734856,63.53,0.98
120,2021-05-25,LAZ,47643,22366,25277,35317,11732,594,ITI,ITI4,12,Lazio,Lazio,5879082,3782499,64.34,0.81
121,2021-09-02,LAZ,26148,13434,12714,7964,17745,439,ITI,ITI4,12,Lazio,Lazio,5879082,3808647,64.78,0.44
122,2021-04-12,LAZ,23948,10799,13149,16652,6967,329,ITI,ITI4,12,Lazio,Lazio,5879082,3832595,65.19,0.41
123,2021-07-21,LAZ,62851,31736,31115,28653,32828,1370,ITI,ITI4,12,Lazio,Lazio,5879082,3895446,66.26,1.07
124,2021-04-22,LAZ,39240,19519,19721,23817,14738,685,ITI,ITI4,12,Lazio,Lazio,5879082,3934686,66.93,0.67
125,2021-03-10,LAZ,23380,10683,12697,17360,5666,354,ITI,ITI4,12,Lazio,Lazio,5879082,3958066,67.32,0.4
126,2021-01-12,LAZ,5550,2048,3502,5407,0,143,ITI,ITI4,12,Lazio,Lazio,5879082,3963616,67.42,0.09
127,2021-06-18,LAZ,64435,31044,33391,30303,33373,759,ITI,ITI4,12,Lazio,Lazio,5879082,4028051,68.51,1.1
128,2021-05-02,LAZ,32943,14465,18478,22941,9472,530,ITI,ITI4,12,Lazio,Lazio,5879082,4060994,69.08,0.56
129,2021-01-22,LAZ,4034,1652,2382,518,3516,0,ITI,ITI4,12,Lazio,Lazio,5879082,4065028,69.14,0.07
130,2021-02-27,LAZ,11540,4337,7203,10345,1050,145,ITI,ITI4,12,Lazio,Lazio,5879082,4076568,69.34,0.2
131,2020-12-27,LAZ,276,132,144,276,0,0,ITI,ITI4,12,Lazio,Lazio,5879082,4076844,69.34,0.0
132,2021-03-20,LAZ,19279,7676,11603,13088,5923,268,ITI,ITI4,12,Lazio,Lazio,5879082,4096123,69.67,0.33
133,2021-07-17,LAZ,43935,22163,21772,2185,41645,105,ITI,ITI4,12,Lazio,Lazio,5879082,4140058,70.42,0.75
134,2021-06-30,LAZ,63037,29668,33369,29757,32732,548,ITI,ITI4,12,Lazio,Lazio,5879082,4203095,71.49,1.07
135,2021-04-08,LAZ,26894,12329,14565,18762,7719,413,ITI,ITI4,12,Lazio,Lazio,5879082,4229989,71.95,0.46
136,2021-03-17,LAZ,13885,5952,7933,7472,6295,118,ITI,ITI4,12,Lazio,Lazio,5879082,4243874,72.19,0.24
137,2021-06-25,LAZ,63456,30650,32806,28137,34717,602,ITI,ITI4,12,Lazio,Lazio,5879082,4307330,73.27,1.08
138,2021-06-27,LAZ,47264,21618,25646,20583,26191,490,ITI,ITI4,12,Lazio,Lazio,5879082,4354594,74.07,0.8
139,2021-08-23,LAZ,22667,12353,10314,16300,5385,982,ITI,ITI4,12,Lazio,Lazio,5879082,4377261,74.45,0.39
140,2021-02-04,LAZ,6474,2581,3893,1151,5322,1,ITI,ITI4,12,Lazio,Lazio,5879082,4383735,74.56,0.11
141,2021-08-25,LAZ,31687,16637,15050,9895,21189,603,ITI,ITI4,12,Lazio,Lazio,5879082,4415422,75.1,0.54
142,2021-02-24,LAZ,12109,5237,6872,10936,1044,129,ITI,ITI4,12,Lazio,Lazio,5879082,4427531,75.31,0.21
143,2021-07-07,LAZ,62700,31050,31650,28385,33711,604,ITI,ITI4,12,Lazio,Lazio,5879082,4490231,76.38,1.07
144,2021-03-29,LAZ,25597,12158,13439,18199,7084,314,ITI,ITI4,12,Lazio,Lazio,5879082,4515828,76.81,0.44
145,2021-07-02,LAZ,48564,23272,25292,6619,41754,191,ITI,ITI4,12,Lazio,Lazio,5879082,4564392,77.64,0.83
146,2021-03-22,LAZ,23429,10569,12860,16360,6733,336,ITI,ITI4,12,Lazio,Lazio,5879082,4587821,78.04,0.4
147,2020-12-29,LAZ,498,182,316,494,0,4,ITI,ITI4,12,Lazio,Lazio,5879082,4588319,78.04,0.01
148,2021-09-04,LAZ,14248,7248,7000,9659,3863,726,ITI,ITI4,12,Lazio,Lazio,5879082,4602567,78.29,0.24
149,2021-06-13,LAZ,58459,26232,32227,33075,24873,511,ITI,ITI4,12,Lazio,Lazio,5879082,4661026,79.28,0.99
150,2021-03-07,LAZ,14170,5481,8689,10349,3603,218,ITI,ITI4,12,Lazio,Lazio,5879082,4675196,79.52,0.24
151,2021-08-04,LAZ,47746,24057,23689,20616,26461,669,ITI,ITI4,12,Lazio,Lazio,5879082,4722942,80.33,0.81
152,2021-06-29,LAZ,59525,28285,31240,27741,31188,596,ITI,ITI4,12,Lazio,Lazio,5879082,4782467,81.35,1.01
153,2021-01-14,LAZ,5668,2236,3432,5494,0,174,ITI,ITI4,12,Lazio,Lazio,5879082,4788135,81.44,0.1
154,2021-04-07,LAZ,26044,12191,13853,18345,7327,372,ITI,ITI4,12,Lazio,Lazio,5879082,4814179,81.89,0.44
155,2020-12-28,LAZ,961,414,547,956,0,5,ITI,ITI4,12,Lazio,Lazio,5879082,4815140,81.9,0.02
156,2021-01-16,LAZ,5778,2337,3441,5630,0,148,ITI,ITI4,12,Lazio,Lazio,5879082,4820918,82.0,0.1
157,2021-04-26,LAZ,29355,13510,15845,19548,9299,508,ITI,ITI4,12,Lazio,Lazio,5879082,4850273,82.5,0.5
158,2021-02-02,LAZ,5920,2220,3700,640,5277,3,ITI,ITI4,12,Lazio,Lazio,5879082,4856193,82.6,0.1
159,2021-06-02,LAZ,43533,21605,21928,31439,11535,559,ITI,ITI4,12,Lazio,Lazio,5879082,4899726,83.34,0.74
160,2021-06-11,LAZ,69824,32854,36970,36684,32483,657,ITI,ITI4,12,Lazio,Lazio,5879082,4969550,84.53,1.19
161,2021-08-07,LAZ,34943,18913,16030,21927,11892,1124,ITI,ITI4,12,Lazio,Lazio,5879082,5004493,85.12,0.59
162,2021-05-06,LAZ,48892,22785,26107,30543,17616,733,ITI,ITI4,12,Lazio,Lazio,5879082,5053385,85.96,0.83
163,2021-05-20,LAZ,51949,25072,26877,37231,13987,731,ITI,ITI4,12,Lazio,Lazio,5879082,5105334,86.84,0.88
164,2021-08-28,LAZ,32562,17001,15561,11026,20791,745,ITI,ITI4,12,Lazio,Lazio,5879082,5137896,87.39,0.55
165,2021-06-20,LAZ,55333,25450,29883,29606,24961,766,ITI,ITI4,12,Lazio,Lazio,5879082,5193229,88.33,0.94
166,2021-06-06,LAZ,58288,28101,30187,35145,22541,602,ITI,ITI4,12,Lazio,Lazio,5879082,5251517,89.33,0.99
167,2021-02-26,LAZ,13194,5760,7434,11544,1465,185,ITI,ITI4,12,Lazio,Lazio,5879082,5264711,89.55,0.22
168,2021-07-09,LAZ,65069,31403,33666,27625,36688,756,ITI,ITI4,12,Lazio,Lazio,5879082,5329780,90.66,1.11
169,2021-05-01,LAZ,38272,17210,21062,25707,12079,486,ITI,ITI4,12,Lazio,Lazio,5879082,5368052,91.31,0.65
170,2021-04-17,LAZ,32492,14254,18238,19958,12070,464,ITI,ITI4,12,Lazio,Lazio,5879082,5400544,91.86,0.55
171,2021-07-26,LAZ,50892,25070,25822,6669,43906,317,ITI,ITI4,12,Lazio,Lazio,5879082,5451436,92.73,0.87
172,2021-06-08,LAZ,66833,31905,34928,36154,30021,658,ITI,ITI4,12,Lazio,Lazio,5879082,5518269,93.86,1.14
173,2021-07-14,LAZ,42214,20579,21635,6211,35638,365,ITI,ITI4,12,Lazio,Lazio,5879082,5560483,94.58,0.72
174,2021-01-09,LAZ,6426,2617,3809,6313,0,113,ITI,ITI4,12,Lazio,Lazio,5879082,5566909,94.69,0.11
175,2021-04-19,LAZ,30170,13720,16450,18960,10731,479,ITI,ITI4,12,Lazio,Lazio,5879082,5597079,95.2,0.51
176,2021-05-22,LAZ,55230,27067,28163,43673,10712,845,ITI,ITI4,12,Lazio,Lazio,5879082,5652309,96.14,0.94
177,2021-08-30,LAZ,30513,15408,15105,9979,19853,681,ITI,ITI4,12,Lazio,Lazio,5879082,5682822,96.66,0.52
178,2021-05-15,LAZ,57519,27476,30043,40055,16586,878,ITI,ITI4,12,Lazio,Lazio,5879082,5740341,97.64,0.98
179,2021-03-19,LAZ,17518,7602,9916,11006,6357,155,ITI,ITI4,12,Lazio,Lazio,5879082,5757859,97.94,0.3
180,2021-09-01,LAZ,26415,13533,12882,8143,17753,519,ITI,ITI4,12,Lazio,Lazio,5879082,5784274,98.39,0.45
181,2021-06-15,LAZ,66226,32009,34217,33381,32270,575,ITI,ITI4,12,Lazio,Lazio,5879082,5850500,99.51,1.13
182,2021-03-24,LAZ,27994,13152,14842,21315,6277,402,ITI,ITI4,12,Lazio,Lazio,5879082,5878494,99.99,0.48
183,2021-09-06,LAZ,14309,7301,7008,7889,5820,600,ITI,ITI4,12,Lazio,Lazio,5879082,5892803,100.23,0.24
184,2021-08-20,LAZ,8329,4693,3636,2074,6161,94,ITI,ITI4,12,Lazio,Lazio,5879082,5901132,100.38,0.14
185,2021-05-29,LAZ,52111,23447,28664,40195,11051,865,ITI,ITI4,12,Lazio,Lazio,5879082,5953243,101.26,0.89
186,2021-08-01,LAZ,39688,21160,18528,5706,33674,308,ITI,ITI4,12,Lazio,Lazio,5879082,5992931,101.94,0.68
187,2021-07-18,LAZ,58397,29733,28664,22795,34803,799,ITI,ITI4,12,Lazio,Lazio,5879082,6051328,102.93,0.99
188,2021-02-21,LAZ,7000,3184,3816,6485,467,48,ITI,ITI4,12,Lazio,Lazio,5879082,6058328,103.05,0.12
189,2021-02-14,LAZ,5808,2382,3426,5302,475,31,ITI,ITI4,12,Lazio,Lazio,5879082,6064136,103.15,0.1
190,2021-02-28,LAZ,10289,4041,6248,9646,542,101,ITI,ITI4,12,Lazio,Lazio,5879082,6074425,103.32,0.18
191,2021-01-02,LAZ,6843,2682,4161,6763,0,80,ITI,ITI4,12,Lazio,Lazio,5879082,6081268,103.44,0.12
192,2021-03-12,LAZ,24115,11149,12966,17387,6365,363,ITI,ITI4,12,Lazio,Lazio,5879082,6105383,103.85,0.41
193,2021-08-13,LAZ,43580,22668,20912,20099,22400,1081,ITI,ITI4,12,Lazio,Lazio,5879082,6148963,104.59,0.74
194,2021-02-09,LAZ,8856,3807,5049,4581,4268,7,ITI,ITI4,12,Lazio,Lazio,5879082,6157819,104.74,0.15
195,2021-02-23,LAZ,11119,4797,6322,10211,778,130,ITI,ITI4,12,Lazio,Lazio,5879082,6168938,104.93,0.19
196,2021-01-21,LAZ,5743,2416,3327,631,5112,0,ITI,ITI4,12,Lazio,Lazio,5879082,6174681,105.03,0.1
197,2021-03-31,LAZ,27897,13496,14401,20398,7152,347,ITI,ITI4,12,Lazio,Lazio,5879082,6202578,105.5,0.47
198,2021-01-07,LAZ,7940,2981,4959,7783,0,157,ITI,ITI4,12,Lazio,Lazio,5879082,6210518,105.64,0.14
199,2021-05-10,LAZ,44521,20360,24161,30363,13447,711,ITI,ITI4,12,Lazio,Lazio,5879082,6255039,106.39,0.76
200,2021-08-18,LAZ,9460,5471,3989,3238,6107,115,ITI,ITI4,12,Lazio,Lazio,5879082,6264499,106.56,0.16
201,2021-05-27,LAZ,58562,27249,31313,43956,13813,793,ITI,ITI4,12,Lazio,Lazio,5879082,6323061,107.55,1.0
202,2021-03-05,LAZ,19623,8693,10930,14620,4762,241,ITI,ITI4,12,Lazio,Lazio,5879082,6342684,107.89,0.33
203,2021-02-16,LAZ,8374,4045,4329,7705,625,44,ITI,ITI4,12,Lazio,Lazio,5879082,6351058,108.03,0.14
204,2021-03-15,LAZ,21036,9875,11161,14002,6770,264,ITI,ITI4,12,Lazio,Lazio,5879082,6372094,108.39,0.36
205,2021-01-05,LAZ,7456,2832,4624,7353,0,103,ITI,ITI4,12,Lazio,Lazio,5879082,6379550,108.51,0.13
206,2021-01-24,LAZ,5703,2230,3473,618,5085,0,ITI,ITI4,12,Lazio,Lazio,5879082,6385253,108.61,0.1
207,2021-02-07,LAZ,4971,2049,2922,410,4560,1,ITI,ITI4,12,Lazio,Lazio,5879082,6390224,108.69,0.08
208,2021-05-18,LAZ,45127,20648,24479,34899,9614,614,ITI,ITI4,12,Lazio,Lazio,5879082,6435351,109.46,0.77
209,2021-08-11,LAZ,48900,25622,23278,20396,27631,873,ITI,ITI4,12,Lazio,Lazio,5879082,6484251,110.29,0.83
210,2021-05-03,LAZ,39646,17903,21743,26182,12785,679,ITI,ITI4,12,Lazio,Lazio,5879082,6523897,110.97,0.67
211,2021-07-25,LAZ,24663,12143,12520,2100,22513,50,ITI,ITI4,12,Lazio,Lazio,5879082,6548560,111.39,0.42
212,2021-06-22,LAZ,62857,29081,33776,28596,33539,722,ITI,ITI4,12,Lazio,Lazio,5879082,6611417,112.46,1.07
213,2021-03-14,LAZ,17303,6781,10522,11853,5182,268,ITI,ITI4,12,Lazio,Lazio,5879082,6628720,112.75,0.29
214,2021-08-14,LAZ,2524,1427,1097,989,1503,32,ITI,ITI4,12,Lazio,Lazio,5879082,6631244,112.79,0.04
215,2021-08-16,LAZ,3694,2038,1656,2058,1575,61,ITI,ITI4,12,Lazio,Lazio,5879082,6634938,112.86,0.06
216,2021-01-17,LAZ,4957,2050,2907,4679,213,65,ITI,ITI4,12,Lazio,Lazio,5879082,6639895,112.94,0.08
217,2021-01-19,LAZ,4790,1968,2822,4333,454,3,ITI,ITI4,12,Lazio,Lazio,5879082,6644685,113.02,0.08
218,2021-04-29,LAZ,38865,17356,21509,24809,13373,683,ITI,ITI4,12,Lazio,Lazio,5879082,6683550,113.68,0.66
219,2021-03-03,LAZ,17914,7898,10016,13344,4314,256,ITI,ITI4,12,Lazio,Lazio,5879082,6701464,113.99,0.3
220,2021-08-09,LAZ,52625,26729,25896,21898,29659,1068,ITI,ITI4,12,Lazio,Lazio,5879082,6754089,114.88,0.9
221,2021-01-26,LAZ,7988,3134,4854,743,7245,0,ITI,ITI4,12,Lazio,Lazio,5879082,6762077,115.02,0.14
222,2021-04-02,LAZ,29565,14180,15385,21762,7399,404,ITI,ITI4,12,Lazio,Lazio,5879082,6791642,115.52,0.5
223,2021-07-11,LAZ,44159,22268,21891,3765,40241,153,ITI,ITI4,12,Lazio,Lazio,5879082,6835801,116.27,0.75
224,2021-01-28,LAZ,8338,3187,5151,835,7502,1,ITI,ITI4,12,Lazio,Lazio,5879082,6844139,116.42,0.14
225,2021-07-04,LAZ,46612,21702,24910,4124,42401,87,ITI,ITI4,12,Lazio,Lazio,5879082,6890751,117.21,0.79
226,2021-05-08,LAZ,45516,20782,24734,29323,15458,735,ITI,ITI4,12,Lazio,Lazio,5879082,6936267,117.98,0.77
227,2021-07-13,LAZ,42751,20959,21792,5513,36897,341,ITI,ITI4,12,Lazio,Lazio,5879082,6979018,118.71,0.73
228,2021-03-26,LAZ,30377,14074,16303,23010,6907,460,ITI,ITI4,12,Lazio,Lazio,5879082,7009395,119.23,0.52
229,2021-07-06,LAZ,62615,30386,32229,28560,33558,497,ITI,ITI4,12,Lazio,Lazio,5879082,7072010,120.29,1.07
230,2021-03-27,LAZ,26563,10809,15754,19496,6518,549,ITI,ITI4,12,Lazio,Lazio,5879082,7098573,120.74,0.45
231,2021-08-31,LAZ,30999,15347,15652,11656,18404,939,ITI,ITI4,12,Lazio,Lazio,5879082,7129572,121.27,0.53
232,2021-07-05,LAZ,61727,29714,32013,25599,35058,1070,ITI,ITI4,12,Lazio,Lazio,5879082,7191299,122.32,1.05
233,2021-05-23,LAZ,47185,22894,24291,39132,7408,645,ITI,ITI4,12,Lazio,Lazio,5879082,7238484,123.12,0.8
234,2021-05-09,LAZ,37572,17271,20301,25782,11289,501,ITI,ITI4,12,Lazio,Lazio,5879082,7276056,123.76,0.64
235,2021-08-17,LAZ,7954,4558,3396,3745,4113,96,ITI,ITI4,12,Lazio,Lazio,5879082,7284010,123.9,0.14
236,2021-07-12,LAZ,41451,20730,20721,5869,35350,232,ITI,ITI4,12,Lazio,Lazio,5879082,7325461,124.6,0.71
237,2021-05-16,LAZ,51024,24575,26449,36907,13516,601,ITI,ITI4,12,Lazio,Lazio,5879082,7376485,125.47,0.87
238,2021-08-24,LAZ,18696,9983,8713,11647,6338,711,ITI,ITI4,12,Lazio,Lazio,5879082,7395181,125.79,0.32
239,2021-06-28,LAZ,58976,28201,30775,27492,31034,450,ITI,ITI4,12,Lazio,Lazio,5879082,7454157,126.79,1.0
240,2021-02-12,LAZ,6872,2868,4004,6356,434,82,ITI,ITI4,12,Lazio,Lazio,5879082,7461029,126.91,0.12
241,2020-12-31,LAZ,5375,2151,3224,5315,0,60,ITI,ITI4,12,Lazio,Lazio,5879082,7466404,127.0,0.09
242,2021-04-10,LAZ,23957,10425,13532,16473,7208,276,ITI,ITI4,12,Lazio,Lazio,5879082,7490361,127.41,0.41
243,2021-02-05,LAZ,7343,3004,4339,1221,6118,4,ITI,ITI4,12,Lazio,Lazio,5879082,7497704,127.53,0.12
244,2021-04-03,LAZ,24863,11229,13634,17895,6740,228,ITI,ITI4,12,Lazio,Lazio,5879082,7522567,127.95,0.42
245,2021-02-19,LAZ,10098,5104,4994,9079,870,149,ITI,ITI4,12,Lazio,Lazio,5879082,7532665,128.13,0.17
246,2021-06-17,LAZ,67073,32280,34793,31816,34527,730,ITI,ITI4,12,Lazio,Lazio,5879082,7599738,129.27,1.14
247,2021-04-21,LAZ,33170,15077,18093,20237,12490,443,ITI,ITI4,12,Lazio,Lazio,5879082,7632908,129.83,0.56
248,2021-07-30,LAZ,55976,28995,26981,7396,48223,357,ITI,ITI4,12,Lazio,Lazio,5879082,7688884,130.78,0.95
249,2021-06-03,LAZ,56885,28744,28141,38290,17863,732,ITI,ITI4,12,Lazio,Lazio,5879082,7745769,131.75,0.97
250,2021-08-06,LAZ,33568,17643,15925,22350,10160,1058,ITI,ITI4,12,Lazio,Lazio,5879082,7779337,132.32,0.57
251,2021-06-10,LAZ,72267,34148,38119,37316,34098,853,ITI,ITI4,12,Lazio,Lazio,5879082,7851604,133.55,1.23
252,2021-04-14,LAZ,29405,13328,16077,18854,10198,353,ITI,ITI4,12,Lazio,Lazio,5879082,7881009,134.05,0.5
253,2021-07-23,LAZ,58490,29344,29146,26813,29903,1774,ITI,ITI4,12,Lazio,Lazio,5879082,7939499,135.05,0.99
254,2021-06-21,EMR,37598,19006,18592,16086,20894,618,ITH,ITH5,8,Emilia-Romagna,Emilia-Romagna,4459477,37598,0.84,0.84
255,2021-07-08,EMR,41351,20600,20751,4729,36204,418,ITH,ITH5,8,Emilia-Romagna,Emilia-Romagna,4459477,78949,1.77,0.93
256,2021-03-30,EMR,23343,10334,13009,17994,5042,307,ITH,ITH5,8,Emilia-Romagna,Emilia-Romagna,4459477,102292,2.29,0.52
257,2021-07-22,EMR,40372,21551,18821,15260,24195,917,ITH,ITH5,8,Emilia-Romagna,Emilia-Romagna,4459477,142664,3.2,0.91
258,2021-01-04,EMR,7308,2526,4782,7305,0,3,ITH,ITH5,8,Emilia-Romagna,Emilia-Romagna,4459477,149972,3.36,0.16
259,2021-04-16,EMR,29241,13764,15477,20014,8841,386,ITH,ITH5,8,Emilia-Romagna,Emilia-Romagna,4459477,179213,4.02,0.66
260,2021-01-06,EMR,8286,2954,5332,8285,0,1,ITH,ITH5,8,Emilia-Romagna,Emilia-Romagna,4459477,187499,4.2,0.19
261,2021-08-08,EMR,21613,11713,9900,10562,10497,554,ITH,ITH5,8,Emilia-Romagna,Emilia-Romagna,4459477,209112,4.69,0.48
262,2021-04-30,EMR,36656,16807,19849,21237,14809,610,ITH,ITH5,8,Emilia-Romagna,Emilia-Romagna,4459477,245768,5.51,0.82
263,2021-03-28,EMR,13546,6058,7488,9543,3885,118,ITH,ITH5,8,Emilia-Romagna,Emilia-Romagna,4459477,259314,5.81,0.3
264,2021-07-20,EMR,43135,22547,20588,6673,35781,681,ITH,ITH5,8,Emilia-Romagna,Emilia-Romagna,4459477,302449,6.78,0.97
265,2021-04-11,EMR,15285,6940,8345,11982,3049,254,ITH,ITH5,8,Emilia-Romagna,Emilia-Romagna,4459477,317734,7.12,0.34
266,2021-02-11,EMR,4256,1414,2842,3396,843,17,ITH,ITH5,8,Emilia-Romagna,Emilia-Romagna,4459477,321990,7.22,0.1
267,2021-02-18,EMR,7044,2892,4152,6440,588,16,ITH,ITH5,8,Emilia-Romagna,Emilia-Romagna,4459477,329034,7.38,0.16
268,2021-06-07,EMR,40571,20825,19746,33451,6263,857,ITH,ITH5,8,Emilia-Romagna,Emilia-Romagna,4459477,369605,8.29,0.91
269,2021-08-03,EMR,38501,20266,18235,15551,22288,662,ITH,ITH5,8,Emilia-Romagna,Emilia-Romagna,4459477,408106,9.15,0.86
270,2021-01-30,EMR,10093,3528,6565,136,9956,1,ITH,ITH5,8,Emilia-Romagna,Emilia-Romagna,4459477,418199,9.38,0.23
271,2021-05-12,EMR,38965,18311,20654,28474,9699,792,ITH,ITH5,8,Emilia-Romagna,Emilia-Romagna,4459477,457164,10.25,0.87
272,2021-02-01,EMR,10329,3618,6711,355,9972,2,ITH,ITH5,8,Emilia-Romagna,Emilia-Romagna,4459477,467493,10.48,0.23
273,2021-01-18,EMR,3131,881,2250,2448,680,3,ITH,ITH5,8,Emilia-Romagna,Emilia-Romagna,4459477,470624,10.55,0.07
274,2021-03-16,EMR,12254,5028,7226,4875,7314,65,ITH,ITH5,8,Emilia-Romagna,Emilia-Romagna,4459477,482878,10.83,0.27
275,2021-01-25,EMR,6465,2148,4317,205,6259,1,ITH,ITH5,8,Emilia-Romagna,Emilia-Romagna,4459477,489343,10.97,0.14
276,2021-07-01,EMR,34540,16881,17659,14811,18851,878,ITH,ITH5,8,Emilia-Romagna,Emilia-Romagna,4459477,523883,11.75,0.77
277,2021-03-23,EMR,18799,8146,10653,11946,6689,164,ITH,ITH5,8,Emilia-Romagna,Emilia-Romagna,4459477,542682,12.17,0.42
278,2021-08-17,EMR,22354,12284,10070,14468,6854,1032,ITH,ITH5,8,Emilia-Romagna,Emilia-Romagna,4459477,565036,12.67,0.5
279,2021-09-03,EMR,23653,12725,10928,6295,16757,601,ITH,ITH5,8,Emilia-Romagna,Emilia-Romagna,4459477,588689,13.2,0.53
280,2021-05-26,EMR,33348,14757,18591,9928,23034,386,ITH,ITH5,8,Emilia-Romagna,Emilia-Romagna,4459477,622037,13.95,0.75
281,2021-06-12,EMR,41388,21886,19502,35472,4919,997,ITH,ITH5,8,Emilia-Romagna,Emilia-Romagna,4459477,663425,14.88,0.93
282,2021-03-04,EMR,16458,5350,11108,13343,3025,90,ITH,ITH5,8,Emilia-Romagna,Emilia-Romagna,4459477,679883,15.25,0.37
283,2021-05-24,EMR,30012,13740,16272,17968,11530,514,ITH,ITH5,8,Emilia-Romagna,Emilia-Romagna,4459477,709895,15.92,0.67
284,2021-02-13,EMR,3630,1086,2544,3017,599,14,ITH,ITH5,8,Emilia-Romagna,Emilia-Romagna,4459477,713525,16.0,0.08
285,2021-01-23,EMR,2448,871,1577,439,2009,0,ITH,ITH5,8,Emilia-Romagna,Emilia-Romagna,4459477,715973,16.06,0.05
286,2021-05-07,EMR,35337,16985,18352,22673,11892,772,ITH,ITH5,8,Emilia-Romagna,Emilia-Romagna,4459477,751310,16.85,0.79
287,2021-07-03,EMR,32124,15936,16188,11411,20021,692,ITH,ITH5,8,Emilia-Romagna,Emilia-Romagna,4459477,783434,17.57,0.72
288,2021-08-29,EMR,20578,11384,9194,8471,11253,854,ITH,ITH5,8,Emilia-Romagna,Emilia-Romagna,4459477,804012,18.03,0.46
289,2021-08-27,EMR,27844,14977,12867,6925,20186,733,ITH,ITH5,8,Emilia-Romagna,Emilia-Romagna,4459477,831856,18.65,0.62
290,2021-05-19,EMR,33841,14997,18844,18040,15268,533,ITH,ITH5,8,Emilia-Romagna,Emilia-Romagna,4459477,865697,19.41,0.76
291,2021-06-02,EMR,24123,12071,12052,18685,4979,459,ITH,ITH5,8,Emilia-Romagna,Emilia-Romagna,4459477,889820,19.95,0.54
292,2021-02-25,EMR,9249,3498,5751,8271,955,23,ITH,ITH5,8,Emilia-Romagna,Emilia-Romagna,4459477,899069,20.16,0.21
293,2021-06-19,EMR,36693,18365,18328,16744,19405,544,ITH,ITH5,8,Emilia-Romagna,Emilia-Romagna,4459477,935762,20.98,0.82
294,2021-03-11,EMR,17497,7331,10166,11454,5856,187,ITH,ITH5,8,Emilia-Romagna,Emilia-Romagna,4459477,953259,21.38,0.39
295,2021-02-06,EMR,7602,2407,5195,2108,5490,4,ITH,ITH5,8,Emilia-Romagna,Emilia-Romagna,4459477,960861,21.55,0.17
296,2021-07-29,EMR,40784,21524,19260,14514,25547,723,ITH,ITH5,8,Emilia-Romagna,Emilia-Romagna,4459477,1001645,22.46,0.91
297,2021-07-27,EMR,41124,21848,19276,17020,23321,783,ITH,ITH5,8,Emilia-Romagna,Emilia-Romagna,4459477,1042769,23.38,0.92
298,2021-04-18,EMR,17527,8406,9121,12364,4934,229,ITH,ITH5,8,Emilia-Romagna,Emilia-Romagna,4459477,1060296,23.78,0.39
299,2021-06-14,EMR,41344,21374,19970,27461,13088,795,ITH,ITH5,8,Emilia-Romagna,Emilia-Romagna,4459477,1101640,24.7,0.93
300,2021-05-31,EMR,29815,13777,16038,17731,11532,552,ITH,ITH5,8,Emilia-Romagna,Emilia-Romagna,4459477,1131455,25.37,0.67
301,2021-02-20,EMR,5318,2094,3224,5048,263,7,ITH,ITH5,8,Emilia-Romagna,Emilia-Romagna,4459477,1136773,25.49,0.12
302,2021-01-15,EMR,7754,2406,5348,7746,0,8,ITH,ITH5,8,Emilia-Romagna,Emilia-Romagna,4459477,1144527,25.67,0.17
303,2021-07-15,EMR,50392,26247,24145,7898,41788,706,ITH,ITH5,8,Emilia-Romagna,Emilia-Romagna,4459477,1194919,26.8,1.13
304,2021-04-23,EMR,29581,13816,15765,14306,14896,379,ITH,ITH5,8,Emilia-Romagna,Emilia-Romagna,4459477,1224500,27.46,0.66
305,2021-01-13,EMR,9078,2943,6135,9073,0,5,ITH,ITH5,8,Emilia-Romagna,Emilia-Romagna,4459477,1233578,27.66,0.2
306,2021-04-04,EMR,9883,4719,5164,7529,2271,83,ITH,ITH5,8,Emilia-Romagna,Emilia-Romagna,4459477,1243461,27.88,0.22
307,2021-01-11,EMR,9352,3278,6074,9343,0,9,ITH,ITH5,8,Emilia-Romagna,Emilia-Romagna,4459477,1252813,28.09,0.21
308,2021-03-09,EMR,14805,6036,8769,10755,3954,96,ITH,ITH5,8,Emilia-Romagna,Emilia-Romagna,4459477,1267618,28.43,0.33
309,2021-05-05,EMR,30143,14003,16140,18306,11273,564,ITH,ITH5,8,Emilia-Romagna,Emilia-Romagna,4459477,1297761,29.1,0.68
310,2021-09-05,EMR,16752,8971,7781,6111,9925,716,ITH,ITH5,8,Emilia-Romagna,Emilia-Romagna,4459477,1314513,29.48,0.38
311,2021-08-15,EMR,6648,3690,2958,3282,3199,167,ITH,ITH5,8,Emilia-Romagna,Emilia-Romagna,4459477,1321161,29.63,0.15
312,2021-06-26,EMR,37482,18995,18487,21009,15537,936,ITH,ITH5,8,Emilia-Romagna,Emilia-Romagna,4459477,1358643,30.47,0.84
313,2021-08-22,EMR,16457,9036,7421,6722,9101,634,ITH,ITH5,8,Emilia-Romagna,Emilia-Romagna,4459477,1375100,30.84,0.37
314,2021-07-10,EMR,42096,21435,20661,6804,34645,647,ITH,ITH5,8,Emilia-Romagna,Emilia-Romagna,4459477,1417196,31.78,0.94
315,2021-08-10,EMR,31318,16753,14565,15316,14912,1090,ITH,ITH5,8,Emilia-Romagna,Emilia-Romagna,4459477,1448514,32.48,0.7
316,2021-03-13,EMR,16143,6363,9780,10593,5314,236,ITH,ITH5,8,Emilia-Romagna,Emilia-Romagna,4459477,1464657,32.84,0.36
317,2021-07-05,EMR,33237,16206,17031,11202,21380,655,ITH,ITH5,8,Emilia-Romagna,Emilia-Romagna,4459477,1497894,33.59,0.75
318,2021-03-27,EMR,21680,9072,12608,14522,6911,247,ITH,ITH5,8,Emilia-Romagna,Emilia-Romagna,4459477,1519574,34.08,0.49
319,2021-04-13,EMR,23726,11131,12595,19033,4344,349,ITH,ITH5,8,Emilia-Romagna,Emilia-Romagna,4459477,1543300,34.61,0.53
320,2021-01-03,EMR,2764,945,1819,2764,0,0,ITH,ITH5,8,Emilia-Romagna,Emilia-Romagna,4459477,1546064,34.67,0.06
321,2021-01-10,EMR,7172,2686,4486,7171,0,1,ITH,ITH5,8,Emilia-Romagna,Emilia-Romagna,4459477,1553236,34.83,0.16
322,2021-06-16,EMR,45963,23540,22423,25256,19963,744,ITH,ITH5,8,Emilia-Romagna,Emilia-Romagna,4459477,1599199,35.86,1.03
323,2021-03-08,EMR,12218,5100,7118,9470,2663,85,ITH,ITH5,8,Emilia-Romagna,Emilia-Romagna,4459477,1611417,36.13,0.27
324,2021-06-09,EMR,43159,21920,21239,35714,6430,1015,ITH,ITH5,8,Emilia-Romagna,Emilia-Romagna,4459477,1654576,37.1,0.97
325,2021-03-01,EMR,10103,3584,6519,7816,2262,25,ITH,ITH5,8,Emilia-Romagna,Emilia-Romagna,4459477,1664679,37.33,0.23
326,2021-08-05,EMR,36752,19449,17303,18354,17408,990,ITH,ITH5,8,Emilia-Romagna,Emilia-Romagna,4459477,1701431,38.15,0.82
327,2021-08-12,EMR,27687,15042,12645,19247,6877,1563,ITH,ITH5,8,Emilia-Romagna,Emilia-Romagna,4459477,1729118,38.77,0.62
328,2021-05-04,EMR,29312,13727,15585,15165,13671,476,ITH,ITH5,8,Emilia-Romagna,Emilia-Romagna,4459477,1758430,39.43,0.66
329,2021-02-27,EMR,10970,3999,6971,9195,1742,33,ITH,ITH5,8,Emilia-Romagna,Emilia-Romagna,4459477,1769400,39.68,0.25
330,2021-04-25,EMR,22360,10244,12116,14403,7515,442,ITH,ITH5,8,Emilia-Romagna,Emilia-Romagna,4459477,1791760,40.18,0.5
331,2021-06-30,EMR,34259,17289,16970,17702,15666,891,ITH,ITH5,8,Emilia-Romagna,Emilia-Romagna,4459477,1826019,40.95,0.77
332,2021-07-17,EMR,43663,23052,20611,7175,35748,740,ITH,ITH5,8,Emilia-Romagna,Emilia-Romagna,4459477,1869682,41.93,0.98
333,2021-06-11,EMR,45986,23869,22117,38333,6557,1096,ITH,ITH5,8,Emilia-Romagna,Emilia-Romagna,4459477,1915668,42.96,1.03
334,2021-06-28,EMR,40074,19664,20410,19626,19579,869,ITH,ITH5,8,Emilia-Romagna,Emilia-Romagna,4459477,1955742,43.86,0.9
335,2021-08-31,EMR,27929,14847,13082,8299,18573,1057,ITH,ITH5,8,Emilia-Romagna,Emilia-Romagna,4459477,1983671,44.48,0.63
336,2021-05-23,EMR,25506,11868,13638,13580,11609,317,ITH,ITH5,8,Emilia-Romagna,Emilia-Romagna,4459477,2009177,45.05,0.57
337,2021-07-19,EMR,41995,22120,19875,6632,34766,597,ITH,ITH5,8,Emilia-Romagna,Emilia-Romagna,4459477,2051172,46.0,0.94
338,2021-08-26,EMR,27577,14716,12861,9343,17285,949,ITH,ITH5,8,Emilia-Romagna,Emilia-Romagna,4459477,2078749,46.61,0.62
339,2021-06-04,EMR,45762,23028,22734,36810,8204,748,ITH,ITH5,8,Emilia-Romagna,Emilia-Romagna,4459477,2124511,47.64,1.03
340,2021-05-09,EMR,25644,12269,13375,18279,6973,392,ITH,ITH5,8,Emilia-Romagna,Emilia-Romagna,4459477,2150155,48.22,0.58
341,2021-01-29,EMR,10427,3500,6927,290,10137,0,ITH,ITH5,8,Emilia-Romagna,Emilia-Romagna,4459477,2160582,48.45,0.23
342,2021-02-15,EMR,2902,850,2052,2709,125,68,ITH,ITH5,8,Emilia-Romagna,Emilia-Romagna,4459477,2163484,48.51,0.07
343,2021-01-27,EMR,8371,2951,5420,461,7910,0,ITH,ITH5,8,Emilia-Romagna,Emilia-Romagna,4459477,2171855,48.7,0.19
344,2021-07-31,EMR,36216,19228,16988,12138,23377,701,ITH,ITH5,8,Emilia-Romagna,Emilia-Romagna,4459477,2208071,49.51,0.81
345,2021-05-02,EMR,25595,11656,13939,13190,12000,405,ITH,ITH5,8,Emilia-Romagna,Emilia-Romagna,4459477,2233666,50.09,0.57
346,2021-01-22,EMR,1829,476,1353,1086,741,2,ITH,ITH5,8,Emilia-Romagna,Emilia-Romagna,4459477,2235495,50.13,0.04
347,2021-08-24,EMR,23306,12662,10644,10446,11753,1107,ITH,ITH5,8,Emilia-Romagna,Emilia-Romagna,4459477,2258801,50.65,0.52
348,2021-02-08,EMR,5238,1537,3701,2317,2918,3,ITH,ITH5,8,Emilia-Romagna,Emilia-Romagna,4459477,2264039,50.77,0.12
349,2021-05-16,EMR,25888,12180,13708,18363,7145,380,ITH,ITH5,8,Emilia-Romagna,Emilia-Romagna,4459477,2289927,51.35,0.58
350,2021-02-22,EMR,7486,3093,4393,7200,273,13,ITH,ITH5,8,Emilia-Romagna,Emilia-Romagna,4459477,2297413,51.52,0.17
351,2021-03-20,EMR,16090,6829,9261,8956,6966,168,ITH,ITH5,8,Emilia-Romagna,Emilia-Romagna,4459477,2313503,51.88,0.36
352,2021-04-06,EMR,24766,11180,13586,19726,4751,289,ITH,ITH5,8,Emilia-Romagna,Emilia-Romagna,4459477,2338269,52.43,0.56
353,2020-12-27,EMR,970,374,596,970,0,0,ITH,ITH5,8,Emilia-Romagna,Emilia-Romagna,4459477,2339239,52.46,0.02
354,2021-06-13,EMR,28771,15010,13761,23813,4286,672,ITH,ITH5,8,Emilia-Romagna,Emilia-Romagna,4459477,2368010,53.1,0.65
355,2021-03-05,EMR,17919,5862,12057,14291,3503,125,ITH,ITH5,8,Emilia-Romagna,Emilia-Romagna,4459477,2385929,53.5,0.4
356,2021-03-22,EMR,17658,7820,9838,10615,6871,172,ITH,ITH5,8,Emilia-Romagna,Emilia-Romagna,4459477,2403587,53.9,0.4
357,2021-03-03,EMR,15896,5268,10628,13356,2487,53,ITH,ITH5,8,Emilia-Romagna,Emilia-Romagna,4459477,2419483,54.25,0.36
358,2021-08-07,EMR,30953,17024,13929,17675,12208,1070,ITH,ITH5,8,Emilia-Romagna,Emilia-Romagna,4459477,2450436,54.95,0.69
359,2021-04-27,EMR,32134,14874,17260,19234,12470,430,ITH,ITH5,8,Emilia-Romagna,Emilia-Romagna,4459477,2482570,55.67,0.72
360,2021-07-12,EMR,44070,22330,21740,5427,38133,510,ITH,ITH5,8,Emilia-Romagna,Emilia-Romagna,4459477,2526640,56.66,0.99
361,2021-02-12,EMR,5329,1678,3651,3899,1407,23,ITH,ITH5,8,Emilia-Romagna,Emilia-Romagna,4459477,2531969,56.78,0.12
362,2021-04-10,EMR,20938,9304,11634,16455,4148,335,ITH,ITH5,8,Emilia-Romagna,Emilia-Romagna,4459477,2552907,57.25,0.47
363,2021-04-17,EMR,27320,13084,14236,17575,9354,391,ITH,ITH5,8,Emilia-Romagna,Emilia-Romagna,4459477,2580227,57.86,0.61
364,2021-01-07,EMR,10289,3406,6883,10285,0,4,ITH,ITH5,8,Emilia-Romagna,Emilia-Romagna,4459477,2590516,58.09,0.23
365,2021-04-03,EMR,19966,8761,11205,15955,3800,211,ITH,ITH5,8,Emilia-Romagna,Emilia-Romagna,4459477,2610482,58.54,0.45
366,2021-05-30,EMR,27103,12809,14294,12985,13713,405,ITH,ITH5,8,Emilia-Romagna,Emilia-Romagna,4459477,2637585,59.15,0.61
367,2021-02-19,EMR,7328,3010,4318,6800,514,14,ITH,ITH5,8,Emilia-Romagna,Emilia-Romagna,4459477,2644913,59.31,0.16
368,2021-08-14,EMR,15792,8907,6885,8313,7024,455,ITH,ITH5,8,Emilia-Romagna,Emilia-Romagna,4459477,2660705,59.66,0.35
369,2021-05-06,EMR,35983,16627,19356,22151,13102,730,ITH,ITH5,8,Emilia-Romagna,Emilia-Romagna,4459477,2696688,60.47,0.81
370,2021-01-26,EMR,8339,3002,5337,209,8129,1,ITH,ITH5,8,Emilia-Romagna,Emilia-Romagna,4459477,2705027,60.66,0.19
371,2021-07-02,EMR,34759,17093,17666,12382,21723,654,ITH,ITH5,8,Emilia-Romagna,Emilia-Romagna,4459477,2739786,61.44,0.78
372,2021-03-24,EMR,21240,9413,11827,13630,7387,223,ITH,ITH5,8,Emilia-Romagna,Emilia-Romagna,4459477,2761026,61.91,0.48
373,2021-01-24,EMR,2446,887,1559,298,2148,0,ITH,ITH5,8,Emilia-Romagna,Emilia-Romagna,4459477,2763472,61.97,0.05
374,2021-01-20,EMR,1331,269,1062,1329,1,1,ITH,ITH5,8,Emilia-Romagna,Emilia-Romagna,4459477,2764803,62.0,0.03
375,2021-07-24,EMR,38871,20963,17908,17262,20632,977,ITH,ITH5,8,Emilia-Romagna,Emilia-Romagna,4459477,2803674,62.87,0.87
376,2021-04-15,EMR,29367,13986,15381,19241,9682,444,ITH,ITH5,8,Emilia-Romagna,Emilia-Romagna,4459477,2833041,63.53,0.66
377,2021-06-18,EMR,42791,21456,21335,16295,25931,565,ITH,ITH5,8,Emilia-Romagna,Emilia-Romagna,4459477,2875832,64.49,0.96
378,2021-08-19,EMR,21520,11557,9963,11905,8723,892,ITH,ITH5,8,Emilia-Romagna,Emilia-Romagna,4459477,2897352,64.97,0.48
379,2021-05-28,EMR,41300,18965,22335,17270,23432,598,ITH,ITH5,8,Emilia-Romagna,Emilia-Romagna,4459477,2938652,65.9,0.93
380,2021-07-09,EMR,44921,22953,21968,5416,39082,423,ITH,ITH5,8,Emilia-Romagna,Emilia-Romagna,4459477,2983573,66.9,1.01
381,2021-01-17,EMR,2895,890,2005,2645,249,1,ITH,ITH5,8,Emilia-Romagna,Emilia-Romagna,4459477,2986468,66.97,0.06
382,2021-04-02,EMR,23368,10533,12835,18552,4488,328,ITH,ITH5,8,Emilia-Romagna,Emilia-Romagna,4459477,3009836,67.49,0.52
383,2021-09-06,EMR,19634,10359,9275,5368,13661,605,ITH,ITH5,8,Emilia-Romagna,Emilia-Romagna,4459477,3029470,67.93,0.44
384,2021-05-29,EMR,37952,16522,21430,16663,20765,524,ITH,ITH5,8,Emilia-Romagna,Emilia-Romagna,4459477,3067422,68.78,0.85
385,2021-07-11,EMR,30399,15243,15156,2758,27372,269,ITH,ITH5,8,Emilia-Romagna,Emilia-Romagna,4459477,3097821,69.47,0.68
386,2021-08-09,EMR,30217,16121,14096,16608,12556,1053,ITH,ITH5,8,Emilia-Romagna,Emilia-Romagna,4459477,3128038,70.14,0.68
387,2021-05-01,EMR,28432,12782,15650,15278,12795,359,ITH,ITH5,8,Emilia-Romagna,Emilia-Romagna,4459477,3156470,70.78,0.64
388,2021-04-22,EMR,29060,13455,15605,14616,14080,364,ITH,ITH5,8,Emilia-Romagna,Emilia-Romagna,4459477,3185530,71.43,0.65
389,2021-01-12,EMR,9482,3126,6356,9473,0,9,ITH,ITH5,8,Emilia-Romagna,Emilia-Romagna,4459477,3195012,71.65,0.21
390,2021-07-16,EMR,49790,26282,23508,7039,42082,669,ITH,ITH5,8,Emilia-Romagna,Emilia-Romagna,4459477,3244802,72.76,1.12
391,2021-06-27,EMR,29597,14893,14704,16191,12734,672,ITH,ITH5,8,Emilia-Romagna,Emilia-Romagna,4459477,3274399,73.43,0.66
392,2021-07-14,EMR,47974,24544,23430,5591,41849,534,ITH,ITH5,8,Emilia-Romagna,Emilia-Romagna,4459477,3322373,74.5,1.08
393,2021-04-05,EMR,14855,6809,8046,11786,2894,175,ITH,ITH5,8,Emilia-Romagna,Emilia-Romagna,4459477,3337228,74.83,0.33
394,2021-08-02,EMR,38520,20353,18167,14768,23088,664,ITH,ITH5,8,Emilia-Romagna,Emilia-Romagna,4459477,3375748,75.7,0.86
395,2021-04-24,EMR,28655,13251,15404,14064,14242,349,ITH,ITH5,8,Emilia-Romagna,Emilia-Romagna,4459477,3404403,76.34,0.64
396,2021-05-11,EMR,35819,16805,19014,27863,7262,694,ITH,ITH5,8,Emilia-Romagna,Emilia-Romagna,4459477,3440222,77.14,0.8
397,2021-01-31,EMR,7709,2771,4938,240,7469,0,ITH,ITH5,8,Emilia-Romagna,Emilia-Romagna,4459477,3447931,77.32,0.17
398,2021-09-04,EMR,23588,12828,10760,8294,14407,887,ITH,ITH5,8,Emilia-Romagna,Emilia-Romagna,4459477,3471519,77.85,0.53
399,2021-08-16,EMR,20211,10864,9347,12622,6574,1015,ITH,ITH5,8,Emilia-Romagna,Emilia-Romagna,4459477,3491730,78.3,0.45
400,2021-09-02,EMR,24913,13231,11682,6469,17761,683,ITH,ITH5,8,Emilia-Romagna,Emilia-Romagna,4459477,3516643,78.86,0.56
401,2021-05-25,EMR,25242,11239,14003,11300,13512,430,ITH,ITH5,8,Emilia-Romagna,Emilia-Romagna,4459477,3541885,79.42,0.57
402,2021-02-14,EMR,1402,378,1024,1274,120,8,ITH,ITH5,8,Emilia-Romagna,Emilia-Romagna,4459477,3543287,79.46,0.03
403,2021-05-27,EMR,42349,18770,23579,13555,28286,508,ITH,ITH5,8,Emilia-Romagna,Emilia-Romagna,4459477,3585636,80.4,0.95
404,2021-02-16,EMR,5773,2447,3326,5228,531,14,ITH,ITH5,8,Emilia-Romagna,Emilia-Romagna,4459477,3591409,80.53,0.13
405,2021-08-01,EMR,30036,16158,13878,10268,19359,409,ITH,ITH5,8,Emilia-Romagna,Emilia-Romagna,4459477,3621445,81.21,0.67
406,2021-04-20,EMR,22653,10418,12235,13886,8367,400,ITH,ITH5,8,Emilia-Romagna,Emilia-Romagna,4459477,3644098,81.72,0.51
407,2021-06-23,EMR,38077,19096,18981,18474,18885,718,ITH,ITH5,8,Emilia-Romagna,Emilia-Romagna,4459477,3682175,82.57,0.85
408,2021-01-08,EMR,10872,3583,7289,10869,0,3,ITH,ITH5,8,Emilia-Romagna,Emilia-Romagna,4459477,3693047,82.81,0.24
409,2021-03-06,EMR,21034,5970,15064,18167,2743,124,ITH,ITH5,8,Emilia-Romagna,Emilia-Romagna,4459477,3714081,83.29,0.47
410,2021-03-10,EMR,18811,7742,11069,12982,5647,182,ITH,ITH5,8,Emilia-Romagna,Emilia-Romagna,4459477,3732892,83.71,0.42
411,2021-05-18,EMR,29236,13281,15955,18100,10647,489,ITH,ITH5,8,Emilia-Romagna,Emilia-Romagna,4459477,3762128,84.36,0.66
412,2021-02-07,EMR,4791,1537,3254,1724,3065,2,ITH,ITH5,8,Emilia-Romagna,Emilia-Romagna,4459477,3766919,84.47,0.11
413,2021-02-24,EMR,9359,3568,5791,8453,890,16,ITH,ITH5,8,Emilia-Romagna,Emilia-Romagna,4459477,3776278,84.68,0.21
414,2021-01-05,EMR,9364,3171,6193,9360,0,4,ITH,ITH5,8,Emilia-Romagna,Emilia-Romagna,4459477,3785642,84.89,0.21
415,2021-04-29,EMR,44991,21152,23839,26607,17564,820,ITH,ITH5,8,Emilia-Romagna,Emilia-Romagna,4459477,3830633,85.9,1.01
416,2021-01-19,EMR,2051,508,1543,2033,17,1,ITH,ITH5,8,Emilia-Romagna,Emilia-Romagna,4459477,3832684,85.94,0.05
417,2021-07-07,EMR,37913,19147,18766,13401,23712,800,ITH,ITH5,8,Emilia-Romagna,Emilia-Romagna,4459477,3870597,86.79,0.85
418,2021-03-29,EMR,21434,9619,11815,16539,4664,231,ITH,ITH5,8,Emilia-Romagna,Emilia-Romagna,4459477,3892031,87.28,0.48
419,2021-02-21,EMR,4448,1706,2742,3998,440,10,ITH,ITH5,8,Emilia-Romagna,Emilia-Romagna,4459477,3896479,87.38,0.1
420,2021-07-25,EMR,28473,15178,13295,10550,17439,484,ITH,ITH5,8,Emilia-Romagna,Emilia-Romagna,4459477,3924952,88.01,0.64
421,2021-07-26,EMR,39560,21094,18466,15906,22879,775,ITH,ITH5,8,Emilia-Romagna,Emilia-Romagna,4459477,3964512,88.9,0.89
422,2020-12-31,EMR,2212,778,1434,2211,0,1,ITH,ITH5,8,Emilia-Romagna,Emilia-Romagna,4459477,3966724,88.95,0.05
423,2021-06-06,EMR,36602,19001,17601,31543,4415,644,ITH,ITH5,8,Emilia-Romagna,Emilia-Romagna,4459477,4003326,89.77,0.82
424,2021-02-26,EMR,9643,3677,5966,8563,1054,26,ITH,ITH5,8,Emilia-Romagna,Emilia-Romagna,4459477,4012969,89.99,0.22
425,2021-03-31,EMR,25285,11053,14232,19505,5473,307,ITH,ITH5,8,Emilia-Romagna,Emilia-Romagna,4459477,4038254,90.55,0.57
426,2021-07-13,EMR,48493,24838,23655,6468,41337,688,ITH,ITH5,8,Emilia-Romagna,Emilia-Romagna,4459477,4086747,91.64,1.09
427,2021-07-04,EMR,24271,12069,12202,10173,13607,491,ITH,ITH5,8,Emilia-Romagna,Emilia-Romagna,4459477,4111018,92.19,0.54
428,2021-03-26,EMR,23737,10125,13612,17021,6443,273,ITH,ITH5,8,Emilia-Romagna,Emilia-Romagna,4459477,4134755,92.72,0.53
429,2021-06-29,EMR,37729,18607,19122,18134,18796,799,ITH,ITH5,8,Emilia-Romagna,Emilia-Romagna,4459477,4172484,93.56,0.85
430,2021-03-21,EMR,11959,5296,6663,7260,4606,93,ITH,ITH5,8,Emilia-Romagna,Emilia-Romagna,4459477,4184443,93.83,0.27
431,2021-06-10,EMR,45102,23169,21933,38685,5386,1031,ITH,ITH5,8,Emilia-Romagna,Emilia-Romagna,4459477,4229545,94.84,1.01
432,2021-03-02,EMR,12663,4273,8390,10513,2092,58,ITH,ITH5,8,Emilia-Romagna,Emilia-Romagna,4459477,4242208,95.13,0.28
433,2021-03-19,EMR,15919,6970,8949,7790,7971,158,ITH,ITH5,8,Emilia-Romagna,Emilia-Romagna,4459477,4258127,95.48,0.36
434,2021-08-18,EMR,22245,12182,10063,14540,6642,1063,ITH,ITH5,8,Emilia-Romagna,Emilia-Romagna,4459477,4280372,95.98,0.5
435,2021-05-10,EMR,33895,16151,17744,26005,7263,627,ITH,ITH5,8,Emilia-Romagna,Emilia-Romagna,4459477,4314267,96.74,0.76
436,2021-07-30,EMR,39859,21413,18446,15667,23464,728,ITH,ITH5,8,Emilia-Romagna,Emilia-Romagna,4459477,4354126,97.64,0.89
437,2021-04-21,EMR,23975,10972,13003,13868,9744,363,ITH,ITH5,8,Emilia-Romagna,Emilia-Romagna,4459477,4378101,98.18,0.54
438,2021-05-08,EMR,32379,15112,17267,20399,11438,542,ITH,ITH5,8,Emilia-Romagna,Emilia-Romagna,4459477,4410480,98.9,0.73
439,2021-01-28,EMR,10263,3343,6920,348,9915,0,ITH,ITH5,8,Emilia-Romagna,Emilia-Romagna,4459477,4420743,99.13,0.23
440,2021-08-06,EMR,34651,18585,16066,18772,14987,892,ITH,ITH5,8,Emilia-Romagna,Emilia-Romagna,4459477,4455394,99.91,0.78
441,2021-04-28,EMR,33752,15604,18148,20263,12899,590,ITH,ITH5,8,Emilia-Romagna,Emilia-Romagna,4459477,4489146,100.67,0.76
442,2021-06-24,EMR,40649,20415,20234,20274,19569,806,ITH,ITH5,8,Emilia-Romagna,Emilia-Romagna,4459477,4529795,101.58,0.91
443,2021-08-20,EMR,19691,10724,8967,10214,8506,971,ITH,ITH5,8,Emilia-Romagna,Emilia-Romagna,4459477,4549486,102.02,0.44
444,2021-06-17,EMR,46708,23666,23042,21786,24226,696,ITH,ITH5,8,Emilia-Romagna,Emilia-Romagna,4459477,4596194,103.07,1.05
445,2021-08-13,EMR,21249,11796,9453,14258,6083,908,ITH,ITH5,8,Emilia-Romagna,Emilia-Romagna,4459477,4617443,103.54,0.48
446,2021-08-11,EMR,27741,14869,12872,12056,14874,811,ITH,ITH5,8,Emilia-Romagna,Emilia-Romagna,4459477,4645184,104.16,0.62
447,2021-08-25,EMR,25114,13533,11581,9551,14599,964,ITH,ITH5,8,Emilia-Romagna,Emilia-Romagna,4459477,4670298,104.73,0.56
448,2021-01-02,EMR,2379,917,1462,2379,0,0,ITH,ITH5,8,Emilia-Romagna,Emilia-Romagna,4459477,4672677,104.78,0.05
449,2021-06-05,EMR,44320,22382,21938,36620,6923,777,ITH,ITH5,8,Emilia-Romagna,Emilia-Romagna,4459477,4716997,105.77,0.99
450,2021-06-22,EMR,36542,18199,18343,16266,19637,639,ITH,ITH5,8,Emilia-Romagna,Emilia-Romagna,4459477,4753539,106.59,0.82
451,2021-07-06,EMR,36814,18510,18304,12923,23198,693,ITH,ITH5,8,Emilia-Romagna,Emilia-Romagna,4459477,4790353,107.42,0.83
452,2021-05-17,EMR,32482,15415,17067,22334,9565,583,ITH,ITH5,8,Emilia-Romagna,Emilia-Romagna,4459477,4822835,108.15,0.73
453,2021-04-07,EMR,26888,12306,14582,20463,6079,346,ITH,ITH5,8,Emilia-Romagna,Emilia-Romagna,4459477,4849723,108.75,0.6
454,2021-01-14,EMR,8130,2596,5534,8121,0,9,ITH,ITH5,8,Emilia-Romagna,Emilia-Romagna,4459477,4857853,108.93,0.18
455,2021-02-05,EMR,9310,2963,6347,1617,7689,4,ITH,ITH5,8,Emilia-Romagna,Emilia-Romagna,4459477,4867163,109.14,0.21
456,2021-06-20,EMR,30748,15598,15150,15595,14671,482,ITH,ITH5,8,Emilia-Romagna,Emilia-Romagna,4459477,4897911,109.83,0.69
457,2021-07-23,EMR,40429,21903,18526,19811,19484,1134,ITH,ITH5,8,Emilia-Romagna,Emilia-Romagna,4459477,4938340,110.74,0.91
458,2021-04-14,EMR,27062,12851,14211,20521,6114,427,ITH,ITH5,8,Emilia-Romagna,Emilia-Romagna,4459477,4965402,111.34,0.61
459,2021-01-21,EMR,2167,730,1437,819,1348,0,ITH,ITH5,8,Emilia-Romagna,Emilia-Romagna,4459477,4967569,111.39,0.05
460,2021-06-03,EMR,37936,18443,19493,29687,7560,689,ITH,ITH5,8,Emilia-Romagna,Emilia-Romagna,4459477,5005505,112.24,0.85
461,2021-02-23,EMR,8217,3219,4998,7819,386,12,ITH,ITH5,8,Emilia-Romagna,Emilia-Romagna,4459477,5013722,112.43,0.18
462,2021-03-12,EMR,18324,7709,10615,11308,6721,295,ITH,ITH5,8,Emilia-Romagna,Emilia-Romagna,4459477,5032046,112.84,0.41
463,2021-08-28,EMR,26263,14526,11737,8616,16829,818,ITH,ITH5,8,Emilia-Romagna,Emilia-Romagna,4459477,5058309,113.43,0.59
464,2021-05-20,EMR,40412,18344,22068,18392,21502,518,ITH,ITH5,8,Emilia-Romagna,Emilia-Romagna,4459477,5098721,114.33,0.91
465,2021-08-23,EMR,22570,11750,10820,11806,9468,1296,ITH,ITH5,8,Emilia-Romagna,Emilia-Romagna,4459477,5121291,114.84,0.51
466,2021-06-25,EMR,42864,21812,21052,19747,22317,800,ITH,ITH5,8,Emilia-Romagna,Emilia-Romagna,4459477,5164155,115.8,0.96
467,2021-03-17,EMR,13731,5699,8032,5818,7855,58,ITH,ITH5,8,Emilia-Romagna,Emilia-Romagna,4459477,5177886,116.11,0.31
468,2021-08-21,EMR,19074,10672,8402,10415,7764,895,ITH,ITH5,8,Emilia-Romagna,Emilia-Romagna,4459477,5196960,116.54,0.43
469,2021-05-13,EMR,35859,16517,19342,27290,7851,718,ITH,ITH5,8,Emilia-Romagna,Emilia-Romagna,4459477,5232819,117.34,0.8
470,2021-03-15,EMR,13460,6251,7209,6851,6507,102,ITH,ITH5,8,Emilia-Romagna,Emilia-Romagna,4459477,5246279,117.64,0.3
471,2021-02-09,EMR,4161,1253,2908,2307,1853,1,ITH,ITH5,8,Emilia-Romagna,Emilia-Romagna,4459477,5250440,117.74,0.09
472,2021-09-01,EMR,22578,12034,10544,7170,14663,745,ITH,ITH5,8,Emilia-Romagna,Emilia-Romagna,4459477,5273018,118.24,0.51
473,2021-05-15,EMR,33295,14998,18297,22218,10437,640,ITH,ITH5,8,Emilia-Romagna,Emilia-Romagna,4459477,5306313,118.99,0.75
474,2021-02-04,EMR,9934,3207,6727,1236,8697,1,ITH,ITH5,8,Emilia-Romagna,Emilia-Romagna,4459477,5316247,119.21,0.22
475,2021-05-22,EMR,33166,14158,19008,16473,16236,457,ITH,ITH5,8,Emilia-Romagna,Emilia-Romagna,4459477,5349413,119.96,0.74
476,2021-07-18,EMR,34582,17916,16666,8191,25823,568,ITH,ITH5,8,Emilia-Romagna,Emilia-Romagna,4459477,5383995,120.73,0.78
477,2021-04-09,EMR,25803,11695,14108,19528,5761,514,ITH,ITH5,8,Emilia-Romagna,Emilia-Romagna,4459477,5409798,121.31,0.58
478,2021-02-02,EMR,9491,3052,6439,526,8964,1,ITH,ITH5,8,Emilia-Romagna,Emilia-Romagna,4459477,5419289,121.52,0.21
479,2021-08-30,EMR,26994,14173,12821,7626,18343,1025,ITH,ITH5,8,Emilia-Romagna,Emilia-Romagna,4459477,5446283,122.13,0.61
480,2021-03-25,EMR,21483,9420,12063,14237,6992,254,ITH,ITH5,8,Emilia-Romagna,Emilia-Romagna,4459477,5467766,122.61,0.48
481,2021-05-21,EMR,39384,17560,21824,21635,17130,619,ITH,ITH5,8,Emilia-Romagna,Emilia-Romagna,4459477,5507150,123.49,0.88
482,2021-02-10,EMR,4023,1384,2639,2756,1261,6,ITH,ITH5,8,Emilia-Romagna,Emilia-Romagna,4459477,5511173,123.58,0.09
483,2021-04-08,EMR,31397,14418,16979,25326,5332,739,ITH,ITH5,8,Emilia-Romagna,Emilia-Romagna,4459477,5542570,124.29,0.7
484,2021-03-18,EMR,13771,5848,7923,5680,8005,86,ITH,ITH5,8,Emilia-Romagna,Emilia-Romagna,4459477,5556341,124.6,0.31
485,2021-05-14,EMR,37352,17201,20151,26798,9655,899,ITH,ITH5,8,Emilia-Romagna,Emilia-Romagna,4459477,5593693,125.43,0.84
486,2021-02-03,EMR,9348,2991,6357,961,8386,1,ITH,ITH5,8,Emilia-Romagna,Emilia-Romagna,4459477,5603041,125.64,0.21
487,2021-04-01,EMR,23944,10763,13181,19071,4557,316,ITH,ITH5,8,Emilia-Romagna,Emilia-Romagna,4459477,5626985,126.18,0.54
488,2021-02-17,EMR,6543,2766,3777,5757,773,13,ITH,ITH5,8,Emilia-Romagna,Emilia-Romagna,4459477,5633528,126.33,0.15
489,2021-06-01,EMR,27196,13114,14082,16836,9929,431,ITH,ITH5,8,Emilia-Romagna,Emilia-Romagna,4459477,5660724,126.94,0.61
490,2021-07-28,EMR,38699,20750,17949,13970,24045,684,ITH,ITH5,8,Emilia-Romagna,Emilia-Romagna,4459477,5699423,127.8,0.87
491,2021-04-12,EMR,19259,9015,10244,14448,4452,359,ITH,ITH5,8,Emilia-Romagna,Emilia-Romagna,4459477,5718682,128.24,0.43
492,2021-06-08,EMR,45107,23085,22022,36801,7509,797,ITH,ITH5,8,Emilia-Romagna,Emilia-Romagna,4459477,5763789,129.25,1.01
493,2021-08-04,EMR,35330,18835,16495,12994,21684,652,ITH,ITH5,8,Emilia-Romagna,Emilia-Romagna,4459477,5799119,130.04,0.79
494,2021-07-21,EMR,43686,23302,20384,10783,32277,626,ITH,ITH5,8,Emilia-Romagna,Emilia-Romagna,4459477,5842805,131.02,0.98
495,2021-04-19,EMR,20922,9805,11117,14338,6284,300,ITH,ITH5,8,Emilia-Romagna,Emilia-Romagna,4459477,5863727,131.49,0.47
496,2021-01-09,EMR,9993,3458,6535,9989,0,4,ITH,ITH5,8,Emilia-Romagna,Emilia-Romagna,4459477,5873720,131.71,0.22
497,2021-06-15,EMR,43876,22641,21235,27908,15074,894,ITH,ITH5,8,Emilia-Romagna,Emilia-Romagna,4459477,5917596,132.7,0.98
498,2021-03-07,EMR,7850,2962,4888,6289,1525,36,ITH,ITH5,8,Emilia-Romagna,Emilia-Romagna,4459477,5925446,132.87,0.18
499,2021-05-03,EMR,28738,13569,15169,17395,10887,456,ITH,ITH5,8,Emilia-Romagna,Emilia-Romagna,4459477,5954184,133.52,0.64
500,2021-02-28,EMR,6829,2528,4301,4958,1852,19,ITH,ITH5,8,Emilia-Romagna,Emilia-Romagna,4459477,5961013,133.67,0.15
501,2021-04-26,EMR,27915,12940,14975,18038,9324,553,ITH,ITH5,8,Emilia-Romagna,Emilia-Romagna,4459477,5988928,134.3,0.63
502,2021-01-16,EMR,5630,1717,3913,5629,0,1,ITH,ITH5,8,Emilia-Romagna,Emilia-Romagna,4459477,5994558,134.42,0.13
503,2021-03-14,EMR,8807,3840,4967,4944,3799,64,ITH,ITH5,8,Emilia-Romagna,Emilia-Romagna,4459477,6003365,134.62,0.2
504,2021-04-18,CAL,5878,2807,3071,4936,917,25,ITF,ITF6,18,Calabria,Calabria,1947131,5878,0.3,0.3
505,2021-04-04,CAL,1574,789,785,1141,422,11,ITF,ITF6,18,Calabria,Calabria,1947131,7452,0.38,0.08
506,2021-06-26,CAL,15581,7201,8380,7575,7935,71,ITF,ITF6,18,Calabria,Calabria,1947131,23033,1.18,0.8
507,2021-01-11,CAL,2191,1061,1130,2189,0,2,ITF,ITF6,18,Calabria,Calabria,1947131,25224,1.3,0.11
508,2021-01-25,CAL,1090,522,568,150,940,0,ITF,ITF6,18,Calabria,Calabria,1947131,26314,1.35,0.06
509,2021-05-05,CAL,13615,6514,7101,8407,5130,78,ITF,ITF6,18,Calabria,Calabria,1947131,39929,2.05,0.7
510,2021-08-17,CAL,7679,3911,3768,2757,4827,95,ITF,ITF6,18,Calabria,Calabria,1947131,47608,2.45,0.39
511,2021-08-10,CAL,9782,4914,4868,3596,6085,101,ITF,ITF6,18,Calabria,Calabria,1947131,57390,2.95,0.5
512,2021-06-14,CAL,14359,6512,7847,9627,4655,77,ITF,ITF6,18,Calabria,Calabria,1947131,71749,3.68,0.74
513,2021-03-04,CAL,5494,3197,2297,4674,800,20,ITF,ITF6,18,Calabria,Calabria,1947131,77243,3.97,0.28
514,2021-06-12,CAL,13248,6299,6949,10782,2398,68,ITF,ITF6,18,Calabria,Calabria,1947131,90491,4.65,0.68
515,2021-07-27,CAL,17587,8995,8592,5023,12478,86,ITF,ITF6,18,Calabria,Calabria,1947131,108078,5.55,0.9
516,2021-01-06,CAL,956,520,436,956,0,0,ITF,ITF6,18,Calabria,Calabria,1947131,109034,5.6,0.05
517,2021-04-16,CAL,10343,5048,5295,8641,1643,59,ITF,ITF6,18,Calabria,Calabria,1947131,119377,6.13,0.53
518,2021-02-18,CAL,1888,876,1012,1636,233,19,ITF,ITF6,18,Calabria,Calabria,1947131,121265,6.23,0.1
519,2021-08-03,CAL,14095,7124,6971,3908,10113,74,ITF,ITF6,18,Calabria,Calabria,1947131,135360,6.95,0.72
520,2021-03-09,CAL,6585,3438,3147,5525,989,71,ITF,ITF6,18,Calabria,Calabria,1947131,141945,7.29,0.34
521,2021-02-20,CAL,1507,789,718,1165,328,14,ITF,ITF6,18,Calabria,Calabria,1947131,143452,7.37,0.08
522,2021-08-22,CAL,1524,770,754,484,1021,19,ITF,ITF6,18,Calabria,Calabria,1947131,144976,7.45,0.08
523,2021-05-31,CAL,15300,7348,7952,7311,7908,81,ITF,ITF6,18,Calabria,Calabria,1947131,160276,8.23,0.79
524,2021-02-06,CAL,2936,1352,1584,441,2494,1,ITF,ITF6,18,Calabria,Calabria,1947131,163212,8.38,0.15
525,2021-09-05,CAL,1499,814,685,699,783,17,ITF,ITF6,18,Calabria,Calabria,1947131,164711,8.46,0.08
526,2021-07-10,CAL,15947,7539,8408,3245,12658,44,ITF,ITF6,18,Calabria,Calabria,1947131,180658,9.28,0.82
527,2021-01-23,CAL,403,188,215,360,43,0,ITF,ITF6,18,Calabria,Calabria,1947131,181061,9.3,0.02
528,2021-08-08,CAL,4219,2146,2073,1493,2698,28,ITF,ITF6,18,Calabria,Calabria,1947131,185280,9.52,0.22
529,2021-07-22,CAL,18329,9026,9303,3489,14749,91,ITF,ITF6,18,Calabria,Calabria,1947131,203609,10.46,0.94
530,2021-04-30,CAL,15107,7409,7698,10529,4500,78,ITF,ITF6,18,Calabria,Calabria,1947131,218716,11.23,0.78
531,2021-07-01,CAL,12398,5838,6560,5476,6838,84,ITF,ITF6,18,Calabria,Calabria,1947131,231114,11.87,0.64
532,2021-02-01,CAL,2558,1212,1346,237,2318,3,ITF,ITF6,18,Calabria,Calabria,1947131,233672,12.0,0.13
533,2021-07-08,CAL,12049,5615,6434,2692,9312,45,ITF,ITF6,18,Calabria,Calabria,1947131,245721,12.62,0.62
534,2021-06-07,CAL,18006,8423,9583,14711,3214,81,ITF,ITF6,18,Calabria,Calabria,1947131,263727,13.54,0.92
535,2021-05-24,CAL,17789,8913,8876,9938,7769,82,ITF,ITF6,18,Calabria,Calabria,1947131,281516,14.46,0.91
536,2021-05-07,CAL,16283,7666,8617,9656,6535,92,ITF,ITF6,18,Calabria,Calabria,1947131,297799,15.29,0.84
537,2021-02-13,CAL,1418,612,806,1045,370,3,ITF,ITF6,18,Calabria,Calabria,1947131,299217,15.37,0.07
538,2021-08-15,CAL,51,24,27,17,33,1,ITF,ITF6,18,Calabria,Calabria,1947131,299268,15.37,0.0
539,2021-03-02,CAL,4425,2502,1923,3620,796,9,ITF,ITF6,18,Calabria,Calabria,1947131,303693,15.6,0.23
540,2021-03-16,CAL,3872,1900,1972,2183,1676,13,ITF,ITF6,18,Calabria,Calabria,1947131,307565,15.8,0.2
541,2021-07-29,CAL,17595,8773,8822,4721,12773,101,ITF,ITF6,18,Calabria,Calabria,1947131,325160,16.7,0.9
542,2021-02-11,CAL,2353,1053,1300,1064,1267,22,ITF,ITF6,18,Calabria,Calabria,1947131,327513,16.82,0.12
543,2021-02-25,CAL,2928,1576,1352,2285,603,40,ITF,ITF6,18,Calabria,Calabria,1947131,330441,16.97,0.15
544,2021-06-21,CAL,15416,7103,8313,7996,7381,39,ITF,ITF6,18,Calabria,Calabria,1947131,345857,17.76,0.79
545,2021-01-04,CAL,1076,533,543,1073,0,3,ITF,ITF6,18,Calabria,Calabria,1947131,346933,17.82,0.06
546,2021-04-23,CAL,13151,6459,6692,9439,3613,99,ITF,ITF6,18,Calabria,Calabria,1947131,360084,18.49,0.68
547,2021-01-13,CAL,2110,1067,1043,2098,0,12,ITF,ITF6,18,Calabria,Calabria,1947131,362194,18.6,0.11
548,2021-03-11,CAL,7318,3483,3835,5954,1312,52,ITF,ITF6,18,Calabria,Calabria,1947131,369512,18.98,0.38
549,2021-06-19,CAL,15853,7419,8434,8498,7287,68,ITF,ITF6,18,Calabria,Calabria,1947131,385365,19.79,0.81
550,2021-03-28,CAL,2697,1236,1461,1566,1126,5,ITF,ITF6,18,Calabria,Calabria,1947131,388062,19.93,0.14
551,2021-08-29,CAL,1683,887,796,721,932,30,ITF,ITF6,18,Calabria,Calabria,1947131,389745,20.02,0.09
552,2021-01-30,CAL,2211,1171,1040,297,1911,3,ITF,ITF6,18,Calabria,Calabria,1947131,391956,20.13,0.11
553,2021-02-17,CAL,1879,833,1046,1649,213,17,ITF,ITF6,18,Calabria,Calabria,1947131,393835,20.23,0.1
554,2021-07-24,CAL,18179,9343,8836,4683,13396,100,ITF,ITF6,18,Calabria,Calabria,1947131,412014,21.16,0.93
555,2021-05-28,CAL,21016,10215,10801,11424,9479,113,ITF,ITF6,18,Calabria,Calabria,1947131,433030,22.24,1.08
556,2021-01-18,CAL,1309,594,715,1056,249,4,ITF,ITF6,18,Calabria,Calabria,1947131,434339,22.31,0.07
557,2021-07-03,CAL,15181,7147,8034,5283,9820,78,ITF,ITF6,18,Calabria,Calabria,1947131,449520,23.09,0.78
558,2021-04-11,CAL,4211,1913,2298,2243,1951,17,ITF,ITF6,18,Calabria,Calabria,1947131,453731,23.3,0.22
559,2021-07-20,CAL,17498,8486,9012,3200,14224,74,ITF,ITF6,18,Calabria,Calabria,1947131,471229,24.2,0.9
560,2021-05-12,CAL,16494,8048,8446,10830,5567,97,ITF,ITF6,18,Calabria,Calabria,1947131,487723,25.05,0.85
561,2021-05-26,CAL,18749,9340,9409,10335,8322,92,ITF,ITF6,18,Calabria,Calabria,1947131,506472,26.01,0.96
562,2021-03-30,CAL,6517,2847,3670,3653,2840,24,ITF,ITF6,18,Calabria,Calabria,1947131,512989,26.35,0.33
563,2021-09-03,CAL,9063,4630,4433,3572,5302,189,ITF,ITF6,18,Calabria,Calabria,1947131,522052,26.81,0.47
564,2021-05-19,CAL,18326,9082,9244,11259,6991,76,ITF,ITF6,18,Calabria,Calabria,1947131,540378,27.75,0.94
565,2021-06-11,CAL,17833,8762,9071,15129,2580,124,ITF,ITF6,18,Calabria,Calabria,1947131,558211,28.67,0.92
566,2021-01-08,CAL,2201,1049,1152,2194,0,7,ITF,ITF6,18,Calabria,Calabria,1947131,560412,28.78,0.11
567,2021-03-18,CAL,4506,2107,2399,2344,2136,26,ITF,ITF6,18,Calabria,Calabria,1947131,564918,29.01,0.23
568,2021-03-06,CAL,8546,4403,4143,7705,816,25,ITF,ITF6,18,Calabria,Calabria,1947131,573464,29.45,0.44
569,2021-08-19,CAL,5872,2945,2927,2347,3468,57,ITF,ITF6,18,Calabria,Calabria,1947131,579336,29.75,0.3
570,2021-05-09,CAL,9689,4525,5164,6042,3599,48,ITF,ITF6,18,Calabria,Calabria,1947131,589025,30.25,0.5
571,2021-01-29,CAL,2080,1005,1075,226,1853,1,ITF,ITF6,18,Calabria,Calabria,1947131,591105,30.36,0.11
572,2021-06-23,CAL,17239,7872,9367,8147,9009,83,ITF,ITF6,18,Calabria,Calabria,1947131,608344,31.24,0.89
573,2021-03-13,CAL,7025,3045,3980,5944,1044,37,ITF,ITF6,18,Calabria,Calabria,1947131,615369,31.6,0.36
574,2021-05-14,CAL,19944,9581,10363,12944,6885,115,ITF,ITF6,18,Calabria,Calabria,1947131,635313,32.63,1.02
575,2021-04-27,CAL,9981,4908,5073,7962,1970,49,ITF,ITF6,18,Calabria,Calabria,1947131,645294,33.14,0.51
576,2021-02-03,CAL,2871,1480,1391,516,2350,5,ITF,ITF6,18,Calabria,Calabria,1947131,648165,33.29,0.15
577,2021-07-19,CAL,19017,9108,9909,3032,15935,50,ITF,ITF6,18,Calabria,Calabria,1947131,667182,34.26,0.98
578,2021-08-05,CAL,12470,6289,6181,3879,8495,96,ITF,ITF6,18,Calabria,Calabria,1947131,679652,34.91,0.64
579,2021-04-15,CAL,7793,3818,3975,5991,1755,47,ITF,ITF6,18,Calabria,Calabria,1947131,687445,35.31,0.4
580,2021-04-01,CAL,8696,3960,4736,4153,4505,38,ITF,ITF6,18,Calabria,Calabria,1947131,696141,35.75,0.45
581,2021-04-08,CAL,9361,4436,4925,5826,3486,49,ITF,ITF6,18,Calabria,Calabria,1947131,705502,36.23,0.48
582,2021-05-23,CAL,11393,5554,5839,6995,4354,44,ITF,ITF6,18,Calabria,Calabria,1947131,716895,36.82,0.59
583,2021-03-01,CAL,2755,1562,1193,2290,461,4,ITF,ITF6,18,Calabria,Calabria,1947131,719650,36.96,0.14
584,2021-06-09,CAL,18262,8622,9640,15899,2278,85,ITF,ITF6,18,Calabria,Calabria,1947131,737912,37.9,0.94
585,2021-08-31,CAL,6830,3376,3454,2673,4030,127,ITF,ITF6,18,Calabria,Calabria,1947131,744742,38.25,0.35
586,2021-04-13,CAL,6969,3423,3546,5609,1334,26,ITF,ITF6,18,Calabria,Calabria,1947131,751711,38.61,0.36
587,2021-01-20,CAL,1410,630,780,1406,1,3,ITF,ITF6,18,Calabria,Calabria,1947131,753121,38.68,0.07
588,2021-01-03,CAL,6,3,3,6,0,0,ITF,ITF6,18,Calabria,Calabria,1947131,753127,38.68,0.0
589,2021-03-27,CAL,8850,4030,4820,4665,4140,45,ITF,ITF6,18,Calabria,Calabria,1947131,761977,39.13,0.45
590,2021-07-05,CAL,13383,6251,7132,4263,9056,64,ITF,ITF6,18,Calabria,Calabria,1947131,775360,39.82,0.69
591,2021-02-27,CAL,4060,2092,1968,3666,387,7,ITF,ITF6,18,Calabria,Calabria,1947131,779420,40.03,0.21
592,2021-07-31,CAL,13816,7064,6752,3646,10096,74,ITF,ITF6,18,Calabria,Calabria,1947131,793236,40.74,0.71
593,2021-01-27,CAL,1492,758,734,384,1107,1,ITF,ITF6,18,Calabria,Calabria,1947131,794728,40.82,0.08
594,2021-02-22,CAL,2102,1073,1029,1532,561,9,ITF,ITF6,18,Calabria,Calabria,1947131,796830,40.92,0.11
595,2021-06-02,CAL,12100,5799,6301,8788,3265,47,ITF,ITF6,18,Calabria,Calabria,1947131,808930,41.54,0.62
596,2021-08-07,CAL,9529,4874,4655,3019,6446,64,ITF,ITF6,18,Calabria,Calabria,1947131,818459,42.03,0.49
597,2021-05-16,CAL,13816,6741,7075,9919,3842,55,ITF,ITF6,18,Calabria,Calabria,1947131,832275,42.74,0.71
598,2021-08-24,CAL,6503,3228,3275,2319,4099,85,ITF,ITF6,18,Calabria,Calabria,1947131,838778,43.08,0.33
599,2021-07-21,CAL,22112,10619,11493,4514,17484,114,ITF,ITF6,18,Calabria,Calabria,1947131,860890,44.21,1.14
600,2021-01-17,CAL,913,441,472,807,100,6,ITF,ITF6,18,Calabria,Calabria,1947131,861803,44.26,0.05
601,2021-03-24,CAL,7975,3647,4328,4550,3400,25,ITF,ITF6,18,Calabria,Calabria,1947131,869778,44.67,0.41
602,2021-04-10,CAL,11734,5310,6424,6824,4864,46,ITF,ITF6,18,Calabria,Calabria,1947131,881512,45.27,0.6
603,2021-01-15,CAL,2819,1267,1552,2813,0,6,ITF,ITF6,18,Calabria,Calabria,1947131,884331,45.42,0.14
604,2021-04-25,CAL,15900,8069,7831,14800,1032,68,ITF,ITF6,18,Calabria,Calabria,1947131,900231,46.23,0.82
605,2021-08-26,CAL,7208,3602,3606,3180,3907,121,ITF,ITF6,18,Calabria,Calabria,1947131,907439,46.6,0.37
606,2021-06-30,CAL,16392,7507,8885,7019,9271,102,ITF,ITF6,18,Calabria,Calabria,1947131,923831,47.45,0.84
607,2021-06-28,CAL,13305,6126,7179,5375,7863,67,ITF,ITF6,18,Calabria,Calabria,1947131,937136,48.13,0.68
608,2021-03-20,CAL,6778,3105,3673,4183,2578,17,ITF,ITF6,18,Calabria,Calabria,1947131,943914,48.48,0.35
609,2021-02-10,CAL,2526,1086,1440,876,1635,15,ITF,ITF6,18,Calabria,Calabria,1947131,946440,48.61,0.13
610,2021-07-17,CAL,18337,9046,9291,2709,15560,68,ITF,ITF6,18,Calabria,Calabria,1947131,964777,49.55,0.94
611,2021-06-04,CAL,17548,8159,9389,12956,4523,69,ITF,ITF6,18,Calabria,Calabria,1947131,982325,50.45,0.9
612,2021-05-21,CAL,21368,10882,10486,13857,7401,110,ITF,ITF6,18,Calabria,Calabria,1947131,1003693,51.55,1.1
613,2021-01-05,CAL,1551,731,820,1549,0,2,ITF,ITF6,18,Calabria,Calabria,1947131,1005244,51.63,0.08
614,2021-01-12,CAL,2094,1035,1059,2085,0,9,ITF,ITF6,18,Calabria,Calabria,1947131,1007338,51.73,0.11
615,2021-02-24,CAL,1947,995,952,1462,479,6,ITF,ITF6,18,Calabria,Calabria,1947131,1009285,51.83,0.1
616,2021-03-15,CAL,3662,1770,1892,2165,1484,13,ITF,ITF6,18,Calabria,Calabria,1947131,1012947,52.02,0.19
617,2021-08-28,CAL,5302,2778,2524,1895,3314,93,ITF,ITF6,18,Calabria,Calabria,1947131,1018249,52.29,0.27
618,2021-07-02,CAL,16274,7534,8740,6241,9949,84,ITF,ITF6,18,Calabria,Calabria,1947131,1034523,53.13,0.84
619,2021-05-20,CAL,16997,8507,8490,11271,5657,69,ITF,ITF6,18,Calabria,Calabria,1947131,1051520,54.0,0.87
620,2021-07-12,CAL,17980,8539,9441,2686,15245,49,ITF,ITF6,18,Calabria,Calabria,1947131,1069500,54.93,0.92
621,2021-01-10,CAL,957,539,418,957,0,0,ITF,ITF6,18,Calabria,Calabria,1947131,1070457,54.98,0.05
622,2021-04-20,CAL,7899,3990,3909,6073,1748,78,ITF,ITF6,18,Calabria,Calabria,1947131,1078356,55.38,0.41
623,2021-03-08,CAL,5523,2991,2532,4406,1084,33,ITF,ITF6,18,Calabria,Calabria,1947131,1083879,55.67,0.28
624,2021-03-25,CAL,7551,3568,3983,4585,2930,36,ITF,ITF6,18,Calabria,Calabria,1947131,1091430,56.05,0.39
625,2021-06-16,CAL,18340,8475,9865,12124,6125,91,ITF,ITF6,18,Calabria,Calabria,1947131,1109770,57.0,0.94
626,2021-02-07,CAL,871,435,436,143,726,2,ITF,ITF6,18,Calabria,Calabria,1947131,1110641,57.04,0.04
627,2021-05-18,CAL,15344,7677,7667,11846,3428,70,ITF,ITF6,18,Calabria,Calabria,1947131,1125985,57.83,0.79
628,2021-03-22,CAL,4998,2350,2648,3181,1792,25,ITF,ITF6,18,Calabria,Calabria,1947131,1130983,58.08,0.26
629,2021-09-04,CAL,5552,2960,2592,2323,3124,105,ITF,ITF6,18,Calabria,Calabria,1947131,1136535,58.37,0.29
630,2021-02-09,CAL,2176,921,1255,951,1215,10,ITF,ITF6,18,Calabria,Calabria,1947131,1138711,58.48,0.11
631,2021-05-29,CAL,19299,8962,10337,9351,9872,76,ITF,ITF6,18,Calabria,Calabria,1947131,1158010,59.47,0.99
632,2021-09-06,CAL,7996,4114,3882,3444,4412,140,ITF,ITF6,18,Calabria,Calabria,1947131,1166006,59.88,0.41
633,2021-07-25,CAL,6948,3570,3378,1469,5447,32,ITF,ITF6,18,Calabria,Calabria,1947131,1172954,60.24,0.36
634,2021-09-02,CAL,7537,3916,3621,3158,4257,122,ITF,ITF6,18,Calabria,Calabria,1947131,1180491,60.63,0.39
635,2021-02-14,CAL,491,229,262,453,37,1,ITF,ITF6,18,Calabria,Calabria,1947131,1180982,60.65,0.03
636,2021-05-25,CAL,16427,8047,8380,10217,6123,87,ITF,ITF6,18,Calabria,Calabria,1947131,1197409,61.5,0.84
637,2021-01-26,CAL,1893,909,984,269,1623,1,ITF,ITF6,18,Calabria,Calabria,1947131,1199302,61.59,0.1
638,2021-07-28,CAL,21381,10734,10647,5898,15370,113,ITF,ITF6,18,Calabria,Calabria,1947131,1220683,62.69,1.1
639,2021-04-22,CAL,9835,4919,4916,6846,2935,54,ITF,ITF6,18,Calabria,Calabria,1947131,1230518,63.2,0.51
640,2021-06-18,CAL,18919,8809,10110,11287,7516,116,ITF,ITF6,18,Calabria,Calabria,1947131,1249437,64.17,0.97
641,2021-03-10,CAL,6890,3510,3380,5474,1378,38,ITF,ITF6,18,Calabria,Calabria,1947131,1256327,64.52,0.35
642,2021-08-23,CAL,7681,3815,3866,2794,4781,106,ITF,ITF6,18,Calabria,Calabria,1947131,1264008,64.92,0.39
643,2021-06-01,CAL,12886,5976,6910,7886,4941,59,ITF,ITF6,18,Calabria,Calabria,1947131,1276894,65.58,0.66
644,2021-05-13,CAL,15980,7691,8289,11173,4728,79,ITF,ITF6,18,Calabria,Calabria,1947131,1292874,66.4,0.82
645,2021-02-19,CAL,1520,688,832,1247,264,9,ITF,ITF6,18,Calabria,Calabria,1947131,1294394,66.48,0.08
646,2021-05-30,CAL,11009,5307,5702,6820,4154,35,ITF,ITF6,18,Calabria,Calabria,1947131,1305403,67.04,0.57
647,2021-02-05,CAL,3866,1747,2119,473,3378,15,ITF,ITF6,18,Calabria,Calabria,1947131,1309269,67.24,0.2
648,2021-04-29,CAL,12518,6089,6429,8654,3805,59,ITF,ITF6,18,Calabria,Calabria,1947131,1321787,67.88,0.64
649,2021-04-12,CAL,7039,3427,3612,5349,1661,29,ITF,ITF6,18,Calabria,Calabria,1947131,1328826,68.25,0.36
650,2021-01-19,CAL,1132,499,633,1117,13,2,ITF,ITF6,18,Calabria,Calabria,1947131,1329958,68.3,0.06
651,2021-07-04,CAL,5955,2822,3133,1992,3927,36,ITF,ITF6,18,Calabria,Calabria,1947131,1335913,68.61,0.31
652,2021-06-17,CAL,15818,7227,8591,9595,6169,54,ITF,ITF6,18,Calabria,Calabria,1947131,1351731,69.42,0.81
653,2021-03-26,CAL,8119,3854,4265,4947,3139,33,ITF,ITF6,18,Calabria,Calabria,1947131,1359850,69.84,0.42
654,2021-05-04,CAL,16532,7624,8908,11625,4801,106,ITF,ITF6,18,Calabria,Calabria,1947131,1376382,70.69,0.85
655,2021-08-12,CAL,7639,3877,3762,2799,4664,176,ITF,ITF6,18,Calabria,Calabria,1947131,1384021,71.08,0.39
656,2021-01-22,CAL,661,276,385,659,2,0,ITF,ITF6,18,Calabria,Calabria,1947131,1384682,71.11,0.03
657,2021-05-02,CAL,12559,5861,6698,10586,1909,64,ITF,ITF6,18,Calabria,Calabria,1947131,1397241,71.76,0.65
658,2021-03-29,CAL,5782,2500,3282,3978,1775,29,ITF,ITF6,18,Calabria,Calabria,1947131,1403023,72.06,0.3
659,2021-01-31,CAL,1130,562,568,148,982,0,ITF,ITF6,18,Calabria,Calabria,1947131,1404153,72.11,0.06
660,2021-07-07,CAL,13969,6583,7386,3899,9994,76,ITF,ITF6,18,Calabria,Calabria,1947131,1418122,72.83,0.72
661,2021-08-16,CAL,6977,3566,3411,2376,4538,63,ITF,ITF6,18,Calabria,Calabria,1947131,1425099,73.19,0.36
662,2021-02-12,CAL,1717,673,1044,943,768,6,ITF,ITF6,18,Calabria,Calabria,1947131,1426816,73.28,0.09
663,2021-06-27,CAL,8424,3946,4478,4987,3397,40,ITF,ITF6,18,Calabria,Calabria,1947131,1435240,73.71,0.43
664,2021-04-03,CAL,9453,4089,5364,4529,4861,63,ITF,ITF6,18,Calabria,Calabria,1947131,1444693,74.2,0.49
665,2021-01-28,CAL,2300,1144,1156,79,2221,0,ITF,ITF6,18,Calabria,Calabria,1947131,1446993,74.31,0.12
666,2021-08-13,CAL,7596,3920,3676,2444,5084,68,ITF,ITF6,18,Calabria,Calabria,1947131,1454589,74.7,0.39
667,2021-05-08,CAL,18568,8428,10140,10511,7982,75,ITF,ITF6,18,Calabria,Calabria,1947131,1473157,75.66,0.95
668,2021-05-22,CAL,22205,10565,11640,14212,7902,91,ITF,ITF6,18,Calabria,Calabria,1947131,1495362,76.8,1.14
669,2021-03-03,CAL,5114,2790,2324,4010,1090,14,ITF,ITF6,18,Calabria,Calabria,1947131,1500476,77.06,0.26
670,2021-08-04,CAL,16016,8117,7899,4249,11667,100,ITF,ITF6,18,Calabria,Calabria,1947131,1516492,77.88,0.82
671,2021-04-14,CAL,8093,3909,4184,6586,1458,49,ITF,ITF6,18,Calabria,Calabria,1947131,1524585,78.3,0.42
672,2021-02-16,CAL,1753,745,1008,1467,281,5,ITF,ITF6,18,Calabria,Calabria,1947131,1526338,78.39,0.09
673,2021-07-23,CAL,22744,11351,11393,5559,17083,102,ITF,ITF6,18,Calabria,Calabria,1947131,1549082,79.56,1.17
674,2021-05-27,CAL,17674,8740,8934,9773,7818,83,ITF,ITF6,18,Calabria,Calabria,1947131,1566756,80.46,0.91
675,2021-08-01,CAL,4897,2563,2334,1174,3699,24,ITF,ITF6,18,Calabria,Calabria,1947131,1571653,80.72,0.25
676,2021-05-17,CAL,14912,7465,7447,10138,4720,54,ITF,ITF6,18,Calabria,Calabria,1947131,1586565,81.48,0.77
677,2021-08-25,CAL,8846,4329,4517,3326,5386,134,ITF,ITF6,18,Calabria,Calabria,1947131,1595411,81.94,0.45
678,2021-02-21,CAL,666,306,360,586,79,1,ITF,ITF6,18,Calabria,Calabria,1947131,1596077,81.97,0.03
679,2021-04-28,CAL,12577,6100,6477,9624,2881,72,ITF,ITF6,18,Calabria,Calabria,1947131,1608654,82.62,0.65
680,2021-07-06,CAL,12493,5751,6742,3827,8600,66,ITF,ITF6,18,Calabria,Calabria,1947131,1621147,83.26,0.64
681,2021-01-02,CAL,166,94,72,166,0,0,ITF,ITF6,18,Calabria,Calabria,1947131,1621313,83.27,0.01
682,2021-06-29,CAL,13076,6040,7036,5352,7673,51,ITF,ITF6,18,Calabria,Calabria,1947131,1634389,83.94,0.67
683,2021-05-03,CAL,14855,6806,8049,10463,4299,93,ITF,ITF6,18,Calabria,Calabria,1947131,1649244,84.7,0.76
684,2021-03-21,CAL,4467,1929,2538,2729,1726,12,ITF,ITF6,18,Calabria,Calabria,1947131,1653711,84.93,0.23
685,2021-03-07,CAL,3412,1742,1670,3305,93,14,ITF,ITF6,18,Calabria,Calabria,1947131,1657123,85.11,0.18
686,2021-08-11,CAL,11055,5672,5383,3519,7421,115,ITF,ITF6,18,Calabria,Calabria,1947131,1668178,85.67,0.57
687,2021-06-15,CAL,15163,7052,8111,10240,4831,92,ITF,ITF6,18,Calabria,Calabria,1947131,1683341,86.45,0.78
688,2021-03-14,CAL,2772,1072,1700,2284,481,7,ITF,ITF6,18,Calabria,Calabria,1947131,1686113,86.59,0.14
689,2021-08-18,CAL,9455,4849,4606,3390,5965,100,ITF,ITF6,18,Calabria,Calabria,1947131,1695568,87.08,0.49
690,2021-06-22,CAL,14625,6918,7707,7380,7149,96,ITF,ITF6,18,Calabria,Calabria,1947131,1710193,87.83,0.75
691,2021-05-10,CAL,13174,6126,7048,7691,5419,64,ITF,ITF6,18,Calabria,Calabria,1947131,1723367,88.51,0.68
692,2021-04-26,CAL,10195,5062,5133,7713,2433,49,ITF,ITF6,18,Calabria,Calabria,1947131,1733562,89.03,0.52
693,2021-08-30,CAL,9390,4722,4668,3158,6108,124,ITF,ITF6,18,Calabria,Calabria,1947131,1742952,89.51,0.48
694,2021-04-21,CAL,11626,5841,5785,8633,2934,59,ITF,ITF6,18,Calabria,Calabria,1947131,1754578,90.11,0.6
695,2021-07-30,CAL,19736,10062,9674,5520,14091,125,ITF,ITF6,18,Calabria,Calabria,1947131,1774314,91.12,1.01
696,2021-04-02,CAL,8549,3917,4632,4580,3936,33,ITF,ITF6,18,Calabria,Calabria,1947131,1782863,91.56,0.44
697,2021-06-24,CAL,15418,7025,8393,6981,8357,80,ITF,ITF6,18,Calabria,Calabria,1947131,1798281,92.36,0.79
698,2021-03-19,CAL,4257,1991,2266,1885,2365,7,ITF,ITF6,18,Calabria,Calabria,1947131,1802538,92.57,0.22
699,2021-07-11,CAL,6434,2985,3449,846,5577,11,ITF,ITF6,18,Calabria,Calabria,1947131,1808972,92.9,0.33
700,2021-06-10,CAL,15894,7333,8561,12986,2808,100,ITF,ITF6,18,Calabria,Calabria,1947131,1824866,93.72,0.82
701,2021-02-04,CAL,3676,1748,1928,646,3024,6,ITF,ITF6,18,Calabria,Calabria,1947131,1828542,93.91,0.19
702,2021-05-15,CAL,27282,13055,14227,20269,6877,136,ITF,ITF6,18,Calabria,Calabria,1947131,1855824,95.31,1.4
703,2021-08-06,CAL,15620,7932,7688,5085,10403,132,ITF,ITF6,18,Calabria,Calabria,1947131,1871444,96.11,0.8
704,2021-02-02,CAL,2376,1170,1206,176,2200,0,ITF,ITF6,18,Calabria,Calabria,1947131,1873820,96.23,0.12
705,2021-01-16,CAL,2427,1139,1288,2424,0,3,ITF,ITF6,18,Calabria,Calabria,1947131,1876247,96.36,0.12
706,2021-05-06,CAL,13354,6321,7033,8925,4356,73,ITF,ITF6,18,Calabria,Calabria,1947131,1889601,97.05,0.69
707,2021-08-14,CAL,2230,1194,1036,725,1489,16,ITF,ITF6,18,Calabria,Calabria,1947131,1891831,97.16,0.11
708,2021-07-14,CAL,22647,10681,11966,4160,18410,77,ITF,ITF6,18,Calabria,Calabria,1947131,1914478,98.32,1.16
709,2021-04-05,CAL,3644,1729,1915,2672,959,13,ITF,ITF6,18,Calabria,Calabria,1947131,1918122,98.51,0.19
710,2021-06-08,CAL,16684,7901,8783,14515,2047,122,ITF,ITF6,18,Calabria,Calabria,1947131,1934806,99.37,0.86
711,2021-03-17,CAL,4192,1878,2314,2189,1993,10,ITF,ITF6,18,Calabria,Calabria,1947131,1938998,99.58,0.22
712,2021-06-25,CAL,18833,8746,10087,8067,10680,86,ITF,ITF6,18,Calabria,Calabria,1947131,1957831,100.55,0.97
713,2021-07-13,CAL,17439,8159,9280,2307,15062,70,ITF,ITF6,18,Calabria,Calabria,1947131,1975270,101.45,0.9
714,2021-04-19,CAL,7905,3818,4087,6171,1686,48,ITF,ITF6,18,Calabria,Calabria,1947131,1983175,101.85,0.41
715,2021-01-09,CAL,2099,1125,974,2091,0,8,ITF,ITF6,18,Calabria,Calabria,1947131,1985274,101.96,0.11
716,2021-09-01,CAL,9145,4695,4450,3505,5495,145,ITF,ITF6,18,Calabria,Calabria,1947131,1994419,102.43,0.47
717,2021-02-28,CAL,2374,1083,1291,2215,156,3,ITF,ITF6,18,Calabria,Calabria,1947131,1996793,102.55,0.12
718,2021-05-11,CAL,15140,7332,7808,10244,4824,72,ITF,ITF6,18,Calabria,Calabria,1947131,2011933,103.33,0.78
719,2021-07-16,CAL,21055,10033,11022,3375,17604,76,ITF,ITF6,18,Calabria,Calabria,1947131,2032988,104.41,1.08
720,2021-01-24,CAL,47,20,27,41,6,0,ITF,ITF6,18,Calabria,Calabria,1947131,2033035,104.41,0.0
721,2021-07-09,CAL,15676,7307,8369,3636,11969,71,ITF,ITF6,18,Calabria,Calabria,1947131,2048711,105.22,0.81
722,2021-08-21,CAL,3645,1859,1786,1439,2159,47,ITF,ITF6,18,Calabria,Calabria,1947131,2052356,105.4,0.19
723,2020-12-28,CAL,6,2,4,6,0,0,ITF,ITF6,18,Calabria,Calabria,1947131,2052362,105.4,0.0
724,2021-06-03,CAL,14256,6654,7602,9587,4615,54,ITF,ITF6,18,Calabria,Calabria,1947131,2066618,106.14,0.73
725,2021-04-07,CAL,9182,4173,5009,5054,4072,56,ITF,ITF6,18,Calabria,Calabria,1947131,2075800,106.61,0.47
726,2021-02-23,CAL,1616,764,852,1492,119,5,ITF,ITF6,18,Calabria,Calabria,1947131,2077416,106.69,0.08
727,2021-03-31,CAL,9159,4178,4981,5062,4061,36,ITF,ITF6,18,Calabria,Calabria,1947131,2086575,107.16,0.47
728,2021-04-09,CAL,8037,3769,4268,5052,2896,89,ITF,ITF6,18,Calabria,Calabria,1947131,2094612,107.57,0.41
729,2021-07-18,CAL,8792,4206,4586,1280,7480,32,ITF,ITF6,18,Calabria,Calabria,1947131,2103404,108.03,0.45
730,2021-06-05,CAL,20792,9713,11079,17633,3080,79,ITF,ITF6,18,Calabria,Calabria,1947131,2124196,109.09,1.07
731,2021-03-23,CAL,5266,2468,2798,3420,1823,23,ITF,ITF6,18,Calabria,Calabria,1947131,2129462,109.36,0.27
732,2021-08-27,CAL,9162,4772,4390,3614,5388,160,ITF,ITF6,18,Calabria,Calabria,1947131,2138624,109.83,0.47
733,2021-07-15,CAL,18281,8809,9472,2521,15708,52,ITF,ITF6,18,Calabria,Calabria,1947131,2156905,110.77,0.94
734,2021-02-15,CAL,1181,566,615,1011,165,5,ITF,ITF6,18,Calabria,Calabria,1947131,2158086,110.83,0.06
735,2020-12-27,CAL,317,169,148,317,0,0,ITF,ITF6,18,Calabria,Calabria,1947131,2158403,110.85,0.02
736,2021-04-06,CAL,8180,3728,4452,4461,3683,36,ITF,ITF6,18,Calabria,Calabria,1947131,2166583,111.27,0.42
737,2021-02-08,CAL,1880,748,1132,667,1210,3,ITF,ITF6,18,Calabria,Calabria,1947131,2168463,111.37,0.1
738,2021-04-24,CAL,19304,9608,9696,15759,3455,90,ITF,ITF6,18,Calabria,Calabria,1947131,2187767,112.36,0.99
739,2021-02-26,CAL,3161,1681,1480,2683,463,15,ITF,ITF6,18,Calabria,Calabria,1947131,2190928,112.52,0.16
740,2021-08-02,CAL,15079,7538,7541,3725,11298,56,ITF,ITF6,18,Calabria,Calabria,1947131,2206007,113.3,0.77
741,2021-06-20,CAL,6651,3150,3501,3815,2808,28,ITF,ITF6,18,Calabria,Calabria,1947131,2212658,113.64,0.34
742,2021-06-06,CAL,13808,6639,7169,12015,1722,71,ITF,ITF6,18,Calabria,Calabria,1947131,2226466,114.35,0.71
743,2021-01-07,CAL,2223,1091,1132,2219,0,4,ITF,ITF6,18,Calabria,Calabria,1947131,2228689,114.46,0.11
744,2021-06-13,CAL,6857,3365,3492,5730,1072,55,ITF,ITF6,18,Calabria,Calabria,1947131,2235546,114.81,0.35
745,2021-04-17,CAL,10858,5076,5782,9022,1785,51,ITF,ITF6,18,Calabria,Calabria,1947131,2246404,115.37,0.56
746,2021-05-01,CAL,16750,7983,8767,12402,4256,92,ITF,ITF6,18,Calabria,Calabria,1947131,2263154,116.23,0.86
747,2021-03-05,CAL,6245,3625,2620,5650,579,16,ITF,ITF6,18,Calabria,Calabria,1947131,2269399,116.55,0.32
748,2021-08-09,CAL,13171,6711,6460,4640,8369,162,ITF,ITF6,18,Calabria,Calabria,1947131,2282570,117.23,0.68
749,2021-07-26,CAL,18798,9338,9460,5220,13487,91,ITF,ITF6,18,Calabria,Calabria,1947131,2301368,118.19,0.97
750,2021-03-12,CAL,5160,2471,2689,4074,1063,23,ITF,ITF6,18,Calabria,Calabria,1947131,2306528,118.46,0.27
751,2021-01-14,CAL,2676,1272,1404,2670,0,6,ITF,ITF6,18,Calabria,Calabria,1947131,2309204,118.6,0.14
752,2021-01-21,CAL,983,460,523,946,34,3,ITF,ITF6,18,Calabria,Calabria,1947131,2310187,118.65,0.05
753,2021-08-20,CAL,7567,3822,3745,3018,4458,91,ITF,ITF6,18,Calabria,Calabria,1947131,2317754,119.03,0.39
754,2021-04-08,BAS,788,361,427,760,10,18,ITF,ITF5,17,Basilicata,Basilicata,559084,788,0.14,0.14
755,2021-04-22,BAS,5050,2352,2698,3382,1613,55,ITF,ITF5,17,Basilicata,Basilicata,559084,5838,1.04,0.9
756,2021-07-31,BAS,5473,2881,2592,1828,3590,55,ITF,ITF5,17,Basilicata,Basilicata,559084,11311,2.02,0.98
757,2021-07-17,BAS,5855,2915,2940,1709,4107,39,ITF,ITF5,17,Basilicata,Basilicata,559084,17166,3.07,1.05
758,2021-06-30,BAS,3453,1669,1784,2316,1111,26,ITF,ITF5,17,Basilicata,Basilicata,559084,20619,3.69,0.62
759,2021-01-15,BAS,819,353,466,819,0,0,ITF,ITF5,17,Basilicata,Basilicata,559084,21438,3.83,0.15
760,2020-12-27,BAS,106,41,65,106,0,0,ITF,ITF5,17,Basilicata,Basilicata,559084,21544,3.85,0.02
761,2021-03-20,BAS,1306,577,729,276,1023,7,ITF,ITF5,17,Basilicata,Basilicata,559084,22850,4.09,0.23
762,2021-06-28,BAS,3641,1747,1894,2113,1509,19,ITF,ITF5,17,Basilicata,Basilicata,559084,26491,4.74,0.65
763,2021-01-10,BAS,77,24,53,77,0,0,ITF,ITF5,17,Basilicata,Basilicata,559084,26568,4.75,0.01
764,2021-04-20,BAS,4148,1982,2166,2180,1940,28,ITF,ITF5,17,Basilicata,Basilicata,559084,30716,5.49,0.74
765,2021-08-07,BAS,4517,2377,2140,1362,3096,59,ITF,ITF5,17,Basilicata,Basilicata,559084,35233,6.3,0.81
766,2021-01-08,BAS,556,220,336,556,0,0,ITF,ITF5,17,Basilicata,Basilicata,559084,35789,6.4,0.1
767,2021-05-04,BAS,4142,1994,2148,3568,524,50,ITF,ITF5,17,Basilicata,Basilicata,559084,39931,7.14,0.74
768,2021-03-08,BAS,1474,723,751,821,621,32,ITF,ITF5,17,Basilicata,Basilicata,559084,41405,7.41,0.26
769,2021-06-16,BAS,4606,2086,2520,2126,2460,20,ITF,ITF5,17,Basilicata,Basilicata,559084,46011,8.23,0.82
770,2021-08-12,BAS,3918,2000,1918,1677,2159,82,ITF,ITF5,17,Basilicata,Basilicata,559084,49929,8.93,0.7
771,2021-07-26,BAS,5427,2725,2702,2002,3387,38,ITF,ITF5,17,Basilicata,Basilicata,559084,55356,9.9,0.97
772,2021-01-22,BAS,67,24,43,67,0,0,ITF,ITF5,17,Basilicata,Basilicata,559084,55423,9.91,0.01
773,2021-07-24,BAS,5749,2945,2804,1776,3923,50,ITF,ITF5,17,Basilicata,Basilicata,559084,61172,10.94,1.03
774,2021-03-25,BAS,1884,605,1279,1513,347,24,ITF,ITF5,17,Basilicata,Basilicata,559084,63056,11.28,0.34
775,2021-01-27,BAS,421,179,242,113,308,0,ITF,ITF5,17,Basilicata,Basilicata,559084,63477,11.35,0.08
776,2021-02-10,BAS,552,241,311,497,53,2,ITF,ITF5,17,Basilicata,Basilicata,559084,64029,11.45,0.1
777,2021-05-21,BAS,4578,2321,2257,1480,3086,12,ITF,ITF5,17,Basilicata,Basilicata,559084,68607,12.27,0.82
778,2021-09-02,BAS,3031,1624,1407,881,2072,78,ITF,ITF5,17,Basilicata,Basilicata,559084,71638,12.81,0.54
779,2021-06-04,BAS,4832,2289,2543,3749,1046,37,ITF,ITF5,17,Basilicata,Basilicata,559084,76470,13.68,0.86
780,2021-02-24,BAS,1815,744,1071,1729,75,11,ITF,ITF5,17,Basilicata,Basilicata,559084,78285,14.0,0.32
781,2021-08-26,BAS,2523,1278,1245,1120,1339,64,ITF,ITF5,17,Basilicata,Basilicata,559084,80808,14.45,0.45
782,2021-02-22,BAS,1796,777,1019,1735,53,8,ITF,ITF5,17,Basilicata,Basilicata,559084,82604,14.77,0.32
783,2021-05-30,BAS,2778,1421,1357,920,1853,5,ITF,ITF5,17,Basilicata,Basilicata,559084,85382,15.27,0.5
784,2021-04-03,BAS,1816,754,1062,1466,337,13,ITF,ITF5,17,Basilicata,Basilicata,559084,87198,15.6,0.32
785,2021-08-24,BAS,3268,1767,1501,1478,1713,77,ITF,ITF5,17,Basilicata,Basilicata,559084,90466,16.18,0.58
786,2021-02-17,BAS,1137,493,644,1058,77,2,ITF,ITF5,17,Basilicata,Basilicata,559084,91603,16.38,0.2
787,2021-05-28,BAS,3617,1811,1806,918,2666,33,ITF,ITF5,17,Basilicata,Basilicata,559084,95220,17.03,0.65
788,2021-06-11,BAS,4236,1982,2254,3166,1028,42,ITF,ITF5,17,Basilicata,Basilicata,559084,99456,17.79,0.76
789,2021-08-19,BAS,3595,1871,1724,1671,1836,88,ITF,ITF5,17,Basilicata,Basilicata,559084,103051,18.43,0.64
790,2021-05-11,BAS,2654,1353,1301,1597,1033,24,ITF,ITF5,17,Basilicata,Basilicata,559084,105705,18.91,0.47
791,2021-03-06,BAS,1375,543,832,752,610,13,ITF,ITF5,17,Basilicata,Basilicata,559084,107080,19.15,0.25
792,2021-05-09,BAS,4685,2339,2346,2942,1694,49,ITF,ITF5,17,Basilicata,Basilicata,559084,111765,19.99,0.84
793,2021-02-15,BAS,635,240,395,575,44,16,ITF,ITF5,17,Basilicata,Basilicata,559084,112400,20.1,0.11
794,2021-01-29,BAS,619,233,386,63,556,0,ITF,ITF5,17,Basilicata,Basilicata,559084,113019,20.22,0.11
795,2021-03-15,BAS,2376,994,1382,508,1850,18,ITF,ITF5,17,Basilicata,Basilicata,559084,115395,20.64,0.42
796,2021-01-17,BAS,330,133,197,329,1,0,ITF,ITF5,17,Basilicata,Basilicata,559084,115725,20.7,0.06
797,2021-04-27,BAS,4729,2243,2486,4348,327,54,ITF,ITF5,17,Basilicata,Basilicata,559084,120454,21.54,0.85
798,2021-08-05,BAS,4556,2319,2237,1283,3232,41,ITF,ITF5,17,Basilicata,Basilicata,559084,125010,22.36,0.81
799,2021-06-09,BAS,4423,2072,2351,3967,423,33,ITF,ITF5,17,Basilicata,Basilicata,559084,129433,23.15,0.79
800,2021-04-13,BAS,2123,1056,1067,1282,823,18,ITF,ITF5,17,Basilicata,Basilicata,559084,131556,23.53,0.38
801,2021-03-01,BAS,554,286,268,384,170,0,ITF,ITF5,17,Basilicata,Basilicata,559084,132110,23.63,0.1
802,2021-08-14,BAS,3478,1906,1572,1421,1997,60,ITF,ITF5,17,Basilicata,Basilicata,559084,135588,24.25,0.62
803,2021-06-18,BAS,4466,2067,2399,2180,2259,27,ITF,ITF5,17,Basilicata,Basilicata,559084,140054,25.05,0.8
804,2021-08-23,BAS,3315,1736,1579,1369,1864,82,ITF,ITF5,17,Basilicata,Basilicata,559084,143369,25.64,0.59
805,2021-05-02,BAS,4181,2001,2180,3490,629,62,ITF,ITF5,17,Basilicata,Basilicata,559084,147550,26.39,0.75
806,2021-04-15,BAS,3431,1679,1752,2586,799,46,ITF,ITF5,17,Basilicata,Basilicata,559084,150981,27.01,0.61
807,2021-07-07,BAS,5203,2470,2733,2019,3169,15,ITF,ITF5,17,Basilicata,Basilicata,559084,156184,27.94,0.93
808,2021-01-03,BAS,910,347,563,910,0,0,ITF,ITF5,17,Basilicata,Basilicata,559084,157094,28.1,0.16
809,2021-04-01,BAS,2736,1119,1617,1967,736,33,ITF,ITF5,17,Basilicata,Basilicata,559084,159830,28.59,0.49
810,2021-02-03,BAS,675,305,370,32,643,0,ITF,ITF5,17,Basilicata,Basilicata,559084,160505,28.71,0.12
811,2021-06-01,BAS,6137,2927,3210,3034,3076,27,ITF,ITF5,17,Basilicata,Basilicata,559084,166642,29.81,1.1
812,2021-06-23,BAS,3240,1522,1718,2332,876,32,ITF,ITF5,17,Basilicata,Basilicata,559084,169882,30.39,0.58
813,2021-03-13,BAS,1808,894,914,739,1049,20,ITF,ITF5,17,Basilicata,Basilicata,559084,171690,30.71,0.32
814,2021-02-07,BAS,382,161,221,49,333,0,ITF,ITF5,17,Basilicata,Basilicata,559084,172072,30.78,0.07
815,2021-02-05,BAS,998,449,549,64,932,2,ITF,ITF5,17,Basilicata,Basilicata,559084,173070,30.96,0.18
816,2021-07-12,BAS,5441,2592,2849,1606,3809,26,ITF,ITF5,17,Basilicata,Basilicata,559084,178511,31.93,0.97
817,2021-05-16,BAS,4973,2468,2505,2811,2113,49,ITF,ITF5,17,Basilicata,Basilicata,559084,183484,32.82,0.89
818,2021-07-19,BAS,5926,2890,3036,1998,3886,42,ITF,ITF5,17,Basilicata,Basilicata,559084,189410,33.88,1.06
819,2021-05-23,BAS,4518,2302,2216,1527,2984,7,ITF,ITF5,17,Basilicata,Basilicata,559084,193928,34.69,0.81
820,2021-07-14,BAS,5642,2722,2920,1628,3989,25,ITF,ITF5,17,Basilicata,Basilicata,559084,199570,35.7,1.01
821,2021-04-05,BAS,726,235,491,412,304,10,ITF,ITF5,17,Basilicata,Basilicata,559084,200296,35.83,0.13
822,2021-03-22,BAS,1222,549,673,641,573,8,ITF,ITF5,17,Basilicata,Basilicata,559084,201518,36.04,0.22
823,2021-03-03,BAS,1794,836,958,1209,563,22,ITF,ITF5,17,Basilicata,Basilicata,559084,203312,36.37,0.32
824,2021-06-27,BAS,3008,1478,1530,2378,616,14,ITF,ITF5,17,Basilicata,Basilicata,559084,206320,36.9,0.54
825,2021-04-29,BAS,4858,2398,2460,4342,441,75,ITF,ITF5,17,Basilicata,Basilicata,559084,211178,37.77,0.87
826,2021-03-17,BAS,1470,615,855,24,1442,4,ITF,ITF5,17,Basilicata,Basilicata,559084,212648,38.04,0.26
827,2021-01-19,BAS,199,84,115,199,0,0,ITF,ITF5,17,Basilicata,Basilicata,559084,212847,38.07,0.04
828,2021-06-25,BAS,3317,1571,1746,2444,839,34,ITF,ITF5,17,Basilicata,Basilicata,559084,216164,38.66,0.59
829,2021-07-04,BAS,3112,1563,1549,2164,922,26,ITF,ITF5,17,Basilicata,Basilicata,559084,219276,39.22,0.56
830,2021-01-24,BAS,867,316,551,58,808,1,ITF,ITF5,17,Basilicata,Basilicata,559084,220143,39.38,0.16
831,2021-05-13,BAS,5985,2969,3016,3298,2597,90,ITF,ITF5,17,Basilicata,Basilicata,559084,226128,40.45,1.07
832,2021-08-21,BAS,3268,1778,1490,1711,1461,96,ITF,ITF5,17,Basilicata,Basilicata,559084,229396,41.03,0.58
833,2021-07-09,BAS,5338,2608,2730,1696,3633,9,ITF,ITF5,17,Basilicata,Basilicata,559084,234734,41.99,0.95
834,2021-04-17,BAS,3461,1655,1806,2170,1262,29,ITF,ITF5,17,Basilicata,Basilicata,559084,238195,42.6,0.62
835,2021-03-29,BAS,2482,898,1584,2141,288,53,ITF,ITF5,17,Basilicata,Basilicata,559084,240677,43.05,0.44
836,2021-01-05,BAS,952,410,542,952,0,0,ITF,ITF5,17,Basilicata,Basilicata,559084,241629,43.22,0.17
837,2021-08-04,BAS,4501,2232,2269,1424,3035,42,ITF,ITF5,17,Basilicata,Basilicata,559084,246130,44.02,0.81
838,2021-06-08,BAS,4587,2195,2392,4191,358,38,ITF,ITF5,17,Basilicata,Basilicata,559084,250717,44.84,0.82
839,2021-03-05,BAS,1871,864,1007,1097,759,15,ITF,ITF5,17,Basilicata,Basilicata,559084,252588,45.18,0.33
840,2021-06-13,BAS,3014,1440,1574,2678,308,28,ITF,ITF5,17,Basilicata,Basilicata,559084,255602,45.72,0.54
841,2021-05-27,BAS,3623,1863,1760,1073,2536,14,ITF,ITF5,17,Basilicata,Basilicata,559084,259225,46.37,0.65
842,2021-09-04,BAS,2607,1398,1209,774,1765,68,ITF,ITF5,17,Basilicata,Basilicata,559084,261832,46.83,0.47
843,2021-05-18,BAS,5895,2855,3040,3379,2492,24,ITF,ITF5,17,Basilicata,Basilicata,559084,267727,47.89,1.05
844,2021-08-09,BAS,4011,2066,1945,1569,2396,46,ITF,ITF5,17,Basilicata,Basilicata,559084,271738,48.6,0.72
845,2021-07-23,BAS,5553,2783,2770,1891,3616,46,ITF,ITF5,17,Basilicata,Basilicata,559084,277291,49.6,0.99
846,2021-05-01,BAS,4708,2139,2569,3883,755,70,ITF,ITF5,17,Basilicata,Basilicata,559084,281999,50.44,0.84
847,2021-05-25,BAS,4200,2114,2086,868,3322,10,ITF,ITF5,17,Basilicata,Basilicata,559084,286199,51.19,0.75
848,2021-02-14,BAS,151,48,103,105,0,46,ITF,ITF5,17,Basilicata,Basilicata,559084,286350,51.22,0.03
849,2021-01-31,BAS,78,24,54,0,78,0,ITF,ITF5,17,Basilicata,Basilicata,559084,286428,51.23,0.01
850,2021-01-12,BAS,217,88,129,217,0,0,ITF,ITF5,17,Basilicata,Basilicata,559084,286645,51.27,0.04
851,2021-06-20,BAS,4011,1883,2128,1940,2036,35,ITF,ITF5,17,Basilicata,Basilicata,559084,290656,51.99,0.72
852,2021-03-14,BAS,1013,479,534,530,471,12,ITF,ITF5,17,Basilicata,Basilicata,559084,291669,52.17,0.18
853,2021-03-31,BAS,3116,1268,1848,2301,785,30,ITF,ITF5,17,Basilicata,Basilicata,559084,294785,52.73,0.56
854,2021-06-22,BAS,4356,2062,2294,2224,2100,32,ITF,ITF5,17,Basilicata,Basilicata,559084,299141,53.51,0.78
855,2021-06-05,BAS,4800,2210,2590,3823,941,36,ITF,ITF5,17,Basilicata,Basilicata,559084,303941,54.36,0.86
856,2021-08-27,BAS,2479,1313,1166,999,1410,70,ITF,ITF5,17,Basilicata,Basilicata,559084,306420,54.81,0.44
857,2021-05-08,BAS,4846,2407,2439,3382,1412,52,ITF,ITF5,17,Basilicata,Basilicata,559084,311266,55.67,0.87
858,2021-08-16,BAS,3566,1866,1700,1484,1998,84,ITF,ITF5,17,Basilicata,Basilicata,559084,314832,56.31,0.64
859,2021-03-10,BAS,1687,846,841,837,839,11,ITF,ITF5,17,Basilicata,Basilicata,559084,316519,56.61,0.3
860,2021-01-26,BAS,813,358,455,101,712,0,ITF,ITF5,17,Basilicata,Basilicata,559084,317332,56.76,0.15
861,2021-05-06,BAS,5068,2440,2628,3431,1586,51,ITF,ITF5,17,Basilicata,Basilicata,559084,322400,57.67,0.91
862,2021-05-15,BAS,6533,3344,3189,3875,2575,83,ITF,ITF5,17,Basilicata,Basilicata,559084,328933,58.83,1.17
863,2021-04-12,BAS,2175,1054,1121,1651,494,30,ITF,ITF5,17,Basilicata,Basilicata,559084,331108,59.22,0.39
864,2021-07-21,BAS,5847,2943,2904,1613,4201,33,ITF,ITF5,17,Basilicata,Basilicata,559084,336955,60.27,1.05
865,2021-04-19,BAS,4182,1920,2262,2395,1653,134,ITF,ITF5,17,Basilicata,Basilicata,559084,341137,61.02,0.75
866,2021-07-28,BAS,5040,2576,2464,1934,3047,59,ITF,ITF5,17,Basilicata,Basilicata,559084,346177,61.92,0.9
867,2021-06-15,BAS,3222,1417,1805,2225,976,21,ITF,ITF5,17,Basilicata,Basilicata,559084,349399,62.49,0.58
868,2021-02-28,BAS,813,347,466,772,37,4,ITF,ITF5,17,Basilicata,Basilicata,559084,350212,62.64,0.15
869,2021-01-02,BAS,957,383,574,956,0,1,ITF,ITF5,17,Basilicata,Basilicata,559084,351169,62.81,0.17
870,2021-01-16,BAS,725,305,420,725,0,0,ITF,ITF5,17,Basilicata,Basilicata,559084,351894,62.94,0.13
871,2021-04-26,BAS,4466,2164,2302,4197,221,48,ITF,ITF5,17,Basilicata,Basilicata,559084,356360,63.74,0.8
872,2021-04-02,BAS,2344,1057,1287,1714,605,25,ITF,ITF5,17,Basilicata,Basilicata,559084,358704,64.16,0.42
873,2021-02-04,BAS,1108,446,662,64,1044,0,ITF,ITF5,17,Basilicata,Basilicata,559084,359812,64.36,0.2
874,2021-07-11,BAS,5031,2405,2626,1508,3498,25,ITF,ITF5,17,Basilicata,Basilicata,559084,364843,65.26,0.9
875,2021-02-02,BAS,370,145,225,175,194,1,ITF,ITF5,17,Basilicata,Basilicata,559084,365213,65.32,0.07
876,2021-04-09,BAS,1153,350,803,1062,63,28,ITF,ITF5,17,Basilicata,Basilicata,559084,366366,65.53,0.21
877,2021-04-24,BAS,4584,2221,2363,3476,1052,56,ITF,ITF5,17,Basilicata,Basilicata,559084,370950,66.35,0.82
878,2021-08-02,BAS,4611,2336,2275,1781,2790,40,ITF,ITF5,17,Basilicata,Basilicata,559084,375561,67.17,0.82
879,2021-07-16,BAS,5934,2900,3034,1803,4097,34,ITF,ITF5,17,Basilicata,Basilicata,559084,381495,68.24,1.06
880,2021-03-19,BAS,2313,1003,1310,260,2046,7,ITF,ITF5,17,Basilicata,Basilicata,559084,383808,68.65,0.41
881,2021-02-26,BAS,2160,907,1253,2072,82,6,ITF,ITF5,17,Basilicata,Basilicata,559084,385968,69.04,0.39
882,2021-05-20,BAS,5888,2983,2905,2889,2971,28,ITF,ITF5,17,Basilicata,Basilicata,559084,391856,70.09,1.05
883,2021-08-28,BAS,2276,1287,989,1111,1105,60,ITF,ITF5,17,Basilicata,Basilicata,559084,394132,70.5,0.41
884,2021-06-06,BAS,4512,2074,2438,3695,779,38,ITF,ITF5,17,Basilicata,Basilicata,559084,398644,71.3,0.81
885,2021-08-11,BAS,3711,1923,1788,1428,2225,58,ITF,ITF5,17,Basilicata,Basilicata,559084,402355,71.97,0.66
886,2021-07-13,BAS,5853,2825,3028,1772,4033,48,ITF,ITF5,17,Basilicata,Basilicata,559084,408208,73.01,1.05
887,2021-02-27,BAS,2002,863,1139,1820,165,17,ITF,ITF5,17,Basilicata,Basilicata,559084,410210,73.37,0.36
888,2021-07-20,BAS,5695,2793,2902,1690,3965,40,ITF,ITF5,17,Basilicata,Basilicata,559084,415905,74.39,1.02
889,2021-06-07,BAS,4239,1921,2318,3885,316,38,ITF,ITF5,17,Basilicata,Basilicata,559084,420144,75.15,0.76
890,2021-04-11,BAS,966,393,573,760,176,30,ITF,ITF5,17,Basilicata,Basilicata,559084,421110,75.32,0.17
891,2021-09-06,BAS,3015,1572,1443,745,2192,78,ITF,ITF5,17,Basilicata,Basilicata,559084,424125,75.86,0.54
892,2021-05-10,BAS,4803,2382,2421,2708,2042,53,ITF,ITF5,17,Basilicata,Basilicata,559084,428928,76.72,0.86
893,2021-08-18,BAS,3571,1975,1596,1499,1976,96,ITF,ITF5,17,Basilicata,Basilicata,559084,432499,77.36,0.64
894,2021-07-18,BAS,4389,2163,2226,1577,2785,27,ITF,ITF5,17,Basilicata,Basilicata,559084,436888,78.14,0.79
895,2021-04-14,BAS,2047,1002,1045,1354,677,16,ITF,ITF5,17,Basilicata,Basilicata,559084,438935,78.51,0.37
896,2021-01-21,BAS,31,10,21,30,1,0,ITF,ITF5,17,Basilicata,Basilicata,559084,438966,78.52,0.01
897,2021-01-04,BAS,614,275,339,614,0,0,ITF,ITF5,17,Basilicata,Basilicata,559084,439580,78.63,0.11
898,2021-07-06,BAS,4211,2009,2202,2115,2060,36,ITF,ITF5,17,Basilicata,Basilicata,559084,443791,79.38,0.75
899,2021-01-23,BAS,756,319,437,33,723,0,ITF,ITF5,17,Basilicata,Basilicata,559084,444547,79.51,0.14
900,2021-05-03,BAS,4511,2043,2468,3620,827,64,ITF,ITF5,17,Basilicata,Basilicata,559084,449058,80.32,0.81
901,2021-02-09,BAS,494,215,279,317,177,0,ITF,ITF5,17,Basilicata,Basilicata,559084,449552,80.41,0.09
902,2021-07-25,BAS,4481,2256,2225,1608,2848,25,ITF,ITF5,17,Basilicata,Basilicata,559084,454033,81.21,0.8
903,2021-02-23,BAS,1910,772,1138,1751,141,18,ITF,ITF5,17,Basilicata,Basilicata,559084,455943,81.55,0.34
904,2021-06-03,BAS,4922,2258,2664,3703,1181,38,ITF,ITF5,17,Basilicata,Basilicata,559084,460865,82.43,0.88
905,2021-03-12,BAS,1921,986,935,786,1107,28,ITF,ITF5,17,Basilicata,Basilicata,559084,462786,82.78,0.34
906,2021-05-17,BAS,5548,2735,2813,3362,2136,50,ITF,ITF5,17,Basilicata,Basilicata,559084,468334,83.77,0.99
907,2021-08-25,BAS,2683,1408,1275,1260,1339,84,ITF,ITF5,17,Basilicata,Basilicata,559084,471017,84.25,0.48
908,2021-02-08,BAS,565,194,371,154,411,0,ITF,ITF5,17,Basilicata,Basilicata,559084,471582,84.35,0.1
909,2021-05-19,BAS,2872,1499,1373,1183,1676,13,ITF,ITF5,17,Basilicata,Basilicata,559084,474454,84.86,0.51
910,2021-02-25,BAS,1795,740,1055,1737,47,11,ITF,ITF5,17,Basilicata,Basilicata,559084,476249,85.18,0.32
911,2021-08-10,BAS,4415,2325,2090,1513,2831,71,ITF,ITF5,17,Basilicata,Basilicata,559084,480664,85.97,0.79
912,2021-08-30,BAS,3199,1711,1488,1549,1546,104,ITF,ITF5,17,Basilicata,Basilicata,559084,483863,86.55,0.57
913,2021-03-24,BAS,2000,770,1230,1482,493,25,ITF,ITF5,17,Basilicata,Basilicata,559084,485863,86.9,0.36
914,2021-07-02,BAS,3689,1839,1850,2484,1176,29,ITF,ITF5,17,Basilicata,Basilicata,559084,489552,87.56,0.66
915,2021-08-20,BAS,3123,1679,1444,1452,1593,78,ITF,ITF5,17,Basilicata,Basilicata,559084,492675,88.12,0.56
916,2021-02-16,BAS,908,377,531,791,98,19,ITF,ITF5,17,Basilicata,Basilicata,559084,493583,88.28,0.16
917,2021-01-28,BAS,919,407,512,119,800,0,ITF,ITF5,17,Basilicata,Basilicata,559084,494502,88.45,0.16
918,2021-01-14,BAS,973,413,560,973,0,0,ITF,ITF5,17,Basilicata,Basilicata,559084,495475,88.62,0.17
919,2021-04-07,BAS,1212,552,660,1156,36,20,ITF,ITF5,17,Basilicata,Basilicata,559084,496687,88.84,0.22
920,2021-04-25,BAS,2990,1459,1531,2906,52,32,ITF,ITF5,17,Basilicata,Basilicata,559084,499677,89.37,0.53
921,2021-08-03,BAS,5058,2572,2486,1826,3183,49,ITF,ITF5,17,Basilicata,Basilicata,559084,504735,90.28,0.9
922,2021-08-17,BAS,3508,1763,1745,1398,2044,66,ITF,ITF5,17,Basilicata,Basilicata,559084,508243,90.91,0.63
923,2021-05-12,BAS,4731,2330,2401,2801,1881,49,ITF,ITF5,17,Basilicata,Basilicata,559084,512974,91.75,0.85
924,2021-08-08,BAS,3664,1873,1791,1115,2520,29,ITF,ITF5,17,Basilicata,Basilicata,559084,516638,92.41,0.66
925,2021-02-21,BAS,284,113,171,284,0,0,ITF,ITF5,17,Basilicata,Basilicata,559084,516922,92.46,0.05
926,2021-03-07,BAS,896,313,583,847,39,10,ITF,ITF5,17,Basilicata,Basilicata,559084,517818,92.62,0.16
927,2021-01-09,BAS,560,161,399,560,0,0,ITF,ITF5,17,Basilicata,Basilicata,559084,518378,92.72,0.1
928,2021-08-29,BAS,2331,1249,1082,1255,979,97,ITF,ITF5,17,Basilicata,Basilicata,559084,520709,93.14,0.42
929,2021-07-03,BAS,3945,2103,1842,2755,1144,46,ITF,ITF5,17,Basilicata,Basilicata,559084,524654,93.84,0.71
930,2021-04-04,BAS,612,227,385,188,418,6,ITF,ITF5,17,Basilicata,Basilicata,559084,525266,93.95,0.11
931,2021-07-22,BAS,5797,2888,2909,1787,3948,62,ITF,ITF5,17,Basilicata,Basilicata,559084,531063,94.99,1.04
932,2021-06-21,BAS,4258,2045,2213,2142,2095,21,ITF,ITF5,17,Basilicata,Basilicata,559084,535321,95.75,0.76
933,2021-06-19,BAS,4466,2178,2288,2370,2074,22,ITF,ITF5,17,Basilicata,Basilicata,559084,539787,96.55,0.8
934,2021-03-28,BAS,2147,746,1401,2111,19,17,ITF,ITF5,17,Basilicata,Basilicata,559084,541934,96.93,0.38
935,2021-03-11,BAS,1800,931,869,819,963,18,ITF,ITF5,17,Basilicata,Basilicata,559084,543734,97.25,0.32
936,2021-02-06,BAS,927,381,546,146,781,0,ITF,ITF5,17,Basilicata,Basilicata,559084,544661,97.42,0.17
937,2021-04-30,BAS,5287,2377,2910,4065,1163,59,ITF,ITF5,17,Basilicata,Basilicata,559084,549948,98.37,0.95
938,2021-01-20,BAS,85,22,63,84,1,0,ITF,ITF5,17,Basilicata,Basilicata,559084,550033,98.38,0.02
939,2021-05-07,BAS,4639,2280,2359,3269,1340,30,ITF,ITF5,17,Basilicata,Basilicata,559084,554672,99.21,0.83
940,2021-08-15,BAS,2705,1431,1274,1137,1528,40,ITF,ITF5,17,Basilicata,Basilicata,559084,557377,99.69,0.48
941,2021-07-10,BAS,5529,2668,2861,1595,3925,9,ITF,ITF5,17,Basilicata,Basilicata,559084,562906,100.68,0.99
942,2021-05-14,BAS,5907,2798,3109,3274,2530,103,ITF,ITF5,17,Basilicata,Basilicata,559084,568813,101.74,1.06
943,2021-03-18,BAS,1362,569,793,17,1336,9,ITF,ITF5,17,Basilicata,Basilicata,559084,570175,101.98,0.24
944,2021-08-22,BAS,2443,1282,1161,1023,1371,49,ITF,ITF5,17,Basilicata,Basilicata,559084,572618,102.42,0.44
945,2021-06-26,BAS,3337,1614,1723,2750,558,29,ITF,ITF5,17,Basilicata,Basilicata,559084,575955,103.02,0.6
946,2021-07-15,BAS,6479,3211,3268,1668,4785,26,ITF,ITF5,17,Basilicata,Basilicata,559084,582434,104.18,1.16
947,2021-04-06,BAS,1275,465,810,1073,184,18,ITF,ITF5,17,Basilicata,Basilicata,559084,583709,104.4,0.23
948,2021-06-14,BAS,4825,2156,2669,2090,2711,24,ITF,ITF5,17,Basilicata,Basilicata,559084,588534,105.27,0.86
949,2021-03-23,BAS,1643,634,1009,1454,169,20,ITF,ITF5,17,Basilicata,Basilicata,559084,590177,105.56,0.29
950,2021-07-01,BAS,3713,1856,1857,2566,1113,34,ITF,ITF5,17,Basilicata,Basilicata,559084,593890,106.23,0.66
951,2021-09-03,BAS,2879,1529,1350,766,2050,63,ITF,ITF5,17,Basilicata,Basilicata,559084,596769,106.74,0.51
952,2021-02-01,BAS,248,94,154,46,202,0,ITF,ITF5,17,Basilicata,Basilicata,559084,597017,106.78,0.04
953,2021-05-26,BAS,4489,2260,2229,1676,2784,29,ITF,ITF5,17,Basilicata,Basilicata,559084,601506,107.59,0.8
954,2021-03-30,BAS,2856,1214,1642,2494,346,16,ITF,ITF5,17,Basilicata,Basilicata,559084,604362,108.1,0.51
955,2021-07-08,BAS,5138,2429,2709,1853,3260,25,ITF,ITF5,17,Basilicata,Basilicata,559084,609500,109.02,0.92
956,2021-01-06,BAS,296,130,166,296,0,0,ITF,ITF5,17,Basilicata,Basilicata,559084,609796,109.07,0.05
957,2021-04-16,BAS,3324,1635,1689,2398,901,25,ITF,ITF5,17,Basilicata,Basilicata,559084,613120,109.67,0.59
958,2021-08-01,BAS,4210,2115,2095,1633,2537,40,ITF,ITF5,17,Basilicata,Basilicata,559084,617330,110.42,0.75
959,2021-06-29,BAS,3856,1880,1976,2785,1043,28,ITF,ITF5,17,Basilicata,Basilicata,559084,621186,111.11,0.69
960,2021-03-21,BAS,1177,547,630,474,700,3,ITF,ITF5,17,Basilicata,Basilicata,559084,622363,111.32,0.21
961,2021-05-29,BAS,3060,1534,1526,824,2225,11,ITF,ITF5,17,Basilicata,Basilicata,559084,625423,111.87,0.55
962,2021-01-13,BAS,917,387,530,917,0,0,ITF,ITF5,17,Basilicata,Basilicata,559084,626340,112.03,0.16
963,2021-04-23,BAS,4552,2191,2361,3478,1013,61,ITF,ITF5,17,Basilicata,Basilicata,559084,630892,112.84,0.81
964,2021-01-30,BAS,713,230,483,129,584,0,ITF,ITF5,17,Basilicata,Basilicata,559084,631605,112.97,0.13
965,2021-09-05,BAS,2284,1205,1079,468,1783,33,ITF,ITF5,17,Basilicata,Basilicata,559084,633889,113.38,0.41
966,2021-03-04,BAS,1899,901,998,1068,807,24,ITF,ITF5,17,Basilicata,Basilicata,559084,635788,113.72,0.34
967,2021-06-12,BAS,3686,1694,1992,2959,689,38,ITF,ITF5,17,Basilicata,Basilicata,559084,639474,114.38,0.66
968,2021-09-01,BAS,3248,1683,1565,1045,2104,99,ITF,ITF5,17,Basilicata,Basilicata,559084,642722,114.96,0.58
969,2021-02-11,BAS,957,406,551,872,83,2,ITF,ITF5,17,Basilicata,Basilicata,559084,643679,115.13,0.17
970,2021-05-22,BAS,5494,2725,2769,1929,3553,12,ITF,ITF5,17,Basilicata,Basilicata,559084,649173,116.11,0.98
971,2021-03-26,BAS,1958,703,1255,1669,261,28,ITF,ITF5,17,Basilicata,Basilicata,559084,651131,116.46,0.35
972,2021-02-13,BAS,801,314,487,702,61,38,ITF,ITF5,17,Basilicata,Basilicata,559084,651932,116.61,0.14
973,2021-05-24,BAS,4833,2344,2489,1087,3733,13,ITF,ITF5,17,Basilicata,Basilicata,559084,656765,117.47,0.86
974,2021-07-29,BAS,4857,2524,2333,1908,2902,47,ITF,ITF5,17,Basilicata,Basilicata,559084,661622,118.34,0.87
975,2021-06-02,BAS,5962,2806,3156,4375,1544,43,ITF,ITF5,17,Basilicata,Basilicata,559084,667584,119.41,1.07
976,2021-04-18,BAS,3720,1843,1877,2327,1370,23,ITF,ITF5,17,Basilicata,Basilicata,559084,671304,120.07,0.67
977,2021-02-20,BAS,1169,536,633,1050,119,0,ITF,ITF5,17,Basilicata,Basilicata,559084,672473,120.28,0.21
978,2021-07-27,BAS,4716,2372,2344,1814,2855,47,ITF,ITF5,17,Basilicata,Basilicata,559084,677189,121.12,0.84
979,2021-05-31,BAS,4230,2010,2220,1713,2509,8,ITF,ITF5,17,Basilicata,Basilicata,559084,681419,121.88,0.76
980,2021-02-18,BAS,1075,404,671,855,217,3,ITF,ITF5,17,Basilicata,Basilicata,559084,682494,122.07,0.19
981,2021-03-27,BAS,2257,866,1391,1809,434,14,ITF,ITF5,17,Basilicata,Basilicata,559084,684751,122.48,0.4
982,2021-08-31,BAS,3099,1594,1505,1678,1276,145,ITF,ITF5,17,Basilicata,Basilicata,559084,687850,123.03,0.55
983,2021-07-05,BAS,3270,1615,1655,2214,1022,34,ITF,ITF5,17,Basilicata,Basilicata,559084,691120,123.62,0.58
984,2021-01-07,BAS,644,321,323,644,0,0,ITF,ITF5,17,Basilicata,Basilicata,559084,691764,123.73,0.12
985,2021-02-19,BAS,1627,739,888,1559,63,5,ITF,ITF5,17,Basilicata,Basilicata,559084,693391,124.02,0.29
986,2021-02-12,BAS,781,334,447,748,32,1,ITF,ITF5,17,Basilicata,Basilicata,559084,694172,124.16,0.14
987,2021-04-10,BAS,1035,379,656,923,84,28,ITF,ITF5,17,Basilicata,Basilicata,559084,695207,124.35,0.19
988,2021-06-24,BAS,4091,1940,2151,2152,1902,37,ITF,ITF5,17,Basilicata,Basilicata,559084,699298,125.08,0.73
989,2021-04-28,BAS,4709,2159,2550,4207,441,61,ITF,ITF5,17,Basilicata,Basilicata,559084,704007,125.92,0.84
990,2021-03-02,BAS,802,387,415,659,138,5,ITF,ITF5,17,Basilicata,Basilicata,559084,704809,126.06,0.14
991,2021-08-06,BAS,4215,2158,2057,1316,2846,53,ITF,ITF5,17,Basilicata,Basilicata,559084,709024,126.82,0.75
992,2021-06-10,BAS,4346,2101,2245,3867,442,37,ITF,ITF5,17,Basilicata,Basilicata,559084,713370,127.6,0.78
993,2021-08-13,BAS,3661,1904,1757,1423,2147,91,ITF,ITF5,17,Basilicata,Basilicata,559084,717031,128.25,0.65
994,2021-07-30,BAS,4767,2437,2330,1915,2803,49,ITF,ITF5,17,Basilicata,Basilicata,559084,721798,129.1,0.85
995,2021-06-17,BAS,4442,2045,2397,2087,2330,25,ITF,ITF5,17,Basilicata,Basilicata,559084,726240,129.9,0.79
996,2021-04-21,BAS,3952,1845,2107,2243,1679,30,ITF,ITF5,17,Basilicata,Basilicata,559084,730192,130.61,0.71
997,2021-01-18,BAS,465,158,307,366,99,0,ITF,ITF5,17,Basilicata,Basilicata,559084,730657,130.69,0.08
998,2021-03-16,BAS,1924,808,1116,226,1695,3,ITF,ITF5,17,Basilicata,Basilicata,559084,732581,131.03,0.34
999,2021-05-05,BAS,4338,2050,2288,3376,891,71,ITF,ITF5,17,Basilicata,Basilicata,559084,736919,131.81,0.78
1000,2021-03-09,BAS,1414,723,691,780,613,21,ITF,ITF5,17,Basilicata,Basilicata,559084,738333,132.06,0.25
1001,2021-01-25,BAS,1045,439,606,74,970,1,ITF,ITF5,17,Basilicata,Basilicata,559084,739378,132.25,0.19
1002,2021-01-11,BAS,186,67,119,186,0,0,ITF,ITF5,17,Basilicata,Basilicata,559084,739564,132.28,0.03
1003,2021-07-01,TOS,32082,15533,16549,10721,21079,282,ITI,ITI1,9,Toscana,Toscana,3729641,32082,0.86,0.86
1004,2021-03-26,TOS,20751,9432,11319,14709,5832,210,ITI,ITI1,9,Toscana,Toscana,3729641,52833,1.42,0.56
1005,2021-03-09,TOS,11144,4576,6568,5502,5563,79,ITI,ITI1,9,Toscana,Toscana,3729641,63977,1.72,0.3
1006,2021-04-09,TOS,24621,10585,14036,20717,3454,450,ITI,ITI1,9,Toscana,Toscana,3729641,88598,2.38,0.66
1007,2021-07-18,TOS,30386,15279,15107,8337,21839,210,ITI,ITI1,9,Toscana,Toscana,3729641,118984,3.19,0.81
1008,2021-06-17,TOS,32615,16709,15906,26707,5563,345,ITI,ITI1,9,Toscana,Toscana,3729641,151599,4.06,0.87
1009,2021-01-16,TOS,3271,1046,2225,3213,0,58,ITI,ITI1,9,Toscana,Toscana,3729641,154870,4.15,0.09
1010,2021-04-26,TOS,10149,4936,5213,7456,2557,136,ITI,ITI1,9,Toscana,Toscana,3729641,165019,4.42,0.27
1011,2021-01-02,TOS,3499,1096,2403,3455,0,44,ITI,ITI1,9,Toscana,Toscana,3729641,168518,4.52,0.09
1012,2021-08-01,TOS,29924,15319,14605,13787,15652,485,ITI,ITI1,9,Toscana,Toscana,3729641,198442,5.32,0.8
1013,2021-06-05,TOS,28455,13608,14847,20559,7621,275,ITI,ITI1,9,Toscana,Toscana,3729641,226897,6.08,0.76
1014,2021-08-08,TOS,25037,12920,12117,14610,9926,501,ITI,ITI1,9,Toscana,Toscana,3729641,251934,6.75,0.67
1015,2021-01-11,TOS,5095,1691,3404,4996,0,99,ITI,ITI1,9,Toscana,Toscana,3729641,257029,6.89,0.14
1016,2021-04-21,TOS,29652,12688,16964,16852,12161,639,ITI,ITI1,9,Toscana,Toscana,3729641,286681,7.69,0.8
1017,2021-02-23,TOS,7723,3325,4398,7209,162,352,ITI,ITI1,9,Toscana,Toscana,3729641,294404,7.89,0.21
1018,2021-06-03,TOS,32066,15457,16609,27152,4589,325,ITI,ITI1,9,Toscana,Toscana,3729641,326470,8.75,0.86
1019,2021-04-07,TOS,35860,15485,20375,28159,7278,423,ITI,ITI1,9,Toscana,Toscana,3729641,362330,9.71,0.96
1020,2021-05-22,TOS,26037,12667,13370,21490,4298,249,ITI,ITI1,9,Toscana,Toscana,3729641,388367,10.41,0.7
1021,2021-05-05,TOS,30163,13465,16698,14854,14573,736,ITI,ITI1,9,Toscana,Toscana,3729641,418530,11.22,0.81
1022,2021-08-13,TOS,23108,12519,10589,11334,11228,546,ITI,ITI1,9,Toscana,Toscana,3729641,441638,11.84,0.62
1023,2021-02-28,TOS,1649,667,982,852,727,70,ITI,ITI1,9,Toscana,Toscana,3729641,443287,11.89,0.04
1024,2021-02-11,TOS,5383,2022,3361,5060,242,81,ITI,ITI1,9,Toscana,Toscana,3729641,448670,12.03,0.14
1025,2021-02-09,TOS,4490,1470,3020,3765,611,114,ITI,ITI1,9,Toscana,Toscana,3729641,453160,12.15,0.12
1026,2021-08-27,TOS,16272,8697,7575,7749,7998,525,ITI,ITI1,9,Toscana,Toscana,3729641,469432,12.59,0.44
1027,2021-01-28,TOS,6286,1883,4403,346,5933,7,ITI,ITI1,9,Toscana,Toscana,3729641,475718,12.76,0.17
1028,2021-07-30,TOS,37912,20403,17509,10793,26763,356,ITI,ITI1,9,Toscana,Toscana,3729641,513630,13.77,1.02
1029,2021-07-13,TOS,29348,14736,14612,7715,21457,176,ITI,ITI1,9,Toscana,Toscana,3729641,542978,14.56,0.79
1030,2021-04-02,TOS,32035,13586,18449,23695,8085,255,ITI,ITI1,9,Toscana,Toscana,3729641,575013,15.42,0.86
1031,2021-06-22,TOS,31061,15630,15431,22463,8218,380,ITI,ITI1,9,Toscana,Toscana,3729641,606074,16.25,0.83
1032,2021-05-17,TOS,29782,14883,14899,20558,8945,279,ITI,ITI1,9,Toscana,Toscana,3729641,635856,17.05,0.8
1033,2021-03-21,TOS,3296,1629,1667,1819,1434,43,ITI,ITI1,9,Toscana,Toscana,3729641,639152,17.14,0.09
1034,2021-08-25,TOS,20287,10596,9691,10592,8969,726,ITI,ITI1,9,Toscana,Toscana,3729641,659439,17.68,0.54
1035,2021-01-23,TOS,3970,1360,2610,630,3334,6,ITI,ITI1,9,Toscana,Toscana,3729641,663409,17.79,0.11
1036,2021-06-29,TOS,37054,18041,19013,7980,28920,154,ITI,ITI1,9,Toscana,Toscana,3729641,700463,18.78,0.99
1037,2021-05-03,TOS,11944,5518,6426,10363,1333,248,ITI,ITI1,9,Toscana,Toscana,3729641,712407,19.1,0.32
1038,2021-09-06,TOS,22382,11501,10881,9138,12227,1017,ITI,ITI1,9,Toscana,Toscana,3729641,734789,19.7,0.6
1039,2021-02-04,TOS,4255,1595,2660,933,3295,27,ITI,ITI1,9,Toscana,Toscana,3729641,739044,19.82,0.11
1040,2021-05-15,TOS,29374,13864,15510,22871,5907,596,ITI,ITI1,9,Toscana,Toscana,3729641,768418,20.6,0.79
1041,2021-04-28,TOS,19151,8193,10958,3446,15347,358,ITI,ITI1,9,Toscana,Toscana,3729641,787569,21.12,0.51
1042,2021-02-18,TOS,8825,3286,5539,7745,896,184,ITI,ITI1,9,Toscana,Toscana,3729641,796394,21.35,0.24
1043,2021-05-29,TOS,31581,15267,16314,23180,8173,228,ITI,ITI1,9,Toscana,Toscana,3729641,827975,22.2,0.85
1044,2021-03-07,TOS,5649,2358,3291,1993,3545,111,ITI,ITI1,9,Toscana,Toscana,3729641,833624,22.35,0.15
1045,2021-07-20,TOS,37345,19108,18237,7970,29183,192,ITI,ITI1,9,Toscana,Toscana,3729641,870969,23.35,1.0
1046,2021-02-16,TOS,9282,3340,5942,8331,721,230,ITI,ITI1,9,Toscana,Toscana,3729641,880251,23.6,0.25
1047,2021-05-02,TOS,11180,4936,6244,8977,1969,234,ITI,ITI1,9,Toscana,Toscana,3729641,891431,23.9,0.3
1048,2021-06-12,TOS,29406,15158,14248,24658,4393,355,ITI,ITI1,9,Toscana,Toscana,3729641,920837,24.69,0.79
1049,2021-04-16,TOS,28993,12894,16099,21433,6926,634,ITI,ITI1,9,Toscana,Toscana,3729641,949830,25.47,0.78
1050,2021-07-25,TOS,33941,16787,17154,7069,26691,181,ITI,ITI1,9,Toscana,Toscana,3729641,983771,26.38,0.91
1051,2021-03-02,TOS,10604,3800,6804,7042,3448,114,ITI,ITI1,9,Toscana,Toscana,3729641,994375,26.66,0.28
1052,2021-01-04,TOS,5067,1896,3171,5002,0,65,ITI,ITI1,9,Toscana,Toscana,3729641,999442,26.8,0.14
1053,2021-04-14,TOS,20214,8354,11860,14510,5155,549,ITI,ITI1,9,Toscana,Toscana,3729641,1019656,27.34,0.54
1054,2021-09-01,TOS,23537,12388,11149,13349,9150,1038,ITI,ITI1,9,Toscana,Toscana,3729641,1043193,27.97,0.63
1055,2021-06-10,TOS,26457,13572,12885,25548,560,349,ITI,ITI1,9,Toscana,Toscana,3729641,1069650,28.68,0.71
1056,2021-05-24,TOS,33763,16727,17036,23897,9586,280,ITI,ITI1,9,Toscana,Toscana,3729641,1103413,29.58,0.91
1057,2021-08-20,TOS,20214,11087,9127,9960,9758,496,ITI,ITI1,9,Toscana,Toscana,3729641,1123627,30.13,0.54
1058,2021-03-19,TOS,10172,4475,5697,7127,2897,148,ITI,ITI1,9,Toscana,Toscana,3729641,1133799,30.4,0.27
1059,2021-01-21,TOS,1589,686,903,858,722,9,ITI,ITI1,9,Toscana,Toscana,3729641,1135388,30.44,0.04
1060,2021-07-11,TOS,26193,12730,13463,9174,16845,174,ITI,ITI1,9,Toscana,Toscana,3729641,1161581,31.14,0.7
1061,2021-06-24,TOS,29467,14631,14836,19319,9752,396,ITI,ITI1,9,Toscana,Toscana,3729641,1191048,31.93,0.79
1062,2021-01-09,TOS,4487,1597,2890,4421,0,66,ITI,ITI1,9,Toscana,Toscana,3729641,1195535,32.05,0.12
1063,2021-03-28,TOS,6212,2807,3405,5876,253,83,ITI,ITI1,9,Toscana,Toscana,3729641,1201747,32.22,0.17
1064,2021-01-30,TOS,4624,1623,3001,175,4431,18,ITI,ITI1,9,Toscana,Toscana,3729641,1206371,32.35,0.12
1065,2021-07-06,TOS,25797,13040,12757,11039,14530,228,ITI,ITI1,9,Toscana,Toscana,3729641,1232168,33.04,0.69
1066,2021-05-10,TOS,26242,12417,13825,15247,10648,347,ITI,ITI1,9,Toscana,Toscana,3729641,1258410,33.74,0.7
1067,2021-03-14,TOS,7177,2571,4606,3149,3935,93,ITI,ITI1,9,Toscana,Toscana,3729641,1265587,33.93,0.19
1068,2021-08-18,TOS,25942,13817,12125,12841,12497,604,ITI,ITI1,9,Toscana,Toscana,3729641,1291529,34.63,0.7
1069,2021-08-06,TOS,32960,17672,15288,15346,17138,476,ITI,ITI1,9,Toscana,Toscana,3729641,1324489,35.51,0.88
1070,2021-03-23,TOS,9454,4416,5038,6969,2286,199,ITI,ITI1,9,Toscana,Toscana,3729641,1333943,35.77,0.25
1071,2020-12-30,TOS,329,106,223,328,0,1,ITI,ITI1,9,Toscana,Toscana,3729641,1334272,35.77,0.01
1072,2021-08-24,TOS,21878,11473,10405,12724,8292,862,ITI,ITI1,9,Toscana,Toscana,3729641,1356150,36.36,0.59
1073,2021-08-05,TOS,34748,18020,16728,12127,22248,373,ITI,ITI1,9,Toscana,Toscana,3729641,1390898,37.29,0.93
1074,2021-08-10,TOS,25930,13489,12441,16353,8930,647,ITI,ITI1,9,Toscana,Toscana,3729641,1416828,37.99,0.7
1075,2021-02-25,TOS,10632,4305,6327,9464,998,170,ITI,ITI1,9,Toscana,Toscana,3729641,1427460,38.27,0.29
1076,2021-06-28,TOS,37704,18144,19560,8436,29100,168,ITI,ITI1,9,Toscana,Toscana,3729641,1465164,39.28,1.01
1077,2021-01-20,TOS,1335,641,694,1023,249,63,ITI,ITI1,9,Toscana,Toscana,3729641,1466499,39.32,0.04
1078,2021-04-30,TOS,40251,17813,22438,19651,19954,646,ITI,ITI1,9,Toscana,Toscana,3729641,1506750,40.4,1.08
1079,2021-04-25,TOS,11067,5252,5815,8760,2146,161,ITI,ITI1,9,Toscana,Toscana,3729641,1517817,40.7,0.3
1080,2021-06-14,TOS,31832,16352,15480,27427,4109,296,ITI,ITI1,9,Toscana,Toscana,3729641,1549649,41.55,0.85
1081,2021-03-04,TOS,17871,6965,10906,14628,3085,158,ITI,ITI1,9,Toscana,Toscana,3729641,1567520,42.03,0.48
1082,2021-08-17,TOS,25988,14021,11967,11458,14035,495,ITI,ITI1,9,Toscana,Toscana,3729641,1593508,42.73,0.7
1083,2021-01-25,TOS,5132,1895,3237,240,4888,4,ITI,ITI1,9,Toscana,Toscana,3729641,1598640,42.86,0.14
1084,2021-04-18,TOS,8372,4097,4275,7061,1035,276,ITI,ITI1,9,Toscana,Toscana,3729641,1607012,43.09,0.22
1085,2021-07-27,TOS,38732,20140,18592,11270,27116,346,ITI,ITI1,9,Toscana,Toscana,3729641,1645744,44.13,1.04
1086,2021-07-10,TOS,29317,14188,15129,7953,21174,190,ITI,ITI1,9,Toscana,Toscana,3729641,1675061,44.91,0.79
1087,2021-06-02,TOS,27613,13632,13981,21867,5512,234,ITI,ITI1,9,Toscana,Toscana,3729641,1702674,45.65,0.74
1088,2021-04-06,TOS,22244,9838,12406,18080,3745,419,ITI,ITI1,9,Toscana,Toscana,3729641,1724918,46.25,0.6
1089,2021-02-08,TOS,4100,1362,2738,3530,459,111,ITI,ITI1,9,Toscana,Toscana,3729641,1729018,46.36,0.11
1090,2021-07-15,TOS,31260,15298,15962,8088,22924,248,ITI,ITI1,9,Toscana,Toscana,3729641,1760278,47.2,0.84
1091,2021-05-19,TOS,27978,13589,14389,18644,9067,267,ITI,ITI1,9,Toscana,Toscana,3729641,1788256,47.95,0.75
1092,2021-04-13,TOS,8498,3510,4988,5738,2477,283,ITI,ITI1,9,Toscana,Toscana,3729641,1796754,48.17,0.23
1093,2021-08-22,TOS,18522,9965,8557,7303,10903,316,ITI,ITI1,9,Toscana,Toscana,3729641,1815276,48.67,0.5
1094,2021-02-20,TOS,4664,1797,2867,3993,537,134,ITI,ITI1,9,Toscana,Toscana,3729641,1819940,48.8,0.13
1095,2021-05-31,TOS,30358,14651,15707,19268,10848,242,ITI,ITI1,9,Toscana,Toscana,3729641,1850298,49.61,0.81
1096,2021-05-14,TOS,33402,15461,17941,20021,12738,643,ITI,ITI1,9,Toscana,Toscana,3729641,1883700,50.51,0.9
1097,2021-03-18,TOS,9988,3987,6001,5857,3994,137,ITI,ITI1,9,Toscana,Toscana,3729641,1893688,50.77,0.27
1098,2021-06-26,TOS,34580,16774,17806,9992,24356,232,ITI,ITI1,9,Toscana,Toscana,3729641,1928268,51.7,0.93
1099,2021-06-09,TOS,34853,17585,17268,33961,463,429,ITI,ITI1,9,Toscana,Toscana,3729641,1963121,52.64,0.93
1100,2021-04-04,TOS,13927,6612,7315,13507,255,165,ITI,ITI1,9,Toscana,Toscana,3729641,1977048,53.01,0.37
1101,2021-05-12,TOS,34232,15590,18642,13584,20062,586,ITI,ITI1,9,Toscana,Toscana,3729641,2011280,53.93,0.92
1102,2021-01-18,TOS,1120,637,483,972,98,50,ITI,ITI1,9,Toscana,Toscana,3729641,2012400,53.96,0.03
1103,2021-02-01,TOS,5514,1959,3555,510,4994,10,ITI,ITI1,9,Toscana,Toscana,3729641,2017914,54.1,0.15
1104,2021-05-07,TOS,32188,14720,17468,11349,20226,613,ITI,ITI1,9,Toscana,Toscana,3729641,2050102,54.97,0.86
1105,2021-08-15,TOS,14689,7761,6928,5268,9237,184,ITI,ITI1,9,Toscana,Toscana,3729641,2064791,55.36,0.39
1106,2021-07-29,TOS,39412,20529,18883,12611,26454,347,ITI,ITI1,9,Toscana,Toscana,3729641,2104203,56.42,1.06
1107,2021-02-13,TOS,7789,2362,5427,7414,227,148,ITI,ITI1,9,Toscana,Toscana,3729641,2111992,56.63,0.21
1108,2021-01-08,TOS,5948,1644,4304,5855,0,93,ITI,ITI1,9,Toscana,Toscana,3729641,2117940,56.79,0.16
1109,2021-07-12,TOS,28288,14008,14280,9666,18318,304,ITI,ITI1,9,Toscana,Toscana,3729641,2146228,57.55,0.76
1110,2021-04-01,TOS,27158,11265,15893,16185,10731,242,ITI,ITI1,9,Toscana,Toscana,3729641,2173386,58.27,0.73
1111,2021-03-15,TOS,8713,3659,5054,4090,4448,175,ITI,ITI1,9,Toscana,Toscana,3729641,2182099,58.51,0.23
1112,2021-06-23,TOS,31582,15315,16267,19821,11397,364,ITI,ITI1,9,Toscana,Toscana,3729641,2213681,59.35,0.85
1113,2021-06-21,TOS,31209,15499,15710,18143,12801,265,ITI,ITI1,9,Toscana,Toscana,3729641,2244890,60.19,0.84
1114,2021-01-06,TOS,4519,1460,3059,4467,0,52,ITI,ITI1,9,Toscana,Toscana,3729641,2249409,60.31,0.12
1115,2021-03-11,TOS,15972,6388,9584,12416,3373,183,ITI,ITI1,9,Toscana,Toscana,3729641,2265381,60.74,0.43
1116,2021-06-19,TOS,26524,13930,12594,21394,4791,339,ITI,ITI1,9,Toscana,Toscana,3729641,2291905,61.45,0.71
1117,2021-07-22,TOS,39397,19803,19594,4484,34745,168,ITI,ITI1,9,Toscana,Toscana,3729641,2331302,62.51,1.06
1118,2021-05-26,TOS,35624,17117,18507,20148,15220,256,ITI,ITI1,9,Toscana,Toscana,3729641,2366926,63.46,0.96
1119,2021-03-30,TOS,17040,7647,9393,13268,3574,198,ITI,ITI1,9,Toscana,Toscana,3729641,2383966,63.92,0.46
1120,2021-09-03,TOS,14130,7377,6753,7532,5893,705,ITI,ITI1,9,Toscana,Toscana,3729641,2398096,64.3,0.38
1121,2021-07-08,TOS,21095,10370,10725,9267,11587,241,ITI,ITI1,9,Toscana,Toscana,3729641,2419191,64.86,0.57
1122,2020-12-27,TOS,620,267,353,615,0,5,ITI,ITI1,9,Toscana,Toscana,3729641,2419811,64.88,0.02
1123,2021-08-02,TOS,35303,18087,17216,13355,21556,392,ITI,ITI1,9,Toscana,Toscana,3729641,2455114,65.83,0.95
1124,2021-01-03,TOS,3338,1053,2285,3292,0,46,ITI,ITI1,9,Toscana,Toscana,3729641,2458452,65.92,0.09
1125,2021-02-15,TOS,8771,3377,5394,7772,826,173,ITI,ITI1,9,Toscana,Toscana,3729641,2467223,66.15,0.24
1126,2021-02-05,TOS,5751,2245,3506,1888,3829,34,ITI,ITI1,9,Toscana,Toscana,3729641,2472974,66.31,0.15
1127,2021-05-16,TOS,26691,12895,13796,23925,2470,296,ITI,ITI1,9,Toscana,Toscana,3729641,2499665,67.02,0.72
1128,2021-05-11,TOS,27972,12997,14975,12102,15490,380,ITI,ITI1,9,Toscana,Toscana,3729641,2527637,67.77,0.75
1129,2021-01-01,TOS,2370,788,1582,2325,0,45,ITI,ITI1,9,Toscana,Toscana,3729641,2530007,67.84,0.06
1130,2021-04-11,TOS,3646,1681,1965,3334,156,156,ITI,ITI1,9,Toscana,Toscana,3729641,2533653,67.93,0.1
1131,2021-07-03,TOS,29431,14827,14604,11872,17174,385,ITI,ITI1,9,Toscana,Toscana,3729641,2563084,68.72,0.79
1132,2021-08-07,TOS,30472,16295,14177,14217,15768,487,ITI,ITI1,9,Toscana,Toscana,3729641,2593556,69.54,0.82
1133,2021-03-06,TOS,7114,2853,4261,2826,4203,85,ITI,ITI1,9,Toscana,Toscana,3729641,2600670,69.73,0.19
1134,2021-03-16,TOS,4906,1885,3021,2569,2256,81,ITI,ITI1,9,Toscana,Toscana,3729641,2605576,69.86,0.13
1135,2021-02-27,TOS,1984,756,1228,1006,902,76,ITI,ITI1,9,Toscana,Toscana,3729641,2607560,69.91,0.05
1136,2021-06-07,TOS,34979,17164,17815,30976,3655,348,ITI,ITI1,9,Toscana,Toscana,3729641,2642539,70.85,0.94
1137,2021-05-21,TOS,28959,13503,15456,17227,11475,257,ITI,ITI1,9,Toscana,Toscana,3729641,2671498,71.63,0.78
1138,2021-08-29,TOS,16870,8910,7960,7473,8825,572,ITI,ITI1,9,Toscana,Toscana,3729641,2688368,72.08,0.45
1139,2021-08-19,TOS,24188,12834,11354,11914,11645,629,ITI,ITI1,9,Toscana,Toscana,3729641,2712556,72.73,0.65
1140,2021-03-13,TOS,9292,3311,5981,5170,3968,154,ITI,ITI1,9,Toscana,Toscana,3729641,2721848,72.98,0.25
1141,2021-07-14,TOS,28963,14296,14667,8607,20098,258,ITI,ITI1,9,Toscana,Toscana,3729641,2750811,73.76,0.78
1142,2021-01-29,TOS,6150,1702,4448,290,5848,12,ITI,ITI1,9,Toscana,Toscana,3729641,2756961,73.92,0.16
1143,2021-05-09,TOS,22556,9785,12771,9413,12881,262,ITI,ITI1,9,Toscana,Toscana,3729641,2779517,74.53,0.6
1144,2021-08-26,TOS,18580,9737,8843,9500,8359,721,ITI,ITI1,9,Toscana,Toscana,3729641,2798097,75.02,0.5
1145,2021-07-16,TOS,27684,14049,13635,7703,19727,254,ITI,ITI1,9,Toscana,Toscana,3729641,2825781,75.77,0.74
1146,2021-05-20,TOS,29782,13925,15857,18640,10857,285,ITI,ITI1,9,Toscana,Toscana,3729641,2855563,76.56,0.8
1147,2021-08-28,TOS,15780,8502,7278,6373,8954,453,ITI,ITI1,9,Toscana,Toscana,3729641,2871343,76.99,0.42
1148,2021-01-31,TOS,3052,1131,1921,100,2949,3,ITI,ITI1,9,Toscana,Toscana,3729641,2874395,77.07,0.08
1149,2021-04-27,TOS,10377,4927,5450,3667,6506,204,ITI,ITI1,9,Toscana,Toscana,3729641,2884772,77.35,0.28
1150,2021-07-19,TOS,38039,18960,19079,8809,28940,290,ITI,ITI1,9,Toscana,Toscana,3729641,2922811,78.37,1.02
1151,2021-03-01,TOS,4474,1734,2740,765,3642,67,ITI,ITI1,9,Toscana,Toscana,3729641,2927285,78.49,0.12
1152,2021-05-23,TOS,28440,13675,14765,25609,2562,269,ITI,ITI1,9,Toscana,Toscana,3729641,2955725,79.25,0.76
1153,2021-08-31,TOS,20882,10875,10007,11365,8768,749,ITI,ITI1,9,Toscana,Toscana,3729641,2976607,79.81,0.56
1154,2021-08-14,TOS,22373,12208,10165,10444,11511,418,ITI,ITI1,9,Toscana,Toscana,3729641,2998980,80.41,0.6
1155,2021-08-12,TOS,25843,13445,12398,14307,10892,644,ITI,ITI1,9,Toscana,Toscana,3729641,3024823,81.1,0.69
1156,2021-07-26,TOS,38298,19867,18431,10084,27904,310,ITI,ITI1,9,Toscana,Toscana,3729641,3063121,82.13,1.03
1157,2021-02-10,TOS,4269,1286,2983,3587,526,156,ITI,ITI1,9,Toscana,Toscana,3729641,3067390,82.24,0.11
1158,2021-05-04,TOS,18329,8220,10109,12415,5469,445,ITI,ITI1,9,Toscana,Toscana,3729641,3085719,82.74,0.49
1159,2021-01-10,TOS,3002,1105,1897,2948,0,54,ITI,ITI1,9,Toscana,Toscana,3729641,3088721,82.82,0.08
1160,2021-04-20,TOS,18164,8111,10053,12209,5591,364,ITI,ITI1,9,Toscana,Toscana,3729641,3106885,83.3,0.49
1161,2021-04-03,TOS,15016,6645,8371,13675,1125,216,ITI,ITI1,9,Toscana,Toscana,3729641,3121901,83.71,0.4
1162,2021-01-27,TOS,4837,1575,3262,200,4632,5,ITI,ITI1,9,Toscana,Toscana,3729641,3126738,83.83,0.13
1163,2021-08-30,TOS,24777,12533,12244,13121,10531,1125,ITI,ITI1,9,Toscana,Toscana,3729641,3151515,84.5,0.66
1164,2021-03-17,TOS,11431,4593,6838,6800,4538,93,ITI,ITI1,9,Toscana,Toscana,3729641,3162946,84.81,0.31
1165,2021-06-25,TOS,33652,16831,16821,12108,21261,283,ITI,ITI1,9,Toscana,Toscana,3729641,3196598,85.71,0.9
1166,2021-06-08,TOS,32612,16730,15882,31736,491,385,ITI,ITI1,9,Toscana,Toscana,3729641,3229210,86.58,0.87
1167,2021-02-26,TOS,10092,3841,6251,8662,1211,219,ITI,ITI1,9,Toscana,Toscana,3729641,3239302,86.85,0.27
1168,2021-06-06,TOS,28328,13664,14664,22591,5371,366,ITI,ITI1,9,Toscana,Toscana,3729641,3267630,87.61,0.76
1169,2021-08-03,TOS,36350,18924,17426,12167,23805,378,ITI,ITI1,9,Toscana,Toscana,3729641,3303980,88.59,0.97
1170,2021-01-13,TOS,4064,1399,2665,4000,0,64,ITI,ITI1,9,Toscana,Toscana,3729641,3308044,88.7,0.11
1171,2021-04-23,TOS,25685,11435,14250,8801,16353,531,ITI,ITI1,9,Toscana,Toscana,3729641,3333729,89.38,0.69
1172,2021-09-02,TOS,18035,9410,8625,11023,6098,914,ITI,ITI1,9,Toscana,Toscana,3729641,3351764,89.87,0.48
1173,2021-08-21,TOS,17924,9926,7998,8090,9458,376,ITI,ITI1,9,Toscana,Toscana,3729641,3369688,90.35,0.48
1174,2021-02-03,TOS,4226,1452,2774,235,3987,4,ITI,ITI1,9,Toscana,Toscana,3729641,3373914,90.46,0.11
1175,2021-01-15,TOS,3880,1349,2531,3820,0,60,ITI,ITI1,9,Toscana,Toscana,3729641,3377794,90.57,0.1
1176,2021-06-18,TOS,30829,16268,14561,25007,5409,413,ITI,ITI1,9,Toscana,Toscana,3729641,3408623,91.39,0.83
1177,2021-03-25,TOS,23989,10413,13576,15317,8410,262,ITI,ITI1,9,Toscana,Toscana,3729641,3432612,92.04,0.64
1178,2021-04-12,TOS,2624,1193,1431,1799,656,169,ITI,ITI1,9,Toscana,Toscana,3729641,3435236,92.11,0.07
1179,2021-07-21,TOS,38514,19657,18857,7346,30934,234,ITI,ITI1,9,Toscana,Toscana,3729641,3473750,93.14,1.03
1180,2021-02-22,TOS,9824,4255,5569,9169,278,377,ITI,ITI1,9,Toscana,Toscana,3729641,3483574,93.4,0.26
1181,2021-04-05,TOS,15289,6826,8463,14370,739,180,ITI,ITI1,9,Toscana,Toscana,3729641,3498863,93.81,0.41
1182,2021-02-07,TOS,2810,955,1855,864,1926,20,ITI,ITI1,9,Toscana,Toscana,3729641,3501673,93.89,0.08
1183,2021-07-23,TOS,38461,19307,19154,4391,33913,157,ITI,ITI1,9,Toscana,Toscana,3729641,3540134,94.92,1.03
1184,2021-05-18,TOS,28851,14280,14571,19763,8834,254,ITI,ITI1,9,Toscana,Toscana,3729641,3568985,95.69,0.77
1185,2021-02-12,TOS,7619,2694,4925,7293,213,113,ITI,ITI1,9,Toscana,Toscana,3729641,3576604,95.9,0.2
1186,2021-07-28,TOS,38573,20167,18406,12109,26125,339,ITI,ITI1,9,Toscana,Toscana,3729641,3615177,96.93,1.03
1187,2021-05-08,TOS,29191,13132,16059,13263,15527,401,ITI,ITI1,9,Toscana,Toscana,3729641,3644368,97.71,0.78
1188,2021-03-12,TOS,16996,6627,10369,13271,3532,193,ITI,ITI1,9,Toscana,Toscana,3729641,3661364,98.17,0.46
1189,2021-08-16,TOS,29997,15747,14250,16595,12699,703,ITI,ITI1,9,Toscana,Toscana,3729641,3691361,98.97,0.8
1190,2021-01-14,TOS,3255,1179,2076,3219,0,36,ITI,ITI1,9,Toscana,Toscana,3729641,3694616,99.06,0.09
1191,2021-06-20,TOS,25188,12489,12699,15423,9522,243,ITI,ITI1,9,Toscana,Toscana,3729641,3719804,99.74,0.68
1192,2021-04-24,TOS,13449,6174,7275,5620,7460,369,ITI,ITI1,9,Toscana,Toscana,3729641,3733253,100.1,0.36
1193,2021-06-27,TOS,33309,16080,17229,5915,27260,134,ITI,ITI1,9,Toscana,Toscana,3729641,3766562,100.99,0.89
1194,2021-05-01,TOS,23342,10072,13270,13729,9228,385,ITI,ITI1,9,Toscana,Toscana,3729641,3789904,101.62,0.63
1195,2021-03-05,TOS,16884,6691,10193,11943,4760,181,ITI,ITI1,9,Toscana,Toscana,3729641,3806788,102.07,0.45
1196,2021-08-09,TOS,28966,14712,14254,18498,9759,709,ITI,ITI1,9,Toscana,Toscana,3729641,3835754,102.85,0.78
1197,2021-06-13,TOS,24621,12355,12266,22600,1659,362,ITI,ITI1,9,Toscana,Toscana,3729641,3860375,103.51,0.66
1198,2021-05-13,TOS,35199,15548,19651,13204,21354,641,ITI,ITI1,9,Toscana,Toscana,3729641,3895574,104.45,0.94
1199,2021-08-04,TOS,34854,18033,16821,11358,23078,418,ITI,ITI1,9,Toscana,Toscana,3729641,3930428,105.38,0.93
1200,2021-04-29,TOS,39388,17744,21644,18560,20164,664,ITI,ITI1,9,Toscana,Toscana,3729641,3969816,106.44,1.06
1201,2021-03-24,TOS,20050,8320,11730,10416,9488,146,ITI,ITI1,9,Toscana,Toscana,3729641,3989866,106.98,0.54
1202,2021-02-21,TOS,5104,2088,3016,4730,170,204,ITI,ITI1,9,Toscana,Toscana,3729641,3994970,107.11,0.14
1203,2021-06-01,TOS,26963,13398,13565,22871,3838,254,ITI,ITI1,9,Toscana,Toscana,3729641,4021933,107.84,0.72
1204,2021-07-02,TOS,28312,14209,14103,10813,17201,298,ITI,ITI1,9,Toscana,Toscana,3729641,4050245,108.6,0.76
1205,2021-06-15,TOS,31235,16078,15157,26312,4574,349,ITI,ITI1,9,Toscana,Toscana,3729641,4081480,109.43,0.84
1206,2021-03-10,TOS,18377,7408,10969,14271,3999,107,ITI,ITI1,9,Toscana,Toscana,3729641,4099857,109.93,0.49
1207,2021-02-02,TOS,3744,1476,2268,187,3550,7,ITI,ITI1,9,Toscana,Toscana,3729641,4103601,110.03,0.1
1208,2021-01-26,TOS,5399,1794,3605,209,5186,4,ITI,ITI1,9,Toscana,Toscana,3729641,4109000,110.17,0.14
1209,2021-05-06,TOS,31436,13674,17762,13452,17288,696,ITI,ITI1,9,Toscana,Toscana,3729641,4140436,111.01,0.84
1210,2021-04-19,TOS,9105,4516,4589,7754,1034,317,ITI,ITI1,9,Toscana,Toscana,3729641,4149541,111.26,0.24
1211,2021-04-17,TOS,20582,9231,11351,17947,2145,490,ITI,ITI1,9,Toscana,Toscana,3729641,4170123,111.81,0.55
1212,2021-01-24,TOS,3349,1072,2277,196,3150,3,ITI,ITI1,9,Toscana,Toscana,3729641,4173472,111.9,0.09
1213,2021-01-07,TOS,6018,1751,4267,5932,0,86,ITI,ITI1,9,Toscana,Toscana,3729641,4179490,112.06,0.16
1214,2021-01-17,TOS,2536,871,1665,1987,514,35,ITI,ITI1,9,Toscana,Toscana,3729641,4182026,112.13,0.07
1215,2021-07-05,TOS,30532,15095,15437,10344,19957,231,ITI,ITI1,9,Toscana,Toscana,3729641,4212558,112.95,0.82
1216,2021-03-08,TOS,6718,2953,3765,1841,4830,47,ITI,ITI1,9,Toscana,Toscana,3729641,4219276,113.13,0.18
1217,2021-06-16,TOS,31800,16280,15520,26288,5189,323,ITI,ITI1,9,Toscana,Toscana,3729641,4251076,113.98,0.85
1218,2021-05-30,TOS,28706,13958,14748,21510,6954,242,ITI,ITI1,9,Toscana,Toscana,3729641,4279782,114.75,0.77
1219,2021-07-04,TOS,31548,15320,16228,9361,21888,299,ITI,ITI1,9,Toscana,Toscana,3729641,4311330,115.6,0.85
1220,2020-12-31,TOS,802,201,601,798,0,4,ITI,ITI1,9,Toscana,Toscana,3729641,4312132,115.62,0.02
1221,2021-04-10,TOS,11753,5368,6385,10772,743,238,ITI,ITI1,9,Toscana,Toscana,3729641,4323885,115.93,0.32
1222,2021-08-23,TOS,22738,11810,10928,11472,10537,729,ITI,ITI1,9,Toscana,Toscana,3729641,4346623,116.54,0.61
1223,2021-02-19,TOS,8294,2952,5342,7601,513,180,ITI,ITI1,9,Toscana,Toscana,3729641,4354917,116.77,0.22
1224,2021-03-20,TOS,6590,2978,3612,5361,1138,91,ITI,ITI1,9,Toscana,Toscana,3729641,4361507,116.94,0.18
1225,2021-01-22,TOS,2865,1063,1802,524,2338,3,ITI,ITI1,9,Toscana,Toscana,3729641,4364372,117.02,0.08
1226,2021-07-07,TOS,25645,12608,13037,9333,16120,192,ITI,ITI1,9,Toscana,Toscana,3729641,4390017,117.71,0.69
1227,2021-03-27,TOS,8865,4155,4710,8511,216,138,ITI,ITI1,9,Toscana,Toscana,3729641,4398882,117.94,0.24
1228,2021-06-30,TOS,38285,18524,19761,8462,29603,220,ITI,ITI1,9,Toscana,Toscana,3729641,4437167,118.97,1.03
1229,2021-02-14,TOS,9001,2570,6431,8738,110,153,ITI,ITI1,9,Toscana,Toscana,3729641,4446168,119.21,0.24
1230,2021-05-25,TOS,34210,16517,17693,19292,14645,273,ITI,ITI1,9,Toscana,Toscana,3729641,4480378,120.13,0.92
1231,2021-03-29,TOS,9699,4850,4849,9213,351,135,ITI,ITI1,9,Toscana,Toscana,3729641,4490077,120.39,0.26
1232,2021-05-27,TOS,28382,13212,15170,13278,14882,222,ITI,ITI1,9,Toscana,Toscana,3729641,4518459,121.15,0.76
1233,2021-03-31,TOS,32789,13286,19503,20198,12248,343,ITI,ITI1,9,Toscana,Toscana,3729641,4551248,122.03,0.88
1234,2021-09-04,TOS,16655,8906,7749,7536,8359,760,ITI,ITI1,9,Toscana,Toscana,3729641,4567903,122.48,0.45
1235,2021-07-09,TOS,29142,14116,15026,7693,21253,196,ITI,ITI1,9,Toscana,Toscana,3729641,4597045,123.26,0.78
1236,2021-03-22,TOS,5261,2771,2490,4676,447,138,ITI,ITI1,9,Toscana,Toscana,3729641,4602306,123.4,0.14
1237,2021-09-05,TOS,15119,8017,7102,6324,8271,524,ITI,ITI1,9,Toscana,Toscana,3729641,4617425,123.8,0.41
1238,2021-02-06,TOS,4529,1551,2978,1261,3236,32,ITI,ITI1,9,Toscana,Toscana,3729641,4621954,123.92,0.12
1239,2021-07-17,TOS,27759,14344,13415,8964,18554,241,ITI,ITI1,9,Toscana,Toscana,3729641,4649713,124.67,0.74
1240,2021-06-11,TOS,29761,15499,14262,24734,4661,366,ITI,ITI1,9,Toscana,Toscana,3729641,4679474,125.47,0.8
1241,2021-04-15,TOS,24496,10238,14258,15341,8623,532,ITI,ITI1,9,Toscana,Toscana,3729641,4703970,126.12,0.66
1242,2021-02-17,TOS,8178,3171,5007,7300,754,124,ITI,ITI1,9,Toscana,Toscana,3729641,4712148,126.34,0.22
1243,2021-07-24,TOS,38452,19374,19078,6849,31371,232,ITI,ITI1,9,Toscana,Toscana,3729641,4750600,127.37,1.03
1244,2021-05-28,TOS,30150,13957,16193,17428,12491,231,ITI,ITI1,9,Toscana,Toscana,3729641,4780750,128.18,0.81
1245,2021-04-22,TOS,35787,15317,20470,17402,17557,828,ITI,ITI1,9,Toscana,Toscana,3729641,4816537,129.14,0.96
1246,2021-02-24,TOS,10374,4467,5907,10036,198,140,ITI,ITI1,9,Toscana,Toscana,3729641,4826911,129.42,0.28
1247,2021-07-31,TOS,35840,19213,16627,12373,23018,449,ITI,ITI1,9,Toscana,Toscana,3729641,4862751,130.38,0.96
1248,2021-06-04,TOS,28343,13452,14891,20264,7811,268,ITI,ITI1,9,Toscana,Toscana,3729641,4891094,131.14,0.76
1249,2021-04-08,TOS,29768,12596,17172,22946,6453,369,ITI,ITI1,9,Toscana,Toscana,3729641,4920862,131.94,0.8
1250,2021-03-03,TOS,18233,6540,11693,14496,3609,128,ITI,ITI1,9,Toscana,Toscana,3729641,4939095,132.43,0.49
1251,2021-01-05,TOS,5249,1755,3494,5193,0,56,ITI,ITI1,9,Toscana,Toscana,3729641,4944344,132.57,0.14
1252,2021-01-19,TOS,1105,532,573,1063,0,42,ITI,ITI1,9,Toscana,Toscana,3729641,4945449,132.6,0.03
1253,2021-08-11,TOS,27063,14193,12870,16915,9412,736,ITI,ITI1,9,Toscana,Toscana,3729641,4972512,133.32,0.73
1254,2021-01-12,TOS,3583,1398,2185,3510,0,73,ITI,ITI1,9,Toscana,Toscana,3729641,4976095,133.42,0.1
1255,2021-01-27,VDA,156,75,81,80,76,0,ITC,ITC2,2,Valle d'Aosta / Vallée d'Aoste,Valle d'Aosta,125666,156,0.12,0.12
1256,2021-04-20,VDA,936,430,506,710,195,31,ITC,ITC2,2,Valle d'Aosta / Vallée d'Aoste,Valle d'Aosta,125666,1092,0.87,0.74
1257,2021-01-10,VDA,220,71,149,212,0,8,ITC,ITC2,2,Valle d'Aosta / Vallée d'Aoste,Valle d'Aosta,125666,1312,1.04,0.18
1258,2020-12-27,VDA,20,9,11,20,0,0,ITC,ITC2,2,Valle d'Aosta / Vallée d'Aoste,Valle d'Aosta,125666,1332,1.06,0.02
1259,2021-09-02,VDA,520,271,249,89,416,15,ITC,ITC2,2,Valle d'Aosta / Vallée d'Aoste,Valle d'Aosta,125666,1852,1.47,0.41
1260,2021-07-12,VDA,979,483,496,238,733,8,ITC,ITC2,2,Valle d'Aosta / Vallée d'Aoste,Valle d'Aosta,125666,2831,2.25,0.78
1261,2021-04-03,VDA,676,341,335,649,15,12,ITC,ITC2,2,Valle d'Aosta / Vallée d'Aoste,Valle d'Aosta,125666,3507,2.79,0.54
1262,2021-03-20,VDA,209,87,122,168,36,5,ITC,ITC2,2,Valle d'Aosta / Vallée d'Aoste,Valle d'Aosta,125666,3716,2.96,0.17
1263,2021-06-28,VDA,991,498,493,326,660,5,ITC,ITC2,2,Valle d'Aosta / Vallée d'Aoste,Valle d'Aosta,125666,4707,3.75,0.79
1264,2021-06-11,VDA,1048,484,564,753,283,12,ITC,ITC2,2,Valle d'Aosta / Vallée d'Aoste,Valle d'Aosta,125666,5755,4.58,0.83
1265,2021-05-30,VDA,865,429,436,682,171,12,ITC,ITC2,2,Valle d'Aosta / Vallée d'Aoste,Valle d'Aosta,125666,6620,5.27,0.69
1266,2021-07-26,VDA,1006,512,494,316,682,8,ITC,ITC2,2,Valle d'Aosta / Vallée d'Aoste,Valle d'Aosta,125666,7626,6.07,0.8
1267,2021-05-28,VDA,977,415,562,546,413,18,ITC,ITC2,2,Valle d'Aosta / Vallée d'Aoste,Valle d'Aosta,125666,8603,6.85,0.78
1268,2021-02-17,VDA,329,146,183,225,101,3,ITC,ITC2,2,Valle d'Aosta / Vallée d'Aoste,Valle d'Aosta,125666,8932,7.11,0.26
1269,2021-02-03,VDA,354,116,238,15,339,0,ITC,ITC2,2,Valle d'Aosta / Vallée d'Aoste,Valle d'Aosta,125666,9286,7.39,0.28
1270,2021-04-01,VDA,778,394,384,747,12,19,ITC,ITC2,2,Valle d'Aosta / Vallée d'Aoste,Valle d'Aosta,125666,10064,8.01,0.62
1271,2021-02-05,VDA,296,103,193,102,194,0,ITC,ITC2,2,Valle d'Aosta / Vallée d'Aoste,Valle d'Aosta,125666,10360,8.24,0.24
1272,2021-02-22,VDA,317,94,223,211,104,2,ITC,ITC2,2,Valle d'Aosta / Vallée d'Aoste,Valle d'Aosta,125666,10677,8.5,0.25
1273,2021-05-16,VDA,690,342,348,340,342,8,ITC,ITC2,2,Valle d'Aosta / Vallée d'Aoste,Valle d'Aosta,125666,11367,9.05,0.55
1274,2021-08-07,VDA,739,433,306,304,421,14,ITC,ITC2,2,Valle d'Aosta / Vallée d'Aoste,Valle d'Aosta,125666,12106,9.63,0.59
1275,2021-03-08,VDA,488,233,255,240,245,3,ITC,ITC2,2,Valle d'Aosta / Vallée d'Aoste,Valle d'Aosta,125666,12594,10.02,0.39
1276,2021-08-12,VDA,375,204,171,115,248,12,ITC,ITC2,2,Valle d'Aosta / Vallée d'Aoste,Valle d'Aosta,125666,12969,10.32,0.3
1277,2021-05-04,VDA,1136,511,625,435,674,27,ITC,ITC2,2,Valle d'Aosta / Vallée d'Aoste,Valle d'Aosta,125666,14105,11.22,0.9
1278,2021-06-16,VDA,1064,565,499,666,394,4,ITC,ITC2,2,Valle d'Aosta / Vallée d'Aoste,Valle d'Aosta,125666,15169,12.07,0.85
1279,2021-03-15,VDA,387,141,246,175,203,9,ITC,ITC2,2,Valle d'Aosta / Vallée d'Aoste,Valle d'Aosta,125666,15556,12.38,0.31
1280,2021-08-19,VDA,265,158,107,70,180,15,ITC,ITC2,2,Valle d'Aosta / Vallée d'Aoste,Valle d'Aosta,125666,15821,12.59,0.21
1281,2021-05-11,VDA,649,326,323,472,150,27,ITC,ITC2,2,Valle d'Aosta / Vallée d'Aoste,Valle d'Aosta,125666,16470,13.11,0.52
1282,2021-04-27,VDA,979,424,555,653,292,34,ITC,ITC2,2,Valle d'Aosta / Vallée d'Aoste,Valle d'Aosta,125666,17449,13.89,0.78
1283,2021-01-17,VDA,131,56,75,131,0,0,ITC,ITC2,2,Valle d'Aosta / Vallée d'Aoste,Valle d'Aosta,125666,17580,13.99,0.1
1284,2021-04-15,VDA,814,378,436,643,140,31,ITC,ITC2,2,Valle d'Aosta / Vallée d'Aoste,Valle d'Aosta,125666,18394,14.64,0.65
1285,2021-07-07,VDA,794,441,353,414,363,17,ITC,ITC2,2,Valle d'Aosta / Vallée d'Aoste,Valle d'Aosta,125666,19188,15.27,0.63
1286,2021-07-24,VDA,1019,536,483,331,682,6,ITC,ITC2,2,Valle d'Aosta / Vallée d'Aoste,Valle d'Aosta,125666,20207,16.08,0.81
1287,2021-05-02,VDA,765,345,420,581,160,24,ITC,ITC2,2,Valle d'Aosta / Vallée d'Aoste,Valle d'Aosta,125666,20972,16.69,0.61
1288,2021-01-22,VDA,58,22,36,22,36,0,ITC,ITC2,2,Valle d'Aosta / Vallée d'Aoste,Valle d'Aosta,125666,21030,16.73,0.05
1289,2021-01-08,VDA,301,131,170,301,0,0,ITC,ITC2,2,Valle d'Aosta / Vallée d'Aoste,Valle d'Aosta,125666,21331,16.97,0.24
1290,2021-03-06,VDA,22,4,18,18,0,4,ITC,ITC2,2,Valle d'Aosta / Vallée d'Aoste,Valle d'Aosta,125666,21353,16.99,0.02
1291,2021-06-09,VDA,1054,559,495,1011,35,8,ITC,ITC2,2,Valle d'Aosta / Vallée d'Aoste,Valle d'Aosta,125666,22407,17.83,0.84
1292,2021-03-01,VDA,181,66,115,139,34,8,ITC,ITC2,2,Valle d'Aosta / Vallée d'Aoste,Valle d'Aosta,125666,22588,17.97,0.14
1293,2021-02-15,VDA,264,136,128,226,35,3,ITC,ITC2,2,Valle d'Aosta / Vallée d'Aoste,Valle d'Aosta,125666,22852,18.18,0.21
1294,2021-05-23,VDA,999,465,534,654,340,5,ITC,ITC2,2,Valle d'Aosta / Vallée d'Aoste,Valle d'Aosta,125666,23851,18.98,0.79
1295,2021-01-29,VDA,321,139,182,2,319,0,ITC,ITC2,2,Valle d'Aosta / Vallée d'Aoste,Valle d'Aosta,125666,24172,19.24,0.26
1296,2021-08-31,VDA,672,344,328,135,531,6,ITC,ITC2,2,Valle d'Aosta / Vallée d'Aoste,Valle d'Aosta,125666,24844,19.77,0.53
1297,2021-04-22,VDA,1068,450,618,652,383,33,ITC,ITC2,2,Valle d'Aosta / Vallée d'Aoste,Valle d'Aosta,125666,25912,20.62,0.85
1298,2021-05-09,VDA,574,287,287,425,130,19,ITC,ITC2,2,Valle d'Aosta / Vallée d'Aoste,Valle d'Aosta,125666,26486,21.08,0.46
1299,2021-07-31,VDA,891,466,425,321,556,14,ITC,ITC2,2,Valle d'Aosta / Vallée d'Aoste,Valle d'Aosta,125666,27377,21.79,0.71
1300,2021-09-04,VDA,513,271,242,131,368,14,ITC,ITC2,2,Valle d'Aosta / Vallée d'Aoste,Valle d'Aosta,125666,27890,22.19,0.41
1301,2021-02-10,VDA,248,77,171,141,107,0,ITC,ITC2,2,Valle d'Aosta / Vallée d'Aoste,Valle d'Aosta,125666,28138,22.39,0.2
1302,2021-03-25,VDA,389,154,235,364,10,15,ITC,ITC2,2,Valle d'Aosta / Vallée d'Aoste,Valle d'Aosta,125666,28527,22.7,0.31
1303,2021-05-21,VDA,933,443,490,523,401,9,ITC,ITC2,2,Valle d'Aosta / Vallée d'Aoste,Valle d'Aosta,125666,29460,23.44,0.74
1304,2021-04-17,VDA,638,407,231,596,2,40,ITC,ITC2,2,Valle d'Aosta / Vallée d'Aoste,Valle d'Aosta,125666,30098,23.95,0.51
1305,2021-01-07,VDA,280,113,167,280,0,0,ITC,ITC2,2,Valle d'Aosta / Vallée d'Aoste,Valle d'Aosta,125666,30378,24.17,0.22
1306,2021-07-19,VDA,878,460,418,252,618,8,ITC,ITC2,2,Valle d'Aosta / Vallée d'Aoste,Valle d'Aosta,125666,31256,24.87,0.7
1307,2021-02-24,VDA,185,84,101,163,21,1,ITC,ITC2,2,Valle d'Aosta / Vallée d'Aoste,Valle d'Aosta,125666,31441,25.02,0.15
1308,2021-04-08,VDA,585,282,303,420,144,21,ITC,ITC2,2,Valle d'Aosta / Vallée d'Aoste,Valle d'Aosta,125666,32026,25.49,0.47
1309,2021-06-13,VDA,857,403,454,371,482,4,ITC,ITC2,2,Valle d'Aosta / Vallée d'Aoste,Valle d'Aosta,125666,32883,26.17,0.68
1310,2021-06-04,VDA,910,385,525,468,435,7,ITC,ITC2,2,Valle d'Aosta / Vallée d'Aoste,Valle d'Aosta,125666,33793,26.89,0.72
1311,2021-08-26,VDA,343,168,175,82,254,7,ITC,ITC2,2,Valle d'Aosta / Vallée d'Aoste,Valle d'Aosta,125666,34136,27.16,0.27
1312,2021-07-23,VDA,974,485,489,358,608,8,ITC,ITC2,2,Valle d'Aosta / Vallée d'Aoste,Valle d'Aosta,125666,35110,27.94,0.78
1313,2021-06-23,VDA,1044,551,493,422,617,5,ITC,ITC2,2,Valle d'Aosta / Vallée d'Aoste,Valle d'Aosta,125666,36154,28.77,0.83
1314,2021-06-30,VDA,1120,543,577,416,695,9,ITC,ITC2,2,Valle d'Aosta / Vallée d'Aoste,Valle d'Aosta,125666,37274,29.66,0.89
1315,2021-04-13,VDA,373,171,202,312,44,17,ITC,ITC2,2,Valle d'Aosta / Vallée d'Aoste,Valle d'Aosta,125666,37647,29.96,0.3
1316,2021-07-05,VDA,836,357,479,313,510,13,ITC,ITC2,2,Valle d'Aosta / Vallée d'Aoste,Valle d'Aosta,125666,38483,30.62,0.67
1317,2021-03-27,VDA,337,166,171,292,31,14,ITC,ITC2,2,Valle d'Aosta / Vallée d'Aoste,Valle d'Aosta,125666,38820,30.89,0.27
1318,2021-06-18,VDA,1000,443,557,586,400,14,ITC,ITC2,2,Valle d'Aosta / Vallée d'Aoste,Valle d'Aosta,125666,39820,31.69,0.8
1319,2021-08-14,VDA,465,256,209,135,314,16,ITC,ITC2,2,Valle d'Aosta / Vallée d'Aoste,Valle d'Aosta,125666,40285,32.06,0.37
1320,2021-03-13,VDA,147,88,59,141,0,6,ITC,ITC2,2,Valle d'Aosta / Vallée d'Aoste,Valle d'Aosta,125666,40432,32.17,0.12
1321,2021-01-15,VDA,220,83,137,220,0,0,ITC,ITC2,2,Valle d'Aosta / Vallée d'Aoste,Valle d'Aosta,125666,40652,32.35,0.18
1322,2021-05-25,VDA,1117,532,585,530,575,12,ITC,ITC2,2,Valle d'Aosta / Vallée d'Aoste,Valle d'Aosta,125666,41769,33.24,0.89
1323,2021-02-14,VDA,48,16,32,1,47,0,ITC,ITC2,2,Valle d'Aosta / Vallée d'Aoste,Valle d'Aosta,125666,41817,33.28,0.04
1324,2021-05-08,VDA,908,543,365,500,382,26,ITC,ITC2,2,Valle d'Aosta / Vallée d'Aoste,Valle d'Aosta,125666,42725,34.0,0.72
1325,2021-02-19,VDA,292,102,190,267,24,1,ITC,ITC2,2,Valle d'Aosta / Vallée d'Aoste,Valle d'Aosta,125666,43017,34.23,0.23
1326,2021-08-04,VDA,1046,571,475,370,658,18,ITC,ITC2,2,Valle d'Aosta / Vallée d'Aoste,Valle d'Aosta,125666,44063,35.06,0.83
1327,2021-01-05,VDA,151,55,96,151,0,0,ITC,ITC2,2,Valle d'Aosta / Vallée d'Aoste,Valle d'Aosta,125666,44214,35.18,0.12
1328,2021-01-14,VDA,237,69,168,237,0,0,ITC,ITC2,2,Valle d'Aosta / Vallée d'Aoste,Valle d'Aosta,125666,44451,35.37,0.19
1329,2021-08-02,VDA,760,407,353,304,446,10,ITC,ITC2,2,Valle d'Aosta / Vallée d'Aoste,Valle d'Aosta,125666,45211,35.98,0.6
1330,2021-04-24,VDA,723,401,322,534,167,22,ITC,ITC2,2,Valle d'Aosta / Vallée d'Aoste,Valle d'Aosta,125666,45934,36.55,0.58
1331,2021-06-08,VDA,772,408,364,731,33,8,ITC,ITC2,2,Valle d'Aosta / Vallée d'Aoste,Valle d'Aosta,125666,46706,37.17,0.61
1332,2021-02-26,VDA,210,58,152,110,86,14,ITC,ITC2,2,Valle d'Aosta / Vallée d'Aoste,Valle d'Aosta,125666,46916,37.33,0.17
1333,2021-01-19,VDA,256,77,179,256,0,0,ITC,ITC2,2,Valle d'Aosta / Vallée d'Aoste,Valle d'Aosta,125666,47172,37.54,0.2
1334,2021-04-12,VDA,487,187,300,305,164,18,ITC,ITC2,2,Valle d'Aosta / Vallée d'Aoste,Valle d'Aosta,125666,47659,37.93,0.39
1335,2021-04-29,VDA,1293,636,657,742,532,19,ITC,ITC2,2,Valle d'Aosta / Vallée d'Aoste,Valle d'Aosta,125666,48952,38.95,1.03
1336,2021-07-21,VDA,1168,638,530,310,849,9,ITC,ITC2,2,Valle d'Aosta / Vallée d'Aoste,Valle d'Aosta,125666,50120,39.88,0.93
1337,2021-07-04,VDA,1192,530,662,349,829,14,ITC,ITC2,2,Valle d'Aosta / Vallée d'Aoste,Valle d'Aosta,125666,51312,40.83,0.95
1338,2021-08-30,VDA,546,275,271,115,393,38,ITC,ITC2,2,Valle d'Aosta / Vallée d'Aoste,Valle d'Aosta,125666,51858,41.27,0.43
1339,2021-01-31,VDA,291,91,200,58,233,0,ITC,ITC2,2,Valle d'Aosta / Vallée d'Aoste,Valle d'Aosta,125666,52149,41.5,0.23
1340,2021-03-17,VDA,438,185,253,259,165,14,ITC,ITC2,2,Valle d'Aosta / Vallée d'Aoste,Valle d'Aosta,125666,52587,41.85,0.35
1341,2021-03-03,VDA,258,119,139,182,71,5,ITC,ITC2,2,Valle d'Aosta / Vallée d'Aoste,Valle d'Aosta,125666,52845,42.05,0.21
1342,2021-03-29,VDA,494,233,261,450,40,4,ITC,ITC2,2,Valle d'Aosta / Vallée d'Aoste,Valle d'Aosta,125666,53339,42.45,0.39
1343,2021-06-20,VDA,1134,545,589,478,644,12,ITC,ITC2,2,Valle d'Aosta / Vallée d'Aoste,Valle d'Aosta,125666,54473,43.35,0.9
1344,2021-03-12,VDA,535,177,358,301,226,8,ITC,ITC2,2,Valle d'Aosta / Vallée d'Aoste,Valle d'Aosta,125666,55008,43.77,0.43
1345,2021-08-16,VDA,422,211,211,129,276,17,ITC,ITC2,2,Valle d'Aosta / Vallée d'Aoste,Valle d'Aosta,125666,55430,44.11,0.34
1346,2021-04-05,VDA,465,223,242,445,6,14,ITC,ITC2,2,Valle d'Aosta / Vallée d'Aoste,Valle d'Aosta,125666,55895,44.48,0.37
1347,2021-06-27,VDA,1254,609,645,311,931,12,ITC,ITC2,2,Valle d'Aosta / Vallée d'Aoste,Valle d'Aosta,125666,57149,45.48,1.0
1348,2021-07-14,VDA,1021,534,487,291,728,2,ITC,ITC2,2,Valle d'Aosta / Vallée d'Aoste,Valle d'Aosta,125666,58170,46.29,0.81
1349,2021-05-18,VDA,972,484,488,349,619,4,ITC,ITC2,2,Valle d'Aosta / Vallée d'Aoste,Valle d'Aosta,125666,59142,47.06,0.77
1350,2021-02-07,VDA,292,120,172,190,102,0,ITC,ITC2,2,Valle d'Aosta / Vallée d'Aoste,Valle d'Aosta,125666,59434,47.3,0.23
1351,2021-08-09,VDA,674,335,339,252,401,21,ITC,ITC2,2,Valle d'Aosta / Vallée d'Aoste,Valle d'Aosta,125666,60108,47.83,0.54
1352,2021-05-01,VDA,941,564,377,440,484,17,ITC,ITC2,2,Valle d'Aosta / Vallée d'Aoste,Valle d'Aosta,125666,61049,48.58,0.75
1353,2021-04-14,VDA,942,430,512,692,224,26,ITC,ITC2,2,Valle d'Aosta / Vallée d'Aoste,Valle d'Aosta,125666,61991,49.33,0.75
1354,2021-07-06,VDA,885,480,405,158,722,5,ITC,ITC2,2,Valle d'Aosta / Vallée d'Aoste,Valle d'Aosta,125666,62876,50.03,0.7
1355,2021-01-02,VDA,6,5,1,6,0,0,ITC,ITC2,2,Valle d'Aosta / Vallée d'Aoste,Valle d'Aosta,125666,62882,50.04,0.0
1356,2021-03-26,VDA,498,204,294,481,7,10,ITC,ITC2,2,Valle d'Aosta / Vallée d'Aoste,Valle d'Aosta,125666,63380,50.44,0.4
1357,2021-06-17,VDA,991,530,461,635,342,14,ITC,ITC2,2,Valle d'Aosta / Vallée d'Aoste,Valle d'Aosta,125666,64371,51.22,0.79
1358,2021-04-10,VDA,405,191,214,389,5,11,ITC,ITC2,2,Valle d'Aosta / Vallée d'Aoste,Valle d'Aosta,125666,64776,51.55,0.32
1359,2020-12-31,VDA,18,4,14,18,0,0,ITC,ITC2,2,Valle d'Aosta / Vallée d'Aoste,Valle d'Aosta,125666,64794,51.56,0.01
1360,2021-06-06,VDA,1160,582,578,781,373,6,ITC,ITC2,2,Valle d'Aosta / Vallée d'Aoste,Valle d'Aosta,125666,65954,52.48,0.92
1361,2021-06-15,VDA,924,508,416,654,257,13,ITC,ITC2,2,Valle d'Aosta / Vallée d'Aoste,Valle d'Aosta,125666,66878,53.22,0.74
1362,2021-08-11,VDA,777,380,397,304,452,21,ITC,ITC2,2,Valle d'Aosta / Vallée d'Aoste,Valle d'Aosta,125666,67655,53.84,0.62
1363,2021-03-05,VDA,277,125,152,53,223,1,ITC,ITC2,2,Valle d'Aosta / Vallée d'Aoste,Valle d'Aosta,125666,67932,54.06,0.22
1364,2021-03-22,VDA,561,205,356,326,229,6,ITC,ITC2,2,Valle d'Aosta / Vallée d'Aoste,Valle d'Aosta,125666,68493,54.5,0.45
1365,2021-06-05,VDA,927,477,450,730,188,9,ITC,ITC2,2,Valle d'Aosta / Vallée d'Aoste,Valle d'Aosta,125666,69420,55.24,0.74
1366,2021-02-11,VDA,231,107,124,221,9,1,ITC,ITC2,2,Valle d'Aosta / Vallée d'Aoste,Valle d'Aosta,125666,69651,55.43,0.18
1367,2021-07-18,VDA,928,455,473,246,674,8,ITC,ITC2,2,Valle d'Aosta / Vallée d'Aoste,Valle d'Aosta,125666,70579,56.16,0.74
1368,2021-04-09,VDA,238,111,127,201,33,4,ITC,ITC2,2,Valle d'Aosta / Vallée d'Aoste,Valle d'Aosta,125666,70817,56.35,0.19
1369,2021-05-22,VDA,956,505,451,545,401,10,ITC,ITC2,2,Valle d'Aosta / Vallée d'Aoste,Valle d'Aosta,125666,71773,57.11,0.76
1370,2021-07-25,VDA,1021,494,527,262,749,10,ITC,ITC2,2,Valle d'Aosta / Vallée d'Aoste,Valle d'Aosta,125666,72794,57.93,0.81
1371,2021-02-28,VDA,260,86,174,73,183,4,ITC,ITC2,2,Valle d'Aosta / Vallée d'Aoste,Valle d'Aosta,125666,73054,58.13,0.21
1372,2021-05-05,VDA,1038,566,472,434,582,22,ITC,ITC2,2,Valle d'Aosta / Vallée d'Aoste,Valle d'Aosta,125666,74092,58.96,0.83
1373,2021-08-13,VDA,494,273,221,203,282,9,ITC,ITC2,2,Valle d'Aosta / Vallée d'Aoste,Valle d'Aosta,125666,74586,59.35,0.39
1374,2021-07-16,VDA,1078,555,523,344,731,3,ITC,ITC2,2,Valle d'Aosta / Vallée d'Aoste,Valle d'Aosta,125666,75664,60.21,0.86
1375,2021-01-26,VDA,149,52,97,2,147,0,ITC,ITC2,2,Valle d'Aosta / Vallée d'Aoste,Valle d'Aosta,125666,75813,60.33,0.12
1376,2021-02-12,VDA,263,96,167,216,46,1,ITC,ITC2,2,Valle d'Aosta / Vallée d'Aoste,Valle d'Aosta,125666,76076,60.54,0.21
1377,2021-01-12,VDA,303,73,230,303,0,0,ITC,ITC2,2,Valle d'Aosta / Vallée d'Aoste,Valle d'Aosta,125666,76379,60.78,0.24
1378,2021-09-01,VDA,800,428,372,188,586,26,ITC,ITC2,2,Valle d'Aosta / Vallée d'Aoste,Valle d'Aosta,125666,77179,61.42,0.64
1379,2021-05-24,VDA,1139,518,621,677,447,15,ITC,ITC2,2,Valle d'Aosta / Vallée d'Aoste,Valle d'Aosta,125666,78318,62.32,0.91
1380,2021-03-10,VDA,439,184,255,220,214,5,ITC,ITC2,2,Valle d'Aosta / Vallée d'Aoste,Valle d'Aosta,125666,78757,62.67,0.35
1381,2021-02-21,VDA,18,3,15,0,18,0,ITC,ITC2,2,Valle d'Aosta / Vallée d'Aoste,Valle d'Aosta,125666,78775,62.69,0.01
1382,2021-06-01,VDA,873,470,403,510,354,9,ITC,ITC2,2,Valle d'Aosta / Vallée d'Aoste,Valle d'Aosta,125666,79648,63.38,0.69
1383,2021-08-23,VDA,404,205,199,91,299,14,ITC,ITC2,2,Valle d'Aosta / Vallée d'Aoste,Valle d'Aosta,125666,80052,63.7,0.32
1384,2021-05-03,VDA,841,400,441,459,352,30,ITC,ITC2,2,Valle d'Aosta / Vallée d'Aoste,Valle d'Aosta,125666,80893,64.37,0.67
1385,2021-03-07,VDA,64,30,34,11,53,0,ITC,ITC2,2,Valle d'Aosta / Vallée d'Aoste,Valle d'Aosta,125666,80957,64.42,0.05
1386,2021-08-20,VDA,473,240,233,142,316,15,ITC,ITC2,2,Valle d'Aosta / Vallée d'Aoste,Valle d'Aosta,125666,81430,64.8,0.38
1387,2021-01-30,VDA,440,203,237,12,426,2,ITC,ITC2,2,Valle d'Aosta / Vallée d'Aoste,Valle d'Aosta,125666,81870,65.15,0.35
1388,2021-01-25,VDA,150,67,83,1,149,0,ITC,ITC2,2,Valle d'Aosta / Vallée d'Aoste,Valle d'Aosta,125666,82020,65.27,0.12
1389,2021-07-10,VDA,1295,670,625,320,964,11,ITC,ITC2,2,Valle d'Aosta / Vallée d'Aoste,Valle d'Aosta,125666,83315,66.3,1.03
1390,2021-08-22,VDA,177,88,89,8,169,0,ITC,ITC2,2,Valle d'Aosta / Vallée d'Aoste,Valle d'Aosta,125666,83492,66.44,0.14
1391,2021-05-14,VDA,964,444,520,264,670,30,ITC,ITC2,2,Valle d'Aosta / Vallée d'Aoste,Valle d'Aosta,125666,84456,67.21,0.77
1392,2021-08-01,VDA,842,445,397,286,547,9,ITC,ITC2,2,Valle d'Aosta / Vallée d'Aoste,Valle d'Aosta,125666,85298,67.88,0.67
1393,2021-01-28,VDA,294,124,170,55,239,0,ITC,ITC2,2,Valle d'Aosta / Vallée d'Aoste,Valle d'Aosta,125666,85592,68.11,0.23
1394,2021-02-23,VDA,217,124,93,216,0,1,ITC,ITC2,2,Valle d'Aosta / Vallée d'Aoste,Valle d'Aosta,125666,85809,68.28,0.17
1395,2021-06-03,VDA,1309,669,640,880,413,16,ITC,ITC2,2,Valle d'Aosta / Vallée d'Aoste,Valle d'Aosta,125666,87118,69.33,1.04
1396,2021-08-25,VDA,681,348,333,128,527,26,ITC,ITC2,2,Valle d'Aosta / Vallée d'Aoste,Valle d'Aosta,125666,87799,69.87,0.54
1397,2021-05-17,VDA,809,417,392,365,434,10,ITC,ITC2,2,Valle d'Aosta / Vallée d'Aoste,Valle d'Aosta,125666,88608,70.51,0.64
1398,2021-08-08,VDA,579,297,282,175,394,10,ITC,ITC2,2,Valle d'Aosta / Vallée d'Aoste,Valle d'Aosta,125666,89187,70.97,0.46
1399,2021-05-15,VDA,1067,614,453,368,686,13,ITC,ITC2,2,Valle d'Aosta / Vallée d'Aoste,Valle d'Aosta,125666,90254,71.82,0.85
1400,2021-02-04,VDA,295,86,209,8,287,0,ITC,ITC2,2,Valle d'Aosta / Vallée d'Aoste,Valle d'Aosta,125666,90549,72.06,0.23
1401,2021-04-28,VDA,1220,633,587,683,503,34,ITC,ITC2,2,Valle d'Aosta / Vallée d'Aoste,Valle d'Aosta,125666,91769,73.03,0.97
1402,2021-08-06,VDA,820,400,420,405,397,18,ITC,ITC2,2,Valle d'Aosta / Vallée d'Aoste,Valle d'Aosta,125666,92589,73.68,0.65
1403,2021-01-21,VDA,33,12,21,33,0,0,ITC,ITC2,2,Valle d'Aosta / Vallée d'Aoste,Valle d'Aosta,125666,92622,73.7,0.03
1404,2021-01-04,VDA,144,61,83,144,0,0,ITC,ITC2,2,Valle d'Aosta / Vallée d'Aoste,Valle d'Aosta,125666,92766,73.82,0.11
1405,2021-03-28,VDA,524,213,311,497,0,27,ITC,ITC2,2,Valle d'Aosta / Vallée d'Aoste,Valle d'Aosta,125666,93290,74.24,0.42
1406,2021-03-11,VDA,392,164,228,152,239,1,ITC,ITC2,2,Valle d'Aosta / Vallée d'Aoste,Valle d'Aosta,125666,93682,74.55,0.31
1407,2021-06-02,VDA,1217,689,528,811,402,4,ITC,ITC2,2,Valle d'Aosta / Vallée d'Aoste,Valle d'Aosta,125666,94899,75.52,0.97
1408,2021-06-19,VDA,1295,671,624,658,621,16,ITC,ITC2,2,Valle d'Aosta / Vallée d'Aoste,Valle d'Aosta,125666,96194,76.55,1.03
1409,2021-08-24,VDA,672,370,302,144,518,10,ITC,ITC2,2,Valle d'Aosta / Vallée d'Aoste,Valle d'Aosta,125666,96866,77.08,0.53
1410,2021-03-09,VDA,206,96,110,167,32,7,ITC,ITC2,2,Valle d'Aosta / Vallée d'Aoste,Valle d'Aosta,125666,97072,77.25,0.16
1411,2021-02-20,VDA,256,214,42,243,10,3,ITC,ITC2,2,Valle d'Aosta / Vallée d'Aoste,Valle d'Aosta,125666,97328,77.45,0.2
1412,2021-07-28,VDA,1424,765,659,363,1048,13,ITC,ITC2,2,Valle d'Aosta / Vallée d'Aoste,Valle d'Aosta,125666,98752,78.58,1.13
1413,2021-04-19,VDA,753,326,427,521,209,23,ITC,ITC2,2,Valle d'Aosta / Vallée d'Aoste,Valle d'Aosta,125666,99505,79.18,0.6
1414,2021-05-10,VDA,785,384,401,533,235,17,ITC,ITC2,2,Valle d'Aosta / Vallée d'Aoste,Valle d'Aosta,125666,100290,79.81,0.62
1415,2021-08-18,VDA,687,356,331,235,433,19,ITC,ITC2,2,Valle d'Aosta / Vallée d'Aoste,Valle d'Aosta,125666,100977,80.35,0.55
1416,2021-07-30,VDA,965,501,464,419,525,21,ITC,ITC2,2,Valle d'Aosta / Vallée d'Aoste,Valle d'Aosta,125666,101942,81.12,0.77
1417,2021-04-21,VDA,869,410,459,588,249,32,ITC,ITC2,2,Valle d'Aosta / Vallée d'Aoste,Valle d'Aosta,125666,102811,81.81,0.69
1418,2021-07-13,VDA,1063,567,496,309,748,6,ITC,ITC2,2,Valle d'Aosta / Vallée d'Aoste,Valle d'Aosta,125666,103874,82.66,0.85
1419,2021-03-21,VDA,360,169,191,351,0,9,ITC,ITC2,2,Valle d'Aosta / Vallée d'Aoste,Valle d'Aosta,125666,104234,82.95,0.29
1420,2021-06-29,VDA,782,390,392,236,543,3,ITC,ITC2,2,Valle d'Aosta / Vallée d'Aoste,Valle d'Aosta,125666,105016,83.57,0.62
1421,2021-06-10,VDA,1058,611,447,1007,41,10,ITC,ITC2,2,Valle d'Aosta / Vallée d'Aoste,Valle d'Aosta,125666,106074,84.41,0.84
1422,2021-03-02,VDA,340,166,174,291,3,46,ITC,ITC2,2,Valle d'Aosta / Vallée d'Aoste,Valle d'Aosta,125666,106414,84.68,0.27
1423,2021-04-16,VDA,599,261,338,566,2,31,ITC,ITC2,2,Valle d'Aosta / Vallée d'Aoste,Valle d'Aosta,125666,107013,85.16,0.48
1424,2021-04-02,VDA,875,345,530,626,226,23,ITC,ITC2,2,Valle d'Aosta / Vallée d'Aoste,Valle d'Aosta,125666,107888,85.85,0.7
1425,2021-09-06,VDA,494,244,250,145,319,30,ITC,ITC2,2,Valle d'Aosta / Vallée d'Aoste,Valle d'Aosta,125666,108382,86.25,0.39
1426,2021-05-29,VDA,800,436,364,554,239,7,ITC,ITC2,2,Valle d'Aosta / Vallée d'Aoste,Valle d'Aosta,125666,109182,86.88,0.64
1427,2021-07-11,VDA,908,472,436,253,643,12,ITC,ITC2,2,Valle d'Aosta / Vallée d'Aoste,Valle d'Aosta,125666,110090,87.61,0.72
1428,2021-02-01,VDA,409,128,281,86,320,3,ITC,ITC2,2,Valle d'Aosta / Vallée d'Aoste,Valle d'Aosta,125666,110499,87.93,0.33
1429,2021-07-08,VDA,1276,709,567,340,925,11,ITC,ITC2,2,Valle d'Aosta / Vallée d'Aoste,Valle d'Aosta,125666,111775,88.95,1.02
1430,2021-03-30,VDA,402,223,179,364,20,18,ITC,ITC2,2,Valle d'Aosta / Vallée d'Aoste,Valle d'Aosta,125666,112177,89.27,0.32
1431,2021-05-12,VDA,1144,550,594,449,671,24,ITC,ITC2,2,Valle d'Aosta / Vallée d'Aoste,Valle d'Aosta,125666,113321,90.18,0.91
1432,2021-07-17,VDA,987,521,466,252,730,5,ITC,ITC2,2,Valle d'Aosta / Vallée d'Aoste,Valle d'Aosta,125666,114308,90.96,0.79
1433,2021-08-10,VDA,853,437,416,580,263,10,ITC,ITC2,2,Valle d'Aosta / Vallée d'Aoste,Valle d'Aosta,125666,115161,91.64,0.68
1434,2021-02-06,VDA,290,104,186,91,198,1,ITC,ITC2,2,Valle d'Aosta / Vallée d'Aoste,Valle d'Aosta,125666,115451,91.87,0.23
1435,2021-02-25,VDA,202,101,101,190,8,4,ITC,ITC2,2,Valle d'Aosta / Vallée d'Aoste,Valle d'Aosta,125666,115653,92.03,0.16
1436,2021-08-05,VDA,786,406,380,278,482,26,ITC,ITC2,2,Valle d'Aosta / Vallée d'Aoste,Valle d'Aosta,125666,116439,92.66,0.63
1437,2021-01-06,VDA,66,34,32,66,0,0,ITC,ITC2,2,Valle d'Aosta / Vallée d'Aoste,Valle d'Aosta,125666,116505,92.71,0.05
1438,2021-02-18,VDA,349,153,196,256,88,5,ITC,ITC2,2,Valle d'Aosta / Vallée d'Aoste,Valle d'Aosta,125666,116854,92.99,0.28
1439,2021-01-11,VDA,328,113,215,328,0,0,ITC,ITC2,2,Valle d'Aosta / Vallée d'Aoste,Valle d'Aosta,125666,117182,93.25,0.26
1440,2021-04-04,VDA,572,253,319,561,0,11,ITC,ITC2,2,Valle d'Aosta / Vallée d'Aoste,Valle d'Aosta,125666,117754,93.7,0.46
1441,2021-08-17,VDA,560,306,254,210,342,8,ITC,ITC2,2,Valle d'Aosta / Vallée d'Aoste,Valle d'Aosta,125666,118314,94.15,0.45
1442,2021-02-13,VDA,217,197,20,214,1,2,ITC,ITC2,2,Valle d'Aosta / Vallée d'Aoste,Valle d'Aosta,125666,118531,94.32,0.17
1443,2021-04-30,VDA,833,357,476,469,347,17,ITC,ITC2,2,Valle d'Aosta / Vallée d'Aoste,Valle d'Aosta,125666,119364,94.99,0.66
1444,2021-01-20,VDA,64,15,49,64,0,0,ITC,ITC2,2,Valle d'Aosta / Vallée d'Aoste,Valle d'Aosta,125666,119428,95.04,0.05
1445,2021-07-22,VDA,981,519,462,270,704,7,ITC,ITC2,2,Valle d'Aosta / Vallée d'Aoste,Valle d'Aosta,125666,120409,95.82,0.78
1446,2021-01-18,VDA,214,74,140,214,0,0,ITC,ITC2,2,Valle d'Aosta / Vallée d'Aoste,Valle d'Aosta,125666,120623,95.99,0.17
1447,2021-04-11,VDA,479,208,271,462,0,17,ITC,ITC2,2,Valle d'Aosta / Vallée d'Aoste,Valle d'Aosta,125666,121102,96.37,0.38
1448,2021-06-12,VDA,1234,600,634,1060,167,7,ITC,ITC2,2,Valle d'Aosta / Vallée d'Aoste,Valle d'Aosta,125666,122336,97.35,0.98
1449,2021-03-19,VDA,322,85,237,285,35,2,ITC,ITC2,2,Valle d'Aosta / Vallée d'Aoste,Valle d'Aosta,125666,122658,97.61,0.26
1450,2021-05-07,VDA,566,247,319,514,30,22,ITC,ITC2,2,Valle d'Aosta / Vallée d'Aoste,Valle d'Aosta,125666,123224,98.06,0.45
1451,2021-04-23,VDA,923,443,480,511,383,29,ITC,ITC2,2,Valle d'Aosta / Vallée d'Aoste,Valle d'Aosta,125666,124147,98.79,0.73
1452,2021-01-13,VDA,338,110,228,338,0,0,ITC,ITC2,2,Valle d'Aosta / Vallée d'Aoste,Valle d'Aosta,125666,124485,99.06,0.27
1453,2021-07-29,VDA,996,508,488,320,666,10,ITC,ITC2,2,Valle d'Aosta / Vallée d'Aoste,Valle d'Aosta,125666,125481,99.85,0.79
1454,2021-07-15,VDA,1099,596,503,292,800,7,ITC,ITC2,2,Valle d'Aosta / Vallée d'Aoste,Valle d'Aosta,125666,126580,100.73,0.87
1455,2021-04-06,VDA,743,382,361,598,112,33,ITC,ITC2,2,Valle d'Aosta / Vallée d'Aoste,Valle d'Aosta,125666,127323,101.32,0.59
1456,2021-03-18,VDA,136,43,93,96,37,3,ITC,ITC2,2,Valle d'Aosta / Vallée d'Aoste,Valle d'Aosta,125666,127459,101.43,0.11
1457,2021-06-26,VDA,1065,512,553,351,707,7,ITC,ITC2,2,Valle d'Aosta / Vallée d'Aoste,Valle d'Aosta,125666,128524,102.27,0.85
1458,2021-03-04,VDA,291,139,152,39,250,2,ITC,ITC2,2,Valle d'Aosta / Vallée d'Aoste,Valle d'Aosta,125666,128815,102.51,0.23
1459,2021-05-26,VDA,1212,587,625,567,634,11,ITC,ITC2,2,Valle d'Aosta / Vallée d'Aoste,Valle d'Aosta,125666,130027,103.47,0.96
1460,2021-09-03,VDA,534,283,251,141,369,24,ITC,ITC2,2,Valle d'Aosta / Vallée d'Aoste,Valle d'Aosta,125666,130561,103.9,0.42
1461,2021-01-16,VDA,238,80,158,238,0,0,ITC,ITC2,2,Valle d'Aosta / Vallée d'Aoste,Valle d'Aosta,125666,130799,104.08,0.19
1462,2021-06-22,VDA,1192,666,526,531,649,12,ITC,ITC2,2,Valle d'Aosta / Vallée d'Aoste,Valle d'Aosta,125666,131991,105.03,0.95
1463,2021-03-14,VDA,392,200,192,374,0,18,ITC,ITC2,2,Valle d'Aosta / Vallée d'Aoste,Valle d'Aosta,125666,132383,105.35,0.31
1464,2021-04-26,VDA,718,330,388,516,170,32,ITC,ITC2,2,Valle d'Aosta / Vallée d'Aoste,Valle d'Aosta,125666,133101,105.92,0.57
1465,2021-08-27,VDA,498,259,239,126,366,6,ITC,ITC2,2,Valle d'Aosta / Vallée d'Aoste,Valle d'Aosta,125666,133599,106.31,0.4
1466,2021-07-01,VDA,962,473,489,328,621,13,ITC,ITC2,2,Valle d'Aosta / Vallée d'Aoste,Valle d'Aosta,125666,134561,107.08,0.77
1467,2021-01-09,VDA,445,200,245,445,0,0,ITC,ITC2,2,Valle d'Aosta / Vallée d'Aoste,Valle d'Aosta,125666,135006,107.43,0.35
1468,2021-06-24,VDA,1226,631,595,380,837,9,ITC,ITC2,2,Valle d'Aosta / Vallée d'Aoste,Valle d'Aosta,125666,136232,108.41,0.98
1469,2021-07-03,VDA,936,485,451,390,537,9,ITC,ITC2,2,Valle d'Aosta / Vallée d'Aoste,Valle d'Aosta,125666,137168,109.15,0.74
1470,2021-08-29,VDA,209,120,89,6,202,1,ITC,ITC2,2,Valle d'Aosta / Vallée d'Aoste,Valle d'Aosta,125666,137377,109.32,0.17
1471,2021-02-08,VDA,224,83,141,25,199,0,ITC,ITC2,2,Valle d'Aosta / Vallée d'Aoste,Valle d'Aosta,125666,137601,109.5,0.18
1472,2021-03-23,VDA,381,150,231,230,135,16,ITC,ITC2,2,Valle d'Aosta / Vallée d'Aoste,Valle d'Aosta,125666,137982,109.8,0.3
1473,2021-05-19,VDA,993,498,495,410,575,8,ITC,ITC2,2,Valle d'Aosta / Vallée d'Aoste,Valle d'Aosta,125666,138975,110.59,0.79
1474,2021-09-05,VDA,143,75,68,4,136,3,ITC,ITC2,2,Valle d'Aosta / Vallée d'Aoste,Valle d'Aosta,125666,139118,110.7,0.11
1475,2021-03-16,VDA,185,37,148,109,67,9,ITC,ITC2,2,Valle d'Aosta / Vallée d'Aoste,Valle d'Aosta,125666,139303,110.85,0.15
1476,2021-03-31,VDA,555,302,253,511,26,18,ITC,ITC2,2,Valle d'Aosta / Vallée d'Aoste,Valle d'Aosta,125666,139858,111.29,0.44
1477,2021-05-27,VDA,1093,498,595,575,506,12,ITC,ITC2,2,Valle d'Aosta / Vallée d'Aoste,Valle d'Aosta,125666,140951,112.16,0.87
1478,2021-05-13,VDA,1146,561,585,523,602,21,ITC,ITC2,2,Valle d'Aosta / Vallée d'Aoste,Valle d'Aosta,125666,142097,113.08,0.91
1479,2021-02-02,VDA,287,73,214,3,284,0,ITC,ITC2,2,Valle d'Aosta / Vallée d'Aoste,Valle d'Aosta,125666,142384,113.3,0.23
1480,2021-07-09,VDA,945,446,499,279,656,10,ITC,ITC2,2,Valle d'Aosta / Vallée d'Aoste,Valle d'Aosta,125666,143329,114.06,0.75
1481,2021-06-25,VDA,978,445,533,325,651,2,ITC,ITC2,2,Valle d'Aosta / Vallée d'Aoste,Valle d'Aosta,125666,144307,114.83,0.78
1482,2021-08-21,VDA,441,221,220,93,331,17,ITC,ITC2,2,Valle d'Aosta / Vallée d'Aoste,Valle d'Aosta,125666,144748,115.18,0.35
1483,2021-05-20,VDA,1045,475,570,592,440,13,ITC,ITC2,2,Valle d'Aosta / Vallée d'Aoste,Valle d'Aosta,125666,145793,116.02,0.83
1484,2021-07-02,VDA,871,386,485,303,562,6,ITC,ITC2,2,Valle d'Aosta / Vallée d'Aoste,Valle d'Aosta,125666,146664,116.71,0.69
1485,2021-03-24,VDA,516,230,286,256,257,3,ITC,ITC2,2,Valle d'Aosta / Vallée d'Aoste,Valle d'Aosta,125666,147180,117.12,0.41
1486,2021-08-28,VDA,535,285,250,91,423,21,ITC,ITC2,2,Valle d'Aosta / Vallée d'Aoste,Valle d'Aosta,125666,147715,117.55,0.43
1487,2021-05-06,VDA,1083,516,567,664,385,34,ITC,ITC2,2,Valle d'Aosta / Vallée d'Aoste,Valle d'Aosta,125666,148798,118.41,0.86
1488,2021-02-16,VDA,327,53,274,315,6,6,ITC,ITC2,2,Valle d'Aosta / Vallée d'Aoste,Valle d'Aosta,125666,149125,118.67,0.26
1489,2021-04-07,VDA,910,474,436,655,229,26,ITC,ITC2,2,Valle d'Aosta / Vallée d'Aoste,Valle d'Aosta,125666,150035,119.39,0.72
1490,2021-02-09,VDA,255,86,169,70,184,1,ITC,ITC2,2,Valle d'Aosta / Vallée d'Aoste,Valle d'Aosta,125666,150290,119.59,0.2
1491,2021-07-20,VDA,1121,585,536,389,724,8,ITC,ITC2,2,Valle d'Aosta / Vallée d'Aoste,Valle d'Aosta,125666,151411,120.49,0.89
1492,2021-04-18,VDA,523,255,268,495,2,26,ITC,ITC2,2,Valle d'Aosta / Vallée d'Aoste,Valle d'Aosta,125666,151934,120.9,0.42
1493,2021-06-14,VDA,1017,523,494,575,428,14,ITC,ITC2,2,Valle d'Aosta / Vallée d'Aoste,Valle d'Aosta,125666,152951,121.71,0.81
1494,2021-05-31,VDA,881,396,485,490,380,11,ITC,ITC2,2,Valle d'Aosta / Vallée d'Aoste,Valle d'Aosta,125666,153832,122.41,0.7
1495,2021-07-27,VDA,1122,597,525,561,552,9,ITC,ITC2,2,Valle d'Aosta / Vallée d'Aoste,Valle d'Aosta,125666,154954,123.31,0.89
1496,2021-04-25,VDA,850,409,441,674,139,37,ITC,ITC2,2,Valle d'Aosta / Vallée d'Aoste,Valle d'Aosta,125666,155804,123.98,0.68
1497,2021-06-21,VDA,1123,600,523,608,505,10,ITC,ITC2,2,Valle d'Aosta / Vallée d'Aoste,Valle d'Aosta,125666,156927,124.88,0.89
1498,2021-06-07,VDA,711,347,364,637,61,13,ITC,ITC2,2,Valle d'Aosta / Vallée d'Aoste,Valle d'Aosta,125666,157638,125.44,0.57
1499,2021-02-27,VDA,232,86,146,120,107,5,ITC,ITC2,2,Valle d'Aosta / Vallée d'Aoste,Valle d'Aosta,125666,157870,125.63,0.18
1500,2021-08-03,VDA,936,485,451,561,361,14,ITC,ITC2,2,Valle d'Aosta / Vallée d'Aoste,Valle d'Aosta,125666,158806,126.37,0.74
1501,2021-02-06,PAT,582,302,280,439,143,0,ITH,ITH2,4,Provincia Autonoma Trento,P.A. Trento,541380,582,0.11,0.11
1502,2021-02-23,PAT,1128,403,725,887,218,23,ITH,ITH2,4,Provincia Autonoma Trento,P.A. Trento,541380,1710,0.32,0.21
1503,2021-05-17,PAT,4357,2157,2200,3752,363,242,ITH,ITH2,4,Provincia Autonoma Trento,P.A. Trento,541380,6067,1.12,0.8
1504,2021-08-25,PAT,4391,2345,2046,1083,3236,72,ITH,ITH2,4,Provincia Autonoma Trento,P.A. Trento,541380,10458,1.93,0.81
1505,2021-08-08,PAT,634,337,297,241,385,8,ITH,ITH2,4,Provincia Autonoma Trento,P.A. Trento,541380,11092,2.05,0.12
1506,2021-08-27,PAT,3795,2063,1732,927,2788,80,ITH,ITH2,4,Provincia Autonoma Trento,P.A. Trento,541380,14887,2.75,0.7
1507,2021-03-26,PAT,3277,1282,1995,2519,612,146,ITH,ITH2,4,Provincia Autonoma Trento,P.A. Trento,541380,18164,3.36,0.61
1508,2021-01-23,PAT,584,338,246,389,194,1,ITH,ITH2,4,Provincia Autonoma Trento,P.A. Trento,541380,18748,3.46,0.11
1509,2021-05-03,PAT,4311,2223,2088,3844,157,310,ITH,ITH2,4,Provincia Autonoma Trento,P.A. Trento,541380,23059,4.26,0.8
1510,2021-08-13,PAT,5954,3374,2580,2580,3225,149,ITH,ITH2,4,Provincia Autonoma Trento,P.A. Trento,541380,29013,5.36,1.1
1511,2021-07-01,PAT,7150,3737,3413,3591,3364,195,ITH,ITH2,4,Provincia Autonoma Trento,P.A. Trento,541380,36163,6.68,1.32
1512,2021-05-05,PAT,5059,2611,2448,4434,305,320,ITH,ITH2,4,Provincia Autonoma Trento,P.A. Trento,541380,41222,7.61,0.93
1513,2021-03-09,PAT,1670,620,1050,980,653,37,ITH,ITH2,4,Provincia Autonoma Trento,P.A. Trento,541380,42892,7.92,0.31
1514,2021-06-17,PAT,6752,3563,3189,2044,4538,170,ITH,ITH2,4,Provincia Autonoma Trento,P.A. Trento,541380,49644,9.17,1.25
1515,2021-07-13,PAT,3839,1952,1887,1777,1934,128,ITH,ITH2,4,Provincia Autonoma Trento,P.A. Trento,541380,53483,9.88,0.71
1516,2021-04-21,PAT,2945,1372,1573,2739,51,155,ITH,ITH2,4,Provincia Autonoma Trento,P.A. Trento,541380,56428,10.42,0.54
1517,2021-01-28,PAT,554,156,398,51,503,0,ITH,ITH2,4,Provincia Autonoma Trento,P.A. Trento,541380,56982,10.53,0.1
1518,2021-01-11,PAT,765,235,530,765,0,0,ITH,ITH2,4,Provincia Autonoma Trento,P.A. Trento,541380,57747,10.67,0.14
1519,2021-07-27,PAT,4815,2546,2269,1753,2951,111,ITH,ITH2,4,Provincia Autonoma Trento,P.A. Trento,541380,62562,11.56,0.89
1520,2021-05-31,PAT,4805,2213,2592,1608,3087,110,ITH,ITH2,4,Provincia Autonoma Trento,P.A. Trento,541380,67367,12.44,0.89
1521,2021-06-29,PAT,6427,3241,3186,2771,3533,123,ITH,ITH2,4,Provincia Autonoma Trento,P.A. Trento,541380,73794,13.63,1.19
1522,2021-06-12,PAT,5428,2717,2711,436,4942,50,ITH,ITH2,4,Provincia Autonoma Trento,P.A. Trento,541380,79222,14.63,1.0
1523,2021-03-21,PAT,136,74,62,131,0,5,ITH,ITH2,4,Provincia Autonoma Trento,P.A. Trento,541380,79358,14.66,0.03
1524,2021-05-24,PAT,4492,2077,2415,1269,3109,114,ITH,ITH2,4,Provincia Autonoma Trento,P.A. Trento,541380,83850,15.49,0.83
1525,2021-04-09,PAT,2806,1195,1611,1528,1209,69,ITH,ITH2,4,Provincia Autonoma Trento,P.A. Trento,541380,86656,16.01,0.52
1526,2021-02-11,PAT,1171,377,794,803,367,1,ITH,ITH2,4,Provincia Autonoma Trento,P.A. Trento,541380,87827,16.22,0.22
1527,2021-07-18,PAT,464,243,221,117,339,8,ITH,ITH2,4,Provincia Autonoma Trento,P.A. Trento,541380,88291,16.31,0.09
1528,2021-02-25,PAT,1656,649,1007,1200,446,10,ITH,ITH2,4,Provincia Autonoma Trento,P.A. Trento,541380,89947,16.61,0.31
1529,2020-12-30,PAT,7,3,4,7,0,0,ITH,ITH2,4,Provincia Autonoma Trento,P.A. Trento,541380,89954,16.62,0.0
1530,2021-06-05,PAT,4132,1939,2193,689,3364,79,ITH,ITH2,4,Provincia Autonoma Trento,P.A. Trento,541380,94086,17.38,0.76
1531,2021-04-14,PAT,3146,1480,1666,2252,738,156,ITH,ITH2,4,Provincia Autonoma Trento,P.A. Trento,541380,97232,17.96,0.58
1532,2021-03-28,PAT,768,304,464,717,2,49,ITH,ITH2,4,Provincia Autonoma Trento,P.A. Trento,541380,98000,18.1,0.14
1533,2021-01-04,PAT,905,250,655,903,0,2,ITH,ITH2,4,Provincia Autonoma Trento,P.A. Trento,541380,98905,18.27,0.17
1534,2021-07-06,PAT,5236,2763,2473,3115,1931,190,ITH,ITH2,4,Provincia Autonoma Trento,P.A. Trento,541380,104141,19.24,0.97
1535,2021-01-18,PAT,690,168,522,631,59,0,ITH,ITH2,4,Provincia Autonoma Trento,P.A. Trento,541380,104831,19.36,0.13
1536,2021-06-19,PAT,3146,1722,1424,236,2879,31,ITH,ITH2,4,Provincia Autonoma Trento,P.A. Trento,541380,107977,19.94,0.58
1537,2021-07-08,PAT,4164,2213,1951,2514,1482,168,ITH,ITH2,4,Provincia Autonoma Trento,P.A. Trento,541380,112141,20.71,0.77
1538,2021-02-04,PAT,1014,321,693,430,583,1,ITH,ITH2,4,Provincia Autonoma Trento,P.A. Trento,541380,113155,20.9,0.19
1539,2021-08-06,PAT,6473,3565,2908,2667,3685,121,ITH,ITH2,4,Provincia Autonoma Trento,P.A. Trento,541380,119628,22.1,1.2
1540,2021-01-16,PAT,322,148,174,322,0,0,ITH,ITH2,4,Provincia Autonoma Trento,P.A. Trento,541380,119950,22.16,0.06
1541,2021-04-28,PAT,4289,1994,2295,3896,139,254,ITH,ITH2,4,Provincia Autonoma Trento,P.A. Trento,541380,124239,22.95,0.79
1542,2021-03-14,PAT,110,67,43,19,89,2,ITH,ITH2,4,Provincia Autonoma Trento,P.A. Trento,541380,124349,22.97,0.02
1543,2021-03-07,PAT,24,6,18,24,0,0,ITH,ITH2,4,Provincia Autonoma Trento,P.A. Trento,541380,124373,22.97,0.0
1544,2021-01-09,PAT,195,42,153,195,0,0,ITH,ITH2,4,Provincia Autonoma Trento,P.A. Trento,541380,124568,23.01,0.04
1545,2021-06-24,PAT,6056,3171,2885,3652,2208,196,ITH,ITH2,4,Provincia Autonoma Trento,P.A. Trento,541380,130624,24.13,1.12
1546,2021-05-12,PAT,3348,1511,1837,1962,1220,166,ITH,ITH2,4,Provincia Autonoma Trento,P.A. Trento,541380,133972,24.75,0.62
1547,2021-03-16,PAT,1407,514,893,581,792,34,ITH,ITH2,4,Provincia Autonoma Trento,P.A. Trento,541380,135379,25.01,0.26
1548,2021-08-20,PAT,5212,2878,2334,1484,3629,99,ITH,ITH2,4,Provincia Autonoma Trento,P.A. Trento,541380,140591,25.97,0.96
1549,2021-05-14,PAT,5443,2614,2829,3714,1428,301,ITH,ITH2,4,Provincia Autonoma Trento,P.A. Trento,541380,146034,26.97,1.01
1550,2021-08-22,PAT,406,243,163,220,171,15,ITH,ITH2,4,Provincia Autonoma Trento,P.A. Trento,541380,146440,27.05,0.07
1551,2021-02-16,PAT,676,248,428,660,5,11,ITH,ITH2,4,Provincia Autonoma Trento,P.A. Trento,541380,147116,27.17,0.12
1552,2021-04-23,PAT,3668,1786,1882,3430,56,182,ITH,ITH2,4,Provincia Autonoma Trento,P.A. Trento,541380,150784,27.85,0.68
1553,2021-01-30,PAT,396,136,260,155,241,0,ITH,ITH2,4,Provincia Autonoma Trento,P.A. Trento,541380,151180,27.92,0.07
1554,2021-05-10,PAT,3270,1678,1592,2531,518,221,ITH,ITH2,4,Provincia Autonoma Trento,P.A. Trento,541380,154450,28.53,0.6
1555,2021-07-20,PAT,4828,2610,2218,1745,2933,150,ITH,ITH2,4,Provincia Autonoma Trento,P.A. Trento,541380,159278,29.42,0.89
1556,2021-02-20,PAT,412,247,165,124,287,1,ITH,ITH2,4,Provincia Autonoma Trento,P.A. Trento,541380,159690,29.5,0.08
1557,2021-09-01,PAT,3916,2088,1828,829,3012,75,ITH,ITH2,4,Provincia Autonoma Trento,P.A. Trento,541380,163606,30.22,0.72
1558,2021-03-02,PAT,1323,446,877,910,382,31,ITH,ITH2,4,Provincia Autonoma Trento,P.A. Trento,541380,164929,30.46,0.24
1559,2021-06-10,PAT,6215,3027,3188,1813,4265,137,ITH,ITH2,4,Provincia Autonoma Trento,P.A. Trento,541380,171144,31.61,1.15
1560,2021-09-03,PAT,3469,1901,1568,784,2636,49,ITH,ITH2,4,Provincia Autonoma Trento,P.A. Trento,541380,174613,32.25,0.64
1561,2021-05-22,PAT,3372,1665,1707,849,2432,91,ITH,ITH2,4,Provincia Autonoma Trento,P.A. Trento,541380,177985,32.88,0.62
1562,2021-05-29,PAT,2444,1328,1116,783,1570,91,ITH,ITH2,4,Provincia Autonoma Trento,P.A. Trento,541380,180429,33.33,0.45
1563,2021-04-02,PAT,2892,1178,1714,2044,684,164,ITH,ITH2,4,Provincia Autonoma Trento,P.A. Trento,541380,183321,33.86,0.53
1564,2021-04-16,PAT,2906,1377,1529,2597,150,159,ITH,ITH2,4,Provincia Autonoma Trento,P.A. Trento,541380,186227,34.4,0.54
1565,2021-02-18,PAT,1436,504,932,1349,69,18,ITH,ITH2,4,Provincia Autonoma Trento,P.A. Trento,541380,187663,34.66,0.27
1566,2021-07-25,PAT,366,205,161,139,218,9,ITH,ITH2,4,Provincia Autonoma Trento,P.A. Trento,541380,188029,34.73,0.07
1567,2021-08-24,PAT,4601,2467,2134,1287,3221,93,ITH,ITH2,4,Provincia Autonoma Trento,P.A. Trento,541380,192630,35.58,0.85
1568,2021-07-24,PAT,994,547,447,525,445,24,ITH,ITH2,4,Provincia Autonoma Trento,P.A. Trento,541380,193624,35.76,0.18
1569,2021-05-02,PAT,3564,1979,1585,3294,39,231,ITH,ITH2,4,Provincia Autonoma Trento,P.A. Trento,541380,197188,36.42,0.66
1570,2021-04-01,PAT,2945,1251,1694,1745,1106,94,ITH,ITH2,4,Provincia Autonoma Trento,P.A. Trento,541380,200133,36.97,0.54
1571,2021-07-10,PAT,1098,565,533,148,920,30,ITH,ITH2,4,Provincia Autonoma Trento,P.A. Trento,541380,201231,37.17,0.2
1572,2021-03-23,PAT,2483,962,1521,1628,755,100,ITH,ITH2,4,Provincia Autonoma Trento,P.A. Trento,541380,203714,37.63,0.46
1573,2021-05-28,PAT,3805,1768,2037,1399,2265,141,ITH,ITH2,4,Provincia Autonoma Trento,P.A. Trento,541380,207519,38.33,0.7
1574,2021-01-25,PAT,849,231,618,25,824,0,ITH,ITH2,4,Provincia Autonoma Trento,P.A. Trento,541380,208368,38.49,0.16
1575,2021-03-25,PAT,2916,1128,1788,1742,1060,114,ITH,ITH2,4,Provincia Autonoma Trento,P.A. Trento,541380,211284,39.03,0.54
1576,2021-07-03,PAT,1268,681,587,78,1185,5,ITH,ITH2,4,Provincia Autonoma Trento,P.A. Trento,541380,212552,39.26,0.23
1577,2021-02-08,PAT,1194,333,861,347,847,0,ITH,ITH2,4,Provincia Autonoma Trento,P.A. Trento,541380,213746,39.48,0.22
1578,2021-08-29,PAT,615,346,269,310,281,24,ITH,ITH2,4,Provincia Autonoma Trento,P.A. Trento,541380,214361,39.6,0.11
1579,2021-03-18,PAT,2335,964,1371,1221,1089,25,ITH,ITH2,4,Provincia Autonoma Trento,P.A. Trento,541380,216696,40.03,0.43
1580,2021-06-09,PAT,6327,3123,3204,2114,4129,84,ITH,ITH2,4,Provincia Autonoma Trento,P.A. Trento,541380,223023,41.2,1.17
1581,2021-06-26,PAT,1436,753,683,679,727,30,ITH,ITH2,4,Provincia Autonoma Trento,P.A. Trento,541380,224459,41.46,0.27
1582,2021-06-28,PAT,6954,3597,3357,2961,3869,124,ITH,ITH2,4,Provincia Autonoma Trento,P.A. Trento,541380,231413,42.75,1.28
1583,2021-04-06,PAT,2288,969,1319,1459,770,59,ITH,ITH2,4,Provincia Autonoma Trento,P.A. Trento,541380,233701,43.17,0.42
1584,2021-07-15,PAT,4298,2300,1998,1790,2364,144,ITH,ITH2,4,Provincia Autonoma Trento,P.A. Trento,541380,237999,43.96,0.79
1585,2021-01-08,PAT,1537,341,1196,1536,0,1,ITH,ITH2,4,Provincia Autonoma Trento,P.A. Trento,541380,239536,44.25,0.28
1586,2021-06-14,PAT,5819,3010,2809,2043,3656,120,ITH,ITH2,4,Provincia Autonoma Trento,P.A. Trento,541380,245355,45.32,1.07
1587,2021-04-18,PAT,1865,850,1015,1796,9,60,ITH,ITH2,4,Provincia Autonoma Trento,P.A. Trento,541380,247220,45.66,0.34
1588,2021-03-06,PAT,809,285,524,615,152,42,ITH,ITH2,4,Provincia Autonoma Trento,P.A. Trento,541380,248029,45.81,0.15
1589,2021-04-13,PAT,2618,1090,1528,2026,509,83,ITH,ITH2,4,Provincia Autonoma Trento,P.A. Trento,541380,250647,46.3,0.48
1590,2021-01-20,PAT,308,77,231,296,12,0,ITH,ITH2,4,Provincia Autonoma Trento,P.A. Trento,541380,250955,46.35,0.06
1591,2021-04-30,PAT,4992,2434,2558,4443,163,386,ITH,ITH2,4,Provincia Autonoma Trento,P.A. Trento,541380,255947,47.28,0.92
1592,2021-05-19,PAT,5196,2514,2682,3672,1274,250,ITH,ITH2,4,Provincia Autonoma Trento,P.A. Trento,541380,261143,48.24,0.96
1593,2021-03-04,PAT,2388,807,1581,1556,790,42,ITH,ITH2,4,Provincia Autonoma Trento,P.A. Trento,541380,263531,48.68,0.44
1594,2021-08-10,PAT,5993,3204,2789,2897,2911,185,ITH,ITH2,4,Provincia Autonoma Trento,P.A. Trento,541380,269524,49.78,1.11
1595,2021-03-13,PAT,965,496,469,841,48,76,ITH,ITH2,4,Provincia Autonoma Trento,P.A. Trento,541380,270489,49.96,0.18
1596,2021-07-05,PAT,5433,2850,2583,3793,1392,248,ITH,ITH2,4,Provincia Autonoma Trento,P.A. Trento,541380,275922,50.97,1.0
1597,2021-06-21,PAT,6260,3387,2873,3650,2425,185,ITH,ITH2,4,Provincia Autonoma Trento,P.A. Trento,541380,282182,52.12,1.16
1598,2021-01-13,PAT,444,131,313,444,0,0,ITH,ITH2,4,Provincia Autonoma Trento,P.A. Trento,541380,282626,52.2,0.08
1599,2021-02-12,PAT,1033,346,687,592,439,2,ITH,ITH2,4,Provincia Autonoma Trento,P.A. Trento,541380,283659,52.4,0.19
1600,2021-03-01,PAT,1254,460,794,928,301,25,ITH,ITH2,4,Provincia Autonoma Trento,P.A. Trento,541380,284913,52.63,0.23
1601,2021-03-20,PAT,888,409,479,663,211,14,ITH,ITH2,4,Provincia Autonoma Trento,P.A. Trento,541380,285801,52.79,0.16
1602,2021-03-03,PAT,1672,628,1044,1115,520,37,ITH,ITH2,4,Provincia Autonoma Trento,P.A. Trento,541380,287473,53.1,0.31
1603,2021-09-02,PAT,3338,1750,1588,949,2342,47,ITH,ITH2,4,Provincia Autonoma Trento,P.A. Trento,541380,290811,53.72,0.62
1604,2021-06-11,PAT,7308,3476,3832,1491,5711,106,ITH,ITH2,4,Provincia Autonoma Trento,P.A. Trento,541380,298119,55.07,1.35
1605,2021-06-13,PAT,3734,2061,1673,279,3430,25,ITH,ITH2,4,Provincia Autonoma Trento,P.A. Trento,541380,301853,55.76,0.69
1606,2021-07-17,PAT,1099,537,562,270,809,20,ITH,ITH2,4,Provincia Autonoma Trento,P.A. Trento,541380,302952,55.96,0.2
1607,2021-05-21,PAT,5214,2505,2709,3138,1804,272,ITH,ITH2,4,Provincia Autonoma Trento,P.A. Trento,541380,308166,56.92,0.96
1608,2021-02-01,PAT,1278,356,922,98,1180,0,ITH,ITH2,4,Provincia Autonoma Trento,P.A. Trento,541380,309444,57.16,0.24
1609,2021-08-31,PAT,4396,2289,2107,1238,3057,101,ITH,ITH2,4,Provincia Autonoma Trento,P.A. Trento,541380,313840,57.97,0.81
1610,2021-04-11,PAT,2392,1161,1231,2201,99,92,ITH,ITH2,4,Provincia Autonoma Trento,P.A. Trento,541380,316232,58.41,0.44
1611,2021-02-27,PAT,1054,468,586,606,428,20,ITH,ITH2,4,Provincia Autonoma Trento,P.A. Trento,541380,317286,58.61,0.19
1612,2021-08-03,PAT,6213,3357,2856,2488,3596,129,ITH,ITH2,4,Provincia Autonoma Trento,P.A. Trento,541380,323499,59.75,1.15
1613,2021-01-01,PAT,222,51,171,222,0,0,ITH,ITH2,4,Provincia Autonoma Trento,P.A. Trento,541380,323721,59.8,0.04
1614,2021-06-07,PAT,5885,2929,2956,2679,3025,181,ITH,ITH2,4,Provincia Autonoma Trento,P.A. Trento,541380,329606,60.88,1.09
1615,2021-04-25,PAT,2003,953,1050,1873,7,123,ITH,ITH2,4,Provincia Autonoma Trento,P.A. Trento,541380,331609,61.25,0.37
1616,2021-08-28,PAT,1339,824,515,547,755,37,ITH,ITH2,4,Provincia Autonoma Trento,P.A. Trento,541380,332948,61.5,0.25
1617,2021-08-21,PAT,1318,782,536,601,678,39,ITH,ITH2,4,Provincia Autonoma Trento,P.A. Trento,541380,334266,61.74,0.24
1618,2021-06-25,PAT,7794,4157,3637,4181,3447,166,ITH,ITH2,4,Provincia Autonoma Trento,P.A. Trento,541380,342060,63.18,1.44
1619,2021-02-03,PAT,877,326,551,417,460,0,ITH,ITH2,4,Provincia Autonoma Trento,P.A. Trento,541380,342937,63.34,0.16
1620,2021-07-19,PAT,4810,2533,2277,1456,3224,130,ITH,ITH2,4,Provincia Autonoma Trento,P.A. Trento,541380,347747,64.23,0.89
1621,2021-05-23,PAT,1995,1015,980,431,1535,29,ITH,ITH2,4,Provincia Autonoma Trento,P.A. Trento,541380,349742,64.6,0.37
1622,2021-04-10,PAT,2876,1352,1524,1994,803,79,ITH,ITH2,4,Provincia Autonoma Trento,P.A. Trento,541380,352618,65.13,0.53
1623,2021-06-02,PAT,2883,1383,1500,895,1915,73,ITH,ITH2,4,Provincia Autonoma Trento,P.A. Trento,541380,355501,65.67,0.53
1624,2021-03-11,PAT,2621,983,1638,1506,1055,60,ITH,ITH2,4,Provincia Autonoma Trento,P.A. Trento,541380,358122,66.15,0.48
1625,2021-07-22,PAT,4778,2587,2191,1901,2738,139,ITH,ITH2,4,Provincia Autonoma Trento,P.A. Trento,541380,362900,67.03,0.88
1626,2021-01-27,PAT,873,310,563,115,756,2,ITH,ITH2,4,Provincia Autonoma Trento,P.A. Trento,541380,363773,67.19,0.16
1627,2021-02-13,PAT,540,335,205,172,368,0,ITH,ITH2,4,Provincia Autonoma Trento,P.A. Trento,541380,364313,67.29,0.1
1628,2021-05-07,PAT,6092,3133,2959,4853,854,385,ITH,ITH2,4,Provincia Autonoma Trento,P.A. Trento,541380,370405,68.42,1.13
1629,2021-04-20,PAT,2908,1387,1521,2689,37,182,ITH,ITH2,4,Provincia Autonoma Trento,P.A. Trento,541380,373313,68.96,0.54
1630,2021-05-09,PAT,2354,1225,1129,1870,347,137,ITH,ITH2,4,Provincia Autonoma Trento,P.A. Trento,541380,375667,69.39,0.43
1631,2021-08-17,PAT,5444,2879,2565,1934,3379,131,ITH,ITH2,4,Provincia Autonoma Trento,P.A. Trento,541380,381111,70.4,1.01
1632,2021-02-15,PAT,547,193,354,419,126,2,ITH,ITH2,4,Provincia Autonoma Trento,P.A. Trento,541380,381658,70.5,0.1
1633,2021-05-26,PAT,3963,1870,2093,1116,2724,123,ITH,ITH2,4,Provincia Autonoma Trento,P.A. Trento,541380,385621,71.23,0.73
1634,2021-02-10,PAT,872,295,577,513,358,1,ITH,ITH2,4,Provincia Autonoma Trento,P.A. Trento,541380,386493,71.39,0.16
1635,2021-07-26,PAT,3900,2058,1842,838,2995,67,ITH,ITH2,4,Provincia Autonoma Trento,P.A. Trento,541380,390393,72.11,0.72
1636,2021-04-08,PAT,3180,1334,1846,1952,1133,95,ITH,ITH2,4,Provincia Autonoma Trento,P.A. Trento,541380,393573,72.7,0.59
1637,2020-12-31,PAT,1701,480,1221,1701,0,0,ITH,ITH2,4,Provincia Autonoma Trento,P.A. Trento,541380,395274,73.01,0.31
1638,2021-06-22,PAT,6383,3479,2904,3627,2568,188,ITH,ITH2,4,Provincia Autonoma Trento,P.A. Trento,541380,401657,74.19,1.18
1639,2021-03-05,PAT,2308,736,1572,1643,569,96,ITH,ITH2,4,Provincia Autonoma Trento,P.A. Trento,541380,403965,74.62,0.43
1640,2021-01-07,PAT,1301,328,973,1298,0,3,ITH,ITH2,4,Provincia Autonoma Trento,P.A. Trento,541380,405266,74.86,0.24
1641,2021-04-29,PAT,4701,2265,2436,4172,214,315,ITH,ITH2,4,Provincia Autonoma Trento,P.A. Trento,541380,409967,75.73,0.87
1642,2021-08-07,PAT,1624,931,693,818,769,37,ITH,ITH2,4,Provincia Autonoma Trento,P.A. Trento,541380,411591,76.03,0.3
1643,2021-01-22,PAT,1748,459,1289,350,1396,2,ITH,ITH2,4,Provincia Autonoma Trento,P.A. Trento,541380,413339,76.35,0.32
1644,2021-02-05,PAT,835,288,547,285,550,0,ITH,ITH2,4,Provincia Autonoma Trento,P.A. Trento,541380,414174,76.5,0.15
1645,2021-05-16,PAT,1358,756,602,1042,248,68,ITH,ITH2,4,Provincia Autonoma Trento,P.A. Trento,541380,415532,76.75,0.25
1646,2021-01-05,PAT,759,262,497,759,0,0,ITH,ITH2,4,Provincia Autonoma Trento,P.A. Trento,541380,416291,76.89,0.14
1647,2021-08-02,PAT,5376,2852,2524,1607,3701,68,ITH,ITH2,4,Provincia Autonoma Trento,P.A. Trento,541380,421667,77.89,0.99
1648,2021-01-10,PAT,87,20,67,87,0,0,ITH,ITH2,4,Provincia Autonoma Trento,P.A. Trento,541380,421754,77.9,0.02
1649,2021-01-29,PAT,1425,363,1062,56,1369,0,ITH,ITH2,4,Provincia Autonoma Trento,P.A. Trento,541380,423179,78.17,0.26
1650,2021-07-14,PAT,4189,2177,2012,1704,2355,130,ITH,ITH2,4,Provincia Autonoma Trento,P.A. Trento,541380,427368,78.94,0.77
1651,2021-04-22,PAT,3174,1481,1693,2945,46,183,ITH,ITH2,4,Provincia Autonoma Trento,P.A. Trento,541380,430542,79.53,0.59
1652,2021-07-31,PAT,1497,856,641,1075,383,39,ITH,ITH2,4,Provincia Autonoma Trento,P.A. Trento,541380,432039,79.8,0.28
1653,2020-12-27,PAT,107,43,64,107,0,0,ITH,ITH2,4,Provincia Autonoma Trento,P.A. Trento,541380,432146,79.82,0.02
1654,2021-07-30,PAT,5848,3096,2752,2293,3447,108,ITH,ITH2,4,Provincia Autonoma Trento,P.A. Trento,541380,437994,80.9,1.08
1655,2021-08-16,PAT,4848,2560,2288,1809,2930,109,ITH,ITH2,4,Provincia Autonoma Trento,P.A. Trento,541380,442842,81.8,0.9
1656,2021-05-25,PAT,4867,2315,2552,1743,2975,149,ITH,ITH2,4,Provincia Autonoma Trento,P.A. Trento,541380,447709,82.7,0.9
1657,2021-05-08,PAT,3195,1743,1452,2571,426,198,ITH,ITH2,4,Provincia Autonoma Trento,P.A. Trento,541380,450904,83.29,0.59
1658,2021-02-14,PAT,250,189,61,11,239,0,ITH,ITH2,4,Provincia Autonoma Trento,P.A. Trento,541380,451154,83.33,0.05
1659,2021-03-30,PAT,2467,999,1468,1672,693,102,ITH,ITH2,4,Provincia Autonoma Trento,P.A. Trento,541380,453621,83.79,0.46
1660,2021-07-07,PAT,4529,2432,2097,2923,1406,200,ITH,ITH2,4,Provincia Autonoma Trento,P.A. Trento,541380,458150,84.63,0.84
1661,2021-01-03,PAT,503,166,337,503,0,0,ITH,ITH2,4,Provincia Autonoma Trento,P.A. Trento,541380,458653,84.72,0.09
1662,2021-07-21,PAT,4707,2521,2186,1527,3085,95,ITH,ITH2,4,Provincia Autonoma Trento,P.A. Trento,541380,463360,85.59,0.87
1663,2021-08-09,PAT,5349,2854,2495,2282,2925,142,ITH,ITH2,4,Provincia Autonoma Trento,P.A. Trento,541380,468709,86.58,0.99
1664,2021-08-26,PAT,4122,2163,1959,1068,2957,97,ITH,ITH2,4,Provincia Autonoma Trento,P.A. Trento,541380,472831,87.34,0.76
1665,2021-02-22,PAT,755,262,493,663,86,6,ITH,ITH2,4,Provincia Autonoma Trento,P.A. Trento,541380,473586,87.48,0.14
1666,2021-05-18,PAT,4323,2047,2276,3169,869,285,ITH,ITH2,4,Provincia Autonoma Trento,P.A. Trento,541380,477909,88.28,0.8
1667,2021-03-12,PAT,2602,991,1611,1708,815,79,ITH,ITH2,4,Provincia Autonoma Trento,P.A. Trento,541380,480511,88.76,0.48
1668,2021-06-20,PAT,1900,1050,850,31,1864,5,ITH,ITH2,4,Provincia Autonoma Trento,P.A. Trento,541380,482411,89.11,0.35
1669,2021-08-14,PAT,290,156,134,50,237,3,ITH,ITH2,4,Provincia Autonoma Trento,P.A. Trento,541380,482701,89.16,0.05
1670,2021-07-02,PAT,7424,4037,3387,3586,3596,242,ITH,ITH2,4,Provincia Autonoma Trento,P.A. Trento,541380,490125,90.53,1.37
1671,2021-01-15,PAT,628,149,479,627,0,1,ITH,ITH2,4,Provincia Autonoma Trento,P.A. Trento,541380,490753,90.65,0.12
1672,2021-05-20,PAT,5121,2407,2714,3149,1689,283,ITH,ITH2,4,Provincia Autonoma Trento,P.A. Trento,541380,495874,91.59,0.95
1673,2021-03-24,PAT,2415,963,1452,1468,827,120,ITH,ITH2,4,Provincia Autonoma Trento,P.A. Trento,541380,498289,92.04,0.45
1674,2021-04-17,PAT,2253,1148,1105,2090,57,106,ITH,ITH2,4,Provincia Autonoma Trento,P.A. Trento,541380,500542,92.46,0.42
1675,2021-04-19,PAT,2646,1244,1402,2429,23,194,ITH,ITH2,4,Provincia Autonoma Trento,P.A. Trento,541380,503188,92.95,0.49
1676,2021-07-28,PAT,4868,2670,2198,2160,2572,136,ITH,ITH2,4,Provincia Autonoma Trento,P.A. Trento,541380,508056,93.84,0.9
1677,2021-06-15,PAT,6331,3342,2989,1632,4564,135,ITH,ITH2,4,Provincia Autonoma Trento,P.A. Trento,541380,514387,95.01,1.17
1678,2021-04-07,PAT,2655,1028,1627,1576,955,124,ITH,ITH2,4,Provincia Autonoma Trento,P.A. Trento,541380,517042,95.5,0.49
1679,2021-07-16,PAT,4598,2369,2229,1739,2706,153,ITH,ITH2,4,Provincia Autonoma Trento,P.A. Trento,541380,521640,96.35,0.85
1680,2021-08-18,PAT,4634,2553,2081,1428,3119,87,ITH,ITH2,4,Provincia Autonoma Trento,P.A. Trento,541380,526274,97.21,0.86
1681,2021-05-27,PAT,4379,2034,2345,1164,3081,134,ITH,ITH2,4,Provincia Autonoma Trento,P.A. Trento,541380,530653,98.02,0.81
1682,2021-09-04,PAT,932,544,388,484,412,36,ITH,ITH2,4,Provincia Autonoma Trento,P.A. Trento,541380,531585,98.19,0.17
1683,2021-02-09,PAT,952,303,649,448,503,1,ITH,ITH2,4,Provincia Autonoma Trento,P.A. Trento,541380,532537,98.37,0.18
1684,2021-03-17,PAT,2131,813,1318,1131,907,93,ITH,ITH2,4,Provincia Autonoma Trento,P.A. Trento,541380,534668,98.76,0.39
1685,2021-02-02,PAT,942,254,688,192,750,0,ITH,ITH2,4,Provincia Autonoma Trento,P.A. Trento,541380,535610,98.93,0.17
1686,2021-07-09,PAT,5153,2732,2421,3046,1884,223,ITH,ITH2,4,Provincia Autonoma Trento,P.A. Trento,541380,540763,99.89,0.95
1687,2021-05-13,PAT,3458,1607,1851,2103,1127,228,ITH,ITH2,4,Provincia Autonoma Trento,P.A. Trento,541380,544221,100.52,0.64
1688,2021-03-31,PAT,2622,1001,1621,1654,868,100,ITH,ITH2,4,Provincia Autonoma Trento,P.A. Trento,541380,546843,101.01,0.48
1689,2021-01-26,PAT,577,173,404,28,549,0,ITH,ITH2,4,Provincia Autonoma Trento,P.A. Trento,541380,547420,101.12,0.11
1690,2021-05-06,PAT,5616,2795,2821,4447,794,375,ITH,ITH2,4,Provincia Autonoma Trento,P.A. Trento,541380,553036,102.15,1.04
1691,2021-01-02,PAT,522,149,373,522,0,0,ITH,ITH2,4,Provincia Autonoma Trento,P.A. Trento,541380,553558,102.25,0.1
1692,2021-03-29,PAT,2568,1011,1557,1696,742,130,ITH,ITH2,4,Provincia Autonoma Trento,P.A. Trento,541380,556126,102.72,0.47
1693,2021-04-12,PAT,3156,1455,1701,2527,504,125,ITH,ITH2,4,Provincia Autonoma Trento,P.A. Trento,541380,559282,103.31,0.58
1694,2021-01-21,PAT,376,104,272,247,129,0,ITH,ITH2,4,Provincia Autonoma Trento,P.A. Trento,541380,559658,103.38,0.07
1695,2021-05-01,PAT,4889,2486,2403,4553,37,299,ITH,ITH2,4,Provincia Autonoma Trento,P.A. Trento,541380,564547,104.28,0.9
1696,2021-02-21,PAT,158,95,63,44,114,0,ITH,ITH2,4,Provincia Autonoma Trento,P.A. Trento,541380,564705,104.31,0.03
1697,2021-05-15,PAT,1605,833,772,649,915,41,ITH,ITH2,4,Provincia Autonoma Trento,P.A. Trento,541380,566310,104.6,0.3
1698,2021-06-01,PAT,4104,1925,2179,1082,2911,111,ITH,ITH2,4,Provincia Autonoma Trento,P.A. Trento,541380,570414,105.36,0.76
1699,2021-06-27,PAT,1368,735,633,396,961,11,ITH,ITH2,4,Provincia Autonoma Trento,P.A. Trento,541380,571782,105.62,0.25
1700,2021-01-12,PAT,541,173,368,540,0,1,ITH,ITH2,4,Provincia Autonoma Trento,P.A. Trento,541380,572323,105.72,0.1
1701,2021-03-19,PAT,2467,925,1542,1503,881,83,ITH,ITH2,4,Provincia Autonoma Trento,P.A. Trento,541380,574790,106.17,0.46
1702,2021-04-05,PAT,35,17,18,30,2,3,ITH,ITH2,4,Provincia Autonoma Trento,P.A. Trento,541380,574825,106.18,0.01
1703,2021-04-15,PAT,3234,1459,1775,2830,156,248,ITH,ITH2,4,Provincia Autonoma Trento,P.A. Trento,541380,578059,106.78,0.6
1704,2021-06-18,PAT,7068,3761,3307,1785,5190,93,ITH,ITH2,4,Provincia Autonoma Trento,P.A. Trento,541380,585127,108.08,1.31
1705,2021-03-27,PAT,1673,747,926,1322,263,88,ITH,ITH2,4,Provincia Autonoma Trento,P.A. Trento,541380,586800,108.39,0.31
1706,2021-06-04,PAT,5928,2651,3277,1732,4062,134,ITH,ITH2,4,Provincia Autonoma Trento,P.A. Trento,541380,592728,109.48,1.09
1707,2021-02-24,PAT,1373,543,830,943,406,24,ITH,ITH2,4,Provincia Autonoma Trento,P.A. Trento,541380,594101,109.74,0.25
1708,2021-06-03,PAT,4845,2279,2566,1238,3515,92,ITH,ITH2,4,Provincia Autonoma Trento,P.A. Trento,541380,598946,110.63,0.89
1709,2021-01-19,PAT,434,89,345,434,0,0,ITH,ITH2,4,Provincia Autonoma Trento,P.A. Trento,541380,599380,110.71,0.08
1710,2021-07-23,PAT,4759,2440,2319,1672,2953,134,ITH,ITH2,4,Provincia Autonoma Trento,P.A. Trento,541380,604139,111.59,0.88
1711,2021-03-10,PAT,2486,973,1513,1473,948,65,ITH,ITH2,4,Provincia Autonoma Trento,P.A. Trento,541380,606625,112.05,0.46
1712,2021-06-06,PAT,2269,1080,1189,431,1817,21,ITH,ITH2,4,Provincia Autonoma Trento,P.A. Trento,541380,608894,112.47,0.42
1713,2021-07-12,PAT,4272,2152,2120,2039,2042,191,ITH,ITH2,4,Provincia Autonoma Trento,P.A. Trento,541380,613166,113.26,0.79
1714,2021-02-17,PAT,1175,450,725,1058,112,5,ITH,ITH2,4,Provincia Autonoma Trento,P.A. Trento,541380,614341,113.48,0.22
1715,2021-05-30,PAT,1777,876,901,864,843,70,ITH,ITH2,4,Provincia Autonoma Trento,P.A. Trento,541380,616118,113.81,0.33
1716,2021-04-03,PAT,1180,485,695,934,178,68,ITH,ITH2,4,Provincia Autonoma Trento,P.A. Trento,541380,617298,114.02,0.22
1717,2021-04-24,PAT,3580,1714,1866,3353,16,211,ITH,ITH2,4,Provincia Autonoma Trento,P.A. Trento,541380,620878,114.68,0.66
1718,2021-02-26,PAT,1257,445,812,933,299,25,ITH,ITH2,4,Provincia Autonoma Trento,P.A. Trento,541380,622135,114.92,0.23
1719,2021-01-14,PAT,731,218,513,729,0,2,ITH,ITH2,4,Provincia Autonoma Trento,P.A. Trento,541380,622866,115.05,0.14
1720,2021-02-28,PAT,246,122,124,236,0,10,ITH,ITH2,4,Provincia Autonoma Trento,P.A. Trento,541380,623112,115.1,0.05
1721,2021-08-04,PAT,6209,3313,2896,2572,3499,138,ITH,ITH2,4,Provincia Autonoma Trento,P.A. Trento,541380,629321,116.24,1.15
1722,2021-06-08,PAT,6044,2919,3125,1786,4133,125,ITH,ITH2,4,Provincia Autonoma Trento,P.A. Trento,541380,635365,117.36,1.12
1723,2021-04-26,PAT,2676,1260,1416,2411,96,169,ITH,ITH2,4,Provincia Autonoma Trento,P.A. Trento,541380,638041,117.85,0.49
1724,2021-02-19,PAT,945,366,579,847,65,33,ITH,ITH2,4,Provincia Autonoma Trento,P.A. Trento,541380,638986,118.03,0.17
1725,2021-08-11,PAT,5844,3149,2695,3092,2591,161,ITH,ITH2,4,Provincia Autonoma Trento,P.A. Trento,541380,644830,119.11,1.08
1726,2021-01-06,PAT,43,13,30,43,0,0,ITH,ITH2,4,Provincia Autonoma Trento,P.A. Trento,541380,644873,119.12,0.01
1727,2021-08-05,PAT,6390,3495,2895,2949,3317,124,ITH,ITH2,4,Provincia Autonoma Trento,P.A. Trento,541380,651263,120.3,1.18
1728,2021-08-12,PAT,5695,3049,2646,2190,3330,175,ITH,ITH2,4,Provincia Autonoma Trento,P.A. Trento,541380,656958,121.35,1.05
1729,2021-07-29,PAT,5480,2912,2568,2649,2714,117,ITH,ITH2,4,Provincia Autonoma Trento,P.A. Trento,541380,662438,122.36,1.01
1730,2021-06-16,PAT,6326,3416,2910,1989,4213,124,ITH,ITH2,4,Provincia Autonoma Trento,P.A. Trento,541380,668764,123.53,1.17
1731,2021-03-15,PAT,1453,573,880,929,469,55,ITH,ITH2,4,Provincia Autonoma Trento,P.A. Trento,541380,670217,123.8,0.27
1732,2021-08-19,PAT,4627,2483,2144,1106,3438,83,ITH,ITH2,4,Provincia Autonoma Trento,P.A. Trento,541380,674844,124.65,0.85
1733,2021-01-17,PAT,255,199,56,255,0,0,ITH,ITH2,4,Provincia Autonoma Trento,P.A. Trento,541380,675099,124.7,0.05
1734,2021-06-23,PAT,6694,3547,3147,4627,1871,196,ITH,ITH2,4,Provincia Autonoma Trento,P.A. Trento,541380,681793,125.94,1.24
1735,2021-05-11,PAT,3743,1768,1975,2643,863,237,ITH,ITH2,4,Provincia Autonoma Trento,P.A. Trento,541380,685536,126.63,0.69
1736,2021-04-27,PAT,3956,1902,2054,3597,70,289,ITH,ITH2,4,Provincia Autonoma Trento,P.A. Trento,541380,689492,127.36,0.73
1737,2021-05-04,PAT,4571,2490,2081,4169,97,305,ITH,ITH2,4,Provincia Autonoma Trento,P.A. Trento,541380,694063,128.2,0.84
1738,2021-03-08,PAT,1426,439,987,1042,354,30,ITH,ITH2,4,Provincia Autonoma Trento,P.A. Trento,541380,695489,128.47,0.26
1739,2021-03-22,PAT,2349,995,1354,1406,885,58,ITH,ITH2,4,Provincia Autonoma Trento,P.A. Trento,541380,697838,128.9,0.43
1740,2021-01-24,PAT,562,285,277,226,336,0,ITH,ITH2,4,Provincia Autonoma Trento,P.A. Trento,541380,698400,129.0,0.1
1741,2021-06-30,PAT,6873,3530,3343,2695,4056,122,ITH,ITH2,4,Provincia Autonoma Trento,P.A. Trento,541380,705273,130.27,1.27
1742,2021-01-31,PAT,77,16,61,1,76,0,ITH,ITH2,4,Provincia Autonoma Trento,P.A. Trento,541380,705350,130.29,0.01
1743,2021-07-04,PAT,225,125,100,66,157,2,ITH,ITH2,4,Provincia Autonoma Trento,P.A. Trento,541380,705575,130.33,0.04
1744,2021-08-30,PAT,3891,1985,1906,1183,2600,108,ITH,ITH2,4,Provincia Autonoma Trento,P.A. Trento,541380,709466,131.05,0.72
1745,2021-08-23,PAT,4339,2289,2050,1428,2746,165,ITH,ITH2,4,Provincia Autonoma Trento,P.A. Trento,541380,713805,131.85,0.8
1746,2021-09-06,PAT,2968,1567,1401,849,2028,91,ITH,ITH2,4,Provincia Autonoma Trento,P.A. Trento,541380,716773,132.4,0.55
1747,2021-07-11,PAT,1035,566,469,132,894,9,ITH,ITH2,4,Provincia Autonoma Trento,P.A. Trento,541380,717808,132.59,0.19
1748,2021-06-27,MOL,2389,1129,1260,1141,1237,11,ITF,ITF2,14,Molise,Molise,305617,2389,0.78,0.78
1749,2021-01-07,MOL,600,209,391,600,0,0,ITF,ITF2,14,Molise,Molise,305617,2989,0.98,0.2
1750,2021-02-12,MOL,337,152,185,212,124,1,ITF,ITF2,14,Molise,Molise,305617,3326,1.09,0.11
1751,2021-01-26,MOL,450,184,266,8,442,0,ITF,ITF2,14,Molise,Molise,305617,3776,1.24,0.15
1752,2021-05-06,MOL,2745,1242,1503,2059,609,77,ITF,ITF2,14,Molise,Molise,305617,6521,2.13,0.9
1753,2021-07-28,MOL,2457,1304,1153,1151,1272,34,ITF,ITF2,14,Molise,Molise,305617,8978,2.94,0.8
1754,2021-07-14,MOL,3438,1681,1757,209,3212,17,ITF,ITF2,14,Molise,Molise,305617,12416,4.06,1.12
1755,2021-04-05,MOL,392,190,202,293,99,0,ITF,ITF2,14,Molise,Molise,305617,12808,4.19,0.13
1756,2021-03-29,MOL,2067,845,1222,1522,489,56,ITF,ITF2,14,Molise,Molise,305617,14875,4.87,0.68
1757,2021-01-31,MOL,268,70,198,6,262,0,ITF,ITF2,14,Molise,Molise,305617,15143,4.95,0.09
1758,2021-02-07,MOL,67,32,35,20,47,0,ITF,ITF2,14,Molise,Molise,305617,15210,4.98,0.02
1759,2021-05-18,MOL,1675,893,782,1004,658,13,ITF,ITF2,14,Molise,Molise,305617,16885,5.52,0.55
1760,2021-03-22,MOL,1171,450,721,896,245,30,ITF,ITF2,14,Molise,Molise,305617,18056,5.91,0.38
1761,2021-07-23,MOL,2932,1525,1407,874,2000,58,ITF,ITF2,14,Molise,Molise,305617,20988,6.87,0.96
1762,2021-09-04,MOL,1448,807,641,630,797,21,ITF,ITF2,14,Molise,Molise,305617,22436,7.34,0.47
1763,2021-08-28,MOL,1723,959,764,643,1064,16,ITF,ITF2,14,Molise,Molise,305617,24159,7.9,0.56
1764,2021-03-24,MOL,1654,661,993,1218,402,34,ITF,ITF2,14,Molise,Molise,305617,25813,8.45,0.54
1765,2021-07-02,MOL,2704,1312,1392,137,2557,10,ITF,ITF2,14,Molise,Molise,305617,28517,9.33,0.88
1766,2021-07-04,MOL,2162,1091,1071,585,1554,23,ITF,ITF2,14,Molise,Molise,305617,30679,10.04,0.71
1767,2021-05-01,MOL,2672,1282,1390,407,2231,34,ITF,ITF2,14,Molise,Molise,305617,33351,10.91,0.87
1768,2021-03-05,MOL,1230,654,576,1007,209,14,ITF,ITF2,14,Molise,Molise,305617,34581,11.32,0.4
1769,2021-08-09,MOL,3440,1779,1661,1630,1759,51,ITF,ITF2,14,Molise,Molise,305617,38021,12.44,1.13
1770,2021-06-13,MOL,2932,1560,1372,2557,329,46,ITF,ITF2,14,Molise,Molise,305617,40953,13.4,0.96
1771,2021-04-17,MOL,3098,1525,1573,1552,1501,45,ITF,ITF2,14,Molise,Molise,305617,44051,14.41,1.01
1772,2021-08-23,MOL,1723,933,790,270,1440,13,ITF,ITF2,14,Molise,Molise,305617,45774,14.98,0.56
1773,2021-02-19,MOL,171,95,76,169,2,0,ITF,ITF2,14,Molise,Molise,305617,45945,15.03,0.06
1774,2021-03-10,MOL,1746,723,1023,1673,50,23,ITF,ITF2,14,Molise,Molise,305617,47691,15.6,0.57
1775,2021-06-01,MOL,2636,1341,1295,2480,110,46,ITF,ITF2,14,Molise,Molise,305617,50327,16.47,0.86
1776,2021-08-11,MOL,2022,1057,965,1144,815,63,ITF,ITF2,14,Molise,Molise,305617,52349,17.13,0.66
1777,2021-01-12,MOL,336,114,222,336,0,0,ITF,ITF2,14,Molise,Molise,305617,52685,17.24,0.11
1778,2021-08-16,MOL,1784,925,859,827,941,16,ITF,ITF2,14,Molise,Molise,305617,54469,17.82,0.58
1779,2021-03-15,MOL,851,348,503,573,245,33,ITF,ITF2,14,Molise,Molise,305617,55320,18.1,0.28
1780,2021-03-17,MOL,975,405,570,524,333,118,ITF,ITF2,14,Molise,Molise,305617,56295,18.42,0.32
1781,2021-06-25,MOL,3458,1702,1756,1478,1921,59,ITF,ITF2,14,Molise,Molise,305617,59753,19.55,1.13
1782,2021-06-08,MOL,2906,1603,1303,2202,701,3,ITF,ITF2,14,Molise,Molise,305617,62659,20.5,0.95
1783,2021-07-16,MOL,3098,1568,1530,397,2672,29,ITF,ITF2,14,Molise,Molise,305617,65757,21.52,1.01
1784,2021-07-09,MOL,3450,1659,1791,168,3264,18,ITF,ITF2,14,Molise,Molise,305617,69207,22.65,1.13
1785,2021-05-20,MOL,2748,1416,1332,2422,189,137,ITF,ITF2,14,Molise,Molise,305617,71955,23.54,0.9
1786,2021-05-25,MOL,1980,892,1088,1307,633,40,ITF,ITF2,14,Molise,Molise,305617,73935,24.19,0.65
1787,2021-01-17,MOL,78,38,40,48,30,0,ITF,ITF2,14,Molise,Molise,305617,74013,24.22,0.03
1788,2021-04-10,MOL,2683,1277,1406,2464,154,65,ITF,ITF2,14,Molise,Molise,305617,76696,25.1,0.88
1789,2021-02-05,MOL,596,270,326,55,541,0,ITF,ITF2,14,Molise,Molise,305617,77292,25.29,0.2
1790,2021-01-19,MOL,174,63,111,163,11,0,ITF,ITF2,14,Molise,Molise,305617,77466,25.35,0.06
1791,2021-04-29,MOL,2264,1162,1102,883,1355,26,ITF,ITF2,14,Molise,Molise,305617,79730,26.09,0.74
1792,2021-04-12,MOL,1309,562,747,1039,252,18,ITF,ITF2,14,Molise,Molise,305617,81039,26.52,0.43
1793,2021-07-21,MOL,2105,1056,1049,792,1269,44,ITF,ITF2,14,Molise,Molise,305617,83144,27.21,0.69
1794,2021-06-20,MOL,424,174,250,48,372,4,ITF,ITF2,14,Molise,Molise,305617,83568,27.34,0.14
1795,2021-04-24,MOL,2578,1214,1364,700,1850,28,ITF,ITF2,14,Molise,Molise,305617,86146,28.19,0.84
1796,2021-02-26,MOL,566,261,305,492,73,1,ITF,ITF2,14,Molise,Molise,305617,86712,28.37,0.19
1797,2021-08-02,MOL,2718,1417,1301,1200,1470,48,ITF,ITF2,14,Molise,Molise,305617,89430,29.26,0.89
1798,2021-06-06,MOL,2108,1084,1024,1755,326,27,ITF,ITF2,14,Molise,Molise,305617,91538,29.95,0.69
1799,2021-03-19,MOL,1207,487,720,745,430,32,ITF,ITF2,14,Molise,Molise,305617,92745,30.35,0.39
1800,2021-01-21,MOL,6,2,4,6,0,0,ITF,ITF2,14,Molise,Molise,305617,92751,30.35,0.0
1801,2021-05-13,MOL,3109,1444,1665,2554,461,94,ITF,ITF2,14,Molise,Molise,305617,95860,31.37,1.02
1802,2021-08-21,MOL,2142,1208,934,1075,1016,51,ITF,ITF2,14,Molise,Molise,305617,98002,32.07,0.7
1803,2021-08-04,MOL,2524,1307,1217,963,1542,19,ITF,ITF2,14,Molise,Molise,305617,100526,32.89,0.83
1804,2021-04-28,MOL,1724,944,780,491,1221,12,ITF,ITF2,14,Molise,Molise,305617,102250,33.46,0.56
1805,2021-02-24,MOL,671,281,390,326,337,8,ITF,ITF2,14,Molise,Molise,305617,102921,33.68,0.22
1806,2021-08-30,MOL,1693,911,782,228,1446,19,ITF,ITF2,14,Molise,Molise,305617,104614,34.23,0.55
1807,2021-06-24,MOL,3361,1564,1797,442,2881,38,ITF,ITF2,14,Molise,Molise,305617,107975,35.33,1.1
1808,2021-03-02,MOL,674,387,287,508,159,7,ITF,ITF2,14,Molise,Molise,305617,108649,35.55,0.22
1809,2021-06-10,MOL,2614,1201,1413,1267,1301,46,ITF,ITF2,14,Molise,Molise,305617,111263,36.41,0.86
1810,2021-04-02,MOL,1483,726,757,667,782,34,ITF,ITF2,14,Molise,Molise,305617,112746,36.89,0.49
1811,2021-07-11,MOL,2464,1200,1264,181,2279,4,ITF,ITF2,14,Molise,Molise,305617,115210,37.7,0.81
1812,2021-03-31,MOL,2264,935,1329,1314,820,130,ITF,ITF2,14,Molise,Molise,305617,117474,38.44,0.74
1813,2021-01-04,MOL,314,131,183,314,0,0,ITF,ITF2,14,Molise,Molise,305617,117788,38.54,0.1
1814,2021-04-14,MOL,1826,775,1051,1139,668,19,ITF,ITF2,14,Molise,Molise,305617,119614,39.14,0.6
1815,2021-02-16,MOL,158,72,86,151,6,1,ITF,ITF2,14,Molise,Molise,305617,119772,39.19,0.05
1816,2021-05-27,MOL,2865,1364,1501,1981,842,42,ITF,ITF2,14,Molise,Molise,305617,122637,40.13,0.94
1817,2021-07-25,MOL,2022,1066,956,356,1650,16,ITF,ITF2,14,Molise,Molise,305617,124659,40.79,0.66
1818,2021-05-29,MOL,2381,1240,1141,1943,394,44,ITF,ITF2,14,Molise,Molise,305617,127040,41.57,0.78
1819,2021-09-06,MOL,954,503,451,275,673,6,ITF,ITF2,14,Molise,Molise,305617,127994,41.88,0.31
1820,2021-03-07,MOL,1133,501,632,1128,2,3,ITF,ITF2,14,Molise,Molise,305617,129127,42.25,0.37
1821,2021-06-15,MOL,2251,1060,1191,774,1459,18,ITF,ITF2,14,Molise,Molise,305617,131378,42.99,0.74
1822,2021-06-17,MOL,2323,1025,1298,919,1373,31,ITF,ITF2,14,Molise,Molise,305617,133701,43.75,0.76
1823,2021-08-20,MOL,2457,1293,1164,502,1935,20,ITF,ITF2,14,Molise,Molise,305617,136158,44.55,0.8
1824,2021-01-28,MOL,615,217,398,17,598,0,ITF,ITF2,14,Molise,Molise,305617,136773,44.75,0.2
1825,2021-09-01,MOL,1848,976,872,395,1433,20,ITF,ITF2,14,Molise,Molise,305617,138621,45.36,0.6
1826,2021-01-09,MOL,453,154,299,453,0,0,ITF,ITF2,14,Molise,Molise,305617,139074,45.51,0.15
1827,2021-04-19,MOL,1899,863,1036,992,784,123,ITF,ITF2,14,Molise,Molise,305617,140973,46.13,0.62
1828,2021-08-06,MOL,2332,1232,1100,1083,1206,43,ITF,ITF2,14,Molise,Molise,305617,143305,46.89,0.76
1829,2021-02-21,MOL,576,227,349,574,2,0,ITF,ITF2,14,Molise,Molise,305617,143881,47.08,0.19
1830,2021-02-04,MOL,762,296,466,78,684,0,ITF,ITF2,14,Molise,Molise,305617,144643,47.33,0.25
1831,2021-05-15,MOL,3034,1425,1609,2559,387,88,ITF,ITF2,14,Molise,Molise,305617,147677,48.32,0.99
1832,2021-08-13,MOL,1537,800,737,1122,384,31,ITF,ITF2,14,Molise,Molise,305617,149214,48.82,0.5
1833,2021-05-08,MOL,3036,1477,1559,1715,1258,63,ITF,ITF2,14,Molise,Molise,305617,152250,49.82,0.99
1834,2021-04-21,MOL,1888,798,1090,971,906,11,ITF,ITF2,14,Molise,Molise,305617,154138,50.44,0.62
1835,2021-07-30,MOL,2697,1397,1300,1441,1196,60,ITF,ITF2,14,Molise,Molise,305617,156835,51.32,0.88
1836,2021-02-11,MOL,295,133,162,258,37,0,ITF,ITF2,14,Molise,Molise,305617,157130,51.41,0.1
1837,2021-05-22,MOL,2308,1195,1113,2195,89,24,ITF,ITF2,14,Molise,Molise,305617,159438,52.17,0.76
1838,2021-03-26,MOL,2635,1061,1574,1905,645,85,ITF,ITF2,14,Molise,Molise,305617,162073,53.03,0.86
1839,2021-02-18,MOL,321,74,247,304,13,4,ITF,ITF2,14,Molise,Molise,305617,162394,53.14,0.11
1840,2021-03-09,MOL,1336,583,753,1152,154,30,ITF,ITF2,14,Molise,Molise,305617,163730,53.57,0.44
1841,2021-02-20,MOL,1020,443,577,1000,20,0,ITF,ITF2,14,Molise,Molise,305617,164750,53.91,0.33
1842,2021-05-31,MOL,2391,1164,1227,1915,428,48,ITF,ITF2,14,Molise,Molise,305617,167141,54.69,0.78
1843,2021-02-09,MOL,361,171,190,198,163,0,ITF,ITF2,14,Molise,Molise,305617,167502,54.81,0.12
1844,2021-08-01,MOL,965,529,436,758,175,32,ITF,ITF2,14,Molise,Molise,305617,168467,55.12,0.32
1845,2021-03-12,MOL,1468,640,828,1408,36,24,ITF,ITF2,14,Molise,Molise,305617,169935,55.6,0.48
1846,2021-01-14,MOL,649,240,409,649,0,0,ITF,ITF2,14,Molise,Molise,305617,170584,55.82,0.21
1847,2021-05-26,MOL,1634,745,889,824,769,41,ITF,ITF2,14,Molise,Molise,305617,172218,56.35,0.53
1848,2021-03-30,MOL,2026,872,1154,1481,513,32,ITF,ITF2,14,Molise,Molise,305617,174244,57.01,0.66
1849,2021-09-03,MOL,1441,733,708,311,1110,20,ITF,ITF2,14,Molise,Molise,305617,175685,57.49,0.47
1850,2021-02-01,MOL,563,201,362,14,549,0,ITF,ITF2,14,Molise,Molise,305617,176248,57.67,0.18
1851,2021-07-08,MOL,3447,1661,1786,108,3316,23,ITF,ITF2,14,Molise,Molise,305617,179695,58.8,1.13
1852,2021-05-12,MOL,2921,1325,1596,2712,100,109,ITF,ITF2,14,Molise,Molise,305617,182616,59.75,0.96
1853,2021-08-03,MOL,2212,1151,1061,1222,954,36,ITF,ITF2,14,Molise,Molise,305617,184828,60.48,0.72
1854,2021-03-11,MOL,1474,641,833,1451,6,17,ITF,ITF2,14,Molise,Molise,305617,186302,60.96,0.48
1855,2021-01-06,MOL,690,260,430,690,0,0,ITF,ITF2,14,Molise,Molise,305617,186992,61.19,0.23
1856,2021-04-16,MOL,2461,1048,1413,1185,1237,39,ITF,ITF2,14,Molise,Molise,305617,189453,61.99,0.81
1857,2021-07-13,MOL,2827,1435,1392,323,2487,17,ITF,ITF2,14,Molise,Molise,305617,192280,62.92,0.93
1858,2021-02-28,MOL,837,336,501,792,43,2,ITF,ITF2,14,Molise,Molise,305617,193117,63.19,0.27
1859,2021-02-27,MOL,1372,571,801,1346,20,6,ITF,ITF2,14,Molise,Molise,305617,194489,63.64,0.45
1860,2021-06-07,MOL,1985,874,1111,1134,824,27,ITF,ITF2,14,Molise,Molise,305617,196474,64.29,0.65
1861,2021-02-02,MOL,540,176,364,216,323,1,ITF,ITF2,14,Molise,Molise,305617,197014,64.46,0.18
1862,2021-01-16,MOL,422,166,256,422,0,0,ITF,ITF2,14,Molise,Molise,305617,197436,64.6,0.14
1863,2021-04-26,MOL,1173,528,645,815,332,26,ITF,ITF2,14,Molise,Molise,305617,198609,64.99,0.38
1864,2021-04-09,MOL,2362,1267,1095,2114,192,56,ITF,ITF2,14,Molise,Molise,305617,200971,65.76,0.77
1865,2021-01-18,MOL,115,48,67,115,0,0,ITF,ITF2,14,Molise,Molise,305617,201086,65.8,0.04
1866,2021-06-21,MOL,2936,1364,1572,1649,1239,48,ITF,ITF2,14,Molise,Molise,305617,204022,66.76,0.96
1867,2021-04-25,MOL,799,401,398,558,233,8,ITF,ITF2,14,Molise,Molise,305617,204821,67.02,0.26
1868,2021-01-13,MOL,480,163,317,480,0,0,ITF,ITF2,14,Molise,Molise,305617,205301,67.18,0.16
1869,2021-06-19,MOL,2372,1177,1195,1300,1026,46,ITF,ITF2,14,Molise,Molise,305617,207673,67.95,0.78
1870,2021-04-23,MOL,2082,902,1180,1382,670,30,ITF,ITF2,14,Molise,Molise,305617,209755,68.63,0.68
1871,2021-08-26,MOL,1724,935,789,307,1410,7,ITF,ITF2,14,Molise,Molise,305617,211479,69.2,0.56
1872,2021-06-30,MOL,2984,1418,1566,878,2022,84,ITF,ITF2,14,Molise,Molise,305617,214463,70.17,0.98
1873,2021-03-13,MOL,1193,598,595,184,990,19,ITF,ITF2,14,Molise,Molise,305617,215656,70.56,0.39
1874,2021-01-15,MOL,541,243,298,541,0,0,ITF,ITF2,14,Molise,Molise,305617,216197,70.74,0.18
1875,2021-04-11,MOL,1218,602,616,1173,14,31,ITF,ITF2,14,Molise,Molise,305617,217415,71.14,0.4
1876,2021-07-20,MOL,2195,1108,1087,1026,1120,49,ITF,ITF2,14,Molise,Molise,305617,219610,71.86,0.72
1877,2021-07-03,MOL,2762,1389,1373,577,2164,21,ITF,ITF2,14,Molise,Molise,305617,222372,72.76,0.9
1878,2021-08-08,MOL,893,467,426,648,229,16,ITF,ITF2,14,Molise,Molise,305617,223265,73.05,0.29
1879,2021-07-22,MOL,2240,1107,1133,846,1338,56,ITF,ITF2,14,Molise,Molise,305617,225505,73.79,0.73
1880,2021-05-14,MOL,2690,1241,1449,1901,724,65,ITF,ITF2,14,Molise,Molise,305617,228195,74.67,0.88
1881,2021-08-22,MOL,389,202,187,3,386,0,ITF,ITF2,14,Molise,Molise,305617,228584,74.79,0.13
1882,2021-06-02,MOL,2854,1375,1479,2721,100,33,ITF,ITF2,14,Molise,Molise,305617,231438,75.73,0.93
1883,2021-07-19,MOL,2812,1374,1438,517,2264,31,ITF,ITF2,14,Molise,Molise,305617,234250,76.65,0.92
1884,2021-02-03,MOL,745,254,491,344,401,0,ITF,ITF2,14,Molise,Molise,305617,234995,76.89,0.24
1885,2021-02-23,MOL,586,223,363,362,221,3,ITF,ITF2,14,Molise,Molise,305617,235581,77.08,0.19
1886,2021-06-03,MOL,3326,1584,1742,2720,560,46,ITF,ITF2,14,Molise,Molise,305617,238907,78.17,1.09
1887,2021-04-07,MOL,1738,881,857,1374,276,88,ITF,ITF2,14,Molise,Molise,305617,240645,78.74,0.57
1888,2021-06-05,MOL,3036,1533,1503,2822,177,37,ITF,ITF2,14,Molise,Molise,305617,243681,79.73,0.99
1889,2021-07-18,MOL,1773,893,880,126,1637,10,ITF,ITF2,14,Molise,Molise,305617,245454,80.31,0.58
1890,2021-02-13,MOL,132,80,52,132,0,0,ITF,ITF2,14,Molise,Molise,305617,245586,80.36,0.04
1891,2021-08-29,MOL,1431,780,651,111,1311,9,ITF,ITF2,14,Molise,Molise,305617,247017,80.83,0.47
1892,2021-05-24,MOL,1985,864,1121,1279,674,32,ITF,ITF2,14,Molise,Molise,305617,249002,81.48,0.65
1893,2021-05-07,MOL,2692,1254,1438,2029,601,62,ITF,ITF2,14,Molise,Molise,305617,251694,82.36,0.88
1894,2021-04-18,MOL,1092,486,606,143,939,10,ITF,ITF2,14,Molise,Molise,305617,252786,82.71,0.36
1895,2021-07-27,MOL,1951,1075,876,1328,555,68,ITF,ITF2,14,Molise,Molise,305617,254737,83.35,0.64
1896,2021-07-10,MOL,3740,1788,1952,326,3400,14,ITF,ITF2,14,Molise,Molise,305617,258477,84.58,1.22
1897,2021-04-04,MOL,258,142,116,231,15,12,ITF,ITF2,14,Molise,Molise,305617,258735,84.66,0.08
1898,2021-03-18,MOL,1220,495,725,637,465,118,ITF,ITF2,14,Molise,Molise,305617,259955,85.06,0.4
1899,2021-06-26,MOL,3141,1545,1596,530,2596,15,ITF,ITF2,14,Molise,Molise,305617,263096,86.09,1.03
1900,2021-02-10,MOL,152,80,72,132,20,0,ITF,ITF2,14,Molise,Molise,305617,263248,86.14,0.05
1901,2021-05-21,MOL,2282,1151,1131,1807,326,149,ITF,ITF2,14,Molise,Molise,305617,265530,86.88,0.75
1902,2021-04-06,MOL,1526,714,812,1140,346,40,ITF,ITF2,14,Molise,Molise,305617,267056,87.38,0.5
1903,2021-02-08,MOL,335,141,194,216,119,0,ITF,ITF2,14,Molise,Molise,305617,267391,87.49,0.11
1904,2021-07-15,MOL,3225,1623,1602,212,2998,15,ITF,ITF2,14,Molise,Molise,305617,270616,88.55,1.06
1905,2021-05-19,MOL,2398,1226,1172,1902,430,66,ITF,ITF2,14,Molise,Molise,305617,273014,89.33,0.78
1906,2021-03-23,MOL,1683,711,972,1425,211,47,ITF,ITF2,14,Molise,Molise,305617,274697,89.88,0.55
1907,2021-08-27,MOL,2118,1090,1028,414,1682,22,ITF,ITF2,14,Molise,Molise,305617,276815,90.58,0.69
1908,2021-07-01,MOL,2680,1306,1374,275,2389,16,ITF,ITF2,14,Molise,Molise,305617,279495,91.45,0.88
1909,2021-06-23,MOL,2811,1295,1516,222,2579,10,ITF,ITF2,14,Molise,Molise,305617,282306,92.37,0.92
1910,2021-03-20,MOL,2348,983,1365,1007,1323,18,ITF,ITF2,14,Molise,Molise,305617,284654,93.14,0.77
1911,2021-06-28,MOL,2932,1367,1565,1013,1895,24,ITF,ITF2,14,Molise,Molise,305617,287586,94.1,0.96
1912,2021-03-25,MOL,1834,740,1094,1288,498,48,ITF,ITF2,14,Molise,Molise,305617,289420,94.7,0.6
1913,2021-03-08,MOL,1396,528,868,1212,140,44,ITF,ITF2,14,Molise,Molise,305617,290816,95.16,0.46
1914,2021-06-16,MOL,2125,1050,1075,1165,943,17,ITF,ITF2,14,Molise,Molise,305617,292941,95.85,0.7
1915,2021-04-13,MOL,1642,722,920,1039,589,14,ITF,ITF2,14,Molise,Molise,305617,294583,96.39,0.54
1916,2021-03-27,MOL,2765,1284,1481,1302,1434,29,ITF,ITF2,14,Molise,Molise,305617,297348,97.29,0.9
1917,2021-07-05,MOL,2745,1286,1459,40,2703,2,ITF,ITF2,14,Molise,Molise,305617,300093,98.19,0.9
1918,2021-06-18,MOL,2790,1264,1526,1300,1462,28,ITF,ITF2,14,Molise,Molise,305617,302883,99.11,0.91
1919,2021-04-27,MOL,1628,782,846,447,1138,43,ITF,ITF2,14,Molise,Molise,305617,304511,99.64,0.53
1920,2021-08-05,MOL,2295,1159,1136,1619,625,51,ITF,ITF2,14,Molise,Molise,305617,306806,100.39,0.75
1921,2021-05-16,MOL,1283,585,698,1064,184,35,ITF,ITF2,14,Molise,Molise,305617,308089,100.81,0.42
1922,2021-08-24,MOL,1708,923,785,261,1422,25,ITF,ITF2,14,Molise,Molise,305617,309797,101.37,0.56
1923,2021-08-07,MOL,1933,1069,864,1054,851,28,ITF,ITF2,14,Molise,Molise,305617,311730,102.0,0.63
1924,2021-07-26,MOL,2453,1262,1191,1263,1124,66,ITF,ITF2,14,Molise,Molise,305617,314183,102.8,0.8
1925,2021-02-15,MOL,144,70,74,141,3,0,ITF,ITF2,14,Molise,Molise,305617,314327,102.85,0.05
1926,2021-02-22,MOL,265,129,136,248,15,2,ITF,ITF2,14,Molise,Molise,305617,314592,102.94,0.09
1927,2020-12-27,MOL,50,20,30,50,0,0,ITF,ITF2,14,Molise,Molise,305617,314642,102.95,0.02
1928,2021-01-27,MOL,675,251,424,8,667,0,ITF,ITF2,14,Molise,Molise,305617,315317,103.17,0.22
1929,2021-08-14,MOL,1621,875,746,705,895,21,ITF,ITF2,14,Molise,Molise,305617,316938,103.7,0.53
1930,2021-01-08,MOL,432,142,290,432,0,0,ITF,ITF2,14,Molise,Molise,305617,317370,103.85,0.14
1931,2021-09-02,MOL,1525,790,735,305,1194,26,ITF,ITF2,14,Molise,Molise,305617,318895,104.34,0.5
1932,2021-04-01,MOL,1494,676,818,737,730,27,ITF,ITF2,14,Molise,Molise,305617,320389,104.83,0.49
1933,2021-05-30,MOL,1885,943,942,1564,286,35,ITF,ITF2,14,Molise,Molise,305617,322274,105.45,0.62
1934,2021-03-16,MOL,618,230,388,266,348,4,ITF,ITF2,14,Molise,Molise,305617,322892,105.65,0.2
1935,2021-01-11,MOL,558,194,364,558,0,0,ITF,ITF2,14,Molise,Molise,305617,323450,105.84,0.18
1936,2021-07-29,MOL,2472,1269,1203,1599,822,51,ITF,ITF2,14,Molise,Molise,305617,325922,106.64,0.81
1937,2021-01-25,MOL,319,130,189,3,316,0,ITF,ITF2,14,Molise,Molise,305617,326241,106.75,0.1
1938,2021-05-05,MOL,2492,1070,1422,2302,145,45,ITF,ITF2,14,Molise,Molise,305617,328733,107.56,0.82
1939,2021-05-04,MOL,2747,1195,1552,2561,128,58,ITF,ITF2,14,Molise,Molise,305617,331480,108.46,0.9
1940,2021-01-10,MOL,270,72,198,270,0,0,ITF,ITF2,14,Molise,Molise,305617,331750,108.55,0.09
1941,2021-04-20,MOL,2342,1038,1304,1215,1112,15,ITF,ITF2,14,Molise,Molise,305617,334092,109.32,0.77
1942,2021-06-09,MOL,1827,918,909,862,934,31,ITF,ITF2,14,Molise,Molise,305617,335919,109.92,0.6
1943,2021-05-23,MOL,1793,902,891,1750,9,34,ITF,ITF2,14,Molise,Molise,305617,337712,110.5,0.59
1944,2021-08-31,MOL,1744,954,790,312,1422,10,ITF,ITF2,14,Molise,Molise,305617,339456,111.07,0.57
1945,2021-03-01,MOL,666,275,391,431,215,20,ITF,ITF2,14,Molise,Molise,305617,340122,111.29,0.22
1946,2021-04-03,MOL,1801,866,935,1727,36,38,ITF,ITF2,14,Molise,Molise,305617,341923,111.88,0.59
1947,2021-07-12,MOL,2694,1331,1363,361,2312,21,ITF,ITF2,14,Molise,Molise,305617,344617,112.76,0.88
1948,2021-03-04,MOL,856,420,436,515,325,16,ITF,ITF2,14,Molise,Molise,305617,345473,113.04,0.28
1949,2021-06-12,MOL,5956,3064,2892,5665,203,88,ITF,ITF2,14,Molise,Molise,305617,351429,114.99,1.95
1950,2021-08-17,MOL,1666,878,788,339,1310,17,ITF,ITF2,14,Molise,Molise,305617,353095,115.54,0.55
1951,2021-06-14,MOL,1652,821,831,549,1086,17,ITF,ITF2,14,Molise,Molise,305617,354747,116.08,0.54
1952,2021-01-20,MOL,18,8,10,18,0,0,ITF,ITF2,14,Molise,Molise,305617,354765,116.08,0.01
1953,2021-04-30,MOL,2964,1573,1391,820,2121,23,ITF,ITF2,14,Molise,Molise,305617,357729,117.05,0.97
1954,2021-02-25,MOL,543,239,304,471,69,3,ITF,ITF2,14,Molise,Molise,305617,358272,117.23,0.18
1955,2021-08-10,MOL,1927,1047,880,688,1207,32,ITF,ITF2,14,Molise,Molise,305617,360199,117.86,0.63
1956,2021-08-12,MOL,1465,761,704,1026,400,39,ITF,ITF2,14,Molise,Molise,305617,361664,118.34,0.48
1957,2021-01-29,MOL,424,137,287,6,418,0,ITF,ITF2,14,Molise,Molise,305617,362088,118.48,0.14
1958,2021-05-09,MOL,2082,950,1132,1937,98,47,ITF,ITF2,14,Molise,Molise,305617,364170,119.16,0.68
1959,2021-07-07,MOL,2968,1374,1594,58,2906,4,ITF,ITF2,14,Molise,Molise,305617,367138,120.13,0.97
1960,2021-05-11,MOL,3275,1446,1829,2925,254,96,ITF,ITF2,14,Molise,Molise,305617,370413,121.2,1.07
1961,2021-08-19,MOL,2282,1146,1136,607,1648,27,ITF,ITF2,14,Molise,Molise,305617,372695,121.95,0.75
1962,2021-01-22,MOL,128,36,92,128,0,0,ITF,ITF2,14,Molise,Molise,305617,372823,121.99,0.04
1963,2021-05-02,MOL,1918,946,972,581,1317,20,ITF,ITF2,14,Molise,Molise,305617,374741,122.62,0.63
1964,2021-03-06,MOL,1729,808,921,1559,159,11,ITF,ITF2,14,Molise,Molise,305617,376470,123.18,0.57
1965,2021-03-03,MOL,677,320,357,588,83,6,ITF,ITF2,14,Molise,Molise,305617,377147,123.41,0.22
1966,2021-01-05,MOL,449,180,269,449,0,0,ITF,ITF2,14,Molise,Molise,305617,377596,123.55,0.15
1967,2021-07-06,MOL,3072,1433,1639,38,3029,5,ITF,ITF2,14,Molise,Molise,305617,380668,124.56,1.01
1968,2021-05-10,MOL,2947,1304,1643,2508,376,63,ITF,ITF2,14,Molise,Molise,305617,383615,125.52,0.96
1969,2021-06-29,MOL,2507,1167,1340,384,2092,31,ITF,ITF2,14,Molise,Molise,305617,386122,126.34,0.82
1970,2021-05-03,MOL,2549,1209,1340,2315,164,70,ITF,ITF2,14,Molise,Molise,305617,388671,127.18,0.83
1971,2021-05-17,MOL,2262,1107,1155,1715,497,50,ITF,ITF2,14,Molise,Molise,305617,390933,127.92,0.74
1972,2021-03-21,MOL,1253,545,708,481,769,3,ITF,ITF2,14,Molise,Molise,305617,392186,128.33,0.41
1973,2021-08-25,MOL,1502,809,693,342,1150,10,ITF,ITF2,14,Molise,Molise,305617,393688,128.82,0.49
1974,2021-03-14,MOL,600,241,359,18,582,0,ITF,ITF2,14,Molise,Molise,305617,394288,129.01,0.2
1975,2021-08-18,MOL,1346,706,640,343,981,22,ITF,ITF2,14,Molise,Molise,305617,395634,129.45,0.44
1976,2021-06-22,MOL,2981,1377,1604,674,2287,20,ITF,ITF2,14,Molise,Molise,305617,398615,130.43,0.98
1977,2021-03-28,MOL,1639,757,882,522,1103,14,ITF,ITF2,14,Molise,Molise,305617,400254,130.97,0.54
1978,2021-01-30,MOL,465,161,304,12,453,0,ITF,ITF2,14,Molise,Molise,305617,400719,131.12,0.15
1979,2021-09-05,MOL,5,5,0,5,0,0,ITF,ITF2,14,Molise,Molise,305617,400724,131.12,0.0
1980,2021-02-06,MOL,431,179,252,30,401,0,ITF,ITF2,14,Molise,Molise,305617,401155,131.26,0.14
1981,2021-06-04,MOL,3106,1526,1580,2606,459,41,ITF,ITF2,14,Molise,Molise,305617,404261,132.28,1.02
1982,2021-04-08,MOL,1802,926,876,1551,203,48,ITF,ITF2,14,Molise,Molise,305617,406063,132.87,0.59
1983,2021-07-17,MOL,2873,1532,1341,300,2551,22,ITF,ITF2,14,Molise,Molise,305617,408936,133.81,0.94
1984,2021-04-22,MOL,1860,870,990,1062,780,18,ITF,ITF2,14,Molise,Molise,305617,410796,134.42,0.61
1985,2021-07-31,MOL,2009,1119,890,761,1202,46,ITF,ITF2,14,Molise,Molise,305617,412805,135.07,0.66
1986,2021-02-17,MOL,72,32,40,50,15,7,ITF,ITF2,14,Molise,Molise,305617,412877,135.1,0.02
1987,2021-07-24,MOL,3154,1697,1457,737,2387,30,ITF,ITF2,14,Molise,Molise,305617,416031,136.13,1.03
1988,2021-05-28,MOL,2677,1377,1300,2055,549,73,ITF,ITF2,14,Molise,Molise,305617,418708,137.0,0.88
1989,2021-06-11,MOL,3483,1676,1807,1994,1437,52,ITF,ITF2,14,Molise,Molise,305617,422191,138.14,1.14
1990,2021-04-15,MOL,1950,804,1146,1091,850,9,ITF,ITF2,14,Molise,Molise,305617,424141,138.78,0.64
1991,2021-08-15,UMB,4389,2384,2005,2862,1382,145,ITI,ITI2,10,Umbria,Umbria,882015,4389,0.5,0.5
1992,2021-07-29,UMB,8203,4228,3975,2145,5940,118,ITI,ITI2,10,Umbria,Umbria,882015,12592,1.43,0.93
1993,2021-05-07,UMB,10133,4716,5417,6655,3192,286,ITI,ITI2,10,Umbria,Umbria,882015,22725,2.58,1.15
1994,2021-08-29,UMB,1947,1004,943,685,1253,9,ITI,ITI2,10,Umbria,Umbria,882015,24672,2.8,0.22
1995,2021-02-13,UMB,114,27,87,111,3,0,ITI,ITI2,10,Umbria,Umbria,882015,24786,2.81,0.01
1996,2021-05-24,UMB,9078,4520,4558,8031,881,166,ITI,ITI2,10,Umbria,Umbria,882015,33864,3.84,1.03
1997,2021-04-18,UMB,1532,681,851,578,931,23,ITI,ITI2,10,Umbria,Umbria,882015,35396,4.01,0.17
1998,2021-01-11,UMB,1336,363,973,1336,0,0,ITI,ITI2,10,Umbria,Umbria,882015,36732,4.16,0.15
1999,2021-07-27,UMB,8144,4090,4054,2695,5333,116,ITI,ITI2,10,Umbria,Umbria,882015,44876,5.09,0.92
2000,2021-05-05,UMB,7223,3306,3917,3833,3306,84,ITI,ITI2,10,Umbria,Umbria,882015,52099,5.91,0.82
2001,2021-01-25,UMB,649,322,327,5,644,0,ITI,ITI2,10,Umbria,Umbria,882015,52748,5.98,0.07
2002,2021-04-06,UMB,5294,2167,3127,2865,2392,37,ITI,ITI2,10,Umbria,Umbria,882015,58042,6.58,0.6
2003,2021-03-28,UMB,1096,441,655,1041,24,31,ITI,ITI2,10,Umbria,Umbria,882015,59138,6.7,0.12
2004,2021-01-30,UMB,1575,486,1089,43,1532,0,ITI,ITI2,10,Umbria,Umbria,882015,60713,6.88,0.18
2005,2021-07-15,UMB,10573,5177,5396,565,9909,99,ITI,ITI2,10,Umbria,Umbria,882015,71286,8.08,1.2
2006,2021-09-05,UMB,3390,1798,1592,259,3117,14,ITI,ITI2,10,Umbria,Umbria,882015,74676,8.47,0.38
2007,2021-03-23,UMB,3827,1714,2113,2159,1631,37,ITI,ITI2,10,Umbria,Umbria,882015,78503,8.9,0.43
2008,2021-08-27,UMB,4601,2419,2182,1500,3000,101,ITI,ITI2,10,Umbria,Umbria,882015,83104,9.42,0.52
2009,2021-07-01,UMB,9747,4819,4928,3304,6289,154,ITI,ITI2,10,Umbria,Umbria,882015,92851,10.53,1.11
2010,2021-02-08,UMB,637,203,434,88,549,0,ITI,ITI2,10,Umbria,Umbria,882015,93488,10.6,0.07
2011,2021-05-19,UMB,9431,4219,5212,5600,3745,86,ITI,ITI2,10,Umbria,Umbria,882015,102919,11.67,1.07
2012,2021-07-03,UMB,6481,3248,3233,2832,3497,152,ITI,ITI2,10,Umbria,Umbria,882015,109400,12.4,0.73
2013,2021-07-20,UMB,8267,4107,4160,1096,7087,84,ITI,ITI2,10,Umbria,Umbria,882015,117667,13.34,0.94
2014,2021-04-23,UMB,6658,2820,3838,3301,3158,199,ITI,ITI2,10,Umbria,Umbria,882015,124325,14.1,0.75
2015,2021-02-25,UMB,1334,496,838,1274,52,8,ITI,ITI2,10,Umbria,Umbria,882015,125659,14.25,0.15
2016,2021-03-11,UMB,3687,1799,1888,2668,1006,13,ITI,ITI2,10,Umbria,Umbria,882015,129346,14.66,0.42
2017,2021-01-13,UMB,451,139,312,451,0,0,ITI,ITI2,10,Umbria,Umbria,882015,129797,14.72,0.05
2018,2021-06-19,UMB,4589,2206,2383,2463,2033,93,ITI,ITI2,10,Umbria,Umbria,882015,134386,15.24,0.52
2019,2021-01-06,UMB,847,326,521,847,0,0,ITI,ITI2,10,Umbria,Umbria,882015,135233,15.33,0.1
2020,2021-06-12,UMB,7722,3688,4034,5962,1580,180,ITI,ITI2,10,Umbria,Umbria,882015,142955,16.21,0.88
2021,2021-04-16,UMB,8101,3744,4357,6084,1838,179,ITI,ITI2,10,Umbria,Umbria,882015,151056,17.13,0.92
2022,2021-06-02,UMB,3926,1886,2040,3805,42,79,ITI,ITI2,10,Umbria,Umbria,882015,154982,17.57,0.45
2023,2021-02-20,UMB,283,101,182,259,24,0,ITI,ITI2,10,Umbria,Umbria,882015,155265,17.6,0.03
2024,2021-03-09,UMB,4092,2002,2090,2795,1288,9,ITI,ITI2,10,Umbria,Umbria,882015,159357,18.07,0.46
2025,2021-08-10,UMB,7400,3935,3465,4001,3256,143,ITI,ITI2,10,Umbria,Umbria,882015,166757,18.91,0.84
2026,2021-06-14,UMB,5387,2750,2637,3254,2015,118,ITI,ITI2,10,Umbria,Umbria,882015,172144,19.52,0.61
2027,2021-03-18,UMB,2986,1178,1808,1712,1265,9,ITI,ITI2,10,Umbria,Umbria,882015,175130,19.86,0.34
2028,2021-06-26,UMB,9380,4758,4622,5582,3638,160,ITI,ITI2,10,Umbria,Umbria,882015,184510,20.92,1.06
2029,2021-07-10,UMB,7690,3810,3880,66,7610,14,ITI,ITI2,10,Umbria,Umbria,882015,192200,21.79,0.87
2030,2021-04-04,UMB,57,20,37,22,35,0,ITI,ITI2,10,Umbria,Umbria,882015,192257,21.8,0.01
2031,2021-06-07,UMB,6959,3436,3523,6086,696,177,ITI,ITI2,10,Umbria,Umbria,882015,199216,22.59,0.79
2032,2021-03-16,UMB,3538,1454,2084,1909,1627,2,ITI,ITI2,10,Umbria,Umbria,882015,202754,22.99,0.4
2033,2021-02-27,UMB,1658,354,1304,1642,16,0,ITI,ITI2,10,Umbria,Umbria,882015,204412,23.18,0.19
2034,2021-04-03,UMB,2099,712,1387,1034,1054,11,ITI,ITI2,10,Umbria,Umbria,882015,206511,23.41,0.24
2035,2021-07-12,UMB,4631,2241,2390,105,4514,12,ITI,ITI2,10,Umbria,Umbria,882015,211142,23.94,0.53
2036,2021-07-08,UMB,9576,4634,4942,180,9349,47,ITI,ITI2,10,Umbria,Umbria,882015,220718,25.02,1.09
2037,2021-05-12,UMB,6528,3038,3490,4209,2149,170,ITI,ITI2,10,Umbria,Umbria,882015,227246,25.76,0.74
2038,2021-03-30,UMB,3988,1735,2253,2406,1544,38,ITI,ITI2,10,Umbria,Umbria,882015,231234,26.22,0.45
2039,2020-12-27,UMB,88,47,41,88,0,0,ITI,ITI2,10,Umbria,Umbria,882015,231322,26.23,0.01
2040,2021-02-06,UMB,436,162,274,34,402,0,ITI,ITI2,10,Umbria,Umbria,882015,231758,26.28,0.05
2041,2021-05-26,UMB,9665,4573,5092,8220,1253,192,ITI,ITI2,10,Umbria,Umbria,882015,241423,27.37,1.1
2042,2021-09-03,UMB,4231,2192,2039,1318,2853,60,ITI,ITI2,10,Umbria,Umbria,882015,245654,27.85,0.48
2043,2021-07-22,UMB,10075,4924,5151,1653,8317,105,ITI,ITI2,10,Umbria,Umbria,882015,255729,28.99,1.14
2044,2021-01-01,UMB,273,104,169,273,0,0,ITI,ITI2,10,Umbria,Umbria,882015,256002,29.02,0.03
2045,2021-04-11,UMB,3101,1506,1595,3035,49,17,ITI,ITI2,10,Umbria,Umbria,882015,259103,29.38,0.35
2046,2021-01-18,UMB,619,221,398,531,88,0,ITI,ITI2,10,Umbria,Umbria,882015,259722,29.45,0.07
2047,2021-04-30,UMB,6257,2971,3286,2735,3400,122,ITI,ITI2,10,Umbria,Umbria,882015,265979,30.16,0.71
2048,2021-03-04,UMB,4486,1856,2630,3644,827,15,ITI,ITI2,10,Umbria,Umbria,882015,270465,30.66,0.51
2049,2021-08-08,UMB,5066,2712,2354,3557,1414,95,ITI,ITI2,10,Umbria,Umbria,882015,275531,31.24,0.57
2050,2021-01-20,UMB,603,221,382,603,0,0,ITI,ITI2,10,Umbria,Umbria,882015,276134,31.31,0.07
2051,2021-08-22,UMB,1469,772,697,478,977,14,ITI,ITI2,10,Umbria,Umbria,882015,277603,31.47,0.17
2052,2021-05-31,UMB,5824,2848,2976,4854,885,85,ITI,ITI2,10,Umbria,Umbria,882015,283427,32.13,0.66
2053,2021-05-14,UMB,5348,2527,2821,3355,1819,174,ITI,ITI2,10,Umbria,Umbria,882015,288775,32.74,0.61
2054,2021-02-01,UMB,1284,341,943,48,1236,0,ITI,ITI2,10,Umbria,Umbria,882015,290059,32.89,0.15
2055,2021-02-18,UMB,1497,583,914,1029,467,1,ITI,ITI2,10,Umbria,Umbria,882015,291556,33.06,0.17
2056,2021-04-25,UMB,4362,1687,2675,3868,83,411,ITI,ITI2,10,Umbria,Umbria,882015,295918,33.55,0.49
2057,2021-08-03,UMB,9206,4761,4445,3504,5519,183,ITI,ITI2,10,Umbria,Umbria,882015,305124,34.59,1.04
2058,2021-04-20,UMB,5451,2365,3086,3429,1947,75,ITI,ITI2,10,Umbria,Umbria,882015,310575,35.21,0.62
2059,2021-01-27,UMB,841,330,511,13,828,0,ITI,ITI2,10,Umbria,Umbria,882015,311416,35.31,0.1
2060,2021-01-10,UMB,1067,274,793,1067,0,0,ITI,ITI2,10,Umbria,Umbria,882015,312483,35.43,0.12
2061,2021-05-21,UMB,8981,3672,5309,4066,4830,85,ITI,ITI2,10,Umbria,Umbria,882015,321464,36.45,1.02
2062,2021-05-04,UMB,5544,2547,2997,2355,3127,62,ITI,ITI2,10,Umbria,Umbria,882015,327008,37.08,0.63
2063,2021-04-01,UMB,4474,1911,2563,2326,2110,38,ITI,ITI2,10,Umbria,Umbria,882015,331482,37.58,0.51
2064,2021-02-22,UMB,1891,807,1084,1805,86,0,ITI,ITI2,10,Umbria,Umbria,882015,333373,37.8,0.21
2065,2021-06-11,UMB,7009,3519,3490,6001,772,236,ITI,ITI2,10,Umbria,Umbria,882015,340382,38.59,0.79
2066,2021-07-26,UMB,9090,4803,4287,3875,5088,127,ITI,ITI2,10,Umbria,Umbria,882015,349472,39.62,1.03
2067,2021-05-28,UMB,9600,4440,5160,7116,2300,184,ITI,ITI2,10,Umbria,Umbria,882015,359072,40.71,1.09
2068,2021-04-15,UMB,7665,3505,4160,5703,1889,73,ITI,ITI2,10,Umbria,Umbria,882015,366737,41.58,0.87
2069,2021-02-17,UMB,1619,748,871,1266,352,1,ITI,ITI2,10,Umbria,Umbria,882015,368356,41.76,0.18
2070,2021-07-24,UMB,8698,4368,4330,1347,7284,67,ITI,ITI2,10,Umbria,Umbria,882015,377054,42.75,0.99
2071,2021-04-13,UMB,7683,3402,4281,5924,1669,90,ITI,ITI2,10,Umbria,Umbria,882015,384737,43.62,0.87
2072,2021-05-30,UMB,5982,2999,2983,5662,202,118,ITI,ITI2,10,Umbria,Umbria,882015,390719,44.3,0.68
2073,2021-03-08,UMB,3701,1825,1876,2327,1361,13,ITI,ITI2,10,Umbria,Umbria,882015,394420,44.72,0.42
2074,2021-06-16,UMB,6324,3095,3229,3070,3100,154,ITI,ITI2,10,Umbria,Umbria,882015,400744,45.44,0.72
2075,2021-03-25,UMB,3937,1728,2209,2826,1064,47,ITI,ITI2,10,Umbria,Umbria,882015,404681,45.88,0.45
2076,2021-03-27,UMB,4253,1515,2738,3857,340,56,ITI,ITI2,10,Umbria,Umbria,882015,408934,46.36,0.48
2077,2021-08-12,UMB,7350,3899,3451,4585,2546,219,ITI,ITI2,10,Umbria,Umbria,882015,416284,47.2,0.83
2078,2021-06-30,UMB,10551,5326,5225,3675,6724,152,ITI,ITI2,10,Umbria,Umbria,882015,426835,48.39,1.2
2079,2021-09-02,UMB,4356,2268,2088,959,3356,41,ITI,ITI2,10,Umbria,Umbria,882015,431191,48.89,0.49
2080,2021-07-07,UMB,9499,4502,4997,89,9380,30,ITI,ITI2,10,Umbria,Umbria,882015,440690,49.96,1.08
2081,2021-01-08,UMB,1193,344,849,1193,0,0,ITI,ITI2,10,Umbria,Umbria,882015,441883,50.1,0.14
2082,2021-05-23,UMB,5074,1857,3217,637,4421,16,ITI,ITI2,10,Umbria,Umbria,882015,446957,50.67,0.58
2083,2021-08-31,UMB,4132,2136,1996,1223,2839,70,ITI,ITI2,10,Umbria,Umbria,882015,451089,51.14,0.47
2084,2021-08-07,UMB,7231,3799,3432,2540,4619,72,ITI,ITI2,10,Umbria,Umbria,882015,458320,51.96,0.82
2085,2021-05-16,UMB,5227,2493,2734,5088,50,89,ITI,ITI2,10,Umbria,Umbria,882015,463547,52.56,0.59
2086,2021-08-24,UMB,4435,2247,2188,1872,2474,89,ITI,ITI2,10,Umbria,Umbria,882015,467982,53.06,0.5
2087,2021-03-01,UMB,1505,775,730,1385,114,6,ITI,ITI2,10,Umbria,Umbria,882015,469487,53.23,0.17
2088,2021-06-09,UMB,8162,3951,4211,7137,725,300,ITI,ITI2,10,Umbria,Umbria,882015,477649,54.15,0.93
2089,2021-06-23,UMB,11360,5806,5554,7680,3412,268,ITI,ITI2,10,Umbria,Umbria,882015,489009,55.44,1.29
2090,2021-03-15,UMB,4599,1941,2658,2827,1769,3,ITI,ITI2,10,Umbria,Umbria,882015,493608,55.96,0.52
2091,2021-02-10,UMB,715,350,365,700,15,0,ITI,ITI2,10,Umbria,Umbria,882015,494323,56.04,0.08
2092,2021-06-18,UMB,4813,2374,2439,1569,3165,79,ITI,ITI2,10,Umbria,Umbria,882015,499136,56.59,0.55
2093,2021-07-05,UMB,8423,4083,4340,153,8256,14,ITI,ITI2,10,Umbria,Umbria,882015,507559,57.55,0.95
2094,2021-05-13,UMB,5944,2671,3273,3730,2085,129,ITI,ITI2,10,Umbria,Umbria,882015,513503,58.22,0.67
2095,2021-08-21,UMB,2788,1465,1323,1608,1115,65,ITI,ITI2,10,Umbria,Umbria,882015,516291,58.54,0.32
2096,2021-02-19,UMB,743,293,450,525,217,1,ITI,ITI2,10,Umbria,Umbria,882015,517034,58.62,0.08
2097,2021-08-04,UMB,10668,5541,5127,3308,7194,166,ITI,ITI2,10,Umbria,Umbria,882015,527702,59.83,1.21
2098,2021-02-15,UMB,1367,692,675,1364,1,2,ITI,ITI2,10,Umbria,Umbria,882015,529069,59.98,0.15
2099,2021-01-03,UMB,270,112,158,270,0,0,ITI,ITI2,10,Umbria,Umbria,882015,529339,60.01,0.03
2100,2021-07-31,UMB,4334,2262,2072,1478,2809,47,ITI,ITI2,10,Umbria,Umbria,882015,533673,60.51,0.49
2101,2021-04-22,UMB,5458,2251,3207,2702,2674,82,ITI,ITI2,10,Umbria,Umbria,882015,539131,61.12,0.62
2102,2021-05-11,UMB,6260,2842,3418,3925,2193,142,ITI,ITI2,10,Umbria,Umbria,882015,545391,61.83,0.71
2103,2021-08-19,UMB,5723,3036,2687,3935,1610,178,ITI,ITI2,10,Umbria,Umbria,882015,551114,62.48,0.65
2104,2021-08-26,UMB,4059,2151,1908,1791,2158,110,ITI,ITI2,10,Umbria,Umbria,882015,555173,62.94,0.46
2105,2021-03-29,UMB,3638,1604,2034,2153,1424,61,ITI,ITI2,10,Umbria,Umbria,882015,558811,63.36,0.41
2106,2021-01-31,UMB,1061,276,785,25,1036,0,ITI,ITI2,10,Umbria,Umbria,882015,559872,63.48,0.12
2107,2021-05-25,UMB,8825,4303,4522,7587,1065,173,ITI,ITI2,10,Umbria,Umbria,882015,568697,64.48,1.0
2108,2021-04-17,UMB,6696,3077,3619,5186,1343,167,ITI,ITI2,10,Umbria,Umbria,882015,575393,65.24,0.76
2109,2021-01-05,UMB,855,430,425,855,0,0,ITI,ITI2,10,Umbria,Umbria,882015,576248,65.33,0.1
2110,2021-08-14,UMB,5850,3232,2618,2917,2785,148,ITI,ITI2,10,Umbria,Umbria,882015,582098,66.0,0.66
2111,2021-03-17,UMB,3331,1313,2018,1855,1474,2,ITI,ITI2,10,Umbria,Umbria,882015,585429,66.37,0.38
2112,2021-08-05,UMB,9701,5076,4625,3841,5696,164,ITI,ITI2,10,Umbria,Umbria,882015,595130,67.47,1.1
2113,2021-07-19,UMB,7669,3842,3827,1525,6043,101,ITI,ITI2,10,Umbria,Umbria,882015,602799,68.34,0.87
2114,2021-04-27,UMB,5668,2401,3267,3054,2579,35,ITI,ITI2,10,Umbria,Umbria,882015,608467,68.99,0.64
2115,2021-02-03,UMB,727,174,553,67,660,0,ITI,ITI2,10,Umbria,Umbria,882015,609194,69.07,0.08
2116,2021-08-02,UMB,5537,2897,2640,259,5256,22,ITI,ITI2,10,Umbria,Umbria,882015,614731,69.7,0.63
2117,2021-06-20,UMB,6225,3007,3218,1577,4605,43,ITI,ITI2,10,Umbria,Umbria,882015,620956,70.4,0.71
2118,2021-04-24,UMB,4566,1962,2604,3277,1183,106,ITI,ITI2,10,Umbria,Umbria,882015,625522,70.92,0.52
2119,2021-01-12,UMB,838,247,591,838,0,0,ITI,ITI2,10,Umbria,Umbria,882015,626360,71.01,0.1
2120,2021-03-14,UMB,66,48,18,66,0,0,ITI,ITI2,10,Umbria,Umbria,882015,626426,71.02,0.01
2121,2021-06-22,UMB,8089,4104,3985,5148,2798,143,ITI,ITI2,10,Umbria,Umbria,882015,634515,71.94,0.92
2122,2021-03-12,UMB,2695,1082,1613,2191,496,8,ITI,ITI2,10,Umbria,Umbria,882015,637210,72.24,0.31
2123,2021-01-24,UMB,258,106,152,1,257,0,ITI,ITI2,10,Umbria,Umbria,882015,637468,72.27,0.03
2124,2021-08-16,UMB,3517,1741,1776,1977,1472,68,ITI,ITI2,10,Umbria,Umbria,882015,640985,72.67,0.4
2125,2021-08-30,UMB,1950,950,1000,1497,372,81,ITI,ITI2,10,Umbria,Umbria,882015,642935,72.89,0.22
2126,2021-06-08,UMB,7420,3659,3761,6654,557,209,ITI,ITI2,10,Umbria,Umbria,882015,650355,73.74,0.84
2127,2021-02-05,UMB,783,234,549,18,765,0,ITI,ITI2,10,Umbria,Umbria,882015,651138,73.82,0.09
2128,2021-07-21,UMB,9855,4914,4941,1233,8535,87,ITI,ITI2,10,Umbria,Umbria,882015,660993,74.94,1.12
2129,2021-07-04,UMB,3411,1741,1670,2342,971,98,ITI,ITI2,10,Umbria,Umbria,882015,664404,75.33,0.39
2130,2021-04-12,UMB,7093,3081,4012,5316,1717,60,ITI,ITI2,10,Umbria,Umbria,882015,671497,76.13,0.8
2131,2021-01-19,UMB,102,23,79,102,0,0,ITI,ITI2,10,Umbria,Umbria,882015,671599,76.14,0.01
2132,2021-04-29,UMB,5239,2260,2979,2806,2342,91,ITI,ITI2,10,Umbria,Umbria,882015,676838,76.74,0.59
2133,2021-03-24,UMB,4106,1793,2313,2745,1323,38,ITI,ITI2,10,Umbria,Umbria,882015,680944,77.2,0.47
2134,2021-07-02,UMB,8757,4331,4426,2968,5609,180,ITI,ITI2,10,Umbria,Umbria,882015,689701,78.2,0.99
2135,2021-04-10,UMB,7403,3481,3922,7183,85,135,ITI,ITI2,10,Umbria,Umbria,882015,697104,79.04,0.84
2136,2021-01-17,UMB,55,17,38,55,0,0,ITI,ITI2,10,Umbria,Umbria,882015,697159,79.04,0.01
2137,2020-12-31,UMB,322,127,195,322,0,0,ITI,ITI2,10,Umbria,Umbria,882015,697481,79.08,0.04
2138,2021-06-15,UMB,5990,3016,2974,3798,2074,118,ITI,ITI2,10,Umbria,Umbria,882015,703471,79.76,0.68
2139,2021-08-23,UMB,5289,2820,2469,1542,3662,85,ITI,ITI2,10,Umbria,Umbria,882015,708760,80.36,0.6
2140,2021-06-01,UMB,4389,2090,2299,4161,156,72,ITI,ITI2,10,Umbria,Umbria,882015,713149,80.85,0.5
2141,2021-03-10,UMB,4032,1943,2089,2760,1257,15,ITI,ITI2,10,Umbria,Umbria,882015,717181,81.31,0.46
2142,2021-01-16,UMB,203,61,142,202,0,1,ITI,ITI2,10,Umbria,Umbria,882015,717384,81.33,0.02
2143,2021-02-02,UMB,945,272,673,32,913,0,ITI,ITI2,10,Umbria,Umbria,882015,718329,81.44,0.11
2144,2021-04-26,UMB,5402,2342,3060,3105,2255,42,ITI,ITI2,10,Umbria,Umbria,882015,723731,82.05,0.61
2145,2021-04-09,UMB,6749,3130,3619,6411,216,122,ITI,ITI2,10,Umbria,Umbria,882015,730480,82.82,0.77
2146,2021-04-08,UMB,5903,2524,3379,4025,1806,72,ITI,ITI2,10,Umbria,Umbria,882015,736383,83.49,0.67
2147,2021-07-17,UMB,7673,3856,3817,1287,6237,149,ITI,ITI2,10,Umbria,Umbria,882015,744056,84.36,0.87
2148,2021-06-04,UMB,8928,4413,4515,7541,1205,182,ITI,ITI2,10,Umbria,Umbria,882015,752984,85.37,1.01
2149,2021-06-13,UMB,6767,3558,3209,6393,230,144,ITI,ITI2,10,Umbria,Umbria,882015,759751,86.14,0.77
2150,2021-01-07,UMB,1301,388,913,1301,0,0,ITI,ITI2,10,Umbria,Umbria,882015,761052,86.29,0.15
2151,2021-06-25,UMB,10241,5318,4923,5253,4784,204,ITI,ITI2,10,Umbria,Umbria,882015,771293,87.45,1.16
2152,2021-01-26,UMB,816,390,426,17,799,0,ITI,ITI2,10,Umbria,Umbria,882015,772109,87.54,0.09
2153,2021-02-12,UMB,673,224,449,667,6,0,ITI,ITI2,10,Umbria,Umbria,882015,772782,87.62,0.08
2154,2021-02-26,UMB,660,253,407,650,8,2,ITI,ITI2,10,Umbria,Umbria,882015,773442,87.69,0.07
2155,2021-05-06,UMB,9474,4326,5148,6028,3316,130,ITI,ITI2,10,Umbria,Umbria,882015,782916,88.76,1.07
2156,2021-05-18,UMB,7768,3364,4404,3837,3841,90,ITI,ITI2,10,Umbria,Umbria,882015,790684,89.65,0.88
2157,2021-03-22,UMB,3562,1657,1905,2306,1246,10,ITI,ITI2,10,Umbria,Umbria,882015,794246,90.05,0.4
2158,2021-04-05,UMB,4251,1729,2522,2182,2057,12,ITI,ITI2,10,Umbria,Umbria,882015,798497,90.53,0.48
2159,2021-02-07,UMB,55,17,38,1,54,0,ITI,ITI2,10,Umbria,Umbria,882015,798552,90.54,0.01
2160,2021-07-14,UMB,6206,3010,3196,1634,4264,308,ITI,ITI2,10,Umbria,Umbria,882015,804758,91.24,0.7
2161,2021-08-01,UMB,3025,1533,1492,1329,1650,46,ITI,ITI2,10,Umbria,Umbria,882015,807783,91.58,0.34
2162,2021-03-21,UMB,676,338,338,673,0,3,ITI,ITI2,10,Umbria,Umbria,882015,808459,91.66,0.08
2163,2021-08-25,UMB,4285,2229,2056,1541,2664,80,ITI,ITI2,10,Umbria,Umbria,882015,812744,92.15,0.49
2164,2021-06-29,UMB,9974,5083,4891,4112,5702,160,ITI,ITI2,10,Umbria,Umbria,882015,822718,93.28,1.13
2165,2021-05-17,UMB,6378,3068,3310,4112,2180,86,ITI,ITI2,10,Umbria,Umbria,882015,829096,94.0,0.72
2166,2021-01-14,UMB,725,192,533,725,0,0,ITI,ITI2,10,Umbria,Umbria,882015,829821,94.08,0.08
2167,2021-03-19,UMB,1744,566,1178,1083,656,5,ITI,ITI2,10,Umbria,Umbria,882015,831565,94.28,0.2
2168,2021-06-17,UMB,6979,3545,3434,4752,2081,146,ITI,ITI2,10,Umbria,Umbria,882015,838544,95.07,0.79
2169,2021-03-26,UMB,4602,1721,2881,4345,173,84,ITI,ITI2,10,Umbria,Umbria,882015,843146,95.59,0.52
2170,2021-01-02,UMB,304,111,193,304,0,0,ITI,ITI2,10,Umbria,Umbria,882015,843450,95.63,0.03
2171,2021-04-28,UMB,5393,2331,3062,2938,2398,57,ITI,ITI2,10,Umbria,Umbria,882015,848843,96.24,0.61
2172,2021-08-06,UMB,8239,4308,3931,3329,4822,88,ITI,ITI2,10,Umbria,Umbria,882015,857082,97.17,0.93
2173,2021-02-04,UMB,736,226,510,26,710,0,ITI,ITI2,10,Umbria,Umbria,882015,857818,97.26,0.08
2174,2021-05-15,UMB,4996,1885,3111,1765,3167,64,ITI,ITI2,10,Umbria,Umbria,882015,862814,97.82,0.57
2175,2021-02-21,UMB,1,0,1,1,0,0,ITI,ITI2,10,Umbria,Umbria,882015,862815,97.82,0.0
2176,2021-07-18,UMB,7853,4063,3790,273,7553,27,ITI,ITI2,10,Umbria,Umbria,882015,870668,98.71,0.89
2177,2021-06-05,UMB,8232,3777,4455,5416,2655,161,ITI,ITI2,10,Umbria,Umbria,882015,878900,99.65,0.93
2178,2021-09-06,UMB,4564,2380,2184,892,3635,37,ITI,ITI2,10,Umbria,Umbria,882015,883464,100.16,0.52
2179,2021-07-25,UMB,7309,3851,3458,1166,6099,44,ITI,ITI2,10,Umbria,Umbria,882015,890773,100.99,0.83
2180,2021-09-01,UMB,4587,2362,2225,1135,3394,58,ITI,ITI2,10,Umbria,Umbria,882015,895360,101.51,0.52
2181,2021-06-10,UMB,7567,3769,3798,6463,789,315,ITI,ITI2,10,Umbria,Umbria,882015,902927,102.37,0.86
2182,2021-08-13,UMB,6967,3868,3099,4245,2524,198,ITI,ITI2,10,Umbria,Umbria,882015,909894,103.16,0.79
2183,2021-07-13,UMB,4235,2006,2229,78,4149,8,ITI,ITI2,10,Umbria,Umbria,882015,914129,103.64,0.48
2184,2021-04-21,UMB,5330,2320,3010,3060,2231,39,ITI,ITI2,10,Umbria,Umbria,882015,919459,104.25,0.6
2185,2021-07-30,UMB,6219,3243,2976,3186,2913,120,ITI,ITI2,10,Umbria,Umbria,882015,925678,104.95,0.71
2186,2021-03-02,UMB,3645,1346,2299,3636,6,3,ITI,ITI2,10,Umbria,Umbria,882015,929323,105.36,0.41
2187,2021-06-24,UMB,10267,5169,5098,6027,4012,228,ITI,ITI2,10,Umbria,Umbria,882015,939590,106.53,1.16
2188,2021-03-07,UMB,846,180,666,838,7,1,ITI,ITI2,10,Umbria,Umbria,882015,940436,106.62,0.1
2189,2021-05-29,UMB,7862,3614,4248,6177,1571,114,ITI,ITI2,10,Umbria,Umbria,882015,948298,107.51,0.89
2190,2021-06-27,UMB,7480,3738,3742,1732,5672,76,ITI,ITI2,10,Umbria,Umbria,882015,955778,108.36,0.85
2191,2021-07-28,UMB,8239,4334,3905,2971,5155,113,ITI,ITI2,10,Umbria,Umbria,882015,964017,109.3,0.93
2192,2021-02-11,UMB,839,348,491,834,5,0,ITI,ITI2,10,Umbria,Umbria,882015,964856,109.39,0.1
2193,2021-05-22,UMB,6983,2761,4222,2602,4332,49,ITI,ITI2,10,Umbria,Umbria,882015,971839,110.18,0.79
2194,2021-07-11,UMB,5875,2967,2908,89,5785,1,ITI,ITI2,10,Umbria,Umbria,882015,977714,110.85,0.67
2195,2021-04-02,UMB,4348,1781,2567,3548,755,45,ITI,ITI2,10,Umbria,Umbria,882015,982062,111.34,0.49
2196,2021-01-09,UMB,1718,495,1223,1718,0,0,ITI,ITI2,10,Umbria,Umbria,882015,983780,111.54,0.19
2197,2021-04-19,UMB,5038,2228,2810,2933,2048,57,ITI,ITI2,10,Umbria,Umbria,882015,988818,112.11,0.57
2198,2021-05-01,UMB,5376,2641,2735,2099,3231,46,ITI,ITI2,10,Umbria,Umbria,882015,994194,112.72,0.61
2199,2021-03-05,UMB,4623,1403,3220,3950,658,15,ITI,ITI2,10,Umbria,Umbria,882015,998817,113.24,0.52
2200,2021-08-09,UMB,6694,3546,3148,3502,3032,160,ITI,ITI2,10,Umbria,Umbria,882015,1005511,114.0,0.76
2201,2021-03-03,UMB,4433,1772,2661,3719,711,3,ITI,ITI2,10,Umbria,Umbria,882015,1009944,114.5,0.5
2202,2021-08-11,UMB,7621,4087,3534,3721,3716,184,ITI,ITI2,10,Umbria,Umbria,882015,1017565,115.37,0.86
2203,2021-06-06,UMB,7610,3906,3704,6790,694,126,ITI,ITI2,10,Umbria,Umbria,882015,1025175,116.23,0.86
2204,2021-02-24,UMB,1521,564,957,1506,15,0,ITI,ITI2,10,Umbria,Umbria,882015,1026696,116.4,0.17
2205,2021-08-18,UMB,4697,2457,2240,3433,1146,118,ITI,ITI2,10,Umbria,Umbria,882015,1031393,116.94,0.53
2206,2021-07-06,UMB,8599,4093,4506,149,8427,23,ITI,ITI2,10,Umbria,Umbria,882015,1039992,117.91,0.97
2207,2021-05-10,UMB,6011,2813,3198,3742,2152,117,ITI,ITI2,10,Umbria,Umbria,882015,1046003,118.59,0.68
2208,2021-05-08,UMB,8162,3749,4413,4806,3250,106,ITI,ITI2,10,Umbria,Umbria,882015,1054165,119.52,0.93
2209,2021-01-28,UMB,1248,394,854,18,1230,0,ITI,ITI2,10,Umbria,Umbria,882015,1055413,119.66,0.14
2210,2021-05-03,UMB,5091,2273,2818,2099,2888,104,ITI,ITI2,10,Umbria,Umbria,882015,1060504,120.24,0.58
2211,2021-01-23,UMB,280,100,180,2,278,0,ITI,ITI2,10,Umbria,Umbria,882015,1060784,120.27,0.03
2212,2021-01-21,UMB,609,203,406,339,269,1,ITI,ITI2,10,Umbria,Umbria,882015,1061393,120.34,0.07
2213,2021-08-20,UMB,4340,2312,2028,2919,1277,144,ITI,ITI2,10,Umbria,Umbria,882015,1065733,120.83,0.49
2214,2021-08-17,UMB,3665,1909,1756,2489,1088,88,ITI,ITI2,10,Umbria,Umbria,882015,1069398,121.24,0.42
2215,2021-06-21,UMB,7552,3953,3599,5068,2338,146,ITI,ITI2,10,Umbria,Umbria,882015,1076950,122.1,0.86
2216,2021-03-06,UMB,4307,1148,3159,4135,138,34,ITI,ITI2,10,Umbria,Umbria,882015,1081257,122.59,0.49
2217,2021-01-22,UMB,276,105,171,32,244,0,ITI,ITI2,10,Umbria,Umbria,882015,1081533,122.62,0.03
2218,2021-06-28,UMB,9830,4844,4986,3711,5990,129,ITI,ITI2,10,Umbria,Umbria,882015,1091363,123.74,1.11
2219,2021-05-02,UMB,3782,1867,1915,1298,2455,29,ITI,ITI2,10,Umbria,Umbria,882015,1095145,124.16,0.43
2220,2021-03-20,UMB,2320,845,1475,2290,25,5,ITI,ITI2,10,Umbria,Umbria,882015,1097465,124.43,0.26
2221,2021-03-13,UMB,1735,524,1211,1486,249,0,ITI,ITI2,10,Umbria,Umbria,882015,1099200,124.62,0.2
2222,2021-01-15,UMB,698,213,485,698,0,0,ITI,ITI2,10,Umbria,Umbria,882015,1099898,124.7,0.08
2223,2021-01-29,UMB,1240,350,890,79,1161,0,ITI,ITI2,10,Umbria,Umbria,882015,1101138,124.84,0.14
2224,2021-05-09,UMB,5764,2756,3008,5253,391,120,ITI,ITI2,10,Umbria,Umbria,882015,1106902,125.5,0.65
2225,2021-09-04,UMB,3432,1775,1657,1098,2272,62,ITI,ITI2,10,Umbria,Umbria,882015,1110334,125.89,0.39
2226,2021-07-09,UMB,9569,4631,4938,128,9417,24,ITI,ITI2,10,Umbria,Umbria,882015,1119903,126.97,1.08
2227,2021-07-23,UMB,10663,5453,5210,1332,9225,106,ITI,ITI2,10,Umbria,Umbria,882015,1130566,128.18,1.21
2228,2021-08-28,UMB,2769,1428,1341,1356,1342,71,ITI,ITI2,10,Umbria,Umbria,882015,1133335,128.49,0.31
2229,2021-07-16,UMB,9630,4899,4731,667,8884,79,ITI,ITI2,10,Umbria,Umbria,882015,1142965,129.59,1.09
2230,2021-05-20,UMB,9870,4609,5261,6103,3657,110,ITI,ITI2,10,Umbria,Umbria,882015,1152835,130.7,1.12
2231,2021-03-31,UMB,3900,1730,2170,2183,1685,32,ITI,ITI2,10,Umbria,Umbria,882015,1156735,131.15,0.44
2232,2021-02-16,UMB,1308,655,653,1299,9,0,ITI,ITI2,10,Umbria,Umbria,882015,1158043,131.3,0.15
2233,2021-05-27,UMB,9982,4871,5111,8475,1325,182,ITI,ITI2,10,Umbria,Umbria,882015,1168025,132.43,1.13
2234,2021-01-04,UMB,810,397,413,810,0,0,ITI,ITI2,10,Umbria,Umbria,882015,1168835,132.52,0.09
2235,2021-04-14,UMB,8159,3682,4477,6100,1980,79,ITI,ITI2,10,Umbria,Umbria,882015,1176994,133.44,0.93
2236,2021-06-03,UMB,9050,4474,4576,8585,290,175,ITI,ITI2,10,Umbria,Umbria,882015,1186044,134.47,1.03
2237,2021-04-07,UMB,5626,2305,3321,3534,2006,86,ITI,ITI2,10,Umbria,Umbria,882015,1191670,135.11,0.64
2238,2021-02-23,UMB,1691,657,1034,1648,42,1,ITI,ITI2,10,Umbria,Umbria,882015,1193361,135.3,0.19
2239,2021-03-24,MAR,7098,3019,4079,3309,3716,73,ITI,ITI3,11,Marche,Marche,1525271,7098,0.47,0.47
2240,2021-06-01,MAR,12055,6157,5898,9679,2090,286,ITI,ITI3,11,Marche,Marche,1525271,19153,1.26,0.79
2241,2021-03-10,MAR,5713,2442,3271,4479,1180,54,ITI,ITI3,11,Marche,Marche,1525271,24866,1.63,0.37
2242,2021-02-21,MAR,376,141,235,363,1,12,ITI,ITI3,11,Marche,Marche,1525271,25242,1.65,0.02
2243,2021-08-06,MAR,11703,6353,5350,4143,7278,282,ITI,ITI3,11,Marche,Marche,1525271,36945,2.42,0.77
2244,2021-05-15,MAR,14118,6441,7677,7826,6044,248,ITI,ITI3,11,Marche,Marche,1525271,51063,3.35,0.93
2245,2021-08-23,MAR,6195,3340,2855,2277,3650,268,ITI,ITI3,11,Marche,Marche,1525271,57258,3.75,0.41
2246,2021-02-19,MAR,2002,739,1263,1826,135,41,ITI,ITI3,11,Marche,Marche,1525271,59260,3.89,0.13
2247,2021-05-20,MAR,12684,5961,6723,7537,4896,251,ITI,ITI3,11,Marche,Marche,1525271,71944,4.72,0.83
2248,2021-02-07,MAR,1872,735,1137,331,1529,12,ITI,ITI3,11,Marche,Marche,1525271,73816,4.84,0.12
2249,2021-07-23,MAR,15542,8280,7262,2529,12789,224,ITI,ITI3,11,Marche,Marche,1525271,89358,5.86,1.02
2250,2021-09-06,MAR,6380,3391,2989,1774,4393,213,ITI,ITI3,11,Marche,Marche,1525271,95738,6.28,0.42
2251,2021-05-27,MAR,13733,6818,6915,9180,4301,252,ITI,ITI3,11,Marche,Marche,1525271,109471,7.18,0.9
2252,2021-03-31,MAR,7378,3089,4289,4267,3025,86,ITI,ITI3,11,Marche,Marche,1525271,116849,7.66,0.48
2253,2021-09-04,MAR,5449,2976,2473,1643,3622,184,ITI,ITI3,11,Marche,Marche,1525271,122298,8.02,0.36
2254,2021-01-26,MAR,2023,747,1276,72,1942,9,ITI,ITI3,11,Marche,Marche,1525271,124321,8.15,0.13
2255,2021-07-11,MAR,10399,5220,5179,1605,8657,137,ITI,ITI3,11,Marche,Marche,1525271,134720,8.83,0.68
2256,2021-04-19,MAR,9608,4502,5106,7899,1586,123,ITI,ITI3,11,Marche,Marche,1525271,144328,9.46,0.63
2257,2021-07-28,MAR,14201,7371,6830,3250,10719,232,ITI,ITI3,11,Marche,Marche,1525271,158529,10.39,0.93
2258,2021-08-11,MAR,7571,4099,3472,3170,4165,236,ITI,ITI3,11,Marche,Marche,1525271,166100,10.89,0.5
2259,2021-06-15,MAR,13192,6567,6625,9821,3052,319,ITI,ITI3,11,Marche,Marche,1525271,179292,11.75,0.86
2260,2021-01-12,MAR,1234,418,816,1221,0,13,ITI,ITI3,11,Marche,Marche,1525271,180526,11.84,0.08
2261,2021-06-22,MAR,13220,6483,6737,6475,6462,283,ITI,ITI3,11,Marche,Marche,1525271,193746,12.7,0.87
2262,2021-04-26,MAR,9173,4062,5111,6017,3026,130,ITI,ITI3,11,Marche,Marche,1525271,202919,13.3,0.6
2263,2021-04-05,MAR,5703,2368,3335,4353,1269,81,ITI,ITI3,11,Marche,Marche,1525271,208622,13.68,0.37
2264,2021-06-27,MAR,9949,4819,5130,4486,5292,171,ITI,ITI3,11,Marche,Marche,1525271,218571,14.33,0.65
2265,2021-03-19,MAR,3881,1621,2260,325,3544,12,ITI,ITI3,11,Marche,Marche,1525271,222452,14.58,0.25
2266,2021-01-21,MAR,922,262,660,577,328,17,ITI,ITI3,11,Marche,Marche,1525271,223374,14.64,0.06
2267,2021-05-01,MAR,9328,3927,5401,3500,5751,77,ITI,ITI3,11,Marche,Marche,1525271,232702,15.26,0.61
2268,2021-01-19,MAR,233,87,146,140,90,3,ITI,ITI3,11,Marche,Marche,1525271,232935,15.27,0.02
2269,2021-02-02,MAR,1193,398,795,70,1123,0,ITI,ITI3,11,Marche,Marche,1525271,234128,15.35,0.08
2270,2021-05-13,MAR,12614,5699,6915,6826,5508,280,ITI,ITI3,11,Marche,Marche,1525271,246742,16.18,0.83
2271,2021-04-12,MAR,8573,3775,4798,7933,482,158,ITI,ITI3,11,Marche,Marche,1525271,255315,16.74,0.56
2272,2021-01-02,MAR,458,143,315,456,0,2,ITI,ITI3,11,Marche,Marche,1525271,255773,16.77,0.03
2273,2021-07-04,MAR,10896,5445,5451,3204,7531,161,ITI,ITI3,11,Marche,Marche,1525271,266669,17.48,0.71
2274,2020-12-31,MAR,392,184,208,390,0,2,ITI,ITI3,11,Marche,Marche,1525271,267061,17.51,0.03
2275,2021-07-18,MAR,12124,6310,5814,1333,10673,118,ITI,ITI3,11,Marche,Marche,1525271,279185,18.3,0.79
2276,2021-01-31,MAR,1921,772,1149,93,1824,4,ITI,ITI3,11,Marche,Marche,1525271,281106,18.43,0.13
2277,2021-04-07,MAR,8876,3932,4944,8361,369,146,ITI,ITI3,11,Marche,Marche,1525271,289982,19.01,0.58
2278,2021-02-09,MAR,125,42,83,46,79,0,ITI,ITI3,11,Marche,Marche,1525271,290107,19.02,0.01
2279,2021-07-16,MAR,15840,8240,7600,1846,13736,258,ITI,ITI3,11,Marche,Marche,1525271,305947,20.06,1.04
2280,2021-06-12,MAR,13781,7315,6466,12104,1346,331,ITI,ITI3,11,Marche,Marche,1525271,319728,20.96,0.9
2281,2021-04-16,MAR,10086,4705,5381,9349,526,211,ITI,ITI3,11,Marche,Marche,1525271,329814,21.62,0.66
2282,2021-07-09,MAR,14903,7502,7401,2557,12132,214,ITI,ITI3,11,Marche,Marche,1525271,344717,22.6,0.98
2283,2021-03-29,MAR,5898,2584,3314,3391,2458,49,ITI,ITI3,11,Marche,Marche,1525271,350615,22.99,0.39
2284,2021-06-03,MAR,14638,7483,7155,12081,2252,305,ITI,ITI3,11,Marche,Marche,1525271,365253,23.95,0.96
2285,2021-02-14,MAR,739,301,438,727,0,12,ITI,ITI3,11,Marche,Marche,1525271,365992,24.0,0.05
2286,2021-08-16,MAR,5165,2781,2384,2983,2022,160,ITI,ITI3,11,Marche,Marche,1525271,371157,24.33,0.34
2287,2021-05-08,MAR,12292,5486,6806,4851,7264,177,ITI,ITI3,11,Marche,Marche,1525271,383449,25.14,0.81
2288,2021-07-30,MAR,14715,7864,6851,4868,9559,288,ITI,ITI3,11,Marche,Marche,1525271,398164,26.1,0.96
2289,2021-08-18,MAR,6421,3421,3000,3214,2872,335,ITI,ITI3,11,Marche,Marche,1525271,404585,26.53,0.42
2290,2021-08-04,MAR,12002,6380,5622,4059,7701,242,ITI,ITI3,11,Marche,Marche,1525271,416587,27.31,0.79
2291,2021-01-23,MAR,557,190,367,118,436,3,ITI,ITI3,11,Marche,Marche,1525271,417144,27.35,0.04
2292,2021-03-17,MAR,3477,1525,1952,105,3370,2,ITI,ITI3,11,Marche,Marche,1525271,420621,27.58,0.23
2293,2021-08-30,MAR,5678,2841,2837,2359,3049,270,ITI,ITI3,11,Marche,Marche,1525271,426299,27.95,0.37
2294,2021-02-28,MAR,2836,1251,1585,2822,6,8,ITI,ITI3,11,Marche,Marche,1525271,429135,28.14,0.19
2295,2021-06-08,MAR,14098,7094,7004,11195,2611,292,ITI,ITI3,11,Marche,Marche,1525271,443233,29.06,0.92
2296,2021-03-05,MAR,6224,2873,3351,4689,1469,66,ITI,ITI3,11,Marche,Marche,1525271,449457,29.47,0.41
2297,2021-01-07,MAR,1820,641,1179,1803,0,17,ITI,ITI3,11,Marche,Marche,1525271,451277,29.59,0.12
2298,2021-03-12,MAR,4681,1999,2682,3346,1280,55,ITI,ITI3,11,Marche,Marche,1525271,455958,29.89,0.31
2299,2021-01-14,MAR,2019,696,1323,1995,0,24,ITI,ITI3,11,Marche,Marche,1525271,457977,30.03,0.13
2300,2021-06-20,MAR,11161,5548,5613,5991,4988,182,ITI,ITI3,11,Marche,Marche,1525271,469138,30.76,0.73
2301,2021-08-25,MAR,5583,2989,2594,2724,2538,321,ITI,ITI3,11,Marche,Marche,1525271,474721,31.12,0.37
2302,2021-03-07,MAR,5179,2107,3072,4377,754,48,ITI,ITI3,11,Marche,Marche,1525271,479900,31.46,0.34
2303,2021-08-08,MAR,5637,3020,2617,1681,3845,111,ITI,ITI3,11,Marche,Marche,1525271,485537,31.83,0.37
2304,2021-07-06,MAR,13963,6920,7043,3142,10598,223,ITI,ITI3,11,Marche,Marche,1525271,499500,32.75,0.92
2305,2021-07-20,MAR,14397,7436,6961,1767,12455,175,ITI,ITI3,11,Marche,Marche,1525271,513897,33.69,0.94
2306,2021-07-25,MAR,9351,4933,4418,1004,8249,98,ITI,ITI3,11,Marche,Marche,1525271,523248,34.31,0.61
2307,2021-01-04,MAR,1527,574,953,1514,0,13,ITI,ITI3,11,Marche,Marche,1525271,524775,34.41,0.1
2308,2021-04-14,MAR,10220,4565,5655,9651,369,200,ITI,ITI3,11,Marche,Marche,1525271,534995,35.08,0.67
2309,2020-12-30,MAR,17,5,12,17,0,0,ITI,ITI3,11,Marche,Marche,1525271,535012,35.08,0.0
2310,2021-02-18,MAR,2146,787,1359,1806,288,52,ITI,ITI3,11,Marche,Marche,1525271,537158,35.22,0.14
2311,2021-05-29,MAR,12875,6239,6636,8117,4540,218,ITI,ITI3,11,Marche,Marche,1525271,550033,36.06,0.84
2312,2021-02-16,MAR,1287,475,812,1225,30,32,ITI,ITI3,11,Marche,Marche,1525271,551320,36.15,0.08
2313,2021-02-25,MAR,3561,1465,2096,3317,181,63,ITI,ITI3,11,Marche,Marche,1525271,554881,36.38,0.23
2314,2021-08-01,MAR,7498,4050,3448,1836,5577,85,ITI,ITI3,11,Marche,Marche,1525271,562379,36.87,0.49
2315,2021-01-09,MAR,1718,606,1112,1698,0,20,ITI,ITI3,11,Marche,Marche,1525271,564097,36.98,0.11
2316,2021-04-02,MAR,6894,2988,3906,6042,739,113,ITI,ITI3,11,Marche,Marche,1525271,570991,37.44,0.45
2317,2021-03-16,MAR,3522,1523,1999,285,3231,6,ITI,ITI3,11,Marche,Marche,1525271,574513,37.67,0.23
2318,2021-06-24,MAR,13844,6679,7165,6187,7386,271,ITI,ITI3,11,Marche,Marche,1525271,588357,38.57,0.91
2319,2021-06-29,MAR,13371,6599,6772,4928,8215,228,ITI,ITI3,11,Marche,Marche,1525271,601728,39.45,0.88
2320,2021-05-03,MAR,10410,4690,5720,4857,5414,139,ITI,ITI3,11,Marche,Marche,1525271,612138,40.13,0.68
2321,2021-03-28,MAR,4127,1740,2387,2396,1693,38,ITI,ITI3,11,Marche,Marche,1525271,616265,40.4,0.27
2322,2021-01-30,MAR,1905,668,1237,24,1881,0,ITI,ITI3,11,Marche,Marche,1525271,618170,40.53,0.12
2323,2021-02-04,MAR,2389,844,1545,107,2277,5,ITI,ITI3,11,Marche,Marche,1525271,620559,40.69,0.16
2324,2021-01-18,MAR,696,237,459,536,149,11,ITI,ITI3,11,Marche,Marche,1525271,621255,40.73,0.05
2325,2021-04-28,MAR,10938,4983,5955,6018,4745,175,ITI,ITI3,11,Marche,Marche,1525271,632193,41.45,0.72
2326,2021-03-02,MAR,5002,1967,3035,4370,566,66,ITI,ITI3,11,Marche,Marche,1525271,637195,41.78,0.33
2327,2021-06-10,MAR,14930,7695,7235,12575,2013,342,ITI,ITI3,11,Marche,Marche,1525271,652125,42.75,0.98
2328,2021-09-01,MAR,6205,3280,2925,2020,3952,233,ITI,ITI3,11,Marche,Marche,1525271,658330,43.16,0.41
2329,2021-08-15,MAR,225,112,113,205,13,7,ITI,ITI3,11,Marche,Marche,1525271,658555,43.18,0.01
2330,2021-05-24,MAR,10999,5193,5806,7957,2865,177,ITI,ITI3,11,Marche,Marche,1525271,669554,43.9,0.72
2331,2021-01-16,MAR,2040,735,1305,1989,0,51,ITI,ITI3,11,Marche,Marche,1525271,671594,44.03,0.13
2332,2021-06-19,MAR,14696,7403,7293,7749,6681,266,ITI,ITI3,11,Marche,Marche,1525271,686290,44.99,0.96
2333,2021-05-31,MAR,11782,5944,5838,8599,2931,252,ITI,ITI3,11,Marche,Marche,1525271,698072,45.77,0.77
2334,2021-05-17,MAR,12047,5649,6398,7467,4353,227,ITI,ITI3,11,Marche,Marche,1525271,710119,46.56,0.79
2335,2021-01-11,MAR,1182,413,769,1164,0,18,ITI,ITI3,11,Marche,Marche,1525271,711301,46.63,0.08
2336,2021-04-21,MAR,10787,4969,5818,9426,1196,165,ITI,ITI3,11,Marche,Marche,1525271,722088,47.34,0.71
2337,2021-01-28,MAR,2091,726,1365,159,1931,1,ITI,ITI3,11,Marche,Marche,1525271,724179,47.48,0.14
2338,2021-04-04,MAR,3835,1797,2038,2614,1169,52,ITI,ITI3,11,Marche,Marche,1525271,728014,47.73,0.25
2339,2021-07-13,MAR,14853,7278,7575,1456,13268,129,ITI,ITI3,11,Marche,Marche,1525271,742867,48.7,0.97
2340,2021-08-31,MAR,4832,2561,2271,2015,2588,229,ITI,ITI3,11,Marche,Marche,1525271,747699,49.02,0.32
2341,2021-06-09,MAR,14279,7417,6862,12108,1869,302,ITI,ITI3,11,Marche,Marche,1525271,761978,49.96,0.94
2342,2021-06-07,MAR,13322,6589,6733,10569,2450,303,ITI,ITI3,11,Marche,Marche,1525271,775300,50.83,0.87
2343,2021-02-27,MAR,3401,1457,1944,3158,209,34,ITI,ITI3,11,Marche,Marche,1525271,778701,51.05,0.22
2344,2021-06-05,MAR,13944,7011,6933,11520,2058,366,ITI,ITI3,11,Marche,Marche,1525271,792645,51.97,0.91
2345,2021-04-23,MAR,11318,5222,6096,8098,3055,165,ITI,ITI3,11,Marche,Marche,1525271,803963,52.71,0.74
2346,2021-02-23,MAR,3314,1432,1882,3243,56,15,ITI,ITI3,11,Marche,Marche,1525271,807277,52.93,0.22
2347,2021-05-10,MAR,9461,4341,5120,4755,4564,142,ITI,ITI3,11,Marche,Marche,1525271,816738,53.55,0.62
2348,2021-03-14,MAR,2500,1032,1468,1897,592,11,ITI,ITI3,11,Marche,Marche,1525271,819238,53.71,0.16
2349,2021-03-21,MAR,4506,1873,2633,1612,2877,17,ITI,ITI3,11,Marche,Marche,1525271,823744,54.01,0.3
2350,2021-02-06,MAR,2463,902,1561,512,1942,9,ITI,ITI3,11,Marche,Marche,1525271,826207,54.17,0.16
2351,2021-07-17,MAR,15140,7792,7348,1385,13544,211,ITI,ITI3,11,Marche,Marche,1525271,841347,55.16,0.99
2352,2021-05-21,MAR,13909,6594,7315,7225,6472,212,ITI,ITI3,11,Marche,Marche,1525271,855256,56.07,0.91
2353,2021-08-29,MAR,453,255,198,245,182,26,ITI,ITI3,11,Marche,Marche,1525271,855709,56.1,0.03
2354,2021-01-15,MAR,1772,500,1272,1755,0,17,ITI,ITI3,11,Marche,Marche,1525271,857481,56.22,0.12
2355,2021-04-25,MAR,8605,3996,4609,6894,1578,133,ITI,ITI3,11,Marche,Marche,1525271,866086,56.78,0.56
2356,2021-08-03,MAR,10878,5737,5141,4030,6582,266,ITI,ITI3,11,Marche,Marche,1525271,876964,57.5,0.71
2357,2021-08-12,MAR,8017,4329,3688,3888,3768,361,ITI,ITI3,11,Marche,Marche,1525271,884981,58.02,0.53
2358,2021-03-26,MAR,6392,2626,3766,3475,2859,58,ITI,ITI3,11,Marche,Marche,1525271,891373,58.44,0.42
2359,2021-06-17,MAR,15206,7566,7640,8798,6111,297,ITI,ITI3,11,Marche,Marche,1525271,906579,59.44,1.0
2360,2021-03-09,MAR,5430,2293,3137,4458,881,91,ITI,ITI3,11,Marche,Marche,1525271,912009,59.79,0.36
2361,2021-07-22,MAR,15746,8048,7698,2018,13487,241,ITI,ITI3,11,Marche,Marche,1525271,927755,60.83,1.03
2362,2021-05-22,MAR,11941,5720,6221,7321,4449,171,ITI,ITI3,11,Marche,Marche,1525271,939696,61.61,0.78
2363,2021-02-11,MAR,1988,657,1331,1557,390,41,ITI,ITI3,11,Marche,Marche,1525271,941684,61.74,0.13
2364,2021-05-05,MAR,11696,5322,6374,5102,6432,162,ITI,ITI3,11,Marche,Marche,1525271,953380,62.51,0.77
2365,2021-08-13,MAR,6751,3759,2992,3388,3151,212,ITI,ITI3,11,Marche,Marche,1525271,960131,62.95,0.44
2366,2021-01-13,MAR,2114,747,1367,2073,0,41,ITI,ITI3,11,Marche,Marche,1525271,962245,63.09,0.14
2367,2021-05-02,MAR,8905,3940,4965,3078,5742,85,ITI,ITI3,11,Marche,Marche,1525271,971150,63.67,0.58
2368,2021-08-10,MAR,9200,4814,4386,3332,5593,275,ITI,ITI3,11,Marche,Marche,1525271,980350,64.27,0.6
2369,2021-06-28,MAR,12362,6026,6336,4614,7511,237,ITI,ITI3,11,Marche,Marche,1525271,992712,65.08,0.81
2370,2021-03-22,MAR,5703,2412,3291,2478,3178,47,ITI,ITI3,11,Marche,Marche,1525271,998415,65.46,0.37
2371,2021-01-24,MAR,881,339,542,3,878,0,ITI,ITI3,11,Marche,Marche,1525271,999296,65.52,0.06
2372,2021-06-30,MAR,13649,6663,6986,4452,8986,211,ITI,ITI3,11,Marche,Marche,1525271,1012945,66.41,0.89
2373,2021-05-04,MAR,10976,4841,6135,4927,5906,143,ITI,ITI3,11,Marche,Marche,1525271,1023921,67.13,0.72
2374,2021-04-30,MAR,14167,6205,7962,5396,8573,198,ITI,ITI3,11,Marche,Marche,1525271,1038088,68.06,0.93
2375,2021-04-11,MAR,7120,3118,4002,6685,287,148,ITI,ITI3,11,Marche,Marche,1525271,1045208,68.53,0.47
2376,2021-03-11,MAR,6635,2823,3812,5144,1412,79,ITI,ITI3,11,Marche,Marche,1525271,1051843,68.96,0.44
2377,2021-05-07,MAR,12838,5803,7035,3550,9186,102,ITI,ITI3,11,Marche,Marche,1525271,1064681,69.8,0.84
2378,2021-02-13,MAR,1093,462,631,988,82,23,ITI,ITI3,11,Marche,Marche,1525271,1065774,69.87,0.07
2379,2021-01-27,MAR,2119,778,1341,113,2004,2,ITI,ITI3,11,Marche,Marche,1525271,1067893,70.01,0.14
2380,2021-04-20,MAR,10756,5030,5726,9147,1472,137,ITI,ITI3,11,Marche,Marche,1525271,1078649,70.72,0.71
2381,2021-07-29,MAR,14845,7880,6965,4579,9955,311,ITI,ITI3,11,Marche,Marche,1525271,1093494,71.69,0.97
2382,2021-01-25,MAR,1597,559,1038,90,1507,0,ITI,ITI3,11,Marche,Marche,1525271,1095091,71.8,0.1
2383,2021-01-08,MAR,1583,592,991,1568,0,15,ITI,ITI3,11,Marche,Marche,1525271,1096674,71.9,0.1
2384,2021-04-18,MAR,8824,4132,4692,7728,921,175,ITI,ITI3,11,Marche,Marche,1525271,1105498,72.48,0.58
2385,2021-03-18,MAR,3440,1507,1933,149,3279,12,ITI,ITI3,11,Marche,Marche,1525271,1108938,72.7,0.23
2386,2021-06-26,MAR,13577,6906,6671,5688,7672,217,ITI,ITI3,11,Marche,Marche,1525271,1122515,73.59,0.89
2387,2021-05-23,MAR,9210,4284,4926,7414,1672,124,ITI,ITI3,11,Marche,Marche,1525271,1131725,74.2,0.6
2388,2021-05-06,MAR,12659,5824,6835,5356,7076,227,ITI,ITI3,11,Marche,Marche,1525271,1144384,75.03,0.83
2389,2021-02-12,MAR,1581,618,963,1404,151,26,ITI,ITI3,11,Marche,Marche,1525271,1145965,75.13,0.1
2390,2021-08-14,MAR,2400,1378,1022,1033,1318,49,ITI,ITI3,11,Marche,Marche,1525271,1148365,75.29,0.16
2391,2021-02-10,MAR,1441,452,989,1040,359,42,ITI,ITI3,11,Marche,Marche,1525271,1149806,75.38,0.09
2392,2021-06-11,MAR,14003,7156,6847,11374,2324,305,ITI,ITI3,11,Marche,Marche,1525271,1163809,76.3,0.92
2393,2021-04-09,MAR,9571,4192,5379,9149,200,222,ITI,ITI3,11,Marche,Marche,1525271,1173380,76.93,0.63
2394,2021-07-27,MAR,14364,7532,6832,3032,11106,226,ITI,ITI3,11,Marche,Marche,1525271,1187744,77.87,0.94
2395,2021-01-06,MAR,2215,804,1411,2196,0,19,ITI,ITI3,11,Marche,Marche,1525271,1189959,78.02,0.15
2396,2021-03-04,MAR,6539,2894,3645,5081,1395,63,ITI,ITI3,11,Marche,Marche,1525271,1196498,78.44,0.43
2397,2021-03-13,MAR,5807,2681,3126,1765,4002,40,ITI,ITI3,11,Marche,Marche,1525271,1202305,78.83,0.38
2398,2021-04-13,MAR,9840,4261,5579,9398,234,208,ITI,ITI3,11,Marche,Marche,1525271,1212145,79.47,0.65
2399,2021-07-05,MAR,13167,6510,6657,2918,10077,172,ITI,ITI3,11,Marche,Marche,1525271,1225312,80.33,0.86
2400,2021-06-16,MAR,13755,6912,6843,9126,4365,264,ITI,ITI3,11,Marche,Marche,1525271,1239067,81.24,0.9
2401,2021-06-02,MAR,11902,5939,5963,11028,678,196,ITI,ITI3,11,Marche,Marche,1525271,1250969,82.02,0.78
2402,2021-02-22,MAR,3461,1532,1929,3351,75,35,ITI,ITI3,11,Marche,Marche,1525271,1254430,82.24,0.23
2403,2021-08-24,MAR,6438,3400,3038,3297,2759,382,ITI,ITI3,11,Marche,Marche,1525271,1260868,82.67,0.42
2404,2021-08-05,MAR,11906,6393,5513,4080,7560,266,ITI,ITI3,11,Marche,Marche,1525271,1272774,83.45,0.78
2405,2021-03-27,MAR,7428,3098,4330,4957,2396,75,ITI,ITI3,11,Marche,Marche,1525271,1280202,83.93,0.49
2406,2021-04-10,MAR,10932,4626,6306,10371,314,247,ITI,ITI3,11,Marche,Marche,1525271,1291134,84.65,0.72
2407,2021-01-03,MAR,912,358,554,902,0,10,ITI,ITI3,11,Marche,Marche,1525271,1292046,84.71,0.06
2408,2021-05-28,MAR,13963,6741,7222,8801,4864,298,ITI,ITI3,11,Marche,Marche,1525271,1306009,85.62,0.92
2409,2021-04-01,MAR,7579,3186,4393,4065,3418,96,ITI,ITI3,11,Marche,Marche,1525271,1313588,86.12,0.5
2410,2021-09-05,MAR,194,99,95,131,37,26,ITI,ITI3,11,Marche,Marche,1525271,1313782,86.13,0.01
2411,2021-07-24,MAR,13275,7117,6158,2943,10075,257,ITI,ITI3,11,Marche,Marche,1525271,1327057,87.0,0.87
2412,2021-07-10,MAR,14160,7233,6927,1656,12301,203,ITI,ITI3,11,Marche,Marche,1525271,1341217,87.93,0.93
2413,2021-04-22,MAR,10798,4931,5867,9078,1579,141,ITI,ITI3,11,Marche,Marche,1525271,1352015,88.64,0.71
2414,2021-02-24,MAR,3534,1547,1987,3424,78,32,ITI,ITI3,11,Marche,Marche,1525271,1355549,88.87,0.23
2415,2021-03-20,MAR,4178,1759,2419,1034,3129,15,ITI,ITI3,11,Marche,Marche,1525271,1359727,89.15,0.27
2416,2021-01-22,MAR,489,168,321,193,294,2,ITI,ITI3,11,Marche,Marche,1525271,1360216,89.18,0.03
2417,2021-07-07,MAR,14258,7068,7190,2934,11081,243,ITI,ITI3,11,Marche,Marche,1525271,1374474,90.11,0.93
2418,2021-07-31,MAR,13204,7250,5954,5143,7731,330,ITI,ITI3,11,Marche,Marche,1525271,1387678,90.98,0.87
2419,2021-07-14,MAR,13851,6818,7033,1784,11875,192,ITI,ITI3,11,Marche,Marche,1525271,1401529,91.89,0.91
2420,2021-01-10,MAR,1746,702,1044,1732,0,14,ITI,ITI3,11,Marche,Marche,1525271,1403275,92.0,0.11
2421,2021-07-12,MAR,13724,6805,6919,1228,12378,118,ITI,ITI3,11,Marche,Marche,1525271,1416999,92.9,0.9
2422,2021-05-25,MAR,11769,5798,5971,8497,3052,220,ITI,ITI3,11,Marche,Marche,1525271,1428768,93.67,0.77
2423,2021-09-02,MAR,6387,3402,2985,2129,4044,214,ITI,ITI3,11,Marche,Marche,1525271,1435155,94.09,0.42
2424,2021-03-01,MAR,3772,1520,2252,3503,248,21,ITI,ITI3,11,Marche,Marche,1525271,1438927,94.34,0.25
2425,2021-06-04,MAR,14338,7290,7048,11588,2440,310,ITI,ITI3,11,Marche,Marche,1525271,1453265,95.28,0.94
2426,2021-04-08,MAR,9490,4157,5333,8960,370,160,ITI,ITI3,11,Marche,Marche,1525271,1462755,95.9,0.62
2427,2021-03-03,MAR,6701,3077,3624,5717,885,99,ITI,ITI3,11,Marche,Marche,1525271,1469456,96.34,0.44
2428,2021-01-05,MAR,1588,593,995,1569,0,19,ITI,ITI3,11,Marche,Marche,1525271,1471044,96.44,0.1
2429,2021-04-15,MAR,10378,4675,5703,9571,564,243,ITI,ITI3,11,Marche,Marche,1525271,1481422,97.13,0.68
2430,2021-02-17,MAR,1828,701,1127,1642,118,68,ITI,ITI3,11,Marche,Marche,1525271,1483250,97.25,0.12
2431,2021-07-19,MAR,14678,7531,7147,1925,12538,215,ITI,ITI3,11,Marche,Marche,1525271,1497928,98.21,0.96
2432,2021-03-08,MAR,6302,2763,3539,5189,1002,111,ITI,ITI3,11,Marche,Marche,1525271,1504230,98.62,0.41
2433,2021-02-05,MAR,2158,655,1503,438,1719,1,ITI,ITI3,11,Marche,Marche,1525271,1506388,98.76,0.14
2434,2021-05-16,MAR,10899,4958,5941,6546,4231,122,ITI,ITI3,11,Marche,Marche,1525271,1517287,99.48,0.71
2435,2021-05-30,MAR,9736,4691,5045,6546,2993,197,ITI,ITI3,11,Marche,Marche,1525271,1527023,100.11,0.64
2436,2021-04-27,MAR,9594,4390,5204,5506,3990,98,ITI,ITI3,11,Marche,Marche,1525271,1536617,100.74,0.63
2437,2021-01-17,MAR,1625,695,930,1555,64,6,ITI,ITI3,11,Marche,Marche,1525271,1538242,100.85,0.11
2438,2021-04-03,MAR,7577,3204,4373,6736,667,174,ITI,ITI3,11,Marche,Marche,1525271,1545819,101.35,0.5
2439,2021-06-25,MAR,14344,7171,7173,6418,7637,289,ITI,ITI3,11,Marche,Marche,1525271,1560163,102.29,0.94
2440,2021-03-25,MAR,6702,2794,3908,3186,3456,60,ITI,ITI3,11,Marche,Marche,1525271,1566865,102.73,0.44
2441,2021-07-03,MAR,13843,6991,6852,4136,9395,312,ITI,ITI3,11,Marche,Marche,1525271,1580708,103.63,0.91
2442,2021-02-20,MAR,4163,1732,2431,4042,111,10,ITI,ITI3,11,Marche,Marche,1525271,1584871,103.91,0.27
2443,2021-08-22,MAR,109,60,49,75,26,8,ITI,ITI3,11,Marche,Marche,1525271,1584980,103.91,0.01
2444,2021-01-20,MAR,406,100,306,384,20,2,ITI,ITI3,11,Marche,Marche,1525271,1585386,103.94,0.03
2445,2021-02-03,MAR,2129,743,1386,97,2011,21,ITI,ITI3,11,Marche,Marche,1525271,1587515,104.08,0.14
2446,2021-05-14,MAR,13638,6294,7344,6506,6915,217,ITI,ITI3,11,Marche,Marche,1525271,1601153,104.97,0.89
2447,2021-07-02,MAR,14554,7179,7375,4675,9648,231,ITI,ITI3,11,Marche,Marche,1525271,1615707,105.93,0.95
2448,2021-06-18,MAR,15346,7647,7699,8293,6753,300,ITI,ITI3,11,Marche,Marche,1525271,1631053,106.94,1.01
2449,2021-08-07,MAR,9452,5193,4259,3472,5742,238,ITI,ITI3,11,Marche,Marche,1525271,1640505,107.55,0.62
2450,2021-07-21,MAR,14920,7617,7303,2064,12643,213,ITI,ITI3,11,Marche,Marche,1525271,1655425,108.53,0.98
2451,2021-04-29,MAR,13451,6159,7292,7161,6107,183,ITI,ITI3,11,Marche,Marche,1525271,1668876,109.42,0.88
2452,2021-08-17,MAR,7594,4040,3554,3085,4285,224,ITI,ITI3,11,Marche,Marche,1525271,1676470,109.91,0.5
2453,2021-06-21,MAR,12607,6184,6423,5479,6881,247,ITI,ITI3,11,Marche,Marche,1525271,1689077,110.74,0.83
2454,2021-05-09,MAR,8867,4022,4845,3560,5230,77,ITI,ITI3,11,Marche,Marche,1525271,1697944,111.32,0.58
2455,2021-03-06,MAR,5739,2642,3097,4419,1268,52,ITI,ITI3,11,Marche,Marche,1525271,1703683,111.7,0.38
2456,2021-06-14,MAR,12838,6486,6352,9256,3310,272,ITI,ITI3,11,Marche,Marche,1525271,1716521,112.54,0.84
2457,2021-08-28,MAR,3145,1696,1449,1201,1800,144,ITI,ITI3,11,Marche,Marche,1525271,1719666,112.74,0.21
2458,2021-01-29,MAR,1994,731,1263,155,1834,5,ITI,ITI3,11,Marche,Marche,1525271,1721660,112.88,0.13
2459,2021-05-18,MAR,11273,5348,5925,7490,3604,179,ITI,ITI3,11,Marche,Marche,1525271,1732933,113.61,0.74
2460,2021-08-26,MAR,5680,3027,2653,2775,2545,360,ITI,ITI3,11,Marche,Marche,1525271,1738613,113.99,0.37
2461,2021-08-21,MAR,2978,1664,1314,1492,1312,174,ITI,ITI3,11,Marche,Marche,1525271,1741591,114.18,0.2
2462,2021-05-11,MAR,10624,4831,5793,5489,4943,192,ITI,ITI3,11,Marche,Marche,1525271,1752215,114.88,0.7
2463,2021-03-15,MAR,4452,2061,2391,1291,3140,21,ITI,ITI3,11,Marche,Marche,1525271,1756667,115.17,0.29
2464,2021-08-19,MAR,6272,3346,2926,3490,2453,329,ITI,ITI3,11,Marche,Marche,1525271,1762939,115.58,0.41
2465,2021-06-23,MAR,13892,6818,7074,6626,7010,256,ITI,ITI3,11,Marche,Marche,1525271,1776831,116.49,0.91
2466,2021-04-24,MAR,12172,5366,6806,7557,4467,148,ITI,ITI3,11,Marche,Marche,1525271,1789003,117.29,0.8
2467,2021-02-26,MAR,3681,1523,2158,3096,480,105,ITI,ITI3,11,Marche,Marche,1525271,1792684,117.53,0.24
2468,2021-05-12,MAR,10433,4692,5741,4733,5505,195,ITI,ITI3,11,Marche,Marche,1525271,1803117,118.22,0.68
2469,2021-08-20,MAR,4963,2693,2270,2952,1687,324,ITI,ITI3,11,Marche,Marche,1525271,1808080,118.54,0.33
2470,2021-09-03,MAR,6442,3387,3055,2194,3967,281,ITI,ITI3,11,Marche,Marche,1525271,1814522,118.96,0.42
2471,2021-07-08,MAR,15040,7539,7501,2787,12027,226,ITI,ITI3,11,Marche,Marche,1525271,1829562,119.95,0.99
2472,2021-08-27,MAR,5714,3049,2665,2800,2513,401,ITI,ITI3,11,Marche,Marche,1525271,1835276,120.32,0.37
2473,2021-07-01,MAR,14696,7367,7329,4659,9759,278,ITI,ITI3,11,Marche,Marche,1525271,1849972,121.29,0.96
2474,2021-02-15,MAR,967,412,555,939,13,15,ITI,ITI3,11,Marche,Marche,1525271,1850939,121.35,0.06
2475,2021-05-26,MAR,11889,5952,5937,8448,3227,214,ITI,ITI3,11,Marche,Marche,1525271,1862828,122.13,0.78
2476,2021-03-30,MAR,7486,3079,4407,4576,2834,76,ITI,ITI3,11,Marche,Marche,1525271,1870314,122.62,0.49
2477,2021-02-01,MAR,1362,479,883,93,1266,3,ITI,ITI3,11,Marche,Marche,1525271,1871676,122.71,0.09
2478,2021-04-06,MAR,8877,3693,5184,7930,810,137,ITI,ITI3,11,Marche,Marche,1525271,1880553,123.29,0.58
2479,2021-03-23,MAR,5839,2557,3282,2225,3576,38,ITI,ITI3,11,Marche,Marche,1525271,1886392,123.68,0.38
2480,2021-02-08,MAR,834,259,575,366,463,5,ITI,ITI3,11,Marche,Marche,1525271,1887226,123.73,0.05
2481,2021-07-15,MAR,16009,8286,7723,1750,14031,228,ITI,ITI3,11,Marche,Marche,1525271,1903235,124.78,1.05
2482,2021-05-19,MAR,11665,5364,6301,8367,3101,197,ITI,ITI3,11,Marche,Marche,1525271,1914900,125.54,0.76
2483,2021-04-17,MAR,11705,5317,6388,10393,1073,239,ITI,ITI3,11,Marche,Marche,1525271,1926605,126.31,0.77
2484,2021-07-26,MAR,11031,5737,5294,2111,8715,205,ITI,ITI3,11,Marche,Marche,1525271,1937636,127.04,0.72
2485,2021-08-09,MAR,9095,4828,4267,4052,4770,273,ITI,ITI3,11,Marche,Marche,1525271,1946731,127.63,0.6
2486,2021-06-13,MAR,10752,5566,5186,9203,1299,250,ITI,ITI3,11,Marche,Marche,1525271,1957483,128.34,0.7
2487,2020-12-27,MAR,209,100,109,207,0,2,ITI,ITI3,11,Marche,Marche,1525271,1957692,128.35,0.01
2488,2021-08-02,MAR,11725,6209,5516,4599,6868,258,ITI,ITI3,11,Marche,Marche,1525271,1969417,129.12,0.77
2489,2021-06-06,MAR,12453,6138,6315,10639,1578,236,ITI,ITI3,11,Marche,Marche,1525271,1981870,129.94,0.82
2490,2021-03-28,FVG,4947,2356,2591,4691,158,98,ITH,ITH4,6,Friuli-Venezia Giulia,Friuli Venezia Giulia,1215220,4947,0.41,0.41
2491,2021-01-18,FVG,1964,608,1356,1870,94,0,ITH,ITH4,6,Friuli-Venezia Giulia,Friuli Venezia Giulia,1215220,6911,0.57,0.16
2492,2021-01-04,FVG,1509,560,949,1509,0,0,ITH,ITH4,6,Friuli-Venezia Giulia,Friuli Venezia Giulia,1215220,8420,0.69,0.12
2493,2021-07-08,FVG,13116,7087,6029,1363,11571,182,ITH,ITH4,6,Friuli-Venezia Giulia,Friuli Venezia Giulia,1215220,21536,1.77,1.08
2494,2021-02-04,FVG,2728,808,1920,35,2693,0,ITH,ITH4,6,Friuli-Venezia Giulia,Friuli Venezia Giulia,1215220,24264,2.0,0.22
2495,2021-08-08,FVG,4329,2352,1977,1918,2320,91,ITH,ITH4,6,Friuli-Venezia Giulia,Friuli Venezia Giulia,1215220,28593,2.35,0.36
2496,2021-04-30,FVG,7417,3270,4147,3577,3666,174,ITH,ITH4,6,Friuli-Venezia Giulia,Friuli Venezia Giulia,1215220,36010,2.96,0.61
2497,2021-04-28,FVG,7343,3242,4101,3692,3515,136,ITH,ITH4,6,Friuli-Venezia Giulia,Friuli Venezia Giulia,1215220,43353,3.57,0.6
2498,2021-01-23,FVG,816,323,493,5,811,0,ITH,ITH4,6,Friuli-Venezia Giulia,Friuli Venezia Giulia,1215220,44169,3.63,0.07
2499,2021-08-29,FVG,3147,1773,1374,1793,1254,100,ITH,ITH4,6,Friuli-Venezia Giulia,Friuli Venezia Giulia,1215220,47316,3.89,0.26
2500,2021-06-24,FVG,11124,5675,5449,1898,9116,110,ITH,ITH4,6,Friuli-Venezia Giulia,Friuli Venezia Giulia,1215220,58440,4.81,0.92
2501,2021-03-16,FVG,3193,1302,1891,1023,2085,85,ITH,ITH4,6,Friuli-Venezia Giulia,Friuli Venezia Giulia,1215220,61633,5.07,0.26
2502,2021-08-20,FVG,6245,3530,2715,2676,3296,273,ITH,ITH4,6,Friuli-Venezia Giulia,Friuli Venezia Giulia,1215220,67878,5.59,0.51
2503,2021-05-12,FVG,11197,5179,6018,9353,1432,412,ITH,ITH4,6,Friuli-Venezia Giulia,Friuli Venezia Giulia,1215220,79075,6.51,0.92
2504,2021-01-30,FVG,2284,745,1539,270,2014,0,ITH,ITH4,6,Friuli-Venezia Giulia,Friuli Venezia Giulia,1215220,81359,6.7,0.19
2505,2021-07-13,FVG,11085,5713,5372,1172,9762,151,ITH,ITH4,6,Friuli-Venezia Giulia,Friuli Venezia Giulia,1215220,92444,7.61,0.91
2506,2021-07-20,FVG,9407,4931,4476,2446,6662,299,ITH,ITH4,6,Friuli-Venezia Giulia,Friuli Venezia Giulia,1215220,101851,8.38,0.77
2507,2021-08-03,FVG,10174,5360,4814,5252,4557,365,ITH,ITH4,6,Friuli-Venezia Giulia,Friuli Venezia Giulia,1215220,112025,9.22,0.84
2508,2021-04-11,FVG,3435,1519,1916,2415,907,113,ITH,ITH4,6,Friuli-Venezia Giulia,Friuli Venezia Giulia,1215220,115460,9.5,0.28
2509,2021-06-07,FVG,9228,4785,4443,7845,999,384,ITH,ITH4,6,Friuli-Venezia Giulia,Friuli Venezia Giulia,1215220,124688,10.26,0.76
2510,2020-12-28,FVG,1,0,1,1,0,0,ITH,ITH4,6,Friuli-Venezia Giulia,Friuli Venezia Giulia,1215220,124689,10.26,0.0
2511,2021-05-24,FVG,11481,5557,5924,7529,3649,303,ITH,ITH4,6,Friuli-Venezia Giulia,Friuli Venezia Giulia,1215220,136170,11.21,0.94
2512,2021-02-13,FVG,568,180,388,560,6,2,ITH,ITH4,6,Friuli-Venezia Giulia,Friuli Venezia Giulia,1215220,136738,11.25,0.05
2513,2021-08-15,FVG,1,1,0,0,1,0,ITH,ITH4,6,Friuli-Venezia Giulia,Friuli Venezia Giulia,1215220,136739,11.25,0.0
2514,2021-03-02,FVG,4224,1520,2704,2702,1500,22,ITH,ITH4,6,Friuli-Venezia Giulia,Friuli Venezia Giulia,1215220,140963,11.6,0.35
2515,2021-09-03,FVG,3943,2038,1905,2027,1653,263,ITH,ITH4,6,Friuli-Venezia Giulia,Friuli Venezia Giulia,1215220,144906,11.92,0.32
2516,2021-03-04,FVG,3460,1600,1860,2770,661,29,ITH,ITH4,6,Friuli-Venezia Giulia,Friuli Venezia Giulia,1215220,148366,12.21,0.28
2517,2021-06-12,FVG,8236,4720,3516,6801,1161,274,ITH,ITH4,6,Friuli-Venezia Giulia,Friuli Venezia Giulia,1215220,156602,12.89,0.68
2518,2021-02-18,FVG,3230,1503,1727,2804,408,18,ITH,ITH4,6,Friuli-Venezia Giulia,Friuli Venezia Giulia,1215220,159832,13.15,0.27
2519,2021-04-02,FVG,6609,2938,3671,4639,1841,129,ITH,ITH4,6,Friuli-Venezia Giulia,Friuli Venezia Giulia,1215220,166441,13.7,0.54
2520,2021-02-06,FVG,1155,339,816,21,1133,1,ITH,ITH4,6,Friuli-Venezia Giulia,Friuli Venezia Giulia,1215220,167596,13.79,0.1
2521,2021-02-23,FVG,2650,1280,1370,2462,181,7,ITH,ITH4,6,Friuli-Venezia Giulia,Friuli Venezia Giulia,1215220,170246,14.01,0.22
2522,2021-05-17,FVG,8847,4111,4736,6080,2498,269,ITH,ITH4,6,Friuli-Venezia Giulia,Friuli Venezia Giulia,1215220,179093,14.74,0.73
2523,2021-03-09,FVG,4023,1729,2294,1243,2756,24,ITH,ITH4,6,Friuli-Venezia Giulia,Friuli Venezia Giulia,1215220,183116,15.07,0.33
2524,2021-08-27,FVG,6158,3321,2837,1389,4558,211,ITH,ITH4,6,Friuli-Venezia Giulia,Friuli Venezia Giulia,1215220,189274,15.58,0.51
2525,2021-06-19,FVG,8569,4467,4102,1353,7151,65,ITH,ITH4,6,Friuli-Venezia Giulia,Friuli Venezia Giulia,1215220,197843,16.28,0.71
2526,2021-05-05,FVG,9803,4279,5524,6081,3478,244,ITH,ITH4,6,Friuli-Venezia Giulia,Friuli Venezia Giulia,1215220,207646,17.09,0.81
2527,2021-01-25,FVG,1595,571,1024,200,1395,0,ITH,ITH4,6,Friuli-Venezia Giulia,Friuli Venezia Giulia,1215220,209241,17.22,0.13
2528,2021-07-01,FVG,12388,6446,5942,2641,9491,256,ITH,ITH4,6,Friuli-Venezia Giulia,Friuli Venezia Giulia,1215220,221629,18.24,1.02
2529,2021-03-23,FVG,3909,1697,2212,1743,2145,21,ITH,ITH4,6,Friuli-Venezia Giulia,Friuli Venezia Giulia,1215220,225538,18.56,0.32
2530,2021-01-16,FVG,1232,362,870,1232,0,0,ITH,ITH4,6,Friuli-Venezia Giulia,Friuli Venezia Giulia,1215220,226770,18.66,0.1
2531,2021-07-03,FVG,11431,6096,5335,1097,10186,148,ITH,ITH4,6,Friuli-Venezia Giulia,Friuli Venezia Giulia,1215220,238201,19.6,0.94
2532,2021-03-25,FVG,5543,2431,3112,3331,2140,72,ITH,ITH4,6,Friuli-Venezia Giulia,Friuli Venezia Giulia,1215220,243744,20.06,0.46
2533,2021-08-22,FVG,2055,1179,876,785,1233,37,ITH,ITH4,6,Friuli-Venezia Giulia,Friuli Venezia Giulia,1215220,245799,20.23,0.17
2534,2021-05-19,FVG,12133,5990,6143,9326,2373,434,ITH,ITH4,6,Friuli-Venezia Giulia,Friuli Venezia Giulia,1215220,257932,21.23,1.0
2535,2021-03-14,FVG,1403,554,849,1125,252,26,ITH,ITH4,6,Friuli-Venezia Giulia,Friuli Venezia Giulia,1215220,259335,21.34,0.12
2536,2021-04-04,FVG,4,2,2,2,2,0,ITH,ITH4,6,Friuli-Venezia Giulia,Friuli Venezia Giulia,1215220,259339,21.34,0.0
2537,2021-06-26,FVG,10390,5301,5089,4146,6174,70,ITH,ITH4,6,Friuli-Venezia Giulia,Friuli Venezia Giulia,1215220,269729,22.2,0.85
2538,2021-04-21,FVG,7785,3471,4314,4020,3684,81,ITH,ITH4,6,Friuli-Venezia Giulia,Friuli Venezia Giulia,1215220,277514,22.84,0.64
2539,2021-01-11,FVG,1895,613,1282,1894,0,1,ITH,ITH4,6,Friuli-Venezia Giulia,Friuli Venezia Giulia,1215220,279409,22.99,0.16
2540,2021-07-15,FVG,10093,5142,4951,944,8905,244,ITH,ITH4,6,Friuli-Venezia Giulia,Friuli Venezia Giulia,1215220,289502,23.82,0.83
2541,2021-04-23,FVG,7563,3428,4135,3522,3902,139,ITH,ITH4,6,Friuli-Venezia Giulia,Friuli Venezia Giulia,1215220,297065,24.45,0.62
2542,2021-08-01,FVG,3599,1928,1671,1479,1873,247,ITH,ITH4,6,Friuli-Venezia Giulia,Friuli Venezia Giulia,1215220,300664,24.74,0.3
2543,2021-05-31,FVG,8958,4447,4511,6478,2229,251,ITH,ITH4,6,Friuli-Venezia Giulia,Friuli Venezia Giulia,1215220,309622,25.48,0.74
2544,2021-07-27,FVG,9519,4787,4732,2651,6643,225,ITH,ITH4,6,Friuli-Venezia Giulia,Friuli Venezia Giulia,1215220,319141,26.26,0.78
2545,2021-03-21,FVG,2675,1002,1673,2213,410,52,ITH,ITH4,6,Friuli-Venezia Giulia,Friuli Venezia Giulia,1215220,321816,26.48,0.22
2546,2021-01-27,FVG,1272,426,846,449,821,2,ITH,ITH4,6,Friuli-Venezia Giulia,Friuli Venezia Giulia,1215220,323088,26.59,0.1
2547,2021-04-16,FVG,7015,3053,3962,4939,1942,134,ITH,ITH4,6,Friuli-Venezia Giulia,Friuli Venezia Giulia,1215220,330103,27.16,0.58
2548,2021-01-06,FVG,716,265,451,716,0,0,ITH,ITH4,6,Friuli-Venezia Giulia,Friuli Venezia Giulia,1215220,330819,27.22,0.06
2549,2021-02-11,FVG,1968,678,1290,1739,225,4,ITH,ITH4,6,Friuli-Venezia Giulia,Friuli Venezia Giulia,1215220,332787,27.38,0.16
2550,2021-04-09,FVG,8055,3736,4319,6576,1305,174,ITH,ITH4,6,Friuli-Venezia Giulia,Friuli Venezia Giulia,1215220,340842,28.05,0.66
2551,2021-06-04,FVG,12172,6238,5934,10284,1454,434,ITH,ITH4,6,Friuli-Venezia Giulia,Friuli Venezia Giulia,1215220,353014,29.05,1.0
2552,2021-07-05,FVG,9597,4881,4716,1320,8134,143,ITH,ITH4,6,Friuli-Venezia Giulia,Friuli Venezia Giulia,1215220,362611,29.84,0.79
2553,2021-06-21,FVG,9218,4508,4710,1828,7252,138,ITH,ITH4,6,Friuli-Venezia Giulia,Friuli Venezia Giulia,1215220,371829,30.6,0.76
2554,2021-03-13,FVG,2947,1125,1822,1660,1274,13,ITH,ITH4,6,Friuli-Venezia Giulia,Friuli Venezia Giulia,1215220,374776,30.84,0.24
2555,2021-03-30,FVG,7622,3407,4215,6287,1200,135,ITH,ITH4,6,Friuli-Venezia Giulia,Friuli Venezia Giulia,1215220,382398,31.47,0.63
2556,2021-07-10,FVG,8807,4546,4261,143,8638,26,ITH,ITH4,6,Friuli-Venezia Giulia,Friuli Venezia Giulia,1215220,391205,32.19,0.72
2557,2021-04-08,FVG,7471,3235,4236,5407,1930,134,ITH,ITH4,6,Friuli-Venezia Giulia,Friuli Venezia Giulia,1215220,398676,32.81,0.61
2558,2021-05-21,FVG,11294,5044,6250,7915,3034,345,ITH,ITH4,6,Friuli-Venezia Giulia,Friuli Venezia Giulia,1215220,409970,33.74,0.93
2559,2021-02-10,FVG,1353,499,854,1265,88,0,ITH,ITH4,6,Friuli-Venezia Giulia,Friuli Venezia Giulia,1215220,411323,33.85,0.11
2560,2021-07-17,FVG,7388,3964,3424,620,6684,84,ITH,ITH4,6,Friuli-Venezia Giulia,Friuli Venezia Giulia,1215220,418711,34.46,0.61
2561,2021-02-01,FVG,2106,690,1416,17,2089,0,ITH,ITH4,6,Friuli-Venezia Giulia,Friuli Venezia Giulia,1215220,420817,34.63,0.17
2562,2021-08-31,FVG,7543,4038,3505,1347,6004,192,ITH,ITH4,6,Friuli-Venezia Giulia,Friuli Venezia Giulia,1215220,428360,35.25,0.62
2563,2021-05-14,FVG,10864,5400,5464,7929,2638,297,ITH,ITH4,6,Friuli-Venezia Giulia,Friuli Venezia Giulia,1215220,439224,36.14,0.89
2564,2021-02-03,FVG,2650,792,1858,22,2627,1,ITH,ITH4,6,Friuli-Venezia Giulia,Friuli Venezia Giulia,1215220,441874,36.36,0.22
2565,2021-06-09,FVG,11366,5983,5383,9493,1400,473,ITH,ITH4,6,Friuli-Venezia Giulia,Friuli Venezia Giulia,1215220,453240,37.3,0.94
2566,2021-02-27,FVG,3538,1204,2334,3520,1,17,ITH,ITH4,6,Friuli-Venezia Giulia,Friuli Venezia Giulia,1215220,456778,37.59,0.29
2567,2021-04-25,FVG,2382,992,1390,2188,13,181,ITH,ITH4,6,Friuli-Venezia Giulia,Friuli Venezia Giulia,1215220,459160,37.78,0.2
2568,2021-01-01,FVG,2,2,0,2,0,0,ITH,ITH4,6,Friuli-Venezia Giulia,Friuli Venezia Giulia,1215220,459162,37.78,0.0
2569,2021-01-15,FVG,2022,606,1416,2021,0,1,ITH,ITH4,6,Friuli-Venezia Giulia,Friuli Venezia Giulia,1215220,461184,37.95,0.17
2570,2021-03-11,FVG,3484,1520,1964,1715,1754,15,ITH,ITH4,6,Friuli-Venezia Giulia,Friuli Venezia Giulia,1215220,464668,38.24,0.29
2571,2021-04-13,FVG,7396,3299,4097,5657,1611,128,ITH,ITH4,6,Friuli-Venezia Giulia,Friuli Venezia Giulia,1215220,472064,38.85,0.61
2572,2021-01-03,FVG,313,123,190,313,0,0,ITH,ITH4,6,Friuli-Venezia Giulia,Friuli Venezia Giulia,1215220,472377,38.87,0.03
2573,2021-07-22,FVG,7719,4105,3614,3269,4147,303,ITH,ITH4,6,Friuli-Venezia Giulia,Friuli Venezia Giulia,1215220,480096,39.51,0.64
2574,2021-01-20,FVG,754,322,432,18,736,0,ITH,ITH4,6,Friuli-Venezia Giulia,Friuli Venezia Giulia,1215220,480850,39.57,0.06
2575,2021-05-07,FVG,10944,5009,5935,7185,3561,198,ITH,ITH4,6,Friuli-Venezia Giulia,Friuli Venezia Giulia,1215220,491794,40.47,0.9
2576,2021-05-09,FVG,7387,3317,4070,3376,3877,134,ITH,ITH4,6,Friuli-Venezia Giulia,Friuli Venezia Giulia,1215220,499181,41.08,0.61
2577,2021-07-31,FVG,7362,3784,3578,1269,6003,90,ITH,ITH4,6,Friuli-Venezia Giulia,Friuli Venezia Giulia,1215220,506543,41.68,0.61
2578,2021-08-17,FVG,3505,1886,1619,2671,599,235,ITH,ITH4,6,Friuli-Venezia Giulia,Friuli Venezia Giulia,1215220,510048,41.97,0.29
2579,2021-05-26,FVG,13473,6729,6744,9652,3467,354,ITH,ITH4,6,Friuli-Venezia Giulia,Friuli Venezia Giulia,1215220,523521,43.08,1.11
2580,2021-02-15,FVG,2461,914,1547,2201,254,6,ITH,ITH4,6,Friuli-Venezia Giulia,Friuli Venezia Giulia,1215220,525982,43.28,0.2
2581,2021-07-24,FVG,6169,3335,2834,2917,3080,172,ITH,ITH4,6,Friuli-Venezia Giulia,Friuli Venezia Giulia,1215220,532151,43.79,0.51
2582,2021-08-24,FVG,6599,3569,3030,723,5743,133,ITH,ITH4,6,Friuli-Venezia Giulia,Friuli Venezia Giulia,1215220,538750,44.33,0.54
2583,2021-08-10,FVG,7291,4067,3224,5274,1657,360,ITH,ITH4,6,Friuli-Venezia Giulia,Friuli Venezia Giulia,1215220,546041,44.93,0.6
2584,2021-05-02,FVG,6915,3256,3659,3809,2964,142,ITH,ITH4,6,Friuli-Venezia Giulia,Friuli Venezia Giulia,1215220,552956,45.5,0.57
2585,2021-05-16,FVG,10026,4801,5225,8376,1406,244,ITH,ITH4,6,Friuli-Venezia Giulia,Friuli Venezia Giulia,1215220,562982,46.33,0.83
2586,2021-03-01,FVG,2969,1044,1925,2892,53,24,ITH,ITH4,6,Friuli-Venezia Giulia,Friuli Venezia Giulia,1215220,565951,46.57,0.24
2587,2021-03-18,FVG,3378,1424,1954,1684,1686,8,ITH,ITH4,6,Friuli-Venezia Giulia,Friuli Venezia Giulia,1215220,569329,46.85,0.28
2588,2021-06-28,FVG,9925,5001,4924,2150,7712,63,ITH,ITH4,6,Friuli-Venezia Giulia,Friuli Venezia Giulia,1215220,579254,47.67,0.82
2589,2021-03-20,FVG,3409,1413,1996,1300,2095,14,ITH,ITH4,6,Friuli-Venezia Giulia,Friuli Venezia Giulia,1215220,582663,47.95,0.28
2590,2021-01-13,FVG,2657,837,1820,2656,0,1,ITH,ITH4,6,Friuli-Venezia Giulia,Friuli Venezia Giulia,1215220,585320,48.17,0.22
2591,2021-04-06,FVG,6691,3142,3549,5427,1157,107,ITH,ITH4,6,Friuli-Venezia Giulia,Friuli Venezia Giulia,1215220,592011,48.72,0.55
2592,2020-12-27,FVG,262,149,113,261,0,1,ITH,ITH4,6,Friuli-Venezia Giulia,Friuli Venezia Giulia,1215220,592273,48.74,0.02
2593,2021-02-12,FVG,1195,428,767,1142,49,4,ITH,ITH4,6,Friuli-Venezia Giulia,Friuli Venezia Giulia,1215220,593468,48.84,0.1
2594,2021-02-08,FVG,2361,697,1664,90,2270,1,ITH,ITH4,6,Friuli-Venezia Giulia,Friuli Venezia Giulia,1215220,595829,49.03,0.19
2595,2021-04-18,FVG,6063,2814,3249,5420,410,233,ITH,ITH4,6,Friuli-Venezia Giulia,Friuli Venezia Giulia,1215220,601892,49.53,0.5
2596,2021-01-08,FVG,2344,751,1593,2344,0,0,ITH,ITH4,6,Friuli-Venezia Giulia,Friuli Venezia Giulia,1215220,604236,49.72,0.19
2597,2021-06-14,FVG,10321,5010,5311,5191,4838,292,ITH,ITH4,6,Friuli-Venezia Giulia,Friuli Venezia Giulia,1215220,614557,50.57,0.85
2598,2021-02-20,FVG,2079,942,1137,1932,144,3,ITH,ITH4,6,Friuli-Venezia Giulia,Friuli Venezia Giulia,1215220,616636,50.74,0.17
2599,2021-01-22,FVG,117,56,61,28,89,0,ITH,ITH4,6,Friuli-Venezia Giulia,Friuli Venezia Giulia,1215220,616753,50.75,0.01
2600,2021-03-06,FVG,3513,1201,2312,3154,327,32,ITH,ITH4,6,Friuli-Venezia Giulia,Friuli Venezia Giulia,1215220,620266,51.04,0.29
2601,2021-08-14,FVG,199,147,52,181,4,14,ITH,ITH4,6,Friuli-Venezia Giulia,Friuli Venezia Giulia,1215220,620465,51.06,0.02
2602,2021-08-28,FVG,2891,1571,1320,1776,957,158,ITH,ITH4,6,Friuli-Venezia Giulia,Friuli Venezia Giulia,1215220,623356,51.3,0.24
2603,2021-05-06,FVG,11978,5568,6410,7713,3985,280,ITH,ITH4,6,Friuli-Venezia Giulia,Friuli Venezia Giulia,1215220,635334,52.28,0.99
2604,2021-07-02,FVG,11116,5748,5368,2116,8808,192,ITH,ITH4,6,Friuli-Venezia Giulia,Friuli Venezia Giulia,1215220,646450,53.2,0.91
2605,2021-06-13,FVG,8714,4537,4177,5174,3329,211,ITH,ITH4,6,Friuli-Venezia Giulia,Friuli Venezia Giulia,1215220,655164,53.91,0.72
2606,2021-07-26,FVG,8559,4268,4291,1778,6571,210,ITH,ITH4,6,Friuli-Venezia Giulia,Friuli Venezia Giulia,1215220,663723,54.62,0.7
2607,2021-04-17,FVG,7468,3240,4228,5821,1484,163,ITH,ITH4,6,Friuli-Venezia Giulia,Friuli Venezia Giulia,1215220,671191,55.23,0.61
2608,2021-07-28,FVG,10501,5355,5146,4008,6041,452,ITH,ITH4,6,Friuli-Venezia Giulia,Friuli Venezia Giulia,1215220,681692,56.1,0.86
2609,2021-07-19,FVG,9444,4938,4506,852,8438,154,ITH,ITH4,6,Friuli-Venezia Giulia,Friuli Venezia Giulia,1215220,691136,56.87,0.78
2610,2021-04-10,FVG,5060,2217,2843,3753,1230,77,ITH,ITH4,6,Friuli-Venezia Giulia,Friuli Venezia Giulia,1215220,696196,57.29,0.42
2611,2021-02-22,FVG,2494,1199,1295,2070,419,5,ITH,ITH4,6,Friuli-Venezia Giulia,Friuli Venezia Giulia,1215220,698690,57.49,0.21
2612,2021-06-02,FVG,9429,4963,4466,8816,282,331,ITH,ITH4,6,Friuli-Venezia Giulia,Friuli Venezia Giulia,1215220,708119,58.27,0.78
2613,2021-08-09,FVG,7836,4193,3643,2370,5282,184,ITH,ITH4,6,Friuli-Venezia Giulia,Friuli Venezia Giulia,1215220,715955,58.92,0.64
2614,2021-07-29,FVG,9606,4897,4709,3225,6085,296,ITH,ITH4,6,Friuli-Venezia Giulia,Friuli Venezia Giulia,1215220,725561,59.71,0.79
2615,2021-04-20,FVG,7147,3079,4068,3099,3920,128,ITH,ITH4,6,Friuli-Venezia Giulia,Friuli Venezia Giulia,1215220,732708,60.29,0.59
2616,2021-05-23,FVG,10295,4868,5427,5923,4158,214,ITH,ITH4,6,Friuli-Venezia Giulia,Friuli Venezia Giulia,1215220,743003,61.14,0.85
2617,2021-01-07,FVG,2108,726,1382,2108,0,0,ITH,ITH4,6,Friuli-Venezia Giulia,Friuli Venezia Giulia,1215220,745111,61.31,0.17
2618,2021-03-05,FVG,3833,1543,2290,2731,1079,23,ITH,ITH4,6,Friuli-Venezia Giulia,Friuli Venezia Giulia,1215220,748944,61.63,0.32
2619,2021-04-19,FVG,6733,3142,3591,3215,3426,92,ITH,ITH4,6,Friuli-Venezia Giulia,Friuli Venezia Giulia,1215220,755677,62.18,0.55
2620,2021-01-09,FVG,2534,846,1688,2533,0,1,ITH,ITH4,6,Friuli-Venezia Giulia,Friuli Venezia Giulia,1215220,758211,62.39,0.21
2621,2021-06-15,FVG,12174,6196,5978,5356,6541,277,ITH,ITH4,6,Friuli-Venezia Giulia,Friuli Venezia Giulia,1215220,770385,63.39,1.0
2622,2021-03-07,FVG,2557,939,1618,2497,1,59,ITH,ITH4,6,Friuli-Venezia Giulia,Friuli Venezia Giulia,1215220,772942,63.61,0.21
2623,2020-12-31,FVG,1048,381,667,1047,0,1,ITH,ITH4,6,Friuli-Venezia Giulia,Friuli Venezia Giulia,1215220,773990,63.69,0.09
2624,2021-06-18,FVG,10979,5420,5559,3403,7312,264,ITH,ITH4,6,Friuli-Venezia Giulia,Friuli Venezia Giulia,1215220,784969,64.59,0.9
2625,2021-03-10,FVG,3602,1711,1891,1747,1796,59,ITH,ITH4,6,Friuli-Venezia Giulia,Friuli Venezia Giulia,1215220,788571,64.89,0.3
2626,2021-02-24,FVG,2532,1093,1439,2503,18,11,ITH,ITH4,6,Friuli-Venezia Giulia,Friuli Venezia Giulia,1215220,791103,65.1,0.21
2627,2021-03-27,FVG,5382,2921,2461,3922,1412,48,ITH,ITH4,6,Friuli-Venezia Giulia,Friuli Venezia Giulia,1215220,796485,65.54,0.44
2628,2021-01-10,FVG,2942,919,2023,2942,0,0,ITH,ITH4,6,Friuli-Venezia Giulia,Friuli Venezia Giulia,1215220,799427,65.78,0.24
2629,2021-07-14,FVG,10911,5583,5328,1258,9461,192,ITH,ITH4,6,Friuli-Venezia Giulia,Friuli Venezia Giulia,1215220,810338,66.68,0.9
2630,2021-04-05,FVG,2912,1449,1463,2834,16,62,ITH,ITH4,6,Friuli-Venezia Giulia,Friuli Venezia Giulia,1215220,813250,66.92,0.24
2631,2021-01-12,FVG,2272,718,1554,2272,0,0,ITH,ITH4,6,Friuli-Venezia Giulia,Friuli Venezia Giulia,1215220,815522,67.11,0.19
2632,2021-01-29,FVG,2419,815,1604,266,2153,0,ITH,ITH4,6,Friuli-Venezia Giulia,Friuli Venezia Giulia,1215220,817941,67.31,0.2
2633,2021-04-22,FVG,6801,3093,3708,3034,3695,72,ITH,ITH4,6,Friuli-Venezia Giulia,Friuli Venezia Giulia,1215220,824742,67.87,0.56
2634,2021-08-02,FVG,9029,4638,4391,2858,5915,256,ITH,ITH4,6,Friuli-Venezia Giulia,Friuli Venezia Giulia,1215220,833771,68.61,0.74
2635,2021-04-03,FVG,4022,1994,2028,2623,1339,60,ITH,ITH4,6,Friuli-Venezia Giulia,Friuli Venezia Giulia,1215220,837793,68.94,0.33
2636,2021-06-10,FVG,11590,6034,5556,9700,1485,405,ITH,ITH4,6,Friuli-Venezia Giulia,Friuli Venezia Giulia,1215220,849383,69.9,0.95
2637,2021-09-02,FVG,6882,3715,3167,1882,4778,222,ITH,ITH4,6,Friuli-Venezia Giulia,Friuli Venezia Giulia,1215220,856265,70.46,0.57
2638,2021-05-25,FVG,12961,6408,6553,9288,3328,345,ITH,ITH4,6,Friuli-Venezia Giulia,Friuli Venezia Giulia,1215220,869226,71.53,1.07
2639,2021-08-16,FVG,4798,2583,2215,2673,1876,249,ITH,ITH4,6,Friuli-Venezia Giulia,Friuli Venezia Giulia,1215220,874024,71.92,0.39
2640,2021-06-11,FVG,10942,5967,4975,9643,838,461,ITH,ITH4,6,Friuli-Venezia Giulia,Friuli Venezia Giulia,1215220,884966,72.82,0.9
2641,2021-03-03,FVG,3657,1642,2015,2350,1277,30,ITH,ITH4,6,Friuli-Venezia Giulia,Friuli Venezia Giulia,1215220,888623,73.12,0.3
2642,2021-09-04,FVG,2786,1509,1277,1597,992,197,ITH,ITH4,6,Friuli-Venezia Giulia,Friuli Venezia Giulia,1215220,891409,73.35,0.23
2643,2021-05-27,FVG,12865,6158,6707,7394,5247,224,ITH,ITH4,6,Friuli-Venezia Giulia,Friuli Venezia Giulia,1215220,904274,74.41,1.06
2644,2021-07-30,FVG,9072,4729,4343,2769,6040,263,ITH,ITH4,6,Friuli-Venezia Giulia,Friuli Venezia Giulia,1215220,913346,75.16,0.75
2645,2021-01-28,FVG,2249,797,1452,355,1894,0,ITH,ITH4,6,Friuli-Venezia Giulia,Friuli Venezia Giulia,1215220,915595,75.34,0.19
2646,2021-04-01,FVG,6435,3074,3361,5327,1018,90,ITH,ITH4,6,Friuli-Venezia Giulia,Friuli Venezia Giulia,1215220,922030,75.87,0.53
2647,2021-09-05,FVG,2714,1473,1241,1309,1311,94,ITH,ITH4,6,Friuli-Venezia Giulia,Friuli Venezia Giulia,1215220,924744,76.1,0.22
2648,2021-05-28,FVG,10659,5108,5551,6233,4145,281,ITH,ITH4,6,Friuli-Venezia Giulia,Friuli Venezia Giulia,1215220,935403,76.97,0.88
2649,2021-07-12,FVG,10038,5156,4882,1111,8772,155,ITH,ITH4,6,Friuli-Venezia Giulia,Friuli Venezia Giulia,1215220,945441,77.8,0.83
2650,2021-02-19,FVG,3300,1320,1980,2841,442,17,ITH,ITH4,6,Friuli-Venezia Giulia,Friuli Venezia Giulia,1215220,948741,78.07,0.27
2651,2021-02-07,FVG,1567,482,1085,384,1182,1,ITH,ITH4,6,Friuli-Venezia Giulia,Friuli Venezia Giulia,1215220,950308,78.2,0.13
2652,2021-08-26,FVG,7462,4038,3424,1402,5825,235,ITH,ITH4,6,Friuli-Venezia Giulia,Friuli Venezia Giulia,1215220,957770,78.81,0.61
2653,2021-05-18,FVG,10865,5433,5432,8403,2100,362,ITH,ITH4,6,Friuli-Venezia Giulia,Friuli Venezia Giulia,1215220,968635,79.71,0.89
2654,2021-06-01,FVG,10146,5132,5014,7701,2129,316,ITH,ITH4,6,Friuli-Venezia Giulia,Friuli Venezia Giulia,1215220,978781,80.54,0.83
2655,2021-06-20,FVG,6526,3239,3287,1493,4940,93,ITH,ITH4,6,Friuli-Venezia Giulia,Friuli Venezia Giulia,1215220,985307,81.08,0.54
2656,2021-03-29,FVG,7039,3134,3905,5375,1590,74,ITH,ITH4,6,Friuli-Venezia Giulia,Friuli Venezia Giulia,1215220,992346,81.66,0.58
2657,2021-07-07,FVG,11326,5799,5527,1451,9749,126,ITH,ITH4,6,Friuli-Venezia Giulia,Friuli Venezia Giulia,1215220,1003672,82.59,0.93
2658,2021-07-21,FVG,8653,4383,4270,2044,6347,262,ITH,ITH4,6,Friuli-Venezia Giulia,Friuli Venezia Giulia,1215220,1012325,83.3,0.71
2659,2021-06-25,FVG,11004,5530,5474,2392,8560,52,ITH,ITH4,6,Friuli-Venezia Giulia,Friuli Venezia Giulia,1215220,1023329,84.21,0.91
2660,2021-07-09,FVG,11956,6353,5603,2128,9541,287,ITH,ITH4,6,Friuli-Venezia Giulia,Friuli Venezia Giulia,1215220,1035285,85.19,0.98
2661,2021-03-17,FVG,3242,1270,1972,736,2496,10,ITH,ITH4,6,Friuli-Venezia Giulia,Friuli Venezia Giulia,1215220,1038527,85.46,0.27
2662,2021-08-21,FVG,2895,1558,1337,279,2574,42,ITH,ITH4,6,Friuli-Venezia Giulia,Friuli Venezia Giulia,1215220,1041422,85.7,0.24
2663,2021-05-13,FVG,11226,5428,5798,8748,2081,397,ITH,ITH4,6,Friuli-Venezia Giulia,Friuli Venezia Giulia,1215220,1052648,86.62,0.92
2664,2021-02-16,FVG,2518,1136,1382,2398,116,4,ITH,ITH4,6,Friuli-Venezia Giulia,Friuli Venezia Giulia,1215220,1055166,86.83,0.21
2665,2021-06-17,FVG,11441,5788,5653,2285,9047,109,ITH,ITH4,6,Friuli-Venezia Giulia,Friuli Venezia Giulia,1215220,1066607,87.77,0.94
2666,2021-06-22,FVG,11611,5979,5632,2364,9112,135,ITH,ITH4,6,Friuli-Venezia Giulia,Friuli Venezia Giulia,1215220,1078218,88.73,0.96
2667,2021-09-01,FVG,8418,4552,3866,2013,6202,203,ITH,ITH4,6,Friuli-Venezia Giulia,Friuli Venezia Giulia,1215220,1086636,89.42,0.69
2668,2021-03-19,FVG,3278,1370,1908,1317,1946,15,ITH,ITH4,6,Friuli-Venezia Giulia,Friuli Venezia Giulia,1215220,1089914,89.69,0.27
2669,2021-06-27,FVG,7668,3829,3839,3741,3855,72,ITH,ITH4,6,Friuli-Venezia Giulia,Friuli Venezia Giulia,1215220,1097582,90.32,0.63
2670,2021-06-29,FVG,11385,5807,5578,1229,10049,107,ITH,ITH4,6,Friuli-Venezia Giulia,Friuli Venezia Giulia,1215220,1108967,91.26,0.94
2671,2021-05-08,FVG,10344,4674,5670,5363,4793,188,ITH,ITH4,6,Friuli-Venezia Giulia,Friuli Venezia Giulia,1215220,1119311,92.11,0.85
2672,2021-02-14,FVG,1,0,1,0,1,0,ITH,ITH4,6,Friuli-Venezia Giulia,Friuli Venezia Giulia,1215220,1119312,92.11,0.0
2673,2021-08-18,FVG,4695,2500,2195,2988,1470,237,ITH,ITH4,6,Friuli-Venezia Giulia,Friuli Venezia Giulia,1215220,1124007,92.49,0.39
2674,2021-05-10,FVG,8009,3557,4452,6224,1545,240,ITH,ITH4,6,Friuli-Venezia Giulia,Friuli Venezia Giulia,1215220,1132016,93.15,0.66
2675,2021-03-24,FVG,3987,1727,2260,2465,1484,38,ITH,ITH4,6,Friuli-Venezia Giulia,Friuli Venezia Giulia,1215220,1136003,93.48,0.33
2676,2021-05-20,FVG,12734,6334,6400,9799,2530,405,ITH,ITH4,6,Friuli-Venezia Giulia,Friuli Venezia Giulia,1215220,1148737,94.53,1.05
2677,2021-01-26,FVG,1979,649,1330,217,1761,1,ITH,ITH4,6,Friuli-Venezia Giulia,Friuli Venezia Giulia,1215220,1150716,94.69,0.16
2678,2021-02-09,FVG,1845,555,1290,1556,288,1,ITH,ITH4,6,Friuli-Venezia Giulia,Friuli Venezia Giulia,1215220,1152561,94.84,0.15
2679,2021-02-02,FVG,2481,811,1670,218,2263,0,ITH,ITH4,6,Friuli-Venezia Giulia,Friuli Venezia Giulia,1215220,1155042,95.05,0.2
2680,2021-03-31,FVG,8148,3574,4574,7172,850,126,ITH,ITH4,6,Friuli-Venezia Giulia,Friuli Venezia Giulia,1215220,1163190,95.72,0.67
2681,2021-05-15,FVG,12694,6120,6574,7688,4705,301,ITH,ITH4,6,Friuli-Venezia Giulia,Friuli Venezia Giulia,1215220,1175884,96.76,1.04
2682,2021-05-01,FVG,7215,3252,3963,5911,1046,258,ITH,ITH4,6,Friuli-Venezia Giulia,Friuli Venezia Giulia,1215220,1183099,97.36,0.59
2683,2021-01-21,FVG,899,347,552,3,896,0,ITH,ITH4,6,Friuli-Venezia Giulia,Friuli Venezia Giulia,1215220,1183998,97.43,0.07
2684,2021-02-21,FVG,802,281,521,421,379,2,ITH,ITH4,6,Friuli-Venezia Giulia,Friuli Venezia Giulia,1215220,1184800,97.5,0.07
2685,2021-07-04,FVG,9359,4797,4562,2894,6211,254,ITH,ITH4,6,Friuli-Venezia Giulia,Friuli Venezia Giulia,1215220,1194159,98.27,0.77
2686,2021-03-26,FVG,6059,2632,3427,3855,2029,175,ITH,ITH4,6,Friuli-Venezia Giulia,Friuli Venezia Giulia,1215220,1200218,98.77,0.5
2687,2021-03-12,FVG,4164,1736,2428,2753,1385,26,ITH,ITH4,6,Friuli-Venezia Giulia,Friuli Venezia Giulia,1215220,1204382,99.11,0.34
2688,2021-01-02,FVG,1217,470,747,1217,0,0,ITH,ITH4,6,Friuli-Venezia Giulia,Friuli Venezia Giulia,1215220,1205599,99.21,0.1
2689,2021-04-12,FVG,7288,3196,4092,5998,1136,154,ITH,ITH4,6,Friuli-Venezia Giulia,Friuli Venezia Giulia,1215220,1212887,99.81,0.6
2690,2021-07-16,FVG,9805,5238,4567,1699,7954,152,ITH,ITH4,6,Friuli-Venezia Giulia,Friuli Venezia Giulia,1215220,1222692,100.61,0.81
2691,2021-04-07,FVG,7860,3644,4216,6952,789,119,ITH,ITH4,6,Friuli-Venezia Giulia,Friuli Venezia Giulia,1215220,1230552,101.26,0.65
2692,2021-04-15,FVG,6526,2886,3640,5092,1275,159,ITH,ITH4,6,Friuli-Venezia Giulia,Friuli Venezia Giulia,1215220,1237078,101.8,0.54
2693,2021-04-29,FVG,6808,2998,3810,4014,2606,188,ITH,ITH4,6,Friuli-Venezia Giulia,Friuli Venezia Giulia,1215220,1243886,102.36,0.56
2694,2021-01-05,FVG,1679,552,1127,1677,0,2,ITH,ITH4,6,Friuli-Venezia Giulia,Friuli Venezia Giulia,1215220,1245565,102.5,0.14
2695,2021-08-07,FVG,4833,2610,2223,2771,1932,130,ITH,ITH4,6,Friuli-Venezia Giulia,Friuli Venezia Giulia,1215220,1250398,102.89,0.4
2696,2021-02-05,FVG,2632,792,1840,89,2543,0,ITH,ITH4,6,Friuli-Venezia Giulia,Friuli Venezia Giulia,1215220,1253030,103.11,0.22
2697,2021-04-14,FVG,7254,3135,4119,5411,1718,125,ITH,ITH4,6,Friuli-Venezia Giulia,Friuli Venezia Giulia,1215220,1260284,103.71,0.6
2698,2021-07-06,FVG,11222,5858,5364,1353,9757,112,ITH,ITH4,6,Friuli-Venezia Giulia,Friuli Venezia Giulia,1215220,1271506,104.63,0.92
2699,2021-07-23,FVG,9059,4644,4415,3041,5593,425,ITH,ITH4,6,Friuli-Venezia Giulia,Friuli Venezia Giulia,1215220,1280565,105.38,0.75
2700,2021-08-25,FVG,7844,4199,3645,3021,4459,364,ITH,ITH4,6,Friuli-Venezia Giulia,Friuli Venezia Giulia,1215220,1288409,106.02,0.65
2701,2021-06-03,FVG,12474,6764,5710,9921,2130,423,ITH,ITH4,6,Friuli-Venezia Giulia,Friuli Venezia Giulia,1215220,1300883,107.05,1.03
2702,2021-01-19,FVG,6,2,4,6,0,0,ITH,ITH4,6,Friuli-Venezia Giulia,Friuli Venezia Giulia,1215220,1300889,107.05,0.0
2703,2021-04-24,FVG,6693,2952,3741,5208,1245,240,ITH,ITH4,6,Friuli-Venezia Giulia,Friuli Venezia Giulia,1215220,1307582,107.6,0.55
2704,2021-06-06,FVG,9502,4634,4868,7644,1567,291,ITH,ITH4,6,Friuli-Venezia Giulia,Friuli Venezia Giulia,1215220,1317084,108.38,0.78
2705,2021-02-26,FVG,3783,2129,1654,3580,171,32,ITH,ITH4,6,Friuli-Venezia Giulia,Friuli Venezia Giulia,1215220,1320867,108.69,0.31
2706,2021-02-17,FVG,2365,1006,1359,1873,489,3,ITH,ITH4,6,Friuli-Venezia Giulia,Friuli Venezia Giulia,1215220,1323232,108.89,0.19
2707,2021-05-30,FVG,11078,4997,6081,7238,3593,247,ITH,ITH4,6,Friuli-Venezia Giulia,Friuli Venezia Giulia,1215220,1334310,109.8,0.91
2708,2021-08-06,FVG,6451,3393,3058,2346,3932,173,ITH,ITH4,6,Friuli-Venezia Giulia,Friuli Venezia Giulia,1215220,1340761,110.33,0.53
2709,2021-08-11,FVG,7931,4188,3743,5223,2374,334,ITH,ITH4,6,Friuli-Venezia Giulia,Friuli Venezia Giulia,1215220,1348692,110.98,0.65
2710,2021-05-03,FVG,7256,3304,3952,3348,3793,115,ITH,ITH4,6,Friuli-Venezia Giulia,Friuli Venezia Giulia,1215220,1355948,111.58,0.6
2711,2021-01-14,FVG,2593,794,1799,2590,0,3,ITH,ITH4,6,Friuli-Venezia Giulia,Friuli Venezia Giulia,1215220,1358541,111.79,0.21
2712,2021-08-13,FVG,3811,2137,1674,2644,967,200,ITH,ITH4,6,Friuli-Venezia Giulia,Friuli Venezia Giulia,1215220,1362352,112.11,0.31
2713,2021-06-08,FVG,10558,5536,5022,9640,500,418,ITH,ITH4,6,Friuli-Venezia Giulia,Friuli Venezia Giulia,1215220,1372910,112.98,0.87
2714,2021-02-28,FVG,2692,1005,1687,2269,394,29,ITH,ITH4,6,Friuli-Venezia Giulia,Friuli Venezia Giulia,1215220,1375602,113.2,0.22
2715,2021-08-04,FVG,9336,4826,4510,4653,4380,303,ITH,ITH4,6,Friuli-Venezia Giulia,Friuli Venezia Giulia,1215220,1384938,113.97,0.77
2716,2021-04-26,FVG,5492,2466,3026,3716,1656,120,ITH,ITH4,6,Friuli-Venezia Giulia,Friuli Venezia Giulia,1215220,1390430,114.42,0.45
2717,2020-12-30,FVG,626,244,382,626,0,0,ITH,ITH4,6,Friuli-Venezia Giulia,Friuli Venezia Giulia,1215220,1391056,114.47,0.05
2718,2021-06-05,FVG,10342,5346,4996,8400,1555,387,ITH,ITH4,6,Friuli-Venezia Giulia,Friuli Venezia Giulia,1215220,1401398,115.32,0.85
2719,2021-02-25,FVG,3178,1660,1518,3116,30,32,ITH,ITH4,6,Friuli-Venezia Giulia,Friuli Venezia Giulia,1215220,1404576,115.58,0.26
2720,2021-06-16,FVG,12203,5922,6281,3900,8039,264,ITH,ITH4,6,Friuli-Venezia Giulia,Friuli Venezia Giulia,1215220,1416779,116.59,1.0
2721,2021-08-12,FVG,7948,4261,3687,5155,2498,295,ITH,ITH4,6,Friuli-Venezia Giulia,Friuli Venezia Giulia,1215220,1424727,117.24,0.65
2722,2021-06-23,FVG,12102,5859,6243,1998,9958,146,ITH,ITH4,6,Friuli-Venezia Giulia,Friuli Venezia Giulia,1215220,1436829,118.24,1.0
2723,2021-08-19,FVG,4786,2561,2225,1627,3002,157,ITH,ITH4,6,Friuli-Venezia Giulia,Friuli Venezia Giulia,1215220,1441615,118.63,0.39
2724,2021-08-05,FVG,7130,3667,3463,3234,3694,202,ITH,ITH4,6,Friuli-Venezia Giulia,Friuli Venezia Giulia,1215220,1448745,119.22,0.59
2725,2021-04-27,FVG,8150,3742,4408,3551,4498,101,ITH,ITH4,6,Friuli-Venezia Giulia,Friuli Venezia Giulia,1215220,1456895,119.89,0.67
2726,2021-05-04,FVG,9616,4342,5274,6004,3387,225,ITH,ITH4,6,Friuli-Venezia Giulia,Friuli Venezia Giulia,1215220,1466511,120.68,0.79
2727,2021-01-24,FVG,307,121,186,2,305,0,ITH,ITH4,6,Friuli-Venezia Giulia,Friuli Venezia Giulia,1215220,1466818,120.7,0.03
2728,2021-06-30,FVG,13204,6722,6482,1386,11644,174,ITH,ITH4,6,Friuli-Venezia Giulia,Friuli Venezia Giulia,1215220,1480022,121.79,1.09
2729,2021-03-08,FVG,4134,1647,2487,2028,2091,15,ITH,ITH4,6,Friuli-Venezia Giulia,Friuli Venezia Giulia,1215220,1484156,122.13,0.34
2730,2021-03-22,FVG,3669,1454,2215,1671,1959,39,ITH,ITH4,6,Friuli-Venezia Giulia,Friuli Venezia Giulia,1215220,1487825,122.43,0.3
2731,2021-01-17,FVG,1715,522,1193,1713,0,2,ITH,ITH4,6,Friuli-Venezia Giulia,Friuli Venezia Giulia,1215220,1489540,122.57,0.14
2732,2021-03-15,FVG,3961,1813,2148,1614,2324,23,ITH,ITH4,6,Friuli-Venezia Giulia,Friuli Venezia Giulia,1215220,1493501,122.9,0.33
2733,2021-05-11,FVG,9188,4432,4756,7158,1812,218,ITH,ITH4,6,Friuli-Venezia Giulia,Friuli Venezia Giulia,1215220,1502689,123.66,0.76
2734,2021-01-31,FVG,2726,842,1884,385,2341,0,ITH,ITH4,6,Friuli-Venezia Giulia,Friuli Venezia Giulia,1215220,1505415,123.88,0.22
2735,2021-08-23,FVG,4696,2423,2273,2562,1777,357,ITH,ITH4,6,Friuli-Venezia Giulia,Friuli Venezia Giulia,1215220,1510111,124.27,0.39
2736,2021-05-29,FVG,12043,5857,6186,6784,4996,263,ITH,ITH4,6,Friuli-Venezia Giulia,Friuli Venezia Giulia,1215220,1522154,125.26,0.99
2737,2021-07-25,FVG,3895,2026,1869,1918,1871,106,ITH,ITH4,6,Friuli-Venezia Giulia,Friuli Venezia Giulia,1215220,1526049,125.58,0.32
2738,2021-07-11,FVG,6870,3588,3282,2387,4183,300,ITH,ITH4,6,Friuli-Venezia Giulia,Friuli Venezia Giulia,1215220,1532919,126.14,0.57
2739,2021-09-06,FVG,3667,2026,1641,522,3028,117,ITH,ITH4,6,Friuli-Venezia Giulia,Friuli Venezia Giulia,1215220,1536586,126.45,0.3
2740,2021-08-30,FVG,7303,3886,3417,2476,4593,234,ITH,ITH4,6,Friuli-Venezia Giulia,Friuli Venezia Giulia,1215220,1543889,127.05,0.6
2741,2021-05-22,FVG,11604,5209,6395,7088,4242,274,ITH,ITH4,6,Friuli-Venezia Giulia,Friuli Venezia Giulia,1215220,1555493,128.0,0.95
2742,2021-07-18,FVG,5468,2958,2510,438,5006,24,ITH,ITH4,6,Friuli-Venezia Giulia,Friuli Venezia Giulia,1215220,1560961,128.45,0.45
2743,2021-04-05,PUG,12778,6205,6573,12103,534,141,ITF,ITF4,16,Puglia,Puglia,4029053,12778,0.32,0.32
2744,2021-03-19,PUG,7998,3672,4326,3367,4595,36,ITF,ITF4,16,Puglia,Puglia,4029053,20776,0.52,0.2
2745,2021-06-27,PUG,18575,9225,9350,9959,8351,265,ITF,ITF4,16,Puglia,Puglia,4029053,39351,0.98,0.46
2746,2021-01-12,PUG,4223,1774,2449,4222,0,1,ITF,ITF4,16,Puglia,Puglia,4029053,43574,1.08,0.1
2747,2021-04-07,PUG,15746,7151,8595,8839,6709,198,ITF,ITF4,16,Puglia,Puglia,4029053,59320,1.47,0.39
2748,2021-07-16,PUG,46597,22616,23981,12947,32839,811,ITF,ITF4,16,Puglia,Puglia,4029053,105917,2.63,1.16
2749,2021-04-19,PUG,27767,12902,14865,24379,3050,338,ITF,ITF4,16,Puglia,Puglia,4029053,133684,3.32,0.69
2750,2021-07-28,PUG,45381,22947,22434,14720,29771,890,ITF,ITF4,16,Puglia,Puglia,4029053,179065,4.44,1.13
2751,2021-04-24,PUG,29464,13425,16039,25172,3956,336,ITF,ITF4,16,Puglia,Puglia,4029053,208529,5.18,0.73
2752,2021-03-05,PUG,17747,7201,10546,15204,2320,223,ITF,ITF4,16,Puglia,Puglia,4029053,226276,5.62,0.44
2753,2021-02-26,PUG,13802,5069,8733,12524,1079,199,ITF,ITF4,16,Puglia,Puglia,4029053,240078,5.96,0.34
2754,2020-12-31,PUG,1638,785,853,1638,0,0,ITF,ITF4,16,Puglia,Puglia,4029053,241716,6.0,0.04
2755,2021-08-11,PUG,23870,12269,11601,12071,10782,1017,ITF,ITF4,16,Puglia,Puglia,4029053,265586,6.59,0.59
2756,2021-06-15,PUG,42740,20896,21844,22388,19759,593,ITF,ITF4,16,Puglia,Puglia,4029053,308326,7.65,1.06
2757,2021-06-08,PUG,39405,19189,20216,20960,17883,562,ITF,ITF4,16,Puglia,Puglia,4029053,347731,8.63,0.98
2758,2021-02-07,PUG,1584,669,915,253,1331,0,ITF,ITF4,16,Puglia,Puglia,4029053,349315,8.67,0.04
2759,2021-01-21,PUG,2132,905,1227,1268,862,2,ITF,ITF4,16,Puglia,Puglia,4029053,351447,8.72,0.05
2760,2021-05-01,PUG,27716,12691,15025,16725,10710,281,ITF,ITF4,16,Puglia,Puglia,4029053,379163,9.41,0.69
2761,2021-08-09,PUG,27926,14381,13545,11253,15809,864,ITF,ITF4,16,Puglia,Puglia,4029053,407089,10.1,0.69
2762,2021-01-02,PUG,2958,1306,1652,2958,0,0,ITF,ITF4,16,Puglia,Puglia,4029053,410047,10.18,0.07
2763,2021-04-12,PUG,29494,13872,15622,26153,3024,317,ITF,ITF4,16,Puglia,Puglia,4029053,439541,10.91,0.73
2764,2021-09-06,PUG,20175,10543,9632,6642,12688,845,ITF,ITF4,16,Puglia,Puglia,4029053,459716,11.41,0.5
2765,2021-07-11,PUG,12190,5762,6428,2577,9515,98,ITF,ITF4,16,Puglia,Puglia,4029053,471906,11.71,0.3
2766,2021-08-23,PUG,30262,15649,14613,10617,18752,893,ITF,ITF4,16,Puglia,Puglia,4029053,502168,12.46,0.75
2767,2021-02-21,PUG,2179,475,1704,2065,63,51,ITF,ITF4,16,Puglia,Puglia,4029053,504347,12.52,0.05
2768,2021-06-01,PUG,35057,17561,17496,21648,13012,397,ITF,ITF4,16,Puglia,Puglia,4029053,539404,13.39,0.87
2769,2021-05-15,PUG,43720,19038,24682,22834,20174,712,ITF,ITF4,16,Puglia,Puglia,4029053,583124,14.47,1.09
2770,2021-06-03,PUG,50708,24600,26108,30546,19436,726,ITF,ITF4,16,Puglia,Puglia,4029053,633832,15.73,1.26
2771,2021-03-10,PUG,14860,6647,8213,11560,3140,160,ITF,ITF4,16,Puglia,Puglia,4029053,648692,16.1,0.37
2772,2021-02-09,PUG,3854,1575,2279,2158,1676,20,ITF,ITF4,16,Puglia,Puglia,4029053,652546,16.2,0.1
2773,2021-05-20,PUG,33735,15308,18427,20765,12454,516,ITF,ITF4,16,Puglia,Puglia,4029053,686281,17.03,0.84
2774,2021-03-24,PUG,13626,6541,7085,6049,7457,120,ITF,ITF4,16,Puglia,Puglia,4029053,699907,17.37,0.34
2775,2021-08-28,PUG,5720,3130,2590,2017,3515,188,ITF,ITF4,16,Puglia,Puglia,4029053,705627,17.51,0.14
2776,2021-01-26,PUG,5381,2408,2973,563,4817,1,ITF,ITF4,16,Puglia,Puglia,4029053,711008,17.65,0.13
2777,2021-07-02,PUG,47462,22567,24895,17365,29171,926,ITF,ITF4,16,Puglia,Puglia,4029053,758470,18.83,1.18
2778,2021-02-14,PUG,790,348,442,658,127,5,ITF,ITF4,16,Puglia,Puglia,4029053,759260,18.84,0.02
2779,2021-05-25,PUG,34848,16269,18579,20582,13680,586,ITF,ITF4,16,Puglia,Puglia,4029053,794108,19.71,0.86
2780,2021-05-08,PUG,54486,23065,31421,23966,29947,573,ITF,ITF4,16,Puglia,Puglia,4029053,848594,21.06,1.35
2781,2021-08-16,PUG,12057,6397,5660,7051,4367,639,ITF,ITF4,16,Puglia,Puglia,4029053,860651,21.36,0.3
2782,2021-07-30,PUG,36426,18715,17711,13159,22391,876,ITF,ITF4,16,Puglia,Puglia,4029053,897077,22.27,0.9
2783,2021-05-27,PUG,41026,19389,21637,22901,17449,676,ITF,ITF4,16,Puglia,Puglia,4029053,938103,23.28,1.02
2784,2021-09-04,PUG,5365,2891,2474,1569,3616,180,ITF,ITF4,16,Puglia,Puglia,4029053,943468,23.42,0.13
2785,2021-08-18,PUG,20141,10659,9482,10669,8547,925,ITF,ITF4,16,Puglia,Puglia,4029053,963609,23.92,0.5
2786,2021-01-14,PUG,4081,1595,2486,4080,0,1,ITF,ITF4,16,Puglia,Puglia,4029053,967690,24.02,0.1
2787,2021-01-07,PUG,5735,2469,3266,5735,0,0,ITF,ITF4,16,Puglia,Puglia,4029053,973425,24.16,0.14
2788,2021-04-17,PUG,40099,19005,21094,36084,3592,423,ITF,ITF4,16,Puglia,Puglia,4029053,1013524,25.16,1.0
2789,2021-02-19,PUG,4756,2024,2732,4308,393,55,ITF,ITF4,16,Puglia,Puglia,4029053,1018280,25.27,0.12
2790,2021-06-22,PUG,42574,20656,21918,19063,22940,571,ITF,ITF4,16,Puglia,Puglia,4029053,1060854,26.33,1.06
2791,2021-04-26,PUG,26360,12080,14280,22729,3239,392,ITF,ITF4,16,Puglia,Puglia,4029053,1087214,26.98,0.65
2792,2021-08-04,PUG,35247,17953,17294,12404,21779,1064,ITF,ITF4,16,Puglia,Puglia,4029053,1122461,27.86,0.87
2793,2021-06-13,PUG,21887,10964,10923,16376,5225,286,ITF,ITF4,16,Puglia,Puglia,4029053,1144348,28.4,0.54
2794,2021-02-28,PUG,6079,1811,4268,5811,191,77,ITF,ITF4,16,Puglia,Puglia,4029053,1150427,28.55,0.15
2795,2021-07-21,PUG,45061,22212,22849,11886,32330,845,ITF,ITF4,16,Puglia,Puglia,4029053,1195488,29.67,1.12
2796,2021-07-04,PUG,19949,9702,10247,7934,11729,286,ITF,ITF4,16,Puglia,Puglia,4029053,1215437,30.17,0.5
2797,2021-07-23,PUG,43345,21931,21414,13649,28719,977,ITF,ITF4,16,Puglia,Puglia,4029053,1258782,31.24,1.08
2798,2021-01-19,PUG,1221,452,769,1210,10,1,ITF,ITF4,16,Puglia,Puglia,4029053,1260003,31.27,0.03
2799,2021-08-30,PUG,28227,14684,13543,11440,15760,1027,ITF,ITF4,16,Puglia,Puglia,4029053,1288230,31.97,0.7
2800,2021-01-31,PUG,1824,835,989,74,1750,0,ITF,ITF4,16,Puglia,Puglia,4029053,1290054,32.02,0.05
2801,2021-05-29,PUG,30704,14473,16231,20604,9553,547,ITF,ITF4,16,Puglia,Puglia,4029053,1320758,32.78,0.76
2802,2021-04-02,PUG,12867,6011,6856,8186,4530,151,ITF,ITF4,16,Puglia,Puglia,4029053,1333625,33.1,0.32
2803,2021-03-29,PUG,13583,6629,6954,6615,6769,199,ITF,ITF4,16,Puglia,Puglia,4029053,1347208,33.44,0.34
2804,2021-03-12,PUG,14322,6458,7864,10232,3948,142,ITF,ITF4,16,Puglia,Puglia,4029053,1361530,33.79,0.36
2805,2021-06-20,PUG,21622,10863,10759,14063,7233,326,ITF,ITF4,16,Puglia,Puglia,4029053,1383152,34.33,0.54
2806,2021-05-06,PUG,39787,17403,22384,19306,19922,559,ITF,ITF4,16,Puglia,Puglia,4029053,1422939,35.32,0.99
2807,2021-03-31,PUG,14585,6837,7748,8843,5591,151,ITF,ITF4,16,Puglia,Puglia,4029053,1437524,35.68,0.36
2808,2021-02-02,PUG,4363,1856,2507,574,3788,1,ITF,ITF4,16,Puglia,Puglia,4029053,1441887,35.79,0.11
2809,2021-09-03,PUG,20884,10756,10128,8202,11510,1172,ITF,ITF4,16,Puglia,Puglia,4029053,1462771,36.31,0.52
2810,2021-06-12,PUG,34664,17275,17389,25083,8986,595,ITF,ITF4,16,Puglia,Puglia,4029053,1497435,37.17,0.86
2811,2021-03-16,PUG,9893,4696,5197,3453,6382,58,ITF,ITF4,16,Puglia,Puglia,4029053,1507328,37.41,0.25
2812,2021-06-24,PUG,53052,25666,27386,23600,28663,789,ITF,ITF4,16,Puglia,Puglia,4029053,1560380,38.73,1.32
2813,2021-04-28,PUG,19888,8920,10968,14832,4792,264,ITF,ITF4,16,Puglia,Puglia,4029053,1580268,39.22,0.49
2814,2021-08-06,PUG,30336,15794,14542,9108,20471,757,ITF,ITF4,16,Puglia,Puglia,4029053,1610604,39.97,0.75
2815,2021-01-09,PUG,4899,2252,2647,4895,0,4,ITF,ITF4,16,Puglia,Puglia,4029053,1615503,40.1,0.12
2816,2021-05-12,PUG,36665,16351,20314,23535,12546,584,ITF,ITF4,16,Puglia,Puglia,4029053,1652168,41.01,0.91
2817,2021-08-20,PUG,17890,9298,8592,8180,8962,748,ITF,ITF4,16,Puglia,Puglia,4029053,1670058,41.45,0.44
2818,2021-01-23,PUG,3043,1294,1749,881,2161,1,ITF,ITF4,16,Puglia,Puglia,4029053,1673101,41.53,0.08
2819,2021-05-03,PUG,33429,14942,18487,22168,10696,565,ITF,ITF4,16,Puglia,Puglia,4029053,1706530,42.36,0.83
2820,2021-03-07,PUG,4995,2007,2988,4372,578,45,ITF,ITF4,16,Puglia,Puglia,4029053,1711525,42.48,0.12
2821,2021-07-08,PUG,41622,19305,22317,5433,35731,458,ITF,ITF4,16,Puglia,Puglia,4029053,1753147,43.51,1.03
2822,2021-01-04,PUG,4514,2017,2497,4512,0,2,ITF,ITF4,16,Puglia,Puglia,4029053,1757661,43.62,0.11
2823,2021-04-16,PUG,36156,16995,19161,32436,3290,430,ITF,ITF4,16,Puglia,Puglia,4029053,1793817,44.52,0.9
2824,2021-02-18,PUG,4390,1850,2540,3719,610,61,ITF,ITF4,16,Puglia,Puglia,4029053,1798207,44.63,0.11
2825,2021-07-25,PUG,14320,7405,6915,4282,9834,204,ITF,ITF4,16,Puglia,Puglia,4029053,1812527,44.99,0.36
2826,2021-04-09,PUG,22126,9538,12588,17088,4651,387,ITF,ITF4,16,Puglia,Puglia,4029053,1834653,45.54,0.55
2827,2021-03-02,PUG,16431,6108,10323,14873,1310,248,ITF,ITF4,16,Puglia,Puglia,4029053,1851084,45.94,0.41
2828,2021-06-10,PUG,47274,23246,24028,29413,17142,719,ITF,ITF4,16,Puglia,Puglia,4029053,1898358,47.12,1.17
2829,2021-04-04,PUG,5998,2977,3021,5909,7,82,ITF,ITF4,16,Puglia,Puglia,4029053,1904356,47.27,0.15
2830,2021-07-13,PUG,48852,23035,25817,7790,40477,585,ITF,ITF4,16,Puglia,Puglia,4029053,1953208,48.48,1.21
2831,2021-03-21,PUG,2697,1227,1470,578,2107,12,ITF,ITF4,16,Puglia,Puglia,4029053,1955905,48.55,0.07
2832,2021-06-29,PUG,46756,22424,24332,15367,30696,693,ITF,ITF4,16,Puglia,Puglia,4029053,2002661,49.71,1.16
2833,2021-02-04,PUG,5939,2367,3572,1133,4802,4,ITF,ITF4,16,Puglia,Puglia,4029053,2008600,49.85,0.15
2834,2021-05-17,PUG,32983,15294,17689,20470,12012,501,ITF,ITF4,16,Puglia,Puglia,4029053,2041583,50.67,0.82
2835,2021-08-25,PUG,25572,13427,12145,10255,14377,940,ITF,ITF4,16,Puglia,Puglia,4029053,2067155,51.31,0.63
2836,2021-08-08,PUG,5121,2601,2520,1656,3415,50,ITF,ITF4,16,Puglia,Puglia,4029053,2072276,51.43,0.13
2837,2021-08-27,PUG,23802,12462,11340,9915,12944,943,ITF,ITF4,16,Puglia,Puglia,4029053,2096078,52.02,0.59
2838,2021-01-28,PUG,5490,2286,3204,441,5049,0,ITF,ITF4,16,Puglia,Puglia,4029053,2101568,52.16,0.14
2839,2021-08-15,PUG,55,34,21,55,0,0,ITF,ITF4,16,Puglia,Puglia,4029053,2101623,52.16,0.0
2840,2021-04-23,PUG,29629,13773,15856,23924,5289,416,ITF,ITF4,16,Puglia,Puglia,4029053,2131252,52.9,0.74
2841,2021-08-01,PUG,12426,6507,5919,4319,7987,120,ITF,ITF4,16,Puglia,Puglia,4029053,2143678,53.21,0.31
2842,2021-03-26,PUG,12043,5863,6180,7223,4680,140,ITF,ITF4,16,Puglia,Puglia,4029053,2155721,53.5,0.3
2843,2021-03-09,PUG,13700,6124,7576,11497,2020,183,ITF,ITF4,16,Puglia,Puglia,4029053,2169421,53.84,0.34
2844,2021-04-14,PUG,32075,15131,16944,28465,3305,305,ITF,ITF4,16,Puglia,Puglia,4029053,2201496,54.64,0.8
2845,2021-03-28,PUG,3550,1659,1891,1178,2336,36,ITF,ITF4,16,Puglia,Puglia,4029053,2205046,54.73,0.09
2846,2021-07-06,PUG,42445,19544,22901,6106,35922,417,ITF,ITF4,16,Puglia,Puglia,4029053,2247491,55.78,1.05
2847,2021-06-19,PUG,34834,17471,17363,22229,11951,654,ITF,ITF4,16,Puglia,Puglia,4029053,2282325,56.65,0.86
2848,2021-06-21,PUG,41971,20465,21506,21467,19867,637,ITF,ITF4,16,Puglia,Puglia,4029053,2324296,57.69,1.04
2849,2021-08-24,PUG,25055,12820,12235,9284,14946,825,ITF,ITF4,16,Puglia,Puglia,4029053,2349351,58.31,0.62
2850,2021-05-05,PUG,39364,17280,22084,24507,14265,592,ITF,ITF4,16,Puglia,Puglia,4029053,2388715,59.29,0.98
2851,2021-08-13,PUG,13775,7321,6454,7282,5904,589,ITF,ITF4,16,Puglia,Puglia,4029053,2402490,59.63,0.34
2852,2021-06-17,PUG,42963,20993,21970,21403,20998,562,ITF,ITF4,16,Puglia,Puglia,4029053,2445453,60.7,1.07
2853,2021-02-11,PUG,3699,1401,2298,2392,1279,28,ITF,ITF4,16,Puglia,Puglia,4029053,2449152,60.79,0.09
2854,2021-07-18,PUG,18845,9651,9194,6205,12303,337,ITF,ITF4,16,Puglia,Puglia,4029053,2467997,61.26,0.47
2855,2021-05-22,PUG,34787,15925,18862,23656,10586,545,ITF,ITF4,16,Puglia,Puglia,4029053,2502784,62.12,0.86
2856,2021-02-25,PUG,11999,5071,6928,10678,1184,137,ITF,ITF4,16,Puglia,Puglia,4029053,2514783,62.42,0.3
2857,2021-06-05,PUG,42685,20906,21779,29204,12762,719,ITF,ITF4,16,Puglia,Puglia,4029053,2557468,63.48,1.06
2858,2021-08-05,PUG,34346,17268,17078,9412,24053,881,ITF,ITF4,16,Puglia,Puglia,4029053,2591814,64.33,0.85
2859,2021-01-06,PUG,3964,1680,2284,3963,0,1,ITF,ITF4,16,Puglia,Puglia,4029053,2595778,64.43,0.1
2860,2021-03-30,PUG,12454,5972,6482,6198,6101,155,ITF,ITF4,16,Puglia,Puglia,4029053,2608232,64.74,0.31
2861,2021-02-01,PUG,3979,1667,2312,353,3625,1,ITF,ITF4,16,Puglia,Puglia,4029053,2612211,64.83,0.1
2862,2021-07-17,PUG,30857,15492,15365,9536,20691,630,ITF,ITF4,16,Puglia,Puglia,4029053,2643068,65.6,0.77
2863,2021-05-14,PUG,45110,20616,24494,28013,16237,860,ITF,ITF4,16,Puglia,Puglia,4029053,2688178,66.72,1.12
2864,2021-08-22,PUG,1474,768,706,530,921,23,ITF,ITF4,16,Puglia,Puglia,4029053,2689652,66.76,0.04
2865,2021-01-11,PUG,3758,1592,2166,3757,0,1,ITF,ITF4,16,Puglia,Puglia,4029053,2693410,66.85,0.09
2866,2021-04-21,PUG,23174,10700,12474,19127,3746,301,ITF,ITF4,16,Puglia,Puglia,4029053,2716584,67.42,0.58
2867,2021-05-24,PUG,36231,17094,19137,24509,11110,612,ITF,ITF4,16,Puglia,Puglia,4029053,2752815,68.32,0.9
2868,2021-09-01,PUG,24666,12798,11868,9786,13823,1057,ITF,ITF4,16,Puglia,Puglia,4029053,2777481,68.94,0.61
2869,2021-02-16,PUG,3392,1456,1936,2712,649,31,ITF,ITF4,16,Puglia,Puglia,4029053,2780873,69.02,0.08
2870,2021-01-30,PUG,5543,2516,3027,380,5162,1,ITF,ITF4,16,Puglia,Puglia,4029053,2786416,69.16,0.14
2871,2021-05-10,PUG,37934,16766,21168,19319,18109,506,ITF,ITF4,16,Puglia,Puglia,4029053,2824350,70.1,0.94
2872,2021-08-17,PUG,19934,10343,9591,9259,9970,705,ITF,ITF4,16,Puglia,Puglia,4029053,2844284,70.59,0.49
2873,2021-02-23,PUG,9400,4434,4966,8811,497,92,ITF,ITF4,16,Puglia,Puglia,4029053,2853684,70.83,0.23
2874,2021-01-25,PUG,3837,1685,2152,424,3412,1,ITF,ITF4,16,Puglia,Puglia,4029053,2857521,70.92,0.1
2875,2021-07-10,PUG,22412,11038,11374,4462,17654,296,ITF,ITF4,16,Puglia,Puglia,4029053,2879933,71.48,0.56
2876,2021-04-08,PUG,17530,7614,9916,11118,6198,214,ITF,ITF4,16,Puglia,Puglia,4029053,2897463,71.91,0.44
2877,2021-06-06,PUG,30775,15500,15275,25383,5071,321,ITF,ITF4,16,Puglia,Puglia,4029053,2928238,72.68,0.76
2878,2021-04-10,PUG,30961,13131,17830,26111,4464,386,ITF,ITF4,16,Puglia,Puglia,4029053,2959199,73.45,0.77
2879,2021-07-19,PUG,49563,24354,25209,10953,37847,763,ITF,ITF4,16,Puglia,Puglia,4029053,3008762,74.68,1.23
2880,2021-03-18,PUG,9625,4376,5249,3345,6214,66,ITF,ITF4,16,Puglia,Puglia,4029053,3018387,74.92,0.24
2881,2021-06-26,PUG,32473,16357,16116,15899,16006,568,ITF,ITF4,16,Puglia,Puglia,4029053,3050860,75.72,0.81
2882,2021-03-04,PUG,15397,6116,9281,13725,1440,232,ITF,ITF4,16,Puglia,Puglia,4029053,3066257,76.1,0.38
2883,2021-06-09,PUG,42021,20810,21211,29985,11328,708,ITF,ITF4,16,Puglia,Puglia,4029053,3108278,77.15,1.04
2884,2021-02-15,PUG,3268,1272,1996,2601,622,45,ITF,ITF4,16,Puglia,Puglia,4029053,3111546,77.23,0.08
2885,2021-01-18,PUG,1848,772,1076,1496,351,1,ITF,ITF4,16,Puglia,Puglia,4029053,3113394,77.27,0.05
2886,2021-02-06,PUG,4556,1935,2621,1578,2963,15,ITF,ITF4,16,Puglia,Puglia,4029053,3117950,77.39,0.11
2887,2021-01-20,PUG,1547,541,1006,1537,8,2,ITF,ITF4,16,Puglia,Puglia,4029053,3119497,77.43,0.04
2888,2021-04-30,PUG,35053,15708,19345,22477,12009,567,ITF,ITF4,16,Puglia,Puglia,4029053,3154550,78.3,0.87
2889,2021-04-13,PUG,28792,13657,15135,24937,3539,316,ITF,ITF4,16,Puglia,Puglia,4029053,3183342,79.01,0.71
2890,2021-07-22,PUG,47650,23628,24022,8492,38472,686,ITF,ITF4,16,Puglia,Puglia,4029053,3230992,80.19,1.18
2891,2021-07-05,PUG,38984,18293,20691,7238,31193,553,ITF,ITF4,16,Puglia,Puglia,4029053,3269976,81.16,0.97
2892,2021-05-02,PUG,21365,9680,11685,13906,7279,180,ITF,ITF4,16,Puglia,Puglia,4029053,3291341,81.69,0.53
2893,2021-08-10,PUG,27175,14124,13051,13969,12043,1163,ITF,ITF4,16,Puglia,Puglia,4029053,3318516,82.36,0.67
2894,2021-07-24,PUG,26761,13886,12875,8005,18283,473,ITF,ITF4,16,Puglia,Puglia,4029053,3345277,83.03,0.66
2895,2021-03-11,PUG,14866,6603,8263,11467,3194,205,ITF,ITF4,16,Puglia,Puglia,4029053,3360143,83.4,0.37
2896,2021-06-02,PUG,27107,13251,13856,21908,4842,357,ITF,ITF4,16,Puglia,Puglia,4029053,3387250,84.07,0.67
2897,2021-03-13,PUG,10487,4140,6347,8573,1817,97,ITF,ITF4,16,Puglia,Puglia,4029053,3397737,84.33,0.26
2898,2021-02-24,PUG,10070,4718,5352,9374,597,99,ITF,ITF4,16,Puglia,Puglia,4029053,3407807,84.58,0.25
2899,2021-06-04,PUG,52892,25596,27296,34208,17854,830,ITF,ITF4,16,Puglia,Puglia,4029053,3460699,85.89,1.31
2900,2021-05-18,PUG,28991,13486,15505,15791,12912,288,ITF,ITF4,16,Puglia,Puglia,4029053,3489690,86.61,0.72
2901,2021-08-26,PUG,20204,10420,9784,8626,10702,876,ITF,ITF4,16,Puglia,Puglia,4029053,3509894,87.11,0.5
2902,2021-04-29,PUG,26327,12174,14153,19193,6707,427,ITF,ITF4,16,Puglia,Puglia,4029053,3536221,87.77,0.65
2903,2021-08-07,PUG,10096,5332,4764,3545,6253,298,ITF,ITF4,16,Puglia,Puglia,4029053,3546317,88.02,0.25
2904,2021-07-01,PUG,48537,22724,25813,11451,36452,634,ITF,ITF4,16,Puglia,Puglia,4029053,3594854,89.22,1.2
2905,2021-03-14,PUG,3381,1464,1917,2472,868,41,ITF,ITF4,16,Puglia,Puglia,4029053,3598235,89.31,0.08
2906,2021-01-16,PUG,2508,1035,1473,2507,0,1,ITF,ITF4,16,Puglia,Puglia,4029053,3600743,89.37,0.06
2907,2021-02-13,PUG,3732,1460,2272,3020,696,16,ITF,ITF4,16,Puglia,Puglia,4029053,3604475,89.46,0.09
2908,2021-06-28,PUG,48737,23640,25097,21664,26276,797,ITF,ITF4,16,Puglia,Puglia,4029053,3653212,90.67,1.21
2909,2021-05-09,PUG,30848,12662,18186,14796,15679,373,ITF,ITF4,16,Puglia,Puglia,4029053,3684060,91.44,0.77
2910,2021-04-22,PUG,23072,10557,12515,17738,4948,386,ITF,ITF4,16,Puglia,Puglia,4029053,3707132,92.01,0.57
2911,2021-08-12,PUG,19413,10323,9090,10946,7557,910,ITF,ITF4,16,Puglia,Puglia,4029053,3726545,92.49,0.48
2912,2021-06-16,PUG,42178,20758,21420,26923,14525,730,ITF,ITF4,16,Puglia,Puglia,4029053,3768723,93.54,1.05
2913,2020-12-30,PUG,1,0,1,1,0,0,ITF,ITF4,16,Puglia,Puglia,4029053,3768724,93.54,0.0
2914,2021-03-22,PUG,9991,5143,4848,4250,5669,72,ITF,ITF4,16,Puglia,Puglia,4029053,3778715,93.79,0.25
2915,2021-04-01,PUG,13984,6573,7411,7383,6383,218,ITF,ITF4,16,Puglia,Puglia,4029053,3792699,94.13,0.35
2916,2021-02-03,PUG,5056,2008,3048,705,4350,1,ITF,ITF4,16,Puglia,Puglia,4029053,3797755,94.26,0.13
2917,2021-07-12,PUG,45819,21633,24186,12742,32322,755,ITF,ITF4,16,Puglia,Puglia,4029053,3843574,95.4,1.14
2918,2021-06-18,PUG,47906,23578,24328,28885,18095,926,ITF,ITF4,16,Puglia,Puglia,4029053,3891480,96.59,1.19
2919,2021-01-03,PUG,2010,945,1065,2009,0,1,ITF,ITF4,16,Puglia,Puglia,4029053,3893490,96.64,0.05
2920,2021-03-27,PUG,12185,5725,6460,6883,5190,112,ITF,ITF4,16,Puglia,Puglia,4029053,3905675,96.94,0.3
2921,2021-02-22,PUG,9657,4539,5118,9232,336,89,ITF,ITF4,16,Puglia,Puglia,4029053,3915332,97.18,0.24
2922,2021-02-05,PUG,5652,2278,3374,1311,4336,5,ITF,ITF4,16,Puglia,Puglia,4029053,3920984,97.32,0.14
2923,2021-05-16,PUG,24656,11122,13534,12469,11961,226,ITF,ITF4,16,Puglia,Puglia,4029053,3945640,97.93,0.61
2924,2021-01-24,PUG,1673,754,919,151,1522,0,ITF,ITF4,16,Puglia,Puglia,4029053,3947313,97.97,0.04
2925,2021-06-30,PUG,47946,23253,24693,18844,28244,858,ITF,ITF4,16,Puglia,Puglia,4029053,3995259,99.16,1.19
2926,2021-03-15,PUG,12362,6160,6202,5741,6517,104,ITF,ITF4,16,Puglia,Puglia,4029053,4007621,99.47,0.31
2927,2021-08-19,PUG,17827,9289,8538,8726,8377,724,ITF,ITF4,16,Puglia,Puglia,4029053,4025448,99.91,0.44
2928,2021-01-17,PUG,1311,592,719,1241,70,0,ITF,ITF4,16,Puglia,Puglia,4029053,4026759,99.94,0.03
2929,2021-06-23,PUG,29451,14391,15060,16947,11893,611,ITF,ITF4,16,Puglia,Puglia,4029053,4056210,100.67,0.73
2930,2021-04-27,PUG,26740,12102,14638,20785,5627,328,ITF,ITF4,16,Puglia,Puglia,4029053,4082950,101.34,0.66
2931,2021-05-11,PUG,32746,14471,18275,13701,18554,491,ITF,ITF4,16,Puglia,Puglia,4029053,4115696,102.15,0.81
2932,2021-05-04,PUG,35236,14905,20331,18250,16565,421,ITF,ITF4,16,Puglia,Puglia,4029053,4150932,103.03,0.87
2933,2021-03-08,PUG,15017,6445,8572,12442,2415,160,ITF,ITF4,16,Puglia,Puglia,4029053,4165949,103.4,0.37
2934,2021-07-31,PUG,20014,10633,9381,7897,11638,479,ITF,ITF4,16,Puglia,Puglia,4029053,4185963,103.89,0.5
2935,2021-02-12,PUG,4216,1673,2543,3098,1094,24,ITF,ITF4,16,Puglia,Puglia,4029053,4190179,104.0,0.1
2936,2021-01-29,PUG,6218,2673,3545,220,5998,0,ITF,ITF4,16,Puglia,Puglia,4029053,4196397,104.15,0.15
2937,2021-03-20,PUG,8441,3891,4550,3768,4627,46,ITF,ITF4,16,Puglia,Puglia,4029053,4204838,104.36,0.21
2938,2021-03-03,PUG,16832,6829,10003,14737,1940,155,ITF,ITF4,16,Puglia,Puglia,4029053,4221670,104.78,0.42
2939,2021-06-11,PUG,48049,23504,24545,33017,14122,910,ITF,ITF4,16,Puglia,Puglia,4029053,4269719,105.97,1.19
2940,2021-04-03,PUG,10587,4661,5926,6817,3577,193,ITF,ITF4,16,Puglia,Puglia,4029053,4280306,106.24,0.26
2941,2021-01-05,PUG,5118,2256,2862,5115,0,3,ITF,ITF4,16,Puglia,Puglia,4029053,4285424,106.36,0.13
2942,2021-04-15,PUG,32796,15307,17489,28612,3783,401,ITF,ITF4,16,Puglia,Puglia,4029053,4318220,107.18,0.81
2943,2021-07-07,PUG,38780,18566,20214,6091,32180,509,ITF,ITF4,16,Puglia,Puglia,4029053,4357000,108.14,0.96
2944,2021-05-26,PUG,38747,18616,20131,26247,11843,657,ITF,ITF4,16,Puglia,Puglia,4029053,4395747,109.1,0.96
2945,2021-01-27,PUG,4607,1946,2661,618,3989,0,ITF,ITF4,16,Puglia,Puglia,4029053,4400354,109.22,0.11
2946,2021-05-07,PUG,50274,22434,27840,25977,23699,598,ITF,ITF4,16,Puglia,Puglia,4029053,4450628,110.46,1.25
2947,2021-07-29,PUG,43031,21757,21274,12281,29959,791,ITF,ITF4,16,Puglia,Puglia,4029053,4493659,111.53,1.07
2948,2021-01-13,PUG,4556,1734,2822,4555,0,1,ITF,ITF4,16,Puglia,Puglia,4029053,4498215,111.64,0.11
2949,2021-04-06,PUG,13869,6265,7604,6926,6773,170,ITF,ITF4,16,Puglia,Puglia,4029053,4512084,111.99,0.34
2950,2021-07-15,PUG,44926,21743,23183,8897,35352,677,ITF,ITF4,16,Puglia,Puglia,4029053,4557010,113.1,1.12
2951,2021-07-14,PUG,46287,22205,24082,13377,32076,834,ITF,ITF4,16,Puglia,Puglia,4029053,4603297,114.25,1.15
2952,2021-08-02,PUG,39746,20146,19600,14200,24323,1223,ITF,ITF4,16,Puglia,Puglia,4029053,4643043,115.24,0.99
2953,2021-03-01,PUG,15137,5882,9255,13597,1385,155,ITF,ITF4,16,Puglia,Puglia,4029053,4658180,115.61,0.38
2954,2021-09-02,PUG,22812,11865,10947,7345,14606,861,ITF,ITF4,16,Puglia,Puglia,4029053,4680992,116.18,0.57
2955,2021-01-10,PUG,2351,1062,1289,2351,0,0,ITF,ITF4,16,Puglia,Puglia,4029053,4683343,116.24,0.06
2956,2021-04-20,PUG,21230,9859,11371,17474,3487,269,ITF,ITF4,16,Puglia,Puglia,4029053,4704573,116.77,0.53
2957,2020-12-27,PUG,510,252,258,510,0,0,ITF,ITF4,16,Puglia,Puglia,4029053,4705083,116.78,0.01
2958,2021-05-21,PUG,39262,18649,20613,28277,10192,793,ITF,ITF4,16,Puglia,Puglia,4029053,4744345,117.75,0.97
2959,2021-08-31,PUG,24626,12674,11952,8237,15542,847,ITF,ITF4,16,Puglia,Puglia,4029053,4768971,118.36,0.61
2960,2021-05-19,PUG,26503,12810,13693,19568,6500,435,ITF,ITF4,16,Puglia,Puglia,4029053,4795474,119.02,0.66
2961,2021-03-23,PUG,11160,5665,5495,4533,6532,95,ITF,ITF4,16,Puglia,Puglia,4029053,4806634,119.3,0.28
2962,2021-09-05,PUG,3186,1741,1445,956,2108,122,ITF,ITF4,16,Puglia,Puglia,4029053,4809820,119.38,0.08
2963,2021-03-25,PUG,11779,6038,5741,5257,6421,101,ITF,ITF4,16,Puglia,Puglia,4029053,4821599,119.67,0.29
2964,2021-08-29,PUG,1285,663,622,422,835,28,ITF,ITF4,16,Puglia,Puglia,4029053,4822884,119.7,0.03
2965,2021-07-03,PUG,33314,16689,16625,13468,19343,503,ITF,ITF4,16,Puglia,Puglia,4029053,4856198,120.53,0.83
2966,2021-02-08,PUG,4011,1622,2389,1583,2413,15,ITF,ITF4,16,Puglia,Puglia,4029053,4860209,120.63,0.1
2967,2021-02-10,PUG,3660,1444,2216,2127,1513,20,ITF,ITF4,16,Puglia,Puglia,4029053,4863869,120.72,0.09
2968,2021-05-23,PUG,17980,8407,9573,13880,3839,261,ITF,ITF4,16,Puglia,Puglia,4029053,4881849,121.17,0.45
2969,2021-02-17,PUG,4297,1755,2542,3617,640,40,ITF,ITF4,16,Puglia,Puglia,4029053,4886146,121.27,0.11
2970,2021-05-28,PUG,44150,20902,23248,27435,15913,802,ITF,ITF4,16,Puglia,Puglia,4029053,4930296,122.37,1.1
2971,2021-07-26,PUG,48002,23956,24046,17122,29955,925,ITF,ITF4,16,Puglia,Puglia,4029053,4978298,123.56,1.19
2972,2021-05-30,PUG,21064,10080,10984,15731,5076,257,ITF,ITF4,16,Puglia,Puglia,4029053,4999362,124.08,0.52
2973,2021-07-09,PUG,37164,17904,19260,6403,30084,677,ITF,ITF4,16,Puglia,Puglia,4029053,5036526,125.01,0.92
2974,2021-05-13,PUG,38892,17340,21552,21010,17317,565,ITF,ITF4,16,Puglia,Puglia,4029053,5075418,125.97,0.97
2975,2021-03-17,PUG,10356,4706,5650,4103,6191,62,ITF,ITF4,16,Puglia,Puglia,4029053,5085774,126.23,0.26
2976,2021-07-20,PUG,47036,23076,23960,8212,38318,506,ITF,ITF4,16,Puglia,Puglia,4029053,5132810,127.39,1.17
2977,2021-07-27,PUG,48660,24213,24447,13357,34495,808,ITF,ITF4,16,Puglia,Puglia,4029053,5181470,128.6,1.21
2978,2021-05-31,PUG,37989,18320,19669,23171,14262,556,ITF,ITF4,16,Puglia,Puglia,4029053,5219459,129.55,0.94
2979,2021-04-25,PUG,11329,5244,6085,10051,1144,134,ITF,ITF4,16,Puglia,Puglia,4029053,5230788,129.83,0.28
2980,2021-02-27,PUG,14249,4827,9422,12829,1236,184,ITF,ITF4,16,Puglia,Puglia,4029053,5245037,130.18,0.35
2981,2021-08-03,PUG,36438,18487,17951,9189,26480,769,ITF,ITF4,16,Puglia,Puglia,4029053,5281475,131.08,0.9
2982,2021-01-01,PUG,150,61,89,150,0,0,ITF,ITF4,16,Puglia,Puglia,4029053,5281625,131.09,0.0
2983,2021-06-07,PUG,44474,21710,22764,30387,13322,765,ITF,ITF4,16,Puglia,Puglia,4029053,5326099,132.19,1.1
2984,2021-04-11,PUG,16490,7268,9222,14661,1647,182,ITF,ITF4,16,Puglia,Puglia,4029053,5342589,132.6,0.41
2985,2021-03-06,PUG,16187,6140,10047,13888,2126,173,ITF,ITF4,16,Puglia,Puglia,4029053,5358776,133.0,0.4
2986,2021-01-08,PUG,5696,2397,3299,5694,0,2,ITF,ITF4,16,Puglia,Puglia,4029053,5364472,133.14,0.14
2987,2021-06-14,PUG,42136,20613,21523,28859,12485,792,ITF,ITF4,16,Puglia,Puglia,4029053,5406608,134.19,1.05
2988,2021-04-18,PUG,22690,10857,11833,21436,1058,196,ITF,ITF4,16,Puglia,Puglia,4029053,5429298,134.75,0.56
2989,2021-02-20,PUG,2978,1080,1898,2688,257,33,ITF,ITF4,16,Puglia,Puglia,4029053,5432276,134.83,0.07
2990,2021-08-14,PUG,1086,560,526,497,570,19,ITF,ITF4,16,Puglia,Puglia,4029053,5433362,134.85,0.03
2991,2021-01-15,PUG,4559,1867,2692,4554,0,5,ITF,ITF4,16,Puglia,Puglia,4029053,5437921,134.97,0.11
2992,2021-01-22,PUG,1414,579,835,992,421,1,ITF,ITF4,16,Puglia,Puglia,4029053,5439335,135.0,0.04
2993,2021-08-21,PUG,4297,2302,1995,1963,2100,234,ITF,ITF4,16,Puglia,Puglia,4029053,5443632,135.11,0.11
2994,2021-06-25,PUG,50940,25085,25855,23848,26192,900,ITF,ITF4,16,Puglia,Puglia,4029053,5494572,136.37,1.26
2995,2021-01-11,VEN,7244,2102,5142,7243,0,1,ITH,ITH3,5,Veneto,Veneto,4905854,7244,0.15,0.15
2996,2021-04-21,VEN,32408,13205,19203,15566,16065,777,ITH,ITH3,5,Veneto,Veneto,4905854,39652,0.81,0.66
2997,2021-05-22,VEN,34843,16710,18133,12720,21453,670,ITH,ITH3,5,Veneto,Veneto,4905854,74495,1.52,0.71
2998,2021-02-11,VEN,4015,1238,2777,3349,628,38,ITH,ITH3,5,Veneto,Veneto,4905854,78510,1.6,0.08
2999,2021-01-28,VEN,9216,2666,6550,169,9045,2,ITH,ITH3,5,Veneto,Veneto,4905854,87726,1.79,0.19
3000,2021-07-13,VEN,43577,22615,20962,5423,37846,308,ITH,ITH3,5,Veneto,Veneto,4905854,131303,2.68,0.89
3001,2021-04-04,VEN,7789,3534,4255,6514,1148,127,ITH,ITH3,5,Veneto,Veneto,4905854,139092,2.84,0.16
3002,2021-09-01,VEN,20970,10728,10242,7615,12603,752,ITH,ITH3,5,Veneto,Veneto,4905854,160062,3.26,0.43
3003,2021-07-27,VEN,42257,22179,20078,11788,30041,428,ITH,ITH3,5,Veneto,Veneto,4905854,202319,4.12,0.86
3004,2021-08-01,VEN,27916,14944,12972,11049,16358,509,ITH,ITH3,5,Veneto,Veneto,4905854,230235,4.69,0.57
3005,2021-04-23,VEN,31303,13855,17448,21432,8709,1162,ITH,ITH3,5,Veneto,Veneto,4905854,261538,5.33,0.64
3006,2021-02-16,VEN,6644,2870,3774,6439,176,29,ITH,ITH3,5,Veneto,Veneto,4905854,268182,5.47,0.14
3007,2021-07-18,VEN,37722,19763,17959,3848,33625,249,ITH,ITH3,5,Veneto,Veneto,4905854,305904,6.24,0.77
3008,2021-02-25,VEN,7904,3345,4559,7159,607,138,ITH,ITH3,5,Veneto,Veneto,4905854,313808,6.4,0.16
3009,2021-04-09,VEN,31205,13767,17438,21912,8350,943,ITH,ITH3,5,Veneto,Veneto,4905854,345013,7.03,0.64
3010,2021-06-05,VEN,46876,24145,22731,37321,8103,1452,ITH,ITH3,5,Veneto,Veneto,4905854,391889,7.99,0.96
3011,2021-05-17,VEN,26553,13002,13551,15654,10077,822,ITH,ITH3,5,Veneto,Veneto,4905854,418442,8.53,0.54
3012,2021-02-06,VEN,4099,1354,2745,708,3391,0,ITH,ITH3,5,Veneto,Veneto,4905854,422541,8.61,0.08
3013,2021-08-25,VEN,20043,10872,9171,8021,11443,579,ITH,ITH3,5,Veneto,Veneto,4905854,442584,9.02,0.41
3014,2021-02-23,VEN,7384,3253,4131,7030,270,84,ITH,ITH3,5,Veneto,Veneto,4905854,449968,9.17,0.15
3015,2021-08-13,VEN,24444,13823,10621,18302,5368,774,ITH,ITH3,5,Veneto,Veneto,4905854,474412,9.67,0.5
3016,2021-08-27,VEN,26737,14303,12434,8259,17899,579,ITH,ITH3,5,Veneto,Veneto,4905854,501149,10.22,0.55
3017,2021-05-05,VEN,44412,21279,23133,36223,6562,1627,ITH,ITH3,5,Veneto,Veneto,4905854,545561,11.12,0.91
3018,2021-07-01,VEN,51011,26057,24954,20699,29307,1005,ITH,ITH3,5,Veneto,Veneto,4905854,596572,12.16,1.04
3019,2021-06-17,VEN,51762,25933,25829,25553,25063,1146,ITH,ITH3,5,Veneto,Veneto,4905854,648334,13.22,1.06
3020,2021-03-09,VEN,16566,7459,9107,9829,6338,399,ITH,ITH3,5,Veneto,Veneto,4905854,664900,13.55,0.34
3021,2021-05-31,VEN,31656,16247,15409,20894,9936,826,ITH,ITH3,5,Veneto,Veneto,4905854,696556,14.2,0.65
3022,2021-03-26,VEN,29618,13164,16454,23282,5468,868,ITH,ITH3,5,Veneto,Veneto,4905854,726174,14.8,0.6
3023,2021-01-23,VEN,4057,1250,2807,31,4026,0,ITH,ITH3,5,Veneto,Veneto,4905854,730231,14.88,0.08
3024,2021-06-29,VEN,45580,22736,22844,19052,25843,685,ITH,ITH3,5,Veneto,Veneto,4905854,775811,15.81,0.93
3025,2021-03-21,VEN,11992,4756,7236,8286,3466,240,ITH,ITH3,5,Veneto,Veneto,4905854,787803,16.06,0.24
3026,2021-01-16,VEN,4612,1542,3070,4612,0,0,ITH,ITH3,5,Veneto,Veneto,4905854,792415,16.15,0.09
3027,2021-03-14,VEN,15186,5945,9241,13846,894,446,ITH,ITH3,5,Veneto,Veneto,4905854,807601,16.46,0.31
3028,2021-03-02,VEN,11497,4628,6869,7935,3312,250,ITH,ITH3,5,Veneto,Veneto,4905854,819098,16.7,0.23
3029,2021-06-10,VEN,52409,27043,25366,41330,9381,1698,ITH,ITH3,5,Veneto,Veneto,4905854,871507,17.76,1.07
3030,2021-04-02,VEN,24121,10635,13486,17146,6332,643,ITH,ITH3,5,Veneto,Veneto,4905854,895628,18.26,0.49
3031,2021-05-24,VEN,33093,16436,16657,7630,25054,409,ITH,ITH3,5,Veneto,Veneto,4905854,928721,18.93,0.67
3032,2021-08-15,VEN,3105,1762,1343,2617,425,63,ITH,ITH3,5,Veneto,Veneto,4905854,931826,18.99,0.06
3033,2021-01-09,VEN,7937,2539,5398,7932,0,5,ITH,ITH3,5,Veneto,Veneto,4905854,939763,19.16,0.16
3034,2021-03-18,VEN,12626,5145,7481,7037,5236,353,ITH,ITH3,5,Veneto,Veneto,4905854,952389,19.41,0.26
3035,2021-05-29,VEN,33067,16703,16364,24250,7700,1117,ITH,ITH3,5,Veneto,Veneto,4905854,985456,20.09,0.67
3036,2021-02-18,VEN,5833,2456,3377,5730,64,39,ITH,ITH3,5,Veneto,Veneto,4905854,991289,20.21,0.12
3037,2021-07-25,VEN,33201,17543,15658,10847,21889,465,ITH,ITH3,5,Veneto,Veneto,4905854,1024490,20.88,0.68
3038,2021-04-16,VEN,24471,10503,13968,11894,11893,684,ITH,ITH3,5,Veneto,Veneto,4905854,1048961,21.38,0.5
3039,2021-06-12,VEN,48701,24500,24201,36403,10832,1466,ITH,ITH3,5,Veneto,Veneto,4905854,1097662,22.37,0.99
3040,2021-08-06,VEN,38328,20918,17410,19865,17588,875,ITH,ITH3,5,Veneto,Veneto,4905854,1135990,23.16,0.78
3041,2021-04-28,VEN,32466,15198,17268,22252,9024,1190,ITH,ITH3,5,Veneto,Veneto,4905854,1168456,23.82,0.66
3042,2021-07-20,VEN,44378,23690,20688,6880,36990,508,ITH,ITH3,5,Veneto,Veneto,4905854,1212834,24.72,0.9
3043,2021-01-18,VEN,2766,778,1988,2560,201,5,ITH,ITH3,5,Veneto,Veneto,4905854,1215600,24.78,0.06
3044,2021-02-04,VEN,7397,2029,5368,550,6846,1,ITH,ITH3,5,Veneto,Veneto,4905854,1222997,24.93,0.15
3045,2021-08-08,VEN,20529,11401,9128,10674,9545,310,ITH,ITH3,5,Veneto,Veneto,4905854,1243526,25.35,0.42
3046,2021-05-12,VEN,37002,17912,19090,30251,5128,1623,ITH,ITH3,5,Veneto,Veneto,4905854,1280528,26.1,0.75
3047,2021-07-08,VEN,46730,24315,22415,4504,41925,301,ITH,ITH3,5,Veneto,Veneto,4905854,1327258,27.05,0.95
3048,2021-06-24,VEN,56222,28475,27747,17636,37900,686,ITH,ITH3,5,Veneto,Veneto,4905854,1383480,28.2,1.15
3049,2021-03-16,VEN,12538,5358,7180,6642,5626,270,ITH,ITH3,5,Veneto,Veneto,4905854,1396018,28.46,0.26
3050,2021-08-20,VEN,19442,10532,8910,11283,7568,591,ITH,ITH3,5,Veneto,Veneto,4905854,1415460,28.85,0.4
3051,2021-03-28,VEN,31315,13610,17705,26886,3615,814,ITH,ITH3,5,Veneto,Veneto,4905854,1446775,29.49,0.64
3052,2021-06-19,VEN,49305,25084,24221,25680,22595,1030,ITH,ITH3,5,Veneto,Veneto,4905854,1496080,30.5,1.01
3053,2021-07-06,VEN,36152,18627,17525,13208,22312,632,ITH,ITH3,5,Veneto,Veneto,4905854,1532232,31.23,0.74
3054,2021-04-14,VEN,15944,6916,9028,8766,6634,544,ITH,ITH3,5,Veneto,Veneto,4905854,1548176,31.56,0.32
3055,2021-01-04,VEN,6740,2037,4703,6738,0,2,ITH,ITH3,5,Veneto,Veneto,4905854,1554916,31.7,0.14
3056,2021-08-22,VEN,9246,5043,4203,5861,3107,278,ITH,ITH3,5,Veneto,Veneto,4905854,1564162,31.88,0.19
3057,2021-05-14,VEN,46837,22277,24560,24297,20956,1584,ITH,ITH3,5,Veneto,Veneto,4905854,1610999,32.84,0.95
3058,2021-05-10,VEN,36519,17087,19432,25416,9857,1246,ITH,ITH3,5,Veneto,Veneto,4905854,1647518,33.58,0.74
3059,2021-01-30,VEN,8764,2680,6084,690,8074,0,ITH,ITH3,5,Veneto,Veneto,4905854,1656282,33.76,0.18
3060,2021-03-07,VEN,4495,1769,2726,3862,560,73,ITH,ITH3,5,Veneto,Veneto,4905854,1660777,33.85,0.09
3061,2021-09-03,VEN,32011,17143,14868,7515,23703,793,ITH,ITH3,5,Veneto,Veneto,4905854,1692788,34.51,0.65
3062,2021-06-09,VEN,42833,21968,20865,33780,7503,1550,ITH,ITH3,5,Veneto,Veneto,4905854,1735621,35.38,0.87
3063,2021-06-28,VEN,47675,24126,23549,18424,28547,704,ITH,ITH3,5,Veneto,Veneto,4905854,1783296,36.35,0.97
3064,2021-01-25,VEN,6472,2077,4395,157,6315,0,ITH,ITH3,5,Veneto,Veneto,4905854,1789768,36.48,0.13
3065,2021-07-29,VEN,47538,25131,22407,20149,26543,846,ITH,ITH3,5,Veneto,Veneto,4905854,1837306,37.45,0.97
3066,2021-07-15,VEN,51447,26923,24524,6034,45036,377,ITH,ITH3,5,Veneto,Veneto,4905854,1888753,38.5,1.05
3067,2021-08-05,VEN,39220,21433,17787,15692,22920,608,ITH,ITH3,5,Veneto,Veneto,4905854,1927973,39.3,0.8
3068,2021-04-18,VEN,17531,7263,10268,9509,7567,455,ITH,ITH3,5,Veneto,Veneto,4905854,1945504,39.66,0.36
3069,2021-01-08,VEN,9416,2837,6579,9402,0,14,ITH,ITH3,5,Veneto,Veneto,4905854,1954920,39.85,0.19
3070,2021-01-13,VEN,5988,1606,4382,5985,0,3,ITH,ITH3,5,Veneto,Veneto,4905854,1960908,39.97,0.12
3071,2021-05-02,VEN,37247,17266,19981,25611,10331,1305,ITH,ITH3,5,Veneto,Veneto,4905854,1998155,40.73,0.76
3072,2021-06-14,VEN,42629,21560,21069,26296,15319,1014,ITH,ITH3,5,Veneto,Veneto,4905854,2040784,41.6,0.87
3073,2021-03-06,VEN,10687,4357,6330,7215,3280,192,ITH,ITH3,5,Veneto,Veneto,4905854,2051471,41.82,0.22
3074,2021-08-10,VEN,28482,15625,12857,16399,11475,608,ITH,ITH3,5,Veneto,Veneto,4905854,2079953,42.4,0.58
3075,2020-12-30,VEN,699,245,454,699,0,0,ITH,ITH3,5,Veneto,Veneto,4905854,2080652,42.41,0.01
3076,2021-08-12,VEN,24155,13078,11077,17287,6162,706,ITH,ITH3,5,Veneto,Veneto,4905854,2104807,42.9,0.49
3077,2021-04-30,VEN,50269,23622,26647,33170,15673,1426,ITH,ITH3,5,Veneto,Veneto,4905854,2155076,43.93,1.02
3078,2021-01-20,VEN,1039,368,671,387,652,0,ITH,ITH3,5,Veneto,Veneto,4905854,2156115,43.95,0.02
3079,2021-07-03,VEN,38704,20119,18585,11027,27102,575,ITH,ITH3,5,Veneto,Veneto,4905854,2194819,44.74,0.79
3080,2021-03-23,VEN,22228,10249,11979,16870,4717,641,ITH,ITH3,5,Veneto,Veneto,4905854,2217047,45.19,0.45
3081,2021-05-19,VEN,33160,15186,17974,16231,15994,935,ITH,ITH3,5,Veneto,Veneto,4905854,2250207,45.87,0.68
3082,2021-02-08,VEN,5007,1559,3448,1923,3078,6,ITH,ITH3,5,Veneto,Veneto,4905854,2255214,45.97,0.1
3083,2021-04-06,VEN,29032,13367,15665,23257,5046,729,ITH,ITH3,5,Veneto,Veneto,4905854,2284246,46.56,0.59
3084,2021-06-26,VEN,48091,24518,23573,13596,34005,490,ITH,ITH3,5,Veneto,Veneto,4905854,2332337,47.54,0.98
3085,2021-05-07,VEN,48652,23311,25341,37611,8682,2359,ITH,ITH3,5,Veneto,Veneto,4905854,2380989,48.53,0.99
3086,2021-01-27,VEN,7148,2069,5079,239,6908,1,ITH,ITH3,5,Veneto,Veneto,4905854,2388137,48.68,0.15
3087,2021-02-20,VEN,6432,2019,4413,6276,75,81,ITH,ITH3,5,Veneto,Veneto,4905854,2394569,48.81,0.13
3088,2021-06-02,VEN,20317,10239,10078,15349,4347,621,ITH,ITH3,5,Veneto,Veneto,4905854,2414886,49.22,0.41
3089,2021-08-24,VEN,19884,10598,9286,8898,10452,534,ITH,ITH3,5,Veneto,Veneto,4905854,2434770,49.63,0.41
3090,2021-04-20,VEN,22468,9508,12960,7882,14011,575,ITH,ITH3,5,Veneto,Veneto,4905854,2457238,50.09,0.46
3091,2021-08-17,VEN,19249,10459,8790,11198,7586,465,ITH,ITH3,5,Veneto,Veneto,4905854,2476487,50.48,0.39
3092,2021-05-09,VEN,35090,16144,18946,23791,10054,1245,ITH,ITH3,5,Veneto,Veneto,4905854,2511577,51.2,0.72
3093,2021-05-26,VEN,31165,15234,15931,13989,16496,680,ITH,ITH3,5,Veneto,Veneto,4905854,2542742,51.83,0.64
3094,2021-06-16,VEN,47796,23579,24217,25264,21439,1093,ITH,ITH3,5,Veneto,Veneto,4905854,2590538,52.81,0.97
3095,2021-01-01,VEN,1525,470,1055,1524,0,1,ITH,ITH3,5,Veneto,Veneto,4905854,2592063,52.84,0.03
3096,2021-03-25,VEN,25975,11063,14912,18971,6104,900,ITH,ITH3,5,Veneto,Veneto,4905854,2618038,53.37,0.53
3097,2021-04-11,VEN,21014,8878,12136,14228,6298,488,ITH,ITH3,5,Veneto,Veneto,4905854,2639052,53.79,0.43
3098,2021-07-22,VEN,48399,25128,23271,13314,34434,651,ITH,ITH3,5,Veneto,Veneto,4905854,2687451,54.78,0.99
3099,2021-04-13,VEN,14040,6328,7712,8058,5479,503,ITH,ITH3,5,Veneto,Veneto,4905854,2701491,55.07,0.29
3100,2021-07-05,VEN,39144,20285,18859,14152,24196,796,ITH,ITH3,5,Veneto,Veneto,4905854,2740635,55.86,0.8
3101,2021-01-03,VEN,5158,1562,3596,5158,0,0,ITH,ITH3,5,Veneto,Veneto,4905854,2745793,55.97,0.11
3102,2021-03-08,VEN,13644,6282,7362,9304,4077,263,ITH,ITH3,5,Veneto,Veneto,4905854,2759437,56.25,0.28
3103,2021-06-07,VEN,44700,23319,21381,36175,7043,1482,ITH,ITH3,5,Veneto,Veneto,4905854,2804137,57.16,0.91
3104,2021-02-27,VEN,8994,2693,6301,7965,849,180,ITH,ITH3,5,Veneto,Veneto,4905854,2813131,57.34,0.18
3105,2021-03-04,VEN,12990,4890,8100,9120,3479,391,ITH,ITH3,5,Veneto,Veneto,4905854,2826121,57.61,0.26
3106,2021-02-01,VEN,8563,2502,6061,157,8406,0,ITH,ITH3,5,Veneto,Veneto,4905854,2834684,57.78,0.17
3107,2021-02-15,VEN,4392,1827,2565,4143,240,9,ITH,ITH3,5,Veneto,Veneto,4905854,2839076,57.87,0.09
3108,2021-03-30,VEN,36008,15317,20691,29735,5253,1020,ITH,ITH3,5,Veneto,Veneto,4905854,2875084,58.61,0.73
3109,2021-08-02,VEN,40098,21034,19064,16299,23170,629,ITH,ITH3,5,Veneto,Veneto,4905854,2915182,59.42,0.82
3110,2021-04-10,VEN,27483,11987,15496,18377,8474,632,ITH,ITH3,5,Veneto,Veneto,4905854,2942665,59.98,0.56
3111,2021-06-06,VEN,37451,19174,18277,31496,4732,1223,ITH,ITH3,5,Veneto,Veneto,4905854,2980116,60.75,0.76
3112,2020-12-27,VEN,880,395,485,880,0,0,ITH,ITH3,5,Veneto,Veneto,4905854,2980996,60.76,0.02
3113,2021-05-30,VEN,22550,11273,11277,15206,6691,653,ITH,ITH3,5,Veneto,Veneto,4905854,3003546,61.22,0.46
3114,2021-07-26,VEN,43647,22945,20702,16997,26016,634,ITH,ITH3,5,Veneto,Veneto,4905854,3047193,62.11,0.89
3115,2021-07-07,VEN,40984,21325,19659,15646,24543,795,ITH,ITH3,5,Veneto,Veneto,4905854,3088177,62.95,0.84
3116,2021-08-19,VEN,19544,10651,8893,12200,6810,534,ITH,ITH3,5,Veneto,Veneto,4905854,3107721,63.35,0.4
3117,2021-05-11,VEN,33197,16515,16682,27145,4729,1323,ITH,ITH3,5,Veneto,Veneto,4905854,3140918,64.02,0.68
3118,2021-01-22,VEN,1080,332,748,25,1055,0,ITH,ITH3,5,Veneto,Veneto,4905854,3141998,64.05,0.02
3119,2021-02-13,VEN,3267,1473,1794,3231,20,16,ITH,ITH3,5,Veneto,Veneto,4905854,3145265,64.11,0.07
3120,2021-03-11,VEN,19838,8893,10945,13796,5576,466,ITH,ITH3,5,Veneto,Veneto,4905854,3165103,64.52,0.4
3121,2021-04-27,VEN,28214,12799,15415,20135,6916,1163,ITH,ITH3,5,Veneto,Veneto,4905854,3193317,65.09,0.58
3122,2021-08-21,VEN,12159,6863,5296,8265,3377,517,ITH,ITH3,5,Veneto,Veneto,4905854,3205476,65.34,0.25
3123,2021-05-04,VEN,43032,20383,22649,33358,8033,1641,ITH,ITH3,5,Veneto,Veneto,4905854,3248508,66.22,0.88
3124,2021-01-24,VEN,4117,1219,2898,28,4089,0,ITH,ITH3,5,Veneto,Veneto,4905854,3252625,66.3,0.08
3125,2021-04-07,VEN,36063,16205,19858,27608,7341,1114,ITH,ITH3,5,Veneto,Veneto,4905854,3288688,67.04,0.74
3126,2021-07-16,VEN,44736,24065,20671,6956,37319,461,ITH,ITH3,5,Veneto,Veneto,4905854,3333424,67.95,0.91
3127,2021-01-31,VEN,4789,1566,3223,408,4381,0,ITH,ITH3,5,Veneto,Veneto,4905854,3338213,68.05,0.1
3128,2021-03-29,VEN,31474,13706,17768,26652,3827,995,ITH,ITH3,5,Veneto,Veneto,4905854,3369687,68.69,0.64
3129,2021-05-13,VEN,44343,21882,22461,32583,9918,1842,ITH,ITH3,5,Veneto,Veneto,4905854,3414030,69.59,0.9
3130,2021-02-02,VEN,6515,1881,4634,396,6119,0,ITH,ITH3,5,Veneto,Veneto,4905854,3420545,69.72,0.13
3131,2021-07-09,VEN,45090,23781,21309,4126,40679,285,ITH,ITH3,5,Veneto,Veneto,4905854,3465635,70.64,0.92
3132,2021-08-31,VEN,19691,10393,9298,6972,12122,597,ITH,ITH3,5,Veneto,Veneto,4905854,3485326,71.04,0.4
3133,2021-03-01,VEN,9395,3717,5678,7410,1822,163,ITH,ITH3,5,Veneto,Veneto,4905854,3494721,71.24,0.19
3134,2021-07-12,VEN,43248,22782,20466,4014,38913,321,ITH,ITH3,5,Veneto,Veneto,4905854,3537969,72.12,0.88
3135,2021-04-03,VEN,21992,9645,12347,13865,7722,405,ITH,ITH3,5,Veneto,Veneto,4905854,3559961,72.57,0.45
3136,2021-03-20,VEN,13036,5393,7643,10658,2082,296,ITH,ITH3,5,Veneto,Veneto,4905854,3572997,72.83,0.27
3137,2021-01-17,VEN,1933,781,1152,1584,349,0,ITH,ITH3,5,Veneto,Veneto,4905854,3574930,72.87,0.04
3138,2021-02-03,VEN,5955,1672,4283,474,5477,4,ITH,ITH3,5,Veneto,Veneto,4905854,3580885,72.99,0.12
3139,2021-08-07,VEN,28944,16289,12655,16328,12067,549,ITH,ITH3,5,Veneto,Veneto,4905854,3609829,73.58,0.59
3140,2021-04-29,VEN,50332,23413,26919,35410,13184,1738,ITH,ITH3,5,Veneto,Veneto,4905854,3660161,74.61,1.03
3141,2021-07-21,VEN,43276,22338,20938,8699,34080,497,ITH,ITH3,5,Veneto,Veneto,4905854,3703437,75.49,0.88
3142,2021-02-05,VEN,8390,2541,5849,1409,6972,9,ITH,ITH3,5,Veneto,Veneto,4905854,3711827,75.66,0.17
3143,2021-02-22,VEN,7019,3044,3975,6581,391,47,ITH,ITH3,5,Veneto,Veneto,4905854,3718846,75.8,0.14
3144,2021-05-16,VEN,28423,14015,14408,20321,7081,1021,ITH,ITH3,5,Veneto,Veneto,4905854,3747269,76.38,0.58
3145,2021-08-09,VEN,34767,18642,16125,17133,16863,771,ITH,ITH3,5,Veneto,Veneto,4905854,3782036,77.09,0.71
3146,2021-08-26,VEN,22305,11881,10424,8316,13383,606,ITH,ITH3,5,Veneto,Veneto,4905854,3804341,77.55,0.45
3147,2021-06-18,VEN,53662,26781,26881,23984,28637,1041,ITH,ITH3,5,Veneto,Veneto,4905854,3858003,78.64,1.09
3148,2021-03-27,VEN,32093,14018,18075,25378,5807,908,ITH,ITH3,5,Veneto,Veneto,4905854,3890096,79.29,0.65
3149,2021-06-03,VEN,54535,28045,26490,40876,12005,1654,ITH,ITH3,5,Veneto,Veneto,4905854,3944631,80.41,1.11
3150,2021-06-20,VEN,41209,20064,21145,18927,21542,740,ITH,ITH3,5,Veneto,Veneto,4905854,3985840,81.25,0.84
3151,2021-02-19,VEN,7323,3141,4182,6995,204,124,ITH,ITH3,5,Veneto,Veneto,4905854,3993163,81.4,0.15
3152,2021-08-23,VEN,24510,13025,11485,10566,13232,712,ITH,ITH3,5,Veneto,Veneto,4905854,4017673,81.9,0.5
3153,2021-08-03,VEN,40730,21561,19169,17585,22427,718,ITH,ITH3,5,Veneto,Veneto,4905854,4058403,82.73,0.83
3154,2021-04-25,VEN,18335,8155,10180,12904,4835,596,ITH,ITH3,5,Veneto,Veneto,4905854,4076738,83.1,0.37
3155,2021-06-21,VEN,44338,22191,22147,20464,22966,908,ITH,ITH3,5,Veneto,Veneto,4905854,4121076,84.0,0.9
3156,2021-01-06,VEN,8142,2391,5751,8139,0,3,ITH,ITH3,5,Veneto,Veneto,4905854,4129218,84.17,0.17
3157,2021-06-23,VEN,49369,24459,24910,14558,34013,798,ITH,ITH3,5,Veneto,Veneto,4905854,4178587,85.18,1.01
3158,2021-09-02,VEN,22622,12061,10561,6054,15773,795,ITH,ITH3,5,Veneto,Veneto,4905854,4201209,85.64,0.46
3159,2021-03-03,VEN,12101,4648,7453,8388,3502,211,ITH,ITH3,5,Veneto,Veneto,4905854,4213310,85.88,0.25
3160,2021-06-11,VEN,47321,24620,22701,34710,11183,1428,ITH,ITH3,5,Veneto,Veneto,4905854,4260631,86.85,0.96
3161,2021-06-25,VEN,51717,26166,25551,15072,36005,640,ITH,ITH3,5,Veneto,Veneto,4905854,4312348,87.9,1.05
3162,2021-07-14,VEN,43627,22429,21198,5282,37951,394,ITH,ITH3,5,Veneto,Veneto,4905854,4355975,88.79,0.89
3163,2021-04-22,VEN,32077,13946,18131,15472,15780,825,ITH,ITH3,5,Veneto,Veneto,4905854,4388052,89.45,0.65
3164,2021-07-31,VEN,35166,18894,16272,17027,17499,640,ITH,ITH3,5,Veneto,Veneto,4905854,4423218,90.16,0.72
3165,2021-08-14,VEN,9918,5809,4109,7269,2401,248,ITH,ITH3,5,Veneto,Veneto,4905854,4433136,90.36,0.2
3166,2021-07-19,VEN,44749,23570,21179,7966,36389,394,ITH,ITH3,5,Veneto,Veneto,4905854,4477885,91.28,0.91
3167,2021-02-26,VEN,8299,3274,5025,6944,1260,95,ITH,ITH3,5,Veneto,Veneto,4905854,4486184,91.45,0.17
3168,2021-04-24,VEN,24770,10832,13938,14966,9080,724,ITH,ITH3,5,Veneto,Veneto,4905854,4510954,91.95,0.5
3169,2021-03-31,VEN,38978,16460,22518,30421,7507,1050,ITH,ITH3,5,Veneto,Veneto,4905854,4549932,92.74,0.79
3170,2021-07-11,VEN,34239,17926,16313,3702,30284,253,ITH,ITH3,5,Veneto,Veneto,4905854,4584171,93.44,0.7
3171,2020-12-31,VEN,3221,1042,2179,3221,0,0,ITH,ITH3,5,Veneto,Veneto,4905854,4587392,93.51,0.07
3172,2021-07-04,VEN,33887,17580,16307,14996,18289,602,ITH,ITH3,5,Veneto,Veneto,4905854,4621279,94.2,0.69
3173,2021-04-12,VEN,14919,6345,8574,6399,8218,302,ITH,ITH3,5,Veneto,Veneto,4905854,4636198,94.5,0.3
3174,2021-01-02,VEN,5743,1767,3976,5742,0,1,ITH,ITH3,5,Veneto,Veneto,4905854,4641941,94.62,0.12
3175,2021-01-19,VEN,1313,475,838,1163,149,1,ITH,ITH3,5,Veneto,Veneto,4905854,4643254,94.65,0.03
3176,2021-07-23,VEN,44502,23461,21041,15143,28787,572,ITH,ITH3,5,Veneto,Veneto,4905854,4687756,95.55,0.91
3177,2021-02-21,VEN,4640,1212,3428,4516,5,119,ITH,ITH3,5,Veneto,Veneto,4905854,4692396,95.65,0.09
3178,2021-05-15,VEN,36275,17520,18755,24820,10023,1432,ITH,ITH3,5,Veneto,Veneto,4905854,4728671,96.39,0.74
3179,2021-06-01,VEN,26995,13569,13426,15789,10559,647,ITH,ITH3,5,Veneto,Veneto,4905854,4755666,96.94,0.55
3180,2021-03-10,VEN,19043,8728,10315,12958,5686,399,ITH,ITH3,5,Veneto,Veneto,4905854,4774709,97.33,0.39
3181,2021-01-14,VEN,7066,1927,5139,7046,0,20,ITH,ITH3,5,Veneto,Veneto,4905854,4781775,97.47,0.14
3182,2021-03-12,VEN,18664,8196,10468,11329,6752,583,ITH,ITH3,5,Veneto,Veneto,4905854,4800439,97.85,0.38
3183,2021-04-17,VEN,22451,9099,13352,14374,7278,799,ITH,ITH3,5,Veneto,Veneto,4905854,4822890,98.31,0.46
3184,2021-01-07,VEN,8361,2317,6044,8360,0,1,ITH,ITH3,5,Veneto,Veneto,4905854,4831251,98.48,0.17
3185,2021-06-13,VEN,37345,19259,18086,29320,6957,1068,ITH,ITH3,5,Veneto,Veneto,4905854,4868596,99.24,0.76
3186,2021-01-21,VEN,2294,719,1575,19,2275,0,ITH,ITH3,5,Veneto,Veneto,4905854,4870890,99.29,0.05
3187,2021-03-05,VEN,13341,5023,8318,9223,3674,444,ITH,ITH3,5,Veneto,Veneto,4905854,4884231,99.56,0.27
3188,2021-06-08,VEN,43858,22676,21182,36189,6152,1517,ITH,ITH3,5,Veneto,Veneto,4905854,4928089,100.45,0.89
3189,2021-05-25,VEN,27870,13453,14417,11275,16096,499,ITH,ITH3,5,Veneto,Veneto,4905854,4955959,101.02,0.57
3190,2021-02-14,VEN,125,55,70,112,13,0,ITH,ITH3,5,Veneto,Veneto,4905854,4956084,101.02,0.0
3191,2021-02-28,VEN,4136,1389,2747,3224,837,75,ITH,ITH3,5,Veneto,Veneto,4905854,4960220,101.11,0.08
3192,2021-03-17,VEN,14646,5991,8655,7526,6797,323,ITH,ITH3,5,Veneto,Veneto,4905854,4974866,101.41,0.3
3193,2021-07-28,VEN,40300,20922,19378,12055,27795,450,ITH,ITH3,5,Veneto,Veneto,4905854,5015166,102.23,0.82
3194,2021-01-12,VEN,5231,1517,3714,5223,0,8,ITH,ITH3,5,Veneto,Veneto,4905854,5020397,102.33,0.11
3195,2021-04-19,VEN,21559,8930,12629,4711,16420,428,ITH,ITH3,5,Veneto,Veneto,4905854,5041956,102.77,0.44
3196,2021-04-05,VEN,19165,8376,10789,13422,5439,304,ITH,ITH3,5,Veneto,Veneto,4905854,5061121,103.16,0.39
3197,2021-01-26,VEN,6925,2092,4833,149,6776,0,ITH,ITH3,5,Veneto,Veneto,4905854,5068046,103.31,0.14
3198,2021-05-06,VEN,47055,22067,24988,36577,8498,1980,ITH,ITH3,5,Veneto,Veneto,4905854,5115101,104.27,0.96
3199,2021-05-01,VEN,38877,18252,20625,28714,8929,1234,ITH,ITH3,5,Veneto,Veneto,4905854,5153978,105.06,0.79
3200,2021-01-10,VEN,5036,1673,3363,5035,0,1,ITH,ITH3,5,Veneto,Veneto,4905854,5159014,105.16,0.1
3201,2021-05-23,VEN,34492,16470,18022,10621,23400,471,ITH,ITH3,5,Veneto,Veneto,4905854,5193506,105.86,0.7
3202,2021-02-12,VEN,4314,1446,2868,3671,572,71,ITH,ITH3,5,Veneto,Veneto,4905854,5197820,105.95,0.09
3203,2021-01-29,VEN,9029,2789,6240,365,8664,0,ITH,ITH3,5,Veneto,Veneto,4905854,5206849,106.14,0.18
3204,2021-05-08,VEN,41528,18786,22742,28260,11836,1432,ITH,ITH3,5,Veneto,Veneto,4905854,5248377,106.98,0.85
3205,2021-07-30,VEN,45576,24240,21336,22623,22081,872,ITH,ITH3,5,Veneto,Veneto,4905854,5293953,107.91,0.93
3206,2021-08-16,VEN,19706,10669,9037,12949,6170,587,ITH,ITH3,5,Veneto,Veneto,4905854,5313659,108.31,0.4
3207,2021-06-27,VEN,40242,20559,19683,15352,24311,579,ITH,ITH3,5,Veneto,Veneto,4905854,5353901,109.13,0.82
3208,2021-03-19,VEN,13804,5672,8132,7403,6106,295,ITH,ITH3,5,Veneto,Veneto,4905854,5367705,109.41,0.28
3209,2021-03-15,VEN,16673,7331,9342,10957,5212,504,ITH,ITH3,5,Veneto,Veneto,4905854,5384378,109.75,0.34
3210,2021-05-18,VEN,27035,12552,14483,12636,13638,761,ITH,ITH3,5,Veneto,Veneto,4905854,5411413,110.31,0.55
3211,2021-06-30,VEN,45818,23103,22715,17874,27195,749,ITH,ITH3,5,Veneto,Veneto,4905854,5457231,111.24,0.93
3212,2021-03-22,VEN,18156,8184,9972,12586,5050,520,ITH,ITH3,5,Veneto,Veneto,4905854,5475387,111.61,0.37
3213,2021-03-13,VEN,17241,7312,9929,13736,3132,373,ITH,ITH3,5,Veneto,Veneto,4905854,5492628,111.96,0.35
3214,2021-01-15,VEN,5878,1819,4059,5872,0,6,ITH,ITH3,5,Veneto,Veneto,4905854,5498506,112.08,0.12
3215,2021-08-28,VEN,20851,11584,9267,8637,11477,737,ITH,ITH3,5,Veneto,Veneto,4905854,5519357,112.51,0.43
3216,2021-05-20,VEN,44850,21262,23588,19365,24379,1106,ITH,ITH3,5,Veneto,Veneto,4905854,5564207,113.42,0.91
3217,2021-02-09,VEN,5250,1892,3358,3431,1806,13,ITH,ITH3,5,Veneto,Veneto,4905854,5569457,113.53,0.11
3218,2021-08-30,VEN,26885,14248,12637,7968,18300,617,ITH,ITH3,5,Veneto,Veneto,4905854,5596342,114.07,0.55
3219,2021-09-04,VEN,23557,12874,10683,6037,16869,651,ITH,ITH3,5,Veneto,Veneto,4905854,5619899,114.55,0.48
3220,2021-05-27,VEN,46668,22924,23744,22366,23257,1045,ITH,ITH3,5,Veneto,Veneto,4905854,5666567,115.51,0.95
3221,2021-02-07,VEN,2316,863,1453,714,1601,1,ITH,ITH3,5,Veneto,Veneto,4905854,5668883,115.55,0.05
3222,2021-09-06,VEN,28197,15154,13043,5789,21727,681,ITH,ITH3,5,Veneto,Veneto,4905854,5697080,116.13,0.57
3223,2021-07-02,VEN,49566,25141,24425,16292,32492,782,ITH,ITH3,5,Veneto,Veneto,4905854,5746646,117.14,1.01
3224,2021-03-24,VEN,22126,9581,12545,14668,6806,652,ITH,ITH3,5,Veneto,Veneto,4905854,5768772,117.59,0.45
3225,2021-05-03,VEN,40711,19812,20899,32802,6439,1470,ITH,ITH3,5,Veneto,Veneto,4905854,5809483,118.42,0.83
3226,2021-05-28,VEN,46964,22979,23985,23678,22079,1207,ITH,ITH3,5,Veneto,Veneto,4905854,5856447,119.38,0.96
3227,2021-07-24,VEN,41706,22362,19344,13298,27773,635,ITH,ITH3,5,Veneto,Veneto,4905854,5898153,120.23,0.85
3228,2021-07-10,VEN,43197,23216,19981,6303,36541,353,ITH,ITH3,5,Veneto,Veneto,4905854,5941350,121.11,0.88
3229,2021-09-05,VEN,15178,8386,6792,3467,11419,292,ITH,ITH3,5,Veneto,Veneto,4905854,5956528,121.42,0.31
3230,2021-07-17,VEN,40612,21484,19128,4295,35974,343,ITH,ITH3,5,Veneto,Veneto,4905854,5997140,122.24,0.83
3231,2021-08-29,VEN,13383,7345,6038,4492,8569,322,ITH,ITH3,5,Veneto,Veneto,4905854,6010523,122.52,0.27
3232,2021-05-21,VEN,44864,22065,22799,19801,23957,1106,ITH,ITH3,5,Veneto,Veneto,4905854,6055387,123.43,0.91
3233,2021-02-17,VEN,6022,2772,3250,5900,94,28,ITH,ITH3,5,Veneto,Veneto,4905854,6061409,123.55,0.12
3234,2021-04-01,VEN,25405,11197,14208,18215,6414,776,ITH,ITH3,5,Veneto,Veneto,4905854,6086814,124.07,0.52
3235,2021-04-15,VEN,20942,8654,12288,9361,10833,748,ITH,ITH3,5,Veneto,Veneto,4905854,6107756,124.5,0.43
3236,2021-01-05,VEN,7335,2186,5149,7333,0,2,ITH,ITH3,5,Veneto,Veneto,4905854,6115091,124.65,0.15
3237,2021-02-10,VEN,4762,1593,3169,3692,1061,9,ITH,ITH3,5,Veneto,Veneto,4905854,6119853,124.75,0.1
3238,2021-04-08,VEN,32409,14388,18021,23347,7886,1176,ITH,ITH3,5,Veneto,Veneto,4905854,6152262,125.41,0.66
3239,2021-06-04,VEN,49655,25841,23814,39836,8143,1676,ITH,ITH3,5,Veneto,Veneto,4905854,6201917,126.42,1.01
3240,2021-02-24,VEN,8622,3680,4942,7999,489,134,ITH,ITH3,5,Veneto,Veneto,4905854,6210539,126.59,0.18
3241,2021-06-22,VEN,43746,21630,22116,18505,24389,852,ITH,ITH3,5,Veneto,Veneto,4905854,6254285,127.49,0.89
3242,2021-08-18,VEN,23308,12561,10747,14182,8440,686,ITH,ITH3,5,Veneto,Veneto,4905854,6277593,127.96,0.48
3243,2021-08-04,VEN,42443,22670,19773,22581,18764,1098,ITH,ITH3,5,Veneto,Veneto,4905854,6320036,128.83,0.87
3244,2021-04-26,VEN,20733,9461,11272,14912,5140,681,ITH,ITH3,5,Veneto,Veneto,4905854,6340769,129.25,0.42
3245,2021-06-15,VEN,47842,24302,23540,29143,17545,1154,ITH,ITH3,5,Veneto,Veneto,4905854,6388611,130.22,0.98
3246,2021-08-11,VEN,26774,14788,11986,15632,10567,575,ITH,ITH3,5,Veneto,Veneto,4905854,6415385,130.77,0.55
3247,2021-02-28,LIG,1060,580,480,1048,11,1,ITC,ITC3,7,Liguria,Liguria,1550640,1060,0.07,0.07
3248,2021-09-01,LIG,8485,4464,4021,2713,5708,64,ITC,ITC3,7,Liguria,Liguria,1550640,9545,0.62,0.55
3249,2021-08-30,LIG,9780,5221,4559,2471,7235,74,ITC,ITC3,7,Liguria,Liguria,1550640,19325,1.25,0.63
3250,2021-02-11,LIG,1989,771,1218,1092,888,9,ITC,ITC3,7,Liguria,Liguria,1550640,21314,1.37,0.13
3251,2021-05-22,LIG,6657,3222,3435,4879,1687,91,ITC,ITC3,7,Liguria,Liguria,1550640,27971,1.8,0.43
3252,2021-06-10,LIG,18892,9740,9152,13130,5672,90,ITC,ITC3,7,Liguria,Liguria,1550640,46863,3.02,1.22
3253,2021-03-19,LIG,5301,2236,3065,2098,3152,51,ITC,ITC3,7,Liguria,Liguria,1550640,52164,3.36,0.34
3254,2021-03-02,LIG,4081,1693,2388,3763,310,8,ITC,ITC3,7,Liguria,Liguria,1550640,56245,3.63,0.26
3255,2021-07-11,LIG,2151,1194,957,1231,903,17,ITC,ITC3,7,Liguria,Liguria,1550640,58396,3.77,0.14
3256,2021-07-18,LIG,2384,1223,1161,386,1984,14,ITC,ITC3,7,Liguria,Liguria,1550640,60780,3.92,0.15
3257,2021-06-05,LIG,8105,4126,3979,4923,3157,25,ITC,ITC3,7,Liguria,Liguria,1550640,68885,4.44,0.52
3258,2021-04-09,LIG,12482,5568,6914,10559,1787,136,ITC,ITC3,7,Liguria,Liguria,1550640,81367,5.25,0.8
3259,2021-03-31,LIG,11953,5290,6663,9071,2780,102,ITC,ITC3,7,Liguria,Liguria,1550640,93320,6.02,0.77
3260,2021-08-01,LIG,1489,856,633,152,1337,0,ITC,ITC3,7,Liguria,Liguria,1550640,94809,6.11,0.1
3261,2021-02-16,LIG,2430,958,1472,1995,430,5,ITC,ITC3,7,Liguria,Liguria,1550640,97239,6.27,0.16
3262,2021-07-23,LIG,20004,10306,9698,5129,14767,108,ITC,ITC3,7,Liguria,Liguria,1550640,117243,7.56,1.29
3263,2021-05-27,LIG,17010,8719,8291,12678,4173,159,ITC,ITC3,7,Liguria,Liguria,1550640,134253,8.66,1.1
3264,2021-04-14,LIG,13084,5675,7409,10751,2211,122,ITC,ITC3,7,Liguria,Liguria,1550640,147337,9.5,0.84
3265,2021-03-26,LIG,9357,4040,5317,6093,3157,107,ITC,ITC3,7,Liguria,Liguria,1550640,156694,10.11,0.6
3266,2021-07-04,LIG,4861,2582,2279,3808,1001,52,ITC,ITC3,7,Liguria,Liguria,1550640,161555,10.42,0.31
3267,2021-01-02,LIG,693,247,446,693,0,0,ITC,ITC3,7,Liguria,Liguria,1550640,162248,10.46,0.04
3268,2021-03-14,LIG,1659,752,907,1043,604,12,ITC,ITC3,7,Liguria,Liguria,1550640,163907,10.57,0.11
3269,2021-08-18,LIG,12197,6581,5616,4243,7838,116,ITC,ITC3,7,Liguria,Liguria,1550640,176104,11.36,0.79
3270,2021-06-22,LIG,15802,7466,8336,7624,8119,59,ITC,ITC3,7,Liguria,Liguria,1550640,191906,12.38,1.02
3271,2021-07-06,LIG,12371,6073,6298,5638,6651,82,ITC,ITC3,7,Liguria,Liguria,1550640,204277,13.17,0.8
3272,2021-05-10,LIG,12662,5649,7013,6202,6382,78,ITC,ITC3,7,Liguria,Liguria,1550640,216939,13.99,0.82
3273,2021-04-26,LIG,10590,4996,5594,7863,2642,85,ITC,ITC3,7,Liguria,Liguria,1550640,227529,14.67,0.68
3274,2021-01-16,LIG,1279,558,721,1274,0,5,ITC,ITC3,7,Liguria,Liguria,1550640,228808,14.76,0.08
3275,2021-02-02,LIG,2675,1007,1668,127,2546,2,ITC,ITC3,7,Liguria,Liguria,1550640,231483,14.93,0.17
3276,2021-04-28,LIG,14469,6527,7942,6382,8000,87,ITC,ITC3,7,Liguria,Liguria,1550640,245952,15.86,0.93
3277,2021-08-06,LIG,12207,6202,6005,3968,8122,117,ITC,ITC3,7,Liguria,Liguria,1550640,258159,16.65,0.79
3278,2021-02-04,LIG,2820,990,1830,177,2643,0,ITC,ITC3,7,Liguria,Liguria,1550640,260979,16.83,0.18
3279,2021-01-28,LIG,2851,972,1879,37,2814,0,ITC,ITC3,7,Liguria,Liguria,1550640,263830,17.01,0.18
3280,2021-01-09,LIG,1338,484,854,1337,0,1,ITC,ITC3,7,Liguria,Liguria,1550640,265168,17.1,0.09
3281,2021-04-19,LIG,12841,5622,7219,8918,3834,89,ITC,ITC3,7,Liguria,Liguria,1550640,278009,17.93,0.83
3282,2021-07-13,LIG,13102,6444,6658,3475,9581,46,ITC,ITC3,7,Liguria,Liguria,1550640,291111,18.77,0.84
3283,2021-06-24,LIG,11157,5449,5708,6232,4856,69,ITC,ITC3,7,Liguria,Liguria,1550640,302268,19.49,0.72
3284,2021-04-02,LIG,11796,5223,6573,9221,2489,86,ITC,ITC3,7,Liguria,Liguria,1550640,314064,20.25,0.76
3285,2021-04-21,LIG,14295,6461,7834,8861,5345,89,ITC,ITC3,7,Liguria,Liguria,1550640,328359,21.18,0.92
3286,2021-07-30,LIG,16078,8329,7749,4665,11333,80,ITC,ITC3,7,Liguria,Liguria,1550640,344437,22.21,1.04
3287,2021-08-13,LIG,10887,5621,5266,3930,6868,89,ITC,ITC3,7,Liguria,Liguria,1550640,355324,22.91,0.7
3288,2021-05-08,LIG,7540,3337,4203,2274,5228,38,ITC,ITC3,7,Liguria,Liguria,1550640,362864,23.4,0.49
3289,2021-01-25,LIG,2734,893,1841,475,2258,1,ITC,ITC3,7,Liguria,Liguria,1550640,365598,23.58,0.18
3290,2021-05-05,LIG,13725,6143,7582,5178,8463,84,ITC,ITC3,7,Liguria,Liguria,1550640,379323,24.46,0.89
3291,2020-12-28,LIG,80,30,50,80,0,0,ITC,ITC3,7,Liguria,Liguria,1550640,379403,24.47,0.01
3292,2021-06-03,LIG,15550,7707,7843,9111,6390,49,ITC,ITC3,7,Liguria,Liguria,1550640,394953,25.47,1.0
3293,2021-04-07,LIG,13694,6115,7579,11311,2292,91,ITC,ITC3,7,Liguria,Liguria,1550640,408647,26.35,0.88
3294,2021-02-23,LIG,3809,1559,2250,3663,109,37,ITC,ITC3,7,Liguria,Liguria,1550640,412456,26.6,0.25
3295,2021-08-10,LIG,13124,6553,6571,4276,8710,138,ITC,ITC3,7,Liguria,Liguria,1550640,425580,27.45,0.85
3296,2021-06-14,LIG,15165,7321,7844,8215,6878,72,ITC,ITC3,7,Liguria,Liguria,1550640,440745,28.42,0.98
3297,2021-05-29,LIG,6874,3255,3619,3976,2873,25,ITC,ITC3,7,Liguria,Liguria,1550640,447619,28.87,0.44
3298,2021-09-06,LIG,8015,4141,3874,2729,5193,93,ITC,ITC3,7,Liguria,Liguria,1550640,455634,29.38,0.52
3299,2021-07-25,LIG,6405,3273,3132,652,5743,10,ITC,ITC3,7,Liguria,Liguria,1550640,462039,29.8,0.41
3300,2021-02-09,LIG,1956,696,1260,263,1691,2,ITC,ITC3,7,Liguria,Liguria,1550640,463995,29.92,0.13
3301,2021-06-15,LIG,17400,8469,8931,9270,8066,64,ITC,ITC3,7,Liguria,Liguria,1550640,481395,31.04,1.12
3302,2021-03-07,LIG,1915,1139,776,1602,301,12,ITC,ITC3,7,Liguria,Liguria,1550640,483310,31.17,0.12
3303,2021-06-17,LIG,16706,7940,8766,9088,7541,77,ITC,ITC3,7,Liguria,Liguria,1550640,500016,32.25,1.08
3304,2021-05-03,LIG,13267,5922,7345,6358,6822,87,ITC,ITC3,7,Liguria,Liguria,1550640,513283,33.1,0.86
3305,2021-08-11,LIG,13121,6729,6392,4786,8227,108,ITC,ITC3,7,Liguria,Liguria,1550640,526404,33.95,0.85
3306,2021-03-21,LIG,551,220,331,69,482,0,ITC,ITC3,7,Liguria,Liguria,1550640,526955,33.98,0.04
3307,2021-08-25,LIG,9342,5029,4313,3221,6019,102,ITC,ITC3,7,Liguria,Liguria,1550640,536297,34.59,0.6
3308,2021-01-23,LIG,813,297,516,156,657,0,ITC,ITC3,7,Liguria,Liguria,1550640,537110,34.64,0.05
3309,2021-06-29,LIG,15187,7234,7953,8644,6459,84,ITC,ITC3,7,Liguria,Liguria,1550640,552297,35.62,0.98
3310,2021-05-17,LIG,12046,5527,6519,8610,3371,65,ITC,ITC3,7,Liguria,Liguria,1550640,564343,36.39,0.78
3311,2021-05-15,LIG,7324,3276,4048,4297,2961,66,ITC,ITC3,7,Liguria,Liguria,1550640,571667,36.87,0.47
3312,2021-02-21,LIG,868,490,378,862,4,2,ITC,ITC3,7,Liguria,Liguria,1550640,572535,36.92,0.06
3313,2021-01-21,LIG,1109,385,724,677,431,1,ITC,ITC3,7,Liguria,Liguria,1550640,573644,36.99,0.07
3314,2021-08-20,LIG,9368,4975,4393,3108,6172,88,ITC,ITC3,7,Liguria,Liguria,1550640,583012,37.6,0.6
3315,2021-01-14,LIG,2983,1056,1927,2982,0,1,ITC,ITC3,7,Liguria,Liguria,1550640,585995,37.79,0.19
3316,2021-08-15,LIG,1411,785,626,850,528,33,ITC,ITC3,7,Liguria,Liguria,1550640,587406,37.88,0.09
3317,2021-05-24,LIG,11892,5595,6297,9281,2511,100,ITC,ITC3,7,Liguria,Liguria,1550640,599298,38.65,0.77
3318,2021-05-07,LIG,13617,6049,7568,5714,7812,91,ITC,ITC3,7,Liguria,Liguria,1550640,612915,39.53,0.88
3319,2021-02-13,LIG,1080,508,572,797,280,3,ITC,ITC3,7,Liguria,Liguria,1550640,613995,39.6,0.07
3320,2021-06-07,LIG,15719,7671,8048,8629,7037,53,ITC,ITC3,7,Liguria,Liguria,1550640,629714,40.61,1.01
3321,2021-02-25,LIG,3459,1349,2110,3307,130,22,ITC,ITC3,7,Liguria,Liguria,1550640,633173,40.83,0.22
3322,2021-04-23,LIG,14697,6652,8045,8458,6129,110,ITC,ITC3,7,Liguria,Liguria,1550640,647870,41.78,0.95
3323,2021-03-11,LIG,6424,3103,3321,4359,2014,51,ITC,ITC3,7,Liguria,Liguria,1550640,654294,42.2,0.41
3324,2021-01-13,LIG,2761,1016,1745,2760,0,1,ITC,ITC3,7,Liguria,Liguria,1550640,657055,42.37,0.18
3325,2021-01-04,LIG,2624,857,1767,2623,0,1,ITC,ITC3,7,Liguria,Liguria,1550640,659679,42.54,0.17
3326,2021-08-03,LIG,14133,7219,6914,3976,10065,92,ITC,ITC3,7,Liguria,Liguria,1550640,673812,43.45,0.91
3327,2021-06-21,LIG,14848,7043,7805,8520,6254,74,ITC,ITC3,7,Liguria,Liguria,1550640,688660,44.41,0.96
3328,2021-06-02,LIG,8543,4347,4196,5337,3177,29,ITC,ITC3,7,Liguria,Liguria,1550640,697203,44.96,0.55
3329,2021-06-19,LIG,7416,3776,3640,5696,1671,49,ITC,ITC3,7,Liguria,Liguria,1550640,704619,45.44,0.48
3330,2021-01-30,LIG,1666,572,1094,22,1643,1,ITC,ITC3,7,Liguria,Liguria,1550640,706285,45.55,0.11
3331,2021-03-28,LIG,1142,511,631,382,752,8,ITC,ITC3,7,Liguria,Liguria,1550640,707427,45.62,0.07
3332,2021-08-29,LIG,738,420,318,173,562,3,ITC,ITC3,7,Liguria,Liguria,1550640,708165,45.67,0.05
3333,2021-07-29,LIG,17983,9200,8783,4402,13504,77,ITC,ITC3,7,Liguria,Liguria,1550640,726148,46.83,1.16
3334,2021-03-16,LIG,6090,2732,3358,2317,3735,38,ITC,ITC3,7,Liguria,Liguria,1550640,732238,47.22,0.39
3335,2020-12-30,LIG,12,5,7,12,0,0,ITC,ITC3,7,Liguria,Liguria,1550640,732250,47.22,0.0
3336,2021-07-03,LIG,8821,4373,4448,5446,3326,49,ITC,ITC3,7,Liguria,Liguria,1550640,741071,47.79,0.57
3337,2021-04-11,LIG,4251,1930,2321,3958,249,44,ITC,ITC3,7,Liguria,Liguria,1550640,745322,48.07,0.27
3338,2021-07-20,LIG,13979,6883,7096,2721,11200,58,ITC,ITC3,7,Liguria,Liguria,1550640,759301,48.97,0.9
3339,2021-01-18,LIG,2146,749,1397,1987,157,2,ITC,ITC3,7,Liguria,Liguria,1550640,761447,49.11,0.14
3340,2021-06-26,LIG,7224,3360,3864,4437,2719,68,ITC,ITC3,7,Liguria,Liguria,1550640,768671,49.57,0.47
3341,2021-07-10,LIG,6904,3482,3422,2726,4131,47,ITC,ITC3,7,Liguria,Liguria,1550640,775575,50.02,0.45
3342,2021-04-04,LIG,764,369,395,508,251,5,ITC,ITC3,7,Liguria,Liguria,1550640,776339,50.07,0.05
3343,2021-04-18,LIG,2619,1165,1454,2094,470,55,ITC,ITC3,7,Liguria,Liguria,1550640,778958,50.23,0.17
3344,2021-07-27,LIG,17434,8883,8551,4358,13001,75,ITC,ITC3,7,Liguria,Liguria,1550640,796392,51.36,1.12
3345,2021-02-18,LIG,2772,1128,1644,2425,339,8,ITC,ITC3,7,Liguria,Liguria,1550640,799164,51.54,0.18
3346,2021-05-14,LIG,13166,5872,7294,8641,4351,174,ITC,ITC3,7,Liguria,Liguria,1550640,812330,52.39,0.85
3347,2021-08-22,LIG,760,441,319,175,579,6,ITC,ITC3,7,Liguria,Liguria,1550640,813090,52.44,0.05
3348,2021-05-31,LIG,14729,7385,7344,9120,5527,82,ITC,ITC3,7,Liguria,Liguria,1550640,827819,53.39,0.95
3349,2021-03-09,LIG,5940,2756,3184,4449,1433,58,ITC,ITC3,7,Liguria,Liguria,1550640,833759,53.77,0.38
3350,2021-02-20,LIG,1337,639,698,1334,1,2,ITC,ITC3,7,Liguria,Liguria,1550640,835096,53.85,0.09
3351,2021-08-07,LIG,5194,2653,2541,1118,4055,21,ITC,ITC3,7,Liguria,Liguria,1550640,840290,54.19,0.33
3352,2021-05-16,LIG,3712,1863,1849,2119,1567,26,ITC,ITC3,7,Liguria,Liguria,1550640,844002,54.43,0.24
3353,2021-08-24,LIG,8728,4527,4201,2914,5732,82,ITC,ITC3,7,Liguria,Liguria,1550640,852730,54.99,0.56
3354,2021-02-22,LIG,3348,1478,1870,3196,143,9,ITC,ITC3,7,Liguria,Liguria,1550640,856078,55.21,0.22
3355,2021-04-16,LIG,12011,5294,6717,10022,1832,157,ITC,ITC3,7,Liguria,Liguria,1550640,868089,55.98,0.77
3356,2021-01-06,LIG,1666,618,1048,1663,0,3,ITC,ITC3,7,Liguria,Liguria,1550640,869755,56.09,0.11
3357,2021-02-06,LIG,1892,768,1124,145,1747,0,ITC,ITC3,7,Liguria,Liguria,1550640,871647,56.21,0.12
3358,2021-09-05,LIG,1007,562,445,265,738,4,ITC,ITC3,7,Liguria,Liguria,1550640,872654,56.28,0.06
3359,2021-06-11,LIG,17870,9097,8773,11726,6081,63,ITC,ITC3,7,Liguria,Liguria,1550640,890524,57.43,1.15
3360,2021-04-15,LIG,11855,5242,6613,9893,1858,104,ITC,ITC3,7,Liguria,Liguria,1550640,902379,58.19,0.76
3361,2021-04-08,LIG,13798,6185,7613,11614,2049,135,ITC,ITC3,7,Liguria,Liguria,1550640,916177,59.08,0.89
3362,2021-07-17,LIG,6515,3361,3154,1803,4696,16,ITC,ITC3,7,Liguria,Liguria,1550640,922692,59.5,0.42
3363,2021-07-31,LIG,8262,4412,3850,1312,6925,25,ITC,ITC3,7,Liguria,Liguria,1550640,930954,60.04,0.53
3364,2021-06-04,LIG,14801,7268,7533,9234,5500,67,ITC,ITC3,7,Liguria,Liguria,1550640,945755,60.99,0.95
3365,2021-06-28,LIG,11624,5623,6001,7227,4310,87,ITC,ITC3,7,Liguria,Liguria,1550640,957379,61.74,0.75
3366,2021-03-20,LIG,2316,995,1321,1129,1174,13,ITC,ITC3,7,Liguria,Liguria,1550640,959695,61.89,0.15
3367,2021-08-26,LIG,9015,4711,4304,2608,6342,65,ITC,ITC3,7,Liguria,Liguria,1550640,968710,62.47,0.58
3368,2021-06-30,LIG,15095,7205,7890,8197,6815,83,ITC,ITC3,7,Liguria,Liguria,1550640,983805,63.45,0.97
3369,2021-01-11,LIG,2658,994,1664,2656,0,2,ITC,ITC3,7,Liguria,Liguria,1550640,986463,63.62,0.17
3370,2021-08-08,LIG,1208,650,558,545,659,4,ITC,ITC3,7,Liguria,Liguria,1550640,987671,63.69,0.08
3371,2021-07-22,LIG,21445,10898,10547,4562,16777,106,ITC,ITC3,7,Liguria,Liguria,1550640,1009116,65.08,1.38
3372,2021-01-15,LIG,2264,756,1508,2259,0,5,ITC,ITC3,7,Liguria,Liguria,1550640,1011380,65.22,0.15
3373,2021-04-25,LIG,1936,921,1015,1509,415,12,ITC,ITC3,7,Liguria,Liguria,1550640,1013316,65.35,0.12
3374,2021-03-13,LIG,3852,1638,2214,2964,858,30,ITC,ITC3,7,Liguria,Liguria,1550640,1017168,65.6,0.25
3375,2021-06-23,LIG,14352,6866,7486,9064,5208,80,ITC,ITC3,7,Liguria,Liguria,1550640,1031520,66.52,0.93
3376,2021-02-14,LIG,233,122,111,233,0,0,ITC,ITC3,7,Liguria,Liguria,1550640,1031753,66.54,0.02
3377,2021-05-25,LIG,14279,6959,7320,10959,3194,126,ITC,ITC3,7,Liguria,Liguria,1550640,1046032,67.46,0.92
3378,2021-09-04,LIG,3015,1683,1332,880,2110,25,ITC,ITC3,7,Liguria,Liguria,1550640,1049047,67.65,0.19
3379,2021-03-22,LIG,7759,3476,4283,4743,2943,73,ITC,ITC3,7,Liguria,Liguria,1550640,1056806,68.15,0.5
3380,2021-02-07,LIG,407,153,254,2,405,0,ITC,ITC3,7,Liguria,Liguria,1550640,1057213,68.18,0.03
3381,2021-05-18,LIG,13502,6136,7366,10061,3315,126,ITC,ITC3,7,Liguria,Liguria,1550640,1070715,69.05,0.87
3382,2021-01-08,LIG,2941,1002,1939,2939,0,2,ITC,ITC3,7,Liguria,Liguria,1550640,1073656,69.24,0.19
3383,2021-01-27,LIG,1749,604,1145,139,1609,1,ITC,ITC3,7,Liguria,Liguria,1550640,1075405,69.35,0.11
3384,2021-05-21,LIG,12870,5967,6903,9603,3135,132,ITC,ITC3,7,Liguria,Liguria,1550640,1088275,70.18,0.83
3385,2021-02-27,LIG,1888,921,967,1755,129,4,ITC,ITC3,7,Liguria,Liguria,1550640,1090163,70.3,0.12
3386,2021-06-16,LIG,16396,7924,8472,9200,7122,74,ITC,ITC3,7,Liguria,Liguria,1550640,1106559,71.36,1.06
3387,2021-03-08,LIG,5631,2462,3169,3907,1692,32,ITC,ITC3,7,Liguria,Liguria,1550640,1112190,71.72,0.36
3388,2021-03-25,LIG,9784,4236,5548,6246,3396,142,ITC,ITC3,7,Liguria,Liguria,1550640,1121974,72.36,0.63
3389,2021-01-01,LIG,146,56,90,146,0,0,ITC,ITC3,7,Liguria,Liguria,1550640,1122120,72.36,0.01
3390,2021-03-27,LIG,3935,1549,2386,2515,1397,23,ITC,ITC3,7,Liguria,Liguria,1550640,1126055,72.62,0.25
3391,2021-07-05,LIG,11928,5777,6151,5312,6540,76,ITC,ITC3,7,Liguria,Liguria,1550640,1137983,73.39,0.77
3392,2021-04-13,LIG,13089,5875,7214,10948,2029,112,ITC,ITC3,7,Liguria,Liguria,1550640,1151072,74.23,0.84
3393,2021-07-19,LIG,12109,6035,6074,3342,8695,72,ITC,ITC3,7,Liguria,Liguria,1550640,1163181,75.01,0.78
3394,2021-08-05,LIG,14242,7359,6883,4113,10044,85,ITC,ITC3,7,Liguria,Liguria,1550640,1177423,75.93,0.92
3395,2021-04-27,LIG,14823,6700,8123,7147,7609,67,ITC,ITC3,7,Liguria,Liguria,1550640,1192246,76.89,0.96
3396,2021-02-03,LIG,2320,792,1528,51,2269,0,ITC,ITC3,7,Liguria,Liguria,1550640,1194566,77.04,0.15
3397,2021-07-21,LIG,19204,9520,9684,3814,15317,73,ITC,ITC3,7,Liguria,Liguria,1550640,1213770,78.28,1.24
3398,2021-04-29,LIG,15592,6983,8609,6645,8854,93,ITC,ITC3,7,Liguria,Liguria,1550640,1229362,79.28,1.01
3399,2021-04-12,LIG,12394,5478,6916,10276,2022,96,ITC,ITC3,7,Liguria,Liguria,1550640,1241756,80.08,0.8
3400,2021-01-19,LIG,1376,441,935,1282,90,4,ITC,ITC3,7,Liguria,Liguria,1550640,1243132,80.17,0.09
3401,2021-02-05,LIG,2740,994,1746,299,2440,1,ITC,ITC3,7,Liguria,Liguria,1550640,1245872,80.35,0.18
3402,2021-08-17,LIG,9843,5165,4678,3640,6110,93,ITC,ITC3,7,Liguria,Liguria,1550640,1255715,80.98,0.63
3403,2021-03-04,LIG,4743,2118,2625,3840,848,55,ITC,ITC3,7,Liguria,Liguria,1550640,1260458,81.29,0.31
3404,2021-06-12,LIG,10259,4990,5269,7448,2760,51,ITC,ITC3,7,Liguria,Liguria,1550640,1270717,81.95,0.66
3405,2021-04-30,LIG,14439,6451,7988,5773,8579,87,ITC,ITC3,7,Liguria,Liguria,1550640,1285156,82.88,0.93
3406,2021-03-06,LIG,3305,1842,1463,2581,705,19,ITC,ITC3,7,Liguria,Liguria,1550640,1288461,83.09,0.21
3407,2021-01-22,LIG,1828,606,1222,1337,489,2,ITC,ITC3,7,Liguria,Liguria,1550640,1290289,83.21,0.12
3408,2021-05-02,LIG,3981,1837,2144,503,3472,6,ITC,ITC3,7,Liguria,Liguria,1550640,1294270,83.47,0.26
3409,2021-07-12,LIG,13434,6442,6992,4143,9235,56,ITC,ITC3,7,Liguria,Liguria,1550640,1307704,84.33,0.87
3410,2021-01-10,LIG,651,264,387,647,0,4,ITC,ITC3,7,Liguria,Liguria,1550640,1308355,84.38,0.04
3411,2021-04-20,LIG,14253,6524,7729,9743,4359,151,ITC,ITC3,7,Liguria,Liguria,1550640,1322608,85.29,0.92
3412,2021-08-31,LIG,9544,5044,4500,2654,6834,56,ITC,ITC3,7,Liguria,Liguria,1550640,1332152,85.91,0.62
3413,2021-05-23,LIG,2310,1121,1189,1172,1124,14,ITC,ITC3,7,Liguria,Liguria,1550640,1334462,86.06,0.15
3414,2021-03-01,LIG,3541,1447,2094,3386,136,19,ITC,ITC3,7,Liguria,Liguria,1550640,1338003,86.29,0.23
3415,2021-06-09,LIG,19097,9582,9515,12438,6588,71,ITC,ITC3,7,Liguria,Liguria,1550640,1357100,87.52,1.23
3416,2021-02-17,LIG,2701,1185,1516,2254,435,12,ITC,ITC3,7,Liguria,Liguria,1550640,1359801,87.69,0.17
3417,2021-07-24,LIG,11605,6036,5569,2311,9245,49,ITC,ITC3,7,Liguria,Liguria,1550640,1371406,88.44,0.75
3418,2021-05-28,LIG,16327,8158,8169,11623,4559,145,ITC,ITC3,7,Liguria,Liguria,1550640,1387733,89.49,1.05
3419,2021-01-05,LIG,2880,896,1984,2880,0,0,ITC,ITC3,7,Liguria,Liguria,1550640,1390613,89.68,0.19
3420,2021-03-03,LIG,4583,1848,2735,3445,1029,109,ITC,ITC3,7,Liguria,Liguria,1550640,1395196,89.98,0.3
3421,2021-08-04,LIG,13853,6973,6880,3258,10491,104,ITC,ITC3,7,Liguria,Liguria,1550640,1409049,90.87,0.89
3422,2021-08-28,LIG,4128,2336,1792,1008,3098,22,ITC,ITC3,7,Liguria,Liguria,1550640,1413177,91.14,0.27
3423,2021-05-20,LIG,12951,6009,6942,8790,4040,121,ITC,ITC3,7,Liguria,Liguria,1550640,1426128,91.97,0.84
3424,2021-08-21,LIG,3058,1662,1396,898,2116,44,ITC,ITC3,7,Liguria,Liguria,1550640,1429186,92.17,0.2
3425,2021-05-13,LIG,13328,6092,7236,8896,4273,159,ITC,ITC3,7,Liguria,Liguria,1550640,1442514,93.03,0.86
3426,2021-02-19,LIG,3223,1307,1916,3033,176,14,ITC,ITC3,7,Liguria,Liguria,1550640,1445737,93.23,0.21
3427,2021-05-30,LIG,3308,1615,1693,1338,1947,23,ITC,ITC3,7,Liguria,Liguria,1550640,1449045,93.45,0.21
3428,2021-08-23,LIG,10529,5491,5038,3514,6915,100,ITC,ITC3,7,Liguria,Liguria,1550640,1459574,94.13,0.68
3429,2021-06-01,LIG,16351,8233,8118,10920,5376,55,ITC,ITC3,7,Liguria,Liguria,1550640,1475925,95.18,1.05
3430,2021-03-24,LIG,9193,4038,5155,5823,3290,80,ITC,ITC3,7,Liguria,Liguria,1550640,1485118,95.77,0.59
3431,2021-07-02,LIG,12991,6375,6616,6382,6517,92,ITC,ITC3,7,Liguria,Liguria,1550640,1498109,96.61,0.84
3432,2020-12-31,LIG,990,352,638,990,0,0,ITC,ITC3,7,Liguria,Liguria,1550640,1499099,96.68,0.06
3433,2021-04-10,LIG,7894,3564,4330,6905,914,75,ITC,ITC3,7,Liguria,Liguria,1550640,1506993,97.19,0.51
3434,2021-01-17,LIG,866,301,565,865,0,1,ITC,ITC3,7,Liguria,Liguria,1550640,1507859,97.24,0.06
3435,2021-02-24,LIG,3769,1562,2207,3458,259,52,ITC,ITC3,7,Liguria,Liguria,1550640,1511628,97.48,0.24
3436,2020-12-29,LIG,125,33,92,125,0,0,ITC,ITC3,7,Liguria,Liguria,1550640,1511753,97.49,0.01
3437,2021-01-12,LIG,2476,890,1586,2475,0,1,ITC,ITC3,7,Liguria,Liguria,1550640,1514229,97.65,0.16
3438,2021-04-22,LIG,13881,6216,7665,8657,5090,134,ITC,ITC3,7,Liguria,Liguria,1550640,1528110,98.55,0.9
3439,2021-04-03,LIG,5410,2500,2910,4435,944,31,ITC,ITC3,7,Liguria,Liguria,1550640,1533520,98.9,0.35
3440,2021-01-24,LIG,762,242,520,116,646,0,ITC,ITC3,7,Liguria,Liguria,1550640,1534282,98.95,0.05
3441,2021-06-27,LIG,1950,895,1055,682,1252,16,ITC,ITC3,7,Liguria,Liguria,1550640,1536232,99.07,0.13
3442,2021-02-12,LIG,1942,692,1250,896,1045,1,ITC,ITC3,7,Liguria,Liguria,1550640,1538174,99.2,0.13
3443,2021-08-16,LIG,9915,5128,4787,3766,6050,99,ITC,ITC3,7,Liguria,Liguria,1550640,1548089,99.84,0.64
3444,2021-03-15,LIG,7369,3122,4247,4502,2820,47,ITC,ITC3,7,Liguria,Liguria,1550640,1555458,100.31,0.48
3445,2021-06-18,LIG,15425,7509,7916,8122,7223,80,ITC,ITC3,7,Liguria,Liguria,1550640,1570883,101.31,0.99
3446,2021-03-10,LIG,5925,2869,3056,3953,1917,55,ITC,ITC3,7,Liguria,Liguria,1550640,1576808,101.69,0.38
3447,2021-02-10,LIG,2324,839,1485,1016,1305,3,ITC,ITC3,7,Liguria,Liguria,1550640,1579132,101.84,0.15
3448,2021-08-14,LIG,3201,1709,1492,894,2290,17,ITC,ITC3,7,Liguria,Liguria,1550640,1582333,102.04,0.21
3449,2021-03-18,LIG,4991,2125,2866,1978,2983,30,ITC,ITC3,7,Liguria,Liguria,1550640,1587324,102.37,0.32
3450,2021-04-01,LIG,12442,5518,6924,9588,2776,78,ITC,ITC3,7,Liguria,Liguria,1550640,1599766,103.17,0.8
3451,2021-09-02,LIG,8436,4498,3938,2846,5516,74,ITC,ITC3,7,Liguria,Liguria,1550640,1608202,103.71,0.54
3452,2021-06-08,LIG,18125,9043,9082,11405,6652,68,ITC,ITC3,7,Liguria,Liguria,1550640,1626327,104.88,1.17
3453,2021-03-17,LIG,5559,2371,3188,2455,3085,19,ITC,ITC3,7,Liguria,Liguria,1550640,1631886,105.24,0.36
3454,2021-06-25,LIG,13851,6622,7229,6867,6921,63,ITC,ITC3,7,Liguria,Liguria,1550640,1645737,106.13,0.89
3455,2021-07-14,LIG,11523,5673,5850,3424,8030,69,ITC,ITC3,7,Liguria,Liguria,1550640,1657260,106.88,0.74
3456,2021-07-28,LIG,18470,9514,8956,5801,12547,122,ITC,ITC3,7,Liguria,Liguria,1550640,1675730,108.07,1.19
3457,2021-05-06,LIG,14543,6446,8097,6073,8342,128,ITC,ITC3,7,Liguria,Liguria,1550640,1690273,109.0,0.94
3458,2021-01-26,LIG,2490,809,1681,16,2474,0,ITC,ITC3,7,Liguria,Liguria,1550640,1692763,109.17,0.16
3459,2021-05-04,LIG,13662,6095,7567,5361,8235,66,ITC,ITC3,7,Liguria,Liguria,1550640,1706425,110.05,0.88
3460,2021-08-12,LIG,12532,6444,6088,4603,7843,86,ITC,ITC3,7,Liguria,Liguria,1550640,1718957,110.85,0.81
3461,2021-05-09,LIG,2827,1245,1582,1085,1712,30,ITC,ITC3,7,Liguria,Liguria,1550640,1721784,111.04,0.18
3462,2021-01-29,LIG,3101,1070,2031,64,3037,0,ITC,ITC3,7,Liguria,Liguria,1550640,1724885,111.24,0.2
3463,2021-01-20,LIG,1560,557,1003,1547,12,1,ITC,ITC3,7,Liguria,Liguria,1550640,1726445,111.34,0.1
3464,2021-08-19,LIG,9820,5169,4651,2719,7009,92,ITC,ITC3,7,Liguria,Liguria,1550640,1736265,111.97,0.63
3465,2021-07-09,LIG,12844,6330,6514,4187,8589,68,ITC,ITC3,7,Liguria,Liguria,1550640,1749109,112.8,0.83
3466,2021-04-05,LIG,3985,1757,2228,2313,1651,21,ITC,ITC3,7,Liguria,Liguria,1550640,1753094,113.06,0.26
3467,2021-07-16,LIG,12628,6223,6405,3136,9438,54,ITC,ITC3,7,Liguria,Liguria,1550640,1765722,113.87,0.81
3468,2021-05-11,LIG,13941,6399,7542,7199,6631,111,ITC,ITC3,7,Liguria,Liguria,1550640,1779663,114.77,0.9
3469,2021-03-29,LIG,10593,4628,5965,7363,3135,95,ITC,ITC3,7,Liguria,Liguria,1550640,1790256,115.45,0.68
3470,2021-01-31,LIG,625,271,354,4,621,0,ITC,ITC3,7,Liguria,Liguria,1550640,1790881,115.49,0.04
3471,2021-07-07,LIG,11795,5647,6148,4929,6795,71,ITC,ITC3,7,Liguria,Liguria,1550640,1802676,116.25,0.76
3472,2021-03-12,LIG,6222,2874,3348,3689,2475,58,ITC,ITC3,7,Liguria,Liguria,1550640,1808898,116.65,0.4
3473,2021-07-01,LIG,13573,6544,7029,7310,6171,92,ITC,ITC3,7,Liguria,Liguria,1550640,1822471,117.53,0.88
3474,2021-05-19,LIG,13583,5966,7617,10325,3126,132,ITC,ITC3,7,Liguria,Liguria,1550640,1836054,118.41,0.88
3475,2021-03-23,LIG,9296,4234,5062,5993,3217,86,ITC,ITC3,7,Liguria,Liguria,1550640,1845350,119.01,0.6
3476,2021-08-27,LIG,9204,4914,4290,2837,6298,69,ITC,ITC3,7,Liguria,Liguria,1550640,1854554,119.6,0.59
3477,2021-07-15,LIG,14784,7476,7308,5150,9509,125,ITC,ITC3,7,Liguria,Liguria,1550640,1869338,120.55,0.95
3478,2021-02-01,LIG,2574,929,1645,101,2473,0,ITC,ITC3,7,Liguria,Liguria,1550640,1871912,120.72,0.17
3479,2021-07-08,LIG,13663,6718,6945,6155,7414,94,ITC,ITC3,7,Liguria,Liguria,1550640,1885575,121.6,0.88
3480,2021-05-12,LIG,12120,5491,6629,6610,5408,102,ITC,ITC3,7,Liguria,Liguria,1550640,1897695,122.38,0.78
3481,2021-05-26,LIG,16699,8433,8266,12171,4382,146,ITC,ITC3,7,Liguria,Liguria,1550640,1914394,123.46,1.08
3482,2021-03-30,LIG,12229,5432,6797,8754,3394,81,ITC,ITC3,7,Liguria,Liguria,1550640,1926623,124.25,0.79
3483,2021-09-03,LIG,7355,4055,3300,2208,5077,70,ITC,ITC3,7,Liguria,Liguria,1550640,1933978,124.72,0.47
3484,2021-04-06,LIG,13264,5904,7360,10893,2264,107,ITC,ITC3,7,Liguria,Liguria,1550640,1947242,125.58,0.86
3485,2021-02-08,LIG,1983,744,1239,299,1684,0,ITC,ITC3,7,Liguria,Liguria,1550640,1949225,125.7,0.13
3486,2020-12-27,LIG,135,56,79,134,0,1,ITC,ITC3,7,Liguria,Liguria,1550640,1949360,125.71,0.01
3487,2021-02-15,LIG,2264,839,1425,1854,399,11,ITC,ITC3,7,Liguria,Liguria,1550640,1951624,125.86,0.15
3488,2021-01-03,LIG,738,233,505,736,0,2,ITC,ITC3,7,Liguria,Liguria,1550640,1952362,125.91,0.05
3489,2021-07-26,LIG,17671,9019,8652,4723,12846,102,ITC,ITC3,7,Liguria,Liguria,1550640,1970033,127.05,1.14
3490,2021-01-07,LIG,3227,1096,2131,3224,0,3,ITC,ITC3,7,Liguria,Liguria,1550640,1973260,127.25,0.21
3491,2021-06-13,LIG,5642,2706,2936,5139,456,47,ITC,ITC3,7,Liguria,Liguria,1550640,1978902,127.62,0.36
3492,2021-04-17,LIG,7391,3218,4173,6582,753,56,ITC,ITC3,7,Liguria,Liguria,1550640,1986293,128.1,0.48
3493,2021-05-01,LIG,7153,3260,3893,1314,5809,30,ITC,ITC3,7,Liguria,Liguria,1550640,1993446,128.56,0.46
3494,2021-03-05,LIG,4873,2153,2720,3690,1136,47,ITC,ITC3,7,Liguria,Liguria,1550640,1998319,128.87,0.31
3495,2021-08-09,LIG,11985,6091,5894,4341,7526,118,ITC,ITC3,7,Liguria,Liguria,1550640,2010304,129.64,0.77
3496,2021-06-06,LIG,3814,2032,1782,2939,862,13,ITC,ITC3,7,Liguria,Liguria,1550640,2014118,129.89,0.25
3497,2021-04-24,LIG,8220,3798,4422,4983,3155,82,ITC,ITC3,7,Liguria,Liguria,1550640,2022338,130.42,0.53
3498,2021-02-26,LIG,3771,1526,2245,3417,329,25,ITC,ITC3,7,Liguria,Liguria,1550640,2026109,130.66,0.24
3499,2021-08-02,LIG,13103,6515,6588,2975,10051,77,ITC,ITC3,7,Liguria,Liguria,1550640,2039212,131.51,0.85
3500,2021-06-20,LIG,1335,658,677,1044,275,16,ITC,ITC3,7,Liguria,Liguria,1550640,2040547,131.59,0.09
3501,2021-06-20,PAB,5250,2854,2396,620,4604,26,ITH,ITH1,4,Provincia Autonoma Bolzano / Bozen,P.A. Bolzano,533050,5250,0.98,0.98
3502,2021-02-07,PAB,2680,1186,1494,330,2350,0,ITH,ITH1,4,Provincia Autonoma Bolzano / Bozen,P.A. Bolzano,533050,7930,1.49,0.5
3503,2021-05-18,PAB,3364,1765,1599,2091,1191,82,ITH,ITH1,4,Provincia Autonoma Bolzano / Bozen,P.A. Bolzano,533050,11294,2.12,0.63
3504,2021-05-20,PAB,4975,2502,2473,3346,1480,149,ITH,ITH1,4,Provincia Autonoma Bolzano / Bozen,P.A. Bolzano,533050,16269,3.05,0.93
3505,2021-08-11,PAB,1197,599,598,710,485,2,ITH,ITH1,4,Provincia Autonoma Bolzano / Bozen,P.A. Bolzano,533050,17466,3.28,0.22
3506,2021-08-28,PAB,3267,1836,1431,1026,2211,30,ITH,ITH1,4,Provincia Autonoma Bolzano / Bozen,P.A. Bolzano,533050,20733,3.89,0.61
3507,2021-07-09,PAB,5227,2612,2615,917,4168,142,ITH,ITH1,4,Provincia Autonoma Bolzano / Bozen,P.A. Bolzano,533050,25960,4.87,0.98
3508,2021-02-12,PAB,730,217,513,482,248,0,ITH,ITH1,4,Provincia Autonoma Bolzano / Bozen,P.A. Bolzano,533050,26690,5.01,0.14
3509,2021-04-10,PAB,5416,2673,2743,4825,590,1,ITH,ITH1,4,Provincia Autonoma Bolzano / Bozen,P.A. Bolzano,533050,32106,6.02,1.02
3510,2020-12-31,PAB,929,528,401,929,0,0,ITH,ITH1,4,Provincia Autonoma Bolzano / Bozen,P.A. Bolzano,533050,33035,6.2,0.17
3511,2021-04-19,PAB,1876,860,1016,1694,182,0,ITH,ITH1,4,Provincia Autonoma Bolzano / Bozen,P.A. Bolzano,533050,34911,6.55,0.35
3512,2021-06-15,PAB,2045,1184,861,481,1534,30,ITH,ITH1,4,Provincia Autonoma Bolzano / Bozen,P.A. Bolzano,533050,36956,6.93,0.38
3513,2021-07-28,PAB,1437,784,653,881,495,61,ITH,ITH1,4,Provincia Autonoma Bolzano / Bozen,P.A. Bolzano,533050,38393,7.2,0.27
3514,2021-06-06,PAB,4553,2189,2364,812,3693,48,ITH,ITH1,4,Provincia Autonoma Bolzano / Bozen,P.A. Bolzano,533050,42946,8.06,0.85
3515,2021-02-26,PAB,1528,551,977,1498,30,0,ITH,ITH1,4,Provincia Autonoma Bolzano / Bozen,P.A. Bolzano,533050,44474,8.34,0.29
3516,2021-06-01,PAB,3677,2385,1292,2062,1479,136,ITH,ITH1,4,Provincia Autonoma Bolzano / Bozen,P.A. Bolzano,533050,48151,9.03,0.69
3517,2021-07-16,PAB,4511,2448,2063,1070,3319,122,ITH,ITH1,4,Provincia Autonoma Bolzano / Bozen,P.A. Bolzano,533050,52662,9.88,0.85
3518,2021-04-24,PAB,5119,2458,2661,4630,487,2,ITH,ITH1,4,Provincia Autonoma Bolzano / Bozen,P.A. Bolzano,533050,57781,10.84,0.96
3519,2021-08-02,PAB,2132,1278,854,1167,874,91,ITH,ITH1,4,Provincia Autonoma Bolzano / Bozen,P.A. Bolzano,533050,59913,11.24,0.4
3520,2021-07-14,PAB,873,453,420,482,361,30,ITH,ITH1,4,Provincia Autonoma Bolzano / Bozen,P.A. Bolzano,533050,60786,11.4,0.16
3521,2021-04-05,PAB,304,147,157,24,280,0,ITH,ITH1,4,Provincia Autonoma Bolzano / Bozen,P.A. Bolzano,533050,61090,11.46,0.06
3522,2021-06-27,PAB,4429,2315,2114,590,3810,29,ITH,ITH1,4,Provincia Autonoma Bolzano / Bozen,P.A. Bolzano,533050,65519,12.29,0.83
3523,2021-01-12,PAB,1711,460,1251,1711,0,0,ITH,ITH1,4,Provincia Autonoma Bolzano / Bozen,P.A. Bolzano,533050,67230,12.61,0.32
3524,2021-08-23,PAB,2127,1202,925,799,1326,2,ITH,ITH1,4,Provincia Autonoma Bolzano / Bozen,P.A. Bolzano,533050,69357,13.01,0.4
3525,2021-03-22,PAB,1159,527,632,1124,17,18,ITH,ITH1,4,Provincia Autonoma Bolzano / Bozen,P.A. Bolzano,533050,70516,13.23,0.22
3526,2021-01-26,PAB,810,291,519,1,809,0,ITH,ITH1,4,Provincia Autonoma Bolzano / Bozen,P.A. Bolzano,533050,71326,13.38,0.15
3527,2021-07-02,PAB,3202,1658,1544,854,2172,176,ITH,ITH1,4,Provincia Autonoma Bolzano / Bozen,P.A. Bolzano,533050,74528,13.98,0.6
3528,2021-03-24,PAB,2067,1002,1065,2048,13,6,ITH,ITH1,4,Provincia Autonoma Bolzano / Bozen,P.A. Bolzano,533050,76595,14.37,0.39
3529,2021-03-10,PAB,1277,537,740,1133,144,0,ITH,ITH1,4,Provincia Autonoma Bolzano / Bozen,P.A. Bolzano,533050,77872,14.61,0.24
3530,2021-05-06,PAB,5191,2752,2439,2375,2571,245,ITH,ITH1,4,Provincia Autonoma Bolzano / Bozen,P.A. Bolzano,533050,83063,15.58,0.97
3531,2021-08-09,PAB,1542,861,681,1122,413,7,ITH,ITH1,4,Provincia Autonoma Bolzano / Bozen,P.A. Bolzano,533050,84605,15.87,0.29
3532,2021-05-01,PAB,2105,1067,1038,1815,160,130,ITH,ITH1,4,Provincia Autonoma Bolzano / Bozen,P.A. Bolzano,533050,86710,16.27,0.39
3533,2021-03-12,PAB,1668,736,932,1252,413,3,ITH,ITH1,4,Provincia Autonoma Bolzano / Bozen,P.A. Bolzano,533050,88378,16.58,0.31
3534,2021-03-29,PAB,1172,500,672,411,760,1,ITH,ITH1,4,Provincia Autonoma Bolzano / Bozen,P.A. Bolzano,533050,89550,16.8,0.22
3535,2021-03-31,PAB,1835,695,1140,821,1014,0,ITH,ITH1,4,Provincia Autonoma Bolzano / Bozen,P.A. Bolzano,533050,91385,17.14,0.34
3536,2021-07-23,PAB,4357,2376,1981,1706,2391,260,ITH,ITH1,4,Provincia Autonoma Bolzano / Bozen,P.A. Bolzano,533050,95742,17.96,0.82
3537,2021-01-05,PAB,830,286,544,829,0,1,ITH,ITH1,4,Provincia Autonoma Bolzano / Bozen,P.A. Bolzano,533050,96572,18.12,0.16
3538,2021-01-23,PAB,197,117,80,0,197,0,ITH,ITH1,4,Provincia Autonoma Bolzano / Bozen,P.A. Bolzano,533050,96769,18.15,0.04
3539,2021-08-25,PAB,2732,1452,1280,779,1913,40,ITH,ITH1,4,Provincia Autonoma Bolzano / Bozen,P.A. Bolzano,533050,99501,18.67,0.51
3540,2021-04-17,PAB,5255,2609,2646,5210,44,1,ITH,ITH1,4,Provincia Autonoma Bolzano / Bozen,P.A. Bolzano,533050,104756,19.65,0.99
3541,2021-01-07,PAB,921,329,592,921,0,0,ITH,ITH1,4,Provincia Autonoma Bolzano / Bozen,P.A. Bolzano,533050,105677,19.82,0.17
3542,2021-07-21,PAB,3219,1881,1338,535,2644,40,ITH,ITH1,4,Provincia Autonoma Bolzano / Bozen,P.A. Bolzano,533050,108896,20.43,0.6
3543,2021-04-12,PAB,2110,948,1162,2104,6,0,ITH,ITH1,4,Provincia Autonoma Bolzano / Bozen,P.A. Bolzano,533050,111006,20.82,0.4
3544,2021-02-19,PAB,2252,512,1740,2241,11,0,ITH,ITH1,4,Provincia Autonoma Bolzano / Bozen,P.A. Bolzano,533050,113258,21.25,0.42
3545,2021-08-04,PAB,3811,2017,1794,2719,978,114,ITH,ITH1,4,Provincia Autonoma Bolzano / Bozen,P.A. Bolzano,533050,117069,21.96,0.71
3546,2021-06-08,PAB,4267,2185,2082,893,3346,28,ITH,ITH1,4,Provincia Autonoma Bolzano / Bozen,P.A. Bolzano,533050,121336,22.76,0.8
3547,2021-06-29,PAB,1882,1016,866,246,1616,20,ITH,ITH1,4,Provincia Autonoma Bolzano / Bozen,P.A. Bolzano,533050,123218,23.12,0.35
3548,2021-01-24,PAB,12,10,2,0,12,0,ITH,ITH1,4,Provincia Autonoma Bolzano / Bozen,P.A. Bolzano,533050,123230,23.12,0.0
3549,2021-07-04,PAB,4421,2132,2289,160,4233,28,ITH,ITH1,4,Provincia Autonoma Bolzano / Bozen,P.A. Bolzano,533050,127651,23.95,0.83
3550,2021-08-30,PAB,2139,1125,1014,822,1293,24,ITH,ITH1,4,Provincia Autonoma Bolzano / Bozen,P.A. Bolzano,533050,129790,24.35,0.4
3551,2021-09-04,PAB,1187,622,565,464,691,32,ITH,ITH1,4,Provincia Autonoma Bolzano / Bozen,P.A. Bolzano,533050,130977,24.57,0.22
3552,2021-03-05,PAB,1843,627,1216,1397,443,3,ITH,ITH1,4,Provincia Autonoma Bolzano / Bozen,P.A. Bolzano,533050,132820,24.92,0.35
3553,2021-05-27,PAB,6211,3276,2935,3914,2014,283,ITH,ITH1,4,Provincia Autonoma Bolzano / Bozen,P.A. Bolzano,533050,139031,26.08,1.17
3554,2021-06-13,PAB,3689,2055,1634,453,3197,39,ITH,ITH1,4,Provincia Autonoma Bolzano / Bozen,P.A. Bolzano,533050,142720,26.77,0.69
3555,2021-05-25,PAB,3898,2024,1874,2910,888,100,ITH,ITH1,4,Provincia Autonoma Bolzano / Bozen,P.A. Bolzano,533050,146618,27.51,0.73
3556,2021-02-14,PAB,299,131,168,297,2,0,ITH,ITH1,4,Provincia Autonoma Bolzano / Bozen,P.A. Bolzano,533050,146917,27.56,0.06
3557,2021-08-16,PAB,1962,1114,848,875,1084,3,ITH,ITH1,4,Provincia Autonoma Bolzano / Bozen,P.A. Bolzano,533050,148879,27.93,0.37
3558,2021-05-08,PAB,4430,2383,2047,3574,664,192,ITH,ITH1,4,Provincia Autonoma Bolzano / Bozen,P.A. Bolzano,533050,153309,28.76,0.83
3559,2021-03-03,PAB,1181,395,786,1168,13,0,ITH,ITH1,4,Provincia Autonoma Bolzano / Bozen,P.A. Bolzano,533050,154490,28.98,0.22
3560,2021-03-17,PAB,581,213,368,580,1,0,ITH,ITH1,4,Provincia Autonoma Bolzano / Bozen,P.A. Bolzano,533050,155071,29.09,0.11
3561,2021-08-21,PAB,1704,917,787,625,1075,4,ITH,ITH1,4,Provincia Autonoma Bolzano / Bozen,P.A. Bolzano,533050,156775,29.41,0.32
3562,2021-05-13,PAB,3005,1360,1645,1023,1934,48,ITH,ITH1,4,Provincia Autonoma Bolzano / Bozen,P.A. Bolzano,533050,159780,29.97,0.56
3563,2021-04-29,PAB,2640,1356,1284,1942,697,1,ITH,ITH1,4,Provincia Autonoma Bolzano / Bozen,P.A. Bolzano,533050,162420,30.47,0.5
3564,2021-08-08,PAB,1875,1024,851,1010,855,10,ITH,ITH1,4,Provincia Autonoma Bolzano / Bozen,P.A. Bolzano,533050,164295,30.82,0.35
3565,2021-01-21,PAB,969,452,517,140,829,0,ITH,ITH1,4,Provincia Autonoma Bolzano / Bozen,P.A. Bolzano,533050,165264,31.0,0.18
3566,2021-07-25,PAB,1891,1127,764,665,1146,80,ITH,ITH1,4,Provincia Autonoma Bolzano / Bozen,P.A. Bolzano,533050,167155,31.36,0.35
3567,2021-03-07,PAB,440,150,290,19,420,1,ITH,ITH1,4,Provincia Autonoma Bolzano / Bozen,P.A. Bolzano,533050,167595,31.44,0.08
3568,2021-07-30,PAB,5299,2842,2457,3402,1542,355,ITH,ITH1,4,Provincia Autonoma Bolzano / Bozen,P.A. Bolzano,533050,172894,32.43,0.99
3569,2021-04-21,PAB,3016,1469,1547,2168,847,1,ITH,ITH1,4,Provincia Autonoma Bolzano / Bozen,P.A. Bolzano,533050,175910,33.0,0.57
3570,2021-06-24,PAB,3946,2042,1904,1570,2204,172,ITH,ITH1,4,Provincia Autonoma Bolzano / Bozen,P.A. Bolzano,533050,179856,33.74,0.74
3571,2021-01-09,PAB,612,326,286,612,0,0,ITH,ITH1,4,Provincia Autonoma Bolzano / Bozen,P.A. Bolzano,533050,180468,33.86,0.11
3572,2021-08-06,PAB,3638,1917,1721,1200,2428,10,ITH,ITH1,4,Provincia Autonoma Bolzano / Bozen,P.A. Bolzano,533050,184106,34.54,0.68
3573,2021-04-28,PAB,2469,1307,1162,2459,5,5,ITH,ITH1,4,Provincia Autonoma Bolzano / Bozen,P.A. Bolzano,533050,186575,35.0,0.46
3574,2021-03-21,PAB,769,286,483,15,754,0,ITH,ITH1,4,Provincia Autonoma Bolzano / Bozen,P.A. Bolzano,533050,187344,35.15,0.14
3575,2021-06-12,PAB,5079,2754,2325,1675,3289,115,ITH,ITH1,4,Provincia Autonoma Bolzano / Bozen,P.A. Bolzano,533050,192423,36.1,0.95
3576,2021-01-14,PAB,1953,578,1375,1953,0,0,ITH,ITH1,4,Provincia Autonoma Bolzano / Bozen,P.A. Bolzano,533050,194376,36.46,0.37
3577,2021-04-07,PAB,1803,825,978,1262,541,0,ITH,ITH1,4,Provincia Autonoma Bolzano / Bozen,P.A. Bolzano,533050,196179,36.8,0.34
3578,2021-03-02,PAB,696,200,496,694,2,0,ITH,ITH1,4,Provincia Autonoma Bolzano / Bozen,P.A. Bolzano,533050,196875,36.93,0.13
3579,2021-03-19,PAB,1921,777,1144,800,1120,1,ITH,ITH1,4,Provincia Autonoma Bolzano / Bozen,P.A. Bolzano,533050,198796,37.29,0.36
3580,2021-05-15,PAB,7019,3695,3324,6336,294,389,ITH,ITH1,4,Provincia Autonoma Bolzano / Bozen,P.A. Bolzano,533050,205815,38.61,1.32
3581,2021-02-04,PAB,1966,596,1370,8,1958,0,ITH,ITH1,4,Provincia Autonoma Bolzano / Bozen,P.A. Bolzano,533050,207781,38.98,0.37
3582,2021-07-11,PAB,6075,3094,2981,1088,4879,108,ITH,ITH1,4,Provincia Autonoma Bolzano / Bozen,P.A. Bolzano,533050,213856,40.12,1.14
3583,2021-04-02,PAB,2090,841,1249,701,1357,32,ITH,ITH1,4,Provincia Autonoma Bolzano / Bozen,P.A. Bolzano,533050,215946,40.51,0.39
3584,2021-09-06,PAB,1125,579,546,572,534,19,ITH,ITH1,4,Provincia Autonoma Bolzano / Bozen,P.A. Bolzano,533050,217071,40.72,0.21
3585,2021-05-29,PAB,7340,3907,3433,4043,3144,153,ITH,ITH1,4,Provincia Autonoma Bolzano / Bozen,P.A. Bolzano,533050,224411,42.1,1.38
3586,2021-05-03,PAB,1838,851,987,398,1419,21,ITH,ITH1,4,Provincia Autonoma Bolzano / Bozen,P.A. Bolzano,533050,226249,42.44,0.34
3587,2021-02-23,PAB,769,324,445,763,6,0,ITH,ITH1,4,Provincia Autonoma Bolzano / Bozen,P.A. Bolzano,533050,227018,42.59,0.14
3588,2021-05-17,PAB,3154,1525,1629,2287,697,170,ITH,ITH1,4,Provincia Autonoma Bolzano / Bozen,P.A. Bolzano,533050,230172,43.18,0.59
3589,2021-06-03,PAB,4890,2663,2227,3691,972,227,ITH,ITH1,4,Provincia Autonoma Bolzano / Bozen,P.A. Bolzano,533050,235062,44.1,0.92
3590,2021-07-06,PAB,1721,925,796,691,982,48,ITH,ITH1,4,Provincia Autonoma Bolzano / Bozen,P.A. Bolzano,533050,236783,44.42,0.32
3591,2021-08-20,PAB,3922,2067,1855,944,2970,8,ITH,ITH1,4,Provincia Autonoma Bolzano / Bozen,P.A. Bolzano,533050,240705,45.16,0.74
3592,2021-05-10,PAB,3029,1306,1723,1338,1611,80,ITH,ITH1,4,Provincia Autonoma Bolzano / Bozen,P.A. Bolzano,533050,243734,45.72,0.57
3593,2021-06-05,PAB,6086,3034,3052,4699,1097,290,ITH,ITH1,4,Provincia Autonoma Bolzano / Bozen,P.A. Bolzano,533050,249820,46.87,1.14
3594,2021-08-27,PAB,2732,1419,1313,925,1728,79,ITH,ITH1,4,Provincia Autonoma Bolzano / Bozen,P.A. Bolzano,533050,252552,47.38,0.51
3595,2021-07-01,PAB,4638,2305,2333,1311,3167,160,ITH,ITH1,4,Provincia Autonoma Bolzano / Bozen,P.A. Bolzano,533050,257190,48.25,0.87
3596,2021-03-04,PAB,1721,1010,711,1488,229,4,ITH,ITH1,4,Provincia Autonoma Bolzano / Bozen,P.A. Bolzano,533050,258911,48.57,0.32
3597,2021-09-05,PAB,1081,573,508,644,422,15,ITH,ITH1,4,Provincia Autonoma Bolzano / Bozen,P.A. Bolzano,533050,259992,48.77,0.2
3598,2021-09-03,PAB,3226,1706,1520,1067,2110,49,ITH,ITH1,4,Provincia Autonoma Bolzano / Bozen,P.A. Bolzano,533050,263218,49.38,0.61
3599,2021-05-26,PAB,5019,2537,2482,2869,1978,172,ITH,ITH1,4,Provincia Autonoma Bolzano / Bozen,P.A. Bolzano,533050,268237,50.32,0.94
3600,2021-08-17,PAB,1246,688,558,851,391,4,ITH,ITH1,4,Provincia Autonoma Bolzano / Bozen,P.A. Bolzano,533050,269483,50.55,0.23
3601,2021-01-16,PAB,2841,1265,1576,2841,0,0,ITH,ITH1,4,Provincia Autonoma Bolzano / Bozen,P.A. Bolzano,533050,272324,51.09,0.53
3602,2021-06-10,PAB,4498,2334,2164,1308,3098,92,ITH,ITH1,4,Provincia Autonoma Bolzano / Bozen,P.A. Bolzano,533050,276822,51.93,0.84
3603,2021-08-13,PAB,2908,1555,1353,1598,1300,10,ITH,ITH1,4,Provincia Autonoma Bolzano / Bozen,P.A. Bolzano,533050,279730,52.48,0.55
3604,2021-04-26,PAB,1550,776,774,1544,5,1,ITH,ITH1,4,Provincia Autonoma Bolzano / Bozen,P.A. Bolzano,533050,281280,52.77,0.29
3605,2021-03-26,PAB,1663,737,926,524,1137,2,ITH,ITH1,4,Provincia Autonoma Bolzano / Bozen,P.A. Bolzano,533050,282943,53.08,0.31
3606,2021-04-09,PAB,2942,1303,1639,2211,730,1,ITH,ITH1,4,Provincia Autonoma Bolzano / Bozen,P.A. Bolzano,533050,285885,53.63,0.55
3607,2021-05-22,PAB,6843,3571,3272,4479,2168,196,ITH,ITH1,4,Provincia Autonoma Bolzano / Bozen,P.A. Bolzano,533050,292728,54.92,1.28
3608,2021-02-11,PAB,1095,433,662,239,856,0,ITH,ITH1,4,Provincia Autonoma Bolzano / Bozen,P.A. Bolzano,533050,293823,55.12,0.21
3609,2021-07-18,PAB,1868,1033,835,648,1150,70,ITH,ITH1,4,Provincia Autonoma Bolzano / Bozen,P.A. Bolzano,533050,295691,55.47,0.35
3610,2021-02-18,PAB,1838,457,1381,1830,7,1,ITH,ITH1,4,Provincia Autonoma Bolzano / Bozen,P.A. Bolzano,533050,297529,55.82,0.34
3611,2021-07-29,PAB,1340,717,623,718,570,52,ITH,ITH1,4,Provincia Autonoma Bolzano / Bozen,P.A. Bolzano,533050,298869,56.07,0.25
3612,2021-07-10,PAB,5813,3001,2812,953,4749,111,ITH,ITH1,4,Provincia Autonoma Bolzano / Bozen,P.A. Bolzano,533050,304682,57.16,1.09
3613,2021-01-18,PAB,1776,689,1087,1771,5,0,ITH,ITH1,4,Provincia Autonoma Bolzano / Bozen,P.A. Bolzano,533050,306458,57.49,0.33
3614,2021-06-22,PAB,2471,1423,1048,319,2126,26,ITH,ITH1,4,Provincia Autonoma Bolzano / Bozen,P.A. Bolzano,533050,308929,57.95,0.46
3615,2021-03-14,PAB,758,336,422,25,733,0,ITH,ITH1,4,Provincia Autonoma Bolzano / Bozen,P.A. Bolzano,533050,309687,58.1,0.14
3616,2021-04-14,PAB,3603,1650,1953,3507,95,1,ITH,ITH1,4,Provincia Autonoma Bolzano / Bozen,P.A. Bolzano,533050,313290,58.77,0.68
3617,2021-01-04,PAB,510,201,309,510,0,0,ITH,ITH1,4,Provincia Autonoma Bolzano / Bozen,P.A. Bolzano,533050,313800,58.87,0.1
3618,2021-08-01,PAB,1318,759,559,711,551,56,ITH,ITH1,4,Provincia Autonoma Bolzano / Bozen,P.A. Bolzano,533050,315118,59.12,0.25
3619,2021-08-18,PAB,879,461,418,378,498,3,ITH,ITH1,4,Provincia Autonoma Bolzano / Bozen,P.A. Bolzano,533050,315997,59.28,0.16
3620,2021-02-16,PAB,530,205,325,530,0,0,ITH,ITH1,4,Provincia Autonoma Bolzano / Bozen,P.A. Bolzano,533050,316527,59.38,0.1
3621,2021-01-28,PAB,872,309,563,9,863,0,ITH,ITH1,4,Provincia Autonoma Bolzano / Bozen,P.A. Bolzano,533050,317399,59.54,0.16
3622,2021-08-15,PAB,615,333,282,282,333,0,ITH,ITH1,4,Provincia Autonoma Bolzano / Bozen,P.A. Bolzano,533050,318014,59.66,0.12
3623,2021-05-07,PAB,4200,2063,2137,3398,528,274,ITH,ITH1,4,Provincia Autonoma Bolzano / Bozen,P.A. Bolzano,533050,322214,60.45,0.79
3624,2021-07-03,PAB,5638,2792,2846,969,4565,104,ITH,ITH1,4,Provincia Autonoma Bolzano / Bozen,P.A. Bolzano,533050,327852,61.5,1.06
3625,2021-05-05,PAB,4161,1948,2213,1826,2118,217,ITH,ITH1,4,Provincia Autonoma Bolzano / Bozen,P.A. Bolzano,533050,332013,62.29,0.78
3626,2021-01-25,PAB,493,187,306,3,490,0,ITH,ITH1,4,Provincia Autonoma Bolzano / Bozen,P.A. Bolzano,533050,332506,62.38,0.09
3627,2021-03-23,PAB,1556,760,796,1543,1,12,ITH,ITH1,4,Provincia Autonoma Bolzano / Bozen,P.A. Bolzano,533050,334062,62.67,0.29
3628,2021-04-01,PAB,2791,1409,1382,2644,146,1,ITH,ITH1,4,Provincia Autonoma Bolzano / Bozen,P.A. Bolzano,533050,336853,63.19,0.52
3629,2021-07-05,PAB,2936,1406,1530,824,1984,128,ITH,ITH1,4,Provincia Autonoma Bolzano / Bozen,P.A. Bolzano,533050,339789,63.74,0.55
3630,2021-05-30,PAB,4793,2531,2262,733,4030,30,ITH,ITH1,4,Provincia Autonoma Bolzano / Bozen,P.A. Bolzano,533050,344582,64.64,0.9
3631,2021-04-30,PAB,3348,1599,1749,1567,1778,3,ITH,ITH1,4,Provincia Autonoma Bolzano / Bozen,P.A. Bolzano,533050,347930,65.27,0.63
3632,2021-01-20,PAB,619,254,365,410,209,0,ITH,ITH1,4,Provincia Autonoma Bolzano / Bozen,P.A. Bolzano,533050,348549,65.39,0.12
3633,2021-07-22,PAB,3735,1940,1795,1735,1788,212,ITH,ITH1,4,Provincia Autonoma Bolzano / Bozen,P.A. Bolzano,533050,352284,66.09,0.7
3634,2021-01-06,PAB,59,18,41,59,0,0,ITH,ITH1,4,Provincia Autonoma Bolzano / Bozen,P.A. Bolzano,533050,352343,66.1,0.01
3635,2021-03-30,PAB,1302,532,770,220,1082,0,ITH,ITH1,4,Provincia Autonoma Bolzano / Bozen,P.A. Bolzano,533050,353645,66.34,0.24
3636,2021-04-16,PAB,2958,1424,1534,2445,512,1,ITH,ITH1,4,Provincia Autonoma Bolzano / Bozen,P.A. Bolzano,533050,356603,66.9,0.55
3637,2021-04-25,PAB,3078,1501,1577,2405,672,1,ITH,ITH1,4,Provincia Autonoma Bolzano / Bozen,P.A. Bolzano,533050,359681,67.48,0.58
3638,2021-08-03,PAB,2948,1585,1363,1979,838,131,ITH,ITH1,4,Provincia Autonoma Bolzano / Bozen,P.A. Bolzano,533050,362629,68.03,0.55
3639,2021-01-13,PAB,1727,569,1158,1727,0,0,ITH,ITH1,4,Provincia Autonoma Bolzano / Bozen,P.A. Bolzano,533050,364356,68.35,0.32
3640,2021-01-30,PAB,498,245,253,4,494,0,ITH,ITH1,4,Provincia Autonoma Bolzano / Bozen,P.A. Bolzano,533050,364854,68.45,0.09
3641,2021-04-23,PAB,4554,2157,2397,3258,1293,3,ITH,ITH1,4,Provincia Autonoma Bolzano / Bozen,P.A. Bolzano,533050,369408,69.3,0.85
3642,2021-01-11,PAB,1594,522,1072,1594,0,0,ITH,ITH1,4,Provincia Autonoma Bolzano / Bozen,P.A. Bolzano,533050,371002,69.6,0.3
3643,2021-07-15,PAB,4395,2319,2076,1511,2703,181,ITH,ITH1,4,Provincia Autonoma Bolzano / Bozen,P.A. Bolzano,533050,375397,70.42,0.82
3644,2021-04-06,PAB,2254,1120,1134,2151,102,1,ITH,ITH1,4,Provincia Autonoma Bolzano / Bozen,P.A. Bolzano,533050,377651,70.85,0.42
3645,2021-06-14,PAB,2984,1617,1367,577,2361,46,ITH,ITH1,4,Provincia Autonoma Bolzano / Bozen,P.A. Bolzano,533050,380635,71.41,0.56
3646,2021-02-15,PAB,72,42,30,26,46,0,ITH,ITH1,4,Provincia Autonoma Bolzano / Bozen,P.A. Bolzano,533050,380707,71.42,0.01
3647,2021-08-19,PAB,1747,963,784,1128,614,5,ITH,ITH1,4,Provincia Autonoma Bolzano / Bozen,P.A. Bolzano,533050,382454,71.75,0.33
3648,2021-05-11,PAB,2854,1338,1516,1262,1523,69,ITH,ITH1,4,Provincia Autonoma Bolzano / Bozen,P.A. Bolzano,533050,385308,72.28,0.54
3649,2021-07-31,PAB,3168,1720,1448,2109,924,135,ITH,ITH1,4,Provincia Autonoma Bolzano / Bozen,P.A. Bolzano,533050,388476,72.88,0.59
3650,2021-01-29,PAB,1515,518,997,24,1491,0,ITH,ITH1,4,Provincia Autonoma Bolzano / Bozen,P.A. Bolzano,533050,389991,73.16,0.28
3651,2021-04-22,PAB,2938,1511,1427,1993,942,3,ITH,ITH1,4,Provincia Autonoma Bolzano / Bozen,P.A. Bolzano,533050,392929,73.71,0.55
3652,2021-05-09,PAB,4243,2410,1833,2935,1150,158,ITH,ITH1,4,Provincia Autonoma Bolzano / Bozen,P.A. Bolzano,533050,397172,74.51,0.8
3653,2021-06-17,PAB,1773,982,791,623,1078,72,ITH,ITH1,4,Provincia Autonoma Bolzano / Bozen,P.A. Bolzano,533050,398945,74.84,0.33
3654,2021-01-02,PAB,91,48,43,91,0,0,ITH,ITH1,4,Provincia Autonoma Bolzano / Bozen,P.A. Bolzano,533050,399036,74.86,0.02
3655,2021-06-26,PAB,4548,2331,2217,1365,3077,106,ITH,ITH1,4,Provincia Autonoma Bolzano / Bozen,P.A. Bolzano,533050,403584,75.71,0.85
3656,2021-02-06,PAB,2633,1176,1457,19,2614,0,ITH,ITH1,4,Provincia Autonoma Bolzano / Bozen,P.A. Bolzano,533050,406217,76.21,0.49
3657,2021-06-21,PAB,3168,1615,1553,260,2868,40,ITH,ITH1,4,Provincia Autonoma Bolzano / Bozen,P.A. Bolzano,533050,409385,76.8,0.59
3658,2021-03-28,PAB,569,212,357,11,558,0,ITH,ITH1,4,Provincia Autonoma Bolzano / Bozen,P.A. Bolzano,533050,409954,76.91,0.11
3659,2021-08-10,PAB,1848,1015,833,1559,279,10,ITH,ITH1,4,Provincia Autonoma Bolzano / Bozen,P.A. Bolzano,533050,411802,77.25,0.35
3660,2020-12-30,PAB,389,183,206,389,0,0,ITH,ITH1,4,Provincia Autonoma Bolzano / Bozen,P.A. Bolzano,533050,412191,77.33,0.07
3661,2021-06-09,PAB,3868,1919,1949,1265,2496,107,ITH,ITH1,4,Provincia Autonoma Bolzano / Bozen,P.A. Bolzano,533050,416059,78.05,0.73
3662,2021-03-01,PAB,925,224,701,923,1,1,ITH,ITH1,4,Provincia Autonoma Bolzano / Bozen,P.A. Bolzano,533050,416984,78.23,0.17
3663,2021-08-05,PAB,3467,1886,1581,1800,1578,89,ITH,ITH1,4,Provincia Autonoma Bolzano / Bozen,P.A. Bolzano,533050,420451,78.88,0.65
3664,2021-03-15,PAB,1194,452,742,711,482,1,ITH,ITH1,4,Provincia Autonoma Bolzano / Bozen,P.A. Bolzano,533050,421645,79.1,0.22
3665,2021-07-12,PAB,3533,1755,1778,252,3243,38,ITH,ITH1,4,Provincia Autonoma Bolzano / Bozen,P.A. Bolzano,533050,425178,79.76,0.66
3666,2021-04-03,PAB,833,366,467,22,811,0,ITH,ITH1,4,Provincia Autonoma Bolzano / Bozen,P.A. Bolzano,533050,426011,79.92,0.16
3667,2021-03-25,PAB,2172,1080,1092,1725,444,3,ITH,ITH1,4,Provincia Autonoma Bolzano / Bozen,P.A. Bolzano,533050,428183,80.33,0.41
3668,2021-01-27,PAB,85,29,56,2,83,0,ITH,ITH1,4,Provincia Autonoma Bolzano / Bozen,P.A. Bolzano,533050,428268,80.34,0.02
3669,2021-07-17,PAB,3147,1801,1346,707,2352,88,ITH,ITH1,4,Provincia Autonoma Bolzano / Bozen,P.A. Bolzano,533050,431415,80.93,0.59
3670,2021-04-08,PAB,2795,1360,1435,2586,204,5,ITH,ITH1,4,Provincia Autonoma Bolzano / Bozen,P.A. Bolzano,533050,434210,81.46,0.52
3671,2021-03-06,PAB,3976,2082,1894,3763,211,2,ITH,ITH1,4,Provincia Autonoma Bolzano / Bozen,P.A. Bolzano,533050,438186,82.2,0.75
3672,2021-05-28,PAB,7466,3942,3524,5368,1895,203,ITH,ITH1,4,Provincia Autonoma Bolzano / Bozen,P.A. Bolzano,533050,445652,83.6,1.4
3673,2021-02-17,PAB,156,51,105,139,17,0,ITH,ITH1,4,Provincia Autonoma Bolzano / Bozen,P.A. Bolzano,533050,445808,83.63,0.03
3674,2021-04-27,PAB,2235,1015,1220,1156,1079,0,ITH,ITH1,4,Provincia Autonoma Bolzano / Bozen,P.A. Bolzano,533050,448043,84.05,0.42
3675,2021-01-17,PAB,2329,1044,1285,2318,11,0,ITH,ITH1,4,Provincia Autonoma Bolzano / Bozen,P.A. Bolzano,533050,450372,84.49,0.44
3676,2021-06-23,PAB,1153,595,558,333,768,52,ITH,ITH1,4,Provincia Autonoma Bolzano / Bozen,P.A. Bolzano,533050,451525,84.71,0.22
3677,2021-04-20,PAB,1565,785,780,1562,3,0,ITH,ITH1,4,Provincia Autonoma Bolzano / Bozen,P.A. Bolzano,533050,453090,85.0,0.29
3678,2021-01-10,PAB,2,2,0,2,0,0,ITH,ITH1,4,Provincia Autonoma Bolzano / Bozen,P.A. Bolzano,533050,453092,85.0,0.0
3679,2021-06-16,PAB,3823,2028,1795,11,3807,5,ITH,ITH1,4,Provincia Autonoma Bolzano / Bozen,P.A. Bolzano,533050,456915,85.72,0.72
3680,2021-03-08,PAB,1212,535,677,1184,27,1,ITH,ITH1,4,Provincia Autonoma Bolzano / Bozen,P.A. Bolzano,533050,458127,85.94,0.23
3681,2021-08-12,PAB,3360,1721,1639,648,2709,3,ITH,ITH1,4,Provincia Autonoma Bolzano / Bozen,P.A. Bolzano,533050,461487,86.57,0.63
3682,2021-05-04,PAB,3453,1845,1608,2270,1038,145,ITH,ITH1,4,Provincia Autonoma Bolzano / Bozen,P.A. Bolzano,533050,464940,87.22,0.65
3683,2021-06-04,PAB,6720,3387,3333,4949,1537,234,ITH,ITH1,4,Provincia Autonoma Bolzano / Bozen,P.A. Bolzano,533050,471660,88.48,1.26
3684,2021-02-24,PAB,1368,407,961,1356,12,0,ITH,ITH1,4,Provincia Autonoma Bolzano / Bozen,P.A. Bolzano,533050,473028,88.74,0.26
3685,2021-03-27,PAB,3053,1554,1499,1544,1508,1,ITH,ITH1,4,Provincia Autonoma Bolzano / Bozen,P.A. Bolzano,533050,476081,89.31,0.57
3686,2021-03-13,PAB,2886,1460,1426,2785,101,0,ITH,ITH1,4,Provincia Autonoma Bolzano / Bozen,P.A. Bolzano,533050,478967,89.85,0.54
3687,2021-02-05,PAB,3203,1188,2015,8,3195,0,ITH,ITH1,4,Provincia Autonoma Bolzano / Bozen,P.A. Bolzano,533050,482170,90.45,0.6
3688,2021-04-15,PAB,4410,2314,2096,4141,266,3,ITH,ITH1,4,Provincia Autonoma Bolzano / Bozen,P.A. Bolzano,533050,486580,91.28,0.83
3689,2021-07-24,PAB,4829,2847,1982,1383,3329,117,ITH,ITH1,4,Provincia Autonoma Bolzano / Bozen,P.A. Bolzano,533050,491409,92.19,0.91
3690,2021-05-02,PAB,2453,1284,1169,1431,915,107,ITH,ITH1,4,Provincia Autonoma Bolzano / Bozen,P.A. Bolzano,533050,493862,92.65,0.46
3691,2021-01-22,PAB,248,143,105,124,124,0,ITH,ITH1,4,Provincia Autonoma Bolzano / Bozen,P.A. Bolzano,533050,494110,92.69,0.05
3692,2020-12-27,PAB,144,65,79,144,0,0,ITH,ITH1,4,Provincia Autonoma Bolzano / Bozen,P.A. Bolzano,533050,494254,92.72,0.03
3693,2021-06-30,PAB,3064,1565,1499,400,2608,56,ITH,ITH1,4,Provincia Autonoma Bolzano / Bozen,P.A. Bolzano,533050,497318,93.3,0.57
3694,2021-06-11,PAB,5839,3004,2835,2140,3486,213,ITH,ITH1,4,Provincia Autonoma Bolzano / Bozen,P.A. Bolzano,533050,503157,94.39,1.1
3695,2021-09-02,PAB,1119,582,537,657,436,26,ITH,ITH1,4,Provincia Autonoma Bolzano / Bozen,P.A. Bolzano,533050,504276,94.6,0.21
3696,2021-03-20,PAB,1760,851,909,1130,625,5,ITH,ITH1,4,Provincia Autonoma Bolzano / Bozen,P.A. Bolzano,533050,506036,94.93,0.33
3697,2021-06-28,PAB,4613,2307,2306,217,4372,24,ITH,ITH1,4,Provincia Autonoma Bolzano / Bozen,P.A. Bolzano,533050,510649,95.8,0.87
3698,2021-07-08,PAB,5511,2783,2728,549,4887,75,ITH,ITH1,4,Provincia Autonoma Bolzano / Bozen,P.A. Bolzano,533050,516160,96.83,1.03
3699,2021-06-19,PAB,5664,3016,2648,555,5037,72,ITH,ITH1,4,Provincia Autonoma Bolzano / Bozen,P.A. Bolzano,533050,521824,97.89,1.06
3700,2021-03-11,PAB,1691,830,861,1144,538,9,ITH,ITH1,4,Provincia Autonoma Bolzano / Bozen,P.A. Bolzano,533050,523515,98.21,0.32
3701,2021-02-25,PAB,1498,549,949,1497,1,0,ITH,ITH1,4,Provincia Autonoma Bolzano / Bozen,P.A. Bolzano,533050,525013,98.49,0.28
3702,2021-06-02,PAB,1468,824,644,978,459,31,ITH,ITH1,4,Provincia Autonoma Bolzano / Bozen,P.A. Bolzano,533050,526481,98.77,0.28
3703,2021-02-08,PAB,2,1,1,1,1,0,ITH,ITH1,4,Provincia Autonoma Bolzano / Bozen,P.A. Bolzano,533050,526483,98.77,0.0
3704,2021-05-19,PAB,3886,1996,1890,1963,1789,134,ITH,ITH1,4,Provincia Autonoma Bolzano / Bozen,P.A. Bolzano,533050,530369,99.5,0.73
3705,2021-01-03,PAB,41,16,25,41,0,0,ITH,ITH1,4,Provincia Autonoma Bolzano / Bozen,P.A. Bolzano,533050,530410,99.5,0.01
3706,2021-04-13,PAB,2399,1134,1265,2392,7,0,ITH,ITH1,4,Provincia Autonoma Bolzano / Bozen,P.A. Bolzano,533050,532809,99.95,0.45
3707,2021-07-26,PAB,1628,940,688,1125,411,92,ITH,ITH1,4,Provincia Autonoma Bolzano / Bozen,P.A. Bolzano,533050,534437,100.26,0.31
3708,2021-02-22,PAB,526,143,383,514,12,0,ITH,ITH1,4,Provincia Autonoma Bolzano / Bozen,P.A. Bolzano,533050,534963,100.36,0.1
3709,2021-08-26,PAB,2236,1131,1105,828,1357,51,ITH,ITH1,4,Provincia Autonoma Bolzano / Bozen,P.A. Bolzano,533050,537199,100.78,0.42
3710,2021-07-07,PAB,1992,1033,959,599,1336,57,ITH,ITH1,4,Provincia Autonoma Bolzano / Bozen,P.A. Bolzano,533050,539191,101.15,0.37
3711,2021-03-18,PAB,1302,531,771,226,1076,0,ITH,ITH1,4,Provincia Autonoma Bolzano / Bozen,P.A. Bolzano,533050,540493,101.4,0.24
3712,2021-08-22,PAB,992,545,447,306,685,1,ITH,ITH1,4,Provincia Autonoma Bolzano / Bozen,P.A. Bolzano,533050,541485,101.58,0.19
3713,2021-05-14,PAB,5145,2323,2822,2904,2044,197,ITH,ITH1,4,Provincia Autonoma Bolzano / Bozen,P.A. Bolzano,533050,546630,102.55,0.97
3714,2021-03-16,PAB,1290,532,758,124,1166,0,ITH,ITH1,4,Provincia Autonoma Bolzano / Bozen,P.A. Bolzano,533050,547920,102.79,0.24
3715,2021-05-12,PAB,3805,2063,1742,3422,154,229,ITH,ITH1,4,Provincia Autonoma Bolzano / Bozen,P.A. Bolzano,533050,551725,103.5,0.71
3716,2021-02-01,PAB,1467,448,1019,14,1453,0,ITH,ITH1,4,Provincia Autonoma Bolzano / Bozen,P.A. Bolzano,533050,553192,103.78,0.28
3717,2021-08-29,PAB,868,479,389,358,498,12,ITH,ITH1,4,Provincia Autonoma Bolzano / Bozen,P.A. Bolzano,533050,554060,103.94,0.16
3718,2021-03-09,PAB,1194,543,651,1192,2,0,ITH,ITH1,4,Provincia Autonoma Bolzano / Bozen,P.A. Bolzano,533050,555254,104.17,0.22
3719,2021-05-23,PAB,4343,2305,2038,4141,8,194,ITH,ITH1,4,Provincia Autonoma Bolzano / Bozen,P.A. Bolzano,533050,559597,104.98,0.81
3720,2021-07-19,PAB,2781,1394,1387,624,2047,110,ITH,ITH1,4,Provincia Autonoma Bolzano / Bozen,P.A. Bolzano,533050,562378,105.5,0.52
3721,2021-02-03,PAB,1506,479,1027,5,1501,0,ITH,ITH1,4,Provincia Autonoma Bolzano / Bozen,P.A. Bolzano,533050,563884,105.78,0.28
3722,2021-02-10,PAB,1637,605,1032,27,1610,0,ITH,ITH1,4,Provincia Autonoma Bolzano / Bozen,P.A. Bolzano,533050,565521,106.09,0.31
3723,2021-08-31,PAB,2024,1091,933,749,1257,18,ITH,ITH1,4,Provincia Autonoma Bolzano / Bozen,P.A. Bolzano,533050,567545,106.47,0.38
3724,2021-05-21,PAB,7395,4064,3331,5230,1878,287,ITH,ITH1,4,Provincia Autonoma Bolzano / Bozen,P.A. Bolzano,533050,574940,107.86,1.39
3725,2021-08-24,PAB,1968,1027,941,565,1396,7,ITH,ITH1,4,Provincia Autonoma Bolzano / Bozen,P.A. Bolzano,533050,576908,108.23,0.37
3726,2021-05-16,PAB,2029,935,1094,1285,694,50,ITH,ITH1,4,Provincia Autonoma Bolzano / Bozen,P.A. Bolzano,533050,578937,108.61,0.38
3727,2021-01-19,PAB,853,371,482,723,130,0,ITH,ITH1,4,Provincia Autonoma Bolzano / Bozen,P.A. Bolzano,533050,579790,108.77,0.16
3728,2021-06-25,PAB,4179,2308,1871,1025,3014,140,ITH,ITH1,4,Provincia Autonoma Bolzano / Bozen,P.A. Bolzano,533050,583969,109.55,0.78
3729,2021-02-09,PAB,317,126,191,1,316,0,ITH,ITH1,4,Provincia Autonoma Bolzano / Bozen,P.A. Bolzano,533050,584286,109.61,0.06
3730,2021-07-13,PAB,3383,1732,1651,1319,1930,134,ITH,ITH1,4,Provincia Autonoma Bolzano / Bozen,P.A. Bolzano,533050,587669,110.25,0.63
3731,2021-02-02,PAB,1752,509,1243,8,1744,0,ITH,ITH1,4,Provincia Autonoma Bolzano / Bozen,P.A. Bolzano,533050,589421,110.58,0.33
3732,2021-07-20,PAB,3133,1730,1403,1402,1524,207,ITH,ITH1,4,Provincia Autonoma Bolzano / Bozen,P.A. Bolzano,533050,592554,111.16,0.59
3733,2021-09-01,PAB,1056,502,554,595,449,12,ITH,ITH1,4,Provincia Autonoma Bolzano / Bozen,P.A. Bolzano,533050,593610,111.36,0.2
3734,2021-05-31,PAB,3068,1514,1554,2087,868,113,ITH,ITH1,4,Provincia Autonoma Bolzano / Bozen,P.A. Bolzano,533050,596678,111.94,0.58
3735,2021-01-01,PAB,6,5,1,6,0,0,ITH,ITH1,4,Provincia Autonoma Bolzano / Bozen,P.A. Bolzano,533050,596684,111.94,0.0
3736,2021-06-07,PAB,2986,1554,1432,2523,324,139,ITH,ITH1,4,Provincia Autonoma Bolzano / Bozen,P.A. Bolzano,533050,599670,112.5,0.56
3737,2021-02-27,PAB,2458,759,1699,2448,10,0,ITH,ITH1,4,Provincia Autonoma Bolzano / Bozen,P.A. Bolzano,533050,602128,112.96,0.46
3738,2021-02-13,PAB,318,79,239,312,6,0,ITH,ITH1,4,Provincia Autonoma Bolzano / Bozen,P.A. Bolzano,533050,602446,113.02,0.06
3739,2021-04-11,PAB,2734,1301,1433,2555,178,1,ITH,ITH1,4,Provincia Autonoma Bolzano / Bozen,P.A. Bolzano,533050,605180,113.53,0.51
3740,2021-05-24,PAB,1459,769,690,1061,335,63,ITH,ITH1,4,Provincia Autonoma Bolzano / Bozen,P.A. Bolzano,533050,606639,113.81,0.27
3741,2021-02-20,PAB,1802,540,1262,1784,18,0,ITH,ITH1,4,Provincia Autonoma Bolzano / Bozen,P.A. Bolzano,533050,608441,114.14,0.34
3742,2021-07-27,PAB,3157,1885,1272,908,2181,68,ITH,ITH1,4,Provincia Autonoma Bolzano / Bozen,P.A. Bolzano,533050,611598,114.74,0.59
3743,2021-04-18,PAB,3116,1611,1505,2104,1011,1,ITH,ITH1,4,Provincia Autonoma Bolzano / Bozen,P.A. Bolzano,533050,614714,115.32,0.58
3744,2021-01-15,PAB,3292,1234,2058,3292,0,0,ITH,ITH1,4,Provincia Autonoma Bolzano / Bozen,P.A. Bolzano,533050,618006,115.94,0.62
3745,2021-08-14,PAB,2060,1120,940,786,1271,3,ITH,ITH1,4,Provincia Autonoma Bolzano / Bozen,P.A. Bolzano,533050,620066,116.32,0.39
3746,2021-06-18,PAB,4544,2351,2193,1467,2912,165,ITH,ITH1,4,Provincia Autonoma Bolzano / Bozen,P.A. Bolzano,533050,624610,117.18,0.85
3747,2021-01-08,PAB,1537,484,1053,1537,0,0,ITH,ITH1,4,Provincia Autonoma Bolzano / Bozen,P.A. Bolzano,533050,626147,117.46,0.29
3748,2021-08-07,PAB,2370,1349,1021,1688,664,18,ITH,ITH1,4,Provincia Autonoma Bolzano / Bozen,P.A. Bolzano,533050,628517,117.91,0.44
3749,2021-03-03,ABR,4641,1899,2742,3716,906,19,ITF,ITF1,13,Abruzzo,Abruzzo,1304970,4641,0.36,0.36
3750,2021-07-14,ABR,13722,6798,6924,2436,11135,151,ITF,ITF1,13,Abruzzo,Abruzzo,1304970,18363,1.41,1.05
3751,2021-04-08,ABR,7395,3336,4059,4935,2331,129,ITF,ITF1,13,Abruzzo,Abruzzo,1304970,25758,1.97,0.57
3752,2021-04-22,ABR,6736,3251,3485,4827,1733,176,ITF,ITF1,13,Abruzzo,Abruzzo,1304970,32494,2.49,0.52
3753,2021-07-31,ABR,11742,6341,5401,3479,8060,203,ITF,ITF1,13,Abruzzo,Abruzzo,1304970,44236,3.39,0.9
3754,2020-12-27,ABR,47,24,23,47,0,0,ITF,ITF1,13,Abruzzo,Abruzzo,1304970,44283,3.39,0.0
3755,2021-03-20,ABR,4794,2200,2594,2563,2171,60,ITF,ITF1,13,Abruzzo,Abruzzo,1304970,49077,3.76,0.37
3756,2021-06-13,ABR,9845,4925,4920,7846,1834,165,ITF,ITF1,13,Abruzzo,Abruzzo,1304970,58922,4.52,0.75
3757,2021-01-10,ABR,1271,539,732,1267,0,4,ITF,ITF1,13,Abruzzo,Abruzzo,1304970,60193,4.61,0.1
3758,2021-04-29,ABR,12685,5855,6830,9272,3098,315,ITF,ITF1,13,Abruzzo,Abruzzo,1304970,72878,5.58,0.97
3759,2021-08-07,ABR,6489,3614,2875,1836,4558,95,ITF,ITF1,13,Abruzzo,Abruzzo,1304970,79367,6.08,0.5
3760,2021-06-25,ABR,11061,5479,5582,4905,6013,143,ITF,ITF1,13,Abruzzo,Abruzzo,1304970,90428,6.93,0.85
3761,2021-01-15,ABR,385,155,230,371,0,14,ITF,ITF1,13,Abruzzo,Abruzzo,1304970,90813,6.96,0.03
3762,2021-08-21,ABR,3841,2098,1743,1729,1990,122,ITF,ITF1,13,Abruzzo,Abruzzo,1304970,94654,7.25,0.29
3763,2021-05-04,ABR,10855,5095,5760,7041,3627,187,ITF,ITF1,13,Abruzzo,Abruzzo,1304970,105509,8.09,0.83
3764,2021-03-08,ABR,5156,1694,3462,4084,976,96,ITF,ITF1,13,Abruzzo,Abruzzo,1304970,110665,8.48,0.4
3765,2021-01-24,ABR,50,22,28,6,44,0,ITF,ITF1,13,Abruzzo,Abruzzo,1304970,110715,8.48,0.0
3766,2021-01-22,ABR,118,57,61,118,0,0,ITF,ITF1,13,Abruzzo,Abruzzo,1304970,110833,8.49,0.01
3767,2021-01-03,ABR,501,212,289,499,0,2,ITF,ITF1,13,Abruzzo,Abruzzo,1304970,111334,8.53,0.04
3768,2021-02-10,ABR,946,311,635,492,444,10,ITF,ITF1,13,Abruzzo,Abruzzo,1304970,112280,8.6,0.07
3769,2021-02-22,ABR,2642,1174,1468,2586,30,26,ITF,ITF1,13,Abruzzo,Abruzzo,1304970,114922,8.81,0.2
3770,2021-02-05,ABR,1535,521,1014,772,747,16,ITF,ITF1,13,Abruzzo,Abruzzo,1304970,116457,8.92,0.12
3771,2021-05-16,ABR,9577,4134,5443,5645,3812,120,ITF,ITF1,13,Abruzzo,Abruzzo,1304970,126034,9.66,0.73
3772,2021-06-04,ABR,15649,7395,8254,10757,4703,189,ITF,ITF1,13,Abruzzo,Abruzzo,1304970,141683,10.86,1.2
3773,2021-05-18,ABR,12111,5660,6451,7562,4379,170,ITF,ITF1,13,Abruzzo,Abruzzo,1304970,153794,11.79,0.93
3774,2021-02-24,ABR,3306,1442,1864,3112,177,17,ITF,ITF1,13,Abruzzo,Abruzzo,1304970,157100,12.04,0.25
3775,2021-08-09,ABR,10704,5547,5157,3096,7413,195,ITF,ITF1,13,Abruzzo,Abruzzo,1304970,167804,12.86,0.82
3776,2021-08-26,ABR,5770,3015,2755,2014,3605,151,ITF,ITF1,13,Abruzzo,Abruzzo,1304970,173574,13.3,0.44
3777,2021-05-30,ABR,8661,4111,4550,5327,3255,79,ITF,ITF1,13,Abruzzo,Abruzzo,1304970,182235,13.96,0.66
3778,2021-04-03,ABR,5162,2258,2904,3484,1598,80,ITF,ITF1,13,Abruzzo,Abruzzo,1304970,187397,14.36,0.4
3779,2021-07-26,ABR,14258,7459,6799,3869,10191,198,ITF,ITF1,13,Abruzzo,Abruzzo,1304970,201655,15.45,1.09
3780,2021-07-12,ABR,15077,7458,7619,2358,12602,117,ITF,ITF1,13,Abruzzo,Abruzzo,1304970,216732,16.61,1.16
3781,2021-03-22,ABR,4348,1912,2436,2310,1971,67,ITF,ITF1,13,Abruzzo,Abruzzo,1304970,221080,16.94,0.33
3782,2021-06-30,ABR,11170,5431,5739,4494,6509,167,ITF,ITF1,13,Abruzzo,Abruzzo,1304970,232250,17.8,0.86
3783,2021-02-17,ABR,2071,948,1123,1780,282,9,ITF,ITF1,13,Abruzzo,Abruzzo,1304970,234321,17.96,0.16
3784,2021-09-02,ABR,6117,3199,2918,1860,4127,130,ITF,ITF1,13,Abruzzo,Abruzzo,1304970,240438,18.42,0.47
3785,2021-06-11,ABR,11782,5854,5928,8831,2765,186,ITF,ITF1,13,Abruzzo,Abruzzo,1304970,252220,19.33,0.9
3786,2021-08-19,ABR,6721,3609,3112,3255,3275,191,ITF,ITF1,13,Abruzzo,Abruzzo,1304970,258941,19.84,0.52
3787,2021-01-29,ABR,1387,449,938,71,1315,1,ITF,ITF1,13,Abruzzo,Abruzzo,1304970,260328,19.95,0.11
3788,2021-08-02,ABR,13855,7154,6701,3544,10052,259,ITF,ITF1,13,Abruzzo,Abruzzo,1304970,274183,21.01,1.06
3789,2021-04-27,ABR,9083,4366,4717,6504,2466,113,ITF,ITF1,13,Abruzzo,Abruzzo,1304970,283266,21.71,0.7
3790,2021-07-02,ABR,11834,5946,5888,4830,6820,184,ITF,ITF1,13,Abruzzo,Abruzzo,1304970,295100,22.61,0.91
3791,2021-03-15,ABR,3680,1445,2235,1840,1808,32,ITF,ITF1,13,Abruzzo,Abruzzo,1304970,298780,22.9,0.28
3792,2021-01-17,ABR,192,63,129,184,7,1,ITF,ITF1,13,Abruzzo,Abruzzo,1304970,298972,22.91,0.01
3793,2021-06-23,ABR,11015,5284,5731,5578,5291,146,ITF,ITF1,13,Abruzzo,Abruzzo,1304970,309987,23.75,0.84
3794,2021-03-01,ABR,3477,1384,2093,2702,751,24,ITF,ITF1,13,Abruzzo,Abruzzo,1304970,313464,24.02,0.27
3795,2021-08-14,ABR,128,69,59,101,25,2,ITF,ITF1,13,Abruzzo,Abruzzo,1304970,313592,24.03,0.01
3796,2021-06-18,ABR,10193,5005,5188,6551,3494,148,ITF,ITF1,13,Abruzzo,Abruzzo,1304970,323785,24.81,0.78
3797,2021-02-02,ABR,1764,668,1096,218,1542,4,ITF,ITF1,13,Abruzzo,Abruzzo,1304970,325549,24.95,0.14
3798,2021-05-13,ABR,11151,5044,6107,6956,3962,233,ITF,ITF1,13,Abruzzo,Abruzzo,1304970,336700,25.8,0.85
3799,2021-03-27,ABR,6124,2622,3502,3560,2492,72,ITF,ITF1,13,Abruzzo,Abruzzo,1304970,342824,26.27,0.47
3800,2021-01-05,ABR,1735,721,1014,1730,0,5,ITF,ITF1,13,Abruzzo,Abruzzo,1304970,344559,26.4,0.13
3801,2021-04-15,ABR,7829,3686,4143,5825,1843,161,ITF,ITF1,13,Abruzzo,Abruzzo,1304970,352388,27.0,0.6
3802,2021-07-07,ABR,12065,5907,6158,4027,7796,242,ITF,ITF1,13,Abruzzo,Abruzzo,1304970,364453,27.93,0.92
3803,2021-07-21,ABR,11078,5717,5361,2425,8518,135,ITF,ITF1,13,Abruzzo,Abruzzo,1304970,375531,28.78,0.85
3804,2021-02-03,ABR,2062,717,1345,411,1643,8,ITF,ITF1,13,Abruzzo,Abruzzo,1304970,377593,28.93,0.16
3805,2021-08-28,ABR,2302,1331,971,699,1554,49,ITF,ITF1,13,Abruzzo,Abruzzo,1304970,379895,29.11,0.18
3806,2021-02-12,ABR,1228,567,661,1026,189,13,ITF,ITF1,13,Abruzzo,Abruzzo,1304970,381123,29.21,0.09
3807,2021-07-19,ABR,11779,5982,5797,2666,8943,170,ITF,ITF1,13,Abruzzo,Abruzzo,1304970,392902,30.11,0.9
3808,2021-05-23,ABR,9880,4693,5187,7067,2692,121,ITF,ITF1,13,Abruzzo,Abruzzo,1304970,402782,30.87,0.76
3809,2021-06-06,ABR,11149,5309,5840,8776,2240,133,ITF,ITF1,13,Abruzzo,Abruzzo,1304970,413931,31.72,0.85
3810,2021-04-10,ABR,8778,4060,4718,6123,2510,145,ITF,ITF1,13,Abruzzo,Abruzzo,1304970,422709,32.39,0.67
3811,2021-05-11,ABR,10762,5120,5642,5730,4856,176,ITF,ITF1,13,Abruzzo,Abruzzo,1304970,433471,33.22,0.82
3812,2021-08-18,ABR,7378,3915,3463,3089,4098,191,ITF,ITF1,13,Abruzzo,Abruzzo,1304970,440849,33.78,0.57
3813,2021-04-05,ABR,2692,1147,1545,1729,880,83,ITF,ITF1,13,Abruzzo,Abruzzo,1304970,443541,33.99,0.21
3814,2021-03-17,ABR,4542,1873,2669,2779,1740,23,ITF,ITF1,13,Abruzzo,Abruzzo,1304970,448083,34.34,0.35
3815,2021-09-06,ABR,6225,3246,2979,2211,3866,148,ITF,ITF1,13,Abruzzo,Abruzzo,1304970,454308,34.81,0.48
3816,2021-03-24,ABR,6388,2786,3602,3993,2252,143,ITF,ITF1,13,Abruzzo,Abruzzo,1304970,460696,35.3,0.49
3817,2021-03-31,ABR,6722,2946,3776,4559,2069,94,ITF,ITF1,13,Abruzzo,Abruzzo,1304970,467418,35.82,0.52
3818,2021-05-15,ABR,11447,5185,6262,5941,5327,179,ITF,ITF1,13,Abruzzo,Abruzzo,1304970,478865,36.7,0.88
3819,2021-08-23,ABR,5919,3108,2811,1658,4117,144,ITF,ITF1,13,Abruzzo,Abruzzo,1304970,484784,37.15,0.45
3820,2021-07-11,ABR,9887,4976,4911,2364,7388,135,ITF,ITF1,13,Abruzzo,Abruzzo,1304970,494671,37.91,0.76
3821,2021-07-09,ABR,13610,6794,6816,2887,10584,139,ITF,ITF1,13,Abruzzo,Abruzzo,1304970,508281,38.95,1.04
3822,2021-06-22,ABR,10411,4878,5533,5386,4846,179,ITF,ITF1,13,Abruzzo,Abruzzo,1304970,518692,39.75,0.8
3823,2021-02-28,ABR,1703,509,1194,1665,2,36,ITF,ITF1,13,Abruzzo,Abruzzo,1304970,520395,39.88,0.13
3824,2021-08-04,ABR,10883,5630,5253,4302,6337,244,ITF,ITF1,13,Abruzzo,Abruzzo,1304970,531278,40.71,0.83
3825,2021-01-02,ABR,559,226,333,558,0,1,ITF,ITF1,13,Abruzzo,Abruzzo,1304970,531837,40.75,0.04
3826,2021-06-08,ABR,12870,6623,6247,10432,2197,241,ITF,ITF1,13,Abruzzo,Abruzzo,1304970,544707,41.74,0.99
3827,2021-04-26,ABR,8563,4067,4496,7138,1214,211,ITF,ITF1,13,Abruzzo,Abruzzo,1304970,553270,42.4,0.66
3828,2021-06-01,ABR,10999,4878,6121,6511,4367,121,ITF,ITF1,13,Abruzzo,Abruzzo,1304970,564269,43.24,0.84
3829,2021-05-27,ABR,13322,6104,7218,8315,4831,176,ITF,ITF1,13,Abruzzo,Abruzzo,1304970,577591,44.26,1.02
3830,2021-09-04,ABR,2138,1135,1003,740,1337,61,ITF,ITF1,13,Abruzzo,Abruzzo,1304970,579729,44.42,0.16
3831,2021-03-19,ABR,5797,2585,3212,2731,3024,42,ITF,ITF1,13,Abruzzo,Abruzzo,1304970,585526,44.87,0.44
3832,2021-03-05,ABR,5346,1957,3389,4590,697,59,ITF,ITF1,13,Abruzzo,Abruzzo,1304970,590872,45.28,0.41
3833,2021-06-27,ABR,8368,4300,4068,5020,3208,140,ITF,ITF1,13,Abruzzo,Abruzzo,1304970,599240,45.92,0.64
3834,2021-04-07,ABR,7546,3486,4060,4515,2897,134,ITF,ITF1,13,Abruzzo,Abruzzo,1304970,606786,46.5,0.58
3835,2021-01-19,ABR,112,56,56,90,21,1,ITF,ITF1,13,Abruzzo,Abruzzo,1304970,606898,46.51,0.01
3836,2021-02-07,ABR,780,308,472,200,579,1,ITF,ITF1,13,Abruzzo,Abruzzo,1304970,607678,46.57,0.06
3837,2021-07-23,ABR,12573,6464,6109,2852,9561,160,ITF,ITF1,13,Abruzzo,Abruzzo,1304970,620251,47.53,0.96
3838,2021-01-21,ABR,157,47,110,157,0,0,ITF,ITF1,13,Abruzzo,Abruzzo,1304970,620408,47.54,0.01
3839,2021-05-01,ABR,10752,5052,5700,5631,4984,137,ITF,ITF1,13,Abruzzo,Abruzzo,1304970,631160,48.37,0.82
3840,2021-05-20,ABR,12807,5926,6881,7411,5268,128,ITF,ITF1,13,Abruzzo,Abruzzo,1304970,643967,49.35,0.98
3841,2021-01-12,ABR,1900,761,1139,1886,0,14,ITF,ITF1,13,Abruzzo,Abruzzo,1304970,645867,49.49,0.15
3842,2021-05-25,ABR,11421,5325,6096,8084,3139,198,ITF,ITF1,13,Abruzzo,Abruzzo,1304970,657288,50.37,0.88
3843,2021-01-31,ABR,1523,494,1029,286,1236,1,ITF,ITF1,13,Abruzzo,Abruzzo,1304970,658811,50.48,0.12
3844,2021-03-29,ABR,5710,2600,3110,3020,2640,50,ITF,ITF1,13,Abruzzo,Abruzzo,1304970,664521,50.92,0.44
3845,2021-06-03,ABR,13199,6286,6913,9245,3779,175,ITF,ITF1,13,Abruzzo,Abruzzo,1304970,677720,51.93,1.01
3846,2021-03-12,ABR,6044,1993,4051,4354,1611,79,ITF,ITF1,13,Abruzzo,Abruzzo,1304970,683764,52.4,0.46
3847,2021-06-20,ABR,8445,4237,4208,5410,2932,103,ITF,ITF1,13,Abruzzo,Abruzzo,1304970,692209,53.04,0.65
3848,2021-03-14,ABR,1883,732,1151,1201,669,13,ITF,ITF1,13,Abruzzo,Abruzzo,1304970,694092,53.19,0.14
3849,2021-02-25,ABR,3056,1344,1712,2507,530,19,ITF,ITF1,13,Abruzzo,Abruzzo,1304970,697148,53.42,0.23
3850,2021-06-05,ABR,14618,6866,7752,10365,4051,202,ITF,ITF1,13,Abruzzo,Abruzzo,1304970,711766,54.54,1.12
3851,2021-08-08,ABR,4454,2431,2023,1888,2476,90,ITF,ITF1,13,Abruzzo,Abruzzo,1304970,716220,54.88,0.34
3852,2021-05-17,ABR,11039,5039,6000,6019,4858,162,ITF,ITF1,13,Abruzzo,Abruzzo,1304970,727259,55.73,0.85
3853,2021-03-10,ABR,5050,1686,3364,4026,957,67,ITF,ITF1,13,Abruzzo,Abruzzo,1304970,732309,56.12,0.39
3854,2021-01-26,ABR,1549,568,981,31,1518,0,ITF,ITF1,13,Abruzzo,Abruzzo,1304970,733858,56.24,0.12
3855,2021-05-06,ABR,13003,6087,6916,7796,5048,159,ITF,ITF1,13,Abruzzo,Abruzzo,1304970,746861,57.23,1.0
3856,2021-04-19,ABR,6234,2863,3371,3787,2374,73,ITF,ITF1,13,Abruzzo,Abruzzo,1304970,753095,57.71,0.48
3857,2021-02-21,ABR,1218,550,668,1193,1,24,ITF,ITF1,13,Abruzzo,Abruzzo,1304970,754313,57.8,0.09
3858,2021-07-28,ABR,13273,6954,6319,3435,9671,167,ITF,ITF1,13,Abruzzo,Abruzzo,1304970,767586,58.82,1.02
3859,2021-06-15,ABR,11330,5562,5768,8682,2439,209,ITF,ITF1,13,Abruzzo,Abruzzo,1304970,778916,59.69,0.87
3860,2021-04-12,ABR,6239,2957,3282,4984,1174,81,ITF,ITF1,13,Abruzzo,Abruzzo,1304970,785155,60.17,0.48
3861,2021-01-16,ABR,938,431,507,930,0,8,ITF,ITF1,13,Abruzzo,Abruzzo,1304970,786093,60.24,0.07
3862,2021-03-07,ABR,2523,630,1893,2485,0,38,ITF,ITF1,13,Abruzzo,Abruzzo,1304970,788616,60.43,0.19
3863,2021-01-09,ABR,1613,693,920,1601,0,12,ITF,ITF1,13,Abruzzo,Abruzzo,1304970,790229,60.56,0.12
3864,2021-04-09,ABR,8995,4261,4734,6248,2603,144,ITF,ITF1,13,Abruzzo,Abruzzo,1304970,799224,61.24,0.69
3865,2021-07-18,ABR,12208,6313,5895,2001,10085,122,ITF,ITF1,13,Abruzzo,Abruzzo,1304970,811432,62.18,0.94
3866,2021-04-02,ABR,6696,3104,3592,5112,1489,95,ITF,ITF1,13,Abruzzo,Abruzzo,1304970,818128,62.69,0.51
3867,2021-02-04,ABR,1685,617,1068,601,1072,12,ITF,ITF1,13,Abruzzo,Abruzzo,1304970,819813,62.82,0.13
3868,2021-07-20,ABR,12587,6387,6200,3225,9176,186,ITF,ITF1,13,Abruzzo,Abruzzo,1304970,832400,63.79,0.96
3869,2021-07-16,ABR,16149,8237,7912,2468,13564,117,ITF,ITF1,13,Abruzzo,Abruzzo,1304970,848549,65.02,1.24
3870,2021-05-08,ABR,10291,4870,5421,6309,3836,146,ITF,ITF1,13,Abruzzo,Abruzzo,1304970,858840,65.81,0.79
3871,2021-04-24,ABR,8731,3975,4756,6938,1532,261,ITF,ITF1,13,Abruzzo,Abruzzo,1304970,867571,66.48,0.67
3872,2021-08-16,ABR,6096,3207,2889,2256,3694,146,ITF,ITF1,13,Abruzzo,Abruzzo,1304970,873667,66.95,0.47
3873,2021-01-14,ABR,568,227,341,566,0,2,ITF,ITF1,13,Abruzzo,Abruzzo,1304970,874235,66.99,0.04
3874,2021-08-11,ABR,8275,4414,3861,2613,5504,158,ITF,ITF1,13,Abruzzo,Abruzzo,1304970,882510,67.63,0.63
3875,2021-04-04,ABR,1632,768,864,1458,129,45,ITF,ITF1,13,Abruzzo,Abruzzo,1304970,884142,67.75,0.13
3876,2021-07-13,ABR,15524,7752,7772,2824,12523,177,ITF,ITF1,13,Abruzzo,Abruzzo,1304970,899666,68.94,1.19
3877,2021-08-12,ABR,8768,4626,4142,3181,5407,180,ITF,ITF1,13,Abruzzo,Abruzzo,1304970,908434,69.61,0.67
3878,2021-06-16,ABR,10896,5452,5444,7990,2689,217,ITF,ITF1,13,Abruzzo,Abruzzo,1304970,919330,70.45,0.83
3879,2021-02-27,ABR,2812,1339,1473,2512,267,33,ITF,ITF1,13,Abruzzo,Abruzzo,1304970,922142,70.66,0.22
3880,2021-06-07,ABR,11101,5290,5811,9071,1844,186,ITF,ITF1,13,Abruzzo,Abruzzo,1304970,933243,71.51,0.85
3881,2021-04-11,ABR,5380,2629,2751,4835,487,58,ITF,ITF1,13,Abruzzo,Abruzzo,1304970,938623,71.93,0.41
3882,2021-06-09,ABR,11574,6093,5481,9707,1685,182,ITF,ITF1,13,Abruzzo,Abruzzo,1304970,950197,72.81,0.89
3883,2021-05-10,ABR,10115,4785,5330,5350,4650,115,ITF,ITF1,13,Abruzzo,Abruzzo,1304970,960312,73.59,0.78
3884,2021-04-23,ABR,7403,3397,4006,4927,2307,169,ITF,ITF1,13,Abruzzo,Abruzzo,1304970,967715,74.16,0.57
3885,2021-01-30,ABR,1514,570,944,63,1450,1,ITF,ITF1,13,Abruzzo,Abruzzo,1304970,969229,74.27,0.12
3886,2021-08-01,ABR,7574,4060,3514,2008,5464,102,ITF,ITF1,13,Abruzzo,Abruzzo,1304970,976803,74.85,0.58
3887,2021-06-19,ABR,10558,5202,5356,6484,3900,174,ITF,ITF1,13,Abruzzo,Abruzzo,1304970,987361,75.66,0.81
3888,2021-03-28,ABR,2430,1018,1412,1994,386,50,ITF,ITF1,13,Abruzzo,Abruzzo,1304970,989791,75.85,0.19
3889,2021-07-06,ABR,10463,5199,5264,4299,5989,175,ITF,ITF1,13,Abruzzo,Abruzzo,1304970,1000254,76.65,0.8
3890,2021-04-14,ABR,6597,2952,3645,4339,2123,135,ITF,ITF1,13,Abruzzo,Abruzzo,1304970,1006851,77.16,0.51
3891,2021-01-04,ABR,1514,685,829,1508,0,6,ITF,ITF1,13,Abruzzo,Abruzzo,1304970,1008365,77.27,0.12
3892,2021-01-23,ABR,265,116,149,51,208,6,ITF,ITF1,13,Abruzzo,Abruzzo,1304970,1008630,77.29,0.02
3893,2021-05-03,ABR,11151,5260,5891,7129,3837,185,ITF,ITF1,13,Abruzzo,Abruzzo,1304970,1019781,78.15,0.85
3894,2021-07-25,ABR,9862,5217,4645,2170,7569,123,ITF,ITF1,13,Abruzzo,Abruzzo,1304970,1029643,78.9,0.76
3895,2021-07-08,ABR,13492,6681,6811,3409,9918,165,ITF,ITF1,13,Abruzzo,Abruzzo,1304970,1043135,79.94,1.03
3896,2021-04-16,ABR,7545,3492,4053,5500,1916,129,ITF,ITF1,13,Abruzzo,Abruzzo,1304970,1050680,80.51,0.58
3897,2021-08-25,ABR,7127,3795,3332,2373,4585,169,ITF,ITF1,13,Abruzzo,Abruzzo,1304970,1057807,81.06,0.55
3898,2021-08-27,ABR,7971,4202,3769,2468,5343,160,ITF,ITF1,13,Abruzzo,Abruzzo,1304970,1065778,81.67,0.61
3899,2021-02-23,ABR,2780,1273,1507,2754,11,15,ITF,ITF1,13,Abruzzo,Abruzzo,1304970,1068558,81.88,0.21
3900,2021-02-06,ABR,1613,745,868,595,1011,7,ITF,ITF1,13,Abruzzo,Abruzzo,1304970,1070171,82.01,0.12
3901,2021-02-08,ABR,1196,396,800,486,710,0,ITF,ITF1,13,Abruzzo,Abruzzo,1304970,1071367,82.1,0.09
3902,2021-05-19,ABR,10731,5126,5605,7568,3037,126,ITF,ITF1,13,Abruzzo,Abruzzo,1304970,1082098,82.92,0.82
3903,2021-04-30,ABR,12511,5870,6641,6510,5728,273,ITF,ITF1,13,Abruzzo,Abruzzo,1304970,1094609,83.88,0.96
3904,2021-04-13,ABR,5895,2755,3140,4559,1238,98,ITF,ITF1,13,Abruzzo,Abruzzo,1304970,1100504,84.33,0.45
3905,2021-01-20,ABR,449,157,292,427,2,20,ITF,ITF1,13,Abruzzo,Abruzzo,1304970,1100953,84.37,0.03
3906,2021-07-05,ABR,10907,5348,5559,4043,6674,190,ITF,ITF1,13,Abruzzo,Abruzzo,1304970,1111860,85.2,0.84
3907,2021-02-09,ABR,923,325,598,513,409,1,ITF,ITF1,13,Abruzzo,Abruzzo,1304970,1112783,85.27,0.07
3908,2021-07-04,ABR,8371,4215,4156,3331,4915,125,ITF,ITF1,13,Abruzzo,Abruzzo,1304970,1121154,85.91,0.64
3909,2021-08-30,ABR,7415,4056,3359,1944,5342,129,ITF,ITF1,13,Abruzzo,Abruzzo,1304970,1128569,86.48,0.57
3910,2021-09-01,ABR,6862,3652,3210,1581,5180,101,ITF,ITF1,13,Abruzzo,Abruzzo,1304970,1135431,87.01,0.53
3911,2021-02-16,ABR,1916,842,1074,1891,12,13,ITF,ITF1,13,Abruzzo,Abruzzo,1304970,1137347,87.16,0.15
3912,2021-03-02,ABR,3967,1676,2291,3264,686,17,ITF,ITF1,13,Abruzzo,Abruzzo,1304970,1141314,87.46,0.3
3913,2021-06-10,ABR,12710,6319,6391,10307,2164,239,ITF,ITF1,13,Abruzzo,Abruzzo,1304970,1154024,88.43,0.97
3914,2021-09-03,ABR,5942,3188,2754,1833,3978,131,ITF,ITF1,13,Abruzzo,Abruzzo,1304970,1159966,88.89,0.46
3915,2021-01-28,ABR,1434,495,939,11,1423,0,ITF,ITF1,13,Abruzzo,Abruzzo,1304970,1161400,89.0,0.11
3916,2021-01-11,ABR,1689,690,999,1685,0,4,ITF,ITF1,13,Abruzzo,Abruzzo,1304970,1163089,89.13,0.13
3917,2021-04-21,ABR,6392,3103,3289,4634,1673,85,ITF,ITF1,13,Abruzzo,Abruzzo,1304970,1169481,89.62,0.49
3918,2021-05-07,ABR,12215,5715,6500,7651,4425,139,ITF,ITF1,13,Abruzzo,Abruzzo,1304970,1181696,90.55,0.94
3919,2021-03-06,ABR,4182,1361,2821,3570,571,41,ITF,ITF1,13,Abruzzo,Abruzzo,1304970,1185878,90.87,0.32
3920,2021-03-11,ABR,5493,2217,3276,4265,1139,89,ITF,ITF1,13,Abruzzo,Abruzzo,1304970,1191371,91.29,0.42
3921,2021-06-02,ABR,9772,4749,5023,6836,2818,118,ITF,ITF1,13,Abruzzo,Abruzzo,1304970,1201143,92.04,0.75
3922,2021-03-13,ABR,4123,1420,2703,3018,1043,62,ITF,ITF1,13,Abruzzo,Abruzzo,1304970,1205266,92.36,0.32
3923,2021-06-21,ABR,11058,5390,5668,4940,5990,128,ITF,ITF1,13,Abruzzo,Abruzzo,1304970,1216324,93.21,0.85
3924,2021-07-22,ABR,14488,7412,7076,3518,10761,209,ITF,ITF1,13,Abruzzo,Abruzzo,1304970,1230812,94.32,1.11
3925,2021-07-24,ABR,12631,6840,5791,3810,8586,235,ITF,ITF1,13,Abruzzo,Abruzzo,1304970,1243443,95.29,0.97
3926,2021-05-02,ABR,10464,5115,5349,5087,5232,145,ITF,ITF1,13,Abruzzo,Abruzzo,1304970,1253907,96.09,0.8
3927,2021-08-10,ABR,9271,4964,4307,3397,5662,212,ITF,ITF1,13,Abruzzo,Abruzzo,1304970,1263178,96.8,0.71
3928,2021-03-25,ABR,5800,2666,3134,3065,2622,113,ITF,ITF1,13,Abruzzo,Abruzzo,1304970,1268978,97.24,0.44
3929,2021-08-29,ABR,1466,876,590,520,932,14,ITF,ITF1,13,Abruzzo,Abruzzo,1304970,1270444,97.35,0.11
3930,2021-01-27,ABR,1367,515,852,34,1333,0,ITF,ITF1,13,Abruzzo,Abruzzo,1304970,1271811,97.46,0.1
3931,2021-07-03,ABR,10195,5149,5046,3502,6545,148,ITF,ITF1,13,Abruzzo,Abruzzo,1304970,1282006,98.24,0.78
3932,2021-05-21,ABR,13019,6329,6690,7865,4978,176,ITF,ITF1,13,Abruzzo,Abruzzo,1304970,1295025,99.24,1.0
3933,2021-03-18,ABR,3900,1652,2248,2038,1835,27,ITF,ITF1,13,Abruzzo,Abruzzo,1304970,1298925,99.54,0.3
3934,2021-08-22,ABR,1832,948,884,537,1243,52,ITF,ITF1,13,Abruzzo,Abruzzo,1304970,1300757,99.68,0.14
3935,2021-06-26,ABR,10054,5020,5034,5691,4201,162,ITF,ITF1,13,Abruzzo,Abruzzo,1304970,1310811,100.45,0.77
3936,2021-07-10,ABR,13121,6633,6488,3010,9946,165,ITF,ITF1,13,Abruzzo,Abruzzo,1304970,1323932,101.45,1.01
3937,2021-05-14,ABR,10595,5071,5524,5283,5151,161,ITF,ITF1,13,Abruzzo,Abruzzo,1304970,1334527,102.26,0.81
3938,2021-04-01,ABR,5626,2519,3107,3428,2120,78,ITF,ITF1,13,Abruzzo,Abruzzo,1304970,1340153,102.7,0.43
3939,2021-07-15,ABR,15945,8088,7857,3130,12639,176,ITF,ITF1,13,Abruzzo,Abruzzo,1304970,1356098,103.92,1.22
3940,2021-06-28,ABR,10055,4838,5217,5311,4574,170,ITF,ITF1,13,Abruzzo,Abruzzo,1304970,1366153,104.69,0.77
3941,2021-04-06,ABR,7677,3578,4099,5227,2320,130,ITF,ITF1,13,Abruzzo,Abruzzo,1304970,1373830,105.28,0.59
3942,2021-08-03,ABR,12722,6574,6148,3645,8908,169,ITF,ITF1,13,Abruzzo,Abruzzo,1304970,1386552,106.25,0.97
3943,2021-08-17,ABR,6582,3468,3114,2824,3541,217,ITF,ITF1,13,Abruzzo,Abruzzo,1304970,1393134,106.76,0.5
3944,2021-05-09,ABR,9158,4091,5067,4172,4873,113,ITF,ITF1,13,Abruzzo,Abruzzo,1304970,1402292,107.46,0.7
3945,2021-02-15,ABR,1794,832,962,1735,42,17,ITF,ITF1,13,Abruzzo,Abruzzo,1304970,1404086,107.6,0.14
3946,2021-05-26,ABR,13551,6044,7507,8397,4995,159,ITF,ITF1,13,Abruzzo,Abruzzo,1304970,1417637,108.63,1.04
3947,2021-06-14,ABR,10980,5432,5548,7426,3379,175,ITF,ITF1,13,Abruzzo,Abruzzo,1304970,1428617,109.48,0.84
3948,2021-03-30,ABR,5128,2262,2866,3142,1824,162,ITF,ITF1,13,Abruzzo,Abruzzo,1304970,1433745,109.87,0.39
3949,2021-01-06,ABR,1991,819,1172,1981,0,10,ITF,ITF1,13,Abruzzo,Abruzzo,1304970,1435736,110.02,0.15
3950,2021-06-29,ABR,11430,5639,5791,5246,5996,188,ITF,ITF1,13,Abruzzo,Abruzzo,1304970,1447166,110.9,0.88
3951,2021-03-21,ABR,2133,914,1219,838,1291,4,ITF,ITF1,13,Abruzzo,Abruzzo,1304970,1449299,111.06,0.16
3952,2021-06-12,ABR,11424,5917,5507,9890,1352,182,ITF,ITF1,13,Abruzzo,Abruzzo,1304970,1460723,111.94,0.88
3953,2021-01-13,ABR,1304,483,821,1296,0,8,ITF,ITF1,13,Abruzzo,Abruzzo,1304970,1462027,112.04,0.1
3954,2021-02-13,ABR,866,393,473,438,424,4,ITF,ITF1,13,Abruzzo,Abruzzo,1304970,1462893,112.1,0.07
3955,2021-07-17,ABR,14098,7387,6711,2654,11267,177,ITF,ITF1,13,Abruzzo,Abruzzo,1304970,1476991,113.18,1.08
3956,2021-03-04,ABR,5942,2360,3582,4972,928,42,ITF,ITF1,13,Abruzzo,Abruzzo,1304970,1482933,113.64,0.46
3957,2021-05-28,ABR,14024,6310,7714,7491,6364,169,ITF,ITF1,13,Abruzzo,Abruzzo,1304970,1496957,114.71,1.07
3958,2021-09-05,ABR,1431,782,649,439,964,28,ITF,ITF1,13,Abruzzo,Abruzzo,1304970,1498388,114.82,0.11
3959,2021-02-11,ABR,815,262,553,770,43,2,ITF,ITF1,13,Abruzzo,Abruzzo,1304970,1499203,114.88,0.06
3960,2021-05-24,ABR,12222,5839,6383,8725,3341,156,ITF,ITF1,13,Abruzzo,Abruzzo,1304970,1511425,115.82,0.94
3961,2021-02-18,ABR,2290,933,1357,2140,133,17,ITF,ITF1,13,Abruzzo,Abruzzo,1304970,1513715,116.0,0.18
3962,2021-05-29,ABR,10316,4428,5888,4454,5772,90,ITF,ITF1,13,Abruzzo,Abruzzo,1304970,1524031,116.79,0.79
3963,2021-05-22,ABR,13161,6393,6768,8132,4917,112,ITF,ITF1,13,Abruzzo,Abruzzo,1304970,1537192,117.8,1.01
3964,2021-03-26,ABR,5361,2314,3047,3175,2079,107,ITF,ITF1,13,Abruzzo,Abruzzo,1304970,1542553,118.21,0.41
3965,2021-07-27,ABR,15139,7906,7233,3340,11624,175,ITF,ITF1,13,Abruzzo,Abruzzo,1304970,1557692,119.37,1.16
3966,2021-05-31,ABR,11339,5115,6224,6769,4444,126,ITF,ITF1,13,Abruzzo,Abruzzo,1304970,1569031,120.24,0.87
3967,2021-04-20,ABR,5638,2714,2924,4104,1456,78,ITF,ITF1,13,Abruzzo,Abruzzo,1304970,1574669,120.67,0.43
3968,2021-07-29,ABR,15183,7974,7209,3933,11040,210,ITF,ITF1,13,Abruzzo,Abruzzo,1304970,1589852,121.83,1.16
3969,2021-04-25,ABR,9072,4626,4446,8054,809,209,ITF,ITF1,13,Abruzzo,Abruzzo,1304970,1598924,122.53,0.7
3970,2021-08-05,ABR,13901,7162,6739,4715,8915,271,ITF,ITF1,13,Abruzzo,Abruzzo,1304970,1612825,123.59,1.07
3971,2021-01-08,ABR,1659,638,1021,1650,0,9,ITF,ITF1,13,Abruzzo,Abruzzo,1304970,1614484,123.72,0.13
3972,2021-04-18,ABR,5820,2729,3091,4728,944,148,ITF,ITF1,13,Abruzzo,Abruzzo,1304970,1620304,124.16,0.45
3973,2021-02-20,ABR,4781,1845,2936,4661,76,44,ITF,ITF1,13,Abruzzo,Abruzzo,1304970,1625085,124.53,0.37
3974,2021-04-17,ABR,7358,3402,3956,4210,3051,97,ITF,ITF1,13,Abruzzo,Abruzzo,1304970,1632443,125.09,0.56
3975,2021-02-19,ABR,3300,1552,1748,3161,100,39,ITF,ITF1,13,Abruzzo,Abruzzo,1304970,1635743,125.35,0.25
3976,2021-01-07,ABR,1711,657,1054,1704,0,7,ITF,ITF1,13,Abruzzo,Abruzzo,1304970,1637454,125.48,0.13
3977,2021-07-30,ABR,12091,6436,5655,3795,8070,226,ITF,ITF1,13,Abruzzo,Abruzzo,1304970,1649545,126.4,0.93
3978,2021-02-26,ABR,3923,1679,2244,2928,969,26,ITF,ITF1,13,Abruzzo,Abruzzo,1304970,1653468,126.71,0.3
3979,2021-01-18,ABR,154,71,83,53,101,0,ITF,ITF1,13,Abruzzo,Abruzzo,1304970,1653622,126.72,0.01
3980,2021-06-24,ABR,10871,5411,5460,5722,4979,170,ITF,ITF1,13,Abruzzo,Abruzzo,1304970,1664493,127.55,0.83
3981,2021-04-28,ABR,9518,4591,4927,7309,2025,184,ITF,ITF1,13,Abruzzo,Abruzzo,1304970,1674011,128.28,0.73
3982,2021-05-12,ABR,9631,4603,5028,5872,3582,177,ITF,ITF1,13,Abruzzo,Abruzzo,1304970,1683642,129.02,0.74
3983,2021-03-16,ABR,3486,1453,2033,1804,1654,28,ITF,ITF1,13,Abruzzo,Abruzzo,1304970,1687128,129.28,0.27
3984,2021-08-20,ABR,6046,3165,2881,2033,3882,131,ITF,ITF1,13,Abruzzo,Abruzzo,1304970,1693174,129.75,0.46
3985,2021-08-06,ABR,10674,5708,4966,3687,6745,242,ITF,ITF1,13,Abruzzo,Abruzzo,1304970,1703848,130.57,0.82
3986,2021-05-05,ABR,11647,5576,6071,6275,5211,161,ITF,ITF1,13,Abruzzo,Abruzzo,1304970,1715495,131.46,0.89
3987,2021-03-09,ABR,5176,1805,3371,4147,938,91,ITF,ITF1,13,Abruzzo,Abruzzo,1304970,1720671,131.86,0.4
3988,2021-08-13,ABR,7119,3830,3289,2014,5000,105,ITF,ITF1,13,Abruzzo,Abruzzo,1304970,1727790,132.4,0.55
3989,2021-07-01,ABR,12762,6282,6480,5769,6768,225,ITF,ITF1,13,Abruzzo,Abruzzo,1304970,1740552,133.38,0.98
3990,2021-06-17,ABR,10916,5458,5458,7300,3453,163,ITF,ITF1,13,Abruzzo,Abruzzo,1304970,1751468,134.22,0.84
3991,2021-08-24,ABR,6357,3409,2948,1876,4329,152,ITF,ITF1,13,Abruzzo,Abruzzo,1304970,1757825,134.7,0.49
3992,2021-02-01,ABR,1634,574,1060,268,1365,1,ITF,ITF1,13,Abruzzo,Abruzzo,1304970,1759459,134.83,0.13
3993,2021-08-31,ABR,6391,3485,2906,1702,4579,110,ITF,ITF1,13,Abruzzo,Abruzzo,1304970,1765850,135.32,0.49
3994,2021-03-23,ABR,4835,2191,2644,2209,2567,59,ITF,ITF1,13,Abruzzo,Abruzzo,1304970,1770685,135.69,0.37
3995,2021-01-25,ABR,1606,634,972,13,1591,2,ITF,ITF1,13,Abruzzo,Abruzzo,1304970,1772291,135.81,0.12
3996,2021-05-24,CAM,31361,15157,16204,15852,15158,351,ITF,ITF3,15,Campania,Campania,5801692,31361,0.54,0.54
3997,2021-02-13,CAM,5508,2549,2959,5106,217,185,ITF,ITF3,15,Campania,Campania,5801692,36869,0.64,0.09
3998,2021-08-01,CAM,16086,8415,7671,6999,8834,253,ITF,ITF3,15,Campania,Campania,5801692,52955,0.91,0.28
3999,2021-04-23,CAM,32359,15536,16823,22444,9159,756,ITF,ITF3,15,Campania,Campania,5801692,85314,1.47,0.56
4000,2021-08-15,CAM,1121,638,483,216,898,7,ITF,ITF3,15,Campania,Campania,5801692,86435,1.49,0.02
4001,2021-03-02,CAM,12762,4560,8202,8184,4345,233,ITF,ITF3,15,Campania,Campania,5801692,99197,1.71,0.22
4002,2021-07-15,CAM,66733,32055,34678,9227,57078,428,ITF,ITF3,15,Campania,Campania,5801692,165930,2.86,1.15
4003,2021-06-07,CAM,57602,27729,29873,52722,4050,830,ITF,ITF3,15,Campania,Campania,5801692,223532,3.85,0.99
4004,2021-02-25,CAM,12444,4487,7957,10941,1208,295,ITF,ITF3,15,Campania,Campania,5801692,235976,4.07,0.21
4005,2021-04-09,CAM,29953,14085,15868,23174,6139,640,ITF,ITF3,15,Campania,Campania,5801692,265929,4.58,0.52
4006,2021-06-05,CAM,77649,37593,40056,70720,6039,890,ITF,ITF3,15,Campania,Campania,5801692,343578,5.92,1.34
4007,2021-08-03,CAM,31996,16222,15774,14530,16654,812,ITF,ITF3,15,Campania,Campania,5801692,375574,6.47,0.55
4008,2021-02-11,CAM,6294,2716,3578,5919,77,298,ITF,ITF3,15,Campania,Campania,5801692,381868,6.58,0.11
4009,2021-03-28,CAM,15565,7510,8055,13573,1625,367,ITF,ITF3,15,Campania,Campania,5801692,397433,6.85,0.27
4010,2021-01-04,CAM,5828,2962,2866,5728,0,100,ITF,ITF3,15,Campania,Campania,5801692,403261,6.95,0.1
4011,2021-06-19,CAM,62406,29712,32694,24171,37768,467,ITF,ITF3,15,Campania,Campania,5801692,465667,8.03,1.08
4012,2021-01-30,CAM,10732,5083,5649,43,10687,2,ITF,ITF3,15,Campania,Campania,5801692,476399,8.21,0.18
4013,2021-07-03,CAM,67284,32498,34786,8159,58711,414,ITF,ITF3,15,Campania,Campania,5801692,543683,9.37,1.16
4014,2021-08-29,CAM,10256,5573,4683,3710,6277,269,ITF,ITF3,15,Campania,Campania,5801692,553939,9.55,0.18
4015,2021-01-16,CAM,3372,1677,1695,3261,0,111,ITF,ITF3,15,Campania,Campania,5801692,557311,9.61,0.06
4016,2021-04-11,CAM,17529,8610,8919,15037,2088,404,ITF,ITF3,15,Campania,Campania,5801692,574840,9.91,0.3
4017,2021-04-28,CAM,36424,17631,18793,25840,9761,823,ITF,ITF3,15,Campania,Campania,5801692,611264,10.54,0.63
4018,2021-01-18,CAM,959,399,560,683,244,32,ITF,ITF3,15,Campania,Campania,5801692,612223,10.55,0.02
4019,2021-07-20,CAM,40104,19783,20321,6282,33333,489,ITF,ITF3,15,Campania,Campania,5801692,652327,11.24,0.69
4020,2021-06-24,CAM,66120,31868,34252,13404,52310,406,ITF,ITF3,15,Campania,Campania,5801692,718447,12.38,1.14
4021,2021-03-16,CAM,8090,3519,4571,3698,4317,75,ITF,ITF3,15,Campania,Campania,5801692,726537,12.52,0.14
4022,2021-08-20,CAM,17414,9328,8086,7459,9420,535,ITF,ITF3,15,Campania,Campania,5801692,743951,12.82,0.3
4023,2021-01-25,CAM,5760,2929,2831,174,5586,0,ITF,ITF3,15,Campania,Campania,5801692,749711,12.92,0.1
4024,2021-07-01,CAM,61537,29868,31669,19747,41033,757,ITF,ITF3,15,Campania,Campania,5801692,811248,13.98,1.06
4025,2021-03-23,CAM,15745,7447,8298,12857,2515,373,ITF,ITF3,15,Campania,Campania,5801692,826993,14.25,0.27
4026,2021-08-27,CAM,24403,13015,11388,7840,15885,678,ITF,ITF3,15,Campania,Campania,5801692,851396,14.67,0.42
4027,2021-06-26,CAM,62951,30695,32256,14618,47862,471,ITF,ITF3,15,Campania,Campania,5801692,914347,15.76,1.09
4028,2021-07-13,CAM,53695,25797,27898,4860,48504,331,ITF,ITF3,15,Campania,Campania,5801692,968042,16.69,0.93
4029,2021-04-04,CAM,7965,4016,3949,6679,1046,240,ITF,ITF3,15,Campania,Campania,5801692,976007,16.82,0.14
4030,2021-06-12,CAM,64001,31546,32455,55776,7216,1009,ITF,ITF3,15,Campania,Campania,5801692,1040008,17.93,1.1
4031,2021-03-04,CAM,14709,5396,9313,8528,5897,284,ITF,ITF3,15,Campania,Campania,5801692,1054717,18.18,0.25
4032,2021-01-11,CAM,4081,1879,2202,3971,0,110,ITF,ITF3,15,Campania,Campania,5801692,1058798,18.25,0.07
4033,2021-09-03,CAM,26469,13631,12838,10804,14752,913,ITF,ITF3,15,Campania,Campania,5801692,1085267,18.71,0.46
4034,2021-05-26,CAM,52745,25879,26866,21112,31159,474,ITF,ITF3,15,Campania,Campania,5801692,1138012,19.62,0.91
4035,2021-06-14,CAM,37132,17921,19211,18740,18023,369,ITF,ITF3,15,Campania,Campania,5801692,1175144,20.26,0.64
4036,2021-08-10,CAM,21639,11191,10448,13592,6949,1098,ITF,ITF3,15,Campania,Campania,5801692,1196783,20.63,0.37
4037,2021-07-27,CAM,49159,24446,24713,12750,35718,691,ITF,ITF3,15,Campania,Campania,5801692,1245942,21.48,0.85
4038,2021-04-16,CAM,34450,16638,17812,23078,10668,704,ITF,ITF3,15,Campania,Campania,5801692,1280392,22.07,0.59
4039,2021-01-06,CAM,7652,3751,3901,7508,0,144,ITF,ITF3,15,Campania,Campania,5801692,1288044,22.2,0.13
4040,2021-02-18,CAM,9111,3833,5278,8152,727,232,ITF,ITF3,15,Campania,Campania,5801692,1297155,22.36,0.16
4041,2021-03-09,CAM,14141,6874,7267,9907,3799,435,ITF,ITF3,15,Campania,Campania,5801692,1311296,22.6,0.24
4042,2021-05-31,CAM,40808,20703,20105,29851,10385,572,ITF,ITF3,15,Campania,Campania,5801692,1352104,23.31,0.7
4043,2021-08-26,CAM,24534,12759,11775,8198,15527,809,ITF,ITF3,15,Campania,Campania,5801692,1376638,23.73,0.42
4044,2021-08-22,CAM,6808,3875,2933,2536,4125,147,ITF,ITF3,15,Campania,Campania,5801692,1383446,23.85,0.12
4045,2021-01-23,CAM,3843,2032,1811,267,3570,6,ITF,ITF3,15,Campania,Campania,5801692,1387289,23.91,0.07
4046,2021-03-21,CAM,10075,4677,5398,7492,2391,192,ITF,ITF3,15,Campania,Campania,5801692,1397364,24.09,0.17
4047,2021-02-10,CAM,6939,3439,3500,6483,206,250,ITF,ITF3,15,Campania,Campania,5801692,1404303,24.21,0.12
4048,2021-07-17,CAM,55273,27563,27710,3479,51548,246,ITF,ITF3,15,Campania,Campania,5801692,1459576,25.16,0.95
4049,2021-04-08,CAM,28501,13824,14677,22034,5848,619,ITF,ITF3,15,Campania,Campania,5801692,1488077,25.65,0.49
4050,2021-05-17,CAM,49506,21756,27750,23650,25393,463,ITF,ITF3,15,Campania,Campania,5801692,1537583,26.5,0.85
4051,2021-02-06,CAM,5343,2666,2677,2003,3241,99,ITF,ITF3,15,Campania,Campania,5801692,1542926,26.59,0.09
4052,2021-07-22,CAM,61853,30552,31301,6527,54790,536,ITF,ITF3,15,Campania,Campania,5801692,1604779,27.66,1.07
4053,2021-08-08,CAM,7574,4041,3533,4651,2666,257,ITF,ITF3,15,Campania,Campania,5801692,1612353,27.79,0.13
4054,2021-04-30,CAM,42330,20199,22131,24963,16509,858,ITF,ITF3,15,Campania,Campania,5801692,1654683,28.52,0.73
4055,2021-02-04,CAM,7946,3430,4516,1249,6638,59,ITF,ITF3,15,Campania,Campania,5801692,1662629,28.66,0.14
4056,2021-01-01,CAM,919,506,413,899,0,20,ITF,ITF3,15,Campania,Campania,5801692,1663548,28.67,0.02
4057,2021-05-19,CAM,51310,22660,28650,33813,16759,738,ITF,ITF3,15,Campania,Campania,5801692,1714858,29.56,0.88
4058,2021-05-05,CAM,51190,24868,26322,43190,6398,1602,ITF,ITF3,15,Campania,Campania,5801692,1766048,30.44,0.88
4059,2021-07-31,CAM,30724,16215,14509,10563,19597,564,ITF,ITF3,15,Campania,Campania,5801692,1796772,30.97,0.53
4060,2021-05-07,CAM,59789,29215,30574,42444,15967,1378,ITF,ITF3,15,Campania,Campania,5801692,1856561,32.0,1.03
4061,2021-01-27,CAM,7755,3824,3931,168,7582,5,ITF,ITF3,15,Campania,Campania,5801692,1864316,32.13,0.13
4062,2021-02-27,CAM,13957,4471,9486,11964,1653,340,ITF,ITF3,15,Campania,Campania,5801692,1878273,32.37,0.24
4063,2021-06-16,CAM,31652,15011,16641,20505,10774,373,ITF,ITF3,15,Campania,Campania,5801692,1909925,32.92,0.55
4064,2021-08-12,CAM,18920,9994,8926,12411,5712,797,ITF,ITF3,15,Campania,Campania,5801692,1928845,33.25,0.33
4065,2021-05-02,CAM,43494,21551,21943,31192,11377,925,ITF,ITF3,15,Campania,Campania,5801692,1972339,34.0,0.75
4066,2021-01-22,CAM,1534,783,751,666,854,14,ITF,ITF3,15,Campania,Campania,5801692,1973873,34.02,0.03
4067,2021-04-25,CAM,30745,15179,15566,24542,5408,795,ITF,ITF3,15,Campania,Campania,5801692,2004618,34.55,0.53
4068,2021-01-13,CAM,8032,3676,4356,7787,0,245,ITF,ITF3,15,Campania,Campania,5801692,2012650,34.69,0.14
4069,2021-06-02,CAM,42942,20183,22759,37707,4730,505,ITF,ITF3,15,Campania,Campania,5801692,2055592,35.43,0.74
4070,2021-02-22,CAM,10699,3299,7400,10153,279,267,ITF,ITF3,15,Campania,Campania,5801692,2066291,35.62,0.18
4071,2021-03-11,CAM,18017,9068,8949,10280,7293,444,ITF,ITF3,15,Campania,Campania,5801692,2084308,35.93,0.31
4072,2021-08-24,CAM,22601,11700,10901,8676,13184,741,ITF,ITF3,15,Campania,Campania,5801692,2106909,36.32,0.39
4073,2021-05-16,CAM,51161,23229,27932,32853,17587,721,ITF,ITF3,15,Campania,Campania,5801692,2158070,37.2,0.88
4074,2021-02-20,CAM,8573,3080,5493,8091,303,179,ITF,ITF3,15,Campania,Campania,5801692,2166643,37.35,0.15
4075,2021-06-04,CAM,74587,35845,38742,64624,9135,828,ITF,ITF3,15,Campania,Campania,5801692,2241230,38.63,1.29
4076,2021-05-21,CAM,63872,29652,34220,42152,20702,1018,ITF,ITF3,15,Campania,Campania,5801692,2305102,39.73,1.1
4077,2021-04-01,CAM,24694,12021,12673,20042,4136,516,ITF,ITF3,15,Campania,Campania,5801692,2329796,40.16,0.43
4078,2021-09-05,CAM,8213,4274,3939,5171,2588,454,ITF,ITF3,15,Campania,Campania,5801692,2338009,40.3,0.14
4079,2021-05-28,CAM,73081,35333,37748,26271,46182,628,ITF,ITF3,15,Campania,Campania,5801692,2411090,41.56,1.26
4080,2021-04-06,CAM,24525,11567,12958,19476,4525,524,ITF,ITF3,15,Campania,Campania,5801692,2435615,41.98,0.42
4081,2021-07-12,CAM,56700,27374,29326,3719,52605,376,ITF,ITF3,15,Campania,Campania,5801692,2492315,42.96,0.98
4082,2020-12-27,CAM,720,422,298,716,0,4,ITF,ITF3,15,Campania,Campania,5801692,2493035,42.97,0.01
4083,2021-07-29,CAM,48524,24357,24167,13513,34139,872,ITF,ITF3,15,Campania,Campania,5801692,2541559,43.81,0.84
4084,2021-04-20,CAM,32168,15551,16617,20243,11324,601,ITF,ITF3,15,Campania,Campania,5801692,2573727,44.36,0.55
4085,2021-06-28,CAM,46536,22743,23793,20504,25413,619,ITF,ITF3,15,Campania,Campania,5801692,2620263,45.16,0.8
4086,2021-03-20,CAM,13990,6531,7459,9980,3739,271,ITF,ITF3,15,Campania,Campania,5801692,2634253,45.4,0.24
4087,2021-03-25,CAM,20328,9657,10671,16334,3507,487,ITF,ITF3,15,Campania,Campania,5801692,2654581,45.76,0.35
4088,2021-03-18,CAM,12181,5384,6797,5793,6193,195,ITF,ITF3,15,Campania,Campania,5801692,2666762,45.97,0.21
4089,2021-02-03,CAM,8908,4006,4902,843,8029,36,ITF,ITF3,15,Campania,Campania,5801692,2675670,46.12,0.15
4090,2021-05-18,CAM,52276,23283,28993,31881,19728,667,ITF,ITF3,15,Campania,Campania,5801692,2727946,47.02,0.9
4091,2021-08-09,CAM,25085,13084,12001,13687,10464,934,ITF,ITF3,15,Campania,Campania,5801692,2753031,47.45,0.43
4092,2021-02-05,CAM,7268,3464,3804,2023,5130,115,ITF,ITF3,15,Campania,Campania,5801692,2760299,47.58,0.13
4093,2021-08-07,CAM,17197,9179,8018,11204,5288,705,ITF,ITF3,15,Campania,Campania,5801692,2777496,47.87,0.3
4094,2021-04-29,CAM,41563,20183,21380,23996,16748,819,ITF,ITF3,15,Campania,Campania,5801692,2819059,48.59,0.72
4095,2021-01-19,CAM,1110,485,625,1055,5,50,ITF,ITF3,15,Campania,Campania,5801692,2820169,48.61,0.02
4096,2021-07-21,CAM,50180,24428,25752,8556,40888,736,ITF,ITF3,15,Campania,Campania,5801692,2870349,49.47,0.86
4097,2021-04-18,CAM,27221,13286,13935,17780,8903,538,ITF,ITF3,15,Campania,Campania,5801692,2897570,49.94,0.47
4098,2021-01-08,CAM,10458,4970,5488,10196,0,262,ITF,ITF3,15,Campania,Campania,5801692,2908028,50.12,0.18
4099,2021-04-27,CAM,32169,15632,16537,23431,7930,808,ITF,ITF3,15,Campania,Campania,5801692,2940197,50.68,0.55
4100,2021-06-23,CAM,46772,22094,24678,10694,35799,279,ITF,ITF3,15,Campania,Campania,5801692,2986969,51.48,0.81
4101,2021-08-05,CAM,35173,18029,17144,17294,16832,1047,ITF,ITF3,15,Campania,Campania,5801692,3022142,52.09,0.61
4102,2021-01-15,CAM,5000,2394,2606,4842,0,158,ITF,ITF3,15,Campania,Campania,5801692,3027142,52.18,0.09
4103,2021-06-21,CAM,46921,22687,24234,11275,35291,355,ITF,ITF3,15,Campania,Campania,5801692,3074063,52.99,0.81
4104,2021-03-13,CAM,14525,7043,7482,8954,5283,288,ITF,ITF3,15,Campania,Campania,5801692,3088588,53.24,0.25
4105,2021-03-22,CAM,13185,6349,6836,10822,2044,319,ITF,ITF3,15,Campania,Campania,5801692,3101773,53.46,0.23
4106,2021-05-14,CAM,61046,27584,33462,34794,24737,1515,ITF,ITF3,15,Campania,Campania,5801692,3162819,54.52,1.05
4107,2021-07-10,CAM,66913,32668,34245,2711,63963,239,ITF,ITF3,15,Campania,Campania,5801692,3229732,55.67,1.15
4108,2021-02-24,CAM,11810,4158,7652,10816,715,279,ITF,ITF3,15,Campania,Campania,5801692,3241542,55.87,0.2
4109,2021-01-05,CAM,7237,3637,3600,7072,0,165,ITF,ITF3,15,Campania,Campania,5801692,3248779,56.0,0.12
4110,2021-02-17,CAM,7418,3229,4189,6214,1073,131,ITF,ITF3,15,Campania,Campania,5801692,3256197,56.12,0.13
4111,2021-04-15,CAM,34349,16666,17683,23778,9905,666,ITF,ITF3,15,Campania,Campania,5801692,3290546,56.72,0.59
4112,2021-02-07,CAM,2929,1382,1547,2066,771,92,ITF,ITF3,15,Campania,Campania,5801692,3293475,56.77,0.05
4113,2021-06-30,CAM,47669,22777,24892,18323,28654,692,ITF,ITF3,15,Campania,Campania,5801692,3341144,57.59,0.82
4114,2021-09-04,CAM,18058,9825,8233,8656,8435,967,ITF,ITF3,15,Campania,Campania,5801692,3359202,57.9,0.31
4115,2021-08-31,CAM,27771,13966,13805,10833,15973,965,ITF,ITF3,15,Campania,Campania,5801692,3386973,58.38,0.48
4116,2021-02-15,CAM,5472,2516,2956,5150,175,147,ITF,ITF3,15,Campania,Campania,5801692,3392445,58.47,0.09
4117,2021-06-09,CAM,53065,26052,27013,41568,10916,581,ITF,ITF3,15,Campania,Campania,5801692,3445510,59.39,0.91
4118,2021-03-01,CAM,12134,4249,7885,7746,4113,275,ITF,ITF3,15,Campania,Campania,5801692,3457644,59.6,0.21
4119,2021-08-17,CAM,22280,12043,10237,7298,14442,540,ITF,ITF3,15,Campania,Campania,5801692,3479924,59.98,0.38
4120,2021-05-09,CAM,43213,20293,22920,30887,11106,1220,ITF,ITF3,15,Campania,Campania,5801692,3523137,60.73,0.74
4121,2021-07-24,CAM,47995,24872,23123,6723,40888,384,ITF,ITF3,15,Campania,Campania,5801692,3571132,61.55,0.83
4122,2021-01-20,CAM,1264,654,610,1233,0,31,ITF,ITF3,15,Campania,Campania,5801692,3572396,61.58,0.02
4123,2021-04-13,CAM,26616,12690,13926,20538,5538,540,ITF,ITF3,15,Campania,Campania,5801692,3599012,62.03,0.46
4124,2021-01-03,CAM,3836,2009,1827,3787,0,49,ITF,ITF3,15,Campania,Campania,5801692,3602848,62.1,0.07
4125,2021-07-05,CAM,63319,30525,32794,12689,49892,738,ITF,ITF3,15,Campania,Campania,5801692,3666167,63.19,1.09
4126,2021-01-17,CAM,1155,551,604,682,453,20,ITF,ITF3,15,Campania,Campania,5801692,3667322,63.21,0.02
4127,2021-03-15,CAM,13350,6495,6855,8313,4747,290,ITF,ITF3,15,Campania,Campania,5801692,3680672,63.44,0.23
4128,2021-07-02,CAM,55893,27011,28882,14384,40963,546,ITF,ITF3,15,Campania,Campania,5801692,3736565,64.4,0.96
4129,2021-08-28,CAM,17706,9615,8091,5364,11840,502,ITF,ITF3,15,Campania,Campania,5801692,3754271,64.71,0.31
4130,2021-05-27,CAM,73045,35397,37648,25818,46656,571,ITF,ITF3,15,Campania,Campania,5801692,3827316,65.97,1.26
4131,2021-02-16,CAM,5471,2431,3040,4507,787,177,ITF,ITF3,15,Campania,Campania,5801692,3832787,66.06,0.09
4132,2021-05-22,CAM,68133,32557,35576,45611,21659,863,ITF,ITF3,15,Campania,Campania,5801692,3900920,67.24,1.17
4133,2021-07-14,CAM,51118,24585,26533,4286,46499,333,ITF,ITF3,15,Campania,Campania,5801692,3952038,68.12,0.88
4134,2021-04-05,CAM,11641,5541,6100,8906,2424,311,ITF,ITF3,15,Campania,Campania,5801692,3963679,68.32,0.2
4135,2021-03-17,CAM,11598,5102,6496,4848,6591,159,ITF,ITF3,15,Campania,Campania,5801692,3975277,68.52,0.2
4136,2021-06-11,CAM,70840,34422,36418,63710,6058,1072,ITF,ITF3,15,Campania,Campania,5801692,4046117,69.74,1.22
4137,2021-03-03,CAM,13924,5496,8428,7069,6632,223,ITF,ITF3,15,Campania,Campania,5801692,4060041,69.98,0.24
4138,2021-07-07,CAM,52313,24822,27491,7209,44644,460,ITF,ITF3,15,Campania,Campania,5801692,4112354,70.88,0.9
4139,2021-03-29,CAM,19411,9579,9832,17436,1551,424,ITF,ITF3,15,Campania,Campania,5801692,4131765,71.22,0.33
4140,2021-06-20,CAM,47613,22748,24865,14276,32994,343,ITF,ITF3,15,Campania,Campania,5801692,4179378,72.04,0.82
4141,2021-03-27,CAM,21517,10242,11275,17218,3869,430,ITF,ITF3,15,Campania,Campania,5801692,4200895,72.41,0.37
4142,2021-06-01,CAM,42297,20983,21314,31484,10548,265,ITF,ITF3,15,Campania,Campania,5801692,4243192,73.14,0.73
4143,2021-06-18,CAM,65900,31407,34493,34973,30309,618,ITF,ITF3,15,Campania,Campania,5801692,4309092,74.27,1.14
4144,2021-03-10,CAM,15635,7735,7900,8427,6852,356,ITF,ITF3,15,Campania,Campania,5801692,4324727,74.54,0.27
4145,2021-08-06,CAM,31220,16253,14967,17545,12637,1038,ITF,ITF3,15,Campania,Campania,5801692,4355947,75.08,0.54
4146,2021-01-21,CAM,2106,1125,981,678,1421,7,ITF,ITF3,15,Campania,Campania,5801692,4358053,75.12,0.04
4147,2021-07-23,CAM,61835,30809,31026,8450,52865,520,ITF,ITF3,15,Campania,Campania,5801692,4419888,76.18,1.07
4148,2021-04-14,CAM,27665,13338,14327,18639,8590,436,ITF,ITF3,15,Campania,Campania,5801692,4447553,76.66,0.48
4149,2021-05-01,CAM,46354,22666,23688,29263,16113,978,ITF,ITF3,15,Campania,Campania,5801692,4493907,77.46,0.8
4150,2021-07-06,CAM,56710,27079,29631,15950,40110,650,ITF,ITF3,15,Campania,Campania,5801692,4550617,78.44,0.98
4151,2021-04-12,CAM,23310,10921,12389,19740,3038,532,ITF,ITF3,15,Campania,Campania,5801692,4573927,78.84,0.4
4152,2021-01-02,CAM,3672,1963,1709,3614,0,58,ITF,ITF3,15,Campania,Campania,5801692,4577599,78.9,0.06
4153,2021-06-17,CAM,60217,28868,31349,32796,26801,620,ITF,ITF3,15,Campania,Campania,5801692,4637816,79.94,1.04
4154,2021-07-04,CAM,48824,23766,25058,6285,42321,218,ITF,ITF3,15,Campania,Campania,5801692,4686640,80.78,0.84
4155,2021-03-26,CAM,19870,9326,10544,15603,3818,449,ITF,ITF3,15,Campania,Campania,5801692,4706510,81.12,0.34
4156,2021-03-06,CAM,16377,6819,9558,10373,5672,332,ITF,ITF3,15,Campania,Campania,5801692,4722887,81.41,0.28
4157,2021-08-19,CAM,22018,11637,10381,9590,11774,654,ITF,ITF3,15,Campania,Campania,5801692,4744905,81.78,0.38
4158,2021-01-10,CAM,8165,3736,4429,7963,0,202,ITF,ITF3,15,Campania,Campania,5801692,4753070,81.93,0.14
4159,2021-04-03,CAM,21119,10316,10803,18241,2383,495,ITF,ITF3,15,Campania,Campania,5801692,4774189,82.29,0.36
4160,2021-08-16,CAM,12465,6693,5772,6217,5723,525,ITF,ITF3,15,Campania,Campania,5801692,4786654,82.5,0.21
4161,2021-05-23,CAM,58764,28648,30116,37212,20905,647,ITF,ITF3,15,Campania,Campania,5801692,4845418,83.52,1.01
4162,2021-02-12,CAM,6563,2876,3687,6085,218,260,ITF,ITF3,15,Campania,Campania,5801692,4851981,83.63,0.11
4163,2021-01-29,CAM,10084,4821,5263,65,10015,4,ITF,ITF3,15,Campania,Campania,5801692,4862065,83.8,0.17
4164,2021-06-27,CAM,43560,21452,22108,14059,29073,428,ITF,ITF3,15,Campania,Campania,5801692,4905625,84.56,0.75
4165,2021-03-19,CAM,11152,4978,6174,7081,3877,194,ITF,ITF3,15,Campania,Campania,5801692,4916777,84.75,0.19
4166,2021-07-28,CAM,49454,24548,24906,13886,34778,790,ITF,ITF3,15,Campania,Campania,5801692,4966231,85.6,0.85
4167,2021-08-30,CAM,29101,15013,14088,9748,18545,808,ITF,ITF3,15,Campania,Campania,5801692,4995332,86.1,0.5
4168,2021-03-24,CAM,17923,8370,9553,14578,2958,387,ITF,ITF3,15,Campania,Campania,5801692,5013255,86.41,0.31
4169,2021-05-20,CAM,61038,28269,32769,42270,17795,973,ITF,ITF3,15,Campania,Campania,5801692,5074293,87.46,1.05
4170,2021-02-09,CAM,4653,2209,2444,4228,263,162,ITF,ITF3,15,Campania,Campania,5801692,5078946,87.54,0.08
4171,2021-09-06,CAM,22702,11592,11110,10640,11033,1029,ITF,ITF3,15,Campania,Campania,5801692,5101648,87.93,0.39
4172,2021-05-29,CAM,67879,32282,35597,43063,23963,853,ITF,ITF3,15,Campania,Campania,5801692,5169527,89.1,1.17
4173,2021-07-25,CAM,23224,11803,11421,4334,18739,151,ITF,ITF3,15,Campania,Campania,5801692,5192751,89.5,0.4
4174,2021-08-23,CAM,23706,12354,11352,9522,13344,840,ITF,ITF3,15,Campania,Campania,5801692,5216457,89.91,0.41
4175,2021-05-15,CAM,62818,29084,33734,42090,18873,1855,ITF,ITF3,15,Campania,Campania,5801692,5279275,91.0,1.08
4176,2021-03-12,CAM,14581,7412,7169,8144,6088,349,ITF,ITF3,15,Campania,Campania,5801692,5293856,91.25,0.25
4177,2021-06-22,CAM,52454,25014,27440,13160,39004,290,ITF,ITF3,15,Campania,Campania,5801692,5346310,92.15,0.9
4178,2021-03-14,CAM,8617,3826,4791,4357,4142,118,ITF,ITF3,15,Campania,Campania,5801692,5354927,92.3,0.15
4179,2021-05-10,CAM,35479,16393,19086,24862,9932,685,ITF,ITF3,15,Campania,Campania,5801692,5390406,92.91,0.61
4180,2021-06-08,CAM,53114,25875,27239,45342,7077,695,ITF,ITF3,15,Campania,Campania,5801692,5443520,93.83,0.92
4181,2021-08-04,CAM,29838,15309,14529,15848,13099,891,ITF,ITF3,15,Campania,Campania,5801692,5473358,94.34,0.51
4182,2021-04-26,CAM,34059,16654,17405,27532,5630,897,ITF,ITF3,15,Campania,Campania,5801692,5507417,94.93,0.59
4183,2021-03-07,CAM,11974,5406,6568,7773,3844,357,ITF,ITF3,15,Campania,Campania,5801692,5519391,95.13,0.21
4184,2021-08-11,CAM,21050,11094,9956,12050,8143,857,ITF,ITF3,15,Campania,Campania,5801692,5540441,95.5,0.36
4185,2021-05-03,CAM,40759,19894,20865,27849,11871,1039,ITF,ITF3,15,Campania,Campania,5801692,5581200,96.2,0.7
4186,2021-06-29,CAM,49357,24015,25342,19703,29140,514,ITF,ITF3,15,Campania,Campania,5801692,5630557,97.05,0.85
4187,2021-06-15,CAM,18686,9095,9591,10995,7420,271,ITF,ITF3,15,Campania,Campania,5801692,5649243,97.37,0.32
4188,2021-06-10,CAM,76013,36709,39304,67826,7108,1079,ITF,ITF3,15,Campania,Campania,5801692,5725256,98.68,1.31
4189,2021-05-08,CAM,56450,27149,29301,39037,15847,1566,ITF,ITF3,15,Campania,Campania,5801692,5781706,99.66,0.97
4190,2021-01-28,CAM,8851,4130,4721,140,8703,8,ITF,ITF3,15,Campania,Campania,5801692,5790557,99.81,0.15
4191,2021-07-30,CAM,44829,22822,22007,14417,29501,911,ITF,ITF3,15,Campania,Campania,5801692,5835386,100.58,0.77
4192,2021-04-21,CAM,30345,14770,15575,17549,12232,564,ITF,ITF3,15,Campania,Campania,5801692,5865731,101.1,0.52
4193,2021-06-03,CAM,72657,35244,37413,61021,10681,955,ITF,ITF3,15,Campania,Campania,5801692,5938388,102.36,1.25
4194,2021-02-23,CAM,11017,3396,7621,10159,542,316,ITF,ITF3,15,Campania,Campania,5801692,5949405,102.55,0.19
4195,2021-08-25,CAM,22834,12019,10815,8707,13420,707,ITF,ITF3,15,Campania,Campania,5801692,5972239,102.94,0.39
4196,2021-02-21,CAM,5840,2242,3598,5488,228,124,ITF,ITF3,15,Campania,Campania,5801692,5978079,103.04,0.1
4197,2021-06-25,CAM,65519,31805,33714,13713,51347,459,ITF,ITF3,15,Campania,Campania,5801692,6043598,104.17,1.13
4198,2021-09-02,CAM,25519,13186,12333,10174,14450,895,ITF,ITF3,15,Campania,Campania,5801692,6069117,104.61,0.44
4199,2021-05-25,CAM,46571,22427,24144,22559,23455,557,ITF,ITF3,15,Campania,Campania,5801692,6115688,105.41,0.8
4200,2021-04-22,CAM,34121,16637,17484,20901,12546,674,ITF,ITF3,15,Campania,Campania,5801692,6149809,106.0,0.59
4201,2021-01-12,CAM,5221,2569,2652,5082,0,139,ITF,ITF3,15,Campania,Campania,5801692,6155030,106.09,0.09
4202,2021-08-14,CAM,4918,2804,2114,2051,2706,161,ITF,ITF3,15,Campania,Campania,5801692,6159948,106.18,0.08
4203,2021-05-06,CAM,57621,28140,29481,41214,14777,1630,ITF,ITF3,15,Campania,Campania,5801692,6217569,107.17,0.99
4204,2021-09-01,CAM,27219,13716,13503,10239,16122,858,ITF,ITF3,15,Campania,Campania,5801692,6244788,107.64,0.47
4205,2021-08-18,CAM,19592,10345,9247,7749,11289,554,ITF,ITF3,15,Campania,Campania,5801692,6264380,107.98,0.34
4206,2021-02-28,CAM,10413,3207,7206,8278,1901,234,ITF,ITF3,15,Campania,Campania,5801692,6274793,108.15,0.18
4207,2021-02-14,CAM,3929,1923,2006,3842,34,53,ITF,ITF3,15,Campania,Campania,5801692,6278722,108.22,0.07
4208,2021-01-26,CAM,7350,3733,3617,335,6994,21,ITF,ITF3,15,Campania,Campania,5801692,6286072,108.35,0.13
4209,2021-04-19,CAM,30774,14828,15946,18656,11578,540,ITF,ITF3,15,Campania,Campania,5801692,6316846,108.88,0.53
4210,2021-01-09,CAM,10563,5022,5541,10300,0,263,ITF,ITF3,15,Campania,Campania,5801692,6327409,109.06,0.18
4211,2021-03-08,CAM,14693,6851,7842,9444,4781,468,ITF,ITF3,15,Campania,Campania,5801692,6342102,109.31,0.25
4212,2021-05-04,CAM,48479,23343,25136,38243,8906,1330,ITF,ITF3,15,Campania,Campania,5801692,6390581,110.15,0.84
4213,2021-01-24,CAM,4123,2120,2003,361,3745,17,ITF,ITF3,15,Campania,Campania,5801692,6394704,110.22,0.07
4214,2021-08-21,CAM,9796,5396,4400,4082,5338,376,ITF,ITF3,15,Campania,Campania,5801692,6404500,110.39,0.17
4215,2021-05-13,CAM,55456,24833,30623,37830,16024,1602,ITF,ITF3,15,Campania,Campania,5801692,6459956,111.35,0.96
4216,2021-07-09,CAM,61505,29780,31725,4323,56839,343,ITF,ITF3,15,Campania,Campania,5801692,6521461,112.41,1.06
4217,2021-01-31,CAM,8070,3712,4358,22,8047,1,ITF,ITF3,15,Campania,Campania,5801692,6529531,112.55,0.14
4218,2021-05-11,CAM,39889,19251,20638,29530,9407,952,ITF,ITF3,15,Campania,Campania,5801692,6569420,113.23,0.69
4219,2021-07-11,CAM,40868,19670,21198,1003,39775,90,ITF,ITF3,15,Campania,Campania,5801692,6610288,113.94,0.7
4220,2021-02-02,CAM,5733,2811,2922,415,5287,31,ITF,ITF3,15,Campania,Campania,5801692,6616021,114.04,0.1
4221,2021-03-31,CAM,23202,11378,11824,19317,3442,443,ITF,ITF3,15,Campania,Campania,5801692,6639223,114.44,0.4
4222,2021-07-18,CAM,31385,15806,15579,3860,27166,359,ITF,ITF3,15,Campania,Campania,5801692,6670608,114.98,0.54
4223,2021-04-07,CAM,24976,11989,12987,19665,4726,585,ITF,ITF3,15,Campania,Campania,5801692,6695584,115.41,0.43
4224,2021-07-16,CAM,61058,29869,31189,6685,53911,462,ITF,ITF3,15,Campania,Campania,5801692,6756642,116.46,1.05
4225,2021-04-02,CAM,21867,10525,11342,19053,2324,490,ITF,ITF3,15,Campania,Campania,5801692,6778509,116.84,0.38
4226,2021-05-12,CAM,40936,19979,20957,30591,9171,1174,ITF,ITF3,15,Campania,Campania,5801692,6819445,117.54,0.71
4227,2021-07-08,CAM,61129,29426,31703,5627,55158,344,ITF,ITF3,15,Campania,Campania,5801692,6880574,118.6,1.05
4228,2021-02-08,CAM,5128,2459,2669,4163,815,150,ITF,ITF3,15,Campania,Campania,5801692,6885702,118.68,0.09
4229,2021-02-01,CAM,3988,1814,2174,104,3876,8,ITF,ITF3,15,Campania,Campania,5801692,6889690,118.75,0.07
4230,2021-03-30,CAM,22058,10581,11477,18567,2959,532,ITF,ITF3,15,Campania,Campania,5801692,6911748,119.13,0.38
4231,2021-04-17,CAM,36203,17518,18685,23946,11518,739,ITF,ITF3,15,Campania,Campania,5801692,6947951,119.76,0.62
4232,2021-06-13,CAM,43430,21245,22185,37977,4731,722,ITF,ITF3,15,Campania,Campania,5801692,6991381,120.51,0.75
4233,2021-05-30,CAM,52170,25453,26717,37957,13327,886,ITF,ITF3,15,Campania,Campania,5801692,7043551,121.41,0.9
4234,2021-02-19,CAM,9588,3569,6019,8689,662,237,ITF,ITF3,15,Campania,Campania,5801692,7053139,121.57,0.17
4235,2021-07-26,CAM,48859,24317,24542,10370,37936,553,ITF,ITF3,15,Campania,Campania,5801692,7101998,122.41,0.84
4236,2020-12-31,CAM,1490,811,679,1470,0,20,ITF,ITF3,15,Campania,Campania,5801692,7103488,122.44,0.03
4237,2021-06-06,CAM,63234,31450,31784,61753,651,830,ITF,ITF3,15,Campania,Campania,5801692,7166722,123.53,1.09
4238,2021-02-26,CAM,13367,4237,9130,11691,1366,310,ITF,ITF3,15,Campania,Campania,5801692,7180089,123.76,0.23
4239,2021-08-02,CAM,41769,21213,20556,13150,28017,602,ITF,ITF3,15,Campania,Campania,5801692,7221858,124.48,0.72
4240,2021-04-24,CAM,36384,17536,18848,24320,11250,814,ITF,ITF3,15,Campania,Campania,5801692,7258242,125.11,0.63
4241,2021-07-19,CAM,43996,21545,22451,5172,38373,451,ITF,ITF3,15,Campania,Campania,5801692,7302238,125.86,0.76
4242,2021-04-10,CAM,28363,13497,14866,22778,4917,668,ITF,ITF3,15,Campania,Campania,5801692,7330601,126.35,0.49
4243,2021-01-07,CAM,8909,4167,4742,8735,0,174,ITF,ITF3,15,Campania,Campania,5801692,7339510,126.51,0.15
4244,2021-03-05,CAM,16826,6670,10156,9835,6672,319,ITF,ITF3,15,Campania,Campania,5801692,7356336,126.8,0.29
4245,2021-08-13,CAM,16867,9152,7715,9724,6603,540,ITF,ITF3,15,Campania,Campania,5801692,7373203,127.09,0.29
4246,2021-01-14,CAM,7082,2983,4099,6817,0,265,ITF,ITF3,15,Campania,Campania,5801692,7380285,127.21,0.12
4247,2021-08-29,SIC,14527,7929,6598,4756,9625,146,ITG,ITG1,19,Sicilia,Sicilia,4999891,14527,0.29,0.29
4248,2021-02-25,SIC,9944,5208,4736,8688,1164,92,ITG,ITG1,19,Sicilia,Sicilia,4999891,24471,0.49,0.2
4249,2021-06-05,SIC,59961,28523,31438,48736,10597,628,ITG,ITG1,19,Sicilia,Sicilia,4999891,84432,1.69,1.2
4250,2021-03-14,SIC,8782,3930,4852,4894,3836,52,ITG,ITG1,19,Sicilia,Sicilia,4999891,93214,1.86,0.18
4251,2021-06-24,SIC,42368,19672,22696,17636,24372,360,ITG,ITG1,19,Sicilia,Sicilia,4999891,135582,2.71,0.85
4252,2021-06-07,SIC,49694,23418,26276,41117,8040,537,ITG,ITG1,19,Sicilia,Sicilia,4999891,185276,3.71,0.99
4253,2021-01-25,SIC,7453,3690,3763,267,7179,7,ITG,ITG1,19,Sicilia,Sicilia,4999891,192729,3.85,0.15
4254,2021-05-05,SIC,26408,12234,14174,16283,9684,441,ITG,ITG1,19,Sicilia,Sicilia,4999891,219137,4.38,0.53
4255,2021-05-19,SIC,42907,20774,22133,28191,14335,381,ITG,ITG1,19,Sicilia,Sicilia,4999891,262044,5.24,0.86
4256,2021-07-27,SIC,43334,21474,21860,19271,23600,463,ITG,ITG1,19,Sicilia,Sicilia,4999891,305378,6.11,0.87
4257,2021-01-30,SIC,7734,3556,4178,142,7589,3,ITG,ITG1,19,Sicilia,Sicilia,4999891,313112,6.26,0.15
4258,2021-03-28,SIC,10991,5152,5839,6912,4012,67,ITG,ITG1,19,Sicilia,Sicilia,4999891,324103,6.48,0.22
4259,2021-07-15,SIC,48411,22465,25946,8007,40140,264,ITG,ITG1,19,Sicilia,Sicilia,4999891,372514,7.45,0.97
4260,2021-02-13,SIC,2979,1124,1855,2686,256,37,ITG,ITG1,19,Sicilia,Sicilia,4999891,375493,7.51,0.06
4261,2021-05-24,SIC,35893,17454,18439,15596,20064,233,ITG,ITG1,19,Sicilia,Sicilia,4999891,411386,8.23,0.72
4262,2021-08-27,SIC,23360,11880,11480,9850,13183,327,ITG,ITG1,19,Sicilia,Sicilia,4999891,434746,8.7,0.47
4263,2021-04-11,SIC,15381,7595,7786,8229,7040,112,ITG,ITG1,19,Sicilia,Sicilia,4999891,450127,9.0,0.31
4264,2021-07-20,SIC,48509,23627,24882,12794,35356,359,ITG,ITG1,19,Sicilia,Sicilia,4999891,498636,9.97,0.97
4265,2020-12-30,SIC,186,110,76,185,0,1,ITG,ITG1,19,Sicilia,Sicilia,4999891,498822,9.98,0.0
4266,2021-01-16,SIC,2737,1221,1516,2716,0,21,ITG,ITG1,19,Sicilia,Sicilia,4999891,501559,10.03,0.05
4267,2021-07-01,SIC,31006,14085,16921,10758,19991,257,ITG,ITG1,19,Sicilia,Sicilia,4999891,532565,10.65,0.62
4268,2021-04-09,SIC,20229,9841,10388,10922,9045,262,ITG,ITG1,19,Sicilia,Sicilia,4999891,552794,11.06,0.4
4269,2021-03-23,SIC,20973,10090,10883,15231,5567,175,ITG,ITG1,19,Sicilia,Sicilia,4999891,573767,11.48,0.42
4270,2021-08-15,SIC,2513,1428,1085,1509,954,50,ITG,ITG1,19,Sicilia,Sicilia,4999891,576280,11.53,0.05
4271,2021-08-01,SIC,19981,10440,9541,7868,11965,148,ITG,ITG1,19,Sicilia,Sicilia,4999891,596261,11.93,0.4
4272,2021-06-19,SIC,44304,21062,23242,18765,25220,319,ITG,ITG1,19,Sicilia,Sicilia,4999891,640565,12.81,0.89
4273,2021-04-23,SIC,28634,13725,14909,22408,5841,385,ITG,ITG1,19,Sicilia,Sicilia,4999891,669199,13.38,0.57
4274,2021-08-03,SIC,32064,15726,16338,13876,17768,420,ITG,ITG1,19,Sicilia,Sicilia,4999891,701263,14.03,0.64
4275,2021-03-02,SIC,14784,6379,8405,11888,2781,115,ITG,ITG1,19,Sicilia,Sicilia,4999891,716047,14.32,0.3
4276,2021-01-04,SIC,8526,4254,4272,8476,0,50,ITG,ITG1,19,Sicilia,Sicilia,4999891,724573,14.49,0.17
4277,2021-01-18,SIC,1627,676,951,1456,160,11,ITG,ITG1,19,Sicilia,Sicilia,4999891,726200,14.52,0.03
4278,2021-04-28,SIC,29288,13724,15564,19719,9163,406,ITG,ITG1,19,Sicilia,Sicilia,4999891,755488,15.11,0.59
4279,2021-08-10,SIC,21834,10875,10959,10658,10915,261,ITG,ITG1,19,Sicilia,Sicilia,4999891,777322,15.55,0.44
4280,2021-02-11,SIC,5238,2060,3178,4652,467,119,ITG,ITG1,19,Sicilia,Sicilia,4999891,782560,15.65,0.1
4281,2021-04-16,SIC,28868,14500,14368,20247,8300,321,ITG,ITG1,19,Sicilia,Sicilia,4999891,811428,16.23,0.58
4282,2021-01-23,SIC,4488,2310,2178,208,4270,10,ITG,ITG1,19,Sicilia,Sicilia,4999891,815916,16.32,0.09
4283,2021-01-06,SIC,6269,3302,2967,6204,0,65,ITG,ITG1,19,Sicilia,Sicilia,4999891,822185,16.44,0.13
4284,2021-03-16,SIC,9643,4334,5309,3569,6003,71,ITG,ITG1,19,Sicilia,Sicilia,4999891,831828,16.64,0.19
4285,2021-07-08,SIC,38396,17497,20899,6534,31639,223,ITG,ITG1,19,Sicilia,Sicilia,4999891,870224,17.4,0.77
4286,2021-04-04,SIC,6801,3324,3477,5435,1295,71,ITG,ITG1,19,Sicilia,Sicilia,4999891,877025,17.54,0.14
4287,2021-07-13,SIC,46133,21174,24959,6922,38993,218,ITG,ITG1,19,Sicilia,Sicilia,4999891,923158,18.46,0.92
4288,2021-05-17,SIC,31942,15412,16530,19002,12646,294,ITG,ITG1,19,Sicilia,Sicilia,4999891,955100,19.1,0.64
4289,2021-03-21,SIC,15227,7347,7880,11185,3970,72,ITG,ITG1,19,Sicilia,Sicilia,4999891,970327,19.41,0.3
4290,2021-02-06,SIC,4736,2119,2617,1450,3266,20,ITG,ITG1,19,Sicilia,Sicilia,4999891,975063,19.5,0.09
4291,2021-02-04,SIC,6762,3084,3678,1421,5311,30,ITG,ITG1,19,Sicilia,Sicilia,4999891,981825,19.64,0.14
4292,2021-09-03,SIC,21955,11091,10864,9952,11630,373,ITG,ITG1,19,Sicilia,Sicilia,4999891,1003780,20.08,0.44
4293,2020-12-28,SIC,225,138,87,224,0,1,ITG,ITG1,19,Sicilia,Sicilia,4999891,1004005,20.08,0.0
4294,2021-06-26,SIC,37269,17782,19487,16351,20610,308,ITG,ITG1,19,Sicilia,Sicilia,4999891,1041274,20.83,0.75
4295,2021-04-30,SIC,35059,16357,18702,23523,11055,481,ITG,ITG1,19,Sicilia,Sicilia,4999891,1076333,21.53,0.7
4296,2021-03-04,SIC,15261,6708,8553,11011,4122,128,ITG,ITG1,19,Sicilia,Sicilia,4999891,1091594,21.83,0.31
4297,2021-08-08,SIC,15318,8131,7187,7415,7714,189,ITG,ITG1,19,Sicilia,Sicilia,4999891,1106912,22.14,0.31
4298,2021-06-12,SIC,45799,22398,23401,39370,5895,534,ITG,ITG1,19,Sicilia,Sicilia,4999891,1152711,23.05,0.92
4299,2021-05-31,SIC,38125,17168,20957,21276,16553,296,ITG,ITG1,19,Sicilia,Sicilia,4999891,1190836,23.82,0.76
4300,2021-08-22,SIC,10328,5503,4825,3915,6295,118,ITG,ITG1,19,Sicilia,Sicilia,4999891,1201164,24.02,0.21
4301,2021-02-18,SIC,5341,3147,2194,4842,430,69,ITG,ITG1,19,Sicilia,Sicilia,4999891,1206505,24.13,0.11
4302,2021-05-12,SIC,36863,17394,19469,21412,14927,524,ITG,ITG1,19,Sicilia,Sicilia,4999891,1243368,24.87,0.74
4303,2021-08-20,SIC,18794,9360,9434,9855,8674,265,ITG,ITG1,19,Sicilia,Sicilia,4999891,1262162,25.24,0.38
4304,2021-07-17,SIC,49323,24293,25030,9315,39708,300,ITG,ITG1,19,Sicilia,Sicilia,4999891,1311485,26.23,0.99
4305,2021-02-23,SIC,8785,4667,4118,8229,468,88,ITG,ITG1,19,Sicilia,Sicilia,4999891,1320270,26.41,0.18
4306,2021-03-09,SIC,13172,5772,7400,10839,2202,131,ITG,ITG1,19,Sicilia,Sicilia,4999891,1333442,26.67,0.26
4307,2021-01-11,SIC,5929,2619,3310,5869,0,60,ITG,ITG1,19,Sicilia,Sicilia,4999891,1339371,26.79,0.12
4308,2021-04-02,SIC,13905,6561,7344,9048,4737,120,ITG,ITG1,19,Sicilia,Sicilia,4999891,1353276,27.07,0.28
4309,2021-02-10,SIC,4354,1776,2578,3888,383,83,ITG,ITG1,19,Sicilia,Sicilia,4999891,1357630,27.15,0.09
4310,2021-05-21,SIC,48716,23080,25636,26666,21624,426,ITG,ITG1,19,Sicilia,Sicilia,4999891,1406346,28.13,0.97
4311,2021-08-12,SIC,15122,7582,7540,7977,6903,242,ITG,ITG1,19,Sicilia,Sicilia,4999891,1421468,28.43,0.3
4312,2021-06-04,SIC,57869,26768,31101,45400,11962,507,ITG,ITG1,19,Sicilia,Sicilia,4999891,1479337,29.59,1.16
4313,2021-04-06,SIC,17765,8486,9279,13256,4297,212,ITG,ITG1,19,Sicilia,Sicilia,4999891,1497102,29.94,0.36
4314,2021-02-22,SIC,7947,4131,3816,7371,493,83,ITG,ITG1,19,Sicilia,Sicilia,4999891,1505049,30.1,0.16
4315,2020-12-27,SIC,93,55,38,92,0,1,ITG,ITG1,19,Sicilia,Sicilia,4999891,1505142,30.1,0.0
4316,2021-06-02,SIC,35286,16298,18988,27105,7782,399,ITG,ITG1,19,Sicilia,Sicilia,4999891,1540428,30.81,0.71
4317,2021-01-01,SIC,825,441,384,821,0,4,ITG,ITG1,19,Sicilia,Sicilia,4999891,1541253,30.83,0.02
4318,2021-04-20,SIC,19009,9007,10002,13452,5249,308,ITG,ITG1,19,Sicilia,Sicilia,4999891,1560262,31.21,0.38
4319,2021-07-29,SIC,36192,17887,18305,14323,21527,342,ITG,ITG1,19,Sicilia,Sicilia,4999891,1596454,31.93,0.72
4320,2021-06-16,SIC,40447,18808,21639,21273,18815,359,ITG,ITG1,19,Sicilia,Sicilia,4999891,1636901,32.74,0.81
4321,2021-03-25,SIC,20475,9533,10942,14751,5547,177,ITG,ITG1,19,Sicilia,Sicilia,4999891,1657376,33.15,0.41
4322,2021-07-03,SIC,33888,16290,17598,9034,24609,245,ITG,ITG1,19,Sicilia,Sicilia,4999891,1691264,33.83,0.68
4323,2021-03-06,SIC,12650,5063,7587,9764,2783,103,ITG,ITG1,19,Sicilia,Sicilia,4999891,1703914,34.08,0.25
4324,2021-09-05,SIC,12754,6911,5843,5510,7053,191,ITG,ITG1,19,Sicilia,Sicilia,4999891,1716668,34.33,0.26
4325,2021-06-14,SIC,43496,20663,22833,28170,14897,429,ITG,ITG1,19,Sicilia,Sicilia,4999891,1760164,35.2,0.87
4326,2021-05-07,SIC,36604,17279,19325,24589,11626,389,ITG,ITG1,19,Sicilia,Sicilia,4999891,1796768,35.94,0.73
4327,2021-03-11,SIC,15460,6712,8748,12888,2418,154,ITG,ITG1,19,Sicilia,Sicilia,4999891,1812228,36.25,0.31
4328,2021-01-27,SIC,7297,3716,3581,167,7129,1,ITG,ITG1,19,Sicilia,Sicilia,4999891,1819525,36.39,0.15
4329,2021-01-13,SIC,5189,2446,2743,5155,0,34,ITG,ITG1,19,Sicilia,Sicilia,4999891,1824714,36.5,0.1
4330,2021-02-27,SIC,12241,5505,6736,10936,1204,101,ITG,ITG1,19,Sicilia,Sicilia,4999891,1836955,36.74,0.24
4331,2021-07-12,SIC,49004,22614,26390,6441,42362,201,ITG,ITG1,19,Sicilia,Sicilia,4999891,1885959,37.72,0.98
4332,2021-02-08,SIC,3888,1680,2208,2081,1759,48,ITG,ITG1,19,Sicilia,Sicilia,4999891,1889847,37.8,0.08
4333,2021-01-22,SIC,1294,641,653,261,1031,2,ITG,ITG1,19,Sicilia,Sicilia,4999891,1891141,37.82,0.03
4334,2021-01-08,SIC,8155,3796,4359,8062,0,93,ITG,ITG1,19,Sicilia,Sicilia,4999891,1899296,37.99,0.16
4335,2021-04-08,SIC,19011,9343,9668,9270,9543,198,ITG,ITG1,19,Sicilia,Sicilia,4999891,1918307,38.37,0.38
4336,2021-02-20,SIC,7170,3707,3463,6803,272,95,ITG,ITG1,19,Sicilia,Sicilia,4999891,1925477,38.51,0.14
4337,2021-04-01,SIC,14332,6629,7703,9519,4669,144,ITG,ITG1,19,Sicilia,Sicilia,4999891,1939809,38.8,0.29
4338,2021-07-10,SIC,46917,22354,24563,6057,40652,208,ITG,ITG1,19,Sicilia,Sicilia,4999891,1986726,39.74,0.94
4339,2021-06-23,SIC,44516,20712,23804,17931,26249,336,ITG,ITG1,19,Sicilia,Sicilia,4999891,2031242,40.63,0.89
4340,2021-05-28,SIC,51268,22986,28282,24308,26547,413,ITG,ITG1,19,Sicilia,Sicilia,4999891,2082510,41.65,1.03
4341,2021-08-19,SIC,19591,9780,9811,10505,8776,310,ITG,ITG1,19,Sicilia,Sicilia,4999891,2102101,42.04,0.39
4342,2021-02-19,SIC,4980,2696,2284,4329,564,87,ITG,ITG1,19,Sicilia,Sicilia,4999891,2107081,42.14,0.1
4343,2021-03-08,SIC,13526,5975,7551,10782,2616,128,ITG,ITG1,19,Sicilia,Sicilia,4999891,2120607,42.41,0.27
4344,2021-08-21,SIC,13737,7166,6571,6199,7351,187,ITG,ITG1,19,Sicilia,Sicilia,4999891,2134344,42.69,0.27
4345,2021-05-30,SIC,35781,16177,19604,17426,18059,296,ITG,ITG1,19,Sicilia,Sicilia,4999891,2170125,43.4,0.72
4346,2021-05-13,SIC,47497,22275,25222,30301,16551,645,ITG,ITG1,19,Sicilia,Sicilia,4999891,2217622,44.35,0.95
4347,2021-01-31,SIC,4061,1944,2117,107,3952,2,ITG,ITG1,19,Sicilia,Sicilia,4999891,2221683,44.43,0.08
4348,2021-05-11,SIC,32690,15505,17185,19684,12500,506,ITG,ITG1,19,Sicilia,Sicilia,4999891,2254373,45.09,0.65
4349,2021-02-17,SIC,5222,3204,2018,4500,670,52,ITG,ITG1,19,Sicilia,Sicilia,4999891,2259595,45.19,0.1
4350,2021-07-24,SIC,40735,21212,19523,16798,23629,308,ITG,ITG1,19,Sicilia,Sicilia,4999891,2300330,46.01,0.81
4351,2021-02-15,SIC,3777,1769,2008,3137,564,76,ITG,ITG1,19,Sicilia,Sicilia,4999891,2304107,46.08,0.08
4352,2021-07-22,SIC,40677,19969,20708,11231,29151,295,ITG,ITG1,19,Sicilia,Sicilia,4999891,2344784,46.9,0.81
4353,2021-05-26,SIC,44722,21031,23691,23897,20481,344,ITG,ITG1,19,Sicilia,Sicilia,4999891,2389506,47.79,0.89
4354,2021-01-03,SIC,4812,2515,2297,4778,0,34,ITG,ITG1,19,Sicilia,Sicilia,4999891,2394318,47.89,0.1
4355,2021-04-13,SIC,20272,9876,10396,11228,8843,201,ITG,ITG1,19,Sicilia,Sicilia,4999891,2414590,48.29,0.41
4356,2021-07-31,SIC,28773,14942,13831,10463,18043,267,ITG,ITG1,19,Sicilia,Sicilia,4999891,2443363,48.87,0.58
4357,2021-01-20,SIC,969,513,456,691,275,3,ITG,ITG1,19,Sicilia,Sicilia,4999891,2444332,48.89,0.02
4358,2021-03-18,SIC,15417,7758,7659,9739,5623,55,ITG,ITG1,19,Sicilia,Sicilia,4999891,2459749,49.2,0.31
4359,2021-08-26,SIC,20017,10109,9908,9102,10607,308,ITG,ITG1,19,Sicilia,Sicilia,4999891,2479766,49.6,0.4
4360,2021-02-07,SIC,2323,983,1340,664,1649,10,ITG,ITG1,19,Sicilia,Sicilia,4999891,2482089,49.64,0.05
4361,2021-07-14,SIC,47550,22026,25524,7932,39358,260,ITG,ITG1,19,Sicilia,Sicilia,4999891,2529639,50.59,0.95
4362,2021-05-18,SIC,36143,17402,18741,23251,12490,402,ITG,ITG1,19,Sicilia,Sicilia,4999891,2565782,51.32,0.72
4363,2021-07-21,SIC,42967,20966,22001,10639,32017,311,ITG,ITG1,19,Sicilia,Sicilia,4999891,2608749,52.18,0.86
4364,2021-07-07,SIC,35428,16206,19222,6039,29147,242,ITG,ITG1,19,Sicilia,Sicilia,4999891,2644177,52.88,0.71
4365,2021-05-25,SIC,33562,15433,18129,13938,19368,256,ITG,ITG1,19,Sicilia,Sicilia,4999891,2677739,53.56,0.67
4366,2021-03-29,SIC,15048,7085,7963,10398,4500,150,ITG,ITG1,19,Sicilia,Sicilia,4999891,2692787,53.86,0.3
4367,2021-09-02,SIC,23150,11855,11295,10013,12749,388,ITG,ITG1,19,Sicilia,Sicilia,4999891,2715937,54.32,0.46
4368,2021-01-10,SIC,3566,1598,1968,3544,0,22,ITG,ITG1,19,Sicilia,Sicilia,4999891,2719503,54.39,0.07
4369,2021-01-05,SIC,10433,5128,5305,10350,0,83,ITG,ITG1,19,Sicilia,Sicilia,4999891,2729936,54.6,0.21
4370,2021-04-15,SIC,21593,10496,11097,12004,9356,233,ITG,ITG1,19,Sicilia,Sicilia,4999891,2751529,55.03,0.43
4371,2021-04-18,SIC,19836,9918,9918,15285,4363,188,ITG,ITG1,19,Sicilia,Sicilia,4999891,2771365,55.43,0.4
4372,2021-08-31,SIC,27967,14176,13791,10307,17362,298,ITG,ITG1,19,Sicilia,Sicilia,4999891,2799332,55.99,0.56
4373,2021-03-30,SIC,14588,6774,7814,9714,4771,103,ITG,ITG1,19,Sicilia,Sicilia,4999891,2813920,56.28,0.29
4374,2021-03-13,SIC,12225,5395,6830,7635,4499,91,ITG,ITG1,19,Sicilia,Sicilia,4999891,2826145,56.52,0.24
4375,2021-02-03,SIC,5945,2793,3152,707,5230,8,ITG,ITG1,19,Sicilia,Sicilia,4999891,2832090,56.64,0.12
4376,2021-04-27,SIC,26460,12688,13772,15151,10959,350,ITG,ITG1,19,Sicilia,Sicilia,4999891,2858550,57.17,0.53
4377,2021-08-05,SIC,23857,11844,12013,11520,12030,307,ITG,ITG1,19,Sicilia,Sicilia,4999891,2882407,57.65,0.48
4378,2021-05-14,SIC,52251,24499,27752,35793,15682,776,ITG,ITG1,19,Sicilia,Sicilia,4999891,2934658,58.69,1.05
4379,2021-01-15,SIC,5325,2335,2990,5258,0,67,ITG,ITG1,19,Sicilia,Sicilia,4999891,2939983,58.8,0.11
4380,2021-04-25,SIC,21405,10209,11196,16143,5019,243,ITG,ITG1,19,Sicilia,Sicilia,4999891,2961388,59.23,0.43
4381,2021-02-01,SIC,5955,2643,3312,297,5644,14,ITG,ITG1,19,Sicilia,Sicilia,4999891,2967343,59.35,0.12
4382,2021-06-20,SIC,33457,15834,17623,15117,18078,262,ITG,ITG1,19,Sicilia,Sicilia,4999891,3000800,60.02,0.67
4383,2021-04-22,SIC,26777,12644,14133,19894,6461,422,ITG,ITG1,19,Sicilia,Sicilia,4999891,3027577,60.55,0.54
4384,2021-03-10,SIC,13962,6135,7827,11628,2187,147,ITG,ITG1,19,Sicilia,Sicilia,4999891,3041539,60.83,0.28
4385,2021-01-12,SIC,4375,2143,2232,4329,0,46,ITG,ITG1,19,Sicilia,Sicilia,4999891,3045914,60.92,0.09
4386,2021-06-18,SIC,43610,20153,23457,18862,24376,372,ITG,ITG1,19,Sicilia,Sicilia,4999891,3089524,61.79,0.87
4387,2021-06-27,SIC,25314,12203,13111,12099,12983,232,ITG,ITG1,19,Sicilia,Sicilia,4999891,3114838,62.3,0.51
4388,2021-05-15,SIC,56541,26407,30134,40373,15250,918,ITG,ITG1,19,Sicilia,Sicilia,4999891,3171379,63.43,1.13
4389,2021-03-19,SIC,16327,8062,8265,10654,5579,94,ITG,ITG1,19,Sicilia,Sicilia,4999891,3187706,63.76,0.33
4390,2021-08-23,SIC,24084,11902,12182,10793,12939,352,ITG,ITG1,19,Sicilia,Sicilia,4999891,3211790,64.24,0.48
4391,2021-09-01,SIC,24939,12715,12224,10576,14008,355,ITG,ITG1,19,Sicilia,Sicilia,4999891,3236729,64.74,0.5
4392,2021-03-12,SIC,12892,5573,7319,10665,2070,157,ITG,ITG1,19,Sicilia,Sicilia,4999891,3249621,64.99,0.26
4393,2021-01-24,SIC,4336,2268,2068,123,4211,2,ITG,ITG1,19,Sicilia,Sicilia,4999891,3253957,65.08,0.09
4394,2021-05-04,SIC,26864,12477,14387,17148,9299,417,ITG,ITG1,19,Sicilia,Sicilia,4999891,3280821,65.62,0.54
4395,2021-03-22,SIC,16692,7920,8772,11167,5429,96,ITG,ITG1,19,Sicilia,Sicilia,4999891,3297513,65.95,0.33
4396,2021-06-30,SIC,32617,15040,17577,11448,20847,322,ITG,ITG1,19,Sicilia,Sicilia,4999891,3330130,66.6,0.65
4397,2020-12-29,SIC,245,152,93,244,0,1,ITG,ITG1,19,Sicilia,Sicilia,4999891,3330375,66.61,0.0
4398,2021-06-13,SIC,34548,17166,17382,30605,3509,434,ITG,ITG1,19,Sicilia,Sicilia,4999891,3364923,67.3,0.69
4399,2021-04-10,SIC,20448,9978,10470,11303,8972,173,ITG,ITG1,19,Sicilia,Sicilia,4999891,3385371,67.71,0.41
4400,2021-01-17,SIC,1314,598,716,1240,65,9,ITG,ITG1,19,Sicilia,Sicilia,4999891,3386685,67.74,0.03
4401,2021-07-02,SIC,30578,14240,16338,9942,20350,286,ITG,ITG1,19,Sicilia,Sicilia,4999891,3417263,68.35,0.61
4402,2021-07-19,SIC,48978,23600,25378,11655,36964,359,ITG,ITG1,19,Sicilia,Sicilia,4999891,3466241,69.33,0.98
4403,2021-04-24,SIC,31215,14717,16498,23141,7640,434,ITG,ITG1,19,Sicilia,Sicilia,4999891,3497456,69.95,0.62
4404,2021-08-02,SIC,32977,16391,16586,12853,19776,348,ITG,ITG1,19,Sicilia,Sicilia,4999891,3530433,70.61,0.66
4405,2021-08-06,SIC,24787,12576,12211,13502,10876,409,ITG,ITG1,19,Sicilia,Sicilia,4999891,3555220,71.11,0.5
4406,2021-04-26,SIC,21706,10277,11429,13301,8087,318,ITG,ITG1,19,Sicilia,Sicilia,4999891,3576926,71.54,0.43
4407,2021-02-02,SIC,5322,2497,2825,611,4701,10,ITG,ITG1,19,Sicilia,Sicilia,4999891,3582248,71.65,0.11
4408,2021-08-04,SIC,24341,12000,12341,10970,13049,322,ITG,ITG1,19,Sicilia,Sicilia,4999891,3606589,72.13,0.49
4409,2021-07-18,SIC,39285,19786,19499,8102,30950,233,ITG,ITG1,19,Sicilia,Sicilia,4999891,3645874,72.92,0.79
4410,2021-01-14,SIC,5267,2494,2773,5205,0,62,ITG,ITG1,19,Sicilia,Sicilia,4999891,3651141,73.02,0.11
4411,2021-03-01,SIC,12776,6079,6697,10993,1658,125,ITG,ITG1,19,Sicilia,Sicilia,4999891,3663917,73.28,0.26
4412,2021-06-09,SIC,49786,23682,26104,41909,7266,611,ITG,ITG1,19,Sicilia,Sicilia,4999891,3713703,74.28,1.0
4413,2021-04-17,SIC,26011,13153,12858,18667,7068,276,ITG,ITG1,19,Sicilia,Sicilia,4999891,3739714,74.8,0.52
4414,2021-07-26,SIC,44543,22201,22342,16702,27469,372,ITG,ITG1,19,Sicilia,Sicilia,4999891,3784257,75.69,0.89
4415,2021-03-17,SIC,15056,7444,7612,9077,5852,127,ITG,ITG1,19,Sicilia,Sicilia,4999891,3799313,75.99,0.3
4416,2021-06-25,SIC,39808,18681,21127,17385,22084,339,ITG,ITG1,19,Sicilia,Sicilia,4999891,3839121,76.78,0.8
4417,2021-07-09,SIC,44825,20686,24139,6403,38239,183,ITG,ITG1,19,Sicilia,Sicilia,4999891,3883946,77.68,0.9
4418,2021-06-06,SIC,49537,23928,25609,41151,7829,557,ITG,ITG1,19,Sicilia,Sicilia,4999891,3933483,78.67,0.99
4419,2021-02-26,SIC,11988,5882,6106,10191,1681,116,ITG,ITG1,19,Sicilia,Sicilia,4999891,3945471,78.91,0.24
4420,2021-05-06,SIC,29488,14017,15471,18156,10841,491,ITG,ITG1,19,Sicilia,Sicilia,4999891,3974959,79.5,0.59
4421,2021-08-28,SIC,20870,11176,9694,7260,13390,220,ITG,ITG1,19,Sicilia,Sicilia,4999891,3995829,79.92,0.42
4422,2021-08-14,SIC,6143,3339,2804,3309,2713,121,ITG,ITG1,19,Sicilia,Sicilia,4999891,4001972,80.04,0.12
4423,2021-06-01,SIC,38991,17729,21262,24596,14044,351,ITG,ITG1,19,Sicilia,Sicilia,4999891,4040963,80.82,0.78
4424,2021-04-05,SIC,8023,3958,4065,6511,1442,70,ITG,ITG1,19,Sicilia,Sicilia,4999891,4048986,80.98,0.16
4425,2021-08-25,SIC,21846,10843,11003,9970,11516,360,ITG,ITG1,19,Sicilia,Sicilia,4999891,4070832,81.42,0.44
4426,2021-06-29,SIC,31457,14737,16720,15726,15325,406,ITG,ITG1,19,Sicilia,Sicilia,4999891,4102289,82.05,0.63
4427,2021-03-05,SIC,15788,6852,8936,11394,4244,150,ITG,ITG1,19,Sicilia,Sicilia,4999891,4118077,82.36,0.32
4428,2021-02-16,SIC,4201,2208,1993,3664,467,70,ITG,ITG1,19,Sicilia,Sicilia,4999891,4122278,82.45,0.08
4429,2021-06-17,SIC,41886,19503,22383,20360,21152,374,ITG,ITG1,19,Sicilia,Sicilia,4999891,4164164,83.29,0.84
4430,2021-04-12,SIC,19023,9221,9802,11488,7276,259,ITG,ITG1,19,Sicilia,Sicilia,4999891,4183187,83.67,0.38
4431,2021-02-14,SIC,1055,402,653,905,140,10,ITG,ITG1,19,Sicilia,Sicilia,4999891,4184242,83.69,0.02
4432,2021-01-02,SIC,4886,2545,2341,4850,0,36,ITG,ITG1,19,Sicilia,Sicilia,4999891,4189128,83.78,0.1
4433,2021-02-21,SIC,5169,2501,2668,5044,107,18,ITG,ITG1,19,Sicilia,Sicilia,4999891,4194297,83.89,0.1
4434,2021-03-31,SIC,14525,6708,7817,9442,4935,148,ITG,ITG1,19,Sicilia,Sicilia,4999891,4208822,84.18,0.29
4435,2021-01-07,SIC,9075,4212,4863,8991,0,84,ITG,ITG1,19,Sicilia,Sicilia,4999891,4217897,84.36,0.18
4436,2021-08-13,SIC,11518,5969,5549,5978,5301,239,ITG,ITG1,19,Sicilia,Sicilia,4999891,4229415,84.59,0.23
4437,2021-02-09,SIC,4350,1800,2550,3248,1037,65,ITG,ITG1,19,Sicilia,Sicilia,4999891,4233765,84.68,0.09
4438,2021-05-20,SIC,44105,21132,22973,27753,15935,417,ITG,ITG1,19,Sicilia,Sicilia,4999891,4277870,85.56,0.88
4439,2020-12-31,SIC,897,477,420,889,0,8,ITG,ITG1,19,Sicilia,Sicilia,4999891,4278767,85.58,0.02
4440,2021-03-07,SIC,9271,3457,5814,8129,1083,59,ITG,ITG1,19,Sicilia,Sicilia,4999891,4288038,85.76,0.19
4441,2021-06-15,SIC,46163,21760,24403,28193,17533,437,ITG,ITG1,19,Sicilia,Sicilia,4999891,4334201,86.69,0.92
4442,2021-03-24,SIC,20989,9881,11108,15042,5743,204,ITG,ITG1,19,Sicilia,Sicilia,4999891,4355190,87.11,0.42
4443,2021-09-06,SIC,23179,11792,11387,9926,12853,400,ITG,ITG1,19,Sicilia,Sicilia,4999891,4378369,87.57,0.46
4444,2021-05-29,SIC,47192,21468,25724,23529,23214,449,ITG,ITG1,19,Sicilia,Sicilia,4999891,4425561,88.51,0.94
4445,2021-03-15,SIC,10690,4735,5955,5656,4954,80,ITG,ITG1,19,Sicilia,Sicilia,4999891,4436251,88.73,0.21
4446,2021-07-28,SIC,37668,18870,18798,14688,22659,321,ITG,ITG1,19,Sicilia,Sicilia,4999891,4473919,89.48,0.75
4447,2021-06-22,SIC,40057,18409,21648,18344,21335,378,ITG,ITG1,19,Sicilia,Sicilia,4999891,4513976,90.28,0.8
4448,2021-05-22,SIC,48053,22819,25234,28312,19344,397,ITG,ITG1,19,Sicilia,Sicilia,4999891,4562029,91.24,0.96
4449,2021-08-30,SIC,28194,14364,13830,10211,17637,346,ITG,ITG1,19,Sicilia,Sicilia,4999891,4590223,91.81,0.56
4450,2021-02-28,SIC,7131,3032,4099,6456,630,45,ITG,ITG1,19,Sicilia,Sicilia,4999891,4597354,91.95,0.14
4451,2021-06-08,SIC,47710,22405,25305,40458,6713,539,ITG,ITG1,19,Sicilia,Sicilia,4999891,4645064,92.9,0.95
4452,2021-08-11,SIC,16201,8337,7864,8726,7186,289,ITG,ITG1,19,Sicilia,Sicilia,4999891,4661265,93.23,0.32
4453,2021-01-09,SIC,7255,3425,3830,7194,0,61,ITG,ITG1,19,Sicilia,Sicilia,4999891,4668520,93.37,0.15
4454,2021-05-03,SIC,23325,10801,12524,13264,9797,264,ITG,ITG1,19,Sicilia,Sicilia,4999891,4691845,93.84,0.47
4455,2021-07-11,SIC,36042,16870,19172,3663,32284,95,ITG,ITG1,19,Sicilia,Sicilia,4999891,4727887,94.56,0.72
4456,2021-07-25,SIC,31810,16766,15044,11847,19704,259,ITG,ITG1,19,Sicilia,Sicilia,4999891,4759697,95.2,0.64
4457,2021-04-19,SIC,18301,8674,9627,12474,5590,237,ITG,ITG1,19,Sicilia,Sicilia,4999891,4777998,95.56,0.37
4458,2021-08-09,SIC,25179,12861,12318,12485,12318,376,ITG,ITG1,19,Sicilia,Sicilia,4999891,4803177,96.07,0.5
4459,2021-01-19,SIC,1525,677,848,1269,241,15,ITG,ITG1,19,Sicilia,Sicilia,4999891,4804702,96.1,0.03
4460,2021-06-11,SIC,49978,23848,26130,41599,7711,668,ITG,ITG1,19,Sicilia,Sicilia,4999891,4854680,97.1,1.0
4461,2021-04-29,SIC,31823,14848,16975,21807,9562,454,ITG,ITG1,19,Sicilia,Sicilia,4999891,4886503,97.73,0.64
4462,2021-03-03,SIC,14589,6551,8038,11383,3075,131,ITG,ITG1,19,Sicilia,Sicilia,4999891,4901092,98.02,0.29
4463,2021-08-07,SIC,20059,10407,9652,10819,8903,337,ITG,ITG1,19,Sicilia,Sicilia,4999891,4921151,98.43,0.4
4464,2021-08-16,SIC,20383,10458,9925,10941,9128,314,ITG,ITG1,19,Sicilia,Sicilia,4999891,4941534,98.83,0.41
4465,2021-02-24,SIC,9380,4804,4576,8704,567,109,ITG,ITG1,19,Sicilia,Sicilia,4999891,4950914,99.02,0.19
4466,2021-01-21,SIC,1457,715,742,490,956,11,ITG,ITG1,19,Sicilia,Sicilia,4999891,4952371,99.05,0.03
4467,2021-05-01,SIC,24456,11320,13136,19001,5170,285,ITG,ITG1,19,Sicilia,Sicilia,4999891,4976827,99.54,0.49
4468,2021-07-06,SIC,37117,17161,19956,10281,26526,310,ITG,ITG1,19,Sicilia,Sicilia,4999891,5013944,100.28,0.74
4469,2021-05-10,SIC,28738,13797,14941,16181,12221,336,ITG,ITG1,19,Sicilia,Sicilia,4999891,5042682,100.86,0.57
4470,2021-08-18,SIC,22004,11371,10633,11687,9948,369,ITG,ITG1,19,Sicilia,Sicilia,4999891,5064686,101.3,0.44
4471,2021-03-26,SIC,17998,8362,9636,12341,5502,155,ITG,ITG1,19,Sicilia,Sicilia,4999891,5082684,101.66,0.36
4472,2021-01-28,SIC,9036,4276,4760,361,8674,1,ITG,ITG1,19,Sicilia,Sicilia,4999891,5091720,101.84,0.18
4473,2021-07-04,SIC,26518,12805,13713,7611,18731,176,ITG,ITG1,19,Sicilia,Sicilia,4999891,5118238,102.37,0.53
4474,2021-05-08,SIC,35674,17047,18627,24900,10323,451,ITG,ITG1,19,Sicilia,Sicilia,4999891,5153912,103.08,0.71
4475,2021-01-26,SIC,9580,4745,4835,214,9365,1,ITG,ITG1,19,Sicilia,Sicilia,4999891,5163492,103.27,0.19
4476,2021-05-16,SIC,33719,16444,17275,21895,11526,298,ITG,ITG1,19,Sicilia,Sicilia,4999891,5197211,103.95,0.67
4477,2021-05-02,SIC,24618,11434,13184,17701,6605,312,ITG,ITG1,19,Sicilia,Sicilia,4999891,5221829,104.44,0.49
4478,2021-03-20,SIC,18604,8987,9617,13366,5143,95,ITG,ITG1,19,Sicilia,Sicilia,4999891,5240433,104.81,0.37
4479,2021-08-24,SIC,23722,11755,11967,10962,12393,367,ITG,ITG1,19,Sicilia,Sicilia,4999891,5264155,105.29,0.47
4480,2021-06-28,SIC,31944,14878,17066,14909,16741,294,ITG,ITG1,19,Sicilia,Sicilia,4999891,5296099,105.92,0.64
4481,2021-07-05,SIC,37531,17617,19914,8911,28379,241,ITG,ITG1,19,Sicilia,Sicilia,4999891,5333630,106.67,0.75
4482,2021-06-21,SIC,40253,18634,21619,18420,21504,329,ITG,ITG1,19,Sicilia,Sicilia,4999891,5373883,107.48,0.81
4483,2021-05-09,SIC,28445,13324,15121,19771,8299,375,ITG,ITG1,19,Sicilia,Sicilia,4999891,5402328,108.05,0.57
4484,2021-08-17,SIC,18616,9522,9094,10145,8144,327,ITG,ITG1,19,Sicilia,Sicilia,4999891,5420944,108.42,0.37
4485,2021-09-04,SIC,18312,9854,8458,8353,9616,343,ITG,ITG1,19,Sicilia,Sicilia,4999891,5439256,108.79,0.37
4486,2021-02-05,SIC,6788,3005,3783,2086,4664,38,ITG,ITG1,19,Sicilia,Sicilia,4999891,5446044,108.92,0.14
4487,2021-04-03,SIC,16425,7822,8603,13419,2837,169,ITG,ITG1,19,Sicilia,Sicilia,4999891,5462469,109.25,0.33
4488,2021-03-27,SIC,15698,7406,8292,10684,4888,126,ITG,ITG1,19,Sicilia,Sicilia,4999891,5478167,109.57,0.31
4489,2021-01-29,SIC,9187,4257,4930,405,8770,12,ITG,ITG1,19,Sicilia,Sicilia,4999891,5487354,109.75,0.18
4490,2021-02-12,SIC,4606,1829,2777,4241,286,79,ITG,ITG1,19,Sicilia,Sicilia,4999891,5491960,109.84,0.09
4491,2021-05-23,SIC,34107,16606,17501,19853,14025,229,ITG,ITG1,19,Sicilia,Sicilia,4999891,5526067,110.52,0.68
4492,2021-06-10,SIC,53052,24908,28144,45147,7252,653,ITG,ITG1,19,Sicilia,Sicilia,4999891,5579119,111.58,1.06
4493,2021-05-27,SIC,47611,21931,25680,24457,22733,421,ITG,ITG1,19,Sicilia,Sicilia,4999891,5626730,112.54,0.95
4494,2021-04-14,SIC,20588,9940,10648,11619,8773,196,ITG,ITG1,19,Sicilia,Sicilia,4999891,5647318,112.95,0.41
4495,2021-07-23,SIC,41504,20851,20653,14365,26815,324,ITG,ITG1,19,Sicilia,Sicilia,4999891,5688822,113.78,0.83
4496,2021-04-21,SIC,22397,10752,11645,15991,6127,279,ITG,ITG1,19,Sicilia,Sicilia,4999891,5711219,114.23,0.45
4497,2021-04-07,SIC,18453,9068,9385,9739,8518,196,ITG,ITG1,19,Sicilia,Sicilia,4999891,5729672,114.6,0.37
4498,2021-07-16,SIC,49372,23382,25990,8723,40361,288,ITG,ITG1,19,Sicilia,Sicilia,4999891,5779044,115.58,0.99
4499,2021-07-30,SIC,32510,16115,16395,12081,20142,287,ITG,ITG1,19,Sicilia,Sicilia,4999891,5811554,116.23,0.65
4500,2021-06-03,SIC,46005,21099,24906,33764,11719,522,ITG,ITG1,19,Sicilia,Sicilia,4999891,5857559,117.15,0.92
4501,2021-07-06,PIE,38326,19398,18928,8648,29126,552,ITC,ITC1,1,Piemonte,Piemonte,4356406,38326,0.88,0.88
4502,2021-03-28,PIE,16090,6906,9184,8126,7624,340,ITC,ITC1,1,Piemonte,Piemonte,4356406,54416,1.25,0.37
4503,2021-07-20,PIE,39102,20575,18527,5755,32779,568,ITC,ITC1,1,Piemonte,Piemonte,4356406,93518,2.15,0.9
4504,2021-04-11,PIE,20851,9326,11525,18232,2151,468,ITC,ITC1,1,Piemonte,Piemonte,4356406,114369,2.63,0.48
4505,2021-01-04,PIE,5582,1689,3893,5581,0,1,ITC,ITC1,1,Piemonte,Piemonte,4356406,119951,2.75,0.13
4506,2021-04-28,PIE,26094,11761,14333,15481,10061,552,ITC,ITC1,1,Piemonte,Piemonte,4356406,146045,3.35,0.6
4507,2021-06-19,PIE,40131,20353,19778,22896,16679,556,ITC,ITC1,1,Piemonte,Piemonte,4356406,186176,4.27,0.92
4508,2021-02-04,PIE,10235,3353,6882,582,9651,2,ITC,ITC1,1,Piemonte,Piemonte,4356406,196411,4.51,0.23
4509,2021-03-23,PIE,13215,5576,7639,6644,6252,319,ITC,ITC1,1,Piemonte,Piemonte,4356406,209626,4.81,0.3
4510,2021-01-16,PIE,7777,2626,5151,7770,0,7,ITC,ITC1,1,Piemonte,Piemonte,4356406,217403,4.99,0.18
4511,2021-08-27,PIE,17348,9259,8089,7467,9233,648,ITC,ITC1,1,Piemonte,Piemonte,4356406,234751,5.39,0.4
4512,2021-05-19,PIE,33205,15341,17864,21466,11140,599,ITC,ITC1,1,Piemonte,Piemonte,4356406,267956,6.15,0.76
4513,2021-03-14,PIE,8218,3341,4877,5175,2902,141,ITC,ITC1,1,Piemonte,Piemonte,4356406,276174,6.34,0.19
4514,2021-05-10,PIE,29082,14032,15050,15310,13138,634,ITC,ITC1,1,Piemonte,Piemonte,4356406,305256,7.01,0.67
4515,2021-01-30,PIE,5999,2143,3856,218,5780,1,ITC,ITC1,1,Piemonte,Piemonte,4356406,311255,7.14,0.14
4516,2021-06-24,PIE,39298,19722,19576,18350,20344,604,ITC,ITC1,1,Piemonte,Piemonte,4356406,350553,8.05,0.9
4517,2021-03-16,PIE,10538,4281,6257,4372,6072,94,ITC,ITC1,1,Piemonte,Piemonte,4356406,361091,8.29,0.24
4518,2021-08-20,PIE,16556,8890,7666,10317,5536,703,ITC,ITC1,1,Piemonte,Piemonte,4356406,377647,8.67,0.38
4519,2021-05-12,PIE,31961,15212,16749,18387,12946,628,ITC,ITC1,1,Piemonte,Piemonte,4356406,409608,9.4,0.73
4520,2021-07-15,PIE,42616,22017,20599,4106,38051,459,ITC,ITC1,1,Piemonte,Piemonte,4356406,452224,10.38,0.98
4521,2021-08-01,PIE,27240,14434,12806,8484,18286,470,ITC,ITC1,1,Piemonte,Piemonte,4356406,479464,11.01,0.63
4522,2021-04-23,PIE,27468,12614,14854,19992,6765,711,ITC,ITC1,1,Piemonte,Piemonte,4356406,506932,11.64,0.63
4523,2021-06-07,PIE,34969,17888,17081,29542,4807,620,ITC,ITC1,1,Piemonte,Piemonte,4356406,541901,12.44,0.8
4524,2021-08-03,PIE,30173,15787,14386,9313,20387,473,ITC,ITC1,1,Piemonte,Piemonte,4356406,572074,13.13,0.69
4525,2021-08-15,PIE,6575,3630,2945,5034,1268,273,ITC,ITC1,1,Piemonte,Piemonte,4356406,578649,13.28,0.15
4526,2021-09-01,PIE,18638,9638,9000,6713,11238,687,ITC,ITC1,1,Piemonte,Piemonte,4356406,597287,13.71,0.43
4527,2021-05-24,PIE,29028,13442,15586,16652,11987,389,ITC,ITC1,1,Piemonte,Piemonte,4356406,626315,14.38,0.67
4528,2021-03-02,PIE,11339,4619,6720,10332,815,192,ITC,ITC1,1,Piemonte,Piemonte,4356406,637654,14.64,0.26
4529,2021-02-11,PIE,6775,2110,4665,2990,3766,19,ITC,ITC1,1,Piemonte,Piemonte,4356406,644429,14.79,0.16
4530,2021-04-09,PIE,25918,11411,14507,20834,4507,577,ITC,ITC1,1,Piemonte,Piemonte,4356406,670347,15.39,0.59
4531,2020-12-30,PIE,735,323,412,735,0,0,ITC,ITC1,1,Piemonte,Piemonte,4356406,671082,15.4,0.02
4532,2021-06-05,PIE,37015,18951,18064,31903,4462,650,ITC,ITC1,1,Piemonte,Piemonte,4356406,708097,16.25,0.85
4533,2021-02-25,PIE,12282,5301,6981,11548,547,187,ITC,ITC1,1,Piemonte,Piemonte,4356406,720379,16.54,0.28
4534,2021-01-18,PIE,6179,2051,4128,5924,251,4,ITC,ITC1,1,Piemonte,Piemonte,4356406,726558,16.68,0.14
4535,2021-05-17,PIE,31007,14641,16366,17382,13210,415,ITC,ITC1,1,Piemonte,Piemonte,4356406,757565,17.39,0.71
4536,2021-02-06,PIE,8007,2666,5341,396,7609,2,ITC,ITC1,1,Piemonte,Piemonte,4356406,765572,17.57,0.18
4537,2021-02-23,PIE,9270,3732,5538,8507,588,175,ITC,ITC1,1,Piemonte,Piemonte,4356406,774842,17.79,0.21
4538,2021-05-31,PIE,29162,14079,15083,20163,8588,411,ITC,ITC1,1,Piemonte,Piemonte,4356406,804004,18.46,0.67
4539,2021-06-17,PIE,41215,20686,20529,24222,16364,629,ITC,ITC1,1,Piemonte,Piemonte,4356406,845219,19.4,0.95
4540,2021-08-08,PIE,20271,10827,9444,9005,10928,338,ITC,ITC1,1,Piemonte,Piemonte,4356406,865490,19.87,0.47
4541,2021-04-30,PIE,31990,14390,17600,17952,13347,691,ITC,ITC1,1,Piemonte,Piemonte,4356406,897480,20.6,0.73
4542,2021-07-08,PIE,41033,20985,20048,7460,32999,574,ITC,ITC1,1,Piemonte,Piemonte,4356406,938513,21.54,0.94
4543,2021-01-23,PIE,4263,1327,2936,878,3383,2,ITC,ITC1,1,Piemonte,Piemonte,4356406,942776,21.64,0.1
4544,2021-03-21,PIE,10743,4746,5997,4029,6541,173,ITC,ITC1,1,Piemonte,Piemonte,4356406,953519,21.89,0.25
4545,2021-08-13,PIE,19978,10646,9332,12052,7228,698,ITC,ITC1,1,Piemonte,Piemonte,4356406,973497,22.35,0.46
4546,2021-05-05,PIE,34716,16263,18453,20343,13674,699,ITC,ITC1,1,Piemonte,Piemonte,4356406,1008213,23.14,0.8
4547,2021-07-01,PIE,41991,21012,20979,19817,21145,1029,ITC,ITC1,1,Piemonte,Piemonte,4356406,1050204,24.11,0.96
4548,2021-08-22,PIE,9602,5244,4358,5133,4098,371,ITC,ITC1,1,Piemonte,Piemonte,4356406,1059806,24.33,0.22
4549,2021-02-08,PIE,6929,2355,4574,662,6262,5,ITC,ITC1,1,Piemonte,Piemonte,4356406,1066735,24.49,0.16
4550,2021-06-26,PIE,41285,21009,20276,21974,18597,714,ITC,ITC1,1,Piemonte,Piemonte,4356406,1108020,25.43,0.95
4551,2021-07-13,PIE,38901,20070,18831,3673,34893,335,ITC,ITC1,1,Piemonte,Piemonte,4356406,1146921,26.33,0.89
4552,2021-04-04,PIE,9264,4059,5205,6397,2712,155,ITC,ITC1,1,Piemonte,Piemonte,4356406,1156185,26.54,0.21
4553,2021-04-21,PIE,25801,11853,13948,19773,5359,669,ITC,ITC1,1,Piemonte,Piemonte,4356406,1181986,27.13,0.59
4554,2021-01-11,PIE,8774,2992,5782,8768,0,6,ITC,ITC1,1,Piemonte,Piemonte,4356406,1190760,27.33,0.2
4555,2020-12-28,PIE,1,1,0,1,0,0,ITC,ITC1,1,Piemonte,Piemonte,4356406,1190761,27.33,0.0
4556,2021-07-27,PIE,33795,17644,16151,8247,24986,562,ITC,ITC1,1,Piemonte,Piemonte,4356406,1224556,28.11,0.78
4557,2021-05-02,PIE,25159,11291,13868,14012,10751,396,ITC,ITC1,1,Piemonte,Piemonte,4356406,1249715,28.69,0.58
4558,2021-09-03,PIE,18329,9679,8650,6399,11280,650,ITC,ITC1,1,Piemonte,Piemonte,4356406,1268044,29.11,0.42
4559,2021-06-12,PIE,42700,22506,20194,39267,2629,804,ITC,ITC1,1,Piemonte,Piemonte,4356406,1310744,30.09,0.98
4560,2021-04-02,PIE,20177,8331,11846,11339,8433,405,ITC,ITC1,1,Piemonte,Piemonte,4356406,1330921,30.55,0.46
4561,2021-05-29,PIE,32852,15248,17604,20299,12191,362,ITC,ITC1,1,Piemonte,Piemonte,4356406,1363773,31.31,0.75
4562,2021-02-18,PIE,4813,2109,2704,4296,429,88,ITC,ITC1,1,Piemonte,Piemonte,4356406,1368586,31.42,0.11
4563,2021-07-25,PIE,28739,15246,13493,6594,21649,496,ITC,ITC1,1,Piemonte,Piemonte,4356406,1397325,32.08,0.66
4564,2021-04-16,PIE,28471,13235,15236,22690,5015,766,ITC,ITC1,1,Piemonte,Piemonte,4356406,1425796,32.73,0.65
4565,2021-03-09,PIE,14333,5737,8596,11745,2353,235,ITC,ITC1,1,Piemonte,Piemonte,4356406,1440129,33.06,0.33
4566,2021-08-24,PIE,15213,8119,7094,7855,6724,634,ITC,ITC1,1,Piemonte,Piemonte,4356406,1455342,33.41,0.35
4567,2021-01-01,PIE,1041,396,645,1040,0,1,ITC,ITC1,1,Piemonte,Piemonte,4356406,1456383,33.43,0.02
4568,2021-07-03,PIE,40139,20147,19992,15349,24047,743,ITC,ITC1,1,Piemonte,Piemonte,4356406,1496522,34.35,0.92
4569,2021-08-29,PIE,15115,8109,7006,5031,9661,423,ITC,ITC1,1,Piemonte,Piemonte,4356406,1511637,34.7,0.35
4570,2021-05-21,PIE,36267,16847,19420,20081,15665,521,ITC,ITC1,1,Piemonte,Piemonte,4356406,1547904,35.53,0.83
4571,2021-07-17,PIE,42034,22124,19910,4952,36588,494,ITC,ITC1,1,Piemonte,Piemonte,4356406,1589938,36.5,0.96
4572,2021-06-28,PIE,38486,19111,19375,15137,22752,597,ITC,ITC1,1,Piemonte,Piemonte,4356406,1628424,37.38,0.88
4573,2021-04-06,PIE,20759,9052,11707,15097,5210,452,ITC,ITC1,1,Piemonte,Piemonte,4356406,1649183,37.86,0.48
4574,2020-12-27,PIE,915,370,545,915,0,0,ITC,ITC1,1,Piemonte,Piemonte,4356406,1650098,37.88,0.02
4575,2021-02-27,PIE,12711,4854,7857,12137,337,237,ITC,ITC1,1,Piemonte,Piemonte,4356406,1662809,38.17,0.29
4576,2021-04-25,PIE,20263,9322,10941,17294,2506,463,ITC,ITC1,1,Piemonte,Piemonte,4356406,1683072,38.63,0.47
4577,2021-01-15,PIE,9122,3012,6110,9116,0,6,ITC,ITC1,1,Piemonte,Piemonte,4356406,1692194,38.84,0.21
4578,2021-06-21,PIE,38515,19257,19258,17165,20782,568,ITC,ITC1,1,Piemonte,Piemonte,4356406,1730709,39.73,0.88
4579,2021-03-13,PIE,13049,4725,8324,11345,1432,272,ITC,ITC1,1,Piemonte,Piemonte,4356406,1743758,40.03,0.3
4580,2021-06-02,PIE,26756,13093,13663,21663,4648,445,ITC,ITC1,1,Piemonte,Piemonte,4356406,1770514,40.64,0.61
4581,2021-02-22,PIE,8504,3475,5029,7804,595,105,ITC,ITC1,1,Piemonte,Piemonte,4356406,1779018,40.84,0.2
4582,2021-03-11,PIE,14037,5316,8721,10686,3100,251,ITC,ITC1,1,Piemonte,Piemonte,4356406,1793055,41.16,0.32
4583,2021-03-25,PIE,17158,7279,9879,8078,8637,443,ITC,ITC1,1,Piemonte,Piemonte,4356406,1810213,41.55,0.39
4584,2021-07-12,PIE,39229,20233,18996,4563,34194,472,ITC,ITC1,1,Piemonte,Piemonte,4356406,1849442,42.45,0.9
4585,2021-07-29,PIE,36672,19061,17611,9356,26661,655,ITC,ITC1,1,Piemonte,Piemonte,4356406,1886114,43.3,0.84
4586,2021-04-20,PIE,25535,11689,13846,18547,6357,631,ITC,ITC1,1,Piemonte,Piemonte,4356406,1911649,43.88,0.59
4587,2021-05-07,PIE,33148,15684,17464,18373,14155,620,ITC,ITC1,1,Piemonte,Piemonte,4356406,1944797,44.64,0.76
4588,2021-01-27,PIE,4205,1454,2751,994,3209,2,ITC,ITC1,1,Piemonte,Piemonte,4356406,1949002,44.74,0.1
4589,2021-02-13,PIE,4168,1343,2825,2927,1225,16,ITC,ITC1,1,Piemonte,Piemonte,4356406,1953170,44.83,0.1
4590,2021-07-31,PIE,35742,19002,16740,10742,24628,372,ITC,ITC1,1,Piemonte,Piemonte,4356406,1988912,45.65,0.82
4591,2021-08-17,PIE,18043,9677,8366,11677,5596,770,ITC,ITC1,1,Piemonte,Piemonte,4356406,2006955,46.07,0.41
4592,2021-05-09,PIE,27171,12940,14231,13157,13623,391,ITC,ITC1,1,Piemonte,Piemonte,4356406,2034126,46.69,0.62
4593,2021-07-05,PIE,35628,17827,17801,11700,23238,690,ITC,ITC1,1,Piemonte,Piemonte,4356406,2069754,47.51,0.82
4594,2021-02-20,PIE,3847,1263,2584,3571,174,102,ITC,ITC1,1,Piemonte,Piemonte,4356406,2073601,47.6,0.09
4595,2021-07-24,PIE,34885,18352,16533,7903,26383,599,ITC,ITC1,1,Piemonte,Piemonte,4356406,2108486,48.4,0.8
4596,2021-08-31,PIE,18979,10014,8965,6806,11625,548,ITC,ITC1,1,Piemonte,Piemonte,4356406,2127465,48.84,0.44
4597,2021-06-09,PIE,38715,20394,18321,35173,2747,795,ITC,ITC1,1,Piemonte,Piemonte,4356406,2166180,49.72,0.89
4598,2021-03-18,PIE,11782,4816,6966,3840,7749,193,ITC,ITC1,1,Piemonte,Piemonte,4356406,2177962,49.99,0.27
4599,2021-03-03,PIE,12389,4870,7519,11375,820,194,ITC,ITC1,1,Piemonte,Piemonte,4356406,2190351,50.28,0.28
4600,2021-03-20,PIE,11931,4900,7031,5779,5900,252,ITC,ITC1,1,Piemonte,Piemonte,4356406,2202282,50.55,0.27
4601,2021-08-14,PIE,15096,8128,6968,9784,4756,556,ITC,ITC1,1,Piemonte,Piemonte,4356406,2217378,50.9,0.35
4602,2021-05-06,PIE,33466,15802,17664,19303,13556,607,ITC,ITC1,1,Piemonte,Piemonte,4356406,2250844,51.67,0.77
4603,2021-02-01,PIE,8692,3068,5624,579,8112,1,ITC,ITC1,1,Piemonte,Piemonte,4356406,2259536,51.87,0.2
4604,2021-05-14,PIE,33486,16309,17177,17360,15451,675,ITC,ITC1,1,Piemonte,Piemonte,4356406,2293022,52.64,0.77
4605,2021-04-18,PIE,22965,10816,12149,19632,2755,578,ITC,ITC1,1,Piemonte,Piemonte,4356406,2315987,53.16,0.53
4606,2021-01-08,PIE,5543,1765,3778,5541,0,2,ITC,ITC1,1,Piemonte,Piemonte,4356406,2321530,53.29,0.13
4607,2021-06-14,PIE,38072,19606,18466,30263,7098,711,ITC,ITC1,1,Piemonte,Piemonte,4356406,2359602,54.16,0.87
4608,2021-03-06,PIE,14035,5231,8804,11060,2796,179,ITC,ITC1,1,Piemonte,Piemonte,4356406,2373637,54.49,0.32
4609,2021-08-10,PIE,22030,11669,10361,12494,8891,645,ITC,ITC1,1,Piemonte,Piemonte,4356406,2395667,54.99,0.51
4610,2021-01-22,PIE,3882,1256,2626,2536,1345,1,ITC,ITC1,1,Piemonte,Piemonte,4356406,2399549,55.08,0.09
4611,2021-08-21,PIE,13295,7109,6186,7697,5083,515,ITC,ITC1,1,Piemonte,Piemonte,4356406,2412844,55.39,0.31
4612,2021-07-02,PIE,43819,22041,21778,17372,25582,865,ITC,ITC1,1,Piemonte,Piemonte,4356406,2456663,56.39,1.01
4613,2021-08-28,PIE,17450,9190,8260,7279,9554,617,ITC,ITC1,1,Piemonte,Piemonte,4356406,2474113,56.79,0.4
4614,2021-07-26,PIE,32818,17073,15745,8298,23888,632,ITC,ITC1,1,Piemonte,Piemonte,4356406,2506931,57.55,0.75
4615,2021-04-17,PIE,30510,14169,16341,26477,3311,722,ITC,ITC1,1,Piemonte,Piemonte,4356406,2537441,58.25,0.7
4616,2021-06-13,PIE,38133,20129,18004,33224,4135,774,ITC,ITC1,1,Piemonte,Piemonte,4356406,2575574,59.12,0.88
4617,2021-02-10,PIE,7557,2377,5180,1302,6240,15,ITC,ITC1,1,Piemonte,Piemonte,4356406,2583131,59.3,0.17
4618,2021-04-08,PIE,25353,11036,14317,20057,4729,567,ITC,ITC1,1,Piemonte,Piemonte,4356406,2608484,59.88,0.58
4619,2021-07-22,PIE,41640,21920,19720,7010,34037,593,ITC,ITC1,1,Piemonte,Piemonte,4356406,2650124,60.83,0.96
4620,2021-04-13,PIE,26757,12032,14725,22610,3464,683,ITC,ITC1,1,Piemonte,Piemonte,4356406,2676881,61.45,0.61
4621,2021-01-20,PIE,6622,2088,4534,5899,716,7,ITC,ITC1,1,Piemonte,Piemonte,4356406,2683503,61.6,0.15
4622,2021-02-03,PIE,10221,3312,6909,609,9610,2,ITC,ITC1,1,Piemonte,Piemonte,4356406,2693724,61.83,0.23
4623,2021-05-26,PIE,34218,15773,18445,15346,18511,361,ITC,ITC1,1,Piemonte,Piemonte,4356406,2727942,62.62,0.79
4624,2021-02-15,PIE,4441,1602,2839,3212,1206,23,ITC,ITC1,1,Piemonte,Piemonte,4356406,2732383,62.72,0.1
4625,2021-03-04,PIE,14749,5943,8806,11577,2948,224,ITC,ITC1,1,Piemonte,Piemonte,4356406,2747132,63.06,0.34
4626,2021-07-19,PIE,39640,20628,19012,4494,34728,418,ITC,ITC1,1,Piemonte,Piemonte,4356406,2786772,63.97,0.91
4627,2021-04-10,PIE,30201,13426,16775,25275,4268,658,ITC,ITC1,1,Piemonte,Piemonte,4356406,2816973,64.66,0.69
4628,2021-04-15,PIE,29637,13578,16059,23412,5533,692,ITC,ITC1,1,Piemonte,Piemonte,4356406,2846610,65.34,0.68
4629,2021-01-05,PIE,5401,1613,3788,5394,0,7,ITC,ITC1,1,Piemonte,Piemonte,4356406,2852011,65.47,0.12
4630,2021-06-22,PIE,40695,20124,20571,17798,22333,564,ITC,ITC1,1,Piemonte,Piemonte,4356406,2892706,66.4,0.93
4631,2021-01-07,PIE,5398,1737,3661,5396,0,2,ITC,ITC1,1,Piemonte,Piemonte,4356406,2898104,66.53,0.12
4632,2021-03-05,PIE,15664,6304,9360,11547,3837,280,ITC,ITC1,1,Piemonte,Piemonte,4356406,2913768,66.88,0.36
4633,2021-07-28,PIE,34813,18091,16722,9161,25048,604,ITC,ITC1,1,Piemonte,Piemonte,4356406,2948581,67.68,0.8
4634,2021-08-07,PIE,29758,15928,13830,12640,16644,474,ITC,ITC1,1,Piemonte,Piemonte,4356406,2978339,68.37,0.68
4635,2021-04-29,PIE,48573,22010,26563,34718,12648,1207,ITC,ITC1,1,Piemonte,Piemonte,4356406,3026912,69.48,1.11
4636,2021-05-16,PIE,28223,12806,15417,14757,13089,377,ITC,ITC1,1,Piemonte,Piemonte,4356406,3055135,70.13,0.65
4637,2021-02-05,PIE,9627,3144,6483,655,8970,2,ITC,ITC1,1,Piemonte,Piemonte,4356406,3064762,70.35,0.22
4638,2021-06-25,PIE,45591,22715,22876,20286,24580,725,ITC,ITC1,1,Piemonte,Piemonte,4356406,3110353,71.4,1.05
4639,2021-04-03,PIE,19495,8204,11291,10606,8575,314,ITC,ITC1,1,Piemonte,Piemonte,4356406,3129848,71.84,0.45
4640,2021-01-10,PIE,5234,2284,2950,5232,0,2,ITC,ITC1,1,Piemonte,Piemonte,4356406,3135082,71.96,0.12
4641,2021-07-14,PIE,39061,20088,18973,3599,35034,428,ITC,ITC1,1,Piemonte,Piemonte,4356406,3174143,72.86,0.9
4642,2021-04-22,PIE,27691,12754,14937,20203,6695,793,ITC,ITC1,1,Piemonte,Piemonte,4356406,3201834,73.5,0.64
4643,2021-01-12,PIE,10101,3419,6682,10095,0,6,ITC,ITC1,1,Piemonte,Piemonte,4356406,3211935,73.73,0.23
4644,2021-01-29,PIE,5956,1890,4066,452,5504,0,ITC,ITC1,1,Piemonte,Piemonte,4356406,3217891,73.87,0.14
4645,2021-05-23,PIE,28816,13167,15649,15486,13013,317,ITC,ITC1,1,Piemonte,Piemonte,4356406,3246707,74.53,0.66
4646,2021-02-12,PIE,6915,2226,4689,3920,2970,25,ITC,ITC1,1,Piemonte,Piemonte,4356406,3253622,74.69,0.16
4647,2021-03-01,PIE,12182,4966,7216,11192,810,180,ITC,ITC1,1,Piemonte,Piemonte,4356406,3265804,74.97,0.28
4648,2021-09-02,PIE,16831,8772,8059,6136,10058,637,ITC,ITC1,1,Piemonte,Piemonte,4356406,3282635,75.35,0.39
4649,2021-05-25,PIE,31931,14798,17133,15639,15896,396,ITC,ITC1,1,Piemonte,Piemonte,4356406,3314566,76.08,0.73
4650,2021-06-11,PIE,43665,23106,20559,40003,2843,819,ITC,ITC1,1,Piemonte,Piemonte,4356406,3358231,77.09,1.0
4651,2021-08-18,PIE,18076,9764,8312,11581,5757,738,ITC,ITC1,1,Piemonte,Piemonte,4356406,3376307,77.5,0.41
4652,2021-04-19,PIE,22579,10778,11801,17656,4357,566,ITC,ITC1,1,Piemonte,Piemonte,4356406,3398886,78.02,0.52
4653,2021-01-09,PIE,6195,2191,4004,6193,0,2,ITC,ITC1,1,Piemonte,Piemonte,4356406,3405081,78.16,0.14
4654,2021-01-26,PIE,6362,1896,4466,737,5624,1,ITC,ITC1,1,Piemonte,Piemonte,4356406,3411443,78.31,0.15
4655,2021-03-30,PIE,17007,7122,9885,8735,7875,397,ITC,ITC1,1,Piemonte,Piemonte,4356406,3428450,78.7,0.39
4656,2021-07-10,PIE,41213,20884,20329,6729,33944,540,ITC,ITC1,1,Piemonte,Piemonte,4356406,3469663,79.65,0.95
4657,2021-04-01,PIE,19433,8146,11287,10969,8140,324,ITC,ITC1,1,Piemonte,Piemonte,4356406,3489096,80.09,0.45
4658,2021-09-05,PIE,13005,6891,6114,4449,8086,470,ITC,ITC1,1,Piemonte,Piemonte,4356406,3502101,80.39,0.3
4659,2021-05-28,PIE,35116,16631,18485,18684,16020,412,ITC,ITC1,1,Piemonte,Piemonte,4356406,3537217,81.2,0.81
4660,2021-01-25,PIE,6230,1947,4283,975,5253,2,ITC,ITC1,1,Piemonte,Piemonte,4356406,3543447,81.34,0.14
4661,2021-08-09,PIE,24725,12900,11825,12028,11993,704,ITC,ITC1,1,Piemonte,Piemonte,4356406,3568172,81.91,0.57
4662,2021-08-26,PIE,16866,9135,7731,8101,8019,746,ITC,ITC1,1,Piemonte,Piemonte,4356406,3585038,82.29,0.39
4663,2021-05-18,PIE,32227,14868,17359,19096,12684,447,ITC,ITC1,1,Piemonte,Piemonte,4356406,3617265,83.03,0.74
4664,2021-01-03,PIE,3067,972,2095,3066,0,1,ITC,ITC1,1,Piemonte,Piemonte,4356406,3620332,83.1,0.07
4665,2021-07-07,PIE,38034,18898,19136,9699,27747,588,ITC,ITC1,1,Piemonte,Piemonte,4356406,3658366,83.98,0.87
4666,2021-03-29,PIE,15270,6484,8786,8393,6615,262,ITC,ITC1,1,Piemonte,Piemonte,4356406,3673636,84.33,0.35
4667,2021-07-21,PIE,38033,20178,17855,6544,30966,523,ITC,ITC1,1,Piemonte,Piemonte,4356406,3711669,85.2,0.87
4668,2021-04-12,PIE,22970,10370,12600,19452,2995,523,ITC,ITC1,1,Piemonte,Piemonte,4356406,3734639,85.73,0.53
4669,2021-01-02,PIE,3550,1133,2417,3549,0,1,ITC,ITC1,1,Piemonte,Piemonte,4356406,3738189,85.81,0.08
4670,2021-05-13,PIE,35760,17569,18191,19897,15145,718,ITC,ITC1,1,Piemonte,Piemonte,4356406,3773949,86.63,0.82
4671,2021-02-02,PIE,10282,3520,6762,812,9469,1,ITC,ITC1,1,Piemonte,Piemonte,4356406,3784231,86.87,0.24
4672,2021-07-09,PIE,40482,20656,19826,5763,34182,537,ITC,ITC1,1,Piemonte,Piemonte,4356406,3824713,87.8,0.93
4673,2021-03-31,PIE,19143,8128,11015,10104,8697,342,ITC,ITC1,1,Piemonte,Piemonte,4356406,3843856,88.23,0.44
4674,2021-06-15,PIE,39020,20092,18928,26539,11788,693,ITC,ITC1,1,Piemonte,Piemonte,4356406,3882876,89.13,0.9
4675,2021-03-07,PIE,12001,4672,7329,10870,877,254,ITC,ITC1,1,Piemonte,Piemonte,4356406,3894877,89.41,0.28
4676,2020-12-31,PIE,3892,1326,2566,3892,0,0,ITC,ITC1,1,Piemonte,Piemonte,4356406,3898769,89.5,0.09
4677,2021-02-28,PIE,10836,4066,6770,10415,241,180,ITC,ITC1,1,Piemonte,Piemonte,4356406,3909605,89.74,0.25
4678,2021-03-17,PIE,12532,5063,7469,5038,7305,189,ITC,ITC1,1,Piemonte,Piemonte,4356406,3922137,90.03,0.29
4679,2021-06-10,PIE,40586,21216,19370,37111,2593,882,ITC,ITC1,1,Piemonte,Piemonte,4356406,3962723,90.96,0.93
4680,2021-06-27,PIE,37585,18625,18960,15210,21770,605,ITC,ITC1,1,Piemonte,Piemonte,4356406,4000308,91.83,0.86
4681,2021-03-19,PIE,11041,4523,6518,4222,6610,209,ITC,ITC1,1,Piemonte,Piemonte,4356406,4011349,92.08,0.25
4682,2021-04-05,PIE,14768,6244,8524,11954,2562,252,ITC,ITC1,1,Piemonte,Piemonte,4356406,4026117,92.42,0.34
4683,2021-07-30,PIE,35816,18701,17115,9551,25768,497,ITC,ITC1,1,Piemonte,Piemonte,4356406,4061933,93.24,0.82
4684,2021-08-16,PIE,19232,10214,9018,11581,6810,841,ITC,ITC1,1,Piemonte,Piemonte,4356406,4081165,93.68,0.44
4685,2021-05-08,PIE,34348,16291,18057,18156,15664,528,ITC,ITC1,1,Piemonte,Piemonte,4356406,4115513,94.47,0.79
4686,2021-01-28,PIE,5611,1813,3798,380,5231,0,ITC,ITC1,1,Piemonte,Piemonte,4356406,4121124,94.6,0.13
4687,2021-02-14,PIE,1483,501,982,871,605,7,ITC,ITC1,1,Piemonte,Piemonte,4356406,4122607,94.63,0.03
4688,2021-09-04,PIE,18552,9702,8850,6339,11504,709,ITC,ITC1,1,Piemonte,Piemonte,4356406,4141159,95.06,0.43
4689,2021-05-27,PIE,37513,17439,20074,18861,18201,451,ITC,ITC1,1,Piemonte,Piemonte,4356406,4178672,95.92,0.86
4690,2021-02-16,PIE,3987,1766,2221,3173,765,49,ITC,ITC1,1,Piemonte,Piemonte,4356406,4182659,96.01,0.09
4691,2021-03-24,PIE,15609,6411,9198,6107,9140,362,ITC,ITC1,1,Piemonte,Piemonte,4356406,4198268,96.37,0.36
4692,2021-05-20,PIE,38707,17984,20723,13366,24979,362,ITC,ITC1,1,Piemonte,Piemonte,4356406,4236975,97.26,0.89
4693,2021-02-09,PIE,7409,2319,5090,717,6690,2,ITC,ITC1,1,Piemonte,Piemonte,4356406,4244384,97.43,0.17
4694,2021-07-16,PIE,42138,22012,20126,3607,38113,418,ITC,ITC1,1,Piemonte,Piemonte,4356406,4286522,98.4,0.97
4695,2021-04-07,PIE,23662,10017,13645,17661,5462,539,ITC,ITC1,1,Piemonte,Piemonte,4356406,4310184,98.94,0.54
4696,2021-05-01,PIE,28593,13018,15575,16338,11803,452,ITC,ITC1,1,Piemonte,Piemonte,4356406,4338777,99.6,0.66
4697,2021-01-21,PIE,6884,2315,4569,3375,3503,6,ITC,ITC1,1,Piemonte,Piemonte,4356406,4345661,99.75,0.16
4698,2021-08-23,PIE,18327,9845,8482,8814,8924,589,ITC,ITC1,1,Piemonte,Piemonte,4356406,4363988,100.17,0.42
4699,2021-05-15,PIE,33827,15771,18056,19414,13742,671,ITC,ITC1,1,Piemonte,Piemonte,4356406,4397815,100.95,0.78
4700,2021-06-01,PIE,29610,14879,14731,24491,4684,435,ITC,ITC1,1,Piemonte,Piemonte,4356406,4427425,101.63,0.68
4701,2021-02-21,PIE,5101,2088,3013,4947,104,50,ITC,ITC1,1,Piemonte,Piemonte,4356406,4432526,101.75,0.12
4702,2021-06-20,PIE,34131,17111,17020,18785,14781,565,ITC,ITC1,1,Piemonte,Piemonte,4356406,4466657,102.53,0.78
4703,2021-03-12,PIE,14230,5410,8820,10991,2947,292,ITC,ITC1,1,Piemonte,Piemonte,4356406,4480887,102.86,0.33
4704,2021-07-04,PIE,33830,17056,16774,11242,21961,627,ITC,ITC1,1,Piemonte,Piemonte,4356406,4514717,103.63,0.78
4705,2021-03-26,PIE,17947,7136,10811,8528,8889,530,ITC,ITC1,1,Piemonte,Piemonte,4356406,4532664,104.05,0.41
4706,2021-06-29,PIE,40634,20294,20340,19224,20706,704,ITC,ITC1,1,Piemonte,Piemonte,4356406,4573298,104.98,0.93
4707,2021-06-18,PIE,40701,20353,20348,25781,14234,686,ITC,ITC1,1,Piemonte,Piemonte,4356406,4613999,105.91,0.93
4708,2021-03-10,PIE,13952,5451,8501,11391,2295,266,ITC,ITC1,1,Piemonte,Piemonte,4356406,4627951,106.23,0.32
4709,2021-03-27,PIE,18422,7837,10585,9134,8835,453,ITC,ITC1,1,Piemonte,Piemonte,4356406,4646373,106.66,0.42
4710,2021-01-19,PIE,6473,2108,4365,6455,9,9,ITC,ITC1,1,Piemonte,Piemonte,4356406,4652846,106.8,0.15
4711,2021-07-23,PIE,38145,20109,18036,8025,29489,631,ITC,ITC1,1,Piemonte,Piemonte,4356406,4690991,107.68,0.88
4712,2021-04-14,PIE,28346,12835,15511,23054,4572,720,ITC,ITC1,1,Piemonte,Piemonte,4356406,4719337,108.33,0.65
4713,2021-08-06,PIE,30466,16113,14353,13296,16507,663,ITC,ITC1,1,Piemonte,Piemonte,4356406,4749803,109.03,0.7
4714,2021-08-25,PIE,16405,8852,7553,8264,7425,716,ITC,ITC1,1,Piemonte,Piemonte,4356406,4766208,109.41,0.38
4715,2021-06-03,PIE,34798,18010,16788,29757,4493,548,ITC,ITC1,1,Piemonte,Piemonte,4356406,4801006,110.21,0.8
4716,2021-05-30,PIE,27820,13228,14592,18046,9396,378,ITC,ITC1,1,Piemonte,Piemonte,4356406,4828826,110.84,0.64
4717,2021-02-19,PIE,5552,2182,3370,4928,502,122,ITC,ITC1,1,Piemonte,Piemonte,4356406,4834378,110.97,0.13
4718,2021-06-04,PIE,37678,19701,17977,34090,2966,622,ITC,ITC1,1,Piemonte,Piemonte,4356406,4872056,111.84,0.86
4719,2021-02-24,PIE,11406,4614,6792,10749,505,152,ITC,ITC1,1,Piemonte,Piemonte,4356406,4883462,112.1,0.26
4720,2021-06-06,PIE,35165,18369,16796,32119,2491,555,ITC,ITC1,1,Piemonte,Piemonte,4356406,4918627,112.91,0.81
4721,2021-08-02,PIE,29965,15822,14143,9385,20057,523,ITC,ITC1,1,Piemonte,Piemonte,4356406,4948592,113.59,0.69
4722,2021-02-17,PIE,4812,2168,2644,3760,990,62,ITC,ITC1,1,Piemonte,Piemonte,4356406,4953404,113.7,0.11
4723,2021-06-08,PIE,37752,19530,18222,34179,2856,717,ITC,ITC1,1,Piemonte,Piemonte,4356406,4991156,114.57,0.87
4724,2021-08-04,PIE,29303,15492,13811,8952,19852,499,ITC,ITC1,1,Piemonte,Piemonte,4356406,5020459,115.24,0.67
4725,2021-04-26,PIE,19836,8765,11071,14921,4400,515,ITC,ITC1,1,Piemonte,Piemonte,4356406,5040295,115.7,0.46
4726,2021-08-11,PIE,23410,12595,10815,13424,9355,631,ITC,ITC1,1,Piemonte,Piemonte,4356406,5063705,116.24,0.54
4727,2021-05-03,PIE,26718,12221,14497,12047,14226,445,ITC,ITC1,1,Piemonte,Piemonte,4356406,5090423,116.85,0.61
4728,2021-02-26,PIE,12312,4940,7372,11360,741,211,ITC,ITC1,1,Piemonte,Piemonte,4356406,5102735,117.13,0.28
4729,2021-04-24,PIE,27551,12455,15096,21319,5664,568,ITC,ITC1,1,Piemonte,Piemonte,4356406,5130286,117.76,0.63
4730,2021-01-14,PIE,9793,3158,6635,9787,0,6,ITC,ITC1,1,Piemonte,Piemonte,4356406,5140079,117.99,0.22
4731,2021-01-13,PIE,10094,3231,6863,10085,0,9,ITC,ITC1,1,Piemonte,Piemonte,4356406,5150173,118.22,0.23
4732,2021-06-16,PIE,40458,20271,20187,23553,16272,633,ITC,ITC1,1,Piemonte,Piemonte,4356406,5190631,119.15,0.93
4733,2021-08-12,PIE,22032,11822,10210,13466,7822,744,ITC,ITC1,1,Piemonte,Piemonte,4356406,5212663,119.66,0.51
4734,2021-01-06,PIE,3119,1106,2013,3118,0,1,ITC,ITC1,1,Piemonte,Piemonte,4356406,5215782,119.73,0.07
4735,2021-08-05,PIE,30332,16091,14241,11233,18555,544,ITC,ITC1,1,Piemonte,Piemonte,4356406,5246114,120.42,0.7
4736,2021-06-23,PIE,39811,19777,20034,16416,22890,505,ITC,ITC1,1,Piemonte,Piemonte,4356406,5285925,121.34,0.91
4737,2021-08-19,PIE,15870,8542,7328,10550,4594,726,ITC,ITC1,1,Piemonte,Piemonte,4356406,5301795,121.7,0.36
4738,2021-03-08,PIE,14308,5606,8702,11348,2717,243,ITC,ITC1,1,Piemonte,Piemonte,4356406,5316103,122.03,0.33
4739,2021-05-04,PIE,31609,14610,16999,17298,13716,595,ITC,ITC1,1,Piemonte,Piemonte,4356406,5347712,122.76,0.73
4740,2021-01-24,PIE,3161,964,2197,435,2724,2,ITC,ITC1,1,Piemonte,Piemonte,4356406,5350873,122.83,0.07
4741,2021-06-30,PIE,41329,20203,21126,18479,21970,880,ITC,ITC1,1,Piemonte,Piemonte,4356406,5392202,123.78,0.95
4742,2021-03-22,PIE,11543,4898,6645,3717,7609,217,ITC,ITC1,1,Piemonte,Piemonte,4356406,5403745,124.04,0.26
4743,2021-04-27,PIE,22657,10236,12421,16839,5161,657,ITC,ITC1,1,Piemonte,Piemonte,4356406,5426402,124.56,0.52
4744,2021-01-17,PIE,3529,1169,2360,2877,650,2,ITC,ITC1,1,Piemonte,Piemonte,4356406,5429931,124.64,0.08
4745,2021-03-15,PIE,10703,4200,6503,4934,5613,156,ITC,ITC1,1,Piemonte,Piemonte,4356406,5440634,124.89,0.25
4746,2021-05-11,PIE,32316,15575,16741,18422,13255,639,ITC,ITC1,1,Piemonte,Piemonte,4356406,5472950,125.63,0.74
4747,2021-01-31,PIE,4146,1765,2381,115,4031,0,ITC,ITC1,1,Piemonte,Piemonte,4356406,5477096,125.73,0.1
4748,2021-07-18,PIE,32927,17269,15658,3249,29343,335,ITC,ITC1,1,Piemonte,Piemonte,4356406,5510023,126.48,0.76
4749,2021-02-07,PIE,3095,974,2121,443,2651,1,ITC,ITC1,1,Piemonte,Piemonte,4356406,5513118,126.55,0.07
4750,2021-07-11,PIE,33218,16930,16288,4528,28369,321,ITC,ITC1,1,Piemonte,Piemonte,4356406,5546336,127.31,0.76
4751,2021-09-06,PIE,18117,9482,8635,6078,11360,679,ITC,ITC1,1,Piemonte,Piemonte,4356406,5564453,127.73,0.42
4752,2021-08-30,PIE,20841,10869,9972,7216,12963,662,ITC,ITC1,1,Piemonte,Piemonte,4356406,5585294,128.21,0.48
4753,2021-05-22,PIE,33578,15164,18414,16920,16245,413,ITC,ITC1,1,Piemonte,Piemonte,4356406,5618872,128.98,0.77
4754,2021-08-01,SAR,3055,1502,1553,1031,1988,36,ITG,ITG2,20,Sardegna,Sardegna,1639591,3055,0.19,0.19
4755,2021-04-23,SAR,13064,5791,7273,7361,5556,147,ITG,ITG2,20,Sardegna,Sardegna,1639591,16119,0.98,0.8
4756,2021-05-10,SAR,9941,4416,5525,7210,2554,177,ITG,ITG2,20,Sardegna,Sardegna,1639591,26060,1.59,0.61
4757,2021-01-30,SAR,3946,1426,2520,368,3578,0,ITG,ITG2,20,Sardegna,Sardegna,1639591,30006,1.83,0.24
4758,2021-07-01,SAR,19833,9763,10070,7257,12483,93,ITG,ITG2,20,Sardegna,Sardegna,1639591,49839,3.04,1.21
4759,2021-03-23,SAR,6497,2904,3593,5229,1089,179,ITG,ITG2,20,Sardegna,Sardegna,1639591,56336,3.44,0.4
4760,2021-07-15,SAR,18778,9236,9542,4646,14031,101,ITG,ITG2,20,Sardegna,Sardegna,1639591,75114,4.58,1.15
4761,2021-08-03,SAR,14574,7508,7066,7516,6862,196,ITG,ITG2,20,Sardegna,Sardegna,1639591,89688,5.47,0.89
4762,2021-02-11,SAR,1322,490,832,1207,115,0,ITG,ITG2,20,Sardegna,Sardegna,1639591,91010,5.55,0.08
4763,2021-09-01,SAR,8244,4308,3936,3115,5040,89,ITG,ITG2,20,Sardegna,Sardegna,1639591,99254,6.05,0.5
4764,2021-05-24,SAR,14489,7258,7231,8358,5999,132,ITG,ITG2,20,Sardegna,Sardegna,1639591,113743,6.94,0.88
4765,2021-02-13,SAR,1458,563,895,1452,2,4,ITG,ITG2,20,Sardegna,Sardegna,1639591,115201,7.03,0.09
4766,2021-04-09,SAR,12474,5524,6950,7933,4399,142,ITG,ITG2,20,Sardegna,Sardegna,1639591,127675,7.79,0.76
4767,2021-07-20,SAR,16149,7931,8218,3653,12405,91,ITG,ITG2,20,Sardegna,Sardegna,1639591,143824,8.77,0.98
4768,2021-04-11,SAR,5416,2450,2966,4263,1124,29,ITG,ITG2,20,Sardegna,Sardegna,1639591,149240,9.1,0.33
4769,2021-06-07,SAR,12565,6145,6420,9436,3007,122,ITG,ITG2,20,Sardegna,Sardegna,1639591,161805,9.87,0.77
4770,2021-08-27,SAR,8386,4495,3891,4910,3335,141,ITG,ITG2,20,Sardegna,Sardegna,1639591,170191,10.38,0.51
4771,2021-05-19,SAR,17080,8682,8398,12631,4280,169,ITG,ITG2,20,Sardegna,Sardegna,1639591,187271,11.42,1.04
4772,2021-06-05,SAR,17888,8441,9447,11285,6468,135,ITG,ITG2,20,Sardegna,Sardegna,1639591,205159,12.51,1.09
4773,2021-02-25,SAR,2938,1274,1664,2295,608,35,ITG,ITG2,20,Sardegna,Sardegna,1639591,208097,12.69,0.18
4774,2021-03-14,SAR,611,379,232,601,1,9,ITG,ITG2,20,Sardegna,Sardegna,1639591,208708,12.73,0.04
4775,2021-01-16,SAR,1498,530,968,1498,0,0,ITG,ITG2,20,Sardegna,Sardegna,1639591,210206,12.82,0.09
4776,2021-08-15,SAR,19,10,9,9,10,0,ITG,ITG2,20,Sardegna,Sardegna,1639591,210225,12.82,0.0
4777,2021-06-19,SAR,15348,7517,7831,9121,6128,99,ITG,ITG2,20,Sardegna,Sardegna,1639591,225573,13.76,0.94
4778,2021-07-06,SAR,15935,7722,8213,4661,11174,100,ITG,ITG2,20,Sardegna,Sardegna,1639591,241508,14.73,0.97
4779,2021-03-28,SAR,4617,1822,2795,4464,79,74,ITG,ITG2,20,Sardegna,Sardegna,1639591,246125,15.01,0.28
4780,2021-01-04,SAR,608,230,378,608,0,0,ITG,ITG2,20,Sardegna,Sardegna,1639591,246733,15.05,0.04
4781,2021-03-09,SAR,5559,2751,2808,4756,732,71,ITG,ITG2,20,Sardegna,Sardegna,1639591,252292,15.39,0.34
4782,2021-08-13,SAR,9949,5418,4531,6314,3516,119,ITG,ITG2,20,Sardegna,Sardegna,1639591,262241,15.99,0.61
4783,2021-05-05,SAR,10281,4678,5603,8009,2061,211,ITG,ITG2,20,Sardegna,Sardegna,1639591,272522,16.62,0.63
4784,2021-06-12,SAR,14755,7194,7561,9935,4702,118,ITG,ITG2,20,Sardegna,Sardegna,1639591,287277,17.52,0.9
4785,2021-03-04,SAR,4393,2313,2080,3067,1260,66,ITG,ITG2,20,Sardegna,Sardegna,1639591,291670,17.79,0.27
4786,2021-03-21,SAR,4053,1815,2238,2586,1441,26,ITG,ITG2,20,Sardegna,Sardegna,1639591,295723,18.04,0.25
4787,2021-08-20,SAR,10172,5353,4819,4794,5228,150,ITG,ITG2,20,Sardegna,Sardegna,1639591,305895,18.66,0.62
4788,2021-05-12,SAR,11224,5282,5942,7864,3154,206,ITG,ITG2,20,Sardegna,Sardegna,1639591,317119,19.34,0.68
4789,2021-09-03,SAR,8713,4696,4017,3081,5538,94,ITG,ITG2,20,Sardegna,Sardegna,1639591,325832,19.87,0.53
4790,2020-12-28,SAR,68,27,41,68,0,0,ITG,ITG2,20,Sardegna,Sardegna,1639591,325900,19.88,0.0
4791,2021-06-14,SAR,13750,6643,7107,9790,3818,142,ITG,ITG2,20,Sardegna,Sardegna,1639591,339650,20.72,0.84
4792,2021-03-06,SAR,2950,1219,1731,1081,1795,74,ITG,ITG2,20,Sardegna,Sardegna,1639591,342600,20.9,0.18
4793,2021-05-29,SAR,18028,8656,9372,13249,4611,168,ITG,ITG2,20,Sardegna,Sardegna,1639591,360628,21.99,1.1
4794,2021-02-18,SAR,1898,738,1160,1794,64,40,ITG,ITG2,20,Sardegna,Sardegna,1639591,362526,22.11,0.12
4795,2021-05-31,SAR,11371,5409,5962,8161,3112,98,ITG,ITG2,20,Sardegna,Sardegna,1639591,373897,22.8,0.69
4796,2021-07-27,SAR,16533,8385,8148,4217,12205,111,ITG,ITG2,20,Sardegna,Sardegna,1639591,390430,23.81,1.01
4797,2021-04-18,SAR,5153,2237,2916,2238,2885,30,ITG,ITG2,20,Sardegna,Sardegna,1639591,395583,24.13,0.31
4798,2021-01-08,SAR,3351,1235,2116,3349,0,2,ITG,ITG2,20,Sardegna,Sardegna,1639591,398934,24.33,0.2
4799,2021-02-04,SAR,2302,825,1477,915,1384,3,ITG,ITG2,20,Sardegna,Sardegna,1639591,401236,24.47,0.14
4800,2021-04-02,SAR,9329,3626,5703,5930,3252,147,ITG,ITG2,20,Sardegna,Sardegna,1639591,410565,25.04,0.57
4801,2021-07-13,SAR,17806,8522,9284,3250,14478,78,ITG,ITG2,20,Sardegna,Sardegna,1639591,428371,26.13,1.09
4802,2021-04-04,SAR,2,1,1,0,2,0,ITG,ITG2,20,Sardegna,Sardegna,1639591,428373,26.13,0.0
4803,2021-04-30,SAR,11313,5342,5971,6824,4301,188,ITG,ITG2,20,Sardegna,Sardegna,1639591,439686,26.82,0.69
4804,2021-05-17,SAR,12841,6266,6575,9140,3554,147,ITG,ITG2,20,Sardegna,Sardegna,1639591,452527,27.6,0.78
4805,2021-02-06,SAR,1983,706,1277,566,1414,3,ITG,ITG2,20,Sardegna,Sardegna,1639591,454510,27.72,0.12
4806,2021-02-23,SAR,1577,1050,527,1278,282,17,ITG,ITG2,20,Sardegna,Sardegna,1639591,456087,27.82,0.1
4807,2021-08-08,SAR,1884,979,905,1020,841,23,ITG,ITG2,20,Sardegna,Sardegna,1639591,457971,27.93,0.11
4808,2021-06-26,SAR,19161,9013,10148,5454,13632,75,ITG,ITG2,20,Sardegna,Sardegna,1639591,477132,29.1,1.17
4809,2021-08-22,SAR,1162,650,512,403,756,3,ITG,ITG2,20,Sardegna,Sardegna,1639591,478294,29.17,0.07
4810,2021-07-08,SAR,18445,8972,9473,3832,14528,85,ITG,ITG2,20,Sardegna,Sardegna,1639591,496739,30.3,1.12
4811,2021-07-25,SAR,4343,2142,2201,862,3466,15,ITG,ITG2,20,Sardegna,Sardegna,1639591,501082,30.56,0.26
4812,2021-04-16,SAR,14603,6529,8074,9004,5421,178,ITG,ITG2,20,Sardegna,Sardegna,1639591,515685,31.45,0.89
4813,2021-01-23,SAR,61,23,38,0,61,0,ITG,ITG2,20,Sardegna,Sardegna,1639591,515746,31.46,0.0
4814,2021-03-02,SAR,3058,1634,1424,1822,1162,74,ITG,ITG2,20,Sardegna,Sardegna,1639591,518804,31.64,0.19
4815,2021-04-28,SAR,9122,4309,4813,5213,3758,151,ITG,ITG2,20,Sardegna,Sardegna,1639591,527926,32.2,0.56
4816,2021-01-18,SAR,910,328,582,781,129,0,ITG,ITG2,20,Sardegna,Sardegna,1639591,528836,32.25,0.06
4817,2021-06-24,SAR,19202,9213,9989,8113,10984,105,ITG,ITG2,20,Sardegna,Sardegna,1639591,548038,33.43,1.17
4818,2021-03-16,SAR,4446,1967,2479,3471,930,45,ITG,ITG2,20,Sardegna,Sardegna,1639591,552484,33.7,0.27
4819,2021-01-13,SAR,579,182,397,579,0,0,ITG,ITG2,20,Sardegna,Sardegna,1639591,553063,33.73,0.04
4820,2021-06-02,SAR,9786,4692,5094,8060,1640,86,ITG,ITG2,20,Sardegna,Sardegna,1639591,562849,34.33,0.6
4821,2021-07-29,SAR,17901,9045,8856,6530,11205,166,ITG,ITG2,20,Sardegna,Sardegna,1639591,580750,35.42,1.09
4822,2021-04-20,SAR,11194,5064,6130,7797,3297,100,ITG,ITG2,20,Sardegna,Sardegna,1639591,591944,36.1,0.68
4823,2021-06-16,SAR,17634,8275,9359,12163,5310,161,ITG,ITG2,20,Sardegna,Sardegna,1639591,609578,37.18,1.08
4824,2021-01-01,SAR,33,17,16,33,0,0,ITG,ITG2,20,Sardegna,Sardegna,1639591,609611,37.18,0.0
4825,2021-02-27,SAR,1929,645,1284,1326,561,42,ITG,ITG2,20,Sardegna,Sardegna,1639591,611540,37.3,0.12
4826,2021-07-24,SAR,12384,6385,5999,1994,10362,28,ITG,ITG2,20,Sardegna,Sardegna,1639591,623924,38.05,0.76
4827,2021-08-10,SAR,14240,7508,6732,6250,7828,162,ITG,ITG2,20,Sardegna,Sardegna,1639591,638164,38.92,0.87
4828,2021-05-02,SAR,6075,2727,3348,5296,676,103,ITG,ITG2,20,Sardegna,Sardegna,1639591,644239,39.29,0.37
4829,2021-02-08,SAR,1477,536,941,859,617,1,ITG,ITG2,20,Sardegna,Sardegna,1639591,645716,39.38,0.09
4830,2021-08-12,SAR,12481,6615,5866,6627,5686,168,ITG,ITG2,20,Sardegna,Sardegna,1639591,658197,40.14,0.76
4831,2021-05-07,SAR,14597,6663,7934,9788,4554,255,ITG,ITG2,20,Sardegna,Sardegna,1639591,672794,41.03,0.89
4832,2021-01-27,SAR,1435,506,929,78,1357,0,ITG,ITG2,20,Sardegna,Sardegna,1639591,674229,41.12,0.09
4833,2021-07-03,SAR,15843,7562,8281,3235,12576,32,ITG,ITG2,20,Sardegna,Sardegna,1639591,690072,42.09,0.97
4834,2021-03-25,SAR,9272,4021,5251,7818,1308,146,ITG,ITG2,20,Sardegna,Sardegna,1639591,699344,42.65,0.57
4835,2021-08-29,SAR,467,250,217,355,98,14,ITG,ITG2,20,Sardegna,Sardegna,1639591,699811,42.68,0.03
4836,2021-05-21,SAR,22797,11231,11566,16383,6133,281,ITG,ITG2,20,Sardegna,Sardegna,1639591,722608,44.07,1.39
4837,2021-06-28,SAR,14994,7041,7953,3050,11878,66,ITG,ITG2,20,Sardegna,Sardegna,1639591,737602,44.99,0.91
4838,2021-04-06,SAR,7575,3157,4418,5061,2439,75,ITG,ITG2,20,Sardegna,Sardegna,1639591,745177,45.45,0.46
4839,2020-12-27,SAR,68,37,31,68,0,0,ITG,ITG2,20,Sardegna,Sardegna,1639591,745245,45.45,0.0
4840,2021-04-25,SAR,4534,2282,2252,3701,784,49,ITG,ITG2,20,Sardegna,Sardegna,1639591,749779,45.73,0.28
4841,2021-02-22,SAR,1651,954,697,1391,234,26,ITG,ITG2,20,Sardegna,Sardegna,1639591,751430,45.83,0.1
4842,2021-03-11,SAR,6461,3109,3352,5170,1209,82,ITG,ITG2,20,Sardegna,Sardegna,1639591,757891,46.22,0.39
4843,2021-06-04,SAR,14506,6943,7563,9784,4563,159,ITG,ITG2,20,Sardegna,Sardegna,1639591,772397,47.11,0.88
4844,2021-07-17,SAR,12871,6303,6568,3180,9624,67,ITG,ITG2,20,Sardegna,Sardegna,1639591,785268,47.89,0.79
4845,2021-07-31,SAR,10318,5457,4861,5275,4962,81,ITG,ITG2,20,Sardegna,Sardegna,1639591,795586,48.52,0.63
4846,2021-08-19,SAR,10760,5687,5073,5733,4895,132,ITG,ITG2,20,Sardegna,Sardegna,1639591,806346,49.18,0.66
4847,2021-09-05,SAR,665,371,294,133,526,6,ITG,ITG2,20,Sardegna,Sardegna,1639591,807011,49.22,0.04
4848,2021-05-28,SAR,18009,8712,9297,13525,4297,187,ITG,ITG2,20,Sardegna,Sardegna,1639591,825020,50.32,1.1
4849,2021-01-20,SAR,215,78,137,213,2,0,ITG,ITG2,20,Sardegna,Sardegna,1639591,825235,50.33,0.01
4850,2021-03-29,SAR,4859,1886,2973,4169,595,95,ITG,ITG2,20,Sardegna,Sardegna,1639591,830094,50.63,0.3
4851,2021-04-15,SAR,11954,5574,6380,6816,5020,118,ITG,ITG2,20,Sardegna,Sardegna,1639591,842048,51.36,0.73
4852,2021-01-05,SAR,1358,458,900,1358,0,0,ITG,ITG2,20,Sardegna,Sardegna,1639591,843406,51.44,0.08
4853,2021-01-22,SAR,84,47,37,56,28,0,ITG,ITG2,20,Sardegna,Sardegna,1639591,843490,51.45,0.01
4854,2021-07-26,SAR,14605,7288,7317,4121,10407,77,ITG,ITG2,20,Sardegna,Sardegna,1639591,858095,52.34,0.89
4855,2021-04-17,SAR,10173,4524,5649,5421,4669,83,ITG,ITG2,20,Sardegna,Sardegna,1639591,868268,52.96,0.62
4856,2021-07-22,SAR,18337,9267,9070,4509,13719,109,ITG,ITG2,20,Sardegna,Sardegna,1639591,886605,54.07,1.12
4857,2021-04-13,SAR,7704,3624,4080,5785,1854,65,ITG,ITG2,20,Sardegna,Sardegna,1639591,894309,54.54,0.47
4858,2021-06-09,SAR,15472,7369,8103,11576,3745,151,ITG,ITG2,20,Sardegna,Sardegna,1639591,909781,55.49,0.94
4859,2021-03-18,SAR,7316,3096,4220,5600,1639,77,ITG,ITG2,20,Sardegna,Sardegna,1639591,917097,55.93,0.45
4860,2021-05-14,SAR,14661,6891,7770,10820,3652,189,ITG,ITG2,20,Sardegna,Sardegna,1639591,931758,56.83,0.89
4861,2021-02-03,SAR,1122,419,703,426,695,1,ITG,ITG2,20,Sardegna,Sardegna,1639591,932880,56.9,0.07
4862,2021-07-10,SAR,14241,6889,7352,2705,11503,33,ITG,ITG2,20,Sardegna,Sardegna,1639591,947121,57.77,0.87
4863,2021-04-01,SAR,10291,4105,6186,7117,3024,150,ITG,ITG2,20,Sardegna,Sardegna,1639591,957412,58.39,0.63
4864,2021-09-02,SAR,10323,5547,4776,3968,6244,111,ITG,ITG2,20,Sardegna,Sardegna,1639591,967735,59.02,0.63
4865,2021-07-21,SAR,19391,9499,9892,3907,15400,84,ITG,ITG2,20,Sardegna,Sardegna,1639591,987126,60.21,1.18
4866,2021-02-10,SAR,1976,775,1201,1444,526,6,ITG,ITG2,20,Sardegna,Sardegna,1639591,989102,60.33,0.12
4867,2021-08-21,SAR,5620,3054,2566,3636,1894,90,ITG,ITG2,20,Sardegna,Sardegna,1639591,994722,60.67,0.34
4868,2021-03-08,SAR,4734,2464,2270,3455,1226,53,ITG,ITG2,20,Sardegna,Sardegna,1639591,999456,60.96,0.29
4869,2021-05-04,SAR,9682,4428,5254,7623,1904,155,ITG,ITG2,20,Sardegna,Sardegna,1639591,1009138,61.55,0.59
4870,2021-01-24,SAR,91,35,56,5,86,0,ITG,ITG2,20,Sardegna,Sardegna,1639591,1009229,61.55,0.01
4871,2021-01-15,SAR,1574,575,999,1572,0,2,ITG,ITG2,20,Sardegna,Sardegna,1639591,1010803,61.65,0.1
4872,2021-08-17,SAR,10608,5535,5073,6093,4389,126,ITG,ITG2,20,Sardegna,Sardegna,1639591,1021411,62.3,0.65
4873,2021-02-01,SAR,1554,620,934,226,1328,0,ITG,ITG2,20,Sardegna,Sardegna,1639591,1022965,62.39,0.09
4874,2021-05-09,SAR,6182,2889,3293,5162,926,94,ITG,ITG2,20,Sardegna,Sardegna,1639591,1029147,62.77,0.38
4875,2021-05-26,SAR,15549,8195,7354,9706,5661,182,ITG,ITG2,20,Sardegna,Sardegna,1639591,1044696,63.72,0.95
4876,2021-02-15,SAR,961,349,612,923,31,7,ITG,ITG2,20,Sardegna,Sardegna,1639591,1045657,63.78,0.06
4877,2021-06-21,SAR,14033,6736,7297,5124,8835,74,ITG,ITG2,20,Sardegna,Sardegna,1639591,1059690,64.63,0.86
4878,2021-03-13,SAR,2773,1084,1689,2451,281,41,ITG,ITG2,20,Sardegna,Sardegna,1639591,1062463,64.8,0.17
4879,2021-03-30,SAR,8924,3622,5302,6484,2286,154,ITG,ITG2,20,Sardegna,Sardegna,1639591,1071387,65.34,0.54
4880,2021-01-06,SAR,1636,556,1080,1636,0,0,ITG,ITG2,20,Sardegna,Sardegna,1639591,1073023,65.44,0.1
4881,2021-06-23,SAR,20548,9669,10879,6193,14262,93,ITG,ITG2,20,Sardegna,Sardegna,1639591,1093571,66.7,1.25
4882,2021-06-18,SAR,16490,7509,8981,8603,7771,116,ITG,ITG2,20,Sardegna,Sardegna,1639591,1110061,67.7,1.01
4883,2021-03-10,SAR,6077,2962,3115,5147,855,75,ITG,ITG2,20,Sardegna,Sardegna,1639591,1116138,68.07,0.37
4884,2021-08-14,SAR,1794,1025,769,990,794,10,ITG,ITG2,20,Sardegna,Sardegna,1639591,1117932,68.18,0.11
4885,2021-05-06,SAR,13168,6063,7105,9733,3189,246,ITG,ITG2,20,Sardegna,Sardegna,1639591,1131100,68.99,0.8
4886,2021-03-01,SAR,2295,1166,1129,1598,667,30,ITG,ITG2,20,Sardegna,Sardegna,1639591,1133395,69.13,0.14
4887,2021-05-13,SAR,12453,5874,6579,8772,3470,211,ITG,ITG2,20,Sardegna,Sardegna,1639591,1145848,69.89,0.76
4888,2021-02-02,SAR,1534,681,853,258,1276,0,ITG,ITG2,20,Sardegna,Sardegna,1639591,1147382,69.98,0.09
4889,2021-08-23,SAR,10522,5566,4956,5635,4711,176,ITG,ITG2,20,Sardegna,Sardegna,1639591,1157904,70.62,0.64
4890,2021-05-15,SAR,13875,6442,7433,10244,3444,187,ITG,ITG2,20,Sardegna,Sardegna,1639591,1171779,71.47,0.85
4891,2021-02-17,SAR,1415,581,834,1279,74,62,ITG,ITG2,20,Sardegna,Sardegna,1639591,1173194,71.55,0.09
4892,2021-05-25,SAR,15157,7705,7452,8495,6487,175,ITG,ITG2,20,Sardegna,Sardegna,1639591,1188351,72.48,0.92
4893,2021-06-11,SAR,14783,7026,7757,9089,5538,156,ITG,ITG2,20,Sardegna,Sardegna,1639591,1203134,73.38,0.9
4894,2021-03-03,SAR,4138,2294,1844,2746,1306,86,ITG,ITG2,20,Sardegna,Sardegna,1639591,1207272,73.63,0.25
4895,2021-06-30,SAR,17774,8515,9259,4806,12886,82,ITG,ITG2,20,Sardegna,Sardegna,1639591,1225046,74.72,1.08
4896,2021-08-09,SAR,13414,6972,6442,6474,6794,146,ITG,ITG2,20,Sardegna,Sardegna,1639591,1238460,75.53,0.82
4897,2021-08-26,SAR,9431,5001,4430,5359,3946,126,ITG,ITG2,20,Sardegna,Sardegna,1639591,1247891,76.11,0.58
4898,2021-05-18,SAR,14785,7386,7399,9426,5226,133,ITG,ITG2,20,Sardegna,Sardegna,1639591,1262676,77.01,0.9
4899,2021-02-24,SAR,2447,1309,1138,2211,195,41,ITG,ITG2,20,Sardegna,Sardegna,1639591,1265123,77.16,0.15
4900,2021-08-28,SAR,4163,2395,1768,2853,1251,59,ITG,ITG2,20,Sardegna,Sardegna,1639591,1269286,77.41,0.25
4901,2021-06-06,SAR,10037,5001,5036,6314,3654,69,ITG,ITG2,20,Sardegna,Sardegna,1639591,1279323,78.03,0.61
4902,2021-01-03,SAR,90,36,54,90,0,0,ITG,ITG2,20,Sardegna,Sardegna,1639591,1279413,78.03,0.01
4903,2021-07-07,SAR,15910,7731,8179,4086,11771,53,ITG,ITG2,20,Sardegna,Sardegna,1639591,1295323,79.0,0.97
4904,2021-06-22,SAR,19344,8991,10353,7166,12077,101,ITG,ITG2,20,Sardegna,Sardegna,1639591,1314667,80.18,1.18
4905,2021-07-09,SAR,15879,7599,8280,3431,12365,83,ITG,ITG2,20,Sardegna,Sardegna,1639591,1330546,81.15,0.97
4906,2021-03-31,SAR,10635,4233,6402,8065,2438,132,ITG,ITG2,20,Sardegna,Sardegna,1639591,1341181,81.8,0.65
4907,2021-08-05,SAR,15655,8232,7423,8694,6800,161,ITG,ITG2,20,Sardegna,Sardegna,1639591,1356836,82.75,0.95
4908,2021-02-20,SAR,2044,856,1188,1683,337,24,ITG,ITG2,20,Sardegna,Sardegna,1639591,1358880,82.88,0.12
4909,2021-08-07,SAR,8214,4309,3905,5440,2706,68,ITG,ITG2,20,Sardegna,Sardegna,1639591,1367094,83.38,0.5
4910,2021-03-20,SAR,5222,2079,3143,2909,2286,27,ITG,ITG2,20,Sardegna,Sardegna,1639591,1372316,83.7,0.32
4911,2021-09-04,SAR,5113,2803,2310,1553,3512,48,ITG,ITG2,20,Sardegna,Sardegna,1639591,1377429,84.01,0.31
4912,2021-06-13,SAR,9502,4678,4824,6162,3260,80,ITG,ITG2,20,Sardegna,Sardegna,1639591,1386931,84.59,0.58
4913,2021-01-29,SAR,3044,1118,1926,45,2997,2,ITG,ITG2,20,Sardegna,Sardegna,1639591,1389975,84.78,0.19
4914,2021-08-02,SAR,13118,6601,6517,6210,6730,178,ITG,ITG2,20,Sardegna,Sardegna,1639591,1403093,85.58,0.8
4915,2021-01-28,SAR,3037,1083,1954,68,2969,0,ITG,ITG2,20,Sardegna,Sardegna,1639591,1406130,85.76,0.19
4916,2021-04-12,SAR,7058,3201,3857,5258,1727,73,ITG,ITG2,20,Sardegna,Sardegna,1639591,1413188,86.19,0.43
4917,2021-01-02,SAR,61,22,39,61,0,0,ITG,ITG2,20,Sardegna,Sardegna,1639591,1413249,86.2,0.0
4918,2021-06-08,SAR,14836,7071,7765,11168,3511,157,ITG,ITG2,20,Sardegna,Sardegna,1639591,1428085,87.1,0.9
4919,2021-02-28,SAR,368,169,199,139,227,2,ITG,ITG2,20,Sardegna,Sardegna,1639591,1428453,87.12,0.02
4920,2021-08-04,SAR,16216,8528,7688,9599,6353,264,ITG,ITG2,20,Sardegna,Sardegna,1639591,1444669,88.11,0.99
4921,2021-07-11,SAR,6380,3119,3261,1424,4920,36,ITG,ITG2,20,Sardegna,Sardegna,1639591,1451049,88.5,0.39
4922,2021-01-26,SAR,1380,474,906,27,1353,0,ITG,ITG2,20,Sardegna,Sardegna,1639591,1452429,88.58,0.08
4923,2021-08-16,SAR,8462,4412,4050,4551,3795,116,ITG,ITG2,20,Sardegna,Sardegna,1639591,1460891,89.1,0.52
4924,2021-05-08,SAR,13206,5996,7210,10755,2289,162,ITG,ITG2,20,Sardegna,Sardegna,1639591,1474097,89.91,0.81
4925,2021-07-23,SAR,15759,7787,7972,3405,12276,78,ITG,ITG2,20,Sardegna,Sardegna,1639591,1489856,90.87,0.96
4926,2021-04-14,SAR,8367,3927,4440,7029,1276,62,ITG,ITG2,20,Sardegna,Sardegna,1639591,1498223,91.38,0.51
4927,2021-05-01,SAR,10008,4797,5211,5421,4485,102,ITG,ITG2,20,Sardegna,Sardegna,1639591,1508231,91.99,0.61
4928,2021-01-21,SAR,140,69,71,98,42,0,ITG,ITG2,20,Sardegna,Sardegna,1639591,1508371,92.0,0.01
4929,2021-02-07,SAR,1128,397,731,228,899,1,ITG,ITG2,20,Sardegna,Sardegna,1639591,1509499,92.07,0.07
4930,2021-08-25,SAR,10063,5291,4772,4241,5711,111,ITG,ITG2,20,Sardegna,Sardegna,1639591,1519562,92.68,0.61
4931,2021-06-03,SAR,16398,7645,8753,10564,5693,141,ITG,ITG2,20,Sardegna,Sardegna,1639591,1535960,93.68,1.0
4932,2021-06-20,SAR,6295,2807,3488,3635,2628,32,ITG,ITG2,20,Sardegna,Sardegna,1639591,1542255,94.06,0.38
4933,2021-03-12,SAR,6022,2634,3388,4552,1317,153,ITG,ITG2,20,Sardegna,Sardegna,1639591,1548277,94.43,0.37
4934,2021-04-26,SAR,6942,3294,3648,5921,926,95,ITG,ITG2,20,Sardegna,Sardegna,1639591,1555219,94.85,0.42
4935,2021-06-01,SAR,14328,6659,7669,9637,4595,96,ITG,ITG2,20,Sardegna,Sardegna,1639591,1569547,95.73,0.87
4936,2021-02-21,SAR,1589,709,880,1558,30,1,ITG,ITG2,20,Sardegna,Sardegna,1639591,1571136,95.82,0.1
4937,2021-07-28,SAR,16793,8620,8173,6319,10326,148,ITG,ITG2,20,Sardegna,Sardegna,1639591,1587929,96.85,1.02
4938,2021-04-19,SAR,10251,4643,5608,8662,1446,143,ITG,ITG2,20,Sardegna,Sardegna,1639591,1598180,97.47,0.63
4939,2021-01-09,SAR,4085,1443,2642,4085,0,0,ITG,ITG2,20,Sardegna,Sardegna,1639591,1602265,97.72,0.25
4940,2021-06-15,SAR,14689,6808,7881,9813,4742,134,ITG,ITG2,20,Sardegna,Sardegna,1639591,1616954,98.62,0.9
4941,2021-03-07,SAR,1663,752,911,1114,545,4,ITG,ITG2,20,Sardegna,Sardegna,1639591,1618617,98.72,0.1
4942,2021-05-27,SAR,17860,9268,8592,12108,5543,209,ITG,ITG2,20,Sardegna,Sardegna,1639591,1636477,99.81,1.09
4943,2021-02-16,SAR,703,291,412,667,27,9,ITG,ITG2,20,Sardegna,Sardegna,1639591,1637180,99.85,0.04
4944,2021-03-05,SAR,5234,2621,2613,2823,2372,39,ITG,ITG2,20,Sardegna,Sardegna,1639591,1642414,100.17,0.32
4945,2021-03-19,SAR,7322,3064,4258,5018,2244,60,ITG,ITG2,20,Sardegna,Sardegna,1639591,1649736,100.62,0.45
4946,2021-07-16,SAR,16935,8476,8459,4552,12248,135,ITG,ITG2,20,Sardegna,Sardegna,1639591,1666671,101.65,1.03
4947,2021-04-07,SAR,13728,6104,7624,7907,5739,82,ITG,ITG2,20,Sardegna,Sardegna,1639591,1680399,102.49,0.84
4948,2021-04-24,SAR,10523,4892,5631,7959,2431,133,ITG,ITG2,20,Sardegna,Sardegna,1639591,1690922,103.13,0.64
4949,2021-01-14,SAR,1128,433,695,1128,0,0,ITG,ITG2,20,Sardegna,Sardegna,1639591,1692050,103.2,0.07
4950,2021-08-11,SAR,11926,6361,5565,6146,5600,180,ITG,ITG2,20,Sardegna,Sardegna,1639591,1703976,103.93,0.73
4951,2021-05-03,SAR,8335,3854,4481,6601,1623,111,ITG,ITG2,20,Sardegna,Sardegna,1639591,1712311,104.44,0.51
4952,2021-05-20,SAR,16415,7894,8521,11295,4913,207,ITG,ITG2,20,Sardegna,Sardegna,1639591,1728726,105.44,1.0
4953,2021-02-09,SAR,2297,839,1458,1290,1002,5,ITG,ITG2,20,Sardegna,Sardegna,1639591,1731023,105.58,0.14
4954,2021-02-26,SAR,2833,1116,1717,2473,308,52,ITG,ITG2,20,Sardegna,Sardegna,1639591,1733856,105.75,0.17
4955,2021-03-22,SAR,3744,1516,2228,3132,526,86,ITG,ITG2,20,Sardegna,Sardegna,1639591,1737600,105.98,0.23
4956,2021-04-08,SAR,13605,5969,7636,8333,5154,118,ITG,ITG2,20,Sardegna,Sardegna,1639591,1751205,106.81,0.83
4957,2021-07-14,SAR,16907,8190,8717,3773,13023,111,ITG,ITG2,20,Sardegna,Sardegna,1639591,1768112,107.84,1.03
4958,2020-12-29,SAR,57,32,25,57,0,0,ITG,ITG2,20,Sardegna,Sardegna,1639591,1768169,107.84,0.0
4959,2021-04-22,SAR,10627,4685,5942,5541,4993,93,ITG,ITG2,20,Sardegna,Sardegna,1639591,1778796,108.49,0.65
4960,2021-01-12,SAR,890,417,473,890,0,0,ITG,ITG2,20,Sardegna,Sardegna,1639591,1779686,108.54,0.05
4961,2021-05-11,SAR,9111,4247,4864,6454,2520,137,ITG,ITG2,20,Sardegna,Sardegna,1639591,1788797,109.1,0.56
4962,2021-01-31,SAR,2153,765,1388,45,2108,0,ITG,ITG2,20,Sardegna,Sardegna,1639591,1790950,109.23,0.13
4963,2021-02-14,SAR,542,263,279,540,2,0,ITG,ITG2,20,Sardegna,Sardegna,1639591,1791492,109.26,0.03
4964,2021-07-18,SAR,5693,2874,2819,982,4701,10,ITG,ITG2,20,Sardegna,Sardegna,1639591,1797185,109.61,0.35
4965,2021-08-18,SAR,10692,5532,5160,5706,4856,130,ITG,ITG2,20,Sardegna,Sardegna,1639591,1807877,110.26,0.65
4966,2021-04-05,SAR,2091,798,1293,2047,1,43,ITG,ITG2,20,Sardegna,Sardegna,1639591,1809968,110.39,0.13
4967,2021-09-06,SAR,9276,4869,4407,2541,6621,114,ITG,ITG2,20,Sardegna,Sardegna,1639591,1819244,110.96,0.57
4968,2021-06-29,SAR,17893,8606,9287,3753,14091,49,ITG,ITG2,20,Sardegna,Sardegna,1639591,1837137,112.05,1.09
4969,2021-04-29,SAR,11271,5131,6140,6684,4431,156,ITG,ITG2,20,Sardegna,Sardegna,1639591,1848408,112.74,0.69
4970,2021-06-25,SAR,16514,7811,8703,3901,12556,57,ITG,ITG2,20,Sardegna,Sardegna,1639591,1864922,113.74,1.01
4971,2021-01-10,SAR,2220,762,1458,2219,0,1,ITG,ITG2,20,Sardegna,Sardegna,1639591,1867142,113.88,0.14
4972,2021-07-02,SAR,18944,8893,10051,4405,14441,98,ITG,ITG2,20,Sardegna,Sardegna,1639591,1886086,115.03,1.16
4973,2021-04-27,SAR,7756,3590,4166,5573,2072,111,ITG,ITG2,20,Sardegna,Sardegna,1639591,1893842,115.51,0.47
4974,2021-01-17,SAR,867,278,589,866,1,0,ITG,ITG2,20,Sardegna,Sardegna,1639591,1894709,115.56,0.05
4975,2021-03-15,SAR,2827,1328,1499,2408,377,42,ITG,ITG2,20,Sardegna,Sardegna,1639591,1897536,115.73,0.17
4976,2021-07-04,SAR,8206,3988,4218,2066,6125,15,ITG,ITG2,20,Sardegna,Sardegna,1639591,1905742,116.23,0.5
4977,2021-03-26,SAR,8634,3551,5083,6961,1532,141,ITG,ITG2,20,Sardegna,Sardegna,1639591,1914376,116.76,0.53
4978,2021-08-30,SAR,8751,4668,4083,4835,3759,157,ITG,ITG2,20,Sardegna,Sardegna,1639591,1923127,117.29,0.53
4979,2021-05-22,SAR,25067,12011,13056,19587,5176,304,ITG,ITG2,20,Sardegna,Sardegna,1639591,1948194,118.82,1.53
4980,2021-01-19,SAR,751,271,480,695,55,1,ITG,ITG2,20,Sardegna,Sardegna,1639591,1948945,118.87,0.05
4981,2021-03-17,SAR,6627,2870,3757,4956,1633,38,ITG,ITG2,20,Sardegna,Sardegna,1639591,1955572,119.27,0.4
4982,2021-06-27,SAR,9019,4310,4709,2956,6035,28,ITG,ITG2,20,Sardegna,Sardegna,1639591,1964591,119.82,0.55
4983,2021-03-24,SAR,7504,3134,4370,5994,1360,150,ITG,ITG2,20,Sardegna,Sardegna,1639591,1972095,120.28,0.46
4984,2021-04-21,SAR,12177,5578,6599,6477,5597,103,ITG,ITG2,20,Sardegna,Sardegna,1639591,1984272,121.02,0.74
4985,2021-01-11,SAR,1217,520,697,1216,0,1,ITG,ITG2,20,Sardegna,Sardegna,1639591,1985489,121.1,0.07
4986,2021-06-17,SAR,18463,8530,9933,9917,8425,121,ITG,ITG2,20,Sardegna,Sardegna,1639591,2003952,122.22,1.13
4987,2021-01-25,SAR,611,228,383,23,588,0,ITG,ITG2,20,Sardegna,Sardegna,1639591,2004563,122.26,0.04
4988,2021-08-24,SAR,10101,5401,4700,4811,5135,155,ITG,ITG2,20,Sardegna,Sardegna,1639591,2014664,122.88,0.62
4989,2021-05-16,SAR,8247,3837,4410,6001,2161,85,ITG,ITG2,20,Sardegna,Sardegna,1639591,2022911,123.38,0.5
4990,2021-07-12,SAR,15336,7414,7922,2401,12877,58,ITG,ITG2,20,Sardegna,Sardegna,1639591,2038247,124.31,0.94
4991,2021-07-05,SAR,15584,7572,8012,3328,12207,49,ITG,ITG2,20,Sardegna,Sardegna,1639591,2053831,125.26,0.95
4992,2021-08-31,SAR,9295,4956,4339,4748,4388,159,ITG,ITG2,20,Sardegna,Sardegna,1639591,2063126,125.83,0.57
4993,2021-02-05,SAR,1923,757,1166,435,1486,2,ITG,ITG2,20,Sardegna,Sardegna,1639591,2065049,125.95,0.12
4994,2021-04-03,SAR,4727,1824,2903,2670,1986,71,ITG,ITG2,20,Sardegna,Sardegna,1639591,2069776,126.24,0.29
4995,2021-05-30,SAR,9744,4841,4903,7311,2365,68,ITG,ITG2,20,Sardegna,Sardegna,1639591,2079520,126.83,0.59
4996,2021-02-19,SAR,1517,476,1041,1414,56,47,ITG,ITG2,20,Sardegna,Sardegna,1639591,2081037,126.92,0.09
4997,2021-03-27,SAR,5827,2215,3612,5310,423,94,ITG,ITG2,20,Sardegna,Sardegna,1639591,2086864,127.28,0.36
4998,2021-05-23,SAR,10036,4817,5219,7685,2255,96,ITG,ITG2,20,Sardegna,Sardegna,1639591,2096900,127.89,0.61
4999,2021-02-12,SAR,2249,938,1311,2183,60,6,ITG,ITG2,20,Sardegna,Sardegna,1639591,2099149,128.03,0.14
5000,2021-07-19,SAR,15230,7630,7600,2797,12383,50,ITG,ITG2,20,Sardegna,Sardegna,1639591,2114379,128.96,0.93
5001,2021-04-10,SAR,10603,4784,5819,8535,1962,106,ITG,ITG2,20,Sardegna,Sardegna,1639591,2124982,129.6,0.65
5002,2021-01-07,SAR,3169,1110,2059,3165,0,4,ITG,ITG2,20,Sardegna,Sardegna,1639591,2128151,129.8,0.19
5003,2021-06-10,SAR,17812,8479,9333,11644,6042,126,ITG,ITG2,20,Sardegna,Sardegna,1639591,2145963,130.88,1.09
5004,2021-08-06,SAR,13822,7173,6649,7990,5659,173,ITG,ITG2,20,Sardegna,Sardegna,1639591,2159785,131.73,0.84
5005,2020-12-31,SAR,41,22,19,41,0,0,ITG,ITG2,20,Sardegna,Sardegna,1639591,2159826,131.73,0.0
5006,2021-07-30,SAR,15206,7859,7347,6624,8416,166,ITG,ITG2,20,Sardegna,Sardegna,1639591,2175032,132.66,0.93
5007,2021-08-01,LOM,53144,28436,24708,27341,24264,1539,ITC,ITC4,3,Lombardia,Lombardia,10060574,53144,0.53,0.53
5008,2021-04-23,LOM,73641,33371,40270,55553,16654,1434,ITC,ITC4,3,Lombardia,Lombardia,10060574,126785,1.26,0.73
5009,2021-02-16,LOM,9528,3081,6447,8976,451,101,ITC,ITC4,3,Lombardia,Lombardia,10060574,136313,1.35,0.09
5010,2021-06-10,LOM,102732,52272,50460,86429,14502,1801,ITC,ITC4,3,Lombardia,Lombardia,10060574,239045,2.38,1.02
5011,2021-03-02,LOM,22842,9711,13131,19530,3047,265,ITC,ITC4,3,Lombardia,Lombardia,10060574,261887,2.6,0.23
5012,2021-08-20,LOM,27123,15006,12117,14128,11900,1095,ITC,ITC4,3,Lombardia,Lombardia,10060574,289010,2.87,0.27
5013,2021-07-20,LOM,95029,49096,45933,6921,87368,740,ITC,ITC4,3,Lombardia,Lombardia,10060574,384039,3.82,0.94
5014,2021-02-04,LOM,28016,8168,19848,2049,25962,5,ITC,ITC4,3,Lombardia,Lombardia,10060574,412055,4.1,0.28
5015,2021-07-18,LOM,97106,50593,46513,8542,87870,694,ITC,ITC4,3,Lombardia,Lombardia,10060574,509161,5.06,0.97
5016,2021-04-09,LOM,52453,22394,30059,35588,16022,843,ITC,ITC4,3,Lombardia,Lombardia,10060574,561614,5.58,0.52
5017,2021-07-13,LOM,108716,56843,51873,15458,92024,1234,ITC,ITC4,3,Lombardia,Lombardia,10060574,670330,6.66,1.08
5018,2021-04-04,LOM,7615,3232,4383,3682,3899,34,ITC,ITC4,3,Lombardia,Lombardia,10060574,677945,6.74,0.08
5019,2021-09-01,LOM,60198,32347,27851,30532,25936,3730,ITC,ITC4,3,Lombardia,Lombardia,10060574,738143,7.34,0.6
5020,2021-05-24,LOM,89625,43529,46096,48602,40086,937,ITC,ITC4,3,Lombardia,Lombardia,10060574,827768,8.23,0.89
5021,2021-02-11,LOM,17135,5025,12110,9636,7420,79,ITC,ITC4,3,Lombardia,Lombardia,10060574,844903,8.4,0.17
5022,2021-03-28,LOM,20640,7882,12758,13968,6287,385,ITC,ITC4,3,Lombardia,Lombardia,10060574,865543,8.6,0.21
5023,2021-04-14,LOM,47238,21049,26189,33539,12986,713,ITC,ITC4,3,Lombardia,Lombardia,10060574,912781,9.07,0.47
5024,2021-01-04,LOM,6134,2119,4015,6127,0,7,ITC,ITC4,3,Lombardia,Lombardia,10060574,918915,9.13,0.06
5025,2021-06-19,LOM,104406,52032,52374,56230,46753,1423,ITC,ITC4,3,Lombardia,Lombardia,10060574,1023321,10.17,1.04
5026,2021-07-06,LOM,102179,50888,51291,23098,77665,1416,ITC,ITC4,3,Lombardia,Lombardia,10060574,1125500,11.19,1.02
5027,2021-01-16,LOM,15647,5786,9861,15636,0,11,ITC,ITC4,3,Lombardia,Lombardia,10060574,1141147,11.34,0.16
5028,2021-08-15,LOM,7001,3989,3012,2934,3884,183,ITC,ITC4,3,Lombardia,Lombardia,10060574,1148148,11.41,0.07
5029,2021-08-27,LOM,35735,19218,16517,18531,14618,2586,ITC,ITC4,3,Lombardia,Lombardia,10060574,1183883,11.77,0.36
5030,2021-06-05,LOM,102450,52962,49488,91104,9833,1513,ITC,ITC4,3,Lombardia,Lombardia,10060574,1286333,12.79,1.02
5031,2021-03-14,LOM,14883,5349,9534,11216,3290,377,ITC,ITC4,3,Lombardia,Lombardia,10060574,1301216,12.93,0.15
5032,2021-08-06,LOM,85603,46651,38952,17799,66951,853,ITC,ITC4,3,Lombardia,Lombardia,10060574,1386819,13.78,0.85
5033,2021-04-28,LOM,95812,43698,52114,66887,26947,1978,ITC,ITC4,3,Lombardia,Lombardia,10060574,1482631,14.74,0.95
5034,2021-06-24,LOM,109764,56738,53026,78375,29010,2379,ITC,ITC4,3,Lombardia,Lombardia,10060574,1592395,15.83,1.09
5035,2021-03-16,LOM,25538,10132,15406,16309,9107,122,ITC,ITC4,3,Lombardia,Lombardia,10060574,1617933,16.08,0.25
5036,2021-05-12,LOM,87570,41777,45793,57284,27607,2679,ITC,ITC4,3,Lombardia,Lombardia,10060574,1705503,16.95,0.87
5037,2021-05-10,LOM,85329,40910,44419,61521,21602,2206,ITC,ITC4,3,Lombardia,Lombardia,10060574,1790832,17.8,0.85
5038,2021-01-30,LOM,12357,4585,7772,146,12202,9,ITC,ITC4,3,Lombardia,Lombardia,10060574,1803189,17.92,0.12
5039,2021-06-12,LOM,89329,48067,41262,84311,3174,1844,ITC,ITC4,3,Lombardia,Lombardia,10060574,1892518,18.81,0.89
5040,2020-12-28,LOM,108,47,61,108,0,0,ITC,ITC4,3,Lombardia,Lombardia,10060574,1892626,18.81,0.0
5041,2021-04-21,LOM,71887,32581,39306,55816,14699,1372,ITC,ITC4,3,Lombardia,Lombardia,10060574,1964513,19.53,0.71
5042,2021-01-11,LOM,16314,5393,10921,16304,0,10,ITC,ITC4,3,Lombardia,Lombardia,10060574,1980827,19.69,0.16
5043,2021-01-28,LOM,12275,3722,8553,795,11473,7,ITC,ITC4,3,Lombardia,Lombardia,10060574,1993102,19.81,0.12
5044,2021-09-03,LOM,52862,28412,24450,22688,27525,2649,ITC,ITC4,3,Lombardia,Lombardia,10060574,2045964,20.34,0.53
5045,2021-04-02,LOM,41417,16952,24465,26214,14648,555,ITC,ITC4,3,Lombardia,Lombardia,10060574,2087381,20.75,0.41
5046,2021-08-12,LOM,56890,31250,25640,21992,33520,1378,ITC,ITC4,3,Lombardia,Lombardia,10060574,2144271,21.31,0.57
5047,2021-05-31,LOM,95745,47433,48312,78388,16254,1103,ITC,ITC4,3,Lombardia,Lombardia,10060574,2240016,22.27,0.95
5048,2021-07-27,LOM,104949,56852,48097,7491,96755,703,ITC,ITC4,3,Lombardia,Lombardia,10060574,2344965,23.31,1.04
5049,2021-03-26,LOM,41379,15730,25649,27505,13193,681,ITC,ITC4,3,Lombardia,Lombardia,10060574,2386344,23.72,0.41
5050,2021-05-22,LOM,70681,33867,36814,31727,38238,716,ITC,ITC4,3,Lombardia,Lombardia,10060574,2457025,24.42,0.7
5051,2021-05-29,LOM,88396,42443,45953,41397,46154,845,ITC,ITC4,3,Lombardia,Lombardia,10060574,2545421,25.3,0.88
5052,2021-02-18,LOM,14063,4930,9133,12827,1038,198,ITC,ITC4,3,Lombardia,Lombardia,10060574,2559484,25.44,0.14
5053,2021-07-08,LOM,114708,58455,56253,13230,100453,1025,ITC,ITC4,3,Lombardia,Lombardia,10060574,2674192,26.58,1.14
5054,2021-07-25,LOM,86642,45737,40905,9426,76435,781,ITC,ITC4,3,Lombardia,Lombardia,10060574,2760834,27.44,0.86
5055,2021-04-16,LOM,53730,23939,29791,38416,14395,919,ITC,ITC4,3,Lombardia,Lombardia,10060574,2814564,27.98,0.53
5056,2021-05-03,LOM,83752,39783,43969,69443,12142,2167,ITC,ITC4,3,Lombardia,Lombardia,10060574,2898316,28.81,0.83
5057,2021-01-23,LOM,1127,361,766,925,199,3,ITC,ITC4,3,Lombardia,Lombardia,10060574,2899443,28.82,0.01
5058,2021-01-09,LOM,12508,4612,7896,12500,0,8,ITC,ITC4,3,Lombardia,Lombardia,10060574,2911951,28.94,0.12
5059,2021-03-07,LOM,12097,5365,6732,9339,2563,195,ITC,ITC4,3,Lombardia,Lombardia,10060574,2924048,29.06,0.12
5060,2021-01-27,LOM,8073,2688,5385,807,7264,2,ITC,ITC4,3,Lombardia,Lombardia,10060574,2932121,29.14,0.08
5061,2021-07-03,LOM,102515,51721,50794,44539,55866,2110,ITC,ITC4,3,Lombardia,Lombardia,10060574,3034636,30.16,1.02
5062,2021-03-25,LOM,43046,16096,26950,29252,12880,914,ITC,ITC4,3,Lombardia,Lombardia,10060574,3077682,30.59,0.43
5063,2021-08-29,LOM,25185,13529,11656,12725,11159,1301,ITC,ITC4,3,Lombardia,Lombardia,10060574,3102867,30.84,0.25
5064,2021-05-21,LOM,93934,45280,48654,28391,64782,761,ITC,ITC4,3,Lombardia,Lombardia,10060574,3196801,31.78,0.93
5065,2021-02-23,LOM,11834,4807,7027,11292,332,210,ITC,ITC4,3,Lombardia,Lombardia,10060574,3208635,31.89,0.12
5066,2021-08-08,LOM,58843,31957,26886,16683,41364,796,ITC,ITC4,3,Lombardia,Lombardia,10060574,3267478,32.48,0.58
5067,2021-08-25,LOM,44512,24043,20469,21653,19750,3109,ITC,ITC4,3,Lombardia,Lombardia,10060574,3311990,32.92,0.44
5068,2021-05-17,LOM,94693,45374,49319,29504,64440,749,ITC,ITC4,3,Lombardia,Lombardia,10060574,3406683,33.86,0.94
5069,2021-06-17,LOM,108659,52749,55910,50387,57093,1179,ITC,ITC4,3,Lombardia,Lombardia,10060574,3515342,34.94,1.08
5070,2021-03-09,LOM,33267,12882,20385,25250,7422,595,ITC,ITC4,3,Lombardia,Lombardia,10060574,3548609,35.27,0.33
5071,2021-08-13,LOM,53442,29605,23837,20519,31656,1267,ITC,ITC4,3,Lombardia,Lombardia,10060574,3602051,35.8,0.53
5072,2021-05-05,LOM,88123,42013,46110,70423,15360,2340,ITC,ITC4,3,Lombardia,Lombardia,10060574,3690174,36.68,0.88
5073,2021-07-01,LOM,105139,52893,52246,53342,49396,2401,ITC,ITC4,3,Lombardia,Lombardia,10060574,3795313,37.72,1.05
5074,2021-06-29,LOM,107316,53216,54100,57426,47881,2009,ITC,ITC4,3,Lombardia,Lombardia,10060574,3902629,38.79,1.07
5075,2021-03-21,LOM,23522,8499,15023,17725,5197,600,ITC,ITC4,3,Lombardia,Lombardia,10060574,3926151,39.03,0.23
5076,2021-02-13,LOM,6427,2445,3982,4887,1479,61,ITC,ITC4,3,Lombardia,Lombardia,10060574,3932578,39.09,0.06
5077,2021-07-17,LOM,108505,57294,51211,10219,97360,926,ITC,ITC4,3,Lombardia,Lombardia,10060574,4041083,40.17,1.08
5078,2021-01-13,LOM,26488,8102,18386,26463,0,25,ITC,ITC4,3,Lombardia,Lombardia,10060574,4067571,40.43,0.26
5079,2021-04-11,LOM,32228,13946,18282,24319,7397,512,ITC,ITC4,3,Lombardia,Lombardia,10060574,4099799,40.75,0.32
5080,2021-01-01,LOM,24,7,17,24,0,0,ITC,ITC4,3,Lombardia,Lombardia,10060574,4099823,40.75,0.0
5081,2021-06-07,LOM,99041,50446,48595,84033,13382,1626,ITC,ITC4,3,Lombardia,Lombardia,10060574,4198864,41.74,0.98
5082,2021-02-27,LOM,13955,5876,8079,13153,645,157,ITC,ITC4,3,Lombardia,Lombardia,10060574,4212819,41.87,0.14
5083,2020-12-30,LOM,115,42,73,115,0,0,ITC,ITC4,3,Lombardia,Lombardia,10060574,4212934,41.88,0.0
5084,2021-06-16,LOM,99373,50477,48896,49858,48362,1153,ITC,ITC4,3,Lombardia,Lombardia,10060574,4312307,42.86,0.99
5085,2021-07-29,LOM,74428,40430,33998,33778,38700,1950,ITC,ITC4,3,Lombardia,Lombardia,10060574,4386735,43.6,0.74
5086,2021-06-21,LOM,113381,58083,55298,78257,32952,2172,ITC,ITC4,3,Lombardia,Lombardia,10060574,4500116,44.73,1.13
5087,2021-06-02,LOM,84705,43614,41091,76987,6398,1320,ITC,ITC4,3,Lombardia,Lombardia,10060574,4584821,45.57,0.84
5088,2021-03-11,LOM,36278,13503,22775,25636,9954,688,ITC,ITC4,3,Lombardia,Lombardia,10060574,4621099,45.93,0.36
5089,2021-05-07,LOM,92468,43762,48706,67980,22464,2024,ITC,ITC4,3,Lombardia,Lombardia,10060574,4713567,46.85,0.92
5090,2021-03-18,LOM,27465,10982,16483,15939,11299,227,ITC,ITC4,3,Lombardia,Lombardia,10060574,4741032,47.12,0.27
5091,2021-08-22,LOM,18209,10164,8045,7601,10066,542,ITC,ITC4,3,Lombardia,Lombardia,10060574,4759241,47.31,0.18
5092,2021-08-03,LOM,85828,46539,39289,13482,71619,727,ITC,ITC4,3,Lombardia,Lombardia,10060574,4845069,48.16,0.85
5093,2021-04-25,LOM,51617,23664,27953,45521,4840,1256,ITC,ITC4,3,Lombardia,Lombardia,10060574,4896686,48.67,0.51
5094,2021-06-28,LOM,108097,55065,53032,74297,31191,2609,ITC,ITC4,3,Lombardia,Lombardia,10060574,5004783,49.75,1.07
5095,2021-07-15,LOM,109393,56280,53113,13384,94819,1190,ITC,ITC4,3,Lombardia,Lombardia,10060574,5114176,50.83,1.09
5096,2021-04-06,LOM,43102,17598,25504,24451,17957,694,ITC,ITC4,3,Lombardia,Lombardia,10060574,5157278,51.26,0.43
5097,2021-05-19,LOM,83305,39786,43519,33119,49374,812,ITC,ITC4,3,Lombardia,Lombardia,10060574,5240583,52.09,0.83
5098,2021-02-08,LOM,10134,2935,7199,2125,8001,8,ITC,ITC4,3,Lombardia,Lombardia,10060574,5250717,52.19,0.1
5099,2021-02-25,LOM,15359,6371,8988,13536,1623,200,ITC,ITC4,3,Lombardia,Lombardia,10060574,5266076,52.34,0.15
5100,2021-02-06,LOM,15310,5556,9754,1014,14291,5,ITC,ITC4,3,Lombardia,Lombardia,10060574,5281386,52.5,0.15
5101,2021-09-05,LOM,33263,18035,15228,12435,19471,1357,ITC,ITC4,3,Lombardia,Lombardia,10060574,5314649,52.83,0.33
5102,2021-03-04,LOM,29375,12135,17240,20066,9087,222,ITC,ITC4,3,Lombardia,Lombardia,10060574,5344024,53.12,0.29
5103,2021-03-30,LOM,39743,15636,24107,24259,14868,616,ITC,ITC4,3,Lombardia,Lombardia,10060574,5383767,53.51,0.4
5104,2021-01-06,LOM,7168,2532,4636,7162,0,6,ITC,ITC4,3,Lombardia,Lombardia,10060574,5390935,53.58,0.07
5105,2021-08-26,LOM,38674,20775,17899,20338,15543,2793,ITC,ITC4,3,Lombardia,Lombardia,10060574,5429609,53.97,0.38
5106,2021-05-18,LOM,88250,42173,46077,31857,55590,803,ITC,ITC4,3,Lombardia,Lombardia,10060574,5517859,54.85,0.88
5107,2021-06-04,LOM,104653,54323,50330,93203,9663,1787,ITC,ITC4,3,Lombardia,Lombardia,10060574,5622512,55.89,1.04
5108,2021-02-24,LOM,14728,5961,8767,13576,958,194,ITC,ITC4,3,Lombardia,Lombardia,10060574,5637240,56.03,0.15
5109,2021-05-16,LOM,68741,32518,36223,35547,32234,960,ITC,ITC4,3,Lombardia,Lombardia,10060574,5705981,56.72,0.68
5110,2021-02-05,LOM,25790,7494,18296,2428,23349,13,ITC,ITC4,3,Lombardia,Lombardia,10060574,5731771,56.97,0.26
5111,2021-02-22,LOM,11951,4823,7128,11441,310,200,ITC,ITC4,3,Lombardia,Lombardia,10060574,5743722,57.09,0.12
5112,2021-02-20,LOM,9373,3874,5499,8846,330,197,ITC,ITC4,3,Lombardia,Lombardia,10060574,5753095,57.18,0.09
5113,2021-04-18,LOM,36447,16244,20203,30527,5246,674,ITC,ITC4,3,Lombardia,Lombardia,10060574,5789542,57.55,0.36
5114,2021-01-08,LOM,12756,3940,8816,12745,0,11,ITC,ITC4,3,Lombardia,Lombardia,10060574,5802298,57.67,0.13
5115,2021-08-05,LOM,90294,49269,41025,15747,73755,792,ITC,ITC4,3,Lombardia,Lombardia,10060574,5892592,58.57,0.9
5116,2021-05-14,LOM,86049,41438,44611,53159,30369,2521,ITC,ITC4,3,Lombardia,Lombardia,10060574,5978641,59.43,0.86
5117,2021-07-10,LOM,107272,54303,52969,13914,92176,1182,ITC,ITC4,3,Lombardia,Lombardia,10060574,6085913,60.49,1.07
5118,2021-06-26,LOM,105931,55458,50473,77786,25742,2403,ITC,ITC4,3,Lombardia,Lombardia,10060574,6191844,61.55,1.05
5119,2021-02-10,LOM,14460,4527,9933,7568,6863,29,ITC,ITC4,3,Lombardia,Lombardia,10060574,6206304,61.69,0.14
5120,2021-02-03,LOM,25729,7954,17775,1078,24646,5,ITC,ITC4,3,Lombardia,Lombardia,10060574,6232033,61.95,0.26
5121,2021-04-01,LOM,43192,17319,25873,26086,16393,713,ITC,ITC4,3,Lombardia,Lombardia,10060574,6275225,62.37,0.43
5122,2021-01-15,LOM,25292,7457,17835,25240,0,52,ITC,ITC4,3,Lombardia,Lombardia,10060574,6300517,62.63,0.25
5123,2021-08-07,LOM,79726,43278,36448,16072,62846,808,ITC,ITC4,3,Lombardia,Lombardia,10060574,6380243,63.42,0.79
5124,2021-04-29,LOM,115671,53644,62027,83087,29912,2672,ITC,ITC4,3,Lombardia,Lombardia,10060574,6495914,64.57,1.15
5125,2021-06-25,LOM,108333,56258,52075,78361,27665,2307,ITC,ITC4,3,Lombardia,Lombardia,10060574,6604247,65.64,1.08
5126,2021-06-14,LOM,94880,48204,46676,49128,44634,1118,ITC,ITC4,3,Lombardia,Lombardia,10060574,6699127,66.59,0.94
5127,2021-08-17,LOM,33261,18411,14850,17407,14669,1185,ITC,ITC4,3,Lombardia,Lombardia,10060574,6732388,66.92,0.33
5128,2021-05-26,LOM,93785,44685,49100,42747,50148,890,ITC,ITC4,3,Lombardia,Lombardia,10060574,6826173,67.85,0.93
5129,2021-02-15,LOM,9060,3171,5889,8396,485,179,ITC,ITC4,3,Lombardia,Lombardia,10060574,6835233,67.94,0.09
5130,2021-07-24,LOM,95878,50656,45222,9741,85280,857,ITC,ITC4,3,Lombardia,Lombardia,10060574,6931111,68.89,0.95
5131,2021-08-10,LOM,61459,33264,28195,18705,41686,1068,ITC,ITC4,3,Lombardia,Lombardia,10060574,6992570,69.5,0.61
5132,2021-05-02,LOM,83537,38346,45191,59226,22479,1832,ITC,ITC4,3,Lombardia,Lombardia,10060574,7076107,70.34,0.83
5133,2021-07-22,LOM,99402,52036,47366,12508,85443,1451,ITC,ITC4,3,Lombardia,Lombardia,10060574,7175509,71.32,0.99
5134,2021-04-13,LOM,47693,21288,26405,32926,14108,659,ITC,ITC4,3,Lombardia,Lombardia,10060574,7223202,71.8,0.47
5135,2021-04-30,LOM,117552,54903,62649,87196,27682,2674,ITC,ITC4,3,Lombardia,Lombardia,10060574,7340754,72.97,1.17
5136,2021-01-20,LOM,5714,1392,4322,5594,115,5,ITC,ITC4,3,Lombardia,Lombardia,10060574,7346468,73.02,0.06
5137,2021-04-20,LOM,67718,30855,36863,55893,10360,1465,ITC,ITC4,3,Lombardia,Lombardia,10060574,7414186,73.7,0.67
5138,2021-01-10,LOM,10556,3982,6574,10547,0,9,ITC,ITC4,3,Lombardia,Lombardia,10060574,7424742,73.8,0.1
5139,2021-01-17,LOM,8361,3351,5010,8154,201,6,ITC,ITC4,3,Lombardia,Lombardia,10060574,7433103,73.88,0.08
5140,2021-06-23,LOM,111080,57463,53617,76684,32257,2139,ITC,ITC4,3,Lombardia,Lombardia,10060574,7544183,74.99,1.1
5141,2021-03-15,LOM,31632,11359,20273,22427,8582,623,ITC,ITC4,3,Lombardia,Lombardia,10060574,7575815,75.3,0.31
5142,2021-04-27,LOM,86119,40016,46103,67636,16611,1872,ITC,ITC4,3,Lombardia,Lombardia,10060574,7661934,76.16,0.86
5143,2021-09-06,LOM,56219,30292,25927,16473,37718,2028,ITC,ITC4,3,Lombardia,Lombardia,10060574,7718153,76.72,0.56
5144,2021-03-17,LOM,26340,10528,15812,15140,11040,160,ITC,ITC4,3,Lombardia,Lombardia,10060574,7744493,76.98,0.26
5145,2021-06-30,LOM,107001,53006,53995,56589,48290,2122,ITC,ITC4,3,Lombardia,Lombardia,10060574,7851494,78.04,1.06
5146,2021-03-22,LOM,40367,14315,26052,28949,10578,840,ITC,ITC4,3,Lombardia,Lombardia,10060574,7891861,78.44,0.4
5147,2021-04-08,LOM,52470,21797,30673,35301,16496,673,ITC,ITC4,3,Lombardia,Lombardia,10060574,7944331,78.96,0.52
5148,2020-12-29,LOM,106,45,61,106,0,0,ITC,ITC4,3,Lombardia,Lombardia,10060574,7944437,78.97,0.0
5149,2021-07-14,LOM,109446,56857,52589,14355,93684,1407,ITC,ITC4,3,Lombardia,Lombardia,10060574,8053883,80.05,1.09
5150,2021-07-31,LOM,71110,38777,32333,36368,32721,2021,ITC,ITC4,3,Lombardia,Lombardia,10060574,8124993,80.76,0.71
5151,2021-04-22,LOM,74073,33444,40629,56216,16443,1414,ITC,ITC4,3,Lombardia,Lombardia,10060574,8199066,81.5,0.74
5152,2021-03-03,LOM,27028,11532,15496,19491,7318,219,ITC,ITC4,3,Lombardia,Lombardia,10060574,8226094,81.77,0.27
5153,2021-01-22,LOM,3199,885,2314,3125,69,5,ITC,ITC4,3,Lombardia,Lombardia,10060574,8229293,81.8,0.03
5154,2021-07-07,LOM,112054,56170,55884,18002,92892,1160,ITC,ITC4,3,Lombardia,Lombardia,10060574,8341347,82.91,1.11
5155,2021-04-15,LOM,49489,21873,27616,34890,13840,759,ITC,ITC4,3,Lombardia,Lombardia,10060574,8390836,83.4,0.49
5156,2021-01-05,LOM,7876,2583,5293,7870,0,6,ITC,ITC4,3,Lombardia,Lombardia,10060574,8398712,83.48,0.08
5157,2021-03-27,LOM,32528,12412,20116,23115,8773,640,ITC,ITC4,3,Lombardia,Lombardia,10060574,8431240,83.8,0.32
5158,2021-01-03,LOM,857,316,541,856,0,1,ITC,ITC4,3,Lombardia,Lombardia,10060574,8432097,83.81,0.01
5159,2021-03-13,LOM,27232,9794,17438,20557,6120,555,ITC,ITC4,3,Lombardia,Lombardia,10060574,8459329,84.08,0.27
5160,2021-07-23,LOM,95527,50069,45458,11432,82839,1256,ITC,ITC4,3,Lombardia,Lombardia,10060574,8554856,85.03,0.95
5161,2021-08-09,LOM,68970,37029,31941,18636,49283,1051,ITC,ITC4,3,Lombardia,Lombardia,10060574,8623826,85.72,0.69
5162,2021-05-01,LOM,96108,43737,52371,65020,29323,1765,ITC,ITC4,3,Lombardia,Lombardia,10060574,8719934,86.67,0.96
5163,2021-01-21,LOM,5534,1612,3922,4821,696,17,ITC,ITC4,3,Lombardia,Lombardia,10060574,8725468,86.73,0.06
5164,2021-02-07,LOM,7321,2830,4491,335,6983,3,ITC,ITC4,3,Lombardia,Lombardia,10060574,8732789,86.8,0.07
5165,2021-01-19,LOM,8062,2332,5730,7579,469,14,ITC,ITC4,3,Lombardia,Lombardia,10060574,8740851,86.88,0.08
5166,2021-03-06,LOM,21363,9108,12255,16542,4519,302,ITC,ITC4,3,Lombardia,Lombardia,10060574,8762214,87.09,0.21
5167,2021-06-09,LOM,103742,52255,51487,87435,14581,1726,ITC,ITC4,3,Lombardia,Lombardia,10060574,8865956,88.13,1.03
5168,2021-03-08,LOM,29825,11212,18613,22168,7127,530,ITC,ITC4,3,Lombardia,Lombardia,10060574,8895781,88.42,0.3
5169,2021-05-04,LOM,86890,41100,45790,70265,14424,2201,ITC,ITC4,3,Lombardia,Lombardia,10060574,8982671,89.29,0.86
5170,2021-01-24,LOM,1202,458,744,538,664,0,ITC,ITC4,3,Lombardia,Lombardia,10060574,8983873,89.3,0.01
5171,2021-03-20,LOM,32612,12172,20440,22248,9860,504,ITC,ITC4,3,Lombardia,Lombardia,10060574,9016485,89.62,0.32
5172,2020-12-27,LOM,718,414,304,718,0,0,ITC,ITC4,3,Lombardia,Lombardia,10060574,9017203,89.63,0.01
5173,2021-08-02,LOM,83638,45307,38331,18337,64390,911,ITC,ITC4,3,Lombardia,Lombardia,10060574,9100841,90.46,0.83
5174,2021-05-09,LOM,69734,32896,36838,54429,13283,2022,ITC,ITC4,3,Lombardia,Lombardia,10060574,9170575,91.15,0.69
5175,2021-01-29,LOM,13549,4148,9401,686,12860,3,ITC,ITC4,3,Lombardia,Lombardia,10060574,9184124,91.29,0.13
5176,2021-06-13,LOM,76005,40567,35438,72283,2131,1591,ITC,ITC4,3,Lombardia,Lombardia,10060574,9260129,92.04,0.76
5177,2021-03-05,LOM,29005,11972,17033,20253,8444,308,ITC,ITC4,3,Lombardia,Lombardia,10060574,9289134,92.33,0.29
5178,2021-07-04,LOM,86773,43400,43373,40192,44623,1958,ITC,ITC4,3,Lombardia,Lombardia,10060574,9375907,93.19,0.86
5179,2021-08-30,LOM,71223,37840,33383,43170,22402,5651,ITC,ITC4,3,Lombardia,Lombardia,10060574,9447130,93.9,0.71
5180,2021-07-02,LOM,104038,52144,51894,48880,52955,2203,ITC,ITC4,3,Lombardia,Lombardia,10060574,9551168,94.94,1.03
5181,2021-03-24,LOM,43420,15679,27741,30472,12051,897,ITC,ITC4,3,Lombardia,Lombardia,10060574,9594588,95.37,0.43
5182,2021-02-09,LOM,12232,3336,8896,4027,8191,14,ITC,ITC4,3,Lombardia,Lombardia,10060574,9606820,95.49,0.12
5183,2021-06-22,LOM,111254,58106,53148,79175,29956,2123,ITC,ITC4,3,Lombardia,Lombardia,10060574,9718074,96.6,1.11
5184,2021-07-09,LOM,115783,59012,56771,11740,103158,885,ITC,ITC4,3,Lombardia,Lombardia,10060574,9833857,97.75,1.15
5185,2021-06-03,LOM,97205,49744,47461,84618,10918,1669,ITC,ITC4,3,Lombardia,Lombardia,10060574,9931062,98.71,0.97
5186,2021-08-11,LOM,61376,33586,27790,22450,37579,1347,ITC,ITC4,3,Lombardia,Lombardia,10060574,9992438,99.32,0.61
5187,2021-08-28,LOM,35007,19241,15766,17763,15040,2204,ITC,ITC4,3,Lombardia,Lombardia,10060574,10027445,99.67,0.35
5188,2021-05-20,LOM,95615,46244,49371,31716,63082,817,ITC,ITC4,3,Lombardia,Lombardia,10060574,10123060,100.62,0.95
5189,2021-06-01,LOM,94044,46132,47912,75803,17130,1111,ITC,ITC4,3,Lombardia,Lombardia,10060574,10217104,101.56,0.93
5190,2021-01-02,LOM,202,74,128,202,0,0,ITC,ITC4,3,Lombardia,Lombardia,10060574,10217306,101.56,0.0
5191,2021-06-08,LOM,102955,52319,50636,87172,14103,1680,ITC,ITC4,3,Lombardia,Lombardia,10060574,10320261,102.58,1.02
5192,2021-02-28,LOM,7886,3256,4630,7604,210,72,ITC,ITC4,3,Lombardia,Lombardia,10060574,10328147,102.66,0.08
5193,2021-08-04,LOM,90169,48831,41338,14479,75028,662,ITC,ITC4,3,Lombardia,Lombardia,10060574,10418316,103.56,0.9
5194,2021-04-26,LOM,88032,40949,47083,67032,19171,1829,ITC,ITC4,3,Lombardia,Lombardia,10060574,10506348,104.43,0.88
5195,2021-07-21,LOM,94009,48496,45513,8618,84528,863,ITC,ITC4,3,Lombardia,Lombardia,10060574,10600357,105.37,0.93
5196,2021-04-12,LOM,47349,20623,26726,32291,14407,651,ITC,ITC4,3,Lombardia,Lombardia,10060574,10647706,105.84,0.47
5197,2021-02-21,LOM,5055,1864,3191,4940,17,98,ITC,ITC4,3,Lombardia,Lombardia,10060574,10652761,105.89,0.05
5198,2021-07-28,LOM,77476,41740,35736,19136,56587,1753,ITC,ITC4,3,Lombardia,Lombardia,10060574,10730237,106.66,0.77
5199,2021-04-19,LOM,60407,27489,32918,49682,9420,1305,ITC,ITC4,3,Lombardia,Lombardia,10060574,10790644,107.26,0.6
5200,2021-06-15,LOM,96075,48894,47181,49023,45997,1055,ITC,ITC4,3,Lombardia,Lombardia,10060574,10886719,108.21,0.95
5201,2021-06-27,LOM,90952,46823,44129,69780,18871,2301,ITC,ITC4,3,Lombardia,Lombardia,10060574,10977671,109.12,0.9
5202,2021-03-19,LOM,32509,12949,19560,18921,13265,323,ITC,ITC4,3,Lombardia,Lombardia,10060574,11010180,109.44,0.32
5203,2021-09-04,LOM,45610,24707,20903,20530,22547,2533,ITC,ITC4,3,Lombardia,Lombardia,10060574,11055790,109.89,0.45
5204,2021-05-27,LOM,95019,45506,49513,40621,53607,791,ITC,ITC4,3,Lombardia,Lombardia,10060574,11150809,110.84,0.94
5205,2021-04-24,LOM,75867,33625,42242,53408,21164,1295,ITC,ITC4,3,Lombardia,Lombardia,10060574,11226676,111.59,0.75
5206,2021-01-14,LOM,26978,7823,19155,26926,0,52,ITC,ITC4,3,Lombardia,Lombardia,10060574,11253654,111.86,0.27
5207,2021-08-16,LOM,38935,21053,17882,16834,21056,1045,ITC,ITC4,3,Lombardia,Lombardia,10060574,11292589,112.25,0.39
5208,2021-05-08,LOM,87842,40791,47051,63434,22119,2289,ITC,ITC4,3,Lombardia,Lombardia,10060574,11380431,113.12,0.87
5209,2021-07-16,LOM,108926,56713,52213,11136,96627,1163,ITC,ITC4,3,Lombardia,Lombardia,10060574,11489357,114.2,1.08
5210,2021-04-07,LOM,50656,20951,29705,34082,15864,710,ITC,ITC4,3,Lombardia,Lombardia,10060574,11540013,114.71,0.5
5211,2021-06-20,LOM,89051,44377,44674,52809,35001,1241,ITC,ITC4,3,Lombardia,Lombardia,10060574,11629064,115.59,0.89
5212,2021-03-12,LOM,35333,12989,22344,24457,10256,620,ITC,ITC4,3,Lombardia,Lombardia,10060574,11664397,115.94,0.35
5213,2021-03-29,LOM,40074,15556,24518,24537,14859,678,ITC,ITC4,3,Lombardia,Lombardia,10060574,11704471,116.34,0.4
5214,2021-08-19,LOM,28964,15935,13029,14772,13069,1123,ITC,ITC4,3,Lombardia,Lombardia,10060574,11733435,116.63,0.29
5215,2021-05-11,LOM,86944,41458,45486,58212,26249,2483,ITC,ITC4,3,Lombardia,Lombardia,10060574,11820379,117.49,0.86
5216,2021-09-02,LOM,56467,30555,25912,25774,27695,2998,ITC,ITC4,3,Lombardia,Lombardia,10060574,11876846,118.05,0.56
5217,2021-05-28,LOM,93697,44881,48816,42038,50746,913,ITC,ITC4,3,Lombardia,Lombardia,10060574,11970543,118.98,0.93
5218,2021-02-17,LOM,12037,3779,8258,10447,1392,198,ITC,ITC4,3,Lombardia,Lombardia,10060574,11982580,119.1,0.12
5219,2021-06-11,LOM,101536,51720,49816,84941,14700,1895,ITC,ITC4,3,Lombardia,Lombardia,10060574,12084116,120.11,1.01
5220,2021-04-05,LOM,27391,11698,15693,19027,8109,255,ITC,ITC4,3,Lombardia,Lombardia,10060574,12111507,120.39,0.27
5221,2021-08-18,LOM,30904,17055,13849,17895,11639,1370,ITC,ITC4,3,Lombardia,Lombardia,10060574,12142411,120.69,0.31
5222,2021-01-31,LOM,9824,3813,6011,29,9795,0,ITC,ITC4,3,Lombardia,Lombardia,10060574,12152235,120.79,0.1
5223,2021-05-25,LOM,91224,43645,47579,43860,46540,824,ITC,ITC4,3,Lombardia,Lombardia,10060574,12243459,121.7,0.91
5224,2021-02-14,LOM,3586,1547,2039,2934,637,15,ITC,ITC4,3,Lombardia,Lombardia,10060574,12247045,121.73,0.04
5225,2021-01-12,LOM,20339,6745,13594,20308,0,31,ITC,ITC4,3,Lombardia,Lombardia,10060574,12267384,121.94,0.2
5226,2021-08-21,LOM,21329,11876,9453,9485,11072,772,ITC,ITC4,3,Lombardia,Lombardia,10060574,12288713,122.15,0.21
5227,2021-06-18,LOM,107724,52913,54811,51848,54635,1241,ITC,ITC4,3,Lombardia,Lombardia,10060574,12396437,123.22,1.07
5228,2021-08-14,LOM,26545,14888,11657,11133,14861,551,ITC,ITC4,3,Lombardia,Lombardia,10060574,12422982,123.48,0.26
5229,2021-03-01,LOM,18801,8236,10565,16889,1708,204,ITC,ITC4,3,Lombardia,Lombardia,10060574,12441783,123.67,0.19
5230,2021-08-23,LOM,57476,31494,25982,23769,30421,3286,ITC,ITC4,3,Lombardia,Lombardia,10060574,12499259,124.24,0.57
5231,2021-05-15,LOM,80991,38808,42183,45385,33445,2161,ITC,ITC4,3,Lombardia,Lombardia,10060574,12580250,125.05,0.81
5232,2021-07-11,LOM,90337,45701,44636,11765,77513,1059,ITC,ITC4,3,Lombardia,Lombardia,10060574,12670587,125.94,0.9
5233,2021-05-13,LOM,87232,41798,45434,55592,28900,2740,ITC,ITC4,3,Lombardia,Lombardia,10060574,12757819,126.81,0.87
5234,2021-02-02,LOM,20002,6646,13356,497,19502,3,ITC,ITC4,3,Lombardia,Lombardia,10060574,12777821,127.01,0.2
5235,2021-03-31,LOM,42271,17147,25124,26200,15386,685,ITC,ITC4,3,Lombardia,Lombardia,10060574,12820092,127.43,0.42
5236,2021-03-10,LOM,33366,12761,20605,24855,7909,602,ITC,ITC4,3,Lombardia,Lombardia,10060574,12853458,127.76,0.33
5237,2021-05-06,LOM,89956,42235,47721,70960,16581,2415,ITC,ITC4,3,Lombardia,Lombardia,10060574,12943414,128.65,0.89
5238,2021-01-26,LOM,8394,2718,5676,348,8045,1,ITC,ITC4,3,Lombardia,Lombardia,10060574,12951808,128.74,0.08
5239,2021-01-18,LOM,9267,2991,6276,8277,975,15,ITC,ITC4,3,Lombardia,Lombardia,10060574,12961075,128.83,0.09
5240,2021-03-23,LOM,42637,15492,27145,28864,12906,867,ITC,ITC4,3,Lombardia,Lombardia,10060574,13003712,129.25,0.42
5241,2021-08-24,LOM,47536,25868,21668,24446,19453,3637,ITC,ITC4,3,Lombardia,Lombardia,10060574,13051248,129.73,0.47
5242,2021-01-25,LOM,7125,2398,4727,514,6608,3,ITC,ITC4,3,Lombardia,Lombardia,10060574,13058373,129.8,0.07
5243,2021-02-01,LOM,16127,5339,10788,307,15818,2,ITC,ITC4,3,Lombardia,Lombardia,10060574,13074500,129.96,0.16
5244,2021-07-05,LOM,101936,49792,52144,31505,68540,1891,ITC,ITC4,3,Lombardia,Lombardia,10060574,13176436,130.97,1.01
5245,2021-08-31,LOM,62814,33487,29327,36689,21573,4552,ITC,ITC4,3,Lombardia,Lombardia,10060574,13239250,131.6,0.62
5246,2021-07-12,LOM,111884,57512,54372,14804,95941,1139,ITC,ITC4,3,Lombardia,Lombardia,10060574,13351134,132.71,1.11
5247,2021-04-03,LOM,36331,14901,21430,25790,10157,384,ITC,ITC4,3,Lombardia,Lombardia,10060574,13387465,133.07,0.36
5248,2021-05-30,LOM,74422,35612,38810,33793,40010,619,ITC,ITC4,3,Lombardia,Lombardia,10060574,13461887,133.81,0.74
5249,2021-07-26,LOM,109612,58918,50694,7715,101141,756,ITC,ITC4,3,Lombardia,Lombardia,10060574,13571499,134.9,1.09
5250,2021-05-23,LOM,60821,28965,31856,26297,34011,513,ITC,ITC4,3,Lombardia,Lombardia,10060574,13632320,135.5,0.6
5251,2021-02-12,LOM,14026,4389,9637,8886,4981,159,ITC,ITC4,3,Lombardia,Lombardia,10060574,13646346,135.64,0.14
5252,2021-07-19,LOM,96928,50319,46609,10806,85042,1080,ITC,ITC4,3,Lombardia,Lombardia,10060574,13743274,136.61,0.96
5253,2021-04-10,LOM,52821,21876,30945,40095,11976,750,ITC,ITC4,3,Lombardia,Lombardia,10060574,13796095,137.13,0.53
5254,2021-06-06,LOM,90137,46352,43785,79536,9222,1379,ITC,ITC4,3,Lombardia,Lombardia,10060574,13886232,138.03,0.9
5255,2021-01-07,LOM,11808,3657,8151,11767,0,41,ITC,ITC4,3,Lombardia,Lombardia,10060574,13898040,138.14,0.12
5256,2021-02-19,LOM,14230,5402,8828,13329,725,176,ITC,ITC4,3,Lombardia,Lombardia,10060574,13912270,138.29,0.14
5257,2021-04-17,LOM,48584,21332,27252,36981,10874,729,ITC,ITC4,3,Lombardia,Lombardia,10060574,13960854,138.77,0.48
5258,2021-02-26,LOM,18446,7572,10874,16331,1907,208,ITC,ITC4,3,Lombardia,Lombardia,10060574,13979300,138.95,0.18
5259,2021-07-30,LOM,73306,39802,33504,35095,36093,2118,ITC,ITC4,3,Lombardia,Lombardia,10060574,14052606,139.68,0.73
5260,2020-12-31,LOM,715,302,413,715,0,0,ITC,ITC4,3,Lombardia,Lombardia,10060574,14053321,139.69,0.01
