,data,area,Vaccinazioni giornaliere,sesso_maschile,sesso_femminile,Operatori sanitari - sociosanitari,Personale non sanitario,categoria_altro,Ospiti RSA,categoria_over80,categoria_forze_armate,categoria_personale_scolastico,prima_dose,seconda_dose,codice_NUTS1,codice_NUTS2,codice_regione_ISTAT,nome_area,Regione,popolazione,Totale vaccinazioni,Totale vaccinazioni ogni cento ab,Vaccinazioni giornaliere ogni cento ab
0,2021-01-03,TOS,3336,1052,2284,2565,9,0,762,0,0,0,3336,0,ITI,ITI1,9,Toscana,Toscana,3729641,3336,0.09,0.09
1,2021-02-06,TOS,4527,1550,2977,3725,574,1,227,0,0,0,1294,3233,ITI,ITI1,9,Toscana,Toscana,3729641,7863,0.21,0.12
2,2021-02-26,TOS,10064,3824,6240,1557,637,1070,298,1801,1138,3563,8858,1206,ITI,ITI1,9,Toscana,Toscana,3729641,17927,0.48,0.27
3,2021-01-22,TOS,2861,1063,1798,2022,81,0,758,0,0,0,525,2336,ITI,ITI1,9,Toscana,Toscana,3729641,20788,0.56,0.08
4,2021-02-12,TOS,7606,2683,4923,3742,380,2892,188,2,402,0,7393,213,ITI,ITI1,9,Toscana,Toscana,3729641,28394,0.76,0.2
5,2021-02-15,TOS,8770,3374,5396,4536,922,1106,216,56,794,1140,7945,825,ITI,ITI1,9,Toscana,Toscana,3729641,37164,1.0,0.24
6,2021-03-19,TOS,9986,4385,5601,639,439,3991,275,4594,13,35,7195,2791,ITI,ITI1,9,Toscana,Toscana,3729641,47150,1.26,0.27
7,2021-03-04,TOS,17495,6666,10829,2816,275,1397,274,8173,865,3695,14419,3076,ITI,ITI1,9,Toscana,Toscana,3729641,64645,1.73,0.47
8,2021-03-08,TOS,6344,2610,3734,4063,746,990,190,65,282,8,1525,4819,ITI,ITI1,9,Toscana,Toscana,3729641,70989,1.9,0.17
9,2021-01-17,TOS,2535,871,1664,2002,293,0,240,0,0,0,2022,513,ITI,ITI1,9,Toscana,Toscana,3729641,73524,1.97,0.07
10,2021-03-28,TOS,6110,2741,3369,38,15,5386,99,472,14,86,5856,254,ITI,ITI1,9,Toscana,Toscana,3729641,79634,2.14,0.16
11,2021-01-04,TOS,5064,1893,3171,4100,29,3,932,0,0,0,5064,0,ITI,ITI1,9,Toscana,Toscana,3729641,84698,2.27,0.14
12,2021-03-11,TOS,15407,5963,9444,2440,905,1373,270,10200,207,12,12090,3317,ITI,ITI1,9,Toscana,Toscana,3729641,100105,2.68,0.41
13,2021-03-03,TOS,18086,6451,11635,3318,496,662,135,9131,898,3446,14489,3597,ITI,ITI1,9,Toscana,Toscana,3729641,118191,3.17,0.48
14,2021-02-03,TOS,4221,1452,2769,3475,239,1,505,1,0,0,241,3980,ITI,ITI1,9,Toscana,Toscana,3729641,122412,3.28,0.11
15,2021-02-20,TOS,4641,1790,2851,3350,1038,0,203,17,15,18,4128,513,ITI,ITI1,9,Toscana,Toscana,3729641,127053,3.41,0.12
16,2021-01-19,TOS,1104,531,573,392,220,1,491,0,0,0,1104,0,ITI,ITI1,9,Toscana,Toscana,3729641,128157,3.44,0.03
17,2021-02-01,TOS,5505,1957,3548,4482,403,4,616,0,0,0,521,4984,ITI,ITI1,9,Toscana,Toscana,3729641,133662,3.58,0.15
18,2021-04-02,TOS,30705,12967,17738,290,52,11343,231,18675,108,6,23142,7563,ITI,ITI1,9,Toscana,Toscana,3729641,164367,4.41,0.82
19,2021-04-03,TOS,14697,6508,8189,101,34,9830,93,4616,10,13,13576,1121,ITI,ITI1,9,Toscana,Toscana,3729641,179064,4.8,0.39
20,2021-02-18,TOS,8817,3285,5532,2924,1447,64,230,214,796,3142,7923,894,ITI,ITI1,9,Toscana,Toscana,3729641,187881,5.04,0.24
21,2021-03-15,TOS,8313,3308,5005,3216,1248,709,403,36,420,2281,3870,4443,ITI,ITI1,9,Toscana,Toscana,3729641,196194,5.26,0.22
22,2021-03-18,TOS,9823,3910,5913,436,544,889,278,7666,7,3,5888,3935,ITI,ITI1,9,Toscana,Toscana,3729641,206017,5.52,0.26
23,2021-02-13,TOS,7784,2360,5424,3667,574,3193,163,0,186,1,7557,227,ITI,ITI1,9,Toscana,Toscana,3729641,213801,5.73,0.21
24,2021-02-25,TOS,10592,4286,6306,1078,421,1281,259,3212,1142,3199,9598,994,ITI,ITI1,9,Toscana,Toscana,3729641,224393,6.02,0.28
25,2021-04-05,TOS,15255,6814,8441,27,41,15079,0,71,2,35,14517,738,ITI,ITI1,9,Toscana,Toscana,3729641,239648,6.43,0.41
26,2021-01-15,TOS,3878,1347,2531,2758,674,2,444,0,0,0,3878,0,ITI,ITI1,9,Toscana,Toscana,3729641,243526,6.53,0.1
27,2021-01-23,TOS,3949,1354,2595,2936,170,2,841,0,0,0,640,3309,ITI,ITI1,9,Toscana,Toscana,3729641,247475,6.64,0.11
28,2021-01-21,TOS,1589,686,903,579,220,0,790,0,0,0,867,722,ITI,ITI1,9,Toscana,Toscana,3729641,249064,6.68,0.04
29,2021-03-22,TOS,4842,2401,2441,221,348,3433,381,9,135,315,4398,444,ITI,ITI1,9,Toscana,Toscana,3729641,253906,6.81,0.13
30,2021-04-08,TOS,7306,3120,4186,52,124,1483,53,5584,8,2,5427,1879,ITI,ITI1,9,Toscana,Toscana,3729641,261212,7.0,0.2
31,2021-03-30,TOS,16524,7313,9211,200,129,7869,247,7796,170,113,13004,3520,ITI,ITI1,9,Toscana,Toscana,3729641,277736,7.45,0.44
32,2021-01-24,TOS,3349,1073,2276,2602,35,2,709,1,0,0,201,3148,ITI,ITI1,9,Toscana,Toscana,3729641,281085,7.54,0.09
33,2021-03-25,TOS,23170,9924,13246,220,269,6174,394,15190,218,705,14934,8236,ITI,ITI1,9,Toscana,Toscana,3729641,304255,8.16,0.62
34,2021-03-02,TOS,10553,3774,6779,3170,431,598,131,1841,870,3512,7109,3444,ITI,ITI1,9,Toscana,Toscana,3729641,314808,8.44,0.28
35,2021-01-14,TOS,3254,1179,2075,2459,475,0,320,0,0,0,3254,0,ITI,ITI1,9,Toscana,Toscana,3729641,318062,8.53,0.09
36,2021-03-24,TOS,19376,7855,11521,219,323,4435,195,13221,210,773,10053,9323,ITI,ITI1,9,Toscana,Toscana,3729641,337438,9.05,0.52
37,2021-03-23,TOS,9020,4071,4949,300,302,4187,319,3435,139,338,6780,2240,ITI,ITI1,9,Toscana,Toscana,3729641,346458,9.29,0.24
38,2021-03-27,TOS,8690,4010,4680,111,56,6726,181,1383,35,198,8473,217,ITI,ITI1,9,Toscana,Toscana,3729641,355148,9.52,0.23
39,2021-02-24,TOS,10357,4460,5897,81,302,1267,301,4127,1331,2948,10160,197,ITI,ITI1,9,Toscana,Toscana,3729641,365505,9.8,0.28
40,2021-03-20,TOS,6428,2853,3575,885,552,4739,165,29,24,34,5293,1135,ITI,ITI1,9,Toscana,Toscana,3729641,371933,9.97,0.17
41,2021-02-05,TOS,5748,2244,3504,4121,1180,4,442,1,0,0,1924,3824,ITI,ITI1,9,Toscana,Toscana,3729641,377681,10.13,0.15
42,2021-02-02,TOS,3742,1475,2267,3021,283,4,422,6,6,0,195,3547,ITI,ITI1,9,Toscana,Toscana,3729641,381423,10.23,0.1
43,2021-02-11,TOS,5383,2021,3362,2809,284,1934,323,12,10,11,5141,242,ITI,ITI1,9,Toscana,Toscana,3729641,386806,10.37,0.14
44,2021-02-17,TOS,8175,3168,5007,3465,1122,51,249,218,584,2486,7424,751,ITI,ITI1,9,Toscana,Toscana,3729641,394981,10.59,0.22
45,2021-02-23,TOS,7721,3324,4397,1491,530,1041,204,509,1114,2832,7560,161,ITI,ITI1,9,Toscana,Toscana,3729641,402702,10.8,0.21
46,2021-03-07,TOS,5648,2356,3292,3103,511,586,123,15,536,774,2106,3542,ITI,ITI1,9,Toscana,Toscana,3729641,408350,10.95,0.15
47,2021-01-13,TOS,4063,1398,2665,3308,348,2,405,0,0,0,4063,0,ITI,ITI1,9,Toscana,Toscana,3729641,412413,11.06,0.11
48,2021-02-28,TOS,1649,667,982,1111,201,1,78,0,249,9,922,727,ITI,ITI1,9,Toscana,Toscana,3729641,414062,11.1,0.04
49,2021-01-31,TOS,3049,1129,1920,2465,133,2,448,1,0,0,106,2943,ITI,ITI1,9,Toscana,Toscana,3729641,417111,11.18,0.08
50,2021-04-01,TOS,25774,10614,15160,213,99,1548,272,23498,138,6,15539,10235,ITI,ITI1,9,Toscana,Toscana,3729641,442885,11.87,0.69
51,2021-02-21,TOS,5104,2089,3015,3666,1219,0,195,2,13,9,4935,169,ITI,ITI1,9,Toscana,Toscana,3729641,447989,12.01,0.14
52,2021-01-16,TOS,3271,1046,2225,2493,538,0,240,0,0,0,3271,0,ITI,ITI1,9,Toscana,Toscana,3729641,451260,12.1,0.09
53,2021-02-04,TOS,4251,1594,2657,3166,623,1,456,5,0,0,961,3290,ITI,ITI1,9,Toscana,Toscana,3729641,455511,12.21,0.11
54,2021-03-26,TOS,20083,9020,11063,249,303,8008,192,10861,137,333,14454,5629,ITI,ITI1,9,Toscana,Toscana,3729641,475594,12.75,0.54
55,2021-04-06,TOS,21125,9321,11804,765,370,13369,99,4768,131,1623,17590,3535,ITI,ITI1,9,Toscana,Toscana,3729641,496719,13.32,0.57
56,2020-12-30,TOS,327,104,223,34,10,0,283,0,0,0,327,0,ITI,ITI1,9,Toscana,Toscana,3729641,497046,13.33,0.01
57,2021-03-14,TOS,7167,2561,4606,3106,798,452,122,2,211,2476,3230,3937,ITI,ITI1,9,Toscana,Toscana,3729641,504213,13.52,0.19
58,2021-02-09,TOS,4488,1468,3020,3583,386,2,513,4,0,0,3877,611,ITI,ITI1,9,Toscana,Toscana,3729641,508701,13.64,0.12
59,2021-03-16,TOS,4866,1863,3003,1551,424,670,124,2069,12,16,2631,2235,ITI,ITI1,9,Toscana,Toscana,3729641,513567,13.77,0.13
60,2021-03-17,TOS,11258,4521,6737,363,272,877,189,9553,2,2,6780,4478,ITI,ITI1,9,Toscana,Toscana,3729641,524825,14.07,0.3
61,2021-02-14,TOS,8993,2567,6426,3033,549,5064,81,0,261,5,8883,110,ITI,ITI1,9,Toscana,Toscana,3729641,533818,14.31,0.24
62,2021-02-16,TOS,9268,3338,5930,5084,952,30,178,10,691,2323,8557,711,ITI,ITI1,9,Toscana,Toscana,3729641,543086,14.56,0.25
63,2021-04-04,TOS,13872,6587,7285,14,8,13784,0,11,3,52,13629,243,ITI,ITI1,9,Toscana,Toscana,3729641,556958,14.93,0.37
64,2021-03-01,TOS,4381,1667,2714,3192,593,10,137,3,421,25,741,3640,ITI,ITI1,9,Toscana,Toscana,3729641,561339,15.05,0.12
65,2021-01-09,TOS,4485,1596,2889,3780,143,1,560,1,0,0,4485,0,ITI,ITI1,9,Toscana,Toscana,3729641,565824,15.17,0.12
66,2021-01-07,TOS,6018,1751,4267,5308,29,1,680,0,0,0,6018,0,ITI,ITI1,9,Toscana,Toscana,3729641,571842,15.33,0.16
67,2021-03-31,TOS,31778,12741,19037,272,84,4740,232,22353,398,3699,19953,11825,ITI,ITI1,9,Toscana,Toscana,3729641,603620,16.18,0.85
68,2021-01-10,TOS,3001,1104,1897,2432,134,4,431,0,0,0,3001,0,ITI,ITI1,9,Toscana,Toscana,3729641,606621,16.26,0.08
69,2021-01-20,TOS,1331,637,694,435,255,1,640,0,0,0,1083,248,ITI,ITI1,9,Toscana,Toscana,3729641,607952,16.3,0.04
70,2021-01-28,TOS,6282,1883,4399,5427,64,2,788,1,0,0,354,5928,ITI,ITI1,9,Toscana,Toscana,3729641,614234,16.47,0.17
71,2021-04-07,TOS,10028,4428,5600,134,197,4787,40,4839,29,2,7936,2092,ITI,ITI1,9,Toscana,Toscana,3729641,624262,16.74,0.27
72,2021-01-11,TOS,5094,1691,3403,4362,209,1,522,0,0,0,5094,0,ITI,ITI1,9,Toscana,Toscana,3729641,629356,16.87,0.14
73,2021-03-09,TOS,10587,4089,6498,4806,905,1179,180,3292,214,11,5035,5552,ITI,ITI1,9,Toscana,Toscana,3729641,639943,17.16,0.28
74,2021-02-27,TOS,1944,723,1221,1352,311,3,132,1,126,19,1042,902,ITI,ITI1,9,Toscana,Toscana,3729641,641887,17.21,0.05
75,2021-01-02,TOS,3497,1097,2400,2682,15,0,800,0,0,0,3497,0,ITI,ITI1,9,Toscana,Toscana,3729641,645384,17.3,0.09
76,2021-01-25,TOS,5125,1896,3229,4159,54,2,909,1,0,0,249,4876,ITI,ITI1,9,Toscana,Toscana,3729641,650509,17.44,0.14
77,2021-03-13,TOS,9268,3292,5976,2833,1156,953,62,180,344,3740,5314,3954,ITI,ITI1,9,Toscana,Toscana,3729641,659777,17.69,0.25
78,2021-01-18,TOS,1119,636,483,430,313,1,375,0,0,0,1021,98,ITI,ITI1,9,Toscana,Toscana,3729641,660896,17.72,0.03
79,2021-02-22,TOS,9817,4253,5564,3484,1390,889,315,22,1014,2703,9539,278,ITI,ITI1,9,Toscana,Toscana,3729641,670713,17.98,0.26
80,2021-02-10,TOS,4263,1280,2983,3536,239,2,485,0,1,0,3739,524,ITI,ITI1,9,Toscana,Toscana,3729641,674976,18.1,0.11
81,2021-01-27,TOS,4835,1572,3263,4019,73,1,742,0,0,0,207,4628,ITI,ITI1,9,Toscana,Toscana,3729641,679811,18.23,0.13
82,2021-01-06,TOS,4519,1459,3060,3984,9,1,525,0,0,0,4519,0,ITI,ITI1,9,Toscana,Toscana,3729641,684330,18.35,0.12
83,2021-03-29,TOS,9208,4460,4748,227,101,8328,199,20,133,200,8885,323,ITI,ITI1,9,Toscana,Toscana,3729641,693538,18.6,0.25
84,2021-02-07,TOS,2806,953,1853,2349,299,1,157,0,0,0,885,1921,ITI,ITI1,9,Toscana,Toscana,3729641,696344,18.67,0.08
85,2021-01-01,TOS,2370,788,1582,1716,2,0,650,2,0,0,2370,0,ITI,ITI1,9,Toscana,Toscana,3729641,698714,18.73,0.06
86,2021-01-08,TOS,5944,1641,4303,5360,36,3,545,0,0,0,5944,0,ITI,ITI1,9,Toscana,Toscana,3729641,704658,18.89,0.16
87,2021-03-05,TOS,16401,6299,10102,3921,926,1485,170,5208,819,3872,11661,4740,ITI,ITI1,9,Toscana,Toscana,3729641,721059,19.33,0.44
88,2021-01-05,TOS,5243,1754,3489,4354,9,2,878,0,0,0,5243,0,ITI,ITI1,9,Toscana,Toscana,3729641,726302,19.47,0.14
89,2021-01-12,TOS,3581,1398,2183,2944,282,1,354,0,0,0,3581,0,ITI,ITI1,9,Toscana,Toscana,3729641,729883,19.57,0.1
90,2021-02-08,TOS,4095,1358,2737,3373,343,2,377,0,0,0,3636,459,ITI,ITI1,9,Toscana,Toscana,3729641,733978,19.68,0.11
91,2021-01-30,TOS,4620,1622,2998,3763,218,1,638,0,0,0,197,4423,ITI,ITI1,9,Toscana,Toscana,3729641,738598,19.8,0.12
92,2021-02-19,TOS,8302,2953,5349,2968,1207,28,245,154,580,3120,7795,507,ITI,ITI1,9,Toscana,Toscana,3729641,746900,20.03,0.22
93,2021-01-26,TOS,5393,1792,3601,4358,81,3,951,0,0,0,219,5174,ITI,ITI1,9,Toscana,Toscana,3729641,752293,20.17,0.14
94,2021-03-06,TOS,7096,2839,4257,3804,482,1132,145,30,357,1146,2905,4191,ITI,ITI1,9,Toscana,Toscana,3729641,759389,20.36,0.19
95,2020-12-31,TOS,805,202,603,97,10,0,698,0,0,0,805,0,ITI,ITI1,9,Toscana,Toscana,3729641,760194,20.38,0.02
96,2021-01-29,TOS,6136,1698,4438,5375,138,1,622,0,0,0,302,5834,ITI,ITI1,9,Toscana,Toscana,3729641,766330,20.55,0.16
97,2021-03-12,TOS,16311,6096,10215,2611,954,995,191,6939,696,3925,12786,3525,ITI,ITI1,9,Toscana,Toscana,3729641,782641,20.98,0.44
98,2021-03-21,TOS,3231,1574,1657,660,791,1677,77,8,6,12,1798,1433,ITI,ITI1,9,Toscana,Toscana,3729641,785872,21.07,0.09
99,2020-12-27,TOS,620,267,353,460,10,137,13,0,0,0,620,0,ITI,ITI1,9,Toscana,Toscana,3729641,786492,21.09,0.02
100,2021-03-10,TOS,17860,7005,10855,3005,850,1384,270,12123,214,14,13854,4006,ITI,ITI1,9,Toscana,Toscana,3729641,804352,21.57,0.48
101,2021-01-29,BAS,612,228,384,397,38,107,70,0,0,0,63,549,ITF,ITF5,17,Basilicata,Basilicata,559084,612,0.11,0.11
102,2021-03-28,BAS,2141,742,1399,92,0,72,1,1264,1,711,2121,20,ITF,ITF5,17,Basilicata,Basilicata,559084,2753,0.49,0.38
103,2021-02-24,BAS,1803,743,1060,85,9,20,2,1686,1,0,1734,69,ITF,ITF5,17,Basilicata,Basilicata,559084,4556,0.81,0.32
104,2021-03-20,BAS,1286,566,720,45,68,47,0,943,5,178,275,1011,ITF,ITF5,17,Basilicata,Basilicata,559084,5842,1.04,0.23
105,2021-04-06,BAS,1394,478,916,205,0,233,1,342,26,587,1198,196,ITF,ITF5,17,Basilicata,Basilicata,559084,7236,1.29,0.25
106,2021-02-07,BAS,373,159,214,259,25,49,40,0,0,0,49,324,ITF,ITF5,17,Basilicata,Basilicata,559084,7609,1.36,0.07
107,2021-03-03,BAS,1740,813,927,191,252,161,99,590,203,244,1184,556,ITF,ITF5,17,Basilicata,Basilicata,559084,9349,1.67,0.31
108,2021-04-04,BAS,530,211,319,7,0,30,0,406,0,87,117,413,ITF,ITF5,17,Basilicata,Basilicata,559084,9879,1.77,0.09
109,2021-01-17,BAS,328,133,195,233,11,30,54,0,0,0,327,1,ITF,ITF5,17,Basilicata,Basilicata,559084,10207,1.83,0.06
110,2021-03-19,BAS,2284,988,1296,58,75,37,0,1950,22,142,261,2023,ITF,ITF5,17,Basilicata,Basilicata,559084,12491,2.23,0.41
111,2021-03-10,BAS,1650,814,836,101,46,64,33,877,256,273,811,839,ITF,ITF5,17,Basilicata,Basilicata,559084,14141,2.53,0.3
112,2021-01-26,BAS,793,350,443,622,70,66,35,0,0,0,101,692,ITF,ITF5,17,Basilicata,Basilicata,559084,14934,2.67,0.14
113,2021-01-31,BAS,77,24,53,75,2,0,0,0,0,0,0,77,ITF,ITF5,17,Basilicata,Basilicata,559084,15011,2.68,0.01
114,2021-03-08,BAS,1450,707,743,221,126,126,38,410,256,273,840,610,ITF,ITF5,17,Basilicata,Basilicata,559084,16461,2.94,0.26
115,2021-03-06,BAS,1350,534,816,296,118,52,57,383,185,259,756,594,ITF,ITF5,17,Basilicata,Basilicata,559084,17811,3.19,0.24
116,2021-01-22,BAS,67,24,43,6,0,60,0,1,0,0,67,0,ITF,ITF5,17,Basilicata,Basilicata,559084,17878,3.2,0.01
117,2021-02-10,BAS,547,237,310,176,95,58,127,90,0,1,495,52,ITF,ITF5,17,Basilicata,Basilicata,559084,18425,3.3,0.1
118,2021-03-27,BAS,2024,747,1277,17,0,99,0,1530,0,378,1710,314,ITF,ITF5,17,Basilicata,Basilicata,559084,20449,3.66,0.36
119,2021-03-25,BAS,1716,574,1142,38,0,110,0,910,22,636,1404,312,ITF,ITF5,17,Basilicata,Basilicata,559084,22165,3.96,0.31
120,2021-03-16,BAS,1899,799,1100,103,27,31,0,1671,5,62,228,1671,ITF,ITF5,17,Basilicata,Basilicata,559084,24064,4.3,0.34
121,2021-01-09,BAS,557,160,397,386,52,51,67,0,0,1,557,0,ITF,ITF5,17,Basilicata,Basilicata,559084,24621,4.4,0.1
122,2021-02-15,BAS,621,232,389,191,93,44,46,246,1,0,580,41,ITF,ITF5,17,Basilicata,Basilicata,559084,25242,4.51,0.11
123,2021-01-21,BAS,30,10,20,0,0,30,0,0,0,0,30,0,ITF,ITF5,17,Basilicata,Basilicata,559084,25272,4.52,0.01
124,2021-02-23,BAS,1901,771,1130,159,24,25,35,1658,0,0,1763,138,ITF,ITF5,17,Basilicata,Basilicata,559084,27173,4.86,0.34
125,2021-03-13,BAS,1794,888,906,82,292,66,46,864,231,213,749,1045,ITF,ITF5,17,Basilicata,Basilicata,559084,28967,5.18,0.32
126,2021-02-09,BAS,491,213,278,200,225,12,54,0,0,0,316,175,ITF,ITF5,17,Basilicata,Basilicata,559084,29458,5.27,0.09
127,2021-02-26,BAS,2148,904,1244,88,93,12,1,1954,0,0,2069,79,ITF,ITF5,17,Basilicata,Basilicata,559084,31606,5.65,0.38
128,2021-01-25,BAS,1020,427,593,828,80,111,1,0,0,0,74,946,ITF,ITF5,17,Basilicata,Basilicata,559084,32626,5.84,0.18
129,2021-03-21,BAS,1045,480,565,32,0,51,0,803,0,159,352,693,ITF,ITF5,17,Basilicata,Basilicata,559084,33671,6.02,0.19
130,2021-03-05,BAS,1849,855,994,298,123,104,72,689,254,309,1104,745,ITF,ITF5,17,Basilicata,Basilicata,559084,35520,6.35,0.33
131,2021-01-07,BAS,640,319,321,556,8,47,29,0,0,0,640,0,ITF,ITF5,17,Basilicata,Basilicata,559084,36160,6.47,0.11
132,2021-03-14,BAS,1008,477,531,41,110,13,8,516,71,249,539,469,ITF,ITF5,17,Basilicata,Basilicata,559084,37168,6.65,0.18
133,2021-02-12,BAS,775,332,443,288,138,63,90,190,6,0,744,31,ITF,ITF5,17,Basilicata,Basilicata,559084,37943,6.79,0.14
134,2021-01-27,BAS,411,175,236,299,16,70,26,0,0,0,113,298,ITF,ITF5,17,Basilicata,Basilicata,559084,38354,6.86,0.07
135,2021-01-02,BAS,949,380,569,855,39,52,0,0,0,3,949,0,ITF,ITF5,17,Basilicata,Basilicata,559084,39303,7.03,0.17
136,2021-01-05,BAS,945,409,536,861,38,46,0,0,0,0,945,0,ITF,ITF5,17,Basilicata,Basilicata,559084,40248,7.2,0.17
137,2021-03-17,BAS,1448,606,842,22,11,18,0,1390,5,2,27,1421,ITF,ITF5,17,Basilicata,Basilicata,559084,41696,7.46,0.26
138,2021-01-20,BAS,84,22,62,0,0,84,0,0,0,0,84,0,ITF,ITF5,17,Basilicata,Basilicata,559084,41780,7.47,0.02
139,2021-03-09,BAS,1391,706,685,222,47,48,33,545,258,238,787,604,ITF,ITF5,17,Basilicata,Basilicata,559084,43171,7.72,0.25
140,2021-03-23,BAS,1189,490,699,48,0,30,0,814,20,277,1082,107,ITF,ITF5,17,Basilicata,Basilicata,559084,44360,7.93,0.21
141,2020-12-27,BAS,106,41,65,104,0,2,0,0,0,0,106,0,ITF,ITF5,17,Basilicata,Basilicata,559084,44466,7.95,0.02
142,2021-03-02,BAS,791,381,410,110,23,55,5,184,201,213,656,135,ITF,ITF5,17,Basilicata,Basilicata,559084,45257,8.09,0.14
143,2021-02-11,BAS,951,401,550,200,95,74,107,471,4,0,868,83,ITF,ITF5,17,Basilicata,Basilicata,559084,46208,8.26,0.17
144,2021-04-03,BAS,1796,748,1048,38,1,339,0,1102,4,312,1461,335,ITF,ITF5,17,Basilicata,Basilicata,559084,48004,8.59,0.32
145,2021-03-29,BAS,2680,984,1696,68,0,154,0,1780,4,674,2342,338,ITF,ITF5,17,Basilicata,Basilicata,559084,50684,9.07,0.48
146,2021-01-12,BAS,217,88,129,87,22,9,99,0,0,0,217,0,ITF,ITF5,17,Basilicata,Basilicata,559084,50901,9.1,0.04
147,2021-01-23,BAS,707,299,408,592,38,76,1,0,0,0,33,674,ITF,ITF5,17,Basilicata,Basilicata,559084,51608,9.23,0.13
148,2021-01-14,BAS,969,413,556,504,110,32,323,0,0,0,969,0,ITF,ITF5,17,Basilicata,Basilicata,559084,52577,9.4,0.17
149,2021-03-07,BAS,882,308,574,39,12,6,4,328,22,471,844,38,ITF,ITF5,17,Basilicata,Basilicata,559084,53459,9.56,0.16
150,2021-01-18,BAS,463,157,306,364,51,3,45,0,0,0,364,99,ITF,ITF5,17,Basilicata,Basilicata,559084,53922,9.64,0.08
151,2021-04-07,BAS,1237,526,711,251,0,398,0,76,8,504,1207,30,ITF,ITF5,17,Basilicata,Basilicata,559084,55159,9.87,0.22
152,2021-02-13,BAS,799,313,486,279,125,79,115,199,2,0,738,61,ITF,ITF5,17,Basilicata,Basilicata,559084,55958,10.01,0.14
153,2021-03-24,BAS,1540,625,915,67,0,62,0,951,43,417,1187,353,ITF,ITF5,17,Basilicata,Basilicata,559084,57498,10.28,0.28
154,2021-04-02,BAS,2307,1042,1265,97,0,447,0,1728,10,25,1700,607,ITF,ITF5,17,Basilicata,Basilicata,559084,59805,10.7,0.41
155,2021-01-24,BAS,834,299,535,706,46,81,1,0,0,0,58,776,ITF,ITF5,17,Basilicata,Basilicata,559084,60639,10.85,0.15
156,2021-02-06,BAS,902,367,535,546,115,72,168,0,0,1,146,756,ITF,ITF5,17,Basilicata,Basilicata,559084,61541,11.01,0.16
157,2021-03-22,BAS,1172,529,643,46,49,38,0,638,16,385,626,546,ITF,ITF5,17,Basilicata,Basilicata,559084,62713,11.22,0.21
158,2021-01-15,BAS,813,350,463,578,21,40,174,0,0,0,813,0,ITF,ITF5,17,Basilicata,Basilicata,559084,63526,11.36,0.15
159,2021-04-08,BAS,407,189,218,137,0,179,0,15,13,63,402,5,ITF,ITF5,17,Basilicata,Basilicata,559084,63933,11.44,0.07
160,2021-01-11,BAS,183,66,117,107,15,20,41,0,0,0,183,0,ITF,ITF5,17,Basilicata,Basilicata,559084,64116,11.47,0.03
161,2021-01-28,BAS,903,401,502,717,24,80,81,1,0,0,119,784,ITF,ITF5,17,Basilicata,Basilicata,559084,65019,11.63,0.16
162,2021-03-11,BAS,1783,919,864,163,63,99,77,905,253,223,824,959,ITF,ITF5,17,Basilicata,Basilicata,559084,66802,11.95,0.32
163,2021-03-04,BAS,1872,889,983,217,107,136,66,842,263,241,1079,793,ITF,ITF5,17,Basilicata,Basilicata,559084,68674,12.28,0.33
164,2021-02-20,BAS,1160,530,630,77,170,31,80,802,0,0,1043,117,ITF,ITF5,17,Basilicata,Basilicata,559084,69834,12.49,0.21
165,2021-04-05,BAS,437,166,271,2,0,25,0,338,1,71,135,302,ITF,ITF5,17,Basilicata,Basilicata,559084,70271,12.57,0.08
166,2021-02-14,BAS,151,48,103,55,12,1,65,18,0,0,151,0,ITF,ITF5,17,Basilicata,Basilicata,559084,70422,12.6,0.03
167,2021-02-19,BAS,1622,737,885,219,356,19,66,962,0,0,1560,62,ITF,ITF5,17,Basilicata,Basilicata,559084,72044,12.89,0.29
168,2021-03-26,BAS,1884,688,1196,194,0,64,0,1150,1,475,1622,262,ITF,ITF5,17,Basilicata,Basilicata,559084,73928,13.22,0.34
169,2021-01-08,BAS,554,219,335,383,30,82,59,0,0,0,554,0,ITF,ITF5,17,Basilicata,Basilicata,559084,74482,13.32,0.1
170,2021-02-01,BAS,242,91,151,156,24,14,48,0,0,0,46,196,ITF,ITF5,17,Basilicata,Basilicata,559084,74724,13.37,0.04
171,2021-01-04,BAS,607,271,336,550,45,10,0,0,0,2,607,0,ITF,ITF5,17,Basilicata,Basilicata,559084,75331,13.47,0.11
172,2021-04-01,BAS,2825,1145,1680,79,0,273,0,2174,11,288,2111,714,ITF,ITF5,17,Basilicata,Basilicata,559084,78156,13.98,0.51
173,2021-01-16,BAS,721,304,417,466,17,75,161,0,0,2,721,0,ITF,ITF5,17,Basilicata,Basilicata,559084,78877,14.11,0.13
174,2021-03-12,BAS,1896,975,921,266,61,48,37,985,241,258,798,1098,ITF,ITF5,17,Basilicata,Basilicata,559084,80773,14.45,0.34
175,2021-01-19,BAS,199,84,115,78,48,29,44,0,0,0,199,0,ITF,ITF5,17,Basilicata,Basilicata,559084,80972,14.48,0.04
176,2021-02-16,BAS,905,377,528,250,90,5,67,492,1,0,807,98,ITF,ITF5,17,Basilicata,Basilicata,559084,81877,14.64,0.16
177,2021-02-27,BAS,1986,856,1130,103,123,61,21,1678,0,0,1822,164,ITF,ITF5,17,Basilicata,Basilicata,559084,83863,15.0,0.36
178,2021-01-06,BAS,294,129,165,229,9,20,36,0,0,0,294,0,ITF,ITF5,17,Basilicata,Basilicata,559084,84157,15.05,0.05
179,2021-03-01,BAS,540,279,261,121,50,79,4,169,67,50,376,164,ITF,ITF5,17,Basilicata,Basilicata,559084,84697,15.15,0.1
180,2021-02-17,BAS,1135,493,642,123,42,27,57,884,1,1,1059,76,ITF,ITF5,17,Basilicata,Basilicata,559084,85832,15.35,0.2
181,2021-02-04,BAS,1092,440,652,636,106,69,281,0,0,0,63,1029,ITF,ITF5,17,Basilicata,Basilicata,559084,86924,15.55,0.2
182,2021-02-18,BAS,1070,401,669,270,55,19,150,576,0,0,855,215,ITF,ITF5,17,Basilicata,Basilicata,559084,87994,15.74,0.19
183,2021-03-31,BAS,3238,1288,1950,68,0,257,0,2664,18,231,2454,784,ITF,ITF5,17,Basilicata,Basilicata,559084,91232,16.32,0.58
184,2021-03-18,BAS,1346,561,785,30,0,10,0,1306,0,0,22,1324,ITF,ITF5,17,Basilicata,Basilicata,559084,92578,16.56,0.24
185,2021-02-21,BAS,284,113,171,16,1,1,11,254,0,1,284,0,ITF,ITF5,17,Basilicata,Basilicata,559084,92862,16.61,0.05
186,2021-02-25,BAS,1787,736,1051,67,2,12,0,1705,1,0,1741,46,ITF,ITF5,17,Basilicata,Basilicata,559084,94649,16.93,0.32
187,2021-02-28,BAS,802,342,460,32,0,30,0,740,0,0,774,28,ITF,ITF5,17,Basilicata,Basilicata,559084,95451,17.07,0.14
188,2021-02-22,BAS,1790,773,1017,125,18,68,2,1577,0,0,1737,53,ITF,ITF5,17,Basilicata,Basilicata,559084,97241,17.39,0.32
189,2021-02-08,BAS,557,193,364,436,49,23,49,0,0,0,151,406,ITF,ITF5,17,Basilicata,Basilicata,559084,97798,17.49,0.1
190,2021-01-30,BAS,703,226,477,424,81,72,126,0,0,0,127,576,ITF,ITF5,17,Basilicata,Basilicata,559084,98501,17.62,0.13
191,2021-01-03,BAS,900,344,556,790,45,63,0,0,0,2,900,0,ITF,ITF5,17,Basilicata,Basilicata,559084,99401,17.78,0.16
192,2021-02-03,BAS,666,300,366,425,15,54,172,0,0,0,32,634,ITF,ITF5,17,Basilicata,Basilicata,559084,100067,17.9,0.12
193,2021-01-10,BAS,77,24,53,9,2,66,0,0,0,0,77,0,ITF,ITF5,17,Basilicata,Basilicata,559084,100144,17.91,0.01
194,2021-03-30,BAS,2896,1180,1716,37,0,148,0,2192,7,512,2551,345,ITF,ITF5,17,Basilicata,Basilicata,559084,103040,18.43,0.52
195,2021-02-05,BAS,983,443,540,611,36,145,191,0,0,0,64,919,ITF,ITF5,17,Basilicata,Basilicata,559084,104023,18.61,0.18
196,2021-03-15,BAS,2347,981,1366,78,26,20,0,1934,23,266,520,1827,ITF,ITF5,17,Basilicata,Basilicata,559084,106370,19.03,0.42
197,2021-02-02,BAS,365,141,224,212,15,36,102,0,0,0,175,190,ITF,ITF5,17,Basilicata,Basilicata,559084,106735,19.09,0.07
198,2021-01-13,BAS,916,387,529,699,11,57,148,0,0,1,916,0,ITF,ITF5,17,Basilicata,Basilicata,559084,107651,19.25,0.16
199,2021-03-03,PUG,16454,6603,9851,1986,453,384,192,5930,807,6702,14633,1821,ITF,ITF4,16,Puglia,Puglia,4029053,16454,0.41,0.41
200,2021-01-13,PUG,4537,1729,2808,3972,310,23,230,0,0,2,4537,0,ITF,ITF4,16,Puglia,Puglia,4029053,20991,0.52,0.11
201,2021-03-07,PUG,4910,1937,2973,930,48,135,2,1621,323,1851,4340,570,ITF,ITF4,16,Puglia,Puglia,4029053,25901,0.64,0.12
202,2021-02-23,PUG,9331,4411,4920,1776,309,157,169,5506,398,1016,8858,473,ITF,ITF4,16,Puglia,Puglia,4029053,35232,0.87,0.23
203,2021-03-08,PUG,14579,6044,8535,2098,526,545,204,6747,522,3937,12202,2377,ITF,ITF4,16,Puglia,Puglia,4029053,49811,1.24,0.36
204,2021-01-09,PUG,4870,2245,2625,4318,246,55,246,4,0,1,4870,0,ITF,ITF4,16,Puglia,Puglia,4029053,54681,1.36,0.12
205,2021-01-21,PUG,2129,903,1226,1429,166,7,527,0,0,0,1270,859,ITF,ITF4,16,Puglia,Puglia,4029053,56810,1.41,0.05
206,2021-01-22,PUG,1408,578,830,877,150,5,373,2,0,1,991,417,ITF,ITF4,16,Puglia,Puglia,4029053,58218,1.44,0.03
207,2021-02-10,PUG,3603,1425,2178,2491,247,0,864,0,0,1,2122,1481,ITF,ITF4,16,Puglia,Puglia,4029053,61821,1.53,0.09
208,2021-02-15,PUG,3252,1267,1985,2249,518,23,452,1,6,3,2632,620,ITF,ITF4,16,Puglia,Puglia,4029053,65073,1.62,0.08
209,2021-03-19,PUG,7880,3630,4250,1758,211,216,69,5303,64,259,3342,4538,ITF,ITF4,16,Puglia,Puglia,4029053,72953,1.81,0.2
210,2021-03-29,PUG,12457,5801,6656,1520,334,1318,173,7877,134,1101,5761,6696,ITF,ITF4,16,Puglia,Puglia,4029053,85410,2.12,0.31
211,2021-03-21,PUG,2669,1219,1450,462,15,103,13,1778,14,284,566,2103,ITF,ITF4,16,Puglia,Puglia,4029053,88079,2.19,0.07
212,2021-01-24,PUG,1668,749,919,1286,231,0,150,1,0,0,152,1516,ITF,ITF4,16,Puglia,Puglia,4029053,89747,2.23,0.04
213,2021-03-05,PUG,17012,6773,10239,2302,570,619,273,5231,1022,6995,14851,2161,ITF,ITF4,16,Puglia,Puglia,4029053,106759,2.65,0.42
214,2021-01-30,PUG,5526,2513,3013,4750,323,25,419,3,0,6,412,5114,ITF,ITF4,16,Puglia,Puglia,4029053,112285,2.79,0.14
215,2021-03-15,PUG,11671,5574,6097,2075,522,292,115,7632,353,682,5189,6482,ITF,ITF4,16,Puglia,Puglia,4029053,123956,3.08,0.29
216,2021-01-14,PUG,4063,1586,2477,3179,368,15,499,0,0,2,4063,0,ITF,ITF4,16,Puglia,Puglia,4029053,128019,3.18,0.1
217,2021-03-13,PUG,10062,3958,6104,2158,228,143,129,3856,226,3322,8339,1723,ITF,ITF4,16,Puglia,Puglia,4029053,138081,3.43,0.25
218,2021-03-17,PUG,10190,4659,5531,1791,427,214,62,7598,33,65,4089,6101,ITF,ITF4,16,Puglia,Puglia,4029053,148271,3.68,0.25
219,2021-02-12,PUG,4098,1629,2469,2937,440,11,690,5,10,5,3008,1090,ITF,ITF4,16,Puglia,Puglia,4029053,152369,3.78,0.1
220,2021-03-20,PUG,7928,3598,4330,1422,67,233,54,5309,35,808,3353,4575,ITF,ITF4,16,Puglia,Puglia,4029053,160297,3.98,0.2
221,2021-01-28,PUG,5466,2271,3195,4783,316,37,327,0,0,3,474,4992,ITF,ITF4,16,Puglia,Puglia,4029053,165763,4.11,0.14
222,2021-02-26,PUG,13607,4980,8627,2125,621,191,286,5125,602,4657,12582,1025,ITF,ITF4,16,Puglia,Puglia,4029053,179370,4.45,0.34
223,2021-01-04,PUG,4503,2012,2491,4371,84,36,11,0,0,1,4503,0,ITF,ITF4,16,Puglia,Puglia,4029053,183873,4.56,0.11
224,2021-03-02,PUG,16273,6034,10239,1395,371,687,113,4287,1256,8164,14968,1305,ITF,ITF4,16,Puglia,Puglia,4029053,200146,4.97,0.4
225,2021-01-27,PUG,4576,1928,2648,3933,222,23,396,0,0,2,611,3965,ITF,ITF4,16,Puglia,Puglia,4029053,204722,5.08,0.11
226,2021-01-19,PUG,1221,452,769,531,113,0,577,0,0,0,1211,10,ITF,ITF4,16,Puglia,Puglia,4029053,205943,5.11,0.03
227,2021-04-07,PUG,12581,5595,6986,1012,181,3055,72,7856,69,336,6319,6262,ITF,ITF4,16,Puglia,Puglia,4029053,218524,5.42,0.31
228,2021-01-23,PUG,3037,1292,1745,2524,174,30,308,0,0,1,886,2151,ITF,ITF4,16,Puglia,Puglia,4029053,221561,5.5,0.08
229,2021-03-18,PUG,9067,4103,4964,1738,409,205,195,6391,39,90,2973,6094,ITF,ITF4,16,Puglia,Puglia,4029053,230628,5.72,0.23
230,2021-01-29,PUG,6191,2658,3533,5469,341,89,288,1,0,3,437,5754,ITF,ITF4,16,Puglia,Puglia,4029053,236819,5.88,0.15
231,2021-02-24,PUG,10009,4689,5320,1923,415,274,117,6359,365,556,9420,589,ITF,ITF4,16,Puglia,Puglia,4029053,246828,6.13,0.25
232,2021-02-13,PUG,3722,1453,2269,2883,507,12,291,4,18,7,3029,693,ITF,ITF4,16,Puglia,Puglia,4029053,250550,6.22,0.09
233,2021-04-02,PUG,11556,5322,6234,859,170,2456,208,7138,103,622,7054,4502,ITF,ITF4,16,Puglia,Puglia,4029053,262106,6.51,0.29
234,2021-01-01,PUG,146,60,86,145,1,0,0,0,0,0,146,0,ITF,ITF4,16,Puglia,Puglia,4029053,262252,6.51,0.0
235,2021-01-12,PUG,4204,1766,2438,3630,339,11,218,1,0,5,4204,0,ITF,ITF4,16,Puglia,Puglia,4029053,266456,6.61,0.1
236,2021-02-03,PUG,5031,2002,3029,4366,469,9,184,0,0,3,730,4301,ITF,ITF4,16,Puglia,Puglia,4029053,271487,6.74,0.12
237,2021-04-08,PUG,3219,1461,1758,193,36,370,25,2551,14,30,1618,1601,ITF,ITF4,16,Puglia,Puglia,4029053,274706,6.82,0.08
238,2021-01-18,PUG,1844,770,1074,1182,210,6,446,0,0,0,1495,349,ITF,ITF4,16,Puglia,Puglia,4029053,276550,6.86,0.05
239,2021-01-06,PUG,3943,1664,2279,3313,218,39,373,0,0,0,3943,0,ITF,ITF4,16,Puglia,Puglia,4029053,280493,6.96,0.1
240,2021-03-04,PUG,15008,5850,9158,1527,405,512,322,4728,1231,6283,13631,1377,ITF,ITF4,16,Puglia,Puglia,4029053,295501,7.33,0.37
241,2020-12-31,PUG,1635,782,853,1549,33,6,44,0,0,3,1635,0,ITF,ITF4,16,Puglia,Puglia,4029053,297136,7.37,0.04
242,2021-03-06,PUG,15778,5891,9887,2102,359,374,71,5358,479,7035,13812,1966,ITF,ITF4,16,Puglia,Puglia,4029053,312914,7.77,0.39
243,2021-02-09,PUG,3837,1568,2269,2532,651,17,622,9,0,6,2165,1672,ITF,ITF4,16,Puglia,Puglia,4029053,316751,7.86,0.1
244,2021-01-25,PUG,3820,1677,2143,3473,156,19,169,2,0,1,422,3398,ITF,ITF4,16,Puglia,Puglia,4029053,320571,7.96,0.09
245,2021-02-11,PUG,3693,1401,2292,2568,389,11,723,0,0,2,2417,1276,ITF,ITF4,16,Puglia,Puglia,4029053,324264,8.05,0.09
246,2021-03-09,PUG,13139,5738,7401,1862,494,389,225,5622,1006,3541,11145,1994,ITF,ITF4,16,Puglia,Puglia,4029053,337403,8.37,0.33
247,2021-02-18,PUG,4367,1842,2525,2701,913,56,680,5,10,2,3764,603,ITF,ITF4,16,Puglia,Puglia,4029053,341770,8.48,0.11
248,2021-04-03,PUG,9067,3876,5191,910,88,2484,122,4921,12,530,5854,3213,ITF,ITF4,16,Puglia,Puglia,4029053,350837,8.71,0.23
249,2021-03-27,PUG,11574,5467,6107,955,172,1855,65,7101,58,1368,6732,4842,ITF,ITF4,16,Puglia,Puglia,4029053,362411,8.99,0.29
250,2021-01-08,PUG,5575,2336,3239,4851,356,37,328,0,0,3,5575,0,ITF,ITF4,16,Puglia,Puglia,4029053,367986,9.13,0.14
251,2021-03-01,PUG,15039,5836,9203,1965,482,427,83,6118,819,5145,13672,1367,ITF,ITF4,16,Puglia,Puglia,4029053,383025,9.51,0.37
252,2021-04-05,PUG,12089,5898,6191,51,18,11163,0,827,7,23,11626,463,ITF,ITF4,16,Puglia,Puglia,4029053,395114,9.81,0.3
253,2021-01-11,PUG,3749,1587,2162,3217,318,34,175,0,3,2,3749,0,ITF,ITF4,16,Puglia,Puglia,4029053,398863,9.9,0.09
254,2021-01-20,PUG,1549,543,1006,783,125,13,628,0,0,0,1541,8,ITF,ITF4,16,Puglia,Puglia,4029053,400412,9.94,0.04
255,2021-01-02,PUG,2947,1299,1648,2827,64,29,23,0,0,4,2947,0,ITF,ITF4,16,Puglia,Puglia,4029053,403359,10.01,0.07
256,2021-02-21,PUG,2171,472,1699,537,24,61,49,32,12,1456,2110,61,ITF,ITF4,16,Puglia,Puglia,4029053,405530,10.07,0.05
257,2021-01-16,PUG,2510,1033,1477,1685,299,7,518,0,0,1,2510,0,ITF,ITF4,16,Puglia,Puglia,4029053,408040,10.13,0.06
258,2021-02-02,PUG,4332,1839,2493,3622,377,13,317,0,0,3,592,3740,ITF,ITF4,16,Puglia,Puglia,4029053,412372,10.23,0.11
259,2021-03-11,PUG,14313,6164,8149,2898,753,444,515,5223,804,3676,11210,3103,ITF,ITF4,16,Puglia,Puglia,4029053,426685,10.59,0.36
260,2021-01-15,PUG,4551,1865,2686,3599,337,50,558,0,3,4,4551,0,ITF,ITF4,16,Puglia,Puglia,4029053,431236,10.7,0.11
261,2021-04-01,PUG,12801,5866,6935,1190,276,2167,173,7800,163,1032,6471,6330,ITF,ITF4,16,Puglia,Puglia,4029053,444037,11.02,0.32
262,2021-01-10,PUG,2347,1060,1287,2037,101,7,202,0,0,0,2347,0,ITF,ITF4,16,Puglia,Puglia,4029053,446384,11.08,0.06
263,2021-03-30,PUG,11295,5307,5988,1319,217,1673,198,6822,115,951,5444,5851,ITF,ITF4,16,Puglia,Puglia,4029053,457679,11.36,0.28
264,2020-12-30,PUG,1,0,1,1,0,0,0,0,0,0,1,0,ITF,ITF4,16,Puglia,Puglia,4029053,457680,11.36,0.0
265,2021-01-26,PUG,5360,2397,2963,4848,241,38,232,1,0,0,574,4786,ITF,ITF4,16,Puglia,Puglia,4029053,463040,11.49,0.13
266,2021-03-25,PUG,10650,5161,5489,1253,315,925,53,7062,386,656,4503,6147,ITF,ITF4,16,Puglia,Puglia,4029053,473690,11.76,0.26
267,2021-02-07,PUG,1549,659,890,1037,219,4,288,0,0,1,252,1297,ITF,ITF4,16,Puglia,Puglia,4029053,475239,11.8,0.04
268,2021-01-05,PUG,5098,2245,2853,4745,153,93,98,5,0,4,5098,0,ITF,ITF4,16,Puglia,Puglia,4029053,480337,11.92,0.13
269,2021-01-31,PUG,1808,825,983,1502,103,1,198,2,0,2,73,1735,ITF,ITF4,16,Puglia,Puglia,4029053,482145,11.97,0.04
270,2021-04-04,PUG,5798,2887,2911,43,4,5413,0,285,15,38,5792,6,ITF,ITF4,16,Puglia,Puglia,4029053,487943,12.11,0.14
271,2021-02-28,PUG,5885,1786,4099,559,119,88,26,1484,194,3415,5699,186,ITF,ITF4,16,Puglia,Puglia,4029053,493828,12.26,0.15
272,2021-03-26,PUG,11306,5289,6017,1607,496,978,287,6343,254,1341,6667,4639,ITF,ITF4,16,Puglia,Puglia,4029053,505134,12.54,0.28
273,2020-12-27,PUG,506,249,257,403,2,38,63,0,0,0,506,0,ITF,ITF4,16,Puglia,Puglia,4029053,505640,12.55,0.01
274,2021-02-17,PUG,4263,1742,2521,2453,1170,40,598,1,0,1,3666,597,ITF,ITF4,16,Puglia,Puglia,4029053,509903,12.66,0.11
275,2021-03-23,PUG,10352,4963,5389,1851,307,641,51,6049,464,989,3897,6455,ITF,ITF4,16,Puglia,Puglia,4029053,520255,12.91,0.26
276,2021-03-24,PUG,12718,5864,6854,1875,427,706,119,7806,244,1541,5644,7074,ITF,ITF4,16,Puglia,Puglia,4029053,532973,13.23,0.32
277,2021-02-16,PUG,3379,1451,1928,2133,727,83,414,4,16,2,2733,646,ITF,ITF4,16,Puglia,Puglia,4029053,536352,13.31,0.08
278,2021-03-14,PUG,3279,1411,1868,953,63,141,84,997,42,999,2513,766,ITF,ITF4,16,Puglia,Puglia,4029053,539631,13.39,0.08
279,2021-02-01,PUG,3961,1657,2304,3444,279,21,208,0,4,5,375,3586,ITF,ITF4,16,Puglia,Puglia,4029053,543592,13.49,0.1
280,2021-03-12,PUG,13751,6042,7709,3278,908,412,431,4893,886,2943,9827,3924,ITF,ITF4,16,Puglia,Puglia,4029053,557343,13.83,0.34
281,2021-02-20,PUG,2961,1076,1885,2113,194,50,168,8,4,424,2705,256,ITF,ITF4,16,Puglia,Puglia,4029053,560304,13.91,0.07
282,2021-01-07,PUG,5712,2453,3259,5215,246,30,217,0,1,3,5712,0,ITF,ITF4,16,Puglia,Puglia,4029053,566016,14.05,0.14
283,2021-02-22,PUG,9615,4523,5092,1432,434,274,140,6801,215,319,9284,331,ITF,ITF4,16,Puglia,Puglia,4029053,575631,14.29,0.24
284,2021-02-08,PUG,3990,1608,2382,2957,569,48,389,1,25,1,1597,2393,ITF,ITF4,16,Puglia,Puglia,4029053,579621,14.39,0.1
285,2021-02-05,PUG,5628,2270,3358,4566,494,33,526,0,3,6,1331,4297,ITF,ITF4,16,Puglia,Puglia,4029053,585249,14.53,0.14
286,2021-03-22,PUG,9287,4535,4752,604,187,495,11,6741,208,1041,3674,5613,ITF,ITF4,16,Puglia,Puglia,4029053,594536,14.76,0.23
287,2021-02-27,PUG,14103,4777,9326,1586,549,160,181,5111,345,6171,12924,1179,ITF,ITF4,16,Puglia,Puglia,4029053,608639,15.11,0.35
288,2021-01-17,PUG,1308,590,718,823,148,1,336,0,0,0,1239,69,ITF,ITF4,16,Puglia,Puglia,4029053,609947,15.14,0.03
289,2021-03-31,PUG,13378,6094,7284,1763,382,1821,122,8294,187,809,7893,5485,ITF,ITF4,16,Puglia,Puglia,4029053,623325,15.47,0.33
290,2021-02-04,PUG,5897,2356,3541,4426,624,189,652,0,0,6,1167,4730,ITF,ITF4,16,Puglia,Puglia,4029053,629222,15.62,0.15
291,2021-02-06,PUG,4514,1917,2597,3496,483,4,528,0,0,3,1593,2921,ITF,ITF4,16,Puglia,Puglia,4029053,633736,15.73,0.11
292,2021-02-19,PUG,4729,2009,2720,3040,981,260,390,2,49,7,4339,390,ITF,ITF4,16,Puglia,Puglia,4029053,638465,15.85,0.12
293,2021-02-14,PUG,784,348,436,681,32,0,70,0,0,1,662,122,ITF,ITF4,16,Puglia,Puglia,4029053,639249,15.87,0.02
294,2021-03-16,PUG,9572,4564,5008,2162,517,314,76,6404,61,38,3241,6331,ITF,ITF4,16,Puglia,Puglia,4029053,648821,16.1,0.24
295,2021-01-03,PUG,2006,943,1063,1816,33,11,145,0,0,1,2006,0,ITF,ITF4,16,Puglia,Puglia,4029053,650827,16.15,0.05
296,2021-02-25,PUG,11883,5033,6850,1723,525,331,419,5781,725,2379,10727,1156,ITF,ITF4,16,Puglia,Puglia,4029053,662710,16.45,0.29
297,2021-03-28,PUG,3280,1543,1737,589,49,696,13,1811,3,119,1070,2210,ITF,ITF4,16,Puglia,Puglia,4029053,665990,16.53,0.08
298,2021-04-06,PUG,12328,5478,6850,688,175,3022,124,8051,61,207,5821,6507,ITF,ITF4,16,Puglia,Puglia,4029053,678318,16.84,0.31
299,2021-03-10,PUG,14359,6225,8134,2596,907,343,355,6479,601,3078,11244,3115,ITF,ITF4,16,Puglia,Puglia,4029053,692677,17.19,0.36
300,2021-03-29,ABR,5625,2524,3101,463,1,1296,42,3593,35,195,2985,2640,ITF,ITF1,13,Abruzzo,Abruzzo,1304970,5625,0.43,0.43
301,2021-03-19,ABR,5795,2584,3211,755,28,432,118,4398,51,13,2774,3021,ITF,ITF1,13,Abruzzo,Abruzzo,1304970,11420,0.88,0.44
302,2021-02-15,ABR,1796,831,965,625,30,457,221,217,246,0,1754,42,ITF,ITF1,13,Abruzzo,Abruzzo,1304970,13216,1.01,0.14
303,2021-03-01,ABR,3489,1392,2097,698,29,264,174,1914,128,282,2725,764,ITF,ITF1,13,Abruzzo,Abruzzo,1304970,16705,1.28,0.27
304,2020-12-27,ABR,37,19,18,34,0,1,2,0,0,0,37,0,ITF,ITF1,13,Abruzzo,Abruzzo,1304970,16742,1.28,0.0
305,2021-01-21,ABR,157,47,110,10,4,2,141,0,0,0,157,0,ITF,ITF1,13,Abruzzo,Abruzzo,1304970,16899,1.29,0.01
306,2021-03-28,ABR,2417,1018,1399,247,0,883,1,877,234,175,2045,372,ITF,ITF1,13,Abruzzo,Abruzzo,1304970,19316,1.48,0.19
307,2021-03-08,ABR,5127,1669,3458,1190,30,477,112,1019,104,2195,4153,974,ITF,ITF1,13,Abruzzo,Abruzzo,1304970,24443,1.87,0.39
308,2021-03-31,ABR,6655,2882,3773,446,5,2615,77,3255,12,245,4587,2068,ITF,ITF1,13,Abruzzo,Abruzzo,1304970,31098,2.38,0.51
309,2021-03-10,ABR,4951,1640,3311,736,29,426,242,1519,127,1872,3994,957,ITF,ITF1,13,Abruzzo,Abruzzo,1304970,36049,2.76,0.38
310,2021-03-03,ABR,4629,1883,2746,1222,6,577,36,1587,346,855,3723,906,ITF,ITF1,13,Abruzzo,Abruzzo,1304970,40678,3.12,0.35
311,2021-01-17,ABR,187,59,128,136,13,38,0,0,0,0,180,7,ITF,ITF1,13,Abruzzo,Abruzzo,1304970,40865,3.13,0.01
312,2021-02-07,ABR,777,307,470,646,6,124,1,0,0,0,201,576,ITF,ITF1,13,Abruzzo,Abruzzo,1304970,41642,3.19,0.06
313,2021-02-21,ABR,1221,551,670,2,0,4,3,1210,2,0,1220,1,ITF,ITF1,13,Abruzzo,Abruzzo,1304970,42863,3.28,0.09
314,2021-01-03,ABR,471,185,286,464,0,7,0,0,0,0,471,0,ITF,ITF1,13,Abruzzo,Abruzzo,1304970,43334,3.32,0.04
315,2021-03-17,ABR,4545,1876,2669,285,26,187,144,3875,17,11,2802,1743,ITF,ITF1,13,Abruzzo,Abruzzo,1304970,47879,3.67,0.35
316,2021-02-28,ABR,1707,511,1196,23,0,34,0,79,149,1422,1705,2,ITF,ITF1,13,Abruzzo,Abruzzo,1304970,49586,3.8,0.13
317,2021-01-23,ABR,264,114,150,224,0,14,26,0,0,0,57,207,ITF,ITF1,13,Abruzzo,Abruzzo,1304970,49850,3.82,0.02
318,2021-02-09,ABR,908,311,597,612,56,109,131,0,0,0,499,409,ITF,ITF1,13,Abruzzo,Abruzzo,1304970,50758,3.89,0.07
319,2021-02-04,ABR,1681,616,1065,1168,47,409,57,0,0,0,609,1072,ITF,ITF1,13,Abruzzo,Abruzzo,1304970,52439,4.02,0.13
320,2021-02-23,ABR,2784,1274,1510,324,22,401,215,1436,286,100,2773,11,ITF,ITF1,13,Abruzzo,Abruzzo,1304970,55223,4.23,0.21
321,2021-03-04,ABR,5937,2359,3578,1171,14,521,93,2992,328,818,5015,922,ITF,ITF1,13,Abruzzo,Abruzzo,1304970,61160,4.69,0.45
322,2021-04-06,ABR,7685,3580,4105,433,7,4773,44,2340,34,54,5365,2320,ITF,ITF1,13,Abruzzo,Abruzzo,1304970,68845,5.28,0.59
323,2021-03-22,ABR,4399,1959,2440,385,8,800,50,2578,136,442,2429,1970,ITF,ITF1,13,Abruzzo,Abruzzo,1304970,73244,5.61,0.34
324,2021-02-26,ABR,3920,1671,2249,1025,13,552,160,1651,257,262,2951,969,ITF,ITF1,13,Abruzzo,Abruzzo,1304970,77164,5.91,0.3
325,2021-02-12,ABR,968,319,649,438,11,209,310,0,0,0,779,189,ITF,ITF1,13,Abruzzo,Abruzzo,1304970,78132,5.99,0.07
326,2021-03-23,ABR,4852,2210,2642,180,25,505,183,3353,206,400,2283,2569,ITF,ITF1,13,Abruzzo,Abruzzo,1304970,82984,6.36,0.37
327,2021-03-06,ABR,4174,1354,2820,432,24,344,52,1748,15,1559,3604,570,ITF,ITF1,13,Abruzzo,Abruzzo,1304970,87158,6.68,0.32
328,2021-01-12,ABR,1804,666,1138,1470,42,292,0,0,0,0,1804,0,ITF,ITF1,13,Abruzzo,Abruzzo,1304970,88962,6.82,0.14
329,2021-01-22,ABR,118,57,61,2,1,3,112,0,0,0,118,0,ITF,ITF1,13,Abruzzo,Abruzzo,1304970,89080,6.83,0.01
330,2021-01-24,ABR,50,22,28,49,0,1,0,0,0,0,6,44,ITF,ITF1,13,Abruzzo,Abruzzo,1304970,89130,6.83,0.0
331,2021-01-31,ABR,1502,488,1014,1154,85,160,103,0,0,0,287,1215,ITF,ITF1,13,Abruzzo,Abruzzo,1304970,90632,6.95,0.12
332,2021-01-27,ABR,1364,515,849,1301,1,62,0,0,0,0,39,1325,ITF,ITF1,13,Abruzzo,Abruzzo,1304970,91996,7.05,0.1
333,2021-03-09,ABR,5170,1795,3375,988,21,507,84,1320,204,2046,4231,939,ITF,ITF1,13,Abruzzo,Abruzzo,1304970,97166,7.45,0.4
334,2021-03-21,ABR,2135,913,1222,9,0,47,1,1919,29,130,844,1291,ITF,ITF1,13,Abruzzo,Abruzzo,1304970,99301,7.61,0.16
335,2021-03-05,ABR,5262,1938,3324,561,10,447,108,2582,202,1352,4564,698,ITF,ITF1,13,Abruzzo,Abruzzo,1304970,104563,8.01,0.4
336,2021-03-18,ABR,3896,1651,2245,281,2,284,3,3297,22,7,2065,1831,ITF,ITF1,13,Abruzzo,Abruzzo,1304970,108459,8.31,0.3
337,2021-02-13,ABR,845,383,462,549,25,199,72,0,0,0,437,408,ITF,ITF1,13,Abruzzo,Abruzzo,1304970,109304,8.38,0.06
338,2021-02-24,ABR,3304,1440,1864,391,17,324,247,1968,226,131,3128,176,ITF,ITF1,13,Abruzzo,Abruzzo,1304970,112608,8.63,0.25
339,2021-01-29,ABR,1386,449,937,1290,2,94,0,0,0,0,74,1312,ITF,ITF1,13,Abruzzo,Abruzzo,1304970,113994,8.74,0.11
340,2021-01-04,ABR,1401,575,826,1396,0,5,0,0,0,0,1401,0,ITF,ITF1,13,Abruzzo,Abruzzo,1304970,115395,8.84,0.11
341,2021-03-11,ABR,5429,2190,3239,1327,39,519,241,1539,199,1565,4290,1139,ITF,ITF1,13,Abruzzo,Abruzzo,1304970,120824,9.26,0.42
342,2021-01-25,ABR,1604,633,971,1584,0,20,0,0,0,0,20,1584,ITF,ITF1,13,Abruzzo,Abruzzo,1304970,122428,9.38,0.12
343,2021-02-17,ABR,2077,952,1125,512,27,215,394,718,210,1,1794,283,ITF,ITF1,13,Abruzzo,Abruzzo,1304970,124505,9.54,0.16
344,2021-03-20,ABR,4733,2159,2574,318,15,509,60,3650,84,97,2569,2164,ITF,ITF1,13,Abruzzo,Abruzzo,1304970,129238,9.9,0.36
345,2021-01-20,ABR,447,156,291,147,1,95,204,0,0,0,445,2,ITF,ITF1,13,Abruzzo,Abruzzo,1304970,129685,9.94,0.03
346,2021-02-27,ABR,2809,1337,1472,253,23,162,123,732,642,874,2543,266,ITF,ITF1,13,Abruzzo,Abruzzo,1304970,132494,10.15,0.22
347,2021-02-20,ABR,4782,1843,2939,310,7,563,192,1417,406,1887,4706,76,ITF,ITF1,13,Abruzzo,Abruzzo,1304970,137276,10.52,0.37
348,2021-01-10,ABR,1139,409,730,1091,0,48,0,0,0,0,1139,0,ITF,ITF1,13,Abruzzo,Abruzzo,1304970,138415,10.61,0.09
349,2021-04-05,ABR,2696,1150,1546,136,1,1167,3,1368,5,16,1816,880,ITF,ITF1,13,Abruzzo,Abruzzo,1304970,141111,10.81,0.21
350,2021-02-01,ABR,1632,573,1059,1384,34,213,1,0,0,0,271,1361,ITF,ITF1,13,Abruzzo,Abruzzo,1304970,142743,10.94,0.13
351,2021-03-14,ABR,1895,733,1162,8,0,150,0,1488,0,249,1228,667,ITF,ITF1,13,Abruzzo,Abruzzo,1304970,144638,11.08,0.15
352,2021-03-27,ABR,6119,2619,3500,189,11,1386,42,4235,40,216,3640,2479,ITF,ITF1,13,Abruzzo,Abruzzo,1304970,150757,11.55,0.47
353,2021-01-13,ABR,1253,440,813,1103,0,150,0,0,0,0,1253,0,ITF,ITF1,13,Abruzzo,Abruzzo,1304970,152010,11.65,0.1
354,2021-03-07,ABR,2523,630,1893,28,0,210,0,461,1,1823,2523,0,ITF,ITF1,13,Abruzzo,Abruzzo,1304970,154533,11.84,0.19
355,2021-03-24,ABR,6422,2829,3593,484,10,1762,143,3378,215,430,4166,2256,ITF,ITF1,13,Abruzzo,Abruzzo,1304970,160955,12.33,0.49
356,2021-03-30,ABR,5059,2199,2860,211,2,1749,31,2741,39,286,3234,1825,ITF,ITF1,13,Abruzzo,Abruzzo,1304970,166014,12.72,0.39
357,2021-03-25,ABR,5685,2560,3125,249,10,945,39,3781,213,448,3069,2616,ITF,ITF1,13,Abruzzo,Abruzzo,1304970,171699,13.16,0.44
358,2021-03-02,ABR,3964,1676,2288,934,15,424,53,1857,276,405,3280,684,ITF,ITF1,13,Abruzzo,Abruzzo,1304970,175663,13.46,0.3
359,2021-04-08,ABR,1022,467,555,22,1,568,0,428,3,0,680,342,ITF,ITF1,13,Abruzzo,Abruzzo,1304970,176685,13.54,0.08
360,2021-01-11,ABR,1551,557,994,1337,62,104,48,0,0,0,1551,0,ITF,ITF1,13,Abruzzo,Abruzzo,1304970,178236,13.66,0.12
361,2021-03-15,ABR,3639,1398,2241,657,8,562,78,1963,41,330,1823,1816,ITF,ITF1,13,Abruzzo,Abruzzo,1304970,181875,13.94,0.28
362,2021-02-03,ABR,2061,717,1344,1541,47,355,118,0,0,0,419,1642,ITF,ITF1,13,Abruzzo,Abruzzo,1304970,183936,14.1,0.16
363,2021-04-07,ABR,6109,2813,3296,105,5,3164,76,2661,84,14,3846,2263,ITF,ITF1,13,Abruzzo,Abruzzo,1304970,190045,14.56,0.47
364,2021-01-28,ABR,1433,495,938,1370,1,61,1,0,0,0,12,1421,ITF,ITF1,13,Abruzzo,Abruzzo,1304970,191478,14.67,0.11
365,2021-01-19,ABR,111,55,56,27,1,33,50,0,0,0,91,20,ITF,ITF1,13,Abruzzo,Abruzzo,1304970,191589,14.68,0.01
366,2021-03-13,ABR,4253,1460,2793,539,17,1008,137,1468,23,1061,3177,1076,ITF,ITF1,13,Abruzzo,Abruzzo,1304970,195842,15.01,0.33
367,2021-04-04,ABR,1625,766,859,94,7,1071,2,446,1,4,1496,129,ITF,ITF1,13,Abruzzo,Abruzzo,1304970,197467,15.13,0.12
368,2021-03-26,ABR,5303,2269,3034,264,1,1061,37,3327,164,449,3242,2061,ITF,ITF1,13,Abruzzo,Abruzzo,1304970,202770,15.54,0.41
369,2021-02-22,ABR,2644,1175,1469,477,5,352,46,1094,419,251,2614,30,ITF,ITF1,13,Abruzzo,Abruzzo,1304970,205414,15.74,0.2
370,2021-03-12,ABR,6022,1989,4033,1005,28,848,135,1700,117,2189,4439,1583,ITF,ITF1,13,Abruzzo,Abruzzo,1304970,211436,16.2,0.46
371,2021-04-02,ABR,6683,3093,3590,184,2,3074,2,3305,22,94,5197,1486,ITF,ITF1,13,Abruzzo,Abruzzo,1304970,218119,16.71,0.51
372,2021-01-16,ABR,927,428,499,710,7,195,15,0,0,0,927,0,ITF,ITF1,13,Abruzzo,Abruzzo,1304970,219046,16.79,0.07
373,2021-02-11,ABR,816,262,554,473,26,163,154,0,0,0,773,43,ITF,ITF1,13,Abruzzo,Abruzzo,1304970,219862,16.85,0.06
374,2021-03-16,ABR,3486,1453,2033,284,3,163,169,2849,6,12,1831,1655,ITF,ITF1,13,Abruzzo,Abruzzo,1304970,223348,17.12,0.27
375,2021-01-06,ABR,1830,664,1166,1546,119,32,133,0,0,0,1830,0,ITF,ITF1,13,Abruzzo,Abruzzo,1304970,225178,17.26,0.14
376,2021-04-03,ABR,5073,2213,2860,174,1,2378,27,2401,8,84,3479,1594,ITF,ITF1,13,Abruzzo,Abruzzo,1304970,230251,17.64,0.39
377,2021-01-05,ABR,1614,604,1010,1604,0,10,0,0,0,0,1614,0,ITF,ITF1,13,Abruzzo,Abruzzo,1304970,231865,17.77,0.12
378,2021-01-18,ABR,122,48,74,106,0,14,2,0,0,0,46,76,ITF,ITF1,13,Abruzzo,Abruzzo,1304970,231987,17.78,0.01
379,2021-04-01,ABR,5530,2450,3080,274,8,2095,57,2908,35,153,3441,2089,ITF,ITF1,13,Abruzzo,Abruzzo,1304970,237517,18.2,0.42
380,2021-02-08,ABR,1201,398,803,710,122,105,264,0,0,0,491,710,ITF,ITF1,13,Abruzzo,Abruzzo,1304970,238718,18.29,0.09
381,2021-01-15,ABR,379,149,230,223,6,115,35,0,0,0,379,0,ITF,ITF1,13,Abruzzo,Abruzzo,1304970,239097,18.32,0.03
382,2021-01-09,ABR,1483,565,918,1430,0,53,0,0,0,0,1483,0,ITF,ITF1,13,Abruzzo,Abruzzo,1304970,240580,18.44,0.11
383,2021-01-08,ABR,1525,507,1018,1487,0,38,0,0,0,0,1525,0,ITF,ITF1,13,Abruzzo,Abruzzo,1304970,242105,18.55,0.12
384,2021-02-18,ABR,2291,934,1357,670,36,344,416,610,215,0,2161,130,ITF,ITF1,13,Abruzzo,Abruzzo,1304970,244396,18.73,0.18
385,2021-02-19,ABR,3301,1552,1749,990,32,401,371,1111,388,8,3201,100,ITF,ITF1,13,Abruzzo,Abruzzo,1304970,247697,18.98,0.25
386,2021-01-07,ABR,1603,552,1051,1566,0,37,0,0,0,0,1603,0,ITF,ITF1,13,Abruzzo,Abruzzo,1304970,249300,19.1,0.12
387,2021-02-16,ABR,1978,869,1109,841,20,493,139,410,75,0,1966,12,ITF,ITF1,13,Abruzzo,Abruzzo,1304970,251278,19.26,0.15
388,2021-01-14,ABR,530,189,341,364,0,166,0,0,0,0,530,0,ITF,ITF1,13,Abruzzo,Abruzzo,1304970,251808,19.3,0.04
389,2021-01-26,ABR,1542,567,975,1513,0,29,0,0,0,0,29,1513,ITF,ITF1,13,Abruzzo,Abruzzo,1304970,253350,19.41,0.12
390,2021-02-25,ABR,3086,1347,1739,615,29,528,18,1508,262,126,2558,528,ITF,ITF1,13,Abruzzo,Abruzzo,1304970,256436,19.65,0.24
391,2021-02-10,ABR,948,313,635,622,42,168,116,0,0,0,504,444,ITF,ITF1,13,Abruzzo,Abruzzo,1304970,257384,19.72,0.07
392,2021-02-05,ABR,1536,521,1015,1188,11,230,107,0,0,0,789,747,ITF,ITF1,13,Abruzzo,Abruzzo,1304970,258920,19.84,0.12
393,2021-01-30,ABR,1509,566,943,1348,1,113,47,0,0,0,69,1440,ITF,ITF1,13,Abruzzo,Abruzzo,1304970,260429,19.96,0.12
394,2021-02-02,ABR,1798,677,1121,1243,67,346,142,0,0,0,241,1557,ITF,ITF1,13,Abruzzo,Abruzzo,1304970,262227,20.09,0.14
395,2021-01-02,ABR,548,218,330,540,0,8,0,0,0,0,548,0,ITF,ITF1,13,Abruzzo,Abruzzo,1304970,262775,20.14,0.04
396,2021-02-06,ABR,1611,742,869,1168,29,342,72,0,0,0,602,1009,ITF,ITF1,13,Abruzzo,Abruzzo,1304970,264386,20.26,0.12
397,2021-03-05,EMR,17565,5717,11848,3069,620,874,253,6280,531,5938,14168,3397,ITH,ITH5,8,Emilia-Romagna,Emilia-Romagna,4459477,17565,0.39,0.39
398,2021-01-30,EMR,10043,3511,6532,7563,715,994,771,0,0,0,143,9900,ITH,ITH5,8,Emilia-Romagna,Emilia-Romagna,4459477,27608,0.62,0.23
399,2021-01-31,EMR,7694,2759,4935,6174,806,453,261,0,0,0,242,7452,ITH,ITH5,8,Emilia-Romagna,Emilia-Romagna,4459477,35302,0.79,0.17
400,2021-03-17,EMR,13553,5620,7933,354,117,1263,64,11735,1,19,5774,7779,ITH,ITH5,8,Emilia-Romagna,Emilia-Romagna,4459477,48855,1.1,0.3
401,2021-02-02,EMR,9434,3031,6403,6232,729,762,1630,80,0,1,498,8936,ITH,ITH5,8,Emilia-Romagna,Emilia-Romagna,4459477,58289,1.31,0.21
402,2021-01-06,EMR,8261,2941,5320,6851,169,592,648,0,1,0,8261,0,ITH,ITH5,8,Emilia-Romagna,Emilia-Romagna,4459477,66550,1.49,0.19
403,2021-03-14,EMR,8495,3631,4864,701,172,770,69,5495,362,926,4719,3776,ITH,ITH5,8,Emilia-Romagna,Emilia-Romagna,4459477,75045,1.68,0.19
404,2021-04-03,EMR,17259,7732,9527,314,64,8814,5,7597,54,411,13701,3558,ITH,ITH5,8,Emilia-Romagna,Emilia-Romagna,4459477,92304,2.07,0.39
405,2021-02-25,EMR,9167,3478,5689,793,134,374,140,7631,0,95,8212,955,ITH,ITH5,8,Emilia-Romagna,Emilia-Romagna,4459477,101471,2.28,0.21
406,2021-01-11,EMR,9323,3266,6057,6574,641,841,1267,0,0,0,9323,0,ITH,ITH5,8,Emilia-Romagna,Emilia-Romagna,4459477,110794,2.48,0.21
407,2021-01-25,EMR,6414,2129,4285,5232,124,380,678,0,0,0,221,6193,ITH,ITH5,8,Emilia-Romagna,Emilia-Romagna,4459477,117208,2.63,0.14
408,2021-01-26,EMR,8326,3000,5326,6601,228,465,1032,0,0,0,217,8109,ITH,ITH5,8,Emilia-Romagna,Emilia-Romagna,4459477,125534,2.81,0.19
409,2021-01-17,EMR,2890,887,2003,1914,278,147,547,0,0,4,2644,246,ITH,ITH5,8,Emilia-Romagna,Emilia-Romagna,4459477,128424,2.88,0.06
410,2020-12-31,EMR,2204,776,1428,1675,31,171,327,0,0,0,2204,0,ITH,ITH5,8,Emilia-Romagna,Emilia-Romagna,4459477,130628,2.93,0.05
411,2021-03-19,EMR,14372,6129,8243,1115,287,2275,116,9943,300,336,6884,7488,ITH,ITH5,8,Emilia-Romagna,Emilia-Romagna,4459477,145000,3.25,0.32
412,2021-01-21,EMR,2153,726,1427,1284,97,119,653,0,0,0,809,1344,ITH,ITH5,8,Emilia-Romagna,Emilia-Romagna,4459477,147153,3.3,0.05
413,2021-03-23,EMR,18209,7788,10421,1119,283,6057,195,9005,201,1349,11639,6570,ITH,ITH5,8,Emilia-Romagna,Emilia-Romagna,4459477,165362,3.71,0.41
414,2021-02-07,EMR,4786,1534,3252,3685,384,260,444,10,0,3,1727,3059,ITH,ITH5,8,Emilia-Romagna,Emilia-Romagna,4459477,170148,3.82,0.11
415,2021-02-04,EMR,9909,3193,6716,6429,824,864,1674,118,0,0,1240,8669,ITH,ITH5,8,Emilia-Romagna,Emilia-Romagna,4459477,180057,4.04,0.22
416,2021-03-28,EMR,11711,5203,6508,269,74,6458,47,4358,182,323,8525,3186,ITH,ITH5,8,Emilia-Romagna,Emilia-Romagna,4459477,191768,4.3,0.26
417,2021-03-20,EMR,15613,6556,9057,697,255,4148,93,9252,337,831,8701,6912,ITH,ITH5,8,Emilia-Romagna,Emilia-Romagna,4459477,207381,4.65,0.35
418,2021-04-06,EMR,22408,10058,12350,629,107,10985,63,10200,29,395,17940,4468,ITH,ITH5,8,Emilia-Romagna,Emilia-Romagna,4459477,229789,5.15,0.5
419,2021-03-15,EMR,12747,5756,6991,791,180,1107,168,9078,894,529,6330,6417,ITH,ITH5,8,Emilia-Romagna,Emilia-Romagna,4459477,242536,5.44,0.29
420,2021-03-29,EMR,20576,9248,11328,578,141,10092,47,9044,93,581,16138,4438,ITH,ITH5,8,Emilia-Romagna,Emilia-Romagna,4459477,263112,5.9,0.46
421,2021-03-10,EMR,18422,7482,10940,1312,218,1032,129,9922,1280,4529,12799,5623,ITH,ITH5,8,Emilia-Romagna,Emilia-Romagna,4459477,281534,6.31,0.41
422,2021-01-12,EMR,9315,3086,6229,6351,593,740,1631,0,0,0,9315,0,ITH,ITH5,8,Emilia-Romagna,Emilia-Romagna,4459477,290849,6.52,0.21
423,2021-01-10,EMR,7126,2663,4463,5643,652,325,499,6,0,1,7126,0,ITH,ITH5,8,Emilia-Romagna,Emilia-Romagna,4459477,297975,6.68,0.16
424,2021-03-06,EMR,20407,5833,14574,2671,269,717,41,5865,517,10327,17716,2691,ITH,ITH5,8,Emilia-Romagna,Emilia-Romagna,4459477,318382,7.14,0.46
425,2021-04-04,EMR,8568,4091,4477,185,87,4271,0,3923,45,57,6386,2182,ITH,ITH5,8,Emilia-Romagna,Emilia-Romagna,4459477,326950,7.33,0.19
426,2021-03-16,EMR,12034,4920,7114,409,67,643,97,10687,8,123,4797,7237,ITH,ITH5,8,Emilia-Romagna,Emilia-Romagna,4459477,338984,7.6,0.27
427,2021-01-22,EMR,1827,477,1350,941,25,139,722,0,0,0,1087,740,ITH,ITH5,8,Emilia-Romagna,Emilia-Romagna,4459477,340811,7.64,0.04
428,2021-02-17,EMR,6532,2762,3770,803,205,1072,404,4048,0,0,5759,773,ITH,ITH5,8,Emilia-Romagna,Emilia-Romagna,4459477,347343,7.79,0.15
429,2021-02-16,EMR,5728,2427,3301,741,240,667,437,3641,2,0,5198,530,ITH,ITH5,8,Emilia-Romagna,Emilia-Romagna,4459477,353071,7.92,0.13
430,2021-02-18,EMR,7037,2890,4147,894,135,396,236,5376,0,0,6454,583,ITH,ITH5,8,Emilia-Romagna,Emilia-Romagna,4459477,360108,8.08,0.16
431,2021-03-31,EMR,23877,10432,13445,906,146,9346,55,12065,74,1285,18545,5332,ITH,ITH5,8,Emilia-Romagna,Emilia-Romagna,4459477,383985,8.61,0.54
432,2021-03-21,EMR,11434,4957,6477,567,291,3704,106,6089,91,586,6835,4599,ITH,ITH5,8,Emilia-Romagna,Emilia-Romagna,4459477,395419,8.87,0.26
433,2021-01-13,EMR,9062,2938,6124,6005,435,877,1744,0,0,1,9062,0,ITH,ITH5,8,Emilia-Romagna,Emilia-Romagna,4459477,404481,9.07,0.2
434,2021-02-06,EMR,7530,2381,5149,5361,480,466,1173,50,0,0,2123,5407,ITH,ITH5,8,Emilia-Romagna,Emilia-Romagna,4459477,412011,9.24,0.17
435,2021-02-26,EMR,7670,2907,4763,1014,295,339,232,5478,0,312,6626,1044,ITH,ITH5,8,Emilia-Romagna,Emilia-Romagna,4459477,419681,9.41,0.17
436,2021-01-08,EMR,10810,3557,7253,8456,423,851,1080,0,0,0,10810,0,ITH,ITH5,8,Emilia-Romagna,Emilia-Romagna,4459477,430491,9.65,0.24
437,2021-02-24,EMR,9274,3543,5731,639,87,495,220,7770,0,63,8415,859,ITH,ITH5,8,Emilia-Romagna,Emilia-Romagna,4459477,439765,9.86,0.21
438,2021-02-27,EMR,10946,3988,6958,1721,177,321,114,7673,0,940,9214,1732,ITH,ITH5,8,Emilia-Romagna,Emilia-Romagna,4459477,450711,10.11,0.25
439,2021-01-09,EMR,9873,3424,6449,7824,555,614,880,0,0,0,9873,0,ITH,ITH5,8,Emilia-Romagna,Emilia-Romagna,4459477,460584,10.33,0.22
440,2021-03-18,EMR,13444,5698,7746,452,120,2069,67,10687,1,48,5617,7827,ITH,ITH5,8,Emilia-Romagna,Emilia-Romagna,4459477,474028,10.63,0.3
441,2021-01-07,EMR,10208,3381,6827,8181,287,672,1068,0,0,0,10208,0,ITH,ITH5,8,Emilia-Romagna,Emilia-Romagna,4459477,484236,10.86,0.23
442,2021-02-23,EMR,8196,3215,4981,408,79,238,113,7357,0,1,7810,386,ITH,ITH5,8,Emilia-Romagna,Emilia-Romagna,4459477,492432,11.04,0.18
443,2021-02-05,EMR,9295,2959,6336,6211,628,659,1609,187,0,1,1626,7669,ITH,ITH5,8,Emilia-Romagna,Emilia-Romagna,4459477,501727,11.25,0.21
444,2021-04-07,EMR,7422,3226,4196,203,27,2115,36,4951,3,87,4427,2995,ITH,ITH5,8,Emilia-Romagna,Emilia-Romagna,4459477,509149,11.42,0.17
445,2021-02-08,EMR,5186,1519,3667,2827,379,315,1478,186,0,1,2291,2895,ITH,ITH5,8,Emilia-Romagna,Emilia-Romagna,4459477,514335,11.53,0.12
446,2021-02-22,EMR,7465,3081,4384,388,84,134,129,6730,0,0,7201,264,ITH,ITH5,8,Emilia-Romagna,Emilia-Romagna,4459477,521800,11.7,0.17
447,2021-02-01,EMR,10291,3598,6693,7448,787,797,1259,0,0,0,366,9925,ITH,ITH5,8,Emilia-Romagna,Emilia-Romagna,4459477,532091,11.93,0.23
448,2021-03-25,EMR,20392,8871,11521,1097,230,7096,130,9529,265,2045,13657,6735,ITH,ITH5,8,Emilia-Romagna,Emilia-Romagna,4459477,552483,12.39,0.46
449,2021-02-20,EMR,5273,2080,3193,406,92,146,155,4474,0,0,5009,264,ITH,ITH5,8,Emilia-Romagna,Emilia-Romagna,4459477,557756,12.51,0.12
450,2021-02-15,EMR,2891,845,2046,1981,323,141,157,289,0,0,2765,126,ITH,ITH5,8,Emilia-Romagna,Emilia-Romagna,4459477,560647,12.57,0.06
451,2021-03-27,EMR,21211,8900,12311,747,233,8416,41,9292,149,2333,14426,6785,ITH,ITH5,8,Emilia-Romagna,Emilia-Romagna,4459477,581858,13.05,0.48
452,2021-03-09,EMR,14360,5785,8575,1023,240,706,180,7570,1078,3563,10420,3940,ITH,ITH5,8,Emilia-Romagna,Emilia-Romagna,4459477,596218,13.37,0.32
453,2021-02-10,EMR,3948,1358,2590,2343,221,359,769,256,0,0,2754,1194,ITH,ITH5,8,Emilia-Romagna,Emilia-Romagna,4459477,600166,13.46,0.09
454,2021-01-27,EMR,8317,2936,5381,6888,224,551,653,0,1,0,464,7853,ITH,ITH5,8,Emilia-Romagna,Emilia-Romagna,4459477,608483,13.64,0.19
455,2021-03-04,EMR,16342,5320,11022,2601,483,717,239,6359,511,5432,13352,2990,ITH,ITH5,8,Emilia-Romagna,Emilia-Romagna,4459477,624825,14.01,0.37
456,2021-03-22,EMR,16977,7329,9648,1126,318,5138,123,9464,208,600,10137,6840,ITH,ITH5,8,Emilia-Romagna,Emilia-Romagna,4459477,641802,14.39,0.38
457,2021-04-02,EMR,20964,9529,11435,487,94,11397,69,7952,55,910,16633,4331,ITH,ITH5,8,Emilia-Romagna,Emilia-Romagna,4459477,662766,14.86,0.47
458,2021-01-24,EMR,2442,884,1558,2079,51,63,249,0,0,0,299,2143,ITH,ITH5,8,Emilia-Romagna,Emilia-Romagna,4459477,665208,14.92,0.05
459,2021-03-24,EMR,20175,8885,11290,1198,269,6592,118,10173,163,1662,13136,7039,ITH,ITH5,8,Emilia-Romagna,Emilia-Romagna,4459477,685383,15.37,0.45
460,2021-02-13,EMR,3603,1077,2526,2779,239,255,144,186,0,0,3005,598,ITH,ITH5,8,Emilia-Romagna,Emilia-Romagna,4459477,688986,15.45,0.08
461,2021-02-03,EMR,9270,2973,6297,6228,701,639,1617,85,0,0,953,8317,ITH,ITH5,8,Emilia-Romagna,Emilia-Romagna,4459477,698256,15.66,0.21
462,2021-01-16,EMR,5591,1717,3874,3686,347,446,1108,0,3,1,5591,0,ITH,ITH5,8,Emilia-Romagna,Emilia-Romagna,4459477,703847,15.78,0.13
463,2021-03-12,EMR,17828,7379,10449,1580,362,1476,292,9836,1258,3024,11145,6683,ITH,ITH5,8,Emilia-Romagna,Emilia-Romagna,4459477,721675,16.18,0.4
464,2021-04-01,EMR,22528,10176,12352,781,95,9675,74,10873,59,971,18131,4397,ITH,ITH5,8,Emilia-Romagna,Emilia-Romagna,4459477,744203,16.69,0.51
465,2021-01-19,EMR,2032,500,1532,744,84,51,1153,0,0,0,2015,17,ITH,ITH5,8,Emilia-Romagna,Emilia-Romagna,4459477,746235,16.73,0.05
466,2021-01-18,EMR,3126,879,2247,1681,102,214,1129,0,0,0,2449,677,ITH,ITH5,8,Emilia-Romagna,Emilia-Romagna,4459477,749361,16.8,0.07
467,2021-01-03,EMR,2730,935,1795,2480,12,68,170,0,0,0,2730,0,ITH,ITH5,8,Emilia-Romagna,Emilia-Romagna,4459477,752091,16.87,0.06
468,2021-01-04,EMR,7257,2510,4747,6164,123,393,577,0,0,0,7257,0,ITH,ITH5,8,Emilia-Romagna,Emilia-Romagna,4459477,759348,17.03,0.16
469,2021-03-08,EMR,11508,4565,6943,2297,390,640,295,4274,1275,2337,8887,2621,ITH,ITH5,8,Emilia-Romagna,Emilia-Romagna,4459477,770856,17.29,0.26
470,2021-01-15,EMR,7699,2393,5306,5297,438,646,1317,0,0,1,7699,0,ITH,ITH5,8,Emilia-Romagna,Emilia-Romagna,4459477,778555,17.46,0.17
471,2021-03-30,EMR,18036,8005,10031,587,146,8111,105,7975,75,1037,14275,3761,ITH,ITH5,8,Emilia-Romagna,Emilia-Romagna,4459477,796591,17.86,0.4
472,2021-01-29,EMR,10381,3491,6890,8094,392,840,1055,0,0,0,290,10091,ITH,ITH5,8,Emilia-Romagna,Emilia-Romagna,4459477,806972,18.1,0.23
473,2021-03-01,EMR,10000,3549,6451,1820,265,332,433,5588,309,1253,7759,2241,ITH,ITH5,8,Emilia-Romagna,Emilia-Romagna,4459477,816972,18.32,0.22
474,2021-02-12,EMR,5310,1676,3634,3392,458,451,704,305,0,0,3909,1401,ITH,ITH5,8,Emilia-Romagna,Emilia-Romagna,4459477,822282,18.44,0.12
475,2021-02-19,EMR,7292,3003,4289,820,186,182,257,5847,0,0,6789,503,ITH,ITH5,8,Emilia-Romagna,Emilia-Romagna,4459477,829574,18.6,0.16
476,2021-04-05,EMR,12366,5650,6716,278,36,4976,4,6821,8,243,9598,2768,ITH,ITH5,8,Emilia-Romagna,Emilia-Romagna,4459477,841940,18.88,0.28
477,2021-02-14,EMR,1400,378,1022,859,338,145,39,19,0,0,1280,120,ITH,ITH5,8,Emilia-Romagna,Emilia-Romagna,4459477,843340,18.91,0.03
478,2021-02-28,EMR,6815,2526,4289,1773,223,236,53,4222,4,304,4971,1844,ITH,ITH5,8,Emilia-Romagna,Emilia-Romagna,4459477,850155,19.06,0.15
479,2021-03-26,EMR,22739,9613,13126,1319,305,9189,192,9034,105,2595,16632,6107,ITH,ITH5,8,Emilia-Romagna,Emilia-Romagna,4459477,872894,19.57,0.51
480,2021-02-09,EMR,4149,1245,2904,2217,226,241,1198,267,0,0,2304,1845,ITH,ITH5,8,Emilia-Romagna,Emilia-Romagna,4459477,877043,19.67,0.09
481,2021-02-21,EMR,4408,1694,2714,394,83,187,190,3554,0,0,3971,437,ITH,ITH5,8,Emilia-Romagna,Emilia-Romagna,4459477,881451,19.77,0.1
482,2021-01-20,EMR,1321,269,1052,391,111,32,787,0,0,0,1320,1,ITH,ITH5,8,Emilia-Romagna,Emilia-Romagna,4459477,882772,19.8,0.03
483,2021-01-02,EMR,2347,903,1444,2071,1,78,197,0,0,0,2347,0,ITH,ITH5,8,Emilia-Romagna,Emilia-Romagna,4459477,885119,19.85,0.05
484,2020-12-27,EMR,968,372,596,824,1,117,26,0,0,0,968,0,ITH,ITH5,8,Emilia-Romagna,Emilia-Romagna,4459477,886087,19.87,0.02
485,2021-01-05,EMR,9321,3162,6159,7924,279,354,764,0,0,0,9321,0,ITH,ITH5,8,Emilia-Romagna,Emilia-Romagna,4459477,895408,20.08,0.21
486,2021-03-11,EMR,17001,6972,10029,1132,294,1456,276,8810,1220,3813,11173,5828,ITH,ITH5,8,Emilia-Romagna,Emilia-Romagna,4459477,912409,20.46,0.38
487,2021-03-07,EMR,6544,2440,4104,1454,321,420,22,2564,514,1249,5027,1517,ITH,ITH5,8,Emilia-Romagna,Emilia-Romagna,4459477,918953,20.61,0.15
488,2021-03-13,EMR,15867,6214,9653,1244,158,1149,75,8221,1030,3990,10581,5286,ITH,ITH5,8,Emilia-Romagna,Emilia-Romagna,4459477,934820,20.96,0.36
489,2021-01-23,EMR,2445,869,1576,1901,4,110,430,0,0,0,443,2002,ITH,ITH5,8,Emilia-Romagna,Emilia-Romagna,4459477,937265,21.02,0.05
490,2021-03-02,EMR,11663,3832,7831,1940,334,455,224,5309,355,3046,9680,1983,ITH,ITH5,8,Emilia-Romagna,Emilia-Romagna,4459477,948928,21.28,0.26
491,2021-01-14,EMR,8088,2573,5515,5394,497,591,1605,0,1,0,8088,0,ITH,ITH5,8,Emilia-Romagna,Emilia-Romagna,4459477,957016,21.46,0.18
492,2021-02-11,EMR,4244,1414,2830,2528,350,300,719,345,0,2,3406,838,ITH,ITH5,8,Emilia-Romagna,Emilia-Romagna,4459477,961260,21.56,0.1
493,2021-01-28,EMR,10221,3331,6890,8071,289,742,1119,0,0,0,349,9872,ITH,ITH5,8,Emilia-Romagna,Emilia-Romagna,4459477,971481,21.78,0.23
494,2021-03-03,EMR,15696,5193,10503,2529,346,739,141,6800,340,4801,13254,2442,ITH,ITH5,8,Emilia-Romagna,Emilia-Romagna,4459477,987177,22.14,0.35
495,2021-03-15,LOM,31277,11212,20065,4656,2147,1854,833,12882,594,8311,22874,8403,ITC,ITC4,3,Lombardia,Lombardia,10060574,31277,0.31,0.31
496,2021-04-02,LOM,39287,16076,23211,2489,1242,6686,954,23181,118,4617,25552,13735,ITC,ITC4,3,Lombardia,Lombardia,10060574,70564,0.7,0.39
497,2021-02-19,LOM,14041,5357,8684,5529,1620,268,1140,4540,928,16,13360,681,ITC,ITC4,3,Lombardia,Lombardia,10060574,84605,0.84,0.14
498,2021-01-12,LOM,19783,6596,13187,13426,4447,235,1581,93,1,0,19783,0,ITC,ITC4,3,Lombardia,Lombardia,10060574,104388,1.04,0.2
499,2021-03-17,LOM,26048,10417,15631,2527,1315,1035,1923,19165,44,39,15178,10870,ITC,ITC4,3,Lombardia,Lombardia,10060574,130436,1.3,0.26
500,2021-02-17,LOM,11891,3730,8161,7627,2175,107,1895,39,38,10,10505,1386,ITC,ITC4,3,Lombardia,Lombardia,10060574,142327,1.41,0.12
501,2021-01-01,LOM,24,7,17,24,0,0,0,0,0,0,24,0,ITC,ITC4,3,Lombardia,Lombardia,10060574,142351,1.41,0.0
502,2021-03-16,LOM,25394,10089,15305,3297,1348,1581,1422,17653,17,76,16372,9022,ITC,ITC4,3,Lombardia,Lombardia,10060574,167745,1.67,0.25
503,2020-12-27,LOM,702,407,295,601,45,41,14,1,0,0,702,0,ITC,ITC4,3,Lombardia,Lombardia,10060574,168447,1.67,0.01
504,2021-02-04,LOM,27286,7995,19291,15672,5738,150,5525,194,7,0,1962,25324,ITC,ITC4,3,Lombardia,Lombardia,10060574,195733,1.95,0.27
505,2021-02-28,LOM,7883,3254,4629,1106,694,1586,76,4308,82,31,7667,216,ITC,ITC4,3,Lombardia,Lombardia,10060574,203616,2.02,0.08
506,2021-03-19,LOM,32245,12847,19398,2718,1702,1235,1406,22026,150,3008,19106,13139,ITC,ITC4,3,Lombardia,Lombardia,10060574,235861,2.34,0.32
507,2021-02-15,LOM,8855,3104,5751,6023,1608,150,1030,4,31,9,8435,420,ITC,ITC4,3,Lombardia,Lombardia,10060574,244716,2.43,0.09
508,2021-02-18,LOM,13959,4906,9053,6120,1791,157,1569,3437,857,28,12932,1027,ITC,ITC4,3,Lombardia,Lombardia,10060574,258675,2.57,0.14
509,2020-12-31,LOM,713,300,413,657,56,0,0,0,0,0,713,0,ITC,ITC4,3,Lombardia,Lombardia,10060574,259388,2.58,0.01
510,2021-01-21,LOM,5330,1566,3764,3014,1209,78,1025,4,0,0,4643,687,ITC,ITC4,3,Lombardia,Lombardia,10060574,264718,2.63,0.05
511,2021-01-08,LOM,12599,3898,8701,9962,2175,143,314,5,0,0,12599,0,ITC,ITC4,3,Lombardia,Lombardia,10060574,277317,2.76,0.13
512,2021-02-09,LOM,12208,3322,8886,5725,2207,92,4103,75,2,4,4088,8120,ITC,ITC4,3,Lombardia,Lombardia,10060574,289525,2.88,0.12
513,2021-04-06,LOM,41054,16759,24295,2073,1395,5985,535,26488,125,4453,23942,17112,ITC,ITC4,3,Lombardia,Lombardia,10060574,330579,3.29,0.41
514,2021-03-31,LOM,40917,16580,24337,2552,1296,6355,1394,23101,75,6144,26139,14778,ITC,ITC4,3,Lombardia,Lombardia,10060574,371496,3.69,0.41
515,2021-04-05,LOM,26651,11404,15247,510,243,2287,69,22829,26,687,18899,7752,ITC,ITC4,3,Lombardia,Lombardia,10060574,398147,3.96,0.26
516,2021-02-21,LOM,5004,1851,3153,1743,807,152,32,2227,40,3,4984,20,ITC,ITC4,3,Lombardia,Lombardia,10060574,403151,4.01,0.05
517,2020-12-30,LOM,113,42,71,105,7,1,0,0,0,0,113,0,ITC,ITC4,3,Lombardia,Lombardia,10060574,403264,4.01,0.0
518,2021-03-28,LOM,20068,7641,12427,2006,838,2143,104,11081,30,3866,14022,6046,ITC,ITC4,3,Lombardia,Lombardia,10060574,423332,4.21,0.2
519,2021-01-22,LOM,2970,835,2135,1569,595,34,763,9,0,0,2900,70,ITC,ITC4,3,Lombardia,Lombardia,10060574,426302,4.24,0.03
520,2021-03-12,LOM,35045,12897,22148,5087,2153,2332,1457,15563,1086,7367,24908,10137,ITC,ITC4,3,Lombardia,Lombardia,10060574,461347,4.59,0.35
521,2021-02-01,LOM,16034,5309,10725,11665,3316,106,902,43,1,1,324,15710,ITC,ITC4,3,Lombardia,Lombardia,10060574,477381,4.75,0.16
522,2021-02-08,LOM,9863,2868,6995,5231,2177,70,2332,53,0,0,2117,7746,ITC,ITC4,3,Lombardia,Lombardia,10060574,487244,4.84,0.1
523,2021-03-10,LOM,32979,12637,20342,6858,2513,3019,2026,11591,1531,5441,25208,7771,ITC,ITC4,3,Lombardia,Lombardia,10060574,520223,5.17,0.33
524,2021-01-31,LOM,9727,3754,5973,7568,1996,67,87,7,2,0,33,9694,ITC,ITC4,3,Lombardia,Lombardia,10060574,529950,5.27,0.1
525,2021-03-08,LOM,29449,11052,18397,6544,1973,2447,1070,11312,1575,4528,22449,7000,ITC,ITC4,3,Lombardia,Lombardia,10060574,559399,5.56,0.29
526,2021-03-29,LOM,39689,15357,24332,2972,1617,4715,426,21195,168,8596,24992,14697,ITC,ITC4,3,Lombardia,Lombardia,10060574,599088,5.95,0.39
527,2021-02-20,LOM,9391,3881,5510,4275,975,139,216,2919,863,4,9097,294,ITC,ITC4,3,Lombardia,Lombardia,10060574,608479,6.05,0.09
528,2021-02-16,LOM,9505,3083,6422,5842,2100,159,1369,8,8,19,9054,451,ITC,ITC4,3,Lombardia,Lombardia,10060574,617984,6.14,0.09
529,2021-01-28,LOM,12158,3686,8472,9174,1784,199,971,28,1,1,775,11383,ITC,ITC4,3,Lombardia,Lombardia,10060574,630142,6.26,0.12
530,2021-02-03,LOM,25464,7872,17592,15583,5560,152,4018,142,8,1,1120,24344,ITC,ITC4,3,Lombardia,Lombardia,10060574,655606,6.52,0.25
531,2021-01-09,LOM,12381,4560,7821,9503,2051,624,196,6,1,0,12381,0,ITC,ITC4,3,Lombardia,Lombardia,10060574,667987,6.64,0.12
532,2021-01-07,LOM,11708,3622,8086,8959,1718,212,785,32,1,1,11708,0,ITC,ITC4,3,Lombardia,Lombardia,10060574,679695,6.76,0.12
533,2021-01-03,LOM,853,316,537,744,88,16,4,1,0,0,853,0,ITC,ITC4,3,Lombardia,Lombardia,10060574,680548,6.76,0.01
534,2021-01-04,LOM,5979,2059,3920,4917,692,186,173,11,0,0,5979,0,ITC,ITC4,3,Lombardia,Lombardia,10060574,686527,6.82,0.06
535,2021-01-19,LOM,8085,2345,5740,4042,1743,77,2157,65,1,0,7609,476,ITC,ITC4,3,Lombardia,Lombardia,10060574,694612,6.9,0.08
536,2021-02-14,LOM,3577,1545,2032,2749,491,282,42,3,0,10,2944,633,ITC,ITC4,3,Lombardia,Lombardia,10060574,698189,6.94,0.04
537,2021-02-12,LOM,13633,4248,9385,8011,2596,93,2823,102,5,3,8865,4768,ITC,ITC4,3,Lombardia,Lombardia,10060574,711822,7.08,0.14
538,2021-01-25,LOM,7020,2370,4650,5629,911,248,218,14,0,0,486,6534,ITC,ITC4,3,Lombardia,Lombardia,10060574,718842,7.15,0.07
539,2021-01-27,LOM,8028,2675,5353,6192,1244,155,434,1,0,2,820,7208,ITC,ITC4,3,Lombardia,Lombardia,10060574,726870,7.22,0.08
540,2021-03-09,LOM,33069,12771,20298,6062,2534,3212,2341,12055,1427,5438,25655,7414,ITC,ITC4,3,Lombardia,Lombardia,10060574,759939,7.55,0.33
541,2021-02-06,LOM,15235,5525,9710,9842,2932,488,1896,73,1,3,1082,14153,ITC,ITC4,3,Lombardia,Lombardia,10060574,775174,7.71,0.15
542,2021-02-27,LOM,13918,5860,8058,2083,1101,787,558,8250,1091,48,13273,645,ITC,ITC4,3,Lombardia,Lombardia,10060574,789092,7.84,0.14
543,2021-02-25,LOM,15144,6285,8859,2948,1289,332,1293,8056,1216,10,13600,1544,ITC,ITC4,3,Lombardia,Lombardia,10060574,804236,7.99,0.15
544,2021-03-18,LOM,27300,10923,16377,2179,1126,1289,1513,21049,44,100,16147,11153,ITC,ITC4,3,Lombardia,Lombardia,10060574,831536,8.27,0.27
545,2021-03-04,LOM,29140,12062,17078,6968,2273,4657,2119,10800,1947,376,20088,9052,ITC,ITC4,3,Lombardia,Lombardia,10060574,860676,8.55,0.29
546,2021-02-13,LOM,6404,2438,3966,4172,1416,85,706,17,4,4,4937,1467,ITC,ITC4,3,Lombardia,Lombardia,10060574,867080,8.62,0.06
547,2021-01-17,LOM,8279,3323,4956,5547,699,1751,241,36,5,0,8079,200,ITC,ITC4,3,Lombardia,Lombardia,10060574,875359,8.7,0.08
548,2021-02-05,LOM,25323,7372,17951,14335,6068,183,4477,259,1,0,2379,22944,ITC,ITC4,3,Lombardia,Lombardia,10060574,900682,8.95,0.25
549,2021-03-24,LOM,42738,15380,27358,2964,1294,4440,1410,19713,434,12483,31256,11482,ITC,ITC4,3,Lombardia,Lombardia,10060574,943420,9.38,0.42
550,2021-03-22,LOM,39929,14132,25797,2454,1317,2716,785,20097,446,12114,29621,10308,ITC,ITC4,3,Lombardia,Lombardia,10060574,983349,9.77,0.4
551,2021-03-23,LOM,42015,15210,26805,2108,1308,3664,1234,20886,324,12491,29463,12552,ITC,ITC4,3,Lombardia,Lombardia,10060574,1025364,10.19,0.42
552,2021-01-24,LOM,1199,458,741,830,135,197,36,1,0,0,535,664,ITC,ITC4,3,Lombardia,Lombardia,10060574,1026563,10.2,0.01
553,2021-01-30,LOM,12310,4565,7745,9902,2049,189,160,8,1,1,193,12117,ITC,ITC4,3,Lombardia,Lombardia,10060574,1038873,10.33,0.12
554,2021-02-11,LOM,16933,4988,11945,9691,3286,58,3856,32,4,6,9593,7340,ITC,ITC4,3,Lombardia,Lombardia,10060574,1055806,10.49,0.17
555,2021-03-02,LOM,22612,9611,13001,3071,1297,2902,2177,11257,1778,130,19582,3030,ITC,ITC4,3,Lombardia,Lombardia,10060574,1078418,10.72,0.22
556,2021-01-14,LOM,26510,7731,18779,15085,5451,305,5440,228,1,0,26510,0,ITC,ITC4,3,Lombardia,Lombardia,10060574,1104928,10.98,0.26
557,2021-04-07,LOM,40834,16934,23900,1502,1063,5999,831,29074,59,2306,27784,13050,ITC,ITC4,3,Lombardia,Lombardia,10060574,1145762,11.39,0.41
558,2021-01-23,LOM,1114,357,757,644,258,74,138,0,0,0,916,198,ITC,ITC4,3,Lombardia,Lombardia,10060574,1146876,11.4,0.01
559,2021-04-08,LOM,16126,6827,9299,610,208,2003,215,12551,22,517,8962,7164,ITC,ITC4,3,Lombardia,Lombardia,10060574,1163002,11.56,0.16
560,2021-03-25,LOM,41599,15442,26157,3387,1315,4079,1277,20506,199,10836,29727,11872,ITC,ITC4,3,Lombardia,Lombardia,10060574,1204601,11.97,0.41
561,2021-03-30,LOM,38641,15173,23468,2633,1352,4985,1127,21585,154,6805,24023,14618,ITC,ITC4,3,Lombardia,Lombardia,10060574,1243242,12.36,0.38
562,2021-02-07,LOM,7204,2796,4408,5542,1285,60,293,17,2,5,339,6865,ITC,ITC4,3,Lombardia,Lombardia,10060574,1250446,12.43,0.07
563,2021-01-26,LOM,8326,2704,5622,6641,1270,170,223,22,0,0,334,7992,ITC,ITC4,3,Lombardia,Lombardia,10060574,1258772,12.51,0.08
564,2020-12-28,LOM,103,44,59,102,1,0,0,0,0,0,103,0,ITC,ITC4,3,Lombardia,Lombardia,10060574,1258875,12.51,0.0
565,2021-03-07,LOM,11795,5250,6545,2998,895,2092,73,4523,552,662,9243,2552,ITC,ITC4,3,Lombardia,Lombardia,10060574,1270670,12.63,0.12
566,2021-04-01,LOM,41552,16695,24857,2680,1609,6338,1190,23920,103,5712,26122,15430,ITC,ITC4,3,Lombardia,Lombardia,10060574,1312222,13.04,0.41
567,2021-01-05,LOM,7692,2524,5168,6178,1108,227,172,7,0,0,7692,0,ITC,ITC4,3,Lombardia,Lombardia,10060574,1319914,13.12,0.08
568,2021-02-22,LOM,11658,4714,6944,4165,1393,143,935,4029,965,28,11349,309,ITC,ITC4,3,Lombardia,Lombardia,10060574,1331572,13.24,0.12
569,2021-01-18,LOM,9116,2951,6165,5182,1941,107,1830,54,2,0,8134,982,ITC,ITC4,3,Lombardia,Lombardia,10060574,1340688,13.33,0.09
570,2021-04-03,LOM,34687,14250,20437,939,220,5202,77,25943,78,2228,25102,9585,ITC,ITC4,3,Lombardia,Lombardia,10060574,1375375,13.67,0.34
571,2021-01-16,LOM,15342,5702,9640,8606,1231,3850,1500,152,3,0,15342,0,ITC,ITC4,3,Lombardia,Lombardia,10060574,1390717,13.82,0.15
572,2021-03-06,LOM,21260,9067,12193,4751,1850,4336,444,7505,1025,1349,16744,4516,ITC,ITC4,3,Lombardia,Lombardia,10060574,1411977,14.03,0.21
573,2021-03-27,LOM,31858,12145,19713,1944,1123,3815,243,18031,66,6636,23319,8539,ITC,ITC4,3,Lombardia,Lombardia,10060574,1443835,14.35,0.32
574,2021-01-06,LOM,7051,2487,4564,5841,1020,150,38,0,0,2,7051,0,ITC,ITC4,3,Lombardia,Lombardia,10060574,1450886,14.42,0.07
575,2021-03-01,LOM,18690,8181,10509,2700,1021,1602,913,10816,1609,29,16986,1704,ITC,ITC4,3,Lombardia,Lombardia,10060574,1469576,14.61,0.19
576,2021-03-20,LOM,32167,11994,20173,1969,1157,2220,520,18189,284,7828,22392,9775,ITC,ITC4,3,Lombardia,Lombardia,10060574,1501743,14.93,0.32
577,2021-01-29,LOM,13437,4114,9323,10486,2256,113,573,9,0,0,654,12783,ITC,ITC4,3,Lombardia,Lombardia,10060574,1515180,15.06,0.13
578,2021-02-24,LOM,14633,5910,8723,3576,1442,306,1784,6320,1181,24,13710,923,ITC,ITC4,3,Lombardia,Lombardia,10060574,1529813,15.21,0.15
579,2021-03-21,LOM,23455,8479,14976,1076,551,1888,410,9724,734,9072,18200,5255,ITC,ITC4,3,Lombardia,Lombardia,10060574,1553268,15.44,0.23
580,2021-04-04,LOM,7523,3206,4317,204,227,979,68,5832,8,205,3644,3879,ITC,ITC4,3,Lombardia,Lombardia,10060574,1560791,15.51,0.07
581,2021-02-26,LOM,18212,7499,10713,3292,1658,274,1176,10484,1304,24,16364,1848,ITC,ITC4,3,Lombardia,Lombardia,10060574,1579003,15.69,0.18
582,2021-03-26,LOM,40266,15269,24997,2612,1478,4549,760,22002,208,8657,27698,12568,ITC,ITC4,3,Lombardia,Lombardia,10060574,1619269,16.1,0.4
583,2020-12-29,LOM,100,43,57,100,0,0,0,0,0,0,100,0,ITC,ITC4,3,Lombardia,Lombardia,10060574,1619369,16.1,0.0
584,2021-03-05,LOM,28645,11806,16839,7116,2495,4450,1508,10771,1900,405,20375,8270,ITC,ITC4,3,Lombardia,Lombardia,10060574,1648014,16.38,0.28
585,2021-02-23,LOM,11697,4772,6925,3937,1350,266,841,4310,990,3,11389,308,ITC,ITC4,3,Lombardia,Lombardia,10060574,1659711,16.5,0.12
586,2021-01-13,LOM,26070,7979,18091,15719,5714,297,4148,189,2,1,26070,0,ITC,ITC4,3,Lombardia,Lombardia,10060574,1685781,16.76,0.26
587,2021-03-14,LOM,14775,5290,9485,1498,573,1575,80,5264,396,5389,11504,3271,ITC,ITC4,3,Lombardia,Lombardia,10060574,1700556,16.9,0.15
588,2021-02-10,LOM,14386,4501,9885,8533,2328,110,3335,71,3,6,7569,6817,ITC,ITC4,3,Lombardia,Lombardia,10060574,1714942,17.05,0.14
589,2021-01-10,LOM,10516,3955,6561,8173,2159,85,85,11,2,1,10516,0,ITC,ITC4,3,Lombardia,Lombardia,10060574,1725458,17.15,0.1
590,2021-03-03,LOM,26793,11452,15341,6388,1644,4788,1755,9885,1862,471,19524,7269,ITC,ITC4,3,Lombardia,Lombardia,10060574,1752251,17.42,0.27
591,2021-01-02,LOM,199,72,127,178,16,5,0,0,0,0,199,0,ITC,ITC4,3,Lombardia,Lombardia,10060574,1752450,17.42,0.0
592,2021-03-11,LOM,35954,13384,22570,5810,2389,2632,2169,15082,1216,6656,26152,9802,ITC,ITC4,3,Lombardia,Lombardia,10060574,1788404,17.78,0.36
593,2021-02-02,LOM,19825,6576,13249,13492,4415,155,1679,76,7,1,489,19336,ITC,ITC4,3,Lombardia,Lombardia,10060574,1808229,17.97,0.2
594,2021-01-20,LOM,5578,1364,4214,2743,1174,45,1557,59,0,0,5463,115,ITC,ITC4,3,Lombardia,Lombardia,10060574,1813807,18.03,0.06
595,2021-01-11,LOM,16018,5322,10696,11813,3303,158,699,42,1,2,16018,0,ITC,ITC4,3,Lombardia,Lombardia,10060574,1829825,18.19,0.16
596,2021-01-15,LOM,24951,7374,17577,13688,5795,431,4726,309,2,0,24951,0,ITC,ITC4,3,Lombardia,Lombardia,10060574,1854776,18.44,0.25
597,2021-03-13,LOM,27000,9701,17299,3734,980,2995,251,10318,617,8105,20961,6039,ITC,ITC4,3,Lombardia,Lombardia,10060574,1881776,18.7,0.27
598,2021-01-18,CAM,957,399,558,576,93,101,187,0,0,0,713,244,ITF,ITF3,15,Campania,Campania,5801692,957,0.02,0.02
599,2021-03-13,CAM,14255,6793,7462,404,82,1879,193,6614,1397,3686,8970,5285,ITF,ITF3,15,Campania,Campania,5801692,15212,0.26,0.25
600,2021-02-22,CAM,10661,3291,7370,544,46,492,141,3896,0,5542,10398,263,ITF,ITF3,15,Campania,Campania,5801692,25873,0.45,0.18
601,2021-01-06,CAM,7652,3749,3903,5781,838,733,300,0,0,0,7652,0,ITF,ITF3,15,Campania,Campania,5801692,33525,0.58,0.13
602,2021-03-16,CAM,8087,3519,4568,289,53,679,60,6869,23,114,3772,4315,ITF,ITF3,15,Campania,Campania,5801692,41612,0.72,0.14
603,2021-04-03,CAM,21132,10321,10811,203,46,15489,186,4491,159,558,18758,2374,ITF,ITF3,15,Campania,Campania,5801692,62744,1.08,0.36
604,2021-02-17,CAM,7388,3210,4178,1013,197,870,38,4908,0,362,6328,1060,ITF,ITF3,15,Campania,Campania,5801692,70132,1.21,0.13
605,2021-01-09,CAM,10566,5024,5542,6759,1256,2282,269,0,0,0,10566,0,ITF,ITF3,15,Campania,Campania,5801692,80698,1.39,0.18
606,2021-02-16,CAM,5435,2410,3025,983,272,836,169,3174,0,1,4664,771,ITF,ITF3,15,Campania,Campania,5801692,86133,1.48,0.09
607,2021-01-25,CAM,5744,2926,2818,4743,644,301,56,0,0,0,164,5580,ITF,ITF3,15,Campania,Campania,5801692,91877,1.58,0.1
608,2021-02-27,CAM,13943,4471,9472,825,285,1280,82,3160,0,8311,12301,1642,ITF,ITF3,15,Campania,Campania,5801692,105820,1.82,0.24
609,2021-02-18,CAM,9079,3811,5268,1752,228,1033,88,5540,0,438,8371,708,ITF,ITF3,15,Campania,Campania,5801692,114899,1.98,0.16
610,2021-03-12,CAM,14245,7094,7151,1022,151,2028,82,6592,1569,2801,8164,6081,ITF,ITF3,15,Campania,Campania,5801692,129144,2.23,0.25
611,2021-02-08,CAM,5112,2449,2663,1387,320,1801,226,1378,0,0,4310,802,ITF,ITF3,15,Campania,Campania,5801692,134256,2.31,0.09
612,2021-01-08,CAM,10456,4969,5487,6715,1147,2382,212,0,0,0,10456,0,ITF,ITF3,15,Campania,Campania,5801692,144712,2.49,0.18
613,2021-04-04,CAM,7942,4002,3940,177,24,5623,6,1985,54,73,6898,1044,ITF,ITF3,15,Campania,Campania,5801692,152654,2.63,0.14
614,2021-01-12,CAM,5214,2563,2651,3439,722,713,340,0,0,0,5214,0,ITF,ITF3,15,Campania,Campania,5801692,157868,2.72,0.09
615,2021-04-02,CAM,13806,6641,7165,152,34,9954,82,2749,191,644,12180,1626,ITF,ITF3,15,Campania,Campania,5801692,171674,2.96,0.24
616,2021-01-16,CAM,3369,1675,1694,1355,230,1411,373,0,0,0,3369,0,ITF,ITF3,15,Campania,Campania,5801692,175043,3.02,0.06
617,2021-04-01,CAM,24280,11656,12624,418,50,14896,83,7002,206,1625,20165,4115,ITF,ITF3,15,Campania,Campania,5801692,199323,3.44,0.42
618,2021-02-06,CAM,5341,2665,2676,1990,520,2357,459,15,0,0,2103,3238,ITF,ITF3,15,Campania,Campania,5801692,204664,3.53,0.09
619,2021-02-19,CAM,9556,3557,5999,1663,141,943,161,4455,0,2193,8906,650,ITF,ITF3,15,Campania,Campania,5801692,214220,3.69,0.16
620,2021-01-01,CAM,919,506,413,831,85,3,0,0,0,0,919,0,ITF,ITF3,15,Campania,Campania,5801692,215139,3.71,0.02
621,2021-03-26,CAM,19454,8929,10525,363,36,9425,142,7621,232,1635,15644,3810,ITF,ITF3,15,Campania,Campania,5801692,234593,4.04,0.34
622,2021-02-11,CAM,6279,2705,3574,1862,279,1646,129,2363,0,0,6213,66,ITF,ITF3,15,Campania,Campania,5801692,240872,4.15,0.11
623,2020-12-27,CAM,720,422,298,703,14,3,0,0,0,0,720,0,ITF,ITF3,15,Campania,Campania,5801692,241592,4.16,0.01
624,2021-02-25,CAM,12422,4479,7943,803,119,907,124,5664,0,4805,11234,1188,ITF,ITF3,15,Campania,Campania,5801692,254014,4.38,0.21
625,2021-01-14,CAM,7073,2977,4096,3707,1264,1752,350,0,0,0,7073,0,ITF,ITF3,15,Campania,Campania,5801692,261087,4.5,0.12
626,2021-01-29,CAM,10052,4812,5240,6405,1052,2336,259,0,0,0,47,10005,ITF,ITF3,15,Campania,Campania,5801692,271139,4.67,0.17
627,2021-01-21,CAM,2093,1116,977,1379,153,486,75,0,0,0,677,1416,ITF,ITF3,15,Campania,Campania,5801692,273232,4.71,0.04
628,2021-03-29,CAM,18952,9135,9817,362,49,12016,128,5040,153,1204,17408,1544,ITF,ITF3,15,Campania,Campania,5801692,292184,5.04,0.33
629,2021-02-20,CAM,8565,3079,5486,1023,60,788,145,4582,0,1967,8262,303,ITF,ITF3,15,Campania,Campania,5801692,300749,5.18,0.15
630,2021-03-14,CAM,8506,3722,4784,328,97,666,2,4545,850,2018,4368,4138,ITF,ITF3,15,Campania,Campania,5801692,309255,5.33,0.15
631,2021-02-26,CAM,13327,4228,9099,951,125,798,220,3403,1,7829,11992,1335,ITF,ITF3,15,Campania,Campania,5801692,322582,5.56,0.23
632,2021-03-18,CAM,12164,5376,6788,460,76,1097,34,9962,76,459,5975,6189,ITF,ITF3,15,Campania,Campania,5801692,334746,5.77,0.21
633,2021-03-05,CAM,16473,6346,10127,1681,224,2364,64,6349,4,5787,9814,6659,ITF,ITF3,15,Campania,Campania,5801692,351219,6.05,0.28
634,2021-01-07,CAM,8910,4166,4744,6313,1087,1178,332,0,0,0,8910,0,ITF,ITF3,15,Campania,Campania,5801692,360129,6.21,0.15
635,2021-02-10,CAM,6904,3413,3491,1945,284,2419,98,2158,0,0,6728,176,ITF,ITF3,15,Campania,Campania,5801692,367033,6.33,0.12
636,2021-01-26,CAM,7340,3726,3614,5775,847,487,231,0,0,0,352,6988,ITF,ITF3,15,Campania,Campania,5801692,374373,6.45,0.13
637,2021-02-14,CAM,3924,1921,2003,626,84,736,15,2463,0,0,3890,34,ITF,ITF3,15,Campania,Campania,5801692,378297,6.52,0.07
638,2021-02-01,CAM,3985,1813,2172,2504,656,673,152,0,0,0,110,3875,ITF,ITF3,15,Campania,Campania,5801692,382282,6.59,0.07
639,2021-01-02,CAM,3673,1962,1711,3167,340,166,0,0,0,0,3673,0,ITF,ITF3,15,Campania,Campania,5801692,385955,6.65,0.06
640,2021-01-20,CAM,1257,650,607,395,146,615,101,0,0,0,1257,0,ITF,ITF3,15,Campania,Campania,5801692,387212,6.67,0.02
641,2021-03-09,CAM,13839,6619,7220,797,266,2762,184,4495,1148,4187,10058,3781,ITF,ITF3,15,Campania,Campania,5801692,401051,6.91,0.24
642,2021-04-05,CAM,11639,5541,6098,141,19,8113,6,2882,46,432,9218,2421,ITF,ITF3,15,Campania,Campania,5801692,412690,7.11,0.2
643,2021-01-11,CAM,4072,1871,2201,2386,681,753,252,0,0,0,4072,0,ITF,ITF3,15,Campania,Campania,5801692,416762,7.18,0.07
644,2021-03-30,CAM,21671,10258,11413,278,45,13530,165,5648,170,1835,18716,2955,ITF,ITF3,15,Campania,Campania,5801692,438433,7.56,0.37
645,2021-01-13,CAM,8019,3665,4354,4350,1031,2051,587,0,0,0,8019,0,ITF,ITF3,15,Campania,Campania,5801692,446452,7.7,0.14
646,2021-01-03,CAM,3837,2009,1828,3191,401,245,0,0,0,0,3837,0,ITF,ITF3,15,Campania,Campania,5801692,450289,7.76,0.07
647,2021-03-07,CAM,11911,5344,6567,533,109,1302,85,4019,1512,4351,8070,3841,ITF,ITF3,15,Campania,Campania,5801692,462200,7.97,0.21
648,2021-01-10,CAM,8165,3736,4429,5179,1010,1879,97,0,0,0,8165,0,ITF,ITF3,15,Campania,Campania,5801692,470365,8.11,0.14
649,2021-02-05,CAM,7261,3463,3798,3447,995,2502,308,9,0,0,2132,5129,ITF,ITF3,15,Campania,Campania,5801692,477626,8.23,0.13
650,2021-01-05,CAM,7237,3638,3599,5810,923,398,106,0,0,0,7237,0,ITF,ITF3,15,Campania,Campania,5801692,484863,8.36,0.12
651,2021-01-30,CAM,10721,5079,5642,6930,1278,2286,227,0,0,0,39,10682,ITF,ITF3,15,Campania,Campania,5801692,495584,8.54,0.18
652,2021-03-27,CAM,21235,10017,11218,356,35,11581,63,7098,146,1956,17372,3863,ITF,ITF3,15,Campania,Campania,5801692,516819,8.91,0.37
653,2021-03-22,CAM,12744,5921,6823,309,755,5169,71,3500,469,2471,10706,2038,ITF,ITF3,15,Campania,Campania,5801692,529563,9.13,0.22
654,2021-03-17,CAM,11585,5096,6489,490,123,748,49,10005,33,137,5006,6579,ITF,ITF3,15,Campania,Campania,5801692,541148,9.33,0.2
655,2021-03-01,CAM,12122,4245,7877,1153,306,1665,147,3065,0,5786,8011,4111,ITF,ITF3,15,Campania,Campania,5801692,553270,9.54,0.21
656,2021-02-04,CAM,7943,3429,4514,3965,1245,2440,292,1,0,0,1308,6635,ITF,ITF3,15,Campania,Campania,5801692,561213,9.67,0.14
657,2021-03-31,CAM,22706,10904,11802,359,35,15751,114,5149,134,1164,19227,3479,ITF,ITF3,15,Campania,Campania,5801692,583919,10.06,0.39
658,2021-03-02,CAM,12745,4550,8195,1294,193,1978,147,3232,2,5899,8401,4344,ITF,ITF3,15,Campania,Campania,5801692,596664,10.28,0.22
659,2021-01-23,CAM,3838,2028,1810,3161,343,265,69,0,0,0,273,3565,ITF,ITF3,15,Campania,Campania,5801692,600502,10.35,0.07
660,2021-02-09,CAM,4643,2202,2441,1148,178,1973,6,1338,0,0,4391,252,ITF,ITF3,15,Campania,Campania,5801692,605145,10.43,0.08
661,2021-02-07,CAM,2929,1382,1547,706,189,1519,225,290,0,0,2158,771,ITF,ITF3,15,Campania,Campania,5801692,608074,10.48,0.05
662,2020-12-31,CAM,1490,811,679,1273,150,66,1,0,0,0,1490,0,ITF,ITF3,15,Campania,Campania,5801692,609564,10.51,0.03
663,2021-03-20,CAM,13895,6433,7462,295,35,3812,35,6510,324,2884,10156,3739,ITF,ITF3,15,Campania,Campania,5801692,623459,10.75,0.24
664,2021-02-15,CAM,5469,2515,2954,987,220,771,94,3395,1,1,5296,173,ITF,ITF3,15,Campania,Campania,5801692,628928,10.84,0.09
665,2021-03-28,CAM,15547,7496,8051,79,155,9389,18,5103,124,679,13924,1623,ITF,ITF3,15,Campania,Campania,5801692,644475,11.11,0.27
666,2021-02-24,CAM,11763,4143,7620,845,192,436,141,5960,0,4189,11075,688,ITF,ITF3,15,Campania,Campania,5801692,656238,11.31,0.2
667,2021-02-21,CAM,5833,2239,3594,780,44,609,22,3870,0,508,5608,225,ITF,ITF3,15,Campania,Campania,5801692,662071,11.41,0.1
668,2021-01-17,CAM,1155,551,604,718,54,232,151,0,0,0,702,453,ITF,ITF3,15,Campania,Campania,5801692,663226,11.43,0.02
669,2021-03-19,CAM,11029,4867,6162,392,67,1215,21,8437,44,853,7160,3869,ITF,ITF3,15,Campania,Campania,5801692,674255,11.62,0.19
670,2021-04-06,CAM,24333,11406,12927,301,107,16781,123,5361,105,1555,19819,4514,ITF,ITF3,15,Campania,Campania,5801692,698588,12.04,0.42
671,2021-02-28,CAM,10411,3206,7205,496,113,2047,22,2237,0,5496,8511,1900,ITF,ITF3,15,Campania,Campania,5801692,708999,12.22,0.18
672,2021-03-06,CAM,16297,6747,9550,993,132,1359,172,7128,1027,5486,10630,5667,ITF,ITF3,15,Campania,Campania,5801692,725296,12.5,0.28
673,2021-03-10,CAM,15240,7374,7866,704,240,2311,26,8433,1058,2468,8411,6829,ITF,ITF3,15,Campania,Campania,5801692,740536,12.76,0.26
674,2021-03-21,CAM,9979,4592,5387,168,27,4971,17,2933,188,1675,7590,2389,ITF,ITF3,15,Campania,Campania,5801692,750515,12.94,0.17
675,2021-03-08,CAM,14536,6715,7821,888,245,2179,70,4863,1334,4957,9760,4776,ITF,ITF3,15,Campania,Campania,5801692,765051,13.19,0.25
676,2021-02-23,CAM,10988,3383,7605,520,85,401,289,3755,0,5938,10462,526,ITF,ITF3,15,Campania,Campania,5801692,776039,13.38,0.19
677,2021-02-12,CAM,6529,2861,3668,1886,262,1111,208,3058,0,4,6343,186,ITF,ITF3,15,Campania,Campania,5801692,782568,13.49,0.11
678,2021-01-22,CAM,1523,775,748,970,120,224,209,0,0,0,673,850,ITF,ITF3,15,Campania,Campania,5801692,784091,13.51,0.03
679,2021-03-03,CAM,13918,5494,8424,2088,234,2459,156,4746,3,4232,7289,6629,ITF,ITF3,15,Campania,Campania,5801692,798009,13.75,0.24
680,2021-03-04,CAM,14649,5348,9301,1901,289,1923,136,5562,1,4837,8756,5893,ITF,ITF3,15,Campania,Campania,5801692,812658,14.01,0.25
681,2021-03-23,CAM,15334,7058,8276,359,488,6023,181,4730,260,3293,12829,2505,ITF,ITF3,15,Campania,Campania,5801692,827992,14.27,0.26
682,2021-03-24,CAM,17618,8081,9537,410,71,7675,70,6718,232,2442,14667,2951,ITF,ITF3,15,Campania,Campania,5801692,845610,14.58,0.3
683,2021-01-24,CAM,4128,2123,2005,3140,410,412,166,0,0,0,383,3745,ITF,ITF3,15,Campania,Campania,5801692,849738,14.65,0.07
684,2021-03-25,CAM,19994,9339,10655,308,38,9538,8,7448,170,2484,16491,3503,ITF,ITF3,15,Campania,Campania,5801692,869732,14.99,0.34
685,2021-02-13,CAM,5509,2550,2959,960,99,701,131,3616,0,2,5292,217,ITF,ITF3,15,Campania,Campania,5801692,875241,15.09,0.09
686,2021-01-19,CAM,1095,474,621,534,129,261,171,0,0,0,1092,3,ITF,ITF3,15,Campania,Campania,5801692,876336,15.1,0.02
687,2021-03-11,CAM,17573,8666,8907,1048,254,3013,105,8933,1384,2836,10297,7276,ITF,ITF3,15,Campania,Campania,5801692,893909,15.41,0.3
688,2021-01-28,CAM,8833,4122,4711,6216,1094,1176,347,0,0,0,135,8698,ITF,ITF3,15,Campania,Campania,5801692,902742,15.56,0.15
689,2021-02-02,CAM,5722,2804,2918,3640,828,900,354,0,0,0,443,5279,ITF,ITF3,15,Campania,Campania,5801692,908464,15.66,0.1
690,2021-01-04,CAM,5826,2963,2863,4850,679,297,0,0,0,0,5826,0,ITF,ITF3,15,Campania,Campania,5801692,914290,15.76,0.1
691,2021-03-15,CAM,12899,6079,6820,800,131,2535,82,6279,511,2561,8198,4701,ITF,ITF3,15,Campania,Campania,5801692,927189,15.98,0.22
692,2021-02-03,CAM,8902,4002,4900,4736,1101,2350,714,1,0,0,878,8024,ITF,ITF3,15,Campania,Campania,5801692,936091,16.13,0.15
693,2021-04-08,CAM,8245,4006,4239,75,20,4772,10,2989,42,337,5422,2823,ITF,ITF3,15,Campania,Campania,5801692,944336,16.28,0.14
694,2021-01-15,CAM,4980,2381,2599,2740,832,1217,191,0,0,0,4980,0,ITF,ITF3,15,Campania,Campania,5801692,949316,16.36,0.09
695,2021-04-07,CAM,20838,9859,10979,273,38,13838,57,5476,184,972,16711,4127,ITF,ITF3,15,Campania,Campania,5801692,970154,16.72,0.36
696,2021-01-27,CAM,7737,3820,3917,5838,875,754,270,0,0,0,162,7575,ITF,ITF3,15,Campania,Campania,5801692,977891,16.86,0.13
697,2021-01-31,CAM,8066,3711,4355,5106,1012,1881,67,0,0,0,23,8043,ITF,ITF3,15,Campania,Campania,5801692,985957,16.99,0.14
698,2021-02-23,SAR,1519,1010,509,602,191,330,89,6,301,0,1285,234,ITG,ITG2,20,Sardegna,Sardegna,1639591,1519,0.09,0.09
699,2021-01-07,SAR,3111,1077,2034,2720,311,69,0,0,11,0,3111,0,ITG,ITG2,20,Sardegna,Sardegna,1639591,4630,0.28,0.19
700,2020-12-28,SAR,65,25,40,65,0,0,0,0,0,0,65,0,ITG,ITG2,20,Sardegna,Sardegna,1639591,4695,0.29,0.0
701,2021-01-13,SAR,573,178,395,494,76,3,0,0,0,0,573,0,ITG,ITG2,20,Sardegna,Sardegna,1639591,5268,0.32,0.03
702,2021-03-21,SAR,4030,1809,2221,64,5,405,0,2879,102,575,2590,1440,ITG,ITG2,20,Sardegna,Sardegna,1639591,9298,0.57,0.25
703,2021-02-09,SAR,2286,837,1449,1308,408,71,497,1,0,1,1290,996,ITG,ITG2,20,Sardegna,Sardegna,1639591,11584,0.71,0.14
704,2021-02-26,SAR,2797,1107,1690,1224,509,561,221,203,74,5,2491,306,ITG,ITG2,20,Sardegna,Sardegna,1639591,14381,0.88,0.17
705,2021-02-21,SAR,1586,710,876,66,25,9,59,1421,6,0,1556,30,ITG,ITG2,20,Sardegna,Sardegna,1639591,15967,0.97,0.1
706,2021-01-31,SAR,2121,750,1371,1544,128,448,0,1,0,0,48,2073,ITG,ITG2,20,Sardegna,Sardegna,1639591,18088,1.1,0.13
707,2021-02-28,SAR,368,169,199,245,69,7,47,0,0,0,142,226,ITG,ITG2,20,Sardegna,Sardegna,1639591,18456,1.13,0.02
708,2021-03-11,SAR,5903,2670,3233,1011,419,651,416,2814,490,102,4684,1219,ITG,ITG2,20,Sardegna,Sardegna,1639591,24359,1.49,0.36
709,2021-03-18,SAR,7216,3052,4164,1076,240,1338,354,4133,12,63,5614,1602,ITG,ITG2,20,Sardegna,Sardegna,1639591,31575,1.93,0.44
710,2021-02-05,SAR,1897,749,1148,1214,420,95,164,1,3,0,433,1464,ITG,ITG2,20,Sardegna,Sardegna,1639591,33472,2.04,0.12
711,2021-03-29,SAR,4352,1531,2821,624,209,841,182,997,88,1411,3766,586,ITG,ITG2,20,Sardegna,Sardegna,1639591,37824,2.31,0.27
712,2021-01-02,SAR,60,21,39,60,0,0,0,0,0,0,60,0,ITG,ITG2,20,Sardegna,Sardegna,1639591,37884,2.31,0.0
713,2021-03-09,SAR,5148,2370,2778,1055,368,528,285,2270,332,310,4418,730,ITG,ITG2,20,Sardegna,Sardegna,1639591,43032,2.62,0.31
714,2021-01-26,SAR,1336,453,883,1296,27,12,0,0,0,1,27,1309,ITG,ITG2,20,Sardegna,Sardegna,1639591,44368,2.71,0.08
715,2021-01-16,SAR,1492,525,967,1282,165,44,0,0,0,1,1492,0,ITG,ITG2,20,Sardegna,Sardegna,1639591,45860,2.8,0.09
716,2021-03-15,SAR,2683,1215,1468,458,172,477,85,323,149,1019,2310,373,ITG,ITG2,20,Sardegna,Sardegna,1639591,48543,2.96,0.16
717,2021-03-31,SAR,9588,3812,5776,395,102,2816,228,4653,16,1378,7230,2358,ITG,ITG2,20,Sardegna,Sardegna,1639591,58131,3.55,0.58
718,2021-01-29,SAR,2951,1067,1884,2580,226,142,3,0,0,0,48,2903,ITG,ITG2,20,Sardegna,Sardegna,1639591,61082,3.73,0.18
719,2021-02-24,SAR,2410,1292,1118,1193,311,303,301,3,299,0,2221,189,ITG,ITG2,20,Sardegna,Sardegna,1639591,63492,3.87,0.15
720,2021-03-20,SAR,5149,2060,3089,695,255,411,127,2701,105,855,2873,2276,ITG,ITG2,20,Sardegna,Sardegna,1639591,68641,4.19,0.31
721,2021-04-06,SAR,6751,2788,3963,656,79,3165,168,2198,31,454,4770,1981,ITG,ITG2,20,Sardegna,Sardegna,1639591,75392,4.6,0.41
722,2021-03-28,SAR,4499,1773,2726,83,19,488,21,3195,12,681,4420,79,ITG,ITG2,20,Sardegna,Sardegna,1639591,79891,4.87,0.27
723,2021-03-03,SAR,3744,2038,1706,1058,273,444,525,702,741,1,2606,1138,ITG,ITG2,20,Sardegna,Sardegna,1639591,83635,5.1,0.23
724,2021-01-09,SAR,4026,1417,2609,3181,602,243,0,0,0,0,4026,0,ITG,ITG2,20,Sardegna,Sardegna,1639591,87661,5.35,0.25
725,2021-03-01,SAR,2160,1054,1106,1135,233,212,141,104,334,1,1501,659,ITG,ITG2,20,Sardegna,Sardegna,1639591,89821,5.48,0.13
726,2021-01-17,SAR,860,277,583,747,113,0,0,0,0,0,859,1,ITG,ITG2,20,Sardegna,Sardegna,1639591,90681,5.53,0.05
727,2021-03-19,SAR,7189,2995,4194,1315,444,1598,222,3410,190,10,4974,2215,ITG,ITG2,20,Sardegna,Sardegna,1639591,97870,5.97,0.44
728,2021-04-01,SAR,9547,3783,5764,454,135,3250,204,4173,81,1250,6717,2830,ITG,ITG2,20,Sardegna,Sardegna,1639591,107417,6.55,0.58
729,2021-01-22,SAR,83,47,36,45,38,0,0,0,0,0,55,28,ITG,ITG2,20,Sardegna,Sardegna,1639591,107500,6.56,0.01
730,2021-03-06,SAR,2638,1079,1559,1106,543,401,461,12,79,36,857,1781,ITG,ITG2,20,Sardegna,Sardegna,1639591,110138,6.72,0.16
731,2021-02-17,SAR,1406,576,830,689,292,85,313,0,27,0,1332,74,ITG,ITG2,20,Sardegna,Sardegna,1639591,111544,6.8,0.09
732,2021-02-16,SAR,700,289,411,376,135,77,112,0,0,0,673,27,ITG,ITG2,20,Sardegna,Sardegna,1639591,112244,6.85,0.04
733,2021-03-10,SAR,6005,2915,3090,719,383,516,414,2981,657,335,5153,852,ITG,ITG2,20,Sardegna,Sardegna,1639591,118249,7.21,0.37
734,2021-01-08,SAR,3257,1184,2073,2929,230,98,0,0,0,0,3257,0,ITG,ITG2,20,Sardegna,Sardegna,1639591,121506,7.41,0.2
735,2021-02-18,SAR,1877,732,1145,1073,301,61,298,1,33,110,1813,64,ITG,ITG2,20,Sardegna,Sardegna,1639591,123383,7.53,0.11
736,2021-01-11,SAR,1183,505,678,656,139,387,0,1,0,0,1183,0,ITG,ITG2,20,Sardegna,Sardegna,1639591,124566,7.6,0.07
737,2021-01-25,SAR,588,212,376,553,29,6,0,0,0,0,22,566,ITG,ITG2,20,Sardegna,Sardegna,1639591,125154,7.63,0.04
738,2021-03-05,SAR,4963,2430,2533,1692,775,588,669,570,659,10,2675,2288,ITG,ITG2,20,Sardegna,Sardegna,1639591,130117,7.94,0.3
739,2021-04-04,SAR,39,16,23,0,0,3,0,36,0,0,39,0,ITG,ITG2,20,Sardegna,Sardegna,1639591,130156,7.94,0.0
740,2021-02-27,SAR,1920,647,1273,1059,291,88,306,176,0,0,1365,555,ITG,ITG2,20,Sardegna,Sardegna,1639591,132076,8.06,0.12
741,2021-02-12,SAR,2237,933,1304,986,660,89,501,1,0,0,2178,59,ITG,ITG2,20,Sardegna,Sardegna,1639591,134313,8.19,0.14
742,2021-02-04,SAR,2271,816,1455,1737,307,56,170,1,0,0,916,1355,ITG,ITG2,20,Sardegna,Sardegna,1639591,136584,8.33,0.14
743,2021-03-30,SAR,7192,2838,4354,628,224,2021,207,2644,28,1440,5449,1743,ITG,ITG2,20,Sardegna,Sardegna,1639591,143776,8.77,0.44
744,2021-03-08,SAR,4000,1785,2215,740,492,669,649,853,444,153,2781,1219,ITG,ITG2,20,Sardegna,Sardegna,1639591,147776,9.01,0.24
745,2021-01-15,SAR,1563,573,990,1170,338,52,0,0,3,0,1563,0,ITG,ITG2,20,Sardegna,Sardegna,1639591,149339,9.11,0.1
746,2021-02-10,SAR,1959,765,1194,1169,245,56,488,0,0,1,1441,518,ITG,ITG2,20,Sardegna,Sardegna,1639591,151298,9.23,0.12
747,2021-01-03,SAR,90,36,54,89,1,0,0,0,0,0,90,0,ITG,ITG2,20,Sardegna,Sardegna,1639591,151388,9.23,0.01
748,2021-01-30,SAR,3862,1392,2470,2987,500,374,0,1,0,0,362,3500,ITG,ITG2,20,Sardegna,Sardegna,1639591,155250,9.47,0.24
749,2021-01-21,SAR,126,60,66,60,44,22,0,0,0,0,94,32,ITG,ITG2,20,Sardegna,Sardegna,1639591,155376,9.48,0.01
750,2021-03-25,SAR,8326,3470,4856,815,153,1776,188,3581,251,1562,7023,1303,ITG,ITG2,20,Sardegna,Sardegna,1639591,163702,9.98,0.51
751,2021-02-20,SAR,2041,855,1186,484,128,31,195,1202,0,1,1707,334,ITG,ITG2,20,Sardegna,Sardegna,1639591,165743,10.11,0.12
752,2021-02-15,SAR,958,349,609,440,226,13,279,0,0,0,927,31,ITG,ITG2,20,Sardegna,Sardegna,1639591,166701,10.17,0.06
753,2021-03-13,SAR,2749,1071,1678,274,103,294,145,1758,43,132,2468,281,ITG,ITG2,20,Sardegna,Sardegna,1639591,169450,10.33,0.17
754,2021-03-27,SAR,5492,2078,3414,331,135,1014,203,2485,15,1309,5069,423,ITG,ITG2,20,Sardegna,Sardegna,1639591,174942,10.67,0.33
755,2021-02-08,SAR,1470,533,937,998,315,30,126,1,0,0,856,614,ITG,ITG2,20,Sardegna,Sardegna,1639591,176412,10.76,0.09
756,2021-03-04,SAR,3949,1923,2026,955,306,553,525,1094,474,42,2746,1203,ITG,ITG2,20,Sardegna,Sardegna,1639591,180361,11.0,0.24
757,2021-01-01,SAR,30,16,14,30,0,0,0,0,0,0,30,0,ITG,ITG2,20,Sardegna,Sardegna,1639591,180391,11.0,0.0
758,2021-02-22,SAR,1630,947,683,606,239,163,180,2,440,0,1402,228,ITG,ITG2,20,Sardegna,Sardegna,1639591,182021,11.1,0.1
759,2021-01-23,SAR,60,22,38,60,0,0,0,0,0,0,0,60,ITG,ITG2,20,Sardegna,Sardegna,1639591,182081,11.11,0.0
760,2021-01-12,SAR,865,408,457,504,88,273,0,0,0,0,865,0,ITG,ITG2,20,Sardegna,Sardegna,1639591,182946,11.16,0.05
761,2021-01-14,SAR,1105,426,679,885,167,53,0,0,0,0,1105,0,ITG,ITG2,20,Sardegna,Sardegna,1639591,184051,11.23,0.07
762,2021-02-11,SAR,1314,490,824,588,240,116,369,1,0,0,1203,111,ITG,ITG2,20,Sardegna,Sardegna,1639591,185365,11.31,0.08
763,2021-03-07,SAR,1657,750,907,323,227,15,78,1012,0,2,1117,540,ITG,ITG2,20,Sardegna,Sardegna,1639591,187022,11.41,0.1
764,2021-04-07,SAR,8592,3892,4700,475,198,4587,208,2810,14,300,5203,3389,ITG,ITG2,20,Sardegna,Sardegna,1639591,195614,11.93,0.52
765,2021-03-02,SAR,2762,1423,1339,1046,277,454,278,321,384,2,1712,1050,ITG,ITG2,20,Sardegna,Sardegna,1639591,198376,12.1,0.17
766,2021-02-02,SAR,1482,655,827,988,187,307,0,0,0,0,241,1241,ITG,ITG2,20,Sardegna,Sardegna,1639591,199858,12.19,0.09
767,2021-01-20,SAR,210,77,133,154,56,0,0,0,0,0,208,2,ITG,ITG2,20,Sardegna,Sardegna,1639591,200068,12.2,0.01
768,2021-03-23,SAR,6076,2583,3493,1108,209,974,260,2294,90,1141,4996,1080,ITG,ITG2,20,Sardegna,Sardegna,1639591,206144,12.57,0.37
769,2021-01-05,SAR,1327,446,881,1283,33,11,0,0,0,0,1327,0,ITG,ITG2,20,Sardegna,Sardegna,1639591,207471,12.65,0.08
770,2021-04-03,SAR,4230,1626,2604,181,174,924,61,2448,17,425,2509,1721,ITG,ITG2,20,Sardegna,Sardegna,1639591,211701,12.91,0.26
771,2020-12-27,SAR,65,34,31,65,0,0,0,0,0,0,65,0,ITG,ITG2,20,Sardegna,Sardegna,1639591,211766,12.92,0.0
772,2021-01-27,SAR,1408,494,914,1303,75,30,0,0,0,0,79,1329,ITG,ITG2,20,Sardegna,Sardegna,1639591,213174,13.0,0.09
773,2021-03-17,SAR,6539,2846,3693,1076,452,1029,528,3322,4,128,4930,1609,ITG,ITG2,20,Sardegna,Sardegna,1639591,219713,13.4,0.4
774,2021-01-28,SAR,2968,1044,1924,2554,327,76,0,0,11,0,69,2899,ITG,ITG2,20,Sardegna,Sardegna,1639591,222681,13.58,0.18
775,2021-01-10,SAR,2183,750,1433,1632,228,323,0,0,0,0,2183,0,ITG,ITG2,20,Sardegna,Sardegna,1639591,224864,13.71,0.13
776,2021-03-14,SAR,606,376,230,34,1,235,0,251,73,12,606,0,ITG,ITG2,20,Sardegna,Sardegna,1639591,225470,13.75,0.04
777,2021-04-08,SAR,4761,2099,2662,240,43,2229,56,2086,22,85,2420,2341,ITG,ITG2,20,Sardegna,Sardegna,1639591,230231,14.04,0.29
778,2021-03-16,SAR,4367,1945,2422,645,173,704,311,2526,0,8,3445,922,ITG,ITG2,20,Sardegna,Sardegna,1639591,234598,14.31,0.27
779,2021-02-19,SAR,1495,470,1025,677,336,101,379,1,1,0,1439,56,ITG,ITG2,20,Sardegna,Sardegna,1639591,236093,14.4,0.09
780,2021-03-26,SAR,7984,3130,4854,842,254,2077,413,2727,151,1520,6460,1524,ITG,ITG2,20,Sardegna,Sardegna,1639591,244077,14.89,0.49
781,2021-02-14,SAR,539,263,276,286,187,6,57,3,0,0,537,2,ITG,ITG2,20,Sardegna,Sardegna,1639591,244616,14.92,0.03
782,2021-04-05,SAR,2030,781,1249,55,35,1087,0,144,16,693,2028,2,ITG,ITG2,20,Sardegna,Sardegna,1639591,246646,15.04,0.12
783,2021-01-06,SAR,1615,549,1066,1510,67,38,0,0,0,0,1615,0,ITG,ITG2,20,Sardegna,Sardegna,1639591,248261,15.14,0.1
784,2021-02-25,SAR,2899,1255,1644,1474,348,390,466,161,51,9,2293,606,ITG,ITG2,20,Sardegna,Sardegna,1639591,251160,15.32,0.18
785,2020-12-29,SAR,57,32,25,56,1,0,0,0,0,0,57,0,ITG,ITG2,20,Sardegna,Sardegna,1639591,251217,15.32,0.0
786,2021-03-12,SAR,5751,2405,3346,1037,482,779,456,2567,271,159,4443,1308,ITG,ITG2,20,Sardegna,Sardegna,1639591,256968,15.67,0.35
787,2021-01-04,SAR,591,217,374,565,15,11,0,0,0,0,591,0,ITG,ITG2,20,Sardegna,Sardegna,1639591,257559,15.71,0.04
788,2020-12-31,SAR,32,16,16,28,0,4,0,0,0,0,32,0,ITG,ITG2,20,Sardegna,Sardegna,1639591,257591,15.71,0.0
789,2021-02-01,SAR,1524,605,919,896,151,400,77,0,0,0,225,1299,ITG,ITG2,20,Sardegna,Sardegna,1639591,259115,15.8,0.09
790,2021-01-19,SAR,747,270,477,423,163,0,160,0,0,1,692,55,ITG,ITG2,20,Sardegna,Sardegna,1639591,259862,15.85,0.05
791,2021-02-07,SAR,1116,394,722,975,136,5,0,0,0,0,228,888,ITG,ITG2,20,Sardegna,Sardegna,1639591,260978,15.92,0.07
792,2021-01-18,SAR,904,326,578,714,173,17,0,0,0,0,780,124,ITG,ITG2,20,Sardegna,Sardegna,1639591,261882,15.97,0.06
793,2021-03-22,SAR,3492,1322,2170,838,151,412,109,781,66,1135,2979,513,ITG,ITG2,20,Sardegna,Sardegna,1639591,265374,16.19,0.21
794,2021-04-02,SAR,8491,3314,5177,524,199,2430,164,3842,31,1301,5606,2885,ITG,ITG2,20,Sardegna,Sardegna,1639591,273865,16.7,0.52
795,2021-01-24,SAR,90,34,56,89,0,1,0,0,0,0,5,85,ITG,ITG2,20,Sardegna,Sardegna,1639591,273955,16.71,0.01
796,2021-02-06,SAR,1970,697,1273,1544,237,49,139,0,0,1,569,1401,ITG,ITG2,20,Sardegna,Sardegna,1639591,275925,16.83,0.12
797,2021-03-24,SAR,7012,2873,4139,738,159,1507,390,2975,184,1059,5652,1360,ITG,ITG2,20,Sardegna,Sardegna,1639591,282937,17.26,0.43
798,2021-02-13,SAR,1454,563,891,732,400,64,253,0,0,5,1452,2,ITG,ITG2,20,Sardegna,Sardegna,1639591,284391,17.35,0.09
799,2021-02-03,SAR,1119,419,700,920,169,11,19,0,0,0,426,693,ITG,ITG2,20,Sardegna,Sardegna,1639591,285510,17.41,0.07
800,2021-03-26,FVG,5658,2371,3287,496,193,1962,123,2045,87,752,3646,2012,ITH,ITH4,6,Friuli-Venezia Giulia,Friuli Venezia Giulia,1215220,5658,0.47,0.47
801,2021-01-07,FVG,2092,718,1374,1760,1,221,110,0,0,0,2092,0,ITH,ITH4,6,Friuli-Venezia Giulia,Friuli Venezia Giulia,1215220,7750,0.64,0.17
802,2021-03-04,FVG,3411,1578,1833,357,212,39,96,1815,491,401,2769,642,ITH,ITH4,6,Friuli-Venezia Giulia,Friuli Venezia Giulia,1215220,11161,0.92,0.28
803,2021-03-08,FVG,4041,1574,2467,694,366,176,140,2190,39,436,1953,2088,ITH,ITH4,6,Friuli-Venezia Giulia,Friuli Venezia Giulia,1215220,15202,1.25,0.33
804,2021-02-12,FVG,1200,428,772,674,392,3,128,2,0,1,1150,50,ITH,ITH4,6,Friuli-Venezia Giulia,Friuli Venezia Giulia,1215220,16402,1.35,0.1
805,2021-01-24,FVG,305,119,186,277,0,27,1,0,0,0,1,304,ITH,ITH4,6,Friuli-Venezia Giulia,Friuli Venezia Giulia,1215220,16707,1.37,0.03
806,2021-04-07,FVG,3402,1521,1881,171,195,2149,28,843,4,12,2862,540,ITH,ITH4,6,Friuli-Venezia Giulia,Friuli Venezia Giulia,1215220,20109,1.65,0.28
807,2021-01-08,FVG,2322,747,1575,1680,5,241,396,0,0,0,2322,0,ITH,ITH4,6,Friuli-Venezia Giulia,Friuli Venezia Giulia,1215220,22431,1.85,0.19
808,2021-02-18,FVG,3210,1488,1722,229,122,16,331,1500,34,978,2804,406,ITH,ITH4,6,Friuli-Venezia Giulia,Friuli Venezia Giulia,1215220,25641,2.11,0.26
809,2021-02-19,FVG,3254,1290,1964,568,309,14,313,1589,35,426,2825,429,ITH,ITH4,6,Friuli-Venezia Giulia,Friuli Venezia Giulia,1215220,28895,2.38,0.27
810,2021-02-27,FVG,3422,1178,2244,203,140,32,0,1523,25,1499,3421,1,ITH,ITH4,6,Friuli-Venezia Giulia,Friuli Venezia Giulia,1215220,32317,2.66,0.28
811,2021-01-02,FVG,1217,471,746,1150,0,67,0,0,0,0,1217,0,ITH,ITH4,6,Friuli-Venezia Giulia,Friuli Venezia Giulia,1215220,33534,2.76,0.1
812,2021-03-01,FVG,2958,1042,1916,93,32,68,176,1636,4,949,2905,53,ITH,ITH4,6,Friuli-Venezia Giulia,Friuli Venezia Giulia,1215220,36492,3.0,0.24
813,2021-01-14,FVG,2588,789,1799,1608,14,536,430,0,0,0,2588,0,ITH,ITH4,6,Friuli-Venezia Giulia,Friuli Venezia Giulia,1215220,39080,3.22,0.21
814,2021-01-29,FVG,2413,813,1600,1855,0,321,237,0,0,0,264,2149,ITH,ITH4,6,Friuli-Venezia Giulia,Friuli Venezia Giulia,1215220,41493,3.41,0.2
815,2021-03-22,FVG,3475,1327,2148,147,86,102,207,2464,6,463,1522,1953,ITH,ITH4,6,Friuli-Venezia Giulia,Friuli Venezia Giulia,1215220,44968,3.7,0.29
816,2021-03-31,FVG,7925,3458,4467,168,85,4241,287,2155,111,878,7094,831,ITH,ITH4,6,Friuli-Venezia Giulia,Friuli Venezia Giulia,1215220,52893,4.35,0.65
817,2021-04-02,FVG,5849,2580,3269,320,220,2289,52,2957,8,3,4233,1616,ITH,ITH4,6,Friuli-Venezia Giulia,Friuli Venezia Giulia,1215220,58742,4.83,0.48
818,2021-02-20,FVG,2068,933,1135,11,1,18,148,1584,0,306,1924,144,ITH,ITH4,6,Friuli-Venezia Giulia,Friuli Venezia Giulia,1215220,60810,5.0,0.17
819,2021-03-12,FVG,3935,1542,2393,176,61,116,27,2865,101,589,2555,1380,ITH,ITH4,6,Friuli-Venezia Giulia,Friuli Venezia Giulia,1215220,64745,5.33,0.32
820,2021-02-01,FVG,2094,688,1406,1588,254,117,135,0,0,0,15,2079,ITH,ITH4,6,Friuli-Venezia Giulia,Friuli Venezia Giulia,1215220,66839,5.5,0.17
821,2021-02-13,FVG,567,179,388,337,230,0,0,0,0,0,561,6,ITH,ITH4,6,Friuli-Venezia Giulia,Friuli Venezia Giulia,1215220,67406,5.55,0.05
822,2021-02-08,FVG,2356,693,1663,1400,521,0,435,0,0,0,92,2264,ITH,ITH4,6,Friuli-Venezia Giulia,Friuli Venezia Giulia,1215220,69762,5.74,0.19
823,2021-01-18,FVG,1962,607,1355,1360,4,488,110,0,0,0,1868,94,ITH,ITH4,6,Friuli-Venezia Giulia,Friuli Venezia Giulia,1215220,71724,5.9,0.16
824,2021-01-27,FVG,1272,425,847,851,1,356,64,0,0,0,450,822,ITH,ITH4,6,Friuli-Venezia Giulia,Friuli Venezia Giulia,1215220,72996,6.01,0.1
825,2021-03-29,FVG,6791,2973,3818,235,179,3475,143,2401,46,312,5213,1578,ITH,ITH4,6,Friuli-Venezia Giulia,Friuli Venezia Giulia,1215220,79787,6.57,0.56
826,2021-01-12,FVG,2259,712,1547,1528,19,351,361,0,0,0,2259,0,ITH,ITH4,6,Friuli-Venezia Giulia,Friuli Venezia Giulia,1215220,82046,6.75,0.19
827,2021-03-09,FVG,3862,1590,2272,657,420,102,195,2004,60,424,1109,2753,ITH,ITH4,6,Friuli-Venezia Giulia,Friuli Venezia Giulia,1215220,85908,7.07,0.32
828,2021-02-22,FVG,2493,1196,1297,431,312,15,115,1369,246,5,2075,418,ITH,ITH4,6,Friuli-Venezia Giulia,Friuli Venezia Giulia,1215220,88401,7.27,0.21
829,2021-03-28,FVG,4803,2270,2533,13,13,2936,0,425,111,1305,4663,140,ITH,ITH4,6,Friuli-Venezia Giulia,Friuli Venezia Giulia,1215220,93204,7.67,0.4
830,2021-03-19,FVG,3200,1327,1873,105,46,121,282,2512,0,134,1272,1928,ITH,ITH4,6,Friuli-Venezia Giulia,Friuli Venezia Giulia,1215220,96404,7.93,0.26
831,2021-02-28,FVG,2668,988,1680,234,162,1,0,405,378,1488,2273,395,ITH,ITH4,6,Friuli-Venezia Giulia,Friuli Venezia Giulia,1215220,99072,8.15,0.22
832,2021-02-25,FVG,3074,1606,1468,22,4,125,188,1557,436,742,3049,25,ITH,ITH4,6,Friuli-Venezia Giulia,Friuli Venezia Giulia,1215220,102146,8.41,0.25
833,2021-02-21,FVG,800,281,519,213,166,11,26,382,1,1,423,377,ITH,ITH4,6,Friuli-Venezia Giulia,Friuli Venezia Giulia,1215220,102946,8.47,0.07
834,2021-01-17,FVG,1720,524,1196,674,5,555,486,0,0,0,1720,0,ITH,ITH4,6,Friuli-Venezia Giulia,Friuli Venezia Giulia,1215220,104666,8.61,0.14
835,2021-03-16,FVG,3137,1281,1856,326,255,110,243,2202,0,1,1058,2079,ITH,ITH4,6,Friuli-Venezia Giulia,Friuli Venezia Giulia,1215220,107803,8.87,0.26
836,2021-02-09,FVG,1848,556,1292,1053,509,0,286,0,0,0,1559,289,ITH,ITH4,6,Friuli-Venezia Giulia,Friuli Venezia Giulia,1215220,109651,9.02,0.15
837,2021-01-03,FVG,312,122,190,285,0,26,1,0,0,0,312,0,ITH,ITH4,6,Friuli-Venezia Giulia,Friuli Venezia Giulia,1215220,109963,9.05,0.03
838,2021-02-05,FVG,2613,784,1829,1612,511,0,490,0,0,0,90,2523,ITH,ITH4,6,Friuli-Venezia Giulia,Friuli Venezia Giulia,1215220,112576,9.26,0.22
839,2021-03-25,FVG,5225,2220,3005,53,54,1989,186,2056,53,834,3092,2133,ITH,ITH4,6,Friuli-Venezia Giulia,Friuli Venezia Giulia,1215220,117801,9.69,0.43
840,2021-02-15,FVG,2454,909,1545,700,386,19,315,1034,0,0,2204,250,ITH,ITH4,6,Friuli-Venezia Giulia,Friuli Venezia Giulia,1215220,120255,9.9,0.2
841,2021-03-30,FVG,7004,3105,3899,416,306,3762,393,1933,54,140,6084,920,ITH,ITH4,6,Friuli-Venezia Giulia,Friuli Venezia Giulia,1215220,127259,10.47,0.58
842,2021-01-30,FVG,2271,744,1527,1475,2,352,442,0,0,0,270,2001,ITH,ITH4,6,Friuli-Venezia Giulia,Friuli Venezia Giulia,1215220,129530,10.66,0.19
843,2021-02-03,FVG,2646,790,1856,1701,558,0,386,1,0,0,23,2623,ITH,ITH4,6,Friuli-Venezia Giulia,Friuli Venezia Giulia,1215220,132176,10.88,0.22
844,2021-01-10,FVG,2941,919,2022,1745,6,945,245,0,0,0,2941,0,ITH,ITH4,6,Friuli-Venezia Giulia,Friuli Venezia Giulia,1215220,135117,11.12,0.24
845,2021-01-13,FVG,2651,834,1817,1822,9,590,230,0,0,0,2651,0,ITH,ITH4,6,Friuli-Venezia Giulia,Friuli Venezia Giulia,1215220,137768,11.34,0.22
846,2021-03-11,FVG,3326,1393,1933,262,109,47,287,2013,104,504,1578,1748,ITH,ITH4,6,Friuli-Venezia Giulia,Friuli Venezia Giulia,1215220,141094,11.61,0.27
847,2021-01-28,FVG,2236,792,1444,1755,0,287,194,0,0,0,354,1882,ITH,ITH4,6,Friuli-Venezia Giulia,Friuli Venezia Giulia,1215220,143330,11.79,0.18
848,2021-01-15,FVG,2028,606,1422,1283,6,364,375,0,0,0,2028,0,ITH,ITH4,6,Friuli-Venezia Giulia,Friuli Venezia Giulia,1215220,145358,11.96,0.17
849,2021-01-11,FVG,1882,609,1273,1500,3,333,46,0,0,0,1882,0,ITH,ITH4,6,Friuli-Venezia Giulia,Friuli Venezia Giulia,1215220,147240,12.12,0.15
850,2021-03-15,FVG,3759,1633,2126,327,253,105,180,2426,234,234,1440,2319,ITH,ITH4,6,Friuli-Venezia Giulia,Friuli Venezia Giulia,1215220,150999,12.43,0.31
851,2021-04-03,FVG,3166,1620,1546,29,24,1490,0,1451,23,149,2640,526,ITH,ITH4,6,Friuli-Venezia Giulia,Friuli Venezia Giulia,1215220,154165,12.69,0.26
852,2020-12-31,FVG,1053,384,669,1011,0,42,0,0,0,0,1053,0,ITH,ITH4,6,Friuli-Venezia Giulia,Friuli Venezia Giulia,1215220,155218,12.77,0.09
853,2021-01-04,FVG,1510,559,951,1392,0,118,0,0,0,0,1510,0,ITH,ITH4,6,Friuli-Venezia Giulia,Friuli Venezia Giulia,1215220,156728,12.9,0.12
854,2021-02-07,FVG,1561,483,1078,866,693,0,2,0,0,0,386,1175,ITH,ITH4,6,Friuli-Venezia Giulia,Friuli Venezia Giulia,1215220,158289,13.03,0.13
855,2021-04-05,FVG,2859,1425,1434,33,22,2195,0,465,24,120,2844,15,ITH,ITH4,6,Friuli-Venezia Giulia,Friuli Venezia Giulia,1215220,161148,13.26,0.24
856,2020-12-30,FVG,630,246,384,601,0,29,0,0,0,0,630,0,ITH,ITH4,6,Friuli-Venezia Giulia,Friuli Venezia Giulia,1215220,161778,13.31,0.05
857,2021-01-19,FVG,7,2,5,5,0,0,2,0,0,0,7,0,ITH,ITH4,6,Friuli-Venezia Giulia,Friuli Venezia Giulia,1215220,161785,13.31,0.0
858,2021-02-02,FVG,2466,806,1660,1657,393,0,416,0,0,0,217,2249,ITH,ITH4,6,Friuli-Venezia Giulia,Friuli Venezia Giulia,1215220,164251,13.52,0.2
859,2021-03-06,FVG,3491,1194,2297,182,148,111,1,1565,20,1464,3165,326,ITH,ITH4,6,Friuli-Venezia Giulia,Friuli Venezia Giulia,1215220,167742,13.8,0.29
860,2021-03-24,FVG,3698,1502,2196,178,176,412,129,2315,61,427,2229,1469,ITH,ITH4,6,Friuli-Venezia Giulia,Friuli Venezia Giulia,1215220,171440,14.11,0.3
861,2021-03-23,FVG,3721,1546,2175,320,297,148,240,2446,29,241,1582,2139,ITH,ITH4,6,Friuli-Venezia Giulia,Friuli Venezia Giulia,1215220,175161,14.41,0.31
862,2021-03-03,FVG,3641,1627,2014,750,493,72,100,1330,469,427,2363,1278,ITH,ITH4,6,Friuli-Venezia Giulia,Friuli Venezia Giulia,1215220,178802,14.71,0.3
863,2020-12-27,FVG,262,149,113,259,0,3,0,0,0,0,262,0,ITH,ITH4,6,Friuli-Venezia Giulia,Friuli Venezia Giulia,1215220,179064,14.74,0.02
864,2021-02-06,FVG,1154,338,816,755,208,0,191,0,0,0,22,1132,ITH,ITH4,6,Friuli-Venezia Giulia,Friuli Venezia Giulia,1215220,180218,14.83,0.09
865,2021-01-22,FVG,90,30,60,89,0,1,0,0,0,0,0,90,ITH,ITH4,6,Friuli-Venezia Giulia,Friuli Venezia Giulia,1215220,180308,14.84,0.01
866,2021-02-10,FVG,1352,496,856,745,487,0,119,0,0,1,1266,86,ITH,ITH4,6,Friuli-Venezia Giulia,Friuli Venezia Giulia,1215220,181660,14.95,0.11
867,2021-01-31,FVG,2715,836,1879,1693,2,1002,18,0,0,0,385,2330,ITH,ITH4,6,Friuli-Venezia Giulia,Friuli Venezia Giulia,1215220,184375,15.17,0.22
868,2021-03-17,FVG,3207,1257,1950,428,218,109,199,2244,3,6,717,2490,ITH,ITH4,6,Friuli-Venezia Giulia,Friuli Venezia Giulia,1215220,187582,15.44,0.26
869,2021-01-26,FVG,1973,647,1326,1440,0,152,381,0,0,0,214,1759,ITH,ITH4,6,Friuli-Venezia Giulia,Friuli Venezia Giulia,1215220,189555,15.6,0.16
870,2021-03-27,FVG,4977,2556,2421,60,30,2784,1,1989,15,98,3566,1411,ITH,ITH4,6,Friuli-Venezia Giulia,Friuli Venezia Giulia,1215220,194532,16.01,0.41
871,2021-03-10,FVG,3361,1494,1867,305,244,128,207,1973,309,195,1569,1792,ITH,ITH4,6,Friuli-Venezia Giulia,Friuli Venezia Giulia,1215220,197893,16.28,0.28
872,2021-03-14,FVG,1395,548,847,0,1,17,0,247,333,797,1143,252,ITH,ITH4,6,Friuli-Venezia Giulia,Friuli Venezia Giulia,1215220,199288,16.4,0.11
873,2021-03-21,FVG,2599,937,1662,6,3,112,0,1332,27,1119,2191,408,ITH,ITH4,6,Friuli-Venezia Giulia,Friuli Venezia Giulia,1215220,201887,16.61,0.21
874,2021-01-25,FVG,1583,567,1016,1370,0,141,72,0,0,0,194,1389,ITH,ITH4,6,Friuli-Venezia Giulia,Friuli Venezia Giulia,1215220,203470,16.74,0.13
875,2021-01-21,FVG,895,345,550,864,0,31,0,0,0,0,1,894,ITH,ITH4,6,Friuli-Venezia Giulia,Friuli Venezia Giulia,1215220,204365,16.82,0.07
876,2021-02-23,FVG,2615,1252,1363,104,44,63,206,1943,254,1,2437,178,ITH,ITH4,6,Friuli-Venezia Giulia,Friuli Venezia Giulia,1215220,206980,17.03,0.22
877,2021-02-26,FVG,3739,2094,1645,75,26,115,453,1739,1032,299,3592,147,ITH,ITH4,6,Friuli-Venezia Giulia,Friuli Venezia Giulia,1215220,210719,17.34,0.31
878,2021-03-18,FVG,3338,1410,1928,60,21,266,129,2858,0,4,1658,1680,ITH,ITH4,6,Friuli-Venezia Giulia,Friuli Venezia Giulia,1215220,214057,17.61,0.27
879,2021-03-05,FVG,3737,1478,2259,1049,652,42,70,1735,43,146,2664,1073,ITH,ITH4,6,Friuli-Venezia Giulia,Friuli Venezia Giulia,1215220,217794,17.92,0.31
880,2021-01-23,FVG,816,324,492,768,1,47,0,0,0,0,4,812,ITH,ITH4,6,Friuli-Venezia Giulia,Friuli Venezia Giulia,1215220,218610,17.99,0.07
881,2021-03-07,FVG,2537,926,1611,1,1,157,0,143,453,1782,2536,1,ITH,ITH4,6,Friuli-Venezia Giulia,Friuli Venezia Giulia,1215220,221147,18.2,0.21
882,2021-03-02,FVG,4220,1518,2702,1164,658,19,202,1538,5,634,2717,1503,ITH,ITH4,6,Friuli-Venezia Giulia,Friuli Venezia Giulia,1215220,225367,18.55,0.35
883,2021-02-24,FVG,2518,1082,1436,23,5,48,310,1835,0,297,2500,18,ITH,ITH4,6,Friuli-Venezia Giulia,Friuli Venezia Giulia,1215220,227885,18.75,0.21
884,2021-02-11,FVG,1935,665,1270,1134,566,2,229,3,1,0,1742,193,ITH,ITH4,6,Friuli-Venezia Giulia,Friuli Venezia Giulia,1215220,229820,18.91,0.16
885,2021-03-20,FVG,3345,1352,1993,413,274,24,8,2381,179,66,1251,2094,ITH,ITH4,6,Friuli-Venezia Giulia,Friuli Venezia Giulia,1215220,233165,19.19,0.28
886,2021-02-17,FVG,2352,998,1354,328,178,15,230,1555,46,0,1873,479,ITH,ITH4,6,Friuli-Venezia Giulia,Friuli Venezia Giulia,1215220,235517,19.38,0.19
887,2021-02-16,FVG,2516,1135,1381,260,244,31,221,1760,0,0,2400,116,ITH,ITH4,6,Friuli-Venezia Giulia,Friuli Venezia Giulia,1215220,238033,19.59,0.21
888,2021-01-20,FVG,751,323,428,719,1,31,0,0,0,0,12,739,ITH,ITH4,6,Friuli-Venezia Giulia,Friuli Venezia Giulia,1215220,238784,19.65,0.06
889,2021-01-05,FVG,1680,551,1129,1350,1,132,197,0,0,0,1680,0,ITH,ITH4,6,Friuli-Venezia Giulia,Friuli Venezia Giulia,1215220,240464,19.79,0.14
890,2021-01-16,FVG,1231,360,871,771,1,211,248,0,0,0,1231,0,ITH,ITH4,6,Friuli-Venezia Giulia,Friuli Venezia Giulia,1215220,241695,19.89,0.1
891,2021-02-04,FVG,2731,807,1924,1723,543,0,465,0,0,0,36,2695,ITH,ITH4,6,Friuli-Venezia Giulia,Friuli Venezia Giulia,1215220,244426,20.11,0.22
892,2021-04-01,FVG,5680,2698,2982,164,109,3111,193,1976,34,93,4691,989,ITH,ITH4,6,Friuli-Venezia Giulia,Friuli Venezia Giulia,1215220,250106,20.58,0.47
893,2021-01-06,FVG,709,264,445,514,0,195,0,0,0,0,709,0,ITH,ITH4,6,Friuli-Venezia Giulia,Friuli Venezia Giulia,1215220,250815,20.64,0.06
894,2021-04-06,FVG,4935,2196,2739,130,89,2245,46,2386,17,22,4042,893,ITH,ITH4,6,Friuli-Venezia Giulia,Friuli Venezia Giulia,1215220,255750,21.05,0.41
895,2021-01-09,FVG,2518,841,1677,1519,2,404,593,0,0,0,2518,0,ITH,ITH4,6,Friuli-Venezia Giulia,Friuli Venezia Giulia,1215220,258268,21.25,0.21
896,2021-03-13,FVG,2932,1119,1813,12,4,11,86,2057,39,723,1660,1272,ITH,ITH4,6,Friuli-Venezia Giulia,Friuli Venezia Giulia,1215220,261200,21.49,0.24
897,2021-04-04,CAL,1735,875,860,34,0,1110,22,502,0,67,1236,499,ITF,ITF6,18,Calabria,Calabria,1947131,1735,0.09,0.09
898,2021-02-25,CAL,2821,1519,1302,736,49,587,234,863,348,4,2242,579,ITF,ITF6,18,Calabria,Calabria,1947131,4556,0.23,0.14
899,2021-03-16,CAL,3771,1848,1923,459,5,1117,22,2080,58,30,2173,1598,ITF,ITF6,18,Calabria,Calabria,1947131,8327,0.43,0.19
900,2021-03-05,CAL,6171,3565,2606,696,33,1557,710,1856,1314,5,5595,576,ITF,ITF6,18,Calabria,Calabria,1947131,14498,0.74,0.32
901,2021-02-28,CAL,2168,983,1185,113,8,144,190,1707,6,0,2017,151,ITF,ITF6,18,Calabria,Calabria,1947131,16666,0.86,0.11
902,2021-02-11,CAL,2341,1043,1298,1464,71,565,241,0,0,0,1081,1260,ITF,ITF6,18,Calabria,Calabria,1947131,19007,0.98,0.12
903,2021-01-09,CAL,1916,1036,880,1529,0,387,0,0,0,0,1916,0,ITF,ITF6,18,Calabria,Calabria,1947131,20923,1.07,0.1
904,2021-01-21,CAL,958,444,514,735,1,107,115,0,0,0,929,29,ITF,ITF6,18,Calabria,Calabria,1947131,21881,1.12,0.05
905,2021-03-14,CAL,2543,1018,1525,322,2,374,312,802,9,722,2143,400,ITF,ITF6,18,Calabria,Calabria,1947131,24424,1.25,0.13
906,2021-02-09,CAL,2147,904,1243,1422,220,274,231,0,0,0,948,1199,ITF,ITF6,18,Calabria,Calabria,1947131,26571,1.36,0.11
907,2021-01-30,CAL,2173,1147,1026,1974,0,199,0,0,0,0,358,1815,ITF,ITF6,18,Calabria,Calabria,1947131,28744,1.48,0.11
908,2021-01-12,CAL,2058,1017,1041,1706,0,323,29,0,0,0,2058,0,ITF,ITF6,18,Calabria,Calabria,1947131,30802,1.58,0.11
909,2021-04-02,CAL,8067,3686,4381,361,21,3083,597,2764,96,1145,4204,3863,ITF,ITF6,18,Calabria,Calabria,1947131,38869,2.0,0.41
910,2021-03-07,CAL,3131,1561,1570,105,0,655,348,1674,347,2,3042,89,ITF,ITF6,18,Calabria,Calabria,1947131,42000,2.16,0.16
911,2021-02-06,CAL,2910,1338,1572,2095,30,537,248,0,0,0,442,2468,ITF,ITF6,18,Calabria,Calabria,1947131,44910,2.31,0.15
912,2020-12-27,CAL,275,150,125,274,0,1,0,0,0,0,275,0,ITF,ITF6,18,Calabria,Calabria,1947131,45185,2.32,0.01
913,2021-03-18,CAL,4240,1978,2262,359,49,1316,232,2195,44,45,2271,1969,ITF,ITF6,18,Calabria,Calabria,1947131,49425,2.54,0.22
914,2021-02-05,CAL,3796,1709,2087,2327,298,617,554,0,0,0,488,3308,ITF,ITF6,18,Calabria,Calabria,1947131,53221,2.73,0.19
915,2021-03-03,CAL,4871,2655,2216,631,110,1047,917,1369,793,4,3808,1063,ITF,ITF6,18,Calabria,Calabria,1947131,58092,2.98,0.25
916,2021-04-06,CAL,7187,3223,3964,375,6,3084,444,2442,32,804,4132,3055,ITF,ITF6,18,Calabria,Calabria,1947131,65279,3.35,0.37
917,2021-02-04,CAL,3391,1623,1768,2560,38,571,222,0,0,0,644,2747,ITF,ITF6,18,Calabria,Calabria,1947131,68670,3.53,0.17
918,2021-03-19,CAL,4185,1947,2238,486,5,1326,293,1965,8,102,1899,2286,ITF,ITF6,18,Calabria,Calabria,1947131,72855,3.74,0.21
919,2021-03-08,CAL,5322,2821,2501,708,25,1793,453,1517,823,3,4264,1058,ITF,ITF6,18,Calabria,Calabria,1947131,78177,4.01,0.27
920,2021-01-29,CAL,2048,984,1064,1752,4,243,49,0,0,0,234,1814,ITF,ITF6,18,Calabria,Calabria,1947131,80225,4.12,0.11
921,2021-01-27,CAL,1457,734,723,1226,2,206,23,0,0,0,396,1061,ITF,ITF6,18,Calabria,Calabria,1947131,81682,4.19,0.07
922,2021-01-17,CAL,867,418,449,527,9,283,48,0,0,0,801,66,ITF,ITF6,18,Calabria,Calabria,1947131,82549,4.24,0.04
923,2021-02-27,CAL,3680,1913,1767,421,37,551,395,1972,302,2,3302,378,ITF,ITF6,18,Calabria,Calabria,1947131,86229,4.43,0.19
924,2021-03-31,CAL,8820,4006,4814,378,10,3173,629,2511,68,2051,4881,3939,ITF,ITF6,18,Calabria,Calabria,1947131,95049,4.88,0.45
925,2021-02-08,CAL,1847,733,1114,1214,158,354,121,0,0,0,661,1186,ITF,ITF6,18,Calabria,Calabria,1947131,96896,4.98,0.09
926,2021-03-20,CAL,6480,2982,3498,432,7,1581,398,3562,34,466,4092,2388,ITF,ITF6,18,Calabria,Calabria,1947131,103376,5.31,0.33
927,2021-02-24,CAL,1843,940,903,658,7,359,115,653,47,4,1368,475,ITF,ITF6,18,Calabria,Calabria,1947131,105219,5.4,0.09
928,2021-01-22,CAL,656,274,382,298,4,244,110,0,0,0,654,2,ITF,ITF6,18,Calabria,Calabria,1947131,105875,5.44,0.03
929,2021-03-12,CAL,5093,2438,2655,468,26,1300,217,1963,333,786,4050,1043,ITF,ITF6,18,Calabria,Calabria,1947131,110968,5.7,0.26
930,2021-03-29,CAL,5546,2356,3190,205,6,2540,133,1110,29,1523,3795,1751,ITF,ITF6,18,Calabria,Calabria,1947131,116514,5.98,0.28
931,2021-03-09,CAL,5824,3032,2792,803,23,1918,419,1769,874,18,4847,977,ITF,ITF6,18,Calabria,Calabria,1947131,122338,6.28,0.3
932,2021-03-04,CAL,5389,3111,2278,646,105,1312,731,1540,1053,2,4593,796,ITF,ITF6,18,Calabria,Calabria,1947131,127727,6.56,0.28
933,2021-01-31,CAL,1108,554,554,765,1,284,58,0,0,0,155,953,ITF,ITF6,18,Calabria,Calabria,1947131,128835,6.62,0.06
934,2021-02-12,CAL,1711,669,1042,815,42,718,136,0,0,0,943,768,ITF,ITF6,18,Calabria,Calabria,1947131,130546,6.7,0.09
935,2021-02-20,CAL,1358,735,623,438,23,388,55,433,19,2,1043,315,ITF,ITF6,18,Calabria,Calabria,1947131,131904,6.77,0.07
936,2021-03-28,CAL,2534,1172,1362,127,20,1216,26,719,14,412,1404,1130,ITF,ITF6,18,Calabria,Calabria,1947131,134438,6.9,0.13
937,2021-02-13,CAL,1331,583,748,731,18,470,111,1,0,0,968,363,ITF,ITF6,18,Calabria,Calabria,1947131,135769,6.97,0.07
938,2021-02-18,CAL,1800,803,997,586,55,454,299,345,0,61,1577,223,ITF,ITF6,18,Calabria,Calabria,1947131,137569,7.07,0.09
939,2021-01-25,CAL,1064,512,552,1021,0,43,0,0,0,0,156,908,ITF,ITF6,18,Calabria,Calabria,1947131,138633,7.12,0.05
940,2021-02-01,CAL,2497,1192,1305,2044,4,406,43,0,0,0,248,2249,ITF,ITF6,18,Calabria,Calabria,1947131,141130,7.25,0.13
941,2021-02-14,CAL,371,145,226,146,13,129,83,0,0,0,341,30,ITF,ITF6,18,Calabria,Calabria,1947131,141501,7.27,0.02
942,2021-03-27,CAL,8229,3724,4505,306,4,3176,144,3175,24,1400,4439,3790,ITF,ITF6,18,Calabria,Calabria,1947131,149730,7.69,0.42
943,2021-03-10,CAL,6445,3280,3165,743,42,2312,586,2021,677,64,5252,1193,ITF,ITF6,18,Calabria,Calabria,1947131,156175,8.02,0.33
944,2021-02-19,CAL,1461,652,809,544,21,320,195,380,1,0,1200,261,ITF,ITF6,18,Calabria,Calabria,1947131,157636,8.1,0.08
945,2021-01-11,CAL,2154,1040,1114,1759,0,392,3,0,0,0,2154,0,ITF,ITF6,18,Calabria,Calabria,1947131,159790,8.21,0.11
946,2021-01-08,CAL,2109,1014,1095,1898,0,211,0,0,0,0,2109,0,ITF,ITF6,18,Calabria,Calabria,1947131,161899,8.31,0.11
947,2021-01-10,CAL,929,524,405,830,0,99,0,0,0,0,929,0,ITF,ITF6,18,Calabria,Calabria,1947131,162828,8.36,0.05
948,2021-02-07,CAL,860,428,432,567,15,197,81,0,0,0,147,713,ITF,ITF6,18,Calabria,Calabria,1947131,163688,8.41,0.04
949,2021-01-23,CAL,400,186,214,325,1,51,23,0,0,0,358,42,ITF,ITF6,18,Calabria,Calabria,1947131,164088,8.43,0.02
950,2021-03-25,CAL,6999,3314,3685,291,34,2932,428,2157,57,1100,4483,2516,ITF,ITF6,18,Calabria,Calabria,1947131,171087,8.79,0.36
951,2021-02-10,CAL,2463,1074,1389,1469,66,571,357,0,0,0,839,1624,ITF,ITF6,18,Calabria,Calabria,1947131,173550,8.91,0.13
952,2021-02-15,CAL,1137,538,599,499,26,386,159,66,0,1,989,148,ITF,ITF6,18,Calabria,Calabria,1947131,174687,8.97,0.06
953,2021-02-03,CAL,2763,1428,1335,2170,22,468,103,0,0,0,583,2180,ITF,ITF6,18,Calabria,Calabria,1947131,177450,9.11,0.14
954,2021-01-13,CAL,2028,1022,1006,1800,0,194,34,0,0,0,2028,0,ITF,ITF6,18,Calabria,Calabria,1947131,179478,9.22,0.1
955,2021-03-13,CAL,6656,2933,3723,425,44,1334,338,3765,65,685,5682,974,ITF,ITF6,18,Calabria,Calabria,1947131,186134,9.56,0.34
956,2021-01-19,CAL,1109,488,621,853,8,172,76,0,0,0,1098,11,ITF,ITF6,18,Calabria,Calabria,1947131,187243,9.62,0.06
957,2021-01-20,CAL,1395,622,773,864,6,346,179,0,0,0,1394,1,ITF,ITF6,18,Calabria,Calabria,1947131,188638,9.69,0.07
958,2021-03-11,CAL,6877,3278,3599,934,25,2039,570,2380,329,600,5621,1256,ITF,ITF6,18,Calabria,Calabria,1947131,195515,10.04,0.35
959,2021-04-08,CAL,2061,983,1078,49,8,965,112,844,4,79,1035,1026,ITF,ITF6,18,Calabria,Calabria,1947131,197576,10.15,0.11
960,2021-03-22,CAL,4707,2202,2505,194,10,1197,147,1994,40,1125,3041,1666,ITF,ITF6,18,Calabria,Calabria,1947131,202283,10.39,0.24
961,2021-02-22,CAL,1997,1013,984,728,48,495,166,552,3,5,1441,556,ITF,ITF6,18,Calabria,Calabria,1947131,204280,10.49,0.1
962,2021-03-02,CAL,4136,2395,1741,705,58,677,427,1390,877,2,3427,709,ITF,ITF6,18,Calabria,Calabria,1947131,208416,10.7,0.21
963,2021-01-04,CAL,996,492,504,969,0,27,0,0,0,0,996,0,ITF,ITF6,18,Calabria,Calabria,1947131,209412,10.75,0.05
964,2021-02-02,CAL,2289,1112,1177,1863,4,347,75,0,0,0,177,2112,ITF,ITF6,18,Calabria,Calabria,1947131,211701,10.87,0.12
965,2021-01-14,CAL,2557,1214,1343,1962,0,592,3,0,0,0,2557,0,ITF,ITF6,18,Calabria,Calabria,1947131,214258,11.0,0.13
966,2021-04-05,CAL,3444,1627,1817,133,3,1835,148,1180,11,134,2543,901,ITF,ITF6,18,Calabria,Calabria,1947131,217702,11.18,0.18
967,2021-03-15,CAL,3448,1652,1796,542,38,889,136,1093,163,587,2019,1429,ITF,ITF6,18,Calabria,Calabria,1947131,221150,11.36,0.18
968,2021-03-01,CAL,2689,1534,1155,399,6,416,257,971,637,3,2239,450,ITF,ITF6,18,Calabria,Calabria,1947131,223839,11.5,0.14
969,2021-02-17,CAL,1682,672,1010,674,21,322,285,299,0,81,1471,211,ITF,ITF6,18,Calabria,Calabria,1947131,225521,11.58,0.09
970,2021-04-03,CAL,8819,3788,5031,363,3,2617,353,4820,42,621,4202,4617,ITF,ITF6,18,Calabria,Calabria,1947131,234340,12.04,0.45
971,2021-01-06,CAL,926,500,426,822,0,104,0,0,0,0,926,0,ITF,ITF6,18,Calabria,Calabria,1947131,235266,12.08,0.05
972,2021-02-21,CAL,608,286,322,36,28,136,47,331,30,0,531,77,ITF,ITF6,18,Calabria,Calabria,1947131,235874,12.11,0.03
973,2021-02-16,CAL,1534,643,891,659,11,506,240,118,0,0,1255,279,ITF,ITF6,18,Calabria,Calabria,1947131,237408,12.19,0.08
974,2021-03-21,CAL,4362,1882,2480,135,0,1127,200,2126,29,745,2660,1702,ITF,ITF6,18,Calabria,Calabria,1947131,241770,12.42,0.22
975,2021-01-07,CAL,2180,1061,1119,1883,0,297,0,0,0,0,2180,0,ITF,ITF6,18,Calabria,Calabria,1947131,243950,12.53,0.11
976,2021-02-23,CAL,1549,728,821,437,33,348,206,522,2,1,1434,115,ITF,ITF6,18,Calabria,Calabria,1947131,245499,12.61,0.08
977,2021-01-18,CAL,1230,550,680,982,0,237,11,0,0,0,1040,190,ITF,ITF6,18,Calabria,Calabria,1947131,246729,12.67,0.06
978,2021-03-06,CAL,7953,4059,3894,702,69,1804,758,3798,816,6,7197,756,ITF,ITF6,18,Calabria,Calabria,1947131,254682,13.08,0.41
979,2021-01-28,CAL,2232,1107,1125,1920,1,311,0,0,0,0,84,2148,ITF,ITF6,18,Calabria,Calabria,1947131,256914,13.19,0.11
980,2021-04-07,CAL,5607,2563,3044,170,10,2643,387,1921,14,462,3255,2352,ITF,ITF6,18,Calabria,Calabria,1947131,262521,13.48,0.29
981,2021-03-17,CAL,3636,1622,2014,277,49,931,165,2094,26,94,1938,1698,ITF,ITF6,18,Calabria,Calabria,1947131,266157,13.67,0.19
982,2021-02-26,CAL,3079,1631,1448,539,57,631,407,1147,294,4,2611,468,ITF,ITF6,18,Calabria,Calabria,1947131,269236,13.83,0.16
983,2021-03-24,CAL,7352,3348,4004,386,23,2325,696,2362,65,1495,4176,3176,ITF,ITF6,18,Calabria,Calabria,1947131,276588,14.2,0.38
984,2021-03-23,CAL,5207,2442,2765,280,4,1847,47,1869,77,1083,3409,1798,ITF,ITF6,18,Calabria,Calabria,1947131,281795,14.47,0.27
985,2021-01-05,CAL,1350,618,732,1256,0,94,0,0,0,0,1350,0,ITF,ITF6,18,Calabria,Calabria,1947131,283145,14.54,0.07
986,2021-03-26,CAL,7638,3621,4017,511,21,3406,211,2382,68,1039,4525,3113,ITF,ITF6,18,Calabria,Calabria,1947131,290783,14.93,0.39
987,2021-01-16,CAL,2394,1120,1274,1664,22,467,241,0,0,0,2394,0,ITF,ITF6,18,Calabria,Calabria,1947131,293177,15.06,0.12
988,2021-01-02,CAL,165,94,71,165,0,0,0,0,0,0,165,0,ITF,ITF6,18,Calabria,Calabria,1947131,293342,15.07,0.01
989,2021-01-24,CAL,44,18,26,15,0,3,26,0,0,0,39,5,ITF,ITF6,18,Calabria,Calabria,1947131,293386,15.07,0.0
990,2020-12-28,CAL,6,2,4,6,0,0,0,0,0,0,6,0,ITF,ITF6,18,Calabria,Calabria,1947131,293392,15.07,0.0
991,2021-04-01,CAL,8340,3768,4572,455,36,3115,669,2913,41,1111,3842,4498,ITF,ITF6,18,Calabria,Calabria,1947131,301732,15.5,0.43
992,2021-03-30,CAL,5785,2486,3299,166,7,2369,200,1883,42,1118,3192,2593,ITF,ITF6,18,Calabria,Calabria,1947131,307517,15.79,0.3
993,2021-01-15,CAL,2793,1258,1535,1690,35,656,412,0,0,0,2793,0,ITF,ITF6,18,Calabria,Calabria,1947131,310310,15.94,0.14
994,2021-01-26,CAL,1805,861,944,1571,18,146,70,0,0,0,285,1520,ITF,ITF6,18,Calabria,Calabria,1947131,312115,16.03,0.09
995,2021-01-03,CAL,6,3,3,4,0,2,0,0,0,0,6,0,ITF,ITF6,18,Calabria,Calabria,1947131,312121,16.03,0.0
996,2021-02-03,PAB,1473,462,1011,641,337,106,321,68,0,0,5,1468,ITH,ITH1,4,Provincia Autonoma Bolzano / Bozen,P.A. Bolzano,533050,1473,0.28,0.28
997,2021-02-05,PAB,3192,1179,2013,760,504,399,441,1088,0,0,8,3184,ITH,ITH1,4,Provincia Autonoma Bolzano / Bozen,P.A. Bolzano,533050,4665,0.88,0.6
998,2021-02-06,PAB,2626,1171,1455,452,43,580,6,1544,0,1,18,2608,ITH,ITH1,4,Provincia Autonoma Bolzano / Bozen,P.A. Bolzano,533050,7291,1.37,0.49
999,2021-01-02,PAB,91,48,43,69,1,21,0,0,0,0,91,0,ITH,ITH1,4,Provincia Autonoma Bolzano / Bozen,P.A. Bolzano,533050,7382,1.38,0.02
1000,2020-12-30,PAB,387,181,206,342,41,4,0,0,0,0,387,0,ITH,ITH1,4,Provincia Autonoma Bolzano / Bozen,P.A. Bolzano,533050,7769,1.46,0.07
1001,2021-01-11,PAB,1564,512,1052,582,282,371,175,154,0,0,1564,0,ITH,ITH1,4,Provincia Autonoma Bolzano / Bozen,P.A. Bolzano,533050,9333,1.75,0.29
1002,2021-01-04,PAB,508,201,307,420,49,35,4,0,0,0,508,0,ITH,ITH1,4,Provincia Autonoma Bolzano / Bozen,P.A. Bolzano,533050,9841,1.85,0.1
1003,2021-02-20,PAB,1502,471,1031,196,53,30,24,469,1,729,1484,18,ITH,ITH1,4,Provincia Autonoma Bolzano / Bozen,P.A. Bolzano,533050,11343,2.13,0.28
1004,2021-01-07,PAB,916,327,589,618,106,133,0,59,0,0,916,0,ITH,ITH1,4,Provincia Autonoma Bolzano / Bozen,P.A. Bolzano,533050,12259,2.3,0.17
1005,2021-02-26,PAB,1393,496,897,62,32,112,2,852,0,333,1363,30,ITH,ITH1,4,Provincia Autonoma Bolzano / Bozen,P.A. Bolzano,533050,13652,2.56,0.26
1006,2021-03-06,PAB,3965,2078,1887,479,161,712,7,1968,257,381,3753,212,ITH,ITH1,4,Provincia Autonoma Bolzano / Bozen,P.A. Bolzano,533050,17617,3.3,0.74
1007,2021-01-22,PAB,243,139,104,131,8,15,85,3,0,1,124,119,ITH,ITH1,4,Provincia Autonoma Bolzano / Bozen,P.A. Bolzano,533050,17860,3.35,0.05
1008,2021-03-13,PAB,2885,1459,1426,168,53,1263,1,1291,89,20,2784,101,ITH,ITH1,4,Provincia Autonoma Bolzano / Bozen,P.A. Bolzano,533050,20745,3.89,0.54
1009,2021-01-19,PAB,817,351,466,174,19,45,0,579,0,0,687,130,ITH,ITH1,4,Provincia Autonoma Bolzano / Bozen,P.A. Bolzano,533050,21562,4.05,0.15
1010,2021-03-11,PAB,1682,823,859,89,97,482,73,367,239,335,1143,539,ITH,ITH1,4,Provincia Autonoma Bolzano / Bozen,P.A. Bolzano,533050,23244,4.36,0.32
1011,2021-02-08,PAB,2,1,1,0,0,1,0,1,0,0,1,1,ITH,ITH1,4,Provincia Autonoma Bolzano / Bozen,P.A. Bolzano,533050,23246,4.36,0.0
1012,2021-02-02,PAB,1739,505,1234,624,370,131,605,9,0,0,8,1731,ITH,ITH1,4,Provincia Autonoma Bolzano / Bozen,P.A. Bolzano,533050,24985,4.69,0.33
1013,2021-01-14,PAB,1905,567,1338,520,430,360,290,305,0,0,1905,0,ITH,ITH1,4,Provincia Autonoma Bolzano / Bozen,P.A. Bolzano,533050,26890,5.04,0.36
1014,2021-02-01,PAB,1404,413,991,728,312,66,296,0,1,1,12,1392,ITH,ITH1,4,Provincia Autonoma Bolzano / Bozen,P.A. Bolzano,533050,28294,5.31,0.26
1015,2021-04-05,PAB,301,144,157,5,3,218,0,70,4,1,23,278,ITH,ITH1,4,Provincia Autonoma Bolzano / Bozen,P.A. Bolzano,533050,28595,5.36,0.06
1016,2021-01-15,PAB,3276,1226,2050,607,307,740,342,1280,0,0,3276,0,ITH,ITH1,4,Provincia Autonoma Bolzano / Bozen,P.A. Bolzano,533050,31871,5.98,0.61
1017,2021-01-09,PAB,612,326,286,76,28,422,74,12,0,0,612,0,ITH,ITH1,4,Provincia Autonoma Bolzano / Bozen,P.A. Bolzano,533050,32483,6.09,0.11
1018,2021-03-29,PAB,988,423,565,10,2,229,0,709,25,13,230,758,ITH,ITH1,4,Provincia Autonoma Bolzano / Bozen,P.A. Bolzano,533050,33471,6.28,0.19
1019,2021-04-03,PAB,831,364,467,9,6,14,0,799,3,0,22,809,ITH,ITH1,4,Provincia Autonoma Bolzano / Bozen,P.A. Bolzano,533050,34302,6.44,0.16
1020,2021-03-15,PAB,848,295,553,293,94,386,13,56,2,4,366,482,ITH,ITH1,4,Provincia Autonoma Bolzano / Bozen,P.A. Bolzano,533050,35150,6.59,0.16
1021,2021-03-19,PAB,1901,771,1130,159,52,562,15,1099,0,14,795,1106,ITH,ITH1,4,Provincia Autonoma Bolzano / Bozen,P.A. Bolzano,533050,37051,6.95,0.36
1022,2021-03-01,PAB,910,217,693,11,2,157,5,0,0,735,910,0,ITH,ITH1,4,Provincia Autonoma Bolzano / Bozen,P.A. Bolzano,533050,37961,7.12,0.17
1023,2021-02-16,PAB,529,205,324,10,1,6,0,512,0,0,529,0,ITH,ITH1,4,Provincia Autonoma Bolzano / Bozen,P.A. Bolzano,533050,38490,7.22,0.1
1024,2021-01-06,PAB,59,18,41,59,0,0,0,0,0,0,59,0,ITH,ITH1,4,Provincia Autonoma Bolzano / Bozen,P.A. Bolzano,533050,38549,7.23,0.01
1025,2021-03-10,PAB,1176,448,728,655,8,182,0,134,80,117,1033,143,ITH,ITH1,4,Provincia Autonoma Bolzano / Bozen,P.A. Bolzano,533050,39725,7.45,0.22
1026,2021-02-25,PAB,1498,549,949,22,5,335,0,731,0,405,1497,1,ITH,ITH1,4,Provincia Autonoma Bolzano / Bozen,P.A. Bolzano,533050,41223,7.73,0.28
1027,2021-03-03,PAB,1166,391,775,12,5,9,6,345,51,738,1153,13,ITH,ITH1,4,Provincia Autonoma Bolzano / Bozen,P.A. Bolzano,533050,42389,7.95,0.22
1028,2021-03-05,PAB,1801,612,1189,337,95,292,59,770,9,239,1359,442,ITH,ITH1,4,Provincia Autonoma Bolzano / Bozen,P.A. Bolzano,533050,44190,8.29,0.34
1029,2021-01-08,PAB,1514,476,1038,787,167,291,168,101,0,0,1514,0,ITH,ITH1,4,Provincia Autonoma Bolzano / Bozen,P.A. Bolzano,533050,45704,8.57,0.28
1030,2021-02-19,PAB,1969,450,1519,121,139,111,80,7,0,1511,1958,11,ITH,ITH1,4,Provincia Autonoma Bolzano / Bozen,P.A. Bolzano,533050,47673,8.94,0.37
1031,2021-02-18,PAB,1646,401,1245,23,44,270,20,4,0,1285,1642,4,ITH,ITH1,4,Provincia Autonoma Bolzano / Bozen,P.A. Bolzano,533050,49319,9.25,0.31
1032,2020-12-31,PAB,910,517,393,477,61,372,0,0,0,0,910,0,ITH,ITH1,4,Provincia Autonoma Bolzano / Bozen,P.A. Bolzano,533050,50229,9.42,0.17
1033,2021-03-14,PAB,758,336,422,130,11,26,33,557,1,0,25,733,ITH,ITH1,4,Provincia Autonoma Bolzano / Bozen,P.A. Bolzano,533050,50987,9.57,0.14
1034,2021-01-30,PAB,498,245,253,217,44,136,101,0,0,0,4,494,ITH,ITH1,4,Provincia Autonoma Bolzano / Bozen,P.A. Bolzano,533050,51485,9.66,0.09
1035,2021-03-21,PAB,768,285,483,165,17,16,1,566,0,3,14,754,ITH,ITH1,4,Provincia Autonoma Bolzano / Bozen,P.A. Bolzano,533050,52253,9.8,0.14
1036,2021-01-13,PAB,1691,557,1134,446,309,501,270,165,0,0,1691,0,ITH,ITH1,4,Provincia Autonoma Bolzano / Bozen,P.A. Bolzano,533050,53944,10.12,0.32
1037,2021-04-02,PAB,2076,837,1239,191,64,825,60,919,0,17,720,1356,ITH,ITH1,4,Provincia Autonoma Bolzano / Bozen,P.A. Bolzano,533050,56020,10.51,0.39
1038,2021-03-20,PAB,1754,847,907,115,47,619,9,958,5,1,1129,625,ITH,ITH1,4,Provincia Autonoma Bolzano / Bozen,P.A. Bolzano,533050,57774,10.84,0.33
1039,2021-02-12,PAB,730,217,513,322,69,224,106,7,2,0,482,248,ITH,ITH1,4,Provincia Autonoma Bolzano / Bozen,P.A. Bolzano,533050,58504,10.98,0.14
1040,2021-02-22,PAB,526,143,383,342,66,103,0,5,0,10,514,12,ITH,ITH1,4,Provincia Autonoma Bolzano / Bozen,P.A. Bolzano,533050,59030,11.07,0.1
1041,2021-03-04,PAB,1703,998,705,301,79,527,39,40,455,262,1474,229,ITH,ITH1,4,Provincia Autonoma Bolzano / Bozen,P.A. Bolzano,533050,60733,11.39,0.32
1042,2021-02-13,PAB,318,79,239,126,57,127,7,1,0,0,312,6,ITH,ITH1,4,Provincia Autonoma Bolzano / Bozen,P.A. Bolzano,533050,61051,11.45,0.06
1043,2021-02-24,PAB,1365,405,960,10,3,0,0,0,8,1344,1353,12,ITH,ITH1,4,Provincia Autonoma Bolzano / Bozen,P.A. Bolzano,533050,62416,11.71,0.26
1044,2021-03-09,PAB,1194,543,651,29,6,96,22,922,72,47,1192,2,ITH,ITH1,4,Provincia Autonoma Bolzano / Bozen,P.A. Bolzano,533050,63610,11.93,0.22
1045,2021-01-27,PAB,84,28,56,54,26,4,0,0,0,0,1,83,ITH,ITH1,4,Provincia Autonoma Bolzano / Bozen,P.A. Bolzano,533050,63694,11.95,0.02
1046,2021-02-11,PAB,1055,411,644,213,56,335,104,347,0,0,239,816,ITH,ITH1,4,Provincia Autonoma Bolzano / Bozen,P.A. Bolzano,533050,64749,12.15,0.2
1047,2021-02-10,PAB,1635,604,1031,489,165,394,1,586,0,0,26,1609,ITH,ITH1,4,Provincia Autonoma Bolzano / Bozen,P.A. Bolzano,533050,66384,12.45,0.31
1048,2021-01-29,PAB,1496,510,986,882,282,31,295,2,0,4,23,1473,ITH,ITH1,4,Provincia Autonoma Bolzano / Bozen,P.A. Bolzano,533050,67880,12.73,0.28
1049,2021-03-18,PAB,1294,528,766,50,15,156,48,1025,0,0,218,1076,ITH,ITH1,4,Provincia Autonoma Bolzano / Bozen,P.A. Bolzano,533050,69174,12.98,0.24
1050,2021-03-12,PAB,1519,661,858,149,122,560,73,429,86,100,1112,407,ITH,ITH1,4,Provincia Autonoma Bolzano / Bozen,P.A. Bolzano,533050,70693,13.26,0.28
1051,2021-02-15,PAB,72,42,30,17,2,8,40,5,0,0,26,46,ITH,ITH1,4,Provincia Autonoma Bolzano / Bozen,P.A. Bolzano,533050,70765,13.28,0.01
1052,2021-03-27,PAB,3045,1550,1495,322,32,1206,0,1436,3,46,1542,1503,ITH,ITH1,4,Provincia Autonoma Bolzano / Bozen,P.A. Bolzano,533050,73810,13.85,0.57
1053,2021-03-30,PAB,1298,532,766,51,4,133,153,920,10,27,218,1080,ITH,ITH1,4,Provincia Autonoma Bolzano / Bozen,P.A. Bolzano,533050,75108,14.09,0.24
1054,2021-03-07,PAB,114,13,101,59,28,23,0,3,0,1,9,105,ITH,ITH1,4,Provincia Autonoma Bolzano / Bozen,P.A. Bolzano,533050,75222,14.11,0.02
1055,2021-01-18,PAB,1769,686,1083,388,102,253,7,1019,0,0,1764,5,ITH,ITH1,4,Provincia Autonoma Bolzano / Bozen,P.A. Bolzano,533050,76991,14.44,0.33
1056,2021-03-31,PAB,1831,693,1138,420,300,647,16,426,6,16,818,1013,ITH,ITH1,4,Provincia Autonoma Bolzano / Bozen,P.A. Bolzano,533050,78822,14.79,0.34
1057,2021-03-08,PAB,1200,526,674,23,10,278,166,720,0,3,1173,27,ITH,ITH1,4,Provincia Autonoma Bolzano / Bozen,P.A. Bolzano,533050,80022,15.01,0.23
1058,2021-01-10,PAB,2,2,0,1,0,1,0,0,0,0,2,0,ITH,ITH1,4,Provincia Autonoma Bolzano / Bozen,P.A. Bolzano,533050,80024,15.01,0.0
1059,2021-04-08,PAB,1070,520,550,15,3,1034,0,18,0,0,1058,12,ITH,ITH1,4,Provincia Autonoma Bolzano / Bozen,P.A. Bolzano,533050,81094,15.21,0.2
1060,2021-03-02,PAB,684,194,490,1,0,0,0,0,7,676,684,0,ITH,ITH1,4,Provincia Autonoma Bolzano / Bozen,P.A. Bolzano,533050,81778,15.34,0.13
1061,2021-01-20,PAB,617,252,365,287,51,22,0,257,0,0,409,208,ITH,ITH1,4,Provincia Autonoma Bolzano / Bozen,P.A. Bolzano,533050,82395,15.46,0.12
1062,2021-01-23,PAB,197,117,80,191,0,6,0,0,0,0,0,197,ITH,ITH1,4,Provincia Autonoma Bolzano / Bozen,P.A. Bolzano,533050,82592,15.49,0.04
1063,2021-02-27,PAB,2457,759,1698,202,86,43,8,882,3,1233,2447,10,ITH,ITH1,4,Provincia Autonoma Bolzano / Bozen,P.A. Bolzano,533050,85049,15.96,0.46
1064,2021-01-25,PAB,487,183,304,401,68,14,0,1,2,1,3,484,ITH,ITH1,4,Provincia Autonoma Bolzano / Bozen,P.A. Bolzano,533050,85536,16.05,0.09
1065,2021-04-07,PAB,1752,788,964,125,75,1035,55,452,8,2,1215,537,ITH,ITH1,4,Provincia Autonoma Bolzano / Bozen,P.A. Bolzano,533050,87288,16.38,0.33
1066,2021-04-06,PAB,2042,1024,1018,107,45,1691,130,62,4,3,1940,102,ITH,ITH1,4,Provincia Autonoma Bolzano / Bozen,P.A. Bolzano,533050,89330,16.76,0.38
1067,2021-01-17,PAB,2328,1044,1284,56,38,212,37,1985,0,0,2316,12,ITH,ITH1,4,Provincia Autonoma Bolzano / Bozen,P.A. Bolzano,533050,91658,17.2,0.44
1068,2021-02-04,PAB,1927,587,1340,650,505,125,433,214,0,0,8,1919,ITH,ITH1,4,Provincia Autonoma Bolzano / Bozen,P.A. Bolzano,533050,93585,17.56,0.36
1069,2021-02-09,PAB,317,126,191,64,16,6,2,227,0,2,1,316,ITH,ITH1,4,Provincia Autonoma Bolzano / Bozen,P.A. Bolzano,533050,93902,17.62,0.06
1070,2021-03-17,PAB,580,213,367,11,6,35,46,482,0,0,579,1,ITH,ITH1,4,Provincia Autonoma Bolzano / Bozen,P.A. Bolzano,533050,94482,17.72,0.11
1071,2021-01-28,PAB,868,307,561,584,186,27,69,0,2,0,10,858,ITH,ITH1,4,Provincia Autonoma Bolzano / Bozen,P.A. Bolzano,533050,95350,17.89,0.16
1072,2021-03-22,PAB,1133,514,619,2,0,929,0,192,10,0,1129,4,ITH,ITH1,4,Provincia Autonoma Bolzano / Bozen,P.A. Bolzano,533050,96483,18.1,0.21
1073,2021-03-16,PAB,638,252,386,24,30,34,48,502,0,0,118,520,ITH,ITH1,4,Provincia Autonoma Bolzano / Bozen,P.A. Bolzano,533050,97121,18.22,0.12
1074,2021-01-03,PAB,41,16,25,33,5,2,0,1,0,0,41,0,ITH,ITH1,4,Provincia Autonoma Bolzano / Bozen,P.A. Bolzano,533050,97162,18.23,0.01
1075,2021-01-26,PAB,810,291,519,673,129,8,0,0,0,0,1,809,ITH,ITH1,4,Provincia Autonoma Bolzano / Bozen,P.A. Bolzano,533050,97972,18.38,0.15
1076,2021-04-01,PAB,2780,1405,1375,238,94,1708,42,598,35,65,2636,144,ITH,ITH1,4,Provincia Autonoma Bolzano / Bozen,P.A. Bolzano,533050,100752,18.9,0.52
1077,2021-03-26,PAB,1630,716,914,20,14,622,68,905,0,1,509,1121,ITH,ITH1,4,Provincia Autonoma Bolzano / Bozen,P.A. Bolzano,533050,102382,19.21,0.31
1078,2021-01-16,PAB,2820,1253,1567,435,93,269,77,1945,0,1,2820,0,ITH,ITH1,4,Provincia Autonoma Bolzano / Bozen,P.A. Bolzano,533050,105202,19.74,0.53
1079,2021-02-07,PAB,2360,1056,1304,102,75,381,68,1734,0,0,14,2346,ITH,ITH1,4,Provincia Autonoma Bolzano / Bozen,P.A. Bolzano,533050,107562,20.18,0.44
1080,2021-01-21,PAB,951,441,510,750,88,13,68,27,5,0,139,812,ITH,ITH1,4,Provincia Autonoma Bolzano / Bozen,P.A. Bolzano,533050,108513,20.36,0.18
1081,2021-03-25,PAB,2115,1049,1066,209,68,1405,32,299,56,46,1695,420,ITH,ITH1,4,Provincia Autonoma Bolzano / Bozen,P.A. Bolzano,533050,110628,20.75,0.4
1082,2021-03-23,PAB,1552,759,793,0,0,1246,0,215,57,34,1551,1,ITH,ITH1,4,Provincia Autonoma Bolzano / Bozen,P.A. Bolzano,533050,112180,21.04,0.29
1083,2021-03-24,PAB,2040,977,1063,13,11,1678,5,247,57,29,2027,13,ITH,ITH1,4,Provincia Autonoma Bolzano / Bozen,P.A. Bolzano,533050,114220,21.43,0.38
1084,2021-01-05,PAB,830,286,544,734,61,35,0,0,0,0,830,0,ITH,ITH1,4,Provincia Autonoma Bolzano / Bozen,P.A. Bolzano,533050,115050,21.58,0.16
1085,2020-12-27,PAB,144,65,79,139,2,2,0,1,0,0,144,0,ITH,ITH1,4,Provincia Autonoma Bolzano / Bozen,P.A. Bolzano,533050,115194,21.61,0.03
1086,2021-03-28,PAB,569,212,357,45,38,15,0,469,0,2,11,558,ITH,ITH1,4,Provincia Autonoma Bolzano / Bozen,P.A. Bolzano,533050,115763,21.72,0.11
1087,2021-01-12,PAB,1709,459,1250,369,228,537,479,96,0,0,1709,0,ITH,ITH1,4,Provincia Autonoma Bolzano / Bozen,P.A. Bolzano,533050,117472,22.04,0.32
1088,2021-01-01,PAB,2,2,0,2,0,0,0,0,0,0,2,0,ITH,ITH1,4,Provincia Autonoma Bolzano / Bozen,P.A. Bolzano,533050,117474,22.04,0.0
1089,2021-01-24,PAB,12,10,2,1,0,11,0,0,0,0,0,12,ITH,ITH1,4,Provincia Autonoma Bolzano / Bozen,P.A. Bolzano,533050,117486,22.04,0.0
1090,2021-02-17,PAB,4,1,3,1,0,2,0,1,0,0,2,2,ITH,ITH1,4,Provincia Autonoma Bolzano / Bozen,P.A. Bolzano,533050,117490,22.04,0.0
1091,2021-02-23,PAB,768,323,445,0,0,58,0,625,0,85,762,6,ITH,ITH1,4,Provincia Autonoma Bolzano / Bozen,P.A. Bolzano,533050,118258,22.19,0.14
1092,2021-02-05,VEN,8363,2532,5831,4295,679,1201,2163,7,5,13,1424,6939,ITH,ITH3,5,Veneto,Veneto,4905854,8363,0.17,0.17
1093,2021-02-28,VEN,4127,1382,2745,1703,30,1381,15,983,0,15,3290,837,ITH,ITH3,5,Veneto,Veneto,4905854,12490,0.25,0.08
1094,2021-01-26,VEN,6901,2081,4820,5337,221,374,963,0,1,5,154,6747,ITH,ITH3,5,Veneto,Veneto,4905854,19391,0.4,0.14
1095,2021-02-04,VEN,7314,2013,5301,3462,455,999,2380,12,0,6,554,6760,ITH,ITH3,5,Veneto,Veneto,4905854,26705,0.54,0.15
1096,2021-03-10,VEN,18853,8568,10285,1456,68,2467,559,9055,1101,4147,13166,5687,ITH,ITH3,5,Veneto,Veneto,4905854,45558,0.93,0.38
1097,2021-01-13,VEN,5986,1607,4379,2795,430,868,1888,3,0,2,5986,0,ITH,ITH3,5,Veneto,Veneto,4905854,51544,1.05,0.12
1098,2021-03-21,VEN,11971,4750,7221,1481,50,3139,30,4565,179,2527,8512,3459,ITH,ITH3,5,Veneto,Veneto,4905854,63515,1.29,0.24
1099,2021-03-11,VEN,19479,8664,10815,1555,116,2966,827,9339,1021,3655,13989,5490,ITH,ITH3,5,Veneto,Veneto,4905854,82994,1.69,0.4
1100,2021-01-07,VEN,8359,2319,6040,5467,460,625,1805,0,0,2,8359,0,ITH,ITH3,5,Veneto,Veneto,4905854,91353,1.86,0.17
1101,2021-01-31,VEN,4744,1550,3194,3678,147,532,377,4,2,4,393,4351,ITH,ITH3,5,Veneto,Veneto,4905854,96097,1.96,0.1
1102,2021-03-17,VEN,14496,5915,8581,1874,166,2544,267,8919,26,700,7816,6680,ITH,ITH3,5,Veneto,Veneto,4905854,110593,2.25,0.3
1103,2021-02-09,VEN,5175,1876,3299,3099,313,548,1190,19,0,6,3444,1731,ITH,ITH3,5,Veneto,Veneto,4905854,115768,2.36,0.11
1104,2021-03-29,VEN,31022,13379,17643,588,116,11505,450,17269,652,442,27251,3771,ITH,ITH3,5,Veneto,Veneto,4905854,146790,2.99,0.63
1105,2021-01-02,VEN,5741,1765,3976,4797,147,248,544,2,0,3,5741,0,ITH,ITH3,5,Veneto,Veneto,4905854,152531,3.11,0.12
1106,2021-03-15,VEN,16489,7177,9312,1350,36,2879,369,9293,598,1964,11286,5203,ITH,ITH3,5,Veneto,Veneto,4905854,169020,3.45,0.34
1107,2021-03-18,VEN,12529,5106,7423,1405,225,1930,494,7600,21,854,7341,5188,ITH,ITH3,5,Veneto,Veneto,4905854,181549,3.7,0.26
1108,2021-02-23,VEN,7307,3215,4092,1014,62,424,214,5342,69,182,7048,259,ITH,ITH3,5,Veneto,Veneto,4905854,188856,3.85,0.15
1109,2021-02-26,VEN,8231,3246,4985,1692,202,869,742,4381,31,314,6981,1250,ITH,ITH3,5,Veneto,Veneto,4905854,197087,4.02,0.17
1110,2021-03-09,VEN,16402,7357,9045,1261,142,1831,718,8543,963,2944,10129,6273,ITH,ITH3,5,Veneto,Veneto,4905854,213489,4.35,0.33
1111,2021-01-09,VEN,7930,2538,5392,5175,336,825,1574,3,11,6,7930,0,ITH,ITH3,5,Veneto,Veneto,4905854,221419,4.51,0.16
1112,2021-02-21,VEN,4624,1203,3421,495,0,9,18,417,2,3683,4619,5,ITH,ITH3,5,Veneto,Veneto,4905854,226043,4.61,0.09
1113,2021-03-14,VEN,15125,5903,9222,2316,209,4485,100,4140,246,3629,14229,896,ITH,ITH3,5,Veneto,Veneto,4905854,241168,4.92,0.31
1114,2021-02-07,VEN,2314,861,1453,1935,11,314,50,2,0,2,714,1600,ITH,ITH3,5,Veneto,Veneto,4905854,243482,4.96,0.05
1115,2021-01-04,VEN,6725,2029,4696,5237,181,387,913,1,0,6,6725,0,ITH,ITH3,5,Veneto,Veneto,4905854,250207,5.1,0.14
1116,2021-01-18,VEN,2763,777,1986,1225,234,303,992,8,0,1,2564,199,ITH,ITH3,5,Veneto,Veneto,4905854,252970,5.16,0.06
1117,2020-12-30,VEN,699,245,454,598,12,48,39,0,0,2,699,0,ITH,ITH3,5,Veneto,Veneto,4905854,253669,5.17,0.01
1118,2021-03-01,VEN,9366,3701,5665,2024,145,995,923,2611,156,2512,7544,1822,ITH,ITH3,5,Veneto,Veneto,4905854,263035,5.36,0.19
1119,2021-02-16,VEN,6629,2868,3761,719,109,296,478,5022,2,3,6450,179,ITH,ITH3,5,Veneto,Veneto,4905854,269664,5.5,0.14
1120,2021-02-17,VEN,6019,2770,3249,413,19,269,361,4948,5,4,5925,94,ITH,ITH3,5,Veneto,Veneto,4905854,275683,5.62,0.12
1121,2021-03-06,VEN,10511,4255,6256,2979,48,2650,1488,1972,46,1328,7315,3196,ITH,ITH3,5,Veneto,Veneto,4905854,286194,5.83,0.21
1122,2021-01-22,VEN,1079,332,747,946,35,38,57,0,0,3,25,1054,ITH,ITH3,5,Veneto,Veneto,4905854,287273,5.86,0.02
1123,2021-02-01,VEN,8518,2490,6028,4208,494,1455,2106,245,0,10,165,8353,ITH,ITH3,5,Veneto,Veneto,4905854,295791,6.03,0.17
1124,2021-01-19,VEN,1308,471,837,726,83,168,325,6,0,0,1159,149,ITH,ITH3,5,Veneto,Veneto,4905854,297099,6.06,0.03
1125,2021-03-12,VEN,18531,8101,10430,1962,226,3139,750,8053,904,3497,11813,6718,ITH,ITH3,5,Veneto,Veneto,4905854,315630,6.43,0.38
1126,2020-12-31,VEN,3219,1043,2176,2700,77,188,252,0,0,2,3219,0,ITH,ITH3,5,Veneto,Veneto,4905854,318849,6.5,0.07
1127,2021-04-05,VEN,19136,8375,10761,622,7,12484,327,5504,16,176,13685,5451,ITH,ITH3,5,Veneto,Veneto,4905854,337985,6.89,0.39
1128,2021-01-29,VEN,9001,2781,6220,6046,479,1032,1434,3,1,6,367,8634,ITH,ITH3,5,Veneto,Veneto,4905854,346986,7.07,0.18
1129,2021-03-03,VEN,11965,4535,7430,3324,303,1104,1220,3372,310,2332,8472,3493,ITH,ITH3,5,Veneto,Veneto,4905854,358951,7.32,0.24
1130,2021-03-31,VEN,37689,15747,21942,1546,86,16308,686,18373,293,397,30271,7418,ITH,ITH3,5,Veneto,Veneto,4905854,396640,8.09,0.77
1131,2021-02-27,VEN,8977,2689,6288,2177,38,603,63,1956,12,4128,8128,849,ITH,ITH3,5,Veneto,Veneto,4905854,405617,8.27,0.18
1132,2021-03-30,VEN,35487,15017,20470,749,112,16411,549,16869,331,466,30259,5228,ITH,ITH3,5,Veneto,Veneto,4905854,441104,8.99,0.72
1133,2021-01-21,VEN,2290,719,1571,1986,48,112,141,0,0,3,21,2269,ITH,ITH3,5,Veneto,Veneto,4905854,443394,9.04,0.05
1134,2021-02-18,VEN,5700,2441,3259,935,64,286,608,3798,1,8,5636,64,ITH,ITH3,5,Veneto,Veneto,4905854,449094,9.15,0.12
1135,2021-01-03,VEN,5159,1563,3596,4597,59,252,249,0,0,2,5159,0,ITH,ITH3,5,Veneto,Veneto,4905854,454253,9.26,0.11
1136,2021-02-03,VEN,5934,1660,4274,2852,428,903,1744,1,0,6,482,5452,ITH,ITH3,5,Veneto,Veneto,4905854,460187,9.38,0.12
1137,2021-01-30,VEN,8745,2671,6074,6237,298,951,1234,4,12,9,695,8050,ITH,ITH3,5,Veneto,Veneto,4905854,468932,9.56,0.18
1138,2021-04-04,VEN,7666,3493,4173,21,0,6350,0,1280,2,13,6544,1122,ITH,ITH3,5,Veneto,Veneto,4905854,476598,9.71,0.16
1139,2021-02-12,VEN,4312,1447,2865,2765,141,730,659,6,3,8,3740,572,ITH,ITH3,5,Veneto,Veneto,4905854,480910,9.8,0.09
1140,2021-03-04,VEN,12735,4717,8018,3126,380,1260,1385,3405,352,2827,9317,3418,ITH,ITH3,5,Veneto,Veneto,4905854,493645,10.06,0.26
1141,2021-01-25,VEN,6466,2074,4392,5060,152,347,904,1,0,2,170,6296,ITH,ITH3,5,Veneto,Veneto,4905854,500111,10.19,0.13
1142,2021-03-05,VEN,13166,4905,8261,3438,267,1723,1415,3085,285,2953,9585,3581,ITH,ITH3,5,Veneto,Veneto,4905854,513277,10.46,0.27
1143,2021-01-11,VEN,7237,2100,5137,3499,502,1025,1956,247,0,8,7237,0,ITH,ITH3,5,Veneto,Veneto,4905854,520514,10.61,0.15
1144,2021-01-15,VEN,5863,1818,4045,2984,460,838,1565,9,3,4,5863,0,ITH,ITH3,5,Veneto,Veneto,4905854,526377,10.73,0.12
1145,2021-02-22,VEN,6964,3021,3943,744,44,191,342,5400,1,242,6577,387,ITH,ITH3,5,Veneto,Veneto,4905854,533341,10.87,0.14
1146,2021-02-08,VEN,4970,1539,3431,2819,274,686,1175,12,0,4,1930,3040,ITH,ITH3,5,Veneto,Veneto,4905854,538311,10.97,0.1
1147,2021-01-01,VEN,1527,471,1056,1495,0,28,1,0,0,3,1527,0,ITH,ITH3,5,Veneto,Veneto,4905854,539838,11.0,0.03
1148,2021-02-10,VEN,4750,1587,3163,3173,228,572,775,0,0,2,3698,1052,ITH,ITH3,5,Veneto,Veneto,4905854,544588,11.1,0.1
1149,2021-03-27,VEN,31650,13765,17885,1967,41,15301,170,12497,126,1548,25829,5821,ITH,ITH3,5,Veneto,Veneto,4905854,576238,11.75,0.65
1150,2021-02-15,VEN,4386,1821,2565,484,65,144,383,3294,14,2,4145,241,ITH,ITH3,5,Veneto,Veneto,4905854,580624,11.84,0.09
1151,2021-03-25,VEN,25575,10821,14754,1363,342,9865,952,10171,664,2218,19514,6061,ITH,ITH3,5,Veneto,Veneto,4905854,606199,12.36,0.52
1152,2021-03-13,VEN,17143,7231,9912,2498,54,5206,103,4815,426,4041,14037,3106,ITH,ITH3,5,Veneto,Veneto,4905854,623342,12.71,0.35
1153,2021-02-13,VEN,3267,1474,1793,1568,75,181,1438,3,1,1,3247,20,ITH,ITH3,5,Veneto,Veneto,4905854,626609,12.77,0.07
1154,2021-01-24,VEN,4117,1219,2898,3752,17,121,222,1,0,4,28,4089,ITH,ITH3,5,Veneto,Veneto,4905854,630726,12.86,0.08
1155,2021-03-22,VEN,18031,8099,9932,1165,123,6405,516,6741,742,2339,13009,5022,ITH,ITH3,5,Veneto,Veneto,4905854,648757,13.22,0.37
1156,2021-03-23,VEN,21907,10064,11843,1085,202,9566,638,6708,915,2793,17307,4600,ITH,ITH3,5,Veneto,Veneto,4905854,670664,13.67,0.45
1157,2021-03-24,VEN,21839,9380,12459,1159,235,5601,800,10489,743,2812,15057,6782,ITH,ITH3,5,Veneto,Veneto,4905854,692503,14.12,0.45
1158,2021-04-02,VEN,23267,10218,13049,986,60,11598,327,9930,74,292,17017,6250,ITH,ITH3,5,Veneto,Veneto,4905854,715770,14.59,0.47
1159,2021-02-06,VEN,4090,1351,2739,3027,171,518,367,3,0,4,709,3381,ITH,ITH3,5,Veneto,Veneto,4905854,719860,14.67,0.08
1160,2021-01-27,VEN,7140,2064,5076,5207,211,834,879,0,0,9,246,6894,ITH,ITH3,5,Veneto,Veneto,4905854,727000,14.82,0.15
1161,2021-01-05,VEN,7328,2183,5145,5411,304,485,1122,0,1,5,7328,0,ITH,ITH3,5,Veneto,Veneto,4905854,734328,14.97,0.15
1162,2021-01-20,VEN,1038,368,670,695,58,71,213,0,0,1,386,652,ITH,ITH3,5,Veneto,Veneto,4905854,735366,14.99,0.02
1163,2021-02-02,VEN,6403,1843,4560,2971,533,750,1994,152,0,3,391,6012,ITH,ITH3,5,Veneto,Veneto,4905854,741769,15.12,0.13
1164,2020-12-27,VEN,880,395,485,875,0,4,0,0,0,1,880,0,ITH,ITH3,5,Veneto,Veneto,4905854,742649,15.14,0.02
1165,2021-04-03,VEN,21407,9375,12032,1292,39,11334,147,8449,19,127,13686,7721,ITH,ITH3,5,Veneto,Veneto,4905854,764056,15.57,0.44
1166,2021-01-28,VEN,9205,2662,6543,6463,360,921,1451,5,0,5,175,9030,ITH,ITH3,5,Veneto,Veneto,4905854,773261,15.76,0.19
1167,2021-04-08,VEN,190,86,104,2,0,180,0,4,2,2,190,0,ITH,ITH3,5,Veneto,Veneto,4905854,773451,15.77,0.0
1168,2021-01-10,VEN,5020,1662,3358,3840,166,547,462,2,2,1,5020,0,ITH,ITH3,5,Veneto,Veneto,4905854,778471,15.87,0.1
1169,2021-02-14,VEN,125,56,69,97,1,27,0,0,0,0,112,13,ITH,ITH3,5,Veneto,Veneto,4905854,778596,15.87,0.0
1170,2021-03-16,VEN,12378,5297,7081,1275,105,2547,454,7860,19,118,6846,5532,ITH,ITH3,5,Veneto,Veneto,4905854,790974,16.12,0.25
1171,2021-02-25,VEN,7880,3332,4548,1520,249,297,472,4937,109,296,7277,603,ITH,ITH3,5,Veneto,Veneto,4905854,798854,16.28,0.16
1172,2021-03-26,VEN,29313,12963,16350,1254,369,13519,1173,10334,814,1850,23837,5476,ITH,ITH3,5,Veneto,Veneto,4905854,828167,16.88,0.6
1173,2021-01-08,VEN,9398,2832,6566,5982,590,1003,1807,3,1,12,9398,0,ITH,ITH3,5,Veneto,Veneto,4905854,837565,17.07,0.19
1174,2021-02-19,VEN,7293,3121,4172,1542,175,534,664,4366,3,9,7091,202,ITH,ITH3,5,Veneto,Veneto,4905854,844858,17.22,0.15
1175,2021-01-06,VEN,8130,2383,5747,6308,170,831,808,1,2,10,8130,0,ITH,ITH3,5,Veneto,Veneto,4905854,852988,17.39,0.17
1176,2021-01-16,VEN,4606,1541,3065,3194,273,482,657,0,0,0,4606,0,ITH,ITH3,5,Veneto,Veneto,4905854,857594,17.48,0.09
1177,2021-03-20,VEN,12796,5303,7493,655,27,4555,215,4835,217,2292,10696,2100,ITH,ITH3,5,Veneto,Veneto,4905854,870390,17.74,0.26
1178,2021-04-01,VEN,23594,10278,13316,900,150,11632,543,10029,193,147,17248,6346,ITH,ITH3,5,Veneto,Veneto,4905854,893984,18.22,0.48
1179,2021-03-19,VEN,13703,5636,8067,1787,148,2652,477,7870,48,721,7658,6045,ITH,ITH3,5,Veneto,Veneto,4905854,907687,18.5,0.28
1180,2021-01-17,VEN,1932,780,1152,1588,40,179,120,3,0,2,1583,349,ITH,ITH3,5,Veneto,Veneto,4905854,909619,18.54,0.04
1181,2021-04-06,VEN,27268,12535,14733,402,45,20802,356,5507,56,100,22232,5036,ITH,ITH3,5,Veneto,Veneto,4905854,936887,19.1,0.56
1182,2021-02-24,VEN,8589,3671,4918,1566,226,412,518,5589,264,14,8105,484,ITH,ITH3,5,Veneto,Veneto,4905854,945476,19.27,0.18
1183,2021-03-28,VEN,31276,13598,17678,1414,45,16955,144,10250,52,2416,27552,3724,ITH,ITH3,5,Veneto,Veneto,4905854,976752,19.91,0.64
1184,2021-02-11,VEN,4013,1239,2774,2659,156,391,789,9,1,8,3383,630,ITH,ITH3,5,Veneto,Veneto,4905854,980765,19.99,0.08
1185,2021-01-14,VEN,7058,1923,5135,3237,526,783,2491,17,0,4,7058,0,ITH,ITH3,5,Veneto,Veneto,4905854,987823,20.14,0.14
1186,2021-01-12,VEN,5231,1516,3715,2251,359,695,1753,168,0,5,5231,0,ITH,ITH3,5,Veneto,Veneto,4905854,993054,20.24,0.11
1187,2021-03-07,VEN,4453,1742,2711,1692,2,924,23,983,0,829,3900,553,ITH,ITH3,5,Veneto,Veneto,4905854,997507,20.33,0.09
1188,2021-03-02,VEN,11328,4553,6775,2770,437,1388,1173,3285,411,1864,8054,3274,ITH,ITH3,5,Veneto,Veneto,4905854,1008835,20.56,0.23
1189,2021-04-07,VEN,26956,12168,14788,830,93,21382,287,4078,47,239,22181,4775,ITH,ITH3,5,Veneto,Veneto,4905854,1035791,21.11,0.55
1190,2021-01-23,VEN,4063,1255,2808,3406,119,84,450,1,0,3,34,4029,ITH,ITH3,5,Veneto,Veneto,4905854,1039854,21.2,0.08
1191,2021-02-20,VEN,6418,2012,4406,1865,35,199,100,970,6,3243,6349,69,ITH,ITH3,5,Veneto,Veneto,4905854,1046272,21.33,0.13
1192,2021-03-08,VEN,13461,6139,7322,709,56,1167,384,7160,1040,2945,9423,4038,ITH,ITH3,5,Veneto,Veneto,4905854,1059733,21.6,0.27
1193,2021-04-05,PAT,33,16,17,0,0,32,0,0,0,1,33,0,ITH,ITH2,4,Provincia Autonoma Trento,P.A. Trento,541380,33,0.01,0.01
1194,2021-03-10,PAT,2396,925,1471,353,36,25,25,1421,221,315,1457,939,ITH,ITH2,4,Provincia Autonoma Trento,P.A. Trento,541380,2429,0.45,0.44
1195,2021-02-23,PAT,1108,395,713,272,13,2,17,751,3,50,897,211,ITH,ITH2,4,Provincia Autonoma Trento,P.A. Trento,541380,3537,0.65,0.2
1196,2021-03-29,PAT,2429,952,1477,93,26,1239,5,971,4,91,1670,759,ITH,ITH2,4,Provincia Autonoma Trento,P.A. Trento,541380,5966,1.1,0.45
1197,2021-01-09,PAT,190,40,150,145,13,1,31,0,0,0,190,0,ITH,ITH2,4,Provincia Autonoma Trento,P.A. Trento,541380,6156,1.14,0.04
1198,2021-01-22,PAT,1666,433,1233,903,121,9,630,0,0,3,329,1337,ITH,ITH2,4,Provincia Autonoma Trento,P.A. Trento,541380,7822,1.44,0.31
1199,2021-02-16,PAT,663,244,419,73,2,12,3,563,0,10,658,5,ITH,ITH2,4,Provincia Autonoma Trento,P.A. Trento,541380,8485,1.57,0.12
1200,2021-01-30,PAT,386,132,254,346,7,0,32,0,0,1,152,234,ITH,ITH2,4,Provincia Autonoma Trento,P.A. Trento,541380,8871,1.64,0.07
1201,2021-03-05,PAT,2225,700,1525,126,67,46,102,953,158,773,1646,579,ITH,ITH2,4,Provincia Autonoma Trento,P.A. Trento,541380,11096,2.05,0.41
1202,2021-03-15,PAT,1398,540,858,64,121,348,26,617,54,168,937,461,ITH,ITH2,4,Provincia Autonoma Trento,P.A. Trento,541380,12494,2.31,0.26
1203,2021-01-14,PAT,698,203,495,479,6,5,208,0,0,0,698,0,ITH,ITH2,4,Provincia Autonoma Trento,P.A. Trento,541380,13192,2.44,0.13
1204,2021-03-03,PAT,1653,621,1032,74,11,20,59,1267,19,203,1132,521,ITH,ITH2,4,Provincia Autonoma Trento,P.A. Trento,541380,14845,2.74,0.31
1205,2021-01-13,PAT,421,123,298,392,6,0,23,0,0,0,421,0,ITH,ITH2,4,Provincia Autonoma Trento,P.A. Trento,541380,15266,2.82,0.08
1206,2021-03-07,PAT,22,6,16,0,0,0,0,0,0,22,22,0,ITH,ITH2,4,Provincia Autonoma Trento,P.A. Trento,541380,15288,2.82,0.0
1207,2021-01-21,PAT,351,94,257,320,13,2,16,0,0,0,228,123,ITH,ITH2,4,Provincia Autonoma Trento,P.A. Trento,541380,15639,2.89,0.06
1208,2021-02-24,PAT,1318,523,795,236,5,7,29,974,1,66,922,396,ITH,ITH2,4,Provincia Autonoma Trento,P.A. Trento,541380,16957,3.13,0.24
1209,2021-03-08,PAT,1397,433,964,65,15,21,0,1012,7,277,1044,353,ITH,ITH2,4,Provincia Autonoma Trento,P.A. Trento,541380,18354,3.39,0.26
1210,2021-01-23,PAT,577,334,243,487,2,0,88,0,0,0,388,189,ITH,ITH2,4,Provincia Autonoma Trento,P.A. Trento,541380,18931,3.5,0.11
1211,2021-03-17,PAT,2058,791,1267,398,15,327,55,1257,1,5,1183,875,ITH,ITH2,4,Provincia Autonoma Trento,P.A. Trento,541380,20989,3.88,0.38
1212,2021-03-02,PAT,1300,439,861,137,16,24,53,924,1,145,921,379,ITH,ITH2,4,Provincia Autonoma Trento,P.A. Trento,541380,22289,4.12,0.24
1213,2021-03-04,PAT,2351,790,1561,161,24,53,23,1725,19,346,1571,780,ITH,ITH2,4,Provincia Autonoma Trento,P.A. Trento,541380,24640,4.55,0.43
1214,2021-01-24,PAT,547,276,271,535,12,0,0,0,0,0,224,323,ITH,ITH2,4,Provincia Autonoma Trento,P.A. Trento,541380,25187,4.65,0.1
1215,2021-03-21,PAT,129,69,60,34,1,76,0,0,0,18,128,1,ITH,ITH2,4,Provincia Autonoma Trento,P.A. Trento,541380,25316,4.68,0.02
1216,2021-02-26,PAT,1217,435,782,249,12,11,19,820,1,105,911,306,ITH,ITH2,4,Provincia Autonoma Trento,P.A. Trento,541380,26533,4.9,0.22
1217,2021-01-27,PAT,802,277,525,463,33,1,304,1,0,0,91,711,ITH,ITH2,4,Provincia Autonoma Trento,P.A. Trento,541380,27335,5.05,0.15
1218,2021-04-08,PAT,984,399,585,57,0,311,0,597,1,18,572,412,ITH,ITH2,4,Provincia Autonoma Trento,P.A. Trento,541380,28319,5.23,0.18
1219,2021-04-07,PAT,2394,957,1437,237,21,766,6,1269,8,87,1504,890,ITH,ITH2,4,Provincia Autonoma Trento,P.A. Trento,541380,30713,5.67,0.44
1220,2021-03-13,PAT,831,382,449,201,15,0,30,44,282,259,781,50,ITH,ITH2,4,Provincia Autonoma Trento,P.A. Trento,541380,31544,5.83,0.15
1221,2021-01-29,PAT,1352,331,1021,724,74,12,542,0,0,0,55,1297,ITH,ITH2,4,Provincia Autonoma Trento,P.A. Trento,541380,32896,6.08,0.25
1222,2021-03-18,PAT,2272,944,1328,60,0,568,2,1637,2,3,1183,1089,ITH,ITH2,4,Provincia Autonoma Trento,P.A. Trento,541380,35168,6.5,0.42
1223,2021-02-13,PAT,536,333,203,373,4,1,0,158,0,0,171,365,ITH,ITH2,4,Provincia Autonoma Trento,P.A. Trento,541380,35704,6.59,0.1
1224,2021-03-27,PAT,1580,693,887,268,188,838,0,58,72,156,1328,252,ITH,ITH2,4,Provincia Autonoma Trento,P.A. Trento,541380,37284,6.89,0.29
1225,2021-02-12,PAT,1010,340,670,335,54,14,55,552,0,0,589,421,ITH,ITH2,4,Provincia Autonoma Trento,P.A. Trento,541380,38294,7.07,0.19
1226,2021-03-20,PAT,867,399,468,154,97,470,0,77,0,69,664,203,ITH,ITH2,4,Provincia Autonoma Trento,P.A. Trento,541380,39161,7.23,0.16
1227,2021-04-02,PAT,2715,1123,1592,148,65,1530,44,623,15,290,2077,638,ITH,ITH2,4,Provincia Autonoma Trento,P.A. Trento,541380,41876,7.74,0.5
1228,2021-01-12,PAT,504,158,346,414,25,4,61,0,0,0,504,0,ITH,ITH2,4,Provincia Autonoma Trento,P.A. Trento,541380,42380,7.83,0.09
1229,2021-01-01,PAT,213,50,163,114,11,0,88,0,0,0,213,0,ITH,ITH2,4,Provincia Autonoma Trento,P.A. Trento,541380,42593,7.87,0.04
1230,2021-01-08,PAT,1449,313,1136,768,128,24,529,0,0,0,1449,0,ITH,ITH2,4,Provincia Autonoma Trento,P.A. Trento,541380,44042,8.14,0.27
1231,2021-03-01,PAT,1236,453,783,74,1,17,10,1036,3,95,941,295,ITH,ITH2,4,Provincia Autonoma Trento,P.A. Trento,541380,45278,8.36,0.23
1232,2021-02-09,PAT,914,287,627,447,8,5,73,381,0,0,441,473,ITH,ITH2,4,Provincia Autonoma Trento,P.A. Trento,541380,46192,8.53,0.17
1233,2021-03-06,PAT,772,276,496,361,10,6,0,195,5,195,620,152,ITH,ITH2,4,Provincia Autonoma Trento,P.A. Trento,541380,46964,8.67,0.14
1234,2021-02-11,PAT,1131,365,766,331,3,13,48,736,0,0,796,335,ITH,ITH2,4,Provincia Autonoma Trento,P.A. Trento,541380,48095,8.88,0.21
1235,2021-03-09,PAT,1566,584,982,97,42,14,29,1092,92,200,928,638,ITH,ITH2,4,Provincia Autonoma Trento,P.A. Trento,541380,49661,9.17,0.29
1236,2021-01-16,PAT,318,147,171,303,0,1,14,0,0,0,318,0,ITH,ITH2,4,Provincia Autonoma Trento,P.A. Trento,541380,49979,9.23,0.06
1237,2021-02-18,PAT,1205,426,779,300,25,5,35,782,3,55,1143,62,ITH,ITH2,4,Provincia Autonoma Trento,P.A. Trento,541380,51184,9.45,0.22
1238,2020-12-31,PAT,1624,449,1175,841,105,4,674,0,0,0,1624,0,ITH,ITH2,4,Provincia Autonoma Trento,P.A. Trento,541380,52808,9.75,0.3
1239,2021-01-18,PAT,641,154,487,528,35,5,73,0,0,0,587,54,ITH,ITH2,4,Provincia Autonoma Trento,P.A. Trento,541380,53449,9.87,0.12
1240,2021-02-15,PAT,533,187,346,145,21,7,27,322,0,11,419,114,ITH,ITH2,4,Provincia Autonoma Trento,P.A. Trento,541380,53982,9.97,0.1
1241,2021-01-06,PAT,42,13,29,42,0,0,0,0,0,0,42,0,ITH,ITH2,4,Provincia Autonoma Trento,P.A. Trento,541380,54024,9.98,0.01
1242,2021-02-28,PAT,242,121,121,231,0,0,0,0,0,11,242,0,ITH,ITH2,4,Provincia Autonoma Trento,P.A. Trento,541380,54266,10.02,0.04
1243,2021-04-06,PAT,2181,927,1254,39,5,1023,9,994,17,94,1479,702,ITH,ITH2,4,Provincia Autonoma Trento,P.A. Trento,541380,56447,10.43,0.4
1244,2021-03-28,PAT,754,293,461,18,386,270,0,8,70,2,743,11,ITH,ITH2,4,Provincia Autonoma Trento,P.A. Trento,541380,57201,10.57,0.14
1245,2021-04-03,PAT,1119,466,653,141,250,585,0,47,66,30,954,165,ITH,ITH2,4,Provincia Autonoma Trento,P.A. Trento,541380,58320,10.77,0.21
1246,2021-02-21,PAT,155,92,63,154,0,0,0,0,0,1,43,112,ITH,ITH2,4,Provincia Autonoma Trento,P.A. Trento,541380,58475,10.8,0.03
1247,2021-01-20,PAT,290,72,218,231,10,1,48,0,0,0,278,12,ITH,ITH2,4,Provincia Autonoma Trento,P.A. Trento,541380,58765,10.85,0.05
1248,2021-01-02,PAT,502,143,359,336,21,4,141,0,0,0,502,0,ITH,ITH2,4,Provincia Autonoma Trento,P.A. Trento,541380,59267,10.95,0.09
1249,2021-04-01,PAT,2831,1206,1625,187,52,930,6,1528,3,125,1784,1047,ITH,ITH2,4,Provincia Autonoma Trento,P.A. Trento,541380,62098,11.47,0.52
1250,2021-03-11,PAT,2279,845,1434,103,50,65,41,1570,59,391,1431,848,ITH,ITH2,4,Provincia Autonoma Trento,P.A. Trento,541380,64377,11.89,0.42
1251,2021-02-02,PAT,907,240,667,507,33,14,189,164,0,0,190,717,ITH,ITH2,4,Provincia Autonoma Trento,P.A. Trento,541380,65284,12.06,0.17
1252,2021-01-11,PAT,728,221,507,518,49,9,152,0,0,0,728,0,ITH,ITH2,4,Provincia Autonoma Trento,P.A. Trento,541380,66012,12.19,0.13
1253,2020-12-30,PAT,7,3,4,4,1,0,2,0,0,0,7,0,ITH,ITH2,4,Provincia Autonoma Trento,P.A. Trento,541380,66019,12.19,0.0
1254,2021-03-30,PAT,2362,964,1398,71,57,994,52,1004,9,175,1740,622,ITH,ITH2,4,Provincia Autonoma Trento,P.A. Trento,541380,68381,12.63,0.44
1255,2021-01-26,PAT,542,154,388,441,16,1,84,0,0,0,26,516,ITH,ITH2,4,Provincia Autonoma Trento,P.A. Trento,541380,68923,12.73,0.1
1256,2021-03-25,PAT,2811,1074,1737,175,135,814,28,1296,6,357,1755,1056,ITH,ITH2,4,Provincia Autonoma Trento,P.A. Trento,541380,71734,13.25,0.52
1257,2021-01-05,PAT,709,232,477,495,46,6,162,0,0,0,709,0,ITH,ITH2,4,Provincia Autonoma Trento,P.A. Trento,541380,72443,13.38,0.13
1258,2021-03-26,PAT,3084,1191,1893,133,169,1234,106,882,9,551,2488,596,ITH,ITH2,4,Provincia Autonoma Trento,P.A. Trento,541380,75527,13.95,0.57
1259,2021-02-06,PAT,573,297,276,178,0,7,0,388,0,0,433,140,ITH,ITH2,4,Provincia Autonoma Trento,P.A. Trento,541380,76100,14.06,0.11
1260,2021-01-15,PAT,594,131,463,462,18,3,111,0,0,0,594,0,ITH,ITH2,4,Provincia Autonoma Trento,P.A. Trento,541380,76694,14.17,0.11
1261,2021-02-17,PAT,1110,425,685,325,9,18,35,708,3,12,1020,90,ITH,ITH2,4,Provincia Autonoma Trento,P.A. Trento,541380,77804,14.37,0.21
1262,2021-03-23,PAT,2376,904,1472,145,96,902,71,998,5,159,1637,739,ITH,ITH2,4,Provincia Autonoma Trento,P.A. Trento,541380,80180,14.81,0.44
1263,2021-03-24,PAT,2308,906,1402,204,78,318,42,1428,15,223,1490,818,ITH,ITH2,4,Provincia Autonoma Trento,P.A. Trento,541380,82488,15.24,0.43
1264,2020-12-27,PAT,103,40,63,76,4,2,21,0,0,0,103,0,ITH,ITH2,4,Provincia Autonoma Trento,P.A. Trento,541380,82591,15.26,0.02
1265,2021-01-10,PAT,84,19,65,53,18,1,12,0,0,0,84,0,ITH,ITH2,4,Provincia Autonoma Trento,P.A. Trento,541380,82675,15.27,0.02
1266,2021-03-14,PAT,107,65,42,102,0,0,0,0,0,5,20,87,ITH,ITH2,4,Provincia Autonoma Trento,P.A. Trento,541380,82782,15.29,0.02
1267,2021-01-31,PAT,75,15,60,55,13,1,6,0,0,0,1,74,ITH,ITH2,4,Provincia Autonoma Trento,P.A. Trento,541380,82857,15.3,0.01
1268,2021-02-10,PAT,850,290,560,310,7,2,51,480,0,0,509,341,ITH,ITH2,4,Provincia Autonoma Trento,P.A. Trento,541380,83707,15.46,0.16
1269,2021-02-27,PAT,1024,455,569,459,5,9,0,434,4,113,602,422,ITH,ITH2,4,Provincia Autonoma Trento,P.A. Trento,541380,84731,15.65,0.19
1270,2021-02-20,PAT,406,245,161,330,10,1,30,1,3,31,122,284,ITH,ITH2,4,Provincia Autonoma Trento,P.A. Trento,541380,85137,15.73,0.07
1271,2021-02-01,PAT,1220,335,885,767,70,8,375,0,0,0,92,1128,ITH,ITH2,4,Provincia Autonoma Trento,P.A. Trento,541380,86357,15.95,0.23
1272,2021-03-12,PAT,2457,921,1536,207,251,45,106,1093,203,552,1662,795,ITH,ITH2,4,Provincia Autonoma Trento,P.A. Trento,541380,88814,16.41,0.45
1273,2021-01-07,PAT,1270,310,960,649,46,18,557,0,0,0,1270,0,ITH,ITH2,4,Provincia Autonoma Trento,P.A. Trento,541380,90084,16.64,0.23
1274,2021-01-25,PAT,817,215,602,524,27,3,263,0,0,0,23,794,ITH,ITH2,4,Provincia Autonoma Trento,P.A. Trento,541380,90901,16.79,0.15
1275,2021-02-08,PAT,1150,318,832,550,53,6,237,303,0,1,342,808,ITH,ITH2,4,Provincia Autonoma Trento,P.A. Trento,541380,92051,17.0,0.21
1276,2021-03-31,PAT,2514,972,1542,139,34,670,5,1433,6,227,1669,845,ITH,ITH2,4,Provincia Autonoma Trento,P.A. Trento,541380,94565,17.47,0.46
1277,2021-02-04,PAT,972,304,668,542,10,7,89,324,0,0,420,552,ITH,ITH2,4,Provincia Autonoma Trento,P.A. Trento,541380,95537,17.65,0.18
1278,2021-02-05,PAT,802,271,531,467,19,3,66,247,0,0,283,519,ITH,ITH2,4,Provincia Autonoma Trento,P.A. Trento,541380,96339,17.8,0.15
1279,2021-03-22,PAT,2278,967,1311,81,133,969,8,968,18,101,1397,881,ITH,ITH2,4,Provincia Autonoma Trento,P.A. Trento,541380,98617,18.22,0.42
1280,2021-01-17,PAT,251,195,56,251,0,0,0,0,0,0,251,0,ITH,ITH2,4,Provincia Autonoma Trento,P.A. Trento,541380,98868,18.26,0.05
1281,2021-02-19,PAT,926,357,569,170,37,16,93,581,1,28,868,58,ITH,ITH2,4,Provincia Autonoma Trento,P.A. Trento,541380,99794,18.43,0.17
1282,2021-01-19,PAT,405,77,328,365,3,1,36,0,0,0,405,0,ITH,ITH2,4,Provincia Autonoma Trento,P.A. Trento,541380,100199,18.51,0.07
1283,2021-01-28,PAT,530,147,383,390,29,4,107,0,0,0,48,482,ITH,ITH2,4,Provincia Autonoma Trento,P.A. Trento,541380,100729,18.61,0.1
1284,2021-03-16,PAT,1390,505,885,221,7,50,36,1072,0,4,606,784,ITH,ITH2,4,Provincia Autonoma Trento,P.A. Trento,541380,102119,18.86,0.26
1285,2021-01-04,PAT,870,227,643,485,41,8,335,1,0,0,870,0,ITH,ITH2,4,Provincia Autonoma Trento,P.A. Trento,541380,102989,19.02,0.16
1286,2021-02-25,PAT,1639,642,997,120,9,8,32,1376,1,93,1198,441,ITH,ITH2,4,Provincia Autonoma Trento,P.A. Trento,541380,104628,19.33,0.3
1287,2021-02-03,PAT,846,314,532,355,13,12,73,393,0,0,414,432,ITH,ITH2,4,Provincia Autonoma Trento,P.A. Trento,541380,105474,19.48,0.16
1288,2021-02-22,PAT,745,259,486,119,4,6,70,501,0,45,661,84,ITH,ITH2,4,Provincia Autonoma Trento,P.A. Trento,541380,106219,19.62,0.14
1289,2021-03-19,PAT,2397,907,1490,314,70,853,52,1040,2,66,1554,843,ITH,ITH2,4,Provincia Autonoma Trento,P.A. Trento,541380,108616,20.06,0.44
1290,2021-01-03,PAT,492,160,332,418,9,3,62,0,0,0,492,0,ITH,ITH2,4,Provincia Autonoma Trento,P.A. Trento,541380,109108,20.15,0.09
1291,2021-02-14,PAT,246,186,60,246,0,0,0,0,0,0,11,235,ITH,ITH2,4,Provincia Autonoma Trento,P.A. Trento,541380,109354,20.2,0.05
1292,2021-03-02,LAZ,16605,7185,9420,1808,357,1069,229,8110,1278,3754,12676,3929,ITI,ITI4,12,Lazio,Lazio,5879082,16605,0.28,0.28
1293,2021-01-10,LAZ,4039,1700,2339,3424,156,207,252,0,0,0,4039,0,ITI,ITI4,12,Lazio,Lazio,5879082,20644,0.35,0.07
1294,2021-03-08,LAZ,19880,8221,11659,2451,120,2062,380,9056,1102,4709,14618,5262,ITI,ITI4,12,Lazio,Lazio,5879082,40524,0.69,0.34
1295,2021-03-07,LAZ,14058,5419,8639,1201,24,1207,148,7249,696,3533,10469,3589,ITI,ITI4,12,Lazio,Lazio,5879082,54582,0.93,0.24
1296,2021-01-13,LAZ,5559,2063,3496,4145,270,132,1009,3,0,0,5559,0,ITI,ITI4,12,Lazio,Lazio,5879082,60141,1.02,0.09
1297,2021-01-11,LAZ,5525,2103,3422,4553,307,96,569,0,0,0,5525,0,ITI,ITI4,12,Lazio,Lazio,5879082,65666,1.12,0.09
1298,2021-01-20,LAZ,4391,1658,2733,3279,233,166,427,286,0,0,2850,1541,ITI,ITI4,12,Lazio,Lazio,5879082,70057,1.19,0.07
1299,2021-01-31,LAZ,4279,1783,2496,3572,139,200,244,124,0,0,296,3983,ITI,ITI4,12,Lazio,Lazio,5879082,74336,1.26,0.07
1300,2021-01-27,LAZ,5768,2170,3598,4797,215,170,457,129,0,0,651,5117,ITI,ITI4,12,Lazio,Lazio,5879082,80104,1.36,0.1
1301,2021-02-10,LAZ,7777,3117,4660,2646,275,306,634,3916,0,0,4841,2936,ITI,ITI4,12,Lazio,Lazio,5879082,87881,1.49,0.13
1302,2021-02-25,LAZ,12636,5514,7122,1754,434,776,489,5149,1423,2611,11590,1046,ITI,ITI4,12,Lazio,Lazio,5879082,100517,1.71,0.21
1303,2021-01-26,LAZ,7605,2907,4698,6592,213,44,631,125,0,0,374,7231,ITI,ITI4,12,Lazio,Lazio,5879082,108122,1.84,0.13
1304,2021-02-22,LAZ,11421,4975,6446,1779,123,186,473,5248,1390,2222,10920,501,ITI,ITI4,12,Lazio,Lazio,5879082,119543,2.03,0.19
1305,2021-02-24,LAZ,11995,5182,6813,1798,428,508,337,5197,1327,2400,11005,990,ITI,ITI4,12,Lazio,Lazio,5879082,131538,2.24,0.2
1306,2021-03-22,LAZ,21319,8870,12449,1527,75,5972,244,9123,517,3861,14939,6380,ITI,ITI4,12,Lazio,Lazio,5879082,152857,2.6,0.36
1307,2021-03-16,LAZ,13458,5708,7750,1504,69,2147,280,9446,7,5,7056,6402,ITI,ITI4,12,Lazio,Lazio,5879082,166315,2.83,0.23
1308,2020-12-30,LAZ,1630,629,1001,1603,0,0,27,0,0,0,1630,0,ITI,ITI4,12,Lazio,Lazio,5879082,167945,2.86,0.03
1309,2021-02-13,LAZ,6274,2436,3838,2123,42,171,280,3658,0,0,6186,88,ITI,ITI4,12,Lazio,Lazio,5879082,174219,2.96,0.11
1310,2021-03-18,LAZ,14158,6052,8106,1755,90,2631,330,9337,9,6,7783,6375,ITI,ITI4,12,Lazio,Lazio,5879082,188377,3.2,0.24
1311,2021-01-17,LAZ,4566,1844,2722,3242,145,191,177,811,0,0,4354,212,ITI,ITI4,12,Lazio,Lazio,5879082,192943,3.28,0.08
1312,2021-01-24,LAZ,5467,2109,3358,4945,131,131,134,126,0,0,385,5082,ITI,ITI4,12,Lazio,Lazio,5879082,198410,3.37,0.09
1313,2021-03-15,LAZ,19205,8306,10899,2307,122,3553,408,9583,706,2526,12484,6721,ITI,ITI4,12,Lazio,Lazio,5879082,217615,3.7,0.33
1314,2021-01-28,LAZ,7954,2998,4956,6810,374,122,514,134,0,0,459,7495,ITI,ITI4,12,Lazio,Lazio,5879082,225569,3.84,0.14
1315,2021-04-02,LAZ,27464,12845,14619,5605,89,12842,166,8357,221,184,20349,7115,ITI,ITI4,12,Lazio,Lazio,5879082,253033,4.3,0.47
1316,2021-03-20,LAZ,18117,6777,11340,1831,139,3761,360,8775,204,3047,12281,5836,ITI,ITI4,12,Lazio,Lazio,5879082,271150,4.61,0.31
1317,2020-12-29,LAZ,488,176,312,486,2,0,0,0,0,0,488,0,ITI,ITI4,12,Lazio,Lazio,5879082,271638,4.62,0.01
1318,2021-04-07,LAZ,12648,5675,6973,781,33,6576,103,5069,42,44,7603,5045,ITI,ITI4,12,Lazio,Lazio,5879082,284286,4.84,0.22
1319,2021-01-30,LAZ,6649,2730,3919,5298,265,309,651,126,0,0,448,6201,ITI,ITI4,12,Lazio,Lazio,5879082,290935,4.95,0.11
1320,2021-01-03,LAZ,5250,1972,3278,5125,18,42,65,0,0,0,5250,0,ITI,ITI4,12,Lazio,Lazio,5879082,296185,5.04,0.09
1321,2021-03-13,LAZ,21306,8363,12943,5128,109,2382,330,8898,720,3739,15413,5893,ITI,ITI4,12,Lazio,Lazio,5879082,317491,5.4,0.36
1322,2021-02-03,LAZ,6288,2348,3940,4620,335,220,1078,35,0,0,901,5387,ITI,ITI4,12,Lazio,Lazio,5879082,323779,5.51,0.11
1323,2021-03-24,LAZ,25573,11135,14438,3761,92,8388,107,9387,240,3598,19469,6104,ITI,ITI4,12,Lazio,Lazio,5879082,349352,5.94,0.43
1324,2021-03-23,LAZ,23104,9987,13117,2485,98,6788,181,9158,538,3856,16836,6268,ITI,ITI4,12,Lazio,Lazio,5879082,372456,6.34,0.39
1325,2021-03-28,LAZ,18781,7522,11259,1060,17,6542,77,8373,106,2606,13484,5297,ITI,ITI4,12,Lazio,Lazio,5879082,391237,6.65,0.32
1326,2021-02-07,LAZ,4668,1865,2803,3251,138,247,218,813,0,1,382,4286,ITI,ITI4,12,Lazio,Lazio,5879082,395905,6.73,0.08
1327,2021-02-08,LAZ,9335,3868,5467,3789,428,446,918,3754,0,0,4487,4848,ITI,ITI4,12,Lazio,Lazio,5879082,405240,6.89,0.16
1328,2021-01-09,LAZ,6293,2560,3733,5115,229,329,620,0,0,0,6293,0,ITI,ITI4,12,Lazio,Lazio,5879082,411533,7.0,0.11
1329,2021-02-06,LAZ,5069,2015,3054,3270,206,424,660,509,0,0,769,4300,ITI,ITI4,12,Lazio,Lazio,5879082,416602,7.09,0.09
1330,2021-01-19,LAZ,4361,1671,2690,2967,222,340,424,408,0,0,3908,453,ITI,ITI4,12,Lazio,Lazio,5879082,420963,7.16,0.07
1331,2021-02-05,LAZ,6910,2722,4188,5095,373,258,995,189,0,0,1131,5779,ITI,ITI4,12,Lazio,Lazio,5879082,427873,7.28,0.12
1332,2021-03-29,LAZ,23594,10596,12998,2039,87,10808,143,9461,259,797,16723,6871,ITI,ITI4,12,Lazio,Lazio,5879082,451467,7.68,0.4
1333,2021-01-05,LAZ,7370,2802,4568,6690,0,102,577,0,1,0,7370,0,ITI,ITI4,12,Lazio,Lazio,5879082,458837,7.8,0.13
1334,2021-01-15,LAZ,6245,2477,3768,4498,417,187,988,155,0,0,6245,0,ITI,ITI4,12,Lazio,Lazio,5879082,465082,7.91,0.11
1335,2021-03-19,LAZ,16995,7258,9737,2112,140,3760,389,9340,248,1006,10695,6300,ITI,ITI4,12,Lazio,Lazio,5879082,482077,8.2,0.29
1336,2020-12-28,LAZ,959,412,547,957,0,2,0,0,0,0,959,0,ITI,ITI4,12,Lazio,Lazio,5879082,483036,8.22,0.02
1337,2021-01-21,LAZ,5247,2109,3138,4780,78,32,232,125,0,0,196,5051,ITI,ITI4,12,Lazio,Lazio,5879082,488283,8.31,0.09
1338,2021-02-02,LAZ,5772,2133,3639,4712,367,119,571,3,0,0,501,5271,ITI,ITI4,12,Lazio,Lazio,5879082,494055,8.4,0.1
1339,2021-02-21,LAZ,6799,3101,3698,1245,53,309,51,4518,607,16,6517,282,ITI,ITI4,12,Lazio,Lazio,5879082,500854,8.52,0.12
1340,2021-03-10,LAZ,21861,9405,12456,4074,143,2492,452,8904,1179,4617,16226,5635,ITI,ITI4,12,Lazio,Lazio,5879082,522715,8.89,0.37
1341,2021-02-18,LAZ,9676,4799,4877,2162,91,328,473,4956,1665,1,9178,498,ITI,ITI4,12,Lazio,Lazio,5879082,532391,9.06,0.16
1342,2021-02-19,LAZ,9698,4893,4805,2170,93,297,408,5060,1636,34,9201,497,ITI,ITI4,12,Lazio,Lazio,5879082,542089,9.22,0.16
1343,2021-03-14,LAZ,17051,6597,10454,1360,89,3295,81,8335,445,3446,11897,5154,ITI,ITI4,12,Lazio,Lazio,5879082,559140,9.51,0.29
1344,2021-03-03,LAZ,17109,7222,9887,2111,200,1177,379,8056,1249,3937,12819,4290,ITI,ITI4,12,Lazio,Lazio,5879082,576249,9.8,0.29
1345,2021-03-01,LAZ,16649,7112,9537,1555,527,1209,385,7988,1406,3579,12798,3851,ITI,ITI4,12,Lazio,Lazio,5879082,592898,10.08,0.28
1346,2021-02-16,LAZ,8044,3863,4181,2058,102,476,261,4195,951,1,7787,257,ITI,ITI4,12,Lazio,Lazio,5879082,600942,10.22,0.14
1347,2021-01-06,LAZ,5119,1960,3159,4619,45,133,320,0,1,1,5119,0,ITI,ITI4,12,Lazio,Lazio,5879082,606061,10.31,0.09
1348,2021-02-23,LAZ,10902,4680,6222,1897,109,493,309,5169,1015,1910,10278,624,ITI,ITI4,12,Lazio,Lazio,5879082,616963,10.49,0.19
1349,2021-03-31,LAZ,25578,11787,13791,4226,82,11753,135,8916,220,246,18616,6962,ITI,ITI4,12,Lazio,Lazio,5879082,642541,10.93,0.44
1350,2021-02-09,LAZ,8393,3484,4909,3258,244,338,548,4005,0,0,4571,3822,ITI,ITI4,12,Lazio,Lazio,5879082,650934,11.07,0.14
1351,2020-12-31,LAZ,5291,2121,3170,4987,12,13,279,0,0,0,5291,0,ITI,ITI4,12,Lazio,Lazio,5879082,656225,11.16,0.09
1352,2021-01-08,LAZ,7726,2894,4832,6519,191,218,798,0,0,0,7726,0,ITI,ITI4,12,Lazio,Lazio,5879082,663951,11.29,0.13
1353,2021-02-27,LAZ,11379,4248,7131,1358,399,486,515,4798,1120,2703,10426,953,ITI,ITI4,12,Lazio,Lazio,5879082,675330,11.49,0.19
1354,2021-03-21,LAZ,17776,6807,10969,1239,27,4691,111,8172,100,3436,12755,5021,ITI,ITI4,12,Lazio,Lazio,5879082,693106,11.79,0.3
1355,2021-02-04,LAZ,6045,2281,3764,4460,354,267,892,72,0,0,942,5103,ITI,ITI4,12,Lazio,Lazio,5879082,699151,11.89,0.1
1356,2021-01-22,LAZ,3663,1442,2221,3380,63,27,70,123,0,0,148,3515,ITI,ITI4,12,Lazio,Lazio,5879082,702814,11.95,0.06
1357,2021-04-06,LAZ,23170,10387,12783,2071,82,13014,94,7546,200,163,16341,6829,ITI,ITI4,12,Lazio,Lazio,5879082,725984,12.35,0.39
1358,2021-03-05,LAZ,18506,7806,10700,2728,171,1574,256,8485,1323,3969,13785,4721,ITI,ITI4,12,Lazio,Lazio,5879082,744490,12.66,0.31
1359,2021-02-14,LAZ,5536,2246,3290,1645,20,298,127,3446,0,0,5287,249,ITI,ITI4,12,Lazio,Lazio,5879082,750026,12.76,0.09
1360,2021-01-14,LAZ,5232,1961,3271,3887,304,146,811,84,0,0,5232,0,ITI,ITI4,12,Lazio,Lazio,5879082,755258,12.85,0.09
1361,2021-01-02,LAZ,6704,2629,4075,6268,47,31,358,0,0,0,6704,0,ITI,ITI4,12,Lazio,Lazio,5879082,761962,12.96,0.11
1362,2021-03-09,LAZ,20820,8920,11900,3379,104,2188,338,8964,1230,4617,15627,5193,ITI,ITI4,12,Lazio,Lazio,5879082,782782,13.31,0.35
1363,2021-03-04,LAZ,18245,7763,10482,2798,211,1345,507,8164,1315,3905,13233,5012,ITI,ITI4,12,Lazio,Lazio,5879082,801027,13.63,0.31
1364,2021-01-04,LAZ,7478,2907,4571,7075,5,81,316,0,0,1,7478,0,ITI,ITI4,12,Lazio,Lazio,5879082,808505,13.75,0.13
1365,2021-02-01,LAZ,5669,2173,3496,4784,189,130,559,7,0,0,353,5316,ITI,ITI4,12,Lazio,Lazio,5879082,814174,13.85,0.1
1366,2021-01-07,LAZ,7742,2901,4841,6897,175,104,566,0,0,0,7742,0,ITI,ITI4,12,Lazio,Lazio,5879082,821916,13.98,0.13
1367,2021-03-11,LAZ,23658,10519,13139,4844,124,3027,440,9260,1526,4437,17434,6224,ITI,ITI4,12,Lazio,Lazio,5879082,845574,14.38,0.4
1368,2021-02-20,LAZ,8795,4082,4713,1942,111,350,298,4762,1310,22,8378,417,ITI,ITI4,12,Lazio,Lazio,5879082,854369,14.53,0.15
1369,2021-04-05,LAZ,19565,8924,10641,531,34,11502,28,7397,10,63,13466,6099,ITI,ITI4,12,Lazio,Lazio,5879082,873934,14.87,0.33
1370,2021-03-25,LAZ,26346,11241,15105,4792,84,8019,318,9450,199,3484,20054,6292,ITI,ITI4,12,Lazio,Lazio,5879082,900280,15.31,0.45
1371,2021-03-27,LAZ,25554,10186,15368,5564,103,6819,289,9190,134,3455,19312,6242,ITI,ITI4,12,Lazio,Lazio,5879082,925834,15.75,0.43
1372,2021-01-18,LAZ,5839,2268,3571,3905,387,369,725,453,0,0,4861,978,ITI,ITI4,12,Lazio,Lazio,5879082,931673,15.85,0.1
1373,2021-03-30,LAZ,24908,11422,13486,3756,86,11217,248,9092,221,288,17845,7063,ITI,ITI4,12,Lazio,Lazio,5879082,956581,16.27,0.42
1374,2021-01-29,LAZ,7595,2867,4728,6373,259,169,704,90,0,0,477,7118,ITI,ITI4,12,Lazio,Lazio,5879082,964176,16.4,0.13
1375,2021-02-28,LAZ,10224,3996,6228,1601,260,428,77,4577,682,2599,9710,514,ITI,ITI4,12,Lazio,Lazio,5879082,974400,16.57,0.17
1376,2021-02-11,LAZ,6658,2788,3870,2197,174,160,500,3627,0,0,6460,198,ITI,ITI4,12,Lazio,Lazio,5879082,981058,16.69,0.11
1377,2021-01-01,LAZ,3554,1382,2172,3483,0,3,68,0,0,0,3554,0,ITI,ITI4,12,Lazio,Lazio,5879082,984612,16.75,0.06
1378,2021-03-26,LAZ,27576,11967,15609,5356,94,8698,330,9574,275,3249,20984,6592,ITI,ITI4,12,Lazio,Lazio,5879082,1012188,17.22,0.47
1379,2021-03-12,LAZ,22673,10023,12650,4703,170,3253,400,9425,774,3948,16361,6312,ITI,ITI4,12,Lazio,Lazio,5879082,1034861,17.6,0.39
1380,2021-01-23,LAZ,6883,2682,4201,6063,247,31,417,125,0,0,255,6628,ITI,ITI4,12,Lazio,Lazio,5879082,1041744,17.72,0.12
1381,2021-04-04,LAZ,17321,7986,9335,391,38,10159,11,6665,15,42,12134,5187,ITI,ITI4,12,Lazio,Lazio,5879082,1059065,18.01,0.29
1382,2021-01-12,LAZ,5391,1974,3417,4343,342,122,584,0,0,0,5391,0,ITI,ITI4,12,Lazio,Lazio,5879082,1064456,18.11,0.09
1383,2021-01-16,LAZ,5353,2075,3278,3358,241,220,1064,470,0,0,5353,0,ITI,ITI4,12,Lazio,Lazio,5879082,1069809,18.2,0.09
1384,2021-02-26,LAZ,12894,5607,7287,1909,533,804,352,5171,1385,2740,11676,1218,ITI,ITI4,12,Lazio,Lazio,5879082,1082703,18.42,0.22
1385,2021-02-17,LAZ,8810,4372,4438,2282,226,208,499,4249,1345,1,8282,528,ITI,ITI4,12,Lazio,Lazio,5879082,1091513,18.57,0.15
1386,2021-02-12,LAZ,6494,2645,3849,1995,136,287,302,3774,0,0,6417,77,ITI,ITI4,12,Lazio,Lazio,5879082,1098007,18.68,0.11
1387,2021-01-25,LAZ,7761,3041,4720,7006,205,65,363,122,0,0,421,7340,ITI,ITI4,12,Lazio,Lazio,5879082,1105768,18.81,0.13
1388,2021-03-06,LAZ,17993,6907,11086,3681,113,1252,327,7916,932,3772,13739,4254,ITI,ITI4,12,Lazio,Lazio,5879082,1123761,19.11,0.31
1389,2021-04-01,LAZ,27448,12628,14820,5663,91,12332,284,8543,287,248,20466,6982,ITI,ITI4,12,Lazio,Lazio,5879082,1151209,19.58,0.47
1390,2020-12-27,LAZ,272,131,141,272,0,0,0,0,0,0,272,0,ITI,ITI4,12,Lazio,Lazio,5879082,1151481,19.59,0.0
1391,2021-02-15,LAZ,7727,3379,4348,2447,362,313,379,4218,8,0,7430,297,ITI,ITI4,12,Lazio,Lazio,5879082,1159208,19.72,0.13
1392,2021-04-03,LAZ,23747,10641,13106,4489,65,11199,111,7646,30,207,17295,6452,ITI,ITI4,12,Lazio,Lazio,5879082,1182955,20.12,0.4
1393,2021-03-17,LAZ,13484,5754,7730,1508,87,2239,254,9375,7,14,7285,6199,ITI,ITI4,12,Lazio,Lazio,5879082,1196439,20.35,0.23
1394,2021-01-19,PIE,6421,2099,4322,3574,1238,61,1548,0,0,0,6412,9,ITC,ITC1,1,Piemonte,Piemonte,4356406,6421,0.15,0.15
1395,2021-02-13,PIE,4151,1334,2817,2309,654,68,1114,1,0,5,2929,1222,ITC,ITC1,1,Piemonte,Piemonte,4356406,10572,0.24,0.1
1396,2021-01-18,PIE,6162,2047,4115,3236,1322,82,1522,0,0,0,5914,248,ITC,ITC1,1,Piemonte,Piemonte,4356406,16734,0.38,0.14
1397,2021-02-16,PIE,3963,1753,2210,1819,778,816,548,0,1,1,3205,758,ITC,ITC1,1,Piemonte,Piemonte,4356406,20697,0.48,0.09
1398,2021-02-14,PIE,1475,498,977,796,331,49,285,0,0,14,875,600,ITC,ITC1,1,Piemonte,Piemonte,4356406,22172,0.51,0.03
1399,2021-02-24,PIE,11384,4618,6766,1843,586,726,407,5663,0,2159,10873,511,ITC,ITC1,1,Piemonte,Piemonte,4356406,33556,0.77,0.26
1400,2021-03-31,PIE,18965,8038,10927,955,371,3484,290,13121,57,687,10286,8679,ITC,ITC1,1,Piemonte,Piemonte,4356406,52521,1.21,0.44
1401,2021-01-03,PIE,3061,966,2095,2714,268,27,52,0,0,0,3061,0,ITC,ITC1,1,Piemonte,Piemonte,4356406,55582,1.28,0.07
1402,2021-01-04,PIE,5562,1678,3884,4590,716,21,235,0,0,0,5562,0,ITC,ITC1,1,Piemonte,Piemonte,4356406,61144,1.4,0.13
1403,2021-01-16,PIE,7754,2630,5124,4795,1515,80,1364,0,0,0,7754,0,ITC,ITC1,1,Piemonte,Piemonte,4356406,68898,1.58,0.18
1404,2021-01-09,PIE,6183,2185,3998,4488,1094,33,568,0,0,0,6183,0,ITC,ITC1,1,Piemonte,Piemonte,4356406,75081,1.72,0.14
1405,2021-01-07,PIE,5385,1739,3646,4158,837,49,341,0,0,0,5385,0,ITC,ITC1,1,Piemonte,Piemonte,4356406,80466,1.85,0.12
1406,2021-02-01,PIE,8641,3053,5588,6170,1324,79,1068,0,0,0,578,8063,ITC,ITC1,1,Piemonte,Piemonte,4356406,89107,2.05,0.2
1407,2021-02-19,PIE,5528,2171,3357,1988,788,977,666,31,0,1078,5026,502,ITC,ITC1,1,Piemonte,Piemonte,4356406,94635,2.17,0.13
1408,2021-02-03,PIE,10185,3301,6884,6641,2041,268,1235,0,0,0,611,9574,ITC,ITC1,1,Piemonte,Piemonte,4356406,104820,2.41,0.23
1409,2021-04-01,PIE,19144,7964,11180,663,266,3011,280,13831,183,910,11052,8092,ITC,ITC1,1,Piemonte,Piemonte,4356406,123964,2.85,0.44
1410,2021-02-12,PIE,6881,2212,4669,3525,1509,138,1707,0,0,2,3924,2957,ITC,ITC1,1,Piemonte,Piemonte,4356406,130845,3.0,0.16
1411,2021-02-05,PIE,9451,3078,6373,5766,1959,82,1643,1,0,0,657,8794,ITC,ITC1,1,Piemonte,Piemonte,4356406,140296,3.22,0.22
1412,2021-04-05,PIE,14723,6225,8498,148,49,5821,0,7977,26,702,12162,2561,ITC,ITC1,1,Piemonte,Piemonte,4356406,155019,3.56,0.34
1413,2021-02-20,PIE,3829,1252,2577,1100,395,669,219,30,0,1416,3655,174,ITC,ITC1,1,Piemonte,Piemonte,4356406,158848,3.65,0.09
1414,2021-03-26,PIE,17668,6959,10709,1155,450,1415,525,11479,220,2424,8763,8905,ITC,ITC1,1,Piemonte,Piemonte,4356406,176516,4.05,0.41
1415,2021-02-09,PIE,7350,2309,5041,4154,1323,43,1830,0,0,0,722,6628,ITC,ITC1,1,Piemonte,Piemonte,4356406,183866,4.22,0.17
1416,2021-03-09,PIE,13878,5394,8484,1682,850,716,357,7955,0,2318,11536,2342,ITC,ITC1,1,Piemonte,Piemonte,4356406,197744,4.54,0.32
1417,2021-02-15,PIE,4428,1595,2833,2319,841,303,962,1,1,1,3223,1205,ITC,ITC1,1,Piemonte,Piemonte,4356406,202172,4.64,0.1
1418,2021-02-27,PIE,12665,4844,7821,882,464,517,232,7534,0,3036,12316,349,ITC,ITC1,1,Piemonte,Piemonte,4356406,214837,4.93,0.29
1419,2021-03-20,PIE,11852,4875,6977,878,449,785,163,7643,0,1934,5958,5894,ITC,ITC1,1,Piemonte,Piemonte,4356406,226689,5.2,0.27
1420,2021-02-17,PIE,4787,2154,2633,2245,954,1089,497,1,0,1,3798,989,ITC,ITC1,1,Piemonte,Piemonte,4356406,231476,5.31,0.11
1421,2021-03-08,PIE,13907,5274,8633,2040,892,538,413,7397,0,2627,11195,2712,ITC,ITC1,1,Piemonte,Piemonte,4356406,245383,5.63,0.32
1422,2021-03-27,PIE,18294,7787,10507,1210,546,2604,110,11667,54,2103,9481,8813,ITC,ITC1,1,Piemonte,Piemonte,4356406,263677,6.05,0.42
1423,2021-01-27,PIE,4196,1453,2743,2983,541,115,557,0,0,0,999,3197,ITC,ITC1,1,Piemonte,Piemonte,4356406,267873,6.15,0.1
1424,2021-01-06,PIE,3114,1110,2004,2368,319,114,313,0,0,0,3114,0,ITC,ITC1,1,Piemonte,Piemonte,4356406,270987,6.22,0.07
1425,2021-03-01,PIE,11711,4690,7021,1142,539,744,281,6602,0,2403,10899,812,ITC,ITC1,1,Piemonte,Piemonte,4356406,282698,6.49,0.27
1426,2021-01-29,PIE,5940,1886,4054,4198,1018,51,673,0,0,0,455,5485,ITC,ITC1,1,Piemonte,Piemonte,4356406,288638,6.63,0.14
1427,2021-03-05,PIE,15252,5953,9299,2540,1098,923,654,7665,1,2371,11435,3817,ITC,ITC1,1,Piemonte,Piemonte,4356406,303890,6.98,0.35
1428,2021-02-23,PIE,9227,3709,5518,2295,821,570,389,4100,0,1052,8646,581,ITC,ITC1,1,Piemonte,Piemonte,4356406,313117,7.19,0.21
1429,2021-03-18,PIE,11726,4795,6931,1461,677,366,342,8862,0,18,4017,7709,ITC,ITC1,1,Piemonte,Piemonte,4356406,324843,7.46,0.27
1430,2021-01-21,PIE,6876,2314,4562,4704,826,30,1316,0,0,0,3381,3495,ITC,ITC1,1,Piemonte,Piemonte,4356406,331719,7.61,0.16
1431,2021-01-20,PIE,6538,2067,4471,3573,1140,13,1812,0,0,0,5813,725,ITC,ITC1,1,Piemonte,Piemonte,4356406,338257,7.76,0.15
1432,2021-02-26,PIE,12235,4909,7326,812,377,1068,487,6594,1,2896,11497,738,ITC,ITC1,1,Piemonte,Piemonte,4356406,350492,8.05,0.28
1433,2021-01-25,PIE,6209,1938,4271,4782,839,26,562,0,0,0,982,5227,ITC,ITC1,1,Piemonte,Piemonte,4356406,356701,8.19,0.14
1434,2021-03-11,PIE,13636,4996,8640,2310,809,635,381,7329,0,2172,10546,3090,ITC,ITC1,1,Piemonte,Piemonte,4356406,370337,8.5,0.31
1435,2021-01-05,PIE,5378,1602,3776,4365,683,45,285,0,0,0,5378,0,ITC,ITC1,1,Piemonte,Piemonte,4356406,375715,8.62,0.12
1436,2021-03-03,PIE,12062,4622,7440,1102,434,594,257,7023,0,2652,11240,822,ITC,ITC1,1,Piemonte,Piemonte,4356406,387777,8.9,0.28
1437,2021-01-01,PIE,1038,395,643,922,116,0,0,0,0,0,1038,0,ITC,ITC1,1,Piemonte,Piemonte,4356406,388815,8.93,0.02
1438,2021-04-02,PIE,19796,8143,11653,851,307,4086,317,13265,92,878,11412,8384,ITC,ITC1,1,Piemonte,Piemonte,4356406,408611,9.38,0.45
1439,2021-01-10,PIE,5207,2273,2934,3904,765,19,519,0,0,0,5207,0,ITC,ITC1,1,Piemonte,Piemonte,4356406,413818,9.5,0.12
1440,2021-01-12,PIE,10040,3401,6639,6859,1917,92,1172,0,0,0,10040,0,ITC,ITC1,1,Piemonte,Piemonte,4356406,423858,9.73,0.23
1441,2021-03-21,PIE,10368,4533,5835,575,383,1240,9,6846,0,1315,3846,6522,ITC,ITC1,1,Piemonte,Piemonte,4356406,434226,9.97,0.24
1442,2021-02-11,PIE,6761,2106,4655,3421,1136,191,2010,0,0,3,3004,3757,ITC,ITC1,1,Piemonte,Piemonte,4356406,440987,10.12,0.16
1443,2021-03-02,PIE,11137,4477,6660,904,316,812,215,6388,0,2502,10320,817,ITC,ITC1,1,Piemonte,Piemonte,4356406,452124,10.38,0.26
1444,2021-03-07,PIE,11961,4652,7309,1322,727,419,111,7333,0,2049,11080,881,ITC,ITC1,1,Piemonte,Piemonte,4356406,464085,10.65,0.27
1445,2021-01-14,PIE,9761,3150,6611,6175,2006,96,1484,0,0,0,9761,0,ITC,ITC1,1,Piemonte,Piemonte,4356406,473846,10.88,0.22
1446,2021-03-25,PIE,16982,7170,9812,1031,509,1335,624,11932,179,1372,8348,8634,ITC,ITC1,1,Piemonte,Piemonte,4356406,490828,11.27,0.39
1447,2021-01-23,PIE,4254,1325,2929,3206,453,75,520,0,0,0,878,3376,ITC,ITC1,1,Piemonte,Piemonte,4356406,495082,11.36,0.1
1448,2021-03-13,PIE,13021,4711,8310,1169,504,511,157,8544,0,2136,11578,1443,ITC,ITC1,1,Piemonte,Piemonte,4356406,508103,11.66,0.3
1449,2021-03-22,PIE,10975,4616,6359,870,458,725,182,7518,0,1222,3753,7222,ITC,ITC1,1,Piemonte,Piemonte,4356406,519078,11.92,0.25
1450,2021-03-04,PIE,14472,5725,8747,2187,872,1092,609,7523,0,2189,11517,2955,ITC,ITC1,1,Piemonte,Piemonte,4356406,533550,12.25,0.33
1451,2021-03-24,PIE,15409,6308,9101,1068,502,1017,478,11472,37,835,6282,9127,ITC,ITC1,1,Piemonte,Piemonte,4356406,548959,12.6,0.35
1452,2021-03-23,PIE,12943,5373,7570,688,325,1153,222,9223,0,1332,6706,6237,ITC,ITC1,1,Piemonte,Piemonte,4356406,561902,12.9,0.3
1453,2021-01-02,PIE,3540,1134,2406,3073,336,78,53,0,0,0,3540,0,ITC,ITC1,1,Piemonte,Piemonte,4356406,565442,12.98,0.08
1454,2021-01-24,PIE,3150,957,2193,2632,344,28,146,0,0,0,434,2716,ITC,ITC1,1,Piemonte,Piemonte,4356406,568592,13.05,0.07
1455,2021-01-15,PIE,8963,2952,6011,5495,1860,64,1544,0,0,0,8963,0,ITC,ITC1,1,Piemonte,Piemonte,4356406,577555,13.26,0.21
1456,2021-04-07,PIE,22393,9437,12956,888,320,8169,215,12214,55,532,16998,5395,ITC,ITC1,1,Piemonte,Piemonte,4356406,599948,13.77,0.51
1457,2021-01-28,PIE,5588,1809,3779,4118,829,50,590,1,0,0,384,5204,ITC,ITC1,1,Piemonte,Piemonte,4356406,605536,13.9,0.13
1458,2021-01-11,PIE,8740,2980,5760,6053,1484,77,1126,0,0,0,8740,0,ITC,ITC1,1,Piemonte,Piemonte,4356406,614276,14.1,0.2
1459,2021-02-02,PIE,10232,3504,6728,6867,1979,69,1317,0,0,0,814,9418,ITC,ITC1,1,Piemonte,Piemonte,4356406,624508,14.34,0.23
1460,2021-02-25,PIE,12199,5244,6955,1439,592,1484,405,6320,1,1958,11651,548,ITC,ITC1,1,Piemonte,Piemonte,4356406,636707,14.62,0.28
1461,2021-01-17,PIE,3517,1168,2349,2082,588,7,840,0,0,0,2870,647,ITC,ITC1,1,Piemonte,Piemonte,4356406,640224,14.7,0.08
1462,2021-04-08,PIE,7643,3263,4380,442,183,2132,34,4636,20,196,5168,2475,ITC,ITC1,1,Piemonte,Piemonte,4356406,647867,14.87,0.18
1463,2021-01-26,PIE,6329,1878,4451,4726,831,44,728,0,0,0,735,5594,ITC,ITC1,1,Piemonte,Piemonte,4356406,654196,15.02,0.15
1464,2021-03-17,PIE,12505,5048,7457,2081,718,365,236,9096,0,9,5220,7285,ITC,ITC1,1,Piemonte,Piemonte,4356406,666701,15.3,0.29
1465,2021-03-14,PIE,8197,3329,4868,794,233,370,2,5809,0,989,5303,2894,ITC,ITC1,1,Piemonte,Piemonte,4356406,674898,15.49,0.19
1466,2021-02-04,PIE,10196,3337,6859,6234,2129,70,1763,0,0,0,588,9608,ITC,ITC1,1,Piemonte,Piemonte,4356406,685094,15.73,0.23
1467,2021-02-10,PIE,7445,2346,5099,3850,1461,37,2097,0,0,0,1316,6129,ITC,ITC1,1,Piemonte,Piemonte,4356406,692539,15.9,0.17
1468,2021-01-31,PIE,4105,1748,2357,3076,636,18,375,0,0,0,112,3993,ITC,ITC1,1,Piemonte,Piemonte,4356406,696644,15.99,0.09
1469,2021-02-18,PIE,4784,2089,2695,2254,868,1035,624,0,1,2,4354,430,ITC,ITC1,1,Piemonte,Piemonte,4356406,701428,16.1,0.11
1470,2020-12-30,PIE,730,322,408,685,45,0,0,0,0,0,730,0,ITC,ITC1,1,Piemonte,Piemonte,4356406,702158,16.12,0.02
1471,2021-03-19,PIE,10749,4394,6355,1092,467,498,429,7992,0,271,4322,6427,ITC,ITC1,1,Piemonte,Piemonte,4356406,712907,16.36,0.25
1472,2021-03-28,PIE,15998,6880,9118,924,772,2788,34,8898,106,2476,8392,7606,ITC,ITC1,1,Piemonte,Piemonte,4356406,728905,16.73,0.37
1473,2020-12-31,PIE,3907,1332,2575,3413,354,6,134,0,0,0,3907,0,ITC,ITC1,1,Piemonte,Piemonte,4356406,732812,16.82,0.09
1474,2021-02-07,PIE,3087,974,2113,1648,643,19,777,0,0,0,445,2642,ITC,ITC1,1,Piemonte,Piemonte,4356406,735899,16.89,0.07
1475,2021-01-08,PIE,5529,1761,3768,4078,971,58,422,0,0,0,5529,0,ITC,ITC1,1,Piemonte,Piemonte,4356406,741428,17.02,0.13
1476,2021-04-06,PIE,19971,8673,11298,645,312,7803,260,9548,92,1311,14815,5156,ITC,ITC1,1,Piemonte,Piemonte,4356406,761399,17.48,0.46
1477,2021-03-06,PIE,13977,5205,8772,2261,771,358,462,7431,0,2694,11188,2789,ITC,ITC1,1,Piemonte,Piemonte,4356406,775376,17.8,0.32
1478,2021-04-04,PIE,9231,4047,5184,197,72,4442,0,4220,6,294,6518,2713,ITC,ITC1,1,Piemonte,Piemonte,4356406,784607,18.01,0.21
1479,2021-03-16,PIE,10515,4265,6250,2229,799,360,322,6792,0,13,4460,6055,ITC,ITC1,1,Piemonte,Piemonte,4356406,795122,18.25,0.24
1480,2020-12-27,PIE,912,368,544,760,65,11,76,0,0,0,912,0,ITC,ITC1,1,Piemonte,Piemonte,4356406,796034,18.27,0.02
1481,2021-01-22,PIE,3864,1248,2616,2280,609,41,934,0,0,0,2523,1341,ITC,ITC1,1,Piemonte,Piemonte,4356406,799898,18.36,0.09
1482,2021-03-12,PIE,13886,5149,8737,2142,854,484,470,7600,63,2273,10952,2934,ITC,ITC1,1,Piemonte,Piemonte,4356406,813784,18.68,0.32
1483,2021-03-10,PIE,13469,5083,8386,1663,732,641,279,7934,0,2220,11175,2294,ITC,ITC1,1,Piemonte,Piemonte,4356406,827253,18.99,0.31
1484,2021-04-03,PIE,19267,8037,11230,305,136,4789,66,13378,55,538,10734,8533,ITC,ITC1,1,Piemonte,Piemonte,4356406,846520,19.43,0.44
1485,2021-02-22,PIE,8463,3464,4999,1703,800,639,512,3889,0,920,7873,590,ITC,ITC1,1,Piemonte,Piemonte,4356406,854983,19.63,0.19
1486,2021-02-28,PIE,10804,4055,6749,642,344,167,53,6813,0,2785,10564,240,ITC,ITC1,1,Piemonte,Piemonte,4356406,865787,19.87,0.25
1487,2021-02-08,PIE,6914,2355,4559,3784,1480,78,1572,0,0,0,666,6248,ITC,ITC1,1,Piemonte,Piemonte,4356406,872701,20.03,0.16
1488,2021-02-21,PIE,5086,2080,3006,686,189,75,47,3352,0,737,4983,103,ITC,ITC1,1,Piemonte,Piemonte,4356406,877787,20.15,0.12
1489,2021-01-13,PIE,10078,3222,6856,6484,2039,226,1329,0,0,0,10078,0,ITC,ITC1,1,Piemonte,Piemonte,4356406,887865,20.38,0.23
1490,2021-03-30,PIE,16763,6960,9803,781,353,2153,284,12097,101,994,8899,7864,ITC,ITC1,1,Piemonte,Piemonte,4356406,904628,20.77,0.38
1491,2020-12-28,PIE,1,1,0,1,0,0,0,0,0,0,1,0,ITC,ITC1,1,Piemonte,Piemonte,4356406,904629,20.77,0.0
1492,2021-01-30,PIE,5978,2135,3843,4367,1049,67,495,0,0,0,218,5760,ITC,ITC1,1,Piemonte,Piemonte,4356406,910607,20.9,0.14
1493,2021-02-06,PIE,7982,2664,5318,5100,1528,104,1250,0,0,0,400,7582,ITC,ITC1,1,Piemonte,Piemonte,4356406,918589,21.09,0.18
1494,2021-03-29,PIE,15073,6333,8740,415,326,2431,137,10357,78,1329,8471,6602,ITC,ITC1,1,Piemonte,Piemonte,4356406,933662,21.43,0.35
1495,2021-03-15,PIE,10628,4148,6480,1716,924,579,230,5715,0,1464,5014,5614,ITC,ITC1,1,Piemonte,Piemonte,4356406,944290,21.68,0.24
1496,2021-03-26,LIG,9090,3840,5250,603,180,2750,65,3879,316,1297,5936,3154,ITC,ITC3,7,Liguria,Liguria,1550640,9090,0.59,0.59
1497,2021-04-07,LIG,12832,5689,7143,421,142,7384,98,4114,105,568,10700,2132,ITC,ITC3,7,Liguria,Liguria,1550640,21922,1.41,0.83
1498,2021-01-28,LIG,2840,969,1871,2238,182,105,309,0,1,5,39,2801,ITC,ITC3,7,Liguria,Liguria,1550640,24762,1.6,0.18
1499,2020-12-29,LIG,125,33,92,93,11,0,21,0,0,0,125,0,ITC,ITC3,7,Liguria,Liguria,1550640,24887,1.6,0.01
1500,2021-03-12,LIG,6000,2767,3233,1195,209,714,78,3363,437,4,3559,2441,ITC,ITC3,7,Liguria,Liguria,1550640,30887,1.99,0.39
1501,2021-04-02,LIG,11297,4957,6340,431,117,6118,21,3611,102,897,8813,2484,ITC,ITC3,7,Liguria,Liguria,1550640,42184,2.72,0.73
1502,2021-01-16,LIG,1278,557,721,753,62,163,299,0,0,1,1278,0,ITC,ITC3,7,Liguria,Liguria,1550640,43462,2.8,0.08
1503,2021-04-04,LIG,642,312,330,30,0,391,0,221,0,0,507,135,ITC,ITC3,7,Liguria,Liguria,1550640,44104,2.84,0.04
1504,2021-01-01,LIG,144,55,89,139,4,1,0,0,0,0,144,0,ITC,ITC3,7,Liguria,Liguria,1550640,44248,2.85,0.01
1505,2021-01-02,LIG,691,245,446,595,54,42,0,0,0,0,691,0,ITC,ITC3,7,Liguria,Liguria,1550640,44939,2.9,0.04
1506,2021-01-11,LIG,2652,990,1662,1990,143,202,316,0,0,1,2652,0,ITC,ITC3,7,Liguria,Liguria,1550640,47591,3.07,0.17
1507,2021-01-07,LIG,3166,1077,2089,2314,144,275,428,0,1,4,3166,0,ITC,ITC3,7,Liguria,Liguria,1550640,50757,3.27,0.2
1508,2021-01-08,LIG,2927,999,1928,2085,167,239,431,0,1,4,2927,0,ITC,ITC3,7,Liguria,Liguria,1550640,53684,3.46,0.19
1509,2021-02-11,LIG,1961,761,1200,1240,126,133,456,0,0,6,1091,870,ITC,ITC3,7,Liguria,Liguria,1550640,55645,3.59,0.13
1510,2021-03-13,LIG,3534,1496,2038,330,77,633,71,1513,120,790,2681,853,ITC,ITC3,7,Liguria,Liguria,1550640,59179,3.82,0.23
1511,2021-01-18,LIG,2128,741,1387,1250,182,248,438,0,0,10,1971,157,ITC,ITC3,7,Liguria,Liguria,1550640,61307,3.95,0.14
1512,2021-02-22,LIG,3329,1463,1866,712,100,113,235,2167,0,2,3191,138,ITC,ITC3,7,Liguria,Liguria,1550640,64636,4.17,0.21
1513,2021-03-16,LIG,6060,2714,3346,934,109,420,323,4265,3,6,2343,3717,ITC,ITC3,7,Liguria,Liguria,1550640,70696,4.56,0.39
1514,2021-02-18,LIG,2761,1126,1635,958,119,303,349,1030,0,2,2431,330,ITC,ITC3,7,Liguria,Liguria,1550640,73457,4.74,0.18
1515,2021-01-14,LIG,2979,1055,1924,1869,336,220,553,0,0,1,2979,0,ITC,ITC3,7,Liguria,Liguria,1550640,76436,4.93,0.19
1516,2021-02-19,LIG,3095,1279,1816,989,123,469,97,1414,0,3,2919,176,ITC,ITC3,7,Liguria,Liguria,1550640,79531,5.13,0.2
1517,2021-01-05,LIG,2877,895,1982,2306,107,196,261,0,0,7,2877,0,ITC,ITC3,7,Liguria,Liguria,1550640,82408,5.31,0.19
1518,2021-04-01,LIG,11978,5295,6683,433,63,6576,139,3693,138,936,9210,2768,ITC,ITC3,7,Liguria,Liguria,1550640,94386,6.09,0.77
1519,2021-03-03,LIG,4548,1825,2723,1029,118,128,288,2978,3,4,3555,993,ITC,ITC3,7,Liguria,Liguria,1550640,98934,6.38,0.29
1520,2021-01-09,LIG,1335,481,854,998,73,74,188,0,0,2,1335,0,ITC,ITC3,7,Liguria,Liguria,1550640,100269,6.47,0.09
1521,2021-01-20,LIG,1548,554,994,726,121,219,480,0,0,2,1536,12,ITC,ITC3,7,Liguria,Liguria,1550640,101817,6.57,0.1
1522,2021-04-03,LIG,5108,2349,2759,116,19,3624,3,1324,3,19,4239,869,ITC,ITC3,7,Liguria,Liguria,1550640,106925,6.9,0.33
1523,2021-02-16,LIG,2392,949,1443,982,200,211,283,714,0,2,1999,393,ITC,ITC3,7,Liguria,Liguria,1550640,109317,7.05,0.15
1524,2021-01-15,LIG,2246,752,1494,1324,271,137,512,0,0,2,2246,0,ITC,ITC3,7,Liguria,Liguria,1550640,111563,7.19,0.14
1525,2021-01-06,LIG,1660,616,1044,1230,40,210,113,64,0,3,1660,0,ITC,ITC3,7,Liguria,Liguria,1550640,113223,7.3,0.11
1526,2021-01-10,LIG,648,262,386,369,84,19,176,0,0,0,648,0,ITC,ITC3,7,Liguria,Liguria,1550640,113871,7.34,0.04
1527,2021-02-02,LIG,2666,1004,1662,1972,195,33,464,0,0,2,198,2468,ITC,ITC3,7,Liguria,Liguria,1550640,116537,7.52,0.17
1528,2021-02-07,LIG,407,153,254,191,12,17,187,0,0,0,2,405,ITC,ITC3,7,Liguria,Liguria,1550640,116944,7.54,0.03
1529,2021-03-11,LIG,6202,2980,3222,1142,108,510,260,3681,499,2,4200,2002,ITC,ITC3,7,Liguria,Liguria,1550640,123146,7.94,0.4
1530,2021-04-05,LIG,3970,1748,2222,190,22,1528,9,2210,1,10,2321,1649,ITC,ITC3,7,Liguria,Liguria,1550640,127116,8.2,0.26
1531,2020-12-31,LIG,988,354,634,750,17,38,155,28,0,0,988,0,ITC,ITC3,7,Liguria,Liguria,1550640,128104,8.26,0.06
1532,2021-01-04,LIG,2614,853,1761,2196,81,158,176,0,0,3,2614,0,ITC,ITC3,7,Liguria,Liguria,1550640,130718,8.43,0.17
1533,2021-03-15,LIG,7297,3071,4226,819,171,1245,106,3773,221,962,4595,2702,ITC,ITC3,7,Liguria,Liguria,1550640,138015,8.9,0.47
1534,2021-02-21,LIG,869,491,378,183,21,296,102,267,0,0,865,4,ITC,ITC3,7,Liguria,Liguria,1550640,138884,8.96,0.06
1535,2021-02-10,LIG,2275,827,1448,1350,233,186,496,5,0,5,1014,1261,ITC,ITC3,7,Liguria,Liguria,1550640,141159,9.1,0.15
1536,2021-01-27,LIG,1743,603,1140,1336,89,90,227,0,0,1,142,1601,ITC,ITC3,7,Liguria,Liguria,1550640,142902,9.22,0.11
1537,2021-03-04,LIG,4721,2111,2610,920,106,212,276,2921,282,4,3891,830,ITC,ITC3,7,Liguria,Liguria,1550640,147623,9.52,0.3
1538,2021-03-09,LIG,5801,2699,3102,1031,148,501,131,3457,533,0,4376,1425,ITC,ITC3,7,Liguria,Liguria,1550640,153424,9.89,0.37
1539,2021-01-31,LIG,624,270,354,418,67,4,135,0,0,0,9,615,ITC,ITC3,7,Liguria,Liguria,1550640,154048,9.93,0.04
1540,2021-03-14,LIG,1658,752,906,66,36,345,176,577,27,431,1054,604,ITC,ITC3,7,Liguria,Liguria,1550640,155706,10.04,0.11
1541,2021-02-23,LIG,3803,1559,2244,686,79,192,116,2727,2,1,3694,109,ITC,ITC3,7,Liguria,Liguria,1550640,159509,10.29,0.25
1542,2021-02-26,LIG,3760,1521,2239,781,127,97,168,2585,0,2,3433,327,ITC,ITC3,7,Liguria,Liguria,1550640,163269,10.53,0.24
1543,2021-02-13,LIG,1079,508,571,543,77,58,147,254,0,0,800,279,ITC,ITC3,7,Liguria,Liguria,1550640,164348,10.6,0.07
1544,2021-02-24,LIG,3758,1557,2201,804,92,182,154,2525,0,1,3499,259,ITC,ITC3,7,Liguria,Liguria,1550640,168106,10.84,0.24
1545,2021-03-20,LIG,2315,995,1320,224,44,183,0,1855,9,0,1141,1174,ITC,ITC3,7,Liguria,Liguria,1550640,170421,10.99,0.15
1546,2021-02-17,LIG,2623,1165,1458,883,131,231,262,1115,0,1,2260,363,ITC,ITC3,7,Liguria,Liguria,1550640,173044,11.16,0.17
1547,2021-03-06,LIG,3302,1841,1461,377,12,782,120,1537,473,1,2597,705,ITC,ITC3,7,Liguria,Liguria,1550640,176346,11.37,0.21
1548,2021-01-25,LIG,2717,888,1829,2208,128,62,317,0,0,2,471,2246,ITC,ITC3,7,Liguria,Liguria,1550640,179063,11.55,0.18
1549,2021-02-12,LIG,1913,684,1229,866,119,104,393,430,0,1,895,1018,ITC,ITC3,7,Liguria,Liguria,1550640,180976,11.67,0.12
1550,2021-02-27,LIG,1888,921,967,139,13,527,5,1204,0,0,1759,129,ITC,ITC3,7,Liguria,Liguria,1550640,182864,11.79,0.12
1551,2021-03-21,LIG,552,221,331,7,1,19,0,525,0,0,69,483,ITC,ITC3,7,Liguria,Liguria,1550640,183416,11.83,0.04
1552,2021-01-22,LIG,1813,603,1210,1064,143,41,565,0,0,0,1328,485,ITC,ITC3,7,Liguria,Liguria,1550640,185229,11.95,0.12
1553,2021-01-29,LIG,3042,1058,1984,2299,194,117,430,0,0,2,66,2976,ITC,ITC3,7,Liguria,Liguria,1550640,188271,12.14,0.2
1554,2021-01-21,LIG,1102,385,717,584,69,116,332,1,0,0,672,430,ITC,ITC3,7,Liguria,Liguria,1550640,189373,12.21,0.07
1555,2021-02-20,LIG,1334,636,698,159,28,436,122,589,0,0,1333,1,ITC,ITC3,7,Liguria,Liguria,1550640,190707,12.3,0.09
1556,2021-03-10,LIG,5756,2782,2974,823,94,700,95,3627,416,1,3852,1904,ITC,ITC3,7,Liguria,Liguria,1550640,196463,12.67,0.37
1557,2021-03-27,LIG,3919,1538,2381,176,22,854,36,2056,69,706,2523,1396,ITC,ITC3,7,Liguria,Liguria,1550640,200382,12.92,0.25
1558,2021-03-31,LIG,11239,4928,6311,522,85,5306,83,4196,178,869,8478,2761,ITC,ITC3,7,Liguria,Liguria,1550640,211621,13.65,0.72
1559,2021-04-08,LIG,1517,738,779,85,25,998,3,384,4,18,1245,272,ITC,ITC3,7,Liguria,Liguria,1550640,213138,13.75,0.1
1560,2021-03-02,LIG,4073,1688,2385,726,60,126,76,3080,1,4,3763,310,ITC,ITC3,7,Liguria,Liguria,1550640,217211,14.01,0.26
1561,2021-03-01,LIG,3498,1425,2073,528,62,58,105,2744,0,1,3376,122,ITC,ITC3,7,Liguria,Liguria,1550640,220709,14.23,0.23
1562,2021-03-30,LIG,11677,5159,6518,486,94,5638,106,4287,225,841,8289,3388,ITC,ITC3,7,Liguria,Liguria,1550640,232386,14.99,0.75
1563,2021-03-08,LIG,5617,2456,3161,1122,171,364,80,3567,306,7,3933,1684,ITC,ITC3,7,Liguria,Liguria,1550640,238003,15.35,0.36
1564,2021-02-09,LIG,1899,681,1218,1085,194,143,455,0,0,22,256,1643,ITC,ITC3,7,Liguria,Liguria,1550640,239902,15.47,0.12
1565,2021-03-22,LIG,7365,3277,4088,576,115,1615,82,3822,281,874,4524,2841,ITC,ITC3,7,Liguria,Liguria,1550640,247267,15.95,0.47
1566,2021-03-17,LIG,5513,2353,3160,774,112,288,76,4254,2,7,2455,3058,ITC,ITC3,7,Liguria,Liguria,1550640,252780,16.3,0.36
1567,2021-02-04,LIG,2814,985,1829,1866,376,92,471,0,1,8,179,2635,ITC,ITC3,7,Liguria,Liguria,1550640,255594,16.48,0.18
1568,2021-01-23,LIG,809,295,514,633,94,38,43,0,0,1,153,656,ITC,ITC3,7,Liguria,Liguria,1550640,256403,16.54,0.05
1569,2021-04-06,LIG,12397,5508,6889,534,109,6967,205,3963,70,549,10323,2074,ITC,ITC3,7,Liguria,Liguria,1550640,268800,17.33,0.8
1570,2021-02-15,LIG,2259,838,1421,1086,185,82,241,662,1,2,1862,397,ITC,ITC3,7,Liguria,Liguria,1550640,271059,17.48,0.15
1571,2021-01-17,LIG,861,300,561,516,16,66,262,0,0,1,861,0,ITC,ITC3,7,Liguria,Liguria,1550640,271920,17.54,0.06
1572,2021-02-28,LIG,1060,581,479,12,1,570,3,474,0,0,1054,6,ITC,ITC3,7,Liguria,Liguria,1550640,272980,17.6,0.07
1573,2020-12-30,LIG,12,5,7,12,0,0,0,0,0,0,12,0,ITC,ITC3,7,Liguria,Liguria,1550640,272992,17.61,0.0
1574,2021-02-06,LIG,1891,767,1124,1309,161,45,375,0,0,1,145,1746,ITC,ITC3,7,Liguria,Liguria,1550640,274883,17.73,0.12
1575,2021-01-19,LIG,1359,431,928,712,130,186,328,0,0,3,1269,90,ITC,ITC3,7,Liguria,Liguria,1550640,276242,17.81,0.09
1576,2021-01-13,LIG,2753,1012,1741,1912,226,124,487,0,0,4,2753,0,ITC,ITC3,7,Liguria,Liguria,1550640,278995,17.99,0.18
1577,2021-01-30,LIG,1661,567,1094,1261,88,53,257,0,0,2,25,1636,ITC,ITC3,7,Liguria,Liguria,1550640,280656,18.1,0.11
1578,2021-01-03,LIG,734,230,504,658,23,52,0,0,0,1,734,0,ITC,ITC3,7,Liguria,Liguria,1550640,281390,18.15,0.05
1579,2021-02-05,LIG,2627,974,1653,1727,357,75,464,0,0,4,301,2326,ITC,ITC3,7,Liguria,Liguria,1550640,284017,18.32,0.17
1580,2021-02-03,LIG,2313,790,1523,1624,212,60,416,0,0,1,55,2258,ITC,ITC3,7,Liguria,Liguria,1550640,286330,18.47,0.15
1581,2021-02-25,LIG,3439,1348,2091,550,91,122,88,2585,2,1,3310,129,ITC,ITC3,7,Liguria,Liguria,1550640,289769,18.69,0.22
1582,2020-12-28,LIG,80,30,50,77,0,3,0,0,0,0,80,0,ITC,ITC3,7,Liguria,Liguria,1550640,289849,18.69,0.01
1583,2021-01-24,LIG,755,236,519,632,60,3,60,0,0,0,113,642,ITC,ITC3,7,Liguria,Liguria,1550640,290604,18.74,0.05
1584,2021-03-25,LIG,9477,4034,5443,645,173,2822,170,3673,381,1613,6087,3390,ITC,ITC3,7,Liguria,Liguria,1550640,300081,19.35,0.61
1585,2021-03-24,LIG,8761,3759,5002,521,104,2129,61,4209,401,1336,5474,3287,ITC,ITC3,7,Liguria,Liguria,1550640,308842,19.92,0.56
1586,2021-03-07,LIG,1858,1085,773,184,8,516,258,508,383,1,1557,301,ITC,ITC3,7,Liguria,Liguria,1550640,310700,20.04,0.12
1587,2021-03-23,LIG,8773,3971,4802,638,79,2300,56,3919,474,1307,5567,3206,ITC,ITC3,7,Liguria,Liguria,1550640,319473,20.6,0.57
1588,2020-12-27,LIG,135,56,79,88,0,2,45,0,0,0,135,0,ITC,ITC3,7,Liguria,Liguria,1550640,319608,20.61,0.01
1589,2021-03-29,LIG,10354,4471,5883,462,126,4680,115,3906,182,883,7226,3128,ITC,ITC3,7,Liguria,Liguria,1550640,329962,21.28,0.67
1590,2021-02-08,LIG,1928,731,1197,1242,208,185,286,0,0,7,306,1622,ITC,ITC3,7,Liguria,Liguria,1550640,331890,21.4,0.12
1591,2021-01-12,LIG,2459,885,1574,1749,174,95,439,0,0,2,2459,0,ITC,ITC3,7,Liguria,Liguria,1550640,334349,21.56,0.16
1592,2021-03-28,LIG,1140,509,631,135,91,236,145,532,1,0,389,751,ITC,ITC3,7,Liguria,Liguria,1550640,335489,21.64,0.07
1593,2021-02-01,LIG,2460,907,1553,1919,159,54,327,0,0,1,81,2379,ITC,ITC3,7,Liguria,Liguria,1550640,337949,21.79,0.16
1594,2021-03-19,LIG,5274,2228,3046,731,162,460,137,3680,21,83,2144,3130,ITC,ITC3,7,Liguria,Liguria,1550640,343223,22.13,0.34
1595,2021-03-18,LIG,4973,2122,2851,630,68,487,94,3683,6,5,2009,2964,ITC,ITC3,7,Liguria,Liguria,1550640,348196,22.45,0.32
1596,2021-03-05,LIG,4861,2147,2714,795,65,267,81,3336,312,5,3737,1124,ITC,ITC3,7,Liguria,Liguria,1550640,353057,22.77,0.31
1597,2021-02-14,LIG,233,122,111,31,0,30,112,60,0,0,233,0,ITC,ITC3,7,Liguria,Liguria,1550640,353290,22.78,0.02
1598,2021-01-26,LIG,2482,802,1680,1963,152,110,252,0,0,5,13,2469,ITC,ITC3,7,Liguria,Liguria,1550640,355772,22.94,0.16
1599,2021-02-02,SIC,5540,2622,2918,3155,221,1735,429,0,0,0,633,4907,ITG,ITG1,19,Sicilia,Sicilia,4999891,5540,0.11,0.11
1600,2021-03-11,SIC,15450,6507,8943,1610,127,5070,906,3932,481,3324,12877,2573,ITG,ITG1,19,Sicilia,Sicilia,4999891,20990,0.42,0.31
1601,2021-03-14,SIC,8825,3947,4878,569,42,3043,176,4281,36,678,4967,3858,ITG,ITG1,19,Sicilia,Sicilia,4999891,29815,0.6,0.18
1602,2021-01-11,SIC,5905,2591,3314,3923,196,1404,382,0,0,0,5905,0,ITG,ITG1,19,Sicilia,Sicilia,4999891,35720,0.71,0.12
1603,2020-12-28,SIC,207,124,83,205,0,2,0,0,0,0,207,0,ITG,ITG1,19,Sicilia,Sicilia,4999891,35927,0.72,0.0
1604,2021-03-24,SIC,21123,9882,11241,955,64,12151,549,5856,86,1462,15236,5887,ITG,ITG1,19,Sicilia,Sicilia,4999891,57050,1.14,0.42
1605,2021-02-17,SIC,5433,3293,2140,1531,118,1009,880,8,1885,2,4759,674,ITG,ITG1,19,Sicilia,Sicilia,4999891,62483,1.25,0.11
1606,2021-01-10,SIC,3618,1615,2003,2126,125,903,464,0,0,0,3618,0,ITG,ITG1,19,Sicilia,Sicilia,4999891,66101,1.32,0.07
1607,2021-03-23,SIC,21032,10096,10936,873,41,11975,365,5825,306,1647,15425,5607,ITG,ITG1,19,Sicilia,Sicilia,4999891,87133,1.74,0.42
1608,2021-01-31,SIC,4112,1958,2154,2601,117,1099,295,0,0,0,113,3999,ITG,ITG1,19,Sicilia,Sicilia,4999891,91245,1.82,0.08
1609,2021-03-07,SIC,9279,3465,5814,968,62,908,431,3396,216,3298,8195,1084,ITG,ITG1,19,Sicilia,Sicilia,4999891,100524,2.01,0.19
1610,2021-01-15,SIC,5079,2233,2846,2824,158,1618,479,0,0,0,5079,0,ITG,ITG1,19,Sicilia,Sicilia,4999891,105603,2.11,0.1
1611,2021-03-26,SIC,17872,8317,9555,1071,40,9558,314,5524,57,1308,12356,5516,ITG,ITG1,19,Sicilia,Sicilia,4999891,123475,2.47,0.36
1612,2021-02-28,SIC,7180,3072,4108,871,33,1279,93,3291,254,1359,6550,630,ITG,ITG1,19,Sicilia,Sicilia,4999891,130655,2.61,0.14
1613,2021-04-07,SIC,13807,6830,6977,624,111,8552,432,3899,32,157,7738,6069,ITG,ITG1,19,Sicilia,Sicilia,4999891,144462,2.89,0.28
1614,2021-02-10,SIC,4433,1819,2614,1975,221,1496,741,0,0,0,4008,425,ITG,ITG1,19,Sicilia,Sicilia,4999891,148895,2.98,0.09
1615,2021-01-16,SIC,2776,1195,1581,1329,165,984,298,0,0,0,2776,0,ITG,ITG1,19,Sicilia,Sicilia,4999891,151671,3.03,0.06
1616,2021-04-04,SIC,6979,3379,3600,192,33,4097,119,2486,8,44,5689,1290,ITG,ITG1,19,Sicilia,Sicilia,4999891,158650,3.17,0.14
1617,2021-01-23,SIC,4150,2148,2002,3913,33,188,16,0,0,0,225,3925,ITG,ITG1,19,Sicilia,Sicilia,4999891,162800,3.26,0.08
1618,2021-02-11,SIC,5332,2103,3229,2458,307,1677,890,0,0,0,4868,464,ITG,ITG1,19,Sicilia,Sicilia,4999891,168132,3.36,0.11
1619,2021-03-15,SIC,10765,4725,6040,1241,48,2608,666,4831,217,1154,5692,5073,ITG,ITG1,19,Sicilia,Sicilia,4999891,178897,3.58,0.22
1620,2021-01-28,SIC,9330,4400,4930,7466,221,1348,295,0,0,0,414,8916,ITG,ITG1,19,Sicilia,Sicilia,4999891,188227,3.76,0.19
1621,2021-04-06,SIC,18155,8714,9441,803,66,11022,562,5457,57,188,13833,4322,ITG,ITG1,19,Sicilia,Sicilia,4999891,206382,4.13,0.36
1622,2021-03-13,SIC,12453,5487,6966,1174,87,4187,493,4615,133,1764,7847,4606,ITG,ITG1,19,Sicilia,Sicilia,4999891,218835,4.38,0.25
1623,2021-02-04,SIC,6877,3159,3718,4417,172,1748,540,0,0,0,1460,5417,ITG,ITG1,19,Sicilia,Sicilia,4999891,225712,4.51,0.14
1624,2021-02-14,SIC,1057,402,655,433,58,330,236,0,0,0,917,140,ITG,ITG1,19,Sicilia,Sicilia,4999891,226769,4.54,0.02
1625,2021-03-16,SIC,10169,4463,5706,1662,105,1629,810,5677,68,218,4017,6152,ITG,ITG1,19,Sicilia,Sicilia,4999891,236938,4.74,0.2
1626,2021-01-02,SIC,4872,2533,2339,4311,0,561,0,0,0,0,4872,0,ITG,ITG1,19,Sicilia,Sicilia,4999891,241810,4.84,0.1
1627,2021-02-03,SIC,6102,2857,3245,3358,151,1969,624,0,0,0,756,5346,ITG,ITG1,19,Sicilia,Sicilia,4999891,247912,4.96,0.12
1628,2021-01-26,SIC,9528,4685,4843,8391,72,811,254,0,0,0,265,9263,ITG,ITG1,19,Sicilia,Sicilia,4999891,257440,5.15,0.19
1629,2021-01-03,SIC,4693,2454,2239,4361,0,332,0,0,0,0,4693,0,ITG,ITG1,19,Sicilia,Sicilia,4999891,262133,5.24,0.09
1630,2021-02-15,SIC,3951,1862,2089,1700,108,1237,563,10,307,26,3382,569,ITG,ITG1,19,Sicilia,Sicilia,4999891,266084,5.32,0.08
1631,2021-03-27,SIC,15800,7457,8343,650,25,8412,350,5587,34,742,10880,4920,ITG,ITG1,19,Sicilia,Sicilia,4999891,281884,5.64,0.32
1632,2021-02-06,SIC,5067,2226,2841,2535,251,1689,592,0,0,0,1488,3579,ITG,ITG1,19,Sicilia,Sicilia,4999891,286951,5.74,0.1
1633,2021-04-01,SIC,14461,6694,7767,623,28,8094,490,5015,20,191,9737,4724,ITG,ITG1,19,Sicilia,Sicilia,4999891,301412,6.03,0.29
1634,2021-02-19,SIC,5160,2757,2403,1487,183,1181,600,74,1396,239,4589,571,ITG,ITG1,19,Sicilia,Sicilia,4999891,306572,6.13,0.1
1635,2021-02-18,SIC,5496,3174,2322,1636,165,1080,813,9,1697,96,5065,431,ITG,ITG1,19,Sicilia,Sicilia,4999891,312068,6.24,0.11
1636,2021-02-21,SIC,5178,2508,2670,379,30,622,174,3682,138,153,5070,108,ITG,ITG1,19,Sicilia,Sicilia,4999891,317246,6.35,0.1
1637,2021-01-19,SIC,1271,521,750,521,59,453,238,0,0,0,1093,178,ITG,ITG1,19,Sicilia,Sicilia,4999891,318517,6.37,0.03
1638,2021-03-19,SIC,16487,8115,8372,1262,101,8714,561,5351,42,456,10759,5728,ITG,ITG1,19,Sicilia,Sicilia,4999891,335004,6.7,0.33
1639,2021-01-18,SIC,1576,657,919,721,75,551,229,0,0,0,1432,144,ITG,ITG1,19,Sicilia,Sicilia,4999891,336580,6.73,0.03
1640,2021-04-03,SIC,15106,7181,7925,429,14,9327,202,4929,17,188,12264,2842,ITG,ITG1,19,Sicilia,Sicilia,4999891,351686,7.03,0.3
1641,2021-01-06,SIC,6471,3402,3069,5717,24,728,2,0,0,0,6471,0,ITG,ITG1,19,Sicilia,Sicilia,4999891,358157,7.16,0.13
1642,2021-01-08,SIC,8328,3864,4464,6591,87,1437,213,0,0,0,8328,0,ITG,ITG1,19,Sicilia,Sicilia,4999891,366485,7.33,0.17
1643,2021-02-08,SIC,4086,1759,2327,2346,188,1155,397,0,0,0,2128,1958,ITG,ITG1,19,Sicilia,Sicilia,4999891,370571,7.41,0.08
1644,2021-01-07,SIC,9173,4239,4934,7694,70,1199,210,0,0,0,9173,0,ITG,ITG1,19,Sicilia,Sicilia,4999891,379744,7.6,0.18
1645,2021-02-16,SIC,4414,2300,2114,1465,207,1080,779,25,857,1,3947,467,ITG,ITG1,19,Sicilia,Sicilia,4999891,384158,7.68,0.09
1646,2021-01-09,SIC,7325,3424,3901,5034,146,1689,456,0,0,0,7325,0,ITG,ITG1,19,Sicilia,Sicilia,4999891,391483,7.83,0.15
1647,2021-03-31,SIC,14592,6732,7860,646,50,7996,520,5139,52,189,9564,5028,ITG,ITG1,19,Sicilia,Sicilia,4999891,406075,8.12,0.29
1648,2021-03-08,SIC,13506,5781,7725,2012,113,1994,626,3840,920,4001,10692,2814,ITG,ITG1,19,Sicilia,Sicilia,4999891,419581,8.39,0.27
1649,2021-03-29,SIC,14993,7036,7957,876,39,8419,328,5008,19,304,10475,4518,ITG,ITG1,19,Sicilia,Sicilia,4999891,434574,8.69,0.3
1650,2020-12-27,SIC,90,54,36,62,0,2,26,0,0,0,90,0,ITG,ITG1,19,Sicilia,Sicilia,4999891,434664,8.69,0.0
1651,2021-02-20,SIC,7284,3736,3548,848,76,1258,558,3749,620,175,7033,251,ITG,ITG1,19,Sicilia,Sicilia,4999891,441948,8.84,0.15
1652,2021-03-10,SIC,13842,5881,7961,1479,134,2868,933,4063,646,3719,11452,2390,ITG,ITG1,19,Sicilia,Sicilia,4999891,455790,9.12,0.28
1653,2021-01-21,SIC,1330,649,681,1003,86,104,137,0,0,0,499,831,ITG,ITG1,19,Sicilia,Sicilia,4999891,457120,9.14,0.03
1654,2021-02-12,SIC,4747,1853,2894,2301,260,1542,644,0,0,0,4416,331,ITG,ITG1,19,Sicilia,Sicilia,4999891,461867,9.24,0.09
1655,2021-01-27,SIC,7534,3838,3696,6330,66,986,152,0,0,0,189,7345,ITG,ITG1,19,Sicilia,Sicilia,4999891,469401,9.39,0.15
1656,2021-04-02,SIC,14033,6605,7428,632,29,7635,367,5151,16,203,9247,4786,ITG,ITG1,19,Sicilia,Sicilia,4999891,483434,9.67,0.28
1657,2021-02-13,SIC,3107,1168,1939,1296,160,1081,570,0,0,0,2850,257,ITG,ITG1,19,Sicilia,Sicilia,4999891,486541,9.73,0.06
1658,2021-03-09,SIC,13064,5494,7570,1595,132,2175,585,3947,939,3691,10689,2375,ITG,ITG1,19,Sicilia,Sicilia,4999891,499605,9.99,0.26
1659,2021-01-25,SIC,7513,3698,3815,6635,14,794,70,0,0,0,322,7191,ITG,ITG1,19,Sicilia,Sicilia,4999891,507118,10.14,0.15
1660,2021-02-24,SIC,9601,4870,4731,1423,80,1174,499,4028,1474,923,9005,596,ITG,ITG1,19,Sicilia,Sicilia,4999891,516719,10.33,0.19
1661,2021-03-20,SIC,18905,9077,9828,836,43,10840,413,5475,79,1219,13515,5390,ITG,ITG1,19,Sicilia,Sicilia,4999891,535624,10.71,0.38
1662,2021-01-30,SIC,7838,3569,4269,5451,253,1659,475,0,0,0,175,7663,ITG,ITG1,19,Sicilia,Sicilia,4999891,543462,10.87,0.16
1663,2021-01-14,SIC,5250,2514,2736,3046,91,1854,259,0,0,0,5250,0,ITG,ITG1,19,Sicilia,Sicilia,4999891,548712,10.97,0.11
1664,2021-03-21,SIC,15202,7323,7879,489,10,9094,57,4502,92,958,11228,3974,ITG,ITG1,19,Sicilia,Sicilia,4999891,563914,11.28,0.3
1665,2021-01-13,SIC,5204,2462,2742,3033,169,1561,441,0,0,0,5204,0,ITG,ITG1,19,Sicilia,Sicilia,4999891,569118,11.38,0.1
1666,2021-03-04,SIC,15211,6557,8654,2811,186,2634,698,3928,1124,3830,11007,4204,ITG,ITG1,19,Sicilia,Sicilia,4999891,584329,11.69,0.3
1667,2021-03-05,SIC,15940,6872,9068,3192,170,2348,720,4002,1423,4085,11615,4325,ITG,ITG1,19,Sicilia,Sicilia,4999891,600269,12.01,0.32
1668,2021-01-24,SIC,4338,2264,2074,3993,31,311,3,0,0,0,148,4190,ITG,ITG1,19,Sicilia,Sicilia,4999891,604607,12.09,0.09
1669,2021-02-23,SIC,8949,4689,4260,1267,103,1133,502,3996,1367,581,8459,490,ITG,ITG1,19,Sicilia,Sicilia,4999891,613556,12.27,0.18
1670,2021-01-04,SIC,8373,4172,4201,7595,20,752,6,0,0,0,8373,0,ITG,ITG1,19,Sicilia,Sicilia,4999891,621929,12.44,0.17
1671,2021-02-25,SIC,10161,5277,4884,1771,49,1656,507,3981,1525,672,8981,1180,ITG,ITG1,19,Sicilia,Sicilia,4999891,632090,12.64,0.2
1672,2021-03-03,SIC,14704,6544,8160,2408,130,2201,507,4295,1330,3833,11619,3085,ITG,ITG1,19,Sicilia,Sicilia,4999891,646794,12.94,0.29
1673,2021-02-01,SIC,6077,2684,3393,4168,214,1377,318,0,0,0,304,5773,ITG,ITG1,19,Sicilia,Sicilia,4999891,652871,13.06,0.12
1674,2021-04-05,SIC,8191,4033,4158,232,6,4792,176,2925,4,56,6750,1441,ITG,ITG1,19,Sicilia,Sicilia,4999891,661062,13.22,0.16
1675,2021-04-08,SIC,5660,2866,2794,198,40,3658,114,1562,55,33,2613,3047,ITG,ITG1,19,Sicilia,Sicilia,4999891,666722,13.33,0.11
1676,2021-03-02,SIC,14956,6388,8568,2383,98,1831,501,4471,1338,4334,12131,2825,ITG,ITG1,19,Sicilia,Sicilia,4999891,681678,13.63,0.3
1677,2021-02-07,SIC,2349,997,1352,1611,109,472,157,0,0,0,675,1674,ITG,ITG1,19,Sicilia,Sicilia,4999891,684027,13.68,0.05
1678,2021-03-25,SIC,20471,9523,10948,1325,76,11502,582,5524,82,1380,14930,5541,ITG,ITG1,19,Sicilia,Sicilia,4999891,704498,14.09,0.41
1679,2021-03-30,SIC,14567,6757,7810,715,32,8089,371,4992,113,255,9739,4828,ITG,ITG1,19,Sicilia,Sicilia,4999891,719065,14.38,0.29
1680,2021-01-20,SIC,808,410,398,422,51,143,192,0,0,0,573,235,ITG,ITG1,19,Sicilia,Sicilia,4999891,719873,14.4,0.02
1681,2021-01-17,SIC,1295,584,711,619,118,398,160,0,0,0,1245,50,ITG,ITG1,19,Sicilia,Sicilia,4999891,721168,14.42,0.03
1682,2020-12-29,SIC,235,146,89,235,0,0,0,0,0,0,235,0,ITG,ITG1,19,Sicilia,Sicilia,4999891,721403,14.43,0.0
1683,2021-03-06,SIC,12942,5177,7765,2003,127,1878,758,3888,638,3650,10036,2906,ITG,ITG1,19,Sicilia,Sicilia,4999891,734345,14.69,0.26
1684,2021-03-22,SIC,16811,7916,8895,915,19,8678,356,5543,71,1229,11265,5546,ITG,ITG1,19,Sicilia,Sicilia,4999891,751156,15.02,0.34
1685,2021-02-05,SIC,7216,3232,3984,3618,267,2475,856,0,0,0,2132,5084,ITG,ITG1,19,Sicilia,Sicilia,4999891,758372,15.17,0.14
1686,2020-12-30,SIC,173,101,72,156,3,14,0,0,0,0,173,0,ITG,ITG1,19,Sicilia,Sicilia,4999891,758545,15.17,0.0
1687,2021-02-26,SIC,12247,5977,6270,1837,74,1898,361,3891,1733,2453,10558,1689,ITG,ITG1,19,Sicilia,Sicilia,4999891,770792,15.42,0.24
1688,2021-02-09,SIC,4371,1831,2540,2241,155,1335,640,0,0,0,3365,1006,ITG,ITG1,19,Sicilia,Sicilia,4999891,775163,15.5,0.09
1689,2021-03-17,SIC,15395,7554,7841,1401,100,7159,664,5722,43,306,9451,5944,ITG,ITG1,19,Sicilia,Sicilia,4999891,790558,15.81,0.31
1690,2021-02-22,SIC,8039,4162,3877,1107,34,902,554,4066,1054,322,7547,492,ITG,ITG1,19,Sicilia,Sicilia,4999891,798597,15.97,0.16
1691,2021-01-29,SIC,9362,4322,5040,7153,174,1730,305,0,0,0,432,8930,ITG,ITG1,19,Sicilia,Sicilia,4999891,807959,16.16,0.19
1692,2021-03-18,SIC,15605,7776,7829,1284,80,8188,598,5357,61,37,9893,5712,ITG,ITG1,19,Sicilia,Sicilia,4999891,823564,16.47,0.31
1693,2021-01-22,SIC,1235,625,610,1035,13,69,118,0,0,0,242,993,ITG,ITG1,19,Sicilia,Sicilia,4999891,824799,16.5,0.02
1694,2021-01-01,SIC,815,437,378,740,0,75,0,0,0,0,815,0,ITG,ITG1,19,Sicilia,Sicilia,4999891,825614,16.51,0.02
1695,2021-03-01,SIC,12979,6129,6850,1557,75,1735,392,4303,1764,3153,11320,1659,ITG,ITG1,19,Sicilia,Sicilia,4999891,838593,16.77,0.26
1696,2021-03-28,SIC,10999,5166,5833,535,22,5629,168,4445,14,186,6985,4014,ITG,ITG1,19,Sicilia,Sicilia,4999891,849592,16.99,0.22
1697,2021-01-12,SIC,4542,2234,2308,2863,128,1356,195,0,0,0,4542,0,ITG,ITG1,19,Sicilia,Sicilia,4999891,854134,17.08,0.09
1698,2020-12-31,SIC,878,470,408,828,0,50,0,0,0,0,878,0,ITG,ITG1,19,Sicilia,Sicilia,4999891,855012,17.1,0.02
1699,2021-01-05,SIC,10527,5159,5368,9074,122,1124,207,0,0,0,10527,0,ITG,ITG1,19,Sicilia,Sicilia,4999891,865539,17.31,0.21
1700,2021-03-12,SIC,13120,5617,7503,1387,110,4409,695,3768,344,2407,10897,2223,ITG,ITG1,19,Sicilia,Sicilia,4999891,878659,17.57,0.26
1701,2021-02-27,SIC,12450,5570,6880,1515,72,2351,277,3843,1021,3371,11239,1211,ITG,ITG1,19,Sicilia,Sicilia,4999891,891109,17.82,0.25
1702,2021-02-05,MAR,2157,653,1504,1318,20,400,419,0,0,0,440,1717,ITI,ITI3,11,Marche,Marche,1525271,2157,0.14,0.14
1703,2021-02-21,MAR,377,142,235,204,1,114,57,0,0,1,376,1,ITI,ITI3,11,Marche,Marche,1525271,2534,0.17,0.02
1704,2021-01-02,MAR,453,139,314,444,0,9,0,0,0,0,453,0,ITI,ITI3,11,Marche,Marche,1525271,2987,0.2,0.03
1705,2021-03-29,MAR,5895,2586,3309,228,5,1161,35,4240,11,215,3443,2452,ITI,ITI3,11,Marche,Marche,1525271,8882,0.58,0.39
1706,2021-02-15,MAR,973,413,560,544,60,368,1,0,0,0,960,13,ITI,ITI3,11,Marche,Marche,1525271,9855,0.65,0.06
1707,2021-03-30,MAR,7443,3055,4388,524,2,2020,244,4256,30,367,4607,2836,ITI,ITI3,11,Marche,Marche,1525271,17298,1.13,0.49
1708,2021-01-13,MAR,2105,746,1359,1408,11,610,76,0,0,0,2105,0,ITI,ITI3,11,Marche,Marche,1525271,19403,1.27,0.14
1709,2021-02-28,MAR,2840,1251,1589,19,0,18,0,2799,2,2,2834,6,ITI,ITI3,11,Marche,Marche,1525271,22243,1.46,0.19
1710,2021-03-09,MAR,5532,2375,3157,754,8,463,36,2588,613,1070,4643,889,ITI,ITI3,11,Marche,Marche,1525271,27775,1.82,0.36
1711,2021-03-25,MAR,6657,2774,3883,464,12,947,365,4307,43,519,3247,3410,ITI,ITI3,11,Marche,Marche,1525271,34432,2.26,0.44
1712,2021-01-23,MAR,557,190,367,440,14,40,63,0,0,0,123,434,ITI,ITI3,11,Marche,Marche,1525271,34989,2.29,0.04
1713,2021-02-06,MAR,2460,900,1560,1402,40,603,415,0,0,0,523,1937,ITI,ITI3,11,Marche,Marche,1525271,37449,2.46,0.16
1714,2021-02-19,MAR,1971,716,1255,1273,11,481,203,1,0,2,1836,135,ITI,ITI3,11,Marche,Marche,1525271,39420,2.58,0.13
1715,2021-02-18,MAR,2104,746,1358,1150,41,509,402,1,0,1,1816,288,ITI,ITI3,11,Marche,Marche,1525271,41524,2.72,0.14
1716,2021-02-16,MAR,1292,475,817,737,8,455,92,0,0,0,1262,30,ITI,ITI3,11,Marche,Marche,1525271,42816,2.81,0.08
1717,2021-03-22,MAR,5660,2378,3282,407,8,448,69,4182,113,433,2531,3129,ITI,ITI3,11,Marche,Marche,1525271,48476,3.18,0.37
1718,2021-02-03,MAR,2125,742,1383,1344,2,613,166,0,0,0,119,2006,ITI,ITI3,11,Marche,Marche,1525271,50601,3.32,0.14
1719,2021-01-15,MAR,1771,500,1271,985,60,360,366,0,0,0,1771,0,ITI,ITI3,11,Marche,Marche,1525271,52372,3.43,0.12
1720,2021-03-27,MAR,7418,3082,4336,278,1,2494,135,3729,70,711,5049,2369,ITI,ITI3,11,Marche,Marche,1525271,59790,3.92,0.49
1721,2021-01-31,MAR,1928,772,1156,1532,0,396,0,0,0,0,105,1823,ITI,ITI3,11,Marche,Marche,1525271,61718,4.05,0.13
1722,2021-01-14,MAR,2010,692,1318,1112,67,533,298,0,0,0,2010,0,ITI,ITI3,11,Marche,Marche,1525271,63728,4.18,0.13
1723,2021-02-10,MAR,1439,452,987,881,26,317,215,0,0,0,1080,359,ITI,ITI3,11,Marche,Marche,1525271,65167,4.27,0.09
1724,2021-03-10,MAR,5783,2490,3293,721,22,799,101,2675,424,1041,4646,1137,ITI,ITI3,11,Marche,Marche,1525271,70950,4.65,0.38
1725,2021-01-24,MAR,892,342,550,773,0,119,0,0,0,0,17,875,ITI,ITI3,11,Marche,Marche,1525271,71842,4.71,0.06
1726,2021-01-18,MAR,673,230,443,370,5,166,132,0,0,0,547,126,ITI,ITI3,11,Marche,Marche,1525271,72515,4.75,0.04
1727,2021-03-15,MAR,4511,2119,2392,300,4,469,8,3475,14,241,1422,3089,ITI,ITI3,11,Marche,Marche,1525271,77026,5.05,0.3
1728,2021-04-01,MAR,7593,3186,4407,390,4,2261,38,4590,26,284,4167,3426,ITI,ITI3,11,Marche,Marche,1525271,84619,5.55,0.5
1729,2021-01-04,MAR,1500,563,937,1290,36,163,11,0,0,0,1500,0,ITI,ITI3,11,Marche,Marche,1525271,86119,5.65,0.1
1730,2021-01-03,MAR,896,348,548,759,0,137,0,0,0,0,896,0,ITI,ITI3,11,Marche,Marche,1525271,87015,5.7,0.06
1731,2021-01-19,MAR,225,81,144,120,0,20,85,0,0,0,141,84,ITI,ITI3,11,Marche,Marche,1525271,87240,5.72,0.01
1732,2021-03-11,MAR,6832,2930,3902,1094,11,911,38,3227,403,1148,5461,1371,ITI,ITI3,11,Marche,Marche,1525271,94072,6.17,0.45
1733,2021-03-13,MAR,5877,2708,3169,664,21,517,57,4248,133,237,1916,3961,ITI,ITI3,11,Marche,Marche,1525271,99949,6.55,0.39
1734,2021-03-23,MAR,5818,2538,3280,259,9,360,130,4588,144,328,2271,3547,ITI,ITI3,11,Marche,Marche,1525271,105767,6.93,0.38
1735,2021-01-10,MAR,1737,699,1038,1462,0,275,0,0,0,0,1737,0,ITI,ITI3,11,Marche,Marche,1525271,107504,7.05,0.11
1736,2021-03-24,MAR,7035,2982,4053,483,20,961,187,4728,64,592,3367,3668,ITI,ITI3,11,Marche,Marche,1525271,114539,7.51,0.46
1737,2021-01-20,MAR,398,99,299,146,15,47,190,0,0,0,386,12,ITI,ITI3,11,Marche,Marche,1525271,114937,7.54,0.03
1738,2021-02-20,MAR,4127,1708,2419,118,24,387,261,3334,3,0,4016,111,ITI,ITI3,11,Marche,Marche,1525271,119064,7.81,0.27
1739,2021-03-20,MAR,4146,1745,2401,181,8,110,111,3641,6,89,1054,3092,ITI,ITI3,11,Marche,Marche,1525271,123210,8.08,0.27
1740,2021-02-24,MAR,3444,1506,1938,226,11,224,168,2811,3,1,3364,80,ITI,ITI3,11,Marche,Marche,1525271,126654,8.3,0.23
1741,2020-12-30,MAR,17,5,12,14,0,3,0,0,0,0,17,0,ITI,ITI3,11,Marche,Marche,1525271,126671,8.3,0.0
1742,2021-01-17,MAR,1598,682,916,964,14,574,46,0,0,0,1549,49,ITI,ITI3,11,Marche,Marche,1525271,128269,8.41,0.1
1743,2021-03-02,MAR,4965,1943,3022,589,24,251,242,3318,3,538,4399,566,ITI,ITI3,11,Marche,Marche,1525271,133234,8.74,0.33
1744,2021-02-07,MAR,1871,735,1136,1156,5,664,46,0,0,0,344,1527,ITI,ITI3,11,Marche,Marche,1525271,135105,8.86,0.12
1745,2021-04-08,MAR,1982,916,1066,52,4,1449,0,302,4,171,1907,75,ITI,ITI3,11,Marche,Marche,1525271,137087,8.99,0.13
1746,2021-04-05,MAR,5689,2356,3333,251,5,2344,60,2261,10,758,4420,1269,ITI,ITI3,11,Marche,Marche,1525271,142776,9.36,0.37
1747,2021-02-04,MAR,2342,810,1532,1406,54,607,275,0,0,0,112,2230,ITI,ITI3,11,Marche,Marche,1525271,145118,9.51,0.15
1748,2021-03-08,MAR,6366,2807,3559,768,14,604,219,3102,644,1015,5364,1002,ITI,ITI3,11,Marche,Marche,1525271,151484,9.93,0.42
1749,2021-01-29,MAR,1991,730,1261,1479,4,434,74,0,0,0,168,1823,ITI,ITI3,11,Marche,Marche,1525271,153475,10.06,0.13
1750,2021-01-16,MAR,2006,723,1283,1059,43,619,285,0,0,0,2006,0,ITI,ITI3,11,Marche,Marche,1525271,155481,10.19,0.13
1751,2021-03-12,MAR,4716,2020,2696,820,10,723,0,1904,330,929,3471,1245,ITI,ITI3,11,Marche,Marche,1525271,160197,10.5,0.31
1752,2021-04-06,MAR,8878,3693,5185,310,2,4864,67,1865,42,1728,8064,814,ITI,ITI3,11,Marche,Marche,1525271,169075,11.08,0.58
1753,2021-01-22,MAR,487,167,320,315,19,66,87,0,0,0,194,293,ITI,ITI3,11,Marche,Marche,1525271,169562,11.12,0.03
1754,2021-03-14,MAR,2516,1036,1480,442,0,80,0,1536,2,456,1918,598,ITI,ITI3,11,Marche,Marche,1525271,172078,11.28,0.16
1755,2021-03-05,MAR,6288,2954,3334,1128,13,864,143,2378,960,802,4821,1467,ITI,ITI3,11,Marche,Marche,1525271,178366,11.69,0.41
1756,2021-02-09,MAR,125,42,83,78,0,21,26,0,0,0,47,78,ITI,ITI3,11,Marche,Marche,1525271,178491,11.7,0.01
1757,2021-03-01,MAR,3727,1489,2238,387,6,171,82,2790,5,286,3480,247,ITI,ITI3,11,Marche,Marche,1525271,182218,11.95,0.24
1758,2021-03-03,MAR,6758,3091,3667,818,23,798,254,3133,949,783,5877,881,ITI,ITI3,11,Marche,Marche,1525271,188976,12.39,0.44
1759,2021-02-27,MAR,3374,1440,1934,186,9,163,161,2848,6,1,3165,209,ITI,ITI3,11,Marche,Marche,1525271,192350,12.61,0.22
1760,2021-01-06,MAR,2181,792,1389,1738,40,256,147,0,0,0,2181,0,ITI,ITI3,11,Marche,Marche,1525271,194531,12.75,0.14
1761,2021-02-23,MAR,3274,1400,1874,219,4,133,116,2794,8,0,3218,56,ITI,ITI3,11,Marche,Marche,1525271,197805,12.97,0.21
1762,2021-03-31,MAR,7369,3084,4285,473,8,1910,153,4538,30,257,4351,3018,ITI,ITI3,11,Marche,Marche,1525271,205174,13.45,0.48
1763,2021-03-06,MAR,5732,2647,3085,973,4,833,125,2400,650,747,4464,1268,ITI,ITI3,11,Marche,Marche,1525271,210906,13.83,0.38
1764,2021-03-17,MAR,3435,1497,1938,301,5,178,117,2822,7,5,111,3324,ITI,ITI3,11,Marche,Marche,1525271,214341,14.05,0.23
1765,2021-02-17,MAR,1791,664,1127,968,24,498,300,1,0,0,1672,119,ITI,ITI3,11,Marche,Marche,1525271,216132,14.17,0.12
1766,2021-02-26,MAR,3635,1502,2133,449,34,205,385,2519,4,39,3159,476,ITI,ITI3,11,Marche,Marche,1525271,219767,14.41,0.24
1767,2021-03-28,MAR,4132,1742,2390,45,1,1030,5,2651,4,396,2437,1695,ITI,ITI3,11,Marche,Marche,1525271,223899,14.68,0.27
1768,2021-01-09,MAR,1709,605,1104,1406,0,303,0,0,0,0,1709,0,ITI,ITI3,11,Marche,Marche,1525271,225608,14.79,0.11
1769,2021-02-12,MAR,1583,618,965,815,11,669,88,0,0,0,1431,152,ITI,ITI3,11,Marche,Marche,1525271,227191,14.9,0.1
1770,2021-01-25,MAR,1596,559,1037,1426,12,102,56,0,0,0,97,1499,ITI,ITI3,11,Marche,Marche,1525271,228787,15.0,0.1
1771,2021-01-07,MAR,1802,633,1169,1480,0,322,0,0,0,0,1802,0,ITI,ITI3,11,Marche,Marche,1525271,230589,15.12,0.12
1772,2021-03-19,MAR,3869,1604,2265,495,1,233,293,2837,4,6,343,3526,ITI,ITI3,11,Marche,Marche,1525271,234458,15.37,0.25
1773,2021-02-11,MAR,1988,658,1330,1155,15,606,212,0,0,0,1599,389,ITI,ITI3,11,Marche,Marche,1525271,236446,15.5,0.13
1774,2021-02-22,MAR,3414,1499,1915,326,10,398,77,2596,5,2,3339,75,ITI,ITI3,11,Marche,Marche,1525271,239860,15.73,0.22
1775,2021-03-16,MAR,3577,1549,2028,317,3,193,54,2928,77,5,394,3183,ITI,ITI3,11,Marche,Marche,1525271,243437,15.96,0.23
1776,2021-04-04,MAR,3822,1792,2030,188,0,1538,0,2007,5,84,2651,1171,ITI,ITI3,11,Marche,Marche,1525271,247259,16.21,0.25
1777,2021-03-07,MAR,5183,2108,3075,607,2,355,0,3007,316,896,4430,753,ITI,ITI3,11,Marche,Marche,1525271,252442,16.55,0.34
1778,2021-04-02,MAR,6986,3030,3956,387,3,3270,108,2656,140,422,6245,741,ITI,ITI3,11,Marche,Marche,1525271,259428,17.01,0.46
1779,2021-01-12,MAR,1226,413,813,912,0,264,50,0,0,0,1226,0,ITI,ITI3,11,Marche,Marche,1525271,260654,17.09,0.08
1780,2021-02-02,MAR,1193,397,796,804,17,279,93,0,0,0,73,1120,ITI,ITI3,11,Marche,Marche,1525271,261847,17.17,0.08
1781,2021-01-05,MAR,1562,586,976,1436,0,126,0,0,0,0,1562,0,ITI,ITI3,11,Marche,Marche,1525271,263409,17.27,0.1
1782,2021-01-27,MAR,2120,780,1340,1754,7,219,140,0,0,0,122,1998,ITI,ITI3,11,Marche,Marche,1525271,265529,17.41,0.14
1783,2021-04-03,MAR,7574,3203,4371,321,3,3978,55,2922,2,293,6903,671,ITI,ITI3,11,Marche,Marche,1525271,273103,17.91,0.5
1784,2021-02-08,MAR,833,258,575,408,21,142,262,0,0,0,371,462,ITI,ITI3,11,Marche,Marche,1525271,273936,17.96,0.05
1785,2020-12-27,MAR,200,97,103,184,4,8,4,0,0,0,200,0,ITI,ITI3,11,Marche,Marche,1525271,274136,17.97,0.01
1786,2021-03-18,MAR,3445,1514,1931,326,6,258,123,2653,76,3,216,3229,ITI,ITI3,11,Marche,Marche,1525271,277581,18.2,0.23
1787,2021-02-25,MAR,3563,1447,2116,432,6,207,423,2491,3,1,3384,179,ITI,ITI3,11,Marche,Marche,1525271,281144,18.43,0.23
1788,2021-01-28,MAR,1973,659,1314,1581,0,291,101,0,0,0,167,1806,ITI,ITI3,11,Marche,Marche,1525271,283117,18.56,0.13
1789,2021-01-30,MAR,1908,669,1239,1566,0,342,0,0,0,0,29,1879,ITI,ITI3,11,Marche,Marche,1525271,285025,18.69,0.13
1790,2021-04-07,MAR,7415,3271,4144,166,2,5045,12,1244,24,922,7083,332,ITI,ITI3,11,Marche,Marche,1525271,292440,19.17,0.49
1791,2021-01-11,MAR,1176,411,765,1021,2,153,0,0,0,0,1176,0,ITI,ITI3,11,Marche,Marche,1525271,293616,19.25,0.08
1792,2020-12-31,MAR,383,178,205,370,0,13,0,0,0,0,383,0,ITI,ITI3,11,Marche,Marche,1525271,293999,19.28,0.03
1793,2021-02-14,MAR,738,301,437,578,2,158,0,0,0,0,738,0,ITI,ITI3,11,Marche,Marche,1525271,294737,19.32,0.05
1794,2021-01-08,MAR,1574,588,986,1226,0,348,0,0,0,0,1574,0,ITI,ITI3,11,Marche,Marche,1525271,296311,19.43,0.1
1795,2021-01-26,MAR,2016,746,1270,1736,1,193,86,0,0,0,92,1924,ITI,ITI3,11,Marche,Marche,1525271,298327,19.56,0.13
1796,2021-02-13,MAR,1064,455,609,457,28,489,90,0,0,0,1012,52,ITI,ITI3,11,Marche,Marche,1525271,299391,19.63,0.07
1797,2021-03-04,MAR,6623,2974,3649,1064,8,930,106,2800,946,769,5229,1394,ITI,ITI3,11,Marche,Marche,1525271,306014,20.06,0.43
1798,2021-03-21,MAR,4512,1878,2634,87,0,109,54,4047,10,205,1632,2880,ITI,ITI3,11,Marche,Marche,1525271,310526,20.36,0.3
1799,2021-01-21,MAR,896,253,643,460,41,59,336,0,0,0,585,311,ITI,ITI3,11,Marche,Marche,1525271,311422,20.42,0.06
1800,2021-03-26,MAR,6345,2614,3731,335,21,1322,182,3928,56,501,3534,2811,ITI,ITI3,11,Marche,Marche,1525271,317767,20.83,0.42
1801,2021-02-01,MAR,1365,480,885,1057,1,226,81,0,0,0,98,1267,ITI,ITI3,11,Marche,Marche,1525271,319132,20.92,0.09
1802,2021-04-03,UMB,2010,681,1329,143,22,383,30,1209,7,216,1025,985,ITI,ITI2,10,Umbria,Umbria,882015,2010,0.23,0.23
1803,2021-01-19,UMB,103,23,80,21,2,0,80,0,0,0,103,0,ITI,ITI2,10,Umbria,Umbria,882015,2113,0.24,0.01
1804,2021-02-06,UMB,396,138,258,333,47,0,16,0,0,0,34,362,ITI,ITI2,10,Umbria,Umbria,882015,2509,0.28,0.04
1805,2021-02-26,UMB,660,253,407,386,73,0,40,154,4,3,652,8,ITI,ITI2,10,Umbria,Umbria,882015,3169,0.36,0.07
1806,2021-01-04,UMB,809,397,412,808,0,1,0,0,0,0,809,0,ITI,ITI2,10,Umbria,Umbria,882015,3978,0.45,0.09
1807,2021-02-05,UMB,780,234,546,645,51,0,84,0,0,0,18,762,ITI,ITI2,10,Umbria,Umbria,882015,4758,0.54,0.09
1808,2021-03-01,UMB,1503,774,729,110,10,15,0,1249,118,1,1389,114,ITI,ITI2,10,Umbria,Umbria,882015,6261,0.71,0.17
1809,2021-02-01,UMB,1260,333,927,875,33,0,352,0,0,0,47,1213,ITI,ITI2,10,Umbria,Umbria,882015,7521,0.85,0.14
1810,2021-01-02,UMB,301,110,191,301,0,0,0,0,0,0,301,0,ITI,ITI2,10,Umbria,Umbria,882015,7822,0.89,0.03
1811,2021-01-11,UMB,1271,336,935,878,12,7,374,0,0,0,1271,0,ITI,ITI2,10,Umbria,Umbria,882015,9093,1.03,0.14
1812,2021-03-09,UMB,4029,1951,2078,143,549,131,106,2912,165,23,2737,1292,ITI,ITI2,10,Umbria,Umbria,882015,13122,1.49,0.46
1813,2021-01-25,UMB,647,322,325,645,2,0,0,0,0,0,5,642,ITI,ITI2,10,Umbria,Umbria,882015,13769,1.56,0.07
1814,2021-02-03,UMB,725,174,551,560,34,0,131,0,0,0,67,658,ITI,ITI2,10,Umbria,Umbria,882015,14494,1.64,0.08
1815,2021-01-07,UMB,1291,383,908,883,1,3,404,0,0,0,1291,0,ITI,ITI2,10,Umbria,Umbria,882015,15785,1.79,0.15
1816,2021-03-11,UMB,3539,1681,1858,144,604,175,239,2018,201,158,2533,1006,ITI,ITI2,10,Umbria,Umbria,882015,19324,2.19,0.4
1817,2021-03-07,UMB,845,180,665,17,68,14,25,45,0,676,838,7,ITI,ITI2,10,Umbria,Umbria,882015,20169,2.29,0.1
1818,2021-02-20,UMB,282,100,182,83,7,1,39,152,0,0,258,24,ITI,ITI2,10,Umbria,Umbria,882015,20451,2.32,0.03
1819,2021-01-05,UMB,850,428,422,845,0,5,0,0,0,0,850,0,ITI,ITI2,10,Umbria,Umbria,882015,21301,2.42,0.1
1820,2021-02-24,UMB,1520,565,955,1083,45,1,90,292,9,0,1505,15,ITI,ITI2,10,Umbria,Umbria,882015,22821,2.59,0.17
1821,2021-01-16,UMB,221,73,148,146,32,0,43,0,0,0,221,0,ITI,ITI2,10,Umbria,Umbria,882015,23042,2.61,0.03
1822,2021-03-14,UMB,66,48,18,0,6,55,1,0,0,4,66,0,ITI,ITI2,10,Umbria,Umbria,882015,23108,2.62,0.01
1823,2021-04-01,UMB,4099,1694,2405,193,12,514,239,3119,3,19,2148,1951,ITI,ITI2,10,Umbria,Umbria,882015,27207,3.08,0.46
1824,2021-03-20,UMB,2272,821,1451,316,178,506,0,0,72,1200,2247,25,ITI,ITI2,10,Umbria,Umbria,882015,29479,3.34,0.26
1825,2021-02-08,UMB,637,203,434,368,111,0,154,0,4,0,88,549,ITI,ITI2,10,Umbria,Umbria,882015,30116,3.41,0.07
1826,2021-01-06,UMB,843,323,520,840,0,3,0,0,0,0,843,0,ITI,ITI2,10,Umbria,Umbria,882015,30959,3.51,0.1
1827,2021-03-10,UMB,3985,1908,2077,122,745,113,157,2564,209,75,2729,1256,ITI,ITI2,10,Umbria,Umbria,882015,34944,3.96,0.45
1828,2021-03-06,UMB,4260,1110,3150,422,178,71,26,1121,120,2322,4117,143,ITI,ITI2,10,Umbria,Umbria,882015,39204,4.44,0.48
1829,2021-02-16,UMB,1307,655,652,34,4,7,0,1262,0,0,1298,9,ITI,ITI2,10,Umbria,Umbria,882015,40511,4.59,0.15
1830,2021-02-17,UMB,1618,748,870,363,3,11,0,1240,0,1,1267,351,ITI,ITI2,10,Umbria,Umbria,882015,42129,4.78,0.18
1831,2021-03-21,UMB,665,330,335,31,14,522,0,0,34,64,665,0,ITI,ITI2,10,Umbria,Umbria,882015,42794,4.85,0.08
1832,2021-02-27,UMB,1658,354,1304,14,11,0,13,0,60,1560,1642,16,ITI,ITI2,10,Umbria,Umbria,882015,44452,5.04,0.19
1833,2021-04-06,UMB,4817,1954,2863,598,43,787,79,3281,1,28,2511,2306,ITI,ITI2,10,Umbria,Umbria,882015,49269,5.59,0.55
1834,2021-03-03,UMB,4436,1772,2664,720,236,53,86,1518,290,1533,3724,712,ITI,ITI2,10,Umbria,Umbria,882015,53705,6.09,0.5
1835,2021-01-15,UMB,692,212,480,588,44,0,60,0,0,0,692,0,ITI,ITI2,10,Umbria,Umbria,882015,54397,6.17,0.08
1836,2021-02-18,UMB,1495,582,913,324,14,2,170,985,0,0,1029,466,ITI,ITI2,10,Umbria,Umbria,882015,55892,6.34,0.17
1837,2020-12-31,UMB,322,127,195,310,0,12,0,0,0,0,322,0,ITI,ITI2,10,Umbria,Umbria,882015,56214,6.37,0.04
1838,2021-02-23,UMB,1693,658,1035,1187,95,0,17,394,0,0,1651,42,ITI,ITI2,10,Umbria,Umbria,882015,57907,6.57,0.19
1839,2021-01-08,UMB,1173,337,836,926,8,1,238,0,0,0,1173,0,ITI,ITI2,10,Umbria,Umbria,882015,59080,6.7,0.13
1840,2021-01-09,UMB,1719,492,1227,888,7,2,822,0,0,0,1719,0,ITI,ITI2,10,Umbria,Umbria,882015,60799,6.89,0.19
1841,2021-01-14,UMB,750,200,550,697,35,0,17,0,0,1,750,0,ITI,ITI2,10,Umbria,Umbria,882015,61549,6.98,0.09
1842,2021-03-05,UMB,4590,1379,3211,604,296,92,7,689,348,2554,3934,656,ITI,ITI2,10,Umbria,Umbria,882015,66139,7.5,0.52
1843,2021-04-05,UMB,4169,1690,2479,764,16,640,69,2648,6,26,2116,2053,ITI,ITI2,10,Umbria,Umbria,882015,70308,7.97,0.47
1844,2021-01-30,UMB,1577,483,1094,841,18,0,717,1,0,0,44,1533,ITI,ITI2,10,Umbria,Umbria,882015,71885,8.15,0.18
1845,2021-03-25,UMB,3859,1686,2173,256,51,158,63,3251,48,32,2795,1064,ITI,ITI2,10,Umbria,Umbria,882015,75744,8.59,0.44
1846,2021-01-24,UMB,254,104,150,254,0,0,0,0,0,0,1,253,ITI,ITI2,10,Umbria,Umbria,882015,75998,8.62,0.03
1847,2021-02-02,UMB,942,274,668,713,16,1,212,0,0,0,32,910,ITI,ITI2,10,Umbria,Umbria,882015,76940,8.72,0.11
1848,2021-03-29,UMB,3781,1638,2143,245,34,594,49,2832,1,26,2311,1470,ITI,ITI2,10,Umbria,Umbria,882015,80721,9.15,0.43
1849,2021-03-15,UMB,4595,1929,2666,1425,194,152,79,2340,142,263,2827,1768,ITI,ITI2,10,Umbria,Umbria,882015,85316,9.67,0.52
1850,2020-12-27,UMB,85,45,40,67,2,0,16,0,0,0,85,0,ITI,ITI2,10,Umbria,Umbria,882015,85401,9.68,0.01
1851,2021-03-24,UMB,4067,1758,2309,215,98,169,1,3505,37,42,2743,1324,ITI,ITI2,10,Umbria,Umbria,882015,89468,10.14,0.46
1852,2021-03-23,UMB,3793,1685,2108,395,179,206,12,2852,89,60,2164,1629,ITI,ITI2,10,Umbria,Umbria,882015,93261,10.57,0.43
1853,2021-03-27,UMB,4235,1507,2728,752,154,508,1,2220,24,576,3895,340,ITI,ITI2,10,Umbria,Umbria,882015,97496,11.05,0.48
1854,2021-03-04,UMB,4482,1852,2630,849,164,72,4,1559,368,1466,3654,828,ITI,ITI2,10,Umbria,Umbria,882015,101978,11.56,0.51
1855,2021-04-02,UMB,4209,1687,2522,375,76,2505,46,845,31,331,3497,712,ITI,ITI2,10,Umbria,Umbria,882015,106187,12.04,0.48
1856,2021-01-27,UMB,838,329,509,837,1,0,0,0,0,0,13,825,ITI,ITI2,10,Umbria,Umbria,882015,107025,12.13,0.1
1857,2021-02-13,UMB,115,28,87,68,46,0,0,1,0,0,112,3,ITI,ITI2,10,Umbria,Umbria,882015,107140,12.15,0.01
1858,2021-02-11,UMB,842,349,493,735,98,1,5,0,0,3,837,5,ITI,ITI2,10,Umbria,Umbria,882015,107982,12.24,0.1
1859,2021-03-18,UMB,2823,1096,1727,974,115,19,241,1459,3,12,1590,1233,ITI,ITI2,10,Umbria,Umbria,882015,110805,12.56,0.32
1860,2021-01-12,UMB,784,247,537,665,7,7,105,0,0,0,784,0,ITI,ITI2,10,Umbria,Umbria,882015,111589,12.65,0.09
1861,2021-01-13,UMB,450,139,311,379,28,1,42,0,0,0,450,0,ITI,ITI2,10,Umbria,Umbria,882015,112039,12.7,0.05
1862,2021-04-07,UMB,4540,1826,2714,481,35,805,86,3108,6,19,2571,1969,ITI,ITI2,10,Umbria,Umbria,882015,116579,13.22,0.51
1863,2021-03-13,UMB,1731,524,1207,120,122,58,49,152,78,1152,1486,245,ITI,ITI2,10,Umbria,Umbria,882015,118310,13.41,0.2
1864,2021-02-10,UMB,715,349,366,606,106,0,3,0,0,0,700,15,ITI,ITI2,10,Umbria,Umbria,882015,119025,13.49,0.08
1865,2021-01-18,UMB,588,215,373,315,114,35,124,0,0,0,504,84,ITI,ITI2,10,Umbria,Umbria,882015,119613,13.56,0.07
1866,2021-02-15,UMB,1368,692,676,10,4,3,0,1351,0,0,1367,1,ITI,ITI2,10,Umbria,Umbria,882015,120981,13.72,0.16
1867,2021-01-26,UMB,814,390,424,813,1,0,0,0,0,0,18,796,ITI,ITI2,10,Umbria,Umbria,882015,121795,13.81,0.09
1868,2021-01-31,UMB,1056,276,780,765,10,0,281,0,0,0,25,1031,ITI,ITI2,10,Umbria,Umbria,882015,122851,13.93,0.12
1869,2021-03-30,UMB,3934,1702,2232,179,27,537,106,3065,0,20,2404,1530,ITI,ITI2,10,Umbria,Umbria,882015,126785,14.37,0.45
1870,2021-01-20,UMB,613,222,391,583,14,1,14,0,0,1,613,0,ITI,ITI2,10,Umbria,Umbria,882015,127398,14.44,0.07
1871,2021-01-03,UMB,267,111,156,267,0,0,0,0,0,0,267,0,ITI,ITI2,10,Umbria,Umbria,882015,127665,14.47,0.03
1872,2021-02-12,UMB,671,224,447,459,208,0,1,1,0,2,665,6,ITI,ITI2,10,Umbria,Umbria,882015,128336,14.55,0.08
1873,2021-01-22,UMB,276,105,171,273,1,0,2,0,0,0,32,244,ITI,ITI2,10,Umbria,Umbria,882015,128612,14.58,0.03
1874,2021-03-08,UMB,3666,1798,1868,140,273,81,45,2855,230,42,2303,1363,ITI,ITI2,10,Umbria,Umbria,882015,132278,15.0,0.42
1875,2021-04-08,UMB,1980,853,1127,112,9,526,60,1266,5,2,1720,260,ITI,ITI2,10,Umbria,Umbria,882015,134258,15.22,0.22
1876,2021-01-23,UMB,277,100,177,276,1,0,0,0,0,0,2,275,ITI,ITI2,10,Umbria,Umbria,882015,134535,15.25,0.03
1877,2021-02-04,UMB,732,226,506,692,19,1,20,0,0,0,25,707,ITI,ITI2,10,Umbria,Umbria,882015,135267,15.34,0.08
1878,2021-03-02,UMB,3638,1345,2293,318,223,51,55,1302,243,1446,3634,4,ITI,ITI2,10,Umbria,Umbria,882015,138905,15.75,0.41
1879,2021-03-22,UMB,3558,1653,1905,163,120,201,0,2828,99,147,2312,1246,ITI,ITI2,10,Umbria,Umbria,882015,142463,16.15,0.4
1880,2021-01-28,UMB,1240,392,848,891,4,0,345,0,0,0,19,1221,ITI,ITI2,10,Umbria,Umbria,882015,143703,16.29,0.14
1881,2021-03-17,UMB,3330,1313,2017,1430,53,9,131,1683,8,16,1858,1472,ITI,ITI2,10,Umbria,Umbria,882015,147033,16.67,0.38
1882,2021-03-31,UMB,3861,1709,2152,177,21,530,160,2948,2,23,2206,1655,ITI,ITI2,10,Umbria,Umbria,882015,150894,17.11,0.44
1883,2021-01-10,UMB,1056,275,781,740,3,5,308,0,0,0,1056,0,ITI,ITI2,10,Umbria,Umbria,882015,151950,17.23,0.12
1884,2021-02-25,UMB,1334,495,839,826,96,3,99,305,0,5,1282,52,ITI,ITI2,10,Umbria,Umbria,882015,153284,17.38,0.15
1885,2021-02-19,UMB,743,293,450,282,12,2,14,433,0,0,526,217,ITI,ITI2,10,Umbria,Umbria,882015,154027,17.46,0.08
1886,2021-04-04,UMB,19,3,16,0,0,0,0,19,0,0,1,18,ITI,ITI2,10,Umbria,Umbria,882015,154046,17.47,0.0
1887,2021-03-26,UMB,4562,1682,2880,570,152,479,91,2480,52,738,4389,173,ITI,ITI2,10,Umbria,Umbria,882015,158608,17.98,0.52
1888,2021-01-29,UMB,1221,343,878,934,16,0,271,0,0,0,79,1142,ITI,ITI2,10,Umbria,Umbria,882015,159829,18.12,0.14
1889,2021-03-16,UMB,3505,1434,2071,1634,68,20,65,1707,0,11,1878,1627,ITI,ITI2,10,Umbria,Umbria,882015,163334,18.52,0.4
1890,2021-03-12,UMB,2633,1031,1602,113,410,183,41,464,229,1193,2135,498,ITI,ITI2,10,Umbria,Umbria,882015,165967,18.82,0.3
1891,2021-02-07,UMB,54,17,37,46,8,0,0,0,0,0,1,53,ITI,ITI2,10,Umbria,Umbria,882015,166021,18.82,0.01
1892,2021-01-17,UMB,54,17,37,47,7,0,0,0,0,0,54,0,ITI,ITI2,10,Umbria,Umbria,882015,166075,18.83,0.01
1893,2021-03-19,UMB,1734,561,1173,462,144,118,68,192,26,724,1078,656,ITI,ITI2,10,Umbria,Umbria,882015,167809,19.03,0.2
1894,2021-03-28,UMB,1093,442,651,65,8,20,5,934,24,37,1069,24,ITI,ITI2,10,Umbria,Umbria,882015,168902,19.15,0.12
1895,2021-01-01,UMB,269,102,167,268,0,1,0,0,0,0,269,0,ITI,ITI2,10,Umbria,Umbria,882015,169171,19.18,0.03
1896,2021-01-21,UMB,610,202,408,428,13,0,169,0,0,0,341,269,ITI,ITI2,10,Umbria,Umbria,882015,169781,19.25,0.07
1897,2021-02-22,UMB,1859,778,1081,736,89,27,1,1006,0,0,1773,86,ITI,ITI2,10,Umbria,Umbria,882015,171640,19.46,0.21
1898,2021-03-27,VDA,332,164,168,23,6,221,14,66,1,1,301,31,ITC,ITC2,2,Valle d'Aosta / Vallée d'Aoste,Valle d'Aosta,125666,332,0.26,0.26
1899,2021-01-09,VDA,443,199,244,225,183,13,22,0,0,0,443,0,ITC,ITC2,2,Valle d'Aosta / Vallée d'Aoste,Valle d'Aosta,125666,775,0.62,0.35
1900,2021-03-25,VDA,386,154,232,10,0,123,1,251,0,1,377,9,ITC,ITC2,2,Valle d'Aosta / Vallée d'Aoste,Valle d'Aosta,125666,1161,0.92,0.31
1901,2021-02-07,VDA,292,120,172,110,55,17,0,105,2,3,190,102,ITC,ITC2,2,Valle d'Aosta / Vallée d'Aoste,Valle d'Aosta,125666,1453,1.16,0.23
1902,2021-02-21,VDA,18,3,15,0,0,0,18,0,0,0,0,18,ITC,ITC2,2,Valle d'Aosta / Vallée d'Aoste,Valle d'Aosta,125666,1471,1.17,0.01
1903,2021-03-15,VDA,361,122,239,20,4,41,10,215,6,65,159,202,ITC,ITC2,2,Valle d'Aosta / Vallée d'Aoste,Valle d'Aosta,125666,1832,1.46,0.29
1904,2021-03-29,VDA,489,232,257,6,1,259,18,204,1,0,450,39,ITC,ITC2,2,Valle d'Aosta / Vallée d'Aoste,Valle d'Aosta,125666,2321,1.85,0.39
1905,2021-03-07,VDA,64,30,34,16,3,16,0,26,2,1,11,53,ITC,ITC2,2,Valle d'Aosta / Vallée d'Aoste,Valle d'Aosta,125666,2385,1.9,0.05
1906,2021-01-18,VDA,213,74,139,29,7,104,27,46,0,0,213,0,ITC,ITC2,2,Valle d'Aosta / Vallée d'Aoste,Valle d'Aosta,125666,2598,2.07,0.17
1907,2021-02-16,VDA,325,53,272,10,0,58,12,5,4,236,320,5,ITC,ITC2,2,Valle d'Aosta / Vallée d'Aoste,Valle d'Aosta,125666,2923,2.33,0.26
1908,2021-01-21,VDA,33,12,21,0,0,0,33,0,0,0,33,0,ITC,ITC2,2,Valle d'Aosta / Vallée d'Aoste,Valle d'Aosta,125666,2956,2.35,0.03
1909,2021-03-20,VDA,205,85,120,5,2,164,15,14,4,1,170,35,ITC,ITC2,2,Valle d'Aosta / Vallée d'Aoste,Valle d'Aosta,125666,3161,2.52,0.16
1910,2021-02-24,VDA,183,82,101,30,7,8,13,65,53,7,164,19,ITC,ITC2,2,Valle d'Aosta / Vallée d'Aoste,Valle d'Aosta,125666,3344,2.66,0.15
1911,2021-01-29,VDA,316,138,178,259,32,9,16,0,0,0,2,314,ITC,ITC2,2,Valle d'Aosta / Vallée d'Aoste,Valle d'Aosta,125666,3660,2.91,0.25
1912,2021-01-30,VDA,437,202,235,232,181,12,12,0,0,0,14,423,ITC,ITC2,2,Valle d'Aosta / Vallée d'Aoste,Valle d'Aosta,125666,4097,3.26,0.35
1913,2021-02-27,VDA,230,84,146,69,2,28,1,126,4,0,124,106,ITC,ITC2,2,Valle d'Aosta / Vallée d'Aoste,Valle d'Aosta,125666,4327,3.44,0.18
1914,2021-01-02,VDA,6,5,1,0,0,0,6,0,0,0,6,0,ITC,ITC2,2,Valle d'Aosta / Vallée d'Aoste,Valle d'Aosta,125666,4333,3.45,0.0
1915,2021-03-18,VDA,134,43,91,4,0,3,25,101,1,0,98,36,ITC,ITC2,2,Valle d'Aosta / Vallée d'Aoste,Valle d'Aosta,125666,4467,3.55,0.11
1916,2021-01-14,VDA,237,69,168,151,62,22,0,2,0,0,237,0,ITC,ITC2,2,Valle d'Aosta / Vallée d'Aoste,Valle d'Aosta,125666,4704,3.74,0.19
1917,2021-02-22,VDA,316,94,222,62,7,34,37,103,6,67,213,103,ITC,ITC2,2,Valle d'Aosta / Vallée d'Aoste,Valle d'Aosta,125666,5020,3.99,0.25
1918,2021-01-22,VDA,56,21,35,36,0,0,20,0,0,0,20,36,ITC,ITC2,2,Valle d'Aosta / Vallée d'Aoste,Valle d'Aosta,125666,5076,4.04,0.04
1919,2021-02-06,VDA,289,104,185,170,31,13,0,74,1,0,92,197,ITC,ITC2,2,Valle d'Aosta / Vallée d'Aoste,Valle d'Aosta,125666,5365,4.27,0.23
1920,2021-03-04,VDA,291,139,152,56,13,44,2,160,14,2,42,249,ITC,ITC2,2,Valle d'Aosta / Vallée d'Aoste,Valle d'Aosta,125666,5656,4.5,0.23
1921,2021-02-05,VDA,294,102,192,159,45,37,0,53,0,0,101,193,ITC,ITC2,2,Valle d'Aosta / Vallée d'Aoste,Valle d'Aosta,125666,5950,4.73,0.23
1922,2021-03-13,VDA,142,84,58,2,1,113,0,0,23,3,142,0,ITC,ITC2,2,Valle d'Aosta / Vallée d'Aoste,Valle d'Aosta,125666,6092,4.85,0.11
1923,2021-01-13,VDA,337,110,227,166,138,5,28,0,0,0,337,0,ITC,ITC2,2,Valle d'Aosta / Vallée d'Aoste,Valle d'Aosta,125666,6429,5.12,0.27
1924,2021-04-07,VDA,913,473,440,15,0,512,0,385,0,1,676,237,ITC,ITC2,2,Valle d'Aosta / Vallée d'Aoste,Valle d'Aosta,125666,7342,5.84,0.73
1925,2021-03-22,VDA,556,204,352,36,4,137,18,334,10,17,330,226,ITC,ITC2,2,Valle d'Aosta / Vallée d'Aoste,Valle d'Aosta,125666,7898,6.28,0.44
1926,2021-03-11,VDA,192,72,120,2,0,14,7,166,1,2,64,128,ITC,ITC2,2,Valle d'Aosta / Vallée d'Aoste,Valle d'Aosta,125666,8090,6.44,0.15
1927,2021-02-10,VDA,248,77,171,51,8,17,26,127,1,18,141,107,ITC,ITC2,2,Valle d'Aosta / Vallée d'Aoste,Valle d'Aosta,125666,8338,6.64,0.2
1928,2021-03-23,VDA,375,149,226,13,2,70,7,276,0,7,242,133,ITC,ITC2,2,Valle d'Aosta / Vallée d'Aoste,Valle d'Aosta,125666,8713,6.93,0.3
1929,2021-01-17,VDA,131,56,75,49,2,1,20,59,0,0,131,0,ITC,ITC2,2,Valle d'Aosta / Vallée d'Aoste,Valle d'Aosta,125666,8844,7.04,0.1
1930,2021-03-10,VDA,436,182,254,9,0,67,17,337,6,0,225,211,ITC,ITC2,2,Valle d'Aosta / Vallée d'Aoste,Valle d'Aosta,125666,9280,7.38,0.35
1931,2021-02-20,VDA,251,210,41,6,2,50,8,2,174,9,241,10,ITC,ITC2,2,Valle d'Aosta / Vallée d'Aoste,Valle d'Aosta,125666,9531,7.58,0.2
1932,2021-04-08,VDA,110,43,67,1,0,8,0,100,0,1,3,107,ITC,ITC2,2,Valle d'Aosta / Vallée d'Aoste,Valle d'Aosta,125666,9641,7.67,0.09
1933,2021-03-02,VDA,339,166,173,17,1,103,39,109,65,5,336,3,ITC,ITC2,2,Valle d'Aosta / Vallée d'Aoste,Valle d'Aosta,125666,9980,7.94,0.27
1934,2021-01-11,VDA,325,112,213,238,50,7,30,0,0,0,325,0,ITC,ITC2,2,Valle d'Aosta / Vallée d'Aoste,Valle d'Aosta,125666,10305,8.2,0.26
1935,2021-02-01,VDA,403,127,276,268,56,9,70,0,0,0,87,316,ITC,ITC2,2,Valle d'Aosta / Vallée d'Aoste,Valle d'Aosta,125666,10708,8.52,0.32
1936,2021-01-20,VDA,23,8,15,0,0,0,6,17,0,0,23,0,ITC,ITC2,2,Valle d'Aosta / Vallée d'Aoste,Valle d'Aosta,125666,10731,8.54,0.02
1937,2021-03-31,VDA,550,300,250,6,0,363,0,181,0,0,525,25,ITC,ITC2,2,Valle d'Aosta / Vallée d'Aoste,Valle d'Aosta,125666,11281,8.98,0.44
1938,2021-01-07,VDA,275,111,164,224,38,8,5,0,0,0,275,0,ITC,ITC2,2,Valle d'Aosta / Vallée d'Aoste,Valle d'Aosta,125666,11556,9.2,0.22
1939,2021-01-05,VDA,150,54,96,127,11,1,11,0,0,0,150,0,ITC,ITC2,2,Valle d'Aosta / Vallée d'Aoste,Valle d'Aosta,125666,11706,9.32,0.12
1940,2021-01-08,VDA,299,130,169,240,35,8,16,0,0,0,299,0,ITC,ITC2,2,Valle d'Aosta / Vallée d'Aoste,Valle d'Aosta,125666,12005,9.55,0.24
1941,2020-12-31,VDA,18,4,14,16,2,0,0,0,0,0,18,0,ITC,ITC2,2,Valle d'Aosta / Vallée d'Aoste,Valle d'Aosta,125666,12023,9.57,0.01
1942,2021-03-14,VDA,390,200,190,6,3,295,0,0,34,52,390,0,ITC,ITC2,2,Valle d'Aosta / Vallée d'Aoste,Valle d'Aosta,125666,12413,9.88,0.31
1943,2021-03-01,VDA,181,66,115,19,5,10,29,116,2,0,147,34,ITC,ITC2,2,Valle d'Aosta / Vallée d'Aoste,Valle d'Aosta,125666,12594,10.02,0.14
1944,2021-01-10,VDA,220,71,149,172,25,4,19,0,0,0,220,0,ITC,ITC2,2,Valle d'Aosta / Vallée d'Aoste,Valle d'Aosta,125666,12814,10.2,0.18
1945,2021-03-03,VDA,255,118,137,9,1,105,1,134,1,4,186,69,ITC,ITC2,2,Valle d'Aosta / Vallée d'Aoste,Valle d'Aosta,125666,13069,10.4,0.2
1946,2021-01-06,VDA,65,33,32,29,8,10,18,0,0,0,65,0,ITC,ITC2,2,Valle d'Aosta / Vallée d'Aoste,Valle d'Aosta,125666,13134,10.45,0.05
1947,2021-04-05,VDA,458,221,237,18,0,398,0,8,0,34,455,3,ITC,ITC2,2,Valle d'Aosta / Vallée d'Aoste,Valle d'Aosta,125666,13592,10.82,0.36
1948,2021-04-03,VDA,673,339,334,13,4,592,4,54,5,1,658,15,ITC,ITC2,2,Valle d'Aosta / Vallée d'Aoste,Valle d'Aosta,125666,14265,11.35,0.54
1949,2021-02-18,VDA,349,153,196,61,4,37,45,180,14,8,261,88,ITC,ITC2,2,Valle d'Aosta / Vallée d'Aoste,Valle d'Aosta,125666,14614,11.63,0.28
1950,2021-02-19,VDA,292,102,190,17,0,30,35,145,0,65,268,24,ITC,ITC2,2,Valle d'Aosta / Vallée d'Aoste,Valle d'Aosta,125666,14906,11.86,0.23
1951,2021-01-04,VDA,142,59,83,126,14,2,0,0,0,0,142,0,ITC,ITC2,2,Valle d'Aosta / Vallée d'Aoste,Valle d'Aosta,125666,15048,11.97,0.11
1952,2021-02-25,VDA,201,101,100,6,3,154,11,0,25,2,194,7,ITC,ITC2,2,Valle d'Aosta / Vallée d'Aoste,Valle d'Aosta,125666,15249,12.13,0.16
1953,2021-02-09,VDA,251,84,167,78,9,21,14,75,1,53,68,183,ITC,ITC2,2,Valle d'Aosta / Vallée d'Aoste,Valle d'Aosta,125666,15500,12.33,0.2
1954,2021-02-17,VDA,327,144,183,25,1,18,30,237,16,0,227,100,ITC,ITC2,2,Valle d'Aosta / Vallée d'Aoste,Valle d'Aosta,125666,15827,12.59,0.26
1955,2021-03-06,VDA,22,4,18,13,0,0,5,4,0,0,22,0,ITC,ITC2,2,Valle d'Aosta / Vallée d'Aoste,Valle d'Aosta,125666,15849,12.61,0.02
1956,2021-02-26,VDA,206,57,149,67,4,30,4,96,4,1,122,84,ITC,ITC2,2,Valle d'Aosta / Vallée d'Aoste,Valle d'Aosta,125666,16055,12.78,0.16
1957,2021-03-17,VDA,430,185,245,35,2,90,15,240,41,7,270,160,ITC,ITC2,2,Valle d'Aosta / Vallée d'Aoste,Valle d'Aosta,125666,16485,13.12,0.34
1958,2021-02-23,VDA,216,123,93,0,1,164,0,0,35,16,216,0,ITC,ITC2,2,Valle d'Aosta / Vallée d'Aoste,Valle d'Aosta,125666,16701,13.29,0.17
1959,2021-04-02,VDA,868,343,525,61,5,413,12,191,9,177,645,223,ITC,ITC2,2,Valle d'Aosta / Vallée d'Aoste,Valle d'Aosta,125666,17569,13.98,0.69
1960,2021-03-12,VDA,529,175,354,14,7,96,7,148,2,255,303,226,ITC,ITC2,2,Valle d'Aosta / Vallée d'Aoste,Valle d'Aosta,125666,18098,14.4,0.42
1961,2021-01-12,VDA,302,72,230,242,34,15,11,0,0,0,302,0,ITC,ITC2,2,Valle d'Aosta / Vallée d'Aoste,Valle d'Aosta,125666,18400,14.64,0.24
1962,2021-04-04,VDA,569,251,318,1,8,446,0,20,0,94,568,1,ITC,ITC2,2,Valle d'Aosta / Vallée d'Aoste,Valle d'Aosta,125666,18969,15.09,0.45
1963,2021-02-11,VDA,231,107,124,53,17,21,0,127,13,0,222,9,ITC,ITC2,2,Valle d'Aosta / Vallée d'Aoste,Valle d'Aosta,125666,19200,15.28,0.18
1964,2021-03-16,VDA,176,36,140,2,0,43,13,118,0,0,115,61,ITC,ITC2,2,Valle d'Aosta / Vallée d'Aoste,Valle d'Aosta,125666,19376,15.42,0.14
1965,2021-03-26,VDA,494,203,291,4,2,171,0,88,3,226,487,7,ITC,ITC2,2,Valle d'Aosta / Vallée d'Aoste,Valle d'Aosta,125666,19870,15.81,0.39
1966,2020-12-27,VDA,20,9,11,20,0,0,0,0,0,0,20,0,ITC,ITC2,2,Valle d'Aosta / Vallée d'Aoste,Valle d'Aosta,125666,19890,15.83,0.02
1967,2021-04-01,VDA,768,390,378,1,0,571,0,196,0,0,757,11,ITC,ITC2,2,Valle d'Aosta / Vallée d'Aoste,Valle d'Aosta,125666,20658,16.44,0.61
1968,2021-01-15,VDA,218,82,136,116,32,36,28,6,0,0,218,0,ITC,ITC2,2,Valle d'Aosta / Vallée d'Aoste,Valle d'Aosta,125666,20876,16.61,0.17
1969,2021-03-24,VDA,512,230,282,8,3,135,0,363,2,1,257,255,ITC,ITC2,2,Valle d'Aosta / Vallée d'Aoste,Valle d'Aosta,125666,21388,17.02,0.41
1970,2021-02-08,VDA,223,83,140,28,17,86,3,64,0,25,25,198,ITC,ITC2,2,Valle d'Aosta / Vallée d'Aoste,Valle d'Aosta,125666,21611,17.2,0.18
1971,2021-02-02,VDA,271,70,201,225,34,9,3,0,0,0,2,269,ITC,ITC2,2,Valle d'Aosta / Vallée d'Aoste,Valle d'Aosta,125666,21882,17.41,0.22
1972,2021-02-15,VDA,264,136,128,24,2,27,24,170,15,2,229,35,ITC,ITC2,2,Valle d'Aosta / Vallée d'Aoste,Valle d'Aosta,125666,22146,17.62,0.21
1973,2021-03-19,VDA,319,84,235,8,1,70,21,9,1,209,284,35,ITC,ITC2,2,Valle d'Aosta / Vallée d'Aoste,Valle d'Aosta,125666,22465,17.88,0.25
1974,2021-03-28,VDA,520,212,308,51,6,352,0,52,13,46,519,1,ITC,ITC2,2,Valle d'Aosta / Vallée d'Aoste,Valle d'Aosta,125666,22985,18.29,0.41
1975,2021-01-28,VDA,290,123,167,202,34,46,6,2,0,0,56,234,ITC,ITC2,2,Valle d'Aosta / Vallée d'Aoste,Valle d'Aosta,125666,23275,18.52,0.23
1976,2021-01-27,VDA,151,71,80,55,8,17,18,53,0,0,79,72,ITC,ITC2,2,Valle d'Aosta / Vallée d'Aoste,Valle d'Aosta,125666,23426,18.64,0.12
1977,2021-03-09,VDA,204,96,108,2,0,79,23,36,39,25,172,32,ITC,ITC2,2,Valle d'Aosta / Vallée d'Aoste,Valle d'Aosta,125666,23630,18.8,0.16
1978,2021-02-13,VDA,215,195,20,0,0,54,0,0,161,0,215,0,ITC,ITC2,2,Valle d'Aosta / Vallée d'Aoste,Valle d'Aosta,125666,23845,18.97,0.17
1979,2021-01-19,VDA,256,77,179,160,10,14,15,57,0,0,256,0,ITC,ITC2,2,Valle d'Aosta / Vallée d'Aoste,Valle d'Aosta,125666,24101,19.18,0.2
1980,2021-02-14,VDA,48,16,32,6,0,0,42,0,0,0,1,47,ITC,ITC2,2,Valle d'Aosta / Vallée d'Aoste,Valle d'Aosta,125666,24149,19.22,0.04
1981,2021-02-12,VDA,263,96,167,51,9,41,26,131,0,5,217,46,ITC,ITC2,2,Valle d'Aosta / Vallée d'Aoste,Valle d'Aosta,125666,24412,19.43,0.21
1982,2021-02-03,VDA,351,114,237,157,135,6,52,1,0,0,14,337,ITC,ITC2,2,Valle d'Aosta / Vallée d'Aoste,Valle d'Aosta,125666,24763,19.71,0.28
1983,2021-01-25,VDA,147,65,82,125,13,3,6,0,0,0,0,147,ITC,ITC2,2,Valle d'Aosta / Vallée d'Aoste,Valle d'Aosta,125666,24910,19.82,0.12
1984,2021-01-26,VDA,139,48,91,115,11,1,12,0,0,0,0,139,ITC,ITC2,2,Valle d'Aosta / Vallée d'Aoste,Valle d'Aosta,125666,25049,19.93,0.11
1985,2021-03-05,VDA,275,124,151,51,8,60,13,138,0,5,53,222,ITC,ITC2,2,Valle d'Aosta / Vallée d'Aoste,Valle d'Aosta,125666,25324,20.15,0.22
1986,2021-01-16,VDA,236,80,156,127,32,4,22,51,0,0,236,0,ITC,ITC2,2,Valle d'Aosta / Vallée d'Aoste,Valle d'Aosta,125666,25560,20.34,0.19
1987,2021-04-06,VDA,739,379,360,24,3,484,1,227,0,0,627,112,ITC,ITC2,2,Valle d'Aosta / Vallée d'Aoste,Valle d'Aosta,125666,26299,20.93,0.59
1988,2021-03-21,VDA,353,164,189,2,4,312,0,1,6,28,353,0,ITC,ITC2,2,Valle d'Aosta / Vallée d'Aoste,Valle d'Aosta,125666,26652,21.21,0.28
1989,2021-01-31,VDA,290,90,200,231,31,10,18,0,0,0,58,232,ITC,ITC2,2,Valle d'Aosta / Vallée d'Aoste,Valle d'Aosta,125666,26942,21.44,0.23
1990,2021-02-04,VDA,294,86,208,168,74,17,34,1,0,0,8,286,ITC,ITC2,2,Valle d'Aosta / Vallée d'Aoste,Valle d'Aosta,125666,27236,21.67,0.23
1991,2021-03-08,VDA,481,231,250,28,1,80,13,343,15,1,237,244,ITC,ITC2,2,Valle d'Aosta / Vallée d'Aoste,Valle d'Aosta,125666,27717,22.06,0.38
1992,2021-03-30,VDA,399,221,178,9,0,258,5,120,2,5,380,19,ITC,ITC2,2,Valle d'Aosta / Vallée d'Aoste,Valle d'Aosta,125666,28116,22.37,0.32
1993,2021-02-28,VDA,260,86,174,78,31,27,24,93,3,4,77,183,ITC,ITC2,2,Valle d'Aosta / Vallée d'Aoste,Valle d'Aosta,125666,28376,22.58,0.21
1994,2021-03-24,MOL,1630,658,972,77,1,348,0,707,47,450,1228,402,ITF,ITF2,14,Molise,Molise,305617,1630,0.53,0.53
1995,2021-02-19,MOL,169,93,76,95,28,42,1,0,0,3,167,2,ITF,ITF2,14,Molise,Molise,305617,1799,0.59,0.06
1996,2021-01-28,MOL,613,217,396,430,9,19,154,0,0,1,17,596,ITF,ITF2,14,Molise,Molise,305617,2412,0.79,0.2
1997,2021-03-15,MOL,832,338,494,137,6,149,66,116,61,297,587,245,ITF,ITF2,14,Molise,Molise,305617,3244,1.06,0.27
1998,2021-03-21,MOL,1245,542,703,14,1,141,0,1089,0,0,479,766,ITF,ITF2,14,Molise,Molise,305617,4489,1.47,0.41
1999,2021-03-07,MOL,1131,501,630,2,16,0,0,1113,0,0,1129,2,ITF,ITF2,14,Molise,Molise,305617,5620,1.84,0.37
2000,2021-02-23,MOL,581,223,358,136,39,4,61,340,0,1,362,219,ITF,ITF2,14,Molise,Molise,305617,6201,2.03,0.19
2001,2021-03-23,MOL,1642,694,948,76,2,453,6,572,79,454,1435,207,ITF,ITF2,14,Molise,Molise,305617,7843,2.57,0.54
2002,2020-12-27,MOL,50,20,30,29,4,0,17,0,0,0,50,0,ITF,ITF2,14,Molise,Molise,305617,7893,2.58,0.02
2003,2021-01-13,MOL,474,160,314,256,66,7,144,0,0,1,474,0,ITF,ITF2,14,Molise,Molise,305617,8367,2.74,0.16
2004,2021-02-02,MOL,539,176,363,295,64,0,180,0,0,0,216,323,ITF,ITF2,14,Molise,Molise,305617,8906,2.91,0.18
2005,2021-03-12,MOL,1438,629,809,42,31,47,0,698,115,505,1402,36,ITF,ITF2,14,Molise,Molise,305617,10344,3.38,0.47
2006,2021-03-10,MOL,1737,720,1017,188,3,92,1,757,187,509,1687,50,ITF,ITF2,14,Molise,Molise,305617,12081,3.95,0.57
2007,2021-04-06,MOL,1432,673,759,33,2,1148,9,235,5,0,1089,343,ITF,ITF2,14,Molise,Molise,305617,13513,4.42,0.47
2008,2021-01-08,MOL,429,141,288,244,6,59,120,0,0,0,429,0,ITF,ITF2,14,Molise,Molise,305617,13942,4.56,0.14
2009,2021-02-21,MOL,573,227,346,1,0,4,0,568,0,0,571,2,ITF,ITF2,14,Molise,Molise,305617,14515,4.75,0.19
2010,2021-03-14,MOL,594,239,355,2,0,11,0,581,0,0,16,578,ITF,ITF2,14,Molise,Molise,305617,15109,4.94,0.19
2011,2021-02-28,MOL,828,331,497,38,1,4,27,758,0,0,786,42,ITF,ITF2,14,Molise,Molise,305617,15937,5.21,0.27
2012,2021-02-18,MOL,319,74,245,296,8,15,0,0,0,0,306,13,ITF,ITF2,14,Molise,Molise,305617,16256,5.32,0.1
2013,2021-02-27,MOL,1366,568,798,25,2,34,14,1290,0,1,1347,19,ITF,ITF2,14,Molise,Molise,305617,17622,5.77,0.45
2014,2021-03-30,MOL,1952,839,1113,45,0,830,1,572,80,424,1440,512,ITF,ITF2,14,Molise,Molise,305617,19574,6.4,0.64
2015,2021-01-22,MOL,126,35,91,21,32,0,73,0,0,0,126,0,ITF,ITF2,14,Molise,Molise,305617,19700,6.45,0.04
2016,2021-01-31,MOL,268,70,198,85,18,0,164,0,0,1,6,262,ITF,ITF2,14,Molise,Molise,305617,19968,6.53,0.09
2017,2021-02-09,MOL,359,170,189,161,83,5,110,0,0,0,197,162,ITF,ITF2,14,Molise,Molise,305617,20327,6.65,0.12
2018,2021-01-10,MOL,270,72,198,82,19,0,169,0,0,0,270,0,ITF,ITF2,14,Molise,Molise,305617,20597,6.74,0.09
2019,2021-01-26,MOL,450,184,266,444,0,5,0,0,0,1,8,442,ITF,ITF2,14,Molise,Molise,305617,21047,6.89,0.15
2020,2021-04-01,MOL,1419,647,772,27,8,626,21,699,18,20,694,725,ITF,ITF2,14,Molise,Molise,305617,22466,7.35,0.46
2021,2021-03-06,MOL,1728,807,921,156,15,10,0,1395,152,0,1569,159,ITF,ITF2,14,Molise,Molise,305617,24194,7.92,0.57
2022,2021-03-22,MOL,1146,439,707,106,3,283,2,255,39,458,903,243,ITF,ITF2,14,Molise,Molise,305617,25340,8.29,0.37
2023,2021-03-16,MOL,614,230,384,13,3,188,11,395,4,0,267,347,ITF,ITF2,14,Molise,Molise,305617,25954,8.49,0.2
2024,2021-02-05,MOL,593,269,324,460,22,48,63,0,0,0,55,538,ITF,ITF2,14,Molise,Molise,305617,26547,8.69,0.19
2025,2021-03-03,MOL,672,316,356,63,1,4,48,384,45,127,590,82,ITF,ITF2,14,Molise,Molise,305617,27219,8.91,0.22
2026,2021-01-16,MOL,420,166,254,270,14,9,127,0,0,0,420,0,ITF,ITF2,14,Molise,Molise,305617,27639,9.04,0.14
2027,2021-04-03,MOL,1764,847,917,28,0,1441,0,266,3,26,1731,33,ITF,ITF2,14,Molise,Molise,305617,29403,9.62,0.58
2028,2021-01-06,MOL,689,260,429,456,26,36,171,0,0,0,689,0,ITF,ITF2,14,Molise,Molise,305617,30092,9.85,0.23
2029,2021-03-17,MOL,905,384,521,45,22,211,42,572,12,1,574,331,ITF,ITF2,14,Molise,Molise,305617,30997,10.14,0.3
2030,2021-04-05,MOL,370,181,189,1,0,273,0,96,0,0,271,99,ITF,ITF2,14,Molise,Molise,305617,31367,10.26,0.12
2031,2021-01-29,MOL,421,136,285,227,23,59,109,0,0,3,6,415,ITF,ITF2,14,Molise,Molise,305617,31788,10.4,0.14
2032,2021-02-04,MOL,758,295,463,502,76,38,141,0,0,1,77,681,ITF,ITF2,14,Molise,Molise,305617,32546,10.65,0.25
2033,2021-04-07,MOL,567,287,280,21,1,434,4,38,19,50,484,83,ITF,ITF2,14,Molise,Molise,305617,33113,10.83,0.19
2034,2021-03-02,MOL,667,383,284,98,106,12,51,136,113,151,509,158,ITF,ITF2,14,Molise,Molise,305617,33780,11.05,0.22
2035,2021-04-08,MOL,541,288,253,31,8,401,6,63,1,31,467,74,ITF,ITF2,14,Molise,Molise,305617,34321,11.23,0.18
2036,2021-03-31,MOL,2131,894,1237,202,8,778,32,799,49,263,1312,819,ITF,ITF2,14,Molise,Molise,305617,36452,11.93,0.7
2037,2021-04-04,MOL,252,141,111,1,0,249,0,2,0,0,238,14,ITF,ITF2,14,Molise,Molise,305617,36704,12.01,0.08
2038,2021-03-29,MOL,1996,826,1170,108,5,857,5,480,16,525,1510,486,ITF,ITF2,14,Molise,Molise,305617,38700,12.66,0.65
2039,2021-03-18,MOL,1156,476,680,73,10,174,45,854,0,0,692,464,ITF,ITF2,14,Molise,Molise,305617,39856,13.04,0.38
2040,2021-01-12,MOL,336,114,222,132,74,1,129,0,0,0,336,0,ITF,ITF2,14,Molise,Molise,305617,40192,13.15,0.11
2041,2021-03-05,MOL,1219,649,570,322,1,54,0,618,151,73,1015,204,ITF,ITF2,14,Molise,Molise,305617,41411,13.55,0.4
2042,2021-01-27,MOL,674,251,423,436,11,17,209,0,0,1,8,666,ITF,ITF2,14,Molise,Molise,305617,42085,13.77,0.22
2043,2021-02-26,MOL,563,260,303,42,7,50,3,406,0,55,490,73,ITF,ITF2,14,Molise,Molise,305617,42648,13.95,0.18
2044,2021-03-09,MOL,1329,579,750,199,1,109,0,409,218,393,1177,152,ITF,ITF2,14,Molise,Molise,305617,43977,14.39,0.43
2045,2021-03-27,MOL,2685,1250,1435,18,3,781,0,1879,3,1,1252,1433,ITF,ITF2,14,Molise,Molise,305617,46662,15.27,0.88
2046,2021-02-13,MOL,132,80,52,129,3,0,0,0,0,0,132,0,ITF,ITF2,14,Molise,Molise,305617,46794,15.31,0.04
2047,2021-04-02,MOL,1381,678,703,47,0,673,0,655,4,2,620,761,ITF,ITF2,14,Molise,Molise,305617,48175,15.76,0.45
2048,2021-02-01,MOL,562,201,361,301,143,6,111,0,0,1,14,548,ITF,ITF2,14,Molise,Molise,305617,48737,15.95,0.18
2049,2021-03-28,MOL,1589,741,848,155,15,234,0,1184,0,1,487,1102,ITF,ITF2,14,Molise,Molise,305617,50326,16.47,0.52
2050,2021-02-22,MOL,265,129,136,56,31,108,62,8,0,0,250,15,ITF,ITF2,14,Molise,Molise,305617,50591,16.55,0.09
2051,2021-02-08,MOL,334,141,193,206,38,5,85,0,0,0,216,118,ITF,ITF2,14,Molise,Molise,305617,50925,16.66,0.11
2052,2021-01-17,MOL,78,38,40,78,0,0,0,0,0,0,48,30,ITF,ITF2,14,Molise,Molise,305617,51003,16.69,0.03
2053,2021-03-19,MOL,1180,479,701,32,0,163,9,726,2,248,753,427,ITF,ITF2,14,Molise,Molise,305617,52183,17.07,0.39
2054,2021-01-09,MOL,450,152,298,221,27,24,178,0,0,0,450,0,ITF,ITF2,14,Molise,Molise,305617,52633,17.22,0.15
2055,2021-03-20,MOL,2320,968,1352,28,2,206,0,1855,7,222,999,1321,ITF,ITF2,14,Molise,Molise,305617,54953,17.98,0.76
2056,2021-02-16,MOL,156,70,86,148,4,4,0,0,0,0,150,6,ITF,ITF2,14,Molise,Molise,305617,55109,18.03,0.05
2057,2021-02-17,MOL,72,32,40,47,9,10,6,0,0,0,57,15,ITF,ITF2,14,Molise,Molise,305617,55181,18.06,0.02
2058,2021-02-07,MOL,66,32,34,49,1,0,16,0,0,0,19,47,ITF,ITF2,14,Molise,Molise,305617,55247,18.08,0.02
2059,2021-02-24,MOL,666,278,388,242,61,44,44,274,0,1,333,333,ITF,ITF2,14,Molise,Molise,305617,55913,18.3,0.22
2060,2021-03-25,MOL,1806,730,1076,53,2,322,18,832,86,493,1309,497,ITF,ITF2,14,Molise,Molise,305617,57719,18.89,0.59
2061,2021-01-30,MOL,461,158,303,189,52,40,180,0,0,0,12,449,ITF,ITF2,14,Molise,Molise,305617,58180,19.04,0.15
2062,2021-03-04,MOL,850,417,433,252,18,6,69,469,36,0,526,324,ITF,ITF2,14,Molise,Molise,305617,59030,19.32,0.28
2063,2021-01-14,MOL,646,239,407,418,82,31,115,0,0,0,646,0,ITF,ITF2,14,Molise,Molise,305617,59676,19.53,0.21
2064,2021-01-15,MOL,538,242,296,398,17,42,81,0,0,0,538,0,ITF,ITF2,14,Molise,Molise,305617,60214,19.7,0.18
2065,2021-01-04,MOL,314,131,183,301,0,13,0,0,0,0,314,0,ITF,ITF2,14,Molise,Molise,305617,60528,19.81,0.1
2066,2021-01-05,MOL,449,180,269,441,0,8,0,0,0,0,449,0,ITF,ITF2,14,Molise,Molise,305617,60977,19.95,0.15
2067,2021-02-06,MOL,429,179,250,276,13,9,130,0,0,1,29,400,ITF,ITF2,14,Molise,Molise,305617,61406,20.09,0.14
2068,2021-02-03,MOL,731,249,482,391,110,49,180,0,0,1,338,393,ITF,ITF2,14,Molise,Molise,305617,62137,20.33,0.24
2069,2021-02-25,MOL,541,239,302,68,3,9,28,433,0,0,473,68,ITF,ITF2,14,Molise,Molise,305617,62678,20.51,0.18
2070,2021-01-19,MOL,173,63,110,90,57,2,22,0,0,2,162,11,ITF,ITF2,14,Molise,Molise,305617,62851,20.57,0.06
2071,2021-03-08,MOL,1376,522,854,359,44,61,23,409,76,404,1236,140,ITF,ITF2,14,Molise,Molise,305617,64227,21.02,0.45
2072,2021-01-07,MOL,598,209,389,414,1,38,145,0,0,0,598,0,ITF,ITF2,14,Molise,Molise,305617,64825,21.21,0.2
2073,2021-01-20,MOL,18,8,10,14,4,0,0,0,0,0,18,0,ITF,ITF2,14,Molise,Molise,305617,64843,21.22,0.01
2074,2021-03-11,MOL,1462,636,826,42,2,22,14,698,185,499,1456,6,ITF,ITF2,14,Molise,Molise,305617,66305,21.7,0.48
2075,2021-01-25,MOL,319,130,189,317,0,0,0,0,0,2,3,316,ITF,ITF2,14,Molise,Molise,305617,66624,21.8,0.1
2076,2021-02-12,MOL,330,149,181,224,12,20,72,0,0,2,208,122,ITF,ITF2,14,Molise,Molise,305617,66954,21.91,0.11
2077,2021-01-11,MOL,557,194,363,196,193,57,111,0,0,0,557,0,ITF,ITF2,14,Molise,Molise,305617,67511,22.09,0.18
2078,2021-02-10,MOL,150,78,72,91,6,0,53,0,0,0,130,20,ITF,ITF2,14,Molise,Molise,305617,67661,22.14,0.05
2079,2021-01-18,MOL,114,48,66,97,14,3,0,0,0,0,114,0,ITF,ITF2,14,Molise,Molise,305617,67775,22.18,0.04
2080,2021-02-15,MOL,144,70,74,117,8,4,15,0,0,0,141,3,ITF,ITF2,14,Molise,Molise,305617,67919,22.22,0.05
2081,2021-01-21,MOL,6,2,4,0,6,0,0,0,0,0,6,0,ITF,ITF2,14,Molise,Molise,305617,67925,22.23,0.0
2082,2021-02-11,MOL,293,133,160,225,19,0,45,0,3,1,257,36,ITF,ITF2,14,Molise,Molise,305617,68218,22.32,0.1
2083,2021-03-01,MOL,661,274,387,200,28,41,108,135,2,147,447,214,ITF,ITF2,14,Molise,Molise,305617,68879,22.54,0.22
2084,2021-03-13,MOL,1189,594,595,29,0,23,5,981,151,0,200,989,ITF,ITF2,14,Molise,Molise,305617,70068,22.93,0.39
2085,2021-03-26,MOL,2559,1037,1522,70,5,839,23,1004,70,548,1917,642,ITF,ITF2,14,Molise,Molise,305617,72627,23.76,0.84
2086,2021-02-20,MOL,1018,441,577,20,4,53,8,933,0,0,998,20,ITF,ITF2,14,Molise,Molise,305617,73645,24.1,0.33
