,data,area,Vaccinazioni giornaliere,sesso_maschile,sesso_femminile,prima_dose,seconda_dose,pregressa_infezione,codice_NUTS1,codice_NUTS2,codice_regione_ISTAT,nome_area,Regione,popolazione,Totale vaccinazioni,Totale vaccinazioni ogni cento ab,Vaccinazioni giornaliere ogni cento ab
0,2021-03-02,SIC,14752,6369,8383,11862,2777,113,ITG,ITG1,19,Sicilia,Sicilia,4999891,14752,0.3,0.3
1,2021-01-04,SIC,8437,4217,4220,8392,0,45,ITG,ITG1,19,Sicilia,Sicilia,4999891,23189,0.46,0.17
2,2021-01-18,SIC,1597,654,943,1431,155,11,ITG,ITG1,19,Sicilia,Sicilia,4999891,24786,0.5,0.03
3,2021-04-28,SIC,29270,13715,15555,19732,9154,384,ITG,ITG1,19,Sicilia,Sicilia,4999891,54056,1.08,0.59
4,2021-04-11,SIC,15370,7590,7780,8234,7033,103,ITG,ITG1,19,Sicilia,Sicilia,4999891,69426,1.39,0.31
5,2021-07-20,SIC,48422,23581,24841,12781,35292,349,ITG,ITG1,19,Sicilia,Sicilia,4999891,117848,2.36,0.97
6,2020-12-30,SIC,185,109,76,184,0,1,ITG,ITG1,19,Sicilia,Sicilia,4999891,118033,2.36,0.0
7,2021-01-16,SIC,2716,1211,1505,2695,0,21,ITG,ITG1,19,Sicilia,Sicilia,4999891,120749,2.42,0.05
8,2021-07-01,SIC,30956,14060,16896,10720,19981,255,ITG,ITG1,19,Sicilia,Sicilia,4999891,151705,3.03,0.62
9,2021-04-09,SIC,20270,9875,10395,10945,9076,249,ITG,ITG1,19,Sicilia,Sicilia,4999891,171975,3.44,0.41
10,2021-03-23,SIC,20939,10078,10861,15224,5563,152,ITG,ITG1,19,Sicilia,Sicilia,4999891,192914,3.86,0.42
11,2021-02-25,SIC,9941,5205,4736,8690,1165,86,ITG,ITG1,19,Sicilia,Sicilia,4999891,202855,4.06,0.2
12,2021-06-05,SIC,59927,28506,31421,48733,10575,619,ITG,ITG1,19,Sicilia,Sicilia,4999891,262782,5.26,1.2
13,2021-03-14,SIC,8773,3927,4846,4886,3836,51,ITG,ITG1,19,Sicilia,Sicilia,4999891,271555,5.43,0.18
14,2021-02-11,SIC,5236,2059,3177,4656,463,117,ITG,ITG1,19,Sicilia,Sicilia,4999891,276791,5.54,0.1
15,2021-06-19,SIC,44276,21049,23227,18764,25193,319,ITG,ITG1,19,Sicilia,Sicilia,4999891,321067,6.42,0.89
16,2021-04-23,SIC,28564,13695,14869,22364,5835,365,ITG,ITG1,19,Sicilia,Sicilia,4999891,349631,6.99,0.57
17,2021-06-26,SIC,37250,17773,19477,16356,20596,298,ITG,ITG1,19,Sicilia,Sicilia,4999891,386881,7.74,0.75
18,2021-04-30,SIC,35019,16343,18676,23537,11031,451,ITG,ITG1,19,Sicilia,Sicilia,4999891,421900,8.44,0.7
19,2021-06-24,SIC,42270,19624,22646,17572,24344,354,ITG,ITG1,19,Sicilia,Sicilia,4999891,464170,9.28,0.85
20,2021-06-07,SIC,49676,23409,26267,41112,8035,529,ITG,ITG1,19,Sicilia,Sicilia,4999891,513846,10.28,0.99
21,2021-01-25,SIC,7432,3678,3754,278,7147,7,ITG,ITG1,19,Sicilia,Sicilia,4999891,521278,10.43,0.15
22,2021-05-05,SIC,26309,12190,14119,16256,9628,425,ITG,ITG1,19,Sicilia,Sicilia,4999891,547587,10.95,0.53
23,2021-05-19,SIC,42854,20760,22094,28187,14301,366,ITG,ITG1,19,Sicilia,Sicilia,4999891,590441,11.81,0.86
24,2021-05-31,SIC,38080,17145,20935,21271,16512,297,ITG,ITG1,19,Sicilia,Sicilia,4999891,628521,12.57,0.76
25,2021-02-13,SIC,2978,1123,1855,2687,255,36,ITG,ITG1,19,Sicilia,Sicilia,4999891,631499,12.63,0.06
26,2021-05-24,SIC,35868,17434,18434,15588,20047,233,ITG,ITG1,19,Sicilia,Sicilia,4999891,667367,13.35,0.72
27,2021-05-17,SIC,31901,15396,16505,18997,12618,286,ITG,ITG1,19,Sicilia,Sicilia,4999891,699268,13.99,0.64
28,2021-03-21,SIC,15218,7341,7877,11180,3970,68,ITG,ITG1,19,Sicilia,Sicilia,4999891,714486,14.29,0.3
29,2021-01-30,SIC,7697,3537,4160,163,7532,2,ITG,ITG1,19,Sicilia,Sicilia,4999891,722183,14.44,0.15
30,2021-03-28,SIC,10974,5146,5828,6900,4011,63,ITG,ITG1,19,Sicilia,Sicilia,4999891,733157,14.66,0.22
31,2021-07-15,SIC,48332,22439,25893,7990,40081,261,ITG,ITG1,19,Sicilia,Sicilia,4999891,781489,15.63,0.97
32,2021-04-04,SIC,6805,3322,3483,5451,1292,62,ITG,ITG1,19,Sicilia,Sicilia,4999891,788294,15.77,0.14
33,2021-02-23,SIC,8746,4635,4111,8199,466,81,ITG,ITG1,19,Sicilia,Sicilia,4999891,797040,15.94,0.17
34,2021-03-09,SIC,13157,5764,7393,10832,2200,125,ITG,ITG1,19,Sicilia,Sicilia,4999891,810197,16.2,0.26
35,2021-01-11,SIC,5829,2573,3256,5771,0,58,ITG,ITG1,19,Sicilia,Sicilia,4999891,816026,16.32,0.12
36,2020-12-28,SIC,218,132,86,217,0,1,ITG,ITG1,19,Sicilia,Sicilia,4999891,816244,16.33,0.0
37,2021-04-16,SIC,28847,14491,14356,20251,8293,303,ITG,ITG1,19,Sicilia,Sicilia,4999891,845091,16.9,0.58
38,2021-01-23,SIC,4445,2289,2156,192,4243,10,ITG,ITG1,19,Sicilia,Sicilia,4999891,849536,16.99,0.09
39,2021-01-06,SIC,6246,3289,2957,6186,0,60,ITG,ITG1,19,Sicilia,Sicilia,4999891,855782,17.12,0.12
40,2021-04-02,SIC,13882,6547,7335,9041,4735,106,ITG,ITG1,19,Sicilia,Sicilia,4999891,869664,17.39,0.28
41,2021-02-10,SIC,4353,1775,2578,3888,381,84,ITG,ITG1,19,Sicilia,Sicilia,4999891,874017,17.48,0.09
42,2021-05-21,SIC,48668,23058,25610,26656,21590,422,ITG,ITG1,19,Sicilia,Sicilia,4999891,922685,18.45,0.97
43,2021-03-16,SIC,9620,4321,5299,3556,5996,68,ITG,ITG1,19,Sicilia,Sicilia,4999891,932305,18.65,0.19
44,2021-07-08,SIC,38343,17471,20872,6525,31601,217,ITG,ITG1,19,Sicilia,Sicilia,4999891,970648,19.41,0.77
45,2021-02-27,SIC,12234,5500,6734,10934,1204,96,ITG,ITG1,19,Sicilia,Sicilia,4999891,982882,19.66,0.24
46,2021-07-12,SIC,48939,22558,26381,6448,42296,195,ITG,ITG1,19,Sicilia,Sicilia,4999891,1031821,20.64,0.98
47,2021-02-08,SIC,3885,1680,2205,2080,1756,49,ITG,ITG1,19,Sicilia,Sicilia,4999891,1035706,20.71,0.08
48,2021-03-04,SIC,15228,6689,8539,10984,4118,126,ITG,ITG1,19,Sicilia,Sicilia,4999891,1050934,21.02,0.3
49,2021-06-12,SIC,45777,22394,23383,39365,5888,524,ITG,ITG1,19,Sicilia,Sicilia,4999891,1096711,21.93,0.92
50,2021-05-07,SIC,36562,17262,19300,24621,11614,327,ITG,ITG1,19,Sicilia,Sicilia,4999891,1133273,22.67,0.73
51,2021-03-11,SIC,15434,6700,8734,12876,2418,140,ITG,ITG1,19,Sicilia,Sicilia,4999891,1148707,22.97,0.31
52,2021-01-27,SIC,7292,3714,3578,175,7116,1,ITG,ITG1,19,Sicilia,Sicilia,4999891,1155999,23.12,0.15
53,2021-01-13,SIC,5180,2440,2740,5146,0,34,ITG,ITG1,19,Sicilia,Sicilia,4999891,1161179,23.22,0.1
54,2021-02-18,SIC,5332,3139,2193,4837,430,65,ITG,ITG1,19,Sicilia,Sicilia,4999891,1166511,23.33,0.11
55,2021-05-12,SIC,36825,17365,19460,21390,14915,520,ITG,ITG1,19,Sicilia,Sicilia,4999891,1203336,24.07,0.74
56,2021-07-17,SIC,49320,24288,25032,9334,39689,297,ITG,ITG1,19,Sicilia,Sicilia,4999891,1252656,25.05,0.99
57,2021-04-08,SIC,18042,8878,9164,8770,9116,156,ITG,ITG1,19,Sicilia,Sicilia,4999891,1270698,25.41,0.36
58,2021-02-06,SIC,4700,2099,2601,1445,3234,21,ITG,ITG1,19,Sicilia,Sicilia,4999891,1275398,25.51,0.09
59,2021-02-04,SIC,6753,3076,3677,1423,5301,29,ITG,ITG1,19,Sicilia,Sicilia,4999891,1282151,25.64,0.14
60,2021-01-01,SIC,819,438,381,815,0,4,ITG,ITG1,19,Sicilia,Sicilia,4999891,1282970,25.66,0.02
61,2021-04-20,SIC,18993,9003,9990,13455,5248,290,ITG,ITG1,19,Sicilia,Sicilia,4999891,1301963,26.04,0.38
62,2021-07-13,SIC,46052,21144,24908,6893,38945,214,ITG,ITG1,19,Sicilia,Sicilia,4999891,1348015,26.96,0.92
63,2021-06-04,SIC,57848,26760,31088,45405,11944,499,ITG,ITG1,19,Sicilia,Sicilia,4999891,1405863,28.12,1.16
64,2021-05-16,SIC,33697,16436,17261,21890,11514,293,ITG,ITG1,19,Sicilia,Sicilia,4999891,1439560,28.79,0.67
65,2021-05-02,SIC,24603,11428,13175,17705,6601,297,ITG,ITG1,19,Sicilia,Sicilia,4999891,1464163,29.28,0.49
66,2021-03-20,SIC,18588,8979,9609,13363,5138,87,ITG,ITG1,19,Sicilia,Sicilia,4999891,1482751,29.66,0.37
67,2021-06-28,SIC,31900,14854,17046,14881,16728,291,ITG,ITG1,19,Sicilia,Sicilia,4999891,1514651,30.29,0.64
68,2021-06-16,SIC,40392,18783,21609,21235,18801,356,ITG,ITG1,19,Sicilia,Sicilia,4999891,1555043,31.1,0.81
69,2021-03-25,SIC,20455,9527,10928,14742,5543,170,ITG,ITG1,19,Sicilia,Sicilia,4999891,1575498,31.51,0.41
70,2021-07-03,SIC,33911,16298,17613,9035,24637,239,ITG,ITG1,19,Sicilia,Sicilia,4999891,1609409,32.19,0.68
71,2021-03-06,SIC,12640,5058,7582,9761,2782,97,ITG,ITG1,19,Sicilia,Sicilia,4999891,1622049,32.44,0.25
72,2021-06-14,SIC,43480,20651,22829,28163,14891,426,ITG,ITG1,19,Sicilia,Sicilia,4999891,1665529,33.31,0.87
73,2021-05-28,SIC,51240,22974,28266,24306,26519,415,ITG,ITG1,19,Sicilia,Sicilia,4999891,1716769,34.34,1.02
74,2021-04-01,SIC,14292,6617,7675,9496,4665,131,ITG,ITG1,19,Sicilia,Sicilia,4999891,1731061,34.62,0.29
75,2021-07-10,SIC,46893,22347,24546,6058,40632,203,ITG,ITG1,19,Sicilia,Sicilia,4999891,1777954,35.56,0.94
76,2021-06-23,SIC,44445,20678,23767,17882,26233,330,ITG,ITG1,19,Sicilia,Sicilia,4999891,1822399,36.45,0.89
77,2021-01-20,SIC,961,510,451,689,269,3,ITG,ITG1,19,Sicilia,Sicilia,4999891,1823360,36.47,0.02
78,2021-03-18,SIC,15361,7715,7646,9739,5572,50,ITG,ITG1,19,Sicilia,Sicilia,4999891,1838721,36.78,0.31
79,2021-01-22,SIC,1285,640,645,261,1022,2,ITG,ITG1,19,Sicilia,Sicilia,4999891,1840006,36.8,0.03
80,2021-01-08,SIC,8125,3786,4339,8036,0,89,ITG,ITG1,19,Sicilia,Sicilia,4999891,1848131,36.96,0.16
81,2021-04-18,SIC,19824,9913,9911,15284,4360,180,ITG,ITG1,19,Sicilia,Sicilia,4999891,1867955,37.36,0.4
82,2021-03-30,SIC,14560,6761,7799,9701,4764,95,ITG,ITG1,19,Sicilia,Sicilia,4999891,1882515,37.65,0.29
83,2021-03-13,SIC,12212,5387,6825,7628,4493,91,ITG,ITG1,19,Sicilia,Sicilia,4999891,1894727,37.9,0.24
84,2021-04-17,SIC,26000,13151,12849,18671,7064,265,ITG,ITG1,19,Sicilia,Sicilia,4999891,1920727,38.42,0.52
85,2021-03-17,SIC,15052,7444,7608,9082,5846,124,ITG,ITG1,19,Sicilia,Sicilia,4999891,1935779,38.72,0.3
86,2021-06-25,SIC,39762,18666,21096,17364,22066,332,ITG,ITG1,19,Sicilia,Sicilia,4999891,1975541,39.51,0.8
87,2021-07-09,SIC,44742,20616,24126,6405,38163,174,ITG,ITG1,19,Sicilia,Sicilia,4999891,2020283,40.41,0.89
88,2021-07-24,SIC,40780,21223,19557,16812,23667,301,ITG,ITG1,19,Sicilia,Sicilia,4999891,2061063,41.22,0.82
89,2021-02-15,SIC,3730,1733,1997,3092,564,74,ITG,ITG1,19,Sicilia,Sicilia,4999891,2064793,41.3,0.07
90,2021-07-22,SIC,40570,19957,20613,11234,29051,285,ITG,ITG1,19,Sicilia,Sicilia,4999891,2105363,42.11,0.81
91,2021-05-26,SIC,44687,21013,23674,23894,20450,343,ITG,ITG1,19,Sicilia,Sicilia,4999891,2150050,43.0,0.89
92,2021-01-03,SIC,4792,2503,2289,4762,0,30,ITG,ITG1,19,Sicilia,Sicilia,4999891,2154842,43.1,0.1
93,2021-04-13,SIC,20240,9865,10375,11242,8835,163,ITG,ITG1,19,Sicilia,Sicilia,4999891,2175082,43.5,0.4
94,2021-01-24,SIC,4323,2261,2062,130,4191,2,ITG,ITG1,19,Sicilia,Sicilia,4999891,2179405,43.59,0.09
95,2021-05-04,SIC,26846,12471,14375,17159,9292,395,ITG,ITG1,19,Sicilia,Sicilia,4999891,2206251,44.13,0.54
96,2021-03-15,SIC,10672,4726,5946,5647,4949,76,ITG,ITG1,19,Sicilia,Sicilia,4999891,2216923,44.34,0.21
97,2021-04-06,SIC,17742,8479,9263,13260,4283,199,ITG,ITG1,19,Sicilia,Sicilia,4999891,2234665,44.69,0.35
98,2021-02-22,SIC,7946,4132,3814,7375,493,78,ITG,ITG1,19,Sicilia,Sicilia,4999891,2242611,44.85,0.16
99,2020-12-27,SIC,92,55,37,91,0,1,ITG,ITG1,19,Sicilia,Sicilia,4999891,2242703,44.86,0.0
100,2021-06-02,SIC,35279,16298,18981,27107,7778,394,ITG,ITG1,19,Sicilia,Sicilia,4999891,2277982,45.56,0.71
101,2021-03-01,SIC,12761,6070,6691,10980,1657,124,ITG,ITG1,19,Sicilia,Sicilia,4999891,2290743,45.82,0.26
102,2021-06-09,SIC,49772,23676,26096,41911,7253,608,ITG,ITG1,19,Sicilia,Sicilia,4999891,2340515,46.81,1.0
103,2021-07-05,SIC,37508,17605,19903,8916,28360,232,ITG,ITG1,19,Sicilia,Sicilia,4999891,2378023,47.56,0.75
104,2021-06-21,SIC,40242,18631,21611,18426,21493,323,ITG,ITG1,19,Sicilia,Sicilia,4999891,2418265,48.37,0.8
105,2021-05-09,SIC,28407,13307,15100,19775,8286,346,ITG,ITG1,19,Sicilia,Sicilia,4999891,2446672,48.93,0.57
106,2021-02-05,SIC,6741,2980,3761,2089,4614,38,ITG,ITG1,19,Sicilia,Sicilia,4999891,2453413,49.07,0.13
107,2021-04-03,SIC,16413,7816,8597,13421,2835,157,ITG,ITG1,19,Sicilia,Sicilia,4999891,2469826,49.4,0.33
108,2021-03-27,SIC,15655,7378,8277,10683,4852,120,ITG,ITG1,19,Sicilia,Sicilia,4999891,2485481,49.71,0.31
109,2021-01-29,SIC,9183,4256,4927,412,8759,12,ITG,ITG1,19,Sicilia,Sicilia,4999891,2494664,49.89,0.18
110,2021-02-12,SIC,4586,1811,2775,4242,266,78,ITG,ITG1,19,Sicilia,Sicilia,4999891,2499250,49.99,0.09
111,2021-06-06,SIC,49521,23917,25604,41146,7821,554,ITG,ITG1,19,Sicilia,Sicilia,4999891,2548771,50.98,0.99
112,2021-02-26,SIC,11972,5872,6100,10179,1680,113,ITG,ITG1,19,Sicilia,Sicilia,4999891,2560743,51.22,0.24
113,2021-05-06,SIC,29465,14006,15459,18167,10829,469,ITG,ITG1,19,Sicilia,Sicilia,4999891,2590208,51.81,0.59
114,2021-03-31,SIC,14520,6706,7814,9448,4932,140,ITG,ITG1,19,Sicilia,Sicilia,4999891,2604728,52.1,0.29
115,2021-02-07,SIC,2322,982,1340,665,1648,9,ITG,ITG1,19,Sicilia,Sicilia,4999891,2607050,52.14,0.05
116,2021-07-14,SIC,47481,21992,25489,7926,39301,254,ITG,ITG1,19,Sicilia,Sicilia,4999891,2654531,53.09,0.95
117,2021-05-18,SIC,36114,17386,18728,23244,12474,396,ITG,ITG1,19,Sicilia,Sicilia,4999891,2690645,53.81,0.72
118,2021-07-21,SIC,42895,20952,21943,10609,31977,309,ITG,ITG1,19,Sicilia,Sicilia,4999891,2733540,54.67,0.86
119,2021-07-07,SIC,35430,16210,19220,6056,29140,234,ITG,ITG1,19,Sicilia,Sicilia,4999891,2768970,55.38,0.71
120,2021-05-25,SIC,33540,15421,18119,13938,19345,257,ITG,ITG1,19,Sicilia,Sicilia,4999891,2802510,56.05,0.67
121,2021-03-29,SIC,15032,7076,7956,10398,4497,137,ITG,ITG1,19,Sicilia,Sicilia,4999891,2817542,56.35,0.3
122,2021-06-01,SIC,38981,17719,21262,24594,14037,350,ITG,ITG1,19,Sicilia,Sicilia,4999891,2856523,57.13,0.78
123,2021-04-05,SIC,8015,3954,4061,6511,1440,64,ITG,ITG1,19,Sicilia,Sicilia,4999891,2864538,57.29,0.16
124,2021-02-19,SIC,4979,2695,2284,4333,564,82,ITG,ITG1,19,Sicilia,Sicilia,4999891,2869517,57.39,0.1
125,2021-03-08,SIC,13493,5953,7540,10765,2613,115,ITG,ITG1,19,Sicilia,Sicilia,4999891,2883010,57.66,0.27
126,2021-05-30,SIC,35764,16170,19594,17422,18045,297,ITG,ITG1,19,Sicilia,Sicilia,4999891,2918774,58.38,0.72
127,2021-05-13,SIC,47453,22250,25203,30296,16537,620,ITG,ITG1,19,Sicilia,Sicilia,4999891,2966227,59.33,0.95
128,2021-01-10,SIC,3535,1579,1956,3514,0,21,ITG,ITG1,19,Sicilia,Sicilia,4999891,2969762,59.4,0.07
129,2021-01-05,SIC,10357,5090,5267,10281,0,76,ITG,ITG1,19,Sicilia,Sicilia,4999891,2980119,59.6,0.21
130,2021-06-22,SIC,39964,18366,21598,18290,21302,372,ITG,ITG1,19,Sicilia,Sicilia,4999891,3020083,60.4,0.8
131,2021-05-22,SIC,48003,22802,25201,28300,19305,398,ITG,ITG1,19,Sicilia,Sicilia,4999891,3068086,61.36,0.96
132,2021-02-28,SIC,7166,3063,4103,6485,630,51,ITG,ITG1,19,Sicilia,Sicilia,4999891,3075252,61.51,0.14
133,2021-06-08,SIC,47688,22396,25292,40451,6704,533,ITG,ITG1,19,Sicilia,Sicilia,4999891,3122940,62.46,0.95
134,2021-05-23,SIC,34101,16603,17498,19857,14015,229,ITG,ITG1,19,Sicilia,Sicilia,4999891,3157041,63.14,0.68
135,2021-06-10,SIC,53003,24882,28121,45137,7218,648,ITG,ITG1,19,Sicilia,Sicilia,4999891,3210044,64.2,1.06
136,2021-05-27,SIC,47561,21900,25661,24457,22690,414,ITG,ITG1,19,Sicilia,Sicilia,4999891,3257605,65.15,0.95
137,2021-04-14,SIC,20573,9936,10637,11629,8759,185,ITG,ITG1,19,Sicilia,Sicilia,4999891,3278178,65.56,0.41
138,2021-07-23,SIC,41367,20753,20614,14354,26692,321,ITG,ITG1,19,Sicilia,Sicilia,4999891,3319545,66.39,0.83
139,2021-04-21,SIC,22386,10746,11640,15999,6119,268,ITG,ITG1,19,Sicilia,Sicilia,4999891,3341931,66.84,0.45
140,2021-04-12,SIC,19000,9209,9791,11485,7274,241,ITG,ITG1,19,Sicilia,Sicilia,4999891,3360931,67.22,0.38
141,2021-02-14,SIC,1055,402,653,907,140,8,ITG,ITG1,19,Sicilia,Sicilia,4999891,3361986,67.24,0.02
142,2021-01-02,SIC,4855,2530,2325,4825,0,30,ITG,ITG1,19,Sicilia,Sicilia,4999891,3366841,67.34,0.1
143,2021-01-19,SIC,1508,666,842,1264,230,14,ITG,ITG1,19,Sicilia,Sicilia,4999891,3368349,67.37,0.03
144,2021-06-11,SIC,49919,23814,26105,41562,7702,655,ITG,ITG1,19,Sicilia,Sicilia,4999891,3418268,68.37,1.0
145,2021-04-29,SIC,31796,14834,16962,21803,9555,438,ITG,ITG1,19,Sicilia,Sicilia,4999891,3450064,69.0,0.64
146,2021-03-03,SIC,14563,6544,8019,11372,3067,124,ITG,ITG1,19,Sicilia,Sicilia,4999891,3464627,69.29,0.29
147,2021-02-24,SIC,9376,4804,4572,8707,565,104,ITG,ITG1,19,Sicilia,Sicilia,4999891,3474003,69.48,0.19
148,2021-01-21,SIC,1445,710,735,490,944,11,ITG,ITG1,19,Sicilia,Sicilia,4999891,3475448,69.51,0.03
149,2021-05-01,SIC,24441,11313,13128,19003,5164,274,ITG,ITG1,19,Sicilia,Sicilia,4999891,3499889,70.0,0.49
150,2021-01-07,SIC,8944,4138,4806,8864,0,80,ITG,ITG1,19,Sicilia,Sicilia,4999891,3508833,70.18,0.18
151,2021-02-09,SIC,4347,1799,2548,3247,1035,65,ITG,ITG1,19,Sicilia,Sicilia,4999891,3513180,70.27,0.09
152,2021-04-15,SIC,21551,10482,11069,12004,9341,206,ITG,ITG1,19,Sicilia,Sicilia,4999891,3534731,70.7,0.43
153,2021-06-20,SIC,33407,15809,17598,15129,18019,259,ITG,ITG1,19,Sicilia,Sicilia,4999891,3568138,71.36,0.67
154,2021-04-22,SIC,26734,12628,14106,19879,6457,398,ITG,ITG1,19,Sicilia,Sicilia,4999891,3594872,71.9,0.53
155,2021-03-10,SIC,13929,6122,7807,11615,2183,131,ITG,ITG1,19,Sicilia,Sicilia,4999891,3608801,72.18,0.28
156,2021-01-12,SIC,4328,2122,2206,4284,0,44,ITG,ITG1,19,Sicilia,Sicilia,4999891,3613129,72.26,0.09
157,2021-06-18,SIC,43573,20139,23434,18846,24358,369,ITG,ITG1,19,Sicilia,Sicilia,4999891,3656702,73.14,0.87
158,2021-06-27,SIC,25302,12199,13103,12100,12976,226,ITG,ITG1,19,Sicilia,Sicilia,4999891,3682004,73.64,0.51
159,2021-05-15,SIC,56482,26388,30094,40352,15239,891,ITG,ITG1,19,Sicilia,Sicilia,4999891,3738486,74.77,1.13
160,2021-03-19,SIC,16310,8052,8258,10649,5572,89,ITG,ITG1,19,Sicilia,Sicilia,4999891,3754796,75.1,0.33
161,2021-01-31,SIC,4034,1928,2106,110,3922,2,ITG,ITG1,19,Sicilia,Sicilia,4999891,3758830,75.18,0.08
162,2021-05-11,SIC,32678,15499,17179,19695,12490,493,ITG,ITG1,19,Sicilia,Sicilia,4999891,3791508,75.83,0.65
163,2021-02-17,SIC,5217,3203,2014,4501,670,46,ITG,ITG1,19,Sicilia,Sicilia,4999891,3796725,75.94,0.1
164,2021-04-24,SIC,31138,14696,16442,23120,7630,388,ITG,ITG1,19,Sicilia,Sicilia,4999891,3827863,76.56,0.62
165,2021-02-21,SIC,5168,2501,2667,5047,106,15,ITG,ITG1,19,Sicilia,Sicilia,4999891,3833031,76.66,0.1
166,2021-04-07,SIC,16065,7924,8141,8451,7439,175,ITG,ITG1,19,Sicilia,Sicilia,4999891,3849096,76.98,0.32
167,2021-07-16,SIC,49248,23294,25954,8713,40254,281,ITG,ITG1,19,Sicilia,Sicilia,4999891,3898344,77.97,0.98
168,2021-06-03,SIC,45968,21087,24881,33761,11693,514,ITG,ITG1,19,Sicilia,Sicilia,4999891,3944312,78.89,0.92
169,2021-07-06,SIC,37083,17149,19934,10284,26499,300,ITG,ITG1,19,Sicilia,Sicilia,4999891,3981395,79.63,0.74
170,2021-05-10,SIC,28730,13789,14941,16239,12212,279,ITG,ITG1,19,Sicilia,Sicilia,4999891,4010125,80.2,0.57
171,2021-03-26,SIC,17989,8355,9634,12355,5499,135,ITG,ITG1,19,Sicilia,Sicilia,4999891,4028114,80.56,0.36
172,2021-01-28,SIC,9031,4270,4761,384,8646,1,ITG,ITG1,19,Sicilia,Sicilia,4999891,4037145,80.74,0.18
173,2021-07-04,SIC,26518,12803,13715,7602,18747,169,ITG,ITG1,19,Sicilia,Sicilia,4999891,4063663,81.28,0.53
174,2021-05-08,SIC,35633,17030,18603,24978,10300,355,ITG,ITG1,19,Sicilia,Sicilia,4999891,4099296,81.99,0.71
175,2021-01-26,SIC,9558,4731,4827,241,9316,1,ITG,ITG1,19,Sicilia,Sicilia,4999891,4108854,82.18,0.19
176,2021-05-20,SIC,44059,21113,22946,27734,15912,413,ITG,ITG1,19,Sicilia,Sicilia,4999891,4152913,83.06,0.88
177,2021-01-09,SIC,7196,3394,3802,7136,0,60,ITG,ITG1,19,Sicilia,Sicilia,4999891,4160109,83.2,0.14
178,2021-05-03,SIC,23297,10789,12508,13262,9788,247,ITG,ITG1,19,Sicilia,Sicilia,4999891,4183406,83.67,0.47
179,2021-07-11,SIC,36031,16868,19163,3662,32274,95,ITG,ITG1,19,Sicilia,Sicilia,4999891,4219437,84.39,0.72
180,2021-07-25,SIC,16606,8886,7720,5520,10966,120,ITG,ITG1,19,Sicilia,Sicilia,4999891,4236043,84.72,0.33
181,2021-04-19,SIC,18283,8662,9621,12479,5581,223,ITG,ITG1,19,Sicilia,Sicilia,4999891,4254326,85.09,0.37
182,2021-03-12,SIC,12866,5559,7307,10650,2067,149,ITG,ITG1,19,Sicilia,Sicilia,4999891,4267192,85.35,0.26
183,2021-04-26,SIC,21674,10261,11413,13290,8080,304,ITG,ITG1,19,Sicilia,Sicilia,4999891,4288866,85.78,0.43
184,2021-02-02,SIC,5270,2471,2799,617,4643,10,ITG,ITG1,19,Sicilia,Sicilia,4999891,4294136,85.88,0.11
185,2021-07-18,SIC,39278,19786,19492,8105,30944,229,ITG,ITG1,19,Sicilia,Sicilia,4999891,4333414,86.67,0.79
186,2021-01-14,SIC,5252,2484,2768,5190,0,62,ITG,ITG1,19,Sicilia,Sicilia,4999891,4338666,86.78,0.11
187,2021-06-29,SIC,31350,14683,16667,15645,15307,398,ITG,ITG1,19,Sicilia,Sicilia,4999891,4370016,87.4,0.63
188,2021-02-20,SIC,7139,3692,3447,6801,241,97,ITG,ITG1,19,Sicilia,Sicilia,4999891,4377155,87.55,0.14
189,2021-02-03,SIC,5924,2781,3143,713,5203,8,ITG,ITG1,19,Sicilia,Sicilia,4999891,4383079,87.66,0.12
190,2021-04-27,SIC,26417,12669,13748,15171,10921,325,ITG,ITG1,19,Sicilia,Sicilia,4999891,4409496,88.19,0.53
191,2021-05-14,SIC,52182,24466,27716,35761,15669,752,ITG,ITG1,19,Sicilia,Sicilia,4999891,4461678,89.24,1.04
192,2021-01-15,SIC,5252,2294,2958,5185,0,67,ITG,ITG1,19,Sicilia,Sicilia,4999891,4466930,89.34,0.11
193,2021-04-25,SIC,21395,10205,11190,16154,5015,226,ITG,ITG1,19,Sicilia,Sicilia,4999891,4488325,89.77,0.43
194,2021-02-01,SIC,5907,2627,3280,304,5590,13,ITG,ITG1,19,Sicilia,Sicilia,4999891,4494232,89.89,0.12
195,2021-03-22,SIC,16678,7914,8764,11164,5423,91,ITG,ITG1,19,Sicilia,Sicilia,4999891,4510910,90.22,0.33
196,2021-06-30,SIC,32542,15005,17537,11397,20828,317,ITG,ITG1,19,Sicilia,Sicilia,4999891,4543452,90.87,0.65
197,2020-12-29,SIC,243,152,91,243,0,0,ITG,ITG1,19,Sicilia,Sicilia,4999891,4543695,90.88,0.0
198,2021-06-13,SIC,34540,17161,17379,30602,3504,434,ITG,ITG1,19,Sicilia,Sicilia,4999891,4578235,91.57,0.69
199,2021-04-10,SIC,20434,9971,10463,11313,8964,157,ITG,ITG1,19,Sicilia,Sicilia,4999891,4598669,91.98,0.41
200,2021-01-17,SIC,1309,596,713,1237,63,9,ITG,ITG1,19,Sicilia,Sicilia,4999891,4599978,92.0,0.03
201,2021-07-02,SIC,30535,14218,16317,9919,20334,282,ITG,ITG1,19,Sicilia,Sicilia,4999891,4630513,92.61,0.61
202,2021-07-19,SIC,48869,23526,25343,11651,36863,355,ITG,ITG1,19,Sicilia,Sicilia,4999891,4679382,93.59,0.98
203,2021-03-05,SIC,15759,6836,8923,11378,4236,145,ITG,ITG1,19,Sicilia,Sicilia,4999891,4695141,93.9,0.32
204,2021-02-16,SIC,4200,2207,1993,3664,465,71,ITG,ITG1,19,Sicilia,Sicilia,4999891,4699341,93.99,0.08
205,2021-06-17,SIC,41817,19471,22346,20313,21138,366,ITG,ITG1,19,Sicilia,Sicilia,4999891,4741158,94.83,0.84
206,2020-12-31,SIC,891,474,417,883,0,8,ITG,ITG1,19,Sicilia,Sicilia,4999891,4742049,94.84,0.02
207,2021-03-07,SIC,9259,3454,5805,8116,1083,60,ITG,ITG1,19,Sicilia,Sicilia,4999891,4751308,95.03,0.19
208,2021-06-15,SIC,46181,21761,24420,28228,17522,431,ITG,ITG1,19,Sicilia,Sicilia,4999891,4797489,95.95,0.92
209,2021-03-24,SIC,20963,9868,11095,15038,5735,190,ITG,ITG1,19,Sicilia,Sicilia,4999891,4818452,96.37,0.42
210,2021-05-29,SIC,47167,21460,25707,23528,23192,447,ITG,ITG1,19,Sicilia,Sicilia,4999891,4865619,97.31,0.94
211,2021-05-30,ABR,8658,4110,4548,5326,3253,79,ITF,ITF1,13,Abruzzo,Abruzzo,1304970,8658,0.66,0.66
212,2021-04-03,ABR,5160,2257,2903,3484,1597,79,ITF,ITF1,13,Abruzzo,Abruzzo,1304970,13818,1.06,0.4
213,2021-07-12,ABR,15071,7454,7617,2362,12595,114,ITF,ITF1,13,Abruzzo,Abruzzo,1304970,28889,2.21,1.15
214,2021-01-22,ABR,118,57,61,118,0,0,ITF,ITF1,13,Abruzzo,Abruzzo,1304970,29007,2.22,0.01
215,2021-01-03,ABR,471,185,286,469,0,2,ITF,ITF1,13,Abruzzo,Abruzzo,1304970,29478,2.26,0.04
216,2021-03-03,ABR,4633,1891,2742,3704,906,23,ITF,ITF1,13,Abruzzo,Abruzzo,1304970,34111,2.61,0.36
217,2021-07-14,ABR,13718,6795,6923,2435,11132,151,ITF,ITF1,13,Abruzzo,Abruzzo,1304970,47829,3.67,1.05
218,2021-04-08,ABR,7395,3337,4058,4935,2330,130,ITF,ITF1,13,Abruzzo,Abruzzo,1304970,55224,4.23,0.57
219,2021-04-22,ABR,6732,3249,3483,4830,1728,174,ITF,ITF1,13,Abruzzo,Abruzzo,1304970,61956,4.75,0.52
220,2021-03-22,ABR,4344,1908,2436,2311,1970,63,ITF,ITF1,13,Abruzzo,Abruzzo,1304970,66300,5.08,0.33
221,2021-06-30,ABR,11140,5422,5718,4492,6482,166,ITF,ITF1,13,Abruzzo,Abruzzo,1304970,77440,5.93,0.85
222,2021-02-10,ABR,946,311,635,492,444,10,ITF,ITF1,13,Abruzzo,Abruzzo,1304970,78386,6.01,0.07
223,2020-12-27,ABR,38,19,19,38,0,0,ITF,ITF1,13,Abruzzo,Abruzzo,1304970,78424,6.01,0.0
224,2021-03-20,ABR,4794,2199,2595,2560,2172,62,ITF,ITF1,13,Abruzzo,Abruzzo,1304970,83218,6.38,0.37
225,2021-06-13,ABR,9842,4923,4919,7846,1831,165,ITF,ITF1,13,Abruzzo,Abruzzo,1304970,93060,7.13,0.75
226,2021-02-22,ABR,2643,1174,1469,2588,30,25,ITF,ITF1,13,Abruzzo,Abruzzo,1304970,95703,7.33,0.2
227,2021-02-05,ABR,1534,521,1013,772,746,16,ITF,ITF1,13,Abruzzo,Abruzzo,1304970,97237,7.45,0.12
228,2021-05-16,ABR,9578,4137,5441,5647,3813,118,ITF,ITF1,13,Abruzzo,Abruzzo,1304970,106815,8.19,0.73
229,2021-06-04,ABR,15636,7392,8244,10757,4694,185,ITF,ITF1,13,Abruzzo,Abruzzo,1304970,122451,9.38,1.2
230,2021-05-18,ABR,12110,5660,6450,7563,4380,167,ITF,ITF1,13,Abruzzo,Abruzzo,1304970,134561,10.31,0.93
231,2021-02-24,ABR,3306,1442,1864,3112,177,17,ITF,ITF1,13,Abruzzo,Abruzzo,1304970,137867,10.56,0.25
232,2021-05-04,ABR,10861,5100,5761,7056,3615,190,ITF,ITF1,13,Abruzzo,Abruzzo,1304970,148728,11.4,0.83
233,2021-03-08,ABR,5151,1693,3458,4089,971,91,ITF,ITF1,13,Abruzzo,Abruzzo,1304970,153879,11.79,0.39
234,2021-01-24,ABR,50,22,28,6,44,0,ITF,ITF1,13,Abruzzo,Abruzzo,1304970,153929,11.8,0.0
235,2021-03-01,ABR,3478,1385,2093,2704,751,23,ITF,ITF1,13,Abruzzo,Abruzzo,1304970,157407,12.06,0.27
236,2021-06-18,ABR,10184,5002,5182,6550,3487,147,ITF,ITF1,13,Abruzzo,Abruzzo,1304970,167591,12.84,0.78
237,2021-01-10,ABR,1139,409,730,1135,0,4,ITF,ITF1,13,Abruzzo,Abruzzo,1304970,168730,12.93,0.09
238,2021-04-29,ABR,12676,5851,6825,9280,3093,303,ITF,ITF1,13,Abruzzo,Abruzzo,1304970,181406,13.9,0.97
239,2021-06-25,ABR,11059,5477,5582,4904,6012,143,ITF,ITF1,13,Abruzzo,Abruzzo,1304970,192465,14.75,0.85
240,2021-01-15,ABR,380,150,230,366,0,14,ITF,ITF1,13,Abruzzo,Abruzzo,1304970,192845,14.78,0.03
241,2021-04-27,ABR,9085,4368,4717,6507,2466,112,ITF,ITF1,13,Abruzzo,Abruzzo,1304970,201930,15.47,0.7
242,2021-07-02,ABR,11843,5948,5895,4832,6829,182,ITF,ITF1,13,Abruzzo,Abruzzo,1304970,213773,16.38,0.91
243,2021-02-12,ABR,1228,567,661,1026,189,13,ITF,ITF1,13,Abruzzo,Abruzzo,1304970,215001,16.48,0.09
244,2021-07-19,ABR,11776,5984,5792,2665,8941,170,ITF,ITF1,13,Abruzzo,Abruzzo,1304970,226777,17.38,0.9
245,2021-05-23,ABR,9881,4695,5186,7068,2692,121,ITF,ITF1,13,Abruzzo,Abruzzo,1304970,236658,18.14,0.76
246,2021-06-06,ABR,11149,5307,5842,8778,2242,129,ITF,ITF1,13,Abruzzo,Abruzzo,1304970,247807,18.99,0.85
247,2021-04-10,ABR,8776,4059,4717,6128,2509,139,ITF,ITF1,13,Abruzzo,Abruzzo,1304970,256583,19.66,0.67
248,2021-03-27,ABR,6122,2620,3502,3565,2486,71,ITF,ITF1,13,Abruzzo,Abruzzo,1304970,262705,20.13,0.47
249,2021-01-05,ABR,1615,604,1011,1610,0,5,ITF,ITF1,13,Abruzzo,Abruzzo,1304970,264320,20.25,0.12
250,2021-04-15,ABR,7820,3678,4142,5833,1840,147,ITF,ITF1,13,Abruzzo,Abruzzo,1304970,272140,20.85,0.6
251,2021-07-07,ABR,12013,5890,6123,4026,7749,238,ITF,ITF1,13,Abruzzo,Abruzzo,1304970,284153,21.77,0.92
252,2021-07-09,ABR,13604,6791,6813,2893,10577,134,ITF,ITF1,13,Abruzzo,Abruzzo,1304970,297757,22.82,1.04
253,2021-02-17,ABR,2071,948,1123,1780,282,9,ITF,ITF1,13,Abruzzo,Abruzzo,1304970,299828,22.98,0.16
254,2021-06-11,ABR,11776,5851,5925,8832,2761,183,ITF,ITF1,13,Abruzzo,Abruzzo,1304970,311604,23.88,0.9
255,2021-05-11,ABR,10761,5118,5643,5735,4851,175,ITF,ITF1,13,Abruzzo,Abruzzo,1304970,322365,24.7,0.82
256,2021-01-29,ABR,1388,449,939,73,1314,1,ITF,ITF1,13,Abruzzo,Abruzzo,1304970,323753,24.81,0.11
257,2021-05-27,ABR,13309,6094,7215,8313,4821,175,ITF,ITF1,13,Abruzzo,Abruzzo,1304970,337062,25.83,1.02
258,2021-03-19,ABR,5795,2584,3211,2732,3022,41,ITF,ITF1,13,Abruzzo,Abruzzo,1304970,342857,26.27,0.44
259,2021-07-21,ABR,11077,5718,5359,2429,8515,133,ITF,ITF1,13,Abruzzo,Abruzzo,1304970,353934,27.12,0.85
260,2021-02-03,ABR,2063,717,1346,411,1644,8,ITF,ITF1,13,Abruzzo,Abruzzo,1304970,355997,27.28,0.16
261,2021-02-28,ABR,1704,510,1194,1668,2,34,ITF,ITF1,13,Abruzzo,Abruzzo,1304970,357701,27.41,0.13
262,2021-01-02,ABR,552,220,332,551,0,1,ITF,ITF1,13,Abruzzo,Abruzzo,1304970,358253,27.45,0.04
263,2021-06-08,ABR,12866,6620,6246,10432,2195,239,ITF,ITF1,13,Abruzzo,Abruzzo,1304970,371119,28.44,0.99
264,2021-04-26,ABR,8564,4068,4496,7143,1213,208,ITF,ITF1,13,Abruzzo,Abruzzo,1304970,379683,29.1,0.66
265,2021-06-01,ABR,11005,4883,6122,6512,4373,120,ITF,ITF1,13,Abruzzo,Abruzzo,1304970,390688,29.94,0.84
266,2021-01-19,ABR,111,55,56,90,20,1,ITF,ITF1,13,Abruzzo,Abruzzo,1304970,390799,29.95,0.01
267,2021-02-07,ABR,779,308,471,200,578,1,ITF,ITF1,13,Abruzzo,Abruzzo,1304970,391578,30.01,0.06
268,2021-02-02,ABR,1763,668,1095,218,1541,4,ITF,ITF1,13,Abruzzo,Abruzzo,1304970,393341,30.14,0.14
269,2021-05-13,ABR,11148,5042,6106,6960,3960,228,ITF,ITF1,13,Abruzzo,Abruzzo,1304970,404489,31.0,0.85
270,2021-03-31,ABR,6716,2940,3776,4556,2069,91,ITF,ITF1,13,Abruzzo,Abruzzo,1304970,411205,31.51,0.51
271,2021-05-15,ABR,11427,5179,6248,5947,5304,176,ITF,ITF1,13,Abruzzo,Abruzzo,1304970,422632,32.39,0.88
272,2021-03-15,ABR,3683,1447,2236,1845,1807,31,ITF,ITF1,13,Abruzzo,Abruzzo,1304970,426315,32.67,0.28
273,2021-01-17,ABR,188,59,129,180,7,1,ITF,ITF1,13,Abruzzo,Abruzzo,1304970,426503,32.68,0.01
274,2021-06-23,ABR,11011,5282,5729,5581,5284,146,ITF,ITF1,13,Abruzzo,Abruzzo,1304970,437514,33.53,0.84
275,2021-04-17,ABR,7356,3401,3955,4215,3051,90,ITF,ITF1,13,Abruzzo,Abruzzo,1304970,444870,34.09,0.56
276,2021-02-19,ABR,3300,1551,1749,3161,100,39,ITF,ITF1,13,Abruzzo,Abruzzo,1304970,448170,34.34,0.25
277,2021-01-07,ABR,1605,553,1052,1598,0,7,ITF,ITF1,13,Abruzzo,Abruzzo,1304970,449775,34.47,0.12
278,2021-06-22,ABR,10411,4878,5533,5385,4848,178,ITF,ITF1,13,Abruzzo,Abruzzo,1304970,460186,35.26,0.8
279,2021-03-29,ABR,5707,2598,3109,3019,2639,49,ITF,ITF1,13,Abruzzo,Abruzzo,1304970,465893,35.7,0.44
280,2021-04-05,ABR,2692,1147,1545,1731,879,82,ITF,ITF1,13,Abruzzo,Abruzzo,1304970,468585,35.91,0.21
281,2021-01-12,ABR,1805,667,1138,1791,0,14,ITF,ITF1,13,Abruzzo,Abruzzo,1304970,470390,36.05,0.14
282,2021-05-25,ABR,11423,5327,6096,8087,3138,198,ITF,ITF1,13,Abruzzo,Abruzzo,1304970,481813,36.92,0.88
283,2021-04-19,ABR,6231,2861,3370,3787,2373,71,ITF,ITF1,13,Abruzzo,Abruzzo,1304970,488044,37.4,0.48
284,2021-02-21,ABR,1218,550,668,1193,1,24,ITF,ITF1,13,Abruzzo,Abruzzo,1304970,489262,37.49,0.09
285,2021-06-15,ABR,11314,5559,5755,8678,2427,209,ITF,ITF1,13,Abruzzo,Abruzzo,1304970,500576,38.36,0.87
286,2021-04-12,ABR,6239,2958,3281,4986,1174,79,ITF,ITF1,13,Abruzzo,Abruzzo,1304970,506815,38.84,0.48
287,2021-03-05,ABR,5348,1958,3390,4591,697,60,ITF,ITF1,13,Abruzzo,Abruzzo,1304970,512163,39.25,0.41
288,2021-06-27,ABR,8381,4309,4072,5023,3217,141,ITF,ITF1,13,Abruzzo,Abruzzo,1304970,520544,39.89,0.64
289,2021-04-07,ABR,7222,3333,3889,4314,2784,124,ITF,ITF1,13,Abruzzo,Abruzzo,1304970,527766,40.44,0.55
290,2021-07-16,ABR,16145,8235,7910,2472,13557,116,ITF,ITF1,13,Abruzzo,Abruzzo,1304970,543911,41.68,1.24
291,2021-05-08,ABR,10292,4870,5422,6339,3832,121,ITF,ITF1,13,Abruzzo,Abruzzo,1304970,554203,42.47,0.79
292,2021-04-24,ABR,8729,3975,4754,6944,1531,254,ITF,ITF1,13,Abruzzo,Abruzzo,1304970,562932,43.14,0.67
293,2021-01-14,ABR,530,189,341,528,0,2,ITF,ITF1,13,Abruzzo,Abruzzo,1304970,563462,43.18,0.04
294,2021-02-16,ABR,1916,841,1075,1891,12,13,ITF,ITF1,13,Abruzzo,Abruzzo,1304970,565378,43.32,0.15
295,2021-03-02,ABR,3967,1676,2291,3261,686,20,ITF,ITF1,13,Abruzzo,Abruzzo,1304970,569345,43.63,0.3
296,2021-06-10,ABR,12703,6317,6386,10305,2161,237,ITF,ITF1,13,Abruzzo,Abruzzo,1304970,582048,44.6,0.97
297,2021-07-11,ABR,9884,4972,4912,2368,7386,130,ITF,ITF1,13,Abruzzo,Abruzzo,1304970,591932,45.36,0.76
298,2021-03-10,ABR,5048,1682,3366,4027,957,64,ITF,ITF1,13,Abruzzo,Abruzzo,1304970,596980,45.75,0.39
299,2021-01-26,ABR,1543,568,975,29,1514,0,ITF,ITF1,13,Abruzzo,Abruzzo,1304970,598523,45.86,0.12
300,2021-05-06,ABR,12974,6073,6901,7794,5027,153,ITF,ITF1,13,Abruzzo,Abruzzo,1304970,611497,46.86,0.99
301,2021-01-31,ABR,1521,494,1027,288,1232,1,ITF,ITF1,13,Abruzzo,Abruzzo,1304970,613018,46.98,0.12
302,2021-05-10,ABR,10107,4782,5325,5373,4648,86,ITF,ITF1,13,Abruzzo,Abruzzo,1304970,623125,47.75,0.77
303,2021-04-23,ABR,7392,3394,3998,4924,2305,163,ITF,ITF1,13,Abruzzo,Abruzzo,1304970,630517,48.32,0.57
304,2021-01-30,ABR,1511,568,943,68,1442,1,ITF,ITF1,13,Abruzzo,Abruzzo,1304970,632028,48.43,0.12
305,2021-06-29,ABR,11414,5636,5778,5248,5980,186,ITF,ITF1,13,Abruzzo,Abruzzo,1304970,643442,49.31,0.87
306,2021-03-21,ABR,2133,913,1220,839,1290,4,ITF,ITF1,13,Abruzzo,Abruzzo,1304970,645575,49.47,0.16
307,2021-06-12,ABR,11408,5908,5500,9891,1338,179,ITF,ITF1,13,Abruzzo,Abruzzo,1304970,656983,50.34,0.87
308,2021-03-17,ABR,4539,1873,2666,2776,1740,23,ITF,ITF1,13,Abruzzo,Abruzzo,1304970,661522,50.69,0.35
309,2021-03-24,ABR,6383,2784,3599,3998,2250,135,ITF,ITF1,13,Abruzzo,Abruzzo,1304970,667905,51.18,0.49
310,2021-02-09,ABR,909,312,597,499,409,1,ITF,ITF1,13,Abruzzo,Abruzzo,1304970,668814,51.25,0.07
311,2021-07-04,ABR,8376,4216,4160,3335,4917,124,ITF,ITF1,13,Abruzzo,Abruzzo,1304970,677190,51.89,0.64
312,2021-02-26,ABR,3925,1680,2245,2930,969,26,ITF,ITF1,13,Abruzzo,Abruzzo,1304970,681115,52.19,0.3
313,2021-01-18,ABR,128,52,76,46,82,0,ITF,ITF1,13,Abruzzo,Abruzzo,1304970,681243,52.2,0.01
314,2021-06-24,ABR,10862,5409,5453,5724,4970,168,ITF,ITF1,13,Abruzzo,Abruzzo,1304970,692105,53.04,0.83
315,2021-04-28,ABR,9510,4586,4924,7315,2022,173,ITF,ITF1,13,Abruzzo,Abruzzo,1304970,701615,53.76,0.73
316,2021-05-12,ABR,9630,4601,5029,5875,3581,174,ITF,ITF1,13,Abruzzo,Abruzzo,1304970,711245,54.5,0.74
317,2021-03-16,ABR,3484,1452,2032,1802,1654,28,ITF,ITF1,13,Abruzzo,Abruzzo,1304970,714729,54.77,0.27
318,2021-05-05,ABR,11630,5569,6061,6269,5202,159,ITF,ITF1,13,Abruzzo,Abruzzo,1304970,726359,55.66,0.89
319,2021-03-09,ABR,5178,1805,3373,4157,938,83,ITF,ITF1,13,Abruzzo,Abruzzo,1304970,731537,56.06,0.4
320,2021-01-28,ABR,1433,495,938,12,1421,0,ITF,ITF1,13,Abruzzo,Abruzzo,1304970,732970,56.17,0.11
321,2021-01-11,ABR,1553,557,996,1549,0,4,ITF,ITF1,13,Abruzzo,Abruzzo,1304970,734523,56.29,0.12
322,2021-04-21,ABR,6389,3102,3287,4640,1672,77,ITF,ITF1,13,Abruzzo,Abruzzo,1304970,740912,56.78,0.49
323,2021-07-15,ABR,15942,8086,7856,3133,12634,175,ITF,ITF1,13,Abruzzo,Abruzzo,1304970,756854,58.0,1.22
324,2021-01-16,ABR,936,430,506,928,0,8,ITF,ITF1,13,Abruzzo,Abruzzo,1304970,757790,58.07,0.07
325,2021-03-07,ABR,2522,630,1892,2483,0,39,ITF,ITF1,13,Abruzzo,Abruzzo,1304970,760312,58.26,0.19
326,2021-01-09,ABR,1484,566,918,1472,0,12,ITF,ITF1,13,Abruzzo,Abruzzo,1304970,761796,58.38,0.11
327,2021-05-07,ABR,12200,5712,6488,7665,4413,122,ITF,ITF1,13,Abruzzo,Abruzzo,1304970,773996,59.31,0.93
328,2021-06-03,ABR,13185,6278,6907,9238,3776,171,ITF,ITF1,13,Abruzzo,Abruzzo,1304970,787181,60.32,1.01
329,2021-03-12,ABR,6017,1987,4030,4356,1583,78,ITF,ITF1,13,Abruzzo,Abruzzo,1304970,793198,60.78,0.46
330,2021-06-20,ABR,8443,4239,4204,5411,2930,102,ITF,ITF1,13,Abruzzo,Abruzzo,1304970,801641,61.43,0.65
331,2021-03-14,ABR,1884,731,1153,1201,667,16,ITF,ITF1,13,Abruzzo,Abruzzo,1304970,803525,61.57,0.14
332,2021-02-25,ABR,3053,1341,1712,2506,529,18,ITF,ITF1,13,Abruzzo,Abruzzo,1304970,806578,61.81,0.23
333,2021-06-05,ABR,14615,6862,7753,10370,4045,200,ITF,ITF1,13,Abruzzo,Abruzzo,1304970,821193,62.93,1.12
334,2021-04-09,ABR,8989,4258,4731,6248,2602,139,ITF,ITF1,13,Abruzzo,Abruzzo,1304970,830182,63.62,0.69
335,2021-07-18,ABR,12205,6310,5895,2005,10081,119,ITF,ITF1,13,Abruzzo,Abruzzo,1304970,842387,64.55,0.94
336,2021-04-02,ABR,6693,3103,3590,5116,1487,90,ITF,ITF1,13,Abruzzo,Abruzzo,1304970,849080,65.07,0.51
337,2021-02-04,ABR,1683,617,1066,599,1072,12,ITF,ITF1,13,Abruzzo,Abruzzo,1304970,850763,65.19,0.13
338,2021-07-20,ABR,12589,6390,6199,3226,9177,186,ITF,ITF1,13,Abruzzo,Abruzzo,1304970,863352,66.16,0.96
339,2021-01-13,ABR,1260,441,819,1252,0,8,ITF,ITF1,13,Abruzzo,Abruzzo,1304970,864612,66.26,0.1
340,2021-02-13,ABR,857,387,470,434,419,4,ITF,ITF1,13,Abruzzo,Abruzzo,1304970,865469,66.32,0.07
341,2021-07-17,ABR,14096,7386,6710,2662,11258,176,ITF,ITF1,13,Abruzzo,Abruzzo,1304970,879565,67.4,1.08
342,2021-03-04,ABR,5936,2360,3576,4974,922,40,ITF,ITF1,13,Abruzzo,Abruzzo,1304970,885501,67.86,0.45
343,2021-07-01,ABR,12766,6287,6479,5771,6771,224,ITF,ITF1,13,Abruzzo,Abruzzo,1304970,898267,68.83,0.98
344,2021-06-17,ABR,10920,5461,5459,7307,3453,160,ITF,ITF1,13,Abruzzo,Abruzzo,1304970,909187,69.67,0.84
345,2021-03-25,ABR,5794,2663,3131,3066,2617,111,ITF,ITF1,13,Abruzzo,Abruzzo,1304970,914981,70.12,0.44
346,2021-01-27,ABR,1365,515,850,38,1327,0,ITF,ITF1,13,Abruzzo,Abruzzo,1304970,916346,70.22,0.1
347,2021-07-03,ABR,10206,5151,5055,3500,6558,148,ITF,ITF1,13,Abruzzo,Abruzzo,1304970,926552,71.0,0.78
348,2021-05-21,ABR,13018,6329,6689,7863,4980,175,ITF,ITF1,13,Abruzzo,Abruzzo,1304970,939570,72.0,1.0
349,2021-03-18,ABR,3896,1651,2245,2039,1831,26,ITF,ITF1,13,Abruzzo,Abruzzo,1304970,943466,72.3,0.3
350,2021-06-26,ABR,10054,5022,5032,5697,4197,160,ITF,ITF1,13,Abruzzo,Abruzzo,1304970,953520,73.07,0.77
351,2021-02-11,ABR,816,262,554,771,43,2,ITF,ITF1,13,Abruzzo,Abruzzo,1304970,954336,73.13,0.06
352,2021-05-24,ABR,12221,5837,6384,8723,3339,159,ITF,ITF1,13,Abruzzo,Abruzzo,1304970,966557,74.07,0.94
353,2021-02-18,ABR,2288,933,1355,2140,130,18,ITF,ITF1,13,Abruzzo,Abruzzo,1304970,968845,74.24,0.18
354,2021-05-29,ABR,10318,4430,5888,4458,5771,89,ITF,ITF1,13,Abruzzo,Abruzzo,1304970,979163,75.03,0.79
355,2021-05-22,ABR,13154,6391,6763,8131,4911,112,ITF,ITF1,13,Abruzzo,Abruzzo,1304970,992317,76.04,1.01
356,2021-03-26,ABR,5355,2312,3043,3178,2075,102,ITF,ITF1,13,Abruzzo,Abruzzo,1304970,997672,76.45,0.41
357,2021-05-31,ABR,11335,5113,6222,6763,4444,128,ITF,ITF1,13,Abruzzo,Abruzzo,1304970,1009007,77.32,0.87
358,2021-04-20,ABR,5636,2713,2923,4109,1455,72,ITF,ITF1,13,Abruzzo,Abruzzo,1304970,1014643,77.75,0.43
359,2021-06-28,ABR,10058,4838,5220,5311,4579,168,ITF,ITF1,13,Abruzzo,Abruzzo,1304970,1024701,78.52,0.77
360,2021-04-06,ABR,7679,3578,4101,5234,2318,127,ITF,ITF1,13,Abruzzo,Abruzzo,1304970,1032380,79.11,0.59
361,2021-05-09,ABR,9156,4090,5066,4175,4870,111,ITF,ITF1,13,Abruzzo,Abruzzo,1304970,1041536,79.81,0.7
362,2021-04-04,ABR,1632,768,864,1460,129,43,ITF,ITF1,13,Abruzzo,Abruzzo,1304970,1043168,79.94,0.13
363,2021-07-13,ABR,15519,7749,7770,2826,12515,178,ITF,ITF1,13,Abruzzo,Abruzzo,1304970,1058687,81.13,1.19
364,2021-06-16,ABR,10883,5448,5435,7994,2676,213,ITF,ITF1,13,Abruzzo,Abruzzo,1304970,1069570,81.96,0.83
365,2021-05-17,ABR,11032,5036,5996,6022,4852,158,ITF,ITF1,13,Abruzzo,Abruzzo,1304970,1080602,82.81,0.85
366,2021-02-23,ABR,2780,1273,1507,2754,11,15,ITF,ITF1,13,Abruzzo,Abruzzo,1304970,1083382,83.02,0.21
367,2021-02-06,ABR,1610,743,867,595,1008,7,ITF,ITF1,13,Abruzzo,Abruzzo,1304970,1084992,83.14,0.12
368,2021-07-10,ABR,13130,6635,6495,3017,9950,163,ITF,ITF1,13,Abruzzo,Abruzzo,1304970,1098122,84.15,1.01
369,2021-05-14,ABR,10593,5069,5524,5284,5148,161,ITF,ITF1,13,Abruzzo,Abruzzo,1304970,1108715,84.96,0.81
370,2021-04-01,ABR,5592,2505,3087,3431,2087,74,ITF,ITF1,13,Abruzzo,Abruzzo,1304970,1114307,85.39,0.43
371,2021-02-01,ABR,1631,573,1058,270,1360,1,ITF,ITF1,13,Abruzzo,Abruzzo,1304970,1115938,85.51,0.12
372,2021-03-23,ABR,4833,2189,2644,2213,2567,53,ITF,ITF1,13,Abruzzo,Abruzzo,1304970,1120771,85.88,0.37
373,2021-01-25,ABR,1605,633,972,15,1588,2,ITF,ITF1,13,Abruzzo,Abruzzo,1304970,1122376,86.01,0.12
374,2021-04-25,ABR,9067,4622,4445,8059,809,199,ITF,ITF1,13,Abruzzo,Abruzzo,1304970,1131443,86.7,0.69
375,2021-01-08,ABR,1527,507,1020,1518,0,9,ITF,ITF1,13,Abruzzo,Abruzzo,1304970,1132970,86.82,0.12
376,2021-02-15,ABR,1795,832,963,1736,42,17,ITF,ITF1,13,Abruzzo,Abruzzo,1304970,1134765,86.96,0.14
377,2021-05-26,ABR,13543,6040,7503,8390,4992,161,ITF,ITF1,13,Abruzzo,Abruzzo,1304970,1148308,87.99,1.04
378,2021-06-14,ABR,10977,5431,5546,7428,3377,172,ITF,ITF1,13,Abruzzo,Abruzzo,1304970,1159285,88.84,0.84
379,2021-05-28,ABR,14014,6307,7707,7489,6356,169,ITF,ITF1,13,Abruzzo,Abruzzo,1304970,1173299,89.91,1.07
380,2021-02-27,ABR,2813,1339,1474,2513,267,33,ITF,ITF1,13,Abruzzo,Abruzzo,1304970,1176112,90.13,0.22
381,2021-06-07,ABR,11098,5289,5809,9071,1842,185,ITF,ITF1,13,Abruzzo,Abruzzo,1304970,1187210,90.98,0.85
382,2021-04-11,ABR,5380,2628,2752,4842,487,51,ITF,ITF1,13,Abruzzo,Abruzzo,1304970,1192590,91.39,0.41
383,2021-06-09,ABR,11570,6092,5478,9705,1684,181,ITF,ITF1,13,Abruzzo,Abruzzo,1304970,1204160,92.27,0.89
384,2021-02-08,ABR,1196,395,801,487,709,0,ITF,ITF1,13,Abruzzo,Abruzzo,1304970,1205356,92.37,0.09
385,2021-05-19,ABR,10731,5124,5607,7571,3037,123,ITF,ITF1,13,Abruzzo,Abruzzo,1304970,1216087,93.19,0.82
386,2021-04-30,ABR,12504,5867,6637,6517,5722,265,ITF,ITF1,13,Abruzzo,Abruzzo,1304970,1228591,94.15,0.96
387,2021-04-13,ABR,5893,2754,3139,4561,1237,95,ITF,ITF1,13,Abruzzo,Abruzzo,1304970,1234484,94.6,0.45
388,2021-01-20,ABR,447,156,291,425,2,20,ITF,ITF1,13,Abruzzo,Abruzzo,1304970,1234931,94.63,0.03
389,2021-07-05,ABR,10889,5345,5544,4047,6655,187,ITF,ITF1,13,Abruzzo,Abruzzo,1304970,1245820,95.47,0.83
390,2021-04-18,ABR,5813,2727,3086,4725,943,145,ITF,ITF1,13,Abruzzo,Abruzzo,1304970,1251633,95.91,0.45
391,2021-02-20,ABR,4777,1843,2934,4659,76,42,ITF,ITF1,13,Abruzzo,Abruzzo,1304970,1256410,96.28,0.37
392,2021-03-06,ABR,4179,1359,2820,3569,570,40,ITF,ITF1,13,Abruzzo,Abruzzo,1304970,1260589,96.6,0.32
393,2021-07-22,ABR,14485,7414,7071,3518,10759,208,ITF,ITF1,13,Abruzzo,Abruzzo,1304970,1275074,97.71,1.11
394,2021-07-24,ABR,12551,6764,5787,3730,8588,233,ITF,ITF1,13,Abruzzo,Abruzzo,1304970,1287625,98.67,0.96
395,2021-05-02,ABR,10460,5112,5348,5090,5228,142,ITF,ITF1,13,Abruzzo,Abruzzo,1304970,1298085,99.47,0.8
396,2021-07-23,ABR,12533,6439,6094,2857,9518,158,ITF,ITF1,13,Abruzzo,Abruzzo,1304970,1310618,100.43,0.96
397,2021-01-21,ABR,157,47,110,157,0,0,ITF,ITF1,13,Abruzzo,Abruzzo,1304970,1310775,100.44,0.01
398,2021-05-01,ABR,10736,5042,5694,5629,4975,132,ITF,ITF1,13,Abruzzo,Abruzzo,1304970,1321511,101.27,0.82
399,2021-05-20,ABR,12805,5927,6878,7415,5264,126,ITF,ITF1,13,Abruzzo,Abruzzo,1304970,1334316,102.25,0.98
400,2021-06-19,ABR,10559,5203,5356,6490,3897,172,ITF,ITF1,13,Abruzzo,Abruzzo,1304970,1344875,103.06,0.81
401,2021-03-28,ABR,2421,1018,1403,1994,377,50,ITF,ITF1,13,Abruzzo,Abruzzo,1304970,1347296,103.24,0.19
402,2021-07-06,ABR,9911,4942,4969,4096,5650,165,ITF,ITF1,13,Abruzzo,Abruzzo,1304970,1357207,104.0,0.76
403,2021-04-14,ABR,6594,2950,3644,4341,2121,132,ITF,ITF1,13,Abruzzo,Abruzzo,1304970,1363801,104.51,0.51
404,2021-01-04,ABR,1403,576,827,1397,0,6,ITF,ITF1,13,Abruzzo,Abruzzo,1304970,1365204,104.62,0.11
405,2021-01-23,ABR,264,115,149,51,207,6,ITF,ITF1,13,Abruzzo,Abruzzo,1304970,1365468,104.64,0.02
406,2021-05-03,ABR,11147,5257,5890,7134,3834,179,ITF,ITF1,13,Abruzzo,Abruzzo,1304970,1376615,105.49,0.85
407,2021-07-25,ABR,3943,2060,1883,914,2961,68,ITF,ITF1,13,Abruzzo,Abruzzo,1304970,1380558,105.79,0.3
408,2021-07-08,ABR,13494,6680,6814,3419,9912,163,ITF,ITF1,13,Abruzzo,Abruzzo,1304970,1394052,106.83,1.03
409,2021-04-16,ABR,7538,3488,4050,5498,1916,124,ITF,ITF1,13,Abruzzo,Abruzzo,1304970,1401590,107.4,0.58
410,2021-03-11,ABR,5494,2219,3275,4272,1138,84,ITF,ITF1,13,Abruzzo,Abruzzo,1304970,1407084,107.83,0.42
411,2021-06-02,ABR,9763,4744,5019,6836,2810,117,ITF,ITF1,13,Abruzzo,Abruzzo,1304970,1416847,108.57,0.75
412,2021-03-13,ABR,4126,1421,2705,3015,1043,68,ITF,ITF1,13,Abruzzo,Abruzzo,1304970,1420973,108.89,0.32
413,2021-06-21,ABR,11057,5390,5667,4939,5988,130,ITF,ITF1,13,Abruzzo,Abruzzo,1304970,1432030,109.74,0.85
414,2021-03-30,ABR,5128,2261,2867,3148,1822,158,ITF,ITF1,13,Abruzzo,Abruzzo,1304970,1437158,110.13,0.39
415,2021-01-06,ABR,1833,664,1169,1823,0,10,ITF,ITF1,13,Abruzzo,Abruzzo,1304970,1438991,110.27,0.14
416,2021-03-09,SAR,5529,2738,2791,4744,728,57,ITG,ITG2,20,Sardegna,Sardegna,1639591,5529,0.34,0.34
417,2021-05-05,SAR,10176,4649,5527,7953,2027,196,ITG,ITG2,20,Sardegna,Sardegna,1639591,15705,0.96,0.62
418,2021-05-19,SAR,17027,8667,8360,12632,4239,156,ITG,ITG2,20,Sardegna,Sardegna,1639591,32732,2.0,1.04
419,2021-06-05,SAR,17881,8438,9443,11286,6461,134,ITG,ITG2,20,Sardegna,Sardegna,1639591,50613,3.09,1.09
420,2021-02-25,SAR,2897,1255,1642,2262,604,31,ITG,ITG2,20,Sardegna,Sardegna,1639591,53510,3.26,0.18
421,2021-03-14,SAR,605,377,228,596,0,9,ITG,ITG2,20,Sardegna,Sardegna,1639591,54115,3.3,0.04
422,2021-04-23,SAR,12868,5747,7121,7243,5486,139,ITG,ITG2,20,Sardegna,Sardegna,1639591,66983,4.09,0.78
423,2021-05-10,SAR,9741,4342,5399,7034,2538,169,ITG,ITG2,20,Sardegna,Sardegna,1639591,76724,4.68,0.59
424,2021-01-30,SAR,3866,1393,2473,363,3503,0,ITG,ITG2,20,Sardegna,Sardegna,1639591,80590,4.92,0.24
425,2021-01-16,SAR,1491,525,966,1491,0,0,ITG,ITG2,20,Sardegna,Sardegna,1639591,82081,5.01,0.09
426,2021-07-01,SAR,19832,9763,10069,7257,12483,92,ITG,ITG2,20,Sardegna,Sardegna,1639591,101913,6.22,1.21
427,2021-03-23,SAR,6413,2883,3530,5179,1080,154,ITG,ITG2,20,Sardegna,Sardegna,1639591,108326,6.61,0.39
428,2021-07-15,SAR,18777,9237,9540,4647,14031,99,ITG,ITG2,20,Sardegna,Sardegna,1639591,127103,7.75,1.15
429,2021-05-12,SAR,11137,5261,5876,7793,3138,206,ITG,ITG2,20,Sardegna,Sardegna,1639591,138240,8.43,0.68
430,2021-06-19,SAR,15343,7516,7827,9122,6122,99,ITG,ITG2,20,Sardegna,Sardegna,1639591,153583,9.37,0.94
431,2021-07-06,SAR,15920,7718,8202,4664,11160,96,ITG,ITG2,20,Sardegna,Sardegna,1639591,169503,10.34,0.97
432,2021-03-28,SAR,4532,1792,2740,4391,78,63,ITG,ITG2,20,Sardegna,Sardegna,1639591,174035,10.61,0.28
433,2021-01-04,SAR,587,215,372,587,0,0,ITG,ITG2,20,Sardegna,Sardegna,1639591,174622,10.65,0.04
434,2021-04-09,SAR,12306,5470,6836,7829,4357,120,ITG,ITG2,20,Sardegna,Sardegna,1639591,186928,11.4,0.75
435,2021-07-20,SAR,16145,7929,8216,3651,12404,90,ITG,ITG2,20,Sardegna,Sardegna,1639591,203073,12.39,0.98
436,2021-04-11,SAR,5398,2444,2954,4251,1121,26,ITG,ITG2,20,Sardegna,Sardegna,1639591,208471,12.71,0.33
437,2021-06-07,SAR,12563,6144,6419,9437,3004,122,ITG,ITG2,20,Sardegna,Sardegna,1639591,221034,13.48,0.77
438,2021-02-04,SAR,2270,815,1455,910,1357,3,ITG,ITG2,20,Sardegna,Sardegna,1639591,223304,13.62,0.14
439,2021-04-02,SAR,8984,3548,5436,5590,3243,151,ITG,ITG2,20,Sardegna,Sardegna,1639591,232288,14.17,0.55
440,2021-02-11,SAR,1311,488,823,1200,111,0,ITG,ITG2,20,Sardegna,Sardegna,1639591,233599,14.25,0.08
441,2021-05-24,SAR,14471,7256,7215,8354,5985,132,ITG,ITG2,20,Sardegna,Sardegna,1639591,248070,15.13,0.88
442,2021-02-13,SAR,1446,562,884,1440,2,4,ITG,ITG2,20,Sardegna,Sardegna,1639591,249516,15.22,0.09
443,2021-05-29,SAR,17994,8648,9346,13235,4592,167,ITG,ITG2,20,Sardegna,Sardegna,1639591,267510,16.32,1.1
444,2021-02-18,SAR,1876,731,1145,1775,64,37,ITG,ITG2,20,Sardegna,Sardegna,1639591,269386,16.43,0.11
445,2021-03-02,SAR,3034,1629,1405,1815,1153,66,ITG,ITG2,20,Sardegna,Sardegna,1639591,272420,16.62,0.19
446,2021-04-28,SAR,9016,4278,4738,5167,3702,147,ITG,ITG2,20,Sardegna,Sardegna,1639591,281436,17.17,0.55
447,2021-01-18,SAR,903,324,579,779,124,0,ITG,ITG2,20,Sardegna,Sardegna,1639591,282339,17.22,0.06
448,2021-06-24,SAR,19194,9212,9982,8115,10978,101,ITG,ITG2,20,Sardegna,Sardegna,1639591,301533,18.39,1.17
449,2021-03-16,SAR,4397,1954,2443,3434,923,40,ITG,ITG2,20,Sardegna,Sardegna,1639591,305930,18.66,0.27
450,2021-04-21,SAR,12070,5552,6518,6439,5533,98,ITG,ITG2,20,Sardegna,Sardegna,1639591,318000,19.4,0.74
451,2021-01-11,SAR,1182,504,678,1181,0,1,ITG,ITG2,20,Sardegna,Sardegna,1639591,319182,19.47,0.07
452,2021-04-30,SAR,11135,5301,5834,6756,4206,173,ITG,ITG2,20,Sardegna,Sardegna,1639591,330317,20.15,0.68
453,2021-05-17,SAR,12819,6261,6558,9127,3545,147,ITG,ITG2,20,Sardegna,Sardegna,1639591,343136,20.93,0.78
454,2021-02-06,SAR,1972,699,1273,564,1405,3,ITG,ITG2,20,Sardegna,Sardegna,1639591,345108,21.05,0.12
455,2021-02-23,SAR,1565,1043,522,1270,280,15,ITG,ITG2,20,Sardegna,Sardegna,1639591,346673,21.14,0.1
456,2021-07-24,SAR,12385,6383,6002,1996,10362,27,ITG,ITG2,20,Sardegna,Sardegna,1639591,359058,21.9,0.76
457,2021-05-02,SAR,5883,2670,3213,5215,577,91,ITG,ITG2,20,Sardegna,Sardegna,1639591,364941,22.26,0.36
458,2021-06-12,SAR,14759,7197,7562,9941,4702,116,ITG,ITG2,20,Sardegna,Sardegna,1639591,379700,23.16,0.9
459,2021-03-04,SAR,4363,2293,2070,3054,1255,54,ITG,ITG2,20,Sardegna,Sardegna,1639591,384063,23.42,0.27
460,2021-03-21,SAR,4030,1809,2221,2571,1440,19,ITG,ITG2,20,Sardegna,Sardegna,1639591,388093,23.67,0.25
461,2020-12-28,SAR,65,25,40,65,0,0,ITG,ITG2,20,Sardegna,Sardegna,1639591,388158,23.67,0.0
462,2021-06-14,SAR,13747,6640,7107,9994,3611,142,ITG,ITG2,20,Sardegna,Sardegna,1639591,401905,24.51,0.84
463,2021-03-06,SAR,2635,1078,1557,781,1781,73,ITG,ITG2,20,Sardegna,Sardegna,1639591,404540,24.67,0.16
464,2021-06-28,SAR,14991,7041,7950,3051,11875,65,ITG,ITG2,20,Sardegna,Sardegna,1639591,419531,25.59,0.91
465,2021-04-06,SAR,7457,3122,4335,4971,2428,58,ITG,ITG2,20,Sardegna,Sardegna,1639591,426988,26.04,0.45
466,2020-12-27,SAR,65,34,31,65,0,0,ITG,ITG2,20,Sardegna,Sardegna,1639591,427053,26.05,0.0
467,2021-06-26,SAR,19130,9004,10126,5443,13612,75,ITG,ITG2,20,Sardegna,Sardegna,1639591,446183,27.21,1.17
468,2021-05-07,SAR,14472,6636,7836,9719,4524,229,ITG,ITG2,20,Sardegna,Sardegna,1639591,460655,28.1,0.88
469,2021-01-27,SAR,1414,498,916,78,1336,0,ITG,ITG2,20,Sardegna,Sardegna,1639591,462069,28.18,0.09
470,2021-07-03,SAR,15839,7562,8277,3236,12572,31,ITG,ITG2,20,Sardegna,Sardegna,1639591,477908,29.15,0.97
471,2021-07-08,SAR,18439,8967,9472,3834,14522,83,ITG,ITG2,20,Sardegna,Sardegna,1639591,496347,30.27,1.12
472,2021-07-25,SAR,2392,1153,1239,355,2032,5,ITG,ITG2,20,Sardegna,Sardegna,1639591,498739,30.42,0.15
473,2021-04-16,SAR,14443,6487,7956,8940,5340,163,ITG,ITG2,20,Sardegna,Sardegna,1639591,513182,31.3,0.88
474,2021-01-23,SAR,60,22,38,0,60,0,ITG,ITG2,20,Sardegna,Sardegna,1639591,513242,31.3,0.0
475,2021-02-22,SAR,1638,948,690,1384,228,26,ITG,ITG2,20,Sardegna,Sardegna,1639591,514880,31.4,0.1
476,2021-07-13,SAR,17806,8524,9282,3253,14476,77,ITG,ITG2,20,Sardegna,Sardegna,1639591,532686,32.49,1.09
477,2021-04-04,SAR,2,1,1,0,2,0,ITG,ITG2,20,Sardegna,Sardegna,1639591,532688,32.49,0.0
478,2021-05-31,SAR,11366,5409,5957,8157,3110,99,ITG,ITG2,20,Sardegna,Sardegna,1639591,544054,33.18,0.69
479,2021-04-18,SAR,5131,2225,2906,2230,2873,28,ITG,ITG2,20,Sardegna,Sardegna,1639591,549185,33.5,0.31
480,2021-01-08,SAR,3257,1184,2073,3255,0,2,ITG,ITG2,20,Sardegna,Sardegna,1639591,552442,33.69,0.2
481,2021-06-17,SAR,18542,8570,9972,9927,8493,122,ITG,ITG2,20,Sardegna,Sardegna,1639591,570984,34.82,1.13
482,2021-01-25,SAR,591,214,377,22,569,0,ITG,ITG2,20,Sardegna,Sardegna,1639591,571575,34.86,0.04
483,2021-05-16,SAR,8221,3831,4390,5985,2160,76,ITG,ITG2,20,Sardegna,Sardegna,1639591,579796,35.36,0.5
484,2021-07-12,SAR,15334,7413,7921,2403,12876,55,ITG,ITG2,20,Sardegna,Sardegna,1639591,595130,36.3,0.94
485,2021-07-05,SAR,15582,7572,8010,3327,12206,49,ITG,ITG2,20,Sardegna,Sardegna,1639591,610712,37.25,0.95
486,2021-02-08,SAR,1467,532,935,852,614,1,ITG,ITG2,20,Sardegna,Sardegna,1639591,612179,37.34,0.09
487,2021-01-13,SAR,574,178,396,574,0,0,ITG,ITG2,20,Sardegna,Sardegna,1639591,612753,37.37,0.04
488,2021-07-17,SAR,12871,6301,6570,3179,9625,67,ITG,ITG2,20,Sardegna,Sardegna,1639591,625624,38.16,0.79
489,2021-03-25,SAR,9107,3970,5137,7688,1303,116,ITG,ITG2,20,Sardegna,Sardegna,1639591,634731,38.71,0.56
490,2021-05-21,SAR,22643,11206,11437,16263,6100,280,ITG,ITG2,20,Sardegna,Sardegna,1639591,657374,40.09,1.38
491,2021-03-18,SAR,7255,3073,4182,5575,1607,73,ITG,ITG2,20,Sardegna,Sardegna,1639591,664629,40.54,0.44
492,2021-05-14,SAR,14569,6866,7703,10765,3642,162,ITG,ITG2,20,Sardegna,Sardegna,1639591,679198,41.42,0.89
493,2021-02-03,SAR,1119,419,700,424,694,1,ITG,ITG2,20,Sardegna,Sardegna,1639591,680317,41.49,0.07
494,2021-07-10,SAR,14231,6885,7346,2704,11494,33,ITG,ITG2,20,Sardegna,Sardegna,1639591,694548,42.36,0.87
495,2021-04-25,SAR,4497,2269,2228,3673,778,46,ITG,ITG2,20,Sardegna,Sardegna,1639591,699045,42.64,0.27
496,2021-01-15,SAR,1559,572,987,1557,0,2,ITG,ITG2,20,Sardegna,Sardegna,1639591,700604,42.73,0.1
497,2021-02-01,SAR,1523,605,918,224,1299,0,ITG,ITG2,20,Sardegna,Sardegna,1639591,702127,42.82,0.09
498,2021-05-09,SAR,6127,2873,3254,5114,926,87,ITG,ITG2,20,Sardegna,Sardegna,1639591,708254,43.2,0.37
499,2021-05-26,SAR,15533,8188,7345,9702,5647,184,ITG,ITG2,20,Sardegna,Sardegna,1639591,723787,44.14,0.95
500,2021-02-15,SAR,955,347,608,918,31,6,ITG,ITG2,20,Sardegna,Sardegna,1639591,724742,44.2,0.06
501,2021-03-20,SAR,5194,2075,3119,2891,2277,26,ITG,ITG2,20,Sardegna,Sardegna,1639591,729936,44.52,0.32
502,2021-06-13,SAR,9498,4674,4824,6158,3260,80,ITG,ITG2,20,Sardegna,Sardegna,1639591,739434,45.1,0.58
503,2021-06-16,SAR,17635,8278,9357,12168,5306,161,ITG,ITG2,20,Sardegna,Sardegna,1639591,757069,46.17,1.08
504,2021-01-01,SAR,32,17,15,32,0,0,ITG,ITG2,20,Sardegna,Sardegna,1639591,757101,46.18,0.0
505,2021-02-27,SAR,1915,642,1273,1318,556,41,ITG,ITG2,20,Sardegna,Sardegna,1639591,759016,46.29,0.12
506,2021-07-22,SAR,18345,9272,9073,4501,13735,109,ITG,ITG2,20,Sardegna,Sardegna,1639591,777361,47.41,1.12
507,2021-04-13,SAR,7617,3597,4020,5734,1825,58,ITG,ITG2,20,Sardegna,Sardegna,1639591,784978,47.88,0.46
508,2021-06-09,SAR,15463,7367,8096,11575,3739,149,ITG,ITG2,20,Sardegna,Sardegna,1639591,800441,48.82,0.94
509,2021-05-28,SAR,17953,8698,9255,13489,4276,188,ITG,ITG2,20,Sardegna,Sardegna,1639591,818394,49.91,1.09
510,2021-02-17,SAR,1404,577,827,1273,74,57,ITG,ITG2,20,Sardegna,Sardegna,1639591,819798,50.0,0.09
511,2021-05-25,SAR,15140,7703,7437,8489,6476,175,ITG,ITG2,20,Sardegna,Sardegna,1639591,834938,50.92,0.92
512,2021-06-11,SAR,14783,7025,7758,9094,5537,152,ITG,ITG2,20,Sardegna,Sardegna,1639591,849721,51.83,0.9
513,2021-03-03,SAR,4112,2277,1835,2739,1297,76,ITG,ITG2,20,Sardegna,Sardegna,1639591,853833,52.08,0.25
514,2021-06-30,SAR,17779,8516,9263,4814,12884,81,ITG,ITG2,20,Sardegna,Sardegna,1639591,871612,53.16,1.08
515,2021-03-22,SAR,3687,1492,2195,3099,513,75,ITG,ITG2,20,Sardegna,Sardegna,1639591,875299,53.39,0.22
516,2021-04-08,SAR,13437,5936,7501,8209,5119,109,ITG,ITG2,20,Sardegna,Sardegna,1639591,888736,54.2,0.82
517,2021-07-14,SAR,16911,8193,8718,3776,13024,111,ITG,ITG2,20,Sardegna,Sardegna,1639591,905647,55.24,1.03
518,2020-12-29,SAR,57,32,25,57,0,0,ITG,ITG2,20,Sardegna,Sardegna,1639591,905704,55.24,0.0
519,2021-04-22,SAR,10505,4662,5843,5502,4919,84,ITG,ITG2,20,Sardegna,Sardegna,1639591,916209,55.88,0.64
520,2021-01-12,SAR,865,408,457,865,0,0,ITG,ITG2,20,Sardegna,Sardegna,1639591,917074,55.93,0.05
521,2021-06-02,SAR,9785,4691,5094,8059,1640,86,ITG,ITG2,20,Sardegna,Sardegna,1639591,926859,56.53,0.6
522,2021-04-20,SAR,10991,4988,6003,7693,3207,91,ITG,ITG2,20,Sardegna,Sardegna,1639591,937850,57.2,0.67
523,2021-02-05,SAR,1899,750,1149,431,1466,2,ITG,ITG2,20,Sardegna,Sardegna,1639591,939749,57.32,0.12
524,2021-04-03,SAR,4674,1809,2865,2641,1970,63,ITG,ITG2,20,Sardegna,Sardegna,1639591,944423,57.6,0.29
525,2021-05-30,SAR,9727,4836,4891,7300,2357,70,ITG,ITG2,20,Sardegna,Sardegna,1639591,954150,58.19,0.59
526,2021-02-19,SAR,1497,470,1027,1398,56,43,ITG,ITG2,20,Sardegna,Sardegna,1639591,955647,58.29,0.09
527,2021-03-27,SAR,5733,2192,3541,5224,422,87,ITG,ITG2,20,Sardegna,Sardegna,1639591,961380,58.64,0.35
528,2021-05-23,SAR,9967,4808,5159,7624,2246,97,ITG,ITG2,20,Sardegna,Sardegna,1639591,971347,59.24,0.61
529,2021-02-12,SAR,2236,933,1303,2172,59,5,ITG,ITG2,20,Sardegna,Sardegna,1639591,973583,59.38,0.14
530,2021-07-19,SAR,14730,7394,7336,2705,11975,50,ITG,ITG2,20,Sardegna,Sardegna,1639591,988313,60.28,0.9
531,2021-04-10,SAR,10494,4748,5746,8455,1939,100,ITG,ITG2,20,Sardegna,Sardegna,1639591,998807,60.92,0.64
532,2021-01-29,SAR,2958,1072,1886,45,2911,2,ITG,ITG2,20,Sardegna,Sardegna,1639591,1001765,61.1,0.18
533,2021-01-28,SAR,2974,1045,1929,69,2905,0,ITG,ITG2,20,Sardegna,Sardegna,1639591,1004739,61.28,0.18
534,2021-04-01,SAR,10153,4067,6086,7005,3012,136,ITG,ITG2,20,Sardegna,Sardegna,1639591,1014892,61.9,0.62
535,2021-07-21,SAR,19394,9498,9896,3913,15397,84,ITG,ITG2,20,Sardegna,Sardegna,1639591,1034286,63.08,1.18
536,2021-02-10,SAR,1958,765,1193,1434,518,6,ITG,ITG2,20,Sardegna,Sardegna,1639591,1036244,63.2,0.12
537,2021-04-12,SAR,6993,3180,3813,5216,1713,64,ITG,ITG2,20,Sardegna,Sardegna,1639591,1043237,63.63,0.43
538,2021-01-02,SAR,60,21,39,60,0,0,ITG,ITG2,20,Sardegna,Sardegna,1639591,1043297,63.63,0.0
539,2021-06-08,SAR,14830,7070,7760,11172,3505,153,ITG,ITG2,20,Sardegna,Sardegna,1639591,1058127,64.54,0.9
540,2021-02-28,SAR,367,169,198,139,226,2,ITG,ITG2,20,Sardegna,Sardegna,1639591,1058494,64.56,0.02
541,2021-04-26,SAR,6856,3274,3582,5865,903,88,ITG,ITG2,20,Sardegna,Sardegna,1639591,1065350,64.98,0.42
542,2021-01-20,SAR,210,77,133,208,2,0,ITG,ITG2,20,Sardegna,Sardegna,1639591,1065560,64.99,0.01
543,2021-03-29,SAR,4736,1845,2891,4071,588,77,ITG,ITG2,20,Sardegna,Sardegna,1639591,1070296,65.28,0.29
544,2021-04-15,SAR,11844,5537,6307,6778,4955,111,ITG,ITG2,20,Sardegna,Sardegna,1639591,1082140,66.0,0.72
545,2021-01-05,SAR,1321,443,878,1321,0,0,ITG,ITG2,20,Sardegna,Sardegna,1639591,1083461,66.08,0.08
546,2021-01-22,SAR,83,47,36,55,28,0,ITG,ITG2,20,Sardegna,Sardegna,1639591,1083544,66.09,0.01
547,2021-04-17,SAR,10077,4499,5578,5403,4596,78,ITG,ITG2,20,Sardegna,Sardegna,1639591,1093621,66.7,0.61
548,2021-03-08,SAR,4686,2433,2253,3421,1222,43,ITG,ITG2,20,Sardegna,Sardegna,1639591,1098307,66.99,0.29
549,2021-05-04,SAR,9540,4386,5154,7541,1853,146,ITG,ITG2,20,Sardegna,Sardegna,1639591,1107847,67.57,0.58
550,2021-05-11,SAR,8918,4146,4772,6398,2393,127,ITG,ITG2,20,Sardegna,Sardegna,1639591,1116765,68.11,0.54
551,2021-01-31,SAR,2117,749,1368,45,2072,0,ITG,ITG2,20,Sardegna,Sardegna,1639591,1118882,68.24,0.13
552,2021-02-14,SAR,538,263,275,536,2,0,ITG,ITG2,20,Sardegna,Sardegna,1639591,1119420,68.27,0.03
553,2021-07-18,SAR,5691,2873,2818,981,4700,10,ITG,ITG2,20,Sardegna,Sardegna,1639591,1125111,68.62,0.35
554,2021-04-05,SAR,2035,783,1252,2003,1,31,ITG,ITG2,20,Sardegna,Sardegna,1639591,1127146,68.75,0.12
555,2021-01-07,SAR,3103,1072,2031,3099,0,4,ITG,ITG2,20,Sardegna,Sardegna,1639591,1130249,68.93,0.19
556,2021-06-10,SAR,17809,8477,9332,11643,6040,126,ITG,ITG2,20,Sardegna,Sardegna,1639591,1148058,70.02,1.09
557,2021-06-01,SAR,14319,6654,7665,9636,4589,94,ITG,ITG2,20,Sardegna,Sardegna,1639591,1162377,70.89,0.87
558,2021-02-21,SAR,1588,709,879,1557,30,1,ITG,ITG2,20,Sardegna,Sardegna,1639591,1163965,70.99,0.1
559,2021-04-19,SAR,10185,4622,5563,8626,1427,132,ITG,ITG2,20,Sardegna,Sardegna,1639591,1174150,71.61,0.62
560,2021-01-09,SAR,4013,1414,2599,4013,0,0,ITG,ITG2,20,Sardegna,Sardegna,1639591,1178163,71.86,0.24
561,2021-06-15,SAR,14695,6809,7886,9821,4740,134,ITG,ITG2,20,Sardegna,Sardegna,1639591,1192858,72.75,0.9
562,2021-03-07,SAR,1658,751,907,1113,541,4,ITG,ITG2,20,Sardegna,Sardegna,1639591,1194516,72.85,0.1
563,2021-02-20,SAR,2040,854,1186,1683,334,23,ITG,ITG2,20,Sardegna,Sardegna,1639591,1196556,72.98,0.12
564,2021-04-29,SAR,11121,5105,6016,6618,4352,151,ITG,ITG2,20,Sardegna,Sardegna,1639591,1207677,73.66,0.68
565,2021-06-25,SAR,16497,7804,8693,3895,12545,57,ITG,ITG2,20,Sardegna,Sardegna,1639591,1224174,74.66,1.01
566,2021-01-10,SAR,2176,748,1428,2176,0,0,ITG,ITG2,20,Sardegna,Sardegna,1639591,1226350,74.8,0.13
567,2021-07-02,SAR,18927,8886,10041,4407,14424,96,ITG,ITG2,20,Sardegna,Sardegna,1639591,1245277,75.95,1.15
568,2021-04-27,SAR,7617,3554,4063,5476,2042,99,ITG,ITG2,20,Sardegna,Sardegna,1639591,1252894,76.42,0.46
569,2021-01-17,SAR,859,277,582,858,1,0,ITG,ITG2,20,Sardegna,Sardegna,1639591,1253753,76.47,0.05
570,2021-03-15,SAR,2797,1317,1480,2383,374,40,ITG,ITG2,20,Sardegna,Sardegna,1639591,1256550,76.64,0.17
571,2021-07-04,SAR,8206,3988,4218,2068,6123,15,ITG,ITG2,20,Sardegna,Sardegna,1639591,1264756,77.14,0.5
572,2021-03-26,SAR,8458,3513,4945,6811,1527,120,ITG,ITG2,20,Sardegna,Sardegna,1639591,1273214,77.65,0.52
573,2021-05-22,SAR,24844,11955,12889,19401,5138,305,ITG,ITG2,20,Sardegna,Sardegna,1639591,1298058,79.17,1.52
574,2021-05-27,SAR,17822,9260,8562,12080,5534,208,ITG,ITG2,20,Sardegna,Sardegna,1639591,1315880,80.26,1.09
575,2021-02-16,SAR,699,289,410,663,27,9,ITG,ITG2,20,Sardegna,Sardegna,1639591,1316579,80.3,0.04
576,2021-03-05,SAR,5203,2602,2601,2814,2354,35,ITG,ITG2,20,Sardegna,Sardegna,1639591,1321782,80.62,0.32
577,2021-03-19,SAR,7260,3045,4215,4991,2216,53,ITG,ITG2,20,Sardegna,Sardegna,1639591,1329042,81.06,0.44
578,2021-01-24,SAR,90,34,56,5,85,0,ITG,ITG2,20,Sardegna,Sardegna,1639591,1329132,81.06,0.01
579,2021-06-18,SAR,16486,7506,8980,8605,7766,115,ITG,ITG2,20,Sardegna,Sardegna,1639591,1345618,82.07,1.01
580,2021-03-10,SAR,6052,2955,3097,5137,853,62,ITG,ITG2,20,Sardegna,Sardegna,1639591,1351670,82.44,0.37
581,2021-05-06,SAR,12953,6010,6943,9567,3148,238,ITG,ITG2,20,Sardegna,Sardegna,1639591,1364623,83.23,0.79
582,2021-03-01,SAR,2267,1156,1111,1582,659,26,ITG,ITG2,20,Sardegna,Sardegna,1639591,1366890,83.37,0.14
583,2021-01-03,SAR,90,36,54,90,0,0,ITG,ITG2,20,Sardegna,Sardegna,1639591,1366980,83.37,0.01
584,2021-07-07,SAR,15903,7727,8176,4085,11767,51,ITG,ITG2,20,Sardegna,Sardegna,1639591,1382883,84.34,0.97
585,2020-12-31,SAR,32,16,16,32,0,0,ITG,ITG2,20,Sardegna,Sardegna,1639591,1382915,84.35,0.0
586,2021-01-19,SAR,746,269,477,690,55,1,ITG,ITG2,20,Sardegna,Sardegna,1639591,1383661,84.39,0.05
587,2021-03-17,SAR,6549,2846,3703,4904,1608,37,ITG,ITG2,20,Sardegna,Sardegna,1639591,1390210,84.79,0.4
588,2021-06-27,SAR,9017,4310,4707,2956,6033,28,ITG,ITG2,20,Sardegna,Sardegna,1639591,1399227,85.34,0.55
589,2021-03-24,SAR,7393,3105,4288,5905,1356,132,ITG,ITG2,20,Sardegna,Sardegna,1639591,1406620,85.79,0.45
590,2021-07-16,SAR,16935,8473,8462,4552,12249,134,ITG,ITG2,20,Sardegna,Sardegna,1639591,1423555,86.82,1.03
591,2021-04-07,SAR,13546,6050,7496,7825,5653,68,ITG,ITG2,20,Sardegna,Sardegna,1639591,1437101,87.65,0.83
592,2021-04-24,SAR,10357,4846,5511,7890,2339,128,ITG,ITG2,20,Sardegna,Sardegna,1639591,1447458,88.28,0.63
593,2021-01-14,SAR,1105,425,680,1105,0,0,ITG,ITG2,20,Sardegna,Sardegna,1639591,1448563,88.35,0.07
594,2021-06-29,SAR,17891,8605,9286,3755,14088,48,ITG,ITG2,20,Sardegna,Sardegna,1639591,1466454,89.44,1.09
595,2021-05-13,SAR,12371,5861,6510,8725,3446,200,ITG,ITG2,20,Sardegna,Sardegna,1639591,1478825,90.19,0.75
596,2021-02-02,SAR,1499,669,830,257,1242,0,ITG,ITG2,20,Sardegna,Sardegna,1639591,1480324,90.29,0.09
597,2021-05-15,SAR,13794,6424,7370,10197,3433,164,ITG,ITG2,20,Sardegna,Sardegna,1639591,1494118,91.13,0.84
598,2021-07-11,SAR,6376,3117,3259,1424,4917,35,ITG,ITG2,20,Sardegna,Sardegna,1639591,1500494,91.52,0.39
599,2021-06-22,SAR,19338,8990,10348,7169,12067,102,ITG,ITG2,20,Sardegna,Sardegna,1639591,1519832,92.7,1.18
600,2021-07-09,SAR,15876,7600,8276,3433,12363,80,ITG,ITG2,20,Sardegna,Sardegna,1639591,1535708,93.66,0.97
601,2021-03-31,SAR,10254,4149,6105,7701,2431,122,ITG,ITG2,20,Sardegna,Sardegna,1639591,1545962,94.29,0.63
602,2021-01-26,SAR,1337,454,883,27,1310,0,ITG,ITG2,20,Sardegna,Sardegna,1639591,1547299,94.37,0.08
603,2021-05-08,SAR,13086,5972,7114,10670,2285,131,ITG,ITG2,20,Sardegna,Sardegna,1639591,1560385,95.17,0.8
604,2021-06-03,SAR,16394,7643,8751,10566,5688,140,ITG,ITG2,20,Sardegna,Sardegna,1639591,1576779,96.17,1.0
605,2021-06-20,SAR,6292,2805,3487,3636,2624,32,ITG,ITG2,20,Sardegna,Sardegna,1639591,1583071,96.55,0.38
606,2021-03-12,SAR,5971,2618,3353,4519,1307,145,ITG,ITG2,20,Sardegna,Sardegna,1639591,1589042,96.92,0.36
607,2021-03-11,SAR,6414,3084,3330,5146,1200,68,ITG,ITG2,20,Sardegna,Sardegna,1639591,1595456,97.31,0.39
608,2021-06-04,SAR,14480,6931,7549,9769,4554,157,ITG,ITG2,20,Sardegna,Sardegna,1639591,1609936,98.19,0.88
609,2021-06-21,SAR,14017,6731,7286,5122,8823,72,ITG,ITG2,20,Sardegna,Sardegna,1639591,1623953,99.05,0.85
610,2021-03-13,SAR,2756,1075,1681,2436,281,39,ITG,ITG2,20,Sardegna,Sardegna,1639591,1626709,99.21,0.17
611,2021-03-30,SAR,8757,3582,5175,6345,2274,138,ITG,ITG2,20,Sardegna,Sardegna,1639591,1635466,99.75,0.53
612,2021-01-06,SAR,1613,547,1066,1613,0,0,ITG,ITG2,20,Sardegna,Sardegna,1639591,1637079,99.85,0.1
613,2021-06-23,SAR,20540,9666,10874,6191,14258,91,ITG,ITG2,20,Sardegna,Sardegna,1639591,1657619,101.1,1.25
614,2021-05-18,SAR,14752,7379,7373,9446,5201,105,ITG,ITG2,20,Sardegna,Sardegna,1639591,1672371,102.0,0.9
615,2021-02-24,SAR,2412,1295,1117,2183,193,36,ITG,ITG2,20,Sardegna,Sardegna,1639591,1674783,102.15,0.15
616,2021-06-06,SAR,10034,5001,5033,6314,3651,69,ITG,ITG2,20,Sardegna,Sardegna,1639591,1684817,102.76,0.61
617,2021-07-23,SAR,15737,7781,7956,3402,12258,77,ITG,ITG2,20,Sardegna,Sardegna,1639591,1700554,103.72,0.96
618,2021-04-14,SAR,8262,3907,4355,6964,1238,60,ITG,ITG2,20,Sardegna,Sardegna,1639591,1708816,104.22,0.5
619,2021-05-01,SAR,9916,4765,5151,5368,4456,92,ITG,ITG2,20,Sardegna,Sardegna,1639591,1718732,104.83,0.6
620,2021-01-21,SAR,127,61,66,94,33,0,ITG,ITG2,20,Sardegna,Sardegna,1639591,1718859,104.83,0.01
621,2021-02-07,SAR,1119,396,723,227,891,1,ITG,ITG2,20,Sardegna,Sardegna,1639591,1719978,104.9,0.07
622,2021-05-03,SAR,8190,3823,4367,6490,1598,102,ITG,ITG2,20,Sardegna,Sardegna,1639591,1728168,105.4,0.5
623,2021-05-20,SAR,16365,7882,8483,11271,4894,200,ITG,ITG2,20,Sardegna,Sardegna,1639591,1744533,106.4,1.0
624,2021-02-09,SAR,2285,835,1450,1284,996,5,ITG,ITG2,20,Sardegna,Sardegna,1639591,1746818,106.54,0.14
625,2021-02-26,SAR,2798,1106,1692,2444,306,48,ITG,ITG2,20,Sardegna,Sardegna,1639591,1749616,106.71,0.17
626,2021-01-28,LIG,2849,972,1877,40,2809,0,ITC,ITC3,7,Liguria,Liguria,1550640,2849,0.18,0.18
627,2021-03-26,LIG,9339,4030,5309,6071,3156,112,ITC,ITC3,7,Liguria,Liguria,1550640,12188,0.79,0.6
628,2021-07-04,LIG,4851,2580,2271,3842,993,16,ITC,ITC3,7,Liguria,Liguria,1550640,17039,1.1,0.31
629,2021-01-02,LIG,692,246,446,692,0,0,ITC,ITC3,7,Liguria,Liguria,1550640,17731,1.14,0.04
630,2021-02-28,LIG,1059,580,479,1043,9,7,ITC,ITC3,7,Liguria,Liguria,1550640,18790,1.21,0.07
631,2021-03-14,LIG,1659,752,907,1033,604,22,ITC,ITC3,7,Liguria,Liguria,1550640,20449,1.32,0.11
632,2021-06-22,LIG,15795,7456,8339,7652,8116,27,ITC,ITC3,7,Liguria,Liguria,1550640,36244,2.34,1.02
633,2021-07-06,LIG,12328,6056,6272,5681,6611,36,ITC,ITC3,7,Liguria,Liguria,1550640,48572,3.13,0.8
634,2021-05-10,LIG,12651,5642,7009,6212,6375,64,ITC,ITC3,7,Liguria,Liguria,1550640,61223,3.95,0.82
635,2021-05-03,LIG,13255,5918,7337,6306,6815,134,ITC,ITC3,7,Liguria,Liguria,1550640,74478,4.8,0.85
636,2021-03-21,LIG,551,220,331,69,482,0,ITC,ITC3,7,Liguria,Liguria,1550640,75029,4.84,0.04
637,2021-02-11,LIG,1990,772,1218,1094,887,9,ITC,ITC3,7,Liguria,Liguria,1550640,77019,4.97,0.13
638,2021-05-22,LIG,6650,3220,3430,4873,1684,93,ITC,ITC3,7,Liguria,Liguria,1550640,83669,5.4,0.43
639,2021-06-10,LIG,18791,9695,9096,13155,5628,8,ITC,ITC3,7,Liguria,Liguria,1550640,102460,6.61,1.21
640,2021-03-19,LIG,5296,2234,3062,2094,3147,55,ITC,ITC3,7,Liguria,Liguria,1550640,107756,6.95,0.34
641,2021-03-02,LIG,4074,1689,2385,3753,310,11,ITC,ITC3,7,Liguria,Liguria,1550640,111830,7.21,0.26
642,2021-07-11,LIG,2147,1191,956,1235,903,9,ITC,ITC3,7,Liguria,Liguria,1550640,113977,7.35,0.14
643,2021-06-24,LIG,11114,5428,5686,6266,4835,13,ITC,ITC3,7,Liguria,Liguria,1550640,125091,8.07,0.72
644,2021-04-02,LIG,11789,5220,6569,9207,2487,95,ITC,ITC3,7,Liguria,Liguria,1550640,136880,8.83,0.76
645,2021-04-26,LIG,10566,4985,5581,7844,2636,86,ITC,ITC3,7,Liguria,Liguria,1550640,147446,9.51,0.68
646,2021-01-16,LIG,1278,557,721,1273,0,5,ITC,ITC3,7,Liguria,Liguria,1550640,148724,9.59,0.08
647,2021-02-02,LIG,2673,1007,1666,127,2544,2,ITC,ITC3,7,Liguria,Liguria,1550640,151397,9.76,0.17
648,2021-04-28,LIG,14461,6524,7937,6381,7987,93,ITC,ITC3,7,Liguria,Liguria,1550640,165858,10.7,0.93
649,2021-02-04,LIG,2817,987,1830,178,2639,0,ITC,ITC3,7,Liguria,Liguria,1550640,168675,10.88,0.18
650,2021-05-15,LIG,7320,3272,4048,4286,2955,79,ITC,ITC3,7,Liguria,Liguria,1550640,175995,11.35,0.47
651,2021-02-21,LIG,869,491,378,857,4,8,ITC,ITC3,7,Liguria,Liguria,1550640,176864,11.41,0.06
652,2021-02-16,LIG,2428,957,1471,1996,424,8,ITC,ITC3,7,Liguria,Liguria,1550640,179292,11.56,0.16
653,2021-07-23,LIG,19836,10207,9629,5153,14628,55,ITC,ITC3,7,Liguria,Liguria,1550640,199128,12.84,1.28
654,2021-05-27,LIG,16969,8706,8263,12648,4153,168,ITC,ITC3,7,Liguria,Liguria,1550640,216097,13.94,1.09
655,2021-04-14,LIG,13076,5671,7405,10752,2201,123,ITC,ITC3,7,Liguria,Liguria,1550640,229173,14.78,0.84
656,2021-05-29,LIG,6866,3253,3613,3977,2870,19,ITC,ITC3,7,Liguria,Liguria,1550640,236039,15.22,0.44
657,2021-07-25,LIG,1970,993,977,167,1800,3,ITC,ITC3,7,Liguria,Liguria,1550640,238009,15.35,0.13
658,2021-07-18,LIG,2382,1222,1160,391,1980,11,ITC,ITC3,7,Liguria,Liguria,1550640,240391,15.5,0.15
659,2021-06-05,LIG,8091,4114,3977,4937,3152,2,ITC,ITC3,7,Liguria,Liguria,1550640,248482,16.02,0.52
660,2021-04-09,LIG,12468,5561,6907,10551,1777,140,ITC,ITC3,7,Liguria,Liguria,1550640,260950,16.83,0.8
661,2021-03-31,LIG,11925,5276,6649,9047,2770,108,ITC,ITC3,7,Liguria,Liguria,1550640,272875,17.6,0.77
662,2021-01-21,LIG,1107,385,722,675,431,1,ITC,ITC3,7,Liguria,Liguria,1550640,273982,17.67,0.07
663,2021-01-14,LIG,2983,1056,1927,2982,0,1,ITC,ITC3,7,Liguria,Liguria,1550640,276965,17.86,0.19
664,2021-03-12,LIG,6216,2873,3343,3689,2470,57,ITC,ITC3,7,Liguria,Liguria,1550640,283181,18.26,0.4
665,2021-06-15,LIG,17409,8463,8946,9326,8068,15,ITC,ITC3,7,Liguria,Liguria,1550640,300590,19.38,1.12
666,2021-03-07,LIG,1915,1138,777,1590,301,24,ITC,ITC3,7,Liguria,Liguria,1550640,302505,19.51,0.12
667,2021-06-17,LIG,16685,7927,8758,9139,7527,19,ITC,ITC3,7,Liguria,Liguria,1550640,319190,20.58,1.08
668,2021-01-09,LIG,1335,481,854,1334,0,1,ITC,ITC3,7,Liguria,Liguria,1550640,320525,20.67,0.09
669,2021-04-19,LIG,12838,5620,7218,8919,3831,88,ITC,ITC3,7,Liguria,Liguria,1550640,333363,21.5,0.83
670,2021-07-13,LIG,13064,6424,6640,3497,9545,22,ITC,ITC3,7,Liguria,Liguria,1550640,346427,22.34,0.84
671,2021-04-21,LIG,14271,6446,7825,8844,5329,98,ITC,ITC3,7,Liguria,Liguria,1550640,360698,23.26,0.92
672,2021-05-08,LIG,7529,3334,4195,2270,5215,44,ITC,ITC3,7,Liguria,Liguria,1550640,368227,23.75,0.49
673,2021-01-25,LIG,2727,889,1838,477,2249,1,ITC,ITC3,7,Liguria,Liguria,1550640,370954,23.92,0.18
674,2021-05-05,LIG,13716,6138,7578,5195,8418,103,ITC,ITC3,7,Liguria,Liguria,1550640,384670,24.81,0.88
675,2021-01-23,LIG,810,296,514,154,656,0,ITC,ITC3,7,Liguria,Liguria,1550640,385480,24.86,0.05
676,2021-06-29,LIG,15163,7221,7942,8700,6431,32,ITC,ITC3,7,Liguria,Liguria,1550640,400643,25.84,0.98
677,2021-05-17,LIG,12034,5521,6513,8653,3329,52,ITC,ITC3,7,Liguria,Liguria,1550640,412677,26.61,0.78
678,2021-01-30,LIG,1661,567,1094,23,1637,1,ITC,ITC3,7,Liguria,Liguria,1550640,414338,26.72,0.11
679,2021-03-28,LIG,1141,511,630,378,751,12,ITC,ITC3,7,Liguria,Liguria,1550640,415479,26.79,0.07
680,2020-12-30,LIG,12,5,7,12,0,0,ITC,ITC3,7,Liguria,Liguria,1550640,415491,26.79,0.0
681,2021-02-09,LIG,1953,694,1259,264,1687,2,ITC,ITC3,7,Liguria,Liguria,1550640,417444,26.92,0.13
682,2021-04-23,LIG,14679,6640,8039,8450,6119,110,ITC,ITC3,7,Liguria,Liguria,1550640,432123,27.87,0.95
683,2021-03-11,LIG,6401,3091,3310,4331,2012,58,ITC,ITC3,7,Liguria,Liguria,1550640,438524,28.28,0.41
684,2021-01-13,LIG,2758,1014,1744,2757,0,1,ITC,ITC3,7,Liguria,Liguria,1550640,441282,28.46,0.18
685,2020-12-28,LIG,80,30,50,80,0,0,ITC,ITC3,7,Liguria,Liguria,1550640,441362,28.46,0.01
686,2021-06-03,LIG,15527,7693,7834,9149,6368,10,ITC,ITC3,7,Liguria,Liguria,1550640,456889,29.46,1.0
687,2021-04-07,LIG,13682,6108,7574,11305,2288,89,ITC,ITC3,7,Liguria,Liguria,1550640,470571,30.35,0.88
688,2021-02-23,LIG,3806,1559,2247,3657,109,40,ITC,ITC3,7,Liguria,Liguria,1550640,474377,30.59,0.25
689,2021-06-14,LIG,15132,7306,7826,8274,6856,2,ITC,ITC3,7,Liguria,Liguria,1550640,489509,31.57,0.98
690,2021-07-01,LIG,13514,6513,7001,7355,6126,33,ITC,ITC3,7,Liguria,Liguria,1550640,503023,32.44,0.87
691,2021-05-19,LIG,13572,5963,7609,10308,3120,144,ITC,ITC3,7,Liguria,Liguria,1550640,516595,33.31,0.88
692,2021-03-23,LIG,9273,4221,5052,5980,3209,84,ITC,ITC3,7,Liguria,Liguria,1550640,525868,33.91,0.6
693,2021-07-15,LIG,14741,7454,7287,5207,9463,71,ITC,ITC3,7,Liguria,Liguria,1550640,540609,34.86,0.95
694,2021-02-01,LIG,2559,923,1636,90,2469,0,ITC,ITC3,7,Liguria,Liguria,1550640,543168,35.03,0.17
695,2021-07-08,LIG,13592,6694,6898,6188,7366,38,ITC,ITC3,7,Liguria,Liguria,1550640,556760,35.91,0.88
696,2021-05-12,LIG,12053,5460,6593,6593,5348,112,ITC,ITC3,7,Liguria,Liguria,1550640,568813,36.68,0.78
697,2021-05-26,LIG,16669,8417,8252,12140,4374,155,ITC,ITC3,7,Liguria,Liguria,1550640,585482,37.76,1.07
698,2021-03-30,LIG,12216,5428,6788,8740,3388,88,ITC,ITC3,7,Liguria,Liguria,1550640,597698,38.55,0.79
699,2021-06-02,LIG,8529,4341,4188,5360,3168,1,ITC,ITC3,7,Liguria,Liguria,1550640,606227,39.1,0.55
700,2021-06-19,LIG,7411,3776,3635,5726,1666,19,ITC,ITC3,7,Liguria,Liguria,1550640,613638,39.57,0.48
701,2021-02-18,LIG,2771,1128,1643,2425,335,11,ITC,ITC3,7,Liguria,Liguria,1550640,616409,39.75,0.18
702,2021-05-24,LIG,11872,5586,6286,9274,2496,102,ITC,ITC3,7,Liguria,Liguria,1550640,628281,40.52,0.77
703,2021-05-07,LIG,13594,6041,7553,5734,7793,67,ITC,ITC3,7,Liguria,Liguria,1550640,641875,41.39,0.88
704,2021-02-13,LIG,1080,508,572,797,280,3,ITC,ITC3,7,Liguria,Liguria,1550640,642955,41.46,0.07
705,2021-06-07,LIG,15686,7654,8032,8666,7012,8,ITC,ITC3,7,Liguria,Liguria,1550640,658641,42.48,1.01
706,2021-06-26,LIG,7210,3352,3858,4489,2708,13,ITC,ITC3,7,Liguria,Liguria,1550640,665851,42.94,0.46
707,2021-02-06,LIG,1892,768,1124,145,1747,0,ITC,ITC3,7,Liguria,Liguria,1550640,667743,43.06,0.12
708,2021-03-16,LIG,6084,2731,3353,2310,3733,41,ITC,ITC3,7,Liguria,Liguria,1550640,673827,43.45,0.39
709,2021-01-11,LIG,2655,992,1663,2654,0,1,ITC,ITC3,7,Liguria,Liguria,1550640,676482,43.63,0.17
710,2021-07-12,LIG,13392,6426,6966,4164,9199,29,ITC,ITC3,7,Liguria,Liguria,1550640,689874,44.49,0.86
711,2021-01-10,LIG,648,262,386,644,0,4,ITC,ITC3,7,Liguria,Liguria,1550640,690522,44.53,0.04
712,2021-04-20,LIG,14240,6520,7720,9733,4352,155,ITC,ITC3,7,Liguria,Liguria,1550640,704762,45.45,0.92
713,2021-01-04,LIG,2616,855,1761,2615,0,1,ITC,ITC3,7,Liguria,Liguria,1550640,707378,45.62,0.17
714,2021-06-21,LIG,14837,7034,7803,8582,6238,17,ITC,ITC3,7,Liguria,Liguria,1550640,722215,46.58,0.96
715,2021-04-16,LIG,12001,5292,6709,10010,1829,162,ITC,ITC3,7,Liguria,Liguria,1550640,734216,47.35,0.77
716,2021-01-06,LIG,1664,618,1046,1661,0,3,ITC,ITC3,7,Liguria,Liguria,1550640,735880,47.46,0.11
717,2021-07-10,LIG,6892,3473,3419,2759,4125,8,ITC,ITC3,7,Liguria,Liguria,1550640,742772,47.9,0.44
718,2021-04-04,LIG,756,366,390,499,249,8,ITC,ITC3,7,Liguria,Liguria,1550640,743528,47.95,0.05
719,2021-04-18,LIG,2613,1164,1449,2072,468,73,ITC,ITC3,7,Liguria,Liguria,1550640,746141,48.12,0.17
720,2021-01-08,LIG,2930,999,1931,2928,0,2,ITC,ITC3,7,Liguria,Liguria,1550640,749071,48.31,0.19
721,2021-01-27,LIG,1744,603,1141,140,1603,1,ITC,ITC3,7,Liguria,Liguria,1550640,750815,48.42,0.11
722,2021-05-21,LIG,12846,5956,6890,9576,3127,143,ITC,ITC3,7,Liguria,Liguria,1550640,763661,49.25,0.83
723,2021-02-27,LIG,1888,921,967,1750,129,9,ITC,ITC3,7,Liguria,Liguria,1550640,765549,49.37,0.12
724,2021-02-10,LIG,2316,837,1479,1015,1297,4,ITC,ITC3,7,Liguria,Liguria,1550640,767865,49.52,0.15
725,2021-03-18,LIG,4987,2125,2862,1971,2980,36,ITC,ITC3,7,Liguria,Liguria,1550640,772852,49.84,0.32
726,2021-04-01,LIG,12428,5512,6916,9568,2770,90,ITC,ITC3,7,Liguria,Liguria,1550640,785280,50.64,0.8
727,2021-02-25,LIG,3457,1349,2108,3307,130,20,ITC,ITC3,7,Liguria,Liguria,1550640,788737,50.87,0.22
728,2021-03-04,LIG,4738,2118,2620,3834,847,57,ITC,ITC3,7,Liguria,Liguria,1550640,793475,51.17,0.31
729,2021-06-12,LIG,10239,4980,5259,7484,2753,2,ITC,ITC3,7,Liguria,Liguria,1550640,803714,51.83,0.66
730,2021-04-30,LIG,14422,6441,7981,5757,8568,97,ITC,ITC3,7,Liguria,Liguria,1550640,818136,52.76,0.93
731,2021-04-06,LIG,13249,5902,7347,10883,2260,106,ITC,ITC3,7,Liguria,Liguria,1550640,831385,53.62,0.85
732,2021-02-08,LIG,1979,742,1237,306,1673,0,ITC,ITC3,7,Liguria,Liguria,1550640,833364,53.74,0.13
733,2020-12-27,LIG,135,56,79,134,0,1,ITC,ITC3,7,Liguria,Liguria,1550640,833499,53.75,0.01
734,2021-02-15,LIG,2262,839,1423,1855,397,10,ITC,ITC3,7,Liguria,Liguria,1550640,835761,53.9,0.15
735,2021-01-03,LIG,734,230,504,732,0,2,ITC,ITC3,7,Liguria,Liguria,1550640,836495,53.95,0.05
736,2021-05-23,LIG,2305,1119,1186,1169,1123,13,ITC,ITC3,7,Liguria,Liguria,1550640,838800,54.09,0.15
737,2021-03-01,LIG,3539,1447,2092,3383,136,20,ITC,ITC3,7,Liguria,Liguria,1550640,842339,54.32,0.23
738,2021-06-09,LIG,19052,9559,9493,12483,6559,10,ITC,ITC3,7,Liguria,Liguria,1550640,861391,55.55,1.23
739,2021-06-11,LIG,17842,9083,8759,11770,6069,3,ITC,ITC3,7,Liguria,Liguria,1550640,879233,56.7,1.15
740,2021-04-15,LIG,11845,5237,6608,9889,1851,105,ITC,ITC3,7,Liguria,Liguria,1550640,891078,57.47,0.76
741,2021-04-08,LIG,13787,6179,7608,11589,2045,153,ITC,ITC3,7,Liguria,Liguria,1550640,904865,58.35,0.89
742,2021-07-17,LIG,6496,3350,3146,1816,4676,4,ITC,ITC3,7,Liguria,Liguria,1550640,911361,58.77,0.42
743,2021-06-04,LIG,14787,7258,7529,9293,5487,7,ITC,ITC3,7,Liguria,Liguria,1550640,926148,59.73,0.95
744,2021-02-17,LIG,2694,1184,1510,2254,428,12,ITC,ITC3,7,Liguria,Liguria,1550640,928842,59.9,0.17
745,2021-07-24,LIG,11558,6017,5541,2322,9215,21,ITC,ITC3,7,Liguria,Liguria,1550640,940400,60.65,0.75
746,2021-05-28,LIG,16295,8140,8155,11612,4538,145,ITC,ITC3,7,Liguria,Liguria,1550640,956695,61.7,1.05
747,2021-01-05,LIG,2879,896,1983,2879,0,0,ITC,ITC3,7,Liguria,Liguria,1550640,959574,61.88,0.19
748,2021-03-03,LIG,4581,1847,2734,3444,1027,110,ITC,ITC3,7,Liguria,Liguria,1550640,964155,62.18,0.3
749,2021-05-14,LIG,13148,5863,7285,8636,4327,185,ITC,ITC3,7,Liguria,Liguria,1550640,977303,63.03,0.85
750,2021-05-31,LIG,14712,7378,7334,9115,5514,83,ITC,ITC3,7,Liguria,Liguria,1550640,992015,63.97,0.95
751,2021-03-09,LIG,5932,2754,3178,4440,1431,61,ITC,ITC3,7,Liguria,Liguria,1550640,997947,64.36,0.38
752,2021-02-20,LIG,1336,638,698,1331,1,4,ITC,ITC3,7,Liguria,Liguria,1550640,999283,64.44,0.09
753,2021-05-16,LIG,3705,1862,1843,2118,1560,27,ITC,ITC3,7,Liguria,Liguria,1550640,1002988,64.68,0.24
754,2021-02-22,LIG,3343,1476,1867,3191,142,10,ITC,ITC3,7,Liguria,Liguria,1550640,1006331,64.9,0.22
755,2021-06-28,LIG,11598,5607,5991,7255,4301,42,ITC,ITC3,7,Liguria,Liguria,1550640,1017929,65.65,0.75
756,2021-03-20,LIG,2316,995,1321,1124,1174,18,ITC,ITC3,7,Liguria,Liguria,1550640,1020245,65.8,0.15
757,2021-06-30,LIG,15067,7187,7880,8234,6789,44,ITC,ITC3,7,Liguria,Liguria,1550640,1035312,66.77,0.97
758,2021-06-08,LIG,18094,9024,9070,11456,6629,9,ITC,ITC3,7,Liguria,Liguria,1550640,1053406,67.93,1.17
759,2021-03-17,LIG,5552,2368,3184,2451,3079,22,ITC,ITC3,7,Liguria,Liguria,1550640,1058958,68.29,0.36
760,2021-06-25,LIG,13799,6605,7194,6888,6897,14,ITC,ITC3,7,Liguria,Liguria,1550640,1072757,69.18,0.89
761,2021-07-14,LIG,11465,5646,5819,3440,7999,26,ITC,ITC3,7,Liguria,Liguria,1550640,1084222,69.92,0.74
762,2021-05-06,LIG,14523,6443,8080,6039,8328,156,ITC,ITC3,7,Liguria,Liguria,1550640,1098745,70.86,0.94
763,2021-01-07,LIG,3226,1095,2131,3223,0,3,ITC,ITC3,7,Liguria,Liguria,1550640,1101971,71.07,0.21
764,2021-06-13,LIG,5617,2695,2922,5163,454,0,ITC,ITC3,7,Liguria,Liguria,1550640,1107588,71.43,0.36
765,2021-04-17,LIG,7386,3219,4167,6564,751,71,ITC,ITC3,7,Liguria,Liguria,1550640,1114974,71.9,0.48
766,2021-05-01,LIG,7143,3257,3886,1303,5801,39,ITC,ITC3,7,Liguria,Liguria,1550640,1122117,72.36,0.46
767,2021-03-05,LIG,4869,2150,2719,3674,1132,63,ITC,ITC3,7,Liguria,Liguria,1550640,1126986,72.68,0.31
768,2021-02-24,LIG,3764,1560,2204,3448,258,58,ITC,ITC3,7,Liguria,Liguria,1550640,1130750,72.92,0.24
769,2020-12-29,LIG,125,33,92,125,0,0,ITC,ITC3,7,Liguria,Liguria,1550640,1130875,72.93,0.01
770,2021-01-12,LIG,2474,890,1584,2473,0,1,ITC,ITC3,7,Liguria,Liguria,1550640,1133349,73.09,0.16
771,2021-04-22,LIG,13865,6212,7653,8643,5084,138,ITC,ITC3,7,Liguria,Liguria,1550640,1147214,73.98,0.89
772,2021-03-06,LIG,3304,1842,1462,2550,705,49,ITC,ITC3,7,Liguria,Liguria,1550640,1150518,74.2,0.21
773,2021-01-22,LIG,1820,604,1216,1330,487,3,ITC,ITC3,7,Liguria,Liguria,1550640,1152338,74.31,0.12
774,2021-05-02,LIG,3978,1836,2142,505,3467,6,ITC,ITC3,7,Liguria,Liguria,1550640,1156316,74.57,0.26
775,2021-05-04,LIG,13650,6088,7562,5338,8229,83,ITC,ITC3,7,Liguria,Liguria,1550640,1169966,75.45,0.88
776,2021-05-09,LIG,2824,1244,1580,1086,1709,29,ITC,ITC3,7,Liguria,Liguria,1550640,1172790,75.63,0.18
777,2021-01-29,LIG,3082,1064,2018,67,3015,0,ITC,ITC3,7,Liguria,Liguria,1550640,1175872,75.83,0.2
778,2021-01-20,LIG,1554,556,998,1541,12,1,ITC,ITC3,7,Liguria,Liguria,1550640,1177426,75.93,0.1
779,2021-04-03,LIG,5407,2499,2908,4428,943,36,ITC,ITC3,7,Liguria,Liguria,1550640,1182833,76.28,0.35
780,2021-01-24,LIG,756,237,519,113,643,0,ITC,ITC3,7,Liguria,Liguria,1550640,1183589,76.33,0.05
781,2021-06-27,LIG,1944,892,1052,691,1243,10,ITC,ITC3,7,Liguria,Liguria,1550640,1185533,76.45,0.13
782,2021-02-12,LIG,1937,691,1246,895,1040,2,ITC,ITC3,7,Liguria,Liguria,1550640,1187470,76.58,0.12
783,2021-01-15,LIG,2257,755,1502,2252,0,5,ITC,ITC3,7,Liguria,Liguria,1550640,1189727,76.72,0.15
784,2021-04-25,LIG,1935,920,1015,1506,415,14,ITC,ITC3,7,Liguria,Liguria,1550640,1191662,76.85,0.12
785,2021-03-13,LIG,3849,1637,2212,2949,855,45,ITC,ITC3,7,Liguria,Liguria,1550640,1195511,77.1,0.25
786,2021-06-23,LIG,14315,6850,7465,9106,5190,19,ITC,ITC3,7,Liguria,Liguria,1550640,1209826,78.02,0.92
787,2021-02-14,LIG,233,122,111,233,0,0,ITC,ITC3,7,Liguria,Liguria,1550640,1210059,78.04,0.02
788,2021-05-25,LIG,14261,6953,7308,10950,3181,130,ITC,ITC3,7,Liguria,Liguria,1550640,1224320,78.96,0.92
789,2021-07-19,LIG,12066,6017,6049,3388,8639,39,ITC,ITC3,7,Liguria,Liguria,1550640,1236386,79.73,0.78
790,2021-04-27,LIG,14799,6688,8111,7144,7587,68,ITC,ITC3,7,Liguria,Liguria,1550640,1251185,80.69,0.95
791,2021-02-03,LIG,2317,792,1525,54,2263,0,ITC,ITC3,7,Liguria,Liguria,1550640,1253502,80.84,0.15
792,2021-07-21,LIG,19156,9493,9663,3842,15271,43,ITC,ITC3,7,Liguria,Liguria,1550640,1272658,82.07,1.24
793,2021-06-06,LIG,3809,2031,1778,2947,862,0,ITC,ITC3,7,Liguria,Liguria,1550640,1276467,82.32,0.25
794,2021-04-24,LIG,8218,3795,4423,4959,3152,107,ITC,ITC3,7,Liguria,Liguria,1550640,1284685,82.85,0.53
795,2021-02-26,LIG,3766,1524,2242,3412,329,25,ITC,ITC3,7,Liguria,Liguria,1550640,1288451,83.09,0.24
796,2021-06-20,LIG,1335,658,677,1053,275,7,ITC,ITC3,7,Liguria,Liguria,1550640,1289786,83.18,0.09
797,2021-07-09,LIG,12790,6306,6484,4226,8543,21,ITC,ITC3,7,Liguria,Liguria,1550640,1302576,84.0,0.82
798,2021-04-05,LIG,3978,1753,2225,2303,1649,26,ITC,ITC3,7,Liguria,Liguria,1550640,1306554,84.26,0.26
799,2021-07-16,LIG,12595,6209,6386,3151,9405,39,ITC,ITC3,7,Liguria,Liguria,1550640,1319149,85.07,0.81
800,2021-03-15,LIG,7251,3098,4153,4495,2707,49,ITC,ITC3,7,Liguria,Liguria,1550640,1326400,85.54,0.47
801,2021-01-26,LIG,2488,807,1681,16,2472,0,ITC,ITC3,7,Liguria,Liguria,1550640,1328888,85.7,0.16
802,2021-03-22,LIG,7749,3471,4278,4738,2938,73,ITC,ITC3,7,Liguria,Liguria,1550640,1336637,86.2,0.5
803,2021-02-07,LIG,407,153,254,2,405,0,ITC,ITC3,7,Liguria,Liguria,1550640,1337044,86.23,0.03
804,2021-05-18,LIG,13467,6120,7347,10037,3293,137,ITC,ITC3,7,Liguria,Liguria,1550640,1350511,87.09,0.87
805,2021-04-29,LIG,15588,6983,8605,6618,8843,127,ITC,ITC3,7,Liguria,Liguria,1550640,1366099,88.1,1.01
806,2021-04-12,LIG,12391,5477,6914,10277,2019,95,ITC,ITC3,7,Liguria,Liguria,1550640,1378490,88.9,0.8
807,2021-01-19,LIG,1374,439,935,1280,90,4,ITC,ITC3,7,Liguria,Liguria,1550640,1379864,88.99,0.09
808,2021-02-05,LIG,2685,989,1696,305,2379,1,ITC,ITC3,7,Liguria,Liguria,1550640,1382549,89.16,0.17
809,2021-03-24,LIG,9180,4033,5147,5808,3287,85,ITC,ITC3,7,Liguria,Liguria,1550640,1391729,89.75,0.59
810,2021-05-11,LIG,13917,6390,7527,7181,6617,119,ITC,ITC3,7,Liguria,Liguria,1550640,1405646,90.65,0.9
811,2021-03-29,LIG,10581,4620,5961,7344,3132,105,ITC,ITC3,7,Liguria,Liguria,1550640,1416227,91.33,0.68
812,2021-01-31,LIG,624,270,354,9,615,0,ITC,ITC3,7,Liguria,Liguria,1550640,1416851,91.37,0.04
813,2021-07-07,LIG,11733,5632,6101,4966,6747,20,ITC,ITC3,7,Liguria,Liguria,1550640,1428584,92.13,0.76
814,2021-05-20,LIG,12932,6003,6929,8777,4027,128,ITC,ITC3,7,Liguria,Liguria,1550640,1441516,92.96,0.83
815,2021-07-02,LIG,12934,6352,6582,6439,6464,31,ITC,ITC3,7,Liguria,Liguria,1550640,1454450,93.8,0.83
816,2020-12-31,LIG,990,353,637,990,0,0,ITC,ITC3,7,Liguria,Liguria,1550640,1455440,93.86,0.06
817,2021-04-10,LIG,7888,3561,4327,6890,914,84,ITC,ITC3,7,Liguria,Liguria,1550640,1463328,94.37,0.51
818,2021-01-17,LIG,866,301,565,865,0,1,ITC,ITC3,7,Liguria,Liguria,1550640,1464194,94.43,0.06
819,2021-07-03,LIG,8801,4357,4444,5479,3309,13,ITC,ITC3,7,Liguria,Liguria,1550640,1472995,94.99,0.57
820,2021-04-11,LIG,4247,1929,2318,3943,249,55,ITC,ITC3,7,Liguria,Liguria,1550640,1477242,95.27,0.27
821,2021-07-20,LIG,13921,6862,7059,2754,11133,34,ITC,ITC3,7,Liguria,Liguria,1550640,1491163,96.16,0.9
822,2021-01-18,LIG,2143,747,1396,1984,157,2,ITC,ITC3,7,Liguria,Liguria,1550640,1493306,96.3,0.14
823,2021-07-22,LIG,21302,10827,10475,4630,16616,56,ITC,ITC3,7,Liguria,Liguria,1550640,1514608,97.68,1.37
824,2021-06-16,LIG,16387,7914,8473,9265,7111,11,ITC,ITC3,7,Liguria,Liguria,1550640,1530995,98.73,1.06
825,2021-03-08,LIG,5625,2460,3165,3895,1689,41,ITC,ITC3,7,Liguria,Liguria,1550640,1536620,99.1,0.36
826,2021-03-25,LIG,9769,4232,5537,6227,3392,150,ITC,ITC3,7,Liguria,Liguria,1550640,1546389,99.73,0.63
827,2021-01-01,LIG,145,55,90,145,0,0,ITC,ITC3,7,Liguria,Liguria,1550640,1546534,99.74,0.01
828,2021-03-27,LIG,3932,1549,2383,2485,1395,52,ITC,ITC3,7,Liguria,Liguria,1550640,1550466,99.99,0.25
829,2021-07-05,LIG,11868,5753,6115,5341,6491,36,ITC,ITC3,7,Liguria,Liguria,1550640,1562334,100.75,0.77
830,2021-04-13,LIG,13082,5870,7212,10945,2025,112,ITC,ITC3,7,Liguria,Liguria,1550640,1575416,101.6,0.84
831,2021-05-13,LIG,13302,6083,7219,8891,4246,165,ITC,ITC3,7,Liguria,Liguria,1550640,1588718,102.46,0.86
832,2021-02-19,LIG,3218,1306,1912,2987,176,55,ITC,ITC3,7,Liguria,Liguria,1550640,1591936,102.66,0.21
833,2021-05-30,LIG,3302,1613,1689,1348,1941,13,ITC,ITC3,7,Liguria,Liguria,1550640,1595238,102.88,0.21
834,2021-06-01,LIG,16331,8222,8109,10961,5365,5,ITC,ITC3,7,Liguria,Liguria,1550640,1611569,103.93,1.05
835,2021-06-18,LIG,15394,7494,7900,8183,7192,19,ITC,ITC3,7,Liguria,Liguria,1550640,1626963,104.92,0.99
836,2021-03-10,LIG,5902,2863,3039,3927,1908,67,ITC,ITC3,7,Liguria,Liguria,1550640,1632865,105.3,0.38
837,2021-02-11,PIE,6758,2105,4653,2981,3758,19,ITC,ITC1,1,Piemonte,Piemonte,4356406,6758,0.16,0.16
838,2021-04-09,PIE,25868,11391,14477,20813,4503,552,ITC,ITC1,1,Piemonte,Piemonte,4356406,32626,0.75,0.59
839,2020-12-30,PIE,731,322,409,731,0,0,ITC,ITC1,1,Piemonte,Piemonte,4356406,33357,0.77,0.02
840,2021-06-05,PIE,36931,18921,18010,31872,4455,604,ITC,ITC1,1,Piemonte,Piemonte,4356406,70288,1.61,0.85
841,2021-02-25,PIE,12208,5246,6962,11484,545,179,ITC,ITC1,1,Piemonte,Piemonte,4356406,82496,1.89,0.28
842,2021-07-15,PIE,42430,21937,20493,4060,37931,439,ITC,ITC1,1,Piemonte,Piemonte,4356406,124926,2.87,0.97
843,2021-04-23,PIE,27416,12596,14820,19973,6760,683,ITC,ITC1,1,Piemonte,Piemonte,4356406,152342,3.5,0.63
844,2021-07-06,PIE,38262,19380,18882,8660,29081,521,ITC,ITC1,1,Piemonte,Piemonte,4356406,190604,4.38,0.88
845,2021-03-28,PIE,16056,6897,9159,8112,7621,323,ITC,ITC1,1,Piemonte,Piemonte,4356406,206660,4.74,0.37
846,2021-07-20,PIE,38875,20442,18433,6008,32591,276,ITC,ITC1,1,Piemonte,Piemonte,4356406,245535,5.64,0.89
847,2021-04-11,PIE,20823,9319,11504,18221,2149,453,ITC,ITC1,1,Piemonte,Piemonte,4356406,266358,6.11,0.48
848,2021-01-04,PIE,5559,1677,3882,5558,0,1,ITC,ITC1,1,Piemonte,Piemonte,4356406,271917,6.24,0.13
849,2021-04-28,PIE,26030,11730,14300,15463,10033,534,ITC,ITC1,1,Piemonte,Piemonte,4356406,297947,6.84,0.6
850,2021-01-18,PIE,6165,2046,4119,5912,249,4,ITC,ITC1,1,Piemonte,Piemonte,4356406,304112,6.98,0.14
851,2021-06-07,PIE,34893,17863,17030,29501,4791,601,ITC,ITC1,1,Piemonte,Piemonte,4356406,339005,7.78,0.8
852,2020-12-28,PIE,1,1,0,1,0,0,ITC,ITC1,1,Piemonte,Piemonte,4356406,339006,7.78,0.0
853,2021-06-19,PIE,40032,20309,19723,22858,16655,519,ITC,ITC1,1,Piemonte,Piemonte,4356406,379038,8.7,0.92
854,2021-02-04,PIE,10202,3339,6863,581,9619,2,ITC,ITC1,1,Piemonte,Piemonte,4356406,389240,8.93,0.23
855,2021-05-24,PIE,28975,13419,15556,16632,11964,379,ITC,ITC1,1,Piemonte,Piemonte,4356406,418215,9.6,0.67
856,2021-03-02,PIE,11245,4548,6697,10246,815,184,ITC,ITC1,1,Piemonte,Piemonte,4356406,429460,9.86,0.26
857,2021-05-19,PIE,33125,15295,17830,21422,11121,582,ITC,ITC1,1,Piemonte,Piemonte,4356406,462585,10.62,0.76
858,2021-03-14,PIE,8201,3335,4866,5170,2896,135,ITC,ITC1,1,Piemonte,Piemonte,4356406,470786,10.81,0.19
859,2021-05-10,PIE,28949,13953,14996,15251,13107,591,ITC,ITC1,1,Piemonte,Piemonte,4356406,499735,11.47,0.66
860,2021-01-30,PIE,5980,2135,3845,216,5763,1,ITC,ITC1,1,Piemonte,Piemonte,4356406,505715,11.61,0.14
861,2021-06-24,PIE,39178,19667,19511,18299,20302,577,ITC,ITC1,1,Piemonte,Piemonte,4356406,544893,12.51,0.9
862,2021-03-16,PIE,10512,4269,6243,4369,6051,92,ITC,ITC1,1,Piemonte,Piemonte,4356406,555405,12.75,0.24
863,2021-05-12,PIE,31865,15177,16688,18351,12897,617,ITC,ITC1,1,Piemonte,Piemonte,4356406,587270,13.48,0.73
864,2021-03-23,PIE,13182,5556,7626,6631,6243,308,ITC,ITC1,1,Piemonte,Piemonte,4356406,600452,13.78,0.3
865,2021-01-16,PIE,7761,2624,5137,7754,0,7,ITC,ITC1,1,Piemonte,Piemonte,4356406,608213,13.96,0.18
866,2021-07-08,PIE,40896,20920,19976,7463,32910,523,ITC,ITC1,1,Piemonte,Piemonte,4356406,649109,14.9,0.94
867,2021-01-23,PIE,4256,1327,2929,878,3376,2,ITC,ITC1,1,Piemonte,Piemonte,4356406,653365,15.0,0.1
868,2021-04-02,PIE,20140,8315,11825,11326,8421,393,ITC,ITC1,1,Piemonte,Piemonte,4356406,673505,15.46,0.46
869,2021-05-29,PIE,32798,15228,17570,20273,12165,360,ITC,ITC1,1,Piemonte,Piemonte,4356406,706303,16.21,0.75
870,2021-02-18,PIE,4788,2094,2694,4272,430,86,ITC,ITC1,1,Piemonte,Piemonte,4356406,711091,16.32,0.11
871,2021-07-25,PIE,15969,8449,7520,3199,12629,141,ITC,ITC1,1,Piemonte,Piemonte,4356406,727060,16.69,0.37
872,2021-04-16,PIE,28394,13207,15187,22651,4991,752,ITC,ITC1,1,Piemonte,Piemonte,4356406,755454,17.34,0.65
873,2021-06-26,PIE,41151,20938,20213,21935,18539,677,ITC,ITC1,1,Piemonte,Piemonte,4356406,796605,18.29,0.94
874,2021-07-13,PIE,38820,20032,18788,3670,34838,312,ITC,ITC1,1,Piemonte,Piemonte,4356406,835425,19.18,0.89
875,2021-04-04,PIE,9252,4057,5195,6393,2710,149,ITC,ITC1,1,Piemonte,Piemonte,4356406,844677,19.39,0.21
876,2021-04-21,PIE,25731,11826,13905,19739,5338,654,ITC,ITC1,1,Piemonte,Piemonte,4356406,870408,19.98,0.59
877,2021-01-11,PIE,8737,2978,5759,8731,0,6,ITC,ITC1,1,Piemonte,Piemonte,4356406,879145,20.18,0.2
878,2021-06-28,PIE,38383,19061,19322,15104,22718,561,ITC,ITC1,1,Piemonte,Piemonte,4356406,917528,21.06,0.88
879,2021-04-06,PIE,20238,8808,11430,14594,5196,448,ITC,ITC1,1,Piemonte,Piemonte,4356406,937766,21.53,0.46
880,2020-12-27,PIE,913,369,544,913,0,0,ITC,ITC1,1,Piemonte,Piemonte,4356406,938679,21.55,0.02
881,2021-05-17,PIE,30912,14602,16310,17359,13151,402,ITC,ITC1,1,Piemonte,Piemonte,4356406,969591,22.26,0.71
882,2021-02-06,PIE,7992,2665,5327,396,7594,2,ITC,ITC1,1,Piemonte,Piemonte,4356406,977583,22.44,0.18
883,2021-02-23,PIE,9232,3713,5519,8479,581,172,ITC,ITC1,1,Piemonte,Piemonte,4356406,986815,22.65,0.21
884,2021-05-31,PIE,29104,14055,15049,20120,8577,407,ITC,ITC1,1,Piemonte,Piemonte,4356406,1015919,23.32,0.67
885,2021-06-17,PIE,41056,20609,20447,24144,16320,592,ITC,ITC1,1,Piemonte,Piemonte,4356406,1056975,24.26,0.94
886,2021-03-09,PIE,14207,5652,8555,11639,2341,227,ITC,ITC1,1,Piemonte,Piemonte,4356406,1071182,24.59,0.33
887,2021-04-30,PIE,31829,14319,17510,17837,13327,665,ITC,ITC1,1,Piemonte,Piemonte,4356406,1103011,25.32,0.73
888,2021-06-02,PIE,26531,12997,13534,21623,4467,441,ITC,ITC1,1,Piemonte,Piemonte,4356406,1129542,25.93,0.61
889,2021-02-22,PIE,8477,3468,5009,7786,590,101,ITC,ITC1,1,Piemonte,Piemonte,4356406,1138019,26.12,0.19
890,2021-03-11,PIE,13900,5205,8695,10558,3097,245,ITC,ITC1,1,Piemonte,Piemonte,4356406,1151919,26.44,0.32
891,2021-05-02,PIE,25081,11268,13813,13957,10742,382,ITC,ITC1,1,Piemonte,Piemonte,4356406,1177000,27.02,0.58
892,2021-06-12,PIE,42579,22448,20131,39210,2626,743,ITC,ITC1,1,Piemonte,Piemonte,4356406,1219579,28.0,0.98
893,2021-07-12,PIE,39121,20175,18946,4531,34147,443,ITC,ITC1,1,Piemonte,Piemonte,4356406,1258700,28.89,0.9
894,2021-04-20,PIE,25482,11667,13815,18527,6345,610,ITC,ITC1,1,Piemonte,Piemonte,4356406,1284182,29.48,0.58
895,2021-05-07,PIE,33072,15643,17429,18367,14121,584,ITC,ITC1,1,Piemonte,Piemonte,4356406,1317254,30.24,0.76
896,2021-01-27,PIE,4193,1451,2742,994,3197,2,ITC,ITC1,1,Piemonte,Piemonte,4356406,1321447,30.33,0.1
897,2021-02-13,PIE,4156,1338,2818,2917,1225,14,ITC,ITC1,1,Piemonte,Piemonte,4356406,1325603,30.43,0.1
898,2021-02-08,PIE,6915,2354,4561,661,6250,4,ITC,ITC1,1,Piemonte,Piemonte,4356406,1332518,30.59,0.16
899,2021-03-21,PIE,10723,4739,5984,4024,6532,167,ITC,ITC1,1,Piemonte,Piemonte,4356406,1343241,30.83,0.25
900,2021-05-05,PIE,32236,15143,17093,18549,13062,625,ITC,ITC1,1,Piemonte,Piemonte,4356406,1375477,31.57,0.74
901,2021-07-01,PIE,41846,20947,20899,19822,21121,903,ITC,ITC1,1,Piemonte,Piemonte,4356406,1417323,32.53,0.96
902,2021-01-13,PIE,10072,3225,6847,10063,0,9,ITC,ITC1,1,Piemonte,Piemonte,4356406,1427395,32.77,0.23
903,2021-06-16,PIE,40355,20229,20126,23501,16246,608,ITC,ITC1,1,Piemonte,Piemonte,4356406,1467750,33.69,0.93
904,2021-01-06,PIE,3107,1103,2004,3106,0,1,ITC,ITC1,1,Piemonte,Piemonte,4356406,1470857,33.76,0.07
905,2021-06-09,PIE,38583,20338,18245,35107,2713,763,ITC,ITC1,1,Piemonte,Piemonte,4356406,1509440,34.65,0.89
906,2021-03-18,PIE,11758,4804,6954,3836,7731,191,ITC,ITC1,1,Piemonte,Piemonte,4356406,1521198,34.92,0.27
907,2021-01-01,PIE,1038,395,643,1037,0,1,ITC,ITC1,1,Piemonte,Piemonte,4356406,1522236,34.94,0.02
908,2021-07-05,PIE,35563,17789,17774,11707,23209,647,ITC,ITC1,1,Piemonte,Piemonte,4356406,1557799,35.76,0.82
909,2021-02-27,PIE,12673,4845,7828,12102,344,227,ITC,ITC1,1,Piemonte,Piemonte,4356406,1570472,36.05,0.29
910,2021-04-25,PIE,20230,9306,10924,17285,2501,444,ITC,ITC1,1,Piemonte,Piemonte,4356406,1590702,36.51,0.46
911,2021-01-15,PIE,9100,3006,6094,9094,0,6,ITC,ITC1,1,Piemonte,Piemonte,4356406,1599802,36.72,0.21
912,2021-06-21,PIE,38358,19152,19206,17105,20707,546,ITC,ITC1,1,Piemonte,Piemonte,4356406,1638160,37.6,0.88
913,2021-03-13,PIE,13023,4714,8309,11323,1432,268,ITC,ITC1,1,Piemonte,Piemonte,4356406,1651183,37.9,0.3
914,2021-04-18,PIE,22927,10797,12130,19624,2747,556,ITC,ITC1,1,Piemonte,Piemonte,4356406,1674110,38.43,0.53
915,2021-01-08,PIE,5523,1758,3765,5521,0,2,ITC,ITC1,1,Piemonte,Piemonte,4356406,1679633,38.56,0.13
916,2021-03-25,PIE,17125,7266,9859,8054,8635,436,ITC,ITC1,1,Piemonte,Piemonte,4356406,1696758,38.95,0.39
917,2021-07-22,PIE,41129,21647,19482,7241,33601,287,ITC,ITC1,1,Piemonte,Piemonte,4356406,1737887,39.89,0.94
918,2021-04-13,PIE,25933,11610,14323,21829,3457,647,ITC,ITC1,1,Piemonte,Piemonte,4356406,1763820,40.49,0.6
919,2021-01-20,PIE,6601,2084,4517,5875,719,7,ITC,ITC1,1,Piemonte,Piemonte,4356406,1770421,40.64,0.15
920,2021-02-03,PIE,10202,3306,6896,606,9594,2,ITC,ITC1,1,Piemonte,Piemonte,4356406,1780623,40.87,0.23
921,2021-05-18,PIE,32117,14826,17291,19017,12660,440,ITC,ITC1,1,Piemonte,Piemonte,4356406,1812740,41.61,0.74
922,2021-05-21,PIE,36071,16741,19330,19929,15637,505,ITC,ITC1,1,Piemonte,Piemonte,4356406,1848811,42.44,0.83
923,2021-07-17,PIE,41895,22057,19838,4953,36478,464,ITC,ITC1,1,Piemonte,Piemonte,4356406,1890706,43.4,0.96
924,2021-02-01,PIE,8655,3052,5603,575,8079,1,ITC,ITC1,1,Piemonte,Piemonte,4356406,1899361,43.6,0.2
925,2021-05-14,PIE,33406,16274,17132,17324,15420,662,ITC,ITC1,1,Piemonte,Piemonte,4356406,1932767,44.37,0.77
926,2021-02-20,PIE,3831,1253,2578,3559,173,99,ITC,ITC1,1,Piemonte,Piemonte,4356406,1936598,44.45,0.09
927,2021-07-24,PIE,33376,17581,15795,6834,26233,309,ITC,ITC1,1,Piemonte,Piemonte,4356406,1969974,45.22,0.77
928,2021-04-29,PIE,48418,21944,26474,34652,12612,1154,ITC,ITC1,1,Piemonte,Piemonte,4356406,2018392,46.33,1.11
929,2021-05-16,PIE,28157,12784,15373,14729,13055,373,ITC,ITC1,1,Piemonte,Piemonte,4356406,2046549,46.98,0.65
930,2021-02-05,PIE,9598,3136,6462,653,8943,2,ITC,ITC1,1,Piemonte,Piemonte,4356406,2056147,47.2,0.22
931,2021-06-18,PIE,40548,20262,20286,25734,14170,644,ITC,ITC1,1,Piemonte,Piemonte,4356406,2096695,48.13,0.93
932,2021-03-10,PIE,13812,5338,8474,11265,2292,255,ITC,ITC1,1,Piemonte,Piemonte,4356406,2110507,48.45,0.32
933,2021-03-27,PIE,18386,7823,10563,9128,8823,435,ITC,ITC1,1,Piemonte,Piemonte,4356406,2128893,48.87,0.42
934,2021-07-03,PIE,40043,20106,19937,15339,24027,677,ITC,ITC1,1,Piemonte,Piemonte,4356406,2168936,49.79,0.92
935,2021-03-30,PIE,16980,7111,9869,8726,7870,384,ITC,ITC1,1,Piemonte,Piemonte,4356406,2185916,50.18,0.39
936,2021-07-10,PIE,41124,20833,20291,6709,33899,516,ITC,ITC1,1,Piemonte,Piemonte,4356406,2227040,51.12,0.94
937,2021-04-01,PIE,19371,8108,11263,10941,8121,309,ITC,ITC1,1,Piemonte,Piemonte,4356406,2246411,51.57,0.44
938,2021-06-23,PIE,39680,19702,19978,16377,22828,475,ITC,ITC1,1,Piemonte,Piemonte,4356406,2286091,52.48,0.91
939,2021-03-08,PIE,14130,5462,8668,11187,2711,232,ITC,ITC1,1,Piemonte,Piemonte,4356406,2300221,52.8,0.32
940,2021-05-04,PIE,28579,13142,15437,15891,12181,507,ITC,ITC1,1,Piemonte,Piemonte,4356406,2328800,53.46,0.66
941,2021-01-24,PIE,3153,959,2194,432,2719,2,ITC,ITC1,1,Piemonte,Piemonte,4356406,2331953,53.53,0.07
942,2021-06-30,PIE,41202,20152,21050,18455,21924,823,ITC,ITC1,1,Piemonte,Piemonte,4356406,2373155,54.48,0.95
943,2021-03-22,PIE,11524,4892,6632,3715,7600,209,ITC,ITC1,1,Piemonte,Piemonte,4356406,2384679,54.74,0.26
944,2021-04-27,PIE,22611,10217,12394,16832,5145,634,ITC,ITC1,1,Piemonte,Piemonte,4356406,2407290,55.26,0.52
945,2021-01-17,PIE,3515,1168,2347,2864,649,2,ITC,ITC1,1,Piemonte,Piemonte,4356406,2410805,55.34,0.08
946,2021-03-15,PIE,10680,4193,6487,4916,5611,153,ITC,ITC1,1,Piemonte,Piemonte,4356406,2421485,55.58,0.25
947,2021-01-03,PIE,3059,965,2094,3057,0,2,ITC,ITC1,1,Piemonte,Piemonte,4356406,2424544,55.65,0.07
948,2021-07-07,PIE,37916,18847,19069,9671,27698,547,ITC,ITC1,1,Piemonte,Piemonte,4356406,2462460,56.53,0.87
949,2021-03-29,PIE,15242,6469,8773,8375,6610,257,ITC,ITC1,1,Piemonte,Piemonte,4356406,2477702,56.87,0.35
950,2021-07-21,PIE,37833,20078,17755,6765,30820,248,ITC,ITC1,1,Piemonte,Piemonte,4356406,2515535,57.74,0.87
951,2021-04-12,PIE,22926,10357,12569,19436,2986,504,ITC,ITC1,1,Piemonte,Piemonte,4356406,2538461,58.27,0.53
952,2021-01-02,PIE,3539,1132,2407,3538,0,1,ITC,ITC1,1,Piemonte,Piemonte,4356406,2542000,58.35,0.08
953,2021-06-14,PIE,37950,19558,18392,30196,7091,663,ITC,ITC1,1,Piemonte,Piemonte,4356406,2579950,59.22,0.87
954,2021-03-06,PIE,13997,5217,8780,11037,2788,172,ITC,ITC1,1,Piemonte,Piemonte,4356406,2593947,59.54,0.32
955,2021-01-22,PIE,3865,1249,2616,2523,1340,2,ITC,ITC1,1,Piemonte,Piemonte,4356406,2597812,59.63,0.09
956,2021-07-02,PIE,43677,21972,21705,17386,25502,789,ITC,ITC1,1,Piemonte,Piemonte,4356406,2641489,60.63,1.0
957,2021-05-13,PIE,35676,17526,18150,19859,15115,702,ITC,ITC1,1,Piemonte,Piemonte,4356406,2677165,61.45,0.82
958,2021-02-02,PIE,10251,3513,6738,805,9445,1,ITC,ITC1,1,Piemonte,Piemonte,4356406,2687416,61.69,0.24
959,2021-07-09,PIE,40378,20600,19778,5765,34112,501,ITC,ITC1,1,Piemonte,Piemonte,4356406,2727794,62.62,0.93
960,2021-03-31,PIE,19125,8120,11005,10099,8690,336,ITC,ITC1,1,Piemonte,Piemonte,4356406,2746919,63.05,0.44
961,2021-05-27,PIE,37378,17383,19995,18809,18133,436,ITC,ITC1,1,Piemonte,Piemonte,4356406,2784297,63.91,0.86
962,2021-03-03,PIE,12257,4771,7486,11249,818,190,ITC,ITC1,1,Piemonte,Piemonte,4356406,2796554,64.19,0.28
963,2021-03-20,PIE,11915,4896,7019,5775,5896,244,ITC,ITC1,1,Piemonte,Piemonte,4356406,2808469,64.47,0.27
964,2021-04-17,PIE,30448,14148,16300,26451,3306,691,ITC,ITC1,1,Piemonte,Piemonte,4356406,2838917,65.17,0.7
965,2021-06-13,PIE,37965,20040,17925,33114,4121,730,ITC,ITC1,1,Piemonte,Piemonte,4356406,2876882,66.04,0.87
966,2021-02-10,PIE,7528,2368,5160,1298,6215,15,ITC,ITC1,1,Piemonte,Piemonte,4356406,2884410,66.21,0.17
967,2021-01-19,PIE,6454,2103,4351,6436,9,9,ITC,ITC1,1,Piemonte,Piemonte,4356406,2890864,66.36,0.15
968,2021-07-23,PIE,37653,19857,17796,8103,29201,349,ITC,ITC1,1,Piemonte,Piemonte,4356406,2928517,67.22,0.86
969,2021-04-14,PIE,27672,12546,15126,22457,4519,696,ITC,ITC1,1,Piemonte,Piemonte,4356406,2956189,67.86,0.64
970,2021-05-11,PIE,32050,15447,16603,18184,13227,639,ITC,ITC1,1,Piemonte,Piemonte,4356406,2988239,68.59,0.74
971,2021-01-31,PIE,4114,1754,2360,111,4003,0,ITC,ITC1,1,Piemonte,Piemonte,4356406,2992353,68.69,0.09
972,2021-07-18,PIE,32861,17240,15621,3275,29302,284,ITC,ITC1,1,Piemonte,Piemonte,4356406,3025214,69.44,0.75
973,2021-02-07,PIE,3083,971,2112,440,2642,1,ITC,ITC1,1,Piemonte,Piemonte,4356406,3028297,69.51,0.07
974,2021-07-11,PIE,33128,16888,16240,4518,28307,303,ITC,ITC1,1,Piemonte,Piemonte,4356406,3061425,70.27,0.76
975,2021-02-16,PIE,3965,1755,2210,3159,758,48,ITC,ITC1,1,Piemonte,Piemonte,4356406,3065390,70.37,0.09
976,2021-03-24,PIE,15552,6391,9161,6104,9120,328,ITC,ITC1,1,Piemonte,Piemonte,4356406,3080942,70.72,0.36
977,2021-05-20,PIE,38611,17937,20674,13319,24939,353,ITC,ITC1,1,Piemonte,Piemonte,4356406,3119553,71.61,0.89
978,2021-02-09,PIE,7386,2313,5073,713,6671,2,ITC,ITC1,1,Piemonte,Piemonte,4356406,3126939,71.78,0.17
979,2021-05-28,PIE,35048,16604,18444,18659,15982,407,ITC,ITC1,1,Piemonte,Piemonte,4356406,3161987,72.58,0.8
980,2021-01-25,PIE,6211,1937,4274,975,5234,2,ITC,ITC1,1,Piemonte,Piemonte,4356406,3168198,72.73,0.14
981,2021-05-30,PIE,27703,13185,14518,18009,9325,369,ITC,ITC1,1,Piemonte,Piemonte,4356406,3195901,73.36,0.64
982,2021-02-19,PIE,5533,2175,3358,4912,501,120,ITC,ITC1,1,Piemonte,Piemonte,4356406,3201434,73.49,0.13
983,2021-06-04,PIE,37546,19631,17915,34025,2949,572,ITC,ITC1,1,Piemonte,Piemonte,4356406,3238980,74.35,0.86
984,2021-02-24,PIE,11375,4602,6773,10728,504,143,ITC,ITC1,1,Piemonte,Piemonte,4356406,3250355,74.61,0.26
985,2021-06-06,PIE,35080,18329,16751,32052,2488,540,ITC,ITC1,1,Piemonte,Piemonte,4356406,3285435,75.42,0.81
986,2021-02-17,PIE,4791,2157,2634,3743,990,58,ITC,ITC1,1,Piemonte,Piemonte,4356406,3290226,75.53,0.11
987,2021-06-08,PIE,37648,19495,18153,34127,2839,682,ITC,ITC1,1,Piemonte,Piemonte,4356406,3327874,76.39,0.86
988,2021-04-26,PIE,19800,8752,11048,14911,4397,492,ITC,ITC1,1,Piemonte,Piemonte,4356406,3347674,76.84,0.45
989,2021-05-01,PIE,28538,12995,15543,16318,11788,432,ITC,ITC1,1,Piemonte,Piemonte,4356406,3376212,77.5,0.66
990,2021-01-21,PIE,6868,2311,4557,3366,3496,6,ITC,ITC1,1,Piemonte,Piemonte,4356406,3383080,77.66,0.16
991,2021-05-15,PIE,33766,15738,18028,19392,13716,658,ITC,ITC1,1,Piemonte,Piemonte,4356406,3416846,78.43,0.78
992,2021-06-01,PIE,29301,14700,14601,24454,4424,423,ITC,ITC1,1,Piemonte,Piemonte,4356406,3446147,79.11,0.67
993,2021-02-21,PIE,5088,2083,3005,4936,102,50,ITC,ITC1,1,Piemonte,Piemonte,4356406,3451235,79.22,0.12
994,2021-04-08,PIE,25291,11003,14288,20020,4721,550,ITC,ITC1,1,Piemonte,Piemonte,4356406,3476526,79.8,0.58
995,2021-07-19,PIE,39494,20559,18935,4592,34620,282,ITC,ITC1,1,Piemonte,Piemonte,4356406,3516020,80.71,0.91
996,2021-04-10,PIE,30149,13403,16746,25251,4263,635,ITC,ITC1,1,Piemonte,Piemonte,4356406,3546169,81.4,0.69
997,2021-04-15,PIE,29522,13529,15993,23383,5476,663,ITC,ITC1,1,Piemonte,Piemonte,4356406,3575691,82.08,0.68
998,2021-01-05,PIE,5373,1601,3772,5368,0,5,ITC,ITC1,1,Piemonte,Piemonte,4356406,3581064,82.2,0.12
999,2021-05-06,PIE,33389,15765,17624,19279,13521,589,ITC,ITC1,1,Piemonte,Piemonte,4356406,3614453,82.97,0.77
1000,2021-05-23,PIE,28721,13141,15580,15459,12949,313,ITC,ITC1,1,Piemonte,Piemonte,4356406,3643174,83.63,0.66
1001,2021-02-12,PIE,6885,2213,4672,3901,2961,23,ITC,ITC1,1,Piemonte,Piemonte,4356406,3650059,83.79,0.16
1002,2021-03-01,PIE,12109,4910,7199,11132,808,169,ITC,ITC1,1,Piemonte,Piemonte,4356406,3662168,84.06,0.28
1003,2021-05-25,PIE,31141,14447,16694,15610,15141,390,ITC,ITC1,1,Piemonte,Piemonte,4356406,3693309,84.78,0.71
1004,2021-06-11,PIE,43539,23050,20489,39928,2830,781,ITC,ITC1,1,Piemonte,Piemonte,4356406,3736848,85.78,1.0
1005,2021-07-16,PIE,41906,21899,20007,3615,37908,383,ITC,ITC1,1,Piemonte,Piemonte,4356406,3778754,86.74,0.96
1006,2021-04-07,PIE,23590,9987,13603,17617,5458,515,ITC,ITC1,1,Piemonte,Piemonte,4356406,3802344,87.28,0.54
1007,2021-05-22,PIE,33487,15121,18366,16868,16216,403,ITC,ITC1,1,Piemonte,Piemonte,4356406,3835831,88.05,0.77
1008,2021-05-03,PIE,26682,12206,14476,12042,14207,433,ITC,ITC1,1,Piemonte,Piemonte,4356406,3862513,88.66,0.61
1009,2021-02-26,PIE,12284,4928,7356,11344,736,204,ITC,ITC1,1,Piemonte,Piemonte,4356406,3874797,88.94,0.28
1010,2021-04-24,PIE,27496,12431,15065,21292,5657,547,ITC,ITC1,1,Piemonte,Piemonte,4356406,3902293,89.58,0.63
1011,2021-06-20,PIE,34043,17073,16970,18734,14770,539,ITC,ITC1,1,Piemonte,Piemonte,4356406,3936336,90.36,0.78
1012,2021-03-12,PIE,14098,5327,8771,10885,2935,278,ITC,ITC1,1,Piemonte,Piemonte,4356406,3950434,90.68,0.32
1013,2021-07-04,PIE,33727,17000,16727,11233,21907,587,ITC,ITC1,1,Piemonte,Piemonte,4356406,3984161,91.46,0.77
1014,2021-03-26,PIE,17882,7103,10779,8475,8882,525,ITC,ITC1,1,Piemonte,Piemonte,4356406,4002043,91.87,0.41
1015,2021-06-03,PIE,34618,17884,16734,29701,4407,510,ITC,ITC1,1,Piemonte,Piemonte,4356406,4036661,92.66,0.79
1016,2021-06-22,PIE,40559,20037,20522,17791,22249,519,ITC,ITC1,1,Piemonte,Piemonte,4356406,4077220,93.59,0.93
1017,2021-01-07,PIE,5368,1729,3639,5366,0,2,ITC,ITC1,1,Piemonte,Piemonte,4356406,4082588,93.71,0.12
1018,2021-03-05,PIE,15552,6226,9326,11464,3818,270,ITC,ITC1,1,Piemonte,Piemonte,4356406,4098140,94.07,0.36
1019,2021-06-15,PIE,38902,20039,18863,26496,11765,641,ITC,ITC1,1,Piemonte,Piemonte,4356406,4137042,94.96,0.89
1020,2021-03-07,PIE,11977,4664,7313,10857,878,242,ITC,ITC1,1,Piemonte,Piemonte,4356406,4149019,95.24,0.27
1021,2021-04-19,PIE,22540,10762,11778,17641,4350,549,ITC,ITC1,1,Piemonte,Piemonte,4356406,4171559,95.76,0.52
1022,2021-01-09,PIE,6177,2182,3995,6176,0,1,ITC,ITC1,1,Piemonte,Piemonte,4356406,4177736,95.9,0.14
1023,2021-01-26,PIE,6332,1881,4451,731,5600,1,ITC,ITC1,1,Piemonte,Piemonte,4356406,4184068,96.04,0.15
1024,2021-01-14,PIE,9754,3146,6608,9748,0,6,ITC,ITC1,1,Piemonte,Piemonte,4356406,4193822,96.27,0.22
1025,2020-12-31,PIE,3878,1320,2558,3878,0,0,ITC,ITC1,1,Piemonte,Piemonte,4356406,4197700,96.36,0.09
1026,2021-05-08,PIE,34262,16261,18001,18120,15633,509,ITC,ITC1,1,Piemonte,Piemonte,4356406,4231962,97.14,0.79
1027,2021-01-28,PIE,5588,1808,3780,380,5208,0,ITC,ITC1,1,Piemonte,Piemonte,4356406,4237550,97.27,0.13
1028,2021-02-14,PIE,1476,498,978,869,600,7,ITC,ITC1,1,Piemonte,Piemonte,4356406,4239026,97.31,0.03
1029,2021-05-09,PIE,27143,12928,14215,13146,13618,379,ITC,ITC1,1,Piemonte,Piemonte,4356406,4266169,97.93,0.62
1030,2021-05-26,PIE,32745,15102,17643,15315,17077,353,ITC,ITC1,1,Piemonte,Piemonte,4356406,4298914,98.68,0.75
1031,2021-02-15,PIE,4425,1597,2828,3196,1205,24,ITC,ITC1,1,Piemonte,Piemonte,4356406,4303339,98.78,0.1
1032,2021-03-04,PIE,14633,5859,8774,11474,2941,218,ITC,ITC1,1,Piemonte,Piemonte,4356406,4317972,99.12,0.34
1033,2021-06-25,PIE,45462,22662,22800,20271,24520,671,ITC,ITC1,1,Piemonte,Piemonte,4356406,4363434,100.16,1.04
1034,2021-04-03,PIE,19444,8179,11265,10595,8543,306,ITC,ITC1,1,Piemonte,Piemonte,4356406,4382878,100.61,0.45
1035,2021-01-10,PIE,5205,2272,2933,5203,0,2,ITC,ITC1,1,Piemonte,Piemonte,4356406,4388083,100.73,0.12
1036,2021-07-14,PIE,38939,20034,18905,3572,34950,417,ITC,ITC1,1,Piemonte,Piemonte,4356406,4427022,101.62,0.89
1037,2021-04-22,PIE,27656,12737,14919,20192,6689,775,ITC,ITC1,1,Piemonte,Piemonte,4356406,4454678,102.26,0.63
1038,2021-01-12,PIE,10077,3411,6666,10070,0,7,ITC,ITC1,1,Piemonte,Piemonte,4356406,4464755,102.49,0.23
1039,2021-01-29,PIE,5937,1883,4054,452,5485,0,ITC,ITC1,1,Piemonte,Piemonte,4356406,4470692,102.62,0.14
1040,2021-02-28,PIE,10807,4057,6750,10395,240,172,ITC,ITC1,1,Piemonte,Piemonte,4356406,4481499,102.87,0.25
1041,2021-03-17,PIE,12515,5055,7460,5041,7294,180,ITC,ITC1,1,Piemonte,Piemonte,4356406,4494014,103.16,0.29
1042,2021-06-10,PIE,40391,21112,19279,36979,2568,844,ITC,ITC1,1,Piemonte,Piemonte,4356406,4534405,104.09,0.93
1043,2021-06-27,PIE,37501,18593,18908,15189,21738,574,ITC,ITC1,1,Piemonte,Piemonte,4356406,4571906,104.95,0.86
1044,2021-03-19,PIE,11025,4517,6508,4216,6603,206,ITC,ITC1,1,Piemonte,Piemonte,4356406,4582931,105.2,0.25
1045,2021-04-05,PIE,14741,6232,8509,11940,2550,251,ITC,ITC1,1,Piemonte,Piemonte,4356406,4597672,105.54,0.34
1046,2021-06-29,PIE,40488,20226,20262,19200,20649,639,ITC,ITC1,1,Piemonte,Piemonte,4356406,4638160,106.47,0.93
1047,2021-01-23,VEN,4055,1249,2806,31,4024,0,ITH,ITH3,5,Veneto,Veneto,4905854,4055,0.08,0.08
1048,2021-06-29,VEN,45504,22702,22802,19004,25789,711,ITH,ITH3,5,Veneto,Veneto,4905854,49559,1.01,0.93
1049,2021-03-21,VEN,11983,4754,7229,8279,3464,240,ITH,ITH3,5,Veneto,Veneto,4905854,61542,1.25,0.24
1050,2021-01-16,VEN,4611,1542,3069,4611,0,0,ITH,ITH3,5,Veneto,Veneto,4905854,66153,1.35,0.09
1051,2021-03-14,VEN,15176,5942,9234,13845,894,437,ITH,ITH3,5,Veneto,Veneto,4905854,81329,1.66,0.31
1052,2021-05-17,VEN,26505,12981,13524,15653,10025,827,ITH,ITH3,5,Veneto,Veneto,4905854,107834,2.2,0.54
1053,2021-02-06,VEN,4096,1354,2742,709,3387,0,ITH,ITH3,5,Veneto,Veneto,4905854,111930,2.28,0.08
1054,2021-02-23,VEN,7383,3253,4130,7029,270,84,ITH,ITH3,5,Veneto,Veneto,4905854,119313,2.43,0.15
1055,2021-01-11,VEN,7242,2102,5140,7241,0,1,ITH,ITH3,5,Veneto,Veneto,4905854,126555,2.58,0.15
1056,2021-04-21,VEN,32371,13191,19180,15543,16056,772,ITH,ITH3,5,Veneto,Veneto,4905854,158926,3.24,0.66
1057,2021-05-22,VEN,34792,16688,18104,12705,21419,668,ITH,ITH3,5,Veneto,Veneto,4905854,193718,3.95,0.71
1058,2021-02-11,VEN,4012,1238,2774,3345,628,39,ITH,ITH3,5,Veneto,Veneto,4905854,197730,4.03,0.08
1059,2021-01-28,VEN,9212,2664,6548,168,9042,2,ITH,ITH3,5,Veneto,Veneto,4905854,206942,4.22,0.19
1060,2021-05-05,VEN,44371,21257,23114,36170,6568,1633,ITH,ITH3,5,Veneto,Veneto,4905854,251313,5.12,0.9
1061,2021-07-01,VEN,50755,25919,24836,20583,29140,1032,ITH,ITH3,5,Veneto,Veneto,4905854,302068,6.16,1.03
1062,2021-05-12,VEN,36927,17878,19049,30188,5125,1614,ITH,ITH3,5,Veneto,Veneto,4905854,338995,6.91,0.75
1063,2021-07-13,VEN,43449,22544,20905,5379,37755,315,ITH,ITH3,5,Veneto,Veneto,4905854,382444,7.8,0.89
1064,2021-04-04,VEN,7783,3531,4252,6511,1148,124,ITH,ITH3,5,Veneto,Veneto,4905854,390227,7.95,0.16
1065,2021-05-24,VEN,33039,16412,16627,7625,25009,405,ITH,ITH3,5,Veneto,Veneto,4905854,423266,8.63,0.67
1066,2021-06-17,VEN,51652,25889,25763,25518,24987,1147,ITH,ITH3,5,Veneto,Veneto,4905854,474918,9.68,1.05
1067,2021-03-09,VEN,16543,7446,9097,9824,6323,396,ITH,ITH3,5,Veneto,Veneto,4905854,491461,10.02,0.34
1068,2021-05-31,VEN,31629,16234,15395,20884,9923,822,ITH,ITH3,5,Veneto,Veneto,4905854,523090,10.66,0.64
1069,2021-03-26,VEN,29605,13154,16451,23285,5463,857,ITH,ITH3,5,Veneto,Veneto,4905854,552695,11.27,0.6
1070,2021-03-28,VEN,31302,13604,17698,26879,3612,811,ITH,ITH3,5,Veneto,Veneto,4905854,583997,11.9,0.64
1071,2021-06-19,VEN,49267,25067,24200,25657,22562,1048,ITH,ITH3,5,Veneto,Veneto,4905854,633264,12.91,1.0
1072,2021-07-18,VEN,37699,19748,17951,3839,33610,250,ITH,ITH3,5,Veneto,Veneto,4905854,670963,13.68,0.77
1073,2021-02-25,VEN,7898,3339,4559,7156,605,137,ITH,ITH3,5,Veneto,Veneto,4905854,678861,13.84,0.16
1074,2021-04-09,VEN,31197,13765,17432,21912,8345,940,ITH,ITH3,5,Veneto,Veneto,4905854,710058,14.47,0.64
1075,2021-06-05,VEN,46818,24112,22706,37318,8055,1445,ITH,ITH3,5,Veneto,Veneto,4905854,756876,15.43,0.95
1076,2021-04-23,VEN,31265,13845,17420,21404,8707,1154,ITH,ITH3,5,Veneto,Veneto,4905854,788141,16.07,0.64
1077,2021-02-16,VEN,6644,2870,3774,6438,176,30,ITH,ITH3,5,Veneto,Veneto,4905854,794785,16.2,0.14
1078,2021-05-10,VEN,36501,17080,19421,25420,9847,1234,ITH,ITH3,5,Veneto,Veneto,4905854,831286,16.94,0.74
1079,2021-01-30,VEN,8747,2672,6075,692,8055,0,ITH,ITH3,5,Veneto,Veneto,4905854,840033,17.12,0.18
1080,2021-03-07,VEN,4493,1768,2725,3863,561,69,ITH,ITH3,5,Veneto,Veneto,4905854,844526,17.21,0.09
1081,2021-05-03,VEN,40697,19802,20895,32791,6443,1463,ITH,ITH3,5,Veneto,Veneto,4905854,885223,18.04,0.83
1082,2021-04-28,VEN,32424,15183,17241,22227,9017,1180,ITH,ITH3,5,Veneto,Veneto,4905854,917647,18.71,0.66
1083,2021-07-20,VEN,44209,23608,20601,6828,36870,511,ITH,ITH3,5,Veneto,Veneto,4905854,961856,19.61,0.9
1084,2021-01-18,VEN,2763,776,1987,2559,199,5,ITH,ITH3,5,Veneto,Veneto,4905854,964619,19.66,0.06
1085,2021-02-04,VEN,7392,2028,5364,550,6841,1,ITH,ITH3,5,Veneto,Veneto,4905854,972011,19.81,0.15
1086,2021-04-30,VEN,50030,23496,26534,32973,15664,1393,ITH,ITH3,5,Veneto,Veneto,4905854,1022041,20.83,1.02
1087,2021-01-20,VEN,1038,368,670,386,652,0,ITH,ITH3,5,Veneto,Veneto,4905854,1023079,20.85,0.02
1088,2021-03-02,VEN,11492,4627,6865,7934,3311,247,ITH,ITH3,5,Veneto,Veneto,4905854,1034571,21.09,0.23
1089,2021-06-10,VEN,52279,26982,25297,41284,9305,1690,ITH,ITH3,5,Veneto,Veneto,4905854,1086850,22.15,1.07
1090,2021-04-02,VEN,24096,10620,13476,17127,6328,641,ITH,ITH3,5,Veneto,Veneto,4905854,1110946,22.65,0.49
1091,2021-06-09,VEN,42739,21929,20810,33776,7422,1541,ITH,ITH3,5,Veneto,Veneto,4905854,1153685,23.52,0.87
1092,2021-01-09,VEN,7929,2539,5390,7923,0,6,ITH,ITH3,5,Veneto,Veneto,4905854,1161614,23.68,0.16
1093,2021-03-18,VEN,12612,5139,7473,7031,5229,352,ITH,ITH3,5,Veneto,Veneto,4905854,1174226,23.94,0.26
1094,2021-06-26,VEN,48039,24497,23542,13557,33978,504,ITH,ITH3,5,Veneto,Veneto,4905854,1222265,24.91,0.98
1095,2021-07-08,VEN,46518,24208,22310,4436,41778,304,ITH,ITH3,5,Veneto,Veneto,4905854,1268783,25.86,0.95
1096,2021-06-24,VEN,56038,28381,27657,17550,37786,702,ITH,ITH3,5,Veneto,Veneto,4905854,1324821,27.0,1.14
1097,2021-03-16,VEN,12529,5354,7175,6640,5622,267,ITH,ITH3,5,Veneto,Veneto,4905854,1337350,27.26,0.26
1098,2021-03-23,VEN,22216,10241,11975,16868,4713,635,ITH,ITH3,5,Veneto,Veneto,4905854,1359566,27.71,0.45
1099,2021-05-19,VEN,33073,15142,17931,16185,15955,933,ITH,ITH3,5,Veneto,Veneto,4905854,1392639,28.39,0.67
1100,2021-07-06,VEN,36057,18584,17473,13146,22258,653,ITH,ITH3,5,Veneto,Veneto,4905854,1428696,29.12,0.73
1101,2021-04-14,VEN,15923,6904,9019,8752,6630,541,ITH,ITH3,5,Veneto,Veneto,4905854,1444619,29.45,0.32
1102,2021-01-04,VEN,6737,2035,4702,6735,0,2,ITH,ITH3,5,Veneto,Veneto,4905854,1451356,29.58,0.14
1103,2021-05-14,VEN,46750,22232,24518,24296,20881,1573,ITH,ITH3,5,Veneto,Veneto,4905854,1498106,30.54,0.95
1104,2021-02-20,VEN,6425,2015,4410,6274,71,80,ITH,ITH3,5,Veneto,Veneto,4905854,1504531,30.67,0.13
1105,2021-06-12,VEN,48645,24481,24164,36400,10786,1459,ITH,ITH3,5,Veneto,Veneto,4905854,1553176,31.66,0.99
1106,2021-05-02,VEN,37238,17263,19975,25613,10330,1295,ITH,ITH3,5,Veneto,Veneto,4905854,1590414,32.42,0.76
1107,2021-06-14,VEN,42610,21547,21063,26302,15306,1002,ITH,ITH3,5,Veneto,Veneto,4905854,1633024,33.29,0.87
1108,2021-05-29,VEN,33017,16680,16337,24234,7669,1114,ITH,ITH3,5,Veneto,Veneto,4905854,1666041,33.96,0.67
1109,2021-02-18,VEN,5828,2455,3373,5725,64,39,ITH,ITH3,5,Veneto,Veneto,4905854,1671869,34.08,0.12
1110,2021-07-25,VEN,10782,5647,5135,3623,6993,166,ITH,ITH3,5,Veneto,Veneto,4905854,1682651,34.3,0.22
1111,2021-04-16,VEN,24452,10494,13958,11889,11886,677,ITH,ITH3,5,Veneto,Veneto,4905854,1707103,34.8,0.5
1112,2021-04-18,VEN,17515,7254,10261,9499,7565,451,ITH,ITH3,5,Veneto,Veneto,4905854,1724618,35.15,0.36
1113,2021-05-28,VEN,46787,22910,23877,23678,21914,1195,ITH,ITH3,5,Veneto,Veneto,4905854,1771405,36.11,0.95
1114,2021-07-24,VEN,36045,19326,16719,12643,22772,630,ITH,ITH3,5,Veneto,Veneto,4905854,1807450,36.84,0.73
1115,2021-07-10,VEN,43100,23179,19921,6285,36453,362,ITH,ITH3,5,Veneto,Veneto,4905854,1850550,37.72,0.88
1116,2021-07-17,VEN,40343,21344,18999,4260,35745,338,ITH,ITH3,5,Veneto,Veneto,4905854,1890893,38.54,0.82
1117,2021-05-21,VEN,44805,22033,22772,19932,23773,1100,ITH,ITH3,5,Veneto,Veneto,4905854,1935698,39.46,0.91
1118,2021-07-03,VEN,38685,20109,18576,11013,27087,585,ITH,ITH3,5,Veneto,Veneto,4905854,1974383,40.25,0.79
1119,2021-06-16,VEN,47725,23540,24185,25270,21370,1085,ITH,ITH3,5,Veneto,Veneto,4905854,2022108,41.22,0.97
1120,2021-01-01,VEN,1528,471,1057,1527,0,1,ITH,ITH3,5,Veneto,Veneto,4905854,2023636,41.25,0.03
1121,2021-03-25,VEN,25960,11057,14903,18965,6100,895,ITH,ITH3,5,Veneto,Veneto,4905854,2049596,41.78,0.53
1122,2021-04-11,VEN,21004,8871,12133,14226,6293,485,ITH,ITH3,5,Veneto,Veneto,4905854,2070600,42.21,0.43
1123,2021-06-28,VEN,47571,24073,23498,18356,28492,723,ITH,ITH3,5,Veneto,Veneto,4905854,2118171,43.18,0.97
1124,2021-01-25,VEN,6470,2077,4393,159,6311,0,ITH,ITH3,5,Veneto,Veneto,4905854,2124641,43.31,0.13
1125,2021-07-15,VEN,51075,26742,24333,5956,44749,370,ITH,ITH3,5,Veneto,Veneto,4905854,2175716,44.35,1.04
1126,2021-04-20,VEN,22439,9499,12940,7869,14001,569,ITH,ITH3,5,Veneto,Veneto,4905854,2198155,44.81,0.46
1127,2021-05-09,VEN,35074,16139,18935,23777,10055,1242,ITH,ITH3,5,Veneto,Veneto,4905854,2233229,45.52,0.71
1128,2021-02-08,VEN,5004,1559,3445,1923,3075,6,ITH,ITH3,5,Veneto,Veneto,4905854,2238233,45.62,0.1
1129,2021-04-06,VEN,28964,13329,15635,23199,5042,723,ITH,ITH3,5,Veneto,Veneto,4905854,2267197,46.21,0.59
1130,2021-02-01,VEN,8563,2502,6061,159,8404,0,ITH,ITH3,5,Veneto,Veneto,4905854,2275760,46.39,0.17
1131,2021-02-15,VEN,4389,1824,2565,4140,240,9,ITH,ITH3,5,Veneto,Veneto,4905854,2280149,46.48,0.09
1132,2021-03-30,VEN,35972,15299,20673,29721,5244,1007,ITH,ITH3,5,Veneto,Veneto,4905854,2316121,47.21,0.73
1133,2021-05-07,VEN,48587,23281,25306,37565,8668,2354,ITH,ITH3,5,Veneto,Veneto,4905854,2364708,48.2,0.99
1134,2021-01-27,VEN,7141,2064,5077,240,6900,1,ITH,ITH3,5,Veneto,Veneto,4905854,2371849,48.35,0.15
1135,2021-02-13,VEN,3266,1473,1793,3230,20,16,ITH,ITH3,5,Veneto,Veneto,4905854,2375115,48.41,0.07
1136,2021-03-03,VEN,12098,4647,7451,8387,3500,211,ITH,ITH3,5,Veneto,Veneto,4905854,2387213,48.66,0.25
1137,2021-06-11,VEN,47289,24595,22694,34703,11168,1418,ITH,ITH3,5,Veneto,Veneto,4905854,2434502,49.62,0.96
1138,2021-06-25,VEN,51643,26134,25509,15007,35983,653,ITH,ITH3,5,Veneto,Veneto,4905854,2486145,50.68,1.05
1139,2021-03-06,VEN,10667,4356,6311,7218,3262,187,ITH,ITH3,5,Veneto,Veneto,4905854,2496812,50.89,0.22
1140,2020-12-30,VEN,699,245,454,699,0,0,ITH,ITH3,5,Veneto,Veneto,4905854,2497511,50.91,0.01
1141,2021-06-07,VEN,44680,23310,21370,36188,7018,1474,ITH,ITH3,5,Veneto,Veneto,4905854,2542191,51.82,0.91
1142,2021-02-27,VEN,8991,2692,6299,7963,847,181,ITH,ITH3,5,Veneto,Veneto,4905854,2551182,52.0,0.18
1143,2021-05-26,VEN,31122,15212,15910,13970,16477,675,ITH,ITH3,5,Veneto,Veneto,4905854,2582304,52.64,0.63
1144,2021-03-01,VEN,9394,3716,5678,7409,1822,163,ITH,ITH3,5,Veneto,Veneto,4905854,2591698,52.83,0.19
1145,2021-07-12,VEN,43199,22761,20438,3986,38884,329,ITH,ITH3,5,Veneto,Veneto,4905854,2634897,53.71,0.88
1146,2021-04-03,VEN,21961,9631,12330,13847,7710,404,ITH,ITH3,5,Veneto,Veneto,4905854,2656858,54.16,0.45
1147,2021-03-20,VEN,13023,5388,7635,10650,2082,291,ITH,ITH3,5,Veneto,Veneto,4905854,2669881,54.42,0.27
1148,2021-01-10,VEN,5035,1673,3362,5034,0,1,ITH,ITH3,5,Veneto,Veneto,4905854,2674916,54.52,0.1
1149,2021-05-23,VEN,34489,16466,18023,10618,23402,469,ITH,ITH3,5,Veneto,Veneto,4905854,2709405,55.23,0.7
1150,2021-02-12,VEN,4314,1447,2867,3671,572,71,ITH,ITH3,5,Veneto,Veneto,4905854,2713719,55.32,0.09
1151,2021-01-08,VEN,9407,2835,6572,9393,0,14,ITH,ITH3,5,Veneto,Veneto,4905854,2723126,55.51,0.19
1152,2021-01-13,VEN,5986,1606,4380,5983,0,3,ITH,ITH3,5,Veneto,Veneto,4905854,2729112,55.63,0.12
1153,2021-04-25,VEN,18335,8157,10178,12906,4834,595,ITH,ITH3,5,Veneto,Veneto,4905854,2747447,56.0,0.37
1154,2021-02-17,VEN,6022,2772,3250,5900,94,28,ITH,ITH3,5,Veneto,Veneto,4905854,2753469,56.13,0.12
1155,2021-04-01,VEN,25348,11169,14179,18162,6412,774,ITH,ITH3,5,Veneto,Veneto,4905854,2778817,56.64,0.52
1156,2021-04-15,VEN,20915,8637,12278,9345,10824,746,ITH,ITH3,5,Veneto,Veneto,4905854,2799732,57.07,0.43
1157,2021-01-05,VEN,7331,2184,5147,7329,0,2,ITH,ITH3,5,Veneto,Veneto,4905854,2807063,57.22,0.15
1158,2021-02-10,VEN,4754,1589,3165,3690,1055,9,ITH,ITH3,5,Veneto,Veneto,4905854,2811817,57.32,0.1
1159,2021-04-08,VEN,32372,14369,18003,23326,7876,1170,ITH,ITH3,5,Veneto,Veneto,4905854,2844189,57.98,0.66
1160,2021-06-04,VEN,49615,25823,23792,39812,8136,1667,ITH,ITH3,5,Veneto,Veneto,4905854,2893804,58.99,1.01
1161,2021-02-24,VEN,8616,3679,4937,7994,488,134,ITH,ITH3,5,Veneto,Veneto,4905854,2902420,59.16,0.18
1162,2021-07-14,VEN,43418,22321,21097,5258,37766,394,ITH,ITH3,5,Veneto,Veneto,4905854,2945838,60.05,0.89
1163,2021-04-22,VEN,32037,13934,18103,15466,15750,821,ITH,ITH3,5,Veneto,Veneto,4905854,2977875,60.7,0.65
1164,2021-04-10,VEN,27470,11979,15491,18378,8468,624,ITH,ITH3,5,Veneto,Veneto,4905854,3005345,61.26,0.56
1165,2021-06-06,VEN,37429,19162,18267,31485,4725,1219,ITH,ITH3,5,Veneto,Veneto,4905854,3042774,62.02,0.76
1166,2020-12-27,VEN,880,395,485,880,0,0,ITH,ITH3,5,Veneto,Veneto,4905854,3043654,62.04,0.02
1167,2021-05-30,VEN,22541,11265,11276,15204,6687,650,ITH,ITH3,5,Veneto,Veneto,4905854,3066195,62.5,0.46
1168,2021-07-19,VEN,44675,23525,21150,7904,36367,404,ITH,ITH3,5,Veneto,Veneto,4905854,3110870,63.41,0.91
1169,2021-02-26,VEN,8297,3273,5024,6943,1260,94,ITH,ITH3,5,Veneto,Veneto,4905854,3119167,63.58,0.17
1170,2021-04-24,VEN,24762,10829,13933,14962,9078,722,ITH,ITH3,5,Veneto,Veneto,4905854,3143929,64.09,0.5
1171,2021-01-14,VEN,7064,1925,5139,7044,0,20,ITH,ITH3,5,Veneto,Veneto,4905854,3150993,64.23,0.14
1172,2021-03-12,VEN,18658,8194,10464,11330,6748,580,ITH,ITH3,5,Veneto,Veneto,4905854,3169651,64.61,0.38
1173,2021-07-22,VEN,47772,24787,22985,13125,34020,627,ITH,ITH3,5,Veneto,Veneto,4905854,3217423,65.58,0.97
1174,2021-04-13,VEN,14027,6324,7703,8051,5477,499,ITH,ITH3,5,Veneto,Veneto,4905854,3231450,65.87,0.29
1175,2021-07-05,VEN,39080,20262,18818,14094,24172,814,ITH,ITH3,5,Veneto,Veneto,4905854,3270530,66.67,0.8
1176,2021-01-03,VEN,5157,1562,3595,5157,0,0,ITH,ITH3,5,Veneto,Veneto,4905854,3275687,66.77,0.11
1177,2021-03-04,VEN,12982,4885,8097,9120,3473,389,ITH,ITH3,5,Veneto,Veneto,4905854,3288669,67.04,0.26
1178,2021-07-07,VEN,40793,21223,19570,15573,24413,807,ITH,ITH3,5,Veneto,Veneto,4905854,3329462,67.87,0.83
1179,2021-05-11,VEN,33162,16498,16664,27123,4722,1317,ITH,ITH3,5,Veneto,Veneto,4905854,3362624,68.54,0.68
1180,2021-01-22,VEN,1080,332,748,25,1055,0,ITH,ITH3,5,Veneto,Veneto,4905854,3363704,68.57,0.02
1181,2021-01-29,VEN,9023,2788,6235,366,8657,0,ITH,ITH3,5,Veneto,Veneto,4905854,3372727,68.75,0.18
1182,2021-05-08,VEN,41477,18763,22714,28226,11823,1428,ITH,ITH3,5,Veneto,Veneto,4905854,3414204,69.59,0.85
1183,2021-06-27,VEN,40232,20553,19679,15330,24303,599,ITH,ITH3,5,Veneto,Veneto,4905854,3454436,70.41,0.82
1184,2021-06-22,VEN,43696,21607,22089,18447,24370,879,ITH,ITH3,5,Veneto,Veneto,4905854,3498132,71.31,0.89
1185,2021-04-26,VEN,20723,9456,11267,14909,5137,677,ITH,ITH3,5,Veneto,Veneto,4905854,3518855,71.73,0.42
1186,2021-04-17,VEN,22430,9088,13342,14359,7274,797,ITH,ITH3,5,Veneto,Veneto,4905854,3541285,72.18,0.46
1187,2021-01-07,VEN,8360,2317,6043,8359,0,1,ITH,ITH3,5,Veneto,Veneto,4905854,3549645,72.36,0.17
1188,2021-06-13,VEN,37331,19250,18081,29310,6957,1064,ITH,ITH3,5,Veneto,Veneto,4905854,3586976,73.12,0.76
1189,2021-01-21,VEN,2293,719,1574,21,2272,0,ITH,ITH3,5,Veneto,Veneto,4905854,3589269,73.16,0.05
1190,2021-03-05,VEN,13337,5020,8317,9223,3670,444,ITH,ITH3,5,Veneto,Veneto,4905854,3602606,73.43,0.27
1191,2021-06-21,VEN,44293,22170,22123,20413,22947,933,ITH,ITH3,5,Veneto,Veneto,4905854,3646899,74.34,0.9
1192,2021-01-06,VEN,8136,2388,5748,8133,0,3,ITH,ITH3,5,Veneto,Veneto,4905854,3655035,74.5,0.17
1193,2021-06-23,VEN,49195,24383,24812,14532,33833,830,ITH,ITH3,5,Veneto,Veneto,4905854,3704230,75.51,1.0
1194,2021-03-15,VEN,16670,7328,9342,10959,5209,502,ITH,ITH3,5,Veneto,Veneto,4905854,3720900,75.85,0.34
1195,2021-05-18,VEN,27005,12541,14464,12639,13603,763,ITH,ITH3,5,Veneto,Veneto,4905854,3747905,76.4,0.55
1196,2021-06-30,VEN,45669,23026,22643,17775,27122,772,ITH,ITH3,5,Veneto,Veneto,4905854,3793574,77.33,0.93
1197,2021-03-22,VEN,18146,8178,9968,12583,5046,517,ITH,ITH3,5,Veneto,Veneto,4905854,3811720,77.7,0.37
1198,2021-03-13,VEN,17232,7306,9926,13730,3131,371,ITH,ITH3,5,Veneto,Veneto,4905854,3828952,78.05,0.35
1199,2021-01-15,VEN,5876,1821,4055,5870,0,6,ITH,ITH3,5,Veneto,Veneto,4905854,3834828,78.17,0.12
1200,2021-05-20,VEN,44796,21241,23555,19350,24344,1102,ITH,ITH3,5,Veneto,Veneto,4905854,3879624,79.08,0.91
1201,2021-02-09,VEN,5249,1891,3358,3432,1804,13,ITH,ITH3,5,Veneto,Veneto,4905854,3884873,79.19,0.11
1202,2021-06-08,VEN,43840,22666,21174,36190,6141,1509,ITH,ITH3,5,Veneto,Veneto,4905854,3928713,80.08,0.89
1203,2021-05-25,VEN,27797,13419,14378,11256,16043,498,ITH,ITH3,5,Veneto,Veneto,4905854,3956510,80.65,0.57
1204,2021-02-14,VEN,126,56,70,113,13,0,ITH,ITH3,5,Veneto,Veneto,4905854,3956636,80.65,0.0
1205,2021-02-28,VEN,4136,1389,2747,3225,837,74,ITH,ITH3,5,Veneto,Veneto,4905854,3960772,80.74,0.08
1206,2021-03-17,VEN,14645,5992,8653,7526,6796,323,ITH,ITH3,5,Veneto,Veneto,4905854,3975417,81.03,0.3
1207,2021-05-04,VEN,42993,20360,22633,33309,8034,1650,ITH,ITH3,5,Veneto,Veneto,4905854,4018410,81.91,0.88
1208,2021-01-24,VEN,4117,1219,2898,28,4089,0,ITH,ITH3,5,Veneto,Veneto,4905854,4022527,81.99,0.08
1209,2021-04-07,VEN,36016,16187,19829,27571,7337,1108,ITH,ITH3,5,Veneto,Veneto,4905854,4058543,82.73,0.73
1210,2021-03-08,VEN,13631,6271,7360,9300,4069,262,ITH,ITH3,5,Veneto,Veneto,4905854,4072174,83.01,0.28
1211,2021-06-18,VEN,53569,26740,26829,23974,28558,1037,ITH,ITH3,5,Veneto,Veneto,4905854,4125743,84.1,1.09
1212,2021-03-27,VEN,32072,14014,18058,25369,5798,905,ITH,ITH3,5,Veneto,Veneto,4905854,4157815,84.75,0.65
1213,2021-06-03,VEN,54464,28004,26460,40855,11970,1639,ITH,ITH3,5,Veneto,Veneto,4905854,4212279,85.86,1.11
1214,2021-06-15,VEN,47787,24270,23517,29119,17512,1156,ITH,ITH3,5,Veneto,Veneto,4905854,4260066,86.84,0.97
1215,2021-05-27,VEN,46571,22883,23688,22331,23203,1037,ITH,ITH3,5,Veneto,Veneto,4905854,4306637,87.79,0.95
1216,2021-02-07,VEN,2316,863,1453,714,1601,1,ITH,ITH3,5,Veneto,Veneto,4905854,4308953,87.83,0.05
1217,2021-01-12,VEN,5231,1517,3714,5223,0,8,ITH,ITH3,5,Veneto,Veneto,4905854,4314184,87.94,0.11
1218,2021-04-19,VEN,21544,8923,12621,4709,16409,426,ITH,ITH3,5,Veneto,Veneto,4905854,4335728,88.38,0.44
1219,2021-04-05,VEN,19155,8371,10784,13419,5435,301,ITH,ITH3,5,Veneto,Veneto,4905854,4354883,88.77,0.39
1220,2021-01-26,VEN,6921,2091,4830,149,6772,0,ITH,ITH3,5,Veneto,Veneto,4905854,4361804,88.91,0.14
1221,2021-05-06,VEN,46987,22037,24950,36513,8474,2000,ITH,ITH3,5,Veneto,Veneto,4905854,4408791,89.87,0.96
1222,2021-03-19,VEN,13793,5669,8124,7404,6097,292,ITH,ITH3,5,Veneto,Veneto,4905854,4422584,90.15,0.28
1223,2021-07-16,VEN,44547,23969,20578,6887,37188,472,ITH,ITH3,5,Veneto,Veneto,4905854,4467131,91.06,0.91
1224,2021-01-31,VEN,4771,1565,3206,391,4380,0,ITH,ITH3,5,Veneto,Veneto,4905854,4471902,91.15,0.1
1225,2021-03-29,VEN,31452,13695,17757,26638,3820,994,ITH,ITH3,5,Veneto,Veneto,4905854,4503354,91.8,0.64
1226,2021-05-13,VEN,44269,21845,22424,32558,9882,1829,ITH,ITH3,5,Veneto,Veneto,4905854,4547623,92.7,0.9
1227,2021-02-02,VEN,6512,1881,4631,396,6116,0,ITH,ITH3,5,Veneto,Veneto,4905854,4554135,92.83,0.13
1228,2021-07-09,VEN,44985,23735,21250,4088,40605,292,ITH,ITH3,5,Veneto,Veneto,4905854,4599120,93.75,0.92
1229,2021-03-31,VEN,38884,16419,22465,30344,7500,1040,ITH,ITH3,5,Veneto,Veneto,4905854,4638004,94.54,0.79
1230,2021-06-20,VEN,41193,20058,21135,18903,21534,756,ITH,ITH3,5,Veneto,Veneto,4905854,4679197,95.38,0.84
1231,2021-02-19,VEN,7323,3140,4183,6993,204,126,ITH,ITH3,5,Veneto,Veneto,4905854,4686520,95.53,0.15
1232,2021-07-02,VEN,49416,25076,24340,16191,32423,802,ITH,ITH3,5,Veneto,Veneto,4905854,4735936,96.54,1.01
1233,2021-03-24,VEN,22113,9574,12539,14662,6803,648,ITH,ITH3,5,Veneto,Veneto,4905854,4758049,96.99,0.45
1234,2021-07-11,VEN,34222,17918,16304,3688,30276,258,ITH,ITH3,5,Veneto,Veneto,4905854,4792271,97.68,0.7
1235,2021-02-21,VEN,4640,1212,3428,4516,5,119,ITH,ITH3,5,Veneto,Veneto,4905854,4796911,97.78,0.09
1236,2021-05-15,VEN,36242,17508,18734,24801,10010,1431,ITH,ITH3,5,Veneto,Veneto,4905854,4833153,98.52,0.74
1237,2021-06-01,VEN,26968,13557,13411,15782,10543,643,ITH,ITH3,5,Veneto,Veneto,4905854,4860121,99.07,0.55
1238,2021-03-10,VEN,19040,8727,10313,12963,5683,394,ITH,ITH3,5,Veneto,Veneto,4905854,4879161,99.46,0.39
1239,2021-06-02,VEN,20304,10234,10070,15351,4340,613,ITH,ITH3,5,Veneto,Veneto,4905854,4899465,99.87,0.41
1240,2021-03-11,VEN,19828,8889,10939,13794,5570,464,ITH,ITH3,5,Veneto,Veneto,4905854,4919293,100.27,0.4
1241,2021-04-27,VEN,28190,12786,15404,20122,6911,1157,ITH,ITH3,5,Veneto,Veneto,4905854,4947483,100.85,0.57
1242,2021-01-17,VEN,1933,781,1152,1584,349,0,ITH,ITH3,5,Veneto,Veneto,4905854,4949416,100.89,0.04
1243,2021-02-03,VEN,5948,1669,4279,476,5468,4,ITH,ITH3,5,Veneto,Veneto,4905854,4955364,101.01,0.12
1244,2021-04-29,VEN,50283,23391,26892,35383,13171,1729,ITH,ITH3,5,Veneto,Veneto,4905854,5005647,102.03,1.02
1245,2021-07-21,VEN,42791,22100,20691,8600,33704,487,ITH,ITH3,5,Veneto,Veneto,4905854,5048438,102.91,0.87
1246,2021-02-05,VEN,8379,2536,5843,1409,6961,9,ITH,ITH3,5,Veneto,Veneto,4905854,5056817,103.08,0.17
1247,2021-02-22,VEN,7014,3041,3973,6580,387,47,ITH,ITH3,5,Veneto,Veneto,4905854,5063831,103.22,0.14
1248,2021-05-16,VEN,28413,14010,14403,20308,7078,1027,ITH,ITH3,5,Veneto,Veneto,4905854,5092244,103.8,0.58
1249,2020-12-31,VEN,3219,1042,2177,3219,0,0,ITH,ITH3,5,Veneto,Veneto,4905854,5095463,103.86,0.07
1250,2021-07-04,VEN,33866,17573,16293,14972,18278,616,ITH,ITH3,5,Veneto,Veneto,4905854,5129329,104.56,0.69
1251,2021-04-12,VEN,14909,6339,8570,6393,8216,300,ITH,ITH3,5,Veneto,Veneto,4905854,5144238,104.86,0.3
1252,2021-01-02,VEN,5744,1767,3977,5743,0,1,ITH,ITH3,5,Veneto,Veneto,4905854,5149982,104.98,0.12
1253,2021-01-19,VEN,1310,473,837,1159,150,1,ITH,ITH3,5,Veneto,Veneto,4905854,5151292,105.0,0.03
1254,2021-07-23,VEN,43011,22630,20381,14629,27814,568,ITH,ITH3,5,Veneto,Veneto,4905854,5194303,105.88,0.88
1255,2021-05-01,VEN,38852,18237,20615,28699,8931,1222,ITH,ITH3,5,Veneto,Veneto,4905854,5233155,106.67,0.79
1256,2021-07-01,CAL,12304,5800,6504,5401,6820,83,ITF,ITF6,18,Calabria,Calabria,1947131,12304,0.63,0.63
1257,2021-02-01,CAL,2542,1208,1334,241,2298,3,ITF,ITF6,18,Calabria,Calabria,1947131,14846,0.76,0.13
1258,2021-07-08,CAL,12043,5617,6426,2695,9306,42,ITF,ITF6,18,Calabria,Calabria,1947131,26889,1.38,0.62
1259,2021-05-12,CAL,16436,8019,8417,10836,5508,92,ITF,ITF6,18,Calabria,Calabria,1947131,43325,2.23,0.84
1260,2021-05-26,CAL,18713,9319,9394,10311,8309,93,ITF,ITF6,18,Calabria,Calabria,1947131,62038,3.19,0.96
1261,2021-03-09,CAL,6510,3393,3117,5459,988,63,ITF,ITF6,18,Calabria,Calabria,1947131,68548,3.52,0.33
1262,2021-02-20,CAL,1448,766,682,1112,322,14,ITF,ITF6,18,Calabria,Calabria,1947131,69996,3.59,0.07
1263,2021-05-31,CAL,15292,7342,7950,7308,7903,81,ITF,ITF6,18,Calabria,Calabria,1947131,85288,4.38,0.79
1264,2021-04-18,CAL,5854,2796,3058,4919,913,22,ITF,ITF6,18,Calabria,Calabria,1947131,91142,4.68,0.3
1265,2021-04-04,CAL,1572,786,786,1141,421,10,ITF,ITF6,18,Calabria,Calabria,1947131,92714,4.76,0.08
1266,2021-06-26,CAL,15569,7188,8381,7559,7942,68,ITF,ITF6,18,Calabria,Calabria,1947131,108283,5.56,0.8
1267,2021-02-06,CAL,2916,1343,1573,444,2471,1,ITF,ITF6,18,Calabria,Calabria,1947131,111199,5.71,0.15
1268,2021-07-10,CAL,15932,7532,8400,3243,12646,43,ITF,ITF6,18,Calabria,Calabria,1947131,127131,6.53,0.82
1269,2021-01-23,CAL,402,187,215,359,43,0,ITF,ITF6,18,Calabria,Calabria,1947131,127533,6.55,0.02
1270,2021-03-28,CAL,2691,1232,1459,1566,1121,4,ITF,ITF6,18,Calabria,Calabria,1947131,130224,6.69,0.14
1271,2021-01-11,CAL,2174,1054,1120,2172,0,2,ITF,ITF6,18,Calabria,Calabria,1947131,132398,6.8,0.11
1272,2021-01-25,CAL,1084,520,564,149,935,0,ITF,ITF6,18,Calabria,Calabria,1947131,133482,6.86,0.06
1273,2021-05-05,CAL,13541,6479,7062,8407,5062,72,ITF,ITF6,18,Calabria,Calabria,1947131,147023,7.55,0.7
1274,2021-03-02,CAL,4374,2493,1881,3607,759,8,ITF,ITF6,18,Calabria,Calabria,1947131,151397,7.78,0.22
1275,2021-03-16,CAL,3860,1893,1967,2185,1663,12,ITF,ITF6,18,Calabria,Calabria,1947131,155257,7.97,0.2
1276,2021-07-22,CAL,18304,9014,9290,3500,14718,86,ITF,ITF6,18,Calabria,Calabria,1947131,173561,8.91,0.94
1277,2021-04-30,CAL,15045,7370,7675,10544,4429,72,ITF,ITF6,18,Calabria,Calabria,1947131,188606,9.69,0.77
1278,2021-01-18,CAL,1300,590,710,1052,244,4,ITF,ITF6,18,Calabria,Calabria,1947131,189906,9.75,0.07
1279,2021-01-06,CAL,940,506,434,940,0,0,ITF,ITF6,18,Calabria,Calabria,1947131,190846,9.8,0.05
1280,2021-04-16,CAL,10265,5006,5259,8597,1615,53,ITF,ITF6,18,Calabria,Calabria,1947131,201111,10.33,0.53
1281,2021-02-18,CAL,1855,853,1002,1611,228,16,ITF,ITF6,18,Calabria,Calabria,1947131,202966,10.42,0.1
1282,2021-06-21,CAL,15379,7080,8299,7981,7362,36,ITF,ITF6,18,Calabria,Calabria,1947131,218345,11.21,0.79
1283,2021-01-04,CAL,1071,531,540,1068,0,3,ITF,ITF6,18,Calabria,Calabria,1947131,219416,11.27,0.06
1284,2021-06-14,CAL,14357,6511,7846,9634,4645,78,ITF,ITF6,18,Calabria,Calabria,1947131,233773,12.01,0.74
1285,2021-03-04,CAL,5484,3192,2292,4667,797,20,ITF,ITF6,18,Calabria,Calabria,1947131,239257,12.29,0.28
1286,2021-06-12,CAL,13252,6301,6951,10788,2398,66,ITF,ITF6,18,Calabria,Calabria,1947131,252509,12.97,0.68
1287,2021-03-30,CAL,6437,2796,3641,3645,2774,18,ITF,ITF6,18,Calabria,Calabria,1947131,258946,13.3,0.33
1288,2021-05-19,CAL,18300,9066,9234,11248,6978,74,ITF,ITF6,18,Calabria,Calabria,1947131,277246,14.24,0.94
1289,2021-03-23,CAL,5255,2468,2787,3421,1813,21,ITF,ITF6,18,Calabria,Calabria,1947131,282501,14.51,0.27
1290,2021-07-15,CAL,18283,8807,9476,2529,15708,46,ITF,ITF6,18,Calabria,Calabria,1947131,300784,15.45,0.94
1291,2021-03-11,CAL,7271,3458,3813,5950,1276,45,ITF,ITF6,18,Calabria,Calabria,1947131,308055,15.82,0.37
1292,2021-06-19,CAL,15851,7414,8437,8504,7281,66,ITF,ITF6,18,Calabria,Calabria,1947131,323906,16.64,0.81
1293,2021-05-14,CAL,19917,9568,10349,12940,6867,110,ITF,ITF6,18,Calabria,Calabria,1947131,343823,17.66,1.02
1294,2021-06-07,CAL,17998,8419,9579,14710,3208,80,ITF,ITF6,18,Calabria,Calabria,1947131,361821,18.58,0.92
1295,2021-05-24,CAL,17762,8894,8868,9931,7749,82,ITF,ITF6,18,Calabria,Calabria,1947131,379583,19.49,0.91
1296,2021-05-07,CAL,16141,7601,8540,9659,6408,74,ITF,ITF6,18,Calabria,Calabria,1947131,395724,20.32,0.83
1297,2021-02-13,CAL,1400,605,795,1031,366,3,ITF,ITF6,18,Calabria,Calabria,1947131,397124,20.4,0.07
1298,2021-06-11,CAL,17821,8760,9061,15124,2576,121,ITF,ITF6,18,Calabria,Calabria,1947131,414945,21.31,0.92
1299,2021-01-08,CAL,2184,1041,1143,2177,0,7,ITF,ITF6,18,Calabria,Calabria,1947131,417129,21.42,0.11
1300,2021-02-11,CAL,2344,1047,1297,1062,1260,22,ITF,ITF6,18,Calabria,Calabria,1947131,419473,21.54,0.12
1301,2021-05-23,CAL,11389,5554,5835,6996,4350,43,ITF,ITF6,18,Calabria,Calabria,1947131,430862,22.13,0.58
1302,2021-01-30,CAL,2192,1155,1037,334,1855,3,ITF,ITF6,18,Calabria,Calabria,1947131,433054,22.24,0.11
1303,2021-02-17,CAL,1870,827,1043,1645,211,14,ITF,ITF6,18,Calabria,Calabria,1947131,434924,22.34,0.1
1304,2021-07-24,CAL,18000,9257,8743,4589,13318,93,ITF,ITF6,18,Calabria,Calabria,1947131,452924,23.26,0.92
1305,2021-05-28,CAL,20969,10192,10777,11410,9448,111,ITF,ITF6,18,Calabria,Calabria,1947131,473893,24.34,1.08
1306,2021-04-15,CAL,7756,3805,3951,5975,1741,40,ITF,ITF6,18,Calabria,Calabria,1947131,481649,24.74,0.4
1307,2021-04-01,CAL,8675,3948,4727,4161,4481,33,ITF,ITF6,18,Calabria,Calabria,1947131,490324,25.18,0.45
1308,2021-07-03,CAL,15144,7133,8011,5260,9809,75,ITF,ITF6,18,Calabria,Calabria,1947131,505468,25.96,0.78
1309,2021-04-11,CAL,4194,1905,2289,2233,1945,16,ITF,ITF6,18,Calabria,Calabria,1947131,509662,26.18,0.22
1310,2021-07-20,CAL,17476,8477,8999,3204,14204,68,ITF,ITF6,18,Calabria,Calabria,1947131,527138,27.07,0.9
1311,2021-04-13,CAL,6916,3392,3524,5577,1318,21,ITF,ITF6,18,Calabria,Calabria,1947131,534054,27.43,0.36
1312,2021-01-20,CAL,1407,629,778,1403,1,3,ITF,ITF6,18,Calabria,Calabria,1947131,535461,27.5,0.07
1313,2021-04-23,CAL,13125,6443,6682,9431,3598,96,ITF,ITF6,18,Calabria,Calabria,1947131,548586,28.17,0.67
1314,2021-01-13,CAL,2063,1042,1021,2051,0,12,ITF,ITF6,18,Calabria,Calabria,1947131,550649,28.28,0.11
1315,2021-06-23,CAL,17157,7845,9312,8092,8984,81,ITF,ITF6,18,Calabria,Calabria,1947131,567806,29.16,0.88
1316,2021-02-25,CAL,2896,1560,1336,2259,597,40,ITF,ITF6,18,Calabria,Calabria,1947131,570702,29.31,0.15
1317,2021-03-06,CAL,8477,4366,4111,7661,797,19,ITF,ITF6,18,Calabria,Calabria,1947131,579179,29.75,0.44
1318,2021-02-15,CAL,1156,551,605,999,152,5,ITF,ITF6,18,Calabria,Calabria,1947131,580335,29.8,0.06
1319,2021-04-27,CAL,9959,4895,5064,7961,1951,47,ITF,ITF6,18,Calabria,Calabria,1947131,590294,30.32,0.51
1320,2021-02-03,CAL,2856,1468,1388,556,2294,6,ITF,ITF6,18,Calabria,Calabria,1947131,593150,30.46,0.15
1321,2021-07-19,CAL,18992,9097,9895,3034,15912,46,ITF,ITF6,18,Calabria,Calabria,1947131,612142,31.44,0.98
1322,2021-02-22,CAL,2059,1046,1013,1492,558,9,ITF,ITF6,18,Calabria,Calabria,1947131,614201,31.54,0.11
1323,2021-03-18,CAL,4436,2076,2360,2332,2081,23,ITF,ITF6,18,Calabria,Calabria,1947131,618637,31.77,0.23
1324,2021-02-27,CAL,4013,2067,1946,3623,383,7,ITF,ITF6,18,Calabria,Calabria,1947131,622650,31.98,0.21
1325,2021-01-27,CAL,1478,746,732,391,1086,1,ITF,ITF6,18,Calabria,Calabria,1947131,624128,32.05,0.08
1326,2021-04-08,CAL,9311,4406,4905,5798,3468,45,ITF,ITF6,18,Calabria,Calabria,1947131,633439,32.53,0.48
1327,2021-02-10,CAL,2516,1081,1435,869,1632,15,ITF,ITF6,18,Calabria,Calabria,1947131,635955,32.66,0.13
1328,2021-07-17,CAL,18320,9037,9283,2715,15542,63,ITF,ITF6,18,Calabria,Calabria,1947131,654275,33.6,0.94
1329,2021-06-04,CAL,17521,8153,9368,12950,4501,70,ITF,ITF6,18,Calabria,Calabria,1947131,671796,34.5,0.9
1330,2021-05-21,CAL,21328,10863,10465,13860,7360,108,ITF,ITF6,18,Calabria,Calabria,1947131,693124,35.6,1.1
1331,2021-03-01,CAL,2735,1553,1182,2274,457,4,ITF,ITF6,18,Calabria,Calabria,1947131,695859,35.74,0.14
1332,2021-06-09,CAL,18216,8596,9620,15908,2225,83,ITF,ITF6,18,Calabria,Calabria,1947131,714075,36.67,0.94
1333,2021-07-12,CAL,17965,8532,9433,2677,15239,49,ITF,ITF6,18,Calabria,Calabria,1947131,732040,37.6,0.92
1334,2021-01-10,CAL,940,530,410,940,0,0,ITF,ITF6,18,Calabria,Calabria,1947131,732980,37.64,0.05
1335,2021-04-20,CAL,7859,3965,3894,6058,1729,72,ITF,ITF6,18,Calabria,Calabria,1947131,740839,38.05,0.4
1336,2021-02-12,CAL,1711,669,1042,942,763,6,ITF,ITF6,18,Calabria,Calabria,1947131,742550,38.14,0.09
1337,2021-06-27,CAL,8414,3939,4475,4982,3396,36,ITF,ITF6,18,Calabria,Calabria,1947131,750964,38.57,0.43
1338,2021-03-13,CAL,6958,3019,3939,5936,993,29,ITF,ITF6,18,Calabria,Calabria,1947131,757922,38.93,0.36
1339,2021-01-15,CAL,2807,1260,1547,2801,0,6,ITF,ITF6,18,Calabria,Calabria,1947131,760729,39.07,0.14
1340,2021-04-25,CAL,15889,8062,7827,14801,1025,63,ITF,ITF6,18,Calabria,Calabria,1947131,776618,39.89,0.82
1341,2021-06-30,CAL,16371,7496,8875,7010,9266,95,ITF,ITF6,18,Calabria,Calabria,1947131,792989,40.73,0.84
1342,2021-02-14,CAL,480,219,261,449,30,1,ITF,ITF6,18,Calabria,Calabria,1947131,793469,40.75,0.02
1343,2021-05-25,CAL,16403,8032,8371,10208,6110,85,ITF,ITF6,18,Calabria,Calabria,1947131,809872,41.59,0.84
1344,2021-01-26,CAL,1865,891,974,275,1589,1,ITF,ITF6,18,Calabria,Calabria,1947131,811737,41.69,0.1
1345,2021-04-22,CAL,9799,4898,4901,6854,2899,46,ITF,ITF6,18,Calabria,Calabria,1947131,821536,42.19,0.5
1346,2021-05-06,CAL,13278,6282,6996,8926,4286,66,ITF,ITF6,18,Calabria,Calabria,1947131,834814,42.87,0.68
1347,2021-07-14,CAL,22609,10666,11943,4150,18385,74,ITF,ITF6,18,Calabria,Calabria,1947131,857423,44.04,1.16
1348,2021-04-05,CAL,3642,1727,1915,2671,959,12,ITF,ITF6,18,Calabria,Calabria,1947131,861065,44.22,0.19
1349,2021-06-08,CAL,16673,7899,8774,14518,2034,121,ITF,ITF6,18,Calabria,Calabria,1947131,877738,45.08,0.86
1350,2021-05-09,CAL,9638,4500,5138,6053,3542,43,ITF,ITF6,18,Calabria,Calabria,1947131,887376,45.57,0.49
1351,2021-01-29,CAL,2065,996,1069,227,1837,1,ITF,ITF6,18,Calabria,Calabria,1947131,889441,45.68,0.11
1352,2021-05-04,CAL,16448,7583,8865,11647,4715,86,ITF,ITF6,18,Calabria,Calabria,1947131,905889,46.52,0.84
1353,2020-12-27,CAL,310,168,142,310,0,0,ITF,ITF6,18,Calabria,Calabria,1947131,906199,46.54,0.02
1354,2021-04-06,CAL,8133,3702,4431,4454,3654,25,ITF,ITF6,18,Calabria,Calabria,1947131,914332,46.96,0.42
1355,2021-02-08,CAL,1858,739,1119,659,1196,3,ITF,ITF6,18,Calabria,Calabria,1947131,916190,47.05,0.1
1356,2021-04-24,CAL,19268,9590,9678,15747,3436,85,ITF,ITF6,18,Calabria,Calabria,1947131,935458,48.04,0.99
1357,2021-02-26,CAL,3102,1655,1447,2631,456,15,ITF,ITF6,18,Calabria,Calabria,1947131,938560,48.2,0.16
1358,2021-06-20,CAL,6653,3152,3501,3815,2810,28,ITF,ITF6,18,Calabria,Calabria,1947131,945213,48.54,0.34
1359,2021-06-06,CAL,13773,6620,7153,12006,1699,68,ITF,ITF6,18,Calabria,Calabria,1947131,958986,49.25,0.71
1360,2021-01-07,CAL,2208,1080,1128,2204,0,4,ITF,ITF6,18,Calabria,Calabria,1947131,961194,49.36,0.11
1361,2021-06-13,CAL,6841,3358,3483,5733,1053,55,ITF,ITF6,18,Calabria,Calabria,1947131,968035,49.72,0.35
1362,2021-04-17,CAL,10810,5060,5750,9000,1765,45,ITF,ITF6,18,Calabria,Calabria,1947131,978845,50.27,0.56
1363,2021-05-01,CAL,16705,7958,8747,12379,4240,86,ITF,ITF6,18,Calabria,Calabria,1947131,995550,51.13,0.86
1364,2021-03-05,CAL,6238,3621,2617,5646,576,16,ITF,ITF6,18,Calabria,Calabria,1947131,1001788,51.45,0.32
1365,2021-04-03,CAL,9415,4073,5342,4509,4848,58,ITF,ITF6,18,Calabria,Calabria,1947131,1011203,51.93,0.48
1366,2021-01-28,CAL,2284,1131,1153,81,2203,0,ITF,ITF6,18,Calabria,Calabria,1947131,1013487,52.05,0.12
1367,2021-05-08,CAL,18489,8403,10086,10539,7884,66,ITF,ITF6,18,Calabria,Calabria,1947131,1031976,53.0,0.95
1368,2021-05-22,CAL,22190,10559,11631,14215,7885,90,ITF,ITF6,18,Calabria,Calabria,1947131,1054166,54.14,1.14
1369,2021-01-05,CAL,1528,716,812,1526,0,2,ITF,ITF6,18,Calabria,Calabria,1947131,1055694,54.22,0.08
1370,2021-01-12,CAL,2081,1030,1051,2072,0,9,ITF,ITF6,18,Calabria,Calabria,1947131,1057775,54.32,0.11
1371,2021-02-24,CAL,1921,977,944,1437,478,6,ITF,ITF6,18,Calabria,Calabria,1947131,1059696,54.42,0.1
1372,2021-03-03,CAL,5063,2766,2297,3970,1080,13,ITF,ITF6,18,Calabria,Calabria,1947131,1064759,54.68,0.26
1373,2021-06-02,CAL,12096,5800,6296,8785,3264,47,ITF,ITF6,18,Calabria,Calabria,1947131,1076855,55.3,0.62
1374,2021-05-16,CAL,13783,6727,7056,9914,3815,54,ITF,ITF6,18,Calabria,Calabria,1947131,1090638,56.01,0.71
1375,2021-07-21,CAL,22048,10590,11458,4505,17432,111,ITF,ITF6,18,Calabria,Calabria,1947131,1112686,57.14,1.13
1376,2021-01-17,CAL,897,431,466,797,95,5,ITF,ITF6,18,Calabria,Calabria,1947131,1113583,57.19,0.05
1377,2021-03-24,CAL,7828,3581,4247,4516,3290,22,ITF,ITF6,18,Calabria,Calabria,1947131,1121411,57.59,0.4
1378,2021-04-10,CAL,11676,5284,6392,6776,4856,44,ITF,ITF6,18,Calabria,Calabria,1947131,1133087,58.19,0.6
1379,2021-06-28,CAL,13287,6121,7166,5369,7854,64,ITF,ITF6,18,Calabria,Calabria,1947131,1146374,58.88,0.68
1380,2021-03-20,CAL,6721,3080,3641,4182,2523,16,ITF,ITF6,18,Calabria,Calabria,1947131,1153095,59.22,0.35
1381,2021-03-15,CAL,3624,1746,1878,2161,1453,10,ITF,ITF6,18,Calabria,Calabria,1947131,1156719,59.41,0.19
1382,2021-07-02,CAL,16254,7528,8726,6238,9935,81,ITF,ITF6,18,Calabria,Calabria,1947131,1172973,60.24,0.83
1383,2021-05-20,CAL,16972,8491,8481,11262,5643,67,ITF,ITF6,18,Calabria,Calabria,1947131,1189945,61.11,0.87
1384,2021-03-17,CAL,4132,1839,2293,2185,1939,8,ITF,ITF6,18,Calabria,Calabria,1947131,1194077,61.32,0.21
1385,2021-06-25,CAL,18804,8730,10074,8070,10657,77,ITF,ITF6,18,Calabria,Calabria,1947131,1212881,62.29,0.97
1386,2021-07-13,CAL,17427,8155,9272,2315,15045,67,ITF,ITF6,18,Calabria,Calabria,1947131,1230308,63.19,0.9
1387,2021-04-19,CAL,7878,3802,4076,6158,1675,45,ITF,ITF6,18,Calabria,Calabria,1947131,1238186,63.59,0.4
1388,2021-01-09,CAL,1990,1071,919,1982,0,8,ITF,ITF6,18,Calabria,Calabria,1947131,1240176,63.69,0.1
1389,2021-03-12,CAL,5152,2467,2685,4078,1056,18,ITF,ITF6,18,Calabria,Calabria,1947131,1245328,63.96,0.26
1390,2021-01-14,CAL,2653,1259,1394,2647,0,6,ITF,ITF6,18,Calabria,Calabria,1947131,1247981,64.09,0.14
1391,2021-01-21,CAL,972,455,517,936,33,3,ITF,ITF6,18,Calabria,Calabria,1947131,1248953,64.14,0.05
1392,2021-06-29,CAL,13018,6013,7005,5331,7637,50,ITF,ITF6,18,Calabria,Calabria,1947131,1261971,64.81,0.67
1393,2021-05-03,CAL,14777,6773,8004,10463,4228,86,ITF,ITF6,18,Calabria,Calabria,1947131,1276748,65.57,0.76
1394,2021-03-21,CAL,4452,1923,2529,2727,1715,10,ITF,ITF6,18,Calabria,Calabria,1947131,1281200,65.8,0.23
1395,2021-03-07,CAL,3401,1734,1667,3295,93,13,ITF,ITF6,18,Calabria,Calabria,1947131,1284601,65.97,0.17
1396,2021-06-15,CAL,9854,4563,5291,6445,3348,61,ITF,ITF6,18,Calabria,Calabria,1947131,1294455,66.48,0.51
1397,2021-01-22,CAL,659,275,384,657,2,0,ITF,ITF6,18,Calabria,Calabria,1947131,1295114,66.51,0.03
1398,2021-05-02,CAL,12557,5864,6693,10612,1886,59,ITF,ITF6,18,Calabria,Calabria,1947131,1307671,67.16,0.64
1399,2021-03-29,CAL,5765,2492,3273,3979,1762,24,ITF,ITF6,18,Calabria,Calabria,1947131,1313436,67.45,0.3
1400,2021-01-31,CAL,1118,557,561,152,966,0,ITF,ITF6,18,Calabria,Calabria,1947131,1314554,67.51,0.06
1401,2021-07-07,CAL,13957,6578,7379,3907,9979,71,ITF,ITF6,18,Calabria,Calabria,1947131,1328511,68.23,0.72
1402,2021-05-11,CAL,15085,7308,7777,10237,4782,66,ITF,ITF6,18,Calabria,Calabria,1947131,1343596,69.0,0.77
1403,2021-07-16,CAL,21027,10017,11010,3384,17575,68,ITF,ITF6,18,Calabria,Calabria,1947131,1364623,70.08,1.08
1404,2021-01-24,CAL,46,19,27,40,6,0,ITF,ITF6,18,Calabria,Calabria,1947131,1364669,70.09,0.0
1405,2021-07-09,CAL,15644,7297,8347,3623,11952,69,ITF,ITF6,18,Calabria,Calabria,1947131,1380313,70.89,0.8
1406,2021-04-21,CAL,11572,5812,5760,8616,2903,53,ITF,ITF6,18,Calabria,Calabria,1947131,1391885,71.48,0.59
1407,2021-04-02,CAL,8530,3906,4624,4580,3918,32,ITF,ITF6,18,Calabria,Calabria,1947131,1400415,71.92,0.44
1408,2021-06-24,CAL,15296,6971,8325,6892,8330,74,ITF,ITF6,18,Calabria,Calabria,1947131,1415711,72.71,0.79
1409,2021-03-19,CAL,4203,1964,2239,1888,2308,7,ITF,ITF6,18,Calabria,Calabria,1947131,1419914,72.92,0.22
1410,2021-07-11,CAL,6425,2980,3445,843,5572,10,ITF,ITF6,18,Calabria,Calabria,1947131,1426339,73.25,0.33
1411,2021-02-07,CAL,862,430,432,146,714,2,ITF,ITF6,18,Calabria,Calabria,1947131,1427201,73.3,0.04
1412,2021-05-18,CAL,15332,7671,7661,11848,3416,68,ITF,ITF6,18,Calabria,Calabria,1947131,1442533,74.09,0.79
1413,2021-03-22,CAL,4971,2333,2638,3176,1771,24,ITF,ITF6,18,Calabria,Calabria,1947131,1447504,74.34,0.26
1414,2021-02-05,CAL,3850,1737,2113,473,3362,15,ITF,ITF6,18,Calabria,Calabria,1947131,1451354,74.54,0.2
1415,2021-04-29,CAL,12471,6062,6409,8660,3760,51,ITF,ITF6,18,Calabria,Calabria,1947131,1463825,75.18,0.64
1416,2021-04-12,CAL,7002,3412,3590,5333,1648,21,ITF,ITF6,18,Calabria,Calabria,1947131,1470827,75.54,0.36
1417,2021-01-19,CAL,1123,496,627,1109,12,2,ITF,ITF6,18,Calabria,Calabria,1947131,1471950,75.6,0.06
1418,2021-07-04,CAL,5933,2812,3121,1980,3918,35,ITF,ITF6,18,Calabria,Calabria,1947131,1477883,75.9,0.3
1419,2021-06-17,CAL,15805,7221,8584,9596,6157,52,ITF,ITF6,18,Calabria,Calabria,1947131,1493688,76.71,0.81
1420,2021-03-14,CAL,2726,1059,1667,2280,439,7,ITF,ITF6,18,Calabria,Calabria,1947131,1496414,76.85,0.14
1421,2021-06-22,CAL,14585,6898,7687,7358,7135,92,ITF,ITF6,18,Calabria,Calabria,1947131,1510999,77.6,0.75
1422,2021-05-10,CAL,13163,6124,7039,7706,5403,54,ITF,ITF6,18,Calabria,Calabria,1947131,1524162,78.28,0.68
1423,2021-04-26,CAL,10183,5056,5127,7719,2420,44,ITF,ITF6,18,Calabria,Calabria,1947131,1534345,78.8,0.52
1424,2020-12-28,CAL,6,2,4,6,0,0,ITF,ITF6,18,Calabria,Calabria,1947131,1534351,78.8,0.0
1425,2021-06-03,CAL,14230,6650,7580,9588,4587,55,ITF,ITF6,18,Calabria,Calabria,1947131,1548581,79.53,0.73
1426,2021-04-07,CAL,7145,3254,3891,4081,3019,45,ITF,ITF6,18,Calabria,Calabria,1947131,1555726,79.9,0.37
1427,2021-02-23,CAL,1598,755,843,1478,115,5,ITF,ITF6,18,Calabria,Calabria,1947131,1557324,79.98,0.08
1428,2021-06-10,CAL,15892,7328,8564,12986,2807,99,ITF,ITF6,18,Calabria,Calabria,1947131,1573216,80.8,0.82
1429,2021-02-28,CAL,2344,1065,1279,2187,154,3,ITF,ITF6,18,Calabria,Calabria,1947131,1575560,80.92,0.12
1430,2021-02-09,CAL,2161,913,1248,947,1205,9,ITF,ITF6,18,Calabria,Calabria,1947131,1577721,81.03,0.11
1431,2021-05-29,CAL,19277,8953,10324,9346,9855,76,ITF,ITF6,18,Calabria,Calabria,1947131,1596998,82.02,0.99
1432,2021-07-25,CAL,2722,1390,1332,545,2170,7,ITF,ITF6,18,Calabria,Calabria,1947131,1599720,82.16,0.14
1433,2021-04-14,CAL,8074,3897,4177,6583,1444,47,ITF,ITF6,18,Calabria,Calabria,1947131,1607794,82.57,0.41
1434,2021-02-16,CAL,1747,742,1005,1462,280,5,ITF,ITF6,18,Calabria,Calabria,1947131,1609541,82.66,0.09
1435,2021-07-23,CAL,22646,11307,11339,5536,17015,95,ITF,ITF6,18,Calabria,Calabria,1947131,1632187,83.83,1.16
1436,2021-03-26,CAL,8093,3841,4252,4940,3125,28,ITF,ITF6,18,Calabria,Calabria,1947131,1640280,84.24,0.42
1437,2021-03-31,CAL,9111,4156,4955,5032,4045,34,ITF,ITF6,18,Calabria,Calabria,1947131,1649391,84.71,0.47
1438,2021-04-09,CAL,7974,3734,4240,5005,2889,80,ITF,ITF6,18,Calabria,Calabria,1947131,1657365,85.12,0.41
1439,2021-07-18,CAL,8775,4201,4574,1272,7471,32,ITF,ITF6,18,Calabria,Calabria,1947131,1666140,85.57,0.45
1440,2021-06-05,CAL,20690,9687,11003,17616,2995,79,ITF,ITF6,18,Calabria,Calabria,1947131,1686830,86.63,1.06
1441,2021-05-27,CAL,17655,8726,8929,9770,7804,81,ITF,ITF6,18,Calabria,Calabria,1947131,1704485,87.54,0.91
1442,2021-07-06,CAL,11821,5454,6367,3613,8148,60,ITF,ITF6,18,Calabria,Calabria,1947131,1716306,88.15,0.61
1443,2021-01-02,CAL,166,94,72,166,0,0,ITF,ITF6,18,Calabria,Calabria,1947131,1716472,88.15,0.01
1444,2021-01-03,CAL,6,3,3,6,0,0,ITF,ITF6,18,Calabria,Calabria,1947131,1716478,88.15,0.0
1445,2021-03-27,CAL,8781,3995,4786,4651,4086,44,ITF,ITF6,18,Calabria,Calabria,1947131,1725259,88.61,0.45
1446,2021-07-05,CAL,13385,6257,7128,4287,9041,57,ITF,ITF6,18,Calabria,Calabria,1947131,1738644,89.29,0.69
1447,2021-03-08,CAL,5499,2976,2523,4402,1070,27,ITF,ITF6,18,Calabria,Calabria,1947131,1744143,89.58,0.28
1448,2021-03-25,CAL,7491,3532,3959,4570,2890,31,ITF,ITF6,18,Calabria,Calabria,1947131,1751634,89.96,0.38
1449,2021-06-16,CAL,18321,8467,9854,12119,6113,89,ITF,ITF6,18,Calabria,Calabria,1947131,1769955,90.9,0.94
1450,2021-06-18,CAL,18854,8783,10071,11253,7490,111,ITF,ITF6,18,Calabria,Calabria,1947131,1788809,91.87,0.97
1451,2021-03-10,CAL,6824,3467,3357,5451,1341,32,ITF,ITF6,18,Calabria,Calabria,1947131,1795633,92.22,0.35
1452,2021-06-01,CAL,12863,5966,6897,7887,4918,58,ITF,ITF6,18,Calabria,Calabria,1947131,1808496,92.88,0.66
1453,2021-05-13,CAL,15949,7674,8275,11171,4709,69,ITF,ITF6,18,Calabria,Calabria,1947131,1824445,93.7,0.82
1454,2021-02-19,CAL,1510,683,827,1239,262,9,ITF,ITF6,18,Calabria,Calabria,1947131,1825955,93.78,0.08
1455,2021-05-30,CAL,10965,5274,5691,6778,4151,36,ITF,ITF6,18,Calabria,Calabria,1947131,1836920,94.34,0.56
1456,2021-05-17,CAL,14917,7467,7450,10153,4714,50,ITF,ITF6,18,Calabria,Calabria,1947131,1851837,95.11,0.77
1457,2021-02-21,CAL,631,298,333,553,77,1,ITF,ITF6,18,Calabria,Calabria,1947131,1852468,95.14,0.03
1458,2021-04-28,CAL,12564,6093,6471,9625,2868,71,ITF,ITF6,18,Calabria,Calabria,1947131,1865032,95.78,0.65
1459,2021-02-04,CAL,3651,1737,1914,646,2999,6,ITF,ITF6,18,Calabria,Calabria,1947131,1868683,95.97,0.19
1460,2021-05-15,CAL,27248,13036,14212,20264,6854,130,ITF,ITF6,18,Calabria,Calabria,1947131,1895931,97.37,1.4
1461,2021-02-02,CAL,2363,1160,1203,177,2186,0,ITF,ITF6,18,Calabria,Calabria,1947131,1898294,97.49,0.12
1462,2021-01-16,CAL,2405,1128,1277,2402,0,3,ITF,ITF6,18,Calabria,Calabria,1947131,1900699,97.62,0.12
1463,2021-01-26,PAB,810,291,519,1,809,0,ITH,ITH1,4,Provincia Autonoma Bolzano / Bozen,P.A. Bolzano,533050,810,0.15,0.15
1464,2021-07-02,PAB,3200,1657,1543,1028,2172,0,ITH,ITH1,4,Provincia Autonoma Bolzano / Bozen,P.A. Bolzano,533050,4010,0.75,0.6
1465,2021-03-24,PAB,2064,999,1065,1997,13,54,ITH,ITH1,4,Provincia Autonoma Bolzano / Bozen,P.A. Bolzano,533050,6074,1.14,0.39
1466,2021-03-10,PAB,1268,529,739,1073,143,52,ITH,ITH1,4,Provincia Autonoma Bolzano / Bozen,P.A. Bolzano,533050,7342,1.38,0.24
1467,2021-05-06,PAB,5181,2747,2434,2344,2568,269,ITH,ITH1,4,Provincia Autonoma Bolzano / Bozen,P.A. Bolzano,533050,12523,2.35,0.97
1468,2021-07-16,PAB,4491,2435,2056,1179,3312,0,ITH,ITH1,4,Provincia Autonoma Bolzano / Bozen,P.A. Bolzano,533050,17014,3.19,0.84
1469,2021-04-24,PAB,5110,2452,2658,4287,485,338,ITH,ITH1,4,Provincia Autonoma Bolzano / Bozen,P.A. Bolzano,533050,22124,4.15,0.96
1470,2021-07-14,PAB,867,449,418,509,358,0,ITH,ITH1,4,Provincia Autonoma Bolzano / Bozen,P.A. Bolzano,533050,22991,4.31,0.16
1471,2021-04-05,PAB,301,144,157,22,278,1,ITH,ITH1,4,Provincia Autonoma Bolzano / Bozen,P.A. Bolzano,533050,23292,4.37,0.06
1472,2021-06-27,PAB,4425,2314,2111,573,3807,45,ITH,ITH1,4,Provincia Autonoma Bolzano / Bozen,P.A. Bolzano,533050,27717,5.2,0.83
1473,2021-01-12,PAB,1709,459,1250,1709,0,0,ITH,ITH1,4,Provincia Autonoma Bolzano / Bozen,P.A. Bolzano,533050,29426,5.52,0.32
1474,2021-06-20,PAB,5232,2845,2387,592,4593,47,ITH,ITH1,4,Provincia Autonoma Bolzano / Bozen,P.A. Bolzano,533050,34658,6.5,0.98
1475,2021-02-07,PAB,2362,1058,1304,14,2348,0,ITH,ITH1,4,Provincia Autonoma Bolzano / Bozen,P.A. Bolzano,533050,37020,6.94,0.44
1476,2021-05-18,PAB,3343,1754,1589,2052,1186,105,ITH,ITH1,4,Provincia Autonoma Bolzano / Bozen,P.A. Bolzano,533050,40363,7.57,0.63
1477,2021-01-24,PAB,12,10,2,0,12,0,ITH,ITH1,4,Provincia Autonoma Bolzano / Bozen,P.A. Bolzano,533050,40375,7.57,0.0
1478,2021-07-04,PAB,4412,2129,2283,188,4224,0,ITH,ITH1,4,Provincia Autonoma Bolzano / Bozen,P.A. Bolzano,533050,44787,8.4,0.83
1479,2021-05-20,PAB,4919,2473,2446,3271,1469,179,ITH,ITH1,4,Provincia Autonoma Bolzano / Bozen,P.A. Bolzano,533050,49706,9.32,0.92
1480,2021-07-09,PAB,5214,2606,2608,1054,4160,0,ITH,ITH1,4,Provincia Autonoma Bolzano / Bozen,P.A. Bolzano,533050,54920,10.3,0.98
1481,2021-03-31,PAB,1832,694,1138,727,1011,94,ITH,ITH1,4,Provincia Autonoma Bolzano / Bozen,P.A. Bolzano,533050,56752,10.65,0.34
1482,2021-03-22,PAB,1144,523,621,1110,5,29,ITH,ITH1,4,Provincia Autonoma Bolzano / Bozen,P.A. Bolzano,533050,57896,10.86,0.21
1483,2021-06-06,PAB,4536,2179,2357,808,3678,50,ITH,ITH1,4,Provincia Autonoma Bolzano / Bozen,P.A. Bolzano,533050,62432,11.71,0.85
1484,2021-02-26,PAB,1527,551,976,1469,30,28,ITH,ITH1,4,Provincia Autonoma Bolzano / Bozen,P.A. Bolzano,533050,63959,12.0,0.29
1485,2021-06-01,PAB,3635,2365,1270,2012,1473,150,ITH,ITH1,4,Provincia Autonoma Bolzano / Bozen,P.A. Bolzano,533050,67594,12.68,0.68
1486,2021-02-19,PAB,2252,512,1740,2192,11,49,ITH,ITH1,4,Provincia Autonoma Bolzano / Bozen,P.A. Bolzano,533050,69846,13.1,0.42
1487,2021-02-12,PAB,730,217,513,464,248,18,ITH,ITH1,4,Provincia Autonoma Bolzano / Bozen,P.A. Bolzano,533050,70576,13.24,0.14
1488,2021-04-10,PAB,5396,2666,2730,4631,588,177,ITH,ITH1,4,Provincia Autonoma Bolzano / Bozen,P.A. Bolzano,533050,75972,14.25,1.01
1489,2020-12-31,PAB,914,520,394,914,0,0,ITH,ITH1,4,Provincia Autonoma Bolzano / Bozen,P.A. Bolzano,533050,76886,14.42,0.17
1490,2021-04-19,PAB,1873,859,1014,1600,182,91,ITH,ITH1,4,Provincia Autonoma Bolzano / Bozen,P.A. Bolzano,533050,78759,14.78,0.35
1491,2021-06-15,PAB,2024,1167,857,461,1532,31,ITH,ITH1,4,Provincia Autonoma Bolzano / Bozen,P.A. Bolzano,533050,80783,15.15,0.38
1492,2021-03-17,PAB,582,213,369,545,2,35,ITH,ITH1,4,Provincia Autonoma Bolzano / Bozen,P.A. Bolzano,533050,81365,15.26,0.11
1493,2021-05-13,PAB,2995,1355,1640,1009,1930,56,ITH,ITH1,4,Provincia Autonoma Bolzano / Bozen,P.A. Bolzano,533050,84360,15.83,0.56
1494,2021-04-29,PAB,2631,1351,1280,1731,694,206,ITH,ITH1,4,Provincia Autonoma Bolzano / Bozen,P.A. Bolzano,533050,86991,16.32,0.49
1495,2021-01-19,PAB,853,371,482,723,130,0,ITH,ITH1,4,Provincia Autonoma Bolzano / Bozen,P.A. Bolzano,533050,87844,16.48,0.16
1496,2021-06-25,PAB,4171,2304,1867,1016,3014,141,ITH,ITH1,4,Provincia Autonoma Bolzano / Bozen,P.A. Bolzano,533050,92015,17.26,0.78
1497,2021-06-29,PAB,1874,1011,863,236,1617,21,ITH,ITH1,4,Provincia Autonoma Bolzano / Bozen,P.A. Bolzano,533050,93889,17.61,0.35
1498,2021-03-21,PAB,768,285,483,13,754,1,ITH,ITH1,4,Provincia Autonoma Bolzano / Bozen,P.A. Bolzano,533050,94657,17.76,0.14
1499,2021-06-12,PAB,5057,2744,2313,1639,3288,130,ITH,ITH1,4,Provincia Autonoma Bolzano / Bozen,P.A. Bolzano,533050,99714,18.71,0.95
1500,2021-05-01,PAB,2104,1067,1037,1810,160,134,ITH,ITH1,4,Provincia Autonoma Bolzano / Bozen,P.A. Bolzano,533050,101818,19.1,0.39
1501,2021-03-12,PAB,1664,734,930,1219,413,32,ITH,ITH1,4,Provincia Autonoma Bolzano / Bozen,P.A. Bolzano,533050,103482,19.41,0.31
1502,2021-03-29,PAB,1171,499,672,390,759,22,ITH,ITH1,4,Provincia Autonoma Bolzano / Bozen,P.A. Bolzano,533050,104653,19.63,0.22
1503,2021-07-23,PAB,3936,2125,1811,1552,2384,0,ITH,ITH1,4,Provincia Autonoma Bolzano / Bozen,P.A. Bolzano,533050,108589,20.37,0.74
1504,2021-01-05,PAB,830,286,544,829,0,1,ITH,ITH1,4,Provincia Autonoma Bolzano / Bozen,P.A. Bolzano,533050,109419,20.53,0.16
1505,2021-01-23,PAB,197,117,80,0,197,0,ITH,ITH1,4,Provincia Autonoma Bolzano / Bozen,P.A. Bolzano,533050,109616,20.56,0.04
1506,2021-05-03,PAB,1831,847,984,397,1413,21,ITH,ITH1,4,Provincia Autonoma Bolzano / Bozen,P.A. Bolzano,533050,111447,20.91,0.34
1507,2021-02-23,PAB,769,324,445,760,6,3,ITH,ITH1,4,Provincia Autonoma Bolzano / Bozen,P.A. Bolzano,533050,112216,21.05,0.14
1508,2021-05-17,PAB,3139,1516,1623,2266,694,179,ITH,ITH1,4,Provincia Autonoma Bolzano / Bozen,P.A. Bolzano,533050,115355,21.64,0.59
1509,2021-06-03,PAB,4801,2614,2187,3625,947,229,ITH,ITH1,4,Provincia Autonoma Bolzano / Bozen,P.A. Bolzano,533050,120156,22.54,0.9
1510,2021-05-15,PAB,7005,3691,3314,6289,294,422,ITH,ITH1,4,Provincia Autonoma Bolzano / Bozen,P.A. Bolzano,533050,127161,23.86,1.31
1511,2021-02-04,PAB,1958,593,1365,8,1950,0,ITH,ITH1,4,Provincia Autonoma Bolzano / Bozen,P.A. Bolzano,533050,129119,24.22,0.37
1512,2021-07-11,PAB,6060,3088,2972,1191,4869,0,ITH,ITH1,4,Provincia Autonoma Bolzano / Bozen,P.A. Bolzano,533050,135179,25.36,1.14
1513,2021-03-05,PAB,1841,625,1216,1381,443,17,ITH,ITH1,4,Provincia Autonoma Bolzano / Bozen,P.A. Bolzano,533050,137020,25.7,0.35
1514,2021-05-27,PAB,6146,3236,2910,3793,2010,343,ITH,ITH1,4,Provincia Autonoma Bolzano / Bozen,P.A. Bolzano,533050,143166,26.86,1.15
1515,2021-06-13,PAB,3682,2049,1633,450,3192,40,ITH,ITH1,4,Provincia Autonoma Bolzano / Bozen,P.A. Bolzano,533050,146848,27.55,0.69
1516,2021-05-25,PAB,3859,2000,1859,2847,886,126,ITH,ITH1,4,Provincia Autonoma Bolzano / Bozen,P.A. Bolzano,533050,150707,28.27,0.72
1517,2021-02-14,PAB,297,130,167,295,0,2,ITH,ITH1,4,Provincia Autonoma Bolzano / Bozen,P.A. Bolzano,533050,151004,28.33,0.06
1518,2021-05-08,PAB,4427,2382,2045,3558,663,206,ITH,ITH1,4,Provincia Autonoma Bolzano / Bozen,P.A. Bolzano,533050,155431,29.16,0.83
1519,2021-03-03,PAB,1181,395,786,1144,13,24,ITH,ITH1,4,Provincia Autonoma Bolzano / Bozen,P.A. Bolzano,533050,156612,29.38,0.22
1520,2021-06-08,PAB,4192,2140,2052,846,3318,28,ITH,ITH1,4,Provincia Autonoma Bolzano / Bozen,P.A. Bolzano,533050,160804,30.17,0.79
1521,2021-04-17,PAB,5239,2602,2637,4941,44,254,ITH,ITH1,4,Provincia Autonoma Bolzano / Bozen,P.A. Bolzano,533050,166043,31.15,0.98
1522,2021-01-07,PAB,918,327,591,918,0,0,ITH,ITH1,4,Provincia Autonoma Bolzano / Bozen,P.A. Bolzano,533050,166961,31.32,0.17
1523,2021-07-21,PAB,3153,1845,1308,512,2641,0,ITH,ITH1,4,Provincia Autonoma Bolzano / Bozen,P.A. Bolzano,533050,170114,31.91,0.59
1524,2021-04-12,PAB,2105,946,1159,2022,7,76,ITH,ITH1,4,Provincia Autonoma Bolzano / Bozen,P.A. Bolzano,533050,172219,32.31,0.39
1525,2021-03-07,PAB,114,13,101,9,105,0,ITH,ITH1,4,Provincia Autonoma Bolzano / Bozen,P.A. Bolzano,533050,172333,32.33,0.02
1526,2021-04-21,PAB,3013,1468,1545,2032,848,133,ITH,ITH1,4,Provincia Autonoma Bolzano / Bozen,P.A. Bolzano,533050,175346,32.89,0.57
1527,2021-02-09,PAB,317,126,191,1,316,0,ITH,ITH1,4,Provincia Autonoma Bolzano / Bozen,P.A. Bolzano,533050,175663,32.95,0.06
1528,2021-07-13,PAB,3370,1723,1647,1444,1926,0,ITH,ITH1,4,Provincia Autonoma Bolzano / Bozen,P.A. Bolzano,533050,179033,33.59,0.63
1529,2021-02-02,PAB,1745,506,1239,8,1737,0,ITH,ITH1,4,Provincia Autonoma Bolzano / Bozen,P.A. Bolzano,533050,180778,33.91,0.33
1530,2021-07-20,PAB,3091,1705,1386,1571,1520,0,ITH,ITH1,4,Provincia Autonoma Bolzano / Bozen,P.A. Bolzano,533050,183869,34.49,0.58
1531,2021-01-14,PAB,1946,575,1371,1946,0,0,ITH,ITH1,4,Provincia Autonoma Bolzano / Bozen,P.A. Bolzano,533050,185815,34.86,0.37
1532,2021-04-07,PAB,1798,823,975,1160,540,98,ITH,ITH1,4,Provincia Autonoma Bolzano / Bozen,P.A. Bolzano,533050,187613,35.2,0.34
1533,2021-03-02,PAB,695,200,495,673,2,20,ITH,ITH1,4,Provincia Autonoma Bolzano / Bozen,P.A. Bolzano,533050,188308,35.33,0.13
1534,2021-03-19,PAB,1906,773,1133,748,1107,51,ITH,ITH1,4,Provincia Autonoma Bolzano / Bozen,P.A. Bolzano,533050,190214,35.68,0.36
1535,2021-01-21,PAB,954,443,511,139,815,0,ITH,ITH1,4,Provincia Autonoma Bolzano / Bozen,P.A. Bolzano,533050,191168,35.86,0.18
1536,2021-07-25,PAB,866,525,341,293,573,0,ITH,ITH1,4,Provincia Autonoma Bolzano / Bozen,P.A. Bolzano,533050,192034,36.03,0.16
1537,2021-04-02,PAB,2077,837,1240,578,1357,142,ITH,ITH1,4,Provincia Autonoma Bolzano / Bozen,P.A. Bolzano,533050,194111,36.42,0.39
1538,2021-05-29,PAB,7316,3893,3423,3989,3139,188,ITH,ITH1,4,Provincia Autonoma Bolzano / Bozen,P.A. Bolzano,533050,201427,37.79,1.37
1539,2021-03-26,PAB,1658,733,925,503,1135,20,ITH,ITH1,4,Provincia Autonoma Bolzano / Bozen,P.A. Bolzano,533050,203085,38.1,0.31
1540,2021-04-09,PAB,2937,1301,1636,1936,730,271,ITH,ITH1,4,Provincia Autonoma Bolzano / Bozen,P.A. Bolzano,533050,206022,38.65,0.55
1541,2021-05-22,PAB,6832,3562,3270,4435,2166,231,ITH,ITH1,4,Provincia Autonoma Bolzano / Bozen,P.A. Bolzano,533050,212854,39.93,1.28
1542,2021-07-06,PAB,1719,924,795,738,981,0,ITH,ITH1,4,Provincia Autonoma Bolzano / Bozen,P.A. Bolzano,533050,214573,40.25,0.32
1543,2021-06-22,PAB,2460,1417,1043,307,2125,28,ITH,ITH1,4,Provincia Autonoma Bolzano / Bozen,P.A. Bolzano,533050,217033,40.72,0.46
1544,2021-03-14,PAB,758,336,422,14,733,11,ITH,ITH1,4,Provincia Autonoma Bolzano / Bozen,P.A. Bolzano,533050,217791,40.86,0.14
1545,2021-04-14,PAB,3593,1645,1948,3215,91,287,ITH,ITH1,4,Provincia Autonoma Bolzano / Bozen,P.A. Bolzano,533050,221384,41.53,0.67
1546,2021-01-04,PAB,508,201,307,508,0,0,ITH,ITH1,4,Provincia Autonoma Bolzano / Bozen,P.A. Bolzano,533050,221892,41.63,0.1
1547,2021-02-06,PAB,2627,1172,1455,18,2608,1,ITH,ITH1,4,Provincia Autonoma Bolzano / Bozen,P.A. Bolzano,533050,224519,42.12,0.49
1548,2021-06-21,PAB,3162,1612,1550,255,2867,40,ITH,ITH1,4,Provincia Autonoma Bolzano / Bozen,P.A. Bolzano,533050,227681,42.71,0.59
1549,2021-04-28,PAB,2464,1302,1162,2241,5,218,ITH,ITH1,4,Provincia Autonoma Bolzano / Bozen,P.A. Bolzano,533050,230145,43.18,0.46
1550,2021-01-16,PAB,2840,1265,1575,2840,0,0,ITH,ITH1,4,Provincia Autonoma Bolzano / Bozen,P.A. Bolzano,533050,232985,43.71,0.53
1551,2021-06-10,PAB,4458,2313,2145,1271,3095,92,ITH,ITH1,4,Provincia Autonoma Bolzano / Bozen,P.A. Bolzano,533050,237443,44.54,0.84
1552,2021-06-05,PAB,6080,3030,3050,4695,1096,289,ITH,ITH1,4,Provincia Autonoma Bolzano / Bozen,P.A. Bolzano,533050,243523,45.68,1.14
1553,2021-04-30,PAB,3342,1594,1748,1428,1776,138,ITH,ITH1,4,Provincia Autonoma Bolzano / Bozen,P.A. Bolzano,533050,246865,46.31,0.63
1554,2021-01-20,PAB,618,253,365,410,208,0,ITH,ITH1,4,Provincia Autonoma Bolzano / Bozen,P.A. Bolzano,533050,247483,46.43,0.12
1555,2021-07-22,PAB,3549,1840,1709,1771,1778,0,ITH,ITH1,4,Provincia Autonoma Bolzano / Bozen,P.A. Bolzano,533050,251032,47.09,0.67
1556,2021-01-06,PAB,59,18,41,59,0,0,ITH,ITH1,4,Provincia Autonoma Bolzano / Bozen,P.A. Bolzano,533050,251091,47.1,0.01
1557,2021-03-30,PAB,1299,532,767,204,1080,15,ITH,ITH1,4,Provincia Autonoma Bolzano / Bozen,P.A. Bolzano,533050,252390,47.35,0.24
1558,2021-04-16,PAB,2951,1419,1532,2275,511,165,ITH,ITH1,4,Provincia Autonoma Bolzano / Bozen,P.A. Bolzano,533050,255341,47.9,0.55
1559,2021-07-08,PAB,5501,2780,2721,622,4879,0,ITH,ITH1,4,Provincia Autonoma Bolzano / Bozen,P.A. Bolzano,533050,260842,48.93,1.03
1560,2021-06-19,PAB,5660,3014,2646,554,5033,73,ITH,ITH1,4,Provincia Autonoma Bolzano / Bozen,P.A. Bolzano,533050,266502,50.0,1.06
1561,2021-03-11,PAB,1685,825,860,1092,538,55,ITH,ITH1,4,Provincia Autonoma Bolzano / Bozen,P.A. Bolzano,533050,268187,50.31,0.32
1562,2021-02-25,PAB,1498,549,949,1487,1,10,ITH,ITH1,4,Provincia Autonoma Bolzano / Bozen,P.A. Bolzano,533050,269685,50.59,0.28
1563,2021-06-02,PAB,1452,814,638,963,457,32,ITH,ITH1,4,Provincia Autonoma Bolzano / Bozen,P.A. Bolzano,533050,271137,50.87,0.27
1564,2021-02-08,PAB,2,1,1,1,1,0,ITH,ITH1,4,Provincia Autonoma Bolzano / Bozen,P.A. Bolzano,533050,271139,50.87,0.0
1565,2021-06-24,PAB,3924,2030,1894,1555,2195,174,ITH,ITH1,4,Provincia Autonoma Bolzano / Bozen,P.A. Bolzano,533050,275063,51.6,0.74
1566,2021-01-09,PAB,612,326,286,612,0,0,ITH,ITH1,4,Provincia Autonoma Bolzano / Bozen,P.A. Bolzano,533050,275675,51.72,0.11
1567,2021-06-17,PAB,1763,977,786,611,1079,73,ITH,ITH1,4,Provincia Autonoma Bolzano / Bozen,P.A. Bolzano,533050,277438,52.05,0.33
1568,2021-05-31,PAB,3002,1477,1525,2010,867,125,ITH,ITH1,4,Provincia Autonoma Bolzano / Bozen,P.A. Bolzano,533050,280440,52.61,0.56
1569,2021-01-01,PAB,6,5,1,6,0,0,ITH,ITH1,4,Provincia Autonoma Bolzano / Bozen,P.A. Bolzano,533050,280446,52.61,0.0
1570,2021-06-07,PAB,2950,1536,1414,2493,318,139,ITH,ITH1,4,Provincia Autonoma Bolzano / Bozen,P.A. Bolzano,533050,283396,53.16,0.55
1571,2021-02-27,PAB,2458,759,1699,2411,10,37,ITH,ITH1,4,Provincia Autonoma Bolzano / Bozen,P.A. Bolzano,533050,285854,53.63,0.46
1572,2021-02-13,PAB,318,79,239,310,6,2,ITH,ITH1,4,Provincia Autonoma Bolzano / Bozen,P.A. Bolzano,533050,286172,53.69,0.06
1573,2021-04-11,PAB,2724,1294,1430,2446,177,101,ITH,ITH1,4,Provincia Autonoma Bolzano / Bozen,P.A. Bolzano,533050,288896,54.2,0.51
1574,2021-05-24,PAB,1454,766,688,1039,333,82,ITH,ITH1,4,Provincia Autonoma Bolzano / Bozen,P.A. Bolzano,533050,290350,54.47,0.27
1575,2021-02-20,PAB,1802,540,1262,1753,18,31,ITH,ITH1,4,Provincia Autonoma Bolzano / Bozen,P.A. Bolzano,533050,292152,54.81,0.34
1576,2021-03-28,PAB,569,212,357,11,558,0,ITH,ITH1,4,Provincia Autonoma Bolzano / Bozen,P.A. Bolzano,533050,292721,54.91,0.11
1577,2021-02-11,PAB,1094,432,662,238,855,1,ITH,ITH1,4,Provincia Autonoma Bolzano / Bozen,P.A. Bolzano,533050,293815,55.12,0.21
1578,2021-07-18,PAB,1594,878,716,461,1133,0,ITH,ITH1,4,Provincia Autonoma Bolzano / Bozen,P.A. Bolzano,533050,295409,55.42,0.3
1579,2021-02-18,PAB,1839,457,1382,1810,7,22,ITH,ITH1,4,Provincia Autonoma Bolzano / Bozen,P.A. Bolzano,533050,297248,55.76,0.34
1580,2020-12-30,PAB,388,182,206,388,0,0,ITH,ITH1,4,Provincia Autonoma Bolzano / Bozen,P.A. Bolzano,533050,297636,55.84,0.07
1581,2021-06-09,PAB,3813,1898,1915,1229,2475,109,ITH,ITH1,4,Provincia Autonoma Bolzano / Bozen,P.A. Bolzano,533050,301449,56.55,0.72
1582,2021-03-01,PAB,922,221,701,885,1,36,ITH,ITH1,4,Provincia Autonoma Bolzano / Bozen,P.A. Bolzano,533050,302371,56.72,0.17
1583,2021-03-15,PAB,1193,452,741,696,482,15,ITH,ITH1,4,Provincia Autonoma Bolzano / Bozen,P.A. Bolzano,533050,303564,56.95,0.22
1584,2021-04-27,PAB,2226,1013,1213,1051,1077,98,ITH,ITH1,4,Provincia Autonoma Bolzano / Bozen,P.A. Bolzano,533050,305790,57.37,0.42
1585,2021-01-17,PAB,2328,1044,1284,2317,11,0,ITH,ITH1,4,Provincia Autonoma Bolzano / Bozen,P.A. Bolzano,533050,308118,57.8,0.44
1586,2021-06-23,PAB,1151,594,557,333,767,51,ITH,ITH1,4,Provincia Autonoma Bolzano / Bozen,P.A. Bolzano,533050,309269,58.02,0.22
1587,2021-07-01,PAB,4630,2301,2329,1328,3165,137,ITH,ITH1,4,Provincia Autonoma Bolzano / Bozen,P.A. Bolzano,533050,313899,58.89,0.87
1588,2021-03-04,PAB,1715,1005,710,1430,229,56,ITH,ITH1,4,Provincia Autonoma Bolzano / Bozen,P.A. Bolzano,533050,315614,59.21,0.32
1589,2021-04-26,PAB,1543,771,772,1446,5,92,ITH,ITH1,4,Provincia Autonoma Bolzano / Bozen,P.A. Bolzano,533050,317157,59.5,0.29
1590,2021-07-10,PAB,5794,2992,2802,1058,4736,0,ITH,ITH1,4,Provincia Autonoma Bolzano / Bozen,P.A. Bolzano,533050,322951,60.59,1.09
1591,2021-01-18,PAB,1772,687,1085,1766,5,1,ITH,ITH1,4,Provincia Autonoma Bolzano / Bozen,P.A. Bolzano,533050,324723,60.92,0.33
1592,2021-05-19,PAB,3850,1977,1873,1921,1786,143,ITH,ITH1,4,Provincia Autonoma Bolzano / Bozen,P.A. Bolzano,533050,328573,61.64,0.72
1593,2021-01-03,PAB,41,16,25,41,0,0,ITH,ITH1,4,Provincia Autonoma Bolzano / Bozen,P.A. Bolzano,533050,328614,61.65,0.01
1594,2021-04-13,PAB,2394,1132,1262,2298,7,89,ITH,ITH1,4,Provincia Autonoma Bolzano / Bozen,P.A. Bolzano,533050,331008,62.1,0.45
1595,2021-02-22,PAB,526,143,383,496,12,18,ITH,ITH1,4,Provincia Autonoma Bolzano / Bozen,P.A. Bolzano,533050,331534,62.2,0.1
1596,2021-04-18,PAB,3110,1607,1503,2004,1010,96,ITH,ITH1,4,Provincia Autonoma Bolzano / Bozen,P.A. Bolzano,533050,334644,62.78,0.58
1597,2021-01-15,PAB,3282,1228,2054,3281,0,1,ITH,ITH1,4,Provincia Autonoma Bolzano / Bozen,P.A. Bolzano,533050,337926,63.39,0.62
1598,2021-06-18,PAB,4157,2162,1995,1131,2899,127,ITH,ITH1,4,Provincia Autonoma Bolzano / Bozen,P.A. Bolzano,533050,342083,64.17,0.78
1599,2021-04-20,PAB,1563,785,778,1486,3,74,ITH,ITH1,4,Provincia Autonoma Bolzano / Bozen,P.A. Bolzano,533050,343646,64.47,0.29
1600,2021-01-10,PAB,2,2,0,2,0,0,ITH,ITH1,4,Provincia Autonoma Bolzano / Bozen,P.A. Bolzano,533050,343648,64.47,0.0
1601,2021-06-16,PAB,3813,2019,1794,6,3803,4,ITH,ITH1,4,Provincia Autonoma Bolzano / Bozen,P.A. Bolzano,533050,347461,65.18,0.72
1602,2021-03-08,PAB,1210,534,676,1161,27,22,ITH,ITH1,4,Provincia Autonoma Bolzano / Bozen,P.A. Bolzano,533050,348671,65.41,0.23
1603,2021-05-04,PAB,3449,1843,1606,2252,1037,160,ITH,ITH1,4,Provincia Autonoma Bolzano / Bozen,P.A. Bolzano,533050,352120,66.06,0.65
1604,2021-01-02,PAB,91,48,43,91,0,0,ITH,ITH1,4,Provincia Autonoma Bolzano / Bozen,P.A. Bolzano,533050,352211,66.07,0.02
1605,2021-06-26,PAB,4539,2326,2213,1356,3072,111,ITH,ITH1,4,Provincia Autonoma Bolzano / Bozen,P.A. Bolzano,533050,356750,66.93,0.85
1606,2021-03-18,PAB,1302,531,771,216,1076,10,ITH,ITH1,4,Provincia Autonoma Bolzano / Bozen,P.A. Bolzano,533050,358052,67.17,0.24
1607,2021-05-14,PAB,5135,2320,2815,2888,2038,209,ITH,ITH1,4,Provincia Autonoma Bolzano / Bozen,P.A. Bolzano,533050,363187,68.13,0.96
1608,2021-03-16,PAB,1290,532,758,116,1166,8,ITH,ITH1,4,Provincia Autonoma Bolzano / Bozen,P.A. Bolzano,533050,364477,68.38,0.24
1609,2021-05-12,PAB,3792,2058,1734,3393,153,246,ITH,ITH1,4,Provincia Autonoma Bolzano / Bozen,P.A. Bolzano,533050,368269,69.09,0.71
1610,2021-02-01,PAB,1452,440,1012,11,1440,1,ITH,ITH1,4,Provincia Autonoma Bolzano / Bozen,P.A. Bolzano,533050,369721,69.36,0.27
1611,2021-03-09,PAB,1194,543,651,1164,2,28,ITH,ITH1,4,Provincia Autonoma Bolzano / Bozen,P.A. Bolzano,533050,370915,69.58,0.22
1612,2021-05-23,PAB,4338,2303,2035,4116,8,214,ITH,ITH1,4,Provincia Autonoma Bolzano / Bozen,P.A. Bolzano,533050,375253,70.4,0.81
1613,2021-07-19,PAB,2760,1381,1379,714,2046,0,ITH,ITH1,4,Provincia Autonoma Bolzano / Bozen,P.A. Bolzano,533050,378013,70.92,0.52
1614,2021-06-04,PAB,6562,3296,3266,4798,1529,235,ITH,ITH1,4,Provincia Autonoma Bolzano / Bozen,P.A. Bolzano,533050,384575,72.15,1.23
1615,2021-02-24,PAB,1367,406,961,1316,12,39,ITH,ITH1,4,Provincia Autonoma Bolzano / Bozen,P.A. Bolzano,533050,385942,72.4,0.26
1616,2021-03-27,PAB,3051,1554,1497,1477,1508,66,ITH,ITH1,4,Provincia Autonoma Bolzano / Bozen,P.A. Bolzano,533050,388993,72.97,0.57
1617,2021-03-13,PAB,2885,1459,1426,2724,101,60,ITH,ITH1,4,Provincia Autonoma Bolzano / Bozen,P.A. Bolzano,533050,391878,73.52,0.54
1618,2021-02-05,PAB,3195,1181,2014,8,3187,0,ITH,ITH1,4,Provincia Autonoma Bolzano / Bozen,P.A. Bolzano,533050,395073,74.12,0.6
1619,2021-05-07,PAB,4194,2062,2132,3375,528,291,ITH,ITH1,4,Provincia Autonoma Bolzano / Bozen,P.A. Bolzano,533050,399267,74.9,0.79
1620,2021-07-03,PAB,5632,2790,2842,1072,4560,0,ITH,ITH1,4,Provincia Autonoma Bolzano / Bozen,P.A. Bolzano,533050,404899,75.96,1.06
1621,2021-05-05,PAB,4155,1945,2210,1810,2116,229,ITH,ITH1,4,Provincia Autonoma Bolzano / Bozen,P.A. Bolzano,533050,409054,76.74,0.78
1622,2021-01-25,PAB,487,183,304,3,484,0,ITH,ITH1,4,Provincia Autonoma Bolzano / Bozen,P.A. Bolzano,533050,409541,76.83,0.09
1623,2021-03-23,PAB,1555,760,795,1516,1,38,ITH,ITH1,4,Provincia Autonoma Bolzano / Bozen,P.A. Bolzano,533050,411096,77.12,0.29
1624,2021-05-26,PAB,4990,2517,2473,2826,1974,190,ITH,ITH1,4,Provincia Autonoma Bolzano / Bozen,P.A. Bolzano,533050,416086,78.06,0.94
1625,2021-06-14,PAB,2964,1607,1357,561,2357,46,ITH,ITH1,4,Provincia Autonoma Bolzano / Bozen,P.A. Bolzano,533050,419050,78.61,0.56
1626,2021-01-08,PAB,1521,479,1042,1521,0,0,ITH,ITH1,4,Provincia Autonoma Bolzano / Bozen,P.A. Bolzano,533050,420571,78.9,0.29
1627,2021-02-03,PAB,1503,478,1025,5,1498,0,ITH,ITH1,4,Provincia Autonoma Bolzano / Bozen,P.A. Bolzano,533050,422074,79.18,0.28
1628,2021-02-10,PAB,1636,605,1031,25,1610,1,ITH,ITH1,4,Provincia Autonoma Bolzano / Bozen,P.A. Bolzano,533050,423710,79.49,0.31
1629,2021-05-21,PAB,6952,3821,3131,4787,1847,318,ITH,ITH1,4,Provincia Autonoma Bolzano / Bozen,P.A. Bolzano,533050,430662,80.79,1.3
1630,2021-04-15,PAB,4399,2307,2092,3899,263,237,ITH,ITH1,4,Provincia Autonoma Bolzano / Bozen,P.A. Bolzano,533050,435061,81.62,0.83
1631,2021-07-24,PAB,4451,2622,1829,1139,3312,0,ITH,ITH1,4,Provincia Autonoma Bolzano / Bozen,P.A. Bolzano,533050,439512,82.45,0.84
1632,2021-05-02,PAB,2457,1288,1169,1423,921,113,ITH,ITH1,4,Provincia Autonoma Bolzano / Bozen,P.A. Bolzano,533050,441969,82.91,0.46
1633,2021-01-22,PAB,248,143,105,124,124,0,ITH,ITH1,4,Provincia Autonoma Bolzano / Bozen,P.A. Bolzano,533050,442217,82.96,0.05
1634,2021-07-07,PAB,1979,1027,952,643,1336,0,ITH,ITH1,4,Provincia Autonoma Bolzano / Bozen,P.A. Bolzano,533050,444196,83.33,0.37
1635,2021-04-01,PAB,2787,1407,1380,2498,144,145,ITH,ITH1,4,Provincia Autonoma Bolzano / Bozen,P.A. Bolzano,533050,446983,83.85,0.52
1636,2021-07-05,PAB,2934,1406,1528,951,1983,0,ITH,ITH1,4,Provincia Autonoma Bolzano / Bozen,P.A. Bolzano,533050,449917,84.4,0.55
1637,2021-05-30,PAB,4766,2517,2249,713,4014,39,ITH,ITH1,4,Provincia Autonoma Bolzano / Bozen,P.A. Bolzano,533050,454683,85.3,0.89
1638,2021-07-12,PAB,3528,1753,1775,287,3241,0,ITH,ITH1,4,Provincia Autonoma Bolzano / Bozen,P.A. Bolzano,533050,458211,85.96,0.66
1639,2021-04-03,PAB,831,364,467,12,810,9,ITH,ITH1,4,Provincia Autonoma Bolzano / Bozen,P.A. Bolzano,533050,459042,86.12,0.16
1640,2021-03-25,PAB,2151,1063,1088,1645,443,63,ITH,ITH1,4,Provincia Autonoma Bolzano / Bozen,P.A. Bolzano,533050,461193,86.52,0.4
1641,2021-02-15,PAB,72,42,30,23,46,3,ITH,ITH1,4,Provincia Autonoma Bolzano / Bozen,P.A. Bolzano,533050,461265,86.53,0.01
1642,2021-05-11,PAB,2844,1335,1509,1241,1522,81,ITH,ITH1,4,Provincia Autonoma Bolzano / Bozen,P.A. Bolzano,533050,464109,87.07,0.53
1643,2021-01-29,PAB,1497,510,987,24,1473,0,ITH,ITH1,4,Provincia Autonoma Bolzano / Bozen,P.A. Bolzano,533050,465606,87.35,0.28
1644,2021-04-22,PAB,2924,1501,1423,1852,942,130,ITH,ITH1,4,Provincia Autonoma Bolzano / Bozen,P.A. Bolzano,533050,468530,87.9,0.55
1645,2021-05-09,PAB,4241,2410,1831,2923,1152,166,ITH,ITH1,4,Provincia Autonoma Bolzano / Bozen,P.A. Bolzano,533050,472771,88.69,0.8
1646,2021-05-16,PAB,2025,932,1093,1279,692,54,ITH,ITH1,4,Provincia Autonoma Bolzano / Bozen,P.A. Bolzano,533050,474796,89.07,0.38
1647,2021-01-27,PAB,85,29,56,2,83,0,ITH,ITH1,4,Provincia Autonoma Bolzano / Bozen,P.A. Bolzano,533050,474881,89.09,0.02
1648,2021-03-06,PAB,3973,2081,1892,3674,211,88,ITH,ITH1,4,Provincia Autonoma Bolzano / Bozen,P.A. Bolzano,533050,478854,89.83,0.75
1649,2021-05-28,PAB,6891,3610,3281,4782,1890,219,ITH,ITH1,4,Provincia Autonoma Bolzano / Bozen,P.A. Bolzano,533050,485745,91.13,1.29
1650,2021-02-17,PAB,156,51,105,139,17,0,ITH,ITH1,4,Provincia Autonoma Bolzano / Bozen,P.A. Bolzano,533050,485901,91.15,0.03
1651,2021-05-10,PAB,3018,1300,1718,1331,1605,82,ITH,ITH1,4,Provincia Autonoma Bolzano / Bozen,P.A. Bolzano,533050,488919,91.72,0.57
1652,2021-02-16,PAB,530,205,325,529,0,1,ITH,ITH1,4,Provincia Autonoma Bolzano / Bozen,P.A. Bolzano,533050,489449,91.82,0.1
1653,2021-01-28,PAB,871,308,563,9,862,0,ITH,ITH1,4,Provincia Autonoma Bolzano / Bozen,P.A. Bolzano,533050,490320,91.98,0.16
1654,2021-04-25,PAB,3073,1497,1576,2274,672,127,ITH,ITH1,4,Provincia Autonoma Bolzano / Bozen,P.A. Bolzano,533050,493393,92.56,0.58
1655,2021-01-13,PAB,1691,557,1134,1691,0,0,ITH,ITH1,4,Provincia Autonoma Bolzano / Bozen,P.A. Bolzano,533050,495084,92.88,0.32
1656,2021-01-30,PAB,498,245,253,4,494,0,ITH,ITH1,4,Provincia Autonoma Bolzano / Bozen,P.A. Bolzano,533050,495582,92.97,0.09
1657,2021-04-23,PAB,4543,2151,2392,3040,1291,212,ITH,ITH1,4,Provincia Autonoma Bolzano / Bozen,P.A. Bolzano,533050,500125,93.82,0.85
1658,2021-01-11,PAB,1574,513,1061,1574,0,0,ITH,ITH1,4,Provincia Autonoma Bolzano / Bozen,P.A. Bolzano,533050,501699,94.12,0.3
1659,2021-07-15,PAB,4301,2265,2036,1613,2688,0,ITH,ITH1,4,Provincia Autonoma Bolzano / Bozen,P.A. Bolzano,533050,506000,94.93,0.81
1660,2021-04-06,PAB,2250,1118,1132,1940,103,207,ITH,ITH1,4,Provincia Autonoma Bolzano / Bozen,P.A. Bolzano,533050,508250,95.35,0.42
1661,2021-07-17,PAB,3105,1770,1335,760,2345,0,ITH,ITH1,4,Provincia Autonoma Bolzano / Bozen,P.A. Bolzano,533050,511355,95.93,0.58
1662,2021-04-08,PAB,2767,1347,1420,2472,204,91,ITH,ITH1,4,Provincia Autonoma Bolzano / Bozen,P.A. Bolzano,533050,514122,96.45,0.52
1663,2020-12-27,PAB,144,65,79,144,0,0,ITH,ITH1,4,Provincia Autonoma Bolzano / Bozen,P.A. Bolzano,533050,514266,96.48,0.03
1664,2021-06-30,PAB,3060,1564,1496,383,2604,73,ITH,ITH1,4,Provincia Autonoma Bolzano / Bozen,P.A. Bolzano,533050,517326,97.05,0.57
1665,2021-06-11,PAB,5785,2976,2809,2085,3480,220,ITH,ITH1,4,Provincia Autonoma Bolzano / Bozen,P.A. Bolzano,533050,523111,98.14,1.09
1666,2021-03-20,PAB,1759,850,909,1108,625,26,ITH,ITH1,4,Provincia Autonoma Bolzano / Bozen,P.A. Bolzano,533050,524870,98.47,0.33
1667,2021-06-28,PAB,4607,2304,2303,215,4367,25,ITH,ITH1,4,Provincia Autonoma Bolzano / Bozen,P.A. Bolzano,533050,529477,99.33,0.86
1668,2021-06-24,CAM,66053,31817,34236,13475,52246,332,ITF,ITF3,15,Campania,Campania,5801692,66053,1.14,1.14
1669,2021-03-16,CAM,8086,3519,4567,3700,4314,72,ITF,ITF3,15,Campania,Campania,5801692,74139,1.28,0.14
1670,2021-01-25,CAM,5746,2927,2819,163,5583,0,ITF,ITF3,15,Campania,Campania,5801692,79885,1.38,0.1
1671,2021-07-01,CAM,61503,29844,31659,19850,41003,650,ITF,ITF3,15,Campania,Campania,5801692,141388,2.44,1.06
1672,2021-03-23,CAM,15743,7446,8297,12923,2513,307,ITF,ITF3,15,Campania,Campania,5801692,157131,2.71,0.27
1673,2021-05-19,CAM,51153,22601,28552,33821,16611,721,ITF,ITF3,15,Campania,Campania,5801692,208284,3.59,0.88
1674,2021-03-28,CAM,15566,7511,8055,13611,1625,330,ITF,ITF3,15,Campania,Campania,5801692,223850,3.86,0.27
1675,2021-01-04,CAM,5826,2963,2863,5727,0,99,ITF,ITF3,15,Campania,Campania,5801692,229676,3.96,0.1
1676,2021-06-19,CAM,62393,29705,32688,24257,37759,377,ITF,ITF3,15,Campania,Campania,5801692,292069,5.03,1.08
1677,2021-03-09,CAM,14128,6870,7258,9958,3785,385,ITF,ITF3,15,Campania,Campania,5801692,306197,5.28,0.24
1678,2021-05-24,CAM,31358,15151,16207,15863,15150,345,ITF,ITF3,15,Campania,Campania,5801692,337555,5.82,0.54
1679,2021-02-13,CAM,5508,2550,2958,5109,217,182,ITF,ITF3,15,Campania,Campania,5801692,343063,5.91,0.09
1680,2021-04-23,CAM,32329,15524,16805,22485,9154,690,ITF,ITF3,15,Campania,Campania,5801692,375392,6.47,0.56
1681,2021-01-30,CAM,10725,5082,5643,36,10687,2,ITF,ITF3,15,Campania,Campania,5801692,386117,6.66,0.18
1682,2021-07-03,CAM,67284,32496,34788,8203,58704,377,ITF,ITF3,15,Campania,Campania,5801692,453401,7.81,1.16
1683,2021-01-16,CAM,3371,1677,1694,3262,0,109,ITF,ITF3,15,Campania,Campania,5801692,456772,7.87,0.06
1684,2021-03-02,CAM,12761,4558,8203,8215,4345,201,ITF,ITF3,15,Campania,Campania,5801692,469533,8.09,0.22
1685,2021-07-15,CAM,66666,32026,34640,9369,57029,268,ITF,ITF3,15,Campania,Campania,5801692,536199,9.24,1.15
1686,2021-01-11,CAM,4070,1871,2199,3961,0,109,ITF,ITF3,15,Campania,Campania,5801692,540269,9.31,0.07
1687,2021-04-11,CAM,17524,8606,8918,15067,2083,374,ITF,ITF3,15,Campania,Campania,5801692,557793,9.61,0.3
1688,2021-04-28,CAM,36438,17642,18796,25919,9757,762,ITF,ITF3,15,Campania,Campania,5801692,594231,10.24,0.63
1689,2021-01-18,CAM,959,399,560,683,244,32,ITF,ITF3,15,Campania,Campania,5801692,595190,10.26,0.02
1690,2021-07-20,CAM,40101,19793,20308,6371,33316,414,ITF,ITF3,15,Campania,Campania,5801692,635291,10.95,0.69
1691,2021-02-11,CAM,6280,2704,3576,5928,66,286,ITF,ITF3,15,Campania,Campania,5801692,641571,11.06,0.11
1692,2021-06-07,CAM,57582,27719,29863,52871,4033,678,ITF,ITF3,15,Campania,Campania,5801692,699153,12.05,0.99
1693,2021-02-25,CAM,12426,4479,7947,10968,1188,270,ITF,ITF3,15,Campania,Campania,5801692,711579,12.27,0.21
1694,2021-04-09,CAM,30048,14153,15895,23315,6134,599,ITF,ITF3,15,Campania,Campania,5801692,741627,12.78,0.52
1695,2021-06-05,CAM,77627,37580,40047,70894,6022,711,ITF,ITF3,15,Campania,Campania,5801692,819254,14.12,1.34
1696,2021-06-14,CAM,37118,17918,19200,18788,18014,316,ITF,ITF3,15,Campania,Campania,5801692,856372,14.76,0.64
1697,2021-05-05,CAM,51169,24855,26314,43279,6386,1504,ITF,ITF3,15,Campania,Campania,5801692,907541,15.64,0.88
1698,2021-05-12,CAM,40898,19952,20946,30596,9162,1140,ITF,ITF3,15,Campania,Campania,5801692,948439,16.35,0.7
1699,2021-07-08,CAM,61093,29403,31690,5663,55126,304,ITF,ITF3,15,Campania,Campania,5801692,1009532,17.4,1.05
1700,2021-05-31,CAM,40729,20665,20064,29850,10313,566,ITF,ITF3,15,Campania,Campania,5801692,1050261,18.1,0.7
1701,2021-06-26,CAM,62937,30691,32246,14671,47852,414,ITF,ITF3,15,Campania,Campania,5801692,1113198,19.19,1.08
1702,2021-07-13,CAM,53682,25791,27891,4937,48496,249,ITF,ITF3,15,Campania,Campania,5801692,1166880,20.11,0.93
1703,2021-04-04,CAM,7966,4017,3949,6701,1047,218,ITF,ITF3,15,Campania,Campania,5801692,1174846,20.25,0.14
1704,2021-06-12,CAM,63997,31549,32448,55943,7217,837,ITF,ITF3,15,Campania,Campania,5801692,1238843,21.35,1.1
1705,2021-03-04,CAM,14708,5396,9312,8555,5894,259,ITF,ITF3,15,Campania,Campania,5801692,1253551,21.61,0.25
1706,2021-05-26,CAM,52679,25840,26839,21113,31102,464,ITF,ITF3,15,Campania,Campania,5801692,1306230,22.51,0.91
1707,2021-04-06,CAM,24511,11562,12949,19507,4523,481,ITF,ITF3,15,Campania,Campania,5801692,1330741,22.94,0.42
1708,2021-07-12,CAM,56676,27363,29313,3767,52590,319,ITF,ITF3,15,Campania,Campania,5801692,1387417,23.91,0.98
1709,2020-12-27,CAM,720,422,298,716,0,4,ITF,ITF3,15,Campania,Campania,5801692,1388137,23.93,0.01
1710,2021-01-23,CAM,3842,2031,1811,267,3569,6,ITF,ITF3,15,Campania,Campania,5801692,1391979,23.99,0.07
1711,2021-03-21,CAM,10071,4674,5397,7507,2390,174,ITF,ITF3,15,Campania,Campania,5801692,1402050,24.17,0.17
1712,2021-02-10,CAM,6905,3413,3492,6483,177,245,ITF,ITF3,15,Campania,Campania,5801692,1408955,24.29,0.12
1713,2021-07-17,CAM,55240,27547,27693,3528,51523,189,ITF,ITF3,15,Campania,Campania,5801692,1464195,25.24,0.95
1714,2021-04-08,CAM,28394,13751,14643,21992,5846,556,ITF,ITF3,15,Campania,Campania,5801692,1492589,25.73,0.49
1715,2021-06-04,CAM,74497,35809,38688,64788,9064,645,ITF,ITF3,15,Campania,Campania,5801692,1567086,27.01,1.28
1716,2021-05-21,CAM,63711,29606,34105,42177,20529,1005,ITF,ITF3,15,Campania,Campania,5801692,1630797,28.11,1.1
1717,2021-05-17,CAM,49369,21703,27666,23654,25263,452,ITF,ITF3,15,Campania,Campania,5801692,1680166,28.96,0.85
1718,2021-02-06,CAM,5341,2666,2675,2006,3239,96,ITF,ITF3,15,Campania,Campania,5801692,1685507,29.05,0.09
1719,2021-07-22,CAM,61738,30480,31258,6560,54684,494,ITF,ITF3,15,Campania,Campania,5801692,1747245,30.12,1.06
1720,2021-04-30,CAM,42332,20197,22135,25040,16502,790,ITF,ITF3,15,Campania,Campania,5801692,1789577,30.85,0.73
1721,2021-02-04,CAM,7943,3429,4514,1249,6635,59,ITF,ITF3,15,Campania,Campania,5801692,1797520,30.98,0.14
1722,2021-01-01,CAM,919,506,413,900,0,19,ITF,ITF3,15,Campania,Campania,5801692,1798439,31.0,0.02
1723,2021-03-25,CAM,20321,9654,10667,16388,3505,428,ITF,ITF3,15,Campania,Campania,5801692,1818760,31.35,0.35
1724,2021-04-16,CAM,34330,16560,17770,23026,10665,639,ITF,ITF3,15,Campania,Campania,5801692,1853090,31.94,0.59
1725,2021-01-06,CAM,7649,3749,3900,7505,0,144,ITF,ITF3,15,Campania,Campania,5801692,1860739,32.07,0.13
1726,2021-02-18,CAM,9080,3813,5267,8151,707,222,ITF,ITF3,15,Campania,Campania,5801692,1869819,32.23,0.16
1727,2021-04-25,CAM,30743,15177,15566,24597,5405,741,ITF,ITF3,15,Campania,Campania,5801692,1900562,32.76,0.53
1728,2021-02-27,CAM,13947,4472,9475,12005,1642,300,ITF,ITF3,15,Campania,Campania,5801692,1914509,33.0,0.24
1729,2021-06-16,CAM,31606,14984,16622,20551,10760,295,ITF,ITF3,15,Campania,Campania,5801692,1946115,33.54,0.54
1730,2021-02-08,CAM,5113,2449,2664,4164,803,146,ITF,ITF3,15,Campania,Campania,5801692,1951228,33.63,0.09
1731,2021-06-02,CAM,42854,20155,22699,37744,4677,433,ITF,ITF3,15,Campania,Campania,5801692,1994082,34.37,0.74
1732,2021-02-22,CAM,10682,3295,7387,10194,263,225,ITF,ITF3,15,Campania,Campania,5801692,2004764,34.55,0.18
1733,2021-03-11,CAM,18001,9058,8943,10330,7279,392,ITF,ITF3,15,Campania,Campania,5801692,2022765,34.87,0.31
1734,2021-05-16,CAM,51149,23227,27922,32868,17575,706,ITF,ITF3,15,Campania,Campania,5801692,2073914,35.75,0.88
1735,2021-02-20,CAM,8573,3080,5493,8109,303,161,ITF,ITF3,15,Campania,Campania,5801692,2082487,35.89,0.15
1736,2021-02-03,CAM,8903,4003,4900,842,8025,36,ITF,ITF3,15,Campania,Campania,5801692,2091390,36.05,0.15
1737,2021-05-07,CAM,59776,29210,30566,42779,15953,1044,ITF,ITF3,15,Campania,Campania,5801692,2151166,37.08,1.03
1738,2021-01-27,CAM,7738,3820,3918,157,7576,5,ITF,ITF3,15,Campania,Campania,5801692,2158904,37.21,0.13
1739,2021-03-18,CAM,12178,5382,6796,5797,6190,191,ITF,ITF3,15,Campania,Campania,5801692,2171082,37.42,0.21
1740,2021-04-01,CAM,24679,12009,12670,20081,4133,465,ITF,ITF3,15,Campania,Campania,5801692,2195761,37.85,0.43
1741,2021-05-28,CAM,73053,35313,37740,26284,46155,614,ITF,ITF3,15,Campania,Campania,5801692,2268814,39.11,1.26
1742,2021-05-14,CAM,61042,27585,33457,34847,24714,1481,ITF,ITF3,15,Campania,Campania,5801692,2329856,40.16,1.05
1743,2021-07-10,CAM,66885,32660,34225,2751,63936,198,ITF,ITF3,15,Campania,Campania,5801692,2396741,41.31,1.15
1744,2021-04-20,CAM,32038,15499,16539,20160,11312,566,ITF,ITF3,15,Campania,Campania,5801692,2428779,41.86,0.55
1745,2021-06-28,CAM,46519,22740,23779,20588,25407,524,ITF,ITF3,15,Campania,Campania,5801692,2475298,42.67,0.8
1746,2021-03-20,CAM,13989,6529,7460,10013,3739,237,ITF,ITF3,15,Campania,Campania,5801692,2489287,42.91,0.24
1747,2021-02-15,CAM,5472,2516,2956,5159,175,138,ITF,ITF3,15,Campania,Campania,5801692,2494759,43.0,0.09
1748,2021-06-09,CAM,53060,26054,27006,41703,10905,452,ITF,ITF3,15,Campania,Campania,5801692,2547819,43.92,0.91
1749,2021-03-01,CAM,12131,4248,7883,7783,4112,236,ITF,ITF3,15,Campania,Campania,5801692,2559950,44.12,0.21
1750,2021-05-09,CAM,43204,20286,22918,30970,11098,1136,ITF,ITF3,15,Campania,Campania,5801692,2603154,44.87,0.74
1751,2021-01-10,CAM,8165,3736,4429,7963,0,202,ITF,ITF3,15,Campania,Campania,5801692,2611319,45.01,0.14
1752,2021-04-03,CAM,21117,10316,10801,18282,2381,454,ITF,ITF3,15,Campania,Campania,5801692,2632436,45.37,0.36
1753,2021-01-13,CAM,8020,3666,4354,7780,0,240,ITF,ITF3,15,Campania,Campania,5801692,2640456,45.51,0.14
1754,2021-04-18,CAM,27221,13286,13935,17822,8901,498,ITF,ITF3,15,Campania,Campania,5801692,2667677,45.98,0.47
1755,2021-01-08,CAM,10453,4967,5486,10194,0,259,ITF,ITF3,15,Campania,Campania,5801692,2678130,46.16,0.18
1756,2021-04-27,CAM,32161,15626,16535,23498,7923,740,ITF,ITF3,15,Campania,Campania,5801692,2710291,46.72,0.55
1757,2021-06-23,CAM,46749,22085,24664,10751,35791,207,ITF,ITF3,15,Campania,Campania,5801692,2757040,47.52,0.81
1758,2021-07-14,CAM,51088,24567,26521,4331,46478,279,ITF,ITF3,15,Campania,Campania,5801692,2808128,48.4,0.88
1759,2021-04-05,CAM,11639,5542,6097,8940,2424,275,ITF,ITF3,15,Campania,Campania,5801692,2819767,48.6,0.2
1760,2021-03-17,CAM,11589,5100,6489,4859,6581,149,ITF,ITF3,15,Campania,Campania,5801692,2831356,48.8,0.2
1761,2021-06-11,CAM,70803,34398,36405,63907,6035,861,ITF,ITF3,15,Campania,Campania,5801692,2902159,50.02,1.22
1762,2021-03-03,CAM,13924,5496,8428,7099,6630,195,ITF,ITF3,15,Campania,Campania,5801692,2916083,50.26,0.24
1763,2021-06-25,CAM,65510,31803,33707,13792,51339,379,ITF,ITF3,15,Campania,Campania,5801692,2981593,51.39,1.13
1764,2021-05-25,CAM,46506,22385,24121,22545,23413,548,ITF,ITF3,15,Campania,Campania,5801692,3028099,52.19,0.8
1765,2021-04-22,CAM,33965,16542,17423,20932,12409,624,ITF,ITF3,15,Campania,Campania,5801692,3062064,52.78,0.59
1766,2021-01-12,CAM,5215,2564,2651,5076,0,139,ITF,ITF3,15,Campania,Campania,5801692,3067279,52.87,0.09
1767,2021-05-02,CAM,43496,21541,21955,31286,11360,850,ITF,ITF3,15,Campania,Campania,5801692,3110775,53.62,0.75
1768,2021-01-22,CAM,1525,776,749,659,852,14,ITF,ITF3,15,Campania,Campania,5801692,3112300,53.64,0.03
1769,2021-03-06,CAM,16371,6815,9556,10411,5669,291,ITF,ITF3,15,Campania,Campania,5801692,3128671,53.93,0.28
1770,2021-02-01,CAM,3984,1813,2171,102,3874,8,ITF,ITF3,15,Campania,Campania,5801692,3132655,54.0,0.07
1771,2021-03-30,CAM,22052,10577,11475,18598,2957,497,ITF,ITF3,15,Campania,Campania,5801692,3154707,54.38,0.38
1772,2021-04-17,CAM,36194,17513,18681,23997,11512,685,ITF,ITF3,15,Campania,Campania,5801692,3190901,55.0,0.62
1773,2021-06-13,CAM,43431,21245,22186,38098,4730,603,ITF,ITF3,15,Campania,Campania,5801692,3234332,55.75,0.75
1774,2021-05-30,CAM,52154,25442,26712,37961,13314,879,ITF,ITF3,15,Campania,Campania,5801692,3286486,56.65,0.9
1775,2021-02-19,CAM,9572,3560,6012,8714,650,208,ITF,ITF3,15,Campania,Campania,5801692,3296058,56.81,0.16
1776,2020-12-31,CAM,1490,811,679,1471,0,19,ITF,ITF3,15,Campania,Campania,5801692,3297548,56.84,0.03
1777,2021-06-06,CAM,63228,31446,31782,61927,648,653,ITF,ITF3,15,Campania,Campania,5801692,3360776,57.93,1.09
1778,2021-02-26,CAM,13335,4227,9108,11731,1336,268,ITF,ITF3,15,Campania,Campania,5801692,3374111,58.16,0.23
1779,2021-04-24,CAM,36364,17528,18836,24362,11248,754,ITF,ITF3,15,Campania,Campania,5801692,3410475,58.78,0.63
1780,2021-07-19,CAM,43956,21521,22435,5226,38339,391,ITF,ITF3,15,Campania,Campania,5801692,3454431,59.54,0.76
1781,2021-05-23,CAM,58748,28639,30109,37221,20898,629,ITF,ITF3,15,Campania,Campania,5801692,3513179,60.55,1.01
1782,2021-02-12,CAM,6531,2861,3670,6092,188,251,ITF,ITF3,15,Campania,Campania,5801692,3519710,60.67,0.11
1783,2021-01-29,CAM,10053,4812,5241,43,10006,4,ITF,ITF3,15,Campania,Campania,5801692,3529763,60.84,0.17
1784,2021-06-27,CAM,43552,21450,22102,14108,29067,377,ITF,ITF3,15,Campania,Campania,5801692,3573315,61.59,0.75
1785,2021-03-19,CAM,11143,4973,6170,7096,3873,174,ITF,ITF3,15,Campania,Campania,5801692,3584458,61.78,0.19
1786,2021-02-24,CAM,11785,4150,7635,10848,688,249,ITF,ITF3,15,Campania,Campania,5801692,3596243,61.99,0.2
1787,2021-01-05,CAM,7237,3637,3600,7076,0,161,ITF,ITF3,15,Campania,Campania,5801692,3603480,62.11,0.12
1788,2021-02-17,CAM,7391,3213,4178,6207,1060,124,ITF,ITF3,15,Campania,Campania,5801692,3610871,62.24,0.13
1789,2021-04-15,CAM,34345,16664,17681,23813,9903,629,ITF,ITF3,15,Campania,Campania,5801692,3645216,62.83,0.59
1790,2021-05-18,CAM,52183,23228,28955,31873,19657,653,ITF,ITF3,15,Campania,Campania,5801692,3697399,63.73,0.9
1791,2021-02-05,CAM,7261,3463,3798,2019,5128,114,ITF,ITF3,15,Campania,Campania,5801692,3704660,63.85,0.13
1792,2021-01-15,CAM,4979,2381,2598,4823,0,156,ITF,ITF3,15,Campania,Campania,5801692,3709639,63.94,0.09
1793,2021-06-21,CAM,46869,22635,24234,11346,35237,286,ITF,ITF3,15,Campania,Campania,5801692,3756508,64.75,0.81
1794,2021-03-13,CAM,14518,7038,7480,8989,5282,247,ITF,ITF3,15,Campania,Campania,5801692,3771026,65.0,0.25
1795,2021-03-22,CAM,13182,6345,6837,10863,2042,277,ITF,ITF3,15,Campania,Campania,5801692,3784208,65.23,0.23
1796,2021-02-07,CAM,2928,1381,1547,2067,771,90,ITF,ITF3,15,Campania,Campania,5801692,3787136,65.28,0.05
1797,2021-06-30,CAM,47618,22747,24871,18384,28620,614,ITF,ITF3,15,Campania,Campania,5801692,3834754,66.1,0.82
1798,2021-05-06,CAM,57285,27910,29375,41310,14452,1523,ITF,ITF3,15,Campania,Campania,5801692,3892039,67.08,0.99
1799,2021-02-28,CAM,10412,3207,7205,8313,1900,199,ITF,ITF3,15,Campania,Campania,5801692,3902451,67.26,0.18
1800,2021-02-14,CAM,3929,1923,2006,3845,34,50,ITF,ITF3,15,Campania,Campania,5801692,3906380,67.33,0.07
1801,2021-04-10,CAM,28354,13492,14862,22825,4914,615,ITF,ITF3,15,Campania,Campania,5801692,3934734,67.82,0.49
1802,2021-01-07,CAM,8909,4167,4742,8736,0,173,ITF,ITF3,15,Campania,Campania,5801692,3943643,67.97,0.15
1803,2021-03-05,CAM,16814,6667,10147,9865,6663,286,ITF,ITF3,15,Campania,Campania,5801692,3960457,68.26,0.29
1804,2021-06-22,CAM,52451,25010,27441,13202,39002,247,ITF,ITF3,15,Campania,Campania,5801692,4012908,69.17,0.9
1805,2021-03-14,CAM,8616,3827,4789,4379,4140,97,ITF,ITF3,15,Campania,Campania,5801692,4021524,69.32,0.15
1806,2021-05-10,CAM,35473,16392,19081,25003,9927,543,ITF,ITF3,15,Campania,Campania,5801692,4056997,69.93,0.61
1807,2021-06-08,CAM,53040,25853,27187,45459,6998,583,ITF,ITF3,15,Campania,Campania,5801692,4110037,70.84,0.91
1808,2021-04-26,CAM,34034,16649,17385,27572,5623,839,ITF,ITF3,15,Campania,Campania,5801692,4144071,71.43,0.59
1809,2021-03-08,CAM,14687,6846,7841,9503,4777,407,ITF,ITF3,15,Campania,Campania,5801692,4158758,71.68,0.25
1810,2021-05-04,CAM,48484,23349,25135,38352,8903,1229,ITF,ITF3,15,Campania,Campania,5801692,4207242,72.52,0.84
1811,2021-01-24,CAM,4122,2119,2003,360,3745,17,ITF,ITF3,15,Campania,Campania,5801692,4211364,72.59,0.07
1812,2021-05-13,CAM,55445,24827,30618,37864,16012,1569,ITF,ITF3,15,Campania,Campania,5801692,4266809,73.54,0.96
1813,2021-07-09,CAM,61453,29754,31699,4367,56795,291,ITF,ITF3,15,Campania,Campania,5801692,4328262,74.6,1.06
1814,2021-01-31,CAM,8070,3712,4358,22,8047,1,ITF,ITF3,15,Campania,Campania,5801692,4336332,74.74,0.14
1815,2021-05-11,CAM,39870,19242,20628,29557,9401,912,ITF,ITF3,15,Campania,Campania,5801692,4376202,75.43,0.69
1816,2021-07-11,CAM,40860,19664,21196,1011,39767,82,ITF,ITF3,15,Campania,Campania,5801692,4417062,76.13,0.7
1817,2021-06-10,CAM,75921,36680,39241,68001,7036,884,ITF,ITF3,15,Campania,Campania,5801692,4492983,77.44,1.31
1818,2021-05-08,CAM,56433,27143,29290,39151,15832,1450,ITF,ITF3,15,Campania,Campania,5801692,4549416,78.42,0.97
1819,2021-01-28,CAM,8833,4122,4711,125,8700,8,ITF,ITF3,15,Campania,Campania,5801692,4558249,78.57,0.15
1820,2021-01-17,CAM,1155,551,604,682,453,20,ITF,ITF3,15,Campania,Campania,5801692,4559404,78.59,0.02
1821,2021-03-15,CAM,13346,6491,6855,8349,4746,251,ITF,ITF3,15,Campania,Campania,5801692,4572750,78.82,0.23
1822,2021-07-02,CAM,55866,26992,28874,14436,40946,484,ITF,ITF3,15,Campania,Campania,5801692,4628616,79.78,0.96
1823,2021-04-29,CAM,41331,20039,21292,24096,16484,751,ITF,ITF3,15,Campania,Campania,5801692,4669947,80.49,0.71
1824,2021-01-19,CAM,1095,474,621,1042,3,50,ITF,ITF3,15,Campania,Campania,5801692,4671042,80.51,0.02
1825,2021-07-21,CAM,50167,24441,25726,8673,40860,634,ITF,ITF3,15,Campania,Campania,5801692,4721209,81.38,0.86
1826,2021-01-21,CAM,2093,1116,977,670,1417,6,ITF,ITF3,15,Campania,Campania,5801692,4723302,81.41,0.04
1827,2021-03-07,CAM,11973,5404,6569,7816,3843,314,ITF,ITF3,15,Campania,Campania,5801692,4735275,81.62,0.21
1828,2021-05-03,CAM,40784,19905,20879,27961,11858,965,ITF,ITF3,15,Campania,Campania,5801692,4776059,82.32,0.7
1829,2021-06-29,CAM,49317,23986,25331,19796,29060,461,ITF,ITF3,15,Campania,Campania,5801692,4825376,83.17,0.85
1830,2021-06-15,CAM,18673,9086,9587,11028,7412,233,ITF,ITF3,15,Campania,Campania,5801692,4844049,83.49,0.32
1831,2021-01-14,CAM,7074,2978,4096,6810,0,264,ITF,ITF3,15,Campania,Campania,5801692,4851123,83.62,0.12
1832,2021-02-02,CAM,5724,2805,2919,413,5280,31,ITF,ITF3,15,Campania,Campania,5801692,4856847,83.71,0.1
1833,2021-03-31,CAM,23190,11372,11818,19363,3440,387,ITF,ITF3,15,Campania,Campania,5801692,4880037,84.11,0.4
1834,2021-07-18,CAM,31333,15760,15573,3847,27156,330,ITF,ITF3,15,Campania,Campania,5801692,4911370,84.65,0.54
1835,2021-04-07,CAM,24972,11987,12985,19714,4725,533,ITF,ITF3,15,Campania,Campania,5801692,4936342,85.08,0.43
1836,2021-04-21,CAM,30236,14729,15507,17487,12227,522,ITF,ITF3,15,Campania,Campania,5801692,4966578,85.61,0.52
1837,2021-01-26,CAM,7341,3726,3615,331,6989,21,ITF,ITF3,15,Campania,Campania,5801692,4973919,85.73,0.13
1838,2021-04-19,CAM,30767,14827,15940,18687,11573,507,ITF,ITF3,15,Campania,Campania,5801692,5004686,86.26,0.53
1839,2021-01-09,CAM,10566,5024,5542,10305,0,261,ITF,ITF3,15,Campania,Campania,5801692,5015252,86.44,0.18
1840,2021-05-27,CAM,72917,35352,37565,25820,46539,558,ITF,ITF3,15,Campania,Campania,5801692,5088169,87.7,1.26
1841,2021-02-16,CAM,5440,2412,3028,4495,771,174,ITF,ITF3,15,Campania,Campania,5801692,5093609,87.8,0.09
1842,2021-05-22,CAM,67967,32516,35451,45626,21495,846,ITF,ITF3,15,Campania,Campania,5801692,5161576,88.97,1.17
1843,2021-07-23,CAM,61692,30742,30950,8456,52782,454,ITF,ITF3,15,Campania,Campania,5801692,5223268,90.03,1.06
1844,2021-04-14,CAM,27651,13338,14313,18670,8570,411,ITF,ITF3,15,Campania,Campania,5801692,5250919,90.51,0.48
1845,2021-05-01,CAM,46349,22662,23687,29341,16106,902,ITF,ITF3,15,Campania,Campania,5801692,5297268,91.31,0.8
1846,2021-07-06,CAM,56591,27019,29572,16232,39910,449,ITF,ITF3,15,Campania,Campania,5801692,5353859,92.28,0.98
1847,2021-04-12,CAM,23307,10921,12386,19773,3035,499,ITF,ITF3,15,Campania,Campania,5801692,5377166,92.68,0.4
1848,2021-01-02,CAM,3673,1963,1710,3615,0,58,ITF,ITF3,15,Campania,Campania,5801692,5380839,92.75,0.06
1849,2021-06-17,CAM,60175,28852,31323,32910,26764,501,ITF,ITF3,15,Campania,Campania,5801692,5441014,93.78,1.04
1850,2021-07-04,CAM,48818,23764,25054,6327,42309,182,ITF,ITF3,15,Campania,Campania,5801692,5489832,94.62,0.84
1851,2021-03-26,CAM,19865,9324,10541,15653,3815,397,ITF,ITF3,15,Campania,Campania,5801692,5509697,94.97,0.34
1852,2021-07-16,CAM,60986,29832,31154,6743,53864,379,ITF,ITF3,15,Campania,Campania,5801692,5570683,96.02,1.05
1853,2021-04-02,CAM,21865,10524,11341,19097,2324,444,ITF,ITF3,15,Campania,Campania,5801692,5592548,96.4,0.38
1854,2021-03-24,CAM,17922,8369,9553,14624,2958,340,ITF,ITF3,15,Campania,Campania,5801692,5610470,96.7,0.31
1855,2021-05-20,CAM,60831,28142,32689,42228,17638,965,ITF,ITF3,15,Campania,Campania,5801692,5671301,97.75,1.05
1856,2021-02-09,CAM,4643,2202,2441,4234,252,157,ITF,ITF3,15,Campania,Campania,5801692,5675944,97.83,0.08
1857,2021-05-29,CAM,67819,32260,35559,43108,23872,839,ITF,ITF3,15,Campania,Campania,5801692,5743763,99.0,1.17
1858,2021-07-25,CAM,13003,6485,6518,1914,11034,55,ITF,ITF3,15,Campania,Campania,5801692,5756766,99.23,0.22
1859,2021-07-24,CAM,47921,24836,23085,6773,40821,327,ITF,ITF3,15,Campania,Campania,5801692,5804687,100.05,0.83
1860,2021-01-20,CAM,1257,650,607,1226,0,31,ITF,ITF3,15,Campania,Campania,5801692,5805944,100.07,0.02
1861,2021-04-13,CAM,26608,12685,13923,20576,5534,498,ITF,ITF3,15,Campania,Campania,5801692,5832552,100.53,0.46
1862,2021-01-03,CAM,3836,2009,1827,3787,0,49,ITF,ITF3,15,Campania,Campania,5801692,5836388,100.6,0.07
1863,2021-07-05,CAM,63288,30507,32781,12746,49871,671,ITF,ITF3,15,Campania,Campania,5801692,5899676,101.69,1.09
1864,2021-07-07,CAM,52255,24798,27457,7271,44597,387,ITF,ITF3,15,Campania,Campania,5801692,5951931,102.59,0.9
1865,2021-03-29,CAM,19405,9578,9827,17471,1547,387,ITF,ITF3,15,Campania,Campania,5801692,5971336,102.92,0.33
1866,2021-06-20,CAM,47605,22744,24861,14334,32986,285,ITF,ITF3,15,Campania,Campania,5801692,6018941,103.74,0.82
1867,2021-03-27,CAM,21513,10242,11271,17255,3865,393,ITF,ITF3,15,Campania,Campania,5801692,6040454,104.12,0.37
1868,2021-06-01,CAM,42130,20907,21223,31411,10500,219,ITF,ITF3,15,Campania,Campania,5801692,6082584,104.84,0.73
1869,2021-06-18,CAM,65887,31400,34487,35090,30297,500,ITF,ITF3,15,Campania,Campania,5801692,6148471,105.98,1.14
1870,2021-03-10,CAM,15615,7722,7893,8463,6837,315,ITF,ITF3,15,Campania,Campania,5801692,6164086,106.25,0.27
1871,2021-05-15,CAM,62659,29041,33618,42158,18714,1787,ITF,ITF3,15,Campania,Campania,5801692,6226745,107.33,1.08
1872,2021-03-12,CAM,14574,7410,7164,8198,6084,292,ITF,ITF3,15,Campania,Campania,5801692,6241319,107.58,0.25
1873,2021-06-03,CAM,72637,35229,37408,61156,10674,807,ITF,ITF3,15,Campania,Campania,5801692,6313956,108.83,1.25
1874,2021-02-23,CAM,11002,3388,7614,10204,526,272,ITF,ITF3,15,Campania,Campania,5801692,6324958,109.02,0.19
1875,2021-02-21,CAM,5836,2241,3595,5496,225,115,ITF,ITF3,15,Campania,Campania,5801692,6330794,109.12,0.1
1876,2021-04-28,LOM,95752,43675,52077,66932,26907,1913,ITC,ITC4,3,Lombardia,Lombardia,10060574,95752,0.95,0.95
1877,2021-06-24,LOM,109522,56632,52890,78326,28809,2387,ITC,ITC4,3,Lombardia,Lombardia,10060574,205274,2.04,1.09
1878,2021-03-16,LOM,25499,10114,15385,16299,9078,122,ITC,ITC4,3,Lombardia,Lombardia,10060574,230773,2.29,0.25
1879,2021-05-12,LOM,87494,41751,45743,57411,27561,2522,ITC,ITC4,3,Lombardia,Lombardia,10060574,318267,3.16,0.87
1880,2021-03-28,LOM,20565,7847,12718,13958,6223,384,ITC,ITC4,3,Lombardia,Lombardia,10060574,338832,3.37,0.2
1881,2021-04-14,LOM,47194,21033,26161,33536,12972,686,ITC,ITC4,3,Lombardia,Lombardia,10060574,386026,3.84,0.47
1882,2021-01-04,LOM,6117,2110,4007,6111,0,6,ITC,ITC4,3,Lombardia,Lombardia,10060574,392143,3.9,0.06
1883,2021-06-19,LOM,104321,51997,52324,56262,46633,1426,ITC,ITC4,3,Lombardia,Lombardia,10060574,496464,4.93,1.04
1884,2021-07-06,LOM,101808,50687,51121,23065,77324,1419,ITC,ITC4,3,Lombardia,Lombardia,10060574,598272,5.95,1.01
1885,2021-04-23,LOM,73590,33347,40243,55584,16618,1388,ITC,ITC4,3,Lombardia,Lombardia,10060574,671862,6.68,0.73
1886,2021-05-10,LOM,85281,40889,44392,62039,21582,1660,ITC,ITC4,3,Lombardia,Lombardia,10060574,757143,7.53,0.85
1887,2021-01-30,LOM,12318,4567,7751,146,12163,9,ITC,ITC4,3,Lombardia,Lombardia,10060574,769461,7.65,0.12
1888,2021-01-16,LOM,15617,5778,9839,15606,0,11,ITC,ITC4,3,Lombardia,Lombardia,10060574,785078,7.8,0.16
1889,2021-02-16,LOM,9506,3073,6433,8957,448,101,ITC,ITC4,3,Lombardia,Lombardia,10060574,794584,7.9,0.09
1890,2021-06-10,LOM,102611,52232,50379,86396,14422,1793,ITC,ITC4,3,Lombardia,Lombardia,10060574,897195,8.92,1.02
1891,2021-03-02,LOM,22833,9706,13127,19531,3040,262,ITC,ITC4,3,Lombardia,Lombardia,10060574,920028,9.14,0.23
1892,2020-12-28,LOM,108,47,61,108,0,0,ITC,ITC4,3,Lombardia,Lombardia,10060574,920136,9.15,0.0
1893,2021-04-21,LOM,71835,32566,39269,55833,14668,1334,ITC,ITC4,3,Lombardia,Lombardia,10060574,991971,9.86,0.71
1894,2021-01-11,LOM,16294,5389,10905,16284,0,10,ITC,ITC4,3,Lombardia,Lombardia,10060574,1008265,10.02,0.16
1895,2021-01-28,LOM,12231,3705,8526,795,11429,7,ITC,ITC4,3,Lombardia,Lombardia,10060574,1020496,10.14,0.12
1896,2021-06-05,LOM,102431,52954,49477,91103,9817,1511,ITC,ITC4,3,Lombardia,Lombardia,10060574,1122927,11.16,1.02
1897,2021-03-14,LOM,14874,5348,9526,11218,3283,373,ITC,ITC4,3,Lombardia,Lombardia,10060574,1137801,11.31,0.15
1898,2021-02-23,LOM,11830,4804,7026,11290,332,208,ITC,ITC4,3,Lombardia,Lombardia,10060574,1149631,11.43,0.12
1899,2021-05-24,LOM,89543,43494,46049,48584,40025,934,ITC,ITC4,3,Lombardia,Lombardia,10060574,1239174,12.32,0.89
1900,2021-02-11,LOM,17087,5014,12073,9632,7376,79,ITC,ITC4,3,Lombardia,Lombardia,10060574,1256261,12.49,0.17
1901,2021-05-31,LOM,95661,47404,48257,78349,16208,1104,ITC,ITC4,3,Lombardia,Lombardia,10060574,1351922,13.44,0.95
1902,2021-03-26,LOM,41331,15709,25622,27506,13154,671,ITC,ITC4,3,Lombardia,Lombardia,10060574,1393253,13.85,0.41
1903,2021-07-20,LOM,94874,48987,45887,6888,87244,742,ITC,ITC4,3,Lombardia,Lombardia,10060574,1488127,14.79,0.94
1904,2021-02-04,LOM,27841,8117,19724,2013,25823,5,ITC,ITC4,3,Lombardia,Lombardia,10060574,1515968,15.07,0.28
1905,2021-07-18,LOM,97101,50591,46510,8545,87863,693,ITC,ITC4,3,Lombardia,Lombardia,10060574,1613069,16.03,0.97
1906,2021-04-09,LOM,52402,22372,30030,35570,15996,836,ITC,ITC4,3,Lombardia,Lombardia,10060574,1665471,16.55,0.52
1907,2021-07-13,LOM,108420,56673,51747,15418,91761,1241,ITC,ITC4,3,Lombardia,Lombardia,10060574,1773891,17.63,1.08
1908,2021-04-04,LOM,7612,3230,4382,3682,3896,34,ITC,ITC4,3,Lombardia,Lombardia,10060574,1781503,17.71,0.08
1909,2021-06-17,LOM,108541,52705,55836,51069,56297,1175,ITC,ITC4,3,Lombardia,Lombardia,10060574,1890044,18.79,1.08
1910,2021-03-09,LOM,33226,12863,20363,25244,7398,584,ITC,ITC4,3,Lombardia,Lombardia,10060574,1923270,19.12,0.33
1911,2021-05-05,LOM,87950,41929,46021,70357,15327,2266,ITC,ITC4,3,Lombardia,Lombardia,10060574,2011220,19.99,0.87
1912,2021-07-01,LOM,104939,52819,52120,53333,49213,2393,ITC,ITC4,3,Lombardia,Lombardia,10060574,2116159,21.03,1.04
1913,2021-07-08,LOM,114372,58288,56084,13165,100175,1032,ITC,ITC4,3,Lombardia,Lombardia,10060574,2230531,22.17,1.14
1914,2021-07-25,LOM,41922,21714,20208,2982,38708,232,ITC,ITC4,3,Lombardia,Lombardia,10060574,2272453,22.59,0.42
1915,2021-04-16,LOM,53694,23932,29762,38431,14375,888,ITC,ITC4,3,Lombardia,Lombardia,10060574,2326147,23.12,0.53
1916,2021-05-03,LOM,83710,39760,43950,69458,12130,2122,ITC,ITC4,3,Lombardia,Lombardia,10060574,2409857,23.95,0.83
1917,2021-01-23,LOM,1126,360,766,924,199,3,ITC,ITC4,3,Lombardia,Lombardia,10060574,2410983,23.96,0.01
1918,2021-06-12,LOM,89317,48062,41255,84320,3157,1840,ITC,ITC4,3,Lombardia,Lombardia,10060574,2500300,24.85,0.89
1919,2021-06-29,LOM,107128,53138,53990,57394,47725,2009,ITC,ITC4,3,Lombardia,Lombardia,10060574,2607428,25.92,1.06
1920,2021-03-21,LOM,23516,8495,15021,17732,5194,590,ITC,ITC4,3,Lombardia,Lombardia,10060574,2630944,26.15,0.23
1921,2021-02-13,LOM,6421,2441,3980,4884,1477,60,ITC,ITC4,3,Lombardia,Lombardia,10060574,2637365,26.21,0.06
1922,2021-07-17,LOM,108487,57285,51202,10218,97345,924,ITC,ITC4,3,Lombardia,Lombardia,10060574,2745852,27.29,1.08
1923,2021-04-25,LOM,51566,23646,27920,45541,4807,1218,ITC,ITC4,3,Lombardia,Lombardia,10060574,2797418,27.81,0.51
1924,2021-06-28,LOM,107894,54976,52918,74278,31009,2607,ITC,ITC4,3,Lombardia,Lombardia,10060574,2905312,28.88,1.07
1925,2021-01-09,LOM,12481,4602,7879,12473,0,8,ITC,ITC4,3,Lombardia,Lombardia,10060574,2917793,29.0,0.12
1926,2021-03-07,LOM,12090,5363,6727,9337,2562,191,ITC,ITC4,3,Lombardia,Lombardia,10060574,2929883,29.12,0.12
1927,2021-01-27,LOM,8045,2677,5368,808,7235,2,ITC,ITC4,3,Lombardia,Lombardia,10060574,2937928,29.2,0.08
1928,2021-07-03,LOM,102331,51624,50707,44532,55691,2108,ITC,ITC4,3,Lombardia,Lombardia,10060574,3040259,30.22,1.02
1929,2021-03-25,LOM,42867,16034,26833,29240,12722,905,ITC,ITC4,3,Lombardia,Lombardia,10060574,3083126,30.65,0.43
1930,2021-05-21,LOM,93862,45247,48615,28381,64720,761,ITC,ITC4,3,Lombardia,Lombardia,10060574,3176988,31.58,0.93
1931,2021-05-17,LOM,94655,45359,49296,29539,64413,703,ITC,ITC4,3,Lombardia,Lombardia,10060574,3271643,32.52,0.94
1932,2021-05-19,LOM,83258,39764,43494,33099,49352,807,ITC,ITC4,3,Lombardia,Lombardia,10060574,3354901,33.35,0.83
1933,2021-05-22,LOM,70603,33839,36764,31724,38165,714,ITC,ITC4,3,Lombardia,Lombardia,10060574,3425504,34.05,0.7
1934,2021-05-29,LOM,88311,42413,45898,41397,46072,842,ITC,ITC4,3,Lombardia,Lombardia,10060574,3513815,34.93,0.88
1935,2021-02-18,LOM,14054,4926,9128,12820,1037,197,ITC,ITC4,3,Lombardia,Lombardia,10060574,3527869,35.07,0.14
1936,2021-04-02,LOM,41283,16890,24393,26205,14524,554,ITC,ITC4,3,Lombardia,Lombardia,10060574,3569152,35.48,0.41
1937,2021-04-11,LOM,32221,13944,18277,24315,7395,511,ITC,ITC4,3,Lombardia,Lombardia,10060574,3601373,35.8,0.32
1938,2021-01-01,LOM,24,7,17,24,0,0,ITC,ITC4,3,Lombardia,Lombardia,10060574,3601397,35.8,0.0
1939,2021-06-07,LOM,98964,50429,48535,84024,13323,1617,ITC,ITC4,3,Lombardia,Lombardia,10060574,3700361,36.78,0.98
1940,2021-02-27,LOM,13950,5874,8076,13154,641,155,ITC,ITC4,3,Lombardia,Lombardia,10060574,3714311,36.92,0.14
1941,2021-01-18,LOM,9232,2978,6254,8242,975,15,ITC,ITC4,3,Lombardia,Lombardia,10060574,3723543,37.01,0.09
1942,2021-03-23,LOM,42585,15472,27113,28865,12866,854,ITC,ITC4,3,Lombardia,Lombardia,10060574,3766128,37.43,0.42
1943,2021-01-25,LOM,7036,2378,4658,483,6550,3,ITC,ITC4,3,Lombardia,Lombardia,10060574,3773164,37.5,0.07
1944,2021-06-21,LOM,113268,58030,55238,78354,32741,2173,ITC,ITC4,3,Lombardia,Lombardia,10060574,3886432,38.63,1.13
1945,2021-06-02,LOM,84635,43575,41060,76986,6331,1318,ITC,ITC4,3,Lombardia,Lombardia,10060574,3971067,39.47,0.84
1946,2021-03-11,LOM,36231,13482,22749,25628,9919,684,ITC,ITC4,3,Lombardia,Lombardia,10060574,4007298,39.83,0.36
1947,2021-03-30,LOM,39641,15592,24049,24249,14784,608,ITC,ITC4,3,Lombardia,Lombardia,10060574,4046939,40.23,0.39
1948,2021-01-13,LOM,26442,8077,18365,26416,0,26,ITC,ITC4,3,Lombardia,Lombardia,10060574,4073381,40.49,0.26
1949,2021-05-07,LOM,92331,43715,48616,68375,22404,1552,ITC,ITC4,3,Lombardia,Lombardia,10060574,4165712,41.41,0.92
1950,2021-03-18,LOM,27407,10960,16447,15935,11245,227,ITC,ITC4,3,Lombardia,Lombardia,10060574,4193119,41.68,0.27
1951,2021-05-14,LOM,85970,41401,44569,53255,30331,2384,ITC,ITC4,3,Lombardia,Lombardia,10060574,4279089,42.53,0.85
1952,2021-07-10,LOM,107108,54218,52890,13911,92015,1182,ITC,ITC4,3,Lombardia,Lombardia,10060574,4386197,43.6,1.06
1953,2021-07-15,LOM,108758,55937,52821,12895,94659,1204,ITC,ITC4,3,Lombardia,Lombardia,10060574,4494955,44.68,1.08
1954,2021-04-06,LOM,43077,17588,25489,24441,17946,690,ITC,ITC4,3,Lombardia,Lombardia,10060574,4538032,45.11,0.43
1955,2021-06-14,LOM,94765,48148,46617,49119,44528,1118,ITC,ITC4,3,Lombardia,Lombardia,10060574,4632797,46.05,0.94
1956,2021-05-26,LOM,93693,44655,49038,42732,50070,891,ITC,ITC4,3,Lombardia,Lombardia,10060574,4726490,46.98,0.93
1957,2021-02-15,LOM,8964,3142,5822,8357,428,179,ITC,ITC4,3,Lombardia,Lombardia,10060574,4735454,47.07,0.09
1958,2021-03-20,LOM,32595,12165,20430,22243,9852,500,ITC,ITC4,3,Lombardia,Lombardia,10060574,4768049,47.39,0.32
1959,2020-12-27,LOM,718,414,304,718,0,0,ITC,ITC4,3,Lombardia,Lombardia,10060574,4768767,47.4,0.01
1960,2021-02-20,LOM,9343,3869,5474,8846,302,195,ITC,ITC4,3,Lombardia,Lombardia,10060574,4778110,47.49,0.09
1961,2021-04-18,LOM,36406,16230,20176,30522,5241,643,ITC,ITC4,3,Lombardia,Lombardia,10060574,4814516,47.86,0.36
1962,2021-01-08,LOM,12721,3926,8795,12710,0,11,ITC,ITC4,3,Lombardia,Lombardia,10060574,4827237,47.98,0.13
1963,2021-03-04,LOM,29334,12116,17218,20041,9073,220,ITC,ITC4,3,Lombardia,Lombardia,10060574,4856571,48.27,0.29
1964,2021-06-30,LOM,106772,52908,53864,56573,48094,2105,ITC,ITC4,3,Lombardia,Lombardia,10060574,4963343,49.33,1.06
1965,2021-03-22,LOM,40339,14303,26036,28948,10557,834,ITC,ITC4,3,Lombardia,Lombardia,10060574,5003682,49.74,0.4
1966,2021-04-08,LOM,52408,21776,30632,35271,16465,672,ITC,ITC4,3,Lombardia,Lombardia,10060574,5056090,50.26,0.52
1967,2020-12-29,LOM,106,45,61,106,0,0,ITC,ITC4,3,Lombardia,Lombardia,10060574,5056196,50.26,0.0
1968,2021-07-14,LOM,109200,56743,52457,14331,93462,1407,ITC,ITC4,3,Lombardia,Lombardia,10060574,5165396,51.34,1.09
1969,2021-04-22,LOM,73960,33403,40557,56209,16369,1382,ITC,ITC4,3,Lombardia,Lombardia,10060574,5239356,52.08,0.74
1970,2021-03-03,LOM,26998,11520,15478,19481,7300,217,ITC,ITC4,3,Lombardia,Lombardia,10060574,5266354,52.35,0.27
1971,2021-05-11,LOM,86911,41450,45461,58262,26235,2414,ITC,ITC4,3,Lombardia,Lombardia,10060574,5353265,53.21,0.86
1972,2021-05-28,LOM,93581,44843,48738,42027,50640,914,ITC,ITC4,3,Lombardia,Lombardia,10060574,5446846,54.14,0.93
1973,2021-02-17,LOM,11993,3756,8237,10410,1390,193,ITC,ITC4,3,Lombardia,Lombardia,10060574,5458839,54.26,0.12
1974,2021-06-11,LOM,101457,51685,49772,84927,14641,1889,ITC,ITC4,3,Lombardia,Lombardia,10060574,5560296,55.27,1.01
1975,2020-12-30,LOM,114,42,72,114,0,0,ITC,ITC4,3,Lombardia,Lombardia,10060574,5560410,55.27,0.0
1976,2021-06-16,LOM,99246,50427,48819,49933,48163,1150,ITC,ITC4,3,Lombardia,Lombardia,10060574,5659656,56.26,0.99
1977,2021-03-06,LOM,21348,9100,12248,16533,4517,298,ITC,ITC4,3,Lombardia,Lombardia,10060574,5681004,56.47,0.21
1978,2021-02-01,LOM,16073,5323,10750,307,15764,2,ITC,ITC4,3,Lombardia,Lombardia,10060574,5697077,56.63,0.16
1979,2021-07-05,LOM,101410,49534,51876,31232,68288,1890,ITC,ITC4,3,Lombardia,Lombardia,10060574,5798487,57.64,1.01
1980,2021-07-12,LOM,111652,57403,54249,14791,95716,1145,ITC,ITC4,3,Lombardia,Lombardia,10060574,5910139,58.75,1.11
1981,2021-04-03,LOM,36267,14870,21397,25780,10107,380,ITC,ITC4,3,Lombardia,Lombardia,10060574,5946406,59.11,0.36
1982,2021-05-30,LOM,74369,35587,38782,33791,39959,619,ITC,ITC4,3,Lombardia,Lombardia,10060574,6020775,59.85,0.74
1983,2021-05-09,LOM,69720,32891,36829,54471,13274,1975,ITC,ITC4,3,Lombardia,Lombardia,10060574,6090495,60.54,0.69
1984,2021-01-29,LOM,13505,4131,9374,686,12816,3,ITC,ITC4,3,Lombardia,Lombardia,10060574,6104000,60.67,0.13
1985,2021-06-13,LOM,75997,40561,35436,72286,2125,1586,ITC,ITC4,3,Lombardia,Lombardia,10060574,6179997,61.43,0.76
1986,2021-03-05,LOM,28953,11943,17010,20234,8420,299,ITC,ITC4,3,Lombardia,Lombardia,10060574,6208950,61.72,0.29
1987,2021-06-27,LOM,90906,46795,44111,69780,18830,2296,ITC,ITC4,3,Lombardia,Lombardia,10060574,6299856,62.62,0.9
1988,2021-03-19,LOM,32456,12928,19528,18910,13223,323,ITC,ITC4,3,Lombardia,Lombardia,10060574,6332312,62.94,0.32
1989,2021-06-26,LOM,105871,55425,50446,77786,25685,2400,ITC,ITC4,3,Lombardia,Lombardia,10060574,6438183,63.99,1.05
1990,2021-02-10,LOM,14403,4508,9895,7547,6825,31,ITC,ITC4,3,Lombardia,Lombardia,10060574,6452586,64.14,0.14
1991,2021-02-03,LOM,25654,7921,17733,1076,24573,5,ITC,ITC4,3,Lombardia,Lombardia,10060574,6478240,64.39,0.25
1992,2021-04-01,LOM,43020,17255,25765,26076,16231,713,ITC,ITC4,3,Lombardia,Lombardia,10060574,6521260,64.82,0.43
1993,2021-06-01,LOM,93961,46104,47857,75755,17100,1106,ITC,ITC4,3,Lombardia,Lombardia,10060574,6615221,65.75,0.93
1994,2021-01-02,LOM,202,74,128,202,0,0,ITC,ITC4,3,Lombardia,Lombardia,10060574,6615423,65.76,0.0
1995,2021-01-06,LOM,7158,2528,4630,7151,0,7,ITC,ITC4,3,Lombardia,Lombardia,10060574,6622581,65.83,0.07
1996,2021-05-18,LOM,88231,42169,46062,31885,55578,768,ITC,ITC4,3,Lombardia,Lombardia,10060574,6710812,66.7,0.88
1997,2021-06-04,LOM,104618,54307,50311,93194,9639,1785,ITC,ITC4,3,Lombardia,Lombardia,10060574,6815430,67.74,1.04
1998,2021-02-24,LOM,14722,5958,8764,13574,954,194,ITC,ITC4,3,Lombardia,Lombardia,10060574,6830152,67.89,0.15
1999,2021-05-16,LOM,68700,32506,36194,35586,32204,910,ITC,ITC4,3,Lombardia,Lombardia,10060574,6898852,68.57,0.68
2000,2021-02-05,LOM,25722,7463,18259,2416,23292,14,ITC,ITC4,3,Lombardia,Lombardia,10060574,6924574,68.83,0.26
2001,2021-01-15,LOM,25266,7445,17821,25214,0,52,ITC,ITC4,3,Lombardia,Lombardia,10060574,6949840,69.08,0.25
2002,2021-04-29,LOM,115562,53607,61955,83119,29868,2575,ITC,ITC4,3,Lombardia,Lombardia,10060574,7065402,70.23,1.15
2003,2021-06-25,LOM,108049,56071,51978,78205,27541,2303,ITC,ITC4,3,Lombardia,Lombardia,10060574,7173451,71.3,1.07
2004,2021-04-05,LOM,27386,11697,15689,19027,8105,254,ITC,ITC4,3,Lombardia,Lombardia,10060574,7200837,71.57,0.27
2005,2021-01-31,LOM,9749,3771,5978,29,9720,0,ITC,ITC4,3,Lombardia,Lombardia,10060574,7210586,71.67,0.1
2006,2021-05-23,LOM,60767,28930,31837,26295,33958,514,ITC,ITC4,3,Lombardia,Lombardia,10060574,7271353,72.28,0.6
2007,2021-02-12,LOM,13974,4371,9603,8871,4943,160,ITC,ITC4,3,Lombardia,Lombardia,10060574,7285327,72.41,0.14
2008,2021-07-19,LOM,96880,50302,46578,10799,85001,1080,ITC,ITC4,3,Lombardia,Lombardia,10060574,7382207,73.38,0.96
2009,2021-04-10,LOM,52754,21847,30907,40045,11958,751,ITC,ITC4,3,Lombardia,Lombardia,10060574,7434961,73.9,0.52
2010,2021-06-06,LOM,90129,46347,43782,79529,9222,1378,ITC,ITC4,3,Lombardia,Lombardia,10060574,7525090,74.8,0.9
2011,2021-01-07,LOM,11780,3643,8137,11740,0,40,ITC,ITC4,3,Lombardia,Lombardia,10060574,7536870,74.91,0.12
2012,2021-02-19,LOM,14220,5400,8820,13324,723,173,ITC,ITC4,3,Lombardia,Lombardia,10060574,7551090,75.06,0.14
2013,2021-04-17,LOM,48513,21305,27208,36944,10852,717,ITC,ITC4,3,Lombardia,Lombardia,10060574,7599603,75.54,0.48
2014,2021-02-26,LOM,18432,7563,10869,16324,1904,204,ITC,ITC4,3,Lombardia,Lombardia,10060574,7618035,75.72,0.18
2015,2021-06-08,LOM,102885,52298,50587,87147,14063,1675,ITC,ITC4,3,Lombardia,Lombardia,10060574,7720920,76.74,1.02
2016,2021-02-28,LOM,7884,3254,4630,7602,210,72,ITC,ITC4,3,Lombardia,Lombardia,10060574,7728804,76.82,0.08
2017,2021-04-26,LOM,87990,40936,47054,67055,19167,1768,ITC,ITC4,3,Lombardia,Lombardia,10060574,7816794,77.7,0.87
2018,2021-07-21,LOM,93863,48410,45453,8568,84417,878,ITC,ITC4,3,Lombardia,Lombardia,10060574,7910657,78.63,0.93
2019,2021-04-12,LOM,47253,20588,26665,32269,14348,636,ITC,ITC4,3,Lombardia,Lombardia,10060574,7957910,79.1,0.47
2020,2021-06-09,LOM,103643,52223,51420,87427,14498,1718,ITC,ITC4,3,Lombardia,Lombardia,10060574,8061553,80.13,1.03
2021,2021-03-08,LOM,29763,11193,18570,22163,7083,517,ITC,ITC4,3,Lombardia,Lombardia,10060574,8091316,80.43,0.3
2022,2021-05-04,LOM,86823,41077,45746,70279,14399,2145,ITC,ITC4,3,Lombardia,Lombardia,10060574,8178139,81.29,0.86
2023,2021-01-24,LOM,1201,458,743,538,663,0,ITC,ITC4,3,Lombardia,Lombardia,10060574,8179340,81.3,0.01
2024,2021-06-18,LOM,107610,52856,54754,51950,54423,1237,ITC,ITC4,3,Lombardia,Lombardia,10060574,8286950,82.37,1.07
2025,2021-03-01,LOM,18797,8233,10564,16884,1707,206,ITC,ITC4,3,Lombardia,Lombardia,10060574,8305747,82.56,0.19
2026,2021-05-27,LOM,94875,45452,49423,40616,53471,788,ITC,ITC4,3,Lombardia,Lombardia,10060574,8400622,83.5,0.94
2027,2021-04-24,LOM,75824,33602,42222,53440,21144,1240,ITC,ITC4,3,Lombardia,Lombardia,10060574,8476446,84.25,0.75
2028,2021-01-14,LOM,26939,7810,19129,26884,0,55,ITC,ITC4,3,Lombardia,Lombardia,10060574,8503385,84.52,0.27
2029,2021-05-08,LOM,87775,40770,47005,63483,22067,2225,ITC,ITC4,3,Lombardia,Lombardia,10060574,8591160,85.39,0.87
2030,2021-04-20,LOM,67682,30836,36846,55906,10347,1429,ITC,ITC4,3,Lombardia,Lombardia,10060574,8658842,86.07,0.67
2031,2021-01-10,LOM,10531,3969,6562,10522,0,9,ITC,ITC4,3,Lombardia,Lombardia,10060574,8669373,86.17,0.1
2032,2021-01-17,LOM,8351,3347,5004,8144,201,6,ITC,ITC4,3,Lombardia,Lombardia,10060574,8677724,86.25,0.08
2033,2021-06-23,LOM,110925,57396,53529,76750,32037,2138,ITC,ITC4,3,Lombardia,Lombardia,10060574,8788649,87.36,1.1
2034,2021-03-15,LOM,31563,11337,20226,22429,8520,614,ITC,ITC4,3,Lombardia,Lombardia,10060574,8820212,87.67,0.31
2035,2021-04-27,LOM,86076,40000,46076,67675,16593,1808,ITC,ITC4,3,Lombardia,Lombardia,10060574,8906288,88.53,0.86
2036,2021-02-22,LOM,11901,4810,7091,11397,306,198,ITC,ITC4,3,Lombardia,Lombardia,10060574,8918189,88.64,0.12
2037,2021-03-13,LOM,27192,9779,17413,20544,6097,551,ITC,ITC4,3,Lombardia,Lombardia,10060574,8945381,88.92,0.27
2038,2021-07-23,LOM,95329,49979,45350,11359,82724,1246,ITC,ITC4,3,Lombardia,Lombardia,10060574,9040710,89.86,0.95
2039,2021-02-21,LOM,5053,1864,3189,4942,17,94,ITC,ITC4,3,Lombardia,Lombardia,10060574,9045763,89.91,0.05
2040,2021-04-19,LOM,60125,27351,32774,49449,9406,1270,ITC,ITC4,3,Lombardia,Lombardia,10060574,9105888,90.51,0.6
2041,2021-06-15,LOM,95973,48843,47130,49014,45894,1065,ITC,ITC4,3,Lombardia,Lombardia,10060574,9201861,91.46,0.95
2042,2020-12-31,LOM,714,302,412,714,0,0,ITC,ITC4,3,Lombardia,Lombardia,10060574,9202575,91.47,0.01
2043,2021-05-15,LOM,80911,38785,42126,45479,33386,2046,ITC,ITC4,3,Lombardia,Lombardia,10060574,9283486,92.28,0.8
2044,2021-07-11,LOM,90177,45615,44562,11768,77351,1058,ITC,ITC4,3,Lombardia,Lombardia,10060574,9373663,93.17,0.9
2045,2021-05-13,LOM,87193,41780,45413,55721,28878,2594,ITC,ITC4,3,Lombardia,Lombardia,10060574,9460856,94.04,0.87
2046,2021-02-02,LOM,19893,6600,13293,496,19394,3,ITC,ITC4,3,Lombardia,Lombardia,10060574,9480749,94.24,0.2
2047,2021-03-31,LOM,42169,17104,25065,26188,15304,677,ITC,ITC4,3,Lombardia,Lombardia,10060574,9522918,94.66,0.42
2048,2021-03-10,LOM,33296,12734,20562,24844,7865,587,ITC,ITC4,3,Lombardia,Lombardia,10060574,9556214,94.99,0.33
2049,2021-07-16,LOM,108848,56684,52164,11120,96558,1170,ITC,ITC4,3,Lombardia,Lombardia,10060574,9665062,96.07,1.08
2050,2021-04-07,LOM,50601,20926,29675,34079,15817,705,ITC,ITC4,3,Lombardia,Lombardia,10060574,9715663,96.57,0.5
2051,2021-05-25,LOM,91166,43624,47542,43844,46497,825,ITC,ITC4,3,Lombardia,Lombardia,10060574,9806829,97.48,0.91
2052,2021-02-14,LOM,3583,1547,2036,2934,635,14,ITC,ITC4,3,Lombardia,Lombardia,10060574,9810412,97.51,0.04
2053,2021-01-12,LOM,20291,6719,13572,20262,0,29,ITC,ITC4,3,Lombardia,Lombardia,10060574,9830703,97.72,0.2
2054,2021-03-17,LOM,26262,10498,15764,15101,11001,160,ITC,ITC4,3,Lombardia,Lombardia,10060574,9856965,97.98,0.26
2055,2021-07-04,LOM,86639,43333,43306,40178,44507,1954,ITC,ITC4,3,Lombardia,Lombardia,10060574,9943604,98.84,0.86
2056,2021-05-01,LOM,95985,43678,52307,65052,29220,1713,ITC,ITC4,3,Lombardia,Lombardia,10060574,10039589,99.79,0.95
2057,2021-01-21,LOM,5491,1604,3887,4784,690,17,ITC,ITC4,3,Lombardia,Lombardia,10060574,10045080,99.85,0.05
2058,2021-02-07,LOM,7312,2825,4487,335,6974,3,ITC,ITC4,3,Lombardia,Lombardia,10060574,10052392,99.92,0.07
2059,2021-01-19,LOM,8053,2329,5724,7571,468,14,ITC,ITC4,3,Lombardia,Lombardia,10060574,10060445,100.0,0.08
2060,2021-05-06,LOM,89873,42207,47666,70977,16527,2369,ITC,ITC4,3,Lombardia,Lombardia,10060574,10150318,100.89,0.89
2061,2021-01-26,LOM,8345,2706,5639,349,7996,0,ITC,ITC4,3,Lombardia,Lombardia,10060574,10158663,100.97,0.08
2062,2021-07-02,LOM,103808,52041,51767,48859,52742,2207,ITC,ITC4,3,Lombardia,Lombardia,10060574,10262471,102.01,1.03
2063,2021-03-24,LOM,43254,15616,27638,30471,11893,890,ITC,ITC4,3,Lombardia,Lombardia,10060574,10305725,102.44,0.43
2064,2021-02-09,LOM,12220,3335,8885,4024,8182,14,ITC,ITC4,3,Lombardia,Lombardia,10060574,10317945,102.56,0.12
2065,2021-05-20,LOM,94455,45643,48812,31246,62566,643,ITC,ITC4,3,Lombardia,Lombardia,10060574,10412400,103.5,0.94
2066,2021-02-08,LOM,10088,2919,7169,2122,7957,9,ITC,ITC4,3,Lombardia,Lombardia,10060574,10422488,103.6,0.1
2067,2021-02-25,LOM,15303,6353,8950,13525,1578,200,ITC,ITC4,3,Lombardia,Lombardia,10060574,10437791,103.75,0.15
2068,2021-02-06,LOM,15268,5541,9727,1010,14253,5,ITC,ITC4,3,Lombardia,Lombardia,10060574,10453059,103.9,0.15
2069,2021-07-24,LOM,95696,50569,45127,9702,85136,858,ITC,ITC4,3,Lombardia,Lombardia,10060574,10548755,104.85,0.95
2070,2021-05-02,LOM,83511,38337,45174,59264,22467,1780,ITC,ITC4,3,Lombardia,Lombardia,10060574,10632266,105.68,0.83
2071,2021-07-22,LOM,98937,51811,47126,12152,85341,1444,ITC,ITC4,3,Lombardia,Lombardia,10060574,10731203,106.67,0.98
2072,2021-04-13,LOM,47665,21277,26388,32931,14090,644,ITC,ITC4,3,Lombardia,Lombardia,10060574,10778868,107.14,0.47
2073,2021-04-30,LOM,117452,54872,62580,87232,27643,2577,ITC,ITC4,3,Lombardia,Lombardia,10060574,10896320,108.31,1.17
2074,2021-01-20,LOM,5680,1382,4298,5561,114,5,ITC,ITC4,3,Lombardia,Lombardia,10060574,10902000,108.36,0.06
2075,2021-01-22,LOM,3163,876,2287,3089,69,5,ITC,ITC4,3,Lombardia,Lombardia,10060574,10905163,108.4,0.03
2076,2021-07-07,LOM,111814,56053,55761,17984,92661,1169,ITC,ITC4,3,Lombardia,Lombardia,10060574,11016977,109.51,1.11
2077,2021-04-15,LOM,49463,21866,27597,34886,13826,751,ITC,ITC4,3,Lombardia,Lombardia,10060574,11066440,110.0,0.49
2078,2021-01-05,LOM,7862,2576,5286,7856,0,6,ITC,ITC4,3,Lombardia,Lombardia,10060574,11074302,110.08,0.08
2079,2021-03-27,LOM,32453,12382,20071,23104,8717,632,ITC,ITC4,3,Lombardia,Lombardia,10060574,11106755,110.4,0.32
2080,2021-01-03,LOM,854,316,538,853,0,1,ITC,ITC4,3,Lombardia,Lombardia,10060574,11107609,110.41,0.01
2081,2021-06-22,LOM,111003,57931,53072,79002,29885,2116,ITC,ITC4,3,Lombardia,Lombardia,10060574,11218612,111.51,1.1
2082,2021-07-09,LOM,115529,58891,56638,11724,102919,886,ITC,ITC4,3,Lombardia,Lombardia,10060574,11334141,112.66,1.15
2083,2021-06-03,LOM,97142,49718,47424,84604,10876,1662,ITC,ITC4,3,Lombardia,Lombardia,10060574,11431283,113.62,0.97
2084,2021-06-20,LOM,88971,44346,44625,52845,34885,1241,ITC,ITC4,3,Lombardia,Lombardia,10060574,11520254,114.51,0.88
2085,2021-03-12,LOM,35278,12972,22306,24454,10207,617,ITC,ITC4,3,Lombardia,Lombardia,10060574,11555532,114.86,0.35
2086,2021-03-29,LOM,40051,15542,24509,24533,14839,679,ITC,ITC4,3,Lombardia,Lombardia,10060574,11595583,115.26,0.4
2087,2021-06-22,TOS,31022,15610,15412,22439,8209,374,ITI,ITI1,9,Toscana,Toscana,3729641,31022,0.83,0.83
2088,2021-05-17,TOS,29760,14872,14888,20626,8933,201,ITI,ITI1,9,Toscana,Toscana,3729641,60782,1.63,0.8
2089,2021-03-21,TOS,3294,1628,1666,1819,1433,42,ITI,ITI1,9,Toscana,Toscana,3729641,64076,1.72,0.09
2090,2021-01-23,TOS,3966,1360,2606,634,3326,6,ITI,ITI1,9,Toscana,Toscana,3729641,68042,1.82,0.11
2091,2021-06-29,TOS,37002,18017,18985,7974,28886,142,ITI,ITI1,9,Toscana,Toscana,3729641,105044,2.82,0.99
2092,2021-05-03,TOS,11930,5509,6421,10369,1320,241,ITI,ITI1,9,Toscana,Toscana,3729641,116974,3.14,0.32
2093,2021-05-22,TOS,26021,12660,13361,21459,4288,274,ITI,ITI1,9,Toscana,Toscana,3729641,142995,3.83,0.7
2094,2021-05-05,TOS,30120,13446,16674,14878,14521,721,ITI,ITI1,9,Toscana,Toscana,3729641,173115,4.64,0.81
2095,2021-02-28,TOS,1649,667,982,851,727,71,ITI,ITI1,9,Toscana,Toscana,3729641,174764,4.69,0.04
2096,2021-02-11,TOS,5384,2022,3362,5064,242,78,ITI,ITI1,9,Toscana,Toscana,3729641,180148,4.83,0.14
2097,2021-02-09,TOS,4488,1468,3020,3763,611,114,ITI,ITI1,9,Toscana,Toscana,3729641,184636,4.95,0.12
2098,2021-07-01,TOS,32042,15507,16535,10720,21055,267,ITI,ITI1,9,Toscana,Toscana,3729641,216678,5.81,0.86
2099,2021-03-26,TOS,20680,9392,11288,14716,5766,198,ITI,ITI1,9,Toscana,Toscana,3729641,237358,6.36,0.55
2100,2021-03-09,TOS,11133,4570,6563,5506,5552,75,ITI,ITI1,9,Toscana,Toscana,3729641,248491,6.66,0.3
2101,2021-04-09,TOS,24605,10584,14021,20751,3410,444,ITI,ITI1,9,Toscana,Toscana,3729641,273096,7.32,0.66
2102,2021-07-18,TOS,30355,15260,15095,8335,21812,208,ITI,ITI1,9,Toscana,Toscana,3729641,303451,8.14,0.81
2103,2021-06-17,TOS,32547,16674,15873,26670,5545,332,ITI,ITI1,9,Toscana,Toscana,3729641,335998,9.01,0.87
2104,2021-02-04,TOS,4253,1594,2659,934,3292,27,ITI,ITI1,9,Toscana,Toscana,3729641,340251,9.12,0.11
2105,2021-01-28,TOS,6283,1883,4400,346,5930,7,ITI,ITI1,9,Toscana,Toscana,3729641,346534,9.29,0.17
2106,2021-03-19,TOS,10142,4459,5683,7131,2868,143,ITI,ITI1,9,Toscana,Toscana,3729641,356676,9.56,0.27
2107,2021-01-16,TOS,3271,1046,2225,3213,0,58,ITI,ITI1,9,Toscana,Toscana,3729641,359947,9.65,0.09
2108,2021-04-26,TOS,10146,4933,5213,7460,2554,132,ITI,ITI1,9,Toscana,Toscana,3729641,370093,9.92,0.27
2109,2021-01-02,TOS,3498,1096,2402,3454,0,44,ITI,ITI1,9,Toscana,Toscana,3729641,373591,10.02,0.09
2110,2021-03-07,TOS,5648,2357,3291,1997,3545,106,ITI,ITI1,9,Toscana,Toscana,3729641,379239,10.17,0.15
2111,2021-07-13,TOS,29320,14726,14594,7712,21438,170,ITI,ITI1,9,Toscana,Toscana,3729641,408559,10.95,0.79
2112,2021-04-02,TOS,31990,13571,18419,23714,8028,248,ITI,ITI1,9,Toscana,Toscana,3729641,440549,11.81,0.86
2113,2021-07-11,TOS,26118,12687,13431,9131,16820,167,ITI,ITI1,9,Toscana,Toscana,3729641,466667,12.51,0.7
2114,2021-06-24,TOS,29428,14607,14821,19300,9740,388,ITI,ITI1,9,Toscana,Toscana,3729641,496095,13.3,0.79
2115,2021-04-07,TOS,35827,15465,20362,28169,7250,408,ITI,ITI1,9,Toscana,Toscana,3729641,531922,14.26,0.96
2116,2021-06-12,TOS,29388,15150,14238,24654,4388,346,ITI,ITI1,9,Toscana,Toscana,3729641,561310,15.05,0.79
2117,2021-04-16,TOS,28950,12880,16070,21428,6900,622,ITI,ITI1,9,Toscana,Toscana,3729641,590260,15.83,0.78
2118,2021-07-25,TOS,13311,6671,6640,2615,10633,63,ITI,ITI1,9,Toscana,Toscana,3729641,603571,16.18,0.36
2119,2021-06-05,TOS,28439,13599,14840,20561,7614,264,ITI,ITI1,9,Toscana,Toscana,3729641,632010,16.95,0.76
2120,2021-01-11,TOS,5095,1691,3404,4995,0,100,ITI,ITI1,9,Toscana,Toscana,3729641,637105,17.08,0.14
2121,2021-04-21,TOS,29623,12678,16945,16862,12131,630,ITI,ITI1,9,Toscana,Toscana,3729641,666728,17.88,0.79
2122,2021-02-23,TOS,7723,3325,4398,7219,161,343,ITI,ITI1,9,Toscana,Toscana,3729641,674451,18.08,0.21
2123,2021-06-03,TOS,32053,15455,16598,27149,4582,322,ITI,ITI1,9,Toscana,Toscana,3729641,706504,18.94,0.86
2124,2021-03-28,TOS,6212,2808,3404,5880,254,78,ITI,ITI1,9,Toscana,Toscana,3729641,712716,19.11,0.17
2125,2021-01-30,TOS,4622,1622,3000,179,4425,18,ITI,ITI1,9,Toscana,Toscana,3729641,717338,19.23,0.12
2126,2021-07-06,TOS,25769,13025,12744,11046,14505,218,ITI,ITI1,9,Toscana,Toscana,3729641,743107,19.92,0.69
2127,2021-05-10,TOS,26209,12401,13808,15332,10633,244,ITI,ITI1,9,Toscana,Toscana,3729641,769316,20.63,0.7
2128,2021-03-14,TOS,7174,2569,4605,3150,3935,89,ITI,ITI1,9,Toscana,Toscana,3729641,776490,20.82,0.19
2129,2021-06-10,TOS,26388,13539,12849,25502,545,341,ITI,ITI1,9,Toscana,Toscana,3729641,802878,21.53,0.71
2130,2021-05-24,TOS,33744,16717,17027,23864,9578,302,ITI,ITI1,9,Toscana,Toscana,3729641,836622,22.43,0.9
2131,2021-01-25,TOS,5127,1895,3232,242,4880,5,ITI,ITI1,9,Toscana,Toscana,3729641,841749,22.57,0.14
2132,2021-04-18,TOS,8360,4091,4269,7061,1029,270,ITI,ITI1,9,Toscana,Toscana,3729641,850109,22.79,0.22
2133,2021-05-15,TOS,29347,13853,15494,22866,5893,588,ITI,ITI1,9,Toscana,Toscana,3729641,879456,23.58,0.79
2134,2021-04-28,TOS,19124,8181,10943,3465,15311,348,ITI,ITI1,9,Toscana,Toscana,3729641,898580,24.09,0.51
2135,2021-02-18,TOS,8822,3285,5537,7744,896,182,ITI,ITI1,9,Toscana,Toscana,3729641,907402,24.33,0.24
2136,2021-05-29,TOS,31569,15261,16308,23173,8169,227,ITI,ITI1,9,Toscana,Toscana,3729641,938971,25.18,0.85
2137,2021-03-23,TOS,9429,4402,5027,6964,2275,190,ITI,ITI1,9,Toscana,Toscana,3729641,948400,25.43,0.25
2138,2021-07-20,TOS,37213,19046,18167,7943,29088,182,ITI,ITI1,9,Toscana,Toscana,3729641,985613,26.43,1.0
2139,2021-01-21,TOS,1589,686,903,858,722,9,ITI,ITI1,9,Toscana,Toscana,3729641,987202,26.47,0.04
2140,2021-06-02,TOS,27591,13618,13973,21857,5506,228,ITI,ITI1,9,Toscana,Toscana,3729641,1014793,27.21,0.74
2141,2021-04-06,TOS,22227,9824,12403,18095,3719,413,ITI,ITI1,9,Toscana,Toscana,3729641,1037020,27.8,0.6
2142,2021-02-08,TOS,4099,1362,2737,3529,459,111,ITI,ITI1,9,Toscana,Toscana,3729641,1041119,27.91,0.11
2143,2021-07-15,TOS,31162,15246,15916,8071,22852,239,ITI,ITI1,9,Toscana,Toscana,3729641,1072281,28.75,0.84
2144,2021-05-19,TOS,27960,13579,14381,18624,9056,280,ITI,ITI1,9,Toscana,Toscana,3729641,1100241,29.5,0.75
2145,2021-04-13,TOS,8489,3505,4984,5751,2458,280,ITI,ITI1,9,Toscana,Toscana,3729641,1108730,29.73,0.23
2146,2021-01-09,TOS,4485,1596,2889,4419,0,66,ITI,ITI1,9,Toscana,Toscana,3729641,1113215,29.85,0.12
2147,2021-03-18,TOS,9980,3984,5996,5870,3972,138,ITI,ITI1,9,Toscana,Toscana,3729641,1123195,30.12,0.27
2148,2021-06-26,TOS,34538,16756,17782,9993,24319,226,ITI,ITI1,9,Toscana,Toscana,3729641,1157733,31.04,0.93
2149,2021-03-02,TOS,10599,3799,6800,7046,3444,109,ITI,ITI1,9,Toscana,Toscana,3729641,1168332,31.33,0.28
2150,2021-01-04,TOS,5065,1895,3170,5000,0,65,ITI,ITI1,9,Toscana,Toscana,3729641,1173397,31.46,0.14
2151,2021-04-14,TOS,20187,8349,11838,14540,5111,536,ITI,ITI1,9,Toscana,Toscana,3729641,1193584,32.0,0.54
2152,2021-06-14,TOS,31787,16322,15465,27398,4108,281,ITI,ITI1,9,Toscana,Toscana,3729641,1225371,32.85,0.85
2153,2021-02-16,TOS,9280,3340,5940,8329,721,230,ITI,ITI1,9,Toscana,Toscana,3729641,1234651,33.1,0.25
2154,2021-05-02,TOS,11172,4931,6241,8973,1964,235,ITI,ITI1,9,Toscana,Toscana,3729641,1245823,33.4,0.3
2155,2021-02-25,TOS,10633,4306,6327,9471,998,164,ITI,ITI1,9,Toscana,Toscana,3729641,1256456,33.69,0.29
2156,2021-02-06,TOS,4527,1550,2977,1262,3233,32,ITI,ITI1,9,Toscana,Toscana,3729641,1260983,33.81,0.12
2157,2021-07-10,TOS,29291,14175,15116,7957,21152,182,ITI,ITI1,9,Toscana,Toscana,3729641,1290274,34.6,0.79
2158,2021-05-07,TOS,32141,14704,17437,11566,20167,408,ITI,ITI1,9,Toscana,Toscana,3729641,1322415,35.46,0.86
2159,2020-12-30,TOS,327,104,223,326,0,1,ITI,ITI1,9,Toscana,Toscana,3729641,1322742,35.47,0.01
2160,2021-05-12,TOS,34204,15576,18628,13581,20036,587,ITI,ITI1,9,Toscana,Toscana,3729641,1356946,36.38,0.92
2161,2021-01-18,TOS,1120,637,483,972,98,50,ITI,ITI1,9,Toscana,Toscana,3729641,1358066,36.41,0.03
2162,2021-02-01,TOS,5509,1958,3551,511,4988,10,ITI,ITI1,9,Toscana,Toscana,3729641,1363575,36.56,0.15
2163,2021-07-22,TOS,39111,19670,19441,4479,34469,163,ITI,ITI1,9,Toscana,Toscana,3729641,1402686,37.61,1.05
2164,2021-05-26,TOS,35595,17105,18490,20124,15203,268,ITI,ITI1,9,Toscana,Toscana,3729641,1438281,38.56,0.95
2165,2021-03-30,TOS,17023,7643,9380,13268,3567,188,ITI,ITI1,9,Toscana,Toscana,3729641,1455304,39.02,0.46
2166,2021-07-08,TOS,21052,10346,10706,9252,11560,240,ITI,ITI1,9,Toscana,Toscana,3729641,1476356,39.58,0.56
2167,2021-02-20,TOS,4640,1789,2851,3995,513,132,ITI,ITI1,9,Toscana,Toscana,3729641,1480996,39.71,0.12
2168,2021-05-31,TOS,30330,14637,15693,19261,10828,241,ITI,ITI1,9,Toscana,Toscana,3729641,1511326,40.52,0.81
2169,2021-05-14,TOS,33354,15434,17920,20019,12701,634,ITI,ITI1,9,Toscana,Toscana,3729641,1544680,41.42,0.89
2170,2021-01-01,TOS,2370,788,1582,2325,0,45,ITI,ITI1,9,Toscana,Toscana,3729641,1547050,41.48,0.06
2171,2021-04-11,TOS,3646,1681,1965,3338,155,153,ITI,ITI1,9,Toscana,Toscana,3729641,1550696,41.58,0.1
2172,2021-07-03,TOS,29379,14799,14580,11855,17150,374,ITI,ITI1,9,Toscana,Toscana,3729641,1580075,42.37,0.79
2173,2021-03-06,TOS,7110,2852,4258,2832,4196,82,ITI,ITI1,9,Toscana,Toscana,3729641,1587185,42.56,0.19
2174,2021-02-03,TOS,4222,1452,2770,237,3981,4,ITI,ITI1,9,Toscana,Toscana,3729641,1591407,42.67,0.11
2175,2021-01-15,TOS,3879,1348,2531,3819,0,60,ITI,ITI1,9,Toscana,Toscana,3729641,1595286,42.77,0.1
2176,2021-03-04,TOS,17848,6951,10897,14617,3082,149,ITI,ITI1,9,Toscana,Toscana,3729641,1613134,43.25,0.48
2177,2021-06-21,TOS,31179,15478,15701,18136,12787,256,ITI,ITI1,9,Toscana,Toscana,3729641,1644313,44.09,0.84
2178,2021-01-06,TOS,4519,1460,3059,4467,0,52,ITI,ITI1,9,Toscana,Toscana,3729641,1648832,44.21,0.12
2179,2021-03-11,TOS,15899,6350,9549,12395,3329,175,ITI,ITI1,9,Toscana,Toscana,3729641,1664731,44.64,0.43
2180,2021-06-19,TOS,26490,13912,12578,21383,4779,328,ITI,ITI1,9,Toscana,Toscana,3729641,1691221,45.35,0.71
2181,2021-04-27,TOS,10356,4917,5439,3666,6489,201,ITI,ITI1,9,Toscana,Toscana,3729641,1701577,45.62,0.28
2182,2021-07-19,TOS,37946,18895,19051,8821,28880,245,ITI,ITI1,9,Toscana,Toscana,3729641,1739523,46.64,1.02
2183,2021-01-17,TOS,2536,871,1665,1987,514,35,ITI,ITI1,9,Toscana,Toscana,3729641,1742059,46.71,0.07
2184,2021-07-05,TOS,30505,15078,15427,10342,19935,228,ITI,ITI1,9,Toscana,Toscana,3729641,1772564,47.53,0.82
2185,2021-03-08,TOS,6708,2946,3762,1844,4820,44,ITI,ITI1,9,Toscana,Toscana,3729641,1779272,47.71,0.18
2186,2021-06-16,TOS,31753,16257,15496,26259,5178,316,ITI,ITI1,9,Toscana,Toscana,3729641,1811025,48.56,0.85
2187,2021-05-30,TOS,28688,13947,14741,21499,6947,242,ITI,ITI1,9,Toscana,Toscana,3729641,1839713,49.33,0.77
2188,2021-06-28,TOS,37671,18125,19546,8440,29066,165,ITI,ITI1,9,Toscana,Toscana,3729641,1877384,50.34,1.01
2189,2021-01-20,TOS,1332,638,694,1021,248,63,ITI,ITI1,9,Toscana,Toscana,3729641,1878716,50.37,0.04
2190,2021-04-30,TOS,40205,17794,22411,19658,19897,650,ITI,ITI1,9,Toscana,Toscana,3729641,1918921,51.45,1.08
2191,2021-04-25,TOS,11058,5248,5810,8758,2140,160,ITI,ITI1,9,Toscana,Toscana,3729641,1929979,51.75,0.3
2192,2021-01-13,TOS,4062,1398,2664,3998,0,64,ITI,ITI1,9,Toscana,Toscana,3729641,1934041,51.86,0.11
2193,2021-07-17,TOS,27732,14329,13403,8963,18532,237,ITI,ITI1,9,Toscana,Toscana,3729641,1961773,52.6,0.74
2194,2021-06-11,TOS,29736,15482,14254,24727,4655,354,ITI,ITI1,9,Toscana,Toscana,3729641,1991509,53.4,0.8
2195,2021-04-15,TOS,24404,10196,14208,15304,8574,526,ITI,ITI1,9,Toscana,Toscana,3729641,2015913,54.05,0.65
2196,2021-02-17,TOS,8176,3170,5006,7305,752,119,ITI,ITI1,9,Toscana,Toscana,3729641,2024089,54.27,0.22
2197,2021-07-24,TOS,38258,19274,18984,6804,31232,222,ITI,ITI1,9,Toscana,Toscana,3729641,2062347,55.3,1.03
2198,2021-05-28,TOS,30114,13946,16168,17422,12465,227,ITI,ITI1,9,Toscana,Toscana,3729641,2092461,56.1,0.81
2199,2021-04-22,TOS,35703,15295,20408,17391,17488,824,ITI,ITI1,9,Toscana,Toscana,3729641,2128164,57.06,0.96
2200,2021-02-24,TOS,10371,4467,5904,10040,197,134,ITI,ITI1,9,Toscana,Toscana,3729641,2138535,57.34,0.28
2201,2021-06-04,TOS,28316,13433,14883,20260,7794,262,ITI,ITI1,9,Toscana,Toscana,3729641,2166851,58.1,0.76
2202,2021-04-08,TOS,29685,12558,17127,22939,6386,360,ITI,ITI1,9,Toscana,Toscana,3729641,2196536,58.89,0.8
2203,2021-06-18,TOS,30788,16248,14540,24991,5401,396,ITI,ITI1,9,Toscana,Toscana,3729641,2227324,59.72,0.83
2204,2021-03-25,TOS,23900,10377,13523,15297,8355,248,ITI,ITI1,9,Toscana,Toscana,3729641,2251224,60.36,0.64
2205,2021-04-12,TOS,2623,1191,1432,1802,654,167,ITI,ITI1,9,Toscana,Toscana,3729641,2253847,60.43,0.07
2206,2021-07-21,TOS,38435,19608,18827,7330,30875,230,ITI,ITI1,9,Toscana,Toscana,3729641,2292282,61.46,1.03
2207,2021-05-13,TOS,35119,15522,19597,13201,21278,640,ITI,ITI1,9,Toscana,Toscana,3729641,2327401,62.4,0.94
2208,2020-12-27,TOS,620,267,353,615,0,5,ITI,ITI1,9,Toscana,Toscana,3729641,2328021,62.42,0.02
2209,2021-01-03,TOS,3336,1052,2284,3290,0,46,ITI,ITI1,9,Toscana,Toscana,3729641,2331357,62.51,0.09
2210,2021-02-15,TOS,8770,3376,5394,7775,826,169,ITI,ITI1,9,Toscana,Toscana,3729641,2340127,62.74,0.24
2211,2021-02-22,TOS,9818,4254,5564,9169,277,372,ITI,ITI1,9,Toscana,Toscana,3729641,2349945,63.01,0.26
2212,2021-02-13,TOS,7786,2361,5425,7416,227,143,ITI,ITI1,9,Toscana,Toscana,3729641,2357731,63.22,0.21
2213,2021-01-08,TOS,5947,1643,4304,5854,0,93,ITI,ITI1,9,Toscana,Toscana,3729641,2363678,63.38,0.16
2214,2021-07-12,TOS,28255,13987,14268,9665,18296,294,ITI,ITI1,9,Toscana,Toscana,3729641,2391933,64.13,0.76
2215,2021-02-05,TOS,5750,2245,3505,1890,3826,34,ITI,ITI1,9,Toscana,Toscana,3729641,2397683,64.29,0.15
2216,2021-05-16,TOS,26676,12886,13790,23889,2467,320,ITI,ITI1,9,Toscana,Toscana,3729641,2424359,65.0,0.72
2217,2021-07-04,TOS,31511,15296,16215,9367,21857,287,ITI,ITI1,9,Toscana,Toscana,3729641,2455870,65.85,0.84
2218,2020-12-31,TOS,802,201,601,798,0,4,ITI,ITI1,9,Toscana,Toscana,3729641,2456672,65.87,0.02
2219,2021-04-10,TOS,11738,5359,6379,10762,743,233,ITI,ITI1,9,Toscana,Toscana,3729641,2468410,66.18,0.31
2220,2021-03-03,TOS,18228,6539,11689,14498,3606,124,ITI,ITI1,9,Toscana,Toscana,3729641,2486638,66.67,0.49
2221,2021-01-05,TOS,5249,1755,3494,5193,0,56,ITI,ITI1,9,Toscana,Toscana,3729641,2491887,66.81,0.14
2222,2021-01-19,TOS,1106,533,573,1064,0,42,ITI,ITI1,9,Toscana,Toscana,3729641,2492993,66.84,0.03
2223,2021-05-08,TOS,29150,13112,16038,13287,15472,391,ITI,ITI1,9,Toscana,Toscana,3729641,2522143,67.62,0.78
2224,2021-03-12,TOS,16980,6618,10362,13270,3528,182,ITI,ITI1,9,Toscana,Toscana,3729641,2539123,68.08,0.46
2225,2021-01-14,TOS,3255,1179,2076,3220,0,35,ITI,ITI1,9,Toscana,Toscana,3729641,2542378,68.17,0.09
2226,2021-06-20,TOS,25175,12485,12690,15420,9517,238,ITI,ITI1,9,Toscana,Toscana,3729641,2567553,68.84,0.67
2227,2021-04-24,TOS,13436,6168,7268,5621,7447,368,ITI,ITI1,9,Toscana,Toscana,3729641,2580989,69.2,0.36
2228,2021-04-23,TOS,25656,11422,14234,8837,16315,504,ITI,ITI1,9,Toscana,Toscana,3729641,2606645,69.89,0.69
2229,2021-03-20,TOS,6587,2978,3609,5364,1136,87,ITI,ITI1,9,Toscana,Toscana,3729641,2613232,70.07,0.18
2230,2021-01-22,TOS,2866,1064,1802,525,2338,3,ITI,ITI1,9,Toscana,Toscana,3729641,2616098,70.14,0.08
2231,2021-07-07,TOS,25630,12602,13028,9337,16109,184,ITI,ITI1,9,Toscana,Toscana,3729641,2641728,70.83,0.69
2232,2021-03-27,TOS,8863,4154,4709,8514,215,134,ITI,ITI1,9,Toscana,Toscana,3729641,2650591,71.07,0.24
2233,2021-06-30,TOS,38250,18505,19745,8452,29585,213,ITI,ITI1,9,Toscana,Toscana,3729641,2688841,72.09,1.03
2234,2021-02-14,TOS,9000,2569,6431,8740,110,150,ITI,ITI1,9,Toscana,Toscana,3729641,2697841,72.34,0.24
2235,2021-05-25,TOS,34177,16497,17680,19263,14630,284,ITI,ITI1,9,Toscana,Toscana,3729641,2732018,73.25,0.92
2236,2021-03-29,TOS,9675,4832,4843,9219,325,131,ITI,ITI1,9,Toscana,Toscana,3729641,2741693,73.51,0.26
2237,2021-04-29,TOS,39316,17710,21606,18574,20085,657,ITI,ITI1,9,Toscana,Toscana,3729641,2781009,74.57,1.05
2238,2021-03-24,TOS,20018,8304,11714,10419,9458,141,ITI,ITI1,9,Toscana,Toscana,3729641,2801027,75.1,0.54
2239,2021-02-21,TOS,5105,2089,3016,4730,170,205,ITI,ITI1,9,Toscana,Toscana,3729641,2806132,75.24,0.14
2240,2021-06-01,TOS,26949,13394,13555,22868,3836,245,ITI,ITI1,9,Toscana,Toscana,3729641,2833081,75.96,0.72
2241,2021-07-02,TOS,28194,14139,14055,10808,17107,279,ITI,ITI1,9,Toscana,Toscana,3729641,2861275,76.72,0.76
2242,2021-06-15,TOS,31189,16056,15133,26287,4569,333,ITI,ITI1,9,Toscana,Toscana,3729641,2892464,77.55,0.84
2243,2021-05-11,TOS,27952,12986,14966,12113,15471,368,ITI,ITI1,9,Toscana,Toscana,3729641,2920416,78.3,0.75
2244,2021-03-13,TOS,9288,3310,5978,5172,3964,152,ITI,ITI1,9,Toscana,Toscana,3729641,2929704,78.55,0.25
2245,2021-07-14,TOS,28789,14215,14574,8570,19975,244,ITI,ITI1,9,Toscana,Toscana,3729641,2958493,79.32,0.77
2246,2021-01-29,TOS,6144,1700,4444,292,5840,12,ITI,ITI1,9,Toscana,Toscana,3729641,2964637,79.49,0.16
2247,2021-05-09,TOS,22535,9769,12766,9421,12860,254,ITI,ITI1,9,Toscana,Toscana,3729641,2987172,80.09,0.6
2248,2021-04-01,TOS,27062,11234,15828,16166,10664,232,ITI,ITI1,9,Toscana,Toscana,3729641,3014234,80.82,0.73
2249,2021-03-15,TOS,8699,3646,5053,4084,4443,172,ITI,ITI1,9,Toscana,Toscana,3729641,3022933,81.05,0.23
2250,2021-06-23,TOS,31514,15275,16239,19788,11375,351,ITI,ITI1,9,Toscana,Toscana,3729641,3054447,81.9,0.84
2251,2021-01-10,TOS,3002,1105,1897,2948,0,54,ITI,ITI1,9,Toscana,Toscana,3729641,3057449,81.98,0.08
2252,2021-04-20,TOS,18160,8110,10050,12227,5576,357,ITI,ITI1,9,Toscana,Toscana,3729641,3075609,82.46,0.49
2253,2021-04-03,TOS,15015,6646,8369,13676,1126,213,ITI,ITI1,9,Toscana,Toscana,3729641,3090624,82.87,0.4
2254,2021-01-27,TOS,4835,1573,3262,201,4629,5,ITI,ITI1,9,Toscana,Toscana,3729641,3095459,83.0,0.13
2255,2021-06-27,TOS,33295,16072,17223,5922,27245,128,ITI,ITI1,9,Toscana,Toscana,3729641,3128754,83.89,0.89
2256,2021-05-01,TOS,23329,10070,13259,13730,9189,410,ITI,ITI1,9,Toscana,Toscana,3729641,3152083,84.51,0.63
2257,2021-03-05,TOS,16878,6689,10189,11947,4755,176,ITI,ITI1,9,Toscana,Toscana,3729641,3168961,84.97,0.45
2258,2021-06-13,TOS,24611,12351,12260,22604,1659,348,ITI,ITI1,9,Toscana,Toscana,3729641,3193572,85.63,0.66
2259,2021-01-12,TOS,3581,1398,2183,3508,0,73,ITI,ITI1,9,Toscana,Toscana,3729641,3197153,85.72,0.1
2260,2021-05-27,TOS,28354,13198,15156,13270,14861,223,ITI,ITI1,9,Toscana,Toscana,3729641,3225507,86.48,0.76
2261,2021-03-10,TOS,18376,7411,10965,14254,4018,104,ITI,ITI1,9,Toscana,Toscana,3729641,3243883,86.98,0.49
2262,2021-02-02,TOS,3742,1475,2267,189,3546,7,ITI,ITI1,9,Toscana,Toscana,3729641,3247625,87.08,0.1
2263,2021-02-19,TOS,8292,2952,5340,7602,513,177,ITI,ITI1,9,Toscana,Toscana,3729641,3255917,87.3,0.22
2264,2021-07-16,TOS,27616,14023,13593,7684,19691,241,ITI,ITI1,9,Toscana,Toscana,3729641,3283533,88.04,0.74
2265,2021-05-20,TOS,29761,13911,15850,18608,10841,312,ITI,ITI1,9,Toscana,Toscana,3729641,3313294,88.84,0.8
2266,2021-01-31,TOS,3050,1129,1921,103,2944,3,ITI,ITI1,9,Toscana,Toscana,3729641,3316344,88.92,0.08
2267,2021-04-05,TOS,15286,6826,8460,14377,737,172,ITI,ITI1,9,Toscana,Toscana,3729641,3331630,89.33,0.41
2268,2021-02-07,TOS,2808,954,1854,867,1921,20,ITI,ITI1,9,Toscana,Toscana,3729641,3334438,89.4,0.08
2269,2021-03-17,TOS,11422,4587,6835,6800,4529,93,ITI,ITI1,9,Toscana,Toscana,3729641,3345860,89.71,0.31
2270,2021-06-25,TOS,33606,16794,16812,12110,21221,275,ITI,ITI1,9,Toscana,Toscana,3729641,3379466,90.61,0.9
2271,2021-06-08,TOS,32591,16717,15874,31746,488,357,ITI,ITI1,9,Toscana,Toscana,3729641,3412057,91.48,0.87
2272,2021-02-26,TOS,10081,3834,6247,8660,1206,215,ITI,ITI1,9,Toscana,Toscana,3729641,3422138,91.76,0.27
2273,2021-06-06,TOS,28309,13656,14653,22587,5363,359,ITI,ITI1,9,Toscana,Toscana,3729641,3450447,92.51,0.76
2274,2021-03-31,TOS,32716,13257,19459,20224,12166,326,ITI,ITI1,9,Toscana,Toscana,3729641,3483163,93.39,0.88
2275,2021-07-09,TOS,29112,14100,15012,7710,21210,192,ITI,ITI1,9,Toscana,Toscana,3729641,3512275,94.17,0.78
2276,2021-03-22,TOS,5254,2766,2488,4679,446,129,ITI,ITI1,9,Toscana,Toscana,3729641,3517529,94.31,0.14
2277,2021-07-23,TOS,38268,19197,19071,4346,33772,150,ITI,ITI1,9,Toscana,Toscana,3729641,3555797,95.34,1.03
2278,2021-05-18,TOS,28837,14274,14563,19740,8825,272,ITI,ITI1,9,Toscana,Toscana,3729641,3584634,96.11,0.77
2279,2021-06-09,TOS,34822,17570,17252,33943,463,416,ITI,ITI1,9,Toscana,Toscana,3729641,3619456,97.05,0.93
2280,2021-04-04,TOS,13922,6609,7313,13508,253,161,ITI,ITI1,9,Toscana,Toscana,3729641,3633378,97.42,0.37
2281,2021-03-16,TOS,4901,1884,3017,2565,2253,83,ITI,ITI1,9,Toscana,Toscana,3729641,3638279,97.55,0.13
2282,2021-02-27,TOS,1984,756,1228,1007,902,75,ITI,ITI1,9,Toscana,Toscana,3729641,3640263,97.6,0.05
2283,2021-06-07,TOS,34941,17140,17801,30964,3646,331,ITI,ITI1,9,Toscana,Toscana,3729641,3675204,98.54,0.94
2284,2021-05-21,TOS,28922,13479,15443,17203,11444,275,ITI,ITI1,9,Toscana,Toscana,3729641,3704126,99.32,0.78
2285,2021-03-01,TOS,4474,1734,2740,767,3641,66,ITI,ITI1,9,Toscana,Toscana,3729641,3708600,99.44,0.12
2286,2021-05-23,TOS,28421,13663,14758,25569,2560,292,ITI,ITI1,9,Toscana,Toscana,3729641,3737021,100.2,0.76
2287,2021-02-10,TOS,4263,1281,2982,3584,523,156,ITI,ITI1,9,Toscana,Toscana,3729641,3741284,100.31,0.11
2288,2021-05-04,TOS,18317,8217,10100,12429,5454,434,ITI,ITI1,9,Toscana,Toscana,3729641,3759601,100.8,0.49
2289,2021-02-12,TOS,7618,2694,4924,7296,213,109,ITI,ITI1,9,Toscana,Toscana,3729641,3767219,101.01,0.2
2290,2021-01-26,TOS,5393,1792,3601,216,5173,4,ITI,ITI1,9,Toscana,Toscana,3729641,3772612,101.15,0.14
2291,2021-05-06,TOS,31343,13633,17710,13480,17183,680,ITI,ITI1,9,Toscana,Toscana,3729641,3803955,101.99,0.84
2292,2021-04-19,TOS,9098,4511,4587,7756,1032,310,ITI,ITI1,9,Toscana,Toscana,3729641,3813053,102.24,0.24
2293,2021-04-17,TOS,20538,9209,11329,17922,2136,480,ITI,ITI1,9,Toscana,Toscana,3729641,3833591,102.79,0.55
2294,2021-01-24,TOS,3350,1073,2277,198,3149,3,ITI,ITI1,9,Toscana,Toscana,3729641,3836941,102.88,0.09
2295,2021-01-07,TOS,6018,1751,4267,5932,0,86,ITI,ITI1,9,Toscana,Toscana,3729641,3842959,103.04,0.16
2296,2021-03-16,LAZ,13544,5739,7805,7020,6444,80,ITI,ITI4,12,Lazio,Lazio,5879082,13544,0.23,0.23
2297,2021-03-09,LAZ,21977,9927,12050,16429,5200,348,ITI,ITI4,12,Lazio,Lazio,5879082,35521,0.6,0.37
2298,2021-01-11,LAZ,5542,2109,3433,5397,0,145,ITI,ITI4,12,Lazio,Lazio,5879082,41063,0.7,0.09
2299,2021-05-26,LAZ,47588,21868,25720,34823,12115,650,ITI,ITI4,12,Lazio,Lazio,5879082,88651,1.51,0.81
2300,2021-03-04,LAZ,19424,8727,10697,14172,5019,233,ITI,ITI4,12,Lazio,Lazio,5879082,108075,1.84,0.33
2301,2021-06-12,LAZ,69874,32085,37789,39867,29379,628,ITI,ITI4,12,Lazio,Lazio,5879082,177949,3.03,1.19
2302,2021-06-14,LAZ,62835,29449,33386,32129,30163,543,ITI,ITI4,12,Lazio,Lazio,5879082,240784,4.1,1.07
2303,2021-03-21,LAZ,18247,7180,11067,13007,5051,189,ITI,ITI4,12,Lazio,Lazio,5879082,259031,4.41,0.31
2304,2020-12-30,LAZ,1631,630,1001,1620,0,11,ITI,ITI4,12,Lazio,Lazio,5879082,260662,4.43,0.03
2305,2021-07-01,LAZ,48394,23123,25271,7172,41016,206,ITI,ITI4,12,Lazio,Lazio,5879082,309056,5.26,0.82
2306,2021-04-16,LAZ,34450,15709,18741,21965,12103,382,ITI,ITI4,12,Lazio,Lazio,5879082,343506,5.84,0.59
2307,2021-01-23,LAZ,7214,2869,4345,585,6629,0,ITI,ITI4,12,Lazio,Lazio,5879082,350720,5.97,0.12
2308,2021-01-06,LAZ,5124,1963,3161,5004,0,120,ITI,ITI4,12,Lazio,Lazio,5879082,355844,6.05,0.09
2309,2021-02-25,LAZ,12681,5539,7142,11417,1081,183,ITI,ITI4,12,Lazio,Lazio,5879082,368525,6.27,0.22
2310,2021-06-26,LAZ,56133,26452,29681,24665,30895,573,ITI,ITI4,12,Lazio,Lazio,5879082,424658,7.22,0.95
2311,2021-04-30,LAZ,41436,18366,23070,26526,14256,654,ITI,ITI4,12,Lazio,Lazio,5879082,466094,7.93,0.7
2312,2021-06-19,LAZ,66425,31313,35112,35263,30363,799,ITI,ITI4,12,Lazio,Lazio,5879082,532519,9.06,1.13
2313,2021-03-30,LAZ,26965,13105,13860,19465,7152,348,ITI,ITI4,12,Lazio,Lazio,5879082,559484,9.52,0.46
2314,2021-07-08,LAZ,63990,31427,32563,28165,35181,644,ITI,ITI4,12,Lazio,Lazio,5879082,623474,10.6,1.09
2315,2021-04-18,LAZ,23814,10579,13235,15890,7654,270,ITI,ITI4,12,Lazio,Lazio,5879082,647288,11.01,0.41
2316,2021-02-18,LAZ,10021,4977,5044,9101,815,105,ITI,ITI4,12,Lazio,Lazio,5879082,657309,11.18,0.17
2317,2021-05-12,LAZ,47577,21593,25984,30269,16667,641,ITI,ITI4,12,Lazio,Lazio,5879082,704886,11.99,0.81
2318,2021-02-01,LAZ,5678,2180,3498,353,5324,1,ITI,ITI4,12,Lazio,Lazio,5879082,710564,12.09,0.1
2319,2021-07-15,LAZ,44782,21927,22855,6711,37671,400,ITI,ITI4,12,Lazio,Lazio,5879082,755346,12.85,0.76
2320,2021-01-13,LAZ,5695,2152,3543,5533,0,162,ITI,ITI4,12,Lazio,Lazio,5879082,761041,12.94,0.1
2321,2021-04-23,LAZ,37852,18234,19618,22108,15293,451,ITI,ITI4,12,Lazio,Lazio,5879082,798893,13.59,0.64
2322,2021-07-22,LAZ,60881,30418,30463,28438,30966,1477,ITI,ITI4,12,Lazio,Lazio,5879082,859774,14.62,1.04
2323,2021-05-17,LAZ,44577,20416,24161,35584,8589,404,ITI,ITI4,12,Lazio,Lazio,5879082,904351,15.38,0.76
2324,2021-02-06,LAZ,6168,2498,3670,839,5323,6,ITI,ITI4,12,Lazio,Lazio,5879082,910519,15.49,0.1
2325,2021-02-20,LAZ,9207,4272,4935,8363,773,71,ITI,ITI4,12,Lazio,Lazio,5879082,919726,15.64,0.16
2326,2021-05-31,LAZ,51748,23040,28708,30856,19868,1024,ITI,ITI4,12,Lazio,Lazio,5879082,971474,16.52,0.88
2327,2021-04-04,LAZ,17592,8161,9431,12213,5268,111,ITI,ITI4,12,Lazio,Lazio,5879082,989066,16.82,0.3
2328,2021-01-25,LAZ,8116,3248,4868,774,7342,0,ITI,ITI4,12,Lazio,Lazio,5879082,997182,16.96,0.14
2329,2021-05-05,LAZ,46819,21481,25338,30408,15851,560,ITI,ITI4,12,Lazio,Lazio,5879082,1044001,17.76,0.8
2330,2021-03-02,LAZ,17193,7611,9582,13094,3936,163,ITI,ITI4,12,Lazio,Lazio,5879082,1061194,18.05,0.29
2331,2021-01-18,LAZ,6272,2561,3711,5167,979,126,ITI,ITI4,12,Lazio,Lazio,5879082,1067466,18.16,0.11
2332,2021-04-28,LAZ,32948,15036,17912,20977,11583,388,ITI,ITI4,12,Lazio,Lazio,5879082,1100414,18.72,0.56
2333,2021-04-09,LAZ,27646,12565,15081,19106,8256,284,ITI,ITI4,12,Lazio,Lazio,5879082,1128060,19.19,0.47
2334,2021-03-23,LAZ,25380,11915,13465,18441,6600,339,ITI,ITI4,12,Lazio,Lazio,5879082,1153440,19.62,0.43
2335,2021-02-15,LAZ,8032,3543,4489,7310,638,84,ITI,ITI4,12,Lazio,Lazio,5879082,1161472,19.76,0.14
2336,2021-01-29,LAZ,8048,3082,4966,814,7232,2,ITI,ITI4,12,Lazio,Lazio,5879082,1169520,19.89,0.14
2337,2021-06-05,LAZ,66177,32626,33551,42777,22750,650,ITI,ITI4,12,Lazio,Lazio,5879082,1235697,21.02,1.13
2338,2021-05-19,LAZ,47229,21683,25546,36501,10123,605,ITI,ITI4,12,Lazio,Lazio,5879082,1282926,21.82,0.8
2339,2021-01-04,LAZ,7487,2910,4577,7383,0,104,ITI,ITI4,12,Lazio,Lazio,5879082,1290413,21.95,0.13
2340,2021-06-24,LAZ,63933,30501,33432,28598,34693,642,ITI,ITI4,12,Lazio,Lazio,5879082,1354346,23.04,1.09
2341,2021-06-07,LAZ,62420,29200,33220,32538,29297,585,ITI,ITI4,12,Lazio,Lazio,5879082,1416766,24.1,1.06
2342,2021-06-21,LAZ,61926,28758,33168,28492,32848,586,ITI,ITI4,12,Lazio,Lazio,5879082,1478692,25.15,1.05
2343,2021-03-13,LAZ,21807,8730,13077,15681,5894,232,ITI,ITI4,12,Lazio,Lazio,5879082,1500499,25.52,0.37
2344,2021-05-07,LAZ,48269,22631,25638,30084,17776,409,ITI,ITI4,12,Lazio,Lazio,5879082,1548768,26.34,0.82
2345,2021-03-11,LAZ,25377,11968,13409,18803,6233,341,ITI,ITI4,12,Lazio,Lazio,5879082,1574145,26.78,0.43
2346,2021-07-03,LAZ,53145,25026,28119,4638,48370,137,ITI,ITI4,12,Lazio,Lazio,5879082,1627290,27.68,0.9
2347,2021-02-03,LAZ,6490,2489,4001,957,5526,7,ITI,ITI4,12,Lazio,Lazio,5879082,1633780,27.79,0.11
2348,2021-01-20,LAZ,4813,1947,2866,3265,1544,4,ITI,ITI4,12,Lazio,Lazio,5879082,1638593,27.87,0.08
2349,2021-01-30,LAZ,7014,2895,4119,808,6205,1,ITI,ITI4,12,Lazio,Lazio,5879082,1645607,27.99,0.12
2350,2021-07-19,LAZ,62870,30919,31951,28305,33480,1085,ITI,ITI4,12,Lazio,Lazio,5879082,1708477,29.06,1.07
2351,2021-01-15,LAZ,6591,2714,3877,6421,0,170,ITI,ITI4,12,Lazio,Lazio,5879082,1715068,29.17,0.11
2352,2021-04-25,LAZ,24530,11257,13273,16425,7823,282,ITI,ITI4,12,Lazio,Lazio,5879082,1739598,29.59,0.42
2353,2021-02-11,LAZ,6999,3011,3988,6441,533,25,ITI,ITI4,12,Lazio,Lazio,5879082,1746597,29.71,0.12
2354,2021-04-11,LAZ,19167,8482,10685,13118,5887,162,ITI,ITI4,12,Lazio,Lazio,5879082,1765764,30.03,0.33
2355,2021-02-13,LAZ,6613,2627,3986,6149,418,46,ITI,ITI4,12,Lazio,Lazio,5879082,1772377,30.15,0.11
2356,2021-07-20,LAZ,63224,31553,31671,28440,33623,1161,ITI,ITI4,12,Lazio,Lazio,5879082,1835601,31.22,1.08
2357,2021-05-24,LAZ,43987,20169,23818,33540,9784,663,ITI,ITI4,12,Lazio,Lazio,5879082,1879588,31.97,0.75
2358,2021-01-03,LAZ,5255,1973,3282,5196,0,59,ITI,ITI4,12,Lazio,Lazio,5879082,1884843,32.06,0.09
2359,2021-04-13,LAZ,25794,11959,13835,17681,7720,393,ITI,ITI4,12,Lazio,Lazio,5879082,1910637,32.5,0.44
2360,2021-03-28,LAZ,19189,7831,11358,13543,5310,336,ITI,ITI4,12,Lazio,Lazio,5879082,1929826,32.83,0.33
2361,2021-06-09,LAZ,70247,33234,37013,35827,33792,628,ITI,ITI4,12,Lazio,Lazio,5879082,2000073,34.02,1.19
2362,2021-03-27,LAZ,26446,10762,15684,19429,6476,541,ITI,ITI4,12,Lazio,Lazio,5879082,2026519,34.47,0.45
2363,2021-07-05,LAZ,61255,29457,31798,25595,34649,1011,ITI,ITI4,12,Lazio,Lazio,5879082,2087774,35.51,1.04
2364,2021-05-23,LAZ,47143,22878,24265,39088,7396,659,ITI,ITI4,12,Lazio,Lazio,5879082,2134917,36.31,0.8
2365,2021-05-09,LAZ,37548,17263,20285,25821,11277,450,ITI,ITI4,12,Lazio,Lazio,5879082,2172465,36.95,0.64
2366,2021-07-12,LAZ,41139,20547,20592,5860,35057,222,ITI,ITI4,12,Lazio,Lazio,5879082,2213604,37.65,0.7
2367,2021-05-16,LAZ,50968,24546,26422,36938,13492,538,ITI,ITI4,12,Lazio,Lazio,5879082,2264572,38.52,0.87
2368,2021-06-28,LAZ,58912,28160,30752,27528,30965,419,ITI,ITI4,12,Lazio,Lazio,5879082,2323484,39.52,1.0
2369,2021-02-17,LAZ,9190,4605,4585,8241,881,68,ITI,ITI4,12,Lazio,Lazio,5879082,2332674,39.68,0.16
2370,2021-05-28,LAZ,57194,26585,30609,43097,13312,785,ITI,ITI4,12,Lazio,Lazio,5879082,2389868,40.65,0.97
2371,2021-03-06,LAZ,18357,7084,11273,13883,4257,217,ITI,ITI4,12,Lazio,Lazio,5879082,2408225,40.96,0.31
2372,2021-04-01,LAZ,29701,14093,15608,22180,7143,378,ITI,ITI4,12,Lazio,Lazio,5879082,2437926,41.47,0.51
2373,2021-07-10,LAZ,70855,35561,35294,25031,45203,621,ITI,ITI4,12,Lazio,Lazio,5879082,2508781,42.67,1.21
2374,2021-07-24,LAZ,30433,15321,15112,3115,27199,119,ITI,ITI4,12,Lazio,Lazio,5879082,2539214,43.19,0.52
2375,2021-06-23,LAZ,62270,29319,32951,28433,33357,480,ITI,ITI4,12,Lazio,Lazio,5879082,2601484,44.25,1.06
2376,2021-04-15,LAZ,31961,14317,17644,20699,10817,445,ITI,ITI4,12,Lazio,Lazio,5879082,2633445,44.79,0.54
2377,2021-02-10,LAZ,8198,3407,4791,4845,3348,5,ITI,ITI4,12,Lazio,Lazio,5879082,2641643,44.93,0.14
2378,2021-05-21,LAZ,52039,25027,27012,37257,14077,705,ITI,ITI4,12,Lazio,Lazio,5879082,2693682,45.82,0.89
2379,2021-05-14,LAZ,51552,23556,27996,32542,18347,663,ITI,ITI4,12,Lazio,Lazio,5879082,2745234,46.69,0.88
2380,2021-03-18,LAZ,14225,6078,8147,7750,6392,83,ITI,ITI4,12,Lazio,Lazio,5879082,2759459,46.94,0.24
2381,2021-03-25,LAZ,29373,13631,15742,22297,6618,458,ITI,ITI4,12,Lazio,Lazio,5879082,2788832,47.44,0.5
2382,2021-02-08,LAZ,9743,4155,5588,4506,5235,2,ITI,ITI4,12,Lazio,Lazio,5879082,2798575,47.6,0.17
2383,2021-05-02,LAZ,32646,14341,18305,22816,9369,461,ITI,ITI4,12,Lazio,Lazio,5879082,2831221,48.16,0.56
2384,2021-01-22,LAZ,4008,1637,2371,493,3515,0,ITI,ITI4,12,Lazio,Lazio,5879082,2835229,48.23,0.07
2385,2021-02-27,LAZ,11453,4287,7166,10333,983,137,ITI,ITI4,12,Lazio,Lazio,5879082,2846682,48.42,0.19
2386,2021-05-20,LAZ,51785,24987,26798,37130,13931,724,ITI,ITI4,12,Lazio,Lazio,5879082,2898467,49.3,0.88
2387,2021-06-20,LAZ,55270,25409,29861,29618,24914,738,ITI,ITI4,12,Lazio,Lazio,5879082,2953737,50.24,0.94
2388,2021-06-06,LAZ,58110,28010,30100,35014,22514,582,ITI,ITI4,12,Lazio,Lazio,5879082,3011847,51.23,0.99
2389,2021-02-26,LAZ,13125,5731,7394,11550,1401,174,ITI,ITI4,12,Lazio,Lazio,5879082,3024972,51.45,0.22
2390,2021-01-08,LAZ,7733,2895,4838,7536,0,197,ITI,ITI4,12,Lazio,Lazio,5879082,3032705,51.58,0.13
2391,2021-01-01,LAZ,3554,1382,2172,3514,0,40,ITI,ITI4,12,Lazio,Lazio,5879082,3036259,51.65,0.06
2392,2021-06-04,LAZ,61775,30156,31619,43349,17814,612,ITI,ITI4,12,Lazio,Lazio,5879082,3098034,52.7,1.05
2393,2021-05-04,LAZ,39913,18366,21547,25907,13539,467,ITI,ITI4,12,Lazio,Lazio,5879082,3137947,53.37,0.68
2394,2021-02-24,LAZ,12047,5207,6840,10930,995,122,ITI,ITI4,12,Lazio,Lazio,5879082,3149994,53.58,0.2
2395,2021-07-07,LAZ,62394,30935,31459,28411,33434,549,ITI,ITI4,12,Lazio,Lazio,5879082,3212388,54.64,1.06
2396,2021-03-29,LAZ,25443,12085,13358,18107,7038,298,ITI,ITI4,12,Lazio,Lazio,5879082,3237831,55.07,0.43
2397,2021-03-15,LAZ,20962,9839,11123,13978,6745,239,ITI,ITI4,12,Lazio,Lazio,5879082,3258793,55.43,0.36
2398,2021-01-05,LAZ,7377,2804,4573,7274,0,103,ITI,ITI4,12,Lazio,Lazio,5879082,3266170,55.56,0.13
2399,2021-01-24,LAZ,5697,2229,3468,613,5084,0,ITI,ITI4,12,Lazio,Lazio,5879082,3271867,55.65,0.1
2400,2021-02-07,LAZ,4944,2026,2918,386,4557,1,ITI,ITI4,12,Lazio,Lazio,5879082,3276811,55.74,0.08
2401,2021-05-18,LAZ,44975,20569,24406,34867,9552,556,ITI,ITI4,12,Lazio,Lazio,5879082,3321786,56.5,0.77
2402,2021-04-27,LAZ,30722,13869,16853,19464,10853,405,ITI,ITI4,12,Lazio,Lazio,5879082,3352508,57.02,0.52
2403,2021-03-01,LAZ,17121,7369,9752,13004,3886,231,ITI,ITI4,12,Lazio,Lazio,5879082,3369629,57.32,0.29
2404,2021-02-22,LAZ,11455,4989,6466,10804,502,149,ITI,ITI4,12,Lazio,Lazio,5879082,3381084,57.51,0.19
2405,2021-06-02,LAZ,43303,21519,21784,31247,11517,539,ITI,ITI4,12,Lazio,Lazio,5879082,3424387,58.25,0.74
2406,2021-06-11,LAZ,69567,32737,36830,36543,32405,619,ITI,ITI4,12,Lazio,Lazio,5879082,3493954,59.43,1.18
2407,2021-02-12,LAZ,6852,2852,4000,6351,419,82,ITI,ITI4,12,Lazio,Lazio,5879082,3500806,59.55,0.12
2408,2020-12-31,LAZ,5293,2121,3172,5233,0,60,ITI,ITI4,12,Lazio,Lazio,5879082,3506099,59.64,0.09
2409,2021-04-10,LAZ,23940,10414,13526,16504,7190,246,ITI,ITI4,12,Lazio,Lazio,5879082,3530039,60.04,0.41
2410,2021-02-05,LAZ,7325,2990,4335,1215,6107,3,ITI,ITI4,12,Lazio,Lazio,5879082,3537364,60.17,0.12
2411,2021-04-03,LAZ,24794,11194,13600,17875,6701,218,ITI,ITI4,12,Lazio,Lazio,5879082,3562158,60.59,0.42
2412,2021-07-09,LAZ,64738,31251,33487,27611,36420,707,ITI,ITI4,12,Lazio,Lazio,5879082,3626896,61.69,1.1
2413,2021-05-01,LAZ,37981,17094,20887,25569,11975,437,ITI,ITI4,12,Lazio,Lazio,5879082,3664877,62.34,0.65
2414,2021-04-17,LAZ,32418,14224,18194,20021,11999,398,ITI,ITI4,12,Lazio,Lazio,5879082,3697295,62.89,0.55
2415,2021-01-27,LAZ,6119,2389,3730,1002,5117,0,ITI,ITI4,12,Lazio,Lazio,5879082,3703414,62.99,0.1
2416,2021-06-01,LAZ,48921,23605,25316,29918,18541,462,ITI,ITI4,12,Lazio,Lazio,5879082,3752335,63.83,0.83
2417,2021-04-05,LAZ,19867,9085,10782,13533,6181,153,ITI,ITI4,12,Lazio,Lazio,5879082,3772202,64.16,0.34
2418,2021-05-25,LAZ,47552,22318,25234,35266,11687,599,ITI,ITI4,12,Lazio,Lazio,5879082,3819754,64.97,0.81
2419,2021-04-12,LAZ,23877,10772,13105,16690,6908,279,ITI,ITI4,12,Lazio,Lazio,5879082,3843631,65.38,0.41
2420,2021-07-21,LAZ,62649,31637,31012,28642,32697,1310,ITI,ITI4,12,Lazio,Lazio,5879082,3906280,66.44,1.07
2421,2021-06-08,LAZ,66606,31795,34811,36014,29958,634,ITI,ITI4,12,Lazio,Lazio,5879082,3972886,67.58,1.13
2422,2021-07-14,LAZ,41924,20427,21497,6176,35400,348,ITI,ITI4,12,Lazio,Lazio,5879082,4014810,68.29,0.71
2423,2021-01-09,LAZ,6300,2562,3738,6187,0,113,ITI,ITI4,12,Lazio,Lazio,5879082,4021110,68.4,0.11
2424,2021-04-19,LAZ,30109,13688,16421,19006,10686,417,ITI,ITI4,12,Lazio,Lazio,5879082,4051219,68.91,0.51
2425,2021-02-21,LAZ,6991,3181,3810,6483,464,44,ITI,ITI4,12,Lazio,Lazio,5879082,4058210,69.03,0.12
2426,2021-01-31,LAZ,4463,1856,2607,478,3984,1,ITI,ITI4,12,Lazio,Lazio,5879082,4062673,69.1,0.08
2427,2021-05-11,LAZ,48330,22190,26140,31182,16551,597,ITI,ITI4,12,Lazio,Lazio,5879082,4111003,69.93,0.82
2428,2021-01-10,LAZ,4044,1702,2342,3977,0,67,ITI,ITI4,12,Lazio,Lazio,5879082,4115047,69.99,0.07
2429,2021-06-16,LAZ,64552,30947,33605,32042,31895,615,ITI,ITI4,12,Lazio,Lazio,5879082,4179599,71.09,1.1
2430,2021-04-20,LAZ,31087,14274,16813,19408,11304,375,ITI,ITI4,12,Lazio,Lazio,5879082,4210686,71.62,0.53
2431,2021-03-08,LAZ,20874,9056,11818,15310,5274,290,ITI,ITI4,12,Lazio,Lazio,5879082,4231560,71.98,0.36
2432,2021-04-22,LAZ,39112,19448,19664,23894,14630,588,ITI,ITI4,12,Lazio,Lazio,5879082,4270672,72.64,0.67
2433,2021-03-10,LAZ,23342,10661,12681,17363,5647,332,ITI,ITI4,12,Lazio,Lazio,5879082,4294014,73.04,0.4
2434,2021-01-12,LAZ,5416,1982,3434,5273,0,143,ITI,ITI4,12,Lazio,Lazio,5879082,4299430,73.13,0.09
2435,2021-06-18,LAZ,64265,30927,33338,30269,33263,733,ITI,ITI4,12,Lazio,Lazio,5879082,4363695,74.22,1.09
2436,2021-05-03,LAZ,39263,17730,21533,26046,12638,579,ITI,ITI4,12,Lazio,Lazio,5879082,4402958,74.89,0.67
2437,2021-07-25,LAZ,12874,6344,6530,696,12167,11,ITI,ITI4,12,Lazio,Lazio,5879082,4415832,75.11,0.22
2438,2021-06-22,LAZ,62769,29029,33740,28603,33489,677,ITI,ITI4,12,Lazio,Lazio,5879082,4478601,76.18,1.07
2439,2021-03-14,LAZ,17241,6754,10487,11828,5155,258,ITI,ITI4,12,Lazio,Lazio,5879082,4495842,76.47,0.29
2440,2021-02-19,LAZ,10047,5080,4967,9067,835,145,ITI,ITI4,12,Lazio,Lazio,5879082,4505889,76.64,0.17
2441,2021-06-17,LAZ,66879,32142,34737,31773,34393,713,ITI,ITI4,12,Lazio,Lazio,5879082,4572768,77.78,1.14
2442,2021-04-21,LAZ,33054,15022,18032,20308,12386,360,ITI,ITI4,12,Lazio,Lazio,5879082,4605822,78.34,0.56
2443,2021-06-03,LAZ,56573,28617,27956,38065,17816,692,ITI,ITI4,12,Lazio,Lazio,5879082,4662395,79.3,0.96
2444,2021-02-14,LAZ,5778,2372,3406,5276,472,30,ITI,ITI4,12,Lazio,Lazio,5879082,4668173,79.4,0.1
2445,2021-02-28,LAZ,10259,4017,6242,9651,515,93,ITI,ITI4,12,Lazio,Lazio,5879082,4678432,79.58,0.17
2446,2021-01-02,LAZ,6709,2631,4078,6629,0,80,ITI,ITI4,12,Lazio,Lazio,5879082,4685141,79.69,0.11
2447,2021-05-06,LAZ,48839,22760,26079,30610,17574,655,ITI,ITI4,12,Lazio,Lazio,5879082,4733980,80.52,0.83
2448,2021-01-17,LAZ,4892,2027,2865,4616,212,64,ITI,ITI4,12,Lazio,Lazio,5879082,4738872,80.61,0.08
2449,2021-01-19,LAZ,4776,1962,2814,4319,454,3,ITI,ITI4,12,Lazio,Lazio,5879082,4743648,80.69,0.08
2450,2021-04-29,LAZ,38713,17279,21434,24860,13247,606,ITI,ITI4,12,Lazio,Lazio,5879082,4782361,81.35,0.66
2451,2021-03-03,LAZ,17866,7873,9993,13337,4295,234,ITI,ITI4,12,Lazio,Lazio,5879082,4800227,81.65,0.3
2452,2021-01-26,LAZ,7971,3131,4840,730,7241,0,ITI,ITI4,12,Lazio,Lazio,5879082,4808198,81.78,0.14
2453,2021-03-12,LAZ,24009,11093,12916,17347,6317,345,ITI,ITI4,12,Lazio,Lazio,5879082,4832207,82.19,0.41
2454,2021-02-09,LAZ,8811,3778,5033,4575,4229,7,ITI,ITI4,12,Lazio,Lazio,5879082,4841018,82.34,0.15
2455,2021-02-23,LAZ,11091,4783,6308,10198,766,127,ITI,ITI4,12,Lazio,Lazio,5879082,4852109,82.53,0.19
2456,2021-03-17,LAZ,13815,5916,7899,7448,6258,109,ITI,ITI4,12,Lazio,Lazio,5879082,4865924,82.77,0.23
2457,2021-06-25,LAZ,63229,30520,32709,28066,34592,571,ITI,ITI4,12,Lazio,Lazio,5879082,4929153,83.84,1.08
2458,2021-06-27,LAZ,47207,21569,25638,20611,26135,461,ITI,ITI4,12,Lazio,Lazio,5879082,4976360,84.65,0.8
2459,2021-07-16,LAZ,43812,20907,22905,2914,40725,173,ITI,ITI4,12,Lazio,Lazio,5879082,5020172,85.39,0.75
2460,2021-04-24,LAZ,33461,15105,18356,20183,12786,492,ITI,ITI4,12,Lazio,Lazio,5879082,5053633,85.96,0.57
2461,2021-05-30,LAZ,41238,17646,23592,33212,7357,669,ITI,ITI4,12,Lazio,Lazio,5879082,5094871,86.66,0.7
2462,2021-05-13,LAZ,50200,22556,27644,31692,17830,678,ITI,ITI4,12,Lazio,Lazio,5879082,5145071,87.51,0.85
2463,2021-06-10,LAZ,71865,33944,37921,37104,33951,810,ITI,ITI4,12,Lazio,Lazio,5879082,5216936,88.74,1.22
2464,2021-04-14,LAZ,29325,13290,16035,18881,10125,319,ITI,ITI4,12,Lazio,Lazio,5879082,5246261,89.24,0.5
2465,2021-07-23,LAZ,57888,28983,28905,26541,29623,1724,ITI,ITI4,12,Lazio,Lazio,5879082,5304149,90.22,0.98
2466,2021-04-02,LAZ,29411,14094,15317,21687,7340,384,ITI,ITI4,12,Lazio,Lazio,5879082,5333560,90.72,0.5
2467,2021-07-11,LAZ,43961,22155,21806,3767,40052,142,ITI,ITI4,12,Lazio,Lazio,5879082,5377521,91.47,0.75
2468,2021-01-28,LAZ,8282,3167,5115,784,7497,1,ITI,ITI4,12,Lazio,Lazio,5879082,5385803,91.61,0.14
2469,2021-07-04,LAZ,46554,21664,24890,4117,42353,84,ITI,ITI4,12,Lazio,Lazio,5879082,5432357,92.4,0.79
2470,2021-05-08,LAZ,45487,20767,24720,29398,15436,653,ITI,ITI4,12,Lazio,Lazio,5879082,5477844,93.18,0.77
2471,2021-07-13,LAZ,42407,20749,21658,5476,36604,327,ITI,ITI4,12,Lazio,Lazio,5879082,5520251,93.9,0.72
2472,2021-03-26,LAZ,30227,14002,16225,22938,6851,438,ITI,ITI4,12,Lazio,Lazio,5879082,5550478,94.41,0.51
2473,2021-01-21,LAZ,5604,2348,3256,551,5053,0,ITI,ITI4,12,Lazio,Lazio,5879082,5556082,94.51,0.1
2474,2021-03-31,LAZ,27758,13426,14332,20325,7101,332,ITI,ITI4,12,Lazio,Lazio,5879082,5583840,94.98,0.47
2475,2021-01-07,LAZ,7754,2903,4851,7597,0,157,ITI,ITI4,12,Lazio,Lazio,5879082,5591594,95.11,0.13
2476,2021-02-04,LAZ,6341,2509,3832,1023,5317,1,ITI,ITI4,12,Lazio,Lazio,5879082,5597935,95.22,0.11
2477,2021-05-22,LAZ,55152,27018,28134,43586,10683,883,ITI,ITI4,12,Lazio,Lazio,5879082,5653087,96.16,0.94
2478,2021-06-29,LAZ,59430,28248,31182,27729,31138,563,ITI,ITI4,12,Lazio,Lazio,5879082,5712517,97.17,1.01
2479,2021-01-14,LAZ,5491,2147,3344,5317,0,174,ITI,ITI4,12,Lazio,Lazio,5879082,5718008,97.26,0.09
2480,2021-04-07,LAZ,25999,12158,13841,18347,7316,336,ITI,ITI4,12,Lazio,Lazio,5879082,5744007,97.7,0.44
2481,2020-12-28,LAZ,959,412,547,954,0,5,ITI,ITI4,12,Lazio,Lazio,5879082,5744966,97.72,0.02
2482,2021-01-16,LAZ,5648,2283,3365,5500,0,148,ITI,ITI4,12,Lazio,Lazio,5879082,5750614,97.81,0.1
2483,2021-04-26,LAZ,29247,13469,15778,19611,9205,431,ITI,ITI4,12,Lazio,Lazio,5879082,5779861,98.31,0.5
2484,2021-02-02,LAZ,5913,2215,3698,637,5273,3,ITI,ITI4,12,Lazio,Lazio,5879082,5785774,98.41,0.1
2485,2021-07-06,LAZ,62160,30180,31980,28528,33166,466,ITI,ITI4,12,Lazio,Lazio,5879082,5847934,99.47,1.06
2486,2021-05-15,LAZ,57395,27419,29976,40054,16537,804,ITI,ITI4,12,Lazio,Lazio,5879082,5905329,100.45,0.98
2487,2021-03-19,LAZ,17452,7568,9884,10974,6329,149,ITI,ITI4,12,Lazio,Lazio,5879082,5922781,100.74,0.3
2488,2021-07-18,LAZ,58130,29619,28511,22798,34568,764,ITI,ITI4,12,Lazio,Lazio,5879082,5980911,101.73,0.99
2489,2021-04-06,LAZ,24486,11189,13297,17054,7114,318,ITI,ITI4,12,Lazio,Lazio,5879082,6005397,102.15,0.42
2490,2020-12-27,LAZ,274,132,142,274,0,0,ITI,ITI4,12,Lazio,Lazio,5879082,6005671,102.15,0.0
2491,2021-03-20,LAZ,19197,7643,11554,13051,5885,261,ITI,ITI4,12,Lazio,Lazio,5879082,6024868,102.48,0.33
2492,2021-07-17,LAZ,43767,22071,21696,2161,41504,102,ITI,ITI4,12,Lazio,Lazio,5879082,6068635,103.22,0.74
2493,2021-06-30,LAZ,62870,29570,33300,29763,32575,532,ITI,ITI4,12,Lazio,Lazio,5879082,6131505,104.29,1.07
2494,2021-04-08,LAZ,26836,12301,14535,18784,7702,350,ITI,ITI4,12,Lazio,Lazio,5879082,6158341,104.75,0.46
2495,2021-07-02,LAZ,48346,23151,25195,6613,41558,175,ITI,ITI4,12,Lazio,Lazio,5879082,6206687,105.57,0.82
2496,2021-03-22,LAZ,23330,10535,12795,16321,6681,328,ITI,ITI4,12,Lazio,Lazio,5879082,6230017,105.97,0.4
2497,2020-12-29,LAZ,488,176,312,484,0,4,ITI,ITI4,12,Lazio,Lazio,5879082,6230505,105.98,0.01
2498,2021-06-13,LAZ,58416,26213,32203,33083,24838,495,ITI,ITI4,12,Lazio,Lazio,5879082,6288921,106.97,0.99
2499,2021-03-07,LAZ,14134,5466,8668,10335,3593,206,ITI,ITI4,12,Lazio,Lazio,5879082,6303055,107.21,0.24
2500,2021-06-15,LAZ,65876,31816,34060,33196,32133,547,ITI,ITI4,12,Lazio,Lazio,5879082,6368931,108.33,1.12
2501,2021-03-24,LAZ,27881,13094,14787,21258,6239,384,ITI,ITI4,12,Lazio,Lazio,5879082,6396812,108.81,0.47
2502,2021-05-29,LAZ,52061,23412,28649,40161,11033,867,ITI,ITI4,12,Lazio,Lazio,5879082,6448873,109.69,0.89
2503,2021-05-10,LAZ,44479,20338,24141,30597,13428,454,ITI,ITI4,12,Lazio,Lazio,5879082,6493352,110.45,0.76
2504,2021-05-27,LAZ,58372,27114,31258,43824,13760,788,ITI,ITI4,12,Lazio,Lazio,5879082,6551724,111.44,0.99
2505,2021-03-05,LAZ,19568,8671,10897,14609,4735,224,ITI,ITI4,12,Lazio,Lazio,5879082,6571292,111.77,0.33
2506,2021-02-16,LAZ,8363,4038,4325,7710,610,43,ITI,ITI4,12,Lazio,Lazio,5879082,6579655,111.92,0.14
2507,2021-01-23,EMR,2448,871,1577,440,2008,0,ITH,ITH5,8,Emilia-Romagna,Emilia-Romagna,4459477,2448,0.05,0.05
2508,2021-05-07,EMR,35298,16970,18328,22745,11875,678,ITH,ITH5,8,Emilia-Romagna,Emilia-Romagna,4459477,37746,0.85,0.79
2509,2021-07-03,EMR,32058,15901,16157,11782,19981,295,ITH,ITH5,8,Emilia-Romagna,Emilia-Romagna,4459477,69804,1.57,0.72
2510,2021-01-30,EMR,10083,3521,6562,140,9942,1,ITH,ITH5,8,Emilia-Romagna,Emilia-Romagna,4459477,79887,1.79,0.23
2511,2021-07-15,EMR,49886,25981,23905,8189,41349,348,ITH,ITH5,8,Emilia-Romagna,Emilia-Romagna,4459477,129773,2.91,1.12
2512,2021-06-21,EMR,37541,18981,18560,16393,20870,278,ITH,ITH5,8,Emilia-Romagna,Emilia-Romagna,4459477,167314,3.75,0.84
2513,2021-07-08,EMR,41231,20541,20690,4860,36095,276,ITH,ITH5,8,Emilia-Romagna,Emilia-Romagna,4459477,208545,4.68,0.92
2514,2021-03-30,EMR,23345,10339,13006,18008,5041,296,ITH,ITH5,8,Emilia-Romagna,Emilia-Romagna,4459477,231890,5.2,0.52
2515,2021-07-22,EMR,39981,21342,18639,15348,23943,690,ITH,ITH5,8,Emilia-Romagna,Emilia-Romagna,4459477,271871,6.1,0.9
2516,2021-01-04,EMR,7315,2527,4788,7312,0,3,ITH,ITH5,8,Emilia-Romagna,Emilia-Romagna,4459477,279186,6.26,0.16
2517,2021-05-12,EMR,38925,18295,20630,28405,9689,831,ITH,ITH5,8,Emilia-Romagna,Emilia-Romagna,4459477,318111,7.13,0.87
2518,2021-02-01,EMR,10321,3610,6711,360,9959,2,ITH,ITH5,8,Emilia-Romagna,Emilia-Romagna,4459477,328432,7.36,0.23
2519,2021-01-18,EMR,3128,879,2249,2446,679,3,ITH,ITH5,8,Emilia-Romagna,Emilia-Romagna,4459477,331560,7.43,0.07
2520,2021-03-16,EMR,12246,5027,7219,4871,7309,66,ITH,ITH5,8,Emilia-Romagna,Emilia-Romagna,4459477,343806,7.71,0.27
2521,2021-01-25,EMR,6462,2146,4316,206,6255,1,ITH,ITH5,8,Emilia-Romagna,Emilia-Romagna,4459477,350268,7.85,0.14
2522,2021-07-01,EMR,34477,16851,17626,15344,18819,314,ITH,ITH5,8,Emilia-Romagna,Emilia-Romagna,4459477,384745,8.63,0.77
2523,2021-03-23,EMR,18799,8145,10654,11951,6687,161,ITH,ITH5,8,Emilia-Romagna,Emilia-Romagna,4459477,403544,9.05,0.42
2524,2021-04-16,EMR,29227,13761,15466,20023,8838,366,ITH,ITH5,8,Emilia-Romagna,Emilia-Romagna,4459477,432771,9.7,0.66
2525,2021-01-06,EMR,8288,2956,5332,8287,0,1,ITH,ITH5,8,Emilia-Romagna,Emilia-Romagna,4459477,441059,9.89,0.19
2526,2021-04-30,EMR,36617,16791,19826,21207,14799,611,ITH,ITH5,8,Emilia-Romagna,Emilia-Romagna,4459477,477676,10.71,0.82
2527,2021-03-28,EMR,13501,6027,7474,9506,3870,125,ITH,ITH5,8,Emilia-Romagna,Emilia-Romagna,4459477,491177,11.01,0.3
2528,2021-02-25,EMR,9249,3499,5750,8273,954,22,ITH,ITH5,8,Emilia-Romagna,Emilia-Romagna,4459477,500426,11.22,0.21
2529,2021-05-26,EMR,33272,14739,18533,9929,22959,384,ITH,ITH5,8,Emilia-Romagna,Emilia-Romagna,4459477,533698,11.97,0.75
2530,2021-06-12,EMR,41320,21854,19466,35897,4915,508,ITH,ITH5,8,Emilia-Romagna,Emilia-Romagna,4459477,575018,12.89,0.93
2531,2021-03-04,EMR,16451,5349,11102,13344,3017,90,ITH,ITH5,8,Emilia-Romagna,Emilia-Romagna,4459477,591469,13.26,0.37
2532,2021-05-24,EMR,29973,13725,16248,17954,11502,517,ITH,ITH5,8,Emilia-Romagna,Emilia-Romagna,4459477,621442,13.94,0.67
2533,2021-02-13,EMR,3628,1084,2544,3015,598,15,ITH,ITH5,8,Emilia-Romagna,Emilia-Romagna,4459477,625070,14.02,0.08
2534,2021-02-18,EMR,7039,2891,4148,6439,584,16,ITH,ITH5,8,Emilia-Romagna,Emilia-Romagna,4459477,632109,14.17,0.16
2535,2021-06-07,EMR,40477,20777,19700,33887,6252,338,ITH,ITH5,8,Emilia-Romagna,Emilia-Romagna,4459477,672586,15.08,0.91
2536,2021-07-20,EMR,42834,22400,20434,6997,35563,274,ITH,ITH5,8,Emilia-Romagna,Emilia-Romagna,4459477,715420,16.04,0.96
2537,2021-04-11,EMR,15278,6935,8343,11980,3048,250,ITH,ITH5,8,Emilia-Romagna,Emilia-Romagna,4459477,730698,16.39,0.34
2538,2021-02-11,EMR,4256,1415,2841,3397,843,16,ITH,ITH5,8,Emilia-Romagna,Emilia-Romagna,4459477,734954,16.48,0.1
2539,2021-06-26,EMR,37428,18968,18460,21517,15519,392,ITH,ITH5,8,Emilia-Romagna,Emilia-Romagna,4459477,772382,17.32,0.84
2540,2021-07-10,EMR,41952,21360,20592,7074,34524,354,ITH,ITH5,8,Emilia-Romagna,Emilia-Romagna,4459477,814334,18.26,0.94
2541,2021-04-23,EMR,29564,13811,15753,14305,14884,375,ITH,ITH5,8,Emilia-Romagna,Emilia-Romagna,4459477,843898,18.92,0.66
2542,2021-01-13,EMR,9076,2941,6135,9071,0,5,ITH,ITH5,8,Emilia-Romagna,Emilia-Romagna,4459477,852974,19.13,0.2
2543,2021-04-04,EMR,9879,4717,5162,7525,2267,87,ITH,ITH5,8,Emilia-Romagna,Emilia-Romagna,4459477,862853,19.35,0.22
2544,2021-01-11,EMR,9347,3273,6074,9338,0,9,ITH,ITH5,8,Emilia-Romagna,Emilia-Romagna,4459477,872200,19.56,0.21
2545,2021-05-19,EMR,33745,14970,18775,18031,15194,520,ITH,ITH5,8,Emilia-Romagna,Emilia-Romagna,4459477,905945,20.32,0.76
2546,2021-06-02,EMR,24103,12065,12038,18940,4972,191,ITH,ITH5,8,Emilia-Romagna,Emilia-Romagna,4459477,930048,20.86,0.54
2547,2021-03-13,EMR,16137,6361,9776,10589,5313,235,ITH,ITH5,8,Emilia-Romagna,Emilia-Romagna,4459477,946185,21.22,0.36
2548,2021-07-05,EMR,33179,16183,16996,11521,21336,322,ITH,ITH5,8,Emilia-Romagna,Emilia-Romagna,4459477,979364,21.96,0.74
2549,2021-06-19,EMR,36638,18340,18298,17041,19385,212,ITH,ITH5,8,Emilia-Romagna,Emilia-Romagna,4459477,1016002,22.78,0.82
2550,2021-03-11,EMR,17456,7307,10149,11433,5851,172,ITH,ITH5,8,Emilia-Romagna,Emilia-Romagna,4459477,1033458,23.17,0.39
2551,2021-02-06,EMR,7594,2404,5190,2105,5485,4,ITH,ITH5,8,Emilia-Romagna,Emilia-Romagna,4459477,1041052,23.34,0.17
2552,2021-03-09,EMR,14759,6020,8739,10711,3953,95,ITH,ITH5,8,Emilia-Romagna,Emilia-Romagna,4459477,1055811,23.68,0.33
2553,2021-05-05,EMR,30120,13995,16125,18283,11267,570,ITH,ITH5,8,Emilia-Romagna,Emilia-Romagna,4459477,1085931,24.35,0.68
2554,2021-05-23,EMR,25488,11861,13627,13580,11596,312,ITH,ITH5,8,Emilia-Romagna,Emilia-Romagna,4459477,1111419,24.92,0.57
2555,2021-07-19,EMR,41822,22029,19793,6974,34619,229,ITH,ITH5,8,Emilia-Romagna,Emilia-Romagna,4459477,1153241,25.86,0.94
2556,2021-05-09,EMR,25613,12254,13359,18242,6968,403,ITH,ITH5,8,Emilia-Romagna,Emilia-Romagna,4459477,1178854,26.43,0.57
2557,2021-01-29,EMR,10416,3496,6920,289,10126,1,ITH,ITH5,8,Emilia-Romagna,Emilia-Romagna,4459477,1189270,26.67,0.23
2558,2021-02-15,EMR,2904,851,2053,2712,125,67,ITH,ITH5,8,Emilia-Romagna,Emilia-Romagna,4459477,1192174,26.73,0.07
2559,2021-01-27,EMR,8363,2949,5414,462,7901,0,ITH,ITH5,8,Emilia-Romagna,Emilia-Romagna,4459477,1200537,26.92,0.19
2560,2021-05-31,EMR,29758,13765,15993,17724,11490,544,ITH,ITH5,8,Emilia-Romagna,Emilia-Romagna,4459477,1230295,27.59,0.67
2561,2021-02-20,EMR,5319,2094,3225,5049,263,7,ITH,ITH5,8,Emilia-Romagna,Emilia-Romagna,4459477,1235614,27.71,0.12
2562,2021-01-15,EMR,7750,2404,5346,7742,0,8,ITH,ITH5,8,Emilia-Romagna,Emilia-Romagna,4459477,1243364,27.88,0.17
2563,2021-06-09,EMR,43021,21859,21162,36181,6373,467,ITH,ITH5,8,Emilia-Romagna,Emilia-Romagna,4459477,1286385,28.85,0.96
2564,2021-03-01,EMR,10098,3582,6516,7814,2259,25,ITH,ITH5,8,Emilia-Romagna,Emilia-Romagna,4459477,1296483,29.07,0.23
2565,2021-05-04,EMR,29281,13709,15572,15135,13661,485,ITH,ITH5,8,Emilia-Romagna,Emilia-Romagna,4459477,1325764,29.73,0.66
2566,2021-04-18,EMR,17504,8396,9108,12362,4918,224,ITH,ITH5,8,Emilia-Romagna,Emilia-Romagna,4459477,1343268,30.12,0.39
2567,2021-06-14,EMR,41291,21349,19942,27802,13073,416,ITH,ITH5,8,Emilia-Romagna,Emilia-Romagna,4459477,1384559,31.05,0.93
2568,2021-03-25,EMR,21481,9417,12064,14232,6990,259,ITH,ITH5,8,Emilia-Romagna,Emilia-Romagna,4459477,1406040,31.53,0.48
2569,2021-05-21,EMR,39314,17542,21772,21635,17070,609,ITH,ITH5,8,Emilia-Romagna,Emilia-Romagna,4459477,1445354,32.41,0.88
2570,2021-02-10,EMR,4023,1385,2638,2761,1256,6,ITH,ITH5,8,Emilia-Romagna,Emilia-Romagna,4459477,1449377,32.5,0.09
2571,2021-04-08,EMR,31214,14332,16882,25212,5304,698,ITH,ITH5,8,Emilia-Romagna,Emilia-Romagna,4459477,1480591,33.2,0.7
2572,2021-06-30,EMR,34222,17274,16948,18239,15654,329,ITH,ITH5,8,Emilia-Romagna,Emilia-Romagna,4459477,1514813,33.97,0.77
2573,2021-07-17,EMR,43430,22913,20517,7466,35529,435,ITH,ITH5,8,Emilia-Romagna,Emilia-Romagna,4459477,1558243,34.94,0.97
2574,2021-06-11,EMR,45874,23819,22055,38820,6513,541,ITH,ITH5,8,Emilia-Romagna,Emilia-Romagna,4459477,1604117,35.97,1.03
2575,2021-06-28,EMR,40023,19633,20390,20020,19563,440,ITH,ITH5,8,Emilia-Romagna,Emilia-Romagna,4459477,1644140,36.87,0.9
2576,2021-03-20,EMR,16086,6830,9256,8956,6964,166,ITH,ITH5,8,Emilia-Romagna,Emilia-Romagna,4459477,1660226,37.23,0.36
2577,2021-04-06,EMR,24752,11174,13578,19721,4746,285,ITH,ITH5,8,Emilia-Romagna,Emilia-Romagna,4459477,1684978,37.78,0.56
2578,2020-12-27,EMR,972,373,599,972,0,0,ITH,ITH5,8,Emilia-Romagna,Emilia-Romagna,4459477,1685950,37.81,0.02
2579,2021-03-27,EMR,21660,9059,12601,14507,6908,245,ITH,ITH5,8,Emilia-Romagna,Emilia-Romagna,4459477,1707610,38.29,0.49
2580,2021-04-13,EMR,23717,11127,12590,19028,4343,346,ITH,ITH5,8,Emilia-Romagna,Emilia-Romagna,4459477,1731327,38.82,0.53
2581,2021-01-03,EMR,2763,943,1820,2763,0,0,ITH,ITH5,8,Emilia-Romagna,Emilia-Romagna,4459477,1734090,38.89,0.06
2582,2021-05-02,EMR,25580,11653,13927,13190,11991,399,ITH,ITH5,8,Emilia-Romagna,Emilia-Romagna,4459477,1759670,39.46,0.57
2583,2021-01-22,EMR,1829,477,1352,1086,741,2,ITH,ITH5,8,Emilia-Romagna,Emilia-Romagna,4459477,1761499,39.5,0.04
2584,2021-02-08,EMR,5231,1534,3697,2315,2913,3,ITH,ITH5,8,Emilia-Romagna,Emilia-Romagna,4459477,1766730,39.62,0.12
2585,2021-05-16,EMR,25858,12175,13683,18360,7121,377,ITH,ITH5,8,Emilia-Romagna,Emilia-Romagna,4459477,1792588,40.2,0.58
2586,2021-02-22,EMR,7482,3091,4391,7197,272,13,ITH,ITH5,8,Emilia-Romagna,Emilia-Romagna,4459477,1800070,40.37,0.17
2587,2021-07-12,EMR,43935,22257,21678,5600,38021,314,ITH,ITH5,8,Emilia-Romagna,Emilia-Romagna,4459477,1844005,41.35,0.99
2588,2021-06-04,EMR,45652,22983,22669,37169,8164,319,ITH,ITH5,8,Emilia-Romagna,Emilia-Romagna,4459477,1889657,42.37,1.02
2589,2021-01-20,EMR,1327,270,1057,1325,1,1,ITH,ITH5,8,Emilia-Romagna,Emilia-Romagna,4459477,1890984,42.4,0.03
2590,2021-07-24,EMR,23943,12804,11139,10711,12683,549,ITH,ITH5,8,Emilia-Romagna,Emilia-Romagna,4459477,1914927,42.94,0.54
2591,2021-04-15,EMR,29352,13982,15370,19248,9676,428,ITH,ITH5,8,Emilia-Romagna,Emilia-Romagna,4459477,1944279,43.6,0.66
2592,2021-06-18,EMR,42516,21282,21234,16391,25866,259,ITH,ITH5,8,Emilia-Romagna,Emilia-Romagna,4459477,1986795,44.55,0.95
2593,2021-03-10,EMR,18803,7742,11061,12979,5645,179,ITH,ITH5,8,Emilia-Romagna,Emilia-Romagna,4459477,2005598,44.97,0.42
2594,2021-05-18,EMR,29146,13257,15889,18096,10564,486,ITH,ITH5,8,Emilia-Romagna,Emilia-Romagna,4459477,2034744,45.63,0.65
2595,2021-02-07,EMR,4785,1536,3249,1722,3061,2,ITH,ITH5,8,Emilia-Romagna,Emilia-Romagna,4459477,2039529,45.73,0.11
2596,2021-02-24,EMR,9353,3567,5786,8451,885,17,ITH,ITH5,8,Emilia-Romagna,Emilia-Romagna,4459477,2048882,45.94,0.21
2597,2021-01-05,EMR,9363,3171,6192,9359,0,4,ITH,ITH5,8,Emilia-Romagna,Emilia-Romagna,4459477,2058245,46.15,0.21
2598,2021-02-27,EMR,10961,3998,6963,9192,1738,31,ITH,ITH5,8,Emilia-Romagna,Emilia-Romagna,4459477,2069206,46.4,0.25
2599,2021-04-25,EMR,22351,10240,12111,14398,7511,442,ITH,ITH5,8,Emilia-Romagna,Emilia-Romagna,4459477,2091557,46.9,0.5
2600,2021-04-27,EMR,32108,14865,17243,19222,12464,422,ITH,ITH5,8,Emilia-Romagna,Emilia-Romagna,4459477,2123665,47.62,0.72
2601,2021-05-01,EMR,28409,12776,15633,15275,12779,355,ITH,ITH5,8,Emilia-Romagna,Emilia-Romagna,4459477,2152074,48.26,0.64
2602,2021-02-05,EMR,9290,2956,6334,1601,7683,6,ITH,ITH5,8,Emilia-Romagna,Emilia-Romagna,4459477,2161364,48.47,0.21
2603,2021-06-20,EMR,30718,15591,15127,15927,14653,138,ITH,ITH5,8,Emilia-Romagna,Emilia-Romagna,4459477,2192082,49.16,0.69
2604,2021-01-10,EMR,7171,2684,4487,7170,0,1,ITH,ITH5,8,Emilia-Romagna,Emilia-Romagna,4459477,2199253,49.32,0.16
2605,2021-06-16,EMR,45730,23371,22359,25444,19929,357,ITH,ITH5,8,Emilia-Romagna,Emilia-Romagna,4459477,2244983,50.34,1.03
2606,2021-03-08,EMR,12191,5092,7099,9465,2647,79,ITH,ITH5,8,Emilia-Romagna,Emilia-Romagna,4459477,2257174,50.62,0.27
2607,2021-04-20,EMR,22625,10406,12219,13884,8354,387,ITH,ITH5,8,Emilia-Romagna,Emilia-Romagna,4459477,2279799,51.12,0.51
2608,2021-06-23,EMR,37751,18886,18865,18635,18833,283,ITH,ITH5,8,Emilia-Romagna,Emilia-Romagna,4459477,2317550,51.97,0.85
2609,2021-03-18,EMR,13677,5807,7870,5584,8002,91,ITH,ITH5,8,Emilia-Romagna,Emilia-Romagna,4459477,2331227,52.28,0.31
2610,2021-05-14,EMR,37289,17181,20108,26764,9633,892,ITH,ITH5,8,Emilia-Romagna,Emilia-Romagna,4459477,2368516,53.11,0.84
2611,2021-02-03,EMR,9340,2989,6351,963,8376,1,ITH,ITH5,8,Emilia-Romagna,Emilia-Romagna,4459477,2377856,53.32,0.21
2612,2021-04-01,EMR,23953,10772,13181,19063,4551,339,ITH,ITH5,8,Emilia-Romagna,Emilia-Romagna,4459477,2401809,53.86,0.54
2613,2021-02-17,EMR,6538,2764,3774,5754,772,12,ITH,ITH5,8,Emilia-Romagna,Emilia-Romagna,4459477,2408347,54.01,0.15
2614,2021-06-01,EMR,27154,13095,14059,17056,9909,189,ITH,ITH5,8,Emilia-Romagna,Emilia-Romagna,4459477,2435501,54.61,0.61
2615,2021-04-12,EMR,19247,9008,10239,14447,4447,353,ITH,ITH5,8,Emilia-Romagna,Emilia-Romagna,4459477,2454748,55.05,0.43
2616,2021-06-08,EMR,44995,23028,21967,37170,7470,355,ITH,ITH5,8,Emilia-Romagna,Emilia-Romagna,4459477,2499743,56.05,1.01
2617,2021-04-29,EMR,44961,21141,23820,26598,17553,810,ITH,ITH5,8,Emilia-Romagna,Emilia-Romagna,4459477,2544704,57.06,1.01
2618,2021-01-19,EMR,2046,505,1541,2028,17,1,ITH,ITH5,8,Emilia-Romagna,Emilia-Romagna,4459477,2546750,57.11,0.05
2619,2021-07-07,EMR,37830,19109,18721,13921,23652,257,ITH,ITH5,8,Emilia-Romagna,Emilia-Romagna,4459477,2584580,57.96,0.85
2620,2021-03-29,EMR,21425,9614,11811,16535,4650,240,ITH,ITH5,8,Emilia-Romagna,Emilia-Romagna,4459477,2606005,58.44,0.48
2621,2021-02-21,EMR,4450,1708,2742,4000,440,10,ITH,ITH5,8,Emilia-Romagna,Emilia-Romagna,4459477,2610455,58.54,0.1
2622,2021-07-25,EMR,10635,5556,5079,3639,6834,162,ITH,ITH5,8,Emilia-Romagna,Emilia-Romagna,4459477,2621090,58.78,0.24
2623,2021-02-12,EMR,5315,1673,3642,3888,1403,24,ITH,ITH5,8,Emilia-Romagna,Emilia-Romagna,4459477,2626405,58.89,0.12
2624,2021-04-10,EMR,20922,9301,11621,16447,4143,332,ITH,ITH5,8,Emilia-Romagna,Emilia-Romagna,4459477,2647327,59.36,0.47
2625,2021-04-17,EMR,27304,13077,14227,17574,9346,384,ITH,ITH5,8,Emilia-Romagna,Emilia-Romagna,4459477,2674631,59.98,0.61
2626,2021-01-07,EMR,10275,3406,6869,10271,0,4,ITH,ITH5,8,Emilia-Romagna,Emilia-Romagna,4459477,2684906,60.21,0.23
2627,2021-04-03,EMR,19938,8766,11172,15953,3740,245,ITH,ITH5,8,Emilia-Romagna,Emilia-Romagna,4459477,2704844,60.65,0.45
2628,2021-05-30,EMR,27079,12793,14286,12977,13696,406,ITH,ITH5,8,Emilia-Romagna,Emilia-Romagna,4459477,2731923,61.26,0.61
2629,2021-02-19,EMR,7327,3010,4317,6800,514,13,ITH,ITH5,8,Emilia-Romagna,Emilia-Romagna,4459477,2739250,61.43,0.16
2630,2020-12-31,EMR,2215,780,1435,2214,0,1,ITH,ITH5,8,Emilia-Romagna,Emilia-Romagna,4459477,2741465,61.48,0.05
2631,2021-06-06,EMR,36569,18985,17584,31995,4407,167,ITH,ITH5,8,Emilia-Romagna,Emilia-Romagna,4459477,2778034,62.3,0.82
2632,2021-02-26,EMR,9635,3673,5962,8566,1049,20,ITH,ITH5,8,Emilia-Romagna,Emilia-Romagna,4459477,2787669,62.51,0.22
2633,2021-06-13,EMR,28708,14969,13739,24139,4277,292,ITH,ITH5,8,Emilia-Romagna,Emilia-Romagna,4459477,2816377,63.15,0.64
2634,2021-03-05,EMR,17868,5843,12025,14293,3455,120,ITH,ITH5,8,Emilia-Romagna,Emilia-Romagna,4459477,2834245,63.56,0.4
2635,2021-05-06,EMR,35938,16607,19331,22168,13062,708,ITH,ITH5,8,Emilia-Romagna,Emilia-Romagna,4459477,2870183,64.36,0.81
2636,2021-01-26,EMR,8334,3000,5334,211,8122,1,ITH,ITH5,8,Emilia-Romagna,Emilia-Romagna,4459477,2878517,64.55,0.19
2637,2021-07-02,EMR,34696,17064,17632,12679,21685,332,ITH,ITH5,8,Emilia-Romagna,Emilia-Romagna,4459477,2913213,65.33,0.78
2638,2021-03-24,EMR,21222,9402,11820,13620,7383,219,ITH,ITH5,8,Emilia-Romagna,Emilia-Romagna,4459477,2934435,65.8,0.48
2639,2021-01-24,EMR,2444,886,1558,298,2146,0,ITH,ITH5,8,Emilia-Romagna,Emilia-Romagna,4459477,2936879,65.86,0.05
2640,2021-07-23,EMR,38931,21066,17865,19370,18670,891,ITH,ITH5,8,Emilia-Romagna,Emilia-Romagna,4459477,2975810,66.73,0.87
2641,2021-04-14,EMR,27043,12844,14199,20511,6105,427,ITH,ITH5,8,Emilia-Romagna,Emilia-Romagna,4459477,3002853,67.34,0.61
2642,2021-01-21,EMR,2165,729,1436,819,1346,0,ITH,ITH5,8,Emilia-Romagna,Emilia-Romagna,4459477,3005018,67.38,0.05
2643,2021-07-21,EMR,42018,22391,19627,10635,30938,445,ITH,ITH5,8,Emilia-Romagna,Emilia-Romagna,4459477,3047036,68.33,0.94
2644,2021-04-19,EMR,20902,9796,11106,14336,6273,293,ITH,ITH5,8,Emilia-Romagna,Emilia-Romagna,4459477,3067938,68.8,0.47
2645,2021-01-09,EMR,9988,3452,6536,9984,0,4,ITH,ITH5,8,Emilia-Romagna,Emilia-Romagna,4459477,3077926,69.02,0.22
2646,2021-06-15,EMR,43680,22513,21167,28141,15038,501,ITH,ITH5,8,Emilia-Romagna,Emilia-Romagna,4459477,3121606,70.0,0.98
2647,2021-03-07,EMR,7840,2959,4881,6288,1520,32,ITH,ITH5,8,Emilia-Romagna,Emilia-Romagna,4459477,3129446,70.18,0.18
2648,2021-05-03,EMR,28717,13567,15150,17380,10880,457,ITH,ITH5,8,Emilia-Romagna,Emilia-Romagna,4459477,3158163,70.82,0.64
2649,2021-02-28,EMR,6819,2527,4292,4954,1846,19,ITH,ITH5,8,Emilia-Romagna,Emilia-Romagna,4459477,3164982,70.97,0.15
2650,2021-04-28,EMR,33728,15595,18133,20258,12891,579,ITH,ITH5,8,Emilia-Romagna,Emilia-Romagna,4459477,3198710,71.73,0.76
2651,2021-06-24,EMR,40324,20178,20146,20413,19549,362,ITH,ITH5,8,Emilia-Romagna,Emilia-Romagna,4459477,3239034,72.63,0.9
2652,2021-01-08,EMR,10868,3580,7288,10865,0,3,ITH,ITH5,8,Emilia-Romagna,Emilia-Romagna,4459477,3249902,72.88,0.24
2653,2021-03-06,EMR,20911,5941,14970,18050,2738,123,ITH,ITH5,8,Emilia-Romagna,Emilia-Romagna,4459477,3270813,73.35,0.47
2654,2021-05-20,EMR,40307,18323,21984,18402,21406,499,ITH,ITH5,8,Emilia-Romagna,Emilia-Romagna,4459477,3311120,74.25,0.9
2655,2021-06-25,EMR,42507,21522,20985,19802,22284,421,ITH,ITH5,8,Emilia-Romagna,Emilia-Romagna,4459477,3353627,75.2,0.95
2656,2021-03-17,EMR,13723,5692,8031,5814,7851,58,ITH,ITH5,8,Emilia-Romagna,Emilia-Romagna,4459477,3367350,75.51,0.31
2657,2021-05-13,EMR,35825,16508,19317,27269,7833,723,ITH,ITH5,8,Emilia-Romagna,Emilia-Romagna,4459477,3403175,76.31,0.8
2658,2021-03-15,EMR,13449,6249,7200,6849,6500,100,ITH,ITH5,8,Emilia-Romagna,Emilia-Romagna,4459477,3416624,76.61,0.3
2659,2021-01-02,EMR,2379,917,1462,2379,0,0,ITH,ITH5,8,Emilia-Romagna,Emilia-Romagna,4459477,3419003,76.67,0.05
2660,2021-06-05,EMR,44260,22363,21897,36974,6905,381,ITH,ITH5,8,Emilia-Romagna,Emilia-Romagna,4459477,3463263,77.66,0.99
2661,2021-06-22,EMR,36391,18123,18268,16531,19600,260,ITH,ITH5,8,Emilia-Romagna,Emilia-Romagna,4459477,3499654,78.48,0.82
2662,2021-07-09,EMR,44748,22854,21894,5534,38923,291,ITH,ITH5,8,Emilia-Romagna,Emilia-Romagna,4459477,3544402,79.48,1.0
2663,2021-01-17,EMR,2890,887,2003,2643,246,1,ITH,ITH5,8,Emilia-Romagna,Emilia-Romagna,4459477,3547292,79.55,0.06
2664,2021-04-02,EMR,23395,10553,12842,18561,4481,353,ITH,ITH5,8,Emilia-Romagna,Emilia-Romagna,4459477,3570687,80.07,0.52
2665,2021-05-29,EMR,37862,16502,21360,16650,20695,517,ITH,ITH5,8,Emilia-Romagna,Emilia-Romagna,4459477,3608549,80.92,0.85
2666,2021-03-22,EMR,17646,7813,9833,10616,6862,168,ITH,ITH5,8,Emilia-Romagna,Emilia-Romagna,4459477,3626195,81.31,0.4
2667,2021-03-03,EMR,15864,5253,10611,13327,2485,52,ITH,ITH5,8,Emilia-Romagna,Emilia-Romagna,4459477,3642059,81.67,0.36
2668,2021-05-25,EMR,25157,11212,13945,11297,13436,424,ITH,ITH5,8,Emilia-Romagna,Emilia-Romagna,4459477,3667216,82.23,0.56
2669,2021-02-14,EMR,1403,378,1025,1275,120,8,ITH,ITH5,8,Emilia-Romagna,Emilia-Romagna,4459477,3668619,82.27,0.03
2670,2021-06-17,EMR,46421,23464,22957,21892,24189,340,ITH,ITH5,8,Emilia-Romagna,Emilia-Romagna,4459477,3715040,83.31,1.04
2671,2021-04-26,EMR,27908,12938,14970,18036,9323,549,ITH,ITH5,8,Emilia-Romagna,Emilia-Romagna,4459477,3742948,83.93,0.63
2672,2021-01-16,EMR,5628,1718,3910,5627,0,1,ITH,ITH5,8,Emilia-Romagna,Emilia-Romagna,4459477,3748576,84.06,0.13
2673,2021-03-14,EMR,8802,3839,4963,4941,3798,63,ITH,ITH5,8,Emilia-Romagna,Emilia-Romagna,4459477,3757378,84.26,0.2
2674,2021-02-09,EMR,4154,1249,2905,2306,1847,1,ITH,ITH5,8,Emilia-Romagna,Emilia-Romagna,4459477,3761532,84.35,0.09
2675,2021-05-15,EMR,33270,14990,18280,22201,10424,645,ITH,ITH5,8,Emilia-Romagna,Emilia-Romagna,4459477,3794802,85.1,0.75
2676,2021-02-04,EMR,9920,3201,6719,1229,8690,1,ITH,ITH5,8,Emilia-Romagna,Emilia-Romagna,4459477,3804722,85.32,0.22
2677,2021-05-22,EMR,33070,14139,18931,16458,16153,459,ITH,ITH5,8,Emilia-Romagna,Emilia-Romagna,4459477,3837792,86.06,0.74
2678,2021-07-18,EMR,34403,17832,16571,8479,25694,230,ITH,ITH5,8,Emilia-Romagna,Emilia-Romagna,4459477,3872195,86.83,0.77
2679,2021-04-09,EMR,25731,11668,14063,19532,5700,499,ITH,ITH5,8,Emilia-Romagna,Emilia-Romagna,4459477,3897926,87.41,0.58
2680,2021-02-02,EMR,9474,3048,6426,515,8959,0,ITH,ITH5,8,Emilia-Romagna,Emilia-Romagna,4459477,3907400,87.62,0.21
2681,2021-07-06,EMR,36736,18463,18273,13287,23151,298,ITH,ITH5,8,Emilia-Romagna,Emilia-Romagna,4459477,3944136,88.44,0.82
2682,2021-05-17,EMR,32430,15403,17027,22367,9522,541,ITH,ITH5,8,Emilia-Romagna,Emilia-Romagna,4459477,3976566,89.17,0.73
2683,2021-06-03,EMR,37904,18434,19470,30102,7542,260,ITH,ITH5,8,Emilia-Romagna,Emilia-Romagna,4459477,4014470,90.02,0.85
2684,2021-02-23,EMR,8216,3219,4997,7819,386,11,ITH,ITH5,8,Emilia-Romagna,Emilia-Romagna,4459477,4022686,90.21,0.18
2685,2021-03-12,EMR,18306,7701,10605,11303,6718,285,ITH,ITH5,8,Emilia-Romagna,Emilia-Romagna,4459477,4040992,90.62,0.41
2686,2021-07-11,EMR,30305,15195,15110,2894,27280,131,ITH,ITH5,8,Emilia-Romagna,Emilia-Romagna,4459477,4071297,91.3,0.68
2687,2021-05-27,EMR,42261,18746,23515,13624,28205,432,ITH,ITH5,8,Emilia-Romagna,Emilia-Romagna,4459477,4113558,92.24,0.95
2688,2021-02-16,EMR,5772,2446,3326,5227,531,14,ITH,ITH5,8,Emilia-Romagna,Emilia-Romagna,4459477,4119330,92.37,0.13
2689,2021-03-31,EMR,25267,11045,14222,19494,5453,320,ITH,ITH5,8,Emilia-Romagna,Emilia-Romagna,4459477,4144597,92.94,0.57
2690,2021-07-13,EMR,48296,24736,23560,6779,41154,363,ITH,ITH5,8,Emilia-Romagna,Emilia-Romagna,4459477,4192893,94.02,1.08
2691,2021-07-04,EMR,24241,12051,12190,10433,13595,213,ITH,ITH5,8,Emilia-Romagna,Emilia-Romagna,4459477,4217134,94.57,0.54
2692,2021-03-26,EMR,23705,10111,13594,16998,6437,270,ITH,ITH5,8,Emilia-Romagna,Emilia-Romagna,4459477,4240839,95.1,0.53
2693,2021-05-10,EMR,33861,16140,17721,26035,7256,570,ITH,ITH5,8,Emilia-Romagna,Emilia-Romagna,4459477,4274700,95.86,0.76
2694,2021-04-21,EMR,23962,10965,12997,13855,9746,361,ITH,ITH5,8,Emilia-Romagna,Emilia-Romagna,4459477,4298662,96.39,0.54
2695,2021-05-08,EMR,32349,15097,17252,20384,11423,542,ITH,ITH5,8,Emilia-Romagna,Emilia-Romagna,4459477,4331011,97.12,0.73
2696,2021-01-28,EMR,10255,3339,6916,348,9907,0,ITH,ITH5,8,Emilia-Romagna,Emilia-Romagna,4459477,4341266,97.35,0.23
2697,2021-05-28,EMR,41218,18943,22275,17270,23357,591,ITH,ITH5,8,Emilia-Romagna,Emilia-Romagna,4459477,4382484,98.27,0.92
2698,2021-04-22,EMR,29054,13453,15601,14615,14077,362,ITH,ITH5,8,Emilia-Romagna,Emilia-Romagna,4459477,4411538,98.93,0.65
2699,2021-01-12,EMR,9476,3124,6352,9466,0,10,ITH,ITH5,8,Emilia-Romagna,Emilia-Romagna,4459477,4421014,99.14,0.21
2700,2021-07-16,EMR,49657,26209,23448,7294,41952,411,ITH,ITH5,8,Emilia-Romagna,Emilia-Romagna,4459477,4470671,100.25,1.11
2701,2021-06-27,EMR,29543,14860,14683,16528,12722,293,ITH,ITH5,8,Emilia-Romagna,Emilia-Romagna,4459477,4500214,100.91,0.66
2702,2021-07-14,EMR,47820,24454,23366,5759,41705,356,ITH,ITH5,8,Emilia-Romagna,Emilia-Romagna,4459477,4548034,101.99,1.07
2703,2021-04-05,EMR,14847,6802,8045,11779,2892,176,ITH,ITH5,8,Emilia-Romagna,Emilia-Romagna,4459477,4562881,102.32,0.33
2704,2021-04-24,EMR,28635,13243,15392,14059,14230,346,ITH,ITH5,8,Emilia-Romagna,Emilia-Romagna,4459477,4591516,102.96,0.64
2705,2021-05-11,EMR,35790,16796,18994,27794,7257,739,ITH,ITH5,8,Emilia-Romagna,Emilia-Romagna,4459477,4627306,103.76,0.8
2706,2021-01-31,EMR,7697,2763,4934,240,7457,0,ITH,ITH5,8,Emilia-Romagna,Emilia-Romagna,4459477,4635003,103.94,0.17
2707,2021-06-29,EMR,37622,18554,19068,18529,18771,322,ITH,ITH5,8,Emilia-Romagna,Emilia-Romagna,4459477,4672625,104.78,0.84
2708,2021-03-21,EMR,11956,5296,6660,7261,4605,90,ITH,ITH5,8,Emilia-Romagna,Emilia-Romagna,4459477,4684581,105.05,0.27
2709,2021-06-10,EMR,44966,23093,21873,39118,5358,490,ITH,ITH5,8,Emilia-Romagna,Emilia-Romagna,4459477,4729547,106.06,1.01
2710,2021-03-02,EMR,12659,4272,8387,10526,2077,56,ITH,ITH5,8,Emilia-Romagna,Emilia-Romagna,4459477,4742206,106.34,0.28
2711,2021-03-19,EMR,15925,6972,8953,7799,7969,157,ITH,ITH5,8,Emilia-Romagna,Emilia-Romagna,4459477,4758131,106.7,0.36
2712,2021-04-07,EMR,26118,11891,14227,19790,6013,315,ITH,ITH5,8,Emilia-Romagna,Emilia-Romagna,4459477,4784249,107.28,0.59
2713,2021-01-14,EMR,8129,2593,5536,8119,0,10,ITH,ITH5,8,Emilia-Romagna,Emilia-Romagna,4459477,4792378,107.47,0.18
2714,2021-01-21,MAR,919,261,658,574,328,17,ITI,ITI3,11,Marche,Marche,1525271,919,0.06,0.06
2715,2021-05-01,MAR,9318,3924,5394,3500,5742,76,ITI,ITI3,11,Marche,Marche,1525271,10237,0.67,0.61
2716,2021-03-05,MAR,6225,2873,3352,4694,1468,63,ITI,ITI3,11,Marche,Marche,1525271,16462,1.08,0.41
2717,2021-01-07,MAR,1811,637,1174,1795,0,16,ITI,ITI3,11,Marche,Marche,1525271,18273,1.2,0.12
2718,2021-01-26,MAR,2021,747,1274,80,1932,9,ITI,ITI3,11,Marche,Marche,1525271,20294,1.33,0.13
2719,2021-07-11,MAR,10398,5220,5178,1606,8656,136,ITI,ITI3,11,Marche,Marche,1525271,30692,2.01,0.68
2720,2021-04-19,MAR,9603,4498,5105,7902,1581,120,ITI,ITI3,11,Marche,Marche,1525271,40295,2.64,0.63
2721,2021-03-24,MAR,7081,3009,4072,3297,3716,68,ITI,ITI3,11,Marche,Marche,1525271,47376,3.11,0.46
2722,2021-06-01,MAR,12057,6158,5899,9683,2090,284,ITI,ITI3,11,Marche,Marche,1525271,59433,3.9,0.79
2723,2021-03-10,MAR,5710,2440,3270,4480,1178,52,ITI,ITI3,11,Marche,Marche,1525271,65143,4.27,0.37
2724,2021-02-21,MAR,376,141,235,363,1,12,ITI,ITI3,11,Marche,Marche,1525271,65519,4.3,0.02
2725,2021-06-15,MAR,13192,6567,6625,9823,3052,317,ITI,ITI3,11,Marche,Marche,1525271,78711,5.16,0.86
2726,2021-01-12,MAR,1231,417,814,1218,0,13,ITI,ITI3,11,Marche,Marche,1525271,79942,5.24,0.08
2727,2021-06-22,MAR,13219,6482,6737,6474,6462,283,ITI,ITI3,11,Marche,Marche,1525271,93161,6.11,0.87
2728,2021-04-26,MAR,9170,4062,5108,6023,3022,125,ITI,ITI3,11,Marche,Marche,1525271,102331,6.71,0.6
2729,2021-05-15,MAR,14113,6437,7676,7831,6037,245,ITI,ITI3,11,Marche,Marche,1525271,116444,7.63,0.93
2730,2021-02-19,MAR,2002,739,1263,1826,135,41,ITI,ITI3,11,Marche,Marche,1525271,118446,7.77,0.13
2731,2021-04-05,MAR,5702,2367,3335,4357,1269,76,ITI,ITI3,11,Marche,Marche,1525271,124148,8.14,0.37
2732,2021-06-27,MAR,9950,4820,5130,4487,5292,171,ITI,ITI3,11,Marche,Marche,1525271,134098,8.79,0.65
2733,2021-03-19,MAR,3881,1621,2260,325,3544,12,ITI,ITI3,11,Marche,Marche,1525271,137979,9.05,0.25
2734,2021-03-17,MAR,3476,1525,1951,105,3369,2,ITI,ITI3,11,Marche,Marche,1525271,141455,9.27,0.23
2735,2021-05-27,MAR,13732,6817,6915,9180,4301,251,ITI,ITI3,11,Marche,Marche,1525271,155187,10.17,0.9
2736,2021-03-31,MAR,7374,3086,4288,4268,3023,83,ITI,ITI3,11,Marche,Marche,1525271,162561,10.66,0.48
2737,2021-07-09,MAR,14894,7497,7397,2556,12124,214,ITI,ITI3,11,Marche,Marche,1525271,177455,11.63,0.98
2738,2021-05-20,MAR,12681,5960,6721,7534,4896,251,ITI,ITI3,11,Marche,Marche,1525271,190136,12.47,0.83
2739,2021-02-07,MAR,1871,735,1136,332,1527,12,ITI,ITI3,11,Marche,Marche,1525271,192007,12.59,0.12
2740,2021-07-23,MAR,15541,8279,7262,2530,12787,224,ITI,ITI3,11,Marche,Marche,1525271,207548,13.61,1.02
2741,2021-03-12,MAR,4682,2000,2682,3348,1280,54,ITI,ITI3,11,Marche,Marche,1525271,212230,13.91,0.31
2742,2021-01-14,MAR,2013,694,1319,1989,0,24,ITI,ITI3,11,Marche,Marche,1525271,214243,14.05,0.13
2743,2021-06-20,MAR,11157,5545,5612,5990,4985,182,ITI,ITI3,11,Marche,Marche,1525271,225400,14.78,0.73
2744,2021-04-24,MAR,12166,5363,6803,7559,4464,143,ITI,ITI3,11,Marche,Marche,1525271,237566,15.58,0.8
2745,2021-02-26,MAR,3677,1523,2154,3097,476,104,ITI,ITI3,11,Marche,Marche,1525271,241243,15.82,0.24
2746,2021-02-14,MAR,739,301,438,727,0,12,ITI,ITI3,11,Marche,Marche,1525271,241982,15.86,0.05
2747,2021-05-08,MAR,12277,5479,6798,4858,7250,169,ITI,ITI3,11,Marche,Marche,1525271,254259,16.67,0.8
2748,2021-01-09,MAR,1717,606,1111,1697,0,20,ITI,ITI3,11,Marche,Marche,1525271,255976,16.78,0.11
2749,2021-04-02,MAR,6886,2983,3903,6039,739,108,ITI,ITI3,11,Marche,Marche,1525271,262862,17.23,0.45
2750,2021-01-19,MAR,232,87,145,139,90,3,ITI,ITI3,11,Marche,Marche,1525271,263094,17.25,0.02
2751,2021-02-02,MAR,1193,398,795,71,1122,0,ITI,ITI3,11,Marche,Marche,1525271,264287,17.33,0.08
2752,2021-05-13,MAR,12605,5695,6910,6827,5501,277,ITI,ITI3,11,Marche,Marche,1525271,276892,18.15,0.83
2753,2021-04-12,MAR,8565,3771,4794,7936,482,147,ITI,ITI3,11,Marche,Marche,1525271,285457,18.72,0.56
2754,2021-01-02,MAR,456,141,315,454,0,2,ITI,ITI3,11,Marche,Marche,1525271,285913,18.75,0.03
2755,2021-03-07,MAR,5180,2107,3073,4379,754,47,ITI,ITI3,11,Marche,Marche,1525271,291093,19.08,0.34
2756,2021-07-04,MAR,10895,5445,5450,3203,7530,162,ITI,ITI3,11,Marche,Marche,1525271,301988,19.8,0.71
2757,2020-12-31,MAR,392,184,208,390,0,2,ITI,ITI3,11,Marche,Marche,1525271,302380,19.82,0.03
2758,2021-02-04,MAR,2386,843,1543,107,2274,5,ITI,ITI3,11,Marche,Marche,1525271,304766,19.98,0.16
2759,2021-01-23,MAR,557,190,367,119,435,3,ITI,ITI3,11,Marche,Marche,1525271,305323,20.02,0.04
2760,2021-06-29,MAR,13370,6599,6771,4927,8216,227,ITI,ITI3,11,Marche,Marche,1525271,318693,20.89,0.88
2761,2021-05-03,MAR,10408,4690,5718,4864,5410,134,ITI,ITI3,11,Marche,Marche,1525271,329101,21.58,0.68
2762,2021-03-28,MAR,4125,1739,2386,2396,1691,38,ITI,ITI3,11,Marche,Marche,1525271,333226,21.85,0.27
2763,2021-02-28,MAR,2836,1251,1585,2822,6,8,ITI,ITI3,11,Marche,Marche,1525271,336062,22.03,0.19
2764,2021-06-08,MAR,14098,7095,7003,11198,2609,291,ITI,ITI3,11,Marche,Marche,1525271,350160,22.96,0.92
2765,2021-03-02,MAR,5002,1967,3035,4371,566,65,ITI,ITI3,11,Marche,Marche,1525271,355162,23.29,0.33
2766,2021-06-10,MAR,14928,7693,7235,12573,2013,342,ITI,ITI3,11,Marche,Marche,1525271,370090,24.26,0.98
2767,2021-03-29,MAR,5894,2581,3313,3392,2455,47,ITI,ITI3,11,Marche,Marche,1525271,375984,24.65,0.39
2768,2021-06-03,MAR,14633,7481,7152,12076,2252,305,ITI,ITI3,11,Marche,Marche,1525271,390617,25.61,0.96
2769,2021-02-18,MAR,2143,785,1358,1808,286,49,ITI,ITI3,11,Marche,Marche,1525271,392760,25.75,0.14
2770,2021-05-29,MAR,12860,6233,6627,8114,4528,218,ITI,ITI3,11,Marche,Marche,1525271,405620,26.59,0.84
2771,2021-07-18,MAR,12123,6310,5813,1335,10670,118,ITI,ITI3,11,Marche,Marche,1525271,417743,27.39,0.79
2772,2021-01-31,MAR,1919,770,1149,96,1819,4,ITI,ITI3,11,Marche,Marche,1525271,419662,27.51,0.13
2773,2021-04-07,MAR,8179,3616,4563,7716,347,116,ITI,ITI3,11,Marche,Marche,1525271,427841,28.05,0.54
2774,2021-02-09,MAR,124,42,82,46,78,0,ITI,ITI3,11,Marche,Marche,1525271,427965,28.06,0.01
2775,2021-07-16,MAR,15838,8238,7600,1845,13735,258,ITI,ITI3,11,Marche,Marche,1525271,443803,29.1,1.04
2776,2021-06-12,MAR,13776,7313,6463,12106,1339,331,ITI,ITI3,11,Marche,Marche,1525271,457579,30.0,0.9
2777,2021-04-16,MAR,10082,4702,5380,9361,525,196,ITI,ITI3,11,Marche,Marche,1525271,467661,30.66,0.66
2778,2021-07-25,MAR,4970,2591,2379,495,4419,56,ITI,ITI3,11,Marche,Marche,1525271,472631,30.99,0.33
2779,2021-05-12,MAR,10430,4691,5739,4737,5503,190,ITI,ITI3,11,Marche,Marche,1525271,483061,31.67,0.68
2780,2021-07-08,MAR,15038,7539,7499,2790,12023,225,ITI,ITI3,11,Marche,Marche,1525271,498099,32.66,0.99
2781,2021-07-01,MAR,14686,7365,7321,4658,9750,278,ITI,ITI3,11,Marche,Marche,1525271,512785,33.62,0.96
2782,2021-03-16,MAR,3519,1521,1998,285,3228,6,ITI,ITI3,11,Marche,Marche,1525271,516304,33.85,0.23
2783,2021-06-24,MAR,13827,6670,7157,6185,7371,271,ITI,ITI3,11,Marche,Marche,1525271,530131,34.76,0.91
2784,2021-01-11,MAR,1178,413,765,1160,0,18,ITI,ITI3,11,Marche,Marche,1525271,531309,34.83,0.08
2785,2021-04-21,MAR,10786,4969,5817,9439,1194,153,ITI,ITI3,11,Marche,Marche,1525271,542095,35.54,0.71
2786,2021-07-06,MAR,13962,6920,7042,3142,10597,223,ITI,ITI3,11,Marche,Marche,1525271,556057,36.46,0.92
2787,2021-07-20,MAR,14397,7435,6962,1772,12451,174,ITI,ITI3,11,Marche,Marche,1525271,570454,37.4,0.94
2788,2021-01-16,MAR,2036,733,1303,1986,0,50,ITI,ITI3,11,Marche,Marche,1525271,572490,37.53,0.13
2789,2021-06-19,MAR,14693,7403,7290,7749,6679,265,ITI,ITI3,11,Marche,Marche,1525271,587183,38.5,0.96
2790,2021-01-30,MAR,1905,668,1237,25,1880,0,ITI,ITI3,11,Marche,Marche,1525271,589088,38.62,0.12
2791,2021-05-10,MAR,9452,4338,5114,4771,4553,128,ITI,ITI3,11,Marche,Marche,1525271,598540,39.24,0.62
2792,2021-03-14,MAR,2499,1032,1467,1897,592,10,ITI,ITI3,11,Marche,Marche,1525271,601039,39.41,0.16
2793,2021-03-21,MAR,4505,1873,2632,1614,2876,15,ITI,ITI3,11,Marche,Marche,1525271,605544,39.7,0.3
2794,2021-01-18,MAR,696,237,459,536,149,11,ITI,ITI3,11,Marche,Marche,1525271,606240,39.75,0.05
2795,2021-04-28,MAR,10928,4979,5949,6026,4733,169,ITI,ITI3,11,Marche,Marche,1525271,617168,40.46,0.72
2796,2021-03-26,MAR,6389,2626,3763,3478,2855,56,ITI,ITI3,11,Marche,Marche,1525271,623557,40.88,0.42
2797,2021-06-17,MAR,15194,7558,7636,8799,6100,295,ITI,ITI3,11,Marche,Marche,1525271,638751,41.88,1.0
2798,2021-03-09,MAR,5431,2293,3138,4465,881,85,ITI,ITI3,11,Marche,Marche,1525271,644182,42.23,0.36
2799,2021-07-22,MAR,15746,8047,7699,2019,13486,241,ITI,ITI3,11,Marche,Marche,1525271,659928,43.27,1.03
2800,2021-04-13,MAR,9839,4260,5579,9412,233,194,ITI,ITI3,11,Marche,Marche,1525271,669767,43.91,0.65
2801,2021-07-05,MAR,13163,6505,6658,2920,10072,171,ITI,ITI3,11,Marche,Marche,1525271,682930,44.77,0.86
2802,2021-06-16,MAR,13756,6913,6843,9129,4365,262,ITI,ITI3,11,Marche,Marche,1525271,696686,45.68,0.9
2803,2021-06-02,MAR,11901,5939,5962,11030,676,195,ITI,ITI3,11,Marche,Marche,1525271,708587,46.46,0.78
2804,2021-02-16,MAR,1287,475,812,1225,30,32,ITI,ITI3,11,Marche,Marche,1525271,709874,46.54,0.08
2805,2021-02-25,MAR,3560,1464,2096,3320,181,59,ITI,ITI3,11,Marche,Marche,1525271,713434,46.77,0.23
2806,2021-06-05,MAR,13944,7011,6933,11520,2059,365,ITI,ITI3,11,Marche,Marche,1525271,727378,47.69,0.91
2807,2021-04-23,MAR,11306,5218,6088,8091,3055,160,ITI,ITI3,11,Marche,Marche,1525271,738684,48.43,0.74
2808,2021-05-31,MAR,11782,5944,5838,8600,2930,252,ITI,ITI3,11,Marche,Marche,1525271,750466,49.2,0.77
2809,2021-05-17,MAR,12046,5649,6397,7472,4354,220,ITI,ITI3,11,Marche,Marche,1525271,762512,49.99,0.79
2810,2021-04-30,MAR,14151,6200,7951,5404,8560,187,ITI,ITI3,11,Marche,Marche,1525271,776663,50.92,0.93
2811,2021-04-11,MAR,7117,3116,4001,6692,287,138,ITI,ITI3,11,Marche,Marche,1525271,783780,51.39,0.47
2812,2021-03-11,MAR,6635,2824,3811,5149,1411,75,ITI,ITI3,11,Marche,Marche,1525271,790415,51.82,0.44
2813,2021-03-25,MAR,6703,2794,3909,3191,3456,56,ITI,ITI3,11,Marche,Marche,1525271,797118,52.26,0.44
2814,2021-07-03,MAR,13842,6990,6852,4136,9394,312,ITI,ITI3,11,Marche,Marche,1525271,810960,53.17,0.91
2815,2021-02-20,MAR,4163,1733,2430,4042,111,10,ITI,ITI3,11,Marche,Marche,1525271,815123,53.44,0.27
2816,2021-01-20,MAR,406,100,306,384,20,2,ITI,ITI3,11,Marche,Marche,1525271,815529,53.47,0.03
2817,2021-01-04,MAR,1516,573,943,1504,0,12,ITI,ITI3,11,Marche,Marche,1525271,817045,53.57,0.1
2818,2021-04-14,MAR,10214,4563,5651,9660,370,184,ITI,ITI3,11,Marche,Marche,1525271,827259,54.24,0.67
2819,2020-12-30,MAR,17,5,12,17,0,0,ITI,ITI3,11,Marche,Marche,1525271,827276,54.24,0.0
2820,2021-04-09,MAR,9571,4191,5380,9158,200,213,ITI,ITI3,11,Marche,Marche,1525271,836847,54.87,0.63
2821,2021-02-15,MAR,967,412,555,939,13,15,ITI,ITI3,11,Marche,Marche,1525271,837814,54.93,0.06
2822,2021-05-26,MAR,11888,5952,5936,8449,3225,214,ITI,ITI3,11,Marche,Marche,1525271,849702,55.71,0.78
2823,2021-03-30,MAR,7474,3075,4399,4579,2823,72,ITI,ITI3,11,Marche,Marche,1525271,857176,56.2,0.49
2824,2021-02-01,MAR,1362,479,883,94,1265,3,ITI,ITI3,11,Marche,Marche,1525271,858538,56.29,0.09
2825,2021-04-06,MAR,8873,3692,5181,7930,810,133,ITI,ITI3,11,Marche,Marche,1525271,867411,56.87,0.58
2826,2021-03-23,MAR,5838,2556,3282,2227,3576,35,ITI,ITI3,11,Marche,Marche,1525271,873249,57.25,0.38
2827,2021-02-08,MAR,833,258,575,366,462,5,ITI,ITI3,11,Marche,Marche,1525271,874082,57.31,0.05
2828,2021-07-15,MAR,16008,8286,7722,1750,14030,228,ITI,ITI3,11,Marche,Marche,1525271,890090,58.36,1.05
2829,2021-05-19,MAR,11660,5362,6298,8369,3096,195,ITI,ITI3,11,Marche,Marche,1525271,901750,59.12,0.76
2830,2021-02-22,MAR,3461,1532,1929,3352,75,34,ITI,ITI3,11,Marche,Marche,1525271,905211,59.35,0.23
2831,2021-03-27,MAR,7416,3092,4324,4951,2393,72,ITI,ITI3,11,Marche,Marche,1525271,912627,59.83,0.49
2832,2021-04-10,MAR,10928,4625,6303,10380,313,235,ITI,ITI3,11,Marche,Marche,1525271,923555,60.55,0.72
2833,2021-01-03,MAR,910,357,553,900,0,10,ITI,ITI3,11,Marche,Marche,1525271,924465,60.61,0.06
2834,2021-07-19,MAR,14677,7531,7146,1928,12535,214,ITI,ITI3,11,Marche,Marche,1525271,939142,61.57,0.96
2835,2021-02-06,MAR,2463,902,1561,513,1941,9,ITI,ITI3,11,Marche,Marche,1525271,941605,61.73,0.16
2836,2021-07-17,MAR,15135,7792,7343,1384,13540,211,ITI,ITI3,11,Marche,Marche,1525271,956740,62.73,0.99
2837,2021-05-21,MAR,13901,6590,7311,7226,6464,211,ITI,ITI3,11,Marche,Marche,1525271,970641,63.64,0.91
2838,2021-05-28,MAR,13958,6737,7221,8802,4857,299,ITI,ITI3,11,Marche,Marche,1525271,984599,64.55,0.92
2839,2021-04-01,MAR,7576,3182,4394,4068,3416,92,ITI,ITI3,11,Marche,Marche,1525271,992175,65.05,0.5
2840,2021-07-24,MAR,13275,7119,6156,2946,10072,257,ITI,ITI3,11,Marche,Marche,1525271,1005450,65.92,0.87
2841,2021-07-10,MAR,14160,7233,6927,1658,12300,202,ITI,ITI3,11,Marche,Marche,1525271,1019610,66.85,0.93
2842,2021-04-22,MAR,10797,4930,5867,9083,1578,136,ITI,ITI3,11,Marche,Marche,1525271,1030407,67.56,0.71
2843,2021-02-24,MAR,3534,1547,1987,3424,78,32,ITI,ITI3,11,Marche,Marche,1525271,1033941,67.79,0.23
2844,2021-01-28,MAR,2085,725,1360,163,1921,1,ITI,ITI3,11,Marche,Marche,1525271,1036026,67.92,0.14
2845,2021-04-04,MAR,3835,1797,2038,2617,1169,49,ITI,ITI3,11,Marche,Marche,1525271,1039861,68.18,0.25
2846,2021-07-13,MAR,14853,7279,7574,1457,13266,130,ITI,ITI3,11,Marche,Marche,1525271,1054714,69.15,0.97
2847,2021-06-09,MAR,14281,7418,6863,12110,1869,302,ITI,ITI3,11,Marche,Marche,1525271,1068995,70.09,0.94
2848,2021-06-07,MAR,13320,6588,6732,10567,2450,303,ITI,ITI3,11,Marche,Marche,1525271,1082315,70.96,0.87
2849,2021-02-27,MAR,3401,1457,1944,3158,209,34,ITI,ITI3,11,Marche,Marche,1525271,1085716,71.18,0.22
2850,2021-02-23,MAR,3314,1432,1882,3243,56,15,ITI,ITI3,11,Marche,Marche,1525271,1089030,71.4,0.22
2851,2021-01-15,MAR,1771,500,1271,1754,0,17,ITI,ITI3,11,Marche,Marche,1525271,1090801,71.52,0.12
2852,2021-04-25,MAR,8600,3994,4606,6897,1575,128,ITI,ITI3,11,Marche,Marche,1525271,1099401,72.08,0.56
2853,2021-02-03,MAR,2125,742,1383,98,2006,21,ITI,ITI3,11,Marche,Marche,1525271,1101526,72.22,0.14
2854,2021-05-14,MAR,13633,6292,7341,6509,6912,212,ITI,ITI3,11,Marche,Marche,1525271,1115159,73.11,0.89
2855,2021-07-02,MAR,14544,7173,7371,4673,9641,230,ITI,ITI3,11,Marche,Marche,1525271,1129703,74.07,0.95
2856,2021-06-18,MAR,15348,7648,7700,8298,6751,299,ITI,ITI3,11,Marche,Marche,1525271,1145051,75.07,1.01
2857,2021-04-17,MAR,11704,5316,6388,10400,1073,231,ITI,ITI3,11,Marche,Marche,1525271,1156755,75.84,0.77
2858,2021-06-13,MAR,10748,5564,5184,9204,1295,249,ITI,ITI3,11,Marche,Marche,1525271,1167503,76.54,0.7
2859,2020-12-27,MAR,206,100,106,204,0,2,ITI,ITI3,11,Marche,Marche,1525271,1167709,76.56,0.01
2860,2021-06-04,MAR,14336,7289,7047,11588,2439,309,ITI,ITI3,11,Marche,Marche,1525271,1182045,77.5,0.94
2861,2021-04-08,MAR,8697,3808,4889,8218,347,132,ITI,ITI3,11,Marche,Marche,1525271,1190742,78.07,0.57
2862,2021-03-03,MAR,6699,3076,3623,5718,884,97,ITI,ITI3,11,Marche,Marche,1525271,1197441,78.51,0.44
2863,2021-01-05,MAR,1578,591,987,1559,0,19,ITI,ITI3,11,Marche,Marche,1525271,1199019,78.61,0.1
2864,2021-01-06,MAR,2205,801,1404,2186,0,19,ITI,ITI3,11,Marche,Marche,1525271,1201224,78.75,0.14
2865,2021-03-04,MAR,6537,2893,3644,5084,1393,60,ITI,ITI3,11,Marche,Marche,1525271,1207761,79.18,0.43
2866,2021-03-13,MAR,5804,2680,3124,1765,3999,40,ITI,ITI3,11,Marche,Marche,1525271,1213565,79.56,0.38
2867,2021-06-21,MAR,12604,6183,6421,5482,6877,245,ITI,ITI3,11,Marche,Marche,1525271,1226169,80.39,0.83
2868,2021-05-09,MAR,8863,4020,4843,3559,5227,77,ITI,ITI3,11,Marche,Marche,1525271,1235032,80.97,0.58
2869,2021-03-06,MAR,5737,2641,3096,4423,1267,47,ITI,ITI3,11,Marche,Marche,1525271,1240769,81.35,0.38
2870,2021-06-14,MAR,12836,6485,6351,9258,3308,270,ITI,ITI3,11,Marche,Marche,1525271,1253605,82.19,0.84
2871,2021-03-08,MAR,6297,2759,3538,5186,1002,109,ITI,ITI3,11,Marche,Marche,1525271,1259902,82.6,0.41
2872,2021-02-05,MAR,2155,654,1501,438,1716,1,ITI,ITI3,11,Marche,Marche,1525271,1262057,82.74,0.14
2873,2021-05-16,MAR,10898,4957,5941,6551,4228,119,ITI,ITI3,11,Marche,Marche,1525271,1272955,83.46,0.71
2874,2021-05-30,MAR,9732,4690,5042,6546,2989,197,ITI,ITI3,11,Marche,Marche,1525271,1282687,84.1,0.64
2875,2021-01-13,MAR,2108,746,1362,2067,0,41,ITI,ITI3,11,Marche,Marche,1525271,1284795,84.23,0.14
2876,2021-05-02,MAR,8901,3938,4963,3082,5739,80,ITI,ITI3,11,Marche,Marche,1525271,1293696,84.82,0.58
2877,2021-06-28,MAR,12353,6023,6330,4610,7506,237,ITI,ITI3,11,Marche,Marche,1525271,1306049,85.63,0.81
2878,2021-03-18,MAR,3438,1505,1933,150,3276,12,ITI,ITI3,11,Marche,Marche,1525271,1309487,85.85,0.23
2879,2021-06-26,MAR,13575,6905,6670,5689,7669,217,ITI,ITI3,11,Marche,Marche,1525271,1323062,86.74,0.89
2880,2021-05-23,MAR,9209,4283,4926,7413,1672,124,ITI,ITI3,11,Marche,Marche,1525271,1332271,87.35,0.6
2881,2021-05-06,MAR,12655,5822,6833,5363,7071,221,ITI,ITI3,11,Marche,Marche,1525271,1344926,88.18,0.83
2882,2021-04-15,MAR,10376,4675,5701,9578,564,234,ITI,ITI3,11,Marche,Marche,1525271,1355302,88.86,0.68
2883,2021-02-17,MAR,1828,701,1127,1642,118,68,ITI,ITI3,11,Marche,Marche,1525271,1357130,88.98,0.12
2884,2021-06-06,MAR,12452,6137,6315,10639,1577,236,ITI,ITI3,11,Marche,Marche,1525271,1369582,89.79,0.82
2885,2021-01-29,MAR,1993,731,1262,159,1829,5,ITI,ITI3,11,Marche,Marche,1525271,1371575,89.92,0.13
2886,2021-05-18,MAR,11268,5347,5921,7489,3601,178,ITI,ITI3,11,Marche,Marche,1525271,1382843,90.66,0.74
2887,2021-04-27,MAR,9591,4389,5202,5511,3987,93,ITI,ITI3,11,Marche,Marche,1525271,1392434,91.29,0.63
2888,2021-01-17,MAR,1620,695,925,1552,62,6,ITI,ITI3,11,Marche,Marche,1525271,1394054,91.4,0.11
2889,2021-07-21,MAR,14918,7615,7303,2066,12639,213,ITI,ITI3,11,Marche,Marche,1525271,1408972,92.38,0.98
2890,2021-04-29,MAR,13440,6153,7287,7165,6098,177,ITI,ITI3,11,Marche,Marche,1525271,1422412,93.26,0.88
2891,2021-03-22,MAR,5700,2409,3291,2482,3175,43,ITI,ITI3,11,Marche,Marche,1525271,1428112,93.63,0.37
2892,2021-01-24,MAR,881,339,542,4,877,0,ITI,ITI3,11,Marche,Marche,1525271,1428993,93.69,0.06
2893,2021-06-30,MAR,13648,6663,6985,4452,8985,211,ITI,ITI3,11,Marche,Marche,1525271,1442641,94.58,0.89
2894,2021-05-04,MAR,10974,4839,6135,4929,5903,142,ITI,ITI3,11,Marche,Marche,1525271,1453615,95.3,0.72
2895,2021-02-12,MAR,1582,618,964,1404,152,26,ITI,ITI3,11,Marche,Marche,1525271,1455197,95.41,0.1
2896,2021-02-10,MAR,1439,452,987,1038,359,42,ITI,ITI3,11,Marche,Marche,1525271,1456636,95.5,0.09
2897,2021-06-11,MAR,13991,7151,6840,11366,2321,304,ITI,ITI3,11,Marche,Marche,1525271,1470627,96.42,0.92
2898,2021-05-11,MAR,10623,4832,5791,5490,4943,190,ITI,ITI3,11,Marche,Marche,1525271,1481250,97.11,0.7
2899,2021-03-15,MAR,4449,2059,2390,1291,3137,21,ITI,ITI3,11,Marche,Marche,1525271,1485699,97.41,0.29
2900,2021-06-23,MAR,13894,6817,7077,6627,7012,255,ITI,ITI3,11,Marche,Marche,1525271,1499593,98.32,0.91
2901,2021-03-20,MAR,4178,1759,2419,1035,3129,14,ITI,ITI3,11,Marche,Marche,1525271,1503771,98.59,0.27
2902,2021-01-22,MAR,489,168,321,193,294,2,ITI,ITI3,11,Marche,Marche,1525271,1504260,98.62,0.03
2903,2021-07-07,MAR,14255,7067,7188,2937,11077,241,ITI,ITI3,11,Marche,Marche,1525271,1518515,99.56,0.93
2904,2021-05-25,MAR,11767,5798,5969,8497,3050,220,ITI,ITI3,11,Marche,Marche,1525271,1530282,100.33,0.77
2905,2021-03-01,MAR,3772,1520,2252,3503,248,21,ITI,ITI3,11,Marche,Marche,1525271,1534054,100.58,0.25
2906,2021-05-24,MAR,10996,5192,5804,7956,2863,177,ITI,ITI3,11,Marche,Marche,1525271,1545050,101.3,0.72
2907,2021-05-22,MAR,11937,5719,6218,7318,4448,171,ITI,ITI3,11,Marche,Marche,1525271,1556987,102.08,0.78
2908,2021-02-11,MAR,1987,657,1330,1557,389,41,ITI,ITI3,11,Marche,Marche,1525271,1558974,102.21,0.13
2909,2021-05-05,MAR,11691,5320,6371,5105,6429,157,ITI,ITI3,11,Marche,Marche,1525271,1570665,102.98,0.77
2910,2021-05-07,MAR,12831,5799,7032,3574,9179,78,ITI,ITI3,11,Marche,Marche,1525271,1583496,103.82,0.84
2911,2021-02-13,MAR,1092,461,631,987,82,23,ITI,ITI3,11,Marche,Marche,1525271,1584588,103.89,0.07
2912,2021-01-27,MAR,2119,780,1339,116,2001,2,ITI,ITI3,11,Marche,Marche,1525271,1586707,104.03,0.14
2913,2021-04-20,MAR,10753,5028,5725,9154,1470,129,ITI,ITI3,11,Marche,Marche,1525271,1597460,104.73,0.7
2914,2021-01-25,MAR,1596,558,1038,93,1503,0,ITI,ITI3,11,Marche,Marche,1525271,1599056,104.84,0.1
2915,2021-01-08,MAR,1582,592,990,1567,0,15,ITI,ITI3,11,Marche,Marche,1525271,1600638,104.94,0.1
2916,2021-04-18,MAR,8824,4131,4693,7735,921,168,ITI,ITI3,11,Marche,Marche,1525271,1609462,105.52,0.58
2917,2021-07-14,MAR,13849,6819,7030,1784,11874,191,ITI,ITI3,11,Marche,Marche,1525271,1623311,106.43,0.91
2918,2021-01-10,MAR,1746,702,1044,1732,0,14,ITI,ITI3,11,Marche,Marche,1525271,1625057,106.54,0.11
2919,2021-07-12,MAR,13722,6804,6918,1228,12376,118,ITI,ITI3,11,Marche,Marche,1525271,1638779,107.44,0.9
2920,2021-04-03,MAR,7574,3205,4369,6738,667,169,ITI,ITI3,11,Marche,Marche,1525271,1646353,107.94,0.5
2921,2021-06-25,MAR,14343,7171,7172,6422,7634,287,ITI,ITI3,11,Marche,Marche,1525271,1660696,108.88,0.94
2922,2021-05-30,BAS,2778,1421,1357,920,1853,5,ITF,ITF5,17,Basilicata,Basilicata,559084,2778,0.5,0.5
2923,2021-04-03,BAS,1810,751,1059,1461,337,12,ITF,ITF5,17,Basilicata,Basilicata,559084,4588,0.82,0.32
2924,2021-02-05,BAS,992,446,546,63,928,1,ITF,ITF5,17,Basilicata,Basilicata,559084,5580,1.0,0.18
2925,2021-07-12,BAS,5442,2593,2849,1606,3810,26,ITF,ITF5,17,Basilicata,Basilicata,559084,11022,1.97,0.97
2926,2021-01-22,BAS,67,24,43,67,0,0,ITF,ITF5,17,Basilicata,Basilicata,559084,11089,1.98,0.01
2927,2021-07-24,BAS,5723,2928,2795,1757,3917,49,ITF,ITF5,17,Basilicata,Basilicata,559084,16812,3.01,1.02
2928,2021-05-02,BAS,4180,2001,2179,3491,629,60,ITF,ITF5,17,Basilicata,Basilicata,559084,20992,3.75,0.75
2929,2021-04-15,BAS,3386,1659,1727,2589,754,43,ITF,ITF5,17,Basilicata,Basilicata,559084,24378,4.36,0.61
2930,2021-04-08,BAS,767,352,415,742,10,15,ITF,ITF5,17,Basilicata,Basilicata,559084,25145,4.5,0.14
2931,2021-04-22,BAS,5045,2350,2695,3380,1610,55,ITF,ITF5,17,Basilicata,Basilicata,559084,30190,5.4,0.9
2932,2021-07-17,BAS,5854,2913,2941,1708,4107,39,ITF,ITF5,17,Basilicata,Basilicata,559084,36044,6.45,1.05
2933,2021-06-30,BAS,3452,1668,1784,2315,1111,26,ITF,ITF5,17,Basilicata,Basilicata,559084,39496,7.06,0.62
2934,2021-02-17,BAS,1135,493,642,1057,76,2,ITF,ITF5,17,Basilicata,Basilicata,559084,40631,7.27,0.2
2935,2021-03-25,BAS,1883,603,1280,1518,344,21,ITF,ITF5,17,Basilicata,Basilicata,559084,42514,7.6,0.34
2936,2021-01-27,BAS,414,175,239,113,301,0,ITF,ITF5,17,Basilicata,Basilicata,559084,42928,7.68,0.07
2937,2021-02-10,BAS,550,239,311,495,53,2,ITF,ITF5,17,Basilicata,Basilicata,559084,43478,7.78,0.1
2938,2021-05-21,BAS,4578,2322,2256,1480,3086,12,ITF,ITF5,17,Basilicata,Basilicata,559084,48056,8.6,0.82
2939,2021-04-01,BAS,2721,1115,1606,1970,723,28,ITF,ITF5,17,Basilicata,Basilicata,559084,50777,9.08,0.49
2940,2021-02-03,BAS,671,302,369,32,639,0,ITF,ITF5,17,Basilicata,Basilicata,559084,51448,9.2,0.12
2941,2021-01-15,BAS,818,353,465,818,0,0,ITF,ITF5,17,Basilicata,Basilicata,559084,52266,9.35,0.15
2942,2020-12-27,BAS,106,41,65,106,0,0,ITF,ITF5,17,Basilicata,Basilicata,559084,52372,9.37,0.02
2943,2021-03-20,BAS,1295,574,721,275,1013,7,ITF,ITF5,17,Basilicata,Basilicata,559084,53667,9.6,0.23
2944,2021-06-28,BAS,3642,1747,1895,2114,1510,18,ITF,ITF5,17,Basilicata,Basilicata,559084,57309,10.25,0.65
2945,2021-03-06,BAS,1367,541,826,751,603,13,ITF,ITF5,17,Basilicata,Basilicata,559084,58676,10.5,0.24
2946,2021-06-04,BAS,4831,2288,2543,3748,1046,37,ITF,ITF5,17,Basilicata,Basilicata,559084,63507,11.36,0.86
2947,2021-02-24,BAS,1808,743,1065,1723,74,11,ITF,ITF5,17,Basilicata,Basilicata,559084,65315,11.68,0.32
2948,2021-02-22,BAS,1791,773,1018,1730,53,8,ITF,ITF5,17,Basilicata,Basilicata,559084,67106,12.0,0.32
2949,2021-05-04,BAS,4138,1992,2146,3566,523,49,ITF,ITF5,17,Basilicata,Basilicata,559084,71244,12.74,0.74
2950,2021-03-08,BAS,1465,717,748,819,616,30,ITF,ITF5,17,Basilicata,Basilicata,559084,72709,13.01,0.26
2951,2021-06-16,BAS,4601,2083,2518,2125,2456,20,ITF,ITF5,17,Basilicata,Basilicata,559084,77310,13.83,0.82
2952,2021-01-10,BAS,77,24,53,77,0,0,ITF,ITF5,17,Basilicata,Basilicata,559084,77387,13.84,0.01
2953,2021-04-20,BAS,4090,1951,2139,2181,1885,24,ITF,ITF5,17,Basilicata,Basilicata,559084,81477,14.57,0.73
2954,2021-01-08,BAS,554,219,335,554,0,0,ITF,ITF5,17,Basilicata,Basilicata,559084,82031,14.67,0.1
2955,2021-03-15,BAS,2363,988,1375,508,1839,16,ITF,ITF5,17,Basilicata,Basilicata,559084,84394,15.1,0.42
2956,2021-01-17,BAS,329,133,196,328,1,0,ITF,ITF5,17,Basilicata,Basilicata,559084,84723,15.15,0.06
2957,2021-05-16,BAS,4973,2468,2505,2812,2113,48,ITF,ITF5,17,Basilicata,Basilicata,559084,89696,16.04,0.89
2958,2021-07-19,BAS,5931,2892,3039,2002,3888,41,ITF,ITF5,17,Basilicata,Basilicata,559084,95627,17.1,1.06
2959,2021-05-23,BAS,4518,2302,2216,1527,2984,7,ITF,ITF5,17,Basilicata,Basilicata,559084,100145,17.91,0.81
2960,2021-03-27,BAS,2254,864,1390,1808,432,14,ITF,ITF5,17,Basilicata,Basilicata,559084,102399,18.32,0.4
2961,2021-07-07,BAS,5207,2474,2733,2022,3173,12,ITF,ITF5,17,Basilicata,Basilicata,559084,107606,19.25,0.93
2962,2021-01-03,BAS,901,344,557,901,0,0,ITF,ITF5,17,Basilicata,Basilicata,559084,108507,19.41,0.16
2963,2021-05-28,BAS,3615,1810,1805,919,2663,33,ITF,ITF5,17,Basilicata,Basilicata,559084,112122,20.05,0.65
2964,2021-06-11,BAS,4237,1982,2255,3168,1028,41,ITF,ITF5,17,Basilicata,Basilicata,559084,116359,20.81,0.76
2965,2021-05-11,BAS,2654,1354,1300,1597,1033,24,ITF,ITF5,17,Basilicata,Basilicata,559084,119013,21.29,0.47
2966,2021-07-14,BAS,5642,2720,2922,1627,3990,25,ITF,ITF5,17,Basilicata,Basilicata,559084,124655,22.3,1.01
2967,2021-04-05,BAS,724,233,491,412,302,10,ITF,ITF5,17,Basilicata,Basilicata,559084,125379,22.43,0.13
2968,2021-05-09,BAS,4683,2339,2344,2940,1694,49,ITF,ITF5,17,Basilicata,Basilicata,559084,130062,23.26,0.84
2969,2021-02-15,BAS,623,233,390,566,43,14,ITF,ITF5,17,Basilicata,Basilicata,559084,130685,23.37,0.11
2970,2021-01-29,BAS,617,231,386,63,554,0,ITF,ITF5,17,Basilicata,Basilicata,559084,131302,23.49,0.11
2971,2021-03-05,BAS,1859,860,999,1096,750,13,ITF,ITF5,17,Basilicata,Basilicata,559084,133161,23.82,0.33
2972,2021-06-13,BAS,3016,1441,1575,2680,308,28,ITF,ITF5,17,Basilicata,Basilicata,559084,136177,24.36,0.54
2973,2021-06-01,BAS,6136,2926,3210,3033,3076,27,ITF,ITF5,17,Basilicata,Basilicata,559084,142313,25.45,1.1
2974,2021-06-23,BAS,3258,1532,1726,2350,876,32,ITF,ITF5,17,Basilicata,Basilicata,559084,145571,26.04,0.58
2975,2021-03-13,BAS,1800,890,910,735,1046,19,ITF,ITF5,17,Basilicata,Basilicata,559084,147371,26.36,0.32
2976,2021-02-07,BAS,379,159,220,49,330,0,ITF,ITF5,17,Basilicata,Basilicata,559084,147750,26.43,0.07
2977,2021-05-18,BAS,5897,2857,3040,3385,2492,20,ITF,ITF5,17,Basilicata,Basilicata,559084,153647,27.48,1.05
2978,2021-07-23,BAS,5547,2780,2767,1887,3615,45,ITF,ITF5,17,Basilicata,Basilicata,559084,159194,28.47,0.99
2979,2021-05-01,BAS,4707,2138,2569,3887,753,67,ITF,ITF5,17,Basilicata,Basilicata,559084,163901,29.32,0.84
2980,2021-06-09,BAS,4424,2072,2352,3967,424,33,ITF,ITF5,17,Basilicata,Basilicata,559084,168325,30.11,0.79
2981,2021-04-13,BAS,2119,1053,1066,1284,818,17,ITF,ITF5,17,Basilicata,Basilicata,559084,170444,30.49,0.38
2982,2021-03-01,BAS,551,286,265,383,168,0,ITF,ITF5,17,Basilicata,Basilicata,559084,170995,30.58,0.1
2983,2021-06-18,BAS,4464,2066,2398,2180,2258,26,ITF,ITF5,17,Basilicata,Basilicata,559084,175459,31.38,0.8
2984,2021-01-24,BAS,846,306,540,57,788,1,ITF,ITF5,17,Basilicata,Basilicata,559084,176305,31.53,0.15
2985,2021-05-13,BAS,5984,2967,3017,3299,2595,90,ITF,ITF5,17,Basilicata,Basilicata,559084,182289,32.6,1.07
2986,2021-04-27,BAS,4727,2242,2485,4351,325,51,ITF,ITF5,17,Basilicata,Basilicata,559084,187016,33.45,0.85
2987,2021-06-27,BAS,3007,1477,1530,2378,615,14,ITF,ITF5,17,Basilicata,Basilicata,559084,190023,33.99,0.54
2988,2021-07-05,BAS,3269,1614,1655,2214,1022,33,ITF,ITF5,17,Basilicata,Basilicata,559084,193292,34.57,0.58
2989,2021-01-07,BAS,641,319,322,641,0,0,ITF,ITF5,17,Basilicata,Basilicata,559084,193933,34.69,0.11
2990,2021-02-19,BAS,1624,739,885,1557,62,5,ITF,ITF5,17,Basilicata,Basilicata,559084,195557,34.98,0.29
2991,2021-07-09,BAS,5345,2613,2732,1699,3637,9,ITF,ITF5,17,Basilicata,Basilicata,559084,200902,35.93,0.96
2992,2021-04-17,BAS,3462,1656,1806,2172,1262,28,ITF,ITF5,17,Basilicata,Basilicata,559084,204364,36.55,0.62
2993,2021-03-29,BAS,2472,892,1580,2134,287,51,ITF,ITF5,17,Basilicata,Basilicata,559084,206836,37.0,0.44
2994,2021-01-05,BAS,947,409,538,947,0,0,ITF,ITF5,17,Basilicata,Basilicata,559084,207783,37.16,0.17
2995,2021-06-20,BAS,4011,1884,2127,1941,2036,34,ITF,ITF5,17,Basilicata,Basilicata,559084,211794,37.88,0.72
2996,2021-03-22,BAS,1193,538,655,636,549,8,ITF,ITF5,17,Basilicata,Basilicata,559084,212987,38.1,0.21
2997,2021-03-03,BAS,1749,819,930,1167,560,22,ITF,ITF5,17,Basilicata,Basilicata,559084,214736,38.41,0.31
2998,2021-05-25,BAS,4199,2114,2085,867,3322,10,ITF,ITF5,17,Basilicata,Basilicata,559084,218935,39.16,0.75
2999,2021-02-14,BAS,151,48,103,105,0,46,ITF,ITF5,17,Basilicata,Basilicata,559084,219086,39.19,0.03
3000,2021-01-31,BAS,77,24,53,0,77,0,ITF,ITF5,17,Basilicata,Basilicata,559084,219163,39.2,0.01
3001,2021-06-08,BAS,4585,2194,2391,4190,357,38,ITF,ITF5,17,Basilicata,Basilicata,559084,223748,40.02,0.82
3002,2021-04-12,BAS,2171,1052,1119,1653,489,29,ITF,ITF5,17,Basilicata,Basilicata,559084,225919,40.41,0.39
3003,2021-07-21,BAS,5845,2942,2903,1612,4200,33,ITF,ITF5,17,Basilicata,Basilicata,559084,231764,41.45,1.05
3004,2021-04-19,BAS,4168,1913,2255,2398,1640,130,ITF,ITF5,17,Basilicata,Basilicata,559084,235932,42.2,0.75
3005,2021-05-27,BAS,3607,1858,1749,1064,2529,14,ITF,ITF5,17,Basilicata,Basilicata,559084,239539,42.84,0.65
3006,2021-04-24,BAS,4544,2198,2346,3475,1014,55,ITF,ITF5,17,Basilicata,Basilicata,559084,244083,43.66,0.81
3007,2021-07-16,BAS,5931,2899,3032,1802,4095,34,ITF,ITF5,17,Basilicata,Basilicata,559084,250014,44.72,1.06
3008,2021-03-19,BAS,2299,996,1303,259,2033,7,ITF,ITF5,17,Basilicata,Basilicata,559084,252313,45.13,0.41
3009,2021-02-16,BAS,907,377,530,790,98,19,ITF,ITF5,17,Basilicata,Basilicata,559084,253220,45.29,0.16
3010,2021-01-28,BAS,911,405,506,119,792,0,ITF,ITF5,17,Basilicata,Basilicata,559084,254131,45.45,0.16
3011,2021-05-08,BAS,4837,2401,2436,3385,1410,42,ITF,ITF5,17,Basilicata,Basilicata,559084,258968,46.32,0.87
3012,2021-01-12,BAS,217,88,129,217,0,0,ITF,ITF5,17,Basilicata,Basilicata,559084,259185,46.36,0.04
3013,2021-05-10,BAS,4804,2382,2422,2718,2042,44,ITF,ITF5,17,Basilicata,Basilicata,559084,263989,47.22,0.86
3014,2021-07-18,BAS,4386,2162,2224,1576,2784,26,ITF,ITF5,17,Basilicata,Basilicata,559084,268375,48.0,0.78
3015,2021-06-29,BAS,3858,1882,1976,2792,1040,26,ITF,ITF5,17,Basilicata,Basilicata,559084,272233,48.69,0.69
3016,2021-03-21,BAS,1126,518,608,424,699,3,ITF,ITF5,17,Basilicata,Basilicata,559084,273359,48.89,0.2
3017,2021-05-29,BAS,3060,1534,1526,826,2225,9,ITF,ITF5,17,Basilicata,Basilicata,559084,276419,49.44,0.55
3018,2021-04-29,BAS,4832,2385,2447,4339,421,72,ITF,ITF5,17,Basilicata,Basilicata,559084,281251,50.31,0.86
3019,2021-03-17,BAS,1460,612,848,24,1432,4,ITF,ITF5,17,Basilicata,Basilicata,559084,282711,50.57,0.26
3020,2021-01-19,BAS,199,84,115,199,0,0,ITF,ITF5,17,Basilicata,Basilicata,559084,282910,50.6,0.04
3021,2021-06-25,BAS,3312,1570,1742,2447,832,33,ITF,ITF5,17,Basilicata,Basilicata,559084,286222,51.19,0.59
3022,2021-07-04,BAS,3109,1562,1547,2163,921,25,ITF,ITF5,17,Basilicata,Basilicata,559084,289331,51.75,0.56
3023,2021-03-24,BAS,1901,725,1176,1481,398,22,ITF,ITF5,17,Basilicata,Basilicata,559084,291232,52.09,0.34
3024,2021-02-12,BAS,777,332,445,744,32,1,ITF,ITF5,17,Basilicata,Basilicata,559084,292009,52.23,0.14
3025,2021-04-10,BAS,1033,378,655,924,83,26,ITF,ITF5,17,Basilicata,Basilicata,559084,293042,52.41,0.18
3026,2021-06-24,BAS,4120,1949,2171,2180,1903,37,ITF,ITF5,17,Basilicata,Basilicata,559084,297162,53.15,0.74
3027,2021-04-28,BAS,4707,2158,2549,4206,441,60,ITF,ITF5,17,Basilicata,Basilicata,559084,301869,53.99,0.84
3028,2021-03-02,BAS,801,387,414,659,137,5,ITF,ITF5,17,Basilicata,Basilicata,559084,302670,54.14,0.14
3029,2021-06-10,BAS,4346,2102,2244,3868,441,37,ITF,ITF5,17,Basilicata,Basilicata,559084,307016,54.91,0.78
3030,2021-06-17,BAS,4440,2044,2396,2088,2328,24,ITF,ITF5,17,Basilicata,Basilicata,559084,311456,55.71,0.79
3031,2021-04-21,BAS,3933,1838,2095,2244,1660,29,ITF,ITF5,17,Basilicata,Basilicata,559084,315389,56.41,0.7
3032,2021-01-14,BAS,969,413,556,969,0,0,ITF,ITF5,17,Basilicata,Basilicata,559084,316358,56.59,0.17
3033,2021-04-07,BAS,1211,551,660,1155,36,20,ITF,ITF5,17,Basilicata,Basilicata,559084,317569,56.8,0.22
3034,2021-04-25,BAS,2988,1457,1531,2904,52,32,ITF,ITF5,17,Basilicata,Basilicata,559084,320557,57.34,0.53
3035,2021-05-12,BAS,4727,2329,2398,2797,1882,48,ITF,ITF5,17,Basilicata,Basilicata,559084,325284,58.18,0.85
3036,2021-06-15,BAS,3220,1416,1804,2225,975,20,ITF,ITF5,17,Basilicata,Basilicata,559084,328504,58.76,0.58
3037,2021-02-28,BAS,810,346,464,771,35,4,ITF,ITF5,17,Basilicata,Basilicata,559084,329314,58.9,0.14
3038,2021-01-02,BAS,950,381,569,949,0,1,ITF,ITF5,17,Basilicata,Basilicata,559084,330264,59.07,0.17
3039,2021-01-16,BAS,722,304,418,722,0,0,ITF,ITF5,17,Basilicata,Basilicata,559084,330986,59.2,0.13
3040,2021-04-26,BAS,4467,2166,2301,4200,221,46,ITF,ITF5,17,Basilicata,Basilicata,559084,335453,60.0,0.8
3041,2021-02-21,BAS,284,113,171,284,0,0,ITF,ITF5,17,Basilicata,Basilicata,559084,335737,60.05,0.05
3042,2021-03-07,BAS,891,310,581,842,39,10,ITF,ITF5,17,Basilicata,Basilicata,559084,336628,60.21,0.16
3043,2021-01-09,BAS,557,160,397,557,0,0,ITF,ITF5,17,Basilicata,Basilicata,559084,337185,60.31,0.1
3044,2021-07-03,BAS,3945,2102,1843,2757,1145,43,ITF,ITF5,17,Basilicata,Basilicata,559084,341130,61.02,0.71
3045,2021-03-14,BAS,1010,477,533,529,469,12,ITF,ITF5,17,Basilicata,Basilicata,559084,342140,61.2,0.18
3046,2021-03-31,BAS,3103,1263,1840,2290,783,30,ITF,ITF5,17,Basilicata,Basilicata,559084,345243,61.75,0.56
3047,2021-03-10,BAS,1682,843,839,834,839,9,ITF,ITF5,17,Basilicata,Basilicata,559084,346925,62.05,0.3
3048,2021-01-26,BAS,806,356,450,101,705,0,ITF,ITF5,17,Basilicata,Basilicata,559084,347731,62.2,0.14
3049,2021-05-06,BAS,5068,2440,2628,3432,1585,51,ITF,ITF5,17,Basilicata,Basilicata,559084,352799,63.1,0.91
3050,2021-05-15,BAS,6528,3344,3184,3874,2571,83,ITF,ITF5,17,Basilicata,Basilicata,559084,359327,64.27,1.17
3051,2021-04-02,BAS,2342,1057,1285,1716,605,21,ITF,ITF5,17,Basilicata,Basilicata,559084,361669,64.69,0.42
3052,2021-02-04,BAS,1102,445,657,64,1038,0,ITF,ITF5,17,Basilicata,Basilicata,559084,362771,64.89,0.2
3053,2021-07-11,BAS,5032,2405,2627,1510,3497,25,ITF,ITF5,17,Basilicata,Basilicata,559084,367803,65.79,0.9
3054,2021-02-02,BAS,367,143,224,174,192,1,ITF,ITF5,17,Basilicata,Basilicata,559084,368170,65.85,0.07
3055,2021-04-09,BAS,1151,350,801,1064,63,24,ITF,ITF5,17,Basilicata,Basilicata,559084,369321,66.06,0.21
3056,2021-01-13,BAS,916,387,529,916,0,0,ITF,ITF5,17,Basilicata,Basilicata,559084,370237,66.22,0.16
3057,2021-04-23,BAS,4548,2188,2360,3481,1007,60,ITF,ITF5,17,Basilicata,Basilicata,559084,374785,67.04,0.81
3058,2021-01-30,BAS,707,229,478,129,578,0,ITF,ITF5,17,Basilicata,Basilicata,559084,375492,67.16,0.13
3059,2021-01-18,BAS,463,157,306,364,99,0,ITF,ITF5,17,Basilicata,Basilicata,559084,375955,67.24,0.08
3060,2021-03-16,BAS,1914,806,1108,226,1685,3,ITF,ITF5,17,Basilicata,Basilicata,559084,377869,67.59,0.34
3061,2021-05-05,BAS,4335,2049,2286,3379,890,66,ITF,ITF5,17,Basilicata,Basilicata,559084,382204,68.36,0.78
3062,2021-03-09,BAS,1407,718,689,779,610,18,ITF,ITF5,17,Basilicata,Basilicata,559084,383611,68.61,0.25
3063,2021-05-07,BAS,4635,2280,2355,3273,1338,24,ITF,ITF5,17,Basilicata,Basilicata,559084,388246,69.44,0.83
3064,2021-07-10,BAS,5555,2681,2874,1597,3949,9,ITF,ITF5,17,Basilicata,Basilicata,559084,393801,70.44,0.99
3065,2021-05-14,BAS,5907,2799,3108,3273,2531,103,ITF,ITF5,17,Basilicata,Basilicata,559084,399708,71.49,1.06
3066,2021-07-02,BAS,3691,1839,1852,2485,1177,29,ITF,ITF5,17,Basilicata,Basilicata,559084,403399,72.15,0.66
3067,2021-02-11,BAS,952,401,551,867,83,2,ITF,ITF5,17,Basilicata,Basilicata,559084,404351,72.32,0.17
3068,2021-05-22,BAS,5488,2723,2765,1926,3551,11,ITF,ITF5,17,Basilicata,Basilicata,559084,409839,73.31,0.98
3069,2021-03-26,BAS,1956,703,1253,1669,260,27,ITF,ITF5,17,Basilicata,Basilicata,559084,411795,73.66,0.35
3070,2021-02-13,BAS,800,314,486,701,61,38,ITF,ITF5,17,Basilicata,Basilicata,559084,412595,73.8,0.14
3071,2021-07-15,BAS,6497,3220,3277,1671,4801,25,ITF,ITF5,17,Basilicata,Basilicata,559084,419092,74.96,1.16
3072,2021-04-06,BAS,1274,465,809,1075,184,15,ITF,ITF5,17,Basilicata,Basilicata,559084,420366,75.19,0.23
3073,2021-06-14,BAS,4825,2156,2669,2092,2709,24,ITF,ITF5,17,Basilicata,Basilicata,559084,425191,76.05,0.86
3074,2021-03-23,BAS,1592,610,982,1407,168,17,ITF,ITF5,17,Basilicata,Basilicata,559084,426783,76.34,0.28
3075,2021-07-01,BAS,3707,1856,1851,2563,1111,33,ITF,ITF5,17,Basilicata,Basilicata,559084,430490,77.0,0.66
3076,2021-07-13,BAS,5855,2824,3031,1773,4035,47,ITF,ITF5,17,Basilicata,Basilicata,559084,436345,78.05,1.05
3077,2021-02-27,BAS,1993,861,1132,1812,164,17,ITF,ITF5,17,Basilicata,Basilicata,559084,438338,78.4,0.36
3078,2021-06-22,BAS,4363,2067,2296,2229,2102,32,ITF,ITF5,17,Basilicata,Basilicata,559084,442701,79.18,0.78
3079,2021-06-05,BAS,4800,2210,2590,3824,941,35,ITF,ITF5,17,Basilicata,Basilicata,559084,447501,80.04,0.86
3080,2021-02-23,BAS,1902,771,1131,1746,139,17,ITF,ITF5,17,Basilicata,Basilicata,559084,449403,80.38,0.34
3081,2021-06-03,BAS,4921,2258,2663,3703,1180,38,ITF,ITF5,17,Basilicata,Basilicata,559084,454324,81.26,0.88
3082,2021-03-12,BAS,1913,983,930,782,1104,27,ITF,ITF5,17,Basilicata,Basilicata,559084,456237,81.6,0.34
3083,2021-05-17,BAS,5546,2734,2812,3363,2134,49,ITF,ITF5,17,Basilicata,Basilicata,559084,461783,82.6,0.99
3084,2021-03-18,BAS,1354,565,789,17,1328,9,ITF,ITF5,17,Basilicata,Basilicata,559084,463137,82.84,0.24
3085,2021-06-26,BAS,3327,1611,1716,2741,558,28,ITF,ITF5,17,Basilicata,Basilicata,559084,466464,83.43,0.6
3086,2021-01-25,BAS,1029,430,599,73,955,1,ITF,ITF5,17,Basilicata,Basilicata,559084,467493,83.62,0.18
3087,2021-01-11,BAS,183,66,117,183,0,0,ITF,ITF5,17,Basilicata,Basilicata,559084,467676,83.65,0.03
3088,2021-05-24,BAS,4833,2343,2490,1090,3730,13,ITF,ITF5,17,Basilicata,Basilicata,559084,472509,84.51,0.86
3089,2021-06-02,BAS,5960,2805,3155,4376,1543,41,ITF,ITF5,17,Basilicata,Basilicata,559084,478469,85.58,1.07
3090,2021-04-18,BAS,3718,1843,1875,2329,1367,22,ITF,ITF5,17,Basilicata,Basilicata,559084,482187,86.25,0.67
3091,2021-02-20,BAS,1164,533,631,1045,119,0,ITF,ITF5,17,Basilicata,Basilicata,559084,483351,86.45,0.21
3092,2021-05-31,BAS,4229,2009,2220,1713,2508,8,ITF,ITF5,17,Basilicata,Basilicata,559084,487580,87.21,0.76
3093,2021-02-01,BAS,243,91,152,46,197,0,ITF,ITF5,17,Basilicata,Basilicata,559084,487823,87.25,0.04
3094,2021-05-26,BAS,4486,2257,2229,1676,2781,29,ITF,ITF5,17,Basilicata,Basilicata,559084,492309,88.06,0.8
3095,2021-03-04,BAS,1889,894,995,1064,802,23,ITF,ITF5,17,Basilicata,Basilicata,559084,494198,88.39,0.34
3096,2021-06-12,BAS,3675,1688,1987,2958,678,39,ITF,ITF5,17,Basilicata,Basilicata,559084,497873,89.05,0.66
3097,2021-07-20,BAS,5725,2812,2913,1700,3985,40,ITF,ITF5,17,Basilicata,Basilicata,559084,503598,90.08,1.02
3098,2021-06-07,BAS,4237,1920,2317,3884,315,38,ITF,ITF5,17,Basilicata,Basilicata,559084,507835,90.83,0.76
3099,2021-04-11,BAS,915,361,554,760,126,29,ITF,ITF5,17,Basilicata,Basilicata,559084,508750,91.0,0.16
3100,2021-04-04,BAS,610,225,385,191,413,6,ITF,ITF5,17,Basilicata,Basilicata,559084,509360,91.11,0.11
3101,2021-02-08,BAS,560,193,367,151,409,0,ITF,ITF5,17,Basilicata,Basilicata,559084,509920,91.21,0.1
3102,2021-05-19,BAS,2873,1500,1373,1184,1676,13,ITF,ITF5,17,Basilicata,Basilicata,559084,512793,91.72,0.51
3103,2021-02-25,BAS,1789,738,1051,1732,46,11,ITF,ITF5,17,Basilicata,Basilicata,559084,514582,92.04,0.32
3104,2021-02-06,BAS,907,370,537,146,761,0,ITF,ITF5,17,Basilicata,Basilicata,559084,515489,92.2,0.16
3105,2021-02-18,BAS,1070,401,669,852,215,3,ITF,ITF5,17,Basilicata,Basilicata,559084,516559,92.39,0.19
3106,2021-07-22,BAS,5753,2866,2887,1744,3949,60,ITF,ITF5,17,Basilicata,Basilicata,559084,522312,93.42,1.03
3107,2021-04-30,BAS,5286,2376,2910,4066,1163,57,ITF,ITF5,17,Basilicata,Basilicata,559084,527598,94.37,0.95
3108,2021-01-20,BAS,85,22,63,84,1,0,ITF,ITF5,17,Basilicata,Basilicata,559084,527683,94.38,0.02
3109,2021-02-26,BAS,2152,904,1248,2065,81,6,ITF,ITF5,17,Basilicata,Basilicata,559084,529835,94.77,0.38
3110,2021-05-20,BAS,5878,2977,2901,2883,2967,28,ITF,ITF5,17,Basilicata,Basilicata,559084,535713,95.82,1.05
3111,2021-06-06,BAS,4512,2074,2438,3695,779,38,ITF,ITF5,17,Basilicata,Basilicata,559084,540225,96.63,0.81
3112,2021-04-14,BAS,2043,1001,1042,1353,674,16,ITF,ITF5,17,Basilicata,Basilicata,559084,542268,96.99,0.37
3113,2021-01-21,BAS,30,10,20,30,0,0,ITF,ITF5,17,Basilicata,Basilicata,559084,542298,97.0,0.01
3114,2021-01-04,BAS,608,271,337,608,0,0,ITF,ITF5,17,Basilicata,Basilicata,559084,542906,97.11,0.11
3115,2021-07-06,BAS,4073,1943,2130,2033,2006,34,ITF,ITF5,17,Basilicata,Basilicata,559084,546979,97.83,0.73
3116,2021-01-23,BAS,734,314,420,33,701,0,ITF,ITF5,17,Basilicata,Basilicata,559084,547713,97.97,0.13
3117,2021-05-03,BAS,4511,2043,2468,3622,827,62,ITF,ITF5,17,Basilicata,Basilicata,559084,552224,98.77,0.81
3118,2021-02-09,BAS,492,213,279,317,175,0,ITF,ITF5,17,Basilicata,Basilicata,559084,552716,98.86,0.09
3119,2021-07-25,BAS,2816,1405,1411,940,1861,15,ITF,ITF5,17,Basilicata,Basilicata,559084,555532,99.36,0.5
3120,2021-06-21,BAS,4253,2042,2211,2142,2092,19,ITF,ITF5,17,Basilicata,Basilicata,559084,559785,100.13,0.76
3121,2021-06-19,BAS,4471,2181,2290,2375,2073,23,ITF,ITF5,17,Basilicata,Basilicata,559084,564256,100.93,0.8
3122,2021-03-28,BAS,2143,743,1400,2109,17,17,ITF,ITF5,17,Basilicata,Basilicata,559084,566399,101.31,0.38
3123,2021-03-11,BAS,1794,928,866,817,959,18,ITF,ITF5,17,Basilicata,Basilicata,559084,568193,101.63,0.32
3124,2021-03-30,BAS,2802,1186,1616,2441,346,15,ITF,ITF5,17,Basilicata,Basilicata,559084,570995,102.13,0.5
3125,2021-07-08,BAS,5137,2429,2708,1854,3259,24,ITF,ITF5,17,Basilicata,Basilicata,559084,576132,103.05,0.92
3126,2021-01-06,BAS,295,129,166,295,0,0,ITF,ITF5,17,Basilicata,Basilicata,559084,576427,103.1,0.05
3127,2021-04-16,BAS,3323,1635,1688,2400,900,23,ITF,ITF5,17,Basilicata,Basilicata,559084,579750,103.7,0.59
3128,2021-04-09,PAT,2742,1163,1579,1475,1200,67,ITH,ITH2,4,Provincia Autonoma Trento,P.A. Trento,541380,2742,0.51,0.51
3129,2021-02-11,PAT,1136,365,771,795,340,1,ITH,ITH2,4,Provincia Autonoma Trento,P.A. Trento,541380,3878,0.72,0.21
3130,2021-07-18,PAT,449,238,211,107,337,5,ITH,ITH2,4,Provincia Autonoma Trento,P.A. Trento,541380,4327,0.8,0.08
3131,2021-02-25,PAT,1641,643,998,1190,441,10,ITH,ITH2,4,Provincia Autonoma Trento,P.A. Trento,541380,5968,1.1,0.3
3132,2020-12-30,PAT,7,3,4,7,0,0,ITH,ITH2,4,Provincia Autonoma Trento,P.A. Trento,541380,5975,1.1,0.0
3133,2021-06-05,PAT,4083,1916,2167,679,3333,71,ITH,ITH2,4,Provincia Autonoma Trento,P.A. Trento,541380,10058,1.86,0.75
3134,2021-05-22,PAT,3258,1598,1660,832,2333,93,ITH,ITH2,4,Provincia Autonoma Trento,P.A. Trento,541380,13316,2.46,0.6
3135,2021-07-13,PAT,3645,1844,1801,1650,1881,114,ITH,ITH2,4,Provincia Autonoma Trento,P.A. Trento,541380,16961,3.13,0.67
3136,2021-04-21,PAT,2910,1359,1551,2710,50,150,ITH,ITH2,4,Provincia Autonoma Trento,P.A. Trento,541380,19871,3.67,0.54
3137,2021-01-28,PAT,530,147,383,48,482,0,ITH,ITH2,4,Provincia Autonoma Trento,P.A. Trento,541380,20401,3.77,0.1
3138,2021-01-11,PAT,732,223,509,732,0,0,ITH,ITH2,4,Provincia Autonoma Trento,P.A. Trento,541380,21133,3.9,0.14
3139,2021-02-16,PAT,667,246,421,651,5,11,ITH,ITH2,4,Provincia Autonoma Trento,P.A. Trento,541380,21800,4.03,0.12
3140,2021-02-06,PAT,575,299,276,434,141,0,ITH,ITH2,4,Provincia Autonoma Trento,P.A. Trento,541380,22375,4.13,0.11
3141,2021-02-23,PAT,1112,395,717,878,213,21,ITH,ITH2,4,Provincia Autonoma Trento,P.A. Trento,541380,23487,4.34,0.21
3142,2021-05-17,PAT,4294,2122,2172,3710,351,233,ITH,ITH2,4,Provincia Autonoma Trento,P.A. Trento,541380,27781,5.13,0.79
3143,2021-04-14,PAT,3119,1465,1654,2231,737,151,ITH,ITH2,4,Provincia Autonoma Trento,P.A. Trento,541380,30900,5.71,0.58
3144,2021-03-28,PAT,753,294,459,705,2,46,ITH,ITH2,4,Provincia Autonoma Trento,P.A. Trento,541380,31653,5.85,0.14
3145,2021-05-31,PAT,4725,2175,2550,1571,3047,107,ITH,ITH2,4,Provincia Autonoma Trento,P.A. Trento,541380,36378,6.72,0.87
3146,2021-07-20,PAT,4529,2451,2078,1540,2862,127,ITH,ITH2,4,Provincia Autonoma Trento,P.A. Trento,541380,40907,7.56,0.84
3147,2021-03-26,PAT,3234,1259,1975,2482,610,142,ITH,ITH2,4,Provincia Autonoma Trento,P.A. Trento,541380,44141,8.15,0.6
3148,2021-06-19,PAT,3099,1696,1403,228,2839,32,ITH,ITH2,4,Provincia Autonoma Trento,P.A. Trento,541380,47240,8.73,0.57
3149,2021-06-29,PAT,6229,3138,3091,2667,3488,74,ITH,ITH2,4,Provincia Autonoma Trento,P.A. Trento,541380,53469,9.88,1.15
3150,2021-06-12,PAT,5364,2690,2674,429,4887,48,ITH,ITH2,4,Provincia Autonoma Trento,P.A. Trento,541380,58833,10.87,0.99
3151,2021-03-21,PAT,129,69,60,125,0,4,ITH,ITH2,4,Provincia Autonoma Trento,P.A. Trento,541380,58962,10.89,0.02
3152,2021-05-24,PAT,4387,2015,2372,1249,3025,113,ITH,ITH2,4,Provincia Autonoma Trento,P.A. Trento,541380,63349,11.7,0.81
3153,2021-03-02,PAT,1307,440,867,902,376,29,ITH,ITH2,4,Provincia Autonoma Trento,P.A. Trento,541380,64656,11.94,0.24
3154,2021-03-09,PAT,1585,591,994,908,646,31,ITH,ITH2,4,Provincia Autonoma Trento,P.A. Trento,541380,66241,12.24,0.29
3155,2021-06-17,PAT,6605,3465,3140,1981,4459,165,ITH,ITH2,4,Provincia Autonoma Trento,P.A. Trento,541380,72846,13.46,1.22
3156,2021-03-14,PAT,108,65,43,19,87,2,ITH,ITH2,4,Provincia Autonoma Trento,P.A. Trento,541380,72954,13.48,0.02
3157,2021-01-23,PAT,577,334,243,387,189,1,ITH,ITH2,4,Provincia Autonoma Trento,P.A. Trento,541380,73531,13.58,0.11
3158,2021-05-03,PAT,4263,2198,2065,3810,154,299,ITH,ITH2,4,Provincia Autonoma Trento,P.A. Trento,541380,77794,14.37,0.79
3159,2021-07-01,PAT,6935,3606,3329,3450,3308,177,ITH,ITH2,4,Provincia Autonoma Trento,P.A. Trento,541380,84729,15.65,1.28
3160,2021-05-05,PAT,4991,2580,2411,4384,298,309,ITH,ITH2,4,Provincia Autonoma Trento,P.A. Trento,541380,89720,16.57,0.92
3161,2021-01-16,PAT,319,148,171,319,0,0,ITH,ITH2,4,Provincia Autonoma Trento,P.A. Trento,541380,90039,16.63,0.06
3162,2021-05-29,PAT,2239,1168,1071,755,1400,84,ITH,ITH2,4,Provincia Autonoma Trento,P.A. Trento,541380,92278,17.04,0.41
3163,2021-04-02,PAT,2847,1158,1689,2011,675,161,ITH,ITH2,4,Provincia Autonoma Trento,P.A. Trento,541380,95125,17.57,0.53
3164,2021-04-16,PAT,2869,1362,1507,2569,145,155,ITH,ITH2,4,Provincia Autonoma Trento,P.A. Trento,541380,97994,18.1,0.53
3165,2021-02-18,PAT,1211,429,782,1138,63,10,ITH,ITH2,4,Provincia Autonoma Trento,P.A. Trento,541380,99205,18.32,0.22
3166,2021-04-23,PAT,3640,1772,1868,3407,54,179,ITH,ITH2,4,Provincia Autonoma Trento,P.A. Trento,541380,102845,19.0,0.67
3167,2021-01-30,PAT,386,132,254,152,234,0,ITH,ITH2,4,Provincia Autonoma Trento,P.A. Trento,541380,103231,19.07,0.07
3168,2021-05-10,PAT,3213,1647,1566,2498,506,209,ITH,ITH2,4,Provincia Autonoma Trento,P.A. Trento,541380,106444,19.66,0.59
3169,2021-03-18,PAT,2320,957,1363,1216,1080,24,ITH,ITH2,4,Provincia Autonoma Trento,P.A. Trento,541380,108764,20.09,0.43
3170,2021-01-04,PAT,872,229,643,870,0,2,ITH,ITH2,4,Provincia Autonoma Trento,P.A. Trento,541380,109636,20.25,0.16
3171,2021-07-06,PAT,5007,2634,2373,2947,1875,185,ITH,ITH2,4,Provincia Autonoma Trento,P.A. Trento,541380,114643,21.18,0.92
3172,2021-01-18,PAT,644,154,490,589,55,0,ITH,ITH2,4,Provincia Autonoma Trento,P.A. Trento,541380,115287,21.3,0.12
3173,2021-07-08,PAT,3966,2112,1854,2374,1430,162,ITH,ITH2,4,Provincia Autonoma Trento,P.A. Trento,541380,119253,22.03,0.73
3174,2021-02-04,PAT,976,304,672,421,554,1,ITH,ITH2,4,Provincia Autonoma Trento,P.A. Trento,541380,120229,22.21,0.18
3175,2021-04-13,PAT,2556,1059,1497,1970,507,79,ITH,ITH2,4,Provincia Autonoma Trento,P.A. Trento,541380,122785,22.68,0.47
3176,2021-01-20,PAT,292,73,219,280,12,0,ITH,ITH2,4,Provincia Autonoma Trento,P.A. Trento,541380,123077,22.73,0.05
3177,2021-04-30,PAT,4934,2406,2528,4414,152,368,ITH,ITH2,4,Provincia Autonoma Trento,P.A. Trento,541380,128011,23.65,0.91
3178,2021-05-19,PAT,5104,2460,2644,3601,1256,247,ITH,ITH2,4,Provincia Autonoma Trento,P.A. Trento,541380,133115,24.59,0.94
3179,2021-02-20,PAT,407,245,162,122,284,1,ITH,ITH2,4,Provincia Autonoma Trento,P.A. Trento,541380,133522,24.66,0.08
3180,2021-01-08,PAT,1451,314,1137,1450,0,1,ITH,ITH2,4,Provincia Autonoma Trento,P.A. Trento,541380,134973,24.93,0.27
3181,2021-06-10,PAT,6130,2980,3150,1789,4213,128,ITH,ITH2,4,Provincia Autonoma Trento,P.A. Trento,541380,141103,26.06,1.13
3182,2021-03-04,PAT,2363,794,1569,1542,780,41,ITH,ITH2,4,Provincia Autonoma Trento,P.A. Trento,541380,143466,26.5,0.44
3183,2021-03-07,PAT,22,6,16,22,0,0,ITH,ITH2,4,Provincia Autonoma Trento,P.A. Trento,541380,143488,26.5,0.0
3184,2021-01-09,PAT,190,40,150,190,0,0,ITH,ITH2,4,Provincia Autonoma Trento,P.A. Trento,541380,143678,26.54,0.04
3185,2021-06-24,PAT,5927,3106,2821,3561,2180,186,ITH,ITH2,4,Provincia Autonoma Trento,P.A. Trento,541380,149605,27.63,1.09
3186,2021-05-12,PAT,3309,1496,1813,1953,1191,165,ITH,ITH2,4,Provincia Autonoma Trento,P.A. Trento,541380,152914,28.25,0.61
3187,2021-03-16,PAT,1391,506,885,577,783,31,ITH,ITH2,4,Provincia Autonoma Trento,P.A. Trento,541380,154305,28.5,0.26
3188,2021-05-14,PAT,5325,2544,2781,3641,1389,295,ITH,ITH2,4,Provincia Autonoma Trento,P.A. Trento,541380,159630,29.49,0.98
3189,2021-04-28,PAT,4254,1979,2275,3870,138,246,ITH,ITH2,4,Provincia Autonoma Trento,P.A. Trento,541380,163884,30.27,0.79
3190,2021-04-01,PAT,2906,1232,1674,1721,1094,91,ITH,ITH2,4,Provincia Autonoma Trento,P.A. Trento,541380,166790,30.81,0.54
3191,2021-07-10,PAT,1047,540,507,138,883,26,ITH,ITH2,4,Provincia Autonoma Trento,P.A. Trento,541380,167837,31.0,0.19
3192,2021-01-06,PAT,42,13,29,42,0,0,ITH,ITH2,4,Provincia Autonoma Trento,P.A. Trento,541380,167879,31.01,0.01
3193,2021-06-16,PAT,6216,3347,2869,1943,4151,122,ITH,ITH2,4,Provincia Autonoma Trento,P.A. Trento,541380,174095,32.16,1.15
3194,2021-06-09,PAT,6246,3080,3166,2089,4080,77,ITH,ITH2,4,Provincia Autonoma Trento,P.A. Trento,541380,180341,33.31,1.15
3195,2021-06-26,PAT,1391,726,665,660,713,18,ITH,ITH2,4,Provincia Autonoma Trento,P.A. Trento,541380,181732,33.57,0.26
3196,2021-06-28,PAT,6762,3487,3275,2905,3800,57,ITH,ITH2,4,Provincia Autonoma Trento,P.A. Trento,541380,188494,34.82,1.25
3197,2021-04-06,PAT,2261,950,1311,1439,765,57,ITH,ITH2,4,Provincia Autonoma Trento,P.A. Trento,541380,190755,35.23,0.42
3198,2021-07-15,PAT,4013,2123,1890,1581,2307,125,ITH,ITH2,4,Provincia Autonoma Trento,P.A. Trento,541380,194768,35.98,0.74
3199,2021-01-13,PAT,421,123,298,421,0,0,ITH,ITH2,4,Provincia Autonoma Trento,P.A. Trento,541380,195189,36.05,0.08
3200,2021-07-24,PAT,883,491,392,484,381,18,ITH,ITH2,4,Provincia Autonoma Trento,P.A. Trento,541380,196072,36.22,0.16
3201,2021-05-02,PAT,3514,1955,1559,3266,37,211,ITH,ITH2,4,Provincia Autonoma Trento,P.A. Trento,541380,199586,36.87,0.65
3202,2021-03-13,PAT,836,385,451,719,48,69,ITH,ITH2,4,Provincia Autonoma Trento,P.A. Trento,541380,200422,37.02,0.15
3203,2021-06-14,PAT,5744,2970,2774,2015,3614,115,ITH,ITH2,4,Provincia Autonoma Trento,P.A. Trento,541380,206166,38.08,1.06
3204,2021-04-18,PAT,1855,845,1010,1788,9,58,ITH,ITH2,4,Provincia Autonoma Trento,P.A. Trento,541380,208021,38.42,0.34
3205,2021-03-06,PAT,787,277,510,596,151,40,ITH,ITH2,4,Provincia Autonoma Trento,P.A. Trento,541380,208808,38.57,0.15
3206,2021-04-11,PAT,2340,1135,1205,2161,91,88,ITH,ITH2,4,Provincia Autonoma Trento,P.A. Trento,541380,211148,39.0,0.43
3207,2021-02-27,PAT,1032,458,574,590,422,20,ITH,ITH2,4,Provincia Autonoma Trento,P.A. Trento,541380,212180,39.19,0.19
3208,2021-01-01,PAT,214,50,164,214,0,0,ITH,ITH2,4,Provincia Autonoma Trento,P.A. Trento,541380,212394,39.23,0.04
3209,2021-06-07,PAT,5793,2883,2910,2638,2986,169,ITH,ITH2,4,Provincia Autonoma Trento,P.A. Trento,541380,218187,40.3,1.07
3210,2021-06-02,PAT,2839,1359,1480,882,1894,63,ITH,ITH2,4,Provincia Autonoma Trento,P.A. Trento,541380,221026,40.83,0.52
3211,2021-03-11,PAT,2318,864,1454,1444,830,44,ITH,ITH2,4,Provincia Autonoma Trento,P.A. Trento,541380,223344,41.25,0.43
3212,2021-07-22,PAT,4209,2271,1938,1689,2410,110,ITH,ITH2,4,Provincia Autonoma Trento,P.A. Trento,541380,227553,42.03,0.78
3213,2021-07-07,PAT,4342,2327,2015,2763,1381,198,ITH,ITH2,4,Provincia Autonoma Trento,P.A. Trento,541380,231895,42.83,0.8
3214,2021-01-03,PAT,493,160,333,493,0,0,ITH,ITH2,4,Provincia Autonoma Trento,P.A. Trento,541380,232388,42.93,0.09
3215,2021-07-21,PAT,4353,2334,2019,1301,2970,82,ITH,ITH2,4,Provincia Autonoma Trento,P.A. Trento,541380,236741,43.73,0.8
3216,2021-02-08,PAT,1153,319,834,342,811,0,ITH,ITH2,4,Provincia Autonoma Trento,P.A. Trento,541380,237894,43.94,0.21
3217,2021-07-17,PAT,1047,508,539,245,786,16,ITH,ITH2,4,Provincia Autonoma Trento,P.A. Trento,541380,238941,44.14,0.19
3218,2021-05-21,PAT,5061,2423,2638,3079,1715,267,ITH,ITH2,4,Provincia Autonoma Trento,P.A. Trento,541380,244002,45.07,0.93
3219,2021-02-01,PAT,1224,338,886,92,1132,0,ITH,ITH2,4,Provincia Autonoma Trento,P.A. Trento,541380,245226,45.3,0.23
3220,2021-07-05,PAT,5240,2745,2495,3642,1360,238,ITH,ITH2,4,Provincia Autonoma Trento,P.A. Trento,541380,250466,46.26,0.97
3221,2021-06-21,PAT,6135,3313,2822,3561,2393,181,ITH,ITH2,4,Provincia Autonoma Trento,P.A. Trento,541380,256601,47.4,1.13
3222,2021-04-29,PAT,4647,2243,2404,4139,209,299,ITH,ITH2,4,Provincia Autonoma Trento,P.A. Trento,541380,261248,48.26,0.86
3223,2021-01-22,PAT,1674,435,1239,330,1343,1,ITH,ITH2,4,Provincia Autonoma Trento,P.A. Trento,541380,262922,48.57,0.31
3224,2021-02-05,PAT,805,272,533,283,522,0,ITH,ITH2,4,Provincia Autonoma Trento,P.A. Trento,541380,263727,48.71,0.15
3225,2021-05-16,PAT,1331,736,595,1025,239,67,ITH,ITH2,4,Provincia Autonoma Trento,P.A. Trento,541380,265058,48.96,0.25
3226,2021-01-05,PAT,711,233,478,711,0,0,ITH,ITH2,4,Provincia Autonoma Trento,P.A. Trento,541380,265769,49.09,0.13
3227,2021-04-15,PAT,3202,1443,1759,2810,154,238,ITH,ITH2,4,Provincia Autonoma Trento,P.A. Trento,541380,268971,49.68,0.59
3228,2021-06-18,PAT,6941,3693,3248,1740,5111,90,ITH,ITH2,4,Provincia Autonoma Trento,P.A. Trento,541380,275912,50.96,1.28
3229,2021-03-27,PAT,1620,710,910,1288,258,74,ITH,ITH2,4,Provincia Autonoma Trento,P.A. Trento,541380,277532,51.26,0.3
3230,2021-06-04,PAT,5835,2610,3225,1716,3998,121,ITH,ITH2,4,Provincia Autonoma Trento,P.A. Trento,541380,283367,52.34,1.08
3231,2021-03-23,PAT,2448,944,1504,1609,740,99,ITH,ITH2,4,Provincia Autonoma Trento,P.A. Trento,541380,285815,52.79,0.45
3232,2021-05-28,PAT,3726,1739,1987,1360,2231,135,ITH,ITH2,4,Provincia Autonoma Trento,P.A. Trento,541380,289541,53.48,0.69
3233,2021-01-25,PAT,818,215,603,24,794,0,ITH,ITH2,4,Provincia Autonoma Trento,P.A. Trento,541380,290359,53.63,0.15
3234,2021-03-25,PAT,2875,1105,1770,1719,1049,107,ITH,ITH2,4,Provincia Autonoma Trento,P.A. Trento,541380,293234,54.16,0.53
3235,2021-07-03,PAT,1256,669,587,80,1170,6,ITH,ITH2,4,Provincia Autonoma Trento,P.A. Trento,541380,294490,54.4,0.23
3236,2021-03-30,PAT,2388,973,1415,1652,637,99,ITH,ITH2,4,Provincia Autonoma Trento,P.A. Trento,541380,296878,54.84,0.44
3237,2021-03-15,PAT,1412,545,867,894,464,54,ITH,ITH2,4,Provincia Autonoma Trento,P.A. Trento,541380,298290,55.1,0.26
3238,2021-01-17,PAT,251,195,56,251,0,0,ITH,ITH2,4,Provincia Autonoma Trento,P.A. Trento,541380,298541,55.14,0.05
3239,2021-06-23,PAT,6520,3453,3067,4468,1859,193,ITH,ITH2,4,Provincia Autonoma Trento,P.A. Trento,541380,305061,56.35,1.2
3240,2021-05-11,PAT,3705,1754,1951,2618,851,236,ITH,ITH2,4,Provincia Autonoma Trento,P.A. Trento,541380,308766,57.03,0.68
3241,2021-04-27,PAT,3916,1882,2034,3569,69,278,ITH,ITH2,4,Provincia Autonoma Trento,P.A. Trento,541380,312682,57.76,0.72
3242,2021-05-04,PAT,4512,2448,2064,4123,95,294,ITH,ITH2,4,Provincia Autonoma Trento,P.A. Trento,541380,317194,58.59,0.83
3243,2021-03-08,PAT,1411,434,977,1027,354,30,ITH,ITH2,4,Provincia Autonoma Trento,P.A. Trento,541380,318605,58.85,0.26
3244,2021-03-22,PAT,2306,973,1333,1375,875,56,ITH,ITH2,4,Provincia Autonoma Trento,P.A. Trento,541380,320911,59.28,0.43
3245,2021-01-24,PAT,548,276,272,224,324,0,ITH,ITH2,4,Provincia Autonoma Trento,P.A. Trento,541380,321459,59.38,0.1
3246,2021-06-30,PAT,6675,3434,3241,2607,3989,79,ITH,ITH2,4,Provincia Autonoma Trento,P.A. Trento,541380,328134,60.61,1.23
3247,2021-02-22,PAT,747,259,488,657,84,6,ITH,ITH2,4,Provincia Autonoma Trento,P.A. Trento,541380,328881,60.75,0.14
3248,2021-05-18,PAT,4256,2011,2245,3132,846,278,ITH,ITH2,4,Provincia Autonoma Trento,P.A. Trento,541380,333137,61.53,0.79
3249,2021-03-12,PAT,2518,940,1578,1641,806,71,ITH,ITH2,4,Provincia Autonoma Trento,P.A. Trento,541380,335655,62.0,0.47
3250,2021-06-20,PAT,1869,1034,835,28,1836,5,ITH,ITH2,4,Provincia Autonoma Trento,P.A. Trento,541380,337524,62.35,0.35
3251,2021-04-25,PAT,1971,940,1031,1849,7,115,ITH,ITH2,4,Provincia Autonoma Trento,P.A. Trento,541380,339495,62.71,0.36
3252,2021-06-25,PAT,7506,4022,3484,4046,3378,82,ITH,ITH2,4,Provincia Autonoma Trento,P.A. Trento,541380,347001,64.1,1.39
3253,2021-07-02,PAT,7169,3898,3271,3417,3527,225,ITH,ITH2,4,Provincia Autonoma Trento,P.A. Trento,541380,354170,65.42,1.32
3254,2021-01-15,PAT,597,132,465,596,0,1,ITH,ITH2,4,Provincia Autonoma Trento,P.A. Trento,541380,354767,65.53,0.11
3255,2021-05-20,PAT,5017,2358,2659,3104,1637,276,ITH,ITH2,4,Provincia Autonoma Trento,P.A. Trento,541380,359784,66.46,0.93
3256,2021-03-24,PAT,2378,940,1438,1445,820,113,ITH,ITH2,4,Provincia Autonoma Trento,P.A. Trento,541380,362162,66.9,0.44
3257,2021-02-09,PAT,918,287,631,442,475,1,ITH,ITH2,4,Provincia Autonoma Trento,P.A. Trento,541380,363080,67.07,0.17
3258,2021-02-12,PAT,1013,341,672,588,423,2,ITH,ITH2,4,Provincia Autonoma Trento,P.A. Trento,541380,364093,67.25,0.19
3259,2021-03-01,PAT,1237,454,783,918,295,24,ITH,ITH2,4,Provincia Autonoma Trento,P.A. Trento,541380,365330,67.48,0.23
3260,2021-03-20,PAT,874,403,471,658,203,13,ITH,ITH2,4,Provincia Autonoma Trento,P.A. Trento,541380,366204,67.64,0.16
3261,2021-03-03,PAT,1659,622,1037,1107,518,34,ITH,ITH2,4,Provincia Autonoma Trento,P.A. Trento,541380,367863,67.95,0.31
3262,2021-02-03,PAT,847,315,532,414,433,0,ITH,ITH2,4,Provincia Autonoma Trento,P.A. Trento,541380,368710,68.11,0.16
3263,2021-07-19,PAT,4609,2416,2193,1323,3169,117,ITH,ITH2,4,Provincia Autonoma Trento,P.A. Trento,541380,373319,68.96,0.85
3264,2021-05-23,PAT,1957,994,963,420,1509,28,ITH,ITH2,4,Provincia Autonoma Trento,P.A. Trento,541380,375276,69.32,0.36
3265,2021-04-10,PAT,2824,1322,1502,1949,796,79,ITH,ITH2,4,Provincia Autonoma Trento,P.A. Trento,541380,378100,69.84,0.52
3266,2021-02-24,PAT,1325,525,800,905,399,21,ITH,ITH2,4,Provincia Autonoma Trento,P.A. Trento,541380,379425,70.08,0.24
3267,2021-06-03,PAT,4773,2237,2536,1210,3471,92,ITH,ITH2,4,Provincia Autonoma Trento,P.A. Trento,541380,384198,70.97,0.88
3268,2021-01-19,PAT,407,77,330,407,0,0,ITH,ITH2,4,Provincia Autonoma Trento,P.A. Trento,541380,384605,71.04,0.08
3269,2021-07-23,PAT,3729,1928,1801,1256,2373,100,ITH,ITH2,4,Provincia Autonoma Trento,P.A. Trento,541380,388334,71.73,0.69
3270,2021-01-31,PAT,76,16,60,1,75,0,ITH,ITH2,4,Provincia Autonoma Trento,P.A. Trento,541380,388410,71.74,0.01
3271,2021-07-04,PAT,212,119,93,61,149,2,ITH,ITH2,4,Provincia Autonoma Trento,P.A. Trento,541380,388622,71.78,0.04
3272,2021-03-17,PAT,2071,792,1279,1120,871,80,ITH,ITH2,4,Provincia Autonoma Trento,P.A. Trento,541380,390693,72.17,0.38
3273,2021-02-02,PAT,910,240,670,191,719,0,ITH,ITH2,4,Provincia Autonoma Trento,P.A. Trento,541380,391603,72.33,0.17
3274,2021-07-09,PAT,4920,2615,2305,2870,1840,210,ITH,ITH2,4,Provincia Autonoma Trento,P.A. Trento,541380,396523,73.24,0.91
3275,2021-05-13,PAT,3409,1580,1829,2088,1104,217,ITH,ITH2,4,Provincia Autonoma Trento,P.A. Trento,541380,399932,73.87,0.63
3276,2021-03-31,PAT,2586,983,1603,1632,858,96,ITH,ITH2,4,Provincia Autonoma Trento,P.A. Trento,541380,402518,74.35,0.48
3277,2021-06-06,PAT,2231,1063,1168,424,1786,21,ITH,ITH2,4,Provincia Autonoma Trento,P.A. Trento,541380,404749,74.76,0.41
3278,2021-07-12,PAT,4059,2030,2029,1937,1946,176,ITH,ITH2,4,Provincia Autonoma Trento,P.A. Trento,541380,408808,75.51,0.75
3279,2021-02-17,PAT,1117,427,690,1021,91,5,ITH,ITH2,4,Provincia Autonoma Trento,P.A. Trento,541380,409925,75.72,0.21
3280,2021-05-30,PAT,1770,872,898,862,840,68,ITH,ITH2,4,Provincia Autonoma Trento,P.A. Trento,541380,411695,76.05,0.33
3281,2021-04-03,PAT,1143,471,672,905,171,67,ITH,ITH2,4,Provincia Autonoma Trento,P.A. Trento,541380,412838,76.26,0.21
3282,2021-04-24,PAT,3550,1701,1849,3336,15,199,ITH,ITH2,4,Provincia Autonoma Trento,P.A. Trento,541380,416388,76.91,0.66
3283,2021-02-26,PAT,1218,435,783,900,295,23,ITH,ITH2,4,Provincia Autonoma Trento,P.A. Trento,541380,417606,77.14,0.22
3284,2021-01-14,PAT,701,203,498,699,0,2,ITH,ITH2,4,Provincia Autonoma Trento,P.A. Trento,541380,418307,77.27,0.13
3285,2021-01-02,PAT,502,143,359,502,0,0,ITH,ITH2,4,Provincia Autonoma Trento,P.A. Trento,541380,418809,77.36,0.09
3286,2021-03-29,PAT,2494,967,1527,1639,735,120,ITH,ITH2,4,Provincia Autonoma Trento,P.A. Trento,541380,421303,77.82,0.46
3287,2021-04-12,PAT,3086,1409,1677,2467,497,122,ITH,ITH2,4,Provincia Autonoma Trento,P.A. Trento,541380,424389,78.39,0.57
3288,2021-01-21,PAT,353,95,258,229,124,0,ITH,ITH2,4,Provincia Autonoma Trento,P.A. Trento,541380,424742,78.46,0.07
3289,2021-05-01,PAT,4851,2470,2381,4530,36,285,ITH,ITH2,4,Provincia Autonoma Trento,P.A. Trento,541380,429593,79.35,0.9
3290,2021-02-10,PAT,854,291,563,511,342,1,ITH,ITH2,4,Provincia Autonoma Trento,P.A. Trento,541380,430447,79.51,0.16
3291,2021-04-08,PAT,3142,1317,1825,1932,1118,92,ITH,ITH2,4,Provincia Autonoma Trento,P.A. Trento,541380,433589,80.09,0.58
3292,2021-06-11,PAT,7208,3432,3776,1478,5631,99,ITH,ITH2,4,Provincia Autonoma Trento,P.A. Trento,541380,440797,81.42,1.33
3293,2021-06-13,PAT,3686,2033,1653,275,3388,23,ITH,ITH2,4,Provincia Autonoma Trento,P.A. Trento,541380,444483,82.1,0.68
3294,2020-12-27,PAT,103,40,63,103,0,0,ITH,ITH2,4,Provincia Autonoma Trento,P.A. Trento,541380,444586,82.12,0.02
3295,2021-01-26,PAT,543,154,389,27,516,0,ITH,ITH2,4,Provincia Autonoma Trento,P.A. Trento,541380,445129,82.22,0.1
3296,2021-05-06,PAT,5534,2741,2793,4386,780,368,ITH,ITH2,4,Provincia Autonoma Trento,P.A. Trento,541380,450663,83.24,1.02
3297,2021-07-11,PAT,998,549,449,121,868,9,ITH,ITH2,4,Provincia Autonoma Trento,P.A. Trento,541380,451661,83.43,0.18
3298,2021-02-28,PAT,242,121,121,232,0,10,ITH,ITH2,4,Provincia Autonoma Trento,P.A. Trento,541380,451903,83.47,0.04
3299,2021-06-08,PAT,5922,2863,3059,1755,4051,116,ITH,ITH2,4,Provincia Autonoma Trento,P.A. Trento,541380,457825,84.57,1.09
3300,2021-04-26,PAT,2660,1254,1406,2400,95,165,ITH,ITH2,4,Provincia Autonoma Trento,P.A. Trento,541380,460485,85.06,0.49
3301,2021-02-19,PAT,929,359,570,838,59,32,ITH,ITH2,4,Provincia Autonoma Trento,P.A. Trento,541380,461414,85.23,0.17
3302,2021-02-21,PAT,155,92,63,43,112,0,ITH,ITH2,4,Provincia Autonoma Trento,P.A. Trento,541380,461569,85.26,0.03
3303,2021-05-15,PAT,1570,815,755,638,891,41,ITH,ITH2,4,Provincia Autonoma Trento,P.A. Trento,541380,463139,85.55,0.29
3304,2021-06-01,PAT,4019,1879,2140,1054,2859,106,ITH,ITH2,4,Provincia Autonoma Trento,P.A. Trento,541380,467158,86.29,0.74
3305,2021-03-10,PAT,2405,929,1476,1425,922,58,ITH,ITH2,4,Provincia Autonoma Trento,P.A. Trento,541380,469563,86.73,0.44
3306,2020-12-31,PAT,1627,449,1178,1627,0,0,ITH,ITH2,4,Provincia Autonoma Trento,P.A. Trento,541380,471190,87.03,0.3
3307,2021-06-22,PAT,6193,3382,2811,3480,2531,182,ITH,ITH2,4,Provincia Autonoma Trento,P.A. Trento,541380,477383,88.18,1.14
3308,2021-03-05,PAT,2248,704,1544,1590,566,92,ITH,ITH2,4,Provincia Autonoma Trento,P.A. Trento,541380,479631,88.59,0.42
3309,2021-01-07,PAT,1272,310,962,1269,0,3,ITH,ITH2,4,Provincia Autonoma Trento,P.A. Trento,541380,480903,88.83,0.23
3310,2021-05-25,PAT,4772,2268,2504,1721,2904,147,ITH,ITH2,4,Provincia Autonoma Trento,P.A. Trento,541380,485675,89.71,0.88
3311,2021-05-08,PAT,3162,1726,1436,2548,422,192,ITH,ITH2,4,Provincia Autonoma Trento,P.A. Trento,541380,488837,90.29,0.58
3312,2021-02-14,PAT,246,186,60,11,235,0,ITH,ITH2,4,Provincia Autonoma Trento,P.A. Trento,541380,489083,90.34,0.05
3313,2021-05-27,PAT,4295,1992,2303,1124,3043,128,ITH,ITH2,4,Provincia Autonoma Trento,P.A. Trento,541380,493378,91.13,0.79
3314,2021-04-17,PAT,2233,1139,1094,2073,57,103,ITH,ITH2,4,Provincia Autonoma Trento,P.A. Trento,541380,495611,91.55,0.41
3315,2021-04-19,PAT,2625,1235,1390,2419,22,184,ITH,ITH2,4,Provincia Autonoma Trento,P.A. Trento,541380,498236,92.03,0.48
3316,2021-06-15,PAT,6242,3284,2958,1597,4511,134,ITH,ITH2,4,Provincia Autonoma Trento,P.A. Trento,541380,504478,93.18,1.15
3317,2021-01-27,PAT,810,280,530,92,716,2,ITH,ITH2,4,Provincia Autonoma Trento,P.A. Trento,541380,505288,93.33,0.15
3318,2021-02-13,PAT,538,333,205,172,366,0,ITH,ITH2,4,Provincia Autonoma Trento,P.A. Trento,541380,505826,93.43,0.1
3319,2021-05-07,PAT,6001,3086,2915,4797,841,363,ITH,ITH2,4,Provincia Autonoma Trento,P.A. Trento,541380,511827,94.54,1.11
3320,2021-04-20,PAT,2879,1377,1502,2669,36,174,ITH,ITH2,4,Provincia Autonoma Trento,P.A. Trento,541380,514706,95.07,0.53
3321,2021-05-09,PAT,2324,1210,1114,1849,344,131,ITH,ITH2,4,Provincia Autonoma Trento,P.A. Trento,541380,517030,95.5,0.43
3322,2021-02-15,PAT,534,188,346,418,114,2,ITH,ITH2,4,Provincia Autonoma Trento,P.A. Trento,541380,517564,95.6,0.1
3323,2021-05-26,PAT,3918,1843,2075,1105,2693,120,ITH,ITH2,4,Provincia Autonoma Trento,P.A. Trento,541380,521482,96.32,0.72
3324,2021-01-10,PAT,85,20,65,85,0,0,ITH,ITH2,4,Provincia Autonoma Trento,P.A. Trento,541380,521567,96.34,0.02
3325,2021-01-29,PAT,1358,334,1024,55,1303,0,ITH,ITH2,4,Provincia Autonoma Trento,P.A. Trento,541380,522925,96.59,0.25
3326,2021-07-14,PAT,3974,2071,1903,1598,2277,99,ITH,ITH2,4,Provincia Autonoma Trento,P.A. Trento,541380,526899,97.33,0.73
3327,2021-04-22,PAT,3152,1470,1682,2932,45,175,ITH,ITH2,4,Provincia Autonoma Trento,P.A. Trento,541380,530051,97.91,0.58
3328,2021-04-07,PAT,2629,1018,1611,1571,943,115,ITH,ITH2,4,Provincia Autonoma Trento,P.A. Trento,541380,532680,98.39,0.49
3329,2021-07-16,PAT,4360,2235,2125,1592,2629,139,ITH,ITH2,4,Provincia Autonoma Trento,P.A. Trento,541380,537040,99.2,0.81
3330,2021-06-27,PAT,1303,698,605,361,938,4,ITH,ITH2,4,Provincia Autonoma Trento,P.A. Trento,541380,538343,99.44,0.24
3331,2021-01-12,PAT,507,158,349,506,0,1,ITH,ITH2,4,Provincia Autonoma Trento,P.A. Trento,541380,538850,99.53,0.09
3332,2021-03-19,PAT,2424,915,1509,1492,853,79,ITH,ITH2,4,Provincia Autonoma Trento,P.A. Trento,541380,541274,99.98,0.45
3333,2021-04-05,PAT,35,17,18,30,2,3,ITH,ITH2,4,Provincia Autonoma Trento,P.A. Trento,541380,541309,99.99,0.01
3334,2021-05-02,VDA,765,345,420,581,160,24,ITC,ITC2,2,Valle d'Aosta / Vallée d'Aoste,Valle d'Aosta,125666,765,0.61,0.61
3335,2021-01-22,VDA,56,21,35,20,36,0,ITC,ITC2,2,Valle d'Aosta / Vallée d'Aoste,Valle d'Aosta,125666,821,0.65,0.04
3336,2021-01-08,VDA,299,130,169,299,0,0,ITC,ITC2,2,Valle d'Aosta / Vallée d'Aoste,Valle d'Aosta,125666,1120,0.89,0.24
3337,2021-03-06,VDA,22,4,18,18,0,4,ITC,ITC2,2,Valle d'Aosta / Vallée d'Aoste,Valle d'Aosta,125666,1142,0.91,0.02
3338,2021-02-05,VDA,294,102,192,101,193,0,ITC,ITC2,2,Valle d'Aosta / Vallée d'Aoste,Valle d'Aosta,125666,1436,1.14,0.23
3339,2021-02-22,VDA,316,94,222,210,103,3,ITC,ITC2,2,Valle d'Aosta / Vallée d'Aoste,Valle d'Aosta,125666,1752,1.39,0.25
3340,2021-05-16,VDA,688,341,347,339,341,8,ITC,ITC2,2,Valle d'Aosta / Vallée d'Aoste,Valle d'Aosta,125666,2440,1.94,0.55
3341,2021-01-27,VDA,152,72,80,79,73,0,ITC,ITC2,2,Valle d'Aosta / Vallée d'Aoste,Valle d'Aosta,125666,2592,2.06,0.12
3342,2021-04-20,VDA,933,430,503,707,194,32,ITC,ITC2,2,Valle d'Aosta / Vallée d'Aoste,Valle d'Aosta,125666,3525,2.81,0.74
3343,2021-01-10,VDA,220,71,149,208,0,12,ITC,ITC2,2,Valle d'Aosta / Vallée d'Aoste,Valle d'Aosta,125666,3745,2.98,0.18
3344,2020-12-27,VDA,20,9,11,20,0,0,ITC,ITC2,2,Valle d'Aosta / Vallée d'Aoste,Valle d'Aosta,125666,3765,3.0,0.02
3345,2021-03-08,VDA,485,233,252,237,245,3,ITC,ITC2,2,Valle d'Aosta / Vallée d'Aoste,Valle d'Aosta,125666,4250,3.38,0.39
3346,2021-05-04,VDA,1135,510,625,434,673,28,ITC,ITC2,2,Valle d'Aosta / Vallée d'Aoste,Valle d'Aosta,125666,5385,4.29,0.9
3347,2021-06-16,VDA,683,365,318,639,40,4,ITC,ITC2,2,Valle d'Aosta / Vallée d'Aoste,Valle d'Aosta,125666,6068,4.83,0.54
3348,2021-03-15,VDA,362,123,239,150,203,9,ITC,ITC2,2,Valle d'Aosta / Vallée d'Aoste,Valle d'Aosta,125666,6430,5.12,0.29
3349,2021-05-11,VDA,647,325,322,468,151,28,ITC,ITC2,2,Valle d'Aosta / Vallée d'Aoste,Valle d'Aosta,125666,7077,5.63,0.51
3350,2021-04-27,VDA,978,423,555,650,292,36,ITC,ITC2,2,Valle d'Aosta / Vallée d'Aoste,Valle d'Aosta,125666,8055,6.41,0.78
3351,2021-01-17,VDA,131,56,75,131,0,0,ITC,ITC2,2,Valle d'Aosta / Vallée d'Aoste,Valle d'Aosta,125666,8186,6.51,0.1
3352,2021-06-23,VDA,1043,551,492,423,616,4,ITC,ITC2,2,Valle d'Aosta / Vallée d'Aoste,Valle d'Aosta,125666,9229,7.34,0.83
3353,2021-07-12,VDA,978,483,495,239,731,8,ITC,ITC2,2,Valle d'Aosta / Vallée d'Aoste,Valle d'Aosta,125666,10207,8.12,0.78
3354,2021-04-03,VDA,676,341,335,649,15,12,ITC,ITC2,2,Valle d'Aosta / Vallée d'Aoste,Valle d'Aosta,125666,10883,8.66,0.54
3355,2021-03-20,VDA,208,86,122,167,36,5,ITC,ITC2,2,Valle d'Aosta / Vallée d'Aoste,Valle d'Aosta,125666,11091,8.83,0.17
3356,2021-06-28,VDA,986,496,490,326,657,3,ITC,ITC2,2,Valle d'Aosta / Vallée d'Aoste,Valle d'Aosta,125666,12077,9.61,0.78
3357,2021-06-11,VDA,1047,483,564,756,283,8,ITC,ITC2,2,Valle d'Aosta / Vallée d'Aoste,Valle d'Aosta,125666,13124,10.44,0.83
3358,2021-05-23,VDA,999,465,534,653,340,6,ITC,ITC2,2,Valle d'Aosta / Vallée d'Aoste,Valle d'Aosta,125666,14123,11.24,0.79
3359,2021-04-15,VDA,810,377,433,638,139,33,ITC,ITC2,2,Valle d'Aosta / Vallée d'Aoste,Valle d'Aosta,125666,14933,11.88,0.64
3360,2021-07-07,VDA,792,439,353,413,362,17,ITC,ITC2,2,Valle d'Aosta / Vallée d'Aoste,Valle d'Aosta,125666,15725,12.51,0.63
3361,2021-07-24,VDA,1016,534,482,334,682,0,ITC,ITC2,2,Valle d'Aosta / Vallée d'Aoste,Valle d'Aosta,125666,16741,13.32,0.81
3362,2021-02-03,VDA,351,114,237,14,337,0,ITC,ITC2,2,Valle d'Aosta / Vallée d'Aoste,Valle d'Aosta,125666,17092,13.6,0.28
3363,2021-04-01,VDA,778,394,384,747,12,19,ITC,ITC2,2,Valle d'Aosta / Vallée d'Aoste,Valle d'Aosta,125666,17870,14.22,0.62
3364,2021-07-19,VDA,877,460,417,257,620,0,ITC,ITC2,2,Valle d'Aosta / Vallée d'Aoste,Valle d'Aosta,125666,18747,14.92,0.7
3365,2021-05-30,VDA,865,429,436,682,171,12,ITC,ITC2,2,Valle d'Aosta / Vallée d'Aoste,Valle d'Aosta,125666,19612,15.61,0.69
3366,2021-05-28,VDA,975,414,561,544,412,19,ITC,ITC2,2,Valle d'Aosta / Vallée d'Aoste,Valle d'Aosta,125666,20587,16.38,0.78
3367,2021-02-17,VDA,327,144,183,223,100,4,ITC,ITC2,2,Valle d'Aosta / Vallée d'Aoste,Valle d'Aosta,125666,20914,16.64,0.26
3368,2021-03-13,VDA,147,88,59,141,0,6,ITC,ITC2,2,Valle d'Aosta / Vallée d'Aoste,Valle d'Aosta,125666,21061,16.76,0.12
3369,2021-01-15,VDA,218,82,136,218,0,0,ITC,ITC2,2,Valle d'Aosta / Vallée d'Aoste,Valle d'Aosta,125666,21279,16.93,0.17
3370,2021-06-04,VDA,908,383,525,470,433,5,ITC,ITC2,2,Valle d'Aosta / Vallée d'Aoste,Valle d'Aosta,125666,22187,17.66,0.72
3371,2021-07-23,VDA,970,484,486,364,606,0,ITC,ITC2,2,Valle d'Aosta / Vallée d'Aoste,Valle d'Aosta,125666,23157,18.43,0.77
3372,2021-06-09,VDA,1027,535,492,984,35,8,ITC,ITC2,2,Valle d'Aosta / Vallée d'Aoste,Valle d'Aosta,125666,24184,19.24,0.82
3373,2021-03-01,VDA,181,66,115,139,34,8,ITC,ITC2,2,Valle d'Aosta / Vallée d'Aoste,Valle d'Aosta,125666,24365,19.39,0.14
3374,2021-02-15,VDA,264,136,128,225,35,4,ITC,ITC2,2,Valle d'Aosta / Vallée d'Aoste,Valle d'Aosta,125666,24629,19.6,0.21
3375,2021-01-29,VDA,318,138,180,2,316,0,ITC,ITC2,2,Valle d'Aosta / Vallée d'Aoste,Valle d'Aosta,125666,24947,19.85,0.25
3376,2021-04-22,VDA,1068,450,618,652,383,33,ITC,ITC2,2,Valle d'Aosta / Vallée d'Aoste,Valle d'Aosta,125666,26015,20.7,0.85
3377,2021-05-09,VDA,574,287,287,425,130,19,ITC,ITC2,2,Valle d'Aosta / Vallée d'Aoste,Valle d'Aosta,125666,26589,21.16,0.46
3378,2021-03-17,VDA,433,185,248,259,160,14,ITC,ITC2,2,Valle d'Aosta / Vallée d'Aoste,Valle d'Aosta,125666,27022,21.5,0.34
3379,2021-03-03,VDA,255,118,137,182,68,5,ITC,ITC2,2,Valle d'Aosta / Vallée d'Aoste,Valle d'Aosta,125666,27277,21.71,0.2
3380,2021-06-30,VDA,1117,542,575,415,692,10,ITC,ITC2,2,Valle d'Aosta / Vallée d'Aoste,Valle d'Aosta,125666,28394,22.59,0.89
3381,2021-01-31,VDA,291,91,200,58,233,0,ITC,ITC2,2,Valle d'Aosta / Vallée d'Aoste,Valle d'Aosta,125666,28685,22.83,0.23
3382,2021-04-13,VDA,373,171,202,311,44,18,ITC,ITC2,2,Valle d'Aosta / Vallée d'Aoste,Valle d'Aosta,125666,29058,23.12,0.3
3383,2021-07-05,VDA,834,355,479,312,508,14,ITC,ITC2,2,Valle d'Aosta / Vallée d'Aoste,Valle d'Aosta,125666,29892,23.79,0.66
3384,2021-03-27,VDA,333,164,169,289,31,13,ITC,ITC2,2,Valle d'Aosta / Vallée d'Aoste,Valle d'Aosta,125666,30225,24.05,0.26
3385,2021-06-18,VDA,998,443,555,589,399,10,ITC,ITC2,2,Valle d'Aosta / Vallée d'Aoste,Valle d'Aosta,125666,31223,24.85,0.79
3386,2021-02-24,VDA,183,82,101,162,19,2,ITC,ITC2,2,Valle d'Aosta / Vallée d'Aoste,Valle d'Aosta,125666,31406,24.99,0.15
3387,2021-04-08,VDA,584,282,302,420,143,21,ITC,ITC2,2,Valle d'Aosta / Vallée d'Aoste,Valle d'Aosta,125666,31990,25.46,0.46
3388,2021-06-13,VDA,852,400,452,371,478,3,ITC,ITC2,2,Valle d'Aosta / Vallée d'Aoste,Valle d'Aosta,125666,32842,26.13,0.68
3389,2021-06-08,VDA,712,356,356,675,33,4,ITC,ITC2,2,Valle d'Aosta / Vallée d'Aoste,Valle d'Aosta,125666,33554,26.7,0.57
3390,2021-02-10,VDA,248,77,171,141,107,0,ITC,ITC2,2,Valle d'Aosta / Vallée d'Aoste,Valle d'Aosta,125666,33802,26.9,0.2
3391,2021-03-25,VDA,389,154,235,364,10,15,ITC,ITC2,2,Valle d'Aosta / Vallée d'Aoste,Valle d'Aosta,125666,34191,27.21,0.31
3392,2021-05-21,VDA,917,433,484,515,386,16,ITC,ITC2,2,Valle d'Aosta / Vallée d'Aoste,Valle d'Aosta,125666,35108,27.94,0.73
3393,2021-04-17,VDA,638,407,231,593,2,43,ITC,ITC2,2,Valle d'Aosta / Vallée d'Aoste,Valle d'Aosta,125666,35746,28.45,0.51
3394,2021-01-07,VDA,276,111,165,276,0,0,ITC,ITC2,2,Valle d'Aosta / Vallée d'Aoste,Valle d'Aosta,125666,36022,28.66,0.22
3395,2021-02-19,VDA,292,102,190,266,24,2,ITC,ITC2,2,Valle d'Aosta / Vallée d'Aoste,Valle d'Aosta,125666,36314,28.9,0.23
3396,2021-03-31,VDA,555,302,253,511,26,18,ITC,ITC2,2,Valle d'Aosta / Vallée d'Aoste,Valle d'Aosta,125666,36869,29.34,0.44
3397,2021-05-27,VDA,1089,497,592,574,503,12,ITC,ITC2,2,Valle d'Aosta / Vallée d'Aoste,Valle d'Aosta,125666,37958,30.21,0.87
3398,2021-05-13,VDA,1139,556,583,515,599,25,ITC,ITC2,2,Valle d'Aosta / Vallée d'Aoste,Valle d'Aosta,125666,39097,31.11,0.91
3399,2021-02-02,VDA,273,70,203,2,271,0,ITC,ITC2,2,Valle d'Aosta / Vallée d'Aoste,Valle d'Aosta,125666,39370,31.33,0.22
3400,2021-07-09,VDA,945,446,499,280,656,9,ITC,ITC2,2,Valle d'Aosta / Vallée d'Aoste,Valle d'Aosta,125666,40315,32.08,0.75
3401,2021-06-25,VDA,977,445,532,323,652,2,ITC,ITC2,2,Valle d'Aosta / Vallée d'Aoste,Valle d'Aosta,125666,41292,32.86,0.78
3402,2021-05-20,VDA,823,370,453,373,440,10,ITC,ITC2,2,Valle d'Aosta / Vallée d'Aoste,Valle d'Aosta,125666,42115,33.51,0.65
3403,2021-07-02,VDA,866,383,483,301,560,5,ITC,ITC2,2,Valle d'Aosta / Vallée d'Aoste,Valle d'Aosta,125666,42981,34.2,0.69
3404,2021-03-24,VDA,515,230,285,255,257,3,ITC,ITC2,2,Valle d'Aosta / Vallée d'Aoste,Valle d'Aosta,125666,43496,34.61,0.41
3405,2021-05-06,VDA,1080,513,567,662,384,34,ITC,ITC2,2,Valle d'Aosta / Vallée d'Aoste,Valle d'Aosta,125666,44576,35.47,0.86
3406,2021-01-19,VDA,256,77,179,256,0,0,ITC,ITC2,2,Valle d'Aosta / Vallée d'Aoste,Valle d'Aosta,125666,44832,35.68,0.2
3407,2021-04-12,VDA,486,186,300,306,163,17,ITC,ITC2,2,Valle d'Aosta / Vallée d'Aoste,Valle d'Aosta,125666,45318,36.06,0.39
3408,2021-04-29,VDA,1291,634,657,736,534,21,ITC,ITC2,2,Valle d'Aosta / Vallée d'Aoste,Valle d'Aosta,125666,46609,37.09,1.03
3409,2021-07-21,VDA,1164,635,529,315,849,0,ITC,ITC2,2,Valle d'Aosta / Vallée d'Aoste,Valle d'Aosta,125666,47773,38.02,0.93
3410,2021-07-04,VDA,1191,530,661,338,838,15,ITC,ITC2,2,Valle d'Aosta / Vallée d'Aoste,Valle d'Aosta,125666,48964,38.96,0.95
3411,2021-05-25,VDA,1115,530,585,529,574,12,ITC,ITC2,2,Valle d'Aosta / Vallée d'Aoste,Valle d'Aosta,125666,50079,39.85,0.89
3412,2021-02-14,VDA,48,16,32,1,47,0,ITC,ITC2,2,Valle d'Aosta / Vallée d'Aoste,Valle d'Aosta,125666,50127,39.89,0.04
3413,2021-05-08,VDA,904,540,364,497,378,29,ITC,ITC2,2,Valle d'Aosta / Vallée d'Aoste,Valle d'Aosta,125666,51031,40.61,0.72
3414,2021-07-16,VDA,1075,552,523,346,729,0,ITC,ITC2,2,Valle d'Aosta / Vallée d'Aoste,Valle d'Aosta,125666,52106,41.46,0.86
3415,2021-01-26,VDA,140,49,91,0,140,0,ITC,ITC2,2,Valle d'Aosta / Vallée d'Aoste,Valle d'Aosta,125666,52246,41.58,0.11
3416,2021-02-12,VDA,263,96,167,216,46,1,ITC,ITC2,2,Valle d'Aosta / Vallée d'Aoste,Valle d'Aosta,125666,52509,41.78,0.21
3417,2021-01-12,VDA,302,72,230,302,0,0,ITC,ITC2,2,Valle d'Aosta / Vallée d'Aoste,Valle d'Aosta,125666,52811,42.02,0.24
3418,2021-05-24,VDA,1136,516,620,673,447,16,ITC,ITC2,2,Valle d'Aosta / Vallée d'Aoste,Valle d'Aosta,125666,53947,42.93,0.9
3419,2021-05-10,VDA,782,381,401,531,235,16,ITC,ITC2,2,Valle d'Aosta / Vallée d'Aoste,Valle d'Aosta,125666,54729,43.55,0.62
3420,2021-04-21,VDA,868,410,458,588,248,32,ITC,ITC2,2,Valle d'Aosta / Vallée d'Aoste,Valle d'Aosta,125666,55597,44.24,0.69
3421,2021-07-13,VDA,1061,567,494,307,748,6,ITC,ITC2,2,Valle d'Aosta / Vallée d'Aoste,Valle d'Aosta,125666,56658,45.09,0.84
3422,2021-02-26,VDA,207,58,149,108,85,14,ITC,ITC2,2,Valle d'Aosta / Vallée d'Aoste,Valle d'Aosta,125666,56865,45.25,0.16
3423,2021-04-10,VDA,404,190,214,387,5,12,ITC,ITC2,2,Valle d'Aosta / Vallée d'Aoste,Valle d'Aosta,125666,57269,45.57,0.32
3424,2020-12-31,VDA,18,4,14,18,0,0,ITC,ITC2,2,Valle d'Aosta / Vallée d'Aoste,Valle d'Aosta,125666,57287,45.59,0.01
3425,2021-06-06,VDA,1160,582,578,782,373,5,ITC,ITC2,2,Valle d'Aosta / Vallée d'Aoste,Valle d'Aosta,125666,58447,46.51,0.92
3426,2021-06-15,VDA,876,479,397,608,255,13,ITC,ITC2,2,Valle d'Aosta / Vallée d'Aoste,Valle d'Aosta,125666,59323,47.21,0.7
3427,2021-04-05,VDA,464,223,241,439,6,19,ITC,ITC2,2,Valle d'Aosta / Vallée d'Aoste,Valle d'Aosta,125666,59787,47.58,0.37
3428,2021-06-27,VDA,1250,607,643,312,928,10,ITC,ITC2,2,Valle d'Aosta / Vallée d'Aoste,Valle d'Aosta,125666,61037,48.57,0.99
3429,2021-07-14,VDA,1019,532,487,293,726,0,ITC,ITC2,2,Valle d'Aosta / Vallée d'Aoste,Valle d'Aosta,125666,62056,49.38,0.81
3430,2021-01-28,VDA,291,123,168,56,235,0,ITC,ITC2,2,Valle d'Aosta / Vallée d'Aoste,Valle d'Aosta,125666,62347,49.61,0.23
3431,2021-06-12,VDA,1233,599,634,1063,166,4,ITC,ITC2,2,Valle d'Aosta / Vallée d'Aoste,Valle d'Aosta,125666,63580,50.59,0.98
3432,2021-03-19,VDA,322,85,237,277,35,10,ITC,ITC2,2,Valle d'Aosta / Vallée d'Aoste,Valle d'Aosta,125666,63902,50.85,0.26
3433,2021-01-05,VDA,150,54,96,150,0,0,ITC,ITC2,2,Valle d'Aosta / Vallée d'Aoste,Valle d'Aosta,125666,64052,50.97,0.12
3434,2021-01-14,VDA,237,69,168,237,0,0,ITC,ITC2,2,Valle d'Aosta / Vallée d'Aoste,Valle d'Aosta,125666,64289,51.16,0.19
3435,2021-04-24,VDA,722,400,322,533,167,22,ITC,ITC2,2,Valle d'Aosta / Vallée d'Aoste,Valle d'Aosta,125666,65011,51.73,0.57
3436,2021-04-19,VDA,752,325,427,520,209,23,ITC,ITC2,2,Valle d'Aosta / Vallée d'Aoste,Valle d'Aosta,125666,65763,52.33,0.6
3437,2021-02-16,VDA,326,53,273,309,6,11,ITC,ITC2,2,Valle d'Aosta / Vallée d'Aoste,Valle d'Aosta,125666,66089,52.59,0.26
3438,2021-04-07,VDA,910,474,436,654,229,27,ITC,ITC2,2,Valle d'Aosta / Vallée d'Aoste,Valle d'Aosta,125666,66999,53.32,0.72
3439,2021-02-09,VDA,251,84,167,67,183,1,ITC,ITC2,2,Valle d'Aosta / Vallée d'Aoste,Valle d'Aosta,125666,67250,53.51,0.2
3440,2021-03-21,VDA,355,165,190,346,0,9,ITC,ITC2,2,Valle d'Aosta / Vallée d'Aoste,Valle d'Aosta,125666,67605,53.8,0.28
3441,2021-06-29,VDA,780,390,390,235,542,3,ITC,ITC2,2,Valle d'Aosta / Vallée d'Aoste,Valle d'Aosta,125666,68385,54.42,0.62
3442,2021-06-10,VDA,1002,558,444,953,42,7,ITC,ITC2,2,Valle d'Aosta / Vallée d'Aoste,Valle d'Aosta,125666,69387,55.22,0.8
3443,2021-03-02,VDA,339,166,173,291,3,45,ITC,ITC2,2,Valle d'Aosta / Vallée d'Aoste,Valle d'Aosta,125666,69726,55.49,0.27
3444,2021-03-22,VDA,560,205,355,324,227,9,ITC,ITC2,2,Valle d'Aosta / Vallée d'Aoste,Valle d'Aosta,125666,70286,55.93,0.45
3445,2021-06-05,VDA,925,476,449,729,188,8,ITC,ITC2,2,Valle d'Aosta / Vallée d'Aoste,Valle d'Aosta,125666,71211,56.67,0.74
3446,2021-02-11,VDA,231,107,124,221,9,1,ITC,ITC2,2,Valle d'Aosta / Vallée d'Aoste,Valle d'Aosta,125666,71442,56.85,0.18
3447,2021-07-18,VDA,926,454,472,252,674,0,ITC,ITC2,2,Valle d'Aosta / Vallée d'Aoste,Valle d'Aosta,125666,72368,57.59,0.74
3448,2021-04-09,VDA,237,111,126,200,33,4,ITC,ITC2,2,Valle d'Aosta / Vallée d'Aoste,Valle d'Aosta,125666,72605,57.78,0.19
3449,2021-05-22,VDA,952,502,450,543,400,9,ITC,ITC2,2,Valle d'Aosta / Vallée d'Aoste,Valle d'Aosta,125666,73557,58.53,0.76
3450,2021-07-25,VDA,549,255,294,2,547,0,ITC,ITC2,2,Valle d'Aosta / Vallée d'Aoste,Valle d'Aosta,125666,74106,58.97,0.44
3451,2021-04-16,VDA,599,261,338,565,2,32,ITC,ITC2,2,Valle d'Aosta / Vallée d'Aoste,Valle d'Aosta,125666,74705,59.45,0.48
3452,2021-04-02,VDA,873,344,529,595,225,53,ITC,ITC2,2,Valle d'Aosta / Vallée d'Aoste,Valle d'Aosta,125666,75578,60.14,0.69
3453,2021-05-29,VDA,798,434,364,553,237,8,ITC,ITC2,2,Valle d'Aosta / Vallée d'Aoste,Valle d'Aosta,125666,76376,60.78,0.64
3454,2021-07-11,VDA,907,471,436,254,642,11,ITC,ITC2,2,Valle d'Aosta / Vallée d'Aoste,Valle d'Aosta,125666,77283,61.5,0.72
3455,2021-02-25,VDA,201,101,100,190,7,4,ITC,ITC2,2,Valle d'Aosta / Vallée d'Aoste,Valle d'Aosta,125666,77484,61.66,0.16
3456,2021-05-18,VDA,970,484,486,349,617,4,ITC,ITC2,2,Valle d'Aosta / Vallée d'Aoste,Valle d'Aosta,125666,78454,62.43,0.77
3457,2021-02-07,VDA,292,120,172,190,102,0,ITC,ITC2,2,Valle d'Aosta / Vallée d'Aoste,Valle d'Aosta,125666,78746,62.66,0.23
3458,2021-05-01,VDA,940,563,377,439,484,17,ITC,ITC2,2,Valle d'Aosta / Vallée d'Aoste,Valle d'Aosta,125666,79686,63.41,0.75
3459,2021-04-14,VDA,941,430,511,689,224,28,ITC,ITC2,2,Valle d'Aosta / Vallée d'Aoste,Valle d'Aosta,125666,80627,64.16,0.75
3460,2021-07-06,VDA,882,479,403,155,722,5,ITC,ITC2,2,Valle d'Aosta / Vallée d'Aoste,Valle d'Aosta,125666,81509,64.86,0.7
3461,2021-01-02,VDA,6,5,1,6,0,0,ITC,ITC2,2,Valle d'Aosta / Vallée d'Aoste,Valle d'Aosta,125666,81515,64.87,0.0
3462,2021-03-26,VDA,498,204,294,472,7,19,ITC,ITC2,2,Valle d'Aosta / Vallée d'Aoste,Valle d'Aosta,125666,82013,65.26,0.4
3463,2021-03-05,VDA,276,124,152,52,223,1,ITC,ITC2,2,Valle d'Aosta / Vallée d'Aoste,Valle d'Aosta,125666,82289,65.48,0.22
3464,2021-02-28,VDA,260,86,174,73,183,4,ITC,ITC2,2,Valle d'Aosta / Vallée d'Aoste,Valle d'Aosta,125666,82549,65.69,0.21
3465,2021-05-05,VDA,1038,566,472,434,582,22,ITC,ITC2,2,Valle d'Aosta / Vallée d'Aoste,Valle d'Aosta,125666,83587,66.52,0.83
3466,2021-05-07,VDA,564,245,319,517,31,16,ITC,ITC2,2,Valle d'Aosta / Vallée d'Aoste,Valle d'Aosta,125666,84151,66.96,0.45
3467,2021-04-23,VDA,922,443,479,511,383,28,ITC,ITC2,2,Valle d'Aosta / Vallée d'Aoste,Valle d'Aosta,125666,85073,67.7,0.73
3468,2021-01-13,VDA,337,110,227,337,0,0,ITC,ITC2,2,Valle d'Aosta / Vallée d'Aoste,Valle d'Aosta,125666,85410,67.97,0.27
3469,2021-07-15,VDA,1085,589,496,297,788,0,ITC,ITC2,2,Valle d'Aosta / Vallée d'Aoste,Valle d'Aosta,125666,86495,68.83,0.86
3470,2021-04-06,VDA,741,381,360,595,112,34,ITC,ITC2,2,Valle d'Aosta / Vallée d'Aoste,Valle d'Aosta,125666,87236,69.42,0.59
3471,2021-03-18,VDA,136,43,93,96,37,3,ITC,ITC2,2,Valle d'Aosta / Vallée d'Aoste,Valle d'Aosta,125666,87372,69.53,0.11
3472,2021-06-26,VDA,1061,509,552,350,704,7,ITC,ITC2,2,Valle d'Aosta / Vallée d'Aoste,Valle d'Aosta,125666,88433,70.37,0.84
3473,2021-07-20,VDA,1117,583,534,396,721,0,ITC,ITC2,2,Valle d'Aosta / Vallée d'Aoste,Valle d'Aosta,125666,89550,71.26,0.89
3474,2021-04-18,VDA,522,254,268,493,3,26,ITC,ITC2,2,Valle d'Aosta / Vallée d'Aoste,Valle d'Aosta,125666,90072,71.68,0.42
3475,2021-06-14,VDA,311,167,144,12,299,0,ITC,ITC2,2,Valle d'Aosta / Vallée d'Aoste,Valle d'Aosta,125666,90383,71.92,0.25
3476,2021-05-31,VDA,880,396,484,490,379,11,ITC,ITC2,2,Valle d'Aosta / Vallée d'Aoste,Valle d'Aosta,125666,91263,72.62,0.7
3477,2021-01-06,VDA,65,33,32,65,0,0,ITC,ITC2,2,Valle d'Aosta / Vallée d'Aoste,Valle d'Aosta,125666,91328,72.68,0.05
3478,2021-02-18,VDA,349,153,196,255,88,6,ITC,ITC2,2,Valle d'Aosta / Vallée d'Aoste,Valle d'Aosta,125666,91677,72.95,0.28
3479,2021-01-16,VDA,237,80,157,237,0,0,ITC,ITC2,2,Valle d'Aosta / Vallée d'Aoste,Valle d'Aosta,125666,91914,73.14,0.19
3480,2021-06-22,VDA,1189,666,523,529,648,12,ITC,ITC2,2,Valle d'Aosta / Vallée d'Aoste,Valle d'Aosta,125666,93103,74.09,0.95
3481,2021-03-14,VDA,392,200,192,373,0,19,ITC,ITC2,2,Valle d'Aosta / Vallée d'Aoste,Valle d'Aosta,125666,93495,74.4,0.31
3482,2021-04-26,VDA,715,327,388,512,170,33,ITC,ITC2,2,Valle d'Aosta / Vallée d'Aoste,Valle d'Aosta,125666,94210,74.97,0.57
3483,2021-07-01,VDA,962,473,489,328,621,13,ITC,ITC2,2,Valle d'Aosta / Vallée d'Aoste,Valle d'Aosta,125666,95172,75.73,0.77
3484,2021-01-09,VDA,443,199,244,442,0,1,ITC,ITC2,2,Valle d'Aosta / Vallée d'Aoste,Valle d'Aosta,125666,95615,76.09,0.35
3485,2021-06-24,VDA,1221,629,592,379,833,9,ITC,ITC2,2,Valle d'Aosta / Vallée d'Aoste,Valle d'Aosta,125666,96836,77.06,0.97
3486,2021-07-03,VDA,935,484,451,390,536,9,ITC,ITC2,2,Valle d'Aosta / Vallée d'Aoste,Valle d'Aosta,125666,97771,77.8,0.74
3487,2021-01-11,VDA,325,112,213,325,0,0,ITC,ITC2,2,Valle d'Aosta / Vallée d'Aoste,Valle d'Aosta,125666,98096,78.06,0.26
3488,2021-04-04,VDA,572,253,319,550,1,21,ITC,ITC2,2,Valle d'Aosta / Vallée d'Aoste,Valle d'Aosta,125666,98668,78.52,0.46
3489,2021-05-03,VDA,839,400,439,458,351,30,ITC,ITC2,2,Valle d'Aosta / Vallée d'Aoste,Valle d'Aosta,125666,99507,79.18,0.67
3490,2021-03-07,VDA,64,30,34,11,53,0,ITC,ITC2,2,Valle d'Aosta / Vallée d'Aoste,Valle d'Aosta,125666,99571,79.23,0.05
3491,2021-06-17,VDA,775,422,353,614,149,12,ITC,ITC2,2,Valle d'Aosta / Vallée d'Aoste,Valle d'Aosta,125666,100346,79.85,0.62
3492,2021-01-21,VDA,33,12,21,33,0,0,ITC,ITC2,2,Valle d'Aosta / Vallée d'Aoste,Valle d'Aosta,125666,100379,79.88,0.03
3493,2021-01-04,VDA,142,59,83,142,0,0,ITC,ITC2,2,Valle d'Aosta / Vallée d'Aoste,Valle d'Aosta,125666,100521,79.99,0.11
3494,2021-03-28,VDA,522,212,310,493,1,28,ITC,ITC2,2,Valle d'Aosta / Vallée d'Aoste,Valle d'Aosta,125666,101043,80.41,0.42
3495,2021-04-25,VDA,849,408,441,673,139,37,ITC,ITC2,2,Valle d'Aosta / Vallée d'Aoste,Valle d'Aosta,125666,101892,81.08,0.68
3496,2021-06-21,VDA,1122,600,522,607,505,10,ITC,ITC2,2,Valle d'Aosta / Vallée d'Aoste,Valle d'Aosta,125666,103014,81.97,0.89
3497,2021-06-07,VDA,710,347,363,638,61,11,ITC,ITC2,2,Valle d'Aosta / Vallée d'Aoste,Valle d'Aosta,125666,103724,82.54,0.56
3498,2021-02-27,VDA,231,85,146,119,107,5,ITC,ITC2,2,Valle d'Aosta / Vallée d'Aoste,Valle d'Aosta,125666,103955,82.72,0.18
3499,2021-02-08,VDA,223,83,140,25,198,0,ITC,ITC2,2,Valle d'Aosta / Vallée d'Aoste,Valle d'Aosta,125666,104178,82.9,0.18
3500,2021-03-23,VDA,379,150,229,228,134,17,ITC,ITC2,2,Valle d'Aosta / Vallée d'Aoste,Valle d'Aosta,125666,104557,83.2,0.3
3501,2021-05-19,VDA,993,498,495,411,575,7,ITC,ITC2,2,Valle d'Aosta / Vallée d'Aoste,Valle d'Aosta,125666,105550,83.99,0.79
3502,2021-02-13,VDA,216,196,20,213,1,2,ITC,ITC2,2,Valle d'Aosta / Vallée d'Aoste,Valle d'Aosta,125666,105766,84.16,0.17
3503,2021-03-04,VDA,291,139,152,39,250,2,ITC,ITC2,2,Valle d'Aosta / Vallée d'Aoste,Valle d'Aosta,125666,106057,84.4,0.23
3504,2021-05-26,VDA,1209,587,622,565,633,11,ITC,ITC2,2,Valle d'Aosta / Vallée d'Aoste,Valle d'Aosta,125666,107266,85.36,0.96
3505,2021-01-30,VDA,439,202,237,12,425,2,ITC,ITC2,2,Valle d'Aosta / Vallée d'Aoste,Valle d'Aosta,125666,107705,85.71,0.35
3506,2021-01-25,VDA,147,65,82,0,147,0,ITC,ITC2,2,Valle d'Aosta / Vallée d'Aoste,Valle d'Aosta,125666,107852,85.82,0.12
3507,2021-07-10,VDA,1289,667,622,321,957,11,ITC,ITC2,2,Valle d'Aosta / Vallée d'Aoste,Valle d'Aosta,125666,109141,86.85,1.03
3508,2021-05-14,VDA,960,442,518,249,669,42,ITC,ITC2,2,Valle d'Aosta / Vallée d'Aoste,Valle d'Aosta,125666,110101,87.61,0.76
3509,2021-03-11,VDA,197,76,121,66,131,0,ITC,ITC2,2,Valle d'Aosta / Vallée d'Aoste,Valle d'Aosta,125666,110298,87.77,0.16
3510,2021-06-02,VDA,1215,688,527,812,401,2,ITC,ITC2,2,Valle d'Aosta / Vallée d'Aoste,Valle d'Aosta,125666,111513,88.74,0.97
3511,2021-06-19,VDA,1288,667,621,657,619,12,ITC,ITC2,2,Valle d'Aosta / Vallée d'Aoste,Valle d'Aosta,125666,112801,89.76,1.02
3512,2021-03-09,VDA,206,96,110,166,32,8,ITC,ITC2,2,Valle d'Aosta / Vallée d'Aoste,Valle d'Aosta,125666,113007,89.93,0.16
3513,2021-02-20,VDA,251,210,41,238,10,3,ITC,ITC2,2,Valle d'Aosta / Vallée d'Aoste,Valle d'Aosta,125666,113258,90.13,0.2
3514,2021-03-16,VDA,182,37,145,109,64,9,ITC,ITC2,2,Valle d'Aosta / Vallée d'Aoste,Valle d'Aosta,125666,113440,90.27,0.14
3515,2021-02-01,VDA,404,127,277,84,317,3,ITC,ITC2,2,Valle d'Aosta / Vallée d'Aoste,Valle d'Aosta,125666,113844,90.59,0.32
3516,2021-07-08,VDA,1275,709,566,341,924,10,ITC,ITC2,2,Valle d'Aosta / Vallée d'Aoste,Valle d'Aosta,125666,115119,91.61,1.01
3517,2021-03-30,VDA,402,223,179,365,20,17,ITC,ITC2,2,Valle d'Aosta / Vallée d'Aoste,Valle d'Aosta,125666,115521,91.93,0.32
3518,2021-05-12,VDA,1140,549,591,439,670,31,ITC,ITC2,2,Valle d'Aosta / Vallée d'Aoste,Valle d'Aosta,125666,116661,92.83,0.91
3519,2021-07-17,VDA,985,519,466,255,730,0,ITC,ITC2,2,Valle d'Aosta / Vallée d'Aoste,Valle d'Aosta,125666,117646,93.62,0.78
3520,2021-03-29,VDA,493,233,260,448,40,5,ITC,ITC2,2,Valle d'Aosta / Vallée d'Aoste,Valle d'Aosta,125666,118139,94.01,0.39
3521,2021-06-20,VDA,1131,545,586,478,643,10,ITC,ITC2,2,Valle d'Aosta / Vallée d'Aoste,Valle d'Aosta,125666,119270,94.91,0.9
3522,2021-03-12,VDA,531,175,356,291,226,14,ITC,ITC2,2,Valle d'Aosta / Vallée d'Aoste,Valle d'Aosta,125666,119801,95.33,0.42
3523,2021-03-10,VDA,438,183,255,220,213,5,ITC,ITC2,2,Valle d'Aosta / Vallée d'Aoste,Valle d'Aosta,125666,120239,95.68,0.35
3524,2021-02-21,VDA,18,3,15,0,18,0,ITC,ITC2,2,Valle d'Aosta / Vallée d'Aoste,Valle d'Aosta,125666,120257,95.7,0.01
3525,2021-06-01,VDA,871,469,402,510,353,8,ITC,ITC2,2,Valle d'Aosta / Vallée d'Aoste,Valle d'Aosta,125666,121128,96.39,0.69
3526,2021-02-23,VDA,216,123,93,215,0,1,ITC,ITC2,2,Valle d'Aosta / Vallée d'Aoste,Valle d'Aosta,125666,121344,96.56,0.17
3527,2021-06-03,VDA,1306,667,639,884,410,12,ITC,ITC2,2,Valle d'Aosta / Vallée d'Aoste,Valle d'Aosta,125666,122650,97.6,1.04
3528,2021-05-17,VDA,809,417,392,367,434,8,ITC,ITC2,2,Valle d'Aosta / Vallée d'Aoste,Valle d'Aosta,125666,123459,98.24,0.64
3529,2021-05-15,VDA,1065,614,451,367,685,13,ITC,ITC2,2,Valle d'Aosta / Vallée d'Aoste,Valle d'Aosta,125666,124524,99.09,0.85
3530,2021-02-04,VDA,294,86,208,8,286,0,ITC,ITC2,2,Valle d'Aosta / Vallée d'Aoste,Valle d'Aosta,125666,124818,99.33,0.23
3531,2021-04-28,VDA,1218,632,586,681,503,34,ITC,ITC2,2,Valle d'Aosta / Vallée d'Aoste,Valle d'Aosta,125666,126036,100.29,0.97
3532,2021-02-06,VDA,289,104,185,91,197,1,ITC,ITC2,2,Valle d'Aosta / Vallée d'Aoste,Valle d'Aosta,125666,126325,100.52,0.23
3533,2021-04-30,VDA,831,355,476,467,346,18,ITC,ITC2,2,Valle d'Aosta / Vallée d'Aoste,Valle d'Aosta,125666,127156,101.19,0.66
3534,2021-01-20,VDA,23,8,15,23,0,0,ITC,ITC2,2,Valle d'Aosta / Vallée d'Aoste,Valle d'Aosta,125666,127179,101.2,0.02
3535,2021-07-22,VDA,971,513,458,275,696,0,ITC,ITC2,2,Valle d'Aosta / Vallée d'Aoste,Valle d'Aosta,125666,128150,101.98,0.77
3536,2021-01-18,VDA,213,74,139,213,0,0,ITC,ITC2,2,Valle d'Aosta / Vallée d'Aoste,Valle d'Aosta,125666,128363,102.15,0.17
3537,2021-04-11,VDA,479,208,271,462,0,17,ITC,ITC2,2,Valle d'Aosta / Vallée d'Aoste,Valle d'Aosta,125666,128842,102.53,0.38
3538,2021-02-18,FVG,3218,1492,1726,2793,407,18,ITH,ITH4,6,Friuli-Venezia Giulia,Friuli Venezia Giulia,1215220,3218,0.26,0.26
3539,2021-04-02,FVG,6595,2927,3668,4634,1838,123,ITH,ITH4,6,Friuli-Venezia Giulia,Friuli Venezia Giulia,1215220,9813,0.81,0.54
3540,2021-04-16,FVG,6963,3027,3936,4907,1926,130,ITH,ITH4,6,Friuli-Venezia Giulia,Friuli Venezia Giulia,1215220,16776,1.38,0.57
3541,2021-01-06,FVG,716,265,451,716,0,0,ITH,ITH4,6,Friuli-Venezia Giulia,Friuli Venezia Giulia,1215220,17492,1.44,0.06
3542,2021-01-30,FVG,2277,745,1532,270,2007,0,ITH,ITH4,6,Friuli-Venezia Giulia,Friuli Venezia Giulia,1215220,19769,1.63,0.19
3543,2021-07-13,FVG,10922,5630,5292,1049,9718,155,ITH,ITH4,6,Friuli-Venezia Giulia,Friuli Venezia Giulia,1215220,30691,2.53,0.9
3544,2021-06-26,FVG,10203,5195,5008,4036,6154,13,ITH,ITH4,6,Friuli-Venezia Giulia,Friuli Venezia Giulia,1215220,40894,3.37,0.84
3545,2021-03-28,FVG,4939,2355,2584,4688,158,93,ITH,ITH4,6,Friuli-Venezia Giulia,Friuli Venezia Giulia,1215220,45833,3.77,0.41
3546,2021-01-18,FVG,1961,606,1355,1867,94,0,ITH,ITH4,6,Friuli-Venezia Giulia,Friuli Venezia Giulia,1215220,47794,3.93,0.16
3547,2021-01-04,FVG,1507,558,949,1507,0,0,ITH,ITH4,6,Friuli-Venezia Giulia,Friuli Venezia Giulia,1215220,49301,4.06,0.12
3548,2021-02-06,FVG,1154,338,816,21,1132,1,ITH,ITH4,6,Friuli-Venezia Giulia,Friuli Venezia Giulia,1215220,50455,4.15,0.09
3549,2021-02-23,FVG,2644,1278,1366,2458,180,6,ITH,ITH4,6,Friuli-Venezia Giulia,Friuli Venezia Giulia,1215220,53099,4.37,0.22
3550,2021-07-20,FVG,9020,4710,4310,2263,6458,299,ITH,ITH4,6,Friuli-Venezia Giulia,Friuli Venezia Giulia,1215220,62119,5.11,0.74
3551,2021-04-11,FVG,3433,1519,1914,2418,906,109,ITH,ITH4,6,Friuli-Venezia Giulia,Friuli Venezia Giulia,1215220,65552,5.39,0.28
3552,2021-06-07,FVG,9204,4770,4434,7847,994,363,ITH,ITH4,6,Friuli-Venezia Giulia,Friuli Venezia Giulia,1215220,74756,6.15,0.76
3553,2021-05-31,FVG,8906,4425,4481,6470,2189,247,ITH,ITH4,6,Friuli-Venezia Giulia,Friuli Venezia Giulia,1215220,83662,6.88,0.73
3554,2021-07-08,FVG,12929,6991,5938,1287,11444,198,ITH,ITH4,6,Friuli-Venezia Giulia,Friuli Venezia Giulia,1215220,96591,7.95,1.06
3555,2021-02-04,FVG,2726,808,1918,35,2691,0,ITH,ITH4,6,Friuli-Venezia Giulia,Friuli Venezia Giulia,1215220,99317,8.17,0.22
3556,2021-04-30,FVG,7366,3252,4114,3540,3655,171,ITH,ITH4,6,Friuli-Venezia Giulia,Friuli Venezia Giulia,1215220,106683,8.78,0.61
3557,2021-05-24,FVG,11427,5527,5900,7523,3619,285,ITH,ITH4,6,Friuli-Venezia Giulia,Friuli Venezia Giulia,1215220,118110,9.72,0.94
3558,2021-02-13,FVG,566,179,387,558,6,2,ITH,ITH4,6,Friuli-Venezia Giulia,Friuli Venezia Giulia,1215220,118676,9.77,0.05
3559,2021-03-02,FVG,4222,1519,2703,2701,1500,21,ITH,ITH4,6,Friuli-Venezia Giulia,Friuli Venezia Giulia,1215220,122898,10.11,0.35
3560,2021-03-04,FVG,3452,1598,1854,2764,660,28,ITH,ITH4,6,Friuli-Venezia Giulia,Friuli Venezia Giulia,1215220,126350,10.4,0.28
3561,2021-06-12,FVG,8208,4706,3502,6803,1160,245,ITH,ITH4,6,Friuli-Venezia Giulia,Friuli Venezia Giulia,1215220,134558,11.07,0.68
3562,2021-03-21,FVG,2673,1001,1672,2214,409,50,ITH,ITH4,6,Friuli-Venezia Giulia,Friuli Venezia Giulia,1215220,137231,11.29,0.22
3563,2021-06-24,FVG,11079,5651,5428,1890,9086,103,ITH,ITH4,6,Friuli-Venezia Giulia,Friuli Venezia Giulia,1215220,148310,12.2,0.91
3564,2021-03-16,FVG,3187,1299,1888,1024,2081,82,ITH,ITH4,6,Friuli-Venezia Giulia,Friuli Venezia Giulia,1215220,151497,12.47,0.26
3565,2021-05-12,FVG,10878,5041,5837,9056,1412,410,ITH,ITH4,6,Friuli-Venezia Giulia,Friuli Venezia Giulia,1215220,162375,13.36,0.9
3566,2021-04-28,FVG,7309,3229,4080,3680,3495,134,ITH,ITH4,6,Friuli-Venezia Giulia,Friuli Venezia Giulia,1215220,169684,13.96,0.6
3567,2021-01-23,FVG,814,323,491,4,810,0,ITH,ITH4,6,Friuli-Venezia Giulia,Friuli Venezia Giulia,1215220,170498,14.03,0.07
3568,2021-05-05,FVG,9769,4265,5504,6054,3471,244,ITH,ITH4,6,Friuli-Venezia Giulia,Friuli Venezia Giulia,1215220,180267,14.83,0.8
3569,2021-02-11,FVG,1931,664,1267,1735,193,3,ITH,ITH4,6,Friuli-Venezia Giulia,Friuli Venezia Giulia,1215220,182198,14.99,0.16
3570,2021-04-09,FVG,7916,3659,4257,6499,1248,169,ITH,ITH4,6,Friuli-Venezia Giulia,Friuli Venezia Giulia,1215220,190114,15.64,0.65
3571,2020-12-30,FVG,626,244,382,626,0,0,ITH,ITH4,6,Friuli-Venezia Giulia,Friuli Venezia Giulia,1215220,190740,15.7,0.05
3572,2021-06-05,FVG,10312,5330,4982,8407,1548,357,ITH,ITH4,6,Friuli-Venezia Giulia,Friuli Venezia Giulia,1215220,201052,16.54,0.85
3573,2021-02-25,FVG,3166,1652,1514,3106,29,31,ITH,ITH4,6,Friuli-Venezia Giulia,Friuli Venezia Giulia,1215220,204218,16.81,0.26
3574,2021-04-21,FVG,7776,3469,4307,4015,3681,80,ITH,ITH4,6,Friuli-Venezia Giulia,Friuli Venezia Giulia,1215220,211994,17.44,0.64
3575,2021-01-11,FVG,1882,608,1274,1882,0,0,ITH,ITH4,6,Friuli-Venezia Giulia,Friuli Venezia Giulia,1215220,213876,17.6,0.15
3576,2021-07-15,FVG,10006,5100,4906,903,8852,251,ITH,ITH4,6,Friuli-Venezia Giulia,Friuli Venezia Giulia,1215220,223882,18.42,0.82
3577,2021-04-23,FVG,7473,3379,4094,3471,3866,136,ITH,ITH4,6,Friuli-Venezia Giulia,Friuli Venezia Giulia,1215220,231355,19.04,0.61
3578,2021-05-17,FVG,8811,4089,4722,6060,2488,263,ITH,ITH4,6,Friuli-Venezia Giulia,Friuli Venezia Giulia,1215220,240166,19.76,0.73
3579,2021-03-09,FVG,4012,1723,2289,1238,2750,24,ITH,ITH4,6,Friuli-Venezia Giulia,Friuli Venezia Giulia,1215220,244178,20.09,0.33
3580,2021-06-19,FVG,8520,4441,4079,1322,7133,65,ITH,ITH4,6,Friuli-Venezia Giulia,Friuli Venezia Giulia,1215220,252698,20.79,0.7
3581,2021-03-11,FVG,3478,1517,1961,1714,1751,13,ITH,ITH4,6,Friuli-Venezia Giulia,Friuli Venezia Giulia,1215220,256176,21.08,0.29
3582,2021-02-27,FVG,3531,1201,2330,3513,1,17,ITH,ITH4,6,Friuli-Venezia Giulia,Friuli Venezia Giulia,1215220,259707,21.37,0.29
3583,2021-04-25,FVG,2373,991,1382,2182,11,180,ITH,ITH4,6,Friuli-Venezia Giulia,Friuli Venezia Giulia,1215220,262080,21.57,0.2
3584,2021-01-15,FVG,2020,605,1415,2019,0,1,ITH,ITH4,6,Friuli-Venezia Giulia,Friuli Venezia Giulia,1215220,264100,21.73,0.17
3585,2021-01-27,FVG,1272,426,846,449,821,2,ITH,ITH4,6,Friuli-Venezia Giulia,Friuli Venezia Giulia,1215220,265372,21.84,0.1
3586,2021-05-07,FVG,10640,4873,5767,6912,3528,200,ITH,ITH4,6,Friuli-Venezia Giulia,Friuli Venezia Giulia,1215220,276012,22.71,0.88
3587,2021-05-09,FVG,7369,3310,4059,3371,3865,133,ITH,ITH4,6,Friuli-Venezia Giulia,Friuli Venezia Giulia,1215220,283381,23.32,0.61
3588,2021-05-19,FVG,12044,5935,6109,9256,2346,442,ITH,ITH4,6,Friuli-Venezia Giulia,Friuli Venezia Giulia,1215220,295425,24.31,0.99
3589,2021-03-14,FVG,1398,550,848,1122,252,24,ITH,ITH4,6,Friuli-Venezia Giulia,Friuli Venezia Giulia,1215220,296823,24.43,0.12
3590,2021-04-08,FVG,7451,3222,4229,5401,1922,128,ITH,ITH4,6,Friuli-Venezia Giulia,Friuli Venezia Giulia,1215220,304274,25.04,0.61
3591,2021-05-21,FVG,11215,5020,6195,7906,2975,334,ITH,ITH4,6,Friuli-Venezia Giulia,Friuli Venezia Giulia,1215220,315489,25.96,0.92
3592,2021-02-10,FVG,1350,496,854,1264,86,0,ITH,ITH4,6,Friuli-Venezia Giulia,Friuli Venezia Giulia,1215220,316839,26.07,0.11
3593,2021-07-17,FVG,7235,3884,3351,553,6594,88,ITH,ITH4,6,Friuli-Venezia Giulia,Friuli Venezia Giulia,1215220,324074,26.67,0.6
3594,2021-02-01,FVG,2099,688,1411,16,2083,0,ITH,ITH4,6,Friuli-Venezia Giulia,Friuli Venezia Giulia,1215220,326173,26.84,0.17
3595,2021-01-25,FVG,1583,567,1016,194,1389,0,ITH,ITH4,6,Friuli-Venezia Giulia,Friuli Venezia Giulia,1215220,327756,26.97,0.13
3596,2021-07-01,FVG,12246,6363,5883,2532,9446,268,ITH,ITH4,6,Friuli-Venezia Giulia,Friuli Venezia Giulia,1215220,340002,27.98,1.01
3597,2021-03-23,FVG,3892,1685,2207,1733,2141,18,ITH,ITH4,6,Friuli-Venezia Giulia,Friuli Venezia Giulia,1215220,343894,28.3,0.32
3598,2021-01-16,FVG,1230,360,870,1230,0,0,ITH,ITH4,6,Friuli-Venezia Giulia,Friuli Venezia Giulia,1215220,345124,28.4,0.1
3599,2021-07-03,FVG,11386,6077,5309,1077,10155,154,ITH,ITH4,6,Friuli-Venezia Giulia,Friuli Venezia Giulia,1215220,356510,29.34,0.94
3600,2021-03-25,FVG,5534,2425,3109,3329,2137,68,ITH,ITH4,6,Friuli-Venezia Giulia,Friuli Venezia Giulia,1215220,362044,29.79,0.46
3601,2021-06-16,FVG,12157,5903,6254,3878,8019,260,ITH,ITH4,6,Friuli-Venezia Giulia,Friuli Venezia Giulia,1215220,374201,30.79,1.0
3602,2021-06-23,FVG,12060,5832,6228,1991,9934,135,ITH,ITH4,6,Friuli-Venezia Giulia,Friuli Venezia Giulia,1215220,386261,31.79,0.99
3603,2021-04-27,FVG,8131,3735,4396,3547,4486,98,ITH,ITH4,6,Friuli-Venezia Giulia,Friuli Venezia Giulia,1215220,394392,32.45,0.67
3604,2021-06-09,FVG,11321,5959,5362,9481,1395,445,ITH,ITH4,6,Friuli-Venezia Giulia,Friuli Venezia Giulia,1215220,405713,33.39,0.93
3605,2021-03-01,FVG,2960,1041,1919,2884,53,23,ITH,ITH4,6,Friuli-Venezia Giulia,Friuli Venezia Giulia,1215220,408673,33.63,0.24
3606,2021-03-18,FVG,3376,1423,1953,1683,1685,8,ITH,ITH4,6,Friuli-Venezia Giulia,Friuli Venezia Giulia,1215220,412049,33.91,0.28
3607,2021-06-28,FVG,9834,4955,4879,2127,7688,19,ITH,ITH4,6,Friuli-Venezia Giulia,Friuli Venezia Giulia,1215220,421883,34.72,0.81
3608,2021-06-04,FVG,12065,6200,5865,10307,1386,372,ITH,ITH4,6,Friuli-Venezia Giulia,Friuli Venezia Giulia,1215220,433948,35.71,0.99
3609,2021-07-05,FVG,9520,4833,4687,1297,8075,148,ITH,ITH4,6,Friuli-Venezia Giulia,Friuli Venezia Giulia,1215220,443468,36.49,0.78
3610,2021-06-21,FVG,9157,4476,4681,1774,7245,138,ITH,ITH4,6,Friuli-Venezia Giulia,Friuli Venezia Giulia,1215220,452625,37.25,0.75
3611,2021-03-13,FVG,2943,1124,1819,1657,1273,13,ITH,ITH4,6,Friuli-Venezia Giulia,Friuli Venezia Giulia,1215220,455568,37.49,0.24
3612,2021-07-24,FVG,3640,1964,1676,1762,1772,106,ITH,ITH4,6,Friuli-Venezia Giulia,Friuli Venezia Giulia,1215220,459208,37.79,0.3
3613,2021-04-18,FVG,6050,2809,3241,5421,407,222,ITH,ITH4,6,Friuli-Venezia Giulia,Friuli Venezia Giulia,1215220,465258,38.29,0.5
3614,2021-01-08,FVG,2321,746,1575,2321,0,0,ITH,ITH4,6,Friuli-Venezia Giulia,Friuli Venezia Giulia,1215220,467579,38.48,0.19
3615,2021-06-14,FVG,10271,4985,5286,5182,4811,278,ITH,ITH4,6,Friuli-Venezia Giulia,Friuli Venezia Giulia,1215220,477850,39.32,0.85
3616,2021-02-20,FVG,2067,932,1135,1920,144,3,ITH,ITH4,6,Friuli-Venezia Giulia,Friuli Venezia Giulia,1215220,479917,39.49,0.17
3617,2021-01-22,FVG,89,29,60,0,89,0,ITH,ITH4,6,Friuli-Venezia Giulia,Friuli Venezia Giulia,1215220,480006,39.5,0.01
3618,2021-03-06,FVG,3500,1196,2304,3143,325,32,ITH,ITH4,6,Friuli-Venezia Giulia,Friuli Venezia Giulia,1215220,483506,39.79,0.29
3619,2021-04-13,FVG,7378,3293,4085,5641,1603,134,ITH,ITH4,6,Friuli-Venezia Giulia,Friuli Venezia Giulia,1215220,490884,40.39,0.61
3620,2021-01-03,FVG,312,122,190,312,0,0,ITH,ITH4,6,Friuli-Venezia Giulia,Friuli Venezia Giulia,1215220,491196,40.42,0.03
3621,2021-07-22,FVG,7559,4004,3555,3143,4093,323,ITH,ITH4,6,Friuli-Venezia Giulia,Friuli Venezia Giulia,1215220,498755,41.04,0.62
3622,2021-01-20,FVG,748,320,428,13,735,0,ITH,ITH4,6,Friuli-Venezia Giulia,Friuli Venezia Giulia,1215220,499503,41.1,0.06
3623,2021-02-22,FVG,2485,1193,1292,2063,418,4,ITH,ITH4,6,Friuli-Venezia Giulia,Friuli Venezia Giulia,1215220,501988,41.31,0.2
3624,2021-06-02,FVG,9416,4953,4463,8838,282,296,ITH,ITH4,6,Friuli-Venezia Giulia,Friuli Venezia Giulia,1215220,511404,42.08,0.77
3625,2021-02-07,FVG,1564,482,1082,384,1179,1,ITH,ITH4,6,Friuli-Venezia Giulia,Friuli Venezia Giulia,1215220,512968,42.21,0.13
3626,2021-05-18,FVG,10793,5396,5397,8351,2079,363,ITH,ITH4,6,Friuli-Venezia Giulia,Friuli Venezia Giulia,1215220,523761,43.1,0.89
3627,2021-06-01,FVG,10111,5119,4992,7704,2124,283,ITH,ITH4,6,Friuli-Venezia Giulia,Friuli Venezia Giulia,1215220,533872,43.93,0.83
3628,2021-06-20,FVG,6507,3225,3282,1484,4935,88,ITH,ITH4,6,Friuli-Venezia Giulia,Friuli Venezia Giulia,1215220,540379,44.47,0.54
3629,2021-05-14,FVG,10765,5361,5404,7872,2597,296,ITH,ITH4,6,Friuli-Venezia Giulia,Friuli Venezia Giulia,1215220,551144,45.35,0.89
3630,2021-02-03,FVG,2648,791,1857,22,2625,1,ITH,ITH4,6,Friuli-Venezia Giulia,Friuli Venezia Giulia,1215220,553792,45.57,0.22
3631,2021-02-08,FVG,2356,694,1662,90,2265,1,ITH,ITH4,6,Friuli-Venezia Giulia,Friuli Venezia Giulia,1215220,556148,45.77,0.19
3632,2021-05-02,FVG,6899,3248,3651,3802,2958,139,ITH,ITH4,6,Friuli-Venezia Giulia,Friuli Venezia Giulia,1215220,563047,46.33,0.57
3633,2021-05-16,FVG,10000,4784,5216,8358,1401,241,ITH,ITH4,6,Friuli-Venezia Giulia,Friuli Venezia Giulia,1215220,573047,47.16,0.82
3634,2021-06-18,FVG,10900,5367,5533,3354,7294,252,ITH,ITH4,6,Friuli-Venezia Giulia,Friuli Venezia Giulia,1215220,583947,48.05,0.9
3635,2021-03-10,FVG,3592,1702,1890,1741,1795,56,ITH,ITH4,6,Friuli-Venezia Giulia,Friuli Venezia Giulia,1215220,587539,48.35,0.3
3636,2021-02-24,FVG,2524,1088,1436,2495,18,11,ITH,ITH4,6,Friuli-Venezia Giulia,Friuli Venezia Giulia,1215220,590063,48.56,0.21
3637,2021-03-27,FVG,5379,2920,2459,3920,1411,48,ITH,ITH4,6,Friuli-Venezia Giulia,Friuli Venezia Giulia,1215220,595442,49.0,0.44
3638,2021-04-15,FVG,6514,2878,3636,5092,1270,152,ITH,ITH4,6,Friuli-Venezia Giulia,Friuli Venezia Giulia,1215220,601956,49.53,0.54
3639,2021-04-29,FVG,6785,2988,3797,4011,2592,182,ITH,ITH4,6,Friuli-Venezia Giulia,Friuli Venezia Giulia,1215220,608741,50.09,0.56
3640,2021-01-05,FVG,1678,551,1127,1676,0,2,ITH,ITH4,6,Friuli-Venezia Giulia,Friuli Venezia Giulia,1215220,610419,50.23,0.14
3641,2021-03-30,FVG,7230,3256,3974,6177,926,127,ITH,ITH4,6,Friuli-Venezia Giulia,Friuli Venezia Giulia,1215220,617649,50.83,0.59
3642,2021-07-10,FVG,8766,4518,4248,132,8606,28,ITH,ITH4,6,Friuli-Venezia Giulia,Friuli Venezia Giulia,1215220,626415,51.55,0.72
3643,2021-04-01,FVG,6423,3069,3354,5324,1015,84,ITH,ITH4,6,Friuli-Venezia Giulia,Friuli Venezia Giulia,1215220,632838,52.08,0.53
3644,2021-05-28,FVG,10616,5090,5526,6226,4113,277,ITH,ITH4,6,Friuli-Venezia Giulia,Friuli Venezia Giulia,1215220,643454,52.95,0.87
3645,2021-05-04,FVG,9574,4317,5257,5996,3361,217,ITH,ITH4,6,Friuli-Venezia Giulia,Friuli Venezia Giulia,1215220,653028,53.74,0.79
3646,2021-01-24,FVG,305,119,186,1,304,0,ITH,ITH4,6,Friuli-Venezia Giulia,Friuli Venezia Giulia,1215220,653333,53.76,0.03
3647,2021-06-30,FVG,13150,6696,6454,1367,11599,184,ITH,ITH4,6,Friuli-Venezia Giulia,Friuli Venezia Giulia,1215220,666483,54.84,1.08
3648,2021-03-08,FVG,4123,1643,2480,2021,2087,15,ITH,ITH4,6,Friuli-Venezia Giulia,Friuli Venezia Giulia,1215220,670606,55.18,0.34
3649,2021-03-22,FVG,3662,1449,2213,1673,1954,35,ITH,ITH4,6,Friuli-Venezia Giulia,Friuli Venezia Giulia,1215220,674268,55.49,0.3
3650,2021-01-17,FVG,1715,522,1193,1713,0,2,ITH,ITH4,6,Friuli-Venezia Giulia,Friuli Venezia Giulia,1215220,675983,55.63,0.14
3651,2021-03-15,FVG,3951,1809,2142,1609,2321,21,ITH,ITH4,6,Friuli-Venezia Giulia,Friuli Venezia Giulia,1215220,679934,55.95,0.33
3652,2021-05-11,FVG,9045,4342,4703,7011,1805,229,ITH,ITH4,6,Friuli-Venezia Giulia,Friuli Venezia Giulia,1215220,688979,56.7,0.74
3653,2021-01-31,FVG,2718,839,1879,385,2333,0,ITH,ITH4,6,Friuli-Venezia Giulia,Friuli Venezia Giulia,1215220,691697,56.92,0.22
3654,2021-03-29,FVG,7023,3127,3896,5366,1582,75,ITH,ITH4,6,Friuli-Venezia Giulia,Friuli Venezia Giulia,1215220,698720,57.5,0.58
3655,2021-07-07,FVG,11243,5759,5484,1394,9717,132,ITH,ITH4,6,Friuli-Venezia Giulia,Friuli Venezia Giulia,1215220,709963,58.42,0.93
3656,2021-07-21,FVG,8229,4190,4039,1935,6025,269,ITH,ITH4,6,Friuli-Venezia Giulia,Friuli Venezia Giulia,1215220,718192,59.1,0.68
3657,2021-05-15,FVG,12671,6113,6558,7679,4700,292,ITH,ITH4,6,Friuli-Venezia Giulia,Friuli Venezia Giulia,1215220,730863,60.14,1.04
3658,2021-05-06,FVG,11923,5539,6384,7674,3972,277,ITH,ITH4,6,Friuli-Venezia Giulia,Friuli Venezia Giulia,1215220,742786,61.12,0.98
3659,2021-07-02,FVG,10934,5649,5285,1938,8792,204,ITH,ITH4,6,Friuli-Venezia Giulia,Friuli Venezia Giulia,1215220,753720,62.02,0.9
3660,2021-06-25,FVG,10784,5424,5360,2232,8543,9,ITH,ITH4,6,Friuli-Venezia Giulia,Friuli Venezia Giulia,1215220,764504,62.91,0.89
3661,2021-07-09,FVG,11822,6278,5544,2032,9492,298,ITH,ITH4,6,Friuli-Venezia Giulia,Friuli Venezia Giulia,1215220,776326,63.88,0.97
3662,2021-03-17,FVG,3237,1268,1969,736,2492,9,ITH,ITH4,6,Friuli-Venezia Giulia,Friuli Venezia Giulia,1215220,779563,64.15,0.27
3663,2021-05-13,FVG,11162,5384,5778,8705,2065,392,ITH,ITH4,6,Friuli-Venezia Giulia,Friuli Venezia Giulia,1215220,790725,65.07,0.92
3664,2021-02-16,FVG,2516,1135,1381,2396,116,4,ITH,ITH4,6,Friuli-Venezia Giulia,Friuli Venezia Giulia,1215220,793241,65.28,0.21
3665,2021-03-20,FVG,3404,1411,1993,1299,2091,14,ITH,ITH4,6,Friuli-Venezia Giulia,Friuli Venezia Giulia,1215220,796645,65.56,0.28
3666,2021-01-13,FVG,2650,834,1816,2650,0,0,ITH,ITH4,6,Friuli-Venezia Giulia,Friuli Venezia Giulia,1215220,799295,65.77,0.22
3667,2021-04-06,FVG,6678,3132,3546,5422,1153,103,ITH,ITH4,6,Friuli-Venezia Giulia,Friuli Venezia Giulia,1215220,805973,66.32,0.55
3668,2020-12-27,FVG,262,149,113,261,0,1,ITH,ITH4,6,Friuli-Venezia Giulia,Friuli Venezia Giulia,1215220,806235,66.34,0.02
3669,2021-02-12,FVG,1193,428,765,1142,47,4,ITH,ITH4,6,Friuli-Venezia Giulia,Friuli Venezia Giulia,1215220,807428,66.44,0.1
3670,2021-06-13,FVG,8688,4523,4165,5206,3324,158,ITH,ITH4,6,Friuli-Venezia Giulia,Friuli Venezia Giulia,1215220,816116,67.16,0.71
3671,2021-04-17,FVG,7459,3238,4221,5813,1483,163,ITH,ITH4,6,Friuli-Venezia Giulia,Friuli Venezia Giulia,1215220,823575,67.77,0.61
3672,2021-07-19,FVG,9346,4889,4457,810,8374,162,ITH,ITH4,6,Friuli-Venezia Giulia,Friuli Venezia Giulia,1215220,832921,68.54,0.77
3673,2021-04-10,FVG,5049,2213,2836,3750,1225,74,ITH,ITH4,6,Friuli-Venezia Giulia,Friuli Venezia Giulia,1215220,837970,68.96,0.42
3674,2021-02-05,FVG,2610,784,1826,89,2521,0,ITH,ITH4,6,Friuli-Venezia Giulia,Friuli Venezia Giulia,1215220,840580,69.17,0.21
3675,2021-04-14,FVG,7242,3129,4113,5409,1712,121,ITH,ITH4,6,Friuli-Venezia Giulia,Friuli Venezia Giulia,1215220,847822,69.77,0.6
3676,2021-07-06,FVG,11175,5835,5340,1325,9736,114,ITH,ITH4,6,Friuli-Venezia Giulia,Friuli Venezia Giulia,1215220,858997,70.69,0.92
3677,2021-07-23,FVG,8486,4303,4183,2826,5211,449,ITH,ITH4,6,Friuli-Venezia Giulia,Friuli Venezia Giulia,1215220,867483,71.38,0.7
3678,2021-06-03,FVG,12396,6727,5669,9930,2083,383,ITH,ITH4,6,Friuli-Venezia Giulia,Friuli Venezia Giulia,1215220,879879,72.4,1.02
3679,2021-05-29,FVG,12025,5848,6177,6784,4987,254,ITH,ITH4,6,Friuli-Venezia Giulia,Friuli Venezia Giulia,1215220,891904,73.39,0.99
3680,2021-07-25,FVG,877,453,424,505,339,33,ITH,ITH4,6,Friuli-Venezia Giulia,Friuli Venezia Giulia,1215220,892781,73.47,0.07
3681,2021-07-11,FVG,6660,3495,3165,2182,4163,315,ITH,ITH4,6,Friuli-Venezia Giulia,Friuli Venezia Giulia,1215220,899441,74.01,0.55
3682,2021-03-24,FVG,3978,1720,2258,2461,1482,35,ITH,ITH4,6,Friuli-Venezia Giulia,Friuli Venezia Giulia,1215220,903419,74.34,0.33
3683,2021-05-20,FVG,12709,6320,6389,9790,2520,399,ITH,ITH4,6,Friuli-Venezia Giulia,Friuli Venezia Giulia,1215220,916128,75.39,1.05
3684,2021-01-26,FVG,1977,647,1330,216,1760,1,ITH,ITH4,6,Friuli-Venezia Giulia,Friuli Venezia Giulia,1215220,918105,75.55,0.16
3685,2021-02-09,FVG,1842,555,1287,1556,286,0,ITH,ITH4,6,Friuli-Venezia Giulia,Friuli Venezia Giulia,1215220,919947,75.7,0.15
3686,2021-07-12,FVG,9925,5093,4832,1041,8726,158,ITH,ITH4,6,Friuli-Venezia Giulia,Friuli Venezia Giulia,1215220,929872,76.52,0.82
3687,2021-02-19,FVG,3256,1292,1964,2815,427,14,ITH,ITH4,6,Friuli-Venezia Giulia,Friuli Venezia Giulia,1215220,933128,76.79,0.27
3688,2021-04-24,FVG,6685,2950,3735,5207,1244,234,ITH,ITH4,6,Friuli-Venezia Giulia,Friuli Venezia Giulia,1215220,939813,77.34,0.55
3689,2021-06-06,FVG,9480,4626,4854,7650,1563,267,ITH,ITH4,6,Friuli-Venezia Giulia,Friuli Venezia Giulia,1215220,949293,78.12,0.78
3690,2021-02-26,FVG,3735,2093,1642,3554,148,33,ITH,ITH4,6,Friuli-Venezia Giulia,Friuli Venezia Giulia,1215220,953028,78.42,0.31
3691,2021-02-17,FVG,2357,1002,1355,1873,482,2,ITH,ITH4,6,Friuli-Venezia Giulia,Friuli Venezia Giulia,1215220,955385,78.62,0.19
3692,2021-05-30,FVG,11062,4990,6072,7229,3588,245,ITH,ITH4,6,Friuli-Venezia Giulia,Friuli Venezia Giulia,1215220,966447,79.53,0.91
3693,2021-05-01,FVG,7206,3248,3958,5910,1045,251,ITH,ITH4,6,Friuli-Venezia Giulia,Friuli Venezia Giulia,1215220,973653,80.12,0.59
3694,2021-01-21,FVG,896,345,551,1,895,0,ITH,ITH4,6,Friuli-Venezia Giulia,Friuli Venezia Giulia,1215220,974549,80.2,0.07
3695,2021-02-21,FVG,801,281,520,421,378,2,ITH,ITH4,6,Friuli-Venezia Giulia,Friuli Venezia Giulia,1215220,975350,80.26,0.07
3696,2021-07-04,FVG,9181,4708,4473,2732,6185,264,ITH,ITH4,6,Friuli-Venezia Giulia,Friuli Venezia Giulia,1215220,984531,81.02,0.76
3697,2021-03-26,FVG,6007,2608,3399,3821,2018,168,ITH,ITH4,6,Friuli-Venezia Giulia,Friuli Venezia Giulia,1215220,990538,81.51,0.49
3698,2021-03-12,FVG,4103,1696,2407,2696,1381,26,ITH,ITH4,6,Friuli-Venezia Giulia,Friuli Venezia Giulia,1215220,994641,81.85,0.34
3699,2021-05-23,FVG,10280,4859,5421,5917,4152,211,ITH,ITH4,6,Friuli-Venezia Giulia,Friuli Venezia Giulia,1215220,1004921,82.69,0.85
3700,2021-01-07,FVG,2096,720,1376,2096,0,0,ITH,ITH4,6,Friuli-Venezia Giulia,Friuli Venezia Giulia,1215220,1007017,82.87,0.17
3701,2021-03-05,FVG,3775,1513,2262,2631,1076,68,ITH,ITH4,6,Friuli-Venezia Giulia,Friuli Venezia Giulia,1215220,1010792,83.18,0.31
3702,2021-05-25,FVG,12929,6390,6539,9279,3312,338,ITH,ITH4,6,Friuli-Venezia Giulia,Friuli Venezia Giulia,1215220,1023721,84.24,1.06
3703,2021-06-11,FVG,10863,5920,4943,9602,829,432,ITH,ITH4,6,Friuli-Venezia Giulia,Friuli Venezia Giulia,1215220,1034584,85.14,0.89
3704,2021-03-03,FVG,3646,1634,2012,2343,1275,28,ITH,ITH4,6,Friuli-Venezia Giulia,Friuli Venezia Giulia,1215220,1038230,85.44,0.3
3705,2021-02-02,FVG,2467,806,1661,217,2250,0,ITH,ITH4,6,Friuli-Venezia Giulia,Friuli Venezia Giulia,1215220,1040697,85.64,0.2
3706,2021-03-31,FVG,8140,3570,4570,7171,847,122,ITH,ITH4,6,Friuli-Venezia Giulia,Friuli Venezia Giulia,1215220,1048837,86.31,0.67
3707,2021-05-22,FVG,11585,5202,6383,7083,4240,262,ITH,ITH4,6,Friuli-Venezia Giulia,Friuli Venezia Giulia,1215220,1060422,87.26,0.95
3708,2021-07-18,FVG,5352,2894,2458,384,4945,23,ITH,ITH4,6,Friuli-Venezia Giulia,Friuli Venezia Giulia,1215220,1065774,87.7,0.44
3709,2021-05-03,FVG,7242,3296,3946,3338,3785,119,ITH,ITH4,6,Friuli-Venezia Giulia,Friuli Venezia Giulia,1215220,1073016,88.3,0.6
3710,2021-01-14,FVG,2584,789,1795,2581,0,3,ITH,ITH4,6,Friuli-Venezia Giulia,Friuli Venezia Giulia,1215220,1075600,88.51,0.21
3711,2021-06-08,FVG,10482,5487,4995,9642,448,392,ITH,ITH4,6,Friuli-Venezia Giulia,Friuli Venezia Giulia,1215220,1086082,89.37,0.86
3712,2021-02-28,FVG,2686,1003,1683,2264,394,28,ITH,ITH4,6,Friuli-Venezia Giulia,Friuli Venezia Giulia,1215220,1088768,89.59,0.22
3713,2021-01-02,FVG,1216,470,746,1216,0,0,ITH,ITH4,6,Friuli-Venezia Giulia,Friuli Venezia Giulia,1215220,1089984,89.69,0.1
3714,2021-04-12,FVG,7270,3188,4082,5988,1132,150,ITH,ITH4,6,Friuli-Venezia Giulia,Friuli Venezia Giulia,1215220,1097254,90.29,0.6
3715,2021-01-19,FVG,6,2,4,6,0,0,ITH,ITH4,6,Friuli-Venezia Giulia,Friuli Venezia Giulia,1215220,1097260,90.29,0.0
3716,2021-04-19,FVG,6722,3137,3585,3214,3417,91,ITH,ITH4,6,Friuli-Venezia Giulia,Friuli Venezia Giulia,1215220,1103982,90.85,0.55
3717,2021-01-09,FVG,2513,841,1672,2511,0,2,ITH,ITH4,6,Friuli-Venezia Giulia,Friuli Venezia Giulia,1215220,1106495,91.05,0.21
3718,2021-06-15,FVG,12087,6149,5938,5340,6488,259,ITH,ITH4,6,Friuli-Venezia Giulia,Friuli Venezia Giulia,1215220,1118582,92.05,0.99
3719,2021-03-07,FVG,2544,932,1612,2486,1,57,ITH,ITH4,6,Friuli-Venezia Giulia,Friuli Venezia Giulia,1215220,1121126,92.26,0.21
3720,2020-12-31,FVG,1048,381,667,1047,0,1,ITH,ITH4,6,Friuli-Venezia Giulia,Friuli Venezia Giulia,1215220,1122174,92.34,0.09
3721,2021-05-27,FVG,12830,6143,6687,7384,5230,216,ITH,ITH4,6,Friuli-Venezia Giulia,Friuli Venezia Giulia,1215220,1135004,93.4,1.06
3722,2021-01-28,FVG,2241,794,1447,355,1886,0,ITH,ITH4,6,Friuli-Venezia Giulia,Friuli Venezia Giulia,1215220,1137245,93.58,0.18
3723,2021-04-26,FVG,5471,2454,3017,3704,1650,117,ITH,ITH4,6,Friuli-Venezia Giulia,Friuli Venezia Giulia,1215220,1142716,94.03,0.45
3724,2021-06-17,FVG,11405,5762,5643,2284,9018,103,ITH,ITH4,6,Friuli-Venezia Giulia,Friuli Venezia Giulia,1215220,1154121,94.97,0.94
3725,2021-06-22,FVG,11525,5938,5587,2322,9083,120,ITH,ITH4,6,Friuli-Venezia Giulia,Friuli Venezia Giulia,1215220,1165646,95.92,0.95
3726,2021-05-08,FVG,10279,4649,5630,5308,4785,186,ITH,ITH4,6,Friuli-Venezia Giulia,Friuli Venezia Giulia,1215220,1175925,96.77,0.85
3727,2021-02-14,FVG,1,0,1,0,1,0,ITH,ITH4,6,Friuli-Venezia Giulia,Friuli Venezia Giulia,1215220,1175926,96.77,0.0
3728,2021-05-10,FVG,7948,3532,4416,6176,1544,228,ITH,ITH4,6,Friuli-Venezia Giulia,Friuli Venezia Giulia,1215220,1183874,97.42,0.65
3729,2021-05-26,FVG,13431,6705,6726,9645,3441,345,ITH,ITH4,6,Friuli-Venezia Giulia,Friuli Venezia Giulia,1215220,1197305,98.53,1.11
3730,2021-02-15,FVG,2455,911,1544,2195,254,6,ITH,ITH4,6,Friuli-Venezia Giulia,Friuli Venezia Giulia,1215220,1199760,98.73,0.2
3731,2021-04-20,FVG,7129,3071,4058,3095,3907,127,ITH,ITH4,6,Friuli-Venezia Giulia,Friuli Venezia Giulia,1215220,1206889,99.31,0.59
3732,2021-01-10,FVG,2940,918,2022,2940,0,0,ITH,ITH4,6,Friuli-Venezia Giulia,Friuli Venezia Giulia,1215220,1209829,99.56,0.24
3733,2021-07-14,FVG,10728,5475,5253,1166,9360,202,ITH,ITH4,6,Friuli-Venezia Giulia,Friuli Venezia Giulia,1215220,1220557,100.44,0.88
3734,2021-04-05,FVG,2895,1438,1457,2822,15,58,ITH,ITH4,6,Friuli-Venezia Giulia,Friuli Venezia Giulia,1215220,1223452,100.68,0.24
3735,2021-01-12,FVG,2257,713,1544,2257,0,0,ITH,ITH4,6,Friuli-Venezia Giulia,Friuli Venezia Giulia,1215220,1225709,100.86,0.19
3736,2021-01-29,FVG,2412,813,1599,264,2148,0,ITH,ITH4,6,Friuli-Venezia Giulia,Friuli Venezia Giulia,1215220,1228121,101.06,0.2
3737,2021-04-22,FVG,6792,3089,3703,3035,3690,67,ITH,ITH4,6,Friuli-Venezia Giulia,Friuli Venezia Giulia,1215220,1234913,101.62,0.56
3738,2021-04-03,FVG,4019,1992,2027,2624,1337,58,ITH,ITH4,6,Friuli-Venezia Giulia,Friuli Venezia Giulia,1215220,1238932,101.95,0.33
3739,2021-06-10,FVG,11115,5819,5296,9708,1038,369,ITH,ITH4,6,Friuli-Venezia Giulia,Friuli Venezia Giulia,1215220,1250047,102.87,0.91
3740,2021-03-19,FVG,3252,1350,1902,1300,1936,16,ITH,ITH4,6,Friuli-Venezia Giulia,Friuli Venezia Giulia,1215220,1253299,103.13,0.27
3741,2021-06-27,FVG,7423,3701,3722,3602,3816,5,ITH,ITH4,6,Friuli-Venezia Giulia,Friuli Venezia Giulia,1215220,1260722,103.74,0.61
3742,2021-06-29,FVG,11300,5761,5539,1166,10017,117,ITH,ITH4,6,Friuli-Venezia Giulia,Friuli Venezia Giulia,1215220,1272022,104.67,0.93
3743,2021-07-16,FVG,9646,5156,4490,1592,7888,166,ITH,ITH4,6,Friuli-Venezia Giulia,Friuli Venezia Giulia,1215220,1281668,105.47,0.79
3744,2021-04-07,FVG,7837,3631,4206,6941,782,114,ITH,ITH4,6,Friuli-Venezia Giulia,Friuli Venezia Giulia,1215220,1289505,106.11,0.64
3745,2021-02-09,PUG,3841,1570,2271,2150,1673,18,ITF,ITF4,16,Puglia,Puglia,4029053,3841,0.1,0.1
3746,2021-05-20,PUG,33607,15253,18354,20730,12359,518,ITF,ITF4,16,Puglia,Puglia,4029053,37448,0.93,0.83
3747,2021-03-24,PUG,13586,6521,7065,6145,7325,116,ITF,ITF4,16,Puglia,Puglia,4029053,51034,1.27,0.34
3748,2021-01-26,PUG,5370,2401,2969,571,4798,1,ITF,ITF4,16,Puglia,Puglia,4029053,56404,1.4,0.13
3749,2021-07-02,PUG,46949,22306,24643,17220,28769,960,ITF,ITF4,16,Puglia,Puglia,4029053,103353,2.57,1.17
3750,2021-05-06,PUG,39613,17316,22297,19345,19711,557,ITF,ITF4,16,Puglia,Puglia,4029053,142966,3.55,0.98
3751,2021-02-07,PUG,1579,669,910,253,1326,0,ITF,ITF4,16,Puglia,Puglia,4029053,144545,3.59,0.04
3752,2021-01-21,PUG,2133,905,1228,1269,862,2,ITF,ITF4,16,Puglia,Puglia,4029053,146678,3.64,0.05
3753,2021-05-01,PUG,27635,12661,14974,16706,10658,271,ITF,ITF4,16,Puglia,Puglia,4029053,174313,4.33,0.69
3754,2021-01-02,PUG,2951,1302,1649,2951,0,0,ITF,ITF4,16,Puglia,Puglia,4029053,177264,4.4,0.07
3755,2021-04-12,PUG,29366,13823,15543,26097,2954,315,ITF,ITF4,16,Puglia,Puglia,4029053,206630,5.13,0.73
3756,2021-07-21,PUG,41575,20518,21057,11417,29349,809,ITF,ITF4,16,Puglia,Puglia,4029053,248205,6.16,1.03
3757,2021-04-05,PUG,12758,6197,6561,12083,533,142,ITF,ITF4,16,Puglia,Puglia,4029053,260963,6.48,0.32
3758,2021-03-19,PUG,7971,3658,4313,3378,4556,37,ITF,ITF4,16,Puglia,Puglia,4029053,268934,6.67,0.2
3759,2021-06-27,PUG,18482,9180,9302,9919,8283,280,ITF,ITF4,16,Puglia,Puglia,4029053,287416,7.13,0.46
3760,2021-07-11,PUG,12139,5737,6402,2642,9394,103,ITF,ITF4,16,Puglia,Puglia,4029053,299555,7.43,0.3
3761,2021-01-31,PUG,1818,833,985,76,1742,0,ITF,ITF4,16,Puglia,Puglia,4029053,301373,7.48,0.05
3762,2021-01-12,PUG,4215,1771,2444,4213,0,2,ITF,ITF4,16,Puglia,Puglia,4029053,305588,7.58,0.1
3763,2021-04-07,PUG,15710,7130,8580,8827,6680,203,ITF,ITF4,16,Puglia,Puglia,4029053,321298,7.97,0.39
3764,2021-07-16,PUG,44226,21469,22757,12287,31148,791,ITF,ITF4,16,Puglia,Puglia,4029053,365524,9.07,1.1
3765,2021-02-21,PUG,2177,474,1703,2066,62,49,ITF,ITF4,16,Puglia,Puglia,4029053,367701,9.13,0.05
3766,2021-06-01,PUG,34906,17481,17425,21628,12892,386,ITF,ITF4,16,Puglia,Puglia,4029053,402607,9.99,0.87
3767,2021-05-15,PUG,43606,18989,24617,22847,20049,710,ITF,ITF4,16,Puglia,Puglia,4029053,446213,11.07,1.08
3768,2021-06-03,PUG,50533,24518,26015,30520,19287,726,ITF,ITF4,16,Puglia,Puglia,4029053,496746,12.33,1.25
3769,2021-03-10,PUG,14818,6621,8197,11540,3125,153,ITF,ITF4,16,Puglia,Puglia,4029053,511564,12.7,0.37
3770,2021-03-05,PUG,17699,7177,10522,15181,2305,213,ITF,ITF4,16,Puglia,Puglia,4029053,529263,13.14,0.44
3771,2021-02-26,PUG,13772,5059,8713,12539,1037,196,ITF,ITF4,16,Puglia,Puglia,4029053,543035,13.48,0.34
3772,2020-12-31,PUG,1636,783,853,1636,0,0,ITF,ITF4,16,Puglia,Puglia,4029053,544671,13.52,0.04
3773,2021-06-15,PUG,42590,20829,21761,22399,19600,591,ITF,ITF4,16,Puglia,Puglia,4029053,587261,14.58,1.06
3774,2021-06-08,PUG,39300,19137,20163,20963,17779,558,ITF,ITF4,16,Puglia,Puglia,4029053,626561,15.55,0.98
3775,2021-04-19,PUG,27721,12884,14837,24339,3044,338,ITF,ITF4,16,Puglia,Puglia,4029053,654282,16.24,0.69
3776,2021-04-24,PUG,29417,13391,16026,25144,3944,329,ITF,ITF4,16,Puglia,Puglia,4029053,683699,16.97,0.73
3777,2021-03-31,PUG,14564,6827,7737,8850,5564,150,ITF,ITF4,16,Puglia,Puglia,4029053,698263,17.33,0.36
3778,2021-02-02,PUG,4347,1848,2499,590,3756,1,ITF,ITF4,16,Puglia,Puglia,4029053,702610,17.44,0.11
3779,2021-07-09,PUG,36800,17721,19079,6508,29605,687,ITF,ITF4,16,Puglia,Puglia,4029053,739410,18.35,0.91
3780,2021-05-13,PUG,38762,17284,21478,20988,17203,571,ITF,ITF4,16,Puglia,Puglia,4029053,778172,19.31,0.96
3781,2021-03-17,PUG,10347,4703,5644,4107,6178,62,ITF,ITF4,16,Puglia,Puglia,4029053,788519,19.57,0.26
3782,2021-07-04,PUG,19777,9623,10154,7894,11584,299,ITF,ITF4,16,Puglia,Puglia,4029053,808296,20.06,0.49
3783,2021-07-23,PUG,39106,19654,19452,13134,25087,885,ITF,ITF4,16,Puglia,Puglia,4029053,847402,21.03,0.97
3784,2021-01-19,PUG,1222,453,769,1211,10,1,ITF,ITF4,16,Puglia,Puglia,4029053,848624,21.06,0.03
3785,2021-07-08,PUG,41301,19134,22167,5547,35279,475,ITF,ITF4,16,Puglia,Puglia,4029053,889925,22.09,1.03
3786,2021-02-14,PUG,787,347,440,658,125,4,ITF,ITF4,16,Puglia,Puglia,4029053,890712,22.11,0.02
3787,2021-05-25,PUG,34720,16206,18514,20603,13530,587,ITF,ITF4,16,Puglia,Puglia,4029053,925432,22.97,0.86
3788,2021-05-08,PUG,54315,22990,31325,24030,29767,518,ITF,ITF4,16,Puglia,Puglia,4029053,979747,24.32,1.35
3789,2021-05-27,PUG,40882,19323,21559,22896,17311,675,ITF,ITF4,16,Puglia,Puglia,4029053,1020629,25.33,1.01
3790,2021-03-02,PUG,16390,6094,10296,14845,1302,243,ITF,ITF4,16,Puglia,Puglia,4029053,1037019,25.74,0.41
3791,2021-06-10,PUG,47115,23165,23950,29364,17031,720,ITF,ITF4,16,Puglia,Puglia,4029053,1084134,26.91,1.17
3792,2021-04-04,PUG,5973,2966,3007,5887,5,81,ITF,ITF4,16,Puglia,Puglia,4029053,1090107,27.06,0.15
3793,2021-05-29,PUG,30562,14399,16163,20574,9441,547,ITF,ITF4,16,Puglia,Puglia,4029053,1120669,27.81,0.76
3794,2021-04-02,PUG,12846,6001,6845,8170,4526,150,ITF,ITF4,16,Puglia,Puglia,4029053,1133515,28.13,0.32
3795,2021-03-29,PUG,13551,6611,6940,6609,6747,195,ITF,ITF4,16,Puglia,Puglia,4029053,1147066,28.47,0.34
3796,2021-03-12,PUG,14285,6440,7845,10216,3932,137,ITF,ITF4,16,Puglia,Puglia,4029053,1161351,28.82,0.35
3797,2021-06-20,PUG,21477,10803,10674,13979,7162,336,ITF,ITF4,16,Puglia,Puglia,4029053,1182828,29.36,0.53
3798,2021-02-04,PUG,5926,2364,3562,1181,4736,9,ITF,ITF4,16,Puglia,Puglia,4029053,1188754,29.5,0.15
3799,2021-06-13,PUG,21764,10889,10875,16291,5184,289,ITF,ITF4,16,Puglia,Puglia,4029053,1210518,30.04,0.54
3800,2021-02-28,PUG,6061,1807,4254,5799,187,75,ITF,ITF4,16,Puglia,Puglia,4029053,1216579,30.2,0.15
3801,2021-05-12,PUG,36580,16316,20264,23496,12494,590,ITF,ITF4,16,Puglia,Puglia,4029053,1253159,31.1,0.91
3802,2021-01-14,PUG,4075,1593,2482,4069,0,6,ITF,ITF4,16,Puglia,Puglia,4029053,1257234,31.2,0.1
3803,2021-01-07,PUG,5719,2461,3258,5719,0,0,ITF,ITF4,16,Puglia,Puglia,4029053,1262953,31.35,0.14
3804,2021-04-17,PUG,40015,18964,21051,36020,3574,421,ITF,ITF4,16,Puglia,Puglia,4029053,1302968,32.34,0.99
3805,2021-02-19,PUG,4736,2013,2723,4291,391,54,ITF,ITF4,16,Puglia,Puglia,4029053,1307704,32.46,0.12
3806,2021-06-22,PUG,42202,20457,21745,18893,22715,594,ITF,ITF4,16,Puglia,Puglia,4029053,1349906,33.5,1.05
3807,2021-04-26,PUG,26298,12052,14246,22673,3235,390,ITF,ITF4,16,Puglia,Puglia,4029053,1376204,34.16,0.65
3808,2021-03-16,PUG,9877,4690,5187,3454,6365,58,ITF,ITF4,16,Puglia,Puglia,4029053,1386081,34.4,0.25
3809,2021-06-24,PUG,52489,25383,27106,23377,28289,823,ITF,ITF4,16,Puglia,Puglia,4029053,1438570,35.7,1.3
3810,2021-04-28,PUG,19829,8892,10937,14795,4770,264,ITF,ITF4,16,Puglia,Puglia,4029053,1458399,36.2,0.49
3811,2021-07-20,PUG,45753,22440,23313,8367,36863,523,ITF,ITF4,16,Puglia,Puglia,4029053,1504152,37.33,1.14
3812,2021-05-31,PUG,37872,18253,19619,23134,14184,554,ITF,ITF4,16,Puglia,Puglia,4029053,1542024,38.27,0.94
3813,2021-01-04,PUG,4511,2018,2493,4509,0,2,ITF,ITF4,16,Puglia,Puglia,4029053,1546535,38.38,0.11
3814,2021-03-26,PUG,12010,5844,6166,7228,4654,128,ITF,ITF4,16,Puglia,Puglia,4029053,1558545,38.68,0.3
3815,2021-03-09,PUG,13633,6093,7540,11436,2013,184,ITF,ITF4,16,Puglia,Puglia,4029053,1572178,39.02,0.34
3816,2021-04-14,PUG,31997,15096,16901,28381,3308,308,ITF,ITF4,16,Puglia,Puglia,4029053,1604175,39.82,0.79
3817,2021-03-28,PUG,3542,1655,1887,1180,2328,34,ITF,ITF4,16,Puglia,Puglia,4029053,1607717,39.9,0.09
3818,2021-06-12,PUG,34516,17208,17308,25033,8893,590,ITF,ITF4,16,Puglia,Puglia,4029053,1642233,40.76,0.86
3819,2021-01-28,PUG,5475,2278,3197,468,5007,0,ITF,ITF4,16,Puglia,Puglia,4029053,1647708,40.9,0.14
3820,2021-04-16,PUG,36068,16955,19113,32362,3286,420,ITF,ITF4,16,Puglia,Puglia,4029053,1683776,41.79,0.9
3821,2021-02-18,PUG,4381,1847,2534,3715,606,60,ITF,ITF4,16,Puglia,Puglia,4029053,1688157,41.9,0.11
3822,2021-07-25,PUG,6278,3255,3023,1574,4638,66,ITF,ITF4,16,Puglia,Puglia,4029053,1694435,42.06,0.16
3823,2021-04-09,PUG,22068,9512,12556,17056,4627,385,ITF,ITF4,16,Puglia,Puglia,4029053,1716503,42.6,0.55
3824,2021-02-11,PUG,3697,1401,2296,2392,1278,27,ITF,ITF4,16,Puglia,Puglia,4029053,1720200,42.69,0.09
3825,2021-07-18,PUG,17516,8967,8549,5568,11668,280,ITF,ITF4,16,Puglia,Puglia,4029053,1737716,43.13,0.43
3826,2021-05-22,PUG,34658,15875,18783,23695,10419,544,ITF,ITF4,16,Puglia,Puglia,4029053,1772374,43.99,0.86
3827,2021-02-25,PUG,11972,5062,6910,10662,1175,135,ITF,ITF4,16,Puglia,Puglia,4029053,1784346,44.29,0.3
3828,2021-07-13,PUG,48479,22855,25624,7961,39920,598,ITF,ITF4,16,Puglia,Puglia,4029053,1832825,45.49,1.2
3829,2021-03-21,PUG,2694,1227,1467,579,2104,11,ITF,ITF4,16,Puglia,Puglia,4029053,1835519,45.56,0.07
3830,2021-06-29,PUG,46276,22192,24084,15191,30364,721,ITF,ITF4,16,Puglia,Puglia,4029053,1881795,46.71,1.15
3831,2021-01-11,PUG,3754,1589,2165,3753,0,1,ITF,ITF4,16,Puglia,Puglia,4029053,1885549,46.8,0.09
3832,2021-04-21,PUG,23138,10688,12450,19097,3737,304,ITF,ITF4,16,Puglia,Puglia,4029053,1908687,47.37,0.57
3833,2021-05-24,PUG,36122,17044,19078,24500,11009,613,ITF,ITF4,16,Puglia,Puglia,4029053,1944809,48.27,0.9
3834,2021-02-16,PUG,3384,1454,1930,2706,647,31,ITF,ITF4,16,Puglia,Puglia,4029053,1948193,48.35,0.08
3835,2021-01-30,PUG,5533,2514,3019,405,5127,1,ITF,ITF4,16,Puglia,Puglia,4029053,1953726,48.49,0.14
3836,2021-05-10,PUG,37770,16687,21083,19317,17979,474,ITF,ITF4,16,Puglia,Puglia,4029053,1991496,49.43,0.94
3837,2021-02-13,PUG,3730,1458,2272,3018,696,16,ITF,ITF4,16,Puglia,Puglia,4029053,1995226,49.52,0.09
3838,2021-06-28,PUG,48339,23442,24897,21526,25937,876,ITF,ITF4,16,Puglia,Puglia,4029053,2043565,50.72,1.2
3839,2021-01-23,PUG,3040,1294,1746,886,2153,1,ITF,ITF4,16,Puglia,Puglia,4029053,2046605,50.8,0.08
3840,2021-05-03,PUG,33345,14908,18437,22128,10649,568,ITF,ITF4,16,Puglia,Puglia,4029053,2079950,51.62,0.83
3841,2021-03-07,PUG,4985,2002,2983,4373,571,41,ITF,ITF4,16,Puglia,Puglia,4029053,2084935,51.75,0.12
3842,2021-05-05,PUG,39201,17184,22017,24407,14204,590,ITF,ITF4,16,Puglia,Puglia,4029053,2124136,52.72,0.97
3843,2021-06-17,PUG,42767,20902,21865,21390,20810,567,ITF,ITF4,16,Puglia,Puglia,4029053,2166903,53.78,1.06
3844,2021-04-23,PUG,29547,13731,15816,23879,5255,413,ITF,ITF4,16,Puglia,Puglia,4029053,2196450,54.52,0.73
3845,2021-03-18,PUG,9583,4353,5230,3336,6182,65,ITF,ITF4,16,Puglia,Puglia,4029053,2206033,54.75,0.24
3846,2021-06-26,PUG,32238,16229,16009,15801,15841,596,ITF,ITF4,16,Puglia,Puglia,4029053,2238271,55.55,0.8
3847,2021-03-04,PUG,15355,6100,9255,13707,1425,223,ITF,ITF4,16,Puglia,Puglia,4029053,2253626,55.93,0.38
3848,2021-06-09,PUG,41848,20713,21135,29911,11229,708,ITF,ITF4,16,Puglia,Puglia,4029053,2295474,56.97,1.04
3849,2021-02-15,PUG,3259,1270,1989,2593,622,44,ITF,ITF4,16,Puglia,Puglia,4029053,2298733,57.05,0.08
3850,2021-05-26,PUG,38560,18522,20038,26212,11698,650,ITF,ITF4,16,Puglia,Puglia,4029053,2337293,58.01,0.96
3851,2021-01-27,PUG,4603,1941,2662,629,3972,2,ITF,ITF4,16,Puglia,Puglia,4029053,2341896,58.13,0.11
3852,2021-05-07,PUG,50098,22361,27737,26031,23511,556,ITF,ITF4,16,Puglia,Puglia,4029053,2391994,59.37,1.24
3853,2021-01-13,PUG,4545,1729,2816,4542,0,3,ITF,ITF4,16,Puglia,Puglia,4029053,2396539,59.48,0.11
3854,2021-01-09,PUG,4888,2250,2638,4884,0,4,ITF,ITF4,16,Puglia,Puglia,4029053,2401427,59.6,0.12
3855,2021-07-01,PUG,48061,22507,25554,11365,36037,659,ITF,ITF4,16,Puglia,Puglia,4029053,2449488,60.8,1.19
3856,2021-04-25,PUG,11301,5234,6067,10025,1144,132,ITF,ITF4,16,Puglia,Puglia,4029053,2460789,61.08,0.28
3857,2021-02-27,PUG,14225,4818,9407,12817,1226,182,ITF,ITF4,16,Puglia,Puglia,4029053,2475014,61.43,0.35
3858,2021-01-01,PUG,149,61,88,149,0,0,ITF,ITF4,16,Puglia,Puglia,4029053,2475163,61.43,0.0
3859,2021-06-07,PUG,44323,21647,22676,30330,13231,762,ITF,ITF4,16,Puglia,Puglia,4029053,2519486,62.53,1.1
3860,2021-04-11,PUG,16470,7256,9214,14634,1658,178,ITF,ITF4,16,Puglia,Puglia,4029053,2535956,62.94,0.41
3861,2021-03-06,PUG,16151,6127,10024,13888,2096,167,ITF,ITF4,16,Puglia,Puglia,4029053,2552107,63.34,0.4
3862,2021-01-08,PUG,5660,2378,3282,5654,0,6,ITF,ITF4,16,Puglia,Puglia,4029053,2557767,63.48,0.14
3863,2021-06-14,PUG,41960,20530,21430,28821,12350,789,ITF,ITF4,16,Puglia,Puglia,4029053,2599727,64.52,1.04
3864,2021-04-18,PUG,22649,10835,11814,21397,1056,196,ITF,ITF4,16,Puglia,Puglia,4029053,2622376,65.09,0.56
3865,2021-02-20,PUG,2972,1079,1893,2685,257,30,ITF,ITF4,16,Puglia,Puglia,4029053,2625348,65.16,0.07
3866,2021-05-09,PUG,30751,12618,18133,14753,15625,373,ITF,ITF4,16,Puglia,Puglia,4029053,2656099,65.92,0.76
3867,2021-04-22,PUG,23044,10548,12496,17733,4925,386,ITF,ITF4,16,Puglia,Puglia,4029053,2679143,66.5,0.57
3868,2021-06-05,PUG,42495,20821,21674,29120,12652,723,ITF,ITF4,16,Puglia,Puglia,4029053,2721638,67.55,1.05
3869,2021-01-06,PUG,3952,1675,2277,3951,0,1,ITF,ITF4,16,Puglia,Puglia,4029053,2725590,67.65,0.1
3870,2021-06-16,PUG,41995,20658,21337,26861,14406,728,ITF,ITF4,16,Puglia,Puglia,4029053,2767585,68.69,1.04
3871,2020-12-30,PUG,1,0,1,1,0,0,ITF,ITF4,16,Puglia,Puglia,4029053,2767586,68.69,0.0
3872,2021-03-22,PUG,9961,5124,4837,4248,5648,65,ITF,ITF4,16,Puglia,Puglia,4029053,2777547,68.94,0.25
3873,2021-01-24,PUG,1671,751,920,154,1517,0,ITF,ITF4,16,Puglia,Puglia,4029053,2779218,68.98,0.04
3874,2021-06-30,PUG,47481,23048,24433,18731,27866,884,ITF,ITF4,16,Puglia,Puglia,4029053,2826699,70.16,1.18
3875,2021-07-06,PUG,42180,19426,22754,6197,35546,437,ITF,ITF4,16,Puglia,Puglia,4029053,2868879,71.2,1.05
3876,2021-06-19,PUG,34660,17384,17276,22146,11848,666,ITF,ITF4,16,Puglia,Puglia,4029053,2903539,72.07,0.86
3877,2021-06-21,PUG,41567,20257,21310,21269,19629,669,ITF,ITF4,16,Puglia,Puglia,4029053,2945106,73.1,1.03
3878,2021-03-30,PUG,12371,5927,6444,6289,5928,154,ITF,ITF4,16,Puglia,Puglia,4029053,2957477,73.4,0.31
3879,2021-02-01,PUG,3969,1662,2307,366,3601,2,ITF,ITF4,16,Puglia,Puglia,4029053,2961446,73.5,0.1
3880,2021-07-17,PUG,29375,14727,14648,9187,19579,609,ITF,ITF4,16,Puglia,Puglia,4029053,2990821,74.23,0.73
3881,2021-05-14,PUG,44978,20559,24419,27960,16157,861,ITF,ITF4,16,Puglia,Puglia,4029053,3035799,75.35,1.12
3882,2021-04-06,PUG,13851,6255,7596,6925,6758,168,ITF,ITF4,16,Puglia,Puglia,4029053,3049650,75.69,0.34
3883,2021-07-15,PUG,43808,21211,22597,8942,34179,687,ITF,ITF4,16,Puglia,Puglia,4029053,3093458,76.78,1.09
3884,2021-07-14,PUG,44501,21341,23160,13109,30563,829,ITF,ITF4,16,Puglia,Puglia,4029053,3137959,77.88,1.1
3885,2021-03-01,PUG,15109,5869,9240,13584,1374,151,ITF,ITF4,16,Puglia,Puglia,4029053,3153068,78.26,0.38
3886,2021-01-15,PUG,4552,1866,2686,4547,0,5,ITF,ITF4,16,Puglia,Puglia,4029053,3157620,78.37,0.11
3887,2021-01-22,PUG,1412,579,833,991,420,1,ITF,ITF4,16,Puglia,Puglia,4029053,3159032,78.41,0.04
3888,2021-03-15,PUG,12344,6152,6192,5737,6506,101,ITF,ITF4,16,Puglia,Puglia,4029053,3171376,78.71,0.31
3889,2021-01-17,PUG,1309,591,718,1239,69,1,ITF,ITF4,16,Puglia,Puglia,4029053,3172685,78.75,0.03
3890,2021-06-23,PUG,29283,14310,14973,16907,11739,637,ITF,ITF4,16,Puglia,Puglia,4029053,3201968,79.47,0.73
3891,2021-04-27,PUG,26685,12072,14613,20756,5605,324,ITF,ITF4,16,Puglia,Puglia,4029053,3228653,80.13,0.66
3892,2021-05-11,PUG,32605,14393,18212,13668,18450,487,ITF,ITF4,16,Puglia,Puglia,4029053,3261258,80.94,0.81
3893,2021-03-14,PUG,3372,1459,1913,2475,861,36,ITF,ITF4,16,Puglia,Puglia,4029053,3264630,81.03,0.08
3894,2021-01-16,PUG,2508,1036,1472,2506,0,2,ITF,ITF4,16,Puglia,Puglia,4029053,3267138,81.09,0.06
3895,2021-05-21,PUG,39117,18571,20546,28240,10087,790,ITF,ITF4,16,Puglia,Puglia,4029053,3306255,82.06,0.97
3896,2021-05-19,PUG,26392,12764,13628,19516,6438,438,ITF,ITF4,16,Puglia,Puglia,4029053,3332647,82.72,0.66
3897,2021-03-23,PUG,11122,5645,5477,4543,6489,90,ITF,ITF4,16,Puglia,Puglia,4029053,3343769,82.99,0.28
3898,2021-03-25,PUG,11728,6009,5719,5368,6263,97,ITF,ITF4,16,Puglia,Puglia,4029053,3355497,83.28,0.29
3899,2021-07-03,PUG,32998,16554,16444,13361,19108,529,ITF,ITF4,16,Puglia,Puglia,4029053,3388495,84.1,0.82
3900,2021-02-08,PUG,3998,1613,2385,1582,2400,16,ITF,ITF4,16,Puglia,Puglia,4029053,3392493,84.2,0.1
3901,2021-02-12,PUG,4214,1672,2542,3099,1093,22,ITF,ITF4,16,Puglia,Puglia,4029053,3396707,84.31,0.1
3902,2021-01-29,PUG,6205,2665,3540,384,5817,4,ITF,ITF4,16,Puglia,Puglia,4029053,3402912,84.46,0.15
3903,2021-03-20,PUG,8418,3881,4537,3779,4596,43,ITF,ITF4,16,Puglia,Puglia,4029053,3411330,84.67,0.21
3904,2021-03-03,PUG,16788,6805,9983,14716,1922,150,ITF,ITF4,16,Puglia,Puglia,4029053,3428118,85.08,0.42
3905,2021-06-11,PUG,47869,23421,24448,32973,13986,910,ITF,ITF4,16,Puglia,Puglia,4029053,3475987,86.27,1.19
3906,2021-01-25,PUG,3830,1681,2149,424,3405,1,ITF,ITF4,16,Puglia,Puglia,4029053,3479817,86.37,0.1
3907,2021-07-10,PUG,22266,10965,11301,4501,17462,303,ITF,ITF4,16,Puglia,Puglia,4029053,3502083,86.92,0.55
3908,2021-03-11,PUG,14820,6579,8241,11446,3176,198,ITF,ITF4,16,Puglia,Puglia,4029053,3516903,87.29,0.37
3909,2021-06-02,PUG,27034,13221,13813,21854,4823,357,ITF,ITF4,16,Puglia,Puglia,4029053,3543937,87.96,0.67
3910,2021-03-13,PUG,10470,4135,6335,8563,1809,98,ITF,ITF4,16,Puglia,Puglia,4029053,3554407,88.22,0.26
3911,2021-05-04,PUG,35128,14862,20266,18233,16481,414,ITF,ITF4,16,Puglia,Puglia,4029053,3589535,89.09,0.87
3912,2021-03-08,PUG,14997,6441,8556,12441,2403,153,ITF,ITF4,16,Puglia,Puglia,4029053,3604532,89.46,0.37
3913,2021-06-25,PUG,50546,24899,25647,23689,25914,943,ITF,ITF4,16,Puglia,Puglia,4029053,3655078,90.72,1.25
3914,2021-02-10,PUG,3649,1439,2210,2116,1512,21,ITF,ITF4,16,Puglia,Puglia,4029053,3658727,90.81,0.09
3915,2021-05-23,PUG,17929,8378,9551,13859,3810,260,ITF,ITF4,16,Puglia,Puglia,4029053,3676656,91.25,0.44
3916,2021-02-17,PUG,4288,1751,2537,3635,612,41,ITF,ITF4,16,Puglia,Puglia,4029053,3680944,91.36,0.11
3917,2021-05-28,PUG,43994,20832,23162,27446,15746,802,ITF,ITF4,16,Puglia,Puglia,4029053,3724938,92.45,1.09
3918,2021-04-03,PUG,10568,4652,5916,6815,3560,193,ITF,ITF4,16,Puglia,Puglia,4029053,3735506,92.71,0.26
3919,2021-01-10,PUG,2349,1062,1287,2348,0,1,ITF,ITF4,16,Puglia,Puglia,4029053,3737855,92.77,0.06
3920,2021-04-20,PUG,21175,9837,11338,17446,3467,262,ITF,ITF4,16,Puglia,Puglia,4029053,3759030,93.3,0.53
3921,2020-12-27,PUG,510,252,258,510,0,0,ITF,ITF4,16,Puglia,Puglia,4029053,3759540,93.31,0.01
3922,2021-04-08,PUG,17492,7591,9901,11097,6180,215,ITF,ITF4,16,Puglia,Puglia,4029053,3777032,93.74,0.43
3923,2021-06-06,PUG,30679,15447,15232,25315,5039,325,ITF,ITF4,16,Puglia,Puglia,4029053,3807711,94.51,0.76
3924,2021-04-10,PUG,30910,13110,17800,26295,4234,381,ITF,ITF4,16,Puglia,Puglia,4029053,3838621,95.27,0.77
3925,2021-07-19,PUG,46257,22683,23574,10559,34946,752,ITF,ITF4,16,Puglia,Puglia,4029053,3884878,96.42,1.15
3926,2021-04-01,PUG,13946,6549,7397,7382,6350,214,ITF,ITF4,16,Puglia,Puglia,4029053,3898824,96.77,0.35
3927,2021-02-24,PUG,10052,4709,5343,9367,595,90,ITF,ITF4,16,Puglia,Puglia,4029053,3908876,97.02,0.25
3928,2021-06-04,PUG,52668,25487,27181,34132,17709,827,ITF,ITF4,16,Puglia,Puglia,4029053,3961544,98.32,1.31
3929,2021-05-18,PUG,28905,13451,15454,15852,12800,253,ITF,ITF4,16,Puglia,Puglia,4029053,3990449,99.04,0.72
3930,2021-04-29,PUG,26232,12134,14098,19137,6674,421,ITF,ITF4,16,Puglia,Puglia,4029053,4016681,99.69,0.65
3931,2021-05-30,PUG,21011,10057,10954,15713,5043,255,ITF,ITF4,16,Puglia,Puglia,4029053,4037692,100.21,0.52
3932,2021-02-03,PUG,5042,2006,3036,726,4313,3,ITF,ITF4,16,Puglia,Puglia,4029053,4042734,100.34,0.13
3933,2021-07-12,PUG,44865,21218,23647,12665,31440,760,ITF,ITF4,16,Puglia,Puglia,4029053,4087599,101.45,1.11
3934,2021-02-22,PUG,9636,4537,5099,9215,334,87,ITF,ITF4,16,Puglia,Puglia,4029053,4097235,101.69,0.24
3935,2021-02-05,PUG,5637,2274,3363,1327,4305,5,ITF,ITF4,16,Puglia,Puglia,4029053,4102872,101.83,0.14
3936,2021-05-16,PUG,24563,11077,13486,12496,11846,221,ITF,ITF4,16,Puglia,Puglia,4029053,4127435,102.44,0.61
3937,2021-05-17,PUG,32861,15228,17633,20492,11869,500,ITF,ITF4,16,Puglia,Puglia,4029053,4160296,103.26,0.82
3938,2021-02-23,PUG,9371,4425,4946,8788,491,92,ITF,ITF4,16,Puglia,Puglia,4029053,4169667,103.49,0.23
3939,2021-01-18,PUG,1846,772,1074,1496,349,1,ITF,ITF4,16,Puglia,Puglia,4029053,4171513,103.54,0.05
3940,2021-02-06,PUG,4551,1933,2618,1577,2959,15,ITF,ITF4,16,Puglia,Puglia,4029053,4176064,103.65,0.11
3941,2021-01-20,PUG,1548,542,1006,1537,8,3,ITF,ITF4,16,Puglia,Puglia,4029053,4177612,103.69,0.04
3942,2021-04-30,PUG,34987,15678,19309,22445,11976,566,ITF,ITF4,16,Puglia,Puglia,4029053,4212599,104.56,0.87
3943,2021-04-13,PUG,28753,13638,15115,25026,3416,311,ITF,ITF4,16,Puglia,Puglia,4029053,4241352,105.27,0.71
3944,2021-07-22,PUG,44502,22096,22406,8349,35497,656,ITF,ITF4,16,Puglia,Puglia,4029053,4285854,106.37,1.1
3945,2021-07-05,PUG,38630,18129,20501,7366,30700,564,ITF,ITF4,16,Puglia,Puglia,4029053,4324484,107.33,0.96
3946,2021-05-02,PUG,21336,9670,11666,13892,7266,178,ITF,ITF4,16,Puglia,Puglia,4029053,4345820,107.86,0.53
3947,2021-07-24,PUG,24120,12461,11659,7295,16407,418,ITF,ITF4,16,Puglia,Puglia,4029053,4369940,108.46,0.6
3948,2021-06-18,PUG,47668,23463,24205,28825,17904,939,ITF,ITF4,16,Puglia,Puglia,4029053,4417608,109.64,1.18
3949,2021-01-03,PUG,2007,943,1064,2006,0,1,ITF,ITF4,16,Puglia,Puglia,4029053,4419615,109.69,0.05
3950,2021-03-27,PUG,12163,5717,6446,6881,5172,110,ITF,ITF4,16,Puglia,Puglia,4029053,4431778,110.0,0.3
3951,2021-01-05,PUG,5110,2251,2859,5107,0,3,ITF,ITF4,16,Puglia,Puglia,4029053,4436888,110.12,0.13
3952,2021-04-15,PUG,32718,15267,17451,28696,3622,400,ITF,ITF4,16,Puglia,Puglia,4029053,4469606,110.93,0.81
3953,2021-07-07,PUG,38494,18430,20064,6238,31732,524,ITF,ITF4,16,Puglia,Puglia,4029053,4508100,111.89,0.96
3954,2021-06-14,UMB,5379,2745,2634,3368,2010,1,ITI,ITI2,10,Umbria,Umbria,882015,5379,0.61,0.61
3955,2021-07-03,UMB,6467,3243,3224,2922,3490,55,ITI,ITI2,10,Umbria,Umbria,882015,11846,1.34,0.73
3956,2021-07-20,UMB,8257,4105,4152,1146,7077,34,ITI,ITI2,10,Umbria,Umbria,882015,20103,2.28,0.94
3957,2021-07-22,UMB,9873,4798,5075,1647,8172,54,ITI,ITI2,10,Umbria,Umbria,882015,29976,3.4,1.12
3958,2021-05-07,UMB,10116,4708,5408,6715,3191,210,ITI,ITI2,10,Umbria,Umbria,882015,40092,4.55,1.15
3959,2021-04-23,UMB,6613,2785,3828,3298,3120,195,ITI,ITI2,10,Umbria,Umbria,882015,46705,5.3,0.75
3960,2021-02-25,UMB,1332,495,837,1272,52,8,ITI,ITI2,10,Umbria,Umbria,882015,48037,5.45,0.15
3961,2021-03-11,UMB,3582,1722,1860,2564,1006,12,ITI,ITI2,10,Umbria,Umbria,882015,51619,5.85,0.41
3962,2021-01-13,UMB,449,139,310,449,0,0,ITI,ITI2,10,Umbria,Umbria,882015,52068,5.9,0.05
3963,2021-06-19,UMB,4568,2199,2369,2537,2030,1,ITI,ITI2,10,Umbria,Umbria,882015,56636,6.42,0.52
3964,2021-01-06,UMB,846,325,521,846,0,0,ITI,ITI2,10,Umbria,Umbria,882015,57482,6.52,0.1
3965,2021-06-12,UMB,7710,3684,4026,6126,1578,6,ITI,ITI2,10,Umbria,Umbria,882015,65192,7.39,0.87
3966,2021-04-16,UMB,8096,3740,4356,6080,1838,178,ITI,ITI2,10,Umbria,Umbria,882015,73288,8.31,0.92
3967,2021-04-30,UMB,6252,2971,3281,2734,3397,121,ITI,ITI2,10,Umbria,Umbria,882015,79540,9.02,0.71
3968,2021-03-04,UMB,4484,1855,2629,3643,827,14,ITI,ITI2,10,Umbria,Umbria,882015,84024,9.53,0.51
3969,2021-01-20,UMB,602,221,381,602,0,0,ITI,ITI2,10,Umbria,Umbria,882015,84626,9.59,0.07
3970,2021-02-13,UMB,114,27,87,111,3,0,ITI,ITI2,10,Umbria,Umbria,882015,84740,9.61,0.01
3971,2021-05-24,UMB,9055,4509,4546,8009,879,167,ITI,ITI2,10,Umbria,Umbria,882015,93795,10.63,1.03
3972,2021-04-18,UMB,1531,681,850,578,930,23,ITI,ITI2,10,Umbria,Umbria,882015,95326,10.81,0.17
3973,2021-01-11,UMB,1303,341,962,1303,0,0,ITI,ITI2,10,Umbria,Umbria,882015,96629,10.96,0.15
3974,2021-05-05,UMB,7219,3305,3914,3834,3304,81,ITI,ITI2,10,Umbria,Umbria,882015,103848,11.77,0.82
3975,2021-01-25,UMB,648,323,325,5,643,0,ITI,ITI2,10,Umbria,Umbria,882015,104496,11.85,0.07
3976,2021-06-02,UMB,3916,1883,2033,3874,42,0,ITI,ITI2,10,Umbria,Umbria,882015,108412,12.29,0.44
3977,2021-02-20,UMB,283,101,182,259,24,0,ITI,ITI2,10,Umbria,Umbria,882015,108695,12.32,0.03
3978,2021-03-09,UMB,4088,2000,2088,2791,1288,9,ITI,ITI2,10,Umbria,Umbria,882015,112783,12.79,0.46
3979,2021-03-23,UMB,3824,1713,2111,2158,1629,37,ITI,ITI2,10,Umbria,Umbria,882015,116607,13.22,0.43
3980,2021-07-01,UMB,9679,4791,4888,3359,6278,42,ITI,ITI2,10,Umbria,Umbria,882015,126286,14.32,1.1
3981,2021-02-08,UMB,635,203,432,88,547,0,ITI,ITI2,10,Umbria,Umbria,882015,126921,14.39,0.07
3982,2021-05-19,UMB,9418,4215,5203,5590,3743,85,ITI,ITI2,10,Umbria,Umbria,882015,136339,15.46,1.07
3983,2021-02-06,UMB,396,138,258,34,362,0,ITI,ITI2,10,Umbria,Umbria,882015,136735,15.5,0.04
3984,2021-04-06,UMB,5287,2164,3123,2863,2387,37,ITI,ITI2,10,Umbria,Umbria,882015,142022,16.1,0.6
3985,2021-03-28,UMB,1095,441,654,1040,24,31,ITI,ITI2,10,Umbria,Umbria,882015,143117,16.23,0.12
3986,2021-01-30,UMB,1575,486,1089,44,1531,0,ITI,ITI2,10,Umbria,Umbria,882015,144692,16.4,0.18
3987,2021-07-15,UMB,10556,5173,5383,608,9896,52,ITI,ITI2,10,Umbria,Umbria,882015,155248,17.6,1.2
3988,2021-04-25,UMB,4357,1684,2673,3866,82,409,ITI,ITI2,10,Umbria,Umbria,882015,159605,18.1,0.49
3989,2021-06-21,UMB,7499,3931,3568,5160,2337,2,ITI,ITI2,10,Umbria,Umbria,882015,167104,18.95,0.85
3990,2021-01-01,UMB,273,104,169,273,0,0,ITI,ITI2,10,Umbria,Umbria,882015,167377,18.98,0.03
3991,2021-04-11,UMB,3098,1504,1594,3032,49,17,ITI,ITI2,10,Umbria,Umbria,882015,170475,19.33,0.35
3992,2021-01-18,UMB,613,218,395,529,84,0,ITI,ITI2,10,Umbria,Umbria,882015,171088,19.4,0.07
3993,2021-05-30,UMB,5982,2999,2983,5664,202,116,ITI,ITI2,10,Umbria,Umbria,882015,177070,20.08,0.68
3994,2021-03-08,UMB,3696,1822,1874,2323,1361,12,ITI,ITI2,10,Umbria,Umbria,882015,180766,20.49,0.42
3995,2021-03-18,UMB,2965,1171,1794,1699,1262,4,ITI,ITI2,10,Umbria,Umbria,882015,183731,20.83,0.34
3996,2021-06-26,UMB,9312,4729,4583,5690,3622,0,ITI,ITI2,10,Umbria,Umbria,882015,193043,21.89,1.06
3997,2021-07-10,UMB,7680,3808,3872,71,7601,8,ITI,ITI2,10,Umbria,Umbria,882015,200723,22.76,0.87
3998,2021-04-20,UMB,5450,2364,3086,3430,1947,73,ITI,ITI2,10,Umbria,Umbria,882015,206173,23.38,0.62
3999,2021-04-04,UMB,57,20,37,22,35,0,ITI,ITI2,10,Umbria,Umbria,882015,206230,23.38,0.01
4000,2021-06-07,UMB,6943,3426,3517,6245,695,3,ITI,ITI2,10,Umbria,Umbria,882015,213173,24.17,0.79
4001,2021-03-16,UMB,3538,1454,2084,1909,1627,2,ITI,ITI2,10,Umbria,Umbria,882015,216711,24.57,0.4
4002,2021-02-27,UMB,1658,354,1304,1642,16,0,ITI,ITI2,10,Umbria,Umbria,882015,218369,24.76,0.19
4003,2021-04-03,UMB,2097,712,1385,1034,1052,11,ITI,ITI2,10,Umbria,Umbria,882015,220466,25.0,0.24
4004,2021-07-12,UMB,4593,2220,2373,107,4477,9,ITI,ITI2,10,Umbria,Umbria,882015,225059,25.52,0.52
4005,2021-06-30,UMB,10474,5295,5179,3767,6705,2,ITI,ITI2,10,Umbria,Umbria,882015,235533,26.7,1.19
4006,2021-07-07,UMB,9402,4450,4952,86,9290,26,ITI,ITI2,10,Umbria,Umbria,882015,244935,27.77,1.07
4007,2021-05-31,UMB,5810,2843,2967,4848,884,78,ITI,ITI2,10,Umbria,Umbria,882015,250745,28.43,0.66
4008,2021-05-14,UMB,5328,2509,2819,3353,1817,158,ITI,ITI2,10,Umbria,Umbria,882015,256073,29.03,0.6
4009,2021-02-01,UMB,1284,341,943,48,1236,0,ITI,ITI2,10,Umbria,Umbria,882015,257357,29.18,0.15
4010,2021-02-18,UMB,1496,582,914,1029,466,1,ITI,ITI2,10,Umbria,Umbria,882015,258853,29.35,0.17
4011,2021-05-26,UMB,9648,4565,5083,8204,1250,194,ITI,ITI2,10,Umbria,Umbria,882015,268501,30.44,1.09
4012,2021-05-28,UMB,9589,4437,5152,7111,2296,182,ITI,ITI2,10,Umbria,Umbria,882015,278090,31.53,1.09
4013,2021-07-08,UMB,9488,4596,4892,171,9272,45,ITI,ITI2,10,Umbria,Umbria,882015,287578,32.6,1.08
4014,2021-05-12,UMB,6488,3025,3463,4194,2146,148,ITI,ITI2,10,Umbria,Umbria,882015,294066,33.34,0.74
4015,2021-03-30,UMB,3976,1730,2246,2400,1540,36,ITI,ITI2,10,Umbria,Umbria,882015,298042,33.79,0.45
4016,2020-12-27,UMB,84,44,40,84,0,0,ITI,ITI2,10,Umbria,Umbria,882015,298126,33.8,0.01
4017,2021-02-22,UMB,1889,807,1082,1803,86,0,ITI,ITI2,10,Umbria,Umbria,882015,300015,34.01,0.21
4018,2021-03-06,UMB,4303,1146,3157,4133,138,32,ITI,ITI2,10,Umbria,Umbria,882015,304318,34.5,0.49
4019,2021-01-22,UMB,276,105,171,32,244,0,ITI,ITI2,10,Umbria,Umbria,882015,304594,34.53,0.03
4020,2021-06-28,UMB,9710,4797,4913,3784,5926,0,ITI,ITI2,10,Umbria,Umbria,882015,314304,35.63,1.1
4021,2021-05-02,UMB,3780,1866,1914,1298,2454,28,ITI,ITI2,10,Umbria,Umbria,882015,318084,36.06,0.43
4022,2021-03-20,UMB,2319,845,1474,2290,25,4,ITI,ITI2,10,Umbria,Umbria,882015,320403,36.33,0.26
4023,2021-06-16,UMB,6316,3093,3223,3222,3093,1,ITI,ITI2,10,Umbria,Umbria,882015,326719,37.04,0.72
4024,2021-03-25,UMB,3929,1724,2205,2821,1063,45,ITI,ITI2,10,Umbria,Umbria,882015,330648,37.49,0.45
4025,2021-03-27,UMB,4251,1513,2738,3855,340,56,ITI,ITI2,10,Umbria,Umbria,882015,334899,37.97,0.48
4026,2021-01-27,UMB,840,330,510,13,827,0,ITI,ITI2,10,Umbria,Umbria,882015,335739,38.06,0.1
4027,2021-01-10,UMB,1065,274,791,1065,0,0,ITI,ITI2,10,Umbria,Umbria,882015,336804,38.19,0.12
4028,2021-05-21,UMB,8973,3668,5305,4060,4828,85,ITI,ITI2,10,Umbria,Umbria,882015,345777,39.2,1.02
4029,2021-05-04,UMB,5538,2544,2994,2353,3125,60,ITI,ITI2,10,Umbria,Umbria,882015,351315,39.83,0.63
4030,2021-04-01,UMB,4372,1837,2535,2327,2009,36,ITI,ITI2,10,Umbria,Umbria,882015,355687,40.33,0.5
4031,2021-03-01,UMB,1504,774,730,1384,114,6,ITI,ITI2,10,Umbria,Umbria,882015,357191,40.5,0.17
4032,2021-06-09,UMB,8063,3908,4155,7337,722,4,ITI,ITI2,10,Umbria,Umbria,882015,365254,41.41,0.91
4033,2021-06-23,UMB,11200,5720,5480,7797,3403,0,ITI,ITI2,10,Umbria,Umbria,882015,376454,42.68,1.27
4034,2021-03-15,UMB,4594,1938,2656,2825,1766,3,ITI,ITI2,10,Umbria,Umbria,882015,381048,43.2,0.52
4035,2021-02-10,UMB,714,348,366,699,15,0,ITI,ITI2,10,Umbria,Umbria,882015,381762,43.28,0.08
4036,2021-05-11,UMB,6236,2835,3401,3903,2193,140,ITI,ITI2,10,Umbria,Umbria,882015,387998,43.99,0.71
4037,2021-01-08,UMB,1187,344,843,1187,0,0,ITI,ITI2,10,Umbria,Umbria,882015,389185,44.12,0.13
4038,2021-05-23,UMB,5068,1854,3214,635,4416,17,ITI,ITI2,10,Umbria,Umbria,882015,394253,44.7,0.57
4039,2021-03-17,UMB,3329,1313,2016,1855,1472,2,ITI,ITI2,10,Umbria,Umbria,882015,397582,45.08,0.38
4040,2021-01-07,UMB,1300,387,913,1300,0,0,ITI,ITI2,10,Umbria,Umbria,882015,398882,45.22,0.15
4041,2021-06-25,UMB,10160,5283,4877,5383,4771,6,ITI,ITI2,10,Umbria,Umbria,882015,409042,46.38,1.15
4042,2021-01-26,UMB,815,389,426,17,798,0,ITI,ITI2,10,Umbria,Umbria,882015,409857,46.47,0.09
4043,2021-04-15,UMB,7647,3498,4149,5690,1887,70,ITI,ITI2,10,Umbria,Umbria,882015,417504,47.34,0.87
4044,2021-02-17,UMB,1618,748,870,1266,351,1,ITI,ITI2,10,Umbria,Umbria,882015,419122,47.52,0.18
4045,2021-07-24,UMB,8623,4339,4284,1385,7212,26,ITI,ITI2,10,Umbria,Umbria,882015,427745,48.5,0.98
4046,2021-04-13,UMB,7677,3398,4279,5920,1668,89,ITI,ITI2,10,Umbria,Umbria,882015,435422,49.37,0.87
4047,2021-02-15,UMB,1367,692,675,1364,1,2,ITI,ITI2,10,Umbria,Umbria,882015,436789,49.52,0.15
4048,2021-01-03,UMB,270,112,158,270,0,0,ITI,ITI2,10,Umbria,Umbria,882015,437059,49.55,0.03
4049,2021-01-24,UMB,258,106,152,1,257,0,ITI,ITI2,10,Umbria,Umbria,882015,437317,49.58,0.03
4050,2021-06-08,UMB,7377,3641,3736,6826,546,5,ITI,ITI2,10,Umbria,Umbria,882015,444694,50.42,0.84
4051,2021-06-27,UMB,7455,3729,3726,1769,5686,0,ITI,ITI2,10,Umbria,Umbria,882015,452149,51.26,0.85
4052,2021-06-11,UMB,6912,3468,3444,6144,768,0,ITI,ITI2,10,Umbria,Umbria,882015,459061,52.05,0.78
4053,2021-04-08,UMB,5864,2509,3355,4007,1789,68,ITI,ITI2,10,Umbria,Umbria,882015,464925,52.71,0.66
4054,2021-07-17,UMB,7652,3850,3802,1367,6219,66,ITI,ITI2,10,Umbria,Umbria,882015,472577,53.58,0.87
4055,2021-06-04,UMB,8912,4405,4507,7708,1198,6,ITI,ITI2,10,Umbria,Umbria,882015,481489,54.59,1.01
4056,2021-03-13,UMB,1735,524,1211,1486,249,0,ITI,ITI2,10,Umbria,Umbria,882015,483224,54.79,0.2
4057,2021-01-15,UMB,695,213,482,695,0,0,ITI,ITI2,10,Umbria,Umbria,882015,483919,54.87,0.08
4058,2021-01-29,UMB,1230,348,882,79,1151,0,ITI,ITI2,10,Umbria,Umbria,882015,485149,55.0,0.14
4059,2021-05-09,UMB,5755,2753,3002,5244,391,120,ITI,ITI2,10,Umbria,Umbria,882015,490904,55.66,0.65
4060,2021-07-09,UMB,9477,4584,4893,117,9346,14,ITI,ITI2,10,Umbria,Umbria,882015,500381,56.73,1.07
4061,2021-07-23,UMB,10240,5169,5071,1341,8846,53,ITI,ITI2,10,Umbria,Umbria,882015,510621,57.89,1.16
4062,2021-07-16,UMB,9612,4894,4718,700,8873,39,ITI,ITI2,10,Umbria,Umbria,882015,520233,58.98,1.09
4063,2021-05-20,UMB,9838,4589,5249,6104,3650,84,ITI,ITI2,10,Umbria,Umbria,882015,530071,60.1,1.12
4064,2021-02-12,UMB,670,224,446,664,6,0,ITI,ITI2,10,Umbria,Umbria,882015,530741,60.17,0.08
4065,2021-02-26,UMB,660,253,407,650,8,2,ITI,ITI2,10,Umbria,Umbria,882015,531401,60.25,0.07
4066,2021-05-06,UMB,9456,4316,5140,6021,3314,121,ITI,ITI2,10,Umbria,Umbria,882015,540857,61.32,1.07
4067,2021-03-29,UMB,3630,1600,2030,2152,1420,58,ITI,ITI2,10,Umbria,Umbria,882015,544487,61.73,0.41
4068,2021-01-31,UMB,1058,276,782,25,1033,0,ITI,ITI2,10,Umbria,Umbria,882015,545545,61.85,0.12
4069,2021-05-25,UMB,8815,4301,4514,7584,1063,168,ITI,ITI2,10,Umbria,Umbria,882015,554360,62.85,1.0
4070,2021-05-18,UMB,7746,3356,4390,3826,3838,82,ITI,ITI2,10,Umbria,Umbria,882015,562106,63.73,0.88
4071,2021-03-22,UMB,3561,1656,1905,2305,1246,10,ITI,ITI2,10,Umbria,Umbria,882015,565667,64.13,0.4
4072,2021-04-05,UMB,4249,1729,2520,2182,2055,12,ITI,ITI2,10,Umbria,Umbria,882015,569916,64.62,0.48
4073,2021-02-07,UMB,54,17,37,1,53,0,ITI,ITI2,10,Umbria,Umbria,882015,569970,64.62,0.01
4074,2021-07-14,UMB,6192,3005,3187,1751,4257,184,ITI,ITI2,10,Umbria,Umbria,882015,576162,65.32,0.7
4075,2021-06-18,UMB,4761,2348,2413,1603,3157,1,ITI,ITI2,10,Umbria,Umbria,882015,580923,65.86,0.54
4076,2021-07-05,UMB,8410,4077,4333,161,8242,7,ITI,ITI2,10,Umbria,Umbria,882015,589333,66.82,0.95
4077,2021-05-13,UMB,5916,2658,3258,3703,2084,129,ITI,ITI2,10,Umbria,Umbria,882015,595249,67.49,0.67
4078,2021-02-19,UMB,743,293,450,525,217,1,ITI,ITI2,10,Umbria,Umbria,882015,595992,67.57,0.08
4079,2021-04-22,UMB,5451,2249,3202,2702,2668,81,ITI,ITI2,10,Umbria,Umbria,882015,601443,68.19,0.62
4080,2021-04-17,UMB,6678,3069,3609,5172,1341,165,ITI,ITI2,10,Umbria,Umbria,882015,608121,68.95,0.76
4081,2021-01-05,UMB,854,429,425,854,0,0,ITI,ITI2,10,Umbria,Umbria,882015,608975,69.04,0.1
4082,2021-02-11,UMB,839,348,491,834,5,0,ITI,ITI2,10,Umbria,Umbria,882015,609814,69.14,0.1
4083,2021-05-22,UMB,6968,2755,4213,2597,4324,47,ITI,ITI2,10,Umbria,Umbria,882015,616782,69.93,0.79
4084,2021-03-31,UMB,3897,1728,2169,2179,1686,32,ITI,ITI2,10,Umbria,Umbria,882015,620679,70.37,0.44
4085,2021-02-16,UMB,1308,655,653,1299,9,0,ITI,ITI2,10,Umbria,Umbria,882015,621987,70.52,0.15
4086,2021-05-27,UMB,9970,4864,5106,8473,1318,179,ITI,ITI2,10,Umbria,Umbria,882015,631957,71.65,1.13
4087,2021-01-04,UMB,809,398,411,809,0,0,ITI,ITI2,10,Umbria,Umbria,882015,632766,71.74,0.09
4088,2021-04-14,UMB,8152,3679,4473,6096,1979,77,ITI,ITI2,10,Umbria,Umbria,882015,640918,72.67,0.92
4089,2021-07-18,UMB,7853,4063,3790,296,7553,4,ITI,ITI2,10,Umbria,Umbria,882015,648771,73.56,0.89
4090,2021-06-05,UMB,8224,3775,4449,5565,2654,5,ITI,ITI2,10,Umbria,Umbria,882015,656995,74.49,0.93
4091,2021-06-13,UMB,6763,3556,3207,6531,230,2,ITI,ITI2,10,Umbria,Umbria,882015,663758,75.25,0.77
4092,2021-05-01,UMB,5370,2638,2732,2096,3230,44,ITI,ITI2,10,Umbria,Umbria,882015,669128,75.86,0.61
4093,2021-03-05,UMB,4617,1401,3216,3946,656,15,ITI,ITI2,10,Umbria,Umbria,882015,673745,76.39,0.52
4094,2021-03-03,UMB,4431,1770,2661,3718,710,3,ITI,ITI2,10,Umbria,Umbria,882015,678176,76.89,0.5
4095,2021-06-06,UMB,7608,3904,3704,6912,693,3,ITI,ITI2,10,Umbria,Umbria,882015,685784,77.75,0.86
4096,2021-02-24,UMB,1518,563,955,1503,15,0,ITI,ITI2,10,Umbria,Umbria,882015,687302,77.92,0.17
4097,2021-07-06,UMB,8590,4092,4498,152,8417,21,ITI,ITI2,10,Umbria,Umbria,882015,695892,78.9,0.97
4098,2021-05-10,UMB,5988,2798,3190,3769,2148,71,ITI,ITI2,10,Umbria,Umbria,882015,701880,79.58,0.68
4099,2021-06-10,UMB,7465,3722,3743,6687,775,3,ITI,ITI2,10,Umbria,Umbria,882015,709345,80.42,0.85
4100,2021-07-13,UMB,4222,2004,2218,81,4135,6,ITI,ITI2,10,Umbria,Umbria,882015,713567,80.9,0.48
4101,2021-04-21,UMB,5323,2318,3005,3057,2228,38,ITI,ITI2,10,Umbria,Umbria,882015,718890,81.51,0.6
4102,2021-06-20,UMB,6213,3001,3212,1590,4623,0,ITI,ITI2,10,Umbria,Umbria,882015,725103,82.21,0.7
4103,2021-04-24,UMB,4561,1961,2600,3276,1182,103,ITI,ITI2,10,Umbria,Umbria,882015,729664,82.73,0.52
4104,2021-01-12,UMB,834,247,587,834,0,0,ITI,ITI2,10,Umbria,Umbria,882015,730498,82.82,0.09
4105,2021-03-14,UMB,66,48,18,66,0,0,ITI,ITI2,10,Umbria,Umbria,882015,730564,82.83,0.01
4106,2021-06-22,UMB,8035,4080,3955,5244,2789,2,ITI,ITI2,10,Umbria,Umbria,882015,738599,83.74,0.91
4107,2021-06-01,UMB,4381,2089,2292,4225,155,1,ITI,ITI2,10,Umbria,Umbria,882015,742980,84.24,0.5
4108,2021-03-10,UMB,4031,1943,2088,2760,1256,15,ITI,ITI2,10,Umbria,Umbria,882015,747011,84.69,0.46
4109,2021-01-16,UMB,217,71,146,216,0,1,ITI,ITI2,10,Umbria,Umbria,882015,747228,84.72,0.02
4110,2021-06-03,UMB,9039,4469,4570,8751,288,0,ITI,ITI2,10,Umbria,Umbria,882015,756267,85.74,1.02
4111,2021-04-07,UMB,5572,2291,3281,3482,2005,85,ITI,ITI2,10,Umbria,Umbria,882015,761839,86.37,0.63
4112,2021-02-23,UMB,1691,657,1034,1649,42,0,ITI,ITI2,10,Umbria,Umbria,882015,763530,86.57,0.19
4113,2021-05-08,UMB,8132,3739,4393,4802,3228,102,ITI,ITI2,10,Umbria,Umbria,882015,771662,87.49,0.92
4114,2021-01-28,UMB,1248,394,854,19,1229,0,ITI,ITI2,10,Umbria,Umbria,882015,772910,87.63,0.14
4115,2021-05-03,UMB,5086,2270,2816,2098,2887,101,ITI,ITI2,10,Umbria,Umbria,882015,777996,88.21,0.58
4116,2021-01-23,UMB,280,100,180,2,278,0,ITI,ITI2,10,Umbria,Umbria,882015,778276,88.24,0.03
4117,2021-01-21,UMB,608,202,406,338,269,1,ITI,ITI2,10,Umbria,Umbria,882015,778884,88.31,0.07
4118,2021-03-02,UMB,3641,1346,2295,3634,4,3,ITI,ITI2,10,Umbria,Umbria,882015,782525,88.72,0.41
4119,2021-06-24,UMB,10139,5113,5026,6139,4000,0,ITI,ITI2,10,Umbria,Umbria,882015,792664,89.87,1.15
4120,2021-07-11,UMB,5864,2956,2908,83,5780,1,ITI,ITI2,10,Umbria,Umbria,882015,798528,90.53,0.66
4121,2021-04-02,UMB,4343,1778,2565,3545,755,43,ITI,ITI2,10,Umbria,Umbria,882015,802871,91.03,0.49
4122,2021-01-09,UMB,1717,495,1222,1717,0,0,ITI,ITI2,10,Umbria,Umbria,882015,804588,91.22,0.19
4123,2021-04-19,UMB,5034,2227,2807,2931,2048,55,ITI,ITI2,10,Umbria,Umbria,882015,809622,91.79,0.57
4124,2021-03-12,UMB,2694,1081,1613,2191,495,8,ITI,ITI2,10,Umbria,Umbria,882015,812316,92.1,0.31
4125,2021-03-21,UMB,675,338,337,672,0,3,ITI,ITI2,10,Umbria,Umbria,882015,812991,92.17,0.08
4126,2021-06-29,UMB,9876,5031,4845,4193,5681,2,ITI,ITI2,10,Umbria,Umbria,882015,822867,93.29,1.12
4127,2021-05-17,UMB,6370,3062,3308,4140,2177,53,ITI,ITI2,10,Umbria,Umbria,882015,829237,94.02,0.72
4128,2021-01-14,UMB,722,192,530,722,0,0,ITI,ITI2,10,Umbria,Umbria,882015,829959,94.1,0.08
4129,2021-02-02,UMB,942,272,670,32,910,0,ITI,ITI2,10,Umbria,Umbria,882015,830901,94.2,0.11
4130,2021-04-26,UMB,5395,2341,3054,3103,2252,40,ITI,ITI2,10,Umbria,Umbria,882015,836296,94.82,0.61
4131,2021-04-09,UMB,6732,3126,3606,6406,209,117,ITI,ITI2,10,Umbria,Umbria,882015,843028,95.58,0.76
4132,2021-03-19,UMB,1741,565,1176,1080,656,5,ITI,ITI2,10,Umbria,Umbria,882015,844769,95.78,0.2
4133,2021-04-28,UMB,5383,2327,3056,2942,2396,45,ITI,ITI2,10,Umbria,Umbria,882015,850152,96.39,0.61
4134,2021-02-04,UMB,734,226,508,26,708,0,ITI,ITI2,10,Umbria,Umbria,882015,850886,96.47,0.08
4135,2021-05-15,UMB,4991,1883,3108,1764,3164,63,ITI,ITI2,10,Umbria,Umbria,882015,855877,97.04,0.57
4136,2021-05-16,UMB,5218,2492,2726,5087,49,82,ITI,ITI2,10,Umbria,Umbria,882015,861095,97.63,0.59
4137,2021-07-19,UMB,7611,3799,3812,1545,6020,46,ITI,ITI2,10,Umbria,Umbria,882015,868706,98.49,0.86
4138,2021-04-27,UMB,5665,2401,3264,3054,2578,33,ITI,ITI2,10,Umbria,Umbria,882015,874371,99.13,0.64
4139,2021-02-03,UMB,724,174,550,67,657,0,ITI,ITI2,10,Umbria,Umbria,882015,875095,99.22,0.08
4140,2021-02-05,UMB,780,234,546,18,762,0,ITI,ITI2,10,Umbria,Umbria,882015,875875,99.3,0.09
4141,2021-07-21,UMB,9450,4581,4869,1084,8322,44,ITI,ITI2,10,Umbria,Umbria,882015,885325,100.38,1.07
4142,2021-07-04,UMB,3407,1740,1667,2409,968,30,ITI,ITI2,10,Umbria,Umbria,882015,888732,100.76,0.39
4143,2021-04-12,UMB,7084,3081,4003,5310,1717,57,ITI,ITI2,10,Umbria,Umbria,882015,895816,101.56,0.8
4144,2021-01-19,UMB,102,23,79,102,0,0,ITI,ITI2,10,Umbria,Umbria,882015,895918,101.58,0.01
4145,2021-04-29,UMB,5216,2250,2966,2808,2320,88,ITI,ITI2,10,Umbria,Umbria,882015,901134,102.17,0.59
4146,2021-03-24,UMB,4104,1792,2312,2744,1323,37,ITI,ITI2,10,Umbria,Umbria,882015,905238,102.63,0.47
4147,2021-07-02,UMB,8737,4322,4415,3047,5600,90,ITI,ITI2,10,Umbria,Umbria,882015,913975,103.62,0.99
4148,2021-04-10,UMB,7391,3478,3913,7175,84,132,ITI,ITI2,10,Umbria,Umbria,882015,921366,104.46,0.84
4149,2021-01-17,UMB,54,17,37,54,0,0,ITI,ITI2,10,Umbria,Umbria,882015,921420,104.47,0.01
4150,2020-12-31,UMB,322,127,195,322,0,0,ITI,ITI2,10,Umbria,Umbria,882015,921742,104.5,0.04
4151,2021-06-15,UMB,5967,3007,2960,3899,2067,1,ITI,ITI2,10,Umbria,Umbria,882015,927709,105.18,0.68
4152,2021-06-17,UMB,6968,3542,3426,4877,2079,12,ITI,ITI2,10,Umbria,Umbria,882015,934677,105.97,0.79
4153,2021-03-26,UMB,4589,1712,2877,4346,172,71,ITI,ITI2,10,Umbria,Umbria,882015,939266,106.49,0.52
4154,2021-01-02,UMB,304,111,193,304,0,0,ITI,ITI2,10,Umbria,Umbria,882015,939570,106.53,0.03
4155,2021-03-07,UMB,845,180,665,837,7,1,ITI,ITI2,10,Umbria,Umbria,882015,940415,106.62,0.1
4156,2021-05-29,UMB,7856,3611,4245,6176,1566,114,ITI,ITI2,10,Umbria,Umbria,882015,948271,107.51,0.89
4157,2021-01-12,MOL,336,114,222,336,0,0,ITF,ITF2,14,Molise,Molise,305617,336,0.11,0.11
4158,2021-02-24,MOL,666,278,388,325,333,8,ITF,ITF2,14,Molise,Molise,305617,1002,0.33,0.22
4159,2021-03-24,MOL,1631,658,973,1214,402,15,ITF,ITF2,14,Molise,Molise,305617,2633,0.86,0.53
4160,2021-07-02,MOL,2629,1276,1353,121,2500,8,ITF,ITF2,14,Molise,Molise,305617,5262,1.72,0.86
4161,2021-07-04,MOL,2150,1085,1065,577,1550,23,ITF,ITF2,14,Molise,Molise,305617,7412,2.43,0.7
4162,2021-01-17,MOL,78,38,40,48,30,0,ITF,ITF2,14,Molise,Molise,305617,7490,2.45,0.03
4163,2021-06-27,MOL,2364,1119,1245,1128,1226,10,ITF,ITF2,14,Molise,Molise,305617,9854,3.22,0.77
4164,2021-01-07,MOL,598,209,389,598,0,0,ITF,ITF2,14,Molise,Molise,305617,10452,3.42,0.2
4165,2021-02-12,MOL,333,150,183,208,124,1,ITF,ITF2,14,Molise,Molise,305617,10785,3.53,0.11
4166,2021-05-01,MOL,2650,1270,1380,407,2224,19,ITF,ITF2,14,Molise,Molise,305617,13435,4.4,0.87
4167,2021-03-05,MOL,1220,649,571,1002,205,13,ITF,ITF2,14,Molise,Molise,305617,14655,4.8,0.4
4168,2021-06-13,MOL,2855,1522,1333,2496,325,34,ITF,ITF2,14,Molise,Molise,305617,17510,5.73,0.93
4169,2021-04-17,MOL,3055,1501,1554,1543,1487,25,ITF,ITF2,14,Molise,Molise,305617,20565,6.73,1.0
4170,2021-06-20,MOL,422,174,248,47,371,4,ITF,ITF2,14,Molise,Molise,305617,20987,6.87,0.14
4171,2021-04-24,MOL,2551,1202,1349,695,1841,15,ITF,ITF2,14,Molise,Molise,305617,23538,7.7,0.83
4172,2021-02-26,MOL,563,260,303,489,73,1,ITF,ITF2,14,Molise,Molise,305617,24101,7.89,0.18
4173,2021-06-06,MOL,2065,1063,1002,1725,323,17,ITF,ITF2,14,Molise,Molise,305617,26166,8.56,0.68
4174,2021-01-26,MOL,450,184,266,8,442,0,ITF,ITF2,14,Molise,Molise,305617,26616,8.71,0.15
4175,2021-05-06,MOL,2680,1214,1466,2043,598,39,ITF,ITF2,14,Molise,Molise,305617,29296,9.59,0.88
4176,2021-02-19,MOL,169,93,76,167,2,0,ITF,ITF2,14,Molise,Molise,305617,29465,9.64,0.06
4177,2021-03-10,MOL,1737,720,1017,1667,50,20,ITF,ITF2,14,Molise,Molise,305617,31202,10.21,0.57
4178,2021-06-01,MOL,2600,1322,1278,2457,108,35,ITF,ITF2,14,Molise,Molise,305617,33802,11.06,0.85
4179,2021-02-07,MOL,66,32,34,19,47,0,ITF,ITF2,14,Molise,Molise,305617,33868,11.08,0.02
4180,2021-05-18,MOL,1645,877,768,984,655,6,ITF,ITF2,14,Molise,Molise,305617,35513,11.62,0.54
4181,2021-03-22,MOL,1149,441,708,889,244,16,ITF,ITF2,14,Molise,Molise,305617,36662,12.0,0.38
4182,2021-07-23,MOL,2632,1364,1268,615,1967,50,ITF,ITF2,14,Molise,Molise,305617,39294,12.86,0.86
4183,2021-07-14,MOL,3399,1662,1737,194,3189,16,ITF,ITF2,14,Molise,Molise,305617,42693,13.97,1.11
4184,2021-04-05,MOL,391,189,202,292,99,0,ITF,ITF2,14,Molise,Molise,305617,43084,14.1,0.13
4185,2021-03-29,MOL,2033,835,1198,1518,486,29,ITF,ITF2,14,Molise,Molise,305617,45117,14.76,0.67
4186,2021-01-31,MOL,268,70,198,6,262,0,ITF,ITF2,14,Molise,Molise,305617,45385,14.85,0.09
4187,2021-03-03,MOL,672,316,356,586,82,4,ITF,ITF2,14,Molise,Molise,305617,46057,15.07,0.22
4188,2021-01-05,MOL,449,180,269,449,0,0,ITF,ITF2,14,Molise,Molise,305617,46506,15.22,0.15
4189,2021-04-10,MOL,2641,1262,1379,2454,152,35,ITF,ITF2,14,Molise,Molise,305617,49147,16.08,0.86
4190,2021-02-05,MOL,593,269,324,55,538,0,ITF,ITF2,14,Molise,Molise,305617,49740,16.28,0.19
4191,2021-01-19,MOL,173,63,110,162,11,0,ITF,ITF2,14,Molise,Molise,305617,49913,16.33,0.06
4192,2021-04-29,MOL,2240,1147,1093,878,1348,14,ITF,ITF2,14,Molise,Molise,305617,52153,17.06,0.73
4193,2021-04-12,MOL,1299,557,742,1037,251,11,ITF,ITF2,14,Molise,Molise,305617,53452,17.49,0.43
4194,2021-07-21,MOL,1366,689,677,559,791,16,ITF,ITF2,14,Molise,Molise,305617,54818,17.94,0.45
4195,2021-03-15,MOL,832,338,494,570,245,17,ITF,ITF2,14,Molise,Molise,305617,55650,18.21,0.27
4196,2021-06-24,MOL,3326,1549,1777,432,2858,36,ITF,ITF2,14,Molise,Molise,305617,58976,19.3,1.09
4197,2021-03-02,MOL,667,383,284,504,158,5,ITF,ITF2,14,Molise,Molise,305617,59643,19.52,0.22
4198,2021-06-10,MOL,2571,1182,1389,1233,1301,37,ITF,ITF2,14,Molise,Molise,305617,62214,20.36,0.84
4199,2021-03-17,MOL,908,385,523,518,332,58,ITF,ITF2,14,Molise,Molise,305617,63122,20.65,0.3
4200,2021-06-25,MOL,3431,1688,1743,1464,1915,52,ITF,ITF2,14,Molise,Molise,305617,66553,21.78,1.12
4201,2021-06-08,MOL,2895,1599,1296,2196,696,3,ITF,ITF2,14,Molise,Molise,305617,69448,22.72,0.95
4202,2021-03-19,MOL,1184,482,702,740,427,17,ITF,ITF2,14,Molise,Molise,305617,70632,23.11,0.39
4203,2021-01-21,MOL,6,2,4,6,0,0,ITF,ITF2,14,Molise,Molise,305617,70638,23.11,0.0
4204,2021-05-13,MOL,3039,1410,1629,2529,457,53,ITF,ITF2,14,Molise,Molise,305617,73677,24.11,0.99
4205,2021-04-28,MOL,1696,925,771,471,1218,7,ITF,ITF2,14,Molise,Molise,305617,75373,24.66,0.55
4206,2021-05-20,MOL,2661,1371,1290,2397,186,78,ITF,ITF2,14,Molise,Molise,305617,78034,25.53,0.87
4207,2021-05-25,MOL,1964,888,1076,1299,631,34,ITF,ITF2,14,Molise,Molise,305617,79998,26.18,0.64
4208,2021-01-04,MOL,314,131,183,314,0,0,ITF,ITF2,14,Molise,Molise,305617,80312,26.28,0.1
4209,2021-04-14,MOL,1806,767,1039,1135,661,10,ITF,ITF2,14,Molise,Molise,305617,82118,26.87,0.59
4210,2021-02-16,MOL,156,70,86,149,6,1,ITF,ITF2,14,Molise,Molise,305617,82274,26.92,0.05
4211,2021-05-27,MOL,2835,1348,1487,1962,836,37,ITF,ITF2,14,Molise,Molise,305617,85109,27.85,0.93
4212,2021-07-16,MOL,2982,1513,1469,379,2575,28,ITF,ITF2,14,Molise,Molise,305617,88091,28.82,0.98
4213,2021-07-09,MOL,3436,1649,1787,166,3252,18,ITF,ITF2,14,Molise,Molise,305617,91527,29.95,1.12
4214,2021-07-06,MOL,3059,1427,1632,35,3020,4,ITF,ITF2,14,Molise,Molise,305617,94586,30.95,1.0
4215,2021-05-10,MOL,2894,1286,1608,2493,373,28,ITF,ITF2,14,Molise,Molise,305617,97480,31.9,0.95
4216,2021-06-29,MOL,2491,1159,1332,377,2088,26,ITF,ITF2,14,Molise,Molise,305617,99971,32.71,0.82
4217,2021-05-03,MOL,2487,1167,1320,2291,163,33,ITF,ITF2,14,Molise,Molise,305617,102458,33.52,0.81
4218,2021-05-17,MOL,2228,1092,1136,1705,496,27,ITF,ITF2,14,Molise,Molise,305617,104686,34.25,0.73
4219,2021-03-21,MOL,1246,542,704,477,767,2,ITF,ITF2,14,Molise,Molise,305617,105932,34.66,0.41
4220,2021-03-07,MOL,1132,501,631,1127,2,3,ITF,ITF2,14,Molise,Molise,305617,107064,35.03,0.37
4221,2021-06-15,MOL,2215,1042,1173,748,1451,16,ITF,ITF2,14,Molise,Molise,305617,109279,35.76,0.72
4222,2021-06-17,MOL,2307,1017,1290,911,1369,27,ITF,ITF2,14,Molise,Molise,305617,111586,36.51,0.75
4223,2021-04-02,MOL,1456,710,746,663,778,15,ITF,ITF2,14,Molise,Molise,305617,113042,36.99,0.48
4224,2021-07-11,MOL,2455,1196,1259,179,2273,3,ITF,ITF2,14,Molise,Molise,305617,115497,37.79,0.8
4225,2021-05-08,MOL,2977,1455,1522,1699,1244,34,ITF,ITF2,14,Molise,Molise,305617,118474,38.77,0.97
4226,2021-04-21,MOL,1871,791,1080,969,896,6,ITF,ITF2,14,Molise,Molise,305617,120345,39.38,0.61
4227,2021-01-28,MOL,613,217,396,17,596,0,ITF,ITF2,14,Molise,Molise,305617,120958,39.58,0.2
4228,2021-03-12,MOL,1459,637,822,1404,36,19,ITF,ITF2,14,Molise,Molise,305617,122417,40.06,0.48
4229,2021-01-14,MOL,647,239,408,647,0,0,ITF,ITF2,14,Molise,Molise,305617,123064,40.27,0.21
4230,2021-01-09,MOL,450,152,298,450,0,0,ITF,ITF2,14,Molise,Molise,305617,123514,40.41,0.15
4231,2021-04-19,MOL,1828,843,985,988,778,62,ITF,ITF2,14,Molise,Molise,305617,125342,41.01,0.6
4232,2021-07-13,MOL,2803,1424,1379,318,2468,17,ITF,ITF2,14,Molise,Molise,305617,128145,41.93,0.92
4233,2021-02-28,MOL,832,334,498,788,42,2,ITF,ITF2,14,Molise,Molise,305617,128977,42.2,0.27
4234,2021-02-27,MOL,1368,570,798,1344,19,5,ITF,ITF2,14,Molise,Molise,305617,130345,42.65,0.45
4235,2021-06-07,MOL,1953,859,1094,1113,819,21,ITF,ITF2,14,Molise,Molise,305617,132298,43.29,0.64
4236,2021-02-13,MOL,132,80,52,132,0,0,ITF,ITF2,14,Molise,Molise,305617,132430,43.33,0.04
4237,2021-05-24,MOL,1964,853,1111,1271,666,27,ITF,ITF2,14,Molise,Molise,305617,134394,43.97,0.64
4238,2021-05-07,MOL,2643,1228,1415,2021,597,25,ITF,ITF2,14,Molise,Molise,305617,137037,44.84,0.86
4239,2021-04-18,MOL,1083,483,600,143,934,6,ITF,ITF2,14,Molise,Molise,305617,138120,45.19,0.35
4240,2021-07-25,MOL,764,403,361,118,643,3,ITF,ITF2,14,Molise,Molise,305617,138884,45.44,0.25
4241,2021-05-29,MOL,2354,1225,1129,1924,390,40,ITF,ITF2,14,Molise,Molise,305617,141238,46.21,0.77
4242,2021-02-09,MOL,359,170,189,197,162,0,ITF,ITF2,14,Molise,Molise,305617,141597,46.33,0.12
4243,2021-02-11,MOL,295,133,162,258,37,0,ITF,ITF2,14,Molise,Molise,305617,141892,46.43,0.1
4244,2021-05-22,MOL,1320,715,605,1228,84,8,ITF,ITF2,14,Molise,Molise,305617,143212,46.86,0.43
4245,2021-03-16,MOL,614,230,384,265,347,2,ITF,ITF2,14,Molise,Molise,305617,143826,47.06,0.2
4246,2021-01-11,MOL,557,194,363,557,0,0,ITF,ITF2,14,Molise,Molise,305617,144383,47.24,0.18
4247,2021-03-31,MOL,2193,919,1274,1307,819,67,ITF,ITF2,14,Molise,Molise,305617,146576,47.96,0.72
4248,2021-02-23,MOL,583,223,360,361,220,2,ITF,ITF2,14,Molise,Molise,305617,147159,48.15,0.19
4249,2021-06-03,MOL,3295,1568,1727,2707,555,33,ITF,ITF2,14,Molise,Molise,305617,150454,49.23,1.08
4250,2021-04-07,MOL,1688,847,841,1368,275,45,ITF,ITF2,14,Molise,Molise,305617,152142,49.78,0.55
4251,2021-03-14,MOL,596,240,356,17,579,0,ITF,ITF2,14,Molise,Molise,305617,152738,49.98,0.2
4252,2021-06-22,MOL,2960,1368,1592,669,2274,17,ITF,ITF2,14,Molise,Molise,305617,155698,50.95,0.97
4253,2021-03-28,MOL,1627,748,879,518,1102,7,ITF,ITF2,14,Molise,Molise,305617,157325,51.48,0.53
4254,2021-01-30,MOL,461,158,303,12,449,0,ITF,ITF2,14,Molise,Molise,305617,157786,51.63,0.15
4255,2021-02-06,MOL,430,179,251,29,401,0,ITF,ITF2,14,Molise,Molise,305617,158216,51.77,0.14
4256,2021-07-10,MOL,3721,1781,1940,321,3386,14,ITF,ITF2,14,Molise,Molise,305617,161937,52.99,1.22
4257,2021-04-04,MOL,253,141,112,233,15,5,ITF,ITF2,14,Molise,Molise,305617,162190,53.07,0.08
4258,2021-03-18,MOL,1157,476,681,633,465,59,ITF,ITF2,14,Molise,Molise,305617,163347,53.45,0.38
4259,2021-06-26,MOL,3119,1529,1590,523,2581,15,ITF,ITF2,14,Molise,Molise,305617,166466,54.47,1.02
4260,2021-02-10,MOL,151,79,72,131,20,0,ITF,ITF2,14,Molise,Molise,305617,166617,54.52,0.05
4261,2021-05-21,MOL,2101,1054,1047,1700,322,79,ITF,ITF2,14,Molise,Molise,305617,168718,55.21,0.69
4262,2021-01-27,MOL,674,251,423,8,666,0,ITF,ITF2,14,Molise,Molise,305617,169392,55.43,0.22
4263,2021-05-26,MOL,1550,699,851,770,754,26,ITF,ITF2,14,Molise,Molise,305617,170942,55.93,0.51
4264,2021-03-30,MOL,2003,857,1146,1472,512,19,ITF,ITF2,14,Molise,Molise,305617,172945,56.59,0.66
4265,2021-02-01,MOL,562,201,361,14,548,0,ITF,ITF2,14,Molise,Molise,305617,173507,56.77,0.18
4266,2021-07-08,MOL,3427,1649,1778,107,3297,23,ITF,ITF2,14,Molise,Molise,305617,176934,57.89,1.12
4267,2021-05-12,MOL,2853,1294,1559,2692,96,65,ITF,ITF2,14,Molise,Molise,305617,179787,58.83,0.93
4268,2021-04-06,MOL,1494,701,793,1131,343,20,ITF,ITF2,14,Molise,Molise,305617,181281,59.32,0.49
4269,2021-02-08,MOL,335,141,194,216,119,0,ITF,ITF2,14,Molise,Molise,305617,181616,59.43,0.11
4270,2021-07-15,MOL,3211,1614,1597,209,2988,14,ITF,ITF2,14,Molise,Molise,305617,184827,60.48,1.05
4271,2021-05-19,MOL,2343,1205,1138,1880,426,37,ITF,ITF2,14,Molise,Molise,305617,187170,61.24,0.77
4272,2021-03-23,MOL,1642,694,948,1411,207,24,ITF,ITF2,14,Molise,Molise,305617,188812,61.78,0.54
4273,2021-07-01,MOL,2659,1293,1366,269,2375,15,ITF,ITF2,14,Molise,Molise,305617,191471,62.65,0.87
4274,2021-03-26,MOL,2575,1045,1530,1889,642,44,ITF,ITF2,14,Molise,Molise,305617,194046,63.49,0.84
4275,2021-02-18,MOL,319,74,245,302,13,4,ITF,ITF2,14,Molise,Molise,305617,194365,63.6,0.1
4276,2021-03-11,MOL,1465,637,828,1445,6,14,ITF,ITF2,14,Molise,Molise,305617,195830,64.08,0.48
4277,2021-01-06,MOL,689,260,429,689,0,0,ITF,ITF2,14,Molise,Molise,305617,196519,64.3,0.23
4278,2021-04-16,MOL,2431,1033,1398,1176,1233,22,ITF,ITF2,14,Molise,Molise,305617,198950,65.1,0.8
4279,2021-01-25,MOL,319,130,189,3,316,0,ITF,ITF2,14,Molise,Molise,305617,199269,65.2,0.1
4280,2021-05-05,MOL,2418,1043,1375,2252,143,23,ITF,ITF2,14,Molise,Molise,305617,201687,65.99,0.79
4281,2021-05-04,MOL,2706,1181,1525,2545,128,33,ITF,ITF2,14,Molise,Molise,305617,204393,66.88,0.89
4282,2021-01-10,MOL,270,72,198,270,0,0,ITF,ITF2,14,Molise,Molise,305617,204663,66.97,0.09
4283,2021-04-20,MOL,2322,1028,1294,1213,1100,9,ITF,ITF2,14,Molise,Molise,305617,206985,67.73,0.76
4284,2021-06-09,MOL,1778,892,886,821,928,29,ITF,ITF2,14,Molise,Molise,305617,208763,68.31,0.58
4285,2021-05-23,MOL,1703,866,837,1689,6,8,ITF,ITF2,14,Molise,Molise,305617,210466,68.87,0.56
4286,2021-06-04,MOL,3058,1499,1559,2574,457,27,ITF,ITF2,14,Molise,Molise,305617,213524,69.87,1.0
4287,2021-04-08,MOL,1767,904,863,1540,202,25,ITF,ITF2,14,Molise,Molise,305617,215291,70.44,0.58
4288,2021-07-17,MOL,2842,1519,1323,292,2528,22,ITF,ITF2,14,Molise,Molise,305617,218133,71.37,0.93
4289,2021-04-22,MOL,1847,864,983,1060,779,8,ITF,ITF2,14,Molise,Molise,305617,219980,71.98,0.6
4290,2021-02-17,MOL,72,32,40,50,15,7,ITF,ITF2,14,Molise,Molise,305617,220052,72.0,0.02
4291,2021-07-24,MOL,2686,1422,1264,646,2017,23,ITF,ITF2,14,Molise,Molise,305617,222738,72.88,0.88
4292,2021-05-28,MOL,2650,1365,1285,2038,547,65,ITF,ITF2,14,Molise,Molise,305617,225388,73.75,0.87
4293,2021-02-15,MOL,144,70,74,141,3,0,ITF,ITF2,14,Molise,Molise,305617,225532,73.8,0.05
4294,2021-06-05,MOL,2982,1512,1470,2794,161,27,ITF,ITF2,14,Molise,Molise,305617,228514,74.77,0.98
4295,2021-07-18,MOL,1663,828,835,122,1532,9,ITF,ITF2,14,Molise,Molise,305617,230177,75.32,0.54
4296,2021-03-04,MOL,851,417,434,514,325,12,ITF,ITF2,14,Molise,Molise,305617,231028,75.59,0.28
4297,2021-06-12,MOL,3435,1769,1666,3259,124,52,ITF,ITF2,14,Molise,Molise,305617,234463,76.72,1.12
4298,2021-06-14,MOL,1628,810,818,535,1075,18,ITF,ITF2,14,Molise,Molise,305617,236091,77.25,0.53
4299,2021-01-20,MOL,18,8,10,18,0,0,ITF,ITF2,14,Molise,Molise,305617,236109,77.26,0.01
4300,2021-04-30,MOL,2940,1557,1383,819,2109,12,ITF,ITF2,14,Molise,Molise,305617,239049,78.22,0.96
4301,2021-02-25,MOL,542,239,303,471,68,3,ITF,ITF2,14,Molise,Molise,305617,239591,78.4,0.18
4302,2021-01-08,MOL,430,141,289,430,0,0,ITF,ITF2,14,Molise,Molise,305617,240021,78.54,0.14
4303,2021-04-01,MOL,1470,667,803,730,726,14,ITF,ITF2,14,Molise,Molise,305617,241491,79.02,0.48
4304,2021-06-21,MOL,2901,1350,1551,1623,1232,46,ITF,ITF2,14,Molise,Molise,305617,244392,79.97,0.95
4305,2021-04-25,MOL,794,397,397,557,233,4,ITF,ITF2,14,Molise,Molise,305617,245186,80.23,0.26
4306,2021-01-13,MOL,474,160,314,474,0,0,ITF,ITF2,14,Molise,Molise,305617,245660,80.38,0.16
4307,2021-06-19,MOL,2343,1165,1178,1278,1023,42,ITF,ITF2,14,Molise,Molise,305617,248003,81.15,0.77
4308,2021-04-23,MOL,2052,882,1170,1375,661,16,ITF,ITF2,14,Molise,Molise,305617,250055,81.82,0.67
4309,2021-03-09,MOL,1329,579,750,1149,152,28,ITF,ITF2,14,Molise,Molise,305617,251384,82.25,0.43
4310,2021-02-20,MOL,1019,442,577,999,20,0,ITF,ITF2,14,Molise,Molise,305617,252403,82.59,0.33
4311,2021-05-31,MOL,2367,1148,1219,1902,424,41,ITF,ITF2,14,Molise,Molise,305617,254770,83.36,0.77
4312,2021-05-14,MOL,2644,1215,1429,1890,718,36,ITF,ITF2,14,Molise,Molise,305617,257414,84.23,0.87
4313,2021-06-02,MOL,2810,1356,1454,2692,99,19,ITF,ITF2,14,Molise,Molise,305617,260224,85.15,0.92
4314,2021-02-22,MOL,265,129,136,248,15,2,ITF,ITF2,14,Molise,Molise,305617,260489,85.23,0.09
4315,2020-12-27,MOL,50,20,30,50,0,0,ITF,ITF2,14,Molise,Molise,305617,260539,85.25,0.02
4316,2021-06-11,MOL,3448,1656,1792,1974,1431,43,ITF,ITF2,14,Molise,Molise,305617,263987,86.38,1.13
4317,2021-04-15,MOL,1927,794,1133,1076,846,5,ITF,ITF2,14,Molise,Molise,305617,265914,87.01,0.63
4318,2021-01-29,MOL,422,136,286,6,416,0,ITF,ITF2,14,Molise,Molise,305617,266336,87.15,0.14
4319,2021-05-09,MOL,2056,934,1122,1926,97,33,ITF,ITF2,14,Molise,Molise,305617,268392,87.82,0.67
4320,2021-07-07,MOL,2958,1368,1590,56,2898,4,ITF,ITF2,14,Molise,Molise,305617,271350,88.79,0.97
4321,2021-05-11,MOL,3210,1415,1795,2910,252,48,ITF,ITF2,14,Molise,Molise,305617,274560,89.84,1.05
4322,2021-03-01,MOL,662,274,388,430,215,17,ITF,ITF2,14,Molise,Molise,305617,275222,90.05,0.22
4323,2021-04-03,MOL,1773,851,922,1716,35,22,ITF,ITF2,14,Molise,Molise,305617,276995,90.63,0.58
4324,2021-07-12,MOL,2670,1317,1353,353,2296,21,ITF,ITF2,14,Molise,Molise,305617,279665,91.51,0.87
4325,2021-06-30,MOL,2966,1408,1558,873,2011,82,ITF,ITF2,14,Molise,Molise,305617,282631,92.48,0.97
4326,2021-03-13,MOL,1189,594,595,183,989,17,ITF,ITF2,14,Molise,Molise,305617,283820,92.87,0.39
4327,2021-01-15,MOL,538,242,296,538,0,0,ITF,ITF2,14,Molise,Molise,305617,284358,93.04,0.18
4328,2021-06-23,MOL,2791,1286,1505,221,2560,10,ITF,ITF2,14,Molise,Molise,305617,287149,93.96,0.91
4329,2021-07-19,MOL,2715,1326,1389,499,2189,27,ITF,ITF2,14,Molise,Molise,305617,289864,94.85,0.89
4330,2021-02-03,MOL,734,249,485,341,393,0,ITF,ITF2,14,Molise,Molise,305617,290598,95.09,0.24
4331,2021-04-27,MOL,1597,769,828,445,1130,22,ITF,ITF2,14,Molise,Molise,305617,292195,95.61,0.52
4332,2021-01-22,MOL,128,36,92,128,0,0,ITF,ITF2,14,Molise,Molise,305617,292323,95.65,0.04
4333,2021-05-02,MOL,1894,932,962,577,1306,11,ITF,ITF2,14,Molise,Molise,305617,294217,96.27,0.62
4334,2021-03-06,MOL,1728,807,921,1559,159,10,ITF,ITF2,14,Molise,Molise,305617,295945,96.84,0.57
4335,2021-03-20,MOL,2322,969,1353,992,1322,8,ITF,ITF2,14,Molise,Molise,305617,298267,97.6,0.76
4336,2021-06-28,MOL,2903,1353,1550,997,1884,22,ITF,ITF2,14,Molise,Molise,305617,301170,98.54,0.95
4337,2021-05-16,MOL,1248,572,676,1046,182,20,ITF,ITF2,14,Molise,Molise,305617,302418,98.95,0.41
4338,2021-02-21,MOL,574,227,347,572,2,0,ITF,ITF2,14,Molise,Molise,305617,302992,99.14,0.19
4339,2021-02-04,MOL,759,295,464,77,682,0,ITF,ITF2,14,Molise,Molise,305617,303751,99.39,0.25
4340,2021-05-15,MOL,2980,1398,1582,2545,384,51,ITF,ITF2,14,Molise,Molise,305617,306731,100.36,0.98
4341,2021-02-02,MOL,539,176,363,215,323,1,ITF,ITF2,14,Molise,Molise,305617,307270,100.54,0.18
4342,2021-01-16,MOL,422,166,256,422,0,0,ITF,ITF2,14,Molise,Molise,305617,307692,100.68,0.14
4343,2021-04-26,MOL,1158,521,637,810,331,17,ITF,ITF2,14,Molise,Molise,305617,308850,101.06,0.38
4344,2021-04-09,MOL,2325,1252,1073,2106,191,28,ITF,ITF2,14,Molise,Molise,305617,311175,101.82,0.76
4345,2021-01-18,MOL,115,48,67,115,0,0,ITF,ITF2,14,Molise,Molise,305617,311290,101.86,0.04
4346,2021-04-11,MOL,1196,591,605,1168,14,14,ITF,ITF2,14,Molise,Molise,305617,312486,102.25,0.39
4347,2021-07-20,MOL,2163,1094,1069,1009,1107,47,ITF,ITF2,14,Molise,Molise,305617,314649,102.96,0.71
4348,2021-07-03,MOL,2740,1379,1361,567,2153,20,ITF,ITF2,14,Molise,Molise,305617,317389,103.85,0.9
4349,2021-07-22,MOL,1620,804,816,735,849,36,ITF,ITF2,14,Molise,Molise,305617,319009,104.38,0.53
4350,2021-03-25,MOL,1806,730,1076,1284,497,25,ITF,ITF2,14,Molise,Molise,305617,320815,104.97,0.59
4351,2021-03-08,MOL,1380,523,857,1203,140,37,ITF,ITF2,14,Molise,Molise,305617,322195,105.42,0.45
4352,2021-06-16,MOL,2007,1015,992,1135,858,14,ITF,ITF2,14,Molise,Molise,305617,324202,106.08,0.66
4353,2021-04-13,MOL,1632,718,914,1037,587,8,ITF,ITF2,14,Molise,Molise,305617,325834,106.62,0.53
4354,2021-03-27,MOL,2743,1273,1470,1295,1433,15,ITF,ITF2,14,Molise,Molise,305617,328577,107.51,0.9
4355,2021-07-05,MOL,2739,1282,1457,39,2698,2,ITF,ITF2,14,Molise,Molise,305617,331316,108.41,0.9
4356,2021-06-18,MOL,2767,1248,1519,1283,1458,26,ITF,ITF2,14,Molise,Molise,305617,334083,109.31,0.91
4357,2021-05-30,MOL,1864,929,935,1552,285,27,ITF,ITF2,14,Molise,Molise,305617,335947,109.92,0.61
