,data,area,Vaccinazioni giornaliere,sesso_maschile,sesso_femminile,prima_dose,seconda_dose,pregressa_infezione,codice_NUTS1,codice_NUTS2,codice_regione_ISTAT,nome_area,Regione,popolazione,Totale vaccinazioni,Totale vaccinazioni ogni cento ab,Vaccinazioni giornaliere ogni cento ab
0,2021-04-16,LAZ,34446,15706,18740,21961,12103,382,ITI,ITI4,12,Lazio,Lazio,5879082,34446,0.59,0.59
1,2021-01-23,LAZ,7214,2869,4345,585,6629,0,ITI,ITI4,12,Lazio,Lazio,5879082,41660,0.71,0.12
2,2021-01-06,LAZ,5124,1963,3161,5004,0,120,ITI,ITI4,12,Lazio,Lazio,5879082,46784,0.8,0.09
3,2021-02-25,LAZ,12680,5538,7142,11416,1081,183,ITI,ITI4,12,Lazio,Lazio,5879082,59464,1.01,0.22
4,2021-06-26,LAZ,56122,26447,29675,24662,30892,568,ITI,ITI4,12,Lazio,Lazio,5879082,115586,1.97,0.95
5,2021-04-30,LAZ,41432,18364,23068,26524,14253,655,ITI,ITI4,12,Lazio,Lazio,5879082,157018,2.67,0.7
6,2021-06-19,LAZ,66411,31304,35107,35265,30362,784,ITI,ITI4,12,Lazio,Lazio,5879082,223429,3.8,1.13
7,2021-02-20,LAZ,9207,4272,4935,8363,773,71,ITI,ITI4,12,Lazio,Lazio,5879082,232636,3.96,0.16
8,2021-05-31,LAZ,51745,23037,28708,30855,19866,1024,ITI,ITI4,12,Lazio,Lazio,5879082,284381,4.84,0.88
9,2021-04-04,LAZ,17592,8161,9431,12213,5268,111,ITI,ITI4,12,Lazio,Lazio,5879082,301973,5.14,0.3
10,2021-07-22,LAZ,60613,30280,30333,28343,30795,1475,ITI,ITI4,12,Lazio,Lazio,5879082,362586,6.17,1.03
11,2021-05-17,LAZ,44575,20416,24159,35585,8587,403,ITI,ITI4,12,Lazio,Lazio,5879082,407161,6.93,0.76
12,2021-02-06,LAZ,6168,2498,3670,839,5323,6,ITI,ITI4,12,Lazio,Lazio,5879082,413329,7.03,0.1
13,2021-05-26,LAZ,47577,21866,25711,34813,12114,650,ITI,ITI4,12,Lazio,Lazio,5879082,460906,7.84,0.81
14,2021-03-04,LAZ,19424,8727,10697,14172,5019,233,ITI,ITI4,12,Lazio,Lazio,5879082,480330,8.17,0.33
15,2021-06-12,LAZ,69867,32083,37784,39861,29376,630,ITI,ITI4,12,Lazio,Lazio,5879082,550197,9.36,1.19
16,2021-06-14,LAZ,62822,29445,33377,32126,30152,544,ITI,ITI4,12,Lazio,Lazio,5879082,613019,10.43,1.07
17,2021-03-21,LAZ,18247,7179,11068,13007,5051,189,ITI,ITI4,12,Lazio,Lazio,5879082,631266,10.74,0.31
18,2020-12-30,LAZ,1631,630,1001,1620,0,11,ITI,ITI4,12,Lazio,Lazio,5879082,632897,10.77,0.03
19,2021-07-01,LAZ,48383,23114,25269,7171,41006,206,ITI,ITI4,12,Lazio,Lazio,5879082,681280,11.59,0.82
20,2021-03-30,LAZ,26964,13104,13860,19464,7152,348,ITI,ITI4,12,Lazio,Lazio,5879082,708244,12.05,0.46
21,2021-07-08,LAZ,63965,31418,32547,28165,35156,644,ITI,ITI4,12,Lazio,Lazio,5879082,772209,13.13,1.09
22,2021-04-18,LAZ,23814,10579,13235,15890,7654,270,ITI,ITI4,12,Lazio,Lazio,5879082,796023,13.54,0.41
23,2021-03-16,LAZ,13544,5739,7805,7020,6444,80,ITI,ITI4,12,Lazio,Lazio,5879082,809567,13.77,0.23
24,2021-03-09,LAZ,21978,9928,12050,16430,5200,348,ITI,ITI4,12,Lazio,Lazio,5879082,831545,14.14,0.37
25,2021-01-11,LAZ,5542,2109,3433,5397,0,145,ITI,ITI4,12,Lazio,Lazio,5879082,837087,14.24,0.09
26,2021-02-18,LAZ,10020,4976,5044,9100,815,105,ITI,ITI4,12,Lazio,Lazio,5879082,847107,14.41,0.17
27,2021-05-12,LAZ,47577,21593,25984,30269,16667,641,ITI,ITI4,12,Lazio,Lazio,5879082,894684,15.22,0.81
28,2021-02-01,LAZ,5678,2180,3498,353,5324,1,ITI,ITI4,12,Lazio,Lazio,5879082,900362,15.31,0.1
29,2021-07-15,LAZ,44776,21925,22851,6710,37667,399,ITI,ITI4,12,Lazio,Lazio,5879082,945138,16.08,0.76
30,2021-01-13,LAZ,5695,2152,3543,5533,0,162,ITI,ITI4,12,Lazio,Lazio,5879082,950833,16.17,0.1
31,2021-04-23,LAZ,37852,18234,19618,22108,15293,451,ITI,ITI4,12,Lazio,Lazio,5879082,988685,16.82,0.64
32,2021-06-05,LAZ,66158,32620,33538,42760,22749,649,ITI,ITI4,12,Lazio,Lazio,5879082,1054843,17.94,1.13
33,2021-03-28,LAZ,19189,7831,11358,13543,5310,336,ITI,ITI4,12,Lazio,Lazio,5879082,1074032,18.27,0.33
34,2021-06-09,LAZ,70242,33230,37012,35825,33789,628,ITI,ITI4,12,Lazio,Lazio,5879082,1144274,19.46,1.19
35,2021-05-07,LAZ,48263,22628,25635,30080,17772,411,ITI,ITI4,12,Lazio,Lazio,5879082,1192537,20.28,0.82
36,2021-03-11,LAZ,25376,11967,13409,18803,6233,340,ITI,ITI4,12,Lazio,Lazio,5879082,1217913,20.72,0.43
37,2021-07-03,LAZ,53140,25022,28118,4638,48366,136,ITI,ITI4,12,Lazio,Lazio,5879082,1271053,21.62,0.9
38,2021-02-03,LAZ,6490,2489,4001,957,5526,7,ITI,ITI4,12,Lazio,Lazio,5879082,1277543,21.73,0.11
39,2021-01-20,LAZ,4813,1947,2866,3265,1544,4,ITI,ITI4,12,Lazio,Lazio,5879082,1282356,21.81,0.08
40,2021-02-11,LAZ,6998,3011,3987,6441,533,24,ITI,ITI4,12,Lazio,Lazio,5879082,1289354,21.93,0.12
41,2021-04-11,LAZ,19166,8481,10685,13117,5887,162,ITI,ITI4,12,Lazio,Lazio,5879082,1308520,22.26,0.33
42,2021-02-13,LAZ,6613,2627,3986,6149,418,46,ITI,ITI4,12,Lazio,Lazio,5879082,1315133,22.37,0.11
43,2021-07-20,LAZ,63215,31549,31666,28439,33615,1161,ITI,ITI4,12,Lazio,Lazio,5879082,1378348,23.44,1.08
44,2021-05-24,LAZ,43986,20168,23818,33540,9783,663,ITI,ITI4,12,Lazio,Lazio,5879082,1422334,24.19,0.75
45,2021-01-03,LAZ,5255,1973,3282,5196,0,59,ITI,ITI4,12,Lazio,Lazio,5879082,1427589,24.28,0.09
46,2021-04-13,LAZ,25793,11958,13835,17680,7720,393,ITI,ITI4,12,Lazio,Lazio,5879082,1453382,24.72,0.44
47,2021-01-08,LAZ,7733,2895,4838,7536,0,197,ITI,ITI4,12,Lazio,Lazio,5879082,1461115,24.85,0.13
48,2021-01-25,LAZ,8116,3248,4868,774,7342,0,ITI,ITI4,12,Lazio,Lazio,5879082,1469231,24.99,0.14
49,2021-05-05,LAZ,46816,21480,25336,30407,15848,561,ITI,ITI4,12,Lazio,Lazio,5879082,1516047,25.79,0.8
50,2021-03-02,LAZ,17194,7612,9582,13095,3936,163,ITI,ITI4,12,Lazio,Lazio,5879082,1533241,26.08,0.29
51,2021-01-18,LAZ,6272,2561,3711,5167,979,126,ITI,ITI4,12,Lazio,Lazio,5879082,1539513,26.19,0.11
52,2021-04-28,LAZ,32946,15036,17910,20977,11581,388,ITI,ITI4,12,Lazio,Lazio,5879082,1572459,26.75,0.56
53,2021-04-09,LAZ,27647,12564,15083,19108,8255,284,ITI,ITI4,12,Lazio,Lazio,5879082,1600106,27.22,0.47
54,2021-03-23,LAZ,25381,11914,13467,18442,6600,339,ITI,ITI4,12,Lazio,Lazio,5879082,1625487,27.65,0.43
55,2021-02-15,LAZ,8032,3543,4489,7310,638,84,ITI,ITI4,12,Lazio,Lazio,5879082,1633519,27.79,0.14
56,2021-01-29,LAZ,8047,3081,4966,814,7231,2,ITI,ITI4,12,Lazio,Lazio,5879082,1641566,27.92,0.14
57,2021-05-19,LAZ,47228,21684,25544,36502,10121,605,ITI,ITI4,12,Lazio,Lazio,5879082,1688794,28.73,0.8
58,2021-01-04,LAZ,7487,2910,4577,7383,0,104,ITI,ITI4,12,Lazio,Lazio,5879082,1696281,28.85,0.13
59,2021-06-24,LAZ,63917,30497,33420,28596,34679,642,ITI,ITI4,12,Lazio,Lazio,5879082,1760198,29.94,1.09
60,2021-06-07,LAZ,62413,29199,33214,32534,29295,584,ITI,ITI4,12,Lazio,Lazio,5879082,1822611,31.0,1.06
61,2021-06-21,LAZ,61908,28756,33152,28490,32831,587,ITI,ITI4,12,Lazio,Lazio,5879082,1884519,32.05,1.05
62,2021-03-13,LAZ,21807,8730,13077,15681,5894,232,ITI,ITI4,12,Lazio,Lazio,5879082,1906326,32.43,0.37
63,2021-01-30,LAZ,7014,2895,4119,808,6205,1,ITI,ITI4,12,Lazio,Lazio,5879082,1913340,32.54,0.12
64,2021-07-19,LAZ,62843,30906,31937,28298,33462,1083,ITI,ITI4,12,Lazio,Lazio,5879082,1976183,33.61,1.07
65,2021-01-15,LAZ,6591,2714,3877,6421,0,170,ITI,ITI4,12,Lazio,Lazio,5879082,1982774,33.73,0.11
66,2021-04-25,LAZ,24529,11256,13273,16425,7822,282,ITI,ITI4,12,Lazio,Lazio,5879082,2007303,34.14,0.42
67,2021-04-01,LAZ,29701,14093,15608,22180,7143,378,ITI,ITI4,12,Lazio,Lazio,5879082,2037004,34.65,0.51
68,2021-07-10,LAZ,70849,35558,35291,25035,45196,618,ITI,ITI4,12,Lazio,Lazio,5879082,2107853,35.85,1.21
69,2021-06-23,LAZ,62265,29316,32949,28430,33357,478,ITI,ITI4,12,Lazio,Lazio,5879082,2170118,36.91,1.06
70,2021-04-15,LAZ,31960,14317,17643,20698,10817,445,ITI,ITI4,12,Lazio,Lazio,5879082,2202078,37.46,0.54
71,2021-02-10,LAZ,8198,3407,4791,4845,3348,5,ITI,ITI4,12,Lazio,Lazio,5879082,2210276,37.6,0.14
72,2021-05-21,LAZ,52035,25026,27009,37254,14074,707,ITI,ITI4,12,Lazio,Lazio,5879082,2262311,38.48,0.89
73,2021-06-04,LAZ,61769,30152,31617,43350,17812,607,ITI,ITI4,12,Lazio,Lazio,5879082,2324080,39.53,1.05
74,2021-04-27,LAZ,30720,13869,16851,19462,10853,405,ITI,ITI4,12,Lazio,Lazio,5879082,2354800,40.05,0.52
75,2021-03-01,LAZ,17121,7369,9752,13004,3886,231,ITI,ITI4,12,Lazio,Lazio,5879082,2371921,40.35,0.29
76,2021-02-22,LAZ,11454,4989,6465,10803,502,149,ITI,ITI4,12,Lazio,Lazio,5879082,2383375,40.54,0.19
77,2021-06-02,LAZ,43302,21519,21783,31247,11516,539,ITI,ITI4,12,Lazio,Lazio,5879082,2426677,41.28,0.74
78,2021-06-11,LAZ,69559,32735,36824,36535,32405,619,ITI,ITI4,12,Lazio,Lazio,5879082,2496236,42.46,1.18
79,2021-05-14,LAZ,51551,23556,27995,32542,18346,663,ITI,ITI4,12,Lazio,Lazio,5879082,2547787,43.34,0.88
80,2021-03-18,LAZ,14224,6077,8147,7750,6391,83,ITI,ITI4,12,Lazio,Lazio,5879082,2562011,43.58,0.24
81,2021-03-25,LAZ,29373,13631,15742,22299,6618,456,ITI,ITI4,12,Lazio,Lazio,5879082,2591384,44.08,0.5
82,2021-01-01,LAZ,3554,1382,2172,3514,0,40,ITI,ITI4,12,Lazio,Lazio,5879082,2594938,44.14,0.06
83,2021-01-10,LAZ,4044,1702,2342,3977,0,67,ITI,ITI4,12,Lazio,Lazio,5879082,2598982,44.21,0.07
84,2021-06-16,LAZ,64547,30945,33602,32038,31894,615,ITI,ITI4,12,Lazio,Lazio,5879082,2663529,45.31,1.1
85,2021-02-17,LAZ,9189,4605,4584,8241,880,68,ITI,ITI4,12,Lazio,Lazio,5879082,2672718,45.46,0.16
86,2021-05-28,LAZ,57190,26584,30606,43087,13311,792,ITI,ITI4,12,Lazio,Lazio,5879082,2729908,46.43,0.97
87,2021-03-06,LAZ,18357,7084,11273,13883,4257,217,ITI,ITI4,12,Lazio,Lazio,5879082,2748265,46.75,0.31
88,2021-04-06,LAZ,24486,11189,13297,17054,7114,318,ITI,ITI4,12,Lazio,Lazio,5879082,2772751,47.16,0.42
89,2020-12-27,LAZ,274,132,142,274,0,0,ITI,ITI4,12,Lazio,Lazio,5879082,2773025,47.17,0.0
90,2021-03-20,LAZ,19196,7642,11554,13050,5885,261,ITI,ITI4,12,Lazio,Lazio,5879082,2792221,47.49,0.33
91,2021-07-17,LAZ,43754,22065,21689,2161,41491,102,ITI,ITI4,12,Lazio,Lazio,5879082,2835975,48.24,0.74
92,2021-06-30,LAZ,62864,29568,33296,29759,32574,531,ITI,ITI4,12,Lazio,Lazio,5879082,2898839,49.31,1.07
93,2021-04-08,LAZ,26835,12301,14534,18783,7702,350,ITI,ITI4,12,Lazio,Lazio,5879082,2925674,49.76,0.46
94,2021-05-04,LAZ,39907,18362,21545,25907,13532,468,ITI,ITI4,12,Lazio,Lazio,5879082,2965581,50.44,0.68
95,2021-02-24,LAZ,12049,5208,6841,10932,995,122,ITI,ITI4,12,Lazio,Lazio,5879082,2977630,50.65,0.2
96,2021-07-07,LAZ,62387,30933,31454,28408,33431,548,ITI,ITI4,12,Lazio,Lazio,5879082,3040017,51.71,1.06
97,2021-03-29,LAZ,25443,12085,13358,18107,7038,298,ITI,ITI4,12,Lazio,Lazio,5879082,3065460,52.14,0.43
98,2021-02-08,LAZ,9743,4155,5588,4506,5235,2,ITI,ITI4,12,Lazio,Lazio,5879082,3075203,52.31,0.17
99,2021-05-02,LAZ,32644,14341,18303,22815,9368,461,ITI,ITI4,12,Lazio,Lazio,5879082,3107847,52.86,0.56
100,2021-01-22,LAZ,4008,1637,2371,493,3515,0,ITI,ITI4,12,Lazio,Lazio,5879082,3111855,52.93,0.07
101,2021-02-27,LAZ,11453,4287,7166,10334,983,136,ITI,ITI4,12,Lazio,Lazio,5879082,3123308,53.13,0.19
102,2021-01-27,LAZ,6119,2389,3730,1002,5117,0,ITI,ITI4,12,Lazio,Lazio,5879082,3129427,53.23,0.1
103,2021-06-01,LAZ,48913,23605,25308,29913,18539,461,ITI,ITI4,12,Lazio,Lazio,5879082,3178340,54.06,0.83
104,2021-04-05,LAZ,19867,9085,10782,13534,6181,152,ITI,ITI4,12,Lazio,Lazio,5879082,3198207,54.4,0.34
105,2021-05-25,LAZ,47549,22317,25232,35264,11687,598,ITI,ITI4,12,Lazio,Lazio,5879082,3245756,55.21,0.81
106,2021-04-12,LAZ,23876,10771,13105,16690,6908,278,ITI,ITI4,12,Lazio,Lazio,5879082,3269632,55.61,0.41
107,2021-07-21,LAZ,62588,31606,30982,28626,32654,1308,ITI,ITI4,12,Lazio,Lazio,5879082,3332220,56.68,1.06
108,2021-06-08,LAZ,66602,31793,34809,36013,29955,634,ITI,ITI4,12,Lazio,Lazio,5879082,3398822,57.81,1.13
109,2021-04-20,LAZ,31087,14274,16813,19409,11304,374,ITI,ITI4,12,Lazio,Lazio,5879082,3429909,58.34,0.53
110,2021-03-08,LAZ,20874,9056,11818,15311,5274,289,ITI,ITI4,12,Lazio,Lazio,5879082,3450783,58.7,0.36
111,2021-04-22,LAZ,39106,19446,19660,23890,14628,588,ITI,ITI4,12,Lazio,Lazio,5879082,3489889,59.36,0.67
112,2021-03-10,LAZ,23341,10660,12681,17362,5647,332,ITI,ITI4,12,Lazio,Lazio,5879082,3513230,59.76,0.4
113,2021-01-12,LAZ,5416,1982,3434,5273,0,143,ITI,ITI4,12,Lazio,Lazio,5879082,3518646,59.85,0.09
114,2021-06-18,LAZ,64257,30924,33333,30273,33263,721,ITI,ITI4,12,Lazio,Lazio,5879082,3582903,60.94,1.09
115,2021-05-06,LAZ,48837,22758,26079,30607,17572,658,ITI,ITI4,12,Lazio,Lazio,5879082,3631740,61.77,0.83
116,2021-01-17,LAZ,4893,2027,2866,4617,212,64,ITI,ITI4,12,Lazio,Lazio,5879082,3636633,61.86,0.08
117,2021-07-02,LAZ,48317,23140,25177,6592,41550,175,ITI,ITI4,12,Lazio,Lazio,5879082,3684950,62.68,0.82
118,2021-07-14,LAZ,41922,20425,21497,6176,35398,348,ITI,ITI4,12,Lazio,Lazio,5879082,3726872,63.39,0.71
119,2021-01-09,LAZ,6300,2562,3738,6187,0,113,ITI,ITI4,12,Lazio,Lazio,5879082,3733172,63.5,0.11
120,2021-04-19,LAZ,30109,13688,16421,19006,10686,417,ITI,ITI4,12,Lazio,Lazio,5879082,3763281,64.01,0.51
121,2021-02-21,LAZ,6991,3181,3810,6483,464,44,ITI,ITI4,12,Lazio,Lazio,5879082,3770272,64.13,0.12
122,2021-01-31,LAZ,4463,1856,2607,478,3984,1,ITI,ITI4,12,Lazio,Lazio,5879082,3774735,64.21,0.08
123,2021-05-11,LAZ,48328,22190,26138,31182,16549,597,ITI,ITI4,12,Lazio,Lazio,5879082,3823063,65.03,0.82
124,2021-05-20,LAZ,51761,24981,26780,37109,13929,723,ITI,ITI4,12,Lazio,Lazio,5879082,3874824,65.91,0.88
125,2021-06-20,LAZ,55270,25410,29860,29628,24912,730,ITI,ITI4,12,Lazio,Lazio,5879082,3930094,66.85,0.94
126,2021-06-06,LAZ,58107,28010,30097,35014,22512,581,ITI,ITI4,12,Lazio,Lazio,5879082,3988201,67.84,0.99
127,2021-02-26,LAZ,13124,5730,7394,11549,1401,174,ITI,ITI4,12,Lazio,Lazio,5879082,4001325,68.06,0.22
128,2021-01-19,LAZ,4776,1962,2814,4319,454,3,ITI,ITI4,12,Lazio,Lazio,5879082,4006101,68.14,0.08
129,2021-04-29,LAZ,38706,17276,21430,24856,13245,605,ITI,ITI4,12,Lazio,Lazio,5879082,4044807,68.8,0.66
130,2021-03-03,LAZ,17866,7873,9993,13337,4295,234,ITI,ITI4,12,Lazio,Lazio,5879082,4062673,69.1,0.3
131,2021-01-26,LAZ,7971,3131,4840,730,7241,0,ITI,ITI4,12,Lazio,Lazio,5879082,4070644,69.24,0.14
132,2021-03-17,LAZ,13815,5916,7899,7448,6258,109,ITI,ITI4,12,Lazio,Lazio,5879082,4084459,69.47,0.23
133,2021-06-25,LAZ,63216,30515,32701,28059,34587,570,ITI,ITI4,12,Lazio,Lazio,5879082,4147675,70.55,1.08
134,2021-06-27,LAZ,47207,21569,25638,20614,26135,458,ITI,ITI4,12,Lazio,Lazio,5879082,4194882,71.35,0.8
135,2021-03-22,LAZ,23332,10536,12796,16323,6681,328,ITI,ITI4,12,Lazio,Lazio,5879082,4218214,71.75,0.4
136,2020-12-29,LAZ,488,176,312,484,0,4,ITI,ITI4,12,Lazio,Lazio,5879082,4218702,71.76,0.01
137,2021-06-13,LAZ,58415,26212,32203,33082,24838,495,ITI,ITI4,12,Lazio,Lazio,5879082,4277117,72.75,0.99
138,2021-03-07,LAZ,14133,5466,8667,10334,3593,206,ITI,ITI4,12,Lazio,Lazio,5879082,4291250,72.99,0.24
139,2021-06-15,LAZ,65871,31813,34058,33196,32129,546,ITI,ITI4,12,Lazio,Lazio,5879082,4357121,74.11,1.12
140,2021-03-24,LAZ,27881,13094,14787,21258,6239,384,ITI,ITI4,12,Lazio,Lazio,5879082,4385002,74.59,0.47
141,2021-03-15,LAZ,20964,9840,11124,13982,6745,237,ITI,ITI4,12,Lazio,Lazio,5879082,4405966,74.94,0.36
142,2021-01-05,LAZ,7377,2804,4573,7274,0,103,ITI,ITI4,12,Lazio,Lazio,5879082,4413343,75.07,0.13
143,2021-01-24,LAZ,5697,2229,3468,613,5084,0,ITI,ITI4,12,Lazio,Lazio,5879082,4419040,75.17,0.1
144,2021-02-07,LAZ,4944,2026,2918,386,4557,1,ITI,ITI4,12,Lazio,Lazio,5879082,4423984,75.25,0.08
145,2021-05-18,LAZ,44970,20567,24403,34864,9549,557,ITI,ITI4,12,Lazio,Lazio,5879082,4468954,76.01,0.76
146,2021-07-09,LAZ,64711,31238,33473,27613,36392,706,ITI,ITI4,12,Lazio,Lazio,5879082,4533665,77.12,1.1
147,2021-05-01,LAZ,37980,17094,20886,25569,11975,436,ITI,ITI4,12,Lazio,Lazio,5879082,4571645,77.76,0.65
148,2021-04-17,LAZ,32417,14224,18193,20020,11999,398,ITI,ITI4,12,Lazio,Lazio,5879082,4604062,78.31,0.55
149,2021-07-16,LAZ,43789,20900,22889,2913,40704,172,ITI,ITI4,12,Lazio,Lazio,5879082,4647851,79.06,0.74
150,2021-04-24,LAZ,33457,15102,18355,20182,12783,492,ITI,ITI4,12,Lazio,Lazio,5879082,4681308,79.63,0.57
151,2021-05-30,LAZ,41235,17645,23590,33210,7356,669,ITI,ITI4,12,Lazio,Lazio,5879082,4722543,80.33,0.7
152,2021-05-13,LAZ,50194,22554,27640,31691,17825,678,ITI,ITI4,12,Lazio,Lazio,5879082,4772737,81.18,0.85
153,2021-04-02,LAZ,29411,14094,15317,21687,7340,384,ITI,ITI4,12,Lazio,Lazio,5879082,4802148,81.68,0.5
154,2021-07-11,LAZ,43958,22154,21804,3768,40049,141,ITI,ITI4,12,Lazio,Lazio,5879082,4846106,82.43,0.75
155,2021-01-28,LAZ,8282,3167,5115,784,7497,1,ITI,ITI4,12,Lazio,Lazio,5879082,4854388,82.57,0.14
156,2021-07-04,LAZ,46552,21663,24889,4118,42351,83,ITI,ITI4,12,Lazio,Lazio,5879082,4900940,83.36,0.79
157,2021-05-08,LAZ,45485,20766,24719,29397,15435,653,ITI,ITI4,12,Lazio,Lazio,5879082,4946425,84.14,0.77
158,2021-07-13,LAZ,42398,20747,21651,5474,36599,325,ITI,ITI4,12,Lazio,Lazio,5879082,4988823,84.86,0.72
159,2021-03-26,LAZ,30226,14001,16225,22937,6851,438,ITI,ITI4,12,Lazio,Lazio,5879082,5019049,85.37,0.51
160,2021-02-14,LAZ,5778,2372,3406,5276,472,30,ITI,ITI4,12,Lazio,Lazio,5879082,5024827,85.47,0.1
161,2021-02-28,LAZ,10258,4016,6242,9650,515,93,ITI,ITI4,12,Lazio,Lazio,5879082,5035085,85.64,0.17
162,2021-01-02,LAZ,6708,2631,4077,6628,0,80,ITI,ITI4,12,Lazio,Lazio,5879082,5041793,85.76,0.11
163,2021-02-04,LAZ,6341,2509,3832,1023,5317,1,ITI,ITI4,12,Lazio,Lazio,5879082,5048134,85.87,0.11
164,2021-05-22,LAZ,55150,27016,28134,43584,10683,883,ITI,ITI4,12,Lazio,Lazio,5879082,5103284,86.8,0.94
165,2021-03-12,LAZ,24006,11091,12915,17344,6317,345,ITI,ITI4,12,Lazio,Lazio,5879082,5127290,87.21,0.41
166,2021-02-09,LAZ,8811,3778,5033,4575,4229,7,ITI,ITI4,12,Lazio,Lazio,5879082,5136101,87.36,0.15
167,2021-02-23,LAZ,11091,4783,6308,10198,766,127,ITI,ITI4,12,Lazio,Lazio,5879082,5147192,87.55,0.19
168,2021-05-29,LAZ,52059,23411,28648,40157,11033,869,ITI,ITI4,12,Lazio,Lazio,5879082,5199251,88.44,0.89
169,2021-05-10,LAZ,44478,20338,24140,30597,13427,454,ITI,ITI4,12,Lazio,Lazio,5879082,5243729,89.19,0.76
170,2021-05-03,LAZ,39260,17730,21530,26044,12636,580,ITI,ITI4,12,Lazio,Lazio,5879082,5282989,89.86,0.67
171,2021-06-22,LAZ,62768,29027,33741,28602,33489,677,ITI,ITI4,12,Lazio,Lazio,5879082,5345757,90.93,1.07
172,2021-03-14,LAZ,17241,6754,10487,11828,5155,258,ITI,ITI4,12,Lazio,Lazio,5879082,5362998,91.22,0.29
173,2021-06-29,LAZ,59424,28245,31179,27729,31133,562,ITI,ITI4,12,Lazio,Lazio,5879082,5422422,92.23,1.01
174,2021-01-14,LAZ,5491,2147,3344,5317,0,174,ITI,ITI4,12,Lazio,Lazio,5879082,5427913,92.33,0.09
175,2021-04-07,LAZ,25999,12158,13841,18347,7316,336,ITI,ITI4,12,Lazio,Lazio,5879082,5453912,92.77,0.44
176,2020-12-28,LAZ,959,412,547,954,0,5,ITI,ITI4,12,Lazio,Lazio,5879082,5454871,92.78,0.02
177,2021-01-16,LAZ,5648,2283,3365,5500,0,148,ITI,ITI4,12,Lazio,Lazio,5879082,5460519,92.88,0.1
178,2021-04-26,LAZ,29247,13469,15778,19612,9205,430,ITI,ITI4,12,Lazio,Lazio,5879082,5489766,93.38,0.5
179,2021-02-02,LAZ,5913,2215,3698,637,5273,3,ITI,ITI4,12,Lazio,Lazio,5879082,5495679,93.48,0.1
180,2021-07-06,LAZ,62157,30179,31978,28528,33163,466,ITI,ITI4,12,Lazio,Lazio,5879082,5557836,94.54,1.06
181,2021-05-15,LAZ,57393,27419,29974,40052,16535,806,ITI,ITI4,12,Lazio,Lazio,5879082,5615229,95.51,0.98
182,2021-03-19,LAZ,17452,7568,9884,10974,6329,149,ITI,ITI4,12,Lazio,Lazio,5879082,5632681,95.81,0.3
183,2021-05-27,LAZ,58363,27111,31252,43821,13753,789,ITI,ITI4,12,Lazio,Lazio,5879082,5691044,96.8,0.99
184,2021-03-05,LAZ,19568,8671,10897,14609,4735,224,ITI,ITI4,12,Lazio,Lazio,5879082,5710612,97.13,0.33
185,2021-02-16,LAZ,8363,4038,4325,7710,610,43,ITI,ITI4,12,Lazio,Lazio,5879082,5718975,97.28,0.14
186,2021-07-18,LAZ,58129,29618,28511,22801,34567,761,ITI,ITI4,12,Lazio,Lazio,5879082,5777104,98.27,0.99
187,2021-01-21,LAZ,5604,2348,3256,551,5053,0,ITI,ITI4,12,Lazio,Lazio,5879082,5782708,98.36,0.1
188,2021-03-31,LAZ,27755,13425,14330,20322,7101,332,ITI,ITI4,12,Lazio,Lazio,5879082,5810463,98.83,0.47
189,2021-01-07,LAZ,7754,2903,4851,7597,0,157,ITI,ITI4,12,Lazio,Lazio,5879082,5818217,98.96,0.13
190,2021-03-27,LAZ,26445,10762,15683,19429,6476,540,ITI,ITI4,12,Lazio,Lazio,5879082,5844662,99.41,0.45
191,2021-07-05,LAZ,61250,29456,31794,25597,34643,1010,ITI,ITI4,12,Lazio,Lazio,5879082,5905912,100.46,1.04
192,2021-05-23,LAZ,47142,22877,24265,39087,7396,659,ITI,ITI4,12,Lazio,Lazio,5879082,5953054,101.26,0.8
193,2021-05-09,LAZ,37546,17262,20284,25821,11275,450,ITI,ITI4,12,Lazio,Lazio,5879082,5990600,101.9,0.64
194,2021-07-12,LAZ,41131,20543,20588,5856,35054,221,ITI,ITI4,12,Lazio,Lazio,5879082,6031731,102.6,0.7
195,2021-05-16,LAZ,50967,24546,26421,36938,13492,537,ITI,ITI4,12,Lazio,Lazio,5879082,6082698,103.46,0.87
196,2021-06-28,LAZ,58903,28156,30747,27523,30961,419,ITI,ITI4,12,Lazio,Lazio,5879082,6141601,104.47,1.0
197,2021-02-12,LAZ,6852,2852,4000,6351,419,82,ITI,ITI4,12,Lazio,Lazio,5879082,6148453,104.58,0.12
198,2020-12-31,LAZ,5293,2121,3172,5233,0,60,ITI,ITI4,12,Lazio,Lazio,5879082,6153746,104.67,0.09
199,2021-04-10,LAZ,23940,10414,13526,16504,7190,246,ITI,ITI4,12,Lazio,Lazio,5879082,6177686,105.08,0.41
200,2021-02-05,LAZ,7325,2990,4335,1215,6107,3,ITI,ITI4,12,Lazio,Lazio,5879082,6185011,105.2,0.12
201,2021-04-03,LAZ,24794,11194,13600,17875,6701,218,ITI,ITI4,12,Lazio,Lazio,5879082,6209805,105.63,0.42
202,2021-02-19,LAZ,10047,5080,4967,9067,835,145,ITI,ITI4,12,Lazio,Lazio,5879082,6219852,105.8,0.17
203,2021-06-17,LAZ,66872,32136,34736,31774,34388,710,ITI,ITI4,12,Lazio,Lazio,5879082,6286724,106.93,1.14
204,2021-04-21,LAZ,33054,15022,18032,20308,12386,360,ITI,ITI4,12,Lazio,Lazio,5879082,6319778,107.5,0.56
205,2021-06-03,LAZ,56541,28601,27940,38042,17809,690,ITI,ITI4,12,Lazio,Lazio,5879082,6376319,108.46,0.96
206,2021-06-10,LAZ,71854,33936,37918,37100,33944,810,ITI,ITI4,12,Lazio,Lazio,5879082,6448173,109.68,1.22
207,2021-04-14,LAZ,29326,13291,16035,18882,10125,319,ITI,ITI4,12,Lazio,Lazio,5879082,6477499,110.18,0.5
208,2021-07-23,LAZ,23420,11641,11779,9812,12962,646,ITI,ITI4,12,Lazio,Lazio,5879082,6500919,110.58,0.4
209,2021-06-21,EMR,37539,18980,18559,16390,20869,280,ITH,ITH5,8,Emilia-Romagna,Emilia-Romagna,4459477,37539,0.84,0.84
210,2021-07-08,EMR,41230,20540,20690,4860,36094,276,ITH,ITH5,8,Emilia-Romagna,Emilia-Romagna,4459477,78769,1.77,0.92
211,2021-03-30,EMR,23345,10339,13006,18008,5041,296,ITH,ITH5,8,Emilia-Romagna,Emilia-Romagna,4459477,102114,2.29,0.52
212,2021-07-22,EMR,39804,21266,18538,15322,23802,680,ITH,ITH5,8,Emilia-Romagna,Emilia-Romagna,4459477,141918,3.18,0.89
213,2021-01-04,EMR,7315,2527,4788,7312,0,3,ITH,ITH5,8,Emilia-Romagna,Emilia-Romagna,4459477,149233,3.35,0.16
214,2021-05-12,EMR,38925,18295,20630,28405,9689,831,ITH,ITH5,8,Emilia-Romagna,Emilia-Romagna,4459477,188158,4.22,0.87
215,2021-02-01,EMR,10320,3610,6710,360,9958,2,ITH,ITH5,8,Emilia-Romagna,Emilia-Romagna,4459477,198478,4.45,0.23
216,2021-01-18,EMR,3128,879,2249,2446,679,3,ITH,ITH5,8,Emilia-Romagna,Emilia-Romagna,4459477,201606,4.52,0.07
217,2021-03-16,EMR,12246,5027,7219,4871,7309,66,ITH,ITH5,8,Emilia-Romagna,Emilia-Romagna,4459477,213852,4.8,0.27
218,2021-01-25,EMR,6462,2146,4316,206,6255,1,ITH,ITH5,8,Emilia-Romagna,Emilia-Romagna,4459477,220314,4.94,0.14
219,2021-07-01,EMR,34477,16851,17626,15345,18819,313,ITH,ITH5,8,Emilia-Romagna,Emilia-Romagna,4459477,254791,5.71,0.77
220,2021-03-23,EMR,18799,8145,10654,11951,6687,161,ITH,ITH5,8,Emilia-Romagna,Emilia-Romagna,4459477,273590,6.14,0.42
221,2021-07-20,EMR,42762,22373,20389,6979,35515,268,ITH,ITH5,8,Emilia-Romagna,Emilia-Romagna,4459477,316352,7.09,0.96
222,2021-04-11,EMR,15278,6935,8343,11980,3048,250,ITH,ITH5,8,Emilia-Romagna,Emilia-Romagna,4459477,331630,7.44,0.34
223,2021-02-11,EMR,4256,1415,2841,3397,843,16,ITH,ITH5,8,Emilia-Romagna,Emilia-Romagna,4459477,335886,7.53,0.1
224,2021-02-18,EMR,7038,2891,4147,6439,583,16,ITH,ITH5,8,Emilia-Romagna,Emilia-Romagna,4459477,342924,7.69,0.16
225,2021-06-07,EMR,40476,20777,19699,33887,6252,337,ITH,ITH5,8,Emilia-Romagna,Emilia-Romagna,4459477,383400,8.6,0.91
226,2021-01-30,EMR,10081,3520,6561,140,9940,1,ITH,ITH5,8,Emilia-Romagna,Emilia-Romagna,4459477,393481,8.82,0.23
227,2021-07-15,EMR,49880,25979,23901,8189,41343,348,ITH,ITH5,8,Emilia-Romagna,Emilia-Romagna,4459477,443361,9.94,1.12
228,2021-04-16,EMR,29227,13761,15466,20023,8838,366,ITH,ITH5,8,Emilia-Romagna,Emilia-Romagna,4459477,472588,10.6,0.66
229,2021-01-06,EMR,8288,2956,5332,8287,0,1,ITH,ITH5,8,Emilia-Romagna,Emilia-Romagna,4459477,480876,10.78,0.19
230,2021-04-30,EMR,36615,16790,19825,21205,14797,613,ITH,ITH5,8,Emilia-Romagna,Emilia-Romagna,4459477,517491,11.6,0.82
231,2021-03-28,EMR,13501,6027,7474,9506,3870,125,ITH,ITH5,8,Emilia-Romagna,Emilia-Romagna,4459477,530992,11.91,0.3
232,2021-02-25,EMR,9249,3499,5750,8273,954,22,ITH,ITH5,8,Emilia-Romagna,Emilia-Romagna,4459477,540241,12.11,0.21
233,2021-01-23,EMR,2448,871,1577,440,2008,0,ITH,ITH5,8,Emilia-Romagna,Emilia-Romagna,4459477,542689,12.17,0.05
234,2021-05-07,EMR,35296,16968,18328,22743,11873,680,ITH,ITH5,8,Emilia-Romagna,Emilia-Romagna,4459477,577985,12.96,0.79
235,2021-07-03,EMR,32056,15900,16156,11782,19979,295,ITH,ITH5,8,Emilia-Romagna,Emilia-Romagna,4459477,610041,13.68,0.72
236,2021-05-26,EMR,33267,14738,18529,9929,22954,384,ITH,ITH5,8,Emilia-Romagna,Emilia-Romagna,4459477,643308,14.43,0.75
237,2021-06-12,EMR,41319,21854,19465,35898,4914,507,ITH,ITH5,8,Emilia-Romagna,Emilia-Romagna,4459477,684627,15.35,0.93
238,2021-03-04,EMR,16451,5349,11102,13344,3017,90,ITH,ITH5,8,Emilia-Romagna,Emilia-Romagna,4459477,701078,15.72,0.37
239,2021-05-24,EMR,29972,13725,16247,17954,11501,517,ITH,ITH5,8,Emilia-Romagna,Emilia-Romagna,4459477,731050,16.39,0.67
240,2021-02-13,EMR,3628,1084,2544,3015,598,15,ITH,ITH5,8,Emilia-Romagna,Emilia-Romagna,4459477,734678,16.47,0.08
241,2021-05-19,EMR,33744,14970,18774,18031,15193,520,ITH,ITH5,8,Emilia-Romagna,Emilia-Romagna,4459477,768422,17.23,0.76
242,2021-06-02,EMR,24103,12065,12038,18940,4972,191,ITH,ITH5,8,Emilia-Romagna,Emilia-Romagna,4459477,792525,17.77,0.54
243,2021-03-13,EMR,16137,6361,9776,10589,5313,235,ITH,ITH5,8,Emilia-Romagna,Emilia-Romagna,4459477,808662,18.13,0.36
244,2021-07-05,EMR,33176,16182,16994,11521,21334,321,ITH,ITH5,8,Emilia-Romagna,Emilia-Romagna,4459477,841838,18.88,0.74
245,2021-04-18,EMR,17504,8396,9108,12362,4918,224,ITH,ITH5,8,Emilia-Romagna,Emilia-Romagna,4459477,859342,19.27,0.39
246,2021-06-14,EMR,41291,21349,19942,27802,13073,416,ITH,ITH5,8,Emilia-Romagna,Emilia-Romagna,4459477,900633,20.2,0.93
247,2021-03-09,EMR,14758,6020,8738,10710,3953,95,ITH,ITH5,8,Emilia-Romagna,Emilia-Romagna,4459477,915391,20.53,0.33
248,2021-05-05,EMR,30120,13995,16125,18283,11267,570,ITH,ITH5,8,Emilia-Romagna,Emilia-Romagna,4459477,945511,21.2,0.68
249,2021-05-23,EMR,25488,11861,13627,13580,11596,312,ITH,ITH5,8,Emilia-Romagna,Emilia-Romagna,4459477,970999,21.77,0.57
250,2021-07-19,EMR,41812,22027,19785,6975,34608,229,ITH,ITH5,8,Emilia-Romagna,Emilia-Romagna,4459477,1012811,22.71,0.94
251,2021-05-31,EMR,29758,13765,15993,17724,11490,544,ITH,ITH5,8,Emilia-Romagna,Emilia-Romagna,4459477,1042569,23.38,0.67
252,2021-02-20,EMR,5319,2094,3225,5049,263,7,ITH,ITH5,8,Emilia-Romagna,Emilia-Romagna,4459477,1047888,23.5,0.12
253,2021-01-15,EMR,7750,2404,5346,7742,0,8,ITH,ITH5,8,Emilia-Romagna,Emilia-Romagna,4459477,1055638,23.67,0.17
254,2021-06-09,EMR,43019,21858,21161,36179,6373,467,ITH,ITH5,8,Emilia-Romagna,Emilia-Romagna,4459477,1098657,24.64,0.96
255,2021-03-01,EMR,10098,3582,6516,7815,2258,25,ITH,ITH5,8,Emilia-Romagna,Emilia-Romagna,4459477,1108755,24.86,0.23
256,2021-05-04,EMR,29281,13709,15572,15135,13661,485,ITH,ITH5,8,Emilia-Romagna,Emilia-Romagna,4459477,1138036,25.52,0.66
257,2021-06-26,EMR,37427,18967,18460,21519,15518,390,ITH,ITH5,8,Emilia-Romagna,Emilia-Romagna,4459477,1175463,26.36,0.84
258,2021-07-10,EMR,41951,21360,20591,7074,34523,354,ITH,ITH5,8,Emilia-Romagna,Emilia-Romagna,4459477,1217414,27.3,0.94
259,2021-04-23,EMR,29563,13811,15752,14305,14883,375,ITH,ITH5,8,Emilia-Romagna,Emilia-Romagna,4459477,1246977,27.96,0.66
260,2021-01-13,EMR,9076,2941,6135,9071,0,5,ITH,ITH5,8,Emilia-Romagna,Emilia-Romagna,4459477,1256053,28.17,0.2
261,2021-04-04,EMR,9879,4717,5162,7525,2267,87,ITH,ITH5,8,Emilia-Romagna,Emilia-Romagna,4459477,1265932,28.39,0.22
262,2021-01-11,EMR,9347,3273,6074,9338,0,9,ITH,ITH5,8,Emilia-Romagna,Emilia-Romagna,4459477,1275279,28.6,0.21
263,2021-06-19,EMR,36633,18337,18296,17039,19384,210,ITH,ITH5,8,Emilia-Romagna,Emilia-Romagna,4459477,1311912,29.42,0.82
264,2021-03-11,EMR,17455,7306,10149,11433,5851,171,ITH,ITH5,8,Emilia-Romagna,Emilia-Romagna,4459477,1329367,29.81,0.39
265,2021-02-06,EMR,7594,2404,5190,2105,5485,4,ITH,ITH5,8,Emilia-Romagna,Emilia-Romagna,4459477,1336961,29.98,0.17
266,2021-05-09,EMR,25613,12254,13359,18237,6968,408,ITH,ITH5,8,Emilia-Romagna,Emilia-Romagna,4459477,1362574,30.55,0.57
267,2021-01-29,EMR,10416,3496,6920,289,10126,1,ITH,ITH5,8,Emilia-Romagna,Emilia-Romagna,4459477,1372990,30.79,0.23
268,2021-02-15,EMR,2904,851,2053,2712,125,67,ITH,ITH5,8,Emilia-Romagna,Emilia-Romagna,4459477,1375894,30.85,0.07
269,2021-01-27,EMR,8363,2949,5414,462,7901,0,ITH,ITH5,8,Emilia-Romagna,Emilia-Romagna,4459477,1384257,31.04,0.19
270,2021-03-27,EMR,21660,9059,12601,14507,6908,245,ITH,ITH5,8,Emilia-Romagna,Emilia-Romagna,4459477,1405917,31.53,0.49
271,2021-04-13,EMR,23717,11127,12590,19028,4343,346,ITH,ITH5,8,Emilia-Romagna,Emilia-Romagna,4459477,1429634,32.06,0.53
272,2021-01-03,EMR,2763,943,1820,2763,0,0,ITH,ITH5,8,Emilia-Romagna,Emilia-Romagna,4459477,1432397,32.12,0.06
273,2021-05-02,EMR,25580,11653,13927,13189,11991,400,ITH,ITH5,8,Emilia-Romagna,Emilia-Romagna,4459477,1457977,32.69,0.57
274,2021-01-22,EMR,1829,477,1352,1086,741,2,ITH,ITH5,8,Emilia-Romagna,Emilia-Romagna,4459477,1459806,32.73,0.04
275,2021-02-08,EMR,5231,1534,3697,2315,2913,3,ITH,ITH5,8,Emilia-Romagna,Emilia-Romagna,4459477,1465037,32.85,0.12
276,2021-05-16,EMR,25858,12175,13683,18360,7121,377,ITH,ITH5,8,Emilia-Romagna,Emilia-Romagna,4459477,1490895,33.43,0.58
277,2021-02-22,EMR,7482,3091,4391,7197,272,13,ITH,ITH5,8,Emilia-Romagna,Emilia-Romagna,4459477,1498377,33.6,0.17
278,2021-01-10,EMR,7171,2684,4487,7170,0,1,ITH,ITH5,8,Emilia-Romagna,Emilia-Romagna,4459477,1505548,33.76,0.16
279,2021-06-16,EMR,45728,23370,22358,25442,19928,358,ITH,ITH5,8,Emilia-Romagna,Emilia-Romagna,4459477,1551276,34.79,1.03
280,2021-03-08,EMR,12191,5092,7099,9465,2647,79,ITH,ITH5,8,Emilia-Romagna,Emilia-Romagna,4459477,1563467,35.06,0.27
281,2021-04-20,EMR,22625,10406,12219,13884,8354,387,ITH,ITH5,8,Emilia-Romagna,Emilia-Romagna,4459477,1586092,35.57,0.51
282,2021-06-23,EMR,37751,18886,18865,18639,18833,279,ITH,ITH5,8,Emilia-Romagna,Emilia-Romagna,4459477,1623843,36.41,0.85
283,2021-07-12,EMR,43932,22256,21676,5601,38018,313,ITH,ITH5,8,Emilia-Romagna,Emilia-Romagna,4459477,1667775,37.4,0.99
284,2021-02-27,EMR,10961,3998,6963,9192,1738,31,ITH,ITH5,8,Emilia-Romagna,Emilia-Romagna,4459477,1678736,37.64,0.25
285,2021-04-25,EMR,22351,10240,12111,14398,7511,442,ITH,ITH5,8,Emilia-Romagna,Emilia-Romagna,4459477,1701087,38.15,0.5
286,2021-04-27,EMR,32108,14865,17243,19222,12464,422,ITH,ITH5,8,Emilia-Romagna,Emilia-Romagna,4459477,1733195,38.87,0.72
287,2021-06-30,EMR,34215,17270,16945,18235,15653,327,ITH,ITH5,8,Emilia-Romagna,Emilia-Romagna,4459477,1767410,39.63,0.77
288,2021-07-17,EMR,43424,22909,20515,7468,35522,434,ITH,ITH5,8,Emilia-Romagna,Emilia-Romagna,4459477,1810834,40.61,0.97
289,2021-06-11,EMR,45870,23818,22052,38818,6511,541,ITH,ITH5,8,Emilia-Romagna,Emilia-Romagna,4459477,1856704,41.64,1.03
290,2021-06-28,EMR,40023,19633,20390,20019,19563,441,ITH,ITH5,8,Emilia-Romagna,Emilia-Romagna,4459477,1896727,42.53,0.9
291,2021-03-20,EMR,16086,6830,9256,8956,6964,166,ITH,ITH5,8,Emilia-Romagna,Emilia-Romagna,4459477,1912813,42.89,0.36
292,2021-04-06,EMR,24752,11174,13578,19721,4746,285,ITH,ITH5,8,Emilia-Romagna,Emilia-Romagna,4459477,1937565,43.45,0.56
293,2020-12-27,EMR,972,373,599,972,0,0,ITH,ITH5,8,Emilia-Romagna,Emilia-Romagna,4459477,1938537,43.47,0.02
294,2021-05-01,EMR,28409,12776,15633,15274,12779,356,ITH,ITH5,8,Emilia-Romagna,Emilia-Romagna,4459477,1966946,44.11,0.64
295,2021-06-04,EMR,45638,22981,22657,37171,8149,318,ITH,ITH5,8,Emilia-Romagna,Emilia-Romagna,4459477,2012584,45.13,1.02
296,2021-01-20,EMR,1327,270,1057,1325,1,1,ITH,ITH5,8,Emilia-Romagna,Emilia-Romagna,4459477,2013911,45.16,0.03
297,2021-02-12,EMR,5314,1673,3641,3887,1403,24,ITH,ITH5,8,Emilia-Romagna,Emilia-Romagna,4459477,2019225,45.28,0.12
298,2021-04-10,EMR,20922,9301,11621,16447,4143,332,ITH,ITH5,8,Emilia-Romagna,Emilia-Romagna,4459477,2040147,45.75,0.47
299,2021-04-17,EMR,27303,13076,14227,17573,9345,385,ITH,ITH5,8,Emilia-Romagna,Emilia-Romagna,4459477,2067450,46.36,0.61
300,2021-01-07,EMR,10275,3406,6869,10271,0,4,ITH,ITH5,8,Emilia-Romagna,Emilia-Romagna,4459477,2077725,46.59,0.23
301,2021-04-03,EMR,19938,8766,11172,15953,3740,245,ITH,ITH5,8,Emilia-Romagna,Emilia-Romagna,4459477,2097663,47.04,0.45
302,2021-05-30,EMR,27079,12793,14286,12977,13696,406,ITH,ITH5,8,Emilia-Romagna,Emilia-Romagna,4459477,2124742,47.65,0.61
303,2021-02-19,EMR,7327,3010,4317,6800,514,13,ITH,ITH5,8,Emilia-Romagna,Emilia-Romagna,4459477,2132069,47.81,0.16
304,2021-05-06,EMR,35938,16607,19331,22163,13062,713,ITH,ITH5,8,Emilia-Romagna,Emilia-Romagna,4459477,2168007,48.62,0.81
305,2021-01-26,EMR,8334,3000,5334,211,8122,1,ITH,ITH5,8,Emilia-Romagna,Emilia-Romagna,4459477,2176341,48.8,0.19
306,2021-07-02,EMR,34696,17064,17632,12679,21685,332,ITH,ITH5,8,Emilia-Romagna,Emilia-Romagna,4459477,2211037,49.58,0.78
307,2021-03-24,EMR,21221,9402,11819,13619,7383,219,ITH,ITH5,8,Emilia-Romagna,Emilia-Romagna,4459477,2232258,50.06,0.48
308,2021-01-24,EMR,2444,886,1558,298,2146,0,ITH,ITH5,8,Emilia-Romagna,Emilia-Romagna,4459477,2234702,50.11,0.05
309,2021-01-08,EMR,10868,3580,7288,10865,0,3,ITH,ITH5,8,Emilia-Romagna,Emilia-Romagna,4459477,2245570,50.36,0.24
310,2021-03-06,EMR,20911,5941,14970,18050,2738,123,ITH,ITH5,8,Emilia-Romagna,Emilia-Romagna,4459477,2266481,50.82,0.47
311,2021-05-20,EMR,40303,18321,21982,18403,21402,498,ITH,ITH5,8,Emilia-Romagna,Emilia-Romagna,4459477,2306784,51.73,0.9
312,2021-05-28,EMR,41217,18943,22274,17270,23356,591,ITH,ITH5,8,Emilia-Romagna,Emilia-Romagna,4459477,2348001,52.65,0.92
313,2021-04-22,EMR,29054,13453,15601,14615,14077,362,ITH,ITH5,8,Emilia-Romagna,Emilia-Romagna,4459477,2377055,53.3,0.65
314,2021-01-12,EMR,9476,3124,6352,9466,0,10,ITH,ITH5,8,Emilia-Romagna,Emilia-Romagna,4459477,2386531,53.52,0.21
315,2021-07-16,EMR,49646,26204,23442,7286,41948,412,ITH,ITH5,8,Emilia-Romagna,Emilia-Romagna,4459477,2436177,54.63,1.11
316,2021-06-27,EMR,29542,14859,14683,16527,12721,294,ITH,ITH5,8,Emilia-Romagna,Emilia-Romagna,4459477,2465719,55.29,0.66
317,2021-07-14,EMR,47819,24453,23366,5759,41704,356,ITH,ITH5,8,Emilia-Romagna,Emilia-Romagna,4459477,2513538,56.36,1.07
318,2021-04-05,EMR,14847,6802,8045,11779,2892,176,ITH,ITH5,8,Emilia-Romagna,Emilia-Romagna,4459477,2528385,56.7,0.33
319,2020-12-31,EMR,2215,780,1435,2214,0,1,ITH,ITH5,8,Emilia-Romagna,Emilia-Romagna,4459477,2530600,56.75,0.05
320,2021-06-06,EMR,36569,18985,17584,31997,4407,165,ITH,ITH5,8,Emilia-Romagna,Emilia-Romagna,4459477,2567169,57.57,0.82
321,2021-02-26,EMR,9635,3673,5962,8567,1048,20,ITH,ITH5,8,Emilia-Romagna,Emilia-Romagna,4459477,2576804,57.78,0.22
322,2021-06-13,EMR,28708,14969,13739,24142,4277,289,ITH,ITH5,8,Emilia-Romagna,Emilia-Romagna,4459477,2605512,58.43,0.64
323,2021-03-05,EMR,17868,5843,12025,14293,3455,120,ITH,ITH5,8,Emilia-Romagna,Emilia-Romagna,4459477,2623380,58.83,0.4
324,2021-03-22,EMR,17646,7813,9833,10616,6862,168,ITH,ITH5,8,Emilia-Romagna,Emilia-Romagna,4459477,2641026,59.22,0.4
325,2021-04-15,EMR,29351,13982,15369,19247,9674,430,ITH,ITH5,8,Emilia-Romagna,Emilia-Romagna,4459477,2670377,59.88,0.66
326,2021-06-18,EMR,42512,21280,21232,16381,25865,266,ITH,ITH5,8,Emilia-Romagna,Emilia-Romagna,4459477,2712889,60.83,0.95
327,2021-03-10,EMR,18803,7742,11061,12979,5645,179,ITH,ITH5,8,Emilia-Romagna,Emilia-Romagna,4459477,2731692,61.26,0.42
328,2021-05-18,EMR,29144,13257,15887,18096,10562,486,ITH,ITH5,8,Emilia-Romagna,Emilia-Romagna,4459477,2760836,61.91,0.65
329,2021-02-07,EMR,4785,1536,3249,1722,3061,2,ITH,ITH5,8,Emilia-Romagna,Emilia-Romagna,4459477,2765621,62.02,0.11
330,2021-02-24,EMR,9353,3567,5786,8451,885,17,ITH,ITH5,8,Emilia-Romagna,Emilia-Romagna,4459477,2774974,62.23,0.21
331,2021-01-05,EMR,9363,3171,6192,9359,0,4,ITH,ITH5,8,Emilia-Romagna,Emilia-Romagna,4459477,2784337,62.44,0.21
332,2021-06-25,EMR,42506,21521,20985,19804,22284,418,ITH,ITH5,8,Emilia-Romagna,Emilia-Romagna,4459477,2826843,63.39,0.95
333,2021-03-17,EMR,13723,5692,8031,5814,7851,58,ITH,ITH5,8,Emilia-Romagna,Emilia-Romagna,4459477,2840566,63.7,0.31
334,2021-05-13,EMR,35803,16503,19300,27263,7811,729,ITH,ITH5,8,Emilia-Romagna,Emilia-Romagna,4459477,2876369,64.5,0.8
335,2021-03-15,EMR,13449,6249,7200,6849,6500,100,ITH,ITH5,8,Emilia-Romagna,Emilia-Romagna,4459477,2889818,64.8,0.3
336,2021-07-09,EMR,44745,22851,21894,5536,38920,289,ITH,ITH5,8,Emilia-Romagna,Emilia-Romagna,4459477,2934563,65.81,1.0
337,2021-01-17,EMR,2890,887,2003,2643,246,1,ITH,ITH5,8,Emilia-Romagna,Emilia-Romagna,4459477,2937453,65.87,0.06
338,2021-04-02,EMR,23395,10553,12842,18561,4481,353,ITH,ITH5,8,Emilia-Romagna,Emilia-Romagna,4459477,2960848,66.39,0.52
339,2021-05-29,EMR,37859,16501,21358,16650,20692,517,ITH,ITH5,8,Emilia-Romagna,Emilia-Romagna,4459477,2998707,67.24,0.85
340,2021-04-24,EMR,28635,13243,15392,14059,14230,346,ITH,ITH5,8,Emilia-Romagna,Emilia-Romagna,4459477,3027342,67.89,0.64
341,2021-05-11,EMR,35790,16796,18994,27792,7257,741,ITH,ITH5,8,Emilia-Romagna,Emilia-Romagna,4459477,3063132,68.69,0.8
342,2021-01-31,EMR,7698,2763,4935,241,7457,0,ITH,ITH5,8,Emilia-Romagna,Emilia-Romagna,4459477,3070830,68.86,0.17
343,2021-02-05,EMR,9290,2956,6334,1601,7683,6,ITH,ITH5,8,Emilia-Romagna,Emilia-Romagna,4459477,3080120,69.07,0.21
344,2021-06-20,EMR,30717,15590,15127,15929,14653,135,ITH,ITH5,8,Emilia-Romagna,Emilia-Romagna,4459477,3110837,69.76,0.69
345,2021-04-29,EMR,44960,21140,23820,26597,17553,810,ITH,ITH5,8,Emilia-Romagna,Emilia-Romagna,4459477,3155797,70.77,1.01
346,2021-01-19,EMR,2046,505,1541,2028,17,1,ITH,ITH5,8,Emilia-Romagna,Emilia-Romagna,4459477,3157843,70.81,0.05
347,2021-07-07,EMR,37830,19109,18721,13922,23651,257,ITH,ITH5,8,Emilia-Romagna,Emilia-Romagna,4459477,3195673,71.66,0.85
348,2021-03-29,EMR,21425,9614,11811,16535,4650,240,ITH,ITH5,8,Emilia-Romagna,Emilia-Romagna,4459477,3217098,72.14,0.48
349,2021-02-21,EMR,4450,1708,2742,4000,440,10,ITH,ITH5,8,Emilia-Romagna,Emilia-Romagna,4459477,3221548,72.24,0.1
350,2021-03-03,EMR,15864,5253,10611,13327,2485,52,ITH,ITH5,8,Emilia-Romagna,Emilia-Romagna,4459477,3237412,72.6,0.36
351,2021-05-25,EMR,25155,11212,13943,11297,13434,424,ITH,ITH5,8,Emilia-Romagna,Emilia-Romagna,4459477,3262567,73.16,0.56
352,2021-02-14,EMR,1403,378,1025,1275,120,8,ITH,ITH5,8,Emilia-Romagna,Emilia-Romagna,4459477,3263970,73.19,0.03
353,2021-02-09,EMR,4154,1249,2905,2306,1847,1,ITH,ITH5,8,Emilia-Romagna,Emilia-Romagna,4459477,3268124,73.28,0.09
354,2021-05-15,EMR,33270,14990,18280,22201,10424,645,ITH,ITH5,8,Emilia-Romagna,Emilia-Romagna,4459477,3301394,74.03,0.75
355,2021-02-04,EMR,9920,3201,6719,1229,8690,1,ITH,ITH5,8,Emilia-Romagna,Emilia-Romagna,4459477,3311314,74.25,0.22
356,2021-05-22,EMR,33067,14139,18928,16457,16150,460,ITH,ITH5,8,Emilia-Romagna,Emilia-Romagna,4459477,3344381,74.99,0.74
357,2021-07-18,EMR,34403,17832,16571,8479,25694,230,ITH,ITH5,8,Emilia-Romagna,Emilia-Romagna,4459477,3378784,75.77,0.77
358,2021-04-09,EMR,25731,11668,14063,19532,5700,499,ITH,ITH5,8,Emilia-Romagna,Emilia-Romagna,4459477,3404515,76.34,0.58
359,2021-02-02,EMR,9474,3048,6426,515,8959,0,ITH,ITH5,8,Emilia-Romagna,Emilia-Romagna,4459477,3413989,76.56,0.21
360,2021-04-28,EMR,33728,15595,18133,20258,12891,579,ITH,ITH5,8,Emilia-Romagna,Emilia-Romagna,4459477,3447717,77.31,0.76
361,2021-06-24,EMR,40324,20177,20147,20415,19549,360,ITH,ITH5,8,Emilia-Romagna,Emilia-Romagna,4459477,3488041,78.22,0.9
362,2021-07-11,EMR,30305,15195,15110,2896,27279,130,ITH,ITH5,8,Emilia-Romagna,Emilia-Romagna,4459477,3518346,78.9,0.68
363,2021-01-02,EMR,2379,917,1462,2379,0,0,ITH,ITH5,8,Emilia-Romagna,Emilia-Romagna,4459477,3520725,78.95,0.05
364,2021-06-05,EMR,44259,22362,21897,36973,6905,381,ITH,ITH5,8,Emilia-Romagna,Emilia-Romagna,4459477,3564984,79.94,0.99
365,2021-06-22,EMR,36390,18122,18268,16532,19599,259,ITH,ITH5,8,Emilia-Romagna,Emilia-Romagna,4459477,3601374,80.76,0.82
366,2021-06-29,EMR,37621,18553,19068,18530,18770,321,ITH,ITH5,8,Emilia-Romagna,Emilia-Romagna,4459477,3638995,81.6,0.84
367,2021-03-21,EMR,11956,5296,6660,7261,4605,90,ITH,ITH5,8,Emilia-Romagna,Emilia-Romagna,4459477,3650951,81.87,0.27
368,2021-06-10,EMR,44966,23093,21873,39120,5357,489,ITH,ITH5,8,Emilia-Romagna,Emilia-Romagna,4459477,3695917,82.88,1.01
369,2021-03-02,EMR,12659,4272,8387,10526,2077,56,ITH,ITH5,8,Emilia-Romagna,Emilia-Romagna,4459477,3708576,83.16,0.28
370,2021-03-19,EMR,15925,6972,8953,7799,7969,157,ITH,ITH5,8,Emilia-Romagna,Emilia-Romagna,4459477,3724501,83.52,0.36
371,2021-07-23,EMR,8770,4709,4061,4447,4118,205,ITH,ITH5,8,Emilia-Romagna,Emilia-Romagna,4459477,3733271,83.72,0.2
372,2021-04-14,EMR,27043,12844,14199,20512,6104,427,ITH,ITH5,8,Emilia-Romagna,Emilia-Romagna,4459477,3760314,84.32,0.61
373,2021-01-21,EMR,2165,729,1436,819,1346,0,ITH,ITH5,8,Emilia-Romagna,Emilia-Romagna,4459477,3762479,84.37,0.05
374,2021-06-17,EMR,46420,23463,22957,21893,24189,338,ITH,ITH5,8,Emilia-Romagna,Emilia-Romagna,4459477,3808899,85.41,1.04
375,2021-05-27,EMR,42260,18746,23514,13624,28204,432,ITH,ITH5,8,Emilia-Romagna,Emilia-Romagna,4459477,3851159,86.36,0.95
376,2021-02-16,EMR,5772,2446,3326,5227,531,14,ITH,ITH5,8,Emilia-Romagna,Emilia-Romagna,4459477,3856931,86.49,0.13
377,2021-05-10,EMR,33861,16140,17721,26035,7256,570,ITH,ITH5,8,Emilia-Romagna,Emilia-Romagna,4459477,3890792,87.25,0.76
378,2021-03-31,EMR,25267,11045,14222,19494,5453,320,ITH,ITH5,8,Emilia-Romagna,Emilia-Romagna,4459477,3916059,87.81,0.57
379,2021-07-13,EMR,48295,24735,23560,6780,41153,362,ITH,ITH5,8,Emilia-Romagna,Emilia-Romagna,4459477,3964354,88.9,1.08
380,2021-07-04,EMR,24240,12050,12190,10432,13595,213,ITH,ITH5,8,Emilia-Romagna,Emilia-Romagna,4459477,3988594,89.44,0.54
381,2021-03-26,EMR,23705,10111,13594,16998,6437,270,ITH,ITH5,8,Emilia-Romagna,Emilia-Romagna,4459477,4012299,89.97,0.53
382,2021-04-07,EMR,26118,11891,14227,19790,6013,315,ITH,ITH5,8,Emilia-Romagna,Emilia-Romagna,4459477,4038417,90.56,0.59
383,2021-01-14,EMR,8129,2593,5536,8119,0,10,ITH,ITH5,8,Emilia-Romagna,Emilia-Romagna,4459477,4046546,90.74,0.18
384,2021-04-21,EMR,23961,10964,12997,13855,9745,361,ITH,ITH5,8,Emilia-Romagna,Emilia-Romagna,4459477,4070507,91.28,0.54
385,2021-05-08,EMR,32348,15097,17251,20382,11423,543,ITH,ITH5,8,Emilia-Romagna,Emilia-Romagna,4459477,4102855,92.0,0.73
386,2021-01-28,EMR,10255,3339,6916,348,9907,0,ITH,ITH5,8,Emilia-Romagna,Emilia-Romagna,4459477,4113110,92.23,0.23
387,2021-06-03,EMR,37893,18432,19461,30103,7531,259,ITH,ITH5,8,Emilia-Romagna,Emilia-Romagna,4459477,4151003,93.08,0.85
388,2021-02-23,EMR,8216,3219,4997,7819,386,11,ITH,ITH5,8,Emilia-Romagna,Emilia-Romagna,4459477,4159219,93.27,0.18
389,2021-03-12,EMR,18306,7701,10605,11305,6717,284,ITH,ITH5,8,Emilia-Romagna,Emilia-Romagna,4459477,4177525,93.68,0.41
390,2021-07-06,EMR,36735,18463,18272,13287,23150,298,ITH,ITH5,8,Emilia-Romagna,Emilia-Romagna,4459477,4214260,94.5,0.82
391,2021-05-17,EMR,32430,15403,17027,22367,9522,541,ITH,ITH5,8,Emilia-Romagna,Emilia-Romagna,4459477,4246690,95.23,0.73
392,2021-03-25,EMR,21482,9417,12065,14233,6990,259,ITH,ITH5,8,Emilia-Romagna,Emilia-Romagna,4459477,4268172,95.71,0.48
393,2021-05-21,EMR,39304,17542,21762,21633,17060,611,ITH,ITH5,8,Emilia-Romagna,Emilia-Romagna,4459477,4307476,96.59,0.88
394,2021-02-10,EMR,4023,1385,2638,2761,1256,6,ITH,ITH5,8,Emilia-Romagna,Emilia-Romagna,4459477,4311499,96.68,0.09
395,2021-04-08,EMR,31214,14332,16882,25212,5304,698,ITH,ITH5,8,Emilia-Romagna,Emilia-Romagna,4459477,4342713,97.38,0.7
396,2021-03-18,EMR,13677,5807,7870,5584,8002,91,ITH,ITH5,8,Emilia-Romagna,Emilia-Romagna,4459477,4356390,97.69,0.31
397,2021-05-14,EMR,37284,17180,20104,26761,9628,895,ITH,ITH5,8,Emilia-Romagna,Emilia-Romagna,4459477,4393674,98.52,0.84
398,2021-02-03,EMR,9340,2989,6351,964,8375,1,ITH,ITH5,8,Emilia-Romagna,Emilia-Romagna,4459477,4403014,98.73,0.21
399,2021-04-01,EMR,23953,10772,13181,19063,4551,339,ITH,ITH5,8,Emilia-Romagna,Emilia-Romagna,4459477,4426967,99.27,0.54
400,2021-02-17,EMR,6538,2764,3774,5754,772,12,ITH,ITH5,8,Emilia-Romagna,Emilia-Romagna,4459477,4433505,99.42,0.15
401,2021-06-01,EMR,27154,13095,14059,17056,9909,189,ITH,ITH5,8,Emilia-Romagna,Emilia-Romagna,4459477,4460659,100.03,0.61
402,2021-04-12,EMR,19246,9007,10239,14446,4447,353,ITH,ITH5,8,Emilia-Romagna,Emilia-Romagna,4459477,4479905,100.46,0.43
403,2021-06-08,EMR,44984,23024,21960,37171,7460,353,ITH,ITH5,8,Emilia-Romagna,Emilia-Romagna,4459477,4524889,101.47,1.01
404,2021-07-21,EMR,41941,22350,19591,10621,30879,441,ITH,ITH5,8,Emilia-Romagna,Emilia-Romagna,4459477,4566830,102.41,0.94
405,2021-04-19,EMR,20902,9796,11106,14336,6273,293,ITH,ITH5,8,Emilia-Romagna,Emilia-Romagna,4459477,4587732,102.88,0.47
406,2021-01-09,EMR,9988,3452,6536,9984,0,4,ITH,ITH5,8,Emilia-Romagna,Emilia-Romagna,4459477,4597720,103.1,0.22
407,2021-06-15,EMR,43680,22513,21167,28142,15038,500,ITH,ITH5,8,Emilia-Romagna,Emilia-Romagna,4459477,4641400,104.08,0.98
408,2021-03-07,EMR,7840,2959,4881,6288,1520,32,ITH,ITH5,8,Emilia-Romagna,Emilia-Romagna,4459477,4649240,104.26,0.18
409,2021-05-03,EMR,28717,13567,15150,17380,10880,457,ITH,ITH5,8,Emilia-Romagna,Emilia-Romagna,4459477,4677957,104.9,0.64
410,2021-02-28,EMR,6819,2527,4292,4954,1846,19,ITH,ITH5,8,Emilia-Romagna,Emilia-Romagna,4459477,4684776,105.05,0.15
411,2021-04-26,EMR,27908,12938,14970,18036,9323,549,ITH,ITH5,8,Emilia-Romagna,Emilia-Romagna,4459477,4712684,105.68,0.63
412,2021-01-16,EMR,5628,1718,3910,5627,0,1,ITH,ITH5,8,Emilia-Romagna,Emilia-Romagna,4459477,4718312,105.8,0.13
413,2021-03-14,EMR,8802,3839,4963,4941,3798,63,ITH,ITH5,8,Emilia-Romagna,Emilia-Romagna,4459477,4727114,106.0,0.2
414,2021-04-18,CAL,5853,2796,3057,4919,913,21,ITF,ITF6,18,Calabria,Calabria,1947131,5853,0.3,0.3
415,2021-04-04,CAL,1572,786,786,1141,421,10,ITF,ITF6,18,Calabria,Calabria,1947131,7425,0.38,0.08
416,2021-06-26,CAL,15565,7185,8380,7557,7941,67,ITF,ITF6,18,Calabria,Calabria,1947131,22990,1.18,0.8
417,2021-02-06,CAL,2914,1343,1571,444,2469,1,ITF,ITF6,18,Calabria,Calabria,1947131,25904,1.33,0.15
418,2021-07-10,CAL,15932,7531,8401,3244,12645,43,ITF,ITF6,18,Calabria,Calabria,1947131,41836,2.15,0.82
419,2021-01-23,CAL,402,187,215,359,43,0,ITF,ITF6,18,Calabria,Calabria,1947131,42238,2.17,0.02
420,2021-03-28,CAL,2690,1231,1459,1566,1120,4,ITF,ITF6,18,Calabria,Calabria,1947131,44928,2.31,0.14
421,2021-06-14,CAL,14354,6509,7845,9632,4645,77,ITF,ITF6,18,Calabria,Calabria,1947131,59282,3.04,0.74
422,2021-03-04,CAL,5484,3192,2292,4667,797,20,ITF,ITF6,18,Calabria,Calabria,1947131,64766,3.33,0.28
423,2021-06-12,CAL,13237,6295,6942,10774,2398,65,ITF,ITF6,18,Calabria,Calabria,1947131,78003,4.01,0.68
424,2021-01-06,CAL,939,506,433,939,0,0,ITF,ITF6,18,Calabria,Calabria,1947131,78942,4.05,0.05
425,2021-04-16,CAL,10264,5005,5259,8596,1615,53,ITF,ITF6,18,Calabria,Calabria,1947131,89206,4.58,0.53
426,2021-02-18,CAL,1855,853,1002,1611,228,16,ITF,ITF6,18,Calabria,Calabria,1947131,91061,4.68,0.1
427,2021-06-21,CAL,15377,7080,8297,7979,7362,36,ITF,ITF6,18,Calabria,Calabria,1947131,106438,5.47,0.79
428,2021-01-04,CAL,1071,531,540,1068,0,3,ITF,ITF6,18,Calabria,Calabria,1947131,107509,5.52,0.06
429,2021-03-09,CAL,6510,3393,3117,5459,988,63,ITF,ITF6,18,Calabria,Calabria,1947131,114019,5.86,0.33
430,2021-02-20,CAL,1445,766,679,1109,322,14,ITF,ITF6,18,Calabria,Calabria,1947131,115464,5.93,0.07
431,2021-05-31,CAL,15292,7342,7950,7308,7903,81,ITF,ITF6,18,Calabria,Calabria,1947131,130756,6.72,0.79
432,2021-01-11,CAL,2174,1054,1120,2172,0,2,ITF,ITF6,18,Calabria,Calabria,1947131,132930,6.83,0.11
433,2021-01-25,CAL,1083,520,563,149,934,0,ITF,ITF6,18,Calabria,Calabria,1947131,134013,6.88,0.06
434,2021-05-05,CAL,13540,6479,7061,8409,5059,72,ITF,ITF6,18,Calabria,Calabria,1947131,147553,7.58,0.7
435,2021-03-02,CAL,4374,2493,1881,3607,759,8,ITF,ITF6,18,Calabria,Calabria,1947131,151927,7.8,0.22
436,2021-03-16,CAL,3860,1892,1968,2185,1663,12,ITF,ITF6,18,Calabria,Calabria,1947131,155787,8.0,0.2
437,2021-07-01,CAL,12302,5800,6502,5400,6819,83,ITF,ITF6,18,Calabria,Calabria,1947131,168089,8.63,0.63
438,2021-02-01,CAL,2540,1206,1334,241,2296,3,ITF,ITF6,18,Calabria,Calabria,1947131,170629,8.76,0.13
439,2021-07-08,CAL,12044,5617,6427,2696,9306,42,ITF,ITF6,18,Calabria,Calabria,1947131,182673,9.38,0.62
440,2021-05-12,CAL,16437,8020,8417,10836,5508,93,ITF,ITF6,18,Calabria,Calabria,1947131,199110,10.23,0.84
441,2021-05-26,CAL,18714,9320,9394,10312,8309,93,ITF,ITF6,18,Calabria,Calabria,1947131,217824,11.19,0.96
442,2021-07-22,CAL,18321,9024,9297,3507,14730,84,ITF,ITF6,18,Calabria,Calabria,1947131,236145,12.13,0.94
443,2021-04-30,CAL,15040,7368,7672,10545,4425,70,ITF,ITF6,18,Calabria,Calabria,1947131,251185,12.9,0.77
444,2021-01-18,CAL,1301,591,710,1052,245,4,ITF,ITF6,18,Calabria,Calabria,1947131,252486,12.97,0.07
445,2021-06-07,CAL,18001,8421,9580,14712,3209,80,ITF,ITF6,18,Calabria,Calabria,1947131,270487,13.89,0.92
446,2021-05-24,CAL,17764,8895,8869,9933,7749,82,ITF,ITF6,18,Calabria,Calabria,1947131,288251,14.8,0.91
447,2021-05-07,CAL,16137,7600,8537,9659,6404,74,ITF,ITF6,18,Calabria,Calabria,1947131,304388,15.63,0.83
448,2021-02-13,CAL,1400,605,795,1031,366,3,ITF,ITF6,18,Calabria,Calabria,1947131,305788,15.7,0.07
449,2021-06-11,CAL,17828,8763,9065,15130,2577,121,ITF,ITF6,18,Calabria,Calabria,1947131,323616,16.62,0.92
450,2021-01-08,CAL,2184,1041,1143,2177,0,7,ITF,ITF6,18,Calabria,Calabria,1947131,325800,16.73,0.11
451,2021-02-25,CAL,2895,1559,1336,2258,597,40,ITF,ITF6,18,Calabria,Calabria,1947131,328695,16.88,0.15
452,2021-03-06,CAL,8475,4364,4111,7659,797,19,ITF,ITF6,18,Calabria,Calabria,1947131,337170,17.32,0.44
453,2021-01-30,CAL,2194,1156,1038,337,1854,3,ITF,ITF6,18,Calabria,Calabria,1947131,339364,17.43,0.11
454,2021-02-17,CAL,1870,827,1043,1645,211,14,ITF,ITF6,18,Calabria,Calabria,1947131,341234,17.52,0.1
455,2021-05-28,CAL,20980,10196,10784,11415,9454,111,ITF,ITF6,18,Calabria,Calabria,1947131,362214,18.6,1.08
456,2021-04-15,CAL,7757,3804,3953,5976,1741,40,ITF,ITF6,18,Calabria,Calabria,1947131,369971,19.0,0.4
457,2021-04-01,CAL,8677,3949,4728,4161,4483,33,ITF,ITF6,18,Calabria,Calabria,1947131,378648,19.45,0.45
458,2021-04-23,CAL,13125,6444,6681,9430,3599,96,ITF,ITF6,18,Calabria,Calabria,1947131,391773,20.12,0.67
459,2021-01-13,CAL,2061,1042,1019,2049,0,12,ITF,ITF6,18,Calabria,Calabria,1947131,393834,20.23,0.11
460,2021-06-23,CAL,17159,7846,9313,8093,8985,81,ITF,ITF6,18,Calabria,Calabria,1947131,410993,21.11,0.88
461,2021-03-30,CAL,6434,2793,3641,3646,2770,18,ITF,ITF6,18,Calabria,Calabria,1947131,417427,21.44,0.33
462,2021-05-19,CAL,18300,9066,9234,11249,6977,74,ITF,ITF6,18,Calabria,Calabria,1947131,435727,22.38,0.94
463,2021-03-23,CAL,5257,2469,2788,3421,1815,21,ITF,ITF6,18,Calabria,Calabria,1947131,440984,22.65,0.27
464,2021-07-15,CAL,18282,8807,9475,2531,15705,46,ITF,ITF6,18,Calabria,Calabria,1947131,459266,23.59,0.94
465,2021-03-11,CAL,7272,3457,3815,5952,1275,45,ITF,ITF6,18,Calabria,Calabria,1947131,466538,23.96,0.37
466,2021-06-19,CAL,15842,7412,8430,8498,7279,65,ITF,ITF6,18,Calabria,Calabria,1947131,482380,24.77,0.81
467,2021-05-14,CAL,19916,9568,10348,12940,6866,110,ITF,ITF6,18,Calabria,Calabria,1947131,502296,25.8,1.02
468,2021-02-11,CAL,2344,1047,1297,1062,1260,22,ITF,ITF6,18,Calabria,Calabria,1947131,504640,25.92,0.12
469,2021-05-23,CAL,11390,5553,5837,6996,4351,43,ITF,ITF6,18,Calabria,Calabria,1947131,516030,26.5,0.58
470,2021-07-03,CAL,15144,7134,8010,5259,9810,75,ITF,ITF6,18,Calabria,Calabria,1947131,531174,27.28,0.78
471,2021-04-11,CAL,4194,1905,2289,2233,1945,16,ITF,ITF6,18,Calabria,Calabria,1947131,535368,27.5,0.22
472,2021-07-20,CAL,17477,8477,9000,3205,14204,68,ITF,ITF6,18,Calabria,Calabria,1947131,552845,28.39,0.9
473,2021-04-13,CAL,6918,3393,3525,5578,1319,21,ITF,ITF6,18,Calabria,Calabria,1947131,559763,28.75,0.36
474,2021-01-20,CAL,1407,629,778,1403,1,3,ITF,ITF6,18,Calabria,Calabria,1947131,561170,28.82,0.07
475,2021-03-18,CAL,4433,2073,2360,2332,2078,23,ITF,ITF6,18,Calabria,Calabria,1947131,565603,29.05,0.23
476,2021-02-27,CAL,4012,2066,1946,3623,382,7,ITF,ITF6,18,Calabria,Calabria,1947131,569615,29.25,0.21
477,2021-01-27,CAL,1479,747,732,393,1085,1,ITF,ITF6,18,Calabria,Calabria,1947131,571094,29.33,0.08
478,2021-05-09,CAL,9638,4499,5139,6055,3542,41,ITF,ITF6,18,Calabria,Calabria,1947131,580732,29.83,0.49
479,2021-01-29,CAL,2067,996,1071,227,1839,1,ITF,ITF6,18,Calabria,Calabria,1947131,582799,29.93,0.11
480,2021-05-04,CAL,16450,7586,8864,11650,4714,86,ITF,ITF6,18,Calabria,Calabria,1947131,599249,30.78,0.84
481,2021-04-08,CAL,9309,4404,4905,5797,3467,45,ITF,ITF6,18,Calabria,Calabria,1947131,608558,31.25,0.48
482,2021-02-10,CAL,2516,1081,1435,869,1632,15,ITF,ITF6,18,Calabria,Calabria,1947131,611074,31.38,0.13
483,2021-07-17,CAL,18321,9039,9282,2717,15541,63,ITF,ITF6,18,Calabria,Calabria,1947131,629395,32.32,0.94
484,2021-06-04,CAL,17523,8155,9368,12951,4502,70,ITF,ITF6,18,Calabria,Calabria,1947131,646918,33.22,0.9
485,2021-05-21,CAL,21334,10865,10469,13865,7361,108,ITF,ITF6,18,Calabria,Calabria,1947131,668252,34.32,1.1
486,2021-03-13,CAL,6955,3019,3936,5936,990,29,ITF,ITF6,18,Calabria,Calabria,1947131,675207,34.68,0.36
487,2021-01-15,CAL,2807,1260,1547,2801,0,6,ITF,ITF6,18,Calabria,Calabria,1947131,678014,34.82,0.14
488,2021-04-25,CAL,15889,8062,7827,14801,1025,63,ITF,ITF6,18,Calabria,Calabria,1947131,693903,35.64,0.82
489,2021-06-30,CAL,16372,7496,8876,7010,9267,95,ITF,ITF6,18,Calabria,Calabria,1947131,710275,36.48,0.84
490,2021-04-27,CAL,9958,4895,5063,7961,1951,46,ITF,ITF6,18,Calabria,Calabria,1947131,720233,36.99,0.51
491,2021-02-03,CAL,2860,1470,1390,560,2294,6,ITF,ITF6,18,Calabria,Calabria,1947131,723093,37.14,0.15
492,2021-07-19,CAL,18993,9099,9894,3034,15913,46,ITF,ITF6,18,Calabria,Calabria,1947131,742086,38.11,0.98
493,2021-02-22,CAL,2058,1045,1013,1491,558,9,ITF,ITF6,18,Calabria,Calabria,1947131,744144,38.22,0.11
494,2021-06-02,CAL,12095,5800,6295,8784,3264,47,ITF,ITF6,18,Calabria,Calabria,1947131,756239,38.84,0.62
495,2021-01-03,CAL,6,3,3,6,0,0,ITF,ITF6,18,Calabria,Calabria,1947131,756245,38.84,0.0
496,2021-03-27,CAL,8781,3995,4786,4650,4087,44,ITF,ITF6,18,Calabria,Calabria,1947131,765026,39.29,0.45
497,2021-07-05,CAL,13384,6257,7127,4288,9040,56,ITF,ITF6,18,Calabria,Calabria,1947131,778410,39.98,0.69
498,2021-03-08,CAL,5498,2975,2523,4400,1071,27,ITF,ITF6,18,Calabria,Calabria,1947131,783908,40.26,0.28
499,2021-03-25,CAL,7492,3531,3961,4571,2890,31,ITF,ITF6,18,Calabria,Calabria,1947131,791400,40.64,0.38
500,2021-06-16,CAL,18321,8469,9852,12120,6114,87,ITF,ITF6,18,Calabria,Calabria,1947131,809721,41.59,0.94
501,2021-02-14,CAL,478,219,259,447,30,1,ITF,ITF6,18,Calabria,Calabria,1947131,810199,41.61,0.02
502,2021-05-25,CAL,16404,8032,8372,10208,6111,85,ITF,ITF6,18,Calabria,Calabria,1947131,826603,42.45,0.84
503,2021-01-26,CAL,1863,891,972,275,1587,1,ITF,ITF6,18,Calabria,Calabria,1947131,828466,42.55,0.1
504,2021-04-22,CAL,9794,4894,4900,6850,2898,46,ITF,ITF6,18,Calabria,Calabria,1947131,838260,43.05,0.5
505,2021-03-01,CAL,2733,1551,1182,2272,457,4,ITF,ITF6,18,Calabria,Calabria,1947131,840993,43.19,0.14
506,2021-06-09,CAL,18215,8594,9621,15907,2225,83,ITF,ITF6,18,Calabria,Calabria,1947131,859208,44.13,0.94
507,2021-07-12,CAL,17969,8534,9435,2677,15243,49,ITF,ITF6,18,Calabria,Calabria,1947131,877177,45.05,0.92
508,2021-01-10,CAL,940,530,410,940,0,0,ITF,ITF6,18,Calabria,Calabria,1947131,878117,45.1,0.05
509,2021-04-20,CAL,7860,3966,3894,6059,1729,72,ITF,ITF6,18,Calabria,Calabria,1947131,885977,45.5,0.4
510,2021-01-05,CAL,1528,716,812,1526,0,2,ITF,ITF6,18,Calabria,Calabria,1947131,887505,45.58,0.08
511,2021-01-12,CAL,2080,1030,1050,2071,0,9,ITF,ITF6,18,Calabria,Calabria,1947131,889585,45.69,0.11
512,2021-02-24,CAL,1921,977,944,1436,479,6,ITF,ITF6,18,Calabria,Calabria,1947131,891506,45.79,0.1
513,2021-06-28,CAL,13283,6117,7166,5367,7852,64,ITF,ITF6,18,Calabria,Calabria,1947131,904789,46.47,0.68
514,2021-03-20,CAL,6721,3079,3642,4182,2523,16,ITF,ITF6,18,Calabria,Calabria,1947131,911510,46.81,0.35
515,2021-03-15,CAL,3622,1745,1877,2160,1452,10,ITF,ITF6,18,Calabria,Calabria,1947131,915132,47.0,0.19
516,2021-07-02,CAL,16253,7528,8725,6236,9936,81,ITF,ITF6,18,Calabria,Calabria,1947131,931385,47.83,0.83
517,2021-05-20,CAL,16972,8491,8481,11263,5642,67,ITF,ITF6,18,Calabria,Calabria,1947131,948357,48.71,0.87
518,2021-01-22,CAL,659,275,384,657,2,0,ITF,ITF6,18,Calabria,Calabria,1947131,949016,48.74,0.03
519,2021-05-02,CAL,12555,5862,6693,10614,1882,59,ITF,ITF6,18,Calabria,Calabria,1947131,961571,49.38,0.64
520,2021-03-29,CAL,5764,2491,3273,3979,1761,24,ITF,ITF6,18,Calabria,Calabria,1947131,967335,49.68,0.3
521,2021-01-31,CAL,1118,557,561,152,966,0,ITF,ITF6,18,Calabria,Calabria,1947131,968453,49.74,0.06
522,2021-07-07,CAL,13961,6582,7379,3908,9982,71,ITF,ITF6,18,Calabria,Calabria,1947131,982414,50.45,0.72
523,2021-05-11,CAL,15086,7308,7778,10237,4783,66,ITF,ITF6,18,Calabria,Calabria,1947131,997500,51.23,0.77
524,2021-07-16,CAL,21029,10018,11011,3386,17575,68,ITF,ITF6,18,Calabria,Calabria,1947131,1018529,52.31,1.08
525,2021-06-18,CAL,18856,8784,10072,11256,7491,109,ITF,ITF6,18,Calabria,Calabria,1947131,1037385,53.28,0.97
526,2021-03-10,CAL,6823,3467,3356,5451,1341,31,ITF,ITF6,18,Calabria,Calabria,1947131,1044208,53.63,0.35
527,2021-03-03,CAL,5063,2766,2297,3970,1080,13,ITF,ITF6,18,Calabria,Calabria,1947131,1049271,53.89,0.26
528,2021-06-29,CAL,13018,6012,7006,5330,7638,50,ITF,ITF6,18,Calabria,Calabria,1947131,1062289,54.56,0.67
529,2021-05-16,CAL,13782,6726,7056,9917,3813,52,ITF,ITF6,18,Calabria,Calabria,1947131,1076071,55.26,0.71
530,2021-07-21,CAL,22054,10592,11462,4511,17431,112,ITF,ITF6,18,Calabria,Calabria,1947131,1098125,56.4,1.13
531,2021-01-17,CAL,898,432,466,797,96,5,ITF,ITF6,18,Calabria,Calabria,1947131,1099023,56.44,0.05
532,2021-03-24,CAL,7829,3583,4246,4518,3289,22,ITF,ITF6,18,Calabria,Calabria,1947131,1106852,56.85,0.4
533,2021-04-10,CAL,11667,5280,6387,6768,4855,44,ITF,ITF6,18,Calabria,Calabria,1947131,1118519,57.44,0.6
534,2021-02-12,CAL,1710,668,1042,941,763,6,ITF,ITF6,18,Calabria,Calabria,1947131,1120229,57.53,0.09
535,2021-06-27,CAL,8412,3937,4475,4980,3396,36,ITF,ITF6,18,Calabria,Calabria,1947131,1128641,57.96,0.43
536,2021-01-24,CAL,46,19,27,40,6,0,ITF,ITF6,18,Calabria,Calabria,1947131,1128687,57.97,0.0
537,2021-07-09,CAL,15646,7300,8346,3625,11952,69,ITF,ITF6,18,Calabria,Calabria,1947131,1144333,58.77,0.8
538,2020-12-28,CAL,6,2,4,6,0,0,ITF,ITF6,18,Calabria,Calabria,1947131,1144339,58.77,0.0
539,2021-02-07,CAL,862,430,432,146,714,2,ITF,ITF6,18,Calabria,Calabria,1947131,1145201,58.81,0.04
540,2021-05-18,CAL,15334,7672,7662,11850,3416,68,ITF,ITF6,18,Calabria,Calabria,1947131,1160535,59.6,0.79
541,2021-03-22,CAL,4970,2333,2637,3177,1769,24,ITF,ITF6,18,Calabria,Calabria,1947131,1165505,59.86,0.26
542,2021-06-01,CAL,12864,5966,6898,7887,4919,58,ITF,ITF6,18,Calabria,Calabria,1947131,1178369,60.52,0.66
543,2021-05-13,CAL,15948,7674,8274,11170,4709,69,ITF,ITF6,18,Calabria,Calabria,1947131,1194317,61.34,0.82
544,2021-02-19,CAL,1510,683,827,1239,262,9,ITF,ITF6,18,Calabria,Calabria,1947131,1195827,61.41,0.08
545,2021-05-30,CAL,10966,5275,5691,6779,4151,36,ITF,ITF6,18,Calabria,Calabria,1947131,1206793,61.98,0.56
546,2021-05-06,CAL,13279,6283,6996,8927,4286,66,ITF,ITF6,18,Calabria,Calabria,1947131,1220072,62.66,0.68
547,2021-07-14,CAL,22608,10666,11942,4152,18382,74,ITF,ITF6,18,Calabria,Calabria,1947131,1242680,63.82,1.16
548,2021-04-05,CAL,3642,1727,1915,2671,959,12,ITF,ITF6,18,Calabria,Calabria,1947131,1246322,64.01,0.19
549,2021-06-08,CAL,16676,7898,8778,14521,2034,121,ITF,ITF6,18,Calabria,Calabria,1947131,1262998,64.86,0.86
550,2021-03-17,CAL,4129,1837,2292,2184,1937,8,ITF,ITF6,18,Calabria,Calabria,1947131,1267127,65.08,0.21
551,2021-04-03,CAL,9416,4073,5343,4509,4849,58,ITF,ITF6,18,Calabria,Calabria,1947131,1276543,65.56,0.48
552,2021-01-28,CAL,2284,1132,1152,81,2203,0,ITF,ITF6,18,Calabria,Calabria,1947131,1278827,65.68,0.12
553,2021-05-08,CAL,18481,8399,10082,10540,7876,65,ITF,ITF6,18,Calabria,Calabria,1947131,1297308,66.63,0.95
554,2021-05-22,CAL,22205,10562,11643,14230,7885,90,ITF,ITF6,18,Calabria,Calabria,1947131,1319513,67.77,1.14
555,2021-02-05,CAL,3854,1738,2116,473,3366,15,ITF,ITF6,18,Calabria,Calabria,1947131,1323367,67.96,0.2
556,2021-04-29,CAL,12471,6062,6409,8660,3760,51,ITF,ITF6,18,Calabria,Calabria,1947131,1335838,68.61,0.64
557,2021-04-12,CAL,7003,3412,3591,5334,1648,21,ITF,ITF6,18,Calabria,Calabria,1947131,1342841,68.97,0.36
558,2021-01-19,CAL,1122,495,627,1108,12,2,ITF,ITF6,18,Calabria,Calabria,1947131,1343963,69.02,0.06
559,2021-07-04,CAL,5933,2812,3121,1980,3918,35,ITF,ITF6,18,Calabria,Calabria,1947131,1349896,69.33,0.3
560,2021-06-17,CAL,15806,7220,8586,9597,6157,52,ITF,ITF6,18,Calabria,Calabria,1947131,1365702,70.14,0.81
561,2021-06-03,CAL,14227,6649,7578,9587,4585,55,ITF,ITF6,18,Calabria,Calabria,1947131,1379929,70.87,0.73
562,2021-04-07,CAL,7143,3253,3890,4079,3019,45,ITF,ITF6,18,Calabria,Calabria,1947131,1387072,71.24,0.37
563,2021-02-23,CAL,1598,755,843,1478,115,5,ITF,ITF6,18,Calabria,Calabria,1947131,1388670,71.32,0.08
564,2021-05-03,CAL,14782,6776,8006,10466,4230,86,ITF,ITF6,18,Calabria,Calabria,1947131,1403452,72.08,0.76
565,2021-03-21,CAL,4455,1924,2531,2727,1718,10,ITF,ITF6,18,Calabria,Calabria,1947131,1407907,72.31,0.23
566,2021-03-07,CAL,3398,1733,1665,3293,92,13,ITF,ITF6,18,Calabria,Calabria,1947131,1411305,72.48,0.17
567,2021-06-15,CAL,9854,4566,5288,6446,3348,60,ITF,ITF6,18,Calabria,Calabria,1947131,1421159,72.99,0.51
568,2021-02-09,CAL,2160,912,1248,947,1204,9,ITF,ITF6,18,Calabria,Calabria,1947131,1423319,73.1,0.11
569,2021-05-29,CAL,19276,8954,10322,9345,9855,76,ITF,ITF6,18,Calabria,Calabria,1947131,1442595,74.09,0.99
570,2021-04-14,CAL,8074,3896,4178,6583,1444,47,ITF,ITF6,18,Calabria,Calabria,1947131,1450669,74.5,0.41
571,2021-02-16,CAL,1748,742,1006,1463,280,5,ITF,ITF6,18,Calabria,Calabria,1947131,1452417,74.59,0.09
572,2021-07-23,CAL,6350,3035,3315,1342,4974,34,ITF,ITF6,18,Calabria,Calabria,1947131,1458767,74.92,0.33
573,2021-04-21,CAL,11572,5812,5760,8616,2903,53,ITF,ITF6,18,Calabria,Calabria,1947131,1470339,75.51,0.59
574,2021-04-02,CAL,8532,3907,4625,4581,3919,32,ITF,ITF6,18,Calabria,Calabria,1947131,1478871,75.95,0.44
575,2021-06-24,CAL,15287,6966,8321,6884,8329,74,ITF,ITF6,18,Calabria,Calabria,1947131,1494158,76.74,0.79
576,2021-03-19,CAL,4203,1964,2239,1888,2308,7,ITF,ITF6,18,Calabria,Calabria,1947131,1498361,76.95,0.22
577,2021-07-11,CAL,6426,2981,3445,843,5573,10,ITF,ITF6,18,Calabria,Calabria,1947131,1504787,77.28,0.33
578,2021-05-17,CAL,14917,7466,7451,10152,4715,50,ITF,ITF6,18,Calabria,Calabria,1947131,1519704,78.05,0.77
579,2021-02-21,CAL,630,298,332,552,77,1,ITF,ITF6,18,Calabria,Calabria,1947131,1520334,78.08,0.03
580,2021-04-28,CAL,12566,6094,6472,9626,2869,71,ITF,ITF6,18,Calabria,Calabria,1947131,1532900,78.73,0.65
581,2021-02-04,CAL,3650,1736,1914,646,2998,6,ITF,ITF6,18,Calabria,Calabria,1947131,1536550,78.91,0.19
582,2021-05-15,CAL,27244,13033,14211,20261,6852,131,ITF,ITF6,18,Calabria,Calabria,1947131,1563794,80.31,1.4
583,2021-06-25,CAL,18801,8729,10072,8069,10655,77,ITF,ITF6,18,Calabria,Calabria,1947131,1582595,81.28,0.97
584,2021-07-13,CAL,17425,8154,9271,2315,15044,66,ITF,ITF6,18,Calabria,Calabria,1947131,1600020,82.17,0.89
585,2021-04-19,CAL,7880,3802,4078,6160,1675,45,ITF,ITF6,18,Calabria,Calabria,1947131,1607900,82.58,0.4
586,2021-01-09,CAL,1987,1071,916,1979,0,8,ITF,ITF6,18,Calabria,Calabria,1947131,1609887,82.68,0.1
587,2021-03-14,CAL,2724,1059,1665,2280,437,7,ITF,ITF6,18,Calabria,Calabria,1947131,1612611,82.82,0.14
588,2021-06-22,CAL,14581,6897,7684,7355,7134,92,ITF,ITF6,18,Calabria,Calabria,1947131,1627192,83.57,0.75
589,2021-05-10,CAL,13163,6124,7039,7708,5401,54,ITF,ITF6,18,Calabria,Calabria,1947131,1640355,84.24,0.68
590,2021-04-26,CAL,10187,5060,5127,7722,2420,45,ITF,ITF6,18,Calabria,Calabria,1947131,1650542,84.77,0.52
591,2021-03-26,CAL,8093,3842,4251,4940,3125,28,ITF,ITF6,18,Calabria,Calabria,1947131,1658635,85.18,0.42
592,2021-03-31,CAL,9110,4155,4955,5031,4045,34,ITF,ITF6,18,Calabria,Calabria,1947131,1667745,85.65,0.47
593,2021-04-09,CAL,7971,3734,4237,5002,2889,80,ITF,ITF6,18,Calabria,Calabria,1947131,1675716,86.06,0.41
594,2021-07-18,CAL,8777,4201,4576,1273,7472,32,ITF,ITF6,18,Calabria,Calabria,1947131,1684493,86.51,0.45
595,2021-06-05,CAL,20687,9686,11001,17617,2991,79,ITF,ITF6,18,Calabria,Calabria,1947131,1705180,87.57,1.06
596,2021-05-27,CAL,17655,8728,8927,9769,7805,81,ITF,ITF6,18,Calabria,Calabria,1947131,1722835,88.48,0.91
597,2021-02-02,CAL,2362,1159,1203,177,2185,0,ITF,ITF6,18,Calabria,Calabria,1947131,1725197,88.6,0.12
598,2021-01-16,CAL,2403,1127,1276,2400,0,3,ITF,ITF6,18,Calabria,Calabria,1947131,1727600,88.73,0.12
599,2021-07-06,CAL,11822,5455,6367,3615,8148,59,ITF,ITF6,18,Calabria,Calabria,1947131,1739422,89.33,0.61
600,2021-01-02,CAL,166,94,72,166,0,0,ITF,ITF6,18,Calabria,Calabria,1947131,1739588,89.34,0.01
601,2021-02-28,CAL,2344,1065,1279,2187,154,3,ITF,ITF6,18,Calabria,Calabria,1947131,1741932,89.46,0.12
602,2021-06-10,CAL,15899,7333,8566,12990,2810,99,ITF,ITF6,18,Calabria,Calabria,1947131,1757831,90.28,0.82
603,2021-02-15,CAL,1155,550,605,998,152,5,ITF,ITF6,18,Calabria,Calabria,1947131,1758986,90.34,0.06
604,2020-12-27,CAL,313,171,142,313,0,0,ITF,ITF6,18,Calabria,Calabria,1947131,1759299,90.35,0.02
605,2021-04-06,CAL,8135,3703,4432,4456,3654,25,ITF,ITF6,18,Calabria,Calabria,1947131,1767434,90.77,0.42
606,2021-02-08,CAL,1859,739,1120,659,1197,3,ITF,ITF6,18,Calabria,Calabria,1947131,1769293,90.87,0.1
607,2021-04-24,CAL,19265,9588,9677,15744,3437,84,ITF,ITF6,18,Calabria,Calabria,1947131,1788558,91.86,0.99
608,2021-02-26,CAL,3101,1654,1447,2631,455,15,ITF,ITF6,18,Calabria,Calabria,1947131,1791659,92.02,0.16
609,2021-06-20,CAL,6650,3151,3499,3811,2811,28,ITF,ITF6,18,Calabria,Calabria,1947131,1798309,92.36,0.34
610,2021-06-06,CAL,13770,6618,7152,12005,1698,67,ITF,ITF6,18,Calabria,Calabria,1947131,1812079,93.06,0.71
611,2021-01-07,CAL,2207,1079,1128,2203,0,4,ITF,ITF6,18,Calabria,Calabria,1947131,1814286,93.18,0.11
612,2021-06-13,CAL,6835,3355,3480,5730,1053,52,ITF,ITF6,18,Calabria,Calabria,1947131,1821121,93.53,0.35
613,2021-04-17,CAL,10807,5059,5748,8997,1766,44,ITF,ITF6,18,Calabria,Calabria,1947131,1831928,94.08,0.56
614,2021-05-01,CAL,16702,7958,8744,12378,4238,86,ITF,ITF6,18,Calabria,Calabria,1947131,1848630,94.94,0.86
615,2021-03-05,CAL,6238,3621,2617,5646,576,16,ITF,ITF6,18,Calabria,Calabria,1947131,1854868,95.26,0.32
616,2021-03-12,CAL,5152,2467,2685,4078,1056,18,ITF,ITF6,18,Calabria,Calabria,1947131,1860020,95.53,0.26
617,2021-01-14,CAL,2652,1258,1394,2646,0,6,ITF,ITF6,18,Calabria,Calabria,1947131,1862672,95.66,0.14
618,2021-01-21,CAL,972,455,517,936,33,3,ITF,ITF6,18,Calabria,Calabria,1947131,1863644,95.71,0.05
619,2021-04-08,BAS,767,352,415,742,10,15,ITF,ITF5,17,Basilicata,Basilicata,559084,767,0.14,0.14
620,2021-04-22,BAS,5045,2350,2695,3380,1610,55,ITF,ITF5,17,Basilicata,Basilicata,559084,5812,1.04,0.9
621,2021-07-17,BAS,5855,2913,2942,1709,4107,39,ITF,ITF5,17,Basilicata,Basilicata,559084,11667,2.09,1.05
622,2021-06-30,BAS,3452,1668,1784,2315,1111,26,ITF,ITF5,17,Basilicata,Basilicata,559084,15119,2.7,0.62
623,2021-02-17,BAS,1135,493,642,1057,76,2,ITF,ITF5,17,Basilicata,Basilicata,559084,16254,2.91,0.2
624,2021-03-25,BAS,1883,603,1280,1518,344,21,ITF,ITF5,17,Basilicata,Basilicata,559084,18137,3.24,0.34
625,2021-01-27,BAS,413,175,238,113,300,0,ITF,ITF5,17,Basilicata,Basilicata,559084,18550,3.32,0.07
626,2021-02-10,BAS,550,239,311,495,53,2,ITF,ITF5,17,Basilicata,Basilicata,559084,19100,3.42,0.1
627,2021-05-21,BAS,4578,2322,2256,1480,3086,12,ITF,ITF5,17,Basilicata,Basilicata,559084,23678,4.24,0.82
628,2021-04-01,BAS,2721,1115,1606,1970,723,28,ITF,ITF5,17,Basilicata,Basilicata,559084,26399,4.72,0.49
629,2021-02-03,BAS,671,302,369,32,639,0,ITF,ITF5,17,Basilicata,Basilicata,559084,27070,4.84,0.12
630,2021-01-10,BAS,77,24,53,77,0,0,ITF,ITF5,17,Basilicata,Basilicata,559084,27147,4.86,0.01
631,2021-04-20,BAS,4082,1947,2135,2180,1878,24,ITF,ITF5,17,Basilicata,Basilicata,559084,31229,5.59,0.73
632,2021-01-08,BAS,554,219,335,554,0,0,ITF,ITF5,17,Basilicata,Basilicata,559084,31783,5.68,0.1
633,2021-03-15,BAS,2363,988,1375,508,1839,16,ITF,ITF5,17,Basilicata,Basilicata,559084,34146,6.11,0.42
634,2021-01-17,BAS,329,133,196,328,1,0,ITF,ITF5,17,Basilicata,Basilicata,559084,34475,6.17,0.06
635,2021-05-04,BAS,4138,1992,2146,3566,523,49,ITF,ITF5,17,Basilicata,Basilicata,559084,38613,6.91,0.74
636,2021-03-08,BAS,1465,717,748,819,616,30,ITF,ITF5,17,Basilicata,Basilicata,559084,40078,7.17,0.26
637,2021-06-16,BAS,4602,2083,2519,2126,2456,20,ITF,ITF5,17,Basilicata,Basilicata,559084,44680,7.99,0.82
638,2021-01-22,BAS,67,24,43,67,0,0,ITF,ITF5,17,Basilicata,Basilicata,559084,44747,8.0,0.01
639,2021-05-02,BAS,4180,2001,2179,3491,629,60,ITF,ITF5,17,Basilicata,Basilicata,559084,48927,8.75,0.75
640,2021-04-15,BAS,3386,1659,1727,2589,754,43,ITF,ITF5,17,Basilicata,Basilicata,559084,52313,9.36,0.61
641,2021-01-15,BAS,818,353,465,818,0,0,ITF,ITF5,17,Basilicata,Basilicata,559084,53131,9.5,0.15
642,2020-12-27,BAS,106,41,65,106,0,0,ITF,ITF5,17,Basilicata,Basilicata,559084,53237,9.52,0.02
643,2021-03-20,BAS,1295,574,721,275,1013,7,ITF,ITF5,17,Basilicata,Basilicata,559084,54532,9.75,0.23
644,2021-06-28,BAS,3642,1747,1895,2114,1510,18,ITF,ITF5,17,Basilicata,Basilicata,559084,58174,10.41,0.65
645,2021-03-06,BAS,1365,540,825,751,602,12,ITF,ITF5,17,Basilicata,Basilicata,559084,59539,10.65,0.24
646,2021-05-30,BAS,2776,1420,1356,919,1852,5,ITF,ITF5,17,Basilicata,Basilicata,559084,62315,11.15,0.5
647,2021-04-03,BAS,1809,750,1059,1461,336,12,ITF,ITF5,17,Basilicata,Basilicata,559084,64124,11.47,0.32
648,2021-02-05,BAS,991,445,546,63,927,1,ITF,ITF5,17,Basilicata,Basilicata,559084,65115,11.65,0.18
649,2021-07-12,BAS,5442,2593,2849,1606,3810,26,ITF,ITF5,17,Basilicata,Basilicata,559084,70557,12.62,0.97
650,2021-06-04,BAS,4831,2288,2543,3748,1046,37,ITF,ITF5,17,Basilicata,Basilicata,559084,75388,13.48,0.86
651,2021-02-24,BAS,1807,743,1064,1723,73,11,ITF,ITF5,17,Basilicata,Basilicata,559084,77195,13.81,0.32
652,2021-02-22,BAS,1791,773,1018,1730,53,8,ITF,ITF5,17,Basilicata,Basilicata,559084,78986,14.13,0.32
653,2021-05-28,BAS,3615,1810,1805,919,2663,33,ITF,ITF5,17,Basilicata,Basilicata,559084,82601,14.77,0.65
654,2021-06-11,BAS,4237,1982,2255,3168,1028,41,ITF,ITF5,17,Basilicata,Basilicata,559084,86838,15.53,0.76
655,2021-05-11,BAS,2654,1354,1300,1597,1033,24,ITF,ITF5,17,Basilicata,Basilicata,559084,89492,16.01,0.47
656,2021-07-14,BAS,5642,2720,2922,1627,3990,25,ITF,ITF5,17,Basilicata,Basilicata,559084,95134,17.02,1.01
657,2021-04-05,BAS,724,233,491,412,302,10,ITF,ITF5,17,Basilicata,Basilicata,559084,95858,17.15,0.13
658,2021-04-27,BAS,4727,2242,2485,4351,325,51,ITF,ITF5,17,Basilicata,Basilicata,559084,100585,17.99,0.85
659,2021-06-27,BAS,3007,1477,1530,2378,615,14,ITF,ITF5,17,Basilicata,Basilicata,559084,103592,18.53,0.54
660,2021-06-01,BAS,6136,2926,3210,3033,3076,27,ITF,ITF5,17,Basilicata,Basilicata,559084,109728,19.63,1.1
661,2021-06-09,BAS,4424,2072,2352,3967,424,33,ITF,ITF5,17,Basilicata,Basilicata,559084,114152,20.42,0.79
662,2021-04-13,BAS,2119,1053,1066,1284,818,17,ITF,ITF5,17,Basilicata,Basilicata,559084,116271,20.8,0.38
663,2021-03-01,BAS,551,286,265,383,168,0,ITF,ITF5,17,Basilicata,Basilicata,559084,116822,20.9,0.1
664,2021-06-18,BAS,4465,2067,2398,2181,2258,26,ITF,ITF5,17,Basilicata,Basilicata,559084,121287,21.69,0.8
665,2021-01-24,BAS,845,306,539,57,787,1,ITF,ITF5,17,Basilicata,Basilicata,559084,122132,21.85,0.15
666,2021-05-13,BAS,5985,2967,3018,3299,2596,90,ITF,ITF5,17,Basilicata,Basilicata,559084,128117,22.92,1.07
667,2021-05-16,BAS,4973,2468,2505,2812,2113,48,ITF,ITF5,17,Basilicata,Basilicata,559084,133090,23.81,0.89
668,2021-07-19,BAS,5931,2892,3039,2002,3888,41,ITF,ITF5,17,Basilicata,Basilicata,559084,139021,24.87,1.06
669,2021-05-23,BAS,4518,2302,2216,1527,2984,7,ITF,ITF5,17,Basilicata,Basilicata,559084,143539,25.67,0.81
670,2021-03-27,BAS,2253,864,1389,1808,431,14,ITF,ITF5,17,Basilicata,Basilicata,559084,145792,26.08,0.4
671,2021-07-07,BAS,5208,2474,2734,2022,3174,12,ITF,ITF5,17,Basilicata,Basilicata,559084,151000,27.01,0.93
672,2021-01-03,BAS,901,344,557,901,0,0,ITF,ITF5,17,Basilicata,Basilicata,559084,151901,27.17,0.16
673,2021-05-09,BAS,4683,2339,2344,2940,1694,49,ITF,ITF5,17,Basilicata,Basilicata,559084,156584,28.01,0.84
674,2021-02-15,BAS,623,233,390,566,43,14,ITF,ITF5,17,Basilicata,Basilicata,559084,157207,28.12,0.11
675,2021-01-29,BAS,617,231,386,63,554,0,ITF,ITF5,17,Basilicata,Basilicata,559084,157824,28.23,0.11
676,2021-03-05,BAS,1859,860,999,1096,750,13,ITF,ITF5,17,Basilicata,Basilicata,559084,159683,28.56,0.33
677,2021-06-13,BAS,3014,1440,1574,2678,308,28,ITF,ITF5,17,Basilicata,Basilicata,559084,162697,29.1,0.54
678,2021-06-23,BAS,3258,1532,1726,2350,876,32,ITF,ITF5,17,Basilicata,Basilicata,559084,165955,29.68,0.58
679,2021-03-13,BAS,1800,890,910,735,1046,19,ITF,ITF5,17,Basilicata,Basilicata,559084,167755,30.01,0.32
680,2021-02-07,BAS,379,159,220,49,330,0,ITF,ITF5,17,Basilicata,Basilicata,559084,168134,30.07,0.07
681,2021-05-18,BAS,5898,2857,3041,3386,2492,20,ITF,ITF5,17,Basilicata,Basilicata,559084,174032,31.13,1.05
682,2021-07-23,BAS,2681,1352,1329,953,1709,19,ITF,ITF5,17,Basilicata,Basilicata,559084,176713,31.61,0.48
683,2021-05-01,BAS,4707,2138,2569,3887,753,67,ITF,ITF5,17,Basilicata,Basilicata,559084,181420,32.45,0.84
684,2021-03-22,BAS,1193,538,655,636,549,8,ITF,ITF5,17,Basilicata,Basilicata,559084,182613,32.66,0.21
685,2021-03-03,BAS,1749,819,930,1167,560,22,ITF,ITF5,17,Basilicata,Basilicata,559084,184362,32.98,0.31
686,2021-05-25,BAS,4199,2114,2085,867,3322,10,ITF,ITF5,17,Basilicata,Basilicata,559084,188561,33.73,0.75
687,2021-02-14,BAS,151,48,103,105,0,46,ITF,ITF5,17,Basilicata,Basilicata,559084,188712,33.75,0.03
688,2021-01-31,BAS,77,24,53,0,77,0,ITF,ITF5,17,Basilicata,Basilicata,559084,188789,33.77,0.01
689,2021-04-29,BAS,4832,2385,2447,4339,421,72,ITF,ITF5,17,Basilicata,Basilicata,559084,193621,34.63,0.86
690,2021-03-17,BAS,1460,612,848,24,1432,4,ITF,ITF5,17,Basilicata,Basilicata,559084,195081,34.89,0.26
691,2021-01-19,BAS,199,84,115,199,0,0,ITF,ITF5,17,Basilicata,Basilicata,559084,195280,34.93,0.04
692,2021-06-25,BAS,3313,1570,1743,2448,832,33,ITF,ITF5,17,Basilicata,Basilicata,559084,198593,35.52,0.59
693,2021-07-04,BAS,3109,1562,1547,2163,921,25,ITF,ITF5,17,Basilicata,Basilicata,559084,201702,36.08,0.56
694,2021-03-24,BAS,1900,725,1175,1480,398,22,ITF,ITF5,17,Basilicata,Basilicata,559084,203602,36.42,0.34
695,2021-06-08,BAS,4585,2194,2391,4190,357,38,ITF,ITF5,17,Basilicata,Basilicata,559084,208187,37.24,0.82
696,2021-04-12,BAS,2172,1052,1120,1653,490,29,ITF,ITF5,17,Basilicata,Basilicata,559084,210359,37.63,0.39
697,2021-07-21,BAS,5849,2943,2906,1614,4202,33,ITF,ITF5,17,Basilicata,Basilicata,559084,216208,38.67,1.05
698,2021-04-19,BAS,4167,1913,2254,2398,1639,130,ITF,ITF5,17,Basilicata,Basilicata,559084,220375,39.42,0.75
699,2021-05-08,BAS,4837,2402,2435,3385,1410,42,ITF,ITF5,17,Basilicata,Basilicata,559084,225212,40.28,0.87
700,2021-03-10,BAS,1682,843,839,834,839,9,ITF,ITF5,17,Basilicata,Basilicata,559084,226894,40.58,0.3
701,2021-07-09,BAS,5345,2613,2732,1699,3637,9,ITF,ITF5,17,Basilicata,Basilicata,559084,232239,41.54,0.96
702,2021-04-17,BAS,3462,1656,1806,2172,1262,28,ITF,ITF5,17,Basilicata,Basilicata,559084,235701,42.16,0.62
703,2021-03-29,BAS,2471,892,1579,2133,287,51,ITF,ITF5,17,Basilicata,Basilicata,559084,238172,42.6,0.44
704,2021-01-05,BAS,947,409,538,947,0,0,ITF,ITF5,17,Basilicata,Basilicata,559084,239119,42.77,0.17
705,2021-06-20,BAS,4011,1884,2127,1941,2036,34,ITF,ITF5,17,Basilicata,Basilicata,559084,243130,43.49,0.72
706,2021-02-26,BAS,2152,904,1248,2065,81,6,ITF,ITF5,17,Basilicata,Basilicata,559084,245282,43.87,0.38
707,2021-05-20,BAS,5878,2977,2901,2883,2967,28,ITF,ITF5,17,Basilicata,Basilicata,559084,251160,44.92,1.05
708,2021-06-06,BAS,4513,2074,2439,3696,779,38,ITF,ITF5,17,Basilicata,Basilicata,559084,255673,45.73,0.81
709,2021-01-12,BAS,217,88,129,217,0,0,ITF,ITF5,17,Basilicata,Basilicata,559084,255890,45.77,0.04
710,2021-05-10,BAS,4804,2382,2422,2718,2042,44,ITF,ITF5,17,Basilicata,Basilicata,559084,260694,46.63,0.86
711,2021-05-27,BAS,3606,1858,1748,1063,2529,14,ITF,ITF5,17,Basilicata,Basilicata,559084,264300,47.27,0.64
712,2021-04-24,BAS,4544,2198,2346,3475,1014,55,ITF,ITF5,17,Basilicata,Basilicata,559084,268844,48.09,0.81
713,2021-06-15,BAS,3223,1418,1805,2228,975,20,ITF,ITF5,17,Basilicata,Basilicata,559084,272067,48.66,0.58
714,2021-02-28,BAS,810,346,464,771,35,4,ITF,ITF5,17,Basilicata,Basilicata,559084,272877,48.81,0.14
715,2021-01-02,BAS,950,381,569,949,0,1,ITF,ITF5,17,Basilicata,Basilicata,559084,273827,48.98,0.17
716,2021-01-16,BAS,722,304,418,722,0,0,ITF,ITF5,17,Basilicata,Basilicata,559084,274549,49.11,0.13
717,2021-04-26,BAS,4467,2166,2301,4200,221,46,ITF,ITF5,17,Basilicata,Basilicata,559084,279016,49.91,0.8
718,2021-01-26,BAS,806,356,450,101,705,0,ITF,ITF5,17,Basilicata,Basilicata,559084,279822,50.05,0.14
719,2021-05-06,BAS,5067,2439,2628,3431,1585,51,ITF,ITF5,17,Basilicata,Basilicata,559084,284889,50.96,0.91
720,2021-05-15,BAS,6528,3344,3184,3874,2571,83,ITF,ITF5,17,Basilicata,Basilicata,559084,291417,52.12,1.17
721,2021-04-02,BAS,2341,1057,1284,1714,605,22,ITF,ITF5,17,Basilicata,Basilicata,559084,293758,52.54,0.42
722,2021-02-04,BAS,1100,444,656,63,1037,0,ITF,ITF5,17,Basilicata,Basilicata,559084,294858,52.74,0.2
723,2021-07-11,BAS,5032,2405,2627,1510,3497,25,ITF,ITF5,17,Basilicata,Basilicata,559084,299890,53.64,0.9
724,2021-02-02,BAS,367,143,224,174,192,1,ITF,ITF5,17,Basilicata,Basilicata,559084,300257,53.71,0.07
725,2021-04-09,BAS,1151,350,801,1064,63,24,ITF,ITF5,17,Basilicata,Basilicata,559084,301408,53.91,0.21
726,2021-07-02,BAS,3690,1838,1852,2484,1177,29,ITF,ITF5,17,Basilicata,Basilicata,559084,305098,54.57,0.66
727,2021-02-11,BAS,952,401,551,867,83,2,ITF,ITF5,17,Basilicata,Basilicata,559084,306050,54.74,0.17
728,2021-04-14,BAS,2043,1001,1042,1353,674,16,ITF,ITF5,17,Basilicata,Basilicata,559084,308093,55.11,0.37
729,2021-01-21,BAS,30,10,20,30,0,0,ITF,ITF5,17,Basilicata,Basilicata,559084,308123,55.11,0.01
730,2021-01-04,BAS,608,271,337,608,0,0,ITF,ITF5,17,Basilicata,Basilicata,559084,308731,55.22,0.11
731,2021-07-06,BAS,4072,1942,2130,2033,2005,34,ITF,ITF5,17,Basilicata,Basilicata,559084,312803,55.95,0.73
732,2021-02-21,BAS,284,113,171,284,0,0,ITF,ITF5,17,Basilicata,Basilicata,559084,313087,56.0,0.05
733,2021-03-07,BAS,891,310,581,842,39,10,ITF,ITF5,17,Basilicata,Basilicata,559084,313978,56.16,0.16
734,2021-01-09,BAS,557,160,397,557,0,0,ITF,ITF5,17,Basilicata,Basilicata,559084,314535,56.26,0.1
735,2021-07-03,BAS,3945,2102,1843,2757,1145,43,ITF,ITF5,17,Basilicata,Basilicata,559084,318480,56.96,0.71
736,2021-03-14,BAS,1010,477,533,529,469,12,ITF,ITF5,17,Basilicata,Basilicata,559084,319490,57.15,0.18
737,2021-03-31,BAS,3101,1262,1839,2289,782,30,ITF,ITF5,17,Basilicata,Basilicata,559084,322591,57.7,0.55
738,2021-07-16,BAS,5931,2899,3032,1802,4095,34,ITF,ITF5,17,Basilicata,Basilicata,559084,328522,58.76,1.06
739,2021-03-19,BAS,2299,996,1303,259,2033,7,ITF,ITF5,17,Basilicata,Basilicata,559084,330821,59.17,0.41
740,2021-02-16,BAS,907,377,530,790,98,19,ITF,ITF5,17,Basilicata,Basilicata,559084,331728,59.33,0.16
741,2021-01-28,BAS,911,405,506,119,792,0,ITF,ITF5,17,Basilicata,Basilicata,559084,332639,59.5,0.16
742,2021-05-22,BAS,5488,2723,2765,1926,3551,11,ITF,ITF5,17,Basilicata,Basilicata,559084,338127,60.48,0.98
743,2021-03-26,BAS,1956,703,1253,1669,260,27,ITF,ITF5,17,Basilicata,Basilicata,559084,340083,60.83,0.35
744,2021-02-13,BAS,800,314,486,701,61,38,ITF,ITF5,17,Basilicata,Basilicata,559084,340883,60.97,0.14
745,2021-07-13,BAS,5856,2825,3031,1773,4035,48,ITF,ITF5,17,Basilicata,Basilicata,559084,346739,62.02,1.05
746,2021-02-27,BAS,1993,861,1132,1812,164,17,ITF,ITF5,17,Basilicata,Basilicata,559084,348732,62.38,0.36
747,2021-01-23,BAS,734,314,420,33,701,0,ITF,ITF5,17,Basilicata,Basilicata,559084,349466,62.51,0.13
748,2021-05-03,BAS,4511,2043,2468,3622,827,62,ITF,ITF5,17,Basilicata,Basilicata,559084,353977,63.31,0.81
749,2021-02-09,BAS,492,213,279,317,175,0,ITF,ITF5,17,Basilicata,Basilicata,559084,354469,63.4,0.09
750,2021-06-21,BAS,4253,2042,2211,2142,2092,19,ITF,ITF5,17,Basilicata,Basilicata,559084,358722,64.16,0.76
751,2021-07-18,BAS,4386,2162,2224,1576,2784,26,ITF,ITF5,17,Basilicata,Basilicata,559084,363108,64.95,0.78
752,2021-06-29,BAS,3857,1882,1975,2792,1039,26,ITF,ITF5,17,Basilicata,Basilicata,559084,366965,65.64,0.69
753,2021-03-21,BAS,1124,516,608,422,699,3,ITF,ITF5,17,Basilicata,Basilicata,559084,368089,65.84,0.2
754,2021-05-29,BAS,3060,1534,1526,826,2225,9,ITF,ITF5,17,Basilicata,Basilicata,559084,371149,66.39,0.55
755,2021-01-14,BAS,969,413,556,969,0,0,ITF,ITF5,17,Basilicata,Basilicata,559084,372118,66.56,0.17
756,2021-04-07,BAS,1211,551,660,1155,36,20,ITF,ITF5,17,Basilicata,Basilicata,559084,373329,66.78,0.22
757,2021-04-25,BAS,2988,1457,1531,2904,52,32,ITF,ITF5,17,Basilicata,Basilicata,559084,376317,67.31,0.53
758,2021-05-12,BAS,4727,2329,2398,2797,1882,48,ITF,ITF5,17,Basilicata,Basilicata,559084,381044,68.16,0.85
759,2021-06-22,BAS,4364,2068,2296,2229,2102,33,ITF,ITF5,17,Basilicata,Basilicata,559084,385408,68.94,0.78
760,2021-06-05,BAS,4800,2210,2590,3824,941,35,ITF,ITF5,17,Basilicata,Basilicata,559084,390208,69.79,0.86
761,2021-02-23,BAS,1902,771,1131,1746,139,17,ITF,ITF5,17,Basilicata,Basilicata,559084,392110,70.13,0.34
762,2021-06-03,BAS,4921,2258,2663,3703,1180,38,ITF,ITF5,17,Basilicata,Basilicata,559084,397031,71.01,0.88
763,2021-03-12,BAS,1912,982,930,782,1103,27,ITF,ITF5,17,Basilicata,Basilicata,559084,398943,71.36,0.34
764,2021-05-17,BAS,5544,2734,2810,3361,2134,49,ITF,ITF5,17,Basilicata,Basilicata,559084,404487,72.35,0.99
765,2021-05-24,BAS,4833,2343,2490,1090,3730,13,ITF,ITF5,17,Basilicata,Basilicata,559084,409320,73.21,0.86
766,2021-06-02,BAS,5960,2805,3155,4376,1543,41,ITF,ITF5,17,Basilicata,Basilicata,559084,415280,74.28,1.07
767,2021-04-18,BAS,3718,1843,1875,2329,1367,22,ITF,ITF5,17,Basilicata,Basilicata,559084,418998,74.94,0.67
768,2021-02-20,BAS,1163,532,631,1044,119,0,ITF,ITF5,17,Basilicata,Basilicata,559084,420161,75.15,0.21
769,2021-05-31,BAS,4229,2009,2220,1713,2508,8,ITF,ITF5,17,Basilicata,Basilicata,559084,424390,75.91,0.76
770,2021-05-07,BAS,4634,2279,2355,3272,1338,24,ITF,ITF5,17,Basilicata,Basilicata,559084,429024,76.74,0.83
771,2021-07-10,BAS,5555,2681,2874,1597,3949,9,ITF,ITF5,17,Basilicata,Basilicata,559084,434579,77.73,0.99
772,2021-05-14,BAS,5907,2799,3108,3273,2531,103,ITF,ITF5,17,Basilicata,Basilicata,559084,440486,78.79,1.06
773,2021-07-20,BAS,5725,2812,2913,1700,3985,40,ITF,ITF5,17,Basilicata,Basilicata,559084,446211,79.81,1.02
774,2021-06-07,BAS,4237,1920,2317,3884,315,38,ITF,ITF5,17,Basilicata,Basilicata,559084,450448,80.57,0.76
775,2021-04-11,BAS,913,359,554,760,124,29,ITF,ITF5,17,Basilicata,Basilicata,559084,451361,80.73,0.16
776,2021-04-04,BAS,610,225,385,191,413,6,ITF,ITF5,17,Basilicata,Basilicata,559084,451971,80.84,0.11
777,2021-07-15,BAS,6497,3220,3277,1671,4801,25,ITF,ITF5,17,Basilicata,Basilicata,559084,458468,82.0,1.16
778,2021-04-06,BAS,1274,465,809,1075,184,15,ITF,ITF5,17,Basilicata,Basilicata,559084,459742,82.23,0.23
779,2021-06-14,BAS,4825,2156,2669,2092,2709,24,ITF,ITF5,17,Basilicata,Basilicata,559084,464567,83.09,0.86
780,2021-03-23,BAS,1592,610,982,1407,168,17,ITF,ITF5,17,Basilicata,Basilicata,559084,466159,83.38,0.28
781,2021-07-01,BAS,3707,1856,1851,2563,1111,33,ITF,ITF5,17,Basilicata,Basilicata,559084,469866,84.04,0.66
782,2021-06-19,BAS,4465,2178,2287,2370,2073,22,ITF,ITF5,17,Basilicata,Basilicata,559084,474331,84.84,0.8
783,2021-03-28,BAS,2143,743,1400,2109,17,17,ITF,ITF5,17,Basilicata,Basilicata,559084,476474,85.22,0.38
784,2021-03-11,BAS,1794,928,866,817,959,18,ITF,ITF5,17,Basilicata,Basilicata,559084,478268,85.54,0.32
785,2021-01-13,BAS,916,387,529,916,0,0,ITF,ITF5,17,Basilicata,Basilicata,559084,479184,85.71,0.16
786,2021-04-23,BAS,4539,2186,2353,3481,999,59,ITF,ITF5,17,Basilicata,Basilicata,559084,483723,86.52,0.81
787,2021-01-30,BAS,707,229,478,129,578,0,ITF,ITF5,17,Basilicata,Basilicata,559084,484430,86.65,0.13
788,2021-03-18,BAS,1353,565,788,17,1327,9,ITF,ITF5,17,Basilicata,Basilicata,559084,485783,86.89,0.24
789,2021-06-26,BAS,3327,1611,1716,2741,558,28,ITF,ITF5,17,Basilicata,Basilicata,559084,489110,87.48,0.6
790,2021-02-08,BAS,559,193,366,151,408,0,ITF,ITF5,17,Basilicata,Basilicata,559084,489669,87.58,0.1
791,2021-05-19,BAS,2872,1499,1373,1183,1676,13,ITF,ITF5,17,Basilicata,Basilicata,559084,492541,88.1,0.51
792,2021-02-25,BAS,1789,738,1051,1732,46,11,ITF,ITF5,17,Basilicata,Basilicata,559084,494330,88.42,0.32
793,2021-02-06,BAS,907,370,537,146,761,0,ITF,ITF5,17,Basilicata,Basilicata,559084,495237,88.58,0.16
794,2021-02-18,BAS,1070,401,669,852,215,3,ITF,ITF5,17,Basilicata,Basilicata,559084,496307,88.77,0.19
795,2021-07-22,BAS,5754,2867,2887,1745,3950,59,ITF,ITF5,17,Basilicata,Basilicata,559084,502061,89.8,1.03
796,2021-03-30,BAS,2794,1182,1612,2433,346,15,ITF,ITF5,17,Basilicata,Basilicata,559084,504855,90.3,0.5
797,2021-07-08,BAS,5137,2429,2708,1854,3259,24,ITF,ITF5,17,Basilicata,Basilicata,559084,509992,91.22,0.92
798,2021-01-06,BAS,294,129,165,294,0,0,ITF,ITF5,17,Basilicata,Basilicata,559084,510286,91.27,0.05
799,2021-04-16,BAS,3323,1635,1688,2400,900,23,ITF,ITF5,17,Basilicata,Basilicata,559084,513609,91.87,0.59
800,2021-04-30,BAS,5286,2376,2910,4066,1163,57,ITF,ITF5,17,Basilicata,Basilicata,559084,518895,92.81,0.95
801,2021-01-20,BAS,85,22,63,84,1,0,ITF,ITF5,17,Basilicata,Basilicata,559084,518980,92.83,0.02
802,2021-03-04,BAS,1889,894,995,1064,802,23,ITF,ITF5,17,Basilicata,Basilicata,559084,520869,93.16,0.34
803,2021-06-12,BAS,3675,1688,1987,2958,678,39,ITF,ITF5,17,Basilicata,Basilicata,559084,524544,93.82,0.66
804,2021-02-01,BAS,243,91,152,46,197,0,ITF,ITF5,17,Basilicata,Basilicata,559084,524787,93.87,0.04
805,2021-05-26,BAS,4488,2259,2229,1677,2782,29,ITF,ITF5,17,Basilicata,Basilicata,559084,529275,94.67,0.8
806,2021-07-05,BAS,3269,1614,1655,2214,1022,33,ITF,ITF5,17,Basilicata,Basilicata,559084,532544,95.25,0.58
807,2021-01-07,BAS,641,319,322,641,0,0,ITF,ITF5,17,Basilicata,Basilicata,559084,533185,95.37,0.11
808,2021-02-19,BAS,1623,738,885,1556,62,5,ITF,ITF5,17,Basilicata,Basilicata,559084,534808,95.66,0.29
809,2021-02-12,BAS,777,332,445,744,32,1,ITF,ITF5,17,Basilicata,Basilicata,559084,535585,95.8,0.14
810,2021-04-10,BAS,1033,378,655,924,83,26,ITF,ITF5,17,Basilicata,Basilicata,559084,536618,95.98,0.18
811,2021-06-24,BAS,4120,1949,2171,2180,1903,37,ITF,ITF5,17,Basilicata,Basilicata,559084,540738,96.72,0.74
812,2021-04-28,BAS,4707,2158,2549,4206,441,60,ITF,ITF5,17,Basilicata,Basilicata,559084,545445,97.56,0.84
813,2021-03-02,BAS,801,387,414,659,137,5,ITF,ITF5,17,Basilicata,Basilicata,559084,546246,97.7,0.14
814,2021-06-10,BAS,4346,2102,2244,3868,441,37,ITF,ITF5,17,Basilicata,Basilicata,559084,550592,98.48,0.78
815,2021-06-17,BAS,4441,2045,2396,2089,2327,25,ITF,ITF5,17,Basilicata,Basilicata,559084,555033,99.28,0.79
816,2021-04-21,BAS,3931,1837,2094,2244,1658,29,ITF,ITF5,17,Basilicata,Basilicata,559084,558964,99.98,0.7
817,2021-01-18,BAS,463,157,306,364,99,0,ITF,ITF5,17,Basilicata,Basilicata,559084,559427,100.06,0.08
818,2021-03-16,BAS,1914,806,1108,226,1685,3,ITF,ITF5,17,Basilicata,Basilicata,559084,561341,100.4,0.34
819,2021-05-05,BAS,4338,2050,2288,3380,891,67,ITF,ITF5,17,Basilicata,Basilicata,559084,565679,101.18,0.78
820,2021-03-09,BAS,1407,718,689,779,610,18,ITF,ITF5,17,Basilicata,Basilicata,559084,567086,101.43,0.25
821,2021-01-25,BAS,1029,430,599,73,955,1,ITF,ITF5,17,Basilicata,Basilicata,559084,568115,101.62,0.18
822,2021-01-11,BAS,183,66,117,183,0,0,ITF,ITF5,17,Basilicata,Basilicata,559084,568298,101.65,0.03
823,2021-07-01,TOS,32039,15504,16535,10720,21052,267,ITI,ITI1,9,Toscana,Toscana,3729641,32039,0.86,0.86
824,2021-03-26,TOS,20680,9393,11287,14716,5766,198,ITI,ITI1,9,Toscana,Toscana,3729641,52719,1.41,0.55
825,2021-03-09,TOS,11133,4570,6563,5506,5552,75,ITI,ITI1,9,Toscana,Toscana,3729641,63852,1.71,0.3
826,2021-04-09,TOS,24604,10583,14021,20750,3410,444,ITI,ITI1,9,Toscana,Toscana,3729641,88456,2.37,0.66
827,2021-07-18,TOS,30355,15260,15095,8336,21811,208,ITI,ITI1,9,Toscana,Toscana,3729641,118811,3.19,0.81
828,2021-06-17,TOS,32534,16668,15866,26659,5545,330,ITI,ITI1,9,Toscana,Toscana,3729641,151345,4.06,0.87
829,2021-02-04,TOS,4253,1594,2659,934,3292,27,ITI,ITI1,9,Toscana,Toscana,3729641,155598,4.17,0.11
830,2021-01-28,TOS,6282,1882,4400,346,5929,7,ITI,ITI1,9,Toscana,Toscana,3729641,161880,4.34,0.17
831,2021-03-19,TOS,10143,4460,5683,7132,2868,143,ITI,ITI1,9,Toscana,Toscana,3729641,172023,4.61,0.27
832,2021-06-05,TOS,28439,13599,14840,20561,7614,264,ITI,ITI1,9,Toscana,Toscana,3729641,200462,5.37,0.76
833,2021-01-11,TOS,5095,1691,3404,4995,0,100,ITI,ITI1,9,Toscana,Toscana,3729641,205557,5.51,0.14
834,2021-04-21,TOS,29622,12677,16945,16862,12130,630,ITI,ITI1,9,Toscana,Toscana,3729641,235179,6.31,0.79
835,2021-02-23,TOS,7723,3325,4398,7219,161,343,ITI,ITI1,9,Toscana,Toscana,3729641,242902,6.51,0.21
836,2021-06-03,TOS,32053,15454,16599,27149,4582,322,ITI,ITI1,9,Toscana,Toscana,3729641,274955,7.37,0.86
837,2021-04-07,TOS,35827,15465,20362,28169,7250,408,ITI,ITI1,9,Toscana,Toscana,3729641,310782,8.33,0.96
838,2021-06-12,TOS,29381,15146,14235,24648,4387,346,ITI,ITI1,9,Toscana,Toscana,3729641,340163,9.12,0.79
839,2021-04-16,TOS,28947,12878,16069,21427,6898,622,ITI,ITI1,9,Toscana,Toscana,3729641,369110,9.9,0.78
840,2021-05-22,TOS,26019,12659,13360,21458,4287,274,ITI,ITI1,9,Toscana,Toscana,3729641,395129,10.59,0.7
841,2021-05-05,TOS,30118,13444,16674,14877,14520,721,ITI,ITI1,9,Toscana,Toscana,3729641,425247,11.4,0.81
842,2021-02-28,TOS,1649,667,982,851,727,71,ITI,ITI1,9,Toscana,Toscana,3729641,426896,11.45,0.04
843,2021-02-11,TOS,5384,2022,3362,5064,242,78,ITI,ITI1,9,Toscana,Toscana,3729641,432280,11.59,0.14
844,2021-02-09,TOS,4488,1468,3020,3763,611,114,ITI,ITI1,9,Toscana,Toscana,3729641,436768,11.71,0.12
845,2021-01-16,TOS,3271,1046,2225,3213,0,58,ITI,ITI1,9,Toscana,Toscana,3729641,440039,11.8,0.09
846,2021-04-26,TOS,10146,4933,5213,7460,2554,132,ITI,ITI1,9,Toscana,Toscana,3729641,450185,12.07,0.27
847,2021-01-02,TOS,3498,1096,2402,3454,0,44,ITI,ITI1,9,Toscana,Toscana,3729641,453683,12.16,0.09
848,2021-03-07,TOS,5647,2357,3290,1997,3544,106,ITI,ITI1,9,Toscana,Toscana,3729641,459330,12.32,0.15
849,2021-06-22,TOS,31016,15604,15412,22437,8205,374,ITI,ITI1,9,Toscana,Toscana,3729641,490346,13.15,0.83
850,2021-05-17,TOS,29759,14873,14886,20625,8933,201,ITI,ITI1,9,Toscana,Toscana,3729641,520105,13.95,0.8
851,2021-03-21,TOS,3294,1628,1666,1819,1433,42,ITI,ITI1,9,Toscana,Toscana,3729641,523399,14.03,0.09
852,2021-01-23,TOS,3966,1360,2606,634,3326,6,ITI,ITI1,9,Toscana,Toscana,3729641,527365,14.14,0.11
853,2021-06-29,TOS,36998,18014,18984,7974,28882,142,ITI,ITI1,9,Toscana,Toscana,3729641,564363,15.13,0.99
854,2021-05-03,TOS,11929,5509,6420,10369,1319,241,ITI,ITI1,9,Toscana,Toscana,3729641,576292,15.45,0.32
855,2021-07-13,TOS,29319,14726,14593,7711,21438,170,ITI,ITI1,9,Toscana,Toscana,3729641,605611,16.24,0.79
856,2021-04-02,TOS,31990,13571,18419,23714,8028,248,ITI,ITI1,9,Toscana,Toscana,3729641,637601,17.1,0.86
857,2021-07-11,TOS,26113,12684,13429,9131,16815,167,ITI,ITI1,9,Toscana,Toscana,3729641,663714,17.8,0.7
858,2021-06-24,TOS,29427,14607,14820,19299,9740,388,ITI,ITI1,9,Toscana,Toscana,3729641,693141,18.58,0.79
859,2021-05-15,TOS,29344,13853,15491,22864,5892,588,ITI,ITI1,9,Toscana,Toscana,3729641,722485,19.37,0.79
860,2021-04-28,TOS,19123,8180,10943,3465,15310,348,ITI,ITI1,9,Toscana,Toscana,3729641,741608,19.88,0.51
861,2021-02-18,TOS,8822,3285,5537,7744,896,182,ITI,ITI1,9,Toscana,Toscana,3729641,750430,20.12,0.24
862,2021-05-29,TOS,31568,15261,16307,23172,8169,227,ITI,ITI1,9,Toscana,Toscana,3729641,781998,20.97,0.85
863,2021-03-23,TOS,9429,4402,5027,6964,2275,190,ITI,ITI1,9,Toscana,Toscana,3729641,791427,21.22,0.25
864,2021-02-16,TOS,9280,3340,5940,8329,721,230,ITI,ITI1,9,Toscana,Toscana,3729641,800707,21.47,0.25
865,2021-05-02,TOS,11167,4931,6236,8968,1964,235,ITI,ITI1,9,Toscana,Toscana,3729641,811874,21.77,0.3
866,2021-02-25,TOS,10633,4306,6327,9471,998,164,ITI,ITI1,9,Toscana,Toscana,3729641,822507,22.05,0.29
867,2021-01-21,TOS,1589,686,903,858,722,9,ITI,ITI1,9,Toscana,Toscana,3729641,824096,22.1,0.04
868,2021-06-02,TOS,27590,13617,13973,21856,5506,228,ITI,ITI1,9,Toscana,Toscana,3729641,851686,22.84,0.74
869,2021-04-06,TOS,22227,9824,12403,18095,3719,413,ITI,ITI1,9,Toscana,Toscana,3729641,873913,23.43,0.6
870,2021-02-08,TOS,4099,1362,2737,3529,459,111,ITI,ITI1,9,Toscana,Toscana,3729641,878012,23.54,0.11
871,2021-07-15,TOS,31147,15238,15909,8072,22836,239,ITI,ITI1,9,Toscana,Toscana,3729641,909159,24.38,0.84
872,2021-05-19,TOS,27960,13579,14381,18624,9056,280,ITI,ITI1,9,Toscana,Toscana,3729641,937119,25.13,0.75
873,2021-04-13,TOS,8489,3505,4984,5751,2458,280,ITI,ITI1,9,Toscana,Toscana,3729641,945608,25.35,0.23
874,2021-03-02,TOS,10599,3799,6800,7046,3444,109,ITI,ITI1,9,Toscana,Toscana,3729641,956207,25.64,0.28
875,2021-01-04,TOS,5065,1895,3170,5000,0,65,ITI,ITI1,9,Toscana,Toscana,3729641,961272,25.77,0.14
876,2021-04-14,TOS,20187,8349,11838,14540,5111,536,ITI,ITI1,9,Toscana,Toscana,3729641,981459,26.32,0.54
877,2021-06-14,TOS,31789,16324,15465,27400,4108,281,ITI,ITI1,9,Toscana,Toscana,3729641,1013248,27.17,0.85
878,2021-03-28,TOS,6212,2808,3404,5880,254,78,ITI,ITI1,9,Toscana,Toscana,3729641,1019460,27.33,0.17
879,2021-01-30,TOS,4622,1622,3000,179,4425,18,ITI,ITI1,9,Toscana,Toscana,3729641,1024082,27.46,0.12
880,2021-07-06,TOS,25770,13025,12745,11046,14506,218,ITI,ITI1,9,Toscana,Toscana,3729641,1049852,28.15,0.69
881,2021-05-10,TOS,26206,12399,13807,15330,10632,244,ITI,ITI1,9,Toscana,Toscana,3729641,1076058,28.85,0.7
882,2021-03-14,TOS,7174,2569,4605,3150,3935,89,ITI,ITI1,9,Toscana,Toscana,3729641,1083232,29.04,0.19
883,2021-06-10,TOS,26387,13539,12848,25500,546,341,ITI,ITI1,9,Toscana,Toscana,3729641,1109619,29.75,0.71
884,2021-05-24,TOS,33737,16715,17022,23857,9578,302,ITI,ITI1,9,Toscana,Toscana,3729641,1143356,30.66,0.9
885,2021-01-25,TOS,5127,1895,3232,242,4880,5,ITI,ITI1,9,Toscana,Toscana,3729641,1148483,30.79,0.14
886,2021-04-18,TOS,8360,4091,4269,7061,1029,270,ITI,ITI1,9,Toscana,Toscana,3729641,1156843,31.02,0.22
887,2021-07-20,TOS,37201,19040,18161,7939,29080,182,ITI,ITI1,9,Toscana,Toscana,3729641,1194044,32.01,1.0
888,2021-01-09,TOS,4485,1596,2889,4419,0,66,ITI,ITI1,9,Toscana,Toscana,3729641,1198529,32.14,0.12
889,2021-03-18,TOS,9980,3984,5996,5870,3972,138,ITI,ITI1,9,Toscana,Toscana,3729641,1208509,32.4,0.27
890,2021-06-26,TOS,34531,16754,17777,9993,24312,226,ITI,ITI1,9,Toscana,Toscana,3729641,1243040,33.33,0.93
891,2020-12-30,TOS,327,104,223,326,0,1,ITI,ITI1,9,Toscana,Toscana,3729641,1243367,33.34,0.01
892,2021-05-12,TOS,34204,15576,18628,13581,20036,587,ITI,ITI1,9,Toscana,Toscana,3729641,1277571,34.25,0.92
893,2021-01-18,TOS,1120,637,483,972,98,50,ITI,ITI1,9,Toscana,Toscana,3729641,1278691,34.28,0.03
894,2021-02-01,TOS,5509,1958,3551,511,4988,10,ITI,ITI1,9,Toscana,Toscana,3729641,1284200,34.43,0.15
895,2021-06-28,TOS,37669,18124,19545,8440,29064,165,ITI,ITI1,9,Toscana,Toscana,3729641,1321869,35.44,1.01
896,2021-01-20,TOS,1332,638,694,1021,248,63,ITI,ITI1,9,Toscana,Toscana,3729641,1323201,35.48,0.04
897,2021-04-30,TOS,40198,17787,22411,19652,19896,650,ITI,ITI1,9,Toscana,Toscana,3729641,1363399,36.56,1.08
898,2021-04-25,TOS,11058,5248,5810,8758,2140,160,ITI,ITI1,9,Toscana,Toscana,3729641,1374457,36.85,0.3
899,2021-01-13,TOS,4062,1398,2664,3998,0,64,ITI,ITI1,9,Toscana,Toscana,3729641,1378519,36.96,0.11
900,2021-04-23,TOS,25653,11419,14234,8837,16314,502,ITI,ITI1,9,Toscana,Toscana,3729641,1404172,37.65,0.69
901,2021-07-22,TOS,38890,19543,19347,4481,34246,163,ITI,ITI1,9,Toscana,Toscana,3729641,1443062,38.69,1.04
902,2021-05-26,TOS,35594,17104,18490,20124,15202,268,ITI,ITI1,9,Toscana,Toscana,3729641,1478656,39.65,0.95
903,2021-03-30,TOS,17023,7643,9380,13268,3567,188,ITI,ITI1,9,Toscana,Toscana,3729641,1495679,40.1,0.46
904,2021-07-08,TOS,21050,10345,10705,9251,11559,240,ITI,ITI1,9,Toscana,Toscana,3729641,1516729,40.67,0.56
905,2021-03-04,TOS,17848,6951,10897,14617,3082,149,ITI,ITI1,9,Toscana,Toscana,3729641,1534577,41.15,0.48
906,2021-06-21,TOS,31178,15478,15700,18135,12787,256,ITI,ITI1,9,Toscana,Toscana,3729641,1565755,41.98,0.84
907,2021-01-06,TOS,4519,1460,3059,4467,0,52,ITI,ITI1,9,Toscana,Toscana,3729641,1570274,42.1,0.12
908,2021-03-11,TOS,15899,6350,9549,12395,3329,175,ITI,ITI1,9,Toscana,Toscana,3729641,1586173,42.53,0.43
909,2021-06-19,TOS,26468,13891,12577,21383,4757,328,ITI,ITI1,9,Toscana,Toscana,3729641,1612641,43.24,0.71
910,2021-07-10,TOS,29289,14174,15115,7957,21150,182,ITI,ITI1,9,Toscana,Toscana,3729641,1641930,44.02,0.79
911,2021-05-07,TOS,32142,14706,17436,11568,20166,408,ITI,ITI1,9,Toscana,Toscana,3729641,1674072,44.89,0.86
912,2021-06-09,TOS,34821,17570,17251,33942,463,416,ITI,ITI1,9,Toscana,Toscana,3729641,1708893,45.82,0.93
913,2021-04-04,TOS,13922,6609,7313,13508,253,161,ITI,ITI1,9,Toscana,Toscana,3729641,1722815,46.19,0.37
914,2021-03-16,TOS,4900,1883,3017,2565,2252,83,ITI,ITI1,9,Toscana,Toscana,3729641,1727715,46.32,0.13
915,2021-02-27,TOS,1984,756,1228,1007,902,75,ITI,ITI1,9,Toscana,Toscana,3729641,1729699,46.38,0.05
916,2021-04-27,TOS,10356,4917,5439,3666,6489,201,ITI,ITI1,9,Toscana,Toscana,3729641,1740055,46.65,0.28
917,2021-07-19,TOS,37913,18864,19049,8812,28872,229,ITI,ITI1,9,Toscana,Toscana,3729641,1777968,47.67,1.02
918,2021-02-20,TOS,4640,1789,2851,3995,513,132,ITI,ITI1,9,Toscana,Toscana,3729641,1782608,47.8,0.12
919,2021-05-31,TOS,30328,14636,15692,19260,10827,241,ITI,ITI1,9,Toscana,Toscana,3729641,1812936,48.61,0.81
920,2021-05-14,TOS,33355,15434,17921,20020,12701,634,ITI,ITI1,9,Toscana,Toscana,3729641,1846291,49.5,0.89
921,2020-12-27,TOS,620,267,353,615,0,5,ITI,ITI1,9,Toscana,Toscana,3729641,1846911,49.52,0.02
922,2021-01-03,TOS,3336,1052,2284,3290,0,46,ITI,ITI1,9,Toscana,Toscana,3729641,1850247,49.61,0.09
923,2021-02-15,TOS,8770,3376,5394,7775,826,169,ITI,ITI1,9,Toscana,Toscana,3729641,1859017,49.84,0.24
924,2021-02-05,TOS,5750,2245,3505,1890,3826,34,ITI,ITI1,9,Toscana,Toscana,3729641,1864767,50.0,0.15
925,2021-05-16,TOS,26676,12886,13790,23889,2467,320,ITI,ITI1,9,Toscana,Toscana,3729641,1891443,50.71,0.72
926,2021-05-11,TOS,27950,12984,14966,12113,15469,368,ITI,ITI1,9,Toscana,Toscana,3729641,1919393,51.46,0.75
927,2021-03-20,TOS,6587,2978,3609,5364,1136,87,ITI,ITI1,9,Toscana,Toscana,3729641,1925980,51.64,0.18
928,2021-01-22,TOS,2866,1064,1802,525,2338,3,ITI,ITI1,9,Toscana,Toscana,3729641,1928846,51.72,0.08
929,2021-07-07,TOS,25627,12601,13026,9336,16107,184,ITI,ITI1,9,Toscana,Toscana,3729641,1954473,52.4,0.69
930,2021-06-07,TOS,34940,17140,17800,30963,3646,331,ITI,ITI1,9,Toscana,Toscana,3729641,1989413,53.34,0.94
931,2021-05-21,TOS,28922,13479,15443,17203,11444,275,ITI,ITI1,9,Toscana,Toscana,3729641,2018335,54.12,0.78
932,2021-03-01,TOS,4474,1734,2740,767,3641,66,ITI,ITI1,9,Toscana,Toscana,3729641,2022809,54.24,0.12
933,2021-02-22,TOS,9818,4254,5564,9169,277,372,ITI,ITI1,9,Toscana,Toscana,3729641,2032627,54.5,0.26
934,2021-02-13,TOS,7786,2361,5425,7416,227,143,ITI,ITI1,9,Toscana,Toscana,3729641,2040413,54.71,0.21
935,2021-01-08,TOS,5947,1643,4304,5854,0,93,ITI,ITI1,9,Toscana,Toscana,3729641,2046360,54.87,0.16
936,2021-07-12,TOS,28252,13986,14266,9666,18292,294,ITI,ITI1,9,Toscana,Toscana,3729641,2074612,55.62,0.76
937,2021-04-01,TOS,27061,11233,15828,16166,10663,232,ITI,ITI1,9,Toscana,Toscana,3729641,2101673,56.35,0.73
938,2021-01-01,TOS,2370,788,1582,2325,0,45,ITI,ITI1,9,Toscana,Toscana,3729641,2104043,56.41,0.06
939,2021-04-11,TOS,3645,1680,1965,3337,155,153,ITI,ITI1,9,Toscana,Toscana,3729641,2107688,56.51,0.1
940,2021-07-03,TOS,29371,14793,14578,11851,17146,374,ITI,ITI1,9,Toscana,Toscana,3729641,2137059,57.3,0.79
941,2021-03-06,TOS,7110,2852,4258,2832,4196,82,ITI,ITI1,9,Toscana,Toscana,3729641,2144169,57.49,0.19
942,2021-02-03,TOS,4222,1452,2770,237,3981,4,ITI,ITI1,9,Toscana,Toscana,3729641,2148391,57.6,0.11
943,2021-01-15,TOS,3879,1348,2531,3819,0,60,ITI,ITI1,9,Toscana,Toscana,3729641,2152270,57.71,0.1
944,2021-03-27,TOS,8863,4154,4709,8514,215,134,ITI,ITI1,9,Toscana,Toscana,3729641,2161133,57.94,0.24
945,2021-06-30,TOS,38248,18504,19744,8452,29583,213,ITI,ITI1,9,Toscana,Toscana,3729641,2199381,58.97,1.03
946,2021-02-14,TOS,9000,2569,6431,8740,110,150,ITI,ITI1,9,Toscana,Toscana,3729641,2208381,59.21,0.24
947,2021-05-25,TOS,34177,16497,17680,19263,14630,284,ITI,ITI1,9,Toscana,Toscana,3729641,2242558,60.13,0.92
948,2021-03-29,TOS,9675,4832,4843,9219,325,131,ITI,ITI1,9,Toscana,Toscana,3729641,2252233,60.39,0.26
949,2021-03-13,TOS,9288,3310,5978,5172,3964,152,ITI,ITI1,9,Toscana,Toscana,3729641,2261521,60.64,0.25
950,2021-07-14,TOS,28781,14212,14569,8564,19973,244,ITI,ITI1,9,Toscana,Toscana,3729641,2290302,61.41,0.77
951,2021-01-29,TOS,6144,1700,4444,292,5840,12,ITI,ITI1,9,Toscana,Toscana,3729641,2296446,61.57,0.16
952,2021-05-09,TOS,22534,9769,12765,9420,12860,254,ITI,ITI1,9,Toscana,Toscana,3729641,2318980,62.18,0.6
953,2021-05-23,TOS,28418,13662,14756,25566,2560,292,ITI,ITI1,9,Toscana,Toscana,3729641,2347398,62.94,0.76
954,2021-02-10,TOS,4263,1281,2982,3584,523,156,ITI,ITI1,9,Toscana,Toscana,3729641,2351661,63.05,0.11
955,2021-05-04,TOS,18317,8217,10100,12429,5454,434,ITI,ITI1,9,Toscana,Toscana,3729641,2369978,63.54,0.49
956,2021-01-17,TOS,2536,871,1665,1987,514,35,ITI,ITI1,9,Toscana,Toscana,3729641,2372514,63.61,0.07
957,2021-07-05,TOS,30492,15069,15423,10339,19925,228,ITI,ITI1,9,Toscana,Toscana,3729641,2403006,64.43,0.82
958,2021-03-08,TOS,6708,2946,3762,1844,4820,44,ITI,ITI1,9,Toscana,Toscana,3729641,2409714,64.61,0.18
959,2021-06-16,TOS,31752,16256,15496,26258,5178,316,ITI,ITI1,9,Toscana,Toscana,3729641,2441466,65.46,0.85
960,2021-05-30,TOS,28688,13947,14741,21499,6947,242,ITI,ITI1,9,Toscana,Toscana,3729641,2470154,66.23,0.77
961,2021-06-18,TOS,30786,16247,14539,24990,5400,396,ITI,ITI1,9,Toscana,Toscana,3729641,2500940,67.06,0.83
962,2021-03-25,TOS,23897,10377,13520,15297,8352,248,ITI,ITI1,9,Toscana,Toscana,3729641,2524837,67.7,0.64
963,2021-04-12,TOS,2623,1191,1432,1802,654,167,ITI,ITI1,9,Toscana,Toscana,3729641,2527460,67.77,0.07
964,2021-07-21,TOS,38401,19594,18807,7327,30844,230,ITI,ITI1,9,Toscana,Toscana,3729641,2565861,68.8,1.03
965,2021-05-13,TOS,35119,15522,19597,13201,21278,640,ITI,ITI1,9,Toscana,Toscana,3729641,2600980,69.74,0.94
966,2021-03-15,TOS,8699,3646,5053,4084,4443,172,ITI,ITI1,9,Toscana,Toscana,3729641,2609679,69.97,0.23
967,2021-06-23,TOS,31514,15276,16238,19788,11375,351,ITI,ITI1,9,Toscana,Toscana,3729641,2641193,70.82,0.84
968,2021-01-10,TOS,3002,1105,1897,2948,0,54,ITI,ITI1,9,Toscana,Toscana,3729641,2644195,70.9,0.08
969,2021-04-20,TOS,18160,8110,10050,12228,5575,357,ITI,ITI1,9,Toscana,Toscana,3729641,2662355,71.38,0.49
970,2021-04-03,TOS,15014,6646,8368,13675,1126,213,ITI,ITI1,9,Toscana,Toscana,3729641,2677369,71.79,0.4
971,2021-01-27,TOS,4835,1573,3262,201,4629,5,ITI,ITI1,9,Toscana,Toscana,3729641,2682204,71.92,0.13
972,2021-05-27,TOS,28353,13197,15156,13269,14861,223,ITI,ITI1,9,Toscana,Toscana,3729641,2710557,72.68,0.76
973,2021-05-08,TOS,29150,13112,16038,13287,15472,391,ITI,ITI1,9,Toscana,Toscana,3729641,2739707,73.46,0.78
974,2021-03-12,TOS,16980,6618,10362,13270,3528,182,ITI,ITI1,9,Toscana,Toscana,3729641,2756687,73.91,0.46
975,2021-01-14,TOS,3255,1179,2076,3220,0,35,ITI,ITI1,9,Toscana,Toscana,3729641,2759942,74.0,0.09
976,2021-06-20,TOS,25175,12485,12690,15420,9517,238,ITI,ITI1,9,Toscana,Toscana,3729641,2785117,74.68,0.67
977,2021-04-24,TOS,13435,6168,7267,5620,7447,368,ITI,ITI1,9,Toscana,Toscana,3729641,2798552,75.04,0.36
978,2021-07-16,TOS,27602,14012,13590,7683,19678,241,ITI,ITI1,9,Toscana,Toscana,3729641,2826154,75.78,0.74
979,2021-05-20,TOS,29759,13910,15849,18608,10839,312,ITI,ITI1,9,Toscana,Toscana,3729641,2855913,76.57,0.8
980,2021-01-31,TOS,3050,1129,1921,103,2944,3,ITI,ITI1,9,Toscana,Toscana,3729641,2858963,76.66,0.08
981,2021-04-05,TOS,15285,6826,8459,14376,737,172,ITI,ITI1,9,Toscana,Toscana,3729641,2874248,77.07,0.41
982,2021-02-07,TOS,2808,954,1854,867,1921,20,ITI,ITI1,9,Toscana,Toscana,3729641,2877056,77.14,0.08
983,2021-04-29,TOS,39316,17710,21606,18574,20085,657,ITI,ITI1,9,Toscana,Toscana,3729641,2916372,78.19,1.05
984,2021-03-24,TOS,20018,8304,11714,10419,9458,141,ITI,ITI1,9,Toscana,Toscana,3729641,2936390,78.73,0.54
985,2021-02-21,TOS,5105,2089,3016,4730,170,205,ITI,ITI1,9,Toscana,Toscana,3729641,2941495,78.87,0.14
986,2021-06-01,TOS,26950,13394,13556,22868,3837,245,ITI,ITI1,9,Toscana,Toscana,3729641,2968445,79.59,0.72
987,2021-07-02,TOS,28188,14135,14053,10802,17107,279,ITI,ITI1,9,Toscana,Toscana,3729641,2996633,80.35,0.76
988,2021-06-15,TOS,31189,16057,15132,26287,4569,333,ITI,ITI1,9,Toscana,Toscana,3729641,3027822,81.18,0.84
989,2021-03-10,TOS,18376,7411,10965,14254,4018,104,ITI,ITI1,9,Toscana,Toscana,3729641,3046198,81.68,0.49
990,2021-02-12,TOS,7618,2694,4924,7296,213,109,ITI,ITI1,9,Toscana,Toscana,3729641,3053816,81.88,0.2
991,2021-01-26,TOS,5393,1792,3601,216,5173,4,ITI,ITI1,9,Toscana,Toscana,3729641,3059209,82.02,0.14
992,2021-07-04,TOS,31511,15296,16215,9367,21857,287,ITI,ITI1,9,Toscana,Toscana,3729641,3090720,82.87,0.84
993,2020-12-31,TOS,802,201,601,798,0,4,ITI,ITI1,9,Toscana,Toscana,3729641,3091522,82.89,0.02
994,2021-04-10,TOS,11724,5351,6373,10748,743,233,ITI,ITI1,9,Toscana,Toscana,3729641,3103246,83.2,0.31
995,2021-06-27,TOS,33294,16072,17222,5922,27244,128,ITI,ITI1,9,Toscana,Toscana,3729641,3136540,84.1,0.89
996,2021-05-01,TOS,23321,10067,13254,13725,9186,410,ITI,ITI1,9,Toscana,Toscana,3729641,3159861,84.72,0.63
997,2021-03-05,TOS,16878,6689,10189,11947,4755,176,ITI,ITI1,9,Toscana,Toscana,3729641,3176739,85.18,0.45
998,2021-06-13,TOS,24608,12347,12261,22601,1659,348,ITI,ITI1,9,Toscana,Toscana,3729641,3201347,85.84,0.66
999,2021-03-17,TOS,11422,4587,6835,6800,4529,93,ITI,ITI1,9,Toscana,Toscana,3729641,3212769,86.14,0.31
1000,2021-06-25,TOS,33605,16793,16812,12110,21220,275,ITI,ITI1,9,Toscana,Toscana,3729641,3246374,87.04,0.9
1001,2021-06-08,TOS,32591,16717,15874,31746,488,357,ITI,ITI1,9,Toscana,Toscana,3729641,3278965,87.92,0.87
1002,2021-02-26,TOS,10081,3834,6247,8660,1206,215,ITI,ITI1,9,Toscana,Toscana,3729641,3289046,88.19,0.27
1003,2021-06-06,TOS,28307,13655,14652,22586,5362,359,ITI,ITI1,9,Toscana,Toscana,3729641,3317353,88.95,0.76
1004,2021-03-31,TOS,32716,13257,19459,20224,12166,326,ITI,ITI1,9,Toscana,Toscana,3729641,3350069,89.82,0.88
1005,2021-07-09,TOS,29109,14100,15009,7708,21209,192,ITI,ITI1,9,Toscana,Toscana,3729641,3379178,90.6,0.78
1006,2021-03-22,TOS,5254,2766,2488,4679,446,129,ITI,ITI1,9,Toscana,Toscana,3729641,3384432,90.74,0.14
1007,2021-07-23,TOS,14043,7051,6992,1332,12662,49,ITI,ITI1,9,Toscana,Toscana,3729641,3398475,91.12,0.38
1008,2021-05-18,TOS,28840,14273,14567,19744,8824,272,ITI,ITI1,9,Toscana,Toscana,3729641,3427315,91.89,0.77
1009,2021-05-06,TOS,31343,13633,17710,13481,17182,680,ITI,ITI1,9,Toscana,Toscana,3729641,3458658,92.73,0.84
1010,2021-04-19,TOS,9098,4511,4587,7756,1032,310,ITI,ITI1,9,Toscana,Toscana,3729641,3467756,92.98,0.24
1011,2021-04-17,TOS,20537,9208,11329,17921,2136,480,ITI,ITI1,9,Toscana,Toscana,3729641,3488293,93.53,0.55
1012,2021-01-24,TOS,3350,1073,2277,198,3149,3,ITI,ITI1,9,Toscana,Toscana,3729641,3491643,93.62,0.09
1013,2021-01-07,TOS,6018,1751,4267,5932,0,86,ITI,ITI1,9,Toscana,Toscana,3729641,3497661,93.78,0.16
1014,2021-02-19,TOS,8292,2952,5340,7602,513,177,ITI,ITI1,9,Toscana,Toscana,3729641,3505953,94.0,0.22
1015,2021-02-02,TOS,3742,1475,2267,189,3546,7,ITI,ITI1,9,Toscana,Toscana,3729641,3509695,94.1,0.1
1016,2021-02-06,TOS,4527,1550,2977,1262,3233,32,ITI,ITI1,9,Toscana,Toscana,3729641,3514222,94.22,0.12
1017,2021-07-17,TOS,27730,14329,13401,8965,18528,237,ITI,ITI1,9,Toscana,Toscana,3729641,3541952,94.97,0.74
1018,2021-06-11,TOS,29736,15480,14256,24726,4656,354,ITI,ITI1,9,Toscana,Toscana,3729641,3571688,95.76,0.8
1019,2021-04-15,TOS,24404,10196,14208,15304,8574,526,ITI,ITI1,9,Toscana,Toscana,3729641,3596092,96.42,0.65
1020,2021-02-17,TOS,8176,3170,5006,7305,752,119,ITI,ITI1,9,Toscana,Toscana,3729641,3604268,96.64,0.22
1021,2021-05-28,TOS,30114,13946,16168,17421,12466,227,ITI,ITI1,9,Toscana,Toscana,3729641,3634382,97.45,0.81
1022,2021-04-22,TOS,35700,15293,20407,17390,17487,823,ITI,ITI1,9,Toscana,Toscana,3729641,3670082,98.4,0.96
1023,2021-02-24,TOS,10371,4467,5904,10040,197,134,ITI,ITI1,9,Toscana,Toscana,3729641,3680453,98.68,0.28
1024,2021-06-04,TOS,28312,13429,14883,20257,7793,262,ITI,ITI1,9,Toscana,Toscana,3729641,3708765,99.44,0.76
1025,2021-04-08,TOS,29684,12557,17127,22938,6386,360,ITI,ITI1,9,Toscana,Toscana,3729641,3738449,100.24,0.8
1026,2021-03-03,TOS,18228,6539,11689,14498,3606,124,ITI,ITI1,9,Toscana,Toscana,3729641,3756677,100.72,0.49
1027,2021-01-05,TOS,5249,1755,3494,5193,0,56,ITI,ITI1,9,Toscana,Toscana,3729641,3761926,100.87,0.14
1028,2021-01-19,TOS,1106,533,573,1064,0,42,ITI,ITI1,9,Toscana,Toscana,3729641,3763032,100.9,0.03
1029,2021-01-12,TOS,3581,1398,2183,3508,0,73,ITI,ITI1,9,Toscana,Toscana,3729641,3766613,100.99,0.1
1030,2021-01-27,VDA,152,72,80,79,73,0,ITC,ITC2,2,Valle d'Aosta / Vallée d'Aoste,Valle d'Aosta,125666,152,0.12,0.12
1031,2021-04-20,VDA,933,430,503,707,194,32,ITC,ITC2,2,Valle d'Aosta / Vallée d'Aoste,Valle d'Aosta,125666,1085,0.86,0.74
1032,2021-01-10,VDA,220,71,149,208,0,12,ITC,ITC2,2,Valle d'Aosta / Vallée d'Aoste,Valle d'Aosta,125666,1305,1.04,0.18
1033,2020-12-27,VDA,20,9,11,20,0,0,ITC,ITC2,2,Valle d'Aosta / Vallée d'Aoste,Valle d'Aosta,125666,1325,1.05,0.02
1034,2021-03-08,VDA,485,233,252,237,245,3,ITC,ITC2,2,Valle d'Aosta / Vallée d'Aoste,Valle d'Aosta,125666,1810,1.44,0.39
1035,2021-05-04,VDA,1135,510,625,434,673,28,ITC,ITC2,2,Valle d'Aosta / Vallée d'Aoste,Valle d'Aosta,125666,2945,2.34,0.9
1036,2021-06-16,VDA,683,365,318,639,40,4,ITC,ITC2,2,Valle d'Aosta / Vallée d'Aoste,Valle d'Aosta,125666,3628,2.89,0.54
1037,2021-03-15,VDA,362,123,239,150,203,9,ITC,ITC2,2,Valle d'Aosta / Vallée d'Aoste,Valle d'Aosta,125666,3990,3.18,0.29
1038,2021-05-11,VDA,647,325,322,468,151,28,ITC,ITC2,2,Valle d'Aosta / Vallée d'Aoste,Valle d'Aosta,125666,4637,3.69,0.51
1039,2021-04-27,VDA,978,423,555,650,292,36,ITC,ITC2,2,Valle d'Aosta / Vallée d'Aoste,Valle d'Aosta,125666,5615,4.47,0.78
1040,2021-01-17,VDA,131,56,75,131,0,0,ITC,ITC2,2,Valle d'Aosta / Vallée d'Aoste,Valle d'Aosta,125666,5746,4.57,0.1
1041,2021-06-23,VDA,1043,551,492,423,616,4,ITC,ITC2,2,Valle d'Aosta / Vallée d'Aoste,Valle d'Aosta,125666,6789,5.4,0.83
1042,2021-05-30,VDA,865,429,436,682,171,12,ITC,ITC2,2,Valle d'Aosta / Vallée d'Aoste,Valle d'Aosta,125666,7654,6.09,0.69
1043,2021-05-28,VDA,975,414,561,544,412,19,ITC,ITC2,2,Valle d'Aosta / Vallée d'Aoste,Valle d'Aosta,125666,8629,6.87,0.78
1044,2021-02-17,VDA,327,144,183,223,100,4,ITC,ITC2,2,Valle d'Aosta / Vallée d'Aoste,Valle d'Aosta,125666,8956,7.13,0.26
1045,2021-02-03,VDA,351,114,237,14,337,0,ITC,ITC2,2,Valle d'Aosta / Vallée d'Aoste,Valle d'Aosta,125666,9307,7.41,0.28
1046,2021-04-01,VDA,778,394,384,747,12,19,ITC,ITC2,2,Valle d'Aosta / Vallée d'Aoste,Valle d'Aosta,125666,10085,8.03,0.62
1047,2021-07-19,VDA,877,460,417,257,620,0,ITC,ITC2,2,Valle d'Aosta / Vallée d'Aoste,Valle d'Aosta,125666,10962,8.72,0.7
1048,2021-02-05,VDA,294,102,192,101,193,0,ITC,ITC2,2,Valle d'Aosta / Vallée d'Aoste,Valle d'Aosta,125666,11256,8.96,0.23
1049,2021-02-22,VDA,316,94,222,210,103,3,ITC,ITC2,2,Valle d'Aosta / Vallée d'Aoste,Valle d'Aosta,125666,11572,9.21,0.25
1050,2021-05-16,VDA,688,341,347,339,341,8,ITC,ITC2,2,Valle d'Aosta / Vallée d'Aoste,Valle d'Aosta,125666,12260,9.76,0.55
1051,2021-07-12,VDA,978,483,495,239,731,8,ITC,ITC2,2,Valle d'Aosta / Vallée d'Aoste,Valle d'Aosta,125666,13238,10.53,0.78
1052,2021-04-03,VDA,676,341,335,649,15,12,ITC,ITC2,2,Valle d'Aosta / Vallée d'Aoste,Valle d'Aosta,125666,13914,11.07,0.54
1053,2021-03-20,VDA,208,86,122,167,36,5,ITC,ITC2,2,Valle d'Aosta / Vallée d'Aoste,Valle d'Aosta,125666,14122,11.24,0.17
1054,2021-06-28,VDA,986,496,490,326,657,3,ITC,ITC2,2,Valle d'Aosta / Vallée d'Aoste,Valle d'Aosta,125666,15108,12.02,0.78
1055,2021-06-11,VDA,1047,483,564,756,283,8,ITC,ITC2,2,Valle d'Aosta / Vallée d'Aoste,Valle d'Aosta,125666,16155,12.86,0.83
1056,2021-05-23,VDA,999,465,534,653,340,6,ITC,ITC2,2,Valle d'Aosta / Vallée d'Aoste,Valle d'Aosta,125666,17154,13.65,0.79
1057,2021-05-02,VDA,765,345,420,581,160,24,ITC,ITC2,2,Valle d'Aosta / Vallée d'Aoste,Valle d'Aosta,125666,17919,14.26,0.61
1058,2021-01-22,VDA,56,21,35,20,36,0,ITC,ITC2,2,Valle d'Aosta / Vallée d'Aoste,Valle d'Aosta,125666,17975,14.3,0.04
1059,2021-01-08,VDA,299,130,169,299,0,0,ITC,ITC2,2,Valle d'Aosta / Vallée d'Aoste,Valle d'Aosta,125666,18274,14.54,0.24
1060,2021-03-06,VDA,22,4,18,18,0,4,ITC,ITC2,2,Valle d'Aosta / Vallée d'Aoste,Valle d'Aosta,125666,18296,14.56,0.02
1061,2021-04-15,VDA,810,377,433,638,139,33,ITC,ITC2,2,Valle d'Aosta / Vallée d'Aoste,Valle d'Aosta,125666,19106,15.2,0.64
1062,2021-07-07,VDA,792,439,353,413,362,17,ITC,ITC2,2,Valle d'Aosta / Vallée d'Aoste,Valle d'Aosta,125666,19898,15.83,0.63
1063,2021-06-09,VDA,1027,535,492,984,35,8,ITC,ITC2,2,Valle d'Aosta / Vallée d'Aoste,Valle d'Aosta,125666,20925,16.65,0.82
1064,2021-03-01,VDA,181,66,115,139,34,8,ITC,ITC2,2,Valle d'Aosta / Vallée d'Aoste,Valle d'Aosta,125666,21106,16.8,0.14
1065,2021-02-15,VDA,264,136,128,225,35,4,ITC,ITC2,2,Valle d'Aosta / Vallée d'Aoste,Valle d'Aosta,125666,21370,17.01,0.21
1066,2021-02-10,VDA,248,77,171,141,107,0,ITC,ITC2,2,Valle d'Aosta / Vallée d'Aoste,Valle d'Aosta,125666,21618,17.2,0.2
1067,2021-03-25,VDA,389,154,235,364,10,15,ITC,ITC2,2,Valle d'Aosta / Vallée d'Aoste,Valle d'Aosta,125666,22007,17.51,0.31
1068,2021-05-21,VDA,917,433,484,515,386,16,ITC,ITC2,2,Valle d'Aosta / Vallée d'Aoste,Valle d'Aosta,125666,22924,18.24,0.73
1069,2021-04-17,VDA,638,407,231,593,2,43,ITC,ITC2,2,Valle d'Aosta / Vallée d'Aoste,Valle d'Aosta,125666,23562,18.75,0.51
1070,2021-01-07,VDA,276,111,165,276,0,0,ITC,ITC2,2,Valle d'Aosta / Vallée d'Aoste,Valle d'Aosta,125666,23838,18.97,0.22
1071,2021-02-19,VDA,292,102,190,266,24,2,ITC,ITC2,2,Valle d'Aosta / Vallée d'Aoste,Valle d'Aosta,125666,24130,19.2,0.23
1072,2021-06-30,VDA,1117,542,575,415,692,10,ITC,ITC2,2,Valle d'Aosta / Vallée d'Aoste,Valle d'Aosta,125666,25247,20.09,0.89
1073,2021-01-31,VDA,291,91,200,58,233,0,ITC,ITC2,2,Valle d'Aosta / Vallée d'Aoste,Valle d'Aosta,125666,25538,20.32,0.23
1074,2021-02-24,VDA,183,82,101,162,19,2,ITC,ITC2,2,Valle d'Aosta / Vallée d'Aoste,Valle d'Aosta,125666,25721,20.47,0.15
1075,2021-04-08,VDA,584,282,302,420,143,21,ITC,ITC2,2,Valle d'Aosta / Vallée d'Aoste,Valle d'Aosta,125666,26305,20.93,0.46
1076,2021-06-13,VDA,852,400,452,371,478,3,ITC,ITC2,2,Valle d'Aosta / Vallée d'Aoste,Valle d'Aosta,125666,27157,21.61,0.68
1077,2021-06-08,VDA,712,356,356,675,33,4,ITC,ITC2,2,Valle d'Aosta / Vallée d'Aoste,Valle d'Aosta,125666,27869,22.18,0.57
1078,2021-03-13,VDA,147,88,59,141,0,6,ITC,ITC2,2,Valle d'Aosta / Vallée d'Aoste,Valle d'Aosta,125666,28016,22.29,0.12
1079,2021-01-15,VDA,218,82,136,218,0,0,ITC,ITC2,2,Valle d'Aosta / Vallée d'Aoste,Valle d'Aosta,125666,28234,22.47,0.17
1080,2021-06-04,VDA,908,383,525,470,433,5,ITC,ITC2,2,Valle d'Aosta / Vallée d'Aoste,Valle d'Aosta,125666,29142,23.19,0.72
1081,2021-07-23,VDA,392,188,204,8,384,0,ITC,ITC2,2,Valle d'Aosta / Vallée d'Aoste,Valle d'Aosta,125666,29534,23.5,0.31
1082,2021-01-29,VDA,318,138,180,2,316,0,ITC,ITC2,2,Valle d'Aosta / Vallée d'Aoste,Valle d'Aosta,125666,29852,23.76,0.25
1083,2021-04-22,VDA,1068,450,618,652,383,33,ITC,ITC2,2,Valle d'Aosta / Vallée d'Aoste,Valle d'Aosta,125666,30920,24.6,0.85
1084,2021-05-09,VDA,574,287,287,425,130,19,ITC,ITC2,2,Valle d'Aosta / Vallée d'Aoste,Valle d'Aosta,125666,31494,25.06,0.46
1085,2021-03-17,VDA,433,185,248,259,160,14,ITC,ITC2,2,Valle d'Aosta / Vallée d'Aoste,Valle d'Aosta,125666,31927,25.41,0.34
1086,2021-03-03,VDA,255,118,137,182,68,5,ITC,ITC2,2,Valle d'Aosta / Vallée d'Aoste,Valle d'Aosta,125666,32182,25.61,0.2
1087,2021-04-13,VDA,373,171,202,311,44,18,ITC,ITC2,2,Valle d'Aosta / Vallée d'Aoste,Valle d'Aosta,125666,32555,25.91,0.3
1088,2021-07-05,VDA,834,355,479,312,508,14,ITC,ITC2,2,Valle d'Aosta / Vallée d'Aoste,Valle d'Aosta,125666,33389,26.57,0.66
1089,2021-03-27,VDA,333,164,169,289,31,13,ITC,ITC2,2,Valle d'Aosta / Vallée d'Aoste,Valle d'Aosta,125666,33722,26.83,0.26
1090,2021-06-18,VDA,998,443,555,589,399,10,ITC,ITC2,2,Valle d'Aosta / Vallée d'Aoste,Valle d'Aosta,125666,34720,27.63,0.79
1091,2021-05-25,VDA,1115,530,585,529,574,12,ITC,ITC2,2,Valle d'Aosta / Vallée d'Aoste,Valle d'Aosta,125666,35835,28.52,0.89
1092,2021-02-14,VDA,48,16,32,1,47,0,ITC,ITC2,2,Valle d'Aosta / Vallée d'Aoste,Valle d'Aosta,125666,35883,28.55,0.04
1093,2021-05-08,VDA,904,540,364,497,378,29,ITC,ITC2,2,Valle d'Aosta / Vallée d'Aoste,Valle d'Aosta,125666,36787,29.27,0.72
1094,2021-04-05,VDA,464,223,241,439,6,19,ITC,ITC2,2,Valle d'Aosta / Vallée d'Aoste,Valle d'Aosta,125666,37251,29.64,0.37
1095,2021-01-05,VDA,150,54,96,150,0,0,ITC,ITC2,2,Valle d'Aosta / Vallée d'Aoste,Valle d'Aosta,125666,37401,29.76,0.12
1096,2021-01-14,VDA,237,69,168,237,0,0,ITC,ITC2,2,Valle d'Aosta / Vallée d'Aoste,Valle d'Aosta,125666,37638,29.95,0.19
1097,2021-04-24,VDA,722,400,322,533,167,22,ITC,ITC2,2,Valle d'Aosta / Vallée d'Aoste,Valle d'Aosta,125666,38360,30.53,0.57
1098,2021-04-19,VDA,752,325,427,520,209,23,ITC,ITC2,2,Valle d'Aosta / Vallée d'Aoste,Valle d'Aosta,125666,39112,31.12,0.6
1099,2021-02-26,VDA,207,58,149,108,85,14,ITC,ITC2,2,Valle d'Aosta / Vallée d'Aoste,Valle d'Aosta,125666,39319,31.29,0.16
1100,2021-04-10,VDA,404,190,214,387,5,12,ITC,ITC2,2,Valle d'Aosta / Vallée d'Aoste,Valle d'Aosta,125666,39723,31.61,0.32
1101,2020-12-31,VDA,18,4,14,18,0,0,ITC,ITC2,2,Valle d'Aosta / Vallée d'Aoste,Valle d'Aosta,125666,39741,31.62,0.01
1102,2021-06-06,VDA,1160,582,578,782,373,5,ITC,ITC2,2,Valle d'Aosta / Vallée d'Aoste,Valle d'Aosta,125666,40901,32.55,0.92
1103,2021-06-15,VDA,876,479,397,608,255,13,ITC,ITC2,2,Valle d'Aosta / Vallée d'Aoste,Valle d'Aosta,125666,41777,33.24,0.7
1104,2021-01-19,VDA,256,77,179,256,0,0,ITC,ITC2,2,Valle d'Aosta / Vallée d'Aoste,Valle d'Aosta,125666,42033,33.45,0.2
1105,2021-04-12,VDA,486,186,300,306,163,17,ITC,ITC2,2,Valle d'Aosta / Vallée d'Aoste,Valle d'Aosta,125666,42519,33.83,0.39
1106,2021-04-29,VDA,1291,634,657,736,534,21,ITC,ITC2,2,Valle d'Aosta / Vallée d'Aoste,Valle d'Aosta,125666,43810,34.86,1.03
1107,2021-07-21,VDA,1164,635,529,315,849,0,ITC,ITC2,2,Valle d'Aosta / Vallée d'Aoste,Valle d'Aosta,125666,44974,35.79,0.93
1108,2021-07-04,VDA,1191,530,661,338,838,15,ITC,ITC2,2,Valle d'Aosta / Vallée d'Aoste,Valle d'Aosta,125666,46165,36.74,0.95
1109,2021-03-29,VDA,493,233,260,448,40,5,ITC,ITC2,2,Valle d'Aosta / Vallée d'Aoste,Valle d'Aosta,125666,46658,37.13,0.39
1110,2021-06-20,VDA,1131,545,586,478,643,10,ITC,ITC2,2,Valle d'Aosta / Vallée d'Aoste,Valle d'Aosta,125666,47789,38.03,0.9
1111,2021-03-12,VDA,531,175,356,291,226,14,ITC,ITC2,2,Valle d'Aosta / Vallée d'Aoste,Valle d'Aosta,125666,48320,38.45,0.42
1112,2021-03-10,VDA,438,183,255,220,213,5,ITC,ITC2,2,Valle d'Aosta / Vallée d'Aoste,Valle d'Aosta,125666,48758,38.8,0.35
1113,2021-02-21,VDA,18,3,15,0,18,0,ITC,ITC2,2,Valle d'Aosta / Vallée d'Aoste,Valle d'Aosta,125666,48776,38.81,0.01
1114,2021-06-01,VDA,871,469,402,510,353,8,ITC,ITC2,2,Valle d'Aosta / Vallée d'Aoste,Valle d'Aosta,125666,49647,39.51,0.69
1115,2021-06-27,VDA,1250,607,643,312,928,10,ITC,ITC2,2,Valle d'Aosta / Vallée d'Aoste,Valle d'Aosta,125666,50897,40.5,0.99
1116,2021-07-14,VDA,1019,532,487,293,726,0,ITC,ITC2,2,Valle d'Aosta / Vallée d'Aoste,Valle d'Aosta,125666,51916,41.31,0.81
1117,2021-01-28,VDA,291,123,168,56,235,0,ITC,ITC2,2,Valle d'Aosta / Vallée d'Aoste,Valle d'Aosta,125666,52207,41.54,0.23
1118,2021-07-16,VDA,1075,552,523,346,729,0,ITC,ITC2,2,Valle d'Aosta / Vallée d'Aoste,Valle d'Aosta,125666,53282,42.4,0.86
1119,2021-01-26,VDA,140,49,91,0,140,0,ITC,ITC2,2,Valle d'Aosta / Vallée d'Aoste,Valle d'Aosta,125666,53422,42.51,0.11
1120,2021-02-12,VDA,263,96,167,216,46,1,ITC,ITC2,2,Valle d'Aosta / Vallée d'Aoste,Valle d'Aosta,125666,53685,42.72,0.21
1121,2021-01-12,VDA,302,72,230,302,0,0,ITC,ITC2,2,Valle d'Aosta / Vallée d'Aoste,Valle d'Aosta,125666,53987,42.96,0.24
1122,2021-03-22,VDA,560,205,355,324,227,9,ITC,ITC2,2,Valle d'Aosta / Vallée d'Aoste,Valle d'Aosta,125666,54547,43.41,0.45
1123,2021-06-05,VDA,925,476,449,729,188,8,ITC,ITC2,2,Valle d'Aosta / Vallée d'Aoste,Valle d'Aosta,125666,55472,44.14,0.74
1124,2021-02-11,VDA,231,107,124,221,9,1,ITC,ITC2,2,Valle d'Aosta / Vallée d'Aoste,Valle d'Aosta,125666,55703,44.33,0.18
1125,2021-07-18,VDA,926,454,472,252,674,0,ITC,ITC2,2,Valle d'Aosta / Vallée d'Aoste,Valle d'Aosta,125666,56629,45.06,0.74
1126,2021-04-09,VDA,237,111,126,200,33,4,ITC,ITC2,2,Valle d'Aosta / Vallée d'Aoste,Valle d'Aosta,125666,56866,45.25,0.19
1127,2021-05-22,VDA,941,495,446,532,400,9,ITC,ITC2,2,Valle d'Aosta / Vallée d'Aoste,Valle d'Aosta,125666,57807,46.0,0.75
1128,2021-04-16,VDA,599,261,338,565,2,32,ITC,ITC2,2,Valle d'Aosta / Vallée d'Aoste,Valle d'Aosta,125666,58406,46.48,0.48
1129,2021-03-05,VDA,276,124,152,52,223,1,ITC,ITC2,2,Valle d'Aosta / Vallée d'Aoste,Valle d'Aosta,125666,58682,46.7,0.22
1130,2021-02-28,VDA,260,86,174,73,183,4,ITC,ITC2,2,Valle d'Aosta / Vallée d'Aoste,Valle d'Aosta,125666,58942,46.9,0.21
1131,2021-05-05,VDA,1038,566,472,434,582,22,ITC,ITC2,2,Valle d'Aosta / Vallée d'Aoste,Valle d'Aosta,125666,59980,47.73,0.83
1132,2021-01-16,VDA,237,80,157,237,0,0,ITC,ITC2,2,Valle d'Aosta / Vallée d'Aoste,Valle d'Aosta,125666,60217,47.92,0.19
1133,2021-06-22,VDA,1189,666,523,529,648,12,ITC,ITC2,2,Valle d'Aosta / Vallée d'Aoste,Valle d'Aosta,125666,61406,48.86,0.95
1134,2021-03-14,VDA,392,200,192,373,0,19,ITC,ITC2,2,Valle d'Aosta / Vallée d'Aoste,Valle d'Aosta,125666,61798,49.18,0.31
1135,2021-04-26,VDA,715,327,388,512,170,33,ITC,ITC2,2,Valle d'Aosta / Vallée d'Aoste,Valle d'Aosta,125666,62513,49.75,0.57
1136,2021-07-01,VDA,962,473,489,328,621,13,ITC,ITC2,2,Valle d'Aosta / Vallée d'Aoste,Valle d'Aosta,125666,63475,50.51,0.77
1137,2021-02-23,VDA,216,123,93,215,0,1,ITC,ITC2,2,Valle d'Aosta / Vallée d'Aoste,Valle d'Aosta,125666,63691,50.68,0.17
1138,2021-04-02,VDA,873,344,529,595,225,53,ITC,ITC2,2,Valle d'Aosta / Vallée d'Aoste,Valle d'Aosta,125666,64564,51.38,0.69
1139,2021-05-29,VDA,798,434,364,553,237,8,ITC,ITC2,2,Valle d'Aosta / Vallée d'Aoste,Valle d'Aosta,125666,65362,52.01,0.64
1140,2021-07-11,VDA,907,471,436,254,642,11,ITC,ITC2,2,Valle d'Aosta / Vallée d'Aoste,Valle d'Aosta,125666,66269,52.73,0.72
1141,2021-02-25,VDA,201,101,100,190,7,4,ITC,ITC2,2,Valle d'Aosta / Vallée d'Aoste,Valle d'Aosta,125666,66470,52.89,0.16
1142,2021-05-18,VDA,970,484,486,349,617,4,ITC,ITC2,2,Valle d'Aosta / Vallée d'Aoste,Valle d'Aosta,125666,67440,53.67,0.77
1143,2021-02-07,VDA,292,120,172,190,102,0,ITC,ITC2,2,Valle d'Aosta / Vallée d'Aoste,Valle d'Aosta,125666,67732,53.9,0.23
1144,2021-05-01,VDA,940,563,377,439,484,17,ITC,ITC2,2,Valle d'Aosta / Vallée d'Aoste,Valle d'Aosta,125666,68672,54.65,0.75
1145,2021-04-14,VDA,941,430,511,689,224,28,ITC,ITC2,2,Valle d'Aosta / Vallée d'Aoste,Valle d'Aosta,125666,69613,55.4,0.75
1146,2021-07-06,VDA,882,479,403,155,722,5,ITC,ITC2,2,Valle d'Aosta / Vallée d'Aoste,Valle d'Aosta,125666,70495,56.1,0.7
1147,2021-01-02,VDA,6,5,1,6,0,0,ITC,ITC2,2,Valle d'Aosta / Vallée d'Aoste,Valle d'Aosta,125666,70501,56.1,0.0
1148,2021-03-26,VDA,498,204,294,472,7,19,ITC,ITC2,2,Valle d'Aosta / Vallée d'Aoste,Valle d'Aosta,125666,70999,56.5,0.4
1149,2021-06-17,VDA,775,422,353,614,149,12,ITC,ITC2,2,Valle d'Aosta / Vallée d'Aoste,Valle d'Aosta,125666,71774,57.11,0.62
1150,2021-05-24,VDA,1136,516,620,673,447,16,ITC,ITC2,2,Valle d'Aosta / Vallée d'Aoste,Valle d'Aosta,125666,72910,58.02,0.9
1151,2021-05-10,VDA,782,381,401,531,235,16,ITC,ITC2,2,Valle d'Aosta / Vallée d'Aoste,Valle d'Aosta,125666,73692,58.64,0.62
1152,2021-04-21,VDA,868,410,458,588,248,32,ITC,ITC2,2,Valle d'Aosta / Vallée d'Aoste,Valle d'Aosta,125666,74560,59.33,0.69
1153,2021-07-13,VDA,1061,567,494,307,748,6,ITC,ITC2,2,Valle d'Aosta / Vallée d'Aoste,Valle d'Aosta,125666,75621,60.18,0.84
1154,2021-03-21,VDA,355,165,190,346,0,9,ITC,ITC2,2,Valle d'Aosta / Vallée d'Aoste,Valle d'Aosta,125666,75976,60.46,0.28
1155,2021-01-09,VDA,443,199,244,442,0,1,ITC,ITC2,2,Valle d'Aosta / Vallée d'Aoste,Valle d'Aosta,125666,76419,60.81,0.35
1156,2021-06-24,VDA,1221,629,592,379,833,9,ITC,ITC2,2,Valle d'Aosta / Vallée d'Aoste,Valle d'Aosta,125666,77640,61.78,0.97
1157,2021-07-03,VDA,935,484,451,390,536,9,ITC,ITC2,2,Valle d'Aosta / Vallée d'Aoste,Valle d'Aosta,125666,78575,62.53,0.74
1158,2021-05-03,VDA,839,400,439,458,351,30,ITC,ITC2,2,Valle d'Aosta / Vallée d'Aoste,Valle d'Aosta,125666,79414,63.19,0.67
1159,2021-03-07,VDA,64,30,34,11,53,0,ITC,ITC2,2,Valle d'Aosta / Vallée d'Aoste,Valle d'Aosta,125666,79478,63.25,0.05
1160,2021-01-30,VDA,439,202,237,12,425,2,ITC,ITC2,2,Valle d'Aosta / Vallée d'Aoste,Valle d'Aosta,125666,79917,63.59,0.35
1161,2021-06-03,VDA,1306,667,639,884,410,12,ITC,ITC2,2,Valle d'Aosta / Vallée d'Aoste,Valle d'Aosta,125666,81223,64.63,1.04
1162,2021-05-17,VDA,809,417,392,367,434,8,ITC,ITC2,2,Valle d'Aosta / Vallée d'Aoste,Valle d'Aosta,125666,82032,65.28,0.64
1163,2021-05-15,VDA,1065,614,451,367,685,13,ITC,ITC2,2,Valle d'Aosta / Vallée d'Aoste,Valle d'Aosta,125666,83097,66.13,0.85
1164,2021-02-04,VDA,294,86,208,8,286,0,ITC,ITC2,2,Valle d'Aosta / Vallée d'Aoste,Valle d'Aosta,125666,83391,66.36,0.23
1165,2021-04-28,VDA,1218,632,586,681,503,34,ITC,ITC2,2,Valle d'Aosta / Vallée d'Aoste,Valle d'Aosta,125666,84609,67.33,0.97
1166,2021-06-12,VDA,1233,599,634,1063,166,4,ITC,ITC2,2,Valle d'Aosta / Vallée d'Aoste,Valle d'Aosta,125666,85842,68.31,0.98
1167,2021-03-19,VDA,322,85,237,277,35,10,ITC,ITC2,2,Valle d'Aosta / Vallée d'Aoste,Valle d'Aosta,125666,86164,68.57,0.26
1168,2021-06-29,VDA,780,390,390,235,542,3,ITC,ITC2,2,Valle d'Aosta / Vallée d'Aoste,Valle d'Aosta,125666,86944,69.19,0.62
1169,2021-06-10,VDA,1002,558,444,953,42,7,ITC,ITC2,2,Valle d'Aosta / Vallée d'Aoste,Valle d'Aosta,125666,87946,69.98,0.8
1170,2021-03-02,VDA,339,166,173,291,3,45,ITC,ITC2,2,Valle d'Aosta / Vallée d'Aoste,Valle d'Aosta,125666,88285,70.25,0.27
1171,2021-01-21,VDA,33,12,21,33,0,0,ITC,ITC2,2,Valle d'Aosta / Vallée d'Aoste,Valle d'Aosta,125666,88318,70.28,0.03
1172,2021-01-04,VDA,142,59,83,142,0,0,ITC,ITC2,2,Valle d'Aosta / Vallée d'Aoste,Valle d'Aosta,125666,88460,70.39,0.11
1173,2021-03-28,VDA,522,212,310,493,1,28,ITC,ITC2,2,Valle d'Aosta / Vallée d'Aoste,Valle d'Aosta,125666,88982,70.81,0.42
1174,2021-03-11,VDA,197,76,121,66,131,0,ITC,ITC2,2,Valle d'Aosta / Vallée d'Aoste,Valle d'Aosta,125666,89179,70.97,0.16
1175,2021-02-08,VDA,223,83,140,25,198,0,ITC,ITC2,2,Valle d'Aosta / Vallée d'Aoste,Valle d'Aosta,125666,89402,71.14,0.18
1176,2021-03-23,VDA,379,150,229,228,134,17,ITC,ITC2,2,Valle d'Aosta / Vallée d'Aoste,Valle d'Aosta,125666,89781,71.44,0.3
1177,2021-05-19,VDA,993,498,495,411,575,7,ITC,ITC2,2,Valle d'Aosta / Vallée d'Aoste,Valle d'Aosta,125666,90774,72.23,0.79
1178,2021-01-06,VDA,65,33,32,65,0,0,ITC,ITC2,2,Valle d'Aosta / Vallée d'Aoste,Valle d'Aosta,125666,90839,72.29,0.05
1179,2021-02-18,VDA,349,153,196,255,88,6,ITC,ITC2,2,Valle d'Aosta / Vallée d'Aoste,Valle d'Aosta,125666,91188,72.56,0.28
1180,2021-01-25,VDA,147,65,82,0,147,0,ITC,ITC2,2,Valle d'Aosta / Vallée d'Aoste,Valle d'Aosta,125666,91335,72.68,0.12
1181,2021-07-10,VDA,1289,667,622,321,957,11,ITC,ITC2,2,Valle d'Aosta / Vallée d'Aoste,Valle d'Aosta,125666,92624,73.71,1.03
1182,2021-05-14,VDA,960,442,518,249,669,42,ITC,ITC2,2,Valle d'Aosta / Vallée d'Aoste,Valle d'Aosta,125666,93584,74.47,0.76
1183,2021-01-11,VDA,325,112,213,325,0,0,ITC,ITC2,2,Valle d'Aosta / Vallée d'Aoste,Valle d'Aosta,125666,93909,74.73,0.26
1184,2021-04-04,VDA,572,253,319,550,1,21,ITC,ITC2,2,Valle d'Aosta / Vallée d'Aoste,Valle d'Aosta,125666,94481,75.18,0.46
1185,2021-02-06,VDA,289,104,185,91,197,1,ITC,ITC2,2,Valle d'Aosta / Vallée d'Aoste,Valle d'Aosta,125666,94770,75.41,0.23
1186,2021-04-30,VDA,831,355,476,467,346,18,ITC,ITC2,2,Valle d'Aosta / Vallée d'Aoste,Valle d'Aosta,125666,95601,76.08,0.66
1187,2021-01-20,VDA,23,8,15,23,0,0,ITC,ITC2,2,Valle d'Aosta / Vallée d'Aoste,Valle d'Aosta,125666,95624,76.09,0.02
1188,2021-05-07,VDA,564,245,319,517,31,16,ITC,ITC2,2,Valle d'Aosta / Vallée d'Aoste,Valle d'Aosta,125666,96188,76.54,0.45
1189,2021-04-23,VDA,922,443,479,510,383,29,ITC,ITC2,2,Valle d'Aosta / Vallée d'Aoste,Valle d'Aosta,125666,97110,77.28,0.73
1190,2021-01-13,VDA,337,110,227,337,0,0,ITC,ITC2,2,Valle d'Aosta / Vallée d'Aoste,Valle d'Aosta,125666,97447,77.54,0.27
1191,2021-07-15,VDA,1085,589,496,297,788,0,ITC,ITC2,2,Valle d'Aosta / Vallée d'Aoste,Valle d'Aosta,125666,98532,78.41,0.86
1192,2021-04-06,VDA,741,381,360,595,112,34,ITC,ITC2,2,Valle d'Aosta / Vallée d'Aoste,Valle d'Aosta,125666,99273,79.0,0.59
1193,2021-03-18,VDA,136,43,93,96,37,3,ITC,ITC2,2,Valle d'Aosta / Vallée d'Aoste,Valle d'Aosta,125666,99409,79.11,0.11
1194,2021-06-26,VDA,1061,509,552,350,704,7,ITC,ITC2,2,Valle d'Aosta / Vallée d'Aoste,Valle d'Aosta,125666,100470,79.95,0.84
1195,2021-03-04,VDA,291,139,152,39,250,2,ITC,ITC2,2,Valle d'Aosta / Vallée d'Aoste,Valle d'Aosta,125666,100761,80.18,0.23
1196,2021-05-26,VDA,1209,587,622,565,633,11,ITC,ITC2,2,Valle d'Aosta / Vallée d'Aoste,Valle d'Aosta,125666,101970,81.14,0.96
1197,2021-06-02,VDA,1215,688,527,812,401,2,ITC,ITC2,2,Valle d'Aosta / Vallée d'Aoste,Valle d'Aosta,125666,103185,82.11,0.97
1198,2021-06-19,VDA,1288,667,621,657,619,12,ITC,ITC2,2,Valle d'Aosta / Vallée d'Aoste,Valle d'Aosta,125666,104473,83.14,1.02
1199,2021-03-09,VDA,206,96,110,166,32,8,ITC,ITC2,2,Valle d'Aosta / Vallée d'Aoste,Valle d'Aosta,125666,104679,83.3,0.16
1200,2021-02-20,VDA,251,210,41,238,10,3,ITC,ITC2,2,Valle d'Aosta / Vallée d'Aoste,Valle d'Aosta,125666,104930,83.5,0.2
1201,2021-03-16,VDA,182,37,145,109,64,9,ITC,ITC2,2,Valle d'Aosta / Vallée d'Aoste,Valle d'Aosta,125666,105112,83.64,0.14
1202,2021-02-01,VDA,404,127,277,84,317,3,ITC,ITC2,2,Valle d'Aosta / Vallée d'Aoste,Valle d'Aosta,125666,105516,83.97,0.32
1203,2021-07-08,VDA,1275,709,566,341,924,10,ITC,ITC2,2,Valle d'Aosta / Vallée d'Aoste,Valle d'Aosta,125666,106791,84.98,1.01
1204,2021-03-30,VDA,402,223,179,365,20,17,ITC,ITC2,2,Valle d'Aosta / Vallée d'Aoste,Valle d'Aosta,125666,107193,85.3,0.32
1205,2021-05-12,VDA,1140,549,591,439,670,31,ITC,ITC2,2,Valle d'Aosta / Vallée d'Aoste,Valle d'Aosta,125666,108333,86.21,0.91
1206,2021-07-17,VDA,985,519,466,255,730,0,ITC,ITC2,2,Valle d'Aosta / Vallée d'Aoste,Valle d'Aosta,125666,109318,86.99,0.78
1207,2021-07-22,VDA,971,513,458,275,696,0,ITC,ITC2,2,Valle d'Aosta / Vallée d'Aoste,Valle d'Aosta,125666,110289,87.76,0.77
1208,2021-01-18,VDA,213,74,139,213,0,0,ITC,ITC2,2,Valle d'Aosta / Vallée d'Aoste,Valle d'Aosta,125666,110502,87.93,0.17
1209,2021-04-11,VDA,479,208,271,462,0,17,ITC,ITC2,2,Valle d'Aosta / Vallée d'Aoste,Valle d'Aosta,125666,110981,88.31,0.38
1210,2021-02-13,VDA,216,196,20,213,1,2,ITC,ITC2,2,Valle d'Aosta / Vallée d'Aoste,Valle d'Aosta,125666,111197,88.49,0.17
1211,2021-03-31,VDA,555,302,253,511,26,18,ITC,ITC2,2,Valle d'Aosta / Vallée d'Aoste,Valle d'Aosta,125666,111752,88.93,0.44
1212,2021-05-27,VDA,1089,497,592,574,503,12,ITC,ITC2,2,Valle d'Aosta / Vallée d'Aoste,Valle d'Aosta,125666,112841,89.79,0.87
1213,2021-05-13,VDA,1139,556,583,515,599,25,ITC,ITC2,2,Valle d'Aosta / Vallée d'Aoste,Valle d'Aosta,125666,113980,90.7,0.91
1214,2021-02-02,VDA,273,70,203,2,271,0,ITC,ITC2,2,Valle d'Aosta / Vallée d'Aoste,Valle d'Aosta,125666,114253,90.92,0.22
1215,2021-07-09,VDA,945,446,499,280,656,9,ITC,ITC2,2,Valle d'Aosta / Vallée d'Aoste,Valle d'Aosta,125666,115198,91.67,0.75
1216,2021-06-25,VDA,977,445,532,323,652,2,ITC,ITC2,2,Valle d'Aosta / Vallée d'Aoste,Valle d'Aosta,125666,116175,92.45,0.78
1217,2021-05-20,VDA,823,370,453,373,440,10,ITC,ITC2,2,Valle d'Aosta / Vallée d'Aoste,Valle d'Aosta,125666,116998,93.1,0.65
1218,2021-07-02,VDA,866,383,483,301,560,5,ITC,ITC2,2,Valle d'Aosta / Vallée d'Aoste,Valle d'Aosta,125666,117864,93.79,0.69
1219,2021-03-24,VDA,515,230,285,255,257,3,ITC,ITC2,2,Valle d'Aosta / Vallée d'Aoste,Valle d'Aosta,125666,118379,94.2,0.41
1220,2021-05-06,VDA,1080,513,567,662,384,34,ITC,ITC2,2,Valle d'Aosta / Vallée d'Aoste,Valle d'Aosta,125666,119459,95.06,0.86
1221,2021-02-16,VDA,326,53,273,309,6,11,ITC,ITC2,2,Valle d'Aosta / Vallée d'Aoste,Valle d'Aosta,125666,119785,95.32,0.26
1222,2021-04-07,VDA,910,474,436,654,229,27,ITC,ITC2,2,Valle d'Aosta / Vallée d'Aoste,Valle d'Aosta,125666,120695,96.04,0.72
1223,2021-02-09,VDA,251,84,167,67,183,1,ITC,ITC2,2,Valle d'Aosta / Vallée d'Aoste,Valle d'Aosta,125666,120946,96.24,0.2
1224,2021-07-20,VDA,1117,583,534,396,721,0,ITC,ITC2,2,Valle d'Aosta / Vallée d'Aoste,Valle d'Aosta,125666,122063,97.13,0.89
1225,2021-04-18,VDA,522,254,268,492,4,26,ITC,ITC2,2,Valle d'Aosta / Vallée d'Aoste,Valle d'Aosta,125666,122585,97.55,0.42
1226,2021-06-14,VDA,311,167,144,12,299,0,ITC,ITC2,2,Valle d'Aosta / Vallée d'Aoste,Valle d'Aosta,125666,122896,97.8,0.25
1227,2021-05-31,VDA,880,396,484,490,379,11,ITC,ITC2,2,Valle d'Aosta / Vallée d'Aoste,Valle d'Aosta,125666,123776,98.5,0.7
1228,2021-04-25,VDA,849,408,441,673,139,37,ITC,ITC2,2,Valle d'Aosta / Vallée d'Aoste,Valle d'Aosta,125666,124625,99.17,0.68
1229,2021-06-21,VDA,1122,600,522,607,505,10,ITC,ITC2,2,Valle d'Aosta / Vallée d'Aoste,Valle d'Aosta,125666,125747,100.06,0.89
1230,2021-06-07,VDA,710,347,363,638,61,11,ITC,ITC2,2,Valle d'Aosta / Vallée d'Aoste,Valle d'Aosta,125666,126457,100.63,0.56
1231,2021-02-27,VDA,231,85,146,119,107,5,ITC,ITC2,2,Valle d'Aosta / Vallée d'Aoste,Valle d'Aosta,125666,126688,100.81,0.18
1232,2021-02-06,PAT,575,299,276,434,141,0,ITH,ITH2,4,Provincia Autonoma Trento,P.A. Trento,541380,575,0.11,0.11
1233,2021-02-23,PAT,1112,395,717,878,213,21,ITH,ITH2,4,Provincia Autonoma Trento,P.A. Trento,541380,1687,0.31,0.21
1234,2021-05-17,PAT,4294,2122,2172,3710,351,233,ITH,ITH2,4,Provincia Autonoma Trento,P.A. Trento,541380,5981,1.1,0.79
1235,2021-04-14,PAT,3119,1465,1654,2231,737,151,ITH,ITH2,4,Provincia Autonoma Trento,P.A. Trento,541380,9100,1.68,0.58
1236,2021-03-28,PAT,753,294,459,705,2,46,ITH,ITH2,4,Provincia Autonoma Trento,P.A. Trento,541380,9853,1.82,0.14
1237,2021-05-31,PAT,4725,2175,2550,1571,3047,107,ITH,ITH2,4,Provincia Autonoma Trento,P.A. Trento,541380,14578,2.69,0.87
1238,2021-07-20,PAT,4526,2450,2076,1540,2859,127,ITH,ITH2,4,Provincia Autonoma Trento,P.A. Trento,541380,19104,3.53,0.84
1239,2021-01-23,PAT,577,334,243,387,189,1,ITH,ITH2,4,Provincia Autonoma Trento,P.A. Trento,541380,19681,3.64,0.11
1240,2021-05-03,PAT,4262,2197,2065,3809,154,299,ITH,ITH2,4,Provincia Autonoma Trento,P.A. Trento,541380,23943,4.42,0.79
1241,2021-07-01,PAT,6934,3606,3328,3444,3313,177,ITH,ITH2,4,Provincia Autonoma Trento,P.A. Trento,541380,30877,5.7,1.28
1242,2021-05-05,PAT,4991,2580,2411,4384,298,309,ITH,ITH2,4,Provincia Autonoma Trento,P.A. Trento,541380,35868,6.63,0.92
1243,2021-01-16,PAT,319,148,171,319,0,0,ITH,ITH2,4,Provincia Autonoma Trento,P.A. Trento,541380,36187,6.68,0.06
1244,2021-03-09,PAT,1585,591,994,908,646,31,ITH,ITH2,4,Provincia Autonoma Trento,P.A. Trento,541380,37772,6.98,0.29
1245,2021-06-17,PAT,6603,3463,3140,1973,4465,165,ITH,ITH2,4,Provincia Autonoma Trento,P.A. Trento,541380,44375,8.2,1.22
1246,2021-03-14,PAT,108,65,43,19,87,2,ITH,ITH2,4,Provincia Autonoma Trento,P.A. Trento,541380,44483,8.22,0.02
1247,2021-07-13,PAT,3643,1843,1800,1645,1884,114,ITH,ITH2,4,Provincia Autonoma Trento,P.A. Trento,541380,48126,8.89,0.67
1248,2021-04-21,PAT,2910,1359,1551,2710,50,150,ITH,ITH2,4,Provincia Autonoma Trento,P.A. Trento,541380,51036,9.43,0.54
1249,2021-01-28,PAT,530,147,383,48,482,0,ITH,ITH2,4,Provincia Autonoma Trento,P.A. Trento,541380,51566,9.52,0.1
1250,2021-01-11,PAT,732,223,509,732,0,0,ITH,ITH2,4,Provincia Autonoma Trento,P.A. Trento,541380,52298,9.66,0.14
1251,2021-02-16,PAT,667,246,421,651,5,11,ITH,ITH2,4,Provincia Autonoma Trento,P.A. Trento,541380,52965,9.78,0.12
1252,2021-03-26,PAT,3234,1259,1975,2482,610,142,ITH,ITH2,4,Provincia Autonoma Trento,P.A. Trento,541380,56199,10.38,0.6
1253,2021-06-19,PAT,3098,1696,1402,227,2839,32,ITH,ITH2,4,Provincia Autonoma Trento,P.A. Trento,541380,59297,10.95,0.57
1254,2021-04-09,PAT,2742,1163,1579,1475,1200,67,ITH,ITH2,4,Provincia Autonoma Trento,P.A. Trento,541380,62039,11.46,0.51
1255,2021-02-11,PAT,1136,365,771,795,340,1,ITH,ITH2,4,Provincia Autonoma Trento,P.A. Trento,541380,63175,11.67,0.21
1256,2021-07-18,PAT,449,238,211,107,337,5,ITH,ITH2,4,Provincia Autonoma Trento,P.A. Trento,541380,63624,11.75,0.08
1257,2021-02-25,PAT,1641,643,998,1190,441,10,ITH,ITH2,4,Provincia Autonoma Trento,P.A. Trento,541380,65265,12.06,0.3
1258,2020-12-30,PAT,7,3,4,7,0,0,ITH,ITH2,4,Provincia Autonoma Trento,P.A. Trento,541380,65272,12.06,0.0
1259,2021-06-05,PAT,4083,1916,2167,679,3333,71,ITH,ITH2,4,Provincia Autonoma Trento,P.A. Trento,541380,69355,12.81,0.75
1260,2021-05-22,PAT,3258,1598,1660,832,2333,93,ITH,ITH2,4,Provincia Autonoma Trento,P.A. Trento,541380,72613,13.41,0.6
1261,2021-06-29,PAT,6228,3137,3091,2663,3491,74,ITH,ITH2,4,Provincia Autonoma Trento,P.A. Trento,541380,78841,14.56,1.15
1262,2021-06-12,PAT,5363,2690,2673,426,4889,48,ITH,ITH2,4,Provincia Autonoma Trento,P.A. Trento,541380,84204,15.55,0.99
1263,2021-03-21,PAT,129,69,60,125,0,4,ITH,ITH2,4,Provincia Autonoma Trento,P.A. Trento,541380,84333,15.58,0.02
1264,2021-05-24,PAT,4387,2015,2372,1249,3025,113,ITH,ITH2,4,Provincia Autonoma Trento,P.A. Trento,541380,88720,16.39,0.81
1265,2021-03-02,PAT,1307,440,867,902,376,29,ITH,ITH2,4,Provincia Autonoma Trento,P.A. Trento,541380,90027,16.63,0.24
1266,2021-06-10,PAT,6130,2980,3150,1789,4213,128,ITH,ITH2,4,Provincia Autonoma Trento,P.A. Trento,541380,96157,17.76,1.13
1267,2021-01-04,PAT,872,229,643,870,0,2,ITH,ITH2,4,Provincia Autonoma Trento,P.A. Trento,541380,97029,17.92,0.16
1268,2021-07-06,PAT,5007,2634,2373,2942,1882,183,ITH,ITH2,4,Provincia Autonoma Trento,P.A. Trento,541380,102036,18.85,0.92
1269,2021-01-18,PAT,644,154,490,589,55,0,ITH,ITH2,4,Provincia Autonoma Trento,P.A. Trento,541380,102680,18.97,0.12
1270,2021-04-28,PAT,4254,1979,2275,3870,138,246,ITH,ITH2,4,Provincia Autonoma Trento,P.A. Trento,541380,106934,19.75,0.79
1271,2021-04-01,PAT,2906,1232,1674,1721,1094,91,ITH,ITH2,4,Provincia Autonoma Trento,P.A. Trento,541380,109840,20.29,0.54
1272,2021-07-10,PAT,1047,540,507,138,883,26,ITH,ITH2,4,Provincia Autonoma Trento,P.A. Trento,541380,110887,20.48,0.19
1273,2021-02-20,PAT,407,245,162,122,284,1,ITH,ITH2,4,Provincia Autonoma Trento,P.A. Trento,541380,111294,20.56,0.08
1274,2021-01-08,PAT,1451,314,1137,1450,0,1,ITH,ITH2,4,Provincia Autonoma Trento,P.A. Trento,541380,112745,20.83,0.27
1275,2021-06-14,PAT,5744,2970,2774,2015,3614,115,ITH,ITH2,4,Provincia Autonoma Trento,P.A. Trento,541380,118489,21.89,1.06
1276,2021-03-07,PAT,22,6,16,22,0,0,ITH,ITH2,4,Provincia Autonoma Trento,P.A. Trento,541380,118511,21.89,0.0
1277,2021-01-09,PAT,190,40,150,190,0,0,ITH,ITH2,4,Provincia Autonoma Trento,P.A. Trento,541380,118701,21.93,0.04
1278,2021-06-24,PAT,5927,3106,2821,3560,2181,186,ITH,ITH2,4,Provincia Autonoma Trento,P.A. Trento,541380,124628,23.02,1.09
1279,2021-05-12,PAT,3307,1495,1812,1953,1189,165,ITH,ITH2,4,Provincia Autonoma Trento,P.A. Trento,541380,127935,23.63,0.61
1280,2021-03-16,PAT,1391,506,885,577,783,31,ITH,ITH2,4,Provincia Autonoma Trento,P.A. Trento,541380,129326,23.89,0.26
1281,2021-05-14,PAT,5325,2544,2781,3640,1389,296,ITH,ITH2,4,Provincia Autonoma Trento,P.A. Trento,541380,134651,24.87,0.98
1282,2021-05-29,PAT,2239,1168,1071,755,1400,84,ITH,ITH2,4,Provincia Autonoma Trento,P.A. Trento,541380,136890,25.29,0.41
1283,2021-04-02,PAT,2847,1158,1689,2011,675,161,ITH,ITH2,4,Provincia Autonoma Trento,P.A. Trento,541380,139737,25.81,0.53
1284,2021-04-16,PAT,2869,1362,1507,2569,145,155,ITH,ITH2,4,Provincia Autonoma Trento,P.A. Trento,541380,142606,26.34,0.53
1285,2021-02-18,PAT,1211,429,782,1138,63,10,ITH,ITH2,4,Provincia Autonoma Trento,P.A. Trento,541380,143817,26.56,0.22
1286,2021-04-23,PAT,3640,1772,1868,3407,54,179,ITH,ITH2,4,Provincia Autonoma Trento,P.A. Trento,541380,147457,27.24,0.67
1287,2021-01-30,PAT,386,132,254,152,234,0,ITH,ITH2,4,Provincia Autonoma Trento,P.A. Trento,541380,147843,27.31,0.07
1288,2021-05-10,PAT,3213,1647,1566,2498,506,209,ITH,ITH2,4,Provincia Autonoma Trento,P.A. Trento,541380,151056,27.9,0.59
1289,2021-03-18,PAT,2320,957,1363,1216,1080,24,ITH,ITH2,4,Provincia Autonoma Trento,P.A. Trento,541380,153376,28.33,0.43
1290,2021-06-09,PAT,6246,3080,3166,2089,4080,77,ITH,ITH2,4,Provincia Autonoma Trento,P.A. Trento,541380,159622,29.48,1.15
1291,2021-07-08,PAT,3964,2110,1854,2368,1434,162,ITH,ITH2,4,Provincia Autonoma Trento,P.A. Trento,541380,163586,30.22,0.73
1292,2021-02-04,PAT,976,304,672,421,554,1,ITH,ITH2,4,Provincia Autonoma Trento,P.A. Trento,541380,164562,30.4,0.18
1293,2021-04-13,PAT,2556,1059,1497,1970,507,79,ITH,ITH2,4,Provincia Autonoma Trento,P.A. Trento,541380,167118,30.87,0.47
1294,2021-01-20,PAT,292,73,219,280,12,0,ITH,ITH2,4,Provincia Autonoma Trento,P.A. Trento,541380,167410,30.92,0.05
1295,2021-04-30,PAT,4934,2406,2528,4414,152,368,ITH,ITH2,4,Provincia Autonoma Trento,P.A. Trento,541380,172344,31.83,0.91
1296,2021-05-19,PAT,5104,2460,2644,3601,1256,247,ITH,ITH2,4,Provincia Autonoma Trento,P.A. Trento,541380,177448,32.78,0.94
1297,2021-03-04,PAT,2363,794,1569,1542,780,41,ITH,ITH2,4,Provincia Autonoma Trento,P.A. Trento,541380,179811,33.21,0.44
1298,2021-05-02,PAT,3514,1955,1559,3266,37,211,ITH,ITH2,4,Provincia Autonoma Trento,P.A. Trento,541380,183325,33.86,0.65
1299,2021-03-13,PAT,836,385,451,719,48,69,ITH,ITH2,4,Provincia Autonoma Trento,P.A. Trento,541380,184161,34.02,0.15
1300,2021-07-05,PAT,5239,2745,2494,3640,1361,238,ITH,ITH2,4,Provincia Autonoma Trento,P.A. Trento,541380,189400,34.98,0.97
1301,2021-03-23,PAT,2448,944,1504,1609,740,99,ITH,ITH2,4,Provincia Autonoma Trento,P.A. Trento,541380,191848,35.44,0.45
1302,2021-05-28,PAT,3726,1739,1987,1360,2231,135,ITH,ITH2,4,Provincia Autonoma Trento,P.A. Trento,541380,195574,36.13,0.69
1303,2021-01-25,PAT,818,215,603,24,794,0,ITH,ITH2,4,Provincia Autonoma Trento,P.A. Trento,541380,196392,36.28,0.15
1304,2021-03-25,PAT,2875,1105,1770,1719,1049,107,ITH,ITH2,4,Provincia Autonoma Trento,P.A. Trento,541380,199267,36.81,0.53
1305,2021-07-03,PAT,1256,669,587,80,1170,6,ITH,ITH2,4,Provincia Autonoma Trento,P.A. Trento,541380,200523,37.04,0.23
1306,2021-03-30,PAT,2388,973,1415,1652,637,99,ITH,ITH2,4,Provincia Autonoma Trento,P.A. Trento,541380,202911,37.48,0.44
1307,2021-04-18,PAT,1855,845,1010,1788,9,58,ITH,ITH2,4,Provincia Autonoma Trento,P.A. Trento,541380,204766,37.82,0.34
1308,2021-03-06,PAT,786,277,509,595,151,40,ITH,ITH2,4,Provincia Autonoma Trento,P.A. Trento,541380,205552,37.97,0.15
1309,2021-04-11,PAT,2340,1135,1205,2161,91,88,ITH,ITH2,4,Provincia Autonoma Trento,P.A. Trento,541380,207892,38.4,0.43
1310,2021-02-27,PAT,1032,458,574,590,422,20,ITH,ITH2,4,Provincia Autonoma Trento,P.A. Trento,541380,208924,38.59,0.19
1311,2021-01-01,PAT,214,50,164,214,0,0,ITH,ITH2,4,Provincia Autonoma Trento,P.A. Trento,541380,209138,38.63,0.04
1312,2021-06-07,PAT,5793,2883,2910,2638,2986,169,ITH,ITH2,4,Provincia Autonoma Trento,P.A. Trento,541380,214931,39.7,1.07
1313,2021-02-08,PAT,1153,319,834,342,811,0,ITH,ITH2,4,Provincia Autonoma Trento,P.A. Trento,541380,216084,39.91,0.21
1314,2021-07-17,PAT,1047,508,539,245,786,16,ITH,ITH2,4,Provincia Autonoma Trento,P.A. Trento,541380,217131,40.11,0.19
1315,2021-05-21,PAT,5061,2423,2638,3079,1715,267,ITH,ITH2,4,Provincia Autonoma Trento,P.A. Trento,541380,222192,41.04,0.93
1316,2021-02-01,PAT,1224,338,886,92,1132,0,ITH,ITH2,4,Provincia Autonoma Trento,P.A. Trento,541380,223416,41.27,0.23
1317,2021-06-26,PAT,1391,726,665,660,713,18,ITH,ITH2,4,Provincia Autonoma Trento,P.A. Trento,541380,224807,41.52,0.26
1318,2021-06-28,PAT,6760,3487,3273,2904,3799,57,ITH,ITH2,4,Provincia Autonoma Trento,P.A. Trento,541380,231567,42.77,1.25
1319,2021-04-06,PAT,2261,950,1311,1439,765,57,ITH,ITH2,4,Provincia Autonoma Trento,P.A. Trento,541380,233828,43.19,0.42
1320,2021-07-15,PAT,4013,2123,1890,1578,2310,125,ITH,ITH2,4,Provincia Autonoma Trento,P.A. Trento,541380,237841,43.93,0.74
1321,2021-01-13,PAT,421,123,298,421,0,0,ITH,ITH2,4,Provincia Autonoma Trento,P.A. Trento,541380,238262,44.01,0.08
1322,2021-01-27,PAT,810,280,530,92,716,2,ITH,ITH2,4,Provincia Autonoma Trento,P.A. Trento,541380,239072,44.16,0.15
1323,2021-02-13,PAT,538,333,205,172,366,0,ITH,ITH2,4,Provincia Autonoma Trento,P.A. Trento,541380,239610,44.26,0.1
1324,2021-05-07,PAT,6000,3086,2914,4798,841,361,ITH,ITH2,4,Provincia Autonoma Trento,P.A. Trento,541380,245610,45.37,1.11
1325,2021-04-20,PAT,2879,1377,1502,2669,36,174,ITH,ITH2,4,Provincia Autonoma Trento,P.A. Trento,541380,248489,45.9,0.53
1326,2021-05-09,PAT,2324,1210,1114,1849,344,131,ITH,ITH2,4,Provincia Autonoma Trento,P.A. Trento,541380,250813,46.33,0.43
1327,2021-02-15,PAT,534,188,346,418,114,2,ITH,ITH2,4,Provincia Autonoma Trento,P.A. Trento,541380,251347,46.43,0.1
1328,2021-05-26,PAT,3918,1843,2075,1105,2693,120,ITH,ITH2,4,Provincia Autonoma Trento,P.A. Trento,541380,255265,47.15,0.72
1329,2021-06-21,PAT,6135,3313,2822,3560,2394,181,ITH,ITH2,4,Provincia Autonoma Trento,P.A. Trento,541380,261400,48.28,1.13
1330,2021-04-29,PAT,4647,2243,2404,4139,209,299,ITH,ITH2,4,Provincia Autonoma Trento,P.A. Trento,541380,266047,49.14,0.86
1331,2021-01-22,PAT,1674,435,1239,330,1343,1,ITH,ITH2,4,Provincia Autonoma Trento,P.A. Trento,541380,267721,49.45,0.31
1332,2021-02-05,PAT,805,272,533,283,522,0,ITH,ITH2,4,Provincia Autonoma Trento,P.A. Trento,541380,268526,49.6,0.15
1333,2021-05-16,PAT,1331,736,595,1025,239,67,ITH,ITH2,4,Provincia Autonoma Trento,P.A. Trento,541380,269857,49.85,0.25
1334,2021-06-02,PAT,2839,1359,1480,882,1894,63,ITH,ITH2,4,Provincia Autonoma Trento,P.A. Trento,541380,272696,50.37,0.52
1335,2021-03-11,PAT,2318,864,1454,1445,830,43,ITH,ITH2,4,Provincia Autonoma Trento,P.A. Trento,541380,275014,50.8,0.43
1336,2021-07-22,PAT,4102,2200,1902,1611,2381,110,ITH,ITH2,4,Provincia Autonoma Trento,P.A. Trento,541380,279116,51.56,0.76
1337,2021-04-25,PAT,1971,940,1031,1849,7,115,ITH,ITH2,4,Provincia Autonoma Trento,P.A. Trento,541380,281087,51.92,0.36
1338,2021-06-25,PAT,7504,4022,3482,4044,3378,82,ITH,ITH2,4,Provincia Autonoma Trento,P.A. Trento,541380,288591,53.31,1.39
1339,2021-02-03,PAT,847,315,532,414,433,0,ITH,ITH2,4,Provincia Autonoma Trento,P.A. Trento,541380,289438,53.46,0.16
1340,2021-07-19,PAT,4607,2415,2192,1323,3167,117,ITH,ITH2,4,Provincia Autonoma Trento,P.A. Trento,541380,294045,54.31,0.85
1341,2021-05-23,PAT,1957,994,963,420,1509,28,ITH,ITH2,4,Provincia Autonoma Trento,P.A. Trento,541380,296002,54.68,0.36
1342,2021-04-10,PAT,2824,1322,1502,1949,796,79,ITH,ITH2,4,Provincia Autonoma Trento,P.A. Trento,541380,298826,55.2,0.52
1343,2021-06-06,PAT,2231,1063,1168,424,1786,21,ITH,ITH2,4,Provincia Autonoma Trento,P.A. Trento,541380,301057,55.61,0.41
1344,2021-07-12,PAT,4059,2030,2029,1936,1947,176,ITH,ITH2,4,Provincia Autonoma Trento,P.A. Trento,541380,305116,56.36,0.75
1345,2021-02-17,PAT,1115,426,689,1019,91,5,ITH,ITH2,4,Provincia Autonoma Trento,P.A. Trento,541380,306231,56.56,0.21
1346,2021-07-02,PAT,7166,3895,3271,3413,3529,224,ITH,ITH2,4,Provincia Autonoma Trento,P.A. Trento,541380,313397,57.89,1.32
1347,2021-01-15,PAT,597,132,465,596,0,1,ITH,ITH2,4,Provincia Autonoma Trento,P.A. Trento,541380,313994,58.0,0.11
1348,2021-05-20,PAT,5017,2358,2659,3104,1637,276,ITH,ITH2,4,Provincia Autonoma Trento,P.A. Trento,541380,319011,58.93,0.93
1349,2021-03-24,PAT,2377,940,1437,1444,820,113,ITH,ITH2,4,Provincia Autonoma Trento,P.A. Trento,541380,321388,59.36,0.44
1350,2021-02-09,PAT,918,287,631,442,475,1,ITH,ITH2,4,Provincia Autonoma Trento,P.A. Trento,541380,322306,59.53,0.17
1351,2021-02-12,PAT,1013,341,672,588,423,2,ITH,ITH2,4,Provincia Autonoma Trento,P.A. Trento,541380,323319,59.72,0.19
1352,2021-03-01,PAT,1237,454,783,918,295,24,ITH,ITH2,4,Provincia Autonoma Trento,P.A. Trento,541380,324556,59.95,0.23
1353,2021-03-20,PAT,874,403,471,658,203,13,ITH,ITH2,4,Provincia Autonoma Trento,P.A. Trento,541380,325430,60.11,0.16
1354,2021-03-03,PAT,1659,622,1037,1107,518,34,ITH,ITH2,4,Provincia Autonoma Trento,P.A. Trento,541380,327089,60.42,0.31
1355,2021-07-07,PAT,4341,2326,2015,2761,1382,198,ITH,ITH2,4,Provincia Autonoma Trento,P.A. Trento,541380,331430,61.22,0.8
1356,2021-01-03,PAT,493,160,333,493,0,0,ITH,ITH2,4,Provincia Autonoma Trento,P.A. Trento,541380,331923,61.31,0.09
1357,2021-07-21,PAT,4319,2320,1999,1284,2953,82,ITH,ITH2,4,Provincia Autonoma Trento,P.A. Trento,541380,336242,62.11,0.8
1358,2021-05-30,PAT,1770,872,898,862,840,68,ITH,ITH2,4,Provincia Autonoma Trento,P.A. Trento,541380,338012,62.44,0.33
1359,2021-04-03,PAT,1143,471,672,905,171,67,ITH,ITH2,4,Provincia Autonoma Trento,P.A. Trento,541380,339155,62.65,0.21
1360,2021-04-24,PAT,3550,1701,1849,3336,15,199,ITH,ITH2,4,Provincia Autonoma Trento,P.A. Trento,541380,342705,63.3,0.66
1361,2021-02-26,PAT,1218,435,783,900,295,23,ITH,ITH2,4,Provincia Autonoma Trento,P.A. Trento,541380,343923,63.53,0.22
1362,2021-01-14,PAT,701,203,498,699,0,2,ITH,ITH2,4,Provincia Autonoma Trento,P.A. Trento,541380,344624,63.66,0.13
1363,2021-02-10,PAT,854,291,563,511,342,1,ITH,ITH2,4,Provincia Autonoma Trento,P.A. Trento,541380,345478,63.81,0.16
1364,2021-04-08,PAT,3142,1317,1825,1932,1118,92,ITH,ITH2,4,Provincia Autonoma Trento,P.A. Trento,541380,348620,64.39,0.58
1365,2021-01-10,PAT,85,20,65,85,0,0,ITH,ITH2,4,Provincia Autonoma Trento,P.A. Trento,541380,348705,64.41,0.02
1366,2021-01-29,PAT,1358,334,1024,55,1303,0,ITH,ITH2,4,Provincia Autonoma Trento,P.A. Trento,541380,350063,64.66,0.25
1367,2021-07-14,PAT,3974,2071,1903,1592,2283,99,ITH,ITH2,4,Provincia Autonoma Trento,P.A. Trento,541380,354037,65.4,0.73
1368,2021-04-22,PAT,3152,1470,1682,2932,45,175,ITH,ITH2,4,Provincia Autonoma Trento,P.A. Trento,541380,357189,65.98,0.58
1369,2021-01-05,PAT,711,233,478,711,0,0,ITH,ITH2,4,Provincia Autonoma Trento,P.A. Trento,541380,357900,66.11,0.13
1370,2021-04-15,PAT,3202,1443,1759,2810,154,238,ITH,ITH2,4,Provincia Autonoma Trento,P.A. Trento,541380,361102,66.7,0.59
1371,2021-06-18,PAT,6941,3693,3248,1737,5114,90,ITH,ITH2,4,Provincia Autonoma Trento,P.A. Trento,541380,368043,67.98,1.28
1372,2021-03-27,PAT,1620,710,910,1289,257,74,ITH,ITH2,4,Provincia Autonoma Trento,P.A. Trento,541380,369663,68.28,0.3
1373,2021-06-04,PAT,5835,2610,3225,1716,3998,121,ITH,ITH2,4,Provincia Autonoma Trento,P.A. Trento,541380,375498,69.36,1.08
1374,2021-02-22,PAT,747,259,488,657,84,6,ITH,ITH2,4,Provincia Autonoma Trento,P.A. Trento,541380,376245,69.5,0.14
1375,2021-05-18,PAT,4255,2010,2245,3131,846,278,ITH,ITH2,4,Provincia Autonoma Trento,P.A. Trento,541380,380500,70.28,0.79
1376,2021-03-12,PAT,2518,940,1578,1641,806,71,ITH,ITH2,4,Provincia Autonoma Trento,P.A. Trento,541380,383018,70.75,0.47
1377,2021-06-20,PAT,1869,1034,835,28,1836,5,ITH,ITH2,4,Provincia Autonoma Trento,P.A. Trento,541380,384887,71.09,0.35
1378,2021-06-11,PAT,7207,3431,3776,1476,5629,102,ITH,ITH2,4,Provincia Autonoma Trento,P.A. Trento,541380,392094,72.42,1.33
1379,2021-06-13,PAT,3686,2033,1653,274,3389,23,ITH,ITH2,4,Provincia Autonoma Trento,P.A. Trento,541380,395780,73.11,0.68
1380,2020-12-27,PAT,103,40,63,103,0,0,ITH,ITH2,4,Provincia Autonoma Trento,P.A. Trento,541380,395883,73.12,0.02
1381,2021-02-28,PAT,242,121,121,232,0,10,ITH,ITH2,4,Provincia Autonoma Trento,P.A. Trento,541380,396125,73.17,0.04
1382,2021-06-08,PAT,5922,2863,3059,1755,4051,116,ITH,ITH2,4,Provincia Autonoma Trento,P.A. Trento,541380,402047,74.26,1.09
1383,2021-04-26,PAT,2660,1254,1406,2400,95,165,ITH,ITH2,4,Provincia Autonoma Trento,P.A. Trento,541380,404707,74.75,0.49
1384,2021-02-19,PAT,929,359,570,838,59,32,ITH,ITH2,4,Provincia Autonoma Trento,P.A. Trento,541380,405636,74.93,0.17
1385,2021-03-17,PAT,2071,792,1279,1120,871,80,ITH,ITH2,4,Provincia Autonoma Trento,P.A. Trento,541380,407707,75.31,0.38
1386,2021-02-02,PAT,910,240,670,191,719,0,ITH,ITH2,4,Provincia Autonoma Trento,P.A. Trento,541380,408617,75.48,0.17
1387,2021-07-09,PAT,4919,2614,2305,2866,1843,210,ITH,ITH2,4,Provincia Autonoma Trento,P.A. Trento,541380,413536,76.39,0.91
1388,2021-05-13,PAT,3409,1580,1829,2088,1104,217,ITH,ITH2,4,Provincia Autonoma Trento,P.A. Trento,541380,416945,77.02,0.63
1389,2021-03-31,PAT,2586,983,1603,1632,858,96,ITH,ITH2,4,Provincia Autonoma Trento,P.A. Trento,541380,419531,77.49,0.48
1390,2020-12-31,PAT,1627,449,1178,1627,0,0,ITH,ITH2,4,Provincia Autonoma Trento,P.A. Trento,541380,421158,77.79,0.3
1391,2021-06-22,PAT,6192,3382,2810,3478,2532,182,ITH,ITH2,4,Provincia Autonoma Trento,P.A. Trento,541380,427350,78.94,1.14
1392,2021-03-05,PAT,2248,704,1544,1590,566,92,ITH,ITH2,4,Provincia Autonoma Trento,P.A. Trento,541380,429598,79.35,0.42
1393,2021-01-07,PAT,1272,310,962,1269,0,3,ITH,ITH2,4,Provincia Autonoma Trento,P.A. Trento,541380,430870,79.59,0.23
1394,2021-04-17,PAT,2233,1139,1094,2073,57,103,ITH,ITH2,4,Provincia Autonoma Trento,P.A. Trento,541380,433103,80.0,0.41
1395,2021-01-02,PAT,502,143,359,502,0,0,ITH,ITH2,4,Provincia Autonoma Trento,P.A. Trento,541380,433605,80.09,0.09
1396,2021-03-29,PAT,2494,967,1527,1639,735,120,ITH,ITH2,4,Provincia Autonoma Trento,P.A. Trento,541380,436099,80.55,0.46
1397,2021-04-12,PAT,3086,1409,1677,2467,497,122,ITH,ITH2,4,Provincia Autonoma Trento,P.A. Trento,541380,439185,81.12,0.57
1398,2021-01-21,PAT,353,95,258,229,124,0,ITH,ITH2,4,Provincia Autonoma Trento,P.A. Trento,541380,439538,81.19,0.07
1399,2021-05-01,PAT,4851,2470,2381,4531,36,284,ITH,ITH2,4,Provincia Autonoma Trento,P.A. Trento,541380,444389,82.08,0.9
1400,2021-04-07,PAT,2628,1018,1610,1570,943,115,ITH,ITH2,4,Provincia Autonoma Trento,P.A. Trento,541380,447017,82.57,0.49
1401,2021-07-16,PAT,4360,2235,2125,1593,2629,138,ITH,ITH2,4,Provincia Autonoma Trento,P.A. Trento,541380,451377,83.38,0.81
1402,2021-06-27,PAT,1303,698,605,361,938,4,ITH,ITH2,4,Provincia Autonoma Trento,P.A. Trento,541380,452680,83.62,0.24
1403,2021-02-24,PAT,1325,525,800,905,399,21,ITH,ITH2,4,Provincia Autonoma Trento,P.A. Trento,541380,454005,83.86,0.24
1404,2021-06-03,PAT,4773,2237,2536,1211,3470,92,ITH,ITH2,4,Provincia Autonoma Trento,P.A. Trento,541380,458778,84.74,0.88
1405,2021-01-19,PAT,407,77,330,407,0,0,ITH,ITH2,4,Provincia Autonoma Trento,P.A. Trento,541380,459185,84.82,0.08
1406,2021-07-23,PAT,1463,736,727,282,1139,42,ITH,ITH2,4,Provincia Autonoma Trento,P.A. Trento,541380,460648,85.09,0.27
1407,2021-01-26,PAT,543,154,389,27,516,0,ITH,ITH2,4,Provincia Autonoma Trento,P.A. Trento,541380,461191,85.19,0.1
1408,2021-05-06,PAT,5533,2741,2792,4386,780,367,ITH,ITH2,4,Provincia Autonoma Trento,P.A. Trento,541380,466724,86.21,1.02
1409,2021-05-25,PAT,4772,2268,2504,1721,2904,147,ITH,ITH2,4,Provincia Autonoma Trento,P.A. Trento,541380,471496,87.09,0.88
1410,2021-05-08,PAT,3162,1726,1436,2548,422,192,ITH,ITH2,4,Provincia Autonoma Trento,P.A. Trento,541380,474658,87.68,0.58
1411,2021-02-14,PAT,246,186,60,11,235,0,ITH,ITH2,4,Provincia Autonoma Trento,P.A. Trento,541380,474904,87.72,0.05
1412,2021-05-27,PAT,4295,1992,2303,1124,3043,128,ITH,ITH2,4,Provincia Autonoma Trento,P.A. Trento,541380,479199,88.51,0.79
1413,2021-04-19,PAT,2625,1235,1390,2419,22,184,ITH,ITH2,4,Provincia Autonoma Trento,P.A. Trento,541380,481824,89.0,0.48
1414,2021-06-15,PAT,6242,3284,2958,1597,4511,134,ITH,ITH2,4,Provincia Autonoma Trento,P.A. Trento,541380,488066,90.15,1.15
1415,2021-01-12,PAT,507,158,349,506,0,1,ITH,ITH2,4,Provincia Autonoma Trento,P.A. Trento,541380,488573,90.25,0.09
1416,2021-03-19,PAT,2424,915,1509,1492,853,79,ITH,ITH2,4,Provincia Autonoma Trento,P.A. Trento,541380,490997,90.69,0.45
1417,2021-04-05,PAT,35,17,18,30,2,3,ITH,ITH2,4,Provincia Autonoma Trento,P.A. Trento,541380,491032,90.7,0.01
1418,2021-03-10,PAT,2405,929,1476,1425,922,58,ITH,ITH2,4,Provincia Autonoma Trento,P.A. Trento,541380,493437,91.14,0.44
1419,2021-02-21,PAT,155,92,63,43,112,0,ITH,ITH2,4,Provincia Autonoma Trento,P.A. Trento,541380,493592,91.17,0.03
1420,2021-05-15,PAT,1570,815,755,638,891,41,ITH,ITH2,4,Provincia Autonoma Trento,P.A. Trento,541380,495162,91.46,0.29
1421,2021-06-01,PAT,4019,1879,2140,1054,2859,106,ITH,ITH2,4,Provincia Autonoma Trento,P.A. Trento,541380,499181,92.21,0.74
1422,2021-01-06,PAT,42,13,29,42,0,0,ITH,ITH2,4,Provincia Autonoma Trento,P.A. Trento,541380,499223,92.21,0.01
1423,2021-06-16,PAT,6217,3348,2869,1943,4152,122,ITH,ITH2,4,Provincia Autonoma Trento,P.A. Trento,541380,505440,93.36,1.15
1424,2021-03-15,PAT,1412,545,867,894,464,54,ITH,ITH2,4,Provincia Autonoma Trento,P.A. Trento,541380,506852,93.62,0.26
1425,2021-01-17,PAT,251,195,56,251,0,0,ITH,ITH2,4,Provincia Autonoma Trento,P.A. Trento,541380,507103,93.67,0.05
1426,2021-06-23,PAT,6518,3453,3065,4466,1859,193,ITH,ITH2,4,Provincia Autonoma Trento,P.A. Trento,541380,513621,94.87,1.2
1427,2021-05-11,PAT,3705,1754,1951,2618,851,236,ITH,ITH2,4,Provincia Autonoma Trento,P.A. Trento,541380,517326,95.56,0.68
1428,2021-04-27,PAT,3916,1882,2034,3569,69,278,ITH,ITH2,4,Provincia Autonoma Trento,P.A. Trento,541380,521242,96.28,0.72
1429,2021-05-04,PAT,4512,2448,2064,4123,95,294,ITH,ITH2,4,Provincia Autonoma Trento,P.A. Trento,541380,525754,97.11,0.83
1430,2021-03-08,PAT,1411,434,977,1027,354,30,ITH,ITH2,4,Provincia Autonoma Trento,P.A. Trento,541380,527165,97.37,0.26
1431,2021-03-22,PAT,2306,973,1333,1375,875,56,ITH,ITH2,4,Provincia Autonoma Trento,P.A. Trento,541380,529471,97.8,0.43
1432,2021-01-24,PAT,548,276,272,224,324,0,ITH,ITH2,4,Provincia Autonoma Trento,P.A. Trento,541380,530019,97.9,0.1
1433,2021-06-30,PAT,6675,3434,3241,2604,3992,79,ITH,ITH2,4,Provincia Autonoma Trento,P.A. Trento,541380,536694,99.13,1.23
1434,2021-01-31,PAT,76,16,60,1,75,0,ITH,ITH2,4,Provincia Autonoma Trento,P.A. Trento,541380,536770,99.15,0.01
1435,2021-07-04,PAT,212,119,93,61,149,2,ITH,ITH2,4,Provincia Autonoma Trento,P.A. Trento,541380,536982,99.19,0.04
1436,2021-07-11,PAT,998,549,449,121,869,8,ITH,ITH2,4,Provincia Autonoma Trento,P.A. Trento,541380,537980,99.37,0.18
1437,2021-06-27,MOL,2364,1119,1245,1128,1226,10,ITF,ITF2,14,Molise,Molise,305617,2364,0.77,0.77
1438,2021-01-07,MOL,598,209,389,598,0,0,ITF,ITF2,14,Molise,Molise,305617,2962,0.97,0.2
1439,2021-02-12,MOL,332,150,182,207,124,1,ITF,ITF2,14,Molise,Molise,305617,3294,1.08,0.11
1440,2021-05-01,MOL,2649,1269,1380,406,2224,19,ITF,ITF2,14,Molise,Molise,305617,5943,1.94,0.87
1441,2021-03-05,MOL,1219,649,570,1002,204,13,ITF,ITF2,14,Molise,Molise,305617,7162,2.34,0.4
1442,2021-06-13,MOL,2818,1503,1315,2459,325,34,ITF,ITF2,14,Molise,Molise,305617,9980,3.27,0.92
1443,2021-04-17,MOL,3055,1501,1554,1543,1487,25,ITF,ITF2,14,Molise,Molise,305617,13035,4.27,1.0
1444,2021-06-20,MOL,422,174,248,47,371,4,ITF,ITF2,14,Molise,Molise,305617,13457,4.4,0.14
1445,2021-04-24,MOL,2551,1202,1349,695,1841,15,ITF,ITF2,14,Molise,Molise,305617,16008,5.24,0.83
1446,2021-02-26,MOL,563,260,303,489,73,1,ITF,ITF2,14,Molise,Molise,305617,16571,5.42,0.18
1447,2021-06-06,MOL,2065,1063,1002,1725,323,17,ITF,ITF2,14,Molise,Molise,305617,18636,6.1,0.68
1448,2021-07-14,MOL,3399,1662,1737,194,3189,16,ITF,ITF2,14,Molise,Molise,305617,22035,7.21,1.11
1449,2021-04-05,MOL,391,189,202,292,99,0,ITF,ITF2,14,Molise,Molise,305617,22426,7.34,0.13
1450,2021-03-29,MOL,2033,835,1198,1518,486,29,ITF,ITF2,14,Molise,Molise,305617,24459,8.0,0.67
1451,2021-01-31,MOL,268,70,198,6,262,0,ITF,ITF2,14,Molise,Molise,305617,24727,8.09,0.09
1452,2021-02-07,MOL,66,32,34,19,47,0,ITF,ITF2,14,Molise,Molise,305617,24793,8.11,0.02
1453,2021-05-18,MOL,1645,877,768,984,655,6,ITF,ITF2,14,Molise,Molise,305617,26438,8.65,0.54
1454,2021-03-22,MOL,1149,441,708,889,244,16,ITF,ITF2,14,Molise,Molise,305617,27587,9.03,0.38
1455,2021-07-23,MOL,1108,583,525,122,966,20,ITF,ITF2,14,Molise,Molise,305617,28695,9.39,0.36
1456,2021-03-24,MOL,1631,658,973,1214,402,15,ITF,ITF2,14,Molise,Molise,305617,30326,9.92,0.53
1457,2021-07-02,MOL,2628,1275,1353,121,2499,8,ITF,ITF2,14,Molise,Molise,305617,32954,10.78,0.86
1458,2021-07-04,MOL,2150,1085,1065,577,1550,23,ITF,ITF2,14,Molise,Molise,305617,35104,11.49,0.7
1459,2021-01-17,MOL,78,38,40,48,30,0,ITF,ITF2,14,Molise,Molise,305617,35182,11.51,0.03
1460,2021-01-26,MOL,450,184,266,8,442,0,ITF,ITF2,14,Molise,Molise,305617,35632,11.66,0.15
1461,2021-05-06,MOL,2680,1214,1466,2043,598,39,ITF,ITF2,14,Molise,Molise,305617,38312,12.54,0.88
1462,2021-01-12,MOL,336,114,222,336,0,0,ITF,ITF2,14,Molise,Molise,305617,38648,12.65,0.11
1463,2021-02-24,MOL,666,278,388,325,333,8,ITF,ITF2,14,Molise,Molise,305617,39314,12.86,0.22
1464,2021-02-19,MOL,169,93,76,167,2,0,ITF,ITF2,14,Molise,Molise,305617,39483,12.92,0.06
1465,2021-03-10,MOL,1737,720,1017,1667,50,20,ITF,ITF2,14,Molise,Molise,305617,41220,13.49,0.57
1466,2021-06-01,MOL,2600,1322,1278,2457,108,35,ITF,ITF2,14,Molise,Molise,305617,43820,14.34,0.85
1467,2021-03-15,MOL,832,338,494,570,245,17,ITF,ITF2,14,Molise,Molise,305617,44652,14.61,0.27
1468,2021-06-24,MOL,3326,1549,1777,432,2858,36,ITF,ITF2,14,Molise,Molise,305617,47978,15.7,1.09
1469,2021-03-02,MOL,667,383,284,504,158,5,ITF,ITF2,14,Molise,Molise,305617,48645,15.92,0.22
1470,2021-06-10,MOL,2571,1182,1389,1233,1301,37,ITF,ITF2,14,Molise,Molise,305617,51216,16.76,0.84
1471,2021-07-16,MOL,2982,1513,1469,379,2575,28,ITF,ITF2,14,Molise,Molise,305617,54198,17.73,0.98
1472,2021-07-09,MOL,3436,1649,1787,166,3252,18,ITF,ITF2,14,Molise,Molise,305617,57634,18.86,1.12
1473,2021-03-31,MOL,2193,919,1274,1307,819,67,ITF,ITF2,14,Molise,Molise,305617,59827,19.58,0.72
1474,2021-03-19,MOL,1184,482,702,740,427,17,ITF,ITF2,14,Molise,Molise,305617,61011,19.96,0.39
1475,2021-01-21,MOL,6,2,4,6,0,0,ITF,ITF2,14,Molise,Molise,305617,61017,19.97,0.0
1476,2021-05-20,MOL,2661,1371,1290,2397,186,78,ITF,ITF2,14,Molise,Molise,305617,63678,20.84,0.87
1477,2021-05-25,MOL,1964,888,1076,1299,631,34,ITF,ITF2,14,Molise,Molise,305617,65642,21.48,0.64
1478,2021-01-04,MOL,314,131,183,314,0,0,ITF,ITF2,14,Molise,Molise,305617,65956,21.58,0.1
1479,2021-04-14,MOL,1806,767,1039,1135,661,10,ITF,ITF2,14,Molise,Molise,305617,67762,22.17,0.59
1480,2021-02-16,MOL,156,70,86,149,6,1,ITF,ITF2,14,Molise,Molise,305617,67918,22.22,0.05
1481,2021-05-27,MOL,2835,1348,1487,1962,836,37,ITF,ITF2,14,Molise,Molise,305617,70753,23.15,0.93
1482,2021-03-03,MOL,672,316,356,586,82,4,ITF,ITF2,14,Molise,Molise,305617,71425,23.37,0.22
1483,2021-01-05,MOL,449,180,269,449,0,0,ITF,ITF2,14,Molise,Molise,305617,71874,23.52,0.15
1484,2021-04-10,MOL,2641,1262,1379,2454,152,35,ITF,ITF2,14,Molise,Molise,305617,74515,24.38,0.86
1485,2021-02-05,MOL,593,269,324,55,538,0,ITF,ITF2,14,Molise,Molise,305617,75108,24.58,0.19
1486,2021-01-19,MOL,173,63,110,162,11,0,ITF,ITF2,14,Molise,Molise,305617,75281,24.63,0.06
1487,2021-04-29,MOL,2240,1147,1093,878,1348,14,ITF,ITF2,14,Molise,Molise,305617,77521,25.37,0.73
1488,2021-04-12,MOL,1299,557,742,1037,251,11,ITF,ITF2,14,Molise,Molise,305617,78820,25.79,0.43
1489,2021-07-21,MOL,1366,689,677,559,791,16,ITF,ITF2,14,Molise,Molise,305617,80186,26.24,0.45
1490,2021-03-17,MOL,908,385,523,518,332,58,ITF,ITF2,14,Molise,Molise,305617,81094,26.53,0.3
1491,2021-06-25,MOL,3431,1688,1743,1464,1915,52,ITF,ITF2,14,Molise,Molise,305617,84525,27.66,1.12
1492,2021-06-08,MOL,2895,1599,1296,2196,696,3,ITF,ITF2,14,Molise,Molise,305617,87420,28.6,0.95
1493,2021-05-13,MOL,3039,1410,1629,2528,457,54,ITF,ITF2,14,Molise,Molise,305617,90459,29.6,0.99
1494,2021-04-28,MOL,1696,925,771,471,1218,7,ITF,ITF2,14,Molise,Molise,305617,92155,30.15,0.55
1495,2021-04-02,MOL,1456,710,746,663,778,15,ITF,ITF2,14,Molise,Molise,305617,93611,30.63,0.48
1496,2021-07-11,MOL,2455,1196,1259,179,2273,3,ITF,ITF2,14,Molise,Molise,305617,96066,31.43,0.8
1497,2021-05-08,MOL,2976,1455,1521,1698,1244,34,ITF,ITF2,14,Molise,Molise,305617,99042,32.41,0.97
1498,2021-04-21,MOL,1871,791,1080,969,896,6,ITF,ITF2,14,Molise,Molise,305617,100913,33.02,0.61
1499,2021-02-23,MOL,582,223,359,361,219,2,ITF,ITF2,14,Molise,Molise,305617,101495,33.21,0.19
1500,2021-06-03,MOL,3295,1568,1727,2707,555,33,ITF,ITF2,14,Molise,Molise,305617,104790,34.29,1.08
1501,2021-04-07,MOL,1688,847,841,1368,275,45,ITF,ITF2,14,Molise,Molise,305617,106478,34.84,0.55
1502,2021-06-05,MOL,2980,1511,1469,2793,160,27,ITF,ITF2,14,Molise,Molise,305617,109458,35.82,0.98
1503,2021-01-28,MOL,613,217,396,17,596,0,ITF,ITF2,14,Molise,Molise,305617,110071,36.02,0.2
1504,2021-03-12,MOL,1459,637,822,1404,36,19,ITF,ITF2,14,Molise,Molise,305617,111530,36.49,0.48
1505,2021-01-14,MOL,647,239,408,647,0,0,ITF,ITF2,14,Molise,Molise,305617,112177,36.71,0.21
1506,2021-05-29,MOL,2354,1225,1129,1924,390,40,ITF,ITF2,14,Molise,Molise,305617,114531,37.48,0.77
1507,2021-02-09,MOL,359,170,189,197,162,0,ITF,ITF2,14,Molise,Molise,305617,114890,37.59,0.12
1508,2021-03-07,MOL,1132,501,631,1127,2,3,ITF,ITF2,14,Molise,Molise,305617,116022,37.96,0.37
1509,2021-06-15,MOL,2215,1042,1173,748,1451,16,ITF,ITF2,14,Molise,Molise,305617,118237,38.69,0.72
1510,2021-06-17,MOL,2307,1017,1290,911,1369,27,ITF,ITF2,14,Molise,Molise,305617,120544,39.44,0.75
1511,2021-02-21,MOL,574,227,347,572,2,0,ITF,ITF2,14,Molise,Molise,305617,121118,39.63,0.19
1512,2021-02-04,MOL,759,295,464,77,682,0,ITF,ITF2,14,Molise,Molise,305617,121877,39.88,0.25
1513,2021-05-15,MOL,2980,1398,1582,2545,384,51,ITF,ITF2,14,Molise,Molise,305617,124857,40.85,0.98
1514,2021-02-02,MOL,539,176,363,215,323,1,ITF,ITF2,14,Molise,Molise,305617,125396,41.03,0.18
1515,2021-01-16,MOL,422,166,256,422,0,0,ITF,ITF2,14,Molise,Molise,305617,125818,41.17,0.14
1516,2021-04-26,MOL,1158,521,637,810,331,17,ITF,ITF2,14,Molise,Molise,305617,126976,41.55,0.38
1517,2021-02-11,MOL,295,133,162,258,37,0,ITF,ITF2,14,Molise,Molise,305617,127271,41.64,0.1
1518,2021-05-22,MOL,1318,713,605,1227,84,7,ITF,ITF2,14,Molise,Molise,305617,128589,42.08,0.43
1519,2021-01-09,MOL,450,152,298,450,0,0,ITF,ITF2,14,Molise,Molise,305617,129039,42.22,0.15
1520,2021-04-19,MOL,1828,843,985,988,778,62,ITF,ITF2,14,Molise,Molise,305617,130867,42.82,0.6
1521,2021-07-13,MOL,2803,1424,1379,318,2468,17,ITF,ITF2,14,Molise,Molise,305617,133670,43.74,0.92
1522,2021-05-26,MOL,1550,699,851,770,754,26,ITF,ITF2,14,Molise,Molise,305617,135220,44.24,0.51
1523,2021-03-30,MOL,2003,857,1146,1472,512,19,ITF,ITF2,14,Molise,Molise,305617,137223,44.9,0.66
1524,2021-02-01,MOL,562,201,361,14,548,0,ITF,ITF2,14,Molise,Molise,305617,137785,45.08,0.18
1525,2021-07-08,MOL,3426,1649,1777,107,3296,23,ITF,ITF2,14,Molise,Molise,305617,141211,46.21,1.12
1526,2021-05-12,MOL,2853,1294,1559,2692,96,65,ITF,ITF2,14,Molise,Molise,305617,144064,47.14,0.93
1527,2021-03-11,MOL,1465,637,828,1446,6,13,ITF,ITF2,14,Molise,Molise,305617,145529,47.62,0.48
1528,2021-01-06,MOL,689,260,429,689,0,0,ITF,ITF2,14,Molise,Molise,305617,146218,47.84,0.23
1529,2021-04-16,MOL,2431,1033,1398,1176,1233,22,ITF,ITF2,14,Molise,Molise,305617,148649,48.64,0.8
1530,2021-07-18,MOL,1663,828,835,122,1532,9,ITF,ITF2,14,Molise,Molise,305617,150312,49.18,0.54
1531,2021-03-04,MOL,851,417,434,514,325,12,ITF,ITF2,14,Molise,Molise,305617,151163,49.46,0.28
1532,2021-06-12,MOL,3409,1753,1656,3244,114,51,ITF,ITF2,14,Molise,Molise,305617,154572,50.58,1.12
1533,2021-04-09,MOL,2325,1252,1073,2106,191,28,ITF,ITF2,14,Molise,Molise,305617,156897,51.34,0.76
1534,2021-01-18,MOL,115,48,67,115,0,0,ITF,ITF2,14,Molise,Molise,305617,157012,51.38,0.04
1535,2021-04-11,MOL,1196,591,605,1168,14,14,ITF,ITF2,14,Molise,Molise,305617,158208,51.77,0.39
1536,2021-07-20,MOL,2163,1094,1069,1009,1107,47,ITF,ITF2,14,Molise,Molise,305617,160371,52.47,0.71
1537,2021-07-03,MOL,2738,1378,1360,565,2153,20,ITF,ITF2,14,Molise,Molise,305617,163109,53.37,0.9
1538,2021-07-22,MOL,1584,784,800,703,848,33,ITF,ITF2,14,Molise,Molise,305617,164693,53.89,0.52
1539,2021-04-06,MOL,1494,701,793,1131,343,20,ITF,ITF2,14,Molise,Molise,305617,166187,54.38,0.49
1540,2021-02-08,MOL,335,141,194,216,119,0,ITF,ITF2,14,Molise,Molise,305617,166522,54.49,0.11
1541,2021-07-15,MOL,3211,1614,1597,209,2988,14,ITF,ITF2,14,Molise,Molise,305617,169733,55.54,1.05
1542,2021-05-19,MOL,2342,1205,1137,1880,425,37,ITF,ITF2,14,Molise,Molise,305617,172075,56.3,0.77
1543,2021-03-23,MOL,1642,694,948,1411,207,24,ITF,ITF2,14,Molise,Molise,305617,173717,56.84,0.54
1544,2021-07-01,MOL,2659,1293,1366,269,2375,15,ITF,ITF2,14,Molise,Molise,305617,176376,57.71,0.87
1545,2021-03-26,MOL,2575,1045,1530,1889,642,44,ITF,ITF2,14,Molise,Molise,305617,178951,58.55,0.84
1546,2021-02-18,MOL,319,74,245,302,13,4,ITF,ITF2,14,Molise,Molise,305617,179270,58.66,0.1
1547,2021-02-28,MOL,832,334,498,788,42,2,ITF,ITF2,14,Molise,Molise,305617,180102,58.93,0.27
1548,2021-02-27,MOL,1368,570,798,1344,19,5,ITF,ITF2,14,Molise,Molise,305617,181470,59.38,0.45
1549,2021-06-07,MOL,1953,859,1094,1113,819,21,ITF,ITF2,14,Molise,Molise,305617,183423,60.02,0.64
1550,2021-02-13,MOL,132,80,52,132,0,0,ITF,ITF2,14,Molise,Molise,305617,183555,60.06,0.04
1551,2021-05-24,MOL,1964,853,1111,1271,666,27,ITF,ITF2,14,Molise,Molise,305617,185519,60.7,0.64
1552,2021-05-07,MOL,2643,1228,1415,2021,597,25,ITF,ITF2,14,Molise,Molise,305617,188162,61.57,0.86
1553,2021-04-18,MOL,1083,483,600,143,934,6,ITF,ITF2,14,Molise,Molise,305617,189245,61.92,0.35
1554,2021-06-14,MOL,1628,810,818,535,1075,18,ITF,ITF2,14,Molise,Molise,305617,190873,62.45,0.53
1555,2021-01-20,MOL,18,8,10,18,0,0,ITF,ITF2,14,Molise,Molise,305617,190891,62.46,0.01
1556,2021-04-30,MOL,2940,1557,1383,819,2109,12,ITF,ITF2,14,Molise,Molise,305617,193831,63.42,0.96
1557,2021-02-25,MOL,542,239,303,471,68,3,ITF,ITF2,14,Molise,Molise,305617,194373,63.6,0.18
1558,2021-06-21,MOL,2901,1350,1551,1623,1232,46,ITF,ITF2,14,Molise,Molise,305617,197274,64.55,0.95
1559,2021-04-25,MOL,794,397,397,557,233,4,ITF,ITF2,14,Molise,Molise,305617,198068,64.81,0.26
1560,2021-01-13,MOL,474,160,314,474,0,0,ITF,ITF2,14,Molise,Molise,305617,198542,64.96,0.16
1561,2021-06-19,MOL,2333,1161,1172,1278,1013,42,ITF,ITF2,14,Molise,Molise,305617,200875,65.73,0.76
1562,2021-04-23,MOL,2051,882,1169,1375,660,16,ITF,ITF2,14,Molise,Molise,305617,202926,66.4,0.67
1563,2021-06-30,MOL,2966,1408,1558,873,2011,82,ITF,ITF2,14,Molise,Molise,305617,205892,67.37,0.97
1564,2021-03-25,MOL,1806,730,1076,1284,497,25,ITF,ITF2,14,Molise,Molise,305617,207698,67.96,0.59
1565,2021-03-08,MOL,1380,523,857,1203,140,37,ITF,ITF2,14,Molise,Molise,305617,209078,68.41,0.45
1566,2021-03-16,MOL,614,230,384,265,347,2,ITF,ITF2,14,Molise,Molise,305617,209692,68.61,0.2
1567,2021-01-11,MOL,557,194,363,557,0,0,ITF,ITF2,14,Molise,Molise,305617,210249,68.79,0.18
1568,2021-01-25,MOL,319,130,189,3,316,0,ITF,ITF2,14,Molise,Molise,305617,210568,68.9,0.1
1569,2021-07-10,MOL,3721,1781,1940,321,3386,14,ITF,ITF2,14,Molise,Molise,305617,214289,70.12,1.22
1570,2021-04-04,MOL,253,141,112,233,15,5,ITF,ITF2,14,Molise,Molise,305617,214542,70.2,0.08
1571,2021-03-18,MOL,1157,476,681,633,465,59,ITF,ITF2,14,Molise,Molise,305617,215699,70.58,0.38
1572,2021-06-26,MOL,3119,1529,1590,523,2581,15,ITF,ITF2,14,Molise,Molise,305617,218818,71.6,1.02
1573,2021-02-10,MOL,151,79,72,131,20,0,ITF,ITF2,14,Molise,Molise,305617,218969,71.65,0.05
1574,2021-05-21,MOL,2101,1054,1047,1700,322,79,ITF,ITF2,14,Molise,Molise,305617,221070,72.34,0.69
1575,2021-01-27,MOL,674,251,423,8,666,0,ITF,ITF2,14,Molise,Molise,305617,221744,72.56,0.22
1576,2021-03-09,MOL,1329,579,750,1149,152,28,ITF,ITF2,14,Molise,Molise,305617,223073,72.99,0.43
1577,2021-02-20,MOL,1019,442,577,999,20,0,ITF,ITF2,14,Molise,Molise,305617,224092,73.32,0.33
1578,2021-05-31,MOL,2367,1148,1219,1902,424,41,ITF,ITF2,14,Molise,Molise,305617,226459,74.1,0.77
1579,2021-05-14,MOL,2644,1215,1429,1890,718,36,ITF,ITF2,14,Molise,Molise,305617,229103,74.96,0.87
1580,2021-06-02,MOL,2810,1356,1454,2692,99,19,ITF,ITF2,14,Molise,Molise,305617,231913,75.88,0.92
1581,2021-01-29,MOL,422,136,286,6,416,0,ITF,ITF2,14,Molise,Molise,305617,232335,76.02,0.14
1582,2021-05-09,MOL,2056,934,1122,1926,97,33,ITF,ITF2,14,Molise,Molise,305617,234391,76.69,0.67
1583,2021-07-07,MOL,2958,1368,1590,56,2898,4,ITF,ITF2,14,Molise,Molise,305617,237349,77.66,0.97
1584,2021-05-11,MOL,3210,1415,1795,2910,252,48,ITF,ITF2,14,Molise,Molise,305617,240559,78.71,1.05
1585,2021-02-15,MOL,144,70,74,141,3,0,ITF,ITF2,14,Molise,Molise,305617,240703,78.76,0.05
1586,2021-02-22,MOL,265,129,136,248,15,2,ITF,ITF2,14,Molise,Molise,305617,240968,78.85,0.09
1587,2021-03-13,MOL,1189,594,595,183,989,17,ITF,ITF2,14,Molise,Molise,305617,242157,79.24,0.39
1588,2021-01-15,MOL,538,242,296,538,0,0,ITF,ITF2,14,Molise,Molise,305617,242695,79.41,0.18
1589,2021-06-23,MOL,2791,1286,1505,221,2560,10,ITF,ITF2,14,Molise,Molise,305617,245486,80.32,0.91
1590,2021-01-08,MOL,430,141,289,430,0,0,ITF,ITF2,14,Molise,Molise,305617,245916,80.47,0.14
1591,2021-04-01,MOL,1469,667,802,729,726,14,ITF,ITF2,14,Molise,Molise,305617,247385,80.95,0.48
1592,2021-06-16,MOL,2006,1015,991,1135,857,14,ITF,ITF2,14,Molise,Molise,305617,249391,81.6,0.66
1593,2021-04-13,MOL,1632,718,914,1037,587,8,ITF,ITF2,14,Molise,Molise,305617,251023,82.14,0.53
1594,2021-03-27,MOL,2743,1273,1470,1295,1433,15,ITF,ITF2,14,Molise,Molise,305617,253766,83.03,0.9
1595,2021-07-05,MOL,2739,1282,1457,39,2698,2,ITF,ITF2,14,Molise,Molise,305617,256505,83.93,0.9
1596,2021-06-18,MOL,2767,1248,1519,1283,1458,26,ITF,ITF2,14,Molise,Molise,305617,259272,84.84,0.91
1597,2021-05-05,MOL,2417,1043,1374,2252,142,23,ITF,ITF2,14,Molise,Molise,305617,261689,85.63,0.79
1598,2021-05-04,MOL,2706,1181,1525,2545,128,33,ITF,ITF2,14,Molise,Molise,305617,264395,86.51,0.89
1599,2021-01-10,MOL,270,72,198,270,0,0,ITF,ITF2,14,Molise,Molise,305617,264665,86.6,0.09
1600,2021-04-20,MOL,2322,1028,1294,1213,1100,9,ITF,ITF2,14,Molise,Molise,305617,266987,87.36,0.76
1601,2021-06-09,MOL,1778,892,886,819,928,31,ITF,ITF2,14,Molise,Molise,305617,268765,87.94,0.58
1602,2021-05-23,MOL,1703,866,837,1689,6,8,ITF,ITF2,14,Molise,Molise,305617,270468,88.5,0.56
1603,2020-12-27,MOL,50,20,30,50,0,0,ITF,ITF2,14,Molise,Molise,305617,270518,88.52,0.02
1604,2021-07-19,MOL,2715,1326,1389,499,2189,27,ITF,ITF2,14,Molise,Molise,305617,273233,89.4,0.89
1605,2021-02-03,MOL,734,249,485,341,393,0,ITF,ITF2,14,Molise,Molise,305617,273967,89.64,0.24
1606,2021-04-27,MOL,1597,769,828,445,1130,22,ITF,ITF2,14,Molise,Molise,305617,275564,90.17,0.52
1607,2021-01-22,MOL,128,36,92,128,0,0,ITF,ITF2,14,Molise,Molise,305617,275692,90.21,0.04
1608,2021-05-02,MOL,1894,932,962,577,1306,11,ITF,ITF2,14,Molise,Molise,305617,277586,90.83,0.62
1609,2021-03-06,MOL,1728,807,921,1559,159,10,ITF,ITF2,14,Molise,Molise,305617,279314,91.39,0.57
1610,2021-03-20,MOL,2322,969,1353,992,1322,8,ITF,ITF2,14,Molise,Molise,305617,281636,92.15,0.76
1611,2021-06-28,MOL,2903,1353,1550,997,1884,22,ITF,ITF2,14,Molise,Molise,305617,284539,93.1,0.95
1612,2021-05-30,MOL,1864,929,935,1552,285,27,ITF,ITF2,14,Molise,Molise,305617,286403,93.71,0.61
1613,2021-05-16,MOL,1248,572,676,1046,182,20,ITF,ITF2,14,Molise,Molise,305617,287651,94.12,0.41
1614,2021-03-01,MOL,662,274,388,430,215,17,ITF,ITF2,14,Molise,Molise,305617,288313,94.34,0.22
1615,2021-04-03,MOL,1773,851,922,1716,35,22,ITF,ITF2,14,Molise,Molise,305617,290086,94.92,0.58
1616,2021-07-12,MOL,2665,1314,1351,353,2291,21,ITF,ITF2,14,Molise,Molise,305617,292751,95.79,0.87
1617,2021-07-06,MOL,3059,1427,1632,35,3020,4,ITF,ITF2,14,Molise,Molise,305617,295810,96.79,1.0
1618,2021-05-10,MOL,2894,1286,1608,2493,373,28,ITF,ITF2,14,Molise,Molise,305617,298704,97.74,0.95
1619,2021-06-29,MOL,2491,1159,1332,377,2088,26,ITF,ITF2,14,Molise,Molise,305617,301195,98.55,0.82
1620,2021-05-03,MOL,2487,1167,1320,2291,163,33,ITF,ITF2,14,Molise,Molise,305617,303682,99.37,0.81
1621,2021-05-17,MOL,2228,1092,1136,1705,496,27,ITF,ITF2,14,Molise,Molise,305617,305910,100.1,0.73
1622,2021-03-21,MOL,1246,542,704,477,767,2,ITF,ITF2,14,Molise,Molise,305617,307156,100.5,0.41
1623,2021-03-14,MOL,596,240,356,17,579,0,ITF,ITF2,14,Molise,Molise,305617,307752,100.7,0.2
1624,2021-06-22,MOL,2960,1368,1592,669,2274,17,ITF,ITF2,14,Molise,Molise,305617,310712,101.67,0.97
1625,2021-03-28,MOL,1627,748,879,518,1102,7,ITF,ITF2,14,Molise,Molise,305617,312339,102.2,0.53
1626,2021-01-30,MOL,461,158,303,12,449,0,ITF,ITF2,14,Molise,Molise,305617,312800,102.35,0.15
1627,2021-02-06,MOL,430,179,251,29,401,0,ITF,ITF2,14,Molise,Molise,305617,313230,102.49,0.14
1628,2021-06-04,MOL,3058,1499,1559,2574,457,27,ITF,ITF2,14,Molise,Molise,305617,316288,103.49,1.0
1629,2021-04-08,MOL,1767,904,863,1540,202,25,ITF,ITF2,14,Molise,Molise,305617,318055,104.07,0.58
1630,2021-07-17,MOL,2842,1519,1323,292,2528,22,ITF,ITF2,14,Molise,Molise,305617,320897,105.0,0.93
1631,2021-04-22,MOL,1847,864,983,1060,779,8,ITF,ITF2,14,Molise,Molise,305617,322744,105.6,0.6
1632,2021-02-17,MOL,72,32,40,50,15,7,ITF,ITF2,14,Molise,Molise,305617,322816,105.63,0.02
1633,2021-05-28,MOL,2650,1365,1285,2038,547,65,ITF,ITF2,14,Molise,Molise,305617,325466,106.49,0.87
1634,2021-06-11,MOL,3447,1656,1791,1973,1431,43,ITF,ITF2,14,Molise,Molise,305617,328913,107.62,1.13
1635,2021-04-15,MOL,1926,794,1132,1074,845,7,ITF,ITF2,14,Molise,Molise,305617,330839,108.25,0.63
1636,2021-03-24,MAR,7081,3009,4072,3297,3716,68,ITI,ITI3,11,Marche,Marche,1525271,7081,0.46,0.46
1637,2021-06-01,MAR,12057,6158,5899,9683,2090,284,ITI,ITI3,11,Marche,Marche,1525271,19138,1.25,0.79
1638,2021-03-10,MAR,5710,2440,3270,4480,1178,52,ITI,ITI3,11,Marche,Marche,1525271,24848,1.63,0.37
1639,2021-02-21,MAR,376,141,235,363,1,12,ITI,ITI3,11,Marche,Marche,1525271,25224,1.65,0.02
1640,2021-06-15,MAR,13192,6567,6625,9823,3052,317,ITI,ITI3,11,Marche,Marche,1525271,38416,2.52,0.86
1641,2021-01-12,MAR,1231,417,814,1218,0,13,ITI,ITI3,11,Marche,Marche,1525271,39647,2.6,0.08
1642,2021-06-22,MAR,13219,6482,6737,6474,6462,283,ITI,ITI3,11,Marche,Marche,1525271,52866,3.47,0.87
1643,2021-04-26,MAR,9170,4062,5108,6023,3022,125,ITI,ITI3,11,Marche,Marche,1525271,62036,4.07,0.6
1644,2021-05-20,MAR,12681,5960,6721,7534,4896,251,ITI,ITI3,11,Marche,Marche,1525271,74717,4.9,0.83
1645,2021-02-07,MAR,1871,735,1136,332,1527,12,ITI,ITI3,11,Marche,Marche,1525271,76588,5.02,0.12
1646,2021-07-23,MAR,6671,3515,3156,1037,5536,98,ITI,ITI3,11,Marche,Marche,1525271,83259,5.46,0.44
1647,2021-05-27,MAR,13733,6817,6916,9180,4302,251,ITI,ITI3,11,Marche,Marche,1525271,96992,6.36,0.9
1648,2021-03-31,MAR,7374,3086,4288,4268,3023,83,ITI,ITI3,11,Marche,Marche,1525271,104366,6.84,0.48
1649,2021-07-09,MAR,14894,7497,7397,2556,12124,214,ITI,ITI3,11,Marche,Marche,1525271,119260,7.82,0.98
1650,2021-01-26,MAR,2021,747,1274,80,1932,9,ITI,ITI3,11,Marche,Marche,1525271,121281,7.95,0.13
1651,2021-07-11,MAR,10398,5220,5178,1606,8656,136,ITI,ITI3,11,Marche,Marche,1525271,131679,8.63,0.68
1652,2021-04-19,MAR,9603,4498,5105,7902,1581,120,ITI,ITI3,11,Marche,Marche,1525271,141282,9.26,0.63
1653,2021-05-15,MAR,14114,6438,7676,7831,6038,245,ITI,ITI3,11,Marche,Marche,1525271,155396,10.19,0.93
1654,2021-02-19,MAR,2002,739,1263,1826,135,41,ITI,ITI3,11,Marche,Marche,1525271,157398,10.32,0.13
1655,2021-01-21,MAR,919,261,658,574,328,17,ITI,ITI3,11,Marche,Marche,1525271,158317,10.38,0.06
1656,2021-05-01,MAR,9318,3924,5394,3500,5742,76,ITI,ITI3,11,Marche,Marche,1525271,167635,10.99,0.61
1657,2021-03-05,MAR,6225,2873,3352,4694,1468,63,ITI,ITI3,11,Marche,Marche,1525271,173860,11.4,0.41
1658,2021-01-07,MAR,1810,637,1173,1794,0,16,ITI,ITI3,11,Marche,Marche,1525271,175670,11.52,0.12
1659,2021-04-05,MAR,5702,2367,3335,4357,1269,76,ITI,ITI3,11,Marche,Marche,1525271,181372,11.89,0.37
1660,2021-06-27,MAR,9950,4820,5130,4487,5292,171,ITI,ITI3,11,Marche,Marche,1525271,191322,12.54,0.65
1661,2021-03-19,MAR,3881,1621,2260,325,3544,12,ITI,ITI3,11,Marche,Marche,1525271,195203,12.8,0.25
1662,2021-03-17,MAR,3476,1525,1951,105,3369,2,ITI,ITI3,11,Marche,Marche,1525271,198679,13.03,0.23
1663,2021-01-19,MAR,232,87,145,139,90,3,ITI,ITI3,11,Marche,Marche,1525271,198911,13.04,0.02
1664,2021-02-02,MAR,1193,398,795,71,1122,0,ITI,ITI3,11,Marche,Marche,1525271,200104,13.12,0.08
1665,2021-05-13,MAR,12605,5695,6910,6827,5501,277,ITI,ITI3,11,Marche,Marche,1525271,212709,13.95,0.83
1666,2021-04-12,MAR,8565,3771,4794,7936,482,147,ITI,ITI3,11,Marche,Marche,1525271,221274,14.51,0.56
1667,2021-01-02,MAR,456,141,315,454,0,2,ITI,ITI3,11,Marche,Marche,1525271,221730,14.54,0.03
1668,2021-03-07,MAR,5180,2107,3073,4379,754,47,ITI,ITI3,11,Marche,Marche,1525271,226910,14.88,0.34
1669,2021-07-18,MAR,12125,6310,5815,1336,10670,119,ITI,ITI3,11,Marche,Marche,1525271,239035,15.67,0.79
1670,2021-01-31,MAR,1920,771,1149,97,1819,4,ITI,ITI3,11,Marche,Marche,1525271,240955,15.8,0.13
1671,2021-04-07,MAR,8179,3616,4563,7716,347,116,ITI,ITI3,11,Marche,Marche,1525271,249134,16.33,0.54
1672,2021-02-09,MAR,124,42,82,46,78,0,ITI,ITI3,11,Marche,Marche,1525271,249258,16.34,0.01
1673,2021-07-16,MAR,15837,8237,7600,1845,13734,258,ITI,ITI3,11,Marche,Marche,1525271,265095,17.38,1.04
1674,2021-06-12,MAR,13776,7312,6464,12106,1339,331,ITI,ITI3,11,Marche,Marche,1525271,278871,18.28,0.9
1675,2021-04-16,MAR,10082,4702,5380,9361,525,196,ITI,ITI3,11,Marche,Marche,1525271,288953,18.94,0.66
1676,2021-01-23,MAR,558,190,368,119,436,3,ITI,ITI3,11,Marche,Marche,1525271,289511,18.98,0.04
1677,2021-06-29,MAR,13372,6600,6772,4927,8218,227,ITI,ITI3,11,Marche,Marche,1525271,302883,19.86,0.88
1678,2021-05-03,MAR,10410,4691,5719,4866,5409,135,ITI,ITI3,11,Marche,Marche,1525271,313293,20.54,0.68
1679,2021-03-28,MAR,4125,1739,2386,2396,1691,38,ITI,ITI3,11,Marche,Marche,1525271,317418,20.81,0.27
1680,2021-03-29,MAR,5894,2581,3313,3392,2455,47,ITI,ITI3,11,Marche,Marche,1525271,323312,21.2,0.39
1681,2021-06-03,MAR,14633,7481,7152,12076,2252,305,ITI,ITI3,11,Marche,Marche,1525271,337945,22.16,0.96
1682,2021-02-18,MAR,2143,785,1358,1808,286,49,ITI,ITI3,11,Marche,Marche,1525271,340088,22.3,0.14
1683,2021-05-29,MAR,12860,6233,6627,8114,4528,218,ITI,ITI3,11,Marche,Marche,1525271,352948,23.14,0.84
1684,2021-03-12,MAR,4682,2000,2682,3348,1280,54,ITI,ITI3,11,Marche,Marche,1525271,357630,23.45,0.31
1685,2021-01-14,MAR,2013,694,1319,1989,0,24,ITI,ITI3,11,Marche,Marche,1525271,359643,23.58,0.13
1686,2021-06-20,MAR,11157,5545,5612,5990,4985,182,ITI,ITI3,11,Marche,Marche,1525271,370800,24.31,0.73
1687,2021-04-24,MAR,12167,5364,6803,7560,4464,143,ITI,ITI3,11,Marche,Marche,1525271,382967,25.11,0.8
1688,2021-02-26,MAR,3678,1524,2154,3098,476,104,ITI,ITI3,11,Marche,Marche,1525271,386645,25.35,0.24
1689,2021-02-14,MAR,739,301,438,727,0,12,ITI,ITI3,11,Marche,Marche,1525271,387384,25.4,0.05
1690,2021-05-08,MAR,12278,5480,6798,4859,7250,169,ITI,ITI3,11,Marche,Marche,1525271,399662,26.2,0.8
1691,2021-01-09,MAR,1717,606,1111,1697,0,20,ITI,ITI3,11,Marche,Marche,1525271,401379,26.32,0.11
1692,2021-04-02,MAR,6886,2983,3903,6039,739,108,ITI,ITI3,11,Marche,Marche,1525271,408265,26.77,0.45
1693,2021-07-04,MAR,10894,5444,5450,3203,7529,162,ITI,ITI3,11,Marche,Marche,1525271,419159,27.48,0.71
1694,2020-12-31,MAR,392,184,208,390,0,2,ITI,ITI3,11,Marche,Marche,1525271,419551,27.51,0.03
1695,2021-02-04,MAR,2386,843,1543,107,2274,5,ITI,ITI3,11,Marche,Marche,1525271,421937,27.66,0.16
1696,2021-02-28,MAR,2836,1251,1585,2822,6,8,ITI,ITI3,11,Marche,Marche,1525271,424773,27.85,0.19
1697,2021-06-08,MAR,14098,7095,7003,11198,2609,291,ITI,ITI3,11,Marche,Marche,1525271,438871,28.77,0.92
1698,2021-03-02,MAR,5002,1967,3035,4371,566,65,ITI,ITI3,11,Marche,Marche,1525271,443873,29.1,0.33
1699,2021-06-10,MAR,14927,7693,7234,12572,2013,342,ITI,ITI3,11,Marche,Marche,1525271,458800,30.08,0.98
1700,2021-07-06,MAR,13963,6921,7042,3143,10597,223,ITI,ITI3,11,Marche,Marche,1525271,472763,31.0,0.92
1701,2021-07-20,MAR,14399,7435,6964,1773,12452,174,ITI,ITI3,11,Marche,Marche,1525271,487162,31.94,0.94
1702,2021-01-16,MAR,2036,733,1303,1986,0,50,ITI,ITI3,11,Marche,Marche,1525271,489198,32.07,0.13
1703,2021-06-19,MAR,14696,7403,7293,7750,6681,265,ITI,ITI3,11,Marche,Marche,1525271,503894,33.04,0.96
1704,2021-05-31,MAR,11782,5944,5838,8600,2930,252,ITI,ITI3,11,Marche,Marche,1525271,515676,33.81,0.77
1705,2021-01-04,MAR,1516,573,943,1504,0,12,ITI,ITI3,11,Marche,Marche,1525271,517192,33.91,0.1
1706,2021-04-14,MAR,10214,4563,5651,9660,370,184,ITI,ITI3,11,Marche,Marche,1525271,527406,34.58,0.67
1707,2020-12-30,MAR,17,5,12,17,0,0,ITI,ITI3,11,Marche,Marche,1525271,527423,34.58,0.0
1708,2021-04-09,MAR,9571,4191,5380,9158,200,213,ITI,ITI3,11,Marche,Marche,1525271,536994,35.21,0.63
1709,2021-01-30,MAR,1905,668,1237,25,1880,0,ITI,ITI3,11,Marche,Marche,1525271,538899,35.33,0.12
1710,2021-05-10,MAR,9452,4338,5114,4771,4553,128,ITI,ITI3,11,Marche,Marche,1525271,548351,35.95,0.62
1711,2021-03-14,MAR,2499,1032,1467,1897,592,10,ITI,ITI3,11,Marche,Marche,1525271,550850,36.11,0.16
1712,2021-03-21,MAR,4505,1873,2632,1614,2876,15,ITI,ITI3,11,Marche,Marche,1525271,555355,36.41,0.3
1713,2021-02-16,MAR,1288,476,812,1226,30,32,ITI,ITI3,11,Marche,Marche,1525271,556643,36.49,0.08
1714,2021-02-25,MAR,3561,1464,2097,3320,181,60,ITI,ITI3,11,Marche,Marche,1525271,560204,36.73,0.23
1715,2021-06-05,MAR,13944,7011,6933,11520,2059,365,ITI,ITI3,11,Marche,Marche,1525271,574148,37.64,0.91
1716,2021-04-23,MAR,11306,5218,6088,8091,3055,160,ITI,ITI3,11,Marche,Marche,1525271,585454,38.38,0.74
1717,2021-03-16,MAR,3519,1521,1998,285,3228,6,ITI,ITI3,11,Marche,Marche,1525271,588973,38.61,0.23
1718,2021-06-24,MAR,13827,6670,7157,6185,7371,271,ITI,ITI3,11,Marche,Marche,1525271,602800,39.52,0.91
1719,2021-01-11,MAR,1177,412,765,1159,0,18,ITI,ITI3,11,Marche,Marche,1525271,603977,39.6,0.08
1720,2021-04-21,MAR,10786,4969,5817,9439,1194,153,ITI,ITI3,11,Marche,Marche,1525271,614763,40.31,0.71
1721,2021-05-24,MAR,10996,5192,5804,7956,2863,177,ITI,ITI3,11,Marche,Marche,1525271,625759,41.03,0.72
1722,2021-05-22,MAR,11938,5719,6219,7319,4448,171,ITI,ITI3,11,Marche,Marche,1525271,637697,41.81,0.78
1723,2021-02-11,MAR,1987,657,1330,1557,389,41,ITI,ITI3,11,Marche,Marche,1525271,639684,41.94,0.13
1724,2021-05-05,MAR,11691,5320,6371,5105,6429,157,ITI,ITI3,11,Marche,Marche,1525271,651375,42.71,0.77
1725,2021-05-17,MAR,12046,5649,6397,7472,4354,220,ITI,ITI3,11,Marche,Marche,1525271,663421,43.5,0.79
1726,2021-04-30,MAR,14151,6200,7951,5404,8560,187,ITI,ITI3,11,Marche,Marche,1525271,677572,44.42,0.93
1727,2021-04-11,MAR,7117,3116,4001,6692,287,138,ITI,ITI3,11,Marche,Marche,1525271,684689,44.89,0.47
1728,2021-03-11,MAR,6635,2824,3811,5149,1411,75,ITI,ITI3,11,Marche,Marche,1525271,691324,45.32,0.44
1729,2021-01-18,MAR,696,237,459,536,149,11,ITI,ITI3,11,Marche,Marche,1525271,692020,45.37,0.05
1730,2021-04-28,MAR,10928,4979,5949,6026,4733,169,ITI,ITI3,11,Marche,Marche,1525271,702948,46.09,0.72
1731,2021-03-26,MAR,6389,2626,3763,3478,2855,56,ITI,ITI3,11,Marche,Marche,1525271,709337,46.51,0.42
1732,2021-06-17,MAR,15197,7559,7638,8803,6099,295,ITI,ITI3,11,Marche,Marche,1525271,724534,47.5,1.0
1733,2021-03-09,MAR,5431,2293,3138,4465,881,85,ITI,ITI3,11,Marche,Marche,1525271,729965,47.86,0.36
1734,2021-02-06,MAR,2463,902,1561,513,1941,9,ITI,ITI3,11,Marche,Marche,1525271,732428,48.02,0.16
1735,2021-07-17,MAR,15136,7793,7343,1386,13539,211,ITI,ITI3,11,Marche,Marche,1525271,747564,49.01,0.99
1736,2021-05-21,MAR,13901,6590,7311,7226,6464,211,ITI,ITI3,11,Marche,Marche,1525271,761465,49.92,0.91
1737,2021-02-23,MAR,3314,1432,1882,3243,56,15,ITI,ITI3,11,Marche,Marche,1525271,764779,50.14,0.22
1738,2021-01-15,MAR,1771,500,1271,1754,0,17,ITI,ITI3,11,Marche,Marche,1525271,766550,50.26,0.12
1739,2021-04-25,MAR,8600,3994,4606,6897,1575,128,ITI,ITI3,11,Marche,Marche,1525271,775150,50.82,0.56
1740,2021-01-06,MAR,2205,801,1404,2186,0,19,ITI,ITI3,11,Marche,Marche,1525271,777355,50.97,0.14
1741,2021-03-04,MAR,6537,2893,3644,5084,1393,60,ITI,ITI3,11,Marche,Marche,1525271,783892,51.39,0.43
1742,2021-03-13,MAR,5804,2680,3124,1765,3999,40,ITI,ITI3,11,Marche,Marche,1525271,789696,51.77,0.38
1743,2021-06-21,MAR,12604,6183,6421,5482,6877,245,ITI,ITI3,11,Marche,Marche,1525271,802300,52.6,0.83
1744,2021-05-09,MAR,8863,4020,4843,3559,5227,77,ITI,ITI3,11,Marche,Marche,1525271,811163,53.18,0.58
1745,2021-05-07,MAR,12840,5806,7034,3583,9179,78,ITI,ITI3,11,Marche,Marche,1525271,824003,54.02,0.84
1746,2021-02-13,MAR,1093,462,631,988,82,23,ITI,ITI3,11,Marche,Marche,1525271,825096,54.1,0.07
1747,2021-01-27,MAR,2119,780,1339,116,2001,2,ITI,ITI3,11,Marche,Marche,1525271,827215,54.23,0.14
1748,2021-05-28,MAR,13956,6736,7220,8801,4857,298,ITI,ITI3,11,Marche,Marche,1525271,841171,55.15,0.91
1749,2021-04-01,MAR,7576,3182,4394,4068,3416,92,ITI,ITI3,11,Marche,Marche,1525271,848747,55.65,0.5
1750,2021-07-10,MAR,14160,7233,6927,1658,12300,202,ITI,ITI3,11,Marche,Marche,1525271,862907,56.57,0.93
1751,2021-04-22,MAR,10797,4930,5867,9083,1578,136,ITI,ITI3,11,Marche,Marche,1525271,873704,57.28,0.71
1752,2021-02-24,MAR,3534,1547,1987,3424,78,32,ITI,ITI3,11,Marche,Marche,1525271,877238,57.51,0.23
1753,2021-01-28,MAR,2086,725,1361,163,1922,1,ITI,ITI3,11,Marche,Marche,1525271,879324,57.65,0.14
1754,2021-04-04,MAR,3835,1797,2038,2617,1169,49,ITI,ITI3,11,Marche,Marche,1525271,883159,57.9,0.25
1755,2021-07-13,MAR,14853,7279,7574,1457,13266,130,ITI,ITI3,11,Marche,Marche,1525271,898012,58.88,0.97
1756,2021-06-09,MAR,14279,7417,6862,12109,1869,301,ITI,ITI3,11,Marche,Marche,1525271,912291,59.81,0.94
1757,2021-06-07,MAR,13321,6588,6733,10568,2450,303,ITI,ITI3,11,Marche,Marche,1525271,925612,60.69,0.87
1758,2021-02-27,MAR,3401,1457,1944,3158,209,34,ITI,ITI3,11,Marche,Marche,1525271,929013,60.91,0.22
1759,2021-07-22,MAR,15748,8048,7700,2020,13487,241,ITI,ITI3,11,Marche,Marche,1525271,944761,61.94,1.03
1760,2021-04-13,MAR,9838,4260,5578,9412,233,193,ITI,ITI3,11,Marche,Marche,1525271,954599,62.59,0.65
1761,2021-07-05,MAR,13163,6505,6658,2920,10072,171,ITI,ITI3,11,Marche,Marche,1525271,967762,63.45,0.86
1762,2021-06-16,MAR,13757,6913,6844,9129,4366,262,ITI,ITI3,11,Marche,Marche,1525271,981519,64.35,0.9
1763,2021-06-02,MAR,11901,5939,5962,11030,676,195,ITI,ITI3,11,Marche,Marche,1525271,993420,65.13,0.78
1764,2021-03-06,MAR,5737,2641,3096,4423,1267,47,ITI,ITI3,11,Marche,Marche,1525271,999157,65.51,0.38
1765,2021-06-14,MAR,12836,6485,6351,9258,3308,270,ITI,ITI3,11,Marche,Marche,1525271,1011993,66.35,0.84
1766,2021-01-13,MAR,2108,746,1362,2067,0,41,ITI,ITI3,11,Marche,Marche,1525271,1014101,66.49,0.14
1767,2021-05-02,MAR,8901,3938,4963,3082,5739,80,ITI,ITI3,11,Marche,Marche,1525271,1023002,67.07,0.58
1768,2021-06-28,MAR,12308,6002,6306,4610,7461,237,ITI,ITI3,11,Marche,Marche,1525271,1035310,67.88,0.81
1769,2021-04-20,MAR,10753,5028,5725,9154,1470,129,ITI,ITI3,11,Marche,Marche,1525271,1046063,68.58,0.7
1770,2021-01-25,MAR,1597,558,1039,94,1503,0,ITI,ITI3,11,Marche,Marche,1525271,1047660,68.69,0.1
1771,2021-01-08,MAR,1582,592,990,1567,0,15,ITI,ITI3,11,Marche,Marche,1525271,1049242,68.79,0.1
1772,2021-04-18,MAR,8824,4131,4693,7735,921,168,ITI,ITI3,11,Marche,Marche,1525271,1058066,69.37,0.58
1773,2021-03-25,MAR,6703,2794,3909,3191,3456,56,ITI,ITI3,11,Marche,Marche,1525271,1064769,69.81,0.44
1774,2021-07-03,MAR,13842,6990,6852,4136,9394,312,ITI,ITI3,11,Marche,Marche,1525271,1078611,70.72,0.91
1775,2021-02-20,MAR,4163,1733,2430,4042,111,10,ITI,ITI3,11,Marche,Marche,1525271,1082774,70.99,0.27
1776,2021-01-20,MAR,406,100,306,384,20,2,ITI,ITI3,11,Marche,Marche,1525271,1083180,71.02,0.03
1777,2021-02-03,MAR,2124,741,1383,98,2005,21,ITI,ITI3,11,Marche,Marche,1525271,1085304,71.15,0.14
1778,2021-02-22,MAR,3461,1532,1929,3352,75,34,ITI,ITI3,11,Marche,Marche,1525271,1088765,71.38,0.23
1779,2021-03-27,MAR,7416,3092,4324,4951,2393,72,ITI,ITI3,11,Marche,Marche,1525271,1096181,71.87,0.49
1780,2021-04-10,MAR,10928,4625,6303,10380,313,235,ITI,ITI3,11,Marche,Marche,1525271,1107109,72.58,0.72
1781,2021-01-03,MAR,909,356,553,899,0,10,ITI,ITI3,11,Marche,Marche,1525271,1108018,72.64,0.06
1782,2021-07-19,MAR,14677,7531,7146,1927,12536,214,ITI,ITI3,11,Marche,Marche,1525271,1122695,73.61,0.96
1783,2021-03-18,MAR,3438,1505,1933,150,3276,12,ITI,ITI3,11,Marche,Marche,1525271,1126133,73.83,0.23
1784,2021-06-26,MAR,13574,6904,6670,5688,7669,217,ITI,ITI3,11,Marche,Marche,1525271,1139707,74.72,0.89
1785,2021-05-23,MAR,9209,4283,4926,7413,1672,124,ITI,ITI3,11,Marche,Marche,1525271,1148916,75.33,0.6
1786,2021-05-06,MAR,12655,5822,6833,5363,7071,221,ITI,ITI3,11,Marche,Marche,1525271,1161571,76.16,0.83
1787,2021-01-29,MAR,1994,731,1263,160,1829,5,ITI,ITI3,11,Marche,Marche,1525271,1163565,76.29,0.13
1788,2021-05-18,MAR,11269,5348,5921,7490,3601,178,ITI,ITI3,11,Marche,Marche,1525271,1174834,77.02,0.74
1789,2021-05-11,MAR,10623,4832,5791,5490,4943,190,ITI,ITI3,11,Marche,Marche,1525271,1185457,77.72,0.7
1790,2021-06-04,MAR,14338,7290,7048,11590,2439,309,ITI,ITI3,11,Marche,Marche,1525271,1199795,78.66,0.94
1791,2021-04-08,MAR,8697,3808,4889,8218,347,132,ITI,ITI3,11,Marche,Marche,1525271,1208492,79.23,0.57
1792,2021-03-03,MAR,6699,3076,3623,5718,884,97,ITI,ITI3,11,Marche,Marche,1525271,1215191,79.67,0.44
1793,2021-01-05,MAR,1578,591,987,1559,0,19,ITI,ITI3,11,Marche,Marche,1525271,1216769,79.77,0.1
1794,2021-03-22,MAR,5700,2409,3291,2482,3175,43,ITI,ITI3,11,Marche,Marche,1525271,1222469,80.15,0.37
1795,2021-01-24,MAR,883,341,542,5,878,0,ITI,ITI3,11,Marche,Marche,1525271,1223352,80.21,0.06
1796,2021-06-30,MAR,13648,6663,6985,4452,8985,211,ITI,ITI3,11,Marche,Marche,1525271,1237000,81.1,0.89
1797,2021-05-04,MAR,10974,4839,6135,4929,5903,142,ITI,ITI3,11,Marche,Marche,1525271,1247974,81.82,0.72
1798,2021-03-20,MAR,4178,1759,2419,1035,3129,14,ITI,ITI3,11,Marche,Marche,1525271,1252152,82.09,0.27
1799,2021-03-08,MAR,6298,2759,3539,5187,1002,109,ITI,ITI3,11,Marche,Marche,1525271,1258450,82.51,0.41
1800,2021-02-05,MAR,2155,654,1501,438,1716,1,ITI,ITI3,11,Marche,Marche,1525271,1260605,82.65,0.14
1801,2021-05-16,MAR,10898,4957,5941,6551,4228,119,ITI,ITI3,11,Marche,Marche,1525271,1271503,83.36,0.71
1802,2021-05-30,MAR,9733,4691,5042,6547,2989,197,ITI,ITI3,11,Marche,Marche,1525271,1281236,84.0,0.64
1803,2021-07-14,MAR,13849,6819,7030,1784,11874,191,ITI,ITI3,11,Marche,Marche,1525271,1295085,84.91,0.91
1804,2021-01-10,MAR,1746,702,1044,1732,0,14,ITI,ITI3,11,Marche,Marche,1525271,1296831,85.02,0.11
1805,2021-07-12,MAR,13722,6804,6918,1228,12376,118,ITI,ITI3,11,Marche,Marche,1525271,1310553,85.92,0.9
1806,2021-04-03,MAR,7574,3205,4369,6738,667,169,ITI,ITI3,11,Marche,Marche,1525271,1318127,86.42,0.5
1807,2021-05-14,MAR,13633,6292,7341,6509,6912,212,ITI,ITI3,11,Marche,Marche,1525271,1331760,87.31,0.89
1808,2021-07-02,MAR,14544,7173,7371,4673,9641,230,ITI,ITI3,11,Marche,Marche,1525271,1346304,88.27,0.95
1809,2021-06-18,MAR,15349,7648,7701,8299,6751,299,ITI,ITI3,11,Marche,Marche,1525271,1361653,89.27,1.01
1810,2021-07-21,MAR,14922,7617,7305,2068,12641,213,ITI,ITI3,11,Marche,Marche,1525271,1376575,90.25,0.98
1811,2021-04-15,MAR,10377,4675,5702,9578,565,234,ITI,ITI3,11,Marche,Marche,1525271,1386952,90.93,0.68
1812,2021-02-17,MAR,1828,701,1127,1642,118,68,ITI,ITI3,11,Marche,Marche,1525271,1388780,91.05,0.12
1813,2021-02-12,MAR,1582,618,964,1404,152,26,ITI,ITI3,11,Marche,Marche,1525271,1390362,91.16,0.1
1814,2021-02-10,MAR,1439,452,987,1038,359,42,ITI,ITI3,11,Marche,Marche,1525271,1391801,91.25,0.09
1815,2021-06-11,MAR,13991,7151,6840,11366,2321,304,ITI,ITI3,11,Marche,Marche,1525271,1405792,92.17,0.92
1816,2021-03-15,MAR,4449,2059,2390,1291,3137,21,ITI,ITI3,11,Marche,Marche,1525271,1410241,92.46,0.29
1817,2021-06-23,MAR,13893,6817,7076,6626,7012,255,ITI,ITI3,11,Marche,Marche,1525271,1424134,93.37,0.91
1818,2021-01-22,MAR,489,168,321,193,294,2,ITI,ITI3,11,Marche,Marche,1525271,1424623,93.4,0.03
1819,2021-07-07,MAR,14255,7067,7188,2937,11077,241,ITI,ITI3,11,Marche,Marche,1525271,1438878,94.34,0.93
1820,2021-06-25,MAR,14343,7171,7172,6422,7634,287,ITI,ITI3,11,Marche,Marche,1525271,1453221,95.28,0.94
1821,2021-05-25,MAR,11767,5798,5969,8497,3050,220,ITI,ITI3,11,Marche,Marche,1525271,1464988,96.05,0.77
1822,2021-03-01,MAR,3772,1520,2252,3503,248,21,ITI,ITI3,11,Marche,Marche,1525271,1468760,96.3,0.25
1823,2021-04-29,MAR,13440,6153,7287,7165,6098,177,ITI,ITI3,11,Marche,Marche,1525271,1482200,97.18,0.88
1824,2021-04-27,MAR,9591,4389,5202,5511,3987,93,ITI,ITI3,11,Marche,Marche,1525271,1491791,97.8,0.63
1825,2021-01-17,MAR,1619,695,924,1551,62,6,ITI,ITI3,11,Marche,Marche,1525271,1493410,97.91,0.11
1826,2021-05-12,MAR,10430,4691,5739,4737,5503,190,ITI,ITI3,11,Marche,Marche,1525271,1503840,98.59,0.68
1827,2021-07-08,MAR,15038,7539,7499,2790,12023,225,ITI,ITI3,11,Marche,Marche,1525271,1518878,99.58,0.99
1828,2021-07-01,MAR,14686,7365,7321,4658,9750,278,ITI,ITI3,11,Marche,Marche,1525271,1533564,100.54,0.96
1829,2021-02-15,MAR,967,412,555,939,13,15,ITI,ITI3,11,Marche,Marche,1525271,1534531,100.61,0.06
1830,2021-05-26,MAR,11888,5952,5936,8449,3225,214,ITI,ITI3,11,Marche,Marche,1525271,1546419,101.39,0.78
1831,2021-03-30,MAR,7476,3075,4401,4581,2823,72,ITI,ITI3,11,Marche,Marche,1525271,1553895,101.88,0.49
1832,2021-02-01,MAR,1362,479,883,94,1265,3,ITI,ITI3,11,Marche,Marche,1525271,1555257,101.97,0.09
1833,2021-04-06,MAR,8873,3692,5181,7930,810,133,ITI,ITI3,11,Marche,Marche,1525271,1564130,102.55,0.58
1834,2021-03-23,MAR,5838,2556,3282,2227,3576,35,ITI,ITI3,11,Marche,Marche,1525271,1569968,102.93,0.38
1835,2021-02-08,MAR,833,258,575,366,462,5,ITI,ITI3,11,Marche,Marche,1525271,1570801,102.99,0.05
1836,2021-07-15,MAR,16008,8286,7722,1750,14030,228,ITI,ITI3,11,Marche,Marche,1525271,1586809,104.03,1.05
1837,2021-05-19,MAR,11660,5362,6298,8369,3096,195,ITI,ITI3,11,Marche,Marche,1525271,1598469,104.8,0.76
1838,2021-04-17,MAR,11704,5316,6388,10400,1073,231,ITI,ITI3,11,Marche,Marche,1525271,1610173,105.57,0.77
1839,2021-06-13,MAR,10748,5564,5184,9204,1295,249,ITI,ITI3,11,Marche,Marche,1525271,1620921,106.27,0.7
1840,2020-12-27,MAR,206,100,106,204,0,2,ITI,ITI3,11,Marche,Marche,1525271,1621127,106.28,0.01
1841,2021-06-06,MAR,12452,6137,6315,10639,1577,236,ITI,ITI3,11,Marche,Marche,1525271,1633579,107.1,0.82
1842,2021-03-28,FVG,4938,2354,2584,4726,158,54,ITH,ITH4,6,Friuli-Venezia Giulia,Friuli Venezia Giulia,1215220,4938,0.41,0.41
1843,2021-01-18,FVG,1961,606,1355,1867,94,0,ITH,ITH4,6,Friuli-Venezia Giulia,Friuli Venezia Giulia,1215220,6899,0.57,0.16
1844,2021-01-04,FVG,1507,558,949,1507,0,0,ITH,ITH4,6,Friuli-Venezia Giulia,Friuli Venezia Giulia,1215220,8406,0.69,0.12
1845,2021-02-06,FVG,1154,338,816,21,1132,1,ITH,ITH4,6,Friuli-Venezia Giulia,Friuli Venezia Giulia,1215220,9560,0.79,0.09
1846,2021-02-23,FVG,2644,1278,1366,2460,180,4,ITH,ITH4,6,Friuli-Venezia Giulia,Friuli Venezia Giulia,1215220,12204,1.0,0.22
1847,2021-07-20,FVG,9001,4704,4297,2261,6441,299,ITH,ITH4,6,Friuli-Venezia Giulia,Friuli Venezia Giulia,1215220,21205,1.74,0.74
1848,2021-04-11,FVG,3433,1519,1914,2435,906,92,ITH,ITH4,6,Friuli-Venezia Giulia,Friuli Venezia Giulia,1215220,24638,2.03,0.28
1849,2021-06-07,FVG,9203,4770,4433,8182,994,27,ITH,ITH4,6,Friuli-Venezia Giulia,Friuli Venezia Giulia,1215220,33841,2.78,0.76
1850,2021-05-31,FVG,8907,4426,4481,6506,2189,212,ITH,ITH4,6,Friuli-Venezia Giulia,Friuli Venezia Giulia,1215220,42748,3.52,0.73
1851,2021-04-28,FVG,7309,3229,4080,3683,3495,131,ITH,ITH4,6,Friuli-Venezia Giulia,Friuli Venezia Giulia,1215220,50057,4.12,0.6
1852,2021-01-23,FVG,814,323,491,4,810,0,ITH,ITH4,6,Friuli-Venezia Giulia,Friuli Venezia Giulia,1215220,50871,4.19,0.07
1853,2021-05-05,FVG,9767,4265,5502,6059,3471,237,ITH,ITH4,6,Friuli-Venezia Giulia,Friuli Venezia Giulia,1215220,60638,4.99,0.8
1854,2021-06-24,FVG,11075,5649,5426,1980,9085,10,ITH,ITH4,6,Friuli-Venezia Giulia,Friuli Venezia Giulia,1215220,71713,5.9,0.91
1855,2021-03-16,FVG,3187,1299,1888,1031,2081,75,ITH,ITH4,6,Friuli-Venezia Giulia,Friuli Venezia Giulia,1215220,74900,6.16,0.26
1856,2021-05-12,FVG,10877,5041,5836,9071,1412,394,ITH,ITH4,6,Friuli-Venezia Giulia,Friuli Venezia Giulia,1215220,85777,7.06,0.9
1857,2021-01-30,FVG,2277,745,1532,270,2007,0,ITH,ITH4,6,Friuli-Venezia Giulia,Friuli Venezia Giulia,1215220,88054,7.25,0.19
1858,2021-07-13,FVG,10922,5630,5292,1049,9718,155,ITH,ITH4,6,Friuli-Venezia Giulia,Friuli Venezia Giulia,1215220,98976,8.14,0.9
1859,2021-06-26,FVG,10203,5195,5008,4037,6154,12,ITH,ITH4,6,Friuli-Venezia Giulia,Friuli Venezia Giulia,1215220,109179,8.98,0.84
1860,2021-07-08,FVG,12914,6979,5935,1286,11430,198,ITH,ITH4,6,Friuli-Venezia Giulia,Friuli Venezia Giulia,1215220,122093,10.05,1.06
1861,2021-02-04,FVG,2725,808,1917,35,2690,0,ITH,ITH4,6,Friuli-Venezia Giulia,Friuli Venezia Giulia,1215220,124818,10.27,0.22
1862,2021-04-30,FVG,7366,3252,4114,3543,3655,168,ITH,ITH4,6,Friuli-Venezia Giulia,Friuli Venezia Giulia,1215220,132184,10.88,0.61
1863,2021-02-18,FVG,3218,1492,1726,2791,407,20,ITH,ITH4,6,Friuli-Venezia Giulia,Friuli Venezia Giulia,1215220,135402,11.14,0.26
1864,2021-04-02,FVG,6595,2927,3668,4644,1838,113,ITH,ITH4,6,Friuli-Venezia Giulia,Friuli Venezia Giulia,1215220,141997,11.68,0.54
1865,2021-04-16,FVG,6963,3027,3936,4910,1926,127,ITH,ITH4,6,Friuli-Venezia Giulia,Friuli Venezia Giulia,1215220,148960,12.26,0.57
1866,2021-01-06,FVG,716,265,451,716,0,0,ITH,ITH4,6,Friuli-Venezia Giulia,Friuli Venezia Giulia,1215220,149676,12.32,0.06
1867,2021-05-24,FVG,11427,5527,5900,7556,3619,252,ITH,ITH4,6,Friuli-Venezia Giulia,Friuli Venezia Giulia,1215220,161103,13.26,0.94
1868,2021-02-13,FVG,566,179,387,559,6,1,ITH,ITH4,6,Friuli-Venezia Giulia,Friuli Venezia Giulia,1215220,161669,13.3,0.05
1869,2021-03-02,FVG,4222,1519,2703,2702,1500,20,ITH,ITH4,6,Friuli-Venezia Giulia,Friuli Venezia Giulia,1215220,165891,13.65,0.35
1870,2021-03-04,FVG,3452,1598,1854,2769,660,23,ITH,ITH4,6,Friuli-Venezia Giulia,Friuli Venezia Giulia,1215220,169343,13.94,0.28
1871,2021-06-12,FVG,8204,4703,3501,7019,1160,25,ITH,ITH4,6,Friuli-Venezia Giulia,Friuli Venezia Giulia,1215220,177547,14.61,0.68
1872,2021-03-21,FVG,2673,1001,1672,2228,409,36,ITH,ITH4,6,Friuli-Venezia Giulia,Friuli Venezia Giulia,1215220,180220,14.83,0.22
1873,2021-05-17,FVG,8810,4088,4722,6095,2488,227,ITH,ITH4,6,Friuli-Venezia Giulia,Friuli Venezia Giulia,1215220,189030,15.56,0.72
1874,2021-03-09,FVG,4012,1723,2289,1237,2750,25,ITH,ITH4,6,Friuli-Venezia Giulia,Friuli Venezia Giulia,1215220,193042,15.89,0.33
1875,2021-01-25,FVG,1583,567,1016,194,1389,0,ITH,ITH4,6,Friuli-Venezia Giulia,Friuli Venezia Giulia,1215220,194625,16.02,0.13
1876,2021-07-01,FVG,12243,6363,5880,2530,9444,269,ITH,ITH4,6,Friuli-Venezia Giulia,Friuli Venezia Giulia,1215220,206868,17.02,1.01
1877,2021-03-23,FVG,3892,1685,2207,1737,2141,14,ITH,ITH4,6,Friuli-Venezia Giulia,Friuli Venezia Giulia,1215220,210760,17.34,0.32
1878,2021-01-16,FVG,1230,360,870,1230,0,0,ITH,ITH4,6,Friuli-Venezia Giulia,Friuli Venezia Giulia,1215220,211990,17.44,0.1
1879,2021-07-03,FVG,11386,6077,5309,1077,10155,154,ITH,ITH4,6,Friuli-Venezia Giulia,Friuli Venezia Giulia,1215220,223376,18.38,0.94
1880,2021-03-25,FVG,5534,2425,3109,3339,2137,58,ITH,ITH4,6,Friuli-Venezia Giulia,Friuli Venezia Giulia,1215220,228910,18.84,0.46
1881,2021-02-27,FVG,3531,1201,2330,3511,1,19,ITH,ITH4,6,Friuli-Venezia Giulia,Friuli Venezia Giulia,1215220,232441,19.13,0.29
1882,2021-04-25,FVG,2373,991,1382,2187,11,175,ITH,ITH4,6,Friuli-Venezia Giulia,Friuli Venezia Giulia,1215220,234814,19.32,0.2
1883,2021-01-15,FVG,2020,605,1415,2019,0,1,ITH,ITH4,6,Friuli-Venezia Giulia,Friuli Venezia Giulia,1215220,236834,19.49,0.17
1884,2021-05-19,FVG,12044,5935,6109,9298,2346,400,ITH,ITH4,6,Friuli-Venezia Giulia,Friuli Venezia Giulia,1215220,248878,20.48,0.99
1885,2021-03-14,FVG,1398,550,848,1124,252,22,ITH,ITH4,6,Friuli-Venezia Giulia,Friuli Venezia Giulia,1215220,250276,20.6,0.12
1886,2021-04-08,FVG,7451,3222,4229,5406,1922,123,ITH,ITH4,6,Friuli-Venezia Giulia,Friuli Venezia Giulia,1215220,257727,21.21,0.61
1887,2021-05-21,FVG,11215,5020,6195,7922,2975,318,ITH,ITH4,6,Friuli-Venezia Giulia,Friuli Venezia Giulia,1215220,268942,22.13,0.92
1888,2021-02-10,FVG,1350,496,854,1264,86,0,ITH,ITH4,6,Friuli-Venezia Giulia,Friuli Venezia Giulia,1215220,270292,22.24,0.11
1889,2021-07-17,FVG,7164,3844,3320,550,6527,87,ITH,ITH4,6,Friuli-Venezia Giulia,Friuli Venezia Giulia,1215220,277456,22.83,0.59
1890,2021-02-01,FVG,2099,688,1411,16,2083,0,ITH,ITH4,6,Friuli-Venezia Giulia,Friuli Venezia Giulia,1215220,279555,23.0,0.17
1891,2021-02-11,FVG,1930,664,1266,1735,192,3,ITH,ITH4,6,Friuli-Venezia Giulia,Friuli Venezia Giulia,1215220,281485,23.16,0.16
1892,2021-04-09,FVG,7916,3659,4257,6508,1248,160,ITH,ITH4,6,Friuli-Venezia Giulia,Friuli Venezia Giulia,1215220,289401,23.81,0.65
1893,2020-12-30,FVG,626,244,382,626,0,0,ITH,ITH4,6,Friuli-Venezia Giulia,Friuli Venezia Giulia,1215220,290027,23.87,0.05
1894,2021-06-05,FVG,10311,5330,4981,8745,1548,18,ITH,ITH4,6,Friuli-Venezia Giulia,Friuli Venezia Giulia,1215220,300338,24.71,0.85
1895,2021-02-25,FVG,3165,1651,1514,3111,29,25,ITH,ITH4,6,Friuli-Venezia Giulia,Friuli Venezia Giulia,1215220,303503,24.98,0.26
1896,2021-04-21,FVG,7775,3469,4306,4020,3680,75,ITH,ITH4,6,Friuli-Venezia Giulia,Friuli Venezia Giulia,1215220,311278,25.61,0.64
1897,2021-01-11,FVG,1882,608,1274,1882,0,0,ITH,ITH4,6,Friuli-Venezia Giulia,Friuli Venezia Giulia,1215220,313160,25.77,0.15
1898,2021-07-15,FVG,9977,5085,4892,901,8827,249,ITH,ITH4,6,Friuli-Venezia Giulia,Friuli Venezia Giulia,1215220,323137,26.59,0.82
1899,2021-04-23,FVG,7473,3379,4094,3477,3866,130,ITH,ITH4,6,Friuli-Venezia Giulia,Friuli Venezia Giulia,1215220,330610,27.21,0.61
1900,2021-06-19,FVG,8506,4435,4071,1367,7132,7,ITH,ITH4,6,Friuli-Venezia Giulia,Friuli Venezia Giulia,1215220,339116,27.91,0.7
1901,2021-03-11,FVG,3478,1517,1961,1715,1751,12,ITH,ITH4,6,Friuli-Venezia Giulia,Friuli Venezia Giulia,1215220,342594,28.19,0.29
1902,2021-01-27,FVG,1272,426,846,449,821,2,ITH,ITH4,6,Friuli-Venezia Giulia,Friuli Venezia Giulia,1215220,343866,28.3,0.1
1903,2021-05-07,FVG,10637,4871,5766,6945,3527,165,ITH,ITH4,6,Friuli-Venezia Giulia,Friuli Venezia Giulia,1215220,354503,29.17,0.88
1904,2021-05-09,FVG,7368,3309,4059,3374,3865,129,ITH,ITH4,6,Friuli-Venezia Giulia,Friuli Venezia Giulia,1215220,361871,29.78,0.61
1905,2021-06-04,FVG,12063,6200,5863,10636,1386,41,ITH,ITH4,6,Friuli-Venezia Giulia,Friuli Venezia Giulia,1215220,373934,30.77,0.99
1906,2021-07-05,FVG,9520,4833,4687,1297,8075,148,ITH,ITH4,6,Friuli-Venezia Giulia,Friuli Venezia Giulia,1215220,383454,31.55,0.78
1907,2021-06-21,FVG,9155,4474,4681,1900,7245,10,ITH,ITH4,6,Friuli-Venezia Giulia,Friuli Venezia Giulia,1215220,392609,32.31,0.75
1908,2021-03-13,FVG,2943,1124,1819,1658,1273,12,ITH,ITH4,6,Friuli-Venezia Giulia,Friuli Venezia Giulia,1215220,395552,32.55,0.24
1909,2021-03-30,FVG,7230,3256,3974,6192,926,112,ITH,ITH4,6,Friuli-Venezia Giulia,Friuli Venezia Giulia,1215220,402782,33.14,0.59
1910,2021-07-10,FVG,8766,4517,4249,132,8606,28,ITH,ITH4,6,Friuli-Venezia Giulia,Friuli Venezia Giulia,1215220,411548,33.87,0.72
1911,2021-04-01,FVG,6423,3069,3354,5338,1015,70,ITH,ITH4,6,Friuli-Venezia Giulia,Friuli Venezia Giulia,1215220,417971,34.39,0.53
1912,2021-05-28,FVG,10615,5089,5526,6254,4112,249,ITH,ITH4,6,Friuli-Venezia Giulia,Friuli Venezia Giulia,1215220,428586,35.27,0.87
1913,2021-04-18,FVG,6047,2807,3240,5454,407,186,ITH,ITH4,6,Friuli-Venezia Giulia,Friuli Venezia Giulia,1215220,434633,35.77,0.5
1914,2021-01-08,FVG,2321,746,1575,2321,0,0,ITH,ITH4,6,Friuli-Venezia Giulia,Friuli Venezia Giulia,1215220,436954,35.96,0.19
1915,2021-06-14,FVG,10268,4984,5284,5434,4812,22,ITH,ITH4,6,Friuli-Venezia Giulia,Friuli Venezia Giulia,1215220,447222,36.8,0.84
1916,2021-02-20,FVG,2067,932,1135,1920,144,3,ITH,ITH4,6,Friuli-Venezia Giulia,Friuli Venezia Giulia,1215220,449289,36.97,0.17
1917,2021-01-22,FVG,89,29,60,0,89,0,ITH,ITH4,6,Friuli-Venezia Giulia,Friuli Venezia Giulia,1215220,449378,36.98,0.01
1918,2021-03-06,FVG,3500,1196,2304,3147,325,28,ITH,ITH4,6,Friuli-Venezia Giulia,Friuli Venezia Giulia,1215220,452878,37.27,0.29
1919,2021-05-14,FVG,10764,5361,5403,7891,2597,276,ITH,ITH4,6,Friuli-Venezia Giulia,Friuli Venezia Giulia,1215220,463642,38.15,0.89
1920,2021-02-03,FVG,2648,791,1857,22,2625,1,ITH,ITH4,6,Friuli-Venezia Giulia,Friuli Venezia Giulia,1215220,466290,38.37,0.22
1921,2021-02-08,FVG,2356,694,1662,90,2265,1,ITH,ITH4,6,Friuli-Venezia Giulia,Friuli Venezia Giulia,1215220,468646,38.56,0.19
1922,2021-06-09,FVG,11321,5959,5362,9893,1395,33,ITH,ITH4,6,Friuli-Venezia Giulia,Friuli Venezia Giulia,1215220,479967,39.5,0.93
1923,2021-03-01,FVG,2960,1041,1919,2888,53,19,ITH,ITH4,6,Friuli-Venezia Giulia,Friuli Venezia Giulia,1215220,482927,39.74,0.24
1924,2021-03-18,FVG,3376,1423,1953,1683,1685,8,ITH,ITH4,6,Friuli-Venezia Giulia,Friuli Venezia Giulia,1215220,486303,40.02,0.28
1925,2021-06-28,FVG,9832,4953,4879,2126,7687,19,ITH,ITH4,6,Friuli-Venezia Giulia,Friuli Venezia Giulia,1215220,496135,40.83,0.81
1926,2021-03-20,FVG,3404,1411,1993,1302,2091,11,ITH,ITH4,6,Friuli-Venezia Giulia,Friuli Venezia Giulia,1215220,499539,41.11,0.28
1927,2021-05-26,FVG,13431,6705,6726,9671,3441,319,ITH,ITH4,6,Friuli-Venezia Giulia,Friuli Venezia Giulia,1215220,512970,42.21,1.11
1928,2021-02-15,FVG,2455,911,1544,2196,254,5,ITH,ITH4,6,Friuli-Venezia Giulia,Friuli Venezia Giulia,1215220,515425,42.41,0.2
1929,2021-05-02,FVG,6898,3248,3650,3807,2958,133,ITH,ITH4,6,Friuli-Venezia Giulia,Friuli Venezia Giulia,1215220,522323,42.98,0.57
1930,2021-05-16,FVG,10000,4784,5216,8372,1401,227,ITH,ITH4,6,Friuli-Venezia Giulia,Friuli Venezia Giulia,1215220,532323,43.8,0.82
1931,2021-06-18,FVG,10782,5310,5472,3464,7294,24,ITH,ITH4,6,Friuli-Venezia Giulia,Friuli Venezia Giulia,1215220,543105,44.69,0.89
1932,2021-03-10,FVG,3592,1702,1890,1744,1795,53,ITH,ITH4,6,Friuli-Venezia Giulia,Friuli Venezia Giulia,1215220,546697,44.99,0.3
1933,2021-02-24,FVG,2524,1088,1436,2496,18,10,ITH,ITH4,6,Friuli-Venezia Giulia,Friuli Venezia Giulia,1215220,549221,45.2,0.21
1934,2021-04-13,FVG,7378,3293,4085,5648,1603,127,ITH,ITH4,6,Friuli-Venezia Giulia,Friuli Venezia Giulia,1215220,556599,45.8,0.61
1935,2021-01-03,FVG,312,122,190,312,0,0,ITH,ITH4,6,Friuli-Venezia Giulia,Friuli Venezia Giulia,1215220,556911,45.83,0.03
1936,2021-07-22,FVG,7328,3875,3453,2935,4076,317,ITH,ITH4,6,Friuli-Venezia Giulia,Friuli Venezia Giulia,1215220,564239,46.43,0.6
1937,2021-01-20,FVG,748,320,428,13,735,0,ITH,ITH4,6,Friuli-Venezia Giulia,Friuli Venezia Giulia,1215220,564987,46.49,0.06
1938,2021-05-06,FVG,11922,5539,6383,7687,3972,263,ITH,ITH4,6,Friuli-Venezia Giulia,Friuli Venezia Giulia,1215220,576909,47.47,0.98
1939,2021-07-02,FVG,10931,5648,5283,1935,8792,204,ITH,ITH4,6,Friuli-Venezia Giulia,Friuli Venezia Giulia,1215220,587840,48.37,0.9
1940,2021-06-13,FVG,8687,4522,4165,5343,3324,20,ITH,ITH4,6,Friuli-Venezia Giulia,Friuli Venezia Giulia,1215220,596527,49.09,0.71
1941,2021-04-17,FVG,7459,3238,4221,5817,1483,159,ITH,ITH4,6,Friuli-Venezia Giulia,Friuli Venezia Giulia,1215220,603986,49.7,0.61
1942,2021-07-19,FVG,9338,4885,4453,808,8368,162,ITH,ITH4,6,Friuli-Venezia Giulia,Friuli Venezia Giulia,1215220,613324,50.47,0.77
1943,2021-04-10,FVG,5049,2213,2836,3757,1225,67,ITH,ITH4,6,Friuli-Venezia Giulia,Friuli Venezia Giulia,1215220,618373,50.89,0.42
1944,2021-07-12,FVG,9909,5087,4822,1037,8714,158,ITH,ITH4,6,Friuli-Venezia Giulia,Friuli Venezia Giulia,1215220,628282,51.7,0.82
1945,2021-02-19,FVG,3256,1292,1964,2817,427,12,ITH,ITH4,6,Friuli-Venezia Giulia,Friuli Venezia Giulia,1215220,631538,51.97,0.27
1946,2021-04-24,FVG,6685,2950,3735,5215,1244,226,ITH,ITH4,6,Friuli-Venezia Giulia,Friuli Venezia Giulia,1215220,638223,52.52,0.55
1947,2021-04-20,FVG,7129,3071,4058,3100,3907,122,ITH,ITH4,6,Friuli-Venezia Giulia,Friuli Venezia Giulia,1215220,645352,53.11,0.59
1948,2021-01-10,FVG,2940,918,2022,2940,0,0,ITH,ITH4,6,Friuli-Venezia Giulia,Friuli Venezia Giulia,1215220,648292,53.35,0.24
1949,2021-07-14,FVG,10724,5472,5252,1166,9356,202,ITH,ITH4,6,Friuli-Venezia Giulia,Friuli Venezia Giulia,1215220,659016,54.23,0.88
1950,2021-04-05,FVG,2895,1438,1457,2830,15,50,ITH,ITH4,6,Friuli-Venezia Giulia,Friuli Venezia Giulia,1215220,661911,54.47,0.24
1951,2021-01-12,FVG,2257,713,1544,2257,0,0,ITH,ITH4,6,Friuli-Venezia Giulia,Friuli Venezia Giulia,1215220,664168,54.65,0.19
1952,2021-01-29,FVG,2412,813,1599,264,2148,0,ITH,ITH4,6,Friuli-Venezia Giulia,Friuli Venezia Giulia,1215220,666580,54.85,0.2
1953,2021-04-22,FVG,6791,3089,3702,3043,3690,58,ITH,ITH4,6,Friuli-Venezia Giulia,Friuli Venezia Giulia,1215220,673371,55.41,0.56
1954,2021-06-25,FVG,10782,5423,5359,2231,8543,8,ITH,ITH4,6,Friuli-Venezia Giulia,Friuli Venezia Giulia,1215220,684153,56.3,0.89
1955,2021-07-09,FVG,11821,6278,5543,2031,9492,298,ITH,ITH4,6,Friuli-Venezia Giulia,Friuli Venezia Giulia,1215220,695974,57.27,0.97
1956,2021-03-17,FVG,3237,1268,1969,739,2492,6,ITH,ITH4,6,Friuli-Venezia Giulia,Friuli Venezia Giulia,1215220,699211,57.54,0.27
1957,2021-05-13,FVG,11162,5384,5778,8734,2065,363,ITH,ITH4,6,Friuli-Venezia Giulia,Friuli Venezia Giulia,1215220,710373,58.46,0.92
1958,2021-02-16,FVG,2516,1135,1381,2397,116,3,ITH,ITH4,6,Friuli-Venezia Giulia,Friuli Venezia Giulia,1215220,712889,58.66,0.21
1959,2021-01-13,FVG,2650,834,1816,2650,0,0,ITH,ITH4,6,Friuli-Venezia Giulia,Friuli Venezia Giulia,1215220,715539,58.88,0.22
1960,2021-04-06,FVG,6678,3132,3546,5429,1153,96,ITH,ITH4,6,Friuli-Venezia Giulia,Friuli Venezia Giulia,1215220,722217,59.43,0.55
1961,2020-12-27,FVG,262,149,113,261,0,1,ITH,ITH4,6,Friuli-Venezia Giulia,Friuli Venezia Giulia,1215220,722479,59.45,0.02
1962,2021-02-12,FVG,1193,428,765,1142,47,4,ITH,ITH4,6,Friuli-Venezia Giulia,Friuli Venezia Giulia,1215220,723672,59.55,0.1
1963,2021-02-22,FVG,2485,1193,1292,2064,418,3,ITH,ITH4,6,Friuli-Venezia Giulia,Friuli Venezia Giulia,1215220,726157,59.76,0.2
1964,2021-06-02,FVG,9416,4953,4463,9119,282,15,ITH,ITH4,6,Friuli-Venezia Giulia,Friuli Venezia Giulia,1215220,735573,60.53,0.77
1965,2021-02-07,FVG,1564,482,1082,384,1179,1,ITH,ITH4,6,Friuli-Venezia Giulia,Friuli Venezia Giulia,1215220,737137,60.66,0.13
1966,2021-05-18,FVG,10791,5396,5395,8382,2079,330,ITH,ITH4,6,Friuli-Venezia Giulia,Friuli Venezia Giulia,1215220,747928,61.55,0.89
1967,2021-06-01,FVG,10110,5118,4992,7954,2123,33,ITH,ITH4,6,Friuli-Venezia Giulia,Friuli Venezia Giulia,1215220,758038,62.38,0.83
1968,2021-06-20,FVG,6507,3225,3282,1562,4935,10,ITH,ITH4,6,Friuli-Venezia Giulia,Friuli Venezia Giulia,1215220,764545,62.91,0.54
1969,2021-06-06,FVG,9480,4626,4854,7913,1563,4,ITH,ITH4,6,Friuli-Venezia Giulia,Friuli Venezia Giulia,1215220,774025,63.69,0.78
1970,2021-02-26,FVG,3735,2093,1642,3560,148,27,ITH,ITH4,6,Friuli-Venezia Giulia,Friuli Venezia Giulia,1215220,777760,64.0,0.31
1971,2021-02-17,FVG,2357,1002,1355,1873,482,2,ITH,ITH4,6,Friuli-Venezia Giulia,Friuli Venezia Giulia,1215220,780117,64.2,0.19
1972,2021-05-30,FVG,11062,4990,6072,7244,3588,230,ITH,ITH4,6,Friuli-Venezia Giulia,Friuli Venezia Giulia,1215220,791179,65.11,0.91
1973,2021-05-23,FVG,10280,4859,5421,5930,4152,198,ITH,ITH4,6,Friuli-Venezia Giulia,Friuli Venezia Giulia,1215220,801459,65.95,0.85
1974,2021-01-07,FVG,2096,720,1376,2096,0,0,ITH,ITH4,6,Friuli-Venezia Giulia,Friuli Venezia Giulia,1215220,803555,66.12,0.17
1975,2021-03-05,FVG,3775,1513,2262,2634,1076,65,ITH,ITH4,6,Friuli-Venezia Giulia,Friuli Venezia Giulia,1215220,807330,66.43,0.31
1976,2021-04-03,FVG,4019,1992,2027,2638,1337,44,ITH,ITH4,6,Friuli-Venezia Giulia,Friuli Venezia Giulia,1215220,811349,66.77,0.33
1977,2021-06-10,FVG,11116,5821,5295,10050,1038,28,ITH,ITH4,6,Friuli-Venezia Giulia,Friuli Venezia Giulia,1215220,822465,67.68,0.91
1978,2021-03-19,FVG,3251,1350,1901,1301,1936,14,ITH,ITH4,6,Friuli-Venezia Giulia,Friuli Venezia Giulia,1215220,825716,67.95,0.27
1979,2021-03-27,FVG,5379,2920,2459,3941,1411,27,ITH,ITH4,6,Friuli-Venezia Giulia,Friuli Venezia Giulia,1215220,831095,68.39,0.44
1980,2021-04-15,FVG,6514,2878,3636,5106,1270,138,ITH,ITH4,6,Friuli-Venezia Giulia,Friuli Venezia Giulia,1215220,837609,68.93,0.54
1981,2021-04-29,FVG,6784,2988,3796,4010,2592,182,ITH,ITH4,6,Friuli-Venezia Giulia,Friuli Venezia Giulia,1215220,844393,69.48,0.56
1982,2021-01-05,FVG,1678,551,1127,1677,0,1,ITH,ITH4,6,Friuli-Venezia Giulia,Friuli Venezia Giulia,1215220,846071,69.62,0.14
1983,2021-03-29,FVG,7023,3127,3896,5378,1582,63,ITH,ITH4,6,Friuli-Venezia Giulia,Friuli Venezia Giulia,1215220,853094,70.2,0.58
1984,2021-07-07,FVG,11241,5757,5484,1394,9715,132,ITH,ITH4,6,Friuli-Venezia Giulia,Friuli Venezia Giulia,1215220,864335,71.13,0.93
1985,2021-07-21,FVG,8115,4140,3975,1886,5961,268,ITH,ITH4,6,Friuli-Venezia Giulia,Friuli Venezia Giulia,1215220,872450,71.79,0.67
1986,2021-05-15,FVG,12670,6112,6558,7693,4700,277,ITH,ITH4,6,Friuli-Venezia Giulia,Friuli Venezia Giulia,1215220,885120,72.84,1.04
1987,2021-05-25,FVG,12929,6390,6539,9301,3312,316,ITH,ITH4,6,Friuli-Venezia Giulia,Friuli Venezia Giulia,1215220,898049,73.9,1.06
1988,2021-06-11,FVG,10860,5918,4942,10002,829,29,ITH,ITH4,6,Friuli-Venezia Giulia,Friuli Venezia Giulia,1215220,908909,74.79,0.89
1989,2021-03-03,FVG,3646,1634,2012,2355,1275,16,ITH,ITH4,6,Friuli-Venezia Giulia,Friuli Venezia Giulia,1215220,912555,75.09,0.3
1990,2021-05-03,FVG,7229,3294,3935,3330,3785,114,ITH,ITH4,6,Friuli-Venezia Giulia,Friuli Venezia Giulia,1215220,919784,75.69,0.59
1991,2021-01-14,FVG,2584,789,1795,2581,0,3,ITH,ITH4,6,Friuli-Venezia Giulia,Friuli Venezia Giulia,1215220,922368,75.9,0.21
1992,2021-06-08,FVG,10482,5487,4995,9996,448,38,ITH,ITH4,6,Friuli-Venezia Giulia,Friuli Venezia Giulia,1215220,932850,76.76,0.86
1993,2021-02-28,FVG,2686,1003,1683,2265,394,27,ITH,ITH4,6,Friuli-Venezia Giulia,Friuli Venezia Giulia,1215220,935536,76.98,0.22
1994,2021-03-24,FVG,3978,1720,2258,2466,1482,30,ITH,ITH4,6,Friuli-Venezia Giulia,Friuli Venezia Giulia,1215220,939514,77.31,0.33
1995,2021-05-20,FVG,12707,6318,6389,9814,2519,374,ITH,ITH4,6,Friuli-Venezia Giulia,Friuli Venezia Giulia,1215220,952221,78.36,1.05
1996,2021-01-26,FVG,1977,647,1330,216,1760,1,ITH,ITH4,6,Friuli-Venezia Giulia,Friuli Venezia Giulia,1215220,954198,78.52,0.16
1997,2021-02-09,FVG,1842,555,1287,1556,286,0,ITH,ITH4,6,Friuli-Venezia Giulia,Friuli Venezia Giulia,1215220,956040,78.67,0.15
1998,2021-04-19,FVG,6722,3137,3585,3217,3417,88,ITH,ITH4,6,Friuli-Venezia Giulia,Friuli Venezia Giulia,1215220,962762,79.23,0.55
1999,2021-01-09,FVG,2513,841,1672,2511,0,2,ITH,ITH4,6,Friuli-Venezia Giulia,Friuli Venezia Giulia,1215220,965275,79.43,0.21
2000,2021-06-15,FVG,12081,6147,5934,5580,6488,13,ITH,ITH4,6,Friuli-Venezia Giulia,Friuli Venezia Giulia,1215220,977356,80.43,0.99
2001,2021-03-07,FVG,2544,932,1612,2488,1,55,ITH,ITH4,6,Friuli-Venezia Giulia,Friuli Venezia Giulia,1215220,979900,80.64,0.21
2002,2020-12-31,FVG,1048,381,667,1047,0,1,ITH,ITH4,6,Friuli-Venezia Giulia,Friuli Venezia Giulia,1215220,980948,80.72,0.09
2003,2021-05-01,FVG,7197,3246,3951,5898,1045,254,ITH,ITH4,6,Friuli-Venezia Giulia,Friuli Venezia Giulia,1215220,988145,81.31,0.59
2004,2021-01-21,FVG,896,345,551,1,895,0,ITH,ITH4,6,Friuli-Venezia Giulia,Friuli Venezia Giulia,1215220,989041,81.39,0.07
2005,2021-02-21,FVG,801,281,520,421,378,2,ITH,ITH4,6,Friuli-Venezia Giulia,Friuli Venezia Giulia,1215220,989842,81.45,0.07
2006,2021-07-04,FVG,9181,4708,4473,2732,6185,264,ITH,ITH4,6,Friuli-Venezia Giulia,Friuli Venezia Giulia,1215220,999023,82.21,0.76
2007,2021-03-26,FVG,6007,2608,3399,3832,2018,157,ITH,ITH4,6,Friuli-Venezia Giulia,Friuli Venezia Giulia,1215220,1005030,82.7,0.49
2008,2021-03-12,FVG,4103,1696,2407,2698,1381,24,ITH,ITH4,6,Friuli-Venezia Giulia,Friuli Venezia Giulia,1215220,1009133,83.04,0.34
2009,2021-06-27,FVG,7418,3700,3718,3598,3816,4,ITH,ITH4,6,Friuli-Venezia Giulia,Friuli Venezia Giulia,1215220,1016551,83.65,0.61
2010,2021-06-29,FVG,11298,5761,5537,1163,10016,119,ITH,ITH4,6,Friuli-Venezia Giulia,Friuli Venezia Giulia,1215220,1027849,84.58,0.93
2011,2021-07-16,FVG,9639,5150,4489,1592,7881,166,ITH,ITH4,6,Friuli-Venezia Giulia,Friuli Venezia Giulia,1215220,1037488,85.37,0.79
2012,2021-04-07,FVG,7837,3631,4206,6948,782,107,ITH,ITH4,6,Friuli-Venezia Giulia,Friuli Venezia Giulia,1215220,1045325,86.02,0.64
2013,2021-02-05,FVG,2610,784,1826,89,2521,0,ITH,ITH4,6,Friuli-Venezia Giulia,Friuli Venezia Giulia,1215220,1047935,86.23,0.21
2014,2021-04-14,FVG,7242,3129,4113,5413,1712,117,ITH,ITH4,6,Friuli-Venezia Giulia,Friuli Venezia Giulia,1215220,1055177,86.83,0.6
2015,2021-07-06,FVG,11165,5833,5332,1325,9726,114,ITH,ITH4,6,Friuli-Venezia Giulia,Friuli Venezia Giulia,1215220,1066342,87.75,0.92
2016,2021-07-23,FVG,1761,903,858,899,726,136,ITH,ITH4,6,Friuli-Venezia Giulia,Friuli Venezia Giulia,1215220,1068103,87.89,0.14
2017,2021-06-03,FVG,12396,6727,5669,10273,2083,40,ITH,ITH4,6,Friuli-Venezia Giulia,Friuli Venezia Giulia,1215220,1080499,88.91,1.02
2018,2021-02-02,FVG,2467,806,1661,217,2250,0,ITH,ITH4,6,Friuli-Venezia Giulia,Friuli Venezia Giulia,1215220,1082966,89.12,0.2
2019,2021-03-31,FVG,8140,3570,4570,7179,847,114,ITH,ITH4,6,Friuli-Venezia Giulia,Friuli Venezia Giulia,1215220,1091106,89.79,0.67
2020,2021-05-27,FVG,12830,6143,6687,7410,5230,190,ITH,ITH4,6,Friuli-Venezia Giulia,Friuli Venezia Giulia,1215220,1103936,90.84,1.06
2021,2021-01-28,FVG,2241,794,1447,355,1886,0,ITH,ITH4,6,Friuli-Venezia Giulia,Friuli Venezia Giulia,1215220,1106177,91.03,0.18
2022,2021-05-08,FVG,10278,4648,5630,5312,4785,181,ITH,ITH4,6,Friuli-Venezia Giulia,Friuli Venezia Giulia,1215220,1116455,91.87,0.85
2023,2021-04-26,FVG,5471,2454,3017,3706,1650,115,ITH,ITH4,6,Friuli-Venezia Giulia,Friuli Venezia Giulia,1215220,1121926,92.32,0.45
2024,2021-06-17,FVG,11404,5761,5643,2380,9018,6,ITH,ITH4,6,Friuli-Venezia Giulia,Friuli Venezia Giulia,1215220,1133330,93.26,0.94
2025,2021-06-22,FVG,11525,5938,5587,2433,9083,9,ITH,ITH4,6,Friuli-Venezia Giulia,Friuli Venezia Giulia,1215220,1144855,94.21,0.95
2026,2021-02-14,FVG,1,0,1,0,1,0,ITH,ITH4,6,Friuli-Venezia Giulia,Friuli Venezia Giulia,1215220,1144856,94.21,0.0
2027,2021-05-10,FVG,7946,3531,4415,6237,1542,167,ITH,ITH4,6,Friuli-Venezia Giulia,Friuli Venezia Giulia,1215220,1152802,94.86,0.65
2028,2021-01-19,FVG,6,2,4,6,0,0,ITH,ITH4,6,Friuli-Venezia Giulia,Friuli Venezia Giulia,1215220,1152808,94.86,0.0
2029,2021-01-02,FVG,1216,470,746,1216,0,0,ITH,ITH4,6,Friuli-Venezia Giulia,Friuli Venezia Giulia,1215220,1154024,94.96,0.1
2030,2021-04-12,FVG,7270,3188,4082,5998,1132,140,ITH,ITH4,6,Friuli-Venezia Giulia,Friuli Venezia Giulia,1215220,1161294,95.56,0.6
2031,2021-06-16,FVG,12154,5902,6252,4122,8019,13,ITH,ITH4,6,Friuli-Venezia Giulia,Friuli Venezia Giulia,1215220,1173448,96.56,1.0
2032,2021-06-23,FVG,12060,5832,6228,2118,9934,8,ITH,ITH4,6,Friuli-Venezia Giulia,Friuli Venezia Giulia,1215220,1185508,97.56,0.99
2033,2021-04-27,FVG,8131,3735,4396,3550,4486,95,ITH,ITH4,6,Friuli-Venezia Giulia,Friuli Venezia Giulia,1215220,1193639,98.22,0.67
2034,2021-05-04,FVG,9549,4304,5245,5984,3361,204,ITH,ITH4,6,Friuli-Venezia Giulia,Friuli Venezia Giulia,1215220,1203188,99.01,0.79
2035,2021-01-24,FVG,305,119,186,1,304,0,ITH,ITH4,6,Friuli-Venezia Giulia,Friuli Venezia Giulia,1215220,1203493,99.03,0.03
2036,2021-06-30,FVG,13150,6696,6454,1367,11599,184,ITH,ITH4,6,Friuli-Venezia Giulia,Friuli Venezia Giulia,1215220,1216643,100.12,1.08
2037,2021-03-08,FVG,4123,1643,2480,2021,2087,15,ITH,ITH4,6,Friuli-Venezia Giulia,Friuli Venezia Giulia,1215220,1220766,100.46,0.34
2038,2021-03-22,FVG,3662,1449,2213,1675,1954,33,ITH,ITH4,6,Friuli-Venezia Giulia,Friuli Venezia Giulia,1215220,1224428,100.76,0.3
2039,2021-01-17,FVG,1715,522,1193,1713,0,2,ITH,ITH4,6,Friuli-Venezia Giulia,Friuli Venezia Giulia,1215220,1226143,100.9,0.14
2040,2021-03-15,FVG,3951,1809,2142,1612,2321,18,ITH,ITH4,6,Friuli-Venezia Giulia,Friuli Venezia Giulia,1215220,1230094,101.22,0.33
2041,2021-05-11,FVG,9043,4341,4702,7021,1805,217,ITH,ITH4,6,Friuli-Venezia Giulia,Friuli Venezia Giulia,1215220,1239137,101.97,0.74
2042,2021-01-31,FVG,2718,839,1879,385,2333,0,ITH,ITH4,6,Friuli-Venezia Giulia,Friuli Venezia Giulia,1215220,1241855,102.19,0.22
2043,2021-05-29,FVG,12025,5848,6177,6804,4987,234,ITH,ITH4,6,Friuli-Venezia Giulia,Friuli Venezia Giulia,1215220,1253880,103.18,0.99
2044,2021-07-11,FVG,6658,3495,3163,2182,4161,315,ITH,ITH4,6,Friuli-Venezia Giulia,Friuli Venezia Giulia,1215220,1260538,103.73,0.55
2045,2021-05-22,FVG,11584,5203,6381,7099,4239,246,ITH,ITH4,6,Friuli-Venezia Giulia,Friuli Venezia Giulia,1215220,1272122,104.68,0.95
2046,2021-07-18,FVG,5352,2894,2458,384,4945,23,ITH,ITH4,6,Friuli-Venezia Giulia,Friuli Venezia Giulia,1215220,1277474,105.12,0.44
2047,2021-04-05,PUG,12758,6197,6561,12083,533,142,ITF,ITF4,16,Puglia,Puglia,4029053,12758,0.32,0.32
2048,2021-03-19,PUG,7970,3658,4312,3378,4555,37,ITF,ITF4,16,Puglia,Puglia,4029053,20728,0.51,0.2
2049,2021-06-27,PUG,18476,9177,9299,9917,8279,280,ITF,ITF4,16,Puglia,Puglia,4029053,39204,0.97,0.46
2050,2021-07-11,PUG,12137,5736,6401,2642,9392,103,ITF,ITF4,16,Puglia,Puglia,4029053,51341,1.27,0.3
2051,2021-01-31,PUG,1818,833,985,76,1742,0,ITF,ITF4,16,Puglia,Puglia,4029053,53159,1.32,0.05
2052,2021-04-19,PUG,27718,12881,14837,24337,3043,338,ITF,ITF4,16,Puglia,Puglia,4029053,80877,2.01,0.69
2053,2021-04-24,PUG,29404,13388,16016,25131,3944,329,ITF,ITF4,16,Puglia,Puglia,4029053,110281,2.74,0.73
2054,2021-03-05,PUG,17695,7173,10522,15178,2304,213,ITF,ITF4,16,Puglia,Puglia,4029053,127976,3.18,0.44
2055,2021-02-26,PUG,13770,5059,8711,12537,1037,196,ITF,ITF4,16,Puglia,Puglia,4029053,141746,3.52,0.34
2056,2020-12-31,PUG,1636,783,853,1636,0,0,ITF,ITF4,16,Puglia,Puglia,4029053,143382,3.56,0.04
2057,2021-06-15,PUG,42583,20825,21758,22393,19596,594,ITF,ITF4,16,Puglia,Puglia,4029053,185965,4.62,1.06
2058,2021-06-08,PUG,39291,19134,20157,20960,17773,558,ITF,ITF4,16,Puglia,Puglia,4029053,225256,5.59,0.98
2059,2021-02-07,PUG,1579,669,910,253,1326,0,ITF,ITF4,16,Puglia,Puglia,4029053,226835,5.63,0.04
2060,2021-01-21,PUG,2133,905,1228,1269,862,2,ITF,ITF4,16,Puglia,Puglia,4029053,228968,5.68,0.05
2061,2021-05-01,PUG,27631,12658,14973,16705,10655,271,ITF,ITF4,16,Puglia,Puglia,4029053,256599,6.37,0.69
2062,2021-01-02,PUG,2951,1302,1649,2951,0,0,ITF,ITF4,16,Puglia,Puglia,4029053,259550,6.44,0.07
2063,2021-04-12,PUG,29352,13819,15533,26094,2943,315,ITF,ITF4,16,Puglia,Puglia,4029053,288902,7.17,0.73
2064,2021-07-21,PUG,40781,20130,20651,11356,28622,803,ITF,ITF4,16,Puglia,Puglia,4029053,329683,8.18,1.01
2065,2021-01-12,PUG,4214,1770,2444,4212,0,2,ITF,ITF4,16,Puglia,Puglia,4029053,333897,8.29,0.1
2066,2021-04-07,PUG,15708,7130,8578,8825,6680,203,ITF,ITF4,16,Puglia,Puglia,4029053,349605,8.68,0.39
2067,2021-07-16,PUG,44057,21395,22662,12247,31024,786,ITF,ITF4,16,Puglia,Puglia,4029053,393662,9.77,1.09
2068,2021-02-09,PUG,3841,1570,2271,2150,1673,18,ITF,ITF4,16,Puglia,Puglia,4029053,397503,9.87,0.1
2069,2021-05-20,PUG,33605,15253,18352,20729,12358,518,ITF,ITF4,16,Puglia,Puglia,4029053,431108,10.7,0.83
2070,2021-03-24,PUG,13585,6520,7065,6146,7323,116,ITF,ITF4,16,Puglia,Puglia,4029053,444693,11.04,0.34
2071,2021-01-26,PUG,5370,2401,2969,571,4798,1,ITF,ITF4,16,Puglia,Puglia,4029053,450063,11.17,0.13
2072,2021-07-02,PUG,46919,22292,24627,17213,28746,960,ITF,ITF4,16,Puglia,Puglia,4029053,496982,12.33,1.16
2073,2021-05-06,PUG,39607,17313,22294,19342,19709,556,ITF,ITF4,16,Puglia,Puglia,4029053,536589,13.32,0.98
2074,2021-02-21,PUG,2177,474,1703,2066,62,49,ITF,ITF4,16,Puglia,Puglia,4029053,538766,13.37,0.05
2075,2021-06-01,PUG,34899,17474,17425,21626,12887,386,ITF,ITF4,16,Puglia,Puglia,4029053,573665,14.24,0.87
2076,2021-05-15,PUG,43596,18984,24612,22843,20040,713,ITF,ITF4,16,Puglia,Puglia,4029053,617261,15.32,1.08
2077,2021-06-03,PUG,50524,24514,26010,30510,19287,727,ITF,ITF4,16,Puglia,Puglia,4029053,667785,16.57,1.25
2078,2021-03-10,PUG,14816,6619,8197,11539,3124,153,ITF,ITF4,16,Puglia,Puglia,4029053,682601,16.94,0.37
2079,2021-02-14,PUG,786,347,439,658,124,4,ITF,ITF4,16,Puglia,Puglia,4029053,683387,16.96,0.02
2080,2021-05-25,PUG,34709,16197,18512,20596,13527,586,ITF,ITF4,16,Puglia,Puglia,4029053,718096,17.82,0.86
2081,2021-05-08,PUG,54299,22986,31313,24027,29755,517,ITF,ITF4,16,Puglia,Puglia,4029053,772395,19.17,1.35
2082,2021-01-14,PUG,4075,1593,2482,4069,0,6,ITF,ITF4,16,Puglia,Puglia,4029053,776470,19.27,0.1
2083,2021-01-07,PUG,5718,2461,3257,5718,0,0,ITF,ITF4,16,Puglia,Puglia,4029053,782188,19.41,0.14
2084,2021-04-17,PUG,40011,18961,21050,36017,3574,420,ITF,ITF4,16,Puglia,Puglia,4029053,822199,20.41,0.99
2085,2021-02-19,PUG,4736,2013,2723,4291,391,54,ITF,ITF4,16,Puglia,Puglia,4029053,826935,20.52,0.12
2086,2021-06-22,PUG,42189,20449,21740,18891,22705,593,ITF,ITF4,16,Puglia,Puglia,4029053,869124,21.57,1.05
2087,2021-04-26,PUG,26289,12048,14241,22664,3235,390,ITF,ITF4,16,Puglia,Puglia,4029053,895413,22.22,0.65
2088,2021-03-16,PUG,9877,4690,5187,3454,6365,58,ITF,ITF4,16,Puglia,Puglia,4029053,905290,22.47,0.25
2089,2021-06-24,PUG,52461,25375,27086,23354,28282,825,ITF,ITF4,16,Puglia,Puglia,4029053,957751,23.77,1.3
2090,2021-04-28,PUG,19829,8891,10938,14794,4771,264,ITF,ITF4,16,Puglia,Puglia,4029053,977580,24.26,0.49
2091,2021-05-29,PUG,30549,14392,16157,20568,9435,546,ITF,ITF4,16,Puglia,Puglia,4029053,1008129,25.02,0.76
2092,2021-04-02,PUG,12846,6001,6845,8170,4526,150,ITF,ITF4,16,Puglia,Puglia,4029053,1020975,25.34,0.32
2093,2021-06-13,PUG,21755,10882,10873,16279,5184,292,ITF,ITF4,16,Puglia,Puglia,4029053,1042730,25.88,0.54
2094,2021-02-28,PUG,6061,1807,4254,5800,187,74,ITF,ITF4,16,Puglia,Puglia,4029053,1048791,26.03,0.15
2095,2021-05-12,PUG,36576,16315,20261,23493,12493,590,ITF,ITF4,16,Puglia,Puglia,4029053,1085367,26.94,0.91
2096,2021-03-31,PUG,14563,6826,7737,8849,5564,150,ITF,ITF4,16,Puglia,Puglia,4029053,1099930,27.3,0.36
2097,2021-02-02,PUG,4346,1847,2499,590,3755,1,ITF,ITF4,16,Puglia,Puglia,4029053,1104276,27.41,0.11
2098,2021-07-09,PUG,36785,17714,19071,6501,29597,687,ITF,ITF4,16,Puglia,Puglia,4029053,1141061,28.32,0.91
2099,2021-05-13,PUG,38756,17281,21475,20984,17201,571,ITF,ITF4,16,Puglia,Puglia,4029053,1179817,29.28,0.96
2100,2021-03-17,PUG,10346,4702,5644,4106,6178,62,ITF,ITF4,16,Puglia,Puglia,4029053,1190163,29.54,0.26
2101,2021-07-04,PUG,19769,9617,10152,7889,11581,299,ITF,ITF4,16,Puglia,Puglia,4029053,1209932,30.03,0.49
2102,2021-07-23,PUG,11864,5833,6031,3852,7796,216,ITF,ITF4,16,Puglia,Puglia,4029053,1221796,30.32,0.29
2103,2021-01-19,PUG,1222,453,769,1211,10,1,ITF,ITF4,16,Puglia,Puglia,4029053,1223018,30.35,0.03
2104,2021-07-08,PUG,41296,19132,22164,5546,35275,475,ITF,ITF4,16,Puglia,Puglia,4029053,1264314,31.38,1.02
2105,2021-05-27,PUG,40874,19320,21554,22890,17308,676,ITF,ITF4,16,Puglia,Puglia,4029053,1305188,32.39,1.01
2106,2021-03-02,PUG,16389,6093,10296,14844,1302,243,ITF,ITF4,16,Puglia,Puglia,4029053,1321577,32.8,0.41
2107,2021-06-10,PUG,47098,23158,23940,29354,17024,720,ITF,ITF4,16,Puglia,Puglia,4029053,1368675,33.97,1.17
2108,2021-04-04,PUG,5973,2966,3007,5887,5,81,ITF,ITF4,16,Puglia,Puglia,4029053,1374648,34.12,0.15
2109,2021-03-29,PUG,13551,6611,6940,6609,6747,195,ITF,ITF4,16,Puglia,Puglia,4029053,1388199,34.45,0.34
2110,2021-03-12,PUG,14285,6440,7845,10216,3932,137,ITF,ITF4,16,Puglia,Puglia,4029053,1402484,34.81,0.35
2111,2021-06-20,PUG,21461,10795,10666,13958,7161,342,ITF,ITF4,16,Puglia,Puglia,4029053,1423945,35.34,0.53
2112,2021-02-04,PUG,5926,2364,3562,1181,4736,9,ITF,ITF4,16,Puglia,Puglia,4029053,1429871,35.49,0.15
2113,2021-06-12,PUG,34508,17203,17305,25027,8890,591,ITF,ITF4,16,Puglia,Puglia,4029053,1464379,36.35,0.86
2114,2021-01-28,PUG,5475,2278,3197,469,5006,0,ITF,ITF4,16,Puglia,Puglia,4029053,1469854,36.48,0.14
2115,2021-01-09,PUG,4888,2250,2638,4884,0,4,ITF,ITF4,16,Puglia,Puglia,4029053,1474742,36.6,0.12
2116,2021-07-01,PUG,47886,22423,25463,11352,35876,658,ITF,ITF4,16,Puglia,Puglia,4029053,1522628,37.79,1.19
2117,2021-04-16,PUG,36063,16953,19110,32357,3286,420,ITF,ITF4,16,Puglia,Puglia,4029053,1558691,38.69,0.9
2118,2021-02-18,PUG,4383,1848,2535,3717,606,60,ITF,ITF4,16,Puglia,Puglia,4029053,1563074,38.8,0.11
2119,2021-04-09,PUG,22066,9511,12555,17054,4627,385,ITF,ITF4,16,Puglia,Puglia,4029053,1585140,39.34,0.55
2120,2021-02-11,PUG,3697,1401,2296,2392,1278,27,ITF,ITF4,16,Puglia,Puglia,4029053,1588837,39.43,0.09
2121,2021-07-18,PUG,17236,8813,8423,5549,11407,280,ITF,ITF4,16,Puglia,Puglia,4029053,1606073,39.86,0.43
2122,2021-05-22,PUG,34654,15873,18781,23693,10417,544,ITF,ITF4,16,Puglia,Puglia,4029053,1640727,40.72,0.86
2123,2021-02-25,PUG,11972,5062,6910,10662,1175,135,ITF,ITF4,16,Puglia,Puglia,4029053,1652699,41.02,0.3
2124,2021-01-23,PUG,3039,1294,1745,885,2153,1,ITF,ITF4,16,Puglia,Puglia,4029053,1655738,41.09,0.08
2125,2021-05-03,PUG,33342,14906,18436,22125,10648,569,ITF,ITF4,16,Puglia,Puglia,4029053,1689080,41.92,0.83
2126,2021-03-07,PUG,4985,2002,2983,4373,571,41,ITF,ITF4,16,Puglia,Puglia,4029053,1694065,42.05,0.12
2127,2021-05-05,PUG,39193,17180,22013,24402,14202,589,ITF,ITF4,16,Puglia,Puglia,4029053,1733258,43.02,0.97
2128,2021-06-17,PUG,42757,20897,21860,21374,20810,573,ITF,ITF4,16,Puglia,Puglia,4029053,1776015,44.08,1.06
2129,2021-01-04,PUG,4510,2017,2493,4508,0,2,ITF,ITF4,16,Puglia,Puglia,4029053,1780525,44.19,0.11
2130,2021-03-26,PUG,12011,5845,6166,7229,4654,128,ITF,ITF4,16,Puglia,Puglia,4029053,1792536,44.49,0.3
2131,2021-03-09,PUG,13630,6091,7539,11433,2013,184,ITF,ITF4,16,Puglia,Puglia,4029053,1806166,44.83,0.34
2132,2021-04-14,PUG,31996,15095,16901,28380,3308,308,ITF,ITF4,16,Puglia,Puglia,4029053,1838162,45.62,0.79
2133,2021-03-28,PUG,3542,1655,1887,1180,2328,34,ITF,ITF4,16,Puglia,Puglia,4029053,1841704,45.71,0.09
2134,2021-05-17,PUG,32856,15224,17632,20488,11868,500,ITF,ITF4,16,Puglia,Puglia,4029053,1874560,46.53,0.82
2135,2021-02-23,PUG,9371,4425,4946,8788,491,92,ITF,ITF4,16,Puglia,Puglia,4029053,1883931,46.76,0.23
2136,2021-04-23,PUG,29546,13731,15815,23878,5255,413,ITF,ITF4,16,Puglia,Puglia,4029053,1913477,47.49,0.73
2137,2021-03-18,PUG,9582,4353,5229,3336,6181,65,ITF,ITF4,16,Puglia,Puglia,4029053,1923059,47.73,0.24
2138,2021-06-26,PUG,32228,16223,16005,15796,15835,597,ITF,ITF4,16,Puglia,Puglia,4029053,1955287,48.53,0.8
2139,2021-03-04,PUG,15353,6098,9255,13705,1425,223,ITF,ITF4,16,Puglia,Puglia,4029053,1970640,48.91,0.38
2140,2021-06-09,PUG,41831,20704,21127,29894,11228,709,ITF,ITF4,16,Puglia,Puglia,4029053,2012471,49.95,1.04
2141,2021-07-13,PUG,48394,22820,25574,7957,39839,598,ITF,ITF4,16,Puglia,Puglia,4029053,2060865,51.15,1.2
2142,2021-03-21,PUG,2694,1227,1467,579,2104,11,ITF,ITF4,16,Puglia,Puglia,4029053,2063559,51.22,0.07
2143,2021-06-29,PUG,46267,22190,24077,15186,30360,721,ITF,ITF4,16,Puglia,Puglia,4029053,2109826,52.37,1.15
2144,2021-01-11,PUG,3754,1589,2165,3753,0,1,ITF,ITF4,16,Puglia,Puglia,4029053,2113580,52.46,0.09
2145,2021-04-21,PUG,23137,10688,12449,19096,3737,304,ITF,ITF4,16,Puglia,Puglia,4029053,2136717,53.03,0.57
2146,2021-05-24,PUG,36116,17040,19076,24499,11005,612,ITF,ITF4,16,Puglia,Puglia,4029053,2172833,53.93,0.9
2147,2021-02-16,PUG,3385,1455,1930,2707,647,31,ITF,ITF4,16,Puglia,Puglia,4029053,2176218,54.01,0.08
2148,2021-01-30,PUG,5533,2514,3019,406,5126,1,ITF,ITF4,16,Puglia,Puglia,4029053,2181751,54.15,0.14
2149,2021-05-10,PUG,37763,16684,21079,19314,17975,474,ITF,ITF4,16,Puglia,Puglia,4029053,2219514,55.09,0.94
2150,2021-06-05,PUG,42483,20820,21663,29113,12647,723,ITF,ITF4,16,Puglia,Puglia,4029053,2261997,56.14,1.05
2151,2021-01-06,PUG,3952,1675,2277,3951,0,1,ITF,ITF4,16,Puglia,Puglia,4029053,2265949,56.24,0.1
2152,2021-03-30,PUG,12370,5927,6443,6289,5927,154,ITF,ITF4,16,Puglia,Puglia,4029053,2278319,56.55,0.31
2153,2021-02-01,PUG,3969,1662,2307,366,3601,2,ITF,ITF4,16,Puglia,Puglia,4029053,2282288,56.65,0.1
2154,2021-07-17,PUG,28518,14271,14247,8941,18998,579,ITF,ITF4,16,Puglia,Puglia,4029053,2310806,57.35,0.71
2155,2021-05-14,PUG,44970,20555,24415,27953,16153,864,ITF,ITF4,16,Puglia,Puglia,4029053,2355776,58.47,1.12
2156,2021-03-14,PUG,3372,1459,1913,2475,861,36,ITF,ITF4,16,Puglia,Puglia,4029053,2359148,58.55,0.08
2157,2021-01-16,PUG,2508,1036,1472,2506,0,2,ITF,ITF4,16,Puglia,Puglia,4029053,2361656,58.62,0.06
2158,2021-05-21,PUG,39108,18566,20542,28238,10080,790,ITF,ITF4,16,Puglia,Puglia,4029053,2400764,59.59,0.97
2159,2021-05-19,PUG,26390,12762,13628,19514,6438,438,ITF,ITF4,16,Puglia,Puglia,4029053,2427154,60.24,0.65
2160,2021-01-18,PUG,1846,772,1074,1496,349,1,ITF,ITF4,16,Puglia,Puglia,4029053,2429000,60.29,0.05
2161,2021-02-06,PUG,4551,1933,2618,1577,2959,15,ITF,ITF4,16,Puglia,Puglia,4029053,2433551,60.4,0.11
2162,2021-01-20,PUG,1548,542,1006,1537,8,3,ITF,ITF4,16,Puglia,Puglia,4029053,2435099,60.44,0.04
2163,2021-04-30,PUG,34975,15674,19301,22433,11975,567,ITF,ITF4,16,Puglia,Puglia,4029053,2470074,61.31,0.87
2164,2021-04-13,PUG,28749,13637,15112,25025,3413,311,ITF,ITF4,16,Puglia,Puglia,4029053,2498823,62.02,0.71
2165,2021-07-22,PUG,43876,21763,22113,8219,35013,644,ITF,ITF4,16,Puglia,Puglia,4029053,2542699,63.11,1.09
2166,2021-07-05,PUG,38622,18126,20496,7363,30695,564,ITF,ITF4,16,Puglia,Puglia,4029053,2581321,64.07,0.96
2167,2021-06-16,PUG,41979,20651,21328,26840,14404,735,ITF,ITF4,16,Puglia,Puglia,4029053,2623300,65.11,1.04
2168,2020-12-30,PUG,1,0,1,1,0,0,ITF,ITF4,16,Puglia,Puglia,4029053,2623301,65.11,0.0
2169,2021-03-22,PUG,9959,5122,4837,4246,5648,65,ITF,ITF4,16,Puglia,Puglia,4029053,2633260,65.36,0.25
2170,2021-01-24,PUG,1671,751,920,154,1517,0,ITF,ITF4,16,Puglia,Puglia,4029053,2634931,65.4,0.04
2171,2021-06-30,PUG,47460,23042,24418,18721,27853,886,ITF,ITF4,16,Puglia,Puglia,4029053,2682391,66.58,1.18
2172,2021-03-15,PUG,12343,6151,6192,5736,6506,101,ITF,ITF4,16,Puglia,Puglia,4029053,2694734,66.88,0.31
2173,2021-07-06,PUG,42178,19424,22754,6197,35544,437,ITF,ITF4,16,Puglia,Puglia,4029053,2736912,67.93,1.05
2174,2021-06-19,PUG,34609,17357,17252,22079,11844,686,ITF,ITF4,16,Puglia,Puglia,4029053,2771521,68.79,0.86
2175,2021-06-21,PUG,41547,20247,21300,21250,19625,672,ITF,ITF4,16,Puglia,Puglia,4029053,2813068,69.82,1.03
2176,2021-02-13,PUG,3730,1458,2272,3018,696,16,ITF,ITF4,16,Puglia,Puglia,4029053,2816798,69.91,0.09
2177,2021-06-28,PUG,48324,23433,24891,21520,25932,872,ITF,ITF4,16,Puglia,Puglia,4029053,2865122,71.11,1.2
2178,2021-03-23,PUG,11121,5645,5476,4543,6488,90,ITF,ITF4,16,Puglia,Puglia,4029053,2876243,71.39,0.28
2179,2021-03-25,PUG,11727,6008,5719,5368,6262,97,ITF,ITF4,16,Puglia,Puglia,4029053,2887970,71.68,0.29
2180,2021-07-03,PUG,32987,16550,16437,13359,19098,530,ITF,ITF4,16,Puglia,Puglia,4029053,2920957,72.5,0.82
2181,2021-02-08,PUG,3998,1613,2385,1582,2400,16,ITF,ITF4,16,Puglia,Puglia,4029053,2924955,72.6,0.1
2182,2021-01-25,PUG,3829,1680,2149,424,3404,1,ITF,ITF4,16,Puglia,Puglia,4029053,2928784,72.69,0.1
2183,2021-07-10,PUG,22260,10962,11298,4495,17462,303,ITF,ITF4,16,Puglia,Puglia,4029053,2951044,73.24,0.55
2184,2021-05-02,PUG,21333,9669,11664,13889,7266,178,ITF,ITF4,16,Puglia,Puglia,4029053,2972377,73.77,0.53
2185,2021-06-18,PUG,47602,23435,24167,28748,17895,959,ITF,ITF4,16,Puglia,Puglia,4029053,3019979,74.96,1.18
2186,2021-02-15,PUG,3259,1270,1989,2593,622,44,ITF,ITF4,16,Puglia,Puglia,4029053,3023238,75.04,0.08
2187,2021-05-26,PUG,38555,18520,20035,26209,11696,650,ITF,ITF4,16,Puglia,Puglia,4029053,3061793,75.99,0.96
2188,2021-01-27,PUG,4603,1941,2662,629,3972,2,ITF,ITF4,16,Puglia,Puglia,4029053,3066396,76.11,0.11
2189,2021-05-07,PUG,50090,22358,27732,26023,23510,557,ITF,ITF4,16,Puglia,Puglia,4029053,3116486,77.35,1.24
2190,2021-01-13,PUG,4545,1729,2816,4542,0,3,ITF,ITF4,16,Puglia,Puglia,4029053,3121031,77.46,0.11
2191,2021-04-06,PUG,13849,6254,7595,6924,6757,168,ITF,ITF4,16,Puglia,Puglia,4029053,3134880,77.81,0.34
2192,2021-05-09,PUG,30744,12614,18130,14747,15624,373,ITF,ITF4,16,Puglia,Puglia,4029053,3165624,78.57,0.76
2193,2021-04-22,PUG,23044,10548,12496,17732,4925,387,ITF,ITF4,16,Puglia,Puglia,4029053,3188668,79.14,0.57
2194,2021-03-11,PUG,14818,6578,8240,11445,3175,198,ITF,ITF4,16,Puglia,Puglia,4029053,3203486,79.51,0.37
2195,2021-06-02,PUG,27032,13219,13813,21852,4823,357,ITF,ITF4,16,Puglia,Puglia,4029053,3230518,80.18,0.67
2196,2021-03-13,PUG,10470,4135,6335,8563,1809,98,ITF,ITF4,16,Puglia,Puglia,4029053,3240988,80.44,0.26
2197,2021-02-10,PUG,3649,1439,2210,2116,1512,21,ITF,ITF4,16,Puglia,Puglia,4029053,3244637,80.53,0.09
2198,2021-05-23,PUG,17929,8378,9551,13859,3809,261,ITF,ITF4,16,Puglia,Puglia,4029053,3262566,80.98,0.44
2199,2021-02-17,PUG,4287,1750,2537,3634,612,41,ITF,ITF4,16,Puglia,Puglia,4029053,3266853,81.08,0.11
2200,2021-05-28,PUG,43974,20825,23149,27443,15729,802,ITF,ITF4,16,Puglia,Puglia,4029053,3310827,82.17,1.09
2201,2021-01-17,PUG,1309,591,718,1239,69,1,ITF,ITF4,16,Puglia,Puglia,4029053,3312136,82.21,0.03
2202,2021-06-23,PUG,29269,14306,14963,16898,11734,637,ITF,ITF4,16,Puglia,Puglia,4029053,3341405,82.93,0.73
2203,2021-04-27,PUG,26686,12072,14614,20757,5605,324,ITF,ITF4,16,Puglia,Puglia,4029053,3368091,83.6,0.66
2204,2021-05-11,PUG,32597,14387,18210,13665,18445,487,ITF,ITF4,16,Puglia,Puglia,4029053,3400688,84.4,0.81
2205,2021-05-04,PUG,35121,14858,20263,18227,16480,414,ITF,ITF4,16,Puglia,Puglia,4029053,3435809,85.28,0.87
2206,2021-04-08,PUG,17492,7591,9901,11097,6180,215,ITF,ITF4,16,Puglia,Puglia,4029053,3453301,85.71,0.43
2207,2021-06-06,PUG,30668,15441,15227,25302,5039,327,ITF,ITF4,16,Puglia,Puglia,4029053,3483969,86.47,0.76
2208,2021-04-10,PUG,30908,13109,17799,26294,4233,381,ITF,ITF4,16,Puglia,Puglia,4029053,3514877,87.24,0.77
2209,2021-07-19,PUG,45805,22454,23351,10545,34514,746,ITF,ITF4,16,Puglia,Puglia,4029053,3560682,88.38,1.14
2210,2021-04-01,PUG,13945,6548,7397,7382,6349,214,ITF,ITF4,16,Puglia,Puglia,4029053,3574627,88.72,0.35
2211,2021-02-03,PUG,5042,2006,3036,726,4313,3,ITF,ITF4,16,Puglia,Puglia,4029053,3579669,88.85,0.13
2212,2021-02-12,PUG,4213,1672,2541,3098,1093,22,ITF,ITF4,16,Puglia,Puglia,4029053,3583882,88.95,0.1
2213,2021-01-29,PUG,6204,2665,3539,385,5815,4,ITF,ITF4,16,Puglia,Puglia,4029053,3590086,89.1,0.15
2214,2021-03-20,PUG,8417,3881,4536,3779,4595,43,ITF,ITF4,16,Puglia,Puglia,4029053,3598503,89.31,0.21
2215,2021-03-03,PUG,16786,6805,9981,14715,1921,150,ITF,ITF4,16,Puglia,Puglia,4029053,3615289,89.73,0.42
2216,2021-06-11,PUG,47854,23411,24443,32961,13984,909,ITF,ITF4,16,Puglia,Puglia,4029053,3663143,90.92,1.19
2217,2021-01-03,PUG,2007,943,1064,2006,0,1,ITF,ITF4,16,Puglia,Puglia,4029053,3665150,90.97,0.05
2218,2021-03-27,PUG,12162,5716,6446,6880,5172,110,ITF,ITF4,16,Puglia,Puglia,4029053,3677312,91.27,0.3
2219,2021-01-05,PUG,5110,2251,2859,5107,0,3,ITF,ITF4,16,Puglia,Puglia,4029053,3682422,91.4,0.13
2220,2021-04-15,PUG,32714,15265,17449,28692,3622,400,ITF,ITF4,16,Puglia,Puglia,4029053,3715136,92.21,0.81
2221,2021-07-15,PUG,43165,20920,22245,8917,33562,686,ITF,ITF4,16,Puglia,Puglia,4029053,3758301,93.28,1.07
2222,2021-07-14,PUG,44436,21303,23133,13104,30506,826,ITF,ITF4,16,Puglia,Puglia,4029053,3802737,94.38,1.1
2223,2021-03-01,PUG,15109,5869,9240,13582,1374,153,ITF,ITF4,16,Puglia,Puglia,4029053,3817846,94.76,0.38
2224,2021-03-08,PUG,14997,6441,8556,12441,2403,153,ITF,ITF4,16,Puglia,Puglia,4029053,3832843,95.13,0.37
2225,2021-02-24,PUG,10051,4709,5342,9366,595,90,ITF,ITF4,16,Puglia,Puglia,4029053,3842894,95.38,0.25
2226,2021-06-04,PUG,52658,25480,27178,34132,17698,828,ITF,ITF4,16,Puglia,Puglia,4029053,3895552,96.69,1.31
2227,2021-05-18,PUG,28901,13448,15453,15851,12797,253,ITF,ITF4,16,Puglia,Puglia,4029053,3924453,97.4,0.72
2228,2021-04-29,PUG,26227,12130,14097,19134,6672,421,ITF,ITF4,16,Puglia,Puglia,4029053,3950680,98.05,0.65
2229,2021-05-30,PUG,21008,10057,10951,15709,5043,256,ITF,ITF4,16,Puglia,Puglia,4029053,3971688,98.58,0.52
2230,2021-07-12,PUG,44340,20950,23390,12482,31115,743,ITF,ITF4,16,Puglia,Puglia,4029053,4016028,99.68,1.1
2231,2021-07-07,PUG,38487,18426,20061,6235,31728,524,ITF,ITF4,16,Puglia,Puglia,4029053,4054515,100.63,0.96
2232,2021-02-22,PUG,9636,4537,5099,9215,334,87,ITF,ITF4,16,Puglia,Puglia,4029053,4064151,100.87,0.24
2233,2021-02-05,PUG,5637,2274,3363,1327,4305,5,ITF,ITF4,16,Puglia,Puglia,4029053,4069788,101.01,0.14
2234,2021-05-16,PUG,24557,11075,13482,12495,11841,221,ITF,ITF4,16,Puglia,Puglia,4029053,4094345,101.62,0.61
2235,2021-01-10,PUG,2349,1062,1287,2348,0,1,ITF,ITF4,16,Puglia,Puglia,4029053,4096694,101.68,0.06
2236,2021-04-20,PUG,21175,9837,11338,17446,3467,262,ITF,ITF4,16,Puglia,Puglia,4029053,4117869,102.2,0.53
2237,2020-12-27,PUG,510,252,258,510,0,0,ITF,ITF4,16,Puglia,Puglia,4029053,4118379,102.22,0.01
2238,2021-04-03,PUG,10567,4652,5915,6814,3560,193,ITF,ITF4,16,Puglia,Puglia,4029053,4128946,102.48,0.26
2239,2021-07-20,PUG,44684,21924,22760,8235,35932,517,ITF,ITF4,16,Puglia,Puglia,4029053,4173630,103.59,1.11
2240,2021-05-31,PUG,37871,18253,19618,23133,14184,554,ITF,ITF4,16,Puglia,Puglia,4029053,4211501,104.53,0.94
2241,2021-04-25,PUG,11301,5234,6067,10025,1144,132,ITF,ITF4,16,Puglia,Puglia,4029053,4222802,104.81,0.28
2242,2021-02-27,PUG,14225,4818,9407,12817,1226,182,ITF,ITF4,16,Puglia,Puglia,4029053,4237027,105.16,0.35
2243,2021-01-01,PUG,148,61,87,148,0,0,ITF,ITF4,16,Puglia,Puglia,4029053,4237175,105.17,0.0
2244,2021-06-07,PUG,44303,21636,22667,30321,13220,762,ITF,ITF4,16,Puglia,Puglia,4029053,4281478,106.27,1.1
2245,2021-04-11,PUG,16470,7256,9214,14634,1658,178,ITF,ITF4,16,Puglia,Puglia,4029053,4297948,106.67,0.41
2246,2021-03-06,PUG,16151,6127,10024,13888,2096,167,ITF,ITF4,16,Puglia,Puglia,4029053,4314099,107.07,0.4
2247,2021-01-08,PUG,5658,2376,3282,5652,0,6,ITF,ITF4,16,Puglia,Puglia,4029053,4319757,107.22,0.14
2248,2021-06-14,PUG,41943,20524,21419,28796,12349,798,ITF,ITF4,16,Puglia,Puglia,4029053,4361700,108.26,1.04
2249,2021-04-18,PUG,22647,10834,11813,21395,1056,196,ITF,ITF4,16,Puglia,Puglia,4029053,4384347,108.82,0.56
2250,2021-02-20,PUG,2971,1079,1892,2684,257,30,ITF,ITF4,16,Puglia,Puglia,4029053,4387318,108.89,0.07
2251,2021-01-15,PUG,4552,1866,2686,4547,0,5,ITF,ITF4,16,Puglia,Puglia,4029053,4391870,109.01,0.11
2252,2021-01-22,PUG,1412,579,833,991,420,1,ITF,ITF4,16,Puglia,Puglia,4029053,4393282,109.04,0.04
2253,2021-06-25,PUG,50537,24896,25641,23682,25909,946,ITF,ITF4,16,Puglia,Puglia,4029053,4443819,110.29,1.25
2254,2021-01-11,VEN,7242,2102,5140,7241,0,1,ITH,ITH3,5,Veneto,Veneto,4905854,7242,0.15,0.15
2255,2021-04-21,VEN,32370,13191,19179,15542,16056,772,ITH,ITH3,5,Veneto,Veneto,4905854,39612,0.81,0.66
2256,2021-05-22,VEN,34780,16679,18101,12702,21409,669,ITH,ITH3,5,Veneto,Veneto,4905854,74392,1.52,0.71
2257,2021-02-11,VEN,4012,1238,2774,3345,628,39,ITH,ITH3,5,Veneto,Veneto,4905854,78404,1.6,0.08
2258,2021-01-28,VEN,9212,2664,6548,168,9042,2,ITH,ITH3,5,Veneto,Veneto,4905854,87616,1.79,0.19
2259,2021-05-05,VEN,44368,21256,23112,36164,6568,1636,ITH,ITH3,5,Veneto,Veneto,4905854,131984,2.69,0.9
2260,2021-07-01,VEN,50744,25913,24831,20582,29131,1031,ITH,ITH3,5,Veneto,Veneto,4905854,182728,3.72,1.03
2261,2021-05-12,VEN,36919,17875,19044,30182,5123,1614,ITH,ITH3,5,Veneto,Veneto,4905854,219647,4.48,0.75
2262,2021-04-23,VEN,31265,13845,17420,21404,8707,1154,ITH,ITH3,5,Veneto,Veneto,4905854,250912,5.11,0.64
2263,2021-02-16,VEN,6644,2870,3774,6438,176,30,ITH,ITH3,5,Veneto,Veneto,4905854,257556,5.25,0.14
2264,2021-07-18,VEN,37698,19748,17950,3838,33610,250,ITH,ITH3,5,Veneto,Veneto,4905854,295254,6.02,0.77
2265,2021-02-25,VEN,7898,3339,4559,7156,605,137,ITH,ITH3,5,Veneto,Veneto,4905854,303152,6.18,0.16
2266,2021-04-09,VEN,31197,13765,17432,21912,8345,940,ITH,ITH3,5,Veneto,Veneto,4905854,334349,6.82,0.64
2267,2021-06-05,VEN,46815,24110,22705,37317,8053,1445,ITH,ITH3,5,Veneto,Veneto,4905854,381164,7.77,0.95
2268,2021-05-17,VEN,26506,12981,13525,15654,10025,827,ITH,ITH3,5,Veneto,Veneto,4905854,407670,8.31,0.54
2269,2021-02-06,VEN,4095,1354,2741,709,3386,0,ITH,ITH3,5,Veneto,Veneto,4905854,411765,8.39,0.08
2270,2021-02-23,VEN,7383,3253,4130,7029,270,84,ITH,ITH3,5,Veneto,Veneto,4905854,419148,8.54,0.15
2271,2021-07-13,VEN,43435,22534,20901,5375,37745,315,ITH,ITH3,5,Veneto,Veneto,4905854,462583,9.43,0.89
2272,2021-04-04,VEN,7783,3531,4252,6511,1148,124,ITH,ITH3,5,Veneto,Veneto,4905854,470366,9.59,0.16
2273,2021-05-24,VEN,33040,16412,16628,7627,25008,405,ITH,ITH3,5,Veneto,Veneto,4905854,503406,10.26,0.67
2274,2021-01-23,VEN,4051,1246,2805,31,4020,0,ITH,ITH3,5,Veneto,Veneto,4905854,507457,10.34,0.08
2275,2021-06-29,VEN,45506,22703,22803,19006,25789,711,ITH,ITH3,5,Veneto,Veneto,4905854,552963,11.27,0.93
2276,2021-03-21,VEN,11983,4754,7229,8279,3464,240,ITH,ITH3,5,Veneto,Veneto,4905854,564946,11.52,0.24
2277,2021-01-16,VEN,4611,1542,3069,4611,0,0,ITH,ITH3,5,Veneto,Veneto,4905854,569557,11.61,0.09
2278,2021-03-14,VEN,15176,5942,9234,13845,894,437,ITH,ITH3,5,Veneto,Veneto,4905854,584733,11.92,0.31
2279,2021-06-17,VEN,51654,25889,25765,25519,24987,1148,ITH,ITH3,5,Veneto,Veneto,4905854,636387,12.97,1.05
2280,2021-03-09,VEN,16543,7446,9097,9824,6323,396,ITH,ITH3,5,Veneto,Veneto,4905854,652930,13.31,0.34
2281,2021-05-31,VEN,31630,16235,15395,20885,9923,822,ITH,ITH3,5,Veneto,Veneto,4905854,684560,13.95,0.64
2282,2021-03-26,VEN,29597,13150,16447,23278,5462,857,ITH,ITH3,5,Veneto,Veneto,4905854,714157,14.56,0.6
2283,2021-03-28,VEN,31302,13604,17698,26879,3612,811,ITH,ITH3,5,Veneto,Veneto,4905854,745459,15.2,0.64
2284,2021-06-19,VEN,49263,25065,24198,25611,22564,1088,ITH,ITH3,5,Veneto,Veneto,4905854,794722,16.2,1.0
2285,2021-03-02,VEN,11492,4627,6865,7934,3311,247,ITH,ITH3,5,Veneto,Veneto,4905854,806214,16.43,0.23
2286,2021-06-10,VEN,52276,26982,25294,41282,9304,1690,ITH,ITH3,5,Veneto,Veneto,4905854,858490,17.5,1.07
2287,2021-04-02,VEN,24096,10620,13476,17127,6328,641,ITH,ITH3,5,Veneto,Veneto,4905854,882586,17.99,0.49
2288,2021-06-09,VEN,42733,21927,20806,33770,7422,1541,ITH,ITH3,5,Veneto,Veneto,4905854,925319,18.86,0.87
2289,2021-05-29,VEN,33016,16680,16336,24233,7668,1115,ITH,ITH3,5,Veneto,Veneto,4905854,958335,19.53,0.67
2290,2021-02-18,VEN,5828,2455,3373,5725,64,39,ITH,ITH3,5,Veneto,Veneto,4905854,964163,19.65,0.12
2291,2021-04-16,VEN,24452,10494,13958,11889,11886,677,ITH,ITH3,5,Veneto,Veneto,4905854,988615,20.15,0.5
2292,2021-04-18,VEN,17515,7254,10261,9499,7565,451,ITH,ITH3,5,Veneto,Veneto,4905854,1006130,20.51,0.36
2293,2021-07-08,VEN,46510,24206,22304,4436,41770,304,ITH,ITH3,5,Veneto,Veneto,4905854,1052640,21.46,0.95
2294,2021-06-24,VEN,56032,28379,27653,17548,37782,702,ITH,ITH3,5,Veneto,Veneto,4905854,1108672,22.6,1.14
2295,2021-03-16,VEN,12529,5354,7175,6640,5622,267,ITH,ITH3,5,Veneto,Veneto,4905854,1121201,22.85,0.26
2296,2021-03-23,VEN,22216,10241,11975,16868,4713,635,ITH,ITH3,5,Veneto,Veneto,4905854,1143417,23.31,0.45
2297,2021-05-19,VEN,33073,15141,17932,16185,15956,932,ITH,ITH3,5,Veneto,Veneto,4905854,1176490,23.98,0.67
2298,2021-06-12,VEN,48648,24482,24166,36401,10787,1460,ITH,ITH3,5,Veneto,Veneto,4905854,1225138,24.97,0.99
2299,2021-05-02,VEN,37239,17264,19975,25612,10331,1296,ITH,ITH3,5,Veneto,Veneto,4905854,1262377,25.73,0.76
2300,2021-06-14,VEN,42609,21547,21062,26301,15305,1003,ITH,ITH3,5,Veneto,Veneto,4905854,1304986,26.6,0.87
2301,2021-05-10,VEN,36500,17078,19422,25418,9847,1235,ITH,ITH3,5,Veneto,Veneto,4905854,1341486,27.34,0.74
2302,2021-01-30,VEN,8747,2672,6075,692,8055,0,ITH,ITH3,5,Veneto,Veneto,4905854,1350233,27.52,0.18
2303,2021-03-07,VEN,4493,1768,2725,3863,561,69,ITH,ITH3,5,Veneto,Veneto,4905854,1354726,27.61,0.09
2304,2021-05-03,VEN,40697,19802,20895,32789,6443,1465,ITH,ITH3,5,Veneto,Veneto,4905854,1395423,28.44,0.83
2305,2021-04-28,VEN,32423,15182,17241,22226,9017,1180,ITH,ITH3,5,Veneto,Veneto,4905854,1427846,29.1,0.66
2306,2021-07-20,VEN,44120,23558,20562,6820,36789,511,ITH,ITH3,5,Veneto,Veneto,4905854,1471966,30.0,0.9
2307,2021-01-18,VEN,2763,776,1987,2559,199,5,ITH,ITH3,5,Veneto,Veneto,4905854,1474729,30.06,0.06
2308,2021-02-04,VEN,7391,2027,5364,550,6840,1,ITH,ITH3,5,Veneto,Veneto,4905854,1482120,30.21,0.15
2309,2021-04-30,VEN,50019,23491,26528,32953,15666,1400,ITH,ITH3,5,Veneto,Veneto,4905854,1532139,31.23,1.02
2310,2021-01-20,VEN,1038,368,670,386,652,0,ITH,ITH3,5,Veneto,Veneto,4905854,1533177,31.25,0.02
2311,2021-01-09,VEN,7929,2539,5390,7923,0,6,ITH,ITH3,5,Veneto,Veneto,4905854,1541106,31.41,0.16
2312,2021-03-18,VEN,12612,5139,7473,7031,5229,352,ITH,ITH3,5,Veneto,Veneto,4905854,1553718,31.67,0.26
2313,2021-06-26,VEN,48036,24494,23542,13554,33976,506,ITH,ITH3,5,Veneto,Veneto,4905854,1601754,32.65,0.98
2314,2021-07-06,VEN,36056,18583,17473,13147,22257,652,ITH,ITH3,5,Veneto,Veneto,4905854,1637810,33.38,0.73
2315,2021-04-14,VEN,15923,6904,9019,8752,6630,541,ITH,ITH3,5,Veneto,Veneto,4905854,1653733,33.71,0.32
2316,2021-01-04,VEN,6737,2035,4702,6735,0,2,ITH,ITH3,5,Veneto,Veneto,4905854,1660470,33.85,0.14
2317,2021-05-14,VEN,46747,22231,24516,24292,20880,1575,ITH,ITH3,5,Veneto,Veneto,4905854,1707217,34.8,0.95
2318,2021-02-20,VEN,6425,2015,4410,6274,71,80,ITH,ITH3,5,Veneto,Veneto,4905854,1713642,34.93,0.13
2319,2021-06-28,VEN,47569,24072,23497,18354,28492,723,ITH,ITH3,5,Veneto,Veneto,4905854,1761211,35.9,0.97
2320,2021-01-25,VEN,6470,2077,4393,159,6311,0,ITH,ITH3,5,Veneto,Veneto,4905854,1767681,36.03,0.13
2321,2021-07-15,VEN,51064,26736,24328,5954,44740,370,ITH,ITH3,5,Veneto,Veneto,4905854,1818745,37.07,1.04
2322,2021-04-20,VEN,22438,9499,12939,7869,14000,569,ITH,ITH3,5,Veneto,Veneto,4905854,1841183,37.53,0.46
2323,2021-05-09,VEN,35073,16138,18935,23772,10055,1246,ITH,ITH3,5,Veneto,Veneto,4905854,1876256,38.25,0.71
2324,2021-01-08,VEN,9407,2835,6572,9393,0,14,ITH,ITH3,5,Veneto,Veneto,4905854,1885663,38.44,0.19
2325,2021-01-13,VEN,5986,1606,4380,5983,0,3,ITH,ITH3,5,Veneto,Veneto,4905854,1891649,38.56,0.12
2326,2021-04-25,VEN,18335,8157,10178,12903,4834,598,ITH,ITH3,5,Veneto,Veneto,4905854,1909984,38.93,0.37
2327,2021-02-08,VEN,5004,1559,3445,1923,3075,6,ITH,ITH3,5,Veneto,Veneto,4905854,1914988,39.03,0.1
2328,2021-04-06,VEN,28964,13329,15635,23199,5042,723,ITH,ITH3,5,Veneto,Veneto,4905854,1943952,39.63,0.59
2329,2021-02-01,VEN,8563,2502,6061,159,8404,0,ITH,ITH3,5,Veneto,Veneto,4905854,1952515,39.8,0.17
2330,2021-02-15,VEN,4389,1824,2565,4140,240,9,ITH,ITH3,5,Veneto,Veneto,4905854,1956904,39.89,0.09
2331,2021-03-30,VEN,35965,15297,20668,29714,5244,1007,ITH,ITH3,5,Veneto,Veneto,4905854,1992869,40.62,0.73
2332,2021-03-06,VEN,10667,4356,6311,7218,3262,187,ITH,ITH3,5,Veneto,Veneto,4905854,2003536,40.84,0.22
2333,2020-12-30,VEN,699,245,454,699,0,0,ITH,ITH3,5,Veneto,Veneto,4905854,2004235,40.85,0.01
2334,2021-06-07,VEN,44679,23309,21370,36188,7017,1474,ITH,ITH3,5,Veneto,Veneto,4905854,2048914,41.76,0.91
2335,2021-02-27,VEN,8991,2692,6299,7963,847,181,ITH,ITH3,5,Veneto,Veneto,4905854,2057905,41.95,0.18
2336,2021-07-03,VEN,38678,20106,18572,11013,27080,585,ITH,ITH3,5,Veneto,Veneto,4905854,2096583,42.74,0.79
2337,2021-06-16,VEN,47716,23536,24180,25273,21368,1075,ITH,ITH3,5,Veneto,Veneto,4905854,2144299,43.71,0.97
2338,2021-01-01,VEN,1528,471,1057,1527,0,1,ITH,ITH3,5,Veneto,Veneto,4905854,2145827,43.74,0.03
2339,2021-03-25,VEN,25960,11057,14903,18965,6100,895,ITH,ITH3,5,Veneto,Veneto,4905854,2171787,44.27,0.53
2340,2021-04-11,VEN,21004,8871,12133,14226,6293,485,ITH,ITH3,5,Veneto,Veneto,4905854,2192791,44.7,0.43
2341,2021-06-02,VEN,20304,10234,10070,15351,4340,613,ITH,ITH3,5,Veneto,Veneto,4905854,2213095,45.11,0.41
2342,2021-03-11,VEN,19829,8889,10940,13794,5571,464,ITH,ITH3,5,Veneto,Veneto,4905854,2232924,45.52,0.4
2343,2021-05-26,VEN,31122,15213,15909,13970,16476,676,ITH,ITH3,5,Veneto,Veneto,4905854,2264046,46.15,0.63
2344,2021-03-01,VEN,9394,3716,5678,7409,1822,163,ITH,ITH3,5,Veneto,Veneto,4905854,2273440,46.34,0.19
2345,2021-07-12,VEN,43202,22763,20439,3986,38887,329,ITH,ITH3,5,Veneto,Veneto,4905854,2316642,47.22,0.88
2346,2021-04-03,VEN,21961,9631,12330,13847,7710,404,ITH,ITH3,5,Veneto,Veneto,4905854,2338603,47.67,0.45
2347,2021-05-07,VEN,48583,23281,25302,37560,8668,2355,ITH,ITH3,5,Veneto,Veneto,4905854,2387186,48.66,0.99
2348,2021-01-27,VEN,7141,2064,5077,240,6900,1,ITH,ITH3,5,Veneto,Veneto,4905854,2394327,48.81,0.15
2349,2021-02-13,VEN,3266,1473,1793,3230,20,16,ITH,ITH3,5,Veneto,Veneto,4905854,2397593,48.87,0.07
2350,2021-04-10,VEN,27470,11979,15491,18378,8468,624,ITH,ITH3,5,Veneto,Veneto,4905854,2425063,49.43,0.56
2351,2021-06-06,VEN,37428,19161,18267,31485,4725,1218,ITH,ITH3,5,Veneto,Veneto,4905854,2462491,50.19,0.76
2352,2020-12-27,VEN,880,395,485,880,0,0,ITH,ITH3,5,Veneto,Veneto,4905854,2463371,50.21,0.02
2353,2021-05-30,VEN,22541,11265,11276,15204,6687,650,ITH,ITH3,5,Veneto,Veneto,4905854,2485912,50.67,0.46
2354,2021-03-04,VEN,12982,4885,8097,9120,3473,389,ITH,ITH3,5,Veneto,Veneto,4905854,2498894,50.94,0.26
2355,2021-07-07,VEN,40782,21220,19562,15572,24403,807,ITH,ITH3,5,Veneto,Veneto,4905854,2539676,51.77,0.83
2356,2021-05-11,VEN,33164,16498,16666,27125,4722,1317,ITH,ITH3,5,Veneto,Veneto,4905854,2572840,52.44,0.68
2357,2021-01-22,VEN,1080,332,748,25,1055,0,ITH,ITH3,5,Veneto,Veneto,4905854,2573920,52.47,0.02
2358,2021-06-21,VEN,44294,22169,22125,20413,22947,934,ITH,ITH3,5,Veneto,Veneto,4905854,2618214,53.37,0.9
2359,2021-01-06,VEN,8136,2388,5748,8133,0,3,ITH,ITH3,5,Veneto,Veneto,4905854,2626350,53.54,0.17
2360,2021-06-23,VEN,49210,24383,24827,14550,33829,831,ITH,ITH3,5,Veneto,Veneto,4905854,2675560,54.54,1.0
2361,2021-03-15,VEN,16670,7328,9342,10959,5209,502,ITH,ITH3,5,Veneto,Veneto,4905854,2692230,54.88,0.34
2362,2021-04-27,VEN,28189,12785,15404,20120,6911,1158,ITH,ITH3,5,Veneto,Veneto,4905854,2720419,55.45,0.57
2363,2021-01-17,VEN,1933,781,1152,1584,349,0,ITH,ITH3,5,Veneto,Veneto,4905854,2722352,55.49,0.04
2364,2021-02-03,VEN,5948,1669,4279,476,5468,4,ITH,ITH3,5,Veneto,Veneto,4905854,2728300,55.61,0.12
2365,2021-04-29,VEN,50283,23391,26892,35383,13171,1729,ITH,ITH3,5,Veneto,Veneto,4905854,2778583,56.64,1.02
2366,2021-07-21,VEN,42675,22040,20635,8581,33611,483,ITH,ITH3,5,Veneto,Veneto,4905854,2821258,57.51,0.87
2367,2021-02-05,VEN,8379,2536,5843,1409,6961,9,ITH,ITH3,5,Veneto,Veneto,4905854,2829637,57.68,0.17
2368,2021-02-22,VEN,7014,3041,3973,6580,387,47,ITH,ITH3,5,Veneto,Veneto,4905854,2836651,57.82,0.14
2369,2021-05-16,VEN,28416,14010,14406,20309,7080,1027,ITH,ITH3,5,Veneto,Veneto,4905854,2865067,58.4,0.58
2370,2021-07-19,VEN,44657,23519,21138,7903,36350,404,ITH,ITH3,5,Veneto,Veneto,4905854,2909724,59.31,0.91
2371,2021-02-26,VEN,8297,3273,5024,6943,1260,94,ITH,ITH3,5,Veneto,Veneto,4905854,2918021,59.48,0.17
2372,2021-04-24,VEN,24761,10828,13933,14961,9078,722,ITH,ITH3,5,Veneto,Veneto,4905854,2942782,59.99,0.5
2373,2021-01-14,VEN,7064,1925,5139,7044,0,20,ITH,ITH3,5,Veneto,Veneto,4905854,2949846,60.13,0.14
2374,2021-03-12,VEN,18658,8194,10464,11330,6748,580,ITH,ITH3,5,Veneto,Veneto,4905854,2968504,60.51,0.38
2375,2021-07-22,VEN,47504,24651,22853,13037,33853,614,ITH,ITH3,5,Veneto,Veneto,4905854,3016008,61.48,0.97
2376,2021-04-13,VEN,14028,6324,7704,8052,5477,499,ITH,ITH3,5,Veneto,Veneto,4905854,3030036,61.76,0.29
2377,2021-07-05,VEN,39078,20262,18816,14093,24171,814,ITH,ITH3,5,Veneto,Veneto,4905854,3069114,62.56,0.8
2378,2021-01-03,VEN,5157,1562,3595,5157,0,0,ITH,ITH3,5,Veneto,Veneto,4905854,3074271,62.67,0.11
2379,2021-03-03,VEN,12098,4647,7451,8387,3500,211,ITH,ITH3,5,Veneto,Veneto,4905854,3086369,62.91,0.25
2380,2021-06-11,VEN,47287,24594,22693,34700,11167,1420,ITH,ITH3,5,Veneto,Veneto,4905854,3133656,63.88,0.96
2381,2021-06-25,VEN,51640,26131,25509,15004,35982,654,ITH,ITH3,5,Veneto,Veneto,4905854,3185296,64.93,1.05
2382,2021-05-18,VEN,27003,12541,14462,12638,13602,763,ITH,ITH3,5,Veneto,Veneto,4905854,3212299,65.48,0.55
2383,2021-06-30,VEN,45665,23024,22641,17775,27118,772,ITH,ITH3,5,Veneto,Veneto,4905854,3257964,66.41,0.93
2384,2021-03-22,VEN,18146,8178,9968,12583,5046,517,ITH,ITH3,5,Veneto,Veneto,4905854,3276110,66.78,0.37
2385,2021-03-13,VEN,17232,7306,9926,13730,3131,371,ITH,ITH3,5,Veneto,Veneto,4905854,3293342,67.13,0.35
2386,2021-01-15,VEN,5876,1821,4055,5870,0,6,ITH,ITH3,5,Veneto,Veneto,4905854,3299218,67.25,0.12
2387,2021-05-20,VEN,44793,21239,23554,19349,24342,1102,ITH,ITH3,5,Veneto,Veneto,4905854,3344011,68.16,0.91
2388,2021-02-09,VEN,5248,1891,3357,3432,1803,13,ITH,ITH3,5,Veneto,Veneto,4905854,3349259,68.27,0.11
2389,2021-05-04,VEN,42992,20359,22633,33306,8034,1652,ITH,ITH3,5,Veneto,Veneto,4905854,3392251,69.15,0.88
2390,2021-01-24,VEN,4117,1219,2898,28,4089,0,ITH,ITH3,5,Veneto,Veneto,4905854,3396368,69.23,0.08
2391,2021-04-07,VEN,36016,16188,19828,27571,7337,1108,ITH,ITH3,5,Veneto,Veneto,4905854,3432384,69.97,0.73
2392,2021-07-16,VEN,44539,23966,20573,6886,37182,471,ITH,ITH3,5,Veneto,Veneto,4905854,3476923,70.87,0.91
2393,2021-01-31,VEN,4771,1565,3206,391,4380,0,ITH,ITH3,5,Veneto,Veneto,4905854,3481694,70.97,0.1
2394,2020-12-31,VEN,3219,1042,2177,3219,0,0,ITH,ITH3,5,Veneto,Veneto,4905854,3484913,71.04,0.07
2395,2021-03-20,VEN,13023,5388,7635,10650,2082,291,ITH,ITH3,5,Veneto,Veneto,4905854,3497936,71.3,0.27
2396,2021-01-10,VEN,5035,1673,3362,5034,0,1,ITH,ITH3,5,Veneto,Veneto,4905854,3502971,71.4,0.1
2397,2021-05-23,VEN,34488,16466,18022,10618,23401,469,ITH,ITH3,5,Veneto,Veneto,4905854,3537459,72.11,0.7
2398,2021-02-12,VEN,4314,1447,2867,3671,572,71,ITH,ITH3,5,Veneto,Veneto,4905854,3541773,72.19,0.09
2399,2021-07-14,VEN,43414,22318,21096,5258,37764,392,ITH,ITH3,5,Veneto,Veneto,4905854,3585187,73.08,0.88
2400,2021-04-22,VEN,32037,13934,18103,15466,15750,821,ITH,ITH3,5,Veneto,Veneto,4905854,3617224,73.73,0.65
2401,2021-03-08,VEN,13631,6271,7360,9300,4069,262,ITH,ITH3,5,Veneto,Veneto,4905854,3630855,74.01,0.28
2402,2021-06-18,VEN,53575,26742,26833,23948,28563,1064,ITH,ITH3,5,Veneto,Veneto,4905854,3684430,75.1,1.09
2403,2021-03-27,VEN,32071,14013,18058,25368,5798,905,ITH,ITH3,5,Veneto,Veneto,4905854,3716501,75.76,0.65
2404,2021-06-03,VEN,54462,28003,26459,40854,11969,1639,ITH,ITH3,5,Veneto,Veneto,4905854,3770963,76.87,1.11
2405,2021-05-27,VEN,46568,22884,23684,22330,23201,1037,ITH,ITH3,5,Veneto,Veneto,4905854,3817531,77.82,0.95
2406,2021-02-07,VEN,2316,863,1453,714,1601,1,ITH,ITH3,5,Veneto,Veneto,4905854,3819847,77.86,0.05
2407,2021-04-17,VEN,22430,9088,13342,14358,7274,798,ITH,ITH3,5,Veneto,Veneto,4905854,3842277,78.32,0.46
2408,2021-01-07,VEN,8360,2317,6043,8359,0,1,ITH,ITH3,5,Veneto,Veneto,4905854,3850637,78.49,0.17
2409,2021-06-13,VEN,37331,19250,18081,29309,6957,1065,ITH,ITH3,5,Veneto,Veneto,4905854,3887968,79.25,0.76
2410,2021-01-21,VEN,2293,719,1574,21,2272,0,ITH,ITH3,5,Veneto,Veneto,4905854,3890261,79.3,0.05
2411,2021-03-05,VEN,13336,5020,8316,9222,3670,444,ITH,ITH3,5,Veneto,Veneto,4905854,3903597,79.57,0.27
2412,2021-03-29,VEN,31451,13695,17756,26637,3820,994,ITH,ITH3,5,Veneto,Veneto,4905854,3935048,80.21,0.64
2413,2021-05-13,VEN,44268,21844,22424,32556,9882,1830,ITH,ITH3,5,Veneto,Veneto,4905854,3979316,81.11,0.9
2414,2021-02-02,VEN,6512,1881,4631,396,6116,0,ITH,ITH3,5,Veneto,Veneto,4905854,3985828,81.25,0.13
2415,2021-07-09,VEN,44986,23736,21250,4087,40607,292,ITH,ITH3,5,Veneto,Veneto,4905854,4030814,82.16,0.92
2416,2021-03-31,VEN,38855,16410,22445,30315,7500,1040,ITH,ITH3,5,Veneto,Veneto,4905854,4069669,82.96,0.79
2417,2021-06-08,VEN,43840,22666,21174,36190,6141,1509,ITH,ITH3,5,Veneto,Veneto,4905854,4113509,83.85,0.89
2418,2021-05-25,VEN,27797,13419,14378,11256,16043,498,ITH,ITH3,5,Veneto,Veneto,4905854,4141306,84.42,0.57
2419,2021-02-14,VEN,126,56,70,113,13,0,ITH,ITH3,5,Veneto,Veneto,4905854,4141432,84.42,0.0
2420,2021-02-28,VEN,4136,1389,2747,3225,837,74,ITH,ITH3,5,Veneto,Veneto,4905854,4145568,84.5,0.08
2421,2021-03-17,VEN,14645,5992,8653,7526,6796,323,ITH,ITH3,5,Veneto,Veneto,4905854,4160213,84.8,0.3
2422,2021-07-04,VEN,33866,17573,16293,14969,18278,619,ITH,ITH3,5,Veneto,Veneto,4905854,4194079,85.49,0.69
2423,2021-04-12,VEN,14909,6339,8570,6393,8216,300,ITH,ITH3,5,Veneto,Veneto,4905854,4208988,85.8,0.3
2424,2021-01-02,VEN,5744,1767,3977,5743,0,1,ITH,ITH3,5,Veneto,Veneto,4905854,4214732,85.91,0.12
2425,2021-01-19,VEN,1310,473,837,1159,150,1,ITH,ITH3,5,Veneto,Veneto,4905854,4216042,85.94,0.03
2426,2021-07-23,VEN,16107,8432,7675,5070,10890,147,ITH,ITH3,5,Veneto,Veneto,4905854,4232149,86.27,0.33
2427,2021-01-29,VEN,9023,2788,6235,366,8657,0,ITH,ITH3,5,Veneto,Veneto,4905854,4241172,86.45,0.18
2428,2021-05-08,VEN,41473,18760,22713,28211,11823,1439,ITH,ITH3,5,Veneto,Veneto,4905854,4282645,87.3,0.85
2429,2021-06-27,VEN,40233,20554,19679,15330,24303,600,ITH,ITH3,5,Veneto,Veneto,4905854,4322878,88.12,0.82
2430,2021-03-19,VEN,13793,5669,8124,7404,6097,292,ITH,ITH3,5,Veneto,Veneto,4905854,4336671,88.4,0.28
2431,2021-06-20,VEN,41190,20057,21133,18892,21532,766,ITH,ITH3,5,Veneto,Veneto,4905854,4377861,89.24,0.84
2432,2021-02-19,VEN,7323,3140,4183,6993,204,126,ITH,ITH3,5,Veneto,Veneto,4905854,4385184,89.39,0.15
2433,2021-07-02,VEN,49414,25076,24338,16193,32415,806,ITH,ITH3,5,Veneto,Veneto,4905854,4434598,90.39,1.01
2434,2021-03-24,VEN,22113,9574,12539,14662,6803,648,ITH,ITH3,5,Veneto,Veneto,4905854,4456711,90.84,0.45
2435,2021-07-11,VEN,34221,17917,16304,3688,30275,258,ITH,ITH3,5,Veneto,Veneto,4905854,4490932,91.54,0.7
2436,2021-05-01,VEN,38855,18239,20616,28693,8935,1227,ITH,ITH3,5,Veneto,Veneto,4905854,4529787,92.33,0.79
2437,2021-02-21,VEN,4640,1212,3428,4516,5,119,ITH,ITH3,5,Veneto,Veneto,4905854,4534427,92.43,0.09
2438,2021-05-15,VEN,36230,17505,18725,24796,10005,1429,ITH,ITH3,5,Veneto,Veneto,4905854,4570657,93.17,0.74
2439,2021-06-01,VEN,26968,13557,13411,15782,10543,643,ITH,ITH3,5,Veneto,Veneto,4905854,4597625,93.72,0.55
2440,2021-03-10,VEN,19040,8727,10313,12963,5683,394,ITH,ITH3,5,Veneto,Veneto,4905854,4616665,94.11,0.39
2441,2021-01-12,VEN,5231,1517,3714,5223,0,8,ITH,ITH3,5,Veneto,Veneto,4905854,4621896,94.21,0.11
2442,2021-04-19,VEN,21544,8923,12621,4709,16409,426,ITH,ITH3,5,Veneto,Veneto,4905854,4643440,94.65,0.44
2443,2021-04-05,VEN,19155,8371,10784,13419,5435,301,ITH,ITH3,5,Veneto,Veneto,4905854,4662595,95.04,0.39
2444,2021-01-26,VEN,6921,2091,4830,149,6772,0,ITH,ITH3,5,Veneto,Veneto,4905854,4669516,95.18,0.14
2445,2021-05-06,VEN,46990,22039,24951,36510,8474,2006,ITH,ITH3,5,Veneto,Veneto,4905854,4716506,96.14,0.96
2446,2021-05-28,VEN,46754,22893,23861,23675,21884,1195,ITH,ITH3,5,Veneto,Veneto,4905854,4763260,97.09,0.95
2447,2021-07-10,VEN,43100,23179,19921,6285,36453,362,ITH,ITH3,5,Veneto,Veneto,4905854,4806360,97.97,0.88
2448,2021-07-17,VEN,40298,21314,18984,4260,35700,338,ITH,ITH3,5,Veneto,Veneto,4905854,4846658,98.79,0.82
2449,2021-05-21,VEN,44790,22030,22760,19919,23769,1102,ITH,ITH3,5,Veneto,Veneto,4905854,4891448,99.71,0.91
2450,2021-02-17,VEN,6022,2772,3250,5900,94,28,ITH,ITH3,5,Veneto,Veneto,4905854,4897470,99.83,0.12
2451,2021-04-01,VEN,25349,11169,14180,18162,6412,775,ITH,ITH3,5,Veneto,Veneto,4905854,4922819,100.35,0.52
2452,2021-04-15,VEN,20914,8637,12277,9344,10824,746,ITH,ITH3,5,Veneto,Veneto,4905854,4943733,100.77,0.43
2453,2021-01-05,VEN,7331,2184,5147,7329,0,2,ITH,ITH3,5,Veneto,Veneto,4905854,4951064,100.92,0.15
2454,2021-02-10,VEN,4754,1589,3165,3690,1055,9,ITH,ITH3,5,Veneto,Veneto,4905854,4955818,101.02,0.1
2455,2021-04-08,VEN,32372,14369,18003,23326,7876,1170,ITH,ITH3,5,Veneto,Veneto,4905854,4988190,101.68,0.66
2456,2021-06-04,VEN,49616,25823,23793,39813,8136,1667,ITH,ITH3,5,Veneto,Veneto,4905854,5037806,102.69,1.01
2457,2021-02-24,VEN,8616,3679,4937,7994,488,134,ITH,ITH3,5,Veneto,Veneto,4905854,5046422,102.87,0.18
2458,2021-06-22,VEN,43700,21609,22091,18450,24370,880,ITH,ITH3,5,Veneto,Veneto,4905854,5090122,103.76,0.89
2459,2021-04-26,VEN,20722,9456,11266,14908,5137,677,ITH,ITH3,5,Veneto,Veneto,4905854,5110844,104.18,0.42
2460,2021-06-15,VEN,47788,24270,23518,29119,17513,1156,ITH,ITH3,5,Veneto,Veneto,4905854,5158632,105.15,0.97
2461,2021-02-28,LIG,1059,580,479,1043,9,7,ITC,ITC3,7,Liguria,Liguria,1550640,1059,0.07,0.07
2462,2021-03-14,LIG,1659,752,907,1033,604,22,ITC,ITC3,7,Liguria,Liguria,1550640,2718,0.18,0.11
2463,2021-06-22,LIG,15795,7456,8339,7652,8116,27,ITC,ITC3,7,Liguria,Liguria,1550640,18513,1.19,1.02
2464,2021-07-06,LIG,12326,6055,6271,5680,6610,36,ITC,ITC3,7,Liguria,Liguria,1550640,30839,1.99,0.79
2465,2021-05-10,LIG,12651,5642,7009,6212,6375,64,ITC,ITC3,7,Liguria,Liguria,1550640,43490,2.8,0.82
2466,2021-05-03,LIG,13255,5918,7337,6306,6815,134,ITC,ITC3,7,Liguria,Liguria,1550640,56745,3.66,0.85
2467,2021-03-21,LIG,551,220,331,69,482,0,ITC,ITC3,7,Liguria,Liguria,1550640,57296,3.69,0.04
2468,2021-07-18,LIG,2382,1222,1160,391,1980,11,ITC,ITC3,7,Liguria,Liguria,1550640,59678,3.85,0.15
2469,2021-06-05,LIG,8091,4114,3977,4937,3152,2,ITC,ITC3,7,Liguria,Liguria,1550640,67769,4.37,0.52
2470,2021-04-09,LIG,12468,5561,6907,10551,1777,140,ITC,ITC3,7,Liguria,Liguria,1550640,80237,5.17,0.8
2471,2021-03-31,LIG,11925,5276,6649,9047,2770,108,ITC,ITC3,7,Liguria,Liguria,1550640,92162,5.94,0.77
2472,2021-02-16,LIG,2428,957,1471,1996,424,8,ITC,ITC3,7,Liguria,Liguria,1550640,94590,6.1,0.16
2473,2021-07-23,LIG,4025,2102,1923,769,3238,18,ITC,ITC3,7,Liguria,Liguria,1550640,98615,6.36,0.26
2474,2021-05-27,LIG,16968,8706,8262,12646,4153,169,ITC,ITC3,7,Liguria,Liguria,1550640,115583,7.45,1.09
2475,2021-04-14,LIG,13076,5671,7405,10752,2201,123,ITC,ITC3,7,Liguria,Liguria,1550640,128659,8.3,0.84
2476,2021-05-29,LIG,6866,3253,3613,3977,2870,19,ITC,ITC3,7,Liguria,Liguria,1550640,135525,8.74,0.44
2477,2021-03-26,LIG,9339,4030,5309,6071,3156,112,ITC,ITC3,7,Liguria,Liguria,1550640,144864,9.34,0.6
2478,2021-07-04,LIG,4850,2579,2271,3841,993,16,ITC,ITC3,7,Liguria,Liguria,1550640,149714,9.65,0.31
2479,2021-01-02,LIG,691,245,446,691,0,0,ITC,ITC3,7,Liguria,Liguria,1550640,150405,9.7,0.04
2480,2021-06-15,LIG,17408,8462,8946,9325,8068,15,ITC,ITC3,7,Liguria,Liguria,1550640,167813,10.82,1.12
2481,2021-02-11,LIG,1988,771,1217,1094,885,9,ITC,ITC3,7,Liguria,Liguria,1550640,169801,10.95,0.13
2482,2021-05-22,LIG,6649,3220,3429,4872,1684,93,ITC,ITC3,7,Liguria,Liguria,1550640,176450,11.38,0.43
2483,2021-06-10,LIG,18755,9679,9076,13122,5626,7,ITC,ITC3,7,Liguria,Liguria,1550640,195205,12.59,1.21
2484,2021-03-19,LIG,5296,2234,3062,2094,3147,55,ITC,ITC3,7,Liguria,Liguria,1550640,200501,12.93,0.34
2485,2021-03-02,LIG,4074,1689,2385,3753,310,11,ITC,ITC3,7,Liguria,Liguria,1550640,204575,13.19,0.26
2486,2021-07-11,LIG,2148,1191,957,1236,903,9,ITC,ITC3,7,Liguria,Liguria,1550640,206723,13.33,0.14
2487,2021-06-24,LIG,11112,5426,5686,6264,4835,13,ITC,ITC3,7,Liguria,Liguria,1550640,217835,14.05,0.72
2488,2021-04-02,LIG,11789,5220,6569,9207,2487,95,ITC,ITC3,7,Liguria,Liguria,1550640,229624,14.81,0.76
2489,2021-01-28,LIG,2848,972,1876,39,2809,0,ITC,ITC3,7,Liguria,Liguria,1550640,232472,14.99,0.18
2490,2021-04-26,LIG,10566,4985,5581,7844,2636,86,ITC,ITC3,7,Liguria,Liguria,1550640,243038,15.67,0.68
2491,2021-01-16,LIG,1278,557,721,1273,0,5,ITC,ITC3,7,Liguria,Liguria,1550640,244316,15.76,0.08
2492,2021-02-02,LIG,2673,1007,1666,127,2544,2,ITC,ITC3,7,Liguria,Liguria,1550640,246989,15.93,0.17
2493,2021-04-28,LIG,14460,6523,7937,6380,7987,93,ITC,ITC3,7,Liguria,Liguria,1550640,261449,16.86,0.93
2494,2021-02-04,LIG,2817,987,1830,178,2639,0,ITC,ITC3,7,Liguria,Liguria,1550640,264266,17.04,0.18
2495,2021-05-15,LIG,7320,3272,4048,4286,2955,79,ITC,ITC3,7,Liguria,Liguria,1550640,271586,17.51,0.47
2496,2021-02-21,LIG,869,491,378,857,4,8,ITC,ITC3,7,Liguria,Liguria,1550640,272455,17.57,0.06
2497,2021-01-09,LIG,1335,481,854,1334,0,1,ITC,ITC3,7,Liguria,Liguria,1550640,273790,17.66,0.09
2498,2021-04-19,LIG,12838,5619,7219,8919,3831,88,ITC,ITC3,7,Liguria,Liguria,1550640,286628,18.48,0.83
2499,2021-07-13,LIG,13063,6423,6640,3497,9544,22,ITC,ITC3,7,Liguria,Liguria,1550640,299691,19.33,0.84
2500,2020-12-28,LIG,80,30,50,80,0,0,ITC,ITC3,7,Liguria,Liguria,1550640,299771,19.33,0.01
2501,2021-06-03,LIG,15528,7694,7834,9150,6368,10,ITC,ITC3,7,Liguria,Liguria,1550640,315299,20.33,1.0
2502,2021-04-07,LIG,13681,6108,7573,11304,2288,89,ITC,ITC3,7,Liguria,Liguria,1550640,328980,21.22,0.88
2503,2021-02-23,LIG,3806,1559,2247,3657,109,40,ITC,ITC3,7,Liguria,Liguria,1550640,332786,21.46,0.25
2504,2021-06-14,LIG,15133,7307,7826,8275,6856,2,ITC,ITC3,7,Liguria,Liguria,1550640,347919,22.44,0.98
2505,2021-01-23,LIG,810,296,514,154,656,0,ITC,ITC3,7,Liguria,Liguria,1550640,348729,22.49,0.05
2506,2021-06-29,LIG,15163,7221,7942,8700,6431,32,ITC,ITC3,7,Liguria,Liguria,1550640,363892,23.47,0.98
2507,2021-05-17,LIG,12034,5521,6513,8653,3329,52,ITC,ITC3,7,Liguria,Liguria,1550640,375926,24.24,0.78
2508,2021-01-30,LIG,1661,567,1094,23,1637,1,ITC,ITC3,7,Liguria,Liguria,1550640,377587,24.35,0.11
2509,2021-03-28,LIG,1141,511,630,378,751,12,ITC,ITC3,7,Liguria,Liguria,1550640,378728,24.42,0.07
2510,2021-02-09,LIG,1952,694,1258,264,1686,2,ITC,ITC3,7,Liguria,Liguria,1550640,380680,24.55,0.13
2511,2021-04-23,LIG,14679,6640,8039,8450,6119,110,ITC,ITC3,7,Liguria,Liguria,1550640,395359,25.5,0.95
2512,2021-03-11,LIG,6401,3091,3310,4332,2012,57,ITC,ITC3,7,Liguria,Liguria,1550640,401760,25.91,0.41
2513,2021-01-13,LIG,2758,1014,1744,2757,0,1,ITC,ITC3,7,Liguria,Liguria,1550640,404518,26.09,0.18
2514,2021-01-21,LIG,1107,385,722,675,431,1,ITC,ITC3,7,Liguria,Liguria,1550640,405625,26.16,0.07
2515,2021-01-14,LIG,2983,1056,1927,2982,0,1,ITC,ITC3,7,Liguria,Liguria,1550640,408608,26.35,0.19
2516,2021-03-12,LIG,6216,2873,3343,3689,2470,57,ITC,ITC3,7,Liguria,Liguria,1550640,414824,26.75,0.4
2517,2021-03-07,LIG,1915,1138,777,1590,301,24,ITC,ITC3,7,Liguria,Liguria,1550640,416739,26.88,0.12
2518,2021-06-17,LIG,16683,7926,8757,9138,7526,19,ITC,ITC3,7,Liguria,Liguria,1550640,433422,27.95,1.08
2519,2021-04-21,LIG,14272,6446,7826,8845,5329,98,ITC,ITC3,7,Liguria,Liguria,1550640,447694,28.87,0.92
2520,2021-05-08,LIG,7528,3334,4194,2270,5214,44,ITC,ITC3,7,Liguria,Liguria,1550640,455222,29.36,0.49
2521,2021-01-25,LIG,2727,889,1838,477,2249,1,ITC,ITC3,7,Liguria,Liguria,1550640,457949,29.53,0.18
2522,2021-05-05,LIG,13716,6138,7578,5195,8418,103,ITC,ITC3,7,Liguria,Liguria,1550640,471665,30.42,0.88
2523,2020-12-30,LIG,12,5,7,12,0,0,ITC,ITC3,7,Liguria,Liguria,1550640,471677,30.42,0.0
2524,2021-05-24,LIG,11871,5586,6285,9273,2496,102,ITC,ITC3,7,Liguria,Liguria,1550640,483548,31.18,0.77
2525,2021-05-07,LIG,13594,6041,7553,5734,7793,67,ITC,ITC3,7,Liguria,Liguria,1550640,497142,32.06,0.88
2526,2021-02-13,LIG,1080,508,572,797,280,3,ITC,ITC3,7,Liguria,Liguria,1550640,498222,32.13,0.07
2527,2021-06-07,LIG,15685,7653,8032,8665,7012,8,ITC,ITC3,7,Liguria,Liguria,1550640,513907,33.14,1.01
2528,2021-06-26,LIG,7211,3353,3858,4490,2708,13,ITC,ITC3,7,Liguria,Liguria,1550640,521118,33.61,0.47
2529,2021-02-25,LIG,3457,1349,2108,3307,130,20,ITC,ITC3,7,Liguria,Liguria,1550640,524575,33.83,0.22
2530,2021-03-04,LIG,4738,2118,2620,3834,847,57,ITC,ITC3,7,Liguria,Liguria,1550640,529313,34.14,0.31
2531,2021-06-12,LIG,10233,4977,5256,7479,2752,2,ITC,ITC3,7,Liguria,Liguria,1550640,539546,34.8,0.66
2532,2021-04-30,LIG,14421,6440,7981,5741,8568,112,ITC,ITC3,7,Liguria,Liguria,1550640,553967,35.73,0.93
2533,2021-02-06,LIG,1892,768,1124,145,1747,0,ITC,ITC3,7,Liguria,Liguria,1550640,555859,35.85,0.12
2534,2021-01-04,LIG,2616,855,1761,2615,0,1,ITC,ITC3,7,Liguria,Liguria,1550640,558475,36.02,0.17
2535,2021-06-21,LIG,14824,7032,7792,8570,6237,17,ITC,ITC3,7,Liguria,Liguria,1550640,573299,36.97,0.96
2536,2021-04-16,LIG,12000,5292,6708,10009,1829,162,ITC,ITC3,7,Liguria,Liguria,1550640,585299,37.75,0.77
2537,2021-01-06,LIG,1664,618,1046,1661,0,3,ITC,ITC3,7,Liguria,Liguria,1550640,586963,37.85,0.11
2538,2021-06-02,LIG,8529,4341,4188,5360,3168,1,ITC,ITC3,7,Liguria,Liguria,1550640,595492,38.4,0.55
2539,2021-06-19,LIG,7409,3775,3634,5724,1666,19,ITC,ITC3,7,Liguria,Liguria,1550640,602901,38.88,0.48
2540,2021-02-18,LIG,2771,1128,1643,2425,335,11,ITC,ITC3,7,Liguria,Liguria,1550640,605672,39.06,0.18
2541,2021-07-03,LIG,8799,4356,4443,5477,3309,13,ITC,ITC3,7,Liguria,Liguria,1550640,614471,39.63,0.57
2542,2021-04-11,LIG,4247,1929,2318,3943,249,55,ITC,ITC3,7,Liguria,Liguria,1550640,618718,39.9,0.27
2543,2021-07-20,LIG,13920,6862,7058,2754,11132,34,ITC,ITC3,7,Liguria,Liguria,1550640,632638,40.8,0.9
2544,2021-01-18,LIG,2143,747,1396,1984,157,2,ITC,ITC3,7,Liguria,Liguria,1550640,634781,40.94,0.14
2545,2021-07-22,LIG,16822,8515,8307,3569,13201,52,ITC,ITC3,7,Liguria,Liguria,1550640,651603,42.02,1.08
2546,2021-07-10,LIG,6892,3473,3419,2759,4125,8,ITC,ITC3,7,Liguria,Liguria,1550640,658495,42.47,0.44
2547,2021-04-04,LIG,756,366,390,499,249,8,ITC,ITC3,7,Liguria,Liguria,1550640,659251,42.51,0.05
2548,2021-04-18,LIG,2613,1164,1449,2072,468,73,ITC,ITC3,7,Liguria,Liguria,1550640,661864,42.68,0.17
2549,2021-01-08,LIG,2930,999,1931,2928,0,2,ITC,ITC3,7,Liguria,Liguria,1550640,664794,42.87,0.19
2550,2021-01-27,LIG,1744,603,1141,140,1603,1,ITC,ITC3,7,Liguria,Liguria,1550640,666538,42.98,0.11
2551,2021-05-21,LIG,12845,5956,6889,9576,3126,143,ITC,ITC3,7,Liguria,Liguria,1550640,679383,43.81,0.83
2552,2021-03-16,LIG,6084,2731,3353,2310,3733,41,ITC,ITC3,7,Liguria,Liguria,1550640,685467,44.21,0.39
2553,2021-06-11,LIG,17835,9081,8754,11763,6069,3,ITC,ITC3,7,Liguria,Liguria,1550640,703302,45.36,1.15
2554,2021-04-15,LIG,11845,5237,6608,9889,1851,105,ITC,ITC3,7,Liguria,Liguria,1550640,715147,46.12,0.76
2555,2021-04-08,LIG,13787,6179,7608,11589,2045,153,ITC,ITC3,7,Liguria,Liguria,1550640,728934,47.01,0.89
2556,2021-07-17,LIG,6487,3347,3140,1809,4674,4,ITC,ITC3,7,Liguria,Liguria,1550640,735421,47.43,0.42
2557,2021-06-04,LIG,14786,7257,7529,9292,5487,7,ITC,ITC3,7,Liguria,Liguria,1550640,750207,48.38,0.95
2558,2021-06-28,LIG,11596,5606,5990,7254,4300,42,ITC,ITC3,7,Liguria,Liguria,1550640,761803,49.13,0.75
2559,2021-03-20,LIG,2316,995,1321,1124,1174,18,ITC,ITC3,7,Liguria,Liguria,1550640,764119,49.28,0.15
2560,2021-06-30,LIG,15065,7186,7879,8232,6789,44,ITC,ITC3,7,Liguria,Liguria,1550640,779184,50.25,0.97
2561,2021-03-06,LIG,3304,1842,1462,2550,705,49,ITC,ITC3,7,Liguria,Liguria,1550640,782488,50.46,0.21
2562,2021-01-22,LIG,1820,604,1216,1330,487,3,ITC,ITC3,7,Liguria,Liguria,1550640,784308,50.58,0.12
2563,2021-05-02,LIG,3978,1836,2142,505,3467,6,ITC,ITC3,7,Liguria,Liguria,1550640,788286,50.84,0.26
2564,2021-05-04,LIG,13650,6088,7562,5336,8229,85,ITC,ITC3,7,Liguria,Liguria,1550640,801936,51.72,0.88
2565,2021-06-16,LIG,16387,7914,8473,9265,7111,11,ITC,ITC3,7,Liguria,Liguria,1550640,818323,52.77,1.06
2566,2021-03-08,LIG,5625,2460,3165,3895,1689,41,ITC,ITC3,7,Liguria,Liguria,1550640,823948,53.14,0.36
2567,2021-03-25,LIG,9769,4232,5537,6227,3392,150,ITC,ITC3,7,Liguria,Liguria,1550640,833717,53.77,0.63
2568,2021-01-01,LIG,145,55,90,145,0,0,ITC,ITC3,7,Liguria,Liguria,1550640,833862,53.78,0.01
2569,2021-02-17,LIG,2694,1184,1510,2254,428,12,ITC,ITC3,7,Liguria,Liguria,1550640,836556,53.95,0.17
2570,2021-05-28,LIG,16294,8139,8155,11611,4538,145,ITC,ITC3,7,Liguria,Liguria,1550640,852850,55.0,1.05
2571,2021-01-05,LIG,2879,896,1983,2879,0,0,ITC,ITC3,7,Liguria,Liguria,1550640,855729,55.19,0.19
2572,2021-03-03,LIG,4581,1847,2734,3444,1027,110,ITC,ITC3,7,Liguria,Liguria,1550640,860310,55.48,0.3
2573,2021-05-14,LIG,13146,5863,7283,8634,4327,185,ITC,ITC3,7,Liguria,Liguria,1550640,873456,56.33,0.85
2574,2021-05-31,LIG,14712,7377,7335,9114,5514,84,ITC,ITC3,7,Liguria,Liguria,1550640,888168,57.28,0.95
2575,2021-03-09,LIG,5932,2754,3178,4440,1431,61,ITC,ITC3,7,Liguria,Liguria,1550640,894100,57.66,0.38
2576,2021-02-20,LIG,1335,637,698,1330,1,4,ITC,ITC3,7,Liguria,Liguria,1550640,895435,57.75,0.09
2577,2021-05-16,LIG,3705,1862,1843,2118,1560,27,ITC,ITC3,7,Liguria,Liguria,1550640,899140,57.99,0.24
2578,2021-02-22,LIG,3343,1476,1867,3191,142,10,ITC,ITC3,7,Liguria,Liguria,1550640,902483,58.2,0.22
2579,2021-01-11,LIG,2655,992,1663,2654,0,1,ITC,ITC3,7,Liguria,Liguria,1550640,905138,58.37,0.17
2580,2021-07-12,LIG,13391,6425,6966,4164,9198,29,ITC,ITC3,7,Liguria,Liguria,1550640,918529,59.24,0.86
2581,2021-01-10,LIG,648,262,386,644,0,4,ITC,ITC3,7,Liguria,Liguria,1550640,919177,59.28,0.04
2582,2021-04-20,LIG,14240,6520,7720,9733,4352,155,ITC,ITC3,7,Liguria,Liguria,1550640,933417,60.2,0.92
2583,2021-05-09,LIG,2824,1244,1580,1086,1709,29,ITC,ITC3,7,Liguria,Liguria,1550640,936241,60.38,0.18
2584,2021-01-29,LIG,3082,1064,2018,67,3015,0,ITC,ITC3,7,Liguria,Liguria,1550640,939323,60.58,0.2
2585,2021-01-20,LIG,1555,556,999,1542,12,1,ITC,ITC3,7,Liguria,Liguria,1550640,940878,60.68,0.1
2586,2021-01-15,LIG,2257,755,1502,2252,0,5,ITC,ITC3,7,Liguria,Liguria,1550640,943135,60.82,0.15
2587,2021-04-25,LIG,1935,920,1015,1506,415,14,ITC,ITC3,7,Liguria,Liguria,1550640,945070,60.95,0.12
2588,2021-03-13,LIG,3849,1637,2212,2949,855,45,ITC,ITC3,7,Liguria,Liguria,1550640,948919,61.2,0.25
2589,2021-06-23,LIG,14298,6841,7457,9093,5186,19,ITC,ITC3,7,Liguria,Liguria,1550640,963217,62.12,0.92
2590,2021-02-14,LIG,233,122,111,233,0,0,ITC,ITC3,7,Liguria,Liguria,1550640,963450,62.13,0.02
2591,2021-05-25,LIG,14261,6953,7308,10950,3181,130,ITC,ITC3,7,Liguria,Liguria,1550640,977711,63.05,0.92
2592,2021-03-27,LIG,3932,1549,2383,2485,1395,52,ITC,ITC3,7,Liguria,Liguria,1550640,981643,63.31,0.25
2593,2021-07-05,LIG,11867,5753,6114,5341,6490,36,ITC,ITC3,7,Liguria,Liguria,1550640,993510,64.07,0.77
2594,2021-04-13,LIG,13081,5869,7212,10944,2025,112,ITC,ITC3,7,Liguria,Liguria,1550640,1006591,64.91,0.84
2595,2021-02-27,LIG,1888,921,967,1750,129,9,ITC,ITC3,7,Liguria,Liguria,1550640,1008479,65.04,0.12
2596,2021-02-10,LIG,2316,837,1479,1015,1297,4,ITC,ITC3,7,Liguria,Liguria,1550640,1010795,65.19,0.15
2597,2021-03-18,LIG,4987,2125,2862,1971,2980,36,ITC,ITC3,7,Liguria,Liguria,1550640,1015782,65.51,0.32
2598,2021-04-01,LIG,12428,5512,6916,9568,2770,90,ITC,ITC3,7,Liguria,Liguria,1550640,1028210,66.31,0.8
2599,2021-05-23,LIG,2305,1119,1186,1169,1123,13,ITC,ITC3,7,Liguria,Liguria,1550640,1030515,66.46,0.15
2600,2021-03-01,LIG,3539,1447,2092,3383,136,20,ITC,ITC3,7,Liguria,Liguria,1550640,1034054,66.69,0.23
2601,2021-06-09,LIG,19051,9559,9492,12483,6559,9,ITC,ITC3,7,Liguria,Liguria,1550640,1053105,67.91,1.23
2602,2021-04-03,LIG,5407,2499,2908,4428,943,36,ITC,ITC3,7,Liguria,Liguria,1550640,1058512,68.26,0.35
2603,2021-07-19,LIG,12065,6017,6048,3387,8639,39,ITC,ITC3,7,Liguria,Liguria,1550640,1070577,69.04,0.78
2604,2021-04-27,LIG,14799,6688,8111,7144,7587,68,ITC,ITC3,7,Liguria,Liguria,1550640,1085376,70.0,0.95
2605,2021-02-03,LIG,2317,792,1525,54,2263,0,ITC,ITC3,7,Liguria,Liguria,1550640,1087693,70.14,0.15
2606,2021-07-21,LIG,18690,9234,9456,3669,14978,43,ITC,ITC3,7,Liguria,Liguria,1550640,1106383,71.35,1.21
2607,2021-04-29,LIG,15588,6983,8605,6600,8843,145,ITC,ITC3,7,Liguria,Liguria,1550640,1121971,72.36,1.01
2608,2021-07-09,LIG,12790,6306,6484,4227,8543,20,ITC,ITC3,7,Liguria,Liguria,1550640,1134761,73.18,0.82
2609,2021-04-05,LIG,3978,1753,2225,2303,1649,26,ITC,ITC3,7,Liguria,Liguria,1550640,1138739,73.44,0.26
2610,2021-07-16,LIG,12586,6206,6380,3149,9398,39,ITC,ITC3,7,Liguria,Liguria,1550640,1151325,74.25,0.81
2611,2021-02-24,LIG,3764,1560,2204,3448,258,58,ITC,ITC3,7,Liguria,Liguria,1550640,1155089,74.49,0.24
2612,2020-12-29,LIG,125,33,92,125,0,0,ITC,ITC3,7,Liguria,Liguria,1550640,1155214,74.5,0.01
2613,2021-01-12,LIG,2474,890,1584,2473,0,1,ITC,ITC3,7,Liguria,Liguria,1550640,1157688,74.66,0.16
2614,2021-04-22,LIG,13865,6212,7653,8643,5084,138,ITC,ITC3,7,Liguria,Liguria,1550640,1171553,75.55,0.89
2615,2021-03-22,LIG,7748,3470,4278,4737,2938,73,ITC,ITC3,7,Liguria,Liguria,1550640,1179301,76.05,0.5
2616,2021-02-07,LIG,407,153,254,2,405,0,ITC,ITC3,7,Liguria,Liguria,1550640,1179708,76.08,0.03
2617,2021-05-18,LIG,13467,6120,7347,10037,3293,137,ITC,ITC3,7,Liguria,Liguria,1550640,1193175,76.95,0.87
2618,2021-01-24,LIG,756,237,519,113,643,0,ITC,ITC3,7,Liguria,Liguria,1550640,1193931,77.0,0.05
2619,2021-06-27,LIG,1944,892,1052,691,1243,10,ITC,ITC3,7,Liguria,Liguria,1550640,1195875,77.12,0.13
2620,2021-02-12,LIG,1937,691,1246,895,1040,2,ITC,ITC3,7,Liguria,Liguria,1550640,1197812,77.25,0.12
2621,2021-05-13,LIG,13300,6082,7218,8887,4246,167,ITC,ITC3,7,Liguria,Liguria,1550640,1211112,78.1,0.86
2622,2021-02-19,LIG,3218,1306,1912,2987,176,55,ITC,ITC3,7,Liguria,Liguria,1550640,1214330,78.31,0.21
2623,2021-05-30,LIG,3302,1613,1689,1348,1941,13,ITC,ITC3,7,Liguria,Liguria,1550640,1217632,78.52,0.21
2624,2021-06-01,LIG,16331,8222,8109,10961,5365,5,ITC,ITC3,7,Liguria,Liguria,1550640,1233963,79.58,1.05
2625,2021-06-18,LIG,15393,7493,7900,8182,7192,19,ITC,ITC3,7,Liguria,Liguria,1550640,1249356,80.57,0.99
2626,2021-03-10,LIG,5902,2863,3039,3927,1908,67,ITC,ITC3,7,Liguria,Liguria,1550640,1255258,80.95,0.38
2627,2021-06-08,LIG,18094,9024,9070,11456,6629,9,ITC,ITC3,7,Liguria,Liguria,1550640,1273352,82.12,1.17
2628,2021-03-17,LIG,5552,2368,3184,2451,3079,22,ITC,ITC3,7,Liguria,Liguria,1550640,1278904,82.48,0.36
2629,2021-06-25,LIG,13799,6605,7194,6888,6897,14,ITC,ITC3,7,Liguria,Liguria,1550640,1292703,83.37,0.89
2630,2021-07-14,LIG,11449,5641,5808,3436,7988,25,ITC,ITC3,7,Liguria,Liguria,1550640,1304152,84.1,0.74
2631,2021-05-06,LIG,14523,6443,8080,6039,8328,156,ITC,ITC3,7,Liguria,Liguria,1550640,1318675,85.04,0.94
2632,2021-04-12,LIG,12391,5477,6914,10277,2019,95,ITC,ITC3,7,Liguria,Liguria,1550640,1331066,85.84,0.8
2633,2021-01-19,LIG,1374,439,935,1280,90,4,ITC,ITC3,7,Liguria,Liguria,1550640,1332440,85.93,0.09
2634,2021-02-05,LIG,2685,989,1696,305,2379,1,ITC,ITC3,7,Liguria,Liguria,1550640,1335125,86.1,0.17
2635,2021-03-24,LIG,9180,4033,5147,5808,3287,85,ITC,ITC3,7,Liguria,Liguria,1550640,1344305,86.69,0.59
2636,2021-05-11,LIG,13917,6390,7527,7181,6617,119,ITC,ITC3,7,Liguria,Liguria,1550640,1358222,87.59,0.9
2637,2021-03-29,LIG,10581,4620,5961,7344,3132,105,ITC,ITC3,7,Liguria,Liguria,1550640,1368803,88.27,0.68
2638,2021-01-31,LIG,624,270,354,9,615,0,ITC,ITC3,7,Liguria,Liguria,1550640,1369427,88.31,0.04
2639,2021-07-07,LIG,11732,5631,6101,4967,6746,19,ITC,ITC3,7,Liguria,Liguria,1550640,1381159,89.07,0.76
2640,2021-05-20,LIG,12932,6003,6929,8777,4027,128,ITC,ITC3,7,Liguria,Liguria,1550640,1394091,89.9,0.83
2641,2021-07-02,LIG,12932,6350,6582,6437,6464,31,ITC,ITC3,7,Liguria,Liguria,1550640,1407023,90.74,0.83
2642,2020-12-31,LIG,990,353,637,990,0,0,ITC,ITC3,7,Liguria,Liguria,1550640,1408013,90.8,0.06
2643,2021-04-10,LIG,7888,3561,4327,6890,914,84,ITC,ITC3,7,Liguria,Liguria,1550640,1415901,91.31,0.51
2644,2021-01-17,LIG,866,301,565,865,0,1,ITC,ITC3,7,Liguria,Liguria,1550640,1416767,91.37,0.06
2645,2021-01-26,LIG,2488,807,1681,16,2472,0,ITC,ITC3,7,Liguria,Liguria,1550640,1419255,91.53,0.16
2646,2021-03-15,LIG,7251,3098,4153,4495,2707,49,ITC,ITC3,7,Liguria,Liguria,1550640,1426506,91.99,0.47
2647,2021-07-01,LIG,13513,6513,7000,7354,6126,33,ITC,ITC3,7,Liguria,Liguria,1550640,1440019,92.87,0.87
2648,2021-05-19,LIG,13571,5962,7609,10306,3120,145,ITC,ITC3,7,Liguria,Liguria,1550640,1453590,93.74,0.88
2649,2021-03-23,LIG,9273,4221,5052,5980,3209,84,ITC,ITC3,7,Liguria,Liguria,1550640,1462863,94.34,0.6
2650,2021-07-15,LIG,14734,7451,7283,5207,9456,71,ITC,ITC3,7,Liguria,Liguria,1550640,1477597,95.29,0.95
2651,2021-02-01,LIG,2559,923,1636,90,2469,0,ITC,ITC3,7,Liguria,Liguria,1550640,1480156,95.45,0.17
2652,2021-07-08,LIG,13590,6692,6898,6186,7366,38,ITC,ITC3,7,Liguria,Liguria,1550640,1493746,96.33,0.88
2653,2021-05-12,LIG,12052,5460,6592,6592,5348,112,ITC,ITC3,7,Liguria,Liguria,1550640,1505798,97.11,0.78
2654,2021-05-26,LIG,16668,8417,8251,12139,4374,155,ITC,ITC3,7,Liguria,Liguria,1550640,1522466,98.18,1.07
2655,2021-03-30,LIG,12215,5428,6787,8739,3388,88,ITC,ITC3,7,Liguria,Liguria,1550640,1534681,98.97,0.79
2656,2021-04-06,LIG,13249,5902,7347,10883,2260,106,ITC,ITC3,7,Liguria,Liguria,1550640,1547930,99.83,0.85
2657,2021-02-08,LIG,1979,742,1237,306,1673,0,ITC,ITC3,7,Liguria,Liguria,1550640,1549909,99.95,0.13
2658,2020-12-27,LIG,135,56,79,134,0,1,ITC,ITC3,7,Liguria,Liguria,1550640,1550044,99.96,0.01
2659,2021-02-15,LIG,2262,839,1423,1855,397,10,ITC,ITC3,7,Liguria,Liguria,1550640,1552306,100.11,0.15
2660,2021-01-03,LIG,734,230,504,732,0,2,ITC,ITC3,7,Liguria,Liguria,1550640,1553040,100.15,0.05
2661,2021-01-07,LIG,3226,1095,2131,3223,0,3,ITC,ITC3,7,Liguria,Liguria,1550640,1556266,100.36,0.21
2662,2021-06-13,LIG,5616,2695,2921,5162,454,0,ITC,ITC3,7,Liguria,Liguria,1550640,1561882,100.72,0.36
2663,2021-04-17,LIG,7386,3219,4167,6564,751,71,ITC,ITC3,7,Liguria,Liguria,1550640,1569268,101.2,0.48
2664,2021-05-01,LIG,7143,3257,3886,1303,5801,39,ITC,ITC3,7,Liguria,Liguria,1550640,1576411,101.66,0.46
2665,2021-03-05,LIG,4869,2150,2719,3674,1132,63,ITC,ITC3,7,Liguria,Liguria,1550640,1581280,101.98,0.31
2666,2021-06-06,LIG,3809,2031,1778,2947,862,0,ITC,ITC3,7,Liguria,Liguria,1550640,1585089,102.22,0.25
2667,2021-04-24,LIG,8218,3795,4423,4959,3152,107,ITC,ITC3,7,Liguria,Liguria,1550640,1593307,102.75,0.53
2668,2021-02-26,LIG,3766,1524,2242,3412,329,25,ITC,ITC3,7,Liguria,Liguria,1550640,1597073,102.99,0.24
2669,2021-06-20,LIG,1335,658,677,1053,275,7,ITC,ITC3,7,Liguria,Liguria,1550640,1598408,103.08,0.09
2670,2021-05-07,UMB,10107,4703,5404,6713,3192,202,ITI,ITI2,10,Umbria,Umbria,882015,10107,1.15,1.15
2671,2021-04-23,UMB,6613,2785,3828,3298,3120,195,ITI,ITI2,10,Umbria,Umbria,882015,16720,1.9,0.75
2672,2021-02-25,UMB,1332,495,837,1272,52,8,ITI,ITI2,10,Umbria,Umbria,882015,18052,2.05,0.15
2673,2021-03-11,UMB,3582,1722,1860,2564,1006,12,ITI,ITI2,10,Umbria,Umbria,882015,21634,2.45,0.41
2674,2021-01-13,UMB,449,139,310,449,0,0,ITI,ITI2,10,Umbria,Umbria,882015,22083,2.5,0.05
2675,2021-06-19,UMB,4568,2199,2369,2538,2030,0,ITI,ITI2,10,Umbria,Umbria,882015,26651,3.02,0.52
2676,2021-01-06,UMB,846,325,521,846,0,0,ITI,ITI2,10,Umbria,Umbria,882015,27497,3.12,0.1
2677,2021-06-12,UMB,7709,3683,4026,6127,1578,4,ITI,ITI2,10,Umbria,Umbria,882015,35206,3.99,0.87
2678,2021-04-16,UMB,8096,3740,4356,6080,1838,178,ITI,ITI2,10,Umbria,Umbria,882015,43302,4.91,0.92
2679,2021-04-30,UMB,6252,2971,3281,2734,3397,121,ITI,ITI2,10,Umbria,Umbria,882015,49554,5.62,0.71
2680,2021-03-04,UMB,4484,1855,2629,3643,827,14,ITI,ITI2,10,Umbria,Umbria,882015,54038,6.13,0.51
2681,2021-01-20,UMB,602,221,381,602,0,0,ITI,ITI2,10,Umbria,Umbria,882015,54640,6.19,0.07
2682,2021-04-06,UMB,5286,2164,3122,2862,2387,37,ITI,ITI2,10,Umbria,Umbria,882015,59926,6.79,0.6
2683,2021-03-28,UMB,1095,441,654,1040,24,31,ITI,ITI2,10,Umbria,Umbria,882015,61021,6.92,0.12
2684,2021-01-30,UMB,1575,486,1089,44,1531,0,ITI,ITI2,10,Umbria,Umbria,882015,62596,7.1,0.18
2685,2021-07-15,UMB,10554,5173,5381,607,9895,52,ITI,ITI2,10,Umbria,Umbria,882015,73150,8.29,1.2
2686,2021-03-23,UMB,3824,1713,2111,2158,1629,37,ITI,ITI2,10,Umbria,Umbria,882015,76974,8.73,0.43
2687,2021-07-01,UMB,9676,4789,4887,3359,6275,42,ITI,ITI2,10,Umbria,Umbria,882015,86650,9.82,1.1
2688,2021-02-08,UMB,635,203,432,88,547,0,ITI,ITI2,10,Umbria,Umbria,882015,87285,9.9,0.07
2689,2021-05-19,UMB,9418,4215,5203,5590,3743,85,ITI,ITI2,10,Umbria,Umbria,882015,96703,10.96,1.07
2690,2021-02-06,UMB,396,138,258,34,362,0,ITI,ITI2,10,Umbria,Umbria,882015,97099,11.01,0.04
2691,2021-07-03,UMB,6466,3242,3224,2922,3489,55,ITI,ITI2,10,Umbria,Umbria,882015,103565,11.74,0.73
2692,2021-07-20,UMB,8253,4104,4149,1146,7073,34,ITI,ITI2,10,Umbria,Umbria,882015,111818,12.68,0.94
2693,2021-07-22,UMB,9846,4793,5053,1647,8145,54,ITI,ITI2,10,Umbria,Umbria,882015,121664,13.79,1.12
2694,2021-02-13,UMB,114,27,87,111,3,0,ITI,ITI2,10,Umbria,Umbria,882015,121778,13.81,0.01
2695,2021-05-24,UMB,9055,4509,4546,8009,879,167,ITI,ITI2,10,Umbria,Umbria,882015,130833,14.83,1.03
2696,2021-04-18,UMB,1531,681,850,578,930,23,ITI,ITI2,10,Umbria,Umbria,882015,132364,15.01,0.17
2697,2021-01-11,UMB,1303,341,962,1303,0,0,ITI,ITI2,10,Umbria,Umbria,882015,133667,15.15,0.15
2698,2021-05-05,UMB,7219,3305,3914,3834,3304,81,ITI,ITI2,10,Umbria,Umbria,882015,140886,15.97,0.82
2699,2021-01-25,UMB,648,323,325,5,643,0,ITI,ITI2,10,Umbria,Umbria,882015,141534,16.05,0.07
2700,2021-06-14,UMB,5379,2745,2634,3368,2010,1,ITI,ITI2,10,Umbria,Umbria,882015,146913,16.66,0.61
2701,2021-06-02,UMB,3916,1883,2033,3874,42,0,ITI,ITI2,10,Umbria,Umbria,882015,150829,17.1,0.44
2702,2021-02-20,UMB,283,101,182,259,24,0,ITI,ITI2,10,Umbria,Umbria,882015,151112,17.13,0.03
2703,2021-03-09,UMB,4088,2000,2088,2791,1288,9,ITI,ITI2,10,Umbria,Umbria,882015,155200,17.6,0.46
2704,2021-03-18,UMB,2965,1171,1794,1699,1262,4,ITI,ITI2,10,Umbria,Umbria,882015,158165,17.93,0.34
2705,2021-06-26,UMB,9311,4728,4583,5690,3621,0,ITI,ITI2,10,Umbria,Umbria,882015,167476,18.99,1.06
2706,2021-07-10,UMB,7680,3808,3872,71,7601,8,ITI,ITI2,10,Umbria,Umbria,882015,175156,19.86,0.87
2707,2021-04-20,UMB,5450,2364,3086,3430,1947,73,ITI,ITI2,10,Umbria,Umbria,882015,180606,20.48,0.62
2708,2021-07-08,UMB,9488,4596,4892,171,9272,45,ITI,ITI2,10,Umbria,Umbria,882015,190094,21.55,1.08
2709,2021-05-12,UMB,6488,3025,3463,4194,2146,148,ITI,ITI2,10,Umbria,Umbria,882015,196582,22.29,0.74
2710,2021-03-30,UMB,3977,1730,2247,2401,1540,36,ITI,ITI2,10,Umbria,Umbria,882015,200559,22.74,0.45
2711,2020-12-27,UMB,84,44,40,84,0,0,ITI,ITI2,10,Umbria,Umbria,882015,200643,22.75,0.01
2712,2021-02-22,UMB,1889,807,1082,1803,86,0,ITI,ITI2,10,Umbria,Umbria,882015,202532,22.96,0.21
2713,2021-06-30,UMB,10473,5295,5178,3767,6704,2,ITI,ITI2,10,Umbria,Umbria,882015,213005,24.15,1.19
2714,2021-07-07,UMB,9402,4450,4952,86,9290,26,ITI,ITI2,10,Umbria,Umbria,882015,222407,25.22,1.07
2715,2021-05-26,UMB,9648,4565,5083,8204,1250,194,ITI,ITI2,10,Umbria,Umbria,882015,232055,26.31,1.09
2716,2021-05-28,UMB,9589,4437,5152,7111,2296,182,ITI,ITI2,10,Umbria,Umbria,882015,241644,27.4,1.09
2717,2021-04-25,UMB,4357,1684,2673,3866,82,409,ITI,ITI2,10,Umbria,Umbria,882015,246001,27.89,0.49
2718,2021-06-21,UMB,7499,3931,3568,5161,2337,1,ITI,ITI2,10,Umbria,Umbria,882015,253500,28.74,0.85
2719,2021-01-01,UMB,273,104,169,273,0,0,ITI,ITI2,10,Umbria,Umbria,882015,253773,28.77,0.03
2720,2021-04-11,UMB,3098,1504,1594,3032,49,17,ITI,ITI2,10,Umbria,Umbria,882015,256871,29.12,0.35
2721,2021-01-18,UMB,613,218,395,529,84,0,ITI,ITI2,10,Umbria,Umbria,882015,257484,29.19,0.07
2722,2021-05-30,UMB,5982,2999,2983,5664,202,116,ITI,ITI2,10,Umbria,Umbria,882015,263466,29.87,0.68
2723,2021-03-08,UMB,3696,1822,1874,2323,1361,12,ITI,ITI2,10,Umbria,Umbria,882015,267162,30.29,0.42
2724,2021-04-04,UMB,57,20,37,22,35,0,ITI,ITI2,10,Umbria,Umbria,882015,267219,30.3,0.01
2725,2021-06-07,UMB,6943,3426,3517,6245,695,3,ITI,ITI2,10,Umbria,Umbria,882015,274162,31.08,0.79
2726,2021-03-16,UMB,3538,1454,2084,1909,1627,2,ITI,ITI2,10,Umbria,Umbria,882015,277700,31.48,0.4
2727,2021-02-27,UMB,1658,354,1304,1642,16,0,ITI,ITI2,10,Umbria,Umbria,882015,279358,31.67,0.19
2728,2021-04-03,UMB,2097,712,1385,1034,1052,11,ITI,ITI2,10,Umbria,Umbria,882015,281455,31.91,0.24
2729,2021-07-12,UMB,4568,2195,2373,107,4452,9,ITI,ITI2,10,Umbria,Umbria,882015,286023,32.43,0.52
2730,2021-05-31,UMB,5810,2843,2967,4848,884,78,ITI,ITI2,10,Umbria,Umbria,882015,291833,33.09,0.66
2731,2021-05-14,UMB,5327,2509,2818,3352,1817,158,ITI,ITI2,10,Umbria,Umbria,882015,297160,33.69,0.6
2732,2021-02-01,UMB,1284,341,943,48,1236,0,ITI,ITI2,10,Umbria,Umbria,882015,298444,33.84,0.15
2733,2021-02-18,UMB,1496,582,914,1029,466,1,ITI,ITI2,10,Umbria,Umbria,882015,299940,34.01,0.17
2734,2021-01-27,UMB,840,330,510,13,827,0,ITI,ITI2,10,Umbria,Umbria,882015,300780,34.1,0.1
2735,2021-01-10,UMB,1065,274,791,1065,0,0,ITI,ITI2,10,Umbria,Umbria,882015,301845,34.22,0.12
2736,2021-05-21,UMB,8973,3669,5304,4059,4829,85,ITI,ITI2,10,Umbria,Umbria,882015,310818,35.24,1.02
2737,2021-05-04,UMB,5538,2544,2994,2353,3125,60,ITI,ITI2,10,Umbria,Umbria,882015,316356,35.87,0.63
2738,2021-04-01,UMB,4372,1837,2535,2327,2009,36,ITI,ITI2,10,Umbria,Umbria,882015,320728,36.36,0.5
2739,2021-03-01,UMB,1504,774,730,1384,114,6,ITI,ITI2,10,Umbria,Umbria,882015,322232,36.53,0.17
2740,2021-06-09,UMB,8063,3908,4155,7337,722,4,ITI,ITI2,10,Umbria,Umbria,882015,330295,37.45,0.91
2741,2021-06-23,UMB,11199,5720,5479,7796,3403,0,ITI,ITI2,10,Umbria,Umbria,882015,341494,38.72,1.27
2742,2021-03-15,UMB,4594,1938,2656,2825,1766,3,ITI,ITI2,10,Umbria,Umbria,882015,346088,39.24,0.52
2743,2021-02-10,UMB,714,348,366,699,15,0,ITI,ITI2,10,Umbria,Umbria,882015,346802,39.32,0.08
2744,2021-06-11,UMB,6910,3468,3442,6143,767,0,ITI,ITI2,10,Umbria,Umbria,882015,353712,40.1,0.78
2745,2021-04-08,UMB,5864,2509,3355,4007,1789,68,ITI,ITI2,10,Umbria,Umbria,882015,359576,40.77,0.66
2746,2021-07-17,UMB,7649,3849,3800,1367,6216,66,ITI,ITI2,10,Umbria,Umbria,882015,367225,41.63,0.87
2747,2021-06-04,UMB,8911,4404,4507,7707,1198,6,ITI,ITI2,10,Umbria,Umbria,882015,376136,42.65,1.01
2748,2021-05-11,UMB,6236,2835,3401,3903,2193,140,ITI,ITI2,10,Umbria,Umbria,882015,382372,43.35,0.71
2749,2021-04-15,UMB,7646,3498,4148,5689,1887,70,ITI,ITI2,10,Umbria,Umbria,882015,390018,44.22,0.87
2750,2021-02-17,UMB,1618,748,870,1266,351,1,ITI,ITI2,10,Umbria,Umbria,882015,391636,44.4,0.18
2751,2021-04-13,UMB,7677,3398,4279,5920,1668,89,ITI,ITI2,10,Umbria,Umbria,882015,399313,45.27,0.87
2752,2021-02-15,UMB,1367,692,675,1364,1,2,ITI,ITI2,10,Umbria,Umbria,882015,400680,45.43,0.15
2753,2021-01-03,UMB,270,112,158,270,0,0,ITI,ITI2,10,Umbria,Umbria,882015,400950,45.46,0.03
2754,2021-06-16,UMB,6316,3093,3223,3222,3093,1,ITI,ITI2,10,Umbria,Umbria,882015,407266,46.17,0.72
2755,2021-03-25,UMB,3929,1724,2205,2821,1063,45,ITI,ITI2,10,Umbria,Umbria,882015,411195,46.62,0.45
2756,2021-03-27,UMB,4251,1513,2738,3855,340,56,ITI,ITI2,10,Umbria,Umbria,882015,415446,47.1,0.48
2757,2021-05-16,UMB,5218,2492,2726,5087,49,82,ITI,ITI2,10,Umbria,Umbria,882015,420664,47.69,0.59
2758,2021-07-19,UMB,7604,3797,3807,1544,6014,46,ITI,ITI2,10,Umbria,Umbria,882015,428268,48.56,0.86
2759,2021-04-27,UMB,5665,2401,3264,3054,2578,33,ITI,ITI2,10,Umbria,Umbria,882015,433933,49.2,0.64
2760,2021-02-03,UMB,724,174,550,67,657,0,ITI,ITI2,10,Umbria,Umbria,882015,434657,49.28,0.08
2761,2021-01-24,UMB,258,106,152,1,257,0,ITI,ITI2,10,Umbria,Umbria,882015,434915,49.31,0.03
2762,2021-06-08,UMB,7377,3641,3736,6826,546,5,ITI,ITI2,10,Umbria,Umbria,882015,442292,50.15,0.84
2763,2021-01-08,UMB,1187,344,843,1187,0,0,ITI,ITI2,10,Umbria,Umbria,882015,443479,50.28,0.13
2764,2021-05-23,UMB,5068,1854,3214,635,4416,17,ITI,ITI2,10,Umbria,Umbria,882015,448547,50.85,0.57
2765,2021-03-29,UMB,3630,1600,2030,2152,1420,58,ITI,ITI2,10,Umbria,Umbria,882015,452177,51.27,0.41
2766,2021-01-31,UMB,1058,276,782,25,1033,0,ITI,ITI2,10,Umbria,Umbria,882015,453235,51.39,0.12
2767,2021-05-25,UMB,8815,4301,4514,7584,1063,168,ITI,ITI2,10,Umbria,Umbria,882015,462050,52.39,1.0
2768,2021-04-22,UMB,5450,2249,3201,2702,2667,81,ITI,ITI2,10,Umbria,Umbria,882015,467500,53.0,0.62
2769,2021-04-17,UMB,6678,3069,3609,5173,1340,165,ITI,ITI2,10,Umbria,Umbria,882015,474178,53.76,0.76
2770,2021-01-05,UMB,854,429,425,854,0,0,ITI,ITI2,10,Umbria,Umbria,882015,475032,53.86,0.1
2771,2021-06-13,UMB,6763,3556,3207,6532,230,1,ITI,ITI2,10,Umbria,Umbria,882015,481795,54.62,0.77
2772,2021-05-01,UMB,5370,2638,2732,2096,3230,44,ITI,ITI2,10,Umbria,Umbria,882015,487165,55.23,0.61
2773,2021-03-05,UMB,4618,1402,3216,3947,656,15,ITI,ITI2,10,Umbria,Umbria,882015,491783,55.76,0.52
2774,2021-03-03,UMB,4431,1770,2661,3718,710,3,ITI,ITI2,10,Umbria,Umbria,882015,496214,56.26,0.5
2775,2021-02-05,UMB,780,234,546,18,762,0,ITI,ITI2,10,Umbria,Umbria,882015,496994,56.35,0.09
2776,2021-07-21,UMB,9435,4572,4863,1082,8309,44,ITI,ITI2,10,Umbria,Umbria,882015,506429,57.42,1.07
2777,2021-07-04,UMB,3407,1740,1667,2409,968,30,ITI,ITI2,10,Umbria,Umbria,882015,509836,57.8,0.39
2778,2021-04-12,UMB,7084,3081,4003,5310,1717,57,ITI,ITI2,10,Umbria,Umbria,882015,516920,58.61,0.8
2779,2021-01-19,UMB,102,23,79,102,0,0,ITI,ITI2,10,Umbria,Umbria,882015,517022,58.62,0.01
2780,2021-04-29,UMB,5216,2250,2966,2808,2320,88,ITI,ITI2,10,Umbria,Umbria,882015,522238,59.21,0.59
2781,2021-05-18,UMB,7745,3356,4389,3826,3837,82,ITI,ITI2,10,Umbria,Umbria,882015,529983,60.09,0.88
2782,2021-03-22,UMB,3561,1656,1905,2305,1246,10,ITI,ITI2,10,Umbria,Umbria,882015,533544,60.49,0.4
2783,2021-04-05,UMB,4249,1729,2520,2182,2055,12,ITI,ITI2,10,Umbria,Umbria,882015,537793,60.97,0.48
2784,2021-02-07,UMB,54,17,37,1,53,0,ITI,ITI2,10,Umbria,Umbria,882015,537847,60.98,0.01
2785,2021-07-14,UMB,6192,3005,3187,1751,4257,184,ITI,ITI2,10,Umbria,Umbria,882015,544039,61.68,0.7
2786,2021-06-18,UMB,4762,2348,2414,1605,3156,1,ITI,ITI2,10,Umbria,Umbria,882015,548801,62.22,0.54
2787,2021-07-05,UMB,8410,4077,4333,161,8242,7,ITI,ITI2,10,Umbria,Umbria,882015,557211,63.17,0.95
2788,2021-05-13,UMB,5916,2658,3258,3703,2084,129,ITI,ITI2,10,Umbria,Umbria,882015,563127,63.85,0.67
2789,2021-02-19,UMB,743,293,450,525,217,1,ITI,ITI2,10,Umbria,Umbria,882015,563870,63.93,0.08
2790,2021-03-17,UMB,3329,1313,2016,1855,1472,2,ITI,ITI2,10,Umbria,Umbria,882015,567199,64.31,0.38
2791,2021-01-07,UMB,1300,387,913,1300,0,0,ITI,ITI2,10,Umbria,Umbria,882015,568499,64.45,0.15
2792,2021-06-25,UMB,10159,5283,4876,5385,4770,4,ITI,ITI2,10,Umbria,Umbria,882015,578658,65.61,1.15
2793,2021-01-26,UMB,815,389,426,17,798,0,ITI,ITI2,10,Umbria,Umbria,882015,579473,65.7,0.09
2794,2021-06-06,UMB,7608,3904,3704,6912,693,3,ITI,ITI2,10,Umbria,Umbria,882015,587081,66.56,0.86
2795,2021-02-24,UMB,1518,563,955,1503,15,0,ITI,ITI2,10,Umbria,Umbria,882015,588599,66.73,0.17
2796,2021-07-06,UMB,8590,4092,4498,152,8417,21,ITI,ITI2,10,Umbria,Umbria,882015,597189,67.71,0.97
2797,2021-05-10,UMB,5988,2798,3190,3770,2148,70,ITI,ITI2,10,Umbria,Umbria,882015,603177,68.39,0.68
2798,2021-06-20,UMB,6213,3001,3212,1590,4623,0,ITI,ITI2,10,Umbria,Umbria,882015,609390,69.09,0.7
2799,2021-04-24,UMB,4561,1961,2600,3276,1182,103,ITI,ITI2,10,Umbria,Umbria,882015,613951,69.61,0.52
2800,2021-01-12,UMB,834,247,587,834,0,0,ITI,ITI2,10,Umbria,Umbria,882015,614785,69.7,0.09
2801,2021-03-14,UMB,66,48,18,66,0,0,ITI,ITI2,10,Umbria,Umbria,882015,614851,69.71,0.01
2802,2021-06-22,UMB,8035,4080,3955,5244,2789,2,ITI,ITI2,10,Umbria,Umbria,882015,622886,70.62,0.91
2803,2021-03-24,UMB,4104,1792,2312,2744,1323,37,ITI,ITI2,10,Umbria,Umbria,882015,626990,71.09,0.47
2804,2021-07-02,UMB,8736,4321,4415,3047,5599,90,ITI,ITI2,10,Umbria,Umbria,882015,635726,72.08,0.99
2805,2021-04-10,UMB,7391,3478,3913,7175,84,132,ITI,ITI2,10,Umbria,Umbria,882015,643117,72.91,0.84
2806,2021-01-17,UMB,54,17,37,54,0,0,ITI,ITI2,10,Umbria,Umbria,882015,643171,72.92,0.01
2807,2020-12-31,UMB,322,127,195,322,0,0,ITI,ITI2,10,Umbria,Umbria,882015,643493,72.96,0.04
2808,2021-06-15,UMB,5967,3007,2960,3899,2067,1,ITI,ITI2,10,Umbria,Umbria,882015,649460,73.63,0.68
2809,2021-06-27,UMB,7454,3728,3726,1769,5685,0,ITI,ITI2,10,Umbria,Umbria,882015,656914,74.48,0.85
2810,2021-02-12,UMB,670,224,446,664,6,0,ITI,ITI2,10,Umbria,Umbria,882015,657584,74.55,0.08
2811,2021-02-26,UMB,660,253,407,650,8,2,ITI,ITI2,10,Umbria,Umbria,882015,658244,74.63,0.07
2812,2021-05-06,UMB,9456,4315,5141,6020,3314,122,ITI,ITI2,10,Umbria,Umbria,882015,667700,75.7,1.07
2813,2021-06-01,UMB,4381,2089,2292,4226,155,0,ITI,ITI2,10,Umbria,Umbria,882015,672081,76.2,0.5
2814,2021-03-10,UMB,4031,1943,2088,2760,1256,15,ITI,ITI2,10,Umbria,Umbria,882015,676112,76.66,0.46
2815,2021-01-16,UMB,217,71,146,216,0,1,ITI,ITI2,10,Umbria,Umbria,882015,676329,76.68,0.02
2816,2021-05-08,UMB,8132,3739,4393,4798,3228,106,ITI,ITI2,10,Umbria,Umbria,882015,684461,77.6,0.92
2817,2021-01-28,UMB,1248,394,854,19,1229,0,ITI,ITI2,10,Umbria,Umbria,882015,685709,77.74,0.14
2818,2021-05-03,UMB,5086,2270,2816,2098,2887,101,ITI,ITI2,10,Umbria,Umbria,882015,690795,78.32,0.58
2819,2021-01-23,UMB,280,100,180,2,278,0,ITI,ITI2,10,Umbria,Umbria,882015,691075,78.35,0.03
2820,2021-01-21,UMB,608,202,406,338,269,1,ITI,ITI2,10,Umbria,Umbria,882015,691683,78.42,0.07
2821,2021-07-18,UMB,7852,4063,3789,296,7552,4,ITI,ITI2,10,Umbria,Umbria,882015,699535,79.31,0.89
2822,2021-06-05,UMB,8223,3775,4448,5565,2654,4,ITI,ITI2,10,Umbria,Umbria,882015,707758,80.24,0.93
2823,2021-03-12,UMB,2694,1081,1613,2191,495,8,ITI,ITI2,10,Umbria,Umbria,882015,710452,80.55,0.31
2824,2021-03-21,UMB,675,338,337,672,0,3,ITI,ITI2,10,Umbria,Umbria,882015,711127,80.63,0.08
2825,2021-06-29,UMB,9871,5027,4844,4190,5681,0,ITI,ITI2,10,Umbria,Umbria,882015,720998,81.74,1.12
2826,2021-05-17,UMB,6368,3061,3307,4139,2177,52,ITI,ITI2,10,Umbria,Umbria,882015,727366,82.47,0.72
2827,2021-01-14,UMB,722,192,530,722,0,0,ITI,ITI2,10,Umbria,Umbria,882015,728088,82.55,0.08
2828,2021-06-10,UMB,7464,3721,3743,6687,774,3,ITI,ITI2,10,Umbria,Umbria,882015,735552,83.39,0.85
2829,2021-07-13,UMB,4220,2002,2218,81,4133,6,ITI,ITI2,10,Umbria,Umbria,882015,739772,83.87,0.48
2830,2021-04-21,UMB,5323,2318,3005,3057,2228,38,ITI,ITI2,10,Umbria,Umbria,882015,745095,84.48,0.6
2831,2021-06-17,UMB,6968,3542,3426,4878,2079,11,ITI,ITI2,10,Umbria,Umbria,882015,752063,85.27,0.79
2832,2021-03-26,UMB,4589,1712,2877,4346,172,71,ITI,ITI2,10,Umbria,Umbria,882015,756652,85.79,0.52
2833,2021-01-02,UMB,304,111,193,304,0,0,ITI,ITI2,10,Umbria,Umbria,882015,756956,85.82,0.03
2834,2021-03-07,UMB,845,180,665,837,7,1,ITI,ITI2,10,Umbria,Umbria,882015,757801,85.92,0.1
2835,2021-02-11,UMB,839,348,491,834,5,0,ITI,ITI2,10,Umbria,Umbria,882015,758640,86.01,0.1
2836,2021-05-22,UMB,6966,2754,4212,2595,4324,47,ITI,ITI2,10,Umbria,Umbria,882015,765606,86.8,0.79
2837,2021-02-02,UMB,942,272,670,32,910,0,ITI,ITI2,10,Umbria,Umbria,882015,766548,86.91,0.11
2838,2021-04-26,UMB,5395,2341,3054,3103,2252,40,ITI,ITI2,10,Umbria,Umbria,882015,771943,87.52,0.61
2839,2021-04-09,UMB,6732,3126,3606,6406,209,117,ITI,ITI2,10,Umbria,Umbria,882015,778675,88.28,0.76
2840,2021-03-19,UMB,1741,565,1176,1080,656,5,ITI,ITI2,10,Umbria,Umbria,882015,780416,88.48,0.2
2841,2021-05-29,UMB,7856,3611,4245,6176,1566,114,ITI,ITI2,10,Umbria,Umbria,882015,788272,89.37,0.89
2842,2021-04-28,UMB,5383,2327,3056,2942,2396,45,ITI,ITI2,10,Umbria,Umbria,882015,793655,89.98,0.61
2843,2021-02-04,UMB,733,226,507,25,708,0,ITI,ITI2,10,Umbria,Umbria,882015,794388,90.07,0.08
2844,2021-05-15,UMB,4991,1883,3108,1764,3164,63,ITI,ITI2,10,Umbria,Umbria,882015,799379,90.63,0.57
2845,2021-07-11,UMB,5864,2956,2908,83,5780,1,ITI,ITI2,10,Umbria,Umbria,882015,805243,91.3,0.66
2846,2021-04-02,UMB,4343,1778,2565,3545,755,43,ITI,ITI2,10,Umbria,Umbria,882015,809586,91.79,0.49
2847,2021-01-09,UMB,1717,495,1222,1717,0,0,ITI,ITI2,10,Umbria,Umbria,882015,811303,91.98,0.19
2848,2021-04-19,UMB,5034,2227,2807,2931,2048,55,ITI,ITI2,10,Umbria,Umbria,882015,816337,92.55,0.57
2849,2021-03-02,UMB,3641,1346,2295,3634,4,3,ITI,ITI2,10,Umbria,Umbria,882015,819978,92.97,0.41
2850,2021-06-24,UMB,10140,5113,5027,6140,4000,0,ITI,ITI2,10,Umbria,Umbria,882015,830118,94.12,1.15
2851,2021-03-06,UMB,4303,1146,3157,4133,138,32,ITI,ITI2,10,Umbria,Umbria,882015,834421,94.6,0.49
2852,2021-01-22,UMB,276,105,171,32,244,0,ITI,ITI2,10,Umbria,Umbria,882015,834697,94.64,0.03
2853,2021-06-28,UMB,9709,4796,4913,3784,5925,0,ITI,ITI2,10,Umbria,Umbria,882015,844406,95.74,1.1
2854,2021-05-02,UMB,3780,1866,1914,1298,2454,28,ITI,ITI2,10,Umbria,Umbria,882015,848186,96.16,0.43
2855,2021-03-20,UMB,2319,845,1474,2290,25,4,ITI,ITI2,10,Umbria,Umbria,882015,850505,96.43,0.26
2856,2021-03-13,UMB,1735,524,1211,1486,249,0,ITI,ITI2,10,Umbria,Umbria,882015,852240,96.62,0.2
2857,2021-01-15,UMB,695,213,482,695,0,0,ITI,ITI2,10,Umbria,Umbria,882015,852935,96.7,0.08
2858,2021-01-29,UMB,1230,348,882,79,1151,0,ITI,ITI2,10,Umbria,Umbria,882015,854165,96.84,0.14
2859,2021-05-09,UMB,5754,2753,3001,5242,391,121,ITI,ITI2,10,Umbria,Umbria,882015,859919,97.49,0.65
2860,2021-07-09,UMB,9475,4583,4892,117,9344,14,ITI,ITI2,10,Umbria,Umbria,882015,869394,98.57,1.07
2861,2021-07-23,UMB,4434,2219,2215,627,3788,19,ITI,ITI2,10,Umbria,Umbria,882015,873828,99.07,0.5
2862,2021-07-16,UMB,9610,4893,4717,699,8872,39,ITI,ITI2,10,Umbria,Umbria,882015,883438,100.16,1.09
2863,2021-05-20,UMB,9836,4588,5248,6102,3650,84,ITI,ITI2,10,Umbria,Umbria,882015,893274,101.28,1.12
2864,2021-03-31,UMB,3897,1728,2169,2179,1686,32,ITI,ITI2,10,Umbria,Umbria,882015,897171,101.72,0.44
2865,2021-02-16,UMB,1308,655,653,1299,9,0,ITI,ITI2,10,Umbria,Umbria,882015,898479,101.87,0.15
2866,2021-05-27,UMB,9970,4864,5106,8473,1318,179,ITI,ITI2,10,Umbria,Umbria,882015,908449,103.0,1.13
2867,2021-01-04,UMB,809,398,411,809,0,0,ITI,ITI2,10,Umbria,Umbria,882015,909258,103.09,0.09
2868,2021-04-14,UMB,8152,3679,4473,6096,1979,77,ITI,ITI2,10,Umbria,Umbria,882015,917410,104.01,0.92
2869,2021-06-03,UMB,9039,4469,4570,8751,288,0,ITI,ITI2,10,Umbria,Umbria,882015,926449,105.04,1.02
2870,2021-04-07,UMB,5572,2291,3281,3482,2005,85,ITI,ITI2,10,Umbria,Umbria,882015,932021,105.67,0.63
2871,2021-02-23,UMB,1691,657,1034,1649,42,0,ITI,ITI2,10,Umbria,Umbria,882015,933712,105.86,0.19
2872,2021-06-20,PAB,5232,2845,2387,592,4593,47,ITH,ITH1,4,Provincia Autonoma Bolzano / Bozen,P.A. Bolzano,533050,5232,0.98,0.98
2873,2021-02-07,PAB,2362,1058,1304,14,2348,0,ITH,ITH1,4,Provincia Autonoma Bolzano / Bozen,P.A. Bolzano,533050,7594,1.42,0.44
2874,2021-05-18,PAB,3343,1754,1589,2052,1186,105,ITH,ITH1,4,Provincia Autonoma Bolzano / Bozen,P.A. Bolzano,533050,10937,2.05,0.63
2875,2021-01-24,PAB,12,10,2,0,12,0,ITH,ITH1,4,Provincia Autonoma Bolzano / Bozen,P.A. Bolzano,533050,10949,2.05,0.0
2876,2021-07-04,PAB,4412,2129,2283,188,4224,0,ITH,ITH1,4,Provincia Autonoma Bolzano / Bozen,P.A. Bolzano,533050,15361,2.88,0.83
2877,2021-02-12,PAB,730,217,513,464,248,18,ITH,ITH1,4,Provincia Autonoma Bolzano / Bozen,P.A. Bolzano,533050,16091,3.02,0.14
2878,2021-04-10,PAB,5396,2666,2730,4631,588,177,ITH,ITH1,4,Provincia Autonoma Bolzano / Bozen,P.A. Bolzano,533050,21487,4.03,1.01
2879,2020-12-31,PAB,914,520,394,914,0,0,ITH,ITH1,4,Provincia Autonoma Bolzano / Bozen,P.A. Bolzano,533050,22401,4.2,0.17
2880,2021-04-19,PAB,1873,859,1014,1600,182,91,ITH,ITH1,4,Provincia Autonoma Bolzano / Bozen,P.A. Bolzano,533050,24274,4.55,0.35
2881,2021-06-15,PAB,2024,1167,857,461,1532,31,ITH,ITH1,4,Provincia Autonoma Bolzano / Bozen,P.A. Bolzano,533050,26298,4.93,0.38
2882,2021-06-06,PAB,4536,2179,2357,808,3678,50,ITH,ITH1,4,Provincia Autonoma Bolzano / Bozen,P.A. Bolzano,533050,30834,5.78,0.85
2883,2021-02-26,PAB,1527,551,976,1469,30,28,ITH,ITH1,4,Provincia Autonoma Bolzano / Bozen,P.A. Bolzano,533050,32361,6.07,0.29
2884,2021-06-01,PAB,3635,2365,1270,2012,1473,150,ITH,ITH1,4,Provincia Autonoma Bolzano / Bozen,P.A. Bolzano,533050,35996,6.75,0.68
2885,2021-02-19,PAB,2252,512,1740,2192,11,49,ITH,ITH1,4,Provincia Autonoma Bolzano / Bozen,P.A. Bolzano,533050,38248,7.18,0.42
2886,2021-07-16,PAB,4357,2369,1988,1053,3304,0,ITH,ITH1,4,Provincia Autonoma Bolzano / Bozen,P.A. Bolzano,533050,42605,7.99,0.82
2887,2021-04-24,PAB,5110,2452,2658,4287,485,338,ITH,ITH1,4,Provincia Autonoma Bolzano / Bozen,P.A. Bolzano,533050,47715,8.95,0.96
2888,2021-07-14,PAB,867,449,418,509,358,0,ITH,ITH1,4,Provincia Autonoma Bolzano / Bozen,P.A. Bolzano,533050,48582,9.11,0.16
2889,2021-04-05,PAB,301,144,157,22,278,1,ITH,ITH1,4,Provincia Autonoma Bolzano / Bozen,P.A. Bolzano,533050,48883,9.17,0.06
2890,2021-06-27,PAB,4425,2314,2111,572,3807,46,ITH,ITH1,4,Provincia Autonoma Bolzano / Bozen,P.A. Bolzano,533050,53308,10.0,0.83
2891,2021-01-12,PAB,1709,459,1250,1709,0,0,ITH,ITH1,4,Provincia Autonoma Bolzano / Bozen,P.A. Bolzano,533050,55017,10.32,0.32
2892,2021-05-20,PAB,4917,2473,2444,3268,1469,180,ITH,ITH1,4,Provincia Autonoma Bolzano / Bozen,P.A. Bolzano,533050,59934,11.24,0.92
2893,2021-07-09,PAB,5214,2606,2608,1054,4160,0,ITH,ITH1,4,Provincia Autonoma Bolzano / Bozen,P.A. Bolzano,533050,65148,12.22,0.98
2894,2021-03-31,PAB,1832,694,1138,727,1011,94,ITH,ITH1,4,Provincia Autonoma Bolzano / Bozen,P.A. Bolzano,533050,66980,12.57,0.34
2895,2021-01-26,PAB,810,291,519,1,809,0,ITH,ITH1,4,Provincia Autonoma Bolzano / Bozen,P.A. Bolzano,533050,67790,12.72,0.15
2896,2021-07-02,PAB,3200,1657,1543,1028,2172,0,ITH,ITH1,4,Provincia Autonoma Bolzano / Bozen,P.A. Bolzano,533050,70990,13.32,0.6
2897,2021-03-24,PAB,2064,999,1065,1997,13,54,ITH,ITH1,4,Provincia Autonoma Bolzano / Bozen,P.A. Bolzano,533050,73054,13.7,0.39
2898,2021-03-10,PAB,1268,529,739,1073,143,52,ITH,ITH1,4,Provincia Autonoma Bolzano / Bozen,P.A. Bolzano,533050,74322,13.94,0.24
2899,2021-05-06,PAB,5181,2747,2434,2344,2568,269,ITH,ITH1,4,Provincia Autonoma Bolzano / Bozen,P.A. Bolzano,533050,79503,14.91,0.97
2900,2021-03-22,PAB,1144,523,621,1110,5,29,ITH,ITH1,4,Provincia Autonoma Bolzano / Bozen,P.A. Bolzano,533050,80647,15.13,0.21
2901,2021-05-01,PAB,2104,1067,1037,1810,160,134,ITH,ITH1,4,Provincia Autonoma Bolzano / Bozen,P.A. Bolzano,533050,82751,15.52,0.39
2902,2021-03-12,PAB,1664,734,930,1219,413,32,ITH,ITH1,4,Provincia Autonoma Bolzano / Bozen,P.A. Bolzano,533050,84415,15.84,0.31
2903,2021-03-29,PAB,1171,499,672,390,759,22,ITH,ITH1,4,Provincia Autonoma Bolzano / Bozen,P.A. Bolzano,533050,85586,16.06,0.22
2904,2021-04-17,PAB,5239,2602,2637,4941,44,254,ITH,ITH1,4,Provincia Autonoma Bolzano / Bozen,P.A. Bolzano,533050,90825,17.04,0.98
2905,2021-01-07,PAB,918,327,591,918,0,0,ITH,ITH1,4,Provincia Autonoma Bolzano / Bozen,P.A. Bolzano,533050,91743,17.21,0.17
2906,2021-07-21,PAB,2984,1747,1237,346,2638,0,ITH,ITH1,4,Provincia Autonoma Bolzano / Bozen,P.A. Bolzano,533050,94727,17.77,0.56
2907,2021-04-12,PAB,2105,946,1159,2022,7,76,ITH,ITH1,4,Provincia Autonoma Bolzano / Bozen,P.A. Bolzano,533050,96832,18.17,0.39
2908,2021-03-07,PAB,114,13,101,9,105,0,ITH,ITH1,4,Provincia Autonoma Bolzano / Bozen,P.A. Bolzano,533050,96946,18.19,0.02
2909,2021-04-21,PAB,3013,1468,1545,2032,848,133,ITH,ITH1,4,Provincia Autonoma Bolzano / Bozen,P.A. Bolzano,533050,99959,18.75,0.57
2910,2021-05-15,PAB,7005,3691,3314,6287,294,424,ITH,ITH1,4,Provincia Autonoma Bolzano / Bozen,P.A. Bolzano,533050,106964,20.07,1.31
2911,2021-02-04,PAB,1958,593,1365,8,1950,0,ITH,ITH1,4,Provincia Autonoma Bolzano / Bozen,P.A. Bolzano,533050,108922,20.43,0.37
2912,2021-07-11,PAB,6060,3088,2972,1191,4869,0,ITH,ITH1,4,Provincia Autonoma Bolzano / Bozen,P.A. Bolzano,533050,114982,21.57,1.14
2913,2021-06-08,PAB,4192,2140,2052,846,3318,28,ITH,ITH1,4,Provincia Autonoma Bolzano / Bozen,P.A. Bolzano,533050,119174,22.36,0.79
2914,2021-03-17,PAB,582,213,369,545,2,35,ITH,ITH1,4,Provincia Autonoma Bolzano / Bozen,P.A. Bolzano,533050,119756,22.47,0.11
2915,2021-05-13,PAB,2995,1355,1640,1009,1930,56,ITH,ITH1,4,Provincia Autonoma Bolzano / Bozen,P.A. Bolzano,533050,122751,23.03,0.56
2916,2021-04-29,PAB,2631,1351,1280,1731,694,206,ITH,ITH1,4,Provincia Autonoma Bolzano / Bozen,P.A. Bolzano,533050,125382,23.52,0.49
2917,2021-01-19,PAB,853,371,482,723,130,0,ITH,ITH1,4,Provincia Autonoma Bolzano / Bozen,P.A. Bolzano,533050,126235,23.68,0.16
2918,2021-06-25,PAB,4171,2304,1867,1016,3014,141,ITH,ITH1,4,Provincia Autonoma Bolzano / Bozen,P.A. Bolzano,533050,130406,24.46,0.78
2919,2021-06-29,PAB,1874,1011,863,235,1617,22,ITH,ITH1,4,Provincia Autonoma Bolzano / Bozen,P.A. Bolzano,533050,132280,24.82,0.35
2920,2021-03-21,PAB,768,285,483,13,754,1,ITH,ITH1,4,Provincia Autonoma Bolzano / Bozen,P.A. Bolzano,533050,133048,24.96,0.14
2921,2021-06-12,PAB,5057,2744,2313,1639,3288,130,ITH,ITH1,4,Provincia Autonoma Bolzano / Bozen,P.A. Bolzano,533050,138105,25.91,0.95
2922,2021-01-14,PAB,1946,575,1371,1946,0,0,ITH,ITH1,4,Provincia Autonoma Bolzano / Bozen,P.A. Bolzano,533050,140051,26.27,0.37
2923,2021-07-23,PAB,1368,782,586,535,833,0,ITH,ITH1,4,Provincia Autonoma Bolzano / Bozen,P.A. Bolzano,533050,141419,26.53,0.26
2924,2021-01-05,PAB,830,286,544,829,0,1,ITH,ITH1,4,Provincia Autonoma Bolzano / Bozen,P.A. Bolzano,533050,142249,26.69,0.16
2925,2021-01-23,PAB,197,117,80,0,197,0,ITH,ITH1,4,Provincia Autonoma Bolzano / Bozen,P.A. Bolzano,533050,142446,26.72,0.04
2926,2021-05-03,PAB,1831,847,984,397,1413,21,ITH,ITH1,4,Provincia Autonoma Bolzano / Bozen,P.A. Bolzano,533050,144277,27.07,0.34
2927,2021-02-23,PAB,769,324,445,760,6,3,ITH,ITH1,4,Provincia Autonoma Bolzano / Bozen,P.A. Bolzano,533050,145046,27.21,0.14
2928,2021-05-17,PAB,3139,1516,1623,2266,694,179,ITH,ITH1,4,Provincia Autonoma Bolzano / Bozen,P.A. Bolzano,533050,148185,27.8,0.59
2929,2021-06-03,PAB,4801,2614,2187,3625,947,229,ITH,ITH1,4,Provincia Autonoma Bolzano / Bozen,P.A. Bolzano,533050,152986,28.7,0.9
2930,2021-03-05,PAB,1840,625,1215,1380,443,17,ITH,ITH1,4,Provincia Autonoma Bolzano / Bozen,P.A. Bolzano,533050,154826,29.05,0.35
2931,2021-05-27,PAB,6146,3236,2910,3793,2010,343,ITH,ITH1,4,Provincia Autonoma Bolzano / Bozen,P.A. Bolzano,533050,160972,30.2,1.15
2932,2021-06-13,PAB,3682,2049,1633,450,3192,40,ITH,ITH1,4,Provincia Autonoma Bolzano / Bozen,P.A. Bolzano,533050,164654,30.89,0.69
2933,2021-05-25,PAB,3859,2000,1859,2847,886,126,ITH,ITH1,4,Provincia Autonoma Bolzano / Bozen,P.A. Bolzano,533050,168513,31.61,0.72
2934,2021-02-14,PAB,297,130,167,295,0,2,ITH,ITH1,4,Provincia Autonoma Bolzano / Bozen,P.A. Bolzano,533050,168810,31.67,0.06
2935,2021-05-08,PAB,4427,2382,2045,3558,663,206,ITH,ITH1,4,Provincia Autonoma Bolzano / Bozen,P.A. Bolzano,533050,173237,32.5,0.83
2936,2021-03-03,PAB,1181,395,786,1144,13,24,ITH,ITH1,4,Provincia Autonoma Bolzano / Bozen,P.A. Bolzano,533050,174418,32.72,0.22
2937,2021-01-21,PAB,954,443,511,139,815,0,ITH,ITH1,4,Provincia Autonoma Bolzano / Bozen,P.A. Bolzano,533050,175372,32.9,0.18
2938,2021-06-24,PAB,3922,2029,1893,1552,2194,176,ITH,ITH1,4,Provincia Autonoma Bolzano / Bozen,P.A. Bolzano,533050,179294,33.64,0.74
2939,2021-01-09,PAB,612,326,286,612,0,0,ITH,ITH1,4,Provincia Autonoma Bolzano / Bozen,P.A. Bolzano,533050,179906,33.75,0.11
2940,2021-06-17,PAB,1763,977,786,611,1079,73,ITH,ITH1,4,Provincia Autonoma Bolzano / Bozen,P.A. Bolzano,533050,181669,34.08,0.33
2941,2021-04-02,PAB,2077,837,1240,578,1357,142,ITH,ITH1,4,Provincia Autonoma Bolzano / Bozen,P.A. Bolzano,533050,183746,34.47,0.39
2942,2021-05-29,PAB,7316,3893,3423,3985,3139,192,ITH,ITH1,4,Provincia Autonoma Bolzano / Bozen,P.A. Bolzano,533050,191062,35.84,1.37
2943,2021-03-26,PAB,1657,733,924,503,1134,20,ITH,ITH1,4,Provincia Autonoma Bolzano / Bozen,P.A. Bolzano,533050,192719,36.15,0.31
2944,2021-04-09,PAB,2937,1301,1636,1936,730,271,ITH,ITH1,4,Provincia Autonoma Bolzano / Bozen,P.A. Bolzano,533050,195656,36.7,0.55
2945,2021-05-22,PAB,6832,3562,3270,4435,2166,231,ITH,ITH1,4,Provincia Autonoma Bolzano / Bozen,P.A. Bolzano,533050,202488,37.99,1.28
2946,2021-04-28,PAB,2464,1302,1162,2241,5,218,ITH,ITH1,4,Provincia Autonoma Bolzano / Bozen,P.A. Bolzano,533050,204952,38.45,0.46
2947,2021-01-16,PAB,2840,1265,1575,2840,0,0,ITH,ITH1,4,Provincia Autonoma Bolzano / Bozen,P.A. Bolzano,533050,207792,38.98,0.53
2948,2021-06-10,PAB,4458,2313,2145,1271,3095,92,ITH,ITH1,4,Provincia Autonoma Bolzano / Bozen,P.A. Bolzano,533050,212250,39.82,0.84
2949,2021-04-07,PAB,1798,823,975,1160,540,98,ITH,ITH1,4,Provincia Autonoma Bolzano / Bozen,P.A. Bolzano,533050,214048,40.16,0.34
2950,2021-03-02,PAB,695,200,495,673,2,20,ITH,ITH1,4,Provincia Autonoma Bolzano / Bozen,P.A. Bolzano,533050,214743,40.29,0.13
2951,2021-03-19,PAB,1906,773,1133,748,1107,51,ITH,ITH1,4,Provincia Autonoma Bolzano / Bozen,P.A. Bolzano,533050,216649,40.64,0.36
2952,2021-07-01,PAB,4626,2297,2329,1322,3165,139,ITH,ITH1,4,Provincia Autonoma Bolzano / Bozen,P.A. Bolzano,533050,221275,41.51,0.87
2953,2021-05-10,PAB,3018,1300,1718,1331,1605,82,ITH,ITH1,4,Provincia Autonoma Bolzano / Bozen,P.A. Bolzano,533050,224293,42.08,0.57
2954,2021-02-16,PAB,530,205,325,529,0,1,ITH,ITH1,4,Provincia Autonoma Bolzano / Bozen,P.A. Bolzano,533050,224823,42.18,0.1
2955,2021-01-28,PAB,871,308,563,9,862,0,ITH,ITH1,4,Provincia Autonoma Bolzano / Bozen,P.A. Bolzano,533050,225694,42.34,0.16
2956,2021-06-05,PAB,6080,3030,3050,4695,1096,289,ITH,ITH1,4,Provincia Autonoma Bolzano / Bozen,P.A. Bolzano,533050,231774,43.48,1.14
2957,2021-04-30,PAB,3342,1594,1748,1428,1776,138,ITH,ITH1,4,Provincia Autonoma Bolzano / Bozen,P.A. Bolzano,533050,235116,44.11,0.63
2958,2021-01-20,PAB,618,253,365,410,208,0,ITH,ITH1,4,Provincia Autonoma Bolzano / Bozen,P.A. Bolzano,533050,235734,44.22,0.12
2959,2021-07-22,PAB,3492,1809,1683,1714,1778,0,ITH,ITH1,4,Provincia Autonoma Bolzano / Bozen,P.A. Bolzano,533050,239226,44.88,0.66
2960,2021-01-06,PAB,59,18,41,59,0,0,ITH,ITH1,4,Provincia Autonoma Bolzano / Bozen,P.A. Bolzano,533050,239285,44.89,0.01
2961,2021-03-30,PAB,1299,532,767,204,1080,15,ITH,ITH1,4,Provincia Autonoma Bolzano / Bozen,P.A. Bolzano,533050,240584,45.13,0.24
2962,2021-04-16,PAB,2951,1419,1532,2275,511,165,ITH,ITH1,4,Provincia Autonoma Bolzano / Bozen,P.A. Bolzano,533050,243535,45.69,0.55
2963,2021-07-06,PAB,1719,924,795,738,981,0,ITH,ITH1,4,Provincia Autonoma Bolzano / Bozen,P.A. Bolzano,533050,245254,46.01,0.32
2964,2021-06-22,PAB,2460,1417,1043,307,2125,28,ITH,ITH1,4,Provincia Autonoma Bolzano / Bozen,P.A. Bolzano,533050,247714,46.47,0.46
2965,2021-03-14,PAB,758,336,422,14,733,11,ITH,ITH1,4,Provincia Autonoma Bolzano / Bozen,P.A. Bolzano,533050,248472,46.61,0.14
2966,2021-04-14,PAB,3593,1645,1948,3215,91,287,ITH,ITH1,4,Provincia Autonoma Bolzano / Bozen,P.A. Bolzano,533050,252065,47.29,0.67
2967,2021-01-04,PAB,508,201,307,508,0,0,ITH,ITH1,4,Provincia Autonoma Bolzano / Bozen,P.A. Bolzano,533050,252573,47.38,0.1
2968,2021-02-11,PAB,1094,432,662,238,855,1,ITH,ITH1,4,Provincia Autonoma Bolzano / Bozen,P.A. Bolzano,533050,253667,47.59,0.21
2969,2021-07-18,PAB,1594,878,716,461,1133,0,ITH,ITH1,4,Provincia Autonoma Bolzano / Bozen,P.A. Bolzano,533050,255261,47.89,0.3
2970,2021-02-18,PAB,1839,457,1382,1810,7,22,ITH,ITH1,4,Provincia Autonoma Bolzano / Bozen,P.A. Bolzano,533050,257100,48.23,0.34
2971,2021-04-26,PAB,1543,771,772,1446,5,92,ITH,ITH1,4,Provincia Autonoma Bolzano / Bozen,P.A. Bolzano,533050,258643,48.52,0.29
2972,2021-07-10,PAB,5793,2991,2802,1058,4735,0,ITH,ITH1,4,Provincia Autonoma Bolzano / Bozen,P.A. Bolzano,533050,264436,49.61,1.09
2973,2021-01-18,PAB,1772,687,1085,1766,5,1,ITH,ITH1,4,Provincia Autonoma Bolzano / Bozen,P.A. Bolzano,533050,266208,49.94,0.33
2974,2021-01-02,PAB,91,48,43,91,0,0,ITH,ITH1,4,Provincia Autonoma Bolzano / Bozen,P.A. Bolzano,533050,266299,49.96,0.02
2975,2021-06-26,PAB,4539,2326,2213,1356,3072,111,ITH,ITH1,4,Provincia Autonoma Bolzano / Bozen,P.A. Bolzano,533050,270838,50.81,0.85
2976,2021-03-18,PAB,1302,531,771,216,1076,10,ITH,ITH1,4,Provincia Autonoma Bolzano / Bozen,P.A. Bolzano,533050,272140,51.05,0.24
2977,2021-05-14,PAB,5135,2320,2815,2888,2038,209,ITH,ITH1,4,Provincia Autonoma Bolzano / Bozen,P.A. Bolzano,533050,277275,52.02,0.96
2978,2021-03-16,PAB,1290,532,758,116,1166,8,ITH,ITH1,4,Provincia Autonoma Bolzano / Bozen,P.A. Bolzano,533050,278565,52.26,0.24
2979,2021-05-12,PAB,3792,2058,1734,3393,153,246,ITH,ITH1,4,Provincia Autonoma Bolzano / Bozen,P.A. Bolzano,533050,282357,52.97,0.71
2980,2021-02-01,PAB,1452,440,1012,11,1440,1,ITH,ITH1,4,Provincia Autonoma Bolzano / Bozen,P.A. Bolzano,533050,283809,53.24,0.27
2981,2021-04-25,PAB,3073,1497,1576,2274,672,127,ITH,ITH1,4,Provincia Autonoma Bolzano / Bozen,P.A. Bolzano,533050,286882,53.82,0.58
2982,2021-01-13,PAB,1691,557,1134,1691,0,0,ITH,ITH1,4,Provincia Autonoma Bolzano / Bozen,P.A. Bolzano,533050,288573,54.14,0.32
2983,2020-12-30,PAB,388,182,206,388,0,0,ITH,ITH1,4,Provincia Autonoma Bolzano / Bozen,P.A. Bolzano,533050,288961,54.21,0.07
2984,2021-06-09,PAB,3813,1898,1915,1229,2475,109,ITH,ITH1,4,Provincia Autonoma Bolzano / Bozen,P.A. Bolzano,533050,292774,54.92,0.72
2985,2021-03-01,PAB,922,221,701,885,1,36,ITH,ITH1,4,Provincia Autonoma Bolzano / Bozen,P.A. Bolzano,533050,293696,55.1,0.17
2986,2021-03-15,PAB,1193,452,741,696,482,15,ITH,ITH1,4,Provincia Autonoma Bolzano / Bozen,P.A. Bolzano,533050,294889,55.32,0.22
2987,2021-04-27,PAB,2226,1013,1213,1051,1077,98,ITH,ITH1,4,Provincia Autonoma Bolzano / Bozen,P.A. Bolzano,533050,297115,55.74,0.42
2988,2021-01-17,PAB,2328,1044,1284,2317,11,0,ITH,ITH1,4,Provincia Autonoma Bolzano / Bozen,P.A. Bolzano,533050,299443,56.18,0.44
2989,2021-06-23,PAB,1151,594,557,333,767,51,ITH,ITH1,4,Provincia Autonoma Bolzano / Bozen,P.A. Bolzano,533050,300594,56.39,0.22
2990,2021-03-04,PAB,1715,1005,710,1430,229,56,ITH,ITH1,4,Provincia Autonoma Bolzano / Bozen,P.A. Bolzano,533050,302309,56.71,0.32
2991,2021-02-06,PAB,2627,1172,1455,18,2608,1,ITH,ITH1,4,Provincia Autonoma Bolzano / Bozen,P.A. Bolzano,533050,304936,57.21,0.49
2992,2021-06-21,PAB,3162,1612,1550,255,2867,40,ITH,ITH1,4,Provincia Autonoma Bolzano / Bozen,P.A. Bolzano,533050,308098,57.8,0.59
2993,2021-03-09,PAB,1194,543,651,1164,2,28,ITH,ITH1,4,Provincia Autonoma Bolzano / Bozen,P.A. Bolzano,533050,309292,58.02,0.22
2994,2021-05-23,PAB,4338,2303,2035,4116,8,214,ITH,ITH1,4,Provincia Autonoma Bolzano / Bozen,P.A. Bolzano,533050,313630,58.84,0.81
2995,2021-07-19,PAB,2760,1381,1379,714,2046,0,ITH,ITH1,4,Provincia Autonoma Bolzano / Bozen,P.A. Bolzano,533050,316390,59.35,0.52
2996,2021-02-03,PAB,1503,478,1025,5,1498,0,ITH,ITH1,4,Provincia Autonoma Bolzano / Bozen,P.A. Bolzano,533050,317893,59.64,0.28
2997,2021-05-07,PAB,4194,2062,2132,3375,528,291,ITH,ITH1,4,Provincia Autonoma Bolzano / Bozen,P.A. Bolzano,533050,322087,60.42,0.79
2998,2021-07-03,PAB,5632,2790,2842,1072,4560,0,ITH,ITH1,4,Provincia Autonoma Bolzano / Bozen,P.A. Bolzano,533050,327719,61.48,1.06
2999,2021-05-05,PAB,4155,1945,2210,1810,2116,229,ITH,ITH1,4,Provincia Autonoma Bolzano / Bozen,P.A. Bolzano,533050,331874,62.26,0.78
3000,2021-01-25,PAB,487,183,304,3,484,0,ITH,ITH1,4,Provincia Autonoma Bolzano / Bozen,P.A. Bolzano,533050,332361,62.35,0.09
3001,2021-03-23,PAB,1555,760,795,1516,1,38,ITH,ITH1,4,Provincia Autonoma Bolzano / Bozen,P.A. Bolzano,533050,333916,62.64,0.29
3002,2021-01-30,PAB,498,245,253,4,494,0,ITH,ITH1,4,Provincia Autonoma Bolzano / Bozen,P.A. Bolzano,533050,334414,62.74,0.09
3003,2021-04-23,PAB,4543,2151,2392,3040,1291,212,ITH,ITH1,4,Provincia Autonoma Bolzano / Bozen,P.A. Bolzano,533050,338957,63.59,0.85
3004,2021-01-11,PAB,1574,513,1061,1574,0,0,ITH,ITH1,4,Provincia Autonoma Bolzano / Bozen,P.A. Bolzano,533050,340531,63.88,0.3
3005,2021-07-15,PAB,4301,2265,2036,1613,2688,0,ITH,ITH1,4,Provincia Autonoma Bolzano / Bozen,P.A. Bolzano,533050,344832,64.69,0.81
3006,2021-04-06,PAB,2250,1118,1132,1940,103,207,ITH,ITH1,4,Provincia Autonoma Bolzano / Bozen,P.A. Bolzano,533050,347082,65.11,0.42
3007,2021-07-08,PAB,5501,2780,2721,622,4879,0,ITH,ITH1,4,Provincia Autonoma Bolzano / Bozen,P.A. Bolzano,533050,352583,66.14,1.03
3008,2021-06-19,PAB,5660,3014,2646,554,5033,73,ITH,ITH1,4,Provincia Autonoma Bolzano / Bozen,P.A. Bolzano,533050,358243,67.21,1.06
3009,2021-03-11,PAB,1685,825,860,1092,538,55,ITH,ITH1,4,Provincia Autonoma Bolzano / Bozen,P.A. Bolzano,533050,359928,67.52,0.32
3010,2021-02-25,PAB,1498,549,949,1487,1,10,ITH,ITH1,4,Provincia Autonoma Bolzano / Bozen,P.A. Bolzano,533050,361426,67.8,0.28
3011,2021-06-02,PAB,1452,814,638,963,457,32,ITH,ITH1,4,Provincia Autonoma Bolzano / Bozen,P.A. Bolzano,533050,362878,68.08,0.27
3012,2021-02-08,PAB,2,1,1,1,1,0,ITH,ITH1,4,Provincia Autonoma Bolzano / Bozen,P.A. Bolzano,533050,362880,68.08,0.0
3013,2021-03-28,PAB,569,212,357,11,558,0,ITH,ITH1,4,Provincia Autonoma Bolzano / Bozen,P.A. Bolzano,533050,363449,68.18,0.11
3014,2021-05-26,PAB,4990,2517,2473,2826,1974,190,ITH,ITH1,4,Provincia Autonoma Bolzano / Bozen,P.A. Bolzano,533050,368439,69.12,0.94
3015,2021-06-14,PAB,2964,1607,1357,561,2357,46,ITH,ITH1,4,Provincia Autonoma Bolzano / Bozen,P.A. Bolzano,533050,371403,69.68,0.56
3016,2021-02-15,PAB,72,42,30,23,46,3,ITH,ITH1,4,Provincia Autonoma Bolzano / Bozen,P.A. Bolzano,533050,371475,69.69,0.01
3017,2021-02-10,PAB,1636,605,1031,25,1610,1,ITH,ITH1,4,Provincia Autonoma Bolzano / Bozen,P.A. Bolzano,533050,373111,70.0,0.31
3018,2021-05-21,PAB,6952,3821,3131,4787,1847,318,ITH,ITH1,4,Provincia Autonoma Bolzano / Bozen,P.A. Bolzano,533050,380063,71.3,1.3
3019,2021-04-20,PAB,1563,785,778,1486,3,74,ITH,ITH1,4,Provincia Autonoma Bolzano / Bozen,P.A. Bolzano,533050,381626,71.59,0.29
3020,2021-01-10,PAB,2,2,0,2,0,0,ITH,ITH1,4,Provincia Autonoma Bolzano / Bozen,P.A. Bolzano,533050,381628,71.59,0.0
3021,2021-06-16,PAB,3812,2018,1794,5,3803,4,ITH,ITH1,4,Provincia Autonoma Bolzano / Bozen,P.A. Bolzano,533050,385440,72.31,0.72
3022,2021-03-08,PAB,1210,534,676,1161,27,22,ITH,ITH1,4,Provincia Autonoma Bolzano / Bozen,P.A. Bolzano,533050,386650,72.54,0.23
3023,2021-05-04,PAB,3449,1843,1606,2252,1037,160,ITH,ITH1,4,Provincia Autonoma Bolzano / Bozen,P.A. Bolzano,533050,390099,73.18,0.65
3024,2021-04-01,PAB,2787,1407,1380,2498,144,145,ITH,ITH1,4,Provincia Autonoma Bolzano / Bozen,P.A. Bolzano,533050,392886,73.71,0.52
3025,2021-07-05,PAB,2934,1406,1528,951,1983,0,ITH,ITH1,4,Provincia Autonoma Bolzano / Bozen,P.A. Bolzano,533050,395820,74.26,0.55
3026,2021-05-30,PAB,4766,2517,2249,713,4014,39,ITH,ITH1,4,Provincia Autonoma Bolzano / Bozen,P.A. Bolzano,533050,400586,75.15,0.89
3027,2021-07-12,PAB,3528,1753,1775,287,3241,0,ITH,ITH1,4,Provincia Autonoma Bolzano / Bozen,P.A. Bolzano,533050,404114,75.81,0.66
3028,2021-04-03,PAB,831,364,467,12,810,9,ITH,ITH1,4,Provincia Autonoma Bolzano / Bozen,P.A. Bolzano,533050,404945,75.97,0.16
3029,2021-03-25,PAB,2151,1063,1088,1645,443,63,ITH,ITH1,4,Provincia Autonoma Bolzano / Bozen,P.A. Bolzano,533050,407096,76.37,0.4
3030,2021-01-27,PAB,85,29,56,2,83,0,ITH,ITH1,4,Provincia Autonoma Bolzano / Bozen,P.A. Bolzano,533050,407181,76.39,0.02
3031,2021-06-04,PAB,6562,3296,3266,4798,1529,235,ITH,ITH1,4,Provincia Autonoma Bolzano / Bozen,P.A. Bolzano,533050,413743,77.62,1.23
3032,2021-02-24,PAB,1367,406,961,1316,12,39,ITH,ITH1,4,Provincia Autonoma Bolzano / Bozen,P.A. Bolzano,533050,415110,77.87,0.26
3033,2021-03-27,PAB,3051,1554,1497,1477,1508,66,ITH,ITH1,4,Provincia Autonoma Bolzano / Bozen,P.A. Bolzano,533050,418161,78.45,0.57
3034,2021-03-13,PAB,2885,1459,1426,2724,101,60,ITH,ITH1,4,Provincia Autonoma Bolzano / Bozen,P.A. Bolzano,533050,421046,78.99,0.54
3035,2021-02-05,PAB,3195,1181,2014,8,3187,0,ITH,ITH1,4,Provincia Autonoma Bolzano / Bozen,P.A. Bolzano,533050,424241,79.59,0.6
3036,2021-07-17,PAB,3105,1770,1335,760,2345,0,ITH,ITH1,4,Provincia Autonoma Bolzano / Bozen,P.A. Bolzano,533050,427346,80.17,0.58
3037,2021-04-08,PAB,2767,1347,1420,2472,204,91,ITH,ITH1,4,Provincia Autonoma Bolzano / Bozen,P.A. Bolzano,533050,430113,80.69,0.52
3038,2020-12-27,PAB,144,65,79,144,0,0,ITH,ITH1,4,Provincia Autonoma Bolzano / Bozen,P.A. Bolzano,533050,430257,80.72,0.03
3039,2021-06-30,PAB,3060,1564,1496,383,2604,73,ITH,ITH1,4,Provincia Autonoma Bolzano / Bozen,P.A. Bolzano,533050,433317,81.29,0.57
3040,2021-05-19,PAB,3850,1977,1873,1921,1786,143,ITH,ITH1,4,Provincia Autonoma Bolzano / Bozen,P.A. Bolzano,533050,437167,82.01,0.72
3041,2021-01-03,PAB,41,16,25,41,0,0,ITH,ITH1,4,Provincia Autonoma Bolzano / Bozen,P.A. Bolzano,533050,437208,82.02,0.01
3042,2021-04-13,PAB,2394,1132,1262,2298,7,89,ITH,ITH1,4,Provincia Autonoma Bolzano / Bozen,P.A. Bolzano,533050,439602,82.47,0.45
3043,2021-02-22,PAB,526,143,383,496,12,18,ITH,ITH1,4,Provincia Autonoma Bolzano / Bozen,P.A. Bolzano,533050,440128,82.57,0.1
3044,2021-05-11,PAB,2844,1335,1509,1241,1522,81,ITH,ITH1,4,Provincia Autonoma Bolzano / Bozen,P.A. Bolzano,533050,442972,83.1,0.53
3045,2021-01-29,PAB,1497,510,987,24,1473,0,ITH,ITH1,4,Provincia Autonoma Bolzano / Bozen,P.A. Bolzano,533050,444469,83.38,0.28
3046,2021-04-22,PAB,2924,1501,1423,1852,942,130,ITH,ITH1,4,Provincia Autonoma Bolzano / Bozen,P.A. Bolzano,533050,447393,83.93,0.55
3047,2021-05-09,PAB,4241,2410,1831,2923,1152,166,ITH,ITH1,4,Provincia Autonoma Bolzano / Bozen,P.A. Bolzano,533050,451634,84.73,0.8
3048,2021-05-16,PAB,2025,932,1093,1279,692,54,ITH,ITH1,4,Provincia Autonoma Bolzano / Bozen,P.A. Bolzano,533050,453659,85.11,0.38
3049,2021-06-11,PAB,5784,2975,2809,2083,3480,221,ITH,ITH1,4,Provincia Autonoma Bolzano / Bozen,P.A. Bolzano,533050,459443,86.19,1.09
3050,2021-03-20,PAB,1759,850,909,1108,625,26,ITH,ITH1,4,Provincia Autonoma Bolzano / Bozen,P.A. Bolzano,533050,461202,86.52,0.33
3051,2021-06-28,PAB,4607,2304,2303,215,4367,25,ITH,ITH1,4,Provincia Autonoma Bolzano / Bozen,P.A. Bolzano,533050,465809,87.39,0.86
3052,2021-03-06,PAB,3973,2081,1892,3674,211,88,ITH,ITH1,4,Provincia Autonoma Bolzano / Bozen,P.A. Bolzano,533050,469782,88.13,0.75
3053,2021-05-28,PAB,6891,3610,3281,4782,1890,219,ITH,ITH1,4,Provincia Autonoma Bolzano / Bozen,P.A. Bolzano,533050,476673,89.42,1.29
3054,2021-02-17,PAB,156,51,105,139,17,0,ITH,ITH1,4,Provincia Autonoma Bolzano / Bozen,P.A. Bolzano,533050,476829,89.45,0.03
3055,2021-07-07,PAB,1978,1026,952,644,1334,0,ITH,ITH1,4,Provincia Autonoma Bolzano / Bozen,P.A. Bolzano,533050,478807,89.82,0.37
3056,2021-04-15,PAB,4399,2307,2092,3899,263,237,ITH,ITH1,4,Provincia Autonoma Bolzano / Bozen,P.A. Bolzano,533050,483206,90.65,0.83
3057,2021-05-02,PAB,2457,1288,1169,1423,921,113,ITH,ITH1,4,Provincia Autonoma Bolzano / Bozen,P.A. Bolzano,533050,485663,91.11,0.46
3058,2021-01-22,PAB,248,143,105,124,124,0,ITH,ITH1,4,Provincia Autonoma Bolzano / Bozen,P.A. Bolzano,533050,485911,91.16,0.05
3059,2021-02-09,PAB,317,126,191,1,316,0,ITH,ITH1,4,Provincia Autonoma Bolzano / Bozen,P.A. Bolzano,533050,486228,91.22,0.06
3060,2021-07-13,PAB,3370,1723,1647,1444,1926,0,ITH,ITH1,4,Provincia Autonoma Bolzano / Bozen,P.A. Bolzano,533050,489598,91.85,0.63
3061,2021-02-02,PAB,1745,506,1239,8,1737,0,ITH,ITH1,4,Provincia Autonoma Bolzano / Bozen,P.A. Bolzano,533050,491343,92.18,0.33
3062,2021-07-20,PAB,3090,1704,1386,1570,1520,0,ITH,ITH1,4,Provincia Autonoma Bolzano / Bozen,P.A. Bolzano,533050,494433,92.76,0.58
3063,2021-05-31,PAB,3002,1477,1525,2010,867,125,ITH,ITH1,4,Provincia Autonoma Bolzano / Bozen,P.A. Bolzano,533050,497435,93.32,0.56
3064,2021-01-01,PAB,6,5,1,6,0,0,ITH,ITH1,4,Provincia Autonoma Bolzano / Bozen,P.A. Bolzano,533050,497441,93.32,0.0
3065,2021-06-07,PAB,2951,1537,1414,2493,319,139,ITH,ITH1,4,Provincia Autonoma Bolzano / Bozen,P.A. Bolzano,533050,500392,93.87,0.55
3066,2021-02-27,PAB,2458,759,1699,2411,10,37,ITH,ITH1,4,Provincia Autonoma Bolzano / Bozen,P.A. Bolzano,533050,502850,94.33,0.46
3067,2021-02-13,PAB,318,79,239,310,6,2,ITH,ITH1,4,Provincia Autonoma Bolzano / Bozen,P.A. Bolzano,533050,503168,94.39,0.06
3068,2021-04-11,PAB,2724,1294,1430,2446,177,101,ITH,ITH1,4,Provincia Autonoma Bolzano / Bozen,P.A. Bolzano,533050,505892,94.91,0.51
3069,2021-05-24,PAB,1454,766,688,1039,333,82,ITH,ITH1,4,Provincia Autonoma Bolzano / Bozen,P.A. Bolzano,533050,507346,95.18,0.27
3070,2021-02-20,PAB,1802,540,1262,1753,18,31,ITH,ITH1,4,Provincia Autonoma Bolzano / Bozen,P.A. Bolzano,533050,509148,95.52,0.34
3071,2021-04-18,PAB,3110,1607,1503,2004,1010,96,ITH,ITH1,4,Provincia Autonoma Bolzano / Bozen,P.A. Bolzano,533050,512258,96.1,0.58
3072,2021-01-15,PAB,3282,1228,2054,3281,0,1,ITH,ITH1,4,Provincia Autonoma Bolzano / Bozen,P.A. Bolzano,533050,515540,96.72,0.62
3073,2021-06-18,PAB,4157,2162,1995,1131,2899,127,ITH,ITH1,4,Provincia Autonoma Bolzano / Bozen,P.A. Bolzano,533050,519697,97.49,0.78
3074,2021-01-08,PAB,1521,479,1042,1521,0,0,ITH,ITH1,4,Provincia Autonoma Bolzano / Bozen,P.A. Bolzano,533050,521218,97.78,0.29
3075,2021-03-03,ABR,4633,1891,2742,3704,906,23,ITF,ITF1,13,Abruzzo,Abruzzo,1304970,4633,0.36,0.36
3076,2021-07-14,ABR,13718,6795,6923,2435,11132,151,ITF,ITF1,13,Abruzzo,Abruzzo,1304970,18351,1.41,1.05
3077,2021-04-08,ABR,7395,3337,4058,4935,2330,130,ITF,ITF1,13,Abruzzo,Abruzzo,1304970,25746,1.97,0.57
3078,2021-04-22,ABR,6731,3249,3482,4829,1728,174,ITF,ITF1,13,Abruzzo,Abruzzo,1304970,32477,2.49,0.52
3079,2021-03-22,ABR,4344,1908,2436,2311,1970,63,ITF,ITF1,13,Abruzzo,Abruzzo,1304970,36821,2.82,0.33
3080,2021-06-30,ABR,11140,5422,5718,4492,6483,165,ITF,ITF1,13,Abruzzo,Abruzzo,1304970,47961,3.68,0.85
3081,2021-02-10,ABR,946,311,635,492,444,10,ITF,ITF1,13,Abruzzo,Abruzzo,1304970,48907,3.75,0.07
3082,2021-01-10,ABR,1139,409,730,1135,0,4,ITF,ITF1,13,Abruzzo,Abruzzo,1304970,50046,3.84,0.09
3083,2021-04-29,ABR,12676,5851,6825,9280,3093,303,ITF,ITF1,13,Abruzzo,Abruzzo,1304970,62722,4.81,0.97
3084,2021-06-25,ABR,11059,5477,5582,4904,6012,143,ITF,ITF1,13,Abruzzo,Abruzzo,1304970,73781,5.65,0.85
3085,2021-01-15,ABR,380,150,230,366,0,14,ITF,ITF1,13,Abruzzo,Abruzzo,1304970,74161,5.68,0.03
3086,2021-04-27,ABR,9085,4368,4717,6507,2466,112,ITF,ITF1,13,Abruzzo,Abruzzo,1304970,83246,6.38,0.7
3087,2021-07-02,ABR,11841,5948,5893,4831,6828,182,ITF,ITF1,13,Abruzzo,Abruzzo,1304970,95087,7.29,0.91
3088,2021-05-04,ABR,10860,5100,5760,7055,3615,190,ITF,ITF1,13,Abruzzo,Abruzzo,1304970,105947,8.12,0.83
3089,2021-03-08,ABR,5152,1693,3459,4090,971,91,ITF,ITF1,13,Abruzzo,Abruzzo,1304970,111099,8.51,0.39
3090,2021-01-24,ABR,50,22,28,6,44,0,ITF,ITF1,13,Abruzzo,Abruzzo,1304970,111149,8.52,0.0
3091,2021-03-01,ABR,3478,1385,2093,2704,751,23,ITF,ITF1,13,Abruzzo,Abruzzo,1304970,114627,8.78,0.27
3092,2021-06-18,ABR,10180,5001,5179,6548,3487,145,ITF,ITF1,13,Abruzzo,Abruzzo,1304970,124807,9.56,0.78
3093,2021-01-22,ABR,118,57,61,118,0,0,ITF,ITF1,13,Abruzzo,Abruzzo,1304970,124925,9.57,0.01
3094,2021-01-03,ABR,471,185,286,469,0,2,ITF,ITF1,13,Abruzzo,Abruzzo,1304970,125396,9.61,0.04
3095,2020-12-27,ABR,38,19,19,38,0,0,ITF,ITF1,13,Abruzzo,Abruzzo,1304970,125434,9.61,0.0
3096,2021-03-20,ABR,4794,2199,2595,2560,2172,62,ITF,ITF1,13,Abruzzo,Abruzzo,1304970,130228,9.98,0.37
3097,2021-06-13,ABR,9841,4922,4919,7845,1831,165,ITF,ITF1,13,Abruzzo,Abruzzo,1304970,140069,10.73,0.75
3098,2021-05-30,ABR,8658,4110,4548,5326,3253,79,ITF,ITF1,13,Abruzzo,Abruzzo,1304970,148727,11.4,0.66
3099,2021-04-03,ABR,5160,2257,2903,3484,1597,79,ITF,ITF1,13,Abruzzo,Abruzzo,1304970,153887,11.79,0.4
3100,2021-07-12,ABR,15070,7454,7616,2362,12594,114,ITF,ITF1,13,Abruzzo,Abruzzo,1304970,168957,12.95,1.15
3101,2021-02-22,ABR,2643,1174,1469,2588,30,25,ITF,ITF1,13,Abruzzo,Abruzzo,1304970,171600,13.15,0.2
3102,2021-02-05,ABR,1534,521,1013,772,746,16,ITF,ITF1,13,Abruzzo,Abruzzo,1304970,173134,13.27,0.12
3103,2021-05-16,ABR,9577,4136,5441,5646,3813,118,ITF,ITF1,13,Abruzzo,Abruzzo,1304970,182711,14.0,0.73
3104,2021-06-04,ABR,15635,7391,8244,10756,4694,185,ITF,ITF1,13,Abruzzo,Abruzzo,1304970,198346,15.2,1.2
3105,2021-05-18,ABR,12110,5660,6450,7563,4380,167,ITF,ITF1,13,Abruzzo,Abruzzo,1304970,210456,16.13,0.93
3106,2021-02-24,ABR,3305,1441,1864,3112,176,17,ITF,ITF1,13,Abruzzo,Abruzzo,1304970,213761,16.38,0.25
3107,2021-02-17,ABR,2071,948,1123,1780,282,9,ITF,ITF1,13,Abruzzo,Abruzzo,1304970,215832,16.54,0.16
3108,2021-06-11,ABR,11779,5852,5927,8835,2761,183,ITF,ITF1,13,Abruzzo,Abruzzo,1304970,227611,17.44,0.9
3109,2021-05-11,ABR,10761,5118,5643,5735,4851,175,ITF,ITF1,13,Abruzzo,Abruzzo,1304970,238372,18.27,0.82
3110,2021-03-15,ABR,3683,1447,2236,1845,1807,31,ITF,ITF1,13,Abruzzo,Abruzzo,1304970,242055,18.55,0.28
3111,2021-01-17,ABR,188,59,129,180,7,1,ITF,ITF1,13,Abruzzo,Abruzzo,1304970,242243,18.56,0.01
3112,2021-06-23,ABR,11012,5282,5730,5582,5284,146,ITF,ITF1,13,Abruzzo,Abruzzo,1304970,253255,19.41,0.84
3113,2021-03-17,ABR,4539,1873,2666,2776,1740,23,ITF,ITF1,13,Abruzzo,Abruzzo,1304970,257794,19.75,0.35
3114,2021-07-21,ABR,11090,5726,5364,2431,8526,133,ITF,ITF1,13,Abruzzo,Abruzzo,1304970,268884,20.6,0.85
3115,2021-02-03,ABR,2063,717,1346,411,1644,8,ITF,ITF1,13,Abruzzo,Abruzzo,1304970,270947,20.76,0.16
3116,2021-02-28,ABR,1704,510,1194,1668,2,34,ITF,ITF1,13,Abruzzo,Abruzzo,1304970,272651,20.89,0.13
3117,2021-01-02,ABR,552,220,332,551,0,1,ITF,ITF1,13,Abruzzo,Abruzzo,1304970,273203,20.94,0.04
3118,2021-06-08,ABR,12866,6620,6246,10432,2195,239,ITF,ITF1,13,Abruzzo,Abruzzo,1304970,286069,21.92,0.99
3119,2021-04-26,ABR,8564,4068,4496,7143,1213,208,ITF,ITF1,13,Abruzzo,Abruzzo,1304970,294633,22.58,0.66
3120,2021-06-01,ABR,11004,4883,6121,6511,4373,120,ITF,ITF1,13,Abruzzo,Abruzzo,1304970,305637,23.42,0.84
3121,2021-02-02,ABR,1763,668,1095,218,1541,4,ITF,ITF1,13,Abruzzo,Abruzzo,1304970,307400,23.56,0.14
3122,2021-05-13,ABR,11147,5042,6105,6960,3959,228,ITF,ITF1,13,Abruzzo,Abruzzo,1304970,318547,24.41,0.85
3123,2021-03-31,ABR,6716,2940,3776,4556,2069,91,ITF,ITF1,13,Abruzzo,Abruzzo,1304970,325263,24.92,0.51
3124,2021-05-15,ABR,11428,5180,6248,5948,5304,176,ITF,ITF1,13,Abruzzo,Abruzzo,1304970,336691,25.8,0.88
3125,2021-02-12,ABR,1228,567,661,1026,189,13,ITF,ITF1,13,Abruzzo,Abruzzo,1304970,337919,25.89,0.09
3126,2021-07-19,ABR,11777,5985,5792,2666,8941,170,ITF,ITF1,13,Abruzzo,Abruzzo,1304970,349696,26.8,0.9
3127,2021-05-23,ABR,9881,4695,5186,7068,2692,121,ITF,ITF1,13,Abruzzo,Abruzzo,1304970,359577,27.55,0.76
3128,2021-06-06,ABR,11149,5307,5842,8778,2242,129,ITF,ITF1,13,Abruzzo,Abruzzo,1304970,370726,28.41,0.85
3129,2021-04-10,ABR,8775,4058,4717,6127,2509,139,ITF,ITF1,13,Abruzzo,Abruzzo,1304970,379501,29.08,0.67
3130,2021-03-27,ABR,6121,2620,3501,3564,2486,71,ITF,ITF1,13,Abruzzo,Abruzzo,1304970,385622,29.55,0.47
3131,2021-01-05,ABR,1615,604,1011,1610,0,5,ITF,ITF1,13,Abruzzo,Abruzzo,1304970,387237,29.67,0.12
3132,2021-04-15,ABR,7820,3679,4141,5834,1840,146,ITF,ITF1,13,Abruzzo,Abruzzo,1304970,395057,30.27,0.6
3133,2021-07-07,ABR,12013,5890,6123,4026,7749,238,ITF,ITF1,13,Abruzzo,Abruzzo,1304970,407070,31.19,0.92
3134,2021-07-09,ABR,13603,6790,6813,2894,10575,134,ITF,ITF1,13,Abruzzo,Abruzzo,1304970,420673,32.24,1.04
3135,2021-01-29,ABR,1388,449,939,73,1314,1,ITF,ITF1,13,Abruzzo,Abruzzo,1304970,422061,32.34,0.11
3136,2021-05-27,ABR,13309,6094,7215,8313,4821,175,ITF,ITF1,13,Abruzzo,Abruzzo,1304970,435370,33.36,1.02
3137,2021-03-19,ABR,5795,2584,3211,2732,3022,41,ITF,ITF1,13,Abruzzo,Abruzzo,1304970,441165,33.81,0.44
3138,2021-01-19,ABR,111,55,56,90,20,1,ITF,ITF1,13,Abruzzo,Abruzzo,1304970,441276,33.82,0.01
3139,2021-02-07,ABR,779,308,471,200,578,1,ITF,ITF1,13,Abruzzo,Abruzzo,1304970,442055,33.87,0.06
3140,2021-04-05,ABR,2692,1147,1545,1731,879,82,ITF,ITF1,13,Abruzzo,Abruzzo,1304970,444747,34.08,0.21
3141,2021-01-12,ABR,1805,667,1138,1791,0,14,ITF,ITF1,13,Abruzzo,Abruzzo,1304970,446552,34.22,0.14
3142,2021-05-25,ABR,11421,5326,6095,8085,3138,198,ITF,ITF1,13,Abruzzo,Abruzzo,1304970,457973,35.09,0.88
3143,2021-03-24,ABR,6383,2784,3599,3998,2250,135,ITF,ITF1,13,Abruzzo,Abruzzo,1304970,464356,35.58,0.49
3144,2021-02-09,ABR,909,312,597,499,409,1,ITF,ITF1,13,Abruzzo,Abruzzo,1304970,465265,35.65,0.07
3145,2021-07-04,ABR,8374,4215,4159,3333,4917,124,ITF,ITF1,13,Abruzzo,Abruzzo,1304970,473639,36.3,0.64
3146,2021-04-19,ABR,6230,2860,3370,3787,2372,71,ITF,ITF1,13,Abruzzo,Abruzzo,1304970,479869,36.77,0.48
3147,2021-02-21,ABR,1218,550,668,1193,1,24,ITF,ITF1,13,Abruzzo,Abruzzo,1304970,481087,36.87,0.09
3148,2021-06-15,ABR,11316,5562,5754,8681,2427,208,ITF,ITF1,13,Abruzzo,Abruzzo,1304970,492403,37.73,0.87
3149,2021-04-12,ABR,6239,2958,3281,4986,1174,79,ITF,ITF1,13,Abruzzo,Abruzzo,1304970,498642,38.21,0.48
3150,2021-07-11,ABR,9885,4971,4914,2370,7385,130,ITF,ITF1,13,Abruzzo,Abruzzo,1304970,508527,38.97,0.76
3151,2021-03-10,ABR,5048,1682,3366,4027,957,64,ITF,ITF1,13,Abruzzo,Abruzzo,1304970,513575,39.36,0.39
3152,2021-01-26,ABR,1543,568,975,29,1514,0,ITF,ITF1,13,Abruzzo,Abruzzo,1304970,515118,39.47,0.12
3153,2021-05-06,ABR,12975,6074,6901,7794,5028,153,ITF,ITF1,13,Abruzzo,Abruzzo,1304970,528093,40.47,0.99
3154,2021-06-22,ABR,10411,4878,5533,5385,4848,178,ITF,ITF1,13,Abruzzo,Abruzzo,1304970,538504,41.27,0.8
3155,2021-03-29,ABR,5707,2598,3109,3019,2639,49,ITF,ITF1,13,Abruzzo,Abruzzo,1304970,544211,41.7,0.44
3156,2021-07-23,ABR,4558,2272,2286,890,3608,60,ITF,ITF1,13,Abruzzo,Abruzzo,1304970,548769,42.05,0.35
3157,2021-01-21,ABR,157,47,110,157,0,0,ITF,ITF1,13,Abruzzo,Abruzzo,1304970,548926,42.06,0.01
3158,2021-05-01,ABR,10736,5042,5694,5629,4975,132,ITF,ITF1,13,Abruzzo,Abruzzo,1304970,559662,42.89,0.82
3159,2021-05-20,ABR,12802,5927,6875,7414,5262,126,ITF,ITF1,13,Abruzzo,Abruzzo,1304970,572464,43.87,0.98
3160,2021-01-31,ABR,1521,494,1027,288,1232,1,ITF,ITF1,13,Abruzzo,Abruzzo,1304970,573985,43.98,0.12
3161,2021-05-10,ABR,10107,4782,5325,5373,4648,86,ITF,ITF1,13,Abruzzo,Abruzzo,1304970,584092,44.76,0.77
3162,2021-04-23,ABR,7392,3394,3998,4924,2305,163,ITF,ITF1,13,Abruzzo,Abruzzo,1304970,591484,45.33,0.57
3163,2021-01-30,ABR,1511,568,943,68,1442,1,ITF,ITF1,13,Abruzzo,Abruzzo,1304970,592995,45.44,0.12
3164,2021-03-05,ABR,5349,1958,3391,4592,697,60,ITF,ITF1,13,Abruzzo,Abruzzo,1304970,598344,45.85,0.41
3165,2021-06-27,ABR,8373,4303,4070,5015,3217,141,ITF,ITF1,13,Abruzzo,Abruzzo,1304970,606717,46.49,0.64
3166,2021-04-07,ABR,7222,3333,3889,4314,2784,124,ITF,ITF1,13,Abruzzo,Abruzzo,1304970,613939,47.05,0.55
3167,2021-07-16,ABR,16147,8236,7911,2473,13558,116,ITF,ITF1,13,Abruzzo,Abruzzo,1304970,630086,48.28,1.24
3168,2021-05-08,ABR,10292,4870,5422,6339,3832,121,ITF,ITF1,13,Abruzzo,Abruzzo,1304970,640378,49.07,0.79
3169,2021-01-16,ABR,936,430,506,928,0,8,ITF,ITF1,13,Abruzzo,Abruzzo,1304970,641314,49.14,0.07
3170,2021-03-07,ABR,2522,630,1892,2483,0,39,ITF,ITF1,13,Abruzzo,Abruzzo,1304970,643836,49.34,0.19
3171,2021-01-09,ABR,1484,566,918,1472,0,12,ITF,ITF1,13,Abruzzo,Abruzzo,1304970,645320,49.45,0.11
3172,2021-04-09,ABR,8989,4258,4731,6248,2602,139,ITF,ITF1,13,Abruzzo,Abruzzo,1304970,654309,50.14,0.69
3173,2021-07-18,ABR,12204,6310,5894,2006,10079,119,ITF,ITF1,13,Abruzzo,Abruzzo,1304970,666513,51.07,0.94
3174,2021-04-02,ABR,6693,3103,3590,5116,1487,90,ITF,ITF1,13,Abruzzo,Abruzzo,1304970,673206,51.59,0.51
3175,2021-02-04,ABR,1683,617,1066,599,1072,12,ITF,ITF1,13,Abruzzo,Abruzzo,1304970,674889,51.72,0.13
3176,2021-07-20,ABR,12589,6390,6199,3226,9177,186,ITF,ITF1,13,Abruzzo,Abruzzo,1304970,687478,52.68,0.96
3177,2021-02-11,ABR,816,262,554,771,43,2,ITF,ITF1,13,Abruzzo,Abruzzo,1304970,688294,52.74,0.06
3178,2021-05-24,ABR,12222,5838,6384,8724,3339,159,ITF,ITF1,13,Abruzzo,Abruzzo,1304970,700516,53.68,0.94
3179,2021-06-19,ABR,10555,5200,5355,6487,3897,171,ITF,ITF1,13,Abruzzo,Abruzzo,1304970,711071,54.49,0.81
3180,2021-03-28,ABR,2421,1018,1403,1994,377,50,ITF,ITF1,13,Abruzzo,Abruzzo,1304970,713492,54.67,0.19
3181,2021-07-06,ABR,9905,4940,4965,4095,5645,165,ITF,ITF1,13,Abruzzo,Abruzzo,1304970,723397,55.43,0.76
3182,2021-04-14,ABR,6593,2949,3644,4341,2120,132,ITF,ITF1,13,Abruzzo,Abruzzo,1304970,729990,55.94,0.51
3183,2021-01-04,ABR,1403,576,827,1397,0,6,ITF,ITF1,13,Abruzzo,Abruzzo,1304970,731393,56.05,0.11
3184,2021-05-07,ABR,12197,5710,6487,7664,4413,120,ITF,ITF1,13,Abruzzo,Abruzzo,1304970,743590,56.98,0.93
3185,2021-06-03,ABR,13186,6278,6908,9239,3776,171,ITF,ITF1,13,Abruzzo,Abruzzo,1304970,756776,57.99,1.01
3186,2021-03-12,ABR,6016,1987,4029,4356,1583,77,ITF,ITF1,13,Abruzzo,Abruzzo,1304970,762792,58.45,0.46
3187,2021-06-20,ABR,8444,4238,4206,5411,2930,103,ITF,ITF1,13,Abruzzo,Abruzzo,1304970,771236,59.1,0.65
3188,2021-03-14,ABR,1884,731,1153,1201,667,16,ITF,ITF1,13,Abruzzo,Abruzzo,1304970,773120,59.24,0.14
3189,2021-02-25,ABR,3053,1341,1712,2506,529,18,ITF,ITF1,13,Abruzzo,Abruzzo,1304970,776173,59.48,0.23
3190,2021-06-05,ABR,14613,6862,7751,10369,4045,199,ITF,ITF1,13,Abruzzo,Abruzzo,1304970,790786,60.6,1.12
3191,2021-04-24,ABR,8729,3975,4754,6944,1531,254,ITF,ITF1,13,Abruzzo,Abruzzo,1304970,799515,61.27,0.67
3192,2021-01-14,ABR,530,189,341,528,0,2,ITF,ITF1,13,Abruzzo,Abruzzo,1304970,800045,61.31,0.04
3193,2021-02-16,ABR,1916,841,1075,1891,12,13,ITF,ITF1,13,Abruzzo,Abruzzo,1304970,801961,61.45,0.15
3194,2021-03-02,ABR,3967,1676,2291,3261,686,20,ITF,ITF1,13,Abruzzo,Abruzzo,1304970,805928,61.76,0.3
3195,2021-06-10,ABR,12704,6318,6386,10306,2161,237,ITF,ITF1,13,Abruzzo,Abruzzo,1304970,818632,62.73,0.97
3196,2021-02-18,ABR,2288,933,1355,2140,130,18,ITF,ITF1,13,Abruzzo,Abruzzo,1304970,820920,62.91,0.18
3197,2021-05-29,ABR,10318,4430,5888,4458,5771,89,ITF,ITF1,13,Abruzzo,Abruzzo,1304970,831238,63.7,0.79
3198,2021-05-22,ABR,13154,6391,6763,8131,4911,112,ITF,ITF1,13,Abruzzo,Abruzzo,1304970,844392,64.71,1.01
3199,2021-03-26,ABR,5355,2312,3043,3178,2075,102,ITF,ITF1,13,Abruzzo,Abruzzo,1304970,849747,65.12,0.41
3200,2021-05-31,ABR,11335,5113,6222,6763,4444,128,ITF,ITF1,13,Abruzzo,Abruzzo,1304970,861082,65.98,0.87
3201,2021-04-20,ABR,5636,2713,2923,4109,1455,72,ITF,ITF1,13,Abruzzo,Abruzzo,1304970,866718,66.42,0.43
3202,2021-04-04,ABR,1632,768,864,1460,129,43,ITF,ITF1,13,Abruzzo,Abruzzo,1304970,868350,66.54,0.13
3203,2021-07-13,ABR,15518,7748,7770,2826,12514,178,ITF,ITF1,13,Abruzzo,Abruzzo,1304970,883868,67.73,1.19
3204,2021-06-16,ABR,10883,5448,5435,7994,2676,213,ITF,ITF1,13,Abruzzo,Abruzzo,1304970,894751,68.56,0.83
3205,2021-01-23,ABR,264,115,149,51,207,6,ITF,ITF1,13,Abruzzo,Abruzzo,1304970,895015,68.59,0.02
3206,2021-05-03,ABR,11147,5257,5890,7134,3834,179,ITF,ITF1,13,Abruzzo,Abruzzo,1304970,906162,69.44,0.85
3207,2021-07-08,ABR,13494,6680,6814,3419,9912,163,ITF,ITF1,13,Abruzzo,Abruzzo,1304970,919656,70.47,1.03
3208,2021-04-16,ABR,7537,3488,4049,5498,1916,123,ITF,ITF1,13,Abruzzo,Abruzzo,1304970,927193,71.05,0.58
3209,2021-03-11,ABR,5494,2219,3275,4272,1138,84,ITF,ITF1,13,Abruzzo,Abruzzo,1304970,932687,71.47,0.42
3210,2021-06-29,ABR,11414,5636,5778,5248,5980,186,ITF,ITF1,13,Abruzzo,Abruzzo,1304970,944101,72.35,0.87
3211,2021-03-21,ABR,2133,913,1220,839,1290,4,ITF,ITF1,13,Abruzzo,Abruzzo,1304970,946234,72.51,0.16
3212,2021-06-12,ABR,11407,5908,5499,9890,1338,179,ITF,ITF1,13,Abruzzo,Abruzzo,1304970,957641,73.38,0.87
3213,2021-01-28,ABR,1433,495,938,12,1421,0,ITF,ITF1,13,Abruzzo,Abruzzo,1304970,959074,73.49,0.11
3214,2021-01-11,ABR,1553,557,996,1549,0,4,ITF,ITF1,13,Abruzzo,Abruzzo,1304970,960627,73.61,0.12
3215,2021-04-21,ABR,6389,3102,3287,4640,1672,77,ITF,ITF1,13,Abruzzo,Abruzzo,1304970,967016,74.1,0.49
3216,2021-07-15,ABR,15942,8086,7856,3133,12634,175,ITF,ITF1,13,Abruzzo,Abruzzo,1304970,982958,75.32,1.22
3217,2021-06-28,ABR,10059,4840,5219,5311,4580,168,ITF,ITF1,13,Abruzzo,Abruzzo,1304970,993017,76.1,0.77
3218,2021-05-17,ABR,11032,5036,5996,6022,4852,158,ITF,ITF1,13,Abruzzo,Abruzzo,1304970,1004049,76.94,0.85
3219,2021-02-23,ABR,2780,1273,1507,2754,11,15,ITF,ITF1,13,Abruzzo,Abruzzo,1304970,1006829,77.15,0.21
3220,2021-02-06,ABR,1610,743,867,595,1008,7,ITF,ITF1,13,Abruzzo,Abruzzo,1304970,1008439,77.28,0.12
3221,2021-04-25,ABR,9066,4622,4444,8058,809,199,ITF,ITF1,13,Abruzzo,Abruzzo,1304970,1017505,77.97,0.69
3222,2021-01-08,ABR,1527,507,1020,1518,0,9,ITF,ITF1,13,Abruzzo,Abruzzo,1304970,1019032,78.09,0.12
3223,2021-04-18,ABR,5813,2727,3086,4725,943,145,ITF,ITF1,13,Abruzzo,Abruzzo,1304970,1024845,78.53,0.45
3224,2021-03-25,ABR,5793,2662,3131,3065,2617,111,ITF,ITF1,13,Abruzzo,Abruzzo,1304970,1030638,78.98,0.44
3225,2021-01-27,ABR,1365,515,850,38,1327,0,ITF,ITF1,13,Abruzzo,Abruzzo,1304970,1032003,79.08,0.1
3226,2021-07-03,ABR,10206,5151,5055,3500,6558,148,ITF,ITF1,13,Abruzzo,Abruzzo,1304970,1042209,79.86,0.78
3227,2021-05-21,ABR,13017,6328,6689,7863,4980,174,ITF,ITF1,13,Abruzzo,Abruzzo,1304970,1055226,80.86,1.0
3228,2021-03-18,ABR,3896,1651,2245,2039,1831,26,ITF,ITF1,13,Abruzzo,Abruzzo,1304970,1059122,81.16,0.3
3229,2021-06-26,ABR,10037,5013,5024,5682,4197,158,ITF,ITF1,13,Abruzzo,Abruzzo,1304970,1069159,81.93,0.77
3230,2021-02-27,ABR,2813,1339,1474,2513,267,33,ITF,ITF1,13,Abruzzo,Abruzzo,1304970,1071972,82.15,0.22
3231,2021-06-07,ABR,11098,5289,5809,9071,1842,185,ITF,ITF1,13,Abruzzo,Abruzzo,1304970,1083070,83.0,0.85
3232,2021-04-11,ABR,5380,2628,2752,4842,487,51,ITF,ITF1,13,Abruzzo,Abruzzo,1304970,1088450,83.41,0.41
3233,2021-06-09,ABR,11570,6092,5478,9705,1684,181,ITF,ITF1,13,Abruzzo,Abruzzo,1304970,1100020,84.29,0.89
3234,2021-04-06,ABR,7679,3578,4101,5234,2318,127,ITF,ITF1,13,Abruzzo,Abruzzo,1304970,1107699,84.88,0.59
3235,2021-05-09,ABR,9156,4090,5066,4175,4870,111,ITF,ITF1,13,Abruzzo,Abruzzo,1304970,1116855,85.58,0.7
3236,2021-02-15,ABR,1795,832,963,1736,42,17,ITF,ITF1,13,Abruzzo,Abruzzo,1304970,1118650,85.72,0.14
3237,2021-06-02,ABR,9763,4744,5019,6836,2810,117,ITF,ITF1,13,Abruzzo,Abruzzo,1304970,1128413,86.47,0.75
3238,2021-03-13,ABR,4125,1421,2704,3015,1043,67,ITF,ITF1,13,Abruzzo,Abruzzo,1304970,1132538,86.79,0.32
3239,2021-06-21,ABR,11053,5388,5665,4936,5989,128,ITF,ITF1,13,Abruzzo,Abruzzo,1304970,1143591,87.63,0.85
3240,2021-03-30,ABR,5128,2261,2867,3148,1822,158,ITF,ITF1,13,Abruzzo,Abruzzo,1304970,1148719,88.03,0.39
3241,2021-01-13,ABR,1260,441,819,1252,0,8,ITF,ITF1,13,Abruzzo,Abruzzo,1304970,1149979,88.12,0.1
3242,2021-02-13,ABR,857,387,470,434,419,4,ITF,ITF1,13,Abruzzo,Abruzzo,1304970,1150836,88.19,0.07
3243,2021-07-17,ABR,14097,7387,6710,2663,11258,176,ITF,ITF1,13,Abruzzo,Abruzzo,1304970,1164933,89.27,1.08
3244,2021-03-04,ABR,5936,2360,3576,4974,922,40,ITF,ITF1,13,Abruzzo,Abruzzo,1304970,1170869,89.72,0.45
3245,2021-07-10,ABR,13129,6634,6495,3017,9949,163,ITF,ITF1,13,Abruzzo,Abruzzo,1304970,1183998,90.73,1.01
3246,2021-05-14,ABR,10594,5070,5524,5285,5148,161,ITF,ITF1,13,Abruzzo,Abruzzo,1304970,1194592,91.54,0.81
3247,2021-04-01,ABR,5592,2505,3087,3431,2087,74,ITF,ITF1,13,Abruzzo,Abruzzo,1304970,1200184,91.97,0.43
3248,2021-02-08,ABR,1196,395,801,487,709,0,ITF,ITF1,13,Abruzzo,Abruzzo,1304970,1201380,92.06,0.09
3249,2021-05-19,ABR,10729,5125,5604,7569,3037,123,ITF,ITF1,13,Abruzzo,Abruzzo,1304970,1212109,92.88,0.82
3250,2021-04-30,ABR,12502,5867,6635,6515,5722,265,ITF,ITF1,13,Abruzzo,Abruzzo,1304970,1224611,93.84,0.96
3251,2021-04-13,ABR,5893,2754,3139,4561,1237,95,ITF,ITF1,13,Abruzzo,Abruzzo,1304970,1230504,94.29,0.45
3252,2021-01-20,ABR,447,156,291,425,2,20,ITF,ITF1,13,Abruzzo,Abruzzo,1304970,1230951,94.33,0.03
3253,2021-07-05,ABR,10889,5345,5544,4047,6655,187,ITF,ITF1,13,Abruzzo,Abruzzo,1304970,1241840,95.16,0.83
3254,2021-07-22,ABR,14483,7412,7071,3516,10759,208,ITF,ITF1,13,Abruzzo,Abruzzo,1304970,1256323,96.27,1.11
3255,2021-02-20,ABR,4777,1843,2934,4659,76,42,ITF,ITF1,13,Abruzzo,Abruzzo,1304970,1261100,96.64,0.37
3256,2021-03-06,ABR,4179,1359,2820,3569,570,40,ITF,ITF1,13,Abruzzo,Abruzzo,1304970,1265279,96.96,0.32
3257,2021-01-06,ABR,1833,664,1169,1823,0,10,ITF,ITF1,13,Abruzzo,Abruzzo,1304970,1267112,97.1,0.14
3258,2021-05-02,ABR,10460,5112,5348,5090,5228,142,ITF,ITF1,13,Abruzzo,Abruzzo,1304970,1277572,97.9,0.8
3259,2021-05-28,ABR,14014,6307,7707,7489,6356,169,ITF,ITF1,13,Abruzzo,Abruzzo,1304970,1291586,98.97,1.07
3260,2021-05-26,ABR,13545,6042,7503,8392,4992,161,ITF,ITF1,13,Abruzzo,Abruzzo,1304970,1305131,100.01,1.04
3261,2021-06-14,ABR,10981,5434,5547,7431,3377,173,ITF,ITF1,13,Abruzzo,Abruzzo,1304970,1316112,100.85,0.84
3262,2021-04-17,ABR,7356,3401,3955,4215,3051,90,ITF,ITF1,13,Abruzzo,Abruzzo,1304970,1323468,101.42,0.56
3263,2021-02-19,ABR,3300,1551,1749,3161,100,39,ITF,ITF1,13,Abruzzo,Abruzzo,1304970,1326768,101.67,0.25
3264,2021-01-07,ABR,1605,553,1052,1598,0,7,ITF,ITF1,13,Abruzzo,Abruzzo,1304970,1328373,101.79,0.12
3265,2021-02-26,ABR,3925,1680,2245,2930,969,26,ITF,ITF1,13,Abruzzo,Abruzzo,1304970,1332298,102.09,0.3
3266,2021-01-18,ABR,128,52,76,46,82,0,ITF,ITF1,13,Abruzzo,Abruzzo,1304970,1332426,102.1,0.01
3267,2021-06-24,ABR,10864,5411,5453,5727,4970,167,ITF,ITF1,13,Abruzzo,Abruzzo,1304970,1343290,102.94,0.83
3268,2021-04-28,ABR,9510,4586,4924,7315,2022,173,ITF,ITF1,13,Abruzzo,Abruzzo,1304970,1352800,103.67,0.73
3269,2021-05-12,ABR,9630,4601,5029,5875,3581,174,ITF,ITF1,13,Abruzzo,Abruzzo,1304970,1362430,104.4,0.74
3270,2021-03-16,ABR,3484,1452,2032,1802,1654,28,ITF,ITF1,13,Abruzzo,Abruzzo,1304970,1365914,104.67,0.27
3271,2021-05-05,ABR,11631,5570,6061,6269,5203,159,ITF,ITF1,13,Abruzzo,Abruzzo,1304970,1377545,105.56,0.89
3272,2021-03-09,ABR,5177,1804,3373,4156,938,83,ITF,ITF1,13,Abruzzo,Abruzzo,1304970,1382722,105.96,0.4
3273,2021-07-01,ABR,12761,6283,6478,5770,6767,224,ITF,ITF1,13,Abruzzo,Abruzzo,1304970,1395483,106.94,0.98
3274,2021-06-17,ABR,10917,5459,5458,7304,3454,159,ITF,ITF1,13,Abruzzo,Abruzzo,1304970,1406400,107.77,0.84
3275,2021-02-01,ABR,1631,573,1058,270,1360,1,ITF,ITF1,13,Abruzzo,Abruzzo,1304970,1408031,107.9,0.12
3276,2021-03-23,ABR,4833,2189,2644,2213,2567,53,ITF,ITF1,13,Abruzzo,Abruzzo,1304970,1412864,108.27,0.37
3277,2021-01-25,ABR,1605,633,972,15,1588,2,ITF,ITF1,13,Abruzzo,Abruzzo,1304970,1414469,108.39,0.12
3278,2021-05-24,CAM,31358,15151,16207,15863,15150,345,ITF,ITF3,15,Campania,Campania,5801692,31358,0.54,0.54
3279,2021-02-13,CAM,5508,2550,2958,5109,217,182,ITF,ITF3,15,Campania,Campania,5801692,36866,0.64,0.09
3280,2021-04-23,CAM,32330,15524,16806,22486,9154,690,ITF,ITF3,15,Campania,Campania,5801692,69196,1.19,0.56
3281,2021-01-30,CAM,10724,5081,5643,36,10686,2,ITF,ITF3,15,Campania,Campania,5801692,79920,1.38,0.18
3282,2021-07-03,CAM,67283,32495,34788,8203,58703,377,ITF,ITF3,15,Campania,Campania,5801692,147203,2.54,1.16
3283,2021-01-16,CAM,3371,1677,1694,3262,0,109,ITF,ITF3,15,Campania,Campania,5801692,150574,2.6,0.06
3284,2021-06-07,CAM,57582,27719,29863,52871,4033,678,ITF,ITF3,15,Campania,Campania,5801692,208156,3.59,0.99
3285,2021-02-25,CAM,12426,4479,7947,10968,1188,270,ITF,ITF3,15,Campania,Campania,5801692,220582,3.8,0.21
3286,2021-04-09,CAM,30048,14153,15895,23315,6134,599,ITF,ITF3,15,Campania,Campania,5801692,250630,4.32,0.52
3287,2021-06-05,CAM,77624,37580,40044,70891,6022,711,ITF,ITF3,15,Campania,Campania,5801692,328254,5.66,1.34
3288,2021-06-14,CAM,37116,17918,19198,18787,18013,316,ITF,ITF3,15,Campania,Campania,5801692,365370,6.3,0.64
3289,2021-02-11,CAM,6280,2704,3576,5929,66,285,ITF,ITF3,15,Campania,Campania,5801692,371650,6.41,0.11
3290,2021-03-28,CAM,15563,7509,8054,13608,1625,330,ITF,ITF3,15,Campania,Campania,5801692,387213,6.67,0.27
3291,2021-01-04,CAM,5826,2963,2863,5727,0,99,ITF,ITF3,15,Campania,Campania,5801692,393039,6.77,0.1
3292,2021-06-19,CAM,62374,29701,32673,24257,37741,376,ITF,ITF3,15,Campania,Campania,5801692,455413,7.85,1.08
3293,2021-03-09,CAM,14128,6870,7258,9959,3785,384,ITF,ITF3,15,Campania,Campania,5801692,469541,8.09,0.24
3294,2021-03-02,CAM,12761,4558,8203,8215,4345,201,ITF,ITF3,15,Campania,Campania,5801692,482302,8.31,0.22
3295,2021-07-15,CAM,66665,32026,34639,9369,57028,268,ITF,ITF3,15,Campania,Campania,5801692,548967,9.46,1.15
3296,2021-01-11,CAM,4070,1871,2199,3961,0,109,ITF,ITF3,15,Campania,Campania,5801692,553037,9.53,0.07
3297,2021-06-24,CAM,66052,31817,34235,13475,52245,332,ITF,ITF3,15,Campania,Campania,5801692,619089,10.67,1.14
3298,2021-03-16,CAM,8086,3519,4567,3700,4314,72,ITF,ITF3,15,Campania,Campania,5801692,627175,10.81,0.14
3299,2021-01-25,CAM,5746,2927,2819,163,5583,0,ITF,ITF3,15,Campania,Campania,5801692,632921,10.91,0.1
3300,2021-07-01,CAM,61503,29844,31659,19852,41002,649,ITF,ITF3,15,Campania,Campania,5801692,694424,11.97,1.06
3301,2021-03-23,CAM,15743,7446,8297,12923,2513,307,ITF,ITF3,15,Campania,Campania,5801692,710167,12.24,0.27
3302,2021-05-19,CAM,51154,22602,28552,33822,16611,721,ITF,ITF3,15,Campania,Campania,5801692,761321,13.12,0.88
3303,2021-04-11,CAM,17524,8606,8918,15067,2083,374,ITF,ITF3,15,Campania,Campania,5801692,778845,13.42,0.3
3304,2021-04-28,CAM,36438,17642,18796,25919,9757,762,ITF,ITF3,15,Campania,Campania,5801692,815283,14.05,0.63
3305,2021-01-18,CAM,959,399,560,683,244,32,ITF,ITF3,15,Campania,Campania,5801692,816242,14.07,0.02
3306,2021-07-20,CAM,40083,19784,20299,6353,33316,414,ITF,ITF3,15,Campania,Campania,5801692,856325,14.76,0.69
3307,2021-06-26,CAM,62937,30691,32246,14671,47852,414,ITF,ITF3,15,Campania,Campania,5801692,919262,15.84,1.08
3308,2021-07-13,CAM,53682,25791,27891,4938,48495,249,ITF,ITF3,15,Campania,Campania,5801692,972944,16.77,0.93
3309,2021-04-04,CAM,7966,4017,3949,6701,1047,218,ITF,ITF3,15,Campania,Campania,5801692,980910,16.91,0.14
3310,2021-06-12,CAM,63997,31549,32448,55943,7217,837,ITF,ITF3,15,Campania,Campania,5801692,1044907,18.01,1.1
3311,2021-03-04,CAM,14709,5396,9313,8556,5894,259,ITF,ITF3,15,Campania,Campania,5801692,1059616,18.26,0.25
3312,2021-02-27,CAM,13947,4472,9475,12006,1642,299,ITF,ITF3,15,Campania,Campania,5801692,1073563,18.5,0.24
3313,2021-06-16,CAM,31606,14984,16622,20551,10760,295,ITF,ITF3,15,Campania,Campania,5801692,1105169,19.05,0.54
3314,2021-01-23,CAM,3842,2031,1811,267,3569,6,ITF,ITF3,15,Campania,Campania,5801692,1109011,19.12,0.07
3315,2021-03-21,CAM,10071,4674,5397,7507,2390,174,ITF,ITF3,15,Campania,Campania,5801692,1119082,19.29,0.17
3316,2021-02-10,CAM,6905,3413,3492,6483,177,245,ITF,ITF3,15,Campania,Campania,5801692,1125987,19.41,0.12
3317,2021-07-17,CAM,55236,27547,27689,3527,51519,190,ITF,ITF3,15,Campania,Campania,5801692,1181223,20.36,0.95
3318,2021-04-08,CAM,28393,13751,14642,21992,5845,556,ITF,ITF3,15,Campania,Campania,5801692,1209616,20.85,0.49
3319,2021-06-04,CAM,74497,35809,38688,64788,9064,645,ITF,ITF3,15,Campania,Campania,5801692,1284113,22.13,1.28
3320,2021-05-21,CAM,63711,29606,34105,42177,20529,1005,ITF,ITF3,15,Campania,Campania,5801692,1347824,23.23,1.1
3321,2021-04-16,CAM,34330,16560,17770,23026,10665,639,ITF,ITF3,15,Campania,Campania,5801692,1382154,23.82,0.59
3322,2021-01-06,CAM,7649,3749,3900,7505,0,144,ITF,ITF3,15,Campania,Campania,5801692,1389803,23.96,0.13
3323,2021-02-18,CAM,9080,3813,5267,8151,707,222,ITF,ITF3,15,Campania,Campania,5801692,1398883,24.11,0.16
3324,2021-04-25,CAM,30743,15177,15566,24599,5405,739,ITF,ITF3,15,Campania,Campania,5801692,1429626,24.64,0.53
3325,2021-01-13,CAM,8020,3666,4354,7780,0,240,ITF,ITF3,15,Campania,Campania,5801692,1437646,24.78,0.14
3326,2021-05-05,CAM,51169,24855,26314,43281,6386,1502,ITF,ITF3,15,Campania,Campania,5801692,1488815,25.66,0.88
3327,2021-05-12,CAM,40895,19950,20945,30593,9162,1140,ITF,ITF3,15,Campania,Campania,5801692,1529710,26.37,0.7
3328,2021-07-08,CAM,61093,29402,31691,5662,55127,304,ITF,ITF3,15,Campania,Campania,5801692,1590803,27.42,1.05
3329,2021-05-31,CAM,40729,20665,20064,29850,10313,566,ITF,ITF3,15,Campania,Campania,5801692,1631532,28.12,0.7
3330,2021-05-26,CAM,52677,25838,26839,21111,31102,464,ITF,ITF3,15,Campania,Campania,5801692,1684209,29.03,0.91
3331,2021-04-06,CAM,24511,11562,12949,19507,4523,481,ITF,ITF3,15,Campania,Campania,5801692,1708720,29.45,0.42
3332,2021-07-12,CAM,56676,27363,29313,3769,52589,318,ITF,ITF3,15,Campania,Campania,5801692,1765396,30.43,0.98
3333,2020-12-27,CAM,720,422,298,716,0,4,ITF,ITF3,15,Campania,Campania,5801692,1766116,30.44,0.01
3334,2021-05-17,CAM,49367,21703,27664,23654,25261,452,ITF,ITF3,15,Campania,Campania,5801692,1815483,31.29,0.85
3335,2021-02-06,CAM,5341,2666,2675,2006,3239,96,ITF,ITF3,15,Campania,Campania,5801692,1820824,31.38,0.09
3336,2021-07-22,CAM,61697,30459,31238,6544,54660,493,ITF,ITF3,15,Campania,Campania,5801692,1882521,32.45,1.06
3337,2021-04-30,CAM,42332,20197,22135,25040,16502,790,ITF,ITF3,15,Campania,Campania,5801692,1924853,33.18,0.73
3338,2021-02-04,CAM,7943,3429,4514,1249,6635,59,ITF,ITF3,15,Campania,Campania,5801692,1932796,33.31,0.14
3339,2021-01-01,CAM,919,506,413,900,0,19,ITF,ITF3,15,Campania,Campania,5801692,1933715,33.33,0.02
3340,2021-03-25,CAM,20321,9654,10667,16389,3505,427,ITF,ITF3,15,Campania,Campania,5801692,1954036,33.68,0.35
3341,2021-05-07,CAM,59772,29207,30565,42778,15952,1042,ITF,ITF3,15,Campania,Campania,5801692,2013808,34.71,1.03
3342,2021-01-27,CAM,7738,3820,3918,157,7576,5,ITF,ITF3,15,Campania,Campania,5801692,2021546,34.84,0.13
3343,2021-03-18,CAM,12177,5381,6796,5797,6189,191,ITF,ITF3,15,Campania,Campania,5801692,2033723,35.05,0.21
3344,2021-05-02,CAM,43496,21541,21955,31286,11360,850,ITF,ITF3,15,Campania,Campania,5801692,2077219,35.8,0.75
3345,2021-01-22,CAM,1525,776,749,659,852,14,ITF,ITF3,15,Campania,Campania,5801692,2078744,35.83,0.03
3346,2021-03-06,CAM,16371,6815,9556,10411,5669,291,ITF,ITF3,15,Campania,Campania,5801692,2095115,36.11,0.28
3347,2021-04-01,CAM,24679,12009,12670,20081,4133,465,ITF,ITF3,15,Campania,Campania,5801692,2119794,36.54,0.43
3348,2021-05-28,CAM,73052,35312,37740,26284,46154,614,ITF,ITF3,15,Campania,Campania,5801692,2192846,37.8,1.26
3349,2021-05-14,CAM,61044,27586,33458,34849,24714,1481,ITF,ITF3,15,Campania,Campania,5801692,2253890,38.85,1.05
3350,2021-07-10,CAM,66885,32659,34226,2752,63936,197,ITF,ITF3,15,Campania,Campania,5801692,2320775,40.0,1.15
3351,2021-04-18,CAM,27221,13286,13935,17822,8901,498,ITF,ITF3,15,Campania,Campania,5801692,2347996,40.47,0.47
3352,2021-01-08,CAM,10453,4967,5486,10194,0,259,ITF,ITF3,15,Campania,Campania,5801692,2358449,40.65,0.18
3353,2021-04-27,CAM,32161,15626,16535,23498,7923,740,ITF,ITF3,15,Campania,Campania,5801692,2390610,41.21,0.55
3354,2021-06-23,CAM,46740,22083,24657,10752,35782,206,ITF,ITF3,15,Campania,Campania,5801692,2437350,42.01,0.81
3355,2021-01-15,CAM,4979,2381,2598,4823,0,156,ITF,ITF3,15,Campania,Campania,5801692,2442329,42.1,0.09
3356,2021-06-21,CAM,46864,22633,24231,11346,35233,285,ITF,ITF3,15,Campania,Campania,5801692,2489193,42.9,0.81
3357,2021-06-02,CAM,42852,20153,22699,37743,4676,433,ITF,ITF3,15,Campania,Campania,5801692,2532045,43.64,0.74
3358,2021-02-22,CAM,10682,3295,7387,10194,263,225,ITF,ITF3,15,Campania,Campania,5801692,2542727,43.83,0.18
3359,2021-03-11,CAM,18001,9058,8943,10330,7279,392,ITF,ITF3,15,Campania,Campania,5801692,2560728,44.14,0.31
3360,2021-05-16,CAM,51148,23227,27921,32867,17575,706,ITF,ITF3,15,Campania,Campania,5801692,2611876,45.02,0.88
3361,2021-02-20,CAM,8573,3080,5493,8109,303,161,ITF,ITF3,15,Campania,Campania,5801692,2620449,45.17,0.15
3362,2021-02-03,CAM,8903,4003,4900,842,8025,36,ITF,ITF3,15,Campania,Campania,5801692,2629352,45.32,0.15
3363,2021-01-20,CAM,1257,650,607,1226,0,31,ITF,ITF3,15,Campania,Campania,5801692,2630609,45.34,0.02
3364,2021-04-13,CAM,26609,12686,13923,20577,5534,498,ITF,ITF3,15,Campania,Campania,5801692,2657218,45.8,0.46
3365,2021-01-03,CAM,3836,2009,1827,3787,0,49,ITF,ITF3,15,Campania,Campania,5801692,2661054,45.87,0.07
3366,2021-07-14,CAM,51089,24569,26520,4331,46479,279,ITF,ITF3,15,Campania,Campania,5801692,2712143,46.75,0.88
3367,2021-04-05,CAM,11639,5542,6097,8940,2424,275,ITF,ITF3,15,Campania,Campania,5801692,2723782,46.95,0.2
3368,2021-03-17,CAM,11589,5100,6489,4859,6581,149,ITF,ITF3,15,Campania,Campania,5801692,2735371,47.15,0.2
3369,2021-06-11,CAM,70802,34397,36405,63916,6035,851,ITF,ITF3,15,Campania,Campania,5801692,2806173,48.37,1.22
3370,2021-03-03,CAM,13924,5496,8428,7099,6630,195,ITF,ITF3,15,Campania,Campania,5801692,2820097,48.61,0.24
3371,2021-04-20,CAM,32039,15500,16539,20161,11312,566,ITF,ITF3,15,Campania,Campania,5801692,2852136,49.16,0.55
3372,2021-06-28,CAM,46518,22739,23779,20587,25407,524,ITF,ITF3,15,Campania,Campania,5801692,2898654,49.96,0.8
3373,2021-03-20,CAM,13989,6529,7460,10013,3739,237,ITF,ITF3,15,Campania,Campania,5801692,2912643,50.2,0.24
3374,2021-02-15,CAM,5472,2516,2956,5159,175,138,ITF,ITF3,15,Campania,Campania,5801692,2918115,50.3,0.09
3375,2021-06-09,CAM,53060,26053,27007,41706,10904,450,ITF,ITF3,15,Campania,Campania,5801692,2971175,51.21,0.91
3376,2021-02-24,CAM,11784,4149,7635,10848,688,248,ITF,ITF3,15,Campania,Campania,5801692,2982959,51.42,0.2
3377,2021-01-05,CAM,7237,3637,3600,7076,0,161,ITF,ITF3,15,Campania,Campania,5801692,2990196,51.54,0.12
3378,2021-02-17,CAM,7391,3213,4178,6207,1060,124,ITF,ITF3,15,Campania,Campania,5801692,2997587,51.67,0.13
3379,2021-04-15,CAM,34345,16664,17681,23814,9903,628,ITF,ITF3,15,Campania,Campania,5801692,3031932,52.26,0.59
3380,2021-03-13,CAM,14518,7038,7480,8989,5282,247,ITF,ITF3,15,Campania,Campania,5801692,3046450,52.51,0.25
3381,2021-03-22,CAM,13182,6345,6837,10863,2042,277,ITF,ITF3,15,Campania,Campania,5801692,3059632,52.74,0.23
3382,2021-02-07,CAM,2928,1381,1547,2067,771,90,ITF,ITF3,15,Campania,Campania,5801692,3062560,52.79,0.05
3383,2021-06-30,CAM,47618,22747,24871,18384,28620,614,ITF,ITF3,15,Campania,Campania,5801692,3110178,53.61,0.82
3384,2021-03-08,CAM,14687,6846,7841,9503,4777,407,ITF,ITF3,15,Campania,Campania,5801692,3124865,53.86,0.25
3385,2021-05-04,CAM,48483,23348,25135,38352,8902,1229,ITF,ITF3,15,Campania,Campania,5801692,3173348,54.7,0.84
3386,2021-01-24,CAM,4122,2119,2003,360,3745,17,ITF,ITF3,15,Campania,Campania,5801692,3177470,54.77,0.07
3387,2021-05-13,CAM,55445,24827,30618,37864,16012,1569,ITF,ITF3,15,Campania,Campania,5801692,3232915,55.72,0.96
3388,2021-07-09,CAM,61450,29752,31698,4366,56793,291,ITF,ITF3,15,Campania,Campania,5801692,3294365,56.78,1.06
3389,2021-07-05,CAM,63289,30508,32781,12747,49871,671,ITF,ITF3,15,Campania,Campania,5801692,3357654,57.87,1.09
3390,2021-06-22,CAM,52447,25009,27438,13200,39000,247,ITF,ITF3,15,Campania,Campania,5801692,3410101,58.78,0.9
3391,2021-05-18,CAM,52183,23228,28955,31874,19656,653,ITF,ITF3,15,Campania,Campania,5801692,3462284,59.68,0.9
3392,2021-02-05,CAM,7261,3463,3798,2019,5128,114,ITF,ITF3,15,Campania,Campania,5801692,3469545,59.8,0.13
3393,2021-03-01,CAM,12131,4248,7883,7783,4112,236,ITF,ITF3,15,Campania,Campania,5801692,3481676,60.01,0.21
3394,2021-05-09,CAM,43203,20285,22918,30970,11097,1136,ITF,ITF3,15,Campania,Campania,5801692,3524879,60.76,0.74
3395,2021-01-10,CAM,8165,3736,4429,7963,0,202,ITF,ITF3,15,Campania,Campania,5801692,3533044,60.9,0.14
3396,2021-04-03,CAM,21117,10316,10801,18282,2381,454,ITF,ITF3,15,Campania,Campania,5801692,3554161,61.26,0.36
3397,2021-01-31,CAM,8070,3712,4358,22,8047,1,ITF,ITF3,15,Campania,Campania,5801692,3562231,61.4,0.14
3398,2021-05-11,CAM,39870,19242,20628,29558,9401,911,ITF,ITF3,15,Campania,Campania,5801692,3602101,62.09,0.69
3399,2021-07-11,CAM,40861,19664,21197,1014,39765,82,ITF,ITF3,15,Campania,Campania,5801692,3642962,62.79,0.7
3400,2021-01-17,CAM,1155,551,604,682,453,20,ITF,ITF3,15,Campania,Campania,5801692,3644117,62.81,0.02
3401,2021-03-15,CAM,13346,6491,6855,8350,4746,250,ITF,ITF3,15,Campania,Campania,5801692,3657463,63.04,0.23
3402,2021-07-02,CAM,55865,26992,28873,14438,40944,483,ITF,ITF3,15,Campania,Campania,5801692,3713328,64.0,0.96
3403,2021-05-27,CAM,72917,35352,37565,25820,46539,558,ITF,ITF3,15,Campania,Campania,5801692,3786245,65.26,1.26
3404,2021-07-07,CAM,52245,24792,27453,7267,44591,387,ITF,ITF3,15,Campania,Campania,5801692,3838490,66.16,0.9
3405,2021-03-29,CAM,19405,9578,9827,17471,1547,387,ITF,ITF3,15,Campania,Campania,5801692,3857895,66.5,0.33
3406,2021-06-20,CAM,47604,22743,24861,14333,32986,285,ITF,ITF3,15,Campania,Campania,5801692,3905499,67.32,0.82
3407,2021-03-27,CAM,21513,10242,11271,17255,3865,393,ITF,ITF3,15,Campania,Campania,5801692,3927012,67.69,0.37
3408,2021-06-01,CAM,42108,20894,21214,31390,10499,219,ITF,ITF3,15,Campania,Campania,5801692,3969120,68.41,0.73
3409,2021-06-18,CAM,65885,31400,34485,35097,30296,492,ITF,ITF3,15,Campania,Campania,5801692,4035005,69.55,1.14
3410,2021-03-10,CAM,15615,7722,7893,8463,6837,315,ITF,ITF3,15,Campania,Campania,5801692,4050620,69.82,0.27
3411,2021-05-15,CAM,62659,29041,33618,42157,18714,1788,ITF,ITF3,15,Campania,Campania,5801692,4113279,70.9,1.08
3412,2021-06-25,CAM,65510,31803,33707,13792,51339,379,ITF,ITF3,15,Campania,Campania,5801692,4178789,72.03,1.13
3413,2021-05-25,CAM,46504,22384,24120,22545,23411,548,ITF,ITF3,15,Campania,Campania,5801692,4225293,72.83,0.8
3414,2021-04-22,CAM,33965,16542,17423,20932,12409,624,ITF,ITF3,15,Campania,Campania,5801692,4259258,73.41,0.59
3415,2021-01-12,CAM,5215,2564,2651,5076,0,139,ITF,ITF3,15,Campania,Campania,5801692,4264473,73.5,0.09
3416,2021-05-23,CAM,58748,28639,30109,37221,20898,629,ITF,ITF3,15,Campania,Campania,5801692,4323221,74.52,1.01
3417,2021-02-12,CAM,6531,2861,3670,6092,188,251,ITF,ITF3,15,Campania,Campania,5801692,4329752,74.63,0.11
3418,2021-01-29,CAM,10053,4812,5241,43,10006,4,ITF,ITF3,15,Campania,Campania,5801692,4339805,74.8,0.17
3419,2021-06-27,CAM,43552,21450,22102,14108,29067,377,ITF,ITF3,15,Campania,Campania,5801692,4383357,75.55,0.75
3420,2021-03-19,CAM,11143,4973,6170,7096,3873,174,ITF,ITF3,15,Campania,Campania,5801692,4394500,75.75,0.19
3421,2021-04-29,CAM,41331,20039,21292,24096,16484,751,ITF,ITF3,15,Campania,Campania,5801692,4435831,76.46,0.71
3422,2021-01-19,CAM,1095,474,621,1042,3,50,ITF,ITF3,15,Campania,Campania,5801692,4436926,76.48,0.02
3423,2021-07-21,CAM,50151,24437,25714,8673,40846,632,ITF,ITF3,15,Campania,Campania,5801692,4487077,77.34,0.86
3424,2021-01-21,CAM,2093,1116,977,670,1417,6,ITF,ITF3,15,Campania,Campania,5801692,4489170,77.38,0.04
3425,2021-02-02,CAM,5724,2805,2919,413,5280,31,ITF,ITF3,15,Campania,Campania,5801692,4494894,77.48,0.1
3426,2021-03-31,CAM,23190,11372,11818,19363,3440,387,ITF,ITF3,15,Campania,Campania,5801692,4518084,77.88,0.4
3427,2021-07-18,CAM,31333,15760,15573,3847,27156,330,ITF,ITF3,15,Campania,Campania,5801692,4549417,78.42,0.54
3428,2021-04-07,CAM,24972,11987,12985,19714,4725,533,ITF,ITF3,15,Campania,Campania,5801692,4574389,78.85,0.43
3429,2021-03-14,CAM,8616,3827,4789,4379,4140,97,ITF,ITF3,15,Campania,Campania,5801692,4583005,78.99,0.15
3430,2021-05-10,CAM,35472,16391,19081,25004,9927,541,ITF,ITF3,15,Campania,Campania,5801692,4618477,79.61,0.61
3431,2021-06-08,CAM,53039,25853,27186,45458,6998,583,ITF,ITF3,15,Campania,Campania,5801692,4671516,80.52,0.91
3432,2021-04-26,CAM,34035,16650,17385,27573,5623,839,ITF,ITF3,15,Campania,Campania,5801692,4705551,81.11,0.59
3433,2021-03-07,CAM,11973,5404,6569,7816,3843,314,ITF,ITF3,15,Campania,Campania,5801692,4717524,81.31,0.21
3434,2021-02-16,CAM,5440,2412,3028,4495,771,174,ITF,ITF3,15,Campania,Campania,5801692,4722964,81.41,0.09
3435,2021-05-22,CAM,67967,32516,35451,45626,21495,846,ITF,ITF3,15,Campania,Campania,5801692,4790931,82.58,1.17
3436,2021-06-10,CAM,75919,36679,39240,68001,7036,882,ITF,ITF3,15,Campania,Campania,5801692,4866850,83.89,1.31
3437,2021-05-08,CAM,56432,27143,29289,39150,15831,1451,ITF,ITF3,15,Campania,Campania,5801692,4923282,84.86,0.97
3438,2021-01-28,CAM,8833,4122,4711,125,8700,8,ITF,ITF3,15,Campania,Campania,5801692,4932115,85.01,0.15
3439,2021-03-12,CAM,14574,7410,7164,8198,6084,292,ITF,ITF3,15,Campania,Campania,5801692,4946689,85.26,0.25
3440,2021-05-06,CAM,57285,27910,29375,41310,14452,1523,ITF,ITF3,15,Campania,Campania,5801692,5003974,86.25,0.99
3441,2021-02-28,CAM,10412,3207,7205,8313,1900,199,ITF,ITF3,15,Campania,Campania,5801692,5014386,86.43,0.18
3442,2021-02-14,CAM,3929,1923,2006,3845,34,50,ITF,ITF3,15,Campania,Campania,5801692,5018315,86.5,0.07
3443,2021-05-03,CAM,40783,19904,20879,27961,11858,964,ITF,ITF3,15,Campania,Campania,5801692,5059098,87.2,0.7
3444,2021-06-29,CAM,49315,23987,25328,19814,29040,461,ITF,ITF3,15,Campania,Campania,5801692,5108413,88.05,0.85
3445,2021-06-15,CAM,18673,9086,9587,11028,7412,233,ITF,ITF3,15,Campania,Campania,5801692,5127086,88.37,0.32
3446,2021-07-23,CAM,24691,11921,12770,2244,22305,142,ITF,ITF3,15,Campania,Campania,5801692,5151777,88.8,0.43
3447,2021-04-14,CAM,27651,13338,14313,18670,8570,411,ITF,ITF3,15,Campania,Campania,5801692,5179428,89.27,0.48
3448,2021-05-01,CAM,46349,22662,23687,29342,16106,901,ITF,ITF3,15,Campania,Campania,5801692,5225777,90.07,0.8
3449,2021-07-06,CAM,56590,27017,29573,16238,39904,448,ITF,ITF3,15,Campania,Campania,5801692,5282367,91.05,0.98
3450,2021-04-12,CAM,23307,10921,12386,19773,3035,499,ITF,ITF3,15,Campania,Campania,5801692,5305674,91.45,0.4
3451,2021-01-02,CAM,3673,1963,1710,3615,0,58,ITF,ITF3,15,Campania,Campania,5801692,5309347,91.51,0.06
3452,2021-06-17,CAM,60173,28851,31322,32908,26764,501,ITF,ITF3,15,Campania,Campania,5801692,5369520,92.55,1.04
3453,2021-07-04,CAM,48818,23764,25054,6327,42309,182,ITF,ITF3,15,Campania,Campania,5801692,5418338,93.39,0.84
3454,2021-03-26,CAM,19865,9324,10541,15653,3815,397,ITF,ITF3,15,Campania,Campania,5801692,5438203,93.73,0.34
3455,2021-07-16,CAM,60986,29832,31154,6745,53862,379,ITF,ITF3,15,Campania,Campania,5801692,5499189,94.79,1.05
3456,2021-04-02,CAM,21864,10524,11340,19098,2323,443,ITF,ITF3,15,Campania,Campania,5801692,5521053,95.16,0.38
3457,2021-03-24,CAM,17922,8369,9553,14624,2958,340,ITF,ITF3,15,Campania,Campania,5801692,5538975,95.47,0.31
3458,2021-05-20,CAM,60831,28142,32689,42228,17638,965,ITF,ITF3,15,Campania,Campania,5801692,5599806,96.52,1.05
3459,2021-02-09,CAM,4643,2202,2441,4234,252,157,ITF,ITF3,15,Campania,Campania,5801692,5604449,96.6,0.08
3460,2021-05-29,CAM,67818,32260,35558,43108,23871,839,ITF,ITF3,15,Campania,Campania,5801692,5672267,97.77,1.17
3461,2021-06-03,CAM,72637,35229,37408,61157,10674,806,ITF,ITF3,15,Campania,Campania,5801692,5744904,99.02,1.25
3462,2021-02-23,CAM,11002,3388,7614,10204,526,272,ITF,ITF3,15,Campania,Campania,5801692,5755906,99.21,0.19
3463,2021-02-21,CAM,5836,2241,3595,5496,225,115,ITF,ITF3,15,Campania,Campania,5801692,5761742,99.31,0.1
3464,2021-01-26,CAM,7341,3726,3615,331,6989,21,ITF,ITF3,15,Campania,Campania,5801692,5769083,99.44,0.13
3465,2021-04-19,CAM,30771,14830,15941,18691,11573,507,ITF,ITF3,15,Campania,Campania,5801692,5799854,99.97,0.53
3466,2021-01-09,CAM,10566,5024,5542,10305,0,261,ITF,ITF3,15,Campania,Campania,5801692,5810420,100.15,0.18
3467,2021-04-21,CAM,30236,14729,15507,17487,12227,522,ITF,ITF3,15,Campania,Campania,5801692,5840656,100.67,0.52
3468,2021-02-08,CAM,5113,2449,2664,4164,803,146,ITF,ITF3,15,Campania,Campania,5801692,5845769,100.76,0.09
3469,2021-02-01,CAM,3984,1813,2171,102,3874,8,ITF,ITF3,15,Campania,Campania,5801692,5849753,100.83,0.07
3470,2021-03-30,CAM,22052,10577,11475,18598,2957,497,ITF,ITF3,15,Campania,Campania,5801692,5871805,101.21,0.38
3471,2021-04-17,CAM,36195,17513,18682,23998,11512,685,ITF,ITF3,15,Campania,Campania,5801692,5908000,101.83,0.62
3472,2021-06-13,CAM,43429,21244,22185,38098,4730,601,ITF,ITF3,15,Campania,Campania,5801692,5951429,102.58,0.75
3473,2021-05-30,CAM,52154,25442,26712,37960,13314,880,ITF,ITF3,15,Campania,Campania,5801692,6003583,103.48,0.9
3474,2021-02-19,CAM,9572,3560,6012,8714,650,208,ITF,ITF3,15,Campania,Campania,5801692,6013155,103.64,0.16
3475,2020-12-31,CAM,1490,811,679,1471,0,19,ITF,ITF3,15,Campania,Campania,5801692,6014645,103.67,0.03
3476,2021-06-06,CAM,63228,31446,31782,61927,648,653,ITF,ITF3,15,Campania,Campania,5801692,6077873,104.76,1.09
3477,2021-02-26,CAM,13335,4227,9108,11731,1336,268,ITF,ITF3,15,Campania,Campania,5801692,6091208,104.99,0.23
3478,2021-04-24,CAM,36364,17528,18836,24362,11248,754,ITF,ITF3,15,Campania,Campania,5801692,6127572,105.62,0.63
3479,2021-07-19,CAM,43955,21521,22434,5226,38338,391,ITF,ITF3,15,Campania,Campania,5801692,6171527,106.37,0.76
3480,2021-04-10,CAM,28354,13492,14862,22825,4914,615,ITF,ITF3,15,Campania,Campania,5801692,6199881,106.86,0.49
3481,2021-01-07,CAM,8909,4167,4742,8736,0,173,ITF,ITF3,15,Campania,Campania,5801692,6208790,107.02,0.15
3482,2021-03-05,CAM,16815,6667,10148,9866,6663,286,ITF,ITF3,15,Campania,Campania,5801692,6225605,107.31,0.29
3483,2021-01-14,CAM,7074,2978,4096,6810,0,264,ITF,ITF3,15,Campania,Campania,5801692,6232679,107.43,0.12
3484,2021-07-06,PIE,38262,19380,18882,8660,29081,521,ITC,ITC1,1,Piemonte,Piemonte,4356406,38262,0.88,0.88
3485,2021-03-28,PIE,16056,6897,9159,8112,7621,323,ITC,ITC1,1,Piemonte,Piemonte,4356406,54318,1.25,0.37
3486,2021-07-20,PIE,38853,20429,18424,5990,32590,273,ITC,ITC1,1,Piemonte,Piemonte,4356406,93171,2.14,0.89
3487,2021-04-11,PIE,20823,9319,11504,18221,2149,453,ITC,ITC1,1,Piemonte,Piemonte,4356406,113994,2.62,0.48
3488,2021-01-04,PIE,5559,1677,3882,5558,0,1,ITC,ITC1,1,Piemonte,Piemonte,4356406,119553,2.74,0.13
3489,2021-04-28,PIE,26030,11730,14300,15463,10033,534,ITC,ITC1,1,Piemonte,Piemonte,4356406,145583,3.34,0.6
3490,2021-01-18,PIE,6165,2046,4119,5912,249,4,ITC,ITC1,1,Piemonte,Piemonte,4356406,151748,3.48,0.14
3491,2021-06-07,PIE,34890,17862,17028,29501,4790,599,ITC,ITC1,1,Piemonte,Piemonte,4356406,186638,4.28,0.8
3492,2020-12-28,PIE,1,1,0,1,0,0,ITC,ITC1,1,Piemonte,Piemonte,4356406,186639,4.28,0.0
3493,2021-03-23,PIE,13182,5556,7626,6631,6243,308,ITC,ITC1,1,Piemonte,Piemonte,4356406,199821,4.59,0.3
3494,2021-01-16,PIE,7761,2624,5137,7754,0,7,ITC,ITC1,1,Piemonte,Piemonte,4356406,207582,4.76,0.18
3495,2021-07-08,PIE,40899,20921,19978,7465,32910,524,ITC,ITC1,1,Piemonte,Piemonte,4356406,248481,5.7,0.94
3496,2021-01-23,PIE,4256,1327,2929,878,3376,2,ITC,ITC1,1,Piemonte,Piemonte,4356406,252737,5.8,0.1
3497,2021-05-19,PIE,33125,15295,17830,21423,11121,581,ITC,ITC1,1,Piemonte,Piemonte,4356406,285862,6.56,0.76
3498,2021-03-14,PIE,8201,3335,4866,5170,2896,135,ITC,ITC1,1,Piemonte,Piemonte,4356406,294063,6.75,0.19
3499,2021-05-10,PIE,28949,13953,14996,15251,13107,591,ITC,ITC1,1,Piemonte,Piemonte,4356406,323012,7.41,0.66
3500,2021-01-30,PIE,5980,2135,3845,216,5763,1,ITC,ITC1,1,Piemonte,Piemonte,4356406,328992,7.55,0.14
3501,2021-06-24,PIE,39178,19667,19511,18304,20302,572,ITC,ITC1,1,Piemonte,Piemonte,4356406,368170,8.45,0.9
3502,2021-03-16,PIE,10512,4269,6243,4369,6051,92,ITC,ITC1,1,Piemonte,Piemonte,4356406,378682,8.69,0.24
3503,2021-05-12,PIE,31864,15177,16687,18350,12897,617,ITC,ITC1,1,Piemonte,Piemonte,4356406,410546,9.42,0.73
3504,2021-07-15,PIE,42423,21935,20488,4053,37931,439,ITC,ITC1,1,Piemonte,Piemonte,4356406,452969,10.4,0.97
3505,2021-04-23,PIE,27416,12596,14820,19973,6760,683,ITC,ITC1,1,Piemonte,Piemonte,4356406,480385,11.03,0.63
3506,2021-06-19,PIE,40033,20310,19723,22860,16655,518,ITC,ITC1,1,Piemonte,Piemonte,4356406,520418,11.95,0.92
3507,2021-02-04,PIE,10202,3339,6863,581,9619,2,ITC,ITC1,1,Piemonte,Piemonte,4356406,530620,12.18,0.23
3508,2021-02-11,PIE,6758,2105,4653,2981,3758,19,ITC,ITC1,1,Piemonte,Piemonte,4356406,537378,12.34,0.16
3509,2021-04-09,PIE,25868,11391,14477,20814,4503,551,ITC,ITC1,1,Piemonte,Piemonte,4356406,563246,12.93,0.59
3510,2020-12-30,PIE,731,322,409,731,0,0,ITC,ITC1,1,Piemonte,Piemonte,4356406,563977,12.95,0.02
3511,2021-06-05,PIE,36930,18920,18010,31872,4455,603,ITC,ITC1,1,Piemonte,Piemonte,4356406,600907,13.79,0.85
3512,2021-02-25,PIE,12208,5246,6962,11484,545,179,ITC,ITC1,1,Piemonte,Piemonte,4356406,613115,14.07,0.28
3513,2021-05-24,PIE,28975,13419,15556,16632,11964,379,ITC,ITC1,1,Piemonte,Piemonte,4356406,642090,14.74,0.67
3514,2021-03-02,PIE,11245,4548,6697,10246,815,184,ITC,ITC1,1,Piemonte,Piemonte,4356406,653335,15.0,0.26
3515,2021-05-17,PIE,30909,14601,16308,17358,13149,402,ITC,ITC1,1,Piemonte,Piemonte,4356406,684244,15.71,0.71
3516,2021-02-06,PIE,7992,2665,5327,396,7594,2,ITC,ITC1,1,Piemonte,Piemonte,4356406,692236,15.89,0.18
3517,2021-02-23,PIE,9232,3713,5519,8479,581,172,ITC,ITC1,1,Piemonte,Piemonte,4356406,701468,16.1,0.21
3518,2021-05-31,PIE,29103,14054,15049,20119,8577,407,ITC,ITC1,1,Piemonte,Piemonte,4356406,730571,16.77,0.67
3519,2021-06-17,PIE,41040,20602,20438,24132,16318,590,ITC,ITC1,1,Piemonte,Piemonte,4356406,771611,17.71,0.94
3520,2021-03-09,PIE,14207,5652,8555,11639,2341,227,ITC,ITC1,1,Piemonte,Piemonte,4356406,785818,18.04,0.33
3521,2021-03-21,PIE,10723,4739,5984,4024,6532,167,ITC,ITC1,1,Piemonte,Piemonte,4356406,796541,18.28,0.25
3522,2021-05-05,PIE,32236,15143,17093,18546,13062,628,ITC,ITC1,1,Piemonte,Piemonte,4356406,828777,19.02,0.74
3523,2021-07-01,PIE,41845,20946,20899,19823,21121,901,ITC,ITC1,1,Piemonte,Piemonte,4356406,870622,19.98,0.96
3524,2021-05-02,PIE,25081,11268,13813,13958,10742,381,ITC,ITC1,1,Piemonte,Piemonte,4356406,895703,20.56,0.58
3525,2021-02-08,PIE,6915,2354,4561,661,6250,4,ITC,ITC1,1,Piemonte,Piemonte,4356406,902618,20.72,0.16
3526,2021-04-02,PIE,20140,8315,11825,11326,8421,393,ITC,ITC1,1,Piemonte,Piemonte,4356406,922758,21.18,0.46
3527,2021-05-29,PIE,32798,15228,17570,20273,12165,360,ITC,ITC1,1,Piemonte,Piemonte,4356406,955556,21.93,0.75
3528,2021-02-18,PIE,4788,2094,2694,4272,430,86,ITC,ITC1,1,Piemonte,Piemonte,4356406,960344,22.04,0.11
3529,2021-04-16,PIE,28394,13207,15187,22652,4991,751,ITC,ITC1,1,Piemonte,Piemonte,4356406,988738,22.7,0.65
3530,2021-06-26,PIE,41148,20937,20211,21933,18539,676,ITC,ITC1,1,Piemonte,Piemonte,4356406,1029886,23.64,0.94
3531,2021-07-13,PIE,38819,20032,18787,3669,34838,312,ITC,ITC1,1,Piemonte,Piemonte,4356406,1068705,24.53,0.89
3532,2021-04-04,PIE,9252,4057,5195,6393,2710,149,ITC,ITC1,1,Piemonte,Piemonte,4356406,1077957,24.74,0.21
3533,2021-04-21,PIE,25731,11826,13905,19739,5338,654,ITC,ITC1,1,Piemonte,Piemonte,4356406,1103688,25.33,0.59
3534,2021-01-11,PIE,8738,2978,5760,8732,0,6,ITC,ITC1,1,Piemonte,Piemonte,4356406,1112426,25.54,0.2
3535,2021-06-28,PIE,38385,19062,19323,15106,22718,561,ITC,ITC1,1,Piemonte,Piemonte,4356406,1150811,26.42,0.88
3536,2021-04-06,PIE,20238,8808,11430,14594,5196,448,ITC,ITC1,1,Piemonte,Piemonte,4356406,1171049,26.88,0.46
3537,2020-12-27,PIE,913,369,544,913,0,0,ITC,ITC1,1,Piemonte,Piemonte,4356406,1171962,26.9,0.02
3538,2021-04-30,PIE,31830,14320,17510,17838,13327,665,ITC,ITC1,1,Piemonte,Piemonte,4356406,1203792,27.63,0.73
3539,2021-06-02,PIE,26531,12997,13534,21623,4467,441,ITC,ITC1,1,Piemonte,Piemonte,4356406,1230323,28.24,0.61
3540,2021-02-22,PIE,8477,3468,5009,7786,590,101,ITC,ITC1,1,Piemonte,Piemonte,4356406,1238800,28.44,0.19
3541,2021-03-11,PIE,13899,5205,8694,10557,3097,245,ITC,ITC1,1,Piemonte,Piemonte,4356406,1252699,28.76,0.32
3542,2021-06-12,PIE,42575,22445,20130,39206,2626,743,ITC,ITC1,1,Piemonte,Piemonte,4356406,1295274,29.73,0.98
3543,2021-07-12,PIE,39118,20173,18945,4530,34145,443,ITC,ITC1,1,Piemonte,Piemonte,4356406,1334392,30.63,0.9
3544,2021-04-20,PIE,25481,11666,13815,18528,6344,609,ITC,ITC1,1,Piemonte,Piemonte,4356406,1359873,31.22,0.58
3545,2021-05-07,PIE,33063,15634,17429,18358,14121,584,ITC,ITC1,1,Piemonte,Piemonte,4356406,1392936,31.97,0.76
3546,2021-01-27,PIE,4193,1451,2742,994,3197,2,ITC,ITC1,1,Piemonte,Piemonte,4356406,1397129,32.07,0.1
3547,2021-02-13,PIE,4156,1338,2818,2917,1225,14,ITC,ITC1,1,Piemonte,Piemonte,4356406,1401285,32.17,0.1
3548,2021-01-01,PIE,1038,395,643,1037,0,1,ITC,ITC1,1,Piemonte,Piemonte,4356406,1402323,32.19,0.02
3549,2021-07-05,PIE,35563,17789,17774,11713,23209,641,ITC,ITC1,1,Piemonte,Piemonte,4356406,1437886,33.01,0.82
3550,2021-07-03,PIE,40043,20106,19937,15344,24027,672,ITC,ITC1,1,Piemonte,Piemonte,4356406,1477929,33.93,0.92
3551,2021-03-30,PIE,16979,7110,9869,8725,7870,384,ITC,ITC1,1,Piemonte,Piemonte,4356406,1494908,34.32,0.39
3552,2021-07-10,PIE,41123,20833,20290,6709,33898,516,ITC,ITC1,1,Piemonte,Piemonte,4356406,1536031,35.26,0.94
3553,2021-04-01,PIE,19371,8108,11263,10941,8121,309,ITC,ITC1,1,Piemonte,Piemonte,4356406,1555402,35.7,0.44
3554,2021-02-27,PIE,12673,4845,7828,12102,344,227,ITC,ITC1,1,Piemonte,Piemonte,4356406,1568075,35.99,0.29
3555,2021-04-25,PIE,20230,9306,10924,17285,2501,444,ITC,ITC1,1,Piemonte,Piemonte,4356406,1588305,36.46,0.46
3556,2021-01-15,PIE,9100,3006,6094,9094,0,6,ITC,ITC1,1,Piemonte,Piemonte,4356406,1597405,36.67,0.21
3557,2021-06-21,PIE,38358,19151,19207,17106,20707,545,ITC,ITC1,1,Piemonte,Piemonte,4356406,1635763,37.55,0.88
3558,2021-03-13,PIE,13023,4714,8309,11323,1432,268,ITC,ITC1,1,Piemonte,Piemonte,4356406,1648786,37.85,0.3
3559,2021-04-18,PIE,22927,10797,12130,19625,2747,555,ITC,ITC1,1,Piemonte,Piemonte,4356406,1671713,38.37,0.53
3560,2021-01-08,PIE,5523,1758,3765,5521,0,2,ITC,ITC1,1,Piemonte,Piemonte,4356406,1677236,38.5,0.13
3561,2021-06-14,PIE,37948,19556,18392,30195,7091,662,ITC,ITC1,1,Piemonte,Piemonte,4356406,1715184,39.37,0.87
3562,2021-05-21,PIE,36069,16740,19329,19927,15637,505,ITC,ITC1,1,Piemonte,Piemonte,4356406,1751253,40.2,0.83
3563,2021-07-17,PIE,41893,22056,19837,4954,36476,463,ITC,ITC1,1,Piemonte,Piemonte,4356406,1793146,41.16,0.96
3564,2021-02-01,PIE,8656,3052,5604,575,8080,1,ITC,ITC1,1,Piemonte,Piemonte,4356406,1801802,41.36,0.2
3565,2021-05-14,PIE,33406,16274,17132,17324,15420,662,ITC,ITC1,1,Piemonte,Piemonte,4356406,1835208,42.13,0.77
3566,2021-06-09,PIE,38582,20337,18245,35107,2713,762,ITC,ITC1,1,Piemonte,Piemonte,4356406,1873790,43.01,0.89
3567,2021-03-18,PIE,11758,4804,6954,3836,7731,191,ITC,ITC1,1,Piemonte,Piemonte,4356406,1885548,43.28,0.27
3568,2021-05-09,PIE,27143,12928,14215,13146,13618,379,ITC,ITC1,1,Piemonte,Piemonte,4356406,1912691,43.91,0.62
3569,2021-05-26,PIE,32745,15102,17643,15316,17077,352,ITC,ITC1,1,Piemonte,Piemonte,4356406,1945436,44.66,0.75
3570,2021-02-15,PIE,4425,1597,2828,3196,1205,24,ITC,ITC1,1,Piemonte,Piemonte,4356406,1949861,44.76,0.1
3571,2021-03-04,PIE,14633,5859,8774,11474,2941,218,ITC,ITC1,1,Piemonte,Piemonte,4356406,1964494,45.09,0.34
3572,2021-02-20,PIE,3831,1253,2578,3559,173,99,ITC,ITC1,1,Piemonte,Piemonte,4356406,1968325,45.18,0.09
3573,2021-04-29,PIE,48417,21944,26473,34650,12612,1155,ITC,ITC1,1,Piemonte,Piemonte,4356406,2016742,46.29,1.11
3574,2021-05-16,PIE,28157,12784,15373,14732,13055,370,ITC,ITC1,1,Piemonte,Piemonte,4356406,2044899,46.94,0.65
3575,2021-02-05,PIE,9597,3135,6462,653,8942,2,ITC,ITC1,1,Piemonte,Piemonte,4356406,2054496,47.16,0.22
3576,2021-03-25,PIE,17125,7266,9859,8054,8635,436,ITC,ITC1,1,Piemonte,Piemonte,4356406,2071621,47.55,0.39
3577,2021-07-22,PIE,41004,21589,19415,7220,33499,285,ITC,ITC1,1,Piemonte,Piemonte,4356406,2112625,48.49,0.94
3578,2021-04-13,PIE,25932,11610,14322,21830,3457,645,ITC,ITC1,1,Piemonte,Piemonte,4356406,2138557,49.09,0.6
3579,2021-01-20,PIE,6601,2084,4517,5875,719,7,ITC,ITC1,1,Piemonte,Piemonte,4356406,2145158,49.24,0.15
3580,2021-02-03,PIE,10202,3306,6896,606,9594,2,ITC,ITC1,1,Piemonte,Piemonte,4356406,2155360,49.48,0.23
3581,2021-03-06,PIE,13997,5217,8780,11037,2788,172,ITC,ITC1,1,Piemonte,Piemonte,4356406,2169357,49.8,0.32
3582,2021-01-22,PIE,3865,1249,2616,2523,1340,2,ITC,ITC1,1,Piemonte,Piemonte,4356406,2173222,49.89,0.09
3583,2021-07-02,PIE,43703,21992,21711,17414,25502,787,ITC,ITC1,1,Piemonte,Piemonte,4356406,2216925,50.89,1.0
3584,2021-04-17,PIE,30446,14147,16299,26449,3306,691,ITC,ITC1,1,Piemonte,Piemonte,4356406,2247371,51.59,0.7
3585,2021-06-13,PIE,37961,20039,17922,33108,4122,731,ITC,ITC1,1,Piemonte,Piemonte,4356406,2285332,52.46,0.87
3586,2021-02-10,PIE,7528,2368,5160,1298,6215,15,ITC,ITC1,1,Piemonte,Piemonte,4356406,2292860,52.63,0.17
3587,2021-04-08,PIE,25291,11003,14288,20021,4721,549,ITC,ITC1,1,Piemonte,Piemonte,4356406,2318151,53.21,0.58
3588,2021-05-28,PIE,35048,16604,18444,18659,15982,407,ITC,ITC1,1,Piemonte,Piemonte,4356406,2353199,54.02,0.8
3589,2021-01-25,PIE,6211,1937,4274,975,5234,2,ITC,ITC1,1,Piemonte,Piemonte,4356406,2359410,54.16,0.14
3590,2021-05-30,PIE,27703,13185,14518,18009,9325,369,ITC,ITC1,1,Piemonte,Piemonte,4356406,2387113,54.8,0.64
3591,2021-02-19,PIE,5533,2175,3358,4912,501,120,ITC,ITC1,1,Piemonte,Piemonte,4356406,2392646,54.92,0.13
3592,2021-06-04,PIE,37546,19631,17915,34027,2949,570,ITC,ITC1,1,Piemonte,Piemonte,4356406,2430192,55.78,0.86
3593,2021-02-24,PIE,11375,4602,6773,10728,504,143,ITC,ITC1,1,Piemonte,Piemonte,4356406,2441567,56.05,0.26
3594,2021-06-25,PIE,45438,22646,22792,20253,24518,667,ITC,ITC1,1,Piemonte,Piemonte,4356406,2487005,57.09,1.04
3595,2021-04-03,PIE,19444,8179,11265,10595,8543,306,ITC,ITC1,1,Piemonte,Piemonte,4356406,2506449,57.53,0.45
3596,2021-01-10,PIE,5205,2272,2933,5203,0,2,ITC,ITC1,1,Piemonte,Piemonte,4356406,2511654,57.65,0.12
3597,2021-07-14,PIE,38939,20034,18905,3572,34950,417,ITC,ITC1,1,Piemonte,Piemonte,4356406,2550593,58.55,0.89
3598,2021-05-13,PIE,35675,17526,18149,19859,15115,701,ITC,ITC1,1,Piemonte,Piemonte,4356406,2586268,59.37,0.82
3599,2021-02-02,PIE,10251,3513,6738,805,9445,1,ITC,ITC1,1,Piemonte,Piemonte,4356406,2596519,59.6,0.24
3600,2021-07-09,PIE,40377,20599,19778,5765,34111,501,ITC,ITC1,1,Piemonte,Piemonte,4356406,2636896,60.53,0.93
3601,2021-03-31,PIE,19125,8120,11005,10099,8690,336,ITC,ITC1,1,Piemonte,Piemonte,4356406,2656021,60.97,0.44
3602,2021-05-27,PIE,37378,17383,19995,18809,18133,436,ITC,ITC1,1,Piemonte,Piemonte,4356406,2693399,61.83,0.86
3603,2021-02-16,PIE,3965,1755,2210,3159,758,48,ITC,ITC1,1,Piemonte,Piemonte,4356406,2697364,61.92,0.09
3604,2021-03-03,PIE,12257,4771,7486,11249,818,190,ITC,ITC1,1,Piemonte,Piemonte,4356406,2709621,62.2,0.28
3605,2021-03-20,PIE,11915,4896,7019,5775,5896,244,ITC,ITC1,1,Piemonte,Piemonte,4356406,2721536,62.47,0.27
3606,2021-05-18,PIE,32117,14826,17291,19017,12660,440,ITC,ITC1,1,Piemonte,Piemonte,4356406,2753653,63.21,0.74
3607,2021-06-06,PIE,35080,18329,16751,32054,2488,538,ITC,ITC1,1,Piemonte,Piemonte,4356406,2788733,64.01,0.81
3608,2021-02-17,PIE,4791,2157,2634,3743,990,58,ITC,ITC1,1,Piemonte,Piemonte,4356406,2793524,64.12,0.11
3609,2021-06-08,PIE,37648,19495,18153,34132,2839,677,ITC,ITC1,1,Piemonte,Piemonte,4356406,2831172,64.99,0.86
3610,2021-04-26,PIE,19800,8752,11048,14911,4397,492,ITC,ITC1,1,Piemonte,Piemonte,4356406,2850972,65.44,0.45
3611,2021-07-19,PIE,39509,20568,18941,4612,34617,280,ITC,ITC1,1,Piemonte,Piemonte,4356406,2890481,66.35,0.91
3612,2021-04-10,PIE,30149,13403,16746,25253,4263,633,ITC,ITC1,1,Piemonte,Piemonte,4356406,2920630,67.04,0.69
3613,2021-04-15,PIE,29521,13528,15993,23384,5476,661,ITC,ITC1,1,Piemonte,Piemonte,4356406,2950151,67.72,0.68
3614,2021-01-05,PIE,5373,1601,3772,5368,0,5,ITC,ITC1,1,Piemonte,Piemonte,4356406,2955524,67.84,0.12
3615,2021-04-22,PIE,27656,12737,14919,20192,6689,775,ITC,ITC1,1,Piemonte,Piemonte,4356406,2983180,68.48,0.63
3616,2021-01-12,PIE,10077,3411,6666,10070,0,7,ITC,ITC1,1,Piemonte,Piemonte,4356406,2993257,68.71,0.23
3617,2021-01-29,PIE,5937,1883,4054,452,5485,0,ITC,ITC1,1,Piemonte,Piemonte,4356406,2999194,68.85,0.14
3618,2021-02-28,PIE,10807,4057,6750,10395,240,172,ITC,ITC1,1,Piemonte,Piemonte,4356406,3010001,69.09,0.25
3619,2021-03-17,PIE,12515,5055,7460,5041,7294,180,ITC,ITC1,1,Piemonte,Piemonte,4356406,3022516,69.38,0.29
3620,2021-06-18,PIE,40549,20263,20286,25738,14171,640,ITC,ITC1,1,Piemonte,Piemonte,4356406,3063065,70.31,0.93
3621,2021-03-10,PIE,13812,5338,8474,11266,2292,254,ITC,ITC1,1,Piemonte,Piemonte,4356406,3076877,70.63,0.32
3622,2021-03-27,PIE,18386,7823,10563,9128,8823,435,ITC,ITC1,1,Piemonte,Piemonte,4356406,3095263,71.05,0.42
3623,2021-01-03,PIE,3059,965,2094,3057,0,2,ITC,ITC1,1,Piemonte,Piemonte,4356406,3098322,71.12,0.07
3624,2021-07-07,PIE,37914,18845,19069,9671,27696,547,ITC,ITC1,1,Piemonte,Piemonte,4356406,3136236,71.99,0.87
3625,2021-03-29,PIE,15242,6469,8773,8375,6610,257,ITC,ITC1,1,Piemonte,Piemonte,4356406,3151478,72.34,0.35
3626,2021-07-21,PIE,37779,20052,17727,6743,30794,242,ITC,ITC1,1,Piemonte,Piemonte,4356406,3189257,73.21,0.87
3627,2021-04-12,PIE,22925,10356,12569,19437,2985,503,ITC,ITC1,1,Piemonte,Piemonte,4356406,3212182,73.73,0.53
3628,2021-01-02,PIE,3539,1132,2407,3538,0,1,ITC,ITC1,1,Piemonte,Piemonte,4356406,3215721,73.82,0.08
3629,2021-05-06,PIE,33385,15762,17623,19274,13522,589,ITC,ITC1,1,Piemonte,Piemonte,4356406,3249106,74.58,0.77
3630,2021-05-23,PIE,28721,13141,15580,15459,12949,313,ITC,ITC1,1,Piemonte,Piemonte,4356406,3277827,75.24,0.66
3631,2021-02-12,PIE,6883,2212,4671,3899,2961,23,ITC,ITC1,1,Piemonte,Piemonte,4356406,3284710,75.4,0.16
3632,2021-03-01,PIE,12109,4910,7199,11132,808,169,ITC,ITC1,1,Piemonte,Piemonte,4356406,3296819,75.68,0.28
3633,2021-05-25,PIE,31141,14447,16694,15613,15141,387,ITC,ITC1,1,Piemonte,Piemonte,4356406,3327960,76.39,0.71
3634,2021-06-11,PIE,43538,23050,20488,39928,2832,778,ITC,ITC1,1,Piemonte,Piemonte,4356406,3371498,77.39,1.0
3635,2021-05-03,PIE,26681,12206,14475,12038,14207,436,ITC,ITC1,1,Piemonte,Piemonte,4356406,3398179,78.0,0.61
3636,2021-02-26,PIE,12284,4928,7356,11344,736,204,ITC,ITC1,1,Piemonte,Piemonte,4356406,3410463,78.29,0.28
3637,2021-04-24,PIE,27496,12431,15065,21292,5657,547,ITC,ITC1,1,Piemonte,Piemonte,4356406,3437959,78.92,0.63
3638,2021-03-24,PIE,15552,6391,9161,6104,9120,328,ITC,ITC1,1,Piemonte,Piemonte,4356406,3453511,79.27,0.36
3639,2021-05-20,PIE,38611,17937,20674,13319,24939,353,ITC,ITC1,1,Piemonte,Piemonte,4356406,3492122,80.16,0.89
3640,2021-02-09,PIE,7385,2312,5073,713,6670,2,ITC,ITC1,1,Piemonte,Piemonte,4356406,3499507,80.33,0.17
3641,2021-07-16,PIE,41895,21896,19999,3611,37901,383,ITC,ITC1,1,Piemonte,Piemonte,4356406,3541402,81.29,0.96
3642,2021-06-22,PIE,40559,20037,20522,17798,22249,512,ITC,ITC1,1,Piemonte,Piemonte,4356406,3581961,82.22,0.93
3643,2021-01-07,PIE,5368,1729,3639,5366,0,2,ITC,ITC1,1,Piemonte,Piemonte,4356406,3587329,82.35,0.12
3644,2021-03-05,PIE,15550,6225,9325,11464,3816,270,ITC,ITC1,1,Piemonte,Piemonte,4356406,3602879,82.7,0.36
3645,2021-06-15,PIE,38901,20040,18861,26496,11765,640,ITC,ITC1,1,Piemonte,Piemonte,4356406,3641780,83.6,0.89
3646,2021-03-07,PIE,11977,4664,7313,10857,878,242,ITC,ITC1,1,Piemonte,Piemonte,4356406,3653757,83.87,0.27
3647,2020-12-31,PIE,3878,1320,2558,3878,0,0,ITC,ITC1,1,Piemonte,Piemonte,4356406,3657635,83.96,0.09
3648,2021-05-01,PIE,28538,12995,15543,16318,11788,432,ITC,ITC1,1,Piemonte,Piemonte,4356406,3686173,84.62,0.66
3649,2021-01-21,PIE,6868,2311,4557,3366,3496,6,ITC,ITC1,1,Piemonte,Piemonte,4356406,3693041,84.77,0.16
3650,2021-05-15,PIE,33765,15737,18028,19393,13715,657,ITC,ITC1,1,Piemonte,Piemonte,4356406,3726806,85.55,0.78
3651,2021-06-01,PIE,29301,14700,14601,24456,4424,421,ITC,ITC1,1,Piemonte,Piemonte,4356406,3756107,86.22,0.67
3652,2021-02-21,PIE,5088,2083,3005,4936,102,50,ITC,ITC1,1,Piemonte,Piemonte,4356406,3761195,86.34,0.12
3653,2021-06-10,PIE,40361,21089,19272,36951,2568,842,ITC,ITC1,1,Piemonte,Piemonte,4356406,3801556,87.26,0.93
3654,2021-06-27,PIE,37500,18593,18907,15194,21738,568,ITC,ITC1,1,Piemonte,Piemonte,4356406,3839056,88.12,0.86
3655,2021-03-19,PIE,11025,4517,6508,4216,6603,206,ITC,ITC1,1,Piemonte,Piemonte,4356406,3850081,88.38,0.25
3656,2021-04-05,PIE,14741,6232,8509,11940,2550,251,ITC,ITC1,1,Piemonte,Piemonte,4356406,3864822,88.72,0.34
3657,2021-06-29,PIE,40488,20226,20262,19203,20649,636,ITC,ITC1,1,Piemonte,Piemonte,4356406,3905310,89.65,0.93
3658,2021-01-19,PIE,6453,2102,4351,6435,9,9,ITC,ITC1,1,Piemonte,Piemonte,4356406,3911763,89.79,0.15
3659,2021-07-23,PIE,18249,9644,8605,3167,14934,148,ITC,ITC1,1,Piemonte,Piemonte,4356406,3930012,90.21,0.42
3660,2021-04-14,PIE,27672,12546,15126,22457,4519,696,ITC,ITC1,1,Piemonte,Piemonte,4356406,3957684,90.85,0.64
3661,2021-04-07,PIE,23590,9987,13603,17617,5458,515,ITC,ITC1,1,Piemonte,Piemonte,4356406,3981274,91.39,0.54
3662,2021-04-19,PIE,22539,10761,11778,17640,4350,549,ITC,ITC1,1,Piemonte,Piemonte,4356406,4003813,91.91,0.52
3663,2021-01-09,PIE,6177,2182,3995,6176,0,1,ITC,ITC1,1,Piemonte,Piemonte,4356406,4009990,92.05,0.14
3664,2021-01-26,PIE,6332,1881,4451,731,5600,1,ITC,ITC1,1,Piemonte,Piemonte,4356406,4016322,92.19,0.15
3665,2021-01-14,PIE,9754,3146,6608,9748,0,6,ITC,ITC1,1,Piemonte,Piemonte,4356406,4026076,92.42,0.22
3666,2021-05-08,PIE,34264,16262,18002,18115,15634,515,ITC,ITC1,1,Piemonte,Piemonte,4356406,4060340,93.2,0.79
3667,2021-01-28,PIE,5588,1808,3780,380,5208,0,ITC,ITC1,1,Piemonte,Piemonte,4356406,4065928,93.33,0.13
3668,2021-02-14,PIE,1476,498,978,869,600,7,ITC,ITC1,1,Piemonte,Piemonte,4356406,4067404,93.37,0.03
3669,2021-06-03,PIE,34619,17884,16735,29704,4407,508,ITC,ITC1,1,Piemonte,Piemonte,4356406,4102023,94.16,0.79
3670,2021-06-20,PIE,34044,17074,16970,18735,14770,539,ITC,ITC1,1,Piemonte,Piemonte,4356406,4136067,94.94,0.78
3671,2021-03-12,PIE,14098,5327,8771,10885,2935,278,ITC,ITC1,1,Piemonte,Piemonte,4356406,4150165,95.27,0.32
3672,2021-07-04,PIE,33725,16998,16727,11233,21905,587,ITC,ITC1,1,Piemonte,Piemonte,4356406,4183890,96.04,0.77
3673,2021-03-26,PIE,17882,7103,10779,8475,8882,525,ITC,ITC1,1,Piemonte,Piemonte,4356406,4201772,96.45,0.41
3674,2021-01-13,PIE,10072,3225,6847,10063,0,9,ITC,ITC1,1,Piemonte,Piemonte,4356406,4211844,96.68,0.23
3675,2021-06-16,PIE,40354,20227,20127,23500,16248,606,ITC,ITC1,1,Piemonte,Piemonte,4356406,4252198,97.61,0.93
3676,2021-01-06,PIE,3107,1103,2004,3106,0,1,ITC,ITC1,1,Piemonte,Piemonte,4356406,4255305,97.68,0.07
3677,2021-06-23,PIE,39681,19702,19979,16380,22828,473,ITC,ITC1,1,Piemonte,Piemonte,4356406,4294986,98.59,0.91
3678,2021-03-08,PIE,14130,5462,8668,11187,2711,232,ITC,ITC1,1,Piemonte,Piemonte,4356406,4309116,98.91,0.32
3679,2021-05-04,PIE,28577,13140,15437,15893,12179,505,ITC,ITC1,1,Piemonte,Piemonte,4356406,4337693,99.57,0.66
3680,2021-01-24,PIE,3153,959,2194,432,2719,2,ITC,ITC1,1,Piemonte,Piemonte,4356406,4340846,99.64,0.07
3681,2021-06-30,PIE,41202,20152,21050,18463,21924,815,ITC,ITC1,1,Piemonte,Piemonte,4356406,4382048,100.59,0.95
3682,2021-03-22,PIE,11524,4892,6632,3715,7600,209,ITC,ITC1,1,Piemonte,Piemonte,4356406,4393572,100.85,0.26
3683,2021-04-27,PIE,22611,10217,12394,16832,5145,634,ITC,ITC1,1,Piemonte,Piemonte,4356406,4416183,101.37,0.52
3684,2021-01-17,PIE,3515,1168,2347,2864,649,2,ITC,ITC1,1,Piemonte,Piemonte,4356406,4419698,101.45,0.08
3685,2021-03-15,PIE,10680,4193,6487,4917,5611,152,ITC,ITC1,1,Piemonte,Piemonte,4356406,4430378,101.7,0.25
3686,2021-05-11,PIE,32050,15447,16603,18185,13227,638,ITC,ITC1,1,Piemonte,Piemonte,4356406,4462428,102.43,0.74
3687,2021-01-31,PIE,4114,1754,2360,111,4003,0,ITC,ITC1,1,Piemonte,Piemonte,4356406,4466542,102.53,0.09
3688,2021-07-18,PIE,32863,17241,15622,3276,29303,284,ITC,ITC1,1,Piemonte,Piemonte,4356406,4499405,103.28,0.75
3689,2021-02-07,PIE,3083,971,2112,440,2642,1,ITC,ITC1,1,Piemonte,Piemonte,4356406,4502488,103.35,0.07
3690,2021-07-11,PIE,33128,16888,16240,4519,28307,302,ITC,ITC1,1,Piemonte,Piemonte,4356406,4535616,104.11,0.76
3691,2021-05-22,PIE,33487,15121,18366,16868,16216,403,ITC,ITC1,1,Piemonte,Piemonte,4356406,4569103,104.88,0.77
3692,2021-02-25,SIC,9941,5204,4737,8691,1164,86,ITG,ITG1,19,Sicilia,Sicilia,4999891,9941,0.2,0.2
3693,2021-06-05,SIC,59930,28508,31422,48733,10578,619,ITG,ITG1,19,Sicilia,Sicilia,4999891,69871,1.4,1.2
3694,2021-03-14,SIC,8774,3927,4847,4886,3837,51,ITG,ITG1,19,Sicilia,Sicilia,4999891,78645,1.57,0.18
3695,2021-02-11,SIC,5236,2059,3177,4656,463,117,ITG,ITG1,19,Sicilia,Sicilia,4999891,83881,1.68,0.1
3696,2021-06-19,SIC,44262,21044,23218,18752,25192,318,ITG,ITG1,19,Sicilia,Sicilia,4999891,128143,2.56,0.89
3697,2021-04-23,SIC,28566,13696,14870,22364,5837,365,ITG,ITG1,19,Sicilia,Sicilia,4999891,156709,3.13,0.57
3698,2021-06-26,SIC,37250,17771,19479,16356,20596,298,ITG,ITG1,19,Sicilia,Sicilia,4999891,193959,3.88,0.75
3699,2021-04-30,SIC,35023,16344,18679,23541,11031,451,ITG,ITG1,19,Sicilia,Sicilia,4999891,228982,4.58,0.7
3700,2021-01-30,SIC,7697,3537,4160,163,7532,2,ITG,ITG1,19,Sicilia,Sicilia,4999891,236679,4.73,0.15
3701,2021-03-28,SIC,10983,5148,5835,6910,4011,62,ITG,ITG1,19,Sicilia,Sicilia,4999891,247662,4.95,0.22
3702,2021-07-15,SIC,48334,22441,25893,7991,40082,261,ITG,ITG1,19,Sicilia,Sicilia,4999891,295996,5.92,0.97
3703,2021-04-04,SIC,6805,3322,3483,5451,1292,62,ITG,ITG1,19,Sicilia,Sicilia,4999891,302801,6.06,0.14
3704,2021-02-13,SIC,2978,1123,1855,2687,255,36,ITG,ITG1,19,Sicilia,Sicilia,4999891,305779,6.12,0.06
3705,2021-05-24,SIC,35873,17436,18437,15588,20052,233,ITG,ITG1,19,Sicilia,Sicilia,4999891,341652,6.83,0.72
3706,2021-05-17,SIC,31900,15395,16505,18997,12617,286,ITG,ITG1,19,Sicilia,Sicilia,4999891,373552,7.47,0.64
3707,2021-03-21,SIC,15218,7341,7877,11181,3969,68,ITG,ITG1,19,Sicilia,Sicilia,4999891,388770,7.78,0.3
3708,2021-02-06,SIC,4700,2099,2601,1445,3234,21,ITG,ITG1,19,Sicilia,Sicilia,4999891,393470,7.87,0.09
3709,2021-04-11,SIC,15367,7590,7777,8234,7030,103,ITG,ITG1,19,Sicilia,Sicilia,4999891,408837,8.18,0.31
3710,2021-07-20,SIC,48479,23615,24864,12802,35328,349,ITG,ITG1,19,Sicilia,Sicilia,4999891,457316,9.15,0.97
3711,2020-12-30,SIC,185,109,76,184,0,1,ITG,ITG1,19,Sicilia,Sicilia,4999891,457501,9.15,0.0
3712,2021-01-16,SIC,2716,1211,1505,2695,0,21,ITG,ITG1,19,Sicilia,Sicilia,4999891,460217,9.2,0.05
3713,2021-07-01,SIC,30958,14062,16896,10720,19983,255,ITG,ITG1,19,Sicilia,Sicilia,4999891,491175,9.82,0.62
3714,2021-04-09,SIC,20272,9875,10397,10946,9076,250,ITG,ITG1,19,Sicilia,Sicilia,4999891,511447,10.23,0.41
3715,2021-03-23,SIC,20941,10080,10861,15224,5565,152,ITG,ITG1,19,Sicilia,Sicilia,4999891,532388,10.65,0.42
3716,2021-06-24,SIC,42272,19624,22648,17571,24347,354,ITG,ITG1,19,Sicilia,Sicilia,4999891,574660,11.49,0.85
3717,2021-06-07,SIC,49679,23412,26267,41114,8036,529,ITG,ITG1,19,Sicilia,Sicilia,4999891,624339,12.49,0.99
3718,2021-01-25,SIC,7433,3679,3754,279,7147,7,ITG,ITG1,19,Sicilia,Sicilia,4999891,631772,12.64,0.15
3719,2021-05-05,SIC,26309,12191,14118,16257,9628,424,ITG,ITG1,19,Sicilia,Sicilia,4999891,658081,13.16,0.53
3720,2021-05-19,SIC,42853,20759,22094,28186,14301,366,ITG,ITG1,19,Sicilia,Sicilia,4999891,700934,14.02,0.86
3721,2021-03-02,SIC,14754,6371,8383,11864,2777,113,ITG,ITG1,19,Sicilia,Sicilia,4999891,715688,14.31,0.3
3722,2021-01-04,SIC,8435,4215,4220,8390,0,45,ITG,ITG1,19,Sicilia,Sicilia,4999891,724123,14.48,0.17
3723,2021-01-18,SIC,1596,654,942,1430,155,11,ITG,ITG1,19,Sicilia,Sicilia,4999891,725719,14.51,0.03
3724,2021-04-28,SIC,29268,13715,15553,19731,9154,383,ITG,ITG1,19,Sicilia,Sicilia,4999891,754987,15.1,0.59
3725,2021-05-31,SIC,38079,17145,20934,21271,16511,297,ITG,ITG1,19,Sicilia,Sicilia,4999891,793066,15.86,0.76
3726,2021-04-16,SIC,28850,14491,14359,20253,8294,303,ITG,ITG1,19,Sicilia,Sicilia,4999891,821916,16.44,0.58
3727,2021-01-23,SIC,4445,2289,2156,192,4243,10,ITG,ITG1,19,Sicilia,Sicilia,4999891,826361,16.53,0.09
3728,2021-01-06,SIC,6245,3288,2957,6185,0,60,ITG,ITG1,19,Sicilia,Sicilia,4999891,832606,16.65,0.12
3729,2021-04-02,SIC,13883,6548,7335,9041,4736,106,ITG,ITG1,19,Sicilia,Sicilia,4999891,846489,16.93,0.28
3730,2021-02-10,SIC,4353,1775,2578,3888,381,84,ITG,ITG1,19,Sicilia,Sicilia,4999891,850842,17.02,0.09
3731,2021-05-21,SIC,48672,23060,25612,26660,21590,422,ITG,ITG1,19,Sicilia,Sicilia,4999891,899514,17.99,0.97
3732,2021-07-13,SIC,46054,21145,24909,6893,38947,214,ITG,ITG1,19,Sicilia,Sicilia,4999891,945568,18.91,0.92
3733,2021-06-04,SIC,57848,26760,31088,45405,11944,499,ITG,ITG1,19,Sicilia,Sicilia,4999891,1003416,20.07,1.16
3734,2021-03-04,SIC,15228,6689,8539,10985,4117,126,ITG,ITG1,19,Sicilia,Sicilia,4999891,1018644,20.37,0.3
3735,2021-06-12,SIC,45779,22394,23385,39367,5888,524,ITG,ITG1,19,Sicilia,Sicilia,4999891,1064423,21.29,0.92
3736,2021-05-07,SIC,36561,17261,19300,24621,11614,326,ITG,ITG1,19,Sicilia,Sicilia,4999891,1100984,22.02,0.73
3737,2021-03-11,SIC,15434,6700,8734,12876,2418,140,ITG,ITG1,19,Sicilia,Sicilia,4999891,1116418,22.33,0.31
3738,2021-01-27,SIC,7296,3714,3582,175,7120,1,ITG,ITG1,19,Sicilia,Sicilia,4999891,1123714,22.47,0.15
3739,2021-01-13,SIC,5180,2440,2740,5146,0,34,ITG,ITG1,19,Sicilia,Sicilia,4999891,1128894,22.58,0.1
3740,2021-02-04,SIC,6753,3076,3677,1423,5301,29,ITG,ITG1,19,Sicilia,Sicilia,4999891,1135647,22.71,0.14
3741,2021-01-01,SIC,819,438,381,815,0,4,ITG,ITG1,19,Sicilia,Sicilia,4999891,1136466,22.73,0.02
3742,2021-04-20,SIC,18996,9004,9992,13456,5248,292,ITG,ITG1,19,Sicilia,Sicilia,4999891,1155462,23.11,0.38
3743,2021-02-23,SIC,8745,4634,4111,8198,466,81,ITG,ITG1,19,Sicilia,Sicilia,4999891,1164207,23.28,0.17
3744,2021-03-09,SIC,13155,5764,7391,10831,2200,124,ITG,ITG1,19,Sicilia,Sicilia,4999891,1177362,23.55,0.26
3745,2021-01-11,SIC,5829,2573,3256,5771,0,58,ITG,ITG1,19,Sicilia,Sicilia,4999891,1183191,23.66,0.12
3746,2020-12-28,SIC,218,132,86,217,0,1,ITG,ITG1,19,Sicilia,Sicilia,4999891,1183409,23.67,0.0
3747,2021-06-16,SIC,40402,18789,21613,21243,18802,357,ITG,ITG1,19,Sicilia,Sicilia,4999891,1223811,24.48,0.81
3748,2021-03-16,SIC,9619,4321,5298,3555,5996,68,ITG,ITG1,19,Sicilia,Sicilia,4999891,1233430,24.67,0.19
3749,2021-07-08,SIC,38342,17470,20872,6524,31601,217,ITG,ITG1,19,Sicilia,Sicilia,4999891,1271772,25.44,0.77
3750,2021-02-27,SIC,12235,5501,6734,10935,1204,96,ITG,ITG1,19,Sicilia,Sicilia,4999891,1284007,25.68,0.24
3751,2021-07-12,SIC,48972,22572,26400,6469,42308,195,ITG,ITG1,19,Sicilia,Sicilia,4999891,1332979,26.66,0.98
3752,2021-02-08,SIC,3884,1680,2204,2080,1755,49,ITG,ITG1,19,Sicilia,Sicilia,4999891,1336863,26.74,0.08
3753,2021-02-18,SIC,5332,3139,2193,4837,430,65,ITG,ITG1,19,Sicilia,Sicilia,4999891,1342195,26.84,0.11
3754,2021-05-12,SIC,36837,17366,19471,21393,14915,529,ITG,ITG1,19,Sicilia,Sicilia,4999891,1379032,27.58,0.74
3755,2021-07-17,SIC,49314,24284,25030,9335,39682,297,ITG,ITG1,19,Sicilia,Sicilia,4999891,1428346,28.57,0.99
3756,2021-04-08,SIC,18032,8871,9161,8770,9110,152,ITG,ITG1,19,Sicilia,Sicilia,4999891,1446378,28.93,0.36
3757,2021-04-01,SIC,14292,6617,7675,9496,4665,131,ITG,ITG1,19,Sicilia,Sicilia,4999891,1460670,29.21,0.29
3758,2021-07-10,SIC,46870,22324,24546,6059,40608,203,ITG,ITG1,19,Sicilia,Sicilia,4999891,1507540,30.15,0.94
3759,2021-06-23,SIC,44449,20679,23770,17883,26236,330,ITG,ITG1,19,Sicilia,Sicilia,4999891,1551989,31.04,0.89
3760,2021-04-06,SIC,17743,8478,9265,13262,4283,198,ITG,ITG1,19,Sicilia,Sicilia,4999891,1569732,31.4,0.35
3761,2021-02-22,SIC,7946,4132,3814,7375,493,78,ITG,ITG1,19,Sicilia,Sicilia,4999891,1577678,31.55,0.16
3762,2020-12-27,SIC,92,55,37,91,0,1,ITG,ITG1,19,Sicilia,Sicilia,4999891,1577770,31.56,0.0
3763,2021-06-02,SIC,35282,16298,18984,27108,7780,394,ITG,ITG1,19,Sicilia,Sicilia,4999891,1613052,32.26,0.71
3764,2021-03-01,SIC,12764,6071,6693,10983,1657,124,ITG,ITG1,19,Sicilia,Sicilia,4999891,1625816,32.52,0.26
3765,2021-06-09,SIC,49780,23677,26103,41910,7253,617,ITG,ITG1,19,Sicilia,Sicilia,4999891,1675596,33.51,1.0
3766,2021-01-20,SIC,961,510,451,689,269,3,ITG,ITG1,19,Sicilia,Sicilia,4999891,1676557,33.53,0.02
3767,2021-03-18,SIC,15363,7717,7646,9742,5571,50,ITG,ITG1,19,Sicilia,Sicilia,4999891,1691920,33.84,0.31
3768,2021-02-15,SIC,3730,1733,1997,3092,564,74,ITG,ITG1,19,Sicilia,Sicilia,4999891,1695650,33.91,0.07
3769,2021-07-22,SIC,40645,19983,20662,11251,29111,283,ITG,ITG1,19,Sicilia,Sicilia,4999891,1736295,34.73,0.81
3770,2021-05-26,SIC,44686,21011,23675,23893,20450,343,ITG,ITG1,19,Sicilia,Sicilia,4999891,1780981,35.62,0.89
3771,2021-01-03,SIC,4791,2502,2289,4761,0,30,ITG,ITG1,19,Sicilia,Sicilia,4999891,1785772,35.72,0.1
3772,2021-04-13,SIC,20239,9865,10374,11242,8835,162,ITG,ITG1,19,Sicilia,Sicilia,4999891,1806011,36.12,0.4
3773,2021-03-25,SIC,20461,9528,10933,14746,5543,172,ITG,ITG1,19,Sicilia,Sicilia,4999891,1826472,36.53,0.41
3774,2021-07-03,SIC,33911,16298,17613,9035,24637,239,ITG,ITG1,19,Sicilia,Sicilia,4999891,1860383,37.21,0.68
3775,2021-03-06,SIC,12639,5058,7581,9761,2782,96,ITG,ITG1,19,Sicilia,Sicilia,4999891,1873022,37.46,0.25
3776,2021-06-14,SIC,43478,20650,22828,28164,14892,422,ITG,ITG1,19,Sicilia,Sicilia,4999891,1916500,38.33,0.87
3777,2021-05-28,SIC,51242,22974,28268,24307,26520,415,ITG,ITG1,19,Sicilia,Sicilia,4999891,1967742,39.36,1.02
3778,2021-02-20,SIC,7139,3692,3447,6801,241,97,ITG,ITG1,19,Sicilia,Sicilia,4999891,1974881,39.5,0.14
3779,2021-02-03,SIC,5924,2781,3143,713,5203,8,ITG,ITG1,19,Sicilia,Sicilia,4999891,1980805,39.62,0.12
3780,2021-04-27,SIC,26417,12669,13748,15173,10921,323,ITG,ITG1,19,Sicilia,Sicilia,4999891,2007222,40.15,0.53
3781,2021-05-14,SIC,52182,24464,27718,35761,15668,753,ITG,ITG1,19,Sicilia,Sicilia,4999891,2059404,41.19,1.04
3782,2021-01-24,SIC,4326,2263,2063,131,4193,2,ITG,ITG1,19,Sicilia,Sicilia,4999891,2063730,41.28,0.09
3783,2021-05-04,SIC,26847,12470,14377,17160,9293,394,ITG,ITG1,19,Sicilia,Sicilia,4999891,2090577,41.81,0.54
3784,2021-01-22,SIC,1286,641,645,261,1023,2,ITG,ITG1,19,Sicilia,Sicilia,4999891,2091863,41.84,0.03
3785,2021-01-08,SIC,8125,3786,4339,8036,0,89,ITG,ITG1,19,Sicilia,Sicilia,4999891,2099988,42.0,0.16
3786,2021-04-18,SIC,19825,9914,9911,15286,4360,179,ITG,ITG1,19,Sicilia,Sicilia,4999891,2119813,42.4,0.4
3787,2021-02-07,SIC,2322,982,1340,665,1648,9,ITG,ITG1,19,Sicilia,Sicilia,4999891,2122135,42.44,0.05
3788,2021-07-14,SIC,47501,22000,25501,7942,39305,254,ITG,ITG1,19,Sicilia,Sicilia,4999891,2169636,43.39,0.95
3789,2021-05-18,SIC,36112,17384,18728,23243,12474,395,ITG,ITG1,19,Sicilia,Sicilia,4999891,2205748,44.12,0.72
3790,2021-07-21,SIC,42906,20956,21950,10620,31976,310,ITG,ITG1,19,Sicilia,Sicilia,4999891,2248654,44.97,0.86
3791,2021-07-07,SIC,35429,16208,19221,6056,29139,234,ITG,ITG1,19,Sicilia,Sicilia,4999891,2284083,45.68,0.71
3792,2021-05-25,SIC,33543,15424,18119,13939,19347,257,ITG,ITG1,19,Sicilia,Sicilia,4999891,2317626,46.35,0.67
3793,2021-03-29,SIC,15030,7074,7956,10397,4497,136,ITG,ITG1,19,Sicilia,Sicilia,4999891,2332656,46.65,0.3
3794,2021-01-10,SIC,3535,1579,1956,3514,0,21,ITG,ITG1,19,Sicilia,Sicilia,4999891,2336191,46.72,0.07
3795,2021-01-05,SIC,10357,5090,5267,10281,0,76,ITG,ITG1,19,Sicilia,Sicilia,4999891,2346548,46.93,0.21
3796,2021-04-15,SIC,21555,10484,11071,12008,9340,207,ITG,ITG1,19,Sicilia,Sicilia,4999891,2368103,47.36,0.43
3797,2021-01-19,SIC,1508,666,842,1264,230,14,ITG,ITG1,19,Sicilia,Sicilia,4999891,2369611,47.39,0.03
3798,2021-06-11,SIC,49924,23818,26106,41566,7702,656,ITG,ITG1,19,Sicilia,Sicilia,4999891,2419535,48.39,1.0
3799,2021-04-29,SIC,31795,14833,16962,21801,9556,438,ITG,ITG1,19,Sicilia,Sicilia,4999891,2451330,49.03,0.64
3800,2021-03-03,SIC,14564,6544,8020,11373,3067,124,ITG,ITG1,19,Sicilia,Sicilia,4999891,2465894,49.32,0.29
3801,2021-01-15,SIC,5253,2295,2958,5186,0,67,ITG,ITG1,19,Sicilia,Sicilia,4999891,2471147,49.42,0.11
3802,2021-04-25,SIC,21394,10204,11190,16153,5015,226,ITG,ITG1,19,Sicilia,Sicilia,4999891,2492541,49.85,0.43
3803,2021-02-01,SIC,5907,2626,3281,304,5590,13,ITG,ITG1,19,Sicilia,Sicilia,4999891,2498448,49.97,0.12
3804,2021-03-22,SIC,16679,7915,8764,11164,5424,91,ITG,ITG1,19,Sicilia,Sicilia,4999891,2515127,50.3,0.33
3805,2021-06-30,SIC,32543,15005,17538,11399,20827,317,ITG,ITG1,19,Sicilia,Sicilia,4999891,2547670,50.95,0.65
3806,2020-12-29,SIC,243,152,91,243,0,0,ITG,ITG1,19,Sicilia,Sicilia,4999891,2547913,50.96,0.0
3807,2021-06-13,SIC,34536,17160,17376,30599,3504,433,ITG,ITG1,19,Sicilia,Sicilia,4999891,2582449,51.65,0.69
3808,2021-06-01,SIC,38984,17720,21264,24596,14038,350,ITG,ITG1,19,Sicilia,Sicilia,4999891,2621433,52.43,0.78
3809,2021-04-05,SIC,8015,3954,4061,6511,1440,64,ITG,ITG1,19,Sicilia,Sicilia,4999891,2629448,52.59,0.16
3810,2021-02-19,SIC,4979,2695,2284,4333,564,82,ITG,ITG1,19,Sicilia,Sicilia,4999891,2634427,52.69,0.1
3811,2021-03-08,SIC,13494,5953,7541,10766,2613,115,ITG,ITG1,19,Sicilia,Sicilia,4999891,2647921,52.96,0.27
3812,2021-05-30,SIC,35764,16169,19595,17421,18045,298,ITG,ITG1,19,Sicilia,Sicilia,4999891,2683685,53.67,0.72
3813,2021-05-13,SIC,47454,22250,25204,30297,16537,620,ITG,ITG1,19,Sicilia,Sicilia,4999891,2731139,54.62,0.95
3814,2021-03-30,SIC,14559,6760,7799,9701,4764,94,ITG,ITG1,19,Sicilia,Sicilia,4999891,2745698,54.92,0.29
3815,2021-03-13,SIC,12210,5387,6823,7626,4493,91,ITG,ITG1,19,Sicilia,Sicilia,4999891,2757908,55.16,0.24
3816,2021-04-17,SIC,26000,13151,12849,18672,7065,263,ITG,ITG1,19,Sicilia,Sicilia,4999891,2783908,55.68,0.52
3817,2021-03-17,SIC,15051,7438,7613,9080,5847,124,ITG,ITG1,19,Sicilia,Sicilia,4999891,2798959,55.98,0.3
3818,2021-06-25,SIC,39760,18664,21096,17364,22064,332,ITG,ITG1,19,Sicilia,Sicilia,4999891,2838719,56.78,0.8
3819,2021-07-09,SIC,44753,20622,24131,6413,38166,174,ITG,ITG1,19,Sicilia,Sicilia,4999891,2883472,57.67,0.9
3820,2021-02-24,SIC,9378,4805,4573,8709,565,104,ITG,ITG1,19,Sicilia,Sicilia,4999891,2892850,57.86,0.19
3821,2021-01-21,SIC,1443,710,733,490,942,11,ITG,ITG1,19,Sicilia,Sicilia,4999891,2894293,57.89,0.03
3822,2021-05-01,SIC,24441,11312,13129,19003,5164,274,ITG,ITG1,19,Sicilia,Sicilia,4999891,2918734,58.38,0.49
3823,2021-06-20,SIC,33394,15804,17590,15116,18019,259,ITG,ITG1,19,Sicilia,Sicilia,4999891,2952128,59.04,0.67
3824,2021-04-22,SIC,26736,12628,14108,19880,6458,398,ITG,ITG1,19,Sicilia,Sicilia,4999891,2978864,59.58,0.53
3825,2021-03-10,SIC,13931,6123,7808,11615,2185,131,ITG,ITG1,19,Sicilia,Sicilia,4999891,2992795,59.86,0.28
3826,2021-01-12,SIC,4328,2122,2206,4284,0,44,ITG,ITG1,19,Sicilia,Sicilia,4999891,2997123,59.94,0.09
3827,2021-06-18,SIC,43581,20145,23436,18853,24360,368,ITG,ITG1,19,Sicilia,Sicilia,4999891,3040704,60.82,0.87
3828,2021-06-27,SIC,25303,12200,13103,12100,12977,226,ITG,ITG1,19,Sicilia,Sicilia,4999891,3066007,61.32,0.51
3829,2021-05-15,SIC,56480,26387,30093,40352,15237,891,ITG,ITG1,19,Sicilia,Sicilia,4999891,3122487,62.45,1.13
3830,2021-03-19,SIC,16310,8052,8258,10650,5572,88,ITG,ITG1,19,Sicilia,Sicilia,4999891,3138797,62.78,0.33
3831,2021-04-10,SIC,20434,9972,10462,11314,8963,157,ITG,ITG1,19,Sicilia,Sicilia,4999891,3159231,63.19,0.41
3832,2021-01-17,SIC,1307,594,713,1237,61,9,ITG,ITG1,19,Sicilia,Sicilia,4999891,3160538,63.21,0.03
3833,2021-07-02,SIC,30542,14222,16320,9923,20337,282,ITG,ITG1,19,Sicilia,Sicilia,4999891,3191080,63.82,0.61
3834,2021-07-19,SIC,48854,23525,25329,11677,36822,355,ITG,ITG1,19,Sicilia,Sicilia,4999891,3239934,64.8,0.98
3835,2021-03-15,SIC,10671,4725,5946,5647,4948,76,ITG,ITG1,19,Sicilia,Sicilia,4999891,3250605,65.01,0.21
3836,2021-06-06,SIC,49523,23918,25605,41147,7821,555,ITG,ITG1,19,Sicilia,Sicilia,4999891,3300128,66.0,0.99
3837,2021-02-26,SIC,11975,5875,6100,10181,1681,113,ITG,ITG1,19,Sicilia,Sicilia,4999891,3312103,66.24,0.24
3838,2021-05-06,SIC,29470,14007,15463,18170,10830,470,ITG,ITG1,19,Sicilia,Sicilia,4999891,3341573,66.83,0.59
3839,2021-03-31,SIC,14520,6706,7814,9448,4932,140,ITG,ITG1,19,Sicilia,Sicilia,4999891,3356093,67.12,0.29
3840,2021-01-31,SIC,4035,1928,2107,110,3923,2,ITG,ITG1,19,Sicilia,Sicilia,4999891,3360128,67.2,0.08
3841,2021-05-11,SIC,32677,15499,17178,19695,12489,493,ITG,ITG1,19,Sicilia,Sicilia,4999891,3392805,67.86,0.65
3842,2021-02-17,SIC,5218,3203,2015,4501,671,46,ITG,ITG1,19,Sicilia,Sicilia,4999891,3398023,67.96,0.1
3843,2021-04-24,SIC,31137,14695,16442,23120,7630,387,ITG,ITG1,19,Sicilia,Sicilia,4999891,3429160,68.58,0.62
3844,2021-07-06,SIC,37081,17149,19932,10284,26497,300,ITG,ITG1,19,Sicilia,Sicilia,4999891,3466241,69.33,0.74
3845,2021-05-10,SIC,28727,13789,14938,16239,12211,277,ITG,ITG1,19,Sicilia,Sicilia,4999891,3494968,69.9,0.57
3846,2021-03-26,SIC,17989,8355,9634,12355,5499,135,ITG,ITG1,19,Sicilia,Sicilia,4999891,3512957,70.26,0.36
3847,2021-01-28,SIC,9031,4272,4759,388,8642,1,ITG,ITG1,19,Sicilia,Sicilia,4999891,3521988,70.44,0.18
3848,2021-07-04,SIC,26521,12805,13716,7602,18750,169,ITG,ITG1,19,Sicilia,Sicilia,4999891,3548509,70.97,0.53
3849,2021-05-08,SIC,35630,17028,18602,24978,10298,354,ITG,ITG1,19,Sicilia,Sicilia,4999891,3584139,71.68,0.71
3850,2021-01-26,SIC,9558,4731,4827,242,9315,1,ITG,ITG1,19,Sicilia,Sicilia,4999891,3593697,71.88,0.19
3851,2021-04-12,SIC,19000,9209,9791,11485,7274,241,ITG,ITG1,19,Sicilia,Sicilia,4999891,3612697,72.26,0.38
3852,2021-02-14,SIC,1055,402,653,907,140,8,ITG,ITG1,19,Sicilia,Sicilia,4999891,3613752,72.28,0.02
3853,2021-01-02,SIC,4854,2529,2325,4824,0,30,ITG,ITG1,19,Sicilia,Sicilia,4999891,3618606,72.37,0.1
3854,2021-03-12,SIC,12865,5559,7306,10649,2067,149,ITG,ITG1,19,Sicilia,Sicilia,4999891,3631471,72.63,0.26
3855,2021-01-07,SIC,8940,4136,4804,8860,0,80,ITG,ITG1,19,Sicilia,Sicilia,4999891,3640411,72.81,0.18
3856,2021-02-09,SIC,4348,1800,2548,3247,1036,65,ITG,ITG1,19,Sicilia,Sicilia,4999891,3644759,72.9,0.09
3857,2021-03-05,SIC,15760,6836,8924,11379,4236,145,ITG,ITG1,19,Sicilia,Sicilia,4999891,3660519,73.21,0.32
3858,2021-02-16,SIC,4200,2207,1993,3664,465,71,ITG,ITG1,19,Sicilia,Sicilia,4999891,3664719,73.3,0.08
3859,2021-06-17,SIC,41829,19477,22352,20323,21140,366,ITG,ITG1,19,Sicilia,Sicilia,4999891,3706548,74.13,0.84
3860,2020-12-31,SIC,890,474,416,882,0,8,ITG,ITG1,19,Sicilia,Sicilia,4999891,3707438,74.15,0.02
3861,2021-06-22,SIC,39966,18367,21599,18291,21303,372,ITG,ITG1,19,Sicilia,Sicilia,4999891,3747404,74.95,0.8
3862,2021-05-22,SIC,48013,22805,25208,28301,19314,398,ITG,ITG1,19,Sicilia,Sicilia,4999891,3795417,75.91,0.96
3863,2021-02-28,SIC,7165,3062,4103,6484,630,51,ITG,ITG1,19,Sicilia,Sicilia,4999891,3802582,76.05,0.14
3864,2021-06-08,SIC,47693,22398,25295,40456,6704,533,ITG,ITG1,19,Sicilia,Sicilia,4999891,3850275,77.01,0.95
3865,2021-02-21,SIC,5168,2501,2667,5047,106,15,ITG,ITG1,19,Sicilia,Sicilia,4999891,3855443,77.11,0.1
3866,2021-04-26,SIC,21675,10262,11413,13291,8081,303,ITG,ITG1,19,Sicilia,Sicilia,4999891,3877118,77.54,0.43
3867,2021-02-02,SIC,5270,2471,2799,617,4643,10,ITG,ITG1,19,Sicilia,Sicilia,4999891,3882388,77.65,0.11
3868,2021-07-18,SIC,39300,19792,19508,8108,30964,228,ITG,ITG1,19,Sicilia,Sicilia,4999891,3921688,78.44,0.79
3869,2021-01-14,SIC,5252,2484,2768,5190,0,62,ITG,ITG1,19,Sicilia,Sicilia,4999891,3926940,78.54,0.11
3870,2021-06-29,SIC,31355,14685,16670,15647,15310,398,ITG,ITG1,19,Sicilia,Sicilia,4999891,3958295,79.17,0.63
3871,2021-03-07,SIC,9259,3454,5805,8116,1083,60,ITG,ITG1,19,Sicilia,Sicilia,4999891,3967554,79.35,0.19
3872,2021-06-15,SIC,46180,21760,24420,28229,17520,431,ITG,ITG1,19,Sicilia,Sicilia,4999891,4013734,80.28,0.92
3873,2021-03-24,SIC,20964,9868,11096,15038,5736,190,ITG,ITG1,19,Sicilia,Sicilia,4999891,4034698,80.7,0.42
3874,2021-05-29,SIC,47167,21461,25706,23528,23192,447,ITG,ITG1,19,Sicilia,Sicilia,4999891,4081865,81.64,0.94
3875,2021-01-09,SIC,7192,3390,3802,7132,0,60,ITG,ITG1,19,Sicilia,Sicilia,4999891,4089057,81.78,0.14
3876,2021-05-03,SIC,23297,10789,12508,13262,9788,247,ITG,ITG1,19,Sicilia,Sicilia,4999891,4112354,82.25,0.47
3877,2021-07-11,SIC,36031,16869,19162,3663,32273,95,ITG,ITG1,19,Sicilia,Sicilia,4999891,4148385,82.97,0.72
3878,2021-04-19,SIC,18282,8662,9620,12479,5581,222,ITG,ITG1,19,Sicilia,Sicilia,4999891,4166667,83.34,0.37
3879,2021-05-20,SIC,44060,21114,22946,27735,15912,413,ITG,ITG1,19,Sicilia,Sicilia,4999891,4210727,84.22,0.88
3880,2021-05-16,SIC,33698,16436,17262,21890,11515,293,ITG,ITG1,19,Sicilia,Sicilia,4999891,4244425,84.89,0.67
3881,2021-05-02,SIC,24602,11428,13174,17705,6601,296,ITG,ITG1,19,Sicilia,Sicilia,4999891,4269027,85.38,0.49
3882,2021-03-20,SIC,18587,8979,9608,13363,5138,86,ITG,ITG1,19,Sicilia,Sicilia,4999891,4287614,85.75,0.37
3883,2021-06-28,SIC,31902,14855,17047,14883,16728,291,ITG,ITG1,19,Sicilia,Sicilia,4999891,4319516,86.39,0.64
3884,2021-07-05,SIC,37507,17604,19903,8916,28359,232,ITG,ITG1,19,Sicilia,Sicilia,4999891,4357023,87.14,0.75
3885,2021-06-21,SIC,40242,18631,21611,18426,21493,323,ITG,ITG1,19,Sicilia,Sicilia,4999891,4397265,87.95,0.8
3886,2021-05-09,SIC,28409,13307,15102,19778,8285,346,ITG,ITG1,19,Sicilia,Sicilia,4999891,4425674,88.52,0.57
3887,2021-02-05,SIC,6741,2980,3761,2089,4614,38,ITG,ITG1,19,Sicilia,Sicilia,4999891,4432415,88.65,0.13
3888,2021-04-03,SIC,16415,7816,8599,13424,2835,156,ITG,ITG1,19,Sicilia,Sicilia,4999891,4448830,88.98,0.33
3889,2021-03-27,SIC,15656,7378,8278,10684,4852,120,ITG,ITG1,19,Sicilia,Sicilia,4999891,4464486,89.29,0.31
3890,2021-01-29,SIC,9185,4256,4929,413,8760,12,ITG,ITG1,19,Sicilia,Sicilia,4999891,4473671,89.48,0.18
3891,2021-02-12,SIC,4586,1811,2775,4242,266,78,ITG,ITG1,19,Sicilia,Sicilia,4999891,4478257,89.57,0.09
3892,2021-05-23,SIC,34088,16595,17493,19845,14014,229,ITG,ITG1,19,Sicilia,Sicilia,4999891,4512345,90.25,0.68
3893,2021-06-10,SIC,53005,24883,28122,45139,7218,648,ITG,ITG1,19,Sicilia,Sicilia,4999891,4565350,91.31,1.06
3894,2021-05-27,SIC,47567,21903,25664,24459,22694,414,ITG,ITG1,19,Sicilia,Sicilia,4999891,4612917,92.26,0.95
3895,2021-04-14,SIC,20573,9936,10637,11629,8759,185,ITG,ITG1,19,Sicilia,Sicilia,4999891,4633490,92.67,0.41
3896,2021-07-23,SIC,18820,9299,9521,5313,13379,128,ITG,ITG1,19,Sicilia,Sicilia,4999891,4652310,93.05,0.38
3897,2021-04-21,SIC,22391,10746,11645,16003,6119,269,ITG,ITG1,19,Sicilia,Sicilia,4999891,4674701,93.5,0.45
3898,2021-04-07,SIC,16047,7912,8135,8451,7421,175,ITG,ITG1,19,Sicilia,Sicilia,4999891,4690748,93.82,0.32
3899,2021-07-16,SIC,49247,23294,25953,8712,40254,281,ITG,ITG1,19,Sicilia,Sicilia,4999891,4739995,94.8,0.98
3900,2021-06-03,SIC,45969,21087,24882,33762,11693,514,ITG,ITG1,19,Sicilia,Sicilia,4999891,4785964,95.72,0.92
3901,2021-04-23,SAR,12868,5747,7121,7243,5486,139,ITG,ITG2,20,Sardegna,Sardegna,1639591,12868,0.78,0.78
3902,2021-05-10,SAR,9741,4342,5399,7034,2538,169,ITG,ITG2,20,Sardegna,Sardegna,1639591,22609,1.38,0.59
3903,2021-01-30,SAR,3866,1393,2473,363,3503,0,ITG,ITG2,20,Sardegna,Sardegna,1639591,26475,1.61,0.24
3904,2021-01-16,SAR,1491,525,966,1491,0,0,ITG,ITG2,20,Sardegna,Sardegna,1639591,27966,1.71,0.09
3905,2021-02-11,SAR,1311,488,823,1200,111,0,ITG,ITG2,20,Sardegna,Sardegna,1639591,29277,1.79,0.08
3906,2021-05-24,SAR,14471,7256,7215,8354,5985,132,ITG,ITG2,20,Sardegna,Sardegna,1639591,43748,2.67,0.88
3907,2021-02-13,SAR,1446,562,884,1440,2,4,ITG,ITG2,20,Sardegna,Sardegna,1639591,45194,2.76,0.09
3908,2021-05-29,SAR,17993,8647,9346,13234,4592,167,ITG,ITG2,20,Sardegna,Sardegna,1639591,63187,3.85,1.1
3909,2021-02-18,SAR,1876,731,1145,1775,64,37,ITG,ITG2,20,Sardegna,Sardegna,1639591,65063,3.97,0.11
3910,2021-04-09,SAR,12305,5470,6835,7829,4356,120,ITG,ITG2,20,Sardegna,Sardegna,1639591,77368,4.72,0.75
3911,2021-07-20,SAR,16143,7927,8216,3650,12403,90,ITG,ITG2,20,Sardegna,Sardegna,1639591,93511,5.7,0.98
3912,2021-04-11,SAR,5398,2444,2954,4251,1121,26,ITG,ITG2,20,Sardegna,Sardegna,1639591,98909,6.03,0.33
3913,2021-06-07,SAR,12562,6143,6419,9436,3004,122,ITG,ITG2,20,Sardegna,Sardegna,1639591,111471,6.8,0.77
3914,2021-02-04,SAR,2270,815,1455,910,1357,3,ITG,ITG2,20,Sardegna,Sardegna,1639591,113741,6.94,0.14
3915,2021-04-02,SAR,8984,3548,5436,5590,3243,151,ITG,ITG2,20,Sardegna,Sardegna,1639591,122725,7.49,0.55
3916,2021-05-19,SAR,17027,8667,8360,12632,4239,156,ITG,ITG2,20,Sardegna,Sardegna,1639591,139752,8.52,1.04
3917,2021-06-05,SAR,17879,8436,9443,11286,6459,134,ITG,ITG2,20,Sardegna,Sardegna,1639591,157631,9.61,1.09
3918,2021-02-25,SAR,2896,1254,1642,2261,604,31,ITG,ITG2,20,Sardegna,Sardegna,1639591,160527,9.79,0.18
3919,2021-03-14,SAR,605,377,228,596,0,9,ITG,ITG2,20,Sardegna,Sardegna,1639591,161132,9.83,0.04
3920,2021-07-01,SAR,19831,9763,10068,7256,12483,92,ITG,ITG2,20,Sardegna,Sardegna,1639591,180963,11.04,1.21
3921,2021-03-23,SAR,6410,2880,3530,5179,1079,152,ITG,ITG2,20,Sardegna,Sardegna,1639591,187373,11.43,0.39
3922,2021-07-15,SAR,18777,9237,9540,4647,14031,99,ITG,ITG2,20,Sardegna,Sardegna,1639591,206150,12.57,1.15
3923,2021-05-12,SAR,11137,5261,5876,7793,3138,206,ITG,ITG2,20,Sardegna,Sardegna,1639591,217287,13.25,0.68
3924,2021-03-09,SAR,5529,2738,2791,4744,728,57,ITG,ITG2,20,Sardegna,Sardegna,1639591,222816,13.59,0.34
3925,2021-05-05,SAR,10175,4649,5526,7953,2027,195,ITG,ITG2,20,Sardegna,Sardegna,1639591,232991,14.21,0.62
3926,2021-06-19,SAR,15340,7514,7826,9119,6122,99,ITG,ITG2,20,Sardegna,Sardegna,1639591,248331,15.15,0.94
3927,2021-07-06,SAR,15920,7718,8202,4664,11160,96,ITG,ITG2,20,Sardegna,Sardegna,1639591,264251,16.12,0.97
3928,2021-03-28,SAR,4532,1792,2740,4391,78,63,ITG,ITG2,20,Sardegna,Sardegna,1639591,268783,16.39,0.28
3929,2021-01-04,SAR,587,215,372,587,0,0,ITG,ITG2,20,Sardegna,Sardegna,1639591,269370,16.43,0.04
3930,2021-06-12,SAR,14757,7195,7562,9941,4701,115,ITG,ITG2,20,Sardegna,Sardegna,1639591,284127,17.33,0.9
3931,2021-03-04,SAR,4363,2293,2070,3054,1255,54,ITG,ITG2,20,Sardegna,Sardegna,1639591,288490,17.6,0.27
3932,2021-03-21,SAR,4030,1809,2221,2571,1440,19,ITG,ITG2,20,Sardegna,Sardegna,1639591,292520,17.84,0.25
3933,2021-05-31,SAR,11366,5409,5957,8157,3110,99,ITG,ITG2,20,Sardegna,Sardegna,1639591,303886,18.53,0.69
3934,2021-04-18,SAR,5130,2225,2905,2230,2872,28,ITG,ITG2,20,Sardegna,Sardegna,1639591,309016,18.85,0.31
3935,2021-01-08,SAR,3257,1184,2073,3255,0,2,ITG,ITG2,20,Sardegna,Sardegna,1639591,312273,19.05,0.2
3936,2021-06-26,SAR,19129,9003,10126,5443,13611,75,ITG,ITG2,20,Sardegna,Sardegna,1639591,331402,20.21,1.17
3937,2021-05-07,SAR,14471,6635,7836,9718,4524,229,ITG,ITG2,20,Sardegna,Sardegna,1639591,345873,21.1,0.88
3938,2021-01-27,SAR,1414,498,916,78,1336,0,ITG,ITG2,20,Sardegna,Sardegna,1639591,347287,21.18,0.09
3939,2021-07-03,SAR,15839,7562,8277,3236,12572,31,ITG,ITG2,20,Sardegna,Sardegna,1639591,363126,22.15,0.97
3940,2021-07-13,SAR,17806,8524,9282,3253,14476,77,ITG,ITG2,20,Sardegna,Sardegna,1639591,380932,23.23,1.09
3941,2021-04-04,SAR,2,1,1,0,2,0,ITG,ITG2,20,Sardegna,Sardegna,1639591,380934,23.23,0.0
3942,2021-03-02,SAR,3034,1629,1405,1815,1153,66,ITG,ITG2,20,Sardegna,Sardegna,1639591,383968,23.42,0.19
3943,2021-04-28,SAR,9014,4277,4737,5167,3700,147,ITG,ITG2,20,Sardegna,Sardegna,1639591,392982,23.97,0.55
3944,2021-01-18,SAR,903,324,579,779,124,0,ITG,ITG2,20,Sardegna,Sardegna,1639591,393885,24.02,0.06
3945,2021-06-24,SAR,19194,9212,9982,8115,10978,101,ITG,ITG2,20,Sardegna,Sardegna,1639591,413079,25.19,1.17
3946,2021-03-16,SAR,4396,1953,2443,3434,922,40,ITG,ITG2,20,Sardegna,Sardegna,1639591,417475,25.46,0.27
3947,2021-04-21,SAR,12069,5552,6517,6439,5532,98,ITG,ITG2,20,Sardegna,Sardegna,1639591,429544,26.2,0.74
3948,2021-01-11,SAR,1182,504,678,1181,0,1,ITG,ITG2,20,Sardegna,Sardegna,1639591,430726,26.27,0.07
3949,2021-06-17,SAR,18466,8532,9934,9928,8417,121,ITG,ITG2,20,Sardegna,Sardegna,1639591,449192,27.4,1.13
3950,2021-04-30,SAR,11133,5300,5833,6754,4206,173,ITG,ITG2,20,Sardegna,Sardegna,1639591,460325,28.08,0.68
3951,2021-05-17,SAR,12819,6261,6558,9127,3545,147,ITG,ITG2,20,Sardegna,Sardegna,1639591,473144,28.86,0.78
3952,2021-02-06,SAR,1972,699,1273,564,1405,3,ITG,ITG2,20,Sardegna,Sardegna,1639591,475116,28.98,0.12
3953,2021-02-23,SAR,1565,1043,522,1270,280,15,ITG,ITG2,20,Sardegna,Sardegna,1639591,476681,29.07,0.1
3954,2021-05-02,SAR,5883,2670,3213,5215,577,91,ITG,ITG2,20,Sardegna,Sardegna,1639591,482564,29.43,0.36
3955,2020-12-28,SAR,65,25,40,65,0,0,ITG,ITG2,20,Sardegna,Sardegna,1639591,482629,29.44,0.0
3956,2021-06-14,SAR,13749,6640,7109,9995,3611,143,ITG,ITG2,20,Sardegna,Sardegna,1639591,496378,30.27,0.84
3957,2021-03-06,SAR,2635,1078,1557,781,1781,73,ITG,ITG2,20,Sardegna,Sardegna,1639591,499013,30.44,0.16
3958,2021-06-28,SAR,14991,7041,7950,3051,11875,65,ITG,ITG2,20,Sardegna,Sardegna,1639591,514004,31.35,0.91
3959,2021-04-06,SAR,7457,3122,4335,4971,2428,58,ITG,ITG2,20,Sardegna,Sardegna,1639591,521461,31.8,0.45
3960,2020-12-27,SAR,65,34,31,65,0,0,ITG,ITG2,20,Sardegna,Sardegna,1639591,521526,31.81,0.0
3961,2021-07-08,SAR,18439,8967,9472,3834,14522,83,ITG,ITG2,20,Sardegna,Sardegna,1639591,539965,32.93,1.12
3962,2021-04-16,SAR,14443,6487,7956,8940,5340,163,ITG,ITG2,20,Sardegna,Sardegna,1639591,554408,33.81,0.88
3963,2021-01-23,SAR,60,22,38,0,60,0,ITG,ITG2,20,Sardegna,Sardegna,1639591,554468,33.82,0.0
3964,2021-02-22,SAR,1638,948,690,1384,228,26,ITG,ITG2,20,Sardegna,Sardegna,1639591,556106,33.92,0.1
3965,2021-03-11,SAR,6414,3084,3330,5146,1200,68,ITG,ITG2,20,Sardegna,Sardegna,1639591,562520,34.31,0.39
3966,2021-01-13,SAR,574,178,396,574,0,0,ITG,ITG2,20,Sardegna,Sardegna,1639591,563094,34.34,0.04
3967,2021-07-17,SAR,12871,6301,6570,3179,9625,67,ITG,ITG2,20,Sardegna,Sardegna,1639591,575965,35.13,0.79
3968,2021-06-02,SAR,9785,4691,5094,8059,1640,86,ITG,ITG2,20,Sardegna,Sardegna,1639591,585750,35.73,0.6
3969,2021-04-20,SAR,10991,4988,6003,7693,3207,91,ITG,ITG2,20,Sardegna,Sardegna,1639591,596741,36.4,0.67
3970,2021-03-25,SAR,9107,3970,5137,7688,1303,116,ITG,ITG2,20,Sardegna,Sardegna,1639591,605848,36.95,0.56
3971,2021-05-21,SAR,22643,11206,11437,16263,6100,280,ITG,ITG2,20,Sardegna,Sardegna,1639591,628491,38.33,1.38
3972,2021-03-18,SAR,7255,3073,4182,5575,1607,73,ITG,ITG2,20,Sardegna,Sardegna,1639591,635746,38.77,0.44
3973,2021-05-14,SAR,14569,6866,7703,10765,3642,162,ITG,ITG2,20,Sardegna,Sardegna,1639591,650315,39.66,0.89
3974,2021-02-03,SAR,1119,419,700,424,694,1,ITG,ITG2,20,Sardegna,Sardegna,1639591,651434,39.73,0.07
3975,2021-07-10,SAR,14231,6885,7346,2704,11494,33,ITG,ITG2,20,Sardegna,Sardegna,1639591,665665,40.6,0.87
3976,2021-04-01,SAR,10153,4067,6086,7005,3012,136,ITG,ITG2,20,Sardegna,Sardegna,1639591,675818,41.22,0.62
3977,2021-06-16,SAR,17636,8277,9359,12168,5305,163,ITG,ITG2,20,Sardegna,Sardegna,1639591,693454,42.29,1.08
3978,2021-01-01,SAR,32,17,15,32,0,0,ITG,ITG2,20,Sardegna,Sardegna,1639591,693486,42.3,0.0
3979,2021-02-27,SAR,1915,642,1273,1318,556,41,ITG,ITG2,20,Sardegna,Sardegna,1639591,695401,42.41,0.12
3980,2021-07-22,SAR,18345,9272,9073,4501,13735,109,ITG,ITG2,20,Sardegna,Sardegna,1639591,713746,43.53,1.12
3981,2021-04-13,SAR,7618,3598,4020,5735,1825,58,ITG,ITG2,20,Sardegna,Sardegna,1639591,721364,44.0,0.46
3982,2021-06-09,SAR,15463,7367,8096,11575,3739,149,ITG,ITG2,20,Sardegna,Sardegna,1639591,736827,44.94,0.94
3983,2021-02-08,SAR,1467,532,935,852,614,1,ITG,ITG2,20,Sardegna,Sardegna,1639591,738294,45.03,0.09
3984,2021-06-04,SAR,14480,6931,7549,9769,4554,157,ITG,ITG2,20,Sardegna,Sardegna,1639591,752774,45.91,0.88
3985,2021-06-21,SAR,14018,6732,7286,5122,8824,72,ITG,ITG2,20,Sardegna,Sardegna,1639591,766792,46.77,0.85
3986,2021-03-13,SAR,2756,1075,1681,2436,281,39,ITG,ITG2,20,Sardegna,Sardegna,1639591,769548,46.94,0.17
3987,2021-03-30,SAR,8757,3582,5175,6345,2274,138,ITG,ITG2,20,Sardegna,Sardegna,1639591,778305,47.47,0.53
3988,2021-01-06,SAR,1613,547,1066,1613,0,0,ITG,ITG2,20,Sardegna,Sardegna,1639591,779918,47.57,0.1
3989,2021-05-28,SAR,17953,8698,9255,13489,4276,188,ITG,ITG2,20,Sardegna,Sardegna,1639591,797871,48.66,1.09
3990,2021-02-17,SAR,1404,577,827,1273,74,57,ITG,ITG2,20,Sardegna,Sardegna,1639591,799275,48.75,0.09
3991,2021-05-25,SAR,15140,7703,7437,8489,6476,175,ITG,ITG2,20,Sardegna,Sardegna,1639591,814415,49.67,0.92
3992,2021-06-11,SAR,14780,7024,7756,9092,5536,152,ITG,ITG2,20,Sardegna,Sardegna,1639591,829195,50.57,0.9
3993,2021-03-03,SAR,4112,2277,1835,2739,1297,76,ITG,ITG2,20,Sardegna,Sardegna,1639591,833307,50.82,0.25
3994,2021-04-25,SAR,4497,2269,2228,3673,778,46,ITG,ITG2,20,Sardegna,Sardegna,1639591,837804,51.1,0.27
3995,2021-01-15,SAR,1559,572,987,1557,0,2,ITG,ITG2,20,Sardegna,Sardegna,1639591,839363,51.19,0.1
3996,2021-02-01,SAR,1523,605,918,224,1299,0,ITG,ITG2,20,Sardegna,Sardegna,1639591,840886,51.29,0.09
3997,2021-05-09,SAR,6127,2873,3254,5114,926,87,ITG,ITG2,20,Sardegna,Sardegna,1639591,847013,51.66,0.37
3998,2021-05-26,SAR,15533,8188,7345,9702,5647,184,ITG,ITG2,20,Sardegna,Sardegna,1639591,862546,52.61,0.95
3999,2021-02-15,SAR,955,347,608,918,31,6,ITG,ITG2,20,Sardegna,Sardegna,1639591,863501,52.67,0.06
4000,2021-07-21,SAR,19401,9500,9901,3916,15401,84,ITG,ITG2,20,Sardegna,Sardegna,1639591,882902,53.85,1.18
4001,2021-02-10,SAR,1958,765,1193,1434,518,6,ITG,ITG2,20,Sardegna,Sardegna,1639591,884860,53.97,0.12
4002,2021-03-08,SAR,4686,2433,2253,3421,1222,43,ITG,ITG2,20,Sardegna,Sardegna,1639591,889546,54.25,0.29
4003,2021-05-04,SAR,9539,4385,5154,7541,1853,145,ITG,ITG2,20,Sardegna,Sardegna,1639591,899085,54.84,0.58
4004,2021-01-24,SAR,90,34,56,5,85,0,ITG,ITG2,20,Sardegna,Sardegna,1639591,899175,54.84,0.01
4005,2021-02-20,SAR,2040,854,1186,1683,334,23,ITG,ITG2,20,Sardegna,Sardegna,1639591,901215,54.97,0.12
4006,2021-04-29,SAR,11121,5105,6016,6618,4352,151,ITG,ITG2,20,Sardegna,Sardegna,1639591,912336,55.64,0.68
4007,2021-06-25,SAR,16497,7804,8693,3895,12545,57,ITG,ITG2,20,Sardegna,Sardegna,1639591,928833,56.65,1.01
4008,2021-01-10,SAR,2176,748,1428,2176,0,0,ITG,ITG2,20,Sardegna,Sardegna,1639591,931009,56.78,0.13
4009,2021-06-23,SAR,20539,9665,10874,6191,14257,91,ITG,ITG2,20,Sardegna,Sardegna,1639591,951548,58.04,1.25
4010,2021-05-18,SAR,14752,7378,7374,9447,5200,105,ITG,ITG2,20,Sardegna,Sardegna,1639591,966300,58.94,0.9
4011,2021-04-12,SAR,6993,3180,3813,5216,1713,64,ITG,ITG2,20,Sardegna,Sardegna,1639591,973293,59.36,0.43
4012,2021-01-02,SAR,60,21,39,60,0,0,ITG,ITG2,20,Sardegna,Sardegna,1639591,973353,59.37,0.0
4013,2021-06-08,SAR,14830,7070,7760,11172,3505,153,ITG,ITG2,20,Sardegna,Sardegna,1639591,988183,60.27,0.9
4014,2021-02-28,SAR,367,169,198,139,226,2,ITG,ITG2,20,Sardegna,Sardegna,1639591,988550,60.29,0.02
4015,2021-04-26,SAR,6856,3275,3581,5865,903,88,ITG,ITG2,20,Sardegna,Sardegna,1639591,995406,60.71,0.42
4016,2021-01-20,SAR,210,77,133,208,2,0,ITG,ITG2,20,Sardegna,Sardegna,1639591,995616,60.72,0.01
4017,2021-03-29,SAR,4736,1845,2891,4071,588,77,ITG,ITG2,20,Sardegna,Sardegna,1639591,1000352,61.01,0.29
4018,2021-04-15,SAR,11844,5538,6306,6777,4956,111,ITG,ITG2,20,Sardegna,Sardegna,1639591,1012196,61.73,0.72
4019,2021-01-05,SAR,1321,443,878,1321,0,0,ITG,ITG2,20,Sardegna,Sardegna,1639591,1013517,61.82,0.08
4020,2021-01-22,SAR,83,47,36,55,28,0,ITG,ITG2,20,Sardegna,Sardegna,1639591,1013600,61.82,0.01
4021,2021-04-17,SAR,10077,4499,5578,5403,4596,78,ITG,ITG2,20,Sardegna,Sardegna,1639591,1023677,62.43,0.61
4022,2021-03-20,SAR,5194,2075,3119,2891,2277,26,ITG,ITG2,20,Sardegna,Sardegna,1639591,1028871,62.75,0.32
4023,2021-06-13,SAR,9498,4674,4824,6158,3260,80,ITG,ITG2,20,Sardegna,Sardegna,1639591,1038369,63.33,0.58
4024,2021-07-02,SAR,18927,8886,10041,4407,14424,96,ITG,ITG2,20,Sardegna,Sardegna,1639591,1057296,64.49,1.15
4025,2021-04-27,SAR,7617,3554,4063,5476,2042,99,ITG,ITG2,20,Sardegna,Sardegna,1639591,1064913,64.95,0.46
4026,2021-01-17,SAR,859,277,582,858,1,0,ITG,ITG2,20,Sardegna,Sardegna,1639591,1065772,65.0,0.05
4027,2021-03-15,SAR,2796,1317,1479,2382,374,40,ITG,ITG2,20,Sardegna,Sardegna,1639591,1068568,65.17,0.17
4028,2021-07-04,SAR,8206,3988,4218,2068,6123,15,ITG,ITG2,20,Sardegna,Sardegna,1639591,1076774,65.67,0.5
4029,2021-03-26,SAR,8458,3513,4945,6811,1527,120,ITG,ITG2,20,Sardegna,Sardegna,1639591,1085232,66.19,0.52
4030,2021-05-22,SAR,24841,11952,12889,19398,5138,305,ITG,ITG2,20,Sardegna,Sardegna,1639591,1110073,67.7,1.52
4031,2021-06-18,SAR,16484,7504,8980,8603,7766,115,ITG,ITG2,20,Sardegna,Sardegna,1639591,1126557,68.71,1.01
4032,2021-03-10,SAR,6052,2955,3097,5137,853,62,ITG,ITG2,20,Sardegna,Sardegna,1639591,1132609,69.08,0.37
4033,2021-05-06,SAR,12952,6010,6942,9567,3148,237,ITG,ITG2,20,Sardegna,Sardegna,1639591,1145561,69.87,0.79
4034,2021-03-01,SAR,2265,1155,1110,1580,659,26,ITG,ITG2,20,Sardegna,Sardegna,1639591,1147826,70.01,0.14
4035,2021-02-24,SAR,2412,1295,1117,2183,193,36,ITG,ITG2,20,Sardegna,Sardegna,1639591,1150238,70.15,0.15
4036,2021-06-06,SAR,10034,5001,5033,6314,3651,69,ITG,ITG2,20,Sardegna,Sardegna,1639591,1160272,70.77,0.61
4037,2021-06-30,SAR,17779,8516,9263,4814,12884,81,ITG,ITG2,20,Sardegna,Sardegna,1639591,1178051,71.85,1.08
4038,2021-03-22,SAR,3687,1492,2195,3099,513,75,ITG,ITG2,20,Sardegna,Sardegna,1639591,1181738,72.08,0.22
4039,2021-04-08,SAR,13436,5936,7500,8209,5118,109,ITG,ITG2,20,Sardegna,Sardegna,1639591,1195174,72.89,0.82
4040,2021-07-14,SAR,16910,8192,8718,3776,13023,111,ITG,ITG2,20,Sardegna,Sardegna,1639591,1212084,73.93,1.03
4041,2020-12-29,SAR,57,32,25,57,0,0,ITG,ITG2,20,Sardegna,Sardegna,1639591,1212141,73.93,0.0
4042,2021-04-22,SAR,10504,4662,5842,5502,4918,84,ITG,ITG2,20,Sardegna,Sardegna,1639591,1222645,74.57,0.64
4043,2021-01-12,SAR,865,408,457,865,0,0,ITG,ITG2,20,Sardegna,Sardegna,1639591,1223510,74.62,0.05
4044,2021-05-11,SAR,8918,4146,4772,6398,2393,127,ITG,ITG2,20,Sardegna,Sardegna,1639591,1232428,75.17,0.54
4045,2021-01-29,SAR,2957,1071,1886,45,2910,2,ITG,ITG2,20,Sardegna,Sardegna,1639591,1235385,75.35,0.18
4046,2021-01-28,SAR,2974,1045,1929,69,2905,0,ITG,ITG2,20,Sardegna,Sardegna,1639591,1238359,75.53,0.18
4047,2021-01-03,SAR,90,36,54,90,0,0,ITG,ITG2,20,Sardegna,Sardegna,1639591,1238449,75.53,0.01
4048,2021-07-07,SAR,15903,7727,8176,4085,11767,51,ITG,ITG2,20,Sardegna,Sardegna,1639591,1254352,76.5,0.97
4049,2021-01-19,SAR,746,269,477,690,55,1,ITG,ITG2,20,Sardegna,Sardegna,1639591,1255098,76.55,0.05
4050,2021-03-17,SAR,6549,2846,3703,4904,1608,37,ITG,ITG2,20,Sardegna,Sardegna,1639591,1261647,76.95,0.4
4051,2021-06-27,SAR,9017,4310,4707,2956,6033,28,ITG,ITG2,20,Sardegna,Sardegna,1639591,1270664,77.5,0.55
4052,2021-03-24,SAR,7392,3104,4288,5904,1356,132,ITG,ITG2,20,Sardegna,Sardegna,1639591,1278056,77.95,0.45
4053,2021-06-01,SAR,14319,6654,7665,9636,4589,94,ITG,ITG2,20,Sardegna,Sardegna,1639591,1292375,78.82,0.87
4054,2021-02-21,SAR,1588,709,879,1557,30,1,ITG,ITG2,20,Sardegna,Sardegna,1639591,1293963,78.92,0.1
4055,2021-04-19,SAR,10185,4622,5563,8626,1427,132,ITG,ITG2,20,Sardegna,Sardegna,1639591,1304148,79.54,0.62
4056,2021-01-09,SAR,4013,1414,2599,4013,0,0,ITG,ITG2,20,Sardegna,Sardegna,1639591,1308161,79.79,0.24
4057,2021-06-15,SAR,14695,6809,7886,9821,4740,134,ITG,ITG2,20,Sardegna,Sardegna,1639591,1322856,80.68,0.9
4058,2021-03-07,SAR,1658,751,907,1113,541,4,ITG,ITG2,20,Sardegna,Sardegna,1639591,1324514,80.78,0.1
4059,2021-05-13,SAR,12370,5861,6509,8724,3446,200,ITG,ITG2,20,Sardegna,Sardegna,1639591,1336884,81.54,0.75
4060,2021-02-02,SAR,1499,669,830,257,1242,0,ITG,ITG2,20,Sardegna,Sardegna,1639591,1338383,81.63,0.09
4061,2021-05-15,SAR,13793,6424,7369,10197,3433,163,ITG,ITG2,20,Sardegna,Sardegna,1639591,1352176,82.47,0.84
4062,2021-07-11,SAR,6376,3117,3259,1424,4917,35,ITG,ITG2,20,Sardegna,Sardegna,1639591,1358552,82.86,0.39
4063,2021-01-26,SAR,1337,454,883,27,1310,0,ITG,ITG2,20,Sardegna,Sardegna,1639591,1359889,82.94,0.08
4064,2021-05-27,SAR,17822,9260,8562,12080,5534,208,ITG,ITG2,20,Sardegna,Sardegna,1639591,1377711,84.03,1.09
4065,2021-02-16,SAR,699,289,410,663,27,9,ITG,ITG2,20,Sardegna,Sardegna,1639591,1378410,84.07,0.04
4066,2021-03-05,SAR,5203,2602,2601,2814,2354,35,ITG,ITG2,20,Sardegna,Sardegna,1639591,1383613,84.39,0.32
4067,2021-03-19,SAR,7260,3045,4215,4991,2216,53,ITG,ITG2,20,Sardegna,Sardegna,1639591,1390873,84.83,0.44
4068,2021-07-23,SAR,6238,3050,3188,1138,5079,21,ITG,ITG2,20,Sardegna,Sardegna,1639591,1397111,85.21,0.38
4069,2021-04-14,SAR,8260,3905,4355,6963,1237,60,ITG,ITG2,20,Sardegna,Sardegna,1639591,1405371,85.71,0.5
4070,2021-05-01,SAR,9915,4764,5151,5368,4455,92,ITG,ITG2,20,Sardegna,Sardegna,1639591,1415286,86.32,0.6
4071,2021-01-21,SAR,127,61,66,94,33,0,ITG,ITG2,20,Sardegna,Sardegna,1639591,1415413,86.33,0.01
4072,2021-02-07,SAR,1119,396,723,227,891,1,ITG,ITG2,20,Sardegna,Sardegna,1639591,1416532,86.4,0.07
4073,2021-01-31,SAR,2117,749,1368,45,2072,0,ITG,ITG2,20,Sardegna,Sardegna,1639591,1418649,86.52,0.13
4074,2021-02-14,SAR,538,263,275,536,2,0,ITG,ITG2,20,Sardegna,Sardegna,1639591,1419187,86.56,0.03
4075,2021-07-18,SAR,5691,2873,2818,981,4700,10,ITG,ITG2,20,Sardegna,Sardegna,1639591,1424878,86.9,0.35
4076,2021-04-05,SAR,2035,783,1252,2003,1,31,ITG,ITG2,20,Sardegna,Sardegna,1639591,1426913,87.03,0.12
4077,2021-06-22,SAR,19340,8991,10349,7169,12069,102,ITG,ITG2,20,Sardegna,Sardegna,1639591,1446253,88.21,1.18
4078,2021-07-09,SAR,15876,7600,8276,3433,12363,80,ITG,ITG2,20,Sardegna,Sardegna,1639591,1462129,89.18,0.97
4079,2021-03-31,SAR,10253,4150,6103,7702,2429,122,ITG,ITG2,20,Sardegna,Sardegna,1639591,1472382,89.8,0.63
4080,2021-05-08,SAR,13083,5970,7113,10668,2285,130,ITG,ITG2,20,Sardegna,Sardegna,1639591,1485465,90.6,0.8
4081,2021-05-03,SAR,8190,3823,4367,6490,1598,102,ITG,ITG2,20,Sardegna,Sardegna,1639591,1493655,91.1,0.5
4082,2021-05-20,SAR,16365,7882,8483,11271,4894,200,ITG,ITG2,20,Sardegna,Sardegna,1639591,1510020,92.1,1.0
4083,2021-02-09,SAR,2285,835,1450,1284,996,5,ITG,ITG2,20,Sardegna,Sardegna,1639591,1512305,92.24,0.14
4084,2021-02-26,SAR,2798,1106,1692,2444,306,48,ITG,ITG2,20,Sardegna,Sardegna,1639591,1515103,92.41,0.17
4085,2021-06-03,SAR,16394,7643,8751,10566,5688,140,ITG,ITG2,20,Sardegna,Sardegna,1639591,1531497,93.41,1.0
4086,2021-06-20,SAR,6292,2805,3487,3636,2624,32,ITG,ITG2,20,Sardegna,Sardegna,1639591,1537789,93.79,0.38
4087,2021-03-12,SAR,5968,2617,3351,4517,1306,145,ITG,ITG2,20,Sardegna,Sardegna,1639591,1543757,94.16,0.36
4088,2021-06-29,SAR,17891,8605,9286,3755,14088,48,ITG,ITG2,20,Sardegna,Sardegna,1639591,1561648,95.25,1.09
4089,2021-07-16,SAR,16934,8473,8461,4552,12248,134,ITG,ITG2,20,Sardegna,Sardegna,1639591,1578582,96.28,1.03
4090,2021-04-07,SAR,13545,6050,7495,7825,5652,68,ITG,ITG2,20,Sardegna,Sardegna,1639591,1592127,97.11,0.83
4091,2021-04-24,SAR,10356,4845,5511,7890,2339,127,ITG,ITG2,20,Sardegna,Sardegna,1639591,1602483,97.74,0.63
4092,2021-01-14,SAR,1105,425,680,1105,0,0,ITG,ITG2,20,Sardegna,Sardegna,1639591,1603588,97.8,0.07
4093,2021-01-25,SAR,591,214,377,22,569,0,ITG,ITG2,20,Sardegna,Sardegna,1639591,1604179,97.84,0.04
4094,2021-05-16,SAR,8221,3831,4390,5985,2160,76,ITG,ITG2,20,Sardegna,Sardegna,1639591,1612400,98.34,0.5
4095,2021-07-12,SAR,15334,7413,7921,2403,12876,55,ITG,ITG2,20,Sardegna,Sardegna,1639591,1627734,99.28,0.94
4096,2021-07-05,SAR,15582,7572,8010,3327,12206,49,ITG,ITG2,20,Sardegna,Sardegna,1639591,1643316,100.23,0.95
4097,2021-02-05,SAR,1898,750,1148,431,1465,2,ITG,ITG2,20,Sardegna,Sardegna,1639591,1645214,100.34,0.12
4098,2021-04-03,SAR,4674,1809,2865,2641,1970,63,ITG,ITG2,20,Sardegna,Sardegna,1639591,1649888,100.63,0.29
4099,2021-05-30,SAR,9727,4836,4891,7300,2357,70,ITG,ITG2,20,Sardegna,Sardegna,1639591,1659615,101.22,0.59
4100,2021-02-19,SAR,1497,470,1027,1398,56,43,ITG,ITG2,20,Sardegna,Sardegna,1639591,1661112,101.31,0.09
4101,2021-03-27,SAR,5733,2192,3541,5224,422,87,ITG,ITG2,20,Sardegna,Sardegna,1639591,1666845,101.66,0.35
4102,2021-05-23,SAR,9965,4807,5158,7624,2245,96,ITG,ITG2,20,Sardegna,Sardegna,1639591,1676810,102.27,0.61
4103,2021-02-12,SAR,2236,933,1303,2172,59,5,ITG,ITG2,20,Sardegna,Sardegna,1639591,1679046,102.41,0.14
4104,2021-07-19,SAR,14730,7394,7336,2705,11975,50,ITG,ITG2,20,Sardegna,Sardegna,1639591,1693776,103.3,0.9
4105,2021-04-10,SAR,10494,4748,5746,8455,1939,100,ITG,ITG2,20,Sardegna,Sardegna,1639591,1704270,103.94,0.64
4106,2021-01-07,SAR,3103,1072,2031,3099,0,4,ITG,ITG2,20,Sardegna,Sardegna,1639591,1707373,104.13,0.19
4107,2021-06-10,SAR,17809,8477,9332,11643,6040,126,ITG,ITG2,20,Sardegna,Sardegna,1639591,1725182,105.22,1.09
4108,2020-12-31,SAR,32,16,16,32,0,0,ITG,ITG2,20,Sardegna,Sardegna,1639591,1725214,105.22,0.0
4109,2021-04-23,LOM,73589,33346,40243,55584,16618,1387,ITC,ITC4,3,Lombardia,Lombardia,10060574,73589,0.73,0.73
4110,2021-05-10,LOM,85282,40890,44392,62041,21582,1659,ITC,ITC4,3,Lombardia,Lombardia,10060574,158871,1.58,0.85
4111,2021-01-30,LOM,12317,4567,7750,146,12162,9,ITC,ITC4,3,Lombardia,Lombardia,10060574,171188,1.7,0.12
4112,2021-01-16,LOM,15617,5778,9839,15606,0,11,ITC,ITC4,3,Lombardia,Lombardia,10060574,186805,1.86,0.16
4113,2021-07-20,LOM,94862,48980,45882,6883,87241,738,ITC,ITC4,3,Lombardia,Lombardia,10060574,281667,2.8,0.94
4114,2021-02-04,LOM,27841,8117,19724,2013,25823,5,ITC,ITC4,3,Lombardia,Lombardia,10060574,309508,3.08,0.28
4115,2021-07-18,LOM,97099,50589,46510,8544,87862,693,ITC,ITC4,3,Lombardia,Lombardia,10060574,406607,4.04,0.97
4116,2021-04-09,LOM,52402,22372,30030,35570,15996,836,ITC,ITC4,3,Lombardia,Lombardia,10060574,459009,4.56,0.52
4117,2021-07-13,LOM,108420,56674,51746,15417,91762,1241,ITC,ITC4,3,Lombardia,Lombardia,10060574,567429,5.64,1.08
4118,2021-04-04,LOM,7612,3230,4382,3682,3896,34,ITC,ITC4,3,Lombardia,Lombardia,10060574,575041,5.72,0.08
4119,2021-05-24,LOM,89544,43494,46050,48585,40025,934,ITC,ITC4,3,Lombardia,Lombardia,10060574,664585,6.61,0.89
4120,2021-02-11,LOM,17087,5014,12073,9632,7376,79,ITC,ITC4,3,Lombardia,Lombardia,10060574,681672,6.78,0.17
4121,2021-05-31,LOM,95658,47401,48257,78347,16208,1103,ITC,ITC4,3,Lombardia,Lombardia,10060574,777330,7.73,0.95
4122,2021-03-26,LOM,41331,15709,25622,27506,13154,671,ITC,ITC4,3,Lombardia,Lombardia,10060574,818661,8.14,0.41
4123,2021-05-22,LOM,70603,33839,36764,31724,38165,714,ITC,ITC4,3,Lombardia,Lombardia,10060574,889264,8.84,0.7
4124,2021-03-28,LOM,20545,7840,12705,13938,6223,384,ITC,ITC4,3,Lombardia,Lombardia,10060574,909809,9.04,0.2
4125,2021-04-14,LOM,47194,21033,26161,33536,12972,686,ITC,ITC4,3,Lombardia,Lombardia,10060574,957003,9.51,0.47
4126,2021-01-04,LOM,6117,2110,4007,6111,0,6,ITC,ITC4,3,Lombardia,Lombardia,10060574,963120,9.57,0.06
4127,2021-06-19,LOM,104304,51986,52318,56247,46632,1425,ITC,ITC4,3,Lombardia,Lombardia,10060574,1067424,10.61,1.04
4128,2021-07-06,LOM,101808,50687,51121,23065,77324,1419,ITC,ITC4,3,Lombardia,Lombardia,10060574,1169232,11.62,1.01
4129,2021-02-16,LOM,9506,3073,6433,8957,448,101,ITC,ITC4,3,Lombardia,Lombardia,10060574,1178738,11.72,0.09
4130,2021-06-10,LOM,102612,52233,50379,86396,14422,1794,ITC,ITC4,3,Lombardia,Lombardia,10060574,1281350,12.74,1.02
4131,2021-03-02,LOM,22833,9706,13127,19531,3040,262,ITC,ITC4,3,Lombardia,Lombardia,10060574,1304183,12.96,0.23
4132,2020-12-28,LOM,108,47,61,108,0,0,ITC,ITC4,3,Lombardia,Lombardia,10060574,1304291,12.96,0.0
4133,2021-04-21,LOM,71834,32566,39268,55834,14666,1334,ITC,ITC4,3,Lombardia,Lombardia,10060574,1376125,13.68,0.71
4134,2021-01-11,LOM,16293,5389,10904,16283,0,10,ITC,ITC4,3,Lombardia,Lombardia,10060574,1392418,13.84,0.16
4135,2021-01-28,LOM,12231,3705,8526,795,11429,7,ITC,ITC4,3,Lombardia,Lombardia,10060574,1404649,13.96,0.12
4136,2021-04-28,LOM,95741,43673,52068,66921,26907,1913,ITC,ITC4,3,Lombardia,Lombardia,10060574,1500390,14.91,0.95
4137,2021-06-24,LOM,109523,56632,52891,78326,28810,2387,ITC,ITC4,3,Lombardia,Lombardia,10060574,1609913,16.0,1.09
4138,2021-03-16,LOM,25499,10114,15385,16299,9078,122,ITC,ITC4,3,Lombardia,Lombardia,10060574,1635412,16.26,0.25
4139,2021-05-12,LOM,87495,41751,45744,57411,27562,2522,ITC,ITC4,3,Lombardia,Lombardia,10060574,1722907,17.13,0.87
4140,2021-06-05,LOM,102429,52954,49475,91101,9817,1511,ITC,ITC4,3,Lombardia,Lombardia,10060574,1825336,18.14,1.02
4141,2021-03-14,LOM,14874,5348,9526,11218,3283,373,ITC,ITC4,3,Lombardia,Lombardia,10060574,1840210,18.29,0.15
4142,2021-02-23,LOM,11830,4804,7026,11290,332,208,ITC,ITC4,3,Lombardia,Lombardia,10060574,1852040,18.41,0.12
4143,2021-06-12,LOM,89311,48060,41251,84315,3156,1840,ITC,ITC4,3,Lombardia,Lombardia,10060574,1941351,19.3,0.89
4144,2021-06-29,LOM,107128,53138,53990,57394,47725,2009,ITC,ITC4,3,Lombardia,Lombardia,10060574,2048479,20.36,1.06
4145,2021-03-21,LOM,23516,8495,15021,17732,5194,590,ITC,ITC4,3,Lombardia,Lombardia,10060574,2071995,20.6,0.23
4146,2021-02-13,LOM,6421,2441,3980,4884,1477,60,ITC,ITC4,3,Lombardia,Lombardia,10060574,2078416,20.66,0.06
4147,2021-07-17,LOM,108487,57285,51202,10217,97345,925,ITC,ITC4,3,Lombardia,Lombardia,10060574,2186903,21.74,1.08
4148,2021-04-02,LOM,41283,16890,24393,26205,14524,554,ITC,ITC4,3,Lombardia,Lombardia,10060574,2228186,22.15,0.41
4149,2021-04-11,LOM,32221,13944,18277,24315,7395,511,ITC,ITC4,3,Lombardia,Lombardia,10060574,2260407,22.47,0.32
4150,2021-01-01,LOM,24,7,17,24,0,0,ITC,ITC4,3,Lombardia,Lombardia,10060574,2260431,22.47,0.0
4151,2021-06-07,LOM,98966,50431,48535,84026,13323,1617,ITC,ITC4,3,Lombardia,Lombardia,10060574,2359397,23.45,0.98
4152,2021-02-27,LOM,13950,5874,8076,13154,641,155,ITC,ITC4,3,Lombardia,Lombardia,10060574,2373347,23.59,0.14
4153,2021-01-09,LOM,12481,4602,7879,12473,0,8,ITC,ITC4,3,Lombardia,Lombardia,10060574,2385828,23.71,0.12
4154,2021-03-07,LOM,12089,5363,6726,9337,2561,191,ITC,ITC4,3,Lombardia,Lombardia,10060574,2397917,23.83,0.12
4155,2021-01-27,LOM,8045,2677,5368,808,7235,2,ITC,ITC4,3,Lombardia,Lombardia,10060574,2405962,23.91,0.08
4156,2021-07-03,LOM,102326,51624,50702,44532,55686,2108,ITC,ITC4,3,Lombardia,Lombardia,10060574,2508288,24.93,1.02
4157,2021-03-25,LOM,42867,16034,26833,29240,12722,905,ITC,ITC4,3,Lombardia,Lombardia,10060574,2551155,25.36,0.43
4158,2021-05-21,LOM,93862,45248,48614,28382,64719,761,ITC,ITC4,3,Lombardia,Lombardia,10060574,2645017,26.29,0.93
4159,2021-05-29,LOM,88311,42413,45898,41397,46072,842,ITC,ITC4,3,Lombardia,Lombardia,10060574,2733328,27.17,0.88
4160,2021-02-18,LOM,14054,4926,9128,12820,1037,197,ITC,ITC4,3,Lombardia,Lombardia,10060574,2747382,27.31,0.14
4161,2021-06-17,LOM,108554,52709,55845,51080,56297,1177,ITC,ITC4,3,Lombardia,Lombardia,10060574,2855936,28.39,1.08
4162,2021-03-09,LOM,33226,12863,20363,25244,7398,584,ITC,ITC4,3,Lombardia,Lombardia,10060574,2889162,28.72,0.33
4163,2021-05-05,LOM,87969,41939,46030,70366,15327,2276,ITC,ITC4,3,Lombardia,Lombardia,10060574,2977131,29.59,0.87
4164,2021-07-01,LOM,104939,52820,52119,53334,49212,2393,ITC,ITC4,3,Lombardia,Lombardia,10060574,3082070,30.64,1.04
4165,2021-07-08,LOM,114372,58288,56084,13165,100175,1032,ITC,ITC4,3,Lombardia,Lombardia,10060574,3196442,31.77,1.14
4166,2021-04-16,LOM,53694,23932,29762,38431,14375,888,ITC,ITC4,3,Lombardia,Lombardia,10060574,3250136,32.31,0.53
4167,2021-05-03,LOM,83710,39761,43949,69459,12130,2121,ITC,ITC4,3,Lombardia,Lombardia,10060574,3333846,33.14,0.83
4168,2021-01-23,LOM,1126,360,766,924,199,3,ITC,ITC4,3,Lombardia,Lombardia,10060574,3334972,33.15,0.01
4169,2021-04-25,LOM,51542,23636,27906,45540,4783,1219,ITC,ITC4,3,Lombardia,Lombardia,10060574,3386514,33.66,0.51
4170,2021-06-28,LOM,107891,54975,52916,74278,31006,2607,ITC,ITC4,3,Lombardia,Lombardia,10060574,3494405,34.73,1.07
4171,2021-05-17,LOM,94645,45355,49290,29529,64413,703,ITC,ITC4,3,Lombardia,Lombardia,10060574,3589050,35.67,0.94
4172,2021-05-19,LOM,83255,39764,43491,33097,49352,806,ITC,ITC4,3,Lombardia,Lombardia,10060574,3672305,36.5,0.83
4173,2021-02-08,LOM,10088,2919,7169,2122,7957,9,ITC,ITC4,3,Lombardia,Lombardia,10060574,3682393,36.6,0.1
4174,2021-01-13,LOM,26441,8076,18365,26414,0,27,ITC,ITC4,3,Lombardia,Lombardia,10060574,3708834,36.87,0.26
4175,2020-12-30,LOM,114,42,72,114,0,0,ITC,ITC4,3,Lombardia,Lombardia,10060574,3708948,36.87,0.0
4176,2021-06-16,LOM,99244,50427,48817,49930,48163,1151,ITC,ITC4,3,Lombardia,Lombardia,10060574,3808192,37.85,0.99
4177,2021-03-06,LOM,21348,9100,12248,16533,4517,298,ITC,ITC4,3,Lombardia,Lombardia,10060574,3829540,38.06,0.21
4178,2021-05-07,LOM,92320,43710,48610,68372,22404,1544,ITC,ITC4,3,Lombardia,Lombardia,10060574,3921860,38.98,0.92
4179,2021-03-18,LOM,27407,10960,16447,15935,11245,227,ITC,ITC4,3,Lombardia,Lombardia,10060574,3949267,39.25,0.27
4180,2021-05-14,LOM,85963,41397,44566,53256,30323,2384,ITC,ITC4,3,Lombardia,Lombardia,10060574,4035230,40.11,0.85
4181,2021-07-10,LOM,107108,54218,52890,13912,92015,1181,ITC,ITC4,3,Lombardia,Lombardia,10060574,4142338,41.17,1.06
4182,2021-02-20,LOM,9343,3869,5474,8846,302,195,ITC,ITC4,3,Lombardia,Lombardia,10060574,4151681,41.27,0.09
4183,2021-04-18,LOM,36406,16230,20176,30522,5241,643,ITC,ITC4,3,Lombardia,Lombardia,10060574,4188087,41.63,0.36
4184,2021-01-08,LOM,12720,3926,8794,12709,0,11,ITC,ITC4,3,Lombardia,Lombardia,10060574,4200807,41.76,0.13
4185,2021-06-21,LOM,113269,58030,55239,78354,32741,2174,ITC,ITC4,3,Lombardia,Lombardia,10060574,4314076,42.88,1.13
4186,2021-06-02,LOM,84635,43574,41061,76986,6331,1318,ITC,ITC4,3,Lombardia,Lombardia,10060574,4398711,43.72,0.84
4187,2021-03-11,LOM,36231,13482,22749,25628,9919,684,ITC,ITC4,3,Lombardia,Lombardia,10060574,4434942,44.08,0.36
4188,2021-03-30,LOM,39641,15593,24048,24249,14784,608,ITC,ITC4,3,Lombardia,Lombardia,10060574,4474583,44.48,0.39
4189,2021-02-25,LOM,15303,6353,8950,13525,1578,200,ITC,ITC4,3,Lombardia,Lombardia,10060574,4489886,44.63,0.15
4190,2021-02-06,LOM,15268,5541,9727,1010,14253,5,ITC,ITC4,3,Lombardia,Lombardia,10060574,4505154,44.78,0.15
4191,2021-05-02,LOM,83511,38337,45174,59264,22467,1780,ITC,ITC4,3,Lombardia,Lombardia,10060574,4588665,45.61,0.83
4192,2021-07-22,LOM,98900,51798,47102,12137,85325,1438,ITC,ITC4,3,Lombardia,Lombardia,10060574,4687565,46.59,0.98
4193,2021-03-04,LOM,29334,12116,17218,20041,9073,220,ITC,ITC4,3,Lombardia,Lombardia,10060574,4716899,46.88,0.29
4194,2021-06-30,LOM,106776,52912,53864,56577,48094,2105,ITC,ITC4,3,Lombardia,Lombardia,10060574,4823675,47.95,1.06
4195,2021-03-22,LOM,40339,14303,26036,28948,10557,834,ITC,ITC4,3,Lombardia,Lombardia,10060574,4864014,48.35,0.4
4196,2021-04-08,LOM,52408,21776,30632,35271,16465,672,ITC,ITC4,3,Lombardia,Lombardia,10060574,4916422,48.87,0.52
4197,2020-12-29,LOM,106,45,61,106,0,0,ITC,ITC4,3,Lombardia,Lombardia,10060574,4916528,48.87,0.0
4198,2021-07-14,LOM,109203,56745,52458,14336,93460,1407,ITC,ITC4,3,Lombardia,Lombardia,10060574,5025731,49.95,1.09
4199,2021-04-22,LOM,73958,33402,40556,56209,16367,1382,ITC,ITC4,3,Lombardia,Lombardia,10060574,5099689,50.69,0.74
4200,2021-03-03,LOM,26998,11520,15478,19481,7300,217,ITC,ITC4,3,Lombardia,Lombardia,10060574,5126687,50.96,0.27
4201,2021-07-15,LOM,108759,55939,52820,12896,94659,1204,ITC,ITC4,3,Lombardia,Lombardia,10060574,5235446,52.04,1.08
4202,2021-04-06,LOM,43077,17588,25489,24441,17946,690,ITC,ITC4,3,Lombardia,Lombardia,10060574,5278523,52.47,0.43
4203,2021-06-14,LOM,94769,48152,46617,49111,44528,1130,ITC,ITC4,3,Lombardia,Lombardia,10060574,5373292,53.41,0.94
4204,2021-05-26,LOM,93682,44654,49028,42732,50058,892,ITC,ITC4,3,Lombardia,Lombardia,10060574,5466974,54.34,0.93
4205,2021-02-15,LOM,8964,3142,5822,8357,428,179,ITC,ITC4,3,Lombardia,Lombardia,10060574,5475938,54.43,0.09
4206,2021-06-26,LOM,105871,55426,50445,77786,25685,2400,ITC,ITC4,3,Lombardia,Lombardia,10060574,5581809,55.48,1.05
4207,2021-02-10,LOM,14403,4508,9895,7547,6825,31,ITC,ITC4,3,Lombardia,Lombardia,10060574,5596212,55.63,0.14
4208,2021-02-03,LOM,25653,7920,17733,1076,24572,5,ITC,ITC4,3,Lombardia,Lombardia,10060574,5621865,55.88,0.25
4209,2021-04-01,LOM,43019,17254,25765,26075,16231,713,ITC,ITC4,3,Lombardia,Lombardia,10060574,5664884,56.31,0.43
4210,2021-01-15,LOM,25266,7445,17821,25214,0,52,ITC,ITC4,3,Lombardia,Lombardia,10060574,5690150,56.56,0.25
4211,2021-04-29,LOM,115561,53606,61955,83118,29868,2575,ITC,ITC4,3,Lombardia,Lombardia,10060574,5805711,57.71,1.15
4212,2021-06-25,LOM,108044,56069,51975,78202,27539,2303,ITC,ITC4,3,Lombardia,Lombardia,10060574,5913755,58.78,1.07
4213,2021-04-20,LOM,67682,30836,36846,55906,10347,1429,ITC,ITC4,3,Lombardia,Lombardia,10060574,5981437,59.45,0.67
4214,2021-06-09,LOM,103638,52222,51416,87424,14496,1718,ITC,ITC4,3,Lombardia,Lombardia,10060574,6085075,60.48,1.03
4215,2021-03-08,LOM,29763,11193,18570,22163,7083,517,ITC,ITC4,3,Lombardia,Lombardia,10060574,6114838,60.78,0.3
4216,2021-05-04,LOM,86822,41076,45746,70279,14399,2144,ITC,ITC4,3,Lombardia,Lombardia,10060574,6201660,61.64,0.86
4217,2021-01-24,LOM,1201,458,743,538,663,0,ITC,ITC4,3,Lombardia,Lombardia,10060574,6202861,61.66,0.01
4218,2021-04-13,LOM,47665,21277,26388,32931,14090,644,ITC,ITC4,3,Lombardia,Lombardia,10060574,6250526,62.13,0.47
4219,2021-04-30,LOM,117450,54871,62579,87232,27643,2575,ITC,ITC4,3,Lombardia,Lombardia,10060574,6367976,63.3,1.17
4220,2021-01-20,LOM,5680,1382,4298,5561,114,5,ITC,ITC4,3,Lombardia,Lombardia,10060574,6373656,63.35,0.06
4221,2021-01-22,LOM,3163,876,2287,3089,69,5,ITC,ITC4,3,Lombardia,Lombardia,10060574,6376819,63.38,0.03
4222,2021-06-01,LOM,93960,46104,47856,75754,17100,1106,ITC,ITC4,3,Lombardia,Lombardia,10060574,6470779,64.32,0.93
4223,2021-01-02,LOM,202,74,128,202,0,0,ITC,ITC4,3,Lombardia,Lombardia,10060574,6470981,64.32,0.0
4224,2021-06-08,LOM,102885,52298,50587,87147,14063,1675,ITC,ITC4,3,Lombardia,Lombardia,10060574,6573866,65.34,1.02
4225,2021-01-06,LOM,7158,2528,4630,7151,0,7,ITC,ITC4,3,Lombardia,Lombardia,10060574,6581024,65.41,0.07
4226,2021-05-18,LOM,88221,42166,46055,31875,55579,767,ITC,ITC4,3,Lombardia,Lombardia,10060574,6669245,66.29,0.88
4227,2021-06-04,LOM,104618,54307,50311,93194,9639,1785,ITC,ITC4,3,Lombardia,Lombardia,10060574,6773863,67.33,1.04
4228,2021-02-24,LOM,14722,5958,8764,13574,954,194,ITC,ITC4,3,Lombardia,Lombardia,10060574,6788585,67.48,0.15
4229,2021-05-16,LOM,68701,32506,36195,35586,32204,911,ITC,ITC4,3,Lombardia,Lombardia,10060574,6857286,68.16,0.68
4230,2021-02-05,LOM,25721,7462,18259,2416,23291,14,ITC,ITC4,3,Lombardia,Lombardia,10060574,6883007,68.42,0.26
4231,2021-03-20,LOM,32594,12165,20429,22242,9852,500,ITC,ITC4,3,Lombardia,Lombardia,10060574,6915601,68.74,0.32
4232,2020-12-27,LOM,718,414,304,718,0,0,ITC,ITC4,3,Lombardia,Lombardia,10060574,6916319,68.75,0.01
4233,2021-06-18,LOM,107601,52853,54748,51952,54412,1237,ITC,ITC4,3,Lombardia,Lombardia,10060574,7023920,69.82,1.07
4234,2021-03-01,LOM,18797,8233,10564,16884,1707,206,ITC,ITC4,3,Lombardia,Lombardia,10060574,7042717,70.0,0.19
4235,2021-01-10,LOM,10530,3968,6562,10521,0,9,ITC,ITC4,3,Lombardia,Lombardia,10060574,7053247,70.11,0.1
4236,2021-01-17,LOM,8351,3347,5004,8144,201,6,ITC,ITC4,3,Lombardia,Lombardia,10060574,7061598,70.19,0.08
4237,2021-06-23,LOM,110928,57399,53529,76753,32037,2138,ITC,ITC4,3,Lombardia,Lombardia,10060574,7172526,71.29,1.1
4238,2021-03-15,LOM,31563,11337,20226,22429,8520,614,ITC,ITC4,3,Lombardia,Lombardia,10060574,7204089,71.61,0.31
4239,2021-04-27,LOM,86058,39997,46061,67657,16593,1808,ITC,ITC4,3,Lombardia,Lombardia,10060574,7290147,72.46,0.86
4240,2021-07-07,LOM,111813,56053,55760,17984,92660,1169,ITC,ITC4,3,Lombardia,Lombardia,10060574,7401960,73.57,1.11
4241,2021-04-15,LOM,49460,21863,27597,34883,13826,751,ITC,ITC4,3,Lombardia,Lombardia,10060574,7451420,74.07,0.49
4242,2021-01-05,LOM,7862,2576,5286,7856,0,6,ITC,ITC4,3,Lombardia,Lombardia,10060574,7459282,74.14,0.08
4243,2021-03-27,LOM,32453,12382,20071,23104,8717,632,ITC,ITC4,3,Lombardia,Lombardia,10060574,7491735,74.47,0.32
4244,2021-01-03,LOM,854,316,538,853,0,1,ITC,ITC4,3,Lombardia,Lombardia,10060574,7492589,74.47,0.01
4245,2021-05-11,LOM,86900,41443,45457,58251,26235,2414,ITC,ITC4,3,Lombardia,Lombardia,10060574,7579489,75.34,0.86
4246,2021-05-28,LOM,93572,44838,48734,42026,50632,914,ITC,ITC4,3,Lombardia,Lombardia,10060574,7673061,76.27,0.93
4247,2021-02-17,LOM,11993,3756,8237,10410,1390,193,ITC,ITC4,3,Lombardia,Lombardia,10060574,7685054,76.39,0.12
4248,2021-06-11,LOM,101459,51686,49773,84927,14641,1891,ITC,ITC4,3,Lombardia,Lombardia,10060574,7786513,77.4,1.01
4249,2021-05-09,LOM,69717,32889,36828,54470,13274,1973,ITC,ITC4,3,Lombardia,Lombardia,10060574,7856230,78.09,0.69
4250,2021-01-29,LOM,13505,4131,9374,686,12816,3,ITC,ITC4,3,Lombardia,Lombardia,10060574,7869735,78.22,0.13
4251,2021-06-13,LOM,76002,40564,35438,72291,2125,1586,ITC,ITC4,3,Lombardia,Lombardia,10060574,7945737,78.98,0.76
4252,2021-03-05,LOM,28953,11943,17010,20234,8420,299,ITC,ITC4,3,Lombardia,Lombardia,10060574,7974690,79.27,0.29
4253,2021-06-27,LOM,90905,46794,44111,69779,18830,2296,ITC,ITC4,3,Lombardia,Lombardia,10060574,8065595,80.17,0.9
4254,2021-03-19,LOM,32456,12928,19528,18910,13223,323,ITC,ITC4,3,Lombardia,Lombardia,10060574,8098051,80.49,0.32
4255,2021-02-22,LOM,11901,4810,7091,11397,306,198,ITC,ITC4,3,Lombardia,Lombardia,10060574,8109952,80.61,0.12
4256,2021-03-13,LOM,27191,9779,17412,20544,6096,551,ITC,ITC4,3,Lombardia,Lombardia,10060574,8137143,80.88,0.27
4257,2021-07-23,LOM,43396,22504,20892,3081,39963,352,ITC,ITC4,3,Lombardia,Lombardia,10060574,8180539,81.31,0.43
4258,2021-05-15,LOM,80909,38784,42125,45478,33385,2046,ITC,ITC4,3,Lombardia,Lombardia,10060574,8261448,82.12,0.8
4259,2021-07-11,LOM,90175,45614,44561,11766,77351,1058,ITC,ITC4,3,Lombardia,Lombardia,10060574,8351623,83.01,0.9
4260,2021-05-13,LOM,87192,41780,45412,55721,28878,2593,ITC,ITC4,3,Lombardia,Lombardia,10060574,8438815,83.88,0.87
4261,2021-02-02,LOM,19893,6600,13293,496,19394,3,ITC,ITC4,3,Lombardia,Lombardia,10060574,8458708,84.08,0.2
4262,2021-03-31,LOM,42169,17104,25065,26188,15304,677,ITC,ITC4,3,Lombardia,Lombardia,10060574,8500877,84.5,0.42
4263,2021-03-10,LOM,33296,12734,20562,24844,7865,587,ITC,ITC4,3,Lombardia,Lombardia,10060574,8534173,84.83,0.33
4264,2021-02-28,LOM,7884,3254,4630,7602,210,72,ITC,ITC4,3,Lombardia,Lombardia,10060574,8542057,84.91,0.08
4265,2021-04-26,LOM,87990,40936,47054,67056,19166,1768,ITC,ITC4,3,Lombardia,Lombardia,10060574,8630047,85.78,0.87
4266,2021-07-21,LOM,93858,48409,45449,8568,84413,877,ITC,ITC4,3,Lombardia,Lombardia,10060574,8723905,86.71,0.93
4267,2021-04-12,LOM,47253,20588,26665,32269,14348,636,ITC,ITC4,3,Lombardia,Lombardia,10060574,8771158,87.18,0.47
4268,2021-02-21,LOM,5053,1864,3189,4942,17,94,ITC,ITC4,3,Lombardia,Lombardia,10060574,8776211,87.23,0.05
4269,2021-03-17,LOM,26262,10498,15764,15101,11001,160,ITC,ITC4,3,Lombardia,Lombardia,10060574,8802473,87.49,0.26
4270,2021-07-04,LOM,86639,43333,43306,40178,44507,1954,ITC,ITC4,3,Lombardia,Lombardia,10060574,8889112,88.36,0.86
4271,2021-05-27,LOM,94869,45449,49420,40617,53464,788,ITC,ITC4,3,Lombardia,Lombardia,10060574,8983981,89.3,0.94
4272,2021-04-24,LOM,75823,33602,42221,53439,21144,1240,ITC,ITC4,3,Lombardia,Lombardia,10060574,9059804,90.05,0.75
4273,2021-01-14,LOM,26939,7810,19129,26884,0,55,ITC,ITC4,3,Lombardia,Lombardia,10060574,9086743,90.32,0.27
4274,2021-05-08,LOM,87765,40765,47000,63475,22068,2222,ITC,ITC4,3,Lombardia,Lombardia,10060574,9174508,91.19,0.87
4275,2021-06-22,LOM,111000,57930,53070,79000,29884,2116,ITC,ITC4,3,Lombardia,Lombardia,10060574,9285508,92.3,1.1
4276,2021-07-09,LOM,115525,58889,56636,11724,102915,886,ITC,ITC4,3,Lombardia,Lombardia,10060574,9401033,93.44,1.15
4277,2021-06-03,LOM,97142,49718,47424,84604,10876,1662,ITC,ITC4,3,Lombardia,Lombardia,10060574,9498175,94.41,0.97
4278,2021-06-20,LOM,88960,44337,44623,52835,34886,1239,ITC,ITC4,3,Lombardia,Lombardia,10060574,9587135,95.29,0.88
4279,2021-03-12,LOM,35278,12972,22306,24454,10207,617,ITC,ITC4,3,Lombardia,Lombardia,10060574,9622413,95.64,0.35
4280,2021-03-29,LOM,40051,15542,24509,24533,14839,679,ITC,ITC4,3,Lombardia,Lombardia,10060574,9662464,96.04,0.4
4281,2021-04-05,LOM,27386,11697,15689,19027,8105,254,ITC,ITC4,3,Lombardia,Lombardia,10060574,9689850,96.32,0.27
4282,2021-01-31,LOM,9748,3770,5978,29,9719,0,ITC,ITC4,3,Lombardia,Lombardia,10060574,9699598,96.41,0.1
4283,2021-05-25,LOM,91166,43624,47542,43844,46497,825,ITC,ITC4,3,Lombardia,Lombardia,10060574,9790764,97.32,0.91
4284,2021-02-14,LOM,3583,1547,2036,2934,635,14,ITC,ITC4,3,Lombardia,Lombardia,10060574,9794347,97.35,0.04
4285,2021-04-19,LOM,60125,27351,32774,49449,9406,1270,ITC,ITC4,3,Lombardia,Lombardia,10060574,9854472,97.95,0.6
4286,2021-06-15,LOM,95973,48843,47130,49014,45894,1065,ITC,ITC4,3,Lombardia,Lombardia,10060574,9950445,98.91,0.95
4287,2021-05-01,LOM,95984,43678,52306,65052,29219,1713,ITC,ITC4,3,Lombardia,Lombardia,10060574,10046429,99.86,0.95
4288,2021-01-21,LOM,5491,1604,3887,4784,690,17,ITC,ITC4,3,Lombardia,Lombardia,10060574,10051920,99.91,0.05
4289,2021-02-07,LOM,7312,2825,4487,335,6974,3,ITC,ITC4,3,Lombardia,Lombardia,10060574,10059232,99.99,0.07
4290,2021-01-19,LOM,8053,2329,5724,7571,468,14,ITC,ITC4,3,Lombardia,Lombardia,10060574,10067285,100.07,0.08
4291,2021-05-06,LOM,89871,42213,47658,70980,16520,2371,ITC,ITC4,3,Lombardia,Lombardia,10060574,10157156,100.96,0.89
4292,2021-01-26,LOM,8345,2706,5639,349,7996,0,ITC,ITC4,3,Lombardia,Lombardia,10060574,10165501,101.04,0.08
4293,2021-07-02,LOM,103806,52039,51767,48858,52741,2207,ITC,ITC4,3,Lombardia,Lombardia,10060574,10269307,102.07,1.03
4294,2021-03-24,LOM,43254,15616,27638,30471,11893,890,ITC,ITC4,3,Lombardia,Lombardia,10060574,10312561,102.5,0.43
4295,2021-02-09,LOM,12220,3335,8885,4024,8182,14,ITC,ITC4,3,Lombardia,Lombardia,10060574,10324781,102.63,0.12
4296,2021-05-20,LOM,94452,45642,48810,31244,62566,642,ITC,ITC4,3,Lombardia,Lombardia,10060574,10419233,103.56,0.94
4297,2021-01-12,LOM,20291,6719,13572,20262,0,29,ITC,ITC4,3,Lombardia,Lombardia,10060574,10439524,103.77,0.2
4298,2021-07-16,LOM,108848,56684,52164,11121,96557,1170,ITC,ITC4,3,Lombardia,Lombardia,10060574,10548372,104.85,1.08
4299,2021-04-07,LOM,50601,20926,29675,34079,15817,705,ITC,ITC4,3,Lombardia,Lombardia,10060574,10598973,105.35,0.5
4300,2021-01-18,LOM,9232,2978,6254,8242,975,15,ITC,ITC4,3,Lombardia,Lombardia,10060574,10608205,105.44,0.09
4301,2021-03-23,LOM,42581,15470,27111,28860,12866,855,ITC,ITC4,3,Lombardia,Lombardia,10060574,10650786,105.87,0.42
4302,2021-01-25,LOM,7035,2378,4657,483,6549,3,ITC,ITC4,3,Lombardia,Lombardia,10060574,10657821,105.94,0.07
4303,2021-02-01,LOM,16072,5323,10749,307,15763,2,ITC,ITC4,3,Lombardia,Lombardia,10060574,10673893,106.1,0.16
4304,2021-07-05,LOM,101405,49536,51869,31238,68277,1890,ITC,ITC4,3,Lombardia,Lombardia,10060574,10775298,107.1,1.01
4305,2021-07-12,LOM,111652,57403,54249,14790,95717,1145,ITC,ITC4,3,Lombardia,Lombardia,10060574,10886950,108.21,1.11
4306,2021-04-03,LOM,36267,14870,21397,25780,10107,380,ITC,ITC4,3,Lombardia,Lombardia,10060574,10923217,108.57,0.36
4307,2021-05-30,LOM,74369,35588,38781,33792,39958,619,ITC,ITC4,3,Lombardia,Lombardia,10060574,10997586,109.31,0.74
4308,2021-05-23,LOM,60764,28929,31835,26293,33957,514,ITC,ITC4,3,Lombardia,Lombardia,10060574,11058350,109.92,0.6
4309,2021-02-12,LOM,13973,4371,9602,8870,4943,160,ITC,ITC4,3,Lombardia,Lombardia,10060574,11072323,110.06,0.14
4310,2021-07-19,LOM,96880,50302,46578,10800,85000,1080,ITC,ITC4,3,Lombardia,Lombardia,10060574,11169203,111.02,0.96
4311,2021-04-10,LOM,52753,21847,30906,40044,11958,751,ITC,ITC4,3,Lombardia,Lombardia,10060574,11221956,111.54,0.52
4312,2021-06-06,LOM,90129,46347,43782,79529,9222,1378,ITC,ITC4,3,Lombardia,Lombardia,10060574,11312085,112.44,0.9
4313,2021-01-07,LOM,11780,3643,8137,11740,0,40,ITC,ITC4,3,Lombardia,Lombardia,10060574,11323865,112.56,0.12
4314,2021-02-19,LOM,14220,5400,8820,13324,723,173,ITC,ITC4,3,Lombardia,Lombardia,10060574,11338085,112.7,0.14
4315,2021-04-17,LOM,48513,21305,27208,36944,10852,717,ITC,ITC4,3,Lombardia,Lombardia,10060574,11386598,113.18,0.48
4316,2021-02-26,LOM,18432,7563,10869,16324,1904,204,ITC,ITC4,3,Lombardia,Lombardia,10060574,11405030,113.36,0.18
4317,2020-12-31,LOM,714,302,412,714,0,0,ITC,ITC4,3,Lombardia,Lombardia,10060574,11405744,113.37,0.01
