,data,area,Vaccinazioni giornaliere,sesso_maschile,sesso_femminile,Operatori sanitari - sociosanitari,Personale non sanitario,Ospiti RSA,categoria_personale_scolastico,categoria_60_69,categoria_70_79,categoria_over80,categoria_soggetti_fragili,categoria_forze_armate,categoria_altro,prima_dose,seconda_dose,codice_NUTS1,codice_NUTS2,codice_regione_ISTAT,nome_area,Regione,popolazione,Totale vaccinazioni,Totale vaccinazioni ogni cento ab,Vaccinazioni giornaliere ogni cento ab
0,2021-02-01,PIE,8642,3053,5589,6177,1397,1068,0,0,0,0,0,0,0,578,8064,ITC,ITC1,1,Piemonte,Piemonte,4356406,8642,0.2,0.2
1,2021-05-12,PIE,31358,14938,16420,377,220,158,1366,12072,3337,2562,9556,1084,626,18743,12615,ITC,ITC1,1,Piemonte,Piemonte,4356406,40000,0.92,0.72
2,2021-02-05,PIE,9453,3080,6373,5766,2042,1643,0,0,0,1,0,0,1,657,8796,ITC,ITC1,1,Piemonte,Piemonte,4356406,49453,1.14,0.22
3,2021-02-20,PIE,3832,1253,2579,1101,977,219,1417,0,0,30,0,88,0,3658,174,ITC,ITC1,1,Piemonte,Piemonte,4356406,53285,1.22,0.09
4,2021-03-26,PIE,17745,6981,10764,1167,744,529,2429,3,14,11533,609,711,6,8839,8906,ITC,ITC1,1,Piemonte,Piemonte,4356406,71030,1.63,0.41
5,2021-04-28,PIE,25920,11677,14243,576,274,106,54,3537,4036,7894,9398,25,20,15932,9988,ITC,ITC1,1,Piemonte,Piemonte,4356406,96950,2.23,0.59
6,2021-04-19,PIE,22524,10758,11766,309,159,213,28,793,5483,4810,10671,1,57,18160,4364,ITC,ITC1,1,Piemonte,Piemonte,4356406,119474,2.74,0.52
7,2021-04-25,PIE,20221,9301,10920,213,108,9,18,1418,6281,2536,9615,8,15,17717,2504,ITC,ITC1,1,Piemonte,Piemonte,4356406,139695,3.21,0.46
8,2021-04-05,PIE,14746,6233,8513,148,115,0,703,1,3905,7996,1844,33,1,12189,2557,ITC,ITC1,1,Piemonte,Piemonte,4356406,154441,3.55,0.34
9,2021-02-19,PIE,5534,2175,3359,1990,1697,667,1078,0,1,34,0,58,9,5033,501,ITC,ITC1,1,Piemonte,Piemonte,4356406,159975,3.67,0.13
10,2021-04-15,PIE,29568,13555,16013,899,400,432,53,1205,9652,6884,10003,7,33,24096,5472,ITC,ITC1,1,Piemonte,Piemonte,4356406,189543,4.35,0.68
11,2021-01-16,PIE,7771,2630,5141,4803,1596,1372,0,0,0,0,0,0,0,7771,0,ITC,ITC1,1,Piemonte,Piemonte,4356406,197314,4.53,0.18
12,2021-02-03,PIE,10197,3303,6894,6643,2299,1246,0,2,0,5,0,0,2,611,9586,ITC,ITC1,1,Piemonte,Piemonte,4356406,207511,4.76,0.23
13,2021-04-01,PIE,19321,8067,11254,672,373,289,914,6,1954,13852,966,261,34,11202,8119,ITC,ITC1,1,Piemonte,Piemonte,4356406,226832,5.21,0.44
14,2021-01-19,PIE,6456,2104,4352,3583,1301,1572,0,0,0,0,0,0,0,6444,12,ITC,ITC1,1,Piemonte,Piemonte,4356406,233288,5.36,0.15
15,2021-02-13,PIE,4152,1334,2818,2310,722,1114,5,0,0,1,0,0,0,2931,1221,ITC,ITC1,1,Piemonte,Piemonte,4356406,237440,5.45,0.1
16,2021-01-18,PIE,6164,2047,4117,3238,1403,1523,0,0,0,0,0,0,0,5916,248,ITC,ITC1,1,Piemonte,Piemonte,4356406,243604,5.59,0.14
17,2021-01-04,PIE,5563,1679,3884,4590,736,235,0,0,0,0,0,0,2,5563,0,ITC,ITC1,1,Piemonte,Piemonte,4356406,249167,5.72,0.13
18,2021-01-03,PIE,3063,967,2096,2715,295,52,0,0,0,0,0,0,1,3063,0,ITC,ITC1,1,Piemonte,Piemonte,4356406,252230,5.79,0.07
19,2021-02-12,PIE,6890,2214,4676,3527,1646,1709,2,1,0,4,0,0,1,3930,2960,ITC,ITC1,1,Piemonte,Piemonte,4356406,259120,5.95,0.16
20,2021-03-20,PIE,11916,4898,7018,882,1039,163,1939,20,17,7684,21,21,130,6019,5897,ITC,ITC1,1,Piemonte,Piemonte,4356406,271036,6.22,0.27
21,2021-03-08,PIE,13925,5285,8640,2037,1424,413,2628,1,1,7405,0,13,3,11212,2713,ITC,ITC1,1,Piemonte,Piemonte,4356406,284961,6.54,0.32
22,2021-05-16,PIE,28059,12743,15316,144,98,3,2425,6413,2833,1132,13098,317,1596,15037,13022,ITC,ITC1,1,Piemonte,Piemonte,4356406,313020,7.19,0.64
23,2021-05-04,PIE,28345,13015,15330,487,192,112,204,7540,5835,6207,7459,219,90,16318,12027,ITC,ITC1,1,Piemonte,Piemonte,4356406,341365,7.84,0.65
24,2021-01-29,PIE,5943,1886,4057,4199,1067,673,0,0,0,2,0,0,2,455,5488,ITC,ITC1,1,Piemonte,Piemonte,4356406,347308,7.97,0.14
25,2021-03-09,PIE,13962,5428,8534,1688,1543,356,2330,2,6,8027,1,9,0,11620,2342,ITC,ITC1,1,Piemonte,Piemonte,4356406,361270,8.29,0.32
26,2021-02-27,PIE,12684,4847,7837,885,960,232,3040,0,0,7562,1,3,1,12339,345,ITC,ITC1,1,Piemonte,Piemonte,4356406,373954,8.58,0.29
27,2021-02-17,PIE,4792,2155,2637,2248,2030,497,1,0,1,1,0,1,13,3803,989,ITC,ITC1,1,Piemonte,Piemonte,4356406,378746,8.69,0.11
28,2021-03-27,PIE,18360,7817,10543,1215,1623,119,2109,13,940,11698,446,191,6,9546,8814,ITC,ITC1,1,Piemonte,Piemonte,4356406,397106,9.12,0.42
29,2021-03-01,PIE,12037,4844,7193,1157,1275,281,2430,0,4,6876,0,13,1,11228,809,ITC,ITC1,1,Piemonte,Piemonte,4356406,409143,9.39,0.28
30,2021-02-16,PIE,3966,1755,2211,1815,1586,548,1,0,4,1,0,5,6,3208,758,ITC,ITC1,1,Piemonte,Piemonte,4356406,413109,9.48,0.09
31,2021-02-14,PIE,1476,498,978,796,381,285,14,0,0,0,0,0,0,876,600,ITC,ITC1,1,Piemonte,Piemonte,4356406,414585,9.52,0.03
32,2021-05-11,PIE,31752,15307,16445,310,114,79,935,11500,3301,1958,12309,836,410,18722,13030,ITC,ITC1,1,Piemonte,Piemonte,4356406,446337,10.25,0.73
33,2021-05-17,PIE,30307,14220,16087,201,173,53,2470,6401,3136,1213,11112,514,5034,17542,12765,ITC,ITC1,1,Piemonte,Piemonte,4356406,476644,10.94,0.7
34,2021-02-24,PIE,11407,4629,6778,1855,1289,408,2155,0,3,5685,0,7,5,10901,506,ITC,ITC1,1,Piemonte,Piemonte,4356406,488051,11.2,0.26
35,2021-03-31,PIE,19104,8101,11003,962,687,311,687,8,2527,13178,528,209,7,10412,8692,ITC,ITC1,1,Piemonte,Piemonte,4356406,507155,11.64,0.44
36,2021-01-09,PIE,6184,2185,3999,4499,1113,569,0,1,0,0,0,0,2,6184,0,ITC,ITC1,1,Piemonte,Piemonte,4356406,513339,11.78,0.14
37,2021-01-07,PIE,5387,1739,3648,4159,885,341,0,1,0,0,0,0,1,5387,0,ITC,ITC1,1,Piemonte,Piemonte,4356406,518726,11.91,0.12
38,2021-02-09,PIE,7351,2309,5042,4154,1367,1830,0,0,0,0,0,0,0,722,6629,ITC,ITC1,1,Piemonte,Piemonte,4356406,526077,12.08,0.17
39,2021-04-30,PIE,31589,14177,17412,725,429,376,122,4596,5536,8609,11001,119,76,18320,13269,ITC,ITC1,1,Piemonte,Piemonte,4356406,557666,12.8,0.73
40,2021-02-15,PIE,4431,1596,2835,2319,1144,962,1,0,2,2,0,1,0,3226,1205,ITC,ITC1,1,Piemonte,Piemonte,4356406,562097,12.9,0.1
41,2021-01-27,PIE,4196,1453,2743,2982,657,557,0,0,0,0,0,0,0,999,3197,ITC,ITC1,1,Piemonte,Piemonte,4356406,566293,13.0,0.1
42,2021-05-15,PIE,33385,15573,17812,360,226,15,3051,11462,4049,1211,10357,836,1818,19860,13525,ITC,ITC1,1,Piemonte,Piemonte,4356406,599678,13.77,0.77
43,2021-01-06,PIE,3116,1111,2005,2370,429,313,0,0,1,1,0,0,2,3116,0,ITC,ITC1,1,Piemonte,Piemonte,4356406,602794,13.84,0.07
44,2021-04-20,PIE,25430,11646,13784,710,273,258,35,1205,6128,6671,10125,2,23,19099,6331,ITC,ITC1,1,Piemonte,Piemonte,4356406,628224,14.42,0.58
45,2021-03-11,PIE,13759,5069,8690,2318,1415,382,2184,1,5,7373,4,71,6,10664,3095,ITC,ITC1,1,Piemonte,Piemonte,4356406,641983,14.74,0.32
46,2021-05-10,PIE,28414,13642,14772,283,121,103,1128,7335,3223,1752,13562,739,168,15435,12979,ITC,ITC1,1,Piemonte,Piemonte,4356406,670397,15.39,0.65
47,2021-05-09,PIE,26955,12851,14104,285,95,18,644,6852,3262,2687,12847,209,56,13355,13600,ITC,ITC1,1,Piemonte,Piemonte,4356406,697352,16.01,0.62
48,2021-01-20,PIE,6615,2089,4526,3618,1182,1813,0,0,0,0,0,0,2,5898,717,ITC,ITC1,1,Piemonte,Piemonte,4356406,703967,16.16,0.15
49,2021-01-05,PIE,5381,1603,3778,4368,721,285,0,0,2,1,0,0,4,5381,0,ITC,ITC1,1,Piemonte,Piemonte,4356406,709348,16.28,0.12
50,2021-04-02,PIE,20129,8298,11831,885,439,390,879,8,2690,13352,1279,153,54,11702,8427,ITC,ITC1,1,Piemonte,Piemonte,4356406,729477,16.74,0.46
51,2021-04-09,PIE,25824,11378,14446,1219,523,254,46,45,7406,11147,5134,35,15,21316,4508,ITC,ITC1,1,Piemonte,Piemonte,4356406,755301,17.34,0.59
52,2021-01-28,PIE,5590,1809,3781,4120,878,590,0,1,0,1,0,0,0,384,5206,ITC,ITC1,1,Piemonte,Piemonte,4356406,760891,17.47,0.13
53,2021-02-25,PIE,12218,5252,6966,1447,2064,405,1961,0,2,6330,0,3,6,11671,547,ITC,ITC1,1,Piemonte,Piemonte,4356406,773109,17.75,0.28
54,2021-05-02,PIE,25026,11250,13776,578,230,33,69,3026,7198,5663,8123,86,20,14282,10744,ITC,ITC1,1,Piemonte,Piemonte,4356406,798135,18.32,0.57
55,2021-01-15,PIE,8969,2955,6014,5499,1922,1546,0,1,0,0,0,0,1,8969,0,ITC,ITC1,1,Piemonte,Piemonte,4356406,807104,18.53,0.21
56,2021-01-11,PIE,8742,2980,5762,6060,1553,1127,0,1,0,0,0,0,1,8742,0,ITC,ITC1,1,Piemonte,Piemonte,4356406,815846,18.73,0.2
57,2021-04-07,PIE,23603,9992,13611,951,440,272,532,7,5786,12383,3099,66,67,18139,5464,ITC,ITC1,1,Piemonte,Piemonte,4356406,839449,19.27,0.54
58,2021-02-02,PIE,10238,3507,6731,6872,2048,1317,0,0,0,0,0,0,1,815,9423,ITC,ITC1,1,Piemonte,Piemonte,4356406,849687,19.5,0.24
59,2021-03-07,PIE,11969,4656,7313,1322,1134,111,2050,0,5,7345,0,0,2,11091,878,ITC,ITC1,1,Piemonte,Piemonte,4356406,861656,19.78,0.27
60,2021-01-14,PIE,9765,3151,6614,6182,2097,1484,0,0,0,0,0,0,2,9765,0,ITC,ITC1,1,Piemonte,Piemonte,4356406,871421,20.0,0.22
61,2021-01-23,PIE,4257,1325,2932,3212,524,520,0,0,0,1,0,0,0,879,3378,ITC,ITC1,1,Piemonte,Piemonte,4356406,875678,20.1,0.1
62,2021-02-11,PIE,6764,2107,4657,3422,1328,2010,3,0,0,0,0,0,1,3006,3758,ITC,ITC1,1,Piemonte,Piemonte,4356406,882442,20.26,0.16
63,2021-03-02,PIE,11193,4503,6690,907,1122,215,2517,0,4,6416,0,10,2,10377,816,ITC,ITC1,1,Piemonte,Piemonte,4356406,893635,20.51,0.26
64,2021-03-25,PIE,17058,7201,9857,1035,963,599,1375,4,25,12006,568,476,7,8422,8636,ITC,ITC1,1,Piemonte,Piemonte,4356406,910693,20.9,0.39
65,2021-03-13,PIE,13034,4717,8317,1169,996,158,2138,1,3,8560,0,4,5,11591,1443,ITC,ITC1,1,Piemonte,Piemonte,4356406,923727,21.2,0.3
66,2021-01-17,PIE,3518,1168,2350,2082,596,840,0,0,0,0,0,0,0,2870,648,ITC,ITC1,1,Piemonte,Piemonte,4356406,927245,21.28,0.08
67,2021-04-08,PIE,25118,10919,14199,1057,521,274,412,26,7379,11271,4043,117,18,20388,4730,ITC,ITC1,1,Piemonte,Piemonte,4356406,952363,21.86,0.58
68,2021-05-08,PIE,33754,16021,17733,268,200,54,1191,9373,4830,3806,13534,409,89,18154,15600,ITC,ITC1,1,Piemonte,Piemonte,4356406,986117,22.64,0.77
69,2021-03-14,PIE,8200,3332,4868,794,588,2,990,0,5,5815,0,1,5,5308,2892,ITC,ITC1,1,Piemonte,Piemonte,4356406,994317,22.82,0.19
70,2021-01-31,PIE,4112,1752,2360,3080,655,377,0,0,0,0,0,0,0,112,4000,ITC,ITC1,1,Piemonte,Piemonte,4356406,998429,22.92,0.09
71,2021-01-26,PIE,6330,1879,4451,4727,873,728,0,0,0,0,0,0,2,735,5595,ITC,ITC1,1,Piemonte,Piemonte,4356406,1004759,23.06,0.15
72,2021-02-04,PIE,10201,3337,6864,6237,2199,1763,0,0,0,0,0,0,2,588,9613,ITC,ITC1,1,Piemonte,Piemonte,4356406,1014960,23.3,0.23
73,2021-04-24,PIE,27412,12405,15007,461,169,28,23,2682,8345,5243,10383,48,30,21776,5636,ITC,ITC1,1,Piemonte,Piemonte,4356406,1042372,23.93,0.63
74,2021-03-17,PIE,12515,5053,7462,2084,806,236,9,1,9,9104,10,250,6,5224,7291,ITC,ITC1,1,Piemonte,Piemonte,4356406,1054887,24.21,0.29
75,2021-04-26,PIE,19688,8706,10982,306,100,84,44,1598,3378,4837,9317,11,13,15309,4379,ITC,ITC1,1,Piemonte,Piemonte,4356406,1074575,24.67,0.45
76,2021-02-10,PIE,7534,2371,5163,3905,1530,2098,0,0,0,0,0,0,1,1316,6218,ITC,ITC1,1,Piemonte,Piemonte,4356406,1082109,24.84,0.17
77,2021-03-28,PIE,16040,6893,9147,926,1914,34,2480,3,461,8931,1076,208,7,8432,7608,ITC,ITC1,1,Piemonte,Piemonte,4356406,1098149,25.21,0.37
78,2021-04-06,PIE,20236,8808,11428,650,591,260,1319,16,5176,9659,2427,113,25,15040,5196,ITC,ITC1,1,Piemonte,Piemonte,4356406,1118385,25.67,0.46
79,2021-02-07,PIE,3087,974,2113,1648,662,777,0,0,0,0,0,0,0,445,2642,ITC,ITC1,1,Piemonte,Piemonte,4356406,1121472,25.74,0.07
80,2021-04-12,PIE,22908,10342,12566,612,296,245,60,242,7776,7338,6282,10,47,19925,2983,ITC,ITC1,1,Piemonte,Piemonte,4356406,1144380,26.27,0.53
81,2021-02-18,PIE,4789,2093,2696,2255,1898,624,2,0,0,0,0,3,7,4359,430,ITC,ITC1,1,Piemonte,Piemonte,4356406,1149169,26.38,0.11
82,2020-12-30,PIE,730,322,408,685,45,0,0,0,0,0,0,0,0,730,0,ITC,ITC1,1,Piemonte,Piemonte,4356406,1149899,26.4,0.02
83,2021-03-19,PIE,11018,4510,6508,1127,650,432,271,3,19,8184,25,301,6,4414,6604,ITC,ITC1,1,Piemonte,Piemonte,4356406,1160917,26.65,0.25
84,2020-12-31,PIE,3909,1334,2575,3415,356,134,0,0,0,0,0,0,4,3909,0,ITC,ITC1,1,Piemonte,Piemonte,4356406,1164826,26.74,0.09
85,2021-05-13,PIE,34944,17052,17892,342,193,251,836,11836,3818,1677,14005,1259,727,20308,14636,ITC,ITC1,1,Piemonte,Piemonte,4356406,1199770,27.54,0.8
86,2021-01-08,PIE,5531,1761,3770,4078,1027,422,0,0,0,0,0,0,4,5531,0,ITC,ITC1,1,Piemonte,Piemonte,4356406,1205301,27.67,0.13
87,2021-03-18,PIE,11742,4798,6944,1464,770,343,18,3,14,8873,10,235,12,4029,7713,ITC,ITC1,1,Piemonte,Piemonte,4356406,1217043,27.94,0.27
88,2021-04-11,PIE,20822,9315,11507,401,231,69,254,217,7641,6877,5117,5,10,18661,2161,ITC,ITC1,1,Piemonte,Piemonte,4356406,1237865,28.41,0.48
89,2021-01-21,PIE,6881,2314,4567,4707,840,1319,0,3,0,0,0,0,12,3385,3496,ITC,ITC1,1,Piemonte,Piemonte,4356406,1244746,28.57,0.16
90,2021-02-26,PIE,12292,4932,7360,843,1431,490,2901,0,2,6616,0,8,1,11556,736,ITC,ITC1,1,Piemonte,Piemonte,4356406,1257038,28.85,0.28
91,2021-03-03,PIE,12118,4644,7474,1103,1025,257,2665,0,2,7061,0,5,0,11299,819,ITC,ITC1,1,Piemonte,Piemonte,4356406,1269156,29.13,0.28
92,2021-03-05,PIE,15265,5958,9307,2543,2010,655,2371,1,5,7673,1,6,0,11447,3818,ITC,ITC1,1,Piemonte,Piemonte,4356406,1284421,29.48,0.35
93,2021-02-23,PIE,9233,3713,5520,2298,1346,389,1052,0,2,4108,0,33,5,8653,580,ITC,ITC1,1,Piemonte,Piemonte,4356406,1293654,29.7,0.21
94,2021-01-25,PIE,6214,1938,4276,4789,860,562,0,0,1,1,0,0,1,983,5231,ITC,ITC1,1,Piemonte,Piemonte,4356406,1299868,29.84,0.14
95,2021-01-01,PIE,1038,395,643,922,116,0,0,0,0,0,0,0,0,1038,0,ITC,ITC1,1,Piemonte,Piemonte,4356406,1300906,29.86,0.02
96,2021-04-04,PIE,9254,4059,5195,196,302,0,294,0,2041,4231,2173,11,6,6541,2713,ITC,ITC1,1,Piemonte,Piemonte,4356406,1310160,30.07,0.21
97,2020-12-27,PIE,913,369,544,761,73,76,0,1,0,0,0,0,2,913,0,ITC,ITC1,1,Piemonte,Piemonte,4356406,1311073,30.1,0.02
98,2021-01-22,PIE,3866,1249,2617,2279,650,934,0,1,0,1,0,0,1,2525,1341,ITC,ITC1,1,Piemonte,Piemonte,4356406,1314939,30.18,0.09
99,2021-03-06,PIE,13992,5210,8782,2262,1126,462,2697,1,2,7440,1,1,0,11203,2789,ITC,ITC1,1,Piemonte,Piemonte,4356406,1328931,30.51,0.32
100,2021-03-16,PIE,10519,4268,6251,2231,870,322,13,7,10,6800,65,162,39,4463,6056,ITC,ITC1,1,Piemonte,Piemonte,4356406,1339450,30.75,0.24
101,2021-04-22,PIE,27582,12690,14892,605,332,423,60,1654,5411,6555,12478,20,44,20894,6688,ITC,ITC1,1,Piemonte,Piemonte,4356406,1367032,31.38,0.63
102,2021-04-21,PIE,25657,11795,13862,799,358,264,45,1399,7167,6150,9442,11,22,20335,5322,ITC,ITC1,1,Piemonte,Piemonte,4356406,1392689,31.97,0.59
103,2021-03-12,PIE,13947,5184,8763,2145,1295,471,2274,0,4,7638,13,106,1,11012,2935,ITC,ITC1,1,Piemonte,Piemonte,4356406,1406636,32.29,0.32
104,2021-04-18,PIE,22927,10808,12119,341,242,24,46,913,5632,4383,11319,10,17,20173,2754,ITC,ITC1,1,Piemonte,Piemonte,4356406,1429563,32.82,0.53
105,2021-05-07,PIE,32744,15471,17273,552,194,268,411,9285,5583,3826,12105,465,55,18781,13963,ITC,ITC1,1,Piemonte,Piemonte,4356406,1462307,33.57,0.75
106,2021-03-10,PIE,13629,5166,8463,1667,1339,280,2240,1,7,8018,2,74,1,11335,2294,ITC,ITC1,1,Piemonte,Piemonte,4356406,1475936,33.88,0.31
107,2021-04-17,PIE,30310,14087,16223,746,321,116,56,2805,9982,4910,11350,9,15,27033,3277,ITC,ITC1,1,Piemonte,Piemonte,4356406,1506246,34.58,0.7
108,2021-02-08,PIE,6916,2355,4561,3786,1557,1572,0,0,0,0,0,0,1,666,6250,ITC,ITC1,1,Piemonte,Piemonte,4356406,1513162,34.73,0.16
109,2021-04-29,PIE,48208,21812,26396,1235,561,318,62,9573,11319,9161,15718,164,97,35626,12582,ITC,ITC1,1,Piemonte,Piemonte,4356406,1561370,35.84,1.11
110,2021-02-22,PIE,8479,3471,5008,1705,1397,512,920,2,4,3925,0,11,3,7889,590,ITC,ITC1,1,Piemonte,Piemonte,4356406,1569849,36.04,0.19
111,2021-04-03,PIE,19429,8156,11273,309,237,76,540,15,2976,13413,1666,114,83,10882,8547,ITC,ITC1,1,Piemonte,Piemonte,4356406,1589278,36.48,0.45
112,2021-05-18,PIE,25676,11700,13976,223,222,50,2427,6474,2301,1039,8436,814,3690,14630,11046,ITC,ITC1,1,Piemonte,Piemonte,4356406,1614954,37.07,0.59
113,2021-05-06,PIE,33052,15585,17467,479,184,269,195,10293,5295,3804,11811,625,97,19697,13355,ITC,ITC1,1,Piemonte,Piemonte,4356406,1648006,37.83,0.76
114,2021-02-28,PIE,10814,4059,6755,642,501,53,2791,1,1,6823,0,0,2,10574,240,ITC,ITC1,1,Piemonte,Piemonte,4356406,1658820,38.08,0.25
115,2021-02-21,PIE,5089,2082,3007,685,263,47,737,0,0,3355,0,1,1,4987,102,ITC,ITC1,1,Piemonte,Piemonte,4356406,1663909,38.19,0.12
116,2021-01-10,PIE,5214,2275,2939,3910,783,519,0,0,0,0,0,0,2,5214,0,ITC,ITC1,1,Piemonte,Piemonte,4356406,1669123,38.31,0.12
117,2021-04-27,PIE,22537,10194,12343,356,212,156,80,3087,3896,5013,9688,31,18,17424,5113,ITC,ITC1,1,Piemonte,Piemonte,4356406,1691660,38.83,0.52
118,2021-03-21,PIE,10710,4736,5974,585,1475,9,1318,2,165,7021,1,133,1,4183,6527,ITC,ITC1,1,Piemonte,Piemonte,4356406,1702370,39.08,0.25
119,2021-03-29,PIE,15159,6384,8775,416,543,137,1330,3,1259,10373,744,342,12,8546,6613,ITC,ITC1,1,Piemonte,Piemonte,4356406,1717529,39.43,0.35
120,2021-04-23,PIE,27408,12587,14821,720,275,285,30,1805,5275,6478,12475,42,23,20650,6758,ITC,ITC1,1,Piemonte,Piemonte,4356406,1744937,40.05,0.63
121,2021-03-15,PIE,10648,4157,6491,1717,1460,231,1470,2,5,5733,0,28,2,5029,5619,ITC,ITC1,1,Piemonte,Piemonte,4356406,1755585,40.3,0.24
122,2021-04-14,PIE,27683,12550,15133,875,440,448,60,787,10251,7087,7707,9,19,23170,4513,ITC,ITC1,1,Piemonte,Piemonte,4356406,1783268,40.93,0.64
123,2021-01-12,PIE,10049,3405,6644,6865,2009,1170,0,2,0,0,0,0,3,10049,0,ITC,ITC1,1,Piemonte,Piemonte,4356406,1793317,41.17,0.23
124,2021-05-01,PIE,28511,12986,15525,439,275,58,88,3547,8856,6949,8200,74,25,16715,11796,ITC,ITC1,1,Piemonte,Piemonte,4356406,1821828,41.82,0.65
125,2020-12-28,PIE,1,1,0,1,0,0,0,0,0,0,0,0,0,1,0,ITC,ITC1,1,Piemonte,Piemonte,4356406,1821829,41.82,0.0
126,2021-04-13,PIE,25902,11592,14310,666,266,261,121,900,10397,7030,6221,7,33,22457,3445,ITC,ITC1,1,Piemonte,Piemonte,4356406,1847731,42.41,0.59
127,2021-02-06,PIE,7984,2664,5320,5101,1629,1252,0,0,0,1,0,0,1,400,7584,ITC,ITC1,1,Piemonte,Piemonte,4356406,1855715,42.6,0.18
128,2021-03-30,PIE,16886,7030,9856,783,436,287,994,7,1375,12122,580,297,5,9015,7871,ITC,ITC1,1,Piemonte,Piemonte,4356406,1872601,42.98,0.39
129,2021-01-30,PIE,5979,2135,3844,4375,1108,496,0,0,0,0,0,0,0,218,5761,ITC,ITC1,1,Piemonte,Piemonte,4356406,1878580,43.12,0.14
130,2021-04-16,PIE,28304,13170,15134,1046,469,451,77,1629,7601,5895,11085,5,46,23384,4920,ITC,ITC1,1,Piemonte,Piemonte,4356406,1906884,43.77,0.65
131,2021-05-05,PIE,31963,14958,17005,799,409,221,206,9656,5949,5035,9273,379,36,18998,12965,ITC,ITC1,1,Piemonte,Piemonte,4356406,1938847,44.51,0.73
132,2021-01-13,PIE,10080,3223,6857,6488,2259,1329,0,0,0,0,0,0,4,10080,0,ITC,ITC1,1,Piemonte,Piemonte,4356406,1948927,44.74,0.23
133,2021-05-03,PIE,26568,12133,14435,689,303,65,96,3911,4664,7568,9129,104,39,12435,14133,ITC,ITC1,1,Piemonte,Piemonte,4356406,1975495,45.35,0.61
134,2021-04-10,PIE,30155,13412,16743,902,457,138,134,359,11981,10237,5923,15,9,25877,4278,ITC,ITC1,1,Piemonte,Piemonte,4356406,2005650,46.04,0.69
135,2021-05-14,PIE,32567,15854,16713,419,168,163,1522,11249,3308,1297,12584,1180,677,17372,15195,ITC,ITC1,1,Piemonte,Piemonte,4356406,2038217,46.79,0.75
136,2021-03-22,PIE,11473,4861,6612,892,918,194,1219,1,9,7914,75,249,2,3867,7606,ITC,ITC1,1,Piemonte,Piemonte,4356406,2049690,47.05,0.26
137,2021-03-04,PIE,14491,5733,8758,2186,1951,612,2195,0,2,7536,0,5,4,11542,2949,ITC,ITC1,1,Piemonte,Piemonte,4356406,2064181,47.38,0.33
138,2021-03-24,PIE,15500,6338,9162,1072,766,506,840,5,21,11510,394,376,10,6375,9125,ITC,ITC1,1,Piemonte,Piemonte,4356406,2079681,47.74,0.36
139,2021-01-02,PIE,3545,1134,2411,3081,407,53,0,1,0,1,0,0,2,3545,0,ITC,ITC1,1,Piemonte,Piemonte,4356406,2083226,47.82,0.08
140,2021-01-24,PIE,3153,959,2194,2636,370,146,0,0,0,0,0,0,1,434,2719,ITC,ITC1,1,Piemonte,Piemonte,4356406,2086379,47.89,0.07
141,2021-03-23,PIE,13050,5444,7606,693,1020,260,1334,5,15,9243,287,178,15,6808,6242,ITC,ITC1,1,Piemonte,Piemonte,4356406,2099429,48.19,0.3
142,2021-02-01,UMB,1285,342,943,877,35,373,0,0,0,0,0,0,0,48,1237,ITI,ITI2,10,Umbria,Umbria,882015,1285,0.15,0.15
143,2021-04-12,UMB,7085,3075,4010,204,17,0,17,31,2427,2911,1462,4,12,5368,1717,ITI,ITI2,10,Umbria,Umbria,882015,8370,0.95,0.8
144,2021-02-20,UMB,282,100,182,83,7,39,0,0,0,152,0,0,1,258,24,ITI,ITI2,10,Umbria,Umbria,882015,8652,0.98,0.03
145,2021-05-03,UMB,5082,2264,2818,189,22,12,12,17,112,1452,3230,35,1,2195,2887,ITI,ITI2,10,Umbria,Umbria,882015,13734,1.56,0.58
146,2021-01-02,UMB,304,111,193,304,0,0,0,0,0,0,0,0,0,304,0,ITI,ITI2,10,Umbria,Umbria,882015,14038,1.59,0.03
147,2021-01-11,UMB,1315,346,969,880,14,415,0,1,0,0,0,0,5,1315,0,ITI,ITI2,10,Umbria,Umbria,882015,15353,1.74,0.15
148,2021-03-09,UMB,4051,1971,2080,143,568,122,23,0,1,2915,7,217,55,2759,1292,ITI,ITI2,10,Umbria,Umbria,882015,19404,2.2,0.46
149,2021-01-25,UMB,648,323,325,646,2,0,0,0,0,0,0,0,0,5,643,ITI,ITI2,10,Umbria,Umbria,882015,20052,2.27,0.07
150,2021-01-19,UMB,103,23,80,21,2,80,0,0,0,0,0,0,0,103,0,ITI,ITI2,10,Umbria,Umbria,882015,20155,2.29,0.01
151,2021-02-06,UMB,396,138,258,333,47,16,0,0,0,0,0,0,0,34,362,ITI,ITI2,10,Umbria,Umbria,882015,20551,2.33,0.04
152,2021-01-04,UMB,810,398,412,810,0,0,0,0,0,0,0,0,0,810,0,ITI,ITI2,10,Umbria,Umbria,882015,21361,2.42,0.09
153,2021-04-10,UMB,7442,3499,3943,81,62,30,50,49,2475,691,3972,18,14,7329,113,ITI,ITI2,10,Umbria,Umbria,882015,28803,3.27,0.84
154,2021-05-12,UMB,6381,2980,3401,207,28,34,1,372,1332,1270,3073,2,62,4247,2134,ITI,ITI2,10,Umbria,Umbria,882015,35184,3.99,0.72
155,2021-02-05,UMB,780,234,546,645,51,84,0,0,0,0,0,0,0,18,762,ITI,ITI2,10,Umbria,Umbria,882015,35964,4.08,0.09
156,2021-02-03,UMB,725,174,551,560,34,131,0,0,0,0,0,0,0,67,658,ITI,ITI2,10,Umbria,Umbria,882015,36689,4.16,0.08
157,2021-02-26,UMB,660,253,407,386,73,40,3,0,0,154,0,4,0,652,8,ITI,ITI2,10,Umbria,Umbria,882015,37349,4.23,0.07
158,2021-01-07,UMB,1300,387,913,893,1,404,0,0,0,1,0,0,1,1300,0,ITI,ITI2,10,Umbria,Umbria,882015,38649,4.38,0.15
159,2021-03-11,UMB,3565,1697,1868,144,652,263,158,0,0,2018,1,291,38,2559,1006,ITI,ITI2,10,Umbria,Umbria,882015,42214,4.79,0.4
160,2021-03-14,UMB,66,48,18,0,6,1,4,6,2,0,0,0,47,66,0,ITI,ITI2,10,Umbria,Umbria,882015,42280,4.79,0.01
161,2021-04-27,UMB,5643,2395,3248,200,11,1,8,28,1153,2479,1731,8,24,3073,2570,ITI,ITI2,10,Umbria,Umbria,882015,47923,5.43,0.64
162,2021-04-24,UMB,4553,1960,2593,42,15,0,81,35,1124,1073,2178,3,2,3379,1174,ITI,ITI2,10,Umbria,Umbria,882015,52476,5.95,0.52
163,2021-03-10,UMB,4012,1927,2085,123,785,180,75,3,3,2566,6,263,8,2756,1256,ITI,ITI2,10,Umbria,Umbria,882015,56488,6.4,0.45
164,2021-02-16,UMB,1308,655,653,34,4,0,0,2,1,1263,4,0,0,1299,9,ITI,ITI2,10,Umbria,Umbria,882015,57796,6.55,0.15
165,2021-04-21,UMB,5297,2303,2994,237,9,1,9,74,1055,2698,1201,5,8,3071,2226,ITI,ITI2,10,Umbria,Umbria,882015,63093,7.15,0.6
166,2021-02-17,UMB,1618,748,870,363,4,0,1,0,6,1240,1,0,3,1267,351,ITI,ITI2,10,Umbria,Umbria,882015,64711,7.34,0.18
167,2021-04-22,UMB,5418,2228,3190,258,21,77,5,37,792,3014,1199,7,8,2761,2657,ITI,ITI2,10,Umbria,Umbria,882015,70129,7.95,0.61
168,2021-04-30,UMB,6214,2956,3258,74,31,66,77,25,381,281,5263,8,8,2829,3385,ITI,ITI2,10,Umbria,Umbria,882015,76343,8.66,0.7
169,2021-01-06,UMB,846,325,521,843,0,0,0,1,0,0,0,0,2,846,0,ITI,ITI2,10,Umbria,Umbria,882015,77189,8.75,0.1
170,2021-03-06,UMB,4267,1110,3157,422,186,26,2322,6,5,1128,0,125,47,4124,143,ITI,ITI2,10,Umbria,Umbria,882015,81456,9.24,0.48
171,2021-03-01,UMB,1503,774,729,110,10,0,1,0,0,1249,0,133,0,1389,114,ITI,ITI2,10,Umbria,Umbria,882015,82959,9.41,0.17
172,2021-01-05,UMB,854,429,425,851,0,0,0,1,0,0,0,0,2,854,0,ITI,ITI2,10,Umbria,Umbria,882015,83813,9.5,0.1
173,2021-04-03,UMB,2110,716,1394,143,208,30,216,5,32,1282,169,22,3,1057,1053,ITI,ITI2,10,Umbria,Umbria,882015,85923,9.74,0.24
174,2021-02-24,UMB,1520,565,955,1083,45,90,0,1,0,292,0,9,0,1505,15,ITI,ITI2,10,Umbria,Umbria,882015,87443,9.91,0.17
175,2021-01-16,UMB,221,73,148,146,32,43,0,0,0,0,0,0,0,221,0,ITI,ITI2,10,Umbria,Umbria,882015,87664,9.94,0.03
176,2021-04-01,UMB,4330,1792,2538,204,14,309,19,5,7,3268,452,5,47,2323,2007,ITI,ITI2,10,Umbria,Umbria,882015,91994,10.43,0.49
177,2021-03-20,UMB,2297,832,1465,317,682,21,1200,0,0,0,0,72,5,2272,25,ITI,ITI2,10,Umbria,Umbria,882015,94291,10.69,0.26
178,2021-05-14,UMB,5177,2412,2765,76,36,35,50,453,743,273,3469,11,31,3376,1801,ITI,ITI2,10,Umbria,Umbria,882015,99468,11.28,0.59
179,2021-02-08,UMB,637,203,434,368,111,154,0,0,0,0,0,4,0,88,549,ITI,ITI2,10,Umbria,Umbria,882015,100105,11.35,0.07
180,2021-05-13,UMB,5866,2642,3224,149,13,21,3,348,1093,1232,2914,15,78,3798,2068,ITI,ITI2,10,Umbria,Umbria,882015,105971,12.01,0.67
181,2021-01-15,UMB,701,215,486,590,44,67,0,0,0,0,0,0,0,701,0,ITI,ITI2,10,Umbria,Umbria,882015,106672,12.09,0.08
182,2021-01-09,UMB,1745,499,1246,894,7,844,0,0,0,0,0,0,0,1745,0,ITI,ITI2,10,Umbria,Umbria,882015,108417,12.29,0.2
183,2021-03-29,UMB,3799,1648,2151,247,42,58,26,9,11,2832,534,21,19,2320,1479,ITI,ITI2,10,Umbria,Umbria,882015,112216,12.72,0.43
184,2021-01-14,UMB,752,201,551,697,35,19,1,0,0,0,0,0,0,752,0,ITI,ITI2,10,Umbria,Umbria,882015,112968,12.81,0.09
185,2021-05-06,UMB,9431,4301,5130,216,33,27,4,209,3800,1569,3560,4,9,6134,3297,ITI,ITI2,10,Umbria,Umbria,882015,122399,13.88,1.07
186,2021-03-05,UMB,4591,1379,3212,604,320,7,2554,2,1,712,0,383,8,3935,656,ITI,ITI2,10,Umbria,Umbria,882015,126990,14.4,0.52
187,2021-02-02,UMB,944,274,670,714,17,212,0,0,0,0,0,0,1,32,912,ITI,ITI2,10,Umbria,Umbria,882015,127934,14.5,0.11
188,2021-04-18,UMB,1529,680,849,67,11,0,41,2,171,840,376,21,0,599,930,ITI,ITI2,10,Umbria,Umbria,882015,129463,14.68,0.17
189,2021-03-15,UMB,4596,1930,2666,1426,264,79,263,2,1,2343,7,206,5,2828,1768,ITI,ITI2,10,Umbria,Umbria,882015,134059,15.2,0.52
190,2021-02-10,UMB,715,349,366,606,106,3,0,0,0,0,0,0,0,700,15,ITI,ITI2,10,Umbria,Umbria,882015,134774,15.28,0.08
191,2021-04-14,UMB,8145,3672,4473,226,35,15,19,59,2926,3149,1695,13,8,6166,1979,ITI,ITI2,10,Umbria,Umbria,882015,142919,16.2,0.92
192,2021-03-07,UMB,845,180,665,17,82,25,676,0,0,45,0,0,0,838,7,ITI,ITI2,10,Umbria,Umbria,882015,143764,16.3,0.1
193,2021-01-13,UMB,450,139,311,379,29,42,0,0,0,0,0,0,0,450,0,ITI,ITI2,10,Umbria,Umbria,882015,144214,16.35,0.05
194,2021-03-13,UMB,1731,524,1207,120,154,49,1152,3,0,152,0,91,10,1486,245,ITI,ITI2,10,Umbria,Umbria,882015,145945,16.55,0.2
195,2021-01-18,UMB,614,219,395,348,114,144,0,2,1,0,0,0,5,529,85,ITI,ITI2,10,Umbria,Umbria,882015,146559,16.62,0.07
196,2021-04-07,UMB,5545,2283,3262,483,42,101,20,9,924,3185,759,18,4,3540,2005,ITI,ITI2,10,Umbria,Umbria,882015,152104,17.25,0.63
197,2021-02-15,UMB,1368,692,676,10,4,0,0,0,1,1351,2,0,0,1367,1,ITI,ITI2,10,Umbria,Umbria,882015,153472,17.4,0.16
198,2021-05-15,UMB,4937,1859,3078,27,29,1,1502,269,393,188,2505,8,15,1795,3142,ITI,ITI2,10,Umbria,Umbria,882015,158409,17.96,0.56
199,2021-01-27,UMB,840,330,510,839,1,0,0,0,0,0,0,0,0,13,827,ITI,ITI2,10,Umbria,Umbria,882015,159249,18.06,0.1
200,2021-02-13,UMB,115,28,87,68,46,0,0,0,0,1,0,0,0,112,3,ITI,ITI2,10,Umbria,Umbria,882015,159364,18.07,0.01
201,2021-03-27,UMB,4252,1512,2740,752,595,1,576,4,7,2238,1,24,54,3912,340,ITI,ITI2,10,Umbria,Umbria,882015,163616,18.55,0.48
202,2021-03-04,UMB,4485,1853,2632,849,184,4,1466,2,0,1563,0,410,7,3657,828,ITI,ITI2,10,Umbria,Umbria,882015,168101,19.06,0.51
203,2021-04-02,UMB,4263,1708,2555,376,318,68,331,3,23,886,2155,35,68,3516,747,ITI,ITI2,10,Umbria,Umbria,882015,172364,19.54,0.48
204,2021-01-26,UMB,816,390,426,815,1,0,0,0,0,0,0,0,0,18,798,ITI,ITI2,10,Umbria,Umbria,882015,173180,19.63,0.09
205,2021-01-20,UMB,613,222,391,583,15,14,1,0,0,0,0,0,0,613,0,ITI,ITI2,10,Umbria,Umbria,882015,173793,19.7,0.07
206,2021-02-12,UMB,671,224,447,459,208,1,2,0,0,1,0,0,0,665,6,ITI,ITI2,10,Umbria,Umbria,882015,174464,19.78,0.08
207,2021-01-31,UMB,1058,276,782,767,10,281,0,0,0,0,0,0,0,25,1033,ITI,ITI2,10,Umbria,Umbria,882015,175522,19.9,0.12
208,2021-03-30,UMB,3948,1705,2243,179,31,108,20,0,0,3075,432,15,88,2416,1532,ITI,ITI2,10,Umbria,Umbria,882015,179470,20.35,0.45
209,2021-05-08,UMB,8087,3725,4362,52,35,8,113,223,2149,630,4844,11,22,4899,3188,ITI,ITI2,10,Umbria,Umbria,882015,187557,21.26,0.92
210,2021-04-13,UMB,7671,3396,4275,218,23,21,19,61,2863,2875,1573,8,10,6002,1669,ITI,ITI2,10,Umbria,Umbria,882015,195228,22.13,0.87
211,2021-01-03,UMB,270,112,158,270,0,0,0,0,0,0,0,0,0,270,0,ITI,ITI2,10,Umbria,Umbria,882015,195498,22.16,0.03
212,2021-01-22,UMB,276,105,171,273,1,2,0,0,0,0,0,0,0,32,244,ITI,ITI2,10,Umbria,Umbria,882015,195774,22.2,0.03
213,2021-04-17,UMB,6663,3057,3606,164,31,23,127,39,1755,1445,3061,11,7,5323,1340,ITI,ITI2,10,Umbria,Umbria,882015,202437,22.95,0.76
214,2021-05-07,UMB,10076,4681,5395,123,45,114,162,388,3269,719,5204,14,38,6877,3199,ITI,ITI2,10,Umbria,Umbria,882015,212513,24.09,1.14
215,2021-03-08,UMB,3668,1799,1869,141,289,46,42,0,1,2855,2,292,0,2305,1363,ITI,ITI2,10,Umbria,Umbria,882015,216181,24.51,0.42
216,2021-05-05,UMB,7153,3274,3879,185,32,22,11,73,1401,1574,3835,11,9,3858,3295,ITI,ITI2,10,Umbria,Umbria,882015,223334,25.32,0.81
217,2021-02-04,UMB,733,226,507,693,20,20,0,0,0,0,0,0,0,25,708,ITI,ITI2,10,Umbria,Umbria,882015,224067,25.4,0.08
218,2021-03-17,UMB,3331,1313,2018,1430,55,131,16,2,0,1684,1,8,4,1859,1472,ITI,ITI2,10,Umbria,Umbria,882015,227398,25.78,0.38
219,2021-04-08,UMB,5831,2465,3366,343,28,287,12,24,1401,2905,810,13,8,4036,1795,ITI,ITI2,10,Umbria,Umbria,882015,233229,26.44,0.66
220,2021-03-31,UMB,3902,1733,2169,178,39,183,23,1,5,2962,425,6,80,2215,1687,ITI,ITI2,10,Umbria,Umbria,882015,237131,26.89,0.44
221,2021-01-23,UMB,280,100,180,279,1,0,0,0,0,0,0,0,0,2,278,ITI,ITI2,10,Umbria,Umbria,882015,237411,26.92,0.03
222,2021-03-02,UMB,3641,1345,2296,318,235,55,1446,0,1,1303,0,283,0,3637,4,ITI,ITI2,10,Umbria,Umbria,882015,241052,27.33,0.41
223,2021-03-22,UMB,3559,1654,1905,163,235,0,147,3,2,2830,0,174,5,2313,1246,ITI,ITI2,10,Umbria,Umbria,882015,244611,27.73,0.4
224,2021-01-28,UMB,1247,394,853,898,4,345,0,0,0,0,0,0,0,19,1228,ITI,ITI2,10,Umbria,Umbria,882015,245858,27.87,0.14
225,2021-01-10,UMB,1070,277,793,745,3,318,0,1,1,1,0,0,1,1070,0,ITI,ITI2,10,Umbria,Umbria,882015,246928,28.0,0.12
226,2021-04-06,UMB,5290,2169,3121,599,56,113,29,16,378,3355,713,5,26,2901,2389,ITI,ITI2,10,Umbria,Umbria,882015,252218,28.6,0.6
227,2021-05-17,UMB,6259,3006,3253,142,9,8,10,302,268,946,4304,255,15,4123,2136,ITI,ITI2,10,Umbria,Umbria,882015,258477,29.31,0.71
228,2021-02-27,UMB,1658,354,1304,14,11,13,1560,0,0,0,0,60,0,1642,16,ITI,ITI2,10,Umbria,Umbria,882015,260135,29.49,0.19
229,2020-12-31,UMB,322,127,195,310,0,0,0,2,0,0,0,0,10,322,0,ITI,ITI2,10,Umbria,Umbria,882015,260457,29.53,0.04
230,2021-02-23,UMB,1693,658,1035,1187,95,17,0,0,0,394,0,0,0,1651,42,ITI,ITI2,10,Umbria,Umbria,882015,262150,29.72,0.19
231,2021-03-03,UMB,4437,1772,2665,720,247,86,1534,0,0,1519,0,329,2,3725,712,ITI,ITI2,10,Umbria,Umbria,882015,266587,30.22,0.5
232,2021-03-21,UMB,665,330,335,31,285,0,64,34,6,0,0,34,211,665,0,ITI,ITI2,10,Umbria,Umbria,882015,267252,30.3,0.08
233,2021-02-18,UMB,1496,582,914,325,14,170,0,0,0,985,1,0,1,1030,466,ITI,ITI2,10,Umbria,Umbria,882015,268748,30.47,0.17
234,2021-01-08,UMB,1190,345,845,942,8,239,0,0,1,0,0,0,0,1190,0,ITI,ITI2,10,Umbria,Umbria,882015,269938,30.6,0.13
235,2021-04-11,UMB,3102,1503,1599,30,1,2,4,23,924,137,1942,39,0,3053,49,ITI,ITI2,10,Umbria,Umbria,882015,273040,30.96,0.35
236,2021-04-05,UMB,4250,1728,2522,764,22,69,26,3,89,2653,615,6,3,2195,2055,ITI,ITI2,10,Umbria,Umbria,882015,277290,31.44,0.48
237,2021-04-25,UMB,4362,1685,2677,12,13,8,1,20,187,3996,124,1,0,4280,82,ITI,ITI2,10,Umbria,Umbria,882015,281652,31.93,0.49
238,2021-04-04,UMB,59,20,39,0,0,0,0,0,22,37,0,0,0,23,36,ITI,ITI2,10,Umbria,Umbria,882015,281711,31.94,0.01
239,2021-04-28,UMB,5325,2307,3018,183,37,15,4,28,1109,2167,1774,6,2,2943,2382,ITI,ITI2,10,Umbria,Umbria,882015,287036,32.54,0.6
240,2021-04-20,UMB,5434,2352,3082,203,18,27,16,37,1324,2525,1278,0,6,3487,1947,ITI,ITI2,10,Umbria,Umbria,882015,292470,33.16,0.62
241,2021-02-25,UMB,1336,497,839,827,96,99,6,1,0,305,0,0,2,1284,52,ITI,ITI2,10,Umbria,Umbria,882015,293806,33.31,0.15
242,2021-03-26,UMB,4570,1682,2888,570,496,91,738,2,4,2488,0,155,26,4398,172,ITI,ITI2,10,Umbria,Umbria,882015,298376,33.83,0.52
243,2021-02-19,UMB,743,293,450,282,12,14,0,0,0,433,2,0,0,526,217,ITI,ITI2,10,Umbria,Umbria,882015,299119,33.91,0.08
244,2021-04-23,UMB,6600,2781,3819,66,36,83,92,52,1137,1014,4097,8,15,3481,3119,ITI,ITI2,10,Umbria,Umbria,882015,305719,34.66,0.75
245,2021-01-29,UMB,1232,348,884,944,16,272,0,0,0,0,0,0,0,79,1153,ITI,ITI2,10,Umbria,Umbria,882015,306951,34.8,0.14
246,2021-02-07,UMB,54,17,37,46,8,0,0,0,0,0,0,0,0,1,53,ITI,ITI2,10,Umbria,Umbria,882015,307005,34.81,0.01
247,2021-03-16,UMB,3538,1454,2084,1634,79,98,11,0,2,1708,1,0,5,1911,1627,ITI,ITI2,10,Umbria,Umbria,882015,310543,35.21,0.4
248,2021-03-12,UMB,2652,1039,1613,113,454,59,1194,2,0,465,2,309,54,2154,498,ITI,ITI2,10,Umbria,Umbria,882015,313195,35.51,0.3
249,2021-04-09,UMB,6788,3160,3628,105,62,66,86,35,1802,709,3890,10,23,6572,216,ITI,ITI2,10,Umbria,Umbria,882015,319983,36.28,0.77
250,2021-01-30,UMB,1590,490,1100,852,18,719,0,0,0,1,0,0,0,44,1546,ITI,ITI2,10,Umbria,Umbria,882015,321573,36.46,0.18
251,2021-03-25,UMB,3903,1699,2204,260,72,80,32,5,9,3271,1,123,50,2839,1064,ITI,ITI2,10,Umbria,Umbria,882015,325476,36.9,0.44
252,2021-01-24,UMB,258,106,152,258,0,0,0,0,0,0,0,0,0,1,257,ITI,ITI2,10,Umbria,Umbria,882015,325734,36.93,0.03
253,2021-05-10,UMB,5939,2769,3170,173,30,18,5,233,1155,1233,3037,37,18,3787,2152,ITI,ITI2,10,Umbria,Umbria,882015,331673,37.6,0.67
254,2021-05-04,UMB,5526,2542,2984,202,22,13,7,29,183,1522,3493,42,13,2407,3119,ITI,ITI2,10,Umbria,Umbria,882015,337199,38.23,0.63
255,2021-05-09,UMB,5762,2757,3005,17,15,0,10,38,540,96,5042,1,3,5371,391,ITI,ITI2,10,Umbria,Umbria,882015,342961,38.88,0.65
256,2020-12-27,UMB,86,45,41,68,2,16,0,0,0,0,0,0,0,86,0,ITI,ITI2,10,Umbria,Umbria,882015,343047,38.89,0.01
257,2021-03-24,UMB,4072,1760,2312,215,165,1,42,3,2,3531,0,111,2,2749,1323,ITI,ITI2,10,Umbria,Umbria,882015,347119,39.36,0.46
258,2021-03-23,UMB,3797,1685,2112,396,237,12,60,5,3,2854,0,175,55,2168,1629,ITI,ITI2,10,Umbria,Umbria,882015,350916,39.79,0.43
259,2021-05-11,UMB,6205,2820,3385,163,14,21,2,272,1533,1289,2876,9,26,4006,2199,ITI,ITI2,10,Umbria,Umbria,882015,357121,40.49,0.7
260,2021-05-01,UMB,5372,2639,2733,50,19,0,62,13,99,228,4876,23,2,2145,3227,ITI,ITI2,10,Umbria,Umbria,882015,362493,41.1,0.61
261,2021-01-21,UMB,610,202,408,428,13,169,0,0,0,0,0,0,0,341,269,ITI,ITI2,10,Umbria,Umbria,882015,363103,41.17,0.07
262,2021-04-16,UMB,8090,3736,4354,166,34,96,180,90,2597,1903,2978,18,28,6253,1837,ITI,ITI2,10,Umbria,Umbria,882015,371193,42.08,0.92
263,2021-04-26,UMB,5360,2322,3038,202,21,0,8,13,1259,2338,1494,5,20,3109,2251,ITI,ITI2,10,Umbria,Umbria,882015,376553,42.69,0.61
264,2021-04-19,UMB,4997,2207,2790,205,44,34,23,46,790,2515,1322,5,13,2948,2049,ITI,ITI2,10,Umbria,Umbria,882015,381550,43.26,0.57
265,2021-02-22,UMB,1859,778,1081,736,89,1,0,1,2,1007,5,0,18,1773,86,ITI,ITI2,10,Umbria,Umbria,882015,383409,43.47,0.21
266,2021-03-19,UMB,1743,565,1178,462,237,74,724,4,0,192,0,27,23,1087,656,ITI,ITI2,10,Umbria,Umbria,882015,385152,43.67,0.2
267,2021-03-28,UMB,1096,442,654,65,15,5,37,5,7,938,0,24,0,1072,24,ITI,ITI2,10,Umbria,Umbria,882015,386248,43.79,0.12
268,2021-05-02,UMB,3787,1868,1919,36,31,0,19,9,40,67,3575,9,1,1333,2454,ITI,ITI2,10,Umbria,Umbria,882015,390035,44.22,0.43
269,2021-01-17,UMB,54,17,37,47,7,0,0,0,0,0,0,0,0,54,0,ITI,ITI2,10,Umbria,Umbria,882015,390089,44.23,0.01
270,2021-05-16,UMB,5307,2531,2776,9,11,1,3,19,49,30,5182,1,2,5255,52,ITI,ITI2,10,Umbria,Umbria,882015,395396,44.83,0.6
271,2021-02-11,UMB,842,349,493,735,98,5,3,1,0,0,0,0,0,837,5,ITI,ITI2,10,Umbria,Umbria,882015,396238,44.92,0.1
272,2021-01-12,UMB,838,248,590,677,15,146,0,0,0,0,0,0,0,838,0,ITI,ITI2,10,Umbria,Umbria,882015,397076,45.02,0.1
273,2021-04-29,UMB,5196,2241,2955,204,29,36,8,32,1019,2066,1790,6,6,2870,2326,ITI,ITI2,10,Umbria,Umbria,882015,402272,45.61,0.59
274,2021-03-18,UMB,2942,1164,1778,975,124,350,12,3,5,1463,0,3,7,1704,1238,ITI,ITI2,10,Umbria,Umbria,882015,405214,45.94,0.33
275,2021-04-15,UMB,7623,3481,4142,261,34,55,25,77,2574,2867,1668,44,18,5737,1886,ITI,ITI2,10,Umbria,Umbria,882015,412837,46.81,0.86
276,2021-05-18,UMB,5654,2523,3131,105,97,45,989,357,209,560,3004,270,18,3143,2511,ITI,ITI2,10,Umbria,Umbria,882015,418491,47.45,0.64
277,2021-01-01,UMB,274,105,169,273,0,0,0,0,0,0,0,0,1,274,0,ITI,ITI2,10,Umbria,Umbria,882015,418765,47.48,0.03
278,2021-05-18,LAZ,34395,15699,18696,583,63,15,2803,8395,5188,815,3717,1244,11572,27434,6961,ITI,ITI4,12,Lazio,Lazio,5879082,34395,0.59,0.59
279,2021-01-31,LAZ,4458,1853,2605,3572,142,244,0,58,44,154,0,0,244,475,3983,ITI,ITI4,12,Lazio,Lazio,5879082,38853,0.66,0.08
280,2021-01-26,LAZ,7956,3125,4831,6594,219,631,0,86,47,162,0,0,217,724,7232,ITI,ITI4,12,Lazio,Lazio,5879082,46809,0.8,0.14
281,2021-02-13,LAZ,6609,2625,3984,2125,100,280,0,64,70,3721,0,2,247,6197,412,ITI,ITI4,12,Lazio,Lazio,5879082,53418,0.91,0.11
282,2021-03-18,LAZ,14223,6077,8146,1029,94,330,6,378,1037,9672,1286,16,375,7834,6389,ITI,ITI4,12,Lazio,Lazio,5879082,67641,1.15,0.24
283,2021-01-27,LAZ,6114,2387,3727,4797,228,457,0,106,50,150,0,0,326,997,5117,ITI,ITI4,12,Lazio,Lazio,5879082,73755,1.25,0.1
284,2021-04-13,LAZ,25553,11835,13718,753,110,296,57,4927,8125,7830,2931,23,501,17851,7702,ITI,ITI4,12,Lazio,Lazio,5879082,99308,1.69,0.43
285,2021-05-15,LAZ,56903,27175,29728,750,126,91,2728,11072,9766,3565,5120,1549,22136,40533,16370,ITI,ITI4,12,Lazio,Lazio,5879082,156211,2.66,0.97
286,2021-02-10,LAZ,8167,3388,4779,2647,278,634,0,96,80,4057,0,0,375,4850,3317,ITI,ITI4,12,Lazio,Lazio,5879082,164378,2.8,0.14
287,2021-02-25,LAZ,12658,5520,7138,1755,437,489,2613,139,117,5236,1,1427,444,11608,1050,ITI,ITI4,12,Lazio,Lazio,5879082,177036,3.01,0.22
288,2021-05-07,LAZ,47933,22473,25460,1529,144,202,105,11510,12199,5193,6203,1551,9297,30363,17570,ITI,ITI4,12,Lazio,Lazio,5879082,224969,3.83,0.82
289,2021-03-08,LAZ,20062,8312,11750,1579,135,380,4725,936,274,9238,907,1105,783,14789,5273,ITI,ITI4,12,Lazio,Lazio,5879082,245031,4.17,0.34
290,2021-04-08,LAZ,26645,12169,14476,1238,94,187,59,3617,9057,8459,2538,185,1211,18965,7680,ITI,ITI4,12,Lazio,Lazio,5879082,271676,4.62,0.45
291,2021-03-02,LAZ,16991,7432,9559,1478,362,229,3767,464,96,8231,328,1298,738,13057,3934,ITI,ITI4,12,Lazio,Lazio,5879082,288667,4.91,0.29
292,2021-01-10,LAZ,4039,1700,2339,3424,160,252,0,35,27,24,0,0,117,4039,0,ITI,ITI4,12,Lazio,Lazio,5879082,292706,4.98,0.07
293,2021-05-08,LAZ,45138,20591,24547,1244,111,139,69,11250,11029,4976,5205,1362,9753,29796,15342,ITI,ITI4,12,Lazio,Lazio,5879082,337844,5.75,0.77
294,2021-01-20,LAZ,4802,1939,2863,3282,233,427,0,91,59,380,0,0,330,3259,1543,ITI,ITI4,12,Lazio,Lazio,5879082,342646,5.83,0.08
295,2021-05-05,LAZ,46547,21382,25165,1715,164,103,67,10912,12561,4899,5498,952,9676,30887,15660,ITI,ITI4,12,Lazio,Lazio,5879082,389193,6.62,0.79
296,2021-01-24,LAZ,5694,2229,3465,4945,132,134,0,56,107,170,0,0,150,612,5082,ITI,ITI4,12,Lazio,Lazio,5879082,394887,6.72,0.1
297,2021-03-15,LAZ,19277,8331,10946,1606,136,411,2535,710,1680,9760,813,967,659,12541,6736,ITI,ITI4,12,Lazio,Lazio,5879082,414164,7.04,0.33
298,2021-04-07,LAZ,24958,11319,13639,1150,89,190,94,2830,8843,8433,2083,139,1107,17657,7301,ITI,ITI4,12,Lazio,Lazio,5879082,439122,7.47,0.42
299,2021-01-28,LAZ,8276,3164,5112,6811,381,514,0,112,39,150,0,0,269,780,7496,ITI,ITI4,12,Lazio,Lazio,5879082,447398,7.61,0.14
300,2021-01-30,LAZ,7009,2891,4118,5299,283,651,0,114,70,187,0,0,405,807,6202,ITI,ITI4,12,Lazio,Lazio,5879082,454407,7.73,0.12
301,2021-04-20,LAZ,30940,14198,16742,704,143,230,75,7380,10168,8020,3753,35,432,19666,11274,ITI,ITI4,12,Lazio,Lazio,5879082,485347,8.26,0.53
302,2021-04-14,LAZ,29125,13222,15903,672,87,152,82,5056,9719,9111,3757,19,470,19008,10117,ITI,ITI4,12,Lazio,Lazio,5879082,514472,8.75,0.5
303,2021-01-11,LAZ,5529,2104,3425,4555,312,569,0,12,9,14,0,0,58,5529,0,ITI,ITI4,12,Lazio,Lazio,5879082,520001,8.84,0.09
304,2021-03-07,LAZ,14094,5429,8665,1002,27,148,3542,311,137,7469,405,701,352,10501,3593,ITI,ITI4,12,Lazio,Lazio,5879082,534095,9.08,0.24
305,2021-01-13,LAZ,5670,2145,3525,4148,273,1009,0,39,12,28,0,0,161,5670,0,ITI,ITI4,12,Lazio,Lazio,5879082,539765,9.18,0.1
306,2021-04-19,LAZ,30025,13644,16381,650,108,157,38,6885,9944,8321,3395,46,481,19386,10639,ITI,ITI4,12,Lazio,Lazio,5879082,569790,9.69,0.51
307,2021-02-22,LAZ,11455,4991,6464,1780,130,473,2232,36,30,5276,1,1400,97,10953,502,ITI,ITI4,12,Lazio,Lazio,5879082,581245,9.89,0.19
308,2021-02-24,LAZ,12049,5206,6843,1800,432,337,2407,75,64,5247,0,1335,352,11055,994,ITI,ITI4,12,Lazio,Lazio,5879082,593294,10.09,0.2
309,2021-04-10,LAZ,23798,10310,13488,678,60,111,87,3956,7288,7864,3223,33,498,16624,7174,ITI,ITI4,12,Lazio,Lazio,5879082,617092,10.5,0.4
310,2021-03-22,LAZ,21693,9062,12631,884,81,245,3878,424,4388,9342,1380,579,492,15032,6661,ITI,ITI4,12,Lazio,Lazio,5879082,638785,10.87,0.37
311,2021-03-16,LAZ,13536,5730,7806,1194,70,280,6,215,849,9688,859,9,366,7094,6442,ITI,ITI4,12,Lazio,Lazio,5879082,652321,11.1,0.23
312,2020-12-30,LAZ,1630,629,1001,1603,0,27,0,0,0,0,0,0,0,1630,0,ITI,ITI4,12,Lazio,Lazio,5879082,653951,11.12,0.03
313,2021-01-17,LAZ,4894,2028,2866,3271,149,200,0,54,81,915,0,0,224,4682,212,ITI,ITI4,12,Lazio,Lazio,5879082,658845,11.21,0.08
314,2021-05-13,LAZ,49304,22090,27214,1075,170,103,2417,11349,10969,4211,5985,1521,11504,31806,17498,ITI,ITI4,12,Lazio,Lazio,5879082,708149,12.05,0.84
315,2021-04-02,LAZ,28531,13369,15162,1177,114,166,197,3352,9058,9407,3368,296,1396,21206,7325,ITI,ITI4,12,Lazio,Lazio,5879082,736680,12.53,0.49
316,2021-03-20,LAZ,18225,6810,11415,910,148,360,3054,398,2120,9119,1479,215,422,12341,5884,ITI,ITI4,12,Lazio,Lazio,5879082,754905,12.84,0.31
317,2021-04-26,LAZ,29115,13386,15729,981,83,350,56,7384,11289,5653,2666,431,222,19920,9195,ITI,ITI4,12,Lazio,Lazio,5879082,784020,13.34,0.5
318,2021-04-09,LAZ,27227,12231,14996,859,150,163,70,4188,8879,8620,2914,178,1206,19010,8217,ITI,ITI4,12,Lazio,Lazio,5879082,811247,13.8,0.46
319,2020-12-29,LAZ,488,176,312,486,2,0,0,0,0,0,0,0,0,488,0,ITI,ITI4,12,Lazio,Lazio,5879082,811735,13.81,0.01
320,2021-04-28,LAZ,32823,14983,17840,2033,167,68,94,8061,11213,5982,4271,329,605,21279,11544,ITI,ITI4,12,Lazio,Lazio,5879082,844558,14.37,0.56
321,2021-03-28,LAZ,18838,7542,11296,551,21,77,2617,1393,4242,8572,961,140,264,13528,5310,ITI,ITI4,12,Lazio,Lazio,5879082,863396,14.69,0.32
322,2021-01-09,LAZ,6294,2561,3733,5116,240,620,0,61,41,39,0,0,177,6294,0,ITI,ITI4,12,Lazio,Lazio,5879082,869690,14.79,0.11
323,2021-03-19,LAZ,17219,7365,9854,1164,149,389,1011,399,2081,9701,1489,289,547,10892,6327,ITI,ITI4,12,Lazio,Lazio,5879082,886909,15.09,0.29
324,2021-01-05,LAZ,7373,2802,4571,6693,98,577,0,1,1,1,0,1,1,7373,0,ITI,ITI4,12,Lazio,Lazio,5879082,894282,15.21,0.13
325,2020-12-28,LAZ,959,412,547,957,2,0,0,0,0,0,0,0,0,959,0,ITI,ITI4,12,Lazio,Lazio,5879082,895241,15.23,0.02
326,2021-05-01,LAZ,37884,17053,20831,1634,251,44,51,10769,11605,3921,3708,74,5827,25949,11935,ITI,ITI4,12,Lazio,Lazio,5879082,933125,15.87,0.64
327,2021-02-07,LAZ,4942,2023,2919,3252,139,218,1,84,96,912,0,0,240,387,4555,ITI,ITI4,12,Lazio,Lazio,5879082,938067,15.96,0.08
328,2021-02-08,LAZ,9739,4153,5586,3789,430,918,0,134,101,3832,0,0,535,4508,5231,ITI,ITI4,12,Lazio,Lazio,5879082,947806,16.12,0.17
329,2021-03-29,LAZ,23946,10754,13192,774,94,143,805,1560,7503,9781,2417,372,497,16915,7031,ITI,ITI4,12,Lazio,Lazio,5879082,971752,16.53,0.41
330,2021-02-27,LAZ,11426,4267,7159,1363,398,516,2721,83,103,4901,12,1127,202,10471,955,ITI,ITI4,12,Lazio,Lazio,5879082,983178,16.72,0.19
331,2021-01-22,LAZ,4002,1633,2369,3380,76,70,0,54,23,177,0,0,222,487,3515,ITI,ITI4,12,Lazio,Lazio,5879082,987180,16.79,0.07
332,2021-03-05,LAZ,18780,7950,10830,1787,180,256,3975,1082,189,8585,571,1323,832,14048,4732,ITI,ITI4,12,Lazio,Lazio,5879082,1005960,17.11,0.32
333,2021-04-18,LAZ,23767,10555,13212,449,23,37,27,6153,7911,7112,1865,12,178,16133,7634,ITI,ITI4,12,Lazio,Lazio,5879082,1029727,17.52,0.4
334,2021-03-21,LAZ,17862,6829,11033,1148,33,111,3449,115,3168,8283,1233,118,204,12812,5050,ITI,ITI4,12,Lazio,Lazio,5879082,1047589,17.82,0.3
335,2021-02-04,LAZ,6301,2480,3821,4460,358,892,0,105,70,123,0,0,293,989,5312,ITI,ITI4,12,Lazio,Lazio,5879082,1053890,17.93,0.11
336,2021-04-06,LAZ,23874,10651,13223,1125,88,94,167,2641,8585,8211,1925,235,803,16774,7100,ITI,ITI4,12,Lazio,Lazio,5879082,1077764,18.33,0.41
337,2021-02-19,LAZ,10050,5082,4968,2174,105,408,34,94,94,5139,0,1646,356,9220,830,ITI,ITI4,12,Lazio,Lazio,5879082,1087814,18.5,0.17
338,2021-04-24,LAZ,33265,14964,18301,703,97,156,93,8607,11046,7268,3930,553,812,20520,12745,ITI,ITI4,12,Lazio,Lazio,5879082,1121079,19.07,0.57
339,2021-02-18,LAZ,10023,4978,5045,2169,111,473,1,168,63,4988,0,1680,370,9215,808,ITI,ITI4,12,Lazio,Lazio,5879082,1131102,19.24,0.17
340,2021-03-10,LAZ,21997,9473,12524,1892,177,452,4622,2229,548,9065,913,1181,918,16352,5645,ITI,ITI4,12,Lazio,Lazio,5879082,1153099,19.61,0.37
341,2021-04-17,LAZ,32298,14174,18124,834,102,220,55,7193,9310,9351,4416,10,807,20353,11945,ITI,ITI4,12,Lazio,Lazio,5879082,1185397,20.16,0.55
342,2021-02-14,LAZ,5773,2370,3403,1647,38,127,0,74,131,3503,0,0,253,5303,470,ITI,ITI4,12,Lazio,Lazio,5879082,1191170,20.26,0.1
343,2021-01-14,LAZ,5454,2134,3320,3890,306,811,0,63,38,109,0,0,237,5454,0,ITI,ITI4,12,Lazio,Lazio,5879082,1196624,20.35,0.09
344,2021-01-02,LAZ,6706,2630,4076,6270,77,358,0,0,0,0,0,0,1,6706,0,ITI,ITI4,12,Lazio,Lazio,5879082,1203330,20.47,0.11
345,2021-03-04,LAZ,18660,8015,10645,2013,217,506,3908,928,134,8284,429,1380,861,13644,5016,ITI,ITI4,12,Lazio,Lazio,5879082,1221990,20.79,0.32
346,2021-05-06,LAZ,48485,22566,25919,1647,161,153,107,11392,12788,5436,6318,1371,9112,31079,17406,ITI,ITI4,12,Lazio,Lazio,5879082,1270475,21.61,0.82
347,2021-04-29,LAZ,38475,17163,21312,3410,439,218,128,9504,11896,6095,5269,315,1201,25276,13199,ITI,ITI4,12,Lazio,Lazio,5879082,1308950,22.26,0.65
348,2021-03-09,LAZ,20872,8939,11933,1905,114,338,4636,1509,334,9105,1061,1234,636,15675,5197,ITI,ITI4,12,Lazio,Lazio,5879082,1329822,22.62,0.36
349,2021-01-04,LAZ,7480,2908,4572,7077,86,316,1,0,0,0,0,0,0,7480,0,ITI,ITI4,12,Lazio,Lazio,5879082,1337302,22.75,0.13
350,2021-02-01,LAZ,5673,2175,3498,4785,193,559,0,17,27,30,1,0,61,354,5319,ITI,ITI4,12,Lazio,Lazio,5879082,1342975,22.84,0.1
351,2021-01-07,LAZ,7744,2901,4843,6899,182,566,0,16,10,9,0,0,62,7744,0,ITI,ITI4,12,Lazio,Lazio,5879082,1350719,22.97,0.13
352,2021-02-20,LAZ,9203,4272,4931,1944,123,298,22,114,116,4857,0,1320,409,8436,767,ITI,ITI4,12,Lazio,Lazio,5879082,1359922,23.13,0.16
353,2021-05-03,LAZ,38980,17590,21390,2243,97,76,48,10453,12529,4112,3972,100,5350,26510,12470,ITI,ITI4,12,Lazio,Lazio,5879082,1398902,23.79,0.66
354,2021-04-05,LAZ,19771,8992,10779,504,36,29,64,1815,8173,7595,1250,20,285,13593,6178,ITI,ITI4,12,Lazio,Lazio,5879082,1418673,24.13,0.34
355,2021-03-11,LAZ,23778,10568,13210,1998,135,440,4458,2786,736,9466,1077,1896,786,17549,6229,ITI,ITI4,12,Lazio,Lazio,5879082,1442451,24.54,0.4
356,2021-04-23,LAZ,37545,18008,19537,781,158,176,88,8178,12148,7842,5630,690,1854,22319,15226,ITI,ITI4,12,Lazio,Lazio,5879082,1479996,25.17,0.64
357,2021-02-06,LAZ,6134,2473,3661,3697,272,946,0,140,159,610,0,0,310,817,5317,ITI,ITI4,12,Lazio,Lazio,5879082,1486130,25.28,0.1
358,2021-01-03,LAZ,5250,1972,3278,5125,50,65,0,1,4,1,0,0,4,5250,0,ITI,ITI4,12,Lazio,Lazio,5879082,1491380,25.37,0.09
359,2021-04-16,LAZ,34293,15633,18660,711,141,335,86,6831,10446,9679,5039,52,973,22240,12053,ITI,ITI4,12,Lazio,Lazio,5879082,1525673,25.95,0.58
360,2021-02-05,LAZ,7277,2962,4315,5096,380,995,0,120,95,257,0,0,334,1185,6092,ITI,ITI4,12,Lazio,Lazio,5879082,1532950,26.07,0.12
361,2021-03-13,LAZ,21414,8408,13006,1377,120,330,3751,3209,1278,9186,722,860,581,15520,5894,ITI,ITI4,12,Lazio,Lazio,5879082,1554364,26.44,0.36
362,2021-02-03,LAZ,6489,2488,4001,4651,342,1078,0,65,38,86,0,0,229,965,5524,ITI,ITI4,12,Lazio,Lazio,5879082,1560853,26.55,0.11
363,2021-03-24,LAZ,25886,11300,14586,1031,102,107,3624,1746,6517,9669,1822,301,967,19649,6237,ITI,ITI4,12,Lazio,Lazio,5879082,1586739,26.99,0.44
364,2021-03-23,LAZ,23495,10225,13270,1036,101,181,3863,1057,4934,9333,1412,661,917,16919,6576,ITI,ITI4,12,Lazio,Lazio,5879082,1610234,27.39,0.4
365,2021-05-09,LAZ,37514,17247,20267,1081,77,10,17,9762,9266,3361,3880,1068,8992,26253,11261,ITI,ITI4,12,Lazio,Lazio,5879082,1647748,28.03,0.64
366,2021-01-19,LAZ,4768,1954,2814,2969,223,424,0,115,123,463,0,0,451,4314,454,ITI,ITI4,12,Lazio,Lazio,5879082,1652516,28.11,0.08
367,2021-03-30,LAZ,25256,11584,13672,1240,97,249,296,2463,7847,9621,2360,400,683,18109,7147,ITI,ITI4,12,Lazio,Lazio,5879082,1677772,28.54,0.43
368,2021-01-18,LAZ,6264,2555,3709,3925,388,736,0,114,77,520,0,0,504,5286,978,ITI,ITI4,12,Lazio,Lazio,5879082,1684036,28.64,0.11
369,2021-03-25,LAZ,26912,11509,15403,936,95,318,3522,2241,6679,9906,1961,255,999,20313,6599,ITI,ITI4,12,Lazio,Lazio,5879082,1710948,29.1,0.46
370,2021-04-15,LAZ,31819,14274,17545,705,121,333,87,5432,10371,9687,4192,45,846,21023,10796,ITI,ITI4,12,Lazio,Lazio,5879082,1742767,29.64,0.54
371,2021-03-27,LAZ,26011,10396,15615,1316,127,290,3480,2071,5486,9664,2257,205,1115,19543,6468,ITI,ITI4,12,Lazio,Lazio,5879082,1768778,30.09,0.44
372,2021-05-02,LAZ,32613,14327,18286,1627,142,34,30,9435,10354,3059,2730,45,5157,23252,9361,ITI,ITI4,12,Lazio,Lazio,5879082,1801391,30.64,0.55
373,2021-01-29,LAZ,8041,3078,4963,6391,283,776,0,89,47,135,0,0,320,812,7229,ITI,ITI4,12,Lazio,Lazio,5879082,1809432,30.78,0.14
374,2021-02-11,LAZ,6979,2993,3986,2197,179,499,0,80,41,3685,0,0,298,6467,512,ITI,ITI4,12,Lazio,Lazio,5879082,1816411,30.9,0.12
375,2021-05-16,LAZ,50550,24350,26200,272,11,5,2576,10138,8660,2520,3494,1087,21787,37220,13330,ITI,ITI4,12,Lazio,Lazio,5879082,1866961,31.76,0.86
376,2021-02-28,LAZ,10247,4007,6240,1606,264,77,2602,91,45,4678,5,685,194,9733,514,ITI,ITI4,12,Lazio,Lazio,5879082,1877208,31.93,0.17
377,2021-03-26,LAZ,28233,12252,15981,1018,119,332,3293,1992,6728,10289,2615,310,1537,21390,6843,ITI,ITI4,12,Lazio,Lazio,5879082,1905441,32.41,0.48
378,2021-05-17,LAZ,43555,19904,23651,1384,113,127,2621,10339,5941,988,5258,1102,15682,35243,8312,ITI,ITI4,12,Lazio,Lazio,5879082,1948996,33.15,0.74
379,2021-04-04,LAZ,17464,8036,9428,307,40,11,42,1821,7370,6805,877,17,174,12198,5266,ITI,ITI4,12,Lazio,Lazio,5879082,1966460,33.45,0.3
380,2021-03-12,LAZ,22892,10125,12767,2008,188,401,3964,2412,1173,9647,928,1200,971,16579,6313,ITI,ITI4,12,Lazio,Lazio,5879082,1989352,33.84,0.39
381,2021-01-12,LAZ,5392,1975,3417,4344,344,584,0,21,11,10,0,0,78,5392,0,ITI,ITI4,12,Lazio,Lazio,5879082,1994744,33.93,0.09
382,2021-01-01,LAZ,3554,1382,2172,3483,2,68,0,0,0,0,0,0,1,3554,0,ITI,ITI4,12,Lazio,Lazio,5879082,1998298,33.99,0.06
383,2021-05-12,LAZ,47299,21429,25870,1127,121,97,1759,11287,10755,4251,5329,1338,11235,30862,16437,ITI,ITI4,12,Lazio,Lazio,5879082,2045597,34.79,0.8
384,2021-01-23,LAZ,7210,2867,4343,6064,255,417,0,45,48,182,0,0,199,581,6629,ITI,ITI4,12,Lazio,Lazio,5879082,2052807,34.92,0.12
385,2021-01-16,LAZ,5639,2278,3361,3359,246,1066,0,74,93,549,0,0,252,5639,0,ITI,ITI4,12,Lazio,Lazio,5879082,2058446,35.01,0.1
386,2021-05-14,LAZ,50488,23056,27432,1369,196,270,2682,11177,11062,3885,6445,1609,11793,32467,18021,ITI,ITI4,12,Lazio,Lazio,5879082,2108934,35.87,0.86
387,2021-05-11,LAZ,47800,21918,25882,1267,125,121,1855,11349,11070,3968,5390,1324,11331,31493,16307,ITI,ITI4,12,Lazio,Lazio,5879082,2156734,36.68,0.81
388,2021-02-02,LAZ,5908,2212,3696,4712,368,571,0,57,39,37,0,0,124,637,5271,ITI,ITI4,12,Lazio,Lazio,5879082,2162642,36.79,0.1
389,2021-02-21,LAZ,6987,3178,3809,1245,65,51,16,88,94,4581,0,610,237,6526,461,ITI,ITI4,12,Lazio,Lazio,5879082,2169629,36.9,0.12
390,2021-02-15,LAZ,8074,3587,4487,2447,378,379,0,89,88,4292,0,11,390,7443,631,ITI,ITI4,12,Lazio,Lazio,5879082,2177703,37.04,0.14
391,2021-04-03,LAZ,24680,11092,13588,844,73,111,214,3164,8263,8602,2206,44,1159,17982,6698,ITI,ITI4,12,Lazio,Lazio,5879082,2202383,37.46,0.42
392,2021-01-15,LAZ,6562,2699,3863,4499,423,988,0,97,66,196,0,0,293,6562,0,ITI,ITI4,12,Lazio,Lazio,5879082,2208945,37.57,0.11
393,2021-01-21,LAZ,5592,2340,3252,4781,92,232,0,60,18,178,0,0,231,540,5052,ITI,ITI4,12,Lazio,Lazio,5879082,2214537,37.67,0.1
394,2021-04-01,LAZ,28402,13047,15355,1142,114,284,256,3043,9003,9725,3305,371,1159,21262,7140,ITI,ITI4,12,Lazio,Lazio,5879082,2242939,38.15,0.48
395,2021-05-04,LAZ,39612,18224,21388,2216,169,103,55,10187,12338,4028,4333,555,5628,26246,13366,ITI,ITI4,12,Lazio,Lazio,5879082,2282551,38.82,0.67
396,2020-12-27,LAZ,272,131,141,272,0,0,0,0,0,0,0,0,0,272,0,ITI,ITI4,12,Lazio,Lazio,5879082,2282823,38.83,0.0
397,2021-02-17,LAZ,9182,4603,4579,2286,247,499,1,124,62,4278,0,1349,336,8308,874,ITI,ITI4,12,Lazio,Lazio,5879082,2292005,38.99,0.16
398,2021-02-12,LAZ,6844,2846,3998,1997,183,302,0,85,44,3844,0,1,388,6433,411,ITI,ITI4,12,Lazio,Lazio,5879082,2298849,39.1,0.12
399,2021-04-21,LAZ,32914,14945,17969,703,122,135,70,7643,10799,8295,4464,50,633,20555,12359,ITI,ITI4,12,Lazio,Lazio,5879082,2331763,39.66,0.56
400,2021-01-25,LAZ,8111,3246,4865,7006,218,363,0,66,73,143,0,0,242,771,7340,ITI,ITI4,12,Lazio,Lazio,5879082,2339874,39.8,0.14
401,2021-03-06,LAZ,18272,7038,11234,1509,119,327,3783,2238,143,8032,582,934,605,14016,4256,ITI,ITI4,12,Lazio,Lazio,5879082,2358146,40.11,0.31
402,2021-03-17,LAZ,13790,5898,7892,1046,100,255,14,292,938,9700,967,7,471,7535,6255,ITI,ITI4,12,Lazio,Lazio,5879082,2371936,40.35,0.23
403,2021-05-10,LAZ,44075,20095,23980,1139,125,130,31,10643,11288,4230,5139,753,10597,30713,13362,ITI,ITI4,12,Lazio,Lazio,5879082,2416011,41.1,0.75
404,2021-02-26,LAZ,13079,5701,7378,1916,537,352,2749,118,96,5269,4,1387,651,11717,1362,ITI,ITI4,12,Lazio,Lazio,5879082,2429090,41.32,0.22
405,2021-04-30,LAZ,41077,18190,22887,4563,582,80,203,9370,11933,6192,6279,343,1532,26998,14079,ITI,ITI4,12,Lazio,Lazio,5879082,2470167,42.02,0.7
406,2021-04-11,LAZ,19116,8432,10684,392,30,50,31,3821,6137,6540,2004,14,97,13235,5881,ITI,ITI4,12,Lazio,Lazio,5879082,2489283,42.34,0.33
407,2021-04-12,LAZ,23666,10635,13031,655,77,101,72,4153,7673,7746,2648,108,433,16773,6893,ITI,ITI4,12,Lazio,Lazio,5879082,2512949,42.74,0.4
408,2021-03-01,LAZ,17069,7333,9736,1328,528,385,3582,389,146,8190,391,1418,712,13184,3885,ITI,ITI4,12,Lazio,Lazio,5879082,2530018,43.03,0.29
409,2021-02-16,LAZ,8412,4090,4322,2064,125,261,1,137,94,4267,0,957,506,7807,605,ITI,ITI4,12,Lazio,Lazio,5879082,2538430,43.18,0.14
410,2021-03-14,LAZ,17087,6609,10478,1164,96,81,3465,453,1103,8438,544,567,1176,11933,5154,ITI,ITI4,12,Lazio,Lazio,5879082,2555517,43.47,0.29
411,2021-01-08,LAZ,7726,2894,4832,6519,196,798,0,36,32,32,0,0,113,7726,0,ITI,ITI4,12,Lazio,Lazio,5879082,2563243,43.6,0.13
412,2021-01-06,LAZ,5121,1961,3160,4621,154,320,1,1,4,8,5,1,6,5121,0,ITI,ITI4,12,Lazio,Lazio,5879082,2568364,43.69,0.09
413,2021-04-25,LAZ,24466,11195,13271,794,23,10,21,7123,9689,5258,1129,152,267,16656,7810,ITI,ITI4,12,Lazio,Lazio,5879082,2592830,44.1,0.42
414,2021-03-03,LAZ,17387,7431,9956,1561,211,380,3943,696,117,8197,259,1350,673,13093,4294,ITI,ITI4,12,Lazio,Lazio,5879082,2610217,44.4,0.3
415,2021-04-27,LAZ,30568,13787,16781,1480,163,44,79,7614,11142,5872,3353,386,435,19733,10835,ITI,ITI4,12,Lazio,Lazio,5879082,2640785,44.92,0.52
416,2021-02-09,LAZ,8797,3768,5029,3258,246,548,0,115,124,4068,0,0,438,4580,4217,ITI,ITI4,12,Lazio,Lazio,5879082,2649582,45.07,0.15
417,2020-12-31,LAZ,5292,2121,3171,4988,20,279,0,1,0,0,0,0,4,5292,0,ITI,ITI4,12,Lazio,Lazio,5879082,2654874,45.16,0.09
418,2021-04-22,LAZ,38412,18874,19538,873,114,296,82,7992,11768,8286,5159,478,3364,23886,14526,ITI,ITI4,12,Lazio,Lazio,5879082,2693286,45.81,0.65
419,2021-02-23,LAZ,11092,4782,6310,1899,119,309,1913,68,61,5226,0,1017,480,10331,761,ITI,ITI4,12,Lazio,Lazio,5879082,2704378,46.0,0.19
420,2021-03-31,LAZ,26082,12032,14050,1026,96,135,255,2523,8153,9630,2835,394,1035,18990,7092,ITI,ITI4,12,Lazio,Lazio,5879082,2730460,46.44,0.44
421,2021-05-03,PAB,1829,846,983,21,8,0,1,313,1166,72,231,4,13,417,1412,ITH,ITH1,4,Provincia Autonoma Bolzano / Bozen,P.A. Bolzano,533050,1829,0.34,0.34
422,2021-01-07,PAB,917,327,590,617,107,0,0,25,16,61,0,0,91,917,0,ITH,ITH1,4,Provincia Autonoma Bolzano / Bozen,P.A. Bolzano,533050,2746,0.52,0.17
423,2021-04-23,PAB,4539,2148,2391,230,109,22,15,1791,718,489,1114,28,23,3249,1290,ITH,ITH1,4,Provincia Autonoma Bolzano / Bozen,P.A. Bolzano,533050,7285,1.37,0.85
424,2021-01-04,PAB,508,201,307,420,49,4,0,6,6,0,0,0,23,508,0,ITH,ITH1,4,Provincia Autonoma Bolzano / Bozen,P.A. Bolzano,533050,7793,1.46,0.1
425,2021-02-20,PAB,1802,540,1262,196,55,24,1009,5,6,477,0,1,29,1784,18,ITH,ITH1,4,Provincia Autonoma Bolzano / Bozen,P.A. Bolzano,533050,9595,1.8,0.34
426,2021-03-11,PAB,1681,823,858,89,309,79,335,3,14,371,87,379,15,1143,538,ITH,ITH1,4,Provincia Autonoma Bolzano / Bozen,P.A. Bolzano,533050,11276,2.12,0.32
427,2021-02-01,PAB,1451,440,1011,774,314,295,1,6,0,2,1,1,57,12,1439,ITH,ITH1,4,Provincia Autonoma Bolzano / Bozen,P.A. Bolzano,533050,12727,2.39,0.27
428,2021-04-05,PAB,301,144,157,4,3,0,1,6,16,62,201,7,1,23,278,ITH,ITH1,4,Provincia Autonoma Bolzano / Bozen,P.A. Bolzano,533050,13028,2.44,0.06
429,2021-05-02,PAB,2457,1288,1169,81,22,3,60,212,227,49,1501,278,24,1536,921,ITH,ITH1,4,Provincia Autonoma Bolzano / Bozen,P.A. Bolzano,533050,15485,2.9,0.46
430,2021-02-05,PAB,3195,1181,2014,762,505,440,0,21,12,1381,0,0,74,8,3187,ITH,ITH1,4,Provincia Autonoma Bolzano / Bozen,P.A. Bolzano,533050,18680,3.5,0.6
431,2021-04-10,PAB,5390,2664,2726,146,54,3,22,183,3270,552,942,200,18,4802,588,ITH,ITH1,4,Provincia Autonoma Bolzano / Bozen,P.A. Bolzano,533050,24070,4.52,1.01
432,2021-02-26,PAB,1525,550,975,62,32,2,333,4,1,1051,2,0,38,1495,30,ITH,ITH1,4,Provincia Autonoma Bolzano / Bozen,P.A. Bolzano,533050,25595,4.8,0.29
433,2021-03-06,PAB,3969,2079,1890,479,164,7,382,10,19,1981,48,859,20,3758,211,ITH,ITH1,4,Provincia Autonoma Bolzano / Bozen,P.A. Bolzano,533050,29564,5.55,0.74
434,2021-02-06,PAB,2626,1171,1455,452,43,6,1,28,76,1932,0,0,88,19,2607,ITH,ITH1,4,Provincia Autonoma Bolzano / Bozen,P.A. Bolzano,533050,32190,6.04,0.49
435,2021-04-30,PAB,3336,1591,1745,182,97,44,16,648,616,143,1366,44,180,1560,1776,ITH,ITH1,4,Provincia Autonoma Bolzano / Bozen,P.A. Bolzano,533050,35526,6.66,0.63
436,2021-01-22,PAB,248,143,105,136,8,84,1,4,0,3,1,0,11,124,124,ITH,ITH1,4,Provincia Autonoma Bolzano / Bozen,P.A. Bolzano,533050,35774,6.71,0.05
437,2021-02-03,PAB,1503,478,1025,666,341,321,0,12,5,72,1,0,85,5,1498,ITH,ITH1,4,Provincia Autonoma Bolzano / Bozen,P.A. Bolzano,533050,37277,6.99,0.28
438,2021-04-17,PAB,5230,2598,2632,69,12,36,76,2791,1237,99,734,161,15,5186,44,ITH,ITH1,4,Provincia Autonoma Bolzano / Bozen,P.A. Bolzano,533050,42507,7.97,0.98
439,2021-04-16,PAB,2949,1418,1531,194,36,5,38,1422,616,115,419,98,6,2438,511,ITH,ITH1,4,Provincia Autonoma Bolzano / Bozen,P.A. Bolzano,533050,45456,8.53,0.55
440,2021-03-13,PAB,2885,1459,1426,168,59,1,20,11,879,1295,58,381,13,2784,101,ITH,ITH1,4,Provincia Autonoma Bolzano / Bozen,P.A. Bolzano,533050,48341,9.07,0.54
441,2021-01-19,PAB,853,371,482,174,55,0,0,7,6,578,3,0,30,723,130,ITH,ITH1,4,Provincia Autonoma Bolzano / Bozen,P.A. Bolzano,533050,49194,9.23,0.16
442,2021-02-16,PAB,530,205,325,10,1,0,0,0,0,518,1,0,0,530,0,ITH,ITH1,4,Provincia Autonoma Bolzano / Bozen,P.A. Bolzano,533050,49724,9.33,0.1
443,2021-01-06,PAB,59,18,41,57,2,0,0,0,0,0,0,0,0,59,0,ITH,ITH1,4,Provincia Autonoma Bolzano / Bozen,P.A. Bolzano,533050,49783,9.34,0.01
444,2021-03-10,PAB,1261,524,737,660,102,0,118,4,9,134,10,133,91,1118,143,ITH,ITH1,4,Provincia Autonoma Bolzano / Bozen,P.A. Bolzano,533050,51044,9.58,0.24
445,2021-04-03,PAB,831,364,467,9,6,0,0,1,12,799,0,4,0,22,809,ITH,ITH1,4,Provincia Autonoma Bolzano / Bozen,P.A. Bolzano,533050,51875,9.73,0.16
446,2021-04-22,PAB,2922,1499,1423,67,29,16,87,728,614,165,844,350,22,1980,942,ITH,ITH1,4,Provincia Autonoma Bolzano / Bozen,P.A. Bolzano,533050,54797,10.28,0.55
447,2021-03-01,PAB,917,220,697,18,2,5,735,18,0,0,0,0,139,917,0,ITH,ITH1,4,Provincia Autonoma Bolzano / Bozen,P.A. Bolzano,533050,55714,10.45,0.17
448,2021-05-17,PAB,3109,1499,1610,35,25,2,620,291,100,19,459,31,1527,2425,684,ITH,ITH1,4,Provincia Autonoma Bolzano / Bozen,P.A. Bolzano,533050,58823,11.04,0.58
449,2021-02-14,PAB,297,130,167,0,0,0,0,0,1,296,0,0,0,297,0,ITH,ITH1,4,Provincia Autonoma Bolzano / Bozen,P.A. Bolzano,533050,59120,11.09,0.06
450,2021-05-14,PAB,5073,2281,2792,91,28,4,1074,590,154,44,740,47,2301,3058,2015,ITH,ITH1,4,Provincia Autonoma Bolzano / Bozen,P.A. Bolzano,533050,64193,12.04,0.95
451,2021-01-02,PAB,91,48,43,69,1,0,0,5,1,0,0,0,15,91,0,ITH,ITH1,4,Provincia Autonoma Bolzano / Bozen,P.A. Bolzano,533050,64284,12.06,0.02
452,2021-04-09,PAB,2926,1292,1634,336,113,102,14,47,634,280,1363,13,24,2196,730,ITH,ITH1,4,Provincia Autonoma Bolzano / Bozen,P.A. Bolzano,533050,67210,12.61,0.55
453,2020-12-30,PAB,388,182,206,343,41,0,0,0,0,0,0,0,4,388,0,ITH,ITH1,4,Provincia Autonoma Bolzano / Bozen,P.A. Bolzano,533050,67598,12.68,0.07
454,2021-01-11,PAB,1569,513,1056,586,284,175,0,54,41,161,1,0,267,1569,0,ITH,ITH1,4,Provincia Autonoma Bolzano / Bozen,P.A. Bolzano,533050,69167,12.98,0.29
455,2021-02-08,PAB,2,1,1,0,0,0,0,0,0,1,0,0,1,1,1,ITH,ITH1,4,Provincia Autonoma Bolzano / Bozen,P.A. Bolzano,533050,69169,12.98,0.0
456,2021-02-02,PAB,1745,506,1239,630,370,605,0,9,10,11,0,0,110,8,1737,ITH,ITH1,4,Provincia Autonoma Bolzano / Bozen,P.A. Bolzano,533050,70914,13.3,0.33
457,2021-01-14,PAB,1946,575,1371,521,441,313,0,63,43,329,0,0,236,1946,0,ITH,ITH1,4,Provincia Autonoma Bolzano / Bozen,P.A. Bolzano,533050,72860,13.67,0.37
458,2021-01-15,PAB,3282,1228,2054,608,307,342,0,81,29,1447,0,0,468,3282,0,ITH,ITH1,4,Provincia Autonoma Bolzano / Bozen,P.A. Bolzano,533050,76142,14.28,0.62
459,2021-01-09,PAB,612,326,286,76,28,75,0,66,19,13,0,0,335,612,0,ITH,ITH1,4,Provincia Autonoma Bolzano / Bozen,P.A. Bolzano,533050,76754,14.4,0.11
460,2021-03-19,PAB,1906,773,1133,158,59,15,14,11,138,1182,310,1,18,799,1107,ITH,ITH1,4,Provincia Autonoma Bolzano / Bozen,P.A. Bolzano,533050,78660,14.76,0.36
461,2021-03-29,PAB,1170,499,671,14,2,0,13,1,184,842,85,26,3,411,759,ITH,ITH1,4,Provincia Autonoma Bolzano / Bozen,P.A. Bolzano,533050,79830,14.98,0.22
462,2021-03-15,PAB,1192,451,741,294,97,13,4,15,533,93,66,4,73,710,482,ITH,ITH1,4,Provincia Autonoma Bolzano / Bozen,P.A. Bolzano,533050,81022,15.2,0.22
463,2021-04-24,PAB,5101,2448,2653,294,197,2,7,2727,762,184,859,54,15,4617,484,ITH,ITH1,4,Provincia Autonoma Bolzano / Bozen,P.A. Bolzano,533050,86123,16.16,0.96
464,2021-03-05,PAB,1839,625,1214,337,98,59,240,8,2,896,125,9,65,1397,442,ITH,ITH1,4,Provincia Autonoma Bolzano / Bozen,P.A. Bolzano,533050,87962,16.5,0.34
465,2021-05-06,PAB,5181,2747,2434,190,75,16,197,984,672,148,1929,642,328,2612,2569,ITH,ITH1,4,Provincia Autonoma Bolzano / Bozen,P.A. Bolzano,533050,93143,17.47,0.97
466,2021-04-18,PAB,3110,1607,1503,28,14,2,27,1916,524,134,188,273,4,2100,1010,ITH,ITH1,4,Provincia Autonoma Bolzano / Bozen,P.A. Bolzano,533050,96253,18.06,0.58
467,2021-03-21,PAB,768,285,483,165,17,1,3,3,9,568,0,0,2,14,754,ITH,ITH1,4,Provincia Autonoma Bolzano / Bozen,P.A. Bolzano,533050,97021,18.2,0.14
468,2021-01-13,PAB,1691,557,1134,446,310,270,0,66,30,175,0,0,394,1691,0,ITH,ITH1,4,Provincia Autonoma Bolzano / Bozen,P.A. Bolzano,533050,98712,18.52,0.32
469,2021-03-30,PAB,1298,532,766,51,7,153,27,0,121,924,1,11,3,218,1080,ITH,ITH1,4,Provincia Autonoma Bolzano / Bozen,P.A. Bolzano,533050,100010,18.76,0.24
470,2021-01-18,PAB,1772,687,1085,391,102,8,0,32,56,1019,0,0,164,1767,5,ITH,ITH1,4,Provincia Autonoma Bolzano / Bozen,P.A. Bolzano,533050,101782,19.09,0.33
471,2021-03-27,PAB,3047,1552,1495,320,36,0,46,31,484,1441,358,305,26,1541,1506,ITH,ITH1,4,Provincia Autonoma Bolzano / Bozen,P.A. Bolzano,533050,104829,19.67,0.57
472,2021-04-14,PAB,3593,1645,1948,419,140,20,30,1096,829,124,844,80,11,3501,92,ITH,ITH1,4,Provincia Autonoma Bolzano / Bozen,P.A. Bolzano,533050,108422,20.34,0.67
473,2021-03-07,PAB,114,13,101,59,50,0,1,0,0,3,0,0,1,9,105,ITH,ITH1,4,Provincia Autonoma Bolzano / Bozen,P.A. Bolzano,533050,108536,20.36,0.02
474,2021-04-02,PAB,2077,837,1240,189,66,60,17,5,253,935,532,11,9,720,1357,ITH,ITH1,4,Provincia Autonoma Bolzano / Bozen,P.A. Bolzano,533050,110613,20.75,0.39
475,2021-05-15,PAB,6993,3681,3312,36,60,0,263,473,135,39,744,81,5162,6698,295,ITH,ITH1,4,Provincia Autonoma Bolzano / Bozen,P.A. Bolzano,533050,117606,22.06,1.31
476,2021-03-20,PAB,1757,848,909,115,48,9,1,7,265,967,238,99,8,1132,625,ITH,ITH1,4,Provincia Autonoma Bolzano / Bozen,P.A. Bolzano,533050,119363,22.39,0.33
477,2021-04-26,PAB,1541,771,770,24,36,0,56,919,285,31,101,85,4,1536,5,ITH,ITH1,4,Provincia Autonoma Bolzano / Bozen,P.A. Bolzano,533050,120904,22.68,0.29
478,2021-02-22,PAB,526,143,383,342,68,0,10,15,4,5,0,1,81,514,12,ITH,ITH1,4,Provincia Autonoma Bolzano / Bozen,P.A. Bolzano,533050,121430,22.78,0.1
479,2021-02-13,PAB,318,79,239,126,57,7,0,0,0,126,0,0,2,312,6,ITH,ITH1,4,Provincia Autonoma Bolzano / Bozen,P.A. Bolzano,533050,121748,22.84,0.06
480,2021-03-09,PAB,1194,543,651,29,81,22,47,0,1,930,0,80,4,1192,2,ITH,ITH1,4,Provincia Autonoma Bolzano / Bozen,P.A. Bolzano,533050,122942,23.06,0.22
481,2021-05-08,PAB,4416,2379,2037,63,11,2,8,343,137,41,1046,40,2725,3758,658,ITH,ITH1,4,Provincia Autonoma Bolzano / Bozen,P.A. Bolzano,533050,127358,23.89,0.83
482,2021-01-27,PAB,84,28,56,54,26,0,0,1,0,0,0,0,3,1,83,ITH,ITH1,4,Provincia Autonoma Bolzano / Bozen,P.A. Bolzano,533050,127442,23.91,0.02
483,2021-04-12,PAB,2105,946,1159,33,11,1,2,159,1654,93,143,3,6,2098,7,ITH,ITH1,4,Provincia Autonoma Bolzano / Bozen,P.A. Bolzano,533050,129547,24.3,0.39
484,2021-02-12,PAB,730,217,513,322,71,106,0,10,6,141,0,2,72,482,248,ITH,ITH1,4,Provincia Autonoma Bolzano / Bozen,P.A. Bolzano,533050,130277,24.44,0.14
485,2021-05-13,PAB,2975,1346,1629,42,24,47,384,605,362,67,523,21,900,1045,1930,ITH,ITH1,4,Provincia Autonoma Bolzano / Bozen,P.A. Bolzano,533050,133252,25.0,0.56
486,2021-03-04,PAB,1710,1001,709,307,80,39,262,12,5,171,75,710,49,1481,229,ITH,ITH1,4,Provincia Autonoma Bolzano / Bozen,P.A. Bolzano,533050,134962,25.32,0.32
487,2021-02-24,PAB,1367,406,961,10,3,0,1346,0,0,0,0,8,0,1355,12,ITH,ITH1,4,Provincia Autonoma Bolzano / Bozen,P.A. Bolzano,533050,136329,25.58,0.26
488,2021-01-10,PAB,2,2,0,1,0,0,0,0,0,0,0,0,1,2,0,ITH,ITH1,4,Provincia Autonoma Bolzano / Bozen,P.A. Bolzano,533050,136331,25.58,0.0
489,2021-03-31,PAB,1831,693,1138,419,304,22,16,15,160,430,426,20,19,820,1011,ITH,ITH1,4,Provincia Autonoma Bolzano / Bozen,P.A. Bolzano,533050,138162,25.92,0.34
490,2021-04-08,PAB,2754,1336,1418,47,34,121,2,17,2011,83,310,91,38,2551,203,ITH,ITH1,4,Provincia Autonoma Bolzano / Bozen,P.A. Bolzano,533050,140916,26.44,0.52
491,2021-01-20,PAB,617,252,365,287,51,0,0,6,3,257,0,0,13,409,208,ITH,ITH1,4,Provincia Autonoma Bolzano / Bozen,P.A. Bolzano,533050,141533,26.55,0.12
492,2021-05-07,PAB,4180,2055,2125,221,50,16,42,710,299,61,1466,135,1180,3662,518,ITH,ITH1,4,Provincia Autonoma Bolzano / Bozen,P.A. Bolzano,533050,145713,27.34,0.78
493,2021-03-08,PAB,1200,526,674,23,10,166,3,30,47,755,147,0,19,1173,27,ITH,ITH1,4,Provincia Autonoma Bolzano / Bozen,P.A. Bolzano,533050,146913,27.56,0.23
494,2021-03-02,PAB,695,200,495,11,1,0,676,0,0,0,0,7,0,693,2,ITH,ITH1,4,Provincia Autonoma Bolzano / Bozen,P.A. Bolzano,533050,147608,27.69,0.13
495,2021-01-23,PAB,197,117,80,191,0,0,0,2,0,0,0,0,4,0,197,ITH,ITH1,4,Provincia Autonoma Bolzano / Bozen,P.A. Bolzano,533050,147805,27.73,0.04
496,2021-04-06,PAB,2249,1117,1132,131,46,130,3,10,988,91,818,16,16,2146,103,ITH,ITH1,4,Provincia Autonoma Bolzano / Bozen,P.A. Bolzano,533050,150054,28.15,0.42
497,2021-01-17,PAB,2328,1044,1284,56,38,37,0,57,46,1989,0,0,105,2317,11,ITH,ITH1,4,Provincia Autonoma Bolzano / Bozen,P.A. Bolzano,533050,152382,28.59,0.44
498,2021-01-28,PAB,871,308,563,585,187,69,0,8,0,0,0,3,19,10,861,ITH,ITH1,4,Provincia Autonoma Bolzano / Bozen,P.A. Bolzano,533050,153253,28.75,0.16
499,2021-03-22,PAB,1133,514,619,2,0,0,0,6,900,192,13,15,5,1129,4,ITH,ITH1,4,Provincia Autonoma Bolzano / Bozen,P.A. Bolzano,533050,154386,28.96,0.21
500,2021-04-11,PAB,2720,1291,1429,46,17,3,63,350,1672,84,222,258,5,2543,177,ITH,ITH1,4,Provincia Autonoma Bolzano / Bozen,P.A. Bolzano,533050,157106,29.47,0.51
501,2021-05-05,PAB,4153,1945,2208,275,126,39,73,929,549,156,1731,138,137,2038,2115,ITH,ITH1,4,Provincia Autonoma Bolzano / Bozen,P.A. Bolzano,533050,161259,30.25,0.78
502,2021-01-25,PAB,487,183,304,401,68,0,1,4,0,1,0,2,10,3,484,ITH,ITH1,4,Provincia Autonoma Bolzano / Bozen,P.A. Bolzano,533050,161746,30.34,0.09
503,2021-04-07,PAB,1777,802,975,128,81,57,2,6,908,459,26,100,10,1238,539,ITH,ITH1,4,Provincia Autonoma Bolzano / Bozen,P.A. Bolzano,533050,163523,30.68,0.33
504,2021-02-09,PAB,317,126,191,64,17,2,2,1,0,228,0,0,3,1,316,ITH,ITH1,4,Provincia Autonoma Bolzano / Bozen,P.A. Bolzano,533050,163840,30.74,0.06
505,2021-02-04,PAB,1958,593,1365,650,507,458,0,23,26,233,0,0,61,8,1950,ITH,ITH1,4,Provincia Autonoma Bolzano / Bozen,P.A. Bolzano,533050,165798,31.1,0.37
506,2021-02-27,PAB,2457,759,1698,202,87,8,1233,8,13,885,0,3,18,2447,10,ITH,ITH1,4,Provincia Autonoma Bolzano / Bozen,P.A. Bolzano,533050,168255,31.56,0.46
507,2021-03-17,PAB,581,213,368,12,6,46,0,0,16,491,0,0,10,580,1,ITH,ITH1,4,Provincia Autonoma Bolzano / Bozen,P.A. Bolzano,533050,168836,31.67,0.11
508,2021-04-25,PAB,3069,1496,1573,53,24,0,24,1445,736,156,442,180,9,2398,671,ITH,ITH1,4,Provincia Autonoma Bolzano / Bozen,P.A. Bolzano,533050,171905,32.25,0.58
509,2021-03-03,PAB,1178,393,785,24,5,6,738,3,0,349,0,51,2,1165,13,ITH,ITH1,4,Provincia Autonoma Bolzano / Bozen,P.A. Bolzano,533050,173083,32.47,0.22
510,2021-01-08,PAB,1521,479,1042,790,170,168,0,51,29,104,0,0,209,1521,0,ITH,ITH1,4,Provincia Autonoma Bolzano / Bozen,P.A. Bolzano,533050,174604,32.76,0.29
511,2021-02-18,PAB,1839,457,1382,76,78,21,1290,3,2,353,4,0,12,1832,7,ITH,ITH1,4,Provincia Autonoma Bolzano / Bozen,P.A. Bolzano,533050,176443,33.1,0.34
512,2021-02-19,PAB,2252,512,1740,123,143,84,1784,3,3,86,6,0,20,2241,11,ITH,ITH1,4,Provincia Autonoma Bolzano / Bozen,P.A. Bolzano,533050,178695,33.52,0.42
513,2021-02-25,PAB,1498,549,949,22,5,0,405,2,1,1041,0,0,22,1497,1,ITH,ITH1,4,Provincia Autonoma Bolzano / Bozen,P.A. Bolzano,533050,180193,33.8,0.28
514,2020-12-31,PAB,912,518,394,478,61,0,0,47,9,1,0,0,316,912,0,ITH,ITH1,4,Provincia Autonoma Bolzano / Bozen,P.A. Bolzano,533050,181105,33.98,0.17
515,2021-01-26,PAB,810,291,519,673,129,0,0,3,1,0,0,0,4,1,809,ITH,ITH1,4,Provincia Autonoma Bolzano / Bozen,P.A. Bolzano,533050,181915,34.13,0.15
516,2021-01-03,PAB,41,16,25,33,5,0,0,0,0,1,0,0,2,41,0,ITH,ITH1,4,Provincia Autonoma Bolzano / Bozen,P.A. Bolzano,533050,181956,34.13,0.01
517,2021-03-26,PAB,1644,721,923,30,16,68,1,8,132,917,424,0,48,511,1133,ITH,ITH1,4,Provincia Autonoma Bolzano / Bozen,P.A. Bolzano,533050,183600,34.44,0.31
518,2021-04-01,PAB,2786,1407,1379,238,104,44,65,22,512,607,731,446,17,2642,144,ITH,ITH1,4,Provincia Autonoma Bolzano / Bozen,P.A. Bolzano,533050,186386,34.97,0.52
519,2021-03-16,PAB,1290,532,758,26,31,48,0,4,14,1160,4,2,1,124,1166,ITH,ITH1,4,Provincia Autonoma Bolzano / Bozen,P.A. Bolzano,533050,187676,35.21,0.24
520,2021-04-13,PAB,2391,1130,1261,23,4,1,6,1246,932,30,93,55,1,2384,7,ITH,ITH1,4,Provincia Autonoma Bolzano / Bozen,P.A. Bolzano,533050,190067,35.66,0.45
521,2021-01-16,PAB,2840,1265,1575,435,93,77,1,54,98,1976,0,0,106,2840,0,ITH,ITH1,4,Provincia Autonoma Bolzano / Bozen,P.A. Bolzano,533050,192907,36.19,0.53
522,2021-04-28,PAB,2458,1300,1158,78,56,10,59,1156,464,76,472,74,13,2455,3,ITH,ITH1,4,Provincia Autonoma Bolzano / Bozen,P.A. Bolzano,533050,195365,36.65,0.46
523,2021-02-07,PAB,2361,1057,1304,102,75,68,0,51,44,1951,0,0,70,14,2347,ITH,ITH1,4,Provincia Autonoma Bolzano / Bozen,P.A. Bolzano,533050,197726,37.09,0.44
524,2021-05-04,PAB,3447,1843,1604,48,38,11,78,499,388,77,2060,176,72,2410,1037,ITH,ITH1,4,Provincia Autonoma Bolzano / Bozen,P.A. Bolzano,533050,201173,37.74,0.65
525,2021-05-01,PAB,2104,1067,1037,121,30,0,90,773,308,62,480,217,23,1944,160,ITH,ITH1,4,Provincia Autonoma Bolzano / Bozen,P.A. Bolzano,533050,203277,38.13,0.39
526,2021-01-21,PAB,952,442,510,750,88,68,0,1,0,28,0,5,12,139,813,ITH,ITH1,4,Provincia Autonoma Bolzano / Bozen,P.A. Bolzano,533050,204229,38.31,0.18
527,2021-03-25,PAB,2141,1059,1082,230,72,27,47,24,843,305,298,268,27,1698,443,ITH,ITH1,4,Provincia Autonoma Bolzano / Bozen,P.A. Bolzano,533050,206370,38.71,0.4
528,2020-12-27,PAB,144,65,79,139,2,0,0,0,0,1,0,0,2,144,0,ITH,ITH1,4,Provincia Autonoma Bolzano / Bozen,P.A. Bolzano,533050,206514,38.74,0.03
529,2021-03-24,PAB,2040,977,1063,13,16,7,29,6,1361,248,278,61,21,2027,13,ITH,ITH1,4,Provincia Autonoma Bolzano / Bozen,P.A. Bolzano,533050,208554,39.12,0.38
530,2021-01-05,PAB,830,286,544,734,62,0,0,8,2,0,0,0,24,830,0,ITH,ITH1,4,Provincia Autonoma Bolzano / Bozen,P.A. Bolzano,533050,209384,39.28,0.16
531,2021-03-23,PAB,1552,759,793,0,1,0,34,5,1156,215,58,69,14,1551,1,ITH,ITH1,4,Provincia Autonoma Bolzano / Bozen,P.A. Bolzano,533050,210936,39.57,0.29
532,2021-05-11,PAB,2839,1333,1506,11,5,8,823,179,165,21,482,19,1126,1320,1519,ITH,ITH1,4,Provincia Autonoma Bolzano / Bozen,P.A. Bolzano,533050,213775,40.1,0.53
533,2021-04-20,PAB,1559,782,777,10,13,12,8,617,363,46,478,9,3,1558,1,ITH,ITH1,4,Provincia Autonoma Bolzano / Bozen,P.A. Bolzano,533050,215334,40.4,0.29
534,2021-01-24,PAB,12,10,2,1,0,0,0,2,1,0,0,0,8,0,12,ITH,ITH1,4,Provincia Autonoma Bolzano / Bozen,P.A. Bolzano,533050,215346,40.4,0.0
535,2021-04-21,PAB,3009,1467,1542,112,12,2,11,1727,490,88,541,17,9,2161,848,ITH,ITH1,4,Provincia Autonoma Bolzano / Bozen,P.A. Bolzano,533050,218355,40.96,0.56
536,2021-02-17,PAB,156,51,105,18,7,0,0,0,2,128,1,0,0,139,17,ITH,ITH1,4,Provincia Autonoma Bolzano / Bozen,P.A. Bolzano,533050,218511,40.99,0.03
537,2021-04-19,PAB,1870,857,1013,44,22,1,11,1039,301,166,269,8,9,1688,182,ITH,ITH1,4,Provincia Autonoma Bolzano / Bozen,P.A. Bolzano,533050,220381,41.34,0.35
538,2021-03-14,PAB,758,336,422,130,11,33,0,3,7,562,1,2,9,25,733,ITH,ITH1,4,Provincia Autonoma Bolzano / Bozen,P.A. Bolzano,533050,221139,41.49,0.14
539,2021-01-30,PAB,498,245,253,217,46,101,0,29,2,0,0,0,103,4,494,ITH,ITH1,4,Provincia Autonoma Bolzano / Bozen,P.A. Bolzano,533050,221637,41.58,0.09
540,2021-05-09,PAB,4233,2404,1829,36,9,1,71,186,163,47,624,318,2778,3080,1153,ITH,ITH1,4,Provincia Autonoma Bolzano / Bozen,P.A. Bolzano,533050,225870,42.37,0.79
541,2021-05-10,PAB,3018,1300,1718,27,14,17,868,266,328,54,319,19,1106,1413,1605,ITH,ITH1,4,Provincia Autonoma Bolzano / Bozen,P.A. Bolzano,533050,228888,42.94,0.57
542,2021-04-27,PAB,2226,1013,1213,109,58,21,53,591,1115,78,118,76,7,1150,1076,ITH,ITH1,4,Provincia Autonoma Bolzano / Bozen,P.A. Bolzano,533050,231114,43.36,0.42
543,2021-02-23,PAB,769,324,445,0,0,0,85,2,1,673,0,0,8,763,6,ITH,ITH1,4,Provincia Autonoma Bolzano / Bozen,P.A. Bolzano,533050,231883,43.5,0.14
544,2021-04-15,PAB,4398,2306,2092,121,47,39,118,1385,736,174,1262,493,23,4135,263,ITH,ITH1,4,Provincia Autonoma Bolzano / Bozen,P.A. Bolzano,533050,236281,44.33,0.83
545,2021-03-28,PAB,569,212,357,45,38,0,2,6,5,470,2,0,1,11,558,ITH,ITH1,4,Provincia Autonoma Bolzano / Bozen,P.A. Bolzano,533050,236850,44.43,0.11
546,2021-01-12,PAB,1709,459,1250,369,228,479,0,54,43,134,0,0,402,1709,0,ITH,ITH1,4,Provincia Autonoma Bolzano / Bozen,P.A. Bolzano,533050,238559,44.75,0.32
547,2021-02-11,PAB,1092,431,661,215,92,104,0,4,2,589,57,0,29,239,853,ITH,ITH1,4,Provincia Autonoma Bolzano / Bozen,P.A. Bolzano,533050,239651,44.96,0.2
548,2021-04-29,PAB,2630,1351,1279,127,117,71,74,600,541,124,509,245,222,1936,694,ITH,ITH1,4,Provincia Autonoma Bolzano / Bozen,P.A. Bolzano,533050,242281,45.45,0.49
549,2021-02-10,PAB,1635,604,1031,489,166,1,0,18,5,872,0,1,83,26,1609,ITH,ITH1,4,Provincia Autonoma Bolzano / Bozen,P.A. Bolzano,533050,243916,45.76,0.31
550,2021-05-18,PAB,2928,1506,1422,36,17,1,44,658,293,47,266,51,1515,1782,1146,ITH,ITH1,4,Provincia Autonoma Bolzano / Bozen,P.A. Bolzano,533050,246844,46.31,0.55
551,2021-05-12,PAB,3776,2048,1728,64,31,3,63,293,69,27,582,74,2570,3623,153,ITH,ITH1,4,Provincia Autonoma Bolzano / Bozen,P.A. Bolzano,533050,250620,47.02,0.71
552,2021-01-01,PAB,6,5,1,6,0,0,0,0,0,0,0,0,0,6,0,ITH,ITH1,4,Provincia Autonoma Bolzano / Bozen,P.A. Bolzano,533050,250626,47.02,0.0
553,2021-05-16,PAB,2024,931,1093,2,3,0,654,59,46,8,113,12,1127,1330,694,ITH,ITH1,4,Provincia Autonoma Bolzano / Bozen,P.A. Bolzano,533050,252650,47.4,0.38
554,2021-01-29,PAB,1497,510,987,882,282,295,4,7,1,4,0,0,22,24,1473,ITH,ITH1,4,Provincia Autonoma Bolzano / Bozen,P.A. Bolzano,533050,254147,47.68,0.28
555,2021-03-18,PAB,1302,531,771,50,16,51,0,10,15,1056,69,0,35,226,1076,ITH,ITH1,4,Provincia Autonoma Bolzano / Bozen,P.A. Bolzano,533050,255449,47.92,0.24
556,2021-03-12,PAB,1664,734,930,150,173,82,101,9,268,524,134,204,19,1251,413,ITH,ITH1,4,Provincia Autonoma Bolzano / Bozen,P.A. Bolzano,533050,257113,48.23,0.31
557,2021-02-15,PAB,72,42,30,17,2,40,0,0,1,7,0,0,5,26,46,ITH,ITH1,4,Provincia Autonoma Bolzano / Bozen,P.A. Bolzano,533050,257185,48.25,0.01
558,2021-03-07,MOL,1131,501,630,2,16,0,0,0,0,1113,0,0,0,1129,2,ITF,ITF2,14,Molise,Molise,305617,1131,0.37,0.37
559,2021-02-23,MOL,581,223,358,136,39,61,1,0,0,340,0,0,4,362,219,ITF,ITF2,14,Molise,Molise,305617,1712,0.56,0.19
560,2021-03-21,MOL,1246,542,704,14,1,0,0,0,2,1090,133,0,6,479,767,ITF,ITF2,14,Molise,Molise,305617,2958,0.97,0.41
561,2021-01-13,MOL,474,160,314,256,69,144,1,1,1,0,0,0,2,474,0,ITF,ITF2,14,Molise,Molise,305617,3432,1.12,0.16
562,2021-05-01,MOL,2628,1262,1366,9,3,2,7,28,186,140,2157,4,92,408,2220,ITF,ITF2,14,Molise,Molise,305617,6060,1.98,0.86
563,2021-02-02,MOL,539,176,363,295,64,180,0,0,0,0,0,0,0,216,323,ITF,ITF2,14,Molise,Molise,305617,6599,2.16,0.18
564,2021-03-12,MOL,1459,637,822,42,33,0,505,0,1,719,35,116,8,1423,36,ITF,ITF2,14,Molise,Molise,305617,8058,2.64,0.48
565,2021-04-21,MOL,1860,787,1073,19,5,1,26,19,712,420,635,6,17,965,895,ITF,ITF2,14,Molise,Molise,305617,9918,3.25,0.61
566,2021-03-24,MOL,1630,658,972,77,57,0,450,2,3,707,275,48,11,1228,402,ITF,ITF2,14,Molise,Molise,305617,11548,3.78,0.53
567,2021-03-23,MOL,1642,694,948,76,8,6,454,2,4,606,367,97,22,1435,207,ITF,ITF2,14,Molise,Molise,305617,13190,4.32,0.54
568,2021-05-09,MOL,2038,926,1112,5,4,0,15,819,742,26,400,12,15,1943,95,ITF,ITF2,14,Molise,Molise,305617,15228,4.98,0.67
569,2021-04-18,MOL,611,264,347,0,0,0,1,1,87,326,191,0,5,104,507,ITF,ITF2,14,Molise,Molise,305617,15839,5.18,0.2
570,2020-12-27,MOL,50,20,30,29,4,17,0,0,0,0,0,0,0,50,0,ITF,ITF2,14,Molise,Molise,305617,15889,5.2,0.02
571,2021-01-08,MOL,429,141,288,244,7,120,0,13,0,0,0,0,45,429,0,ITF,ITF2,14,Molise,Molise,305617,16318,5.34,0.14
572,2021-03-14,MOL,595,239,356,2,0,0,0,1,1,582,7,0,2,17,578,ITF,ITF2,14,Molise,Molise,305617,16913,5.53,0.19
573,2021-02-18,MOL,319,74,245,296,8,0,0,0,0,0,0,0,15,306,13,ITF,ITF2,14,Molise,Molise,305617,17232,5.64,0.1
574,2021-04-24,MOL,2080,975,1105,11,3,0,17,4,221,354,1463,3,4,607,1473,ITF,ITF2,14,Molise,Molise,305617,19312,6.32,0.68
575,2021-02-28,MOL,829,331,498,38,3,27,0,0,0,761,0,0,0,787,42,ITF,ITF2,14,Molise,Molise,305617,20141,6.59,0.27
576,2021-01-10,MOL,270,72,198,82,19,169,0,0,0,0,0,0,0,270,0,ITF,ITF2,14,Molise,Molise,305617,20411,6.68,0.09
577,2021-04-27,MOL,1590,765,825,29,8,17,1,3,121,247,1128,1,35,462,1128,ITF,ITF2,14,Molise,Molise,305617,22001,7.2,0.52
578,2021-01-26,MOL,450,184,266,444,0,0,1,2,0,0,0,0,3,8,442,ITF,ITF2,14,Molise,Molise,305617,22451,7.35,0.15
579,2021-04-06,MOL,1493,700,793,33,9,9,1,2,5,254,1160,18,2,1150,343,ITF,ITF2,14,Molise,Molise,305617,23944,7.83,0.49
580,2021-02-21,MOL,573,227,346,1,1,0,0,0,1,570,0,0,0,571,2,ITF,ITF2,14,Molise,Molise,305617,24517,8.02,0.19
581,2021-02-09,MOL,359,170,189,161,83,110,0,0,0,0,0,0,5,197,162,ITF,ITF2,14,Molise,Molise,305617,24876,8.14,0.12
582,2021-01-31,MOL,268,70,198,85,18,164,1,0,0,0,0,0,0,6,262,ITF,ITF2,14,Molise,Molise,305617,25144,8.23,0.09
583,2021-02-19,MOL,169,93,76,95,70,1,3,0,0,0,0,0,0,167,2,ITF,ITF2,14,Molise,Molise,305617,25313,8.28,0.06
584,2021-04-20,MOL,2311,1020,1291,23,7,1,23,11,740,420,1052,18,16,1219,1092,ITF,ITF2,14,Molise,Molise,305617,27624,9.04,0.76
585,2021-04-28,MOL,1672,903,769,10,4,5,34,128,172,130,1110,4,75,455,1217,ITF,ITF2,14,Molise,Molise,305617,29296,9.59,0.55
586,2021-05-05,MOL,1545,677,868,36,7,2,0,436,349,108,544,62,1,1413,132,ITF,ITF2,14,Molise,Molise,305617,30841,10.09,0.51
587,2021-01-28,MOL,613,217,396,430,9,154,1,4,1,0,0,0,14,17,596,ITF,ITF2,14,Molise,Molise,305617,31454,10.29,0.2
588,2021-03-15,MOL,832,338,494,137,43,67,297,24,4,118,31,61,50,587,245,ITF,ITF2,14,Molise,Molise,305617,32286,10.56,0.27
589,2021-03-10,MOL,1737,720,1017,188,7,1,509,2,5,757,54,187,27,1687,50,ITF,ITF2,14,Molise,Molise,305617,34023,11.13,0.57
590,2021-04-17,MOL,1690,825,865,5,3,0,3,1,170,553,916,34,5,962,728,ITF,ITF2,14,Molise,Molise,305617,35713,11.69,0.55
591,2021-02-27,MOL,1366,568,798,25,29,14,1,1,0,1290,0,0,6,1347,19,ITF,ITF2,14,Molise,Molise,305617,37079,12.13,0.45
592,2021-01-22,MOL,126,35,91,21,32,73,0,0,0,0,0,0,0,126,0,ITF,ITF2,14,Molise,Molise,305617,37205,12.17,0.04
593,2021-04-13,MOL,1615,710,905,7,4,1,1,12,910,322,350,1,7,1028,587,ITF,ITF2,14,Molise,Molise,305617,38820,12.7,0.53
594,2021-03-30,MOL,2003,857,1146,46,1,1,424,4,6,592,823,82,24,1491,512,ITF,ITF2,14,Molise,Molise,305617,40823,13.36,0.66
595,2021-05-03,MOL,1816,859,957,2,1,0,1,145,762,83,747,30,45,1684,132,ITF,ITF2,14,Molise,Molise,305617,42639,13.95,0.59
596,2021-03-22,MOL,1146,439,707,106,5,2,458,7,3,255,216,59,35,903,243,ITF,ITF2,14,Molise,Molise,305617,43785,14.33,0.37
597,2021-04-10,MOL,2562,1234,1328,10,4,0,19,1,12,239,2266,9,2,2411,151,ITF,ITF2,14,Molise,Molise,305617,46347,15.17,0.84
598,2021-03-16,MOL,614,230,384,13,4,11,0,3,7,395,173,4,4,267,347,ITF,ITF2,14,Molise,Molise,305617,46961,15.37,0.2
599,2021-02-05,MOL,593,269,324,460,22,63,0,13,0,0,0,0,35,55,538,ITF,ITF2,14,Molise,Molise,305617,47554,15.56,0.19
600,2021-03-17,MOL,908,385,523,48,25,42,1,8,4,573,176,13,18,576,332,ITF,ITF2,14,Molise,Molise,305617,48462,15.86,0.3
601,2021-05-08,MOL,2945,1439,1506,55,4,0,35,692,253,76,1771,44,15,1724,1221,ITF,ITF2,14,Molise,Molise,305617,51407,16.82,0.96
602,2021-04-26,MOL,1154,519,635,7,0,0,1,3,109,215,807,10,2,825,329,ITF,ITF2,14,Molise,Molise,305617,52561,17.2,0.38
603,2021-02-08,MOL,334,141,193,206,39,85,0,3,0,0,0,0,1,216,118,ITF,ITF2,14,Molise,Molise,305617,52895,17.31,0.11
604,2021-02-01,MOL,562,201,361,301,144,111,1,1,0,0,0,0,4,14,548,ITF,ITF2,14,Molise,Molise,305617,53457,17.49,0.18
605,2021-03-28,MOL,1592,741,851,155,15,0,1,0,1,1185,233,1,1,490,1102,ITF,ITF2,14,Molise,Molise,305617,55049,18.01,0.52
606,2021-02-22,MOL,265,129,136,56,65,62,0,27,0,8,0,0,47,250,15,ITF,ITF2,14,Molise,Molise,305617,55314,18.1,0.09
607,2021-04-19,MOL,1824,842,982,18,5,51,7,16,663,254,764,24,22,1047,777,ITF,ITF2,14,Molise,Molise,305617,57138,18.7,0.6
608,2021-01-17,MOL,78,38,40,78,0,0,0,0,0,0,0,0,0,48,30,ITF,ITF2,14,Molise,Molise,305617,57216,18.72,0.03
609,2021-05-13,MOL,3003,1397,1606,34,12,18,16,1869,288,35,672,13,46,2557,446,ITF,ITF2,14,Molise,Molise,305617,60219,19.7,0.98
610,2021-03-19,MOL,1184,482,702,32,1,9,248,2,4,727,155,2,4,757,427,ITF,ITF2,14,Molise,Molise,305617,61403,20.09,0.39
611,2021-05-16,MOL,681,314,367,1,0,0,0,438,78,9,131,0,24,546,135,ITF,ITF2,14,Molise,Molise,305617,62084,20.31,0.22
612,2021-01-29,MOL,421,136,285,227,23,109,3,12,0,0,0,0,47,6,415,ITF,ITF2,14,Molise,Molise,305617,62505,20.45,0.14
613,2021-03-29,MOL,2033,835,1198,108,8,5,525,4,55,514,775,22,17,1547,486,ITF,ITF2,14,Molise,Molise,305617,64538,21.12,0.67
614,2021-05-18,MOL,1168,626,542,74,66,5,88,306,69,1,217,138,204,603,565,ITF,ITF2,14,Molise,Molise,305617,65706,21.5,0.38
615,2021-04-15,MOL,1899,779,1120,3,3,0,27,7,692,649,500,4,14,1061,838,ITF,ITF2,14,Molise,Molise,305617,67605,22.12,0.62
616,2021-03-18,MOL,1156,476,680,73,10,45,0,2,3,855,157,0,11,692,464,ITF,ITF2,14,Molise,Molise,305617,68761,22.5,0.38
617,2021-01-12,MOL,336,114,222,132,74,129,0,0,0,0,0,0,1,336,0,ITF,ITF2,14,Molise,Molise,305617,69097,22.61,0.11
618,2021-03-05,MOL,1219,649,570,322,5,0,73,9,2,618,0,151,39,1015,204,ITF,ITF2,14,Molise,Molise,305617,70316,23.01,0.4
619,2021-05-14,MOL,2617,1204,1413,72,4,0,70,1304,67,67,1006,9,18,1902,715,ITF,ITF2,14,Molise,Molise,305617,72933,23.86,0.86
620,2021-02-24,MOL,666,278,388,242,66,44,1,6,7,274,0,0,26,333,333,ITF,ITF2,14,Molise,Molise,305617,73599,24.08,0.22
621,2021-01-09,MOL,450,152,298,221,27,178,0,5,0,0,0,0,19,450,0,ITF,ITF2,14,Molise,Molise,305617,74049,24.23,0.15
622,2021-02-16,MOL,156,70,86,148,5,0,0,2,0,0,0,0,1,150,6,ITF,ITF2,14,Molise,Molise,305617,74205,24.28,0.05
623,2021-03-20,MOL,2320,968,1352,28,23,0,222,1,6,1857,147,21,15,999,1321,ITF,ITF2,14,Molise,Molise,305617,76525,25.04,0.76
624,2021-02-07,MOL,66,32,34,49,1,16,0,0,0,0,0,0,0,19,47,ITF,ITF2,14,Molise,Molise,305617,76591,25.06,0.02
625,2021-02-17,MOL,72,32,40,47,10,6,0,0,0,1,0,0,8,57,15,ITF,ITF2,14,Molise,Molise,305617,76663,25.08,0.02
626,2021-05-06,MOL,2654,1206,1448,245,35,29,26,962,351,141,713,113,39,2078,576,ITF,ITF2,14,Molise,Molise,305617,79317,25.95,0.87
627,2021-01-30,MOL,461,158,303,189,52,180,0,6,0,0,0,0,34,12,449,ITF,ITF2,14,Molise,Molise,305617,79778,26.1,0.15
628,2021-03-25,MOL,1806,730,1076,53,4,18,493,3,10,832,269,107,17,1309,497,ITF,ITF2,14,Molise,Molise,305617,81584,26.69,0.59
629,2021-05-11,MOL,1868,834,1034,103,1,0,48,930,208,79,452,7,40,1731,137,ITF,ITF2,14,Molise,Molise,305617,83452,27.31,0.61
630,2021-04-29,MOL,2231,1140,1091,108,2,2,7,8,148,164,1715,31,46,887,1344,ITF,ITF2,14,Molise,Molise,305617,85683,28.04,0.73
631,2021-03-04,MOL,850,417,433,252,20,69,0,0,1,469,0,36,3,526,324,ITF,ITF2,14,Molise,Molise,305617,86533,28.31,0.28
632,2021-01-14,MOL,646,239,407,418,102,115,0,2,0,0,0,0,9,646,0,ITF,ITF2,14,Molise,Molise,305617,87179,28.53,0.21
633,2021-04-01,MOL,1454,662,792,27,18,21,20,0,2,720,578,62,6,729,725,ITF,ITF2,14,Molise,Molise,305617,88633,29.0,0.48
634,2021-04-25,MOL,787,393,394,2,1,0,0,0,218,62,504,0,0,558,229,ITF,ITF2,14,Molise,Molise,305617,89420,29.26,0.26
635,2021-04-05,MOL,389,188,201,1,0,0,0,1,1,113,273,0,0,290,99,ITF,ITF2,14,Molise,Molise,305617,89809,29.39,0.13
636,2021-01-16,MOL,420,166,254,270,16,127,0,1,0,0,0,0,6,420,0,ITF,ITF2,14,Molise,Molise,305617,90229,29.52,0.14
637,2021-04-03,MOL,1766,848,918,28,74,0,26,13,16,267,1323,7,12,1732,34,ITF,ITF2,14,Molise,Molise,305617,91995,30.1,0.58
638,2021-03-06,MOL,1728,807,921,156,18,0,0,2,4,1395,0,152,1,1569,159,ITF,ITF2,14,Molise,Molise,305617,93723,30.67,0.57
639,2021-03-03,MOL,672,316,356,63,4,48,127,0,0,385,0,45,0,590,82,ITF,ITF2,14,Molise,Molise,305617,94395,30.89,0.22
640,2021-01-06,MOL,689,260,429,456,26,171,0,1,2,21,0,0,12,689,0,ITF,ITF2,14,Molise,Molise,305617,95084,31.11,0.23
641,2021-04-30,MOL,2914,1542,1372,28,0,2,2,8,272,122,2466,0,14,828,2086,ITF,ITF2,14,Molise,Molise,305617,97998,32.07,0.95
642,2021-04-23,MOL,2048,881,1167,50,18,0,20,7,605,226,1106,11,5,1389,659,ITF,ITF2,14,Molise,Molise,305617,100046,32.74,0.67
643,2021-01-05,MOL,449,180,269,441,0,0,0,1,0,0,0,0,7,449,0,ITF,ITF2,14,Molise,Molise,305617,100495,32.88,0.15
644,2021-02-03,MOL,731,249,482,391,112,180,1,4,3,0,0,0,40,338,393,ITF,ITF2,14,Molise,Molise,305617,101226,33.12,0.24
645,2021-01-19,MOL,173,63,110,90,57,22,2,0,0,0,0,0,2,162,11,ITF,ITF2,14,Molise,Molise,305617,101399,33.18,0.06
646,2021-01-15,MOL,538,242,296,398,17,81,0,8,0,0,0,0,34,538,0,ITF,ITF2,14,Molise,Molise,305617,101937,33.35,0.18
647,2021-01-04,MOL,314,131,183,301,0,0,0,2,0,0,0,0,11,314,0,ITF,ITF2,14,Molise,Molise,305617,102251,33.46,0.1
648,2021-04-16,MOL,2411,1027,1384,56,5,11,8,7,693,738,880,7,6,1184,1227,ITF,ITF2,14,Molise,Molise,305617,104662,34.25,0.79
649,2021-02-25,MOL,541,239,302,68,3,28,0,6,0,434,0,0,2,473,68,ITF,ITF2,14,Molise,Molise,305617,105203,34.42,0.18
650,2021-02-06,MOL,429,179,250,276,14,130,1,2,0,0,0,0,6,29,400,ITF,ITF2,14,Molise,Molise,305617,105632,34.56,0.14
651,2021-04-09,MOL,2296,1240,1056,33,10,1,1,93,10,136,2004,2,6,2105,191,ITF,ITF2,14,Molise,Molise,305617,107928,35.31,0.75
652,2021-05-07,MOL,2600,1217,1383,97,28,4,23,602,436,67,1283,50,10,2021,579,ITF,ITF2,14,Molise,Molise,305617,110528,36.17,0.85
653,2021-03-08,MOL,1378,522,856,359,51,23,404,2,1,411,36,76,15,1238,140,ITF,ITF2,14,Molise,Molise,305617,111906,36.62,0.45
654,2021-05-02,MOL,1860,918,942,1,3,0,0,113,23,30,1649,1,40,565,1295,ITF,ITF2,14,Molise,Molise,305617,113766,37.23,0.61
655,2021-02-12,MOL,330,149,181,224,13,72,2,7,1,0,0,0,11,208,122,ITF,ITF2,14,Molise,Molise,305617,114096,37.33,0.11
656,2021-01-07,MOL,598,209,389,414,2,145,0,5,1,4,0,0,27,598,0,ITF,ITF2,14,Molise,Molise,305617,114694,37.53,0.2
657,2021-04-22,MOL,1835,858,977,12,2,6,5,19,753,338,682,8,10,1064,771,ITF,ITF2,14,Molise,Molise,305617,116529,38.13,0.6
658,2021-01-20,MOL,18,8,10,14,4,0,0,0,0,0,0,0,0,18,0,ITF,ITF2,14,Molise,Molise,305617,116547,38.13,0.01
659,2021-01-25,MOL,319,130,189,317,0,0,2,0,0,0,0,0,0,3,316,ITF,ITF2,14,Molise,Molise,305617,116866,38.24,0.1
660,2021-03-11,MOL,1463,636,827,42,2,14,499,4,2,699,12,185,4,1457,6,ITF,ITF2,14,Molise,Molise,305617,118329,38.72,0.48
661,2021-01-11,MOL,557,194,363,196,243,111,0,1,0,0,0,0,6,557,0,ITF,ITF2,14,Molise,Molise,305617,118886,38.9,0.18
662,2021-04-11,MOL,1151,581,570,0,5,0,0,1,1,48,1092,0,4,1138,13,ITF,ITF2,14,Molise,Molise,305617,120037,39.28,0.38
663,2021-05-17,MOL,1327,621,706,23,9,44,142,610,56,40,333,10,60,848,479,ITF,ITF2,14,Molise,Molise,305617,121364,39.71,0.43
664,2021-02-04,MOL,758,295,463,502,95,141,1,3,0,0,0,0,16,77,681,ITF,ITF2,14,Molise,Molise,305617,122122,39.96,0.25
665,2021-04-08,MOL,1754,900,854,105,15,8,35,5,3,195,1369,8,11,1553,201,ITF,ITF2,14,Molise,Molise,305617,123876,40.53,0.57
666,2021-04-07,MOL,1687,847,840,36,12,63,80,10,3,133,1315,29,6,1412,275,ITF,ITF2,14,Molise,Molise,305617,125563,41.09,0.55
667,2021-04-04,MOL,253,141,112,1,0,0,0,0,0,3,248,0,1,238,15,ITF,ITF2,14,Molise,Molise,305617,125816,41.17,0.08
668,2021-02-11,MOL,293,133,160,225,19,45,1,0,0,0,0,3,0,257,36,ITF,ITF2,14,Molise,Molise,305617,126109,41.26,0.1
669,2021-05-12,MOL,2819,1283,1536,60,22,1,18,1697,367,46,545,19,44,2745,74,ITF,ITF2,14,Molise,Molise,305617,128928,42.19,0.92
670,2021-03-13,MOL,1189,594,595,29,5,6,0,5,4,981,6,151,2,200,989,ITF,ITF2,14,Molise,Molise,305617,130117,42.58,0.39
671,2021-03-31,MOL,2193,919,1274,202,13,32,263,10,18,826,708,96,25,1374,819,ITF,ITF2,14,Molise,Molise,305617,132310,43.29,0.72
672,2021-03-02,MOL,667,383,284,98,106,51,151,0,0,139,0,113,9,509,158,ITF,ITF2,14,Molise,Molise,305617,132977,43.51,0.22
673,2021-03-01,MOL,661,274,387,200,36,108,147,8,1,135,0,2,24,447,214,ITF,ITF2,14,Molise,Molise,305617,133638,43.73,0.22
674,2021-03-26,MOL,2574,1045,1529,72,64,23,548,7,16,1014,747,70,13,1932,642,ITF,ITF2,14,Molise,Molise,305617,136212,44.57,0.84
675,2021-02-15,MOL,144,70,74,117,10,15,0,0,0,0,0,0,2,141,3,ITF,ITF2,14,Molise,Molise,305617,136356,44.62,0.05
676,2021-01-18,MOL,114,48,66,97,14,0,0,1,0,0,0,0,2,114,0,ITF,ITF2,14,Molise,Molise,305617,136470,44.65,0.04
677,2021-02-10,MOL,150,78,72,91,6,53,0,0,0,0,0,0,0,130,20,ITF,ITF2,14,Molise,Molise,305617,136620,44.7,0.05
678,2021-04-14,MOL,1787,761,1026,44,1,11,3,5,974,431,309,5,4,1135,652,ITF,ITF2,14,Molise,Molise,305617,138407,45.29,0.58
679,2021-02-20,MOL,1018,441,577,20,5,8,0,0,1,983,0,0,1,998,20,ITF,ITF2,14,Molise,Molise,305617,139425,45.62,0.33
680,2021-04-12,MOL,1261,547,714,17,2,1,0,13,945,88,189,1,5,1019,242,ITF,ITF2,14,Molise,Molise,305617,140686,46.03,0.41
681,2021-05-04,MOL,2697,1179,1518,17,4,1,2,863,494,121,1193,0,2,2570,127,ITF,ITF2,14,Molise,Molise,305617,143383,46.92,0.88
682,2021-05-10,MOL,2874,1278,1596,30,3,1,12,980,896,69,851,18,14,2514,360,ITF,ITF2,14,Molise,Molise,305617,146257,47.86,0.94
683,2021-02-13,MOL,132,80,52,129,3,0,0,0,0,0,0,0,0,132,0,ITF,ITF2,14,Molise,Molise,305617,146389,47.9,0.04
684,2021-01-27,MOL,674,251,423,436,12,209,1,10,0,0,0,1,5,8,666,ITF,ITF2,14,Molise,Molise,305617,147063,48.12,0.22
685,2021-05-15,MOL,2359,1103,1256,14,9,0,6,1210,239,27,657,5,192,2013,346,ITF,ITF2,14,Molise,Molise,305617,149422,48.89,0.77
686,2021-02-26,MOL,563,260,303,42,7,3,55,9,1,406,1,0,39,490,73,ITF,ITF2,14,Molise,Molise,305617,149985,49.08,0.18
687,2021-03-09,MOL,1329,579,750,199,6,0,393,4,1,409,76,218,23,1177,152,ITF,ITF2,14,Molise,Molise,305617,151314,49.51,0.43
688,2021-03-27,MOL,2738,1272,1466,18,58,0,1,6,4,1908,717,23,3,1305,1433,ITF,ITF2,14,Molise,Molise,305617,154052,50.41,0.9
689,2021-04-02,MOL,1405,691,714,47,77,0,2,8,8,663,477,105,18,644,761,ITF,ITF2,14,Molise,Molise,305617,155457,50.87,0.46
690,2021-01-21,MOL,6,2,4,0,6,0,0,0,0,0,0,0,0,6,0,ITF,ITF2,14,Molise,Molise,305617,155463,50.87,0.0
691,2021-05-06,PAT,5469,2708,2761,108,136,17,51,1567,535,371,389,195,2100,4692,777,ITH,ITH2,4,Provincia Autonoma Trento,P.A. Trento,541380,5469,1.01,1.01
692,2021-01-30,PAT,386,132,254,346,7,32,1,0,0,0,0,0,0,152,234,ITH,ITH2,4,Provincia Autonoma Trento,P.A. Trento,541380,5855,1.08,0.07
693,2021-03-05,PAT,2241,702,1539,126,70,102,788,5,24,957,1,159,9,1675,566,ITH,ITH2,4,Provincia Autonoma Trento,P.A. Trento,541380,8096,1.5,0.41
694,2021-01-14,PAT,699,203,496,482,6,208,0,0,0,0,0,0,3,699,0,ITH,ITH2,4,Provincia Autonoma Trento,P.A. Trento,541380,8795,1.62,0.13
695,2021-05-10,PAT,3201,1642,1559,46,35,2,46,784,231,364,332,101,1260,2700,501,ITH,ITH2,4,Provincia Autonoma Trento,P.A. Trento,541380,11996,2.22,0.59
696,2021-01-24,PAT,547,276,271,535,12,0,0,0,0,0,0,0,0,224,323,ITH,ITH2,4,Provincia Autonoma Trento,P.A. Trento,541380,12543,2.32,0.1
697,2021-03-15,PAT,1410,545,865,58,130,26,175,3,285,624,15,55,39,946,464,ITH,ITH2,4,Provincia Autonoma Trento,P.A. Trento,541380,13953,2.58,0.26
698,2021-05-11,PAT,3674,1743,1931,53,103,6,153,572,190,486,230,61,1820,2844,830,ITH,ITH2,4,Provincia Autonoma Trento,P.A. Trento,541380,17627,3.26,0.68
699,2021-04-29,PAT,4610,2225,2385,82,86,10,37,2501,1205,188,463,4,34,4401,209,ITH,ITH2,4,Provincia Autonoma Trento,P.A. Trento,541380,22237,4.11,0.85
700,2021-03-21,PAT,129,69,60,34,1,0,18,2,18,0,56,0,0,129,0,ITH,ITH2,4,Provincia Autonoma Trento,P.A. Trento,541380,22366,4.13,0.02
701,2021-01-21,PAT,351,94,257,320,13,16,0,0,0,0,0,0,2,228,123,ITH,ITH2,4,Provincia Autonoma Trento,P.A. Trento,541380,22717,4.2,0.06
702,2021-03-04,PAT,2352,790,1562,161,26,23,348,14,12,1727,0,19,22,1574,778,ITH,ITH2,4,Provincia Autonoma Trento,P.A. Trento,541380,25069,4.63,0.43
703,2021-04-25,PAT,1969,938,1031,9,4,0,0,1304,215,31,384,0,22,1963,6,ITH,ITH2,4,Provincia Autonoma Trento,P.A. Trento,541380,27038,4.99,0.36
704,2021-04-14,PAT,3112,1463,1649,116,51,7,7,98,1487,1019,311,2,14,2376,736,ITH,ITH2,4,Provincia Autonoma Trento,P.A. Trento,541380,30150,5.57,0.57
705,2021-03-03,PAT,1654,621,1033,74,11,60,204,4,5,1267,3,19,7,1137,517,ITH,ITH2,4,Provincia Autonoma Trento,P.A. Trento,541380,31804,5.87,0.31
706,2021-04-05,PAT,34,17,17,1,0,0,1,21,11,0,0,0,0,33,1,ITH,ITH2,4,Provincia Autonoma Trento,P.A. Trento,541380,31838,5.88,0.01
707,2021-04-19,PAT,2620,1234,1386,41,12,0,6,592,905,314,682,2,66,2597,23,ITH,ITH2,4,Provincia Autonoma Trento,P.A. Trento,541380,34458,6.36,0.48
708,2021-02-23,PAT,1108,395,713,272,13,17,50,1,0,751,0,3,1,897,211,ITH,ITH2,4,Provincia Autonoma Trento,P.A. Trento,541380,35566,6.57,0.2
709,2021-01-13,PAT,421,123,298,392,6,23,0,0,0,0,0,0,0,421,0,ITH,ITH2,4,Provincia Autonoma Trento,P.A. Trento,541380,35987,6.65,0.08
710,2021-03-07,PAT,22,6,16,0,0,0,22,0,0,0,0,0,0,22,0,ITH,ITH2,4,Provincia Autonoma Trento,P.A. Trento,541380,36009,6.65,0.0
711,2021-01-27,PAT,802,277,525,463,33,304,0,0,0,1,0,0,1,91,711,ITH,ITH2,4,Provincia Autonoma Trento,P.A. Trento,541380,36811,6.8,0.15
712,2021-04-15,PAT,3179,1437,1742,183,112,16,3,129,1514,527,685,1,9,3027,152,ITH,ITH2,4,Provincia Autonoma Trento,P.A. Trento,541380,39990,7.39,0.59
713,2021-03-18,PAT,2317,957,1360,64,1,2,3,9,536,1674,17,2,9,1238,1079,ITH,ITH2,4,Provincia Autonoma Trento,P.A. Trento,541380,42307,7.81,0.43
714,2021-02-13,PAT,536,333,203,373,4,0,0,1,0,158,0,0,0,171,365,ITH,ITH2,4,Provincia Autonoma Trento,P.A. Trento,541380,42843,7.91,0.1
715,2021-03-27,PAT,1615,709,906,271,363,0,166,12,352,61,228,135,27,1363,252,ITH,ITH2,4,Provincia Autonoma Trento,P.A. Trento,541380,44458,8.21,0.3
716,2021-02-12,PAT,1010,340,670,335,54,55,0,2,9,553,0,0,2,589,421,ITH,ITH2,4,Provincia Autonoma Trento,P.A. Trento,541380,45468,8.4,0.19
717,2021-05-15,PAT,1565,814,751,375,91,0,63,109,51,25,353,51,447,677,888,ITH,ITH2,4,Provincia Autonoma Trento,P.A. Trento,541380,47033,8.69,0.29
718,2021-01-29,PAT,1352,331,1021,724,74,542,0,0,0,3,0,0,9,55,1297,ITH,ITH2,4,Provincia Autonoma Trento,P.A. Trento,541380,48385,8.94,0.25
719,2021-03-20,PAT,872,402,470,154,97,0,69,0,343,78,127,0,4,670,202,ITH,ITH2,4,Provincia Autonoma Trento,P.A. Trento,541380,49257,9.1,0.16
720,2021-05-18,PAT,3112,1477,1635,13,13,0,130,479,186,356,142,44,1749,2551,561,ITH,ITH2,4,Provincia Autonoma Trento,P.A. Trento,541380,52369,9.67,0.57
721,2021-05-16,PAT,1233,682,551,147,39,0,10,33,12,21,75,58,838,996,237,ITH,ITH2,4,Provincia Autonoma Trento,P.A. Trento,541380,53602,9.9,0.23
722,2021-03-10,PAT,2409,927,1482,356,36,25,327,4,10,1421,2,221,7,1488,921,ITH,ITH2,4,Provincia Autonoma Trento,P.A. Trento,541380,56011,10.35,0.44
723,2021-01-09,PAT,190,40,150,146,13,31,0,0,0,0,0,0,0,190,0,ITH,ITH2,4,Provincia Autonoma Trento,P.A. Trento,541380,56201,10.38,0.04
724,2021-03-08,PAT,1398,433,965,65,15,0,279,2,6,1017,1,7,6,1045,353,ITH,ITH2,4,Provincia Autonoma Trento,P.A. Trento,541380,57599,10.64,0.26
725,2021-05-07,PAT,5952,3058,2894,76,126,12,149,1168,506,521,459,215,2720,5119,833,ITH,ITH2,4,Provincia Autonoma Trento,P.A. Trento,541380,63551,11.74,1.1
726,2021-03-29,PAT,2452,957,1495,98,29,5,92,33,802,1003,100,4,286,1717,735,ITH,ITH2,4,Provincia Autonoma Trento,P.A. Trento,541380,66003,12.19,0.45
727,2021-05-13,PAT,3373,1567,1806,110,298,8,160,555,364,625,202,51,1000,2293,1080,ITH,ITH2,4,Provincia Autonoma Trento,P.A. Trento,541380,69376,12.81,0.62
728,2021-04-17,PAT,2201,1119,1082,13,2,0,0,146,1503,77,453,0,7,2144,57,ITH,ITH2,4,Provincia Autonoma Trento,P.A. Trento,541380,71577,13.22,0.41
729,2021-01-22,PAT,1668,433,1235,904,121,631,3,3,5,1,0,0,0,329,1339,ITH,ITH2,4,Provincia Autonoma Trento,P.A. Trento,541380,73245,13.53,0.31
730,2021-02-16,PAT,663,244,419,73,2,3,10,0,8,563,0,0,4,658,5,ITH,ITH2,4,Provincia Autonoma Trento,P.A. Trento,541380,73908,13.65,0.12
731,2021-02-24,PAT,1318,523,795,236,5,29,66,4,2,974,1,1,0,922,396,ITH,ITH2,4,Provincia Autonoma Trento,P.A. Trento,541380,75226,13.9,0.24
732,2021-01-23,PAT,577,334,243,487,2,88,0,0,0,0,0,0,0,388,189,ITH,ITH2,4,Provincia Autonoma Trento,P.A. Trento,541380,75803,14.0,0.11
733,2021-03-17,PAT,2067,790,1277,398,15,55,10,4,276,1266,23,1,19,1199,868,ITH,ITH2,4,Provincia Autonoma Trento,P.A. Trento,541380,77870,14.38,0.38
734,2021-03-02,PAT,1302,440,862,138,16,55,146,4,9,925,1,1,7,926,376,ITH,ITH2,4,Provincia Autonoma Trento,P.A. Trento,541380,79172,14.62,0.24
735,2021-04-08,PAT,3112,1293,1819,185,25,46,39,57,1023,1414,308,3,12,1994,1118,ITH,ITH2,4,Provincia Autonoma Trento,P.A. Trento,541380,82284,15.2,0.57
736,2021-02-26,PAT,1218,435,783,250,12,19,105,3,2,823,0,1,3,923,295,ITH,ITH2,4,Provincia Autonoma Trento,P.A. Trento,541380,83502,15.42,0.22
737,2021-04-07,PAT,2592,1008,1584,264,26,29,102,19,631,1364,132,10,15,1651,941,ITH,ITH2,4,Provincia Autonoma Trento,P.A. Trento,541380,86094,15.9,0.48
738,2021-03-13,PAT,830,380,450,203,16,30,259,0,0,44,0,278,0,782,48,ITH,ITH2,4,Provincia Autonoma Trento,P.A. Trento,541380,86924,16.06,0.15
739,2021-05-12,PAT,3282,1485,1797,69,108,32,209,640,202,727,190,31,1074,2100,1182,ITH,ITH2,4,Provincia Autonoma Trento,P.A. Trento,541380,90206,16.66,0.61
740,2021-04-11,PAT,2335,1133,1202,45,57,8,177,26,1754,21,235,7,5,2244,91,ITH,ITH2,4,Provincia Autonoma Trento,P.A. Trento,541380,92541,17.09,0.43
741,2021-01-08,PAT,1449,313,1136,775,128,530,0,0,7,7,0,0,2,1449,0,ITH,ITH2,4,Provincia Autonoma Trento,P.A. Trento,541380,93990,17.36,0.27
742,2021-02-15,PAT,533,187,346,145,21,27,11,1,1,322,0,0,5,419,114,ITH,ITH2,4,Provincia Autonoma Trento,P.A. Trento,541380,94523,17.46,0.1
743,2020-12-31,PAT,1624,449,1175,841,105,676,0,0,1,1,0,0,0,1624,0,ITH,ITH2,4,Provincia Autonoma Trento,P.A. Trento,541380,96147,17.76,0.3
744,2021-03-01,PAT,1237,454,783,74,1,10,95,5,8,1037,0,3,4,942,295,ITH,ITH2,4,Provincia Autonoma Trento,P.A. Trento,541380,97384,17.99,0.23
745,2021-02-09,PAT,914,287,627,447,8,73,0,2,1,381,0,0,2,441,473,ITH,ITH2,4,Provincia Autonoma Trento,P.A. Trento,541380,98298,18.16,0.17
746,2021-04-22,PAT,3130,1461,1669,74,49,8,0,1320,900,242,525,2,10,3086,44,ITH,ITH2,4,Provincia Autonoma Trento,P.A. Trento,541380,101428,18.74,0.58
747,2021-03-06,PAT,773,277,496,362,11,0,195,3,0,195,0,5,2,622,151,ITH,ITH2,4,Provincia Autonoma Trento,P.A. Trento,541380,102201,18.88,0.14
748,2021-04-30,PAT,4902,2395,2507,61,126,14,30,2860,894,172,582,3,160,4765,137,ITH,ITH2,4,Provincia Autonoma Trento,P.A. Trento,541380,107103,19.78,0.91
749,2021-01-18,PAT,643,154,489,529,35,73,0,1,0,1,0,0,4,588,55,ITH,ITH2,4,Provincia Autonoma Trento,P.A. Trento,541380,107746,19.9,0.12
750,2021-01-06,PAT,42,13,29,42,0,0,0,0,0,0,0,0,0,42,0,ITH,ITH2,4,Provincia Autonoma Trento,P.A. Trento,541380,107788,19.91,0.01
751,2021-01-05,PAT,709,232,477,495,46,162,0,1,1,0,0,0,4,709,0,ITH,ITH2,4,Provincia Autonoma Trento,P.A. Trento,541380,108497,20.04,0.13
752,2021-05-05,PAT,4968,2574,2394,137,138,11,88,1734,690,88,245,236,1601,4688,280,ITH,ITH2,4,Provincia Autonoma Trento,P.A. Trento,541380,113465,20.96,0.92
753,2021-03-26,PAT,3151,1226,1925,136,178,108,555,30,1097,901,62,46,38,2552,599,ITH,ITH2,4,Provincia Autonoma Trento,P.A. Trento,541380,116616,21.54,0.58
754,2021-04-20,PAT,2860,1369,1491,40,20,0,4,941,1274,175,388,2,16,2824,36,ITH,ITH2,4,Provincia Autonoma Trento,P.A. Trento,541380,119476,22.07,0.53
755,2021-04-23,PAT,3584,1743,1841,33,16,21,9,1592,799,200,896,1,17,3530,54,ITH,ITH2,4,Provincia Autonoma Trento,P.A. Trento,541380,123060,22.73,0.66
756,2021-02-06,PAT,574,298,276,179,0,0,0,1,0,391,0,0,3,433,141,ITH,ITH2,4,Provincia Autonoma Trento,P.A. Trento,541380,123634,22.84,0.11
757,2021-05-14,PAT,5223,2499,2724,75,182,23,771,637,386,188,288,208,2465,3885,1338,ITH,ITH2,4,Provincia Autonoma Trento,P.A. Trento,541380,128857,23.8,0.96
758,2021-04-01,PAT,2892,1227,1665,195,137,8,125,33,501,1644,123,24,102,1799,1093,ITH,ITH2,4,Provincia Autonoma Trento,P.A. Trento,541380,131749,24.34,0.53
759,2021-02-02,PAT,907,240,667,507,33,189,0,2,5,170,0,0,1,190,717,ITH,ITH2,4,Provincia Autonoma Trento,P.A. Trento,541380,132656,24.5,0.17
760,2021-02-21,PAT,155,92,63,154,0,0,1,0,0,0,0,0,0,43,112,ITH,ITH2,4,Provincia Autonoma Trento,P.A. Trento,541380,132811,24.53,0.03
761,2021-01-20,PAT,291,73,218,232,10,48,0,0,0,0,0,0,1,279,12,ITH,ITH2,4,Provincia Autonoma Trento,P.A. Trento,541380,133102,24.59,0.05
762,2021-01-02,PAT,502,143,359,336,21,141,0,0,0,3,0,0,1,502,0,ITH,ITH2,4,Provincia Autonoma Trento,P.A. Trento,541380,133604,24.68,0.09
763,2021-03-11,PAT,2293,851,1442,105,50,41,391,8,13,1587,23,59,16,1471,822,ITH,ITH2,4,Provincia Autonoma Trento,P.A. Trento,541380,135897,25.1,0.42
764,2021-01-11,PAT,730,221,509,523,49,153,0,1,0,0,0,0,4,730,0,ITH,ITH2,4,Provincia Autonoma Trento,P.A. Trento,541380,136627,25.24,0.13
765,2021-01-15,PAT,594,131,463,463,18,111,0,0,1,0,0,0,1,594,0,ITH,ITH2,4,Provincia Autonoma Trento,P.A. Trento,541380,137221,25.35,0.11
766,2021-04-18,PAT,1853,844,1009,10,54,4,3,1025,509,23,219,0,6,1845,8,ITH,ITH2,4,Provincia Autonoma Trento,P.A. Trento,541380,139074,25.69,0.34
767,2021-05-04,PAT,4473,2421,2052,41,65,27,26,1576,441,92,366,182,1657,4383,90,ITH,ITH2,4,Provincia Autonoma Trento,P.A. Trento,541380,143547,26.52,0.83
768,2021-03-24,PAT,2375,940,1435,206,90,42,225,6,238,1450,66,42,10,1555,820,ITH,ITH2,4,Provincia Autonoma Trento,P.A. Trento,541380,145922,26.95,0.44
769,2021-03-23,PAT,2443,943,1500,146,111,71,167,7,845,1011,35,34,16,1703,740,ITH,ITH2,4,Provincia Autonoma Trento,P.A. Trento,541380,148365,27.4,0.45
770,2021-05-09,PAT,2322,1210,1112,12,219,0,23,330,84,33,284,66,1271,1978,344,ITH,ITH2,4,Provincia Autonoma Trento,P.A. Trento,541380,150687,27.83,0.43
771,2021-04-21,PAT,2892,1348,1544,47,12,3,1,1176,920,195,534,0,4,2842,50,ITH,ITH2,4,Provincia Autonoma Trento,P.A. Trento,541380,153579,28.37,0.53
772,2021-02-17,PAT,1110,425,685,326,9,35,12,3,11,709,0,3,2,1020,90,ITH,ITH2,4,Provincia Autonoma Trento,P.A. Trento,541380,154689,28.57,0.21
773,2020-12-27,PAT,103,40,63,76,4,21,0,0,0,0,0,0,2,103,0,ITH,ITH2,4,Provincia Autonoma Trento,P.A. Trento,541380,154792,28.59,0.02
774,2021-04-27,PAT,3876,1864,2012,27,104,1,5,2094,903,157,530,16,39,3809,67,ITH,ITH2,4,Provincia Autonoma Trento,P.A. Trento,541380,158668,29.31,0.72
775,2021-02-10,PAT,851,291,560,311,7,51,0,1,0,481,0,0,0,509,342,ITH,ITH2,4,Provincia Autonoma Trento,P.A. Trento,541380,159519,29.47,0.16
776,2021-01-10,PAT,84,19,65,54,18,12,0,0,0,0,0,0,0,84,0,ITH,ITH2,4,Provincia Autonoma Trento,P.A. Trento,541380,159603,29.48,0.02
777,2021-05-08,PAT,3151,1721,1430,16,270,0,29,433,95,34,334,157,1783,2734,417,ITH,ITH2,4,Provincia Autonoma Trento,P.A. Trento,541380,162754,30.06,0.58
778,2021-03-14,PAT,107,65,42,102,0,0,5,0,0,0,0,0,0,20,87,ITH,ITH2,4,Provincia Autonoma Trento,P.A. Trento,541380,162861,30.08,0.02
779,2021-04-24,PAT,3507,1682,1825,3,30,3,2,2175,354,43,886,0,11,3494,13,ITH,ITH2,4,Provincia Autonoma Trento,P.A. Trento,541380,166368,30.73,0.65
780,2021-01-31,PAT,75,15,60,55,13,6,0,1,0,0,0,0,0,1,74,ITH,ITH2,4,Provincia Autonoma Trento,P.A. Trento,541380,166443,30.74,0.01
781,2021-04-02,PAT,2787,1143,1644,153,65,44,298,58,1169,699,133,15,153,2113,674,ITH,ITH2,4,Provincia Autonoma Trento,P.A. Trento,541380,169230,31.26,0.51
782,2021-01-12,PAT,505,158,347,419,25,61,0,0,0,0,0,0,0,505,0,ITH,ITH2,4,Provincia Autonoma Trento,P.A. Trento,541380,169735,31.35,0.09
783,2021-01-01,PAT,213,50,163,114,11,88,0,0,0,0,0,0,0,213,0,ITH,ITH2,4,Provincia Autonoma Trento,P.A. Trento,541380,169948,31.39,0.04
784,2021-02-11,PAT,1132,365,767,332,3,48,0,0,5,739,0,0,5,796,336,ITH,ITH2,4,Provincia Autonoma Trento,P.A. Trento,541380,171080,31.6,0.21
785,2021-03-09,PAT,1580,589,991,98,44,31,200,2,8,1102,1,92,2,937,643,ITH,ITH2,4,Provincia Autonoma Trento,P.A. Trento,541380,172660,31.89,0.29
786,2021-04-12,PAT,3077,1401,1676,137,37,31,365,76,1319,754,319,12,27,2581,496,ITH,ITH2,4,Provincia Autonoma Trento,P.A. Trento,541380,175737,32.46,0.57
787,2021-01-07,PAT,1270,310,960,649,46,557,0,1,4,13,0,0,0,1270,0,ITH,ITH2,4,Provincia Autonoma Trento,P.A. Trento,541380,177007,32.7,0.23
788,2021-02-01,PAT,1220,335,885,767,70,375,0,1,1,0,0,0,6,92,1128,ITH,ITH2,4,Provincia Autonoma Trento,P.A. Trento,541380,178227,32.92,0.23
789,2021-03-12,PAT,2493,931,1562,207,254,106,557,9,26,1120,5,203,6,1688,805,ITH,ITH2,4,Provincia Autonoma Trento,P.A. Trento,541380,180720,33.38,0.46
790,2021-02-27,PAT,1026,456,570,460,5,2,113,0,2,435,0,4,5,605,421,ITH,ITH2,4,Provincia Autonoma Trento,P.A. Trento,541380,181746,33.57,0.19
791,2021-02-20,PAT,407,245,162,330,10,30,31,0,0,1,0,3,2,123,284,ITH,ITH2,4,Provincia Autonoma Trento,P.A. Trento,541380,182153,33.65,0.08
792,2021-02-08,PAT,1151,318,833,551,53,237,1,1,4,303,0,0,1,342,809,ITH,ITH2,4,Provincia Autonoma Trento,P.A. Trento,541380,183304,33.86,0.21
793,2021-01-25,PAT,817,215,602,524,27,263,0,0,0,2,0,0,1,23,794,ITH,ITH2,4,Provincia Autonoma Trento,P.A. Trento,541380,184121,34.01,0.15
794,2021-03-31,PAT,2561,983,1578,147,35,5,234,26,481,1474,103,6,50,1704,857,ITH,ITH2,4,Provincia Autonoma Trento,P.A. Trento,541380,186682,34.48,0.47
795,2021-02-05,PAT,801,271,530,466,19,66,0,1,0,248,0,0,1,283,518,ITH,ITH2,4,Provincia Autonoma Trento,P.A. Trento,541380,187483,34.63,0.15
796,2021-04-10,PAT,2791,1306,1485,21,8,1,189,42,2183,67,258,11,11,1997,794,ITH,ITH2,4,Provincia Autonoma Trento,P.A. Trento,541380,190274,35.15,0.52
797,2021-04-16,PAT,2832,1341,1491,85,28,25,8,226,1246,389,802,2,21,2687,145,ITH,ITH2,4,Provincia Autonoma Trento,P.A. Trento,541380,193106,35.67,0.52
798,2021-05-17,PAT,3883,1927,1956,7,30,1,178,395,143,85,119,76,2849,3544,339,ITH,ITH2,4,Provincia Autonoma Trento,P.A. Trento,541380,196989,36.39,0.72
799,2021-02-04,PAT,973,304,669,544,10,89,0,1,2,325,0,0,2,420,553,ITH,ITH2,4,Provincia Autonoma Trento,P.A. Trento,541380,197962,36.57,0.18
800,2021-03-22,PAT,2305,973,1332,83,134,8,103,11,849,994,62,38,23,1430,875,ITH,ITH2,4,Provincia Autonoma Trento,P.A. Trento,541380,200267,36.99,0.43
801,2021-01-17,PAT,251,195,56,251,0,0,0,0,0,0,0,0,0,251,0,ITH,ITH2,4,Provincia Autonoma Trento,P.A. Trento,541380,200518,37.04,0.05
802,2021-05-02,PAT,3512,1955,1557,18,137,0,3,1507,150,21,253,128,1295,3474,38,ITH,ITH2,4,Provincia Autonoma Trento,P.A. Trento,541380,204030,37.69,0.65
803,2021-04-06,PAT,2258,949,1309,40,6,9,101,11,850,1070,141,18,12,1492,766,ITH,ITH2,4,Provincia Autonoma Trento,P.A. Trento,541380,206288,38.1,0.42
804,2021-03-28,PAT,748,292,456,19,414,0,2,9,18,8,168,107,3,745,3,ITH,ITH2,4,Provincia Autonoma Trento,P.A. Trento,541380,207036,38.24,0.14
805,2021-04-03,PAT,1138,471,667,142,269,0,31,10,146,61,369,108,2,971,167,ITH,ITH2,4,Provincia Autonoma Trento,P.A. Trento,541380,208174,38.45,0.21
806,2021-02-22,PAT,745,259,486,119,4,70,45,1,4,501,0,0,1,661,84,ITH,ITH2,4,Provincia Autonoma Trento,P.A. Trento,541380,208919,38.59,0.14
807,2021-04-26,PAT,2646,1244,1402,18,12,0,10,669,1149,154,620,1,13,2552,94,ITH,ITH2,4,Provincia Autonoma Trento,P.A. Trento,541380,211565,39.08,0.49
808,2021-03-19,PAT,2423,915,1508,321,74,53,68,17,758,1065,50,2,15,1571,852,ITH,ITH2,4,Provincia Autonoma Trento,P.A. Trento,541380,213988,39.53,0.45
809,2021-02-18,PAT,1205,426,779,300,25,35,55,2,3,782,0,3,0,1143,62,ITH,ITH2,4,Provincia Autonoma Trento,P.A. Trento,541380,215193,39.75,0.22
810,2021-01-16,PAT,319,148,171,304,0,15,0,0,0,0,0,0,0,319,0,ITH,ITH2,4,Provincia Autonoma Trento,P.A. Trento,541380,215512,39.81,0.06
811,2021-02-28,PAT,242,121,121,231,0,0,11,0,0,0,0,0,0,242,0,ITH,ITH2,4,Provincia Autonoma Trento,P.A. Trento,541380,215754,39.85,0.04
812,2021-03-16,PAT,1391,506,885,221,7,36,5,1,24,1073,11,0,13,608,783,ITH,ITH2,4,Provincia Autonoma Trento,P.A. Trento,541380,217145,40.11,0.26
813,2021-02-25,PAT,1640,643,997,120,9,32,93,2,3,1377,0,1,3,1200,440,ITH,ITH2,4,Provincia Autonoma Trento,P.A. Trento,541380,218785,40.41,0.3
814,2021-01-19,PAT,405,77,328,365,3,36,0,0,0,0,0,0,1,405,0,ITH,ITH2,4,Provincia Autonoma Trento,P.A. Trento,541380,219190,40.49,0.07
815,2021-02-14,PAT,246,186,60,246,0,0,0,0,0,0,0,0,0,11,235,ITH,ITH2,4,Provincia Autonoma Trento,P.A. Trento,541380,219436,40.53,0.05
816,2021-01-28,PAT,530,147,383,390,29,107,0,1,1,2,0,0,0,48,482,ITH,ITH2,4,Provincia Autonoma Trento,P.A. Trento,541380,219966,40.63,0.1
817,2021-02-19,PAT,927,358,569,169,38,93,28,5,11,582,0,1,0,869,58,ITH,ITH2,4,Provincia Autonoma Trento,P.A. Trento,541380,220893,40.8,0.17
818,2021-01-04,PAT,870,227,643,486,41,336,0,2,4,1,0,0,0,870,0,ITH,ITH2,4,Provincia Autonoma Trento,P.A. Trento,541380,221763,40.96,0.16
819,2021-04-09,PAT,2705,1143,1562,86,27,27,196,60,1290,897,112,4,6,1506,1199,ITH,ITH2,4,Provincia Autonoma Trento,P.A. Trento,541380,224468,41.46,0.5
820,2021-01-03,PAT,492,160,332,419,9,63,0,0,0,0,0,0,1,492,0,ITH,ITH2,4,Provincia Autonoma Trento,P.A. Trento,541380,224960,41.55,0.09
821,2021-04-28,PAT,4230,1967,2263,99,43,5,24,2407,907,168,534,3,40,4092,138,ITH,ITH2,4,Provincia Autonoma Trento,P.A. Trento,541380,229190,42.33,0.78
822,2021-02-03,PAT,846,314,532,356,13,73,0,1,2,400,0,0,1,414,432,ITH,ITH2,4,Provincia Autonoma Trento,P.A. Trento,541380,230036,42.49,0.16
823,2021-04-13,PAT,2546,1054,1492,25,12,3,389,40,1217,693,145,2,20,2039,507,ITH,ITH2,4,Provincia Autonoma Trento,P.A. Trento,541380,232582,42.96,0.47
824,2020-12-30,PAT,7,3,4,4,1,2,0,0,0,0,0,0,0,7,0,ITH,ITH2,4,Provincia Autonoma Trento,P.A. Trento,541380,232589,42.96,0.0
825,2021-05-03,PAT,4234,2178,2056,90,80,3,7,2064,445,115,514,135,781,4081,153,ITH,ITH2,4,Provincia Autonoma Trento,P.A. Trento,541380,236823,43.74,0.78
826,2021-05-01,PAT,4837,2463,2374,25,71,0,4,2924,179,44,564,81,945,4802,35,ITH,ITH2,4,Provincia Autonoma Trento,P.A. Trento,541380,241660,44.64,0.89
827,2021-03-25,PAT,2874,1103,1771,184,141,28,360,32,631,1327,84,25,62,1824,1050,ITH,ITH2,4,Provincia Autonoma Trento,P.A. Trento,541380,244534,45.17,0.53
828,2021-03-30,PAT,2382,971,1411,71,60,53,178,17,792,1049,96,9,57,1745,637,ITH,ITH2,4,Provincia Autonoma Trento,P.A. Trento,541380,246916,45.61,0.44
829,2021-01-26,PAT,542,154,388,441,16,84,0,0,0,0,0,0,1,27,515,ITH,ITH2,4,Provincia Autonoma Trento,P.A. Trento,541380,247458,45.71,0.1
830,2021-01-07,LIG,3229,1095,2134,2340,315,465,4,18,5,0,0,1,81,3229,0,ITC,ITC3,7,Liguria,Liguria,1550640,3229,0.21,0.21
831,2021-01-08,LIG,2926,999,1927,2083,343,431,4,12,0,0,0,1,52,2926,0,ITC,ITC3,7,Liguria,Liguria,1550640,6155,0.4,0.19
832,2021-02-18,LIG,2762,1126,1636,958,195,350,2,22,7,1006,35,0,187,2431,331,ITC,ITC3,7,Liguria,Liguria,1550640,8917,0.58,0.18
833,2021-02-19,LIG,3103,1283,1820,994,246,97,3,39,22,1450,0,4,248,2927,176,ITC,ITC3,7,Liguria,Liguria,1550640,12020,0.78,0.2
834,2021-04-28,LIG,14446,6519,7927,276,181,85,333,3103,4047,3120,2890,59,352,6458,7988,ITC,ITC3,7,Liguria,Liguria,1550640,26466,1.71,0.93
835,2021-04-10,LIG,7877,3556,4321,216,90,34,9,172,3954,1578,1612,6,206,6963,914,ITC,ITC3,7,Liguria,Liguria,1550640,34343,2.21,0.51
836,2021-02-11,LIG,1975,767,1208,1250,231,457,6,3,1,0,4,0,23,1104,871,ITC,ITC3,7,Liguria,Liguria,1550640,36318,2.34,0.13
837,2021-01-18,LIG,2134,744,1390,1252,384,438,10,12,5,1,0,0,32,1977,157,ITC,ITC3,7,Liguria,Liguria,1550640,38452,2.48,0.14
838,2021-03-16,LIG,6073,2722,3351,939,176,324,6,35,77,4275,142,14,85,2349,3724,ITC,ITC3,7,Liguria,Liguria,1550640,44525,2.87,0.39
839,2021-05-12,LIG,11932,5351,6581,506,166,66,91,2854,3069,2209,2200,30,741,6593,5339,ITC,ITC3,7,Liguria,Liguria,1550640,56457,3.64,0.77
840,2021-03-13,LIG,3827,1616,2211,332,121,72,790,100,45,1782,11,180,394,2972,855,ITC,ITC3,7,Liguria,Liguria,1550640,60284,3.89,0.25
841,2021-02-22,LIG,3335,1468,1867,714,104,239,2,2,13,2237,0,7,17,3193,142,ITC,ITC3,7,Liguria,Liguria,1550640,63619,4.1,0.22
842,2021-03-26,LIG,9121,3854,5267,602,325,65,1297,220,265,3896,1840,377,234,5967,3154,ITC,ITC3,7,Liguria,Liguria,1550640,72740,4.69,0.59
843,2020-12-29,LIG,125,33,92,93,11,21,0,0,0,0,0,0,0,125,0,ITC,ITC3,7,Liguria,Liguria,1550640,72865,4.7,0.01
844,2021-03-12,LIG,6151,2814,3337,1208,459,84,4,77,79,3504,52,590,94,3683,2468,ITC,ITC3,7,Liguria,Liguria,1550640,79016,5.1,0.4
845,2021-04-02,LIG,11671,5117,6554,435,225,40,911,356,3181,3623,2465,139,296,9185,2486,ITC,ITC3,7,Liguria,Liguria,1550640,90687,5.85,0.75
846,2021-01-16,LIG,1278,557,721,753,196,299,1,4,2,0,1,0,22,1278,0,ITC,ITC3,7,Liguria,Liguria,1550640,91965,5.93,0.08
847,2021-04-04,LIG,756,366,390,30,0,0,0,36,64,325,222,0,79,507,249,ITC,ITC3,7,Liguria,Liguria,1550640,92721,5.98,0.05
848,2021-01-01,LIG,144,55,89,139,5,0,0,0,0,0,0,0,0,144,0,ITC,ITC3,7,Liguria,Liguria,1550640,92865,5.99,0.01
849,2021-01-05,LIG,2879,896,1983,2308,240,261,7,7,1,17,0,0,38,2879,0,ITC,ITC3,7,Liguria,Liguria,1550640,95744,6.17,0.19
850,2021-04-01,LIG,12378,5468,6910,437,239,142,939,345,3490,3710,2546,188,342,9608,2770,ITC,ITC3,7,Liguria,Liguria,1550640,108122,6.97,0.8
851,2021-01-20,LIG,1550,555,995,728,332,480,2,0,2,0,0,0,6,1538,12,ITC,ITC3,7,Liguria,Liguria,1550640,109672,7.07,0.1
852,2021-01-10,LIG,648,262,386,369,101,176,0,1,0,0,0,0,1,648,0,ITC,ITC3,7,Liguria,Liguria,1550640,110320,7.11,0.04
853,2021-04-03,LIG,5406,2498,2908,117,79,3,19,136,2420,1395,1125,9,103,4463,943,ITC,ITC3,7,Liguria,Liguria,1550640,115726,7.46,0.35
854,2021-01-15,LIG,2257,754,1503,1328,350,517,2,8,1,2,1,0,48,2257,0,ITC,ITC3,7,Liguria,Liguria,1550640,117983,7.61,0.15
855,2021-02-02,LIG,2668,1005,1663,1974,216,464,2,2,0,0,0,0,10,134,2534,ITC,ITC3,7,Liguria,Liguria,1550640,120651,7.78,0.17
856,2021-01-06,LIG,1660,616,1044,1230,142,113,3,36,10,65,0,0,61,1660,0,ITC,ITC3,7,Liguria,Liguria,1550640,122311,7.89,0.11
857,2021-01-28,LIG,2847,971,1876,2239,270,310,5,0,1,1,0,1,20,39,2808,ITC,ITC3,7,Liguria,Liguria,1550640,125158,8.07,0.18
858,2021-05-09,LIG,2820,1242,1578,123,61,4,70,111,1014,428,790,16,203,1110,1710,ITC,ITC3,7,Liguria,Liguria,1550640,127978,8.25,0.18
859,2021-04-07,LIG,13586,6032,7554,442,288,108,574,491,4246,4295,2631,150,361,11297,2289,ITC,ITC3,7,Liguria,Liguria,1550640,141564,9.13,0.88
860,2021-01-02,LIG,691,245,446,595,95,0,0,0,0,0,0,0,1,691,0,ITC,ITC3,7,Liguria,Liguria,1550640,142255,9.17,0.04
861,2021-05-05,LIG,13680,6124,7556,534,202,118,18,2572,4620,2989,2172,132,323,5269,8411,ITC,ITC3,7,Liguria,Liguria,1550640,155935,10.06,0.88
862,2021-04-09,LIG,12405,5550,6855,545,354,110,582,442,4131,3625,2243,61,312,10677,1728,ITC,ITC3,7,Liguria,Liguria,1550640,168340,10.86,0.8
863,2021-01-11,LIG,2654,990,1664,1992,314,315,1,7,0,0,1,0,24,2654,0,ITC,ITC3,7,Liguria,Liguria,1550640,170994,11.03,0.17
864,2021-01-14,LIG,2981,1055,1926,1871,524,553,1,5,0,0,0,2,25,2981,0,ITC,ITC3,7,Liguria,Liguria,1550640,173975,11.22,0.19
865,2021-03-03,LIG,4582,1847,2735,1040,203,308,4,5,5,2982,0,4,31,3556,1026,ITC,ITC3,7,Liguria,Liguria,1550640,178557,11.52,0.3
866,2021-01-09,LIG,1335,481,854,999,131,188,2,4,0,0,0,1,10,1335,0,ITC,ITC3,7,Liguria,Liguria,1550640,179892,11.6,0.09
867,2021-02-16,LIG,2397,954,1443,984,238,283,2,19,4,704,12,0,151,2004,393,ITC,ITC3,7,Liguria,Liguria,1550640,182289,11.76,0.15
868,2021-05-06,LIG,14407,6362,8045,657,340,114,51,3126,4349,2877,2431,155,307,6108,8299,ITC,ITC3,7,Liguria,Liguria,1550640,196696,12.68,0.93
869,2021-04-24,LIG,8169,3785,4384,137,116,58,4,1871,2566,1293,1903,8,213,5017,3152,ITC,ITC3,7,Liguria,Liguria,1550640,204865,13.21,0.53
870,2021-04-18,LIG,2604,1161,1443,216,93,44,1,20,826,519,879,0,6,2135,469,ITC,ITC3,7,Liguria,Liguria,1550640,207469,13.38,0.17
871,2021-02-10,LIG,2312,837,1475,1365,395,513,5,6,2,5,0,0,21,1020,1292,ITC,ITC3,7,Liguria,Liguria,1550640,209781,13.53,0.15
872,2021-05-18,LIG,10021,4515,5506,458,149,13,56,1705,2487,1266,1688,183,2016,7475,2546,ITC,ITC3,7,Liguria,Liguria,1550640,219802,14.17,0.65
873,2021-04-29,LIG,15546,6971,8575,554,228,142,527,3461,4706,2934,2632,82,280,6727,8819,ITC,ITC3,7,Liguria,Liguria,1550640,235348,15.18,1.0
874,2021-01-31,LIG,624,270,354,418,71,135,0,0,0,0,0,0,0,9,615,ITC,ITC3,7,Liguria,Liguria,1550640,235972,15.22,0.04
875,2021-02-20,LIG,1336,637,699,160,107,123,0,34,5,589,0,4,314,1335,1,ITC,ITC3,7,Liguria,Liguria,1550640,237308,15.3,0.09
876,2021-05-04,LIG,13598,6081,7517,489,103,126,17,2807,4455,3025,2184,89,303,5371,8227,ITC,ITC3,7,Liguria,Liguria,1550640,250906,16.18,0.88
877,2021-01-21,LIG,1102,385,717,584,159,332,0,2,2,1,0,0,22,672,430,ITC,ITC3,7,Liguria,Liguria,1550640,252008,16.25,0.07
878,2021-02-23,LIG,3806,1559,2247,688,163,116,1,5,5,2749,42,4,33,3697,109,ITC,ITC3,7,Liguria,Liguria,1550640,255814,16.5,0.25
879,2021-02-26,LIG,3765,1524,2241,782,147,168,2,16,26,2609,0,0,15,3437,328,ITC,ITC3,7,Liguria,Liguria,1550640,259579,16.74,0.24
880,2021-04-30,LIG,14317,6382,7935,346,172,76,513,2958,4281,2923,2717,57,274,5748,8569,ITC,ITC3,7,Liguria,Liguria,1550640,273896,17.66,0.92
881,2021-02-13,LIG,1080,508,572,543,80,148,0,0,0,257,0,2,50,800,280,ITC,ITC3,7,Liguria,Liguria,1550640,274976,17.73,0.07
882,2021-02-12,LIG,1924,689,1235,873,204,395,1,2,1,431,0,7,10,899,1025,ITC,ITC3,7,Liguria,Liguria,1550640,276900,17.86,0.12
883,2021-02-24,LIG,3763,1560,2203,806,193,153,1,2,6,2583,1,0,18,3505,258,ITC,ITC3,7,Liguria,Liguria,1550640,280663,18.1,0.24
884,2021-03-06,LIG,3303,1841,1462,377,151,120,1,58,6,1538,0,559,493,2598,705,ITC,ITC3,7,Liguria,Liguria,1550640,283966,18.31,0.21
885,2021-05-10,LIG,12480,5496,6984,528,180,44,13,2704,3640,2677,2282,30,382,6119,6361,ITC,ITC3,7,Liguria,Liguria,1550640,296446,19.12,0.8
886,2021-04-11,LIG,4249,1931,2318,67,55,25,73,66,2116,627,1175,10,35,4000,249,ITC,ITC3,7,Liguria,Liguria,1550640,300695,19.39,0.27
887,2021-03-20,LIG,2316,995,1321,224,81,0,0,12,44,1857,12,67,19,1142,1174,ITC,ITC3,7,Liguria,Liguria,1550640,303011,19.54,0.15
888,2021-02-17,LIG,2688,1181,1507,908,203,299,2,15,8,1121,0,8,124,2263,425,ITC,ITC3,7,Liguria,Liguria,1550640,305699,19.71,0.17
889,2021-01-25,LIG,2725,889,1836,2211,176,321,2,5,1,0,0,0,9,478,2247,ITC,ITC3,7,Liguria,Liguria,1550640,308424,19.89,0.18
890,2021-04-12,LIG,12384,5475,6909,536,229,117,45,539,4164,4209,2154,68,323,10365,2019,ITC,ITC3,7,Liguria,Liguria,1550640,320808,20.69,0.8
891,2021-03-10,LIG,5878,2840,3038,827,349,95,1,23,28,3752,42,612,149,3972,1906,ITC,ITC3,7,Liguria,Liguria,1550640,326686,21.07,0.38
892,2021-03-31,LIG,11844,5207,6637,527,179,103,879,352,2612,4217,2444,219,312,9074,2770,ITC,ITC3,7,Liguria,Liguria,1550640,338530,21.83,0.76
893,2021-04-22,LIG,13809,6190,7619,531,166,50,534,2708,3374,3007,2959,135,345,8745,5064,ITC,ITC3,7,Liguria,Liguria,1550640,352339,22.72,0.89
894,2021-03-27,LIG,3921,1538,2383,176,175,36,706,26,89,2058,502,92,61,2525,1396,ITC,ITC3,7,Liguria,Liguria,1550640,356260,22.98,0.25
895,2021-04-08,LIG,13726,6157,7569,685,322,110,651,461,4357,3932,2795,76,337,11682,2044,ITC,ITC3,7,Liguria,Liguria,1550640,369986,23.86,0.89
896,2021-03-02,LIG,4074,1689,2385,728,92,76,4,8,16,3089,42,3,16,3764,310,ITC,ITC3,7,Liguria,Liguria,1550640,374060,24.12,0.26
897,2021-03-30,LIG,12147,5379,6768,485,256,152,849,317,2410,4296,2814,279,289,8758,3389,ITC,ITC3,7,Liguria,Liguria,1550640,386207,24.91,0.78
898,2021-05-02,LIG,3872,1768,2104,51,20,2,1,275,2277,402,786,2,56,500,3372,ITC,ITC3,7,Liguria,Liguria,1550640,390079,25.16,0.25
899,2021-03-01,LIG,3500,1427,2073,528,81,106,1,4,6,2751,0,0,23,3378,122,ITC,ITC3,7,Liguria,Liguria,1550640,393579,25.38,0.23
900,2021-03-08,LIG,5622,2456,3166,1124,319,80,7,35,15,3570,11,384,77,3933,1689,ITC,ITC3,7,Liguria,Liguria,1550640,399201,25.74,0.36
901,2021-05-07,LIG,13559,6022,7537,595,381,52,35,2524,4105,2654,2536,141,536,5794,7765,ITC,ITC3,7,Liguria,Liguria,1550640,412760,26.62,0.87
902,2021-04-17,LIG,7369,3213,4156,202,174,160,3,1206,2594,1494,1366,8,162,6619,750,ITC,ITC3,7,Liguria,Liguria,1550640,420129,27.09,0.48
903,2021-04-06,LIG,13169,5856,7313,543,268,208,553,374,4064,4151,2494,134,380,10929,2240,ITC,ITC3,7,Liguria,Liguria,1550640,433298,27.94,0.85
904,2021-01-23,LIG,809,295,514,633,129,43,1,2,1,0,0,0,0,153,656,ITC,ITC3,7,Liguria,Liguria,1550640,434107,28.0,0.05
905,2021-04-26,LIG,10424,4903,5521,355,113,123,3,3402,2503,1363,2344,58,160,7809,2615,ITC,ITC3,7,Liguria,Liguria,1550640,444531,28.67,0.67
906,2021-03-17,LIG,5553,2369,3184,782,156,93,8,20,74,4260,109,4,47,2474,3079,ITC,ITC3,7,Liguria,Liguria,1550640,450084,29.03,0.36
907,2021-05-13,LIG,12966,5827,7139,553,201,53,46,2997,2772,2268,2605,85,1386,8810,4156,ITC,ITC3,7,Liguria,Liguria,1550640,463050,29.86,0.84
908,2021-02-04,LIG,2816,985,1831,1866,462,471,8,0,0,0,0,1,8,179,2637,ITC,ITC3,7,Liguria,Liguria,1550640,465866,30.04,0.18
909,2021-02-15,LIG,2264,839,1425,1091,216,241,2,12,1,664,0,1,36,1867,397,ITC,ITC3,7,Liguria,Liguria,1550640,468130,30.19,0.15
910,2021-02-28,LIG,1060,581,479,12,2,4,0,63,7,474,0,0,498,1051,9,ITC,ITC3,7,Liguria,Liguria,1550640,469190,30.26,0.07
911,2020-12-30,LIG,12,5,7,12,0,0,0,0,0,0,0,0,0,12,0,ITC,ITC3,7,Liguria,Liguria,1550640,469202,30.26,0.0
912,2021-05-17,LIG,11711,5311,6400,462,218,32,192,2076,2763,1536,1938,214,2280,8434,3277,ITC,ITC3,7,Liguria,Liguria,1550640,480913,31.01,0.76
913,2021-02-09,LIG,1936,689,1247,1099,325,475,22,2,0,0,0,0,13,257,1679,ITC,ITC3,7,Liguria,Liguria,1550640,482849,31.14,0.12
914,2021-03-22,LIG,7660,3398,4262,580,192,83,879,125,97,4086,1106,371,141,4728,2932,ITC,ITC3,7,Liguria,Liguria,1550640,490509,31.63,0.49
915,2021-05-14,LIG,12878,5648,7230,447,240,52,389,2391,3126,2189,2267,22,1755,8583,4295,ITC,ITC3,7,Liguria,Liguria,1550640,503387,32.46,0.83
916,2021-01-17,LIG,861,300,561,516,30,262,1,4,2,0,0,0,46,861,0,ITC,ITC3,7,Liguria,Liguria,1550640,504248,32.52,0.06
917,2021-04-05,LIG,3976,1751,2225,188,44,10,10,141,921,2211,338,5,108,2327,1649,ITC,ITC3,7,Liguria,Liguria,1550640,508224,32.78,0.26
918,2021-02-07,LIG,407,153,254,191,18,187,0,0,0,0,9,0,2,2,405,ITC,ITC3,7,Liguria,Liguria,1550640,508631,32.8,0.03
919,2021-03-11,LIG,6352,3054,3298,1146,170,262,2,43,39,3800,90,723,77,4346,2006,ITC,ITC3,7,Liguria,Liguria,1550640,514983,33.21,0.41
920,2021-01-04,LIG,2617,855,1762,2199,158,176,3,22,3,0,1,0,55,2617,0,ITC,ITC3,7,Liguria,Liguria,1550640,517600,33.38,0.17
921,2021-05-03,LIG,13265,5920,7345,353,193,101,24,3652,3300,2936,2349,93,264,6454,6811,ITC,ITC3,7,Liguria,Liguria,1550640,530865,34.24,0.86
922,2021-04-25,LIG,1936,921,1015,12,2,0,0,676,739,162,340,0,5,1521,415,ITC,ITC3,7,Liguria,Liguria,1550640,532801,34.36,0.12
923,2021-04-23,LIG,14647,6630,8017,357,226,82,544,3312,3464,3266,3019,90,287,8542,6105,ITC,ITC3,7,Liguria,Liguria,1550640,547448,35.3,0.94
924,2020-12-31,LIG,989,354,635,751,34,155,0,4,10,28,0,0,7,989,0,ITC,ITC3,7,Liguria,Liguria,1550640,548437,35.37,0.06
925,2021-02-21,LIG,869,491,378,183,21,102,0,38,4,267,0,0,254,865,4,ITC,ITC3,7,Liguria,Liguria,1550640,549306,35.42,0.06
926,2021-03-15,LIG,7302,3076,4226,819,338,106,962,127,83,3782,628,304,153,4598,2704,ITC,ITC3,7,Liguria,Liguria,1550640,556608,35.9,0.47
927,2021-02-06,LIG,1892,768,1124,1310,186,375,1,0,1,0,0,0,19,145,1747,ITC,ITC3,7,Liguria,Liguria,1550640,558500,36.02,0.12
928,2021-04-13,LIG,13053,5860,7193,514,228,112,103,594,4635,4365,2141,88,273,11034,2019,ITC,ITC3,7,Liguria,Liguria,1550640,571553,36.86,0.84
929,2021-01-13,LIG,2755,1014,1741,1913,307,487,4,8,7,1,0,0,28,2755,0,ITC,ITC3,7,Liguria,Liguria,1550640,574308,37.04,0.18
930,2021-01-03,LIG,734,230,504,658,62,0,1,2,0,0,0,0,11,734,0,ITC,ITC3,7,Liguria,Liguria,1550640,575042,37.08,0.05
931,2021-01-30,LIG,1661,567,1094,1261,121,257,2,6,0,0,0,0,14,25,1636,ITC,ITC3,7,Liguria,Liguria,1550640,576703,37.19,0.11
932,2021-04-16,LIG,11977,5283,6694,494,249,163,43,1841,3396,3461,2036,77,217,10166,1811,ITC,ITC3,7,Liguria,Liguria,1550640,588680,37.96,0.77
933,2021-01-19,LIG,1371,438,933,718,313,330,3,1,0,0,0,0,6,1281,90,ITC,ITC3,7,Liguria,Liguria,1550640,590051,38.05,0.09
934,2021-04-20,LIG,14212,6504,7708,463,130,170,378,3170,3311,3468,2787,18,317,9863,4349,ITC,ITC3,7,Liguria,Liguria,1550640,604263,38.97,0.92
935,2021-02-05,LIG,2675,986,1689,1744,418,494,4,1,1,0,0,0,13,304,2371,ITC,ITC3,7,Liguria,Liguria,1550640,606938,39.14,0.17
936,2021-02-03,LIG,2316,792,1524,1628,224,416,1,7,4,0,0,0,36,55,2261,ITC,ITC3,7,Liguria,Liguria,1550640,609254,39.29,0.15
937,2020-12-28,LIG,80,30,50,77,0,0,0,1,0,1,0,0,1,80,0,ITC,ITC3,7,Liguria,Liguria,1550640,609334,39.3,0.01
938,2021-03-23,LIG,9036,4082,4954,662,222,126,1310,151,105,4054,1660,583,163,5827,3209,ITC,ITC3,7,Liguria,Liguria,1550640,618370,39.88,0.58
939,2021-05-01,LIG,7134,3255,3879,167,63,24,3,693,3865,926,1236,6,151,1332,5802,ITC,ITC3,7,Liguria,Liguria,1550640,625504,40.34,0.46
940,2021-03-24,LIG,8945,3836,5109,524,236,103,1344,154,140,4342,1391,556,155,5656,3289,ITC,ITC3,7,Liguria,Liguria,1550640,634449,40.92,0.58
941,2021-05-11,LIG,13656,6171,7485,438,135,65,66,3024,4270,2518,2283,20,837,7066,6590,ITC,ITC3,7,Liguria,Liguria,1550640,648105,41.8,0.88
942,2021-02-25,LIG,3454,1349,2105,555,138,92,1,7,2,2586,42,3,28,3324,130,ITC,ITC3,7,Liguria,Liguria,1550640,651559,42.02,0.22
943,2021-01-24,LIG,756,237,519,632,61,60,0,0,0,0,0,0,3,113,643,ITC,ITC3,7,Liguria,Liguria,1550640,652315,42.07,0.05
944,2021-03-25,LIG,9596,4081,5515,662,266,172,1614,151,259,3736,2064,524,148,6203,3393,ITC,ITC3,7,Liguria,Liguria,1550640,661911,42.69,0.62
945,2021-03-07,LIG,1857,1084,773,184,200,258,1,29,3,509,0,404,269,1556,301,ITC,ITC3,7,Liguria,Liguria,1550640,663768,42.81,0.12
946,2020-12-27,LIG,135,56,79,88,0,45,0,0,0,0,0,0,2,135,0,ITC,ITC3,7,Liguria,Liguria,1550640,663903,42.81,0.01
947,2021-04-14,LIG,13020,5655,7365,461,291,125,61,566,4742,4364,2130,38,242,10817,2203,ITC,ITC3,7,Liguria,Liguria,1550640,676923,43.65,0.84
948,2021-03-04,LIG,4738,2118,2620,923,171,290,4,3,8,2922,42,327,48,3891,847,ITC,ITC3,7,Liguria,Liguria,1550640,681661,43.96,0.31
949,2021-03-09,LIG,5932,2754,3178,1040,317,132,2,51,45,3586,42,629,88,4503,1429,ITC,ITC3,7,Liguria,Liguria,1550640,687593,44.34,0.38
950,2021-04-27,LIG,14740,6678,8062,324,171,104,320,3773,3740,3276,2739,42,251,7161,7579,ITC,ITC3,7,Liguria,Liguria,1550640,702333,45.29,0.95
951,2021-01-26,LIG,2484,803,1681,1965,253,252,5,1,0,0,1,0,7,13,2471,ITC,ITC3,7,Liguria,Liguria,1550640,704817,45.45,0.16
952,2021-04-19,LIG,12812,5617,7195,560,170,103,247,2647,2920,3346,2561,35,223,9003,3809,ITC,ITC3,7,Liguria,Liguria,1550640,717629,46.28,0.83
953,2021-05-15,LIG,7039,3129,3910,189,72,6,316,1085,2100,607,1608,7,1049,4274,2765,ITC,ITC3,7,Liguria,Liguria,1550640,724668,46.73,0.45
954,2021-01-27,LIG,1744,603,1141,1337,169,226,1,0,0,0,0,0,11,141,1603,ITC,ITC3,7,Liguria,Liguria,1550640,726412,46.85,0.11
955,2021-03-14,LIG,1658,752,906,66,68,176,431,70,13,577,3,52,202,1054,604,ITC,ITC3,7,Liguria,Liguria,1550640,728070,46.95,0.11
956,2021-04-21,LIG,14236,6428,7808,518,195,61,498,2660,3511,3672,2756,78,287,8913,5323,ITC,ITC3,7,Liguria,Liguria,1550640,742306,47.87,0.92
957,2021-05-08,LIG,7527,3330,4197,140,154,135,4,982,3001,1331,1561,13,206,2322,5205,ITC,ITC3,7,Liguria,Liguria,1550640,749833,48.36,0.49
958,2021-02-14,LIG,233,122,111,31,0,112,0,0,0,60,0,0,30,233,0,ITC,ITC3,7,Liguria,Liguria,1550640,750066,48.37,0.02
959,2021-01-12,LIG,2460,886,1574,1750,250,439,2,2,1,0,0,1,15,2460,0,ITC,ITC3,7,Liguria,Liguria,1550640,752526,48.53,0.16
960,2021-04-15,LIG,11815,5217,6598,490,257,140,58,485,3984,3712,2410,76,203,9964,1851,ITC,ITC3,7,Liguria,Liguria,1550640,764341,49.29,0.76
961,2021-03-28,LIG,1142,511,631,135,92,145,0,25,86,532,86,2,39,391,751,ITC,ITC3,7,Liguria,Liguria,1550640,765483,49.37,0.07
962,2021-03-19,LIG,5296,2235,3061,735,202,137,83,54,80,3703,165,88,49,2149,3147,ITC,ITC3,7,Liguria,Liguria,1550640,770779,49.71,0.34
963,2021-03-29,LIG,10442,4511,5931,467,259,119,884,255,1567,3962,2396,205,328,7312,3130,ITC,ITC3,7,Liguria,Liguria,1550640,781221,50.38,0.67
964,2021-02-01,LIG,2558,923,1635,1948,203,383,1,6,0,0,1,0,16,90,2468,ITC,ITC3,7,Liguria,Liguria,1550640,783779,50.55,0.16
965,2021-02-08,LIG,1977,742,1235,1255,367,311,7,11,4,1,0,0,21,306,1671,ITC,ITC3,7,Liguria,Liguria,1550640,785756,50.67,0.13
966,2021-03-21,LIG,552,221,331,7,3,0,0,0,13,525,1,0,3,69,483,ITC,ITC3,7,Liguria,Liguria,1550640,786308,50.71,0.04
967,2021-01-29,LIG,3079,1064,2015,2312,300,441,2,4,0,0,0,0,20,67,3012,ITC,ITC3,7,Liguria,Liguria,1550640,789387,50.91,0.2
968,2021-02-27,LIG,1888,921,967,139,18,5,0,61,0,1205,0,0,460,1759,129,ITC,ITC3,7,Liguria,Liguria,1550640,791275,51.03,0.12
969,2021-01-22,LIG,1816,604,1212,1066,175,565,0,2,0,2,1,0,5,1330,486,ITC,ITC3,7,Liguria,Liguria,1550640,793091,51.15,0.12
970,2021-03-18,LIG,4982,2124,2858,636,87,98,5,63,80,3691,219,6,97,2009,2973,ITC,ITC3,7,Liguria,Liguria,1550640,798073,51.47,0.32
971,2021-03-05,LIG,4869,2150,2719,801,221,81,5,5,8,3339,6,365,38,3737,1132,ITC,ITC3,7,Liguria,Liguria,1550640,802942,51.78,0.31
972,2021-05-16,LIG,3644,1839,1805,20,103,0,258,223,543,166,844,7,1480,2109,1535,ITC,ITC3,7,Liguria,Liguria,1550640,806586,52.02,0.23
973,2020-12-31,EMR,2207,777,1430,1676,96,330,0,9,5,13,0,0,78,2207,0,ITH,ITH5,8,Emilia-Romagna,Emilia-Romagna,4459477,2207,0.05,0.05
974,2021-04-12,EMR,19176,8978,10198,440,170,313,62,388,4521,6699,6450,95,38,14746,4430,ITH,ITH5,8,Emilia-Romagna,Emilia-Romagna,4459477,21383,0.48,0.43
975,2021-02-07,EMR,4793,1537,3256,3689,565,447,3,8,1,10,0,0,70,1732,3061,ITH,ITH5,8,Emilia-Romagna,Emilia-Romagna,4459477,26176,0.59,0.11
976,2021-03-28,EMR,12971,5769,7202,297,143,50,327,61,4005,5051,2705,258,74,9337,3634,ITH,ITH5,8,Emilia-Romagna,Emilia-Romagna,4459477,39147,0.88,0.29
977,2021-05-14,EMR,35681,16450,19231,456,90,114,1536,14259,3089,1332,10707,44,4054,26285,9396,ITH,ITH5,8,Emilia-Romagna,Emilia-Romagna,4459477,74828,1.68,0.8
978,2021-01-17,EMR,2890,887,2003,1914,378,547,4,14,5,2,0,0,26,2644,246,ITH,ITH5,8,Emilia-Romagna,Emilia-Romagna,4459477,77718,1.74,0.06
979,2021-03-19,EMR,15573,6779,8794,1135,565,118,343,79,895,10577,963,764,134,7727,7846,ITH,ITH5,8,Emilia-Romagna,Emilia-Romagna,4459477,93291,2.09,0.35
980,2021-05-13,EMR,35329,16281,19048,387,138,116,949,14140,3276,2048,8790,46,5439,27619,7710,ITH,ITH5,8,Emilia-Romagna,Emilia-Romagna,4459477,128620,2.88,0.79
981,2021-04-06,EMR,24611,11106,13505,639,207,197,410,239,5967,11506,5213,86,147,19875,4736,ITH,ITH5,8,Emilia-Romagna,Emilia-Romagna,4459477,153231,3.44,0.55
982,2021-04-26,EMR,27814,12891,14923,905,245,170,17,1283,8845,5593,10469,136,151,18524,9290,ITH,ITH5,8,Emilia-Romagna,Emilia-Romagna,4459477,181045,4.06,0.62
983,2021-03-20,EMR,16071,6825,9246,702,385,98,832,57,2957,9369,939,578,154,9107,6964,ITH,ITH5,8,Emilia-Romagna,Emilia-Romagna,4459477,197116,4.42,0.36
984,2021-03-05,EMR,17651,5740,11911,3087,857,272,5962,59,40,6396,111,544,323,14214,3437,ITH,ITH5,8,Emilia-Romagna,Emilia-Romagna,4459477,214767,4.82,0.4
985,2021-01-11,EMR,9335,3269,6066,6582,1348,1267,0,25,5,4,0,0,104,9335,0,ITH,ITH5,8,Emilia-Romagna,Emilia-Romagna,4459477,224102,5.03,0.21
986,2021-01-25,EMR,6436,2137,4299,5253,317,679,0,21,2,3,0,0,161,201,6235,ITH,ITH5,8,Emilia-Romagna,Emilia-Romagna,4459477,230538,5.17,0.14
987,2021-04-11,EMR,15220,6907,8313,413,141,104,59,358,2376,6873,4703,77,116,12189,3031,ITH,ITH5,8,Emilia-Romagna,Emilia-Romagna,4459477,245758,5.51,0.34
988,2021-01-30,EMR,10077,3519,6558,7568,1400,801,0,45,5,2,0,0,256,141,9936,ITH,ITH5,8,Emilia-Romagna,Emilia-Romagna,4459477,255835,5.74,0.23
989,2021-01-21,EMR,2156,727,1429,1287,156,653,0,9,1,0,0,0,50,811,1345,ITH,ITH5,8,Emilia-Romagna,Emilia-Romagna,4459477,257991,5.79,0.05
990,2021-05-07,EMR,34461,16572,17889,685,178,201,242,7582,4007,2395,18119,61,991,22676,11785,ITH,ITH5,8,Emilia-Romagna,Emilia-Romagna,4459477,292452,6.56,0.77
991,2021-04-04,EMR,9884,4718,5166,187,113,0,58,145,1630,4658,2878,54,161,7615,2269,ITH,ITH5,8,Emilia-Romagna,Emilia-Romagna,4459477,302336,6.78,0.22
992,2021-03-16,EMR,12239,5025,7214,418,93,116,123,34,113,10914,389,9,30,4932,7307,ITH,ITH5,8,Emilia-Romagna,Emilia-Romagna,4459477,314575,7.05,0.27
993,2021-04-22,EMR,28958,13403,15555,570,133,147,41,291,8354,8361,11007,14,40,14936,14022,ITH,ITH5,8,Emilia-Romagna,Emilia-Romagna,4459477,343533,7.7,0.65
994,2021-01-22,EMR,1828,477,1351,937,66,727,0,19,1,10,0,0,68,1088,740,ITH,ITH5,8,Emilia-Romagna,Emilia-Romagna,4459477,345361,7.74,0.04
995,2021-04-21,EMR,23844,10923,12921,384,89,79,48,207,7838,6772,8401,7,19,14135,9709,ITH,ITH5,8,Emilia-Romagna,Emilia-Romagna,4459477,369205,8.28,0.53
996,2021-04-17,EMR,26964,12898,14066,393,148,66,57,356,8434,4213,13210,24,63,17694,9270,ITH,ITH5,8,Emilia-Romagna,Emilia-Romagna,4459477,396169,8.88,0.6
997,2021-03-10,EMR,18675,7649,11026,1315,586,143,4543,28,66,10046,286,1594,68,13035,5640,ITH,ITH5,8,Emilia-Romagna,Emilia-Romagna,4459477,414844,9.3,0.42
998,2021-04-18,EMR,17442,8370,9072,265,164,152,26,219,6264,2348,7968,15,21,12533,4909,ITH,ITH5,8,Emilia-Romagna,Emilia-Romagna,4459477,432286,9.69,0.39
999,2021-03-06,EMR,20574,5872,14702,2720,413,49,10414,66,46,5920,111,565,270,17846,2728,ITH,ITH5,8,Emilia-Romagna,Emilia-Romagna,4459477,452860,10.16,0.46
1000,2021-03-14,EMR,8693,3744,4949,728,212,69,927,16,66,5531,650,407,87,4897,3796,ITH,ITH5,8,Emilia-Romagna,Emilia-Romagna,4459477,461553,10.35,0.19
1001,2021-04-13,EMR,23564,11035,12529,487,145,186,51,346,10340,6153,5728,51,77,19279,4285,ITH,ITH5,8,Emilia-Romagna,Emilia-Romagna,4459477,485117,10.88,0.53
1002,2021-02-02,EMR,9479,3049,6430,6243,1348,1633,1,27,4,127,6,0,90,526,8953,ITH,ITH5,8,Emilia-Romagna,Emilia-Romagna,4459477,494596,11.09,0.21
1003,2021-04-03,EMR,19929,8762,11167,376,192,39,429,194,2855,10579,5084,76,105,16191,3738,ITH,ITH5,8,Emilia-Romagna,Emilia-Romagna,4459477,514525,11.54,0.45
1004,2021-01-31,EMR,7695,2761,4934,6174,1124,263,0,16,12,32,0,0,74,241,7454,ITH,ITH5,8,Emilia-Romagna,Emilia-Romagna,4459477,522220,11.71,0.17
1005,2021-03-17,EMR,13714,5690,8024,366,137,108,19,52,399,11884,672,1,76,5869,7845,ITH,ITH5,8,Emilia-Romagna,Emilia-Romagna,4459477,535934,12.02,0.31
1006,2021-01-06,EMR,8265,2943,5322,6854,641,649,0,13,9,44,0,1,54,8265,0,ITH,ITH5,8,Emilia-Romagna,Emilia-Romagna,4459477,544199,12.2,0.19
1007,2021-02-25,EMR,9228,3497,5731,799,187,157,95,47,41,7673,30,0,199,8274,954,ITH,ITH5,8,Emilia-Romagna,Emilia-Romagna,4459477,553427,12.41,0.21
1008,2021-01-26,EMR,8334,3000,5334,6609,537,1031,0,22,2,5,0,0,128,215,8119,ITH,ITH5,8,Emilia-Romagna,Emilia-Romagna,4459477,561761,12.6,0.19
1009,2021-04-24,EMR,28565,13212,15353,499,247,37,37,384,7207,8598,11427,32,97,14358,14207,ITH,ITH5,8,Emilia-Romagna,Emilia-Romagna,4459477,590326,13.24,0.64
1010,2021-02-04,EMR,9932,3203,6729,6437,1465,1675,0,39,11,160,5,0,140,1251,8681,ITH,ITH5,8,Emilia-Romagna,Emilia-Romagna,4459477,600258,13.46,0.22
1011,2021-04-27,EMR,29818,13786,16032,827,167,146,26,3372,7733,7165,9977,181,224,17370,12448,ITH,ITH5,8,Emilia-Romagna,Emilia-Romagna,4459477,630076,14.13,0.67
1012,2021-03-29,EMR,21173,9425,11748,696,205,118,640,129,5519,9296,4261,204,105,16527,4646,ITH,ITH5,8,Emilia-Romagna,Emilia-Romagna,4459477,651249,14.6,0.47
1013,2021-03-15,EMR,13237,6064,7173,812,461,190,541,25,101,9158,811,1075,63,6742,6495,ITH,ITH5,8,Emilia-Romagna,Emilia-Romagna,4459477,664486,14.9,0.3
1014,2021-01-10,EMR,7130,2665,4465,5648,951,499,1,4,1,7,0,0,19,7130,0,ITH,ITH5,8,Emilia-Romagna,Emilia-Romagna,4459477,671616,15.06,0.16
1015,2021-01-12,EMR,9410,3111,6299,6377,1182,1690,0,31,2,33,0,0,95,9410,0,ITH,ITH5,8,Emilia-Romagna,Emilia-Romagna,4459477,681026,15.27,0.21
1016,2021-01-13,EMR,9071,2940,6131,6009,916,1745,1,39,12,91,0,0,258,9071,0,ITH,ITH5,8,Emilia-Romagna,Emilia-Romagna,4459477,690097,15.47,0.2
1017,2021-03-21,EMR,11916,5270,6646,567,357,114,587,32,2734,6116,804,501,104,7312,4604,ITH,ITH5,8,Emilia-Romagna,Emilia-Romagna,4459477,702013,15.74,0.27
1018,2021-04-23,EMR,29517,13792,15725,507,127,136,55,300,7172,9023,12143,21,33,14668,14849,ITH,ITH5,8,Emilia-Romagna,Emilia-Romagna,4459477,731530,16.4,0.66
1019,2021-02-26,EMR,7865,2995,4870,1060,360,258,312,24,28,5606,60,0,157,6819,1046,ITH,ITH5,8,Emilia-Romagna,Emilia-Romagna,4459477,739395,16.58,0.18
1020,2021-02-06,EMR,7599,2405,5194,5380,862,1221,0,13,4,51,0,1,67,2130,5469,ITH,ITH5,8,Emilia-Romagna,Emilia-Romagna,4459477,746994,16.75,0.17
1021,2021-04-16,EMR,28750,13530,15220,617,153,92,71,379,10523,5828,10935,37,115,19940,8810,ITH,ITH5,8,Emilia-Romagna,Emilia-Romagna,4459477,775744,17.4,0.64
1022,2021-05-05,EMR,29331,13643,15688,1234,134,71,198,7099,4367,4187,11467,84,490,18112,11219,ITH,ITH5,8,Emilia-Romagna,Emilia-Romagna,4459477,805075,18.05,0.66
1023,2021-02-05,EMR,9314,2966,6348,6218,1148,1611,1,19,9,223,3,0,82,1637,7677,ITH,ITH5,8,Emilia-Romagna,Emilia-Romagna,4459477,814389,18.26,0.21
1024,2021-05-01,EMR,28371,12760,15611,600,139,10,53,4468,5015,6095,11943,19,29,15603,12768,ITH,ITH5,8,Emilia-Romagna,Emilia-Romagna,4459477,842760,18.9,0.64
1025,2021-01-24,EMR,2443,885,1558,2080,93,249,0,5,1,0,0,0,15,299,2144,ITH,ITH5,8,Emilia-Romagna,Emilia-Romagna,4459477,845203,18.95,0.05
1026,2021-04-02,EMR,23269,10478,12791,733,312,110,947,341,3822,10965,5730,227,82,18812,4457,ITH,ITH5,8,Emilia-Romagna,Emilia-Romagna,4459477,868472,19.47,0.52
1027,2021-02-13,EMR,3625,1085,2540,2790,382,144,0,8,7,244,0,0,50,3027,598,ITH,ITH5,8,Emilia-Romagna,Emilia-Romagna,4459477,872097,19.56,0.08
1028,2021-03-22,EMR,17452,7645,9807,1135,425,169,600,50,3598,9567,1241,588,79,10589,6863,ITH,ITH5,8,Emilia-Romagna,Emilia-Romagna,4459477,889549,19.95,0.39
1029,2021-03-24,EMR,21050,9291,11759,1215,377,124,1731,270,3449,10636,2707,394,147,13679,7371,ITH,ITH5,8,Emilia-Romagna,Emilia-Romagna,4459477,910599,20.42,0.47
1030,2021-03-23,EMR,18692,8064,10628,1126,486,196,1362,80,3703,9340,1868,438,93,12006,6686,ITH,ITH5,8,Emilia-Romagna,Emilia-Romagna,4459477,929291,20.84,0.42
1031,2021-03-04,EMR,16416,5343,11073,2614,603,254,5459,50,55,6405,163,512,301,13411,3005,ITH,ITH5,8,Emilia-Romagna,Emilia-Romagna,4459477,945707,21.21,0.37
1032,2021-04-10,EMR,20848,9262,11586,515,209,88,188,194,4088,8961,6510,24,71,16720,4128,ITH,ITH5,8,Emilia-Romagna,Emilia-Romagna,4459477,966555,21.67,0.47
1033,2021-05-08,EMR,31045,14527,16518,462,118,60,362,7403,3541,1898,16701,37,463,19690,11355,ITH,ITH5,8,Emilia-Romagna,Emilia-Romagna,4459477,997600,22.37,0.7
1034,2021-02-08,EMR,5227,1532,3695,2840,577,1485,1,10,8,247,0,0,59,2313,2914,ITH,ITH5,8,Emilia-Romagna,Emilia-Romagna,4459477,1002827,22.49,0.12
1035,2021-04-08,EMR,30670,14058,16612,2479,575,222,314,401,6639,11049,8622,135,234,25396,5274,ITH,ITH5,8,Emilia-Romagna,Emilia-Romagna,4459477,1033497,23.18,0.69
1036,2021-04-19,EMR,20813,9749,11064,329,108,164,25,172,8519,3390,8042,22,42,14559,6254,ITH,ITH5,8,Emilia-Romagna,Emilia-Romagna,4459477,1054310,23.64,0.47
1037,2021-02-01,EMR,10318,3609,6709,7472,1502,1260,0,13,7,0,0,0,64,362,9956,ITH,ITH5,8,Emilia-Romagna,Emilia-Romagna,4459477,1064628,23.87,0.23
1038,2021-04-29,EMR,44693,21001,23692,1413,267,103,72,7181,7529,8749,18911,70,398,27158,17535,ITH,ITH5,8,Emilia-Romagna,Emilia-Romagna,4459477,1109321,24.88,1.0
1039,2021-02-22,EMR,7481,3091,4390,389,110,130,0,12,25,6797,9,0,9,7206,275,ITH,ITH5,8,Emilia-Romagna,Emilia-Romagna,4459477,1116802,25.04,0.17
1040,2021-05-12,EMR,37894,17838,20056,401,112,139,1156,12601,3140,2083,12906,58,5298,28361,9533,ITH,ITH5,8,Emilia-Romagna,Emilia-Romagna,4459477,1154696,25.89,0.85
1041,2021-05-18,EMR,16540,7652,8888,936,225,14,709,4836,1008,497,5418,541,2356,10126,6414,ITH,ITH5,8,Emilia-Romagna,Emilia-Romagna,4459477,1171236,26.26,0.37
1042,2021-05-06,EMR,35339,16339,19000,1780,441,110,221,7244,5204,3913,15752,71,603,22362,12977,ITH,ITH5,8,Emilia-Romagna,Emilia-Romagna,4459477,1206575,27.06,0.79
1043,2021-01-16,EMR,5626,1718,3908,3690,694,1136,1,18,2,0,0,3,82,5626,0,ITH,ITH5,8,Emilia-Romagna,Emilia-Romagna,4459477,1212201,27.18,0.13
1044,2021-03-12,EMR,18076,7528,10548,1585,898,311,3032,47,73,9902,461,1554,213,11359,6717,ITH,ITH5,8,Emilia-Romagna,Emilia-Romagna,4459477,1230277,27.59,0.41
1045,2021-04-01,EMR,23860,10725,13135,1027,268,146,995,217,4249,11359,5331,171,97,19329,4531,ITH,ITH5,8,Emilia-Romagna,Emilia-Romagna,4459477,1254137,28.12,0.54
1046,2021-01-19,EMR,2045,505,1540,747,133,1161,0,0,0,0,0,0,4,2028,17,ITH,ITH5,8,Emilia-Romagna,Emilia-Romagna,4459477,1256182,28.17,0.05
1047,2021-02-03,EMR,9340,2992,6348,6235,1177,1659,0,29,15,126,7,1,91,973,8367,ITH,ITH5,8,Emilia-Romagna,Emilia-Romagna,4459477,1265522,28.38,0.21
1048,2021-01-18,EMR,3127,879,2248,1682,239,1129,0,12,0,3,0,0,62,2449,678,ITH,ITH5,8,Emilia-Romagna,Emilia-Romagna,4459477,1268649,28.45,0.07
1049,2021-01-03,EMR,2754,941,1813,2504,61,170,0,3,0,0,0,0,16,2754,0,ITH,ITH5,8,Emilia-Romagna,Emilia-Romagna,4459477,1271403,28.51,0.06
1050,2021-01-04,EMR,7270,2514,4756,6173,350,578,0,16,9,43,0,1,100,7270,0,ITH,ITH5,8,Emilia-Romagna,Emilia-Romagna,4459477,1278673,28.67,0.16
1051,2021-05-16,EMR,25203,11842,13361,384,76,5,709,10051,1398,514,8008,102,3956,18133,7070,ITH,ITH5,8,Emilia-Romagna,Emilia-Romagna,4459477,1303876,29.24,0.57
1052,2021-01-15,EMR,7744,2403,5341,5304,946,1319,1,15,11,61,0,0,87,7744,0,ITH,ITH5,8,Emilia-Romagna,Emilia-Romagna,4459477,1311620,29.41,0.17
1053,2021-05-02,EMR,25434,11587,13847,578,123,63,58,5157,4478,6122,8708,98,49,13449,11985,ITH,ITH5,8,Emilia-Romagna,Emilia-Romagna,4459477,1337054,29.98,0.57
1054,2021-03-08,EMR,12069,4975,7094,2308,612,324,2386,19,39,4341,82,1814,144,9398,2671,ITH,ITH5,8,Emilia-Romagna,Emilia-Romagna,4459477,1349123,30.25,0.27
1055,2021-05-04,EMR,28527,13364,15163,658,135,95,57,5989,4898,6521,9948,44,182,14879,13648,ITH,ITH5,8,Emilia-Romagna,Emilia-Romagna,4459477,1377650,30.89,0.64
1056,2021-01-29,EMR,10410,3497,6913,8108,1084,1060,1,32,7,11,0,0,107,289,10121,ITH,ITH5,8,Emilia-Romagna,Emilia-Romagna,4459477,1388060,31.13,0.23
1057,2021-02-12,EMR,5320,1679,3641,3399,772,706,0,10,19,358,11,0,45,3917,1403,ITH,ITH5,8,Emilia-Romagna,Emilia-Romagna,4459477,1393380,31.25,0.12
1058,2021-03-01,EMR,10085,3574,6511,1835,340,434,1254,25,38,5619,65,311,164,7832,2253,ITH,ITH5,8,Emilia-Romagna,Emilia-Romagna,4459477,1403465,31.47,0.23
1059,2021-03-30,EMR,23272,10286,12986,870,246,164,1187,125,5418,10716,4290,140,116,18239,5033,ITH,ITH5,8,Emilia-Romagna,Emilia-Romagna,4459477,1426737,31.99,0.52
1060,2021-04-09,EMR,25401,11527,13874,1372,276,207,433,263,4866,10683,7187,83,31,19754,5647,ITH,ITH5,8,Emilia-Romagna,Emilia-Romagna,4459477,1452138,32.56,0.57
1061,2021-04-15,EMR,28922,13775,15147,942,208,142,50,299,10059,5823,11233,34,132,19282,9640,ITH,ITH5,8,Emilia-Romagna,Emilia-Romagna,4459477,1481060,33.21,0.65
1062,2021-04-30,EMR,36470,16715,19755,1259,259,119,100,5624,7401,7550,13780,79,299,21692,14778,ITH,ITH5,8,Emilia-Romagna,Emilia-Romagna,4459477,1517530,34.03,0.82
1063,2021-02-18,EMR,7039,2892,4147,894,180,236,0,4,13,5672,26,1,13,6456,583,ITH,ITH5,8,Emilia-Romagna,Emilia-Romagna,4459477,1524569,34.19,0.16
1064,2021-03-31,EMR,25124,10947,14177,1172,288,123,1287,188,4697,12487,4587,160,135,19667,5457,ITH,ITH5,8,Emilia-Romagna,Emilia-Romagna,4459477,1549693,34.75,0.56
1065,2021-01-09,EMR,9945,3440,6505,7868,1067,889,0,18,2,2,0,0,99,9945,0,ITH,ITH5,8,Emilia-Romagna,Emilia-Romagna,4459477,1559638,34.97,0.22
1066,2021-02-16,EMR,5766,2443,3323,745,339,437,0,8,7,4207,8,2,13,5235,531,ITH,ITH5,8,Emilia-Romagna,Emilia-Romagna,4459477,1565404,35.1,0.13
1067,2021-02-17,EMR,6538,2764,3774,804,258,404,0,10,15,4989,25,0,33,5765,773,ITH,ITH5,8,Emilia-Romagna,Emilia-Romagna,4459477,1571942,35.25,0.15
1068,2021-05-11,EMR,34812,16333,18479,347,56,108,770,13856,2927,1629,10397,67,4655,27701,7111,ITH,ITH5,8,Emilia-Romagna,Emilia-Romagna,4459477,1606754,36.03,0.78
1069,2021-02-24,EMR,9323,3556,5767,652,156,228,65,50,29,7854,19,0,270,8443,880,ITH,ITH5,8,Emilia-Romagna,Emilia-Romagna,4459477,1616077,36.24,0.21
1070,2021-05-17,EMR,29580,14083,15497,476,204,28,895,9701,1921,1010,9919,749,4677,20414,9166,ITH,ITH5,8,Emilia-Romagna,Emilia-Romagna,4459477,1645657,36.9,0.66
1071,2021-01-08,EMR,10837,3570,7267,8468,1135,1089,1,25,3,5,0,1,110,10837,0,ITH,ITH5,8,Emilia-Romagna,Emilia-Romagna,4459477,1656494,37.15,0.24
1072,2021-02-27,EMR,10965,3999,6966,1731,245,122,941,37,30,7755,8,0,96,9227,1738,ITH,ITH5,8,Emilia-Romagna,Emilia-Romagna,4459477,1667459,37.39,0.25
1073,2021-04-25,EMR,22312,10216,12096,777,128,6,32,254,6810,4121,9860,160,164,14808,7504,ITH,ITH5,8,Emilia-Romagna,Emilia-Romagna,4459477,1689771,37.89,0.5
1074,2021-02-19,EMR,7327,3010,4317,821,214,257,0,4,18,5959,33,0,21,6813,514,ITH,ITH5,8,Emilia-Romagna,Emilia-Romagna,4459477,1697098,38.06,0.16
1075,2021-05-03,EMR,27788,13128,14660,478,113,65,93,8659,5133,4712,8360,24,151,16923,10865,ITH,ITH5,8,Emilia-Romagna,Emilia-Romagna,4459477,1724886,38.68,0.62
1076,2021-04-05,EMR,14855,6807,8048,283,89,6,243,74,2915,7583,3593,30,39,11962,2893,ITH,ITH5,8,Emilia-Romagna,Emilia-Romagna,4459477,1739741,39.01,0.33
1077,2021-02-21,EMR,4450,1708,2742,396,108,190,0,4,11,3708,18,0,15,4010,440,ITH,ITH5,8,Emilia-Romagna,Emilia-Romagna,4459477,1744191,39.11,0.1
1078,2021-04-28,EMR,32626,15066,17560,861,144,118,156,5256,7234,6787,11731,45,294,19745,12881,ITH,ITH5,8,Emilia-Romagna,Emilia-Romagna,4459477,1776817,39.84,0.73
1079,2021-02-14,EMR,1401,378,1023,860,363,39,0,19,5,19,1,0,95,1281,120,ITH,ITH5,8,Emilia-Romagna,Emilia-Romagna,4459477,1778218,39.88,0.03
1080,2021-03-26,EMR,23407,9897,13510,1422,600,233,2650,174,4779,9348,3788,278,135,16974,6433,ITH,ITH5,8,Emilia-Romagna,Emilia-Romagna,4459477,1801625,40.4,0.52
1081,2021-02-28,EMR,6822,2527,4295,1775,248,53,304,29,17,4251,8,4,133,4976,1846,ITH,ITH5,8,Emilia-Romagna,Emilia-Romagna,4459477,1808447,40.55,0.15
1082,2021-02-09,EMR,4152,1247,2905,2219,376,1199,0,2,15,278,0,0,63,2306,1846,ITH,ITH5,8,Emilia-Romagna,Emilia-Romagna,4459477,1812599,40.65,0.09
1083,2021-05-10,EMR,33301,15844,17457,358,120,83,190,14061,3197,1522,10797,55,2918,26094,7207,ITH,ITH5,8,Emilia-Romagna,Emilia-Romagna,4459477,1845900,41.39,0.75
1084,2021-01-05,EMR,9347,3167,6180,7929,552,769,0,18,4,0,1,0,74,9347,0,ITH,ITH5,8,Emilia-Romagna,Emilia-Romagna,4459477,1855247,41.6,0.21
1085,2021-05-09,EMR,24139,11555,12584,213,65,13,62,7848,2598,751,11910,23,656,17190,6949,ITH,ITH5,8,Emilia-Romagna,Emilia-Romagna,4459477,1879386,42.14,0.54
1086,2021-01-02,EMR,2353,905,1448,2075,57,198,0,3,0,2,0,0,18,2353,0,ITH,ITH5,8,Emilia-Romagna,Emilia-Romagna,4459477,1881739,42.2,0.05
1087,2021-01-20,EMR,1323,270,1053,393,131,787,0,0,0,1,0,0,11,1322,1,ITH,ITH5,8,Emilia-Romagna,Emilia-Romagna,4459477,1883062,42.23,0.03
1088,2020-12-27,EMR,970,372,598,825,5,26,0,24,1,0,0,0,89,970,0,ITH,ITH5,8,Emilia-Romagna,Emilia-Romagna,4459477,1884032,42.25,0.02
1089,2021-04-20,EMR,22530,10363,12167,302,84,58,30,212,7741,5586,8471,21,25,14201,8329,ITH,ITH5,8,Emilia-Romagna,Emilia-Romagna,4459477,1906562,42.75,0.51
1090,2021-03-11,EMR,17219,7114,10105,1138,839,319,3837,35,52,8852,425,1532,190,11367,5852,ITH,ITH5,8,Emilia-Romagna,Emilia-Romagna,4459477,1923781,43.14,0.39
1091,2021-01-07,EMR,10221,3386,6835,8192,856,1068,0,20,5,3,0,0,77,10221,0,ITH,ITH5,8,Emilia-Romagna,Emilia-Romagna,4459477,1934002,43.37,0.23
1092,2021-04-07,EMR,25744,11698,14046,665,188,158,360,371,5596,12979,5249,78,100,19741,6003,ITH,ITH5,8,Emilia-Romagna,Emilia-Romagna,4459477,1959746,43.95,0.58
1093,2021-03-03,EMR,15804,5241,10563,2534,525,155,4852,51,48,6848,95,342,354,13342,2462,ITH,ITH5,8,Emilia-Romagna,Emilia-Romagna,4459477,1975550,44.3,0.35
1094,2021-03-18,EMR,13672,5806,7866,449,150,94,49,47,474,10854,1357,5,193,5673,7999,ITH,ITH5,8,Emilia-Romagna,Emilia-Romagna,4459477,1989222,44.61,0.31
1095,2021-02-23,EMR,8214,3218,4996,408,147,113,1,24,22,7456,23,0,20,7828,386,ITH,ITH5,8,Emilia-Romagna,Emilia-Romagna,4459477,1997436,44.79,0.18
1096,2021-01-28,EMR,10244,3336,6908,8076,861,1127,0,28,10,0,0,0,142,349,9895,ITH,ITH5,8,Emilia-Romagna,Emilia-Romagna,4459477,2007680,45.02,0.23
1097,2021-03-07,EMR,6854,2637,4217,1458,338,22,1252,10,14,2599,565,560,36,5337,1517,ITH,ITH5,8,Emilia-Romagna,Emilia-Romagna,4459477,2014534,45.17,0.15
1098,2021-01-14,EMR,8099,2578,5521,5401,920,1607,0,39,7,5,1,1,118,8099,0,ITH,ITH5,8,Emilia-Romagna,Emilia-Romagna,4459477,2022633,45.36,0.18
1099,2021-04-14,EMR,26894,12766,14128,676,193,138,71,528,10064,7422,7713,59,30,20827,6067,ITH,ITH5,8,Emilia-Romagna,Emilia-Romagna,4459477,2049527,45.96,0.6
1100,2021-01-23,EMR,2447,870,1577,1900,86,433,0,5,1,2,0,0,20,443,2004,ITH,ITH5,8,Emilia-Romagna,Emilia-Romagna,4459477,2051974,46.01,0.05
1101,2021-03-02,EMR,11816,3893,7923,1974,409,232,3048,42,40,5419,41,373,238,9795,2021,ITH,ITH5,8,Emilia-Romagna,Emilia-Romagna,4459477,2063790,46.28,0.26
1102,2021-02-11,EMR,4250,1416,2834,2533,528,719,2,15,18,374,3,0,58,3410,840,ITH,ITH5,8,Emilia-Romagna,Emilia-Romagna,4459477,2068040,46.37,0.1
1103,2021-03-13,EMR,16045,6299,9746,1251,479,81,3991,52,55,8277,566,1124,169,10733,5312,ITH,ITH5,8,Emilia-Romagna,Emilia-Romagna,4459477,2084085,46.73,0.36
1104,2021-03-25,EMR,21364,9334,12030,1103,351,165,2089,157,3063,9933,3623,725,155,14377,6987,ITH,ITH5,8,Emilia-Romagna,Emilia-Romagna,4459477,2105449,47.21,0.48
1105,2021-03-09,EMR,14651,5951,8700,1029,456,228,3596,21,56,7704,186,1332,43,10696,3955,ITH,ITH5,8,Emilia-Romagna,Emilia-Romagna,4459477,2120100,47.54,0.33
1106,2021-02-10,EMR,4015,1381,2634,2398,357,780,0,23,15,317,9,0,116,2761,1254,ITH,ITH5,8,Emilia-Romagna,Emilia-Romagna,4459477,2124115,47.63,0.09
1107,2021-03-27,EMR,21548,9019,12529,757,295,48,2340,118,4191,9572,3830,242,155,14653,6895,ITH,ITH5,8,Emilia-Romagna,Emilia-Romagna,4459477,2145663,48.11,0.48
1108,2021-01-27,EMR,8359,2947,5412,6907,653,672,0,26,4,2,0,1,94,464,7895,ITH,ITH5,8,Emilia-Romagna,Emilia-Romagna,4459477,2154022,48.3,0.19
1109,2021-02-20,EMR,5317,2094,3223,408,116,155,0,7,21,4591,5,0,14,5053,264,ITH,ITH5,8,Emilia-Romagna,Emilia-Romagna,4459477,2159339,48.42,0.12
1110,2021-02-15,EMR,2900,849,2051,1985,369,160,0,3,9,326,18,0,30,2774,126,ITH,ITH5,8,Emilia-Romagna,Emilia-Romagna,4459477,2162239,48.49,0.07
1111,2021-05-15,EMR,32182,14502,17680,330,85,9,2238,11410,2420,1518,10109,34,4029,22093,10089,ITH,ITH5,8,Emilia-Romagna,Emilia-Romagna,4459477,2194421,49.21,0.72
1112,2021-04-10,CAM,28342,13486,14856,259,61,90,735,334,7069,6313,12857,213,411,23427,4915,ITF,ITF3,15,Campania,Campania,5801692,28342,0.49,0.49
1113,2021-04-04,CAM,7956,4010,3946,177,28,6,73,51,1216,1996,4045,63,301,6913,1043,ITF,ITF3,15,Campania,Campania,5801692,36298,0.63,0.14
1114,2021-05-12,CAM,40785,19908,20877,107,266,19,946,6835,4196,1680,11956,655,14125,31655,9130,ITF,ITF3,15,Campania,Campania,5801692,77083,1.33,0.7
1115,2021-04-28,CAM,36389,17610,18779,168,46,55,226,7010,6952,3705,15799,335,2093,26646,9743,ITF,ITF3,15,Campania,Campania,5801692,113472,1.96,0.63
1116,2021-04-02,CAM,21733,10411,11322,264,48,108,1063,138,6337,3967,8559,516,733,19412,2321,ITF,ITF3,15,Campania,Campania,5801692,135205,2.33,0.37
1117,2021-02-19,CAM,9570,3559,6011,1663,169,161,2207,103,35,4457,0,0,775,8920,650,ITF,ITF3,15,Campania,Campania,5801692,144775,2.5,0.16
1118,2021-01-12,CAM,5214,2563,2651,3439,722,340,0,104,29,7,0,0,573,5214,0,ITF,ITF3,15,Campania,Campania,5801692,149989,2.59,0.09
1119,2021-03-26,CAM,19452,8925,10527,363,40,142,1634,100,3149,7624,5468,463,469,15642,3810,ITF,ITF3,15,Campania,Campania,5801692,169441,2.92,0.34
1120,2021-02-11,CAM,6278,2704,3574,1861,279,129,0,238,90,2410,0,0,1271,6212,66,ITF,ITF3,15,Campania,Campania,5801692,175719,3.03,0.11
1121,2021-01-01,CAM,919,506,413,831,85,0,0,2,0,0,0,0,1,919,0,ITF,ITF3,15,Campania,Campania,5801692,176638,3.04,0.02
1122,2021-02-22,CAM,10681,3295,7386,545,60,144,5557,63,38,3899,0,0,375,10418,263,ITF,ITF3,15,Campania,Campania,5801692,187319,3.23,0.18
1123,2021-01-18,CAM,957,399,558,576,93,187,0,12,4,17,0,0,68,713,244,ITF,ITF3,15,Campania,Campania,5801692,188276,3.25,0.02
1124,2021-04-03,CAM,21108,10312,10796,203,50,186,558,107,5969,4524,8850,207,454,18731,2377,ITF,ITF3,15,Campania,Campania,5801692,209384,3.61,0.36
1125,2021-01-16,CAM,3369,1675,1694,1355,230,373,0,231,63,32,0,0,1085,3369,0,ITF,ITF3,15,Campania,Campania,5801692,212753,3.67,0.06
1126,2021-02-08,CAM,5112,2449,2663,1387,320,226,0,327,180,1436,0,0,1236,4310,802,ITF,ITF3,15,Campania,Campania,5801692,217865,3.76,0.09
1127,2021-04-01,CAM,24335,11686,12649,416,63,104,1626,171,4312,7033,9396,571,643,20203,4132,ITF,ITF3,15,Campania,Campania,5801692,242200,4.17,0.42
1128,2021-03-13,CAM,14249,6794,7455,403,136,193,3683,84,27,6714,0,2325,684,8967,5282,ITF,ITF3,15,Campania,Campania,5801692,256449,4.42,0.25
1129,2021-01-06,CAM,7652,3750,3902,5780,838,300,0,116,29,4,0,0,585,7652,0,ITF,ITF3,15,Campania,Campania,5801692,264101,4.55,0.13
1130,2021-03-16,CAM,8086,3519,4567,289,61,60,112,47,85,6876,235,29,292,3772,4314,ITF,ITF3,15,Campania,Campania,5801692,272187,4.69,0.14
1131,2021-03-12,CAM,14246,7095,7151,1022,156,82,2803,114,56,6604,0,2438,971,8164,6082,ITF,ITF3,15,Campania,Campania,5801692,286433,4.94,0.25
1132,2021-01-29,CAM,10052,4812,5240,6405,1052,259,0,307,75,19,0,0,1935,47,10005,ITF,ITF3,15,Campania,Campania,5801692,296485,5.11,0.17
1133,2021-04-12,CAM,23302,10918,12384,149,64,68,218,1028,10305,3274,7757,128,311,20265,3037,ITF,ITF3,15,Campania,Campania,5801692,319787,5.51,0.4
1134,2021-05-16,CAM,50978,23120,27858,282,107,2,5583,4621,2844,1283,18831,204,17221,33449,17529,ITF,ITF3,15,Campania,Campania,5801692,370765,6.39,0.88
1135,2021-05-04,CAM,48393,23321,25072,202,117,106,235,11778,7376,2117,17172,517,8773,39510,8883,ITF,ITF3,15,Campania,Campania,5801692,419158,7.22,0.83
1136,2020-12-27,CAM,720,422,298,703,14,0,0,0,1,0,0,0,2,720,0,ITF,ITF3,15,Campania,Campania,5801692,419878,7.24,0.01
1137,2021-04-15,CAM,34329,16655,17674,313,46,21,319,4262,7015,6171,15626,121,435,24435,9894,ITF,ITF3,15,Campania,Campania,5801692,454207,7.83,0.59
1138,2021-04-18,CAM,27209,13279,13930,108,23,7,240,3940,5520,5396,11734,84,157,18315,8894,ITF,ITF3,15,Campania,Campania,5801692,481416,8.3,0.47
1139,2021-02-16,CAM,5437,2411,3026,983,277,169,1,118,43,3190,0,0,656,4666,771,ITF,ITF3,15,Campania,Campania,5801692,486853,8.39,0.09
1140,2021-02-27,CAM,13949,4473,9476,825,290,82,8313,248,112,3184,0,0,895,12307,1642,ITF,ITF3,15,Campania,Campania,5801692,500802,8.63,0.24
1141,2021-02-17,CAM,7388,3210,4178,1013,208,38,362,129,70,4913,0,0,655,6328,1060,ITF,ITF3,15,Campania,Campania,5801692,508190,8.76,0.13
1142,2021-04-21,CAM,30205,14715,15490,103,43,6,265,5932,7876,3718,11921,103,238,17980,12225,ITF,ITF3,15,Campania,Campania,5801692,538395,9.28,0.52
1143,2021-01-25,CAM,5744,2926,2818,4743,644,56,0,46,13,2,0,0,240,164,5580,ITF,ITF3,15,Campania,Campania,5801692,544139,9.38,0.1
1144,2021-01-09,CAM,10567,5024,5543,6760,1256,269,0,253,64,21,0,0,1944,10567,0,ITF,ITF3,15,Campania,Campania,5801692,554706,9.56,0.18
1145,2021-04-24,CAM,36290,17507,18783,147,36,7,372,4560,8219,4164,18178,142,465,25054,11236,ITF,ITF3,15,Campania,Campania,5801692,590996,10.19,0.63
1146,2021-02-18,CAM,9080,3812,5268,1752,241,89,438,142,57,5562,0,1,798,8372,708,ITF,ITF3,15,Campania,Campania,5801692,600076,10.34,0.16
1147,2021-01-08,CAM,10455,4968,5487,6714,1147,212,0,309,80,18,0,0,1975,10455,0,ITF,ITF3,15,Campania,Campania,5801692,610531,10.52,0.18
1148,2021-04-11,CAM,17523,8606,8917,116,34,2,203,313,5111,1835,9600,83,226,15441,2082,ITF,ITF3,15,Campania,Campania,5801692,628054,10.83,0.3
1149,2021-05-18,CAM,35040,15761,19279,229,412,44,4921,4426,2399,963,10787,217,10642,20807,14233,ITF,ITF3,15,Campania,Campania,5801692,663094,11.43,0.6
1150,2021-05-11,CAM,39866,19243,20623,143,225,21,2190,6481,3771,1632,11013,480,13910,30500,9366,ITF,ITF3,15,Campania,Campania,5801692,702960,12.12,0.69
1151,2021-05-06,CAM,57236,27880,29356,247,129,110,293,8745,5748,3160,20057,364,18383,42797,14439,ITF,ITF3,15,Campania,Campania,5801692,760196,13.1,0.99
1152,2021-04-29,CAM,41275,20007,21268,267,106,76,674,7044,7480,3618,19974,344,1692,24805,16470,ITF,ITF3,15,Campania,Campania,5801692,801471,13.81,0.71
1153,2021-01-14,CAM,7073,2977,4096,3707,1264,350,0,206,61,14,0,0,1471,7073,0,ITF,ITF3,15,Campania,Campania,5801692,808544,13.94,0.12
1154,2021-02-25,CAM,12425,4478,7947,802,119,124,4809,144,81,5691,1,0,654,11237,1188,ITF,ITF3,15,Campania,Campania,5801692,820969,14.15,0.21
1155,2021-02-20,CAM,8574,3080,5494,1023,158,145,1977,57,13,4588,0,0,613,8271,303,ITF,ITF3,15,Campania,Campania,5801692,829543,14.3,0.15
1156,2021-04-27,CAM,32085,15582,16503,228,270,36,456,6666,6222,2863,14057,280,1007,24173,7912,ITF,ITF3,15,Campania,Campania,5801692,861628,14.85,0.55
1157,2021-02-14,CAM,3928,1923,2005,627,102,15,0,130,122,2475,0,0,457,3894,34,ITF,ITF3,15,Campania,Campania,5801692,865556,14.92,0.07
1158,2021-01-26,CAM,7340,3726,3614,5775,847,231,0,87,27,5,0,0,368,351,6989,ITF,ITF3,15,Campania,Campania,5801692,872896,15.05,0.13
1159,2021-05-03,CAM,40735,19878,20857,158,69,74,272,6903,8090,2223,14037,371,8538,28893,11842,ITF,ITF3,15,Campania,Campania,5801692,913631,15.75,0.7
1160,2021-04-13,CAM,26600,12679,13921,225,69,97,243,2699,11284,4204,7144,135,500,21071,5529,ITF,ITF3,15,Campania,Campania,5801692,940231,16.21,0.46
1161,2021-03-14,CAM,8502,3721,4781,328,115,2,2015,56,27,4563,0,975,421,4363,4139,ITF,ITF3,15,Campania,Campania,5801692,948733,16.35,0.15
1162,2021-02-10,CAM,6904,3413,3491,1945,284,98,0,448,235,2218,0,0,1676,6728,176,ITF,ITF3,15,Campania,Campania,5801692,955637,16.47,0.12
1163,2021-05-05,CAM,51055,24809,26246,219,106,241,255,13137,8035,1825,14230,412,12595,44687,6368,ITF,ITF3,15,Campania,Campania,5801692,1006692,17.35,0.88
1164,2021-04-20,CAM,31985,15484,16501,152,40,121,333,7679,7193,4691,11292,141,343,20681,11304,ITF,ITF3,15,Campania,Campania,5801692,1038677,17.9,0.55
1165,2021-02-06,CAM,5340,2665,2675,1990,520,458,0,427,176,58,0,0,1711,2102,3238,ITF,ITF3,15,Campania,Campania,5801692,1044017,18.0,0.09
1166,2021-01-10,CAM,8165,3736,4429,5179,1010,97,0,232,62,13,0,0,1572,8165,0,ITF,ITF3,15,Campania,Campania,5801692,1052182,18.14,0.14
1167,2021-01-30,CAM,10721,5079,5642,6930,1278,227,0,251,68,18,0,0,1949,38,10683,ITF,ITF3,15,Campania,Campania,5801692,1062903,18.32,0.18
1168,2021-04-25,CAM,30704,15167,15537,344,104,5,201,8494,5524,2257,13360,89,326,25316,5388,ITF,ITF3,15,Campania,Campania,5801692,1093607,18.85,0.53
1169,2021-01-05,CAM,7238,3637,3601,5811,923,106,0,68,20,4,0,0,306,7238,0,ITF,ITF3,15,Campania,Campania,5801692,1100845,18.97,0.12
1170,2021-05-09,CAM,43169,20276,22893,161,65,25,822,6759,5863,1743,13199,151,14381,32084,11085,ITF,ITF3,15,Campania,Campania,5801692,1144014,19.72,0.74
1171,2021-04-23,CAM,32286,15503,16783,161,42,68,319,5738,6224,3767,15464,180,323,23153,9133,ITF,ITF3,15,Campania,Campania,5801692,1176300,20.28,0.56
1172,2021-02-05,CAM,7261,3463,3798,3447,995,308,0,348,140,35,0,0,1988,2133,5128,ITF,ITF3,15,Campania,Campania,5801692,1183561,20.4,0.13
1173,2021-01-11,CAM,4072,1871,2201,2386,681,252,0,111,28,14,0,0,600,4072,0,ITF,ITF3,15,Campania,Campania,5801692,1187633,20.47,0.07
1174,2021-04-16,CAM,34301,16552,17749,237,50,108,314,3196,6273,6633,16844,277,369,23643,10658,ITF,ITF3,15,Campania,Campania,5801692,1221934,21.06,0.59
1175,2021-05-02,CAM,43468,21527,21941,130,37,5,305,7582,6671,1834,17106,213,9585,32135,11333,ITF,ITF3,15,Campania,Campania,5801692,1265402,21.81,0.75
1176,2021-03-17,CAM,11587,5098,6489,489,134,49,136,55,158,10012,141,43,370,5007,6580,ITF,ITF3,15,Campania,Campania,5801692,1276989,22.01,0.2
1177,2021-03-01,CAM,12127,4247,7880,1153,319,148,5789,304,181,3104,0,0,1129,8015,4112,ITF,ITF3,15,Campania,Campania,5801692,1289116,22.22,0.21
1178,2021-02-04,CAM,7943,3429,4514,3965,1245,292,0,328,140,25,0,0,1948,1308,6635,ITF,ITF3,15,Campania,Campania,5801692,1297059,22.36,0.14
1179,2021-03-02,CAM,12753,4553,8200,1294,197,148,5903,366,225,3279,0,2,1339,8409,4344,ITF,ITF3,15,Campania,Campania,5801692,1309812,22.58,0.22
1180,2021-01-23,CAM,3838,2028,1810,3161,343,69,0,40,8,0,0,0,217,273,3565,ITF,ITF3,15,Campania,Campania,5801692,1313650,22.64,0.07
1181,2021-03-22,CAM,12738,5919,6819,308,762,72,2465,80,3639,3503,588,921,400,10700,2038,ITF,ITF3,15,Campania,Campania,5801692,1326388,22.86,0.22
1182,2021-03-27,CAM,21270,10030,11240,356,39,63,1952,88,4051,7143,6936,210,432,17407,3863,ITF,ITF3,15,Campania,Campania,5801692,1347658,23.23,0.37
1183,2021-05-17,CAM,49190,21594,27596,266,338,8,8908,7729,3371,1527,18628,208,8207,24071,25119,ITF,ITF3,15,Campania,Campania,5801692,1396848,24.08,0.85
1184,2021-03-31,CAM,22678,10904,11774,340,85,114,1165,143,7472,5172,7333,307,547,19239,3439,ITF,ITF3,15,Campania,Campania,5801692,1419526,24.47,0.39
1185,2021-05-13,CAM,55355,24801,30554,280,281,16,5313,6631,4496,2235,19970,326,15807,39387,15968,ITF,ITF3,15,Campania,Campania,5801692,1474881,25.42,0.95
1186,2021-02-15,CAM,5470,2516,2954,987,238,94,1,98,64,3403,1,1,583,5297,173,ITF,ITF3,15,Campania,Campania,5801692,1480351,25.52,0.09
1187,2021-02-24,CAM,11788,4149,7639,845,194,150,4200,45,24,5965,1,0,364,11100,688,ITF,ITF3,15,Campania,Campania,5801692,1492139,25.72,0.2
1188,2021-02-28,CAM,10412,3206,7206,496,116,22,5496,303,139,2261,0,0,1579,8512,1900,ITF,ITF3,15,Campania,Campania,5801692,1502551,25.9,0.18
1189,2021-02-07,CAM,2929,1382,1547,706,189,225,0,260,155,342,0,0,1052,2158,771,ITF,ITF3,15,Campania,Campania,5801692,1505480,25.95,0.05
1190,2021-05-14,CAM,60776,27444,33332,309,282,73,6084,7367,5207,2664,25321,328,13141,36297,24479,ITF,ITF3,15,Campania,Campania,5801692,1566256,27.0,1.05
1191,2021-01-17,CAM,1155,551,604,718,54,151,0,22,7,3,0,0,200,702,453,ITF,ITF3,15,Campania,Campania,5801692,1567411,27.02,0.02
1192,2021-02-09,CAM,4643,2202,2441,1148,178,6,0,356,211,1381,0,0,1363,4391,252,ITF,ITF3,15,Campania,Campania,5801692,1572054,27.1,0.08
1193,2021-03-28,CAM,15551,7499,8052,79,156,18,679,55,3592,5103,5532,165,172,13928,1623,ITF,ITF3,15,Campania,Campania,5801692,1587605,27.36,0.27
1194,2021-04-06,CAM,24379,11423,12956,306,116,142,1552,102,10167,5376,5996,210,412,19858,4521,ITF,ITF3,15,Campania,Campania,5801692,1611984,27.78,0.42
1195,2020-12-31,CAM,1490,811,679,1273,150,1,0,11,2,0,0,0,53,1490,0,ITF,ITF3,15,Campania,Campania,5801692,1613474,27.81,0.03
1196,2021-03-20,CAM,13880,6428,7452,295,43,35,2880,76,1677,6504,772,1021,577,10141,3739,ITF,ITF3,15,Campania,Campania,5801692,1627354,28.05,0.24
1197,2021-04-26,CAM,33979,16626,17353,216,141,4,165,8367,4157,2349,18107,148,325,28356,5623,ITF,ITF3,15,Campania,Campania,5801692,1661333,28.64,0.59
1198,2021-02-21,CAM,5834,2239,3595,780,45,22,509,56,14,3871,0,0,537,5609,225,ITF,ITF3,15,Campania,Campania,5801692,1667167,28.74,0.1
1199,2021-03-19,CAM,11036,4870,6166,392,68,21,854,70,134,8445,474,139,439,7165,3871,ITF,ITF3,15,Campania,Campania,5801692,1678203,28.93,0.19
1200,2021-01-21,CAM,2092,1115,977,1379,153,74,0,95,32,22,0,0,337,676,1416,ITF,ITF3,15,Campania,Campania,5801692,1680295,28.96,0.04
1201,2021-03-29,CAM,18944,9132,9812,362,51,129,1197,83,4472,5050,6846,304,450,17400,1544,ITF,ITF3,15,Campania,Campania,5801692,1699239,29.29,0.33
1202,2021-05-10,CAM,35384,16367,19017,185,211,67,2790,6593,4382,1489,13060,251,6356,25493,9891,ITF,ITF3,15,Campania,Campania,5801692,1734623,29.9,0.61
1203,2021-02-26,CAM,13339,4230,9109,951,127,226,7832,131,65,3422,0,1,584,12004,1335,ITF,ITF3,15,Campania,Campania,5801692,1747962,30.13,0.23
1204,2021-03-18,CAM,12172,5378,6794,460,79,34,459,72,259,9982,232,99,496,5984,6188,ITF,ITF3,15,Campania,Campania,5801692,1760134,30.34,0.21
1205,2021-03-05,CAM,16479,6349,10130,1683,245,64,5788,320,141,6364,0,4,1870,9818,6661,ITF,ITF3,15,Campania,Campania,5801692,1776613,30.62,0.28
1206,2021-01-07,CAM,8910,4166,4744,6313,1087,332,0,193,29,11,0,0,945,8910,0,ITF,ITF3,15,Campania,Campania,5801692,1785523,30.78,0.15
1207,2021-04-22,CAM,33932,16525,17407,228,53,22,306,5245,6684,5076,15849,141,328,21531,12401,ITF,ITF3,15,Campania,Campania,5801692,1819455,31.36,0.58
1208,2021-03-06,CAM,16309,6753,9556,993,135,175,5486,250,170,7148,0,1105,847,10641,5668,ITF,ITF3,15,Campania,Campania,5801692,1835764,31.64,0.28
1209,2021-04-30,CAM,42226,20127,22099,314,68,107,1042,6345,8478,3527,19051,529,2765,25783,16443,ITF,ITF3,15,Campania,Campania,5801692,1877990,32.37,0.73
1210,2021-03-03,CAM,13918,5492,8426,2088,240,158,4231,469,251,4809,0,4,1668,7289,6629,ITF,ITF3,15,Campania,Campania,5801692,1891908,32.61,0.24
1211,2021-04-17,CAM,36160,17501,18659,217,41,7,433,4711,6958,6351,16962,140,340,24654,11506,ITF,ITF3,15,Campania,Campania,5801692,1928068,33.23,0.62
1212,2021-03-10,CAM,15245,7377,7868,705,246,26,2469,121,44,8444,1,2345,844,8412,6833,ITF,ITF3,15,Campania,Campania,5801692,1943313,33.5,0.26
1213,2021-05-07,CAM,59674,29163,30511,301,168,102,331,7562,5408,2632,19984,499,22687,43751,15923,ITF,ITF3,15,Campania,Campania,5801692,2002987,34.52,1.03
1214,2021-03-21,CAM,9986,4593,5393,168,28,17,1679,46,3789,2935,762,383,179,7596,2390,ITF,ITF3,15,Campania,Campania,5801692,2012973,34.7,0.17
1215,2021-03-08,CAM,14538,6716,7822,890,248,70,4957,156,78,4873,1,2275,990,9762,4776,ITF,ITF3,15,Campania,Campania,5801692,2027511,34.95,0.25
1216,2021-02-23,CAM,11003,3387,7616,520,87,295,5946,57,30,3760,0,0,308,10478,525,ITF,ITF3,15,Campania,Campania,5801692,2038514,35.14,0.19
1217,2021-01-22,CAM,1524,776,748,971,120,209,0,28,6,4,0,0,186,673,851,ITF,ITF3,15,Campania,Campania,5801692,2040038,35.16,0.03
1218,2021-02-12,CAM,6529,2861,3668,1886,307,208,4,160,69,3061,0,0,834,6343,186,ITF,ITF3,15,Campania,Campania,5801692,2046567,35.28,0.11
1219,2021-05-15,CAM,62566,28996,33570,289,301,14,3700,7736,4675,1913,27135,237,16566,43907,18659,ITF,ITF3,15,Campania,Campania,5801692,2109133,36.35,1.08
1220,2021-02-13,CAM,5508,2550,2958,960,114,131,2,160,127,3621,0,0,393,5291,217,ITF,ITF3,15,Campania,Campania,5801692,2114641,36.45,0.09
1221,2021-03-04,CAM,14658,5351,9307,1901,305,136,4841,303,98,5595,0,1,1478,8765,5893,ITF,ITF3,15,Campania,Campania,5801692,2129299,36.7,0.25
1222,2021-01-24,CAM,4128,2123,2005,3140,410,166,0,46,10,0,0,0,356,383,3745,ITF,ITF3,15,Campania,Campania,5801692,2133427,36.77,0.07
1223,2021-03-25,CAM,19991,9334,10657,307,52,8,2480,124,2560,7455,6030,395,580,16488,3503,ITF,ITF3,15,Campania,Campania,5801692,2153418,37.12,0.34
1224,2021-03-23,CAM,15330,7055,8275,359,491,181,3289,160,2744,4740,2113,577,676,12824,2506,ITF,ITF3,15,Campania,Campania,5801692,2168748,37.38,0.26
1225,2021-03-24,CAM,17612,8079,9533,410,99,70,2437,111,1941,6725,4803,621,395,14661,2951,ITF,ITF3,15,Campania,Campania,5801692,2186360,37.68,0.3
1226,2021-04-19,CAM,30705,14814,15891,177,51,91,243,7794,5424,5314,11224,123,264,19141,11564,ITF,ITF3,15,Campania,Campania,5801692,2217065,38.21,0.53
1227,2021-05-08,CAM,56324,27089,29235,190,124,5,721,7976,6703,3110,20403,256,16836,40523,15801,ITF,ITF3,15,Campania,Campania,5801692,2273389,39.18,0.97
1228,2021-02-01,CAM,3985,1813,2172,2504,656,152,0,102,26,14,0,0,531,110,3875,ITF,ITF3,15,Campania,Campania,5801692,2277374,39.25,0.07
1229,2021-03-09,CAM,13876,6636,7240,797,276,217,4187,177,49,4515,1,2516,1141,10095,3781,ITF,ITF3,15,Campania,Campania,5801692,2291250,39.49,0.24
1230,2021-01-27,CAM,7738,3820,3918,5839,875,270,0,118,32,4,0,0,600,163,7575,ITF,ITF3,15,Campania,Campania,5801692,2298988,39.63,0.13
1231,2021-01-20,CAM,1257,650,607,395,146,101,0,101,100,17,0,0,397,1257,0,ITF,ITF3,15,Campania,Campania,5801692,2300245,39.65,0.02
1232,2021-01-31,CAM,8067,3711,4356,5107,1012,67,0,238,61,12,0,0,1570,23,8044,ITF,ITF3,15,Campania,Campania,5801692,2308312,39.79,0.14
1233,2021-01-02,CAM,3673,1962,1711,3167,340,0,0,22,8,0,0,0,136,3673,0,ITF,ITF3,15,Campania,Campania,5801692,2311985,39.85,0.06
1234,2021-04-05,CAM,11636,5543,6093,141,23,6,432,31,2455,2879,5307,110,252,9214,2422,ITF,ITF3,15,Campania,Campania,5801692,2323621,40.05,0.2
1235,2021-01-19,CAM,1095,474,621,534,129,171,0,36,7,1,0,0,217,1092,3,ITF,ITF3,15,Campania,Campania,5801692,2324716,40.07,0.02
1236,2021-01-28,CAM,8832,4121,4711,6216,1094,347,0,190,32,12,0,0,941,134,8698,ITF,ITF3,15,Campania,Campania,5801692,2333548,40.22,0.15
1237,2021-01-04,CAM,5826,2963,2863,4850,679,0,0,45,5,1,0,0,246,5826,0,ITF,ITF3,15,Campania,Campania,5801692,2339374,40.32,0.1
1238,2021-04-09,CAM,29820,13948,15872,261,74,39,955,184,9294,7328,10731,354,600,23703,6117,ITF,ITF3,15,Campania,Campania,5801692,2369194,40.84,0.51
1239,2021-02-02,CAM,5723,2804,2919,3640,828,355,0,140,50,22,0,0,688,444,5279,ITF,ITF3,15,Campania,Campania,5801692,2374917,40.93,0.1
1240,2021-03-15,CAM,12931,6088,6843,819,142,78,2557,82,1445,6287,12,1066,443,8187,4744,ITF,ITF3,15,Campania,Campania,5801692,2387848,41.16,0.22
1241,2021-02-03,CAM,8902,4002,4900,4736,1101,714,0,295,74,34,0,0,1948,878,8024,ITF,ITF3,15,Campania,Campania,5801692,2396750,41.31,0.15
1242,2021-04-08,CAM,28263,13637,14626,283,130,58,1041,135,6668,7226,11876,401,445,22430,5833,ITF,ITF3,15,Campania,Campania,5801692,2425013,41.8,0.49
1243,2021-01-15,CAM,4980,2381,2599,2740,832,191,0,159,72,22,0,0,964,4980,0,ITF,ITF3,15,Campania,Campania,5801692,2429993,41.88,0.09
1244,2021-03-11,CAM,17578,8669,8909,1049,296,105,2834,180,87,8956,0,2959,1112,10300,7278,ITF,ITF3,15,Campania,Campania,5801692,2447571,42.19,0.3
1245,2021-04-14,CAM,27636,13330,14306,268,55,22,268,3203,11171,5110,7057,133,349,19071,8565,ITF,ITF3,15,Campania,Campania,5801692,2475207,42.66,0.48
1246,2021-05-01,CAM,46313,22652,23661,161,60,1,636,6332,6259,3671,22222,319,6652,30218,16095,ITF,ITF3,15,Campania,Campania,5801692,2521520,43.46,0.8
1247,2021-03-07,CAM,11911,5344,6567,533,110,85,4351,158,134,4030,0,1953,557,8068,3843,ITF,ITF3,15,Campania,Campania,5801692,2533431,43.67,0.21
1248,2021-01-03,CAM,3837,2009,1828,3191,401,0,0,31,6,0,0,0,208,3837,0,ITF,ITF3,15,Campania,Campania,5801692,2537268,43.73,0.07
1249,2021-03-30,CAM,21728,10271,11457,278,47,182,1833,155,5859,5689,6768,284,633,18769,2959,ITF,ITF3,15,Campania,Campania,5801692,2558996,44.11,0.37
1250,2021-01-13,CAM,8019,3665,4354,4350,1031,587,0,267,65,30,0,0,1689,8019,0,ITF,ITF3,15,Campania,Campania,5801692,2567015,44.25,0.14
1251,2021-04-07,CAM,24741,11771,12970,347,206,62,1043,135,7508,6623,8003,274,540,20019,4722,ITF,ITF3,15,Campania,Campania,5801692,2591756,44.67,0.43
1252,2021-02-18,LOM,14041,4926,9115,6165,1880,1594,28,13,18,3438,3,859,43,13013,1028,ITC,ITC4,3,Lombardia,Lombardia,10060574,14041,0.14,0.14
1253,2021-05-13,LOM,85900,41257,44643,2581,841,605,268,28156,11931,2765,29028,1278,8447,57996,27904,ITC,ITC4,3,Lombardia,Lombardia,10060574,99941,0.99,0.85
1254,2021-02-28,LOM,7889,3257,4632,1108,764,76,31,594,199,4343,0,88,686,7673,216,ITC,ITC4,3,Lombardia,Lombardia,10060574,107830,1.07,0.08
1255,2021-03-19,LOM,32394,12896,19498,2748,1934,1418,3009,69,115,22451,350,158,142,19215,13179,ITC,ITC4,3,Lombardia,Lombardia,10060574,140224,1.39,0.32
1256,2021-02-15,LOM,8915,3120,5795,6034,1677,1071,9,12,10,29,4,32,37,8494,421,ITC,ITC4,3,Lombardia,Lombardia,10060574,149139,1.48,0.09
1257,2021-04-06,LOM,43008,17549,25459,2180,1932,685,4532,281,557,27994,4407,128,312,25056,17952,ITC,ITC4,3,Lombardia,Lombardia,10060574,192147,1.91,0.43
1258,2021-01-08,LOM,12669,3913,8756,9967,2237,376,0,17,9,7,1,0,55,12669,0,ITC,ITC4,3,Lombardia,Lombardia,10060574,204816,2.04,0.13
1259,2020-12-30,LOM,114,42,72,106,7,0,0,0,0,0,0,0,1,114,0,ITC,ITC4,3,Lombardia,Lombardia,10060574,204930,2.04,0.0
1260,2021-03-28,LOM,20435,7789,12646,2017,1291,115,3875,197,427,11366,1008,34,105,14272,6163,ITC,ITC4,3,Lombardia,Lombardia,10060574,225365,2.24,0.2
1261,2020-12-31,LOM,713,300,413,657,56,0,0,0,0,0,0,0,0,713,0,ITC,ITC4,3,Lombardia,Lombardia,10060574,226078,2.25,0.01
1262,2021-02-21,LOM,5052,1862,3190,1766,910,57,3,2,14,2234,2,42,22,5034,18,ITC,ITC4,3,Lombardia,Lombardia,10060574,231130,2.3,0.05
1263,2021-02-09,LOM,12285,3344,8941,5753,2258,4128,4,16,5,79,4,2,36,4113,8172,ITC,ITC4,3,Lombardia,Lombardia,10060574,243415,2.42,0.12
1264,2021-04-02,LOM,41055,16795,24260,2553,1826,1167,4640,540,2174,24652,3027,130,346,26660,14395,ITC,ITC4,3,Lombardia,Lombardia,10060574,284470,2.83,0.41
1265,2021-01-12,LOM,20139,6677,13462,13562,4571,1743,0,21,13,116,2,1,110,20139,0,ITC,ITC4,3,Lombardia,Lombardia,10060574,304609,3.03,0.2
1266,2021-01-01,LOM,24,7,17,24,0,0,0,0,0,0,0,0,0,24,0,ITC,ITC4,3,Lombardia,Lombardia,10060574,304633,3.03,0.0
1267,2021-03-16,LOM,25474,10111,15363,3316,1463,1459,76,311,249,18139,28,17,416,16418,9056,ITC,ITC4,3,Lombardia,Lombardia,10060574,330107,3.28,0.25
1268,2021-01-21,LOM,5342,1569,3773,3025,1211,1025,0,8,4,7,1,0,61,4653,689,ITC,ITC4,3,Lombardia,Lombardia,10060574,335449,3.33,0.05
1269,2021-04-20,LOM,67593,30805,36788,1158,588,744,569,8887,34186,11078,9587,232,564,57277,10316,ITC,ITC4,3,Lombardia,Lombardia,10060574,403042,4.01,0.67
1270,2021-02-19,LOM,14115,5369,8746,5572,1753,1154,16,22,42,4543,2,930,81,13435,680,ITC,ITC4,3,Lombardia,Lombardia,10060574,417157,4.15,0.14
1271,2021-03-15,LOM,31568,11333,20235,4691,2871,882,8319,273,376,13103,8,637,408,23050,8518,ITC,ITC4,3,Lombardia,Lombardia,10060574,448725,4.46,0.31
1272,2021-05-10,LOM,85044,40817,44227,2614,632,322,455,29368,14257,2343,29027,1252,4774,63650,21394,ITC,ITC4,3,Lombardia,Lombardia,10060574,533769,5.31,0.85
1273,2021-04-28,LOM,95515,43584,51931,1410,657,782,316,23418,28621,23312,15990,310,699,68666,26849,ITC,ITC4,3,Lombardia,Lombardia,10060574,629284,6.25,0.95
1274,2021-03-12,LOM,35236,12948,22288,5135,3227,1507,7381,184,279,16072,10,1114,327,25031,10205,ITC,ITC4,3,Lombardia,Lombardia,10060574,664520,6.61,0.35
1275,2021-02-08,LOM,10079,2918,7161,5324,2252,2405,4,5,2,53,4,0,30,2139,7940,ITC,ITC4,3,Lombardia,Lombardia,10060574,674599,6.71,0.1
1276,2021-04-22,LOM,73709,33307,40402,1193,704,1331,440,11027,31858,15554,10869,185,548,57444,16265,ITC,ITC4,3,Lombardia,Lombardia,10060574,748308,7.44,0.73
1277,2021-03-10,LOM,33225,12725,20500,6908,3856,2102,5480,429,302,12093,9,1608,438,25371,7854,ITC,ITC4,3,Lombardia,Lombardia,10060574,781533,7.77,0.33
1278,2021-01-22,LOM,3105,866,2239,1582,619,881,0,2,3,13,0,0,5,3035,70,ITC,ITC4,3,Lombardia,Lombardia,10060574,784638,7.8,0.03
1279,2021-04-17,LOM,48223,21202,27021,521,204,287,385,443,28574,11667,5871,125,146,37455,10768,ITC,ITC4,3,Lombardia,Lombardia,10060574,832861,8.28,0.48
1280,2021-05-07,LOM,91603,43446,48157,3397,900,710,509,31901,18688,5575,25259,1156,3508,69737,21866,ITC,ITC4,3,Lombardia,Lombardia,10060574,924464,9.19,0.91
1281,2021-03-08,LOM,29746,11175,18571,6599,2986,1160,4627,423,212,11768,10,1614,347,22677,7069,ITC,ITC4,3,Lombardia,Lombardia,10060574,954210,9.48,0.3
1282,2021-04-18,LOM,36306,16194,20112,262,115,72,142,234,25810,5659,3800,99,113,31080,5226,ITC,ITC4,3,Lombardia,Lombardia,10060574,990516,9.85,0.36
1283,2021-03-17,LOM,26232,10481,15751,2533,1418,1969,44,73,110,19614,175,45,251,15243,10989,ITC,ITC4,3,Lombardia,Lombardia,10060574,1016748,10.11,0.26
1284,2021-02-04,LOM,27654,8072,19582,15836,5868,5660,0,11,1,201,4,7,66,1971,25683,ITC,ITC4,3,Lombardia,Lombardia,10060574,1044402,10.38,0.27
1285,2021-03-31,LOM,41874,16948,24926,2598,1888,1473,6195,403,1820,24087,2833,150,427,26723,15151,ITC,ITC4,3,Lombardia,Lombardia,10060574,1086276,10.8,0.42
1286,2021-04-21,LOM,71559,32466,39093,1052,482,722,345,10506,32412,14620,10819,178,423,56980,14579,ITC,ITC4,3,Lombardia,Lombardia,10060574,1157835,11.51,0.71
1287,2021-05-17,LOM,93840,45032,48808,1551,621,117,483,28302,27753,2431,25233,1304,6045,29949,63891,ITC,ITC4,3,Lombardia,Lombardia,10060574,1251675,12.44,0.93
1288,2021-02-17,LOM,11969,3746,8223,7642,2231,1950,10,7,9,40,6,38,36,10580,1389,ITC,ITC4,3,Lombardia,Lombardia,10060574,1263644,12.56,0.12
1289,2020-12-27,LOM,717,413,304,615,46,14,0,13,7,1,1,0,20,717,0,ITC,ITC4,3,Lombardia,Lombardia,10060574,1264361,12.57,0.01
1290,2021-04-19,LOM,60069,27331,32738,1171,444,461,478,3372,34703,9986,8795,177,482,50664,9405,ITC,ITC4,3,Lombardia,Lombardia,10060574,1324430,13.16,0.6
1291,2021-04-24,LOM,75573,33503,42070,668,368,88,166,12524,29554,21439,10074,278,414,54523,21050,ITC,ITC4,3,Lombardia,Lombardia,10060574,1400003,13.92,0.75
1292,2021-05-08,LOM,86954,40431,46523,1750,520,68,599,29869,17860,6193,24862,1082,4151,65639,21315,ITC,ITC4,3,Lombardia,Lombardia,10060574,1486957,14.78,0.86
1293,2021-02-01,LOM,16055,5316,10739,11676,3378,903,1,3,3,45,3,1,42,305,15750,ITC,ITC4,3,Lombardia,Lombardia,10060574,1503012,14.94,0.16
1294,2021-04-05,LOM,27388,11697,15691,546,573,70,703,196,326,23749,1107,28,90,19278,8110,ITC,ITC4,3,Lombardia,Lombardia,10060574,1530400,15.21,0.27
1295,2021-01-31,LOM,9746,3763,5983,7577,2043,87,0,2,2,7,3,2,23,34,9712,ITC,ITC4,3,Lombardia,Lombardia,10060574,1540146,15.31,0.1
1296,2021-01-28,LOM,12194,3693,8501,9205,1859,971,1,11,5,29,2,1,110,780,11414,ITC,ITC4,3,Lombardia,Lombardia,10060574,1552340,15.43,0.12
1297,2021-01-03,LOM,854,316,538,745,89,4,0,0,0,1,1,0,14,854,0,ITC,ITC4,3,Lombardia,Lombardia,10060574,1553194,15.44,0.01
1298,2021-01-04,LOM,6077,2097,3980,4995,736,173,0,22,4,11,0,0,136,6077,0,ITC,ITC4,3,Lombardia,Lombardia,10060574,1559271,15.5,0.06
1299,2021-01-19,LOM,8125,2348,5777,4045,1773,2178,0,9,5,81,4,1,29,7651,474,ITC,ITC4,3,Lombardia,Lombardia,10060574,1567396,15.58,0.08
1300,2021-02-25,LOM,15198,6303,8895,2987,1340,1294,10,39,86,8101,4,1254,83,13645,1553,ITC,ITC4,3,Lombardia,Lombardia,10060574,1582594,15.73,0.15
1301,2021-02-03,LOM,25577,7908,17669,15603,5634,4100,1,17,9,144,6,8,55,1153,24424,ITC,ITC4,3,Lombardia,Lombardia,10060574,1608171,15.98,0.25
1302,2021-05-18,LOM,63587,30361,33226,1204,400,180,274,17669,17068,1844,19063,1377,4508,21206,42381,ITC,ITC4,3,Lombardia,Lombardia,10060574,1671758,16.62,0.63
1303,2021-02-14,LOM,3578,1546,2032,2750,623,42,10,5,1,3,2,0,142,2944,634,ITC,ITC4,3,Lombardia,Lombardia,10060574,1675336,16.65,0.04
1304,2021-02-27,LOM,13949,5871,8078,2091,1235,568,48,209,309,8312,7,1127,43,13307,642,ITC,ITC4,3,Lombardia,Lombardia,10060574,1689285,16.79,0.14
1305,2021-03-18,LOM,27425,10957,16468,2206,1210,1547,100,65,161,21452,506,50,128,16196,11229,ITC,ITC4,3,Lombardia,Lombardia,10060574,1716710,17.06,0.27
1306,2021-05-03,LOM,83583,39702,43881,1749,478,325,746,31549,23734,4421,19066,283,1232,71482,12101,ITC,ITC4,3,Lombardia,Lombardia,10060574,1800293,17.89,0.83
1307,2021-05-01,LOM,95628,43534,52094,685,514,72,309,28092,24078,25178,14450,336,1914,66671,28957,ITC,ITC4,3,Lombardia,Lombardia,10060574,1895921,18.85,0.95
1308,2021-02-07,LOM,7305,2819,4486,5635,1321,293,5,5,2,18,0,3,23,340,6965,ITC,ITC4,3,Lombardia,Lombardia,10060574,1903226,18.92,0.07
1309,2021-04-13,LOM,47566,21236,26330,946,643,706,957,525,24935,13480,4972,101,301,33503,14063,ITC,ITC4,3,Lombardia,Lombardia,10060574,1950792,19.39,0.47
1310,2021-03-07,LOM,12019,5347,6672,3012,2101,82,718,261,333,4629,2,672,209,9460,2559,ITC,ITC4,3,Lombardia,Lombardia,10060574,1962811,19.51,0.12
1311,2020-12-28,LOM,107,47,60,105,2,0,0,0,0,0,0,0,0,107,0,ITC,ITC4,3,Lombardia,Lombardia,10060574,1962918,19.51,0.0
1312,2021-03-25,LOM,42532,15875,26657,3459,2237,1436,10846,231,771,21233,1665,318,336,30019,12513,ITC,ITC4,3,Lombardia,Lombardia,10060574,2005450,19.93,0.42
1313,2021-03-30,LOM,39451,15467,23984,2778,1928,1168,6914,262,414,22355,2866,223,543,24698,14753,ITC,ITC4,3,Lombardia,Lombardia,10060574,2044901,20.33,0.39
1314,2021-01-26,LOM,8374,2719,5655,6651,1337,259,0,22,4,27,0,0,74,372,8002,ITC,ITC4,3,Lombardia,Lombardia,10060574,2053275,20.41,0.08
1315,2021-03-04,LOM,29387,12138,17249,7056,2498,2142,376,1623,1849,11148,6,2053,636,20258,9129,ITC,ITC4,3,Lombardia,Lombardia,10060574,2082662,20.7,0.29
1316,2021-01-17,LOM,8342,3343,4999,5603,750,244,0,169,55,72,6,5,1438,8141,201,ITC,ITC4,3,Lombardia,Lombardia,10060574,2091004,20.78,0.08
1317,2021-03-24,LOM,43305,15624,27681,2985,2448,1503,12497,416,752,20451,1265,563,425,31439,11866,ITC,ITC4,3,Lombardia,Lombardia,10060574,2134309,21.21,0.43
1318,2021-03-22,LOM,40301,14290,26011,2520,2361,896,12172,255,193,20514,542,533,315,29759,10542,ITC,ITC4,3,Lombardia,Lombardia,10060574,2174610,21.62,0.4
1319,2021-02-05,LOM,25591,7431,18160,14469,6215,4525,7,19,11,260,2,2,81,2383,23208,ITC,ITC4,3,Lombardia,Lombardia,10060574,2200201,21.87,0.25
1320,2021-04-10,LOM,52147,21607,30540,876,859,315,1465,512,2958,38815,6033,61,253,40354,11793,ITC,ITC4,3,Lombardia,Lombardia,10060574,2252348,22.39,0.52
1321,2021-03-23,LOM,42479,15387,27092,2266,2337,1321,12511,430,584,21346,770,405,509,29638,12841,ITC,ITC4,3,Lombardia,Lombardia,10060574,2294827,22.81,0.42
1322,2021-01-30,LOM,12323,4570,7753,9911,2119,161,1,18,2,8,1,1,101,174,12149,ITC,ITC4,3,Lombardia,Lombardia,10060574,2307150,22.93,0.12
1323,2021-05-09,LOM,69385,32772,36613,1727,731,18,359,28235,12537,1334,20579,144,3721,56414,12971,ITC,ITC4,3,Lombardia,Lombardia,10060574,2376535,23.62,0.69
1324,2021-04-26,LOM,87920,40917,47003,624,363,320,383,22162,30886,18599,13751,205,627,68773,19147,ITC,ITC4,3,Lombardia,Lombardia,10060574,2464455,24.5,0.87
1325,2021-01-24,LOM,1201,459,742,832,136,36,0,8,2,1,1,0,185,537,664,ITC,ITC4,3,Lombardia,Lombardia,10060574,2465656,24.51,0.01
1326,2021-01-05,LOM,7821,2566,5255,6273,1208,174,0,29,4,8,0,0,125,7821,0,ITC,ITC4,3,Lombardia,Lombardia,10060574,2473477,24.59,0.08
1327,2021-04-01,LOM,42722,17133,25589,2719,2085,1283,5749,823,1633,25122,2765,135,408,26713,16009,ITC,ITC4,3,Lombardia,Lombardia,10060574,2516199,25.01,0.42
1328,2021-04-15,LOM,49344,21824,27520,1120,642,1079,653,285,25701,12806,6744,97,217,35534,13810,ITC,ITC4,3,Lombardia,Lombardia,10060574,2565543,25.5,0.49
1329,2021-03-27,LOM,32309,12316,19993,1973,2425,323,6664,406,611,18287,1192,71,357,23705,8604,ITC,ITC4,3,Lombardia,Lombardia,10060574,2597852,25.82,0.32
1330,2021-03-01,LOM,18796,8231,10565,2719,1182,930,29,554,321,10863,3,1656,539,17091,1705,ITC,ITC4,3,Lombardia,Lombardia,10060574,2616648,26.01,0.19
1331,2021-01-18,LOM,9156,2968,6188,5197,1962,1852,0,16,13,54,5,2,55,8175,981,ITC,ITC4,3,Lombardia,Lombardia,10060574,2625804,26.1,0.09
1332,2021-02-22,LOM,11893,4808,7085,4235,1468,1027,28,13,22,4066,4,967,63,11585,308,ITC,ITC4,3,Lombardia,Lombardia,10060574,2637697,26.22,0.12
1333,2021-01-16,LOM,15415,5723,9692,8626,1392,1521,0,557,213,228,5,3,2870,15415,0,ITC,ITC4,3,Lombardia,Lombardia,10060574,2653112,26.37,0.15
1334,2021-04-03,LOM,36180,14843,21337,961,963,86,2241,1004,1547,27498,1656,80,144,26121,10059,ITC,ITC4,3,Lombardia,Lombardia,10060574,2689292,26.73,0.36
1335,2021-03-06,LOM,21314,9086,12228,4765,2181,451,1357,1898,1306,7524,7,1147,678,16800,4514,ITC,ITC4,3,Lombardia,Lombardia,10060574,2710606,26.94,0.21
1336,2021-04-30,LOM,116793,54593,62200,1728,731,782,1097,32512,27556,20991,28492,447,2457,89638,27155,ITC,ITC4,3,Lombardia,Lombardia,10060574,2827399,28.1,1.16
1337,2021-01-06,LOM,7061,2492,4569,5849,1107,38,2,24,1,0,0,0,40,7061,0,ITC,ITC4,3,Lombardia,Lombardia,10060574,2834460,28.17,0.07
1338,2021-03-20,LOM,32512,12152,20360,1991,2349,524,7861,155,140,18460,544,322,166,22660,9852,ITC,ITC4,3,Lombardia,Lombardia,10060574,2866972,28.5,0.32
1339,2021-02-24,LOM,14675,5928,8747,3596,1503,1787,24,36,44,6323,0,1204,158,13747,928,ITC,ITC4,3,Lombardia,Lombardia,10060574,2881647,28.64,0.15
1340,2021-04-09,LOM,52152,22275,29877,2238,1906,1257,3038,263,2340,34108,6456,97,449,36167,15985,ITC,ITC4,3,Lombardia,Lombardia,10060574,2933799,29.16,0.52
1341,2021-01-29,LOM,13439,4115,9324,10488,2325,573,0,5,3,9,1,0,35,655,12784,ITC,ITC4,3,Lombardia,Lombardia,10060574,2947238,29.29,0.13
1342,2021-05-04,LOM,86626,41001,45625,1894,544,351,365,34152,21543,4641,21221,257,1658,72370,14256,ITC,ITC4,3,Lombardia,Lombardia,10060574,3033864,30.16,0.86
1343,2021-05-16,LOM,68387,32376,36011,1566,790,13,313,20919,15777,1173,21173,276,6387,36463,31924,ITC,ITC4,3,Lombardia,Lombardia,10060574,3102251,30.84,0.68
1344,2021-02-16,LOM,9542,3086,6456,5850,2210,1395,19,13,4,10,7,8,26,9086,456,ITC,ITC4,3,Lombardia,Lombardia,10060574,3111793,30.93,0.09
1345,2021-01-09,LOM,12410,4573,7837,9527,2122,196,0,60,12,6,0,1,486,12410,0,ITC,ITC4,3,Lombardia,Lombardia,10060574,3124203,31.05,0.12
1346,2021-01-07,LOM,11761,3636,8125,8977,1797,814,1,14,8,37,2,1,110,11761,0,ITC,ITC4,3,Lombardia,Lombardia,10060574,3135964,31.17,0.12
1347,2021-05-11,LOM,86373,41260,45113,2724,735,428,532,29118,12786,2891,29110,1328,6721,60486,25887,ITC,ITC4,3,Lombardia,Lombardia,10060574,3222337,32.03,0.86
1348,2021-03-29,LOM,40001,15508,24493,2997,2154,455,8608,221,471,21747,2708,209,431,25181,14820,ITC,ITC4,3,Lombardia,Lombardia,10060574,3262338,32.43,0.4
1349,2021-02-20,LOM,9438,3901,5537,4299,1020,225,4,24,37,2919,2,871,37,9139,299,ITC,ITC4,3,Lombardia,Lombardia,10060574,3271776,32.52,0.09
1350,2021-04-11,LOM,32176,13934,18242,967,543,437,1215,231,715,23168,4022,795,83,24784,7392,ITC,ITC4,3,Lombardia,Lombardia,10060574,3303952,32.84,0.32
1351,2021-03-21,LOM,23576,8549,15027,1086,1632,441,9132,114,207,9738,198,756,272,18315,5261,ITC,ITC4,3,Lombardia,Lombardia,10060574,3327528,33.07,0.23
1352,2021-04-04,LOM,7617,3232,4385,204,263,68,206,199,347,5880,361,9,80,3718,3899,ITC,ITC4,3,Lombardia,Lombardia,10060574,3335145,33.15,0.08
1353,2020-12-29,LOM,104,44,60,103,1,0,0,0,0,0,0,0,0,104,0,ITC,ITC4,3,Lombardia,Lombardia,10060574,3335249,33.15,0.0
1354,2021-03-05,LOM,28986,11946,17040,7244,3081,1556,426,1294,2142,11075,16,1980,172,20583,8403,ITC,ITC4,3,Lombardia,Lombardia,10060574,3364235,33.44,0.29
1355,2021-02-26,LOM,18364,7551,10813,3333,1716,1183,24,66,40,10586,7,1340,69,16514,1850,ITC,ITC4,3,Lombardia,Lombardia,10060574,3382599,33.62,0.18
1356,2021-03-26,LOM,41110,15590,25520,2731,2221,834,8659,252,552,22709,2464,256,432,28091,13019,ITC,ITC4,3,Lombardia,Lombardia,10060574,3423709,34.03,0.41
1357,2021-04-25,LOM,51316,23544,27772,422,143,12,287,10011,26874,4780,8339,154,294,46699,4617,ITC,ITC4,3,Lombardia,Lombardia,10060574,3475025,34.54,0.51
1358,2021-02-10,LOM,14392,4504,9888,8535,2365,3336,6,25,17,79,1,3,25,7572,6820,ITC,ITC4,3,Lombardia,Lombardia,10060574,3489417,34.68,0.14
1359,2021-04-27,LOM,85846,39931,45915,1094,457,288,356,22991,29404,14735,15612,308,601,69345,16501,ITC,ITC4,3,Lombardia,Lombardia,10060574,3575263,35.54,0.85
1360,2021-03-03,LOM,26916,11495,15421,6404,1784,1799,471,1269,1902,10209,12,2031,1035,19643,7273,ITC,ITC4,3,Lombardia,Lombardia,10060574,3602179,35.8,0.27
1361,2021-01-10,LOM,10518,3957,6561,8175,2197,85,1,4,1,12,5,2,36,10518,0,ITC,ITC4,3,Lombardia,Lombardia,10060574,3612697,35.91,0.1
1362,2021-02-23,LOM,11773,4792,6981,3960,1411,877,3,20,31,4312,1,992,166,11465,308,ITC,ITC4,3,Lombardia,Lombardia,10060574,3624470,36.03,0.12
1363,2021-01-13,LOM,26378,8053,18325,15838,5812,4294,1,28,14,200,4,3,184,26378,0,ITC,ITC4,3,Lombardia,Lombardia,10060574,3650848,36.29,0.26
1364,2021-03-14,LOM,14876,5349,9527,1520,1746,80,5450,99,117,5275,2,413,174,11590,3286,ITC,ITC4,3,Lombardia,Lombardia,10060574,3665724,36.44,0.15
1365,2021-04-23,LOM,73299,33255,40044,1405,607,716,348,12211,30429,15412,11467,237,467,56799,16500,ITC,ITC4,3,Lombardia,Lombardia,10060574,3739023,37.17,0.73
1366,2021-04-14,LOM,47099,21003,26096,935,748,677,786,295,24958,12475,5926,86,213,34133,12966,ITC,ITC4,3,Lombardia,Lombardia,10060574,3786122,37.63,0.47
1367,2021-05-15,LOM,79976,38428,41548,1367,433,66,329,23235,14954,2312,27787,1325,8168,47230,32746,ITC,ITC4,3,Lombardia,Lombardia,10060574,3866098,38.43,0.79
1368,2021-01-27,LOM,8045,2677,5368,6205,1338,434,2,22,3,1,0,0,40,821,7224,ITC,ITC4,3,Lombardia,Lombardia,10060574,3874143,38.51,0.08
1369,2021-02-12,LOM,13946,4355,9591,8116,2724,2957,3,7,8,102,3,5,21,9028,4918,ITC,ITC4,3,Lombardia,Lombardia,10060574,3888089,38.65,0.14
1370,2021-03-09,LOM,33234,12847,20387,6079,4096,2389,5482,434,352,12531,11,1464,396,25811,7423,ITC,ITC4,3,Lombardia,Lombardia,10060574,3921323,38.98,0.33
1371,2021-02-06,LOM,15255,5529,9726,9859,3034,1897,3,42,13,75,2,1,329,1068,14187,ITC,ITC4,3,Lombardia,Lombardia,10060574,3936578,39.13,0.15
1372,2021-05-05,LOM,87586,41778,45808,2330,576,472,355,33939,18046,4519,22479,232,4638,72504,15082,ITC,ITC4,3,Lombardia,Lombardia,10060574,4024164,40.0,0.87
1373,2021-01-25,LOM,7024,2372,4652,5632,941,218,0,26,3,15,0,0,189,489,6535,ITC,ITC4,3,Lombardia,Lombardia,10060574,4031188,40.07,0.07
1374,2021-02-13,LOM,6416,2443,3973,4180,1466,709,4,7,6,17,3,4,20,4939,1477,ITC,ITC4,3,Lombardia,Lombardia,10060574,4037604,40.13,0.06
1375,2021-04-12,LOM,47213,20565,26648,1147,903,504,1678,314,24478,13818,4097,76,198,32883,14330,ITC,ITC4,3,Lombardia,Lombardia,10060574,4084817,40.6,0.47
1376,2021-04-16,LOM,53559,23877,29682,1736,722,1024,463,384,28377,13511,7021,113,208,39251,14308,ITC,ITC4,3,Lombardia,Lombardia,10060574,4138376,41.13,0.53
1377,2021-01-15,LOM,25205,7429,17776,13835,5917,4739,9,56,24,316,3,2,304,25205,0,ITC,ITC4,3,Lombardia,Lombardia,10060574,4163581,41.39,0.25
1378,2021-05-14,LOM,84660,40868,43792,2086,966,536,297,25354,12885,2559,30393,1192,8392,55179,29481,ITC,ITC4,3,Lombardia,Lombardia,10060574,4248241,42.23,0.84
1379,2021-01-02,LOM,199,72,127,178,16,0,0,1,0,0,0,0,4,199,0,ITC,ITC4,3,Lombardia,Lombardia,10060574,4248440,42.23,0.0
1380,2021-02-02,LOM,19849,6584,13265,13500,4508,1687,1,6,4,76,0,7,60,491,19358,ITC,ITC4,3,Lombardia,Lombardia,10060574,4268289,42.43,0.2
1381,2021-01-20,LOM,5608,1373,4235,2746,1177,1579,0,14,6,65,0,0,21,5493,115,ITC,ITC4,3,Lombardia,Lombardia,10060574,4273897,42.48,0.06
1382,2021-05-02,LOM,83455,38320,45135,779,368,35,467,23641,19768,18589,17794,288,1726,61039,22416,ITC,ITC4,3,Lombardia,Lombardia,10060574,4357352,43.31,0.83
1383,2021-03-11,LOM,36201,13464,22737,5876,3537,2192,6670,226,298,15639,9,1296,458,26304,9897,ITC,ITC4,3,Lombardia,Lombardia,10060574,4393553,43.67,0.36
1384,2021-01-11,LOM,16138,5352,10786,11832,3368,786,2,9,5,49,1,1,85,16138,0,ITC,ITC4,3,Lombardia,Lombardia,10060574,4409691,43.83,0.16
1385,2021-05-06,LOM,89343,42042,47301,2318,745,454,346,33160,17946,4721,24613,244,4796,73192,16151,ITC,ITC4,3,Lombardia,Lombardia,10060574,4499034,44.72,0.89
1386,2021-03-02,LOM,22823,9700,13123,3193,1455,2200,132,1113,378,11264,8,1849,1231,19789,3034,ITC,ITC4,3,Lombardia,Lombardia,10060574,4521857,44.95,0.23
1387,2021-04-07,LOM,50486,20858,29628,1737,1438,1187,2473,280,1911,36812,4204,68,376,34710,15776,ITC,ITC4,3,Lombardia,Lombardia,10060574,4572343,45.45,0.5
1388,2021-01-23,LOM,1114,357,757,644,259,138,0,8,6,1,0,0,58,916,198,ITC,ITC4,3,Lombardia,Lombardia,10060574,4573457,45.46,0.01
1389,2021-04-08,LOM,52262,21728,30534,2249,1365,926,1565,287,2273,37564,5466,69,498,35809,16453,ITC,ITC4,3,Lombardia,Lombardia,10060574,4625719,45.98,0.52
1390,2021-02-11,LOM,17043,5003,12040,9764,3335,3873,6,3,2,33,1,4,22,9699,7344,ITC,ITC4,3,Lombardia,Lombardia,10060574,4642762,46.15,0.17
1391,2021-04-29,LOM,115253,53497,61756,2099,756,629,413,30889,28556,24804,24751,303,2053,85535,29718,ITC,ITC4,3,Lombardia,Lombardia,10060574,4758015,47.29,1.15
1392,2021-01-14,LOM,26800,7782,19018,15230,5591,5476,2,34,14,262,3,1,187,26800,0,ITC,ITC4,3,Lombardia,Lombardia,10060574,4784815,47.56,0.27
1393,2021-05-12,LOM,86663,41429,45234,2447,772,438,364,30214,12376,2787,29398,1318,6549,59602,27061,ITC,ITC4,3,Lombardia,Lombardia,10060574,4871478,48.42,0.86
1394,2021-03-13,LOM,27119,9753,17366,3751,2789,264,8141,222,682,10341,15,639,275,21062,6057,ITC,ITC4,3,Lombardia,Lombardia,10060574,4898597,48.69,0.27
1395,2021-03-29,VEN,31388,13630,17758,634,427,518,447,934,5745,16996,3658,930,1099,27556,3832,ITH,ITH3,5,Veneto,Veneto,4905854,31388,0.64,0.64
1396,2021-03-09,VEN,16456,7377,9079,1354,353,749,2948,95,61,8545,687,1116,548,10141,6315,ITH,ITH3,5,Veneto,Veneto,4905854,47844,0.98,0.34
1397,2021-01-02,VEN,5742,1765,3977,4854,233,544,3,21,2,3,0,0,82,5742,0,ITH,ITH3,5,Veneto,Veneto,4905854,53586,1.09,0.12
1398,2021-03-15,VEN,16598,7263,9335,1390,773,430,1969,135,600,9249,1061,710,281,11381,5217,ITH,ITH3,5,Veneto,Veneto,4905854,70184,1.43,0.34
1399,2021-04-20,VEN,22382,9483,12899,551,120,519,155,808,4585,9816,5345,31,452,8389,13993,ITH,ITH3,5,Veneto,Veneto,4905854,92566,1.89,0.46
1400,2021-05-10,VEN,36122,16854,19268,558,873,112,4342,13933,2563,1079,3966,524,8172,26428,9694,ITH,ITH3,5,Veneto,Veneto,4905854,128688,2.62,0.74
1401,2021-02-05,VEN,8370,2534,5836,4473,1470,2163,14,63,21,8,1,6,151,1425,6945,ITH,ITH3,5,Veneto,Veneto,4905854,137058,2.79,0.17
1402,2021-04-23,VEN,31076,13778,17298,648,325,314,116,997,13538,7133,7151,38,816,22381,8695,ITH,ITH3,5,Veneto,Veneto,4905854,168134,3.43,0.63
1403,2021-01-07,VEN,8358,2318,6040,5568,860,1802,2,38,18,35,0,0,35,8358,0,ITH,ITH3,5,Veneto,Veneto,4905854,176492,3.6,0.17
1404,2021-03-18,VEN,12598,5132,7466,1685,482,494,856,100,140,7504,1056,36,245,7372,5226,ITH,ITH3,5,Veneto,Veneto,4905854,189090,3.85,0.26
1405,2021-02-26,VEN,8288,3267,5021,1823,559,747,315,55,30,4380,145,91,143,7036,1252,ITH,ITH3,5,Veneto,Veneto,4905854,197378,4.02,0.17
1406,2021-03-21,VEN,11984,4755,7229,1602,1131,42,2532,123,201,4244,1639,180,290,8522,3462,ITH,ITH3,5,Veneto,Veneto,4905854,209362,4.27,0.24
1407,2021-03-11,VEN,19693,8766,10927,1839,976,889,3689,171,72,9323,728,1287,719,14109,5584,ITH,ITH3,5,Veneto,Veneto,4905854,229055,4.67,0.4
1408,2021-01-13,VEN,5986,1607,4379,2889,1129,1889,2,19,6,3,2,1,46,5986,0,ITH,ITH3,5,Veneto,Veneto,4905854,235041,4.79,0.12
1409,2021-02-23,VEN,7373,3247,4126,1107,205,245,190,48,21,5342,49,69,97,7107,266,ITH,ITH3,5,Veneto,Veneto,4905854,242414,4.94,0.15
1410,2021-03-01,VEN,9388,3711,5677,2146,430,954,2526,99,21,2607,165,272,168,7567,1821,ITH,ITH3,5,Veneto,Veneto,4905854,251802,5.13,0.19
1411,2021-02-17,VEN,6022,2772,3250,424,158,361,4,19,11,4946,26,5,68,5928,94,ITH,ITH3,5,Veneto,Veneto,4905854,257824,5.26,0.12
1412,2021-03-06,VEN,10634,4320,6314,3560,570,1491,1328,58,26,1971,1274,168,188,7365,3269,ITH,ITH3,5,Veneto,Veneto,4905854,268458,5.47,0.22
1413,2021-02-16,VEN,6637,2870,3767,729,242,479,3,16,14,5020,35,2,97,6460,177,ITH,ITH3,5,Veneto,Veneto,4905854,275095,5.61,0.14
1414,2021-01-22,VEN,1080,332,748,962,52,57,3,1,0,0,0,0,5,25,1055,ITH,ITH3,5,Veneto,Veneto,4905854,276175,5.63,0.02
1415,2021-01-29,VEN,9016,2786,6230,6201,1231,1438,6,56,18,4,0,2,60,367,8649,ITH,ITH3,5,Veneto,Veneto,4905854,285191,5.81,0.18
1416,2021-05-07,VEN,47588,22837,24751,1418,708,282,288,21625,8641,2511,7432,152,4531,39021,8567,ITH,ITH3,5,Veneto,Veneto,4905854,332779,6.78,0.97
1417,2021-04-17,VEN,22349,9062,13287,821,216,129,86,485,3448,10321,6546,16,281,15067,7282,ITH,ITH3,5,Veneto,Veneto,4905854,355128,7.24,0.46
1418,2021-04-22,VEN,31832,13865,17967,680,299,378,111,1009,13107,9295,6058,45,850,16079,15753,ITH,ITH3,5,Veneto,Veneto,4905854,386960,7.89,0.65
1419,2021-03-03,VEN,12031,4591,7440,3356,664,1239,2344,92,41,3377,145,442,331,8537,3494,ITH,ITH3,5,Veneto,Veneto,4905854,398991,8.13,0.25
1420,2021-03-31,VEN,38515,16190,22325,1899,664,811,411,1205,9232,18496,4205,482,1110,31023,7492,ITH,ITH3,5,Veneto,Veneto,4905854,437506,8.92,0.79
1421,2021-02-28,VEN,4136,1389,2747,1741,942,15,15,19,1,992,301,76,34,3299,837,ITH,ITH3,5,Veneto,Veneto,4905854,441642,9.0,0.08
1422,2021-02-04,VEN,7326,2017,5309,3587,1102,2384,6,30,15,21,2,0,179,553,6773,ITH,ITH3,5,Veneto,Veneto,4905854,448968,9.15,0.15
1423,2021-03-10,VEN,18930,8634,10296,1566,794,561,4150,165,86,9047,653,1319,589,13246,5684,ITH,ITH3,5,Veneto,Veneto,4905854,467898,9.54,0.39
1424,2021-01-31,VEN,4768,1563,3205,3754,562,377,4,13,2,5,2,13,36,394,4374,ITH,ITH3,5,Veneto,Veneto,4905854,472666,9.63,0.1
1425,2021-02-21,VEN,4635,1209,3426,495,2,18,3697,0,0,417,0,2,4,4630,5,ITH,ITH3,5,Veneto,Veneto,4905854,477301,9.73,0.09
1426,2021-02-09,VEN,5246,1890,3356,3099,644,1270,6,32,10,21,1,1,162,3446,1800,ITH,ITH3,5,Veneto,Veneto,4905854,482547,9.84,0.11
1427,2021-01-26,VEN,6917,2091,4826,5365,522,977,5,7,3,0,0,1,37,153,6764,ITH,ITH3,5,Veneto,Veneto,4905854,489464,9.98,0.14
1428,2021-05-17,VEN,26165,12845,13320,245,145,76,736,6212,5173,772,3007,373,9426,16405,9760,ITH,ITH3,5,Veneto,Veneto,4905854,515629,10.51,0.53
1429,2021-03-17,VEN,14642,5991,8651,2253,505,318,700,118,192,8778,1430,26,322,7848,6794,ITH,ITH3,5,Veneto,Veneto,4905854,530271,10.81,0.3
1430,2021-03-14,VEN,15166,5935,9231,3410,1102,100,3661,145,1441,3750,996,276,285,14272,894,ITH,ITH3,5,Veneto,Veneto,4905854,545437,11.12,0.31
1431,2021-01-09,VEN,7927,2538,5389,5244,978,1573,6,34,4,3,23,12,50,7927,0,ITH,ITH3,5,Veneto,Veneto,4905854,553364,11.28,0.16
1432,2021-04-13,VEN,14002,6314,7688,751,175,300,66,330,2268,5162,4542,26,382,8519,5483,ITH,ITH3,5,Veneto,Veneto,4905854,567366,11.57,0.29
1433,2021-02-07,VEN,2315,862,1453,1974,238,50,2,12,3,2,0,7,27,714,1601,ITH,ITH3,5,Veneto,Veneto,4905854,569681,11.61,0.05
1434,2021-01-04,VEN,6735,2033,4702,5341,426,912,6,12,2,1,0,0,35,6735,0,ITH,ITH3,5,Veneto,Veneto,4905854,576416,11.75,0.14
1435,2021-01-18,VEN,2763,777,1986,1224,478,992,1,11,4,8,0,1,44,2564,199,ITH,ITH3,5,Veneto,Veneto,4905854,579179,11.81,0.06
1436,2020-12-30,VEN,699,245,454,598,52,39,2,0,0,0,0,0,8,699,0,ITH,ITH3,5,Veneto,Veneto,4905854,579878,11.82,0.01
1437,2021-03-12,VEN,18555,8115,10440,2138,1284,755,3511,184,117,8049,861,1010,646,11809,6746,ITH,ITH3,5,Veneto,Veneto,4905854,598433,12.2,0.38
1438,2020-12-31,VEN,3219,1042,2177,2787,94,252,2,23,0,0,0,0,61,3219,0,ITH,ITH3,5,Veneto,Veneto,4905854,601652,12.26,0.07
1439,2021-02-01,VEN,8557,2500,6057,4422,1543,2136,10,64,25,267,0,0,90,161,8396,ITH,ITH3,5,Veneto,Veneto,4905854,610209,12.44,0.17
1440,2021-01-19,VEN,1309,472,837,726,218,326,0,5,3,7,1,0,23,1159,150,ITH,ITH3,5,Veneto,Veneto,4905854,611518,12.47,0.03
1441,2021-04-05,VEN,19135,8367,10768,661,392,327,176,332,9869,5510,1712,22,134,13695,5440,ITH,ITH3,5,Veneto,Veneto,4905854,630653,12.86,0.39
1442,2021-01-03,VEN,5158,1563,3595,4613,255,249,2,8,1,0,0,0,30,5158,0,ITH,ITH3,5,Veneto,Veneto,4905854,635811,12.96,0.11
1443,2021-05-04,VEN,42561,20160,22401,525,145,106,2370,21910,6913,1573,6498,47,2474,34592,7969,ITH,ITH3,5,Veneto,Veneto,4905854,678372,13.83,0.87
1444,2021-01-21,VEN,2291,719,1572,2052,74,141,3,10,0,0,0,0,11,21,2270,ITH,ITH3,5,Veneto,Veneto,4905854,680663,13.87,0.05
1445,2021-03-30,VEN,35858,15218,20640,869,406,589,478,1474,8619,16802,4769,563,1289,30609,5249,ITH,ITH3,5,Veneto,Veneto,4905854,716521,14.61,0.73
1446,2021-02-03,VEN,5936,1663,4273,2949,1142,1750,6,20,7,3,4,0,55,480,5456,ITH,ITH3,5,Veneto,Veneto,4905854,722457,14.73,0.12
1447,2021-01-30,VEN,8746,2672,6074,6335,1030,1235,9,47,4,4,3,13,66,693,8053,ITH,ITH3,5,Veneto,Veneto,4905854,731203,14.9,0.18
1448,2021-02-13,VEN,3268,1475,1793,1591,198,1438,1,10,4,3,1,1,21,3248,20,ITH,ITH3,5,Veneto,Veneto,4905854,734471,14.97,0.07
1449,2021-05-01,VEN,38664,18155,20509,491,180,43,274,18981,6471,4341,6053,36,1794,29751,8913,ITH,ITH3,5,Veneto,Veneto,4905854,773135,15.76,0.79
1450,2021-02-06,VEN,4093,1353,2740,3098,542,367,4,17,5,3,0,1,56,709,3384,ITH,ITH3,5,Veneto,Veneto,4905854,777228,15.84,0.08
1451,2021-01-24,VEN,4117,1219,2898,3768,94,222,4,2,1,1,1,0,24,28,4089,ITH,ITH3,5,Veneto,Veneto,4905854,781345,15.93,0.08
1452,2021-04-16,VEN,24408,10479,13929,774,305,443,126,512,5885,9992,5814,35,522,12516,11892,ITH,ITH3,5,Veneto,Veneto,4905854,805753,16.42,0.5
1453,2021-03-23,VEN,22144,10186,11958,1303,1131,678,2868,257,5282,6685,2364,1047,529,17425,4719,ITH,ITH3,5,Veneto,Veneto,4905854,827897,16.88,0.45
1454,2021-03-22,VEN,18089,8133,9956,1478,1155,549,2494,204,2766,6699,1617,783,344,13045,5044,ITH,ITH3,5,Veneto,Veneto,4905854,845986,17.24,0.37
1455,2021-03-24,VEN,22019,9504,12515,1215,1051,807,3108,249,1506,10423,2228,970,462,15211,6808,ITH,ITH3,5,Veneto,Veneto,4905854,868005,17.69,0.45
1456,2021-04-10,VEN,27413,11956,15457,592,315,407,115,405,9479,10752,5014,15,319,18935,8478,ITH,ITH3,5,Veneto,Veneto,4905854,895418,18.25,0.56
1457,2021-04-02,VEN,23961,10547,13414,1214,510,382,299,474,7243,9629,3577,210,423,17631,6330,ITH,ITH3,5,Veneto,Veneto,4905854,919379,18.74,0.49
1458,2021-04-19,VEN,21535,8920,12615,967,186,287,202,532,3099,11463,4450,22,327,5118,16417,ITH,ITH3,5,Veneto,Veneto,4905854,940914,19.18,0.44
1459,2021-05-06,VEN,46313,21723,24590,641,230,306,1860,25329,6542,2429,6178,117,2681,37925,8388,ITH,ITH3,5,Veneto,Veneto,4905854,987227,20.12,0.94
1460,2021-02-08,VEN,4974,1540,3434,2823,785,1178,4,34,8,12,1,0,129,1928,3046,ITH,ITH3,5,Veneto,Veneto,4905854,992201,20.22,0.1
1461,2021-02-22,VEN,7013,3041,3972,758,138,362,244,22,15,5401,40,1,32,6626,387,ITH,ITH3,5,Veneto,Veneto,4905854,999214,20.37,0.14
1462,2021-05-08,VEN,41042,18586,22456,877,223,18,2412,17922,4219,4846,5295,253,4977,29269,11773,ITH,ITH3,5,Veneto,Veneto,4905854,1040256,21.2,0.84
1463,2021-03-04,VEN,12909,4822,8087,3218,866,1424,2833,83,55,3415,318,472,225,9443,3466,ITH,ITH3,5,Veneto,Veneto,4905854,1053165,21.47,0.26
1464,2021-05-12,VEN,35708,17256,18452,619,200,193,468,11870,3747,1093,3333,134,14051,30819,4889,ITH,ITH3,5,Veneto,Veneto,4905854,1088873,22.2,0.73
1465,2021-04-29,VEN,50111,23319,26792,657,219,437,217,22196,10647,5661,7935,161,1981,36918,13193,ITH,ITH3,5,Veneto,Veneto,4905854,1138984,23.22,1.02
1466,2021-01-01,VEN,1528,471,1057,1514,7,1,3,0,0,0,0,0,3,1528,0,ITH,ITH3,5,Veneto,Veneto,4905854,1140512,23.25,0.03
1467,2021-01-27,VEN,7138,2063,5075,5406,721,879,9,79,23,2,0,0,19,242,6896,ITH,ITH3,5,Veneto,Veneto,4905854,1147650,23.39,0.15
1468,2021-04-18,VEN,17519,7255,10264,521,158,69,110,369,2318,7344,6384,14,232,9946,7573,ITH,ITH3,5,Veneto,Veneto,4905854,1165169,23.75,0.36
1469,2021-05-18,VEN,19717,9384,10333,244,286,56,902,4673,5597,965,2155,300,4539,9844,9873,ITH,ITH3,5,Veneto,Veneto,4905854,1184886,24.15,0.4
1470,2021-04-27,VEN,28073,12736,15337,864,227,286,75,2986,13425,4559,4991,47,613,21146,6927,ITH,ITH3,5,Veneto,Veneto,4905854,1212959,24.72,0.57
1471,2020-12-27,VEN,880,395,485,875,1,0,1,0,1,0,0,0,2,880,0,ITH,ITH3,5,Veneto,Veneto,4905854,1213839,24.74,0.02
1472,2021-01-05,VEN,7330,2182,5148,5458,662,1123,5,20,2,1,0,2,57,7330,0,ITH,ITH3,5,Veneto,Veneto,4905854,1221169,24.89,0.15
1473,2021-01-20,VEN,1038,368,670,695,116,213,1,4,1,2,0,0,6,386,652,ITH,ITH3,5,Veneto,Veneto,4905854,1222207,24.91,0.02
1474,2021-02-02,VEN,6411,1847,4564,2999,1136,2000,3,22,6,153,6,0,86,392,6019,ITH,ITH3,5,Veneto,Veneto,4905854,1228618,25.04,0.13
1475,2021-04-03,VEN,21880,9598,12282,1871,299,150,131,366,6140,8255,4139,31,498,14163,7717,ITH,ITH3,5,Veneto,Veneto,4905854,1250498,25.49,0.45
1476,2021-01-28,VEN,9209,2662,6547,6587,1083,1451,5,37,2,7,2,0,35,173,9036,ITH,ITH3,5,Veneto,Veneto,4905854,1259707,25.68,0.19
1477,2021-04-21,VEN,32238,13148,19090,997,306,398,123,650,10533,13390,5307,16,518,16170,16068,ITH,ITH3,5,Veneto,Veneto,4905854,1291945,26.33,0.66
1478,2021-04-08,VEN,32291,14335,17956,1159,389,593,443,838,11151,10108,6996,121,493,24417,7874,ITH,ITH3,5,Veneto,Veneto,4905854,1324236,26.99,0.66
1479,2021-05-05,VEN,43694,20960,22734,464,197,137,853,21534,10237,1533,6053,45,2641,37193,6501,ITH,ITH3,5,Veneto,Veneto,4905854,1367930,27.88,0.89
1480,2021-05-09,VEN,34864,16037,18827,427,499,15,1890,14616,2995,3104,6232,137,4949,24808,10056,ITH,ITH3,5,Veneto,Veneto,4905854,1402794,28.59,0.71
1481,2021-01-10,VEN,5032,1671,3361,3893,565,462,1,9,2,4,0,2,94,5032,0,ITH,ITH3,5,Veneto,Veneto,4905854,1407826,28.7,0.1
1482,2021-04-24,VEN,24684,10804,13880,606,263,106,62,621,10473,7089,4858,17,589,15616,9068,ITH,ITH3,5,Veneto,Veneto,4905854,1432510,29.2,0.5
1483,2021-02-18,VEN,5828,2455,3373,976,265,667,8,32,15,3797,4,1,63,5764,64,ITH,ITH3,5,Veneto,Veneto,4905854,1438338,29.32,0.12
1484,2021-02-27,VEN,8986,2691,6295,2322,180,65,4153,35,14,1964,32,86,135,8139,847,ITH,ITH3,5,Veneto,Veneto,4905854,1447324,29.5,0.18
1485,2021-05-11,VEN,32577,16243,16334,310,181,90,436,11901,3582,874,3853,106,11244,28040,4537,ITH,ITH3,5,Veneto,Veneto,4905854,1479901,30.17,0.66
1486,2021-04-04,VEN,7776,3531,4245,24,40,1,13,127,4953,1318,1258,2,40,6625,1151,ITH,ITH3,5,Veneto,Veneto,4905854,1487677,30.32,0.16
1487,2021-03-16,VEN,12494,5346,7148,1481,385,492,129,123,112,7720,1769,21,262,6879,5615,ITH,ITH3,5,Veneto,Veneto,4905854,1500171,30.58,0.25
1488,2021-02-25,VEN,7899,3339,4560,1549,343,476,298,33,35,4936,21,109,99,7294,605,ITH,ITH3,5,Veneto,Veneto,4905854,1508070,30.74,0.16
1489,2021-03-26,VEN,29499,13078,16421,1296,1755,1232,1922,444,8145,9812,3173,986,734,24033,5466,ITH,ITH3,5,Veneto,Veneto,4905854,1537569,31.34,0.6
1490,2021-02-19,VEN,7322,3141,4181,1561,574,665,9,33,17,4366,5,4,88,7119,203,ITH,ITH3,5,Veneto,Veneto,4905854,1544891,31.49,0.15
1491,2021-01-06,VEN,8132,2385,5747,6514,673,808,10,72,24,2,2,2,25,8132,0,ITH,ITH3,5,Veneto,Veneto,4905854,1553023,31.66,0.17
1492,2021-01-08,VEN,9404,2836,6568,6135,1323,1806,12,59,18,4,1,1,45,9404,0,ITH,ITH3,5,Veneto,Veneto,4905854,1562427,31.85,0.19
1493,2021-02-14,VEN,125,56,69,97,22,0,0,1,0,0,0,0,5,112,13,ITH,ITH3,5,Veneto,Veneto,4905854,1562552,31.85,0.0
1494,2021-04-28,VEN,32320,15133,17187,701,245,598,95,4535,15702,2798,6495,36,1115,23289,9031,ITH,ITH3,5,Veneto,Veneto,4905854,1594872,32.51,0.66
1495,2021-05-03,VEN,40455,19708,20747,321,129,101,714,22022,6070,1654,6874,29,2541,34040,6415,ITH,ITH3,5,Veneto,Veneto,4905854,1635327,33.33,0.82
1496,2021-05-13,VEN,43418,21433,21985,498,228,94,565,10073,7052,1123,3759,110,19916,33742,9676,ITH,ITH3,5,Veneto,Veneto,4905854,1678745,34.22,0.89
1497,2021-01-16,VEN,4606,1541,3065,3196,670,657,0,13,6,0,0,1,63,4606,0,ITH,ITH3,5,Veneto,Veneto,4905854,1683351,34.31,0.09
1498,2021-03-20,VEN,12941,5341,7600,710,269,320,2412,137,1616,4728,2100,219,430,10845,2096,ITH,ITH3,5,Veneto,Veneto,4905854,1696292,34.58,0.26
1499,2021-03-19,VEN,13790,5668,8122,2164,866,516,727,145,127,7564,1254,55,372,7697,6093,ITH,ITH3,5,Veneto,Veneto,4905854,1710082,34.86,0.28
1500,2021-05-14,VEN,45735,21760,23975,611,209,167,938,7189,11567,3694,5420,122,15818,25332,20403,ITH,ITH3,5,Veneto,Veneto,4905854,1755817,35.79,0.93
1501,2021-04-26,VEN,20665,9432,11233,464,157,122,87,878,10649,3003,4646,49,610,15516,5149,ITH,ITH3,5,Veneto,Veneto,4905854,1776482,36.21,0.42
1502,2021-04-06,VEN,28865,13267,15598,445,204,388,106,514,16799,5347,4774,69,219,23791,5074,ITH,ITH3,5,Veneto,Veneto,4905854,1805347,36.8,0.59
1503,2021-04-01,VEN,25032,10982,14050,1057,604,601,162,636,7181,9819,4156,291,525,18647,6385,ITH,ITH3,5,Veneto,Veneto,4905854,1830379,37.31,0.51
1504,2021-01-17,VEN,1933,781,1152,1589,193,120,2,3,1,3,0,0,22,1584,349,ITH,ITH3,5,Veneto,Veneto,4905854,1832312,37.35,0.04
1505,2021-02-24,VEN,8613,3678,4935,1592,417,521,14,34,28,5591,41,273,102,8128,485,ITH,ITH3,5,Veneto,Veneto,4905854,1840925,37.53,0.18
1506,2021-04-25,VEN,18294,8139,10155,354,94,112,59,406,9072,4044,3917,4,232,13462,4832,ITH,ITH3,5,Veneto,Veneto,4905854,1859219,37.9,0.37
1507,2021-03-28,VEN,31246,13584,17662,1467,1447,172,2445,1125,8567,9241,3872,56,2854,27612,3634,ITH,ITH3,5,Veneto,Veneto,4905854,1890465,38.53,0.64
1508,2021-02-12,VEN,4312,1446,2866,2770,444,692,8,39,14,6,0,4,335,3740,572,ITH,ITH3,5,Veneto,Veneto,4905854,1894777,38.62,0.09
1509,2021-01-25,VEN,6468,2075,4393,5137,377,904,2,10,2,6,0,0,30,160,6308,ITH,ITH3,5,Veneto,Veneto,4905854,1901245,38.75,0.13
1510,2021-03-05,VEN,13283,4978,8305,3645,691,1468,2979,100,50,3090,475,353,432,9623,3660,ITH,ITH3,5,Veneto,Veneto,4905854,1914528,39.03,0.27
1511,2021-05-16,VEN,28371,13995,14376,499,185,37,241,6101,5291,640,3367,28,11982,21314,7057,ITH,ITH3,5,Veneto,Veneto,4905854,1942899,39.6,0.58
1512,2021-01-11,VEN,7238,2101,5137,3687,1161,1958,8,55,22,254,6,0,87,7238,0,ITH,ITH3,5,Veneto,Veneto,4905854,1950137,39.75,0.15
1513,2021-01-15,VEN,5864,1819,4045,3124,992,1569,4,45,18,9,0,5,98,5864,0,ITH,ITH3,5,Veneto,Veneto,4905854,1956001,39.87,0.12
1514,2021-04-12,VEN,14897,6333,8564,698,121,122,940,274,2086,6047,4323,19,267,6682,8215,ITH,ITH3,5,Veneto,Veneto,4905854,1970898,40.17,0.3
1515,2021-03-08,VEN,13546,6193,7353,719,244,402,2948,70,54,7168,475,1149,317,9477,4069,ITH,ITH3,5,Veneto,Veneto,4905854,1984444,40.45,0.28
1516,2021-04-15,VEN,20798,8581,12217,770,255,492,688,413,3896,8825,5001,8,450,10002,10796,ITH,ITH3,5,Veneto,Veneto,4905854,2005242,40.87,0.42
1517,2021-04-30,VEN,49770,23393,26377,653,320,465,243,20431,10640,5584,9224,102,2108,34110,15660,ITH,ITH3,5,Veneto,Veneto,4905854,2055012,41.89,1.01
1518,2021-04-11,VEN,20983,8866,12117,1898,137,83,345,313,4327,8113,5486,11,270,14675,6308,ITH,ITH3,5,Veneto,Veneto,4905854,2075995,42.32,0.43
1519,2021-05-02,VEN,37117,17204,19913,697,175,21,534,18003,4827,4507,6539,21,1793,26787,10330,ITH,ITH3,5,Veneto,Veneto,4905854,2113112,43.07,0.76
1520,2021-01-14,VEN,7061,1923,5138,3350,1066,2489,4,23,7,17,1,0,104,7061,0,ITH,ITH3,5,Veneto,Veneto,4905854,2120173,43.22,0.14
1521,2021-04-07,VEN,35835,16083,19752,2017,688,757,358,930,18244,5564,6047,118,1112,28505,7330,ITH,ITH3,5,Veneto,Veneto,4905854,2156008,43.95,0.73
1522,2021-04-14,VEN,15864,6878,8986,817,268,184,138,384,3695,5537,4429,24,388,9237,6627,ITH,ITH3,5,Veneto,Veneto,4905854,2171872,44.27,0.32
1523,2021-03-02,VEN,11477,4618,6859,2943,791,1198,1871,83,33,3290,465,469,334,8172,3305,ITH,ITH3,5,Veneto,Veneto,4905854,2183349,44.5,0.23
1524,2021-01-23,VEN,4050,1246,2804,3423,173,436,3,3,2,1,1,0,8,32,4018,ITH,ITH3,5,Veneto,Veneto,4905854,2187399,44.59,0.08
1525,2021-04-09,VEN,31086,13688,17398,1755,915,609,199,894,8495,9861,7303,97,958,22754,8332,ITH,ITH3,5,Veneto,Veneto,4905854,2218485,45.22,0.63
1526,2021-03-07,VEN,4472,1755,2717,1910,196,26,832,22,7,982,388,49,60,3911,561,ITH,ITH3,5,Veneto,Veneto,4905854,2222957,45.31,0.09
1527,2021-02-11,VEN,4013,1239,2774,2661,390,804,8,17,8,10,6,2,107,3385,628,ITH,ITH3,5,Veneto,Veneto,4905854,2226970,45.39,0.08
1528,2021-01-12,VEN,5230,1516,3714,2275,856,1753,5,23,16,176,2,0,124,5230,0,ITH,ITH3,5,Veneto,Veneto,4905854,2232200,45.5,0.11
1529,2021-05-15,VEN,35841,17332,18509,612,256,45,1585,7068,4198,1745,4754,25,15553,25975,9866,ITH,ITH3,5,Veneto,Veneto,4905854,2268041,46.23,0.73
1530,2021-03-27,VEN,32048,13990,18058,2285,1677,197,1581,632,7030,12304,4041,222,2079,26242,5806,ITH,ITH3,5,Veneto,Veneto,4905854,2300089,46.88,0.65
1531,2021-03-13,VEN,17176,7257,9919,2682,1721,109,4042,255,210,4814,2104,463,776,14042,3134,ITH,ITH3,5,Veneto,Veneto,4905854,2317265,47.23,0.35
1532,2021-02-10,VEN,4752,1589,3163,3176,561,783,2,43,18,6,1,0,162,3698,1054,ITH,ITH3,5,Veneto,Veneto,4905854,2322017,47.33,0.1
1533,2021-02-15,VEN,4386,1821,2565,486,84,383,2,18,9,3272,55,14,63,4146,240,ITH,ITH3,5,Veneto,Veneto,4905854,2326403,47.42,0.09
1534,2021-03-25,VEN,25825,10947,14878,1536,1436,1020,2262,332,5620,9923,2252,842,602,19703,6122,ITH,ITH3,5,Veneto,Veneto,4905854,2352228,47.95,0.53
1535,2021-02-20,VEN,6425,2015,4410,1905,114,100,3245,30,11,968,3,6,43,6354,71,ITH,ITH3,5,Veneto,Veneto,4905854,2358653,48.08,0.13
1536,2021-04-07,FVG,7491,3319,4172,339,297,114,34,5,2712,2095,1875,13,7,6710,781,ITH,ITH4,6,Friuli-Venezia Giulia,Friuli Venezia Giulia,1215220,7491,0.62,0.62
1537,2021-02-27,FVG,3516,1200,2316,201,140,4,1598,1,0,1520,27,25,0,3515,1,ITH,ITH4,6,Friuli-Venezia Giulia,Friuli Venezia Giulia,1215220,11007,0.91,0.29
1538,2021-05-11,FVG,8758,4182,4576,109,70,8,569,3088,1012,810,2434,44,614,7011,1747,ITH,ITH4,6,Friuli-Venezia Giulia,Friuli Venezia Giulia,1215220,19765,1.63,0.72
1539,2021-01-02,FVG,1216,470,746,1149,67,0,0,0,0,0,0,0,0,1216,0,ITH,ITH4,6,Friuli-Venezia Giulia,Friuli Venezia Giulia,1215220,20981,1.73,0.1
1540,2021-01-24,FVG,305,119,186,277,27,1,0,0,0,0,0,0,0,1,304,ITH,ITH4,6,Friuli-Venezia Giulia,Friuli Venezia Giulia,1215220,21286,1.75,0.03
1541,2021-01-14,FVG,2584,789,1795,1605,550,429,0,0,0,0,0,0,0,2584,0,ITH,ITH4,6,Friuli-Venezia Giulia,Friuli Venezia Giulia,1215220,23870,1.96,0.21
1542,2021-01-07,FVG,2089,716,1373,1759,221,109,0,0,0,0,0,0,0,2089,0,ITH,ITH4,6,Friuli-Venezia Giulia,Friuli Venezia Giulia,1215220,25959,2.14,0.17
1543,2021-04-28,FVG,7222,3185,4037,254,131,39,4,357,2051,1825,2519,3,39,3758,3464,ITH,ITH4,6,Friuli-Venezia Giulia,Friuli Venezia Giulia,1215220,33181,2.73,0.59
1544,2021-03-04,FVG,3428,1592,1836,360,216,96,402,1,1,1814,33,505,0,2785,643,ITH,ITH4,6,Friuli-Venezia Giulia,Friuli Venezia Giulia,1215220,36609,3.01,0.28
1545,2021-01-08,FVG,2322,747,1575,1680,242,396,0,1,0,0,0,0,3,2322,0,ITH,ITH4,6,Friuli-Venezia Giulia,Friuli Venezia Giulia,1215220,38931,3.2,0.19
1546,2021-04-19,FVG,6702,3129,3573,194,155,38,29,263,1102,1766,3143,2,10,3292,3410,ITH,ITH4,6,Friuli-Venezia Giulia,Friuli Venezia Giulia,1215220,45633,3.76,0.55
1547,2021-03-26,FVG,5796,2423,3373,497,213,233,752,22,649,2047,1263,88,32,3785,2011,ITH,ITH4,6,Friuli-Venezia Giulia,Friuli Venezia Giulia,1215220,51429,4.23,0.48
1548,2021-02-19,FVG,3250,1289,1961,566,308,315,426,0,0,1588,11,35,1,2823,427,ITH,ITH4,6,Friuli-Venezia Giulia,Friuli Venezia Giulia,1215220,54679,4.5,0.27
1549,2021-02-18,FVG,3217,1492,1725,229,122,331,983,0,0,1502,16,34,0,2811,406,ITH,ITH4,6,Friuli-Venezia Giulia,Friuli Venezia Giulia,1215220,57896,4.76,0.26
1550,2021-05-12,FVG,10432,4809,5623,134,77,31,446,2877,1856,496,3680,28,807,9105,1327,ITH,ITH4,6,Friuli-Venezia Giulia,Friuli Venezia Giulia,1215220,68328,5.62,0.86
1551,2021-02-20,FVG,2068,933,1135,11,1,148,306,0,2,1584,16,0,0,1924,144,ITH,ITH4,6,Friuli-Venezia Giulia,Friuli Venezia Giulia,1215220,70396,5.79,0.17
1552,2021-02-08,FVG,2357,694,1663,1401,521,435,0,0,0,0,0,0,0,92,2265,ITH,ITH4,6,Friuli-Venezia Giulia,Friuli Venezia Giulia,1215220,72753,5.99,0.19
1553,2021-01-27,FVG,1272,425,847,851,357,64,0,0,0,0,0,0,0,450,822,ITH,ITH4,6,Friuli-Venezia Giulia,Friuli Venezia Giulia,1215220,74025,6.09,0.1
1554,2021-03-12,FVG,3939,1544,2395,178,63,47,589,1,5,2862,93,101,0,2558,1381,ITH,ITH4,6,Friuli-Venezia Giulia,Friuli Venezia Giulia,1215220,77964,6.42,0.32
1555,2021-02-13,FVG,567,179,388,337,230,0,0,0,0,0,0,0,0,561,6,ITH,ITH4,6,Friuli-Venezia Giulia,Friuli Venezia Giulia,1215220,78531,6.46,0.05
1556,2021-02-01,FVG,2096,688,1408,1590,372,134,0,0,0,0,0,0,0,16,2080,ITH,ITH4,6,Friuli-Venezia Giulia,Friuli Venezia Giulia,1215220,80627,6.63,0.17
1557,2021-01-18,FVG,1960,606,1354,1358,492,110,0,0,0,0,0,0,0,1866,94,ITH,ITH4,6,Friuli-Venezia Giulia,Friuli Venezia Giulia,1215220,82587,6.8,0.16
1558,2021-05-18,FVG,4452,2186,2266,82,77,49,104,1026,382,38,894,129,1671,3857,595,ITH,ITH4,6,Friuli-Venezia Giulia,Friuli Venezia Giulia,1215220,87039,7.16,0.37
1559,2021-04-30,FVG,7266,3195,4071,334,238,64,8,324,1141,1733,3379,2,43,3661,3605,ITH,ITH4,6,Friuli-Venezia Giulia,Friuli Venezia Giulia,1215220,94305,7.76,0.6
1560,2021-02-12,FVG,1193,428,765,671,389,127,1,0,1,2,1,0,1,1146,47,ITH,ITH4,6,Friuli-Venezia Giulia,Friuli Venezia Giulia,1215220,95498,7.86,0.1
1561,2021-04-15,FVG,6484,2858,3626,222,65,82,6,250,1119,1956,2762,1,21,5214,1270,ITH,ITH4,6,Friuli-Venezia Giulia,Friuli Venezia Giulia,1215220,101982,8.39,0.53
1562,2021-03-08,FVG,4065,1594,2471,694,513,140,436,0,7,2190,22,63,0,1977,2088,ITH,ITH4,6,Friuli-Venezia Giulia,Friuli Venezia Giulia,1215220,106047,8.73,0.33
1563,2021-05-04,FVG,9457,4266,5191,262,96,25,13,513,1597,1547,5391,6,7,6129,3328,ITH,ITH4,6,Friuli-Venezia Giulia,Friuli Venezia Giulia,1215220,115504,9.5,0.78
1564,2021-05-16,FVG,9849,4720,5129,232,72,16,601,2025,925,94,2590,362,2932,8459,1390,ITH,ITH4,6,Friuli-Venezia Giulia,Friuli Venezia Giulia,1215220,125353,10.32,0.81
1565,2021-03-01,FVG,2958,1041,1917,92,81,176,950,1,1,1636,17,4,0,2906,52,ITH,ITH4,6,Friuli-Venezia Giulia,Friuli Venezia Giulia,1215220,128311,10.56,0.24
1566,2021-04-10,FVG,4980,2159,2821,157,185,82,77,28,731,2081,1602,15,22,3758,1222,ITH,ITH4,6,Friuli-Venezia Giulia,Friuli Venezia Giulia,1215220,133291,10.97,0.41
1567,2021-01-29,FVG,2414,814,1600,1856,321,237,0,0,0,0,0,0,0,264,2150,ITH,ITH4,6,Friuli-Venezia Giulia,Friuli Venezia Giulia,1215220,135705,11.17,0.2
1568,2021-03-22,FVG,3540,1343,2197,149,88,205,463,0,1,2470,155,6,3,1586,1954,ITH,ITH4,6,Friuli-Venezia Giulia,Friuli Venezia Giulia,1215220,139245,11.46,0.29
1569,2021-03-31,FVG,8030,3500,4530,170,108,293,878,5,2335,2159,1968,112,2,7185,845,ITH,ITH4,6,Friuli-Venezia Giulia,Friuli Venezia Giulia,1215220,147275,12.12,0.66
1570,2021-04-02,FVG,6567,2915,3652,367,243,84,3,1,609,3133,2088,15,24,4734,1833,ITH,ITH4,6,Friuli-Venezia Giulia,Friuli Venezia Giulia,1215220,153842,12.66,0.54
1571,2021-05-06,FVG,11601,5376,6225,259,139,41,420,1649,1639,1595,5834,15,10,7717,3884,ITH,ITH4,6,Friuli-Venezia Giulia,Friuli Venezia Giulia,1215220,165443,13.61,0.95
1572,2021-02-22,FVG,2484,1193,1291,427,312,115,5,1,0,1366,13,245,0,2067,417,ITH,ITH4,6,Friuli-Venezia Giulia,Friuli Venezia Giulia,1215220,167927,13.82,0.2
1573,2021-02-28,FVG,2684,1002,1682,233,162,0,1494,0,0,405,1,389,0,2290,394,ITH,ITH4,6,Friuli-Venezia Giulia,Friuli Venezia Giulia,1215220,170611,14.04,0.22
1574,2021-02-25,FVG,3136,1640,1496,22,5,298,795,0,1,1555,12,448,0,3111,25,ITH,ITH4,6,Friuli-Venezia Giulia,Friuli Venezia Giulia,1215220,173747,14.3,0.26
1575,2021-05-17,FVG,6621,3056,3565,205,160,6,279,1860,1333,341,1425,40,972,5311,1310,ITH,ITH4,6,Friuli-Venezia Giulia,Friuli Venezia Giulia,1215220,180368,14.84,0.54
1576,2021-02-21,FVG,800,281,519,213,166,27,1,0,0,382,10,1,0,423,377,ITH,ITH4,6,Friuli-Venezia Giulia,Friuli Venezia Giulia,1215220,181168,14.91,0.07
1577,2021-04-29,FVG,6653,2922,3731,350,146,6,7,391,1206,1472,2993,25,57,4134,2519,ITH,ITH4,6,Friuli-Venezia Giulia,Friuli Venezia Giulia,1215220,187821,15.46,0.55
1578,2021-03-15,FVG,3762,1636,2126,327,256,180,234,1,1,2425,101,237,0,1444,2318,ITH,ITH4,6,Friuli-Venezia Giulia,Friuli Venezia Giulia,1215220,191583,15.77,0.31
1579,2021-04-03,FVG,3983,1969,2014,37,580,4,150,2,3,2248,919,36,4,2655,1328,ITH,ITH4,6,Friuli-Venezia Giulia,Friuli Venezia Giulia,1215220,195566,16.09,0.33
1580,2021-01-04,FVG,1507,558,949,1390,117,0,0,0,0,0,0,0,0,1507,0,ITH,ITH4,6,Friuli-Venezia Giulia,Friuli Venezia Giulia,1215220,197073,16.22,0.12
1581,2021-01-19,FVG,6,2,4,4,0,2,0,0,0,0,0,0,0,6,0,ITH,ITH4,6,Friuli-Venezia Giulia,Friuli Venezia Giulia,1215220,197079,16.22,0.0
1582,2021-04-05,FVG,2869,1427,1442,34,222,13,121,3,607,468,1374,27,0,2853,16,ITH,ITH4,6,Friuli-Venezia Giulia,Friuli Venezia Giulia,1215220,199948,16.45,0.24
1583,2020-12-30,FVG,630,246,384,601,29,0,0,0,0,0,0,0,0,630,0,ITH,ITH4,6,Friuli-Venezia Giulia,Friuli Venezia Giulia,1215220,200578,16.51,0.05
1584,2021-04-27,FVG,8057,3695,4362,295,286,29,2,581,1874,2111,2838,1,40,3600,4457,ITH,ITH4,6,Friuli-Venezia Giulia,Friuli Venezia Giulia,1215220,208635,17.17,0.66
1585,2020-12-31,FVG,1053,384,669,1011,42,0,0,0,0,0,0,0,0,1053,0,ITH,ITH4,6,Friuli-Venezia Giulia,Friuli Venezia Giulia,1215220,209688,17.26,0.09
1586,2021-02-07,FVG,1561,483,1078,866,693,2,0,0,0,0,0,0,0,386,1175,ITH,ITH4,6,Friuli-Venezia Giulia,Friuli Venezia Giulia,1215220,211249,17.38,0.13
1587,2021-04-13,FVG,7363,3289,4074,348,308,188,23,245,2203,2232,1789,12,15,5758,1605,ITH,ITH4,6,Friuli-Venezia Giulia,Friuli Venezia Giulia,1215220,218612,17.99,0.61
1588,2021-02-03,FVG,2647,791,1856,1702,558,386,0,0,0,1,0,0,0,23,2624,ITH,ITH4,6,Friuli-Venezia Giulia,Friuli Venezia Giulia,1215220,221259,18.21,0.22
1589,2021-01-30,FVG,2273,744,1529,1476,355,442,0,0,0,0,0,0,0,270,2003,ITH,ITH4,6,Friuli-Venezia Giulia,Friuli Venezia Giulia,1215220,223532,18.39,0.19
1590,2021-04-23,FVG,7444,3364,4080,301,138,53,7,418,1197,2201,3097,3,29,3595,3849,ITH,ITH4,6,Friuli-Venezia Giulia,Friuli Venezia Giulia,1215220,230976,19.01,0.61
1591,2021-01-03,FVG,312,122,190,285,26,1,0,0,0,0,0,0,0,312,0,ITH,ITH4,6,Friuli-Venezia Giulia,Friuli Venezia Giulia,1215220,231288,19.03,0.03
1592,2021-02-05,FVG,2614,785,1829,1613,511,490,0,0,0,0,0,0,0,90,2524,ITH,ITH4,6,Friuli-Venezia Giulia,Friuli Venezia Giulia,1215220,233902,19.25,0.22
1593,2021-05-05,FVG,9630,4199,5431,294,171,40,14,1373,1756,1227,4745,2,8,6206,3424,ITH,ITH4,6,Friuli-Venezia Giulia,Friuli Venezia Giulia,1215220,243532,20.04,0.79
1594,2021-03-30,FVG,7092,3143,3949,420,334,405,139,14,2002,1936,1786,53,3,6170,922,ITH,ITH4,6,Friuli-Venezia Giulia,Friuli Venezia Giulia,1215220,250624,20.62,0.58
1595,2021-01-10,FVG,2938,918,2020,1743,951,244,0,0,0,0,0,0,0,2938,0,ITH,ITH4,6,Friuli-Venezia Giulia,Friuli Venezia Giulia,1215220,253562,20.87,0.24
1596,2021-01-13,FVG,2650,834,1816,1821,599,230,0,0,0,0,0,0,0,2650,0,ITH,ITH4,6,Friuli-Venezia Giulia,Friuli Venezia Giulia,1215220,256212,21.08,0.22
1597,2021-05-03,FVG,7141,3252,3889,228,184,58,11,316,1352,1252,3705,10,25,3376,3765,ITH,ITH4,6,Friuli-Venezia Giulia,Friuli Venezia Giulia,1215220,263353,21.67,0.59
1598,2021-04-22,FVG,6752,3071,3681,122,109,34,2,329,1559,2116,2464,1,16,3076,3676,ITH,ITH4,6,Friuli-Venezia Giulia,Friuli Venezia Giulia,1215220,270105,22.23,0.56
1599,2021-05-01,FVG,7163,3232,3931,215,36,0,2,216,108,578,5946,4,58,6119,1044,ITH,ITH4,6,Friuli-Venezia Giulia,Friuli Venezia Giulia,1215220,277268,22.82,0.59
1600,2021-03-24,FVG,3766,1530,2236,183,183,148,427,1,21,2321,416,62,4,2286,1480,ITH,ITH4,6,Friuli-Venezia Giulia,Friuli Venezia Giulia,1215220,281034,23.13,0.31
1601,2021-04-18,FVG,6036,2797,3239,327,76,81,2,394,1433,729,2966,0,28,5630,406,ITH,ITH4,6,Friuli-Venezia Giulia,Friuli Venezia Giulia,1215220,287070,23.62,0.5
1602,2021-03-23,FVG,3753,1558,2195,320,303,244,240,0,3,2446,169,28,0,1613,2140,ITH,ITH4,6,Friuli-Venezia Giulia,Friuli Venezia Giulia,1215220,290823,23.93,0.31
1603,2021-03-03,FVG,3638,1626,2012,748,545,104,427,0,0,1331,15,468,0,2363,1275,ITH,ITH4,6,Friuli-Venezia Giulia,Friuli Venezia Giulia,1215220,294461,24.23,0.3
1604,2021-04-17,FVG,7446,3231,4215,320,117,1,3,624,592,2454,3309,3,23,5964,1482,ITH,ITH4,6,Friuli-Venezia Giulia,Friuli Venezia Giulia,1215220,301907,24.84,0.61
1605,2021-05-07,FVG,10239,4631,5608,271,110,24,33,2268,1933,1571,3933,26,70,6828,3411,ITH,ITH4,6,Friuli-Venezia Giulia,Friuli Venezia Giulia,1215220,312146,25.69,0.84
1606,2020-12-27,FVG,262,149,113,259,3,0,0,0,0,0,0,0,0,262,0,ITH,ITH4,6,Friuli-Venezia Giulia,Friuli Venezia Giulia,1215220,312408,25.71,0.02
1607,2021-02-06,FVG,1154,338,816,755,208,191,0,0,0,0,0,0,0,22,1132,ITH,ITH4,6,Friuli-Venezia Giulia,Friuli Venezia Giulia,1215220,313562,25.8,0.09
1608,2021-01-22,FVG,90,30,60,89,1,0,0,0,0,0,0,0,0,0,90,ITH,ITH4,6,Friuli-Venezia Giulia,Friuli Venezia Giulia,1215220,313652,25.81,0.01
1609,2021-02-02,FVG,2467,806,1661,1658,393,416,0,0,0,0,0,0,0,217,2250,ITH,ITH4,6,Friuli-Venezia Giulia,Friuli Venezia Giulia,1215220,316119,26.01,0.2
1610,2021-03-06,FVG,3487,1193,2294,181,249,5,1464,0,0,1563,6,19,0,3162,325,ITH,ITH4,6,Friuli-Venezia Giulia,Friuli Venezia Giulia,1215220,319606,26.3,0.29
1611,2021-04-16,FVG,6907,2993,3914,289,184,169,16,311,977,2040,2900,1,20,4986,1921,ITH,ITH4,6,Friuli-Venezia Giulia,Friuli Venezia Giulia,1215220,326513,26.87,0.57
1612,2021-01-31,FVG,2715,836,1879,1693,1004,18,0,0,0,0,0,0,0,385,2330,ITH,ITH4,6,Friuli-Venezia Giulia,Friuli Venezia Giulia,1215220,329228,27.09,0.22
1613,2021-03-27,FVG,4983,2559,2424,60,811,1,99,3,905,1990,1096,16,2,3572,1411,ITH,ITH4,6,Friuli-Venezia Giulia,Friuli Venezia Giulia,1215220,334211,27.5,0.41
1614,2021-03-10,FVG,3358,1493,1865,305,299,209,195,0,1,1972,67,309,1,1566,1792,ITH,ITH4,6,Friuli-Venezia Giulia,Friuli Venezia Giulia,1215220,337569,27.78,0.28
1615,2021-04-21,FVG,7695,3438,4257,109,73,30,9,546,2427,2056,2435,4,6,4015,3680,ITH,ITH4,6,Friuli-Venezia Giulia,Friuli Venezia Giulia,1215220,345264,28.41,0.63
1616,2021-04-24,FVG,6673,2945,3728,432,55,0,1,525,283,1988,3335,1,53,5430,1243,ITH,ITH4,6,Friuli-Venezia Giulia,Friuli Venezia Giulia,1215220,351937,28.96,0.55
1617,2021-03-17,FVG,3229,1265,1964,425,219,198,6,0,1,2245,132,3,0,741,2488,ITH,ITH4,6,Friuli-Venezia Giulia,Friuli Venezia Giulia,1215220,355166,29.23,0.27
1618,2021-05-08,FVG,10164,4589,5575,341,195,11,14,2252,930,1912,4477,28,4,5397,4767,ITH,ITH4,6,Friuli-Venezia Giulia,Friuli Venezia Giulia,1215220,365330,30.06,0.84
1619,2021-03-14,FVG,1395,547,848,0,1,0,796,0,0,247,16,335,0,1143,252,ITH,ITH4,6,Friuli-Venezia Giulia,Friuli Venezia Giulia,1215220,366725,30.18,0.11
1620,2021-02-10,FVG,1352,496,856,745,487,119,1,0,0,0,0,0,0,1266,86,ITH,ITH4,6,Friuli-Venezia Giulia,Friuli Venezia Giulia,1215220,368077,30.29,0.11
1621,2021-01-26,FVG,1975,647,1328,1441,152,382,0,0,0,0,0,0,0,215,1760,ITH,ITH4,6,Friuli-Venezia Giulia,Friuli Venezia Giulia,1215220,370052,30.45,0.16
1622,2021-04-08,FVG,7207,3014,4193,259,147,236,34,5,1531,2972,2010,4,9,5287,1920,ITH,ITH4,6,Friuli-Venezia Giulia,Friuli Venezia Giulia,1215220,377259,31.04,0.59
1623,2021-03-29,FVG,6873,3000,3873,241,210,160,316,10,2108,2415,1358,47,8,5293,1580,ITH,ITH4,6,Friuli-Venezia Giulia,Friuli Venezia Giulia,1215220,384132,31.61,0.57
1624,2021-03-09,FVG,3856,1589,2267,655,478,200,424,2,4,2003,28,59,3,1108,2748,ITH,ITH4,6,Friuli-Venezia Giulia,Friuli Venezia Giulia,1215220,387988,31.93,0.32
1625,2021-05-13,FVG,10432,5022,5410,117,52,38,766,2817,1283,862,2758,217,1522,8480,1952,ITH,ITH4,6,Friuli-Venezia Giulia,Friuli Venezia Giulia,1215220,398420,32.79,0.86
1626,2021-01-12,FVG,2260,713,1547,1529,370,361,0,0,0,0,0,0,0,2260,0,ITH,ITH4,6,Friuli-Venezia Giulia,Friuli Venezia Giulia,1215220,400680,32.97,0.19
1627,2021-05-10,FVG,7533,3332,4201,189,71,98,27,1862,1786,787,2689,18,6,6006,1527,ITH,ITH4,6,Friuli-Venezia Giulia,Friuli Venezia Giulia,1215220,408213,33.59,0.62
1628,2021-03-28,FVG,4810,2273,2537,13,746,5,1307,8,1526,425,662,111,7,4670,140,ITH,ITH4,6,Friuli-Venezia Giulia,Friuli Venezia Giulia,1215220,413023,33.99,0.4
1629,2021-03-19,FVG,3233,1339,1894,107,47,297,134,0,0,2510,138,0,0,1301,1932,ITH,ITH4,6,Friuli-Venezia Giulia,Friuli Venezia Giulia,1215220,416256,34.25,0.27
1630,2021-01-17,FVG,1716,523,1193,673,559,484,0,0,0,0,0,0,0,1716,0,ITH,ITH4,6,Friuli-Venezia Giulia,Friuli Venezia Giulia,1215220,417972,34.39,0.14
1631,2021-04-26,FVG,5442,2444,2998,184,148,16,14,330,2088,699,1910,5,48,3793,1649,ITH,ITH4,6,Friuli-Venezia Giulia,Friuli Venezia Giulia,1215220,423414,34.84,0.45
1632,2021-01-25,FVG,1584,568,1016,1371,141,72,0,0,0,0,0,0,0,194,1390,ITH,ITH4,6,Friuli-Venezia Giulia,Friuli Venezia Giulia,1215220,424998,34.97,0.13
1633,2021-02-23,FVG,2615,1252,1363,104,44,247,0,0,2,1943,19,256,0,2437,178,ITH,ITH4,6,Friuli-Venezia Giulia,Friuli Venezia Giulia,1215220,427613,35.19,0.22
1634,2021-02-26,FVG,3733,2092,1641,74,26,557,299,0,2,1737,5,1033,0,3586,147,ITH,ITH4,6,Friuli-Venezia Giulia,Friuli Venezia Giulia,1215220,431346,35.5,0.31
1635,2021-01-21,FVG,895,345,550,864,31,0,0,0,0,0,0,0,0,1,894,ITH,ITH4,6,Friuli-Venezia Giulia,Friuli Venezia Giulia,1215220,432241,35.57,0.07
1636,2021-04-12,FVG,7253,3181,4072,283,183,230,22,97,1740,2084,2591,4,19,6122,1131,ITH,ITH4,6,Friuli-Venezia Giulia,Friuli Venezia Giulia,1215220,439494,36.17,0.6
1637,2021-03-21,FVG,2602,937,1665,7,9,88,1120,0,0,1333,3,27,15,2193,409,ITH,ITH4,6,Friuli-Venezia Giulia,Friuli Venezia Giulia,1215220,442096,36.38,0.21
1638,2021-04-11,FVG,3433,1520,1913,233,100,7,27,13,533,1224,1270,7,19,2527,906,ITH,ITH4,6,Friuli-Venezia Giulia,Friuli Venezia Giulia,1215220,445529,36.66,0.28
1639,2021-03-18,FVG,3371,1421,1950,60,23,168,4,1,1,2863,251,0,0,1690,1681,ITH,ITH4,6,Friuli-Venezia Giulia,Friuli Venezia Giulia,1215220,448900,36.94,0.28
1640,2021-03-05,FVG,3736,1478,2258,1049,653,77,146,0,8,1729,26,46,2,2663,1073,ITH,ITH4,6,Friuli-Venezia Giulia,Friuli Venezia Giulia,1215220,452636,37.25,0.31
1641,2021-01-23,FVG,816,324,492,768,48,0,0,0,0,0,0,0,0,4,812,ITH,ITH4,6,Friuli-Venezia Giulia,Friuli Venezia Giulia,1215220,453452,37.31,0.07
1642,2021-04-14,FVG,7215,3118,4097,337,224,95,3,281,1560,2157,2548,2,8,5503,1712,ITH,ITH4,6,Friuli-Venezia Giulia,Friuli Venezia Giulia,1215220,460667,37.91,0.59
1643,2021-02-16,FVG,2516,1135,1381,260,244,221,0,0,3,1760,28,0,0,2400,116,ITH,ITH4,6,Friuli-Venezia Giulia,Friuli Venezia Giulia,1215220,463183,38.12,0.21
1644,2021-03-20,FVG,3340,1351,1989,414,279,10,66,2,1,2376,13,179,0,1249,2091,ITH,ITH4,6,Friuli-Venezia Giulia,Friuli Venezia Giulia,1215220,466523,38.39,0.27
1645,2021-02-17,FVG,2352,998,1354,329,178,230,0,0,0,1555,14,46,0,1873,479,ITH,ITH4,6,Friuli-Venezia Giulia,Friuli Venezia Giulia,1215220,468875,38.58,0.19
1646,2021-04-09,FVG,7762,3528,4234,298,172,103,23,57,1281,2618,3203,0,7,6519,1243,ITH,ITH4,6,Friuli-Venezia Giulia,Friuli Venezia Giulia,1215220,476637,39.22,0.64
1647,2021-03-07,FVG,2536,926,1610,1,5,152,1782,0,0,143,0,453,0,2535,1,ITH,ITH4,6,Friuli-Venezia Giulia,Friuli Venezia Giulia,1215220,479173,39.43,0.21
1648,2021-03-02,FVG,4220,1519,2701,1159,659,203,640,0,1,1536,17,5,0,2721,1499,ITH,ITH4,6,Friuli-Venezia Giulia,Friuli Venezia Giulia,1215220,483393,39.78,0.35
1649,2021-02-11,FVG,1930,664,1266,1131,566,229,0,0,1,2,0,1,0,1738,192,ITH,ITH4,6,Friuli-Venezia Giulia,Friuli Venezia Giulia,1215220,485323,39.94,0.16
1650,2021-02-24,FVG,2518,1082,1436,23,5,312,297,1,0,1835,15,0,30,2500,18,ITH,ITH4,6,Friuli-Venezia Giulia,Friuli Venezia Giulia,1215220,487841,40.14,0.21
1651,2021-03-16,FVG,3152,1287,1865,329,256,243,2,0,3,2204,115,0,0,1072,2080,ITH,ITH4,6,Friuli-Venezia Giulia,Friuli Venezia Giulia,1215220,490993,40.4,0.26
1652,2021-02-09,FVG,1841,554,1287,1047,509,285,0,0,0,0,0,0,0,1555,286,ITH,ITH4,6,Friuli-Venezia Giulia,Friuli Venezia Giulia,1215220,492834,40.56,0.15
1653,2021-01-09,FVG,2513,841,1672,1517,406,590,0,0,0,0,0,0,0,2513,0,ITH,ITH4,6,Friuli-Venezia Giulia,Friuli Venezia Giulia,1215220,495347,40.76,0.21
1654,2021-05-15,FVG,11118,5380,5738,343,50,3,500,1644,395,981,3844,126,3232,6870,4248,ITH,ITH4,6,Friuli-Venezia Giulia,Friuli Venezia Giulia,1215220,506465,41.68,0.91
1655,2021-03-25,FVG,5309,2261,3048,55,54,302,835,3,957,2059,979,63,2,3176,2133,ITH,ITH4,6,Friuli-Venezia Giulia,Friuli Venezia Giulia,1215220,511774,42.11,0.44
1656,2021-02-15,FVG,2452,910,1542,699,390,316,0,0,4,1033,10,0,0,2202,250,ITH,ITH4,6,Friuli-Venezia Giulia,Friuli Venezia Giulia,1215220,514226,42.32,0.2
1657,2021-03-13,FVG,2933,1119,1814,12,4,86,723,1,2,2056,9,40,0,1662,1271,ITH,ITH4,6,Friuli-Venezia Giulia,Friuli Venezia Giulia,1215220,517159,42.56,0.24
1658,2021-01-20,FVG,748,320,428,716,32,0,0,0,0,0,0,0,0,13,735,ITH,ITH4,6,Friuli-Venezia Giulia,Friuli Venezia Giulia,1215220,517907,42.62,0.06
1659,2021-01-05,FVG,1678,551,1127,1349,133,196,0,0,0,0,0,0,0,1678,0,ITH,ITH4,6,Friuli-Venezia Giulia,Friuli Venezia Giulia,1215220,519585,42.76,0.14
1660,2021-04-06,FVG,6275,2771,3504,256,205,131,29,5,1099,2691,1836,19,4,5126,1149,ITH,ITH4,6,Friuli-Venezia Giulia,Friuli Venezia Giulia,1215220,525860,43.27,0.52
1661,2021-04-25,FVG,2361,989,1372,331,50,0,1,729,478,66,689,0,17,2350,11,ITH,ITH4,6,Friuli-Venezia Giulia,Friuli Venezia Giulia,1215220,528221,43.47,0.19
1662,2021-01-16,FVG,1230,360,870,771,211,248,0,0,0,0,0,0,0,1230,0,ITH,ITH4,6,Friuli-Venezia Giulia,Friuli Venezia Giulia,1215220,529451,43.57,0.1
1663,2021-04-01,FVG,6315,2993,3322,172,117,208,94,2,1171,2052,2431,57,11,5300,1015,ITH,ITH4,6,Friuli-Venezia Giulia,Friuli Venezia Giulia,1215220,535766,44.09,0.52
1664,2021-01-06,FVG,710,264,446,515,195,0,0,0,0,0,0,0,0,710,0,ITH,ITH4,6,Friuli-Venezia Giulia,Friuli Venezia Giulia,1215220,536476,44.15,0.06
1665,2021-05-14,FVG,9745,4848,4897,178,125,66,65,2984,1493,780,2347,605,1102,7380,2365,ITH,ITH4,6,Friuli-Venezia Giulia,Friuli Venezia Giulia,1215220,546221,44.95,0.8
1666,2021-02-04,FVG,2725,807,1918,1717,544,464,0,0,0,0,0,0,0,36,2689,ITH,ITH4,6,Friuli-Venezia Giulia,Friuli Venezia Giulia,1215220,548946,45.17,0.22
1667,2021-04-20,FVG,7105,3059,4046,496,313,38,8,428,1146,2364,2305,1,6,3202,3903,ITH,ITH4,6,Friuli-Venezia Giulia,Friuli Venezia Giulia,1215220,556051,45.76,0.58
1668,2021-03-11,FVG,3352,1413,1939,263,114,290,504,1,2,2014,35,127,2,1603,1749,ITH,ITH4,6,Friuli-Venezia Giulia,Friuli Venezia Giulia,1215220,559403,46.03,0.28
1669,2021-01-28,FVG,2238,794,1444,1756,288,194,0,0,0,0,0,0,0,354,1884,ITH,ITH4,6,Friuli-Venezia Giulia,Friuli Venezia Giulia,1215220,561641,46.22,0.18
1670,2021-05-09,FVG,7326,3286,4040,302,99,0,9,1006,457,633,4789,10,21,3474,3852,ITH,ITH4,6,Friuli-Venezia Giulia,Friuli Venezia Giulia,1215220,568967,46.82,0.6
1671,2021-05-02,FVG,6776,3187,3589,262,103,1,6,443,439,1133,4347,2,40,3880,2896,ITH,ITH4,6,Friuli-Venezia Giulia,Friuli Venezia Giulia,1215220,575743,47.38,0.56
1672,2021-01-11,FVG,1884,609,1275,1502,336,46,0,0,0,0,0,0,0,1884,0,ITH,ITH4,6,Friuli-Venezia Giulia,Friuli Venezia Giulia,1215220,577627,47.53,0.16
1673,2021-01-15,FVG,2021,605,1416,1278,369,374,0,0,0,0,0,0,0,2021,0,ITH,ITH4,6,Friuli-Venezia Giulia,Friuli Venezia Giulia,1215220,579648,47.7,0.17
1674,2021-03-03,TOS,18192,6510,11682,3324,1083,135,3446,2,0,9186,3,1003,10,14586,3606,ITI,ITI1,9,Toscana,Toscana,3729641,18192,0.49,0.49
1675,2021-01-04,TOS,5065,1894,3171,4100,29,933,0,0,0,0,0,0,3,5065,0,ITI,ITI1,9,Toscana,Toscana,3729641,23257,0.62,0.14
1676,2021-03-11,TOS,15494,5993,9501,2440,907,270,12,0,7,10331,1293,217,17,12168,3326,ITI,ITI1,9,Toscana,Toscana,3729641,38751,1.04,0.42
1677,2021-02-20,TOS,4641,1790,2851,3350,1038,203,18,0,0,17,0,15,0,4128,513,ITI,ITI1,9,Toscana,Toscana,3729641,43392,1.16,0.12
1678,2021-04-25,TOS,11044,5247,5797,243,101,61,15,33,6267,389,3924,5,6,8907,2137,ITI,ITI1,9,Toscana,Toscana,3729641,54436,1.46,0.3
1679,2021-02-13,TOS,7785,2360,5425,3667,574,163,5,0,2,0,0,186,3188,7558,227,ITI,ITI1,9,Toscana,Toscana,3729641,62221,1.67,0.21
1680,2021-01-19,TOS,1104,531,573,392,220,491,0,0,0,0,0,0,1,1104,0,ITI,ITI1,9,Toscana,Toscana,3729641,63325,1.7,0.03
1681,2021-03-18,TOS,9969,3980,5989,438,562,280,3,3,3,7797,871,7,5,6005,3964,ITI,ITI1,9,Toscana,Toscana,3729641,73294,1.97,0.27
1682,2021-04-05,TOS,15279,6823,8456,27,52,0,35,12,13541,257,1328,4,23,14542,737,ITI,ITI1,9,Toscana,Toscana,3729641,88573,2.37,0.41
1683,2021-04-23,TOS,25618,11403,14215,349,245,153,6,166,482,16486,7569,13,149,9324,16294,ITI,ITI1,9,Toscana,Toscana,3729641,114191,3.06,0.69
1684,2021-02-01,TOS,5509,1958,3551,4486,403,616,0,0,0,0,0,0,4,521,4988,ITI,ITI1,9,Toscana,Toscana,3729641,119700,3.21,0.15
1685,2021-02-25,TOS,10632,4305,6327,1078,1634,259,3199,1,1,3231,5,1220,4,9633,999,ITI,ITI1,9,Toscana,Toscana,3729641,130332,3.49,0.29
1686,2021-01-03,TOS,3335,1051,2284,2564,9,762,0,0,0,0,0,0,0,3335,0,ITI,ITI1,9,Toscana,Toscana,3729641,133667,3.58,0.09
1687,2021-02-06,TOS,4527,1550,2977,3725,574,227,0,0,0,0,0,0,1,1294,3233,ITI,ITI1,9,Toscana,Toscana,3729641,138194,3.71,0.12
1688,2021-01-22,TOS,2866,1064,1802,2026,81,758,0,0,0,0,1,0,0,528,2338,ITI,ITI1,9,Toscana,Toscana,3729641,141060,3.78,0.08
1689,2021-02-12,TOS,7606,2683,4923,3742,380,188,0,0,1,3,0,402,2890,7393,213,ITI,ITI1,9,Toscana,Toscana,3729641,148666,3.99,0.2
1690,2021-04-17,TOS,20513,9196,11317,601,389,83,1,22,7391,5931,6065,8,22,18391,2122,ITI,ITI1,9,Toscana,Toscana,3729641,169179,4.54,0.55
1691,2021-03-08,TOS,6369,2630,3739,4063,747,191,8,0,0,66,965,327,2,1550,4819,ITI,ITI1,9,Toscana,Toscana,3729641,175548,4.71,0.17
1692,2021-05-07,TOS,31968,14649,17319,507,355,103,2807,2906,2089,9186,13036,528,451,11960,20008,ITI,ITI1,9,Toscana,Toscana,3729641,207516,5.56,0.86
1693,2021-04-13,TOS,8488,3506,4982,251,462,265,5,35,54,5547,1827,30,12,6031,2457,ITI,ITI1,9,Toscana,Toscana,3729641,216004,5.79,0.23
1694,2021-04-22,TOS,35696,15287,20409,318,500,139,6,123,7346,20445,6679,16,124,18264,17432,ITI,ITI1,9,Toscana,Toscana,3729641,251700,6.75,0.96
1695,2021-02-26,TOS,10076,3832,6244,1556,1653,298,3562,0,0,1817,2,1188,0,8870,1206,ITI,ITI1,9,Toscana,Toscana,3729641,261776,7.02,0.27
1696,2021-05-02,TOS,11157,4921,6236,38,21,2,2,56,6822,1725,2453,12,26,9199,1958,ITI,ITI1,9,Toscana,Toscana,3729641,272933,7.32,0.3
1697,2021-02-03,TOS,4221,1452,2769,3475,239,505,0,0,0,1,0,0,1,241,3980,ITI,ITI1,9,Toscana,Toscana,3729641,277154,7.43,0.11
1698,2021-04-16,TOS,28915,12873,16042,523,523,92,2,67,6607,15192,5835,22,52,22023,6892,ITI,ITI1,9,Toscana,Toscana,3729641,306069,8.21,0.78
1699,2021-03-30,TOS,16854,7491,9363,212,169,250,113,13,4545,8533,2736,219,64,13290,3564,ITI,ITI1,9,Toscana,Toscana,3729641,322923,8.66,0.45
1700,2021-03-02,TOS,10600,3799,6801,3171,986,154,3512,0,0,1851,0,922,4,7156,3444,ITI,ITI1,9,Toscana,Toscana,3729641,333523,8.94,0.28
1701,2021-05-06,TOS,31165,13541,17624,311,512,40,1721,339,3862,12519,11345,126,390,14120,17045,ITI,ITI1,9,Toscana,Toscana,3729641,364688,9.78,0.84
1702,2021-03-22,TOS,4882,2443,2439,222,367,380,314,27,2418,474,466,139,75,4438,444,ITI,ITI1,9,Toscana,Toscana,3729641,369570,9.91,0.13
1703,2021-01-23,TOS,3949,1354,2595,2936,170,841,0,0,0,0,0,0,2,640,3309,ITI,ITI1,9,Toscana,Toscana,3729641,373519,10.01,0.11
1704,2021-04-08,TOS,29641,12528,17113,264,319,207,5,62,1785,23691,3233,17,58,23268,6373,ITI,ITI1,9,Toscana,Toscana,3729641,403160,10.81,0.79
1705,2021-01-24,TOS,3349,1073,2276,2602,35,709,0,0,0,1,0,0,2,201,3148,ITI,ITI1,9,Toscana,Toscana,3729641,406509,10.9,0.09
1706,2021-03-25,TOS,23596,10119,13477,225,313,405,711,46,2777,16115,2660,268,76,15272,8324,ITI,ITI1,9,Toscana,Toscana,3729641,430105,11.53,0.63
1707,2021-01-14,TOS,3255,1179,2076,2459,475,320,0,0,0,0,1,0,0,3255,0,ITI,ITI1,9,Toscana,Toscana,3729641,433360,11.62,0.09
1708,2021-04-19,TOS,9087,4502,4585,637,245,74,7,24,378,509,7208,2,3,8060,1027,ITI,ITI1,9,Toscana,Toscana,3729641,442447,11.86,0.24
1709,2021-03-19,TOS,10136,4457,5679,641,442,303,35,21,2644,5285,712,13,40,7271,2865,ITI,ITI1,9,Toscana,Toscana,3729641,452583,12.13,0.27
1710,2021-03-04,TOS,17622,6757,10865,2816,953,274,3695,2,8,8237,597,1036,4,14540,3082,ITI,ITI1,9,Toscana,Toscana,3729641,470205,12.61,0.47
1711,2021-05-13,TOS,34519,15158,19361,1039,673,22,2701,7101,8923,5364,7370,878,448,13658,20861,ITI,ITI1,9,Toscana,Toscana,3729641,504724,13.53,0.93
1712,2021-02-15,TOS,8770,3375,5395,4538,922,216,1138,0,0,56,0,801,1099,7945,825,ITI,ITI1,9,Toscana,Toscana,3729641,513494,13.77,0.24
1713,2021-01-17,TOS,2535,871,1664,2002,293,240,0,0,0,0,0,0,0,2022,513,ITI,ITI1,9,Toscana,Toscana,3729641,516029,13.84,0.07
1714,2021-04-26,TOS,10127,4929,5198,117,273,72,4,47,4252,210,5104,7,41,7583,2544,ITI,ITI1,9,Toscana,Toscana,3729641,526156,14.11,0.27
1715,2021-04-14,TOS,20118,8312,11806,399,408,122,1,33,146,16664,2294,10,41,15026,5092,ITI,ITI1,9,Toscana,Toscana,3729641,546274,14.65,0.54
1716,2021-04-29,TOS,39321,17704,21617,305,330,150,14,97,13130,19430,5747,19,99,19220,20101,ITI,ITI1,9,Toscana,Toscana,3729641,585595,15.7,1.05
1717,2021-03-28,TOS,6199,2801,3398,37,26,145,89,22,2402,893,2545,22,18,5945,254,ITI,ITI1,9,Toscana,Toscana,3729641,591794,15.87,0.17
1718,2021-04-02,TOS,31921,13519,18402,298,65,370,6,15,8605,19834,2562,117,49,23901,8020,ITI,ITI1,9,Toscana,Toscana,3729641,623715,16.72,0.86
1719,2021-04-03,TOS,15011,6644,8367,101,64,99,13,16,6585,4914,3183,10,26,13885,1126,ITI,ITI1,9,Toscana,Toscana,3729641,638726,17.13,0.4
1720,2021-02-18,TOS,8817,3285,5532,2924,1447,230,3142,0,0,214,0,860,0,7923,894,ITI,ITI1,9,Toscana,Toscana,3729641,647543,17.36,0.24
1721,2021-03-15,TOS,8356,3331,5025,3214,1609,404,2281,0,2,36,325,482,3,3914,4442,ITI,ITI1,9,Toscana,Toscana,3729641,655899,17.59,0.22
1722,2021-05-10,TOS,26057,12311,13746,488,264,32,2028,7611,3699,657,10135,927,216,15473,10584,ITI,ITI1,9,Toscana,Toscana,3729641,681956,18.28,0.7
1723,2021-01-15,TOS,3878,1347,2531,2758,674,444,0,0,0,0,0,0,2,3878,0,ITI,ITI1,9,Toscana,Toscana,3729641,685834,18.39,0.1
1724,2021-05-04,TOS,18251,8186,10065,371,424,60,11,127,3757,3867,9425,89,120,12826,5425,ITI,ITI1,9,Toscana,Toscana,3729641,704085,18.88,0.49
1725,2021-03-27,TOS,8845,4139,4706,115,72,243,198,17,3197,2074,2841,57,31,8630,215,ITI,ITI1,9,Toscana,Toscana,3729641,712930,19.12,0.24
1726,2021-01-21,TOS,1589,686,903,579,220,790,0,0,0,0,0,0,0,867,722,ITI,ITI1,9,Toscana,Toscana,3729641,714519,19.16,0.04
1727,2021-04-09,TOS,24513,10539,13974,242,121,220,3,42,94,20299,3438,17,37,21109,3404,ITI,ITI1,9,Toscana,Toscana,3729641,739032,19.82,0.66
1728,2021-03-20,TOS,6489,2882,3607,914,563,165,34,4,3576,773,423,27,10,5354,1135,ITI,ITI1,9,Toscana,Toscana,3729641,745521,19.99,0.17
1729,2021-02-17,TOS,8173,3168,5005,3464,1122,249,2485,0,0,218,0,635,0,7422,751,ITI,ITI1,9,Toscana,Toscana,3729641,753694,20.21,0.22
1730,2021-02-23,TOS,7721,3324,4397,1490,1512,204,2832,0,0,510,1,1170,2,7560,161,ITI,ITI1,9,Toscana,Toscana,3729641,761415,20.42,0.21
1731,2021-02-24,TOS,10371,4466,5905,81,1513,301,2947,0,0,4141,0,1383,5,10170,201,ITI,ITI1,9,Toscana,Toscana,3729641,771786,20.69,0.28
1732,2021-01-13,TOS,4062,1398,2664,3308,348,404,0,0,0,0,0,0,2,4062,0,ITI,ITI1,9,Toscana,Toscana,3729641,775848,20.8,0.11
1733,2021-03-07,TOS,5647,2356,3291,3103,642,123,774,0,0,15,417,573,0,2105,3542,ITI,ITI1,9,Toscana,Toscana,3729641,781495,20.95,0.15
1734,2021-02-16,TOS,9279,3339,5940,5084,952,188,2324,0,0,10,0,720,1,8558,721,ITI,ITI1,9,Toscana,Toscana,3729641,790774,21.2,0.25
1735,2021-04-04,TOS,13910,6601,7309,17,20,1,52,14,12885,173,723,5,20,13657,253,ITI,ITI1,9,Toscana,Toscana,3729641,804684,21.58,0.37
1736,2021-03-01,TOS,4472,1733,2739,3192,597,137,25,0,0,9,1,509,2,832,3640,ITI,ITI1,9,Toscana,Toscana,3729641,809156,21.7,0.12
1737,2021-04-18,TOS,8323,4079,4244,427,217,68,2,25,678,1411,5464,4,27,7328,995,ITI,ITI1,9,Toscana,Toscana,3729641,817479,21.92,0.22
1738,2021-01-07,TOS,6018,1751,4267,5308,29,680,0,0,0,0,0,0,1,6018,0,ITI,ITI1,9,Toscana,Toscana,3729641,823497,22.08,0.16
1739,2021-03-31,TOS,32563,13127,19436,279,111,277,3699,62,2643,23406,1481,451,154,20408,12155,ITI,ITI1,9,Toscana,Toscana,3729641,856060,22.95,0.87
1740,2021-01-09,TOS,4485,1596,2889,3780,143,560,0,0,0,1,0,0,1,4485,0,ITI,ITI1,9,Toscana,Toscana,3729641,860545,23.07,0.12
1741,2021-04-24,TOS,13412,6152,7260,128,236,139,4,75,310,6629,5817,2,72,5977,7435,ITI,ITI1,9,Toscana,Toscana,3729641,873957,23.43,0.36
1742,2021-02-28,TOS,1649,667,982,1111,202,78,9,0,0,0,0,249,0,922,727,ITI,ITI1,9,Toscana,Toscana,3729641,875606,23.48,0.04
1743,2021-01-16,TOS,3271,1046,2225,2493,538,240,0,0,0,0,0,0,0,3271,0,ITI,ITI1,9,Toscana,Toscana,3729641,878877,23.56,0.09
1744,2021-04-06,TOS,22166,9770,12396,806,405,136,1626,124,10038,5664,2913,175,279,18453,3713,ITI,ITI1,9,Toscana,Toscana,3729641,901043,24.16,0.59
1745,2021-01-31,TOS,3050,1129,1921,2465,134,448,0,0,0,1,0,0,2,106,2944,ITI,ITI1,9,Toscana,Toscana,3729641,904093,24.24,0.08
1746,2021-04-01,TOS,26898,11104,15794,248,114,304,6,5,30,24577,1402,159,53,16297,10601,ITI,ITI1,9,Toscana,Toscana,3729641,930991,24.96,0.72
1747,2021-02-21,TOS,5105,2089,3016,3666,1220,195,9,0,0,2,0,13,0,4935,170,ITI,ITI1,9,Toscana,Toscana,3729641,936096,25.1,0.14
1748,2021-05-17,TOS,29304,14537,14767,363,1425,12,2424,4355,2393,182,8942,1363,7845,20688,8616,ITI,ITI1,9,Toscana,Toscana,3729641,965400,25.88,0.79
1749,2021-02-04,TOS,4253,1594,2659,3168,623,456,0,0,0,5,0,0,1,961,3292,ITI,ITI1,9,Toscana,Toscana,3729641,969653,26.0,0.11
1750,2021-03-26,TOS,20389,9152,11237,251,326,215,333,28,3493,11889,3664,145,45,14639,5750,ITI,ITI1,9,Toscana,Toscana,3729641,990042,26.55,0.55
1751,2021-01-28,TOS,6281,1882,4399,5426,64,788,0,0,0,1,0,0,2,354,5927,ITI,ITI1,9,Toscana,Toscana,3729641,996323,26.71,0.17
1752,2021-01-10,TOS,3001,1104,1897,2432,134,431,0,1,0,0,0,0,3,3001,0,ITI,ITI1,9,Toscana,Toscana,3729641,999324,26.79,0.08
1753,2021-01-20,TOS,1331,637,694,435,255,640,0,0,0,0,0,0,1,1083,248,ITI,ITI1,9,Toscana,Toscana,3729641,1000655,26.83,0.04
1754,2021-04-07,TOS,35618,15285,20333,309,595,98,20,57,11344,19889,3100,81,125,28380,7238,ITI,ITI1,9,Toscana,Toscana,3729641,1036273,27.78,0.95
1755,2021-01-11,TOS,5094,1691,3403,4362,209,522,0,0,0,0,0,0,1,5094,0,ITI,ITI1,9,Toscana,Toscana,3729641,1041367,27.92,0.14
1756,2021-04-12,TOS,2609,1182,1427,168,440,225,6,4,13,380,1366,4,3,1955,654,ITI,ITI1,9,Toscana,Toscana,3729641,1043976,27.99,0.07
1757,2021-01-25,TOS,5126,1896,3230,4160,54,909,0,0,0,1,0,0,2,248,4878,ITI,ITI1,9,Toscana,Toscana,3729641,1049102,28.13,0.14
1758,2021-05-05,TOS,29934,13326,16608,317,515,196,8,366,3726,11912,12598,18,278,15617,14317,ITI,ITI1,9,Toscana,Toscana,3729641,1079036,28.93,0.8
1759,2021-01-02,TOS,3497,1096,2401,2681,15,801,0,0,0,0,0,0,0,3497,0,ITI,ITI1,9,Toscana,Toscana,3729641,1082533,29.03,0.09
1760,2021-05-03,TOS,11917,5500,6417,159,96,43,3,141,3856,708,6841,14,56,10605,1312,ITI,ITI1,9,Toscana,Toscana,3729641,1094450,29.34,0.32
1761,2021-04-11,TOS,3640,1677,1963,62,87,99,4,7,67,1672,1638,0,4,3485,155,ITI,ITI1,9,Toscana,Toscana,3729641,1098090,29.44,0.1
1762,2021-02-27,TOS,1976,749,1227,1352,311,132,19,0,0,1,0,160,1,1074,902,ITI,ITI1,9,Toscana,Toscana,3729641,1100066,29.5,0.05
1763,2021-03-09,TOS,10672,4150,6522,4806,907,180,11,1,3,3302,1163,296,3,5120,5552,ITI,ITI1,9,Toscana,Toscana,3729641,1110738,29.78,0.29
1764,2021-03-24,TOS,19654,7973,11681,222,385,195,773,51,2845,13977,873,255,78,10198,9456,ITI,ITI1,9,Toscana,Toscana,3729641,1130392,30.31,0.53
1765,2021-05-01,TOS,23282,10046,13236,75,169,124,2,113,10226,7499,5025,8,41,14118,9164,ITI,ITI1,9,Toscana,Toscana,3729641,1153674,30.93,0.62
1766,2021-05-12,TOS,33899,15445,18454,615,474,60,2191,7194,9235,5555,7195,866,514,14124,19775,ITI,ITI1,9,Toscana,Toscana,3729641,1187573,31.84,0.91
1767,2021-03-23,TOS,9088,4099,4989,310,313,351,338,52,2819,4030,659,148,68,6816,2272,ITI,ITI1,9,Toscana,Toscana,3729641,1196661,32.09,0.24
1768,2021-02-02,TOS,3742,1475,2267,3021,283,422,0,0,0,6,0,6,4,195,3547,ITI,ITI1,9,Toscana,Toscana,3729641,1200403,32.19,0.1
1769,2021-02-11,TOS,5383,2021,3362,2809,284,323,16,0,0,12,0,10,1929,5141,242,ITI,ITI1,9,Toscana,Toscana,3729641,1205786,32.33,0.14
1770,2021-02-05,TOS,5749,2245,3504,4122,1180,442,0,0,0,1,0,0,4,1924,3825,ITI,ITI1,9,Toscana,Toscana,3729641,1211535,32.48,0.15
1771,2021-04-10,TOS,11721,5348,6373,290,195,117,3,25,79,8131,2853,10,18,10975,746,ITI,ITI1,9,Toscana,Toscana,3729641,1223256,32.8,0.31
1772,2021-05-15,TOS,28732,13621,15111,218,516,28,16,14270,2767,1434,7342,55,2086,23514,5218,ITI,ITI1,9,Toscana,Toscana,3729641,1251988,33.57,0.77
1773,2021-05-18,TOS,17630,8567,9063,228,917,5,1271,2354,2101,162,5258,539,4795,12718,4912,ITI,ITI1,9,Toscana,Toscana,3729641,1269618,34.04,0.47
1774,2021-03-13,TOS,9274,3300,5974,2835,1697,68,3740,0,2,178,384,369,1,5312,3962,ITI,ITI1,9,Toscana,Toscana,3729641,1278892,34.29,0.25
1775,2021-01-18,TOS,1119,636,483,430,313,375,0,0,0,0,0,0,1,1021,98,ITI,ITI1,9,Toscana,Toscana,3729641,1280011,34.32,0.03
1776,2021-02-10,TOS,4263,1281,2982,3535,239,485,0,1,1,1,0,1,0,3740,523,ITI,ITI1,9,Toscana,Toscana,3729641,1284274,34.43,0.11
1777,2021-01-27,TOS,4834,1572,3262,4017,73,743,0,0,0,0,0,0,1,206,4628,ITI,ITI1,9,Toscana,Toscana,3729641,1289108,34.56,0.13
1778,2021-05-08,TOS,29049,13070,15979,457,451,23,2942,5008,1288,4389,14056,189,246,13681,15368,ITI,ITI1,9,Toscana,Toscana,3729641,1318157,35.34,0.78
1779,2021-02-22,TOS,9818,4254,5564,3483,2235,316,2702,0,0,22,1,1058,1,9541,277,ITI,ITI1,9,Toscana,Toscana,3729641,1327975,35.61,0.26
1780,2021-03-29,TOS,9377,4579,4798,227,140,244,200,15,4855,774,2709,197,16,9053,324,ITI,ITI1,9,Toscana,Toscana,3729641,1337352,35.86,0.25
1781,2021-01-08,TOS,5946,1642,4304,5361,37,545,0,0,0,0,0,0,3,5946,0,ITI,ITI1,9,Toscana,Toscana,3729641,1343298,36.02,0.16
1782,2021-02-07,TOS,2806,953,1853,2349,299,157,0,0,0,0,0,0,1,885,1921,ITI,ITI1,9,Toscana,Toscana,3729641,1346104,36.09,0.08
1783,2021-01-12,TOS,3581,1398,2183,2944,282,354,0,0,0,0,0,0,1,3581,0,ITI,ITI1,9,Toscana,Toscana,3729641,1349685,36.19,0.1
1784,2021-04-15,TOS,24371,10183,14188,359,300,174,6,36,149,20282,3005,11,49,15852,8519,ITI,ITI1,9,Toscana,Toscana,3729641,1374056,36.84,0.65
1785,2021-01-06,TOS,4520,1460,3060,3985,9,525,0,0,0,0,0,0,1,4520,0,ITI,ITI1,9,Toscana,Toscana,3729641,1378576,36.96,0.12
1786,2021-01-01,TOS,2369,787,1582,1715,2,650,0,0,0,2,0,0,0,2369,0,ITI,ITI1,9,Toscana,Toscana,3729641,1380945,37.03,0.06
1787,2021-05-16,TOS,26521,12823,13698,449,79,9,11,12182,2726,312,4637,192,5924,24156,2365,ITI,ITI1,9,Toscana,Toscana,3729641,1407466,37.74,0.71
1788,2021-03-05,TOS,16491,6336,10155,3922,1685,170,3871,0,1,5297,656,885,4,11750,4741,ITI,ITI1,9,Toscana,Toscana,3729641,1423957,38.18,0.44
1789,2021-01-05,TOS,5249,1755,3494,4354,15,878,0,0,0,0,0,0,2,5249,0,ITI,ITI1,9,Toscana,Toscana,3729641,1429206,38.32,0.14
1790,2021-02-08,TOS,4097,1360,2737,3373,343,377,0,0,0,2,0,0,2,3638,459,ITI,ITI1,9,Toscana,Toscana,3729641,1433303,38.43,0.11
1791,2021-01-30,TOS,4622,1622,3000,3765,218,638,0,0,0,0,0,0,1,198,4424,ITI,ITI1,9,Toscana,Toscana,3729641,1437925,38.55,0.12
1792,2021-01-29,TOS,6136,1698,4438,5375,138,622,0,0,0,0,0,0,1,302,5834,ITI,ITI1,9,Toscana,Toscana,3729641,1444061,38.72,0.16
1793,2021-03-12,TOS,16515,6219,10296,2612,1587,303,3922,3,4,7038,304,728,14,12987,3528,ITI,ITI1,9,Toscana,Toscana,3729641,1460576,39.16,0.44
1794,2021-04-20,TOS,18142,8102,10040,225,295,70,3,36,7069,6516,3906,3,19,12586,5556,ITI,ITI1,9,Toscana,Toscana,3729641,1478718,39.65,0.49
1795,2021-05-14,TOS,32597,15126,17471,747,750,27,2894,12011,2424,3522,8053,855,1314,20497,12100,ITI,ITI1,9,Toscana,Toscana,3729641,1511315,40.52,0.87
1796,2021-03-21,TOS,3231,1573,1658,660,796,77,12,0,1244,274,160,6,2,1798,1433,ITI,ITI1,9,Toscana,Toscana,3729641,1514546,40.61,0.09
1797,2021-05-09,TOS,22478,9736,12742,400,227,7,4905,3304,1511,1093,10662,255,114,9637,12841,ITI,ITI1,9,Toscana,Toscana,3729641,1537024,41.21,0.6
1798,2021-02-19,TOS,8287,2948,5339,2967,1207,245,3105,0,0,154,1,606,2,7780,507,ITI,ITI1,9,Toscana,Toscana,3729641,1545311,41.43,0.22
1799,2021-05-11,TOS,27875,12951,14924,410,683,65,2079,5833,9253,1773,6745,885,149,12459,15416,ITI,ITI1,9,Toscana,Toscana,3729641,1573186,42.18,0.75
1800,2021-04-28,TOS,19085,8173,10912,413,362,19,6,57,160,14020,3931,30,87,3819,15266,ITI,ITI1,9,Toscana,Toscana,3729641,1592271,42.69,0.51
1801,2021-03-10,TOS,18011,7073,10938,3006,851,271,14,3,3,12282,1317,253,11,13994,4017,ITI,ITI1,9,Toscana,Toscana,3729641,1610282,43.18,0.48
1802,2020-12-27,TOS,620,267,353,460,10,13,0,23,4,5,0,0,105,620,0,ITI,ITI1,9,Toscana,Toscana,3729641,1610902,43.19,0.02
1803,2020-12-30,TOS,327,104,223,34,10,283,0,0,0,0,0,0,0,327,0,ITI,ITI1,9,Toscana,Toscana,3729641,1611229,43.2,0.01
1804,2021-03-16,TOS,4898,1880,3018,1551,427,124,16,1,5,2115,643,13,3,2655,2243,ITI,ITI1,9,Toscana,Toscana,3729641,1616127,43.33,0.13
1805,2021-03-06,TOS,7093,2837,4256,3802,657,145,1145,0,2,30,918,394,0,2901,4192,ITI,ITI1,9,Toscana,Toscana,3729641,1623220,43.52,0.19
1806,2021-04-30,TOS,39883,17624,22259,281,101,163,2,115,13624,18096,7334,47,120,20057,19826,ITI,ITI1,9,Toscana,Toscana,3729641,1663103,44.59,1.07
1807,2021-03-14,TOS,7207,2574,4633,3104,1195,122,2476,0,1,44,26,239,0,3272,3935,ITI,ITI1,9,Toscana,Toscana,3729641,1670310,44.78,0.19
1808,2021-04-21,TOS,29569,12650,16919,297,283,76,2,129,7378,16788,4483,16,117,17488,12081,ITI,ITI1,9,Toscana,Toscana,3729641,1699879,45.58,0.79
1809,2021-04-27,TOS,10338,4906,5432,332,347,39,1,47,347,3957,5211,2,55,3859,6479,ITI,ITI1,9,Toscana,Toscana,3729641,1710217,45.85,0.28
1810,2021-01-26,TOS,5393,1792,3601,4358,81,951,0,0,0,0,0,0,3,220,5173,ITI,ITI1,9,Toscana,Toscana,3729641,1715610,46.0,0.14
1811,2020-12-31,TOS,805,202,603,97,10,698,0,0,0,0,0,0,0,805,0,ITI,ITI1,9,Toscana,Toscana,3729641,1716415,46.02,0.02
1812,2021-02-09,TOS,4488,1468,3020,3582,386,514,0,0,0,4,0,0,2,3877,611,ITI,ITI1,9,Toscana,Toscana,3729641,1720903,46.14,0.12
1813,2021-03-17,TOS,11419,4586,6833,365,327,189,2,5,8,9769,740,2,12,6891,4528,ITI,ITI1,9,Toscana,Toscana,3729641,1732322,46.45,0.31
1814,2021-02-14,TOS,8998,2569,6429,3033,549,81,10,2,1,0,0,261,5061,8888,110,ITI,ITI1,9,Toscana,Toscana,3729641,1741320,46.69,0.24
1815,2021-04-18,SIC,19723,9862,9861,243,84,104,94,5978,1808,2681,8635,15,81,15358,4365,ITG,ITG1,19,Sicilia,Sicilia,4999891,19723,0.39,0.39
1816,2021-04-24,SIC,31348,14801,16547,444,182,393,135,4684,2828,5662,16647,98,275,23608,7740,ITG,ITG1,19,Sicilia,Sicilia,4999891,51071,1.02,0.63
1817,2021-01-31,SIC,4108,1958,2150,2600,835,293,0,61,26,26,0,0,267,113,3995,ITG,ITG1,19,Sicilia,Sicilia,4999891,55179,1.1,0.08
1818,2021-05-09,SIC,28141,13163,14978,392,221,92,592,2601,1365,2024,17625,334,2895,19873,8268,ITG,ITG1,19,Sicilia,Sicilia,4999891,83320,1.67,0.56
1819,2021-02-10,SIC,4434,1819,2615,1975,1154,741,0,59,33,18,0,0,454,4009,425,ITG,ITG1,19,Sicilia,Sicilia,4999891,87754,1.76,0.09
1820,2021-04-21,SIC,22652,10873,11779,545,231,371,121,1668,1610,3730,14096,29,251,16444,6208,ITG,ITG1,19,Sicilia,Sicilia,4999891,110406,2.21,0.45
1821,2021-02-17,SIC,5415,3280,2135,1526,717,884,2,39,8,10,0,1990,239,4746,669,ITG,ITG1,19,Sicilia,Sicilia,4999891,115821,2.32,0.11
1822,2021-03-23,SIC,21064,10076,10988,886,436,441,1645,182,3526,5910,7353,403,282,15410,5654,ITG,ITG1,19,Sicilia,Sicilia,4999891,136885,2.74,0.42
1823,2021-03-14,SIC,8837,3951,4886,571,416,180,678,146,1692,4351,148,67,588,4978,3859,ITG,ITG1,19,Sicilia,Sicilia,4999891,145722,2.91,0.18
1824,2021-04-27,SIC,26356,12701,13655,617,207,376,103,1794,1786,4404,16759,97,213,15575,10781,ITG,ITG1,19,Sicilia,Sicilia,4999891,172078,3.44,0.53
1825,2021-05-08,SIC,35743,17073,18670,524,194,150,452,3200,2002,3045,21975,1064,3137,25430,10313,ITG,ITG1,19,Sicilia,Sicilia,4999891,207821,4.16,0.71
1826,2021-01-10,SIC,3620,1616,2004,2128,552,464,0,42,22,92,0,0,320,3620,0,ITG,ITG1,19,Sicilia,Sicilia,4999891,211441,4.23,0.07
1827,2021-03-15,SIC,10813,4712,6101,1250,494,728,1118,60,1526,4916,132,306,283,5746,5067,ITG,ITG1,19,Sicilia,Sicilia,4999891,222254,4.45,0.22
1828,2021-01-28,SIC,9312,4393,4919,7451,1368,295,0,35,11,4,0,0,148,406,8906,ITG,ITG1,19,Sicilia,Sicilia,4999891,231566,4.63,0.19
1829,2021-02-14,SIC,1058,403,655,433,301,236,0,9,3,4,0,0,72,918,140,ITG,ITG1,19,Sicilia,Sicilia,4999891,232624,4.65,0.02
1830,2021-04-28,SIC,29304,13755,15549,651,229,418,96,2462,2174,4479,18269,170,356,20233,9071,ITG,ITG1,19,Sicilia,Sicilia,4999891,261928,5.24,0.59
1831,2021-03-16,SIC,9786,4366,5420,1640,503,787,43,59,127,5722,579,55,271,3668,6118,ITG,ITG1,19,Sicilia,Sicilia,4999891,271714,5.43,0.2
1832,2021-04-20,SIC,19280,9081,10199,474,276,456,58,1468,1428,3597,11380,22,121,13939,5341,ITG,ITG1,19,Sicilia,Sicilia,4999891,290994,5.82,0.39
1833,2021-05-05,SIC,26297,12173,14124,677,327,328,89,2428,1872,3431,15885,458,802,16707,9590,ITG,ITG1,19,Sicilia,Sicilia,4999891,317291,6.35,0.53
1834,2021-01-02,SIC,4877,2537,2340,4316,144,0,0,87,7,2,0,0,321,4877,0,ITG,ITG1,19,Sicilia,Sicilia,4999891,322168,6.44,0.1
1835,2021-05-03,SIC,23459,10822,12637,611,266,283,88,1690,1776,3017,15425,127,176,13572,9887,ITG,ITG1,19,Sicilia,Sicilia,4999891,345627,6.91,0.47
1836,2021-05-01,SIC,24472,11326,13146,439,164,146,104,2777,2092,2533,15950,78,189,19312,5160,ITG,ITG1,19,Sicilia,Sicilia,4999891,370099,7.4,0.49
1837,2021-02-02,SIC,5544,2624,2920,3157,1563,429,0,50,7,21,1,0,316,634,4910,ITG,ITG1,19,Sicilia,Sicilia,4999891,375643,7.51,0.11
1838,2020-12-28,SIC,208,125,83,206,2,0,0,0,0,0,0,0,0,208,0,ITG,ITG1,19,Sicilia,Sicilia,4999891,375851,7.52,0.0
1839,2021-01-15,SIC,5083,2233,2850,2827,1046,479,0,67,19,2,0,0,643,5083,0,ITG,ITG1,19,Sicilia,Sicilia,4999891,380934,7.62,0.1
1840,2021-03-11,SIC,15451,6518,8933,1603,1275,1024,3319,198,2106,4043,154,981,748,12886,2565,ITG,ITG1,19,Sicilia,Sicilia,4999891,396385,7.93,0.31
1841,2021-01-11,SIC,5909,2594,3315,3924,1017,382,0,83,17,89,0,0,397,5909,0,ITG,ITG1,19,Sicilia,Sicilia,4999891,402294,8.05,0.12
1842,2021-03-24,SIC,21143,9907,11236,954,486,625,1461,343,3215,5943,7606,200,310,15306,5837,ITG,ITG1,19,Sicilia,Sicilia,4999891,423437,8.47,0.42
1843,2021-03-07,SIC,9270,3456,5814,966,561,476,3284,88,12,3453,18,227,185,8187,1083,ITG,ITG1,19,Sicilia,Sicilia,4999891,432707,8.65,0.19
1844,2021-03-26,SIC,17999,8365,9634,1072,596,403,1309,225,2829,5597,5602,124,242,12468,5531,ITG,ITG1,19,Sicilia,Sicilia,4999891,450706,9.01,0.36
1845,2021-02-28,SIC,7173,3069,4104,869,410,112,1358,90,7,3352,2,271,702,6544,629,ITG,ITG1,19,Sicilia,Sicilia,4999891,457879,9.16,0.14
1846,2021-04-04,SIC,6831,3329,3502,190,97,120,44,107,852,2464,2851,17,89,5539,1292,ITG,ITG1,19,Sicilia,Sicilia,4999891,464710,9.29,0.14
1847,2021-04-07,SIC,15551,7635,7916,763,373,434,159,211,1631,4464,7155,52,309,8387,7164,ITG,ITG1,19,Sicilia,Sicilia,4999891,480261,9.61,0.31
1848,2021-01-16,SIC,2778,1196,1582,1331,561,298,0,24,15,6,0,0,543,2778,0,ITG,ITG1,19,Sicilia,Sicilia,4999891,483039,9.66,0.06
1849,2021-01-23,SIC,4201,2165,2036,3976,186,16,0,1,2,0,0,0,20,217,3984,ITG,ITG1,19,Sicilia,Sicilia,4999891,487240,9.75,0.08
1850,2021-02-11,SIC,5322,2098,3224,2453,1442,885,0,77,25,7,0,0,433,4859,463,ITG,ITG1,19,Sicilia,Sicilia,4999891,492562,9.85,0.11
1851,2021-05-17,SIC,32045,15413,16632,579,431,348,1062,2412,1347,1830,14328,1265,8443,19302,12743,ITG,ITG1,19,Sicilia,Sicilia,4999891,524607,10.49,0.64
1852,2021-05-12,SIC,36790,17328,19462,700,376,451,821,1917,1634,3070,23272,1400,3149,21854,14936,ITG,ITG1,19,Sicilia,Sicilia,4999891,561397,11.23,0.74
1853,2021-04-06,SIC,17872,8542,9330,802,278,538,179,222,1858,5499,8025,77,394,13547,4325,ITG,ITG1,19,Sicilia,Sicilia,4999891,579269,11.59,0.36
1854,2021-02-04,SIC,6930,3186,3744,4424,1449,556,0,49,13,18,0,0,421,1455,5475,ITG,ITG1,19,Sicilia,Sicilia,4999891,586199,11.72,0.14
1855,2021-03-13,SIC,12467,5493,6974,1174,771,513,1768,210,2143,4708,133,203,844,7859,4608,ITG,ITG1,19,Sicilia,Sicilia,4999891,598666,11.97,0.25
1856,2021-02-19,SIC,5128,2731,2397,1478,847,599,239,31,13,83,2,1518,318,4563,565,ITG,ITG1,19,Sicilia,Sicilia,4999891,603794,12.08,0.1
1857,2021-02-15,SIC,3926,1818,2108,1698,1011,645,26,28,10,14,11,281,202,3361,565,ITG,ITG1,19,Sicilia,Sicilia,4999891,607720,12.15,0.08
1858,2021-04-01,SIC,14398,6673,7725,620,215,488,191,127,2239,5110,4862,405,141,9683,4715,ITG,ITG1,19,Sicilia,Sicilia,4999891,622118,12.44,0.29
1859,2021-02-18,SIC,5475,3153,2322,1633,880,835,96,21,8,11,5,1819,167,5047,428,ITG,ITG1,19,Sicilia,Sicilia,4999891,627593,12.55,0.11
1860,2021-02-21,SIC,5168,2501,2667,376,162,173,153,38,6,3918,3,174,165,5061,107,ITG,ITG1,19,Sicilia,Sicilia,4999891,632761,12.66,0.1
1861,2021-05-04,SIC,26813,12464,14349,591,276,347,98,2268,2278,3285,17016,274,380,17637,9176,ITG,ITG1,19,Sicilia,Sicilia,4999891,659574,13.19,0.54
1862,2021-01-18,SIC,1641,661,980,724,189,268,0,22,11,0,0,0,427,1494,147,ITG,ITG1,19,Sicilia,Sicilia,4999891,661215,13.22,0.03
1863,2021-04-03,SIC,16233,7732,8501,437,167,292,198,989,4279,4944,4495,35,397,13397,2836,ITG,ITG1,19,Sicilia,Sicilia,4999891,677448,13.55,0.32
1864,2021-03-27,SIC,15748,7436,8312,648,416,378,739,246,1806,5648,5547,56,264,10835,4913,ITG,ITG1,19,Sicilia,Sicilia,4999891,693196,13.86,0.31
1865,2021-02-12,SIC,4674,1847,2827,2291,1375,604,0,45,17,10,0,0,332,4407,267,ITG,ITG1,19,Sicilia,Sicilia,4999891,697870,13.96,0.09
1866,2021-01-27,SIC,7524,3835,3689,6322,817,152,0,44,11,7,0,0,171,187,7337,ITG,ITG1,19,Sicilia,Sicilia,4999891,705394,14.11,0.15
1867,2021-04-02,SIC,14008,6595,7413,623,217,357,201,130,2128,5225,4889,79,159,9222,4786,ITG,ITG1,19,Sicilia,Sicilia,4999891,719402,14.39,0.28
1868,2021-05-15,SIC,56967,26609,30358,577,478,222,1857,4345,2474,2960,25864,1113,17077,41618,15349,ITG,ITG1,19,Sicilia,Sicilia,4999891,776369,15.53,1.14
1869,2021-05-10,SIC,28302,13595,14707,593,277,233,431,1813,1368,2680,17038,1400,2469,16189,12113,ITG,ITG1,19,Sicilia,Sicilia,4999891,804671,16.09,0.57
1870,2021-04-12,SIC,18947,9202,9745,424,150,390,118,1353,1569,3679,11036,27,201,11607,7340,ITG,ITG1,19,Sicilia,Sicilia,4999891,823618,16.47,0.38
1871,2021-03-20,SIC,18814,9032,9782,835,316,433,1217,189,2524,5491,7266,114,429,13486,5328,ITG,ITG1,19,Sicilia,Sicilia,4999891,842432,16.85,0.38
1872,2021-02-13,SIC,3097,1164,1933,1294,920,562,0,36,19,13,0,1,252,2841,256,ITG,ITG1,19,Sicilia,Sicilia,4999891,845529,16.91,0.06
1873,2021-01-25,SIC,7507,3694,3813,6630,575,70,0,21,7,44,0,0,160,315,7192,ITG,ITG1,19,Sicilia,Sicilia,4999891,853036,17.06,0.15
1874,2021-04-11,SIC,15342,7578,7764,220,97,182,97,782,1024,3170,9639,15,116,8313,7029,ITG,ITG1,19,Sicilia,Sicilia,4999891,868378,17.37,0.31
1875,2021-03-09,SIC,13156,5588,7568,1591,1208,709,3687,111,19,4001,197,1128,505,10784,2372,ITG,ITG1,19,Sicilia,Sicilia,4999891,881534,17.63,0.26
1876,2021-02-24,SIC,9561,4850,4711,1409,744,504,921,25,23,4095,1,1611,228,8971,590,ITG,ITG1,19,Sicilia,Sicilia,4999891,891095,17.82,0.19
1877,2021-02-16,SIC,4371,2282,2089,1460,960,796,1,35,9,27,8,877,198,3906,465,ITG,ITG1,19,Sicilia,Sicilia,4999891,895466,17.91,0.09
1878,2021-03-29,SIC,15001,7035,7966,874,350,338,304,129,2529,5040,5156,104,177,10484,4517,ITG,ITG1,19,Sicilia,Sicilia,4999891,910467,18.21,0.3
1879,2021-04-22,SIC,27096,12807,14289,634,169,400,98,3051,2041,4404,16055,36,208,20556,6540,ITG,ITG1,19,Sicilia,Sicilia,4999891,937563,18.75,0.54
1880,2021-02-08,SIC,4086,1759,2327,2346,1028,397,0,37,5,16,0,0,257,2128,1958,ITG,ITG1,19,Sicilia,Sicilia,4999891,941649,18.83,0.08
1881,2021-01-07,SIC,9177,4241,4936,7698,974,210,0,64,8,2,0,0,221,9177,0,ITG,ITG1,19,Sicilia,Sicilia,4999891,950826,19.02,0.18
1882,2021-01-09,SIC,7326,3424,3902,5034,1070,456,0,117,36,41,0,0,572,7326,0,ITG,ITG1,19,Sicilia,Sicilia,4999891,958152,19.16,0.15
1883,2021-03-31,SIC,14606,6750,7856,645,294,513,190,139,2226,5249,5070,106,174,9578,5028,ITG,ITG1,19,Sicilia,Sicilia,4999891,972758,19.46,0.29
1884,2021-05-07,SIC,36626,17296,19330,578,319,295,261,2829,2214,3459,22871,1393,2407,24998,11628,ITG,ITG1,19,Sicilia,Sicilia,4999891,1009384,20.19,0.73
1885,2021-03-08,SIC,13538,5824,7714,2010,1116,713,3995,134,24,3926,65,1013,542,10730,2808,ITG,ITG1,19,Sicilia,Sicilia,4999891,1022922,20.46,0.27
1886,2021-01-30,SIC,7841,3571,4270,5454,1611,475,0,47,12,4,0,0,238,175,7666,ITG,ITG1,19,Sicilia,Sicilia,4999891,1030763,20.62,0.16
1887,2021-01-14,SIC,5253,2516,2737,3047,1280,259,0,106,34,90,0,0,437,5253,0,ITG,ITG1,19,Sicilia,Sicilia,4999891,1036016,20.72,0.11
1888,2021-03-21,SIC,15228,7338,7890,489,228,75,958,161,2142,4573,6221,112,269,11253,3975,ITG,ITG1,19,Sicilia,Sicilia,4999891,1051244,21.03,0.3
1889,2021-01-13,SIC,5266,2491,2775,3046,1192,461,0,92,28,27,0,1,419,5266,0,ITG,ITG1,19,Sicilia,Sicilia,4999891,1056510,21.13,0.11
1890,2021-01-24,SIC,4308,2252,2056,3989,239,3,0,12,6,37,0,0,22,143,4165,ITG,ITG1,19,Sicilia,Sicilia,4999891,1060818,21.22,0.09
1891,2021-04-19,SIC,18516,8761,9755,666,416,386,80,909,1252,3490,11158,24,135,12809,5707,ITG,ITG1,19,Sicilia,Sicilia,4999891,1079334,21.59,0.37
1892,2021-03-05,SIC,15879,6839,9040,3187,1668,747,4078,94,30,4081,104,1476,414,11559,4320,ITG,ITG1,19,Sicilia,Sicilia,4999891,1095213,21.9,0.32
1893,2021-03-04,SIC,15195,6552,8643,2806,1835,749,3829,116,36,4029,27,1207,561,10997,4198,ITG,ITG1,19,Sicilia,Sicilia,4999891,1110408,22.21,0.3
1894,2021-04-29,SIC,31631,14745,16886,906,288,427,107,2656,2210,4640,19967,150,280,22295,9336,ITG,ITG1,19,Sicilia,Sicilia,4999891,1142039,22.84,0.63
1895,2021-05-06,SIC,28973,13712,15261,628,272,337,138,2464,1918,3629,17764,932,891,18409,10564,ITG,ITG1,19,Sicilia,Sicilia,4999891,1171012,23.42,0.58
1896,2021-02-23,SIC,8910,4670,4240,1264,726,517,577,16,9,4075,2,1483,241,8447,463,ITG,ITG1,19,Sicilia,Sicilia,4999891,1179922,23.6,0.18
1897,2021-01-04,SIC,8382,4177,4205,7603,548,6,0,26,8,2,0,0,189,8382,0,ITG,ITG1,19,Sicilia,Sicilia,4999891,1188304,23.77,0.17
1898,2021-04-23,SIC,28882,13843,15039,641,238,379,109,4086,2410,4331,16416,64,208,22936,5946,ITG,ITG1,19,Sicilia,Sicilia,4999891,1217186,24.34,0.58
1899,2021-04-05,SIC,8024,3959,4065,232,71,177,56,75,855,2922,3572,5,59,6584,1440,ITG,ITG1,19,Sicilia,Sicilia,4999891,1225210,24.5,0.16
1900,2021-02-01,SIC,6069,2681,3388,4158,1238,318,0,47,13,44,0,0,251,303,5766,ITG,ITG1,19,Sicilia,Sicilia,4999891,1231279,24.63,0.12
1901,2021-04-14,SIC,20385,9831,10554,588,184,385,97,1613,1563,4081,11698,29,147,11600,8785,ITG,ITG1,19,Sicilia,Sicilia,4999891,1251664,25.03,0.41
1902,2021-04-25,SIC,21342,10177,11165,250,146,176,50,3350,1748,3631,11791,54,146,16366,4976,ITG,ITG1,19,Sicilia,Sicilia,4999891,1273006,25.46,0.43
1903,2021-03-03,SIC,14668,6523,8145,2404,1513,524,3825,68,15,4349,45,1425,500,11580,3088,ITG,ITG1,19,Sicilia,Sicilia,4999891,1287674,25.75,0.29
1904,2021-02-25,SIC,10123,5253,4870,1766,924,515,661,30,7,4052,26,1729,413,8957,1166,ITG,ITG1,19,Sicilia,Sicilia,4999891,1297797,25.96,0.2
1905,2021-01-26,SIC,9481,4667,4814,8354,758,254,0,21,7,2,0,0,85,262,9219,ITG,ITG1,19,Sicilia,Sicilia,4999891,1307278,26.15,0.19
1906,2021-01-03,SIC,4698,2457,2241,4366,206,0,0,34,3,1,0,0,88,4698,0,ITG,ITG1,19,Sicilia,Sicilia,4999891,1311976,26.24,0.09
1907,2021-04-09,SIC,20534,10002,10532,732,295,360,281,914,1933,4411,11316,62,230,11388,9146,ITG,ITG1,19,Sicilia,Sicilia,4999891,1332510,26.65,0.41
1908,2021-02-06,SIC,5011,2188,2823,2518,1479,570,0,36,12,5,0,0,391,1462,3549,ITG,ITG1,19,Sicilia,Sicilia,4999891,1337521,26.75,0.1
1909,2021-01-19,SIC,1278,524,754,527,125,238,0,20,13,18,0,0,337,1095,183,ITG,ITG1,19,Sicilia,Sicilia,4999891,1338799,26.78,0.03
1910,2021-05-14,SIC,51850,24292,27558,679,440,410,1084,3637,2078,2955,24500,1757,14310,36017,15833,ITG,ITG1,19,Sicilia,Sicilia,4999891,1390649,27.81,1.04
1911,2021-02-03,SIC,6107,2860,3247,3360,1499,624,0,91,20,11,0,0,502,756,5351,ITG,ITG1,19,Sicilia,Sicilia,4999891,1396756,27.94,0.12
1912,2021-04-13,SIC,19902,9684,10218,657,216,331,127,1528,1703,3830,11329,40,141,11067,8835,ITG,ITG1,19,Sicilia,Sicilia,4999891,1416658,28.33,0.4
1913,2021-04-16,SIC,28726,14416,14310,744,323,657,107,8279,2364,4285,11757,33,177,20350,8376,ITG,ITG1,19,Sicilia,Sicilia,4999891,1445384,28.91,0.57
1914,2021-02-07,SIC,2349,997,1352,1611,435,157,0,16,9,1,0,0,120,675,1674,ITG,ITG1,19,Sicilia,Sicilia,4999891,1447733,28.96,0.05
1915,2021-04-08,SIC,16794,8286,8508,664,369,427,142,233,1586,3862,9144,106,261,8311,8483,ITG,ITG1,19,Sicilia,Sicilia,4999891,1464527,29.29,0.34
1916,2021-03-25,SIC,20527,9539,10988,1331,545,633,1381,255,3198,5610,7151,195,228,14988,5539,ITG,ITG1,19,Sicilia,Sicilia,4999891,1485054,29.7,0.41
1917,2021-03-02,SIC,14879,6365,8514,2371,1188,502,4328,50,5,4526,57,1406,446,12070,2809,ITG,ITG1,19,Sicilia,Sicilia,4999891,1499933,30.0,0.3
1918,2021-05-02,SIC,24656,11447,13209,467,152,111,102,2784,1828,2212,16626,62,312,18055,6601,ITG,ITG1,19,Sicilia,Sicilia,4999891,1524589,30.49,0.49
1919,2021-03-30,SIC,14595,6759,7836,712,402,382,255,149,2522,5125,4713,171,164,9769,4826,ITG,ITG1,19,Sicilia,Sicilia,4999891,1539184,30.78,0.29
1920,2021-01-20,SIC,817,414,403,431,59,192,0,20,2,0,0,0,113,573,244,ITG,ITG1,19,Sicilia,Sicilia,4999891,1540001,30.8,0.02
1921,2020-12-29,SIC,235,146,89,235,0,0,0,0,0,0,0,0,0,235,0,ITG,ITG1,19,Sicilia,Sicilia,4999891,1540236,30.81,0.0
1922,2021-04-26,SIC,21925,10377,11548,484,221,449,73,1388,1350,3694,14055,51,160,13784,8141,ITG,ITG1,19,Sicilia,Sicilia,4999891,1562161,31.24,0.44
1923,2021-04-30,SIC,35111,16416,18695,953,361,292,181,2965,2645,5118,22045,201,350,23911,11200,ITG,ITG1,19,Sicilia,Sicilia,4999891,1597272,31.95,0.7
1924,2021-02-26,SIC,12209,5967,6242,1833,1119,387,2443,47,18,3950,1,1851,560,10525,1684,ITG,ITG1,19,Sicilia,Sicilia,4999891,1609481,32.19,0.24
1925,2021-02-09,SIC,4412,1824,2588,2225,893,677,0,59,27,15,0,0,516,3357,1055,ITG,ITG1,19,Sicilia,Sicilia,4999891,1613893,32.28,0.09
1926,2021-05-13,SIC,47074,22114,24960,679,374,426,968,3096,1946,3123,24609,1327,10526,30575,16499,ITG,ITG1,19,Sicilia,Sicilia,4999891,1660967,33.22,0.94
1927,2021-01-17,SIC,1301,589,712,623,319,160,0,12,8,3,0,0,176,1245,56,ITG,ITG1,19,Sicilia,Sicilia,4999891,1662268,33.25,0.03
1928,2021-03-22,SIC,16817,7916,8901,912,364,384,1221,151,2147,5640,5652,120,226,11274,5543,ITG,ITG1,19,Sicilia,Sicilia,4999891,1679085,33.58,0.34
1929,2021-04-10,SIC,20661,10084,10577,486,196,367,239,1387,1763,4240,11732,44,207,11619,9042,ITG,ITG1,19,Sicilia,Sicilia,4999891,1699746,34.0,0.41
1930,2021-03-06,SIC,12916,5167,7749,1998,1209,865,3647,105,20,3958,65,696,353,10012,2904,ITG,ITG1,19,Sicilia,Sicilia,4999891,1712662,34.25,0.26
1931,2021-02-05,SIC,7217,3232,3985,3618,1903,856,0,74,32,109,0,0,625,2132,5085,ITG,ITG1,19,Sicilia,Sicilia,4999891,1719879,34.4,0.14
1932,2020-12-30,SIC,173,101,72,156,11,0,0,0,0,0,0,0,6,173,0,ITG,ITG1,19,Sicilia,Sicilia,4999891,1720052,34.4,0.0
1933,2021-03-17,SIC,15162,7460,7702,1403,561,701,62,157,204,5747,6039,43,245,9249,5913,ITG,ITG1,19,Sicilia,Sicilia,4999891,1735214,34.71,0.3
1934,2021-02-22,SIC,8016,4148,3868,1108,448,561,320,30,10,4133,0,1152,254,7525,491,ITG,ITG1,19,Sicilia,Sicilia,4999891,1743230,34.87,0.16
1935,2021-03-19,SIC,16516,8113,8403,1260,586,644,454,148,579,5428,7083,52,282,10787,5729,ITG,ITG1,19,Sicilia,Sicilia,4999891,1759746,35.2,0.33
1936,2021-01-08,SIC,8333,3866,4467,6596,942,213,0,78,33,23,0,0,448,8333,0,ITG,ITG1,19,Sicilia,Sicilia,4999891,1768079,35.36,0.17
1937,2021-03-28,SIC,10933,5137,5796,536,287,161,186,88,941,4513,4074,28,119,6922,4011,ITG,ITG1,19,Sicilia,Sicilia,4999891,1779012,35.58,0.22
1938,2021-01-05,SIC,10531,5160,5371,9078,915,207,0,47,7,4,0,0,273,10531,0,ITG,ITG1,19,Sicilia,Sicilia,4999891,1789543,35.79,0.21
1939,2021-01-06,SIC,6475,3405,3070,5720,435,2,0,51,31,15,0,0,221,6475,0,ITG,ITG1,19,Sicilia,Sicilia,4999891,1796018,35.92,0.13
1940,2021-04-15,SIC,21321,10370,10951,799,445,340,112,1742,1527,4164,11961,35,196,11764,9557,ITG,ITG1,19,Sicilia,Sicilia,4999891,1817339,36.35,0.43
1941,2021-03-01,SIC,12960,6121,6839,1555,1041,395,3146,58,18,4372,34,1856,485,11306,1654,ITG,ITG1,19,Sicilia,Sicilia,4999891,1830299,36.61,0.26
1942,2020-12-31,SIC,878,470,408,828,6,0,0,4,0,0,0,0,40,878,0,ITG,ITG1,19,Sicilia,Sicilia,4999891,1831177,36.62,0.02
1943,2021-01-12,SIC,4545,2235,2310,2863,1179,195,0,61,14,29,0,0,204,4545,0,ITG,ITG1,19,Sicilia,Sicilia,4999891,1835722,36.72,0.09
1944,2021-01-22,SIC,1249,632,617,1049,59,118,0,3,0,0,0,0,20,243,1006,ITG,ITG1,19,Sicilia,Sicilia,4999891,1836971,36.74,0.02
1945,2021-05-18,SIC,23015,11144,11871,360,363,192,784,1573,1170,1268,9905,1194,6206,13217,9798,ITG,ITG1,19,Sicilia,Sicilia,4999891,1859986,37.2,0.46
1946,2021-05-16,SIC,33117,16127,16990,410,172,68,1264,2969,1268,1922,13892,478,10674,21790,11327,ITG,ITG1,19,Sicilia,Sicilia,4999891,1893103,37.86,0.66
1947,2021-02-27,SIC,12433,5563,6870,1511,776,280,3368,149,11,3969,2,1146,1221,11228,1205,ITG,ITG1,19,Sicilia,Sicilia,4999891,1905536,38.11,0.25
1948,2021-01-01,SIC,815,437,378,740,29,0,0,10,0,0,0,0,36,815,0,ITG,ITG1,19,Sicilia,Sicilia,4999891,1906351,38.13,0.02
1949,2021-03-18,SIC,15600,7781,7819,1285,510,617,37,153,186,5458,6992,73,289,9863,5737,ITG,ITG1,19,Sicilia,Sicilia,4999891,1921951,38.44,0.31
1950,2021-01-29,SIC,9355,4317,5038,7146,1601,304,0,27,8,79,1,0,189,426,8929,ITG,ITG1,19,Sicilia,Sicilia,4999891,1931306,38.63,0.19
1951,2021-03-12,SIC,13108,5608,7500,1387,873,749,2400,236,1986,3873,156,625,823,10892,2216,ITG,ITG1,19,Sicilia,Sicilia,4999891,1944414,38.89,0.26
1952,2021-01-21,SIC,1348,657,691,1018,126,138,0,11,4,0,0,0,51,500,848,ITG,ITG1,19,Sicilia,Sicilia,4999891,1945762,38.92,0.03
1953,2021-04-17,SIC,26165,13218,12947,324,118,246,89,7791,2359,3876,11173,31,158,19014,7151,ITG,ITG1,19,Sicilia,Sicilia,4999891,1971927,39.44,0.52
1954,2021-03-10,SIC,13939,5952,7987,1479,1357,979,3759,148,23,4183,139,1105,767,11554,2385,ITG,ITG1,19,Sicilia,Sicilia,4999891,1985866,39.72,0.28
1955,2021-05-11,SIC,32381,15403,16978,613,272,204,760,1666,1505,2827,19974,1447,3113,19850,12531,ITG,ITG1,19,Sicilia,Sicilia,4999891,2018247,40.37,0.65
1956,2020-12-27,SIC,91,55,36,63,1,26,0,0,0,0,0,0,1,91,0,ITG,ITG1,19,Sicilia,Sicilia,4999891,2018338,40.37,0.0
1957,2021-02-20,SIC,7241,3725,3516,829,709,549,176,39,14,3978,9,729,209,6999,242,ITG,ITG1,19,Sicilia,Sicilia,4999891,2025579,40.51,0.14
1958,2021-02-28,ABR,1704,510,1194,23,6,0,1419,8,1,79,0,149,19,1702,2,ITF,ITF1,13,Abruzzo,Abruzzo,1304970,1704,0.13,0.13
1959,2021-01-17,ABR,187,59,128,136,44,0,0,0,0,0,0,0,7,180,7,ITF,ITF1,13,Abruzzo,Abruzzo,1304970,1891,0.14,0.01
1960,2021-05-13,ABR,11129,5034,6095,283,207,47,641,836,1417,617,5785,442,854,7167,3962,ITF,ITF1,13,Abruzzo,Abruzzo,1304970,13020,1.0,0.85
1961,2021-03-17,ABR,4539,1873,2666,285,102,144,11,18,33,3873,16,36,21,2800,1739,ITF,ITF1,13,Abruzzo,Abruzzo,1304970,17559,1.35,0.35
1962,2021-02-04,ABR,1681,615,1066,1168,413,58,0,5,0,0,0,0,37,609,1072,ITF,ITF1,13,Abruzzo,Abruzzo,1304970,19240,1.47,0.13
1963,2021-04-06,ABR,7684,3583,4101,432,98,44,54,114,499,2350,3941,46,106,5365,2319,ITF,ITF1,13,Abruzzo,Abruzzo,1304970,26924,2.06,0.59
1964,2021-02-09,ABR,908,311,597,612,161,131,0,1,1,1,0,0,1,499,409,ITF,ITF1,13,Abruzzo,Abruzzo,1304970,27832,2.13,0.07
1965,2021-05-17,ABR,11024,5036,5988,352,124,104,332,794,2646,426,4744,495,1007,6167,4857,ITF,ITF1,13,Abruzzo,Abruzzo,1304970,38856,2.98,0.84
1966,2021-04-26,ABR,8569,4070,4499,138,105,131,20,1663,2916,1077,2330,38,151,7352,1217,ITF,ITF1,13,Abruzzo,Abruzzo,1304970,47425,3.63,0.66
1967,2021-01-23,ABR,263,114,149,223,14,26,0,0,0,0,0,0,0,57,206,ITF,ITF1,13,Abruzzo,Abruzzo,1304970,47688,3.65,0.02
1968,2021-03-22,ABR,4281,1852,2429,384,388,56,441,31,19,2575,10,234,143,2311,1970,ITF,ITF1,13,Abruzzo,Abruzzo,1304970,51969,3.98,0.33
1969,2021-01-21,ABR,157,47,110,10,6,141,0,0,0,0,0,0,0,157,0,ITF,ITF1,13,Abruzzo,Abruzzo,1304970,52126,3.99,0.01
1970,2021-03-28,ABR,2415,1017,1398,247,129,1,175,105,54,895,421,242,146,2044,371,ITF,ITF1,13,Abruzzo,Abruzzo,1304970,54541,4.18,0.19
1971,2021-02-07,ABR,777,307,470,646,111,1,0,3,0,0,0,0,16,201,576,ITF,ITF1,13,Abruzzo,Abruzzo,1304970,55318,4.24,0.06
1972,2021-03-29,ABR,5625,2524,3101,463,54,49,195,71,73,3615,907,63,135,2986,2639,ITF,ITF1,13,Abruzzo,Abruzzo,1304970,60943,4.67,0.43
1973,2021-02-15,ABR,1794,831,963,625,258,221,0,0,10,392,0,262,26,1752,42,ITF,ITF1,13,Abruzzo,Abruzzo,1304970,62737,4.81,0.14
1974,2021-03-19,ABR,5793,2584,3209,755,280,118,13,14,42,4397,19,103,52,2774,3019,ITF,ITF1,13,Abruzzo,Abruzzo,1304970,68530,5.25,0.44
1975,2021-05-14,ABR,10603,5078,5525,244,152,48,160,737,1228,450,6298,368,918,5445,5158,ITF,ITF1,13,Abruzzo,Abruzzo,1304970,79133,6.06,0.81
1976,2021-02-21,ABR,1218,550,668,2,0,3,0,0,2,1209,0,2,0,1217,1,ITF,ITF1,13,Abruzzo,Abruzzo,1304970,80351,6.16,0.09
1977,2021-04-30,ABR,12350,5779,6571,346,141,74,99,2045,2845,1105,5416,33,246,6693,5657,ITF,ITF1,13,Abruzzo,Abruzzo,1304970,92701,7.1,0.95
1978,2021-01-12,ABR,1804,666,1138,1470,190,0,0,23,33,28,0,0,60,1804,0,ITF,ITF1,13,Abruzzo,Abruzzo,1304970,94505,7.24,0.14
1979,2021-02-26,ABR,3916,1670,2246,1025,336,160,261,64,11,1649,6,270,134,2948,968,ITF,ITF1,13,Abruzzo,Abruzzo,1304970,98421,7.54,0.3
1980,2021-03-21,ABR,2134,913,1221,9,0,1,130,7,9,1922,13,34,9,843,1291,ITF,ITF1,13,Abruzzo,Abruzzo,1304970,100555,7.71,0.16
1981,2021-03-05,ABR,5308,1948,3360,562,218,108,1392,77,4,2587,2,232,126,4610,698,ITF,ITF1,13,Abruzzo,Abruzzo,1304970,105863,8.11,0.41
1982,2021-01-22,ABR,118,57,61,2,1,112,0,1,0,0,0,0,2,118,0,ITF,ITF1,13,Abruzzo,Abruzzo,1304970,105981,8.12,0.01
1983,2021-02-12,ABR,1228,567,661,438,151,310,0,1,0,66,0,260,2,1039,189,ITF,ITF1,13,Abruzzo,Abruzzo,1304970,107209,8.22,0.09
1984,2021-03-06,ABR,4176,1357,2819,433,187,52,1555,29,8,1753,0,15,144,3606,570,ITF,ITF1,13,Abruzzo,Abruzzo,1304970,111385,8.54,0.32
1985,2021-03-18,ABR,3896,1651,2245,281,135,20,7,21,33,3297,4,68,30,2065,1831,ITF,ITF1,13,Abruzzo,Abruzzo,1304970,115281,8.83,0.3
1986,2021-05-10,ABR,10132,4795,5337,147,80,27,77,866,1940,351,5906,285,453,5483,4649,ITF,ITF1,13,Abruzzo,Abruzzo,1304970,125413,9.61,0.78
1987,2021-02-13,ABR,847,383,464,551,206,72,0,1,1,8,0,0,8,436,411,ITF,ITF1,13,Abruzzo,Abruzzo,1304970,126260,9.68,0.06
1988,2021-03-01,ABR,3477,1385,2092,689,174,174,282,18,10,1913,2,131,84,2724,753,ITF,ITF1,13,Abruzzo,Abruzzo,1304970,129737,9.94,0.27
1989,2021-04-22,ABR,6666,3194,3472,82,45,117,28,313,2117,921,2868,37,138,4985,1681,ITF,ITF1,13,Abruzzo,Abruzzo,1304970,136403,10.45,0.51
1990,2021-03-03,ABR,4619,1878,2741,1222,211,97,855,28,0,1585,3,385,233,3713,906,ITF,ITF1,13,Abruzzo,Abruzzo,1304970,141022,10.81,0.35
1991,2021-04-17,ABR,7346,3399,3947,349,251,23,65,192,454,2263,3666,32,51,4293,3053,ITF,ITF1,13,Abruzzo,Abruzzo,1304970,148368,11.37,0.56
1992,2021-05-07,ABR,12203,5708,6495,127,117,33,40,1577,2009,569,7176,85,470,7771,4432,ITF,ITF1,13,Abruzzo,Abruzzo,1304970,160571,12.3,0.94
1993,2021-03-08,ABR,5122,1666,3456,1188,280,115,2192,51,3,1032,0,105,156,4150,972,ITF,ITF1,13,Abruzzo,Abruzzo,1304970,165693,12.7,0.39
1994,2020-12-27,ABR,37,19,18,34,1,2,0,0,0,0,0,0,0,37,0,ITF,ITF1,13,Abruzzo,Abruzzo,1304970,165730,12.7,0.0
1995,2021-03-31,ABR,6648,2878,3770,446,279,80,245,53,83,3258,2042,30,132,4581,2067,ITF,ITF1,13,Abruzzo,Abruzzo,1304970,172378,13.21,0.51
1996,2021-03-10,ABR,4947,1638,3309,736,300,248,1870,27,4,1520,11,128,103,3990,957,ITF,ITF1,13,Abruzzo,Abruzzo,1304970,177325,13.59,0.38
1997,2021-02-23,ABR,2782,1275,1507,324,184,217,100,4,8,1490,2,286,167,2771,11,ITF,ITF1,13,Abruzzo,Abruzzo,1304970,180107,13.8,0.21
1998,2021-04-19,ABR,6225,2855,3370,77,74,36,22,149,2246,1258,2220,26,117,3855,2370,ITF,ITF1,13,Abruzzo,Abruzzo,1304970,186332,14.28,0.48
1999,2021-04-24,ABR,8712,3970,4742,84,137,137,23,324,1369,1227,5314,21,76,7180,1532,ITF,ITF1,13,Abruzzo,Abruzzo,1304970,195044,14.95,0.67
2000,2021-04-18,ABR,5814,2727,3087,149,71,25,19,75,168,964,4305,13,25,4872,942,ITF,ITF1,13,Abruzzo,Abruzzo,1304970,200858,15.39,0.45
2001,2021-03-04,ABR,5935,2358,3577,1170,322,92,818,39,12,2992,5,329,156,5013,922,ITF,ITF1,13,Abruzzo,Abruzzo,1304970,206793,15.85,0.45
2002,2021-03-23,ABR,4782,2143,2639,177,183,183,400,14,23,3356,13,355,78,2216,2566,ITF,ITF1,13,Abruzzo,Abruzzo,1304970,211575,16.21,0.37
2003,2021-05-15,ABR,11341,5137,6204,158,516,24,90,1184,1158,291,6635,185,1100,6045,5296,ITF,ITF1,13,Abruzzo,Abruzzo,1304970,222916,17.08,0.87
2004,2021-01-24,ABR,50,22,28,49,1,0,0,0,0,0,0,0,0,6,44,ITF,ITF1,13,Abruzzo,Abruzzo,1304970,222966,17.09,0.0
2005,2021-01-31,ABR,1501,487,1014,1154,236,102,0,1,0,0,0,0,8,286,1215,ITF,ITF1,13,Abruzzo,Abruzzo,1304970,224467,17.2,0.12
2006,2021-01-27,ABR,1364,515,849,1301,61,0,0,1,0,0,0,0,1,39,1325,ITF,ITF1,13,Abruzzo,Abruzzo,1304970,225831,17.31,0.1
2007,2021-03-09,ABR,5168,1795,3373,986,311,86,2046,31,3,1320,69,214,102,4229,939,ITF,ITF1,13,Abruzzo,Abruzzo,1304970,230999,17.7,0.4
2008,2021-01-04,ABR,1401,575,826,1396,5,0,0,0,0,0,0,0,0,1401,0,ITF,ITF1,13,Abruzzo,Abruzzo,1304970,232400,17.81,0.11
2009,2021-03-11,ABR,5419,2183,3236,1321,265,241,1563,50,20,1537,16,247,159,4280,1139,ITF,ITF1,13,Abruzzo,Abruzzo,1304970,237819,18.22,0.42
2010,2021-05-08,ABR,10287,4868,5419,137,120,46,31,1461,1587,744,5346,227,588,6451,3836,ITF,ITF1,13,Abruzzo,Abruzzo,1304970,248106,19.01,0.79
2011,2021-02-01,ABR,1632,573,1059,1384,228,1,0,3,0,0,0,0,16,271,1361,ITF,ITF1,13,Abruzzo,Abruzzo,1304970,249738,19.14,0.13
2012,2021-01-20,ABR,447,156,291,147,73,204,0,12,0,0,0,0,11,445,2,ITF,ITF1,13,Abruzzo,Abruzzo,1304970,250185,19.17,0.03
2013,2021-04-05,ABR,2693,1147,1546,136,205,4,16,31,41,1371,844,11,34,1813,880,ITF,ITF1,13,Abruzzo,Abruzzo,1304970,252878,19.38,0.21
2014,2021-01-03,ABR,471,185,286,464,7,0,0,0,0,0,0,0,0,471,0,ITF,ITF1,13,Abruzzo,Abruzzo,1304970,253349,19.41,0.04
2015,2021-04-13,ABR,5880,2753,3127,94,61,78,150,85,407,1260,3666,31,48,4680,1200,ITF,ITF1,13,Abruzzo,Abruzzo,1304970,259229,19.86,0.45
2016,2021-04-09,ABR,8760,4123,4637,311,121,32,44,109,817,3287,3903,40,96,6221,2539,ITF,ITF1,13,Abruzzo,Abruzzo,1304970,267989,20.54,0.67
2017,2021-01-28,ABR,1433,495,938,1370,61,1,0,0,1,0,0,0,0,12,1421,ITF,ITF1,13,Abruzzo,Abruzzo,1304970,269422,20.65,0.11
2018,2021-03-15,ABR,3630,1395,2235,657,358,79,330,27,40,1957,2,54,126,1822,1808,ITF,ITF1,13,Abruzzo,Abruzzo,1304970,273052,20.92,0.28
2019,2021-04-07,ABR,7119,3282,3837,187,214,82,15,69,106,3219,3054,96,77,4394,2725,ITF,ITF1,13,Abruzzo,Abruzzo,1304970,280171,21.47,0.55
2020,2021-02-03,ABR,2061,717,1344,1541,362,118,0,4,0,0,0,0,36,419,1642,ITF,ITF1,13,Abruzzo,Abruzzo,1304970,282232,21.63,0.16
2021,2021-01-19,ABR,111,55,56,27,3,50,0,8,0,0,0,0,23,91,20,ITF,ITF1,13,Abruzzo,Abruzzo,1304970,282343,21.64,0.01
2022,2021-03-27,ABR,6122,2621,3501,189,228,48,216,86,155,4270,736,77,117,3636,2486,ITF,ITF1,13,Abruzzo,Abruzzo,1304970,288465,22.11,0.47
2023,2021-05-01,ABR,10737,5049,5688,114,61,41,39,1236,1709,1134,6244,23,136,5759,4978,ITF,ITF1,13,Abruzzo,Abruzzo,1304970,299202,22.93,0.82
2024,2021-03-24,ABR,6387,2785,3602,485,299,231,430,114,238,3423,547,344,276,4134,2253,ITF,ITF1,13,Abruzzo,Abruzzo,1304970,305589,23.42,0.49
2025,2021-01-13,ABR,1253,440,813,1103,99,0,0,7,1,7,0,0,36,1253,0,ITF,ITF1,13,Abruzzo,Abruzzo,1304970,306842,23.51,0.1
2026,2021-04-14,ABR,6504,2896,3608,336,94,119,61,85,434,1467,3844,18,46,4426,2078,ITF,ITF1,13,Abruzzo,Abruzzo,1304970,313346,24.01,0.5
2027,2021-03-07,ABR,2515,628,1887,28,99,4,1815,68,10,463,0,1,27,2515,0,ITF,ITF1,13,Abruzzo,Abruzzo,1304970,315861,24.2,0.19
2028,2021-03-30,ABR,5057,2198,2859,211,204,38,286,52,57,2743,1327,51,88,3233,1824,ITF,ITF1,13,Abruzzo,Abruzzo,1304970,320918,24.59,0.39
2029,2021-03-25,ABR,5685,2560,3125,249,211,40,448,58,102,3820,239,311,207,3070,2615,ITF,ITF1,13,Abruzzo,Abruzzo,1304970,326603,25.03,0.44
2030,2021-05-12,ABR,9595,4575,5020,158,115,111,182,817,1338,283,5358,421,812,6024,3571,ITF,ITF1,13,Abruzzo,Abruzzo,1304970,336198,25.76,0.74
2031,2021-03-13,ABR,4125,1421,2704,518,606,138,1057,77,36,1402,6,105,180,3083,1042,ITF,ITF1,13,Abruzzo,Abruzzo,1304970,340323,26.08,0.32
2032,2021-04-28,ABR,9497,4579,4918,162,148,74,20,2353,1816,848,3882,35,159,7478,2019,ITF,ITF1,13,Abruzzo,Abruzzo,1304970,349820,26.81,0.73
2033,2021-04-02,ABR,6684,3094,3590,184,609,26,95,77,215,3304,2044,79,51,5197,1487,ITF,ITF1,13,Abruzzo,Abruzzo,1304970,356504,27.32,0.51
2034,2021-01-16,ABR,928,428,500,711,188,15,0,4,0,0,0,0,10,928,0,ITF,ITF1,13,Abruzzo,Abruzzo,1304970,357432,27.39,0.07
2035,2021-03-26,ABR,5301,2260,3041,264,213,37,449,75,122,3398,357,241,145,3231,2070,ITF,ITF1,13,Abruzzo,Abruzzo,1304970,362733,27.8,0.41
2036,2021-04-04,ABR,1631,767,864,94,57,2,4,9,282,446,719,2,16,1502,129,ITF,ITF1,13,Abruzzo,Abruzzo,1304970,364364,27.92,0.12
2037,2021-02-22,ABR,2644,1175,1469,477,275,46,251,4,4,1094,0,418,75,2614,30,ITF,ITF1,13,Abruzzo,Abruzzo,1304970,367008,28.12,0.2
2038,2021-03-12,ABR,6016,1985,4031,1003,591,138,2189,46,11,1726,2,141,169,4434,1582,ITF,ITF1,13,Abruzzo,Abruzzo,1304970,373024,28.58,0.46
2039,2021-03-16,ABR,3484,1452,2032,284,74,168,12,19,44,2849,6,8,20,1830,1654,ITF,ITF1,13,Abruzzo,Abruzzo,1304970,376508,28.85,0.27
2040,2021-04-10,ABR,8772,4057,4715,390,302,14,147,224,1132,2931,3456,32,144,6264,2508,ITF,ITF1,13,Abruzzo,Abruzzo,1304970,385280,29.52,0.67
2041,2021-02-11,ABR,816,262,554,473,184,154,0,0,0,0,0,0,5,773,43,ITF,ITF1,13,Abruzzo,Abruzzo,1304970,386096,29.59,0.06
2042,2021-04-15,ABR,7743,3610,4133,199,97,92,53,87,330,1567,5240,22,56,5904,1839,ITF,ITF1,13,Abruzzo,Abruzzo,1304970,393839,30.18,0.59
2043,2021-01-06,ABR,1830,664,1166,1546,148,133,0,0,0,0,0,0,3,1830,0,ITF,ITF1,13,Abruzzo,Abruzzo,1304970,395669,30.32,0.14
2044,2021-01-05,ABR,1614,604,1010,1604,10,0,0,0,0,0,0,0,0,1614,0,ITF,ITF1,13,Abruzzo,Abruzzo,1304970,397283,30.44,0.12
2045,2021-05-04,ABR,10692,5039,5653,176,116,17,36,1769,2522,357,5304,45,350,7074,3618,ITF,ITF1,13,Abruzzo,Abruzzo,1304970,407975,31.26,0.82
2046,2021-01-15,ABR,379,149,230,223,79,35,0,7,2,0,0,0,33,379,0,ITF,ITF1,13,Abruzzo,Abruzzo,1304970,408354,31.29,0.03
2047,2021-04-01,ABR,5528,2450,3078,273,117,56,153,153,156,2912,1527,48,133,3441,2087,ITF,ITF1,13,Abruzzo,Abruzzo,1304970,413882,31.72,0.42
2048,2021-04-03,ABR,5078,2216,2862,174,91,27,84,75,112,2403,1960,62,90,3482,1596,ITF,ITF1,13,Abruzzo,Abruzzo,1304970,418960,32.1,0.39
2049,2021-02-08,ABR,1197,396,801,710,214,264,0,1,0,0,0,0,8,487,710,ITF,ITF1,13,Abruzzo,Abruzzo,1304970,420157,32.2,0.09
2050,2021-01-18,ABR,122,48,74,106,8,2,0,3,0,0,0,0,3,46,76,ITF,ITF1,13,Abruzzo,Abruzzo,1304970,420279,32.21,0.01
2051,2021-02-27,ABR,2811,1337,1474,253,84,127,874,17,6,732,1,656,61,2545,266,ITF,ITF1,13,Abruzzo,Abruzzo,1304970,423090,32.42,0.22
2052,2021-04-11,ABR,5330,2606,2724,15,8,7,6,93,628,784,3732,6,51,4847,483,ITF,ITF1,13,Abruzzo,Abruzzo,1304970,428420,32.83,0.41
2053,2021-02-24,ABR,3302,1439,1863,391,180,248,131,12,12,1968,4,247,109,3126,176,ITF,ITF1,13,Abruzzo,Abruzzo,1304970,431722,33.08,0.25
2054,2021-01-29,ABR,1386,449,937,1290,95,0,0,1,0,0,0,0,0,74,1312,ITF,ITF1,13,Abruzzo,Abruzzo,1304970,433108,33.19,0.11
2055,2021-05-16,ABR,9578,4137,5441,159,211,19,1181,1163,635,240,5323,102,545,5766,3812,ITF,ITF1,13,Abruzzo,Abruzzo,1304970,442686,33.92,0.73
2056,2021-01-25,ABR,1603,632,971,1583,19,0,0,0,0,0,0,0,1,19,1584,ITF,ITF1,13,Abruzzo,Abruzzo,1304970,444289,34.05,0.12
2057,2021-02-17,ABR,2071,948,1123,512,144,393,1,0,21,714,0,210,76,1789,282,ITF,ITF1,13,Abruzzo,Abruzzo,1304970,446360,34.2,0.16
2058,2021-03-20,ABR,4723,2152,2571,318,205,64,95,50,99,3645,45,99,103,2559,2164,ITF,ITF1,13,Abruzzo,Abruzzo,1304970,451083,34.57,0.36
2059,2021-04-12,ABR,6227,2951,3276,217,67,50,36,192,504,1303,3757,20,81,5053,1174,ITF,ITF1,13,Abruzzo,Abruzzo,1304970,457310,35.04,0.48
2060,2021-01-07,ABR,1603,552,1051,1566,37,0,0,0,0,0,0,0,0,1603,0,ITF,ITF1,13,Abruzzo,Abruzzo,1304970,458913,35.17,0.12
2061,2021-01-09,ABR,1483,565,918,1430,50,0,0,1,0,0,0,0,2,1483,0,ITF,ITF1,13,Abruzzo,Abruzzo,1304970,460396,35.28,0.11
2062,2021-02-18,ABR,2288,933,1355,670,297,414,0,3,5,612,0,215,72,2158,130,ITF,ITF1,13,Abruzzo,Abruzzo,1304970,462684,35.46,0.18
2063,2021-01-08,ABR,1525,507,1018,1487,36,0,0,1,1,0,0,0,0,1525,0,ITF,ITF1,13,Abruzzo,Abruzzo,1304970,464209,35.57,0.12
2064,2021-05-11,ABR,10654,5059,5595,190,185,24,61,626,1507,340,6551,487,683,5827,4827,ITF,ITF1,13,Abruzzo,Abruzzo,1304970,474863,36.39,0.82
2065,2021-02-19,ABR,3300,1551,1749,990,346,371,8,10,9,1113,1,402,50,3200,100,ITF,ITF1,13,Abruzzo,Abruzzo,1304970,478163,36.64,0.25
2066,2021-02-16,ABR,1918,842,1076,841,278,139,0,4,2,501,0,75,78,1906,12,ITF,ITF1,13,Abruzzo,Abruzzo,1304970,480081,36.79,0.15
2067,2021-04-29,ABR,12663,5846,6817,286,87,85,109,2846,3185,817,4974,57,217,9565,3098,ITF,ITF1,13,Abruzzo,Abruzzo,1304970,492744,37.76,0.97
2068,2021-05-18,ABR,7353,3479,3874,98,66,37,108,823,989,123,3445,221,1443,4338,3015,ITF,ITF1,13,Abruzzo,Abruzzo,1304970,500097,38.32,0.56
2069,2021-01-14,ABR,530,189,341,364,114,0,0,4,5,34,0,0,9,530,0,ITF,ITF1,13,Abruzzo,Abruzzo,1304970,500627,38.36,0.04
2070,2021-05-06,ABR,12970,6024,6946,253,123,53,29,1635,2299,503,7248,90,737,7965,5005,ITF,ITF1,13,Abruzzo,Abruzzo,1304970,513597,39.36,0.99
2071,2021-01-26,ABR,1542,567,975,1513,29,0,0,0,0,0,0,0,0,29,1513,ITF,ITF1,13,Abruzzo,Abruzzo,1304970,515139,39.48,0.12
2072,2021-04-21,ABR,6385,3101,3284,63,53,13,14,989,1513,1020,2598,9,113,4710,1675,ITF,ITF1,13,Abruzzo,Abruzzo,1304970,521524,39.96,0.49
2073,2021-02-25,ABR,3042,1330,1712,615,398,57,126,28,6,1465,2,262,83,2514,528,ITF,ITF1,13,Abruzzo,Abruzzo,1304970,524566,40.2,0.23
2074,2021-02-10,ABR,947,312,635,621,182,116,0,5,0,0,0,0,23,503,444,ITF,ITF1,13,Abruzzo,Abruzzo,1304970,525513,40.27,0.07
2075,2021-01-10,ABR,1139,409,730,1091,44,0,0,0,0,0,0,0,4,1139,0,ITF,ITF1,13,Abruzzo,Abruzzo,1304970,526652,40.36,0.09
2076,2021-02-20,ABR,4784,1843,2941,312,444,193,1890,5,12,1416,1,405,106,4708,76,ITF,ITF1,13,Abruzzo,Abruzzo,1304970,531436,40.72,0.37
2077,2021-04-25,ABR,9068,4620,4448,66,54,22,5,4356,1781,589,2065,19,111,8259,809,ITF,ITF1,13,Abruzzo,Abruzzo,1304970,540504,41.42,0.69
2078,2021-04-27,ABR,9089,4373,4716,117,101,22,34,1767,2361,959,3550,27,151,6618,2471,ITF,ITF1,13,Abruzzo,Abruzzo,1304970,549593,42.12,0.7
2079,2021-04-23,ABR,7350,3373,3977,157,67,122,27,534,1639,1522,3170,14,98,5066,2284,ITF,ITF1,13,Abruzzo,Abruzzo,1304970,556943,42.68,0.56
2080,2021-03-14,ABR,1883,731,1152,8,3,0,249,20,7,1477,0,2,117,1216,667,ITF,ITF1,13,Abruzzo,Abruzzo,1304970,558826,42.82,0.14
2081,2021-05-03,ABR,11105,5239,5866,279,119,65,93,1669,2763,490,5369,21,237,7256,3849,ITF,ITF1,13,Abruzzo,Abruzzo,1304970,569931,43.67,0.85
2082,2021-04-20,ABR,5589,2689,2900,39,82,1,20,326,2180,920,1948,18,55,4179,1410,ITF,ITF1,13,Abruzzo,Abruzzo,1304970,575520,44.1,0.43
2083,2021-05-09,ABR,9154,4089,5065,74,59,55,959,958,1400,407,4636,133,473,4282,4872,ITF,ITF1,13,Abruzzo,Abruzzo,1304970,584674,44.8,0.7
2084,2021-02-06,ABR,1610,742,868,1167,278,72,0,14,7,2,0,0,70,602,1008,ITF,ITF1,13,Abruzzo,Abruzzo,1304970,586284,44.93,0.12
2085,2021-02-05,ABR,1534,521,1013,1187,188,106,0,9,0,0,0,0,44,788,746,ITF,ITF1,13,Abruzzo,Abruzzo,1304970,587818,45.04,0.12
2086,2021-01-30,ABR,1510,567,943,1349,112,47,0,0,0,0,0,0,2,69,1441,ITF,ITF1,13,Abruzzo,Abruzzo,1304970,589328,45.16,0.12
2087,2021-01-02,ABR,548,218,330,540,5,0,0,0,0,0,0,0,3,548,0,ITF,ITF1,13,Abruzzo,Abruzzo,1304970,589876,45.2,0.04
2088,2021-04-16,ABR,7537,3488,4049,157,79,46,33,168,271,1685,5043,12,43,5619,1918,ITF,ITF1,13,Abruzzo,Abruzzo,1304970,597413,45.78,0.58
2089,2021-05-05,ABR,11573,5541,6032,160,194,49,31,1228,2110,476,6690,29,606,6445,5128,ITF,ITF1,13,Abruzzo,Abruzzo,1304970,608986,46.67,0.89
2090,2021-01-11,ABR,1551,557,994,1337,152,48,0,3,0,0,0,0,11,1551,0,ITF,ITF1,13,Abruzzo,Abruzzo,1304970,610537,46.79,0.12
2091,2021-05-02,ABR,10422,5087,5335,148,78,4,20,1157,1685,336,6826,23,145,5212,5210,ITF,ITF1,13,Abruzzo,Abruzzo,1304970,620959,47.58,0.8
2092,2021-04-08,ABR,7338,3317,4021,156,85,73,203,70,404,2632,3619,45,51,5060,2278,ITF,ITF1,13,Abruzzo,Abruzzo,1304970,628297,48.15,0.56
2093,2021-03-02,ABR,3963,1676,2287,934,220,53,405,82,3,1856,2,299,109,3279,684,ITF,ITF1,13,Abruzzo,Abruzzo,1304970,632260,48.45,0.3
2094,2021-02-02,ABR,1778,672,1106,1235,395,139,0,1,0,0,0,0,8,222,1556,ITF,ITF1,13,Abruzzo,Abruzzo,1304970,634038,48.59,0.14
2095,2021-05-17,MAR,11858,5569,6289,227,150,67,106,3243,2559,272,4033,13,1188,7692,4166,ITI,ITI3,11,Marche,Marche,1525271,11858,0.78,0.78
2096,2021-04-27,MAR,9399,4309,5090,146,58,37,288,1367,3914,1043,2465,37,44,5413,3986,ITI,ITI3,11,Marche,Marche,1525271,21257,1.39,0.62
2097,2021-02-16,MAR,1287,475,812,733,433,92,0,3,2,0,0,0,24,1257,30,ITI,ITI3,11,Marche,Marche,1525271,22544,1.48,0.08
2098,2021-02-28,MAR,2836,1251,1585,19,6,0,2,1,3,2796,0,2,7,2830,6,ITI,ITI3,11,Marche,Marche,1525271,25380,1.66,0.19
2099,2021-03-25,MAR,6657,2774,3883,464,148,373,519,95,27,4383,258,122,268,3247,3410,ITI,ITI3,11,Marche,Marche,1525271,32037,2.1,0.44
2100,2021-01-23,MAR,557,190,367,440,53,63,0,0,0,0,0,0,1,123,434,ITI,ITI3,11,Marche,Marche,1525271,32594,2.14,0.04
2101,2021-03-22,MAR,5655,2376,3279,406,232,69,433,14,13,4182,19,238,49,2527,3128,ITI,ITI3,11,Marche,Marche,1525271,38249,2.51,0.37
2102,2021-02-21,MAR,376,141,235,204,62,57,1,11,1,0,0,0,40,375,1,ITI,ITI3,11,Marche,Marche,1525271,38625,2.53,0.02
2103,2021-04-29,MAR,13246,6061,7185,264,136,92,636,1908,3644,1419,4960,89,98,7149,6097,ITI,ITI3,11,Marche,Marche,1525271,51871,3.4,0.87
2104,2021-03-29,MAR,5860,2567,3293,227,147,39,215,34,65,4255,722,75,81,3435,2425,ITI,ITI3,11,Marche,Marche,1525271,57731,3.78,0.38
2105,2021-05-06,MAR,12655,5819,6836,310,202,135,428,1449,3160,1039,5430,169,333,5583,7072,ITI,ITI3,11,Marche,Marche,1525271,70386,4.61,0.83
2106,2021-03-09,MAR,5430,2294,3136,752,225,41,1069,20,3,2586,122,558,54,4550,880,ITI,ITI3,11,Marche,Marche,1525271,75816,4.97,0.36
2107,2021-05-11,MAR,10622,4831,5791,246,150,133,347,2490,3016,519,3399,19,303,5677,4945,ITI,ITI3,11,Marche,Marche,1525271,86438,5.67,0.7
2108,2021-02-15,MAR,967,412,555,539,389,1,0,4,1,1,12,0,20,954,13,ITI,ITI3,11,Marche,Marche,1525271,87405,5.73,0.06
2109,2021-01-02,MAR,453,139,314,444,9,0,0,0,0,0,0,0,0,453,0,ITI,ITI3,11,Marche,Marche,1525271,87858,5.76,0.03
2110,2021-02-03,MAR,2124,741,1383,1344,569,166,0,4,5,2,0,0,34,119,2005,ITI,ITI3,11,Marche,Marche,1525271,89982,5.9,0.14
2111,2021-01-24,MAR,880,339,541,762,117,0,0,0,0,0,0,0,1,5,875,ITI,ITI3,11,Marche,Marche,1525271,90862,5.96,0.06
2112,2021-01-04,MAR,1502,564,938,1291,195,11,0,1,0,0,0,0,4,1502,0,ITI,ITI3,11,Marche,Marche,1525271,92364,6.06,0.1
2113,2021-03-15,MAR,4402,2027,2375,300,81,10,241,36,8,3477,27,115,107,1312,3090,ITI,ITI3,11,Marche,Marche,1525271,96766,6.34,0.29
2114,2021-01-03,MAR,896,348,548,759,130,0,0,1,0,0,0,0,6,896,0,ITI,ITI3,11,Marche,Marche,1525271,97662,6.4,0.06
2115,2021-03-11,MAR,6595,2784,3811,1094,386,52,1097,24,9,3226,86,518,103,5225,1370,ITI,ITI3,11,Marche,Marche,1525271,104257,6.84,0.43
2116,2021-01-15,MAR,1771,500,1271,985,358,365,0,9,3,0,0,0,51,1771,0,ITI,ITI3,11,Marche,Marche,1525271,106028,6.95,0.12
2117,2021-04-23,MAR,11158,5140,6018,182,84,73,53,2840,3415,1684,2724,45,58,8103,3055,ITI,ITI3,11,Marche,Marche,1525271,117186,7.68,0.73
2118,2021-04-20,MAR,10698,4995,5703,179,74,101,87,1950,4632,588,3041,21,25,9281,1417,ITI,ITI3,11,Marche,Marche,1525271,127884,8.38,0.7
2119,2021-04-01,MAR,7578,3183,4395,387,239,46,283,37,157,4613,1675,70,71,4162,3416,ITI,ITI3,11,Marche,Marche,1525271,135462,8.88,0.5
2120,2021-03-13,MAR,5762,2652,3110,662,166,52,237,7,7,4238,13,351,29,1805,3957,ITI,ITI3,11,Marche,Marche,1525271,141224,9.26,0.38
2121,2021-01-19,MAR,226,82,144,121,20,85,0,0,0,0,0,0,0,141,85,ITI,ITI3,11,Marche,Marche,1525271,141450,9.27,0.01
2122,2021-05-02,MAR,8899,3936,4963,275,116,4,936,1936,2168,745,2637,39,43,3161,5738,ITI,ITI3,11,Marche,Marche,1525271,150349,9.86,0.58
2123,2021-04-16,MAR,10084,4704,5380,322,141,76,512,227,3818,683,4076,20,209,9557,527,ITI,ITI3,11,Marche,Marche,1525271,160433,10.52,0.66
2124,2021-03-30,MAR,7417,3044,4373,523,321,275,366,43,113,4251,1385,77,63,4602,2815,ITI,ITI3,11,Marche,Marche,1525271,167850,11.0,0.49
2125,2021-01-13,MAR,2105,746,1359,1408,578,76,0,6,5,15,0,0,17,2105,0,ITI,ITI3,11,Marche,Marche,1525271,169955,11.14,0.14
2126,2021-02-06,MAR,2459,900,1559,1401,536,415,0,21,8,4,0,0,74,522,1937,ITI,ITI3,11,Marche,Marche,1525271,172414,11.3,0.16
2127,2021-02-05,MAR,2155,653,1502,1318,346,418,0,6,8,2,0,0,57,440,1715,ITI,ITI3,11,Marche,Marche,1525271,174569,11.45,0.14
2128,2021-04-19,MAR,9602,4497,5105,243,124,13,64,1477,4116,973,2414,36,142,8022,1580,ITI,ITI3,11,Marche,Marche,1525271,184171,12.07,0.63
2129,2021-02-19,MAR,1962,712,1250,1267,402,203,2,7,4,2,13,0,62,1827,135,ITI,ITI3,11,Marche,Marche,1525271,186133,12.2,0.13
2130,2021-03-27,MAR,7378,3072,4306,278,169,144,711,77,104,4073,1512,133,177,5020,2358,ITI,ITI3,11,Marche,Marche,1525271,193511,12.69,0.48
2131,2021-01-31,MAR,1920,770,1150,1527,389,0,0,1,0,0,0,0,3,105,1815,ITI,ITI3,11,Marche,Marche,1525271,195431,12.81,0.13
2132,2021-01-14,MAR,2010,692,1318,1112,558,298,0,4,1,0,0,0,37,2010,0,ITI,ITI3,11,Marche,Marche,1525271,197441,12.94,0.13
2133,2021-02-10,MAR,1439,452,987,881,292,215,0,6,1,0,0,0,44,1080,359,ITI,ITI3,11,Marche,Marche,1525271,198880,13.04,0.09
2134,2021-02-18,MAR,2101,745,1356,1149,499,402,1,14,4,1,0,0,31,1815,286,ITI,ITI3,11,Marche,Marche,1525271,200981,13.18,0.14
2135,2021-04-17,MAR,11698,5315,6383,204,152,130,613,326,4071,921,5159,14,108,10624,1074,ITI,ITI3,11,Marche,Marche,1525271,212679,13.94,0.77
2136,2021-03-10,MAR,5669,2401,3268,721,411,114,1036,11,11,2673,100,553,39,4532,1137,ITI,ITI3,11,Marche,Marche,1525271,218348,14.32,0.37
2137,2021-01-18,MAR,673,230,443,370,116,132,0,5,8,30,0,0,12,547,126,ITI,ITI3,11,Marche,Marche,1525271,219021,14.36,0.04
2138,2020-12-30,MAR,17,5,12,14,3,0,0,0,0,0,0,0,0,17,0,ITI,ITI3,11,Marche,Marche,1525271,219038,14.36,0.0
2139,2021-02-24,MAR,3486,1515,1971,228,191,210,1,4,4,2819,22,3,4,3408,78,ITI,ITI3,11,Marche,Marche,1525271,222524,14.59,0.23
2140,2021-03-02,MAR,4954,1941,3013,589,184,256,537,11,3,3316,4,3,51,4388,566,ITI,ITI3,11,Marche,Marche,1525271,227478,14.91,0.32
2141,2021-01-17,MAR,1606,687,919,971,367,46,0,50,30,4,0,0,138,1550,56,ITI,ITI3,11,Marche,Marche,1525271,229084,15.02,0.11
2142,2021-04-28,MAR,10729,4889,5840,216,60,85,322,1630,3738,990,3398,42,248,6000,4729,ITI,ITI3,11,Marche,Marche,1525271,239813,15.72,0.7
2143,2021-04-09,MAR,9558,4189,5369,273,71,103,1305,82,2303,1608,3669,70,74,9357,201,ITI,ITI3,11,Marche,Marche,1525271,249371,16.35,0.63
2144,2021-04-26,MAR,8981,3984,4997,155,70,30,179,1735,4039,897,1775,42,59,5959,3022,ITI,ITI3,11,Marche,Marche,1525271,258352,16.94,0.59
2145,2021-02-20,MAR,4121,1705,2416,118,118,261,0,17,13,3576,0,3,15,4010,111,ITI,ITI3,11,Marche,Marche,1525271,262473,17.21,0.27
2146,2021-03-20,MAR,4135,1740,2395,180,63,114,88,10,4,3632,14,12,18,1049,3086,ITI,ITI3,11,Marche,Marche,1525271,266608,17.48,0.27
2147,2021-04-05,MAR,5689,2355,3334,251,84,103,758,54,1004,2267,1109,28,31,4420,1269,ITI,ITI3,11,Marche,Marche,1525271,272297,17.85,0.37
2148,2021-05-13,MAR,12602,5693,6909,243,158,66,251,3050,2548,763,5080,25,418,7105,5497,ITI,ITI3,11,Marche,Marche,1525271,284899,18.68,0.83
2149,2021-04-11,MAR,7116,3115,4001,282,96,10,781,47,2163,1224,2449,44,20,6830,286,ITI,ITI3,11,Marche,Marche,1525271,292015,19.15,0.47
2150,2021-01-09,MAR,1709,605,1104,1406,238,0,0,17,2,0,0,0,46,1709,0,ITI,ITI3,11,Marche,Marche,1525271,293724,19.26,0.11
2151,2021-03-28,MAR,4126,1739,2387,45,44,6,396,17,32,2662,871,11,42,2435,1691,ITI,ITI3,11,Marche,Marche,1525271,297850,19.53,0.27
2152,2021-05-07,MAR,12836,5804,7032,308,158,96,951,1423,3772,869,4794,18,447,3659,9177,ITI,ITI3,11,Marche,Marche,1525271,310686,20.37,0.84
2153,2021-01-25,MAR,1595,558,1037,1425,110,56,0,0,0,2,0,0,2,97,1498,ITI,ITI3,11,Marche,Marche,1525271,312281,20.47,0.1
2154,2021-01-07,MAR,1804,634,1170,1481,279,0,0,9,0,0,0,0,35,1804,0,ITI,ITI3,11,Marche,Marche,1525271,314085,20.59,0.12
2155,2021-04-12,MAR,8568,3772,4796,179,82,88,1155,106,2842,1317,2602,79,118,8084,484,ITI,ITI3,11,Marche,Marche,1525271,322653,21.15,0.56
2156,2021-03-19,MAR,3833,1597,2236,495,135,263,6,5,7,2831,63,13,15,337,3496,ITI,ITI3,11,Marche,Marche,1525271,326486,21.41,0.25
2157,2021-02-12,MAR,1582,618,964,814,423,88,0,32,14,3,0,0,208,1430,152,ITI,ITI3,11,Marche,Marche,1525271,328068,21.51,0.1
2158,2021-04-21,MAR,10780,4967,5813,272,111,46,81,2390,4285,554,2867,43,131,9586,1194,ITI,ITI3,11,Marche,Marche,1525271,338848,22.22,0.71
2159,2021-05-10,MAR,9456,4340,5116,253,161,60,332,1781,2916,626,2889,42,396,4895,4561,ITI,ITI3,11,Marche,Marche,1525271,348304,22.84,0.62
2160,2021-02-04,MAR,2341,809,1532,1406,601,275,0,11,3,1,0,0,44,112,2229,ITI,ITI3,11,Marche,Marche,1525271,350645,22.99,0.15
2161,2021-01-22,MAR,487,167,320,315,74,87,0,1,0,0,0,0,10,194,293,ITI,ITI3,11,Marche,Marche,1525271,351132,23.02,0.03
2162,2021-03-14,MAR,2499,1031,1468,441,58,1,454,4,3,1522,5,2,9,1906,593,ITI,ITI3,11,Marche,Marche,1525271,353631,23.18,0.16
2163,2021-02-09,MAR,124,42,82,77,21,26,0,0,0,0,0,0,0,46,78,ITI,ITI3,11,Marche,Marche,1525271,353755,23.19,0.01
2164,2021-04-30,MAR,13938,6100,7838,343,78,92,1475,1651,3680,1644,4815,55,105,5398,8540,ITI,ITI3,11,Marche,Marche,1525271,367693,24.11,0.91
2165,2021-01-06,MAR,2181,792,1389,1738,261,147,0,5,1,0,0,0,29,2181,0,ITI,ITI3,11,Marche,Marche,1525271,369874,24.25,0.14
2166,2021-04-06,MAR,8878,3693,5185,310,185,161,1728,97,1739,1888,2578,98,94,8065,813,ITI,ITI3,11,Marche,Marche,1525271,378752,24.83,0.58
2167,2021-04-25,MAR,8598,3993,4605,206,37,1,20,3961,2094,674,1568,22,15,7024,1574,ITI,ITI3,11,Marche,Marche,1525271,387350,25.4,0.56
2168,2021-03-05,MAR,6177,2859,3318,1127,324,144,800,52,26,2385,185,1008,126,4710,1467,ITI,ITI3,11,Marche,Marche,1525271,393527,25.8,0.4
2169,2021-03-01,MAR,3724,1487,2237,388,138,87,286,4,1,2789,4,5,22,3476,248,ITI,ITI3,11,Marche,Marche,1525271,397251,26.04,0.24
2170,2021-02-23,MAR,3267,1397,1870,219,57,118,0,7,4,2822,0,5,35,3211,56,ITI,ITI3,11,Marche,Marche,1525271,400518,26.26,0.21
2171,2021-03-31,MAR,7373,3087,4286,477,327,161,257,30,103,4556,1299,86,77,4349,3024,ITI,ITI3,11,Marche,Marche,1525271,407891,26.74,0.48
2172,2021-03-03,MAR,6650,3049,3601,817,369,208,782,36,12,3133,195,1001,97,5770,880,ITI,ITI3,11,Marche,Marche,1525271,414541,27.18,0.44
2173,2021-02-27,MAR,3356,1435,1921,185,139,154,1,6,1,2841,17,6,6,3147,209,ITI,ITI3,11,Marche,Marche,1525271,417897,27.4,0.22
2174,2021-02-11,MAR,1987,657,1330,1155,369,212,0,32,22,32,0,0,165,1598,389,ITI,ITI3,11,Marche,Marche,1525271,419884,27.53,0.13
2175,2021-02-22,MAR,3413,1499,1914,326,89,77,2,7,0,2868,1,5,38,3338,75,ITI,ITI3,11,Marche,Marche,1525271,423297,27.75,0.22
2176,2021-03-07,MAR,5182,2108,3074,607,167,32,895,13,2,3007,76,336,47,4429,753,ITI,ITI3,11,Marche,Marche,1525271,428479,28.09,0.34
2177,2021-04-02,MAR,6874,2973,3901,388,209,112,422,47,733,2696,2013,212,42,6134,740,ITI,ITI3,11,Marche,Marche,1525271,435353,28.54,0.45
2178,2021-04-14,MAR,10218,4566,5652,416,159,80,1013,179,3524,900,3771,41,135,9846,372,ITI,ITI3,11,Marche,Marche,1525271,445571,29.21,0.67
2179,2021-03-16,MAR,3471,1485,1986,315,71,54,5,4,6,2928,46,20,22,290,3181,ITI,ITI3,11,Marche,Marche,1525271,449042,29.44,0.23
2180,2021-04-10,MAR,10917,4618,6299,311,168,80,1102,183,2714,2230,4022,53,54,10603,314,ITI,ITI3,11,Marche,Marche,1525271,459959,30.16,0.72
2181,2021-04-04,MAR,3824,1792,2032,189,117,7,84,10,632,2008,754,10,13,2655,1169,ITI,ITI3,11,Marche,Marche,1525271,463783,30.41,0.25
2182,2021-01-12,MAR,1226,413,813,912,255,50,0,2,0,0,0,0,7,1226,0,ITI,ITI3,11,Marche,Marche,1525271,465009,30.49,0.08
2183,2021-02-02,MAR,1192,397,795,804,264,93,0,5,0,5,0,0,21,73,1119,ITI,ITI3,11,Marche,Marche,1525271,466201,30.57,0.08
2184,2021-05-18,MAR,7660,3580,4080,156,56,18,193,2508,1254,116,2328,58,973,4956,2704,ITI,ITI3,11,Marche,Marche,1525271,473861,31.07,0.5
2185,2021-02-25,MAR,3510,1434,2076,430,134,377,1,8,5,2491,27,3,34,3331,179,ITI,ITI3,11,Marche,Marche,1525271,477371,31.3,0.23
2186,2021-01-27,MAR,2118,780,1338,1751,155,140,0,13,10,8,0,0,41,122,1996,ITI,ITI3,11,Marche,Marche,1525271,479489,31.44,0.14
2187,2020-12-27,MAR,200,97,103,184,12,4,0,0,0,0,0,0,0,200,0,ITI,ITI3,11,Marche,Marche,1525271,479689,31.45,0.01
2188,2021-05-01,MAR,9320,3924,5396,185,138,15,1281,2036,1825,875,2894,14,57,3576,5744,ITI,ITI3,11,Marche,Marche,1525271,489009,32.06,0.61
2189,2021-02-08,MAR,833,258,575,408,133,262,0,6,3,4,0,0,17,371,462,ITI,ITI3,11,Marche,Marche,1525271,489842,32.12,0.05
2190,2021-05-15,MAR,13977,6391,7586,152,171,30,157,3463,3057,551,5898,27,471,8091,5886,ITI,ITI3,11,Marche,Marche,1525271,503819,33.03,0.92
2191,2021-01-05,MAR,1562,586,976,1436,112,0,0,3,2,0,0,0,9,1562,0,ITI,ITI3,11,Marche,Marche,1525271,505381,33.13,0.1
2192,2021-04-03,MAR,7573,3204,4369,320,151,60,293,76,826,2950,2808,20,69,6903,670,ITI,ITI3,11,Marche,Marche,1525271,512954,33.63,0.5
2193,2021-03-18,MAR,3389,1475,1914,325,187,125,3,7,8,2653,23,46,12,162,3227,ITI,ITI3,11,Marche,Marche,1525271,516343,33.85,0.22
2194,2021-01-10,MAR,1737,699,1038,1462,253,0,0,5,1,0,0,0,16,1737,0,ITI,ITI3,11,Marche,Marche,1525271,518080,33.97,0.11
2195,2021-02-07,MAR,1868,734,1134,1155,479,46,0,41,20,4,0,0,123,344,1524,ITI,ITI3,11,Marche,Marche,1525271,519948,34.09,0.12
2196,2021-04-08,MAR,7519,3285,4234,273,93,97,711,81,2071,1333,2796,26,38,7192,327,ITI,ITI3,11,Marche,Marche,1525271,527467,34.58,0.49
2197,2021-05-14,MAR,13493,6217,7276,294,169,24,363,3509,3126,564,4943,47,454,6721,6772,ITI,ITI3,11,Marche,Marche,1525271,540960,35.47,0.88
2198,2021-03-23,MAR,5789,2529,3260,258,104,135,327,23,6,4620,27,220,69,2262,3527,ITI,ITI3,11,Marche,Marche,1525271,546749,35.85,0.38
2199,2021-05-09,MAR,8765,3982,4783,200,81,6,715,2332,1639,421,2970,21,380,3641,5124,ITI,ITI3,11,Marche,Marche,1525271,555514,36.42,0.57
2200,2021-01-20,MAR,398,100,298,147,55,190,0,2,0,1,0,0,3,384,14,ITI,ITI3,11,Marche,Marche,1525271,555912,36.45,0.03
2201,2021-03-24,MAR,7031,2982,4049,484,152,202,592,40,25,4809,320,160,247,3363,3668,ITI,ITI3,11,Marche,Marche,1525271,562943,36.91,0.46
2202,2021-04-07,MAR,7811,3435,4376,189,143,176,972,75,1888,1333,2897,30,108,7476,335,ITI,ITI3,11,Marche,Marche,1525271,570754,37.42,0.51
2203,2021-01-11,MAR,1176,411,765,1021,155,0,0,0,0,0,0,0,0,1176,0,ITI,ITI3,11,Marche,Marche,1525271,571930,37.5,0.08
2204,2021-01-28,MAR,1974,662,1312,1583,237,101,0,8,1,0,0,0,44,165,1809,ITI,ITI3,11,Marche,Marche,1525271,573904,37.63,0.13
2205,2021-01-30,MAR,1905,668,1237,1566,290,0,0,12,0,0,0,0,37,29,1876,ITI,ITI3,11,Marche,Marche,1525271,575809,37.75,0.12
2206,2021-05-05,MAR,11626,5288,6338,268,162,123,645,1280,3595,899,4320,64,270,5215,6411,ITI,ITI3,11,Marche,Marche,1525271,587435,38.51,0.76
2207,2021-02-14,MAR,738,301,437,578,109,0,0,10,0,0,0,0,41,738,0,ITI,ITI3,11,Marche,Marche,1525271,588173,38.56,0.05
2208,2021-01-08,MAR,1576,588,988,1227,324,0,0,5,0,0,0,0,20,1576,0,ITI,ITI3,11,Marche,Marche,1525271,589749,38.67,0.1
2209,2021-01-26,MAR,2016,746,1270,1736,152,86,0,15,4,1,0,0,22,92,1924,ITI,ITI3,11,Marche,Marche,1525271,591765,38.8,0.13
2210,2021-02-13,MAR,1062,453,609,457,309,90,0,25,10,16,0,0,155,1010,52,ITI,ITI3,11,Marche,Marche,1525271,592827,38.87,0.07
2211,2020-12-31,MAR,385,180,205,371,14,0,0,0,0,0,0,0,0,385,0,ITI,ITI3,11,Marche,Marche,1525271,593212,38.89,0.03
2212,2021-04-15,MAR,10374,4673,5701,501,137,128,932,192,3635,780,3833,55,181,9809,565,ITI,ITI3,11,Marche,Marche,1525271,603586,39.57,0.68
2213,2021-04-22,MAR,10792,4931,5861,236,84,30,58,2749,3926,688,2943,37,41,9214,1578,ITI,ITI3,11,Marche,Marche,1525271,614378,40.28,0.71
2214,2021-03-04,MAR,6493,2873,3620,1065,373,115,765,53,18,2804,222,917,161,5099,1394,ITI,ITI3,11,Marche,Marche,1525271,620871,40.71,0.43
2215,2021-03-08,MAR,6264,2744,3520,764,226,201,1012,8,2,3094,147,762,48,5262,1002,ITI,ITI3,11,Marche,Marche,1525271,627135,41.12,0.41
2216,2021-01-29,MAR,1992,730,1262,1481,403,74,0,6,0,3,0,0,25,167,1825,ITI,ITI3,11,Marche,Marche,1525271,629127,41.25,0.13
2217,2021-01-16,MAR,2005,723,1282,1059,414,285,0,53,42,21,0,0,131,2005,0,ITI,ITI3,11,Marche,Marche,1525271,631132,41.38,0.13
2218,2021-04-13,MAR,9838,4259,5579,202,104,60,1074,163,3742,951,3460,32,50,9605,233,ITI,ITI3,11,Marche,Marche,1525271,640970,42.02,0.65
2219,2021-05-16,MAR,10901,4959,5942,245,74,20,94,3271,2341,291,4286,31,248,6673,4228,ITI,ITI3,11,Marche,Marche,1525271,651871,42.74,0.71
2220,2021-05-08,MAR,12267,5474,6793,193,164,94,457,1541,2812,1161,5555,24,266,5020,7247,ITI,ITI3,11,Marche,Marche,1525271,664138,43.54,0.8
2221,2021-05-12,MAR,10422,4685,5737,411,229,72,273,2535,2929,433,3155,18,367,4920,5502,ITI,ITI3,11,Marche,Marche,1525271,674560,44.23,0.68
2222,2021-03-12,MAR,4641,1972,2669,814,444,17,928,20,9,1895,3,434,77,3403,1238,ITI,ITI3,11,Marche,Marche,1525271,679201,44.53,0.3
2223,2021-03-26,MAR,6331,2606,3725,335,222,190,501,58,31,4086,393,203,312,3523,2808,ITI,ITI3,11,Marche,Marche,1525271,685532,44.94,0.42
2224,2021-02-01,MAR,1362,479,883,1054,200,81,0,5,0,0,0,0,22,98,1264,ITI,ITI3,11,Marche,Marche,1525271,686894,45.03,0.09
2225,2021-05-03,MAR,10191,4602,5589,247,77,33,812,1003,3632,961,3253,75,98,4786,5405,ITI,ITI3,11,Marche,Marche,1525271,697085,45.7,0.67
2226,2021-03-21,MAR,4505,1873,2632,87,42,57,205,19,7,4040,9,13,26,1629,2876,ITI,ITI3,11,Marche,Marche,1525271,701590,46.0,0.3
2227,2021-01-21,MAR,897,253,644,460,84,336,0,1,0,3,0,0,13,585,312,ITI,ITI3,11,Marche,Marche,1525271,702487,46.06,0.06
2228,2021-04-18,MAR,8821,4132,4689,261,67,2,453,1074,2952,377,3609,11,15,7900,921,ITI,ITI3,11,Marche,Marche,1525271,711308,46.63,0.58
2229,2021-05-04,MAR,10843,4787,6056,205,116,63,658,1101,3918,1043,3669,28,42,4949,5894,ITI,ITI3,11,Marche,Marche,1525271,722151,47.35,0.71
2230,2021-04-24,MAR,12025,5304,6721,132,134,46,78,2367,3733,1673,3741,33,88,7559,4466,ITI,ITI3,11,Marche,Marche,1525271,734176,48.13,0.79
2231,2021-02-17,MAR,1785,662,1123,963,471,309,0,6,1,1,22,0,12,1668,117,ITI,ITI3,11,Marche,Marche,1525271,735961,48.25,0.12
2232,2021-03-06,MAR,5700,2623,3077,971,223,172,745,37,7,2399,221,840,85,4433,1267,ITI,ITI3,11,Marche,Marche,1525271,741661,48.62,0.37
2233,2021-03-17,MAR,3428,1494,1934,301,79,117,5,8,10,2819,61,7,21,107,3321,ITI,ITI3,11,Marche,Marche,1525271,745089,48.85,0.22
2234,2021-02-26,MAR,3631,1500,2131,449,178,389,39,8,4,2517,31,4,12,3155,476,ITI,ITI3,11,Marche,Marche,1525271,748720,49.09,0.24
2235,2021-01-26,BAS,793,350,443,622,70,35,0,18,0,0,0,0,48,101,692,ITF,ITF5,17,Basilicata,Basilicata,559084,793,0.14,0.14
2236,2021-05-16,BAS,4960,2462,2498,42,25,3,47,231,569,19,3326,5,693,2852,2108,ITF,ITF5,17,Basilicata,Basilicata,559084,5753,1.03,0.89
2237,2021-01-31,BAS,77,24,53,75,2,0,0,0,0,0,0,0,0,0,77,ITF,ITF5,17,Basilicata,Basilicata,559084,5830,1.04,0.01
2238,2021-03-27,BAS,2193,832,1361,21,41,0,383,14,24,1654,30,6,20,1816,377,ITF,ITF5,17,Basilicata,Basilicata,559084,8023,1.44,0.39
2239,2021-05-08,BAS,4838,2400,2438,47,19,3,17,728,893,25,2886,18,202,3431,1407,ITF,ITF5,17,Basilicata,Basilicata,559084,12861,2.3,0.87
2240,2021-02-10,BAS,547,237,310,176,153,127,1,0,0,90,0,0,0,495,52,ITF,ITF5,17,Basilicata,Basilicata,559084,13408,2.4,0.1
2241,2021-04-13,BAS,2116,1052,1064,147,15,1,64,423,439,815,177,7,28,1293,823,ITF,ITF5,17,Basilicata,Basilicata,559084,15524,2.78,0.38
2242,2021-04-15,BAS,3446,1675,1771,113,36,1,26,243,207,738,2042,6,34,2638,808,ITF,ITF5,17,Basilicata,Basilicata,559084,18970,3.39,0.62
2243,2021-03-10,BAS,1650,814,836,101,57,33,273,1,4,877,2,300,2,811,839,ITF,ITF5,17,Basilicata,Basilicata,559084,20620,3.69,0.3
2244,2021-03-08,BAS,1452,708,744,222,158,38,273,7,12,410,2,300,30,841,611,ITF,ITF5,17,Basilicata,Basilicata,559084,22072,3.95,0.26
2245,2021-03-28,BAS,2139,741,1398,92,6,8,710,3,8,1276,7,0,29,2122,17,ITF,ITF5,17,Basilicata,Basilicata,559084,24211,4.33,0.38
2246,2021-03-20,BAS,1286,566,720,45,69,0,178,0,8,950,30,5,1,275,1011,ITF,ITF5,17,Basilicata,Basilicata,559084,25497,4.56,0.23
2247,2021-04-06,BAS,1266,461,805,274,72,7,412,25,8,346,41,27,54,1082,184,ITF,ITF5,17,Basilicata,Basilicata,559084,26763,4.79,0.23
2248,2021-04-26,BAS,4461,2163,2298,24,12,0,73,438,1006,180,2635,17,76,4241,220,ITF,ITF5,17,Basilicata,Basilicata,559084,31224,5.58,0.8
2249,2021-03-19,BAS,2289,992,1297,58,96,0,142,1,8,1955,2,22,5,261,2028,ITF,ITF5,17,Basilicata,Basilicata,559084,33513,5.99,0.41
2250,2021-01-29,BAS,613,229,384,398,38,70,0,41,2,16,0,0,48,63,550,ITF,ITF5,17,Basilicata,Basilicata,559084,34126,6.1,0.11
2251,2021-02-24,BAS,1803,743,1060,85,14,2,0,4,8,1686,0,1,3,1734,69,ITF,ITF5,17,Basilicata,Basilicata,559084,35929,6.43,0.32
2252,2021-02-07,BAS,373,159,214,259,74,40,0,0,0,0,0,0,0,49,324,ITF,ITF5,17,Basilicata,Basilicata,559084,36302,6.49,0.07
2253,2021-05-13,BAS,5979,2964,3015,46,22,23,28,760,828,101,3661,14,496,3383,2596,ITF,ITF5,17,Basilicata,Basilicata,559084,42281,7.56,1.07
2254,2021-05-14,BAS,5899,2794,3105,57,9,34,26,579,715,52,3958,16,453,3367,2532,ITF,ITF5,17,Basilicata,Basilicata,559084,48180,8.62,1.06
2255,2021-01-17,BAS,328,133,195,233,12,54,0,5,1,0,0,0,23,327,1,ITF,ITF5,17,Basilicata,Basilicata,559084,48508,8.68,0.06
2256,2021-04-11,BAS,848,330,518,75,3,9,225,3,5,46,474,3,5,786,62,ITF,ITF5,17,Basilicata,Basilicata,559084,49356,8.83,0.15
2257,2021-01-21,BAS,30,10,20,0,0,0,0,2,0,4,0,0,24,30,0,ITF,ITF5,17,Basilicata,Basilicata,559084,49386,8.83,0.01
2258,2021-02-26,BAS,2149,904,1245,89,94,1,0,2,6,1954,0,0,3,2069,80,ITF,ITF5,17,Basilicata,Basilicata,559084,51535,9.22,0.38
2259,2021-04-12,BAS,2179,1057,1122,231,24,31,92,721,441,451,164,11,13,1679,500,ITF,ITF5,17,Basilicata,Basilicata,559084,53714,9.61,0.39
2260,2021-01-07,BAS,640,319,321,556,8,29,0,16,0,0,0,0,31,640,0,ITF,ITF5,17,Basilicata,Basilicata,559084,54354,9.72,0.11
2261,2021-02-23,BAS,1901,771,1130,159,24,35,0,4,15,1658,0,0,6,1763,138,ITF,ITF5,17,Basilicata,Basilicata,559084,56255,10.06,0.34
2262,2021-01-25,BAS,1023,429,594,831,80,1,0,33,2,0,0,0,76,74,949,ITF,ITF5,17,Basilicata,Basilicata,559084,57278,10.24,0.18
2263,2021-03-21,BAS,1046,481,565,32,1,0,159,2,9,804,0,0,39,352,694,ITF,ITF5,17,Basilicata,Basilicata,559084,58324,10.43,0.19
2264,2021-03-05,BAS,1851,855,996,298,158,72,309,6,12,690,2,296,8,1105,746,ITF,ITF5,17,Basilicata,Basilicata,559084,60175,10.76,0.33
2265,2021-05-07,BAS,4633,2276,2357,56,14,15,14,415,922,104,2902,30,161,3281,1352,ITF,ITF5,17,Basilicata,Basilicata,559084,64808,11.59,0.83
2266,2021-04-17,BAS,3460,1655,1805,53,7,0,10,13,18,1234,2109,11,5,2199,1261,ITF,ITF5,17,Basilicata,Basilicata,559084,68268,12.21,0.62
2267,2021-04-22,BAS,5035,2345,2690,61,17,23,85,272,903,1451,2080,61,82,3433,1602,ITF,ITF5,17,Basilicata,Basilicata,559084,73303,13.11,0.9
2268,2021-04-04,BAS,610,225,385,14,8,0,158,8,0,406,10,4,2,197,413,ITF,ITF5,17,Basilicata,Basilicata,559084,73913,13.22,0.11
2269,2021-03-06,BAS,1352,535,817,296,140,57,259,0,2,383,0,212,3,757,595,ITF,ITF5,17,Basilicata,Basilicata,559084,75265,13.46,0.24
2270,2021-03-03,BAS,1743,813,930,194,298,99,244,3,3,590,58,253,1,1186,557,ITF,ITF5,17,Basilicata,Basilicata,559084,77008,13.77,0.31
2271,2021-01-22,BAS,67,24,43,6,0,0,0,13,10,19,0,0,19,67,0,ITF,ITF5,17,Basilicata,Basilicata,559084,77075,13.79,0.01
2272,2021-03-25,BAS,1880,601,1279,47,55,11,762,5,13,931,28,25,3,1534,346,ITF,ITF5,17,Basilicata,Basilicata,559084,78955,14.12,0.34
2273,2021-03-16,BAS,1900,799,1101,103,30,0,62,4,13,1672,2,6,8,228,1672,ITF,ITF5,17,Basilicata,Basilicata,559084,80855,14.46,0.34
2274,2021-01-09,BAS,557,160,397,386,55,67,1,7,0,0,0,0,41,557,0,ITF,ITF5,17,Basilicata,Basilicata,559084,81412,14.56,0.1
2275,2021-02-15,BAS,621,232,389,191,134,46,0,0,3,246,0,1,0,580,41,ITF,ITF5,17,Basilicata,Basilicata,559084,82033,14.67,0.11
2276,2021-05-15,BAS,6509,3332,3177,57,21,2,25,799,817,96,3735,18,939,3944,2565,ITF,ITF5,17,Basilicata,Basilicata,559084,88542,15.84,1.16
2277,2021-03-13,BAS,1794,888,906,82,325,46,213,2,6,864,1,245,10,749,1045,ITF,ITF5,17,Basilicata,Basilicata,559084,90336,16.16,0.32
2278,2021-02-09,BAS,491,213,278,200,237,54,0,0,0,0,0,0,0,316,175,ITF,ITF5,17,Basilicata,Basilicata,559084,90827,16.25,0.09
2279,2021-05-10,BAS,4777,2369,2408,46,24,0,9,326,639,75,3427,12,219,2738,2039,ITF,ITF5,17,Basilicata,Basilicata,559084,95604,17.1,0.85
2280,2020-12-27,BAS,106,41,65,104,0,0,0,0,0,0,0,0,2,106,0,ITF,ITF5,17,Basilicata,Basilicata,559084,95710,17.12,0.02
2281,2021-05-01,BAS,4702,2135,2567,78,23,9,336,432,704,95,2708,33,284,3951,751,ITF,ITF5,17,Basilicata,Basilicata,559084,100412,17.96,0.84
2282,2021-01-27,BAS,411,175,236,299,17,26,0,12,9,25,0,0,23,113,298,ITF,ITF5,17,Basilicata,Basilicata,559084,100823,18.03,0.07
2283,2021-01-05,BAS,946,409,537,862,44,0,0,12,0,0,0,0,28,946,0,ITF,ITF5,17,Basilicata,Basilicata,559084,101769,18.2,0.17
2284,2021-03-09,BAS,1391,706,685,222,51,33,238,2,2,545,0,292,6,787,604,ITF,ITF5,17,Basilicata,Basilicata,559084,103160,18.45,0.25
2285,2021-01-02,BAS,949,380,569,855,43,0,3,9,0,0,0,0,39,949,0,ITF,ITF5,17,Basilicata,Basilicata,559084,104109,18.62,0.17
2286,2021-01-20,BAS,84,22,62,0,0,0,0,10,8,43,0,0,23,84,0,ITF,ITF5,17,Basilicata,Basilicata,559084,104193,18.64,0.02
2287,2021-03-23,BAS,1593,615,978,55,7,0,602,7,2,891,5,20,4,1413,180,ITF,ITF5,17,Basilicata,Basilicata,559084,105786,18.92,0.28
2288,2021-04-20,BAS,4035,1922,2113,31,13,10,65,57,215,1689,1929,10,16,2204,1831,ITF,ITF5,17,Basilicata,Basilicata,559084,109821,19.64,0.72
2289,2021-05-02,BAS,4182,2000,2182,54,8,0,175,296,764,24,2727,10,124,3554,628,ITF,ITF5,17,Basilicata,Basilicata,559084,114003,20.39,0.75
2290,2021-01-15,BAS,813,350,463,578,21,174,0,5,1,1,0,0,33,813,0,ITF,ITF5,17,Basilicata,Basilicata,559084,114816,20.54,0.15
2291,2021-04-19,BAS,4161,1911,2250,77,19,58,93,29,101,1570,2165,11,38,2524,1637,ITF,ITF5,17,Basilicata,Basilicata,559084,118977,21.28,0.74
2292,2021-05-09,BAS,4675,2337,2338,19,21,1,4,603,709,15,3052,25,226,2984,1691,ITF,ITF5,17,Basilicata,Basilicata,559084,123652,22.12,0.84
2293,2021-03-11,BAS,1783,919,864,163,83,77,223,5,5,905,3,289,30,824,959,ITF,ITF5,17,Basilicata,Basilicata,559084,125435,22.44,0.32
2294,2021-04-08,BAS,764,349,415,181,53,0,187,13,9,84,177,35,25,755,9,ITF,ITF5,17,Basilicata,Basilicata,559084,126199,22.57,0.14
2295,2021-01-11,BAS,183,66,117,107,21,41,0,4,0,0,0,0,10,183,0,ITF,ITF5,17,Basilicata,Basilicata,559084,126382,22.61,0.03
2296,2021-01-28,BAS,903,401,502,717,24,81,0,30,0,1,0,0,50,119,784,ITF,ITF5,17,Basilicata,Basilicata,559084,127285,22.77,0.16
2297,2021-04-14,BAS,2041,997,1044,34,4,2,67,298,602,661,336,12,25,1367,674,ITF,ITF5,17,Basilicata,Basilicata,559084,129326,23.13,0.37
2298,2021-01-12,BAS,217,88,129,87,22,99,0,1,0,0,0,0,8,217,0,ITF,ITF5,17,Basilicata,Basilicata,559084,129543,23.17,0.04
2299,2021-03-07,BAS,882,308,574,39,12,4,471,2,0,328,0,22,4,844,38,ITF,ITF5,17,Basilicata,Basilicata,559084,130425,23.33,0.16
2300,2021-03-02,BAS,791,381,410,110,33,5,213,5,4,184,0,237,0,656,135,ITF,ITF5,17,Basilicata,Basilicata,559084,131216,23.47,0.14
2301,2021-02-11,BAS,951,401,550,200,158,107,0,0,6,472,0,4,4,868,83,ITF,ITF5,17,Basilicata,Basilicata,559084,132167,23.64,0.17
2302,2021-01-23,BAS,715,302,413,600,38,1,0,18,2,8,0,0,48,33,682,ITF,ITF5,17,Basilicata,Basilicata,559084,132882,23.77,0.13
2303,2021-04-09,BAS,1152,350,802,141,16,1,625,12,12,136,128,49,32,1089,63,ITF,ITF5,17,Basilicata,Basilicata,559084,134034,23.97,0.21
2304,2021-01-14,BAS,969,413,556,504,112,323,0,6,0,0,0,0,24,969,0,ITF,ITF5,17,Basilicata,Basilicata,559084,135003,24.15,0.17
2305,2021-01-18,BAS,463,157,306,364,52,45,0,0,0,0,0,0,2,364,99,ITF,ITF5,17,Basilicata,Basilicata,559084,135466,24.23,0.08
2306,2021-04-07,BAS,1218,549,669,272,23,18,384,8,10,107,355,23,18,1181,37,ITF,ITF5,17,Basilicata,Basilicata,559084,136684,24.45,0.22
2307,2021-05-03,BAS,4516,2045,2471,232,21,27,286,278,714,187,2632,16,123,3688,828,ITF,ITF5,17,Basilicata,Basilicata,559084,141200,25.26,0.81
2308,2021-03-04,BAS,1874,889,985,217,151,66,242,1,5,844,41,302,5,1081,793,ITF,ITF5,17,Basilicata,Basilicata,559084,143074,25.59,0.34
2309,2021-04-28,BAS,4699,2156,2543,117,51,11,41,334,1146,135,2732,11,121,4258,441,ITF,ITF5,17,Basilicata,Basilicata,559084,147773,26.43,0.84
2310,2021-02-20,BAS,1161,531,630,77,171,80,0,0,9,810,11,0,3,1043,118,ITF,ITF5,17,Basilicata,Basilicata,559084,148934,26.64,0.21
2311,2021-04-05,BAS,722,233,489,3,3,2,340,5,1,338,18,4,8,420,302,ITF,ITF5,17,Basilicata,Basilicata,559084,149656,26.77,0.13
2312,2021-02-19,BAS,1622,737,885,219,360,66,0,1,13,962,0,0,1,1560,62,ITF,ITF5,17,Basilicata,Basilicata,559084,151278,27.06,0.29
2313,2021-05-12,BAS,4726,2328,2398,22,30,0,30,430,692,102,3095,14,311,2850,1876,ITF,ITF5,17,Basilicata,Basilicata,559084,156004,27.9,0.85
2314,2021-01-08,BAS,554,219,335,383,33,59,0,36,0,0,0,0,43,554,0,ITF,ITF5,17,Basilicata,Basilicata,559084,156558,28.0,0.1
2315,2021-02-14,BAS,151,48,103,55,12,65,0,0,1,18,0,0,0,151,0,ITF,ITF5,17,Basilicata,Basilicata,559084,156709,28.03,0.03
2316,2021-03-26,BAS,1956,703,1253,195,8,3,473,13,9,1210,22,8,15,1695,261,ITF,ITF5,17,Basilicata,Basilicata,559084,158665,28.38,0.35
2317,2021-01-16,BAS,721,304,417,466,17,161,2,17,0,1,0,0,57,721,0,ITF,ITF5,17,Basilicata,Basilicata,559084,159386,28.51,0.13
2318,2021-03-12,BAS,1896,975,921,266,64,37,258,1,8,985,0,274,3,798,1098,ITF,ITF5,17,Basilicata,Basilicata,559084,161282,28.85,0.34
2319,2021-01-04,BAS,607,271,336,550,49,0,2,1,0,0,0,0,5,607,0,ITF,ITF5,17,Basilicata,Basilicata,559084,161889,28.96,0.11
2320,2021-02-01,BAS,242,91,151,156,24,48,0,4,1,0,0,0,9,46,196,ITF,ITF5,17,Basilicata,Basilicata,559084,162131,29.0,0.04
2321,2021-01-19,BAS,199,84,115,78,48,44,0,3,6,8,0,0,12,199,0,ITF,ITF5,17,Basilicata,Basilicata,559084,162330,29.03,0.04
2322,2021-04-01,BAS,2807,1134,1673,78,33,24,279,14,23,2178,103,10,65,2092,715,ITF,ITF5,17,Basilicata,Basilicata,559084,165137,29.54,0.5
2323,2021-04-25,BAS,2987,1459,1528,18,10,12,86,183,648,33,1947,10,40,2932,55,ITF,ITF5,17,Basilicata,Basilicata,559084,168124,30.07,0.53
2324,2021-03-14,BAS,1008,477,531,41,110,8,249,0,3,516,0,79,2,539,469,ITF,ITF5,17,Basilicata,Basilicata,559084,169132,30.25,0.18
2325,2021-04-24,BAS,4544,2197,2347,54,17,1,98,368,873,772,2259,13,89,3531,1013,ITF,ITF5,17,Basilicata,Basilicata,559084,173676,31.06,0.81
2326,2021-03-17,BAS,1451,608,843,22,12,0,2,6,9,1393,0,5,2,27,1424,ITF,ITF5,17,Basilicata,Basilicata,559084,175127,31.32,0.26
2327,2021-04-30,BAS,5283,2373,2910,133,58,2,381,350,886,478,2807,58,130,4117,1166,ITF,ITF5,17,Basilicata,Basilicata,559084,180410,32.27,0.94
2328,2021-04-21,BAS,3917,1834,2083,20,6,0,61,113,230,1492,1959,15,21,2267,1650,ITF,ITF5,17,Basilicata,Basilicata,559084,184327,32.97,0.7
2329,2021-05-04,BAS,4132,1989,2143,60,12,0,89,370,763,190,2438,10,200,3609,523,ITF,ITF5,17,Basilicata,Basilicata,559084,188459,33.71,0.74
2330,2021-02-12,BAS,775,332,443,288,192,90,0,3,4,192,0,6,0,744,31,ITF,ITF5,17,Basilicata,Basilicata,559084,189234,33.85,0.14
2331,2021-05-11,BAS,2690,1372,1318,38,13,11,21,412,423,38,1265,7,462,1657,1033,ITF,ITF5,17,Basilicata,Basilicata,559084,191924,34.33,0.48
2332,2021-02-16,BAS,905,377,528,250,93,67,0,1,1,492,0,1,0,807,98,ITF,ITF5,17,Basilicata,Basilicata,559084,192829,34.49,0.16
2333,2021-02-27,BAS,1991,859,1132,103,123,21,0,16,6,1682,4,1,35,1827,164,ITF,ITF5,17,Basilicata,Basilicata,559084,194820,34.85,0.36
2334,2021-02-17,BAS,1135,493,642,123,53,57,1,0,12,885,0,1,3,1059,76,ITF,ITF5,17,Basilicata,Basilicata,559084,195955,35.05,0.2
2335,2021-02-04,BAS,1095,442,653,639,106,281,0,26,0,3,0,0,40,63,1032,ITF,ITF5,17,Basilicata,Basilicata,559084,197050,35.25,0.2
2336,2021-04-27,BAS,4725,2242,2483,81,21,5,23,340,1159,214,2793,18,71,4400,325,ITF,ITF5,17,Basilicata,Basilicata,559084,201775,36.09,0.85
2337,2021-03-31,BAS,3095,1258,1837,69,46,0,127,20,13,2624,131,20,45,2313,782,ITF,ITF5,17,Basilicata,Basilicata,559084,204870,36.64,0.55
2338,2021-01-06,BAS,294,129,165,229,9,36,0,6,0,0,0,0,14,294,0,ITF,ITF5,17,Basilicata,Basilicata,559084,205164,36.7,0.05
2339,2021-03-01,BAS,546,283,263,122,107,4,50,1,1,169,1,89,2,380,166,ITF,ITF5,17,Basilicata,Basilicata,559084,205710,36.79,0.1
2340,2021-02-18,BAS,1070,401,669,270,59,150,0,0,0,588,0,0,3,855,215,ITF,ITF5,17,Basilicata,Basilicata,559084,206780,36.99,0.19
2341,2021-05-17,BAS,5539,2733,2806,44,37,1,133,462,682,31,2996,127,1026,3410,2129,ITF,ITF5,17,Basilicata,Basilicata,559084,212319,37.98,0.99
2342,2021-02-21,BAS,284,113,171,16,1,11,1,0,1,254,0,0,0,284,0,ITF,ITF5,17,Basilicata,Basilicata,559084,212603,38.03,0.05
2343,2021-05-06,BAS,5037,2430,2607,68,24,2,64,418,931,84,3185,11,250,3475,1562,ITF,ITF5,17,Basilicata,Basilicata,559084,217640,38.93,0.9
2344,2021-02-25,BAS,1787,736,1051,67,3,0,0,1,6,1705,0,1,4,1741,46,ITF,ITF5,17,Basilicata,Basilicata,559084,219427,39.25,0.32
2345,2021-02-22,BAS,1790,773,1017,125,23,2,0,2,7,1627,0,0,4,1737,53,ITF,ITF5,17,Basilicata,Basilicata,559084,221217,39.57,0.32
2346,2021-02-28,BAS,804,343,461,34,29,0,0,0,0,740,0,0,1,775,29,ITF,ITF5,17,Basilicata,Basilicata,559084,222021,39.71,0.14
2347,2021-03-18,BAS,1348,562,786,32,0,0,0,1,7,1306,0,0,2,24,1324,ITF,ITF5,17,Basilicata,Basilicata,559084,223369,39.95,0.24
2348,2021-04-29,BAS,4830,2384,2446,190,62,1,13,549,832,76,2950,33,124,4408,422,ITF,ITF5,17,Basilicata,Basilicata,559084,228199,40.82,0.86
2349,2021-02-08,BAS,557,193,364,436,72,49,0,0,0,0,0,0,0,151,406,ITF,ITF5,17,Basilicata,Basilicata,559084,228756,40.92,0.1
2350,2021-04-18,BAS,3721,1847,1874,28,6,0,17,44,214,1342,2052,15,3,2353,1368,ITF,ITF5,17,Basilicata,Basilicata,559084,232477,41.58,0.67
2351,2021-05-18,BAS,4074,1973,2101,33,28,2,113,354,492,35,2199,118,700,2256,1818,ITF,ITF5,17,Basilicata,Basilicata,559084,236551,42.31,0.73
2352,2021-04-03,BAS,1807,749,1058,38,3,0,314,12,7,1102,295,14,22,1472,335,ITF,ITF5,17,Basilicata,Basilicata,559084,238358,42.63,0.32
2353,2021-03-29,BAS,2435,881,1554,79,29,1,532,14,9,1668,63,8,32,2149,286,ITF,ITF5,17,Basilicata,Basilicata,559084,240793,43.07,0.44
2354,2021-03-15,BAS,2350,982,1368,79,30,0,266,3,6,1935,1,23,7,521,1829,ITF,ITF5,17,Basilicata,Basilicata,559084,243143,43.49,0.42
2355,2021-02-02,BAS,367,143,224,212,15,102,0,9,1,0,0,2,26,175,192,ITF,ITF5,17,Basilicata,Basilicata,559084,243510,43.56,0.07
2356,2021-01-03,BAS,900,344,556,790,53,0,2,7,0,0,0,0,48,900,0,ITF,ITF5,17,Basilicata,Basilicata,559084,244410,43.72,0.16
2357,2021-01-10,BAS,77,24,53,9,2,0,0,7,4,0,0,0,55,77,0,ITF,ITF5,17,Basilicata,Basilicata,559084,244487,43.73,0.01
2358,2021-03-30,BAS,2739,1156,1583,39,14,0,355,4,13,2181,100,13,20,2394,345,ITF,ITF5,17,Basilicata,Basilicata,559084,247226,44.22,0.49
2359,2021-01-13,BAS,916,387,529,699,11,148,1,37,1,1,0,0,18,916,0,ITF,ITF5,17,Basilicata,Basilicata,559084,248142,44.38,0.16
2360,2021-02-03,BAS,666,300,366,425,15,172,0,40,1,0,0,0,13,32,634,ITF,ITF5,17,Basilicata,Basilicata,559084,248808,44.5,0.12
2361,2021-05-05,BAS,4331,2046,2285,72,43,21,119,554,687,176,2429,20,210,3441,890,ITF,ITF5,17,Basilicata,Basilicata,559084,253139,45.28,0.77
2362,2021-01-30,BAS,704,227,477,424,82,126,0,20,0,0,0,0,52,128,576,ITF,ITF5,17,Basilicata,Basilicata,559084,253843,45.4,0.13
2363,2021-04-23,BAS,4528,2177,2351,75,29,3,46,233,996,759,2244,22,121,3528,1000,ITF,ITF5,17,Basilicata,Basilicata,559084,258371,46.21,0.81
2364,2021-02-05,BAS,984,443,541,611,38,191,0,23,8,5,0,0,108,64,920,ITF,ITF5,17,Basilicata,Basilicata,559084,259355,46.39,0.18
2365,2021-02-06,BAS,902,367,535,546,186,168,1,1,0,0,0,0,0,146,756,ITF,ITF5,17,Basilicata,Basilicata,559084,260257,46.55,0.16
2366,2021-03-24,BAS,1745,680,1065,95,39,0,527,6,8,980,7,52,31,1350,395,ITF,ITF5,17,Basilicata,Basilicata,559084,262002,46.86,0.31
2367,2021-04-02,BAS,2319,1046,1273,98,35,2,25,18,32,1736,274,42,57,1714,605,ITF,ITF5,17,Basilicata,Basilicata,559084,264321,47.28,0.41
2368,2021-01-24,BAS,836,300,536,708,46,1,0,13,0,0,0,0,68,58,778,ITF,ITF5,17,Basilicata,Basilicata,559084,265157,47.43,0.15
2369,2021-04-16,BAS,3338,1642,1696,31,21,1,54,19,35,889,2268,6,14,2421,917,ITF,ITF5,17,Basilicata,Basilicata,559084,268495,48.02,0.6
2370,2021-03-22,BAS,1175,531,644,47,68,0,385,2,5,642,8,16,2,628,547,ITF,ITF5,17,Basilicata,Basilicata,559084,269670,48.23,0.21
2371,2021-04-10,BAS,1031,377,654,64,11,8,483,5,4,147,281,21,7,950,81,ITF,ITF5,17,Basilicata,Basilicata,559084,270701,48.42,0.18
2372,2021-02-13,BAS,799,313,486,279,155,115,0,5,14,201,0,2,28,738,61,ITF,ITF5,17,Basilicata,Basilicata,559084,271500,48.56,0.14
2373,2021-03-21,PUG,2689,1224,1465,462,32,13,285,0,5,1792,15,38,47,585,2104,ITF,ITF4,16,Puglia,Puglia,4029053,2689,0.07,0.07
2374,2021-01-30,PUG,5527,2515,3012,4751,325,419,6,0,2,3,5,4,12,411,5116,ITF,ITF4,16,Puglia,Puglia,4029053,8216,0.2,0.14
2375,2021-01-14,PUG,4069,1589,2480,3187,377,499,2,1,0,0,0,0,3,4069,0,ITF,ITF4,16,Puglia,Puglia,4029053,12285,0.3,0.1
2376,2021-05-10,PUG,36899,16275,20624,435,368,55,3522,11056,5635,2334,12696,390,408,19229,17670,ITF,ITF4,16,Puglia,Puglia,4029053,49184,1.22,0.92
2377,2021-01-24,PUG,1669,749,920,1286,231,150,0,0,0,1,1,0,0,153,1516,ITF,ITF4,16,Puglia,Puglia,4029053,50853,1.26,0.04
2378,2021-04-20,PUG,20925,9714,11211,496,210,121,92,1398,8996,3349,5971,77,215,17483,3442,ITF,ITF4,16,Puglia,Puglia,4029053,71778,1.78,0.52
2379,2021-03-05,PUG,17110,6797,10313,2310,828,274,7075,34,23,5336,18,1176,36,14946,2164,ITF,ITF4,16,Puglia,Puglia,4029053,88888,2.21,0.42
2380,2021-05-06,PUG,38947,17002,21945,582,457,106,3827,6795,7197,3403,15411,626,543,19435,19512,ITF,ITF4,16,Puglia,Puglia,4029053,127835,3.17,0.97
2381,2021-03-15,PUG,11764,5617,6147,2092,648,116,686,24,30,7671,23,461,13,5266,6498,ITF,ITF4,16,Puglia,Puglia,4029053,139599,3.46,0.29
2382,2021-03-03,PUG,16645,6692,9953,2056,639,287,6711,6,6,5987,4,946,3,14736,1909,ITF,ITF4,16,Puglia,Puglia,4029053,156244,3.88,0.41
2383,2021-03-07,PUG,4915,1940,2975,930,101,3,1853,4,4,1681,7,326,6,4344,571,ITF,ITF4,16,Puglia,Puglia,4029053,161159,4.0,0.12
2384,2021-04-14,PUG,31757,14985,16772,627,219,40,83,4656,15247,4918,5533,123,311,28451,3306,ITF,ITF4,16,Puglia,Puglia,4029053,192916,4.79,0.79
2385,2021-04-25,PUG,11040,5113,5927,184,92,43,146,936,3201,1116,5116,12,194,9895,1145,ITF,ITF4,16,Puglia,Puglia,4029053,203956,5.06,0.27
2386,2021-01-13,PUG,4539,1730,2809,3974,329,231,2,1,0,0,0,0,2,4539,0,ITF,ITF4,16,Puglia,Puglia,4029053,208495,5.17,0.11
2387,2021-04-19,PUG,27409,12723,14686,549,142,77,57,1986,14656,3251,6472,50,169,24381,3028,ITF,ITF4,16,Puglia,Puglia,4029053,235904,5.86,0.68
2388,2021-02-23,PUG,9342,4421,4921,1789,362,167,1019,11,15,5554,1,405,19,8867,475,ITF,ITF4,16,Puglia,Puglia,4029053,245246,6.09,0.23
2389,2021-03-20,PUG,8241,3727,4514,1431,87,54,811,24,51,5650,42,70,21,3657,4584,ITF,ITF4,16,Puglia,Puglia,4029053,253487,6.29,0.2
2390,2021-04-26,PUG,25979,11891,14088,425,232,102,126,6472,8069,2756,7578,34,185,22738,3241,ITF,ITF4,16,Puglia,Puglia,4029053,279466,6.94,0.64
2391,2021-05-15,PUG,41651,18216,23435,264,316,46,4068,11144,4163,1951,15350,125,4224,22953,18698,ITF,ITF4,16,Puglia,Puglia,4029053,321117,7.97,1.03
2392,2021-01-27,PUG,4577,1927,2650,3932,240,396,2,1,3,0,0,0,3,611,3966,ITF,ITF4,16,Puglia,Puglia,4029053,325694,8.08,0.11
2393,2021-05-13,PUG,37386,16670,20716,570,399,144,2457,8614,5800,1897,12928,324,4253,20774,16612,ITF,ITF4,16,Puglia,Puglia,4029053,363080,9.01,0.93
2394,2021-05-16,PUG,23749,10707,13042,87,153,7,3776,7870,2614,681,6258,65,2238,12330,11419,ITF,ITF4,16,Puglia,Puglia,4029053,386829,9.6,0.59
2395,2021-02-13,PUG,3726,1455,2271,2887,517,290,7,0,2,5,0,18,0,3031,695,ITF,ITF4,16,Puglia,Puglia,4029053,390555,9.69,0.09
2396,2021-02-12,PUG,4101,1629,2472,2940,443,689,5,0,0,6,5,10,3,3010,1091,ITF,ITF4,16,Puglia,Puglia,4029053,394656,9.8,0.1
2397,2021-03-18,PUG,9397,4251,5146,1755,489,225,90,17,27,6690,44,40,20,3281,6116,ITF,ITF4,16,Puglia,Puglia,4029053,404053,10.03,0.23
2398,2021-02-24,PUG,10033,4702,5331,1926,601,117,566,9,12,6410,0,375,17,9444,589,ITF,ITF4,16,Puglia,Puglia,4029053,414086,10.28,0.25
2399,2021-05-18,PUG,14387,6748,7639,201,166,56,1227,2987,2136,335,3284,669,3326,7737,6650,ITF,ITF4,16,Puglia,Puglia,4029053,428473,10.63,0.36
2400,2021-01-29,PUG,6192,2659,3533,5516,376,288,3,3,0,1,0,0,5,436,5756,ITF,ITF4,16,Puglia,Puglia,4029053,434665,10.79,0.15
2401,2021-05-08,PUG,53367,22557,30810,647,385,196,6135,11340,6048,4373,22810,532,901,23995,29372,ITF,ITF4,16,Puglia,Puglia,4029053,488032,12.11,1.32
2402,2021-01-22,PUG,1409,578,831,878,154,373,1,0,0,1,1,0,1,991,418,ITF,ITF4,16,Puglia,Puglia,4029053,489441,12.15,0.03
2403,2021-02-10,PUG,3641,1434,2207,2517,254,869,1,0,0,0,0,0,0,2131,1510,ITF,ITF4,16,Puglia,Puglia,4029053,493082,12.24,0.09
2404,2021-01-09,PUG,4883,2248,2635,4329,255,247,1,5,1,4,5,0,36,4883,0,ITF,ITF4,16,Puglia,Puglia,4029053,497965,12.36,0.12
2405,2021-01-21,PUG,2131,903,1228,1431,167,528,0,0,1,2,0,0,2,1271,860,ITF,ITF4,16,Puglia,Puglia,4029053,500096,12.41,0.05
2406,2021-03-08,PUG,14649,6081,8568,2143,840,224,3920,13,9,6829,7,642,22,12252,2397,ITF,ITF4,16,Puglia,Puglia,4029053,514745,12.78,0.36
2407,2021-05-07,PUG,48809,21766,27043,676,453,72,3352,12577,8357,3437,18508,683,694,25738,23071,ITF,ITF4,16,Puglia,Puglia,4029053,563554,13.99,1.21
2408,2021-02-15,PUG,3252,1268,1984,2247,527,454,3,0,1,1,1,7,11,2632,620,ITF,ITF4,16,Puglia,Puglia,4029053,566806,14.07,0.08
2409,2021-05-11,PUG,31627,13913,17714,380,382,44,3502,4751,6154,2260,13082,493,579,13684,17943,ITF,ITF4,16,Puglia,Puglia,4029053,598433,14.85,0.78
2410,2021-03-19,PUG,7949,3646,4303,1762,280,70,260,13,20,5382,74,66,22,3406,4543,ITF,ITF4,16,Puglia,Puglia,4029053,606382,15.05,0.2
2411,2021-03-29,PUG,12844,5992,6852,1595,590,241,1129,35,140,7960,676,409,69,6122,6722,ITF,ITF4,16,Puglia,Puglia,4029053,619226,15.37,0.32
2412,2021-03-17,PUG,10274,4683,5591,1794,464,64,70,28,37,7681,39,51,46,4171,6103,ITF,ITF4,16,Puglia,Puglia,4029053,629500,15.62,0.25
2413,2021-03-13,PUG,10379,4096,6283,2159,280,131,3328,7,12,4129,46,255,32,8648,1731,ITF,ITF4,16,Puglia,Puglia,4029053,639879,15.88,0.26
2414,2021-01-28,PUG,5470,2276,3194,4787,339,327,3,3,0,0,0,6,5,472,4998,ITF,ITF4,16,Puglia,Puglia,4029053,645349,16.02,0.14
2415,2021-04-11,PUG,16429,7234,9195,330,87,14,118,354,1002,5467,8941,16,100,14773,1656,ITF,ITF4,16,Puglia,Puglia,4029053,661778,16.43,0.41
2416,2021-02-26,PUG,13707,5024,8683,2130,681,298,4689,10,9,5229,18,620,23,12676,1031,ITF,ITF4,16,Puglia,Puglia,4029053,675485,16.77,0.34
2417,2021-01-04,PUG,4504,2013,2491,4398,88,11,1,0,0,0,0,0,6,4504,0,ITF,ITF4,16,Puglia,Puglia,4029053,679989,16.88,0.11
2418,2021-01-19,PUG,1221,452,769,531,113,577,0,0,0,0,0,0,0,1211,10,ITF,ITF4,16,Puglia,Puglia,4029053,681210,16.91,0.03
2419,2021-03-02,PUG,16298,6052,10246,1401,664,113,8171,17,17,4353,6,1543,13,15001,1297,ITF,ITF4,16,Puglia,Puglia,4029053,697508,17.31,0.4
2420,2021-02-03,PUG,5033,2003,3030,4367,476,185,3,2,0,0,0,0,0,730,4303,ITF,ITF4,16,Puglia,Puglia,4029053,702541,17.44,0.12
2421,2021-04-07,PUG,15193,6725,8468,1145,445,167,363,184,560,8685,3251,145,248,8581,6612,ITF,ITF4,16,Puglia,Puglia,4029053,717734,17.81,0.38
2422,2021-01-23,PUG,3040,1294,1746,2526,176,309,1,3,6,14,0,0,5,886,2154,ITF,ITF4,16,Puglia,Puglia,4029053,720774,17.89,0.08
2423,2021-04-08,PUG,17367,7539,9828,1031,328,181,506,218,835,9701,4321,87,159,11244,6123,ITF,ITF4,16,Puglia,Puglia,4029053,738141,18.32,0.43
2424,2021-01-18,PUG,1845,770,1075,1183,215,444,0,0,0,1,0,1,1,1496,349,ITF,ITF4,16,Puglia,Puglia,4029053,739986,18.37,0.05
2425,2021-01-06,PUG,3945,1668,2277,3316,224,372,0,11,1,0,0,0,21,3945,0,ITF,ITF4,16,Puglia,Puglia,4029053,743931,18.46,0.1
2426,2021-01-08,PUG,5588,2343,3245,4875,373,328,3,0,0,0,4,4,1,5588,0,ITF,ITF4,16,Puglia,Puglia,4029053,749519,18.6,0.14
2427,2021-03-01,PUG,15069,5849,9220,1974,723,83,5162,7,15,6182,4,897,22,13699,1370,ITF,ITF4,16,Puglia,Puglia,4029053,764588,18.98,0.37
2428,2021-04-30,PUG,34287,15313,18974,806,425,194,164,4089,8214,7016,12780,123,476,22434,11853,ITF,ITF4,16,Puglia,Puglia,4029053,798875,19.83,0.85
2429,2021-03-06,PUG,15920,5950,9970,2177,474,99,7069,15,13,5467,24,567,15,13851,2069,ITF,ITF4,16,Puglia,Puglia,4029053,814795,20.22,0.4
2430,2020-12-31,PUG,1635,782,853,1549,38,44,3,0,1,0,0,0,0,1635,0,ITF,ITF4,16,Puglia,Puglia,4029053,816430,20.26,0.04
2431,2021-03-27,PUG,12119,5689,6430,971,592,71,1372,35,92,7557,1117,236,76,6964,5155,ITF,ITF4,16,Puglia,Puglia,4029053,828549,20.56,0.3
2432,2021-04-22,PUG,22764,10397,12367,789,281,216,115,1845,9142,4168,5868,55,285,17901,4863,ITF,ITF4,16,Puglia,Puglia,4029053,851313,21.13,0.56
2433,2021-02-09,PUG,3840,1570,2270,2534,661,622,6,2,3,9,1,0,2,2168,1672,ITF,ITF4,16,Puglia,Puglia,4029053,855153,21.22,0.1
2434,2021-02-28,PUG,6010,1798,4212,560,136,26,3535,6,3,1545,1,194,4,5824,186,ITF,ITF4,16,Puglia,Puglia,4029053,861163,21.37,0.15
2435,2021-03-26,PUG,11436,5337,6099,1611,919,287,1339,38,119,6465,99,442,117,6793,4643,ITF,ITF4,16,Puglia,Puglia,4029053,872599,21.66,0.28
2436,2021-04-04,PUG,5938,2953,2985,98,25,7,48,29,46,286,5323,26,50,5932,6,ITF,ITF4,16,Puglia,Puglia,4029053,878537,21.81,0.15
2437,2021-01-31,PUG,1809,826,983,1503,103,198,2,1,0,2,0,0,0,73,1736,ITF,ITF4,16,Puglia,Puglia,4029053,880346,21.85,0.04
2438,2021-01-16,PUG,2507,1033,1474,1682,300,518,1,1,1,0,0,0,4,2507,0,ITF,ITF4,16,Puglia,Puglia,4029053,882853,21.91,0.06
2439,2021-04-05,PUG,12681,6163,6518,57,59,4,30,59,239,943,11209,12,69,12147,534,ITF,ITF4,16,Puglia,Puglia,4029053,895534,22.23,0.31
2440,2021-01-15,PUG,4552,1866,2686,3599,369,558,4,2,0,1,1,13,5,4552,0,ITF,ITF4,16,Puglia,Puglia,4029053,900086,22.34,0.11
2441,2021-05-14,PUG,43453,19862,23591,462,308,143,2845,14351,4994,1608,13367,560,4815,27960,15493,ITF,ITF4,16,Puglia,Puglia,4029053,943539,23.42,1.08
2442,2021-04-01,PUG,13479,6148,7331,1247,453,221,1037,85,329,8073,1577,322,135,7137,6342,ITF,ITF4,16,Puglia,Puglia,4029053,957018,23.75,0.33
2443,2021-01-11,PUG,3751,1588,2163,3223,336,175,2,4,0,0,0,6,5,3751,0,ITF,ITF4,16,Puglia,Puglia,4029053,960769,23.85,0.09
2444,2021-02-21,PUG,2176,472,1704,537,73,49,1460,1,5,32,0,12,7,2115,61,ITF,ITF4,16,Puglia,Puglia,4029053,962945,23.9,0.05
2445,2021-01-20,PUG,1546,541,1005,781,125,627,0,0,3,9,0,0,1,1538,8,ITF,ITF4,16,Puglia,Puglia,4029053,964491,23.94,0.04
2446,2021-01-02,PUG,2948,1300,1648,2829,91,23,4,0,0,0,0,0,1,2948,0,ITF,ITF4,16,Puglia,Puglia,4029053,967439,24.01,0.07
2447,2021-02-02,PUG,4340,1844,2496,3630,389,317,3,1,0,0,0,0,0,593,3747,ITF,ITF4,16,Puglia,Puglia,4029053,971779,24.12,0.11
2448,2021-03-11,PUG,14363,6187,8176,2920,935,515,3683,6,8,5277,8,991,20,11255,3108,ITF,ITF4,16,Puglia,Puglia,4029053,986142,24.48,0.36
2449,2021-04-18,PUG,22495,10757,11738,82,42,4,9,4037,9374,1440,7298,12,197,21431,1064,ITF,ITF4,16,Puglia,Puglia,4029053,1008637,25.03,0.56
2450,2020-12-27,PUG,509,252,257,440,6,63,0,0,0,0,0,0,0,509,0,ITF,ITF4,16,Puglia,Puglia,4029053,1009146,25.05,0.01
2451,2021-02-17,PUG,4270,1745,2525,2479,1182,598,1,0,1,2,1,1,5,3669,601,ITF,ITF4,16,Puglia,Puglia,4029053,1013416,25.15,0.11
2452,2021-04-21,PUG,22959,10595,12364,680,244,61,377,1962,12323,2780,4280,115,137,19227,3732,ITF,ITF4,16,Puglia,Puglia,4029053,1036375,25.72,0.57
2453,2021-05-04,PUG,34542,14555,19987,614,229,61,3969,5385,9401,3223,11020,324,316,18224,16318,ITF,ITF4,16,Puglia,Puglia,4029053,1070917,26.58,0.86
2454,2021-05-09,PUG,30286,12392,17894,141,210,17,5727,7651,3118,2000,10713,100,609,14822,15464,ITF,ITF4,16,Puglia,Puglia,4029053,1101203,27.33,0.75
2455,2021-03-24,PUG,12971,5979,6992,1908,628,192,1544,29,58,7924,87,497,104,5716,7255,ITF,ITF4,16,Puglia,Puglia,4029053,1114174,27.65,0.32
2456,2021-03-23,PUG,10400,4992,5408,1850,415,51,990,29,44,6098,53,745,125,3937,6463,ITF,ITF4,16,Puglia,Puglia,4029053,1124574,27.91,0.26
2457,2021-02-16,PUG,3378,1451,1927,2155,740,412,2,7,0,5,0,15,42,2734,644,ITF,ITF4,16,Puglia,Puglia,4029053,1127952,28.0,0.08
2458,2021-03-14,PUG,3317,1429,1888,956,91,107,1004,28,10,976,9,43,93,2506,811,ITF,ITF4,16,Puglia,Puglia,4029053,1131269,28.08,0.08
2459,2021-04-27,PUG,26393,11951,14442,655,263,319,239,5223,7456,4196,7695,64,283,20800,5593,ITF,ITF4,16,Puglia,Puglia,4029053,1157662,28.73,0.66
2460,2021-04-24,PUG,29101,13235,15866,554,297,94,75,2516,11264,3610,10224,32,435,25149,3952,ITF,ITF4,16,Puglia,Puglia,4029053,1186763,29.46,0.72
2461,2021-04-02,PUG,12577,5758,6819,894,398,298,695,128,649,7478,1501,193,343,8059,4518,ITF,ITF4,16,Puglia,Puglia,4029053,1199340,29.77,0.31
2462,2021-01-12,PUG,4210,1771,2439,3637,343,218,5,2,3,1,0,0,1,4210,0,ITF,ITF4,16,Puglia,Puglia,4029053,1203550,29.87,0.1
2463,2021-04-12,PUG,29034,13677,15357,505,241,31,158,2204,14831,4867,5829,152,216,26210,2824,ITF,ITF4,16,Puglia,Puglia,4029053,1232584,30.59,0.72
2464,2021-01-25,PUG,3822,1679,2143,3472,170,169,1,1,0,2,1,0,6,423,3399,ITF,ITF4,16,Puglia,Puglia,4029053,1236406,30.69,0.09
2465,2021-05-12,PUG,35580,15827,19753,192,415,220,3253,12173,3805,1849,10745,520,2408,23436,12144,ITF,ITF4,16,Puglia,Puglia,4029053,1271986,31.57,0.88
2466,2021-01-01,PUG,146,60,86,145,1,0,0,0,0,0,0,0,0,146,0,ITF,ITF4,16,Puglia,Puglia,4029053,1272132,31.57,0.0
2467,2021-02-11,PUG,3699,1402,2297,2577,391,725,2,0,0,0,0,0,4,2422,1277,ITF,ITF4,16,Puglia,Puglia,4029053,1275831,31.67,0.09
2468,2021-03-09,PUG,13182,5747,7435,1879,714,229,3554,16,9,5628,7,1091,55,11175,2007,ITF,ITF4,16,Puglia,Puglia,4029053,1289013,31.99,0.33
2469,2021-03-04,PUG,15065,5875,9190,1538,590,325,6299,20,15,4777,9,1462,30,13677,1388,ITF,ITF4,16,Puglia,Puglia,4029053,1304078,32.37,0.37
2470,2021-04-29,PUG,25621,11845,13776,551,390,128,70,3027,9091,4112,7892,33,327,19004,6617,ITF,ITF4,16,Puglia,Puglia,4029053,1329699,33.0,0.64
2471,2021-03-12,PUG,13921,6105,7816,3282,1137,432,3030,9,16,5007,9,987,12,9996,3925,ITF,ITF4,16,Puglia,Puglia,4029053,1343620,33.35,0.35
2472,2021-01-07,PUG,5716,2457,3259,5220,263,217,3,4,0,0,2,7,0,5716,0,ITF,ITF4,16,Puglia,Puglia,4029053,1349336,33.49,0.14
2473,2021-02-22,PUG,9627,4533,5094,1441,652,140,318,14,19,6809,5,218,11,9295,332,ITF,ITF4,16,Puglia,Puglia,4029053,1358963,33.73,0.24
2474,2021-02-08,PUG,3992,1610,2382,2965,605,389,1,1,0,1,1,26,3,1597,2395,ITF,ITF4,16,Puglia,Puglia,4029053,1362955,33.83,0.1
2475,2021-02-01,PUG,3964,1659,2305,3446,287,208,5,4,0,0,0,6,8,375,3589,ITF,ITF4,16,Puglia,Puglia,4029053,1366919,33.93,0.1
2476,2021-02-20,PUG,2968,1079,1889,2113,236,168,426,0,1,9,1,4,10,2712,256,ITF,ITF4,16,Puglia,Puglia,4029053,1369887,34.0,0.07
2477,2021-04-10,PUG,30599,12986,17613,637,237,122,282,614,1583,11781,14957,149,237,26428,4171,ITF,ITF4,16,Puglia,Puglia,4029053,1400486,34.76,0.76
2478,2021-02-05,PUG,5634,2273,3361,4572,512,526,6,0,0,0,0,14,4,1332,4302,ITF,ITF4,16,Puglia,Puglia,4029053,1406120,34.9,0.14
2479,2021-03-22,PUG,9345,4550,4795,614,368,12,1071,12,38,6753,49,362,66,3700,5645,ITF,ITF4,16,Puglia,Puglia,4029053,1415465,35.13,0.23
2480,2021-02-27,PUG,14194,4802,9392,1607,680,181,6193,14,8,5120,17,361,13,12971,1223,ITF,ITF4,16,Puglia,Puglia,4029053,1429659,35.48,0.35
2481,2021-05-05,PUG,38473,16820,21653,554,221,135,3679,11883,5995,3233,11714,713,346,24425,14048,ITF,ITF4,16,Puglia,Puglia,4029053,1468132,36.44,0.95
2482,2021-01-17,PUG,1308,590,718,818,154,336,0,0,0,0,0,0,0,1239,69,ITF,ITF4,16,Puglia,Puglia,4029053,1469440,36.47,0.03
2483,2021-03-31,PUG,14032,6348,7684,1790,564,177,811,30,191,8642,1346,372,109,8479,5553,ITF,ITF4,16,Puglia,Puglia,4029053,1483472,36.82,0.35
2484,2021-02-06,PUG,4544,1927,2617,3503,484,550,4,0,1,0,0,0,2,1589,2955,ITF,ITF4,16,Puglia,Puglia,4029053,1488016,36.93,0.11
2485,2021-02-04,PUG,5896,2357,3539,4443,792,653,6,0,0,0,1,0,1,1166,4730,ITF,ITF4,16,Puglia,Puglia,4029053,1493912,37.08,0.15
2486,2021-05-17,PUG,30479,13956,16523,266,496,34,3502,8654,2218,861,7470,704,6274,19465,11014,ITF,ITF4,16,Puglia,Puglia,4029053,1524391,37.83,0.76
2487,2021-04-16,PUG,35691,16770,18921,693,284,139,214,4914,14915,4587,9519,101,325,32410,3281,ITF,ITF4,16,Puglia,Puglia,4029053,1560082,38.72,0.89
2488,2021-05-02,PUG,21132,9581,11551,94,92,17,39,3952,4828,3489,8292,20,309,13883,7249,ITF,ITF4,16,Puglia,Puglia,4029053,1581214,39.25,0.52
2489,2021-03-28,PUG,3524,1650,1874,638,151,47,120,6,11,2016,520,3,12,1199,2325,ITF,ITF4,16,Puglia,Puglia,4029053,1584738,39.33,0.09
2490,2021-04-17,PUG,39675,18781,20894,530,172,87,182,4792,13042,5029,15272,94,475,36101,3574,ITF,ITF4,16,Puglia,Puglia,4029053,1624413,40.32,0.98
2491,2021-03-10,PUG,14384,6236,8148,2592,1083,355,3085,6,33,6546,7,656,21,11266,3118,ITF,ITF4,16,Puglia,Puglia,4029053,1638797,40.67,0.36
2492,2021-02-18,PUG,4377,1846,2531,2715,960,680,2,1,1,5,1,11,1,3773,604,ITF,ITF4,16,Puglia,Puglia,4029053,1643174,40.78,0.11
2493,2021-04-03,PUG,10485,4601,5884,919,238,135,541,120,364,5420,2438,18,292,6938,3547,ITF,ITF4,16,Puglia,Puglia,4029053,1653659,41.04,0.26
2494,2021-04-06,PUG,13441,5964,7477,749,379,250,221,88,488,8449,2600,131,86,6820,6621,ITF,ITF4,16,Puglia,Puglia,4029053,1667100,41.38,0.33
2495,2021-04-15,PUG,32248,15034,17214,559,224,87,120,4266,13236,5165,8163,97,331,28754,3494,ITF,ITF4,16,Puglia,Puglia,4029053,1699348,42.18,0.8
2496,2021-02-19,PUG,4730,2010,2720,3065,1190,389,7,2,1,2,0,49,25,4339,391,ITF,ITF4,16,Puglia,Puglia,4029053,1704078,42.29,0.12
2497,2021-04-28,PUG,19458,8708,10750,334,162,94,85,2213,7595,3232,5580,56,107,14752,4706,ITF,ITF4,16,Puglia,Puglia,4029053,1723536,42.78,0.48
2498,2021-02-14,PUG,786,348,438,683,32,70,1,0,0,0,0,0,0,663,123,ITF,ITF4,16,Puglia,Puglia,4029053,1724322,42.8,0.02
2499,2021-03-16,PUG,9858,4683,5175,2201,554,91,40,21,23,6633,130,142,23,3502,6356,ITF,ITF4,16,Puglia,Puglia,4029053,1734180,43.04,0.24
2500,2021-01-03,PUG,2007,943,1064,1818,38,145,1,1,1,0,3,0,0,2007,0,ITF,ITF4,16,Puglia,Puglia,4029053,1736187,43.09,0.05
2501,2021-04-09,PUG,21784,9355,12429,1116,547,169,418,473,1164,9771,7653,146,327,17165,4619,ITF,ITF4,16,Puglia,Puglia,4029053,1757971,43.63,0.54
2502,2021-02-25,PUG,11938,5048,6890,1747,765,420,2423,19,15,5784,2,729,34,10779,1159,ITF,ITF4,16,Puglia,Puglia,4029053,1769909,43.93,0.3
2503,2021-05-03,PUG,32985,14729,18256,472,322,188,1451,11363,6032,3486,9340,80,251,22384,10601,ITF,ITF4,16,Puglia,Puglia,4029053,1802894,44.75,0.82
2504,2021-04-13,PUG,28544,13538,15006,662,251,61,118,4545,10800,5316,6320,122,349,25153,3391,ITF,ITF4,16,Puglia,Puglia,4029053,1831438,45.46,0.71
2505,2021-01-26,PUG,5360,2397,2963,4851,270,232,0,2,1,1,0,0,3,571,4789,ITF,ITF4,16,Puglia,Puglia,4029053,1836798,45.59,0.13
2506,2021-01-05,PUG,5104,2249,2855,4787,179,98,4,9,9,5,0,0,13,5104,0,ITF,ITF4,16,Puglia,Puglia,4029053,1841902,45.72,0.13
2507,2021-03-30,PUG,11835,5485,6350,1332,494,266,960,48,165,7130,1013,372,55,5968,5867,ITF,ITF4,16,Puglia,Puglia,4029053,1853737,46.01,0.29
2508,2021-01-10,PUG,2349,1061,1288,2038,106,202,0,2,0,0,1,0,0,2349,0,ITF,ITF4,16,Puglia,Puglia,4029053,1856086,46.07,0.06
2509,2020-12-30,PUG,1,0,1,1,0,0,0,0,0,0,0,0,0,1,0,ITF,ITF4,16,Puglia,Puglia,4029053,1856087,46.07,0.0
2510,2021-04-23,PUG,28899,13418,15481,647,246,197,104,2456,12977,4516,7165,196,395,23890,5009,ITF,ITF4,16,Puglia,Puglia,4029053,1884986,46.78,0.72
2511,2021-03-25,PUG,10876,5281,5595,1271,671,184,655,22,50,7198,64,675,86,4647,6229,ITF,ITF4,16,Puglia,Puglia,4029053,1895862,47.05,0.27
2512,2021-02-07,PUG,1578,669,909,1039,227,309,1,0,2,0,0,0,0,253,1325,ITF,ITF4,16,Puglia,Puglia,4029053,1897440,47.09,0.04
2513,2021-05-01,PUG,27260,12501,14759,174,163,95,28,3399,5502,3960,13511,15,413,16636,10624,ITF,ITF4,16,Puglia,Puglia,4029053,1924700,47.77,0.68
2514,2021-04-14,CAL,7944,3842,4102,171,185,141,174,209,1533,1526,3818,74,113,6491,1453,ITF,ITF6,18,Calabria,Calabria,1947131,7944,0.41,0.41
2515,2021-01-30,CAL,2176,1149,1027,1976,190,0,0,3,0,1,0,0,6,358,1818,ITF,ITF6,18,Calabria,Calabria,1947131,10120,0.52,0.11
2516,2021-04-02,CAL,8024,3664,4360,361,135,603,1153,115,176,2765,2243,197,276,4200,3824,ITF,ITF6,18,Calabria,Calabria,1947131,18144,0.93,0.41
2517,2021-05-06,CAL,13201,6243,6958,322,307,143,465,2329,2019,851,6157,74,534,8924,4277,ITF,ITF6,18,Calabria,Calabria,1947131,31345,1.61,0.68
2518,2021-01-12,CAL,2061,1019,1042,1709,237,29,0,21,1,19,0,0,45,2061,0,ITF,ITF6,18,Calabria,Calabria,1947131,33406,1.72,0.11
2519,2021-04-04,CAL,1733,876,857,34,23,21,64,249,266,505,516,2,53,1233,500,ITF,ITF6,18,Calabria,Calabria,1947131,35139,1.8,0.09
2520,2021-02-25,CAL,2782,1497,1285,736,226,210,4,41,15,970,36,414,130,2204,578,ITF,ITF6,18,Calabria,Calabria,1947131,37921,1.95,0.14
2521,2021-02-11,CAL,2332,1042,1290,1455,372,241,0,25,18,156,0,0,65,1081,1251,ITF,ITF6,18,Calabria,Calabria,1947131,40253,2.07,0.12
2522,2021-03-07,CAL,3131,1561,1570,105,33,348,2,10,31,1741,474,363,24,3042,89,ITF,ITF6,18,Calabria,Calabria,1947131,43384,2.23,0.16
2523,2021-03-16,CAL,3763,1845,1918,459,202,22,30,49,78,2129,593,67,134,2176,1587,ITF,ITF6,18,Calabria,Calabria,1947131,47147,2.42,0.19
2524,2021-05-15,CAL,26622,12733,13889,266,429,89,181,2581,2478,892,11987,192,7527,19865,6757,ITF,ITF6,18,Calabria,Calabria,1947131,73769,3.79,1.37
2525,2021-05-13,CAL,15829,7578,8251,211,282,149,171,1572,1441,639,7052,152,4160,11199,4630,ITF,ITF6,18,Calabria,Calabria,1947131,89598,4.6,0.81
2526,2021-03-19,CAL,4178,1943,2235,486,121,294,102,63,113,2007,883,12,97,1897,2281,ITF,ITF6,18,Calabria,Calabria,1947131,93776,4.82,0.21
2527,2021-03-08,CAL,5306,2807,2499,708,244,453,3,48,63,1552,1136,840,259,4248,1058,ITF,ITF6,18,Calabria,Calabria,1947131,99082,5.09,0.27
2528,2021-05-18,CAL,9144,4557,4587,98,178,28,104,806,696,249,3540,453,2992,6809,2335,ITF,ITF6,18,Calabria,Calabria,1947131,108226,5.56,0.47
2529,2021-01-29,CAL,2045,984,1061,1751,231,47,0,3,3,1,0,0,9,230,1815,ITF,ITF6,18,Calabria,Calabria,1947131,110271,5.66,0.11
2530,2021-01-27,CAL,1458,734,724,1225,203,23,0,4,0,0,0,0,3,396,1062,ITF,ITF6,18,Calabria,Calabria,1947131,111729,5.74,0.07
2531,2021-03-20,CAL,6452,2974,3478,432,99,406,455,72,122,3574,1009,74,209,4066,2386,ITF,ITF6,18,Calabria,Calabria,1947131,118181,6.07,0.33
2532,2021-01-22,CAL,658,274,384,298,146,112,0,37,29,4,0,0,32,656,2,ITF,ITF6,18,Calabria,Calabria,1947131,118839,6.1,0.03
2533,2021-05-16,CAL,13770,6718,7052,191,287,20,136,1359,1078,469,5558,129,4543,9963,3807,ITF,ITF6,18,Calabria,Calabria,1947131,132609,6.81,0.71
2534,2020-12-27,CAL,279,154,125,278,1,0,0,0,0,0,0,0,0,279,0,ITF,ITF6,18,Calabria,Calabria,1947131,132888,6.82,0.01
2535,2021-03-18,CAL,4242,1978,2264,360,209,232,45,65,114,2309,754,58,96,2274,1968,ITF,ITF6,18,Calabria,Calabria,1947131,137130,7.04,0.22
2536,2021-03-31,CAL,8818,4006,4812,377,283,652,2048,145,193,2692,1988,118,322,4882,3936,ITF,ITF6,18,Calabria,Calabria,1947131,145948,7.5,0.45
2537,2021-02-08,CAL,1847,733,1114,1214,406,121,0,14,1,0,0,0,91,661,1186,ITF,ITF6,18,Calabria,Calabria,1947131,147795,7.59,0.09
2538,2021-02-24,CAL,1843,940,903,658,108,114,4,16,10,754,84,47,48,1369,474,ITF,ITF6,18,Calabria,Calabria,1947131,149638,7.69,0.09
2539,2021-04-21,CAL,11474,5777,5697,260,200,196,236,1607,2284,1123,5160,187,221,8568,2906,ITF,ITF6,18,Calabria,Calabria,1947131,161112,8.27,0.59
2540,2021-05-17,CAL,15114,7549,7565,301,286,135,150,1618,1376,386,6031,747,4084,10391,4723,ITF,ITF6,18,Calabria,Calabria,1947131,176226,9.05,0.78
2541,2021-01-09,CAL,1918,1037,881,1530,316,0,0,26,2,1,0,0,43,1918,0,ITF,ITF6,18,Calabria,Calabria,1947131,178144,9.15,0.1
2542,2021-01-21,CAL,960,445,515,737,82,115,0,4,2,0,0,0,20,930,30,ITF,ITF6,18,Calabria,Calabria,1947131,179104,9.2,0.05
2543,2021-03-14,CAL,2542,1018,1524,322,103,312,721,15,30,811,128,30,70,2142,400,ITF,ITF6,18,Calabria,Calabria,1947131,181646,9.33,0.13
2544,2021-05-07,CAL,15879,7483,8396,353,343,286,538,2356,2112,1183,7878,137,693,9682,6197,ITF,ITF6,18,Calabria,Calabria,1947131,197525,10.14,0.82
2545,2021-04-11,CAL,4084,1863,2221,136,49,51,166,60,209,1726,1620,12,55,2144,1940,ITF,ITF6,18,Calabria,Calabria,1947131,201609,10.35,0.21
2546,2021-03-05,CAL,6136,3536,2600,694,253,709,5,46,61,2011,878,1383,96,5564,572,ITF,ITF6,18,Calabria,Calabria,1947131,207745,10.67,0.32
2547,2021-04-24,CAL,18920,9442,9478,288,229,146,113,6004,3557,1940,6099,229,315,15527,3393,ITF,ITF6,18,Calabria,Calabria,1947131,226665,11.64,0.97
2548,2021-04-18,CAL,5770,2759,3011,148,88,102,79,130,1432,1204,2528,12,47,4891,879,ITF,ITF6,18,Calabria,Calabria,1947131,232435,11.94,0.3
2549,2021-02-28,CAL,2166,983,1183,113,39,190,0,10,24,1706,28,6,50,2015,151,ITF,ITF6,18,Calabria,Calabria,1947131,234601,12.05,0.11
2550,2021-02-09,CAL,2145,904,1241,1422,394,230,0,20,5,0,0,0,74,947,1198,ITF,ITF6,18,Calabria,Calabria,1947131,236746,12.16,0.11
2551,2021-02-06,CAL,2907,1338,1569,2094,367,247,0,45,9,10,0,0,135,442,2465,ITF,ITF6,18,Calabria,Calabria,1947131,239653,12.31,0.15
2552,2021-04-25,CAL,15815,8027,7788,149,314,121,122,5767,2979,743,4586,273,761,14697,1118,ITF,ITF6,18,Calabria,Calabria,1947131,255468,13.12,0.81
2553,2021-02-05,CAL,3803,1712,2091,2335,744,554,0,41,8,3,0,0,118,489,3314,ITF,ITF6,18,Calabria,Calabria,1947131,259271,13.32,0.2
2554,2021-03-03,CAL,4861,2650,2211,631,351,913,4,38,43,1406,462,932,81,3800,1061,ITF,ITF6,18,Calabria,Calabria,1947131,264132,13.57,0.25
2555,2021-04-06,CAL,7210,3240,3970,377,164,453,802,103,244,2458,2368,51,190,4132,3078,ITF,ITF6,18,Calabria,Calabria,1947131,271342,13.94,0.37
2556,2021-04-17,CAL,10647,4994,5653,211,138,219,118,303,2654,2178,4530,98,198,8932,1715,ITF,ITF6,18,Calabria,Calabria,1947131,281989,14.48,0.55
2557,2021-04-26,CAL,10258,5161,5097,223,143,409,112,1386,1659,939,4859,401,127,7883,2375,ITF,ITF6,18,Calabria,Calabria,1947131,292247,15.01,0.53
2558,2021-02-04,CAL,3393,1624,1769,2561,505,222,0,24,6,7,0,0,68,644,2749,ITF,ITF6,18,Calabria,Calabria,1947131,295640,15.18,0.17
2559,2021-01-17,CAL,867,418,449,527,121,48,0,17,4,33,0,0,117,801,66,ITF,ITF6,18,Calabria,Calabria,1947131,296507,15.23,0.04
2560,2021-02-27,CAL,3668,1905,1763,421,193,396,2,24,40,2068,96,344,84,3290,378,ITF,ITF6,18,Calabria,Calabria,1947131,300175,15.42,0.19
2561,2021-05-05,CAL,13577,6506,7071,380,171,198,234,1913,1768,1205,6790,108,810,8473,5104,ITF,ITF6,18,Calabria,Calabria,1947131,313752,16.11,0.7
2562,2021-04-16,CAL,10121,4950,5171,332,213,287,233,253,2329,1094,5018,133,229,8525,1596,ITF,ITF6,18,Calabria,Calabria,1947131,323873,16.63,0.52
2563,2021-03-28,CAL,2531,1171,1360,127,109,31,412,74,66,785,737,15,175,1401,1130,ITF,ITF6,18,Calabria,Calabria,1947131,326404,16.76,0.13
2564,2021-04-28,CAL,12453,6018,6435,174,152,237,167,2323,2215,609,6249,91,236,9660,2793,ITF,ITF6,18,Calabria,Calabria,1947131,338857,17.4,0.64
2565,2021-03-04,CAL,5377,3102,2275,645,251,742,2,62,46,1636,631,1230,132,4583,794,ITF,ITF6,18,Calabria,Calabria,1947131,344234,17.68,0.28
2566,2021-01-31,CAL,1107,555,552,764,282,58,0,1,0,0,0,0,2,154,953,ITF,ITF6,18,Calabria,Calabria,1947131,345341,17.74,0.06
2567,2021-02-18,CAL,1806,805,1001,592,369,298,61,7,6,385,11,0,77,1581,225,ITF,ITF6,18,Calabria,Calabria,1947131,347147,17.83,0.09
2568,2021-04-15,CAL,7382,3624,3758,159,153,160,199,144,1660,1062,3695,34,116,5785,1597,ITF,ITF6,18,Calabria,Calabria,1947131,354529,18.21,0.38
2569,2021-02-19,CAL,1462,652,810,544,208,195,0,9,9,423,57,1,16,1201,261,ITF,ITF6,18,Calabria,Calabria,1947131,355991,18.28,0.08
2570,2021-04-12,CAL,6691,3265,3426,219,136,274,104,105,854,1438,3431,37,93,5093,1598,ITF,ITF6,18,Calabria,Calabria,1947131,362682,18.63,0.34
2571,2021-02-13,CAL,1329,583,746,731,144,111,0,31,9,166,0,0,137,966,363,ITF,ITF6,18,Calabria,Calabria,1947131,364011,18.69,0.07
2572,2021-01-25,CAL,1064,512,552,1021,35,0,0,0,1,0,0,0,7,148,916,ITF,ITF6,18,Calabria,Calabria,1947131,365075,18.75,0.05
2573,2021-03-10,CAL,6415,3261,3154,741,516,584,62,79,53,2210,1022,797,351,5226,1189,ITF,ITF6,18,Calabria,Calabria,1947131,371490,19.08,0.33
2574,2021-02-12,CAL,1709,668,1041,814,300,136,0,64,32,209,0,0,154,943,766,ITF,ITF6,18,Calabria,Calabria,1947131,373199,19.17,0.09
2575,2021-05-08,CAL,18137,8267,9870,287,326,74,295,1944,2518,2700,8880,227,886,10449,7688,ITF,ITF6,18,Calabria,Calabria,1947131,391336,20.1,0.93
2576,2021-01-11,CAL,2155,1041,1114,1760,301,3,0,17,4,39,0,0,31,2155,0,ITF,ITF6,18,Calabria,Calabria,1947131,393491,20.21,0.11
2577,2021-03-02,CAL,4125,2385,1740,705,202,429,2,25,24,1451,221,994,72,3416,709,ITF,ITF6,18,Calabria,Calabria,1947131,397616,20.42,0.21
2578,2021-01-04,CAL,1051,517,534,1022,29,0,0,0,0,0,0,0,0,1051,0,ITF,ITF6,18,Calabria,Calabria,1947131,398667,20.47,0.05
2579,2021-03-15,CAL,3493,1664,1829,541,165,139,582,56,81,1180,431,173,145,2066,1427,ITF,ITF6,18,Calabria,Calabria,1947131,402160,20.65,0.18
2580,2021-04-09,CAL,7772,3649,4123,342,141,471,306,150,504,2125,3494,31,208,4856,2916,ITF,ITF6,18,Calabria,Calabria,1947131,409932,21.05,0.4
2581,2021-02-02,CAL,2288,1114,1174,1863,340,75,0,1,1,1,0,0,7,177,2111,ITF,ITF6,18,Calabria,Calabria,1947131,412220,21.17,0.12
2582,2021-01-14,CAL,2557,1214,1343,1962,349,3,0,61,24,47,0,0,111,2557,0,ITF,ITF6,18,Calabria,Calabria,1947131,414777,21.3,0.13
2583,2021-04-05,CAL,3450,1629,1821,133,22,149,133,286,439,1179,1038,18,53,2553,897,ITF,ITF6,18,Calabria,Calabria,1947131,418227,21.48,0.18
2584,2021-03-25,CAL,6950,3282,3668,292,362,564,1100,96,124,2268,1835,80,229,4435,2515,ITF,ITF6,18,Calabria,Calabria,1947131,425177,21.84,0.36
2585,2021-02-07,CAL,862,429,433,566,121,81,0,10,0,0,0,0,84,146,716,ITF,ITF6,18,Calabria,Calabria,1947131,426039,21.88,0.04
2586,2021-04-23,CAL,12610,6262,6348,302,189,227,205,1707,2407,1200,5884,181,308,9369,3241,ITF,ITF6,18,Calabria,Calabria,1947131,438649,22.53,0.65
2587,2021-02-03,CAL,2764,1430,1334,2171,393,103,0,18,4,2,0,0,73,580,2184,ITF,ITF6,18,Calabria,Calabria,1947131,441413,22.67,0.14
2588,2021-01-13,CAL,2028,1022,1006,1800,152,34,0,14,4,4,0,0,20,2028,0,ITF,ITF6,18,Calabria,Calabria,1947131,443441,22.77,0.1
2589,2021-02-15,CAL,1136,538,598,499,120,164,1,11,20,294,4,0,23,988,148,ITF,ITF6,18,Calabria,Calabria,1947131,444577,22.83,0.06
2590,2021-01-10,CAL,929,524,405,830,99,0,0,0,0,0,0,0,0,929,0,ITF,ITF6,18,Calabria,Calabria,1947131,445506,22.88,0.05
2591,2021-01-23,CAL,400,186,214,325,25,23,0,2,0,1,0,0,24,358,42,ITF,ITF6,18,Calabria,Calabria,1947131,445906,22.9,0.02
2592,2021-02-10,CAL,2460,1075,1385,1468,338,357,0,56,25,72,0,0,144,837,1623,ITF,ITF6,18,Calabria,Calabria,1947131,448366,23.03,0.13
2593,2021-01-19,CAL,1108,488,620,852,105,76,0,11,11,14,0,0,39,1098,10,ITF,ITF6,18,Calabria,Calabria,1947131,449474,23.08,0.06
2594,2021-03-13,CAL,6660,2941,3719,424,159,355,685,93,43,3797,746,123,235,5670,990,ITF,ITF6,18,Calabria,Calabria,1947131,456134,23.43,0.34
2595,2021-04-27,CAL,9855,4854,5001,166,161,173,85,1990,1997,598,4476,74,135,7996,1859,ITF,ITF6,18,Calabria,Calabria,1947131,465989,23.93,0.51
2596,2021-03-01,CAL,2682,1527,1155,400,156,258,3,10,11,1053,70,650,71,2232,450,ITF,ITF6,18,Calabria,Calabria,1947131,468671,24.07,0.14
2597,2021-02-17,CAL,1680,672,1008,672,239,285,81,7,6,354,2,0,34,1469,211,ITF,ITF6,18,Calabria,Calabria,1947131,470351,24.16,0.09
2598,2021-01-06,CAL,928,501,427,822,92,0,0,5,0,0,0,0,9,928,0,ITF,ITF6,18,Calabria,Calabria,1947131,471279,24.2,0.05
2599,2021-04-03,CAL,8819,3787,5032,363,123,359,621,87,213,4978,1906,57,112,4201,4618,ITF,ITF6,18,Calabria,Calabria,1947131,480098,24.66,0.45
2600,2021-02-16,CAL,1532,642,890,659,189,265,0,14,23,334,1,0,47,1255,277,ITF,ITF6,18,Calabria,Calabria,1947131,481630,24.74,0.08
2601,2021-02-21,CAL,608,286,322,36,46,48,0,2,2,374,28,30,42,531,77,ITF,ITF6,18,Calabria,Calabria,1947131,482238,24.77,0.03
2602,2021-03-09,CAL,5811,3028,2783,802,267,461,18,64,72,1928,1121,933,145,4836,975,ITF,ITF6,18,Calabria,Calabria,1947131,488049,25.07,0.3
2603,2021-05-11,CAL,15097,7301,7796,250,289,149,208,1619,1801,961,6564,284,2972,10324,4773,ITF,ITF6,18,Calabria,Calabria,1947131,503146,25.84,0.78
2604,2021-03-29,CAL,5627,2380,3247,206,320,134,1575,134,160,1129,1672,71,226,3873,1754,ITF,ITF6,18,Calabria,Calabria,1947131,508773,26.13,0.29
2605,2021-04-29,CAL,11585,5631,5954,286,216,204,170,2066,1927,937,5557,49,173,8281,3304,ITF,ITF6,18,Calabria,Calabria,1947131,520358,26.72,0.59
2606,2021-03-12,CAL,5080,2431,2649,465,394,219,784,61,38,2147,412,400,160,4036,1044,ITF,ITF6,18,Calabria,Calabria,1947131,525438,26.99,0.26
2607,2021-02-20,CAL,1357,735,622,438,185,55,2,13,5,489,54,19,97,1042,315,ITF,ITF6,18,Calabria,Calabria,1947131,526795,27.05,0.07
2608,2021-02-01,CAL,2495,1192,1303,2044,357,43,0,14,2,1,0,0,34,243,2252,ITF,ITF6,18,Calabria,Calabria,1947131,529290,27.18,0.13
2609,2021-04-30,CAL,14663,7211,7452,311,299,327,283,2531,2422,877,7271,104,238,10578,4085,ITF,ITF6,18,Calabria,Calabria,1947131,543953,27.94,0.75
2610,2021-05-04,CAL,16274,7477,8797,302,244,184,531,3027,2105,1454,7989,91,347,11651,4623,ITF,ITF6,18,Calabria,Calabria,1947131,560227,28.77,0.84
2611,2021-01-07,CAL,2183,1063,1120,1885,212,0,0,20,4,0,0,0,62,2183,0,ITF,ITF6,18,Calabria,Calabria,1947131,562410,28.88,0.11
2612,2021-03-21,CAL,4356,1882,2474,135,38,199,741,77,92,2128,694,83,169,2656,1700,ITF,ITF6,18,Calabria,Calabria,1947131,566766,29.11,0.22
2613,2021-05-10,CAL,13112,6081,7031,311,284,179,298,1791,1937,651,6289,169,1203,7722,5390,ITF,ITF6,18,Calabria,Calabria,1947131,579878,29.78,0.67
2614,2021-02-23,CAL,1546,727,819,437,177,204,1,13,10,582,63,2,57,1431,115,ITF,ITF6,18,Calabria,Calabria,1947131,581424,29.86,0.08
2615,2021-03-06,CAL,7943,4050,3893,701,225,760,6,41,96,4056,1131,836,91,7188,755,ITF,ITF6,18,Calabria,Calabria,1947131,589367,30.27,0.41
2616,2021-01-28,CAL,2233,1109,1124,1922,283,0,0,2,1,0,0,0,25,82,2151,ITF,ITF6,18,Calabria,Calabria,1947131,591600,30.38,0.11
2617,2021-04-07,CAL,6358,2874,3484,193,71,400,539,135,217,2167,2464,33,139,3649,2709,ITF,ITF6,18,Calabria,Calabria,1947131,597958,30.71,0.33
2618,2021-02-26,CAL,3061,1631,1430,540,191,389,4,21,18,1362,85,370,81,2609,452,ITF,ITF6,18,Calabria,Calabria,1947131,601019,30.87,0.16
2619,2021-01-18,CAL,1247,559,688,997,139,11,0,25,3,6,0,0,66,1041,206,ITF,ITF6,18,Calabria,Calabria,1947131,602266,30.93,0.06
2620,2021-03-17,CAL,3794,1686,2108,277,150,167,94,59,110,2243,611,31,52,2098,1696,ITF,ITF6,18,Calabria,Calabria,1947131,606060,31.13,0.19
2621,2021-05-12,CAL,16202,7834,8368,285,270,152,311,1553,1756,658,7777,177,3263,10869,5333,ITF,ITF6,18,Calabria,Calabria,1947131,622262,31.96,0.83
2622,2021-02-14,CAL,369,144,225,146,31,83,0,2,2,93,0,0,12,339,30,ITF,ITF6,18,Calabria,Calabria,1947131,622631,31.98,0.02
2623,2021-01-26,CAL,1806,859,947,1554,167,70,0,1,0,0,0,0,14,278,1528,ITF,ITF6,18,Calabria,Calabria,1947131,624437,32.07,0.09
2624,2021-04-13,CAL,6481,3194,3287,242,92,40,106,103,1274,1271,3081,153,119,5229,1252,ITF,ITF6,18,Calabria,Calabria,1947131,630918,32.4,0.33
2625,2021-03-27,CAL,8307,3771,4536,306,386,148,1400,125,179,3412,1867,66,418,4451,3856,ITF,ITF6,18,Calabria,Calabria,1947131,639225,32.83,0.43
2626,2021-04-22,CAL,9350,4664,4686,235,170,274,96,1449,1802,964,4106,41,213,6666,2684,ITF,ITF6,18,Calabria,Calabria,1947131,648575,33.31,0.48
2627,2021-01-03,CAL,6,3,3,4,2,0,0,0,0,0,0,0,0,6,0,ITF,ITF6,18,Calabria,Calabria,1947131,648581,33.31,0.0
2628,2021-01-08,CAL,2113,1016,1097,1899,203,0,0,3,0,0,0,0,8,2113,0,ITF,ITF6,18,Calabria,Calabria,1947131,650694,33.42,0.11
2629,2021-01-24,CAL,44,18,26,15,3,26,0,0,0,0,0,0,0,39,5,ITF,ITF6,18,Calabria,Calabria,1947131,650738,33.42,0.0
2630,2021-03-26,CAL,7643,3624,4019,511,371,218,1039,150,231,2562,2056,135,370,4527,3116,ITF,ITF6,18,Calabria,Calabria,1947131,658381,33.81,0.39
2631,2021-05-14,CAL,19835,9537,10298,303,318,130,373,1664,1807,684,9462,693,4401,13033,6802,ITF,ITF6,18,Calabria,Calabria,1947131,678216,34.83,1.02
2632,2021-01-16,CAL,2394,1120,1274,1664,264,241,0,49,12,9,0,0,155,2394,0,ITF,ITF6,18,Calabria,Calabria,1947131,680610,34.95,0.12
2633,2021-01-02,CAL,165,94,71,165,0,0,0,0,0,0,0,0,0,165,0,ITF,ITF6,18,Calabria,Calabria,1947131,680775,34.96,0.01
2634,2020-12-28,CAL,6,2,4,6,0,0,0,0,0,0,0,0,0,6,0,ITF,ITF6,18,Calabria,Calabria,1947131,680781,34.96,0.0
2635,2021-04-01,CAL,8323,3761,4562,455,247,680,1115,122,218,3043,1988,113,342,3838,4485,ITF,ITF6,18,Calabria,Calabria,1947131,689104,35.39,0.43
2636,2021-03-24,CAL,7429,3391,4038,386,289,698,1495,165,147,2605,1293,105,246,4254,3175,ITF,ITF6,18,Calabria,Calabria,1947131,696533,35.77,0.38
2637,2021-05-01,CAL,16435,7839,8596,174,277,48,326,2336,3046,2067,7735,108,318,12380,4055,ITF,ITF6,18,Calabria,Calabria,1947131,712968,36.62,0.84
2638,2021-03-23,CAL,5203,2441,2762,280,145,55,1083,98,74,2044,1077,102,245,3406,1797,ITF,ITF6,18,Calabria,Calabria,1947131,718171,36.88,0.27
2639,2021-01-05,CAL,1456,680,776,1320,123,0,0,2,0,0,0,0,11,1456,0,ITF,ITF6,18,Calabria,Calabria,1947131,719627,36.96,0.07
2640,2021-03-30,CAL,5785,2488,3297,166,103,213,1119,154,197,1989,1470,89,285,3194,2591,ITF,ITF6,18,Calabria,Calabria,1947131,725412,37.26,0.3
2641,2021-05-03,CAL,14645,6709,7936,317,217,334,545,2712,2113,769,7069,114,455,10523,4122,ITF,ITF6,18,Calabria,Calabria,1947131,740057,38.01,0.75
2642,2021-03-11,CAL,6877,3276,3601,934,474,572,600,120,88,2555,873,412,249,5621,1256,ITF,ITF6,18,Calabria,Calabria,1947131,746934,38.36,0.35
2643,2021-04-08,CAL,9310,4382,4928,451,178,535,304,208,563,3373,3429,44,225,5676,3634,ITF,ITF6,18,Calabria,Calabria,1947131,756244,38.84,0.48
2644,2021-04-10,CAL,11150,5023,6127,424,161,460,303,142,703,5581,3145,49,182,6340,4810,ITF,ITF6,18,Calabria,Calabria,1947131,767394,39.41,0.57
2645,2021-03-22,CAL,4694,2199,2495,195,125,148,1113,49,50,1993,804,77,140,3028,1666,ITF,ITF6,18,Calabria,Calabria,1947131,772088,39.65,0.24
2646,2021-04-20,CAL,7632,3838,3794,294,300,137,163,420,1711,1066,3144,115,282,6016,1616,ITF,ITF6,18,Calabria,Calabria,1947131,779720,40.04,0.39
2647,2021-01-15,CAL,2795,1258,1537,1692,349,412,0,54,19,44,0,0,225,2795,0,ITF,ITF6,18,Calabria,Calabria,1947131,782515,40.19,0.14
2648,2021-05-09,CAL,9611,4488,5123,145,316,77,185,1180,1360,598,5175,47,528,6133,3478,ITF,ITF6,18,Calabria,Calabria,1947131,792126,40.68,0.49
2649,2021-01-20,CAL,1397,624,773,866,127,179,0,41,14,25,0,0,145,1396,1,ITF,ITF6,18,Calabria,Calabria,1947131,793523,40.75,0.07
2650,2021-02-22,CAL,1996,1012,984,727,231,166,5,32,7,678,33,3,114,1441,555,ITF,ITF6,18,Calabria,Calabria,1947131,795519,40.86,0.1
2651,2021-04-19,CAL,7653,3688,3965,291,131,61,156,243,1971,1135,3479,92,94,6073,1580,ITF,ITF6,18,Calabria,Calabria,1947131,803172,41.25,0.39
2652,2021-05-02,CAL,12414,5795,6619,146,176,26,261,2527,1901,829,6205,68,275,10641,1773,ITF,ITF6,18,Calabria,Calabria,1947131,815586,41.89,0.64
2653,2021-01-29,VDA,318,138,180,260,32,16,0,6,3,0,0,0,1,2,316,ITC,ITC2,2,Valle d'Aosta / Vallée d'Aoste,Valle d'Aosta,125666,318,0.25,0.25
2654,2021-04-09,VDA,237,111,126,0,1,7,0,155,32,30,8,0,4,204,33,ITC,ITC2,2,Valle d'Aosta / Vallée d'Aoste,Valle d'Aosta,125666,555,0.44,0.19
2655,2021-05-14,VDA,959,442,517,101,34,1,72,339,55,25,141,58,133,291,668,ITC,ITC2,2,Valle d'Aosta / Vallée d'Aoste,Valle d'Aosta,125666,1514,1.2,0.76
2656,2021-05-13,VDA,1139,556,583,28,8,11,2,341,281,134,260,8,66,540,599,ITC,ITC2,2,Valle d'Aosta / Vallée d'Aoste,Valle d'Aosta,125666,2653,2.11,0.91
2657,2021-03-20,VDA,208,86,122,5,5,15,2,87,46,14,1,27,6,172,36,ITC,ITC2,2,Valle d'Aosta / Vallée d'Aoste,Valle d'Aosta,125666,2861,2.28,0.17
2658,2021-05-16,VDA,686,339,347,15,9,0,6,138,78,16,162,0,262,347,339,ITC,ITC2,2,Valle d'Aosta / Vallée d'Aoste,Valle d'Aosta,125666,3547,2.82,0.55
2659,2021-02-24,VDA,183,82,101,30,9,13,7,0,4,66,0,54,0,164,19,ITC,ITC2,2,Valle d'Aosta / Vallée d'Aoste,Valle d'Aosta,125666,3730,2.97,0.15
2660,2021-01-09,VDA,443,199,244,225,183,22,0,7,6,0,0,0,0,443,0,ITC,ITC2,2,Valle d'Aosta / Vallée d'Aoste,Valle d'Aosta,125666,4173,3.32,0.35
2661,2021-02-07,VDA,292,120,172,110,63,0,3,1,1,105,7,2,0,190,102,ITC,ITC2,2,Valle d'Aosta / Vallée d'Aoste,Valle d'Aosta,125666,4465,3.55,0.23
2662,2021-05-11,VDA,645,325,320,5,0,0,2,153,230,112,109,6,28,494,151,ITC,ITC2,2,Valle d'Aosta / Vallée d'Aoste,Valle d'Aosta,125666,5110,4.07,0.51
2663,2021-03-29,VDA,493,233,260,7,5,18,2,50,172,209,23,1,6,453,40,ITC,ITC2,2,Valle d'Aosta / Vallée d'Aoste,Valle d'Aosta,125666,5603,4.46,0.39
2664,2021-02-16,VDA,325,53,272,10,0,14,236,10,8,32,0,4,11,320,5,ITC,ITC2,2,Valle d'Aosta / Vallée d'Aoste,Valle d'Aosta,125666,5928,4.72,0.26
2665,2021-01-21,VDA,33,12,21,0,0,33,0,0,0,0,0,0,0,33,0,ITC,ITC2,2,Valle d'Aosta / Vallée d'Aoste,Valle d'Aosta,125666,5961,4.74,0.03
2666,2021-02-21,VDA,18,3,15,0,0,18,0,0,0,0,0,0,0,0,18,ITC,ITC2,2,Valle d'Aosta / Vallée d'Aoste,Valle d'Aosta,125666,5979,4.76,0.01
2667,2021-03-25,VDA,389,154,235,13,0,1,1,8,57,287,14,0,8,379,10,ITC,ITC2,2,Valle d'Aosta / Vallée d'Aoste,Valle d'Aosta,125666,6368,5.07,0.31
2668,2021-03-15,VDA,362,123,239,21,4,10,65,8,16,217,14,7,0,159,203,ITC,ITC2,2,Valle d'Aosta / Vallée d'Aoste,Valle d'Aosta,125666,6730,5.36,0.29
2669,2021-01-13,VDA,337,110,227,166,138,28,0,3,2,0,0,0,0,337,0,ITC,ITC2,2,Valle d'Aosta / Vallée d'Aoste,Valle d'Aosta,125666,7067,5.62,0.27
2670,2021-04-29,VDA,1291,634,657,9,3,39,0,241,506,243,223,6,21,757,534,ITC,ITC2,2,Valle d'Aosta / Vallée d'Aoste,Valle d'Aosta,125666,8358,6.65,1.03
2671,2021-01-30,VDA,439,202,237,233,182,12,0,7,4,0,0,0,1,14,425,ITC,ITC2,2,Valle d'Aosta / Vallée d'Aoste,Valle d'Aosta,125666,8797,7.0,0.35
2672,2021-05-06,VDA,1063,509,554,11,4,4,5,279,344,179,209,5,23,679,384,ITC,ITC2,2,Valle d'Aosta / Vallée d'Aoste,Valle d'Aosta,125666,9860,7.85,0.85
2673,2021-01-14,VDA,237,69,168,151,62,0,0,16,6,2,0,0,0,237,0,ITC,ITC2,2,Valle d'Aosta / Vallée d'Aoste,Valle d'Aosta,125666,10097,8.03,0.19
2674,2021-04-19,VDA,751,325,426,12,5,2,1,99,132,311,175,1,13,542,209,ITC,ITC2,2,Valle d'Aosta / Vallée d'Aoste,Valle d'Aosta,125666,10848,8.63,0.6
2675,2021-02-22,VDA,316,94,222,62,10,39,67,0,15,111,0,6,6,213,103,ITC,ITC2,2,Valle d'Aosta / Vallée d'Aoste,Valle d'Aosta,125666,11164,8.88,0.25
2676,2021-04-10,VDA,404,190,214,2,3,1,0,108,223,22,32,0,13,399,5,ITC,ITC2,2,Valle d'Aosta / Vallée d'Aoste,Valle d'Aosta,125666,11568,9.21,0.32
2677,2021-03-04,VDA,291,139,152,56,19,2,2,3,10,160,2,14,23,42,249,ITC,ITC2,2,Valle d'Aosta / Vallée d'Aoste,Valle d'Aosta,125666,11859,9.44,0.23
2678,2021-02-05,VDA,294,102,192,159,52,0,0,14,16,53,0,0,0,101,193,ITC,ITC2,2,Valle d'Aosta / Vallée d'Aoste,Valle d'Aosta,125666,12153,9.67,0.23
2679,2021-04-16,VDA,599,261,338,63,10,2,0,235,81,26,172,0,10,597,2,ITC,ITC2,2,Valle d'Aosta / Vallée d'Aoste,Valle d'Aosta,125666,12752,10.15,0.48
2680,2021-05-12,VDA,1137,549,588,11,7,2,3,108,438,249,255,19,45,467,670,ITC,ITC2,2,Valle d'Aosta / Vallée d'Aoste,Valle d'Aosta,125666,13889,11.05,0.9
2681,2021-03-13,VDA,145,86,59,3,11,0,3,82,0,0,0,24,22,145,0,ITC,ITC2,2,Valle d'Aosta / Vallée d'Aoste,Valle d'Aosta,125666,14034,11.17,0.12
2682,2021-05-02,VDA,765,345,420,3,4,0,1,353,277,35,82,1,9,605,160,ITC,ITC2,2,Valle d'Aosta / Vallée d'Aoste,Valle d'Aosta,125666,14799,11.78,0.61
2683,2021-04-14,VDA,941,430,511,16,3,0,1,82,259,406,151,3,20,717,224,ITC,ITC2,2,Valle d'Aosta / Vallée d'Aoste,Valle d'Aosta,125666,15740,12.53,0.75
2684,2021-04-15,VDA,810,377,433,30,1,0,1,231,135,241,156,2,13,671,139,ITC,ITC2,2,Valle d'Aosta / Vallée d'Aoste,Valle d'Aosta,125666,16550,13.17,0.64
2685,2021-03-27,VDA,333,164,169,24,12,14,1,110,72,66,4,21,9,302,31,ITC,ITC2,2,Valle d'Aosta / Vallée d'Aoste,Valle d'Aosta,125666,16883,13.43,0.26
2686,2021-03-07,VDA,64,30,34,16,3,0,1,1,4,26,0,2,11,11,53,ITC,ITC2,2,Valle d'Aosta / Vallée d'Aoste,Valle d'Aosta,125666,16947,13.49,0.05
2687,2021-01-18,VDA,213,74,139,29,7,27,0,104,0,46,0,0,0,213,0,ITC,ITC2,2,Valle d'Aosta / Vallée d'Aoste,Valle d'Aosta,125666,17160,13.66,0.17
2688,2021-02-27,VDA,231,85,146,69,9,2,0,10,4,128,0,4,5,124,107,ITC,ITC2,2,Valle d'Aosta / Vallée d'Aoste,Valle d'Aosta,125666,17391,13.84,0.18
2689,2021-05-05,VDA,1036,565,471,11,1,9,3,90,403,220,268,2,29,456,580,ITC,ITC2,2,Valle d'Aosta / Vallée d'Aoste,Valle d'Aosta,125666,18427,14.66,0.82
2690,2021-01-02,VDA,6,5,1,0,0,6,0,0,0,0,0,0,0,6,0,ITC,ITC2,2,Valle d'Aosta / Vallée d'Aoste,Valle d'Aosta,125666,18433,14.67,0.0
2691,2021-03-18,VDA,136,43,93,4,0,26,0,0,2,102,1,1,0,99,37,ITC,ITC2,2,Valle d'Aosta / Vallée d'Aoste,Valle d'Aosta,125666,18569,14.78,0.11
2692,2021-01-22,VDA,56,21,35,36,0,20,0,0,0,0,0,0,0,20,36,ITC,ITC2,2,Valle d'Aosta / Vallée d'Aoste,Valle d'Aosta,125666,18625,14.82,0.04
2693,2021-05-18,VDA,726,356,370,10,6,1,0,106,159,127,239,1,77,123,603,ITC,ITC2,2,Valle d'Aosta / Vallée d'Aoste,Valle d'Aosta,125666,19351,15.4,0.58
2694,2021-02-06,VDA,289,104,185,170,36,0,0,1,2,74,5,1,0,92,197,ITC,ITC2,2,Valle d'Aosta / Vallée d'Aoste,Valle d'Aosta,125666,19640,15.63,0.23
2695,2021-03-10,VDA,438,183,255,9,0,17,0,1,19,363,20,7,2,225,213,ITC,ITC2,2,Valle d'Aosta / Vallée d'Aoste,Valle d'Aosta,125666,20078,15.98,0.35
2696,2021-03-02,VDA,339,166,173,17,9,39,5,34,1,145,0,65,24,336,3,ITC,ITC2,2,Valle d'Aosta / Vallée d'Aoste,Valle d'Aosta,125666,20417,16.25,0.27
2697,2021-01-20,VDA,23,8,15,0,0,6,0,0,0,17,0,0,0,23,0,ITC,ITC2,2,Valle d'Aosta / Vallée d'Aoste,Valle d'Aosta,125666,20440,16.27,0.02
2698,2021-03-11,VDA,197,76,121,4,0,8,2,1,10,169,1,1,1,66,131,ITC,ITC2,2,Valle d'Aosta / Vallée d'Aoste,Valle d'Aosta,125666,20637,16.42,0.16
2699,2021-02-20,VDA,251,210,41,6,17,11,9,3,2,8,0,183,12,241,10,ITC,ITC2,2,Valle d'Aosta / Vallée d'Aoste,Valle d'Aosta,125666,20888,16.62,0.2
2700,2021-04-08,VDA,584,282,302,6,0,4,2,50,146,281,82,0,13,441,143,ITC,ITC2,2,Valle d'Aosta / Vallée d'Aoste,Valle d'Aosta,125666,21472,17.09,0.46
2701,2021-01-11,VDA,325,112,213,238,50,30,0,3,3,0,0,0,1,325,0,ITC,ITC2,2,Valle d'Aosta / Vallée d'Aoste,Valle d'Aosta,125666,21797,17.35,0.26
2702,2021-04-17,VDA,638,407,231,8,8,0,2,151,199,46,207,0,17,636,2,ITC,ITC2,2,Valle d'Aosta / Vallée d'Aoste,Valle d'Aosta,125666,22435,17.85,0.51
2703,2021-04-11,VDA,479,208,271,3,4,0,3,265,142,6,47,0,9,479,0,ITC,ITC2,2,Valle d'Aosta / Vallée d'Aoste,Valle d'Aosta,125666,22914,18.23,0.38
2704,2021-05-10,VDA,780,381,399,9,1,13,3,193,249,158,138,5,11,546,234,ITC,ITC2,2,Valle d'Aosta / Vallée d'Aoste,Valle d'Aosta,125666,23694,18.85,0.62
2705,2021-03-17,VDA,433,185,248,36,4,16,7,13,23,254,9,42,29,273,160,ITC,ITC2,2,Valle d'Aosta / Vallée d'Aoste,Valle d'Aosta,125666,24127,19.2,0.34
2706,2021-02-23,VDA,216,123,93,0,1,0,16,0,0,0,0,46,153,216,0,ITC,ITC2,2,Valle d'Aosta / Vallée d'Aoste,Valle d'Aosta,125666,24343,19.37,0.17
2707,2021-04-30,VDA,831,355,476,65,9,5,2,227,233,28,212,14,36,485,346,ITC,ITC2,2,Valle d'Aosta / Vallée d'Aoste,Valle d'Aosta,125666,25174,20.03,0.66
2708,2021-02-09,VDA,251,84,167,78,16,14,53,8,3,75,2,1,1,68,183,ITC,ITC2,2,Valle d'Aosta / Vallée d'Aoste,Valle d'Aosta,125666,25425,20.23,0.2
2709,2021-02-17,VDA,327,144,183,25,1,30,0,0,16,237,0,17,1,227,100,ITC,ITC2,2,Valle d'Aosta / Vallée d'Aoste,Valle d'Aosta,125666,25752,20.49,0.26
2710,2021-03-06,VDA,22,4,18,13,0,5,0,0,0,4,0,0,0,22,0,ITC,ITC2,2,Valle d'Aosta / Vallée d'Aoste,Valle d'Aosta,125666,25774,20.51,0.02
2711,2021-02-26,VDA,207,58,149,67,9,6,1,6,6,102,1,4,5,122,85,ITC,ITC2,2,Valle d'Aosta / Vallée d'Aoste,Valle d'Aosta,125666,25981,20.67,0.16
2712,2021-04-21,VDA,868,410,458,24,16,1,5,60,152,285,259,10,56,620,248,ITC,ITC2,2,Valle d'Aosta / Vallée d'Aoste,Valle d'Aosta,125666,26849,21.37,0.69
2713,2021-01-05,VDA,150,54,96,127,11,11,0,0,1,0,0,0,0,150,0,ITC,ITC2,2,Valle d'Aosta / Vallée d'Aoste,Valle d'Aosta,125666,26999,21.48,0.12
2714,2021-04-25,VDA,848,408,440,3,7,0,1,299,334,55,127,1,21,709,139,ITC,ITC2,2,Valle d'Aosta / Vallée d'Aoste,Valle d'Aosta,125666,27847,22.16,0.67
2715,2020-12-31,VDA,18,4,14,16,2,0,0,0,0,0,0,0,0,18,0,ITC,ITC2,2,Valle d'Aosta / Vallée d'Aoste,Valle d'Aosta,125666,27865,22.17,0.01
2716,2021-04-23,VDA,921,443,478,40,7,29,0,165,277,252,139,0,12,538,383,ITC,ITC2,2,Valle d'Aosta / Vallée d'Aoste,Valle d'Aosta,125666,28786,22.91,0.73
2717,2021-01-06,VDA,65,33,32,29,8,18,0,7,3,0,0,0,0,65,0,ITC,ITC2,2,Valle d'Aosta / Vallée d'Aoste,Valle d'Aosta,125666,28851,22.96,0.05
2718,2021-01-08,VDA,299,130,169,240,35,16,0,5,3,0,0,0,0,299,0,ITC,ITC2,2,Valle d'Aosta / Vallée d'Aoste,Valle d'Aosta,125666,29150,23.2,0.24
2719,2021-03-14,VDA,392,200,192,8,21,0,52,205,1,0,0,34,71,392,0,ITC,ITC2,2,Valle d'Aosta / Vallée d'Aoste,Valle d'Aosta,125666,29542,23.51,0.31
2720,2021-03-01,VDA,181,66,115,19,8,29,0,0,3,116,2,2,2,147,34,ITC,ITC2,2,Valle d'Aosta / Vallée d'Aoste,Valle d'Aosta,125666,29723,23.65,0.14
2721,2021-04-27,VDA,977,423,554,41,13,4,1,128,278,231,227,3,51,685,292,ITC,ITC2,2,Valle d'Aosta / Vallée d'Aoste,Valle d'Aosta,125666,30700,24.43,0.78
2722,2021-04-22,VDA,1067,449,618,9,3,3,3,179,249,467,128,2,24,684,383,ITC,ITC2,2,Valle d'Aosta / Vallée d'Aoste,Valle d'Aosta,125666,31767,25.28,0.85
2723,2021-03-03,VDA,255,118,137,9,11,1,4,4,9,208,6,1,2,186,69,ITC,ITC2,2,Valle d'Aosta / Vallée d'Aoste,Valle d'Aosta,125666,32022,25.48,0.2
2724,2021-01-10,VDA,220,71,149,172,25,19,0,4,0,0,0,0,0,220,0,ITC,ITC2,2,Valle d'Aosta / Vallée d'Aoste,Valle d'Aosta,125666,32242,25.66,0.18
2725,2021-04-02,VDA,873,344,529,63,9,12,178,89,167,196,74,11,74,648,225,ITC,ITC2,2,Valle d'Aosta / Vallée d'Aoste,Valle d'Aosta,125666,33115,26.35,0.69
2726,2021-03-12,VDA,531,175,356,15,8,8,255,44,21,148,8,2,22,305,226,ITC,ITC2,2,Valle d'Aosta / Vallée d'Aoste,Valle d'Aosta,125666,33646,26.77,0.42
2727,2021-01-12,VDA,302,72,230,242,34,11,0,14,1,0,0,0,0,302,0,ITC,ITC2,2,Valle d'Aosta / Vallée d'Aoste,Valle d'Aosta,125666,33948,27.01,0.24
2728,2021-03-16,VDA,180,37,143,4,0,13,0,15,14,121,0,0,13,118,62,ITC,ITC2,2,Valle d'Aosta / Vallée d'Aoste,Valle d'Aosta,125666,34128,27.16,0.14
2729,2021-04-28,VDA,1217,632,585,24,7,30,0,81,597,236,212,1,29,713,504,ITC,ITC2,2,Valle d'Aosta / Vallée d'Aoste,Valle d'Aosta,125666,35345,28.13,0.97
2730,2021-04-04,VDA,571,252,319,1,8,0,96,270,155,22,5,4,10,570,1,ITC,ITC2,2,Valle d'Aosta / Vallée d'Aoste,Valle d'Aosta,125666,35916,28.58,0.45
2731,2021-02-11,VDA,231,107,124,53,21,0,0,2,10,128,1,13,3,222,9,ITC,ITC2,2,Valle d'Aosta / Vallée d'Aoste,Valle d'Aosta,125666,36147,28.76,0.18
2732,2021-04-20,VDA,932,430,502,25,9,8,2,115,174,279,253,1,66,738,194,ITC,ITC2,2,Valle d'Aosta / Vallée d'Aoste,Valle d'Aosta,125666,37079,29.51,0.74
2733,2021-03-26,VDA,498,204,294,4,2,0,227,54,79,100,3,3,26,491,7,ITC,ITC2,2,Valle d'Aosta / Vallée d'Aoste,Valle d'Aosta,125666,37577,29.9,0.4
2734,2021-01-15,VDA,218,82,136,116,32,28,0,18,17,6,0,0,1,218,0,ITC,ITC2,2,Valle d'Aosta / Vallée d'Aoste,Valle d'Aosta,125666,37795,30.08,0.17
2735,2021-03-24,VDA,515,230,285,11,5,0,1,16,34,420,18,3,7,258,257,ITC,ITC2,2,Valle d'Aosta / Vallée d'Aoste,Valle d'Aosta,125666,38310,30.49,0.41
2736,2021-05-01,VDA,938,562,376,15,1,0,1,230,287,56,140,185,23,454,484,ITC,ITC2,2,Valle d'Aosta / Vallée d'Aoste,Valle d'Aosta,125666,39248,31.23,0.75
2737,2021-05-04,VDA,1135,510,625,18,4,2,201,152,255,158,282,13,50,462,673,ITC,ITC2,2,Valle d'Aosta / Vallée d'Aoste,Valle d'Aosta,125666,40383,32.14,0.9
2738,2020-12-27,VDA,20,9,11,20,0,0,0,0,0,0,0,0,0,20,0,ITC,ITC2,2,Valle d'Aosta / Vallée d'Aoste,Valle d'Aosta,125666,40403,32.15,0.02
2739,2021-04-01,VDA,776,394,382,1,1,0,0,205,306,201,55,0,7,764,12,ITC,ITC2,2,Valle d'Aosta / Vallée d'Aoste,Valle d'Aosta,125666,41179,32.77,0.62
2740,2021-02-08,VDA,223,83,140,28,19,3,25,82,0,64,0,0,2,25,198,ITC,ITC2,2,Valle d'Aosta / Vallée d'Aoste,Valle d'Aosta,125666,41402,32.95,0.18
2741,2021-02-02,VDA,272,70,202,225,35,3,0,8,1,0,0,0,0,2,270,ITC,ITC2,2,Valle d'Aosta / Vallée d'Aoste,Valle d'Aosta,125666,41674,33.16,0.22
2742,2021-03-23,VDA,379,150,229,14,2,7,9,37,18,280,0,9,3,245,134,ITC,ITC2,2,Valle d'Aosta / Vallée d'Aoste,Valle d'Aosta,125666,42053,33.46,0.3
2743,2021-03-22,VDA,560,205,355,37,5,18,19,54,37,340,29,11,10,333,227,ITC,ITC2,2,Valle d'Aosta / Vallée d'Aoste,Valle d'Aosta,125666,42613,33.91,0.45
2744,2021-04-07,VDA,908,473,435,16,0,0,1,84,271,391,92,0,53,679,229,ITC,ITC2,2,Valle d'Aosta / Vallée d'Aoste,Valle d'Aosta,125666,43521,34.63,0.72
2745,2021-02-10,VDA,248,77,171,51,14,26,18,4,3,128,0,1,3,141,107,ITC,ITC2,2,Valle d'Aosta / Vallée d'Aoste,Valle d'Aosta,125666,43769,34.83,0.2
2746,2021-05-09,VDA,574,287,287,5,1,0,1,368,109,12,64,4,10,444,130,ITC,ITC2,2,Valle d'Aosta / Vallée d'Aoste,Valle d'Aosta,125666,44343,35.29,0.46
2747,2021-01-17,VDA,131,56,75,49,2,20,0,1,0,59,0,0,0,131,0,ITC,ITC2,2,Valle d'Aosta / Vallée d'Aoste,Valle d'Aosta,125666,44474,35.39,0.1
2748,2021-04-26,VDA,715,327,388,13,2,0,2,79,246,213,126,7,27,545,170,ITC,ITC2,2,Valle d'Aosta / Vallée d'Aoste,Valle d'Aosta,125666,45189,35.96,0.57
2749,2021-02-15,VDA,264,136,128,24,2,25,2,0,6,173,2,29,1,229,35,ITC,ITC2,2,Valle d'Aosta / Vallée d'Aoste,Valle d'Aosta,125666,45453,36.17,0.21
2750,2021-05-08,VDA,904,540,364,14,25,0,9,299,227,46,98,168,18,526,378,ITC,ITC2,2,Valle d'Aosta / Vallée d'Aoste,Valle d'Aosta,125666,46357,36.89,0.72
2751,2021-03-28,VDA,522,212,310,52,10,0,47,166,99,53,18,55,22,521,1,ITC,ITC2,2,Valle d'Aosta / Vallée d'Aoste,Valle d'Aosta,125666,46879,37.3,0.42
2752,2021-03-19,VDA,322,85,237,9,1,21,211,42,1,9,0,1,27,286,36,ITC,ITC2,2,Valle d'Aosta / Vallée d'Aoste,Valle d'Aosta,125666,47201,37.56,0.26
2753,2021-04-13,VDA,373,171,202,2,1,8,0,69,108,120,56,0,9,329,44,ITC,ITC2,2,Valle d'Aosta / Vallée d'Aoste,Valle d'Aosta,125666,47574,37.86,0.3
2754,2021-01-27,VDA,151,71,80,55,8,18,0,9,3,53,0,0,5,79,72,ITC,ITC2,2,Valle d'Aosta / Vallée d'Aoste,Valle d'Aosta,125666,47725,37.98,0.12
2755,2021-01-26,VDA,139,48,91,115,11,12,0,0,1,0,0,0,0,0,139,ITC,ITC2,2,Valle d'Aosta / Vallée d'Aoste,Valle d'Aosta,125666,47864,38.09,0.11
2756,2021-02-03,VDA,351,114,237,157,136,52,0,4,1,1,0,0,0,14,337,ITC,ITC2,2,Valle d'Aosta / Vallée d'Aoste,Valle d'Aosta,125666,48215,38.37,0.28
2757,2021-04-12,VDA,485,186,299,8,10,22,2,89,60,229,62,0,3,322,163,ITC,ITC2,2,Valle d'Aosta / Vallée d'Aoste,Valle d'Aosta,125666,48700,38.75,0.39
2758,2021-01-25,VDA,147,65,82,125,13,6,0,3,0,0,0,0,0,0,147,ITC,ITC2,2,Valle d'Aosta / Vallée d'Aoste,Valle d'Aosta,125666,48847,38.87,0.12
2759,2021-01-28,VDA,290,123,167,202,35,6,0,10,7,2,0,0,28,56,234,ITC,ITC2,2,Valle d'Aosta / Vallée d'Aoste,Valle d'Aosta,125666,49137,39.1,0.23
2760,2021-03-09,VDA,206,96,110,3,0,23,26,55,5,36,0,39,19,174,32,ITC,ITC2,2,Valle d'Aosta / Vallée d'Aoste,Valle d'Aosta,125666,49343,39.27,0.16
2761,2021-01-19,VDA,256,77,179,160,10,15,0,10,3,57,0,0,1,256,0,ITC,ITC2,2,Valle d'Aosta / Vallée d'Aoste,Valle d'Aosta,125666,49599,39.47,0.2
2762,2021-02-13,VDA,216,196,20,0,0,0,0,0,0,0,0,216,0,215,1,ITC,ITC2,2,Valle d'Aosta / Vallée d'Aoste,Valle d'Aosta,125666,49815,39.64,0.17
2763,2021-02-14,VDA,48,16,32,6,0,42,0,0,0,0,0,0,0,1,47,ITC,ITC2,2,Valle d'Aosta / Vallée d'Aoste,Valle d'Aosta,125666,49863,39.68,0.04
2764,2021-02-12,VDA,263,96,167,51,13,28,5,2,10,133,18,0,3,217,46,ITC,ITC2,2,Valle d'Aosta / Vallée d'Aoste,Valle d'Aosta,125666,50126,39.89,0.21
2765,2021-05-15,VDA,1064,614,450,11,19,0,8,243,184,44,231,32,292,379,685,ITC,ITC2,2,Valle d'Aosta / Vallée d'Aoste,Valle d'Aosta,125666,51190,40.73,0.85
2766,2021-05-03,VDA,839,400,439,16,5,1,24,201,331,50,191,3,17,488,351,ITC,ITC2,2,Valle d'Aosta / Vallée d'Aoste,Valle d'Aosta,125666,52029,41.4,0.67
2767,2021-03-31,VDA,555,302,253,7,1,0,0,22,309,203,6,0,7,529,26,ITC,ITC2,2,Valle d'Aosta / Vallée d'Aoste,Valle d'Aosta,125666,52584,41.84,0.44
2768,2021-01-07,VDA,275,111,164,224,38,5,0,3,2,0,0,0,3,275,0,ITC,ITC2,2,Valle d'Aosta / Vallée d'Aoste,Valle d'Aosta,125666,52859,42.06,0.22
2769,2021-05-07,VDA,564,245,319,51,3,2,1,383,21,24,39,11,29,533,31,ITC,ITC2,2,Valle d'Aosta / Vallée d'Aoste,Valle d'Aosta,125666,53423,42.51,0.45
2770,2021-03-08,VDA,482,231,251,29,1,13,1,6,25,365,7,28,7,237,245,ITC,ITC2,2,Valle d'Aosta / Vallée d'Aoste,Valle d'Aosta,125666,53905,42.9,0.38
2771,2021-02-01,VDA,404,127,277,269,56,70,0,2,2,3,0,0,2,87,317,ITC,ITC2,2,Valle d'Aosta / Vallée d'Aoste,Valle d'Aosta,125666,54309,43.22,0.32
2772,2021-03-30,VDA,402,223,179,11,2,5,5,32,180,124,28,9,6,382,20,ITC,ITC2,2,Valle d'Aosta / Vallée d'Aoste,Valle d'Aosta,125666,54711,43.54,0.32
2773,2021-04-18,VDA,522,254,268,11,6,4,4,193,82,15,183,0,24,518,4,ITC,ITC2,2,Valle d'Aosta / Vallée d'Aoste,Valle d'Aosta,125666,55233,43.95,0.42
2774,2021-03-05,VDA,275,124,151,51,10,13,5,4,10,138,18,0,26,53,222,ITC,ITC2,2,Valle d'Aosta / Vallée d'Aoste,Valle d'Aosta,125666,55508,44.17,0.22
2775,2021-04-06,VDA,741,381,360,24,4,1,0,55,192,239,160,14,52,629,112,ITC,ITC2,2,Valle d'Aosta / Vallée d'Aoste,Valle d'Aosta,125666,56249,44.76,0.59
2776,2021-01-31,VDA,291,91,200,232,33,18,0,5,0,0,0,0,3,58,233,ITC,ITC2,2,Valle d'Aosta / Vallée d'Aoste,Valle d'Aosta,125666,56540,44.99,0.23
2777,2021-01-16,VDA,236,80,156,127,32,22,0,2,2,51,0,0,0,236,0,ITC,ITC2,2,Valle d'Aosta / Vallée d'Aoste,Valle d'Aosta,125666,56776,45.18,0.19
2778,2021-04-24,VDA,722,400,322,14,7,7,1,131,174,96,238,4,50,555,167,ITC,ITC2,2,Valle d'Aosta / Vallée d'Aoste,Valle d'Aosta,125666,57498,45.75,0.57
2779,2021-05-17,VDA,808,417,391,7,10,0,12,46,179,145,228,4,177,375,433,ITC,ITC2,2,Valle d'Aosta / Vallée d'Aoste,Valle d'Aosta,125666,58306,46.4,0.64
2780,2021-02-04,VDA,294,86,208,168,76,34,0,12,3,1,0,0,0,8,286,ITC,ITC2,2,Valle d'Aosta / Vallée d'Aoste,Valle d'Aosta,125666,58600,46.63,0.23
2781,2021-02-28,VDA,260,86,174,78,36,24,4,7,10,94,0,3,4,77,183,ITC,ITC2,2,Valle d'Aosta / Vallée d'Aoste,Valle d'Aosta,125666,58860,46.84,0.21
2782,2021-03-21,VDA,355,165,190,2,5,0,30,208,57,1,0,27,25,355,0,ITC,ITC2,2,Valle d'Aosta / Vallée d'Aoste,Valle d'Aosta,125666,59215,47.12,0.28
2783,2021-02-18,VDA,349,153,196,61,9,45,8,6,17,184,0,16,3,261,88,ITC,ITC2,2,Valle d'Aosta / Vallée d'Aoste,Valle d'Aosta,125666,59564,47.4,0.28
2784,2021-02-19,VDA,292,102,190,17,1,35,65,3,16,154,0,0,1,268,24,ITC,ITC2,2,Valle d'Aosta / Vallée d'Aoste,Valle d'Aosta,125666,59856,47.63,0.23
2785,2021-04-05,VDA,461,222,239,18,4,0,35,186,118,8,84,0,8,457,4,ITC,ITC2,2,Valle d'Aosta / Vallée d'Aoste,Valle d'Aosta,125666,60317,48.0,0.37
2786,2021-01-04,VDA,142,59,83,126,14,0,0,2,0,0,0,0,0,142,0,ITC,ITC2,2,Valle d'Aosta / Vallée d'Aoste,Valle d'Aosta,125666,60459,48.11,0.11
2787,2021-02-25,VDA,201,101,100,6,4,12,2,84,1,0,0,27,65,194,7,ITC,ITC2,2,Valle d'Aosta / Vallée d'Aoste,Valle d'Aosta,125666,60660,48.27,0.16
2788,2021-04-03,VDA,676,341,335,13,11,4,1,117,333,58,72,5,62,661,15,ITC,ITC2,2,Valle d'Aosta / Vallée d'Aoste,Valle d'Aosta,125666,61336,48.81,0.54
2789,2021-04-20,SAR,10848,4936,5912,145,97,75,31,3944,2527,2009,1953,6,61,7635,3213,ITG,ITG2,20,Sardegna,Sardegna,1639591,10848,0.66,0.66
2790,2021-05-10,SAR,9551,4244,5307,117,171,25,252,907,2235,1208,4401,142,93,7034,2517,ITG,ITG2,20,Sardegna,Sardegna,1639591,20399,1.24,0.58
2791,2021-03-29,SAR,4425,1559,2866,624,490,182,1411,22,117,1022,358,98,101,3837,588,ITG,ITG2,20,Sardegna,Sardegna,1639591,24824,1.51,0.27
2792,2021-03-15,SAR,2685,1216,1469,458,591,86,1019,7,10,325,8,170,11,2312,373,ITG,ITG2,20,Sardegna,Sardegna,1639591,27509,1.68,0.16
2793,2021-01-02,SAR,60,21,39,60,0,0,0,0,0,0,0,0,0,60,0,ITG,ITG2,20,Sardegna,Sardegna,1639591,27569,1.68,0.0
2794,2021-03-09,SAR,5150,2371,2779,1057,567,287,310,9,32,2278,16,561,33,4421,729,ITG,ITG2,20,Sardegna,Sardegna,1639591,32719,2.0,0.31
2795,2021-01-07,SAR,3111,1077,2034,2720,373,0,0,1,2,0,0,11,4,3111,0,ITG,ITG2,20,Sardegna,Sardegna,1639591,35830,2.19,0.19
2796,2021-04-23,SAR,12770,5697,7073,396,189,71,129,2323,2051,3621,3676,8,306,7364,5406,ITG,ITG2,20,Sardegna,Sardegna,1639591,48600,2.96,0.78
2797,2021-02-26,SAR,2800,1108,1692,1224,878,221,7,20,16,289,5,98,42,2494,306,ITG,ITG2,20,Sardegna,Sardegna,1639591,51400,3.13,0.17
2798,2021-02-05,SAR,1897,749,1148,1214,511,164,0,0,0,1,1,3,3,433,1464,ITG,ITG2,20,Sardegna,Sardegna,1639591,53297,3.25,0.12
2799,2021-02-23,SAR,1519,1010,509,602,387,89,0,7,6,16,0,374,38,1285,234,ITG,ITG2,20,Sardegna,Sardegna,1639591,54816,3.34,0.09
2800,2020-12-28,SAR,65,25,40,65,0,0,0,0,0,0,0,0,0,65,0,ITG,ITG2,20,Sardegna,Sardegna,1639591,54881,3.35,0.0
2801,2021-01-13,SAR,573,178,395,494,79,0,0,0,0,0,0,0,0,573,0,ITG,ITG2,20,Sardegna,Sardegna,1639591,55454,3.38,0.03
2802,2021-03-21,SAR,4030,1809,2221,64,240,1,575,14,56,2890,17,107,66,2590,1440,ITG,ITG2,20,Sardegna,Sardegna,1639591,59484,3.63,0.25
2803,2021-03-11,SAR,6035,2725,3310,1011,567,418,102,52,98,2957,120,643,67,4834,1201,ITG,ITG2,20,Sardegna,Sardegna,1639591,65519,4.0,0.37
2804,2021-03-18,SAR,7253,3069,4184,1078,315,354,63,55,639,4243,431,12,63,5650,1603,ITG,ITG2,20,Sardegna,Sardegna,1639591,72772,4.44,0.44
2805,2021-05-07,SAR,13864,6347,7517,238,123,37,207,2488,2310,1538,6762,14,147,9541,4323,ITG,ITG2,20,Sardegna,Sardegna,1639591,86636,5.28,0.85
2806,2021-01-29,SAR,2952,1067,1885,2581,366,3,0,0,0,0,0,0,2,48,2904,ITG,ITG2,20,Sardegna,Sardegna,1639591,89588,5.46,0.18
2807,2021-03-03,SAR,3857,2071,1786,1070,554,620,1,5,5,704,1,859,38,2610,1247,ITG,ITG2,20,Sardegna,Sardegna,1639591,93445,5.7,0.24
2808,2021-03-01,SAR,2162,1055,1107,1137,341,141,1,8,19,104,10,391,10,1503,659,ITG,ITG2,20,Sardegna,Sardegna,1639591,95607,5.83,0.13
2809,2021-01-22,SAR,83,47,36,45,38,0,0,0,0,0,0,0,0,55,28,ITG,ITG2,20,Sardegna,Sardegna,1639591,95690,5.84,0.01
2810,2021-02-17,SAR,1407,577,830,690,338,313,0,1,0,0,1,33,31,1333,74,ITG,ITG2,20,Sardegna,Sardegna,1639591,97097,5.92,0.09
2811,2021-02-16,SAR,700,289,411,376,211,112,0,0,0,0,0,0,1,673,27,ITG,ITG2,20,Sardegna,Sardegna,1639591,97797,5.96,0.04
2812,2021-03-10,SAR,6010,2917,3093,719,497,414,335,14,85,2987,29,902,28,5160,850,ITG,ITG2,20,Sardegna,Sardegna,1639591,103807,6.33,0.37
2813,2021-03-31,SAR,10147,4047,6100,396,575,230,1380,148,701,5011,1488,33,185,7700,2447,ITG,ITG2,20,Sardegna,Sardegna,1639591,113954,6.95,0.62
2814,2021-04-17,SAR,10060,4492,5568,299,90,109,24,1698,2720,3719,1226,3,172,5463,4597,ITG,ITG2,20,Sardegna,Sardegna,1639591,124014,7.56,0.61
2815,2021-01-09,SAR,4026,1417,2609,3182,832,0,0,3,1,1,0,0,7,4026,0,ITG,ITG2,20,Sardegna,Sardegna,1639591,128040,7.81,0.25
2816,2021-03-06,SAR,2639,1079,1560,1108,886,469,36,3,10,24,2,79,22,858,1781,ITG,ITG2,20,Sardegna,Sardegna,1639591,130679,7.97,0.16
2817,2021-04-22,SAR,10419,4611,5808,220,121,76,36,2641,1574,2895,2622,7,227,5503,4916,ITG,ITG2,20,Sardegna,Sardegna,1639591,141098,8.61,0.64
2818,2021-04-27,SAR,7596,3542,4054,164,68,51,42,532,891,1608,4100,2,138,5557,2039,ITG,ITG2,20,Sardegna,Sardegna,1639591,148694,9.07,0.46
2819,2021-04-13,SAR,7603,3592,4011,216,62,45,15,489,3662,1493,1441,144,36,5778,1825,ITG,ITG2,20,Sardegna,Sardegna,1639591,156297,9.53,0.46
2820,2021-02-21,SAR,1589,710,879,67,28,59,0,0,7,1422,0,6,0,1559,30,ITG,ITG2,20,Sardegna,Sardegna,1639591,157886,9.63,0.1
2821,2021-05-17,SAR,11493,5391,6102,185,125,6,38,974,1214,463,4327,475,3686,8770,2723,ITG,ITG2,20,Sardegna,Sardegna,1639591,169379,10.33,0.7
2822,2021-02-28,SAR,368,169,199,245,76,47,0,0,0,0,0,0,0,142,226,ITG,ITG2,20,Sardegna,Sardegna,1639591,169747,10.35,0.02
2823,2021-01-26,SAR,1336,453,883,1296,39,0,1,0,0,0,0,0,0,27,1309,ITG,ITG2,20,Sardegna,Sardegna,1639591,171083,10.43,0.08
2824,2021-02-09,SAR,2286,837,1449,1308,471,497,1,4,0,1,2,0,2,1290,996,ITG,ITG2,20,Sardegna,Sardegna,1639591,173369,10.57,0.14
2825,2021-01-31,SAR,2121,750,1371,1544,555,0,0,6,0,1,1,0,14,48,2073,ITG,ITG2,20,Sardegna,Sardegna,1639591,175490,10.7,0.13
2826,2021-01-16,SAR,1492,525,967,1282,207,0,1,1,1,0,0,0,0,1492,0,ITG,ITG2,20,Sardegna,Sardegna,1639591,176982,10.79,0.09
2827,2021-04-25,SAR,4441,2242,2199,41,4,0,3,1361,981,719,1311,1,20,3662,779,ITG,ITG2,20,Sardegna,Sardegna,1639591,181423,11.07,0.27
2828,2021-03-20,SAR,5193,2073,3120,692,307,127,855,20,91,2744,206,105,46,2916,2277,ITG,ITG2,20,Sardegna,Sardegna,1639591,186616,11.38,0.32
2829,2021-03-28,SAR,4619,1814,2805,83,42,23,681,49,131,3276,216,13,105,4540,79,ITG,ITG2,20,Sardegna,Sardegna,1639591,191235,11.66,0.28
2830,2021-02-24,SAR,2411,1292,1119,1193,521,301,0,6,2,7,0,366,15,2222,189,ITG,ITG2,20,Sardegna,Sardegna,1639591,193646,11.81,0.15
2831,2021-04-06,SAR,7445,3113,4332,657,252,226,456,102,1847,2833,597,35,440,5018,2427,ITG,ITG2,20,Sardegna,Sardegna,1639591,201091,12.26,0.45
2832,2021-05-14,SAR,13131,5994,7137,572,141,33,163,1173,896,515,7477,381,1780,10266,2865,ITG,ITG2,20,Sardegna,Sardegna,1639591,214222,13.07,0.8
2833,2021-01-17,SAR,860,277,583,747,113,0,0,0,0,0,0,0,0,859,1,ITG,ITG2,20,Sardegna,Sardegna,1639591,215082,13.12,0.05
2834,2021-05-13,SAR,10461,4821,5640,150,252,31,113,2657,839,788,5341,102,188,7530,2931,ITG,ITG2,20,Sardegna,Sardegna,1639591,225543,13.76,0.64
2835,2021-03-19,SAR,7265,3047,4218,1315,773,222,10,141,581,3510,325,247,141,5052,2213,ITG,ITG2,20,Sardegna,Sardegna,1639591,232808,14.2,0.44
2836,2021-04-26,SAR,6815,3261,3554,57,84,24,7,2323,1341,823,2116,4,36,5940,875,ITG,ITG2,20,Sardegna,Sardegna,1639591,239623,14.61,0.42
2837,2021-04-01,SAR,10100,4026,6074,462,377,210,1257,169,896,4690,1536,203,300,7087,3013,ITG,ITG2,20,Sardegna,Sardegna,1639591,249723,15.23,0.62
2838,2021-03-05,SAR,5034,2444,2590,1694,1153,669,10,29,14,647,15,747,56,2681,2353,ITG,ITG2,20,Sardegna,Sardegna,1639591,254757,15.54,0.31
2839,2021-05-16,SAR,7991,3737,4254,253,38,2,41,1691,1065,1030,2834,257,780,5832,2159,ITG,ITG2,20,Sardegna,Sardegna,1639591,262748,16.03,0.49
2840,2021-04-12,SAR,6990,3179,3811,89,83,44,11,599,2826,2208,1004,30,96,5276,1714,ITG,ITG2,20,Sardegna,Sardegna,1639591,269738,16.45,0.43
2841,2021-04-30,SAR,10735,5113,5622,383,164,18,207,788,977,1459,6238,334,167,6676,4059,ITG,ITG2,20,Sardegna,Sardegna,1639591,280473,17.11,0.65
2842,2021-03-08,SAR,4005,1787,2218,740,1027,650,153,8,8,854,46,505,14,2785,1220,ITG,ITG2,20,Sardegna,Sardegna,1639591,284478,17.35,0.24
2843,2021-05-02,SAR,5857,2655,3202,82,58,1,54,693,967,507,3326,13,156,5275,582,ITG,ITG2,20,Sardegna,Sardegna,1639591,290335,17.71,0.36
2844,2021-01-11,SAR,1183,505,678,656,525,0,0,0,0,1,0,0,1,1183,0,ITG,ITG2,20,Sardegna,Sardegna,1639591,291518,17.78,0.07
2845,2021-01-25,SAR,588,212,376,553,34,0,0,0,0,0,0,0,1,22,566,ITG,ITG2,20,Sardegna,Sardegna,1639591,292106,17.82,0.04
2846,2021-04-09,SAR,12193,5403,6790,437,257,39,163,442,3512,4893,2195,37,218,7842,4351,ITG,ITG2,20,Sardegna,Sardegna,1639591,304299,18.56,0.74
2847,2021-02-12,SAR,2237,933,1304,986,720,501,0,4,0,1,4,0,21,2178,59,ITG,ITG2,20,Sardegna,Sardegna,1639591,306536,18.7,0.14
2848,2021-04-11,SAR,5393,2442,2951,62,16,1,20,26,3235,1862,150,9,12,4273,1120,ITG,ITG2,20,Sardegna,Sardegna,1639591,311929,19.02,0.33
2849,2021-01-15,SAR,1563,573,990,1170,384,0,0,0,0,0,6,3,0,1563,0,ITG,ITG2,20,Sardegna,Sardegna,1639591,313492,19.12,0.1
2850,2021-01-14,SAR,1105,426,679,885,220,0,0,0,0,0,0,0,0,1105,0,ITG,ITG2,20,Sardegna,Sardegna,1639591,314597,19.19,0.07
2851,2021-01-23,SAR,60,22,38,60,0,0,0,0,0,0,0,0,0,0,60,ITG,ITG2,20,Sardegna,Sardegna,1639591,314657,19.19,0.0
2852,2021-01-12,SAR,865,408,457,504,361,0,0,0,0,0,0,0,0,865,0,ITG,ITG2,20,Sardegna,Sardegna,1639591,315522,19.24,0.05
2853,2021-03-07,SAR,1657,750,907,321,230,78,2,5,1,1012,1,0,7,1117,540,ITG,ITG2,20,Sardegna,Sardegna,1639591,317179,19.35,0.1
2854,2021-03-02,SAR,2865,1459,1406,1067,608,381,2,8,10,324,1,461,3,1712,1153,ITG,ITG2,20,Sardegna,Sardegna,1639591,320044,19.52,0.17
2855,2021-04-07,SAR,13474,5985,7489,674,443,257,352,188,3340,5610,2365,72,173,7826,5648,ITG,ITG2,20,Sardegna,Sardegna,1639591,333518,20.34,0.82
2856,2021-02-11,SAR,1315,490,825,588,266,369,0,31,1,3,0,0,57,1204,111,ITG,ITG2,20,Sardegna,Sardegna,1639591,334833,20.42,0.08
2857,2021-04-14,SAR,8232,3893,4339,145,34,96,17,485,4922,845,1632,1,55,6995,1237,ITG,ITG2,20,Sardegna,Sardegna,1639591,343065,20.92,0.5
2858,2021-03-25,SAR,8791,3702,5089,815,312,189,1562,157,455,3870,947,343,141,7487,1304,ITG,ITG2,20,Sardegna,Sardegna,1639591,351856,21.46,0.54
2859,2021-02-15,SAR,958,349,609,440,231,279,0,2,0,0,3,0,3,927,31,ITG,ITG2,20,Sardegna,Sardegna,1639591,352814,21.52,0.06
2860,2021-05-15,SAR,13062,6120,6942,117,65,30,88,2756,1056,615,6730,341,1264,9748,3314,ITG,ITG2,20,Sardegna,Sardegna,1639591,365876,22.32,0.8
2861,2021-02-10,SAR,1959,765,1194,1169,299,488,1,0,1,0,0,0,1,1441,518,ITG,ITG2,20,Sardegna,Sardegna,1639591,367835,22.43,0.12
2862,2021-02-20,SAR,2041,855,1186,484,150,195,1,2,4,1204,0,0,1,1707,334,ITG,ITG2,20,Sardegna,Sardegna,1639591,369876,22.56,0.12
2863,2021-03-13,SAR,2751,1072,1679,274,142,240,132,13,101,1765,22,44,18,2470,281,ITG,ITG2,20,Sardegna,Sardegna,1639591,372627,22.73,0.17
2864,2021-03-27,SAR,5712,2174,3538,331,322,217,1309,31,188,2635,507,83,89,5290,422,ITG,ITG2,20,Sardegna,Sardegna,1639591,378339,23.08,0.35
2865,2021-03-23,SAR,6153,2638,3515,1109,317,283,1140,34,166,2312,617,95,80,5075,1078,ITG,ITG2,20,Sardegna,Sardegna,1639591,384492,23.45,0.38
2866,2020-12-27,SAR,65,34,31,65,0,0,0,0,0,0,0,0,0,65,0,ITG,ITG2,20,Sardegna,Sardegna,1639591,384557,23.45,0.0
2867,2021-01-27,SAR,1409,494,915,1304,103,0,0,0,0,0,0,0,2,79,1330,ITG,ITG2,20,Sardegna,Sardegna,1639591,385966,23.54,0.09
2868,2021-02-02,SAR,1482,655,827,988,475,0,0,0,0,0,0,0,19,241,1241,ITG,ITG2,20,Sardegna,Sardegna,1639591,387448,23.63,0.09
2869,2021-01-20,SAR,210,77,133,154,56,0,0,0,0,0,0,0,0,208,2,ITG,ITG2,20,Sardegna,Sardegna,1639591,387658,23.64,0.01
2870,2021-05-09,SAR,6122,2871,3251,55,43,13,55,1609,932,630,2597,6,182,5192,930,ITG,ITG2,20,Sardegna,Sardegna,1639591,393780,24.02,0.37
2871,2021-01-05,SAR,1327,446,881,1283,40,0,0,1,0,0,0,0,3,1327,0,ITG,ITG2,20,Sardegna,Sardegna,1639591,395107,24.1,0.08
2872,2021-04-03,SAR,4531,1744,2787,181,275,153,425,54,431,2684,209,23,96,2694,1837,ITG,ITG2,20,Sardegna,Sardegna,1639591,399638,24.37,0.28
2873,2021-04-18,SAR,5155,2239,2916,48,6,0,3,863,323,3472,418,11,11,2287,2868,ITG,ITG2,20,Sardegna,Sardegna,1639591,404793,24.69,0.31
2874,2021-03-14,SAR,607,376,231,34,210,0,12,2,1,252,0,87,9,607,0,ITG,ITG2,20,Sardegna,Sardegna,1639591,405400,24.73,0.04
2875,2021-04-21,SAR,12066,5552,6514,151,63,101,41,2751,1974,4296,2555,8,126,6535,5531,ITG,ITG2,20,Sardegna,Sardegna,1639591,417466,25.46,0.74
2876,2021-04-08,SAR,13424,5922,7502,715,198,77,288,393,2924,4981,3634,41,173,8307,5117,ITG,ITG2,20,Sardegna,Sardegna,1639591,430890,26.28,0.82
2877,2021-03-17,SAR,6556,2849,3707,1077,529,528,128,80,443,3343,369,5,54,4949,1607,ITG,ITG2,20,Sardegna,Sardegna,1639591,437446,26.68,0.4
2878,2021-04-24,SAR,10359,4848,5511,110,55,58,41,1959,1938,2281,3737,2,178,8018,2341,ITG,ITG2,20,Sardegna,Sardegna,1639591,447805,27.31,0.63
2879,2021-05-05,SAR,9895,4518,5377,242,192,81,12,768,3493,752,4116,17,222,7889,2006,ITG,ITG2,20,Sardegna,Sardegna,1639591,457700,27.92,0.6
2880,2021-01-28,SAR,2968,1044,1924,2554,400,0,0,1,0,0,0,11,2,69,2899,ITG,ITG2,20,Sardegna,Sardegna,1639591,460668,28.1,0.18
2881,2021-01-10,SAR,2183,750,1433,1632,548,0,0,0,0,0,0,0,3,2183,0,ITG,ITG2,20,Sardegna,Sardegna,1639591,462851,28.23,0.13
2882,2021-01-08,SAR,3258,1184,2074,2930,323,0,0,0,0,2,1,0,2,3258,0,ITG,ITG2,20,Sardegna,Sardegna,1639591,466109,28.43,0.2
2883,2021-02-18,SAR,1878,732,1146,1074,344,298,110,4,0,1,1,33,13,1814,64,ITG,ITG2,20,Sardegna,Sardegna,1639591,467987,28.54,0.11
2884,2021-02-27,SAR,1921,647,1274,1055,315,306,0,15,2,178,3,0,47,1366,555,ITG,ITG2,20,Sardegna,Sardegna,1639591,469908,28.66,0.12
2885,2021-05-11,SAR,8557,3945,4612,255,98,60,123,1170,2298,690,3630,23,210,6227,2330,ITG,ITG2,20,Sardegna,Sardegna,1639591,478465,29.18,0.52
2886,2021-04-04,SAR,1,0,1,0,0,0,0,0,0,1,0,0,0,0,1,ITG,ITG2,20,Sardegna,Sardegna,1639591,478466,29.18,0.0
2887,2021-02-04,SAR,2271,816,1455,1737,360,170,0,1,1,1,1,0,0,916,1355,ITG,ITG2,20,Sardegna,Sardegna,1639591,480737,29.32,0.14
2888,2021-02-19,SAR,1499,473,1026,677,390,388,0,4,4,1,13,1,21,1443,56,ITG,ITG2,20,Sardegna,Sardegna,1639591,482236,29.41,0.09
2889,2021-04-05,SAR,2036,784,1252,55,150,0,694,93,395,150,123,22,354,2035,1,ITG,ITG2,20,Sardegna,Sardegna,1639591,484272,29.54,0.12
2890,2020-12-29,SAR,57,32,25,56,1,0,0,0,0,0,0,0,0,57,0,ITG,ITG2,20,Sardegna,Sardegna,1639591,484329,29.54,0.0
2891,2021-05-03,SAR,8174,3813,4361,215,123,26,16,933,1254,743,4726,78,60,6577,1597,ITG,ITG2,20,Sardegna,Sardegna,1639591,492503,30.04,0.5
2892,2021-03-16,SAR,4374,1949,2425,663,224,352,8,36,163,2549,337,1,41,3452,922,ITG,ITG2,20,Sardegna,Sardegna,1639591,496877,30.3,0.27
2893,2021-04-28,SAR,8724,4118,4606,112,89,48,11,1014,1415,2161,3786,4,84,5032,3692,ITG,ITG2,20,Sardegna,Sardegna,1639591,505601,30.84,0.53
2894,2021-02-14,SAR,539,263,276,284,188,57,0,2,0,3,1,0,4,537,2,ITG,ITG2,20,Sardegna,Sardegna,1639591,506140,30.87,0.03
2895,2021-03-26,SAR,8087,3178,4909,845,567,414,1523,140,466,2761,1002,227,142,6562,1525,ITG,ITG2,20,Sardegna,Sardegna,1639591,514227,31.36,0.49
2896,2021-02-25,SAR,2899,1255,1644,1474,611,466,9,6,2,242,2,74,13,2294,605,ITG,ITG2,20,Sardegna,Sardegna,1639591,517126,31.54,0.18
2897,2021-01-06,SAR,1615,549,1066,1510,99,0,0,0,0,1,0,0,5,1615,0,ITG,ITG2,20,Sardegna,Sardegna,1639591,518741,31.64,0.1
2898,2021-03-12,SAR,5756,2408,3348,1048,766,464,159,33,56,2573,84,468,105,4448,1308,ITG,ITG2,20,Sardegna,Sardegna,1639591,524497,31.99,0.35
2899,2021-01-04,SAR,592,217,375,565,20,0,0,0,0,1,1,0,5,592,0,ITG,ITG2,20,Sardegna,Sardegna,1639591,525089,32.03,0.04
2900,2021-02-07,SAR,1116,394,722,975,141,0,0,0,0,0,0,0,0,228,888,ITG,ITG2,20,Sardegna,Sardegna,1639591,526205,32.09,0.07
2901,2021-02-01,SAR,1524,605,919,896,551,77,0,0,0,0,0,0,0,225,1299,ITG,ITG2,20,Sardegna,Sardegna,1639591,527729,32.19,0.09
2902,2020-12-31,SAR,32,16,16,28,4,0,0,0,0,0,0,0,0,32,0,ITG,ITG2,20,Sardegna,Sardegna,1639591,527761,32.19,0.0
2903,2021-01-19,SAR,747,270,477,423,163,160,1,0,0,0,0,0,0,692,55,ITG,ITG2,20,Sardegna,Sardegna,1639591,528508,32.23,0.05
2904,2021-01-18,SAR,904,326,578,714,188,0,0,0,0,0,0,1,1,780,124,ITG,ITG2,20,Sardegna,Sardegna,1639591,529412,32.29,0.06
2905,2021-01-03,SAR,90,36,54,89,1,0,0,0,0,0,0,0,0,90,0,ITG,ITG2,20,Sardegna,Sardegna,1639591,529502,32.29,0.01
2906,2021-05-04,SAR,9528,4382,5146,344,182,13,14,1556,2060,586,4659,23,91,7675,1853,ITG,ITG2,20,Sardegna,Sardegna,1639591,539030,32.88,0.58
2907,2021-02-03,SAR,1119,419,700,920,169,19,0,1,0,0,0,0,10,426,693,ITG,ITG2,20,Sardegna,Sardegna,1639591,540149,32.94,0.07
2908,2021-03-30,SAR,8630,3454,5176,652,514,237,1453,104,894,3361,1259,60,96,6358,2272,ITG,ITG2,20,Sardegna,Sardegna,1639591,548779,33.47,0.53
2909,2021-01-30,SAR,3862,1392,2470,2987,873,0,0,0,0,1,0,0,1,362,3500,ITG,ITG2,20,Sardegna,Sardegna,1639591,552641,33.71,0.24
2910,2021-01-21,SAR,126,60,66,60,66,0,0,0,0,0,0,0,0,94,32,ITG,ITG2,20,Sardegna,Sardegna,1639591,552767,33.71,0.01
2911,2021-04-02,SAR,8987,3547,5440,533,694,177,1309,96,803,4222,920,71,162,5745,3242,ITG,ITG2,20,Sardegna,Sardegna,1639591,561754,34.26,0.55
2912,2021-01-24,SAR,90,34,56,89,1,0,0,0,0,0,0,0,0,5,85,ITG,ITG2,20,Sardegna,Sardegna,1639591,561844,34.27,0.01
2913,2021-03-22,SAR,3549,1362,2187,839,344,109,1136,15,42,784,153,105,22,3036,513,ITG,ITG2,20,Sardegna,Sardegna,1639591,565393,34.48,0.22
2914,2021-02-06,SAR,1970,697,1273,1544,284,139,1,0,1,0,0,0,1,569,1401,ITG,ITG2,20,Sardegna,Sardegna,1639591,567363,34.6,0.12
2915,2021-02-13,SAR,1456,565,891,732,433,256,5,4,3,1,1,0,21,1454,2,ITG,ITG2,20,Sardegna,Sardegna,1639591,568819,34.69,0.09
2916,2021-05-01,SAR,9721,4674,5047,116,39,10,5,509,1365,2792,4767,8,110,5376,4345,ITG,ITG2,20,Sardegna,Sardegna,1639591,578540,35.29,0.59
2917,2021-04-16,SAR,14442,6489,7953,477,159,107,27,2161,4365,4317,2691,19,119,9099,5343,ITG,ITG2,20,Sardegna,Sardegna,1639591,592982,36.17,0.88
2918,2021-03-24,SAR,7286,2998,4288,739,254,397,1059,58,400,3165,789,330,95,5927,1359,ITG,ITG2,20,Sardegna,Sardegna,1639591,600268,36.61,0.44
2919,2021-04-10,SAR,10336,4662,5674,153,110,11,218,600,4670,3601,805,11,157,8401,1935,ITG,ITG2,20,Sardegna,Sardegna,1639591,610604,37.24,0.63
2920,2021-02-08,SAR,1470,533,937,998,337,126,0,1,0,1,1,1,5,856,614,ITG,ITG2,20,Sardegna,Sardegna,1639591,612074,37.33,0.09
2921,2021-01-01,SAR,32,17,15,30,0,0,0,0,0,0,2,0,0,32,0,ITG,ITG2,20,Sardegna,Sardegna,1639591,612106,37.33,0.0
2922,2021-05-08,SAR,12622,5809,6813,105,85,8,238,2823,1908,1080,6027,12,336,10477,2145,ITG,ITG2,20,Sardegna,Sardegna,1639591,624728,38.1,0.77
2923,2021-05-06,SAR,12146,5618,6528,268,126,69,116,2751,1362,1246,6005,48,155,9139,3007,ITG,ITG2,20,Sardegna,Sardegna,1639591,636874,38.84,0.74
2924,2021-04-19,SAR,10176,4612,5564,186,75,88,43,3704,3201,1418,1424,6,31,8759,1417,ITG,ITG2,20,Sardegna,Sardegna,1639591,647050,39.46,0.62
2925,2021-02-22,SAR,1639,949,690,606,294,190,0,6,3,5,11,517,7,1411,228,ITG,ITG2,20,Sardegna,Sardegna,1639591,648689,39.56,0.1
2926,2021-03-04,SAR,4002,1953,2049,987,552,542,42,44,18,1153,1,581,82,2747,1255,ITG,ITG2,20,Sardegna,Sardegna,1639591,652691,39.81,0.24
2927,2021-05-12,SAR,10155,4564,5591,196,161,35,348,1551,1746,1203,4483,174,258,7089,3066,ITG,ITG2,20,Sardegna,Sardegna,1639591,662846,40.43,0.62
2928,2021-05-18,SAR,8212,3992,4220,105,42,5,31,1187,643,264,2911,175,2849,5382,2830,ITG,ITG2,20,Sardegna,Sardegna,1639591,671058,40.93,0.5
2929,2021-04-15,SAR,11784,5509,6275,271,93,135,20,1055,4003,3897,2147,29,134,6835,4949,ITG,ITG2,20,Sardegna,Sardegna,1639591,682842,41.65,0.72
2930,2021-04-29,SAR,10720,4949,5771,237,94,57,21,975,1243,1501,6426,5,161,6553,4167,ITG,ITG2,20,Sardegna,Sardegna,1639591,693562,42.3,0.65
